%% MATPOWER Case Format : Version 2
function mpc = RTS_GMLC
mpc.version = '2';

%%-----  Power Flow Data  -----%%
%% system MVA base
mpc.baseMVA = 100.0;
%% bus data
%    bus_i    type    Pd    Qd    Gs    Bs    area    Vm    Va    baseKV    zone    Vmax    Vmin
mpc.bus = [
	101	2	66.27758536421054	13.50098961122807	0.0	0.0	1	1.0323988220574216	0.9615687238049299	138.0	11	1.05	0.95				
	102	2	59.5270905585965	12.273626919298247	0.0	0.0	1	1.0324342163339686	0.9117481940617735	138.0	12	1.05	0.95				
	103	1	110.46264227368421	22.706209800701753	0.0	0.0	1	1.0239465897745734	-0.36114473152558657	138.0	11	1.05	0.95				
	104	1	45.412419601403506	9.205220189473684	0.0	0.0	1	1.018155020396989	-2.3850321969534694	138.0	11	1.05	0.95				
	105	1	43.571375563508774	8.591538843508772	0.0	0.0	1	1.0327938290966356	-2.3148916029399103	138.0	11	1.05	0.95				
	106	1	83.46066305122808	17.183077687017544	0.0	-100.0	1	1.039880983244495	-4.712512211757597	138.0	12	1.05	0.95				
	107	2	76.71016824561404	15.342033649122808	0.0	0.0	1	1.0410545029954945	-2.920712389050619	138.0	12	1.05	0.95				
	108	1	104.93951016	21.47884710877193	0.0	0.0	1	1.0243382938387975	-4.921979163750852	138.0	12	1.05	0.95				
	109	1	107.39423554385965	22.092528454736843	0.0	0.0	1	1.026041952724637	-2.5984684923588155	138.0	13	1.05	0.95				
	110	1	119.6678624631579	24.547253838596493	0.0	0.0	1	1.05	-3.698891378938052	138.0	13	1.05	0.95				
	111	1	0.0	0.0	0.0	0.0	1	1.0086728119958792	-0.4995819204489212	230.0	13	1.05	0.95				
	112	1	0.0	0.0	0.0	0.0	1	1.01320132074491	-0.015935958966456238	230.0	13	1.05	0.95				
	113	3	162.62555668070175	33.13879268210527	0.0	0.0	1	1.0051360003435614	-1.3975630419090363e-29	230.0	14	1.05	0.95				
	114	2	119.054181117193	23.93357249263158	0.0	0.0	1	1.0076430310858846	1.8078536408447887	230.0	16	1.05	0.95				
	115	2	194.5369866708772	39.27560614175439	0.0	0.0	1	1.0427834134645753	9.330426107965515	230.0	16	1.05	0.95				
	116	2	61.36813459649123	12.273626919298247	0.0	0.0	1	1.0399694832148805	8.696069141379743	230.0	16	1.05	0.95				
	117	1	0.0	0.0	0.0	0.0	1	1.0440508675359694	11.670689410671953	230.0	17	1.05	0.95				
	118	2	204.3558882063158	41.73033152561404	0.0	0.0	1	1.047362722503752	11.737496364687582	230.0	17	1.05	0.95				
	119	1	111.07632361964912	22.706209800701753	0.0	0.0	1	1.0334876754687594	7.100165346799048	230.0	15	1.05	0.95				
	120	1	78.55121228350878	15.95571499508772	0.0	0.0	1	1.0332070319461444	6.879885034999254	230.0	15	1.05	0.95				
	121	2	0.0	0.0	0.0	0.0	1	1.05	12.868695759898714	230.0	17	1.05	0.95				
	122	2	0.0	0.0	0.0	0.0	1	1.05	23.255412322975527	230.0	17	1.05	0.95				
	123	2	0.0	0.0	0.0	0.0	1	1.034423464191525	7.22022456859375	230.0	15	1.05	0.95				
	124	1	0.0	0.0	0.0	0.0	1	1.023583340521202	5.731937173418543	230.0	16	1.05	0.95				
	201	2	70.82134423578947	14.426570122105261	0.0	0.0	2	1.034043236980143	-12.34234933083744	138.0	21	1.05	0.95				
	202	2	63.608059174736844	13.115063747368422	0.0	0.0	2	1.0341743996789017	-12.454230102032525	138.0	22	1.05	0.95				
	203	1	118.03557372631579	24.262867932631575	0.0	0.0	2	1.0246160365265125	-8.833365787623912	138.0	21	1.05	0.95				
	204	1	48.52573586526315	9.836297810526315	0.0	0.0	2	1.0174647468106046	-14.47425269513367	138.0	21	1.05	0.95				
	205	1	46.55847630315789	9.180544623157894	0.0	0.0	2	1.0335083402737828	-14.907479571477708	138.0	21	1.05	0.95				
	206	1	89.18243348210527	18.36108924631579	0.0	-100.0	2	1.0395803955003295	-16.968788777802555	138.0	22	1.05	0.95				
	207	2	81.96914842105262	16.393829684210527	0.0	0.0	2	0.9800928007803855	-26.776010551104946	138.0	22	1.05	0.95				
	208	1	112.13379503999998	22.951361557894735	0.0	0.0	2	0.9810434815435045	-23.581043630563556	138.0	22	1.05	0.95				
	209	1	114.75680778947368	23.607114745263154	0.0	0.0	2	1.024123519698072	-13.467774195336382	138.0	23	1.05	0.95				
	210	1	127.8718715368421	26.230127494736845	0.0	0.0	2	1.05	-15.44138075986641	138.0	23	1.05	0.95				
	211	1	0.0	0.0	0.0	0.0	2	1.0205330345706647	-9.77435961517164	230.0	23	1.05	0.95				
	212	1	0.0	0.0	0.0	0.0	2	1.0172113836316456	-8.858151332666157	230.0	23	1.05	0.95				
	213	2	173.77459465263158	35.410672117894734	0.0	0.0	2	1.0238381791961675	-8.126311879185701	230.0	24	1.05	0.95				
	214	2	127.21611834947369	25.57437430736842	0.0	0.0	2	1.0333500868568017	-6.6075981770061585	230.0	26	1.05	0.95				
	215	2	207.87376039578947	41.968203991578946	0.0	0.0	2	1.041973762941517	2.1787342951329145	230.0	26	1.05	0.95				
	216	2	65.5753187368421	13.115063747368422	0.0	0.0	2	1.0448278013764947	1.8788431277069058	230.0	26	1.05	0.95				
	217	1	0.0	0.0	0.0	0.0	2	1.0465057844972345	5.34797103985947	230.0	27	1.05	0.95				
	218	2	218.3658113936842	44.591216741052634	0.0	0.0	2	1.0487948960412388	5.9629361887552115	230.0	27	1.05	0.95				
	219	1	118.69132691368421	24.262867932631575	0.0	0.0	2	1.042704488913915	1.0467808272331558	230.0	25	1.05	0.95				
	220	1	83.93640798315789	17.04958287157895	0.0	0.0	2	1.046324505268435	1.5544450941733214	230.0	25	1.05	0.95				
	221	2	0.0	0.0	0.0	0.0	2	1.0492372556133354	6.0284509858364785	230.0	27	1.05	0.95				
	222	2	0.0	0.0	0.0	0.0	2	1.05	12.272385385665386	230.0	27	1.05	0.95				
	223	2	0.0	0.0	0.0	0.0	2	1.05	2.3101228477902644	230.0	25	1.05	0.95				
	224	1	0.0	0.0	0.0	0.0	2	1.021718394068613	-1.9196447967953167	230.0	26	1.05	0.95				
	301	2	62.08035430736841	12.645998099649121	0.0	0.0	3	1.0140537055157115	-11.81847028716707	138.0	31	1.05	0.95				
	302	2	55.75735525754385	11.496361908771929	0.0	0.0	3	1.0126838694138631	-12.211830174382229	138.0	32	1.05	0.95				
	303	1	103.46725717894736	21.268269531228068	0.0	0.0	3	1.05	4.08364327266893	138.0	31	1.05	0.95				
	304	1	42.536539062456136	8.622271431578946	0.0	0.0	3	1.0080533448383755	-10.724413132485576	138.0	31	1.05	0.95				
	305	1	40.812084776140345	8.04745333614035	0.0	0.0	3	1.0247440444858273	-12.804864094380195	138.0	31	1.05	0.95				
	306	1	78.17526097964912	16.0949066722807	0.0	-100.0	3	1.0372704318809969	-14.008349147578954	138.0	32	1.05	0.95				
	307	2	71.85226192982455	14.37045238596491	0.0	0.0	3	0.9909019413278588	-20.261185899863026	138.0	32	1.05	0.95				
	308	1	98.29389431999999	20.118633340350872	0.0	0.0	3	0.9908651242928903	-17.508574518245073	138.0	32	1.05	0.95				
	309	1	100.59316670175437	20.69345143578947	0.0	0.0	3	1.0235743580180325	-7.142793694142621	138.0	33	1.05	0.95				
	310	1	112.0895286105263	22.992723817543858	0.0	0.0	3	1.05	-11.948986706533288	138.0	33	1.05	0.95				
	311	1	0.0	0.0	0.0	0.0	3	1.017765626426706	-6.023805167478729	230.0	33	1.05	0.95				
	312	1	0.0	0.0	0.0	0.0	3	1.0184663555582611	-5.459644623792563	230.0	33	1.05	0.95				
	313	2	152.32679529122802	31.040177153684205	0.0	0.0	3	1.0211984676392487	-3.2391372163349144	230.0	34	1.05	0.95				
	314	2	111.5147105150877	22.41790572210526	0.0	0.0	3	1.0247665575449678	-4.921718240255888	230.0	36	1.05	0.95				
	315	2	182.21733625403508	36.78835810807017	0.0	0.0	3	1.045825082041627	0.5041611886443915	230.0	36	1.05	0.95				
	316	2	57.48180954385964	11.496361908771929	0.0	0.0	3	1.04378914365229	0.12938172599397268	230.0	36	1.05	0.95				
	317	1	0.0	0.0	0.0	0.0	3	1.047585441520948	1.7738109999635572	230.0	37	1.05	0.95				
	318	2	191.4144257810526	39.08763048982456	0.0	0.0	3	1.047234557013283	1.660392865782029	230.0	37	1.05	0.95				
	319	1	104.04207527438597	21.268269531228068	0.0	0.0	3	1.0379518367219887	-1.053304094770243	230.0	35	1.05	0.95				
	320	1	73.57671621614034	14.945270481403508	0.0	0.0	3	1.037545813028242	-0.9943702355616296	230.0	35	1.05	0.95				
	321	2	0.0	0.0	0.0	0.0	3	1.0494923920044095	2.7717171563809044	230.0	37	1.05	0.95				
	322	2	0.0	0.0	0.0	0.0	3	1.05	6.7235203915479	230.0	37	1.05	0.95				
	323	2	0.0	0.0	0.0	0.0	3	1.0385387598584142	-0.5322772550837364	230.0	35	1.05	0.95				
	324	1	0.0	0.0	0.0	0.0	3	1.0445134024075888	1.8772761463624228	230.0	36	1.05	0.95				
	325	1	0.0	0.0	0.0	0.0	3	1.035858196521484	0.587647223861376	230.0	35	1.05	0.95				
];
