%% MATPOWER Case Format : Version 2
function mpc = RTS_GMLC
mpc.version = '2';

%%-----  Power Flow Data  -----%%
%% system MVA base
mpc.baseMVA = 100.0;
%% bus data
%    bus_i    type    Pd    Qd    Gs    Bs    area    Vm    Va    baseKV    zone    Vmax    Vmin
mpc.bus = [
	101	2	38.46264226105263	7.834982682807018	0.0	0.0	1	1.0345167923016934	3.1100342569106765	138.0	11	1.05	0.95				
	102	2	34.54515091964912	7.122711529824562	0.0	0.0	1	1.0336471836521797	2.87015045091746	138.0	12	1.05	0.95				
	103	1	64.10440376842107	13.177016330175439	0.0	0.0	1	1.0282170333631575	0.8263545751133806	138.0	11	1.05	0.95				
	104	1	26.354032660350878	5.342033647368421	0.0	0.0	1	1.0226541331178312	-0.206172284072337	138.0	11	1.05	0.95				
	105	1	25.285625930877192	4.985898070877194	0.0	0.0	1	1.0373816197823804	0.08767029383468027	138.0	11	1.05	0.95				
	106	1	48.434438402807025	9.971796141754387	0.0	-100.0	1	1.0476373141252564	-2.019553916349055	138.0	12	1.05	0.95				
	107	2	44.51694706140351	8.903389412280701	0.0	0.0	1	1.0014319753091714	-6.736561496448024	138.0	12	1.05	0.95				
	108	1	60.89918357999999	12.464745177192981	0.0	0.0	1	1.007400777131293	-5.656986139133254	138.0	12	1.05	0.95				
	109	1	62.32372588596491	12.82088075368421	0.0	0.0	1	1.0241549895082687	-1.2791562145269637	138.0	13	1.05	0.95				
	110	1	69.44643741578948	14.245423059649124	0.0	0.0	1	1.05	-1.8559245598590766	138.0	13	1.05	0.95				
	111	1	0.0	0.0	0.0	0.0	1	1.000459707012319	0.03492786342359487	230.0	13	1.05	0.95				
	112	1	0.0	0.0	0.0	0.0	1	1.0057028804437145	0.35673796780913214	230.0	13	1.05	0.95				
	113	3	94.37592777017544	19.231321130526315	0.0	0.0	1	0.9898577969384424	6.556334459185637e-30	230.0	14	1.05	0.95				
	114	2	69.09030183929823	13.889287483157894	0.0	0.0	1	0.9954028672518912	1.8122691716749377	230.0	16	1.05	0.95				
	115	2	112.89497774771931	22.792676895438596	0.0	0.0	1	1.0310174701644021	6.490605496817794	230.0	16	1.05	0.95				
	116	2	35.613557649122804	7.122711529824562	0.0	0.0	1	1.0271017410040195	6.355714534641934	230.0	16	1.05	0.95				
	117	1	0.0	0.0	0.0	0.0	1	1.0359999894802319	8.240209835388173	230.0	17	1.05	0.95				
	118	2	118.59314697157895	24.217219201403513	0.0	0.0	1	1.0384396163481586	8.294065256197888	230.0	17	1.05	0.95				
	119	1	64.46053934491228	13.177016330175439	0.0	0.0	1	1.0210915661468052	5.508877280056012	230.0	15	1.05	0.95				
	120	1	45.58535379087719	9.25952498877193	0.0	0.0	1	1.0180010402757849	5.472817201410129	230.0	15	1.05	0.95				
	121	2	0.0	0.0	0.0	0.0	1	1.0421073077414051	9.165772779530673	230.0	17	1.05	0.95				
	122	2	0.0	0.0	0.0	0.0	1	1.05	15.393076122449749	230.0	17	1.05	0.95				
	123	2	0.0	0.0	0.0	0.0	1	1.0165333547371034	5.734985611249914	230.0	15	1.05	0.95				
	124	1	0.0	0.0	0.0	0.0	1	1.0220958458755915	4.357966343329212	230.0	16	1.05	0.95				
	201	2	37.076656698947374	7.552652290526317	0.0	0.0	2	1.0197744293173827	-7.05472521164124	138.0	21	1.05	0.95				
	202	2	33.30033055368421	6.866047536842106	0.0	0.0	2	1.0197110302042247	-7.09770887246315	138.0	22	1.05	0.95				
	203	1	61.79442783157896	12.702187943157897	0.0	0.0	2	1.0169463830891796	-5.701531199718607	138.0	21	1.05	0.95				
	204	1	25.404375886315794	5.149535652631579	0.0	0.0	2	1.0164053959666612	-7.864434726928152	138.0	21	1.05	0.95				
	205	1	24.374468755789476	4.806233275789475	0.0	0.0	2	1.0309171385978702	-8.102395749734821	138.0	21	1.05	0.95				
	206	1	46.68912325052632	9.61246655157895	0.0	-100.0	2	1.0455914236401436	-9.077963614523886	138.0	22	1.05	0.95				
	207	2	42.91279710526316	8.582559421052633	0.0	0.0	2	0.9958618348824099	-13.582343916198148	138.0	22	1.05	0.95				
	208	1	58.70470644000001	12.015583189473684	0.0	0.0	2	1.0038359099249945	-12.092962214367873	138.0	22	1.05	0.95				
	209	1	60.077915947368425	12.35888556631579	0.0	0.0	2	1.022616393208915	-7.063037110334901	138.0	23	1.05	0.95				
	210	1	66.94396348421053	13.732095073684212	0.0	0.0	2	1.05	-8.050694067346285	138.0	23	1.05	0.95				
	211	1	0.0	0.0	0.0	0.0	2	1.0008997284650025	-4.709973220405362	230.0	23	1.05	0.95				
	212	1	0.0	0.0	0.0	0.0	2	1.0052633308331411	-4.073474377194749	230.0	23	1.05	0.95				
	213	2	90.9751298631579	18.538328349473687	0.0	0.0	2	0.9933094614640416	-3.6230548212166642	230.0	24	1.05	0.95				
	214	2	66.60066110736842	13.388792696842106	0.0	0.0	2	0.9978020033733689	-2.6559173143823074	230.0	26	1.05	0.95				
	215	2	108.82685345894738	21.97135211789474	0.0	0.0	2	1.0167872120554977	2.277026675285167	230.0	26	1.05	0.95				
	216	2	34.33023768421053	6.866047536842106	0.0	0.0	2	1.0176860081014105	2.3013798923606075	230.0	26	1.05	0.95				
	217	1	0.0	0.0	0.0	0.0	2	1.0232912561336691	3.822543029785167	230.0	27	1.05	0.95				
	218	2	114.31969148842107	23.34456162526316	0.0	0.0	2	1.0226498385233365	3.410079374922147	230.0	27	1.05	0.95				
	219	1	62.13773020842106	12.702187943157897	0.0	0.0	2	1.0182982557261997	2.146019622309086	230.0	25	1.05	0.95				
	220	1	43.94270423578948	8.925861797894738	0.0	0.0	2	1.020724090922327	2.6944995048684457	230.0	25	1.05	0.95				
	221	2	0.0	0.0	0.0	0.0	2	1.0243260483497458	3.838661258054185	230.0	27	1.05	0.95				
	222	2	0.0	0.0	0.0	0.0	2	1.046375126277588	10.368217715249124	230.0	27	1.05	0.95				
	223	2	0.0	0.0	0.0	0.0	2	1.0223555508869764	3.2636508793281234	230.0	25	1.05	0.95				
	224	1	0.0	0.0	0.0	0.0	2	1.006881820028077	-0.7418908596441441	230.0	26	1.05	0.95				
	301	2	39.99177473684211	8.146472631578948	0.0	0.0	3	1.0106977849458307	-16.98538412907118	138.0	31	1.05	0.95				
	302	2	35.91853842105264	7.405884210526318	0.0	0.0	3	1.0106747236598674	-17.090005808368907	138.0	32	1.05	0.95				
	303	1	66.65295789473686	13.700885789473686	0.0	0.0	3	1.0223961482808808	-12.129743605893978	138.0	31	1.05	0.95				
	304	1	27.401771578947372	5.5544131578947376	0.0	0.0	3	1.0123674967748713	-15.88555247583452	138.0	31	1.05	0.95				
	305	1	26.290888947368423	5.184118947368422	0.0	0.0	3	1.0257310468594327	-16.550100087090055	138.0	31	1.05	0.95				
	306	1	50.360012631578954	10.368237894736843	0.0	-100.0	3	1.042797957972256	-16.76914810003335	138.0	32	1.05	0.95				
	307	2	46.28677631578948	9.257355263157896	0.0	0.0	3	0.9945580367867685	-20.676055980885366	138.0	32	1.05	0.95				
	308	1	63.32031	12.960297368421053	0.0	0.0	3	1.0024638330268152	-19.054108430460563	138.0	32	1.05	0.95				
	309	1	64.80148684210528	13.33059157894737	0.0	0.0	3	1.024667767532947	-13.37342072832024	138.0	33	1.05	0.95				
	310	1	72.20737105263159	14.811768421052635	0.0	0.0	3	1.05	-14.920241705137169	138.0	33	1.05	0.95				
	311	1	0.0	0.0	0.0	0.0	3	1.002851878235473	-10.04383128429208	230.0	33	1.05	0.95				
	312	1	0.0	0.0	0.0	0.0	3	1.0080862416531777	-9.473228902168277	230.0	33	1.05	0.95				
	313	2	98.12796578947369	19.995887368421055	0.0	0.0	3	1.0059335559657883	-6.578216332198245	230.0	34	1.05	0.95				
	314	2	71.83707684210528	14.441474210526318	0.0	0.0	3	0.9961689272715836	-8.82523212290532	230.0	36	1.05	0.95				
	315	2	117.38326473684211	23.698829473684214	0.0	0.0	3	1.0179935760772973	-5.6328270998389565	230.0	36	1.05	0.95				
	316	2	37.029421052631584	7.405884210526318	0.0	0.0	3	1.0175462265237691	-4.8847404703070945	230.0	36	1.05	0.95				
	317	1	0.0	0.0	0.0	0.0	3	1.0223492240833973	-3.8736043586323685	230.0	37	1.05	0.95				
	318	2	123.30797210526319	25.180006315789477	0.0	0.0	3	1.021595141052414	-3.9093097663292395	230.0	37	1.05	0.95				
	319	1	67.02325210526317	13.700885789473686	0.0	0.0	3	1.015448646004046	-5.243149997689415	230.0	35	1.05	0.95				
	320	1	47.39765894736843	9.627649473684212	0.0	0.0	3	1.0158665723692466	-4.814747204029455	230.0	35	1.05	0.95				
	321	2	0.0	0.0	0.0	0.0	3	1.0225268453438012	-3.948647544594743	230.0	37	1.05	0.95				
	322	2	0.0	0.0	0.0	0.0	3	1.0358904123593315	0.5065676369132479	230.0	37	1.05	0.95				
	323	2	0.0	0.0	0.0	0.0	3	1.0165031029546066	-4.286837906528941	230.0	35	1.05	0.95				
	324	1	0.0	0.0	0.0	0.0	3	1.0111327297214465	-8.10229447717996	230.0	36	1.05	0.95				
	325	1	0.0	0.0	0.0	0.0	3	1.0150043467829737	-3.140645754417451	230.0	35	1.05	0.95				
];
