%% MATPOWER Case Format : Version 2
function mpc = RTS_GMLC
mpc.version = '2';

%%-----  Power Flow Data  -----%%
%% system MVA base
mpc.baseMVA = 100.0;
%% bus data
%    bus_i    type    Pd    Qd    Gs    Bs    area    Vm    Va    baseKV    zone    Vmax    Vmin
mpc.bus = [
	101	2	35.69717961473685	7.271647699298247	0.0	0.0	1	1.028411360755767	3.6738499529342605	138.0	11	1.05	0.95				
	102	2	32.06135576508772	6.610588817543859	0.0	0.0	1	1.026929701157552	3.264835870510301	138.0	12	1.05	0.95				
	103	1	59.49529935789474	12.22958931245614	0.0	0.0	1	1.0329508755216457	3.392183047246475	138.0	11	1.05	0.95				
	104	1	24.45917862491228	4.957941613157895	0.0	0.0	1	1.020394071343965	0.48971414706516087	138.0	11	1.05	0.95				
	105	1	23.4675903022807	4.627412172280702	0.0	0.0	1	1.0345815564818752	0.6369391975779704	138.0	11	1.05	0.95				
	106	1	44.952003959298246	9.254824344561404	0.0	-100.0	1	1.0467560615822356	-1.4931339451183516	138.0	12	1.05	0.95				
	107	2	41.316180109649125	8.263236021929824	0.0	0.0	1	1.00009616149731	-7.6479633498395465	138.0	12	1.05	0.95				
	108	1	56.52053439	11.568530430701754	0.0	0.0	1	1.006704162950293	-5.80319574445625	138.0	12	1.05	0.95				
	109	1	57.84265215350878	11.899059871578947	0.0	0.0	1	1.024401407629271	-0.4188037577956703	138.0	13	1.05	0.95				
	110	1	64.45324097105262	13.221177635087718	0.0	0.0	1	1.05	-1.3807990909377525	138.0	13	1.05	0.95				
	111	1	0.0	0.0	0.0	0.0	1	1.0024279510468683	1.1209054600924389	230.0	13	1.05	0.95				
	112	1	0.0	0.0	0.0	0.0	1	1.0066267111626577	0.2109815640301245	230.0	13	1.05	0.95				
	113	3	87.59030183245613	17.848589807368423	0.0	0.0	1	0.9898379818155928	4.123684068531487e-28	230.0	14	1.05	0.95				
	114	2	64.12271153017544	12.890648194210527	0.0	0.0	1	1.0030024739005954	4.240003483124658	230.0	16	1.05	0.95				
	115	2	104.77783275807018	21.15388421614035	0.0	0.0	1	1.0424438764466806	11.880810478735594	230.0	16	1.05	0.95				
	116	2	33.0529440877193	6.610588817543859	0.0	0.0	1	1.0349805996721229	10.465335965205249	230.0	16	1.05	0.95				
	117	1	0.0	0.0	0.0	0.0	1	1.0405072811837661	15.409469116860514	230.0	17	1.05	0.95				
	118	2	110.06630381210528	22.476001979649123	0.0	0.0	1	1.0496159026848444	15.723109611493832	230.0	17	1.05	0.95				
	119	1	59.82582879877193	12.22958931245614	0.0	0.0	1	1.0228848311322096	6.962196527078074	230.0	15	1.05	0.95				
	120	1	42.3077684322807	8.593765462807019	0.0	0.0	1	1.016926062683059	4.5203053268681135	230.0	15	1.05	0.95				
	121	2	0.0	0.0	0.0	0.0	1	1.05	16.82795194203921	230.0	17	1.05	0.95				
	122	2	0.0	0.0	0.0	0.0	1	1.05	33.0874441888573	230.0	17	1.05	0.95				
	123	2	0.0	0.0	0.0	0.0	1	1.0141823024861227	3.428436273528862	230.0	15	1.05	0.95				
	124	1	0.0	0.0	0.0	0.0	1	1.0281146648478994	8.701093883873648	230.0	16	1.05	0.95				
	201	2	39.93263026105264	8.134424682807019	0.0	0.0	2	1.0135880812681208	-12.797590289748015	138.0	21	1.05	0.95				
	202	2	35.865417919649126	7.394931529824563	0.0	0.0	2	1.0127091316104126	-13.082704439640118	138.0	22	1.05	0.95				
	203	1	66.55438376842106	13.68062333017544	0.0	0.0	2	1.0147872098991775	-8.91359411639843	138.0	21	1.05	0.95				
	204	1	27.36124666035088	5.5461986473684215	0.0	0.0	2	1.012440057441739	-12.806648178873678	138.0	21	1.05	0.95				
	205	1	26.252006930877194	5.176452070877194	0.0	0.0	2	1.0274010598321193	-13.228510552684275	138.0	21	1.05	0.95				
	206	1	50.28553440280703	10.352904141754388	0.0	-100.0	2	1.0432874610007479	-13.950943024049307	138.0	22	1.05	0.95				
	207	2	46.21832206140352	9.243664412280703	0.0	0.0	2	0.996008825669425	-18.31165145532481	138.0	22	1.05	0.95				
	208	1	63.226664580000005	12.941130177192983	0.0	0.0	2	1.0028381936133135	-16.679178421674248	138.0	22	1.05	0.95				
	209	1	64.70565088596491	13.310876753684212	0.0	0.0	2	1.0224427507380707	-11.042861998741051	138.0	23	1.05	0.95				
	210	1	72.10058241578949	14.789863059649125	0.0	0.0	2	1.05	-12.46721900886225	138.0	23	1.05	0.95				
	211	1	0.0	0.0	0.0	0.0	2	1.0041363613857441	-8.315487437298797	230.0	23	1.05	0.95				
	212	1	0.0	0.0	0.0	0.0	2	1.0069747111616918	-7.615405285398487	230.0	23	1.05	0.95				
	213	2	97.98284277017545	19.96631513052632	0.0	0.0	2	0.999217973406632	-7.024564422505349	230.0	24	1.05	0.95				
	214	2	71.73083583929825	14.420116483157896	0.0	0.0	2	1.003997958895769	-5.876029422051851	230.0	26	1.05	0.95				
	215	2	117.2096647477193	23.6637808954386	0.0	0.0	2	1.0185039907220248	0.012627089552082315	230.0	26	1.05	0.95				
	216	2	36.97465764912281	7.394931529824563	0.0	0.0	2	1.0202675710422942	-0.18030258169603483	230.0	26	1.05	0.95				
	217	1	0.0	0.0	0.0	0.0	2	1.024546277738284	1.380700617220817	230.0	27	1.05	0.95				
	218	2	123.12560997157895	25.142767201403515	0.0	0.0	2	1.0239032321505486	0.9651432492797432	230.0	27	1.05	0.95				
	219	1	66.92413034491229	13.68062333017544	0.0	0.0	2	1.0216241467893203	-0.3284430055536884	230.0	25	1.05	0.95				
	220	1	47.3275617908772	9.613410988771932	0.0	0.0	2	1.0249940155083836	0.27277820214911946	230.0	25	1.05	0.95				
	221	2	0.0	0.0	0.0	0.0	2	1.025705925598458	1.4513432024263069	230.0	27	1.05	0.95				
	222	2	0.0	0.0	0.0	0.0	2	1.0476593918332844	7.943190370233021	230.0	27	1.05	0.95				
	223	2	0.0	0.0	0.0	0.0	2	1.0272759162744804	0.8874191563729873	230.0	25	1.05	0.95				
	224	1	0.0	0.0	0.0	0.0	2	1.0061118584366178	-3.3517462213616684	230.0	26	1.05	0.95				
	301	2	46.17589369263158	9.406200567017544	0.0	0.0	3	1.0063753465752021	-14.927079196126556	138.0	31	1.05	0.95				
	302	2	41.47279340912281	8.551091424561404	0.0	0.0	3	1.0062685389507677	-15.035941816827524	138.0	32	1.05	0.95				
	303	1	76.95982282105264	15.819519135438595	0.0	0.0	3	1.0236934710400925	-9.741761040564581	138.0	31	1.05	0.95				
	304	1	31.63903827087719	6.413318568421052	0.0	0.0	3	1.0098581873105177	-13.626640572726195	138.0	31	1.05	0.95				
	305	1	30.35637455719298	5.985763997192983	0.0	0.0	3	1.0226081487927394	-14.32204551575705	138.0	31	1.05	0.95				
	306	1	58.14742168701754	11.971527994385966	0.0	-100.0	3	1.0400413225577962	-14.49726571378265	138.0	32	1.05	0.95				
	307	2	53.444321403508766	10.688864280701754	0.0	0.0	3	0.9920945861120701	-19.166297905989097	138.0	32	1.05	0.95				
	308	1	73.11183168	14.964409992982455	0.0	0.0	3	0.9990589403580269	-17.248064782545033	138.0	32	1.05	0.95				
	309	1	74.82204996491228	15.391964564210525	0.0	0.0	3	1.0261679812042972	-10.72310450471381	138.0	33	1.05	0.95				
	310	1	83.37314138947369	17.10218284912281	0.0	0.0	3	1.05	-12.340957322500046	138.0	33	1.05	0.95				
	311	1	0.0	0.0	0.0	0.0	3	1.00872818380812	-6.615589848618128	230.0	33	1.05	0.95				
	312	1	0.0	0.0	0.0	0.0	3	1.0120109468625358	-6.0580591402318715	230.0	33	1.05	0.95				
	313	2	113.3019613754386	23.08794684631579	0.0	0.0	3	1.0119985332572716	-3.0251047235857462	230.0	34	1.05	0.95				
	314	2	82.94558681824562	16.674628277894737	0.0	0.0	3	1.0099890302587295	-4.7546217234112955	230.0	36	1.05	0.95				
	315	2	135.53479907929824	27.36349255859649	0.0	0.0	3	1.0372814542050788	-0.26513360333703573	230.0	36	1.05	0.95				
	316	2	42.755457122807016	8.551091424561404	0.0	0.0	3	1.0370842491335304	0.3822763576273104	230.0	36	1.05	0.95				
	317	1	0.0	0.0	0.0	0.0	3	1.0462160888555596	4.301632123448297	230.0	37	1.05	0.95				
	318	2	142.3756722189474	29.07371084350877	0.0	0.0	3	1.0425471997411828	2.620456762829601	230.0	37	1.05	0.95				
	319	1	77.3873773922807	15.819519135438595	0.0	0.0	3	1.0330327202689389	-0.24385871368558112	230.0	35	1.05	0.95				
	320	1	54.72698511719298	11.116418851929826	0.0	0.0	3	1.0323452753169704	0.034242558839035084	230.0	35	1.05	0.95				
	321	2	0.0	0.0	0.0	0.0	3	1.042403958798377	2.2577753664655864	230.0	37	1.05	0.95				
	322	2	0.0	0.0	0.0	0.0	3	1.05	7.391135891696908	230.0	37	1.05	0.95				
	323	2	0.0	0.0	0.0	0.0	3	1.0325550993665191	0.5134180858440264	230.0	35	1.05	0.95				
	324	1	0.0	0.0	0.0	0.0	3	1.0203603722557881	-3.801949791381504	230.0	36	1.05	0.95				
	325	1	0.0	0.0	0.0	0.0	3	1.028826807299761	1.8780965756366208	230.0	35	1.05	0.95				
];
