%% MATPOWER Case Format : Version 2
function mpc = RTS_GMLC
mpc.version = '2';

%%-----  Power Flow Data  -----%%
%% system MVA base
mpc.baseMVA = 100.0;
%% bus data
%    bus_i    type    Pd    Qd    Gs    Bs    area    Vm    Va    baseKV    zone    Vmax    Vmin
mpc.bus = [
	101	2	52.67738743578948	10.730578922105263	0.0	0.0	1	1.0359636107703156	1.5867690052657182	138.0	11	1.05	0.95				
	102	2	47.312097974736844	9.75507174736842	0.0	0.0	1	1.0355024531042607	1.4300723808861961	138.0	12	1.05	0.95				
	103	1	87.7956457263158	18.046882732631577	0.0	0.0	1	1.0286548548606496	0.21404590032953263	138.0	11	1.05	0.95				
	104	1	36.093765465263154	7.316303810526316	0.0	0.0	1	1.0214353330460524	-1.7507793233721753	138.0	11	1.05	0.95				
	105	1	34.6305047031579	6.828550223157895	0.0	0.0	1	1.036307967434498	-1.607859200213657	138.0	11	1.05	0.95				
	106	1	66.33448788210526	13.65710044631579	0.0	-100.0	1	1.0442910966063765	-3.8917774569278882	138.0	12	1.05	0.95				
	107	2	60.96919842105263	12.193839684210527	0.0	0.0	1	1.0016921378903856	-8.26704891589691	138.0	12	1.05	0.95				
	108	1	83.40586343999999	17.071375557894736	0.0	0.0	1	1.00373380448253	-7.505694854331426	138.0	12	1.05	0.95				
	109	1	85.35687778947369	17.559129145263157	0.0	0.0	1	1.0249929530355888	-2.3869667397318657	138.0	13	1.05	0.95				
	110	1	95.1119495368421	19.51014349473684	0.0	0.0	1	1.05	-3.319326004095717	138.0	13	1.05	0.95				
	111	1	0.0	0.0	0.0	0.0	1	1.0064638620242483	-0.31813076578179167	230.0	13	1.05	0.95				
	112	1	0.0	0.0	0.0	0.0	1	1.009958495433832	-0.0019671840699994475	230.0	13	1.05	0.95				
	113	3	129.25470065263158	26.33869371789474	0.0	0.0	1	0.9993910222195074	2.295680569987417e-31	230.0	14	1.05	0.95				
	114	2	94.62419594947369	19.022389907368424	0.0	0.0	1	1.0065300200684644	2.044839934179011	230.0	16	1.05	0.95				
	115	2	154.61788719578948	31.216229591578948	0.0	0.0	1	1.041476686570737	8.653340616801039	230.0	16	1.05	0.95				
	116	2	48.77535873684211	9.75507174736842	0.0	0.0	1	1.0380078158351467	8.22528852929108	230.0	16	1.05	0.95				
	117	1	0.0	0.0	0.0	0.0	1	1.0430702115533494	10.83021924940509	230.0	17	1.05	0.95				
	118	2	162.42194459368423	33.16724394105263	0.0	0.0	1	1.0467784342610802	10.623160861064122	230.0	17	1.05	0.95				
	119	1	88.28339931368421	18.046882732631577	0.0	0.0	1	1.0304143114120519	6.800236663556702	230.0	15	1.05	0.95				
	120	1	62.432459183157896	12.681593271578947	0.0	0.0	1	1.0276588548191241	6.4940936862565986	230.0	15	1.05	0.95				
	121	2	0.0	0.0	0.0	0.0	1	1.05	11.556176311350796	230.0	17	1.05	0.95				
	122	2	0.0	0.0	0.0	0.0	1	1.05	22.968172352558664	230.0	17	1.05	0.95				
	123	2	0.0	0.0	0.0	0.0	1	1.0269325156677487	6.699467800360605	230.0	15	1.05	0.95				
	124	1	0.0	0.0	0.0	0.0	1	1.0259627745774456	5.503497208394981	230.0	16	1.05	0.95				
	201	2	46.61356839157895	9.495356524210525	0.0	0.0	2	1.0297218168768745	-4.753104211727658	138.0	21	1.05	0.95				
	202	2	41.865890129473684	8.632142294736843	0.0	0.0	2	1.0301972786303832	-4.67017772890659	138.0	22	1.05	0.95				
	203	1	77.68928065263158	15.969463245263157	0.0	0.0	2	1.0197731383031514	-5.476601061453193	138.0	21	1.05	0.95				
	204	1	31.938926490526313	6.474106721052632	0.0	0.0	2	1.019595661634816	-6.95983425242065	138.0	21	1.05	0.95				
	205	1	30.644105146315788	6.04249960631579	0.0	0.0	2	1.0344394865975708	-7.007761612324844	138.0	21	1.05	0.95				
	206	1	58.698567604210524	12.08499921263158	0.0	-100.0	2	1.0451204800373677	-8.67482717739761	138.0	22	1.05	0.95				
	207	2	53.950889342105256	10.790177868421052	0.0	0.0	2	0.98933182272736	-15.2169598544718	138.0	22	1.05	0.95				
	208	1	73.80481662	15.106249015789471	0.0	0.0	2	0.996705807014065	-13.275347151106143	138.0	22	1.05	0.95				
	209	1	75.53124507894738	15.537856130526315	0.0	0.0	2	1.0233713619580396	-7.071070468004153	138.0	23	1.05	0.95				
	210	1	84.1633873736842	17.264284589473686	0.0	0.0	2	1.05	-7.918798464698733	138.0	23	1.05	0.95				
	211	1	0.0	0.0	0.0	0.0	2	1.0046862446314158	-4.4470986283138005	230.0	23	1.05	0.95				
	212	1	0.0	0.0	0.0	0.0	2	1.0091733196744237	-3.946661157106498	230.0	23	1.05	0.95				
	213	2	114.37588540526316	23.306784195789476	0.0	0.0	2	0.9979188138963683	-3.6169625441859745	230.0	24	1.05	0.95				
	214	2	83.73178025894737	16.832677474736844	0.0	0.0	2	1.004975574654922	-2.006107845803107	230.0	26	1.05	0.95				
	215	2	136.81945537157893	27.622855343157894	0.0	0.0	2	1.0289234172541621	3.9650192843716643	230.0	26	1.05	0.95				
	216	2	43.16071147368421	8.632142294736843	0.0	0.0	2	1.0298136262785205	4.001426170186595	230.0	26	1.05	0.95				
	217	1	0.0	0.0	0.0	0.0	2	1.0354558032386398	6.487179202581837	230.0	27	1.05	0.95				
	218	2	143.72516920736842	29.349283802105262	0.0	0.0	2	1.0368177127557836	6.908254425530336	230.0	27	1.05	0.95				
	219	1	78.12088776736842	15.969463245263157	0.0	0.0	2	1.0294225539037511	3.155297696911279	230.0	25	1.05	0.95				
	220	1	55.24571068631579	11.221784983157896	0.0	0.0	2	1.032039179857997	3.2580317031574197	230.0	25	1.05	0.95				
	221	2	0.0	0.0	0.0	0.0	2	1.036862430565255	6.68846502248614	230.0	27	1.05	0.95				
	222	2	0.0	0.0	0.0	0.0	2	1.05	13.108397054977702	230.0	27	1.05	0.95				
	223	2	0.0	0.0	0.0	0.0	2	1.0340503697284626	3.6417682901580184	230.0	25	1.05	0.95				
	224	1	0.0	0.0	0.0	0.0	2	1.013799334593502	0.4255198317544816	230.0	26	1.05	0.95				
	301	2	58.69788040421052	11.956975637894736	0.0	0.0	3	1.0094164166376152	-24.916956954698207	138.0	31	1.05	0.95				
	302	2	52.71939258526316	10.86997785263158	0.0	0.0	3	1.0085974107523712	-25.10753437091893	138.0	32	1.05	0.95				
	303	1	97.8298006736842	20.10945902736842	0.0	0.0	3	1.0340865656140052	-16.00058126978778	138.0	31	1.05	0.95				
	304	1	40.21891805473684	8.152483389473684	0.0	0.0	3	1.0093972755090839	-23.259967931307916	138.0	31	1.05	0.95				
	305	1	38.5884213768421	7.608984496842106	0.0	0.0	3	1.0225654070815706	-24.612873172485187	138.0	31	1.05	0.95				
	306	1	73.91584939789475	15.217968993684211	0.0	-100.0	3	1.0372262759927462	-25.05577264578206	138.0	32	1.05	0.95				
	307	2	67.93736157894736	13.587472315789473	0.0	0.0	3	0.9917707657467028	-31.022937687507373	138.0	32	1.05	0.95				
	308	1	92.93831063999998	19.02246124210526	0.0	0.0	3	0.9942153215339443	-28.47038985747203	138.0	32	1.05	0.95				
	309	1	95.11230621052631	19.56596013473684	0.0	0.0	3	1.0285462235773735	-19.5401268237273	138.0	33	1.05	0.95				
	310	1	105.98228406315788	21.73995570526316	0.0	0.0	3	1.05	-22.56250367380075	138.0	33	1.05	0.95				
	311	1	0.0	0.0	0.0	0.0	3	1.01576061692987	-15.84024883965329	230.0	33	1.05	0.95				
	312	1	0.0	0.0	0.0	0.0	3	1.0168333846979218	-15.235276407860383	230.0	33	1.05	0.95				
	313	2	144.0272065473684	29.34894020210526	0.0	0.0	3	1.0202447741352811	-12.364138978095177	230.0	34	1.05	0.95				
	314	2	105.43878517052632	21.196456812631578	0.0	0.0	3	1.0231912258523446	-13.65645691571774	230.0	36	1.05	0.95				
	315	2	172.2891489642105	34.78392912842105	0.0	0.0	3	1.0440084748842389	-7.982307084736309	230.0	36	1.05	0.95				
	316	2	54.34988926315789	10.86997785263158	0.0	0.0	3	1.044521373446835	-7.317640685788954	230.0	36	1.05	0.95				
	317	1	0.0	0.0	0.0	0.0	3	1.0480447742434376	-4.69270982011363	230.0	37	1.05	0.95				
	318	2	180.9851312463158	36.95792469894737	0.0	0.0	3	1.0456579353464182	-5.081467160671584	230.0	37	1.05	0.95				
	319	1	98.37329956631578	20.10945902736842	0.0	0.0	3	1.041179170617621	-8.334613751075043	230.0	35	1.05	0.95				
	320	1	69.5678582568421	14.130971208421053	0.0	0.0	3	1.0424935704919465	-8.193405936839241	230.0	35	1.05	0.95				
	321	2	0.0	0.0	0.0	0.0	3	1.0467431233447293	-5.266692898798166	230.0	37	1.05	0.95				
	322	2	0.0	0.0	0.0	0.0	3	1.05	-0.7018297843559441	230.0	37	1.05	0.95				
	323	2	0.0	0.0	0.0	0.0	3	1.0442843743299637	-7.713644996876476	230.0	35	1.05	0.95				
	324	1	0.0	0.0	0.0	0.0	3	1.0300097707023557	-10.983401797668	230.0	36	1.05	0.95				
	325	1	0.0	0.0	0.0	0.0	3	1.0378049939512628	-6.136691824657268	230.0	35	1.05	0.95				
];
