%% MATPOWER Case Format : Version 2
function mpc = RTS_GMLC
mpc.version = '2';

%%-----  Power Flow Data  -----%%
%% system MVA base
mpc.baseMVA = 100.0;
%% bus data
%    bus_i    type    Pd    Qd    Gs    Bs    area    Vm    Va    baseKV    zone    Vmax    Vmin
mpc.bus = [
	101	2	42.096486884210535	8.575210291228071	0.0	0.0	1	1.0306262434809776	0.9846293832828269	138.0	11	1.05	0.95				
	102	2	37.8088817385965	7.795645719298247	0.0	0.0	1	1.0281383511206816	0.32982194691774147	138.0	12	1.05	0.95				
	103	1	70.16081147368422	14.421944580701757	0.0	0.0	1	1.0293486880966922	0.3799348468021754	138.0	11	1.05	0.95				
	104	1	28.843889161403514	5.846734289473685	0.0	0.0	1	1.0216085852604535	-1.835152867899795	138.0	11	1.05	0.95				
	105	1	27.674542303508776	5.456952003508773	0.0	0.0	1	1.0350680217211239	-1.9023289906731997	138.0	11	1.05	0.95				
	106	1	53.01039089122808	10.913904007017546	0.0	-100.0	1	1.045612925399823	-4.058099568708073	138.0	12	1.05	0.95				
	107	2	48.72278574561404	9.744557149122809	0.0	0.0	1	1.0010280497836646	-9.975956143880843	138.0	12	1.05	0.95				
	108	1	66.65277090000001	13.642380008771932	0.0	0.0	1	1.0054714217169607	-8.261404610366492	138.0	12	1.05	0.95				
	109	1	68.21190004385966	14.032162294736844	0.0	0.0	1	1.0245693276014873	-2.585309326202399	138.0	13	1.05	0.95				
	110	1	76.0075457631579	15.591291438596494	0.0	0.0	1	1.05	-3.589364759886967	138.0	13	1.05	0.95				
	111	1	0.0	0.0	0.0	0.0	1	1.0029055451633486	-0.5328995571264473	230.0	13	1.05	0.95				
	112	1	0.0	0.0	0.0	0.0	1	1.0075164518737458	-1.0791084463601035	230.0	13	1.05	0.95				
	113	3	103.29230578070177	21.048243442105267	0.0	0.0	1	0.9950810816083115	-1.411372552228231e-28	230.0	14	1.05	0.95				
	114	2	75.617763477193	15.201509152631582	0.0	0.0	1	1.0002820195056388	1.6974100862807677	230.0	16	1.05	0.95				
	115	2	123.56098465087719	24.94606630175439	0.0	0.0	1	1.0368070693984588	8.447063539102839	230.0	16	1.05	0.95				
	116	2	38.978228596491235	7.795645719298247	0.0	0.0	1	1.032113106981564	7.076169997308275	230.0	16	1.05	0.95				
	117	1	0.0	0.0	0.0	0.0	1	1.0387285222374025	11.17096337087467	230.0	17	1.05	0.95				
	118	2	129.7975012263158	26.50519544561404	0.0	0.0	1	1.0434740755213554	11.899754320447308	230.0	17	1.05	0.95				
	119	1	70.55059375964913	14.421944580701757	0.0	0.0	1	1.0208174354732928	4.154726299898191	230.0	15	1.05	0.95				
	120	1	49.89213260350878	10.134339435087721	0.0	0.0	1	1.015268126369094	2.3433784133964775	230.0	15	1.05	0.95				
	121	2	0.0	0.0	0.0	0.0	1	1.0456366904623564	13.485660132054397	230.0	17	1.05	0.95				
	122	2	0.0	0.0	0.0	0.0	1	1.05	22.155375833254478	230.0	17	1.05	0.95				
	123	2	0.0	0.0	0.0	0.0	1	1.0127631366129513	1.6481729706939896	230.0	15	1.05	0.95				
	124	1	0.0	0.0	0.0	0.0	1	1.0237522717643697	5.4196465563009095	230.0	16	1.05	0.95				
	201	2	38.06264754947369	7.753502278596491	0.0	0.0	2	1.0135537938243724	-13.803571063292704	138.0	21	1.05	0.95				
	202	2	34.18589641017544	7.04863843508772	0.0	0.0	2	1.012616988014435	-14.085505062956713	138.0	22	1.05	0.95				
	203	1	63.43774591578948	13.039981104912282	0.0	0.0	2	1.0164740060161899	-10.113565284664519	138.0	21	1.05	0.95				
	204	1	26.079962209824565	5.28647882631579	0.0	0.0	2	1.0128764219517645	-13.88224722353687	138.0	21	1.05	0.95				
	205	1	25.022666444561402	4.934046904561405	0.0	0.0	2	1.0276311986618019	-14.283605920967657	138.0	21	1.05	0.95				
	206	1	47.93074135859649	9.86809380912281	0.0	-100.0	2	1.043750438275395	-15.018405046602165	138.0	22	1.05	0.95				
	207	2	44.05399021929824	8.81079804385965	0.0	0.0	2	0.9957159084015529	-19.145272511739797	138.0	22	1.05	0.95				
	208	1	60.26585862	12.335117261403509	0.0	0.0	2	1.0033861030569866	-17.607418032674037	138.0	22	1.05	0.95				
	209	1	61.67558630701755	12.687549183157895	0.0	0.0	2	1.022623843372933	-12.248326750392298	138.0	23	1.05	0.95				
	210	1	68.72422474210526	14.09727687017544	0.0	0.0	2	1.05	-13.62619419143506	138.0	23	1.05	0.95				
	211	1	0.0	0.0	0.0	0.0	2	1.003161572609836	-9.590673078897998	230.0	23	1.05	0.95				
	212	1	0.0	0.0	0.0	0.0	2	1.0066222616474423	-9.15901693397428	230.0	23	1.05	0.95				
	213	2	93.39445926491227	19.031323774736844	0.0	0.0	2	0.996626781015905	-8.574438615498172	230.0	24	1.05	0.95				
	214	2	68.37179282035088	13.744844948421054	0.0	0.0	2	1.003125128278942	-6.994905203946061	230.0	26	1.05	0.95				
	215	2	111.72091919614036	22.555642992280703	0.0	0.0	2	1.0209200119998787	-0.6234327436240399	230.0	26	1.05	0.95				
	216	2	35.2431921754386	7.04863843508772	0.0	0.0	2	1.0215188786687108	-1.2118152074143616	230.0	26	1.05	0.95				
	217	1	0.0	0.0	0.0	0.0	2	1.0256615834202305	0.35500262021325507	230.0	27	1.05	0.95				
	218	2	117.35982994421053	23.965370679298246	0.0	0.0	2	1.0253488426794584	0.06987732372233005	230.0	27	1.05	0.95				
	219	1	63.79017783754386	13.039981104912282	0.0	0.0	2	1.0219459266909208	-1.8907016941822694	230.0	25	1.05	0.95				
	220	1	45.111285984561405	9.163229965614036	0.0	0.0	2	1.0243526895770114	-1.7830524908447491	230.0	25	1.05	0.95				
	221	2	0.0	0.0	0.0	0.0	2	1.0274073025023174	0.6331287461933772	230.0	27	1.05	0.95				
	222	2	0.0	0.0	0.0	0.0	2	1.0490494802178563	7.025978396773892	230.0	27	1.05	0.95				
	223	2	0.0	0.0	0.0	0.0	2	1.02589934832333	-1.450691752260607	230.0	25	1.05	0.95				
	224	1	0.0	0.0	0.0	0.0	2	1.0075926573535827	-4.198277852803994	230.0	26	1.05	0.95				
	301	2	47.217968981052636	9.618475162807018	0.0	0.0	3	1.008347189726326	6.274271250255205	138.0	31	1.05	0.95				
	302	2	42.40873139964912	8.744068329824561	0.0	0.0	3	1.0080610187144732	6.001522652150558	138.0	32	1.05	0.95				
	303	1	78.69661496842106	16.176526410175438	0.0	0.0	3	1.0454879908652257	16.454367288601375	138.0	31	1.05	0.95				
	304	1	32.353052820350875	6.558051247368421	0.0	0.0	3	1.0103045055010254	6.987540259289983	138.0	31	1.05	0.95				
	305	1	31.04144257087719	6.120847830877193	0.0	0.0	3	1.0237568362487282	5.830141410712993	138.0	31	1.05	0.95				
	306	1	59.45966464280702	12.241695661754386	0.0	-100.0	3	1.0402098162043871	5.0524465488542365	138.0	32	1.05	0.95				
	307	2	54.650427061403505	10.930085412280702	0.0	0.0	3	0.9777243098462894	0.4588204360262991	138.0	32	1.05	0.95				
	308	1	74.76178422	15.302119577192983	0.0	0.0	3	0.990101984498018	2.3886828288251767	138.0	32	1.05	0.95				
	309	1	76.51059788596491	15.73932299368421	0.0	0.0	3	1.025460081296513	9.592250734261164	138.0	33	1.05	0.95				
	310	1	85.25466621578947	17.488136659649122	0.0	0.0	3	1.05	6.797434650672805	138.0	33	1.05	0.95				
	311	1	0.0	0.0	0.0	0.0	3	1.0090333826503872	11.106066411547848	230.0	33	1.05	0.95				
	312	1	0.0	0.0	0.0	0.0	3	1.0151670954454197	11.249879703451821	230.0	33	1.05	0.95				
	313	2	115.85890537017542	23.608984490526318	0.0	0.0	3	1.0128088275305998	13.659521192695177	230.0	34	1.05	0.95				
	314	2	84.81746279929824	17.050933243157896	0.0	0.0	3	1.0035228775349812	11.879802654600292	230.0	36	1.05	0.95				
	315	2	138.5934830277193	27.9810186554386	0.0	0.0	3	1.0370195100755097	13.468154157450705	230.0	36	1.05	0.95				
	316	2	43.72034164912281	8.744068329824561	0.0	0.0	3	1.0311171477004004	13.449703069323853	230.0	36	1.05	0.95				
	317	1	0.0	0.0	0.0	0.0	3	1.048206078161439	16.60347513473504	230.0	37	1.05	0.95				
	318	2	145.58873769157893	29.72983232140351	0.0	0.0	3	1.04760182323086	13.944354172260827	230.0	37	1.05	0.95				
	319	1	79.13381838491227	16.176526410175438	0.0	0.0	3	1.0263030926265913	12.936542983073899	230.0	35	1.05	0.95				
	320	1	55.9620373108772	11.367288828771931	0.0	0.0	3	1.0234658750105121	12.616175585329731	230.0	35	1.05	0.95				
	321	2	0.0	0.0	0.0	0.0	3	1.0448182035589726	14.42348705050668	230.0	37	1.05	0.95				
	322	2	0.0	0.0	0.0	0.0	3	1.05	19.617128382587893	230.0	37	1.05	0.95				
	323	2	0.0	0.0	0.0	0.0	3	1.0222148229978283	12.675268134694004	230.0	35	1.05	0.95				
	324	1	0.0	0.0	0.0	0.0	3	1.038420547941473	15.383954629886397	230.0	36	1.05	0.95				
	325	1	0.0	0.0	0.0	0.0	3	1.024887979405344	12.756519712718935	230.0	35	1.05	0.95				
];
