%% MATPOWER Case Format : Version 2
function mpc = RTS_GMLC
mpc.version = '2';

%%-----  Power Flow Data  -----%%
%% system MVA base
mpc.baseMVA = 100.0;
%% bus data
%    bus_i    type    Pd    Qd    Gs    Bs    area    Vm    Va    baseKV    zone    Vmax    Vmin
mpc.bus = [
	101	2	42.550717452631574	8.667738740350876	0.0	0.0	1	1.0146800108876792	-3.3223692094665744	138.0	11	1.05	0.95				
	102	2	38.21684808245613	7.879762491228071	0.0	0.0	1	1.0144580515598414	-3.559324927750048	138.0	12	1.05	0.95				
	103	1	70.91786242105262	14.577560608771927	0.0	0.0	1	1.0054342002016892	1.0685684857714544	138.0	11	1.05	0.95				
	104	1	29.155121217543854	5.9098218684210515	0.0	0.0	1	1.004857679778491	-3.7162662858263764	138.0	11	1.05	0.95				
	105	1	27.97315684385965	5.515833743859649	0.0	0.0	1	1.0182600404778308	-4.811900030481296	138.0	11	1.05	0.95				
	106	1	53.58238494035088	11.031667487719298	0.0	-100.0	1	1.028175944562822	-6.125122919703174	138.0	12	1.05	0.95				
	107	2	49.248515570175435	9.849703114035087	0.0	0.0	1	0.9865933192803205	-11.275967522091346	138.0	12	1.05	0.95				
	108	1	67.37196929999999	13.78958435964912	0.0	0.0	1	0.9881229528275178	-9.505864304811732	138.0	12	1.05	0.95				
	109	1	68.9479217982456	14.183572484210524	0.0	0.0	1	1.0031699551571	-3.1743616075581134	138.0	13	1.05	0.95				
	110	1	76.82768428947368	15.759524982456142	0.0	0.0	1	1.0312456699374724	-5.026020824899425	138.0	13	1.05	0.95				
	111	1	0.0	0.0	0.0	0.0	1	0.981864209204728	-0.6961934471058416	230.0	13	1.05	0.95				
	112	1	0.0	0.0	0.0	0.0	1	0.9835192744629402	-1.4622107708278111	230.0	13	1.05	0.95				
	113	3	104.40685300877193	21.275358726315787	0.0	0.0	1	0.9637115418719601	1.35542648564198e-29	230.0	14	1.05	0.95				
	114	2	76.43369616491226	15.365536857894735	0.0	0.0	1	0.9897135780992864	2.2533594994906347	230.0	16	1.05	0.95				
	115	2	124.8942354859649	25.21523997192982	0.0	0.0	1	0.9943460800622345	10.604038851877087	230.0	16	1.05	0.95				
	116	2	39.39881245614035	7.879762491228071	0.0	0.0	1	0.993139687974025	9.088914483077653	230.0	16	1.05	0.95				
	117	1	0.0	0.0	0.0	0.0	1	0.9992093989707833	14.11547030860608	230.0	17	1.05	0.95				
	118	2	131.19804547894736	26.79119247017544	0.0	0.0	1	1.004719708150527	14.887585825061944	230.0	17	1.05	0.95				
	119	1	71.31185054561404	14.577560608771927	0.0	0.0	1	0.9923008434261259	5.769720927284653	230.0	15	1.05	0.95				
	120	1	50.43047994385964	10.24369123859649	0.0	0.0	1	0.9957194723807341	3.163326787894497	230.0	15	1.05	0.95				
	121	2	0.0	0.0	0.0	0.0	1	1.0050354842499902	16.2441539472578	230.0	17	1.05	0.95				
	122	2	0.0	0.0	0.0	0.0	1	1.021280495460076	28.387713951523203	230.0	17	1.05	0.95				
	123	2	0.0	0.0	0.0	0.0	1	0.9985544464235034	2.0575181628999273	230.0	15	1.05	0.95				
	124	1	0.0	0.0	0.0	0.0	1	0.9870873415046278	6.953998388859029	230.0	16	1.05	0.95				
	201	2	41.377616867368424	8.428773806315789	0.0	0.0	2	1.0122359086987212	-15.239926005153539	138.0	21	1.05	0.95				
	202	2	37.16322996421052	7.662521642105263	0.0	0.0	2	1.011143540603461	-15.485354823956033	138.0	22	1.05	0.95				
	203	1	68.96269477894738	14.175665037894735	0.0	0.0	2	0.9974792231525201	-11.174719117511321	138.0	21	1.05	0.95				
	204	1	28.35133007578947	5.746891231578948	0.0	0.0	2	1.0008791803471	-14.839635821128265	138.0	21	1.05	0.95				
	205	1	27.201951829473686	5.363765149473685	0.0	0.0	2	1.0177035873707039	-15.298165818980685	138.0	21	1.05	0.95				
	206	1	52.10514716631579	10.72753029894737	0.0	-100.0	2	1.0287644774636382	-15.83006110561619	138.0	22	1.05	0.95				
	207	2	47.890760263157894	9.578152052631578	0.0	0.0	2	0.9732470673258267	-20.431408811081372	138.0	22	1.05	0.95				
	208	1	65.51456004	13.409412873684209	0.0	0.0	2	0.9810910198909054	-18.670629181349074	138.0	22	1.05	0.95				
	209	1	67.04706436842105	13.792538955789475	0.0	0.0	2	1.003640126146133	-12.665421782997118	138.0	23	1.05	0.95				
	210	1	74.70958601052632	15.325043284210526	0.0	0.0	2	1.0322765333261383	-14.089203298161014	138.0	23	1.05	0.95				
	211	1	0.0	0.0	0.0	0.0	2	0.9854244619938815	-9.850637762918906	230.0	23	1.05	0.95				
	212	1	0.0	0.0	0.0	0.0	2	0.9825517749600368	-8.177792090644768	230.0	23	1.05	0.95				
	213	2	101.52841175789473	20.688808433684212	0.0	0.0	2	0.9803311348897836	-8.112612169820633	230.0	24	1.05	0.95				
	214	2	74.32645992842104	14.941917202105264	0.0	0.0	2	0.9847514513375487	-7.701212732613576	230.0	26	1.05	0.95				
	215	2	121.45096802736842	24.520069254736843	0.0	0.0	2	0.99170064937943	-1.3725905910018668	230.0	26	1.05	0.95				
	216	2	38.312608210526314	7.662521642105263	0.0	0.0	2	0.9893957308636	-2.108595704945551	230.0	26	1.05	0.95				
	217	1	0.0	0.0	0.0	0.0	2	1.0004731912810898	-0.5471261192747938	230.0	27	1.05	0.95				
	218	2	127.58098534105264	26.052573583157894	0.0	0.0	2	1.0020050145937043	-0.9778936564873895	230.0	27	1.05	0.95				
	219	1	69.34582086105263	14.175665037894735	0.0	0.0	2	0.9809915112704028	-1.7991133848798426	230.0	25	1.05	0.95				
	220	1	49.040138509473685	9.961278134736842	0.0	0.0	2	0.9764025100403576	-0.7049387993140712	230.0	25	1.05	0.95				
	221	2	0.0	0.0	0.0	0.0	2	1.0041918169467596	-0.41898974401236994	230.0	27	1.05	0.95				
	222	2	0.0	0.0	0.0	0.0	2	1.0222619838230225	5.2618376279399035	230.0	27	1.05	0.95				
	223	2	0.0	0.0	0.0	0.0	2	0.9747086938448918	0.2300544050978474	230.0	25	1.05	0.95				
	224	1	0.0	0.0	0.0	0.0	2	0.9821817423014637	-5.104118314644399	230.0	26	1.05	0.95				
	301	2	65.65074343578948	13.37329958877193	0.0	0.0	3	1.0023286649396452	30.6877381705977	138.0	31	1.05	0.95				
	302	2	58.964093641403515	12.157545080701755	0.0	0.0	3	1.0028553691946087	30.30903214421437	138.0	32	1.05	0.95				
	303	1	109.4179057263158	22.491458399298246	0.0	0.0	3	1.0141993709167079	45.30226936896739	138.0	31	1.05	0.95				
	304	1	44.98291679859649	9.118158810526316	0.0	0.0	3	0.9911081561383921	31.84052027842591	138.0	31	1.05	0.95				
	305	1	43.15928503649123	8.510281556491229	0.0	0.0	3	1.009567445166339	30.524208929115538	138.0	31	1.05	0.95				
	306	1	82.67130654877194	17.020563112982458	0.0	-100.0	3	1.0204031891255634	29.72354541938588	138.0	32	1.05	0.95				
	307	2	75.98465675438597	15.196931350877193	0.0	0.0	3	0.9669909099918663	26.42604335787652	138.0	32	1.05	0.95				
	308	1	103.94701044000001	21.27570389122807	0.0	0.0	3	0.9779819862111736	29.27832269134925	138.0	32	1.05	0.95				
	309	1	106.37851945614037	21.883581145263157	0.0	0.0	3	1.0026787149600198	35.70016793708536	138.0	33	1.05	0.95				
	310	1	118.5360645368421	24.31509016140351	0.0	0.0	3	1.0327616067321137	32.36893928051793	138.0	33	1.05	0.95				
	311	1	0.0	0.0	0.0	0.0	3	0.9944415436563689	37.35435070052931	230.0	33	1.05	0.95				
	312	1	0.0	0.0	0.0	0.0	3	0.9997918247789682	37.837455654600774	230.0	33	1.05	0.95				
	313	2	161.08747231929826	32.82537171789474	0.0	0.0	3	1.0063169416028177	42.571619812594136	230.0	34	1.05	0.95				
	314	2	117.92818728280703	23.707212907368422	0.0	0.0	3	0.9911057616193921	36.123412589488545	230.0	36	1.05	0.95				
	315	2	192.69708952912282	38.904144258245616	0.0	0.0	3	0.9895254006058927	32.512911379982945	230.0	36	1.05	0.95				
	316	2	60.78772540350877	12.157545080701755	0.0	0.0	3	0.9858977638194584	33.06556374748719	230.0	36	1.05	0.95				
	317	1	0.0	0.0	0.0	0.0	3	0.992196939160361	34.03875194220628	230.0	37	1.05	0.95				
	318	2	202.42312559368423	41.33565327438597	0.0	0.0	3	0.9829704913391522	30.032082878315013	230.0	37	1.05	0.95				
	319	1	110.02578298035088	22.491458399298246	0.0	0.0	3	0.993320461186877	33.56988191546928	230.0	35	1.05	0.95				
	320	1	77.80828851649123	15.804808604912282	0.0	0.0	3	1.001383728538914	33.63232214301796	230.0	35	1.05	0.95				
	321	2	0.0	0.0	0.0	0.0	3	0.9939557678326636	31.393958297104767	230.0	37	1.05	0.95				
	322	2	0.0	0.0	0.0	0.0	3	1.0120853052680265	35.66159118155477	230.0	37	1.05	0.95				
	323	2	0.0	0.0	0.0	0.0	3	1.0056085390015392	33.43355559015172	230.0	35	1.05	0.95				
	324	1	0.0	0.0	0.0	0.0	3	0.9972043481570411	39.15250280321409	230.0	36	1.05	0.95				
