%% MATPOWER Case Format : Version 2
function mpc = RTS_GMLC
mpc.version = '2';

%%-----  Power Flow Data  -----%%
%% system MVA base
mpc.baseMVA = 100.0;
%% bus data
%    bus_i    type    Pd    Qd    Gs    Bs    area    Vm    Va    baseKV    zone    Vmax    Vmin
mpc.bus = [
	101	2	46.99950517894737	9.573973277192982	0.0	0.0	1	1.0188794605659197	-2.6651495116081825	138.0	11	1.05	0.95				
	102	2	42.21251854035087	8.703612070175438	0.0	0.0	1	1.0178825541183636	-2.924678686671557	138.0	12	1.05	0.95				
	103	1	78.33250863157895	16.10168232982456	0.0	0.0	1	1.033028639396751	1.0140713416182086	138.0	11	1.05	0.95				
	104	1	32.20336465964912	6.527709052631578	0.0	0.0	1	1.0185878537956419	-3.4027329324682616	138.0	11	1.05	0.95				
	105	1	30.897822849122804	6.092528449122807	0.0	0.0	1	1.0290019042129712	-4.54343235696104	138.0	11	1.05	0.95				
	106	1	59.18456207719298	12.185056898245614	0.0	-100.0	1	1.0422870185705124	-6.086159850902017	138.0	12	1.05	0.95				
	107	2	54.39757543859649	10.879515087719298	0.0	0.0	1	1.0002697977642077	-11.10809193661714	138.0	12	1.05	0.95				
	108	1	74.4158832	15.231321122807016	0.0	0.0	1	1.0038238826824206	-9.492012723936746	138.0	12	1.05	0.95				
	109	1	76.15660561403509	15.666501726315788	0.0	0.0	1	1.0256604821644513	-3.178424933704556	138.0	13	1.05	0.95				
	110	1	84.86021768421053	17.407224140350877	0.0	0.0	1	1.05	-5.034723362140589	138.0	13	1.05	0.95				
	111	1	0.0	0.0	0.0	0.0	1	1.0074595459587796	-0.7261259331231698	230.0	13	1.05	0.95				
	112	1	0.0	0.0	0.0	0.0	1	1.010386472560637	-1.4391683450126016	230.0	13	1.05	0.95				
	113	3	115.32285992982456	23.499752589473687	0.0	0.0	1	1.0011688411712676	-4.021583148200632e-29	230.0	14	1.05	0.95				
	114	2	84.42503708070174	16.972043536842104	0.0	0.0	1	1.0103247187312732	2.1253123652887544	230.0	16	1.05	0.95				
	115	2	137.95225131228068	27.851558624561402	0.0	0.0	1	1.0436419886688706	10.186534953181175	230.0	16	1.05	0.95				
	116	2	43.51806035087719	8.703612070175438	0.0	0.0	1	1.037861249321313	8.681383623822018	230.0	16	1.05	0.95				
	117	1	0.0	0.0	0.0	0.0	1	1.0434648054406725	13.400671586757896	230.0	17	1.05	0.95				
	118	2	144.91514096842104	29.59228103859649	0.0	0.0	1	1.0493926916814107	14.357227540576188	230.0	17	1.05	0.95				
	119	1	78.76768923508773	16.10168232982456	0.0	0.0	1	1.02685575457142	5.526685279964546	230.0	15	1.05	0.95				
	120	1	55.703117249122805	11.31469569122807	0.0	0.0	1	1.02153813755507	3.067189470483824	230.0	15	1.05	0.95				
	121	2	0.0	0.0	0.0	0.0	1	1.05	15.821942417804255	230.0	17	1.05	0.95				
	122	2	0.0	0.0	0.0	0.0	1	1.05	25.244480413146555	230.0	17	1.05	0.95				
	123	2	0.0	0.0	0.0	0.0	1	1.0196086041562924	2.0436539968930822	230.0	15	1.05	0.95				
	124	1	0.0	0.0	0.0	0.0	1	1.0281138577563564	6.753128161796197	230.0	16	1.05	0.95				
	201	2	47.97355581473685	9.772390999298246	0.0	0.0	2	1.0137251722374652	-13.580884057827348	138.0	21	1.05	0.95				
	202	2	43.087360315087714	8.88399181754386	0.0	0.0	2	1.0129054417247487	-13.834624202329193	138.0	22	1.05	0.95				
	203	1	79.95592635789474	16.43538486245614	0.0	0.0	2	1.0145267653547128	-10.375747767721212	138.0	21	1.05	0.95				
	204	1	32.87076972491228	6.662993863157894	0.0	0.0	2	1.0116972869001937	-13.136605871990428	138.0	21	1.05	0.95				
	205	1	31.538170952280698	6.218794272280702	0.0	0.0	2	1.0263190082745737	-13.521455437205937	138.0	21	1.05	0.95				
	206	1	60.411144359298255	12.437588544561404	0.0	-100.0	2	1.0412187910477901	-14.031635002205427	138.0	22	1.05	0.95				
	207	2	55.524948859649115	11.104989771929825	0.0	0.0	2	0.9960916120306245	-19.408314320803747	138.0	22	1.05	0.95				
	208	1	75.95813004	15.546985680701752	0.0	0.0	2	1.0002130998601588	-17.378559126652714	138.0	22	1.05	0.95				
	209	1	77.73492840350877	15.991185271578946	0.0	0.0	2	1.0240292152530124	-10.732059877860522	138.0	23	1.05	0.95				
	210	1	86.61892022105263	17.76798363508772	0.0	0.0	2	1.05	-12.03371748771538	138.0	23	1.05	0.95				
	211	1	0.0	0.0	0.0	0.0	2	1.0058277541610987	-8.302961588586742	230.0	23	1.05	0.95				
	212	1	0.0	0.0	0.0	0.0	2	1.0123686355780486	-4.123262608957555	230.0	23	1.05	0.95				
	213	2	117.71289158245612	23.986777907368424	0.0	0.0	2	1.0022151958237908	-6.247205021790042	230.0	24	1.05	0.95				
	214	2	86.17472063017543	17.323784044210527	0.0	0.0	2	1.0042851466167673	-6.900940682773991	230.0	26	1.05	0.95				
	215	2	140.81127030807016	28.42877381614035	0.0	0.0	2	1.0223372379747995	-1.2951844734524283	230.0	26	1.05	0.95				
	216	2	44.4199590877193	8.88399181754386	0.0	0.0	2	1.0213419093709677	-2.1853631929480897	230.0	26	1.05	0.95				
	217	1	0.0	0.0	0.0	0.0	2	1.026805296971103	-0.4500125343847097	230.0	27	1.05	0.95				
	218	2	147.91846376210526	30.205572179649128	0.0	0.0	2	1.0263477327881796	-0.8684157524076157	230.0	27	1.05	0.95				
	219	1	80.40012594877193	16.43538486245614	0.0	0.0	2	1.020394057206573	-2.5409530639787645	230.0	25	1.05	0.95				
	220	1	56.8575476322807	11.549189362807018	0.0	0.0	2	1.0226643746656723	-1.9740795494060352	230.0	25	1.05	0.95				
	221	2	0.0	0.0	0.0	0.0	2	1.028510743825273	-0.21258333324867731	230.0	27	1.05	0.95				
	222	2	0.0	0.0	0.0	0.0	2	1.049999781376562	6.18441782435725	230.0	27	1.05	0.95				
	223	2	0.0	0.0	0.0	0.0	2	1.02469617013246	-1.320410387551942	230.0	25	1.05	0.95				
	224	1	0.0	0.0	0.0	0.0	2	1.0081978781152787	-4.703286417637141	230.0	26	1.05	0.95				
	301	2	61.73869028210527	12.576399872280703	0.0	0.0	3	0.9977964413209471	14.522077540685057	138.0	31	1.05	0.95				
	302	2	55.45049034596491	11.433090792982457	0.0	0.0	3	0.9972909727288671	14.351033665535645	138.0	32	1.05	0.95				
	303	1	102.89781713684212	21.151217967017544	0.0	0.0	3	1.0382823914695487	21.879444688910464	138.0	31	1.05	0.95				
	304	1	42.30243593403509	8.574818094736843	0.0	0.0	3	1.0045476328237255	16.07056071915976	138.0	31	1.05	0.95				
	305	1	40.587472315087716	8.00316355508772	0.0	0.0	3	1.0159547894038257	15.294331464957828	138.0	31	1.05	0.95				
	306	1	77.74501739228072	16.00632711017544	0.0	-100.0	3	1.0335211790340468	15.078052617184541	138.0	32	1.05	0.95				
	307	2	71.45681745614036	14.29136349122807	0.0	0.0	3	0.9885961592174249	11.848687925091339	138.0	32	1.05	0.95				
	308	1	97.75292628	20.007908887719296	0.0	0.0	3	1.0006566451988954	14.381348093832424	138.0	32	1.05	0.95				
	309	1	100.03954443859651	20.579563427368424	0.0	0.0	3	1.0300318048702766	19.79102515625871	138.0	33	1.05	0.95				
	310	1	111.47263523157895	22.866181585964913	0.0	0.0	3	1.05	17.90245650087314	138.0	33	1.05	0.95				
	311	1	0.0	0.0	0.0	0.0	3	1.0139071406434716	22.756467911866274	230.0	33	1.05	0.95				
	312	1	0.0	0.0	0.0	0.0	3	1.0201464380758438	23.88439569539723	230.0	33	1.05	0.95				
	313	2	151.48845300701754	30.869345141052634	0.0	0.0	3	1.0243609557610232	28.906435546830135	230.0	34	1.05	0.95				
	314	2	110.90098069192982	22.29452704631579	0.0	0.0	3	1.0126068435443014	21.306194691839124	230.0	36	1.05	0.95				
	315	2	181.21448906877194	36.58589053754386	0.0	0.0	3	1.0433828121903348	16.111747013481548	230.0	36	1.05	0.95				
	316	2	57.16545396491228	11.433090792982457	0.0	0.0	3	1.0405408446985798	17.033780687304315	230.0	36	1.05	0.95				
	317	1	0.0	0.0	0.0	0.0	3	1.0478451334370456	16.029196159340376	230.0	37	1.05	0.95				
	318	2	190.3609617031579	38.87250869614036	0.0	0.0	3	1.0473449874693668	13.969381807243916	230.0	37	1.05	0.95				
	319	1	103.46947167649122	21.151217967017544	0.0	0.0	3	1.0368645739491154	19.532444420058116	230.0	35	1.05	0.95				
	320	1	73.17178107508772	14.863018030877196	0.0	0.0	3	1.0354257305783487	21.181388279348734	230.0	35	1.05	0.95				
	321	2	0.0	0.0	0.0	0.0	3	1.0466858650042508	15.281236410367232	230.0	37	1.05	0.95				
	322	2	0.0	0.0	0.0	0.0	3	1.05	19.914125035273656	230.0	37	1.05	0.95				
	323	2	0.0	0.0	0.0	0.0	3	1.0342292641524655	21.695029605361853	230.0	35	1.05	0.95				
	324	1	0.0	0.0	0.0	0.0	3	1.0413609776619273	20.16916622522028	230.0	36	1.05	0.95				
	325	1	0.0	0.0	0.0	0.0	3	1.037015174624636	21.201852732456395	230.0	35	1.05	0.95				
];
