%% MATPOWER Case Format : Version 2
function mpc = RTS_GMLC
mpc.version = '2';

%%-----  Power Flow Data  -----%%
%% system MVA base
mpc.baseMVA = 100.0;
%% bus data
%    bus_i    type    Pd    Qd    Gs    Bs    area    Vm    Va    baseKV    zone    Vmax    Vmin
mpc.bus = [
	101	2	53.2518555031579	10.847600195087718	0.0	0.0	1	1.0313823294134148	0.3941922335133265	138.0	11	1.05	0.95				
	102	2	47.82805540561404	9.861454722807018	0.0	0.0	1	1.0303288638196402	0.07922440661511612	138.0	12	1.05	0.95				
	103	1	88.75309250526315	18.243691237192984	0.0	0.0	1	1.0255829328878376	1.1516213949560945	138.0	11	1.05	0.95				
	104	1	36.48738247438597	7.396091042105263	0.0	0.0	1	1.0185491192182532	-2.664144746831316	138.0	11	1.05	0.95				
	105	1	35.00816426596491	6.903018305964912	0.0	0.0	1	1.0339880597939215	-2.6805633361888606	138.0	11	1.05	0.95				
	106	1	67.05789211508772	13.806036611929825	0.0	-100.0	1	1.0430261317156606	-4.936871330258572	138.0	12	1.05	0.95				
	107	2	61.634092017543864	12.32681840350877	0.0	0.0	1	0.9978599366383246	-11.189730854506447	138.0	12	1.05	0.95				
	108	1	84.31543788	17.25754576491228	0.0	0.0	1	0.9999766804157642	-9.494990503317437	138.0	12	1.05	0.95				
	109	1	86.2877288245614	17.75061850105263	0.0	0.0	1	1.023827756676952	-2.9011508848896153	138.0	13	1.05	0.95				
	110	1	96.14918354736841	19.722909445614036	0.0	0.0	1	1.05	-4.23604526230187	138.0	13	1.05	0.95				
	111	1	0.0	0.0	0.0	0.0	1	1.0096305210786414	-0.18062401449321697	230.0	13	1.05	0.95				
	112	1	0.0	0.0	0.0	0.0	1	1.0110098293115866	-1.0212025445308255	230.0	13	1.05	0.95				
	113	3	130.66427507719297	26.62592775157895	0.0	0.0	1	1.0021800134373202	5.631516380128661e-30	230.0	14	1.05	0.95				
	114	2	95.65611081122807	19.229836709473684	0.0	0.0	1	1.0168149165106521	3.1073742988151376	230.0	16	1.05	0.95				
	115	2	156.30405735649123	31.556655112982458	0.0	0.0	1	1.038808447433291	12.643405872304683	230.0	16	1.05	0.95				
	116	2	49.30727361403508	9.861454722807018	0.0	0.0	1	1.0339843554331258	10.748118671655252	230.0	16	1.05	0.95				
	117	1	0.0	0.0	0.0	0.0	1	1.040386877723901	16.492868381935214	230.0	17	1.05	0.95				
	118	2	164.19322113473683	33.52894605754386	0.0	0.0	1	1.05	17.41246044141928	230.0	17	1.05	0.95				
	119	1	89.2461652414035	18.243691237192984	0.0	0.0	1	1.0236549075212666	6.661291668041083	230.0	15	1.05	0.95				
	120	1	63.113310225964916	12.819891139649123	0.0	0.0	1	1.0219216469286418	4.036274464740121	230.0	15	1.05	0.95				
	121	2	0.0	0.0	0.0	0.0	1	1.05	19.45136316041251	230.0	17	1.05	0.95				
	122	2	0.0	0.0	0.0	0.0	1	1.05	32.71589890174522	230.0	17	1.05	0.95				
	123	2	0.0	0.0	0.0	0.0	1	1.022303189055741	2.9705418288354983	230.0	15	1.05	0.95				
	124	1	0.0	0.0	0.0	0.0	1	1.0195181740760695	8.34876020901038	230.0	16	1.05	0.95				
	201	2	43.43459782736842	8.847788446315787	0.0	0.0	2	1.0090147118397574	-13.322663436565103	138.0	21	1.05	0.95				
	202	2	39.01070360421052	8.043444042105264	0.0	0.0	2	1.0081192969475152	-13.592239870105008	138.0	22	1.05	0.95				
	203	1	72.39099637894736	14.880371477894736	0.0	0.0	2	1.0157190708556694	-9.923003686595283	138.0	21	1.05	0.95				
	204	1	29.76074295578947	6.032583031578946	0.0	0.0	2	1.0105145741585844	-13.160835809761648	138.0	21	1.05	0.95				
	205	1	28.554226349473677	5.630410829473684	0.0	0.0	2	1.0245737008284832	-13.552127119075836	138.0	21	1.05	0.95				
	206	1	54.695419486315785	11.260821658947368	0.0	-100.0	2	1.0412515880103332	-14.188547787805946	138.0	22	1.05	0.95				
	207	2	50.27152526315789	10.054305052631578	0.0	0.0	2	0.9912118086459337	-18.95389900610836	138.0	22	1.05	0.95				
	208	1	68.77144655999999	14.076027073684209	0.0	0.0	2	0.9991309739051892	-17.16924785734954	138.0	22	1.05	0.95				
	209	1	70.38013536842105	14.478199275789471	0.0	0.0	2	1.0240362940502277	-11.14176563900406	138.0	23	1.05	0.95				
	210	1	78.4235794105263	16.08688808421053	0.0	0.0	2	1.05	-12.483071122039853	138.0	23	1.05	0.95				
	211	1	0.0	0.0	0.0	0.0	2	1.0070620556373044	-7.9493035331006086	230.0	23	1.05	0.95				
	212	1	0.0	0.0	0.0	0.0	2	1.011476911864025	-6.851435023232467	230.0	23	1.05	0.95				
	213	2	106.57563355789472	21.71729891368421	0.0	0.0	2	1.0058889181913881	-6.15784329792961	230.0	24	1.05	0.95				
	214	2	78.02140720842104	15.684715882105262	0.0	0.0	2	1.0072078847636126	-5.549264870116076	230.0	26	1.05	0.95				
	215	2	127.4885880673684	25.73902093473684	0.0	0.0	2	1.0269499231673578	0.1282393690582226	230.0	26	1.05	0.95				
	216	2	40.217220210526314	8.043444042105264	0.0	0.0	2	1.0294065500072453	0.22664425398176333	230.0	26	1.05	0.95				
	217	1	0.0	0.0	0.0	0.0	2	1.0320902631259694	1.4797433613998907	230.0	27	1.05	0.95				
	218	2	133.92334330105263	27.347709743157893	0.0	0.0	2	1.0309521698652984	1.0152587428487603	230.0	27	1.05	0.95				
	219	1	72.79316858105263	14.880371477894736	0.0	0.0	2	1.0345509733000156	0.8165243104929236	230.0	25	1.05	0.95				
	220	1	51.47804186947368	10.456477254736841	0.0	0.0	2	1.0416897963355642	2.0940233803262953	230.0	25	1.05	0.95				
	221	2	0.0	0.0	0.0	0.0	2	1.032609852989498	1.5182401772849843	230.0	27	1.05	0.95				
	222	2	0.0	0.0	0.0	0.0	2	1.05	7.998088350825697	230.0	27	1.05	0.95				
	223	2	0.0	0.0	0.0	0.0	2	1.0464298233993106	3.087574055110008	230.0	25	1.05	0.95				
	224	1	0.0	0.0	0.0	0.0	2	1.0103570186835222	-3.6328129854678295	230.0	26	1.05	0.95				
	301	2	46.29547610526316	9.430559947368423	0.0	0.0	3	1.013180326535511	22.56745604390149	138.0	31	1.05	0.95				
	302	2	41.58019613157895	8.573236315789474	0.0	0.0	3	1.0123410688760917	22.206343798423028	138.0	32	1.05	0.95				
	303	1	77.15912684210528	15.860487184210529	0.0	0.0	3	1.0497890675986987	37.404868975865654	138.0	31	1.05	0.95				
	304	1	31.720974368421057	6.429927236842105	0.0	0.0	3	1.0110232340327139	23.526772484106285	138.0	31	1.05	0.95				
	305	1	30.43498892105263	6.001265421052633	0.0	0.0	3	1.0262457417025395	20.918085409953026	138.0	31	1.05	0.95				
	306	1	58.29800694736843	12.002530842105266	0.0	-100.0	3	1.0412286690128427	19.48249415827897	138.0	32	1.05	0.95				
	307	2	53.58272697368422	10.716545394736842	0.0	0.0	3	0.9839942643009782	15.828812670850976	138.0	32	1.05	0.95				
	308	1	73.3011705	15.003163552631579	0.0	0.0	3	0.9931546510368993	17.74713820320035	138.0	32	1.05	0.95				
	309	1	75.0158177631579	15.431825368421054	0.0	0.0	3	1.0232509686446136	26.375869950408934	138.0	33	1.05	0.95				
	310	1	83.58905407894737	17.14647263157895	0.0	0.0	3	1.05	20.648744522873127	138.0	33	1.05	0.95				
	311	1	0.0	0.0	0.0	0.0	3	1.0104821477496382	24.385549720489998	230.0	33	1.05	0.95				
	312	1	0.0	0.0	0.0	0.0	3	1.0166947482758824	24.42621955566015	230.0	33	1.05	0.95				
	313	2	113.59538118421054	23.14773805263158	0.0	0.0	3	1.0136150284677075	26.012542981749824	230.0	34	1.05	0.95				
	314	2	83.1603922631579	16.717810815789473	0.0	0.0	3	1.0037685604422941	23.928448022383492	230.0	36	1.05	0.95				
	315	2	135.88579560526318	27.434356210526317	0.0	0.0	3	1.0476678478705084	26.31423994121379	230.0	36	1.05	0.95				
	316	2	42.86618157894737	8.573236315789474	0.0	0.0	3	1.0336999039457535	25.834817650413488	230.0	36	1.05	0.95				
	317	1	0.0	0.0	0.0	0.0	3	1.05	29.636983755294906	230.0	37	1.05	0.95				
	318	2	142.74438465789473	29.149003473684214	0.0	0.0	3	1.0474748759720447	26.224555564099376	230.0	37	1.05	0.95				
	319	1	77.58778865789473	15.860487184210529	0.0	0.0	3	1.0264967167094088	24.166400393311395	230.0	35	1.05	0.95				
	320	1	54.868712421052635	11.145207210526317	0.0	0.0	3	1.023591999198697	23.540729977582327	230.0	35	1.05	0.95				
	321	2	0.0	0.0	0.0	0.0	3	1.0481131988332177	26.923003862611086	230.0	37	1.05	0.95				
	322	2	0.0	0.0	0.0	0.0	3	1.05	32.33397312606465	230.0	37	1.05	0.95				
	323	2	0.0	0.0	0.0	0.0	3	1.0225062246088543	23.528124639592345	230.0	35	1.05	0.95				
	324	1	0.0	0.0	0.0	0.0	3	1.044988527360376	30.552762405939735	230.0	36	1.05	0.95				
	325	1	0.0	0.0	0.0	0.0	3	1.0261732798958594	23.19110423472504	230.0	35	1.05	0.95				
];
