%% MATPOWER Case Format : Version 2
function mpc = RTS_GMLC
mpc.version = '2';

%%-----  Power Flow Data  -----%%
%% system MVA base
mpc.baseMVA = 100.0;
%% bus data
%    bus_i    type    Pd    Qd    Gs    Bs    area    Vm    Va    baseKV    zone    Vmax    Vmin
mpc.bus = [
	101	2	40.19940625263159	8.188767940350877	0.0	0.0	1	1.0314423170275204	2.942104181537037	138.0	11	1.05	0.95				
	102	2	36.10502228245614	7.44433449122807	0.0	0.0	1	1.0305500160745202	2.689604051623058	138.0	12	1.05	0.95				
	103	1	66.99901042105265	13.77201880877193	0.0	0.0	1	1.0303482273818847	1.025672699286171	138.0	11	1.05	0.95				
	104	1	27.54403761754386	5.583250868421053	0.0	0.0	1	1.021380726909733	-0.3905023265165678	138.0	11	1.05	0.95				
	105	1	26.42738744385965	5.211034143859649	0.0	0.0	1	1.0355654230507567	-0.13647367047771225	138.0	11	1.05	0.95				
	106	1	50.62147454035089	10.422068287719298	0.0	-100.0	1	1.0464068745825077	-2.2864162042312697	138.0	12	1.05	0.95				
	107	2	46.527090570175446	9.305418114035088	0.0	0.0	1	1.000531444154776	-7.745631036485113	138.0	12	1.05	0.95				
	108	1	63.649059900000005	13.027585359649125	0.0	0.0	1	1.0062141741008634	-6.352493864401962	138.0	12	1.05	0.95				
	109	1	65.13792679824562	13.399802084210528	0.0	0.0	1	1.024931108767169	-1.3922647285426395	138.0	13	1.05	0.95				
	110	1	72.58226128947369	14.88866898245614	0.0	0.0	1	1.05	-2.0760936742853238	138.0	13	1.05	0.95				
	111	1	0.0	0.0	0.0	0.0	1	1.0024067606660592	0.08505402113584835	230.0	13	1.05	0.95				
	112	1	0.0	0.0	0.0	0.0	1	1.0076229811867525	0.35687960414649983	230.0	13	1.05	0.95				
	113	3	98.63743200877192	20.099703126315795	0.0	0.0	1	0.992651444720339	5.509571663870186e-29	230.0	14	1.05	0.95				
	114	2	72.21004456491228	14.516452257894738	0.0	0.0	1	0.998807775923968	2.112862370200334	230.0	16	1.05	0.95				
	115	2	117.99270168596492	23.821870371929826	0.0	0.0	1	1.0384853818822564	7.4782343708320775	230.0	16	1.05	0.95				
	116	2	37.221672456140354	7.44433449122807	0.0	0.0	1	1.0335493505504576	7.0713803540418665	230.0	16	1.05	0.95				
	117	1	0.0	0.0	0.0	0.0	1	1.0420189240434894	8.94696521559339	230.0	17	1.05	0.95				
	118	2	123.94816927894739	25.310737270175444	0.0	0.0	1	1.0455055525349584	8.79703092635571	230.0	17	1.05	0.95				
	119	1	67.37122714561404	13.77201880877193	0.0	0.0	1	1.0268701423452908	6.047661533907463	230.0	15	1.05	0.95				
	120	1	47.64374074385965	9.677634838596493	0.0	0.0	1	1.0234145475006946	5.8789295436436735	230.0	15	1.05	0.95				
	121	2	0.0	0.0	0.0	0.0	1	1.05	9.509330443067956	230.0	17	1.05	0.95				
	122	2	0.0	0.0	0.0	0.0	1	1.05	17.641473968549775	230.0	17	1.05	0.95				
	123	2	0.0	0.0	0.0	0.0	1	1.0217875270474521	6.077027072052897	230.0	15	1.05	0.95				
	124	1	0.0	0.0	0.0	0.0	1	1.0267762574906665	5.062396651806245	230.0	16	1.05	0.95				
	201	2	45.49157878736843	9.266803086315791	0.0	0.0	2	1.0246734466764804	-8.33708525746439	138.0	21	1.05	0.95				
	202	2	40.85817724421053	8.424366442105265	0.0	0.0	2	1.0256579803921264	-8.150666879537079	138.0	22	1.05	0.95				
	203	1	75.81929797894739	15.585077917894738	0.0	0.0	2	1.0178161476493044	-7.3395689669197415	138.0	21	1.05	0.95				
	204	1	31.170155835789476	6.318274831578948	0.0	0.0	2	1.0175571170514606	-9.942023174926677	138.0	21	1.05	0.95				
	205	1	29.906500869473685	5.8970565094736855	0.0	0.0	2	1.0321492301231012	-10.232791355874355	138.0	21	1.05	0.95				
	206	1	57.285691806315796	11.794113018947371	0.0	-100.0	2	1.0444701152453482	-11.670218362741268	138.0	22	1.05	0.95				
	207	2	52.652290263157894	10.53045805263158	0.0	0.0	2	0.9903874669543392	-17.767673176543102	138.0	22	1.05	0.95				
	208	1	72.02833308000001	14.742641273684212	0.0	0.0	2	0.9976102132966707	-15.877285859734732	138.0	22	1.05	0.95				
	209	1	73.71320636842107	15.163859595789475	0.0	0.0	2	1.022798657283292	-9.67439721620443	138.0	23	1.05	0.95				
	210	1	82.13757281052632	16.84873288421053	0.0	0.0	2	1.05	-10.799891173927827	138.0	23	1.05	0.95				
	211	1	0.0	0.0	0.0	0.0	2	1.005086866256272	-7.1215931572402145	230.0	23	1.05	0.95				
	212	1	0.0	0.0	0.0	0.0	2	1.0096243842141366	-6.751542752049031	230.0	23	1.05	0.95				
	213	2	111.62285535789476	22.745789393684216	0.0	0.0	2	0.9990243680242218	-6.390678784877011	230.0	24	1.05	0.95				
	214	2	81.71635448842106	16.427514562105266	0.0	0.0	2	1.005730844239967	-4.5308980451690575	230.0	26	1.05	0.95				
	215	2	133.52620810736843	26.957972614736846	0.0	0.0	2	1.0253925612449613	1.9841454646867487	230.0	26	1.05	0.95				
	216	2	42.12183221052632	8.424366442105265	0.0	0.0	2	1.0273858185231	1.6496403445909504	230.0	26	1.05	0.95				
	217	1	0.0	0.0	0.0	0.0	2	1.0323560998376593	4.382789947798307	230.0	27	1.05	0.95				
	218	2	140.26570126105267	28.642845903157898	0.0	0.0	2	1.0335313780231938	4.661966367753688	230.0	27	1.05	0.95				
	219	1	76.24051630105264	15.585077917894738	0.0	0.0	2	1.0280657102871942	0.5346028567427832	230.0	25	1.05	0.95				
	220	1	53.91594522947369	10.951676374736845	0.0	0.0	2	1.0315974028283323	0.3879917023094348	230.0	25	1.05	0.95				
	221	2	0.0	0.0	0.0	0.0	2	1.0338449409107644	4.538920059648212	230.0	27	1.05	0.95				
	222	2	0.0	0.0	0.0	0.0	2	1.05	10.973452198120352	230.0	27	1.05	0.95				
	223	2	0.0	0.0	0.0	0.0	2	1.0340251512975045	0.6273004683810521	230.0	25	1.05	0.95				
	224	1	0.0	0.0	0.0	0.0	2	1.0110326473053783	-1.5165540044911183	230.0	26	1.05	0.95				
	301	2	59.31287568	12.082252453333334	0.0	0.0	3	1.013580754918127	-24.523433350434782	138.0	31	1.05	0.95				
	302	2	53.27174945333333	10.983865866666667	0.0	0.0	3	1.012008160734845	-24.841017120579526	138.0	32	1.05	0.95				
	303	1	98.8547928	20.320151853333332	0.0	0.0	3	1.0483793794249614	-11.64972391240816	138.0	31	1.05	0.95				
	304	1	40.640303706666664	8.2378994	0.0	0.0	3	1.0095480361692895	-23.451308841310915	138.0	31	1.05	0.95				
	305	1	38.99272382666666	7.688706106666668	0.0	0.0	3	1.0248259075538322	-24.963873116756442	138.0	31	1.05	0.95				
	306	1	74.69028789333333	15.377412213333336	0.0	-100.0	3	1.0379146151613974	-25.837980088526532	138.0	32	1.05	0.95				
	307	2	68.64916166666667	13.729832333333333	0.0	0.0	3	0.9890484355040211	-31.97462426056452	138.0	32	1.05	0.95				
	308	1	93.91205316	19.221765266666665	0.0	0.0	3	0.9916570978845068	-29.383311534910003	138.0	32	1.05	0.95				
	309	1	96.10882633333333	19.77095856	0.0	0.0	3	1.0256658513899017	-20.06379632551603	138.0	33	1.05	0.95				
	310	1	107.09269219999999	21.967731733333334	0.0	0.0	3	1.05	-23.642595801928323	138.0	33	1.05	0.95				
	311	1	0.0	0.0	0.0	0.0	3	1.0150998208413173	-17.605262068577325	230.0	33	1.05	0.95				
	312	1	0.0	0.0	0.0	0.0	3	1.0174295675421519	-16.775646684248073	230.0	33	1.05	0.95				
	313	2	145.53622273333332	29.65643784	0.0	0.0	3	1.0190937289873236	-14.224400470235627	230.0	34	1.05	0.95				
	314	2	106.54349890666666	21.418538440000003	0.0	0.0	3	1.0202387059169016	-16.28339402571144	230.0	36	1.05	0.95				
	315	2	174.09427398666665	35.14837077333333	0.0	0.0	3	1.045430051898814	-11.582534713624119	230.0	36	1.05	0.95				
	316	2	54.91932933333333	10.983865866666667	0.0	0.0	3	1.0435003996212124	-11.114457136541048	230.0	36	1.05	0.95				
	317	1	0.0	0.0	0.0	0.0	3	1.0452268463060002	-9.882978860082176	230.0	37	1.05	0.95				
	318	2	182.88136668	37.34514394666667	0.0	0.0	3	1.0437111405168176	-9.903133459821776	230.0	37	1.05	0.95				
	319	1	99.40398609333334	20.320151853333332	0.0	0.0	3	1.0406744622342738	-11.623164198419312	230.0	35	1.05	0.95				
	320	1	70.29674154666667	14.279025626666666	0.0	0.0	3	1.0424096161774565	-11.027792073905735	230.0	35	1.05	0.95				
	321	2	0.0	0.0	0.0	0.0	3	1.045275054335517	-9.946037683249203	230.0	37	1.05	0.95				
	322	2	0.0	0.0	0.0	0.0	3	1.05	-5.588294388037423	230.0	37	1.05	0.95				
	323	2	0.0	0.0	0.0	0.0	3	1.0445873657403915	-10.295023890909105	230.0	35	1.05	0.95				
	324	1	0.0	0.0	0.0	0.0	3	1.0424102833020734	-11.599402500633126	230.0	36	1.05	0.95				
	325	1	0.0	0.0	0.0	0.0	3	1.03774096452586	-8.677069141793543	230.0	35	1.05	0.95				
];
