%% MATPOWER Case Format : Version 2
function mpc = RTS_GMLC
mpc.version = '2';

%%-----  Power Flow Data  -----%%
%% system MVA base
mpc.baseMVA = 100.0;
%% bus data
%    bus_i    type    Pd    Qd    Gs    Bs    area    Vm    Va    baseKV    zone    Vmax    Vmin
mpc.bus = [
	101	2	42.1365660631579	8.583374568421052	0.0	0.0	1	1.0327467519702984	1.047084281992586	138.0	11	1.05	0.95				
	102	2	37.84487877894737	7.803067789473685	0.0	0.0	1	1.0308815214631757	0.5527884159100634	138.0	12	1.05	0.95				
	103	1	70.22761010526317	14.435675410526317	0.0	0.0	1	1.0313503962911783	0.7915165502019156	138.0	11	1.05	0.95				
	104	1	28.871350821052634	5.852300842105263	0.0	0.0	1	1.024368452051223	-1.3494467891056725	138.0	11	1.05	0.95				
	105	1	27.70089065263158	5.462147452631579	0.0	0.0	1	1.036116823031984	-1.8799342999647755	138.0	11	1.05	0.95				
	106	1	53.06086096842105	10.924294905263158	0.0	-100.0	1	1.0461903770654055	-4.021198886613541	138.0	12	1.05	0.95				
	107	2	48.76917368421053	9.753834736842105	0.0	0.0	1	1.0015168588916543	-9.73635475543397	138.0	12	1.05	0.95				
	108	1	66.7162296	13.655368631578945	0.0	0.0	1	1.0058535870062995	-8.104498482316995	138.0	12	1.05	0.95				
	109	1	68.27684315789475	14.045522021052632	0.0	0.0	1	1.0246486780162671	-2.4567653691081786	138.0	13	1.05	0.95				
	110	1	76.07991094736842	15.60613557894737	0.0	0.0	1	1.05	-3.6136980076477956	138.0	13	1.05	0.95				
	111	1	0.0	0.0	0.0	0.0	1	1.0022707269000448	-0.7287491447783059	230.0	13	1.05	0.95				
	112	1	0.0	0.0	0.0	0.0	1	1.006785385338366	-1.168770489340587	230.0	13	1.05	0.95				
	113	3	103.39064821052632	21.06828303157895	0.0	0.0	1	0.9942347526429575	1.2641315405132536e-28	230.0	14	1.05	0.95				
	114	2	75.68975755789474	15.215982189473683	0.0	0.0	1	0.998366247462442	1.0893733031927266	230.0	16	1.05	0.95				
	115	2	123.67862446315789	24.96981692631579	0.0	0.0	1	1.0325986873691517	7.140080229765057	230.0	16	1.05	0.95				
	116	2	39.01533894736842	7.803067789473685	0.0	0.0	1	1.0282981380455363	5.921582634656029	230.0	16	1.05	0.95				
	117	1	0.0	0.0	0.0	0.0	1	1.0360886944920558	9.49393422602397	230.0	17	1.05	0.95				
	118	2	129.92107869473685	26.530430484210527	0.0	0.0	1	1.0396350173576059	10.287287535211863	230.0	17	1.05	0.95				
	119	1	70.61776349473683	14.435675410526317	0.0	0.0	1	1.017965106998126	3.4559952088843873	230.0	15	1.05	0.95				
	120	1	49.93963385263158	10.14398812631579	0.0	0.0	1	1.0121261797575567	1.7243785680552557	230.0	15	1.05	0.95				
	121	2	0.0	0.0	0.0	0.0	1	1.0417488799930192	11.660716680218146	230.0	17	1.05	0.95				
	122	2	0.0	0.0	0.0	0.0	1	1.05	17.858300051065463	230.0	17	1.05	0.95				
	123	2	0.0	0.0	0.0	0.0	1	1.0094481785157319	1.0752681131175434	230.0	15	1.05	0.95				
	124	1	0.0	0.0	0.0	0.0	1	1.0236284140969876	4.7436099197298685	230.0	16	1.05	0.95				
	201	2	40.39162601684211	8.227923818245616	0.0	0.0	2	1.0175865405645177	-12.602258285509755	138.0	21	1.05	0.95				
	202	2	36.277664107719296	7.47993074385965	0.0	0.0	2	1.0167375220133097	-12.855958893789245	138.0	22	1.05	0.95				
	203	1	67.31937669473685	13.837871876140351	0.0	0.0	2	1.0146367389079674	-9.620826635932895	138.0	21	1.05	0.95				
	204	1	27.675743752280702	5.609948057894737	0.0	0.0	2	1.0142170346080834	-12.447767030895198	138.0	21	1.05	0.95				
	205	1	26.553754140701756	5.2359515207017555	0.0	0.0	2	1.0293602752150646	-12.789953665300567	138.0	21	1.05	0.95				
	206	1	50.86352905824562	10.471903041403511	0.0	-100.0	2	1.0441756323577212	-13.377926683258913	138.0	22	1.05	0.95				
	207	2	46.74956714912281	9.349913429824563	0.0	0.0	2	1.0002690421893519	-17.843904875493827	138.0	22	1.05	0.95				
	208	1	63.95340786	13.089878801754388	0.0	0.0	2	1.0051687358680979	-16.173657590303424	138.0	22	1.05	0.95				
	209	1	65.44939400877193	13.463875338947368	0.0	0.0	2	1.0225777498690387	-10.561115049888885	138.0	23	1.05	0.95				
	210	1	72.92932475263159	14.9598614877193	0.0	0.0	2	1.05	-11.774677614516827	138.0	23	1.05	0.95				
	211	1	0.0	0.0	0.0	0.0	2	1.0008084454977726	-8.612649590644605	230.0	23	1.05	0.95				
	212	1	0.0	0.0	0.0	0.0	2	1.0060823091954838	-5.425421889747392	230.0	23	1.05	0.95				
	213	2	99.10908235614035	20.195813008421055	0.0	0.0	2	0.9922671152835839	-7.242656096663392	230.0	24	1.05	0.95				
	214	2	72.55532821543859	14.585864950526318	0.0	0.0	2	0.9975847080490995	-7.09602217103484	230.0	26	1.05	0.95				
	215	2	118.55690229017543	23.935778380350882	0.0	0.0	2	1.0136459052903868	-1.4264261153593294	230.0	26	1.05	0.95				
	216	2	37.39965371929825	7.47993074385965	0.0	0.0	2	1.0113754179252776	-2.6280751251223644	230.0	26	1.05	0.95				
	217	1	0.0	0.0	0.0	0.0	2	1.0175499446250638	-0.7540018623645087	230.0	27	1.05	0.95				
	218	2	124.54084688526316	25.43176452912281	0.0	0.0	2	1.0175923044890225	-1.0037774079263013	230.0	27	1.05	0.95				
	219	1	67.69337323192983	13.837871876140351	0.0	0.0	2	1.0068668501250053	-3.7028142087759734	230.0	25	1.05	0.95				
	220	1	47.871556760701765	9.723909967017546	0.0	0.0	2	1.0054614499381245	-3.881229146325767	230.0	25	1.05	0.95				
	221	2	0.0	0.0	0.0	0.0	2	1.0198302584546255	-0.34147536694180375	230.0	27	1.05	0.95				
	222	2	0.0	0.0	0.0	0.0	2	1.041641551208823	6.092994786986193	230.0	27	1.05	0.95				
	223	2	0.0	0.0	0.0	0.0	2	1.005028371840432	-3.6777889996376167	230.0	25	1.05	0.95				
	224	1	0.0	0.0	0.0	0.0	2	1.0038584982127288	-4.529996105938347	230.0	26	1.05	0.95				
	301	2	44.587155978947365	9.082568810526316	0.0	0.0	3	1.0045437034642233	1.0725217766442745	138.0	31	1.05	0.95				
	302	2	40.0458715736842	8.256880736842104	0.0	0.0	3	1.0045200497975963	1.0347936183284108	138.0	32	1.05	0.95				
	303	1	74.31192663157896	15.275229363157894	0.0	0.0	3	1.0137020299556758	3.2775422995095975	138.0	31	1.05	0.95				
	304	1	30.55045872631579	6.192660552631579	0.0	0.0	3	1.007782955444721	2.2887427322593603	138.0	31	1.05	0.95				
	305	1	29.311926615789467	5.779816515789474	0.0	0.0	3	1.0215102433523906	2.3897366398609887	138.0	31	1.05	0.95				
	306	1	56.14678901052632	11.559633031578947	0.0	-100.0	3	1.0399125196721133	2.6189999299466358	138.0	32	1.05	0.95				
	307	2	51.60550460526315	10.321100921052631	0.0	0.0	3	0.9930907660819417	-0.3154311505998606	138.0	32	1.05	0.95				
	308	1	70.5963303	14.449541289473682	0.0	0.0	3	1.0045408592776803	1.4530685603247324	138.0	32	1.05	0.95				
	309	1	72.24770644736842	14.862385326315788	0.0	0.0	3	1.0231346996315376	5.017697745267731	138.0	33	1.05	0.95				
	310	1	80.50458718421052	16.51376147368421	0.0	0.0	3	1.05	5.0307265699705574	138.0	33	1.05	0.95				
	311	1	0.0	0.0	0.0	0.0	3	1.0017150463282987	9.101606177101146	230.0	33	1.05	0.95				
	312	1	0.0	0.0	0.0	0.0	3	1.0093802175668476	9.914158933564174	230.0	33	1.05	0.95				
	313	2	109.4036697631579	22.293577989473683	0.0	0.0	3	1.0083576771870097	13.865211271220057	230.0	34	1.05	0.95				
	314	2	80.0917431473684	16.100917436842106	0.0	0.0	3	0.9926397059661155	9.125100569994714	230.0	36	1.05	0.95				
	315	2	130.87155967894736	26.42201835789474	0.0	0.0	3	1.0115901580750146	5.237579436361884	230.0	36	1.05	0.95				
	316	2	41.284403684210524	8.256880736842104	0.0	0.0	3	1.0112560073319494	6.1014422314239125	230.0	36	1.05	0.95				
	317	1	0.0	0.0	0.0	0.0	3	1.0167270032907993	5.5627075938785255	230.0	37	1.05	0.95				
	318	2	137.47706426842106	28.07339450526316	0.0	0.0	3	1.0152279397075137	4.354078369682692	230.0	37	1.05	0.95				
	319	1	74.72477066842104	15.275229363157894	0.0	0.0	3	1.0120016072492652	8.442913195618212	230.0	35	1.05	0.95				
	320	1	52.84403671578948	10.733944957894737	0.0	0.0	3	1.013074966722283	9.888133086142464	230.0	35	1.05	0.95				
	321	2	0.0	0.0	0.0	0.0	3	1.0160675242650579	5.235946744421577	230.0	37	1.05	0.95				
	322	2	0.0	0.0	0.0	0.0	3	1.0300584040370688	9.840235633846502	230.0	37	1.05	0.95				
	323	2	0.0	0.0	0.0	0.0	3	1.0131093767286292	10.410562201428023	230.0	35	1.05	0.95				
	324	1	0.0	0.0	0.0	0.0	3	1.0099273493943939	6.427322333445044	230.0	36	1.05	0.95				
	325	1	0.0	0.0	0.0	0.0	3	1.0161265209509927	10.532797120510738	230.0	35	1.05	0.95				
];
