%% MATPOWER Case Format : Version 2
function mpc = RTS_GMLC
mpc.version = '2';

%%-----  Power Flow Data  -----%%
%% system MVA base
mpc.baseMVA = 100.0;
%% bus data
%    bus_i    type    Pd    Qd    Gs    Bs    area    Vm    Va    baseKV    zone    Vmax    Vmin
mpc.bus = [
	101	2	58.18159326315789	11.851806035087717	0.0	0.0	1	1.0379528830590041	0.014032665215203933	138.0	11	1.05	0.95				
	102	2	52.255690245614026	10.774369122807018	0.0	0.0	1	1.036982434840857	-0.2794120032498125	138.0	12	1.05	0.95				
	103	1	96.96932210526316	19.93258287719298	0.0	0.0	1	1.0274308191737105	-1.4418062565149947	138.0	11	1.05	0.95				
	104	1	39.86516575438596	8.080776842105262	0.0	0.0	1	1.0224942157011685	-3.2625040062061763	138.0	11	1.05	0.95				
	105	1	38.24901038596491	7.542058385964913	0.0	0.0	1	1.036560277293895	-3.321264300236954	138.0	11	1.05	0.95				
	106	1	73.26571003508772	15.084116771929827	0.0	-100.0	1	1.0431657334256572	-5.7572188486136575	138.0	12	1.05	0.95				
	107	2	67.33980701754385	13.467961403508772	0.0	0.0	1	1.0005875566538054	-12.219145706573922	138.0	12	1.05	0.95				
	108	1	92.12085599999999	18.85514596491228	0.0	0.0	1	1.0004580973011328	-10.628450202995333	138.0	12	1.05	0.95				
	109	1	94.27572982456141	19.39386442105263	0.0	0.0	1	1.0252608840625996	-3.9809800919676293	138.0	13	1.05	0.95				
	110	1	105.05009894736841	21.548738245614036	0.0	0.0	1	1.05	-5.0239700765639785	138.0	13	1.05	0.95				
	111	1	0.0	0.0	0.0	0.0	1	1.0082541612064124	-1.3461705308255305	230.0	13	1.05	0.95				
	112	1	0.0	0.0	0.0	0.0	1	1.0118377804352774	-0.9834125829565928	230.0	13	1.05	0.95				
	113	3	142.76039087719298	29.090796631578947	0.0	0.0	1	1.0050872836460951	1.9418898948290779e-28	230.0	14	1.05	0.95				
	114	2	104.51138049122805	21.010019789473684	0.0	0.0	1	1.0082966216997684	0.7292680838171056	230.0	16	1.05	0.95				
	115	2	170.77375059649123	34.477981192982455	0.0	0.0	1	1.0418053336114197	7.5102731845603925	230.0	16	1.05	0.95				
	116	2	53.87184561403509	10.774369122807018	0.0	0.0	1	1.0381976807361035	6.845609936525314	230.0	16	1.05	0.95				
	117	1	0.0	0.0	0.0	0.0	1	1.0432978395460188	9.680057152145986	230.0	17	1.05	0.95				
	118	2	179.39324589473685	36.63285501754386	0.0	0.0	1	1.0466548199940966	9.754439476053292	230.0	17	1.05	0.95				
	119	1	97.5080405614035	19.93258287719298	0.0	0.0	1	1.030813250061346	5.317425207241749	230.0	15	1.05	0.95				
	120	1	68.95596238596491	14.006679859649124	0.0	0.0	1	1.0288713633133935	5.015688187093791	230.0	15	1.05	0.95				
	121	2	0.0	0.0	0.0	0.0	1	1.05	11.059528836459132	230.0	17	1.05	0.95				
	122	2	0.0	0.0	0.0	0.0	1	1.05	20.611818699583463	230.0	17	1.05	0.95				
	123	2	0.0	0.0	0.0	0.0	1	1.0288285068384084	5.260123306549628	230.0	15	1.05	0.95				
	124	1	0.0	0.0	0.0	0.0	1	1.0251384057951518	4.173056162162892	230.0	16	1.05	0.95				
	201	2	54.04249959157895	11.008657324210528	0.0	0.0	2	1.0266120442100792	-11.215436382244874	138.0	21	1.05	0.95				
	202	2	48.53817092947369	10.007870294736843	0.0	0.0	2	1.02740318624529	-11.073127943841355	138.0	22	1.05	0.95				
	203	1	90.07083265263158	18.51456004526316	0.0	0.0	2	1.0179306123952714	-10.051574026841097	138.0	21	1.05	0.95				
	204	1	37.02912009052632	7.505902721052632	0.0	0.0	2	1.0172166664755187	-12.726340672019786	138.0	21	1.05	0.95				
	205	1	35.52793954631579	7.005509206315791	0.0	0.0	2	1.03209966916178	-13.025346596576176	138.0	21	1.05	0.95				
	206	1	68.05351800421053	14.011018412631582	0.0	-100.0	2	1.0427105658334612	-14.489426834205984	138.0	22	1.05	0.95				
	207	2	62.54918934210527	12.509837868421053	0.0	0.0	2	0.9900688177941501	-21.77253719621423	138.0	22	1.05	0.95				
	208	1	85.56729102	17.513773015789475	0.0	0.0	2	0.9941884789394939	-19.44805188579737	138.0	22	1.05	0.95				
	209	1	87.56886507894737	18.014166530526314	0.0	0.0	2	1.0235295754501863	-12.02968949963966	138.0	23	1.05	0.95				
	210	1	97.57673537368422	20.015740589473687	0.0	0.0	2	1.05	-13.260810265367118	138.0	23	1.05	0.95				
	211	1	0.0	0.0	0.0	0.0	2	1.009698945841777	-8.752953438848134	230.0	23	1.05	0.95				
	212	1	0.0	0.0	0.0	0.0	2	1.0106055217926058	-7.963652868520667	230.0	23	1.05	0.95				
	213	2	132.60428140526318	27.021249795789476	0.0	0.0	2	1.0066979121744717	-7.485941178394897	230.0	24	1.05	0.95				
	214	2	97.07634185894737	19.515347074736844	0.0	0.0	2	1.014499158868725	-5.9038325992007525	230.0	26	1.05	0.95				
	215	2	158.62474417157895	32.025184943157896	0.0	0.0	2	1.0324575987930167	1.3909892098126666	230.0	26	1.05	0.95				
	216	2	50.03935147368421	10.007870294736843	0.0	0.0	2	1.0333851024085812	1.1524624565129318	230.0	26	1.05	0.95				
	217	1	0.0	0.0	0.0	0.0	2	1.0377272899935468	3.843645476735439	230.0	27	1.05	0.95				
	218	2	166.63104040736843	34.026759002105265	0.0	0.0	2	1.0389105474717435	4.1570922947151345	230.0	27	1.05	0.95				
	219	1	90.57122616736842	18.51456004526316	0.0	0.0	2	1.0324961939506552	0.656857581726167	230.0	25	1.05	0.95				
	220	1	64.05036988631579	13.010231383157898	0.0	0.0	2	1.0354029410952201	1.188212730707231	230.0	25	1.05	0.95				
	221	2	0.0	0.0	0.0	0.0	2	1.0391222169789531	3.998431714806355	230.0	27	1.05	0.95				
	222	2	0.0	0.0	0.0	0.0	2	1.05	10.438940689693341	230.0	27	1.05	0.95				
	223	2	0.0	0.0	0.0	0.0	2	1.0379983276889737	1.854583719285693	230.0	25	1.05	0.95				
	224	1	0.0	0.0	0.0	0.0	2	1.0128337035861883	-2.879497262460469	230.0	26	1.05	0.95				
	301	2	51.454602985263165	10.481493200701756	0.0	0.0	3	1.011817555418852	-10.64881635833462	138.0	31	1.05	0.95				
	302	2	46.21385638491228	9.528630182456142	0.0	0.0	3	1.0108048233671383	-10.903167968813753	138.0	32	1.05	0.95				
	303	1	85.75767164210527	17.62796583754386	0.0	0.0	3	1.0427312661884882	-0.574147358346644	138.0	31	1.05	0.95				
	304	1	35.25593167508772	7.146472636842106	0.0	0.0	3	1.0105774261935727	-9.741950507460421	138.0	31	1.05	0.95				
	305	1	33.8266371477193	6.6700411277192995	0.0	0.0	3	1.0249277983776597	-10.821702668518082	138.0	31	1.05	0.95				
	306	1	64.79468524070177	13.340082255438599	0.0	-100.0	3	1.039762265004691	-11.481266418047664	138.0	32	1.05	0.95				
	307	2	59.55393864035088	11.910787728070177	0.0	0.0	3	0.9909954111846222	-16.78301943248413	138.0	32	1.05	0.95				
	308	1	81.46978806	16.675102819298246	0.0	0.0	3	0.9961005525147968	-14.594914786845118	138.0	32	1.05	0.95				
	309	1	83.37551409649124	17.151534328421054	0.0	0.0	3	1.0253925451110921	-6.835506810490925	138.0	33	1.05	0.95				
	310	1	92.90414427894737	19.057260364912285	0.0	0.0	3	1.05	-9.462546027941498	138.0	33	1.05	0.95				
	311	1	0.0	0.0	0.0	0.0	3	1.0090984159016845	-4.333953663402873	230.0	33	1.05	0.95				
	312	1	0.0	0.0	0.0	0.0	3	1.0128950134775974	-3.831168254750455	230.0	33	1.05	0.95				
	313	2	126.25434991754388	25.727301492631582	0.0	0.0	3	1.0112977074023837	-1.1957545514848622	230.0	34	1.05	0.95				
	314	2	92.42771276982457	18.580828855789477	0.0	0.0	3	1.00810998295498	-3.1687530660438923	230.0	36	1.05	0.95				
	315	2	151.02878839192982	30.491616583859653	0.0	0.0	3	1.0347223528125258	-0.43036732167666797	230.0	36	1.05	0.95				
	316	2	47.64315091228071	9.528630182456142	0.0	0.0	3	1.031719474948473	-0.12332827593506207	230.0	36	1.05	0.95				
	317	1	0.0	0.0	0.0	0.0	3	1.03910650220852	1.6335337268552848	230.0	37	1.05	0.95				
	318	2	158.65169253789475	32.397342620350884	0.0	0.0	3	1.03714050944936	0.7688697469627249	230.0	37	1.05	0.95				
	319	1	86.23410315122808	17.62796583754386	0.0	0.0	3	1.0271483943414337	-0.33545406725134896	230.0	35	1.05	0.95				
	320	1	60.983233167719305	12.387219237192983	0.0	0.0	3	1.025475724062368	-0.06572757228016315	230.0	35	1.05	0.95				
	321	2	0.0	0.0	0.0	0.0	3	1.0381889830171713	0.9269332068512752	230.0	37	1.05	0.95				
	322	2	0.0	0.0	0.0	0.0	3	1.0499999985319324	5.5168350336196434	230.0	37	1.05	0.95				
	323	2	0.0	0.0	0.0	0.0	3	1.0252175519344573	0.38068996497025803	230.0	35	1.05	0.95				
	324	1	0.0	0.0	0.0	0.0	3	1.0344314069607399	0.02619263535413922	230.0	36	1.05	0.95				
	325	1	0.0	0.0	0.0	0.0	3	1.024912808561591	1.2963317435967303	230.0	35	1.05	0.95				
];
