%% MATPOWER Case Format : Version 2
function mpc = RTS_GMLC
mpc.version = '2';

%%-----  Power Flow Data  -----%%
%% system MVA base
mpc.baseMVA = 100.0;
%% bus data
%    bus_i    type    Pd    Qd    Gs    Bs    area    Vm    Va    baseKV    zone    Vmax    Vmin
mpc.bus = [
	101	2	36.09797130189474	7.353290450385964	0.0	0.0	1	1.0149335412359726	2.115132769414739	138.0	11	1.05	0.95				
	102	2	32.42132607670175	6.684809500350878	0.0	0.0	1	1.0125177403805616	1.4425924180942609	138.0	12	1.05	0.95				
	103	1	60.163285503157894	12.366897575649121	0.0	0.0	1	1.029766647586726	3.9502696130222312	138.0	11	1.05	0.95				
	104	1	24.733795151298242	5.0136071252631575	0.0	0.0	1	1.0142033136937358	-0.3829620713223505	138.0	11	1.05	0.95				
	105	1	23.73107372624561	4.679366650245615	0.0	0.0	1	1.028038241790026	-0.3699460334760413	138.0	11	1.05	0.95				
	106	1	45.45670460238597	9.35873330049123	0.0	-100.0	1	1.0435952819907508	-2.2558801701991156	138.0	12	1.05	0.95				
	107	2	41.78005937719298	8.356011875438597	0.0	0.0	1	0.9837307353406795	-7.911206644202672	138.0	12	1.05	0.95				
	108	1	57.15512122799999	11.698416625614033	0.0	0.0	1	0.9970710300672336	-6.0551450279593	138.0	12	1.05	0.95				
	109	1	58.49208312807017	12.032657100631578	0.0	0.0	1	1.0244670693987792	-0.4688038817994859	138.0	13	1.05	0.95				
	110	1	65.17689262842104	13.369619000701755	0.0	0.0	1	1.05	-1.7779313582086347	138.0	13	1.05	0.95				
	111	1	0.0	0.0	0.0	0.0	1	1.0118388554269429	1.454404440780094	230.0	13	1.05	0.95				
	112	1	0.0	0.0	0.0	0.0	1	1.008927870851664	0.26818038433275954	230.0	13	1.05	0.95				
	113	3	88.57372587964912	18.04898565094737	0.0	0.0	1	0.9849219771655757	-4.551086939632583e-29	230.0	14	1.05	0.95				
	114	2	64.8426521534035	13.03537852568421	0.0	0.0	1	1.03654722682582	5.248259745271349	230.0	16	1.05	0.95				
	115	2	105.95423058056139	21.391390401122806	0.0	0.0	1	1.043114479940237	14.506233041276435	230.0	16	1.05	0.95				
	116	2	33.42404750175439	6.684809500350878	0.0	0.0	1	1.0416162577114854	12.715352828191099	230.0	16	1.05	0.95				
	117	1	0.0	0.0	0.0	0.0	1	1.0412305120047227	18.540198147621055	230.0	17	1.05	0.95				
	118	2	111.3020781808421	22.728352301192984	0.0	0.0	1	1.05	19.068074070605213	230.0	17	1.05	0.95				
	119	1	60.49752597817544	12.366897575649121	0.0	0.0	1	1.0361168060017372	8.533279746809384	230.0	15	1.05	0.95				
	120	1	42.78278080224561	8.69025235045614	0.0	0.0	1	1.0371459124064801	5.52874914530619	230.0	15	1.05	0.95				
	121	2	0.0	0.0	0.0	0.0	1	1.0430848506186174	20.430580305069064	230.0	17	1.05	0.95				
	122	2	0.0	0.0	0.0	0.0	1	1.05	38.39327059936875	230.0	17	1.05	0.95				
	123	2	0.0	0.0	0.0	0.0	1	1.0385402304280609	4.132065504197643	230.0	15	1.05	0.95				
	124	1	0.0	0.0	0.0	0.0	1	1.0249159475618541	10.562979639418877	230.0	16	1.05	0.95				
	201	2	44.675586341052636	9.100582402807019	0.0	0.0	2	1.012528834322432	-13.830325940563883	138.0	21	1.05	0.95				
	202	2	40.125295139649126	8.273256729824563	0.0	0.0	2	1.0117470111976647	-14.12257211153749	138.0	22	1.05	0.95				
	203	1	74.45931056842106	15.305524950175439	0.0	0.0	2	1.0102627168984182	-9.489849073662915	138.0	21	1.05	0.95				
	204	1	30.611049900350878	6.204942547368421	0.0	0.0	2	1.0108470672174708	-13.667919467814343	138.0	21	1.05	0.95				
	205	1	29.370061390877193	5.791279710877194	0.0	0.0	2	1.026220524265556	-14.138679063636259	138.0	21	1.05	0.95				
	206	1	56.25814576280702	11.582559421754388	0.0	-100.0	2	1.0418066479951684	-14.830841429307032	138.0	22	1.05	0.95				
	207	2	51.70785456140351	10.341570912280702	0.0	0.0	2	0.995284989287511	-19.778498696643688	138.0	22	1.05	0.95				
	208	1	70.73634504	14.478199277192981	0.0	0.0	2	1.000579159526372	-17.910122304012393	138.0	22	1.05	0.95				
	209	1	72.39099638596491	14.89186211368421	0.0	0.0	2	1.0221152785921772	-11.579005940764532	138.0	23	1.05	0.95				
	210	1	80.66425311578948	16.546513459649127	0.0	0.0	2	1.05	-13.11476350755582	138.0	23	1.05	0.95				
	211	1	0.0	0.0	0.0	0.0	2	1.0078463696873972	-8.481344925952238	230.0	23	1.05	0.95				
	212	1	0.0	0.0	0.0	0.0	2	1.0082613652401433	-7.470907917450853	230.0	23	1.05	0.95				
	213	2	109.62065167017545	22.337793170526318	0.0	0.0	2	1.0050396812107678	-6.816433812648051	230.0	24	1.05	0.95				
	214	2	80.25059027929825	16.132850623157896	0.0	0.0	2	1.0111702195553485	-5.986875209392603	230.0	26	1.05	0.95				
	215	2	131.1311191677193	26.474421535438598	0.0	0.0	2	1.0222874550734267	0.06961022484461787	230.0	26	1.05	0.95				
	216	2	41.366283649122806	8.273256729824563	0.0	0.0	2	1.0258566809590959	0.07356466717252354	230.0	26	1.05	0.95				
	217	1	0.0	0.0	0.0	0.0	2	1.0323314743763925	1.585010692369338	230.0	27	1.05	0.95				
	218	2	137.74972455157896	28.12907288140351	0.0	0.0	2	1.0304656428165526	1.0566501554008387	230.0	27	1.05	0.95				
	219	1	74.87297340491229	15.305524950175439	0.0	0.0	2	1.0264942004766795	0.44819341726188955	230.0	25	1.05	0.95				
	220	1	52.948843070877196	10.75523374877193	0.0	0.0	2	1.029835256710287	1.578945080345786	230.0	25	1.05	0.95				
	221	2	0.0	0.0	0.0	0.0	2	1.0309028676676553	1.5315615560689213	230.0	27	1.05	0.95				
	222	2	0.0	0.0	0.0	0.0	2	1.05	8.04661194111177	230.0	27	1.05	0.95				
	223	2	0.0	0.0	0.0	0.0	2	1.0325060784403683	2.5131013200249255	230.0	25	1.05	0.95				
	224	1	0.0	0.0	0.0	0.0	2	1.0060277258817376	-3.503390767995493	230.0	26	1.05	0.95				
	301	2	50.685858909473694	10.324897185263158	0.0	0.0	3	1.0100363594391604	-9.134763559577095	138.0	31	1.05	0.95				
	302	2	45.52341031684211	9.386270168421055	0.0	0.0	3	1.0094555813072301	-9.259548540809003	138.0	32	1.05	0.95				
	303	1	84.47643151578949	17.364599811578948	0.0	0.0	3	1.0238055715188121	-2.9794269267625433	138.0	31	1.05	0.95				
	304	1	34.729199623157896	7.03970262631579	0.0	0.0	3	1.0101648552639664	-7.695305608830922	138.0	31	1.05	0.95				
	305	1	33.32125909789474	6.570389117894739	0.0	0.0	3	1.0238492642141634	-8.50038948176325	138.0	31	1.05	0.95				
	306	1	63.82663714526316	13.140778235789478	0.0	-100.0	3	1.0395957560703066	-8.694284972554906	138.0	32	1.05	0.95				
	307	2	58.66418855263158	11.732837710526317	0.0	0.0	3	0.994897990214531	-13.929440089959211	138.0	32	1.05	0.95				
	308	1	80.25260994000001	16.425972794736843	0.0	0.0	3	0.9988444526115812	-11.772475037500788	138.0	32	1.05	0.95				
	309	1	82.12986397368422	16.895286303157896	0.0	0.0	3	1.0259227330572862	-4.494483227573094	138.0	33	1.05	0.95				
	310	1	91.51613414210527	18.77254033684211	0.0	0.0	3	1.05	-6.357163488044092	138.0	33	1.05	0.95				
	311	1	0.0	0.0	0.0	0.0	3	1.0114858940061071	0.046550595492198914	230.0	33	1.05	0.95				
	312	1	0.0	0.0	0.0	0.0	3	1.0103948237882103	0.2637814401106013	230.0	33	1.05	0.95				
	313	2	124.36807973157894	25.342929454736847	0.0	0.0	3	1.0116834429167618	3.3848848042634083	230.0	34	1.05	0.95				
	314	2	91.04682063368422	18.303226828421053	0.0	0.0	3	1.0204309572639887	2.6423866711892736	230.0	36	1.05	0.95				
	315	2	148.7723821694737	30.03606453894737	0.0	0.0	3	1.0417503453928083	8.328352493503873	230.0	36	1.05	0.95				
	316	2	46.93135084210527	9.386270168421055	0.0	0.0	3	1.041120341844645	9.116839294180187	230.0	36	1.05	0.95				
	317	1	0.0	0.0	0.0	0.0	3	1.05	14.406115918942612	230.0	37	1.05	0.95				
	318	2	156.28139830421054	31.91331857263158	0.0	0.0	3	1.0437397921917009	11.586999955177161	230.0	37	1.05	0.95				
	319	1	84.94574502421054	17.364599811578948	0.0	0.0	3	1.0326316437026297	7.5609659529413715	230.0	35	1.05	0.95				
	320	1	60.07212907789474	12.20215121894737	0.0	0.0	3	1.0289531745118146	7.099220489151576	230.0	35	1.05	0.95				
	321	2	0.0	0.0	0.0	0.0	3	1.0447982222440497	11.148996189428045	230.0	37	1.05	0.95				
	322	2	0.0	0.0	0.0	0.0	3	1.05	16.769556833417283	230.0	37	1.05	0.95				
	323	2	0.0	0.0	0.0	0.0	3	1.0276162785764267	7.204165612141047	230.0	35	1.05	0.95				
	324	1	0.0	0.0	0.0	0.0	3	1.0208993081014375	4.121726908799211	230.0	36	1.05	0.95				
	325	1	0.0	0.0	0.0	0.0	3	1.0253798047560412	8.316140750476949	230.0	35	1.05	0.95				
];
