%% MATPOWER Case Format : Version 2
function mpc = RTS_GMLC
mpc.version = '2';

%%-----  Power Flow Data  -----%%
%% system MVA base
mpc.baseMVA = 100.0;
%% bus data
%    bus_i    type    Pd    Qd    Gs    Bs    area    Vm    Va    baseKV    zone    Vmax    Vmin
mpc.bus = [
	101	2	42.16328549052633	8.588817414736843	0.0	0.0	1	1.033688762237172	3.080460446040683	138.0	11	1.05	0.95				
	102	2	37.8688767831579	7.808015831578949	0.0	0.0	1	1.0314039466060811	2.4548946467925936	138.0	12	1.05	0.95				
	103	1	70.27214248421053	14.444829288421055	0.0	0.0	1	1.0356155202899096	2.392018210742104	138.0	11	1.05	0.95				
	104	1	28.88965857684211	5.856011873684211	0.0	0.0	1	1.024574849201734	-0.1282958886048503	138.0	11	1.05	0.95				
	105	1	27.718456202105262	5.465611082105264	0.0	0.0	1	1.036017585110746	-0.5329699049698332	138.0	11	1.05	0.95				
	106	1	53.09450765473686	10.931222164210528	0.0	-100.0	1	1.045833564478349	-3.0800153911207095	138.0	12	1.05	0.95				
	107	2	48.800098947368426	9.760019789473686	0.0	0.0	1	0.9997964090808347	-11.186205210588811	138.0	12	1.05	0.95				
	108	1	66.75853536000001	13.664027705263159	0.0	0.0	1	1.0037348704526177	-8.642958157898265	138.0	12	1.05	0.95				
	109	1	68.3201385263158	14.054428496842105	0.0	0.0	1	1.0252638004000358	-1.7898312065020656	138.0	13	1.05	0.95				
	110	1	76.12815435789474	15.616031663157898	0.0	0.0	1	1.05	-2.9678758585174903	138.0	13	1.05	0.95				
	111	1	0.0	0.0	0.0	0.0	1	1.003835275142815	-0.24362106657246418	230.0	13	1.05	0.95				
	112	1	0.0	0.0	0.0	0.0	1	1.0096097236843866	-0.8332555685667064	230.0	13	1.05	0.95				
	113	3	103.45620976842108	21.081642745263164	0.0	0.0	1	0.9970352330893946	-6.73023320995735e-31	230.0	14	1.05	0.95				
	114	2	75.7377535663158	15.225630871578948	0.0	0.0	1	0.9997453012332024	1.813353929897017	230.0	16	1.05	0.95				
	115	2	123.75705093052633	24.985650661052635	0.0	0.0	1	1.0390327633504104	8.26119763163553	230.0	16	1.05	0.95				
	116	2	39.040079157894745	7.808015831578949	0.0	0.0	1	1.0345912288033023	6.92100889942623	230.0	16	1.05	0.95				
	117	1	0.0	0.0	0.0	0.0	1	1.0422857817685582	10.586157038560842	230.0	17	1.05	0.95				
	118	2	130.0034635957895	26.54725382736843	0.0	0.0	1	1.0465712835646217	11.49621454848878	230.0	17	1.05	0.95				
	119	1	70.66254327578947	14.444829288421055	0.0	0.0	1	1.024546750225199	4.304893779376896	230.0	15	1.05	0.95				
	120	1	49.97130132210527	10.150420581052632	0.0	0.0	1	1.0186900943848274	2.163896033757251	230.0	15	1.05	0.95				
	121	2	0.0	0.0	0.0	0.0	1	1.0491977777896735	12.84123382893129	230.0	17	1.05	0.95				
	122	2	0.0	0.0	0.0	0.0	1	1.05	18.489262844078173	230.0	17	1.05	0.95				
	123	2	0.0	0.0	0.0	0.0	1	1.0161290072193256	1.283905012537528	230.0	15	1.05	0.95				
	124	1	0.0	0.0	0.0	0.0	1	1.0296342287819649	6.052545404136614	230.0	16	1.05	0.95				
	201	2	42.261608690526316	8.608846214736841	0.0	0.0	2	1.0144084098620607	-18.489485137749654	138.0	21	1.05	0.95				
	202	2	37.957185583157894	7.826223831578948	0.0	0.0	2	1.0134480957309955	-18.8065217687175	138.0	22	1.05	0.95				
	203	1	70.43601448421052	14.478514088421052	0.0	0.0	2	1.0152246860724	-13.410705623692394	138.0	21	1.05	0.95				
	204	1	28.957028176842105	5.86966787368421	0.0	0.0	2	1.0120369890115704	-18.518845119634694	138.0	21	1.05	0.95				
	205	1	27.78309460210526	5.478356682105264	0.0	0.0	2	1.0275238145989252	-19.053363651449843	138.0	21	1.05	0.95				
	206	1	53.218322054736845	10.956713364210527	0.0	-100.0	2	1.0428381815208465	-19.87075936781396	138.0	22	1.05	0.95				
	207	2	48.913898947368416	9.782779789473683	0.0	0.0	2	0.9956678751562069	-24.49902027656811	138.0	22	1.05	0.95				
	208	1	66.91421376	13.695891705263156	0.0	0.0	2	1.0016555248592056	-22.749484614781675	138.0	22	1.05	0.95				
	209	1	68.47945852631578	14.087202896842104	0.0	0.0	2	1.0219251128402027	-16.656848611125696	138.0	23	1.05	0.95				
	210	1	76.30568235789474	15.652447663157895	0.0	0.0	2	1.05	-18.35766755128879	138.0	23	1.05	0.95				
	211	1	0.0	0.0	0.0	0.0	2	1.0060786484307942	-13.821922970474137	230.0	23	1.05	0.95				
	212	1	0.0	0.0	0.0	0.0	2	1.0070964048227014	-13.626177725656852	230.0	23	1.05	0.95				
	213	2	103.69746576842105	21.130804345263158	0.0	0.0	2	0.9998350084328734	-12.983403763860284	230.0	24	1.05	0.95				
	214	2	75.91437116631579	15.261136471578945	0.0	0.0	2	1.0103681985197621	-10.77090705804193	230.0	26	1.05	0.95				
	215	2	124.04564773052631	25.04391626105263	0.0	0.0	2	1.0247164534796234	-2.9874704233455422	230.0	26	1.05	0.95				
	216	2	39.13111915789473	7.826223831578948	0.0	0.0	2	1.0251110453100176	-4.068319392545689	230.0	26	1.05	0.95				
	217	1	0.0	0.0	0.0	0.0	2	1.0284564748307667	-1.9794356569830198	230.0	27	1.05	0.95				
	218	2	130.30662679578947	26.609161027368422	0.0	0.0	2	1.0283509050869744	-2.3430914597225336	230.0	27	1.05	0.95				
	219	1	70.82732567578947	14.478514088421052	0.0	0.0	2	1.0225979554687294	-5.440099447775733	230.0	25	1.05	0.95				
	220	1	50.08783252210526	10.174090981052633	0.0	0.0	2	1.0231761418436405	-5.863565617124026	230.0	25	1.05	0.95				
	221	2	0.0	0.0	0.0	0.0	2	1.0304112889047425	-1.763114523205179	230.0	27	1.05	0.95				
	222	2	0.0	0.0	0.0	0.0	2	1.0499999983809203	4.644055937265386	230.0	27	1.05	0.95				
	223	2	0.0	0.0	0.0	0.0	2	1.023840458813065	-5.792643089197828	230.0	25	1.05	0.95				
	224	1	0.0	0.0	0.0	0.0	2	1.0083535244743724	-6.89503951966664	230.0	26	1.05	0.95				
	301	2	64.65991774736843	13.171464726315788	0.0	0.0	3	0.9893963199997088	0.49795600247836885	138.0	31	1.05	0.95				
	302	2	58.07418538421052	11.974058842105261	0.0	0.0	3	0.9893121744886356	0.4816450520266079	138.0	32	1.05	0.95				
	303	1	107.76652957894737	22.152008857894735	0.0	0.0	3	1.0131703050683805	2.696736468487471	138.0	31	1.05	0.95				
	304	1	44.30401771578947	8.980544131578947	0.0	0.0	3	0.9984705835457676	2.5403175489948855	138.0	31	1.05	0.95				
	305	1	42.507908889473676	8.381841189473684	0.0	0.0	3	1.0101664039943117	2.646653173529042	138.0	31	1.05	0.95				
	306	1	81.42360012631579	16.76368237894737	0.0	-100.0	3	1.0302528275873448	3.1632087929655848	138.0	32	1.05	0.95				
	307	2	74.83786776315789	14.967573552631578	0.0	0.0	3	0.9873318329999285	-0.694915269396024	138.0	32	1.05	0.95				
	308	1	102.3782031	20.954602973684207	0.0	0.0	3	0.9987461024957027	1.9857445531263882	138.0	32	1.05	0.95				
	309	1	104.77301486842103	21.55330591578947	0.0	0.0	3	1.0272461752631905	6.65213866952174	138.0	33	1.05	0.95				
	310	1	116.74707371052631	23.948117684210523	0.0	0.0	3	1.05	6.690374645531402	138.0	33	1.05	0.95				
	311	1	0.0	0.0	0.0	0.0	3	1.0183116909498218	12.463805455824252	230.0	33	1.05	0.95				
	312	1	0.0	0.0	0.0	0.0	3	1.0237033242249178	14.236525686878867	230.0	33	1.05	0.95				
	313	2	158.65627965789471	32.32995887368421	0.0	0.0	3	1.044017138892704	21.117241962099758	230.0	34	1.05	0.95				
	314	2	116.14837076842105	23.349414742105264	0.0	0.0	3	1.020979211617292	10.504820771935835	230.0	36	1.05	0.95				
	315	2	189.7888326473684	38.31698829473684	0.0	0.0	3	1.0354268822985215	3.422907451497233	230.0	36	1.05	0.95				
	316	2	59.87029421052631	11.974058842105261	0.0	0.0	3	1.0382769876679319	5.116792345785455	230.0	36	1.05	0.95				
	317	1	0.0	0.0	0.0	0.0	3	1.0398966351579926	3.462761729327192	230.0	37	1.05	0.95				
	318	2	199.36807972105262	40.711800063157895	0.0	0.0	3	1.0375751981427184	2.0348119479610944	230.0	37	1.05	0.95				
	319	1	108.36523252105262	22.152008857894735	0.0	0.0	3	1.0374476956893761	8.874953356250433	230.0	35	1.05	0.95				
	320	1	76.63397658947368	15.566276494736842	0.0	0.0	3	1.0406547808804685	11.683806280767124	230.0	35	1.05	0.95				
	321	2	0.0	0.0	0.0	0.0	3	1.0385947531110722	3.072421297201613	230.0	37	1.05	0.95				
	322	2	0.0	0.0	0.0	0.0	3	1.05	7.5397840729515	230.0	37	1.05	0.95				
	323	2	0.0	0.0	0.0	0.0	3	1.042882464407398	12.847999063965455	230.0	35	1.05	0.95				
	324	1	0.0	0.0	0.0	0.0	3	1.0242251733555987	4.3252717493791675	230.0	36	1.05	0.95				
	325	1	0.0	0.0	0.0	0.0	3	1.0442870463048326	12.850222753113522	230.0	35	1.05	0.95				
];
