%% MATPOWER Case Format : Version 2
function mpc = RTS_GMLC
mpc.version = '2';

%%-----  Power Flow Data  -----%%
%% system MVA base
mpc.baseMVA = 100.0;
%% bus data
%    bus_i    type    Pd    Qd    Gs    Bs    area    Vm    Va    baseKV    zone    Vmax    Vmin
mpc.bus = [
	101	2	43.69965362526316	8.901781294035088	0.0	0.0	1	1.0493295688363444	2.5453540165247603	138.0	11	1.05	0.95				
	102	2	39.248762978245615	8.092528449122808	0.0	0.0	1	1.0483651120352953	2.223274996889217	138.0	12	1.05	0.95				
	103	1	72.83275604210527	14.971177630877195	0.0	0.0	1	1.015168047387559	0.20366096100099718	138.0	11	1.05	0.95				
	104	1	29.94235526175439	6.0693963368421056	0.0	0.0	1	1.0263706428080728	-1.2087250250296162	138.0	11	1.05	0.95				
	105	1	28.728475994385967	5.664769914385967	0.0	0.0	1	1.0439278498986042	-0.9434601406501268	138.0	11	1.05	0.95				
	106	1	55.029193454035095	11.329539828771933	0.0	-100.0	1	1.049539925922962	-3.3789545104448817	138.0	12	1.05	0.95				
	107	2	50.57830280701755	10.11566056140351	0.0	0.0	1	1.0043399386233345	-10.467481878260369	138.0	12	1.05	0.95				
	108	1	69.19111824000001	14.161924785964914	0.0	0.0	1	1.0056624391461955	-8.531134742580177	138.0	12	1.05	0.95				
	109	1	70.80962392982457	14.566551208421053	0.0	0.0	1	1.020117892007853	-2.6092358597481695	138.0	13	1.05	0.95				
	110	1	78.90215237894738	16.185056898245616	0.0	0.0	1	1.05	-3.2691111683714587	138.0	13	1.05	0.95				
	111	1	0.0	0.0	0.0	0.0	1	0.9970063008653767	-0.8500309599345532	230.0	13	1.05	0.95				
	112	1	0.0	0.0	0.0	0.0	1	1.0037771584483	-0.9575514107126897	230.0	13	1.05	0.95				
	113	3	107.22600195087719	21.84982681263158	0.0	0.0	1	0.9946595542552028	1.75696930908136e-30	230.0	14	1.05	0.95				
	114	2	78.49752595649123	15.780430475789476	0.0	0.0	1	0.9843875472714929	0.6693176009239994	230.0	16	1.05	0.95				
	115	2	128.2665759185965	25.896091037192985	0.0	0.0	1	0.9927699131986539	6.48846987471322	230.0	16	1.05	0.95				
	116	2	40.46264224561404	8.092528449122808	0.0	0.0	1	0.9926114712070839	5.397336863011273	230.0	16	1.05	0.95				
	117	1	0.0	0.0	0.0	0.0	1	0.9957354875692814	8.78328646230737	230.0	17	1.05	0.95				
	118	2	134.74059867789475	27.514596727017548	0.0	0.0	1	0.9951479747513876	9.461633432454715	230.0	17	1.05	0.95				
	119	1	73.23738246456142	14.971177630877195	0.0	0.0	1	0.9926837654823333	3.314798378355411	230.0	15	1.05	0.95				
	120	1	51.79218207438597	10.52028698385965	0.0	0.0	1	0.9961556593794921	2.250177963351682	230.0	15	1.05	0.95				
	121	2	0.0	0.0	0.0	0.0	1	0.9979647127662942	11.035907843812934	230.0	17	1.05	0.95				
	122	2	0.0	0.0	0.0	0.0	1	1.0205410698855044	17.282189807227493	230.0	17	1.05	0.95				
	123	2	0.0	0.0	0.0	0.0	1	0.9985865983248601	1.9961462832772228	230.0	15	1.05	0.95				
	124	1	0.0	0.0	0.0	0.0	1	0.9930863034853312	4.045951971617181	230.0	16	1.05	0.95				
	201	2	40.7316228631579	8.29718243508772	0.0	0.0	2	1.0122902291257498	-14.93342746220973	138.0	21	1.05	0.95				
	202	2	36.58303164561404	7.542893122807019	0.0	0.0	2	1.0113991245624256	-15.22549022299598	138.0	22	1.05	0.95				
	203	1	67.88603810526317	13.954352277192983	0.0	0.0	2	1.0154362913172401	-10.830515361056525	138.0	21	1.05	0.95				
	204	1	27.908704554385967	5.657169842105263	0.0	0.0	2	1.0118325978173217	-14.945008682398973	138.0	21	1.05	0.95				
	205	1	26.777270585964914	5.280025185964914	0.0	0.0	2	1.0266335704747798	-15.389618526209937	138.0	21	1.05	0.95				
	206	1	51.29167323508773	10.560050371929828	0.0	-100.0	2	1.042752732160833	-16.132812216706625	138.0	22	1.05	0.95				
	207	2	47.14308201754386	9.428616403508773	0.0	0.0	2	0.9945911261704536	-20.576722428674387	138.0	22	1.05	0.95				
	208	1	64.4917362	13.200062964912282	0.0	0.0	2	1.0017820010083678	-18.910552904722323	138.0	22	1.05	0.95				
	209	1	66.00031482456141	13.577207621052633	0.0	0.0	2	1.0226995252131272	-13.147615420033937	138.0	23	1.05	0.95				
	210	1	73.54320794736843	15.085786245614038	0.0	0.0	2	1.05	-14.6289352961734	138.0	23	1.05	0.95				
	211	1	0.0	0.0	0.0	0.0	2	1.004074853598976	-10.305619521373321	230.0	23	1.05	0.95				
	212	1	0.0	0.0	0.0	0.0	2	1.0092475444673696	-9.80962649805193	230.0	23	1.05	0.95				
	213	2	99.94333387719298	20.36581143157895	0.0	0.0	2	1.0017888906627963	-9.191369596491066	230.0	24	1.05	0.95				
	214	2	73.16606329122808	14.708641589473686	0.0	0.0	2	1.0020186721882938	-7.564469921052544	230.0	26	1.05	0.95				
	215	2	119.55485599649126	24.13725799298246	0.0	0.0	2	1.0182543170191602	-0.7396596612799714	230.0	26	1.05	0.95				
	216	2	37.71446561403509	7.542893122807019	0.0	0.0	2	1.0188677233059387	-1.4061594871253962	230.0	26	1.05	0.95				
	217	1	0.0	0.0	0.0	0.0	2	1.0204150268403174	0.2388340214844953	230.0	27	1.05	0.95				
	218	2	125.58917049473686	25.645836617543864	0.0	0.0	2	1.020398850192496	-0.09119107511773379	230.0	27	1.05	0.95				
	219	1	68.26318276140351	13.954352277192983	0.0	0.0	2	1.0231505244634256	-2.092888287482855	230.0	25	1.05	0.95				
	220	1	48.27451598596492	9.805761059649125	0.0	0.0	2	1.029191861861289	-1.9433204966576307	230.0	25	1.05	0.95				
	221	2	0.0	0.0	0.0	0.0	2	1.0231989406278406	0.4954753453754896	230.0	27	1.05	0.95				
	222	2	0.0	0.0	0.0	0.0	2	1.044483680260096	6.954889646337131	230.0	27	1.05	0.95				
	223	2	0.0	0.0	0.0	0.0	2	1.0328502020219357	-1.574438646250449	230.0	25	1.05	0.95				
	224	1	0.0	0.0	0.0	0.0	2	1.0048654803267036	-4.54752780649185	230.0	26	1.05	0.95				
	301	2	53.26542234947368	10.850363811929824	0.0	0.0	3	1.0476950679633275	6.195243011276935	138.0	31	1.05	0.95				
	302	2	47.84024044350876	9.863967101754385	0.0	0.0	3	1.0426987425786771	5.86680907446969	138.0	32	1.05	0.95				
	303	1	88.77570391578948	18.248339138245612	0.0	0.0	3	1.0496609474066958	21.41785768518642	138.0	31	1.05	0.95				
	304	1	36.496678276491224	7.397975326315788	0.0	0.0	3	1.0198521194006445	7.102745596058538	138.0	31	1.05	0.95				
	305	1	35.01708321122807	6.90477697122807	0.0	0.0	3	1.043156644257097	5.301039625717359	138.0	31	1.05	0.95				
	306	1	67.07497629192983	13.80955394245614	0.0	-100.0	3	1.0470469761436467	4.2154068695905345	138.0	32	1.05	0.95				
	307	2	61.64979438596491	12.329958877192981	0.0	0.0	3	0.95	1.9893438896176374	138.0	32	1.05	0.95				
	308	1	84.33691871999999	17.261942428070174	0.0	0.0	3	0.9721862466244976	3.202525864542224	138.0	32	1.05	0.95				
	309	1	86.30971214035087	17.75514078315789	0.0	0.0	3	1.0167203434205367	10.176906859813379	138.0	33	1.05	0.95				
	310	1	96.17367924210525	19.72793420350877	0.0	0.0	3	1.05	5.937007204875256	138.0	33	1.05	0.95				
	311	1	0.0	0.0	0.0	0.0	3	1.0022910177283637	9.227162684679572	230.0	33	1.05	0.95				
	312	1	0.0	0.0	0.0	0.0	3	1.0076218316171577	10.02860560826566	230.0	33	1.05	0.95				
	313	2	130.6975640982456	26.63271117473684	0.0	0.0	3	1.0033026904110436	12.177142331434887	230.0	34	1.05	0.95				
	314	2	95.68048088701752	19.234735848421053	0.0	0.0	3	0.99357537485624	7.9354140384871	230.0	36	1.05	0.95				
	315	2	156.343878562807	31.564694725614036	0.0	0.0	3	1.0396451324537523	6.4549206873304765	230.0	36	1.05	0.95				
	316	2	49.319835508771924	9.863967101754385	0.0	0.0	3	1.0197262294095482	6.16046561755099	230.0	36	1.05	0.95				
	317	1	0.0	0.0	0.0	0.0	3	1.0384997354459475	5.714335561128063	230.0	37	1.05	0.95				
	318	2	164.23505224421052	33.537488145964915	0.0	0.0	3	1.044907454170695	4.764259040529234	230.0	37	1.05	0.95				
	319	1	89.26890227087719	18.248339138245612	0.0	0.0	3	1.0114696916022214	7.234326009288502	230.0	35	1.05	0.95				
	320	1	63.12938945122807	12.823157232280701	0.0	0.0	3	1.0059701509109007	8.184413413698435	230.0	35	1.05	0.95				
	321	2	0.0	0.0	0.0	0.0	3	1.05	5.835537440239767	230.0	37	1.05	0.95				
	322	2	0.0	0.0	0.0	0.0	3	1.05	10.121727954730893	230.0	37	1.05	0.95				
	323	2	0.0	0.0	0.0	0.0	3	1.0037378780406123	8.94555550820355	230.0	35	1.05	0.95				
	324	1	0.0	0.0	0.0	0.0	3	1.0398061804924121	13.38151897643385	230.0	36	1.05	0.95				
	325	1	0.0	0.0	0.0	0.0	3	1.0036972477489692	9.1159116249864	230.0	35	1.05	0.95				
];
