%% MATPOWER Case Format : Version 2
function mpc = RTS_GMLC
mpc.version = '2';

%%-----  Power Flow Data  -----%%
%% system MVA base
mpc.baseMVA = 100.0;
%% bus data
%    bus_i    type    Pd    Qd    Gs    Bs    area    Vm    Va    baseKV    zone    Vmax    Vmin
mpc.bus = [
	101	2	38.93023254315789	7.93023255508772	0.0	0.0	1	1.027486807274586	0.9947289978058006	138.0	11	1.05	0.95				
	102	2	34.965116265614036	7.209302322807018	0.0	0.0	1	1.0258310806093625	0.5524961183584832	138.0	12	1.05	0.95				
	103	1	64.88372090526315	13.337209297192981	0.0	0.0	1	1.030802996992469	0.684652482799313	138.0	11	1.05	0.95				
	104	1	26.674418594385962	5.406976742105263	0.0	0.0	1	1.0196585922233354	-1.8212151287706762	138.0	11	1.05	0.95				
	105	1	25.593023245964915	5.0465116259649125	0.0	0.0	1	1.0339963568101644	-1.6672786223481824	138.0	11	1.05	0.95				
	106	1	49.02325579508772	10.093023251929825	0.0	-100.0	1	1.0459389580643197	-3.62462819495232	138.0	12	1.05	0.95				
	107	2	45.05813951754386	9.011627903508773	0.0	0.0	1	1.0010496264515227	-9.28146677477777	138.0	12	1.05	0.95				
	108	1	61.63953486	12.61627906491228	0.0	0.0	1	1.0065441602729073	-7.623603856358663	138.0	12	1.05	0.95				
	109	1	63.081395324561406	12.976744181052629	0.0	0.0	1	1.0246556341757544	-2.2776879302847224	138.0	13	1.05	0.95				
	110	1	70.29069764736842	14.418604645614035	0.0	0.0	1	1.05	-3.208254230946299	138.0	13	1.05	0.95				
	111	1	0.0	0.0	0.0	0.0	1	1.0023007316937047	-0.28686857741848193	230.0	13	1.05	0.95				
	112	1	0.0	0.0	0.0	0.0	1	1.0067588698188905	-0.8813687783263423	230.0	13	1.05	0.95				
	113	3	95.52325577719297	19.465116271578946	0.0	0.0	1	0.9928057532253195	7.836491176476293e-29	230.0	14	1.05	0.95				
	114	2	69.93023253122807	14.058139529473685	0.0	0.0	1	1.0002768086131106	2.0620515120753677	230.0	16	1.05	0.95				
	115	2	114.26744181649123	23.06976743298246	0.0	0.0	1	1.039705138207845	8.606687481782416	230.0	16	1.05	0.95				
	116	2	36.04651161403509	7.209302322807018	0.0	0.0	1	1.0340674887395251	7.3984956610441275	230.0	16	1.05	0.95				
	117	1	0.0	0.0	0.0	0.0	1	1.0407695540040522	11.645553522219588	230.0	17	1.05	0.95				
	118	2	120.03488367473685	24.51162789754386	0.0	0.0	1	1.0475876295346476	12.030407012421364	230.0	17	1.05	0.95				
	119	1	65.24418602140351	13.337209297192981	0.0	0.0	1	1.0220355647314914	4.50137645288615	230.0	15	1.05	0.95				
	120	1	46.13953486596492	9.372093019649123	0.0	0.0	1	1.0155083410569266	2.6532960964123666	230.0	15	1.05	0.95				
	121	2	0.0	0.0	0.0	0.0	1	1.05	13.241360693250407	230.0	17	1.05	0.95				
	122	2	0.0	0.0	0.0	0.0	1	1.05	25.884565334188665	230.0	17	1.05	0.95				
	123	2	0.0	0.0	0.0	0.0	1	1.0123432683466314	1.914081117398519	230.0	15	1.05	0.95				
	124	1	0.0	0.0	0.0	0.0	1	1.0262330404523294	5.638667354937576	230.0	16	1.05	0.95				
	201	2	38.50464346105263	7.843538482807016	0.0	0.0	2	1.0144386581402864	-13.24582306876106	138.0	21	1.05	0.95				
	202	2	34.58287421964912	7.130489529824562	0.0	0.0	2	1.0135369625290844	-13.523165659007304	138.0	22	1.05	0.95				
	203	1	64.17440576842105	13.191405630175437	0.0	0.0	2	1.0156430478607321	-9.660395526047648	138.0	21	1.05	0.95				
	204	1	26.382811260350874	5.3478671473684205	0.0	0.0	2	1.0131268908153463	-13.28107260812488	138.0	21	1.05	0.95				
	205	1	25.31323783087719	4.991342670877192	0.0	0.0	2	1.028023253367887	-13.67319406282704	138.0	21	1.05	0.95				
	206	1	48.48732880280701	9.982685341754385	0.0	-100.0	2	1.0438664015996315	-14.381863849752031	138.0	22	1.05	0.95				
	207	2	44.565559561403504	8.913111912280701	0.0	0.0	2	0.9968416861055114	-18.575820668948168	138.0	22	1.05	0.95				
	208	1	60.96568548	12.47835667719298	0.0	0.0	2	1.0038495454383347	-17.011321599851115	138.0	22	1.05	0.95				
	209	1	62.39178338596491	12.834881153684208	0.0	0.0	2	1.0224927754485045	-11.599093869499798	138.0	23	1.05	0.95				
	210	1	69.52227291578946	14.260979059649124	0.0	0.0	2	1.05	-12.950960786859149	138.0	23	1.05	0.95				
	211	1	0.0	0.0	0.0	0.0	2	1.0030559202455593	-8.919434758625707	230.0	23	1.05	0.95				
	212	1	0.0	0.0	0.0	0.0	2	1.0058732353289912	-8.293545110562228	230.0	23	1.05	0.95				
	213	2	94.47898627017543	19.252321730526315	0.0	0.0	2	0.997073797020149	-7.705815827063019	230.0	24	1.05	0.95				
	214	2	69.16574843929824	13.904454583157893	0.0	0.0	2	1.0024665483426636	-6.485410153458583	230.0	26	1.05	0.95				
	215	2	113.0182590477193	22.817566495438594	0.0	0.0	2	1.0180345166374942	-0.5925533504032886	230.0	26	1.05	0.95				
	216	2	35.652447649122806	7.130489529824562	0.0	0.0	2	1.0189996055524537	-0.8822836348635569	230.0	26	1.05	0.95				
	217	1	0.0	0.0	0.0	0.0	2	1.0234751492379843	0.5839947085239972	230.0	27	1.05	0.95				
	218	2	118.72265067157895	24.243664401403507	0.0	0.0	2	1.0229746711725038	0.2411781580742284	230.0	27	1.05	0.95				
	219	1	64.53093024491227	13.191405630175437	0.0	0.0	2	1.0195148646715042	-1.1350221664798812	230.0	25	1.05	0.95				
	220	1	45.63513299087719	9.269636388771929	0.0	0.0	2	1.0220074062900002	-0.6469287108663361	230.0	25	1.05	0.95				
	221	2	0.0	0.0	0.0	0.0	2	1.0249060050448884	0.7644416051440789	230.0	27	1.05	0.95				
	222	2	0.0	0.0	0.0	0.0	2	1.0467487633364267	7.2247527792840645	230.0	27	1.05	0.95				
	223	2	0.0	0.0	0.0	0.0	2	1.023717652136489	-0.10171445438485159	230.0	25	1.05	0.95				
	224	1	0.0	0.0	0.0	0.0	2	1.0059868809687547	-4.015205192508164	230.0	26	1.05	0.95				
	301	2	44.17715914105263	8.99905093614035	0.0	0.0	3	1.010654141762559	-8.986654894104493	138.0	31	1.05	0.95				
	302	2	39.67763367298245	8.180955396491228	0.0	0.0	3	1.0104167841655314	-9.191826331563647	138.0	32	1.05	0.95				
	303	1	73.62859856842104	15.13476748350877	0.0	0.0	3	1.038662334246632	-0.850948639143269	138.0	31	1.05	0.95				
	304	1	30.26953496701754	6.13571654736842	0.0	0.0	3	1.0122997729502692	-8.085689694579193	138.0	31	1.05	0.95				
	305	1	29.042391657543853	5.72666877754386	0.0	0.0	3	1.0252985144035005	-9.121581603034427	138.0	31	1.05	0.95				
	306	1	55.630496696140355	11.45333755508772	0.0	-100.0	3	1.0416211122748646	-9.697303223470799	138.0	32	1.05	0.95				
	307	2	51.13097122807018	10.226194245614034	0.0	0.0	3	0.9901470677004915	-13.973888458754544	138.0	32	1.05	0.95				
	308	1	69.94716863999999	14.316671943859646	0.0	0.0	3	0.9986323845803898	-12.16212505719232	138.0	32	1.05	0.95				
	309	1	71.58335971929823	14.72571971368421	0.0	0.0	3	1.0261500898169391	-5.500671862937411	138.0	33	1.05	0.95				
	310	1	79.76431511578946	16.361910792982457	0.0	0.0	3	1.05	-7.9376784703823065	138.0	33	1.05	0.95				
	311	1	0.0	0.0	0.0	0.0	3	1.0063159079322672	-3.110879038217631	230.0	33	1.05	0.95				
	312	1	0.0	0.0	0.0	0.0	3	1.0114802157177227	-2.5878889497959583	230.0	33	1.05	0.95				
	313	2	108.39765900350875	22.088579570526313	0.0	0.0	3	1.009275755060658	0.040856879239906524	230.0	34	1.05	0.95				
	314	2	79.3552673459649	15.952863023157892	0.0	0.0	3	1.000834645387891	-2.1357488747265974	230.0	36	1.05	0.95				
	315	2	129.66814303438593	26.179057268771928	0.0	0.0	3	1.0324075512541195	1.6688862888332303	230.0	36	1.05	0.95				
	316	2	40.904776982456134	8.180955396491228	0.0	0.0	3	1.030043510847782	1.640367588676585	230.0	36	1.05	0.95				
	317	1	0.0	0.0	0.0	0.0	3	1.0420766538430957	5.862551422144567	230.0	37	1.05	0.95				
	318	2	136.21290735157893	27.815248348070178	0.0	0.0	3	1.039120828712149	4.068822085086856	230.0	37	1.05	0.95				
	319	1	74.03764633824561	15.13476748350877	0.0	0.0	3	1.024212086388645	1.0598472217008201	230.0	35	1.05	0.95				
	320	1	52.358114537543855	10.635242015438596	0.0	0.0	3	1.021813359979635	1.3552291797729408	230.0	35	1.05	0.95				
	321	2	0.0	0.0	0.0	0.0	3	1.0388047347349918	3.874259796648606	230.0	37	1.05	0.95				
	322	2	0.0	0.0	0.0	0.0	3	1.05	8.973655415241575	230.0	37	1.05	0.95				
	323	2	0.0	0.0	0.0	0.0	3	1.021031986587508	1.8378782268410838	230.0	35	1.05	0.95				
	324	1	0.0	0.0	0.0	0.0	3	1.0293100344265258	0.7106917105564862	230.0	36	1.05	0.95				
	325	1	0.0	0.0	0.0	0.0	3	1.0207566760467355	2.819517118820877	230.0	35	1.05	0.95				
];
