%% MATPOWER Case Format : Version 2
function mpc = RTS_GMLC
mpc.version = '2';

%%-----  Power Flow Data  -----%%
%% system MVA base
mpc.baseMVA = 100.0;
%% bus data
%    bus_i    type    Pd    Qd    Gs    Bs    area    Vm    Va    baseKV    zone    Vmax    Vmin
mpc.bus = [
	101	2	35.29638792757895	7.190004948210527	0.0	0.0	1	1.0065668182401613	-1.12170112031373	138.0	11	1.05	0.95				
	102	2	31.70138545347368	6.536368134736842	0.0	0.0	1	1.0050374003193687	-1.5964324968595063	138.0	12	1.05	0.95				
	103	1	58.82731321263158	12.092281049263157	0.0	0.0	1	1.027402166626543	2.5277900095242836	138.0	11	1.05	0.95				
	104	1	24.184562098526314	4.902276101052632	0.0	0.0	1	1.0110832935046543	-2.4445593022288192	138.0	11	1.05	0.95				
	105	1	23.204106878315788	4.57545769431579	0.0	0.0	1	1.0242557192191266	-2.7440219008834745	138.0	11	1.05	0.95				
	106	1	44.44730331621053	9.15091538863158	0.0	-100.0	1	1.0423406490537706	-4.111504578901211	138.0	12	1.05	0.95				
	107	2	40.85230084210526	8.170460168421052	0.0	0.0	1	0.9820370272163593	-10.165383726217435	138.0	12	1.05	0.95				
	108	1	55.88594755199999	11.438644235789472	0.0	0.0	1	0.9958294565869615	-7.9134604456505535	138.0	12	1.05	0.95				
	109	1	57.19322117894736	11.765462642526314	0.0	0.0	1	1.0244407796547186	-1.7603815152981122	138.0	13	1.05	0.95				
	110	1	63.72958931368421	13.072736269473683	0.0	0.0	1	1.05	-3.2953406389881112	138.0	13	1.05	0.95				
	111	1	0.0	0.0	0.0	0.0	1	1.0118378545641473	0.7266203652816265	230.0	13	1.05	0.95				
	112	1	0.0	0.0	0.0	0.0	1	1.0101519634500102	-0.6092679348971022	230.0	13	1.05	0.95				
	113	3	86.60687778526315	17.648193963789474	0.0	0.0	1	0.9878834013108835	2.044305828822235e-28	230.0	14	1.05	0.95				
	114	2	63.40277090694736	12.74591786273684	0.0	0.0	1	1.0356790162850937	4.581785916162225	230.0	16	1.05	0.95				
	115	2	103.60143493557894	20.916378031157894	0.0	0.0	1	1.0421080568924954	13.981242710743087	230.0	16	1.05	0.95				
	116	2	32.681840673684206	6.536368134736842	0.0	0.0	1	1.0408739123889315	12.086231140151579	230.0	16	1.05	0.95				
	117	1	0.0	0.0	0.0	0.0	1	1.0405762456272107	18.125010557110034	230.0	17	1.05	0.95				
	118	2	108.83052944336842	22.223651658105265	0.0	0.0	1	1.0497243357411323	18.74427054836789	230.0	17	1.05	0.95				
	119	1	59.15413161936842	12.092281049263157	0.0	0.0	1	1.0364769540913714	7.5820411379650805	230.0	15	1.05	0.95				
	120	1	41.83275606231579	8.497278575157894	0.0	0.0	1	1.0390738200102645	4.29191392022535	230.0	15	1.05	0.95				
	121	2	0.0	0.0	0.0	0.0	1	1.0430624450242747	20.175193742640317	230.0	17	1.05	0.95				
	122	2	0.0	0.0	0.0	0.0	1	1.05	38.13807188345842	230.0	17	1.05	0.95				
	123	2	0.0	0.0	0.0	0.0	1	1.0414920481830616	2.735823003002995	230.0	15	1.05	0.95				
	124	1	0.0	0.0	0.0	0.0	1	1.0222704183127684	9.706851661331756	230.0	16	1.05	0.95				
	201	2	37.90964898947369	7.722335905263159	0.0	0.0	2	1.0137337434958966	-17.38985219621182	138.0	21	1.05	0.95				
	202	2	34.048481036842105	7.020305368421052	0.0	0.0	2	1.012903773800344	-17.69522182779858	138.0	22	1.05	0.95				
	203	1	63.182748315789475	12.987564931578946	0.0	0.0	2	1.01129534457214	-12.886774171764328	138.0	21	1.05	0.95				
	204	1	25.975129863157893	5.265229026315789	0.0	0.0	2	1.0121308215288511	-17.55020442762776	138.0	21	1.05	0.95				
	205	1	24.922084057894736	4.914213757894737	0.0	0.0	2	1.0277470398503255	-18.016708269199857	138.0	21	1.05	0.95				
	206	1	47.73807650526316	9.828427515789475	0.0	-100.0	2	1.0438397218434765	-18.83420858040982	138.0	22	1.05	0.95				
	207	2	43.876908552631576	8.775381710526316	0.0	0.0	2	0.9966221969649552	-22.947393018119556	138.0	22	1.05	0.95				
	208	1	60.0236109	12.28553439473684	0.0	0.0	2	1.0035905500836462	-21.40743638774909	138.0	22	1.05	0.95				
	209	1	61.427671973684205	12.636549663157895	0.0	0.0	2	1.0209668395177867	-15.965642019808774	138.0	23	1.05	0.95				
	210	1	68.44797734210526	14.040610736842105	0.0	0.0	2	1.05	-17.51079984728699	138.0	23	1.05	0.95				
	211	1	0.0	0.0	0.0	0.0	2	1.0042726354217528	-13.5214616220974	230.0	23	1.05	0.95				
	212	1	0.0	0.0	0.0	0.0	2	1.0057263877996232	-13.294093204134647	230.0	23	1.05	0.95				
	213	2	93.01904613157895	18.954824494736844	0.0	0.0	2	0.9960614803057468	-12.769547114639641	230.0	24	1.05	0.95				
	214	2	68.09696207368421	13.689595468421054	0.0	0.0	2	1.0072678431643507	-10.84754598868023	230.0	26	1.05	0.95				
	215	2	111.27184008947368	22.46497717894737	0.0	0.0	2	1.0227727766001398	-3.829904330709721	230.0	26	1.05	0.95				
	216	2	35.101526842105265	7.020305368421052	0.0	0.0	2	1.0244822651256023	-4.952898918698768	230.0	26	1.05	0.95				
	217	1	0.0	0.0	0.0	0.0	2	1.0321727533613578	-2.32570674141169	230.0	27	1.05	0.95				
	218	2	116.88808438421052	23.86903825263158	0.0	0.0	2	1.031537260670618	-2.744991313618484	230.0	27	1.05	0.95				
	219	1	63.533763584210526	12.987564931578946	0.0	0.0	2	1.0212729075881692	-6.055533108204161	230.0	25	1.05	0.95				
	220	1	44.92995435789474	9.126396978947367	0.0	0.0	2	1.0206545299399696	-6.321987236995998	230.0	25	1.05	0.95				
	221	2	0.0	0.0	0.0	0.0	2	1.0316642168818349	-2.30786679253529	230.0	27	1.05	0.95				
	222	2	0.0	0.0	0.0	0.0	2	1.05	4.179546964122562	230.0	27	1.05	0.95				
	223	2	0.0	0.0	0.0	0.0	2	1.020488969508453	-6.1932144087134136	230.0	25	1.05	0.95				
	224	1	0.0	0.0	0.0	0.0	2	1.007281219509097	-7.2159407072892385	230.0	26	1.05	0.95				
	301	2	39.29136347368421	8.003796263157895	0.0	0.0	3	1.0136998264924544	-2.822495150613662	138.0	31	1.05	0.95				
	302	2	35.28946534210527	7.276178421052632	0.0	0.0	3	1.013550985730668	-2.9388016929067686	138.0	32	1.05	0.95				
	303	1	65.4856057894737	13.460930078947367	0.0	0.0	3	1.030553809508115	2.667575915262009	138.0	31	1.05	0.95				
	304	1	26.921860157894734	5.457133815789474	0.0	0.0	3	1.0147042455977353	-1.654940395615237	138.0	31	1.05	0.95				
	305	1	25.83043339473684	5.093324894736843	0.0	0.0	3	1.027434667881439	-2.6224057268950007	138.0	31	1.05	0.95				
	306	1	49.4780132631579	10.186649789473686	0.0	-100.0	3	1.0436963114097595	-2.963640757116828	138.0	32	1.05	0.95				
	307	2	45.47611513157895	9.09522302631579	0.0	0.0	3	0.9806793176596137	-6.439554930655072	138.0	32	1.05	0.95				
	308	1	62.2113255	12.733312236842103	0.0	0.0	3	0.9950391586654203	-4.910037193594793	138.0	32	1.05	0.95				
	309	1	63.66656118421052	13.097121157894737	0.0	0.0	3	1.0263511934671048	0.8907279920380143	138.0	33	1.05	0.95				
	310	1	70.94273960526316	14.552356842105263	0.0	0.0	3	1.05	-1.2486839200841984	138.0	33	1.05	0.95				
	311	1	0.0	0.0	0.0	0.0	3	1.0041698607617606	3.3592941049425775	230.0	33	1.05	0.95				
	312	1	0.0	0.0	0.0	0.0	3	1.0084294903919866	3.744081689925605	230.0	33	1.05	0.95				
	313	2	96.40936407894736	19.645681736842104	0.0	0.0	3	1.0046578882155623	5.947882957562719	230.0	34	1.05	0.95				
	314	2	70.57893068421053	14.188547921052633	0.0	0.0	3	0.9980277312418038	4.7848958162877055	230.0	36	1.05	0.95				
	315	2	115.32742797368421	23.28377094736842	0.0	0.0	3	1.030258497404582	8.53188931941594	230.0	36	1.05	0.95				
	316	2	36.38089210526316	7.276178421052632	0.0	0.0	3	1.0277982357205218	8.891801853342464	230.0	36	1.05	0.95				
	317	1	0.0	0.0	0.0	0.0	3	1.0466505566003226	13.739588746825952	230.0	37	1.05	0.95				
	318	2	121.14837071052631	24.73900663157895	0.0	0.0	3	1.0449332804788771	10.561270699160882	230.0	37	1.05	0.95				
	319	1	65.84941471052632	13.460930078947367	0.0	0.0	3	1.0196204568703233	8.188585865517682	230.0	35	1.05	0.95				
	320	1	46.56754189473684	9.459031947368421	0.0	0.0	3	1.0147046464097875	8.293695379189725	230.0	35	1.05	0.95				
	321	2	0.0	0.0	0.0	0.0	3	1.0415292170655341	10.554988277013626	230.0	37	1.05	0.95				
	322	2	0.0	0.0	0.0	0.0	3	1.05	16.13676520435187	230.0	37	1.05	0.95				
	323	2	0.0	0.0	0.0	0.0	3	1.0123023387043024	8.642642801938031	230.0	35	1.05	0.95				
	324	1	0.0	0.0	0.0	0.0	3	1.0223311497856065	6.314777866861456	230.0	36	1.05	0.95				
	325	1	0.0	0.0	0.0	0.0	3	1.0121363979523608	9.63785637951345	230.0	35	1.05	0.95				
];
