%% MATPOWER Case Format : Version 2
function mpc = RTS_GMLC
mpc.version = '2';

%%-----  Power Flow Data  -----%%
%% system MVA base
mpc.baseMVA = 100.0;
%% bus data
%    bus_i    type    Pd    Qd    Gs    Bs    area    Vm    Va    baseKV    zone    Vmax    Vmin
mpc.bus = [
	101	2	44.91538840421053	9.149430971228071	0.0	0.0	1	1.0318233609220642	1.8872385471419901	138.0	11	1.05	0.95				
	102	2	40.340672918596496	8.317664519298246	0.0	0.0	1	1.029559415414592	1.2706999094206044	138.0	12	1.05	0.95				
	103	1	74.85898067368421	15.387679360701753	0.0	0.0	1	1.0349303209918939	2.0720005894318314	138.0	11	1.05	0.95				
	104	1	30.775358721403506	6.238248389473684	0.0	0.0	1	1.023176751987581	-0.9893575769478403	138.0	11	1.05	0.95				
	105	1	29.52770904350877	5.822365163508772	0.0	0.0	1	1.0350065548278768	-1.4363451599170929	138.0	11	1.05	0.95				
	106	1	56.56011873122807	11.644730327017545	0.0	-100.0	1	1.0449135672347114	-3.8410728883829335	138.0	12	1.05	0.95				
	107	2	51.98540324561404	10.397080649122808	0.0	0.0	1	0.9997249648424753	-11.229911164877521	138.0	12	1.05	0.95				
	108	1	71.11603164	14.555912908771928	0.0	0.0	1	1.0031950355537818	-8.944598541136891	138.0	12	1.05	0.95				
	109	1	72.77956454385965	14.971796134736842	0.0	0.0	1	1.0252426157790568	-2.1659040031092287	138.0	13	1.05	0.95				
	110	1	81.0972290631579	16.635329038596492	0.0	0.0	1	1.05	-3.4890856784995963	138.0	13	1.05	0.95				
	111	1	0.0	0.0	0.0	0.0	1	1.0049493936561886	-0.3206952527087132	230.0	13	1.05	0.95				
	112	1	0.0	0.0	0.0	0.0	1	1.0098635247833692	-0.9632369104132873	230.0	13	1.05	0.95				
	113	3	110.20905488070176	22.457694202105266	0.0	0.0	1	0.998232923158845	-5.688187611887805e-29	230.0	14	1.05	0.95				
	114	2	80.68134583719299	16.21944581263158	0.0	0.0	1	1.0030351465071596	2.032647189255615	230.0	16	1.05	0.95				
	115	2	131.8349826308772	26.616526461754386	0.0	0.0	1	1.0410883320292068	9.229701523157516	230.0	16	1.05	0.95				
	116	2	41.58832259649123	8.317664519298246	0.0	0.0	1	1.036194680348771	7.72700902659877	230.0	16	1.05	0.95				
	117	1	0.0	0.0	0.0	0.0	1	1.0433471038662652	11.792996322948433	230.0	17	1.05	0.95				
	118	2	138.4891142463158	28.280059365614036	0.0	0.0	1	1.047990801121158	12.885006380099359	230.0	17	1.05	0.95				
	119	1	75.27486389964912	15.387679360701753	0.0	0.0	1	1.0252654914250885	4.792594136430003	230.0	15	1.05	0.95				
	120	1	53.23305292350877	10.81296387508772	0.0	0.0	1	1.0195593255120368	2.5451751117202526	230.0	15	1.05	0.95				
	121	2	0.0	0.0	0.0	0.0	1	1.05	14.39356941657476	230.0	17	1.05	0.95				
	122	2	0.0	0.0	0.0	0.0	1	1.05	19.94826938373394	230.0	17	1.05	0.95				
	123	2	0.0	0.0	0.0	0.0	1	1.0172376292706677	1.625224538971723	230.0	15	1.05	0.95				
	124	1	0.0	0.0	0.0	0.0	1	1.0294170996038596	6.541496604987969	230.0	16	1.05	0.95				
	201	2	45.59357785263159	9.287580673684213	0.0	0.0	2	1.0140354663895228	-17.06941371552832	138.0	21	1.05	0.95				
	202	2	40.949787515789474	8.443255157894738	0.0	0.0	2	1.013118135969093	-17.36815487539949	138.0	22	1.05	0.95				
	203	1	75.98929642105264	15.620022042105264	0.0	0.0	2	1.0148302647425267	-12.461886557087107	138.0	21	1.05	0.95				
	204	1	31.240044084210528	6.332441368421053	0.0	0.0	2	1.0116641430406021	-16.893901003354213	138.0	21	1.05	0.95				
	205	1	29.97355581052632	5.910278610526317	0.0	0.0	2	1.026873232769067	-17.396163608957792	138.0	21	1.05	0.95				
	206	1	57.41413507368422	11.820557221052635	0.0	-100.0	2	1.0418973775205262	-18.10619467599263	138.0	22	1.05	0.95				
	207	2	52.77034473684211	10.554068947368423	0.0	0.0	2	0.9955123891317903	-23.157183687237286	138.0	22	1.05	0.95				
	208	1	72.1898316	14.775696526315791	0.0	0.0	2	1.0005081649612777	-21.24437968609434	138.0	22	1.05	0.95				
	209	1	73.87848263157896	15.197859284210526	0.0	0.0	2	1.0227975589107403	-14.756951626133615	138.0	23	1.05	0.95				
	210	1	82.32173778947369	16.886510315789476	0.0	0.0	2	1.05	-16.365038076607927	138.0	23	1.05	0.95				
	211	1	0.0	0.0	0.0	0.0	2	1.006330181643128	-11.95500048193858	230.0	23	1.05	0.95				
	212	1	0.0	0.0	0.0	0.0	2	1.009523565890872	-10.346970261145936	230.0	23	1.05	0.95				
	213	2	111.87313084210528	22.796788926315795	0.0	0.0	2	1.0011709927120427	-10.66987899994599	230.0	24	1.05	0.95				
	214	2	81.89957503157895	16.46434755789474	0.0	0.0	2	1.009026666290387	-9.367070553367784	230.0	26	1.05	0.95				
	215	2	133.8255942526316	27.01841650526316	0.0	0.0	2	1.0242796015104263	-2.199740504933401	230.0	26	1.05	0.95				
	216	2	42.21627578947369	8.443255157894738	0.0	0.0	2	1.0244542874797695	-3.1215985034045466	230.0	26	1.05	0.95				
	217	1	0.0	0.0	0.0	0.0	2	1.028223958082888	-1.245059041196875	230.0	27	1.05	0.95				
	218	2	140.5801983789474	28.70706753684211	0.0	0.0	2	1.0278795163179273	-1.6503355609697001	230.0	27	1.05	0.95				
	219	1	76.41145917894738	15.620022042105264	0.0	0.0	2	1.0223968394933274	-4.237871511634987	230.0	25	1.05	0.95				
	220	1	54.03683301052632	10.976231705263158	0.0	0.0	2	1.0235996214147127	-4.378415458504229	230.0	25	1.05	0.95				
	221	2	0.0	0.0	0.0	0.0	2	1.0299994425382593	-1.0367504486275052	230.0	27	1.05	0.95				
	222	2	0.0	0.0	0.0	0.0	2	1.049999995622512	5.373204790699462	230.0	27	1.05	0.95				
	223	2	0.0	0.0	0.0	0.0	2	1.024776949089208	-4.12930337897345	230.0	25	1.05	0.95				
	224	1	0.0	0.0	0.0	0.0	2	1.0081328503841194	-6.046846552888919	230.0	26	1.05	0.95				
	301	2	65.68490982315791	13.380259408421056	0.0	0.0	3	0.9925024324742613	9.133316094818335	138.0	31	1.05	0.95				
	302	2	58.994780118947375	12.163872189473686	0.0	0.0	3	0.9920240338748427	9.029773672484854	138.0	32	1.05	0.95				
	303	1	109.47484970526318	22.503163550526317	0.0	0.0	3	1.0290066548712866	14.405736162930651	138.0	31	1.05	0.95				
	304	1	45.006327101052634	9.122904142105263	0.0	0.0	3	1.001257191164385	11.007390782361934	138.0	31	1.05	0.95				
	305	1	43.181746272631585	8.51471053263158	0.0	0.0	3	1.012234607763933	10.565953341850765	138.0	31	1.05	0.95				
	306	1	82.71433088842107	17.02942106526316	0.0	-100.0	3	1.0309267485621796	10.681528127397977	138.0	32	1.05	0.95				
	307	2	76.02420118421054	15.204840236842108	0.0	0.0	3	0.9841578971881799	7.2644465288635995	138.0	32	1.05	0.95				
	308	1	104.00110722	21.28677633157895	0.0	0.0	3	0.997817638305151	9.968355641494606	138.0	32	1.05	0.95				
	309	1	106.43388165789476	21.894969941052633	0.0	0.0	3	1.0302807704576902	15.07937438553711	138.0	33	1.05	0.95				
	310	1	118.59775384736844	24.327744378947372	0.0	0.0	3	1.05	13.940685684257456	138.0	33	1.05	0.95				
	311	1	0.0	0.0	0.0	0.0	3	1.018414242865353	19.581505676895375	230.0	33	1.05	0.95				
	312	1	0.0	0.0	0.0	0.0	3	1.024875521804806	21.21868812132795	230.0	33	1.05	0.95				
	313	2	161.17130651052634	32.842454911578955	0.0	0.0	3	1.0436759853163178	28.377829214148843	230.0	34	1.05	0.95				
	314	2	117.98956023789475	23.71955076947369	0.0	0.0	3	1.0187238417055724	16.806686130803975	230.0	36	1.05	0.95				
	315	2	192.79737420315791	38.924391006315794	0.0	0.0	3	1.0408136789225935	9.875489423501717	230.0	36	1.05	0.95				
	316	2	60.81936094736843	12.163872189473686	0.0	0.0	3	1.041314076699147	11.18897172326148	230.0	36	1.05	0.95				
	317	1	0.0	0.0	0.0	0.0	3	1.0438960168036422	9.180748132536705	230.0	37	1.05	0.95				
	318	2	202.5284719547369	41.35716544421054	0.0	0.0	3	1.0427472628418901	7.553835431582998	230.0	37	1.05	0.95				
	319	1	110.08304331473686	22.503163550526317	0.0	0.0	3	1.0394284047662639	14.667451659348053	230.0	35	1.05	0.95				
	320	1	77.84878201263159	15.813033846315792	0.0	0.0	3	1.041666656144503	17.350837436485012	230.0	35	1.05	0.95				
	321	2	0.0	0.0	0.0	0.0	3	1.0432817647071368	8.906281777484299	230.0	37	1.05	0.95				
	322	2	0.0	0.0	0.0	0.0	3	1.05	13.341785040825597	230.0	37	1.05	0.95				
	323	2	0.0	0.0	0.0	0.0	3	1.0432875572397389	18.448790137059312	230.0	35	1.05	0.95				
	324	1	0.0	0.0	0.0	0.0	3	1.0359896345189528	13.336142993994422	230.0	36	1.05	0.95				
	325	1	0.0	0.0	0.0	0.0	3	1.0452276788021442	18.108909916256476	230.0	35	1.05	0.95				
];
