%% MATPOWER Case Format : Version 2
function mpc = RTS_GMLC
mpc.version = '2';

%%-----  Power Flow Data  -----%%
%% system MVA base
mpc.baseMVA = 100.0;
%% bus data
%    bus_i    type    Pd    Qd    Gs    Bs    area    Vm    Va    baseKV    zone    Vmax    Vmin
mpc.bus = [
	101	2	50.23255812631579	10.232558136842105	0.0	0.0	1	1.0338812692279191	2.150797074919942	138.0	11	1.05	0.95				
	102	2	45.11627905789473	9.302325578947368	0.0	0.0	1	1.0334625087108487	2.013103312763077	138.0	12	1.05	0.95				
	103	1	83.72093021052632	17.20930232105263	0.0	0.0	1	1.0278193546803143	0.011857289394720732	138.0	11	1.05	0.95				
	104	1	34.41860464210526	6.976744184210526	0.0	0.0	1	1.0210473752048883	-1.2331023782815682	138.0	11	1.05	0.95				
	105	1	33.023255805263155	6.511627905263158	0.0	0.0	1	1.0355562365816022	-1.0157820485215494	138.0	11	1.05	0.95				
	106	1	63.25581393684211	13.023255810526315	0.0	-100.0	1	1.0444395412245684	-3.2600004487278724	138.0	12	1.05	0.95				
	107	2	58.13953486842105	11.62790697368421	0.0	0.0	1	1.0115030773779192	-5.8404471397412845	138.0	12	1.05	0.95				
	108	1	79.5348837	16.279069763157892	0.0	0.0	1	1.010855644574002	-5.843946371808056	138.0	12	1.05	0.95				
	109	1	81.39534881578948	16.744186042105262	0.0	0.0	1	1.0252587622548712	-2.0074112192428823	138.0	13	1.05	0.95				
	110	1	90.69767439473684	18.604651157894736	0.0	0.0	1	1.05	-2.7619181884176767	138.0	13	1.05	0.95				
	111	1	0.0	0.0	0.0	0.0	1	1.0042809144734772	-0.3466255155868502	230.0	13	1.05	0.95				
	112	1	0.0	0.0	0.0	0.0	1	1.0096207442275613	0.23825556133971967	230.0	13	1.05	0.95				
	113	3	123.25581392105262	25.116279063157894	0.0	0.0	1	0.9974705768427229	9.719225429653156e-29	230.0	14	1.05	0.95				
	114	2	90.23255811578946	18.13953487894737	0.0	0.0	1	1.0002800648870138	1.5144857870277693	230.0	16	1.05	0.95				
	115	2	147.44186042631577	29.767441852631578	0.0	0.0	1	1.0389592127098444	7.055707615357638	230.0	16	1.05	0.95				
	116	2	46.51162789473684	9.302325578947368	0.0	0.0	1	1.0347626013352196	6.836949177163613	230.0	16	1.05	0.95				
	117	1	0.0	0.0	0.0	0.0	1	1.042540141943077	8.522527331795356	230.0	17	1.05	0.95				
	118	2	154.8837208894737	31.627906968421055	0.0	0.0	1	1.0453497053598704	8.379297870003272	230.0	17	1.05	0.95				
	119	1	84.18604648947368	17.20930232105263	0.0	0.0	1	1.0290193779679602	6.114868879383088	230.0	15	1.05	0.95				
	120	1	59.534883705263155	12.093023252631578	0.0	0.0	1	1.0273499658331873	6.386077254905808	230.0	15	1.05	0.95				
	121	2	0.0	0.0	0.0	0.0	1	1.05	9.305042257378828	230.0	17	1.05	0.95				
	122	2	0.0	0.0	0.0	0.0	1	1.05	16.415635456134265	230.0	17	1.05	0.95				
	123	2	0.0	0.0	0.0	0.0	1	1.0272133045621823	6.893083766504929	230.0	15	1.05	0.95				
	124	1	0.0	0.0	0.0	0.0	1	1.025547013782554	4.425813025274489	230.0	16	1.05	0.95				
	201	2	53.63450336842105	10.92554698245614	0.0	0.0	2	1.0309737429566679	-7.37242397097032	138.0	21	1.05	0.95				
	202	2	48.17172987719297	9.932315438596492	0.0	0.0	2	1.0313781819643546	-7.360032904156866	138.0	22	1.05	0.95				
	203	1	89.39083894736842	18.374783561403508	0.0	0.0	2	1.0207352838154684	-6.580594486008253	138.0	21	1.05	0.95				
	204	1	36.749567122807015	7.449236578947367	0.0	0.0	2	1.0188507347388698	-9.61587399040073	138.0	21	1.05	0.95				
	205	1	35.25971980701754	6.952620807017544	0.0	0.0	2	1.034132929791933	-9.79828736028504	138.0	21	1.05	0.95				
	206	1	67.53974498245614	13.905241614035088	0.0	-100.0	2	1.0435017970940252	-11.62604285631914	138.0	22	1.05	0.95				
	207	2	62.076971491228065	12.415394298245614	0.0	0.0	2	0.9890312127438008	-19.106627991960565	138.0	22	1.05	0.95				
	208	1	84.921297	17.381552017543857	0.0	0.0	2	0.9937076460815925	-16.805163748385112	138.0	22	1.05	0.95				
	209	1	86.9077600877193	17.878167789473682	0.0	0.0	2	1.0233169069026522	-9.439711748579457	138.0	23	1.05	0.95				
	210	1	96.84007552631579	19.864630877192983	0.0	0.0	2	1.05	-10.682242509344222	138.0	23	1.05	0.95				
	211	1	0.0	0.0	0.0	0.0	2	1.008696532768102	-6.607317043635506	230.0	23	1.05	0.95				
	212	1	0.0	0.0	0.0	0.0	2	1.011184783259783	-6.0527681864664595	230.0	23	1.05	0.95				
	213	2	131.6031795614035	26.817251684210525	0.0	0.0	2	1.0044927664971608	-5.726764132007528	230.0	24	1.05	0.95				
	214	2	96.34345975438595	19.368015105263158	0.0	0.0	2	1.0121891281088027	-3.846001774357846	230.0	26	1.05	0.95				
	215	2	157.42719970175438	31.783409403508774	0.0	0.0	2	1.0305290591821297	3.1698427860966625	230.0	26	1.05	0.95				
	216	2	49.661577192982456	9.932315438596492	0.0	0.0	2	1.0324005582360216	3.0551544234238555	230.0	26	1.05	0.95				
	217	1	0.0	0.0	0.0	0.0	2	1.0372714856021965	6.006822157354787	230.0	27	1.05	0.95				
	218	2	165.37305205263158	33.76987249122807	0.0	0.0	2	1.039105261280618	6.55580375892502	230.0	27	1.05	0.95				
	219	1	89.88745471929825	18.374783561403508	0.0	0.0	2	1.0316577126829551	2.043627129880897	230.0	25	1.05	0.95				
	220	1	63.56681880701755	12.91201007017544	0.0	0.0	2	1.034760026397272	2.1221351417827625	230.0	25	1.05	0.95				
	221	2	0.0	0.0	0.0	0.0	2	1.0387540745704005	6.182568075566716	230.0	27	1.05	0.95				
	222	2	0.0	0.0	0.0	0.0	2	1.05	12.614437145383553	230.0	27	1.05	0.95				
	223	2	0.0	0.0	0.0	0.0	2	1.0373310048447566	2.538048730486186	230.0	25	1.05	0.95				
	224	1	0.0	0.0	0.0	0.0	2	1.0147867525764511	-0.4836060778299804	230.0	26	1.05	0.95				
	301	2	67.58114521263158	13.766529580350875	0.0	0.0	3	1.019846391529824	-19.455776908489	138.0	31	1.05	0.95				
	302	2	60.69788042245613	12.51502689122807	0.0	0.0	3	1.0166841945464453	-19.83673136500739	138.0	32	1.05	0.95				
	303	1	112.63524202105262	23.152799748771926	0.0	0.0	3	1.05	-3.011971964668674	138.0	31	1.05	0.95				
	304	1	46.30559949754385	9.386270168421051	0.0	0.0	3	1.0084172798852107	-18.185428857801465	138.0	31	1.05	0.95				
	305	1	44.42834546385964	8.760518823859648	0.0	0.0	3	1.026978348519768	-20.232081183043505	138.0	31	1.05	0.95				
	306	1	85.10218286035087	17.521037647719297	0.0	-100.0	3	1.0367766289933857	-21.363715625626565	138.0	32	1.05	0.95				
	307	2	78.21891807017543	15.643783614035087	0.0	0.0	3	0.9857258804475856	-26.143429722506028	138.0	32	1.05	0.95				
	308	1	107.00347991999999	21.90129705964912	0.0	0.0	3	0.9871233857066027	-24.083535039562914	138.0	32	1.05	0.95				
	309	1	109.50648529824561	22.52704840421052	0.0	0.0	3	1.023218187007429	-14.258420792580164	138.0	33	1.05	0.95				
	310	1	122.02151218947368	25.03005378245614	0.0	0.0	3	1.05	-19.013437330184082	138.0	33	1.05	0.95				
	311	1	0.0	0.0	0.0	0.0	3	1.0198126820438456	-12.623012421224091	230.0	33	1.05	0.95				
	312	1	0.0	0.0	0.0	0.0	3	1.0187421903241645	-12.053006516446112	230.0	33	1.05	0.95				
	313	2	165.82410630877192	33.79057260631579	0.0	0.0	3	1.0212981489120663	-9.757594085305023	230.0	34	1.05	0.95				
	314	2	121.39576084491226	24.40430243789474	0.0	0.0	3	1.0323452667769504	-11.13190428061957	230.0	36	1.05	0.95				
	315	2	198.36317622596488	40.04808605192982	0.0	0.0	3	1.0455521108364132	-5.243817783966485	230.0	36	1.05	0.95				
	316	2	62.57513445614035	12.51502689122807	0.0	0.0	3	1.0481686784805517	-5.208406111896518	230.0	36	1.05	0.95				
	317	1	0.0	0.0	0.0	0.0	3	1.0489372164459236	-3.114295365213285	230.0	37	1.05	0.95				
	318	2	208.37519773894738	42.55109143017543	0.0	0.0	3	1.0457857670224795	-3.478372772596088	230.0	37	1.05	0.95				
	319	1	113.26099336561404	23.152799748771926	0.0	0.0	3	1.0429026055568082	-6.603460243639241	230.0	35	1.05	0.95				
	320	1	80.09617210385964	16.26953495859649	0.0	0.0	3	1.043628296791406	-6.644747015484957	230.0	35	1.05	0.95				
	321	2	0.0	0.0	0.0	0.0	3	1.047083589268134	-3.1389710244811346	230.0	37	1.05	0.95				
	322	2	0.0	0.0	0.0	0.0	3	1.05	1.2116054095907924	230.0	37	1.05	0.95				
	323	2	0.0	0.0	0.0	0.0	3	1.0454391999375137	-6.206738292200211	230.0	35	1.05	0.95				
	324	1	0.0	0.0	0.0	0.0	3	1.0440010291462876	-4.38538984233481	230.0	36	1.05	0.95				
	325	1	0.0	0.0	0.0	0.0	3	1.0410808999758547	-4.9281021411882	230.0	35	1.05	0.95				
];
