%% MATPOWER Case Format : Version 2
function mpc = RTS_GMLC
mpc.version = '2';

%%-----  Power Flow Data  -----%%
%% system MVA base
mpc.baseMVA = 100.0;
%% bus data
%    bus_i    type    Pd    Qd    Gs    Bs    area    Vm    Va    baseKV    zone    Vmax    Vmin
mpc.bus = [
	101	2	76.92528452210526	15.669965365614036	0.0	0.0	1	1.0427923168496958	1.1205258565000595	138.0	11	1.05	0.95				
	102	2	69.09030183929823	14.245423059649124	0.0	0.0	1	1.0421799397299718	0.8793510192104145	138.0	12	1.05	0.95				
	103	1	128.20880753684213	26.354032660350878	0.0	0.0	1	1.028091070598209	-0.05528733798668951	138.0	11	1.05	0.95				
	104	1	52.708065320701756	10.684067294736842	0.0	0.0	1	1.0232283964110402	-2.6153274156512367	138.0	11	1.05	0.95				
	105	1	50.571251861754384	9.971796141754387	0.0	0.0	1	1.0361063903452927	-3.0158633104907704	138.0	11	1.05	0.95				
	106	1	96.86887680561405	19.943592283508774	0.0	-100.0	1	1.038796032399772	-6.021726147034261	138.0	12	1.05	0.95				
	107	2	89.03389412280703	17.806778824561402	0.0	0.0	1	1.030072250590504	-7.334116325576829	138.0	12	1.05	0.95				
	108	1	121.79836715999998	24.929490354385962	0.0	0.0	1	1.0147107182472381	-8.269695007176662	138.0	12	1.05	0.95				
	109	1	124.64745177192982	25.64176150736842	0.0	0.0	1	1.0267145075148467	-3.540253876536216	138.0	13	1.05	0.95				
	110	1	138.89287483157895	28.490846119298247	0.0	0.0	1	1.05	-5.014101689124889	138.0	13	1.05	0.95				
	111	1	0.0	0.0	0.0	0.0	1	1.0129244372415966	-1.1039817620518548	230.0	13	1.05	0.95				
	112	1	0.0	0.0	0.0	0.0	1	1.01648684054751	-0.7380769079092564	230.0	13	1.05	0.95				
	113	3	188.75185554035087	38.46264226105263	0.0	0.0	1	1.0125138610112392	1.3806282886730766e-28	230.0	14	1.05	0.95				
	114	2	138.18060367859647	27.778574966315787	0.0	0.0	1	1.0146457821658008	1.1615384394254136	230.0	16	1.05	0.95				
	115	2	225.78995549543862	45.58535379087719	0.0	0.0	1	1.0450512283851079	9.39560252810096	230.0	16	1.05	0.95				
	116	2	71.22711529824561	14.245423059649124	0.0	0.0	1	1.042351154907147	8.636802274876548	230.0	16	1.05	0.95				
	117	1	0.0	0.0	0.0	0.0	1	1.0447680407496143	12.267225133348443	230.0	17	1.05	0.95				
	118	2	237.1862939431579	48.434438402807025	0.0	0.0	1	1.0486038474527104	12.488035130402476	230.0	17	1.05	0.95				
	119	1	128.92107868982455	26.354032660350878	0.0	0.0	1	1.0359053664306836	6.660947828930764	230.0	15	1.05	0.95				
	120	1	91.17070758175439	18.51904997754386	0.0	0.0	1	1.0360873900451113	5.847107292343999	230.0	15	1.05	0.95				
	121	2	0.0	0.0	0.0	0.0	1	1.05	13.909128242370429	230.0	17	1.05	0.95				
	122	2	0.0	0.0	0.0	0.0	1	1.05	25.394515409024883	230.0	17	1.05	0.95				
	123	2	0.0	0.0	0.0	0.0	1	1.0379716077720305	5.930250414375079	230.0	15	1.05	0.95				
	124	1	0.0	0.0	0.0	0.0	1	1.026809083314399	5.880270615737262	230.0	16	1.05	0.95				
	201	2	82.12623957473684	16.72941917263158	0.0	0.0	2	1.0387094526990495	-15.06899065490037	138.0	21	1.05	0.95				
	202	2	73.76152998842105	15.208562884210528	0.0	0.0	2	1.0390983373299072	-15.151045800840905	138.0	22	1.05	0.95				
	203	1	136.87706595789473	28.135841335789475	0.0	0.0	2	1.0209624285582408	-12.025784468515289	138.0	21	1.05	0.95				
	204	1	56.27168267157895	11.406422163157893	0.0	0.0	2	1.0181398845064513	-16.579131672222818	138.0	21	1.05	0.95				
	205	1	53.99039823894737	10.64599401894737	0.0	0.0	2	1.0346922244566334	-16.99796719886922	138.0	21	1.05	0.95				
	206	1	103.41822761263157	21.29198803789474	0.0	-100.0	2	1.0380002975856937	-18.79418481073127	138.0	22	1.05	0.95				
	207	2	95.05351802631579	19.010703605263156	0.0	0.0	2	0.956216883099008	-30.148257926399882	138.0	22	1.05	0.95				
	208	1	130.03321265999998	26.614985047368418	0.0	0.0	2	0.9616405518353244	-26.335519493987288	138.0	22	1.05	0.95				
	209	1	133.0749252368421	27.375413191578946	0.0	0.0	2	1.025105563616761	-14.672951260234287	138.0	23	1.05	0.95				
	210	1	148.28348812105264	30.417125768421055	0.0	0.0	2	1.05	-16.566890142927296	138.0	23	1.05	0.95				
	211	1	0.0	0.0	0.0	0.0	2	1.0283376763781764	-11.126197750677976	230.0	23	1.05	0.95				
	212	1	0.0	0.0	0.0	0.0	2	1.025773829875603	-6.237680739342633	230.0	23	1.05	0.95				
	213	2	201.51345821578946	41.06311978736842	0.0	0.0	2	1.0377343098371714	-8.634916998635685	230.0	24	1.05	0.95				
	214	2	147.5230599768421	29.656697624210526	0.0	0.0	2	1.0422879438060635	-8.959105716739417	230.0	26	1.05	0.95				
	215	2	241.05572171473685	48.66740122947368	0.0	0.0	2	1.0412658193080617	-1.0854802367204341	230.0	26	1.05	0.95				
	216	2	76.04281442105263	15.208562884210528	0.0	0.0	2	1.0444107535544136	-1.1764458867915704	230.0	26	1.05	0.95				
	217	1	0.0	0.0	0.0	0.0	2	1.045507142489983	1.866004509255705	230.0	27	1.05	0.95				
	218	2	253.22257202210525	51.709113806315784	0.0	0.0	2	1.046273149495184	1.910852826236606	230.0	27	1.05	0.95				
	219	1	137.63749410210525	28.135841335789475	0.0	0.0	2	1.041296181936006	-1.4710020844639045	230.0	25	1.05	0.95				
	220	1	97.33480245894737	19.771131749473682	0.0	0.0	2	1.0453146413702854	-0.3001327163724385	230.0	25	1.05	0.95				
	221	2	0.0	0.0	0.0	0.0	2	1.0461104359799993	1.6821962042335952	230.0	27	1.05	0.95				
	222	2	0.0	0.0	0.0	0.0	2	1.05	8.2631149479972	230.0	27	1.05	0.95				
	223	2	0.0	0.0	0.0	0.0	2	1.05	0.8924923377436774	230.0	25	1.05	0.95				
	224	1	0.0	0.0	0.0	0.0	2	1.020011523250665	-5.145205729584125	230.0	26	1.05	0.95				
	301	2	80.53021197473686	16.404302439298245	0.0	0.0	3	0.9965087860130737	-14.923432957972873	138.0	31	1.05	0.95				
	302	2	72.32806075508772	14.91300221754386	0.0	0.0	3	0.9968015231454791	-15.076494939540263	138.0	32	1.05	0.95				
	303	1	134.21701995789473	27.58905410245614	0.0	0.0	3	1.0128267849009447	-7.053238312320261	138.0	31	1.05	0.95				
	304	1	55.17810820491228	11.184751663157895	0.0	0.0	3	0.9903837818079835	-12.261148364595483	138.0	31	1.05	0.95				
	305	1	52.9411578722807	10.439101552280704	0.0	0.0	3	1.0034905853727902	-13.142295048245902	138.0	31	1.05	0.95				
	306	1	101.40841507929825	20.878203104561408	0.0	-100.0	3	1.0145395964724835	-12.965670392130956	138.0	32	1.05	0.95				
	307	2	93.20626385964913	18.641252771929825	0.0	0.0	3	0.9675027832942585	-19.2780446308263	138.0	32	1.05	0.95				
	308	1	127.50616896	26.097753880701752	0.0	0.0	3	0.9721948537590943	-15.615806545427173	138.0	32	1.05	0.95				
	309	1	130.48876940350877	26.843403991578946	0.0	0.0	3	1.0142358067859407	-6.840470232115902	138.0	33	1.05	0.95				
	310	1	145.40177162105263	29.82600443508772	0.0	0.0	3	1.033357937554568	-8.888789529556288	138.0	33	1.05	0.95				
	311	1	0.0	0.0	0.0	0.0	3	1.0097385936775738	-0.36595852392599837	230.0	33	1.05	0.95				
	312	1	0.0	0.0	0.0	0.0	3	1.011174027493124	1.2331657638026527	230.0	33	1.05	0.95				
	313	2	197.59727938245615	40.26510598736843	0.0	0.0	3	1.0380130811402295	7.642563721889694	230.0	34	1.05	0.95				
	314	2	144.65612151017544	29.08035432421053	0.0	0.0	3	1.0202428117504407	-0.16587461342770993	230.0	36	1.05	0.95				
	315	2	236.37108514807016	47.72160709614035	0.0	0.0	3	1.043275254963919	1.2059340654537913	230.0	36	1.05	0.95				
	316	2	74.5650110877193	14.91300221754386	0.0	0.0	3	1.0422989099568956	2.5038839511207214	230.0	36	1.05	0.95				
	317	1	0.0	0.0	0.0	0.0	3	1.05	5.0604859638244175	230.0	37	1.05	0.95				
	318	2	248.30148692210528	50.704207539649126	0.0	0.0	3	1.0461344243613397	3.0282941090278843	230.0	37	1.05	0.95				
	319	1	134.96267006877193	27.58905410245614	0.0	0.0	3	1.0387114211328097	3.6632371370923655	230.0	35	1.05	0.95				
	320	1	95.4432141922807	19.386902882807018	0.0	0.0	3	1.0391397703211298	4.738298752265965	230.0	35	1.05	0.95				
	321	2	0.0	0.0	0.0	0.0	3	1.0462856944884198	3.100810541053947	230.0	37	1.05	0.95				
	322	2	0.0	0.0	0.0	0.0	3	1.05	8.212874982134636	230.0	37	1.05	0.95				
	323	2	0.0	0.0	0.0	0.0	3	1.0404616422245463	5.411957467246877	230.0	35	1.05	0.95				
	324	1	0.0	0.0	0.0	0.0	3	1.0236554730088654	-0.12275434730073953	230.0	36	1.05	0.95				
	325	1	0.0	0.0	0.0	0.0	3	1.0397740207431683	6.127739576698271	230.0	35	1.05	0.95				
];
