%% MATPOWER Case Format : Version 2
function mpc = RTS_GMLC
mpc.version = '2';

%%-----  Power Flow Data  -----%%
%% system MVA base
mpc.baseMVA = 100.0;
%% bus data
%    bus_i    type    Pd    Qd    Gs    Bs    area    Vm    Va    baseKV    zone    Vmax    Vmin
mpc.bus = [
	101	2	50.25927759157894	10.238000990877193	0.0	0.0	1	1.0402859354094949	2.2217478675021005	138.0	11	1.05	0.95				
	102	2	45.140277096140345	9.307273628070176	0.0	0.0	1	1.0393182221186499	1.9354200274536282	138.0	12	1.05	0.95				
	103	1	83.76546265263157	17.218456211929826	0.0	0.0	1	1.027488685438573	0.07757814388477914	138.0	11	1.05	0.95				
	104	1	34.43691242385965	6.980455221052631	0.0	0.0	1	1.0243096847195583	-1.2866383389834264	138.0	11	1.05	0.95				
	105	1	33.040821379649124	6.515091539649124	0.0	0.0	1	1.0385644467878932	-1.257565495042477	138.0	11	1.05	0.95				
	106	1	63.2894606708772	13.030183079298247	0.0	-100.0	1	1.0456654482660568	-3.7156716689325973	138.0	12	1.05	0.95				
	107	2	58.1704601754386	11.634092035087718	0.0	0.0	1	1.0008698204121307	-9.765156551277329	138.0	12	1.05	0.95				
	108	1	79.57718951999999	16.287728849122807	0.0	0.0	1	1.0031358003000328	-8.31596684540484	138.0	12	1.05	0.95				
	109	1	81.43864424561403	16.753092530526313	0.0	0.0	1	1.0244131415622397	-2.504555282945641	138.0	13	1.05	0.95				
	110	1	90.7459178736842	18.61454725614035	0.0	0.0	1	1.05	-3.3472643350878784	138.0	13	1.05	0.95				
	111	1	0.0	0.0	0.0	0.0	1	1.0043410202113288	-0.5771921650495074	230.0	13	1.05	0.95				
	112	1	0.0	0.0	0.0	0.0	1	1.008847227300001	-0.29011524769699804	230.0	13	1.05	0.95				
	113	3	123.32137557192982	25.12963879578947	0.0	0.0	1	0.9976554934736837	4.475093077275023e-30	230.0	14	1.05	0.95				
	114	2	90.28055419228069	18.149183574736842	0.0	0.0	1	1.001556547740715	1.3923364718499849	230.0	16	1.05	0.95				
	115	2	147.52028700491226	29.78327560982456	0.0	0.0	1	1.0343332357953063	7.603122872596011	230.0	16	1.05	0.95				
	116	2	46.53636814035087	9.307273628070176	0.0	0.0	1	1.030680808967678	6.920636191361646	230.0	16	1.05	0.95				
	117	1	0.0	0.0	0.0	0.0	1	1.0373373609629446	9.192676111453574	230.0	17	1.05	0.95				
	118	2	154.96610590736842	31.6447303354386	0.0	0.0	1	1.039138293672553	9.390538015093924	230.0	17	1.05	0.95				
	119	1	84.23082633403509	17.218456211929826	0.0	0.0	1	1.0242620154697246	5.524106783413184	230.0	15	1.05	0.95				
	120	1	59.56655121964912	12.099455716491228	0.0	0.0	1	1.0222747055800556	5.201875633216966	230.0	15	1.05	0.95				
	121	2	0.0	0.0	0.0	0.0	1	1.042104029034637	10.639131634092614	230.0	17	1.05	0.95				
	122	2	0.0	0.0	0.0	0.0	1	1.05	16.856871474441053	230.0	17	1.05	0.95				
	123	2	0.0	0.0	0.0	0.0	1	1.0218842204938086	5.385181204820996	230.0	15	1.05	0.95				
	124	1	0.0	0.0	0.0	0.0	1	1.0220952228531748	4.778231364485625	230.0	16	1.05	0.95				
	201	2	47.97355581473685	9.772390999298246	0.0	0.0	2	1.0273706409474905	-8.94093083465046	138.0	21	1.05	0.95				
	202	2	43.087360315087714	8.88399181754386	0.0	0.0	2	1.0283506317187392	-8.74244258807733	138.0	22	1.05	0.95				
	203	1	79.95592635789474	16.43538486245614	0.0	0.0	2	1.0173045052117031	-8.21657592056008	138.0	21	1.05	0.95				
	204	1	32.87076972491228	6.662993863157894	0.0	0.0	2	1.0184061527882022	-10.369978454761569	138.0	21	1.05	0.95				
	205	1	31.538170952280698	6.218794272280702	0.0	0.0	2	1.033285002495395	-10.641895491341678	138.0	21	1.05	0.95				
	206	1	60.411144359298255	12.437588544561404	0.0	-100.0	2	1.0445738121505208	-11.990505644308925	138.0	22	1.05	0.95				
	207	2	55.524948859649115	11.104989771929825	0.0	0.0	2	0.9930638931194403	-18.42735459521017	138.0	22	1.05	0.95				
	208	1	75.95813004	15.546985680701752	0.0	0.0	2	0.9982175254351591	-16.402792046305844	138.0	22	1.05	0.95				
	209	1	77.73492840350877	15.991185271578946	0.0	0.0	2	1.0228808255121205	-9.880657217307245	138.0	23	1.05	0.95				
	210	1	86.61892022105263	17.76798363508772	0.0	0.0	2	1.05	-10.946010039513531	138.0	23	1.05	0.95				
	211	1	0.0	0.0	0.0	0.0	2	1.0055536401773544	-7.078363479405195	230.0	23	1.05	0.95				
	212	1	0.0	0.0	0.0	0.0	2	1.0073394559987991	-6.2154278910064376	230.0	23	1.05	0.95				
	213	2	117.71289158245612	23.986777907368424	0.0	0.0	2	1.0004601369364736	-5.801518821089964	230.0	24	1.05	0.95				
	214	2	86.17472063017543	17.323784044210527	0.0	0.0	2	1.006357986298657	-4.74791851952097	230.0	26	1.05	0.95				
	215	2	140.81127030807016	28.42877381614035	0.0	0.0	2	1.0236909665277758	1.4035799223607135	230.0	26	1.05	0.95				
	216	2	44.4199590877193	8.88399181754386	0.0	0.0	2	1.0242052884876516	1.2579600660356698	230.0	26	1.05	0.95				
	217	1	0.0	0.0	0.0	0.0	2	1.0292680394900409	3.061623238285025	230.0	27	1.05	0.95				
	218	2	147.91846376210526	30.205572179649128	0.0	0.0	2	1.028927690195991	2.7320277230971213	230.0	27	1.05	0.95				
	219	1	80.40012594877193	16.43538486245614	0.0	0.0	2	1.0233159315733675	1.1779881469310918	230.0	25	1.05	0.95				
	220	1	56.8575476322807	11.549189362807018	0.0	0.0	2	1.0256271497938765	1.9791498777473986	230.0	25	1.05	0.95				
	221	2	0.0	0.0	0.0	0.0	2	1.030493775941926	3.0846940285431335	230.0	27	1.05	0.95				
	222	2	0.0	0.0	0.0	0.0	2	1.05	9.568120148981537	230.0	27	1.05	0.95				
	223	2	0.0	0.0	0.0	0.0	2	1.0277533718227632	2.7592876638434625	230.0	25	1.05	0.95				
	224	1	0.0	0.0	0.0	0.0	2	1.0094553906187707	-2.2132311641248354	230.0	26	1.05	0.95				
	301	2	40.35052197473684	8.219550772631578	0.0	0.0	3	1.0099342872837607	-9.0500899259426	138.0	31	1.05	0.95				
	302	2	36.240746588421054	7.472318884210526	0.0	0.0	3	1.009897297507179	-9.146464693186973	138.0	32	1.05	0.95				
	303	1	67.25086995789474	13.823789935789474	0.0	0.0	3	1.020858482436658	-4.745157930930711	138.0	31	1.05	0.95				
	304	1	27.647579871578948	5.604239163157895	0.0	0.0	3	1.0114605126484595	-8.033472821252294	138.0	31	1.05	0.95				
	305	1	26.526732038947365	5.230623218947369	0.0	0.0	3	1.0252199030020208	-8.425207031666288	138.0	31	1.05	0.95				
	306	1	50.81176841263157	10.461246437894738	0.0	-100.0	3	1.0424967509281962	-8.54426291153225	138.0	32	1.05	0.95				
	307	2	46.70199302631578	9.340398605263157	0.0	0.0	3	0.9939588145314983	-12.617771952313815	138.0	32	1.05	0.95				
	308	1	63.88832646	13.076558047368419	0.0	0.0	3	1.001963709006592	-10.979757804784368	138.0	32	1.05	0.95				
	309	1	65.3827902368421	13.450173991578945	0.0	0.0	3	1.0237140496265604	-5.578976381969316	138.0	33	1.05	0.95				
	310	1	72.85510912105264	14.944637768421051	0.0	0.0	3	1.05	-6.595670747248936	138.0	33	1.05	0.95				
	311	1	0.0	0.0	0.0	0.0	3	1.001145148061252	-2.201647532628317	230.0	33	1.05	0.95				
	312	1	0.0	0.0	0.0	0.0	3	1.007420160924188	-1.6909226905204922	230.0	33	1.05	0.95				
	313	2	99.00822521578947	20.17526098736842	0.0	0.0	3	1.0046613693989757	1.2775451604701866	230.0	34	1.05	0.95				
	314	2	72.48149317684211	14.571021824210526	0.0	0.0	3	0.9920725312685836	-1.2065832666118412	230.0	36	1.05	0.95				
	315	2	118.43625431473683	23.911420429473683	0.0	0.0	3	1.0122113909541273	-0.4217732931111317	230.0	36	1.05	0.95				
	316	2	37.36159442105263	7.472318884210526	0.0	0.0	3	1.0111792911153665	0.2068738769608858	230.0	36	1.05	0.95				
	317	1	0.0	0.0	0.0	0.0	3	1.016942153859028	0.7504191999066453	230.0	37	1.05	0.95				
	318	2	124.41410942210527	25.405884206315786	0.0	0.0	3	1.0164214058505352	0.4056502750234139	230.0	37	1.05	0.95				
	319	1	67.62448590210526	13.823789935789474	0.0	0.0	3	1.0102505889692708	0.7883570319755252	230.0	35	1.05	0.95				
	320	1	47.822840858947366	9.714014549473685	0.0	0.0	3	1.010143411219836	1.3317473513687468	230.0	35	1.05	0.95				
	321	2	0.0	0.0	0.0	0.0	3	1.0170431375121254	0.6827198929075082	230.0	37	1.05	0.95				
	322	2	0.0	0.0	0.0	0.0	3	1.0305772314696875	5.18104899719464	230.0	37	1.05	0.95				
	323	2	0.0	0.0	0.0	0.0	3	1.0102657263137558	1.8156639530676584	230.0	35	1.05	0.95				
	324	1	0.0	0.0	0.0	0.0	3	1.0100952930174072	-1.2378680424413957	230.0	36	1.05	0.95				
	325	1	0.0	0.0	0.0	0.0	3	1.011321616542824	2.5855101577615565	230.0	35	1.05	0.95				
];
