%% MATPOWER Case Format : Version 2
function mpc = RTS_GMLC
mpc.version = '2';

%%-----  Power Flow Data  -----%%
%% system MVA base
mpc.baseMVA = 100.0;
%% bus data
%    bus_i    type    Pd    Qd    Gs    Bs    area    Vm    Va    baseKV    zone    Vmax    Vmin
mpc.bus = [
	101	2	35.08263236084211	7.146462147578949	0.0	0.0	1	1.0106779138786341	0.6374571455615582	138.0	11	1.05	0.95				
	102	2	31.509401287052636	6.496783770526317	0.0	0.0	1	1.0087521631284952	0.0630722200160163	138.0	12	1.05	0.95				
	103	1	58.47105393473685	12.019049975473685	0.0	0.0	1	1.028047510275788	3.6340781844403174	138.0	11	1.05	0.95				
	104	1	24.03809995094737	4.872587827894737	0.0	0.0	1	1.0125532533572785	-1.282977985217182	138.0	11	1.05	0.95				
	105	1	23.063582385368424	4.5477486393684226	0.0	0.0	1	1.026199415135309	-1.4510518464225675	138.0	11	1.05	0.95				
	106	1	44.178129639578955	9.095497278736845	0.0	-100.0	1	1.0431207475838191	-3.0911996583861288	138.0	12	1.05	0.95				
	107	2	40.604898565789476	8.120979713157896	0.0	0.0	1	0.9811330740846244	-9.66561791048876	138.0	12	1.05	0.95				
	108	1	55.54750123800001	11.369371598421054	0.0	0.0	1	0.9951199343102076	-7.2840391295843485	138.0	12	1.05	0.95				
	109	1	56.84685799210527	11.69421078694737	0.0	0.0	1	1.0240592826367376	-1.0124754656214336	138.0	13	1.05	0.95				
	110	1	63.343641762631584	12.993567541052634	0.0	0.0	1	1.05	-2.481483543284715	138.0	13	1.05	0.95				
	111	1	0.0	0.0	0.0	0.0	1	1.0115404329392093	1.2469111298748488	230.0	13	1.05	0.95				
	112	1	0.0	0.0	0.0	0.0	1	1.0099444986457298	-0.1895743721732054	230.0	13	1.05	0.95				
	113	3	86.08238495947369	17.541316180421056	0.0	0.0	1	0.9864073258599114	-2.9344384808415827e-30	230.0	14	1.05	0.95				
	114	2	63.01880257410527	12.668728352526317	0.0	0.0	1	1.035909397748647	5.27978229935902	230.0	16	1.05	0.95				
	115	2	102.97402276284211	20.789708065684213	0.0	0.0	1	1.0415834398850903	15.056040482820677	230.0	16	1.05	0.95				
	116	2	32.48391885263158	6.496783770526317	0.0	0.0	1	1.040091083486528	13.03277271053202	230.0	16	1.05	0.95				
	117	1	0.0	0.0	0.0	0.0	1	1.0399603807176636	19.24031423927926	230.0	17	1.05	0.95				
	118	2	108.17144977926316	22.089064819789478	0.0	0.0	1	1.0494575478460881	19.93022783230133	230.0	17	1.05	0.95				
	119	1	58.79589312326316	12.019049975473685	0.0	0.0	1	1.0357342425904934	8.300680626876874	230.0	15	1.05	0.95				
	120	1	41.579416131368426	8.445818901684211	0.0	0.0	1	1.0388665590053294	4.811674661027071	230.0	15	1.05	0.95				
	121	2	0.0	0.0	0.0	0.0	1	1.0430990939032325	21.422268869964075	230.0	17	1.05	0.95				
	122	2	0.0	0.0	0.0	0.0	1	1.05	39.38483970915011	230.0	17	1.05	0.95				
	123	2	0.0	0.0	0.0	0.0	1	1.041721421256912	3.146816188756998	230.0	15	1.05	0.95				
	124	1	0.0	0.0	0.0	0.0	1	1.0222304357033907	10.788705546912299	230.0	16	1.05	0.95				
	201	2	37.05965685473684	7.5491893592982455	0.0	0.0	2	1.0145199972372216	-17.322457502978587	138.0	21	1.05	0.95				
	202	2	33.285062175087724	6.86289941754386	0.0	0.0	2	1.013696736106523	-17.6303275611904	138.0	22	1.05	0.95				
	203	1	61.76609475789474	12.696363922456142	0.0	0.0	2	1.0109745526808267	-12.749254565287487	138.0	21	1.05	0.95				
	204	1	25.392727844912283	5.147174563157895	0.0	0.0	2	1.0124684463802518	-17.520991789200902	138.0	21	1.05	0.95				
	205	1	24.3632929322807	4.804029592280703	0.0	0.0	2	1.0282593726827574	-17.990616721002528	138.0	21	1.05	0.95				
	206	1	46.66771603929825	9.608059184561405	0.0	-100.0	2	1.0442493475346464	-18.82483502354923	138.0	22	1.05	0.95				
	207	2	42.89312135964912	8.578624271929824	0.0	0.0	2	0.9975171540248788	-22.840451730713077	138.0	22	1.05	0.95				
	208	1	58.677790019999996	12.010073980701753	0.0	0.0	2	1.0043327718750623	-21.337767234265858	138.0	22	1.05	0.95				
	209	1	60.05036990350877	12.353218951578947	0.0	0.0	2	1.0206193400517516	-15.997118438289917	138.0	23	1.05	0.95				
	210	1	66.91326932105262	13.72579883508772	0.0	0.0	2	1.05	-17.551785563621728	138.0	23	1.05	0.95				
	211	1	0.0	0.0	0.0	0.0	2	1.003804954916561	-13.640767773306576	230.0	23	1.05	0.95				
	212	1	0.0	0.0	0.0	0.0	2	1.0048184892360545	-13.525228900054671	230.0	23	1.05	0.95				
	213	2	90.93341728245615	18.52982842736842	0.0	0.0	2	0.9947586002853852	-13.020753717793477	230.0	24	1.05	0.95				
	214	2	66.57012435017545	13.382653864210525	0.0	0.0	2	1.0070034691601566	-10.932972029254756	230.0	26	1.05	0.95				
	215	2	108.77695576807018	21.96127813614035	0.0	0.0	2	1.0220142941933734	-3.8405110328755927	230.0	26	1.05	0.95				
	216	2	34.314497087719296	6.86289941754386	0.0	0.0	2	1.0235699143983938	-5.033057169234197	230.0	26	1.05	0.95				
	217	1	0.0	0.0	0.0	0.0	2	1.0316175446736962	-2.278915330674612	230.0	27	1.05	0.95				
	218	2	114.26727530210525	23.333858019649124	0.0	0.0	2	1.0311458485687262	-2.699887101880888	230.0	27	1.05	0.95				
	219	1	62.109239728771925	12.696363922456142	0.0	0.0	2	1.0190850136099388	-6.346460810195393	230.0	25	1.05	0.95				
	220	1	43.9225562722807	8.921769242807018	0.0	0.0	2	1.0173883469284486	-6.811359451271723	230.0	25	1.05	0.95				
	221	2	0.0	0.0	0.0	0.0	2	1.0312117310624829	-2.280630989381327	230.0	27	1.05	0.95				
	222	2	0.0	0.0	0.0	0.0	2	1.05	4.2139598352028935	230.0	27	1.05	0.95				
	223	2	0.0	0.0	0.0	0.0	2	1.0165900281535127	-6.796126412319144	230.0	25	1.05	0.95				
	224	1	0.0	0.0	0.0	0.0	2	1.0068591421886224	-7.172352641670668	230.0	26	1.05	0.95				
	301	2	41.136349263157896	8.379626701754384	0.0	0.0	3	1.0123436158693229	5.398658493376622	138.0	31	1.05	0.95				
	302	2	36.946535912280694	7.61784245614035	0.0	0.0	3	1.0122137739620802	5.147644898378067	138.0	32	1.05	0.95				
	303	1	68.56058210526315	14.093008543859648	0.0	0.0	3	1.0434417361507977	15.61372641279139	138.0	31	1.05	0.95				
	304	1	28.186017087719296	5.713381842105263	0.0	0.0	3	1.0136939802262517	6.345025307017044	138.0	31	1.05	0.95				
	305	1	27.043340719298243	5.332489719298246	0.0	0.0	3	1.026611647083514	4.552257523865963	138.0	31	1.05	0.95				
	306	1	51.80132870175439	10.664979438596491	0.0	-100.0	3	1.0427754760115286	3.608294644901006	138.0	32	1.05	0.95				
	307	2	47.611515350877184	9.522303070175438	0.0	0.0	3	0.9835829054226332	0.261577597291181	138.0	32	1.05	0.95				
	308	1	65.13255299999999	13.331224298245612	0.0	0.0	3	0.9958153567792017	1.8991424239564638	138.0	32	1.05	0.95				
	309	1	66.65612149122806	13.712116421052631	0.0	0.0	3	1.0261963435756047	8.889886316162666	138.0	33	1.05	0.95				
	310	1	74.27396394736842	15.2356849122807	0.0	0.0	3	1.05	4.935017486435368	138.0	33	1.05	0.95				
	311	1	0.0	0.0	0.0	0.0	3	1.0065973729679487	8.485350013097447	230.0	33	1.05	0.95				
	312	1	0.0	0.0	0.0	0.0	3	1.0122892076145158	9.354576808626835	230.0	33	1.05	0.95				
	313	2	100.93641254385963	20.568174631578948	0.0	0.0	3	1.0087868927826384	11.36038205922311	230.0	34	1.05	0.95				
	314	2	73.89307182456139	14.854792789473684	0.0	0.0	3	0.9970872370971539	7.654787799091239	230.0	36	1.05	0.95				
	315	2	120.74280292982455	24.37709585964912	0.0	0.0	3	1.0292899093752723	8.656844052568228	230.0	36	1.05	0.95				
	316	2	38.08921228070175	7.61784245614035	0.0	0.0	3	1.0219003496737131	8.778146312717418	230.0	36	1.05	0.95				
	317	1	0.0	0.0	0.0	0.0	3	1.0356626807762082	10.165413619992124	230.0	37	1.05	0.95				
	318	2	126.83707689473682	25.900664350877197	0.0	0.0	3	1.0344319364239225	8.073299628076846	230.0	37	1.05	0.95				
	319	1	68.94147422807018	14.093008543859648	0.0	0.0	3	1.0161284382153264	9.172054262140028	230.0	35	1.05	0.95				
	320	1	48.75419171929824	9.903195192982455	0.0	0.0	3	1.0135756116123815	10.278606911929296	230.0	35	1.05	0.95				
	321	2	0.0	0.0	0.0	0.0	3	1.0347537936657263	8.878214744761047	230.0	37	1.05	0.95				
	322	2	0.0	0.0	0.0	0.0	3	1.0488103427475026	13.699143304766944	230.0	37	1.05	0.95				
	323	2	0.0	0.0	0.0	0.0	3	1.0128817065689553	11.192946989172109	230.0	35	1.05	0.95				
	324	1	0.0	0.0	0.0	0.0	3	1.0320729037420489	11.320993636192892	230.0	36	1.05	0.95				
	325	1	0.0	0.0	0.0	0.0	3	1.0132360165311682	12.078674187397672	230.0	35	1.05	0.95				
];
