%% MATPOWER Case Format : Version 2
function mpc = RTS_GMLC
mpc.version = '2';

%%-----  Power Flow Data  -----%%
%% system MVA base
mpc.baseMVA = 100.0;
%% bus data
%    bus_i    type    Pd    Qd    Gs    Bs    area    Vm    Va    baseKV    zone    Vmax    Vmin
mpc.bus = [
	101	2	41.96288967157895	8.547996044210528	0.0	0.0	1	1.0444345297369133	4.084302459691078	138.0	11	1.05	0.95				
	102	2	37.68889164947369	7.770905494736843	0.0	0.0	1	1.0426107727731713	3.5968345524215017	138.0	12	1.05	0.95				
	103	1	69.93814945263158	14.376175165263158	0.0	0.0	1	1.0317506431601462	1.3063142423160796	138.0	11	1.05	0.95				
	104	1	28.752350330526316	5.8281791210526315	0.0	0.0	1	1.0280357934921274	0.3220945027919611	138.0	11	1.05	0.95				
	105	1	27.58671450631579	5.4396338463157905	0.0	0.0	1	1.0413144723451644	0.2711478005897714	138.0	11	1.05	0.95				
	106	1	52.84215736421054	10.879267692631581	0.0	-100.0	1	1.0483642522073262	-2.3645096963264667	138.0	12	1.05	0.95				
	107	2	48.56815934210527	9.713631868421054	0.0	0.0	1	1.001033511108532	-8.503765916606117	138.0	12	1.05	0.95				
	108	1	66.44124198000002	13.599084615789476	0.0	0.0	1	1.0056695141121483	-6.973293540046974	138.0	12	1.05	0.95				
	109	1	67.99542307894737	13.987629890526316	0.0	0.0	1	1.0242471835795923	-1.682777571877615	138.0	13	1.05	0.95				
	110	1	75.76632857368422	15.541810989473687	0.0	0.0	1	1.05	-2.418774753847414	138.0	13	1.05	0.95				
	111	1	0.0	0.0	0.0	0.0	1	1.0009006757114223	-0.45375227348800923	230.0	13	1.05	0.95				
	112	1	0.0	0.0	0.0	0.0	1	1.0059819728365162	-0.6778154197924554	230.0	13	1.05	0.95				
	113	3	102.96449780526315	20.981444835789475	0.0	0.0	1	0.9915462484184349	4.11999177912113e-30	230.0	14	1.05	0.95				
	114	2	75.37778329894738	15.153265714736843	0.0	0.0	1	0.9950141098366025	0.8919237769541806	230.0	16	1.05	0.95				
	115	2	123.16885209157896	24.8668975831579	0.0	0.0	1	1.0312840943088164	6.0465897824320605	230.0	16	1.05	0.95				
	116	2	38.854527473684215	7.770905494736843	0.0	0.0	1	1.0261834808319337	5.053233700036515	230.0	16	1.05	0.95				
	117	1	0.0	0.0	0.0	0.0	1	1.0355030357625759	8.11519218706957	230.0	17	1.05	0.95				
	118	2	129.38557648736844	26.42107868210527	0.0	0.0	1	1.0390970356150186	8.733183322011376	230.0	17	1.05	0.95				
	119	1	70.32669472736843	14.376175165263158	0.0	0.0	1	1.0164792060318888	3.0678564681672658	230.0	15	1.05	0.95				
	120	1	49.7337951663158	10.102177143157896	0.0	0.0	1	1.010714234918878	1.7972567094884369	230.0	15	1.05	0.95				
	121	2	0.0	0.0	0.0	0.0	1	1.0421560541942532	9.937973976407134	230.0	17	1.05	0.95				
	122	2	0.0	0.0	0.0	0.0	1	1.05	15.726453355418096	230.0	17	1.05	0.95				
	123	2	0.0	0.0	0.0	0.0	1	1.0079651374162786	1.4037925461239036	230.0	15	1.05	0.95				
	124	1	0.0	0.0	0.0	0.0	1	1.0243755062537852	4.255954464036508	230.0	16	1.05	0.95				
	201	2	47.10656383578949	9.595781522105264	0.0	0.0	2	1.0149033319240601	-11.3682234169343	138.0	21	1.05	0.95				
	202	2	42.308673074736845	8.723437747368424	0.0	0.0	2	1.0140960848566285	-11.622427987313364	138.0	22	1.05	0.95				
	203	1	78.5109397263158	16.13835983263158	0.0	0.0	2	1.0135277895424177	-8.143472520363826	138.0	21	1.05	0.95				
	204	1	32.27671966526316	6.542578310526316	0.0	0.0	2	1.0121515773686254	-10.952665160034556	138.0	21	1.05	0.95				
	205	1	30.968204003157894	6.106406423157896	0.0	0.0	2	1.027046399496557	-11.335373970272682	138.0	21	1.05	0.95				
	206	1	59.31937668210527	12.212812846315792	0.0	-100.0	2	1.0417447443825971	-11.853450386459784	138.0	22	1.05	0.95				
	207	2	54.52148592105264	10.904297184210527	0.0	0.0	2	0.997390547343733	-17.131926304321066	138.0	22	1.05	0.95				
	208	1	74.58539274000002	15.266016057894738	0.0	0.0	2	1.0011927059042012	-15.13997155563563	138.0	22	1.05	0.95				
	209	1	76.33008028947368	15.70218794526316	0.0	0.0	2	1.0235444537992273	-8.602445155772626	138.0	23	1.05	0.95				
	210	1	85.0535180368421	17.446875494736847	0.0	0.0	2	1.05	-9.900382352152109	138.0	23	1.05	0.95				
	211	1	0.0	0.0	0.0	0.0	2	1.0052005306603855	-6.0201371561460775	230.0	23	1.05	0.95				
	212	1	0.0	0.0	0.0	0.0	2	1.0105741867249933	-2.378658561670819	230.0	23	1.05	0.95				
	213	2	115.58555015263158	23.553281917894743	0.0	0.0	2	1.0017981882918785	-3.9444736336203596	230.0	24	1.05	0.95				
	214	2	84.61734614947369	17.010703607368423	0.0	0.0	2	1.0035594819303308	-4.479985217405335	230.0	26	1.05	0.95				
	215	2	138.2664882957895	27.915000791578954	0.0	0.0	2	1.017255018673497	0.6695246087535468	230.0	26	1.05	0.95				
	216	2	43.61718873684211	8.723437747368424	0.0	0.0	2	1.0175803859936987	0.408162333964294	230.0	26	1.05	0.95				
	217	1	0.0	0.0	0.0	0.0	2	1.0214672880218456	1.3878829682523954	230.0	27	1.05	0.95				
	218	2	145.2452384936842	29.659688341052636	0.0	0.0	2	1.0208622891780865	1.015818491234674	230.0	27	1.05	0.95				
	219	1	78.94711161368421	16.13835983263158	0.0	0.0	2	1.0173425029643384	0.4530226905653048	230.0	25	1.05	0.95				
	220	1	55.83000158315791	11.340469071578948	0.0	0.0	2	1.020184621963439	1.356614486037917	230.0	25	1.05	0.95				
	221	2	0.0	0.0	0.0	0.0	2	1.0232064342013365	1.7038585605020458	230.0	27	1.05	0.95				
	222	2	0.0	0.0	0.0	0.0	2	1.0449391005578692	8.13405662740728	230.0	27	1.05	0.95				
	223	2	0.0	0.0	0.0	0.0	2	1.0226224862105084	2.189697475593492	230.0	25	1.05	0.95				
	224	1	0.0	0.0	0.0	0.0	2	1.0049969617177643	-2.651994030158819	230.0	26	1.05	0.95				
	301	2	62.26826953263159	12.684277127017547	0.0	0.0	3	1.00167681517597	-9.370055176334127	138.0	31	1.05	0.95				
	302	2	55.92613096912281	11.531161024561404	0.0	0.0	3	1.001535593530806	-9.428722337803809	138.0	32	1.05	0.95				
	303	1	103.78044922105265	21.3326478954386	0.0	0.0	3	1.0130173668083922	-5.6169343862525265	138.0	31	1.05	0.95				
	304	1	42.6652957908772	8.648370768421053	0.0	0.0	3	1.0035976654980707	-7.47216433972208	138.0	31	1.05	0.95				
	305	1	40.93562163719299	8.071812717192985	0.0	0.0	3	1.0171650426102243	-7.601874951951457	138.0	31	1.05	0.95				
	306	1	78.41189496701756	16.14362543438597	0.0	-100.0	3	1.0341141817913884	-7.2666688374082025	138.0	32	1.05	0.95				
	307	2	72.06975640350878	14.413951280701756	0.0	0.0	3	0.9947138291552653	-12.249816720821004	138.0	32	1.05	0.95				
	308	1	98.59142676000002	20.17953179298246	0.0	0.0	3	0.9997473528309005	-9.601331136615336	138.0	32	1.05	0.95				
	309	1	100.8976589649123	20.75608984421053	0.0	0.0	3	1.0254052292824278	-3.517087978436747	138.0	33	1.05	0.95				
	310	1	112.4288199894737	23.06232204912281	0.0	0.0	3	1.05	-3.9915626684444234	138.0	33	1.05	0.95				
	311	1	0.0	0.0	0.0	0.0	3	1.0135901061299968	2.3117480000974493	230.0	33	1.05	0.95				
	312	1	0.0	0.0	0.0	0.0	3	1.0175760710877686	3.4906743229000265	230.0	33	1.05	0.95				
	313	2	152.7878835754386	31.134134766315796	0.0	0.0	3	1.0330117540733077	9.325853295786828	230.0	34	1.05	0.95				
	314	2	111.85226193824562	22.48576399789474	0.0	0.0	3	1.0145236359332779	2.1591081621669956	230.0	36	1.05	0.95				
	315	2	182.76890223929826	36.899715278596496	0.0	0.0	3	1.0241446059578663	-0.7346067728675486	230.0	36	1.05	0.95				
	316	2	57.655805122807024	11.531161024561404	0.0	0.0	3	1.0250873867802444	0.4441560926483009	230.0	36	1.05	0.95				
	317	1	0.0	0.0	0.0	0.0	3	1.0274474354716638	0.27779433062810255	230.0	37	1.05	0.95				
	318	2	191.9938310589474	39.20594748350878	0.0	0.0	3	1.0251009463432499	-0.3719084339559556	230.0	37	1.05	0.95				
	319	1	104.35700727228073	21.3326478954386	0.0	0.0	3	1.0257352002551272	2.6898626721847414	230.0	35	1.05	0.95				
	320	1	73.79943055719299	14.990509331929827	0.0	0.0	3	1.02872722886931	4.40542184523171	230.0	35	1.05	0.95				
	321	2	0.0	0.0	0.0	0.0	3	1.0268602561308744	0.062399985430852414	230.0	37	1.05	0.95				
	322	2	0.0	0.0	0.0	0.0	3	1.0404211455925432	4.534109981731721	230.0	37	1.05	0.95				
	323	2	0.0	0.0	0.0	0.0	3	1.030740362923129	5.211969265444881	230.0	35	1.05	0.95				
	324	1	0.0	0.0	0.0	0.0	3	1.0152109292860816	-0.7598360576402762	230.0	36	1.05	0.95				
	325	1	0.0	0.0	0.0	0.0	3	1.031474365494088	5.615800047400152	230.0	35	1.05	0.95				
];
