%% MATPOWER Case Format : Version 2
function mpc = RTS_GMLC
mpc.version = '2';

%%-----  Power Flow Data  -----%%
%% system MVA base
mpc.baseMVA = 100.0;
%% bus data
%    bus_i    type    Pd    Qd    Gs    Bs    area    Vm    Va    baseKV    zone    Vmax    Vmin
mpc.bus = [
	101	2	51.341415157894744	10.458436421052633	0.0	0.0	1	1.034196698631072	1.766811573003435	138.0	11	1.05	0.95				
	102	2	46.112196947368425	9.507669473684212	0.0	0.0	1	1.0337737510225804	1.6296544446945025	138.0	12	1.05	0.95				
	103	1	85.56902526315791	17.58918852631579	0.0	0.0	1	1.027057865455693	-0.3252178993676216	138.0	11	1.05	0.95				
	104	1	35.17837705263158	7.1307521052631575	0.0	0.0	1	1.0209743818488106	-1.567801601743027	138.0	11	1.05	0.95				
	105	1	33.75222663157895	6.655368631578949	0.0	0.0	1	1.0356179302848587	-1.3572119238265279	138.0	11	1.05	0.95				
	106	1	64.65215242105265	13.310737263157899	0.0	-100.0	1	1.0442614615192807	-3.5865264407255415	138.0	12	1.05	0.95				
	107	2	59.42293421052632	11.884586842105264	0.0	0.0	1	1.0108373780989024	-6.04734402282943	138.0	12	1.05	0.95				
	108	1	81.290574	16.63842157894737	0.0	0.0	1	1.0101578061963103	-6.1074864049834945	138.0	12	1.05	0.95				
	109	1	83.19210789473685	17.11380505263158	0.0	0.0	1	1.0251716675082483	-2.2616831005148867	138.0	13	1.05	0.95				
	110	1	92.69977736842107	19.015338947368424	0.0	0.0	1	1.05	-3.028930268192762	138.0	13	1.05	0.95				
	111	1	0.0	0.0	0.0	0.0	1	1.0047081288378588	-0.5217821176743294	230.0	13	1.05	0.95				
	112	1	0.0	0.0	0.0	0.0	1	1.0097036060540006	0.12571250348179405	230.0	13	1.05	0.95				
	113	3	125.9766205263158	25.670707578947372	0.0	0.0	1	0.9982010088846759	7.718484606935829e-30	230.0	14	1.05	0.95				
	114	2	92.22439389473685	18.539955473684213	0.0	0.0	1	1.001108306520682	1.2687515318448772	230.0	16	1.05	0.95				
	115	2	150.69656115789476	30.424542315789477	0.0	0.0	1	1.03778453276527	6.789229198009171	230.0	16	1.05	0.95				
	116	2	47.53834736842106	9.507669473684212	0.0	0.0	1	1.033939885900413	6.57481507102481	230.0	16	1.05	0.95				
	117	1	0.0	0.0	0.0	0.0	1	1.0413262907639083	8.170951823948789	230.0	17	1.05	0.95				
	118	2	158.3026967368421	32.326076210526324	0.0	0.0	1	1.0434706849246478	8.088906809545799	230.0	17	1.05	0.95				
	119	1	86.04440873684212	17.58918852631579	0.0	0.0	1	1.0285238153593288	5.947861626297697	230.0	15	1.05	0.95				
	120	1	60.849084631578954	12.359970315789475	0.0	0.0	1	1.0272462486874094	6.322936860667827	230.0	15	1.05	0.95				
	121	2	0.0	0.0	0.0	0.0	1	1.0476340643693807	9.096936705641916	230.0	17	1.05	0.95				
	122	2	0.0	0.0	0.0	0.0	1	1.05	15.242208125095472	230.0	17	1.05	0.95				
	123	2	0.0	0.0	0.0	0.0	1	1.027401709494831	6.894575820143498	230.0	15	1.05	0.95				
	124	1	0.0	0.0	0.0	0.0	1	1.024468491966108	4.131499394241058	230.0	16	1.05	0.95				
	201	2	53.617503524210534	10.922084051228072	0.0	0.0	2	1.0310853357555039	-6.537806564321363	138.0	21	1.05	0.95				
	202	2	48.15646149859649	9.929167319298248	0.0	0.0	2	1.0314809835935597	-6.516253831950883	138.0	22	1.05	0.95				
	203	1	89.36250587368421	18.368959540701756	0.0	0.0	2	1.0208887944137588	-6.041245243079585	138.0	21	1.05	0.95				
	204	1	36.73791908140351	7.446875489473685	0.0	0.0	2	1.0190251764086338	-8.747039414479012	138.0	21	1.05	0.95				
	205	1	35.248543983508775	6.950417123508773	0.0	0.0	2	1.0342222246731074	-8.903631366585476	138.0	21	1.05	0.95				
	206	1	67.51833777122808	13.900834247017546	0.0	-100.0	2	1.0435639871240863	-10.696704046945268	138.0	22	1.05	0.95				
	207	2	62.05729574561404	12.411459149122809	0.0	0.0	2	0.9891554542603695	-18.179292491273713	138.0	22	1.05	0.95				
	208	1	84.89438058	17.37604280877193	0.0	0.0	2	0.9938366811797993	-15.879258069290582	138.0	22	1.05	0.95				
	209	1	86.88021404385967	17.872501174736843	0.0	0.0	2	1.0235276434673066	-8.551400781357373	138.0	23	1.05	0.95				
	210	1	96.8093813631579	19.858334638596496	0.0	0.0	2	1.05	-9.727439265193565	138.0	23	1.05	0.95				
	211	1	0.0	0.0	0.0	0.0	2	1.008607688602019	-5.662205051667695	230.0	23	1.05	0.95				
	212	1	0.0	0.0	0.0	0.0	2	1.010793469218678	-4.984426542349054	230.0	23	1.05	0.95				
	213	2	131.56146698070177	26.808751762105267	0.0	0.0	2	1.0042799598572272	-4.640887951952381	230.0	24	1.05	0.95				
	214	2	96.31292299719298	19.36187627263158	0.0	0.0	2	1.0120417801244181	-2.998327324598901	230.0	26	1.05	0.95				
	215	2	157.3773020108772	31.77333542175439	0.0	0.0	2	1.0308443671942336	3.7378326704945364	230.0	26	1.05	0.95				
	216	2	49.645836596491236	9.929167319298248	0.0	0.0	2	1.0325846309956106	3.7628595303376433	230.0	26	1.05	0.95				
	217	1	0.0	0.0	0.0	0.0	2	1.0375340565290805	6.5440223124125385	230.0	27	1.05	0.95				
	218	2	165.3206358663158	33.75916888561404	0.0	0.0	2	1.039328868671919	7.100850588739191	230.0	27	1.05	0.95				
	219	1	89.85896423964913	18.368959540701756	0.0	0.0	2	1.0317753280696464	3.0356537968414328	230.0	25	1.05	0.95				
	220	1	63.54667084350878	12.907917515087721	0.0	0.0	2	1.0347414581509822	3.3600882512024284	230.0	25	1.05	0.95				
	221	2	0.0	0.0	0.0	0.0	2	1.0389864493930894	6.7345437320215575	230.0	27	1.05	0.95				
	222	2	0.0	0.0	0.0	0.0	2	1.05	13.160858885470095	230.0	27	1.05	0.95				
	223	2	0.0	0.0	0.0	0.0	2	1.0372931667115546	3.9106862836321263	230.0	25	1.05	0.95				
	224	1	0.0	0.0	0.0	0.0	2	1.0150041673575527	0.07419602446656515	230.0	26	1.05	0.95				
	301	2	50.20752925894737	10.22745966385965	0.0	0.0	3	1.0085306239761749	-20.271964829774653	138.0	31	1.05	0.95				
	302	2	45.09379942701754	9.297690603508773	0.0	0.0	3	1.0079717494555134	-20.400094815479385	138.0	32	1.05	0.95				
	303	1	83.67921543157894	17.200727616491225	0.0	0.0	3	1.024544008619102	-14.071023871325647	138.0	31	1.05	0.95				
	304	1	34.40145523298245	6.973267952631579	0.0	0.0	3	1.0097364853472388	-18.872408877940344	138.0	31	1.05	0.95				
	305	1	33.00680164245613	6.5083834224561405	0.0	0.0	3	1.023164739438341	-19.684514444867858	138.0	31	1.05	0.95				
	306	1	63.22429610385964	13.016766844912281	0.0	-100.0	3	1.0393672694159661	-19.901410490700673	138.0	32	1.05	0.95				
	307	2	58.11056627192982	11.622113254385964	0.0	0.0	3	0.9936423986979133	-25.063139822435552	138.0	32	1.05	0.95				
	308	1	79.49525465999999	16.27095855614035	0.0	0.0	3	0.9983581209344388	-22.935072019259835	138.0	32	1.05	0.95				
	309	1	81.35479278070174	16.73584308631579	0.0	0.0	3	1.0261480592215204	-15.720674182865535	138.0	33	1.05	0.95				
	310	1	90.65248338421051	18.595381207017546	0.0	0.0	3	1.05	-17.602094800599648	138.0	33	1.05	0.95				
	311	1	0.0	0.0	0.0	0.0	3	1.0110971758020086	-11.3133403675266	230.0	33	1.05	0.95				
	312	1	0.0	0.0	0.0	0.0	3	1.011887309856739	-11.051562813204004	230.0	33	1.05	0.95				
	313	2	123.19440049649121	25.103764629473684	0.0	0.0	3	1.0124974395769766	-7.965066080903058	230.0	34	1.05	0.95				
	314	2	90.18759885403507	18.130496676842107	0.0	0.0	3	1.0179907754474646	-8.842022700499852	230.0	36	1.05	0.95				
	315	2	147.36839606561404	29.75260993122807	0.0	0.0	3	1.0419193823723654	-3.102052169366802	230.0	36	1.05	0.95				
	316	2	46.488453017543854	9.297690603508773	0.0	0.0	3	1.0409715802546275	-2.5909839098801144	230.0	36	1.05	0.95				
	317	1	0.0	0.0	0.0	0.0	3	1.0461226131848085	0.11501931530418599	230.0	37	1.05	0.95				
	318	2	154.80654854842103	31.61214805192982	0.0	0.0	3	1.044618780386908	-0.21300934752918116	230.0	37	1.05	0.95				
	319	1	84.14409996175438	17.200727616491225	0.0	0.0	3	1.0347827803238947	-4.0432732971865635	230.0	35	1.05	0.95				
	320	1	59.50521986245614	12.086997784561403	0.0	0.0	3	1.0329733116968938	-4.421959821157757	230.0	35	1.05	0.95				
	321	2	0.0	0.0	0.0	0.0	3	1.0464722149019803	0.030291160159178935	230.0	37	1.05	0.95				
	322	2	0.0	0.0	0.0	0.0	3	1.05	4.3998722705334465	230.0	37	1.05	0.95				
	323	2	0.0	0.0	0.0	0.0	3	1.0326357854228316	-4.2774107361286635	230.0	35	1.05	0.95				
	324	1	0.0	0.0	0.0	0.0	3	1.021713002208111	-7.1842157520573755	230.0	36	1.05	0.95				
	325	1	0.0	0.0	0.0	0.0	3	1.0302716920182202	-3.1542171653714863	230.0	35	1.05	0.95				
];
