%% MATPOWER Case Format : Version 2
function mpc = RTS_GMLC
mpc.version = '2';

%%-----  Power Flow Data  -----%%
%% system MVA base
mpc.baseMVA = 100.0;
%% bus data
%    bus_i    type    Pd    Qd    Gs    Bs    area    Vm    Va    baseKV    zone    Vmax    Vmin
mpc.bus = [
	101	2	50.75358733894737	10.338693717192982	0.0	0.0	1	1.0339526057073458	2.153390247773495	138.0	11	1.05	0.95				
	102	2	45.58424048035087	9.398812470175438	0.0	0.0	1	1.033529359648867	2.0081264551541604	138.0	12	1.05	0.95				
	103	1	84.58931223157894	17.38780306982456	0.0	0.0	1	1.0273735039092922	0.2862503748097956	138.0	11	1.05	0.95				
	104	1	34.77560613964912	7.049109352631579	0.0	0.0	1	1.0208773997940603	-1.2376652052331518	138.0	11	1.05	0.95				
	105	1	33.365784269122805	6.579168729122807	0.0	0.0	1	1.035506079476286	-1.0451862055574508	138.0	11	1.05	0.95				
	106	1	63.91192479719299	13.158337458245613	0.0	-100.0	1	1.044299762461651	-3.3124069032880716	138.0	12	1.05	0.95				
	107	2	58.74257793859648	11.748515587719298	0.0	0.0	1	1.0103542353753665	-6.53896220563262	138.0	12	1.05	0.95				
	108	1	80.35984662	16.447921822807015	0.0	0.0	1	1.0098020116425919	-6.26524347000325	138.0	12	1.05	0.95				
	109	1	82.23960911403509	16.917862446315787	0.0	0.0	1	1.0250612967620947	-1.9923960143786157	138.0	13	1.05	0.95				
	110	1	91.63842158421052	18.797624940350875	0.0	0.0	1	1.05	-2.8089972278444857	138.0	13	1.05	0.95				
	111	1	0.0	0.0	0.0	0.0	1	1.004732589600393	-0.2395997292627736	230.0	13	1.05	0.95				
	112	1	0.0	0.0	0.0	0.0	1	1.0097612424830484	0.263067331191634	230.0	13	1.05	0.95				
	113	3	124.53426522982456	25.376793669473685	0.0	0.0	1	0.9980449340800369	-5.025641983518129e-31	230.0	14	1.05	0.95				
	114	2	91.16848096070174	18.327684316842106	0.0	0.0	1	1.0015743999104716	1.8341654285474172	230.0	16	1.05	0.95				
	115	2	148.9711776522807	30.076199904561403	0.0	0.0	1	1.0379775012529935	7.851786676942932	230.0	16	1.05	0.95				
	116	2	46.99406235087719	9.398812470175438	0.0	0.0	1	1.0343226898693243	7.4963374896512835	230.0	16	1.05	0.95				
	117	1	0.0	0.0	0.0	0.0	1	1.041238764438163	9.379949014711217	230.0	17	1.05	0.95				
	118	2	156.49022762842105	31.955962398596494	0.0	0.0	1	1.043473162041457	9.363219731168291	230.0	17	1.05	0.95				
	119	1	85.05925285508772	17.38780306982456	0.0	0.0	1	1.0288517209613863	6.555912549996675	230.0	15	1.05	0.95				
	120	1	60.152399809122805	12.218456211228071	0.0	0.0	1	1.0275337467561665	6.6458250094479965	230.0	15	1.05	0.95				
	121	2	0.0	0.0	0.0	0.0	1	1.0473320966145947	10.421580349616383	230.0	17	1.05	0.95				
	122	2	0.0	0.0	0.0	0.0	1	1.05	17.119255385916777	230.0	17	1.05	0.95				
	123	2	0.0	0.0	0.0	0.0	1	1.0275728729123086	7.056057688519379	230.0	15	1.05	0.95				
	124	1	0.0	0.0	0.0	0.0	1	1.024252310030392	5.0236848332381845	230.0	16	1.05	0.95				
	201	2	55.62348495157895	11.33070989754386	0.0	0.0	2	1.0313881359587476	-8.280740425872839	138.0	21	1.05	0.95				
	202	2	49.95813000280702	10.30064536140351	0.0	0.0	2	1.031796254127249	-8.272080804307109	138.0	22	1.05	0.95				
	203	1	92.70580825263158	19.056193918596488	0.0	0.0	2	1.0201345108421387	-7.270444386074687	138.0	21	1.05	0.95				
	204	1	38.112387837192976	7.725484021052631	0.0	0.0	2	1.0186827842241997	-10.454410634191522	138.0	21	1.05	0.95				
	205	1	36.56729103298245	7.210451752982457	0.0	0.0	2	1.0341230203710872	-10.660810046675689	138.0	21	1.05	0.95				
	206	1	70.04438845754386	14.420903505964914	0.0	-100.0	2	1.0431106073034138	-12.479350845531341	138.0	22	1.05	0.95				
	207	2	64.37903350877193	12.875806701754385	0.0	0.0	2	0.9894593624575219	-20.220242277077737	138.0	22	1.05	0.95				
	208	1	88.07051784	18.026129382456137	0.0	0.0	2	0.9931214809326773	-17.814375434358055	138.0	22	1.05	0.95				
	209	1	90.1306469122807	18.541161650526313	0.0	0.0	2	1.023283955335758	-10.144227621684971	138.0	23	1.05	0.95				
	210	1	100.43129227368422	20.60129072280702	0.0	0.0	2	1.05	-11.441524461918483	138.0	23	1.05	0.95				
	211	1	0.0	0.0	0.0	0.0	2	1.0099003880570365	-7.1538438988913144	230.0	23	1.05	0.95				
	212	1	0.0	0.0	0.0	0.0	2	1.011078954388553	-6.507264660619423	230.0	23	1.05	0.95				
	213	2	136.4835510385965	27.811742475789476	0.0	0.0	2	1.0061687949407812	-6.153546268694989	230.0	24	1.05	0.95				
	214	2	99.91626000561403	20.086258454736843	0.0	0.0	2	1.014821692302034	-4.326693341073793	230.0	26	1.05	0.95				
	215	2	163.2652289782456	32.96206515649123	0.0	0.0	2	1.0311267337645198	2.8812786676880906	230.0	26	1.05	0.95				
	216	2	51.50322680701754	10.30064536140351	0.0	0.0	2	1.0331568965399462	2.797986300718402	230.0	26	1.05	0.95				
	217	1	0.0	0.0	0.0	0.0	2	1.0377357038519093	5.7821767370330255	230.0	27	1.05	0.95				
	218	2	171.5057452673684	35.02219422877193	0.0	0.0	2	1.0395164908957302	6.281330176794581	230.0	27	1.05	0.95				
	219	1	93.22084052070176	19.056193918596488	0.0	0.0	2	1.0317872377212867	1.9205052687468362	230.0	25	1.05	0.95				
	220	1	65.92413031298246	13.390838969824562	0.0	0.0	2	1.0345183151087645	2.149284862535983	230.0	25	1.05	0.95				
	221	2	0.0	0.0	0.0	0.0	2	1.039194846367563	5.905169700777782	230.0	27	1.05	0.95				
	222	2	0.0	0.0	0.0	0.0	2	1.05	12.358213860913988	230.0	27	1.05	0.95				
	223	2	0.0	0.0	0.0	0.0	2	1.0370055366271476	2.6613569354239908	230.0	25	1.05	0.95				
	224	1	0.0	0.0	0.0	0.0	2	1.0144521727914295	-0.9186316075001852	230.0	26	1.05	0.95				
	301	2	48.44795949473685	9.869028785964913	0.0	0.0	3	1.0112923435159868	-14.374467770533858	138.0	31	1.05	0.95				
	302	2	43.513445101754385	8.971844350877195	0.0	0.0	3	1.0106096062983605	-14.604648815470407	138.0	32	1.05	0.95				
	303	1	80.74659915789475	16.597912049122808	0.0	0.0	3	1.039986408740055	-5.142291564721087	138.0	31	1.05	0.95				
	304	1	33.195824098245616	6.728883263157895	0.0	0.0	3	1.0113638583443063	-13.429602577726492	138.0	31	1.05	0.95				
	305	1	31.850047445614038	6.280291045614036	0.0	0.0	3	1.0250586947146096	-14.53103675544057	138.0	31	1.05	0.95				
	306	1	61.00854158596493	12.560582091228072	0.0	-100.0	3	1.040524550366338	-15.15463429427031	138.0	32	1.05	0.95				
	307	2	56.07402719298247	11.214805438596493	0.0	0.0	3	0.9921352616470108	-20.00714846427428	138.0	32	1.05	0.95				
	308	1	76.70926920000001	15.700727614035086	0.0	0.0	3	0.9980674073945106	-17.97122046144186	138.0	32	1.05	0.95				
	309	1	78.50363807017544	16.14931983157895	0.0	0.0	3	1.0258996371108742	-10.627285869150382	138.0	33	1.05	0.95				
	310	1	87.47548242105265	17.94368870175439	0.0	0.0	3	1.05	-13.243627676153116	138.0	33	1.05	0.95				
	311	1	0.0	0.0	0.0	0.0	3	1.0088262797662544	-7.95279977141349	230.0	33	1.05	0.95				
	312	1	0.0	0.0	0.0	0.0	3	1.012212968758629	-7.445578458436504	230.0	33	1.05	0.95				
	313	2	118.87693764912282	24.223979747368425	0.0	0.0	3	1.0108352818816548	-4.772283812849333	230.0	34	1.05	0.95				
	314	2	87.02689020350877	17.495096484210528	0.0	0.0	3	1.0080604358741734	-6.65228212332369	230.0	36	1.05	0.95				
	315	2	142.20373296140352	28.709901922807017	0.0	0.0	3	1.0338934504855484	-2.5265258417664005	230.0	36	1.05	0.95				
	316	2	44.85922175438597	8.971844350877195	0.0	0.0	3	1.031928535357394	-2.12747306325969	230.0	36	1.05	0.95				
	317	1	0.0	0.0	0.0	0.0	3	1.0369156758005216	-1.1484565401733535	230.0	37	1.05	0.95				
	318	2	149.38120844210528	30.504270792982464	0.0	0.0	3	1.0363200891497741	-1.2233950850586677	230.0	37	1.05	0.95				
	319	1	81.1951913754386	16.597912049122808	0.0	0.0	3	1.0269551166385178	-2.9365695982854643	230.0	35	1.05	0.95				
	320	1	57.419803845614034	11.663397656140353	0.0	0.0	3	1.025796022441216	-2.7690146863061083	230.0	35	1.05	0.95				
	321	2	0.0	0.0	0.0	0.0	3	1.0382915960537462	-0.7432676484215074	230.0	37	1.05	0.95				
	322	2	0.0	0.0	0.0	0.0	3	1.0499999884671887	3.407166265609212	230.0	37	1.05	0.95				
	323	2	0.0	0.0	0.0	0.0	3	1.025843280885168	-2.3307668029288817	230.0	35	1.05	0.95				
	324	1	0.0	0.0	0.0	0.0	3	1.0306636685636608	-3.520985751172038	230.0	36	1.05	0.95				
	325	1	0.0	0.0	0.0	0.0	3	1.0243249827106249	-1.2485452012161624	230.0	35	1.05	0.95				
];
