%% MATPOWER Case Format : Version 2
function mpc = RTS_GMLC
mpc.version = '2';

%%-----  Power Flow Data  -----%%
%% system MVA base
mpc.baseMVA = 100.0;
%% bus data
%    bus_i    type    Pd    Qd    Gs    Bs    area    Vm    Va    baseKV    zone    Vmax    Vmin
mpc.bus = [
	101	2	50.299356770526316	10.246165268070175	0.0	0.0	1	1.0322803901824407	2.405831832656882	138.0	11	1.05	0.95				
	102	2	45.17627413649123	9.314695698245615	0.0	0.0	1	1.0318619129486153	2.2779674897303352	138.0	12	1.05	0.95				
	103	1	83.83226128421053	17.232187041754386	0.0	0.0	1	1.0274371642356657	-0.07528672612311788	138.0	11	1.05	0.95				
	104	1	34.46437408350877	6.98602177368421	0.0	0.0	1	1.0205006356855248	-0.9572050535011256	138.0	11	1.05	0.95				
	105	1	33.06716972877193	6.5202869887719315	0.0	0.0	1	1.0347682703380254	-0.711276633385871	138.0	11	1.05	0.95				
	106	1	63.33993074807018	13.040573977543863	0.0	-100.0	1	1.0440663403249804	-2.925112291553509	138.0	12	1.05	0.95				
	107	2	58.21684811403509	11.643369622807018	0.0	0.0	1	1.0211029276198764	-3.085394919779679	138.0	12	1.05	0.95				
	108	1	79.64064822	16.300717471929822	0.0	0.0	1	1.0169203907402513	-4.122657078804839	138.0	12	1.05	0.95				
	109	1	81.50358735964912	16.766452256842104	0.0	0.0	1	1.0255916164085521	-1.7145922942481144	138.0	13	1.05	0.95				
	110	1	90.81828305789473	18.62939139649123	0.0	0.0	1	1.05	-2.399166973703283	138.0	13	1.05	0.95				
	111	1	0.0	0.0	0.0	0.0	1	1.003897281790048	-0.31148229233309593	230.0	13	1.05	0.95				
	112	1	0.0	0.0	0.0	0.0	1	1.0096768732069026	0.33893624989921434	230.0	13	1.05	0.95				
	113	3	123.41971800175438	25.149678385263158	0.0	0.0	1	0.9965242529703336	9.255346683693266e-28	230.0	14	1.05	0.95				
	114	2	90.35254827298246	18.16365661157895	0.0	0.0	1	0.999028874157983	1.2886116635830864	230.0	16	1.05	0.95				
	115	2	147.63792681719298	29.807026234385965	0.0	0.0	1	1.0393642222823407	6.3488918374989955	230.0	16	1.05	0.95				
	116	2	46.57347849122807	9.314695698245615	0.0	0.0	1	1.0350593583087182	6.242458141972401	230.0	16	1.05	0.95				
	117	1	0.0	0.0	0.0	0.0	1	1.0427068092190261	7.767875387648552	230.0	17	1.05	0.95				
	118	2	155.0896833757895	31.66996537403509	0.0	0.0	1	1.0457603883646933	7.397408573288146	230.0	17	1.05	0.95				
	119	1	84.29799606912282	17.232187041754386	0.0	0.0	1	1.0291231241085967	5.678532311881814	230.0	15	1.05	0.95				
	120	1	59.61405246877193	12.109104407719299	0.0	0.0	1	1.0272661573029576	6.0890836787035205	230.0	15	1.05	0.95				
	121	2	0.0	0.0	0.0	0.0	1	1.05	7.9276657658070055	230.0	17	1.05	0.95				
	122	2	0.0	0.0	0.0	0.0	1	1.05	16.731353170379602	230.0	17	1.05	0.95				
	123	2	0.0	0.0	0.0	0.0	1	1.027066210127413	6.673625964701945	230.0	15	1.05	0.95				
	124	1	0.0	0.0	0.0	0.0	1	1.0262483053798395	3.9548139365392907	230.0	16	1.05	0.95				
	201	2	52.13851722947369	10.620809065263158	0.0	0.0	2	1.0301411625496102	-6.46102540875834	138.0	21	1.05	0.95				
	202	2	46.828112696842105	9.655280968421053	0.0	0.0	2	1.030421776416496	-6.4841787964472895	138.0	22	1.05	0.95				
	203	1	86.89752871578948	17.862269791578946	0.0	0.0	2	1.023105892041183	-5.611843599331292	138.0	21	1.05	0.95				
	204	1	35.72453958315789	7.241460726315789	0.0	0.0	2	1.0187308076878594	-8.97032641843141	138.0	21	1.05	0.95				
	205	1	34.27624743789474	6.758696677894738	0.0	0.0	2	1.0337504108273528	-9.138209018692327	138.0	21	1.05	0.95				
	206	1	65.65591058526317	13.517393355789476	0.0	-100.0	2	1.0435124163482485	-11.09907690061954	138.0	22	1.05	0.95				
	207	2	60.34550605263158	12.069101210526316	0.0	0.0	2	0.9865134351524908	-18.419530860383187	138.0	22	1.05	0.95				
	208	1	82.55265227999999	16.896741694736843	0.0	0.0	2	0.9929092472091333	-16.203201262569674	138.0	22	1.05	0.95				
	209	1	84.48370847368422	17.379505743157893	0.0	0.0	2	1.0235368602186758	-9.037425850877751	138.0	23	1.05	0.95				
	210	1	94.13898944210526	19.310561936842106	0.0	0.0	2	1.05	-10.318247212561472	138.0	23	1.05	0.95				
	211	1	0.0	0.0	0.0	0.0	2	1.008259897012599	-6.523453777837326	230.0	23	1.05	0.95				
	212	1	0.0	0.0	0.0	0.0	2	1.013139959226309	-6.149939108898256	230.0	23	1.05	0.95				
	213	2	127.93247283157893	26.069258614736846	0.0	0.0	2	1.0034782408711562	-5.900621461823171	230.0	24	1.05	0.95				
	214	2	93.65622539368421	18.827797888421053	0.0	0.0	2	1.0107769595869776	-3.8289363245807913	230.0	26	1.05	0.95				
	215	2	153.03620334947368	30.896899098947365	0.0	0.0	2	1.031494799527554	3.123822922491727	230.0	26	1.05	0.95				
	216	2	48.276404842105265	9.655280968421053	0.0	0.0	2	1.0344230185268837	2.854012340298095	230.0	26	1.05	0.95				
	217	1	0.0	0.0	0.0	0.0	2	1.038407615547728	5.867118180640875	230.0	27	1.05	0.95				
	218	2	160.76042812421053	32.827955292631586	0.0	0.0	2	1.0402199962528054	6.462074464314196	230.0	27	1.05	0.95				
	219	1	87.38029276421054	17.862269791578946	0.0	0.0	2	1.035643358811138	1.4836004438772206	230.0	25	1.05	0.95				
	220	1	61.79379819789473	12.55186525894737	0.0	0.0	2	1.0404189653810556	1.220995622112067	230.0	25	1.05	0.95				
	221	2	0.0	0.0	0.0	0.0	2	1.0396782013796788	6.101939006499549	230.0	27	1.05	0.95				
	222	2	0.0	0.0	0.0	0.0	2	1.05	12.511628305873932	230.0	27	1.05	0.95				
	223	2	0.0	0.0	0.0	0.0	2	1.0437749361046105	1.435618082128757	230.0	25	1.05	0.95				
	224	1	0.0	0.0	0.0	0.0	2	1.0174227383909151	-0.15246621334449312	230.0	26	1.05	0.95				
	301	2	64.93324896000001	13.227143306666667	0.0	0.0	3	1.0077777663999152	-37.936874864431296	138.0	31	1.05	0.95				
	302	2	58.31967730666668	12.024675733333334	0.0	0.0	3	1.007143792885135	-38.08303638009317	138.0	32	1.05	0.95				
	303	1	108.22208160000002	22.245650106666666	0.0	0.0	3	1.0189935791386653	-30.35967318411981	138.0	31	1.05	0.95				
	304	1	44.49130021333333	9.0185068	0.0	0.0	3	1.006321824270686	-35.98361157778493	138.0	31	1.05	0.95				
	305	1	42.687598853333334	8.417273013333334	0.0	0.0	3	1.0204957774830623	-36.947593129508675	138.0	31	1.05	0.95				
	306	1	81.76779498666667	16.83454602666667	0.0	-100.0	3	1.0350080153898171	-37.06119992987486	138.0	32	1.05	0.95				
	307	2	75.15422333333333	15.030844666666669	0.0	0.0	3	1.001725772639242	-39.75485830304821	138.0	32	1.05	0.95				
	308	1	102.81097752000001	21.043182533333336	0.0	0.0	3	1.0000161034577417	-38.75006368886217	138.0	32	1.05	0.95				
	309	1	105.21591266666668	21.64441632	0.0	0.0	3	1.0269233103241946	-31.816914470937686	138.0	33	1.05	0.95				
	310	1	117.24058840000001	24.049351466666668	0.0	0.0	3	1.05	-34.029253114658026	138.0	33	1.05	0.95				
	311	1	0.0	0.0	0.0	0.0	3	1.019349267353535	-26.581525924520133	230.0	33	1.05	0.95				
	312	1	0.0	0.0	0.0	0.0	3	1.0174618912391828	-25.943313345554213	230.0	33	1.05	0.95				
	313	2	159.32695346666668	32.46662448000001	0.0	0.0	3	1.027694635388108	-22.84731360563452	230.0	34	1.05	0.95				
	314	2	116.63935461333335	23.448117680000003	0.0	0.0	3	1.0324583731035462	-23.596949340591184	230.0	36	1.05	0.95				
	315	2	190.59111037333335	38.47896234666667	0.0	0.0	3	1.049389383162853	-16.16050709940342	230.0	36	1.05	0.95				
	316	2	60.123378666666675	12.024675733333334	0.0	0.0	3	1.049575544276108	-15.768455293762127	230.0	36	1.05	0.95				
	317	1	0.0	0.0	0.0	0.0	3	1.05	-12.570440435517595	230.0	37	1.05	0.95				
	318	2	200.21085096000002	40.883897493333336	0.0	0.0	3	1.0495729296825538	-12.006745757318278	230.0	37	1.05	0.95				
	319	1	108.82331538666668	22.245650106666666	0.0	0.0	3	1.045958802186764	-16.96685607367809	230.0	35	1.05	0.95				
	320	1	76.95792469333334	15.632078453333333	0.0	0.0	3	1.0477243938200669	-16.886623190711738	230.0	35	1.05	0.95				
	321	2	0.0	0.0	0.0	0.0	3	1.05	-11.743130294957895	230.0	37	1.05	0.95				
	322	2	0.0	0.0	0.0	0.0	3	1.05	-6.291354246347072	230.0	37	1.05	0.95				
	323	2	0.0	0.0	0.0	0.0	3	1.05	-16.40344839553298	230.0	35	1.05	0.95				
	324	1	0.0	0.0	0.0	0.0	3	1.019745655271224	-21.388910133137387	230.0	36	1.05	0.95				
	325	1	0.0	0.0	0.0	0.0	3	1.0395489802090394	-14.451867390593506	230.0	35	1.05	0.95				
];
