%% MATPOWER Case Format : Version 2
function mpc = RTS_GMLC
mpc.version = '2';

%%-----  Power Flow Data  -----%%
%% system MVA base
mpc.baseMVA = 100.0;
%% bus data
%    bus_i    type    Pd    Qd    Gs    Bs    area    Vm    Va    baseKV    zone    Vmax    Vmin
mpc.bus = [
	101	2	46.97278575157895	9.568530430877194	0.0	0.0	1	1.0358222849016794	2.405075277180449	138.0	11	1.05	0.95				
	102	2	42.18852053614035	8.698664028070176	0.0	0.0	1	1.0354077296660096	2.267190054597733	138.0	12	1.05	0.95				
	103	1	78.28797625263158	16.092528451929823	0.0	0.0	1	1.0293497773293656	0.16053515721130873	138.0	11	1.05	0.95				
	104	1	32.185056903859646	6.5239980210526305	0.0	0.0	1	1.0222819662633613	-1.0840394744342092	138.0	11	1.05	0.95				
	105	1	30.880257299649124	6.089064819649123	0.0	0.0	1	1.0368644926946788	-0.8470826012829323	138.0	11	1.05	0.95				
	106	1	59.1509153908772	12.178129639298247	0.0	-100.0	1	1.0456827477864135	-3.116520622514532	138.0	12	1.05	0.95				
	107	2	54.3666501754386	10.873330035087719	0.0	0.0	1	1.0008676962394065	-8.147708440167364	138.0	12	1.05	0.95				
	108	1	74.37357743999999	15.222662049122807	0.0	0.0	1	1.0047011106786716	-7.082879253023104	138.0	12	1.05	0.95				
	109	1	76.11331024561403	15.657595250526315	0.0	0.0	1	1.0249887441657413	-2.0728718335797485	138.0	13	1.05	0.95				
	110	1	84.81197427368421	17.397328056140353	0.0	0.0	1	1.05	-2.782549752495339	138.0	13	1.05	0.95				
	111	1	0.0	0.0	0.0	0.0	1	1.003957856650579	-0.35093023379468224	230.0	13	1.05	0.95				
	112	1	0.0	0.0	0.0	0.0	1	1.0088118664682657	0.12352041700616115	230.0	13	1.05	0.95				
	113	3	115.25729837192982	23.486392875789473	0.0	0.0	1	0.996123720055705	2.275190536600294e-30	230.0	14	1.05	0.95				
	114	2	84.3770410722807	16.962394854736843	0.0	0.0	1	1.0007685341609414	1.5458661463094348	230.0	16	1.05	0.95				
	115	2	137.8738248449123	27.835724889824565	0.0	0.0	1	1.039309205100492	6.980539354267363	230.0	16	1.05	0.95				
	116	2	43.493320140350875	8.698664028070176	0.0	0.0	1	1.0348385083564677	6.729372619563347	230.0	16	1.05	0.95				
	117	1	0.0	0.0	0.0	0.0	1	1.0426947164937477	8.392317011475468	230.0	17	1.05	0.95				
	118	2	144.83275606736842	29.5754576954386	0.0	0.0	1	1.0455138395450974	8.254420153286928	230.0	17	1.05	0.95				
	119	1	78.72290945403509	16.092528451929823	0.0	0.0	1	1.0282908872624972	5.894333339939477	230.0	15	1.05	0.95				
	120	1	55.67144977964913	11.308263236491229	0.0	0.0	1	1.0256019819074944	6.009499480300538	230.0	15	1.05	0.95				
	121	2	0.0	0.0	0.0	0.0	1	1.05	9.116736259367675	230.0	17	1.05	0.95				
	122	2	0.0	0.0	0.0	0.0	1	1.05	16.154585024574413	230.0	17	1.05	0.95				
	123	2	0.0	0.0	0.0	0.0	1	1.0247316404054225	6.409781925412427	230.0	15	1.05	0.95				
	124	1	0.0	0.0	0.0	0.0	1	1.0265564215244019	4.43142688465667	230.0	16	1.05	0.95				
	201	2	48.34755234947369	9.84857547859649	0.0	0.0	2	1.0312311440338637	-5.520716151747619	138.0	21	1.05	0.95				
	202	2	43.42326461017544	8.95325043508772	0.0	0.0	2	1.0316363149680219	-5.473376004435089	138.0	22	1.05	0.95				
	203	1	80.57925391578948	16.56351330491228	0.0	0.0	2	1.019015195470079	-6.062881759040111	138.0	21	1.05	0.95				
	204	1	33.12702660982456	6.714937826315789	0.0	0.0	2	1.0197503584248877	-7.837453993040109	138.0	21	1.05	0.95				
	205	1	31.784039044561403	6.267275304561403	0.0	0.0	2	1.0349439825984892	-7.8855912353229645	138.0	21	1.05	0.95				
	206	1	60.8821029585965	12.534550609122807	0.0	-100.0	2	1.0449679666084775	-9.63422695912639	138.0	22	1.05	0.95				
	207	2	55.95781521929825	11.191563043859649	0.0	0.0	2	0.9896179889588719	-16.458820319282168	138.0	22	1.05	0.95				
	208	1	76.55029122	15.66818826140351	0.0	0.0	2	0.9961286660764942	-14.426727916685117	138.0	22	1.05	0.95				
	209	1	78.34094130701754	16.115850783157896	0.0	0.0	2	1.0230775122636222	-7.948737100108136	138.0	23	1.05	0.95				
	210	1	87.29419174210527	17.90650087017544	0.0	0.0	2	1.05	-8.862393265221488	138.0	23	1.05	0.95				
	211	1	0.0	0.0	0.0	0.0	2	1.0054250254984862	-5.293509128882939	230.0	23	1.05	0.95				
	212	1	0.0	0.0	0.0	0.0	2	1.009239014893092	-4.785692977160095	230.0	23	1.05	0.95				
	213	2	118.63056826491227	24.173776174736844	0.0	0.0	2	0.9991089556180223	-4.470583334413373	230.0	24	1.05	0.95				
	214	2	86.84652922035087	17.458838348421054	0.0	0.0	2	1.0064211008337407	-2.790778077387594	230.0	26	1.05	0.95				
	215	2	141.90901939614037	28.650401392280706	0.0	0.0	2	1.0277871247798944	3.4568263398415784	230.0	26	1.05	0.95				
	216	2	44.766252175438595	8.95325043508772	0.0	0.0	2	1.029110092247566	3.425975617351491	230.0	26	1.05	0.95				
	217	1	0.0	0.0	0.0	0.0	2	1.0345463592405602	5.993210630705604	230.0	27	1.05	0.95				
	218	2	149.07161974421052	30.44105147929825	0.0	0.0	2	1.0359774207622257	6.419441698322783	230.0	27	1.05	0.95				
	219	1	81.02691643754386	16.56351330491228	0.0	0.0	2	1.0285158923628002	2.5238790240682807	230.0	25	1.05	0.95				
	220	1	57.30080278456141	11.639225565614037	0.0	0.0	2	1.0311659039819148	2.6099290866873486	230.0	25	1.05	0.95				
	221	2	0.0	0.0	0.0	0.0	2	1.036039605972431	6.193744879968485	230.0	27	1.05	0.95				
	222	2	0.0	0.0	0.0	0.0	2	1.05	12.61309595557818	230.0	27	1.05	0.95				
	223	2	0.0	0.0	0.0	0.0	2	1.033271079387153	2.996826720844617	230.0	25	1.05	0.95				
	224	1	0.0	0.0	0.0	0.0	2	1.0127276672131147	-0.11343362308939191	230.0	26	1.05	0.95				
	301	2	48.037962656842105	9.785510911578948	0.0	0.0	3	1.0073434514246873	-23.4462942795149	138.0	31	1.05	0.95				
	302	2	43.14520720105263	8.895919010526315	0.0	0.0	3	1.0069675526467254	-23.55454671059375	138.0	32	1.05	0.95				
	303	1	80.06327109473685	16.457450169473685	0.0	0.0	3	1.0226494319253356	-17.99834419652674	138.0	31	1.05	0.95				
	304	1	32.91490033894737	6.671939257894737	0.0	0.0	3	1.009744534869189	-22.044763287630882	138.0	31	1.05	0.95				
	305	1	31.580512487368416	6.227143307368421	0.0	0.0	3	1.0228343816339849	-22.810887287993435	138.0	31	1.05	0.95				
	306	1	60.49224927157895	12.454286614736843	0.0	-100.0	3	1.0397049791945874	-22.98269528857503	138.0	32	1.05	0.95				
	307	2	55.59949381578947	11.119898763157893	0.0	0.0	3	0.9935545207143286	-27.86126201829593	138.0	32	1.05	0.95				
	308	1	76.06010754	15.56785826842105	0.0	0.0	3	0.9991757962600442	-25.84396443209907	138.0	32	1.05	0.95				
	309	1	77.83929134210526	16.012654218947368	0.0	0.0	3	1.0261760777401678	-18.989854389614923	138.0	33	1.05	0.95				
	310	1	86.73521035263157	17.79183802105263	0.0	0.0	3	1.05	-20.744668660846656	138.0	33	1.05	0.95				
	311	1	0.0	0.0	0.0	0.0	3	1.0095383428589362	-14.785093398046321	230.0	33	1.05	0.95				
	312	1	0.0	0.0	0.0	0.0	3	1.0119925903354354	-14.256233954258548	230.0	33	1.05	0.95				
	313	2	117.87092688947367	24.018981328421052	0.0	0.0	3	1.0122227203633403	-11.202088444438008	230.0	34	1.05	0.95				
	314	2	86.29041440210526	17.347042070526317	0.0	0.0	3	1.012765255589117	-12.761850422644686	230.0	36	1.05	0.95				
	315	2	141.0003163168421	28.466940833684212	0.0	0.0	3	1.0371138254163512	-7.844878138084646	230.0	36	1.05	0.95				
	316	2	44.47959505263157	8.895919010526315	0.0	0.0	3	1.0361743409891322	-7.256159978266658	230.0	36	1.05	0.95				
	317	1	0.0	0.0	0.0	0.0	3	1.0403629352914676	-5.574417962011548	230.0	37	1.05	0.95				
	318	2	148.11705152526315	30.246124635789474	0.0	0.0	3	1.0401140508558888	-5.299555363737646	230.0	37	1.05	0.95				
	319	1	80.50806704526316	16.457450169473685	0.0	0.0	3	1.0328387187323382	-8.03628895723919	230.0	35	1.05	0.95				
	320	1	56.933881667368425	11.564694713684212	0.0	0.0	3	1.0330091010147608	-7.85909906408795	230.0	35	1.05	0.95				
	321	2	0.0	0.0	0.0	0.0	3	1.0421593764376478	-5.0369724628417885	230.0	37	1.05	0.95				
	322	2	0.0	0.0	0.0	0.0	3	1.05	-0.9268729180471247	230.0	37	1.05	0.95				
	323	2	0.0	0.0	0.0	0.0	3	1.033747490715479	-7.423856659450003	230.0	35	1.05	0.95				
	324	1	0.0	0.0	0.0	0.0	3	1.019066042248554	-11.632497066425131	230.0	36	1.05	0.95				
	325	1	0.0	0.0	0.0	0.0	3	1.0297912897834636	-6.043151907876676	230.0	35	1.05	0.95				
];
