%% MATPOWER Case Format : Version 2
function mpc = RTS_GMLC
mpc.version = '2';

%%-----  Power Flow Data  -----%%
%% system MVA base
mpc.baseMVA = 100.0;
%% bus data
%    bus_i    type    Pd    Qd    Gs    Bs    area    Vm    Va    baseKV    zone    Vmax    Vmin
mpc.bus = [
	101	2	46.77238989473685	9.527709052631579	0.0	0.0	1	1.033817771984543	2.4890474556751974	138.0	11	1.05	0.95				
	102	2	42.00853536842105	8.661553684210526	0.0	0.0	1	1.0334173367322281	2.3622190671317247	138.0	12	1.05	0.95				
	103	1	77.95398315789474	16.023874315789474	0.0	0.0	1	1.0284673975824699	-0.1588657028210224	138.0	11	1.05	0.95				
	104	1	32.04774863157895	6.496165263157895	0.0	0.0	1	1.0215750813598732	-0.9896908339154007	138.0	11	1.05	0.95				
	105	1	30.748515578947366	6.0630875789473695	0.0	0.0	1	1.0359024654854718	-0.7167463539989282	138.0	11	1.05	0.95				
	106	1	58.89856505263159	12.126175157894739	0.0	-100.0	1	1.0452824758380852	-2.954737601146017	138.0	12	1.05	0.95				
	107	2	54.134710526315786	10.826942105263159	0.0	0.0	1	1.0069305023909298	-6.519610597200631	138.0	12	1.05	0.95				
	108	1	74.056284	15.157718947368421	0.0	0.0	1	1.008917452920559	-6.090579610452816	138.0	12	1.05	0.95				
	109	1	75.78859473684211	15.590796631578948	0.0	0.0	1	1.0252791808850445	-1.9797012219382388	138.0	13	1.05	0.95				
	110	1	84.45014842105263	17.323107368421052	0.0	0.0	1	1.05	-2.60323762672114	138.0	13	1.05	0.95				
	111	1	0.0	0.0	0.0	0.0	1	1.0035588109784432	-0.44275642579831714	230.0	13	1.05	0.95				
	112	1	0.0	0.0	0.0	0.0	1	1.0090679465927026	0.22526204859610402	230.0	13	1.05	0.95				
	113	3	114.76558631578948	23.386194947368423	0.0	0.0	1	0.9958719082417344	2.6958944814076957e-30	230.0	14	1.05	0.95				
	114	2	84.0170707368421	16.89002968421053	0.0	0.0	1	0.999026383289466	1.1482526293780515	230.0	16	1.05	0.95				
	115	2	137.28562589473685	27.71697178947369	0.0	0.0	1	1.0385924521582892	5.93934925342735	230.0	16	1.05	0.95				
	116	2	43.307768421052636	8.661553684210526	0.0	0.0	1	1.0341398817680885	5.88975093436608	230.0	16	1.05	0.95				
	117	1	0.0	0.0	0.0	0.0	1	1.0425252451039304	7.155004012090838	230.0	17	1.05	0.95				
	118	2	144.2148688421053	29.449282526315795	0.0	0.0	1	1.0452013191160916	6.899174922730609	230.0	17	1.05	0.95				
	119	1	78.38706084210527	16.023874315789474	0.0	0.0	1	1.0285832149077343	5.503471225606945	230.0	15	1.05	0.95				
	120	1	55.43394357894738	11.260019789473684	0.0	0.0	1	1.026656843177533	6.0082429138727065	230.0	15	1.05	0.95				
	121	2	0.0	0.0	0.0	0.0	1	1.05	7.646446703561195	230.0	17	1.05	0.95				
	122	2	0.0	0.0	0.0	0.0	1	1.05	14.200469331280992	230.0	17	1.05	0.95				
	123	2	0.0	0.0	0.0	0.0	1	1.0262918360070772	6.621023698926385	230.0	15	1.05	0.95				
	124	1	0.0	0.0	0.0	0.0	1	1.0264632776161207	3.6629834609422374	230.0	16	1.05	0.95				
	201	2	51.322524783157895	10.454588381754386	0.0	0.0	2	1.0304643597363543	-6.896773377442039	138.0	21	1.05	0.95				
	202	2	46.09523059228069	9.504171256140351	0.0	0.0	2	1.030871373257869	-6.875557730413612	138.0	22	1.05	0.95				
	203	1	85.53754130526315	17.58271682385965	0.0	0.0	2	1.0201498894497723	-6.4894087528437	138.0	21	1.05	0.95				
	204	1	35.1654336477193	7.128128442105262	0.0	0.0	2	1.0189473573151657	-9.203730836875756	138.0	21	1.05	0.95				
	205	1	33.73980795929824	6.652919879298246	0.0	0.0	2	1.0341440099273558	-9.345376256034408	138.0	21	1.05	0.95				
	206	1	64.6283645417544	13.305839758596491	0.0	-100.0	2	1.0439651043710987	-11.166293772215658	138.0	22	1.05	0.95				
	207	2	59.401070350877184	11.880214070175438	0.0	0.0	2	0.9885752750886337	-18.350915214607056	138.0	22	1.05	0.95				
	208	1	81.26066424	16.63229969824561	0.0	0.0	2	0.9943612623767273	-16.169649078179283	138.0	22	1.05	0.95				
	209	1	83.16149849122807	17.10750826105263	0.0	0.0	2	1.0231960270347886	-9.172211625740292	138.0	23	1.05	0.95				
	210	1	92.66566974736841	19.008342512280702	0.0	0.0	2	1.05	-10.318248468936249	138.0	23	1.05	0.95				
	211	1	0.0	0.0	0.0	0.0	2	1.0075540099720603	-6.450524767037712	230.0	23	1.05	0.95				
	212	1	0.0	0.0	0.0	0.0	2	1.010984669869439	-6.026059699971854	230.0	23	1.05	0.95				
	213	2	125.93026914385963	25.661262391578948	0.0	0.0	2	1.0022418804000985	-5.71370464059989	230.0	24	1.05	0.95				
	214	2	92.19046118456139	18.533133949473683	0.0	0.0	2	1.0104228890115154	-3.7116672721906325	230.0	26	1.05	0.95				
	215	2	150.64111440982455	30.41334801964912	0.0	0.0	2	1.0301215886743267	3.191442292579459	230.0	26	1.05	0.95				
	216	2	47.52085628070175	9.504171256140351	0.0	0.0	2	1.0322205089126095	3.0093106312997815	230.0	26	1.05	0.95				
	217	1	0.0	0.0	0.0	0.0	2	1.0370608388049538	5.9780097004373465	230.0	27	1.05	0.95				
	218	2	158.24445141473683	32.3141822708772	0.0	0.0	2	1.039010048068591	6.577589440510442	230.0	27	1.05	0.95				
	219	1	86.01274986807017	17.58271682385965	0.0	0.0	2	1.031713009951914	1.7944461786157933	230.0	25	1.05	0.95				
	220	1	60.82669603929824	12.355422632982457	0.0	0.0	2	1.0348528247310869	1.6563963310648282	230.0	25	1.05	0.95				
	221	2	0.0	0.0	0.0	0.0	2	1.0385840641381292	6.202217659426663	230.0	27	1.05	0.95				
	222	2	0.0	0.0	0.0	0.0	2	1.05	12.614867121528945	230.0	27	1.05	0.95				
	223	2	0.0	0.0	0.0	0.0	2	1.0373075579791897	1.9380018043545655	230.0	25	1.05	0.95				
	224	1	0.0	0.0	0.0	0.0	2	1.0143989484873563	-0.4351417656363264	230.0	26	1.05	0.95				
	301	2	70.60487187789475	14.382473901052634	0.0	0.0	3	1.0163322135139423	-27.155710787099224	138.0	31	1.05	0.95				
	302	2	63.41363492736842	13.07497627368421	0.0	0.0	3	1.014683580503453	-27.482358292784387	138.0	32	1.05	0.95				
	303	1	117.6747864631579	24.18870610631579	0.0	0.0	3	1.0479428351390647	-12.568995129499054	138.0	31	1.05	0.95				
	304	1	48.37741221263158	9.806232205263159	0.0	0.0	3	1.009205913875385	-25.328109119154657	138.0	31	1.05	0.95				
	305	1	46.416165771578946	9.152483391578949	0.0	0.0	3	1.0247027337988657	-27.55332090298652	138.0	31	1.05	0.95				
	306	1	88.90983866105265	18.304966783157898	0.0	-100.0	3	1.0354624555552725	-28.489387769447095	138.0	32	1.05	0.95				
	307	2	81.71860171052631	16.343720342105264	0.0	0.0	3	0.9818761028502253	-35.64464159711296	138.0	32	1.05	0.95				
	308	1	111.79104714000002	22.881208478947368	0.0	0.0	3	0.9827376908852378	-32.469571443257	138.0	32	1.05	0.95				
	309	1	114.40604239473684	23.534957292631578	0.0	0.0	3	1.0281588036699545	-20.904237806938298	138.0	33	1.05	0.95				
	310	1	127.48101866842106	26.14995254736842	0.0	0.0	3	1.05	-25.859625934406893	138.0	33	1.05	0.95				
	311	1	0.0	0.0	0.0	0.0	3	1.0231160150174103	-18.548697943569856	230.0	33	1.05	0.95				
	312	1	0.0	0.0	0.0	0.0	3	1.0221539874049057	-17.99201679302371	230.0	33	1.05	0.95				
	313	2	173.2434356263158	35.302435938947376	0.0	0.0	3	1.0300210362951585	-15.517471129945246	230.0	34	1.05	0.95				
	314	2	126.82726985473684	25.496203733684215	0.0	0.0	3	1.0349253602702615	-16.429287490920192	230.0	36	1.05	0.95				
	315	2	207.23837393789472	41.839924075789476	0.0	0.0	3	1.05	-9.435231570246579	230.0	36	1.05	0.95				
	316	2	65.37488136842106	13.07497627368421	0.0	0.0	3	1.0498637512358886	-9.477261023076677	230.0	36	1.05	0.95				
	317	1	0.0	0.0	0.0	0.0	3	1.05	-6.8453440872923155	230.0	37	1.05	0.95				
	318	2	217.69835495684214	44.45491933052632	0.0	0.0	3	1.047844930764584	-6.683696101471606	230.0	37	1.05	0.95				
	319	1	118.3285352768421	24.18870610631579	0.0	0.0	3	1.0455255198170377	-11.035997240053817	230.0	35	1.05	0.95				
	320	1	83.67984815157895	16.997469155789474	0.0	0.0	3	1.0474376468591273	-11.172550099815735	230.0	35	1.05	0.95				
	321	2	0.0	0.0	0.0	0.0	3	1.05	-6.109239536233751	230.0	37	1.05	0.95				
	322	2	0.0	0.0	0.0	0.0	3	1.05	-2.051044031418909	230.0	37	1.05	0.95				
	323	2	0.0	0.0	0.0	0.0	3	1.0499999852696198	-10.770768036780328	230.0	35	1.05	0.95				
	324	1	0.0	0.0	0.0	0.0	3	1.0432450416074202	-10.60985912530424	230.0	36	1.05	0.95				
	325	1	0.0	0.0	0.0	0.0	3	1.0435741286780273	-9.271028311826836	230.0	35	1.05	0.95				
];
