%% MATPOWER Case Format : Version 2
function mpc = RTS_GMLC
mpc.version = '2';

%%-----  Power Flow Data  -----%%
%% system MVA base
mpc.baseMVA = 100.0;
%% bus data
%    bus_i    type    Pd    Qd    Gs    Bs    area    Vm    Va    baseKV    zone    Vmax    Vmin
mpc.bus = [
	101	2	79.8243444	16.2605146	0.0	0.0	1	1.035630069853439	-0.8783873146527841	138.0	11	1.05	0.95				
	102	2	71.6940871	14.782286	0.0	0.0	1	1.035551456878813	-0.9662663035625529	138.0	12	1.05	0.95				
	103	1	133.040574	27.347229099999996	0.0	0.0	1	1.0198268661272847	-1.401307955989051	138.0	11	1.05	0.95				
	104	1	54.69445819999999	11.0867145	0.0	0.0	1	1.0178940988221927	-4.040958341987517	138.0	11	1.05	0.95				
	105	1	52.4771153	10.3476002	0.0	0.0	1	1.0327722317004706	-4.193171659016621	138.0	11	1.05	0.95				
	106	1	100.5195448	20.6952004	0.0	-100.0	1	1.0370010818654847	-6.725460578585515	138.0	12	1.05	0.95				
	107	2	92.3892875	18.4778575	0.0	0.0	1	1.0453514339437406	-3.7467364613854763	138.0	12	1.05	0.95				
	108	1	126.38854529999999	25.8690005	0.0	0.0	1	1.0230848472909488	-6.360896323473921	138.0	12	1.05	0.95				
	109	1	129.3450025	26.6081148	0.0	0.0	1	1.0261401066534328	-3.8109830550299724	138.0	13	1.05	0.95				
	110	1	144.12728850000002	29.564572	0.0	0.0	1	1.05	-5.233418314294146	138.0	13	1.05	0.95				
	111	1	0.0	0.0	0.0	0.0	1	1.0142428407589872	-1.018347471254953	230.0	13	1.05	0.95				
	112	1	0.0	0.0	0.0	0.0	1	1.0158267584606946	-0.49883313663968015	230.0	13	1.05	0.95				
	113	3	195.8652895	39.9121722	0.0	0.0	1	1.013255153754244	1.089135546527159e-29	230.0	14	1.05	0.95				
	114	2	143.3881742	28.8254577	0.0	0.0	1	1.0192190478425358	1.6293635560231192	230.0	16	1.05	0.95				
	115	2	234.2992331	47.3033152	0.0	0.0	1	1.0434687435889984	10.583542380562413	230.0	16	1.05	0.95				
	116	2	73.91143	14.782286	0.0	0.0	1	1.041722562182764	9.851035041123685	230.0	16	1.05	0.95				
	117	1	0.0	0.0	0.0	0.0	1	1.044691504901214	13.992265534608395	230.0	17	1.05	0.95				
	118	2	246.1250619	50.2597724	0.0	0.0	1	1.0499999949133456	14.320905148204991	230.0	17	1.05	0.95				
	119	1	133.7796883	27.347229099999996	0.0	0.0	1	1.035692183761441	7.788444903370172	230.0	15	1.05	0.95				
	120	1	94.6066304	19.216971800000003	0.0	0.0	1	1.0375185642160685	7.392383635830755	230.0	15	1.05	0.95				
	121	2	0.0	0.0	0.0	0.0	1	1.05	15.181365900430446	230.0	17	1.05	0.95				
	122	2	0.0	0.0	0.0	0.0	1	1.05	28.372763560445417	230.0	17	1.05	0.95				
	123	2	0.0	0.0	0.0	0.0	1	1.0404443128299752	7.722733602348533	230.0	15	1.05	0.95				
	124	1	0.0	0.0	0.0	0.0	1	1.0195781597725389	6.14769480820299	230.0	16	1.05	0.95				
	201	2	75.05430506526316	15.288839920701754	0.0	0.0	2	1.0361163869247074	-12.02917411454632	138.0	21	1.05	0.95				
	202	2	67.40988510491228	13.89894538245614	0.0	0.0	2	1.0362264358068385	-12.137440855882367	138.0	22	1.05	0.95				
	203	1	125.09050844210527	25.71304895754386	0.0	0.0	2	1.0263056464382487	-8.442881271499107	138.0	21	1.05	0.95				
	204	1	51.42609791508772	10.424209036842106	0.0	0.0	2	1.0180474865319775	-13.960706784074244	138.0	21	1.05	0.95				
	205	1	49.341256107719296	9.729261767719299	0.0	0.0	2	1.0341204755990125	-14.414398571073141	138.0	21	1.05	0.95				
	206	1	94.51282860070177	19.458523535438598	0.0	-100.0	2	1.0390350133123212	-16.410444326923102	138.0	22	1.05	0.95				
	207	2	86.86840864035088	17.373681728070174	0.0	0.0	2	0.9716539526928003	-26.76820492297538	138.0	22	1.05	0.95				
	208	1	118.83598302	24.32315441929824	0.0	0.0	2	0.9742373034722523	-23.35136989794146	138.0	22	1.05	0.95				
	209	1	121.61577209649124	25.01810168842105	0.0	0.0	2	1.024874918019661	-12.639971893802574	138.0	23	1.05	0.95				
	210	1	135.51471747894738	27.79789076491228	0.0	0.0	2	1.05	-14.648225935510174	138.0	23	1.05	0.95				
	211	1	0.0	0.0	0.0	0.0	2	1.0236477704593556	-8.375841280948883	230.0	23	1.05	0.95				
	212	1	0.0	0.0	0.0	0.0	2	1.0189161349705638	-7.462528797152973	230.0	23	1.05	0.95				
	213	2	184.16102631754384	37.52715253263158	0.0	0.0	2	1.0301910970881558	-5.974858842468254	230.0	24	1.05	0.95				
	214	2	134.81977020982455	27.10294349578947	0.0	0.0	2	1.0386611619152462	-5.331609603139297	230.0	26	1.05	0.95				
	215	2	220.29828431192985	44.47662522385965	0.0	0.0	2	1.0443147538821702	3.5780913553697715	230.0	26	1.05	0.95				
	216	2	69.4947269122807	13.89894538245614	0.0	0.0	2	1.0474959999196687	3.2301901775641295	230.0	26	1.05	0.95				
	217	1	0.0	0.0	0.0	0.0	2	1.0484318653744313	6.83391966855763	230.0	27	1.05	0.95				
	218	2	231.41744061789473	47.25641430035088	0.0	0.0	2	1.0499999978651735	7.667430090456594	230.0	27	1.05	0.95				
	219	1	125.78545571122808	25.71304895754386	0.0	0.0	2	1.0438502371218485	2.258939144252888	230.0	25	1.05	0.95				
	220	1	88.9532504477193	18.068628997192985	0.0	0.0	2	1.0466234065993545	2.7143923618881023	230.0	25	1.05	0.95				
	221	2	0.0	0.0	0.0	0.0	2	1.05	8.023176399958443	230.0	27	1.05	0.95				
	222	2	0.0	0.0	0.0	0.0	2	1.05	14.068350305200497	230.0	27	1.05	0.95				
	223	2	0.0	0.0	0.0	0.0	2	1.05	3.4699196757418815	230.0	25	1.05	0.95				
	224	1	0.0	0.0	0.0	0.0	2	1.0224609168913759	-0.8951224681734112	230.0	26	1.05	0.95				
	301	2	73.83359698105264	15.040177162807018	0.0	0.0	3	1.0152155559857485	-14.378774588556297	138.0	31	1.05	0.95				
	302	2	66.31350839964912	13.672888329824563	0.0	0.0	3	1.013588302736123	-14.772866277925557	138.0	32	1.05	0.95				
	303	1	123.05599496842106	25.29484341017544	0.0	0.0	3	1.05	1.7262146741845186	138.0	31	1.05	0.95				
	304	1	50.58968682035088	10.254666247368421	0.0	0.0	3	1.0062647290066	-12.986824201610718	138.0	31	1.05	0.95				
	305	1	48.53875357087719	9.571021830877195	0.0	0.0	3	1.023691286569535	-14.793650350155339	138.0	31	1.05	0.95				
	306	1	92.97564064280702	19.14204366175439	0.0	-100.0	3	1.0342889415164775	-15.77849298807763	138.0	32	1.05	0.95				
	307	2	85.45555206140352	17.091110412280702	0.0	0.0	3	0.98323369173252	-22.477016366425477	138.0	32	1.05	0.95				
	308	1	116.90319522000001	23.927554577192982	0.0	0.0	3	0.9826883889033727	-19.65836086533315	138.0	32	1.05	0.95				
	309	1	119.6377728859649	24.611198993684212	0.0	0.0	3	1.02443509604647	-8.718647733740053	138.0	33	1.05	0.95				
	310	1	133.31066121578948	27.345776659649125	0.0	0.0	3	1.05	-13.020344807480358	138.0	33	1.05	0.95				
	311	1	0.0	0.0	0.0	0.0	3	1.0224174101312447	-6.308326804780621	230.0	33	1.05	0.95				
	312	1	0.0	0.0	0.0	0.0	3	1.0223401808692485	-5.711319914013	230.0	33	1.05	0.95				
	313	2	181.16577037017544	36.91679849052632	0.0	0.0	3	1.0304913510209435	-3.215717804117676	230.0	34	1.05	0.95				
	314	2	132.62701679929825	26.6621322431579	0.0	0.0	3	1.033056966989926	-4.51876444544276	230.0	36	1.05	0.95				
	315	2	216.7152800277193	43.7532426554386	0.0	0.0	3	1.0494723915188604	0.13509036875875577	230.0	36	1.05	0.95				
	316	2	68.36444164912281	13.672888329824563	0.0	0.0	3	1.047584472272286	-0.017924640100324334	230.0	36	1.05	0.95				
	317	1	0.0	0.0	0.0	0.0	3	1.0494986120945846	1.6269903506103318	230.0	37	1.05	0.95				
	318	2	227.65359069157896	46.48782032140351	0.0	0.0	3	1.048063211430358	1.4093101976442688	230.0	37	1.05	0.95				
	319	1	123.73963938491228	25.29484341017544	0.0	0.0	3	1.0433737532939118	-0.7386131983298208	230.0	35	1.05	0.95				
	320	1	87.5064853108772	17.77475482877193	0.0	0.0	3	1.0443158767470093	-0.5702621284519246	230.0	35	1.05	0.95				
	321	2	0.0	0.0	0.0	0.0	3	1.05	2.4908359932322326	230.0	37	1.05	0.95				
	322	2	0.0	0.0	0.0	0.0	3	1.05	6.498291665063723	230.0	37	1.05	0.95				
	323	2	0.0	0.0	0.0	0.0	3	1.0462846512972228	-0.07952782438147744	230.0	35	1.05	0.95				
	324	1	0.0	0.0	0.0	0.0	3	1.0475432460992673	1.6185014741752386	230.0	36	1.05	0.95				
	325	1	0.0	0.0	0.0	0.0	3	1.0419922019868535	1.177728766847713	230.0	35	1.05	0.95				
];

%% generator data
%    bus    Pg    Qg    Qmax    Qmin    Vg    mBase    status    Pmax    Pmin    Pc1    Pc2    Qc1min    Qc1max    Qc2min    Qc2max    ramp_agc    ramp_10    ramp_30    ramp_q    apf
