%% MATPOWER Case Format : Version 2
function mpc = RTS_GMLC
mpc.version = '2';

%%-----  Power Flow Data  -----%%
%% system MVA base
mpc.baseMVA = 100.0;
%% bus data
%    bus_i    type    Pd    Qd    Gs    Bs    area    Vm    Va    baseKV    zone    Vmax    Vmin
mpc.bus = [
	101	2	42.19000495578948	8.594260268771931	0.0	0.0	1	1.0317454085895674	3.39483306189086	138.0	11	1.05	0.95				
	102	2	37.89287482140351	7.812963880701757	0.0	0.0	1	1.0308074781390824	3.1160314001354417	138.0	12	1.05	0.95				
	103	1	70.3166749263158	14.453983179298246	0.0	0.0	1	1.031011458323226	2.4197161281768276	138.0	11	1.05	0.95				
	104	1	28.907966358596493	5.859722910526316	0.0	0.0	1	1.0209955723386617	0.04349267481248176	138.0	11	1.05	0.95				
	105	1	27.73602177649123	5.469074716491229	0.0	0.0	1	1.0353990038674423	0.2071621049974901	138.0	11	1.05	0.95				
	106	1	53.12815438877194	10.938149432982458	0.0	-100.0	1	1.0458896637994828	-2.022678235045727	138.0	12	1.05	0.95				
	107	2	48.831024254385966	9.766204850877195	0.0	0.0	1	0.9992480794037892	-8.063222482566166	138.0	12	1.05	0.95				
	108	1	66.80084118	13.67268679122807	0.0	0.0	1	1.0045096219617544	-6.419070489975828	138.0	12	1.05	0.95				
	109	1	68.36343395614037	14.06333498526316	0.0	0.0	1	1.0246385843522625	-0.8788171567464451	138.0	13	1.05	0.95				
	110	1	76.17639783684211	15.625927761403513	0.0	0.0	1	1.05	-1.7864980914472368	138.0	13	1.05	0.95				
	111	1	0.0	0.0	0.0	0.0	1	1.0038740843308132	0.7774710728374997	230.0	13	1.05	0.95				
	112	1	0.0	0.0	0.0	0.0	1	1.008391707076691	0.5845339364454711	230.0	13	1.05	0.95				
	113	3	103.52177141929826	21.09500247789474	0.0	0.0	1	0.9936788521490534	-1.6376561051985312e-28	230.0	14	1.05	0.95				
	114	2	75.78574964280702	15.235279567368423	0.0	0.0	1	1.0036349863511507	3.682774408952835	230.0	16	1.05	0.95				
	115	2	123.83547750912282	25.001484418245617	0.0	0.0	1	1.041045237597199	10.66246052299181	230.0	16	1.05	0.95				
	116	2	39.06481940350878	7.812963880701757	0.0	0.0	1	1.0375698297403053	9.97315213546134	230.0	16	1.05	0.95				
	117	1	0.0	0.0	0.0	0.0	1	1.0419164275294175	13.832258316336036	230.0	17	1.05	0.95				
	118	2	130.08584861368425	26.56407719438597	0.0	0.0	1	1.048201429727463	13.81402347628505	230.0	17	1.05	0.95				
	119	1	70.70732312035088	14.453983179298246	0.0	0.0	1	1.0291411354886943	7.808273727835337	230.0	15	1.05	0.95				
	120	1	50.002968836491235	10.156853044912282	0.0	0.0	1	1.0251600478167484	6.666506554704791	230.0	15	1.05	0.95				
	121	2	0.0	0.0	0.0	0.0	1	1.05	14.724148839550958	230.0	17	1.05	0.95				
	122	2	0.0	0.0	0.0	0.0	1	1.05	29.660971775939192	230.0	17	1.05	0.95				
	123	2	0.0	0.0	0.0	0.0	1	1.0233372564120033	6.3386173584666485	230.0	15	1.05	0.95				
	124	1	0.0	0.0	0.0	0.0	1	1.026794225722437	7.577249375356232	230.0	16	1.05	0.95				
	201	2	43.570596581052634	8.875491896140351	0.0	0.0	2	1.022267454088346	-9.452002704423913	138.0	21	1.05	0.95				
	202	2	39.13285063298246	8.068628996491228	0.0	0.0	2	1.0228075083617614	-9.373476375637267	138.0	22	1.05	0.95				
	203	1	72.61766096842106	14.926963643508772	0.0	0.0	2	1.0163550417882878	-8.052033416288387	138.0	21	1.05	0.95				
	204	1	29.853927287017545	6.051471747368422	0.0	0.0	2	1.0165999824938974	-10.642196122628775	138.0	21	1.05	0.95				
	205	1	28.643632937543863	5.648040297543861	0.0	0.0	2	1.0312862364491	-10.934938167777757	138.0	21	1.05	0.95				
	206	1	54.86667717614036	11.296080595087721	0.0	-100.0	2	1.0444849306774815	-12.161564477154613	138.0	22	1.05	0.95				
	207	2	50.42893122807017	10.085786245614035	0.0	0.0	2	0.99282938793481	-17.77005073672137	138.0	22	1.05	0.95				
	208	1	68.98677792	14.120100743859648	0.0	0.0	2	0.9997119077393226	-15.967859584815262	138.0	22	1.05	0.95				
	209	1	70.60050371929825	14.523532193684211	0.0	0.0	2	1.0226301582668291	-10.012453571635508	138.0	23	1.05	0.95				
	210	1	78.66913271578947	16.137257992982455	0.0	0.0	2	1.05	-11.13627452808203	138.0	23	1.05	0.95				
	211	1	0.0	0.0	0.0	0.0	2	1.0042316245999328	-7.469905076434207	230.0	23	1.05	0.95				
	212	1	0.0	0.0	0.0	0.0	2	1.0080695556954666	-6.787572890399361	230.0	23	1.05	0.95				
	213	2	106.90933420350876	21.785298290526317	0.0	0.0	2	0.9986676017834903	-6.376759628477096	230.0	24	1.05	0.95				
	214	2	78.26570126596492	15.733826543157894	0.0	0.0	2	1.003520401607583	-5.196026553694266	230.0	26	1.05	0.95				
	215	2	127.88776959438597	25.819612788771927	0.0	0.0	2	1.0212923543755799	0.5756169051924666	230.0	26	1.05	0.95				
	216	2	40.34314498245614	8.068628996491228	0.0	0.0	2	1.0231077000486906	0.452788483789523	230.0	26	1.05	0.95				
	217	1	0.0	0.0	0.0	0.0	2	1.028062903525832	2.348486820247627	230.0	27	1.05	0.95				
	218	2	134.34267279157896	27.43333858807018	0.0	0.0	2	1.0273295725265263	1.7685386783035766	230.0	27	1.05	0.95				
	219	1	73.02109241824562	14.926963643508772	0.0	0.0	2	1.02418339180817	0.12807964465775523	230.0	25	1.05	0.95				
	220	1	51.639225577543854	10.489217695438597	0.0	0.0	2	1.0276952905323324	0.6374882792222624	230.0	25	1.05	0.95				
	221	2	0.0	0.0	0.0	0.0	2	1.028834491255589	2.1790103803630094	230.0	27	1.05	0.95				
	222	2	0.0	0.0	0.0	0.0	2	1.0499999882172237	8.736542350719782	230.0	27	1.05	0.95				
	223	2	0.0	0.0	0.0	0.0	2	1.0301801901123817	1.225167193178595	230.0	25	1.05	0.95				
	224	1	0.0	0.0	0.0	0.0	2	1.0087400594192555	-2.6716755926439504	230.0	26	1.05	0.95				
	301	2	52.27459666105263	10.648528949473683	0.0	0.0	3	1.009201920658264	-19.70108678856431	138.0	31	1.05	0.95				
	302	2	46.950332186315784	9.680480863157895	0.0	0.0	3	1.0084256212617788	-19.88887113472762	138.0	32	1.05	0.95				
	303	1	87.12432776842105	17.908889596842105	0.0	0.0	3	1.0362782679376705	-11.216196477696824	138.0	31	1.05	0.95				
	304	1	35.81777919368421	7.260360647368421	0.0	0.0	3	1.010569164878782	-18.299443305274668	138.0	31	1.05	0.95				
	305	1	34.36570706421052	6.776336604210527	0.0	0.0	3	1.0234090835719454	-19.61049145586202	138.0	31	1.05	0.95				
	306	1	65.82726986947368	13.552673208421053	0.0	-100.0	3	1.0389544139170492	-20.120289277034672	138.0	32	1.05	0.95				
	307	2	60.50300539473684	12.100601078947367	0.0	0.0	3	0.991851854711837	-25.256530037401404	138.0	32	1.05	0.95				
	308	1	82.76811138	16.940841510526315	0.0	0.0	3	0.9968401020255052	-23.033992483040645	138.0	32	1.05	0.95				
	309	1	84.70420755263157	17.42486555368421	0.0	0.0	3	1.0280961282306482	-15.027908321386363	138.0	33	1.05	0.95				
	310	1	94.38468841578947	19.36096172631579	0.0	0.0	3	1.05	-17.96241673588302	138.0	33	1.05	0.95				
	311	1	0.0	0.0	0.0	0.0	3	1.0110125833034802	-12.263155564426567	230.0	33	1.05	0.95				
	312	1	0.0	0.0	0.0	0.0	3	1.015045062736843	-11.393203090410644	230.0	33	1.05	0.95				
	313	2	128.2663714368421	26.137298330526313	0.0	0.0	3	1.0144980748772066	-8.691102694233793	230.0	34	1.05	0.95				
	314	2	93.90066437263157	18.876937683157895	0.0	0.0	3	1.0112482062773336	-11.072235967315518	230.0	36	1.05	0.95				
	315	2	153.43562168105262	30.97753876210526	0.0	0.0	3	1.0348381924575096	-7.054842128457043	230.0	36	1.05	0.95				
	316	2	48.40240431578947	9.680480863157895	0.0	0.0	3	1.0345567837727323	-6.477529086129246	230.0	36	1.05	0.95				
	317	1	0.0	0.0	0.0	0.0	3	1.039890728609039	-4.412313034964822	230.0	37	1.05	0.95				
	318	2	161.18000637157894	32.91363493473684	0.0	0.0	3	1.0374137203279166	-4.959891448464131	230.0	37	1.05	0.95				
	319	1	87.60835181157894	17.908889596842105	0.0	0.0	3	1.0333714055910779	-6.6365086198730445	230.0	35	1.05	0.95				
	320	1	61.95507752421052	12.584625122105264	0.0	0.0	3	1.0358207184720858	-5.845467769014565	230.0	35	1.05	0.95				
	321	2	0.0	0.0	0.0	0.0	3	1.0385095093171208	-5.113248800939723	230.0	37	1.05	0.95				
	322	2	0.0	0.0	0.0	0.0	3	1.05	-0.5239193057827051	230.0	37	1.05	0.95				
	323	2	0.0	0.0	0.0	0.0	3	1.038175977331274	-5.048543887875211	230.0	35	1.05	0.95				
	324	1	0.0	0.0	0.0	0.0	3	1.0287336593362688	-8.627806352032465	230.0	36	1.05	0.95				
	325	1	0.0	0.0	0.0	0.0	3	1.0318866296275782	-3.420462655884444	230.0	35	1.05	0.95				
];
