%% MATPOWER Case Format : Version 2
function mpc = RTS_GMLC
mpc.version = '2';

%%-----  Power Flow Data  -----%%
%% system MVA base
mpc.baseMVA = 100.0;
%% bus data
%    bus_i    type    Pd    Qd    Gs    Bs    area    Vm    Va    baseKV    zone    Vmax    Vmin
mpc.bus = [
	101	2	58.742701616842105	11.96610588491228	0.0	0.0	1	1.0317901343522144	0.22928723079864277	138.0	11	1.05	0.95				
	102	2	52.759648674385964	10.878278077192983	0.0	0.0	1	1.029382579681574	-0.4411025965991634	138.0	12	1.05	0.95				
	103	1	97.90450269473683	20.12481444280702	0.0	0.0	1	1.025107828660202	2.5189494127299774	138.0	11	1.05	0.95				
	104	1	40.24962888561404	8.158708557894737	0.0	0.0	1	1.0200699433554055	-2.3676345121978475	138.0	11	1.05	0.95				
	105	1	38.61788717403509	7.614794654035088	0.0	0.0	1	1.0333781683271266	-3.061330334820007	138.0	11	1.05	0.95				
	106	1	73.97229092491229	15.229589308070176	0.0	-100.0	1	1.0413311047631428	-5.560964510800098	138.0	12	1.05	0.95				
	107	2	67.98923798245615	13.597847596491228	0.0	0.0	1	0.9963569637139895	-12.91163795909641	138.0	12	1.05	0.95				
	108	1	93.00927755999999	19.036986635087718	0.0	0.0	1	0.9964973273627478	-10.718674390380409	138.0	12	1.05	0.95				
	109	1	95.18493317543859	19.58090053894737	0.0	0.0	1	1.0235861071133092	-2.8200001035579874	138.0	13	1.05	0.95				
	110	1	106.06321125263159	21.756556154385965	0.0	0.0	1	1.05	-4.67738019042576	138.0	13	1.05	0.95				
	111	1	0.0	0.0	0.0	0.0	1	1.0130708625941545	0.03954297093763187	230.0	13	1.05	0.95				
	112	1	0.0	0.0	0.0	0.0	1	1.013798290574261	-1.0676345100365237	230.0	13	1.05	0.95				
	113	3	144.13718452280702	29.371350808421052	0.0	0.0	1	1.007987582034557	-2.6342002961924254e-29	230.0	14	1.05	0.95				
	114	2	105.51929734877193	21.212642250526315	0.0	0.0	1	1.0235292352446255	3.8747492224164644	230.0	16	1.05	0.95				
	115	2	172.42070752350875	34.81048984701754	0.0	0.0	1	1.0362118291303304	14.948338609429706	230.0	16	1.05	0.95				
	116	2	54.39139038596491	10.878278077192983	0.0	0.0	1	1.0323999365958316	12.688618095090064	230.0	16	1.05	0.95				
	117	1	0.0	0.0	0.0	0.0	1	1.0393947105602424	19.135652923720013	230.0	17	1.05	0.95				
	118	2	181.12332998526315	36.98614546245614	0.0	0.0	1	1.05	20.469124772747005	230.0	17	1.05	0.95				
	119	1	98.4484165985965	20.12481444280702	0.0	0.0	1	1.0236336986492822	8.023731522188896	230.0	15	1.05	0.95				
	120	1	69.62097969403509	14.141761500350878	0.0	0.0	1	1.0243977619152906	4.562829380942316	230.0	15	1.05	0.95				
	121	2	0.0	0.0	0.0	0.0	1	1.05	22.642070142083917	230.0	17	1.05	0.95				
	122	2	0.0	0.0	0.0	0.0	1	1.05	34.977098459224145	230.0	17	1.05	0.95				
	123	2	0.0	0.0	0.0	0.0	1	1.0268950415111209	3.0794367855308615	230.0	15	1.05	0.95				
	124	1	0.0	0.0	0.0	0.0	1	1.0164918241329115	10.293124995533812	230.0	16	1.05	0.95				
	201	2	55.198488884210526	11.244136624561405	0.0	0.0	2	1.008638226844027	-16.00332457418988	138.0	21	1.05	0.95				
	202	2	49.57642057192982	10.221942385964914	0.0	0.0	2	1.0078758696007992	-16.270114065011818	138.0	22	1.05	0.95				
	203	1	91.99748147368422	18.910593414035088	0.0	0.0	2	1.013111296306832	-12.186202386045496	138.0	21	1.05	0.95				
	204	1	37.821186828070175	7.666456789473684	0.0	0.0	2	1.0084885795659364	-15.3327931180763	138.0	21	1.05	0.95				
	205	1	36.28789547017544	7.15535967017544	0.0	0.0	2	1.0226822387103272	-15.792898862371182	138.0	21	1.05	0.95				
	206	1	69.50920822456142	14.31071934035088	0.0	-100.0	2	1.0380137821555906	-16.27836463166263	138.0	22	1.05	0.95				
	207	2	63.8871399122807	12.77742798245614	0.0	0.0	2	0.991246428277299	-22.53634687004062	138.0	22	1.05	0.95				
	208	1	87.3976074	17.888399175438597	0.0	0.0	2	0.9947470974133408	-20.155282852920386	138.0	22	1.05	0.95				
	209	1	89.441995877193	18.399496294736842	0.0	0.0	2	1.025162389043579	-12.464719970293041	138.0	23	1.05	0.95				
	210	1	99.66393826315789	20.443884771929827	0.0	0.0	2	1.05	-13.938842235798438	138.0	23	1.05	0.95				
	211	1	0.0	0.0	0.0	0.0	2	1.0114392829440544	-9.508256697830381	230.0	23	1.05	0.95				
	212	1	0.0	0.0	0.0	0.0	2	1.019955593916327	-4.867586356986555	230.0	23	1.05	0.95				
	213	2	135.44073661403507	27.599244442105263	0.0	0.0	2	1.0143457585370108	-6.9917535370203066	230.0	24	1.05	0.95				
	214	2	99.15284114385965	19.932787652631582	0.0	0.0	2	1.0113581551494666	-7.954862593031926	230.0	26	1.05	0.95				
	215	2	162.01778681754385	32.71021563508772	0.0	0.0	2	1.0299754849985645	-1.9595844327986403	230.0	26	1.05	0.95				
	216	2	51.10971192982456	10.221942385964914	0.0	0.0	2	1.031221992708488	-2.655217924687877	230.0	26	1.05	0.95				
	217	1	0.0	0.0	0.0	0.0	2	1.0335731713614233	-0.8246995031646553	230.0	27	1.05	0.95				
	218	2	170.1953407263158	34.75460411228071	0.0	0.0	2	1.0325084336722328	-1.4299163204729115	230.0	27	1.05	0.95				
	219	1	92.50857859298246	18.910593414035088	0.0	0.0	2	1.036167831112895	-2.5298765276756017	230.0	25	1.05	0.95				
	220	1	65.42043127017544	13.288525101754386	0.0	0.0	2	1.044296656786646	-1.4510811820546117	230.0	25	1.05	0.95				
	221	2	0.0	0.0	0.0	0.0	2	1.0343988044042645	-0.8038115505617315	230.0	27	1.05	0.95				
	222	2	0.0	0.0	0.0	0.0	2	1.05	5.684673545254247	230.0	27	1.05	0.95				
	223	2	0.0	0.0	0.0	0.0	2	1.0499999721039377	-0.4908871122662206	230.0	25	1.05	0.95				
	224	1	0.0	0.0	0.0	0.0	2	1.0110297392101848	-5.76502432187442	230.0	26	1.05	0.95				
	301	2	64.55741854736843	13.150585259649123	0.0	0.0	3	1.0409161866552492	32.170795382964	138.0	31	1.05	0.95				
	302	2	57.98212591754386	11.95507750877193	0.0	0.0	3	1.036449528569789	31.808360774095195	138.0	32	1.05	0.95				
	303	1	107.59569757894738	22.11689339122807	0.0	0.0	3	1.0433909256752523	47.89978331149003	138.0	31	1.05	0.95				
	304	1	44.23378678245614	8.966308131578947	0.0	0.0	3	1.0140325596319681	33.020909421900264	138.0	31	1.05	0.95				
	305	1	42.440525156140346	8.368554256140351	0.0	0.0	3	1.0381443620227788	31.81377050667964	138.0	31	1.05	0.95				
	306	1	81.29452705964913	16.737108512280702	0.0	-100.0	3	1.0425145465025654	30.932515344008493	138.0	32	1.05	0.95				
	307	2	74.71923442982455	14.943846885964913	0.0	0.0	3	0.9654473035669959	26.888159856233727	138.0	32	1.05	0.95				
	308	1	102.21591269999999	20.921385640350877	0.0	0.0	3	0.9817074943678384	29.602008603127814	138.0	32	1.05	0.95				
	309	1	104.60692820175439	21.519139515789472	0.0	0.0	3	1.0154484397613608	36.50915215228459	138.0	33	1.05	0.95				
	310	1	116.56200571052631	23.91015501754386	0.0	0.0	3	1.05	33.340202440891346	138.0	33	1.05	0.95				
	311	1	0.0	0.0	0.0	0.0	3	1.0043756471336498	37.32270470059094	230.0	33	1.05	0.95				
	312	1	0.0	0.0	0.0	0.0	3	1.0096428704354858	38.58066410678853	230.0	33	1.05	0.95				
	313	2	158.40477699122806	32.278709273684214	0.0	0.0	3	1.0095594306432056	43.5613470672762	230.0	34	1.05	0.95				
	314	2	115.96425183508772	23.312401142105262	0.0	0.0	3	1.002589589068283	34.34966898576073	230.0	36	1.05	0.95				
	315	2	189.48797851403506	38.256248028070175	0.0	0.0	3	1.05	27.488391192815	230.0	36	1.05	0.95				
	316	2	59.77538754385965	11.95507750877193	0.0	0.0	3	1.0456926767591423	27.89008861522868	230.0	36	1.05	0.95				
	317	1	0.0	0.0	0.0	0.0	3	1.0496149737527987	25.04531614176638	230.0	37	1.05	0.95				
	318	2	199.05204052105262	40.64726352982456	0.0	0.0	3	1.05	22.767761582922198	230.0	37	1.05	0.95				
	319	1	108.19345145438596	22.11689339122807	0.0	0.0	3	1.0324377497579347	30.675238946204107	230.0	35	1.05	0.95				
	320	1	76.51249605614035	15.54160076140351	0.0	0.0	3	1.0233593693219416	32.650624164715204	230.0	35	1.05	0.95				
	321	2	0.0	0.0	0.0	0.0	3	1.05	24.93989853442151	230.0	37	1.05	0.95				
	322	2	0.0	0.0	0.0	0.0	3	1.05	29.328412641503885	230.0	37	1.05	0.95				
	323	2	0.0	0.0	0.0	0.0	3	1.0182892791060592	33.37261642178854	230.0	35	1.05	0.95				
	324	1	0.0	0.0	0.0	0.0	3	1.040185646052812	37.32117066814522	230.0	36	1.05	0.95				
	325	1	0.0	0.0	0.0	0.0	3	1.0222488046048845	32.45983452662242	230.0	35	1.05	0.95				
];
