%% MATPOWER Case Format : Version 2
function mpc = RTS_GMLC
mpc.version = '2';

%%-----  Power Flow Data  -----%%
%% system MVA base
mpc.baseMVA = 100.0;
%% bus data
%    bus_i    type    Pd    Qd    Gs    Bs    area    Vm    Va    baseKV    zone    Vmax    Vmin
mpc.bus = [
	101	2	48.64275109894737	9.908708557192982	0.0	0.0	1	1.0117546826139838	-4.869119390167056	138.0	11	1.05	0.95				
	102	2	43.688396820350874	9.007916870175439	0.0	0.0	1	1.011626516716109	-5.109681129229065	138.0	12	1.05	0.95				
	103	1	81.07125183157895	16.66464620982456	0.0	0.0	1	0.9995744944868111	0.10129633796737604	138.0	11	1.05	0.95				
	104	1	33.32929241964912	6.755937652631578	0.0	0.0	1	1.0011624097435976	-4.981134672230594	138.0	11	1.05	0.95				
	105	1	31.978104889122804	6.305541809122809	0.0	0.0	1	1.0149481357971952	-6.128186403099039	138.0	11	1.05	0.95				
	106	1	61.25383471719299	12.611083618245617	0.0	-100.0	1	1.0242385535135117	-7.363827293613558	138.0	12	1.05	0.95				
	107	2	56.2994804385965	11.259896087719298	0.0	0.0	1	0.987266447421998	-10.797155355546035	138.0	12	1.05	0.95				
	108	1	77.01768924	15.763854522807016	0.0	0.0	1	0.9865259460778074	-9.782099606939523	138.0	12	1.05	0.95				
	109	1	78.81927261403509	16.214250366315788	0.0	0.0	1	1.0011077115837674	-3.927499385055294	138.0	13	1.05	0.95				
	110	1	87.82718948421052	18.015833740350878	0.0	0.0	1	1.0290765201221306	-5.916209189004981	138.0	13	1.05	0.95				
	111	1	0.0	0.0	0.0	0.0	1	0.9825881287135994	-1.0566060133059956	230.0	13	1.05	0.95				
	112	1	0.0	0.0	0.0	0.0	1	0.9831664288814108	-1.7309124566494236	230.0	13	1.05	0.95				
	113	3	119.35489852982455	24.321375549473686	0.0	0.0	1	0.9671636099647665	4.251311399005813e-28	230.0	14	1.05	0.95				
	114	2	87.37679364070175	17.565437896842106	0.0	0.0	1	0.9923523834641992	2.0128008983273253	230.0	16	1.05	0.95				
	115	2	142.7754823922807	28.825333984561404	0.0	0.0	1	0.9910865685196668	11.010279571822533	230.0	16	1.05	0.95				
	116	2	45.03958435087719	9.007916870175439	0.0	0.0	1	0.99061425704426	9.462221804437124	230.0	16	1.05	0.95				
	117	1	0.0	0.0	0.0	0.0	1	0.9949685957672488	14.981126018015978	230.0	17	1.05	0.95				
	118	2	149.98181588842107	30.626917358596494	0.0	0.0	1	1.0017896300049827	15.705697835442988	230.0	17	1.05	0.95				
	119	1	81.52164767508772	16.66464620982456	0.0	0.0	1	0.9903350580903504	6.016862352319988	230.0	15	1.05	0.95				
	120	1	57.65066796912281	11.71029193122807	0.0	0.0	1	0.9951378191012871	3.495951812154455	230.0	15	1.05	0.95				
	121	2	0.0	0.0	0.0	0.0	1	1.0021974364864255	17.206944461404724	230.0	17	1.05	0.95				
	122	2	0.0	0.0	0.0	0.0	1	1.015200713276011	31.67763179395778	230.0	17	1.05	0.95				
	123	2	0.0	0.0	0.0	0.0	1	0.9989498717090222	2.484268477420404	230.0	15	1.05	0.95				
	124	1	0.0	0.0	0.0	0.0	1	0.9812778743383835	6.847159580678873	230.0	16	1.05	0.95				
	201	2	46.44356994947369	9.460727211929825	0.0	0.0	2	1.010490295417686	-10.250447299294901	138.0	21	1.05	0.95				
	202	2	41.71320634350877	8.600661101754387	0.0	0.0	2	1.0093581677573922	-10.433920614558842	138.0	22	1.05	0.95				
	203	1	77.40594991578948	15.911223038245614	0.0	0.0	2	0.9968506962753159	-7.8981076956678695	138.0	21	1.05	0.95				
	204	1	31.82244607649123	6.45049582631579	0.0	0.0	2	1.0003215491160409	-9.41497371502985	138.0	21	1.05	0.95				
	205	1	30.53234691122807	6.020462771228071	0.0	0.0	2	1.016398392371515	-9.740065604837604	138.0	21	1.05	0.95				
	206	1	58.484495491929835	12.040925542456142	0.0	-100.0	2	1.0276406970425511	-9.987868516449309	138.0	22	1.05	0.95				
	207	2	53.75413188596492	10.750826377192983	0.0	0.0	2	0.9708486335474339	-15.239711391869681	138.0	22	1.05	0.95				
	208	1	73.53565242	15.051156928070174	0.0	0.0	2	0.9785239560609347	-13.234306503571673	138.0	22	1.05	0.95				
	209	1	75.25578464035088	15.481189983157895	0.0	0.0	2	1.0062126340642372	-6.744718497915712	138.0	23	1.05	0.95				
	210	1	83.85644574210527	17.201322203508774	0.0	0.0	2	1.03319294146842	-7.802545117040193	138.0	23	1.05	0.95				
	211	1	0.0	0.0	0.0	0.0	2	0.9882795609155699	-4.200458715152492	230.0	23	1.05	0.95				
	212	1	0.0	0.0	0.0	0.0	2	0.9898175488537144	0.9386024089182519	230.0	23	1.05	0.95				
	213	2	113.95875959824562	23.221784974736845	0.0	0.0	2	0.9853226572662421	-1.4363468919743703	230.0	24	1.05	0.95				
	214	2	83.42641268701755	16.771289148421054	0.0	0.0	2	0.9857429614906377	-3.4187624476943315	230.0	26	1.05	0.95				
	215	2	136.32047846280702	27.522115525614037	0.0	0.0	2	0.9928169930887083	0.7291987333427102	230.0	26	1.05	0.95				
	216	2	43.00330550877193	8.600661101754387	0.0	0.0	2	0.9912315122134805	0.5398791024643612	230.0	26	1.05	0.95				
	217	1	0.0	0.0	0.0	0.0	2	1.0010605082553625	1.4260108775240188	230.0	27	1.05	0.95				
	218	2	143.20100734421052	29.242247745964917	0.0	0.0	2	1.0016203456160075	0.9385379034682007	230.0	27	1.05	0.95				
	219	1	77.83598297087721	15.911223038245614	0.0	0.0	2	0.9853254737670673	1.618370852235836	230.0	25	1.05	0.95				
	220	1	55.044231051228074	11.180859432280704	0.0	0.0	2	0.983860856556999	3.4732529888424297	230.0	25	1.05	0.95				
	221	2	0.0	0.0	0.0	0.0	2	1.0040439758372517	1.5540202214756704	230.0	27	1.05	0.95				
	222	2	0.0	0.0	0.0	0.0	2	1.0220680388982362	7.163559686319253	230.0	27	1.05	0.95				
	223	2	0.0	0.0	0.0	0.0	2	0.9845144003571109	4.855315860947918	230.0	25	1.05	0.95				
	224	1	0.0	0.0	0.0	0.0	2	0.983927481884152	-2.5494458342127775	230.0	26	1.05	0.95				
	301	2	66.04365706105263	13.453337549473684	0.0	0.0	3	1.0023137101606818	32.75128350367621	138.0	31	1.05	0.95				
	302	2	59.316988286315784	12.230306863157894	0.0	0.0	3	1.0029562214953138	32.35336320092012	138.0	32	1.05	0.95				
	303	1	110.07276176842105	22.626067696842103	0.0	0.0	3	1.0141799565025038	48.31410243228647	138.0	31	1.05	0.95				
	304	1	45.252135393684206	9.17273014736842	0.0	0.0	3	0.9909021571374746	33.968949753159926	138.0	31	1.05	0.95				
	305	1	43.41758936421052	8.561214804210525	0.0	0.0	3	1.009733154789615	32.371522399973415	138.0	31	1.05	0.95				
	306	1	83.16608666947369	17.12242960842105	0.0	-100.0	3	1.0205954994503263	31.447974710070767	138.0	32	1.05	0.95				
	307	2	76.43941789473683	15.287883578947367	0.0	0.0	3	0.9658710547283151	27.75981783313672	138.0	32	1.05	0.95				
	308	1	104.56912368	21.40303701052631	0.0	0.0	3	0.9758868019321717	30.65533089875011	138.0	32	1.05	0.95				
	309	1	107.01518505263157	22.01455235368421	0.0	0.0	3	1.0024918242227554	37.91432956244671	138.0	33	1.05	0.95				
	310	1	119.24549191578946	24.46061372631579	0.0	0.0	3	1.0331107845402616	34.00970935590033	138.0	33	1.05	0.95				
	311	1	0.0	0.0	0.0	0.0	3	0.9959300463451328	38.7947532681037	230.0	33	1.05	0.95				
	312	1	0.0	0.0	0.0	0.0	3	1.0004904345629702	39.25258119884536	230.0	33	1.05	0.95				
	313	2	162.05156593684208	33.021828530526314	0.0	0.0	3	1.0066823204961732	43.49938212223736	230.0	34	1.05	0.95				
	314	2	118.63397657263157	23.849098383157894	0.0	0.0	3	0.9931786498338301	37.52965063601229	230.0	36	1.05	0.95				
	315	2	193.8503637810526	39.13698196210526	0.0	0.0	3	0.9926110785591508	33.8195278521569	230.0	36	1.05	0.95				
	316	2	61.15153431578947	12.230306863157894	0.0	0.0	3	0.9883394755633602	34.23657554030067	230.0	36	1.05	0.95				
	317	1	0.0	0.0	0.0	0.0	3	0.9975128811317137	34.6541153175023	230.0	37	1.05	0.95				
	318	2	203.63460927157894	41.58304333473684	0.0	0.0	3	0.9911880475858973	31.13190798235883	230.0	37	1.05	0.95				
	319	1	110.68427711157894	22.626067696842103	0.0	0.0	3	0.9942279821540007	34.778248505617086	230.0	35	1.05	0.95				
	320	1	78.27396392421052	15.899398922105263	0.0	0.0	3	1.0008577728094428	34.816931071575326	230.0	35	1.05	0.95				
	321	2	0.0	0.0	0.0	0.0	3	0.9999142906037308	32.56717229188172	230.0	37	1.05	0.95				
	322	2	0.0	0.0	0.0	0.0	3	1.0173675167613592	36.85992262563483	230.0	37	1.05	0.95				
	323	2	0.0	0.0	0.0	0.0	3	1.0043071164294495	34.60708390363758	230.0	35	1.05	0.95				
	324	1	0.0	0.0	0.0	0.0	3	0.998273877897812	41.17931889841454	230.0	36	1.05	0.95				
	325	1	0.0	0.0	0.0	0.0	3	1.0042965298582154	33.145878073741365	230.0	35	1.05	0.95				
];
