%% MATPOWER Case Format : Version 2
function mpc = RTS_GMLC
mpc.version = '2';

%%-----  Power Flow Data  -----%%
%% system MVA base
mpc.baseMVA = 100.0;
%% bus data
%    bus_i    type    Pd    Qd    Gs    Bs    area    Vm    Va    baseKV    zone    Vmax    Vmin
mpc.bus = [
	101	2	38.44928254736842	7.832261259649122	0.0	0.0	1	1.0257047143937594	0.859728386594021	138.0	11	1.05	0.95				
	102	2	34.53315191754386	7.12023750877193	0.0	0.0	1	1.0238414996025045	0.3652231522331277	138.0	12	1.05	0.95				
	103	1	64.08213757894737	13.17243939122807	0.0	0.0	1	1.03095421222316	0.9598118417923099	138.0	11	1.05	0.95				
	104	1	26.34487878245614	5.340178131578947	0.0	0.0	1	1.0189201724111896	-1.8269391468892846	138.0	11	1.05	0.95				
	105	1	25.276843156140348	4.984166256140351	0.0	0.0	1	1.0332105467626123	-1.6975981414456944	138.0	11	1.05	0.95				
	106	1	48.41761505964912	9.968332512280702	0.0	-100.0	1	1.0456585297897876	-3.6059835180479087	138.0	12	1.05	0.95				
	107	2	44.50148442982456	8.900296885964911	0.0	0.0	1	1.0010319254160043	-9.195321664644043	138.0	12	1.05	0.95				
	108	1	60.8780307	12.460415640350876	0.0	0.0	1	1.006660204580128	-7.518009417399581	138.0	12	1.05	0.95				
	109	1	62.302078201754384	12.816427515789472	0.0	0.0	1	1.024673495112308	-2.1480019651021576	138.0	13	1.05	0.95				
	110	1	69.4223157105263	14.24047501754386	0.0	0.0	1	1.05	-3.141264077584428	138.0	13	1.05	0.95				
	111	1	0.0	0.0	0.0	0.0	1	1.0025796852613	-0.12730550500016555	230.0	13	1.05	0.95				
	112	1	0.0	0.0	0.0	0.0	1	1.0068476285934533	-0.7943458177798948	230.0	13	1.05	0.95				
	113	3	94.34314699122807	19.22464127368421	0.0	0.0	1	0.9927060488920546	-2.68372208659702e-29	230.0	14	1.05	0.95				
	114	2	69.06630383508772	13.884463142105263	0.0	0.0	1	1.0014382483302815	2.4184919892505516	230.0	16	1.05	0.95				
	115	2	112.85576451403507	22.784760028070174	0.0	0.0	1	1.040567492476412	9.24545784513354	230.0	16	1.05	0.95				
	116	2	35.601187543859645	7.12023750877193	0.0	0.0	1	1.0344404613306377	8.005128338414522	230.0	16	1.05	0.95				
	117	1	0.0	0.0	0.0	0.0	1	1.0406860645150569	12.47289847747612	230.0	17	1.05	0.95				
	118	2	118.55195452105262	24.20880752982456	0.0	0.0	1	1.0482197493620211	12.8140460569094	230.0	17	1.05	0.95				
	119	1	64.43814945438596	13.17243939122807	0.0	0.0	1	1.022420809771797	4.957507595619926	230.0	15	1.05	0.95				
	120	1	45.56952005614035	9.25630876140351	0.0	0.0	1	1.0160699602524335	2.967598144401916	230.0	15	1.05	0.95				
	121	2	0.0	0.0	0.0	0.0	1	1.05	13.983340918080533	230.0	17	1.05	0.95				
	122	2	0.0	0.0	0.0	0.0	1	1.05	27.960069173493522	230.0	17	1.05	0.95				
	123	2	0.0	0.0	0.0	0.0	1	1.013030370296433	2.146064620349066	230.0	15	1.05	0.95				
	124	1	0.0	0.0	0.0	0.0	1	1.0264328870160908	6.142692587883236	230.0	16	1.05	0.95				
	201	2	38.31764521263158	7.805446247017543	0.0	0.0	2	1.0146154099319586	-13.31103744192047	138.0	21	1.05	0.95				
	202	2	34.414922089122804	7.095860224561404	0.0	0.0	2	1.0137109096155368	-13.589721916409113	138.0	22	1.05	0.95				
	203	1	63.86274202105263	13.127341415438595	0.0	0.0	2	1.0156762607054486	-9.684786184388637	138.0	21	1.05	0.95				
	204	1	26.25468283087719	5.321895168421052	0.0	0.0	2	1.013204995415773	-13.357902874214936	138.0	21	1.05	0.95				
	205	1	25.190303797192982	4.967102157192983	0.0	0.0	2	1.0281391412471128	-13.753108342505183	138.0	21	1.05	0.95				
	206	1	48.25184952701755	9.934204314385966	0.0	-100.0	2	1.0439563750638492	-14.468627557132367	138.0	22	1.05	0.95				
	207	2	44.34912640350877	8.869825280701754	0.0	0.0	2	0.9970001465399627	-18.64010465968375	138.0	22	1.05	0.95				
	208	1	60.66960492	12.417755392982455	0.0	0.0	2	1.003992068407236	-17.083992615902133	138.0	22	1.05	0.95				
	209	1	62.088776964912284	12.772548404210527	0.0	0.0	2	1.0224217953925885	-11.691211710073395	138.0	23	1.05	0.95				
	210	1	69.18463718947369	14.191720449122808	0.0	0.0	2	1.05	-13.05122647139641	138.0	23	1.05	0.95				
	211	1	0.0	0.0	0.0	0.0	2	1.0029638114557673	-9.032792124433234	230.0	23	1.05	0.95				
	212	1	0.0	0.0	0.0	0.0	2	1.0056812046221943	-8.449922073751337	230.0	23	1.05	0.95				
	213	2	94.02014797543859	19.15882260631579	0.0	0.0	2	0.9966869763442782	-7.866996463413177	230.0	24	1.05	0.95				
	214	2	68.82984417824561	13.836927437894737	0.0	0.0	2	1.002528106108845	-6.573811096597386	230.0	26	1.05	0.95				
	215	2	112.46938455929825	22.70675271859649	0.0	0.0	2	1.01803612779963	-0.6271776085945062	230.0	26	1.05	0.95				
	216	2	35.479301122807016	7.095860224561404	0.0	0.0	2	1.0189523954565614	-0.945373730371791	230.0	26	1.05	0.95				
	217	1	0.0	0.0	0.0	0.0	2	1.0235764123240012	0.5866154944805833	230.0	27	1.05	0.95				
	218	2	118.14607273894737	24.125924763508774	0.0	0.0	2	1.0230894638729435	0.2373177625800628	230.0	27	1.05	0.95				
	219	1	64.21753503228071	13.127341415438595	0.0	0.0	2	1.0191321952782004	-1.2865814354317517	230.0	25	1.05	0.95				
	220	1	45.41350543719298	9.224618291929824	0.0	0.0	2	1.0213186400838439	-0.8780414090378083	230.0	25	1.05	0.95				
	221	2	0.0	0.0	0.0	0.0	2	1.0249880006009797	0.7505998197525952	230.0	27	1.05	0.95				
	222	2	0.0	0.0	0.0	0.0	2	1.0468525430068272	7.216039976261921	230.0	27	1.05	0.95				
	223	2	0.0	0.0	0.0	0.0	2	1.0228322017470253	-0.3771311458590546	230.0	25	1.05	0.95				
	224	1	0.0	0.0	0.0	0.0	2	1.006011728861459	-4.046071434057913	230.0	26	1.05	0.95				
	301	2	40.128440362105266	8.174311925614035	0.0	0.0	3	1.0109398072608162	-12.641867161462235	138.0	31	1.05	0.95				
	302	2	36.04128439929825	7.431192659649123	0.0	0.0	3	1.0108833746052237	-12.729943504957006	138.0	32	1.05	0.95				
	303	1	66.8807339368421	13.747706420350877	0.0	0.0	3	1.0227571671425872	-8.324118171977611	138.0	31	1.05	0.95				
	304	1	27.495412840701754	5.573394494736842	0.0	0.0	3	1.0125994076308065	-11.48211644471876	138.0	31	1.05	0.95				
	305	1	26.380733941754386	5.201834861754386	0.0	0.0	3	1.0257923892741243	-12.086490656670005	138.0	31	1.05	0.95				
	306	1	50.532110085614036	10.403669723508772	0.0	-100.0	3	1.0428047345452502	-12.238600279108377	138.0	32	1.05	0.95				
	307	2	46.44495412280702	9.288990824561404	0.0	0.0	3	0.9891088315804452	-16.131951002901417	138.0	32	1.05	0.95				
	308	1	63.536697239999995	13.004587154385963	0.0	0.0	3	0.999350418279881	-14.524648203794541	138.0	32	1.05	0.95				
	309	1	65.02293577192982	13.37614678736842	0.0	0.0	3	1.025004071063852	-8.9307873540926	138.0	33	1.05	0.95				
	310	1	72.45412843157895	14.862385319298246	0.0	0.0	3	1.05	-10.332756274290778	138.0	33	1.05	0.95				
	311	1	0.0	0.0	0.0	0.0	3	1.0033402701400098	-5.312943361406753	230.0	33	1.05	0.95				
	312	1	0.0	0.0	0.0	0.0	3	1.008770789769883	-4.785697215025978	230.0	33	1.05	0.95				
	313	2	98.46330274035088	20.064220181052633	0.0	0.0	3	1.0069598763440384	-1.8272145113168858	230.0	34	1.05	0.95				
	314	2	72.0825687985965	14.49082568631579	0.0	0.0	3	0.9972365865118384	-3.9010956069457294	230.0	36	1.05	0.95				
	315	2	117.78440365543858	23.779816510877193	0.0	0.0	3	1.0288788879620343	-0.061351455100619436	230.0	36	1.05	0.95				
	316	2	37.15596329824562	7.431192659649123	0.0	0.0	3	1.0273956763090661	0.2376400380014819	230.0	36	1.05	0.95				
	317	1	0.0	0.0	0.0	0.0	3	1.0402589618429001	4.706226041715402	230.0	37	1.05	0.95				
	318	2	123.7293577831579	25.266055042807018	0.0	0.0	3	1.037385251270938	2.9146965873066732	230.0	37	1.05	0.95				
	319	1	67.25229356982456	13.747706420350877	0.0	0.0	3	1.0223909589218843	-0.19921691468978947	230.0	35	1.05	0.95				
	320	1	47.55963302175439	9.66055045754386	0.0	0.0	3	1.020259316986019	0.15258567493313777	230.0	35	1.05	0.95				
	321	2	0.0	0.0	0.0	0.0	3	1.0368785546956267	2.5306812554961926	230.0	37	1.05	0.95				
	322	2	0.0	0.0	0.0	0.0	3	1.05	7.697878481852458	230.0	37	1.05	0.95				
	323	2	0.0	0.0	0.0	0.0	3	1.0194642876890867	0.6389370539632347	230.0	35	1.05	0.95				
	324	1	0.0	0.0	0.0	0.0	3	1.0161969578467014	-3.1669068083434393	230.0	36	1.05	0.95				
	325	1	0.0	0.0	0.0	0.0	3	1.0184031866849759	1.7836289933258094	230.0	35	1.05	0.95				
];
