%% MATPOWER Case Format : Version 2
function mpc = RTS_GMLC
mpc.version = '2';

%%-----  Power Flow Data  -----%%
%% system MVA base
mpc.baseMVA = 100.0;
%% bus data
%    bus_i    type    Pd    Qd    Gs    Bs    area    Vm    Va    baseKV    zone    Vmax    Vmin
mpc.bus = [
	101	2	49.23057891789474	10.028451261052632	0.0	0.0	1	1.0162010822714593	2.405282688577652	138.0	11	1.05	0.95				
	102	2	44.21635328736842	9.116773873684211	0.0	0.0	1	1.01502606025385	2.103761078798601	138.0	12	1.05	0.95				
	103	1	82.05096486315789	16.866031666315788	0.0	0.0	1	1.0274821348346228	2.097047075733528	138.0	11	1.05	0.95				
	104	1	33.732063332631576	6.837580405263158	0.0	0.0	1	1.0135222840725238	-0.9311577845697497	138.0	11	1.05	0.95				
	105	1	32.36454725157895	6.381741711578948	0.0	0.0	1	1.0265791259182346	-0.8487683775832305	138.0	11	1.05	0.95				
	106	1	61.99406234105263	12.763483423157895	0.0	-100.0	1	1.0402025022113377	-3.1530351719363137	138.0	12	1.05	0.95				
	107	2	56.97983671052632	11.395967342105264	0.0	0.0	1	0.9866988708019693	-8.759677981291455	138.0	12	1.05	0.95				
	108	1	77.94841662	15.954354278947369	0.0	0.0	1	0.9956232753328867	-7.346419493090742	138.0	12	1.05	0.95				
	109	1	79.77177139473685	16.41019297263158	0.0	0.0	1	1.0262531143907092	-1.5098535939199274	138.0	13	1.05	0.95				
	110	1	88.88854526842105	18.233547747368423	0.0	0.0	1	1.05	-2.6452480568653165	138.0	13	1.05	0.95				
	111	1	0.0	0.0	0.0	0.0	1	1.0188929084276235	0.6251404161084235	230.0	13	1.05	0.95				
	112	1	0.0	0.0	0.0	0.0	1	1.0146502086481208	0.3781430257594879	230.0	13	1.05	0.95				
	113	3	120.79725382631578	24.61528945894737	0.0	0.0	1	0.9982225635386018	1.1046551105670225e-29	230.0	14	1.05	0.95				
	114	2	88.43270657473684	17.777709053684212	0.0	0.0	1	1.0437878801960456	3.8017498845782143	230.0	16	1.05	0.95				
	115	2	144.50086589789476	29.173676395789478	0.0	0.0	1	1.046132962618749	11.960128328052168	230.0	16	1.05	0.95				
	116	2	45.583869368421055	9.116773873684211	0.0	0.0	1	1.0483536633294794	11.136954338247596	230.0	16	1.05	0.95				
	117	1	0.0	0.0	0.0	0.0	1	1.044630708841276	15.735992209527407	230.0	17	1.05	0.95				
	118	2	151.79428499684212	30.997031170526316	0.0	0.0	1	1.05	15.725484578494003	230.0	17	1.05	0.95				
	119	1	82.50680355684212	16.866031666315788	0.0	0.0	1	1.0458768037670765	8.553612184524834	230.0	15	1.05	0.95				
	120	1	58.347352791578956	11.851806035789474	0.0	0.0	1	1.048126779912587	7.164378348717059	230.0	15	1.05	0.95				
	121	2	0.0	0.0	0.0	0.0	1	1.0416536506898952	16.856502516904225	230.0	17	1.05	0.95				
	122	2	0.0	0.0	0.0	0.0	1	1.05	34.831032599032426	230.0	17	1.05	0.95				
	123	2	0.0	0.0	0.0	0.0	1	1.049999999049287	6.737402983096701	230.0	15	1.05	0.95				
	124	1	0.0	0.0	0.0	0.0	1	1.0267598159088793	8.296528614530763	230.0	16	1.05	0.95				
	201	2	44.65858649684211	9.09711947157895	0.0	0.0	2	1.0245234578158293	-7.842394331219289	138.0	21	1.05	0.95				
	202	2	40.11002676105264	8.270108610526316	0.0	0.0	2	1.0256009679850533	-7.634972587482567	138.0	22	1.05	0.95				
	203	1	74.43097749473685	15.299700929473687	0.0	0.0	2	1.0148724021180975	-7.558193869292577	138.0	21	1.05	0.95				
	204	1	30.599401858947374	6.202581457894738	0.0	0.0	2	1.0175571399431558	-9.397859570204444	138.0	21	1.05	0.95				
	205	1	29.35888556736842	5.789076027368422	0.0	0.0	2	1.032218179212136	-9.62010335445053	138.0	21	1.05	0.95				
	206	1	56.23673855157896	11.578152054736844	0.0	-100.0	2	1.0447260864022643	-10.982959358365667	138.0	22	1.05	0.95				
	207	2	51.68817881578948	10.337635763157897	0.0	0.0	2	0.9912069603638823	-16.99839240064745	138.0	22	1.05	0.95				
	208	1	70.70942862	14.472690068421054	0.0	0.0	2	0.9983548377431013	-15.146671717141906	138.0	22	1.05	0.95				
	209	1	72.36345034210527	14.88619549894737	0.0	0.0	2	1.0225620257211772	-9.137684952603113	138.0	23	1.05	0.95				
	210	1	80.63355895263159	16.540217221052632	0.0	0.0	2	1.05	-10.09197789402417	138.0	23	1.05	0.95				
	211	1	0.0	0.0	0.0	0.0	2	1.0049105136285768	-6.594505529469878	230.0	23	1.05	0.95				
	212	1	0.0	0.0	0.0	0.0	2	1.0083694613067444	-5.827861453164086	230.0	23	1.05	0.95				
	213	2	109.57893908947369	22.329293248421056	0.0	0.0	2	0.9984190904989491	-5.456642088153323	230.0	24	1.05	0.95				
	214	2	80.22005352210527	16.12671179052632	0.0	0.0	2	1.005410328129021	-4.4533246554837955	230.0	26	1.05	0.95				
	215	2	131.0812214768421	26.464347553684213	0.0	0.0	2	1.0260543083380713	1.0484183417722484	230.0	26	1.05	0.95				
	216	2	41.350543052631586	8.270108610526316	0.0	0.0	2	1.0283243895312737	1.0404906755879064	230.0	26	1.05	0.95				
	217	1	0.0	0.0	0.0	0.0	2	1.035998199433343	2.8668641562272383	230.0	27	1.05	0.95				
	218	2	137.69730836526318	28.11836927578948	0.0	0.0	2	1.0341701731619966	2.262989287786451	230.0	27	1.05	0.95				
	219	1	74.84448292526316	15.299700929473687	0.0	0.0	2	1.0280454957858236	0.8855039246659467	230.0	25	1.05	0.95				
	220	1	52.928695107368426	10.751141193684212	0.0	0.0	2	1.0304759908209795	1.5553118801263581	230.0	25	1.05	0.95				
	221	2	0.0	0.0	0.0	0.0	2	1.0342113906172945	2.663879937570377	230.0	27	1.05	0.95				
	222	2	0.0	0.0	0.0	0.0	2	1.05	9.241327888409401	230.0	27	1.05	0.95				
	223	2	0.0	0.0	0.0	0.0	2	1.0324563631367702	2.2377227354103537	230.0	25	1.05	0.95				
	224	1	0.0	0.0	0.0	0.0	2	1.0111334654484427	-2.169378467070066	230.0	26	1.05	0.95				
	301	2	47.81588104421053	9.740272064561402	0.0	0.0	3	1.0089238381332277	-19.88406979888592	138.0	31	1.05	0.95				
	302	2	42.94574501192982	8.854792785964912	0.0	0.0	3	1.0084730223328933	-19.981437222032724	138.0	32	1.05	0.95				
	303	1	79.6931350736842	16.381366654035087	0.0	0.0	3	1.0225544727894904	-14.782440883330272	138.0	31	1.05	0.95				
	304	1	32.762733308070175	6.641094589473684	0.0	0.0	3	1.010380639141834	-18.459410822585802	138.0	31	1.05	0.95				
	305	1	31.434514390175437	6.19835495017544	0.0	0.0	3	1.0236372967486689	-19.16714939584229	138.0	31	1.05	0.95				
	306	1	60.212590944561406	12.39670990035088	0.0	-100.0	3	1.040124540647797	-19.290787521658853	138.0	32	1.05	0.95				
	307	2	55.3424549122807	11.06849098245614	0.0	0.0	3	0.9952112737928345	-24.18048225272215	138.0	32	1.05	0.95				
	308	1	75.70847832	15.495887375438597	0.0	0.0	3	1.0001934317884926	-22.16880474353773	138.0	32	1.05	0.95				
	309	1	77.47943687719298	15.938627014736841	0.0	0.0	3	1.0260234095433511	-15.401773678598682	138.0	33	1.05	0.95				
	310	1	86.33422966315788	17.709585571929825	0.0	0.0	3	1.05	-17.026229330844757	138.0	33	1.05	0.95				
	311	1	0.0	0.0	0.0	0.0	3	1.0093528969563588	-11.108705206145267	230.0	33	1.05	0.95				
	312	1	0.0	0.0	0.0	0.0	3	1.010102284959159	-10.390262007194496	230.0	33	1.05	0.95				
	313	2	117.32600441403508	23.907940522105264	0.0	0.0	3	1.0106507473494812	-7.301639242271722	230.0	34	1.05	0.95				
	314	2	85.89149002385965	17.26684593263158	0.0	0.0	3	1.0138739872861515	-9.255156789876395	230.0	36	1.05	0.95				
	315	2	140.34846565754387	28.335336915087723	0.0	0.0	3	1.0365229638943214	-5.050525564642741	230.0	36	1.05	0.95				
	316	2	44.27396392982456	8.854792785964912	0.0	0.0	3	1.0360193620266165	-3.9816520722431195	230.0	36	1.05	0.95				
	317	1	0.0	0.0	0.0	0.0	3	1.0418685657884388	-2.172658872782417	230.0	37	1.05	0.95				
	318	2	147.43229988631577	30.106295472280703	0.0	0.0	3	1.0398661584404012	-2.8141480803701224	230.0	37	1.05	0.95				
	319	1	80.13587471298246	16.381366654035087	0.0	0.0	3	1.0310676137845798	-4.310851168120764	230.0	35	1.05	0.95				
	320	1	56.670673830175446	11.511230621754386	0.0	0.0	3	1.0297618602696355	-3.7417173604960112	230.0	35	1.05	0.95				
	321	2	0.0	0.0	0.0	0.0	3	1.0406040446469578	-3.0112351850761603	230.0	37	1.05	0.95				
	322	2	0.0	0.0	0.0	0.0	3	1.05	1.6385805369628796	230.0	37	1.05	0.95				
	323	2	0.0	0.0	0.0	0.0	3	1.0297944826812946	-3.088861667396471	230.0	35	1.05	0.95				
	324	1	0.0	0.0	0.0	0.0	3	1.0191701491668819	-8.681767620692963	230.0	36	1.05	0.95				
	325	1	0.0	0.0	0.0	0.0	3	1.0234552483120887	-1.4470407497499553	230.0	35	1.05	0.95				
];
