%% MATPOWER Case Format : Version 2
function mpc = RTS_GMLC
mpc.version = '2';

%%-----  Power Flow Data  -----%%
%% system MVA base
mpc.baseMVA = 100.0;
%% bus data
%    bus_i    type    Pd    Qd    Gs    Bs    area    Vm    Va    baseKV    zone    Vmax    Vmin
mpc.bus = [
	101	2	34.94903512926316	7.119247896701755	0.0	0.0	1	1.022344249038189	0.31347569266893177	138.0	11	1.05	0.95				
	102	2	31.38941118091228	6.472043542456141	0.0	0.0	1	1.0200334244835356	-0.29110379234031863	138.0	12	1.05	0.95				
	103	1	58.24839188210527	11.973280553543859	0.0	0.0	1	1.0305582542030873	0.7731686738792838	138.0	11	1.05	0.95				
	104	1	23.946561107087717	4.854032656842105	0.0	0.0	1	1.0179049773609798	-2.072010573220044	138.0	11	1.05	0.95				
	105	1	22.9757545757193	4.530430479719299	0.0	0.0	1	1.032093256152136	-1.937380234792122	138.0	11	1.05	0.95				
	106	1	44.00989608870176	9.060860959438598	0.0	-100.0	1	1.0458302632562069	-3.6795077204226203	138.0	12	1.05	0.95				
	107	2	40.450272140350876	8.090054428070175	0.0	0.0	1	1.0019336746558751	-9.072372814828698	138.0	12	1.05	0.95				
	108	1	55.335972288	11.326076199298244	0.0	0.0	1	1.0081887387988233	-7.35640084491081	138.0	12	1.05	0.95				
	109	1	56.630380996491226	11.649678376421052	0.0	0.0	1	1.0246023940567965	-2.179786667760157	138.0	13	1.05	0.95				
	110	1	63.10242453894737	12.944087084912281	0.0	0.0	1	1.05	-3.164303568896869	138.0	13	1.05	0.95				
	111	1	0.0	0.0	0.0	0.0	1	1.0012164777486479	-0.2052348902903738	230.0	13	1.05	0.95				
	112	1	0.0	0.0	0.0	0.0	1	1.0060682495311257	-0.861410881015192	230.0	13	1.05	0.95				
	113	3	85.75457693754386	17.47451756463158	0.0	0.0	1	0.9914464848688589	6.253683864647184e-28	230.0	14	1.05	0.95				
	114	2	62.77882236182456	12.620484907789475	0.0	0.0	1	0.9984612752224684	2.2363860219300435	230.0	16	1.05	0.95				
	115	2	102.58189014792983	20.71053933585965	0.0	0.0	1	1.038335875392369	8.715992351999661	230.0	16	1.05	0.95				
	116	2	32.3602177122807	6.472043542456141	0.0	0.0	1	1.0332729854791396	7.454515817914409	230.0	16	1.05	0.95				
	117	1	0.0	0.0	0.0	0.0	1	1.0404586821340862	11.498797780272273	230.0	17	1.05	0.95				
	118	2	107.75952498189474	22.00494804435088	0.0	0.0	1	1.046287565625258	12.024114154032713	230.0	17	1.05	0.95				
	119	1	58.571994059228075	11.973280553543859	0.0	0.0	1	1.0214014014790196	4.574125933332924	230.0	15	1.05	0.95				
	120	1	41.4210786717193	8.413656605192983	0.0	0.0	1	1.0146036206437008	2.66969539137105	230.0	15	1.05	0.95				
	121	2	0.0	0.0	0.0	0.0	1	1.0490273388775095	13.272222817772008	230.0	17	1.05	0.95				
	122	2	0.0	0.0	0.0	0.0	1	1.05	23.826429868929786	230.0	17	1.05	0.95				
	123	2	0.0	0.0	0.0	0.0	1	1.0111445202307678	1.8710373800653484	230.0	15	1.05	0.95				
	124	1	0.0	0.0	0.0	0.0	1	1.0252774398291589	5.7364952402862315	230.0	16	1.05	0.95				
	201	2	37.29765465094737	7.597670391859649	0.0	0.0	2	1.0153693347303518	-13.847019863239982	138.0	21	1.05	0.95				
	202	2	33.49881945501754	6.906973083508772	0.0	0.0	2	1.0144576322614411	-14.130850999722151	138.0	22	1.05	0.95				
	203	1	62.162757751578944	12.777900204491226	0.0	0.0	2	1.0156814946830834	-10.074521467834845	138.0	21	1.05	0.95				
	204	1	25.555800408982453	5.180229812631579	0.0	0.0	2	1.013559024256873	-13.950016036194283	138.0	21	1.05	0.95				
	205	1	24.519754446456137	4.834881158456141	0.0	0.0	2	1.0286613533544593	-14.355097660436781	138.0	21	1.05	0.95				
	206	1	46.96741696785965	9.669762316912282	0.0	-100.0	2	1.044398121455522	-15.099925357451687	138.0	22	1.05	0.95				
	207	2	43.16858177192982	8.633716354385964	0.0	0.0	2	0.9977529391223031	-19.14973871273417	138.0	22	1.05	0.95				
	208	1	59.054619864	12.087202896140349	0.0	0.0	2	1.0047127362072026	-17.63983804623158	138.0	22	1.05	0.95				
	209	1	60.43601448070175	12.43255155031579	0.0	0.0	2	1.022074407801119	-12.362660689835161	138.0	23	1.05	0.95				
	210	1	67.34298756421052	13.813946167017544	0.0	0.0	2	1.05	-13.74988224389158	138.0	23	1.05	0.95				
	211	1	0.0	0.0	0.0	0.0	2	1.0022964272551123	-9.823682924299513	230.0	23	1.05	0.95				
	212	1	0.0	0.0	0.0	0.0	2	1.0049645796416622	-9.406802066494647	230.0	23	1.05	0.95				
	213	2	91.51739335649121	18.648827325473686	0.0	0.0	2	0.995124340406736	-8.850949959034795	230.0	24	1.05	0.95				
	214	2	66.99763891003508	13.468597512842106	0.0	0.0	2	1.0018412189885069	-7.297493795148989	230.0	26	1.05	0.95				
	215	2	109.47552337361404	22.10231386722807	0.0	0.0	2	1.016666808993676	-1.1473597810204441	230.0	26	1.05	0.95				
	216	2	34.534865417543855	6.906973083508772	0.0	0.0	2	1.017408613258804	-1.6252019998883336	230.0	26	1.05	0.95				
	217	1	0.0	0.0	0.0	0.0	2	1.0220215022955754	0.04706726385787875	230.0	27	1.05	0.95				
	218	2	115.00110184042104	23.483708483929824	0.0	0.0	2	1.021670443374696	-0.2806667921959254	230.0	27	1.05	0.95				
	219	1	62.50810640575438	12.777900204491226	0.0	0.0	2	1.0168551185894343	-2.300838733961767	230.0	25	1.05	0.95				
	220	1	44.20462773445614	8.979065008561403	0.0	0.0	2	1.0183567880409308	-2.1980856119611585	230.0	25	1.05	0.95				
	221	2	0.0	0.0	0.0	0.0	2	1.0235897306517734	0.2329947157095798	230.0	27	1.05	0.95				
	222	2	0.0	0.0	0.0	0.0	2	1.0454690473509494	6.707392893611017	230.0	27	1.05	0.95				
	223	2	0.0	0.0	0.0	0.0	2	1.0193886446825793	-1.8701336391261272	230.0	25	1.05	0.95				
	224	1	0.0	0.0	0.0	0.0	2	1.005317190327175	-4.52177822773391	230.0	26	1.05	0.95				
	301	2	44.46757356631579	9.058209430175438	0.0	0.0	3	1.0097236106903817	-0.7761334884086087	138.0	31	1.05	0.95				
	302	2	39.93846885122807	8.234735845614036	0.0	0.0	3	1.0095884518100104	-1.0410721988625051	138.0	32	1.05	0.95				
	303	1	74.11262261052632	15.234261314385966	0.0	0.0	3	1.045289318159923	10.24867877357254	138.0	31	1.05	0.95				
	304	1	30.468522628771932	6.176051884210526	0.0	0.0	3	1.0123574706850094	0.35660029165051654	138.0	31	1.05	0.95				
	305	1	29.23331225192982	5.764315091929825	0.0	0.0	3	1.0248319881469792	-1.7258293820191772	138.0	31	1.05	0.95				
	306	1	55.99620375017545	11.52863018385965	0.0	-100.0	3	1.0412321841857415	-2.7511389861835975	138.0	32	1.05	0.95				
	307	2	51.46709903508771	10.293419807017544	0.0	0.0	3	0.988190869198044	-6.383356412939365	138.0	32	1.05	0.95				
	308	1	70.40699148	14.410787729824563	0.0	0.0	3	0.9973974458067096	-4.563588737051443	138.0	32	1.05	0.95				
	309	1	72.05393864912281	14.822524522105262	0.0	0.0	3	1.0273236233089045	3.183472856955177	138.0	33	1.05	0.95				
	310	1	80.28867449473684	16.469471691228073	0.0	0.0	3	1.05	-1.3445322674584832	138.0	33	1.05	0.95				
	311	1	0.0	0.0	0.0	0.0	3	1.0085029697984995	2.5245841184347126	230.0	33	1.05	0.95				
	312	1	0.0	0.0	0.0	0.0	3	1.014409905743498	3.2494474589488194	230.0	33	1.05	0.95				
	313	2	109.11024995438596	22.233786783157896	0.0	0.0	3	1.0110631230259228	5.186749986625459	230.0	34	1.05	0.95				
	314	2	79.87693770245615	16.057734898947366	0.0	0.0	3	1.0000706085455522	1.9076630772022505	230.0	36	1.05	0.95				
	315	2	130.52056315298245	26.351154705964912	0.0	0.0	3	1.0341194557270372	3.769573147296704	230.0	36	1.05	0.95				
	316	2	41.17367922807018	8.234735845614036	0.0	0.0	3	1.0272198563853598	3.5062413492862863	230.0	36	1.05	0.95				
	317	1	0.0	0.0	0.0	0.0	3	1.038100944251604	5.8336229773783534	230.0	37	1.05	0.95				
	318	2	137.1083518294737	27.998101875087723	0.0	0.0	3	1.036041852922931	4.376617769440558	230.0	37	1.05	0.95				
	319	1	74.52435940280702	15.234261314385966	0.0	0.0	3	1.0211821540922097	3.4405849081468776	230.0	35	1.05	0.95				
	320	1	52.702309411929825	10.705156599298245	0.0	0.0	3	1.0186430174927974	4.196921623488175	230.0	35	1.05	0.95				
	321	2	0.0	0.0	0.0	0.0	3	1.0373442130483237	4.758065373999724	230.0	37	1.05	0.95				
	322	2	0.0	0.0	0.0	0.0	3	1.0499999891520344	9.490084476926771	230.0	37	1.05	0.95				
	323	2	0.0	0.0	0.0	0.0	3	1.0179483205313358	4.938220426566906	230.0	35	1.05	0.95				
	324	1	0.0	0.0	0.0	0.0	3	1.0357721416082306	6.250079993169986	230.0	36	1.05	0.95				
	325	1	0.0	0.0	0.0	0.0	3	1.0191171444848406	5.6656455016536755	230.0	35	1.05	0.95				
];
