%% MATPOWER Case Format : Version 2
function mpc = RTS_GMLC
mpc.version = '2';

%%-----  Power Flow Data  -----%%
%% system MVA base
mpc.baseMVA = 100.0;
%% bus data
%    bus_i    type    Pd    Qd    Gs    Bs    area    Vm    Va    baseKV    zone    Vmax    Vmin
mpc.bus = [
	101	2	45.48985650947369	9.266452251929824	0.0	0.0	1	1.05	6.7869372344411625	138.0	11	1.05	0.95				
	102	2	40.856630383508765	8.424047501754387	0.0	0.0	1	1.0487614116008823	6.299156245854327	138.0	12	1.05	0.95				
	103	1	75.81642751578947	15.584487878245614	0.0	0.0	1	1.0373007807250365	3.6143449511810983	138.0	11	1.05	0.95				
	104	1	31.16897575649123	6.3180356263157895	0.0	0.0	1	1.0310379964656569	2.4128076830618337	138.0	11	1.05	0.95				
	105	1	29.905368631228068	5.896833251228071	0.0	0.0	1	1.0428199780226517	2.174991747974019	138.0	11	1.05	0.95				
	106	1	57.28352301192983	11.793666502456142	0.0	-100.0	1	1.048151472295422	-0.9323935283842066	138.0	12	1.05	0.95				
	107	2	52.650296885964906	10.530059377192982	0.0	0.0	1	1.0000698899469156	-7.66765542064237	138.0	12	1.05	0.95				
	108	1	72.02560614	14.742083128070174	0.0	0.0	1	1.0041254468694714	-6.073958224730256	138.0	12	1.05	0.95				
	109	1	73.71041564035087	15.163285503157894	0.0	0.0	1	1.025085283707125	-0.39166407458089797	138.0	13	1.05	0.95				
	110	1	82.13446314210526	16.848095003508774	0.0	0.0	1	1.05	-1.2622089213354086	138.0	13	1.05	0.95				
	111	1	0.0	0.0	0.0	0.0	1	1.0037612230024517	0.331933337740304	230.0	13	1.05	0.95				
	112	1	0.0	0.0	0.0	0.0	1	1.0082980303618774	0.16755188350643735	230.0	13	1.05	0.95				
	113	3	111.6186293982456	22.744928254736845	0.0	0.0	1	0.9934250278552882	-6.523272991284329e-32	230.0	14	1.05	0.95				
	114	2	81.71326076701753	16.42689262842105	0.0	0.0	1	1.0002825822910941	1.8964708201351606	230.0	16	1.05	0.95				
	115	2	133.52115290280702	26.95695200561404	0.0	0.0	1	1.0385537578436648	7.442268770114682	230.0	16	1.05	0.95				
	116	2	42.12023750877193	8.424047501754387	0.0	0.0	1	1.0333963143394103	6.544602486216629	230.0	16	1.05	0.95				
	117	1	0.0	0.0	0.0	0.0	1	1.0415177990344673	9.939369858936109	230.0	17	1.05	0.95				
	118	2	140.2603909042105	28.641761505964915	0.0	0.0	1	1.046758208225428	10.293727842908186	230.0	17	1.05	0.95				
	119	1	76.23762989087719	15.584487878245614	0.0	0.0	1	1.0231375304411945	4.628054929566439	230.0	15	1.05	0.95				
	120	1	53.91390401122808	10.951261752280702	0.0	0.0	1	1.016968815377255	3.3750179422177022	230.0	15	1.05	0.95				
	121	2	0.0	0.0	0.0	0.0	1	1.05	11.140459704268652	230.0	17	1.05	0.95				
	122	2	0.0	0.0	0.0	0.0	1	1.05	20.936364687467915	230.0	17	1.05	0.95				
	123	2	0.0	0.0	0.0	0.0	1	1.0141253378459587	3.01232605299256	230.0	15	1.05	0.95				
	124	1	0.0	0.0	0.0	0.0	1	1.0316636146534537	6.0023312142481275	230.0	16	1.05	0.95				
	201	2	44.19959074105264	9.00362033614035	0.0	0.0	2	1.0131098288539426	-10.263139697386208	138.0	21	1.05	0.95				
	202	2	39.69778057298245	8.185109396491228	0.0	0.0	2	1.0122543513013686	-10.521750014953993	138.0	22	1.05	0.95				
	203	1	73.66598456842105	15.142452383508772	0.0	0.0	2	1.0149708148709773	-7.076988233018499	138.0	21	1.05	0.95				
	204	1	30.284904767017544	6.138832047368421	0.0	0.0	2	1.0119901140986836	-9.99970634801106	138.0	21	1.05	0.95				
	205	1	29.05713835754386	5.72957657754386	0.0	0.0	2	1.0265486156321737	-10.37243920580723	138.0	21	1.05	0.95				
	206	1	55.65874389614035	11.45915315508772	0.0	-100.0	2	1.0420684342534907	-10.947168765208495	138.0	22	1.05	0.95				
	207	2	51.15693372807017	10.231386745614035	0.0	0.0	2	0.9954954549136803	-15.845410393411294	138.0	22	1.05	0.95				
	208	1	69.98268533999999	14.323941443859647	0.0	0.0	2	1.0012301059226754	-14.006174558195507	138.0	22	1.05	0.95				
	209	1	71.61970721929825	14.73319691368421	0.0	0.0	2	1.023633960512396	-7.878717034853062	138.0	23	1.05	0.95				
	210	1	79.80481661578948	16.370218792982456	0.0	0.0	2	1.05	-9.163959990617244	138.0	23	1.05	0.95				
	211	1	0.0	0.0	0.0	0.0	2	1.0044788333061299	-5.266077482373033	230.0	23	1.05	0.95				
	212	1	0.0	0.0	0.0	0.0	2	1.0103785217163614	-2.5431149641996154	230.0	23	1.05	0.95				
	213	2	108.45269950350878	22.09979537052632	0.0	0.0	2	1.000030603930331	-3.4491709079541915	230.0	24	1.05	0.95				
	214	2	79.3955611459649	15.960963323157895	0.0	0.0	2	1.003024187392899	-3.4678251503541366	230.0	26	1.05	0.95				
	215	2	129.73398393438595	26.19235006877193	0.0	0.0	2	1.0211249250048655	1.9275412386618949	230.0	26	1.05	0.95				
	216	2	40.92554698245614	8.185109396491228	0.0	0.0	2	1.0212863050333596	1.5675181060707533	230.0	26	1.05	0.95				
	217	1	0.0	0.0	0.0	0.0	2	1.0257444596267404	2.703319972257831	230.0	27	1.05	0.95				
	218	2	136.28207145157896	27.829371948070175	0.0	0.0	2	1.0251575880966917	2.3671674029568766	230.0	27	1.05	0.95				
	219	1	74.07524003824561	15.142452383508772	0.0	0.0	2	1.021489896089983	1.3584370364306795	230.0	25	1.05	0.95				
	220	1	52.38470013754386	10.640642215438596	0.0	0.0	2	1.0243324335104302	1.9832306395464256	230.0	25	1.05	0.95				
	221	2	0.0	0.0	0.0	0.0	2	1.0273355824693646	3.016583741819395	230.0	27	1.05	0.95				
	222	2	0.0	0.0	0.0	0.0	2	1.0489931444856215	9.396386818620607	230.0	27	1.05	0.95				
	223	2	0.0	0.0	0.0	0.0	2	1.0265239060859253	2.6410223141648195	230.0	25	1.05	0.95				
	224	1	0.0	0.0	0.0	0.0	2	1.007704188295163	-1.4577761967233454	230.0	26	1.05	0.95				
	301	2	69.16988296421053	14.090161344561402	0.0	0.0	3	1.010881394676461	-23.042853093563036	138.0	31	1.05	0.95				
	302	2	62.124802291929825	12.809237585964913	0.0	0.0	3	1.0102053819846455	-23.22561059456083	138.0	32	1.05	0.95				
	303	1	115.28313827368422	23.697089534035086	0.0	0.0	3	1.0269840121280551	-14.322188742515097	138.0	31	1.05	0.95				
	304	1	47.39417906807017	9.606928189473683	0.0	0.0	3	1.0071122332494864	-21.098878672356822	138.0	31	1.05	0.95				
	305	1	45.472793430175436	8.96646631017544	0.0	0.0	3	1.0215043634371175	-22.08404612072903	138.0	31	1.05	0.95				
	306	1	87.10281558456141	17.93293262035088	0.0	-100.0	3	1.034573966437221	-22.25165235887091	138.0	32	1.05	0.95				
	307	2	80.0577349122807	16.01154698245614	0.0	0.0	3	0.9874913883946825	-29.57041771923586	138.0	32	1.05	0.95				
	308	1	109.51898136	22.416165775438596	0.0	0.0	3	0.9877990002866588	-26.485994856890613	138.0	32	1.05	0.95				
	309	1	112.08082887719297	23.056627654736843	0.0	0.0	3	1.0274802445613527	-16.750373072599007	138.0	33	1.05	0.95				
	310	1	124.8900664631579	25.618475171929827	0.0	0.0	3	1.05	-19.070326769701147	138.0	33	1.05	0.95				
	311	1	0.0	0.0	0.0	0.0	3	1.021877239075107	-11.01705457734723	230.0	33	1.05	0.95				
	312	1	0.0	0.0	0.0	0.0	3	1.0206760168469162	-10.515094805934321	230.0	33	1.05	0.95				
	313	2	169.7223980140351	34.584941482105265	0.0	0.0	3	1.0356447016319104	-6.617569783677466	230.0	34	1.05	0.95				
	314	2	124.24960458385965	24.97801329263158	0.0	0.0	3	1.0353254550559623	-8.12436890006035	230.0	36	1.05	0.95				
	315	2	203.02641573754389	40.98956027508772	0.0	0.0	3	1.045374662575455	-3.9227575474243084	230.0	36	1.05	0.95				
	316	2	64.04618792982455	12.809237585964913	0.0	0.0	3	1.0467186972882543	-2.761139621690101	230.0	36	1.05	0.95				
	317	1	0.0	0.0	0.0	0.0	3	1.05	0.7273547459630558	230.0	37	1.05	0.95				
	318	2	213.2738058063158	43.551407792280706	0.0	0.0	3	1.044087824632345	-0.8411481031198075	230.0	37	1.05	0.95				
	319	1	115.92360015298246	23.697089534035086	0.0	0.0	3	1.0462459486513023	-2.607775218043963	230.0	35	1.05	0.95				
	320	1	81.97912055017544	16.652008861754386	0.0	0.0	3	1.0471399078337993	-2.919921765689298	230.0	35	1.05	0.95				
	321	2	0.0	0.0	0.0	0.0	3	1.0458499347230281	-1.2790505610691807	230.0	37	1.05	0.95				
	322	2	0.0	0.0	0.0	0.0	3	1.05	3.850786798032286	230.0	37	1.05	0.95				
	323	2	0.0	0.0	0.0	0.0	3	1.0484596226711398	-2.857353403806596	230.0	35	1.05	0.95				
	324	1	0.0	0.0	0.0	0.0	3	1.0260542228786689	-7.412017647446881	230.0	36	1.05	0.95				
	325	1	0.0	0.0	0.0	0.0	3	1.0446503324754488	-1.7044692795510195	230.0	35	1.05	0.95				
];
