%% MATPOWER Case Format : Version 2
function mpc = RTS_GMLC
mpc.version = '2';

%%-----  Power Flow Data  -----%%
%% system MVA base
mpc.baseMVA = 100.0;
%% bus data
%    bus_i    type    Pd    Qd    Gs    Bs    area    Vm    Va    baseKV    zone    Vmax    Vmin
mpc.bus = [
	101	2	72.27610093894737	14.722909450526315	0.0	0.0	1	1.049999947831156	0.05088116656798763	138.0	11	1.05	0.95				
	102	2	64.91464621368421	13.384463136842104	0.0	0.0	1	1.0487894159975577	-0.33676635673558347	138.0	12	1.05	0.95				
	103	1	120.46016823157895	24.76125680315789	0.0	0.0	1	1.0314027333596798	-1.0794901605509835	138.0	11	1.05	0.95				
	104	1	49.52251360631578	10.038347352631579	0.0	0.0	1	1.0271094716573876	-3.61816374758062	138.0	11	1.05	0.95				
	105	1	47.51484413578947	9.369124195789475	0.0	0.0	1	1.0403766768376608	-4.043589332573949	138.0	11	1.05	0.95				
	106	1	91.01434933052631	18.73824839157895	0.0	-100.0	1	1.0417472116164062	-7.03858546851201	138.0	12	1.05	0.95				
	107	2	83.65289460526316	16.73057892105263	0.0	0.0	1	0.9992260339735298	-13.869011574838716	138.0	12	1.05	0.95				
	108	1	114.43715981999998	23.42281048947368	0.0	0.0	1	0.9953516608229689	-12.403474585948063	138.0	12	1.05	0.95				
	109	1	117.11405244736841	24.092033646315787	0.0	0.0	1	1.0258717700670426	-4.731541434172049	138.0	13	1.05	0.95				
	110	1	130.4985155842105	26.768926273684208	0.0	0.0	1	1.05	-6.170385535588727	138.0	13	1.05	0.95				
	111	1	0.0	0.0	0.0	0.0	1	1.0130617267932658	-1.913545059438372	230.0	13	1.05	0.95				
	112	1	0.0	0.0	0.0	0.0	1	1.014897124487637	-1.4879257350240374	230.0	13	1.05	0.95				
	113	3	177.3441365631579	36.13805046947368	0.0	0.0	1	1.0126577745588097	5.175678515436791e-32	230.0	14	1.05	0.95				
	114	2	129.82929242736842	26.099703116842104	0.0	0.0	1	1.0164875691781357	0.0003757913189394002	230.0	16	1.05	0.95				
	115	2	212.14374071894736	42.83028203789473	0.0	0.0	1	1.0434741022826097	7.402260648594886	230.0	16	1.05	0.95				
	116	2	66.92231568421052	13.384463136842104	0.0	0.0	1	1.040971301055892	6.747343913523225	230.0	16	1.05	0.95				
	117	1	0.0	0.0	0.0	0.0	1	1.0451720370147066	10.160690883496107	230.0	17	1.05	0.95				
	118	2	222.85131122842103	45.50717466526316	0.0	0.0	1	1.0478341593522595	10.8932907848234	230.0	17	1.05	0.95				
	119	1	121.12939138842106	24.76125680315789	0.0	0.0	1	1.0334513184432232	5.148673530997817	230.0	15	1.05	0.95				
	120	1	85.66056407578947	17.399802077894737	0.0	0.0	1	1.0318416057841953	4.530745556035911	230.0	15	1.05	0.95				
	121	2	0.0	0.0	0.0	0.0	1	1.05	12.629178070281194	230.0	17	1.05	0.95				
	122	2	0.0	0.0	0.0	0.0	1	1.05	18.488969229578018	230.0	17	1.05	0.95				
	123	2	0.0	0.0	0.0	0.0	1	1.0325597422967705	4.694415375725603	230.0	15	1.05	0.95				
	124	1	0.0	0.0	0.0	0.0	1	1.0281747631546134	4.233826340113225	230.0	16	1.05	0.95				
	201	2	62.032425612631584	12.636234847017544	0.0	0.0	2	1.0205093253100415	-10.635056396270125	138.0	21	1.05	0.95				
	202	2	55.71430818912281	11.487486224561403	0.0	0.0	2	1.020874628090831	-10.564771046541795	138.0	22	1.05	0.95				
	203	1	103.38737602105263	21.251849515438597	0.0	0.0	2	1.0143183279849688	-9.54146648619236	138.0	21	1.05	0.95				
	204	1	42.50369903087719	8.615614668421053	0.0	0.0	2	1.0135949019892705	-10.697033958216176	138.0	21	1.05	0.95				
	205	1	40.78057609719298	8.041240357192983	0.0	0.0	2	1.0280046164020924	-11.003140837509093	138.0	21	1.05	0.95				
	206	1	78.11490632701754	16.082480714385966	0.0	-100.0	2	1.0393507658930297	-11.765698570857735	138.0	22	1.05	0.95				
	207	2	71.79678890350877	14.359357780701753	0.0	0.0	2	0.9937007629380464	-19.64131876707216	138.0	22	1.05	0.95				
	208	1	98.21800721999999	20.103100892982454	0.0	0.0	2	0.99329933446772	-16.899823965840085	138.0	22	1.05	0.95				
	209	1	100.51550446491228	20.677475204210523	0.0	0.0	2	1.0253205023749603	-8.448183350271727	138.0	23	1.05	0.95				
	210	1	112.00299068947368	22.974972449122806	0.0	0.0	2	1.05	-9.537533608486179	138.0	23	1.05	0.95				
	211	1	0.0	0.0	0.0	0.0	2	1.0129538094225687	-5.1857814601052175	230.0	23	1.05	0.95				
	212	1	0.0	0.0	0.0	0.0	2	1.0171310431118334	0.17611957722936525	230.0	23	1.05	0.95				
	213	2	152.20919247543858	31.016212806315792	0.0	0.0	2	1.0155238951459806	-2.2129295283821397	230.0	24	1.05	0.95				
	214	2	111.42861637824562	22.400598137894736	0.0	0.0	2	1.0151279368153345	-3.937259183724223	230.0	26	1.05	0.95				
	215	2	182.07665665929824	36.75995591859649	0.0	0.0	2	1.0322293054894252	1.1415512569650104	230.0	26	1.05	0.95				
	216	2	57.43743112280701	11.487486224561403	0.0	0.0	2	1.0323324644407064	1.361585443730663	230.0	26	1.05	0.95				
	217	1	0.0	0.0	0.0	0.0	2	1.0356171546841166	2.3750107233315982	230.0	27	1.05	0.95				
	218	2	191.26664563894735	39.05745316350877	0.0	0.0	2	1.0339860027077257	1.6356505056541162	230.0	27	1.05	0.95				
	219	1	103.9617503322807	21.251849515438597	0.0	0.0	2	1.0317097835416982	2.387992010275663	230.0	25	1.05	0.95				
	220	1	73.51991183719298	14.933732091929825	0.0	0.0	2	1.036272326937139	4.377880299879663	230.0	25	1.05	0.95				
	221	2	0.0	0.0	0.0	0.0	2	1.0359571253105044	2.2784107599937222	230.0	27	1.05	0.95				
	222	2	0.0	0.0	0.0	0.0	2	1.05	8.814863979311452	230.0	27	1.05	0.95				
	223	2	0.0	0.0	0.0	0.0	2	1.0408902941544294	5.891100684351699	230.0	25	1.05	0.95				
	224	1	0.0	0.0	0.0	0.0	2	1.0123074057692716	-2.830817994835428	230.0	26	1.05	0.95				
	301	2	64.55741854736843	13.150585259649123	0.0	0.0	3	0.9895160514360255	8.74958156840244	138.0	31	1.05	0.95				
	302	2	57.98212591754386	11.95507750877193	0.0	0.0	3	0.989225727506855	8.71329228621995	138.0	32	1.05	0.95				
	303	1	107.59569757894738	22.11689339122807	0.0	0.0	3	1.0164103392515207	11.849724571541065	138.0	31	1.05	0.95				
	304	1	44.23378678245614	8.966308131578947	0.0	0.0	3	0.9991149463991484	10.796879487524283	138.0	31	1.05	0.95				
	305	1	42.440525156140346	8.368554256140351	0.0	0.0	3	1.010484733326283	10.64160792521566	138.0	31	1.05	0.95				
	306	1	81.29452705964913	16.737108512280702	0.0	-100.0	3	1.030380950766261	11.01968387855034	138.0	32	1.05	0.95				
	307	2	74.71923442982455	14.943846885964913	0.0	0.0	3	0.988515145633034	8.044068759013225	138.0	32	1.05	0.95				
	308	1	102.21591269999999	20.921385640350877	0.0	0.0	3	1.0014517937743692	10.686317097039936	138.0	32	1.05	0.95				
	309	1	104.60692820175439	21.519139515789472	0.0	0.0	3	1.0284669664962023	14.917924604946991	138.0	33	1.05	0.95				
	310	1	116.56200571052631	23.91015501754386	0.0	0.0	3	1.05	14.430930572371796	138.0	33	1.05	0.95				
	311	1	0.0	0.0	0.0	0.0	3	1.0175884039710155	20.17061893267683	230.0	33	1.05	0.95				
	312	1	0.0	0.0	0.0	0.0	3	1.0237121068636832	21.391519075796047	230.0	33	1.05	0.95				
	313	2	158.40477699122806	32.278709273684214	0.0	0.0	3	1.0423309420685558	28.35117157609277	230.0	34	1.05	0.95				
	314	2	115.96425183508772	23.312401142105262	0.0	0.0	3	1.0175482610335185	18.35886903716985	230.0	36	1.05	0.95				
	315	2	189.48797851403506	38.256248028070175	0.0	0.0	3	1.03364098455234	11.944150813710207	230.0	36	1.05	0.95				
	316	2	59.77538754385965	11.95507750877193	0.0	0.0	3	1.034958140632412	13.105895578914108	230.0	36	1.05	0.95				
	317	1	0.0	0.0	0.0	0.0	3	1.0384688272084106	12.00227152862863	230.0	37	1.05	0.95				
	318	2	199.05204052105262	40.64726352982456	0.0	0.0	3	1.0368600459826642	10.842560534372895	230.0	37	1.05	0.95				
	319	1	108.19345145438596	22.11689339122807	0.0	0.0	3	1.0351278887347133	15.674053156100724	230.0	35	1.05	0.95				
	320	1	76.51249605614035	15.54160076140351	0.0	0.0	3	1.0375631963864207	17.464280254358663	230.0	35	1.05	0.95				
	321	2	0.0	0.0	0.0	0.0	3	1.0376021496641517	11.773417891019665	230.0	37	1.05	0.95				
	322	2	0.0	0.0	0.0	0.0	3	1.05	16.173603967096263	230.0	37	1.05	0.95				
	323	2	0.0	0.0	0.0	0.0	3	1.0396150234588442	18.409778521103064	230.0	35	1.05	0.95				
	324	1	0.0	0.0	0.0	0.0	3	1.0258354351362673	14.117353806239327	230.0	36	1.05	0.95				
	325	1	0.0	0.0	0.0	0.0	3	1.0419510291372693	17.923991979699917	230.0	35	1.05	0.95				
];
