%% MATPOWER Case Format : Version 2
function mpc = RTS_GMLC
mpc.version = '2';

%%-----  Power Flow Data  -----%%
%% system MVA base
mpc.baseMVA = 100.0;
%% bus data
%    bus_i    type    Pd    Qd    Gs    Bs    area    Vm    Va    baseKV    zone    Vmax    Vmin
mpc.bus = [
	101	2	46.585353789473686	9.489609105263156	0.0	0.0	1	1.0322992171953993	2.819295793602197	138.0	11	1.05	0.95				
	102	2	41.8405492368421	8.626917368421053	0.0	0.0	1	1.0318999814043521	2.7019036607123086	138.0	12	1.05	0.95				
	103	1	77.64225631578947	15.959797131578945	0.0	0.0	1	1.0278285033984438	-0.1641288125634127	138.0	11	1.05	0.95				
	104	1	31.91959426315789	6.470188026315789	0.0	0.0	1	1.021049821388217	-0.6490496850823608	138.0	11	1.05	0.95				
	105	1	30.62555665789473	6.038842157894737	0.0	0.0	1	1.03518075107045	-0.34694521818972246	138.0	11	1.05	0.95				
	106	1	58.663038105263155	12.077684315789474	0.0	-100.0	1	1.0449886126285013	-2.5582813359293595	138.0	12	1.05	0.95				
	107	2	53.91823355263158	10.783646710526314	0.0	0.0	1	1.0163010812245181	-3.736058212821636	138.0	12	1.05	0.95				
	108	1	73.7601435	15.09710539473684	0.0	0.0	1	1.0150313919324454	-4.330817574001139	138.0	12	1.05	0.95				
	109	1	75.4855269736842	15.528451263157894	0.0	0.0	1	1.0255127703353244	-1.6400248352627294	138.0	13	1.05	0.95				
	110	1	84.11244434210525	17.253834736842105	0.0	0.0	1	1.05	-2.192983654988772	138.0	13	1.05	0.95				
	111	1	0.0	0.0	0.0	0.0	1	1.0033421494152603	-0.3844809875195556	230.0	13	1.05	0.95				
	112	1	0.0	0.0	0.0	0.0	1	1.0087193815514346	0.34479193431292454	230.0	13	1.05	0.95				
	113	3	114.30665513157894	23.292676894736843	0.0	0.0	1	0.9942963441126934	-6.62476515931522e-29	230.0	14	1.05	0.95				
	114	2	83.6810984736842	16.82248886842105	0.0	0.0	1	0.9988327137518872	0.9382746363803794	230.0	16	1.05	0.95				
	115	2	136.73664028947368	27.606135578947367	0.0	0.0	1	1.03834664207383	5.3286864902173665	230.0	16	1.05	0.95				
	116	2	43.13458684210526	8.626917368421053	0.0	0.0	1	1.0334502321571168	5.3064478891489655	230.0	16	1.05	0.95				
	117	1	0.0	0.0	0.0	0.0	1	1.0423602015942868	6.269360235316358	230.0	17	1.05	0.95				
	118	2	143.63817418421053	29.331519052631577	0.0	0.0	1	1.045061617554463	5.905726769546165	230.0	17	1.05	0.95				
	119	1	78.07360218421053	15.959797131578945	0.0	0.0	1	1.0277245517127567	5.075849342628585	230.0	15	1.05	0.95				
	120	1	55.21227115789473	11.214992578947367	0.0	0.0	1	1.0256350097884905	5.714977603944311	230.0	15	1.05	0.95				
	121	2	0.0	0.0	0.0	0.0	1	1.05	6.47825659095929	230.0	17	1.05	0.95				
	122	2	0.0	0.0	0.0	0.0	1	1.05	12.9062611350205	230.0	17	1.05	0.95				
	123	2	0.0	0.0	0.0	0.0	1	1.0252184172070915	6.4014149837390075	230.0	15	1.05	0.95				
	124	1	0.0	0.0	0.0	0.0	1	1.0266117599610214	3.281809566767452	230.0	16	1.05	0.95				
	201	2	50.09853611368421	10.205257356491227	0.0	0.0	2	1.0300776846768354	-6.536825692703229	138.0	21	1.05	0.95				
	202	2	44.99590743543859	9.277506687719299	0.0	0.0	2	1.030461536364786	-6.530128586971548	138.0	22	1.05	0.95				
	203	1	83.49756018947369	17.1633873722807	0.0	0.0	2	1.0221063873041214	-5.733741972594712	138.0	21	1.05	0.95				
	204	1	34.3267747445614	6.958130015789473	0.0	0.0	2	1.01894321553273	-8.952737439423053	138.0	21	1.05	0.95				
	205	1	32.93514874140351	6.494254681403509	0.0	0.0	2	1.034016560580282	-9.128044237052608	138.0	21	1.05	0.95				
	206	1	63.087045476491234	12.988509362807019	0.0	-100.0	2	1.0440984939517435	-11.020469349603065	138.0	22	1.05	0.95				
	207	2	57.98441679824561	11.596883359649123	0.0	0.0	2	0.9877445700387987	-18.03142274639117	138.0	22	1.05	0.95				
	208	1	79.32268217999999	16.23563670350877	0.0	0.0	2	0.9943654562640305	-15.91545290489089	138.0	22	1.05	0.95				
	209	1	81.17818351754386	16.69951203789474	0.0	0.0	2	1.0231872221727387	-9.04366488252142	138.0	23	1.05	0.95				
	210	1	90.45569020526315	18.555013375438598	0.0	0.0	2	1.05	-10.280123088080902	138.0	23	1.05	0.95				
	211	1	0.0	0.0	0.0	0.0	2	1.0071571895544809	-6.592531696697837	230.0	23	1.05	0.95				
	212	1	0.0	0.0	0.0	0.0	2	1.0117559061337136	-6.33350795030455	230.0	23	1.05	0.95				
	213	2	122.9269636122807	25.049268056842106	0.0	0.0	2	1.001296091187049	-6.082177628951995	230.0	24	1.05	0.95				
	214	2	89.99181487087718	18.09113804105263	0.0	0.0	2	1.0094451181074184	-3.8762439452209274	230.0	26	1.05	0.95				
	215	2	147.04848100035088	29.688021400701754	0.0	0.0	2	1.0298530023942913	3.0637267659179224	230.0	26	1.05	0.95				
	216	2	46.38753343859649	9.277506687719299	0.0	0.0	2	1.032466570433146	2.728874790092413	230.0	26	1.05	0.95				
	217	1	0.0	0.0	0.0	0.0	2	1.036959685683979	5.77289224471922	230.0	27	1.05	0.95				
	218	2	154.4704863505263	31.543522738245617	0.0	0.0	2	1.0389664870867812	6.412127084708929	230.0	27	1.05	0.95				
	219	1	83.96143552385965	17.1633873722807	0.0	0.0	2	1.0325455852615553	1.1862722916529345	230.0	25	1.05	0.95				
	220	1	59.37604280140351	12.060758694035089	0.0	0.0	2	1.0362370069786997	0.7425469635058684	230.0	25	1.05	0.95				
	221	2	0.0	0.0	0.0	0.0	2	1.0384576855023544	6.047721231780834	230.0	27	1.05	0.95				
	222	2	0.0	0.0	0.0	0.0	2	1.05	12.440371660719762	230.0	27	1.05	0.95				
	223	2	0.0	0.0	0.0	0.0	2	1.038909078856961	0.8474308048884736	230.0	25	1.05	0.95				
	224	1	0.0	0.0	0.0	0.0	2	1.0159709522977354	-0.23805851639668854	230.0	26	1.05	0.95				
	301	2	67.32489717473685	13.71433090596491	0.0	0.0	3	1.010408197858175	-35.192457020055265	138.0	31	1.05	0.95				
	302	2	60.46773172175438	12.467573550877193	0.0	0.0	3	1.0093356088150345	-35.428853582412415	138.0	32	1.05	0.95				
	303	1	112.20816195789472	23.065011069122804	0.0	0.0	3	1.033837724603719	-24.639658721284377	138.0	31	1.05	0.95				
	304	1	46.13002213824561	9.350680163157893	0.0	0.0	3	1.007320684267505	-33.49756138215471	138.0	31	1.05	0.95				
	305	1	44.25988610561403	8.727301485614035	0.0	0.0	3	1.0218141709041486	-34.75028851361534	138.0	31	1.05	0.95				
	306	1	84.7795001459649	17.45460297122807	0.0	-100.0	3	1.0349906366144186	-35.19280727431968	138.0	32	1.05	0.95				
	307	2	77.92233469298245	15.584466938596488	0.0	0.0	3	0.9982776666394573	-38.7618732559227	138.0	32	1.05	0.95				
	308	1	106.59775385999998	21.818253714035084	0.0	0.0	3	0.9967802390218585	-37.36243722749597	138.0	32	1.05	0.95				
	309	1	109.09126857017542	22.441632391578946	0.0	0.0	3	1.0275601595846813	-29.378052959637166	138.0	33	1.05	0.95				
	310	1	121.5588421210526	24.935147101754385	0.0	0.0	3	1.05	-32.30740558997085	138.0	33	1.05	0.95				
	311	1	0.0	0.0	0.0	0.0	3	1.020136109788397	-24.986901981162923	230.0	33	1.05	0.95				
	312	1	0.0	0.0	0.0	0.0	3	1.0187679911560914	-24.393728950071818	230.0	33	1.05	0.95				
	313	2	165.1953495491228	33.662448587368424	0.0	0.0	3	1.027336532488785	-21.501855100436742	230.0	34	1.05	0.95				
	314	2	120.93546344350877	24.311768424210523	0.0	0.0	3	1.0326596344357784	-22.253057365232664	230.0	36	1.05	0.95				
	315	2	197.6110407814035	39.89623536280701	0.0	0.0	3	1.0492486087111197	-14.804552602861877	230.0	36	1.05	0.95				
	316	2	62.337867754385954	12.467573550877193	0.0	0.0	3	1.0497446260192227	-14.639541513829286	230.0	36	1.05	0.95				
	317	1	0.0	0.0	0.0	0.0	3	1.0499758750039399	-11.64130838156118	230.0	37	1.05	0.95				
	318	2	207.58509962210522	42.38975007298245	0.0	0.0	3	1.049406288596166	-11.146058338948398	230.0	37	1.05	0.95				
	319	1	112.83154063543859	23.065011069122804	0.0	0.0	3	1.0458009646258561	-16.01998171051952	230.0	35	1.05	0.95				
	320	1	79.79247072561402	16.207845616140347	0.0	0.0	3	1.0476163195227406	-16.057421693073127	230.0	35	1.05	0.95				
	321	2	0.0	0.0	0.0	0.0	3	1.05	-10.715812637591029	230.0	37	1.05	0.95				
	322	2	0.0	0.0	0.0	0.0	3	1.05	-5.302648129468356	230.0	37	1.05	0.95				
	323	2	0.0	0.0	0.0	0.0	3	1.05	-15.622988913955552	230.0	35	1.05	0.95				
	324	1	0.0	0.0	0.0	0.0	3	1.031084034235941	-18.46984818808916	230.0	36	1.05	0.95				
	325	1	0.0	0.0	0.0	0.0	3	1.0411585121655267	-13.83948366911927	230.0	35	1.05	0.95				
];
