%% MATPOWER Case Format : Version 2
function mpc = RTS_GMLC
mpc.version = '2';

%%-----  Power Flow Data  -----%%
%% system MVA base
mpc.baseMVA = 100.0;
%% bus data
%    bus_i    type    Pd    Qd    Gs    Bs    area    Vm    Va    baseKV    zone    Vmax    Vmin
mpc.bus = [
	101	2	33.613062840000005	6.847105393333333	0.0	0.0	1	1.0074745720222755	-5.3660268034132415	138.0	11	1.05	0.95				
	102	2	30.18951014333333	6.224641266666667	0.0	0.0	1	1.0068819912196605	-5.514306528523425	138.0	12	1.05	0.95				
	103	1	56.0217714	11.515586343333332	0.0	0.0	1	1.0252605956010712	0.7058700839234467	138.0	11	1.05	0.95				
	104	1	23.031172686666665	4.668480949999999	0.0	0.0	1	1.0114684795252609	-4.7523380484018825	138.0	11	1.05	0.95				
	105	1	22.097476496666662	4.3572488866666665	0.0	0.0	1	1.0250708073925916	-5.493211135607103	138.0	11	1.05	0.95				
	106	1	42.32756061333333	8.714497773333333	0.0	-100.0	1	1.0435461253338225	-5.9782175905693595	138.0	12	1.05	0.95				
	107	2	38.90400791666666	7.780801583333333	0.0	0.0	1	1.0029489378103846	-9.659370255987113	138.0	12	1.05	0.95				
	108	1	53.22068283	10.893122216666665	0.0	0.0	1	1.0090946930697668	-8.108165474695575	138.0	12	1.05	0.95				
	109	1	54.46561108333333	11.204354279999999	0.0	0.0	1	1.02355489211198	-2.8349570136031197	138.0	13	1.05	0.95				
	110	1	60.690252349999994	12.449282533333333	0.0	0.0	1	1.05	-4.60992253352456	138.0	13	1.05	0.95				
	111	1	0.0	0.0	0.0	0.0	1	1.0020346589203617	-0.005188781724766173	230.0	13	1.05	0.95				
	112	1	0.0	0.0	0.0	0.0	1	1.0055876635979872	-1.1265726588949065	230.0	13	1.05	0.95				
	113	3	82.47649678333332	16.806531420000002	0.0	0.0	1	0.9945335857994873	-2.2443865840871138e-29	230.0	14	1.05	0.95				
	114	2	60.37902028666666	12.13805047	0.0	0.0	1	1.003377858629115	3.8560681980488813	230.0	16	1.05	0.95				
	115	2	98.66056407666666	19.91885205333333	0.0	0.0	1	1.0364774285270177	12.658278626096681	230.0	16	1.05	0.95				
	116	2	31.123206333333332	6.224641266666667	0.0	0.0	1	1.0294526256713938	11.05322026135667	230.0	16	1.05	0.95				
	117	1	0.0	0.0	0.0	0.0	1	1.0355079211307663	16.60806170410481	230.0	17	1.05	0.95				
	118	2	103.64027708999998	21.163780306666666	0.0	0.0	1	1.0455274070816079	17.13237693503488	230.0	17	1.05	0.95				
	119	1	56.333003463333334	11.515586343333332	0.0	0.0	1	1.017343220632903	7.108255923481717	230.0	15	1.05	0.95				
	120	1	39.83770410666666	8.092033646666666	0.0	0.0	1	1.011992171731877	4.246581658904796	230.0	15	1.05	0.95				
	121	2	0.0	0.0	0.0	0.0	1	1.0472030321851755	18.38853849355922	230.0	17	1.05	0.95				
	122	2	0.0	0.0	0.0	0.0	1	1.05	35.05991250969125	230.0	17	1.05	0.95				
	123	2	0.0	0.0	0.0	0.0	1	1.00973969247357	2.910571325010518	230.0	15	1.05	0.95				
	124	1	0.0	0.0	0.0	0.0	1	1.0173588256351183	8.1825517961686	230.0	16	1.05	0.95				
	201	2	33.829686761684215	6.891232488491228	0.0	0.0	2	1.0097466024866995	-13.689075139131281	138.0	21	1.05	0.95				
	202	2	30.384070517438595	6.264756807719299	0.0	0.0	2	1.008404354328398	-13.963301634331296	138.0	22	1.05	0.95				
	203	1	56.382811269473684	11.589800094280701	0.0	0.0	2	1.0156161547269205	-10.371679253210624	138.0	21	1.05	0.95				
	204	1	23.179600188561402	4.698567605789473	0.0	0.0	2	1.0117561966107524	-13.95496791652145	138.0	21	1.05	0.95				
	205	1	22.239886667403507	4.385329765403509	0.0	0.0	2	1.0262359252652935	-14.313136839123208	138.0	21	1.05	0.95				
	206	1	42.60034629249123	8.770659530807018	0.0	-100.0	2	1.0438022857607956	-15.093521374305503	138.0	22	1.05	0.95				
	207	2	39.15473004824561	7.830946009649123	0.0	0.0	2	0.9928319863531407	-18.684244950629846	138.0	22	1.05	0.95				
	208	1	53.563670705999996	10.96332441350877	0.0	0.0	2	1.0031918144128045	-17.366856373404016	138.0	22	1.05	0.95				
	209	1	54.81662206754386	11.276562253894737	0.0	0.0	2	1.022525449467228	-12.635802088473584	138.0	23	1.05	0.95				
	210	1	61.08137887526316	12.529513615438598	0.0	0.0	2	1.05	-13.91977015743907	138.0	23	1.05	0.95				
	211	1	0.0	0.0	0.0	0.0	2	1.0008140459044417	-10.391074549963198	230.0	23	1.05	0.95				
	212	1	0.0	0.0	0.0	0.0	2	1.0101660425936674	-10.103047417238864	230.0	23	1.05	0.95				
	213	2	83.0080277022807	16.914843380842107	0.0	0.0	2	0.9985112061936361	-9.613976933866786	230.0	24	1.05	0.95				
	214	2	60.76814103487719	12.216275775052631	0.0	0.0	2	0.9932952216846302	-8.018265597930949	230.0	26	1.05	0.95				
	215	2	99.29639540235088	20.047221784701755	0.0	0.0	2	1.015030074928292	-1.941863772073111	230.0	26	1.05	0.95				
	216	2	31.323784038596493	6.264756807719299	0.0	0.0	2	1.0159833342293336	-2.8522735448876504	230.0	26	1.05	0.95				
	217	1	0.0	0.0	0.0	0.0	2	1.020009174953695	-0.5743810301028797	230.0	27	1.05	0.95				
	218	2	104.30820084852633	21.300173146245616	0.0	0.0	2	1.0197818293995686	-0.8868037429560662	230.0	27	1.05	0.95				
	219	1	56.69604910985965	11.589800094280701	0.0	0.0	2	1.0226885247933128	-3.725732010655742	230.0	25	1.05	0.95				
	220	1	40.09444356940351	8.144183850035088	0.0	0.0	2	1.0301460018876198	-3.8562906788423685	230.0	25	1.05	0.95				
	221	2	0.0	0.0	0.0	0.0	2	1.0217611730047853	-0.43299553139176544	230.0	27	1.05	0.95				
	222	2	0.0	0.0	0.0	0.0	2	1.0435861046645336	6.083012222507632	230.0	27	1.05	0.95				
	223	2	0.0	0.0	0.0	0.0	2	1.0342366023422007	-3.688283725416972	230.0	25	1.05	0.95				
	224	1	0.0	0.0	0.0	0.0	2	1.004827370902021	-5.133326237132252	230.0	26	1.05	0.95				
	301	2	43.92091110315789	8.946852261754385	0.0	0.0	3	1.0197059167508769	7.3406264536437345	138.0	31	1.05	0.95				
	302	2	39.4474849722807	8.133502056140351	0.0	0.0	3	1.0177148991296319	6.991653129307538	138.0	32	1.05	0.95				
	303	1	73.20151850526315	15.046978803859648	0.0	0.0	3	1.05	22.366926189582262	138.0	31	1.05	0.95				
	304	1	30.093957607719297	6.100126542105262	0.0	0.0	3	1.0098833417456297	8.332531325222972	138.0	31	1.05	0.95				
	305	1	28.873932299298243	5.693451439298245	0.0	0.0	3	1.0266190435851317	5.636739594912578	138.0	31	1.05	0.95				
	306	1	55.307813981754386	11.38690287859649	0.0	-100.0	3	1.0380268136582687	4.179736649541184	138.0	32	1.05	0.95				
	307	2	50.83438785087719	10.166877570175439	0.0	0.0	3	0.95	1.0539856335263922	138.0	32	1.05	0.95				
	308	1	69.54144258	14.233628598245613	0.0	0.0	3	0.9713130025494966	2.789277603586141	138.0	32	1.05	0.95				
	309	1	71.16814299122807	14.640303701052629	0.0	0.0	3	1.015983146929133	11.136766035454732	138.0	33	1.05	0.95				
	310	1	79.30164504736842	16.267004112280702	0.0	0.0	3	1.0434252302920166	5.230501834263434	138.0	33	1.05	0.95				
	311	1	0.0	0.0	0.0	0.0	3	1.0035597441532569	8.478090861090847	230.0	33	1.05	0.95				
	312	1	0.0	0.0	0.0	0.0	3	1.0083690533706937	8.79728406961339	230.0	33	1.05	0.95				
	313	2	107.76890224385964	21.960455551578946	0.0	0.0	3	1.0015219639754425	8.552142835476431	230.0	34	1.05	0.95				
	314	2	78.8949699445614	15.860329009473684	0.0	0.0	3	0.9997104734887581	8.811822211007357	230.0	36	1.05	0.95				
	315	2	128.91600758982455	26.02720657964912	0.0	0.0	3	1.0488997403217137	12.216290897292868	230.0	36	1.05	0.95				
	316	2	40.667510280701755	8.133502056140351	0.0	0.0	3	1.0331660024828984	11.679493585504996	230.0	36	1.05	0.95				
	317	1	0.0	0.0	0.0	0.0	3	1.05	15.011252769389644	230.0	37	1.05	0.95				
	318	2	135.42280923473683	27.653906990877193	0.0	0.0	3	1.0495685778593709	12.433683699886481	230.0	37	1.05	0.95				
	319	1	73.60819360807017	15.046978803859648	0.0	0.0	3	1.024168921898734	10.690531608110698	230.0	35	1.05	0.95				
	320	1	52.05441315929824	10.573552672982455	0.0	0.0	3	1.0191013902877466	10.62000751201099	230.0	35	1.05	0.95				
	321	2	0.0	0.0	0.0	0.0	3	1.05	12.989366864489869	230.0	37	1.05	0.95				
	322	2	0.0	0.0	0.0	0.0	3	1.05	18.131069648166886	230.0	37	1.05	0.95				
	323	2	0.0	0.0	0.0	0.0	3	1.0167766656994892	10.901596851774698	230.0	35	1.05	0.95				
	324	1	0.0	0.0	0.0	0.0	3	1.0461340922499849	16.095594734926724	230.0	36	1.05	0.95				
	325	1	0.0	0.0	0.0	0.0	3	1.0182027298538932	11.556824570794541	230.0	35	1.05	0.95				
];
