%% MATPOWER Case Format : Version 2
function mpc = RTS_GMLC
mpc.version = '2';

%%-----  Power Flow Data  -----%%
%% system MVA base
mpc.baseMVA = 100.0;
%% bus data
%    bus_i    type    Pd    Qd    Gs    Bs    area    Vm    Va    baseKV    zone    Vmax    Vmin
mpc.bus = [
	101	2	43.24542305684211	8.809252844912281	0.0	0.0	1	1.028954029991943	0.7167163200199879	138.0	11	1.05	0.95				
	102	2	38.84079663438597	8.008411677192983	0.0	0.0	1	1.026575960840457	0.0849711948354275	138.0	12	1.05	0.95				
	103	1	72.07570509473685	14.815561602807017	0.0	0.0	1	1.0292661227816313	0.6632955762543599	138.0	11	1.05	0.95				
	104	1	29.631123205614035	6.006308757894736	0.0	0.0	1	1.0209169732951175	-1.944088149527541	138.0	11	1.05	0.95				
	105	1	28.429861454035088	5.605888174035088	0.0	0.0	1	1.0341111878967308	-2.121978073377274	138.0	11	1.05	0.95				
	106	1	54.45719940491228	11.211776348070176	0.0	-100.0	1	1.0449617986405266	-4.252510112148352	138.0	12	1.05	0.95				
	107	2	50.05257298245615	10.010514596491229	0.0	0.0	1	1.0007904875781917	-10.498952469707033	138.0	12	1.05	0.95				
	108	1	68.47191984	14.01472043508772	0.0	0.0	1	1.0047794953570222	-8.62315191050074	138.0	12	1.05	0.95				
	109	1	70.0736021754386	14.415141018947367	0.0	0.0	1	1.0246104290476026	-2.5939114630224225	138.0	13	1.05	0.95				
	110	1	78.08201385263158	16.016823354385966	0.0	0.0	1	1.05	-3.7210074902374504	138.0	13	1.05	0.95				
	111	1	0.0	0.0	0.0	0.0	1	1.0039841331111632	-0.4077119466674162	230.0	13	1.05	0.95				
	112	1	0.0	0.0	0.0	0.0	1	1.008288984939103	-1.0678664977509682	230.0	13	1.05	0.95				
	113	3	106.11145472280701	21.622711528421053	0.0	0.0	1	0.996443770507101	7.434963381563887e-29	230.0	14	1.05	0.95				
	114	2	77.68159326877193	15.616402770526317	0.0	0.0	1	1.0028615010960016	2.1175478672911203	230.0	16	1.05	0.95				
	115	2	126.93332508350876	25.626917367017544	0.0	0.0	1	1.0382651585547227	9.492881552401869	230.0	16	1.05	0.95				
	116	2	40.042058385964914	8.008411677192983	0.0	0.0	1	1.0328232232603658	7.988005943132313	230.0	16	1.05	0.95				
	117	1	0.0	0.0	0.0	0.0	1	1.038782346563894	12.452875578658908	230.0	17	1.05	0.95				
	118	2	133.34005442526316	27.22859970245614	0.0	0.0	1	1.0440239513780332	13.2497891091059	230.0	17	1.05	0.95				
	119	1	72.47612567859649	14.815561602807017	0.0	0.0	1	1.0216370665659622	4.755293525823186	230.0	15	1.05	0.95				
	120	1	51.25383473403509	10.410935180350878	0.0	0.0	1	1.016734557860541	2.6849715681214565	230.0	15	1.05	0.95				
	121	2	0.0	0.0	0.0	0.0	1	1.0452497564661807	14.929282040156057	230.0	17	1.05	0.95				
	122	2	0.0	0.0	0.0	0.0	1	1.05	24.42589311111915	230.0	17	1.05	0.95				
	123	2	0.0	0.0	0.0	0.0	1	1.0147210183974698	1.8541619343205946	230.0	15	1.05	0.95				
	124	1	0.0	0.0	0.0	0.0	1	1.023788164544792	6.18311662326806	230.0	16	1.05	0.95				
	201	2	41.80261293473685	8.515347079298246	0.0	0.0	2	1.013859900313034	-14.934003085850733	138.0	21	1.05	0.95				
	202	2	37.544939395087724	7.741224617543861	0.0	0.0	2	1.0129316392574466	-15.221009207429137	138.0	22	1.05	0.95				
	203	1	69.67102155789475	14.32126554245614	0.0	0.0	2	1.0158030441239136	-10.896184863931628	138.0	21	1.05	0.95				
	204	1	28.64253108491228	5.805918463157895	0.0	0.0	2	1.012357092276575	-14.874214125853769	138.0	21	1.05	0.95				
	205	1	27.481347392280703	5.418857232280703	0.0	0.0	2	1.0272904178708637	-15.316359616582808	138.0	21	1.05	0.95				
	206	1	52.64032739929826	10.837714464561406	0.0	-100.0	2	1.0428534853358837	-16.02652073930124	138.0	22	1.05	0.95				
	207	2	48.382653859649125	9.676530771929826	0.0	0.0	2	0.9956481456312124	-20.611810977793002	138.0	22	1.05	0.95				
	208	1	66.18747048000002	13.547143080701755	0.0	0.0	2	1.002020027075378	-18.88874930623352	138.0	22	1.05	0.95				
	209	1	67.73571540350878	13.934204311578949	0.0	0.0	2	1.0227972298476813	-12.983589483054875	138.0	23	1.05	0.95				
	210	1	75.47694002105264	15.482449235087723	0.0	0.0	2	1.05	-14.451920599018813	138.0	23	1.05	0.95				
	211	1	0.0	0.0	0.0	0.0	2	1.0048282146629435	-10.174030624814861	230.0	23	1.05	0.95				
	212	1	0.0	0.0	0.0	0.0	2	1.0076622537425213	-9.23139595414106	230.0	23	1.05	0.95				
	213	2	102.57122618245616	20.901306467368425	0.0	0.0	2	0.9993514866639689	-8.936784533923952	230.0	24	1.05	0.95				
	214	2	75.08987879017545	15.095388004210527	0.0	0.0	2	1.0060813943355587	-7.590408653416763	230.0	26	1.05	0.95				
	215	2	122.6984101880702	24.771918776140353	0.0	0.0	2	1.022304467919106	-1.0044443450563336	230.0	26	1.05	0.95				
	216	2	38.706123087719305	7.741224617543861	0.0	0.0	2	1.0228232441170715	-1.5869211262838987	230.0	26	1.05	0.95				
	217	1	0.0	0.0	0.0	0.0	2	1.0268958568200108	0.018343685653779498	230.0	27	1.05	0.95				
	218	2	128.89138988210527	26.32016369964913	0.0	0.0	2	1.026494383419817	-0.340717149392519	230.0	27	1.05	0.95				
	219	1	70.05808278877194	14.32126554245614	0.0	0.0	2	1.0225120925077302	-2.154927247867283	230.0	25	1.05	0.95				
	220	1	49.543837552280706	10.063592002807018	0.0	0.0	2	1.0246595051060858	-1.8856523016868796	230.0	25	1.05	0.95				
	221	2	0.0	0.0	0.0	0.0	2	1.0286053056745272	0.23407484439948298	230.0	27	1.05	0.95				
	222	2	0.0	0.0	0.0	0.0	2	1.049999909872774	6.639691026090738	230.0	27	1.05	0.95				
	223	2	0.0	0.0	0.0	0.0	2	1.026260866286231	-1.4388395577750759	230.0	25	1.05	0.95				
	224	1	0.0	0.0	0.0	0.0	2	1.0077249190946975	-4.723219634980315	230.0	26	1.05	0.95				
	301	2	37.975956972631586	7.735843087017545	0.0	0.0	3	1.0127406597307012	8.162928373242247	138.0	31	1.05	0.95				
	302	2	34.108035429122815	7.032584624561404	0.0	0.0	3	1.0126766300073822	8.059190613067962	138.0	32	1.05	0.95				
	303	1	63.29326162105264	13.010281555438599	0.0	0.0	3	1.0242491295272584	12.796820730958846	138.0	31	1.05	0.95				
	304	1	26.020563110877198	5.274438468421053	0.0	0.0	3	1.0133583081695559	9.14757060205846	138.0	31	1.05	0.95				
	305	1	24.965675417192983	4.9228092371929835	0.0	0.0	3	1.0270528660388887	8.586602417316367	138.0	31	1.05	0.95				
	306	1	47.82157544701755	9.845618474385967	0.0	-100.0	3	1.0438255146621163	8.376512202243065	138.0	32	1.05	0.95				
	307	2	43.95365390350878	8.790730780701756	0.0	0.0	3	0.9638719723924649	5.0118315045550546	138.0	32	1.05	0.95				
	308	1	60.12859854000001	12.307023092982456	0.0	0.0	3	0.9855236824504808	6.414756963564713	138.0	32	1.05	0.95				
	309	1	61.53511546491228	12.658652324210529	0.0	0.0	3	1.023999271546484	11.492579107251489	138.0	33	1.05	0.95				
	310	1	68.56770008947369	14.065169249122809	0.0	0.0	3	1.05	10.145577871684136	138.0	33	1.05	0.95				
	311	1	0.0	0.0	0.0	0.0	3	1.0024451359011886	14.096827002594477	230.0	33	1.05	0.95				
	312	1	0.0	0.0	0.0	0.0	3	1.0106339944853835	14.160318625731284	230.0	33	1.05	0.95				
	313	2	93.1817462754386	18.987978486315793	0.0	0.0	3	1.007571054800068	16.953212130735714	230.0	34	1.05	0.95				
	314	2	68.21607085824563	13.713540017894738	0.0	0.0	3	0.9908637827736447	15.014822298575957	230.0	36	1.05	0.95				
	315	2	111.46646629929826	22.504270798596494	0.0	0.0	3	1.0107425573302167	15.34330787661941	230.0	36	1.05	0.95				
	316	2	35.16292312280702	7.032584624561404	0.0	0.0	3	1.0065238879112532	15.704516410366825	230.0	36	1.05	0.95				
	317	1	0.0	0.0	0.0	0.0	3	1.0295668546598307	18.490090098986418	230.0	37	1.05	0.95				
	318	2	117.09253399894739	23.910787723508776	0.0	0.0	3	1.0310287680757868	15.757132990271204	230.0	37	1.05	0.95				
	319	1	63.64489085228071	13.010281555438599	0.0	0.0	3	1.0086467049585592	15.57231380406878	230.0	35	1.05	0.95				
	320	1	45.00854159719299	9.142360011929826	0.0	0.0	3	1.010686531334932	15.348147111814335	230.0	35	1.05	0.95				
	321	2	0.0	0.0	0.0	0.0	3	1.02628231068343	16.27194322948389	230.0	37	1.05	0.95				
	322	2	0.0	0.0	0.0	0.0	3	1.0422082753452389	21.51257013191629	230.0	37	1.05	0.95				
	323	2	0.0	0.0	0.0	0.0	3	1.0116968486424434	15.371402407027539	230.0	35	1.05	0.95				
	324	1	0.0	0.0	0.0	0.0	3	1.011993053648307	15.390327106681667	230.0	36	1.05	0.95				
	325	1	0.0	0.0	0.0	0.0	3	1.0154334677516252	15.350687545483867	230.0	35	1.05	0.95				
];
