%% MATPOWER Case Format : Version 2
function mpc = RTS_GMLC
mpc.version = '2';

%%-----  Power Flow Data  -----%%
%% system MVA base
mpc.baseMVA = 100.0;
%% bus data
%    bus_i    type    Pd    Qd    Gs    Bs    area    Vm    Va    baseKV    zone    Vmax    Vmin
mpc.bus = [
	101	2	84.20633348210526	17.153142005614036	0.0	0.0	1	1.0391880337098955	-1.3525601570936214	138.0	11	1.05	0.95				
	102	2	75.62976247929825	15.593765459649124	0.0	0.0	1	1.0391426860314437	-1.437043567837888	138.0	12	1.05	0.95				
	103	1	140.3438891368421	28.848466100350876	0.0	0.0	1	1.0209513417139673	-2.79950808787307	138.0	11	1.05	0.95				
	104	1	57.69693220070175	11.695324094736842	0.0	0.0	1	1.0196647195131319	-4.682264556887313	138.0	11	1.05	0.95				
	105	1	55.357867381754374	10.915635821754387	0.0	0.0	1	1.0339166216386406	-4.8702199046764365	138.0	11	1.05	0.95				
	106	1	106.03760512561405	21.831271643508774	0.0	-100.0	1	1.0365432576875984	-7.549651591580441	138.0	12	1.05	0.95				
	107	2	97.46103412280702	19.492206824561404	0.0	0.0	1	1.0499999998406457	-4.56002983573614	138.0	12	1.05	0.95				
	108	1	133.32669468	27.289089554385964	0.0	0.0	1	1.0247684174130385	-7.285522661840181	138.0	12	1.05	0.95				
	109	1	136.44544777192982	28.068777827368418	0.0	0.0	1	1.026917013252836	-4.66138265048706	138.0	13	1.05	0.95				
	110	1	152.03921323157894	31.187530919298247	0.0	0.0	1	1.05	-6.0050790628685204	138.0	13	1.05	0.95				
	111	1	0.0	0.0	0.0	0.0	1	1.014210403552589	-1.8194065706327525	230.0	13	1.05	0.95				
	112	1	0.0	0.0	0.0	0.0	1	1.0165882096004968	-0.8416104002097385	230.0	13	1.05	0.95				
	113	3	206.61739234035088	42.10316674105263	0.0	0.0	1	1.0158151291797854	-2.5778379025303253e-22	230.0	14	1.05	0.95				
	114	2	151.2595249585965	30.407842646315792	0.0	0.0	1	1.0164190794310464	0.14486543728553342	230.0	16	1.05	0.95				
	115	2	247.1611825354386	49.90004947087719	0.0	0.0	1	1.0448678736902897	7.956567625484008	230.0	16	1.05	0.95				
	116	2	77.96882729824561	15.593765459649124	0.0	0.0	1	1.0434372122206756	7.626186042106087	230.0	16	1.05	0.95				
	117	1	0.0	0.0	0.0	0.0	1	1.0472192961464055	10.604317096155498	230.0	17	1.05	0.95				
	118	2	259.6361949031579	53.018802562807025	0.0	0.0	1	1.049241450451451	11.240656096037108	230.0	17	1.05	0.95				
	119	1	141.12357740982458	28.848466100350876	0.0	0.0	1	1.0377285972179353	6.5127310985051245	230.0	15	1.05	0.95				
	120	1	99.80009894175438	20.27189509754386	0.0	0.0	1	1.0395869236832003	6.927116476936105	230.0	15	1.05	0.95				
	121	2	0.0	0.0	0.0	0.0	1	1.05	11.932293581482538	230.0	17	1.05	0.95				
	122	2	0.0	0.0	0.0	0.0	1	1.05	17.9271917432228	230.0	17	1.05	0.95				
	123	2	0.0	0.0	0.0	0.0	1	1.0428834556247304	7.728750198827872	230.0	15	1.05	0.95				
	124	1	0.0	0.0	0.0	0.0	1	1.0224498593206413	3.979620861790858	230.0	16	1.05	0.95				
	201	2	89.33417283789474	18.197701874385967	0.0	0.0	2	1.0487132309395704	-11.207871941954243	138.0	21	1.05	0.95				
	202	2	80.23532190070175	16.54336534035088	0.0	0.0	2	1.0499907356498663	-11.256690142569212	138.0	22	1.05	0.95				
	203	1	148.8902880631579	30.605225879649122	0.0	0.0	2	1.0266641970809653	-8.265969739202932	138.0	21	1.05	0.95				
	204	1	61.210451759298245	12.407524005263157	0.0	0.0	2	1.0220396552375817	-13.206578170225914	138.0	21	1.05	0.95				
	205	1	58.72894695824561	11.580355738245615	0.0	0.0	2	1.0387728094813728	-13.624662618244912	138.0	21	1.05	0.95				
	206	1	112.49488431438597	23.16071147649123	0.0	-100.0	2	1.0384854869486404	-15.739970772765847	138.0	22	1.05	0.95				
	207	2	103.39603337719299	20.679206675438596	0.0	0.0	2	0.95	-27.25937039800999	138.0	22	1.05	0.95				
	208	1	141.44577366	28.950889345614033	0.0	0.0	2	0.9556345426005387	-23.581343365048525	138.0	22	1.05	0.95				
	209	1	144.75444672807018	29.778057612631574	0.0	0.0	2	1.0256135735068657	-11.49661371736579	138.0	23	1.05	0.95				
	210	1	161.29781206842105	33.08673068070176	0.0	0.0	2	1.05	-13.517688252175402	138.0	23	1.05	0.95				
	211	1	0.0	0.0	0.0	0.0	2	1.0318606210577232	-6.104960315620532	230.0	23	1.05	0.95				
	212	1	0.0	0.0	0.0	0.0	2	1.0235760829612452	-4.807464816886909	230.0	23	1.05	0.95				
	213	2	219.1995907596491	44.66708641894737	0.0	0.0	2	1.05	-1.7029743177240753	230.0	24	1.05	0.95				
	214	2	160.4706438014035	32.259562413684215	0.0	0.0	2	1.05	-3.839933062785298	230.0	26	1.05	0.95				
	215	2	262.2123406445614	52.93876908912281	0.0	0.0	2	1.045087030126253	4.720476985510651	230.0	26	1.05	0.95				
	216	2	82.71682670175439	16.54336534035088	0.0	0.0	2	1.0492718545974	4.481317886789953	230.0	26	1.05	0.95				
	217	1	0.0	0.0	0.0	0.0	2	1.0494346537521528	7.587325862720084	230.0	27	1.05	0.95				
	218	2	275.4470329168421	56.247442157192985	0.0	0.0	2	1.05	8.293209177341033	230.0	27	1.05	0.95				
	219	1	149.71745633017542	30.605225879649122	0.0	0.0	2	1.0434834463043254	3.889131150709058	230.0	25	1.05	0.95				
	220	1	105.87753817824562	21.50637494245614	0.0	0.0	2	1.0459309368596696	4.918643903367682	230.0	25	1.05	0.95				
	221	2	0.0	0.0	0.0	0.0	2	1.05	8.826230151389792	230.0	27	1.05	0.95				
	222	2	0.0	0.0	0.0	0.0	2	1.05	14.852028704987994	230.0	27	1.05	0.95				
	223	2	0.0	0.0	0.0	0.0	2	1.05	6.083146459865582	230.0	25	1.05	0.95				
	224	1	0.0	0.0	0.0	0.0	2	1.0217303309949397	-0.11168596629160751	230.0	26	1.05	0.95				
	301	2	90.83138248421054	18.502689024561406	0.0	0.0	3	1.0093168055917685	-18.8242177849025	138.0	31	1.05	0.95				
	302	2	81.58003797192983	16.820626385964914	0.0	0.0	3	1.00940018368228	-19.303531369330575	138.0	32	1.05	0.95				
	303	1	151.38563747368423	31.11815881403509	0.0	0.0	3	1.0059890753702363	-12.841981173644484	138.0	31	1.05	0.95				
	304	1	62.23631762807018	12.615469789473686	0.0	0.0	3	0.9942765812249654	-17.79699816078916	138.0	31	1.05	0.95				
	305	1	59.71322367017544	11.774438470175442	0.0	0.0	3	1.0102005086365273	-18.069799190315845	138.0	31	1.05	0.95				
	306	1	114.38025942456143	23.548876940350883	0.0	-100.0	3	1.0162552192487826	-18.59218103052732	138.0	32	1.05	0.95				
	307	2	105.12891491228072	21.025782982456143	0.0	0.0	3	0.9875763449450748	-21.269206459366032	138.0	32	1.05	0.95				
	308	1	143.8163556	29.436096175438596	0.0	0.0	3	0.9794474334708625	-20.481538626273288	138.0	32	1.05	0.95				
	309	1	147.180480877193	30.277127494736845	0.0	0.0	3	1.0125738954943493	-13.025220536023506	138.0	33	1.05	0.95				
	310	1	164.0011072631579	33.64125277192983	0.0	0.0	3	1.0349613916217915	-14.544069572459863	138.0	33	1.05	0.95				
	311	1	0.0	0.0	0.0	0.0	3	1.0105290108052305	-6.2883674766673945	230.0	33	1.05	0.95				
	312	1	0.0	0.0	0.0	0.0	3	1.009482490405121	-4.936739098653596	230.0	33	1.05	0.95				
	313	2	222.8732996140351	45.41569124210527	0.0	0.0	3	1.030986236282332	-0.3152543869272335	230.0	34	1.05	0.95				
	314	2	163.16007594385965	32.80022145263158	0.0	0.0	3	1.0250607875767856	-4.272309451639609	230.0	36	1.05	0.95				
	315	2	266.6069282175439	53.826004435087725	0.0	0.0	3	1.047583714363676	0.19750599032313723	230.0	36	1.05	0.95				
	316	2	84.10313192982457	16.820626385964914	0.0	0.0	3	1.045449642659735	0.6659454204753322	230.0	36	1.05	0.95				
	317	1	0.0	0.0	0.0	0.0	3	1.0474761305724598	2.2376706078633024	230.0	37	1.05	0.95				
	318	2	280.0634293263158	57.190129712280715	0.0	0.0	3	1.047047273951279	2.110323616183364	230.0	37	1.05	0.95				
	319	1	152.22666879298248	31.11815881403509	0.0	0.0	3	1.0413442827988861	1.1307142806786348	230.0	35	1.05	0.95				
	320	1	107.65200887017545	21.86681430175439	0.0	0.0	3	1.0437310513131672	2.377687949377892	230.0	35	1.05	0.95				
	321	2	0.0	0.0	0.0	0.0	3	1.05	3.400562338850166	230.0	37	1.05	0.95				
	322	2	0.0	0.0	0.0	0.0	3	1.05	8.719353279770768	230.0	37	1.05	0.95				
	323	2	0.0	0.0	0.0	0.0	3	1.0471546132469376	3.3930128629457057	230.0	35	1.05	0.95				
	324	1	0.0	0.0	0.0	0.0	3	1.0173366949264686	-3.271137521911817	230.0	36	1.05	0.95				
	325	1	0.0	0.0	0.0	0.0	3	1.0458937247720534	4.104569469265496	230.0	35	1.05	0.95				
];
