%% MATPOWER Case Format : Version 2
function mpc = RTS_GMLC
mpc.version = '2';

%%-----  Power Flow Data  -----%%
%% system MVA base
mpc.baseMVA = 100.0;
%% bus data
%    bus_i    type    Pd    Qd    Gs    Bs    area    Vm    Va    baseKV    zone    Vmax    Vmin
mpc.bus = [
	101	2	36.36516576126316	7.4077189513684205	0.0	0.0	1	1.0416386278285614	3.0451695206776077	138.0	11	1.05	0.95				
	102	2	32.661306285578945	6.734289955789473	0.0	0.0	1	1.040845273214556	2.788000502115169	138.0	12	1.05	0.95				
	103	1	60.608609602105254	12.458436418210525	0.0	0.0	1	1.0224690429057326	1.480238017663756	138.0	11	1.05	0.95				
	104	1	24.91687283642105	5.050717466842105	0.0	0.0	1	1.024741477180159	-0.32906273311624307	138.0	11	1.05	0.95				
	105	1	23.90672934305263	4.714002969052632	0.0	0.0	1	1.0411701841034573	-0.08572490448161256	138.0	11	1.05	0.95				
	106	1	45.793171699368415	9.428005938105263	0.0	-100.0	1	1.0498352480995101	-2.248432629501393	138.0	12	1.05	0.95				
	107	2	42.0893122236842	8.41786244473684	0.0	0.0	1	1.0032792499428997	-8.762535347124498	138.0	12	1.05	0.95				
	108	1	57.578179121999995	11.785007422631576	0.0	0.0	1	1.0076753061096246	-6.884686234139382	138.0	12	1.05	0.95				
	109	1	58.925037113157885	12.12172192042105	0.0	0.0	1	1.021439929147976	-1.5369754130461721	138.0	13	1.05	0.95				
	110	1	65.65932706894736	13.468579911578946	0.0	0.0	1	1.05	-2.2258582563052833	138.0	13	1.05	0.95				
	111	1	0.0	0.0	0.0	0.0	1	0.9967254420195377	0.016806455171440953	230.0	13	1.05	0.95				
	112	1	0.0	0.0	0.0	0.0	1	1.0025257649016088	-0.5682800750236677	230.0	13	1.05	0.95				
	113	3	89.22934191421051	18.18258288063158	0.0	0.0	1	0.9890340495232742	-5.62135123868242e-28	230.0	14	1.05	0.95				
	114	2	65.32261257115789	13.131865413789473	0.0	0.0	1	0.9875597713106227	2.107393119174624	230.0	16	1.05	0.95				
	115	2	106.73849579926315	21.549727858526314	0.0	0.0	1	1.0107780171808582	8.370517554666712	230.0	16	1.05	0.95				
	116	2	33.67144977894736	6.734289955789473	0.0	0.0	1	1.0078411755092247	7.072112838238017	230.0	16	1.05	0.95				
	117	1	0.0	0.0	0.0	0.0	1	1.0159728295085526	10.976354020119144	230.0	17	1.05	0.95				
	118	2	112.12592776389474	22.896585849684207	0.0	0.0	1	1.0182859450726733	11.568585619659945	230.0	17	1.05	0.95				
	119	1	60.94532409989474	12.458436418210525	0.0	0.0	1	1.0008444730789245	4.197815867163511	230.0	15	1.05	0.95				
	120	1	43.09945571705263	8.754576942526315	0.0	0.0	1	0.9984680504290403	2.3723840917251504	230.0	15	1.05	0.95				
	121	2	0.0	0.0	0.0	0.0	1	1.0194788313639294	12.939826140408732	230.0	17	1.05	0.95				
	122	2	0.0	0.0	0.0	0.0	1	1.05	21.964331373692747	230.0	17	1.05	0.95				
	123	2	0.0	0.0	0.0	0.0	1	0.9975192079095355	1.640724350527703	230.0	15	1.05	0.95				
	124	1	0.0	0.0	0.0	0.0	1	1.0063484066316772	5.728912938133871	230.0	16	1.05	0.95				
	201	2	33.20069258652632	6.763104045403509	0.0	0.0	2	1.014289190003236	-13.489397685129058	138.0	21	1.05	0.95				
	202	2	29.819140563824558	6.148276404912282	0.0	0.0	2	1.013427562049068	-13.77351698332326	138.0	22	1.05	0.95				
	203	1	55.334487644210526	11.37431134908772	0.0	0.0	2	1.0148415764665155	-9.924573774535874	138.0	21	1.05	0.95				
	204	1	22.74862269817544	4.6112073036842105	0.0	0.0	2	1.0136210741174934	-13.765952662075724	138.0	21	1.05	0.95				
	205	1	21.826381237438593	4.303793483438597	0.0	0.0	2	1.0286401644135048	-14.140069258811058	138.0	21	1.05	0.95				
	206	1	41.80827955340351	8.607586966877195	0.0	-100.0	2	1.0451905874037617	-14.932402102205229	138.0	22	1.05	0.95				
	207	2	38.426727530701754	7.685345506140351	0.0	0.0	2	0.9977735912964488	-18.486176189494394	138.0	22	1.05	0.95				
	208	1	52.567763262	10.75948370859649	0.0	0.0	2	1.0060450647921133	-17.17570335557617	138.0	22	1.05	0.95				
	209	1	53.797418542982456	11.066897528842105	0.0	0.0	2	1.0215629392475056	-12.471910479914943	138.0	23	1.05	0.95				
	210	1	59.94569494789474	12.296552809824563	0.0	0.0	2	1.05	-13.79638502061015	138.0	23	1.05	0.95				
	211	1	0.0	0.0	0.0	0.0	2	0.9995024905285854	-10.262447664971965	230.0	23	1.05	0.95				
	212	1	0.0	0.0	0.0	0.0	2	1.0059910497252451	-10.211454943912837	230.0	23	1.05	0.95				
	213	2	81.46466236508772	16.60034629326316	0.0	0.0	2	0.9936018233373738	-9.727943147447332	230.0	24	1.05	0.95				
	214	2	59.638281127649115	11.989138989578947	0.0	0.0	2	0.994341179902075	-7.686896686007904	230.0	26	1.05	0.95				
	215	2	97.45018101785965	19.674484495719298	0.0	0.0	2	1.0100828192164564	-1.4549923318057414	230.0	26	1.05	0.95				
	216	2	30.741382024561403	6.148276404912282	0.0	0.0	2	1.0105548443359036	-2.1999105939927674	230.0	26	1.05	0.95				
	217	1	0.0	0.0	0.0	0.0	2	1.0137941504508214	-0.30376427962898495	230.0	27	1.05	0.95				
	218	2	102.36880214178947	20.904139776701754	0.0	0.0	2	1.0138174876230248	-0.550027564840586	230.0	27	1.05	0.95				
	219	1	55.64190146445615	11.37431134908772	0.0	0.0	2	1.0135948649264797	-3.5816001486928837	230.0	25	1.05	0.95				
	220	1	39.348968991438596	7.992759326385965	0.0	0.0	2	1.0180935530754192	-4.154944178354553	230.0	25	1.05	0.95				
	221	2	0.0	0.0	0.0	0.0	2	1.0161454919603665	-0.04121937438505765	230.0	27	1.05	0.95				
	222	2	0.0	0.0	0.0	0.0	2	1.0378860150268627	6.500980062714672	230.0	27	1.05	0.95				
	223	2	0.0	0.0	0.0	0.0	2	1.0205362818831065	-4.227005309999166	230.0	25	1.05	0.95				
	224	1	0.0	0.0	0.0	0.0	2	1.0014537806560826	-4.675970012980415	230.0	26	1.05	0.95				
	301	2	44.843403978947364	9.134767477192982	0.0	0.0	3	1.0395564651068112	2.9447961745236126	138.0	31	1.05	0.95				
	302	2	40.276020240350874	8.304334070175438	0.0	0.0	3	1.0360788801802665	2.616134594445999	138.0	32	1.05	0.95				
	303	1	74.73900663157895	15.363018029824559	0.0	0.0	3	1.05	17.813014310363577	138.0	31	1.05	0.95				
	304	1	30.726036059649118	6.228250552631578	0.0	0.0	3	1.019390572398937	3.8381460276852435	138.0	31	1.05	0.95				
	305	1	29.4803859491228	5.813033849122807	0.0	0.0	3	1.0396919872730155	1.5541901774176898	138.0	31	1.05	0.95				
	306	1	56.469471677192985	11.626067698245613	0.0	-100.0	3	1.047029165971993	0.26108622253604696	138.0	32	1.05	0.95				
	307	2	51.90208793859649	10.380417587719297	0.0	0.0	3	0.95	-2.3688837052636553	138.0	32	1.05	0.95				
	308	1	71.00205629999999	14.532584622807015	0.0	0.0	3	0.9733444325831156	-0.9818098991405908	138.0	32	1.05	0.95				
	309	1	72.66292311403508	14.947801326315787	0.0	0.0	3	1.0182827074078629	6.5760896943557885	138.0	33	1.05	0.95				
	310	1	80.96725718421052	16.608668140350876	0.0	0.0	3	1.0493808303732977	1.4500414838565745	138.0	33	1.05	0.95				
	311	1	0.0	0.0	0.0	0.0	3	1.0039610867026636	4.658660542454974	230.0	33	1.05	0.95				
	312	1	0.0	0.0	0.0	0.0	3	1.0092969909423886	5.481245570644677	230.0	33	1.05	0.95				
	313	2	110.03242642982454	22.421701989473682	0.0	0.0	3	1.0052169966240252	7.106746555363128	230.0	34	1.05	0.95				
	314	2	80.55204048070175	16.193451436842103	0.0	0.0	3	0.995178136057779	3.2733407708109126	230.0	36	1.05	0.95				
	315	2	131.62369501228068	26.573869024561404	0.0	0.0	3	1.0425827102866982	4.3316728731084515	230.0	36	1.05	0.95				
	316	2	41.52167035087719	8.304334070175438	0.0	0.0	3	1.0228070970853473	3.8610404389257598	230.0	36	1.05	0.95				
	317	1	0.0	0.0	0.0	0.0	3	1.042307472017305	5.029374322732461	230.0	37	1.05	0.95				
	318	2	138.26716226842103	28.234735838596492	0.0	0.0	3	1.046868511819541	3.712474744243421	230.0	37	1.05	0.95				
	319	1	75.1542233350877	15.363018029824559	0.0	0.0	3	1.0144741649774736	4.017805054953679	230.0	35	1.05	0.95				
	320	1	53.14773804912281	10.795634291228069	0.0	0.0	3	1.0100680213695934	4.988040450540469	230.0	35	1.05	0.95				
	321	2	0.0	0.0	0.0	0.0	3	1.05	4.462211650713304	230.0	37	1.05	0.95				
	322	2	0.0	0.0	0.0	0.0	3	1.05	9.022260959214513	230.0	37	1.05	0.95				
	323	2	0.0	0.0	0.0	0.0	3	1.008474966294472	5.857928064246236	230.0	35	1.05	0.95				
	324	1	0.0	0.0	0.0	0.0	3	1.0408571363621657	9.489792625072136	230.0	36	1.05	0.95				
	325	1	0.0	0.0	0.0	0.0	3	1.00845199558685	6.458333562500876	230.0	35	1.05	0.95				
];
