%% MATPOWER Case Format : Version 2
function mpc = RTS_GMLC
mpc.version = '2';

%%-----  Power Flow Data  -----%%
%% system MVA base
mpc.baseMVA = 100.0;
%% bus data
%    bus_i    type    Pd    Qd    Gs    Bs    area    Vm    Va    baseKV    zone    Vmax    Vmin
mpc.bus = [
	101	2	39.83869371789474	8.115289461052633	0.0	0.0	1	1.0346492995679473	4.077582074059162	138.0	11	1.05	0.95				
	102	2	35.78104898736842	7.377535873684211	0.0	0.0	1	1.034269137361161	3.9477098106917254	138.0	12	1.05	0.95				
	103	1	66.39782286315791	13.648441366315792	0.0	0.0	1	1.0305592513898134	1.2232004758115977	138.0	11	1.05	0.95				
	104	1	27.296882732631584	5.533151905263158	0.0	0.0	1	1.0227727970822789	0.3281517174163537	138.0	11	1.05	0.95				
	105	1	26.19025235157895	5.164275111578949	0.0	0.0	1	1.0369387880173946	0.6397980037375838	138.0	11	1.05	0.95				
	106	1	50.16724394105264	10.328550223157897	0.0	-100.0	1	1.047059098331327	-1.6763945725807916	138.0	12	1.05	0.95				
	107	2	46.10959921052632	9.221919842105263	0.0	0.0	1	1.0002813885182582	-7.787466106944098	138.0	12	1.05	0.95				
	108	1	63.07793172	12.910687778947368	0.0	0.0	1	1.0060003192180242	-6.227065927139277	138.0	12	1.05	0.95				
	109	1	64.55343889473684	13.27956457263158	0.0	0.0	1	1.024932653578607	-1.1431427747079548	138.0	13	1.05	0.95				
	110	1	71.93097476842105	14.755071747368422	0.0	0.0	1	1.05	-1.687625240766896	138.0	13	1.05	0.95				
	111	1	0.0	0.0	0.0	0.0	1	1.002421098532882	0.15041031310301464	230.0	13	1.05	0.95				
	112	1	0.0	0.0	0.0	0.0	1	1.0075791005282004	0.4698842117962042	230.0	13	1.05	0.95				
	113	3	97.75235032631579	19.91934685894737	0.0	0.0	1	0.9919068777456764	1.808022655447969e-27	230.0	14	1.05	0.95				
	114	2	71.56209797473684	14.386194953684212	0.0	0.0	1	0.9988071669789872	1.9763938036893276	230.0	16	1.05	0.95				
	115	2	116.93394359789475	23.608114795789476	0.0	0.0	1	1.0381031661055184	6.9755390953182905	230.0	16	1.05	0.95				
	116	2	36.887679368421054	7.377535873684211	0.0	0.0	1	1.0329742914655922	6.641587829786942	230.0	16	1.05	0.95				
	117	1	0.0	0.0	0.0	0.0	1	1.0418146305502272	8.348377905556896	230.0	17	1.05	0.95				
	118	2	122.83597229684212	25.08362197052632	0.0	0.0	1	1.0453354561564774	8.125844452212469	230.0	17	1.05	0.95				
	119	1	66.7666996568421	13.648441366315792	0.0	0.0	1	1.0264671626063426	5.745677587271636	230.0	15	1.05	0.95				
	120	1	47.21622959157895	9.590796635789475	0.0	0.0	1	1.0230766520745893	5.6833910053127195	230.0	15	1.05	0.95				
	121	2	0.0	0.0	0.0	0.0	1	1.05	8.76333780160131	230.0	17	1.05	0.95				
	122	2	0.0	0.0	0.0	0.0	1	1.05	16.90547069730559	230.0	17	1.05	0.95				
	123	2	0.0	0.0	0.0	0.0	1	1.0214845341570244	5.938057709605363	230.0	15	1.05	0.95				
	124	1	0.0	0.0	0.0	0.0	1	1.0272622006546879	4.822540601745558	230.0	16	1.05	0.95				
	201	2	50.52353218105263	10.291830629473683	0.0	0.0	2	1.0303526372369392	-8.25177075327334	138.0	21	1.05	0.95				
	202	2	45.37761686631578	9.356209663157895	0.0	0.0	2	1.030803747269742	-8.23079662485197	138.0	22	1.05	0.95				
	203	1	84.20588696842105	17.308987876842103	0.0	0.0	2	1.017711879813642	-7.856779197875942	138.0	21	1.05	0.95				
	204	1	34.617975753684206	7.01715724736842	0.0	0.0	2	1.0187316819784644	-10.588581435740522	138.0	21	1.05	0.95				
	205	1	33.21454430421052	6.549346764210526	0.0	0.0	2	1.0341718563173135	-10.724206485883261	138.0	21	1.05	0.95				
	206	1	63.62222570947368	13.098693528421052	0.0	-100.0	2	1.0441420667085963	-12.55217086503169	138.0	22	1.05	0.95				
	207	2	58.47631039473684	11.695262078947367	0.0	0.0	2	0.988810670144285	-19.64147558339555	138.0	22	1.05	0.95				
	208	1	79.99559261999998	16.373366910526315	0.0	0.0	2	0.9946903964534445	-17.498407857207905	138.0	22	1.05	0.95				
	209	1	81.86683455263157	16.84117739368421	0.0	0.0	2	1.022622747040034	-10.61061331593477	138.0	23	1.05	0.95				
	210	1	91.22304421578946	18.71241932631579	0.0	0.0	2	1.05	-11.744213763241826	138.0	23	1.05	0.95				
	211	1	0.0	0.0	0.0	0.0	2	1.0071209273402573	-7.957635816276822	230.0	23	1.05	0.95				
	212	1	0.0	0.0	0.0	0.0	2	1.010944109400743	-7.586759654677343	230.0	23	1.05	0.95				
	213	2	123.96977803684209	25.261766090526315	0.0	0.0	2	1.0019162939774273	-7.289724036201381	230.0	24	1.05	0.95				
	214	2	90.75523373263157	18.244608843157895	0.0	0.0	2	1.0095069890588748	-5.231258385191417	230.0	26	1.05	0.95				
	215	2	148.29592316105263	29.93987092210526	0.0	0.0	2	1.0271194826024757	1.7565091307380143	230.0	26	1.05	0.95				
	216	2	46.78104831578947	9.356209663157895	0.0	0.0	2	1.0298705896274054	1.4434925350552192	230.0	26	1.05	0.95				
	217	1	0.0	0.0	0.0	0.0	2	1.033985929187699	4.299691597919984	230.0	27	1.05	0.95				
	218	2	155.78089089157893	31.81111285473684	0.0	0.0	2	1.0353760416405278	4.658575610261026	230.0	27	1.05	0.95				
	219	1	84.67369745157895	17.308987876842103	0.0	0.0	2	1.0302138575405393	0.12750897959002475	230.0	25	1.05	0.95				
	220	1	59.87974184421052	12.163072562105262	0.0	0.0	2	1.0340669189016654	-0.10825661483714535	230.0	25	1.05	0.95				
	221	2	0.0	0.0	0.0	0.0	2	1.0354827159272122	4.45645252360142	230.0	27	1.05	0.95				
	222	2	0.0	0.0	0.0	0.0	2	1.05	10.89241989849784	230.0	27	1.05	0.95				
	223	2	0.0	0.0	0.0	0.0	2	1.0368707580924597	0.11470279078017338	230.0	25	1.05	0.95				
	224	1	0.0	0.0	0.0	0.0	2	1.0117214477769647	-1.8466266524138488	230.0	26	1.05	0.95				
	301	2	56.80164505263158	11.57070547368421	0.0	0.0	3	1.0067919957435956	-31.68997136017451	138.0	31	1.05	0.95				
	302	2	51.01629231578947	10.518823157894737	0.0	0.0	3	1.0061916852779889	-31.838517532276917	138.0	32	1.05	0.95				
	303	1	94.66940842105264	19.45982284210526	0.0	0.0	3	1.024854208330711	-24.55975491072629	138.0	31	1.05	0.95				
	304	1	38.91964568421052	7.889117368421052	0.0	0.0	3	1.0078727593678183	-30.105826503630123	138.0	31	1.05	0.95				
	305	1	37.34182221052632	7.3631762105263165	0.0	0.0	3	1.0213138533087243	-31.009816922479445	138.0	31	1.05	0.95				
	306	1	71.52799747368421	14.726352421052633	0.0	-100.0	3	1.0371065032969575	-31.23009244826697	138.0	32	1.05	0.95				
	307	2	65.74264473684211	13.14852894736842	0.0	0.0	3	0.9911732519370804	-37.211925431540685	138.0	32	1.05	0.95				
	308	1	89.935938	18.407940526315787	0.0	0.0	3	0.9943911782907245	-34.75432248842075	138.0	32	1.05	0.95				
	309	1	92.03970263157895	18.933881684210522	0.0	0.0	3	1.0269221539466948	-26.543706344503306	138.0	33	1.05	0.95				
	310	1	102.55852578947369	21.037646315789473	0.0	0.0	3	1.05	-28.640173230597394	138.0	33	1.05	0.95				
	311	1	0.0	0.0	0.0	0.0	3	1.0157234349987638	-21.728726405737163	230.0	33	1.05	0.95				
	312	1	0.0	0.0	0.0	0.0	3	1.0166926883598324	-21.111973529660354	230.0	33	1.05	0.95				
	313	2	139.37440684210526	28.40082252631579	0.0	0.0	3	1.0222164621072796	-18.0000068044813	230.0	34	1.05	0.95				
	314	2	102.03258463157894	20.51170515789474	0.0	0.0	3	1.0247216813985647	-19.148608342730444	230.0	36	1.05	0.95				
	315	2	166.72334705263157	33.66023410526316	0.0	0.0	3	1.046984594552399	-12.813546113767227	230.0	36	1.05	0.95				
	316	2	52.59411578947368	10.518823157894737	0.0	0.0	3	1.046841967748211	-12.380774627047442	230.0	36	1.05	0.95				
	317	1	0.0	0.0	0.0	0.0	3	1.0485718540248496	-10.027147032837599	230.0	37	1.05	0.95				
	318	2	175.13840557894738	35.763998736842105	0.0	0.0	3	1.048039160707538	-9.602781167012584	230.0	37	1.05	0.95				
	319	1	95.19534957894737	19.45982284210526	0.0	0.0	3	1.044878643342474	-13.319490246537702	230.0	35	1.05	0.95				
	320	1	67.32046821052631	13.67447010526316	0.0	0.0	3	1.0471350150821304	-13.148494515235933	230.0	35	1.05	0.95				
	321	2	0.0	0.0	0.0	0.0	3	1.05	-9.195457031803508	230.0	37	1.05	0.95				
	322	2	0.0	0.0	0.0	0.0	3	1.05	-5.176314239855558	230.0	37	1.05	0.95				
	323	2	0.0	0.0	0.0	0.0	3	1.0493512096845479	-12.668968419993435	230.0	35	1.05	0.95				
	324	1	0.0	0.0	0.0	0.0	3	1.0239254296520315	-17.16711682330207	230.0	36	1.05	0.95				
	325	1	0.0	0.0	0.0	0.0	3	1.0410253951496833	-10.935115266660999	230.0	35	1.05	0.95				
];
