%% MATPOWER Case Format : Version 2
function mpc = RTS_GMLC
mpc.version = '2';

%%-----  Power Flow Data  -----%%
%% system MVA base
mpc.baseMVA = 100.0;
%% bus data
%    bus_i    type    Pd    Qd    Gs    Bs    area    Vm    Va    baseKV    zone    Vmax    Vmin
mpc.bus = [
	101	2	58.94309747368421	12.006927263157895	0.0	0.0	1	1.0333963333514335	0.3645550361496731	138.0	11	1.05	0.95				
	102	2	52.93963384210526	10.915388421052633	0.0	0.0	1	1.033079332333182	0.24521902301909324	138.0	12	1.05	0.95				
	103	1	98.23849578947369	20.193468578947368	0.0	0.0	1	1.0247710271521062	-1.3184392970350594	138.0	11	1.05	0.95				
	104	1	40.386937157894735	8.186541315789473	0.0	0.0	1	1.0195667939466855	-2.8145760548087204	138.0	11	1.05	0.95				
	105	1	38.749628894736844	7.640771894736844	0.0	0.0	1	1.034362805956978	-2.6684372984143123	138.0	11	1.05	0.95				
	106	1	74.22464126315789	15.281543789473687	0.0	-100.0	1	1.042173854269374	-4.898250357082913	138.0	12	1.05	0.95				
	107	2	68.22117763157895	13.64423552631579	0.0	0.0	1	1.0253455997752516	-5.093115842982013	138.0	12	1.05	0.95				
	108	1	93.326571	19.101929736842106	0.0	0.0	1	1.0169624611045711	-6.1635384194581135	138.0	12	1.05	0.95				
	109	1	95.50964868421052	19.64769915789474	0.0	0.0	1	1.0254899171715544	-3.1092994896007133	138.0	13	1.05	0.95				
	110	1	106.42503710526316	21.830776842105266	0.0	0.0	1	1.05	-4.023021493839739	138.0	13	1.05	0.95				
	111	1	0.0	0.0	0.0	0.0	1	1.0059850638623495	-1.0406969262217978	230.0	13	1.05	0.95				
	112	1	0.0	0.0	0.0	0.0	1	1.0110927235747023	-0.43646135531749014	230.0	13	1.05	0.95				
	113	3	144.62889657894738	29.471548736842106	0.0	0.0	1	1.002059979546684	6.589873027582006e-29	230.0	14	1.05	0.95				
	114	2	105.87926768421052	21.285007421052633	0.0	0.0	1	1.002353757570592	0.6931321229742353	230.0	16	1.05	0.95				
	115	2	173.00890647368422	34.92924294736842	0.0	0.0	1	1.0382765945716055	6.7962486076347135	230.0	16	1.05	0.95				
	116	2	54.57694210526316	10.915388421052633	0.0	0.0	1	1.0343471691889317	6.3761089538227225	230.0	16	1.05	0.95				
	117	1	0.0	0.0	0.0	0.0	1	1.0416945771699686	8.366896587105696	230.0	17	1.05	0.95				
	118	2	181.74121721052632	37.112320631578946	0.0	0.0	1	1.0442033412688578	8.443818338814634	230.0	17	1.05	0.95				
	119	1	98.78426521052633	20.193468578947368	0.0	0.0	1	1.0284255947668237	5.352301111603569	230.0	15	1.05	0.95				
	120	1	69.85848589473684	14.190004947368424	0.0	0.0	1	1.0276307738309358	5.514537712335955	230.0	15	1.05	0.95				
	121	2	0.0	0.0	0.0	0.0	1	1.0482837613265992	9.4582631243852	230.0	17	1.05	0.95				
	122	2	0.0	0.0	0.0	0.0	1	1.05	15.83054250797241	230.0	17	1.05	0.95				
	123	2	0.0	0.0	0.0	0.0	1	1.0283337001534734	6.020359082151384	230.0	15	1.05	0.95				
	124	1	0.0	0.0	0.0	0.0	1	1.0228872576619947	3.770890672410104	230.0	16	1.05	0.95				
	201	2	58.93845426947368	12.005981425263156	0.0	0.0	2	1.0337161881162864	-9.867085561235854	138.0	21	1.05	0.95				
	202	2	52.9354635568421	10.914528568421051	0.0	0.0	2	1.0339064461964356	-9.935845941228077	138.0	22	1.05	0.95				
	203	1	98.23075711578947	20.191877851578948	0.0	0.0	2	1.0227654881677875	-8.277559049891453	138.0	21	1.05	0.95				
	204	1	40.383755703157895	8.185896426315788	0.0	0.0	2	1.0190446675135936	-12.304615657487982	138.0	21	1.05	0.95				
	205	1	38.74657641789473	7.640169997894737	0.0	0.0	2	1.034756086943675	-12.534623544315297	138.0	21	1.05	0.95				
	206	1	74.21879426526316	15.280339995789474	0.0	-100.0	2	1.04260550472392	-14.553559942748223	138.0	22	1.05	0.95				
	207	2	68.21580355263157	13.643160710526313	0.0	0.0	2	0.9888717164816437	-22.831460285201203	138.0	22	1.05	0.95				
	208	1	93.31921925999998	19.10042499473684	0.0	0.0	2	0.9913894388024059	-20.254300605652546	138.0	22	1.05	0.95				
	209	1	95.5021249736842	19.646151423157892	0.0	0.0	2	1.0233863576379962	-12.030042930228628	138.0	23	1.05	0.95				
	210	1	106.41665354210525	21.829057136842103	0.0	0.0	2	1.05	-13.518570776505875	138.0	23	1.05	0.95				
	211	1	0.0	0.0	0.0	0.0	2	1.0114292836625336	-9.098123349256642	230.0	23	1.05	0.95				
	212	1	0.0	0.0	0.0	0.0	2	1.0124806478595778	-8.467134458898169	230.0	23	1.05	0.95				
	213	2	144.6175035315789	29.46922713473684	0.0	0.0	2	1.0089832826395204	-8.168790156348654	230.0	24	1.05	0.95				
	214	2	105.8709271136842	21.28333070842105	0.0	0.0	2	1.0168867555053274	-6.187039898060224	230.0	26	1.05	0.95				
	215	2	172.99527780947366	34.926491418947364	0.0	0.0	2	1.0321527331258744	1.526811913726693	230.0	26	1.05	0.95				
	216	2	54.57264284210525	10.914528568421051	0.0	0.0	2	1.0341260943687278	1.2541675635458707	230.0	26	1.05	0.95				
	217	1	0.0	0.0	0.0	0.0	2	1.0382635918394623	4.3286604893937035	230.0	27	1.05	0.95				
	218	2	181.72690066421052	37.10939713263158	0.0	0.0	2	1.039926173093391	4.798227927914799	230.0	27	1.05	0.95				
	219	1	98.77648354421052	20.191877851578948	0.0	0.0	2	1.0329875374840565	0.20620566777313096	230.0	25	1.05	0.95				
	220	1	69.85298283789473	14.188887138947367	0.0	0.0	2	1.0363183689086686	0.342977549028658	230.0	25	1.05	0.95				
	221	2	0.0	0.0	0.0	0.0	2	1.0396839004346734	4.465496093978634	230.0	27	1.05	0.95				
	222	2	0.0	0.0	0.0	0.0	2	1.05	10.913617855264581	230.0	27	1.05	0.95				
	223	2	0.0	0.0	0.0	0.0	2	1.0392531148584436	0.8252368204566598	230.0	25	1.05	0.95				
	224	1	0.0	0.0	0.0	0.0	2	1.0164799818502526	-2.148508167537628	230.0	26	1.05	0.95				
	301	2	53.248339136842105	10.846883898245615	0.0	0.0	3	1.0235593015706455	-10.948875672523952	138.0	31	1.05	0.95				
	302	2	47.824897187719294	9.86080354385965	0.0	0.0	3	1.020976637905995	-11.315013508894726	138.0	32	1.05	0.95				
	303	1	88.74723189473684	18.24248655614035	0.0	0.0	3	1.05	3.7884106116010363	138.0	31	1.05	0.95				
	304	1	36.4849731122807	7.395602657894735	0.0	0.0	3	1.0117162664788302	-10.316092959032755	138.0	31	1.05	0.95				
	305	1	35.00585258070175	6.9025624807017545	0.0	0.0	3	1.030345403991994	-11.91248539187145	138.0	31	1.05	0.95				
	306	1	67.05346409824561	13.805124961403509	0.0	-100.0	3	1.0410138838498626	-13.037927835537172	138.0	32	1.05	0.95				
	307	2	61.63002214912281	12.326004429824561	0.0	0.0	3	0.9851883556787253	-14.978784089308895	138.0	32	1.05	0.95				
	308	1	84.30987029999999	17.256406201754384	0.0	0.0	3	0.9922756289090946	-14.181750877403625	138.0	32	1.05	0.95				
	309	1	86.28203100877192	17.74944637894737	0.0	0.0	3	1.0196086482987763	-7.451739229237396	138.0	33	1.05	0.95				
	310	1	96.14283455263157	19.7216070877193	0.0	0.0	3	1.049120048729788	-11.308191363186603	138.0	33	1.05	0.95				
	311	1	0.0	0.0	0.0	0.0	3	1.0076232326815897	-6.863018876670824	230.0	33	1.05	0.95				
	312	1	0.0	0.0	0.0	0.0	3	1.0119098435209823	-6.1207735564299695	230.0	33	1.05	0.95				
	313	2	130.65564695614034	26.624169568421053	0.0	0.0	3	1.009563348358344	-4.023474411906472	230.0	34	1.05	0.95				
	314	2	95.64979437543859	19.228566910526315	0.0	0.0	3	1.005022817570006	-6.736024678520876	230.0	36	1.05	0.95				
	315	2	156.29373617017544	31.55457134035088	0.0	0.0	3	1.0419450383767181	-3.4106347017566554	230.0	36	1.05	0.95				
	316	2	49.304017719298244	9.86080354385965	0.0	0.0	3	1.0357722853312237	-3.5943891259070475	230.0	36	1.05	0.95				
	317	1	0.0	0.0	0.0	0.0	3	1.040129881442054	-2.6886157057096933	230.0	37	1.05	0.95				
	318	2	164.18237900526316	33.526732049122806	0.0	0.0	3	1.0394544035479074	-2.8494566796489402	230.0	37	1.05	0.95				
	319	1	89.24027207192982	18.24248655614035	0.0	0.0	3	1.0279539571816914	-3.9995486065342263	230.0	35	1.05	0.95				
	320	1	63.10914268070176	12.819044607017544	0.0	0.0	3	1.0247830587939453	-3.3960094652421207	230.0	35	1.05	0.95				
	321	2	0.0	0.0	0.0	0.0	3	1.0417839455028373	-2.327425180645919	230.0	37	1.05	0.95				
	322	2	0.0	0.0	0.0	0.0	3	1.05	1.8508868236859986	230.0	37	1.05	0.95				
	323	2	0.0	0.0	0.0	0.0	3	1.0240598351741597	-2.6816440542182414	230.0	35	1.05	0.95				
	324	1	0.0	0.0	0.0	0.0	3	1.0423656961254968	-0.6547289920392058	230.0	36	1.05	0.95				
	325	1	0.0	0.0	0.0	0.0	3	1.0230565694744578	-1.6457880266373308	230.0	35	1.05	0.95				
];
