%% MATPOWER Case Format : Version 2
function mpc = RTS_GMLC
mpc.version = '2';

%%-----  Power Flow Data  -----%%
%% system MVA base
mpc.baseMVA = 100.0;
%% bus data
%    bus_i    type    Pd    Qd    Gs    Bs    area    Vm    Va    baseKV    zone    Vmax    Vmin
mpc.bus = [
	101	2	41.08114796210526	8.368381992280701	0.0	0.0	1	1.0311650415448645	3.107778088774189	138.0	11	1.05	0.95				
	102	2	36.89695696596491	7.607619992982456	0.0	0.0	1	1.0303195216458638	2.859252327075519	138.0	12	1.05	0.95				
	103	1	68.4685799368421	14.074096987017542	0.0	0.0	1	1.0305916558779684	1.4017567478195792	138.0	11	1.05	0.95				
	104	1	28.148193974035085	5.705714994736842	0.0	0.0	1	1.0211085990930475	-0.27467263935600994	138.0	11	1.05	0.95				
	105	1	27.007050975087722	5.32533399508772	0.0	0.0	1	1.0352613719524038	-0.045038302586818235	138.0	11	1.05	0.95				
	106	1	51.731815952280705	10.65066799017544	0.0	-100.0	1	1.0460684716817799	-2.240193508274809	138.0	12	1.05	0.95				
	107	2	47.547624956140346	9.509524991228071	0.0	0.0	1	1.0004686598642938	-8.19163652605398	138.0	12	1.05	0.95				
	108	1	65.04515094	13.313334987719298	0.0	0.0	1	1.0056953868970075	-6.5999175077994785	138.0	12	1.05	0.95				
	109	1	66.56667493859649	13.69371598736842	0.0	0.0	1	1.0249599084272174	-1.2871059169333994	138.0	13	1.05	0.95				
	110	1	74.17429493157894	15.215239985964912	0.0	0.0	1	1.05	-2.033432480113419	138.0	13	1.05	0.95				
	111	1	0.0	0.0	0.0	0.0	1	1.0028741839991697	0.26972534760178035	230.0	13	1.05	0.95				
	112	1	0.0	0.0	0.0	0.0	1	1.0084023376132174	0.43312213721301995	230.0	13	1.05	0.95				
	113	3	100.80096490701753	20.54057398105263	0.0	0.0	1	0.9939016565170636	1.096749341975273e-28	230.0	14	1.05	0.95				
	114	2	73.79391393192982	14.83485898631579	0.0	0.0	1	0.9994696368018493	2.567266479482627	230.0	16	1.05	0.95				
	115	2	120.58077688877194	24.34438397754386	0.0	0.0	1	1.0396439091507905	8.388601140704202	230.0	16	1.05	0.95				
	116	2	38.038099964912284	7.607619992982456	0.0	0.0	1	1.0354172787810851	7.935465700193965	230.0	16	1.05	0.95				
	117	1	0.0	0.0	0.0	0.0	1	1.0422457975199173	10.272439109042391	230.0	17	1.05	0.95				
	118	2	126.6668728831579	25.865907976140353	0.0	0.0	1	1.0463368385861442	9.994668264749617	230.0	17	1.05	0.95				
	119	1	68.84896093649124	14.074096987017542	0.0	0.0	1	1.0285940438572974	6.625731637296464	230.0	15	1.05	0.95				
	120	1	48.68876795508772	9.889905990877192	0.0	0.0	1	1.0252342478440282	6.219189107378955	230.0	15	1.05	0.95				
	121	2	0.0	0.0	0.0	0.0	1	1.05	10.617443934326792	230.0	17	1.05	0.95				
	122	2	0.0	0.0	0.0	0.0	1	1.05	21.823120756207402	230.0	17	1.05	0.95				
	123	2	0.0	0.0	0.0	0.0	1	1.0236725836479166	6.290744806896374	230.0	15	1.05	0.95				
	124	1	0.0	0.0	0.0	0.0	1	1.0270665837817865	5.773800504199258	230.0	16	1.05	0.95				
	201	2	49.57154101894737	10.09790650385965	0.0	0.0	2	1.0287423738627253	-8.805992677894697	138.0	21	1.05	0.95				
	202	2	44.52258776701754	9.179915003508771	0.0	0.0	2	1.0293213474067315	-8.745814546006681	138.0	22	1.05	0.95				
	203	1	82.61923503157895	16.98284275649123	0.0	0.0	2	1.01792751800643	-8.183674821653998	138.0	21	1.05	0.95				
	204	1	33.96568551298246	6.884936252631578	0.0	0.0	2	1.0183278664749331	-10.958047768238274	138.0	21	1.05	0.95				
	205	1	32.58869826245614	6.425940502456141	0.0	0.0	2	1.0335362086177222	-11.140424014208447	138.0	21	1.05	0.95				
	206	1	62.42342202385965	12.851881004912283	0.0	-100.0	2	1.0440987949504756	-12.876327271674434	138.0	22	1.05	0.95				
	207	2	57.37446877192982	11.474893754385965	0.0	0.0	2	0.9889721523986428	-19.75261208574882	138.0	22	1.05	0.95				
	208	1	78.48827328	16.06485125614035	0.0	0.0	2	0.9951830855257183	-17.658289608448733	138.0	22	1.05	0.95				
	209	1	80.32425628070176	16.52384700631579	0.0	0.0	2	1.0227156706896756	-10.892042999051615	138.0	23	1.05	0.95				
	210	1	89.50417128421051	18.359830007017543	0.0	0.0	2	1.05	-12.043357507271859	138.0	23	1.05	0.95				
	211	1	0.0	0.0	0.0	0.0	2	1.006877557224705	-8.253169107062797	230.0	23	1.05	0.95				
	212	1	0.0	0.0	0.0	0.0	2	1.0108206563685604	-7.884248999726134	230.0	23	1.05	0.95				
	213	2	121.63387379649122	24.785770509473686	0.0	0.0	2	1.0015009633369891	-7.570014399168799	230.0	24	1.05	0.95				
	214	2	89.04517553403508	17.900834256842106	0.0	0.0	2	1.0091048791426593	-5.54206429322209	230.0	26	1.05	0.95				
	215	2	145.50165280561401	29.37572801122807	0.0	0.0	2	1.027624053855068	1.4725696971091065	230.0	26	1.05	0.95				
	216	2	45.89957501754386	9.179915003508771	0.0	0.0	2	1.0300420159836878	1.0493876715268273	230.0	26	1.05	0.95				
	217	1	0.0	0.0	0.0	0.0	2	1.0344811520155626	4.083932805216037	230.0	27	1.05	0.95				
	218	2	152.84558480842105	31.211711011929825	0.0	0.0	2	1.035970713877509	4.433515844404492	230.0	27	1.05	0.95				
	219	1	83.07823078175439	16.98284275649123	0.0	0.0	2	1.0303769211316147	-0.23115235293957836	230.0	25	1.05	0.95				
	220	1	58.75145602245614	11.933889504561405	0.0	0.0	2	1.0341030613707392	-0.45329297967611165	230.0	25	1.05	0.95				
	221	2	0.0	0.0	0.0	0.0	2	1.0359915066815477	4.212003535781667	230.0	27	1.05	0.95				
	222	2	0.0	0.0	0.0	0.0	2	1.05	10.659754839693198	230.0	27	1.05	0.95				
	223	2	0.0	0.0	0.0	0.0	2	1.0367971623259524	-0.22929733907273125	230.0	25	1.05	0.95				
	224	1	0.0	0.0	0.0	0.0	2	1.0120621184169418	-2.1456844289542167	230.0	26	1.05	0.95				
	301	2	61.80702309473685	12.590319519298246	0.0	0.0	3	1.0084084550305508	-35.14601979601968	138.0	31	1.05	0.95				
	302	2	55.51186333508772	11.44574501754386	0.0	0.0	3	1.00784913546171	-35.289847173957895	138.0	32	1.05	0.95				
	303	1	103.01170515789475	21.17462828245614	0.0	0.0	3	1.0204579612960234	-27.729348169042627	138.0	31	1.05	0.95				
	304	1	42.34925656491228	8.584308763157896	0.0	0.0	3	1.0073965641607983	-33.270661565220145	138.0	31	1.05	0.95				
	305	1	40.6323948122807	8.012021512280702	0.0	0.0	3	1.021343218468482	-34.28763833833757	138.0	31	1.05	0.95				
	306	1	77.83106611929826	16.024043024561404	0.0	-100.0	3	1.0360907809472502	-34.44732009119058	138.0	32	1.05	0.95				
	307	2	71.53590635964913	14.307181271929824	0.0	0.0	3	0.9929455439352782	-41.02798699549696	138.0	32	1.05	0.95				
	308	1	97.8611199	20.030053780701753	0.0	0.0	3	0.9932630263182872	-38.30534146066686	138.0	32	1.05	0.95				
	309	1	100.15026890350877	20.60234103157895	0.0	0.0	3	1.0269777190832585	-29.287327495605112	138.0	33	1.05	0.95				
	310	1	111.59601392105263	22.89149003508772	0.0	0.0	3	1.05	-31.592393263460785	138.0	33	1.05	0.95				
	311	1	0.0	0.0	0.0	0.0	3	1.0192039399967823	-24.01146972893701	230.0	33	1.05	0.95				
	312	1	0.0	0.0	0.0	0.0	3	1.0173791602854618	-23.369718012482316	230.0	33	1.05	0.95				
	313	2	151.65612148245614	30.903511547368424	0.0	0.0	3	1.0280135527780483	-20.190591590979814	230.0	34	1.05	0.95				
	314	2	111.02372667017544	22.31920278421053	0.0	0.0	3	1.0321801920013696	-21.016625718048783	230.0	36	1.05	0.95				
	315	2	181.41505852807018	36.62638405614035	0.0	0.0	3	1.049085332010247	-13.89082554234884	230.0	36	1.05	0.95				
	316	2	57.2287250877193	11.44574501754386	0.0	0.0	3	1.0488221613632287	-13.347047396957606	230.0	36	1.05	0.95				
	317	1	0.0	0.0	0.0	0.0	3	1.05	-10.183330316231281	230.0	37	1.05	0.95				
	318	2	190.57165454210528	38.91553305964913	0.0	0.0	3	1.0478064935153015	-10.07024029326749	230.0	37	1.05	0.95				
	319	1	103.58399240877193	21.17462828245614	0.0	0.0	3	1.0458277994059122	-14.421948791283004	230.0	35	1.05	0.95				
	320	1	73.2527681122807	14.879468522807018	0.0	0.0	3	1.0477574973195554	-14.286672788931453	230.0	35	1.05	0.95				
	321	2	0.0	0.0	0.0	0.0	3	1.05	-9.871707410609368	230.0	37	1.05	0.95				
	322	2	0.0	0.0	0.0	0.0	3	1.05	-5.6466308619941925	230.0	37	1.05	0.95				
	323	2	0.0	0.0	0.0	0.0	3	1.05	-13.7940147954605	230.0	35	1.05	0.95				
	324	1	0.0	0.0	0.0	0.0	3	1.0206401099096498	-18.993926094318095	230.0	36	1.05	0.95				
	325	1	0.0	0.0	0.0	0.0	3	1.0394889427602376	-11.836433234805234	230.0	35	1.05	0.95				
];
