%% MATPOWER Case Format : Version 2
function mpc = RTS_GMLC
mpc.version = '2';

%%-----  Power Flow Data  -----%%
%% system MVA base
mpc.baseMVA = 100.0;
%% bus data
%    bus_i    type    Pd    Qd    Gs    Bs    area    Vm    Va    baseKV    zone    Vmax    Vmin
mpc.bus = [
	101	2	40.70707571368421	8.29218208982456	0.0	0.0	1	1.0337749068262372	3.0702435097166654	138.0	11	1.05	0.95				
	102	2	36.56098466877193	7.538347354385966	0.0	0.0	1	1.0328305582208197	2.797174295344915	138.0	12	1.05	0.95				
	103	1	67.84512618947367	13.945942605614034	0.0	0.0	1	1.0315318623337881	1.9090813676114264	138.0	11	1.05	0.95				
	104	1	27.891885211228068	5.653760515789473	0.0	0.0	1	1.022047484827179	-0.29561553866826057	138.0	11	1.05	0.95				
	105	1	26.761133108070172	5.276843148070176	0.0	0.0	1	1.0366130409874537	-0.11127543456005569	138.0	11	1.05	0.95				
	106	1	51.26076200982457	10.553686296140352	0.0	-100.0	1	1.0467602786858685	-2.3280807718973513	138.0	12	1.05	0.95				
	107	2	47.11467096491228	9.422934192982456	0.0	0.0	1	1.0003691802540584	-8.220635732590978	138.0	12	1.05	0.95				
	108	1	64.45286988	13.192107870175438	0.0	0.0	1	1.00564194300564	-6.63318381296335	138.0	12	1.05	0.95				
	109	1	65.96053935087718	13.569025237894735	0.0	0.0	1	1.0244418205679184	-1.2961230351206043	138.0	13	1.05	0.95				
	110	1	73.49888670526316	15.076694708771932	0.0	0.0	1	1.05	-2.1491931504119113	138.0	13	1.05	0.95				
	111	1	0.0	0.0	0.0	0.0	1	1.0025831019681293	0.367206883299581	230.0	13	1.05	0.95				
	112	1	0.0	0.0	0.0	0.0	1	1.0067967066666799	-0.07647090922067683	230.0	13	1.05	0.95				
	113	3	99.88310244561403	20.353537856842106	0.0	0.0	1	0.9915952634685905	9.168497189631374e-29	230.0	14	1.05	0.95				
	114	2	73.12196933754386	14.69977734105263	0.0	0.0	1	1.0014597144981843	2.9073505823399333	230.0	16	1.05	0.95				
	115	2	119.48280556701754	24.122711534035087	0.0	0.0	1	1.0401645265454256	9.752549751547392	230.0	16	1.05	0.95				
	116	2	37.691736771929826	7.538347354385966	0.0	0.0	1	1.034749016834342	8.618331152168023	230.0	16	1.05	0.95				
	117	1	0.0	0.0	0.0	0.0	1	1.0408430147153982	12.880995730151234	230.0	17	1.05	0.95				
	118	2	125.51348345052631	25.630381004912284	0.0	0.0	1	1.0478259394718845	13.172291094603125	230.0	17	1.05	0.95				
	119	1	68.22204355719298	13.945942605614034	0.0	0.0	1	1.0236377277749216	5.976770259863666	230.0	15	1.05	0.95				
	120	1	48.245423068070174	9.799851560701754	0.0	0.0	1	1.0177410315876634	4.387720481882973	230.0	15	1.05	0.95				
	121	2	0.0	0.0	0.0	0.0	1	1.05	14.33764301800966	230.0	17	1.05	0.95				
	122	2	0.0	0.0	0.0	0.0	1	1.05	27.919434515581816	230.0	17	1.05	0.95				
	123	2	0.0	0.0	0.0	0.0	1	1.014914133417465	3.804354293986977	230.0	15	1.05	0.95				
	124	1	0.0	0.0	0.0	0.0	1	1.026871509559533	6.813271043655244	230.0	16	1.05	0.95				
	201	2	38.147646770526315	7.770816934736842	0.0	0.0	2	1.0141729724573847	-11.559342188160231	138.0	21	1.05	0.95				
	202	2	34.262238303157886	7.064379031578947	0.0	0.0	2	1.013279905057125	-11.830165142167047	138.0	22	1.05	0.95				
	203	1	63.57941128421052	13.069101208421053	0.0	0.0	2	1.015712662404074	-8.213569234188121	138.0	21	1.05	0.95				
	204	1	26.138202416842105	5.298284273684209	0.0	0.0	2	1.0131619672652157	-11.58667103460338	138.0	21	1.05	0.95				
	205	1	25.07854556210526	4.945065322105263	0.0	0.0	2	1.0279318077093695	-11.956602228519996	138.0	21	1.05	0.95				
	206	1	48.037777414736844	9.890130644210526	0.0	-100.0	2	1.0439006594316205	-12.645159792234699	138.0	22	1.05	0.95				
	207	2	44.152368947368416	8.830473789473684	0.0	0.0	2	0.9967440743299606	-16.79805934563635	138.0	22	1.05	0.95				
	208	1	60.40044071999999	12.362663305263156	0.0	0.0	2	1.0039570641714848	-15.252198588616057	138.0	22	1.05	0.95				
	209	1	61.81331652631579	12.715882256842104	0.0	0.0	2	1.0226440373176418	-9.917232207571258	138.0	23	1.05	0.95				
	210	1	68.87769555789473	14.128758063157894	0.0	0.0	2	1.05	-11.214451872034365	138.0	23	1.05	0.95				
	211	1	0.0	0.0	0.0	0.0	2	1.0028852948881362	-7.225668985768427	230.0	23	1.05	0.95				
	212	1	0.0	0.0	0.0	0.0	2	1.0058456220862693	-6.535992461118161	230.0	23	1.05	0.95				
	213	2	93.60302216842105	19.073823385263157	0.0	0.0	2	0.996925703704761	-5.941395301561436	230.0	24	1.05	0.95				
	214	2	68.52447660631577	13.775539111578947	0.0	0.0	2	1.0019583057484283	-4.866285657021054	230.0	26	1.05	0.95				
	215	2	111.97040765052631	22.60601290105263	0.0	0.0	2	1.0182262174734045	0.7106591171378738	230.0	26	1.05	0.95				
	216	2	35.32189515789474	7.064379031578947	0.0	0.0	2	1.019322881650659	0.6025873045514821	230.0	26	1.05	0.95				
	217	1	0.0	0.0	0.0	0.0	2	1.024201127252677	2.0971586352670553	230.0	27	1.05	0.95				
	218	2	117.62191087578945	24.018888707368422	0.0	0.0	2	1.0236108284288765	1.7071248283780938	230.0	27	1.05	0.95				
	219	1	63.93263023578947	13.069101208421053	0.0	0.0	2	1.0199511527986216	0.5121449896960995	230.0	25	1.05	0.95				
	220	1	45.21202580210526	9.183692741052631	0.0	0.0	2	1.0225027190792249	1.133860471586097	230.0	25	1.05	0.95				
	221	2	0.0	0.0	0.0	0.0	2	1.02541907570204	2.178087548465307	230.0	27	1.05	0.95				
	222	2	0.0	0.0	0.0	0.0	2	1.0473432567616885	8.669917930527657	230.0	27	1.05	0.95				
	223	2	0.0	0.0	0.0	0.0	2	1.0242686563284742	1.7495528463844876	230.0	25	1.05	0.95				
	224	1	0.0	0.0	0.0	0.0	2	1.0062902353828154	-2.657231149971485	230.0	26	1.05	0.95				
	301	2	46.568807355789474	9.486238535438595	0.0	0.0	3	1.008260308817409	-10.880126669120829	138.0	31	1.05	0.95				
	302	2	41.82568808807017	8.623853214035087	0.0	0.0	3	1.0080919783669755	-11.018814869005187	138.0	32	1.05	0.95				
	303	1	77.61467892631579	15.954128445964914	0.0	0.0	3	1.0322990360764026	-3.8845681662821385	138.0	31	1.05	0.95				
	304	1	31.908256891929828	6.467889910526316	0.0	0.0	3	1.0120324887041199	-9.30181315467417	138.0	31	1.05	0.95				
	305	1	30.614678909824562	6.036697249824561	0.0	0.0	3	1.0237099521451847	-10.82901891436094	138.0	31	1.05	0.95				
	306	1	58.6422018554386	12.073394499649122	0.0	-100.0	3	1.0404140225346665	-11.307607080894297	138.0	32	1.05	0.95				
	307	2	53.89908258771929	10.779816517543859	0.0	0.0	3	0.9930074791295556	-15.461003585080169	138.0	32	1.05	0.95				
	308	1	73.73394498	15.091743124561402	0.0	0.0	3	0.9999441420826005	-13.528654167541708	138.0	32	1.05	0.95				
	309	1	75.45871562280702	15.522935785263156	0.0	0.0	3	1.0290814155961086	-6.146360367016104	138.0	33	1.05	0.95				
	310	1	84.0825688368421	17.247706428070174	0.0	0.0	3	1.05	-9.387873755233663	138.0	33	1.05	0.95				
	311	1	0.0	0.0	0.0	0.0	3	1.0076999740629544	-4.315592948763892	230.0	33	1.05	0.95				
	312	1	0.0	0.0	0.0	0.0	3	1.0129264713588835	-3.6501845245524986	230.0	33	1.05	0.95				
	313	2	114.26605508596491	23.284403677894737	0.0	0.0	3	1.010515647497464	-1.1094812679848187	230.0	34	1.05	0.95				
	314	2	83.65137617614035	16.81651376736842	0.0	0.0	3	1.0020652903996867	-3.541929864903168	230.0	36	1.05	0.95				
	315	2	136.68807344245613	27.59633028491228	0.0	0.0	3	1.0281542315735503	-0.22988962516247685	230.0	36	1.05	0.95				
	316	2	43.119266070175435	8.623853214035087	0.0	0.0	3	1.0268358310232788	0.12917483409002484	230.0	36	1.05	0.95				
	317	1	0.0	0.0	0.0	0.0	3	1.0361035951510162	3.0499161391723337	230.0	37	1.05	0.95				
	318	2	143.58715601368422	29.3211009277193	0.0	0.0	3	1.0331972151543867	1.838243330860058	230.0	37	1.05	0.95				
	319	1	78.04587158701754	15.954128445964914	0.0	0.0	3	1.0231321943760054	-0.23368247501718323	230.0	35	1.05	0.95				
	320	1	55.19266056982456	11.211009178245614	0.0	0.0	3	1.0228318523155573	0.2969987222767515	230.0	35	1.05	0.95				
	321	2	0.0	0.0	0.0	0.0	3	1.0338613771529528	1.728078651180862	230.0	37	1.05	0.95				
	322	2	0.0	0.0	0.0	0.0	3	1.0483491722482317	6.567186188669054	230.0	37	1.05	0.95				
	323	2	0.0	0.0	0.0	0.0	3	1.0233737932706763	0.9235064507367182	230.0	35	1.05	0.95				
	324	1	0.0	0.0	0.0	0.0	3	1.0234952120239695	-1.6163508418325148	230.0	36	1.05	0.95				
	325	1	0.0	0.0	0.0	0.0	3	1.0219519126034762	2.0678306549313565	230.0	35	1.05	0.95				
];
