%% MATPOWER Case Format : Version 2
function mpc = RTS_GMLC
mpc.version = '2';

%%-----  Power Flow Data  -----%%
%% system MVA base
mpc.baseMVA = 100.0;
%% bus data
%    bus_i    type    Pd    Qd    Gs    Bs    area    Vm    Va    baseKV    zone    Vmax    Vmin
mpc.bus = [
	101	2	37.9549728	7.731568533333332	0.0	0.0	1	1.0088331291866726	-0.530483785906314	138.0	11	1.05	0.95				
	102	2	34.08918853333333	7.028698666666666	0.0	0.0	1	1.006868781188938	-1.1098604051647574	138.0	12	1.05	0.95				
	103	1	63.25828799999999	13.003092533333332	0.0	0.0	1	1.0270960482254987	2.390865182048377	138.0	11	1.05	0.95				
	104	1	26.006185066666664	5.271523999999999	0.0	0.0	1	1.0114632844023597	-2.3837499532825266	138.0	11	1.05	0.95				
	105	1	24.951880266666667	4.920089066666667	0.0	0.0	1	1.0249347823647998	-2.547212901283078	138.0	11	1.05	0.95				
	106	1	47.79515093333334	9.840178133333334	0.0	-100.0	1	1.0419561549621923	-4.169206402593237	138.0	12	1.05	0.95				
	107	2	43.92936666666667	8.785873333333333	0.0	0.0	1	0.9824971380779641	-10.872644600218484	138.0	12	1.05	0.95				
	108	1	60.09537359999999	12.300222666666665	0.0	0.0	1	0.9950680842373982	-8.459514636413617	138.0	12	1.05	0.95				
	109	1	61.50111333333332	12.6516576	0.0	0.0	1	1.0245646403677524	-1.94472316797534	138.0	13	1.05	0.95				
	110	1	68.52981199999999	14.057397333333332	0.0	0.0	1	1.05	-3.4173608748757616	138.0	13	1.05	0.95				
	111	1	0.0	0.0	0.0	0.0	1	1.0130843450318032	0.5926839267252912	230.0	13	1.05	0.95				
	112	1	0.0	0.0	0.0	0.0	1	1.0111526804068849	-0.6832891831039999	230.0	13	1.05	0.95				
	113	3	93.13025733333332	18.9774864	0.0	0.0	1	0.9901188615124817	1.2986256905351935e-27	230.0	14	1.05	0.95				
	114	2	68.17837706666666	13.705962399999999	0.0	0.0	1	1.0371550107528589	4.343567670097284	230.0	16	1.05	0.95				
	115	2	111.40487386666666	22.491835733333332	0.0	0.0	1	1.0419951389891853	13.760724787759806	230.0	16	1.05	0.95				
	116	2	35.14349333333333	7.028698666666666	0.0	0.0	1	1.041047102119781	11.867147266443892	230.0	16	1.05	0.95				
	117	1	0.0	0.0	0.0	0.0	1	1.0405247609019266	17.924993129844484	230.0	17	1.05	0.95				
	118	2	117.0278328	23.89757546666667	0.0	0.0	1	1.049619303378067	18.547710176776736	230.0	17	1.05	0.95				
	119	1	63.60972293333334	13.003092533333332	0.0	0.0	1	1.036927914785065	7.392176306886634	230.0	15	1.05	0.95				
	120	1	44.983671466666664	9.137308266666667	0.0	0.0	1	1.0399343448811889	4.175515805353197	230.0	15	1.05	0.95				
	121	2	0.0	0.0	0.0	0.0	1	1.043256758190983	20.036002431721705	230.0	17	1.05	0.95				
	122	2	0.0	0.0	0.0	0.0	1	1.05	37.997248839122754	230.0	17	1.05	0.95				
	123	2	0.0	0.0	0.0	0.0	1	1.0426276895147941	2.678042418845389	230.0	15	1.05	0.95				
	124	1	0.0	0.0	0.0	0.0	1	1.0221960782218993	9.518453377585788	230.0	16	1.05	0.95				
	201	2	42.482606627368426	8.653864312982456	0.0	0.0	2	1.0128755417441477	-18.721078522888703	138.0	21	1.05	0.95				
	202	2	38.155674470877194	7.867149375438598	0.0	0.0	2	1.0120244011898338	-19.03808389914551	138.0	22	1.05	0.95				
	203	1	70.80434437894738	14.554226344561405	0.0	0.0	2	1.01086010947771	-13.639488158319248	138.0	21	1.05	0.95				
	204	1	29.10845268912281	5.900362031578947	0.0	0.0	2	1.0109905271075623	-18.742075132373436	138.0	21	1.05	0.95				
	205	1	27.92838028280702	5.507004562807018	0.0	0.0	2	1.0267092762657608	-19.27228168478174	138.0	21	1.05	0.95				
	206	1	53.49661575298246	11.014009125614036	0.0	-100.0	2	1.0424323151774773	-20.08431301586725	138.0	22	1.05	0.95				
	207	2	49.16968359649123	9.833936719298245	0.0	0.0	2	0.9950722818061052	-24.74429793587659	138.0	22	1.05	0.95				
	208	1	67.26412716	13.767511407017544	0.0	0.0	2	1.0010888740797699	-22.983425275942295	138.0	22	1.05	0.95				
	209	1	68.83755703508773	14.160868875789474	0.0	0.0	2	1.0212875838488427	-16.8626041227787	138.0	23	1.05	0.95				
	210	1	76.70470641052631	15.734298750877196	0.0	0.0	2	1.05	-18.555763806950015	138.0	23	1.05	0.95				
	211	1	0.0	0.0	0.0	0.0	2	1.0072171899334768	-14.014037379513892	230.0	23	1.05	0.95				
	212	1	0.0	0.0	0.0	0.0	2	1.0075433737415156	-13.742923155898449	230.0	23	1.05	0.95				
	213	2	104.2397292245614	21.241303313684213	0.0	0.0	2	1.0008180829186026	-13.145501877029755	230.0	24	1.05	0.95				
	214	2	76.31134894175439	15.340941282105264	0.0	0.0	2	1.0130960572457004	-10.996819238476899	230.0	26	1.05	0.95				
	215	2	124.69431760070175	25.17487800140351	0.0	0.0	2	1.0260734243174885	-3.5548376386558727	230.0	26	1.05	0.95				
	216	2	39.33574687719298	7.867149375438598	0.0	0.0	2	1.0288481981385282	-4.3446954142400696	230.0	26	1.05	0.95				
	217	1	0.0	0.0	0.0	0.0	2	1.0349263422317996	-2.0185829674040563	230.0	27	1.05	0.95				
	218	2	130.98803710105264	26.74830787649123	0.0	0.0	2	1.0337913581772875	-2.5182057603864463	230.0	27	1.05	0.95				
	219	1	71.1977018477193	14.554226344561405	0.0	0.0	2	1.0257846086574864	-5.539530048995342	230.0	25	1.05	0.95				
	220	1	50.34975600280702	10.227294188070177	0.0	0.0	2	1.0257954792017285	-5.810602271464404	230.0	25	1.05	0.95				
	221	2	0.0	0.0	0.0	0.0	2	1.0339720465069262	-2.0633642414353197	230.0	27	1.05	0.95				
	222	2	0.0	0.0	0.0	0.0	2	1.05	4.451240002236701	230.0	27	1.05	0.95				
	223	2	0.0	0.0	0.0	0.0	2	1.0261590392817956	-5.655655175342638	230.0	25	1.05	0.95				
	224	1	0.0	0.0	0.0	0.0	2	1.0079621880632497	-7.313180120976037	230.0	26	1.05	0.95				
	301	2	43.237583052631585	8.807655807017545	0.0	0.0	3	1.0121603880017938	0.061788221717401136	138.0	31	1.05	0.95				
	302	2	38.83375514912281	8.006959824561404	0.0	0.0	3	1.011869990204972	-0.18186950268891836	138.0	32	1.05	0.95				
	303	1	72.06263842105264	14.812875675438598	0.0	0.0	3	1.0447849257938644	9.25552881188646	138.0	31	1.05	0.95				
	304	1	29.625751350877195	6.005219868421053	0.0	0.0	3	1.0129580346871112	0.7557352095204962	138.0	31	1.05	0.95				
	305	1	28.42470737719298	5.604871877192983	0.0	0.0	3	1.0262319689588166	-0.33147731296487465	138.0	31	1.05	0.95				
	306	1	54.44732680701755	11.209743754385967	0.0	-100.0	3	1.0422092269250087	-1.0470802828596204	138.0	32	1.05	0.95				
	307	2	50.04349890350878	10.008699780701754	0.0	0.0	3	0.9864616534314681	-5.188496876982813	138.0	32	1.05	0.95				
	308	1	68.4595065	14.012179692982455	0.0	0.0	3	0.9967346739393522	-3.434840054793194	138.0	32	1.05	0.95				
	309	1	70.06089846491228	14.412527684210527	0.0	0.0	3	1.025664543958486	3.1709458314044867	138.0	33	1.05	0.95				
	310	1	78.06785828947368	16.01391964912281	0.0	0.0	3	1.05	0.5657189114701228	138.0	33	1.05	0.95				
	311	1	0.0	0.0	0.0	0.0	3	1.0067881208536653	5.037771933941556	230.0	33	1.05	0.95				
	312	1	0.0	0.0	0.0	0.0	3	1.010930258808122	5.600700314038568	230.0	33	1.05	0.95				
	313	2	106.09221767543859	21.618791526315793	0.0	0.0	3	1.0085233190325331	8.100602631320458	230.0	34	1.05	0.95				
	314	2	77.66751029824562	15.613571657894736	0.0	0.0	3	1.0017470510745652	5.647138267659357	230.0	36	1.05	0.95				
	315	2	126.91031321929825	25.622271438596496	0.0	0.0	3	1.0374336538061637	8.752531283285604	230.0	36	1.05	0.95				
	316	2	40.034799122807016	8.006959824561404	0.0	0.0	3	1.0333710333718975	8.844606423633516	230.0	36	1.05	0.95				
	317	1	0.0	0.0	0.0	0.0	3	1.0490367416582194	12.766605410695355	230.0	37	1.05	0.95				
	318	2	133.31588107894737	27.223663403508773	0.0	0.0	3	1.0469726145808989	9.942089300673068	230.0	37	1.05	0.95				
	319	1	72.4629864122807	14.812875675438598	0.0	0.0	3	1.0242623825559625	8.427690215977977	230.0	35	1.05	0.95				
	320	1	51.24454287719299	10.409047771929824	0.0	0.0	3	1.0188924554258212	8.848704465017123	230.0	35	1.05	0.95				
	321	2	0.0	0.0	0.0	0.0	3	1.0447327589837294	10.193632238134617	230.0	37	1.05	0.95				
	322	2	0.0	0.0	0.0	0.0	3	1.05	15.543186711752204	230.0	37	1.05	0.95				
	323	2	0.0	0.0	0.0	0.0	3	1.0164755863184634	9.398541487680491	230.0	35	1.05	0.95				
	324	1	0.0	0.0	0.0	0.0	3	1.036372948660189	8.947226383660784	230.0	36	1.05	0.95				
	325	1	0.0	0.0	0.0	0.0	3	1.0163703718011843	10.313678120076574	230.0	35	1.05	0.95				
];
