%% MATPOWER Case Format : Version 2
function mpc = RTS_GMLC
mpc.version = '2';

%%-----  Power Flow Data  -----%%
%% system MVA base
mpc.baseMVA = 100.0;
%% bus data
%    bus_i    type    Pd    Qd    Gs    Bs    area    Vm    Va    baseKV    zone    Vmax    Vmin
mpc.bus = [
	101	2	63.0311727031579	12.839683328421053	0.0	0.0	1	1.0361301417140187	1.5391598802780335	138.0	11	1.05	0.95				
	102	2	56.61133103894738	11.672439389473686	0.0	0.0	1	1.0360869956613001	1.481849507204396	138.0	12	1.05	0.95				
	103	1	105.05195450526317	21.59401287052632	0.0	0.0	1	1.0256874981275903	0.10617654414203948	138.0	11	1.05	0.95				
	104	1	43.18802574105264	8.754329542105264	0.0	0.0	1	1.0201223644829123	-1.8337724170470338	138.0	11	1.05	0.95				
	105	1	41.43715983263158	8.17070757263158	0.0	0.0	1	1.0350910136699498	-1.7416565699255169	138.0	11	1.05	0.95				
	106	1	79.37258784842108	16.34141514526316	0.0	-100.0	1	1.0416304686569613	-4.1239148389379805	138.0	12	1.05	0.95				
	107	2	72.95274618421054	14.590549236842106	0.0	0.0	1	1.026877179038833	-3.050010862832057	138.0	12	1.05	0.95				
	108	1	99.79935678000001	20.42676893157895	0.0	0.0	1	1.0168231911698493	-4.748713766055439	138.0	12	1.05	0.95				
	109	1	102.13384465789474	21.010390901052634	0.0	0.0	1	1.0255677012522364	-2.197164262408085	138.0	13	1.05	0.95				
	110	1	113.80628404736844	23.344878778947372	0.0	0.0	1	1.05	-3.2401051697020393	138.0	13	1.05	0.95				
	111	1	0.0	0.0	0.0	0.0	1	1.0083805162213164	-0.24091232978523083	230.0	13	1.05	0.95				
	112	1	0.0	0.0	0.0	0.0	1	1.011781118134076	0.2234555224795451	230.0	13	1.05	0.95				
	113	3	154.65982191052632	31.51558635157895	0.0	0.0	1	1.0025280031246293	-1.034666148432475e-28	230.0	14	1.05	0.95				
	114	2	113.22266207789475	22.761256809473686	0.0	0.0	1	1.0088707399400965	2.117728595462415	230.0	16	1.05	0.95				
	115	2	185.00816432315793	37.351806046315794	0.0	0.0	1	1.042532109415727	9.399811204639311	230.0	16	1.05	0.95				
	116	2	58.362196947368425	11.672439389473686	0.0	0.0	1	1.0397516262849567	8.900897879773396	230.0	16	1.05	0.95				
	117	1	0.0	0.0	0.0	0.0	1	1.0433240529970094	11.905082206730363	230.0	17	1.05	0.95				
	118	2	194.34611583473688	39.68629392421054	0.0	0.0	1	1.0472116374341442	11.750037276733208	230.0	17	1.05	0.95				
	119	1	105.63557647473685	21.59401287052632	0.0	0.0	1	1.0324719453827993	7.395560786190175	230.0	15	1.05	0.95				
	120	1	74.70361209263159	15.174171206315792	0.0	0.0	1	1.0311120414167314	7.198300420650405	230.0	15	1.05	0.95				
	121	2	0.0	0.0	0.0	0.0	1	1.05	12.95395993886964	230.0	17	1.05	0.95				
	122	2	0.0	0.0	0.0	0.0	1	1.05	25.30561752512604	230.0	17	1.05	0.95				
	123	2	0.0	0.0	0.0	0.0	1	1.0316043754600341	7.531477070875841	230.0	15	1.05	0.95				
	124	1	0.0	0.0	0.0	0.0	1	1.0245434999694358	5.9431590577557545	230.0	16	1.05	0.95				
	201	2	55.62348495157895	11.33070989754386	0.0	0.0	2	1.03279606969499	-6.177212137506288	138.0	21	1.05	0.95				
	202	2	49.95813000280702	10.30064536140351	0.0	0.0	2	1.0330108743906727	-6.209927681362301	138.0	22	1.05	0.95				
	203	1	92.70580825263158	19.056193918596488	0.0	0.0	2	1.024639512988431	-5.2750818332752845	138.0	21	1.05	0.95				
	204	1	38.112387837192976	7.725484021052631	0.0	0.0	2	1.0195463424498128	-8.583483833731892	138.0	21	1.05	0.95				
	205	1	36.56729103298245	7.210451752982457	0.0	0.0	2	1.0347390375473289	-8.758614870695968	138.0	21	1.05	0.95				
	206	1	70.04438845754386	14.420903505964914	0.0	-100.0	2	1.0432995138089078	-10.697408385106838	138.0	22	1.05	0.95				
	207	2	64.37903350877193	12.875806701754385	0.0	0.0	2	0.9884963026967405	-18.503802238020427	138.0	22	1.05	0.95				
	208	1	88.07051784	18.026129382456137	0.0	0.0	2	0.9927117971745436	-16.10300051499929	138.0	22	1.05	0.95				
	209	1	90.1306469122807	18.541161650526313	0.0	0.0	2	1.0239440019493382	-8.435177864508843	138.0	23	1.05	0.95				
	210	1	100.43129227368422	20.60129072280702	0.0	0.0	2	1.05	-9.74847263419147	138.0	23	1.05	0.95				
	211	1	0.0	0.0	0.0	0.0	2	1.0095597368196967	-5.65576307328108	230.0	23	1.05	0.95				
	212	1	0.0	0.0	0.0	0.0	2	1.0116359341902266	-4.957380131256875	230.0	23	1.05	0.95				
	213	2	136.4835510385965	27.811742475789476	0.0	0.0	2	1.0054656719841257	-4.664270229666193	230.0	24	1.05	0.95				
	214	2	99.91626000561403	20.086258454736843	0.0	0.0	2	1.013415109012929	-3.0139221781071885	230.0	26	1.05	0.95				
	215	2	163.2652289782456	32.96206515649123	0.0	0.0	2	1.0327571975284846	3.8147358032491003	230.0	26	1.05	0.95				
	216	2	51.50322680701754	10.30064536140351	0.0	0.0	2	1.0343543875490904	3.8252096301899474	230.0	26	1.05	0.95				
	217	1	0.0	0.0	0.0	0.0	2	1.0393013084241254	6.678329815719227	230.0	27	1.05	0.95				
	218	2	171.5057452673684	35.02219422877193	0.0	0.0	2	1.040908494061608	7.184877516012137	230.0	27	1.05	0.95				
	219	1	93.22084052070176	19.056193918596488	0.0	0.0	2	1.033306679275648	3.071243697344431	230.0	25	1.05	0.95				
	220	1	65.92413031298246	13.390838969824562	0.0	0.0	2	1.0362770467365863	3.404540367282133	230.0	25	1.05	0.95				
	221	2	0.0	0.0	0.0	0.0	2	1.0404684519322955	6.817313268176602	230.0	27	1.05	0.95				
	222	2	0.0	0.0	0.0	0.0	2	1.05	13.265487173644601	230.0	27	1.05	0.95				
	223	2	0.0	0.0	0.0	0.0	2	1.038915873740399	3.972407421999564	230.0	25	1.05	0.95				
	224	1	0.0	0.0	0.0	0.0	2	1.018378001445507	0.403953599704758	230.0	26	1.05	0.95				
	301	2	65.27491298526316	13.296741534035087	0.0	0.0	3	1.0147330882453656	-16.49176177982115	138.0	31	1.05	0.95				
	302	2	58.6265422182456	12.087946849122806	0.0	0.0	3	1.0131866455193412	-16.855262264662944	138.0	32	1.05	0.95				
	303	1	108.79152164210527	22.36270167087719	0.0	0.0	3	1.05	-1.4205341105717895	138.0	31	1.05	0.95				
	304	1	44.72540334175438	9.065960136842104	0.0	0.0	3	1.0085712323429095	-15.177673056981686	138.0	31	1.05	0.95				
	305	1	42.91221131438596	8.461562794385966	0.0	0.0	3	1.0246496179290843	-17.169042559577974	138.0	31	1.05	0.95				
	306	1	82.19803857403508	16.92312558877193	0.0	-100.0	3	1.03655621768872	-18.223960538106017	138.0	32	1.05	0.95				
	307	2	75.54966780701754	15.109933561403507	0.0	0.0	3	0.9903112932383937	-24.916033357697838	138.0	32	1.05	0.95				
	308	1	103.35194555999998	21.15390698596491	0.0	0.0	3	0.9895745038065321	-22.004400863482665	138.0	32	1.05	0.95				
	309	1	105.76953492982454	21.758304328421048	0.0	0.0	3	1.025524408798148	-11.329613307565616	138.0	33	1.05	0.95				
	310	1	117.85748177894735	24.175893698245613	0.0	0.0	3	1.05	-15.910697801841318	138.0	33	1.05	0.95				
	311	1	0.0	0.0	0.0	0.0	3	1.0192681991408041	-9.346342540572989	230.0	33	1.05	0.95				
	312	1	0.0	0.0	0.0	0.0	3	1.0192056475456535	-8.81379696570016	230.0	33	1.05	0.95				
	313	2	160.16529575087716	32.63745649263158	0.0	0.0	3	1.0235608565368068	-6.405668833457794	230.0	34	1.05	0.95				
	314	2	117.2530844364912	23.571496355789474	0.0	0.0	3	1.0285606317735585	-7.656445680016756	230.0	36	1.05	0.95				
	315	2	191.5939575585965	38.68142991719298	0.0	0.0	3	1.048543881653159	-1.5004454056116148	230.0	36	1.05	0.95				
	316	2	60.43973424561403	12.087946849122806	0.0	0.0	3	1.0470610082596754	-1.6141112273037612	230.0	36	1.05	0.95				
	317	1	0.0	0.0	0.0	0.0	3	1.048553723054848	0.22111292238856922	230.0	37	1.05	0.95				
	318	2	201.26431503789473	41.09901928701754	0.0	0.0	3	1.0472194418952314	0.23340390838498754	230.0	37	1.05	0.95				
	319	1	109.3959189845614	22.36270167087719	0.0	0.0	3	1.041413178565544	-3.006588709050009	230.0	35	1.05	0.95				
	320	1	77.36285983438596	15.714330903859649	0.0	0.0	3	1.0415750766577379	-3.0826608344482445	230.0	35	1.05	0.95				
	321	2	0.0	0.0	0.0	0.0	3	1.05	1.1478839120326458	230.0	37	1.05	0.95				
	322	2	0.0	0.0	0.0	0.0	3	1.05	5.1296515181649465	230.0	37	1.05	0.95				
	323	2	0.0	0.0	0.0	0.0	3	1.0429780802820654	-2.677077863147771	230.0	35	1.05	0.95				
	324	1	0.0	0.0	0.0	0.0	3	1.0450154148194009	-1.45913543379467	230.0	36	1.05	0.95				
	325	1	0.0	0.0	0.0	0.0	3	1.038759940497843	-1.3848555456231615	230.0	35	1.05	0.95				
];
