%% MATPOWER Case Format : Version 2
function mpc = RTS_GMLC
mpc.version = '2';

%%-----  Power Flow Data  -----%%
%% system MVA base
mpc.baseMVA = 100.0;
%% bus data
%    bus_i    type    Pd    Qd    Gs    Bs    area    Vm    Va    baseKV    zone    Vmax    Vmin
mpc.bus = [
	101	2	43.419099448421065	8.844631369122807	0.0	0.0	1	1.0205703166532472	-0.5686477978833201	138.0	11	1.05	0.95				
	102	2	38.996783763859646	8.040573971929826	0.0	0.0	1	1.0181833122293213	-1.2101131746477096	138.0	12	1.05	0.95				
	103	1	72.36516574736844	14.875061848070176	0.0	0.0	1	1.0352333268015823	2.3867331897624338	138.0	11	1.05	0.95				
	104	1	29.750123696140353	6.030430478947368	0.0	0.0	1	1.016700066716561	-2.6512726962024313	138.0	11	1.05	0.95				
	105	1	28.54403760035088	5.6284017803508775	0.0	0.0	1	1.030070739231582	-2.979060932998935	138.0	11	1.05	0.95				
	106	1	54.67590300912282	11.256803560701755	0.0	-100.0	1	1.0431251738659808	-4.874270358864101	138.0	12	1.05	0.95				
	107	2	50.25358732456141	10.050717464912282	0.0	0.0	1	0.9994042611980698	-11.369165264731585	138.0	12	1.05	0.95				
	108	1	68.74690746	14.071004450877192	0.0	0.0	1	1.0035814230938744	-9.181362052880628	138.0	12	1.05	0.95				
	109	1	70.35502225438597	14.473033149473686	0.0	0.0	1	1.0251159887770709	-2.473056027475886	138.0	13	1.05	0.95				
	110	1	78.39559622631579	16.08114794385965	0.0	0.0	1	1.05	-4.114400352537106	138.0	13	1.05	0.95				
	111	1	0.0	0.0	0.0	0.0	1	1.006201917586021	-0.25618751991912797	230.0	13	1.05	0.95				
	112	1	0.0	0.0	0.0	0.0	1	1.0105131885076055	-1.0885976698683208	230.0	13	1.05	0.95				
	113	3	106.53760512807018	21.709549724210532	0.0	0.0	1	0.9998144645162809	-2.5907133700889084e-30	230.0	14	1.05	0.95				
	114	2	77.99356752771929	15.67911924526316	0.0	0.0	1	1.007166039331938	2.672023180256243	230.0	16	1.05	0.95				
	115	2	127.44309745508772	25.72983671017544	0.0	0.0	1	1.0435219043109762	10.767736399956558	230.0	16	1.05	0.95				
	116	2	40.20286985964913	8.040573971929826	0.0	0.0	1	1.0380256503496932	9.090517119977429	230.0	16	1.05	0.95				
	117	1	0.0	0.0	0.0	0.0	1	1.0443757766773276	13.503252196418847	230.0	17	1.05	0.95				
	118	2	133.8755566326316	27.33795150456141	0.0	0.0	1	1.0491663632586246	14.769746582108494	230.0	17	1.05	0.95				
	119	1	72.76719444596492	14.875061848070176	0.0	0.0	1	1.0274516397402629	5.869853877879001	230.0	15	1.05	0.95				
	120	1	51.45967342035088	10.452746163508774	0.0	0.0	1	1.022141207761537	3.190980499324327	230.0	15	1.05	0.95				
	121	2	0.0	0.0	0.0	0.0	1	1.05	16.371179537278362	230.0	17	1.05	0.95				
	122	2	0.0	0.0	0.0	0.0	1	1.05	21.75798358542391	230.0	17	1.05	0.95				
	123	2	0.0	0.0	0.0	0.0	1	1.0201818274739707	2.020449679379489	230.0	15	1.05	0.95				
	124	1	0.0	0.0	0.0	0.0	1	1.0297509093319404	7.624502009075749	230.0	16	1.05	0.95				
	201	2	42.380607600000005	8.633086733333334	0.0	0.0	2	1.0131124104017535	-16.742696726095577	138.0	21	1.05	0.95				
	202	2	38.06406423333333	7.848260666666667	0.0	0.0	2	1.0122040215948271	-17.034047027477076	138.0	22	1.05	0.95				
	203	1	70.63434600000001	14.519282233333334	0.0	0.0	2	1.0153101655714585	-12.557577524300482	138.0	21	1.05	0.95				
	204	1	29.038564466666667	5.8861954999999995	0.0	0.0	2	1.0119024481642462	-16.678695071666027	138.0	21	1.05	0.95				
	205	1	27.861325366666666	5.493782466666667	0.0	0.0	2	1.0268324743137944	-17.135091576387794	138.0	21	1.05	0.95				
	206	1	53.368172533333336	10.987564933333333	0.0	-100.0	2	1.042521064027426	-17.855717333711464	138.0	22	1.05	0.95				
	207	2	49.051629166666665	9.810325833333334	0.0	0.0	2	0.995030096584355	-22.506954922986136	138.0	22	1.05	0.95				
	208	1	67.1026287	13.734456166666664	0.0	0.0	2	1.0014431826716026	-20.75709378596865	138.0	22	1.05	0.95				
	209	1	68.67228083333333	14.1268692	0.0	0.0	2	1.0227798273093107	-14.759005249631592	138.0	23	1.05	0.95				
	210	1	76.5205415	15.696521333333335	0.0	0.0	2	1.05	-16.263058701015453	138.0	23	1.05	0.95				
	211	1	0.0	0.0	0.0	0.0	2	1.0047827432220684	-12.128865502645644	230.0	23	1.05	0.95				
	212	1	0.0	0.0	0.0	0.0	2	1.0091136201381536	-10.785759150073963	230.0	23	1.05	0.95				
	213	2	103.98945383333333	21.190303800000002	0.0	0.0	2	0.9989555041685758	-10.908642726078604	230.0	24	1.05	0.95				
	214	2	76.12812846666667	15.3041083	0.0	0.0	2	1.0057457674870478	-9.690664133294892	230.0	26	1.05	0.95				
	215	2	124.39493156666666	25.114434133333337	0.0	0.0	2	1.0232982764606593	-3.0131131272281606	230.0	26	1.05	0.95				
	216	2	39.241303333333335	7.848260666666667	0.0	0.0	2	1.0236997803943817	-3.868245479189154	230.0	26	1.05	0.95				
	217	1	0.0	0.0	0.0	0.0	2	1.0281900620627256	-1.7439996523298704	230.0	27	1.05	0.95				
	218	2	130.6735401	26.684086266666668	0.0	0.0	2	1.0279507133420973	-2.176747404701012	230.0	27	1.05	0.95				
	219	1	71.02675903333333	14.519282233333334	0.0	0.0	2	1.0227995959104108	-4.873928424397434	230.0	25	1.05	0.95				
	220	1	50.22886826666667	10.202738866666666	0.0	0.0	2	1.0246156803758	-4.975021100272326	230.0	25	1.05	0.95				
	221	2	0.0	0.0	0.0	0.0	2	1.0297653063632732	-1.65636235361139	230.0	27	1.05	0.95				
	222	2	0.0	0.0	0.0	0.0	2	1.0499999951559986	4.800808870185205	230.0	27	1.05	0.95				
	223	2	0.0	0.0	0.0	0.0	2	1.025992027480864	-4.727283001684852	230.0	25	1.05	0.95				
	224	1	0.0	0.0	0.0	0.0	2	1.0085551748719144	-6.595452073669488	230.0	26	1.05	0.95				
	301	2	63.82284085894737	13.000949063859649	0.0	0.0	3	0.9890902305890282	12.782867765496587	138.0	31	1.05	0.95				
	302	2	57.32236632701755	11.819044603508774	0.0	0.0	3	0.9887781087992692	12.787589863208865	138.0	32	1.05	0.95				
	303	1	106.37140143157895	21.86523251649123	0.0	0.0	3	1.014718728802185	14.272167514910027	138.0	31	1.05	0.95				
	304	1	43.73046503298246	8.864283452631579	0.0	0.0	3	0.9984829834721949	14.828037674377127	138.0	31	1.05	0.95				
	305	1	41.95760834245614	8.273331222456141	0.0	0.0	3	1.0100168797952824	15.049863438479273	138.0	31	1.05	0.95				
	306	1	80.36950330385966	16.546662444912283	0.0	-100.0	3	1.0303040200493527	15.639004869626874	138.0	32	1.05	0.95				
	307	2	73.86902877192982	14.773805754385966	0.0	0.0	3	0.9813037910332011	12.879552050320706	138.0	32	1.05	0.95				
	308	1	101.05283136	20.68332805614035	0.0	0.0	3	0.9979867253306339	15.462087215741805	138.0	32	1.05	0.95				
	309	1	103.41664028070177	21.27428028631579	0.0	0.0	3	1.0273598307569476	18.892465654995497	138.0	33	1.05	0.95				
	310	1	115.23568488421051	23.638089207017547	0.0	0.0	3	1.05	19.183953776475757	138.0	33	1.05	0.95				
	311	1	0.0	0.0	0.0	0.0	3	1.017923545525997	24.82937472238528	230.0	33	1.05	0.95				
	312	1	0.0	0.0	0.0	0.0	3	1.024401842157757	26.43412147859721	230.0	33	1.05	0.95				
	313	2	156.60234099649125	31.911420429473687	0.0	0.0	3	1.0447847698536026	33.98138141572371	230.0	34	1.05	0.95				
	314	2	114.6447326540351	23.047136976842108	0.0	0.0	3	1.0207174126264922	22.42214271134574	230.0	36	1.05	0.95				
	315	2	187.33185696561407	37.82094273122807	0.0	0.0	3	1.0438225634663347	14.268765725925675	230.0	36	1.05	0.95				
	316	2	59.095223017543866	11.819044603508774	0.0	0.0	3	1.046517248237938	15.968583872308745	230.0	36	1.05	0.95				
	317	1	0.0	0.0	0.0	0.0	3	1.05	13.799467657588334	230.0	37	1.05	0.95				
	318	2	196.78709264842107	40.18475165192983	0.0	0.0	3	1.0493087700880512	11.69736437900944	230.0	37	1.05	0.95				
	319	1	106.96235366175439	21.86523251649123	0.0	0.0	3	1.04502364403595	19.782078589056624	230.0	35	1.05	0.95				
	320	1	75.64188546245614	15.364757984561406	0.0	0.0	3	1.0467494434752675	22.354121648338317	230.0	35	1.05	0.95				
	321	2	0.0	0.0	0.0	0.0	3	1.0479544640998064	13.150962262476327	230.0	37	1.05	0.95				
	322	2	0.0	0.0	0.0	0.0	3	1.05	17.749868741631758	230.0	37	1.05	0.95				
	323	2	0.0	0.0	0.0	0.0	3	1.0476256231931989	23.280037358741023	230.0	35	1.05	0.95				
	324	1	0.0	0.0	0.0	0.0	3	1.0316958212097476	16.663251718165167	230.0	36	1.05	0.95				
	325	1	0.0	0.0	0.0	0.0	3	1.049316356639639	22.69817086732102	230.0	35	1.05	0.95				
];
