%% MATPOWER Case Format : Version 2
function mpc = RTS_GMLC
mpc.version = '2';

%%-----  Power Flow Data  -----%%
%% system MVA base
mpc.baseMVA = 100.0;
%% bus data
%    bus_i    type    Pd    Qd    Gs    Bs    area    Vm    Va    baseKV    zone    Vmax    Vmin
mpc.bus = [
	101	2	47.62741217684211	9.701880258245613	0.0	0.0	1	1.0325498918630232	2.761864973128284	138.0	11	1.05	0.95				
	102	2	42.776472047719295	8.819891143859648	0.0	0.0	1	1.0321439302521158	2.636527657827183	138.0	12	1.05	0.95				
	103	1	79.37902029473683	16.31679861614035	0.0	0.0	1	1.027936002631261	0.08244054393057612	138.0	11	1.05	0.95				
	104	1	32.6335972322807	6.614918357894736	0.0	0.0	1	1.0209615722686949	-0.6928377023259827	138.0	11	1.05	0.95				
	105	1	31.31061356070175	6.173923800701754	0.0	0.0	1	1.0351726050409147	-0.4207829226976291	138.0	11	1.05	0.95				
	106	1	59.975259778245615	12.347847601403508	0.0	-100.0	1	1.044771157670289	-2.6506392878988683	138.0	12	1.05	0.95				
	107	2	55.124319649122796	11.02486392982456	0.0	0.0	1	1.0162100904908915	-4.185758340938032	138.0	12	1.05	0.95				
	108	1	75.41006927999999	15.434809501754385	0.0	0.0	1	1.0146175127839538	-4.628651963353354	138.0	12	1.05	0.95				
	109	1	77.17404750877192	15.875804058947365	0.0	0.0	1	1.0254552922566997	-1.6281100700888889	138.0	13	1.05	0.95				
	110	1	85.99393865263157	17.639782287719296	0.0	0.0	1	1.05	-2.2541023497769803	138.0	13	1.05	0.95				
	111	1	0.0	0.0	0.0	0.0	1	1.003442639635735	-0.26930770637696394	230.0	13	1.05	0.95				
	112	1	0.0	0.0	0.0	0.0	1	1.0090357166712474	0.37146152184248615	230.0	13	1.05	0.95				
	113	3	116.86355765614034	23.813706088421053	0.0	0.0	1	0.9951348251282552	-1.7404472414329107e-30	230.0	14	1.05	0.95				
	114	2	85.55294409543859	17.198787730526316	0.0	0.0	1	0.9988122392798571	1.295263345457199	230.0	16	1.05	0.95				
	115	2	139.7952746301754	28.223651660350875	0.0	0.0	1	1.038642481674821	6.145934365428044	230.0	16	1.05	0.95				
	116	2	44.09945571929824	8.819891143859648	0.0	0.0	1	1.034083127912536	6.050603559315402	230.0	16	1.05	0.95				
	117	1	0.0	0.0	0.0	0.0	1	1.0423648219137545	7.368598218908321	230.0	17	1.05	0.95				
	118	2	146.85118754526314	29.987629889122807	0.0	0.0	1	1.0452191447763863	7.039792435585183	230.0	17	1.05	0.95				
	119	1	79.82001485192983	16.31679861614035	0.0	0.0	1	1.0283067420425072	5.5708439821788005	230.0	15	1.05	0.95				
	120	1	56.44730332070175	11.465858487017542	0.0	0.0	1	1.0262923218043818	6.009293644082038	230.0	15	1.05	0.95				
	121	2	0.0	0.0	0.0	0.0	1	1.05	7.739780679461997	230.0	17	1.05	0.95				
	122	2	0.0	0.0	0.0	0.0	1	1.05	15.17408680791348	230.0	17	1.05	0.95				
	123	2	0.0	0.0	0.0	0.0	1	1.0258984833705909	6.5916624065084335	230.0	15	1.05	0.95				
	124	1	0.0	0.0	0.0	0.0	1	1.0263257215795454	3.88431565429267	230.0	16	1.05	0.95				
	201	2	52.22351645052632	10.638123721403508	0.0	0.0	2	1.0305005867983996	-7.4231273990240885	138.0	21	1.05	0.95				
	202	2	46.90445458982456	9.67102156491228	0.0	0.0	2	1.0308885941438035	-7.42161384817983	138.0	22	1.05	0.95				
	203	1	87.03919408421052	17.891389895087716	0.0	0.0	2	1.0216445612817955	-6.350697038326797	138.0	21	1.05	0.95				
	204	1	35.78277979017543	7.25326617368421	0.0	0.0	2	1.0187638762398497	-9.76933170538441	138.0	21	1.05	0.95				
	205	1	34.33212655543859	6.769715095438597	0.0	0.0	2	1.0339970970031185	-9.973613838972572	138.0	21	1.05	0.95				
	206	1	65.7629466414035	13.539430190877194	0.0	-100.0	2	1.043677724421999	-11.860852713178007	138.0	22	1.05	0.95				
	207	2	60.44388478070175	12.08877695614035	0.0	0.0	2	0.9881730573637955	-19.146984657215715	138.0	22	1.05	0.95				
	208	1	82.68723437999999	16.92428773859649	0.0	0.0	2	0.9937483285478471	-16.920111852192047	138.0	22	1.05	0.95				
	209	1	84.62143869298245	17.4078388168421	0.0	0.0	2	1.0231551816283655	-9.720188338025856	138.0	23	1.05	0.95				
	210	1	94.29246025789473	19.34204312982456	0.0	0.0	2	1.05	-11.023760828599288	138.0	23	1.05	0.95				
	211	1	0.0	0.0	0.0	0.0	2	1.0082537720518088	-7.116976925809607	230.0	23	1.05	0.95				
	212	1	0.0	0.0	0.0	0.0	2	1.0117477028893282	-6.758656643182221	230.0	23	1.05	0.95				
	213	2	128.1410357350877	26.11175822526316	0.0	0.0	2	1.0030981752277857	-6.4818145671502325	230.0	24	1.05	0.95				
	214	2	93.80890917964912	18.858492051578946	0.0	0.0	2	1.0116257877821906	-4.335844808025693	230.0	26	1.05	0.95				
	215	2	153.28569180385963	30.947269007719296	0.0	0.0	2	1.0302479218319303	2.799169737630482	230.0	26	1.05	0.95				
	216	2	48.3551078245614	9.67102156491228	0.0	0.0	2	1.0328346637835941	2.5001164727862712	230.0	26	1.05	0.95				
	217	1	0.0	0.0	0.0	0.0	2	1.037232183230359	5.573994099013716	230.0	27	1.05	0.95				
	218	2	161.02250905578944	32.88147332070175	0.0	0.0	2	1.0391599405632055	6.161331776944982	230.0	27	1.05	0.95				
	219	1	87.52274516245613	17.891389895087716	0.0	0.0	2	1.032470177000353	1.0981559121033997	230.0	25	1.05	0.95				
	220	1	61.89453801543859	12.572328034385965	0.0	0.0	2	1.0359175810347532	0.812741848226654	230.0	25	1.05	0.95				
	221	2	0.0	0.0	0.0	0.0	2	1.038698670157251	5.794428605356866	230.0	27	1.05	0.95				
	222	2	0.0	0.0	0.0	0.0	2	1.05	12.208697586594917	230.0	27	1.05	0.95				
	223	2	0.0	0.0	0.0	0.0	2	1.0385596994995847	1.0188938941728711	230.0	25	1.05	0.95				
	224	1	0.0	0.0	0.0	0.0	2	1.0156465443169942	-0.6324400782179902	230.0	26	1.05	0.95				
	301	2	63.071179995789485	12.847832962105263	0.0	0.0	3	1.0093114037046087	-31.996408389788588	138.0	31	1.05	0.95				
	302	2	56.64726351473684	11.679848147368421	0.0	0.0	3	1.0084026573646265	-32.207855544147286	138.0	32	1.05	0.95				
	303	1	105.11863332631579	21.60771907263158	0.0	0.0	3	1.0318109874107873	-22.455124533074006	138.0	31	1.05	0.95				
	304	1	43.21543814526316	8.759886110526317	0.0	0.0	3	1.0077930765866385	-30.368206542240802	138.0	31	1.05	0.95				
	305	1	41.46346092315789	8.175893703157895	0.0	0.0	3	1.021842680243269	-31.5476303502559	138.0	31	1.05	0.95				
	306	1	79.42296740210527	16.35178740631579	0.0	-100.0	3	1.0359483284744058	-31.950075292879546	138.0	32	1.05	0.95				
	307	2	72.99905092105263	14.599810184210526	0.0	0.0	3	0.9929796409168302	-37.519539237202295	138.0	32	1.05	0.95				
	308	1	99.86270166	20.439734257894738	0.0	0.0	3	0.9937031502816326	-35.23508905096766	138.0	32	1.05	0.95				
	309	1	102.19867128947368	21.02372666526316	0.0	0.0	3	1.027442700357423	-26.483893522539464	138.0	33	1.05	0.95				
	310	1	113.87851943684211	23.359696294736843	0.0	0.0	3	1.05	-29.22359241591942	138.0	33	1.05	0.95				
	311	1	0.0	0.0	0.0	0.0	3	1.0187721950086526	-21.97145776691796	230.0	33	1.05	0.95				
	312	1	0.0	0.0	0.0	0.0	3	1.0182773950587485	-21.442880620428845	230.0	33	1.05	0.95				
	313	2	154.7579879526316	31.535589997894743	0.0	0.0	3	1.0256290188198167	-18.46080286147847	230.0	34	1.05	0.95				
	314	2	113.29452702947368	22.775703887368422	0.0	0.0	3	1.0303749435498581	-19.21746173583828	230.0	36	1.05	0.95				
	315	2	185.12559313578947	37.37551407157895	0.0	0.0	3	1.0486729590540353	-12.052653412282206	230.0	36	1.05	0.95				
	316	2	58.3992407368421	11.679848147368421	0.0	0.0	3	1.0491208817453432	-11.829708196175307	230.0	36	1.05	0.95				
	317	1	0.0	0.0	0.0	0.0	3	1.049744967309689	-8.922193915373978	230.0	37	1.05	0.95				
	318	2	194.46947165368422	39.711483701052636	0.0	0.0	3	1.0487976966843877	-8.585874606079738	230.0	37	1.05	0.95				
	319	1	105.70262573368421	21.60771907263158	0.0	0.0	3	1.0458254338187098	-13.198401779011345	230.0	35	1.05	0.95				
	320	1	74.7510281431579	15.18380259157895	0.0	0.0	3	1.0477503707758777	-13.297415387966343	230.0	35	1.05	0.95				
	321	2	0.0	0.0	0.0	0.0	3	1.05	-8.115177763438256	230.0	37	1.05	0.95				
	322	2	0.0	0.0	0.0	0.0	3	1.05	-2.892417191454295	230.0	37	1.05	0.95				
	323	2	0.0	0.0	0.0	0.0	3	1.0499999991870073	-12.924937058847707	230.0	35	1.05	0.95				
	324	1	0.0	0.0	0.0	0.0	3	1.0292820726018188	-15.92513787468994	230.0	36	1.05	0.95				
	325	1	0.0	0.0	0.0	0.0	3	1.0421368521442604	-11.251218237795197	230.0	35	1.05	0.95				
];
