%% MATPOWER Case Format : Version 2
function mpc = RTS_GMLC
mpc.version = '2';

%%-----  Power Flow Data  -----%%
%% system MVA base
mpc.baseMVA = 100.0;
%% bus data
%    bus_i    type    Pd    Qd    Gs    Bs    area    Vm    Va    baseKV    zone    Vmax    Vmin
mpc.bus = [
	101	2	50.406234555789474	10.26793666877193	0.0	0.0	1	1.0199870398819426	-3.6786819184842314	138.0	11	1.05	0.95				
	102	2	45.272266221403505	9.334487880701754	0.0	0.0	1	1.0189903720248914	-3.9322450906059867	138.0	12	1.05	0.95				
	103	1	84.0103909263158	17.268802579298246	0.0	0.0	1	1.0324088970091112	0.31252891583125325	138.0	11	1.05	0.95				
	104	1	34.53760515859649	7.000865910526315	0.0	0.0	1	1.0185048004018025	-4.236105716371387	138.0	11	1.05	0.95				
	105	1	33.13743197649123	6.5341415164912275	0.0	0.0	1	1.0291874390610674	-5.412322197505062	138.0	11	1.05	0.95				
	106	1	63.47451758877193	13.068283032982455	0.0	-100.0	1	1.041722703274896	-6.901015605876227	138.0	12	1.05	0.95				
	107	2	58.34054925438596	11.668109850877192	0.0	0.0	1	1.0006748549015947	-11.068785254426949	138.0	12	1.05	0.95				
	108	1	79.80987138	16.33535379122807	0.0	0.0	1	1.0034611941542433	-9.827200424621877	138.0	12	1.05	0.95				
	109	1	81.67676895614035	16.802078185263156	0.0	0.0	1	1.0257721705950689	-3.7329816826543274	138.0	13	1.05	0.95				
	110	1	91.01125683684211	18.66897576140351	0.0	0.0	1	1.05	-5.661172464069226	138.0	13	1.05	0.95				
	111	1	0.0	0.0	0.0	0.0	1	1.0085144840918328	-1.1025507553468152	230.0	13	1.05	0.95				
	112	1	0.0	0.0	0.0	0.0	1	1.0106134583657147	-1.68755021046742	230.0	13	1.05	0.95				
	113	3	123.68196441929824	25.203117277894737	0.0	0.0	1	1.0028912907211605	-9.646114172477351e-28	230.0	14	1.05	0.95				
	114	2	90.54453244280701	18.202251367368422	0.0	0.0	1	1.012421722375627	1.6244288632135042	230.0	16	1.05	0.95				
	115	2	147.9516329091228	29.870361218245613	0.0	0.0	1	1.0433943062126452	9.673216708385166	230.0	16	1.05	0.95				
	116	2	46.67243940350877	9.334487880701754	0.0	0.0	1	1.0381699049436695	8.224353245621252	230.0	16	1.05	0.95				
	117	1	0.0	0.0	0.0	0.0	1	1.0437894158021628	12.870527932744226	230.0	17	1.05	0.95				
	118	2	155.4192232136842	31.737258794385966	0.0	0.0	1	1.0493545782746827	13.890022250400632	230.0	17	1.05	0.95				
	119	1	84.47711532035088	17.268802579298246	0.0	0.0	1	1.0272052044189823	5.274299807113717	230.0	15	1.05	0.95				
	120	1	59.740722436491225	12.13483424491228	0.0	0.0	1	1.0218152876322726	2.9848417997405527	230.0	15	1.05	0.95				
	121	2	0.0	0.0	0.0	0.0	1	1.05	15.38616604560447	230.0	17	1.05	0.95				
	122	2	0.0	0.0	0.0	0.0	1	1.05	23.94409434579122	230.0	17	1.05	0.95				
	123	2	0.0	0.0	0.0	0.0	1	1.0199065558389424	2.0791229514144414	230.0	15	1.05	0.95				
	124	1	0.0	0.0	0.0	0.0	1	1.0275126778116213	6.1703152687586025	230.0	16	1.05	0.95				
	201	2	47.14056352421053	9.602707384561402	0.0	0.0	2	1.013580543998694	-11.425682926830154	138.0	21	1.05	0.95				
	202	2	42.33920983192982	8.729733985964911	0.0	0.0	2	1.0127659266433933	-11.65857331441955	138.0	22	1.05	0.95				
	203	1	78.56760587368422	16.150007874035087	0.0	0.0	2	1.014869063472597	-8.944417695565763	138.0	21	1.05	0.95				
	204	1	32.30001574807017	6.547300489473683	0.0	0.0	2	1.0119739869208124	-10.938925286016746	138.0	21	1.05	0.95				
	205	1	30.990555650175434	6.110813790175438	0.0	0.0	2	1.0263266359577774	-11.25742913495291	138.0	21	1.05	0.95				
	206	1	59.362191104561404	12.221627580350876	0.0	-100.0	2	1.0414061933841	-11.698737645657127	138.0	22	1.05	0.95				
	207	2	54.56083741228069	10.91216748245614	0.0	0.0	2	0.9961539485485779	-16.982369940749063	138.0	22	1.05	0.95				
	208	1	74.63922557999999	15.277034475438594	0.0	0.0	2	1.0006543289575076	-14.995880035595002	138.0	22	1.05	0.95				
	209	1	76.38517237719297	15.713521174736842	0.0	0.0	2	1.024363329078798	-8.549298717663124	138.0	23	1.05	0.95				
	210	1	85.11490636315789	17.459467971929822	0.0	0.0	2	1.05	-9.685176837806567	138.0	23	1.05	0.95				
	211	1	0.0	0.0	0.0	0.0	2	1.0051587635362509	-6.183385832905334	230.0	23	1.05	0.95				
	212	1	0.0	0.0	0.0	0.0	2	1.0123121903881485	-1.531963650889221	230.0	23	1.05	0.95				
	213	2	115.66897531403508	23.570281762105264	0.0	0.0	2	1.0014393271421995	-3.940253791107313	230.0	24	1.05	0.95				
	214	2	84.67841966385964	17.022981272631576	0.0	0.0	2	1.0024850248981052	-5.084832610573805	230.0	26	1.05	0.95				
	215	2	138.36628367754383	27.93514875508772	0.0	0.0	2	1.0223202611956295	-0.13529033004840796	230.0	26	1.05	0.95				
	216	2	43.64866992982456	8.729733985964911	0.0	0.0	2	1.0208738100351085	-0.852401167922151	230.0	26	1.05	0.95				
	217	1	0.0	0.0	0.0	0.0	2	1.0267617869692247	0.6095412440596997	230.0	27	1.05	0.95				
	218	2	145.35007086631578	29.681095552280702	0.0	0.0	2	1.026229396360067	0.23135366483376785	230.0	27	1.05	0.95				
	219	1	79.00409257298246	16.150007874035087	0.0	0.0	2	1.0199447669621924	-0.934367052407094	230.0	25	1.05	0.95				
	220	1	55.87029751017544	11.348654181754386	0.0	0.0	2	1.0221528088283809	-0.14416401445324223	230.0	25	1.05	0.95				
	221	2	0.0	0.0	0.0	0.0	2	1.0284293644255715	0.905232949448128	230.0	27	1.05	0.95				
	222	2	0.0	0.0	0.0	0.0	2	1.049999804310035	7.279285433912504	230.0	27	1.05	0.95				
	223	2	0.0	0.0	0.0	0.0	2	1.0241923337681116	0.6265703231108455	230.0	25	1.05	0.95				
	224	1	0.0	0.0	0.0	0.0	2	1.0086164488979152	-3.442313231626047	230.0	26	1.05	0.95				
	301	2	67.564062	13.763049666666666	0.0	0.0	3	0.9919047803816418	15.844785820912604	138.0	31	1.05	0.95				
	302	2	60.68253716666666	12.511863333333334	0.0	0.0	3	0.9913635710303039	15.701049360589638	138.0	32	1.05	0.95				
	303	1	112.60676999999998	23.146947166666664	0.0	0.0	3	1.0334354813560704	22.267259806656654	138.0	31	1.05	0.95				
	304	1	46.29389433333333	9.3838975	0.0	0.0	3	1.000703148319439	17.582444421555156	138.0	31	1.05	0.95				
	305	1	44.41711483333333	8.758304333333333	0.0	0.0	3	1.0117673502721516	17.126100515502433	138.0	31	1.05	0.95				
	306	1	85.08067066666666	17.516608666666666	0.0	-100.0	3	1.030276544382278	17.13882973334434	138.0	32	1.05	0.95				
	307	2	78.19914583333333	15.639829166666667	0.0	0.0	3	0.9868875225126676	13.98892562985835	138.0	32	1.05	0.95				
	308	1	106.9764315	21.89576083333333	0.0	0.0	3	1.000111664400429	16.768591060317135	138.0	32	1.05	0.95				
	309	1	109.47880416666666	22.521354	0.0	0.0	3	1.0303936865523082	21.648996663264768	138.0	33	1.05	0.95				
	310	1	121.99066749999999	25.02372666666667	0.0	0.0	3	1.05	20.408271364874796	138.0	33	1.05	0.95				
	311	1	0.0	0.0	0.0	0.0	3	1.0183165527226103	25.90907651998609	230.0	33	1.05	0.95				
	312	1	0.0	0.0	0.0	0.0	3	1.0248539793278135	27.16413666948135	230.0	33	1.05	0.95				
	313	2	165.78218916666665	33.782031	0.0	0.0	3	1.0387162188967765	33.499519155033745	230.0	34	1.05	0.95				
	314	2	121.36507433333333	24.3981335	0.0	0.0	3	1.0185724538784335	24.049489212921557	230.0	36	1.05	0.95				
	315	2	198.31303383333332	40.037962666666665	0.0	0.0	3	1.0446802710270238	17.939779043356683	230.0	36	1.05	0.95				
	316	2	62.55931666666667	12.511863333333334	0.0	0.0	3	1.0439146209962238	19.07246671224667	230.0	36	1.05	0.95				
	317	1	0.0	0.0	0.0	0.0	3	1.0498684572172718	18.064196686941173	230.0	37	1.05	0.95				
	318	2	208.3225245	42.54033533333333	0.0	0.0	3	1.0486005476542053	15.869046736405945	230.0	37	1.05	0.95				
	319	1	113.23236316666667	23.146947166666664	0.0	0.0	3	1.041872780182113	21.645014244090284	230.0	35	1.05	0.95				
	320	1	80.07592533333333	16.265422333333333	0.0	0.0	3	1.042953446776225	23.58446692059683	230.0	35	1.05	0.95				
	321	2	0.0	0.0	0.0	0.0	3	1.047796791633376	17.16353725506923	230.0	37	1.05	0.95				
	322	2	0.0	0.0	0.0	0.0	3	1.05	21.861168560501905	230.0	37	1.05	0.95				
	323	2	0.0	0.0	0.0	0.0	3	1.0431250936104228	24.14354785955016	230.0	35	1.05	0.95				
	324	1	0.0	0.0	0.0	0.0	3	1.0404148949602567	21.674454567464398	230.0	36	1.05	0.95				
	325	1	0.0	0.0	0.0	0.0	3	1.045153764986951	23.40494248994644	230.0	35	1.05	0.95				
];
