%% MATPOWER Case Format : Version 2
function mpc = RTS_GMLC
mpc.version = '2';

%%-----  Power Flow Data  -----%%
%% system MVA base
mpc.baseMVA = 100.0;
%% bus data
%    bus_i    type    Pd    Qd    Gs    Bs    area    Vm    Va    baseKV    zone    Vmax    Vmin
mpc.bus = [
	101	2	45.91736765052632	9.353537854736842	0.0	0.0	1	1.0362631220929222	2.5419172899612295	138.0	11	1.05	0.95				
	102	2	41.2405987231579	8.503216231578948	0.0	0.0	1	1.035849851992732	2.409449063313135	138.0	12	1.05	0.95				
	103	1	76.52894608421053	15.730950028421054	0.0	0.0	1	1.0294776068779563	0.08879049142740914	138.0	11	1.05	0.95				
	104	1	31.461900056842108	6.377412173684211	0.0	0.0	1	1.0226358175696943	-0.962427618178259	138.0	11	1.05	0.95				
	105	1	30.186417622105267	5.952251362105264	0.0	0.0	1	1.0372185928560897	-0.7040105008068227	138.0	11	1.05	0.95				
	106	1	57.82187037473685	11.904502724210529	0.0	-100.0	1	1.046062751979967	-2.961692394851709	138.0	12	1.05	0.95				
	107	2	53.145101447368425	10.629020289473685	0.0	0.0	1	1.000601449646293	-7.676586779824072	138.0	12	1.05	0.95				
	108	1	72.70249878	14.880628405263158	0.0	0.0	1	1.0049902234933508	-6.744895597908918	138.0	12	1.05	0.95				
	109	1	74.40314202631579	15.305789216842106	0.0	0.0	1	1.0249609057873401	-2.0090679977114734	138.0	13	1.05	0.95				
	110	1	82.90635825789474	17.006432463157896	0.0	0.0	1	1.05	-2.6654540080153066	138.0	13	1.05	0.95				
	111	1	0.0	0.0	0.0	0.0	1	1.0034268151131551	-0.3778389423420562	230.0	13	1.05	0.95				
	112	1	0.0	0.0	0.0	0.0	1	1.0083953061089133	0.10142880609066628	230.0	13	1.05	0.95				
	113	3	112.66761506842107	22.95868382526316	0.0	0.0	1	0.9951793430557753	-5.181631455517695e-29	230.0	14	1.05	0.95				
	114	2	82.4811974463158	16.581271651578948	0.0	0.0	1	0.9997346332473557	1.3812041997359272	230.0	16	1.05	0.95				
	115	2	134.7759772705263	27.210291941052635	0.0	0.0	1	1.0388733256984044	6.5024706238868575	230.0	16	1.05	0.95				
	116	2	42.51608115789474	8.503216231578948	0.0	0.0	1	1.034193789589928	6.310589996888668	230.0	16	1.05	0.95				
	117	1	0.0	0.0	0.0	0.0	1	1.042407507026808	7.8703459224320245	230.0	17	1.05	0.95				
	118	2	141.57855025578948	28.910935187368423	0.0	0.0	1	1.0453605898463463	7.663357834819889	230.0	17	1.05	0.95				
	119	1	76.9541068957895	15.730950028421054	0.0	0.0	1	1.0273746515661706	5.535291608808658	230.0	15	1.05	0.95				
	120	1	54.42058388210527	11.054181101052633	0.0	0.0	1	1.0243260070976263	5.685353047039854	230.0	15	1.05	0.95				
	121	2	0.0	0.0	0.0	0.0	1	1.05	8.440103902214425	230.0	17	1.05	0.95				
	122	2	0.0	0.0	0.0	0.0	1	1.05	15.731608405212864	230.0	17	1.05	0.95				
	123	2	0.0	0.0	0.0	0.0	1	1.0232225167572209	6.09866778068271	230.0	15	1.05	0.95				
	124	1	0.0	0.0	0.0	0.0	1	1.0267239315452839	4.104975284247947	230.0	16	1.05	0.95				
	201	2	44.21659058526316	9.007083267368422	0.0	0.0	2	1.0270364570394066	-5.07773331926596	138.0	21	1.05	0.95				
	202	2	39.71304895157895	8.188257515789475	0.0	0.0	2	1.0277511412979403	-4.931343414717337	138.0	22	1.05	0.95				
	203	1	73.69431764210526	15.14827640421053	0.0	0.0	2	1.0190570173057778	-5.3885507370894965	138.0	21	1.05	0.95				
	204	1	30.29655280842106	6.141193136842105	0.0	0.0	2	1.0188802858586934	-7.014720693098194	138.0	21	1.05	0.95				
	205	1	29.068314181052635	5.7317802610526325	0.0	0.0	2	1.0334491717581173	-7.139856705578656	138.0	21	1.05	0.95				
	206	1	55.680151107368424	11.463560522105265	0.0	-100.0	2	1.045234344381547	-8.668920655419596	138.0	22	1.05	0.95				
	207	2	51.17660947368421	10.235321894736844	0.0	0.0	2	0.9898773199590978	-14.760893548975027	138.0	22	1.05	0.95				
	208	1	70.00960176000001	14.329450652631579	0.0	0.0	2	0.997896368698287	-12.938430552259081	138.0	22	1.05	0.95				
	209	1	71.6472532631579	14.738863528421053	0.0	0.0	2	1.0231913775284556	-7.0396929586962065	138.0	23	1.05	0.95				
	210	1	79.83551077894737	16.37651503157895	0.0	0.0	2	1.05	-7.918347936376284	138.0	23	1.05	0.95				
	211	1	0.0	0.0	0.0	0.0	2	1.0038080271386869	-4.546184146703287	230.0	23	1.05	0.95				
	212	1	0.0	0.0	0.0	0.0	2	1.0090215568848253	-4.084926521771182	230.0	23	1.05	0.95				
	213	2	108.49441208421054	22.10829529263158	0.0	0.0	2	0.9970259930423626	-3.7512878413286166	230.0	24	1.05	0.95				
	214	2	79.4260979031579	15.967102155789476	0.0	0.0	2	1.0029551898199476	-2.180503007486533	230.0	26	1.05	0.95				
	215	2	129.78388162526318	26.202424050526318	0.0	0.0	2	1.0266248429667328	3.7014356038986413	230.0	26	1.05	0.95				
	216	2	40.941287578947374	8.188257515789475	0.0	0.0	2	1.0276858989394357	3.5832921238474693	230.0	26	1.05	0.95				
	217	1	0.0	0.0	0.0	0.0	2	1.0334949575450612	6.125333641890685	230.0	27	1.05	0.95				
	218	2	136.33448763789474	27.840075553684212	0.0	0.0	2	1.0350848856247397	6.613227897484549	230.0	27	1.05	0.95				
	219	1	74.10373051789475	15.14827640421053	0.0	0.0	2	1.0281445115299646	2.7393916363561197	230.0	25	1.05	0.95				
	220	1	52.404848101052636	10.644734770526316	0.0	0.0	2	1.031248983238568	2.804564917823862	230.0	25	1.05	0.95				
	221	2	0.0	0.0	0.0	0.0	2	1.0351524634953437	6.402339719783223	230.0	27	1.05	0.95				
	222	2	0.0	0.0	0.0	0.0	2	1.05	12.790690507662259	230.0	27	1.05	0.95				
	223	2	0.0	0.0	0.0	0.0	2	1.0334197021189033	3.1516166759992013	230.0	25	1.05	0.95				
	224	1	0.0	0.0	0.0	0.0	2	1.0125187859175007	0.28879686625190903	230.0	26	1.05	0.95				
	301	2	60.645365393684216	12.353685543157894	0.0	0.0	3	1.0118228970026426	-26.31570035384349	138.0	31	1.05	0.95				
	302	2	54.46852262210526	11.230623221052632	0.0	0.0	3	1.0106039561454845	-26.58172915453554	138.0	32	1.05	0.95				
	303	1	101.07560898947368	20.776652958947366	0.0	0.0	3	1.0419801483657694	-15.13982211307631	138.0	31	1.05	0.95				
	304	1	41.55330591789473	8.422967415789472	0.0	0.0	3	1.0092131652810352	-24.998303786003284	138.0	31	1.05	0.95				
	305	1	39.86871243473684	7.861436254736843	0.0	0.0	3	1.0236460559186606	-26.337047313618573	138.0	31	1.05	0.95				
	306	1	76.3682379031579	15.722872509473685	0.0	-100.0	3	1.0372056863091335	-26.984829303211093	138.0	32	1.05	0.95				
	307	2	70.19139513157894	14.03827902631579	0.0	0.0	3	0.9904949935077781	-33.34375513623835	138.0	32	1.05	0.95				
	308	1	96.02182854	19.653590636842104	0.0	0.0	3	0.9922597449906972	-30.685550655245233	138.0	32	1.05	0.95				
	309	1	98.26795318421053	20.215121797894735	0.0	0.0	3	1.0269422858259458	-21.409672935648665	138.0	33	1.05	0.95				
	310	1	109.49857640526315	22.461246442105264	0.0	0.0	3	1.05	-24.55561057475731	138.0	33	1.05	0.95				
	311	1	0.0	0.0	0.0	0.0	3	1.016738887537533	-17.85069818877813	230.0	33	1.05	0.95				
	312	1	0.0	0.0	0.0	0.0	3	1.017234876990335	-17.294001903124926	230.0	33	1.05	0.95				
	313	2	148.80575767894737	30.322682696842108	0.0	0.0	3	1.0212556799580204	-14.496100140613203	230.0	34	1.05	0.95				
	314	2	108.93704524421052	21.899715281052632	0.0	0.0	3	1.0255498823858131	-15.658177197869755	230.0	36	1.05	0.95				
	315	2	178.00537805368418	35.93799430736842	0.0	0.0	3	1.0471328209360449	-9.40446431159268	230.0	36	1.05	0.95				
	316	2	56.15311610526316	11.230623221052632	0.0	0.0	3	1.0462668486658804	-9.194481870859805	230.0	36	1.05	0.95				
	317	1	0.0	0.0	0.0	0.0	3	1.0482041186813948	-6.9761241815446295	230.0	37	1.05	0.95				
	318	2	186.9898766305263	38.18411895157895	0.0	0.0	3	1.0473641368708577	-6.699661306108716	230.0	37	1.05	0.95				
	319	1	101.63714015052632	20.776652958947366	0.0	0.0	3	1.0421461785468138	-10.386222728084423	230.0	35	1.05	0.95				
	320	1	71.87598861473684	14.59981018736842	0.0	0.0	3	1.0430481606429542	-10.36645449949333	230.0	35	1.05	0.95				
	321	2	0.0	0.0	0.0	0.0	3	1.049700085933857	-6.36070657278038	230.0	37	1.05	0.95				
	322	2	0.0	0.0	0.0	0.0	3	1.05	-2.257591999505615	230.0	37	1.05	0.95				
	323	2	0.0	0.0	0.0	0.0	3	1.0446693019932	-9.940605043654884	230.0	35	1.05	0.95				
	324	1	0.0	0.0	0.0	0.0	3	1.0371383247936952	-11.55775759036268	230.0	36	1.05	0.95				
	325	1	0.0	0.0	0.0	0.0	3	1.0387116374982988	-8.433875070413608	230.0	35	1.05	0.95				
];
