%% MATPOWER Case Format : Version 2
function mpc = RTS_GMLC
mpc.version = '2';

%%-----  Power Flow Data  -----%%
%% system MVA base
mpc.baseMVA = 100.0;
%% bus data
%    bus_i    type    Pd    Qd    Gs    Bs    area    Vm    Va    baseKV    zone    Vmax    Vmin
mpc.bus = [
	101	2	57.68728351578949	11.751113308771933	0.0	0.0	1	1.033864667403007	2.964296777901362	138.0	11	1.05	0.95				
	102	2	51.811726861403514	10.682830280701756	0.0	0.0	1	1.0339237914316861	2.9280917294821074	138.0	12	1.05	0.95				
	103	1	96.14547252631581	19.76323601929825	0.0	0.0	1	1.0262750780317549	0.8300417881983729	138.0	11	1.05	0.95				
	104	1	39.5264720385965	8.012122710526317	0.0	0.0	1	1.0199968837012372	-0.6477949279864945	138.0	11	1.05	0.95				
	105	1	37.924047496491234	7.47798119649123	0.0	0.0	1	1.0344402641584274	-0.48165867197587564	138.0	11	1.05	0.95				
	106	1	72.64324590877195	14.95596239298246	0.0	-100.0	1	1.042360705253013	-2.9068413977109304	138.0	12	1.05	0.95				
	107	2	66.76768925438597	13.353537850877196	0.0	0.0	1	1.0348019578980239	-2.038345367929075	138.0	12	1.05	0.95				
	108	1	91.33819890000001	18.69495299122807	0.0	0.0	1	1.022963634277514	-3.629848899868269	138.0	12	1.05	0.95				
	109	1	93.47476495614036	19.229094505263163	0.0	0.0	1	1.0256885405652176	-1.417153121702553	138.0	13	1.05	0.95				
	110	1	104.15759523684211	21.365660561403512	0.0	0.0	1	1.05	-2.29485228219437	138.0	13	1.05	0.95				
	111	1	0.0	0.0	0.0	0.0	1	1.005701092018194	0.10811225875144631	230.0	13	1.05	0.95				
	112	1	0.0	0.0	0.0	0.0	1	1.0111187640708525	0.5387508211371307	230.0	13	1.05	0.95				
	113	3	141.54750121929825	28.843641757894744	0.0	0.0	1	0.9992784620318934	3.4805316357342575e-31	230.0	14	1.05	0.95				
	114	2	103.62345372280703	20.831519047368424	0.0	0.0	1	1.0025486691809906	2.2810431018027466	230.0	16	1.05	0.95				
	115	2	169.32285994912283	34.18505689824562	0.0	0.0	1	1.040930504188838	9.005683251989941	230.0	16	1.05	0.95				
	116	2	53.41415140350878	10.682830280701756	0.0	0.0	1	1.0371851026189831	8.468559252515073	230.0	16	1.05	0.95				
	117	1	0.0	0.0	0.0	0.0	1	1.0443686465500335	10.883880418244797	230.0	17	1.05	0.95				
	118	2	177.86912417368424	36.32162295438597	0.0	0.0	1	1.047320496112765	11.242688824243892	230.0	17	1.05	0.95				
	119	1	96.6796140403509	19.76323601929825	0.0	0.0	1	1.0307787153332184	7.094884656183515	230.0	15	1.05	0.95				
	120	1	68.37011379649124	13.887679364912284	0.0	0.0	1	1.0295542531175614	6.923580719470599	230.0	15	1.05	0.95				
	121	2	0.0	0.0	0.0	0.0	1	1.05	11.80124409638421	230.0	17	1.05	0.95				
	122	2	0.0	0.0	0.0	0.0	1	1.05	17.95240177845281	230.0	17	1.05	0.95				
	123	2	0.0	0.0	0.0	0.0	1	1.0298976858525315	7.235782586838623	230.0	15	1.05	0.95				
	124	1	0.0	0.0	0.0	0.0	1	1.025018362326193	5.96112145472746	230.0	16	1.05	0.95				
	201	2	64.93939870736843	13.228396032982456	0.0	0.0	2	1.0323779232210157	-10.475290916107651	138.0	21	1.05	0.95				
	202	2	58.32520069087719	12.025814575438597	0.0	0.0	2	1.0325310577282658	-10.574113452697514	138.0	22	1.05	0.95				
	203	1	108.23233117894738	22.2477569645614	0.0	0.0	2	1.0232496666159678	-7.661221242076441	138.0	21	1.05	0.95				
	204	1	44.4955139291228	9.019360931578948	0.0	0.0	2	1.0174949196284746	-12.806300319974373	138.0	21	1.05	0.95				
	205	1	42.691641742807015	8.418070202807018	0.0	0.0	2	1.0333226730596476	-13.161350005259786	138.0	21	1.05	0.95				
	206	1	81.77553911298246	16.836140405614035	0.0	-100.0	2	1.0406774411407393	-15.240213016397025	138.0	22	1.05	0.95				
	207	2	75.16134109649121	15.032268219298246	0.0	0.0	2	0.9874210831225753	-24.294292884806204	138.0	22	1.05	0.95				
	208	1	102.82071462	21.04517550701754	0.0	0.0	2	0.9879382677330589	-21.40368046793291	138.0	22	1.05	0.95				
	209	1	105.22587753508772	21.64646623578947	0.0	0.0	2	1.0236359353692064	-12.190344946381131	138.0	23	1.05	0.95				
	210	1	117.2516921105263	24.051629150877194	0.0	0.0	2	1.05	-13.98438396484148	138.0	23	1.05	0.95				
	211	1	0.0	0.0	0.0	0.0	2	1.015946272599195	-8.994506785639913	230.0	23	1.05	0.95				
	212	1	0.0	0.0	0.0	0.0	2	1.0153736877853667	-8.197709008810092	230.0	23	1.05	0.95				
	213	2	159.3420431245614	32.46969935368421	0.0	0.0	2	1.0159767326723752	-7.86662556777686	230.0	24	1.05	0.95				
	214	2	116.65040138175438	23.45033842210526	0.0	0.0	2	1.0251390698466383	-5.895637012780534	230.0	26	1.05	0.95				
	215	2	190.60916102070172	38.48260664140351	0.0	0.0	2	1.0370622046136833	2.4153122798857223	230.0	26	1.05	0.95				
	216	2	60.12907287719298	12.025814575438597	0.0	0.0	2	1.0403630498379064	2.1487362594165953	230.0	26	1.05	0.95				
	217	1	0.0	0.0	0.0	0.0	2	1.0426342957863304	5.455215831726952	230.0	27	1.05	0.95				
	218	2	200.22981268105264	40.88776955649123	0.0	0.0	2	1.0446599198009063	6.015278064715878	230.0	27	1.05	0.95				
	219	1	108.8336219077193	22.2477569645614	0.0	0.0	2	1.0399412000387573	1.2429349109854297	230.0	25	1.05	0.95				
	220	1	76.96521328280701	15.633558948070176	0.0	0.0	2	1.0444426513564538	1.5930702969172934	230.0	25	1.05	0.95				
	221	2	0.0	0.0	0.0	0.0	2	1.044744322146175	5.901282102779456	230.0	27	1.05	0.95				
	222	2	0.0	0.0	0.0	0.0	2	1.05	12.232882702399058	230.0	27	1.05	0.95				
	223	2	0.0	0.0	0.0	0.0	2	1.0483052143911549	2.2246752462032546	230.0	25	1.05	0.95				
	224	1	0.0	0.0	0.0	0.0	2	1.0193514620857855	-1.3459063499594346	230.0	26	1.05	0.95				
	301	2	49.55836759578948	10.09522302877193	0.0	0.0	3	1.0085113991514656	-18.086765519765695	138.0	31	1.05	0.95				
	302	2	44.51075608140351	9.177475480701755	0.0	0.0	3	1.0079641320567516	-18.241747789460824	138.0	32	1.05	0.95				
	303	1	82.59727932631579	16.978329639298245	0.0	0.0	3	1.0303386331827646	-11.113519967294751	138.0	31	1.05	0.95				
	304	1	33.95665927859649	6.8831066105263154	0.0	0.0	3	1.0102564347141165	-16.802024856914624	138.0	31	1.05	0.95				
	305	1	32.580037956491225	6.424232836491228	0.0	0.0	3	1.023334360350043	-17.721833569273027	138.0	31	1.05	0.95				
	306	1	62.40683326877193	12.848465672982456	0.0	-100.0	3	1.039563727249868	-18.058717861939034	138.0	32	1.05	0.95				
	307	2	57.35922175438597	11.471844350877193	0.0	0.0	3	0.9927156799801367	-23.081842876914674	138.0	32	1.05	0.95				
	308	1	78.46741536	16.06058209122807	0.0	0.0	3	0.9981966290041483	-20.991624900066395	138.0	32	1.05	0.95				
	309	1	80.30291045614035	16.519455865263158	0.0	0.0	3	1.02675168261235	-13.748123946248958	138.0	33	1.05	0.95				
	310	1	89.4803859368421	18.35495096140351	0.0	0.0	3	1.05	-15.880217430184906	138.0	33	1.05	0.95				
	311	1	0.0	0.0	0.0	0.0	3	1.0102682366285438	-9.974090049983309	230.0	33	1.05	0.95				
	312	1	0.0	0.0	0.0	0.0	3	1.012634167704088	-9.506749249588992	230.0	33	1.05	0.95				
	313	2	121.60155011929825	24.77918379789474	0.0	0.0	3	1.0124811296329739	-6.567827562098817	230.0	34	1.05	0.95				
	314	2	89.02151216280701	17.896077187368423	0.0	0.0	3	1.0134115920560682	-8.037378207355147	230.0	36	1.05	0.95				
	315	2	145.4629863691228	29.367921538245618	0.0	0.0	3	1.0391270149515701	-2.9227300871179867	230.0	36	1.05	0.95				
	316	2	45.88737740350877	9.177475480701755	0.0	0.0	3	1.0376712779831112	-2.574182993389342	230.0	36	1.05	0.95				
	317	1	0.0	0.0	0.0	0.0	3	1.0426196412457587	-1.048724679663506	230.0	37	1.05	0.95				
	318	2	152.80496675368423	31.203416634385967	0.0	0.0	3	1.0430821181663967	-0.878459704653476	230.0	37	1.05	0.95				
	319	1	83.05615310035088	16.978329639298245	0.0	0.0	3	1.0330406731449633	-3.5363719903551956	230.0	35	1.05	0.95				
	320	1	58.735843076491236	11.930718124912282	0.0	0.0	3	1.0323012944110843	-3.4928530006232608	230.0	35	1.05	0.95				
	321	2	0.0	0.0	0.0	0.0	3	1.0452339554520103	-0.0646697195009867	230.0	37	1.05	0.95				
	322	2	0.0	0.0	0.0	0.0	3	1.05	3.8787333801016177	230.0	37	1.05	0.95				
	323	2	0.0	0.0	0.0	0.0	3	1.0325808870954343	-3.1198675619219944	230.0	35	1.05	0.95				
	324	1	0.0	0.0	0.0	0.0	3	1.0254183100220193	-5.992448256045364	230.0	36	1.05	0.95				
	325	1	0.0	0.0	0.0	0.0	3	1.0296149560949819	-1.8674634734636828	230.0	35	1.05	0.95				
];
