%% MATPOWER Case Format : Version 2
function mpc = RTS_GMLC
mpc.version = '2';

%%-----  Power Flow Data  -----%%
%% system MVA base
mpc.baseMVA = 100.0;
%% bus data
%    bus_i    type    Pd    Qd    Gs    Bs    area    Vm    Va    baseKV    zone    Vmax    Vmin
mpc.bus = [
	101	2	42.01632856421053	8.558881744561404	0.0	0.0	1	1.03408334797353	1.8877601559220964	138.0	11	1.05	0.95				
	102	2	37.73688769192983	7.780801585964914	0.0	0.0	1	1.0332053722664998	1.6378390771135642	138.0	12	1.05	0.95				
	103	1	70.02721427368421	14.394482934035087	0.0	0.0	1	1.0274750852180519	0.07222615793402466	138.0	11	1.05	0.95				
	104	1	28.788965868070175	5.835601189473684	0.0	0.0	1	1.0219172985732679	-1.3324954436075265	138.0	11	1.05	0.95				
	105	1	27.62184563017544	5.446561110175439	0.0	0.0	1	1.036775999318286	-1.0897598232513606	138.0	11	1.05	0.95				
	106	1	52.90945078456141	10.893122220350879	0.0	-100.0	1	1.046665213284976	-3.1998282695590348	138.0	12	1.05	0.95				
	107	2	48.630009912280705	9.726001982456141	0.0	0.0	1	1.0013093327671416	-8.589304780502614	138.0	12	1.05	0.95				
	108	1	66.52585356	13.616402775438596	0.0	0.0	1	1.005991244820393	-7.232332857757867	138.0	12	1.05	0.95				
	109	1	68.08201387719298	14.005442854736842	0.0	0.0	1	1.0241837883496907	-2.1845823790370553	138.0	13	1.05	0.95				
	110	1	75.8628154631579	15.561603171929828	0.0	0.0	1	1.05	-2.8830069858297653	138.0	13	1.05	0.95				
	111	1	0.0	0.0	0.0	0.0	1	1.0016252283115272	-0.43854491887048497	230.0	13	1.05	0.95				
	112	1	0.0	0.0	0.0	0.0	1	1.0067480475896458	-0.2763892435570098	230.0	13	1.05	0.95				
	113	3	103.09562101403509	21.008164282105266	0.0	0.0	1	0.9931319083932457	-5.632036197041957e-31	230.0	14	1.05	0.95				
	114	2	75.47377538385966	15.17256309263158	0.0	0.0	1	0.9971082633890038	1.4185389406726003	230.0	16	1.05	0.95				
	115	2	123.32570513754386	24.898565075087724	0.0	0.0	1	1.0314749252132243	6.623770104583031	230.0	16	1.05	0.95				
	116	2	38.904007929824566	7.780801585964914	0.0	0.0	1	1.0278880122884284	6.2909625373350995	230.0	16	1.05	0.95				
	117	1	0.0	0.0	0.0	0.0	1	1.035877581198669	8.64025143667336	230.0	17	1.05	0.95				
	118	2	129.5503464063158	26.454725392280704	0.0	0.0	1	1.0383849921592767	8.818736775027915	230.0	17	1.05	0.95				
	119	1	70.41625435298246	14.394482934035087	0.0	0.0	1	1.02110379132217	4.942239205002494	230.0	15	1.05	0.95				
	120	1	49.79713015017545	10.115042061754387	0.0	0.0	1	1.0179429669148132	4.529123786227648	230.0	15	1.05	0.95				
	121	2	0.0	0.0	0.0	0.0	1	1.0415929172201355	9.885518900236281	230.0	17	1.05	0.95				
	122	2	0.0	0.0	0.0	0.0	1	1.05	16.726048830215703	230.0	17	1.05	0.95				
	123	2	0.0	0.0	0.0	0.0	1	1.0165547207417194	4.607659512782259	230.0	15	1.05	0.95				
	124	1	0.0	0.0	0.0	0.0	1	1.0212878765989413	4.158463451945205	230.0	16	1.05	0.95				
	201	2	41.08861955368422	8.369903983157895	0.0	0.0	2	1.0183778489366202	-9.91932407591423	138.0	21	1.05	0.95				
	202	2	36.90366756210526	7.609003621052633	0.0	0.0	2	1.018177285138875	-10.007271604537072	138.0	22	1.05	0.95				
	203	1	68.48103258947368	14.076656698947371	0.0	0.0	2	1.0164030747185806	-7.815756649598542	138.0	21	1.05	0.95				
	204	1	28.153313397894742	5.706752715789474	0.0	0.0	2	1.0150924014205445	-10.480764927200381	138.0	21	1.05	0.95				
	205	1	27.011962854736844	5.326302534736843	0.0	0.0	2	1.0297059091216993	-10.78886028961922	138.0	21	1.05	0.95				
	206	1	51.7412246231579	10.652605069473687	0.0	-100.0	2	1.0442250552090842	-11.707666998729044	138.0	22	1.05	0.95				
	207	2	47.556272631578956	9.51125452631579	0.0	0.0	2	0.995152769095328	-16.617793826760074	138.0	22	1.05	0.95				
	208	1	65.05698096	13.315756336842105	0.0	0.0	2	1.002030223015964	-14.932700294247672	138.0	22	1.05	0.95				
	209	1	66.57878168421053	13.696206517894737	0.0	0.0	2	1.022880262789562	-9.288396844492883	138.0	23	1.05	0.95				
	210	1	74.18778530526316	15.218007242105266	0.0	0.0	2	1.05	-10.438889283191989	138.0	23	1.05	0.95				
	211	1	0.0	0.0	0.0	0.0	2	1.0034351218733575	-6.596546689583382	230.0	23	1.05	0.95				
	212	1	0.0	0.0	0.0	0.0	2	1.0065519265384761	-5.760122483307147	230.0	23	1.05	0.95				
	213	2	100.81929797894738	20.54430977684211	0.0	0.0	2	0.9979853289175705	-5.237159892552079	230.0	24	1.05	0.95				
	214	2	73.80733512421052	14.837557061052634	0.0	0.0	2	1.0022141891614706	-4.38157409343579	230.0	26	1.05	0.95				
	215	2	120.60270739368421	24.348811587368424	0.0	0.0	2	1.019272690322125	1.0318706364686971	230.0	26	1.05	0.95				
	216	2	38.04501810526316	7.609003621052633	0.0	0.0	2	1.0204670517662817	1.0519689136534474	230.0	26	1.05	0.95				
	217	1	0.0	0.0	0.0	0.0	2	1.0252935808785153	2.5219727402020156	230.0	27	1.05	0.95				
	218	2	126.68991029052634	25.87061231157895	0.0	0.0	2	1.0245927275883935	2.0562341510716937	230.0	27	1.05	0.95				
	219	1	68.86148277052632	14.076656698947371	0.0	0.0	2	1.0213782196752843	1.1789516195410692	230.0	25	1.05	0.95				
	220	1	48.69762317473685	9.891704707368422	0.0	0.0	2	1.0245231008461866	2.039295050709844	230.0	25	1.05	0.95				
	221	2	0.0	0.0	0.0	0.0	2	1.02643293597375	2.519937773528458	230.0	27	1.05	0.95				
	222	2	0.0	0.0	0.0	0.0	2	1.04836571789454	9.031398904415553	230.0	27	1.05	0.95				
	223	2	0.0	0.0	0.0	0.0	2	1.0268257371431402	2.804244081972002	230.0	25	1.05	0.95				
	224	1	0.0	0.0	0.0	0.0	2	1.0072764969465169	-2.3057935469263353	230.0	26	1.05	0.95				
	301	2	39.83802593684211	8.115153431578948	0.0	0.0	3	1.0110356690953193	-12.883861564722757	138.0	31	1.05	0.95				
	302	2	35.780449221052635	7.377412210526317	0.0	0.0	3	1.0110036769829736	-12.968584379748185	138.0	32	1.05	0.95				
	303	1	66.39670989473684	13.648212589473685	0.0	0.0	3	1.0221450443952027	-8.535903951728967	138.0	31	1.05	0.95				
	304	1	27.29642517894737	5.533059157894737	0.0	0.0	3	1.0128245949032346	-11.662553141558021	138.0	31	1.05	0.95				
	305	1	26.189813347368425	5.164188547368422	0.0	0.0	3	1.0258975012377674	-12.372413910790437	138.0	31	1.05	0.95				
	306	1	50.16640303157895	10.328377094736844	0.0	-100.0	3	1.042915295324216	-12.545047802958777	138.0	32	1.05	0.95				
	307	2	46.10882631578947	9.221765263157895	0.0	0.0	3	0.9917157596680162	-16.34214345140124	138.0	32	1.05	0.95				
	308	1	63.07687440000001	12.910471368421053	0.0	0.0	3	1.0010081331811687	-14.740540004289375	138.0	32	1.05	0.95				
	309	1	64.55235684210527	13.279341978947368	0.0	0.0	3	1.0252642518132744	-9.075868143466064	138.0	33	1.05	0.95				
	310	1	71.92976905263158	14.754824421052634	0.0	0.0	3	1.05	-10.671060565641172	138.0	33	1.05	0.95				
	311	1	0.0	0.0	0.0	0.0	3	1.0030615197013133	-5.652360036845814	230.0	33	1.05	0.95				
	312	1	0.0	0.0	0.0	0.0	3	1.0080563382498555	-5.305737795373261	230.0	33	1.05	0.95				
	313	2	97.75071178947368	19.919012968421054	0.0	0.0	3	1.0057794202309076	-2.3820498259287635	230.0	34	1.05	0.95				
	314	2	71.56089844210527	14.385953810526317	0.0	0.0	3	0.9969039328516169	-4.14089893298778	230.0	36	1.05	0.95				
	315	2	116.93198353684211	23.607719073684212	0.0	0.0	3	1.0271791686515832	-0.22611350408344913	230.0	36	1.05	0.95				
	316	2	36.88706105263158	7.377412210526317	0.0	0.0	3	1.0254498549965263	0.13319678300330645	230.0	36	1.05	0.95				
	317	1	0.0	0.0	0.0	0.0	3	1.0371334500720513	3.985097362465938	230.0	37	1.05	0.95				
	318	2	122.83391330526317	25.083201515789476	0.0	0.0	3	1.0346602305581292	2.6672193665996806	230.0	37	1.05	0.95				
	319	1	66.76558050526317	13.648212589473685	0.0	0.0	3	1.0192841764011011	-0.7002037503963595	230.0	35	1.05	0.95				
	320	1	47.215438147368424	9.590635873684212	0.0	0.0	3	1.016214125246535	-0.6973403560334219	230.0	35	1.05	0.95				
	321	2	0.0	0.0	0.0	0.0	3	1.0347223900099571	2.288748726296349	230.0	37	1.05	0.95				
	322	2	0.0	0.0	0.0	0.0	3	1.0495632117326636	7.264129207077856	230.0	37	1.05	0.95				
	323	2	0.0	0.0	0.0	0.0	3	1.0148299992114027	-0.4030292428579295	230.0	35	1.05	0.95				
	324	1	0.0	0.0	0.0	0.0	3	1.0148722954476317	-3.3530722216947795	230.0	36	1.05	0.95				
	325	1	0.0	0.0	0.0	0.0	3	1.0148748031571941	0.4830760933636516	230.0	35	1.05	0.95				
];
