%% MATPOWER Case Format : Version 2
function mpc = RTS_GMLC
mpc.version = '2';

%%-----  Power Flow Data  -----%%
%% system MVA base
mpc.baseMVA = 100.0;
%% bus data
%    bus_i    type    Pd    Qd    Gs    Bs    area    Vm    Va    baseKV    zone    Vmax    Vmin
mpc.bus = [
	101	2	37.70113805052632	7.679861454736843	0.0	0.0	1	0.9878714533799592	-5.798233678400697	138.0	11	1.05	0.95				
	102	2	33.86120732315789	6.981692231578948	0.0	0.0	1	0.9877566426828914	-5.970241561771108	138.0	12	1.05	0.95				
	103	1	62.83523008421052	12.916130628421051	0.0	0.0	1	1.0201210537787118	0.8043807217716508	138.0	11	1.05	0.95				
	104	1	25.832261256842102	5.23626917368421	0.0	0.0	1	1.0028814706865516	-5.20289727486177	138.0	11	1.05	0.95				
	105	1	24.785007422105263	4.887184562105264	0.0	0.0	1	1.0145076622840747	-6.003708461857381	138.0	11	1.05	0.95				
	106	1	47.47550717473685	9.774369124210528	0.0	-100.0	1	1.0377794582439224	-6.566660064444939	138.0	12	1.05	0.95				
	107	2	43.63557644736842	8.727115289473684	0.0	0.0	1	0.9874282097547413	-10.408613728591849	138.0	12	1.05	0.95				
	108	1	59.69346858	12.217961405263157	0.0	0.0	1	0.9991329729393026	-8.811628704645978	138.0	12	1.05	0.95				
	109	1	61.08980702631579	12.567046016842104	0.0	0.0	1	1.0251579828416695	-3.131579745205671	138.0	13	1.05	0.95				
	110	1	68.07149925789474	13.963384463157896	0.0	0.0	1	1.05	-5.064910528579371	138.0	13	1.05	0.95				
	111	1	0.0	0.0	0.0	0.0	1	1.018067114221663	0.02114831749239106	230.0	13	1.05	0.95				
	112	1	0.0	0.0	0.0	0.0	1	1.0133000407592447	-1.2230720715975782	230.0	13	1.05	0.95				
	113	3	92.50742206842105	18.85056902526316	0.0	0.0	1	0.9985198745220486	4.5300276738593144e-30	230.0	14	1.05	0.95				
	114	2	67.72241464631578	13.614299851578949	0.0	0.0	1	1.0466860891616285	4.060108532045804	230.0	16	1.05	0.95				
	115	2	110.65982187052632	22.341415141052636	0.0	0.0	1	1.039231829089687	13.979237918271341	230.0	16	1.05	0.95				
	116	2	34.908461157894735	6.981692231578948	0.0	0.0	1	1.0403291140333673	12.075277997865058	230.0	16	1.05	0.95				
	117	1	0.0	0.0	0.0	0.0	1	1.0386204809381814	18.315384423280115	230.0	17	1.05	0.95				
	118	2	116.2451756557895	23.737753587368424	0.0	0.0	1	1.0472151081090644	19.013980184299523	230.0	17	1.05	0.95				
	119	1	63.18431469578948	12.916130628421051	0.0	0.0	1	1.0368605878441814	7.664615917933314	230.0	15	1.05	0.95				
	120	1	44.68283028210527	9.076199901052632	0.0	0.0	1	1.0402643019762343	4.503239786157608	230.0	15	1.05	0.95				
	121	2	0.0	0.0	0.0	0.0	1	1.0403424498792704	20.57163344289276	230.0	17	1.05	0.95				
	122	2	0.0	0.0	0.0	0.0	1	1.05	38.55672628614673	230.0	17	1.05	0.95				
	123	2	0.0	0.0	0.0	0.0	1	1.0431265648223207	3.034934244634846	230.0	15	1.05	0.95				
	124	1	0.0	0.0	0.0	0.0	1	1.0154447052277078	9.080308028253542	230.0	16	1.05	0.95				
	201	2	39.06563828210526	7.957815205614035	0.0	0.0	2	1.0079819111261632	-14.759635892250376	138.0	21	1.05	0.95				
	202	2	35.08673067929824	7.2343774596491235	0.0	0.0	2	1.0070184931723538	-15.042455873978975	138.0	22	1.05	0.95				
	203	1	65.1093971368421	13.383598300350878	0.0	0.0	2	1.0133846799007522	-11.088959574654133	138.0	21	1.05	0.95				
	204	1	26.767196600701755	5.425783094736842	0.0	0.0	2	1.0102669236994577	-14.83532451197481	138.0	21	1.05	0.95				
	205	1	25.682039981754386	5.0640642217543865	0.0	0.0	2	1.0246476259114674	-15.236125774208103	138.0	21	1.05	0.95				
	206	1	49.19376672561404	10.128128443508773	0.0	-100.0	2	1.0421153020499463	-15.976333078590981	138.0	22	1.05	0.95				
	207	2	45.21485912280701	9.042971824561404	0.0	0.0	2	0.991154427618386	-20.19709052221915	138.0	22	1.05	0.95				
	208	1	61.85392728	12.660160554385962	0.0	0.0	2	1.0004433129258514	-18.627472318590986	138.0	22	1.05	0.95				
	209	1	63.300802771929824	13.021879427368422	0.0	0.0	2	1.022851778398861	-13.158417550222964	138.0	23	1.05	0.95				
	210	1	70.53518023157895	14.468754919298247	0.0	0.0	2	1.05	-14.540445570746634	138.0	23	1.05	0.95				
	211	1	0.0	0.0	0.0	0.0	2	1.005031213001906	-10.487370303057904	230.0	23	1.05	0.95				
	212	1	0.0	0.0	0.0	0.0	2	1.0113887576251404	-9.817571617168333	230.0	23	1.05	0.95				
	213	2	95.85550134035088	19.53281914105263	0.0	0.0	2	1.0017355415162696	-9.23270183085754	230.0	24	1.05	0.95				
	214	2	70.17346135859648	14.107036046315791	0.0	0.0	2	1.003897713323286	-8.100857348839037	230.0	26	1.05	0.95				
	215	2	114.6648827354386	23.150007870877193	0.0	0.0	2	1.0258441695576992	-1.9603212057360453	230.0	26	1.05	0.95				
	216	2	36.171887298245615	7.2343774596491235	0.0	0.0	2	1.0284561091991846	-2.6220055897649237	230.0	26	1.05	0.95				
	217	1	0.0	0.0	0.0	0.0	2	1.0347704226463783	-0.5247325879376844	230.0	27	1.05	0.95				
	218	2	120.45238470315789	24.59688336280702	0.0	0.0	2	1.033221422914807	-0.9386371126219225	230.0	27	1.05	0.95				
	219	1	65.47111600982456	13.383598300350878	0.0	0.0	2	1.0334061627180016	-2.8195493145981647	230.0	25	1.05	0.95				
	220	1	46.300015741754386	9.40469069754386	0.0	0.0	2	1.039725594018391	-2.2923540404871043	230.0	25	1.05	0.95				
	221	2	0.0	0.0	0.0	0.0	2	1.033542609695408	-0.48236874878395963	230.0	27	1.05	0.95				
	222	2	0.0	0.0	0.0	0.0	2	1.05	5.997635310512024	230.0	27	1.05	0.95				
	223	2	0.0	0.0	0.0	0.0	2	1.0435258123805602	-1.7344036210494524	230.0	25	1.05	0.95				
	224	1	0.0	0.0	0.0	0.0	2	1.0098707508546352	-5.36994442804969	230.0	26	1.05	0.95				
	301	2	43.63049667789474	8.8876937677193	0.0	0.0	3	1.0140808158672534	16.3883738941852	138.0	31	1.05	0.95				
	302	2	39.18664979403509	8.079721607017545	0.0	0.0	3	1.0126189240191967	16.03181624436254	138.0	32	1.05	0.95				
	303	1	72.7174944631579	14.947484972982458	0.0	0.0	3	1.05	31.35445630603841	138.0	31	1.05	0.95				
	304	1	29.894969945964917	6.059791205263158	0.0	0.0	3	1.0077217331978434	17.350847281018396	138.0	31	1.05	0.95				
	305	1	28.683011704912282	5.655805124912281	0.0	0.0	3	1.0234305356021114	14.62761893273007	138.0	31	1.05	0.95				
	306	1	54.942106927719315	11.311610249824563	0.0	-100.0	3	1.0363180385008488	13.143172140623346	138.0	32	1.05	0.95				
	307	2	50.49826004385965	10.099652008771931	0.0	0.0	3	0.95	10.066957895407574	138.0	32	1.05	0.95				
	308	1	69.08161974000001	14.139512812280703	0.0	0.0	3	0.9713009418809501	11.788737466337022	138.0	32	1.05	0.95				
	309	1	70.69756406140351	14.543498892631579	0.0	0.0	3	1.016131918092092	20.123813376865726	138.0	33	1.05	0.95				
	310	1	78.77728566842106	16.15944321403509	0.0	0.0	3	1.0427616828036694	14.16841133172673	138.0	33	1.05	0.95				
	311	1	0.0	0.0	0.0	0.0	3	1.0047173824581308	17.569923147735352	230.0	33	1.05	0.95				
	312	1	0.0	0.0	0.0	0.0	3	1.0095870587273912	17.480316243430966	230.0	33	1.05	0.95				
	313	2	107.05631129298247	21.81524833894737	0.0	0.0	3	1.003108518341012	17.25210482195423	230.0	34	1.05	0.95				
	314	2	78.37329958807018	15.755457133684214	0.0	0.0	3	1.0022150918274104	18.367016407239447	230.0	36	1.05	0.95				
	315	2	128.0635874712281	25.855109142456143	0.0	0.0	3	1.05	22.37603969339866	230.0	36	1.05	0.95				
	316	2	40.398608035087726	8.079721607017545	0.0	0.0	3	1.0376774291714412	21.832494334351686	230.0	36	1.05	0.95				
	317	1	0.0	0.0	0.0	0.0	3	1.05	26.49095630001092	230.0	37	1.05	0.95				
	318	2	134.52736475684213	27.471053463859658	0.0	0.0	3	1.0444837369934943	22.818618820674427	230.0	37	1.05	0.95				
	319	1	73.12148054350878	14.947484972982458	0.0	0.0	3	1.0274270980350582	19.938975928139918	230.0	35	1.05	0.95				
	320	1	51.71021828491229	10.50363808912281	0.0	0.0	3	1.0217721459817075	19.058972464635783	230.0	35	1.05	0.95				
	321	2	0.0	0.0	0.0	0.0	3	1.0471090094952262	23.353582254352506	230.0	37	1.05	0.95				
	322	2	0.0	0.0	0.0	0.0	3	1.05	28.92967333542977	230.0	37	1.05	0.95				
	323	2	0.0	0.0	0.0	0.0	3	1.0190717752022782	18.88769168598616	230.0	35	1.05	0.95				
	324	1	0.0	0.0	0.0	0.0	3	1.0471009557230877	25.808011467551353	230.0	36	1.05	0.95				
	325	1	0.0	0.0	0.0	0.0	3	1.0213856757146722	19.042175484520126	230.0	35	1.05	0.95				
];
