%% MATPOWER Case Format : Version 2
function mpc = RTS_GMLC
mpc.version = '2';

%%-----  Power Flow Data  -----%%
%% system MVA base
mpc.baseMVA = 100.0;
%% bus data
%    bus_i    type    Pd    Qd    Gs    Bs    area    Vm    Va    baseKV    zone    Vmax    Vmin
mpc.bus = [
	101	2	81.65462642526316	16.63334982736842	0.0	0.0	1	1.041431639711914	0.7195431229435013	138.0	11	1.05	0.95				
	102	2	73.33795151157894	15.121227115789473	0.0	0.0	1	1.0411499422100405	0.558364196243655	138.0	12	1.05	0.95				
	103	1	136.09104404210527	27.974270164210523	0.0	0.0	1	1.0271657552942226	-0.37253576247567066	138.0	11	1.05	0.95				
	104	1	55.948540328421046	11.340920336842105	0.0	0.0	1	1.0224303598422224	-2.8276957102828204	138.0	11	1.05	0.95				
	105	1	53.68035626105263	10.584858981052632	0.0	0.0	1	1.034955787690282	-3.3049308002907365	138.0	11	1.05	0.95				
	106	1	102.82434438736843	21.169717962105263	0.0	-100.0	1	1.0373426043967744	-6.263533240180205	138.0	12	1.05	0.95				
	107	2	94.5076694736842	18.90153389473684	0.0	0.0	1	1.05	-4.460238471153547	138.0	12	1.05	0.95				
	108	1	129.28649184	26.462147452631573	0.0	0.0	1	1.0256005226637015	-6.708435654493228	138.0	12	1.05	0.95				
	109	1	132.3107372631579	27.218208808421053	0.0	0.0	1	1.0273574457757635	-3.511919504462736	138.0	13	1.05	0.95				
	110	1	147.43196437894736	30.242454231578947	0.0	0.0	1	1.05	-5.043534551420853	138.0	13	1.05	0.95				
	111	1	0.0	0.0	0.0	0.0	1	1.012940646723024	-1.2563071431831998	230.0	13	1.05	0.95				
	112	1	0.0	0.0	0.0	0.0	1	1.0164216113265658	-0.5311078985982152	230.0	13	1.05	0.95				
	113	3	200.35625928421052	40.82731321263158	0.0	0.0	1	1.013043680486809	-8.864264470394937e-28	230.0	14	1.05	0.95				
	114	2	146.67590302315787	29.486392875789473	0.0	0.0	1	1.0134016660274396	0.7293836095686842	230.0	16	1.05	0.95				
	115	2	239.67144978526312	48.38792677052631	0.0	0.0	1	1.0441978464920905	8.642436500963765	230.0	16	1.05	0.95				
	116	2	75.60613557894736	15.121227115789473	0.0	0.0	1	1.0421995016011956	8.085359359320298	230.0	16	1.05	0.95				
	117	1	0.0	0.0	0.0	0.0	1	1.0467234096183606	11.262314070879485	230.0	17	1.05	0.95				
	118	2	251.76843147789475	51.41217219368421	0.0	0.0	1	1.0493174036277013	11.973426909313053	230.0	17	1.05	0.95				
	119	1	136.84710539789472	27.974270164210523	0.0	0.0	1	1.0362745474696367	6.778606098184883	230.0	15	1.05	0.95				
	120	1	96.77585354105263	19.657595250526317	0.0	0.0	1	1.0368125880856063	6.570056529649032	230.0	15	1.05	0.95				
	121	2	0.0	0.0	0.0	0.0	1	1.05	12.548294086230893	230.0	17	1.05	0.95				
	122	2	0.0	0.0	0.0	0.0	1	1.05	18.804459057903824	230.0	17	1.05	0.95				
	123	2	0.0	0.0	0.0	0.0	1	1.0391355054160933	7.016832797536433	230.0	15	1.05	0.95				
	124	1	0.0	0.0	0.0	0.0	1	1.0264382227429243	5.290829134764037	230.0	16	1.05	0.95				
	201	2	88.4161813263158	18.01070360350877	0.0	0.0	2	1.0367048945971682	-13.85521436642783	138.0	21	1.05	0.95				
	202	2	79.4108295245614	16.3733669122807	0.0	0.0	2	1.039435556763127	-13.993727365311113	138.0	22	1.05	0.95				
	203	1	147.3603022105263	30.290728787719296	0.0	0.0	2	1.0240058006272583	-9.681883614001409	138.0	21	1.05	0.95				
	204	1	60.58145757543859	12.280025184210524	0.0	0.0	2	1.0177285430949412	-15.251857016585868	138.0	21	1.05	0.95				
	205	1	58.12545253859648	11.46135683859649	0.0	0.0	2	1.0328433178020715	-15.78313770612424	138.0	21	1.05	0.95				
	206	1	111.33889500350878	22.92271367719298	0.0	-100.0	2	1.0363458224869553	-17.63458743643808	138.0	22	1.05	0.95				
	207	2	102.33354320175438	20.466708640350877	0.0	0.0	2	0.95	-28.9294504891943	138.0	22	1.05	0.95				
	208	1	139.99228709999997	28.653392096491224	0.0	0.0	2	0.9559336210265053	-25.17080930855161	138.0	22	1.05	0.95				
	209	1	143.26696048245614	29.472060442105256	0.0	0.0	2	1.0263141921570018	-12.973017712047866	138.0	23	1.05	0.95				
	210	1	159.6403273947368	32.7467338245614	0.0	0.0	2	1.05	-15.160642001469762	138.0	23	1.05	0.95				
	211	1	0.0	0.0	0.0	0.0	2	1.0342783783803065	-9.075116299047037	230.0	23	1.05	0.95				
	212	1	0.0	0.0	0.0	0.0	2	1.029732539753082	-4.355117519883412	230.0	23	1.05	0.95				
	213	2	216.9471115877193	44.2080906631579	0.0	0.0	2	1.05	-6.607932128164429	230.0	24	1.05	0.95				
	214	2	158.8216590491228	31.928065478947364	0.0	0.0	2	1.05	-6.476064812506865	230.0	26	1.05	0.95				
	215	2	259.5178655596491	52.39477411929824	0.0	0.0	2	1.044228857626246	2.8144369297053826	230.0	26	1.05	0.95				
	216	2	81.86683456140351	16.3733669122807	0.0	0.0	2	1.0481357639216207	2.265392302426017	230.0	26	1.05	0.95				
	217	1	0.0	0.0	0.0	0.0	2	1.0485552369640694	5.738118731413401	230.0	27	1.05	0.95				
	218	2	272.61655908947364	55.66944750175439	0.0	0.0	2	1.05	6.429232155703262	230.0	27	1.05	0.95				
	219	1	148.17897055614034	30.290728787719296	0.0	0.0	2	1.0429491349180529	1.455635653136756	230.0	25	1.05	0.95				
	220	1	104.78954823859648	21.28537698596491	0.0	0.0	2	1.0458288518187804	2.2815115076770107	230.0	25	1.05	0.95				
	221	2	0.0	0.0	0.0	0.0	2	1.05	6.93499865353011	230.0	27	1.05	0.95				
	222	2	0.0	0.0	0.0	0.0	2	1.05	12.977194960132362	230.0	27	1.05	0.95				
	223	2	0.0	0.0	0.0	0.0	2	1.05	3.3281746506789367	230.0	25	1.05	0.95				
	224	1	0.0	0.0	0.0	0.0	2	1.0209030069351277	-1.82681227262917	230.0	26	1.05	0.95				
	301	2	79.50521986105264	16.195507749473684	0.0	0.0	3	0.9933563848350274	-19.064601353230195	138.0	31	1.05	0.95				
	302	2	71.40746598631578	14.723188863157896	0.0	0.0	3	0.9927677126357032	-19.217183437407645	138.0	32	1.05	0.95				
	303	1	132.50869976842105	27.237899396842103	0.0	0.0	3	1.0063172388337969	-11.426402481524294	138.0	31	1.05	0.95				
	304	1	54.475798793684206	11.04239164736842	0.0	0.0	3	0.9858805578282178	-16.69628233220359	138.0	31	1.05	0.95				
	305	1	52.26732046421052	10.306232204210527	0.0	0.0	3	1.0004924322976132	-17.129007692625223	138.0	31	1.05	0.95				
	306	1	100.1176842694737	20.612464408421054	0.0	-100.0	3	1.0115778737450685	-16.865850220109195	138.0	32	1.05	0.95				
	307	2	92.01993039473683	18.40398607894737	0.0	0.0	3	0.95	-25.56888012535412	138.0	32	1.05	0.95				
	308	1	125.88326478	25.765580510526316	0.0	0.0	3	0.9532020735894435	-22.043643392795012	138.0	32	1.05	0.95				
	309	1	128.82790255263157	26.50173995368421	0.0	0.0	3	1.0085251850146486	-11.518143782225497	138.0	33	1.05	0.95				
	310	1	143.55109141578947	29.44637772631579	0.0	0.0	3	1.030589605168794	-12.739238012011727	138.0	33	1.05	0.95				
	311	1	0.0	0.0	0.0	0.0	3	1.0102508959798167	-3.997906836246248	230.0	33	1.05	0.95				
	312	1	0.0	0.0	0.0	0.0	3	1.0094165379588182	-3.224115757417519	230.0	33	1.05	0.95				
	313	2	195.08225243684208	39.75260993052632	0.0	0.0	3	1.0331879734754514	1.6959959373399602	230.0	34	1.05	0.95				
	314	2	142.81493197263157	28.710218283157896	0.0	0.0	3	1.029009472372022	-1.2069532292743355	230.0	36	1.05	0.95				
	315	2	233.36254348105263	47.11420436210526	0.0	0.0	3	1.0487362812650611	-0.15583955982757952	230.0	36	1.05	0.95				
	316	2	73.61594431578948	14.723188863157896	0.0	0.0	3	1.046156635829959	0.9309468552682548	230.0	36	1.05	0.95				
	317	1	0.0	0.0	0.0	0.0	3	1.0483967521744209	1.7183548977246166	230.0	37	1.05	0.95				
	318	2	245.14109457157895	50.05884213473685	0.0	0.0	3	1.0472245614410904	1.3059547877618198	230.0	37	1.05	0.95				
	319	1	133.24485921157896	27.237899396842103	0.0	0.0	3	1.0423607885750048	1.6375077457342053	230.0	35	1.05	0.95				
	320	1	94.22840872421052	19.140145522105264	0.0	0.0	3	1.0416065565332382	2.0241719557433027	230.0	35	1.05	0.95				
	321	2	0.0	0.0	0.0	0.0	3	1.05	2.3303712196788022	230.0	37	1.05	0.95				
	322	2	0.0	0.0	0.0	0.0	3	1.05	6.43562632971383	230.0	37	1.05	0.95				
	323	2	0.0	0.0	0.0	0.0	3	1.0420960269526847	2.349655008400489	230.0	35	1.05	0.95				
	324	1	0.0	0.0	0.0	0.0	3	1.0214655633316554	-2.1437360028798285	230.0	36	1.05	0.95				
	325	1	0.0	0.0	0.0	0.0	3	1.0405899384432629	3.2035136542303357	230.0	35	1.05	0.95				
];
