%% MATPOWER Case Format : Version 2
function mpc = RTS_GMLC
mpc.version = '2';

%%-----  Power Flow Data  -----%%
%% system MVA base
mpc.baseMVA = 100.0;
%% bus data
%    bus_i    type    Pd    Qd    Gs    Bs    area    Vm    Va    baseKV    zone    Vmax    Vmin
mpc.bus = [
	101	2	38.20880751157895	7.783275604210525	0.0	0.0	1	1.0342379672836475	3.1598035414102172	138.0	11	1.05	0.95				
	102	2	34.31716970947368	7.0757050947368425	0.0	0.0	1	1.033364773838723	2.921758365441052	138.0	12	1.05	0.95				
	103	1	63.68134585263158	13.090054425263157	0.0	0.0	1	1.0286132887801782	0.7956204770301157	138.0	11	1.05	0.95				
	104	1	26.180108850526313	5.306778821052631	0.0	0.0	1	1.0226385835344645	-0.16296532727660137	138.0	11	1.05	0.95				
	105	1	25.118753086315788	4.952993566315789	0.0	0.0	1	1.0372699031585255	0.13832216295840766	138.0	11	1.05	0.95				
	106	1	48.11479464421053	9.905987132631578	0.0	-100.0	1	1.0476328758932942	-1.965916366165383	138.0	12	1.05	0.95				
	107	2	44.22315684210526	8.844631368421052	0.0	0.0	1	1.00119916549101	-6.509699532274342	138.0	12	1.05	0.95				
	108	1	60.49727855999999	12.382483915789471	0.0	0.0	1	1.0074359939515143	-5.504807284144732	138.0	12	1.05	0.95				
	109	1	61.912419578947365	12.736269170526315	0.0	0.0	1	1.024288014673793	-1.2513982986334657	138.0	13	1.05	0.95				
	110	1	68.9881246736842	14.151410189473685	0.0	0.0	1	1.05	-1.8107786263019745	138.0	13	1.05	0.95				
	111	1	0.0	0.0	0.0	0.0	1	1.0006297771599815	0.028443817778097315	230.0	13	1.05	0.95				
	112	1	0.0	0.0	0.0	0.0	1	1.005703797259546	0.36340363301122924	230.0	13	1.05	0.95				
	113	3	93.75309250526314	19.104403755789473	0.0	0.0	1	0.989606438101849	1.0163884344865566e-29	230.0	14	1.05	0.95				
	114	2	68.63433941894736	13.797624934736842	0.0	0.0	1	0.9959258339883723	1.754952546760527	230.0	16	1.05	0.95				
	115	2	112.14992575157893	22.642256303157893	0.0	0.0	1	1.0320875359739377	6.314527399257413	230.0	16	1.05	0.95				
	116	2	35.378525473684206	7.0757050947368425	0.0	0.0	1	1.0279002179180141	6.210782951675245	230.0	16	1.05	0.95				
	117	1	0.0	0.0	0.0	0.0	1	1.0370576446517248	8.050022912012281	230.0	17	1.05	0.95				
	118	2	117.81048982736841	24.057397322105263	0.0	0.0	1	1.0397954331831811	8.059000784957295	230.0	17	1.05	0.95				
	119	1	64.03513110736841	13.090054425263157	0.0	0.0	1	1.02162842033402	5.408951630723052	230.0	15	1.05	0.95				
	120	1	45.284512606315786	9.198416623157895	0.0	0.0	1	1.0182658651105352	5.406804806250576	230.0	15	1.05	0.95				
	121	2	0.0	0.0	0.0	0.0	1	1.043770804525028	8.881850164562573	230.0	17	1.05	0.95				
	122	2	0.0	0.0	0.0	0.0	1	1.05	15.36117820010812	230.0	17	1.05	0.95				
	123	2	0.0	0.0	0.0	0.0	1	1.016641542850168	5.6859512832997385	230.0	15	1.05	0.95				
	124	1	0.0	0.0	0.0	0.0	1	1.023031198386127	4.238799136979399	230.0	16	1.05	0.95				
	201	2	38.36864474526316	7.815835040701755	0.0	0.0	2	1.0234321064187508	-5.6957350915734395	138.0	21	1.05	0.95				
	202	2	34.46072722491228	7.1053045824561405	0.0	0.0	2	1.0239016874777664	-5.591688586795158	138.0	22	1.05	0.95				
	203	1	63.94774124210526	13.14481347754386	0.0	0.0	2	1.017056841951835	-5.322847732428424	138.0	21	1.05	0.95				
	204	1	26.28962695508772	5.328978436842105	0.0	0.0	2	1.0179911183645054	-6.990336872676603	138.0	21	1.05	0.95				
	205	1	25.223831267719294	4.973713207719299	0.0	0.0	2	1.0325365679958447	-7.17775959800226	138.0	21	1.05	0.95				
	206	1	48.31607116070175	9.947426415438597	0.0	-100.0	2	1.04609663500337	-8.361583183538926	138.0	22	1.05	0.95				
	207	2	44.408153640350875	8.881630728070174	0.0	0.0	2	0.9943805064517593	-13.346057110352826	138.0	22	1.05	0.95				
	208	1	60.75035418	12.434283019298244	0.0	0.0	2	1.0025110999657558	-11.798207621659326	138.0	22	1.05	0.95				
	209	1	62.17141509649122	12.78954824842105	0.0	0.0	2	1.0225569484160306	-6.663616927229856	138.0	23	1.05	0.95				
	210	1	69.27671967894736	14.210609164912281	0.0	0.0	2	1.05	-7.532233941211648	138.0	23	1.05	0.95				
	211	1	0.0	0.0	0.0	0.0	2	1.000842071957284	-4.437095506349868	230.0	23	1.05	0.95				
	212	1	0.0	0.0	0.0	0.0	2	1.0059498843310557	-3.773407120708335	230.0	23	1.05	0.95				
	213	2	94.14528571754384	19.18432237263158	0.0	0.0	2	0.9935195612052892	-3.409683510035568	230.0	24	1.05	0.95				
	214	2	68.92145444982457	13.855343935789474	0.0	0.0	2	0.9968932453337094	-2.5192915369461946	230.0	26	1.05	0.95				
	215	2	112.61907763192983	22.736974663859648	0.0	0.0	2	1.016653879435556	2.2826435174705746	230.0	26	1.05	0.95				
	216	2	35.5265229122807	7.1053045824561405	0.0	0.0	2	1.0177587058685338	2.3158552590260286	230.0	26	1.05	0.95				
	217	1	0.0	0.0	0.0	0.0	2	1.023272503078414	3.800388570152464	230.0	27	1.05	0.95				
	218	2	118.30332129789474	24.158035580350877	0.0	0.0	2	1.0225470625075503	3.3732834193058365	230.0	27	1.05	0.95				
	219	1	64.30300647122807	13.14481347754386	0.0	0.0	2	1.0189584356494108	2.1716259797958957	230.0	25	1.05	0.95				
	220	1	45.473949327719296	9.236895957192983	0.0	0.0	2	1.0220350404172363	2.7519738557521825	230.0	25	1.05	0.95				
	221	2	0.0	0.0	0.0	0.0	2	1.0242112763450786	3.8167093432300443	230.0	27	1.05	0.95				
	222	2	0.0	0.0	0.0	0.0	2	1.0462950891646243	10.347210488348301	230.0	27	1.05	0.95				
	223	2	0.0	0.0	0.0	0.0	2	1.0240882130912043	3.3462443959540042	230.0	25	1.05	0.95				
	224	1	0.0	0.0	0.0	0.0	2	1.0072233300651465	-0.595591790979347	230.0	26	1.05	0.95				
	301	2	41.1875988631579	8.39006643508772	0.0	0.0	3	1.0091724299790967	-19.598177671471387	138.0	31	1.05	0.95				
	302	2	36.992565645614036	7.627333122807019	0.0	0.0	3	1.0091698777398985	-19.686178657765492	138.0	32	1.05	0.95				
	303	1	68.64599810526317	14.110566277192985	0.0	0.0	3	1.0197867615927088	-15.24046047642808	138.0	31	1.05	0.95				
	304	1	28.22113255438597	5.720499842105264	0.0	0.0	3	1.011451278624506	-18.403650128174963	138.0	31	1.05	0.95				
	305	1	27.077032585964915	5.339133185964914	0.0	0.0	3	1.0247284252226834	-19.00453455288378	138.0	31	1.05	0.95				
	306	1	51.865865235087725	10.678266371929828	0.0	-100.0	3	1.0420978918533947	-19.144484560691446	138.0	32	1.05	0.95				
	307	2	47.670832017543866	9.534166403508774	0.0	0.0	3	0.9943074685272558	-23.22771864797066	138.0	32	1.05	0.95				
	308	1	65.21369820000001	13.347832964912282	0.0	0.0	3	1.0019074226628368	-21.547485916336743	138.0	32	1.05	0.95				
	309	1	66.73916482456141	13.729199621052631	0.0	0.0	3	1.0247477465598351	-15.784169445050507	138.0	33	1.05	0.95				
	310	1	74.36649794736843	15.254666245614038	0.0	0.0	3	1.05	-17.181599959890686	138.0	33	1.05	0.95				
	311	1	0.0	0.0	0.0	0.0	3	1.0041932784560121	-12.017554954832583	230.0	33	1.05	0.95				
	312	1	0.0	0.0	0.0	0.0	3	1.0087707096937002	-11.454948019607045	230.0	33	1.05	0.95				
	313	2	101.062163877193	20.59379943157895	0.0	0.0	3	1.0073659356037203	-8.464412705015475	230.0	34	1.05	0.95				
	314	2	73.98513129122807	14.873299589473687	0.0	0.0	3	1.0000065203164452	-10.528287384123251	230.0	36	1.05	0.95				
	315	2	120.89322999649124	24.40746599298246	0.0	0.0	3	1.022781786595126	-7.02451518618768	230.0	36	1.05	0.95				
	316	2	38.136665614035095	7.627333122807019	0.0	0.0	3	1.0224633296429253	-6.148368647048144	230.0	36	1.05	0.95				
	317	1	0.0	0.0	0.0	0.0	3	1.0271365913576593	-5.073226040894806	230.0	37	1.05	0.95				
	318	2	126.99509649473686	25.932932617543862	0.0	0.0	3	1.0263392998770335	-5.063956362131137	230.0	37	1.05	0.95				
	319	1	69.02736476140352	14.110566277192985	0.0	0.0	3	1.0200897069538004	-6.579551236680001	230.0	35	1.05	0.95				
	320	1	48.81493198596492	9.915533059649125	0.0	0.0	3	1.020375504541413	-6.199694244421803	230.0	35	1.05	0.95				
	321	2	0.0	0.0	0.0	0.0	3	1.0273199508980497	-5.188787001244779	230.0	37	1.05	0.95				
	322	2	0.0	0.0	0.0	0.0	3	1.0405814791460286	-0.7577361189992531	230.0	37	1.05	0.95				
	323	2	0.0	0.0	0.0	0.0	3	1.0209654923755678	-5.692538533839938	230.0	35	1.05	0.95				
	324	1	0.0	0.0	0.0	0.0	3	1.0113842366589367	-10.122815222088498	230.0	36	1.05	0.95				
	325	1	0.0	0.0	0.0	0.0	3	1.0186575444712813	-4.459209149196119	230.0	35	1.05	0.95				
];
