%% MATPOWER Case Format : Version 2
function mpc = RTS_GMLC
mpc.version = '2';

%%-----  Power Flow Data  -----%%
%% system MVA base
mpc.baseMVA = 100.0;
%% bus data
%    bus_i    type    Pd    Qd    Gs    Bs    area    Vm    Va    baseKV    zone    Vmax    Vmin
mpc.bus = [
	101	2	34.5616031671579	7.04032657108772	0.0	0.0	1	1.0262346520634609	5.208971786389559	138.0	11	1.05	0.95				
	102	2	31.041439881614032	6.400296882807018	0.0	0.0	1	1.0248989777814093	4.88122813173042	138.0	12	1.05	0.95				
	103	1	57.60267194526316	11.840549233192982	0.0	0.0	1	1.033779950965904	4.259889354084727	138.0	11	1.05	0.95				
	104	1	23.681098466385965	4.800222662105263	0.0	0.0	1	1.0197063663448838	1.639279238615065	138.0	11	1.05	0.95				
	105	1	22.72105393396491	4.480207817964913	0.0	0.0	1	1.0333147964830827	1.8283986194288238	138.0	11	1.05	0.95				
	106	1	43.52201880308772	8.960415635929825	0.0	-100.0	1	1.046246340712316	-0.4578595510100431	138.0	12	1.05	0.95				
	107	2	40.00185551754386	8.00037110350877	0.0	0.0	1	0.9848033629496268	-6.551754691334493	138.0	12	1.05	0.95				
	108	1	54.72253834799999	11.200519544912279	0.0	0.0	1	0.9984128649043538	-4.805278693539957	138.0	12	1.05	0.95				
	109	1	56.0025977245614	11.520534389052631	0.0	0.0	1	1.0249607986278866	0.3128149896652903	138.0	13	1.05	0.95				
	110	1	62.40289460736842	12.800593765614035	0.0	0.0	1	1.05	-0.5623481614507326	138.0	13	1.05	0.95				
	111	1	0.0	0.0	0.0	0.0	1	1.0093202707988476	1.5737405657599308	230.0	13	1.05	0.95				
	112	1	0.0	0.0	0.0	0.0	1	1.007853690043755	0.6098329632063042	230.0	13	1.05	0.95				
	113	3	84.80393369719297	17.28080158357895	0.0	0.0	1	0.9823880134691629	-1.7145796916199632e-28	230.0	14	1.05	0.95				
	114	2	62.082879763228064	12.480578921473684	0.0	0.0	1	1.0284110100295523	4.638104451330972	230.0	16	1.05	0.95				
	115	2	101.44470559249122	20.480950024982455	0.0	0.0	1	1.0448668276825233	12.352177390215573	230.0	16	1.05	0.95				
	116	2	32.00148441403508	6.400296882807018	0.0	0.0	1	1.0423301933895908	10.911891101430093	230.0	16	1.05	0.95				
	117	1	0.0	0.0	0.0	0.0	1	1.0422833620327008	16.021208227793903	230.0	17	1.05	0.95				
	118	2	106.56494309873683	21.76100940154386	0.0	0.0	1	1.05	16.24623533777772	230.0	17	1.05	0.95				
	119	1	57.922686789403514	11.840549233192982	0.0	0.0	1	1.0352721379351602	7.328626089725718	230.0	15	1.05	0.95				
	120	1	40.96190004996491	8.320385947649122	0.0	0.0	1	1.033672372049612	4.80859549965866	230.0	15	1.05	0.95				
	121	2	0.0	0.0	0.0	0.0	1	1.0419080239986238	17.29748496804125	230.0	17	1.05	0.95				
	122	2	0.0	0.0	0.0	0.0	1	1.05	35.26993436539609	230.0	17	1.05	0.95				
	123	2	0.0	0.0	0.0	0.0	1	1.0332815805017035	3.6646483398871763	230.0	15	1.05	0.95				
	124	1	0.0	0.0	0.0	0.0	1	1.0303436073370897	9.32699556139075	230.0	16	1.05	0.95				
	201	2	36.66866047578947	7.46954194877193	0.0	0.0	2	1.0128382456764102	-11.695167191778179	138.0	21	1.05	0.95				
	202	2	32.933889501403506	6.790492680701754	0.0	0.0	2	1.0120332533839311	-11.977355499617248	138.0	22	1.05	0.95				
	203	1	61.114434126315786	12.562411459298245	0.0	0.0	2	1.0117424978898895	-8.049251823355934	138.0	21	1.05	0.95				
	204	1	25.12482291859649	5.092869510526316	0.0	0.0	2	1.0123188634611473	-11.826648319017075	138.0	21	1.05	0.95				
	205	1	24.106249016491226	4.753344876491228	0.0	0.0	2	1.0274483248914998	-12.214693028486169	138.0	21	1.05	0.95				
	206	1	46.17535022877193	9.506689752982457	0.0	-100.0	2	1.0439673732317287	-12.960747378350423	138.0	22	1.05	0.95				
	207	2	42.440579254385966	8.488115850877193	0.0	0.0	2	0.9962896358393938	-16.930758641086292	138.0	22	1.05	0.95				
	208	1	58.05871241999999	11.883362191228068	0.0	0.0	2	1.003987773495156	-15.455897864328593	138.0	22	1.05	0.95				
	209	1	59.41681095614035	12.222886825263156	0.0	0.0	2	1.0215943829243421	-10.285220120374822	138.0	23	1.05	0.95				
	210	1	66.2073036368421	13.580985361403508	0.0	0.0	2	1.05	-11.636910895516111	138.0	23	1.05	0.95				
	211	1	0.0	0.0	0.0	0.0	2	1.0031327397608394	-7.8032057060931015	230.0	23	1.05	0.95				
	212	1	0.0	0.0	0.0	0.0	2	1.0061204833075599	-7.335988160737823	230.0	23	1.05	0.95				
	213	2	89.97402801929823	18.334330237894736	0.0	0.0	2	0.9958312813670058	-6.788294152501677	230.0	24	1.05	0.95				
	214	2	65.86777900280701	13.24146072736842	0.0	0.0	2	1.0035771813414691	-5.400454259942618	230.0	26	1.05	0.95				
	215	2	107.62930898912279	21.729576578245613	0.0	0.0	2	1.0189589417174931	0.33689031407526937	230.0	26	1.05	0.95				
	216	2	33.95246340350877	6.790492680701754	0.0	0.0	2	1.0217857575003584	0.03216899090874001	230.0	26	1.05	0.95				
	217	1	0.0	0.0	0.0	0.0	2	1.0291710097310487	1.6908308954518718	230.0	27	1.05	0.95				
	218	2	113.0617031336842	23.087675114385966	0.0	0.0	2	1.0277951948351889	1.3346270974480698	230.0	27	1.05	0.95				
	219	1	61.45395876035088	12.562411459298245	0.0	0.0	2	1.0215465028050899	-0.49416001657720293	230.0	25	1.05	0.95				
	220	1	43.459153156491226	8.82764048491228	0.0	0.0	2	1.0231939983482496	-0.27904434167545134	230.0	25	1.05	0.95				
	221	2	0.0	0.0	0.0	0.0	2	1.0283421464036802	1.8000443921730211	230.0	27	1.05	0.95				
	222	2	0.0	0.0	0.0	0.0	2	1.0499999879523931	8.248215931121436	230.0	27	1.05	0.95				
	223	2	0.0	0.0	0.0	0.0	2	1.024286040490037	0.10373363869402306	230.0	25	1.05	0.95				
	224	1	0.0	0.0	0.0	0.0	2	1.0058356268272193	-2.81129422660982	230.0	26	1.05	0.95				
	301	2	43.13508385263158	8.786776340350876	0.0	0.0	3	1.0081515939278392	-18.5880321254127	138.0	31	1.05	0.95				
	302	2	38.74169568245614	7.987978491228071	0.0	0.0	3	1.0081005254144917	-18.670949823955635	138.0	32	1.05	0.95				
	303	1	71.89180642105264	14.777760208771932	0.0	0.0	3	1.0209571788621312	-14.290232965129336	138.0	31	1.05	0.95				
	304	1	29.555520417543864	5.990983868421053	0.0	0.0	3	1.010970733331349	-17.289206468335134	138.0	31	1.05	0.95				
	305	1	28.35732364385965	5.591584943859649	0.0	0.0	3	1.0239064615537468	-17.915746272113275	138.0	31	1.05	0.95				
	306	1	54.31825374035088	11.183169887719298	0.0	-100.0	3	1.0413046730670061	-18.02690165801693	138.0	32	1.05	0.95				
	307	2	49.92486557017544	9.984973114035087	0.0	0.0	3	0.9952252282356326	-22.341162687136986	138.0	32	1.05	0.95				
	308	1	68.2972161	13.978962359649122	0.0	0.0	3	1.0018915027393196	-20.563285715686177	138.0	32	1.05	0.95				
	309	1	69.89481179824561	14.378361284210525	0.0	0.0	3	1.02555186309528	-14.519501118084433	138.0	33	1.05	0.95				
	310	1	77.88279028947368	15.975956982456141	0.0	0.0	3	1.05	-15.957257038816099	138.0	33	1.05	0.95				
	311	1	0.0	0.0	0.0	0.0	3	1.0061241035525514	-10.671418087943623	230.0	33	1.05	0.95				
	312	1	0.0	0.0	0.0	0.0	3	1.0091270662215774	-9.788395641665693	230.0	33	1.05	0.95				
	313	2	105.84071500877192	21.56754192631579	0.0	0.0	3	1.0084634640203678	-6.778250126962575	230.0	34	1.05	0.95				
	314	2	77.48339136491228	15.576558057894738	0.0	0.0	3	1.004808719852571	-9.394822419591284	230.0	36	1.05	0.95				
	315	2	126.6094590859649	25.561531171929825	0.0	0.0	3	1.0285598094141208	-6.01799043490165	230.0	36	1.05	0.95				
	316	2	39.93989245614035	7.987978491228071	0.0	0.0	3	1.0275374345774013	-5.1965026927815	230.0	36	1.05	0.95				
	317	1	0.0	0.0	0.0	0.0	3	1.034767036682584	-3.22504678300226	230.0	37	1.05	0.95				
	318	2	132.99984187894736	27.15912687017544	0.0	0.0	3	1.0327959422847368	-3.8750958925947407	230.0	37	1.05	0.95				
	319	1	72.29120534561405	14.777760208771932	0.0	0.0	3	1.0243841696179923	-4.965572912826902	230.0	35	1.05	0.95				
	320	1	51.12306234385965	10.384372038596492	0.0	0.0	3	1.0242306005887265	-3.980254209368539	230.0	35	1.05	0.95				
	321	2	0.0	0.0	0.0	0.0	3	1.0337837045284108	-4.0368582514012115	230.0	37	1.05	0.95				
	322	2	0.0	0.0	0.0	0.0	3	1.047501079370724	0.6093818879343058	230.0	37	1.05	0.95				
	323	2	0.0	0.0	0.0	0.0	3	1.0248617258879138	-3.128289695068843	230.0	35	1.05	0.95				
	324	1	0.0	0.0	0.0	0.0	3	1.0153153536523483	-9.122121708940051	230.0	36	1.05	0.95				
	325	1	0.0	0.0	0.0	0.0	3	1.018643517631302	-1.4384342822909224	230.0	35	1.05	0.95				
];
