%% MATPOWER Case Format : Version 2
function mpc = RTS_GMLC
mpc.version = '2';

%%-----  Power Flow Data  -----%%
%% system MVA base
mpc.baseMVA = 100.0;
%% bus data
%    bus_i    type    Pd    Qd    Gs    Bs    area    Vm    Va    baseKV    zone    Vmax    Vmin
mpc.bus = [
	101	2	38.823354757894734	7.9084611543859635	0.0	0.0	1	1.0127135035128971	-3.6646960761098852	138.0	11	1.05	0.95				
	102	2	34.869124180701746	7.189510140350877	0.0	0.0	1	1.0127687208855964	-3.8606338597164114	138.0	12	1.05	0.95				
	103	1	64.70559126315788	13.300593759649121	0.0	0.0	1	1.0011987858465874	1.142299798781484	138.0	11	1.05	0.95				
	104	1	26.601187519298243	5.392132605263157	0.0	0.0	1	1.0041957137933273	-3.71131037145899	138.0	11	1.05	0.95				
	105	1	25.52276099824561	5.032657098245614	0.0	0.0	1	1.0185202575039507	-4.708107770943034	138.0	11	1.05	0.95				
	106	1	48.88866895438596	10.065314196491228	0.0	-100.0	1	1.0299967747172358	-5.740705849398026	138.0	12	1.05	0.95				
	107	2	44.934438377192976	8.986887675438595	0.0	0.0	1	0.9866662859829237	-10.442489753121391	138.0	12	1.05	0.95				
	108	1	61.47031169999999	12.581642745614033	0.0	0.0	1	0.9897821146465617	-8.735636096347232	138.0	12	1.05	0.95				
	109	1	62.90821372807017	12.941118252631579	0.0	0.0	1	1.0034266985660363	-2.7929194331307126	138.0	13	1.05	0.95				
	110	1	70.09772386842104	14.379020280701754	0.0	0.0	1	1.032672233912269	-4.577898207798266	138.0	13	1.05	0.95				
	111	1	0.0	0.0	0.0	0.0	1	0.9822203909945614	-0.1420443047084393	230.0	13	1.05	0.95				
	112	1	0.0	0.0	0.0	0.0	1	0.9837239165770046	-1.181455539615342	230.0	13	1.05	0.95				
	113	3	95.26100935964911	19.411677378947367	0.0	0.0	1	0.9630986976502725	-2.5527945797510625e-32	230.0	14	1.05	0.95				
	114	2	69.73824836140349	14.019544773684208	0.0	0.0	1	0.9913141530655402	3.4196637229195863	230.0	16	1.05	0.95				
	115	2	113.9537357245614	23.006432449122805	0.0	0.0	1	0.9909231566836467	12.652149314438091	230.0	16	1.05	0.95				
	116	2	35.94755070175438	7.189510140350877	0.0	0.0	1	0.989301067896415	10.950030137355414	230.0	16	1.05	0.95				
	117	1	0.0	0.0	0.0	0.0	1	0.9914408951853287	16.880899239819854	230.0	17	1.05	0.95				
	118	2	119.7053438368421	24.44433447719298	0.0	0.0	1	1.0005352212176741	17.438961551544836	230.0	17	1.05	0.95				
	119	1	65.06506677017543	13.300593759649121	0.0	0.0	1	0.9889329617640836	6.860084672403485	230.0	15	1.05	0.95				
	120	1	46.01286489824561	9.34636318245614	0.0	0.0	1	0.9942873556355397	3.910409830206486	230.0	15	1.05	0.95				
	121	2	0.0	0.0	0.0	0.0	1	1.0008282653476217	18.788700534467353	230.0	17	1.05	0.95				
	122	2	0.0	0.0	0.0	0.0	1	1.0056434331584632	36.740579371102015	230.0	17	1.05	0.95				
	123	2	0.0	0.0	0.0	0.0	1	0.9982254605627243	2.594316353430681	230.0	15	1.05	0.95				
	124	1	0.0	0.0	0.0	0.0	1	0.9810356600530662	8.252949997278817	230.0	16	1.05	0.95				
	201	2	38.58964268210527	7.86085313894737	0.0	0.0	2	1.0127514644300089	-14.544480173427177	138.0	21	1.05	0.95				
	202	2	34.65921611263158	7.146230126315791	0.0	0.0	2	1.0116801998859566	-14.769977755906616	138.0	22	1.05	0.95				
	203	1	64.31607113684211	13.22052573368421	0.0	0.0	2	0.9984882639961048	-10.693755082718857	138.0	21	1.05	0.95				
	204	1	26.44105146736842	5.359672594736843	0.0	0.0	2	1.0021811447927316	-14.15941547409874	138.0	21	1.05	0.95				
	205	1	25.369116948421055	5.002361088421053	0.0	0.0	2	1.0188934661340057	-14.601218904595369	138.0	21	1.05	0.95				
	206	1	48.59436485894737	10.004722176842106	0.0	-100.0	2	1.0305137213173918	-15.106612237924512	138.0	22	1.05	0.95				
	207	2	44.663938289473684	8.932787657894737	0.0	0.0	2	0.9738298355120418	-19.3015126481363	138.0	22	1.05	0.95				
	208	1	61.10026758	12.505902721052632	0.0	0.0	2	0.9829223130326876	-17.69136320006858	138.0	22	1.05	0.95				
	209	1	62.52951360526316	12.863214227368422	0.0	0.0	2	1.0045355596034746	-12.12505861248874	138.0	23	1.05	0.95				
	210	1	69.67574373157895	14.292460252631582	0.0	0.0	2	1.0333932619385724	-13.476831765577954	138.0	23	1.05	0.95				
	211	1	0.0	0.0	0.0	0.0	2	0.9850833817079792	-9.492083217889506	230.0	23	1.05	0.95				
	212	1	0.0	0.0	0.0	0.0	2	0.9829381541841298	-7.9833458313289185	230.0	23	1.05	0.95				
	213	2	94.68754917368422	19.294821341052636	0.0	0.0	2	0.9795760327571639	-7.844218165240286	230.0	24	1.05	0.95				
	214	2	69.31843222526317	13.935148746315793	0.0	0.0	2	0.9827279723636803	-7.46798283169351	230.0	26	1.05	0.95				
	215	2	113.26774750210527	22.86793640421053	0.0	0.0	2	0.9911267827957558	-1.742926443061908	230.0	26	1.05	0.95				
	216	2	35.73115063157895	7.146230126315791	0.0	0.0	2	0.9889008293923965	-2.2468390180450686	230.0	26	1.05	0.95				
	217	1	0.0	0.0	0.0	0.0	2	1.0001116428775458	-0.705375389271844	230.0	27	1.05	0.95				
	218	2	118.9847316031579	24.297182429473686	0.0	0.0	2	1.0017293729408874	-1.1912908442850625	230.0	27	1.05	0.95				
	219	1	64.67338264315791	13.22052573368421	0.0	0.0	2	0.9810276954726849	-1.7883624106754208	230.0	25	1.05	0.95				
	220	1	45.73587280842106	9.290099164210528	0.0	0.0	2	0.9766149507155707	-0.6177877701546952	230.0	25	1.05	0.95				
	221	2	0.0	0.0	0.0	0.0	2	1.0037862182508506	-0.7455037140902233	230.0	27	1.05	0.95				
	222	2	0.0	0.0	0.0	0.0	2	1.0215082616691418	4.465889648307963	230.0	27	1.05	0.95				
	223	2	0.0	0.0	0.0	0.0	2	0.9749193019446173	0.33795682248706505	230.0	25	1.05	0.95				
	224	1	0.0	0.0	0.0	0.0	2	0.9831557865814401	-5.15658370304974	230.0	26	1.05	0.95				
	301	2	44.843403978947364	9.134767477192982	0.0	0.0	3	1.0097254785705445	30.241939079136817	138.0	31	1.05	0.95				
	302	2	40.276020240350874	8.304334070175438	0.0	0.0	3	1.0103575912752405	29.89015507291038	138.0	32	1.05	0.95				
	303	1	74.73900663157895	15.363018029824559	0.0	0.0	3	1.0177747191068178	44.278221493906535	138.0	31	1.05	0.95				
	304	1	30.726036059649118	6.228250552631578	0.0	0.0	3	1.0005881592774508	31.110457622579347	138.0	31	1.05	0.95				
	305	1	29.4803859491228	5.813033849122807	0.0	0.0	3	1.018536692757103	29.041185936734056	138.0	31	1.05	0.95				
	306	1	56.469471677192985	11.626067698245613	0.0	-100.0	3	1.0314766561684006	27.84859740245074	138.0	32	1.05	0.95				
	307	2	51.90208793859649	10.380417587719297	0.0	0.0	3	0.9675332584894227	24.873482165521054	138.0	32	1.05	0.95				
	308	1	71.00205629999999	14.532584622807015	0.0	0.0	3	0.9800452849926605	26.73453257732964	138.0	32	1.05	0.95				
	309	1	72.66292311403508	14.947801326315787	0.0	0.0	3	1.0054917489927582	33.88723305375271	138.0	33	1.05	0.95				
	310	1	80.96725718421052	16.608668140350876	0.0	0.0	3	1.0374188708442502	29.193979049946353	138.0	33	1.05	0.95				
	311	1	0.0	0.0	0.0	0.0	3	0.9912728466368068	32.22825486920764	230.0	33	1.05	0.95				
	312	1	0.0	0.0	0.0	0.0	3	1.0000528084881648	32.050931491272344	230.0	33	1.05	0.95				
	313	2	110.03242642982454	22.421701989473682	0.0	0.0	3	0.9965048254637533	33.0057696716862	230.0	34	1.05	0.95				
	314	2	80.55204048070175	16.193451436842103	0.0	0.0	3	0.9771981700475495	32.358866156892766	230.0	36	1.05	0.95				
	315	2	131.62369501228068	26.573869024561404	0.0	0.0	3	0.981902403568277	31.955930362482746	230.0	36	1.05	0.95				
	316	2	41.52167035087719	8.304334070175438	0.0	0.0	3	0.9710530764314425	31.921786870716844	230.0	36	1.05	0.95				
	317	1	0.0	0.0	0.0	0.0	3	0.9859632758514982	34.01304546459575	230.0	37	1.05	0.95				
	318	2	138.26716226842103	28.234735838596492	0.0	0.0	3	0.9803198746433811	30.15058735844344	230.0	37	1.05	0.95				
	319	1	75.1542233350877	15.363018029824559	0.0	0.0	3	0.9814470560561818	31.17690422741027	230.0	35	1.05	0.95				
	320	1	53.14773804912281	10.795634291228069	0.0	0.0	3	0.9910514809460091	30.204771098767587	230.0	35	1.05	0.95				
	321	2	0.0	0.0	0.0	0.0	3	0.9898261794726106	31.21315280795147	230.0	37	1.05	0.95				
	322	2	0.0	0.0	0.0	0.0	3	1.0071475810652477	35.008148323810694	230.0	37	1.05	0.95				
	323	2	0.0	0.0	0.0	0.0	3	0.9962087672535389	29.701535707629194	230.0	35	1.05	0.95				
	324	1	0.0	0.0	0.0	0.0	3	0.9933192905716591	37.7975668493177	230.0	36	1.05	0.95				
