%% MATPOWER Case Format : Version 2
function mpc = RTS_GMLC
mpc.version = '2';

%%-----  Power Flow Data  -----%%
%% system MVA base
mpc.baseMVA = 100.0;
%% bus data
%    bus_i    type    Pd    Qd    Gs    Bs    area    Vm    Va    baseKV    zone    Vmax    Vmin
mpc.bus = [
	101	2	51.51509154947368	10.493814945263157	0.0	0.0	1	1.0326706270324355	2.1587829252308577	138.0	11	1.05	0.95				
	102	2	46.268184076842104	9.539831768421053	0.0	0.0	1	1.032240417053909	2.02505209584044	138.0	12	1.05	0.95				
	103	1	85.85848591578947	17.648688771578946	0.0	0.0	1	1.0274715763353581	-0.07096276973756814	138.0	11	1.05	0.95				
	104	1	35.29737754315789	7.1548738263157885	0.0	0.0	1	1.0204576827107934	-1.174625643455471	138.0	11	1.05	0.95				
	105	1	33.866402777894734	6.677882237894737	0.0	0.0	1	1.034825734758245	-0.9543767586217753	138.0	11	1.05	0.95				
	106	1	64.87085602526315	13.355764475789474	0.0	-100.0	1	1.0438497337362371	-3.176644515436276	138.0	12	1.05	0.95				
	107	2	59.623948552631575	11.924789710526316	0.0	0.0	1	1.0187789349361007	-3.723486343485893	138.0	12	1.05	0.95				
	108	1	81.56556162	16.69470559473684	0.0	0.0	1	1.0151798581339226	-4.600824057977883	138.0	12	1.05	0.95				
	109	1	83.4735279736842	17.171697183157892	0.0	0.0	1	1.025551370685864	-1.8588000315162474	138.0	13	1.05	0.95				
	110	1	93.01335974210525	19.079663536842105	0.0	0.0	1	1.05	-2.604291520341991	138.0	13	1.05	0.95				
	111	1	0.0	0.0	0.0	0.0	1	1.0045489163925025	-0.3270062210655942	230.0	13	1.05	0.95				
	112	1	0.0	0.0	0.0	0.0	1	1.0099233352767256	0.2904239493182966	230.0	13	1.05	0.95				
	113	3	126.40277093157894	25.75754577473684	0.0	0.0	1	0.9974235491271568	1.945282801617717e-28	230.0	14	1.05	0.95				
	114	2	92.53636815368421	18.60267194842105	0.0	0.0	1	1.000572849734129	1.4149675815206462	230.0	16	1.05	0.95				
	115	2	151.20633352947368	30.52746165894737	0.0	0.0	1	1.039845366159793	6.815118258576103	230.0	16	1.05	0.95				
	116	2	47.69915884210526	9.539831768421053	0.0	0.0	1	1.0357492637802201	6.641984958747071	230.0	16	1.05	0.95				
	117	1	0.0	0.0	0.0	0.0	1	1.042605313995468	8.351364601319649	230.0	17	1.05	0.95				
	118	2	158.83819894421052	32.435428012631576	0.0	0.0	1	1.0457818397387024	7.922807906835589	230.0	17	1.05	0.95				
	119	1	86.33547750421052	17.648688771578946	0.0	0.0	1	1.0296910975555427	5.950700834631283	230.0	15	1.05	0.95				
	120	1	61.05492331789474	12.401781298947368	0.0	0.0	1	1.0278766221490077	6.270156132433464	230.0	15	1.05	0.95				
	121	2	0.0	0.0	0.0	0.0	1	1.05	8.61918409561801	230.0	17	1.05	0.95				
	122	2	0.0	0.0	0.0	0.0	1	1.05	18.505151845374254	230.0	17	1.05	0.95				
	123	2	0.0	0.0	0.0	0.0	1	1.0277270487879855	6.812326163431599	230.0	15	1.05	0.95				
	124	1	0.0	0.0	0.0	0.0	1	1.026115802240383	4.248379515350082	230.0	16	1.05	0.95				
	201	2	50.65953093473685	10.319534079298247	0.0	0.0	2	1.0296244650644142	-6.43479534307679	138.0	21	1.05	0.95				
	202	2	45.49976389508772	9.38139461754386	0.0	0.0	2	1.0299896266855624	-6.427763082756457	138.0	22	1.05	0.95				
	203	1	84.43255155789474	17.35558004245614	0.0	0.0	2	1.023028464321584	-5.629266661773068	138.0	21	1.05	0.95				
	204	1	34.71116008491228	7.036045963157894	0.0	0.0	2	1.018809016027163	-8.834327266229836	138.0	21	1.05	0.95				
	205	1	33.3039508922807	6.566976232280703	0.0	0.0	2	1.0337241501318322	-9.01271195624764	138.0	21	1.05	0.95				
	206	1	63.79348339929825	13.133952464561405	0.0	-100.0	2	1.0438459367938624	-10.901557940967963	138.0	22	1.05	0.95				
	207	2	58.63371635964912	11.726743271929825	0.0	0.0	2	0.9871816167270882	-17.978863835779237	138.0	22	1.05	0.95				
	208	1	80.21092398	16.417440580701754	0.0	0.0	2	0.9938858950117222	-15.836888942747718	138.0	22	1.05	0.95				
	209	1	82.08720290350877	16.88651031157895	0.0	0.0	2	1.0235023744942473	-8.890051334299661	138.0	23	1.05	0.95				
	210	1	91.46859752105263	18.76278923508772	0.0	0.0	2	1.05	-10.133497074714565	138.0	23	1.05	0.95				
	211	1	0.0	0.0	0.0	0.0	2	1.0075360584465776	-6.391087120401423	230.0	23	1.05	0.95				
	212	1	0.0	0.0	0.0	0.0	2	1.012253685547035	-6.088351307677885	230.0	23	1.05	0.95				
	213	2	124.30347868245615	25.329765467368425	0.0	0.0	2	1.0019366503786415	-5.826121430771105	230.0	24	1.05	0.95				
	214	2	90.99952779017543	18.29371950421053	0.0	0.0	2	1.0099719152827127	-3.673406704282792	230.0	26	1.05	0.95				
	215	2	148.69510468807016	30.020462776140356	0.0	0.0	2	1.0313744449468083	3.2400537649064955	230.0	26	1.05	0.95				
	216	2	46.9069730877193	9.38139461754386	0.0	0.0	2	1.033883784315042	2.9549032657468723	230.0	26	1.05	0.95				
	217	1	0.0	0.0	0.0	0.0	2	1.0382904448706507	6.005357694509866	230.0	27	1.05	0.95				
	218	2	156.20022038210527	31.896741699649127	0.0	0.0	2	1.0402006349537796	6.618686078660856	230.0	27	1.05	0.95				
	219	1	84.90162128877193	17.35558004245614	0.0	0.0	2	1.034219473027965	1.4894364675806122	230.0	25	1.05	0.95				
	220	1	60.04092555228071	12.195813002807018	0.0	0.0	2	1.038134490349146	1.119868645648066	230.0	25	1.05	0.95				
	221	2	0.0	0.0	0.0	0.0	2	1.0396401130550872	6.244414503375205	230.0	27	1.05	0.95				
	222	2	0.0	0.0	0.0	0.0	2	1.05	12.652372937404364	230.0	27	1.05	0.95				
	223	2	0.0	0.0	0.0	0.0	2	1.0409517084747817	1.2678337365584997	230.0	25	1.05	0.95				
	224	1	0.0	0.0	0.0	0.0	2	1.0171718091101276	-0.08676559209288531	230.0	26	1.05	0.95				
	301	2	61.85827269473684	12.600759252631576	0.0	0.0	3	1.0074534596090385	-35.62797995023762	138.0	31	1.05	0.95				
	302	2	55.55789306842105	11.455235684210525	0.0	0.0	3	1.0068382878262283	-35.77366801181243	138.0	32	1.05	0.95				
	303	1	103.09712115789473	21.19218601578947	0.0	0.0	3	1.0215633956204404	-28.21917491364416	138.0	31	1.05	0.95				
	304	1	42.38437203157894	8.591426763157893	0.0	0.0	3	1.007052082196496	-33.78777050901314	138.0	31	1.05	0.95				
	305	1	40.66608667894736	8.018664978947369	0.0	0.0	3	1.020844836688113	-34.767874802087434	138.0	31	1.05	0.95				
	306	1	77.89560265263158	16.037329957894737	0.0	-100.0	3	1.0358264758343005	-34.927955873333566	138.0	32	1.05	0.95				
	307	2	71.59522302631578	14.319044605263157	0.0	0.0	3	0.9966078587490986	-39.17194187745186	138.0	32	1.05	0.95				
	308	1	97.94226509999999	20.04666244736842	0.0	0.0	3	0.9971351606154859	-37.474631078835024	138.0	32	1.05	0.95				
	309	1	100.23331223684208	20.619424231578947	0.0	0.0	3	1.0271542220275007	-29.830816179962923	138.0	33	1.05	0.95				
	310	1	111.68854792105263	22.91047136842105	0.0	0.0	3	1.05	-32.0694102409967	138.0	33	1.05	0.95				
	311	1	0.0	0.0	0.0	0.0	3	1.0180839789006622	-24.808458168351283	230.0	33	1.05	0.95				
	312	1	0.0	0.0	0.0	0.0	3	1.0173025494059473	-24.151697920185757	230.0	33	1.05	0.95				
	313	2	151.78187281578946	30.92913634736842	0.0	0.0	3	1.0257733528485244	-21.054764101753246	230.0	34	1.05	0.95				
	314	2	111.1157861368421	22.337709584210526	0.0	0.0	3	1.0295176907674932	-22.012674498798205	230.0	36	1.05	0.95				
	315	2	181.56548559473683	36.65675418947368	0.0	0.0	3	1.048741360409725	-15.014688564909699	230.0	36	1.05	0.95				
	316	2	57.27617842105263	11.455235684210525	0.0	0.0	3	1.0487298746156462	-14.63753060588797	230.0	36	1.05	0.95				
	317	1	0.0	0.0	0.0	0.0	3	1.0493360928028748	-11.895065358771024	230.0	37	1.05	0.95				
	318	2	190.72967414210524	38.94780132631579	0.0	0.0	3	1.049502610058076	-11.253049571734117	230.0	37	1.05	0.95				
	319	1	103.66988294210526	21.19218601578947	0.0	0.0	3	1.045774709874924	-15.677323403620148	230.0	35	1.05	0.95				
	320	1	73.31350837894736	14.891806389473683	0.0	0.0	3	1.0477325339175865	-15.510494952435034	230.0	35	1.05	0.95				
	321	2	0.0	0.0	0.0	0.0	3	1.05	-10.863857693817597	230.0	37	1.05	0.95				
	322	2	0.0	0.0	0.0	0.0	3	1.05	-5.4925384384495315	230.0	37	1.05	0.95				
	323	2	0.0	0.0	0.0	0.0	3	1.05	-15.000194080121066	230.0	35	1.05	0.95				
	324	1	0.0	0.0	0.0	0.0	3	1.021763070752085	-19.889184375210572	230.0	36	1.05	0.95				
	325	1	0.0	0.0	0.0	0.0	3	1.0400746345650098	-13.101940252202388	230.0	35	1.05	0.95				
];
