%% MATPOWER Case Format : Version 2
function mpc = RTS_GMLC
mpc.version = '2';

%%-----  Power Flow Data  -----%%
%% system MVA base
mpc.baseMVA = 100.0;
%% bus data
%    bus_i    type    Pd    Qd    Gs    Bs    area    Vm    Va    baseKV    zone    Vmax    Vmin
mpc.bus = [
	101	2	44.24740226526316	9.013359720701754	0.0	0.0	1	1.0193512595707552	3.886053584374823	138.0	11	1.05	0.95				
	102	2	39.740722404912276	8.19396338245614	0.0	0.0	1	1.0181923170931735	3.5753400842905334	138.0	12	1.05	0.95				
	103	1	73.74567044210526	15.158832257543859	0.0	0.0	1	1.0286283520940545	3.7340899909940055	138.0	11	1.05	0.95				
	104	1	30.317664515087717	6.145472536842105	0.0	0.0	1	1.0151986986863113	0.35267530673814185	138.0	11	1.05	0.95				
	105	1	29.088570007719294	5.735774367719299	0.0	0.0	1	1.0286156709547936	0.4358712490450884	138.0	11	1.05	0.95				
	106	1	55.71895100070176	11.471548735438597	0.0	-100.0	1	1.0421042017539401	-1.9439771429280142	138.0	12	1.05	0.95				
	107	2	51.21227114035087	10.242454228070175	0.0	0.0	1	0.9843693586554103	-8.528552618079123	138.0	12	1.05	0.95				
	108	1	70.05838691999999	14.339435919298243	0.0	0.0	1	0.9950691025067513	-6.658861669270808	138.0	12	1.05	0.95				
	109	1	71.69717959649122	14.749134088421052	0.0	0.0	1	1.025295994217113	-0.5748450434763124	138.0	13	1.05	0.95				
	110	1	79.89114297894736	16.38792676491228	0.0	0.0	1	1.05	-1.7155514845304098	138.0	13	1.05	0.95				
	111	1	0.0	0.0	0.0	0.0	1	1.0165545340221642	1.2913390715949664	230.0	13	1.05	0.95				
	112	1	0.0	0.0	0.0	0.0	1	1.0129144737754965	0.5261018602492348	230.0	13	1.05	0.95				
	113	3	108.57001481754385	22.12370113263158	0.0	0.0	1	0.9926459119251007	-2.52475057400895e-31	230.0	14	1.05	0.95				
	114	2	79.48144480982455	15.978228595789473	0.0	0.0	1	1.0421830509531989	4.776568098476186	230.0	16	1.05	0.95				
	115	2	129.87431961192982	26.220682823859647	0.0	0.0	1	1.0441307776203324	13.881936270881685	230.0	16	1.05	0.95				
	116	2	40.9698169122807	8.19396338245614	0.0	0.0	1	1.0444215809075235	12.295787655959522	230.0	16	1.05	0.95				
	117	1	0.0	0.0	0.0	0.0	1	1.0423282562305023	17.893055938878536	230.0	17	1.05	0.95				
	118	2	136.42949031789473	27.85947550035088	0.0	0.0	1	1.05	18.314286639605907	230.0	17	1.05	0.95				
	119	1	74.15536861122807	15.158832257543859	0.0	0.0	1	1.0412947568384225	8.730779655942019	230.0	15	1.05	0.95				
	120	1	52.441365647719294	10.652152397192982	0.0	0.0	1	1.0439452950389447	6.409693955359545	230.0	15	1.05	0.95				
	121	2	0.0	0.0	0.0	0.0	1	1.0431269453807297	19.744026606213414	230.0	17	1.05	0.95				
	122	2	0.0	0.0	0.0	0.0	1	1.05	37.7063637687693	230.0	17	1.05	0.95				
	123	2	0.0	0.0	0.0	0.0	1	1.0461600081584326	5.441689053023683	230.0	15	1.05	0.95				
	124	1	0.0	0.0	0.0	0.0	1	1.0256162158113504	10.099977462139167	230.0	16	1.05	0.95				
	201	2	53.70250274526316	10.93939870736842	0.0	0.0	2	1.0241824944564375	-10.529729689739323	138.0	21	1.05	0.95				
	202	2	48.23280339157895	9.944907915789475	0.0	0.0	2	1.0253440637229196	-10.344619471085354	138.0	22	1.05	0.95				
	203	1	89.50417124210527	18.398079644210526	0.0	0.0	2	1.011614862520902	-9.11172953169949	138.0	21	1.05	0.95				
	204	1	36.79615928842105	7.4586809368421045	0.0	0.0	2	1.0158016210664151	-11.805181031209267	138.0	21	1.05	0.95				
	205	1	35.30442310105263	6.961435541052633	0.0	0.0	2	1.0309499671153608	-12.149601205381973	138.0	21	1.05	0.95				
	206	1	67.62537382736843	13.922871082105265	0.0	-100.0	2	1.0423690214963006	-13.497220908369474	138.0	22	1.05	0.95				
	207	2	62.15567447368421	12.431134894736843	0.0	0.0	2	0.9913123090452237	-20.66229296231299	138.0	22	1.05	0.95				
	208	1	85.02896267999999	17.403588852631575	0.0	0.0	2	0.9948205642338823	-18.348038486983	138.0	22	1.05	0.95				
	209	1	87.0179442631579	17.900834248421052	0.0	0.0	2	1.0225190046190626	-10.956894311371082	138.0	23	1.05	0.95				
	210	1	96.96285217894737	19.88981583157895	0.0	0.0	2	1.05	-12.197104279885176	138.0	23	1.05	0.95				
	211	1	0.0	0.0	0.0	0.0	2	1.0102276273604782	-7.862962013906468	230.0	23	1.05	0.95				
	212	1	0.0	0.0	0.0	0.0	2	1.010612585228956	-6.482577862753192	230.0	23	1.05	0.95				
	213	2	131.77002988421052	26.85125137263158	0.0	0.0	2	1.0093230481442297	-6.030371180284948	230.0	24	1.05	0.95				
	214	2	96.4656067831579	19.392570435789473	0.0	0.0	2	1.0134634113208962	-5.691423130935966	230.0	26	1.05	0.95				
	215	2	157.62679046526316	31.823705330526312	0.0	0.0	2	1.0259533637721918	0.1877032238177397	230.0	26	1.05	0.95				
	216	2	49.72453957894737	9.944907915789475	0.0	0.0	2	1.0298107313489349	0.4254559646842138	230.0	26	1.05	0.95				
	217	1	0.0	0.0	0.0	0.0	2	1.0358362165101662	1.8963819295082176	230.0	27	1.05	0.95				
	218	2	165.58271679789473	33.81268691368422	0.0	0.0	2	1.0335556601388243	1.1717325209060434	230.0	27	1.05	0.95				
	219	1	90.00141663789474	18.398079644210526	0.0	0.0	2	1.0308820847503657	1.2868777642017577	230.0	25	1.05	0.95				
	220	1	63.647410661052625	12.928380290526317	0.0	0.0	2	1.0358344125369978	2.9880718009796743	230.0	25	1.05	0.95				
	221	2	0.0	0.0	0.0	0.0	2	1.0338101770992716	1.654432741334853	230.0	27	1.05	0.95				
	222	2	0.0	0.0	0.0	0.0	2	1.05	8.246911005608444	230.0	27	1.05	0.95				
	223	2	0.0	0.0	0.0	0.0	2	1.0400930026673727	4.2879445215406875	230.0	25	1.05	0.95				
	224	1	0.0	0.0	0.0	0.0	2	1.0090824259889464	-3.279283526293478	230.0	26	1.05	0.95				
	301	2	58.09996837894737	11.83517874385965	0.0	0.0	3	1.0131997302640392	-8.737670082531537	138.0	31	1.05	0.95				
	302	2	52.182379007017545	10.759253403508772	0.0	0.0	3	1.0122571517106114	-8.937509277307603	138.0	32	1.05	0.95				
	303	1	96.83328063157896	19.90461879649123	0.0	0.0	3	1.0357500101833161	0.6870486987878386	138.0	31	1.05	0.95				
	304	1	39.80923759298246	8.06944005263158	0.0	0.0	3	1.0110099599730713	-7.066046196268453	138.0	31	1.05	0.95				
	305	1	38.19534958245614	7.531477382456142	0.0	0.0	3	1.0246397276953167	-8.569281838047345	138.0	31	1.05	0.95				
	306	1	73.16292314385966	15.062954764912284	0.0	-100.0	3	1.0383041126510724	-9.081490422728542	138.0	32	1.05	0.95				
	307	2	67.24533377192982	13.449066754385965	0.0	0.0	3	0.9943864165690999	-14.892476240007742	138.0	32	1.05	0.95				
	308	1	91.9916166	18.828693456140353	0.0	0.0	3	0.9958866214018113	-12.363089699993976	138.0	32	1.05	0.95				
	309	1	94.14346728070177	19.36665612631579	0.0	0.0	3	1.0282641387479565	-3.346229043781751	138.0	33	1.05	0.95				
	310	1	104.90272068421054	21.518506807017545	0.0	0.0	3	1.05	-6.674171686010679	138.0	33	1.05	0.95				
	311	1	0.0	0.0	0.0	0.0	3	1.014921148702168	0.012426020176326673	230.0	33	1.05	0.95				
	312	1	0.0	0.0	0.0	0.0	3	1.0134000610829588	0.25636293346109684	230.0	33	1.05	0.95				
	313	2	142.56010759649124	29.049984189473687	0.0	0.0	3	1.0153609672105173	3.0750459044351075	230.0	34	1.05	0.95				
	314	2	104.36475801403509	20.98054413684211	0.0	0.0	3	1.0243765348823595	2.3872802598655016	230.0	36	1.05	0.95				
	315	2	170.53416644561406	34.42961089122807	0.0	0.0	3	1.0424880312826899	8.394915308303249	230.0	36	1.05	0.95				
	316	2	53.79626701754386	10.759253403508772	0.0	0.0	3	1.0420862992701125	9.000553601370006	230.0	36	1.05	0.95				
	317	1	0.0	0.0	0.0	0.0	3	1.05	14.257356732858213	230.0	37	1.05	0.95				
	318	2	179.14156916842109	36.58146157192983	0.0	0.0	3	1.0434462852749533	11.547693318801217	230.0	37	1.05	0.95				
	319	1	97.37124330175439	19.90461879649123	0.0	0.0	3	1.0332980323964147	7.224476201135641	230.0	35	1.05	0.95				
	320	1	68.85922178245615	13.987029424561406	0.0	0.0	3	1.0302768251171548	6.6983124541064125	230.0	35	1.05	0.95				
	321	2	0.0	0.0	0.0	0.0	3	1.044800291335548	11.139446598259624	230.0	37	1.05	0.95				
	322	2	0.0	0.0	0.0	0.0	3	1.05	16.705247920714914	230.0	37	1.05	0.95				
	323	2	0.0	0.0	0.0	0.0	3	1.029614595144887	6.817384733695155	230.0	35	1.05	0.95				
	324	1	0.0	0.0	0.0	0.0	3	1.0300255615616232	5.500659348366853	230.0	36	1.05	0.95				
	325	1	0.0	0.0	0.0	0.0	3	1.027360541200898	7.90199734186305	230.0	35	1.05	0.95				
];
