%% MATPOWER Case Format : Version 2
function mpc = RTS_GMLC
mpc.version = '2';

%%-----  Power Flow Data  -----%%
%% system MVA base
mpc.baseMVA = 100.0;
%% bus data
%    bus_i    type    Pd    Qd    Gs    Bs    area    Vm    Va    baseKV    zone    Vmax    Vmin
mpc.bus = [
	101	2	47.18654132210527	9.612073232280702	0.0	0.0	1	1.0326250546124205	2.654605531772633	138.0	11	1.05	0.95				
	102	2	42.38050470596491	8.738248392982456	0.0	0.0	1	1.0319292332855747	2.4288432038400076	138.0	12	1.05	0.95				
	103	1	78.64423553684212	16.165759527017542	0.0	0.0	1	1.0300667980496114	1.6772921180021745	138.0	11	1.05	0.95				
	104	1	32.331519054035084	6.553686294736842	0.0	0.0	1	1.0206978673155225	-0.7393592422134233	138.0	11	1.05	0.95				
	105	1	31.020781795087714	6.11677387508772	0.0	0.0	1	1.0352035664570276	-0.6025070644427751	138.0	11	1.05	0.95				
	106	1	59.4200890722807	12.23354775017544	0.0	-100.0	1	1.044812209723275	-2.893817668400101	138.0	12	1.05	0.95				
	107	2	54.61405245614035	10.92281049122807	0.0	0.0	1	1.000076794394319	-9.192458278415986	138.0	12	1.05	0.95				
	108	1	74.71202376000001	15.291934687719296	0.0	0.0	1	1.0034441782462507	-7.515913979168412	138.0	12	1.05	0.95				
	109	1	76.45967343859648	15.728847107368422	0.0	0.0	1	1.024846415686153	-1.5577972151308093	138.0	13	1.05	0.95				
	110	1	85.19792183157895	17.476496785964912	0.0	0.0	1	1.05	-2.5246500664642615	138.0	13	1.05	0.95				
	111	1	0.0	0.0	0.0	0.0	1	1.0055476950266542	0.3687163366217706	230.0	13	1.05	0.95				
	112	1	0.0	0.0	0.0	0.0	1	1.0098210007091044	0.37550353044565904	230.0	13	1.05	0.95				
	113	3	115.78179120701755	23.593270661052635	0.0	0.0	1	0.9974874976107991	-2.2162144492977864e-29	230.0	14	1.05	0.95				
	114	2	84.76100941192982	17.03958436631579	0.0	0.0	1	1.0056533847572162	3.2096085236115166	230.0	16	1.05	0.95				
	115	2	138.50123702877192	27.96239485754386	0.0	0.0	1	1.042317833657465	10.42841826769363	230.0	16	1.05	0.95				
	116	2	43.69124196491228	8.738248392982456	0.0	0.0	1	1.0392701709536785	9.704212812271283	230.0	16	1.05	0.95				
	117	1	0.0	0.0	0.0	0.0	1	1.0430607202122617	12.923300628121972	230.0	17	1.05	0.95				
	118	2	145.4918357431579	29.71004453614035	0.0	0.0	1	1.0477893941312748	12.747460854503712	230.0	17	1.05	0.95				
	119	1	79.08114795649122	16.165759527017542	0.0	0.0	1	1.0314891252706162	7.789078365935988	230.0	15	1.05	0.95				
	120	1	55.92478971508772	11.359722910877194	0.0	0.0	1	1.0283363038322866	6.9535750813322785	230.0	15	1.05	0.95				
	121	2	0.0	0.0	0.0	0.0	1	1.05	13.605394331388506	230.0	17	1.05	0.95				
	122	2	0.0	0.0	0.0	0.0	1	1.05	27.35932657150078	230.0	17	1.05	0.95				
	123	2	0.0	0.0	0.0	0.0	1	1.027141816898571	6.828073792110454	230.0	15	1.05	0.95				
	124	1	0.0	0.0	0.0	0.0	1	1.0266660823638847	7.15931454038978	230.0	16	1.05	0.95				
	201	2	53.3115063663158	10.859751296842104	0.0	0.0	2	1.030618113117861	-9.174734008050134	138.0	21	1.05	0.95				
	202	2	47.88163071789474	9.872501178947369	0.0	0.0	2	1.0310934518057557	-9.142727200245348	138.0	22	1.05	0.95				
	203	1	88.85251061052631	18.26412718105263	0.0	0.0	2	1.017654433952668	-8.636833805592133	138.0	21	1.05	0.95				
	204	1	36.52825436210526	7.404375884210526	0.0	0.0	2	1.0185682944080434	-11.33497356342339	138.0	21	1.05	0.95				
	205	1	35.04737918526315	6.910750825263158	0.0	0.0	2	1.034041482572996	-11.497811199615626	138.0	21	1.05	0.95				
	206	1	67.13300801684211	13.821501650526317	0.0	-100.0	2	1.0435709621363078	-13.262614861883641	138.0	22	1.05	0.95				
	207	2	61.70313236842105	12.34062647368421	0.0	0.0	2	0.9895448317000399	-20.694413869796648	138.0	22	1.05	0.95				
	208	1	84.40988508	17.276877063157894	0.0	0.0	2	0.9940476985525777	-18.40668482304279	138.0	22	1.05	0.95				
	209	1	86.38438531578947	17.77050212210526	0.0	0.0	2	1.0229033921051442	-11.117226520423758	138.0	23	1.05	0.95				
	210	1	96.25688649473683	19.745002357894737	0.0	0.0	2	1.05	-12.285724092846992	138.0	23	1.05	0.95				
	211	1	0.0	0.0	0.0	0.0	2	1.0085703883692774	-8.19633143658527	230.0	23	1.05	0.95				
	212	1	0.0	0.0	0.0	0.0	2	1.0106320278129508	-7.5608366063188965	230.0	23	1.05	0.95				
	213	2	130.81064062105264	26.6557531831579	0.0	0.0	2	1.0044820619943093	-7.207632535892266	230.0	24	1.05	0.95				
	214	2	95.76326143578947	19.251377298947368	0.0	0.0	2	1.0121687377034203	-5.479227927759432	230.0	26	1.05	0.95				
	215	2	156.47914368631578	31.59200377263158	0.0	0.0	2	1.029073791852127	1.5919990284852157	230.0	26	1.05	0.95				
	216	2	49.36250589473684	9.872501178947369	0.0	0.0	2	1.0310586243689477	1.3569718462248839	230.0	26	1.05	0.95				
	217	1	0.0	0.0	0.0	0.0	2	1.0356911062338794	4.314869777772483	230.0	27	1.05	0.95				
	218	2	164.3771446294737	33.566504008421056	0.0	0.0	2	1.0369694456420193	4.573375721252219	230.0	27	1.05	0.95				
	219	1	89.34613566947368	18.26412718105263	0.0	0.0	2	1.0305660643031123	0.5385445351756465	230.0	25	1.05	0.95				
	220	1	63.18400754526316	12.83425153263158	0.0	0.0	2	1.0338033128882174	0.7809531223904097	230.0	25	1.05	0.95				
	221	2	0.0	0.0	0.0	0.0	2	1.0370204201740743	4.348262931578657	230.0	27	1.05	0.95				
	222	2	0.0	0.0	0.0	0.0	2	1.05	10.834322211171575	230.0	27	1.05	0.95				
	223	2	0.0	0.0	0.0	0.0	2	1.0364737195835056	1.2850123886162697	230.0	25	1.05	0.95				
	224	1	0.0	0.0	0.0	0.0	2	1.0121717980428382	-2.2351769287691323	230.0	26	1.05	0.95				
	301	2	68.11072446315791	13.874406835087719	0.0	0.0	3	1.0123502770653283	-29.994478834843832	138.0	31	1.05	0.95				
	302	2	61.17352104561403	12.613097122807018	0.0	0.0	3	1.0115362930055323	-30.199408136956084	138.0	32	1.05	0.95				
	303	1	113.51787410526318	23.334229677192983	0.0	0.0	3	1.0269573685356888	-20.0975132171088	138.0	31	1.05	0.95				
	304	1	46.668459354385966	9.459822842105263	0.0	0.0	3	1.0079482258966206	-28.01968938222912	138.0	31	1.05	0.95				
	305	1	44.77649478596491	8.829167985964913	0.0	0.0	3	1.0226159554533745	-29.383591540046357	138.0	31	1.05	0.95				
	306	1	85.76906043508772	17.658335971929827	0.0	-100.0	3	1.0352854161435516	-29.733674699073706	138.0	32	1.05	0.95				
	307	2	78.83185701754385	15.766371403508773	0.0	0.0	3	0.9872575519278018	-36.98722555435446	138.0	32	1.05	0.95				
	308	1	107.8419804	22.07291996491228	0.0	0.0	3	0.9871781118146586	-33.9418479896577	138.0	32	1.05	0.95				
	309	1	110.3645998245614	22.70357482105263	0.0	0.0	3	1.0275768720554552	-23.66831210725642	138.0	33	1.05	0.95				
	310	1	122.97769694736841	25.226194245614035	0.0	0.0	3	1.05	-26.74953187613324	138.0	33	1.05	0.95				
	311	1	0.0	0.0	0.0	0.0	3	1.0234071725893685	-18.649371280595233	230.0	33	1.05	0.95				
	312	1	0.0	0.0	0.0	0.0	3	1.0196458471535372	-18.20489373189166	230.0	33	1.05	0.95				
	313	2	167.12353687719298	34.055362231578954	0.0	0.0	3	1.0335165355862832	-15.137451138119417	230.0	34	1.05	0.95				
	314	2	122.34704209122806	24.595539389473686	0.0	0.0	3	1.03984917592011	-15.314094683171161	230.0	36	1.05	0.95				
	315	2	199.91758939649122	40.36191079298246	0.0	0.0	3	1.0470001603511225	-7.69427633561299	230.0	36	1.05	0.95				
	316	2	63.06548561403509	12.613097122807018	0.0	0.0	3	1.0481745030037835	-6.739103326680304	230.0	36	1.05	0.95				
	317	1	0.0	0.0	0.0	0.0	3	1.05	-1.6539474397440457	230.0	37	1.05	0.95				
	318	2	210.00806709473684	42.88453021754386	0.0	0.0	3	1.0420905177384239	-3.4209543350367726	230.0	37	1.05	0.95				
	319	1	114.1485289614035	23.334229677192983	0.0	0.0	3	1.0446964466122586	-8.505072842749403	230.0	35	1.05	0.95				
	320	1	80.72382158596491	16.397026259649124	0.0	0.0	3	1.047229781257539	-8.861105589167526	230.0	35	1.05	0.95				
	321	2	0.0	0.0	0.0	0.0	3	1.0455794885610665	-4.250481116052025	230.0	37	1.05	0.95				
	322	2	0.0	0.0	0.0	0.0	3	1.05	1.1111604469133287	230.0	37	1.05	0.95				
	323	2	0.0	0.0	0.0	0.0	3	1.05	-8.596135303550035	230.0	35	1.05	0.95				
	324	1	0.0	0.0	0.0	0.0	3	1.0238281308236516	-12.30180080575509	230.0	36	1.05	0.95				
	325	1	0.0	0.0	0.0	0.0	3	1.0410884920096881	-6.805008945840646	230.0	35	1.05	0.95				
];
