%% MATPOWER Case Format : Version 2
function mpc = RTS_GMLC
mpc.version = '2';

%%-----  Power Flow Data  -----%%
%% system MVA base
mpc.baseMVA = 100.0;
%% bus data
%    bus_i    type    Pd    Qd    Gs    Bs    area    Vm    Va    baseKV    zone    Vmax    Vmin
mpc.bus = [
	101	2	60.85353785684211	12.396091044912282	0.0	0.0	1	1.048206846928459	2.0832131612934455	138.0	11	1.05	0.95				
	102	2	54.65549233438597	11.269173677192985	0.0	0.0	1	1.0476187396730037	1.8825680389468493	138.0	12	1.05	0.95				
	103	1	101.42256309473684	20.847971302807018	0.0	0.0	1	1.0283264205687515	-0.7772418221147621	138.0	11	1.05	0.95				
	104	1	41.695942605614036	8.451880257894736	0.0	0.0	1	1.0268707303526183	-1.79605975410185	138.0	11	1.05	0.95				
	105	1	40.005566554035084	7.888421574035089	0.0	0.0	1	1.0409256690570734	-1.8735083584381582	138.0	11	1.05	0.95				
	106	1	76.63038100491228	15.776843148070178	0.0	-100.0	1	1.0444937483886116	-4.659719574102844	138.0	12	1.05	0.95				
	107	2	70.43233548245614	14.086467096491228	0.0	0.0	1	1.0015265288267858	-9.903066830083763	138.0	12	1.05	0.95				
	108	1	96.35143494	19.721053935087717	0.0	0.0	1	1.0010309294536706	-9.05811161027231	138.0	12	1.05	0.95				
	109	1	98.6052696754386	20.284512618947367	0.0	0.0	1	1.0250323132508146	-3.27363059553655	138.0	13	1.05	0.95				
	110	1	109.87444335263159	22.53834735438597	0.0	0.0	1	1.05	-4.181030993003844	138.0	13	1.05	0.95				
	111	1	0.0	0.0	0.0	0.0	1	1.0074455479963496	-1.1907993388586025	230.0	13	1.05	0.95				
	112	1	0.0	0.0	0.0	0.0	1	1.0111035545178721	-0.5838312620758599	230.0	13	1.05	0.95				
	113	3	149.31655122280702	30.426768928421055	0.0	0.0	1	1.0030244649769278	1.525774580465369e-27	230.0	14	1.05	0.95				
	114	2	109.31098466877194	21.97488867052632	0.0	0.0	1	1.0059449798849243	0.4067676614776828	230.0	16	1.05	0.95				
	115	2	178.61640278350876	36.061355767017545	0.0	0.0	1	1.0380532161207727	6.530590424805551	230.0	16	1.05	0.95				
	116	2	56.34586838596491	11.269173677192985	0.0	0.0	1	1.034286347277067	6.0437987697821445	230.0	16	1.05	0.95				
	117	1	0.0	0.0	0.0	0.0	1	1.0408047264591878	8.189519240538646	230.0	17	1.05	0.95				
	118	2	187.63174172526317	38.31519050245614	0.0	0.0	1	1.0428275935322056	8.35919810119882	230.0	17	1.05	0.95				
	119	1	101.98602177859651	20.847971302807018	0.0	0.0	1	1.0277306954324361	5.069608882484417	230.0	15	1.05	0.95				
	120	1	72.12271153403509	14.649925780350879	0.0	0.0	1	1.026205186367051	5.144847343571777	230.0	15	1.05	0.95				
	121	2	0.0	0.0	0.0	0.0	1	1.0463458076431507	9.646390570339616	230.0	17	1.05	0.95				
	122	2	0.0	0.0	0.0	0.0	1	1.05	15.584666849709429	230.0	17	1.05	0.95				
	123	2	0.0	0.0	0.0	0.0	1	1.0265770725193422	5.617474044875756	230.0	15	1.05	0.95				
	124	1	0.0	0.0	0.0	0.0	1	1.0249179131617367	3.796849638281016	230.0	16	1.05	0.95				
	201	2	56.60947584	11.531559893333334	0.0	0.0	2	1.026595820661549	-6.487495069011188	138.0	21	1.05	0.95				
	202	2	50.84369589333333	10.483236266666667	0.0	0.0	2	1.027418667829875	-6.3078435957257195	138.0	22	1.05	0.95				
	203	1	94.3491264	19.393987093333333	0.0	0.0	2	1.0170593882646721	-6.458443684322008	138.0	21	1.05	0.95				
	204	1	38.787974186666666	7.862427199999999	0.0	0.0	2	1.0172167843631195	-7.756445424601305	138.0	21	1.05	0.95				
	205	1	37.215488746666665	7.338265386666667	0.0	0.0	2	1.0318476504183514	-7.961417493475081	138.0	21	1.05	0.95				
	206	1	71.28600661333334	14.676530773333335	0.0	-100.0	2	1.0421655823123226	-9.254073592475018	138.0	22	1.05	0.95				
	207	2	65.52022666666667	13.104045333333334	0.0	0.0	2	0.9909142186201098	-16.896949724835785	138.0	22	1.05	0.95				
	208	1	89.63167008	18.345663466666664	0.0	0.0	2	0.9937996699846386	-14.440666172083239	138.0	22	1.05	0.95				
	209	1	91.72831733333334	18.86982528	0.0	0.0	2	1.0243344647265824	-6.797055702395055	138.0	23	1.05	0.95				
	210	1	102.2115536	20.966472533333334	0.0	0.0	2	1.05	-7.781772221800311	138.0	23	1.05	0.95				
	211	1	0.0	0.0	0.0	0.0	2	1.0084127504136746	-3.883793451891042	230.0	23	1.05	0.95				
	212	1	0.0	0.0	0.0	0.0	2	1.0133551150917077	-0.702283683553067	230.0	23	1.05	0.95				
	213	2	138.90288053333333	28.30473792	0.0	0.0	2	1.0055113588976876	-2.0074911168531706	230.0	24	1.05	0.95				
	214	2	101.68739178666667	20.442310720000002	0.0	0.0	2	1.0096412496361094	-2.028889953379713	230.0	26	1.05	0.95				
	215	2	166.15929482666667	33.546356053333334	0.0	0.0	2	1.0304632489841332	3.7817477513372366	230.0	26	1.05	0.95				
	216	2	52.416181333333334	10.483236266666667	0.0	0.0	2	1.0303874383045473	3.7846112233426816	230.0	26	1.05	0.95				
	217	1	0.0	0.0	0.0	0.0	2	1.035683046717791	5.950279511542445	230.0	27	1.05	0.95				
	218	2	174.54588384000002	35.64300330666667	0.0	0.0	2	1.0368063417309976	6.297306782559983	230.0	27	1.05	0.95				
	219	1	94.87328821333334	19.393987093333333	0.0	0.0	2	1.0290694476140747	3.6133369164537785	230.0	25	1.05	0.95				
	220	1	67.09271210666667	13.628207146666668	0.0	0.0	2	1.0319213822824884	4.4773943357532255	230.0	25	1.05	0.95				
	221	2	0.0	0.0	0.0	0.0	2	1.0372462802595923	6.221446128101403	230.0	27	1.05	0.95				
	222	2	0.0	0.0	0.0	0.0	2	1.05	12.61427239632339	230.0	27	1.05	0.95				
	223	2	0.0	0.0	0.0	0.0	2	1.034734625595706	5.345794139885307	230.0	25	1.05	0.95				
	224	1	0.0	0.0	0.0	0.0	2	1.0127886492556983	-0.04213075303368036	230.0	26	1.05	0.95				
	301	2	64.72825056	13.185384373333333	0.0	0.0	3	1.0059242499707512	-14.20626462212261	138.0	31	1.05	0.95				
	302	2	58.13555837333334	11.986713066666669	0.0	0.0	3	1.005574707679677	-14.310338344080472	138.0	32	1.05	0.95				
	303	1	107.88041760000002	22.175419173333335	0.0	0.0	3	1.0183008568981033	-8.773362632445094	138.0	31	1.05	0.95				
	304	1	44.35083834666667	8.9900348	0.0	0.0	3	1.0051375196677297	-12.344485164511093	138.0	31	1.05	0.95				
	305	1	42.55283138666667	8.390699146666668	0.0	0.0	3	1.019185087381748	-12.67827455987633	138.0	31	1.05	0.95				
	306	1	81.50964885333335	16.781398293333336	0.0	-100.0	3	1.0345045974079876	-12.495307790621105	138.0	32	1.05	0.95				
	307	2	74.91695666666666	14.983391333333335	0.0	0.0	3	0.9950963939239785	-18.518925038216793	138.0	32	1.05	0.95				
	308	1	102.48639672000002	20.976747866666667	0.0	0.0	3	0.996933656707565	-15.706428196887467	138.0	32	1.05	0.95				
	309	1	104.88373933333335	21.57608352	0.0	0.0	3	1.0258025616844442	-8.288180065657283	138.0	33	1.05	0.95				
	310	1	116.8704524	23.973426133333337	0.0	0.0	3	1.05	-9.230127699256384	138.0	33	1.05	0.95				
	311	1	0.0	0.0	0.0	0.0	3	1.014984923707919	-2.3755971580491853	230.0	33	1.05	0.95				
	312	1	0.0	0.0	0.0	0.0	3	1.0171599804974891	-1.5896701279354488	230.0	33	1.05	0.95				
	313	2	158.82394813333335	32.36412528	0.0	0.0	3	1.030067645199682	3.394143132151784	230.0	34	1.05	0.95				
	314	2	116.27111674666668	23.374090480000003	0.0	0.0	3	1.0200334537365454	-1.1069273745833155	230.0	36	1.05	0.95				
	315	2	189.9894021066667	38.35748181333334	0.0	0.0	3	1.0333659732181693	-1.2612305809563757	230.0	36	1.05	0.95				
	316	2	59.93356533333334	11.986713066666669	0.0	0.0	3	1.0337632225719333	0.08238787885213049	230.0	36	1.05	0.95				
	317	1	0.0	0.0	0.0	0.0	3	1.0369534401068168	0.2303093403322036	230.0	37	1.05	0.95				
	318	2	199.57877256000003	40.75482442666667	0.0	0.0	3	1.0349667241953502	-0.28058174239182093	230.0	37	1.05	0.95				
	319	1	108.47975325333334	22.175419173333335	0.0	0.0	3	1.0319543341594568	0.9848257284810035	230.0	35	1.05	0.95				
	320	1	76.71496362666667	15.582726986666668	0.0	0.0	3	1.0326787814256804	1.7902396106139873	230.0	35	1.05	0.95				
	321	2	0.0	0.0	0.0	0.0	3	1.0365117735347418	-0.06654099152855986	230.0	37	1.05	0.95				
	322	2	0.0	0.0	0.0	0.0	3	1.049811974662279	4.358552575764066	230.0	37	1.05	0.95				
	323	2	0.0	0.0	0.0	0.0	3	1.0335223443665376	2.2598352741884367	230.0	35	1.05	0.95				
	324	1	0.0	0.0	0.0	0.0	3	1.0202227473597731	-2.5042876048986877	230.0	36	1.05	0.95				
	325	1	0.0	0.0	0.0	0.0	3	1.0335197530114622	2.887228340410246	230.0	35	1.05	0.95				
];
