%% MATPOWER Case Format : Version 2
function mpc = RTS_GMLC
mpc.version = '2';

%%-----  Power Flow Data  -----%%
%% system MVA base
mpc.baseMVA = 100.0;
%% bus data
%    bus_i    type    Pd    Qd    Gs    Bs    area    Vm    Va    baseKV    zone    Vmax    Vmin
mpc.bus = [
	101	2	47.88124692631579	9.753587336842106	0.0	0.0	1	1.0160633997666084	1.9573456206272757	138.0	11	1.05	0.95				
	102	2	43.00445325789473	8.86689757894737	0.0	0.0	1	1.0149410451120588	1.642515914024004	138.0	12	1.05	0.95				
	103	1	79.80207821052632	16.40376052105263	0.0	0.0	1	1.025438267033758	2.01216118797326	138.0	11	1.05	0.95				
	104	1	32.80752104210526	6.650173184210526	0.0	0.0	1	1.013202468420811	-1.4802843074361165	138.0	11	1.05	0.95				
	105	1	31.477486405263157	6.2068283052631585	0.0	0.0	1	1.026568778231328	-1.4224218166054798	138.0	11	1.05	0.95				
	106	1	60.29490353684211	12.413656610526317	0.0	-100.0	1	1.0404393705654986	-3.787284061343001	138.0	12	1.05	0.95				
	107	2	55.41810986842105	11.08362197368421	0.0	0.0	1	0.9862961641056174	-11.742659976225337	138.0	12	1.05	0.95				
	108	1	75.8119743	15.517070763157893	0.0	0.0	1	0.9942277097457975	-9.297109030681263	138.0	12	1.05	0.95				
	109	1	77.58535381578947	15.96041564210526	0.0	0.0	1	1.0254011477107994	-2.180061530536438	138.0	13	1.05	0.95				
	110	1	86.45225139473683	17.73379515789474	0.0	0.0	1	1.05	-3.3837370979012142	138.0	13	1.05	0.95				
	111	1	0.0	0.0	0.0	0.0	1	1.0183310410269428	0.27948365785689333	230.0	13	1.05	0.95				
	112	1	0.0	0.0	0.0	0.0	1	1.0151454499001278	-0.5678323176324724	230.0	13	1.05	0.95				
	113	3	117.48639292105263	23.940623463157895	0.0	0.0	1	1.0009767207690332	4.611172443732894e-31	230.0	14	1.05	0.95				
	114	2	86.00890651578946	17.290450278947368	0.0	0.0	1	1.0411650565302728	3.522968406815159	230.0	16	1.05	0.95				
	115	2	140.54032662631576	28.374072252631578	0.0	0.0	1	1.041009092856993	12.616597880993197	230.0	16	1.05	0.95				
	116	2	44.33448789473684	8.86689757894737	0.0	0.0	1	1.041215612909385	10.931849012553185	230.0	16	1.05	0.95				
	117	1	0.0	0.0	0.0	0.0	1	1.0397888667786097	16.752167022397543	230.0	17	1.05	0.95				
	118	2	147.6338446894737	30.147451768421053	0.0	0.0	1	1.0479579469103797	17.253056838690316	230.0	17	1.05	0.95				
	119	1	80.24542308947369	16.40376052105263	0.0	0.0	1	1.0373074708958783	7.038468054643238	230.0	15	1.05	0.95				
	120	1	56.748144505263156	11.52696685263158	0.0	0.0	1	1.0402160095672885	4.499197243453257	230.0	15	1.05	0.95				
	121	2	0.0	0.0	0.0	0.0	1	1.0420123497368854	18.834262748276377	230.0	17	1.05	0.95				
	122	2	0.0	0.0	0.0	0.0	1	1.05	36.80585583680142	230.0	17	1.05	0.95				
	123	2	0.0	0.0	0.0	0.0	1	1.0428359115830275	3.438759129167215	230.0	15	1.05	0.95				
	124	1	0.0	0.0	0.0	0.0	1	1.0219465735092585	8.66391187318768	230.0	16	1.05	0.95				
	201	2	55.14748938947369	11.233747838596493	0.0	0.0	2	1.016136606010894	-16.597439675383526	138.0	21	1.05	0.95				
	202	2	49.53061547017544	10.212498035087721	0.0	0.0	2	1.0166064263358439	-16.60788737568859	138.0	22	1.05	0.95				
	203	1	91.91248231578949	18.893121364912282	0.0	0.0	2	1.0109869472956325	-13.243795484593992	138.0	21	1.05	0.95				
	204	1	37.786242729824565	7.65937352631579	0.0	0.0	2	1.0117721706634917	-17.268356499385504	138.0	21	1.05	0.95				
	205	1	36.25436802456141	7.148748624561405	0.0	0.0	2	1.0267156735866643	-17.749717790426807	138.0	21	1.05	0.95				
	206	1	69.4449866385965	14.29749724912281	0.0	-100.0	2	1.0400319752253169	-18.90087823590702	138.0	22	1.05	0.95				
	207	2	63.82811271929825	12.765622543859651	0.0	0.0	2	0.9896819959844374	-25.828014329193145	138.0	22	1.05	0.95				
	208	1	87.3168582	17.87187156140351	0.0	0.0	2	0.9933598498940546	-23.44471006923271	138.0	22	1.05	0.95				
	209	1	89.35935780701756	18.382496463157896	0.0	0.0	2	1.0229502287516334	-15.697251110182437	138.0	23	1.05	0.95				
	210	1	99.57185584210528	20.424996070175442	0.0	0.0	2	1.05	-17.267762686355024	138.0	23	1.05	0.95				
	211	1	0.0	0.0	0.0	0.0	2	1.0129075031337818	-12.282628598184273	230.0	23	1.05	0.95				
	212	1	0.0	0.0	0.0	0.0	2	1.0145184618423433	-11.06388242147009	230.0	23	1.05	0.95				
	213	2	135.3155989649123	27.573744694736845	0.0	0.0	2	1.016494681712229	-10.498195251006873	230.0	24	1.05	0.95				
	214	2	99.06123094035088	19.914371168421056	0.0	0.0	2	1.0164905208984643	-9.615914664524924	230.0	26	1.05	0.95				
	215	2	161.86809385614035	32.679993712280705	0.0	0.0	2	1.0295025389507904	-2.6106681453723057	230.0	26	1.05	0.95				
	216	2	51.062490175438604	10.212498035087721	0.0	0.0	2	1.0335487195069204	-2.7466573178757314	230.0	26	1.05	0.95				
	217	1	0.0	0.0	0.0	0.0	2	1.0371278719147956	-0.9795299439923335	230.0	27	1.05	0.95				
	218	2	170.03809228421053	34.72249331929825	0.0	0.0	2	1.0349195329253429	-1.7054484268563321	230.0	27	1.05	0.95				
	219	1	92.42310721754387	18.893121364912282	0.0	0.0	2	1.037407217215415	-2.343645323657971	230.0	25	1.05	0.95				
	220	1	65.35998742456141	13.276247445614036	0.0	0.0	2	1.0446629300678005	-1.0284930041590565	230.0	25	1.05	0.95				
	221	2	0.0	0.0	0.0	0.0	2	1.0356460247545376	-1.198231159049894	230.0	27	1.05	0.95				
	222	2	0.0	0.0	0.0	0.0	2	1.05	5.38673048581395	230.0	27	1.05	0.95				
	223	2	0.0	0.0	0.0	0.0	2	1.05	0.060812850783353745	230.0	25	1.05	0.95				
	224	1	0.0	0.0	0.0	0.0	2	1.0094512558041733	-6.561789507257445	230.0	26	1.05	0.95				
	301	2	68.7086365263158	13.996203736842105	0.0	0.0	3	1.040057229635735	-0.8985265341672807	138.0	31	1.05	0.95				
	302	2	61.71053465789475	12.72382157894737	0.0	0.0	3	1.037198341324196	-1.2756806866173662	138.0	32	1.05	0.95				
	303	1	114.51439421052633	23.539069921052633	0.0	0.0	3	1.05	16.8862120778133	138.0	31	1.05	0.95				
	304	1	47.078139842105266	9.542866184210528	0.0	0.0	3	1.0097134698631987	1.0590926158749687	138.0	31	1.05	0.95				
	305	1	45.169566605263164	8.90667510526316	0.0	0.0	3	1.0306876948905972	-1.8088948960195328	138.0	31	1.05	0.95				
	306	1	86.52198673684211	17.81335021052632	0.0	-100.0	3	1.0311913605539997	-3.041058645515995	138.0	32	1.05	0.95				
	307	2	79.52388486842106	15.904776973684212	0.0	0.0	3	0.95	-1.3408117803075854	138.0	32	1.05	0.95				
	308	1	108.7886745	22.266687763157893	0.0	0.0	3	0.9627026801683063	-1.8846418424336682	138.0	32	1.05	0.95				
	309	1	111.33343881578948	22.902878842105263	0.0	0.0	3	1.0103503499445063	5.678971479277612	138.0	33	1.05	0.95				
	310	1	124.05726039473686	25.44764315789474	0.0	0.0	3	1.0368231704918816	-0.7014209252622942	138.0	33	1.05	0.95				
	311	1	0.0	0.0	0.0	0.0	3	0.9969729010549788	4.739421915286168	230.0	33	1.05	0.95				
	312	1	0.0	0.0	0.0	0.0	3	1.0002628278052605	5.344631445170223	230.0	33	1.05	0.95				
	313	2	168.59063592105264	34.3543182631579	0.0	0.0	3	0.9961143939830163	7.098962147626685	230.0	34	1.05	0.95				
	314	2	123.4210693157895	24.811452078947372	0.0	0.0	3	0.99671836754908	5.0426756535598525	230.0	36	1.05	0.95				
	315	2	201.6725720263158	40.71622905263158	0.0	0.0	3	1.05	9.600560325590369	230.0	36	1.05	0.95				
	316	2	63.61910789473685	12.72382157894737	0.0	0.0	3	1.044457572129382	9.27600818067748	230.0	36	1.05	0.95				
	317	1	0.0	0.0	0.0	0.0	3	1.05	14.433795424416244	230.0	37	1.05	0.95				
	318	2	211.8516292894737	43.260993368421055	0.0	0.0	3	1.041738668731057	11.433429099678534	230.0	37	1.05	0.95				
	319	1	115.15058528947371	23.539069921052633	0.0	0.0	3	1.0266194992365365	7.978669468114649	230.0	35	1.05	0.95				
	320	1	81.43245810526317	16.54096805263158	0.0	0.0	3	1.0166452259637808	8.063506396626854	230.0	35	1.05	0.95				
	321	2	0.0	0.0	0.0	0.0	3	1.0443748292373676	11.484022876967346	230.0	37	1.05	0.95				
	322	2	0.0	0.0	0.0	0.0	3	1.05	16.983171591109585	230.0	37	1.05	0.95				
	323	2	0.0	0.0	0.0	0.0	3	1.0127563538615934	8.610143601991807	230.0	35	1.05	0.95				
	324	1	0.0	0.0	0.0	0.0	3	1.047333896140633	12.387824097445833	230.0	36	1.05	0.95				
	325	1	0.0	0.0	0.0	0.0	3	1.0130349898831041	9.494190601566789	230.0	35	1.05	0.95				
];
