%% MATPOWER Case Format : Version 2
function mpc = RTS_GMLC
mpc.version = '2';

%%-----  Power Flow Data  -----%%
%% system MVA base
mpc.baseMVA = 100.0;
%% bus data
%    bus_i    type    Pd    Qd    Gs    Bs    area    Vm    Va    baseKV    zone    Vmax    Vmin
mpc.bus = [
	101	2	52.704106863157904	10.736021768421054	0.0	0.0	1	1.0359627574452703	1.558311733267696	138.0	11	1.05	0.95				
	102	2	47.33609597894738	9.760019789473686	0.0	0.0	1	1.0355026026827492	1.4030830834901824	138.0	12	1.05	0.95				
	103	1	87.84017810526316	18.056036610526316	0.0	0.0	1	1.0285670644754257	0.14037045186136599	138.0	11	1.05	0.95				
	104	1	36.11207322105263	7.320014842105263	0.0	0.0	1	1.021441969418681	-1.7725924440117424	138.0	11	1.05	0.95				
	105	1	34.64807025263158	6.8320138526315795	0.0	0.0	1	1.0363124746883117	-1.625759263735677	138.0	11	1.05	0.95				
	106	1	66.36813456842107	13.664027705263159	0.0	-100.0	1	1.0442917520745056	-3.903778851181271	138.0	12	1.05	0.95				
	107	2	61.00012368421053	12.200024736842106	0.0	0.0	1	1.0022039782429235	-8.118550203906636	138.0	12	1.05	0.95				
	108	1	83.44816920000001	17.080034631578947	0.0	0.0	1	1.0040936903057491	-7.426846443682078	138.0	12	1.05	0.95				
	109	1	85.40017315789474	17.568035621052633	0.0	0.0	1	1.0250080845298297	-2.403520388899743	138.0	13	1.05	0.95				
	110	1	95.16019294736843	19.520039578947372	0.0	0.0	1	1.05	-3.3256784302748335	138.0	13	1.05	0.95				
	111	1	0.0	0.0	0.0	0.0	1	1.0063645060709765	-0.3523714937562787	230.0	13	1.05	0.95				
	112	1	0.0	0.0	0.0	0.0	1	1.0099046499003221	-0.0028431435188100286	230.0	13	1.05	0.95				
	113	3	129.32026221052632	26.352053431578952	0.0	0.0	1	0.9993025308651039	-4.7068486730372556e-30	230.0	14	1.05	0.95				
	114	2	94.67219195789475	19.032038589473686	0.0	0.0	1	1.006226419889208	1.9591420244773374	230.0	16	1.05	0.95				
	115	2	154.6963136631579	31.232063326315796	0.0	0.0	1	1.0412818821788303	8.492019246385404	230.0	16	1.05	0.95				
	116	2	48.800098947368426	9.760019789473686	0.0	0.0	1	1.037682028835016	8.07101185022844	230.0	16	1.05	0.95				
	117	1	0.0	0.0	0.0	0.0	1	1.0431085612987026	10.568132105667628	230.0	17	1.05	0.95				
	118	2	162.50432949473685	33.184067284210535	0.0	0.0	1	1.046581189360285	10.401741842676055	230.0	17	1.05	0.95				
	119	1	88.32817909473685	18.056036610526316	0.0	0.0	1	1.0302418385350804	6.719958988880089	230.0	15	1.05	0.95				
	120	1	62.46412665263159	12.688025726315791	0.0	0.0	1	1.0275835840923002	6.479758751402517	230.0	15	1.05	0.95				
	121	2	0.0	0.0	0.0	0.0	1	1.05	11.369900109413893	230.0	17	1.05	0.95				
	122	2	0.0	0.0	0.0	0.0	1	1.05	21.9521621170587	230.0	17	1.05	0.95				
	123	2	0.0	0.0	0.0	0.0	1	1.0269189563555963	6.72177872105724	230.0	15	1.05	0.95				
	124	1	0.0	0.0	0.0	0.0	1	1.0259051894893665	5.374784606910894	230.0	16	1.05	0.95				
	201	2	46.93656539368421	9.561152209824561	0.0	0.0	2	1.030703200691306	-4.565435285128708	138.0	21	1.05	0.95				
	202	2	42.15598928877193	8.691956554385966	0.0	0.0	2	1.031125422057645	-4.497519563569463	138.0	22	1.05	0.95				
	203	1	78.22760898947368	16.080119625614035	0.0	0.0	2	1.0198911895493483	-5.381431697732405	138.0	21	1.05	0.95				
	204	1	32.16023925122807	6.518967415789473	0.0	0.0	2	1.0199174469438619	-6.840659089946441	138.0	21	1.05	0.95				
	205	1	30.856445768070174	6.084369588070175	0.0	0.0	2	1.0348771692149001	-6.870099594060376	138.0	21	1.05	0.95				
	206	1	59.10530456982457	12.16873917614035	0.0	-100.0	2	1.045238540412157	-8.570796636894775	138.0	22	1.05	0.95				
	207	2	54.324728464912276	10.864945692982456	0.0	0.0	2	0.9895727868812021	-15.190586240541023	138.0	22	1.05	0.95				
	208	1	74.31622854	15.210923970175436	0.0	0.0	2	0.9967109661801283	-13.231602149292012	138.0	22	1.05	0.95				
	209	1	76.05461985087719	15.645521797894734	0.0	0.0	2	1.023329183329366	-6.986257669139696	138.0	23	1.05	0.95				
	210	1	84.74657640526316	17.38391310877193	0.0	0.0	2	1.05	-7.825280714635166	138.0	23	1.05	0.95				
	211	1	0.0	0.0	0.0	0.0	2	1.0046813962495662	-4.368771555658439	230.0	23	1.05	0.95				
	212	1	0.0	0.0	0.0	0.0	2	1.0088898525144565	-3.848960472411697	230.0	23	1.05	0.95				
	213	2	115.16842434561403	23.468282696842106	0.0	0.0	2	0.9978126466015246	-3.5284607536436954	230.0	24	1.05	0.95				
	214	2	84.31197857754385	16.94931528105263	0.0	0.0	2	1.005033953788509	-1.9477753392849806	230.0	26	1.05	0.95				
	215	2	137.76751138701752	27.814260974035086	0.0	0.0	2	1.028673478722811	4.005633538457211	230.0	26	1.05	0.95				
	216	2	43.459782771929824	8.691956554385966	0.0	0.0	2	1.0294581099206153	4.0558823613871215	230.0	26	1.05	0.95				
	217	1	0.0	0.0	0.0	0.0	2	1.0352393624441	6.527005358816622	230.0	27	1.05	0.95				
	218	2	144.7210766305263	29.552652284912284	0.0	0.0	2	1.0365985422919326	6.943314317009521	230.0	27	1.05	0.95				
	219	1	78.66220681719298	16.080119625614035	0.0	0.0	2	1.0287245721332194	3.2434078213548294	230.0	25	1.05	0.95				
	220	1	55.62852194807017	11.299543520701755	0.0	0.0	2	1.0310740490266792	3.3818417699461536	230.0	25	1.05	0.95				
	221	2	0.0	0.0	0.0	0.0	2	1.0366593411435077	6.7257481462208135	230.0	27	1.05	0.95				
	222	2	0.0	0.0	0.0	0.0	2	1.05	13.146465732653041	230.0	27	1.05	0.95				
	223	2	0.0	0.0	0.0	0.0	2	1.0329626616657326	3.7881066220628177	230.0	25	1.05	0.95				
	224	1	0.0	0.0	0.0	0.0	2	1.0137526479802283	0.48534921953783494	230.0	26	1.05	0.95				
	301	2	48.875039545263164	9.95602657403509	0.0	0.0	3	1.0071846476223498	-23.184970649936616	138.0	31	1.05	0.95				
	302	2	43.89702625824562	9.050933249122808	0.0	0.0	3	1.006742779699442	-23.293486170933672	138.0	32	1.05	0.95				
	303	1	81.45839924210527	16.744226510877194	0.0	0.0	3	1.0224001618128913	-17.72328432622756	138.0	31	1.05	0.95				
	304	1	33.48845302175439	6.788199936842106	0.0	0.0	3	1.0094211386920822	-21.77613335471675	138.0	31	1.05	0.95				
	305	1	32.130813034385966	6.335653274385966	0.0	0.0	3	1.0226165304378025	-22.50376205724955	138.0	31	1.05	0.95				
	306	1	61.5463460940351	12.671306548771932	0.0	-100.0	3	1.0394160255659888	-22.65733560754568	138.0	32	1.05	0.95				
	307	2	56.568332807017555	11.31366656140351	0.0	0.0	3	0.9933523617060523	-27.67444147916397	138.0	32	1.05	0.95				
	308	1	77.38547928	15.839133185964913	0.0	0.0	3	0.9987164887956382	-25.615025594339503	138.0	32	1.05	0.95				
	309	1	79.19566592982457	16.291679848421055	0.0	0.0	3	1.026090284908446	-18.683287297759247	138.0	33	1.05	0.95				
	310	1	88.24659917894738	18.101866498245617	0.0	0.0	3	1.05	-20.367277383429613	138.0	33	1.05	0.95				
	311	1	0.0	0.0	0.0	0.0	3	1.010181080419017	-14.291086426377829	230.0	33	1.05	0.95				
	312	1	0.0	0.0	0.0	0.0	3	1.0123858860783053	-13.713301179226239	230.0	33	1.05	0.95				
	313	2	119.9248655508772	24.437519772631582	0.0	0.0	3	1.013060722738003	-10.623139800976093	230.0	34	1.05	0.95				
	314	2	87.79405251649123	17.649319835789477	0.0	0.0	3	1.014543089755129	-12.201821572319911	230.0	36	1.05	0.95				
	315	2	143.4572919985965	28.962986397192985	0.0	0.0	3	1.0380751276415887	-7.3674728139901795	230.0	36	1.05	0.95				
	316	2	45.25466624561404	9.050933249122808	0.0	0.0	3	1.0379084774048275	-6.557427441278473	230.0	36	1.05	0.95				
	317	1	0.0	0.0	0.0	0.0	3	1.042382738375182	-4.538005321910523	230.0	37	1.05	0.95				
	318	2	150.69803859789474	30.77317304701755	0.0	0.0	3	1.0409245292276847	-4.683502876464716	230.0	37	1.05	0.95				
	319	1	81.91094590456142	16.744226510877194	0.0	0.0	3	1.0350426034222358	-7.264565464760651	230.0	35	1.05	0.95				
	320	1	57.92597279438597	11.766213223859651	0.0	0.0	3	1.0356790841946133	-7.01243657130175	230.0	35	1.05	0.95				
	321	2	0.0	0.0	0.0	0.0	3	1.04215500576321	-4.8144553338747915	230.0	37	1.05	0.95				
	322	2	0.0	0.0	0.0	0.0	3	1.05	-0.38217287890453133	230.0	37	1.05	0.95				
	323	2	0.0	0.0	0.0	0.0	3	1.0367186053076092	-6.532334937879721	230.0	35	1.05	0.95				
	324	1	0.0	0.0	0.0	0.0	3	1.0193171943905075	-11.226394487214003	230.0	36	1.05	0.95				
	325	1	0.0	0.0	0.0	0.0	3	1.031716347026843	-5.0485856908791815	230.0	35	1.05	0.95				
];
