%% MATPOWER Case Format : Version 2
function mpc = RTS_GMLC
mpc.version = '2';

%%-----  Power Flow Data  -----%%
%% system MVA base
mpc.baseMVA = 100.0;
%% bus data
%    bus_i    type    Pd    Qd    Gs    Bs    area    Vm    Va    baseKV    zone    Vmax    Vmin
mpc.bus = [
	101	2	42.470559132631585	8.651410193684212	0.0	0.0	1	1.035805450064427	2.9145710311443294	138.0	11	1.05	0.95				
	102	2	38.14485403578948	7.864918357894739	0.0	0.0	1	1.0335279136259674	2.301510070293087	138.0	12	1.05	0.95				
	103	1	70.78426522105265	14.550098962105265	0.0	0.0	1	1.033603291519271	1.8196636611563761	138.0	11	1.05	0.95				
	104	1	29.10019792421053	5.898688768421053	0.0	0.0	1	1.025468708223291	-0.21640060452673873	138.0	11	1.05	0.95				
	105	1	27.92046017052632	5.505442850526317	0.0	0.0	1	1.0371428252761534	-0.6112496494530615	138.0	11	1.05	0.95				
	106	1	53.48144483368422	11.010885701052635	0.0	-100.0	1	1.0463387572808847	-3.112605408849739	138.0	12	1.05	0.95				
	107	2	49.155739736842115	9.831147947368422	0.0	0.0	1	1.0009163204432423	-10.374825034211106	138.0	12	1.05	0.95				
	108	1	67.24505196000001	13.76360712631579	0.0	0.0	1	1.0047787293896706	-8.207040840671937	138.0	12	1.05	0.95				
	109	1	68.81803563157895	14.156853044210527	0.0	0.0	1	1.0249559538603528	-1.8690155579732644	138.0	13	1.05	0.95				
	110	1	76.68295398947369	15.729836715789478	0.0	0.0	1	1.05	-2.956533737707582	138.0	13	1.05	0.95				
	111	1	0.0	0.0	0.0	0.0	1	1.0028455885343237	-0.32509809502936854	230.0	13	1.05	0.95				
	112	1	0.0	0.0	0.0	0.0	1	1.0083128855768018	-0.7922535424198114	230.0	13	1.05	0.95				
	113	3	104.21016824210527	21.235279566315793	0.0	0.0	1	0.995272350199005	5.935755254876061e-30	230.0	14	1.05	0.95				
	114	2	76.28970807157896	15.33659079789474	0.0	0.0	1	0.998415706039514	1.6193987145717867	230.0	16	1.05	0.95				
	115	2	124.65895597263159	25.16773874526316	0.0	0.0	1	1.0362984896532246	7.814059637180859	230.0	16	1.05	0.95				
	116	2	39.324591789473686	7.864918357894739	0.0	0.0	1	1.0318236809522023	6.608737296969628	230.0	16	1.05	0.95				
	117	1	0.0	0.0	0.0	0.0	1	1.0399096210112782	10.139655031485567	230.0	17	1.05	0.95				
	118	2	130.95089065894737	26.74072241684211	0.0	0.0	1	1.0439184294142485	10.990727354443072	230.0	17	1.05	0.95				
	119	1	71.17751113894738	14.550098962105265	0.0	0.0	1	1.0221414803905466	4.251573205664669	230.0	15	1.05	0.95				
	120	1	50.33547749052632	10.22439386526316	0.0	0.0	1	1.0162958715496786	2.346013002650846	230.0	15	1.05	0.95				
	121	2	0.0	0.0	0.0	0.0	1	1.0464204949048619	12.24327615769251	230.0	17	1.05	0.95				
	122	2	0.0	0.0	0.0	0.0	1	1.05	17.92607602042527	230.0	17	1.05	0.95				
	123	2	0.0	0.0	0.0	0.0	1	1.0136717673103468	1.6002604279970305	230.0	15	1.05	0.95				
	124	1	0.0	0.0	0.0	0.0	1	1.0270799357095102	5.555966937955233	230.0	16	1.05	0.95				
	201	2	42.66960491368422	8.69195655649123	0.0	0.0	2	1.0145990293964697	-16.277391001603988	138.0	21	1.05	0.95				
	202	2	38.32362663543859	7.9017786877192995	0.0	0.0	2	1.0136463316495221	-16.581720605390874	138.0	22	1.05	0.95				
	203	1	71.11600818947369	14.618290572280701	0.0	0.0	2	1.015602666334335	-11.601322462770305	138.0	21	1.05	0.95				
	204	1	29.236581144561402	5.9263340157894735	0.0	0.0	2	1.012269380119053	-16.241902919345527	138.0	21	1.05	0.95				
	205	1	28.05131434140351	5.53124508140351	0.0	0.0	2	1.0275621326673008	-16.742551065780415	138.0	21	1.05	0.95				
	206	1	53.732095076491234	11.06249016280702	0.0	-100.0	2	1.0427908974646858	-17.507120749662413	138.0	22	1.05	0.95				
	207	2	49.38611679824562	9.877223359649124	0.0	0.0	2	0.9959547072353053	-22.19343412477902	138.0	22	1.05	0.95				
	208	1	67.56020778	13.828112703508772	0.0	0.0	2	1.0017687252653238	-20.4241698809156	138.0	22	1.05	0.95				
	209	1	69.14056351754387	14.223201637894736	0.0	0.0	2	1.0223518211944909	-14.323377654821169	138.0	23	1.05	0.95				
	210	1	77.04234220526315	15.803557375438599	0.0	0.0	2	1.05	-15.936271706431233	138.0	23	1.05	0.95				
	211	1	0.0	0.0	0.0	0.0	2	1.0059192499707157	-11.390578581122586	230.0	23	1.05	0.95				
	212	1	0.0	0.0	0.0	0.0	2	1.0069788991993063	-10.948139169951581	230.0	23	1.05	0.95				
	213	2	104.69856761228071	21.33480245684211	0.0	0.0	2	1.0005732228982118	-10.282459501904848	230.0	24	1.05	0.95				
	214	2	76.64725327087719	15.408468441052634	0.0	0.0	2	1.0091301793756362	-8.514958698249748	230.0	26	1.05	0.95				
	215	2	125.24319220035088	25.285691800701755	0.0	0.0	2	1.0235566771024152	-1.1660820808046888	230.0	26	1.05	0.95				
	216	2	39.508893438596495	7.9017786877192995	0.0	0.0	2	1.0238010118047864	-2.0321547753721454	230.0	26	1.05	0.95				
	217	1	0.0	0.0	0.0	0.0	2	1.0273480783957878	-0.3263650087661149	230.0	27	1.05	0.95				
	218	2	131.56461515052632	26.866047538245617	0.0	0.0	2	1.0270778370668838	-0.6533314096624953	230.0	27	1.05	0.95				
	219	1	71.51109712385966	14.618290572280701	0.0	0.0	2	1.0224105889260906	-2.866048038090192	230.0	25	1.05	0.95				
	220	1	50.57138360140351	10.272312294035087	0.0	0.0	2	1.0237762528791539	-2.812738500246415	230.0	25	1.05	0.95				
	221	2	0.0	0.0	0.0	0.0	2	1.0293109588828129	-0.030766357606790265	230.0	27	1.05	0.95				
	222	2	0.0	0.0	0.0	0.0	2	1.0499999815797088	6.344133841418768	230.0	27	1.05	0.95				
	223	2	0.0	0.0	0.0	0.0	2	1.0249439869428298	-2.4775081875554448	230.0	25	1.05	0.95				
	224	1	0.0	0.0	0.0	0.0	2	1.0077683018367423	-5.084129780705805	230.0	26	1.05	0.95				
	301	2	65.49699463578949	13.341980388771931	0.0	0.0	3	0.9954087832639115	-0.8335686728694933	138.0	31	1.05	0.95				
	302	2	58.82600444140351	12.129073080701756	0.0	0.0	3	0.9951980992582973	-0.9026375926675451	138.0	32	1.05	0.95				
	303	1	109.16165772631581	22.43878519929825	0.0	0.0	3	1.0193181536834284	3.2582568929636384	138.0	31	1.05	0.95				
	304	1	44.8775703985965	9.096804810526317	0.0	0.0	3	1.001334571288003	1.1282417530905975	138.0	31	1.05	0.95				
	305	1	43.05820943649123	8.49035115649123	0.0	0.0	3	1.0134747193297657	0.9377364905765848	138.0	31	1.05	0.95				
	306	1	82.47769694877194	16.98070231298246	0.0	-100.0	3	1.0316327075768692	1.2433601327772321	138.0	32	1.05	0.95				
	307	2	75.80670675438597	15.161341350877194	0.0	0.0	3	0.9918001049525371	-2.4931980452817557	138.0	32	1.05	0.95				
	308	1	103.70357484000002	21.22587789122807	0.0	0.0	3	1.0014134075802987	0.2316923032379212	138.0	32	1.05	0.95				
	309	1	106.12938945614036	21.83233154526316	0.0	0.0	3	1.0278440799599642	5.249921055473977	138.0	33	1.05	0.95				
	310	1	118.25846253684212	24.258146161403513	0.0	0.0	3	1.05	4.641980631708429	138.0	33	1.05	0.95				
	311	1	0.0	0.0	0.0	0.0	3	1.0161354332015475	10.470342848818929	230.0	33	1.05	0.95				
	312	1	0.0	0.0	0.0	0.0	3	1.0210979917928344	11.85282696428615	230.0	33	1.05	0.95				
	313	2	160.71021831929826	32.748497317894746	0.0	0.0	3	1.0363534954597777	17.977860032952954	230.0	34	1.05	0.95				
	314	2	117.65200888280702	23.651692507368423	0.0	0.0	3	1.0171255863612587	9.328198369978852	230.0	36	1.05	0.95				
	315	2	192.2458083291228	38.81303385824562	0.0	0.0	3	1.0303659111965258	3.3976987437383346	230.0	36	1.05	0.95				
	316	2	60.64536540350878	12.129073080701756	0.0	0.0	3	1.031268119784427	4.605957476503966	230.0	36	1.05	0.95				
	317	1	0.0	0.0	0.0	0.0	3	1.033979013270775	3.4698982779505183	230.0	37	1.05	0.95				
	318	2	201.94906679368424	41.23884847438597	0.0	0.0	3	1.0317939372131528	2.305371328841806	230.0	37	1.05	0.95				
	319	1	109.7681113803509	22.43878519929825	0.0	0.0	3	1.0304856939789324	7.49555471507664	230.0	35	1.05	0.95				
	320	1	77.62606771649124	15.767795004912283	0.0	0.0	3	1.0321618147533105	9.426187485713045	230.0	35	1.05	0.95				
	321	2	0.0	0.0	0.0	0.0	3	1.0333603763914136	3.2370028446237065	230.0	37	1.05	0.95				
	322	2	0.0	0.0	0.0	0.0	3	1.0469887742295667	7.659762022148488	230.0	37	1.05	0.95				
	323	2	0.0	0.0	0.0	0.0	3	1.0344456015610062	10.63656656619913	230.0	35	1.05	0.95				
	324	1	0.0	0.0	0.0	0.0	3	1.0248696062598457	5.520598401385971	230.0	36	1.05	0.95				
	325	1	0.0	0.0	0.0	0.0	3	1.0360067777476492	10.778286377331268	230.0	35	1.05	0.95				
];
