%% MATPOWER Case Format : Version 2
function mpc = RTS_GMLC
mpc.version = '2';

%%-----  Power Flow Data  -----%%
%% system MVA base
mpc.baseMVA = 100.0;
%% bus data
%    bus_i    type    Pd    Qd    Gs    Bs    area    Vm    Va    baseKV    zone    Vmax    Vmin
mpc.bus = [
	101	2	52.66402772210527	10.727857498947369	0.0	0.0	1	1.05	3.6804896189357095	138.0	11	1.05	0.95				
	102	2	47.300098972631574	9.75259772631579	0.0	0.0	1	1.0491444923195046	3.3506123299369652	138.0	12	1.05	0.95				
	103	1	87.7733795368421	18.04230579368421	0.0	0.0	1	1.029960744913028	0.1657939146606519	138.0	11	1.05	0.95				
	104	1	36.08461158736842	7.314448294736842	0.0	0.0	1	1.029374232627048	-0.4352255402831564	138.0	11	1.05	0.95				
	105	1	34.62172192842105	6.826818408421054	0.0	0.0	1	1.0424593109922888	-0.5709120701210006	138.0	11	1.05	0.95				
	106	1	66.31766453894737	13.653636816842107	0.0	-100.0	1	1.0467383492488704	-3.493255696713012	138.0	12	1.05	0.95				
	107	2	60.95373578947368	12.190747157894737	0.0	0.0	1	1.0000226015109444	-10.30453006115454	138.0	12	1.05	0.95				
	108	1	83.38471056	17.067046021052633	0.0	0.0	1	1.0017945684382805	-8.743107886163502	138.0	12	1.05	0.95				
	109	1	85.33523010526316	17.55467590736842	0.0	0.0	1	1.0246266452497879	-2.650907429063807	138.0	13	1.05	0.95				
	110	1	95.08782783157895	19.50519545263158	0.0	0.0	1	1.05	-3.4282403649438584	138.0	13	1.05	0.95				
	111	1	0.0	0.0	0.0	0.0	1	1.0045684963005932	-0.9796189617186757	230.0	13	1.05	0.95				
	112	1	0.0	0.0	0.0	0.0	1	1.0090519848281665	-0.8856019866192879	230.0	13	1.05	0.95				
	113	3	129.22191987368421	26.332013861052634	0.0	0.0	1	0.9983149134347367	1.5513829381484309e-29	230.0	14	1.05	0.95				
	114	2	94.60019794526315	19.01756556631579	0.0	0.0	1	1.0006359099383682	0.3467562192451783	230.0	16	1.05	0.95				
	115	2	154.57867396210526	31.208312724210526	0.0	0.0	1	1.0330682410854823	5.650007760505358	230.0	16	1.05	0.95				
	116	2	48.76298863157895	9.75259772631579	0.0	0.0	1	1.0293055321751645	5.133098270315994	230.0	16	1.05	0.95				
	117	1	0.0	0.0	0.0	0.0	1	1.0369831441931592	7.740280554342104	230.0	17	1.05	0.95				
	118	2	162.3807521431579	33.158832269473685	0.0	0.0	1	1.0395223828456313	8.11803262535447	230.0	17	1.05	0.95				
	119	1	88.2610094231579	18.04230579368421	0.0	0.0	1	1.0207672831599786	3.407412034306518	230.0	15	1.05	0.95				
	120	1	62.41662544842105	12.678377044210526	0.0	0.0	1	1.016924591289366	2.5920580638170265	230.0	15	1.05	0.95				
	121	2	0.0	0.0	0.0	0.0	1	1.0426271405839844	9.405090338287026	230.0	17	1.05	0.95				
	122	2	0.0	0.0	0.0	0.0	1	1.05	15.378254383936017	230.0	17	1.05	0.95				
	123	2	0.0	0.0	0.0	0.0	1	1.0156254818895263	2.5234613705351374	230.0	15	1.05	0.95				
	124	1	0.0	0.0	0.0	0.0	1	1.024172940282593	3.5864233517917428	230.0	16	1.05	0.95				
	201	2	49.877538176842116	10.160239258245616	0.0	0.0	2	1.0161806063045662	-11.313860426043338	138.0	21	1.05	0.95				
	202	2	44.7974185477193	9.23658114385965	0.0	0.0	2	1.015688792887634	-11.476061404427494	138.0	22	1.05	0.95				
	203	1	83.12923029473686	17.087675116140353	0.0	0.0	2	1.0144391284357475	-8.712305076929933	138.0	21	1.05	0.95				
	204	1	34.17535023228071	6.9274358578947375	0.0	0.0	2	1.0127244483860567	-11.112697324794768	138.0	21	1.05	0.95				
	205	1	32.789863060701755	6.465606800701755	0.0	0.0	2	1.0273727146388614	-11.468781910815746	138.0	21	1.05	0.95				
	206	1	62.80875177824563	12.93121360140351	0.0	-100.0	2	1.0413876599598966	-12.085092149322119	138.0	22	1.05	0.95				
	207	2	57.72863214912282	11.545726429824562	0.0	0.0	2	0.9957913692898622	-17.90351565268261	138.0	22	1.05	0.95				
	208	1	78.97276878	16.164017001754384	0.0	0.0	2	0.9992939900333301	-15.77827163621686	138.0	22	1.05	0.95				
	209	1	80.82008500877194	16.625846058947367	0.0	0.0	2	1.0240301982424613	-8.909323110865877	138.0	23	1.05	0.95				
	210	1	90.05666615263158	18.4731622877193	0.0	0.0	2	1.05	-10.1415757144858	138.0	23	1.05	0.95				
	211	1	0.0	0.0	0.0	0.0	2	1.0066958154573504	-6.120839064161771	230.0	23	1.05	0.95				
	212	1	0.0	0.0	0.0	0.0	2	1.0116444687669073	-2.4532909287281686	230.0	23	1.05	0.95				
	213	2	122.38470015614035	24.938769088421058	0.0	0.0	2	1.0040589831575732	-3.92862496486136	230.0	24	1.05	0.95				
	214	2	89.5948370954386	18.01133323052632	0.0	0.0	2	1.0062123240866931	-4.523543665640362	230.0	26	1.05	0.95				
	215	2	146.39981113017546	29.55705966035088	0.0	0.0	2	1.0223428491839341	0.7355322939649683	230.0	26	1.05	0.95				
	216	2	46.18290571929825	9.23658114385965	0.0	0.0	2	1.0223941440294648	0.5838644184798586	230.0	26	1.05	0.95				
	217	1	0.0	0.0	0.0	0.0	2	1.0267475440781717	1.650854281136781	230.0	27	1.05	0.95				
	218	2	153.7890760452632	31.404375889122814	0.0	0.0	2	1.0259820187340514	1.1844453734122173	230.0	27	1.05	0.95				
	219	1	83.59105935192983	17.087675116140353	0.0	0.0	2	1.021808791059528	0.8212054833728318	230.0	25	1.05	0.95				
	220	1	59.11411932070176	12.007555487017546	0.0	0.0	2	1.024674129961611	1.933748954382242	230.0	25	1.05	0.95				
	221	2	0.0	0.0	0.0	0.0	2	1.0283080671056182	1.8353389333989065	230.0	27	1.05	0.95				
	222	2	0.0	0.0	0.0	0.0	2	1.0499454013863043	8.253715079012462	230.0	27	1.05	0.95				
	223	2	0.0	0.0	0.0	0.0	2	1.0273261107298721	2.8973511744382168	230.0	25	1.05	0.95				
	224	1	0.0	0.0	0.0	0.0	2	1.0077531898424021	-2.810674864815054	230.0	26	1.05	0.95				
	301	2	58.69788040421052	11.956975637894736	0.0	0.0	3	1.0037565531363861	-9.015922508433562	138.0	31	1.05	0.95				
	302	2	52.71939258526316	10.86997785263158	0.0	0.0	3	1.0034907812951372	-9.09836296404941	138.0	32	1.05	0.95				
	303	1	97.8298006736842	20.10945902736842	0.0	0.0	3	1.017121895467527	-4.665714968619444	138.0	31	1.05	0.95				
	304	1	40.21891805473684	8.152483389473684	0.0	0.0	3	1.0052607700238025	-7.365824976784653	138.0	31	1.05	0.95				
	305	1	38.5884213768421	7.608984496842106	0.0	0.0	3	1.0189829067441367	-7.535053561374974	138.0	31	1.05	0.95				
	306	1	73.91584939789475	15.217968993684211	0.0	-100.0	3	1.0357086935461695	-7.330269178539221	138.0	32	1.05	0.95				
	307	2	67.93736157894736	13.587472315789473	0.0	0.0	3	0.9946340162018019	-12.42824472834526	138.0	32	1.05	0.95				
	308	1	92.93831063999998	19.02246124210526	0.0	0.0	3	0.9995542936580548	-9.934575923005202	138.0	32	1.05	0.95				
	309	1	95.11230621052631	19.56596013473684	0.0	0.0	3	1.0251454168442202	-3.7246624432939957	138.0	33	1.05	0.95				
	310	1	105.98228406315788	21.73995570526316	0.0	0.0	3	1.05	-4.314291294335277	138.0	33	1.05	0.95				
	311	1	0.0	0.0	0.0	0.0	3	1.010898883581197	1.5466642067299452	230.0	33	1.05	0.95				
	312	1	0.0	0.0	0.0	0.0	3	1.015096696599461	2.5413628287651275	230.0	33	1.05	0.95				
	313	2	144.0272065473684	29.34894020210526	0.0	0.0	3	1.0249872540458416	7.708762245332727	230.0	34	1.05	0.95				
	314	2	105.43878517052632	21.196456812631578	0.0	0.0	3	1.0105397183177094	1.7119667941094772	230.0	36	1.05	0.95				
	315	2	172.2891489642105	34.78392912842105	0.0	0.0	3	1.0223009088218722	-0.5607918290043811	230.0	36	1.05	0.95				
	316	2	54.34988926315789	10.86997785263158	0.0	0.0	3	1.022360239824941	0.34735685998110033	230.0	36	1.05	0.95				
	317	1	0.0	0.0	0.0	0.0	3	1.0260016996641472	0.47191618231472043	230.0	37	1.05	0.95				
	318	2	180.9851312463158	36.95792469894737	0.0	0.0	3	1.0242481741411074	-0.0831581484693262	230.0	37	1.05	0.95				
	319	1	98.37329956631578	20.10945902736842	0.0	0.0	3	1.022838581238776	2.4003007828979537	230.0	35	1.05	0.95				
	320	1	69.5678582568421	14.130971208421053	0.0	0.0	3	1.0248975549517694	3.810014973076993	230.0	35	1.05	0.95				
	321	2	0.0	0.0	0.0	0.0	3	1.0256476494214237	0.3101100513447969	230.0	37	1.05	0.95				
	322	2	0.0	0.0	0.0	0.0	3	1.0391514585348576	4.7715187209249885	230.0	37	1.05	0.95				
	323	2	0.0	0.0	0.0	0.0	3	1.0262943238963782	4.500796143709223	230.0	35	1.05	0.95				
	324	1	0.0	0.0	0.0	0.0	3	1.0163420045611848	-0.20853618140791097	230.0	36	1.05	0.95				
	325	1	0.0	0.0	0.0	0.0	3	1.0273855056706904	4.924004810887322	230.0	35	1.05	0.95				
];
