%% MATPOWER Case Format : Version 2
function mpc = RTS_GMLC
mpc.version = '2';

%%-----  Power Flow Data  -----%%
%% system MVA base
mpc.baseMVA = 100.0;
%% bus data
%    bus_i    type    Pd    Qd    Gs    Bs    area    Vm    Va    baseKV    zone    Vmax    Vmin
mpc.bus = [
	101	2	47.61405246315789	9.699158835087719	0.0	0.0	1	1.0339750682229125	0.9152312445492475	138.0	11	1.05	0.95				
	102	2	42.764473045614025	8.817417122807017	0.0	0.0	1	1.0331083138904282	0.6307986086215479	138.0	12	1.05	0.95				
	103	1	79.35675410526315	16.31222167719298	0.0	0.0	1	1.0276030946864712	0.4317682628828661	138.0	11	1.05	0.95				
	104	1	32.62444335438596	6.613062842105262	0.0	0.0	1	1.0208818200313978	-2.2166178495208966	138.0	11	1.05	0.95				
	105	1	31.301830785964906	6.172191985964912	0.0	0.0	1	1.0360238422041637	-2.1070458129463665	138.0	11	1.05	0.95				
	106	1	59.95843643508771	12.344383971929824	0.0	-100.0	1	1.0451886269370365	-4.289465385439899	138.0	12	1.05	0.95				
	107	2	55.108857017543855	11.02177140350877	0.0	0.0	1	0.9989015631666346	-12.085161444191913	138.0	12	1.05	0.95				
	108	1	75.38891639999999	15.430479964912278	0.0	0.0	1	1.0014562401012177	-9.703575907435967	138.0	12	1.05	0.95				
	109	1	77.15239982456139	15.87135082105263	0.0	0.0	1	1.0240433305188337	-2.758528333629302	138.0	13	1.05	0.95				
	110	1	85.9698169473684	17.634834245614034	0.0	0.0	1	1.05	-3.7828010297622408	138.0	13	1.05	0.95				
	111	1	0.0	0.0	0.0	0.0	1	1.0039700171667096	-0.34446445486278815	230.0	13	1.05	0.95				
	112	1	0.0	0.0	0.0	0.0	1	1.009306969510538	-0.5145865708846246	230.0	13	1.05	0.95				
	113	3	116.83077687719296	23.807026231578945	0.0	0.0	1	0.9997904926399568	-1.4810175847590361e-28	230.0	14	1.05	0.95				
	114	2	85.52894609122805	17.193963389473684	0.0	0.0	1	1.0007852485695086	2.414534618764971	230.0	16	1.05	0.95				
	115	2	139.75606139649122	28.215734792982456	0.0	0.0	1	1.0358918811804256	9.515290428362027	230.0	16	1.05	0.95				
	116	2	44.08708561403508	8.817417122807017	0.0	0.0	1	1.032056629990575	8.855168927601769	230.0	16	1.05	0.95				
	117	1	0.0	0.0	0.0	0.0	1	1.0391936594000404	12.59497538943853	230.0	17	1.05	0.95				
	118	2	146.80999509473682	29.979218217543856	0.0	0.0	1	1.0454793392379687	12.719541379257484	230.0	17	1.05	0.95				
	119	1	79.7976249614035	16.31222167719298	0.0	0.0	1	1.0243536209107629	6.504864741110387	230.0	15	1.05	0.95				
	120	1	56.43146958596491	11.462642259649122	0.0	0.0	1	1.0217642703918284	5.307456479572971	230.0	15	1.05	0.95				
	121	2	0.0	0.0	0.0	0.0	1	1.05	13.860741348127426	230.0	17	1.05	0.95				
	122	2	0.0	0.0	0.0	0.0	1	1.05	26.73486350978749	230.0	17	1.05	0.95				
	123	2	0.0	0.0	0.0	0.0	1	1.0209579453711985	4.989222861434275	230.0	15	1.05	0.95				
	124	1	0.0	0.0	0.0	0.0	1	1.0214212983287416	6.107400022187717	230.0	16	1.05	0.95				
	201	2	51.42452384842105	10.475365969122805	0.0	0.0	2	1.017646926974959	-16.370082875594676	138.0	21	1.05	0.95				
	202	2	46.18684086385964	9.523059971929824	0.0	0.0	2	1.0180179814545933	-16.38066753450428	138.0	22	1.05	0.95				
	203	1	85.70753974736841	17.617660948070174	0.0	0.0	2	1.0138595052609753	-13.21052846156968	138.0	21	1.05	0.95				
	204	1	35.23532189614035	7.142294978947368	0.0	0.0	2	1.0131006251230792	-17.173398612919847	138.0	21	1.05	0.95				
	205	1	33.80686290035087	6.6661419803508775	0.0	0.0	2	1.0279604374396467	-17.629575668654873	138.0	21	1.05	0.95				
	206	1	64.7568078091228	13.332283960701755	0.0	-100.0	2	1.0413402690873974	-18.81193942274876	138.0	22	1.05	0.95				
	207	2	59.519124824561395	11.90382496491228	0.0	0.0	2	0.9904724676911102	-25.25623089757374	138.0	22	1.05	0.95				
	208	1	81.42216275999999	16.66535495087719	0.0	0.0	2	0.9953303428000739	-23.062779318613277	138.0	22	1.05	0.95				
	209	1	83.32677475438595	17.141507949473684	0.0	0.0	2	1.0228843443630657	-15.852400145613197	138.0	23	1.05	0.95				
	210	1	92.84983472631578	19.046119943859647	0.0	0.0	2	1.05	-17.367282217729596	138.0	23	1.05	0.95				
	211	1	0.0	0.0	0.0	0.0	2	1.0094396220489272	-12.700078022182796	230.0	23	1.05	0.95				
	212	1	0.0	0.0	0.0	0.0	2	1.0132673502014917	-11.870978708078184	230.0	23	1.05	0.95				
	213	2	126.18054462807015	25.712261924210527	0.0	0.0	2	1.0111066598369476	-11.349079945779287	230.0	24	1.05	0.95				
	214	2	92.37368172771929	18.569966945263154	0.0	0.0	2	1.0102905660992423	-9.900101529846872	230.0	26	1.05	0.95				
	215	2	150.9405005550877	30.473791910175436	0.0	0.0	2	1.0242919502214471	-2.6781104891298946	230.0	26	1.05	0.95				
	216	2	47.61529985964912	9.523059971929824	0.0	0.0	2	1.0269822181548123	-3.0396363276847564	230.0	26	1.05	0.95				
	217	1	0.0	0.0	0.0	0.0	2	1.0290220920866018	-0.8226084876268586	230.0	27	1.05	0.95				
	218	2	158.55894853263158	32.3784039045614	0.0	0.0	2	1.0281606656574824	-1.5529709441497561	230.0	27	1.05	0.95				
	219	1	86.1836927459649	17.617660948070174	0.0	0.0	2	1.0317906598289137	-3.3989674306811635	230.0	25	1.05	0.95				
	220	1	60.94758382035087	12.379977963508772	0.0	0.0	2	1.0393593211300054	-2.793571694154377	230.0	25	1.05	0.95				
	221	2	0.0	0.0	0.0	0.0	2	1.0302062958956624	-1.114448876331369	230.0	27	1.05	0.95				
	222	2	0.0	0.0	0.0	0.0	2	1.049999999556494	5.492375500777299	230.0	27	1.05	0.95				
	223	2	0.0	0.0	0.0	0.0	2	1.0444156608222126	-2.1116410135427057	230.0	25	1.05	0.95				
	224	1	0.0	0.0	0.0	0.0	2	1.0074497563811384	-6.623045840984643	230.0	26	1.05	0.95				
	301	2	67.08573234947369	13.665612145263156	0.0	0.0	3	1.0439520113407492	-8.528951498844812	138.0	31	1.05	0.95				
	302	2	60.2529262768421	12.423283768421053	0.0	0.0	3	1.041414263285637	-8.903509749246602	138.0	32	1.05	0.95				
	303	1	111.80955391578946	22.983074971578947	0.0	0.0	3	1.05	9.281515040944486	138.0	31	1.05	0.95				
	304	1	45.966149943157895	9.317462826315788	0.0	0.0	3	1.012380901357662	-6.523607287333669	138.0	31	1.05	0.95				
	305	1	44.10265737789473	8.696298637894737	0.0	0.0	3	1.0336421149692725	-9.530225732691797	138.0	31	1.05	0.95				
	306	1	84.47832962526316	17.392597275789473	0.0	-100.0	3	1.033830185073121	-10.79822182227162	138.0	32	1.05	0.95				
	307	2	77.64552355263157	15.529104710526315	0.0	0.0	3	0.95	-8.75204299581428	138.0	32	1.05	0.95				
	308	1	106.21907621999999	21.74074659473684	0.0	0.0	3	0.9637091167983741	-9.387397425879186	138.0	32	1.05	0.95				
	309	1	108.70373297368421	22.361910783157892	0.0	0.0	3	1.011150350230528	-1.9295353540583149	138.0	33	1.05	0.95				
	310	1	121.12701674210524	24.846567536842105	0.0	0.0	3	1.0383055895888658	-8.575663274645395	138.0	33	1.05	0.95				
	311	1	0.0	0.0	0.0	0.0	3	0.9969701351305941	-3.640695096069005	230.0	33	1.05	0.95				
	312	1	0.0	0.0	0.0	0.0	3	1.0003581469598817	-2.6778087721664803	230.0	33	1.05	0.95				
	313	2	164.60850993157894	33.542866174736844	0.0	0.0	3	0.9957175031583634	-1.0836284655667288	230.0	34	1.05	0.95				
	314	2	120.5058525536842	24.22540334842105	0.0	0.0	3	0.9948020420882662	-4.138531226372935	230.0	36	1.05	0.95				
	315	2	196.90904772947366	39.754508058947366	0.0	0.0	3	1.05	-0.6475653569189086	230.0	36	1.05	0.95				
	316	2	62.11641884210526	12.423283768421053	0.0	0.0	3	1.038829848869226	-1.051649673415946	230.0	36	1.05	0.95				
	317	1	0.0	0.0	0.0	0.0	3	1.05	2.409648457146307	230.0	37	1.05	0.95				
	318	2	206.8476747442105	42.23916481263158	0.0	0.0	3	1.0481632999634445	0.6753067376545968	230.0	37	1.05	0.95				
	319	1	112.43071810421053	22.983074971578947	0.0	0.0	3	1.0222088296743528	-1.487794860077074	230.0	35	1.05	0.95				
	320	1	79.50901611789473	16.150268898947367	0.0	0.0	3	1.012985004419765	-0.6528245742684016	230.0	35	1.05	0.95				
	321	2	0.0	0.0	0.0	0.0	3	1.0499999975200673	0.8233724569086599	230.0	37	1.05	0.95				
	322	2	0.0	0.0	0.0	0.0	3	1.05	5.794067201564464	230.0	37	1.05	0.95				
	323	2	0.0	0.0	0.0	0.0	3	1.0096905618276144	0.30345335858719835	230.0	35	1.05	0.95				
	324	1	0.0	0.0	0.0	0.0	3	1.0468756281035432	3.1464248708323743	230.0	36	1.05	0.95				
	325	1	0.0	0.0	0.0	0.0	3	1.0093391524622888	1.4812870251972354	230.0	35	1.05	0.95				
];
