%% MATPOWER Case Format : Version 2
function mpc = RTS_GMLC
mpc.version = '2';

%%-----  Power Flow Data  -----%%
%% system MVA base
mpc.baseMVA = 100.0;
%% bus data
%    bus_i    type    Pd    Qd    Gs    Bs    area    Vm    Va    baseKV    zone    Vmax    Vmin
mpc.bus = [
	101	2	57.12617516210526	11.636813458947367	0.0	0.0	1	1.0223017352638117	-3.11531351118964	138.0	11	1.05	0.95				
	102	2	51.307768432631576	10.57892132631579	0.0	0.0	1	1.020740293710608	-3.52851603053883	138.0	12	1.05	0.95				
	103	1	95.21029193684211	19.57100445368421	0.0	0.0	1	1.0268578064237899	1.1323196134558753	138.0	11	1.05	0.95				
	104	1	39.14200890736842	7.9341909947368405	0.0	0.0	1	1.0172590326748023	-4.218543280592058	138.0	11	1.05	0.95				
	105	1	37.555170708421045	7.405244928421053	0.0	0.0	1	1.0293728052381572	-5.291825657765977	138.0	11	1.05	0.95				
	106	1	71.93666501894737	14.810489856842105	0.0	-100.0	1	1.040216288594114	-7.1066103101682785	138.0	12	1.05	0.95				
	107	2	66.11825828947369	13.223651657894736	0.0	0.0	1	0.9986494112253868	-12.278030983593078	138.0	12	1.05	0.95				
	108	1	90.44977734	18.51311232105263	0.0	0.0	1	0.9995458052050088	-10.742988925864488	138.0	12	1.05	0.95				
	109	1	92.56556160526314	19.042058387368417	0.0	0.0	1	1.0246361741026744	-3.711535074852262	138.0	13	1.05	0.95				
	110	1	103.14448293157893	21.15784265263158	0.0	0.0	1	1.05	-5.795607593756599	138.0	13	1.05	0.95				
	111	1	0.0	0.0	0.0	0.0	1	1.013015756007516	-0.6888716900015158	230.0	13	1.05	0.95				
	112	1	0.0	0.0	0.0	0.0	1	1.0129857508567364	-1.5633871817234286	230.0	13	1.05	0.95				
	113	3	140.17070757368418	28.56308758105263	0.0	0.0	1	1.0075871856484662	9.963331253261148e-31	230.0	14	1.05	0.95				
	114	2	102.61553686526315	20.62889658631579	0.0	0.0	1	1.0237868783446764	2.796385660592645	230.0	16	1.05	0.95				
	115	2	167.67590302210525	33.852548244210524	0.0	0.0	1	1.0390030137554758	12.915562187034359	230.0	16	1.05	0.95				
	116	2	52.894606631578945	10.57892132631579	0.0	0.0	1	1.0353615268203462	10.986084299481183	230.0	16	1.05	0.95				
	117	1	0.0	0.0	0.0	0.0	1	1.0410765883873105	16.90646551503841	230.0	17	1.05	0.95				
	118	2	176.13904008315788	35.96833250947368	0.0	0.0	1	1.05	18.06789884258168	230.0	17	1.05	0.95				
	119	1	95.7392380031579	19.57100445368421	0.0	0.0	1	1.0262449246316145	6.9790653955984965	230.0	15	1.05	0.95				
	120	1	67.70509648842105	13.752597724210524	0.0	0.0	1	1.025097028578973	4.013355905384847	230.0	15	1.05	0.95				
	121	2	0.0	0.0	0.0	0.0	1	1.05	19.97255461751204	230.0	17	1.05	0.95				
	122	2	0.0	0.0	0.0	0.0	1	1.05	32.0088286084962	230.0	17	1.05	0.95				
	123	2	0.0	0.0	0.0	0.0	1	1.0261424155979224	2.785829625942552	230.0	15	1.05	0.95				
	124	1	0.0	0.0	0.0	0.0	1	1.0197282571862647	8.507097539138377	230.0	16	1.05	0.95				
	201	2	49.99653708631579	10.184479776842105	0.0	0.0	2	1.0122764293249014	-12.924720836384274	138.0	21	1.05	0.95				
	202	2	44.904297197894735	9.258617978947369	0.0	0.0	2	1.0114607819738706	-13.16579249844124	138.0	22	1.05	0.95				
	203	1	83.3275618105263	17.12844326105263	0.0	0.0	2	1.0146003484345738	-10.081459889343224	138.0	21	1.05	0.95				
	204	1	34.25688652210526	6.943963484210526	0.0	0.0	2	1.0109708613546218	-12.357496389633036	138.0	21	1.05	0.95				
	205	1	32.86809382526316	6.481032585263158	0.0	0.0	2	1.025258852425893	-12.71668184918215	138.0	21	1.05	0.95				
	206	1	62.9586022568421	12.962065170526316	0.0	-100.0	2	1.040312582360327	-13.15933521301378	138.0	22	1.05	0.95				
	207	2	57.86636236842104	11.57327247368421	0.0	0.0	2	0.9946480601036329	-18.787440150147507	138.0	22	1.05	0.95				
	208	1	79.16118372	16.20258146315789	0.0	0.0	2	0.9987382038144688	-16.662188587209428	138.0	22	1.05	0.95				
	209	1	81.01290731578948	16.66551236210526	0.0	0.0	2	1.0247118259521257	-9.789285082717365	138.0	23	1.05	0.95				
	210	1	90.27152529473683	18.517235957894737	0.0	0.0	2	1.05	-11.02008795082121	138.0	23	1.05	0.95				
	211	1	0.0	0.0	0.0	0.0	2	1.0073769403521642	-7.134228718055371	230.0	23	1.05	0.95				
	212	1	0.0	0.0	0.0	0.0	2	1.014399063417141	-2.5499223858663576	230.0	23	1.05	0.95				
	213	2	122.67668822105261	24.998268543157895	0.0	0.0	2	1.0055305220404256	-4.7559558250407665	230.0	24	1.05	0.95				
	214	2	89.80859439578947	18.054305058947367	0.0	0.0	2	1.0061858871801281	-5.83800518701559	230.0	26	1.05	0.95				
	215	2	146.7490949663158	29.627577532631577	0.0	0.0	2	1.0262539222950948	-0.5348214424267335	230.0	26	1.05	0.95				
	216	2	46.29308989473684	9.258617978947369	0.0	0.0	2	1.0253916892999833	-1.1763074272475764	230.0	26	1.05	0.95				
	217	1	0.0	0.0	0.0	0.0	2	1.0304700381688554	0.40524553063610425	230.0	27	1.05	0.95				
	218	2	154.15598934947369	31.47930112842105	0.0	0.0	2	1.0296434089303315	-0.06699050190170475	230.0	27	1.05	0.95				
	219	1	83.79049270947368	17.12844326105263	0.0	0.0	2	1.0257344144371117	-1.0642988884347386	230.0	25	1.05	0.95				
	220	1	59.25515506526315	12.036203372631578	0.0	0.0	2	1.0293575695344237	-0.06571467498339062	230.0	25	1.05	0.95				
	221	2	0.0	0.0	0.0	0.0	2	1.0316065658907807	0.5754858004981194	230.0	27	1.05	0.95				
	222	2	0.0	0.0	0.0	0.0	2	1.05	7.002298053377065	230.0	27	1.05	0.95				
	223	2	0.0	0.0	0.0	0.0	2	1.0323647152942104	0.8322137108503191	230.0	25	1.05	0.95				
	224	1	0.0	0.0	0.0	0.0	2	1.0101022859819098	-4.104546516636128	230.0	26	1.05	0.95				
	301	2	66.53906992421054	13.554254984561407	0.0	0.0	3	0.9989744666392101	15.849640926046307	138.0	31	1.05	0.95				
	302	2	59.761942431929825	12.322049985964915	0.0	0.0	3	0.9984007010538642	15.716114018272018	138.0	32	1.05	0.95				
	303	1	110.89844987368423	22.79579247403509	0.0	0.0	3	1.0318245431538524	22.382474786290377	138.0	31	1.05	0.95				
	304	1	45.59158494807018	9.241537489473686	0.0	0.0	3	1.003783908719423	17.751655671710424	138.0	31	1.05	0.95				
	305	1	43.74327745017544	8.62543499017544	0.0	0.0	3	1.0156009883579433	17.054082027731834	138.0	31	1.05	0.95				
	306	1	83.78993990456142	17.25086998035088	0.0	-100.0	3	1.0323331391538064	17.040641150128074	138.0	32	1.05	0.95				
	307	2	77.01281241228071	15.402562482456142	0.0	0.0	3	0.9910476608973201	13.011833074832989	138.0	32	1.05	0.95				
	308	1	105.35352738000002	21.5635874754386	0.0	0.0	3	0.9999093638536459	15.80060434812222	138.0	32	1.05	0.95				
	309	1	107.81793737719299	22.179689974736842	0.0	0.0	3	1.0300110341017215	21.906724713539067	138.0	33	1.05	0.95				
	310	1	120.1399873631579	24.64409997192983	0.0	0.0	3	1.05	20.23206210371492	138.0	33	1.05	0.95				
	311	1	0.0	0.0	0.0	0.0	3	1.0154161024069448	25.989111965149693	230.0	33	1.05	0.95				
	312	1	0.0	0.0	0.0	0.0	3	1.0208202444889953	26.856747196600256	230.0	33	1.05	0.95				
	313	2	163.26716231403512	33.26953496210527	0.0	0.0	3	1.0287500328107844	32.0700417330815	230.0	34	1.05	0.95				
	314	2	119.52388486385965	24.027997472631583	0.0	0.0	3	1.0157736797022094	25.573734609356862	230.0	36	1.05	0.95				
	315	2	195.3044922775439	39.43055995508772	0.0	0.0	3	1.0400800023241052	21.538707400202902	230.0	36	1.05	0.95				
	316	2	61.61024992982457	12.322049985964915	0.0	0.0	3	1.0380915694593955	22.632343171664736	230.0	36	1.05	0.95				
	317	1	0.0	0.0	0.0	0.0	3	1.05	23.382651007582453	230.0	37	1.05	0.95				
	318	2	205.16213226631584	41.89496995228071	0.0	0.0	3	1.0481449774314502	20.35325845009933	230.0	37	1.05	0.95				
	319	1	111.51455237298246	22.79579247403509	0.0	0.0	3	1.0354574460979702	24.31056166545357	230.0	35	1.05	0.95				
	320	1	78.86111991017545	16.018664981754387	0.0	0.0	3	1.0351200790690516	25.457025001059755	230.0	35	1.05	0.95				
	321	2	0.0	0.0	0.0	0.0	3	1.0460893264071383	21.394847885890453	230.0	37	1.05	0.95				
	322	2	0.0	0.0	0.0	0.0	3	1.05	26.51770166586858	230.0	37	1.05	0.95				
	323	2	0.0	0.0	0.0	0.0	3	1.0345979778753742	25.752136547819788	230.0	35	1.05	0.95				
	324	1	0.0	0.0	0.0	0.0	3	1.0360133450524251	23.974985605762615	230.0	36	1.05	0.95				
	325	1	0.0	0.0	0.0	0.0	3	1.0373504482624678	25.266916896520822	230.0	35	1.05	0.95				
];
