%% MATPOWER Case Format : Version 2
function mpc = RTS_GMLC
mpc.version = '2';

%%-----  Power Flow Data  -----%%
%% system MVA base
mpc.baseMVA = 100.0;
%% bus data
%    bus_i    type    Pd    Qd    Gs    Bs    area    Vm    Va    baseKV    zone    Vmax    Vmin
mpc.bus = [
	101	2	43.92676890947368	8.948045518596489	0.0	0.0	1	1.0351131357905243	1.4306356497516775	138.0	11	1.05	0.95				
	102	2	39.452746150175436	8.134586835087719	0.0	0.0	1	1.032783156527183	0.8186465740606257	138.0	12	1.05	0.95				
	103	1	73.21128151578947	15.048985644912277	0.0	0.0	1	1.0301599334347715	-0.019060635567808393	138.0	11	1.05	0.95				
	104	1	30.097971289824553	6.1009401263157885	0.0	0.0	1	1.02375519361827	-1.6612537250396426	138.0	11	1.05	0.95				
	105	1	28.877783264561398	5.694210784561403	0.0	0.0	1	1.0369199145029169	-1.7484914408932748	138.0	11	1.05	0.95				
	106	1	55.315190478596485	11.388421569122807	0.0	-100.0	1	1.0460568215835893	-4.070549310552541	138.0	12	1.05	0.95				
	107	2	50.84116771929824	10.168233543859648	0.0	0.0	1	1.0011532470078093	-10.009969695663633	138.0	12	1.05	0.95				
	108	1	69.55071743999999	14.235526961403504	0.0	0.0	1	1.0051488132144804	-8.399486489230632	138.0	12	1.05	0.95				
	109	1	71.17763480701753	14.642256303157891	0.0	0.0	1	1.0247636626807166	-2.77824379117847	138.0	13	1.05	0.95				
	110	1	79.31222164210526	16.269173670175437	0.0	0.0	1	1.05	-3.69534425274786	138.0	13	1.05	0.95				
	111	1	0.0	0.0	0.0	0.0	1	1.0027742963916388	-0.8575462085004326	230.0	13	1.05	0.95				
	112	1	0.0	0.0	0.0	0.0	1	1.0074965991138864	-1.202271021355256	230.0	13	1.05	0.95				
	113	3	107.78327556491227	21.96338445473684	0.0	0.0	1	0.9952823772420378	5.376542185167708e-29	230.0	14	1.05	0.95				
	114	2	78.90549230035087	15.862444328421052	0.0	0.0	1	0.9990062715385303	0.9155547540394118	230.0	16	1.05	0.95				
	115	2	128.9332013361403	26.030677872280698	0.0	0.0	1	1.036204823459429	6.8945244822574985	230.0	16	1.05	0.95				
	116	2	40.67293417543859	8.134586835087719	0.0	0.0	1	1.0315081293092656	5.76679212585872	230.0	16	1.05	0.95				
	117	1	0.0	0.0	0.0	0.0	1	1.0388913775800979	9.516832406902653	230.0	17	1.05	0.95				
	118	2	135.4408708042105	27.657595239298242	0.0	0.0	1	1.0437378679325835	10.052922353596426	230.0	17	1.05	0.95				
	119	1	73.61801085754385	15.048985644912277	0.0	0.0	1	1.0205446534188416	3.294962741462617	230.0	15	1.05	0.95				
	120	1	52.061355744561396	10.574962885614033	0.0	0.0	1	1.01475455269603	1.831329902088766	230.0	15	1.05	0.95				
	121	2	0.0	0.0	0.0	0.0	1	1.046652919031528	11.430547959066011	230.0	17	1.05	0.95				
	122	2	0.0	0.0	0.0	0.0	1	1.05	20.556808251834276	230.0	17	1.05	0.95				
	123	2	0.0	0.0	0.0	0.0	1	1.0121013559823129	1.3422126561084022	230.0	15	1.05	0.95				
	124	1	0.0	0.0	0.0	0.0	1	1.0248602472810995	4.298325976296653	230.0	16	1.05	0.95				
	201	2	40.7316228631579	8.29718243508772	0.0	0.0	2	1.0137312989776812	-13.324543535541709	138.0	21	1.05	0.95				
	202	2	36.58303164561404	7.542893122807019	0.0	0.0	2	1.0128048338566293	-13.60222942564227	138.0	22	1.05	0.95				
	203	1	67.88603810526317	13.954352277192983	0.0	0.0	2	1.0161925501649842	-9.648606355792504	138.0	21	1.05	0.95				
	204	1	27.908704554385967	5.657169842105263	0.0	0.0	2	1.012606447385271	-13.275607041657617	138.0	21	1.05	0.95				
	205	1	26.777270585964914	5.280025185964914	0.0	0.0	2	1.027363144554402	-13.683054693712295	138.0	21	1.05	0.95				
	206	1	51.29167323508773	10.560050371929828	0.0	-100.0	2	1.0431077235167447	-14.370754490117934	138.0	22	1.05	0.95				
	207	2	47.14308201754386	9.428616403508773	0.0	0.0	2	0.9957000683296504	-18.828350470086583	138.0	22	1.05	0.95				
	208	1	64.4917362	13.200062964912282	0.0	0.0	2	1.0024860225894023	-17.15921943896742	138.0	22	1.05	0.95				
	209	1	66.00031482456141	13.577207621052633	0.0	0.0	2	1.0229673257658045	-11.442076895622161	138.0	23	1.05	0.95				
	210	1	73.54320794736843	15.085786245614038	0.0	0.0	2	1.05	-12.826043178548263	138.0	23	1.05	0.95				
	211	1	0.0	0.0	0.0	0.0	2	1.0045181130877143	-8.545174879317356	230.0	23	1.05	0.95				
	212	1	0.0	0.0	0.0	0.0	2	1.0069665362626565	-7.79901219276902	230.0	23	1.05	0.95				
	213	2	99.94333387719298	20.36581143157895	0.0	0.0	2	0.9996820230218613	-7.157119856598478	230.0	24	1.05	0.95				
	214	2	73.16606329122808	14.708641589473686	0.0	0.0	2	1.0049349768631866	-6.043475331002745	230.0	26	1.05	0.95				
	215	2	119.55485599649126	24.13725799298246	0.0	0.0	2	1.0217056205599326	0.17185482867581814	230.0	26	1.05	0.95				
	216	2	37.71446561403509	7.542893122807019	0.0	0.0	2	1.022243808753111	-0.22448560903517575	230.0	26	1.05	0.95				
	217	1	0.0	0.0	0.0	0.0	2	1.0261155327282845	1.0027783654886733	230.0	27	1.05	0.95				
	218	2	125.58917049473686	25.645836617543864	0.0	0.0	2	1.0256912270207375	0.7109671667987281	230.0	27	1.05	0.95				
	219	1	68.26318276140351	13.954352277192983	0.0	0.0	2	1.0230044559738716	-0.2962112174630001	230.0	25	1.05	0.95				
	220	1	48.27451598596492	9.805761059649125	0.0	0.0	2	1.0259411228264823	0.3835237456701071	230.0	25	1.05	0.95				
	221	2	0.0	0.0	0.0	0.0	2	1.0278796963583794	1.3247339610099096	230.0	27	1.05	0.95				
	222	2	0.0	0.0	0.0	0.0	2	1.0494476657431717	7.695411572542392	230.0	27	1.05	0.95				
	223	2	0.0	0.0	0.0	0.0	2	1.02804308073614	1.0465831600702915	230.0	25	1.05	0.95				
	224	1	0.0	0.0	0.0	0.0	2	1.0075866374158793	-3.523741327220241	230.0	26	1.05	0.95				
	301	2	54.2049984	11.041758933333332	0.0	0.0	3	1.0076708912551313	-5.671525337212938	138.0	31	1.05	0.95				
	302	2	48.68411893333333	10.037962666666667	0.0	0.0	3	1.0070605382522257	-5.805282146897057	138.0	32	1.05	0.95				
	303	1	90.341664	18.570230933333335	0.0	0.0	3	1.0310633816511294	1.1233229972221643	138.0	31	1.05	0.95				
	304	1	37.14046186666667	7.528472	0.0	0.0	3	1.0096361794019642	-3.995453468007899	138.0	31	1.05	0.95				
	305	1	35.634767466666666	7.026573866666667	0.0	0.0	3	1.0221926223638744	-5.132216126774281	138.0	31	1.05	0.95				
	306	1	68.25814613333334	14.053147733333335	0.0	-100.0	3	1.0380574028522223	-5.404936018183241	138.0	32	1.05	0.95				
	307	2	62.73726666666667	12.547453333333333	0.0	0.0	3	0.9926667329180264	-10.629588039473399	138.0	32	1.05	0.95				
	308	1	85.82458079999999	17.566434666666666	0.0	0.0	3	0.9972473295139715	-8.318387011965818	138.0	32	1.05	0.95				
	309	1	87.83217333333333	18.0683328	0.0	0.0	3	1.0285225842266277	-0.47627077792744166	138.0	33	1.05	0.95				
	310	1	97.870136	20.075925333333334	0.0	0.0	3	1.05	-2.97962917599627	138.0	33	1.05	0.95				
	311	1	0.0	0.0	0.0	0.0	3	1.0099604802320792	2.604364842732368	230.0	33	1.05	0.95				
	312	1	0.0	0.0	0.0	0.0	3	1.0135381575961622	2.9404966341367	230.0	33	1.05	0.95				
	313	2	133.00300533333333	27.1024992	0.0	0.0	3	1.0125136276862607	6.109684270359701	230.0	34	1.05	0.95				
	314	2	97.36823786666666	19.5740272	0.0	0.0	3	1.0099490607464394	3.96618882212218	230.0	36	1.05	0.95				
	315	2	159.10170826666666	32.12148053333333	0.0	0.0	3	1.0347588373944514	5.643542469605971	230.0	36	1.05	0.95				
	316	2	50.18981333333333	10.037962666666667	0.0	0.0	3	1.0331678119345324	6.002930048022471	230.0	36	1.05	0.95				
	317	1	0.0	0.0	0.0	0.0	3	1.0450636386768872	9.727268660337018	230.0	37	1.05	0.95				
	318	2	167.13207839999998	34.12907306666667	0.0	0.0	3	1.0418707979551598	7.573553817361651	230.0	37	1.05	0.95				
	319	1	90.84356213333334	18.570230933333335	0.0	0.0	3	1.0274925129279615	5.833679333431384	230.0	35	1.05	0.95				
	320	1	64.24296106666667	13.049351466666668	0.0	0.0	3	1.0244678816266501	5.89007936253215	230.0	35	1.05	0.95				
	321	2	0.0	0.0	0.0	0.0	3	1.0410535273797394	7.5504875508409945	230.0	37	1.05	0.95				
	322	2	0.0	0.0	0.0	0.0	3	1.05	12.732288145816366	230.0	37	1.05	0.95				
	323	2	0.0	0.0	0.0	0.0	3	1.0232074144692127	6.105153153737342	230.0	35	1.05	0.95				
	324	1	0.0	0.0	0.0	0.0	3	1.0279443377258084	4.961384004521657	230.0	36	1.05	0.95				
	325	1	0.0	0.0	0.0	0.0	3	1.0247637217892727	6.570408730300311	230.0	35	1.05	0.95				
];
