%% MATPOWER Case Format : Version 2
function mpc = RTS_GMLC
mpc.version = '2';

%%-----  Power Flow Data  -----%%
%% system MVA base
mpc.baseMVA = 100.0;
%% bus data
%    bus_i    type    Pd    Qd    Gs    Bs    area    Vm    Va    baseKV    zone    Vmax    Vmin
mpc.bus = [
	101	2	43.81989112421053	8.926274117894737	0.0	0.0	1	1.0390693244130027	3.4743145910741204	138.0	11	1.05	0.95				
	102	2	39.35675406526316	8.114794652631579	0.0	0.0	1	1.038098583632975	3.2167034078367625	138.0	12	1.05	0.95				
	103	1	73.03315187368422	15.012370107368422	0.0	0.0	1	1.029587120242561	-0.0630783691027672	138.0	11	1.05	0.95				
	104	1	30.024740214736845	6.086095989473685	0.0	0.0	1	1.0250552162565922	-0.20384804703143247	138.0	11	1.05	0.95				
	105	1	28.80752101684211	5.680356256842106	0.0	0.0	1	1.0386713782843007	-0.028510629419579384	138.0	11	1.05	0.95				
	106	1	55.18060363789474	11.360712513684213	0.0	-100.0	1	1.0469790001375867	-2.4449109519651584	138.0	12	1.05	0.95				
	107	2	50.717466578947366	10.143493315789474	0.0	0.0	1	0.9997322822155643	-7.248885755284554	138.0	12	1.05	0.95				
	108	1	69.38149428	14.200890642105263	0.0	0.0	1	1.0051445299848354	-6.323449641567284	138.0	12	1.05	0.95				
	109	1	71.00445321052632	14.606630374736843	0.0	0.0	1	1.025055255065658	-1.814658599945508	138.0	13	1.05	0.95				
	110	1	79.1192478631579	16.229589305263158	0.0	0.0	1	1.05	-2.3241977851337743	138.0	13	1.05	0.95				
	111	1	0.0	0.0	0.0	0.0	1	1.0027328885699491	-0.5037539126995023	230.0	13	1.05	0.95				
	112	1	0.0	0.0	0.0	0.0	1	1.0076909346030891	0.10693660606118513	230.0	13	1.05	0.95				
	113	3	107.52102914736842	21.909945562105264	0.0	0.0	1	0.993074312954003	-3.9481540342741985e-30	230.0	14	1.05	0.95				
	114	2	78.71350813052632	15.823849572631579	0.0	0.0	1	0.9984414564022658	0.7519603411333751	230.0	16	1.05	0.95				
	115	2	128.61949524421053	25.96734288842105	0.0	0.0	1	1.037663011589139	5.012444894342298	230.0	16	1.05	0.95				
	116	2	40.573973263157896	8.114794652631579	0.0	0.0	1	1.032231313264322	4.873760652683772	230.0	16	1.05	0.95				
	117	1	0.0	0.0	0.0	0.0	1	1.0417277011062098	6.113771639094131	230.0	17	1.05	0.95				
	118	2	135.1113309663158	27.59030181894737	0.0	0.0	1	1.0448422138066675	5.863507329581638	230.0	17	1.05	0.95				
	119	1	73.43889160631579	15.012370107368422	0.0	0.0	1	1.0255190170439688	4.495081557936385	230.0	15	1.05	0.95				
	120	1	51.9346857768421	10.549233048421055	0.0	0.0	1	1.022281656171532	4.957650550730398	230.0	15	1.05	0.95				
	121	2	0.0	0.0	0.0	0.0	1	1.05	6.554561881641311	230.0	17	1.05	0.95				
	122	2	0.0	0.0	0.0	0.0	1	1.05	13.000165593092843	230.0	17	1.05	0.95				
	123	2	0.0	0.0	0.0	0.0	1	1.0210655785402165	5.530637963224611	230.0	15	1.05	0.95				
	124	1	0.0	0.0	0.0	0.0	1	1.0272106081839263	3.1166618254726957	230.0	16	1.05	0.95				
	201	2	40.629623797894745	8.2764048477193	0.0	0.0	2	1.02316463597615	-5.231716100057394	138.0	21	1.05	0.95				
	202	2	36.49142137403509	7.524004407017546	0.0	0.0	2	1.0236592147686099	-5.0154928491308	138.0	22	1.05	0.95				
	203	1	67.7160396631579	13.919408152982458	0.0	0.0	2	1.0186980039421876	-5.224683641284257	138.0	21	1.05	0.95				
	204	1	27.838816305964915	5.643003305263158	0.0	0.0	2	1.0176705140948132	-6.959651855920981	138.0	21	1.05	0.95				
	205	1	26.71021564491228	5.266803084912282	0.0	0.0	2	1.0319708319879446	-7.152568925826938	138.0	21	1.05	0.95				
	206	1	51.1632299677193	10.533606169824564	0.0	-100.0	2	1.0452179094144705	-8.56194586022528	138.0	22	1.05	0.95				
	207	2	47.02502754385966	9.40500550877193	0.0	0.0	2	0.988712196061317	-14.0462173824753	138.0	22	1.05	0.95				
	208	1	64.33023768000001	13.167007712280704	0.0	0.0	2	0.998544735973599	-12.408576273275054	138.0	22	1.05	0.95				
	209	1	65.83503856140351	13.54320793263158	0.0	0.0	2	1.0231272286914288	-6.995148182383855	138.0	23	1.05	0.95				
	210	1	73.35904296842106	15.048008814035091	0.0	0.0	2	1.05	-7.883249790089246	138.0	23	1.05	0.95				
	211	1	0.0	0.0	0.0	0.0	2	1.0028752235997327	-4.6977957971208335	230.0	23	1.05	0.95				
	212	1	0.0	0.0	0.0	0.0	2	1.0099454062393096	-4.443201102795035	230.0	23	1.05	0.95				
	213	2	99.69305839298246	20.314811898947372	0.0	0.0	2	0.9977801493029539	-4.129335717578955	230.0	24	1.05	0.95				
	214	2	72.98284274807018	14.671808593684213	0.0	0.0	2	0.9991054617814172	-2.3149462442123454	230.0	26	1.05	0.95				
	215	2	119.25546985122809	24.076814102456147	0.0	0.0	2	1.0250483727796011	3.573279765533269	230.0	26	1.05	0.95				
	216	2	37.62002203508772	7.524004407017546	0.0	0.0	2	1.0261132688402228	3.233596845040146	230.0	26	1.05	0.95				
	217	1	0.0	0.0	0.0	0.0	2	1.031852707198178	5.658101317096954	230.0	27	1.05	0.95				
	218	2	125.27467337684213	25.58161498385965	0.0	0.0	2	1.0332146828953153	6.0943950386355885	230.0	27	1.05	0.95				
	219	1	68.09223988350878	13.919408152982458	0.0	0.0	2	1.027091633510096	2.064067665323686	230.0	25	1.05	0.95				
	220	1	48.153628204912295	9.781205729122808	0.0	0.0	2	1.0303965895955969	1.7861929122995457	230.0	25	1.05	0.95				
	221	2	0.0	0.0	0.0	0.0	2	1.0335124861822274	6.016223819927575	230.0	27	1.05	0.95				
	222	2	0.0	0.0	0.0	0.0	2	1.05	12.371032392176252	230.0	27	1.05	0.95				
	223	2	0.0	0.0	0.0	0.0	2	1.032478781778937	1.921248982592904	230.0	25	1.05	0.95				
	224	1	0.0	0.0	0.0	0.0	2	1.0117403837611234	0.26653540129282494	230.0	26	1.05	0.95				
	301	2	49.25086999578947	10.032584628771929	0.0	0.0	3	1.0064071022562946	-30.1730381453402	138.0	31	1.05	0.95				
	302	2	44.2345776814035	9.120531480701754	0.0	0.0	3	1.0060072244959959	-30.277366496784687	138.0	32	1.05	0.95				
	303	1	82.08478332631579	16.872983239298243	0.0	0.0	3	1.0221188447277885	-24.85262097235248	138.0	31	1.05	0.95				
	304	1	33.745966478596486	6.840398610526314	0.0	0.0	3	1.0091012737088212	-28.73528145455913	138.0	31	1.05	0.95				
	305	1	32.37788675649122	6.384372036491228	0.0	0.0	3	1.0221469074929554	-29.45121318751669	138.0	31	1.05	0.95				
	306	1	62.019614068771936	12.768744072982456	0.0	-100.0	3	1.0391271782903986	-29.585263451689553	138.0	32	1.05	0.95				
	307	2	57.00332175438596	11.400664350877191	0.0	0.0	3	0.9927928632675145	-34.64870039607048	138.0	32	1.05	0.95				
	308	1	77.98054416	15.960930091228068	0.0	0.0	3	0.9982895476367994	-32.57263937965417	138.0	32	1.05	0.95				
	309	1	79.80465045614035	16.416956665263154	0.0	0.0	3	1.0262811761906692	-25.609402545211353	138.0	33	1.05	0.95				
	310	1	88.9251819368421	18.241062961403507	0.0	0.0	3	1.05	-27.26327843702628	138.0	33	1.05	0.95				
	311	1	0.0	0.0	0.0	0.0	3	1.0105414569147615	-21.17710117375395	230.0	33	1.05	0.95				
	312	1	0.0	0.0	0.0	0.0	3	1.0131464600491338	-20.46237866316872	230.0	33	1.05	0.95				
	313	2	120.84704211929822	24.625434997894736	0.0	0.0	3	1.0143313653699129	-17.36802475924874	230.0	34	1.05	0.95				
	314	2	88.469155362807	17.785036387368418	0.0	0.0	3	1.0145460164299187	-19.19172020707	230.0	36	1.05	0.95				
	315	2	144.56042396912278	29.18570073824561	0.0	0.0	3	1.0384753923746708	-14.619496231589862	230.0	36	1.05	0.95				
	316	2	45.602657403508765	9.120531480701754	0.0	0.0	3	1.0386182552660028	-13.67813541523982	230.0	36	1.05	0.95				
	317	1	0.0	0.0	0.0	0.0	3	1.0425792512067056	-12.064698319031852	230.0	37	1.05	0.95				
	318	2	151.8568491536842	31.009807034385968	0.0	0.0	3	1.0421439918922353	-11.857246651874517	230.0	37	1.05	0.95				
	319	1	82.54080990035088	16.872983239298243	0.0	0.0	3	1.0373692073519667	-13.89402801884725	230.0	35	1.05	0.95				
	320	1	58.37140147649122	11.85669092491228	0.0	0.0	3	1.0386537492831383	-13.515315411677076	230.0	35	1.05	0.95				
	321	2	0.0	0.0	0.0	0.0	3	1.0424632945397814	-12.26772286882355	230.0	37	1.05	0.95				
	322	2	0.0	0.0	0.0	0.0	3	1.05	-7.863482495917708	230.0	37	1.05	0.95				
	323	2	0.0	0.0	0.0	0.0	3	1.0400886295670821	-12.965530174899781	230.0	35	1.05	0.95				
	324	1	0.0	0.0	0.0	0.0	3	1.0196071834855667	-18.42984615911149	230.0	36	1.05	0.95				
	325	1	0.0	0.0	0.0	0.0	3	1.033801218768332	-11.36093408970803	230.0	35	1.05	0.95				
];
