%% MATPOWER Case Format : Version 2
function mpc = RTS_GMLC
mpc.version = '2';

%%-----  Power Flow Data  -----%%
%% system MVA base
mpc.baseMVA = 100.0;
%% bus data
%    bus_i    type    Pd    Qd    Gs    Bs    area    Vm    Va    baseKV    zone    Vmax    Vmin
mpc.bus = [
	101	2	53.51904996631579	10.902028696842105	0.0	0.0	1	1.010963711243367	1.01438265528837	138.0	11	1.05	0.95				
	102	2	48.068035617894736	9.910935178947367	0.0	0.0	1	1.00886333759952	0.36987860297315955	138.0	12	1.05	0.95				
	103	1	89.19841661052631	18.335230081052632	0.0	0.0	1	1.0210521432013806	2.387148863865052	138.0	11	1.05	0.95				
	104	1	36.670460162105265	7.433201384210525	0.0	0.0	1	1.0109349572682835	-2.1047368039424312	138.0	11	1.05	0.95				
	105	1	35.18381988526315	6.937654625263158	0.0	0.0	1	1.0232824374878178	-2.377506890298321	138.0	11	1.05	0.95				
	106	1	67.3943592168421	13.875309250526316	0.0	-100.0	1	1.0376091409325519	-4.861044271583612	138.0	12	1.05	0.95				
	107	2	61.94334486842104	12.38866897368421	0.0	0.0	1	0.9873426767148501	-12.756659513974167	138.0	12	1.05	0.95				
	108	1	84.73849578	17.344136563157893	0.0	0.0	1	0.9929022724291043	-10.301886569567195	138.0	12	1.05	0.95				
	109	1	86.72068281578946	17.83968332210526	0.0	0.0	1	1.025169370587907	-2.582431063618009	138.0	13	1.05	0.95				
	110	1	96.63161799473683	19.821870357894735	0.0	0.0	1	1.05	-4.164697322936384	138.0	13	1.05	0.95				
	111	1	0.0	0.0	0.0	0.0	1	1.0228837821371077	0.2527515393086738	230.0	13	1.05	0.95				
	112	1	0.0	0.0	0.0	0.0	1	1.0188886303094742	-0.9100144391872561	230.0	13	1.05	0.95				
	113	3	131.31989112105262	26.759524983157895	0.0	0.0	1	1.0083952071104845	-1.7330369109417517e-29	230.0	14	1.05	0.95				
	114	2	96.13607123578947	19.32632359894737	0.0	0.0	1	1.05	3.9703634385428224	230.0	16	1.05	0.95				
	115	2	157.08832258631577	31.71499257263158	0.0	0.0	1	1.0368671452013338	14.651352726339836	230.0	16	1.05	0.95				
	116	2	49.55467589473684	9.910935178947367	0.0	0.0	1	1.0383571934914726	12.485512917441733	230.0	16	1.05	0.95				
	117	1	0.0	0.0	0.0	0.0	1	1.0364873745715313	19.22654653238058	230.0	17	1.05	0.95				
	118	2	165.01707072947366	33.69717960842105	0.0	0.0	1	1.045909039023862	20.115256576216584	230.0	17	1.05	0.95				
	119	1	89.69396336947368	18.335230081052632	0.0	0.0	1	1.0367434250436887	7.678894320734408	230.0	15	1.05	0.95				
	120	1	63.42998514526316	12.88421573263158	0.0	0.0	1	1.0438887096066947	4.356298838942578	230.0	15	1.05	0.95				
	121	2	0.0	0.0	0.0	0.0	1	1.0416468796213885	22.0550865486755	230.0	17	1.05	0.95				
	122	2	0.0	0.0	0.0	0.0	1	1.05	40.02967187222654	230.0	17	1.05	0.95				
	123	2	0.0	0.0	0.0	0.0	1	1.0495353284530244	2.9123011882379988	230.0	15	1.05	0.95				
	124	1	0.0	0.0	0.0	0.0	1	1.0156099403886594	10.078335343844318	230.0	16	1.05	0.95				
	201	2	49.07854557473684	9.997481505964913	0.0	0.0	2	1.00790785823639	-18.538636682066453	138.0	21	1.05	0.95				
	202	2	44.07980482175438	9.088619550877192	0.0	0.0	2	1.0070729250792576	-18.849248853076624	138.0	22	1.05	0.95				
	203	1	81.79757595789474	16.813946169122808	0.0	0.0	2	1.0127096404016143	-13.553910454852343	138.0	21	1.05	0.95				
	204	1	33.627892338245616	6.816464663157894	0.0	0.0	2	1.0085533471213832	-18.295013547041524	138.0	21	1.05	0.95				
	205	1	32.26459940561403	6.362033685614035	0.0	0.0	2	1.0232651738605087	-18.83965052237086	138.0	21	1.05	0.95				
	206	1	61.80261294596492	12.72406737122807	0.0	-100.0	2	1.039480800264147	-19.56371422831171	138.0	22	1.05	0.95				
	207	2	56.80387219298245	11.360774438596492	0.0	0.0	2	0.9900302475321688	-25.01436526063297	138.0	22	1.05	0.95				
	208	1	77.70769716	15.905084214035087	0.0	0.0	2	0.9961212068485608	-22.94438146712685	138.0	22	1.05	0.95				
	209	1	79.52542107017544	16.359515191578947	0.0	0.0	2	1.0234312182227887	-15.961355571199524	138.0	23	1.05	0.95				
	210	1	88.61404062105262	18.177239101754385	0.0	0.0	2	1.05	-17.67471858262315	138.0	23	1.05	0.95				
	211	1	0.0	0.0	0.0	0.0	2	1.0115988500235467	-12.475179228212356	230.0	23	1.05	0.95				
	212	1	0.0	0.0	0.0	0.0	2	1.0138941655884786	-11.5951807360807	230.0	23	1.05	0.95				
	213	2	120.42420904912281	24.53927278736842	0.0	0.0	2	1.01261800439351	-10.862514189231788	230.0	24	1.05	0.95				
	214	2	88.15960964350876	17.722808124210527	0.0	0.0	2	1.0165133142422924	-9.500139552423292	230.0	26	1.05	0.95				
	215	2	144.0546198814035	29.08358256280702	0.0	0.0	2	1.0342029698614588	-2.1541784934761683	230.0	26	1.05	0.95				
	216	2	45.44309775438597	9.088619550877192	0.0	0.0	2	1.036942688541222	-2.591414201502243	230.0	26	1.05	0.95				
	217	1	0.0	0.0	0.0	0.0	2	1.0410216755839294	-0.7587083159143734	230.0	27	1.05	0.95				
	218	2	151.32551552210526	30.90130647298246	0.0	0.0	2	1.038933777851899	-1.3213581188907981	230.0	27	1.05	0.95				
	219	1	82.25200693543859	16.813946169122808	0.0	0.0	2	1.0401254292356068	-2.7167164652209497	230.0	25	1.05	0.95				
	220	1	58.16716512561404	11.815205416140351	0.0	0.0	2	1.0459677473679194	-1.964298806475544	230.0	25	1.05	0.95				
	221	2	0.0	0.0	0.0	0.0	2	1.0393767536165779	-0.800636715592487	230.0	27	1.05	0.95				
	222	2	0.0	0.0	0.0	0.0	2	1.05	5.718669426618684	230.0	27	1.05	0.95				
	223	2	0.0	0.0	0.0	0.0	2	1.05	-1.2201726573395129	230.0	25	1.05	0.95				
	224	1	0.0	0.0	0.0	0.0	2	1.0120128481753172	-6.380031560932449	230.0	26	1.05	0.95				
	301	2	74.55109141894737	15.186333437192982	0.0	0.0	3	1.0415987010132342	10.906920029289763	138.0	31	1.05	0.95				
	302	2	66.95792470035087	13.805757670175439	0.0	0.0	3	1.0393956492056957	10.507922741430228	138.0	32	1.05	0.95				
	303	1	124.25181903157893	25.54065168982456	0.0	0.0	3	1.05	28.76467087428249	138.0	31	1.05	0.95				
	304	1	51.08130337964912	10.354318252631579	0.0	0.0	3	1.0094522708923122	12.770995900315958	138.0	31	1.05	0.95				
	305	1	49.0104397291228	9.664030369122807	0.0	0.0	3	1.0312380568141954	10.363893072482922	138.0	31	1.05	0.95				
	306	1	93.87915215719299	19.328060738245615	0.0	-100.0	3	1.0310624971601838	9.285813786500642	138.0	32	1.05	0.95				
	307	2	86.2859854385965	17.257197087719298	0.0	0.0	3	0.95	3.013159550155162	138.0	32	1.05	0.95				
	308	1	118.03922808	24.160075922807014	0.0	0.0	3	0.9590591442137998	6.229724554216005	138.0	32	1.05	0.95				
	309	1	120.8003796140351	24.850363806315787	0.0	0.0	3	1.0101897766911891	17.558217299394144	138.0	33	1.05	0.95				
	310	1	134.60613728421052	27.611515340350877	0.0	0.0	3	1.0380086376722224	12.021366385047754	138.0	33	1.05	0.95				
	311	1	0.0	0.0	0.0	0.0	3	0.9969404964611136	18.370283396683824	230.0	33	1.05	0.95				
	312	1	0.0	0.0	0.0	0.0	3	1.0018187241545362	18.98833676685498	230.0	33	1.05	0.95				
	313	2	182.92628912982454	37.27554570947368	0.0	0.0	3	1.0005519384732833	22.475360625568957	230.0	34	1.05	0.95				
	314	2	133.91584940070175	26.921227456842107	0.0	0.0	3	0.9969081916086433	18.46380804972742	230.0	36	1.05	0.95				
	315	2	218.82125907228067	44.1784245445614	0.0	0.0	3	1.05	19.534480035167498	230.0	36	1.05	0.95				
	316	2	69.02878835087719	13.805757670175439	0.0	0.0	3	1.0395319009712256	19.68902182333609	230.0	36	1.05	0.95				
	317	1	0.0	0.0	0.0	0.0	3	1.05	23.072364779004094	230.0	37	1.05	0.95				
	318	2	229.86586520842104	46.939576078596495	0.0	0.0	3	1.0440870296835931	19.40110723141227	230.0	37	1.05	0.95				
	319	1	124.94210691508772	25.54065168982456	0.0	0.0	3	1.026653515609502	19.454994731871516	230.0	35	1.05	0.95				
	320	1	88.3568490891228	17.94748497122807	0.0	0.0	3	1.0194011383818606	19.733316095854082	230.0	35	1.05	0.95				
	321	2	0.0	0.0	0.0	0.0	3	1.05	20.105755064514202	230.0	37	1.05	0.95				
	322	2	0.0	0.0	0.0	0.0	3	1.05	25.61815390951248	230.0	37	1.05	0.95				
	323	2	0.0	0.0	0.0	0.0	3	1.016515630061813	20.117740938992743	230.0	35	1.05	0.95				
	324	1	0.0	0.0	0.0	0.0	3	1.0486487153819453	24.121474501065638	230.0	36	1.05	0.95				
	325	1	0.0	0.0	0.0	0.0	3	1.019096185954914	20.296457964705027	230.0	35	1.05	0.95				
];
