%% MATPOWER Case Format : Version 2
function mpc = RTS_GMLC
mpc.version = '2';

%%-----  Power Flow Data  -----%%
%% system MVA base
mpc.baseMVA = 100.0;
%% bus data
%    bus_i    type    Pd    Qd    Gs    Bs    area    Vm    Va    baseKV    zone    Vmax    Vmin
mpc.bus = [
	101	2	78.74220683368422	16.040079169824562	0.0	0.0	1	1.032492275772892	-2.0690449378884894	138.0	11	1.05	0.95				
	102	2	70.72216724877192	14.581890154385965	0.0	0.0	1	1.0324946101774932	-2.1242629345611395	138.0	12	1.05	0.95				
	103	1	131.2370113894737	26.976496785614035	0.0	0.0	1	1.0205848191724374	-2.630821744814954	138.0	11	1.05	0.95				
	104	1	53.95299357122807	10.936417615789475	0.0	0.0	1	1.0164572657678221	-4.943949485198136	138.0	11	1.05	0.95				
	105	1	51.765710048070176	10.207323108070177	0.0	0.0	1	1.0315479054050711	-4.976278712242178	138.0	11	1.05	0.95				
	106	1	99.15685304982458	20.414646216140355	0.0	-100.0	1	1.036804153977778	-7.267762475609899	138.0	12	1.05	0.95				
	107	2	91.1368134649123	18.227362692982457	0.0	0.0	1	1.047692709775017	-3.082247190905091	138.0	12	1.05	0.95				
	108	1	124.67516082	25.51830777017544	0.0	0.0	1	1.0247605989581297	-6.12476223471671	138.0	12	1.05	0.95				
	109	1	127.5915388508772	26.24740227789474	0.0	0.0	1	1.026666646317779	-4.299073825575257	138.0	13	1.05	0.95				
	110	1	142.1734290052632	29.16378030877193	0.0	0.0	1	1.05	-5.620585656566381	138.0	13	1.05	0.95				
	111	1	0.0	0.0	0.0	0.0	1	1.0136073705581414	-1.5149098704830142	230.0	13	1.05	0.95				
	112	1	0.0	0.0	0.0	0.0	1	1.0158765884137066	-0.5829901890294037	230.0	13	1.05	0.95				
	113	3	193.21004454561404	39.37110341684211	0.0	0.0	1	1.0140952820779392	6.840575749722033e-27	230.0	14	1.05	0.95				
	114	2	141.44433449754385	28.434685801052634	0.0	0.0	1	1.016081931504465	0.6522679647490371	230.0	16	1.05	0.95				
	115	2	231.12295894701754	46.66204849403509	0.0	0.0	1	1.0450615807734978	8.383129931506938	230.0	16	1.05	0.95				
	116	2	72.90945077192983	14.581890154385965	0.0	0.0	1	1.0432911642704779	8.096232753989407	230.0	16	1.05	0.95				
	117	1	0.0	0.0	0.0	0.0	1	1.047114726854316	11.00003841457634	230.0	17	1.05	0.95				
	118	2	242.78847107052633	49.57842652491229	0.0	0.0	1	1.0491841230321837	11.54586450097738	230.0	17	1.05	0.95				
	119	1	131.966105897193	26.976496785614035	0.0	0.0	1	1.0378884177902776	7.02528757722018	230.0	15	1.05	0.95				
	120	1	93.32409698807018	18.956457200701756	0.0	0.0	1	1.0396197036200556	7.471166052079827	230.0	15	1.05	0.95				
	121	2	0.0	0.0	0.0	0.0	1	1.05	12.134425468901739	230.0	17	1.05	0.95				
	122	2	0.0	0.0	0.0	0.0	1	1.05	18.70353857732964	230.0	17	1.05	0.95				
	123	2	0.0	0.0	0.0	0.0	1	1.0426145363834964	8.253717964368837	230.0	15	1.05	0.95				
	124	1	0.0	0.0	0.0	0.0	1	1.02210630458615	4.312276004139014	230.0	16	1.05	0.95				
	201	2	79.78026130105262	16.251534709473685	0.0	0.0	2	1.0405543572279845	-9.641620056432663	138.0	21	1.05	0.95				
	202	2	71.65449394631578	14.774122463157893	0.0	0.0	2	1.040532384032809	-9.787003729020137	138.0	22	1.05	0.95				
	203	1	132.96710216842104	27.332126556842102	0.0	0.0	2	1.027392453286957	-6.6819268814303046	138.0	21	1.05	0.95				
	204	1	54.664253113684204	11.080591847368419	0.0	0.0	2	1.0195044530937258	-11.606821100250967	138.0	21	1.05	0.95				
	205	1	52.44813474421052	10.341885724210526	0.0	0.0	2	1.0358201794684532	-11.980719849928798	138.0	21	1.05	0.95				
	206	1	100.46403274947369	20.68377144842105	0.0	-100.0	2	1.0388393456123066	-13.999692956557839	138.0	22	1.05	0.95				
	207	2	92.33826539473682	18.467653078947365	0.0	0.0	2	0.9617636235055363	-25.12815447334621	138.0	22	1.05	0.95				
	208	1	126.31874705999996	25.85471431052631	0.0	0.0	2	0.9662257771590131	-21.45233166991757	138.0	22	1.05	0.95				
	209	1	129.27357155263155	26.593420433684205	0.0	0.0	2	1.025560183601255	-10.11942181264717	138.0	23	1.05	0.95				
	210	1	144.04769401578946	29.548244926315785	0.0	0.0	2	1.05	-12.044210560244213	138.0	23	1.05	0.95				
	211	1	0.0	0.0	0.0	0.0	2	1.0268167534287278	-5.336194410408235	230.0	23	1.05	0.95				
	212	1	0.0	0.0	0.0	0.0	2	1.020633317717715	-4.178307660590132	230.0	23	1.05	0.95				
	213	2	195.75712263684207	39.89013065052631	0.0	0.0	2	1.0379798961859192	-1.93509583713778	230.0	24	1.05	0.95				
	214	2	143.30898789263156	28.809538803157892	0.0	0.0	2	1.0427287583698739	-2.7452106401176337	230.0	26	1.05	0.95				
	215	2	234.16984104105262	47.27719188210526	0.0	0.0	2	1.0447944866965377	5.534587162362444	230.0	26	1.05	0.95				
	216	2	73.87061231578946	14.774122463157893	0.0	0.0	2	1.048468818691879	5.461706673978091	230.0	26	1.05	0.95				
	217	1	0.0	0.0	0.0	0.0	2	1.0491406721993175	8.595619324030965	230.0	27	1.05	0.95				
	218	2	245.9891390115789	50.232016374736844	0.0	0.0	2	1.05	9.405702090528214	230.0	27	1.05	0.95				
	219	1	133.70580829157893	27.332126556842102	0.0	0.0	2	1.0439380083541798	4.890290236232474	230.0	25	1.05	0.95				
	220	1	94.55438376421051	19.20635920210526	0.0	0.0	2	1.0464130574812376	5.77377518841356	230.0	25	1.05	0.95				
	221	2	0.0	0.0	0.0	0.0	2	1.05	9.83506191994779	230.0	27	1.05	0.95				
	222	2	0.0	0.0	0.0	0.0	2	1.05	15.860612636467707	230.0	27	1.05	0.95				
	223	2	0.0	0.0	0.0	0.0	2	1.05	6.795130959405862	230.0	25	1.05	0.95				
	224	1	0.0	0.0	0.0	0.0	2	1.0228942510242296	0.9856634658074438	230.0	26	1.05	0.95				
	301	2	69.59696297684211	14.177159124912281	0.0	0.0	3	1.0145219934455607	-17.17513822891971	138.0	31	1.05	0.95				
	302	2	62.50838341438596	12.888326477192983	0.0	0.0	3	1.0130559612512648	-17.546176018048968	138.0	32	1.05	0.95				
	303	1	115.99493829473684	23.843403982807015	0.0	0.0	3	1.029944186437966	-9.574369117573287	138.0	31	1.05	0.95				
	304	1	47.68680796561403	9.666244857894736	0.0	0.0	3	1.0092413803154652	-16.323536244821135	138.0	31	1.05	0.95				
	305	1	45.75355899403508	9.021828534035087	0.0	0.0	3	1.0237975837559967	-17.181332175435923	138.0	31	1.05	0.95				
	306	1	87.64062004491228	18.043657068070175	0.0	-100.0	3	1.0353239205056546	-17.91075275892964	138.0	32	1.05	0.95				
	307	2	80.55204048245614	16.110408096491227	0.0	0.0	3	1.0046555925832041	-20.036074590847473	138.0	32	1.05	0.95				
	308	1	110.19519138	22.55457133508772	0.0	0.0	3	1.0009426645440032	-19.47228907002681	138.0	32	1.05	0.95				
	309	1	112.77285667543859	23.198987658947367	0.0	0.0	3	1.027831099421511	-12.692224415986637	138.0	33	1.05	0.95				
	310	1	125.66118315263157	25.776652954385966	0.0	0.0	3	1.05	-15.122751980156483	138.0	33	1.05	0.95				
	311	1	0.0	0.0	0.0	0.0	3	1.0184543368479535	-8.299621732751602	230.0	33	1.05	0.95				
	312	1	0.0	0.0	0.0	0.0	3	1.0178544805335263	-7.3836586224191105	230.0	33	1.05	0.95				
	313	2	170.770325822807	34.798481488421054	0.0	0.0	3	1.026740934574518	-4.148269457278267	230.0	34	1.05	0.95				
	314	2	125.01676682877192	25.132236630526318	0.0	0.0	3	1.027407007893583	-6.366992589886442	230.0	36	1.05	0.95				
	315	2	204.27997466350877	41.24264472701754	0.0	0.0	3	1.0470039739463473	0.42929513965265803	230.0	36	1.05	0.95				
	316	2	64.44163238596491	12.888326477192983	0.0	0.0	3	1.045610249223109	0.27047227454480877	230.0	36	1.05	0.95				
	317	1	0.0	0.0	0.0	0.0	3	1.0475724684629373	2.380781975698596	230.0	37	1.05	0.95				
	318	2	214.59063584526317	43.82031002245614	0.0	0.0	3	1.0477812801626252	2.6351610793470432	230.0	37	1.05	0.95				
	319	1	116.63935461859649	23.843403982807015	0.0	0.0	3	1.041446526494716	-0.4576604188152452	230.0	35	1.05	0.95				
	320	1	82.48528945403508	16.75482442035088	0.0	0.0	3	1.04315652912157	0.12135601458955257	230.0	35	1.05	0.95				
	321	2	0.0	0.0	0.0	0.0	3	1.05	3.8125570785876968	230.0	37	1.05	0.95				
	322	2	0.0	0.0	0.0	0.0	3	1.05	9.025816484768963	230.0	37	1.05	0.95				
	323	2	0.0	0.0	0.0	0.0	3	1.0457647986583969	0.9127779118466491	230.0	35	1.05	0.95				
	324	1	0.0	0.0	0.0	0.0	3	1.028046829725148	-3.292936476410893	230.0	36	1.05	0.95				
	325	1	0.0	0.0	0.0	0.0	3	1.0435093830774482	1.8453858541002417	230.0	35	1.05	0.95				
];
