%% MATPOWER Case Format : Version 2
function mpc = RTS_GMLC
mpc.version = '2';

%%-----  Power Flow Data  -----%%
%% system MVA base
mpc.baseMVA = 100.0;
%% bus data
%    bus_i    type    Pd    Qd    Gs    Bs    area    Vm    Va    baseKV    zone    Vmax    Vmin
mpc.bus = [
	101	2	74.89460664	15.256308760000001	0.0	0.0	1	1.0328065111484532	-0.9246383751231458	138.0	11	1.05	0.95				
	102	2	67.26645226	13.8693716	0.0	0.0	1	1.0328194710601366	-0.9704494337327583	138.0	12	1.05	0.95				
	103	1	124.82434440000002	25.658337460000002	0.0	0.0	1	1.021680264768178	-1.9652854806761695	138.0	11	1.05	0.95				
	104	1	51.316674920000004	10.4020287	0.0	0.0	1	1.0172114195650592	-3.9116911584694427	138.0	11	1.05	0.95				
	105	1	49.23626918	9.708560120000001	0.0	0.0	1	1.0321527346644606	-3.8919234113424164	138.0	11	1.05	0.95				
	106	1	94.31172688000001	19.417120240000003	0.0	-100.0	1	1.0378860109172796	-6.18526307407758	138.0	12	1.05	0.95				
	107	2	86.68357250000001	17.3367145	0.0	0.0	1	1.046384170625739	-1.342442674502464	138.0	12	1.05	0.95				
	108	1	118.58312717999999	24.2714003	0.0	0.0	1	1.024872161769224	-4.65592974188161	138.0	12	1.05	0.95				
	109	1	121.3570015	24.964868879999997	0.0	0.0	1	1.0265556541807281	-3.5121487480978595	138.0	13	1.05	0.95				
	110	1	135.22637310000002	27.7387432	0.0	0.0	1	1.05	-4.711237281220513	138.0	13	1.05	0.95				
	111	1	0.0	0.0	0.0	0.0	1	1.0122450498927802	-1.124702307817418	230.0	13	1.05	0.95				
	112	1	0.0	0.0	0.0	0.0	1	1.0151288544568293	-0.16391807770316535	230.0	13	1.05	0.95				
	113	3	183.76917369999998	37.44730332	0.0	0.0	1	1.0111195540847955	-2.7820100106141177e-31	230.0	14	1.05	0.95				
	114	2	134.53290452	27.045274619999997	0.0	0.0	1	1.0133367955887054	0.9419938320483852	230.0	16	1.05	0.95				
	115	2	219.82953986	44.38198912	0.0	0.0	1	1.0440477165728337	8.158339850323138	230.0	16	1.05	0.95				
	116	2	69.346858	13.8693716	0.0	0.0	1	1.0421154365122105	8.016284838240491	230.0	16	1.05	0.95				
	117	1	0.0	0.0	0.0	0.0	1	1.046636383189979	10.675987607307254	230.0	17	1.05	0.95				
	118	2	230.92503714	47.155863440000005	0.0	0.0	1	1.0489109694523635	11.046596096358686	230.0	17	1.05	0.95				
	119	1	125.51781298	25.658337460000002	0.0	0.0	1	1.0369856384357885	7.160478009348627	230.0	15	1.05	0.95				
	120	1	88.76397824	18.03018308	0.0	0.0	1	1.038497816392608	7.729835753498504	230.0	15	1.05	0.95				
	121	2	0.0	0.0	0.0	0.0	1	1.05	11.391933215832223	230.0	17	1.05	0.95				
	122	2	0.0	0.0	0.0	0.0	1	1.05	18.69932886574771	230.0	17	1.05	0.95				
	123	2	0.0	0.0	0.0	0.0	1	1.0412487292594066	8.555716845385168	230.0	15	1.05	0.95				
	124	1	0.0	0.0	0.0	0.0	1	1.0229969316939846	4.411439164566687	230.0	16	1.05	0.95				
	201	2	72.11333228210526	14.689752872280701	0.0	0.0	2	1.0341195194324617	-7.063594502906227	138.0	21	1.05	0.95				
	202	2	64.7684558459649	13.354320792982454	0.0	0.0	2	1.0342261040217764	-7.13924112458086	138.0	22	1.05	0.95				
	203	1	120.1888871368421	24.705493467017543	0.0	0.0	2	1.0281999367177463	-4.729128344685345	138.0	21	1.05	0.95				
	204	1	49.41098693403509	10.01574059473684	0.0	0.0	2	1.0182800071183737	-9.011863448741616	138.0	21	1.05	0.95				
	205	1	47.40783881508771	9.348024555087719	0.0	0.0	2	1.0335045183000056	-9.352053199202029	138.0	21	1.05	0.95				
	206	1	90.8093813922807	18.696049110175437	0.0	-100.0	2	1.039380095591209	-11.264379635396372	138.0	22	1.05	0.95				
	207	2	83.46450495614035	16.69290099122807	0.0	0.0	2	0.9784859481308937	-21.242836202717687	138.0	22	1.05	0.95				
	208	1	114.17944277999999	23.370061387719293	0.0	0.0	2	0.9799249009674382	-17.98725637301066	138.0	22	1.05	0.95				
	209	1	116.85030693859647	24.037777427368418	0.0	0.0	2	1.025943227773425	-7.839840622448691	138.0	23	1.05	0.95				
	210	1	130.20462773157894	26.70864158596491	0.0	0.0	2	1.05	-9.566639028872663	138.0	23	1.05	0.95				
	211	1	0.0	0.0	0.0	0.0	2	1.0197030265601408	-3.527399403205141	230.0	23	1.05	0.95				
	212	1	0.0	0.0	0.0	0.0	2	1.018619774224714	-2.581042823383508	230.0	23	1.05	0.95				
	213	2	176.94475050701752	36.05666614105263	0.0	0.0	2	1.0263992625117098	-0.3440790906104505	230.0	24	1.05	0.95				
	214	2	129.5369116919298	26.040925546315783	0.0	0.0	2	1.029826444075028	-1.1975620488575767	230.0	26	1.05	0.95				
	215	2	211.66598456877193	42.733826537543855	0.0	0.0	2	1.0433659056122453	6.029154354258633	230.0	26	1.05	0.95				
	216	2	66.77160396491227	13.354320792982454	0.0	0.0	2	1.0457314874663919	6.152304648106	230.0	26	1.05	0.95				
	217	1	0.0	0.0	0.0	0.0	2	1.0481888027532928	9.286420383624291	230.0	27	1.05	0.95				
	218	2	222.34944120315788	45.40469069614035	0.0	0.0	2	1.0499999853146862	10.165587023066042	230.0	27	1.05	0.95				
	219	1	120.85660317649123	24.705493467017543	0.0	0.0	2	1.04310473526126	5.369103024847133	230.0	25	1.05	0.95				
	220	1	85.46765307508771	17.360617030877194	0.0	0.0	2	1.0464162731481328	5.940086594415894	230.0	25	1.05	0.95				
	221	2	0.0	0.0	0.0	0.0	2	1.05	10.502923056296076	230.0	27	1.05	0.95				
	222	2	0.0	0.0	0.0	0.0	2	1.05	16.53736471943261	230.0	27	1.05	0.95				
	223	2	0.0	0.0	0.0	0.0	2	1.05	6.739118718951131	230.0	25	1.05	0.95				
	224	1	0.0	0.0	0.0	0.0	2	1.0242318810168753	2.01708352569587	230.0	26	1.05	0.95				
	301	2	61.55077505684211	12.538120844912282	0.0	0.0	3	1.0095773616021835	-21.92869097083778	138.0	31	1.05	0.95				
	302	2	55.281714634385956	11.398291677192983	0.0	0.0	3	1.008576201047373	-22.139581443900383	138.0	32	1.05	0.95				
	303	1	102.58462509473685	21.086839602807018	0.0	0.0	3	1.0341915071796712	-12.530008351201072	138.0	31	1.05	0.95				
	304	1	42.173679205614036	8.548718757894736	0.0	0.0	3	1.0083144756420286	-20.384313323965	138.0	31	1.05	0.95				
	305	1	40.46393545403508	7.978804174035088	0.0	0.0	3	1.0222098249102616	-21.521681405343692	138.0	31	1.05	0.95				
	306	1	77.50838340491228	15.957608348070176	0.0	-100.0	3	1.0364193676168285	-21.935189743295354	138.0	32	1.05	0.95				
	307	2	71.23932298245614	14.247864596491228	0.0	0.0	3	1.0056978083577113	-22.714818643828462	138.0	32	1.05	0.95				
	308	1	97.45539384	19.947010435087716	0.0	0.0	3	1.0043100892606645	-22.500176093418215	138.0	32	1.05	0.95				
	309	1	99.73505217543858	20.516925018947365	0.0	0.0	3	1.0275514675514543	-16.626174821289883	138.0	33	1.05	0.95				
	310	1	111.13334385263158	22.796583354385966	0.0	0.0	3	1.05	-19.284396488654846	138.0	33	1.05	0.95				
	311	1	0.0	0.0	0.0	0.0	3	1.0151628930222776	-12.83735565749851	230.0	33	1.05	0.95				
	312	1	0.0	0.0	0.0	0.0	3	1.0156233352665074	-12.38938242234818	230.0	33	1.05	0.95				
	313	2	151.027364722807	30.775387528421057	0.0	0.0	3	1.0179726452055846	-9.601248164323358	230.0	34	1.05	0.95				
	314	2	110.56342926877191	22.226668770526317	0.0	0.0	3	1.023384305135888	-10.533387662516704	230.0	36	1.05	0.95				
	315	2	180.66292308350876	36.47453336701754	0.0	0.0	3	1.0459316180321985	-4.009487855771353	230.0	36	1.05	0.95				
	316	2	56.99145838596491	11.398291677192983	0.0	0.0	3	1.0450740351334866	-3.8627983627846865	230.0	36	1.05	0.95				
	317	1	0.0	0.0	0.0	0.0	3	1.0479674389628941	-1.3304614056597566	230.0	37	1.05	0.95				
	318	2	189.78155642526315	38.75419170245614	0.0	0.0	3	1.0484654950705101	-0.9988157418274283	230.0	37	1.05	0.95				
	319	1	103.15453967859649	21.086839602807018	0.0	0.0	3	1.039417347250579	-5.332119545843145	230.0	35	1.05	0.95				
	320	1	72.94906673403509	14.817779180350875	0.0	0.0	3	1.039235338494974	-5.535553136279978	230.0	35	1.05	0.95				
	321	2	0.0	0.0	0.0	0.0	3	1.05	-0.35326839889266687	230.0	37	1.05	0.95				
	322	2	0.0	0.0	0.0	0.0	3	1.05	5.0386503052522515	230.0	37	1.05	0.95				
	323	2	0.0	0.0	0.0	0.0	3	1.040278149682506	-5.2228714080407626	230.0	35	1.05	0.95				
	324	1	0.0	0.0	0.0	0.0	3	1.030688573253277	-7.193726245406407	230.0	36	1.05	0.95				
	325	1	0.0	0.0	0.0	0.0	3	1.0357338807111154	-3.847677669309932	230.0	35	1.05	0.95				
];

%% generator data
%    bus    Pg    Qg    Qmax    Qmin    Vg    mBase    status    Pmax    Pmin    Pc1    Pc2    Qc1min    Qc1max    Qc2min    Qc2max    ramp_agc    ramp_10    ramp_30    ramp_q    apf
