%% MATPOWER Case Format : Version 2
function mpc = RTS_GMLC
mpc.version = '2';

%%-----  Power Flow Data  -----%%
%% system MVA base
mpc.baseMVA = 100.0;
%% bus data
%    bus_i    type    Pd    Qd    Gs    Bs    area    Vm    Va    baseKV    zone    Vmax    Vmin
mpc.bus = [
	101	2	42.10984659789474	8.577931714385963	0.0	0.0	1	1.0121820677093594	-3.9111882411722068	138.0	11	1.05	0.95				
	102	2	37.82088074070175	7.798119740350877	0.0	0.0	1	1.0121206675831018	-4.135445198717784	138.0	12	1.05	0.95				
	103	1	70.18307766315789	14.426521519649121	0.0	0.0	1	1.0015456059717753	1.1364412027863098	138.0	11	1.05	0.95				
	104	1	28.853043039298242	5.848589805263157	0.0	0.0	1	1.0026490615662733	-4.006424863374281	138.0	11	1.05	0.95				
	105	1	27.68332507824561	5.458683818245614	0.0	0.0	1	1.0168496213380114	-5.052643218820632	138.0	11	1.05	0.95				
	106	1	53.027214234385966	10.917367636491228	0.0	-100.0	1	1.027430080442883	-6.170661592780511	138.0	12	1.05	0.95				
	107	2	48.738248377192974	9.747649675438595	0.0	0.0	1	0.9866402438187267	-9.976419504679376	138.0	12	1.05	0.95				
	108	1	66.67392378	13.646709545614033	0.0	0.0	1	0.9884905229877513	-8.7007975668004	138.0	12	1.05	0.95				
	109	1	68.23354772807016	14.036615532631577	0.0	0.0	1	1.0020315216669833	-3.0264536033047387	138.0	13	1.05	0.95				
	110	1	76.03166746842103	15.596239480701755	0.0	0.0	1	1.0307288547972895	-4.920759132451123	138.0	13	1.05	0.95				
	111	1	0.0	0.0	0.0	0.0	1	0.981331370912931	-0.45923577427796664	230.0	13	1.05	0.95				
	112	1	0.0	0.0	0.0	0.0	1	0.9828108824101881	-1.3202234477855663	230.0	13	1.05	0.95				
	113	3	103.32508655964912	21.05492329894737	0.0	0.0	1	0.9635623573856412	-1.6164962263020102e-28	230.0	14	1.05	0.95				
	114	2	75.6417614814035	15.206333493684209	0.0	0.0	1	0.9896560065797179	2.7992697805056914	230.0	16	1.05	0.95				
	115	2	123.60019788456138	24.953983169122804	0.0	0.0	1	0.9895658402348494	11.652269265507664	230.0	16	1.05	0.95				
	116	2	38.99059870175438	7.798119740350877	0.0	0.0	1	0.9883267635118235	10.104737272367935	230.0	16	1.05	0.95				
	117	1	0.0	0.0	0.0	0.0	1	0.9913712792527949	15.692049618074321	230.0	17	1.05	0.95				
	118	2	129.8386936768421	26.513607117192983	0.0	0.0	1	0.9989937509305199	16.275407914807577	230.0	17	1.05	0.95				
	119	1	70.57298365017543	14.426521519649121	0.0	0.0	1	0.9885306456750288	6.467317047045527	230.0	15	1.05	0.95				
	120	1	49.90796633824561	10.137555662456139	0.0	0.0	1	0.9935119013710697	3.703523748401269	230.0	15	1.05	0.95				
	121	2	0.0	0.0	0.0	0.0	1	0.999755359373763	17.524088881011583	230.0	17	1.05	0.95				
	122	2	0.0	0.0	0.0	0.0	1	1.0079016783118173	33.859415369438835	230.0	17	1.05	0.95				
	123	2	0.0	0.0	0.0	0.0	1	0.9972769120977892	2.512709963564488	230.0	15	1.05	0.95				
	124	1	0.0	0.0	0.0	0.0	1	0.9815568076232744	7.624696279928713	230.0	16	1.05	0.95				
	201	2	43.99559264842105	8.962065169122807	0.0	0.0	2	1.0100214494198487	-11.429473608424857	138.0	21	1.05	0.95				
	202	2	39.51456006385964	8.147331971929825	0.0	0.0	2	1.0089877274967278	-11.597789318079242	138.0	22	1.05	0.95				
	203	1	73.32598774736842	15.072564148070175	0.0	0.0	2	0.9969895731631496	-8.645147519392193	138.0	21	1.05	0.95				
	204	1	30.14512829614035	6.110498978947368	0.0	0.0	2	1.0006519221282943	-10.582052123433437	138.0	21	1.05	0.95				
	205	1	28.923028500350874	5.703132380350877	0.0	0.0	2	1.0167200771661158	-10.95670298121647	138.0	21	1.05	0.95				
	206	1	55.40185740912281	11.406264760701754	0.0	-100.0	2	1.0285530029360779	-11.203222993764406	138.0	22	1.05	0.95				
	207	2	50.92082482456141	10.18416496491228	0.0	0.0	2	0.9712635866343008	-16.061607550463968	138.0	22	1.05	0.95				
	208	1	69.65968835999999	14.257830950877192	0.0	0.0	2	0.9798212520363067	-14.185718601092278	138.0	22	1.05	0.95				
	209	1	71.28915475438596	14.665197549473682	0.0	0.0	2	1.0062254997296354	-8.009482577193678	138.0	23	1.05	0.95				
	210	1	79.43648672631578	16.29466394385965	0.0	0.0	2	1.0336161571247466	-9.132118448008445	138.0	23	1.05	0.95				
	211	1	0.0	0.0	0.0	0.0	2	0.9873446858694497	-5.6667909621587285	230.0	23	1.05	0.95				
	212	1	0.0	0.0	0.0	0.0	2	0.9894661031102288	-0.9229725077648907	230.0	23	1.05	0.95				
	213	2	107.95214862807016	21.997796324210526	0.0	0.0	2	0.9837623354759797	-3.132747718346298	230.0	24	1.05	0.95				
	214	2	79.02912012771928	15.887297345263157	0.0	0.0	2	0.9836091809427692	-4.841556908078762	230.0	26	1.05	0.95				
	215	2	129.1352117550877	26.071462310175438	0.0	0.0	2	0.9913577682310568	-0.751041691558516	230.0	26	1.05	0.95				
	216	2	40.73665985964912	8.147331971929825	0.0	0.0	2	0.9898013962545603	-0.9807997283443641	230.0	26	1.05	0.95				
	217	1	0.0	0.0	0.0	0.0	2	0.999946020959275	-0.00044779275332393803	230.0	27	1.05	0.95				
	218	2	135.65307733263157	27.700928704561406	0.0	0.0	2	1.0007883806105509	-0.5573499124990741	230.0	27	1.05	0.95				
	219	1	73.73335434596491	15.072564148070175	0.0	0.0	2	0.9839704124341058	-0.11334989053310056	230.0	25	1.05	0.95				
	220	1	52.142924620350875	10.591531563508772	0.0	0.0	2	0.9821492236186921	1.5123202187121338	230.0	25	1.05	0.95				
	221	2	0.0	0.0	0.0	0.0	2	1.0031662137253137	-0.05811942716949882	230.0	27	1.05	0.95				
	222	2	0.0	0.0	0.0	0.0	2	1.020499337308756	4.597090720449229	230.0	27	1.05	0.95				
	223	2	0.0	0.0	0.0	0.0	2	0.9823549121683464	2.7519151885669606	230.0	25	1.05	0.95				
	224	1	0.0	0.0	0.0	0.0	2	0.9838416224970465	-3.7564693737671258	230.0	26	1.05	0.95				
	301	2	64.24992090947369	13.087946851929825	0.0	0.0	3	1.0029743957240116	24.29044945040526	138.0	31	1.05	0.95				
	302	2	57.705947483508766	11.898133501754387	0.0	0.0	3	1.003461511629822	23.95272607502325	138.0	32	1.05	0.95				
	303	1	107.08320151578947	22.011546978245615	0.0	0.0	3	1.0155537676371946	38.424910723964764	138.0	31	1.05	0.95				
	304	1	44.02309395649123	8.92360012631579	0.0	0.0	3	0.9933094986869305	25.914575743183423	138.0	31	1.05	0.95				
	305	1	42.23837393122807	8.328693451228071	0.0	0.0	3	1.0102978099857232	23.967720413635647	138.0	31	1.05	0.95				
	306	1	80.90730781192983	16.657386902456143	0.0	-100.0	3	1.0212097437616214	23.10223717554828	138.0	32	1.05	0.95				
	307	2	74.36333438596492	14.872666877192984	0.0	0.0	3	0.9661657189666302	19.7179948785126	138.0	32	1.05	0.95				
	308	1	101.72904144000002	20.821733628070174	0.0	0.0	3	0.9767649530187407	22.51747544616564	138.0	32	1.05	0.95				
	309	1	104.10866814035089	21.416640303157894	0.0	0.0	3	1.0062035158991172	30.05369479800607	138.0	33	1.05	0.95				
	310	1	116.00680164210526	23.796267003508774	0.0	0.0	3	1.0330912675502797	25.607934400228263	138.0	33	1.05	0.95				
	311	1	0.0	0.0	0.0	0.0	3	0.9944387168752442	30.614097430335107	230.0	33	1.05	0.95				
	312	1	0.0	0.0	0.0	0.0	3	1.0010490470133548	31.036744075409974	230.0	33	1.05	0.95				
	313	2	157.65026889824563	32.12496045473684	0.0	0.0	3	1.0047295348632692	34.513242763464774	230.0	34	1.05	0.95				
	314	2	115.41189496701753	23.201360328421057	0.0	0.0	3	0.9876712337273041	30.038480845086944	230.0	36	1.05	0.95				
	315	2	188.58541600280702	38.07402720561404	0.0	0.0	3	0.987090578245776	28.10948205002065	230.0	36	1.05	0.95				
	316	2	59.490667508771935	11.898133501754387	0.0	0.0	3	0.9792935774698491	28.65540748596224	230.0	36	1.05	0.95				
	317	1	0.0	0.0	0.0	0.0	3	0.9930737168048138	30.317541227660108	230.0	37	1.05	0.95				
	318	2	198.10392280421055	40.45365390596491	0.0	0.0	3	0.987514338760983	26.59515127557152	230.0	37	1.05	0.95				
	319	1	107.6781081908772	22.011546978245615	0.0	0.0	3	0.9886253117264544	28.75592011153121	230.0	35	1.05	0.95				
	320	1	76.14805441122807	15.467573552280703	0.0	0.0	3	0.9987574674542274	28.690533804121966	230.0	35	1.05	0.95				
	321	2	0.0	0.0	0.0	0.0	3	0.9954442588055563	27.546742672702365	230.0	37	1.05	0.95				
	322	2	0.0	0.0	0.0	0.0	3	1.0120423801953677	31.22906836311321	230.0	37	1.05	0.95				
	323	2	0.0	0.0	0.0	0.0	3	1.004329976452285	28.52723326044693	230.0	35	1.05	0.95				
	324	1	0.0	0.0	0.0	0.0	3	0.9967911930248032	33.477438102007625	230.0	36	1.05	0.95				
