%% MATPOWER Case Format : Version 2
function mpc = RTS_GMLC
mpc.version = '2';

%%-----  Power Flow Data  -----%%
%% system MVA base
mpc.baseMVA = 100.0;
%% bus data
%    bus_i    type    Pd    Qd    Gs    Bs    area    Vm    Va    baseKV    zone    Vmax    Vmin
mpc.bus = [
	101	2	40.37308264421052	8.224146464561402	0.0	0.0	1	1.0317868409752209	3.2622554240023405	138.0	11	1.05	0.95				
	102	2	36.26100941192982	7.476496785964912	0.0	0.0	1	1.0308792472251012	3.000681556988342	138.0	12	1.05	0.95				
	103	1	67.28847107368419	13.831519054035086	0.0	0.0	1	1.0309021036634607	1.65216271851274	138.0	11	1.05	0.95				
	104	1	27.66303810807017	5.607372589473683	0.0	0.0	1	1.0214308792809734	-0.09432681329549451	138.0	11	1.05	0.95				
	105	1	26.541563590175432	5.233547750175439	0.0	0.0	1	1.0356793000847424	0.13139746876017472	138.0	11	1.05	0.95				
	106	1	50.8401781445614	10.467095500350878	0.0	-100.0	1	1.046406102323329	-2.050648163835085	138.0	12	1.05	0.95				
	107	2	46.72810491228069	9.34562098245614	0.0	0.0	1	1.0001833981765664	-7.759400743731138	138.0	12	1.05	0.95				
	108	1	63.924047519999995	13.083869375438596	0.0	0.0	1	1.0058148938761449	-6.255851375975542	138.0	12	1.05	0.95				
	109	1	65.41934687719298	13.45769421473684	0.0	0.0	1	1.0248223457408592	-1.1029188928744436	138.0	13	1.05	0.95				
	110	1	72.89584366315788	14.952993571929824	0.0	0.0	1	1.05	-1.8575179055020057	138.0	13	1.05	0.95				
	111	1	0.0	0.0	0.0	0.0	1	1.0024926714512832	0.39126116883694156	230.0	13	1.05	0.95				
	112	1	0.0	0.0	0.0	0.0	1	1.007827367024199	0.4926526244661077	230.0	13	1.05	0.95				
	113	3	99.06358241403507	20.18654132210526	0.0	0.0	1	0.9927236207408519	1.9546604213243146e-30	230.0	14	1.05	0.95				
	114	2	72.52201882385964	14.579168732631578	0.0	0.0	1	0.9993716996207537	2.7369389839052216	230.0	16	1.05	0.95				
	115	2	118.50247405754384	23.924789715087716	0.0	0.0	1	1.0394956039520262	8.68670463158716	230.0	16	1.05	0.95				
	116	2	37.38248392982456	7.476496785964912	0.0	0.0	1	1.0349727815433754	8.13452123037155	230.0	16	1.05	0.95				
	117	1	0.0	0.0	0.0	0.0	1	1.0423033361200509	10.442221616054082	230.0	17	1.05	0.95				
	118	2	124.48367148631579	25.4200890722807	0.0	0.0	1	1.0461132752497244	10.305985730415795	230.0	17	1.05	0.95				
	119	1	67.66229591298244	13.831519054035086	0.0	0.0	1	1.0277383422989679	6.713746128815013	230.0	15	1.05	0.95				
	120	1	47.84957943017543	9.719445821754386	0.0	0.0	1	1.0240171016365753	6.197625689162697	230.0	15	1.05	0.95				
	121	2	0.0	0.0	0.0	0.0	1	1.05	11.040150743540211	230.0	17	1.05	0.95				
	122	2	0.0	0.0	0.0	0.0	1	1.05	20.792922315272538	230.0	17	1.05	0.95				
	123	2	0.0	0.0	0.0	0.0	1	1.022225451815445	6.20432614339566	230.0	15	1.05	0.95				
	124	1	0.0	0.0	0.0	0.0	1	1.027045145015568	6.052510399083435	230.0	16	1.05	0.95				
	201	2	44.62458680842105	9.090193609122807	0.0	0.0	2	1.0252945849906432	-8.471585825971442	138.0	21	1.05	0.95				
	202	2	40.07949000385965	8.263812371929824	0.0	0.0	2	1.0262978204622668	-8.282058927609524	138.0	22	1.05	0.95				
	203	1	74.37431134736842	15.288052888070174	0.0	0.0	2	1.017353182041124	-7.613240609651808	138.0	21	1.05	0.95				
	204	1	30.57610577614035	6.197859278947368	0.0	0.0	2	1.017892528884165	-10.09074448008546	138.0	21	1.05	0.95				
	205	1	29.33653392035087	5.784668660350877	0.0	0.0	2	1.0325754087912842	-10.365914496021592	138.0	21	1.05	0.95				
	206	1	56.193924129122806	11.569337320701754	0.0	-100.0	2	1.0448514776517555	-11.795980080294278	138.0	22	1.05	0.95				
	207	2	51.648827324561395	10.32976546491228	0.0	0.0	2	0.9911969331719611	-17.79249239922721	138.0	22	1.05	0.95				
	208	1	70.65559577999998	14.461671650877191	0.0	0.0	2	0.9983662673231158	-15.942597951054479	138.0	22	1.05	0.95				
	209	1	72.30835825438596	14.874862269473683	0.0	0.0	2	1.022602909878639	-9.870981618415426	138.0	23	1.05	0.95				
	210	1	80.57217062631578	16.527624743859647	0.0	0.0	2	1.05	-10.958430305354446	138.0	23	1.05	0.95				
	211	1	0.0	0.0	0.0	0.0	2	1.0043931353066726	-7.416151911168689	230.0	23	1.05	0.95				
	212	1	0.0	0.0	0.0	0.0	2	1.008896844981423	-6.970234456137657	230.0	23	1.05	0.95				
	213	2	109.49551392807015	22.312293404210525	0.0	0.0	2	0.9981282637447902	-6.628199019577331	230.0	24	1.05	0.95				
	214	2	80.1589800077193	16.11443412526316	0.0	0.0	2	1.0041962147570858	-4.985549082688186	230.0	26	1.05	0.95				
	215	2	130.98142609508773	26.444199590175437	0.0	0.0	2	1.0231614726339966	1.2276157915275052	230.0	26	1.05	0.95				
	216	2	41.31906185964912	8.263812371929824	0.0	0.0	2	1.0251140885157577	0.930858416831348	230.0	26	1.05	0.95				
	217	1	0.0	0.0	0.0	0.0	2	1.0301417030319968	3.3531984917332065	230.0	27	1.05	0.95				
	218	2	137.5924759926316	28.096962064561403	0.0	0.0	2	1.0304299540800432	3.2581542586568104	230.0	27	1.05	0.95				
	219	1	74.7875019659649	15.288052888070174	0.0	0.0	2	1.0259214648556199	0.025255977710083866	230.0	25	1.05	0.95				
	220	1	52.88839918035087	10.742956083508771	0.0	0.0	2	1.0294067482809695	0.0479762899490184	230.0	25	1.05	0.95				
	221	2	0.0	0.0	0.0	0.0	2	1.0312788694148514	3.367992129626722	230.0	27	1.05	0.95				
	222	2	0.0	0.0	0.0	0.0	2	1.05	9.85551994416977	230.0	27	1.05	0.95				
	223	2	0.0	0.0	0.0	0.0	2	1.0318036357525378	0.3754256486068281	230.0	25	1.05	0.95				
	224	1	0.0	0.0	0.0	0.0	2	1.0100295764881064	-2.0971861803628022	230.0	26	1.05	0.95				
	301	2	48.32837708210527	9.844669405614036	0.0	0.0	3	1.0058907110322393	-26.59219642647149	138.0	31	1.05	0.95				
	302	2	43.40604237929824	8.949699459649125	0.0	0.0	3	1.00563381095645	-26.69738374197639	138.0	32	1.05	0.95				
	303	1	80.54729513684211	16.556944000350875	0.0	0.0	3	1.0226120068146205	-21.33117979066725	138.0	31	1.05	0.95				
	304	1	33.11388800070175	6.712274594736842	0.0	0.0	3	1.0092071123317559	-25.18419915223721	138.0	31	1.05	0.95				
	305	1	31.771433081754385	6.264789621754387	0.0	0.0	3	1.0220290992650543	-25.91090445549485	138.0	31	1.05	0.95				
	306	1	60.85795632561404	12.529579243508774	0.0	-100.0	3	1.0392922635546082	-26.06031758096534	138.0	32	1.05	0.95				
	307	2	55.93562162280702	11.187124324561404	0.0	0.0	3	0.9924646416949909	-30.989717672909503	138.0	32	1.05	0.95				
	308	1	76.51993038	15.661974054385963	0.0	0.0	3	0.9984892259358102	-28.962037779637924	138.0	32	1.05	0.95				
	309	1	78.30987027192982	16.10945902736842	0.0	0.0	3	1.0264085392309266	-22.11706118807308	138.0	33	1.05	0.95				
	310	1	87.25956973157895	17.89939891929825	0.0	0.0	3	1.05	-23.790522598843243	138.0	33	1.05	0.95				
	311	1	0.0	0.0	0.0	0.0	3	1.0098453974929662	-17.88110602550697	230.0	33	1.05	0.95				
	312	1	0.0	0.0	0.0	0.0	3	1.0133724229774888	-17.092144811001408	230.0	33	1.05	0.95				
	313	2	118.58351784035088	24.164188541052635	0.0	0.0	3	1.0140264435340078	-14.037839934687922	230.0	34	1.05	0.95				
	314	2	86.81208475859648	17.45191394631579	0.0	0.0	3	1.0120594569138206	-16.10066874516955	230.0	36	1.05	0.95				
	315	2	141.8527364354386	28.639038270877194	0.0	0.0	3	1.0359717097728571	-11.911896942998728	230.0	36	1.05	0.95				
	316	2	44.74849729824562	8.949699459649125	0.0	0.0	3	1.0364800856899192	-10.926108899797162	230.0	36	1.05	0.95				
	317	1	0.0	0.0	0.0	0.0	3	1.040448819509073	-9.416945057151736	230.0	37	1.05	0.95				
	318	2	149.0124960031579	30.42897816280702	0.0	0.0	3	1.0389565142277637	-9.522468679749917	230.0	37	1.05	0.95				
	319	1	80.99478010982457	16.556944000350875	0.0	0.0	3	1.0358046045413845	-11.14103257047618	230.0	35	1.05	0.95				
	320	1	57.27807654175439	11.63460929754386	0.0	0.0	3	1.0382377961925835	-10.471274729664033	230.0	35	1.05	0.95				
	321	2	0.0	0.0	0.0	0.0	3	1.0398040235347943	-9.79439211414114	230.0	37	1.05	0.95				
	322	2	0.0	0.0	0.0	0.0	3	1.05	-5.3291922266592175	230.0	37	1.05	0.95				
	323	2	0.0	0.0	0.0	0.0	3	1.0403565366620136	-9.76882523980427	230.0	35	1.05	0.95				
	324	1	0.0	0.0	0.0	0.0	3	1.0192172914080722	-15.427942072016904	230.0	36	1.05	0.95				
	325	1	0.0	0.0	0.0	0.0	3	1.0332048349210148	-8.064531897480158	230.0	35	1.05	0.95				
];
