%% MATPOWER Case Format : Version 2
function mpc = RTS_GMLC
mpc.version = '2';

%%-----  Power Flow Data  -----%%
%% system MVA base
mpc.baseMVA = 100.0;
%% bus data
%    bus_i    type    Pd    Qd    Gs    Bs    area    Vm    Va    baseKV    zone    Vmax    Vmin
mpc.bus = [
	101	2	50.37951509052632	10.262493814736843	0.0	0.0	1	1.0381798708163923	0.8851246427275629	138.0	11	1.05	0.95				
	102	2	45.24826818315789	9.329539831578948	0.0	0.0	1	1.0358692144675976	0.2713931132517045	138.0	12	1.05	0.95				
	103	1	83.96585848421051	17.259648688421052	0.0	0.0	1	1.0338186212666576	0.7083912914440389	138.0	11	1.05	0.95				
	104	1	34.519297376842104	6.9971548736842095	0.0	0.0	1	1.0254990894932896	-1.895907210782267	138.0	11	1.05	0.95				
	105	1	33.11986640210526	6.530677882105264	0.0	0.0	1	1.0376338252709265	-2.4075547097297925	138.0	11	1.05	0.95				
	106	1	63.44087085473684	13.061355764210528	0.0	-100.0	1	1.0450681273027516	-4.841836716455182	138.0	12	1.05	0.95				
	107	2	58.309623947368415	11.661924789473684	0.0	0.0	1	1.000760645744928	-10.377080899482594	138.0	12	1.05	0.95				
	108	1	79.76756556	16.326694705263158	0.0	0.0	1	1.0032331046222787	-8.974172607751212	138.0	12	1.05	0.95				
	109	1	81.63347352631578	16.793171696842105	0.0	0.0	1	1.025153103410298	-2.9776012889318646	138.0	13	1.05	0.95				
	110	1	90.96301335789472	18.659079663157897	0.0	0.0	1	1.05	-4.294465573233573	138.0	13	1.05	0.95				
	111	1	0.0	0.0	0.0	0.0	1	1.0051182271669494	-1.0697499967788877	230.0	13	1.05	0.95				
	112	1	0.0	0.0	0.0	0.0	1	1.008608939631653	-1.3652338463605553	230.0	13	1.05	0.95				
	113	3	123.61640276842105	25.18975754526316	0.0	0.0	1	0.9981854341318831	8.140481036544685e-28	230.0	14	1.05	0.95				
	114	2	90.49653636631578	18.192602671578946	0.0	0.0	1	1.0035837952772064	0.6893633169795997	230.0	16	1.05	0.95				
	115	2	147.8732063305263	29.854527461052633	0.0	0.0	1	1.0373377329815563	7.104224796219708	230.0	16	1.05	0.95				
	116	2	46.647699157894735	9.329539831578948	0.0	0.0	1	1.0328665425555872	5.929790389706355	230.0	16	1.05	0.95				
	117	1	0.0	0.0	0.0	0.0	1	1.0403123500251492	9.643821148473815	230.0	17	1.05	0.95				
	118	2	155.33683819578948	31.72043542736842	0.0	0.0	1	1.044370207209159	10.523160821964241	230.0	17	1.05	0.95				
	119	1	84.43233547578947	17.259648688421052	0.0	0.0	1	1.0220803927575624	3.6516177868170696	230.0	15	1.05	0.95				
	120	1	59.70905492210527	12.12840178105263	0.0	0.0	1	1.015963314155731	1.9587125886896384	230.0	15	1.05	0.95				
	121	2	0.0	0.0	0.0	0.0	1	1.0466034633120784	11.875613665454004	230.0	17	1.05	0.95				
	122	2	0.0	0.0	0.0	0.0	1	1.05	17.965424136678593	230.0	17	1.05	0.95				
	123	2	0.0	0.0	0.0	0.0	1	1.013457638960762	1.3869572276721471	230.0	15	1.05	0.95				
	124	1	0.0	0.0	0.0	0.0	1	1.0274294188621265	4.696401379053585	230.0	16	1.05	0.95				
	201	2	44.81158509473684	9.128285852631578	0.0	0.0	2	1.0167070248373524	-11.288623685505735	138.0	21	1.05	0.95				
	202	2	40.24744216842105	8.298441684210527	0.0	0.0	2	1.0158741417057897	-11.52640171347803	138.0	22	1.05	0.95				
	203	1	74.68597515789473	15.352117115789474	0.0	0.0	2	1.0146417968848926	-8.659957028113986	138.0	21	1.05	0.95				
	204	1	30.704234231578948	6.223831263157894	0.0	0.0	2	1.013414591521103	-10.897318281969003	138.0	21	1.05	0.95				
	205	1	29.459467978947362	5.808909178947368	0.0	0.0	2	1.0282698302025126	-11.221329965450392	138.0	21	1.05	0.95				
	206	1	56.429403452631576	11.617818357894736	0.0	-100.0	2	1.0427963632213306	-11.700487185147166	138.0	22	1.05	0.95				
	207	2	51.86526052631578	10.373052105263158	0.0	0.0	2	0.9991874639440532	-16.71222414597073	138.0	22	1.05	0.95				
	208	1	70.9516764	14.52227294736842	0.0	0.0	2	1.003111750834339	-14.829580225682331	138.0	22	1.05	0.95				
	209	1	72.6113647368421	14.937195031578945	0.0	0.0	2	1.0235244165880455	-8.66697398628166	138.0	23	1.05	0.95				
	210	1	80.90980642105262	16.596883368421054	0.0	0.0	2	1.05	-9.820085176886266	138.0	23	1.05	0.95				
	211	1	0.0	0.0	0.0	0.0	2	1.00320739452219	-6.473845282968536	230.0	23	1.05	0.95				
	212	1	0.0	0.0	0.0	0.0	2	1.0085947254286227	-2.21574648231977	230.0	23	1.05	0.95				
	213	2	109.95435231578948	22.40579254736842	0.0	0.0	2	0.996406665499723	-4.711360381571871	230.0	24	1.05	0.95				
	214	2	80.4948843368421	16.181961284210526	0.0	0.0	2	1.0010658014812643	-5.103065979624196	230.0	26	1.05	0.95				
	215	2	131.53030069473684	26.55501338947368	0.0	0.0	2	1.0179197890576446	0.09205747871193481	230.0	26	1.05	0.95				
	216	2	41.49220842105263	8.298441684210527	0.0	0.0	2	1.0160561822204497	-0.5899148353404123	230.0	26	1.05	0.95				
	217	1	0.0	0.0	0.0	0.0	2	1.0219341504037034	0.7326249944724207	230.0	27	1.05	0.95				
	218	2	138.16905404210527	28.214701726315788	0.0	0.0	2	1.0215805116246224	0.41844127108386836	230.0	27	1.05	0.95				
	219	1	75.10089724210526	15.352117115789474	0.0	0.0	2	1.0110244088211666	-1.5995640004202802	230.0	25	1.05	0.95				
	220	1	53.11002677894736	10.787974189473685	0.0	0.0	2	1.0095929110039916	-1.6467670560061258	230.0	25	1.05	0.95				
	221	2	0.0	0.0	0.0	0.0	2	1.023890397277582	1.1093706443206095	230.0	27	1.05	0.95				
	222	2	0.0	0.0	0.0	0.0	2	1.0455800938302253	7.507484460457068	230.0	27	1.05	0.95				
	223	2	0.0	0.0	0.0	0.0	2	1.0093457136171657	-1.3418384278191604	230.0	25	1.05	0.95				
	224	1	0.0	0.0	0.0	0.0	2	1.0058897713564683	-3.207993890220676	230.0	26	1.05	0.95				
	301	2	76.87440682105265	15.659601389473684	0.0	0.0	3	0.9638454735154744	-5.3411391716458905	138.0	31	1.05	0.95				
	302	2	69.04460612631578	14.236001263157897	0.0	0.0	3	0.9666372461094129	-5.412554452045525	138.0	32	1.05	0.95				
	303	1	128.12401136842107	26.33660233684211	0.0	0.0	3	0.9793306971945313	-1.6580481367750302	138.0	31	1.05	0.95				
	304	1	52.67320467368422	10.677000947368422	0.0	0.0	3	0.9628245220116314	-2.5130788067258063	138.0	31	1.05	0.95				
	305	1	50.537804484210525	9.965200884210528	0.0	0.0	3	0.9738108564696784	-2.5702164168472192	138.0	31	1.05	0.95				
	306	1	96.8048085894737	19.930401768421056	0.0	-100.0	3	0.9880128224932956	-1.8577926600756627	138.0	32	1.05	0.95				
	307	2	88.97500789473685	17.79500157894737	0.0	0.0	3	0.95	-6.706934843177881	138.0	32	1.05	0.95				
	308	1	121.71781080000001	24.913002210526315	0.0	0.0	3	0.9568974924311013	-3.127437320501949	138.0	32	1.05	0.95				
	309	1	124.56501105263158	25.62480227368421	0.0	0.0	3	0.9884580280579391	2.9872608134308862	138.0	33	1.05	0.95				
	310	1	138.80101231578948	28.472002526315794	0.0	0.0	3	1.0085568067953057	2.6683405068406603	138.0	33	1.05	0.95				
	311	1	0.0	0.0	0.0	0.0	3	0.982623953361005	10.670758197520117	230.0	33	1.05	0.95				
	312	1	0.0	0.0	0.0	0.0	3	0.988845939396719	12.658042614107059	230.0	33	1.05	0.95				
	313	2	188.62701673684214	38.43720341052632	0.0	0.0	3	1.0215115935087427	21.586515805127224	230.0	34	1.05	0.95				
	314	2	138.08921225263157	27.760202463157896	0.0	0.0	3	0.9904056402026068	8.553264363570182	230.0	36	1.05	0.95				
	315	2	225.64062002105265	45.55520404210527	0.0	0.0	3	1.0181582595019072	2.24087677029984	230.0	36	1.05	0.95				
	316	2	71.18000631578948	14.236001263157897	0.0	0.0	3	1.0192710357201236	4.01169900347466	230.0	36	1.05	0.95				
	317	1	0.0	0.0	0.0	0.0	3	1.0217716187724633	3.1088339866873325	230.0	37	1.05	0.95				
	318	2	237.02942103157895	48.40240429473685	0.0	0.0	3	1.0186179494231908	1.7019017220391293	230.0	37	1.05	0.95				
	319	1	128.83581143157897	26.33660233684211	0.0	0.0	3	1.0175987457738969	7.786541353849038	230.0	35	1.05	0.95				
	320	1	91.11040808421053	18.506801642105263	0.0	0.0	3	1.0216089036247824	10.794214213456893	230.0	35	1.05	0.95				
	321	2	0.0	0.0	0.0	0.0	3	1.0206339311590904	2.4751448598945633	230.0	37	1.05	0.95				
	322	2	0.0	0.0	0.0	0.0	3	1.0347297692111328	7.159482075063562	230.0	37	1.05	0.95				
	323	2	0.0	0.0	0.0	0.0	3	1.0246494562931676	12.005867867135404	230.0	35	1.05	0.95				
	324	1	0.0	0.0	0.0	0.0	3	0.9998806720315461	3.002793526427952	230.0	36	1.05	0.95				
	325	1	0.0	0.0	0.0	0.0	3	1.0273720709435552	12.005865518361757	230.0	35	1.05	0.95				
];
