%% MATPOWER Case Format : Version 2
function mpc = RTS_GMLC
mpc.version = '2';

%%-----  Power Flow Data  -----%%
%% system MVA base
mpc.baseMVA = 100.0;
%% bus data
%    bus_i    type    Pd    Qd    Gs    Bs    area    Vm    Va    baseKV    zone    Vmax    Vmin
mpc.bus = [
	101	2	43.12518555789474	8.784760021052632	0.0	0.0	1	0.9989080146561898	-4.949768153275501	138.0	11	1.05	0.95				
	102	2	38.73280554736842	7.9861454736842115	0.0	0.0	1	0.9978128613593107	-5.128771574206551	138.0	12	1.05	0.95				
	103	1	71.87530926315789	14.77436912631579	0.0	0.0	1	1.0194801742034347	2.1039998593955063	138.0	11	1.05	0.95				
	104	1	29.54873825263158	5.989609105263158	0.0	0.0	1	1.0057558453245146	-4.826284550807976	138.0	11	1.05	0.95				
	105	1	28.350816431578945	5.590301831578948	0.0	0.0	1	1.0194751142074907	-5.685743450969912	138.0	11	1.05	0.95				
	106	1	54.305789221052635	11.180603663157896	0.0	-100.0	1	1.0387347665441762	-6.567667269602965	138.0	12	1.05	0.95				
	107	2	49.91340921052632	9.982681842105263	0.0	0.0	1	0.99988518837186	-12.354491199047125	138.0	12	1.05	0.95				
	108	1	68.2815438	13.975754578947369	0.0	0.0	1	1.0034065220109218	-10.060516208577598	138.0	12	1.05	0.95				
	109	1	69.87877289473684	14.37506185263158	0.0	0.0	1	1.0234500826102577	-2.9688355244539246	138.0	13	1.05	0.95				
	110	1	77.86491836842106	15.972290947368423	0.0	0.0	1	1.05	-5.117185560377187	138.0	13	1.05	0.95				
	111	1	0.0	0.0	0.0	0.0	1	1.01194229391886	0.3768213535349045	230.0	13	1.05	0.95				
	112	1	0.0	0.0	0.0	0.0	1	1.0140753040992403	-1.1205885682547185	230.0	13	1.05	0.95				
	113	3	105.81642752631579	21.56259277894737	0.0	0.0	1	1.0039204813603506	-2.0566234884102855e-27	230.0	14	1.05	0.95				
	114	2	77.46561109473684	15.572983673684213	0.0	0.0	1	1.027038864582901	5.1173748045403995	230.0	16	1.05	0.95				
	115	2	126.58040575789474	25.555665515789478	0.0	0.0	1	1.0375601371711864	16.610028352479354	230.0	16	1.05	0.95				
	116	2	39.93072736842105	7.9861454736842115	0.0	0.0	1	1.0341441851122377	14.303712262020264	230.0	16	1.05	0.95				
	117	1	0.0	0.0	0.0	0.0	1	1.037394543894511	21.282426941408634	230.0	17	1.05	0.95				
	118	2	132.96932213684212	27.152894610526317	0.0	0.0	1	1.05	22.281670612975667	230.0	17	1.05	0.95				
	119	1	72.2746165368421	14.77436912631579	0.0	0.0	1	1.0297755404392461	9.1132382805825	230.0	15	1.05	0.95				
	120	1	51.111331031578956	10.381989115789475	0.0	0.0	1	1.0345552610712734	5.2409334001105075	230.0	15	1.05	0.95				
	121	2	0.0	0.0	0.0	0.0	1	1.05	24.12450717880024	230.0	17	1.05	0.95				
	122	2	0.0	0.0	0.0	0.0	1	1.05	42.02544828330022	230.0	17	1.05	0.95				
	123	2	0.0	0.0	0.0	0.0	1	1.0389514027871865	3.4283461059573894	230.0	15	1.05	0.95				
	124	1	0.0	0.0	0.0	0.0	1	1.012222910254001	11.209903140720998	230.0	16	1.05	0.95				
	201	2	43.72359514105263	8.906658269473684	0.0	0.0	2	1.0239582732441475	-18.75032996640808	138.0	21	1.05	0.95				
	202	2	39.27026600631579	8.096962063157894	0.0	0.0	2	1.0228643083331224	-19.05155965982252	138.0	22	1.05	0.95				
	203	1	72.87265856842104	14.979379816842103	0.0	0.0	2	1.0178556272332933	-13.850205117220613	138.0	21	1.05	0.95				
	204	1	29.958759633684206	6.07272154736842	0.0	0.0	2	1.0158481151853205	-18.60784639704064	138.0	21	1.05	0.95				
	205	1	28.744215324210526	5.667873444210526	0.0	0.0	2	1.0322098201540288	-19.131871312017093	138.0	21	1.05	0.95				
	206	1	55.05934202947369	11.335746888421053	0.0	-100.0	2	1.0447822740323758	-19.858325247756724	138.0	22	1.05	0.95				
	207	2	50.60601289473684	10.121202578947369	0.0	0.0	2	1.0035058326147581	-24.725186104675927	138.0	22	1.05	0.95				
	208	1	69.22902564	14.169683610526315	0.0	0.0	2	1.00558187436468	-22.874728422011426	138.0	22	1.05	0.95				
	209	1	70.84841805263157	14.574531713684207	0.0	0.0	2	1.0216796590214037	-16.566531864545297	138.0	23	1.05	0.95				
	210	1	78.94538011578946	16.19392412631579	0.0	0.0	2	1.0499999992964528	-18.219655521027903	138.0	23	1.05	0.95				
	211	1	0.0	0.0	0.0	0.0	2	1.0064272903489342	-13.598368300823	230.0	23	1.05	0.95				
	212	1	0.0	0.0	0.0	0.0	2	0.9975573935112	-12.992294761710667	230.0	23	1.05	0.95				
	213	2	107.2847473368421	21.861797570526313	0.0	0.0	2	0.9929366859914256	-12.343488113968194	230.0	24	1.05	0.95				
	214	2	78.54053201263157	15.789076023157895	0.0	0.0	2	1.017744698103714	-10.812861477821716	230.0	26	1.05	0.95				
	215	2	128.33684870105262	25.910278602105265	0.0	0.0	2	1.0285139183172787	-3.3820302437407928	230.0	26	1.05	0.95				
	216	2	40.484810315789474	8.096962063157894	0.0	0.0	2	1.0255480817621079	-4.3145829342051885	230.0	26	1.05	0.95				
	217	1	0.0	0.0	0.0	0.0	2	1.0337818863253805	-1.84051899584657	230.0	27	1.05	0.95				
	218	2	134.81441835157895	27.529671014736845	0.0	0.0	2	1.0343922808337265	-2.3702480819807397	230.0	27	1.05	0.95				
	219	1	73.27750667157893	14.979379816842103	0.0	0.0	2	1.0103849741042987	-4.683341857023637	230.0	25	1.05	0.95				
	220	1	51.82055720421053	10.526050682105263	0.0	0.0	2	0.9999008299228874	-4.190548979993788	230.0	25	1.05	0.95				
	221	2	0.0	0.0	0.0	0.0	2	1.0351193433062453	-1.9074098769883254	230.0	27	1.05	0.95				
	222	2	0.0	0.0	0.0	0.0	2	1.05	4.616077971997549	230.0	27	1.05	0.95				
	223	2	0.0	0.0	0.0	0.0	2	0.9947733901818699	-3.5807650234147563	230.0	25	1.05	0.95				
	224	1	0.0	0.0	0.0	0.0	2	1.0116127000654176	-7.302098069420483	230.0	26	1.05	0.95				
	301	2	58.91996205473684	12.002214492631579	0.0	0.0	3	1.0260242986880952	17.883244148566032	138.0	31	1.05	0.95				
	302	2	52.918854808421045	10.911104084210526	0.0	0.0	3	1.0221133220245877	17.526241685762212	138.0	32	1.05	0.95				
	303	1	98.19993675789473	20.18554255578947	0.0	0.0	3	1.05	33.795581852997465	138.0	31	1.05	0.95				
	304	1	40.37108511157894	8.183328063157894	0.0	0.0	3	1.0082570225219853	19.042188433011294	138.0	31	1.05	0.95				
	305	1	38.73441949894737	7.637772858947368	0.0	0.0	3	1.0281277976557894	16.88461016891046	138.0	31	1.05	0.95				
	306	1	74.19550777263157	15.275545717894737	0.0	-100.0	3	1.0354353448809002	15.693101257353845	138.0	32	1.05	0.95				
	307	2	68.19440052631577	13.638880105263157	0.0	0.0	3	0.95	11.065563749272227	138.0	32	1.05	0.95				
	308	1	93.28993991999998	19.09443214736842	0.0	0.0	3	0.9679463147923918	13.572380347531874	138.0	32	1.05	0.95				
	309	1	95.4721607368421	19.639987351578945	0.0	0.0	3	1.015122050839796	22.568339087247715	138.0	33	1.05	0.95				
	310	1	106.38326482105262	21.822208168421053	0.0	0.0	3	1.043587564606669	17.624201862870883	138.0	33	1.05	0.95				
	311	1	0.0	0.0	0.0	0.0	3	1.0035352036079284	22.106557781425256	230.0	33	1.05	0.95				
	312	1	0.0	0.0	0.0	0.0	3	1.0096263954877596	22.391729087893705	230.0	33	1.05	0.95				
	313	2	144.57212911578944	29.45998102736842	0.0	0.0	3	1.005630128006831	23.877466864498142	230.0	34	1.05	0.95				
	314	2	105.83770961684209	21.276652964210527	0.0	0.0	3	1.0000738569221181	22.66476566035731	230.0	36	1.05	0.95				
	315	2	172.94099973473683	34.91553306947368	0.0	0.0	3	1.0475134194670215	23.76889055219157	230.0	36	1.05	0.95				
	316	2	54.55552042105263	10.911104084210526	0.0	0.0	3	1.0327991628762194	23.732728293380013	230.0	36	1.05	0.95				
	317	1	0.0	0.0	0.0	0.0	3	1.039832436777868	26.780875138206124	230.0	37	1.05	0.95				
	318	2	181.66988300210525	37.097753886315786	0.0	0.0	3	1.0309543251428965	23.049104215464155	230.0	37	1.05	0.95				
	319	1	98.74549196210526	20.18554255578947	0.0	0.0	3	1.0255886444816784	23.256523044826995	230.0	35	1.05	0.95				
	320	1	69.83106613894736	14.184435309473683	0.0	0.0	3	1.0217396698496672	23.09812521325048	230.0	35	1.05	0.95				
	321	2	0.0	0.0	0.0	0.0	3	1.05	23.898210174999722	230.0	37	1.05	0.95				
	322	2	0.0	0.0	0.0	0.0	3	1.05	29.35857444787745	230.0	37	1.05	0.95				
	323	2	0.0	0.0	0.0	0.0	3	1.0201433226218124	23.20060397703471	230.0	35	1.05	0.95				
	324	1	0.0	0.0	0.0	0.0	3	1.046936672972509	28.679971812215612	230.0	36	1.05	0.95				
	325	1	0.0	0.0	0.0	0.0	3	1.0233319882373022	23.295445687583936	230.0	35	1.05	0.95				
];
