%% MATPOWER Case Format : Version 2
function mpc = RTS_GMLC
mpc.version = '2';

%%-----  Power Flow Data  -----%%
%% system MVA base
mpc.baseMVA = 100.0;
%% bus data
%    bus_i    type    Pd    Qd    Gs    Bs    area    Vm    Va    baseKV    zone    Vmax    Vmin
mpc.bus = [
	101	2	59.95843643368421	12.213755569824562	0.0	0.0	1	1.0149233066547894	-0.25587471148624424	138.0	11	1.05	0.95				
	102	2	53.85155864877193	11.103414154385966	0.0	0.0	1	1.014064801195837	-0.6101328617332353	138.0	12	1.05	0.95				
	103	1	99.93072738947369	20.541316185614033	0.0	0.0	1	1.018454497152759	1.5422465438100685	138.0	11	1.05	0.95				
	104	1	41.082632371228065	8.327560615789473	0.0	0.0	1	1.0103547526921852	-3.353246100079161	138.0	11	1.05	0.95				
	105	1	39.41712024807017	7.772389908070176	0.0	0.0	1	1.0246598071135238	-3.4745371628721182	138.0	11	1.05	0.95				
	106	1	75.50321624982456	15.544779816140352	0.0	-100.0	1	1.0372092533743853	-5.847351607553959	138.0	12	1.05	0.95				
	107	2	69.39633846491228	13.879267692982456	0.0	0.0	1	0.9909258495643557	-15.14857867884734	138.0	12	1.05	0.95				
	108	1	94.93419101999999	19.430974770175435	0.0	0.0	1	0.9917517365134426	-12.172911481755076	138.0	12	1.05	0.95				
	109	1	97.1548738508772	19.986145477894734	0.0	0.0	1	1.0245705234682911	-3.2879291724693958	138.0	13	1.05	0.95				
	110	1	108.25828800526315	22.206828308771932	0.0	0.0	1	1.05	-4.915194841333541	138.0	13	1.05	0.95				
	111	1	0.0	0.0	0.0	0.0	1	1.023619521910881	0.10761657850595474	230.0	13	1.05	0.95				
	112	1	0.0	0.0	0.0	0.0	1	1.018668097479194	-0.5681388023325926	230.0	13	1.05	0.95				
	113	3	147.12023754561403	29.979218216842106	0.0	0.0	1	1.0137119830628438	-6.913562997733335e-28	230.0	14	1.05	0.95				
	114	2	107.70311729754386	21.651657601052634	0.0	0.0	1	1.05	4.257271913657413	230.0	16	1.05	0.95				
	115	2	175.98911434701753	35.530925294035086	0.0	0.0	1	1.039120549683107	15.412185244233589	230.0	16	1.05	0.95				
	116	2	55.51707077192982	11.103414154385966	0.0	0.0	1	1.0415377879482983	13.708605406843004	230.0	16	1.05	0.95				
	117	1	0.0	0.0	0.0	0.0	1	1.0389257685390805	19.481237216731408	230.0	17	1.05	0.95				
	118	2	184.8718456705263	37.75160812491228	0.0	0.0	1	1.0464152214649298	19.937972695423184	230.0	17	1.05	0.95				
	119	1	100.48589809719297	20.541316185614033	0.0	0.0	1	1.0394601310847704	9.671422252955562	230.0	15	1.05	0.95				
	120	1	71.06185058807017	14.434438400701755	0.0	0.0	1	1.0453273237455005	7.226240332910145	230.0	15	1.05	0.95				
	121	2	0.0	0.0	0.0	0.0	1	1.0414275922278688	21.728222852723295	230.0	17	1.05	0.95				
	122	2	0.0	0.0	0.0	0.0	1	1.05	39.704593422719384	230.0	17	1.05	0.95				
	123	2	0.0	0.0	0.0	0.0	1	1.05	6.298885971086273	230.0	15	1.05	0.95				
	124	1	0.0	0.0	0.0	0.0	1	1.013750287712182	10.261292952178517	230.0	16	1.05	0.95				
	201	2	68.20336849263158	13.893278767017545	0.0	0.0	2	1.0244783510396536	-19.894340568075975	138.0	21	1.05	0.95				
	202	2	61.25672910912281	12.630253424561404	0.0	0.0	2	1.0255921547781754	-19.772487410905498	138.0	22	1.05	0.95				
	203	1	113.67228082105262	23.365968835438597	0.0	0.0	2	1.0121769068220912	-16.309084052814075	138.0	21	1.05	0.95				
	204	1	46.731937670877194	9.472690068421052	0.0	0.0	2	1.0136521306321173	-20.854349165995437	138.0	21	1.05	0.95				
	205	1	44.83739965719298	8.841177397192984	0.0	0.0	2	1.0292560048951835	-21.420063490979825	138.0	21	1.05	0.95				
	206	1	85.88572328701756	17.68235479438597	0.0	-100.0	2	1.0385885500236827	-22.837576328877127	138.0	22	1.05	0.95				
	207	2	78.93908390350877	15.787816780701755	0.0	0.0	2	0.9850240584167518	-31.886562753749438	138.0	22	1.05	0.95				
	208	1	107.98866678	22.102943492982455	0.0	0.0	2	0.9849870798234461	-28.82384760014865	138.0	22	1.05	0.95				
	209	1	110.51471746491228	22.734456164210528	0.0	0.0	2	1.023378701580288	-19.151342852452697	138.0	23	1.05	0.95				
	210	1	123.1449708894737	25.26050684912281	0.0	0.0	2	1.05	-20.94828404716129	138.0	23	1.05	0.95				
	211	1	0.0	0.0	0.0	0.0	2	1.0213295298485543	-14.977235471997968	230.0	23	1.05	0.95				
	212	1	0.0	0.0	0.0	0.0	2	1.015926659299523	-13.518437335482957	230.0	23	1.05	0.95				
	213	2	167.3508578754386	34.10168424631579	0.0	0.0	2	1.0292864169849587	-12.920225562516537	230.0	24	1.05	0.95				
	214	2	122.51345821824562	24.62899417789474	0.0	0.0	2	1.0327116887837435	-11.800883840948389	230.0	26	1.05	0.95				
	215	2	200.18951677929823	40.41681095859649	0.0	0.0	2	1.0385724888186865	-3.336659920512075	230.0	26	1.05	0.95				
	216	2	63.15126712280702	12.630253424561404	0.0	0.0	2	1.041724544883585	-3.4233341285780585	230.0	26	1.05	0.95				
	217	1	0.0	0.0	0.0	0.0	2	1.0435908017802724	-0.7816780646507133	230.0	27	1.05	0.95				
	218	2	210.29371951894737	42.94286164350878	0.0	0.0	2	1.0425499472669186	-1.5093839649326741	230.0	27	1.05	0.95				
	219	1	114.3037934922807	23.365968835438597	0.0	0.0	2	1.0407855373522228	-2.9328232627062323	230.0	25	1.05	0.95				
	220	1	80.83362191719299	16.419329451929826	0.0	0.0	2	1.0453736079430054	-1.3196575064386358	230.0	25	1.05	0.95				
	221	2	0.0	0.0	0.0	0.0	2	1.042934301807878	-1.3129863179967025	230.0	27	1.05	0.95				
	222	2	0.0	0.0	0.0	0.0	2	1.05	5.401915805658086	230.0	27	1.05	0.95				
	223	2	0.0	0.0	0.0	0.0	2	1.05	0.02167365726497089	230.0	25	1.05	0.95				
	224	1	0.0	0.0	0.0	0.0	2	1.0123761397615967	-8.127325158414902	230.0	26	1.05	0.95				
	301	2	55.36665613894737	11.278392917192981	0.0	0.0	3	1.0291728716870758	6.925345267693147	138.0	31	1.05	0.95				
	302	2	49.72745968035087	10.25308447017544	0.0	0.0	3	1.0249692694072223	6.5752387920054725	138.0	32	1.05	0.95				
	303	1	92.27776023157894	18.96820626982456	0.0	0.0	3	1.05	22.269254113019095	138.0	31	1.05	0.95				
	304	1	37.93641253964912	7.689813352631577	0.0	0.0	3	1.0085789483410255	7.850009763351463	138.0	31	1.05	0.95				
	305	1	36.3984498691228	7.177159129122806	0.0	0.0	3	1.028666502477719	5.993349367187526	138.0	31	1.05	0.95				
	306	1	69.72097439719298	14.354318258245613	0.0	-100.0	3	1.0346794489304942	4.861737511790074	138.0	32	1.05	0.95				
	307	2	64.08177793859649	12.816355587719297	0.0	0.0	3	0.95	7.657346513975308	138.0	32	1.05	0.95				
	308	1	87.66387221999999	17.942897822807012	0.0	0.0	3	0.9685504730708004	6.40198972851658	138.0	32	1.05	0.95				
	309	1	89.71448911403508	18.455552046315788	0.0	0.0	3	1.0117777381174768	11.055345156645826	138.0	33	1.05	0.95				
	310	1	99.96757358421051	20.50616894035088	0.0	0.0	3	1.0404707842914154	6.6953893367788355	138.0	33	1.05	0.95				
	311	1	0.0	0.0	0.0	0.0	3	1.0002034190852067	10.828152953521073	230.0	33	1.05	0.95				
	312	1	0.0	0.0	0.0	0.0	3	1.004600950384626	11.42014203591871	230.0	33	1.05	0.95				
	313	2	135.85336922982455	27.683328069473685	0.0	0.0	3	1.0015685579730853	13.290873689096367	230.0	34	1.05	0.95				
	314	2	99.45491936070174	19.993514716842103	0.0	0.0	3	0.9972565766457535	10.719790113524665	230.0	36	1.05	0.95				
	315	2	162.5113888522807	32.8098703045614	0.0	0.0	3	1.0496983808516296	13.913340066934325	230.0	36	1.05	0.95				
	316	2	51.26542235087719	10.25308447017544	0.0	0.0	3	1.035975940465357	13.650508776531595	230.0	36	1.05	0.95				
	317	1	0.0	0.0	0.0	0.0	3	1.05	17.44989913542215	230.0	37	1.05	0.95				
	318	2	170.71385642842102	34.86048719859649	0.0	0.0	3	1.047299494010989	14.644646116417272	230.0	37	1.05	0.95				
	319	1	92.79041445508771	18.96820626982456	0.0	0.0	3	1.0237813369909095	12.837111758799315	230.0	35	1.05	0.95				
	320	1	65.6197406091228	13.329009811228069	0.0	0.0	3	1.0171268447483686	13.12458439845808	230.0	35	1.05	0.95				
	321	2	0.0	0.0	0.0	0.0	3	1.05	15.03401641082581	230.0	37	1.05	0.95				
	322	2	0.0	0.0	0.0	0.0	3	1.05	20.330347515616232	230.0	37	1.05	0.95				
	323	2	0.0	0.0	0.0	0.0	3	1.0145153439438335	13.687481365244587	230.0	35	1.05	0.95				
	324	1	0.0	0.0	0.0	0.0	3	1.047025420608105	17.10837490177071	230.0	36	1.05	0.95				
	325	1	0.0	0.0	0.0	0.0	3	1.015455922765592	14.385553555113479	230.0	35	1.05	0.95				
];
