%% MATPOWER Case Format : Version 2
function mpc = RTS_GMLC
mpc.version = '2';

%%-----  Power Flow Data  -----%%
%% system MVA base
mpc.baseMVA = 100.0;
%% bus data
%    bus_i    type    Pd    Qd    Gs    Bs    area    Vm    Va    baseKV    zone    Vmax    Vmin
mpc.bus = [
	101	2	51.234537372631586	10.436665020350878	0.0	0.0	1	1.0368432275463355	1.2535466468511154	138.0	11	1.05	0.95				
	102	2	46.01620486245614	9.48787729122807	0.0	0.0	1	1.036420518814935	1.104347730303482	138.0	12	1.05	0.95				
	103	1	85.39089562105264	17.55257298877193	0.0	0.0	1	1.0272148850469622	-0.3987687754380219	138.0	11	1.05	0.95				
	104	1	35.10514597754386	7.115907968421052	0.0	0.0	1	1.0218675808005657	-2.0992414953794056	138.0	11	1.05	0.95				
	105	1	33.68196438385965	6.64151410385965	0.0	0.0	1	1.0369409522714472	-1.924979394199609	138.0	11	1.05	0.95				
	106	1	64.51756558035089	13.2830282077193	0.0	-100.0	1	1.0448970018712835	-4.188820334907367	138.0	12	1.05	0.95				
	107	2	59.29923307017544	11.859846614035089	0.0	0.0	1	1.0013779222199837	-9.432353245840547	138.0	12	1.05	0.95				
	108	1	81.12135084	16.603785259649122	0.0	0.0	1	1.003520383521944	-8.2908839699853	138.0	12	1.05	0.95				
	109	1	83.01892629824562	17.07817912421053	0.0	0.0	1	1.0245894902448478	-2.810933906614597	138.0	13	1.05	0.95				
	110	1	92.50680358947369	18.97575458245614	0.0	0.0	1	1.05	-3.6653210622193058	138.0	13	1.05	0.95				
	111	1	0.0	0.0	0.0	0.0	1	1.005145980056341	-0.7173850404106651	230.0	13	1.05	0.95				
	112	1	0.0	0.0	0.0	0.0	1	1.0092758379971336	-0.3037889360735062	230.0	13	1.05	0.95				
	113	3	125.71437410877193	25.617268686315793	0.0	0.0	1	0.9989816834852462	-2.7558087424873152e-28	230.0	14	1.05	0.95				
	114	2	92.03240972491228	18.501360717894737	0.0	0.0	1	1.003109262195893	1.2961511789215323	230.0	16	1.05	0.95				
	115	2	150.38285506596492	30.36120733192983	0.0	0.0	1	1.0364472878878128	7.499164933098754	230.0	16	1.05	0.95				
	116	2	47.439386456140355	9.48787729122807	0.0	0.0	1	1.0327053092782124	6.934870889631879	230.0	16	1.05	0.95				
	117	1	0.0	0.0	0.0	0.0	1	1.0392657853283744	9.179911262889497	230.0	17	1.05	0.95				
	118	2	157.97315689894737	32.258782790175445	0.0	0.0	1	1.0414553057185674	9.278121598109518	230.0	17	1.05	0.95				
	119	1	85.86528948561404	17.55257298877193	0.0	0.0	1	1.0264354162621288	5.778918230429341	230.0	15	1.05	0.95				
	120	1	60.72241466385966	12.334240478596492	0.0	0.0	1	1.0245723630018009	5.692094678951221	230.0	15	1.05	0.95				
	121	2	0.0	0.0	0.0	0.0	1	1.0447599614426746	10.460427252279937	230.0	17	1.05	0.95				
	122	2	0.0	0.0	0.0	0.0	1	1.05	17.497006120757476	230.0	17	1.05	0.95				
	123	2	0.0	0.0	0.0	0.0	1	1.0243124919344573	6.010468172843838	230.0	15	1.05	0.95				
	124	1	0.0	0.0	0.0	0.0	1	1.0229081673101703	4.541403156291152	230.0	16	1.05	0.95				
	201	2	49.38454273263158	10.059814260350878	0.0	0.0	2	1.0279864467956075	-7.292759181536845	138.0	21	1.05	0.95				
	202	2	44.35463560245614	9.145285691228072	0.0	0.0	2	1.0287697689631534	-7.136627609567321	138.0	22	1.05	0.95				
	203	1	82.30757122105263	16.91877852877193	0.0	0.0	2	1.018398299354349	-6.980869530658899	138.0	21	1.05	0.95				
	204	1	33.83755705754386	6.858964268421053	0.0	0.0	2	1.01854495553578	-8.933061331418607	138.0	21	1.05	0.95				
	205	1	32.46576420385965	6.4016999838596504	0.0	0.0	2	1.033376725826813	-9.139829773404278	138.0	21	1.05	0.95				
	206	1	62.18794270035089	12.803399967719301	0.0	-100.0	2	1.0442485774199197	-10.587889153299288	138.0	22	1.05	0.95				
	207	2	57.158035570175436	11.431607114035087	0.0	0.0	2	0.9913958470467871	-17.30134571348981	138.0	22	1.05	0.95				
	208	1	78.19219265999999	16.004249959649123	0.0	0.0	2	0.9967952554854852	-15.211702596261055	138.0	22	1.05	0.95				
	209	1	80.0212497982456	16.461514244210527	0.0	0.0	2	1.0233065983488014	-8.531345970479556	138.0	23	1.05	0.95				
	210	1	89.16653548947367	18.290571382456143	0.0	0.0	2	1.05	-9.55227009783131	138.0	23	1.05	0.95				
	211	1	0.0	0.0	0.0	0.0	2	1.0063943617082955	-5.59696997682643	230.0	23	1.05	0.95				
	212	1	0.0	0.0	0.0	0.0	2	1.0084000629840792	-4.805383432988233	230.0	23	1.05	0.95				
	213	2	121.17503540877192	24.69227136631579	0.0	0.0	2	1.0013084035297304	-4.384291906962374	230.0	24	1.05	0.95				
	214	2	88.70927120491228	17.83330709789474	0.0	0.0	2	1.0082121196303278	-3.1092376486224196	230.0	26	1.05	0.95				
	215	2	144.9527782059649	29.264914211929828	0.0	0.0	2	1.0278617788783584	3.133135135985613	230.0	26	1.05	0.95				
	216	2	45.72642845614035	9.145285691228072	0.0	0.0	2	1.028480891216918	3.1700963867468825	230.0	26	1.05	0.95				
	217	1	0.0	0.0	0.0	0.0	2	1.0341196589810833	5.637653056124819	230.0	27	1.05	0.95				
	218	2	152.26900675894737	31.093971350175444	0.0	0.0	2	1.035525405102487	6.0194093477032435	230.0	27	1.05	0.95				
	219	1	82.76483550561403	16.91877852877193	0.0	0.0	2	1.027338653450243	2.8731116562290566	230.0	25	1.05	0.95				
	220	1	58.529828423859655	11.888871398596491	0.0	0.0	2	1.0295443106254538	3.504170262956553	230.0	25	1.05	0.95				
	221	2	0.0	0.0	0.0	0.0	2	1.035793424708208	5.8208940750782885	230.0	27	1.05	0.95				
	222	2	0.0	0.0	0.0	0.0	2	1.05	12.246715822898611	230.0	27	1.05	0.95				
	223	2	0.0	0.0	0.0	0.0	2	1.031600850174164	4.198305679942561	230.0	25	1.05	0.95				
	224	1	0.0	0.0	0.0	0.0	2	1.0118437933075524	-0.6582953094699172	230.0	26	1.05	0.95				
	301	2	40.52135398736843	8.254349886315788	0.0	0.0	3	1.0105109531599115	-12.722398653797317	138.0	31	1.05	0.95				
	302	2	36.394179044210524	7.503954442105264	0.0	0.0	3	1.010483782574804	-12.81383120964104	138.0	32	1.05	0.95				
	303	1	67.53558997894736	13.882315717894736	0.0	0.0	3	1.022345092133744	-8.057807634718023	138.0	31	1.05	0.95				
	304	1	27.76463143578947	5.627965831578947	0.0	0.0	3	1.0125790897936147	-11.468477099660662	138.0	31	1.05	0.95				
	305	1	26.63903826947368	5.252768109473684	0.0	0.0	3	1.0255564465065006	-12.266554258859967	138.0	31	1.05	0.95				
	306	1	51.02689020631579	10.505536218947368	0.0	-100.0	3	1.0426090547666838	-12.475378715105188	138.0	32	1.05	0.95				
	307	2	46.899715263157894	9.379943052631578	0.0	0.0	3	0.9933758978802391	-16.320900798696805	138.0	32	1.05	0.95				
	308	1	64.15881048	13.131920273684209	0.0	0.0	3	1.0017653079467266	-14.679857829602188	138.0	32	1.05	0.95				
	309	1	65.65960136842105	13.507117995789471	0.0	0.0	3	1.025528897611894	-8.825420052281709	138.0	33	1.05	0.95				
	310	1	73.16355581052632	15.007908884210527	0.0	0.0	3	1.05	-10.600610959740553	138.0	33	1.05	0.95				
	311	1	0.0	0.0	0.0	0.0	3	1.003429098049801	-5.592377508737314	230.0	33	1.05	0.95				
	312	1	0.0	0.0	0.0	0.0	3	1.0084252770535997	-5.1948718565021	230.0	33	1.05	0.95				
	313	2	99.42739635789472	20.260676993684214	0.0	0.0	3	1.0061055512027772	-2.3157634978314734	230.0	34	1.05	0.95				
	314	2	72.78835808842105	14.632711162105263	0.0	0.0	3	0.9972351435861232	-4.188769471639469	230.0	36	1.05	0.95				
	315	2	118.93767790736842	24.01265421473684	0.0	0.0	3	1.0227874173730538	-0.7107565981569263	230.0	36	1.05	0.95				
	316	2	37.51977221052631	7.503954442105264	0.0	0.0	3	1.0219087602083448	0.010294066105443422	230.0	36	1.05	0.95				
	317	1	0.0	0.0	0.0	0.0	3	1.029705215523186	1.9186635434263508	230.0	37	1.05	0.95				
	318	2	124.94084146105263	25.513445103157895	0.0	0.0	3	1.0281269941224973	1.2610228327774466	230.0	37	1.05	0.95				
	319	1	67.91078770105263	13.882315717894736	0.0	0.0	3	1.0174416454563049	-0.7484016302351617	230.0	35	1.05	0.95				
	320	1	48.02530842947368	9.755140774736843	0.0	0.0	3	1.0159117800199247	-0.6636330368777963	230.0	35	1.05	0.95				
	321	2	0.0	0.0	0.0	0.0	3	1.028584420568268	1.1625816093790227	230.0	37	1.05	0.95				
	322	2	0.0	0.0	0.0	0.0	3	1.0424727691592668	5.82903767692517	230.0	37	1.05	0.95				
	323	2	0.0	0.0	0.0	0.0	3	1.0154210991875128	-0.3199388435321073	230.0	35	1.05	0.95				
	324	1	0.0	0.0	0.0	0.0	3	1.0132416999877418	-3.4882749019195107	230.0	36	1.05	0.95				
	325	1	0.0	0.0	0.0	0.0	3	1.0154641154490867	0.610548910912359	230.0	35	1.05	0.95				
];
