%% MATPOWER Case Format : Version 2
function mpc = RTS_GMLC
mpc.version = '2';

%%-----  Power Flow Data  -----%%
%% system MVA base
mpc.baseMVA = 100.0;
%% bus data
%    bus_i    type    Pd    Qd    Gs    Bs    area    Vm    Va    baseKV    zone    Vmax    Vmin
mpc.bus = [
	101	2	42.64423552421053	8.686788717894736	0.0	0.0	1	0.9857895436008639	-6.706264434666797	138.0	11	1.05	0.95				
	102	2	38.30084116526316	7.897080652631579	0.0	0.0	1	0.9853963336393009	-6.8875066704640435	138.0	12	1.05	0.95				
	103	1	71.07372587368421	14.60959920736842	0.0	0.0	1	1.0156175256858562	0.5932800255186162	138.0	11	1.05	0.95				
	104	1	29.21919841473684	5.922810489473684	0.0	0.0	1	1.0005870758571556	-5.9510387946132575	138.0	11	1.05	0.95				
	105	1	28.034636316842104	5.527956456842106	0.0	0.0	1	1.0127641974871657	-6.825951604474517	138.0	11	1.05	0.95				
	106	1	53.70014843789473	11.055912913684212	0.0	-100.0	1	1.0358897631145265	-7.381067175570267	138.0	12	1.05	0.95				
	107	2	49.35675407894736	9.871350815789473	0.0	0.0	1	0.9902094542458572	-10.749546839997517	138.0	12	1.05	0.95				
	108	1	67.52003957999999	13.819891142105261	0.0	0.0	1	0.9993965534553566	-9.37616148479726	138.0	12	1.05	0.95				
	109	1	69.09945571052631	14.214745174736839	0.0	0.0	1	1.024839889390142	-3.55753592716279	138.0	13	1.05	0.95				
	110	1	76.99653636315789	15.794161305263158	0.0	0.0	1	1.05	-5.655300325373105	138.0	13	1.05	0.95				
	111	1	0.0	0.0	0.0	0.0	1	1.020828162361981	-0.0871321166274487	230.0	13	1.05	0.95				
	112	1	0.0	0.0	0.0	0.0	1	1.015852653220291	-1.361670774035077	230.0	13	1.05	0.95				
	113	3	104.63631864736843	21.322117762105265	0.0	0.0	1	1.0058203618249044	4.663937050659414e-28	230.0	14	1.05	0.95				
	114	2	76.60168233052632	15.39930727263158	0.0	0.0	1	1.05	4.217106059716494	230.0	16	1.05	0.95				
	115	2	125.1687283442105	25.27065808842105	0.0	0.0	1	1.0363251000806404	15.053373856543134	230.0	16	1.05	0.95				
	116	2	39.48540326315789	7.897080652631579	0.0	0.0	1	1.0381134859537289	12.948429127913856	230.0	16	1.05	0.95				
	117	1	0.0	0.0	0.0	0.0	1	1.0366143101299112	19.631082674694095	230.0	17	1.05	0.95				
	118	2	131.48639286631578	26.850074218947366	0.0	0.0	1	1.0460569456155673	20.50360174396865	230.0	17	1.05	0.95				
	119	1	71.46857990631578	14.60959920736842	0.0	0.0	1	1.0357639701178416	8.236857741164636	230.0	15	1.05	0.95				
	120	1	50.5413161768421	10.266204848421053	0.0	0.0	1	1.041237313023692	4.913299346222249	230.0	15	1.05	0.95				
	121	2	0.0	0.0	0.0	0.0	1	1.040662030943093	22.323920682390714	230.0	17	1.05	0.95				
	122	2	0.0	0.0	0.0	0.0	1	1.05	40.30646412880308	230.0	17	1.05	0.95				
	123	2	0.0	0.0	0.0	0.0	1	1.0455445967843886	3.393848018181519	230.0	15	1.05	0.95				
	124	1	0.0	0.0	0.0	0.0	1	1.0101068933035648	9.683187042886054	230.0	16	1.05	0.95				
	201	2	36.77065952968421	7.490319533824562	0.0	0.0	2	1.0055308087328578	-13.240209025215574	138.0	21	1.05	0.95				
	202	2	33.02549976277193	6.809381394385965	0.0	0.0	2	1.003866953506691	-13.501551592274401	138.0	22	1.05	0.95				
	203	1	61.28443254947369	12.597355579614037	0.0	0.0	2	1.0150556926090133	-10.190256848410076	138.0	21	1.05	0.95				
	204	1	25.194711159228074	5.1070360457894735	0.0	0.0	2	1.0096752242778249	-13.378261750088576	138.0	21	1.05	0.95				
	205	1	24.173303950070174	4.766566976070176	0.0	0.0	2	1.0236940446940281	-13.72304861242006	138.0	21	1.05	0.95				
	206	1	46.30379348182456	9.533133952140352	0.0	-100.0	2	1.0419446706246434	-14.446090114933753	138.0	22	1.05	0.95				
	207	2	42.55863371491228	8.511726742982455	0.0	0.0	2	0.9883438009832423	-18.36723675105325	138.0	22	1.05	0.95				
	208	1	58.22021092200001	11.916417440175438	0.0	0.0	2	0.9997991616401039	-16.925669573421732	138.0	22	1.05	0.95				
	209	1	59.58208720087719	12.256886509894736	0.0	0.0	2	1.0235369773556355	-11.855437451639027	138.0	23	1.05	0.95				
	210	1	66.39146859526316	13.61876278877193	0.0	0.0	2	1.05	-13.09881052217217	138.0	23	1.05	0.95				
	211	1	0.0	0.0	0.0	0.0	2	1.004050888249647	-9.269432105089374	230.0	23	1.05	0.95				
	212	1	0.0	0.0	0.0	0.0	2	1.0133826599989344	-8.649073750059776	230.0	23	1.05	0.95				
	213	2	90.22430347561404	18.385329764842105	0.0	0.0	2	1.0030920488584407	-8.080775492699338	230.0	24	1.05	0.95				
	214	2	66.05099952554386	13.27829371905263	0.0	0.0	2	0.9990393611138795	-6.964808569970865	230.0	26	1.05	0.95				
	215	2	107.92869510101755	21.790020462035088	0.0	0.0	2	1.0272071391827453	-1.199729722387792	230.0	26	1.05	0.95				
	216	2	34.04690697192982	6.809381394385965	0.0	0.0	2	1.0292251538907957	-1.7965476293129685	230.0	26	1.05	0.95				
	217	1	0.0	0.0	0.0	0.0	2	1.0357620126233047	0.23648551812361168	230.0	27	1.05	0.95				
	218	2	113.37620021652633	23.15189674091228	0.0	0.0	2	1.034082424808716	-0.137556703541579	230.0	27	1.05	0.95				
	219	1	61.62490161919298	12.597355579614037	0.0	0.0	2	1.0359936788729043	-2.0173740408134035	230.0	25	1.05	0.95				
	220	1	43.580040924070175	8.852195812701755	0.0	0.0	2	1.0436262284420685	-1.5531440231427878	230.0	25	1.05	0.95				
	221	2	0.0	0.0	0.0	0.0	2	1.0344390628603068	0.3028874672281419	230.0	27	1.05	0.95				
	222	2	0.0	0.0	0.0	0.0	2	1.05	6.774397254055725	230.0	27	1.05	0.95				
	223	2	0.0	0.0	0.0	0.0	2	1.0480196601218643	-1.047761289021055	230.0	25	1.05	0.95				
	224	1	0.0	0.0	0.0	0.0	2	1.0114885621950513	-4.558588580273117	230.0	26	1.05	0.95				
	301	2	44.22840874105264	9.009490669473685	0.0	0.0	3	1.0164214376443657	14.838244067157492	138.0	31	1.05	0.95				
	302	2	39.723663406315794	8.190446063157896	0.0	0.0	3	1.0146444258580671	14.481238003350699	138.0	32	1.05	0.95				
	303	1	73.71401456842106	15.152325216842108	0.0	0.0	3	1.05	29.506795676644746	138.0	31	1.05	0.95				
	304	1	30.304650433684216	6.142834547368421	0.0	0.0	3	1.0080193177016958	15.623997843886945	138.0	31	1.05	0.95				
	305	1	29.076083524210528	5.733312244210528	0.0	0.0	3	1.0244054698184155	13.277071420149463	138.0	31	1.05	0.95				
	306	1	55.69503322947369	11.466624488421056	0.0	-100.0	3	1.0364083735232543	11.893573923437406	138.0	32	1.05	0.95				
	307	2	51.190287894736855	10.23805757894737	0.0	0.0	3	0.95	8.45371246517774	138.0	32	1.05	0.95				
	308	1	70.02831384000001	14.333280610526316	0.0	0.0	3	0.9708757727148656	10.211152143401158	138.0	32	1.05	0.95				
	309	1	71.6664030526316	14.74280291368421	0.0	0.0	3	1.015051339113668	18.27980187804064	138.0	33	1.05	0.95				
	310	1	79.85684911578949	16.380892126315793	0.0	0.0	3	1.0423433565053464	13.03172375571871	138.0	33	1.05	0.95				
	311	1	0.0	0.0	0.0	0.0	3	1.0025965168604214	16.663208857556743	230.0	33	1.05	0.95				
	312	1	0.0	0.0	0.0	0.0	3	1.0077922180623202	16.71714954241384	230.0	33	1.05	0.95				
	313	2	108.52341033684212	22.11420437052632	0.0	0.0	3	1.0020249281131703	17.057617035649894	230.0	34	1.05	0.95				
	314	2	79.44732681263159	15.971369823157897	0.0	0.0	3	0.9986609253651929	17.42827805513688	230.0	36	1.05	0.95				
	315	2	129.81857010105264	26.209427402105266	0.0	0.0	3	1.0487493050794339	21.335835270687213	230.0	36	1.05	0.95				
	316	2	40.95223031578948	8.190446063157896	0.0	0.0	3	1.0324881316181622	20.9045805832712	230.0	36	1.05	0.95				
	317	1	0.0	0.0	0.0	0.0	3	1.05	25.348874054102776	230.0	37	1.05	0.95				
	318	2	136.37092695157898	27.847516614736843	0.0	0.0	3	1.047602995628849	21.817412286981746	230.0	37	1.05	0.95				
	319	1	74.12353687157895	15.152325216842108	0.0	0.0	3	1.0233516607906816	19.291328663084528	230.0	35	1.05	0.95				
	320	1	52.41885480421053	10.647579882105266	0.0	0.0	3	1.0185334508607562	18.677723173234938	230.0	35	1.05	0.95				
	321	2	0.0	0.0	0.0	0.0	3	1.05	22.322064633182087	230.0	37	1.05	0.95				
	322	2	0.0	0.0	0.0	0.0	3	1.0499999940925495	27.858076767108916	230.0	37	1.05	0.95				
	323	2	0.0	0.0	0.0	0.0	3	1.0163212529549128	18.660510039874	230.0	35	1.05	0.95				
	324	1	0.0	0.0	0.0	0.0	3	1.0464666335199135	24.460814941021408	230.0	36	1.05	0.95				
	325	1	0.0	0.0	0.0	0.0	3	1.0184212472755914	18.985749374062713	230.0	35	1.05	0.95				
];
