%% MATPOWER Case Format : Version 2
function mpc = RTS_GMLC
mpc.version = '2';

%%-----  Power Flow Data  -----%%
%% system MVA base
mpc.baseMVA = 100.0;
%% bus data
%    bus_i    type    Pd    Qd    Gs    Bs    area    Vm    Va    baseKV    zone    Vmax    Vmin
mpc.bus = [
	101	2	55.54972784842106	11.31568530245614	0.0	0.0	1	1.0279029833896658	-0.6193947698451673	138.0	11	1.05	0.95				
	102	2	49.891885197192984	10.286986638596492	0.0	0.0	1	1.0269482144002366	-0.925240026439018	138.0	12	1.05	0.95				
	103	1	92.58287974736842	19.030925281403512	0.0	0.0	1	1.026768832961088	-0.22410813565707743	138.0	11	1.05	0.95				
	104	1	38.061850562807024	7.715239978947368	0.0	0.0	1	1.0173325701369444	-3.5874500631520876	138.0	11	1.05	0.95				
	105	1	36.518802567017545	7.2008906470175456	0.0	0.0	1	1.0320124046038233	-3.57969118925483	138.0	11	1.05	0.95				
	106	1	69.95150914245615	14.401781294035091	0.0	-100.0	1	1.0416774951119687	-5.784687952362219	138.0	12	1.05	0.95				
	107	2	64.29366649122808	12.858733298245614	0.0	0.0	1	0.999174043168011	-13.630331029549852	138.0	12	1.05	0.95				
	108	1	87.95373576	18.002226617543858	0.0	0.0	1	0.9992710843258911	-11.264733755547303	138.0	12	1.05	0.95				
	109	1	90.0111330877193	18.516575949473683	0.0	0.0	1	1.0250844308181388	-3.6627033038509373	138.0	13	1.05	0.95				
	110	1	100.29811972631579	20.573973277192984	0.0	0.0	1	1.05	-4.939270368923434	138.0	13	1.05	0.95				
	111	1	0.0	0.0	0.0	0.0	1	1.0102816366521397	-0.6670121695078152	230.0	13	1.05	0.95				
	112	1	0.0	0.0	0.0	0.0	1	1.0136766246300684	-0.8093256576240394	230.0	13	1.05	0.95				
	113	3	136.3025729614035	27.77486392421053	0.0	0.0	1	1.0076069336066455	3.686233281436547e-31	230.0	14	1.05	0.95				
	114	2	99.78377039438597	20.05962394526316	0.0	0.0	1	1.0139337119797325	2.451018669578307	230.0	16	1.05	0.95				
	115	2	163.04873822175438	32.91835724350877	0.0	0.0	1	1.0441678468142097	10.60673980132306	230.0	16	1.05	0.95				
	116	2	51.434933192982456	10.286986638596492	0.0	0.0	1	1.04078800737678	9.87392365974637	230.0	16	1.05	0.95				
	117	1	0.0	0.0	0.0	0.0	1	1.0427411213262638	14.386566808950294	230.0	17	1.05	0.95				
	118	2	171.27832753263158	34.97575457122807	0.0	0.0	1	1.049999963968558	14.444721429271214	230.0	17	1.05	0.95				
	119	1	93.09722907929824	19.030925281403512	0.0	0.0	1	1.0341080758483872	7.271789477594641	230.0	15	1.05	0.95				
	120	1	65.83671448701755	13.373082630175439	0.0	0.0	1	1.0334254500591156	5.981923040152237	230.0	15	1.05	0.95				
	121	2	0.0	0.0	0.0	0.0	1	1.05	15.724469283173852	230.0	17	1.05	0.95				
	122	2	0.0	0.0	0.0	0.0	1	1.05	32.402812321107355	230.0	17	1.05	0.95				
	123	2	0.0	0.0	0.0	0.0	1	1.0339794828800615	5.660264748315425	230.0	15	1.05	0.95				
	124	1	0.0	0.0	0.0	0.0	1	1.0240981809396192	6.57622026891772	230.0	16	1.05	0.95				
	201	2	60.92743585263158	12.411144340350877	0.0	0.0	2	1.0239812748411847	-16.374667290113976	138.0	21	1.05	0.95				
	202	2	54.72186368245614	11.28285849122807	0.0	0.0	2	1.0248876668480014	-16.249360947095706	138.0	22	1.05	0.95				
	203	1	101.54572642105262	20.87328820877193	0.0	0.0	2	1.0159220525286066	-13.74219598663312	138.0	21	1.05	0.95				
	204	1	41.74657641754386	8.462143868421052	0.0	0.0	2	1.0148420796431579	-17.661842932800567	138.0	21	1.05	0.95				
	205	1	40.05414764385964	7.89800094385965	0.0	0.0	2	1.0298949214544586	-18.11951754863826	138.0	21	1.05	0.95				
	206	1	76.72343774035087	15.7960018877193	0.0	-100.0	2	1.0402947495049972	-19.600987948234742	138.0	22	1.05	0.95				
	207	2	70.51786557017543	14.103573114035086	0.0	0.0	2	0.9887056021425782	-27.7286155417617	138.0	22	1.05	0.95				
	208	1	96.46844009999998	19.74500235964912	0.0	0.0	2	0.9904721438135131	-25.04808437462086	138.0	22	1.05	0.95				
	209	1	98.7250117982456	20.309145284210526	0.0	0.0	2	1.0235915753389784	-16.503591355355073	138.0	23	1.05	0.95				
	210	1	110.00787028947367	22.56571698245614	0.0	0.0	2	1.05	-18.081188342230593	138.0	23	1.05	0.95				
	211	1	0.0	0.0	0.0	0.0	2	1.0150460988771872	-12.839714818266287	230.0	23	1.05	0.95				
	212	1	0.0	0.0	0.0	0.0	2	1.0142765336461752	-11.880526704142856	230.0	23	1.05	0.95				
	213	2	149.49787500877193	30.46371792631579	0.0	0.0	2	1.0162317195950492	-11.347061083597122	230.0	24	1.05	0.95				
	214	2	109.44372736491228	22.001574057894736	0.0	0.0	2	1.0236022037688828	-9.696785664712053	230.0	26	1.05	0.95				
	215	2	178.8333070859649	36.10514717192982	0.0	0.0	2	1.0361202561337401	-1.5205265214081065	230.0	26	1.05	0.95				
	216	2	56.414292456140345	11.28285849122807	0.0	0.0	2	1.0389295265035752	-1.8198396729303827	230.0	26	1.05	0.95				
	217	1	0.0	0.0	0.0	0.0	2	1.0409408759396044	1.153264335599852	230.0	27	1.05	0.95				
	218	2	187.85959387894735	38.36171887017544	0.0	0.0	2	1.04153738626881	1.0710854859257968	230.0	27	1.05	0.95				
	219	1	102.10986934561403	20.87328820877193	0.0	0.0	2	1.039637616571228	-2.2147920632001403	230.0	25	1.05	0.95				
	220	1	72.21029434385964	14.66771603859649	0.0	0.0	2	1.0446267530692182	-1.4907140067498135	230.0	25	1.05	0.95				
	221	2	0.0	0.0	0.0	0.0	2	1.0417390625789038	0.9859156078101242	230.0	27	1.05	0.95				
	222	2	0.0	0.0	0.0	0.0	2	1.05	7.555862210301329	230.0	27	1.05	0.95				
	223	2	0.0	0.0	0.0	0.0	2	1.048704709044892	-0.6820823797440138	230.0	25	1.05	0.95				
	224	1	0.0	0.0	0.0	0.0	2	1.0133002922162848	-6.05871712394306	230.0	26	1.05	0.95				
	301	2	51.147105347368424	10.418854792982456	0.0	0.0	3	1.0099868208511014	-11.49268032519523	138.0	31	1.05	0.95				
	302	2	45.937677950877195	9.471686175438597	0.0	0.0	3	1.0092563649457267	-11.72648447821184	138.0	32	1.05	0.95				
	303	1	85.24517557894737	17.5226194245614	0.0	0.0	3	1.0428243837874311	-1.7981837670047731	138.0	31	1.05	0.95				
	304	1	35.0452388491228	7.103764631578947	0.0	0.0	3	1.0110060311436104	-10.34613704809313	138.0	31	1.05	0.95				
	305	1	33.62448592280701	6.630180322807018	0.0	0.0	3	1.0240381147160424	-11.704087319358244	138.0	31	1.05	0.95				
	306	1	64.40746599298247	13.260360645614035	0.0	-100.0	3	1.0394627918999029	-12.377158168345456	138.0	32	1.05	0.95				
	307	2	59.19803859649122	11.839607719298245	0.0	0.0	3	0.990329298909822	-17.384548903191106	138.0	32	1.05	0.95				
	308	1	80.9829168	16.575450807017543	0.0	0.0	3	0.9962724970572756	-15.221690369506739	138.0	32	1.05	0.95				
	309	1	82.87725403508772	17.049035115789472	0.0	0.0	3	1.0275496160020983	-7.283036681854083	138.0	33	1.05	0.95				
	310	1	92.34894021052631	18.943372350877194	0.0	0.0	3	1.05	-10.390852749985294	138.0	33	1.05	0.95				
	311	1	0.0	0.0	0.0	0.0	3	1.010899327529157	-4.960234730276072	230.0	33	1.05	0.95				
	312	1	0.0	0.0	0.0	0.0	3	1.014511103423043	-4.321377934265409	230.0	33	1.05	0.95				
	313	2	125.4998418245614	25.573552673684212	0.0	0.0	3	1.0133934323262717	-1.7337430966333096	230.0	34	1.05	0.95				
	314	2	91.87535590175439	18.46978804210526	0.0	0.0	3	1.0107827483759388	-3.8176598339506738	230.0	36	1.05	0.95				
	315	2	150.12622588070175	30.309395761403508	0.0	0.0	3	1.0407790075070216	0.5957367665090809	230.0	36	1.05	0.95				
	316	2	47.35843087719298	9.471686175438597	0.0	0.0	3	1.038585778707803	0.6031084459447786	230.0	36	1.05	0.95				
	317	1	0.0	0.0	0.0	0.0	3	1.05	5.240626481374258	230.0	37	1.05	0.95				
	318	2	157.70357482105263	32.20373299649123	0.0	0.0	3	1.047078986149551	3.2506706120369486	230.0	37	1.05	0.95				
	319	1	85.7187598877193	17.5226194245614	0.0	0.0	3	1.0330743871927035	0.0070364340662196255	230.0	35	1.05	0.95				
	320	1	60.618791522807015	12.313192028070176	0.0	0.0	3	1.0316538168386045	0.3977110629471654	230.0	35	1.05	0.95				
	321	2	0.0	0.0	0.0	0.0	3	1.0459688341624223	2.9784834329971903	230.0	37	1.05	0.95				
	322	2	0.0	0.0	0.0	0.0	3	1.05	8.209094370392705	230.0	37	1.05	0.95				
	323	2	0.0	0.0	0.0	0.0	3	1.0317104842616776	0.9737434374133183	230.0	35	1.05	0.95				
	324	1	0.0	0.0	0.0	0.0	3	1.0361273854112625	-0.3060184509765799	230.0	36	1.05	0.95				
	325	1	0.0	0.0	0.0	0.0	3	1.028907603995956	2.213786799534355	230.0	35	1.05	0.95				
];
