%% MATPOWER Case Format : Version 2
function mpc = RTS_GMLC
mpc.version = '2';

%%-----  Power Flow Data  -----%%
%% system MVA base
mpc.baseMVA = 100.0;
%% bus data
%    bus_i    type    Pd    Qd    Gs    Bs    area    Vm    Va    baseKV    zone    Vmax    Vmin
mpc.bus = [
	101	2	38.40920336842106	7.824096982456141	0.0	0.0	1	1.0086878342206256	-0.35148186467288217	138.0	11	1.05	0.95				
	102	2	34.49715487719298	7.112815438596491	0.0	0.0	1	1.0067119312695856	-0.9278348874200306	138.0	12	1.05	0.95				
	103	1	64.01533894736843	13.15870856140351	0.0	0.0	1	1.0273430633574077	2.488100436317199	138.0	11	1.05	0.95				
	104	1	26.31741712280702	5.334611578947369	0.0	0.0	1	1.0114268304695557	-2.1765036555370334	138.0	11	1.05	0.95				
	105	1	25.250494807017542	4.978970807017545	0.0	0.0	1	1.024818322121383	-2.335100778378331	138.0	11	1.05	0.95				
	106	1	48.367144982456146	9.95794161403509	0.0	-100.0	1	1.0418146800372028	-3.9418710331406377	138.0	12	1.05	0.95				
	107	2	44.455096491228076	8.891019298245615	0.0	0.0	1	0.9839976699532985	-9.448748259302974	138.0	12	1.05	0.95				
	108	1	60.814572	12.447427017543859	0.0	0.0	1	0.9965325590461017	-7.561861998833158	138.0	12	1.05	0.95				
	109	1	62.237135087719295	12.803067789473685	0.0	0.0	1	1.0247725358338606	-1.7001202710620864	138.0	13	1.05	0.95				
	110	1	69.3499505263158	14.225630877192982	0.0	0.0	1	1.05	-3.158631963503377	138.0	13	1.05	0.95				
	111	1	0.0	0.0	0.0	0.0	1	1.0137811241438746	0.704140560283516	230.0	13	1.05	0.95				
	112	1	0.0	0.0	0.0	0.0	1	1.010451135905359	-0.46821956482925525	230.0	13	1.05	0.95				
	113	3	94.24480456140351	19.20460168421053	0.0	0.0	1	0.989101722233097	5.801936547609362e-28	230.0	14	1.05	0.95				
	114	2	68.99430975438597	13.869990105263158	0.0	0.0	1	1.0395170345773108	4.399899392960795	230.0	16	1.05	0.95				
	115	2	112.7381247017544	22.761009403508773	0.0	0.0	1	1.0426849514415955	13.693779339162745	230.0	16	1.05	0.95				
	116	2	35.56407719298246	7.112815438596491	0.0	0.0	1	1.04187707363591	11.88822210597553	230.0	16	1.05	0.95				
	117	1	0.0	0.0	0.0	0.0	1	1.0411728417099881	17.815804257812932	230.0	17	1.05	0.95				
	118	2	118.42837705263159	24.183572491228073	0.0	0.0	1	1.0499999871062713	18.384038917165462	230.0	17	1.05	0.95				
	119	1	64.37097971929825	13.15870856140351	0.0	0.0	1	1.0369748616345213	7.643257664043754	230.0	15	1.05	0.95				
	120	1	45.522018807017545	9.24666007017544	0.0	0.0	1	1.0388556810268395	4.6279006167947285	230.0	15	1.05	0.95				
	121	2	0.0	0.0	0.0	0.0	1	1.0434459723196625	19.83071545809485	230.0	17	1.05	0.95				
	122	2	0.0	0.0	0.0	0.0	1	1.05	37.79036722374008	230.0	17	1.05	0.95				
	123	2	0.0	0.0	0.0	0.0	1	1.0408134342362219	3.241824538611208	230.0	15	1.05	0.95				
	124	1	0.0	0.0	0.0	0.0	1	1.0229241292180589	9.514778970521387	230.0	16	1.05	0.95				
	201	2	38.55564299368421	7.853927276491228	0.0	0.0	2	1.0139239376717384	-14.943970826398534	138.0	21	1.05	0.95				
	202	2	34.62867935543859	7.139933887719298	0.0	0.0	2	1.01308295037112	-15.236717768973117	138.0	22	1.05	0.95				
	203	1	64.25940498947368	13.2088776922807	0.0	0.0	2	1.012157492360896	-10.831400156707	138.0	21	1.05	0.95				
	204	1	26.4177553845614	5.354950415789473	0.0	0.0	2	1.012373384652657	-15.031324002166762	138.0	21	1.05	0.95				
	205	1	25.346765301403508	4.997953721403508	0.0	0.0	2	1.0277581851180413	-15.46629645509434	138.0	21	1.05	0.95				
	206	1	48.551550436491226	9.995907442807017	0.0	-100.0	2	1.0437297632156106	-16.22959374591096	138.0	22	1.05	0.95				
	207	2	44.62458679824561	8.924917359649122	0.0	0.0	2	0.9967251239703362	-20.427446821731834	138.0	22	1.05	0.95				
	208	1	61.04643473999999	12.49488430350877	0.0	0.0	2	1.0035414352465974	-18.85715797672038	138.0	22	1.05	0.95				
	209	1	62.47442151754385	12.851880997894735	0.0	0.0	2	1.021506822919167	-13.374683847917808	138.0	23	1.05	0.95				
	210	1	69.61435540526315	14.279867775438596	0.0	0.0	2	1.05	-14.837104491542576	138.0	23	1.05	0.95				
	211	1	0.0	0.0	0.0	0.0	2	1.004348086279494	-10.730682885781196	230.0	23	1.05	0.95				
	212	1	0.0	0.0	0.0	0.0	2	1.0055196293999107	-10.408345052408967	230.0	23	1.05	0.95				
	213	2	94.60412401228069	19.277821496842105	0.0	0.0	2	0.9964136893139985	-9.834987243141722	230.0	24	1.05	0.95				
	214	2	69.25735871087718	13.922871081052632	0.0	0.0	2	1.007404636261957	-8.022310082756656	230.0	26	1.05	0.95				
	215	2	113.16795212035086	22.847788440701752	0.0	0.0	2	1.022417399248063	-1.4903113994173296	230.0	26	1.05	0.95				
	216	2	35.69966943859649	7.139933887719298	0.0	0.0	2	1.0245164084438836	-2.0399772189237604	230.0	26	1.05	0.95				
	217	1	0.0	0.0	0.0	0.0	2	1.0321888132490158	-0.035031012183953325	230.0	27	1.05	0.95				
	218	2	118.8798992305263	24.275775218245613	0.0	0.0	2	1.0308739438074304	-0.448434730864008	230.0	27	1.05	0.95				
	219	1	64.61640168385965	13.2088776922807	0.0	0.0	2	1.021435262894482	-2.9561715507041644	230.0	25	1.05	0.95				
	220	1	45.695576881403504	9.281914054035086	0.0	0.0	2	1.020920902353598	-3.04852810209196	230.0	25	1.05	0.95				
	221	2	0.0	0.0	0.0	0.0	2	1.0311723175714609	0.0029321463201101568	230.0	27	1.05	0.95				
	222	2	0.0	0.0	0.0	0.0	2	1.05	6.4821342220348726	230.0	27	1.05	0.95				
	223	2	0.0	0.0	0.0	0.0	2	1.0208591529636604	-2.819480572904175	230.0	25	1.05	0.95				
	224	1	0.0	0.0	0.0	0.0	2	1.0070662832111106	-4.98768353315458	230.0	26	1.05	0.95				
	301	2	45.78298006736842	9.326162606315789	0.0	0.0	3	1.0080805787115532	-5.15755137891888	138.0	31	1.05	0.95				
	302	2	41.119898764210525	8.478329642105265	0.0	0.0	3	1.0079305779245133	-5.261873220998253	138.0	32	1.05	0.95				
	303	1	76.30496677894737	15.684909837894736	0.0	0.0	3	1.0276095678148003	0.3695578694994953	138.0	31	1.05	0.95				
	304	1	31.369819675789472	6.358747231578947	0.0	0.0	3	1.0116066771252141	-3.6400035424052777	138.0	31	1.05	0.95				
	305	1	30.098070229473684	5.934830749473685	0.0	0.0	3	1.02361213419512	-4.745530612668869	138.0	31	1.05	0.95				
	306	1	57.6526415663158	11.86966149894737	0.0	-100.0	3	1.04057417181032	-5.018762228592541	138.0	32	1.05	0.95				
	307	2	52.9895602631579	10.59791205263158	0.0	0.0	3	0.9931071940841361	-9.330305787246354	138.0	32	1.05	0.95				
	308	1	72.48971844	14.837076873684211	0.0	0.0	3	1.0001588634879495	-7.43485027297813	138.0	32	1.05	0.95				
	309	1	74.18538436842105	15.260993355789473	0.0	0.0	3	1.028050491061408	-0.5866220285834228	138.0	33	1.05	0.95				
	310	1	82.6637140105263	16.95665928421053	0.0	0.0	3	1.05	-2.968183345229124	138.0	33	1.05	0.95				
	311	1	0.0	0.0	0.0	0.0	3	1.0084384653413536	2.5503099071184008	230.0	33	1.05	0.95				
	312	1	0.0	0.0	0.0	0.0	3	1.0105620258211552	2.9227497287573647	230.0	33	1.05	0.95				
	313	2	112.33786775789474	22.89149003368421	0.0	0.0	3	1.0091212854747065	5.765700640130341	230.0	34	1.05	0.95				
	314	2	82.23979752842105	16.532742802105265	0.0	0.0	3	1.0085586724829787	4.178851717289088	230.0	36	1.05	0.95				
	315	2	134.38152482736842	27.13065485473684	0.0	0.0	3	1.0381789447117156	8.390095087968277	230.0	36	1.05	0.95				
	316	2	42.39164821052632	8.478329642105265	0.0	0.0	3	1.036956420228002	8.959659800701179	230.0	36	1.05	0.95				
	317	1	0.0	0.0	0.0	0.0	3	1.05	14.017161998476405	230.0	37	1.05	0.95				
	318	2	141.16418854105262	28.8263207831579	0.0	0.0	3	1.0456189746318976	10.93625020555118	230.0	37	1.05	0.95				
	319	1	76.72888326105264	15.684909837894736	0.0	0.0	3	1.0276468400114551	7.978971627242654	230.0	35	1.05	0.95				
	320	1	54.26130970947368	11.021828534736843	0.0	0.0	3	1.0224816171764972	7.943263184194276	230.0	35	1.05	0.95				
	321	2	0.0	0.0	0.0	0.0	3	1.044543170983938	10.750302487044973	230.0	37	1.05	0.95				
	322	2	0.0	0.0	0.0	0.0	3	1.05	16.37441054765179	230.0	37	1.05	0.95				
	323	2	0.0	0.0	0.0	0.0	3	1.0201789174730882	8.255118377151529	230.0	35	1.05	0.95				
	324	1	0.0	0.0	0.0	0.0	3	1.0239921926213393	5.390461474196058	230.0	36	1.05	0.95				
	325	1	0.0	0.0	0.0	0.0	3	1.0193679324470337	9.243162867263043	230.0	35	1.05	0.95				
];
