%% MATPOWER Case Format : Version 2
function mpc = RTS_GMLC
mpc.version = '2';

%%-----  Power Flow Data  -----%%
%% system MVA base
mpc.baseMVA = 100.0;
%% bus data
%    bus_i    type    Pd    Qd    Gs    Bs    area    Vm    Va    baseKV    zone    Vmax    Vmin
mpc.bus = [
	101	2	49.925284522105265	10.169965365614035	0.0	0.0	1	1.0318771843744843	-0.1409864668216687	138.0	11	1.05	0.95				
	102	2	44.84030183929824	9.245423059649124	0.0	0.0	1	1.0309599556746587	-0.4040649306981229	138.0	12	1.05	0.95				
	103	1	83.20880753684212	17.104032660350875	0.0	0.0	1	1.0281023774722713	-1.261080923420854	138.0	11	1.05	0.95				
	104	1	34.20806532070175	6.934067294736841	0.0	0.0	1	1.0201534827178451	-3.1276120366636477	138.0	11	1.05	0.95				
	105	1	32.821251861754384	6.471796141754386	0.0	0.0	1	1.0348096098701707	-2.9709885628884263	138.0	11	1.05	0.95				
	106	1	62.868876805614036	12.943592283508773	0.0	-100.0	1	1.0441947830817149	-5.058658545914707	138.0	12	1.05	0.95				
	107	2	57.78389412280702	11.556778824561404	0.0	0.0	1	1.0008750421814756	-10.455477062573449	138.0	12	1.05	0.95				
	108	1	79.04836716	16.179490354385965	0.0	0.0	1	1.0035392472523175	-9.129278841380145	138.0	12	1.05	0.95				
	109	1	80.89745177192982	16.641761507368418	0.0	0.0	1	1.0251192950016572	-3.4754552934804788	138.0	13	1.05	0.95				
	110	1	90.14287483157895	18.490846119298247	0.0	0.0	1	1.05	-4.376545012732427	138.0	13	1.05	0.95				
	111	1	0.0	0.0	0.0	0.0	1	1.0053249774420248	-1.152588239934225	230.0	13	1.05	0.95				
	112	1	0.0	0.0	0.0	0.0	1	1.0096770117055842	-0.7665869506074381	230.0	13	1.05	0.95				
	113	3	122.50185554035087	24.962642261052633	0.0	0.0	1	0.9999113394870103	3.32608228159429e-27	230.0	14	1.05	0.95				
	114	2	89.68060367859648	18.02857496631579	0.0	0.0	1	1.0032650176399334	0.736756283100529	230.0	16	1.05	0.95				
	115	2	146.5399554954386	29.585353790877196	0.0	0.0	1	1.0397645888558051	6.606294697271847	230.0	16	1.05	0.95				
	116	2	46.227115298245614	9.245423059649124	0.0	0.0	1	1.0353057628383662	6.100315862780442	230.0	16	1.05	0.95				
	117	1	0.0	0.0	0.0	0.0	1	1.0426535116616278	8.283724792122717	230.0	17	1.05	0.95				
	118	2	153.9362939431579	31.434438402807018	0.0	0.0	1	1.0457515035600136	8.320634416837246	230.0	17	1.05	0.95				
	119	1	83.67107868982457	17.104032660350875	0.0	0.0	1	1.0282667078381682	4.952250684414886	230.0	15	1.05	0.95				
	120	1	59.17070758175439	12.01904997754386	0.0	0.0	1	1.0255791188910062	4.8448546772480725	230.0	15	1.05	0.95				
	121	2	0.0	0.0	0.0	0.0	1	1.0499852848366833	9.40943484351293	230.0	17	1.05	0.95				
	122	2	0.0	0.0	0.0	0.0	1	1.05	16.828324205493683	230.0	17	1.05	0.95				
	123	2	0.0	0.0	0.0	0.0	1	1.0248010895771638	5.142520866233459	230.0	15	1.05	0.95				
	124	1	0.0	0.0	0.0	0.0	1	1.0253129774008574	3.6678599248039103	230.0	16	1.05	0.95				
	201	2	50.2175350231579	10.22949787508772	0.0	0.0	2	1.0252383443121724	-9.496934250842617	138.0	21	1.05	0.95				
	202	2	45.102786085614035	9.299543522807019	0.0	0.0	2	1.0262166035157612	-9.29946052942377	138.0	22	1.05	0.95				
	203	1	83.69589170526316	17.20415551719298	0.0	0.0	2	1.0173690721597621	-8.642331558730692	138.0	21	1.05	0.95				
	204	1	34.40831103438596	6.974657642105263	0.0	0.0	2	1.0173122129976366	-10.865928896296802	138.0	21	1.05	0.95				
	205	1	33.01337950596491	6.509680465964913	0.0	0.0	2	1.0319221473788538	-11.15688875292743	138.0	21	1.05	0.95				
	206	1	63.236895955087725	13.019360931929826	0.0	-100.0	2	1.0434817320000078	-12.498819191498978	138.0	22	1.05	0.95				
	207	2	58.12214701754386	11.624429403508772	0.0	0.0	2	0.9909818768831841	-19.2065638628173	138.0	22	1.05	0.95				
	208	1	79.51109712	16.27420116491228	0.0	0.0	2	0.996239005228997	-17.075806189823176	138.0	22	1.05	0.95				
	209	1	81.37100582456141	16.739178341052632	0.0	0.0	2	1.0233836184211407	-10.238695011882456	138.0	23	1.05	0.95				
	210	1	90.67054934736842	18.599087045614038	0.0	0.0	2	1.05	-11.34915579073669	138.0	23	1.05	0.95				
	211	1	0.0	0.0	0.0	0.0	2	1.0073069431189405	-7.225615137534981	230.0	23	1.05	0.95				
	212	1	0.0	0.0	0.0	0.0	2	1.0096287351982913	-6.281736103965847	230.0	23	1.05	0.95				
	213	2	123.21895167719299	25.10876751157895	0.0	0.0	2	1.0039716291483243	-5.828239134742013	230.0	24	1.05	0.95				
	214	2	90.20557217122807	18.134109869473686	0.0	0.0	2	1.0088672742966531	-4.783834175378018	230.0	26	1.05	0.95				
	215	2	147.39776483649123	29.75853927298246	0.0	0.0	2	1.0269358073548573	1.4606045041543234	230.0	26	1.05	0.95				
	216	2	46.49771761403509	9.299543522807019	0.0	0.0	2	1.0283765914954273	1.4844103278749516	230.0	26	1.05	0.95				
	217	1	0.0	0.0	0.0	0.0	2	1.0330607167645003	3.604182966493193	230.0	27	1.05	0.95				
	218	2	154.83739965473683	31.618447977543862	0.0	0.0	2	1.0332867418394458	3.59245662026848	230.0	27	1.05	0.95				
	219	1	84.16086888140352	17.20415551719298	0.0	0.0	2	1.0291240974160747	1.4851132072877162	230.0	25	1.05	0.95				
	220	1	59.51707854596492	12.089406579649124	0.0	0.0	2	1.0330763884756253	2.3852267860984653	230.0	25	1.05	0.95				
	221	2	0.0	0.0	0.0	0.0	2	1.0340912486512737	3.6624803369589305	230.0	27	1.05	0.95				
	222	2	0.0	0.0	0.0	0.0	2	1.05	10.135869899155752	230.0	27	1.05	0.95				
	223	2	0.0	0.0	0.0	0.0	2	1.0362202006325656	3.2279627386032184	230.0	25	1.05	0.95				
	224	1	0.0	0.0	0.0	0.0	2	1.0109036905298052	-2.326233868439484	230.0	26	1.05	0.95				
	301	2	67.34198038736842	13.717810819649124	0.0	0.0	3	1.0172524644235512	-17.07944362938796	138.0	31	1.05	0.95				
	302	2	60.48307497754386	12.47073710877193	0.0	0.0	3	1.0156198145358986	-17.395321160674786	138.0	32	1.05	0.95				
	303	1	112.23663397894737	23.07086365122807	0.0	0.0	3	1.048059011190821	-2.7960946578366954	138.0	31	1.05	0.95				
	304	1	46.14172730245614	9.353052831578946	0.0	0.0	3	1.0103206746801745	-15.26578746484829	138.0	31	1.05	0.95				
	305	1	44.27111673614035	8.729515976140352	0.0	0.0	3	1.0256418213779321	-17.5910962338244	138.0	31	1.05	0.95				
	306	1	84.80101233964913	17.459031952280704	0.0	-100.0	3	1.0365964978104805	-18.561770703178603	138.0	32	1.05	0.95				
	307	2	77.94210692982456	15.588421385964912	0.0	0.0	3	0.9883571440709308	-25.202866894211674	138.0	32	1.05	0.95				
	308	1	106.62480228	21.823789940350878	0.0	0.0	3	0.9879926109249498	-22.193590754742477	138.0	32	1.05	0.95				
	309	1	109.1189497017544	22.447326795789476	0.0	0.0	3	1.028119161450263	-10.984883682754205	138.0	33	1.05	0.95				
	310	1	121.5896868105263	24.94147421754386	0.0	0.0	3	1.05	-16.109414669276923	138.0	33	1.05	0.95				
	311	1	0.0	0.0	0.0	0.0	3	1.0198524345033455	-9.142931966561033	230.0	33	1.05	0.95				
	312	1	0.0	0.0	0.0	0.0	3	1.0190150259612287	-8.857692395894476	230.0	33	1.05	0.95				
	313	2	165.23726669122806	33.67099019368421	0.0	0.0	3	1.0232079087659678	-6.453997622760899	230.0	34	1.05	0.95				
	314	2	120.96614995508772	24.317937362105262	0.0	0.0	3	1.0298947350917027	-7.0991548262880455	230.0	36	1.05	0.95				
	315	2	197.6611831740351	39.906358748070176	0.0	0.0	3	1.0469269067041773	-0.47527447522754657	230.0	36	1.05	0.95				
	316	2	62.35368554385965	12.47073710877193	0.0	0.0	3	1.0450618675752845	-0.41568521967122496	230.0	36	1.05	0.95				
	317	1	0.0	0.0	0.0	0.0	3	1.05	5.096672947640892	230.0	37	1.05	0.95				
	318	2	207.63777286105264	42.40050616982457	0.0	0.0	3	1.0430848136431228	3.029462492255015	230.0	37	1.05	0.95				
	319	1	112.86017083438597	23.07086365122807	0.0	0.0	3	1.0381080023755769	-2.453549733635707	230.0	35	1.05	0.95				
	320	1	79.81271749614035	16.211958241403508	0.0	0.0	3	1.0377999665170627	-3.052851562266531	230.0	35	1.05	0.95				
	321	2	0.0	0.0	0.0	0.0	3	1.0458414936456462	2.471918904047206	230.0	37	1.05	0.95				
	322	2	0.0	0.0	0.0	0.0	3	1.05	7.844990672547115	230.0	37	1.05	0.95				
	323	2	0.0	0.0	0.0	0.0	3	1.0389969579086946	-2.9178941296980168	230.0	35	1.05	0.95				
	324	1	0.0	0.0	0.0	0.0	3	1.0419452497599968	-1.3474012711294059	230.0	36	1.05	0.95				
	325	1	0.0	0.0	0.0	0.0	3	1.0367971668731177	-1.885899543354746	230.0	35	1.05	0.95				
];
