%% MATPOWER Case Format : Version 2
function mpc = RTS_GMLC
mpc.version = '2';

%%-----  Power Flow Data  -----%%
%% system MVA base
mpc.baseMVA = 100.0;
%% bus data
%    bus_i    type    Pd    Qd    Gs    Bs    area    Vm    Va    baseKV    zone    Vmax    Vmin
mpc.bus = [
	101	2	42.89807027368421	8.738495796491227	0.0	0.0	1	1.0029400364061296	-3.0173895484086484	138.0	11	1.05	0.95				
	102	2	38.528822375438594	7.944087087719298	0.0	0.0	1	1.0022756715354308	-3.248873940520734	138.0	12	1.05	0.95				
	103	1	71.49678378947368	14.696561112280701	0.0	0.0	1	1.0281860780001588	0.8112571000727076	138.0	11	1.05	0.95				
	104	1	29.393122224561402	5.958065315789474	0.0	0.0	1	1.0119067398799506	-3.5412741791742604	138.0	11	1.05	0.95				
	105	1	28.20150916140351	5.560860961403509	0.0	0.0	1	1.021463555747845	-4.5593178552585965	138.0	11	1.05	0.95				
	106	1	54.01979219649123	11.121721922807017	0.0	-100.0	1	1.0396710872101345	-5.878674837158201	138.0	12	1.05	0.95				
	107	2	49.65054429824561	9.930108859649122	0.0	0.0	1	0.9887910214106815	-10.590909661800014	138.0	12	1.05	0.95				
	108	1	67.92194459999999	13.902152403508772	0.0	0.0	1	0.9985866767201348	-8.991246198309964	138.0	12	1.05	0.95				
	109	1	69.51076201754385	14.299356757894735	0.0	0.0	1	1.026332611213997	-3.0365459416463207	138.0	13	1.05	0.95				
	110	1	77.45484910526315	15.888174175438596	0.0	0.0	1	1.05	-4.79985314780068	138.0	13	1.05	0.95				
	111	1	0.0	0.0	0.0	0.0	1	1.0161223667757442	-0.43919970932488117	230.0	13	1.05	0.95				
	112	1	0.0	0.0	0.0	0.0	1	1.0124965464304594	-1.3463162519020984	230.0	13	1.05	0.95				
	113	3	105.2591539122807	21.449035136842106	0.0	0.0	1	0.9977735090830171	1.8181344029329549e-28	230.0	14	1.05	0.95				
	114	2	77.05764475087719	15.490969821052634	0.0	0.0	1	1.0382818251839299	2.6346756157049036	230.0	16	1.05	0.95				
	115	2	125.91378034035088	25.421078680701754	0.0	0.0	1	1.0432030967530992	10.97013859498974	230.0	16	1.05	0.95				
	116	2	39.72043543859649	7.944087087719298	0.0	0.0	1	1.0423337142213807	9.485121658435729	230.0	16	1.05	0.95				
	117	1	0.0	0.0	0.0	0.0	1	1.0418231456280398	15.00345225375859	230.0	17	1.05	0.95				
	118	2	132.2690500105263	27.009896098245616	0.0	0.0	1	1.05	15.403109530044176	230.0	17	1.05	0.95				
	119	1	71.89398814385966	14.696561112280701	0.0	0.0	1	1.035948631954636	5.831031594826961	230.0	15	1.05	0.95				
	120	1	50.84215736140351	10.327313214035087	0.0	0.0	1	1.035519683276726	3.1872672402121602	230.0	15	1.05	0.95				
	121	2	0.0	0.0	0.0	0.0	1	1.043034275554694	16.634199196030195	230.0	17	1.05	0.95				
	122	2	0.0	0.0	0.0	0.0	1	1.05	34.59731339658606	230.0	17	1.05	0.95				
	123	2	0.0	0.0	0.0	0.0	1	1.036170990661658	2.0331336966164746	230.0	15	1.05	0.95				
	124	1	0.0	0.0	0.0	0.0	1	1.02486791539139	7.182257193335596	230.0	16	1.05	0.95				
	201	2	41.615614686315794	8.477254843508772	0.0	0.0	2	1.013079401930348	-13.745160587602072	138.0	21	1.05	0.95				
	202	2	37.3769872645614	7.706595312280702	0.0	0.0	2	1.0123338610010337	-14.006609601589107	138.0	22	1.05	0.95				
	203	1	69.35935781052632	14.257201327719299	0.0	0.0	2	1.0122803704846557	-10.580367905964737	138.0	21	1.05	0.95				
	204	1	28.514402655438598	5.779946484210527	0.0	0.0	2	1.0120628283662993	-13.592234170766499	138.0	21	1.05	0.95				
	205	1	27.35841335859649	5.394616718596492	0.0	0.0	2	1.0268934921684423	-13.952275390554952	138.0	21	1.05	0.95				
	206	1	52.40484812350877	10.789233437192983	0.0	-100.0	2	1.0427704044483477	-14.561535335149403	138.0	22	1.05	0.95				
	207	2	48.16622070175438	9.633244140350877	0.0	0.0	2	0.9966587342299317	-19.15282629906429	138.0	22	1.05	0.95				
	208	1	65.89138992	13.486541796491228	0.0	0.0	2	1.0026674553958517	-17.435402480575025	138.0	22	1.05	0.95				
	209	1	67.43270898245615	13.871871562105262	0.0	0.0	2	1.0227305293038127	-11.653395453783592	138.0	23	1.05	0.95				
	210	1	75.13930429473685	15.413190624561404	0.0	0.0	2	1.05	-12.917408237992607	138.0	23	1.05	0.95				
	211	1	0.0	0.0	0.0	0.0	2	1.0026436313295968	-9.581906708689745	230.0	23	1.05	0.95				
	212	1	0.0	0.0	0.0	0.0	2	1.0100127718694012	-6.477744246642402	230.0	23	1.05	0.95				
	213	2	102.11238788771931	20.807807343157897	0.0	0.0	2	0.9964944873679228	-8.242254897698647	230.0	24	1.05	0.95				
	214	2	74.7539745291228	15.02786085894737	0.0	0.0	2	0.9995287213083354	-7.906564498038026	230.0	26	1.05	0.95				
	215	2	122.14953569964912	24.661104999298246	0.0	0.0	2	1.019775388566219	-2.020588074968673	230.0	26	1.05	0.95				
	216	2	38.53297656140351	7.706595312280702	0.0	0.0	2	1.018808000537793	-3.2027153340300436	230.0	26	1.05	0.95				
	217	1	0.0	0.0	0.0	0.0	2	1.02786558331653	-1.073023116362156	230.0	27	1.05	0.95				
	218	2	128.3148119494737	26.202424061754385	0.0	0.0	2	1.0268617496013492	-1.4102742652142022	230.0	27	1.05	0.95				
	219	1	69.74468757614035	14.257201327719299	0.0	0.0	2	1.0167126804373046	-4.40152059868186	230.0	25	1.05	0.95				
	220	1	49.32220999859649	10.018573905964914	0.0	0.0	2	1.017530089528693	-4.676775652510616	230.0	25	1.05	0.95				
	221	2	0.0	0.0	0.0	0.0	2	1.0279837523284343	-0.8178497865863826	230.0	27	1.05	0.95				
	222	2	0.0	0.0	0.0	0.0	2	1.0499997840023005	5.572211321649947	230.0	27	1.05	0.95				
	223	2	0.0	0.0	0.0	0.0	2	1.018326508762736	-4.525653802723337	230.0	25	1.05	0.95				
	224	1	0.0	0.0	0.0	0.0	2	1.0063532195276017	-5.233340181888911	230.0	26	1.05	0.95				
	301	2	64.59158493473684	13.157545079298247	0.0	0.0	3	1.0343515651176183	-10.39212966210156	138.0	31	1.05	0.95				
	302	2	58.01281239508772	11.961404617543861	0.0	0.0	3	1.0297364644199651	-10.743333285787177	138.0	32	1.05	0.95				
	303	1	107.65264155789475	22.12859854245614	0.0	0.0	3	1.05	6.739175341600394	138.0	31	1.05	0.95				
	304	1	44.25719708491228	8.971053463157896	0.0	0.0	3	1.0094863947797124	-8.686245344806933	138.0	31	1.05	0.95				
	305	1	42.462986392280705	8.372983232280703	0.0	0.0	3	1.0303177303566915	-11.408284525562241	138.0	31	1.05	0.95				
	306	1	81.33755139929826	16.745966464561405	0.0	-100.0	3	1.0336477439519205	-12.65654649132463	138.0	32	1.05	0.95				
	307	2	74.75877885964913	14.951755771929825	0.0	0.0	3	0.95	-18.79788740472057	138.0	32	1.05	0.95				
	308	1	102.27000948	20.932458080701753	0.0	0.0	3	0.961488825755492	-15.89967061284675	138.0	32	1.05	0.95				
	309	1	104.66229040350879	21.530528311578948	0.0	0.0	3	1.0139924329100813	-4.483920830143832	138.0	33	1.05	0.95				
	310	1	116.62369502105263	23.922809235087723	0.0	0.0	3	1.0408844740381265	-10.529587681688108	138.0	33	1.05	0.95				
	311	1	0.0	0.0	0.0	0.0	3	1.0041060261058823	-4.5713943799522525	230.0	33	1.05	0.95				
	312	1	0.0	0.0	0.0	0.0	3	1.0057178560221018	-3.8535832431063173	230.0	33	1.05	0.95				
	313	2	158.48861118245614	32.29579246736842	0.0	0.0	3	1.0032770653400456	-2.098495031082217	230.0	34	1.05	0.95				
	314	2	116.02562479017544	23.324739004210528	0.0	0.0	3	1.0089128601453148	-3.717051957652594	230.0	36	1.05	0.95				
	315	2	189.5882631880702	38.27649477614035	0.0	0.0	3	1.045719179429802	1.3631066262732925	230.0	36	1.05	0.95				
	316	2	59.8070230877193	11.961404617543861	0.0	0.0	3	1.0494066844910035	1.017559913851698	230.0	36	1.05	0.95				
	317	1	0.0	0.0	0.0	0.0	3	1.05	5.943114702410177	230.0	37	1.05	0.95				
	318	2	199.15738688210527	40.66877569964913	0.0	0.0	3	1.0400285157143698	3.4189174707361	230.0	37	1.05	0.95				
	319	1	108.25071178877195	22.12859854245614	0.0	0.0	3	1.035456322338199	0.13377962182905673	230.0	35	1.05	0.95				
	320	1	76.5529895522807	15.549826002807018	0.0	0.0	3	1.0281974209023146	0.49621329544341797	230.0	35	1.05	0.95				
	321	2	0.0	0.0	0.0	0.0	3	1.0420697967833712	3.3756465388838865	230.0	37	1.05	0.95				
	322	2	0.0	0.0	0.0	0.0	3	1.0499999983992436	8.721385621031109	230.0	37	1.05	0.95				
	323	2	0.0	0.0	0.0	0.0	3	1.0255742198822146	1.1311380957073407	230.0	35	1.05	0.95				
	324	1	0.0	0.0	0.0	0.0	3	1.0446943068370314	3.422137913055634	230.0	36	1.05	0.95				
	325	1	0.0	0.0	0.0	0.0	3	1.0223293071691	2.430784852063588	230.0	35	1.05	0.95				
];
