%% MATPOWER Case Format : Version 2
function mpc = RTS_GMLC
mpc.version = '2';

%%-----  Power Flow Data  -----%%
%% system MVA base
mpc.baseMVA = 100.0;
%% bus data
%    bus_i    type    Pd    Qd    Gs    Bs    area    Vm    Va    baseKV    zone    Vmax    Vmin
mpc.bus = [
	101	2	38.07521029894737	7.756061357192983	0.0	0.0	1	1.007939957205196	-0.16929593525429498	138.0	11	1.05	0.95				
	102	2	34.19717962035087	7.050964870175439	0.0	0.0	1	1.0060191508746388	-0.7588064166267809	138.0	12	1.05	0.95				
	103	1	63.458683831578945	13.044285009824561	0.0	0.0	1	1.0260918614949486	3.1981186960007233	138.0	11	1.05	0.95				
	104	1	26.088570019649122	5.2882236526315785	0.0	0.0	1	1.0108084869575535	-2.049119625068656	138.0	11	1.05	0.95				
	105	1	25.030925289122802	4.935675409122807	0.0	0.0	1	1.024433302622593	-2.25403735440845	138.0	11	1.05	0.95				
	106	1	47.946561117192985	9.871350818245613	0.0	-100.0	1	1.0416884507563056	-3.914769668516717	138.0	12	1.05	0.95				
	107	2	44.06853043859649	8.813706087719297	0.0	0.0	1	0.9790961506216455	-11.202713213071416	138.0	12	1.05	0.95				
	108	1	60.28574964	12.339188522807016	0.0	0.0	1	0.9925699843723089	-8.525142759291347	138.0	12	1.05	0.95				
	109	1	61.69594261403508	12.691736766315787	0.0	0.0	1	1.024122914962609	-1.616863787970086	138.0	13	1.05	0.95				
	110	1	68.74690748421052	14.101929740350878	0.0	0.0	1	1.05	-3.186022898158173	138.0	13	1.05	0.95				
	111	1	0.0	0.0	0.0	0.0	1	1.0144040608881861	0.9700743874519278	230.0	13	1.05	0.95				
	112	1	0.0	0.0	0.0	0.0	1	1.0120572441932727	-0.5197960344770592	230.0	13	1.05	0.95				
	113	3	93.42528452982455	19.037605149473684	0.0	0.0	1	0.9887807808835332	-3.9898356040457895e-20	230.0	14	1.05	0.95				
	114	2	68.39435924070175	13.749381496842105	0.0	0.0	1	1.0431407912777284	5.100141874992088	230.0	16	1.05	0.95				
	115	2	111.7577931922807	22.5630875845614	0.0	0.0	1	1.0417773417179705	15.39290764263053	230.0	16	1.05	0.95				
	116	2	35.254824350877186	7.050964870175439	0.0	0.0	1	1.0415991042635275	13.219404928983609	230.0	16	1.05	0.95				
	117	1	0.0	0.0	0.0	0.0	1	1.0403617349487497	19.726317764589812	230.0	17	1.05	0.95				
	118	2	117.39856508842104	23.973280558596493	0.0	0.0	1	1.05	20.543445270351846	230.0	17	1.05	0.95				
	119	1	63.81123207508772	13.044285009824561	0.0	0.0	1	1.0394646024918823	8.230650110539727	230.0	15	1.05	0.95				
	120	1	45.1261751691228	9.16625433122807	0.0	0.0	1	1.0453836296966161	4.58581667458468	230.0	15	1.05	0.95				
	121	2	0.0	0.0	0.0	0.0	1	1.0442036704998074	22.212464485069248	230.0	17	1.05	0.95				
	122	2	0.0	0.0	0.0	0.0	1	1.05	40.16567403847466	230.0	17	1.05	0.95				
	123	2	0.0	0.0	0.0	0.0	1	1.05	2.859850164264685	230.0	15	1.05	0.95				
	124	1	0.0	0.0	0.0	0.0	1	1.0205901917944755	10.844993856372193	230.0	16	1.05	0.95				
	201	2	44.38658902736842	9.041712579649124	0.0	0.0	2	1.0168618597801236	-20.041759437277417	138.0	21	1.05	0.95				
	202	2	39.86573273754386	8.21973870877193	0.0	0.0	2	1.0159732653245646	-20.3606670638142	138.0	22	1.05	0.95				
	203	1	73.97764837894736	15.206516611228068	0.0	0.0	2	1.0103785413803206	-14.672424687461941	138.0	21	1.05	0.95				
	204	1	30.413033222456136	6.164804031578948	0.0	0.0	2	1.0121227821523917	-19.966722696985425	138.0	21	1.05	0.95				
	205	1	29.18007241614035	5.753817096140351	0.0	0.0	2	1.0284971030086711	-20.525961916837	138.0	21	1.05	0.95				
	206	1	55.89422321964913	11.507634192280703	0.0	-100.0	2	1.0429051783490928	-21.31625967725986	138.0	22	1.05	0.95				
	207	2	51.37336692982456	10.274673385964912	0.0	0.0	2	0.9983269942523264	-26.235444406297294	138.0	22	1.05	0.95				
	208	1	70.27876596	14.384542740350875	0.0	0.0	2	1.0021440231064225	-24.3662028650468	138.0	22	1.05	0.95				
	209	1	71.92271370175438	14.795529675789473	0.0	0.0	2	1.0208140280280638	-17.936016418176695	138.0	23	1.05	0.95				
	210	1	80.14245241052632	16.43947741754386	0.0	0.0	2	1.05	-19.690761559422292	138.0	23	1.05	0.95				
	211	1	0.0	0.0	0.0	0.0	2	1.0083181560958558	-15.03598428386463	230.0	23	1.05	0.95				
	212	1	0.0	0.0	0.0	0.0	2	1.0038688420864494	-14.481496401324462	230.0	23	1.05	0.95				
	213	2	108.91153789122808	22.19329451368421	0.0	0.0	2	0.9995492763077567	-13.876248306407152	230.0	24	1.05	0.95				
	214	2	79.73146547508772	16.028490482105266	0.0	0.0	2	1.0177810736181747	-12.207072619374468	230.0	26	1.05	0.95				
	215	2	130.28285853403509	26.30316386807018	0.0	0.0	2	1.0280857540028057	-4.669470507315845	230.0	26	1.05	0.95				
	216	2	41.098693543859646	8.21973870877193	0.0	0.0	2	1.029340662074985	-5.661308367445392	230.0	26	1.05	0.95				
	217	1	0.0	0.0	0.0	0.0	2	1.0370819253440393	-3.0287951285742025	230.0	27	1.05	0.95				
	218	2	136.85864950105264	27.947111609824564	0.0	0.0	2	1.0367014883161654	-3.5917371029984917	230.0	27	1.05	0.95				
	219	1	74.38863531438597	15.206516611228068	0.0	0.0	2	1.0210869322425926	-6.2335769167921145	230.0	25	1.05	0.95				
	220	1	52.60632773614036	10.685660321403509	0.0	0.0	2	1.0166265182025007	-5.923555649645373	230.0	25	1.05	0.95				
	221	2	0.0	0.0	0.0	0.0	2	1.0362942376843007	-3.1493363026600516	230.0	27	1.05	0.95				
	222	2	0.0	0.0	0.0	0.0	2	1.05	3.3973700670389535	230.0	27	1.05	0.95				
	223	2	0.0	0.0	0.0	0.0	2	1.0147400582644375	-5.426588846086583	230.0	25	1.05	0.95				
	224	1	0.0	0.0	0.0	0.0	2	1.0091145959994576	-8.387795594773452	230.0	26	1.05	0.95				
	301	2	49.14837075789474	10.011705154385965	0.0	0.0	3	1.0106005495630621	10.27188091111866	138.0	31	1.05	0.95				
	302	2	44.14251818070175	9.101550140350877	0.0	0.0	3	1.0098522099030571	9.930277147455934	138.0	32	1.05	0.95				
	303	1	81.9139512631579	16.83786775964912	0.0	0.0	3	1.05	24.61420920306219	138.0	31	1.05	0.95				
	304	1	33.67573551929824	6.826162605263157	0.0	0.0	3	1.0104196103344665	11.460492736974182	138.0	31	1.05	0.95				
	305	1	32.31050299824561	6.371085098245614	0.0	0.0	3	1.0246027203094268	8.789497386904207	138.0	31	1.05	0.95				
	306	1	61.89054095438596	12.742170196491228	0.0	-100.0	3	1.0399209336874506	7.428514420060707	138.0	32	1.05	0.95				
	307	2	56.88468837719298	11.376937675438596	0.0	0.0	3	0.9890159778302133	3.4469688222114314	138.0	32	1.05	0.95				
	308	1	77.8182537	15.927712745614034	0.0	0.0	3	0.9954181143806354	5.519004813679647	138.0	32	1.05	0.95				
	309	1	79.63856372807018	16.382790252631576	0.0	0.0	3	1.0254589383770745	14.577838941791335	138.0	33	1.05	0.95				
	310	1	88.74011386842105	18.203100280701754	0.0	0.0	3	1.05	8.776159780118254	138.0	33	1.05	0.95				
	311	1	0.0	0.0	0.0	0.0	3	1.0133180025788757	12.871716225597297	230.0	33	1.05	0.95				
	312	1	0.0	0.0	0.0	0.0	3	1.015742292003899	13.108945517213424	230.0	33	1.05	0.95				
	313	2	120.59553935964911	24.57418537894737	0.0	0.0	3	1.0106942640236432	13.599223067108085	230.0	34	1.05	0.95				
	314	2	88.2850363614035	17.74802277368421	0.0	0.0	3	1.0137409897758534	13.519279913876488	230.0	36	1.05	0.95				
	315	2	144.2595697245614	29.124960449122806	0.0	0.0	3	1.0433702176170108	17.467128625071403	230.0	36	1.05	0.95				
	316	2	45.50775070175438	9.101550140350877	0.0	0.0	3	1.0435538683775394	17.115510789295854	230.0	36	1.05	0.95				
	317	1	0.0	0.0	0.0	0.0	3	1.05	21.77196796781549	230.0	37	1.05	0.95				
	318	2	151.5408098368421	30.94527047719298	0.0	0.0	3	1.0413006344506786	18.11196550576679	230.0	37	1.05	0.95				
	319	1	82.36902877017543	16.83786775964912	0.0	0.0	3	1.0325180957741202	15.758127747066178	230.0	35	1.05	0.95				
	320	1	58.24992089824561	11.832015182456141	0.0	0.0	3	1.0263496301141946	15.439584948191694	230.0	35	1.05	0.95				
	321	2	0.0	0.0	0.0	0.0	3	1.0452450122344583	18.568052075788945	230.0	37	1.05	0.95				
	322	2	0.0	0.0	0.0	0.0	3	1.05	24.168187531637443	230.0	37	1.05	0.95				
	323	2	0.0	0.0	0.0	0.0	3	1.0235935578963802	15.615621568788939	230.0	35	1.05	0.95				
	324	1	0.0	0.0	0.0	0.0	3	1.0432492044481905	20.20287471612688	230.0	36	1.05	0.95				
	325	1	0.0	0.0	0.0	0.0	3	1.024511408391875	16.18528740538486	230.0	35	1.05	0.95				
];
