%% MATPOWER Case Format : Version 2
function mpc = RTS_GMLC
mpc.version = '2';

%%-----  Power Flow Data  -----%%
%% system MVA base
mpc.baseMVA = 100.0;
%% bus data
%    bus_i    type    Pd    Qd    Gs    Bs    area    Vm    Va    baseKV    zone    Vmax    Vmin
mpc.bus = [
	101	2	42.25680356210526	8.607867392280701	0.0	0.0	1	1.0317673401534009	2.924815775502195	138.0	11	1.05	0.95				
	102	2	37.95286986596491	7.825333992982456	0.0	0.0	1	1.0308495761504919	2.659312703676334	138.0	12	1.05	0.95				
	103	1	70.4280059368421	14.47686788701754	0.0	0.0	1	1.030443925913755	1.5281133456429692	138.0	11	1.05	0.95				
	104	1	28.95373577403508	5.869000494736841	0.0	0.0	1	1.0211266351797044	-0.3731888326677691	138.0	11	1.05	0.95				
	105	1	27.779935675087714	5.477733795087719	0.0	0.0	1	1.0354748594803818	-0.1717416163273711	138.0	11	1.05	0.95				
	106	1	53.2122711522807	10.955467590175438	0.0	-100.0	1	1.0459478817386063	-2.349503018578554	138.0	12	1.05	0.95				
	107	2	48.908337456140345	9.781667491228069	0.0	0.0	1	0.9998877691282936	-7.868099669770654	138.0	12	1.05	0.95				
	108	1	66.90660564	13.694334487719296	0.0	0.0	1	1.0051643351391828	-6.454091876368943	138.0	12	1.05	0.95				
	109	1	68.47167243859649	14.085601187368418	0.0	0.0	1	1.0248204546283266	-1.2602277942688318	138.0	13	1.05	0.95				
	110	1	76.29700643157894	15.650667985964912	0.0	0.0	1	1.05	-2.070957997866779	138.0	13	1.05	0.95				
	111	1	0.0	0.0	0.0	0.0	1	1.0033396229998282	0.37715248907496246	230.0	13	1.05	0.95				
	112	1	0.0	0.0	0.0	0.0	1	1.0082004535430502	0.44154463475131095	230.0	13	1.05	0.95				
	113	3	103.68567540701751	21.12840178105263	0.0	0.0	1	0.9937663259802038	1.074243817771908e-29	230.0	14	1.05	0.95				
	114	2	75.90573973192981	15.259401286315788	0.0	0.0	1	1.001405573795736	2.875456849746624	230.0	16	1.05	0.95				
	115	2	124.0315437887719	25.041068777543856	0.0	0.0	1	1.039704968816882	8.954040946351054	230.0	16	1.05	0.95				
	116	2	39.126669964912274	7.825333992982456	0.0	0.0	1	1.036317706331497	8.600281535326365	230.0	16	1.05	0.95				
	117	1	0.0	0.0	0.0	0.0	1	1.042011493741096	11.588637031158965	230.0	17	1.05	0.95				
	118	2	130.2918109831579	26.60613557614035	0.0	0.0	1	1.0470358834782658	11.376211346919835	230.0	17	1.05	0.95				
	119	1	70.81927263649122	14.47686788701754	0.0	0.0	1	1.0287036389667743	7.019260203766364	230.0	15	1.05	0.95				
	120	1	50.08213755508771	10.172934190877193	0.0	0.0	1	1.024948004775829	6.3939363209173266	230.0	15	1.05	0.95				
	121	2	0.0	0.0	0.0	0.0	1	1.05	12.094355450415792	230.0	17	1.05	0.95				
	122	2	0.0	0.0	0.0	0.0	1	1.05	25.31095594980835	230.0	17	1.05	0.95				
	123	2	0.0	0.0	0.0	0.0	1	1.023214766426983	6.352702804468471	230.0	15	1.05	0.95				
	124	1	0.0	0.0	0.0	0.0	1	1.0266103460473557	6.174259162147323	230.0	16	1.05	0.95				
	201	2	43.213599890526325	8.802770348070176	0.0	0.0	2	1.0250106993183508	-7.843677507345052	138.0	21	1.05	0.95				
	202	2	38.812214716491226	8.002518498245614	0.0	0.0	2	1.026007978922715	-7.647333294197885	138.0	22	1.05	0.95				
	203	1	72.02266648421053	14.804659221754388	0.0	0.0	2	1.0176922561792197	-7.270126811282151	138.0	21	1.05	0.95				
	204	1	29.609318443508776	6.00188887368421	0.0	0.0	2	1.0180578318222853	-9.497537772963103	138.0	21	1.05	0.95				
	205	1	28.408940668771933	5.601762948771931	0.0	0.0	2	1.0326030628570806	-9.744030179841554	138.0	21	1.05	0.95				
	206	1	54.41712578807019	11.203525897543862	0.0	-100.0	2	1.0451411353309867	-11.165578487384487	138.0	22	1.05	0.95				
	207	2	50.01574061403509	10.003148122807017	0.0	0.0	2	0.9910014768439344	-16.985753770643463	138.0	22	1.05	0.95				
	208	1	68.42153316000001	14.004407371929824	0.0	0.0	2	0.9988089454127617	-15.208160501947653	138.0	22	1.05	0.95				
	209	1	70.02203685964913	14.404533296842107	0.0	0.0	2	1.0226961293382972	-9.364142214757207	138.0	23	1.05	0.95				
	210	1	78.02455535789474	16.005036996491228	0.0	0.0	2	1.05	-10.383095952639918	138.0	23	1.05	0.95				
	211	1	0.0	0.0	0.0	0.0	2	1.0036559738089224	-6.982720494235765	230.0	23	1.05	0.95				
	212	1	0.0	0.0	0.0	0.0	2	1.008809126166914	-6.572408207190734	230.0	23	1.05	0.95				
	213	2	106.03337010175437	21.606799945263162	0.0	0.0	2	0.996933551463171	-6.239652851295672	230.0	24	1.05	0.95				
	214	2	77.62442943298245	15.604911071578947	0.0	0.0	2	1.0027317135897866	-4.613364872484851	230.0	26	1.05	0.95				
	215	2	126.83991819719299	25.60805919438597	0.0	0.0	2	1.0232119573365306	1.4040650993460122	230.0	26	1.05	0.95				
	216	2	40.01259249122807	8.002518498245614	0.0	0.0	2	1.025027341158736	1.1212218997990708	230.0	26	1.05	0.95				
	217	1	0.0	0.0	0.0	0.0	2	1.0302019648796306	3.486469912120568	230.0	27	1.05	0.95				
	218	2	133.24193299578948	27.208562894035094	0.0	0.0	2	1.030365963614312	3.3578353650019674	230.0	27	1.05	0.95				
	219	1	72.42279240912282	14.804659221754388	0.0	0.0	2	1.0260834864654063	0.1935535629932918	230.0	25	1.05	0.95				
	220	1	51.21611838877194	10.403274047719298	0.0	0.0	2	1.0296392938004444	0.1721993964972448	230.0	25	1.05	0.95				
	221	2	0.0	0.0	0.0	0.0	2	1.0312447351289353	3.4945981177610923	230.0	27	1.05	0.95				
	222	2	0.0	0.0	0.0	0.0	2	1.05	9.984747992314992	230.0	27	1.05	0.95				
	223	2	0.0	0.0	0.0	0.0	2	1.0320054380252532	0.46571610314773443	230.0	25	1.05	0.95				
	224	1	0.0	0.0	0.0	0.0	2	1.010370482542996	-1.8588155090138576	230.0	26	1.05	0.95				
	301	2	51.89876621052632	10.571970894736841	0.0	0.0	3	1.00635079304058	-28.05253134689618	138.0	31	1.05	0.95				
	302	2	46.61278076315789	9.610882631578948	0.0	0.0	3	1.0058001964773196	-28.190758615599943	138.0	32	1.05	0.95				
	303	1	86.49794368421053	17.78013286842105	0.0	0.0	3	1.0271171150278238	-21.539266859402872	138.0	31	1.05	0.95				
	304	1	35.5602657368421	7.20816197368421	0.0	0.0	3	1.0088591226789756	-26.63635279501553	138.0	31	1.05	0.95				
	305	1	34.11863334210526	6.727617842105263	0.0	0.0	3	1.021821301379067	-27.482335998119975	138.0	31	1.05	0.95				
	306	1	65.35400189473684	13.455235684210527	0.0	-100.0	3	1.0383736402552197	-27.72371762094331	138.0	32	1.05	0.95				
	307	2	60.06801644736841	12.013603289473682	0.0	0.0	3	0.9914393298430763	-33.07772611645558	138.0	32	1.05	0.95				
	308	1	82.1730465	16.819044605263155	0.0	0.0	3	0.996590185188323	-30.872771575727747	138.0	32	1.05	0.95				
	309	1	84.09522302631578	17.299588736842104	0.0	0.0	3	1.0269916020053262	-23.403565447454394	138.0	33	1.05	0.95				
	310	1	93.70610565789472	19.221765263157895	0.0	0.0	3	1.05	-25.36695217511003	138.0	33	1.05	0.95				
	311	1	0.0	0.0	0.0	0.0	3	1.0119718876609578	-19.206878356368566	230.0	33	1.05	0.95				
	312	1	0.0	0.0	0.0	0.0	3	1.01525272204264	-18.34685048106388	230.0	33	1.05	0.95				
	313	2	127.34419486842103	25.94938310526316	0.0	0.0	3	1.017123915640909	-15.332279445613276	230.0	34	1.05	0.95				
	314	2	93.22556152631579	18.741221131578946	0.0	0.0	3	1.0156486335753572	-17.372427890014915	230.0	36	1.05	0.95				
	315	2	152.3324897105263	30.75482442105263	0.0	0.0	3	1.038611597078868	-12.865897051247082	230.0	36	1.05	0.95				
	316	2	48.05441315789473	9.610882631578948	0.0	0.0	3	1.0395763367430026	-11.918551241770684	230.0	36	1.05	0.95				
	317	1	0.0	0.0	0.0	0.0	3	1.0428114339214867	-10.29910223257446	230.0	37	1.05	0.95				
	318	2	160.02119581578947	32.67700094736842	0.0	0.0	3	1.0411569058627121	-10.39390204427787	230.0	37	1.05	0.95				
	319	1	86.97848781578946	17.78013286842105	0.0	0.0	3	1.0396677019026597	-12.118192706839356	230.0	35	1.05	0.95				
	320	1	61.50964884210526	12.49414742105263	0.0	0.0	3	1.043132514471514	-11.380140712333246	230.0	35	1.05	0.95				
	321	2	0.0	0.0	0.0	0.0	3	1.0418840342558895	-10.694308553249805	230.0	37	1.05	0.95				
	322	2	0.0	0.0	0.0	0.0	3	1.05	-6.2152712054236385	230.0	37	1.05	0.95				
	323	2	0.0	0.0	0.0	0.0	3	1.0459844282542266	-10.620771162329245	230.0	35	1.05	0.95				
	324	1	0.0	0.0	0.0	0.0	3	1.0233687747722533	-16.108212293741065	230.0	36	1.05	0.95				
	325	1	0.0	0.0	0.0	0.0	3	1.037047457688613	-8.782099638008301	230.0	35	1.05	0.95				
];
