%% MATPOWER Case Format : Version 2
function mpc = RTS_GMLC
mpc.version = '2';

%%-----  Power Flow Data  -----%%
%% system MVA base
mpc.baseMVA = 100.0;
%% bus data
%    bus_i    type    Pd    Qd    Gs    Bs    area    Vm    Va    baseKV    zone    Vmax    Vmin
mpc.bus = [
	101	2	37.220188024421056	7.581890153122807	0.0	0.0	1	1.0317584585026305	4.363050029169478	138.0	11	1.05	0.95				
	102	2	33.42924294785965	6.8926274119298245	0.0	0.0	1	1.0308545523134849	4.0961196848305255	138.0	12	1.05	0.95				
	103	1	62.033646707368426	12.751360712070175	0.0	0.0	1	1.0318228978631327	2.777446867160785	138.0	11	1.05	0.95				
	104	1	25.50272142414035	5.169470558947369	0.0	0.0	1	1.021760919521742	0.8631745658274967	138.0	11	1.05	0.95				
	105	1	24.46882731235088	4.824839188350878	0.0	0.0	1	1.0359196421520207	1.0953256475948063	138.0	11	1.05	0.95				
	106	1	46.86986640112281	9.649678376701756	0.0	-100.0	1	1.0470903545503516	-1.13983543769708	138.0	12	1.05	0.95				
	107	2	43.078921324561406	8.61578426491228	0.0	0.0	1	0.9996486025814864	-7.482180796974546	138.0	12	1.05	0.95				
	108	1	58.931964372	12.062097970877192	0.0	0.0	1	1.0060917510648442	-5.688684290968864	138.0	12	1.05	0.95				
	109	1	60.31048985438596	12.406729341473683	0.0	0.0	1	1.0246144295269588	-0.3760210491490695	138.0	13	1.05	0.95				
	110	1	67.20311726631579	13.785254823859649	0.0	0.0	1	1.05	-1.124208623414399	138.0	13	1.05	0.95				
	111	1	0.0	0.0	0.0	0.0	1	1.0018697439009534	0.9678985718703876	230.0	13	1.05	0.95				
	112	1	0.0	0.0	0.0	0.0	1	1.0073914887332565	0.7283032076385775	230.0	13	1.05	0.95				
	113	3	91.32731320807017	18.610094012210528	0.0	0.0	1	0.9908491519560586	-7.552060579480102e-27	230.0	14	1.05	0.95				
	114	2	66.8584858957193	13.440623453263159	0.0	0.0	1	0.9992957312805701	3.660734215010076	230.0	16	1.05	0.95				
	115	2	109.24814447908773	22.05640771817544	0.0	0.0	1	1.039340592252711	9.898453686055362	230.0	16	1.05	0.95				
	116	2	34.46313705964912	6.8926274119298245	0.0	0.0	1	1.0358106277257004	9.340701166837448	230.0	16	1.05	0.95				
	117	1	0.0	0.0	0.0	0.0	1	1.0418535567522205	12.616721916036433	230.0	17	1.05	0.95				
	118	2	114.76224640863157	23.434933200561407	0.0	0.0	1	1.0471389539601041	12.586749502775168	230.0	17	1.05	0.95				
	119	1	62.37827807796491	12.751360712070175	0.0	0.0	1	1.0272971610064534	7.277444495774861	230.0	15	1.05	0.95				
	120	1	44.11281543635088	8.960415635508772	0.0	0.0	1	1.0226500994277266	6.138241953944319	230.0	15	1.05	0.95				
	121	2	0.0	0.0	0.0	0.0	1	1.05	13.367742665158069	230.0	17	1.05	0.95				
	122	2	0.0	0.0	0.0	0.0	1	1.05	26.107143174080345	230.0	17	1.05	0.95				
	123	2	0.0	0.0	0.0	0.0	1	1.0202566381470393	5.778248529638678	230.0	15	1.05	0.95				
	124	1	0.0	0.0	0.0	0.0	1	1.0272104332167353	7.228325709542141	230.0	16	1.05	0.95				
	201	2	43.893593583157894	8.941287581754386	0.0	0.0	2	1.0223228462162681	-10.182570623785063	138.0	21	1.05	0.95				
	202	2	39.4229497922807	8.12844325614035	0.0	0.0	2	1.022875890489793	-10.113609336875001	138.0	22	1.05	0.95				
	203	1	73.15598930526316	15.037620023859649	0.0	0.0	2	1.0158191956313554	-8.454804296532206	138.0	21	1.05	0.95				
	204	1	30.075240047719298	6.096332442105263	0.0	0.0	2	1.0164148937796862	-11.39362777626981	138.0	21	1.05	0.95				
	205	1	28.855973559298242	5.689910279298246	0.0	0.0	2	1.0312611178192443	-11.715614202216882	138.0	21	1.05	0.95				
	206	1	55.27341414175439	11.379820558596492	0.0	-100.0	2	1.0443990058781438	-12.97370430991919	138.0	22	1.05	0.95				
	207	2	50.80277035087719	10.160554070175438	0.0	0.0	2	0.9928704091848364	-18.619482044875777	138.0	22	1.05	0.95				
	208	1	69.49818984000001	14.224775698245612	0.0	0.0	2	0.999548832206484	-16.79978267727464	138.0	22	1.05	0.95				
	209	1	71.12387849122807	14.63119786105263	0.0	0.0	2	1.0223496994892143	-10.76072899656768	138.0	23	1.05	0.95				
	210	1	79.25232174736841	16.2568865122807	0.0	0.0	2	1.05	-11.958139198263419	138.0	23	1.05	0.95				
	211	1	0.0	0.0	0.0	0.0	2	1.0044792402575817	-8.273752296895728	230.0	23	1.05	0.95				
	212	1	0.0	0.0	0.0	0.0	2	1.0083137851013229	-7.647393638818264	230.0	23	1.05	0.95				
	213	2	107.70187314385964	21.946796791578947	0.0	0.0	2	0.9990632159432428	-7.254521224179676	230.0	24	1.05	0.95				
	214	2	78.8458995845614	15.850464349473684	0.0	0.0	2	1.0039832648369251	-5.9576008274099195	230.0	26	1.05	0.95				
	215	2	128.83582560982455	26.011018419649123	0.0	0.0	2	1.020290486386061	0.012256607714485656	230.0	26	1.05	0.95				
	216	2	40.64221628070175	8.12844325614035	0.0	0.0	2	1.0224728493937554	-0.21991525800257983	230.0	26	1.05	0.95				
	217	1	0.0	0.0	0.0	0.0	2	1.0270500278262666	1.7200383226571165	230.0	27	1.05	0.95				
	218	2	135.33858021473685	27.636707070877193	0.0	0.0	2	1.026412958390839	1.15016621400703	230.0	27	1.05	0.95				
	219	1	73.56241146807018	15.037620023859649	0.0	0.0	2	1.0237851241556613	-0.6893638458453735	230.0	25	1.05	0.95				
	220	1	52.022036839298245	10.566976232982457	0.0	0.0	2	1.0275509154840259	-0.2987541333270915	230.0	25	1.05	0.95				
	221	2	0.0	0.0	0.0	0.0	2	1.0279961111815383	1.5789688808009883	230.0	27	1.05	0.95				
	222	2	0.0	0.0	0.0	0.0	2	1.0499998616443604	8.124390638605032	230.0	27	1.05	0.95				
	223	2	0.0	0.0	0.0	0.0	2	1.0301567687162447	0.2259780082974448	230.0	25	1.05	0.95				
	224	1	0.0	0.0	0.0	0.0	2	1.0080967352114678	-3.175947972741975	230.0	26	1.05	0.95				
	301	2	49.25086999578947	10.032584628771929	0.0	0.0	3	1.0068246403785386	-22.569951347419458	138.0	31	1.05	0.95				
	302	2	44.2345776814035	9.120531480701754	0.0	0.0	3	1.0064657383118616	-22.696822384426113	138.0	32	1.05	0.95				
	303	1	82.08478332631579	16.872983239298243	0.0	0.0	3	1.0271822125831018	-16.368722282939483	138.0	31	1.05	0.95				
	304	1	33.745966478596486	6.840398610526314	0.0	0.0	3	1.0099303840697218	-21.116921546548575	138.0	31	1.05	0.95				
	305	1	32.37788675649122	6.384372036491228	0.0	0.0	3	1.022470294200832	-22.096763991520305	138.0	31	1.05	0.95				
	306	1	62.019614068771936	12.768744072982456	0.0	-100.0	3	1.039270220867207	-22.36789904982205	138.0	32	1.05	0.95				
	307	2	57.00332175438596	11.400664350877191	0.0	0.0	3	0.9924668825938567	-27.260412260293588	138.0	32	1.05	0.95				
	308	1	77.98054416	15.960930091228068	0.0	0.0	3	0.9983231770638042	-25.18917757701141	138.0	32	1.05	0.95				
	309	1	79.80465045614035	16.416956665263154	0.0	0.0	3	1.0274399023070444	-17.965107633490625	138.0	33	1.05	0.95				
	310	1	88.9251819368421	18.241062961403507	0.0	0.0	3	1.05	-20.156087361407774	138.0	33	1.05	0.95				
	311	1	0.0	0.0	0.0	0.0	3	1.0098677569275576	-14.385627687591834	230.0	33	1.05	0.95				
	312	1	0.0	0.0	0.0	0.0	3	1.0138884007895088	-13.565881501907295	230.0	33	1.05	0.95				
	313	2	120.84704211929822	24.625434997894736	0.0	0.0	3	1.0138314102185888	-10.65935059383177	230.0	34	1.05	0.95				
	314	2	88.469155362807	17.785036387368418	0.0	0.0	3	1.0103442122710538	-12.88670128540065	230.0	36	1.05	0.95				
	315	2	144.56042396912278	29.18570073824561	0.0	0.0	3	1.033773520286958	-8.936118335792356	230.0	36	1.05	0.95				
	316	2	45.602657403508765	9.120531480701754	0.0	0.0	3	1.0342343650513364	-8.043968762262738	230.0	36	1.05	0.95				
	317	1	0.0	0.0	0.0	0.0	3	1.038863489306325	-6.439185659588203	230.0	37	1.05	0.95				
	318	2	151.8568491536842	31.009807034385968	0.0	0.0	3	1.036694319201356	-6.821043677177266	230.0	37	1.05	0.95				
	319	1	82.54080990035088	16.872983239298243	0.0	0.0	3	1.0334703883805156	-8.214089835530762	230.0	35	1.05	0.95				
	320	1	58.37140147649122	11.85669092491228	0.0	0.0	3	1.0359485226638474	-7.485605476311488	230.0	35	1.05	0.95				
	321	2	0.0	0.0	0.0	0.0	3	1.0377834801099384	-6.988598264005137	230.0	37	1.05	0.95				
	322	2	0.0	0.0	0.0	0.0	3	1.0499999942652392	-2.46153130164625	230.0	37	1.05	0.95				
	323	2	0.0	0.0	0.0	0.0	3	1.0381615277366378	-6.743395631983993	230.0	35	1.05	0.95				
	324	1	0.0	0.0	0.0	0.0	3	1.021730112569661	-11.726697867253081	230.0	36	1.05	0.95				
	325	1	0.0	0.0	0.0	0.0	3	1.0316540596672144	-5.088876665109854	230.0	35	1.05	0.95				
];
