%% MATPOWER Case Format : Version 2
function mpc = RTS_GMLC
mpc.version = '2';

%%-----  Power Flow Data  -----%%
%% system MVA base
mpc.baseMVA = 100.0;
%% bus data
%    bus_i    type    Pd    Qd    Gs    Bs    area    Vm    Va    baseKV    zone    Vmax    Vmin
mpc.bus = [
	101	2	42.25680356210526	8.607867392280701	0.0	0.0	1	1.0425887985594187	5.205811489361701	138.0	11	1.05	0.95				
	102	2	37.95286986596491	7.825333992982456	0.0	0.0	1	1.0415834464566518	4.911154604715962	138.0	12	1.05	0.95				
	103	1	70.4280059368421	14.47686788701754	0.0	0.0	1	1.0324235516235	2.548710020174998	138.0	11	1.05	0.95				
	104	1	28.95373577403508	5.869000494736841	0.0	0.0	1	1.0266533685615753	1.2686733816693343	138.0	11	1.05	0.95				
	105	1	27.779935675087714	5.477733795087719	0.0	0.0	1	1.0402508308405742	1.3059607287236574	138.0	11	1.05	0.95				
	106	1	53.2122711522807	10.955467590175438	0.0	-100.0	1	1.0478717866716467	-1.3296005048206818	138.0	12	1.05	0.95				
	107	2	48.908337456140345	9.781667491228069	0.0	0.0	1	0.9998999764580285	-8.048695544049995	138.0	12	1.05	0.95				
	108	1	66.90660564	13.694334487719296	0.0	0.0	1	1.0047134718351365	-6.306030755606259	138.0	12	1.05	0.95				
	109	1	68.47167243859649	14.085601187368418	0.0	0.0	1	1.0244491332849819	-0.7154478965608111	138.0	13	1.05	0.95				
	110	1	76.29700643157894	15.650667985964912	0.0	0.0	1	1.05	-1.456537648471062	138.0	13	1.05	0.95				
	111	1	0.0	0.0	0.0	0.0	1	1.0024532702909092	0.6100995948972205	230.0	13	1.05	0.95				
	112	1	0.0	0.0	0.0	0.0	1	1.0069629022915314	0.20745330060948278	230.0	13	1.05	0.95				
	113	3	103.68567540701751	21.12840178105263	0.0	0.0	1	0.9911150943984848	-1.1609164342114463e-29	230.0	14	1.05	0.95				
	114	2	75.90573973192981	15.259401286315788	0.0	0.0	1	1.000468441275455	2.963869508093954	230.0	16	1.05	0.95				
	115	2	124.0315437887719	25.041068777543856	0.0	0.0	1	1.0398867268605039	9.646790650064458	230.0	16	1.05	0.95				
	116	2	39.126669964912274	7.825333992982456	0.0	0.0	1	1.034500339622108	8.503060075283004	230.0	16	1.05	0.95				
	117	1	0.0	0.0	0.0	0.0	1	1.0408569316395777	12.65245388538826	230.0	17	1.05	0.95				
	118	2	130.2918109831579	26.60613557614035	0.0	0.0	1	1.0475133388694364	12.9608232436512	230.0	17	1.05	0.95				
	119	1	70.81927263649122	14.47686788701754	0.0	0.0	1	1.0232808777268714	5.899505725377445	230.0	15	1.05	0.95				
	120	1	50.08213755508771	10.172934190877193	0.0	0.0	1	1.017395202850915	4.369913811831824	230.0	15	1.05	0.95				
	121	2	0.0	0.0	0.0	0.0	1	1.05	14.17064451106503	230.0	17	1.05	0.95				
	122	2	0.0	0.0	0.0	0.0	1	1.05	27.090552386003573	230.0	17	1.05	0.95				
	123	2	0.0	0.0	0.0	0.0	1	1.014625810959677	3.830709630446752	230.0	15	1.05	0.95				
	124	1	0.0	0.0	0.0	0.0	1	1.0277949221194864	6.985140486000412	230.0	16	1.05	0.95				
	201	2	39.06563828210526	7.957815205614035	0.0	0.0	2	1.0144580481310197	-11.864490749614752	138.0	21	1.05	0.95				
	202	2	35.08673067929824	7.2343774596491235	0.0	0.0	2	1.0135551029969438	-12.141891206307106	138.0	22	1.05	0.95				
	203	1	65.1093971368421	13.383598300350878	0.0	0.0	2	1.015612660662135	-8.250791656632957	138.0	21	1.05	0.95				
	204	1	26.767196600701755	5.425783094736842	0.0	0.0	2	1.0130538248023708	-11.87675162550806	138.0	21	1.05	0.95				
	205	1	25.682039981754386	5.0640642217543865	0.0	0.0	2	1.0279583676753221	-12.272968866933546	138.0	21	1.05	0.95				
	206	1	49.19376672561404	10.128128443508773	0.0	-100.0	2	1.0437255582651783	-12.97550602795135	138.0	22	1.05	0.95				
	207	2	45.21485912280701	9.042971824561404	0.0	0.0	2	0.9967862492271359	-17.237831459717704	138.0	22	1.05	0.95				
	208	1	61.85392728	12.660160554385962	0.0	0.0	2	1.0036279946966453	-15.64595540411578	138.0	22	1.05	0.95				
	209	1	63.300802771929824	13.021879427368422	0.0	0.0	2	1.0225510600736682	-10.155095575535748	138.0	23	1.05	0.95				
	210	1	70.53518023157895	14.468754919298247	0.0	0.0	2	1.05	-11.515411451331119	138.0	23	1.05	0.95				
	211	1	0.0	0.0	0.0	0.0	2	1.0034753277238353	-7.414761791547011	230.0	23	1.05	0.95				
	212	1	0.0	0.0	0.0	0.0	2	1.0058598604428985	-6.769541364933162	230.0	23	1.05	0.95				
	213	2	95.85550134035088	19.53281914105263	0.0	0.0	2	0.9975351054295373	-6.169915227358956	230.0	24	1.05	0.95				
	214	2	70.17346135859648	14.107036046315791	0.0	0.0	2	1.0034572231115508	-4.94748704539189	230.0	26	1.05	0.95				
	215	2	114.6648827354386	23.150007870877193	0.0	0.0	2	1.0192625737014955	1.0087231198401578	230.0	26	1.05	0.95				
	216	2	36.171887298245615	7.2343774596491235	0.0	0.0	2	1.020051354398464	0.7344408183373	230.0	26	1.05	0.95				
	217	1	0.0	0.0	0.0	0.0	2	1.024777705496618	2.2399365043723716	230.0	27	1.05	0.95				
	218	2	120.45238470315789	24.59688336280702	0.0	0.0	2	1.0242597665611979	1.8738021554282889	230.0	27	1.05	0.95				
	219	1	65.47111600982456	13.383598300350878	0.0	0.0	2	1.0200494939663869	0.5068615440958045	230.0	25	1.05	0.95				
	220	1	46.300015741754386	9.40469069754386	0.0	0.0	2	1.0221512707001743	1.0260582927508262	230.0	25	1.05	0.95				
	221	2	0.0	0.0	0.0	0.0	2	1.0261725467353364	2.385895028876531	230.0	27	1.05	0.95				
	222	2	0.0	0.0	0.0	0.0	2	1.0480018026169136	8.843851725137018	230.0	27	1.05	0.95				
	223	2	0.0	0.0	0.0	0.0	2	1.0236799510335333	1.592494066121438	230.0	25	1.05	0.95				
	224	1	0.0	0.0	0.0	0.0	2	1.0065147067892577	-2.4818766142646003	230.0	26	1.05	0.95				
	301	2	45.78298006736842	9.326162606315789	0.0	0.0	3	1.0061777822423443	-11.352847390000615	138.0	31	1.05	0.95				
	302	2	41.119898764210525	8.478329642105265	0.0	0.0	3	1.0060918331062376	-11.419867048142205	138.0	32	1.05	0.95				
	303	1	76.30496677894737	15.684909837894736	0.0	0.0	3	1.0189117932375822	-7.111859647225863	138.0	31	1.05	0.95				
	304	1	31.369819675789472	6.358747231578947	0.0	0.0	3	1.0099499046616522	-9.76712877387543	138.0	31	1.05	0.95				
	305	1	30.098070229473684	5.934830749473685	0.0	0.0	3	1.0225034728034677	-10.618918800197315	138.0	31	1.05	0.95				
	306	1	57.6526415663158	11.86966149894737	0.0	-100.0	3	1.0400901849864996	-10.713309454414025	138.0	32	1.05	0.95				
	307	2	52.9895602631579	10.59791205263158	0.0	0.0	3	0.9942703943217084	-15.147496936931942	138.0	32	1.05	0.95				
	308	1	72.48971844	14.837076873684211	0.0	0.0	3	1.0006300420841738	-13.2447999119325	138.0	32	1.05	0.95				
	309	1	74.18538436842105	15.260993355789473	0.0	0.0	3	1.0266106978906386	-6.68431989380785	138.0	33	1.05	0.95				
	310	1	82.6637140105263	16.95665928421053	0.0	0.0	3	1.05	-8.521316074539614	138.0	33	1.05	0.95				
	311	1	0.0	0.0	0.0	0.0	3	1.005911394026516	-3.409671116071272	230.0	33	1.05	0.95				
	312	1	0.0	0.0	0.0	0.0	3	1.011060659857505	-2.8065161201250985	230.0	33	1.05	0.95				
	313	2	112.33786775789474	22.89149003368421	0.0	0.0	3	1.0093393676743427	0.09997201594106706	230.0	34	1.05	0.95				
	314	2	82.23979752842105	16.532742802105265	0.0	0.0	3	1.0014191105939503	-2.1617792648002014	230.0	36	1.05	0.95				
	315	2	134.38152482736842	27.13065485473684	0.0	0.0	3	1.0226370896528274	-0.4164218526280837	230.0	36	1.05	0.95				
	316	2	42.39164821052632	8.478329642105265	0.0	0.0	3	1.0221553742844873	0.3881232715163178	230.0	36	1.05	0.95				
	317	1	0.0	0.0	0.0	0.0	3	1.0288056447927376	1.8906197203977904	230.0	37	1.05	0.95				
	318	2	141.16418854105262	28.8263207831579	0.0	0.0	3	1.0264291702821318	1.0018107616705771	230.0	37	1.05	0.95				
	319	1	76.72888326105264	15.684909837894736	0.0	0.0	3	1.0209798458660961	0.7773901093685882	230.0	35	1.05	0.95				
	320	1	54.26130970947368	11.021828534736843	0.0	0.0	3	1.021335511078307	1.3185836628620846	230.0	35	1.05	0.95				
	321	2	0.0	0.0	0.0	0.0	3	1.0273714417806725	1.0979118364452798	230.0	37	1.05	0.95				
	322	2	0.0	0.0	0.0	0.0	3	1.0413737251370172	5.788219137676492	230.0	37	1.05	0.95				
	323	2	0.0	0.0	0.0	0.0	3	1.0219845053184284	1.8589209002806344	230.0	35	1.05	0.95				
	324	1	0.0	0.0	0.0	0.0	3	1.0135728275328864	-2.223518045378781	230.0	36	1.05	0.95				
	325	1	0.0	0.0	0.0	0.0	3	1.0212119095964258	2.914481773277197	230.0	35	1.05	0.95				
];
