%% MATPOWER Case Format : Version 2
function mpc = RTS_GMLC
mpc.version = '2';

%%-----  Power Flow Data  -----%%
%% system MVA base
mpc.baseMVA = 100.0;
%% bus data
%    bus_i    type    Pd    Qd    Gs    Bs    area    Vm    Va    baseKV    zone    Vmax    Vmin
mpc.bus = [
	101	2	36.07125185557896	7.347847600210527	0.0	0.0	1	1.0172192761691454	2.652129869751952	138.0	11	1.05	0.95				
	102	2	32.39732805547369	6.679861454736844	0.0	0.0	1	1.0150048788531203	2.0488699929717407	138.0	12	1.05	0.95				
	103	1	60.118753092631586	12.35774369126316	0.0	0.0	1	1.0307258690492114	3.8904760554462876	138.0	11	1.05	0.95				
	104	1	24.71548738252632	5.009896091052632	0.0	0.0	1	1.0153651468181755	-0.03387873533118578	138.0	11	1.05	0.95				
	105	1	23.71350816431579	4.675903018315791	0.0	0.0	1	1.0291154902527118	0.017153415022544794	138.0	11	1.05	0.95				
	106	1	45.42305789221054	9.351806036631581	0.0	-100.0	1	1.04409923291193	-1.9345786922355421	138.0	12	1.05	0.95				
	107	2	41.749134092105265	8.349826818421054	0.0	0.0	1	0.9843398904283007	-7.260780882546777	138.0	12	1.05	0.95				
	108	1	57.112815438000005	11.689757545789474	0.0	0.0	1	0.9977082323250466	-5.608233714105254	138.0	12	1.05	0.95				
	109	1	58.44878772894737	12.023750618526318	0.0	0.0	1	1.0246598413188586	-0.33431951908541685	138.0	13	1.05	0.95				
	110	1	65.12864918368422	13.359722909473687	0.0	0.0	1	1.05	-1.5484729529212522	138.0	13	1.05	0.95				
	111	1	0.0	0.0	0.0	0.0	1	1.0113811657080365	1.434892842061229	230.0	13	1.05	0.95				
	112	1	0.0	0.0	0.0	0.0	1	1.0084937653216666	0.34288295283248116	230.0	13	1.05	0.95				
	113	3	88.50816427526317	18.03562592778948	0.0	0.0	1	0.9842451631230376	-1.5534940181391842e-30	230.0	14	1.05	0.95				
	114	2	64.79465611094739	13.025729836736843	0.0	0.0	1	1.034975469221805	5.022359074552807	230.0	16	1.05	0.95				
	115	2	105.87580405757895	21.375556655157897	0.0	0.0	1	1.0436296311839321	13.85173028500936	230.0	16	1.05	0.95				
	116	2	33.399307273684215	6.679861454736844	0.0	0.0	1	1.0419390171452545	12.180519660979183	230.0	16	1.05	0.95				
	117	1	0.0	0.0	0.0	0.0	1	1.0415867264098109	17.78977509445316	230.0	17	1.05	0.95				
	118	2	111.21969322136844	22.71152894610527	0.0	0.0	1	1.05	18.225859346620084	230.0	17	1.05	0.95				
	119	1	60.45274616536843	12.35774369126316	0.0	0.0	1	1.0358722151579347	8.224201697493285	230.0	15	1.05	0.95				
	120	1	42.751113310315795	8.683819891157896	0.0	0.0	1	1.035957852250717	5.411608761176624	230.0	15	1.05	0.95				
	121	2	0.0	0.0	0.0	0.0	1	1.0427449132981368	19.503088068201734	230.0	17	1.05	0.95				
	122	2	0.0	0.0	0.0	0.0	1	1.05	37.46861983504533	230.0	17	1.05	0.95				
	123	2	0.0	0.0	0.0	0.0	1	1.0367144193296574	4.118842936418772	230.0	15	1.05	0.95				
	124	1	0.0	0.0	0.0	0.0	1	1.0263183195935344	10.13006672112419	230.0	16	1.05	0.95				
	201	2	41.15661893052632	8.383755708070176	0.0	0.0	2	1.0128118859803523	-12.16519989155051	138.0	21	1.05	0.95				
	202	2	36.96474107649123	7.621596098245615	0.0	0.0	2	1.0120223570198645	-12.446955238209444	138.0	22	1.05	0.95				
	203	1	68.59436488421053	14.099952781754386	0.0	0.0	2	1.0111008411974036	-8.329067082079353	138.0	21	1.05	0.95				
	204	1	28.19990556350877	5.716197073684211	0.0	0.0	2	1.0116459156538609	-12.108871626403129	138.0	21	1.05	0.95				
	205	1	27.056666148771928	5.33511726877193	0.0	0.0	2	1.0268366383067653	-12.52590891640376	138.0	21	1.05	0.95				
	206	1	51.826853468070176	10.67023453754386	0.0	-100.0	2	1.0428034386445681	-13.218673523835225	138.0	22	1.05	0.95				
	207	2	47.63497561403509	9.526995122807017	0.0	0.0	2	0.995887158170561	-17.73820525603495	138.0	22	1.05	0.95				
	208	1	65.16464664	13.337793171929825	0.0	0.0	2	1.0022300350650888	-16.043721592019324	138.0	22	1.05	0.95				
	209	1	66.68896585964913	13.718872976842105	0.0	0.0	2	1.0220316590141327	-10.247262431994482	138.0	23	1.05	0.95				
	210	1	74.31056195789473	15.24319219649123	0.0	0.0	2	1.05	-11.657834454284014	138.0	23	1.05	0.95				
	211	1	0.0	0.0	0.0	0.0	2	1.0055541833751762	-7.384926179223762	230.0	23	1.05	0.95				
	212	1	0.0	0.0	0.0	0.0	2	1.0070713233658872	-6.52215857300451	230.0	23	1.05	0.95				
	213	2	100.98614830175438	20.57830946526316	0.0	0.0	2	1.000843925360656	-5.903275757125513	230.0	24	1.05	0.95				
	214	2	73.92948215298246	14.862112391578949	0.0	0.0	2	1.0072498363648825	-5.002161458160684	230.0	26	1.05	0.95				
	215	2	120.802298157193	24.389107514385966	0.0	0.0	2	1.0205733892110176	0.7031902996693397	230.0	26	1.05	0.95				
	216	2	38.10798049122807	7.621596098245615	0.0	0.0	2	1.0236540790227227	0.6827396818679797	230.0	26	1.05	0.95				
	217	1	0.0	0.0	0.0	0.0	2	1.0308107988966884	2.1464964103525803	230.0	27	1.05	0.95				
	218	2	126.89957503578948	25.913426734035088	0.0	0.0	2	1.0290833759755513	1.694275595287293	230.0	27	1.05	0.95				
	219	1	68.97544468912281	14.099952781754386	0.0	0.0	2	1.023988428153713	0.8686166644238371	230.0	25	1.05	0.95				
	220	1	48.77821502877193	9.908074927719298	0.0	0.0	2	1.0266338068090923	1.777799247933228	230.0	25	1.05	0.95				
	221	2	0.0	0.0	0.0	0.0	2	1.0295798314967382	2.165375886750309	230.0	27	1.05	0.95				
	222	2	0.0	0.0	0.0	0.0	2	1.05	8.650522363873938	230.0	27	1.05	0.95				
	223	2	0.0	0.0	0.0	0.0	2	1.0286774873836109	2.569424120761186	230.0	25	1.05	0.95				
	224	1	0.0	0.0	0.0	0.0	2	1.0058844234820323	-2.680694472931175	230.0	26	1.05	0.95				
	301	2	49.45586839578947	10.074343562105263	0.0	0.0	3	1.0092915191923735	-11.777004494810777	138.0	31	1.05	0.95				
	302	2	44.41869661473684	9.15849414736842	0.0	0.0	3	1.0087450673314338	-11.891618501060904	138.0	32	1.05	0.95				
	303	1	82.42644732631578	16.943214172631578	0.0	0.0	3	1.0251542452714861	-5.953494302211446	138.0	31	1.05	0.95				
	304	1	33.886428345263155	6.868870610526315	0.0	0.0	3	1.010465804804754	-10.314846392017836	138.0	31	1.05	0.95				
	305	1	32.51265422315789	6.410945903157894	0.0	0.0	3	1.023646013345942	-11.16170571801007	138.0	31	1.05	0.95				
	306	1	62.277760202105256	12.821891806315788	0.0	-100.0	3	1.0397590862966695	-11.354951542515561	138.0	32	1.05	0.95				
	307	2	57.24058842105263	11.448117684210525	0.0	0.0	3	0.9945938501129015	-16.37628916773119	138.0	32	1.05	0.95				
	308	1	78.30512496	16.027364757894734	0.0	0.0	3	0.9993066723234115	-14.285359767082063	138.0	32	1.05	0.95				
	309	1	80.13682378947368	16.485289465263158	0.0	0.0	3	1.0266115914793104	-7.153442402757965	138.0	33	1.05	0.95				
	310	1	89.29531793684208	18.31698829473684	0.0	0.0	3	1.05	-9.073737899563113	138.0	33	1.05	0.95				
	311	1	0.0	0.0	0.0	0.0	3	1.010748864544797	-2.9286737409067363	230.0	33	1.05	0.95				
	312	1	0.0	0.0	0.0	0.0	3	1.0104571839410925	-2.5239675507507884	230.0	33	1.05	0.95				
	313	2	121.35004745263156	24.727934197894736	0.0	0.0	3	1.0106897861079067	0.5418266054309647	230.0	34	1.05	0.95				
	314	2	88.83739322947368	17.85906358736842	0.0	0.0	3	1.0177468345879208	-0.7139425854128114	230.0	36	1.05	0.95				
	315	2	145.16213223578947	29.307181271578948	0.0	0.0	3	1.0418103551395088	4.333580795290005	230.0	36	1.05	0.95				
	316	2	45.7924707368421	9.15849414736842	0.0	0.0	3	1.0414009954818388	5.133844296053311	230.0	36	1.05	0.95				
	317	1	0.0	0.0	0.0	0.0	3	1.05	9.392340329838458	230.0	37	1.05	0.95				
	318	2	152.4889275536842	31.138880101052628	0.0	0.0	3	1.0453512286201145	7.260250675611242	230.0	37	1.05	0.95				
	319	1	82.8843720336842	16.943214172631578	0.0	0.0	3	1.0332445906548415	4.057211047770363	230.0	35	1.05	0.95				
	320	1	58.614362543157895	11.906042391578946	0.0	0.0	3	1.0294718909302625	3.994362321824788	230.0	35	1.05	0.95				
	321	2	0.0	0.0	0.0	0.0	3	1.0455963529652383	6.901741901313866	230.0	37	1.05	0.95				
	322	2	0.0	0.0	0.0	0.0	3	1.05	12.221732575148295	230.0	37	1.05	0.95				
	323	2	0.0	0.0	0.0	0.0	3	1.0280685010584665	4.311348014158376	230.0	35	1.05	0.95				
	324	1	0.0	0.0	0.0	0.0	3	1.0227234429880714	0.5039593544246946	230.0	36	1.05	0.95				
	325	1	0.0	0.0	0.0	0.0	3	1.0247601435782694	5.581233463302807	230.0	35	1.05	0.95				
];
