%% MATPOWER Case Format : Version 2
function mpc = RTS_GMLC
mpc.version = '2';

%%-----  Power Flow Data  -----%%
%% system MVA base
mpc.baseMVA = 100.0;
%% bus data
%    bus_i    type    Pd    Qd    Gs    Bs    area    Vm    Va    baseKV    zone    Vmax    Vmin
mpc.bus = [
	101	2	36.71251855578947	7.478476002105264	0.0	0.0	1	1.0051276361270183	-5.467563246551904	138.0	11	1.05	0.95				
	102	2	32.973280554736846	6.798614547368421	0.0	0.0	1	1.0044505988099637	-5.638661584128202	138.0	12	1.05	0.95				
	103	1	61.187530926315794	12.57743691263158	0.0	0.0	1	1.0223563888035625	1.5387054665405002	138.0	11	1.05	0.95				
	104	1	25.15487382526316	5.098960910526316	0.0	0.0	1	1.0094382851133716	-4.82353537845882	138.0	11	1.05	0.95				
	105	1	24.135081643157893	4.759030183157895	0.0	0.0	1	1.0234688132890453	-5.65426002627733	138.0	11	1.05	0.95				
	106	1	46.230578922105266	9.51806036631579	0.0	-100.0	1	1.0421322682484335	-6.1982039177828065	138.0	12	1.05	0.95				
	107	2	42.49134092105263	8.498268184210527	0.0	0.0	1	1.00077294918496	-10.697092948262148	138.0	12	1.05	0.95				
	108	1	58.12815438	11.897575457894737	0.0	0.0	1	1.006367173124865	-8.798192675526957	138.0	12	1.05	0.95				
	109	1	59.48787728947369	12.237506185263157	0.0	0.0	1	1.023003356600801	-2.7452397124003047	138.0	13	1.05	0.95				
	110	1	66.2864918368421	13.597229094736843	0.0	0.0	1	1.05	-4.737625949707716	138.0	13	1.05	0.95				
	111	1	0.0	0.0	0.0	0.0	1	1.0051133757623316	0.3633817234618813	230.0	13	1.05	0.95				
	112	1	0.0	0.0	0.0	0.0	1	1.0079257565452862	-1.0251743615192055	230.0	13	1.05	0.95				
	113	3	90.08164275263158	18.356259277894736	0.0	0.0	1	0.9986152792070498	2.6952769013488416e-29	230.0	14	1.05	0.95				
	114	2	65.94656110947369	13.257298367368422	0.0	0.0	1	1.0109330573765898	4.8848505233300905	230.0	16	1.05	0.95				
	115	2	107.75804057578948	21.755566551578948	0.0	0.0	1	1.0372575461886828	15.264641803848686	230.0	16	1.05	0.95				
	116	2	33.99307273684211	6.798614547368421	0.0	0.0	1	1.0302369647627545	13.261557197803336	230.0	16	1.05	0.95				
	117	1	0.0	0.0	0.0	0.0	1	1.0370646954316165	19.626593145959983	230.0	17	1.05	0.95				
	118	2	113.1969322136842	23.115289461052633	0.0	0.0	1	1.0498785530753556	20.399713128307408	230.0	17	1.05	0.95				
	119	1	61.52746165368421	12.57743691263158	0.0	0.0	1	1.0189107873724177	8.54814701611165	230.0	15	1.05	0.95				
	120	1	43.511133103157896	8.838198911578948	0.0	0.0	1	1.016143733952481	5.0750950616100265	230.0	15	1.05	0.95				
	121	2	0.0	0.0	0.0	0.0	1	1.05	21.973555319252785	230.0	17	1.05	0.95				
	122	2	0.0	0.0	0.0	0.0	1	1.05	39.47320652472137	230.0	17	1.05	0.95				
	123	2	0.0	0.0	0.0	0.0	1	1.0158478635975228	3.427130691018875	230.0	15	1.05	0.95				
	124	1	0.0	0.0	0.0	0.0	1	1.0142685353408696	10.140746634327856	230.0	16	1.05	0.95				
	201	2	38.36864474526316	7.815835040701755	0.0	0.0	2	1.006935282142232	-15.877693580825518	138.0	21	1.05	0.95				
	202	2	34.46072722491228	7.1053045824561405	0.0	0.0	2	1.0056773013811184	-16.167872652573678	138.0	22	1.05	0.95				
	203	1	63.94774124210526	13.14481347754386	0.0	0.0	2	1.015237260253105	-11.946717617716697	138.0	21	1.05	0.95				
	204	1	26.28962695508772	5.328978436842105	0.0	0.0	2	1.0099180787906061	-16.030121925793072	138.0	21	1.05	0.95				
	205	1	25.223831267719294	4.973713207719299	0.0	0.0	2	1.0242069907302482	-16.45572709415861	138.0	21	1.05	0.95				
	206	1	48.31607116070175	9.947426415438597	0.0	-100.0	2	1.041955815657703	-17.246923492457476	138.0	22	1.05	0.95				
	207	2	44.408153640350875	8.881630728070174	0.0	0.0	2	0.9896246137716987	-21.361315510422866	138.0	22	1.05	0.95				
	208	1	60.75035418	12.434283019298244	0.0	0.0	2	0.9998518638802467	-19.833004723858018	138.0	22	1.05	0.95				
	209	1	62.17141509649122	12.78954824842105	0.0	0.0	2	1.0230491578417167	-14.4352369623382	138.0	23	1.05	0.95				
	210	1	69.27671967894736	14.210609164912281	0.0	0.0	2	1.05	-15.880417222689243	138.0	23	1.05	0.95				
	211	1	0.0	0.0	0.0	0.0	2	1.0039760661374892	-11.877192504552088	230.0	23	1.05	0.95				
	212	1	0.0	0.0	0.0	0.0	2	1.013603210174927	-11.435252328898168	230.0	23	1.05	0.95				
	213	2	94.14528571754384	19.18432237263158	0.0	0.0	2	1.003131473820922	-10.88397804433752	230.0	24	1.05	0.95				
	214	2	68.92145444982457	13.855343935789474	0.0	0.0	2	0.9993552302490031	-9.327634811008167	230.0	26	1.05	0.95				
	215	2	112.61907763192983	22.736974663859648	0.0	0.0	2	1.0216282144733435	-2.772655276123051	230.0	26	1.05	0.95				
	216	2	35.5265229122807	7.1053045824561405	0.0	0.0	2	1.0238782375836626	-3.664841584936073	230.0	26	1.05	0.95				
	217	1	0.0	0.0	0.0	0.0	2	1.026754914980013	-1.2420930247120696	230.0	27	1.05	0.95				
	218	2	118.30332129789474	24.158035580350877	0.0	0.0	2	1.0263837699503109	-1.6727253358604988	230.0	27	1.05	0.95				
	219	1	64.30300647122807	13.14481347754386	0.0	0.0	2	1.032964336758926	-4.397436173134277	230.0	25	1.05	0.95				
	220	1	45.473949327719296	9.236895957192983	0.0	0.0	2	1.04287436683928	-4.338287051416154	230.0	25	1.05	0.95				
	221	2	0.0	0.0	0.0	0.0	2	1.028340782206893	-1.238120351075324	230.0	27	1.05	0.95				
	222	2	0.0	0.0	0.0	0.0	2	1.0499993773553147	5.250424499469508	230.0	27	1.05	0.95				
	223	2	0.0	0.0	0.0	0.0	2	1.0485017497023252	-4.043650602092517	230.0	25	1.05	0.95				
	224	1	0.0	0.0	0.0	0.0	2	1.0079236434040042	-6.221110332666072	230.0	26	1.05	0.95				
	301	2	42.28092375157895	8.612780764210527	0.0	0.0	3	1.0192990411898089	12.456348627125125	138.0	31	1.05	0.95				
	302	2	37.97453336947368	7.829800694736844	0.0	0.0	3	1.0176843623988951	12.104520288623023	138.0	32	1.05	0.95				
	303	1	70.46820625263159	14.485131285263158	0.0	0.0	3	1.05	27.104552205156278	138.0	31	1.05	0.95				
	304	1	28.970262570526316	5.872350521052631	0.0	0.0	3	1.0110528127091625	13.273926200891845	138.0	31	1.05	0.95				
	305	1	27.79579246631579	5.48086048631579	0.0	0.0	3	1.0275566596831691	10.781094560380918	138.0	31	1.05	0.95				
	306	1	53.24264472421053	10.96172097263158	0.0	-100.0	3	1.0399259843538515	9.353376749133378	138.0	32	1.05	0.95				
	307	2	48.936254342105265	9.787250868421053	0.0	0.0	3	0.95	6.345358663413399	138.0	32	1.05	0.95				
	308	1	66.94479594	13.702151215789474	0.0	0.0	3	0.9727372821370944	7.9785561855310965	138.0	32	1.05	0.95				
	309	1	68.51075607894738	14.093641250526314	0.0	0.0	3	1.0173540844007516	15.870179951285882	138.0	33	1.05	0.95				
	310	1	76.34055677368421	15.659601389473687	0.0	0.0	3	1.045308070644747	10.355859038511534	138.0	33	1.05	0.95				
	311	1	0.0	0.0	0.0	0.0	3	1.0053416777383193	13.459898627791405	230.0	33	1.05	0.95				
	312	1	0.0	0.0	0.0	0.0	3	1.0107093693127536	13.812348157210877	230.0	33	1.05	0.95				
	313	2	103.74485920526315	21.140461875789477	0.0	0.0	3	1.0047859952364664	13.88519161187657	230.0	34	1.05	0.95				
	314	2	75.94906673894737	15.268111354736844	0.0	0.0	3	1.0003365333263996	13.534304860097073	230.0	36	1.05	0.95				
	315	2	124.10234101157896	25.055362223157896	0.0	0.0	3	1.0480573497316912	16.386697672223132	230.0	36	1.05	0.95				
	316	2	39.14900347368421	7.829800694736844	0.0	0.0	3	1.0314673178228828	15.953942011254204	230.0	36	1.05	0.95				
	317	1	0.0	0.0	0.0	0.0	3	1.05	19.03874942557222	230.0	37	1.05	0.95				
	318	2	130.36618156736844	26.621322362105264	0.0	0.0	3	1.05	16.122024973396563	230.0	37	1.05	0.95				
	319	1	70.85969628736842	14.485131285263158	0.0	0.0	3	1.0241750500440545	15.110077897172935	230.0	35	1.05	0.95				
	320	1	50.11072444631579	10.178740903157896	0.0	0.0	3	1.0203626493866047	15.139572575566545	230.0	35	1.05	0.95				
	321	2	0.0	0.0	0.0	0.0	3	1.05	16.85224497688925	230.0	37	1.05	0.95				
	322	2	0.0	0.0	0.0	0.0	3	1.05	22.058559151842445	230.0	37	1.05	0.95				
	323	2	0.0	0.0	0.0	0.0	3	1.0186686052608118	15.463764791681767	230.0	35	1.05	0.95				
	324	1	0.0	0.0	0.0	0.0	3	1.0454379008313432	20.4829450364812	230.0	36	1.05	0.95				
	325	1	0.0	0.0	0.0	0.0	3	1.020503108008098	16.037135249788133	230.0	35	1.05	0.95				
];
