%% MATPOWER Case Format : Version 2
function mpc = RTS_GMLC
mpc.version = '2';

%%-----  Power Flow Data  -----%%
%% system MVA base
mpc.baseMVA = 100.0;
%% bus data
%    bus_i    type    Pd    Qd    Gs    Bs    area    Vm    Va    baseKV    zone    Vmax    Vmin
mpc.bus = [
	101	2	56.40475013052632	11.489856508070176	0.0	0.0	1	1.0330498373248374	1.2922957703717772	138.0	11	1.05	0.95				
	102	2	50.65982187649123	10.445324098245615	0.0	0.0	1	1.032584418268359	1.1348397417594973	138.0	12	1.05	0.95				
	103	1	94.00791688421053	19.323849581754384	0.0	0.0	1	1.0268352410249477	0.05672337357724696	138.0	11	1.05	0.95				
	104	1	38.64769916350877	7.83399307368421	0.0	0.0	1	1.0197360292714992	-1.9357001554900628	138.0	11	1.05	0.95				
	105	1	37.08090054877193	7.311726868771931	0.0	0.0	1	1.0344376835135787	-1.8166961343465842	138.0	11	1.05	0.95				
	106	1	71.02820386807018	14.623453737543862	0.0	-100.0	1	1.0426755259535643	-4.078154236951671	138.0	12	1.05	0.95				
	107	2	65.28327561403509	13.056655122807017	0.0	0.0	1	1.0157577998451945	-5.802236107495057	138.0	12	1.05	0.95				
	108	1	89.30752104	18.279317171929822	0.0	0.0	1	1.0117857943462973	-6.190709838753629	138.0	12	1.05	0.95				
	109	1	91.39658585964912	18.801583376842103	0.0	0.0	1	1.0253981593817352	-2.3323360397473367	138.0	13	1.05	0.95				
	110	1	101.84190995789473	20.89064819649123	0.0	0.0	1	1.05	-3.3212980201485354	138.0	13	1.05	0.95				
	111	1	0.0	0.0	0.0	0.0	1	1.0068773879850836	-0.32733672128172525	230.0	13	1.05	0.95				
	112	1	0.0	0.0	0.0	0.0	1	1.0109938527671527	0.11713682364471616	230.0	13	1.05	0.95				
	113	3	138.4005443017544	28.20237506526316	0.0	0.0	1	1.0009683178896351	-6.751722221236985e-29	230.0	14	1.05	0.95				
	114	2	101.31964375298246	20.36838199157895	0.0	0.0	1	1.0060302948870403	1.9919928240359295	230.0	16	1.05	0.95				
	115	2	165.558386957193	33.425037114385965	0.0	0.0	1	1.0413506506702424	8.80135386717457	230.0	16	1.05	0.95				
	116	2	52.22662049122807	10.445324098245615	0.0	0.0	1	1.0379883231540357	8.326127647833388	230.0	16	1.05	0.95				
	117	1	0.0	0.0	0.0	0.0	1	1.0434192081130638	10.815809049481455	230.0	17	1.05	0.95				
	118	2	173.91464623578946	35.51410193403509	0.0	0.0	1	1.0464394973607447	10.792449981627394	230.0	17	1.05	0.95				
	119	1	94.53018308912281	19.323849581754384	0.0	0.0	1	1.0315569919231904	7.032386019915232	230.0	15	1.05	0.95				
	120	1	66.85007422877193	13.578921327719298	0.0	0.0	1	1.0301293832403204	6.906859592527865	230.0	15	1.05	0.95				
	121	2	0.0	0.0	0.0	0.0	1	1.05	11.966463687612174	230.0	17	1.05	0.95				
	122	2	0.0	0.0	0.0	0.0	1	1.05	21.087143589590696	230.0	17	1.05	0.95				
	123	2	0.0	0.0	0.0	0.0	1	1.0303091355127185	7.235188679370385	230.0	15	1.05	0.95				
	124	1	0.0	0.0	0.0	0.0	1	1.0248675407052021	5.5425613819687785	230.0	16	1.05	0.95				
	201	2	57.068471595789475	11.625059028771927	0.0	0.0	2	1.0310393674063252	-8.339906344541818	138.0	21	1.05	0.95				
	202	2	51.255942081403504	10.568235480701754	0.0	0.0	2	1.031429018486338	-8.336666840161389	138.0	22	1.05	0.95				
	203	1	95.11411932631579	19.55123563929824	0.0	0.0	2	1.0213983285958677	-7.105971996594085	138.0	21	1.05	0.95				
	204	1	39.10247127859648	7.926176610526314	0.0	0.0	2	1.0184570275269316	-10.482683465355429	138.0	21	1.05	0.95				
	205	1	37.51723595649123	7.397764836491227	0.0	0.0	2	1.0337685877684073	-10.714440056498733	138.0	21	1.05	0.95				
	206	1	71.86400126877193	14.795529672982454	0.0	-100.0	2	1.0426452344356631	-12.54151303767406	138.0	22	1.05	0.95				
	207	2	66.05147175438596	13.210294350877192	0.0	0.0	2	0.9889850466257929	-20.462510791848622	138.0	22	1.05	0.95				
	208	1	90.35841335999999	18.494412091228067	0.0	0.0	2	0.9923154888447748	-17.98396610020897	138.0	22	1.05	0.95				
	209	1	92.47206045614034	19.022823865263156	0.0	0.0	2	1.0236349273053271	-10.087964143699125	138.0	23	1.05	0.95				
	210	1	103.0402959368421	21.136470961403507	0.0	0.0	2	1.05	-11.446310423645835	138.0	23	1.05	0.95				
	211	1	0.0	0.0	0.0	0.0	2	1.0108332976044854	-7.040663739147784	230.0	23	1.05	0.95				
	212	1	0.0	0.0	0.0	0.0	2	1.0118436790363892	-6.298287108986728	230.0	23	1.05	0.95				
	213	2	140.02912011929823	28.534235797894738	0.0	0.0	2	1.007875032204475	-5.93696573774129	230.0	24	1.05	0.95				
	214	2	102.51188416280701	20.60805918736842	0.0	0.0	2	1.016125708463212	-4.224765673781582	230.0	26	1.05	0.95				
	215	2	167.5065323691228	33.81835353824561	0.0	0.0	2	1.032671687035926	2.9838106254057877	230.0	26	1.05	0.95				
	216	2	52.841177403508766	10.568235480701754	0.0	0.0	2	1.0347490364418988	2.960256565330672	230.0	26	1.05	0.95				
	217	1	0.0	0.0	0.0	0.0	2	1.0391713979087875	5.902509673875503	230.0	27	1.05	0.95				
	218	2	175.96112075368418	35.932000634385965	0.0	0.0	2	1.0407734096447134	6.371488694269475	230.0	27	1.05	0.95				
	219	1	95.64253110035087	19.55123563929824	0.0	0.0	2	1.0337381494774662	2.2428298890658906	230.0	25	1.05	0.95				
	220	1	67.63670707649122	13.738706124912278	0.0	0.0	2	1.0368874830302381	2.632201587463805	230.0	25	1.05	0.95				
	221	2	0.0	0.0	0.0	0.0	2	1.0403829984565176	5.999788564288731	230.0	27	1.05	0.95				
	222	2	0.0	0.0	0.0	0.0	2	1.05	12.464238441014114	230.0	27	1.05	0.95				
	223	2	0.0	0.0	0.0	0.0	2	1.0397015023609397	3.2398821575162344	230.0	25	1.05	0.95				
	224	1	0.0	0.0	0.0	0.0	2	1.0159476487936059	-0.7918062870455842	230.0	26	1.05	0.95				
	301	2	58.21955079157895	11.859538124210529	0.0	0.0	3	1.0129705338593475	-13.450532642087648	138.0	31	1.05	0.95				
	302	2	52.289781729473695	10.781398294736844	0.0	0.0	3	1.0118621735558135	-13.675750374363128	138.0	32	1.05	0.95				
	303	1	97.0325846526316	19.94558684526316	0.0	0.0	3	1.0437464255527995	-2.5515494500558225	138.0	31	1.05	0.95				
	304	1	39.89117369052632	8.086048721052633	0.0	0.0	3	1.011774656623164	-11.585491652456447	138.0	31	1.05	0.95				
	305	1	38.27396394631579	7.546978806315792	0.0	0.0	3	1.0246354794888084	-13.755664418137458	138.0	31	1.05	0.95				
	306	1	73.31350840421054	15.093957612631584	0.0	-100.0	3	1.0381812095666128	-14.527652486060797	138.0	32	1.05	0.95				
	307	2	67.38373934210527	13.476747868421054	0.0	0.0	3	0.9927447522072147	-19.894780252867555	138.0	32	1.05	0.95				
	308	1	92.18095542	18.867447015789477	0.0	0.0	3	0.9951623679887558	-17.368020432862167	138.0	32	1.05	0.95				
	309	1	94.33723507894737	19.40651693052632	0.0	0.0	3	1.0303176288713363	-7.694591738137126	138.0	33	1.05	0.95				
	310	1	105.11863337368423	21.562796589473688	0.0	0.0	3	1.05	-12.33055484094891	138.0	33	1.05	0.95				
	311	1	0.0	0.0	0.0	0.0	3	1.0140127661157223	-6.297425037121912	230.0	33	1.05	0.95				
	312	1	0.0	0.0	0.0	0.0	3	1.0159913799122668	-5.792519615692989	230.0	33	1.05	0.95				
	313	2	142.85352740526318	29.109775395789477	0.0	0.0	3	1.0145088278821	-3.395776979614977	230.0	34	1.05	0.95				
	314	2	104.57956345894739	21.023726674736846	0.0	0.0	3	1.0171865743249175	-5.039975951684192	230.0	36	1.05	0.95				
	315	2	170.88516297157895	34.5004745431579	0.0	0.0	3	1.040787394824275	-0.5763834541189035	230.0	36	1.05	0.95				
	316	2	53.906991473684215	10.781398294736844	0.0	0.0	3	1.0396864113039397	-0.01097029025090009	230.0	36	1.05	0.95				
	317	1	0.0	0.0	0.0	0.0	3	1.045461840240911	2.2534286897566926	230.0	37	1.05	0.95				
	318	2	179.51028160736846	36.65675420210527	0.0	0.0	3	1.0425259600503303	1.2073947276583392	230.0	37	1.05	0.95				
	319	1	97.57165456736844	19.94558684526316	0.0	0.0	3	1.0333432913336227	-1.187378050790673	230.0	35	1.05	0.95				
	320	1	69.0009490863158	14.015817783157896	0.0	0.0	3	1.0321202928936273	-1.1816625252607214	230.0	35	1.05	0.95				
	321	2	0.0	0.0	0.0	0.0	3	1.0432922419416863	1.2121442336005757	230.0	37	1.05	0.95				
	322	2	0.0	0.0	0.0	0.0	3	1.05	5.9513252629209346	230.0	37	1.05	0.95				
	323	2	0.0	0.0	0.0	0.0	3	1.0325059456275598	-0.7702296182703758	230.0	35	1.05	0.95				
	324	1	0.0	0.0	0.0	0.0	3	1.0367465649757859	-1.3204157283687135	230.0	36	1.05	0.95				
	325	1	0.0	0.0	0.0	0.0	3	1.0306535655083684	0.3046738620336681	230.0	35	1.05	0.95				
];
