%% MATPOWER Case Format : Version 2
function mpc = RTS_GMLC
mpc.version = '2';

%%-----  Power Flow Data  -----%%
%% system MVA base
mpc.baseMVA = 100.0;
%% bus data
%    bus_i    type    Pd    Qd    Gs    Bs    area    Vm    Va    baseKV    zone    Vmax    Vmin
mpc.bus = [
	101	2	60.74666007157896	12.374319644210527	0.0	0.0	1	1.0300548826192	-1.0145284252366293	138.0	11	1.05	0.95				
	102	2	54.55950024947369	11.249381494736843	0.0	0.0	1	1.0293142233426138	-1.2741676047337607	138.0	12	1.05	0.95				
	103	1	101.24443345263158	20.81135576526316	0.0	0.0	1	1.0243312503050497	-0.32206716938413793	138.0	11	1.05	0.95				
	104	1	41.62271153052632	8.437036121052632	0.0	0.0	1	1.0172252211790327	-4.028077321386664	138.0	11	1.05	0.95				
	105	1	39.935304306315786	7.87456704631579	0.0	0.0	1	1.0324183527054387	-4.071910990763203	138.0	11	1.05	0.95				
	106	1	76.49579416421054	15.74913409263158	0.0	-100.0	1	1.0408100140324033	-6.358325010219136	138.0	12	1.05	0.95				
	107	2	70.30863434210526	14.061726868421054	0.0	0.0	1	0.9991371163490224	-14.112861671865577	138.0	12	1.05	0.95				
	108	1	96.18221178	19.686417615789477	0.0	0.0	1	0.9976363333863323	-11.864704468472286	138.0	12	1.05	0.95				
	109	1	98.43208807894737	20.248886690526316	0.0	0.0	1	1.0247025849125748	-3.9906939374253887	138.0	13	1.05	0.95				
	110	1	109.68146957368421	22.498762989473686	0.0	0.0	1	1.05	-5.385970576997644	138.0	13	1.05	0.95				
	111	1	0.0	0.0	0.0	0.0	1	1.012683580054594	-0.7417933714882311	230.0	13	1.05	0.95				
	112	1	0.0	0.0	0.0	0.0	1	1.0146736066277973	-0.9073592962024454	230.0	13	1.05	0.95				
	113	3	149.05430480526317	30.37333003578948	0.0	0.0	1	1.010693257551657	2.9435171475424017e-31	230.0	14	1.05	0.95				
	114	2	109.11900049894739	21.936293914736847	0.0	0.0	1	1.019471047476319	2.5887092360873587	230.0	16	1.05	0.95				
	115	2	178.30269669157897	35.9980207831579	0.0	0.0	1	1.0425147060296849	11.57448662568237	230.0	16	1.05	0.95				
	116	2	56.24690747368422	11.249381494736843	0.0	0.0	1	1.0399331091049004	10.672293119741353	230.0	16	1.05	0.95				
	117	1	0.0	0.0	0.0	0.0	1	1.0416053184924186	15.611927506211813	230.0	17	1.05	0.95				
	118	2	187.30220188736843	38.24789708210527	0.0	0.0	1	1.05	15.732191978209885	230.0	17	1.05	0.95				
	119	1	101.80690252736844	20.81135576526316	0.0	0.0	1	1.0339894681763202	7.792677470280812	230.0	15	1.05	0.95				
	120	1	71.9960415663158	14.624195943157897	0.0	0.0	1	1.0347978816456647	6.355564235344967	230.0	15	1.05	0.95				
	121	2	0.0	0.0	0.0	0.0	1	1.05	17.187104090297552	230.0	17	1.05	0.95				
	122	2	0.0	0.0	0.0	0.0	1	1.05	34.91548451859644	230.0	17	1.05	0.95				
	123	2	0.0	0.0	0.0	0.0	1	1.0364138139071615	5.988035242227338	230.0	15	1.05	0.95				
	124	1	0.0	0.0	0.0	0.0	1	1.0207890898756102	7.148644962323595	230.0	16	1.05	0.95				
	201	2	62.78041868210526	12.788603805614033	0.0	0.0	2	1.028796069250824	-14.76409192133184	138.0	21	1.05	0.95				
	202	2	56.386116779298234	11.626003459649121	0.0	0.0	2	1.0292397872965189	-14.760375918022268	138.0	22	1.05	0.95				
	203	1	104.63403113684208	21.508106400350872	0.0	0.0	2	1.016879728764102	-13.281464441504006	138.0	21	1.05	0.95				
	204	1	43.016212800701744	8.71950259473684	0.0	0.0	2	1.016482821777318	-16.69920885942245	138.0	21	1.05	0.95				
	205	1	41.27231228175438	8.138202421754386	0.0	0.0	2	1.031982739979915	-16.964949964830858	138.0	21	1.05	0.95				
	206	1	79.05682352561402	16.27640484350877	0.0	-100.0	2	1.0406868702328447	-18.73791862966277	138.0	22	1.05	0.95				
	207	2	72.662521622807	14.532504324561401	0.0	0.0	2	0.9878392888786722	-27.41640327659852	138.0	22	1.05	0.95				
	208	1	99.40232957999999	20.34550605438596	0.0	0.0	2	0.9891832757024291	-24.64033258968638	138.0	22	1.05	0.95				
	209	1	101.72753027192982	20.926806227368417	0.0	0.0	2	1.023691592675733	-15.913923571873442	138.0	23	1.05	0.95				
	210	1	113.35353373157892	23.252006919298243	0.0	0.0	2	1.05	-17.34692078880129	138.0	23	1.05	0.95				
	211	1	0.0	0.0	0.0	0.0	2	1.0151268796917392	-12.254484937501449	230.0	23	1.05	0.95				
	212	1	0.0	0.0	0.0	0.0	2	1.0144430956222557	-11.28268732097611	230.0	23	1.05	0.95				
	213	2	154.04454584035085	31.39020934105263	0.0	0.0	2	1.016045703905455	-10.807120835991567	230.0	24	1.05	0.95				
	214	2	112.77223355859647	22.670706746315787	0.0	0.0	2	1.0236351247484414	-9.14877626909797	230.0	26	1.05	0.95				
	215	2	184.27215483543858	37.20321107087719	0.0	0.0	2	1.0377519682082577	-0.9684527511273494	230.0	26	1.05	0.95				
	216	2	58.130017298245605	11.626003459649121	0.0	0.0	2	1.04018262043695	-1.2307665748758678	230.0	26	1.05	0.95				
	217	1	0.0	0.0	0.0	0.0	2	1.0425849603031816	1.8795149743898554	230.0	27	1.05	0.95				
	218	2	193.57295760315787	39.52841176280701	0.0	0.0	2	1.0434804624719425	1.9427428157595903	230.0	27	1.05	0.95				
	219	1	105.21533130982455	21.508106400350872	0.0	0.0	2	1.0403841025038953	-1.6630910664681693	230.0	25	1.05	0.95				
	220	1	74.40642214175438	15.113804497543859	0.0	0.0	2	1.0451304689655525	-0.941072242451874	230.0	25	1.05	0.95				
	221	2	0.0	0.0	0.0	0.0	2	1.0434138237127488	1.7438718284817316	230.0	27	1.05	0.95				
	222	2	0.0	0.0	0.0	0.0	2	1.05	8.303047066610246	230.0	27	1.05	0.95				
	223	2	0.0	0.0	0.0	0.0	2	1.0491537283848915	-0.1214605920169233	230.0	25	1.05	0.95				
	224	1	0.0	0.0	0.0	0.0	2	1.0145331221752696	-5.537950529475583	230.0	26	1.05	0.95				
	301	2	53.82916798736842	10.965200886315788	0.0	0.0	3	1.0134725099450372	-2.697455276855525	138.0	31	1.05	0.95				
	302	2	48.34656754421052	9.968364442105264	0.0	0.0	3	1.0120222019530198	-3.050430508034198	138.0	32	1.05	0.95				
	303	1	89.71527997894736	18.441474217894736	0.0	0.0	3	1.05	12.111690455355104	138.0	31	1.05	0.95				
	304	1	36.88294843578947	7.476273331578947	0.0	0.0	3	1.0100253009648232	-1.5553875527183931	138.0	31	1.05	0.95				
	305	1	35.387693769473685	6.977855109473685	0.0	0.0	3	1.0255097134180065	-3.9549900394342883	138.0	31	1.05	0.95				
	306	1	67.7848782063158	13.95571021894737	0.0	-100.0	3	1.0392748615121832	-5.234139432776534	138.0	32	1.05	0.95				
	307	2	62.302277763157896	12.46045555263158	0.0	0.0	3	0.9890275510737194	-10.066427287043158	138.0	32	1.05	0.95				
	308	1	85.22951597999999	17.44463777368421	0.0	0.0	3	0.9934461788397072	-7.751735693613946	138.0	32	1.05	0.95				
	309	1	87.22318886842105	17.94305599578947	0.0	0.0	3	1.0246372204553247	1.7145300789384408	138.0	33	1.05	0.95				
	310	1	97.19155331052632	19.936728884210527	0.0	0.0	3	1.05	-3.6120684046867537	138.0	33	1.05	0.95				
	311	1	0.0	0.0	0.0	0.0	3	1.01289620580683	0.9175449948882024	230.0	33	1.05	0.95				
	312	1	0.0	0.0	0.0	0.0	3	1.0171578573268136	1.8107544262661623	230.0	33	1.05	0.95				
	313	2	132.08082885789474	26.91458399368421	0.0	0.0	3	1.0152784714491332	3.6659345943217763	230.0	34	1.05	0.95				
	314	2	96.69313508842104	19.438310662105263	0.0	0.0	3	1.0112685961702128	0.459651692776831	230.0	36	1.05	0.95				
	315	2	157.9985764073684	31.89876621473684	0.0	0.0	3	1.0464192260654561	3.1993805542078757	230.0	36	1.05	0.95				
	316	2	49.84182221052632	9.968364442105264	0.0	0.0	3	1.0398469472015386	2.8248860092196195	230.0	36	1.05	0.95				
	317	1	0.0	0.0	0.0	0.0	3	1.048936521573112	5.326431293199663	230.0	37	1.05	0.95				
	318	2	165.97326796105264	33.8924391031579	0.0	0.0	3	1.04727200483879	3.921326374329754	230.0	37	1.05	0.95				
	319	1	90.21369820105264	18.441474217894736	0.0	0.0	3	1.0331744255693258	2.767759262568272	230.0	35	1.05	0.95				
	320	1	63.79753242947368	12.958873774736842	0.0	0.0	3	1.031042860674023	3.677095967910398	230.0	35	1.05	0.95				
	321	2	0.0	0.0	0.0	0.0	3	1.0475294351520654	4.259886776600557	230.0	37	1.05	0.95				
	322	2	0.0	0.0	0.0	0.0	3	1.05	9.02095887308243	230.0	37	1.05	0.95				
	323	2	0.0	0.0	0.0	0.0	3	1.0310110893654931	4.558539846589938	230.0	35	1.05	0.95				
	324	1	0.0	0.0	0.0	0.0	3	1.0449030896938776	6.608280001244814	230.0	36	1.05	0.95				
	325	1	0.0	0.0	0.0	0.0	3	1.0293352805540752	5.626811193160667	230.0	35	1.05	0.95				
];
