%% MATPOWER Case Format : Version 2
function mpc = RTS_GMLC
mpc.version = '2';

%%-----  Power Flow Data  -----%%
%% system MVA base
mpc.baseMVA = 100.0;
%% bus data
%    bus_i    type    Pd    Qd    Gs    Bs    area    Vm    Va    baseKV    zone    Vmax    Vmin
mpc.bus = [
	101	2	36.20484908336842	7.37506185031579	0.0	0.0	1	1.0125458773369544	-0.13486649330496697	138.0	11	1.05	0.95				
	102	2	32.51731815821053	6.704601682105264	0.0	0.0	1	1.0104181807218864	-0.7041957265905251	138.0	12	1.05	0.95				
	103	1	60.341415138947376	12.403513111894737	0.0	0.0	1	1.0285029986636343	2.6013581533369248	138.0	11	1.05	0.95				
	104	1	24.807026223789475	5.028451261578947	0.0	0.0	1	1.013247138739216	-2.004182315931537	138.0	11	1.05	0.95				
	105	1	23.801335971473684	4.693221177473685	0.0	0.0	1	1.0270501114798511	-2.1478904781132635	138.0	11	1.05	0.95				
	106	1	45.59129143831579	9.38644235494737	0.0	-100.0	1	1.043273300875876	-3.7559477194762025	138.0	12	1.05	0.95				
	107	2	41.90376051315789	8.380752102631579	0.0	0.0	1	0.9988500069795845	-10.286751239160987	138.0	12	1.05	0.95				
	108	1	57.32434438200001	11.73305294368421	0.0	0.0	1	1.0051537193361604	-7.950388652884893	138.0	12	1.05	0.95				
	109	1	58.66526471842105	12.068283027789475	0.0	0.0	1	1.0243041892240932	-1.6573877469588278	138.0	13	1.05	0.95				
	110	1	65.36986640052632	13.409203364210528	0.0	0.0	1	1.05	-3.0747594819705903	138.0	13	1.05	0.95				
	111	1	0.0	0.0	0.0	0.0	1	1.0055660872525163	0.7068285241418472	230.0	13	1.05	0.95				
	112	1	0.0	0.0	0.0	0.0	1	1.0097207684278138	-0.5447444108340909	230.0	13	1.05	0.95				
	113	3	88.83597228789473	18.10242454168421	0.0	0.0	1	0.9965413008920839	-1.034253933774317e-28	230.0	14	1.05	0.95				
	114	2	65.03463631642106	13.073973280105264	0.0	0.0	1	1.0095192531826984	4.49621470096287	230.0	16	1.05	0.95				
	115	2	106.26793666136842	21.454725382736843	0.0	0.0	1	1.0416781590793849	13.560999449231662	230.0	16	1.05	0.95				
	116	2	33.523008410526316	6.704601682105264	0.0	0.0	1	1.0346850249530937	11.746671218119957	230.0	16	1.05	0.95				
	117	1	0.0	0.0	0.0	0.0	1	1.0396784389314822	17.490711515669645	230.0	17	1.05	0.95				
	118	2	111.63161800705264	22.795645719157896	0.0	0.0	1	1.05	18.118764710328218	230.0	17	1.05	0.95				
	119	1	60.67664522305264	12.403513111894737	0.0	0.0	1	1.0244288639560475	7.402724077858148	230.0	15	1.05	0.95				
	120	1	42.909450765473686	8.715982186736843	0.0	0.0	1	1.0217166735105787	4.243023125264215	230.0	15	1.05	0.95				
	121	2	0.0	0.0	0.0	0.0	1	1.05	19.533218535660517	230.0	17	1.05	0.95				
	122	2	0.0	0.0	0.0	0.0	1	1.05	36.01753363424804	230.0	17	1.05	0.95				
	123	2	0.0	0.0	0.0	0.0	1	1.0211930537971325	2.761471075743538	230.0	15	1.05	0.95				
	124	1	0.0	0.0	0.0	0.0	1	1.0230545503416537	9.465641673916458	230.0	16	1.05	0.95				
	201	2	37.92664883368422	7.725798836491229	0.0	0.0	2	1.0132805536365899	-17.20483274912656	138.0	21	1.05	0.95				
	202	2	34.0637494154386	7.023453487719299	0.0	0.0	2	1.0123609586006017	-17.510035554414912	138.0	22	1.05	0.95				
	203	1	63.21108138947369	12.993388952280702	0.0	0.0	2	1.015413754136471	-12.758557743547783	138.0	21	1.05	0.95				
	204	1	25.986777904561404	5.267590115789474	0.0	0.0	2	1.0123875262524995	-17.374919568825092	138.0	21	1.05	0.95				
	205	1	24.93325988140351	4.916417441403509	0.0	0.0	2	1.0275128962101212	-17.841634791335427	138.0	21	1.05	0.95				
	206	1	47.75948371649123	9.832834882807019	0.0	-100.0	2	1.0437005681204414	-18.664568562655376	138.0	22	1.05	0.95				
	207	2	43.896584298245614	8.779316859649123	0.0	0.0	2	0.9954636579024062	-22.763051687153222	138.0	22	1.05	0.95				
	208	1	60.05052732	12.291043603508772	0.0	0.0	2	1.0031160011936817	-21.23002368169392	138.0	22	1.05	0.95				
	209	1	61.455218017543864	12.642216277894738	0.0	0.0	2	1.0218753053319647	-15.799568584330393	138.0	23	1.05	0.95				
	210	1	68.47867150526316	14.046906975438597	0.0	0.0	2	1.05	-17.344678449782986	138.0	23	1.05	0.95				
	211	1	0.0	0.0	0.0	0.0	2	1.0036827805383337	-13.357225060588814	230.0	23	1.05	0.95				
	212	1	0.0	0.0	0.0	0.0	2	1.0070064169958166	-13.139658592113674	230.0	23	1.05	0.95				
	213	2	93.06075871228072	18.96332441684211	0.0	0.0	2	0.9965621071003329	-12.61423569959216	230.0	24	1.05	0.95				
	214	2	68.1274988308772	13.695734301052633	0.0	0.0	2	1.0047009319733509	-10.664582605608807	230.0	26	1.05	0.95				
	215	2	111.32173778035089	22.475051160701756	0.0	0.0	2	1.022279133518445	-3.6717793639688265	230.0	26	1.05	0.95				
	216	2	35.11726743859649	7.023453487719299	0.0	0.0	2	1.022947483064781	-4.753858008496869	230.0	26	1.05	0.95				
	217	1	0.0	0.0	0.0	0.0	2	1.027762736945049	-2.188418948478427	230.0	27	1.05	0.95				
	218	2	116.94050057052634	23.879741858245616	0.0	0.0	2	1.02792155286506	-2.6037204570754553	230.0	27	1.05	0.95				
	219	1	63.562254063859655	12.993388952280702	0.0	0.0	2	1.022341763727568	-5.905668244613678	230.0	25	1.05	0.95				
	220	1	44.95010232140351	9.130489534035089	0.0	0.0	2	1.0240034156361406	-6.212203046388463	230.0	25	1.05	0.95				
	221	2	0.0	0.0	0.0	0.0	2	1.0294523954824155	-2.1602289360740397	230.0	27	1.05	0.95				
	222	2	0.0	0.0	0.0	0.0	2	1.049999993588639	4.319912546514211	230.0	27	1.05	0.95				
	223	2	0.0	0.0	0.0	0.0	2	1.0250809048989615	-6.107668338433676	230.0	25	1.05	0.95				
	224	1	0.0	0.0	0.0	0.0	2	1.0084875490438365	-7.085613173857104	230.0	26	1.05	0.95				
	301	2	42.48592218947368	8.654539705263158	0.0	0.0	3	1.01266571852105	0.478242061043587	138.0	31	1.05	0.95				
	302	2	38.1586523368421	7.867763368421053	0.0	0.0	3	1.0124372270084376	0.32000470242647144	138.0	32	1.05	0.95				
	303	1	70.80987031578947	14.555362231578947	0.0	0.0	3	1.0377866492068777	7.762945856634898	138.0	31	1.05	0.95				
	304	1	29.110724463157894	5.900822526315789	0.0	0.0	3	1.0144764976113876	1.7731730090083853	138.0	31	1.05	0.95				
	305	1	27.930559957894737	5.507434357894738	0.0	0.0	3	1.0265563264897861	0.3310525782646891	138.0	31	1.05	0.95				
	306	1	53.50079090526316	11.014868715789476	0.0	-100.0	3	1.042565259353001	-0.22802366467377722	138.0	32	1.05	0.95				
	307	2	49.17352105263157	9.834704210526315	0.0	0.0	3	0.9768915636716322	-3.8000781543240696	138.0	32	1.05	0.95				
	308	1	67.26937679999999	13.768585894736841	0.0	0.0	3	0.991987325424264	-2.1266131232156473	138.0	32	1.05	0.95				
	309	1	68.84292947368421	14.161974063157896	0.0	0.0	3	1.0281584854824388	4.568771623505527	138.0	33	1.05	0.95				
	310	1	76.71069284210526	15.735526736842106	0.0	0.0	3	1.05	1.4516532134384033	138.0	33	1.05	0.95				
	311	1	0.0	0.0	0.0	0.0	3	1.0066233235686635	5.949917458518366	230.0	33	1.05	0.95				
	312	1	0.0	0.0	0.0	0.0	3	1.0119938516493534	6.503096379582901	230.0	33	1.05	0.95				
	313	2	104.24786463157893	21.24296109473684	0.0	0.0	3	1.0090537610324442	8.9363850190557	230.0	34	1.05	0.95				
	314	2	76.3173046736842	15.342138568421051	0.0	0.0	3	0.9990262038158779	6.407422609349188	230.0	36	1.05	0.95				
	315	2	124.70404938947368	25.176842778947368	0.0	0.0	3	1.0303211656998117	9.127068535327355	230.0	36	1.05	0.95				
	316	2	39.33881684210526	7.867763368421053	0.0	0.0	3	1.0268334261833796	9.37229700282461	230.0	36	1.05	0.95				
	317	1	0.0	0.0	0.0	0.0	3	1.0471731490911362	13.380638315076345	230.0	37	1.05	0.95				
	318	2	130.99826008421053	26.75039545263158	0.0	0.0	3	1.0470645376336851	10.398621529566189	230.0	37	1.05	0.95				
	319	1	71.20325848421054	14.555362231578947	0.0	0.0	3	1.0205343938771918	8.951112236395513	230.0	35	1.05	0.95				
	320	1	50.353685557894735	10.22809237894737	0.0	0.0	3	1.0175486574630004	9.361235875186885	230.0	35	1.05	0.95				
	321	2	0.0	0.0	0.0	0.0	3	1.0425013634226719	10.633378828982016	230.0	37	1.05	0.95				
	322	2	0.0	0.0	0.0	0.0	3	1.05	16.045272308538937	230.0	37	1.05	0.95				
	323	2	0.0	0.0	0.0	0.0	3	1.0164123112704175	9.89851457805239	230.0	35	1.05	0.95				
	324	1	0.0	0.0	0.0	0.0	3	1.0283984929202918	8.60791556360943	230.0	36	1.05	0.95				
	325	1	0.0	0.0	0.0	0.0	3	1.017279406977792	10.738533243943888	230.0	35	1.05	0.95				
];
