%% MATPOWER Case Format : Version 2
function mpc = RTS_GMLC
mpc.version = '2';

%%-----  Power Flow Data  -----%%
%% system MVA base
mpc.baseMVA = 100.0;
%% bus data
%    bus_i    type    Pd    Qd    Gs    Bs    area    Vm    Va    baseKV    zone    Vmax    Vmin
mpc.bus = [
	101	2	35.91093518147368	7.315190499929823	0.0	0.0	1	0.9902120309472572	-5.4245203491653005	138.0	11	1.05	0.95				
	102	2	32.25333993150877	6.650173181754386	0.0	0.0	1	0.9900486070523328	-5.592165657177543	138.0	12	1.05	0.95				
	103	1	59.85155863578947	12.302820386245612	0.0	0.0	1	1.0227308841547873	0.9620841733196226	138.0	11	1.05	0.95				
	104	1	24.605640772491224	4.987629886315789	0.0	0.0	1	1.0043418419045271	-4.879465308887842	138.0	11	1.05	0.95				
	105	1	23.608114795228065	4.6551212272280695	0.0	0.0	1	1.0159477245220447	-5.657845568609246	138.0	11	1.05	0.95				
	106	1	45.22117763592982	9.310242454456139	0.0	-100.0	1	1.038811600352397	-6.221693216722377	138.0	12	1.05	0.95				
	107	2	41.56358238596491	8.312716477192982	0.0	0.0	1	0.9858325020820661	-10.13644090463979	138.0	12	1.05	0.95				
	108	1	56.858980704	11.637803068070173	0.0	0.0	1	0.9987325870376283	-8.499481771881594	138.0	12	1.05	0.95				
	109	1	58.18901534035087	11.970311727157892	0.0	0.0	1	1.0252478124045858	-2.9194489024907244	138.0	13	1.05	0.95				
	110	1	64.83918852210525	13.300346363508773	0.0	0.0	1	1.05	-4.800913844261165	138.0	13	1.05	0.95				
	111	1	0.0	0.0	0.0	0.0	1	1.0164092771798254	0.1042088439197899	230.0	13	1.05	0.95				
	112	1	0.0	0.0	0.0	0.0	1	1.0120515711798983	-1.1518521197272353	230.0	13	1.05	0.95				
	113	3	88.1147946582456	17.95546759073684	0.0	0.0	1	0.993959437539103	2.6798275048625113e-29	230.0	14	1.05	0.95				
	114	2	64.50667986301754	12.96783770442105	0.0	0.0	1	1.0453097164679026	4.077241324206488	230.0	16	1.05	0.95				
	115	2	105.405244930807	21.280554181614033	0.0	0.0	1	1.0422021136036648	13.710576853017693	230.0	16	1.05	0.95				
	116	2	33.25086590877193	6.650173181754386	0.0	0.0	1	1.0426817648561422	11.857895038100956	230.0	16	1.05	0.95				
	117	1	0.0	0.0	0.0	0.0	1	1.041222558705801	17.95885702638861	230.0	17	1.05	0.95				
	118	2	110.72538347621052	22.61058881796491	0.0	0.0	1	1.0499816088739058	18.608596720125657	230.0	17	1.05	0.95				
	119	1	60.18406729487719	12.302820386245612	0.0	0.0	1	1.0389060833635386	7.5089155179089015	230.0	15	1.05	0.95				
	120	1	42.561108363228065	8.645225136280702	0.0	0.0	1	1.0417527175283476	4.364614327840584	230.0	15	1.05	0.95				
	121	2	0.0	0.0	0.0	0.0	1	1.0430483958296788	20.07990289930001	230.0	17	1.05	0.95				
	122	2	0.0	0.0	0.0	0.0	1	1.05	38.042898792378516	230.0	17	1.05	0.95				
	123	2	0.0	0.0	0.0	0.0	1	1.0442237661425697	2.8916794612146406	230.0	15	1.05	0.95				
	124	1	0.0	0.0	0.0	0.0	1	1.0188362621070766	8.972109492846549	230.0	16	1.05	0.95				
	201	2	35.767668816	7.286006610666666	0.0	0.0	2	1.0139359596465798	-14.866918786305652	138.0	21	1.05	0.95				
	202	2	32.12466551066666	6.6236423733333325	0.0	0.0	2	1.0130874558884302	-15.150869142696177	138.0	22	1.05	0.95				
	203	1	59.61278136	12.253738390666665	0.0	0.0	2	1.0135663796937358	-11.186975779674647	138.0	21	1.05	0.95				
	204	1	24.50747678133333	4.967731779999999	0.0	0.0	2	1.0130143023232414	-15.038135534813534	138.0	21	1.05	0.95				
	205	1	23.513930425333328	4.6365496613333335	0.0	0.0	2	1.0281280646468334	-15.428461231507658	138.0	21	1.05	0.95				
	206	1	45.040768138666664	9.273099322666667	0.0	-100.0	2	1.0444546202348803	-16.191086178833004	138.0	22	1.05	0.95				
	207	2	41.397764833333326	8.279552966666666	0.0	0.0	2	0.9970653966945239	-20.05291741623884	138.0	22	1.05	0.95				
	208	1	56.632142292	11.59137415333333	0.0	0.0	2	1.0047667795224868	-18.619650713083967	138.0	22	1.05	0.95				
	209	1	57.956870766666654	11.922556271999998	0.0	0.0	2	1.0216607680443013	-13.562122099086226	138.0	23	1.05	0.95				
	210	1	64.58051314	13.247284746666665	0.0	0.0	2	1.05	-14.920144376542673	138.0	23	1.05	0.95				
	211	1	0.0	0.0	0.0	0.0	2	1.0026837111893938	-11.165678494394069	230.0	23	1.05	0.95				
	212	1	0.0	0.0	0.0	0.0	2	1.0049118246468343	-10.824957625749445	230.0	23	1.05	0.95				
	213	2	87.76326144666665	17.883834408	0.0	0.0	2	0.993810919550787	-10.294045766557078	230.0	24	1.05	0.95				
	214	2	64.24933102133332	12.916102627999997	0.0	0.0	2	1.0037893499569566	-8.717204395542097	230.0	26	1.05	0.95				
	215	2	104.98473161733332	21.195655594666665	0.0	0.0	2	1.0225153222486019	-2.3869848151615645	230.0	26	1.05	0.95				
	216	2	33.11821186666666	6.6236423733333325	0.0	0.0	2	1.023327587631386	-3.2857173986446293	230.0	26	1.05	0.95				
	217	1	0.0	0.0	0.0	0.0	2	1.0322190544177705	-0.9622812111192433	230.0	27	1.05	0.95				
	218	2	110.28364551599998	22.520384069333332	0.0	0.0	2	1.031234355821934	-1.3231792146772943	230.0	27	1.05	0.95				
	219	1	59.94396347866666	12.253738390666665	0.0	0.0	2	1.0204729538685573	-4.040190773000413	230.0	25	1.05	0.95				
	220	1	42.39131118933333	8.610735085333333	0.0	0.0	2	1.019808200460773	-4.0401686842294025	230.0	25	1.05	0.95				
	221	2	0.0	0.0	0.0	0.0	2	1.0314021286477086	-0.8815685287257073	230.0	27	1.05	0.95				
	222	2	0.0	0.0	0.0	0.0	2	1.0499999976975074	5.580979391673506	230.0	27	1.05	0.95				
	223	2	0.0	0.0	0.0	0.0	2	1.0195578638704408	-3.7789959072446986	230.0	25	1.05	0.95				
	224	1	0.0	0.0	0.0	0.0	2	1.0082580344757996	-5.685292860827342	230.0	26	1.05	0.95				
	301	2	37.36096171957895	7.610566276210527	0.0	0.0	3	1.016294387214194	2.611388186219059	138.0	31	1.05	0.95				
	302	2	33.555678581473686	6.9186966147368425	0.0	0.0	3	1.0161117936549224	2.4046439679821283	138.0	32	1.05	0.95				
	303	1	62.26826953263158	12.799588737263157	0.0	0.0	3	1.041812198804774	11.160429427848262	138.0	31	1.05	0.95				
	304	1	25.599177474526314	5.189022461052631	0.0	0.0	3	1.0161765773486187	3.517026419096169	138.0	31	1.05	0.95				
	305	1	24.56137298231579	4.8430876303157895	0.0	0.0	3	1.0291286193142177	2.0100076471591204	138.0	31	1.05	0.95				
	306	1	47.04713698021053	9.686175260631579	0.0	-100.0	3	1.0447649309382403	1.2333872799356036	138.0	32	1.05	0.95				
	307	2	43.241853842105265	8.648370768421053	0.0	0.0	3	0.9729928735738359	-1.6603610253171701	138.0	32	1.05	0.95				
	308	1	59.15485605600001	12.107719075789474	0.0	0.0	3	0.9911197419800954	-0.2555537959706067	138.0	32	1.05	0.95				
	309	1	60.53859537894737	12.453653906526316	0.0	0.0	3	1.0260720249628632	5.853128609924074	138.0	33	1.05	0.95				
	310	1	67.45729199368421	13.837393229473685	0.0	0.0	3	1.05	2.5226288603082963	138.0	33	1.05	0.95				
	311	1	0.0	0.0	0.0	0.0	3	1.0046762792434039	6.260958908375322	230.0	33	1.05	0.95				
	312	1	0.0	0.0	0.0	0.0	3	1.0098377350506196	6.369920199090583	230.0	33	1.05	0.95				
	313	2	91.67273014526316	18.680480859789476	0.0	0.0	3	1.002242199951811	6.855065353628671	230.0	34	1.05	0.95				
	314	2	67.11135716294737	13.491458398736844	0.0	0.0	3	0.9973603280319855	7.965154637252133	230.0	36	1.05	0.95				
	315	2	109.66134134357894	22.139829167157895	0.0	0.0	3	1.029291367132639	12.453503107794806	230.0	36	1.05	0.95				
	316	2	34.59348307368421	6.9186966147368425	0.0	0.0	3	1.025251829609791	12.351802810523573	230.0	36	1.05	0.95				
	317	1	0.0	0.0	0.0	0.0	3	1.0455557565765692	17.3243229524508	230.0	37	1.05	0.95				
	318	2	115.19629863536842	23.523568490105266	0.0	0.0	3	1.0444888664699137	14.148056520072469	230.0	37	1.05	0.95				
	319	1	62.61420436336842	12.799588737263157	0.0	0.0	3	1.0182415912539546	11.082681729186175	230.0	35	1.05	0.95				
	320	1	44.27965833431579	8.994305599157896	0.0	0.0	3	1.0143639656244416	10.658723579995366	230.0	35	1.05	0.95				
	321	2	0.0	0.0	0.0	0.0	3	1.0408887184391549	14.25233591037216	230.0	37	1.05	0.95				
	322	2	0.0	0.0	0.0	0.0	3	1.05	19.786947874500427	230.0	37	1.05	0.95				
	323	2	0.0	0.0	0.0	0.0	3	1.0123883165337015	10.700550093343356	230.0	35	1.05	0.95				
	324	1	0.0	0.0	0.0	0.0	3	1.0293278697715194	11.95274160204024	230.0	36	1.05	0.95				
	325	1	0.0	0.0	0.0	0.0	3	1.0131268342140056	11.515628950467233	230.0	35	1.05	0.95				
];
