%% MATPOWER Case Format : Version 2
function mpc = RTS_GMLC
mpc.version = '2';

%%-----  Power Flow Data  -----%%
%% system MVA base
mpc.baseMVA = 100.0;
%% bus data
%    bus_i    type    Pd    Qd    Gs    Bs    area    Vm    Va    baseKV    zone    Vmax    Vmin
mpc.bus = [
	101	2	44.661553692631585	9.097723900350879	0.0	0.0	1	1.0310250425303764	2.488870802943584	138.0	11	1.05	0.95				
	102	2	40.11269174245614	8.270658091228071	0.0	0.0	1	1.0300954634236001	2.2136632683742703	138.0	12	1.05	0.95				
	103	1	74.43592282105264	15.300717468771929	0.0	0.0	1	1.0300707294620735	1.4890905775650756	138.0	11	1.05	0.95				
	104	1	30.601434937543857	6.202993568421053	0.0	0.0	1	1.0204265012756084	-0.7597861647692764	138.0	11	1.05	0.95				
	105	1	29.36083622385965	5.78946066385965	0.0	0.0	1	1.0348176871362622	-0.6003399929906359	138.0	11	1.05	0.95				
	106	1	56.24047502035088	11.5789213277193	0.0	-100.0	1	1.0451598035102851	-2.79279373814657	138.0	12	1.05	0.95				
	107	2	51.691613070175435	10.338322614035087	0.0	0.0	1	0.9999531008755898	-8.687329885749993	138.0	12	1.05	0.95				
	108	1	70.71412668	14.473651659649123	0.0	0.0	1	1.0042969730251234	-7.119588249550494	138.0	12	1.05	0.95				
	109	1	72.3682582982456	14.887184564210527	0.0	0.0	1	1.0248701096155242	-1.5064262937042285	138.0	13	1.05	0.95				
	110	1	80.63891638947368	16.541316182456143	0.0	0.0	1	1.05	-2.4194602765862965	138.0	13	1.05	0.95				
	111	1	0.0	0.0	0.0	0.0	1	1.0045620566481193	0.3348106793058044	230.0	13	1.05	0.95				
	112	1	0.0	0.0	0.0	0.0	1	1.0090983823253863	0.3692990921558827	230.0	13	1.05	0.95				
	113	3	109.58621970877194	22.330776846315793	0.0	0.0	1	0.995935100311372	2.8028077493342434e-28	230.0	14	1.05	0.95				
	114	2	80.22538348491229	16.12778327789474	0.0	0.0	1	1.0037765694349956	3.042901402500228	230.0	16	1.05	0.95				
	115	2	131.08993074596492	26.466105891929825	0.0	0.0	1	1.040934545934643	9.674945412230857	230.0	16	1.05	0.95				
	116	2	41.35329045614035	8.270658091228071	0.0	0.0	1	1.0379987785177875	9.202290543188186	230.0	16	1.05	0.95				
	117	1	0.0	0.0	0.0	0.0	1	1.0424602111467134	12.436071592894969	230.0	17	1.05	0.95				
	118	2	137.70645721894738	28.12023751017544	0.0	0.0	1	1.0476037972892938	12.239040336899839	230.0	17	1.05	0.95				
	119	1	74.84945572561404	15.300717468771929	0.0	0.0	1	1.0303698198168383	7.4523143431468135	230.0	15	1.05	0.95				
	120	1	52.93221178385965	10.751855518596491	0.0	0.0	1	1.0269633905480016	6.718994810926488	230.0	15	1.05	0.95				
	121	2	0.0	0.0	0.0	0.0	1	1.05	13.026121138060185	230.0	17	1.05	0.95				
	122	2	0.0	0.0	0.0	0.0	1	1.05	27.07533490860429	230.0	17	1.05	0.95				
	123	2	0.0	0.0	0.0	0.0	1	1.0255212331448442	6.6334408946822165	230.0	15	1.05	0.95				
	124	1	0.0	0.0	0.0	0.0	1	1.0264342178012509	6.613928918523322	230.0	16	1.05	0.95				
	201	2	47.65055877473684	9.706595305964912	0.0	0.0	2	1.0246399932495591	-9.359165669774589	138.0	21	1.05	0.95				
	202	2	42.79726112175438	8.824177550877193	0.0	0.0	2	1.025623656884857	-9.175465904237218	138.0	22	1.05	0.95				
	203	1	79.41759795789474	16.324728469122807	0.0	0.0	2	1.017547156009338	-8.17503438438204	138.0	21	1.05	0.95				
	204	1	32.64945693824561	6.618133163157894	0.0	0.0	2	1.0172366281673058	-10.8885809581009	138.0	21	1.05	0.95				
	205	1	31.325830305614033	6.176924285614035	0.0	0.0	2	1.0318818010974486	-11.201703458433759	138.0	21	1.05	0.95				
	206	1	60.004407345964914	12.35384857122807	0.0	-100.0	2	1.043926903742673	-12.626530199946494	138.0	22	1.05	0.95				
	207	2	55.151109692982445	11.03022193859649	0.0	0.0	2	0.9902819779390196	-18.995948488709388	138.0	22	1.05	0.95				
	208	1	75.44671806	15.442310714035084	0.0	0.0	2	0.9967422490375215	-16.996613960803316	138.0	22	1.05	0.95				
	209	1	77.21155357017544	15.883519591578946	0.0	0.0	2	1.0229287690838091	-10.475962002420669	138.0	23	1.05	0.95				
	210	1	86.03573112105263	17.648355101754387	0.0	0.0	2	1.05	-11.652000960855833	138.0	23	1.05	0.95				
	211	1	0.0	0.0	0.0	0.0	2	1.0063240711184616	-7.746651819009662	230.0	23	1.05	0.95				
	212	1	0.0	0.0	0.0	0.0	2	1.0099560673661978	-7.2573675316815365	230.0	23	1.05	0.95				
	213	2	116.92035254912278	23.82527938736842	0.0	0.0	2	1.001075189282093	-6.86400451609423	230.0	24	1.05	0.95				
	214	2	85.59452224350876	17.207146224210526	0.0	0.0	2	1.0080702296244832	-5.098883745240196	230.0	26	1.05	0.95				
	215	2	139.8632141814035	28.237368162807012	0.0	0.0	2	1.0268641666322595	1.5706248784896129	230.0	26	1.05	0.95				
	216	2	44.12088775438596	8.824177550877193	0.0	0.0	2	1.0288436649631403	1.2942085561578534	230.0	26	1.05	0.95				
	217	1	0.0	0.0	0.0	0.0	2	1.033627380072789	4.034544650460648	230.0	27	1.05	0.95				
	218	2	146.92255622210527	30.002203672982457	0.0	0.0	2	1.034471906908533	4.1583751859618445	230.0	27	1.05	0.95				
	219	1	79.85880683543859	16.324728469122807	0.0	0.0	2	1.0292751322930258	0.36376154673526034	230.0	25	1.05	0.95				
	220	1	56.474736325614025	11.47143081614035	0.0	0.0	2	1.0327447802872518	0.41272187266327637	230.0	25	1.05	0.95				
	221	2	0.0	0.0	0.0	0.0	2	1.0348276531338196	4.071292297035327	230.0	27	1.05	0.95				
	222	2	0.0	0.0	0.0	0.0	2	1.05	10.553835284974262	230.0	27	1.05	0.95				
	223	2	0.0	0.0	0.0	0.0	2	1.0352584985429514	0.7731016485209339	230.0	25	1.05	0.95				
	224	1	0.0	0.0	0.0	0.0	2	1.0113487980013167	-2.082674858935357	230.0	26	1.05	0.95				
	301	2	59.500790905263166	12.120531480701755	0.0	0.0	3	1.0077786027961555	-28.383210185163016	138.0	31	1.05	0.95				
	302	2	53.44052516491228	11.018664982456142	0.0	0.0	3	1.007100209629563	-28.550871932658023	138.0	32	1.05	0.95				
	303	1	99.16798484210527	20.384530217543862	0.0	0.0	3	1.0291275478492115	-20.291289940801278	138.0	31	1.05	0.95				
	304	1	40.769060435087724	8.263998736842106	0.0	0.0	3	1.0083422254456558	-26.65752414139903	138.0	31	1.05	0.95				
	305	1	39.116260687719304	7.713065487719299	0.0	0.0	3	1.0215096574553666	-27.839402174988262	138.0	31	1.05	0.95				
	306	1	74.92692188070177	15.426130975438598	0.0	-100.0	3	1.0366059460641526	-28.155657931955208	138.0	32	1.05	0.95				
	307	2	68.86665614035088	13.773331228070177	0.0	0.0	3	0.9913782146628934	-34.320388798696065	138.0	32	1.05	0.95				
	308	1	94.2095856	19.282663719298245	0.0	0.0	3	0.9936114446376239	-31.726311407765124	138.0	32	1.05	0.95				
	309	1	96.41331859649124	19.833596968421052	0.0	0.0	3	1.0282389300257955	-22.86973299891199	138.0	33	1.05	0.95				
	310	1	107.43198357894737	22.037329964912285	0.0	0.0	3	1.05	-25.52579079948052	138.0	33	1.05	0.95				
	311	1	0.0	0.0	0.0	0.0	3	1.0169465148345638	-18.524753166590273	230.0	33	1.05	0.95				
	312	1	0.0	0.0	0.0	0.0	3	1.0177980184477942	-17.828107923404193	230.0	33	1.05	0.95				
	313	2	145.99731101754386	29.750395452631583	0.0	0.0	3	1.0236100315820214	-14.828717684121559	230.0	34	1.05	0.95				
	314	2	106.88105032982456	21.48639671578948	0.0	0.0	3	1.0256840978329023	-16.105657248898243	230.0	36	1.05	0.95				
	315	2	174.64583997192983	35.25972794385965	0.0	0.0	3	1.0452619637465632	-10.34583102982222	230.0	36	1.05	0.95				
	316	2	55.09332491228071	11.018664982456142	0.0	0.0	3	1.0466478813252142	-9.39885277225156	230.0	36	1.05	0.95				
	317	1	0.0	0.0	0.0	0.0	3	1.05	-6.339760037575745	230.0	37	1.05	0.95				
	318	2	183.46077195789476	37.463460940350885	0.0	0.0	3	1.0461861463205395	-7.176057244687048	230.0	37	1.05	0.95				
	319	1	99.71891809122808	20.384530217543862	0.0	0.0	3	1.044805518453224	-10.257483788272644	230.0	35	1.05	0.95				
	320	1	70.5194558877193	14.324264477192983	0.0	0.0	3	1.0474345210634994	-9.97060744712712	230.0	35	1.05	0.95				
	321	2	0.0	0.0	0.0	0.0	3	1.046994966992439	-7.676121515689828	230.0	37	1.05	0.95				
	322	2	0.0	0.0	0.0	0.0	3	1.05	-2.8082050247855435	230.0	37	1.05	0.95				
	323	2	0.0	0.0	0.0	0.0	3	1.05	-9.410281447217058	230.0	35	1.05	0.95				
	324	1	0.0	0.0	0.0	0.0	3	1.026741803254798	-14.049601640815078	230.0	36	1.05	0.95				
	325	1	0.0	0.0	0.0	0.0	3	1.0409236151716843	-7.601328312359514	230.0	35	1.05	0.95				
];
