%% MATPOWER Case Format : Version 2
function mpc = RTS_GMLC
mpc.version = '2';

%%-----  Power Flow Data  -----%%
%% system MVA base
mpc.baseMVA = 100.0;
%% bus data
%    bus_i    type    Pd    Qd    Gs    Bs    area    Vm    Va    baseKV    zone    Vmax    Vmin
mpc.bus = [
	101	2	37.74121721810527	7.6880257296140355	0.0	0.0	1	1.0328604513879556	3.9002188887768234	138.0	11	1.05	0.95				
	102	2	33.89720435329824	6.989114299649122	0.0	0.0	1	1.0319587086814914	3.6424888104596085	138.0	12	1.05	0.95				
	103	1	62.9020286968421	12.929861454350878	0.0	0.0	1	1.0312973613877776	2.083094321466543	138.0	11	1.05	0.95				
	104	1	25.859722908701755	5.241835724736842	0.0	0.0	1	1.0221972537485169	0.46758082958973013	138.0	11	1.05	0.95				
	105	1	24.811355763754385	4.892380009754387	0.0	0.0	1	1.036493973345859	0.7193020904750235	138.0	11	1.05	0.95				
	106	1	47.525977237614036	9.784760019508774	0.0	-100.0	1	1.0472931280368096	-1.471467500840337	138.0	12	1.05	0.95				
	107	2	43.681964372807016	8.736392874561403	0.0	0.0	1	1.0002976485058324	-7.209005660560999	138.0	12	1.05	0.95				
	108	1	59.756927262000005	12.230950024385963	0.0	0.0	1	1.0066067384624462	-5.681093398591338	138.0	12	1.05	0.95				
	109	1	61.15475012192982	12.580405739368421	0.0	0.0	1	1.0245947687609738	-0.7080163688897202	138.0	13	1.05	0.95				
	110	1	68.14386442157895	13.978228599298244	0.0	0.0	1	1.05	-1.4008384927862094	138.0	13	1.05	0.95				
	111	1	0.0	0.0	0.0	0.0	1	1.001458907827792	0.6317172575495901	230.0	13	1.05	0.95				
	112	1	0.0	0.0	0.0	0.0	1	1.006625131468053	0.571350201430612	230.0	13	1.05	0.95				
	113	3	92.60576447035088	18.870608609052635	0.0	0.0	1	0.9901065296643834	1.2439247444656587e-28	230.0	14	1.05	0.95				
	114	2	67.79440870659649	13.62877288431579	0.0	0.0	1	0.9984105305917902	3.003888166477219	230.0	16	1.05	0.95				
	115	2	110.7774616494386	22.365165758877193	0.0	0.0	1	1.0380883428952123	8.716624864056108	230.0	16	1.05	0.95				
	116	2	34.94557149824561	6.989114299649122	0.0	0.0	1	1.0337574749724339	8.287264327117201	230.0	16	1.05	0.95				
	117	1	0.0	0.0	0.0	0.0	1	1.041729535397423	10.984775904385865	230.0	17	1.05	0.95				
	118	2	116.3687530891579	23.762988618807018	0.0	0.0	1	1.046061717099812	11.058681081255614	230.0	17	1.05	0.95				
	119	1	63.25148441182456	12.929861454350878	0.0	0.0	1	1.0255404230680931	6.612696796081461	230.0	15	1.05	0.95				
	120	1	44.73033151775439	9.08584858954386	0.0	0.0	1	1.0208785914222616	5.8274481178882125	230.0	15	1.05	0.95				
	121	2	0.0	0.0	0.0	0.0	1	1.05	11.933097099245627	230.0	17	1.05	0.95				
	122	2	0.0	0.0	0.0	0.0	1	1.05	21.301822920362348	230.0	17	1.05	0.95				
	123	2	0.0	0.0	0.0	0.0	1	1.0184690919738193	5.668292312988063	230.0	15	1.05	0.95				
	124	1	0.0	0.0	0.0	0.0	1	1.0267173109990362	6.228471547032046	230.0	16	1.05	0.95				
	201	2	41.56461515368421	8.46686604982456	0.0	0.0	2	1.0209118257152794	-9.209216738644983	138.0	21	1.05	0.95				
	202	2	37.33118212877192	7.697150954385965	0.0	0.0	2	1.0211243204223175	-9.209065136353836	138.0	22	1.05	0.95				
	203	1	69.27435858947368	14.239729265614034	0.0	0.0	2	1.0160274404999117	-7.4299336820329565	138.0	21	1.05	0.95				
	204	1	28.47945853122807	5.772863215789473	0.0	0.0	2	1.0161281177664507	-10.154957546095268	138.0	21	1.05	0.95				
	205	1	27.32488588807017	5.388005668070176	0.0	0.0	2	1.0308966161046156	-10.456876676454728	138.0	21	1.05	0.95				
	206	1	52.34062648982456	10.776011336140352	0.0	-100.0	2	1.0446981103822215	-11.56126284403534	138.0	22	1.05	0.95				
	207	2	48.10719346491227	9.621438692982455	0.0	0.0	2	0.9944604790538842	-16.746091615245245	138.0	22	1.05	0.95				
	208	1	65.81064065999999	13.470014170175437	0.0	0.0	2	1.001362413649553	-15.03815164517571	138.0	22	1.05	0.95				
	209	1	67.35007085087719	13.854871717894735	0.0	0.0	2	1.0224588539906114	-9.333371583944132	138.0	23	1.05	0.95				
	210	1	75.04722180526315	15.39430190877193	0.0	0.0	2	1.05	-10.477231008762162	138.0	23	1.05	0.95				
	211	1	0.0	0.0	0.0	0.0	2	1.0032963907917072	-6.836281301566195	230.0	23	1.05	0.95				
	212	1	0.0	0.0	0.0	0.0	2	1.0069019145207687	-6.148915614196088	230.0	23	1.05	0.95				
	213	2	101.98725014561403	20.782307576842104	0.0	0.0	2	0.9973033150306299	-5.7118743439412984	230.0	24	1.05	0.95				
	214	2	74.66236425754384	15.00944436105263	0.0	0.0	2	1.0019921092712307	-4.615843833598742	230.0	26	1.05	0.95				
	215	2	121.99984262701753	24.630883054035085	0.0	0.0	2	1.0185407362431307	0.9481835249174708	230.0	26	1.05	0.95				
	216	2	38.48575477192982	7.697150954385965	0.0	0.0	2	1.0202086143895104	0.8550616915525552	230.0	26	1.05	0.95				
	217	1	0.0	0.0	0.0	0.0	2	1.0252350782503612	2.5815384972853006	230.0	27	1.05	0.95				
	218	2	128.15756339052632	26.17031324491228	0.0	0.0	2	1.0245292243898152	2.070425953667709	230.0	27	1.05	0.95				
	219	1	69.65921613719298	14.239729265614034	0.0	0.0	2	1.0211096786061968	0.6237165079415742	230.0	25	1.05	0.95				
	220	1	49.26176610807017	10.006296240701754	0.0	0.0	2	1.0242669580910513	1.1827909271617825	230.0	25	1.05	0.95				
	221	2	0.0	0.0	0.0	0.0	2	1.02617247251418	2.5043192587584184	230.0	27	1.05	0.95				
	222	2	0.0	0.0	0.0	0.0	2	1.0482853231991305	9.046231970396068	230.0	27	1.05	0.95				
	223	2	0.0	0.0	0.0	0.0	2	1.0264934986719532	1.7861802556056388	230.0	25	1.05	0.95				
	224	1	0.0	0.0	0.0	0.0	2	1.0071945710179997	-2.21307980753989	230.0	26	1.05	0.95				
	301	2	45.202151216842104	9.207845618245614	0.0	0.0	3	1.0067151574743656	-18.49387468550419	138.0	31	1.05	0.95				
	302	2	40.5982284077193	8.37076874385965	0.0	0.0	3	1.0066423665787896	-18.597543885758707	138.0	32	1.05	0.95				
	303	1	75.33691869473684	15.48592217614035	0.0	0.0	3	1.0222280573180285	-13.498236371989655	138.0	31	1.05	0.95				
	304	1	30.9718443522807	6.278076557894736	0.0	0.0	3	1.010032454808744	-17.20869445419011	138.0	31	1.05	0.95				
	305	1	29.71622904070175	5.859538120701755	0.0	0.0	3	1.0229142308494108	-17.8846087375201	138.0	31	1.05	0.95				
	306	1	56.92122745824562	11.71907624140351	0.0	-100.0	3	1.0403959801312712	-18.04932901902497	138.0	32	1.05	0.95				
	307	2	52.31730464912281	10.463460929824562	0.0	0.0	3	0.9931500816816545	-22.608508329626197	138.0	32	1.05	0.95				
	308	1	71.57007275999999	14.648845301754385	0.0	0.0	3	0.9999626265507675	-20.734659112830002	138.0	32	1.05	0.95				
	309	1	73.24422650877193	15.067383738947369	0.0	0.0	3	1.0258041132399678	-14.35684638829134	138.0	33	1.05	0.95				
	310	1	81.61499525263157	16.7415374877193	0.0	0.0	3	1.05	-15.92802195253924	138.0	33	1.05	0.95				
	311	1	0.0	0.0	0.0	0.0	3	1.0079227857017106	-10.2831155051627	230.0	33	1.05	0.95				
	312	1	0.0	0.0	0.0	0.0	3	1.0112485317914492	-9.768992127766845	230.0	33	1.05	0.95				
	313	2	110.91268585614034	22.601075608421052	0.0	0.0	3	1.0109779919761264	-6.736347490102509	230.0	34	1.05	0.95				
	314	2	81.1964568154386	16.322999050526317	0.0	0.0	3	1.008498534614485	-8.432606555892141	230.0	36	1.05	0.95				
	315	2	132.67668459017543	26.78645998035088	0.0	0.0	3	1.0339777595958446	-4.020416501766908	230.0	36	1.05	0.95				
	316	2	41.85384371929825	8.37076874385965	0.0	0.0	3	1.0335656863472429	-3.3450986873845254	230.0	36	1.05	0.95				
	317	1	0.0	0.0	0.0	0.0	3	1.0413577358971462	-0.1321714241319031	230.0	37	1.05	0.95				
	318	2	139.37329958526317	28.46061372912281	0.0	0.0	3	1.0382439631189417	-1.1828667144939653	230.0	37	1.05	0.95				
	319	1	75.75545713192983	15.48592217614035	0.0	0.0	3	1.0298750422589205	-4.038342906529262	230.0	35	1.05	0.95				
	320	1	53.57291996070176	10.881999367017544	0.0	0.0	3	1.0294306840402165	-3.8307877340681276	230.0	35	1.05	0.95				
	321	2	0.0	0.0	0.0	0.0	3	1.0389078021437115	-1.5585608064560572	230.0	37	1.05	0.95				
	322	2	0.0	0.0	0.0	0.0	3	1.05	3.3188482436817184	230.0	37	1.05	0.95				
	323	2	0.0	0.0	0.0	0.0	3	1.029724994858708	-3.3955174068353684	230.0	35	1.05	0.95				
	324	1	0.0	0.0	0.0	0.0	3	1.0177811755891821	-7.564235443922127	230.0	36	1.05	0.95				
	325	1	0.0	0.0	0.0	0.0	3	1.0267786425256897	-2.105410344138634	230.0	35	1.05	0.95				
];
