%% MATPOWER Case Format : Version 2
function mpc = RTS_GMLC
mpc.version = '2';

%%-----  Power Flow Data  -----%%
%% system MVA base
mpc.baseMVA = 100.0;
%% bus data
%    bus_i    type    Pd    Qd    Gs    Bs    area    Vm    Va    baseKV    zone    Vmax    Vmin
mpc.bus = [
	101	2	41.428500745263165	8.439139040701754	0.0	0.0	1	1.0343294610166578	2.7309754373570514	138.0	11	1.05	0.95				
	102	2	37.20893122491228	7.671944582456142	0.0	0.0	1	1.0334324046765784	2.4781030596966613	138.0	12	1.05	0.95				
	103	1	69.04750124210527	14.193097477543859	0.0	0.0	1	1.0285187851536495	0.9889219092381529	138.0	11	1.05	0.95				
	104	1	28.386194955087717	5.753958436842105	0.0	0.0	1	1.0221408495283975	-0.5215811497647315	138.0	11	1.05	0.95				
	105	1	27.2354032677193	5.370361207719299	0.0	0.0	1	1.0369418864814186	-0.2851299656842471	138.0	11	1.05	0.95				
	106	1	52.16922316070176	10.740722415438597	0.0	-100.0	1	1.0468424907630234	-2.41294630904173	138.0	12	1.05	0.95				
	107	2	47.949653640350874	9.589930728070176	0.0	0.0	1	1.0010631783916726	-7.102671915441773	138.0	12	1.05	0.95				
	108	1	65.59512618	13.425903019298243	0.0	0.0	1	1.0063363361092683	-6.044336766417584	138.0	12	1.05	0.95				
	109	1	67.12951509649123	13.809500248421053	0.0	0.0	1	1.0242470381440496	-1.4204224267338876	138.0	13	1.05	0.95				
	110	1	74.80145967894737	15.343889164912284	0.0	0.0	1	1.05	-2.135606899420912	138.0	13	1.05	0.95				
	111	1	0.0	0.0	0.0	0.0	1	1.0017430289740097	0.07790279015833987	230.0	13	1.05	0.95				
	112	1	0.0	0.0	0.0	0.0	1	1.0066517668600454	0.3193885281689473	230.0	13	1.05	0.95				
	113	3	101.65326571754385	20.714250372631582	0.0	0.0	1	0.9919820846367892	2.5068424824290624e-26	230.0	14	1.05	0.95				
	114	2	74.41786244982455	14.960291935789474	0.0	0.0	1	0.9979246945851249	2.140109694541198	230.0	16	1.05	0.95				
	115	2	121.60032163192982	24.55022266385965	0.0	0.0	1	1.0333618716656494	7.682517580648518	230.0	16	1.05	0.95				
	116	2	38.3597229122807	7.671944582456142	0.0	0.0	1	1.0293408483727593	7.254560851107152	230.0	16	1.05	0.95				
	117	1	0.0	0.0	0.0	0.0	1	1.037490594401611	9.331086946754462	230.0	17	1.05	0.95				
	118	2	127.73787729789474	26.08461158035088	0.0	0.0	1	1.0398595157613777	9.481497748130083	230.0	17	1.05	0.95				
	119	1	69.43109847122807	14.193097477543859	0.0	0.0	1	1.0229737146923672	6.099867777416405	230.0	15	1.05	0.95				
	120	1	49.1004453277193	9.973527957192983	0.0	0.0	1	1.020001387570269	5.844221759853575	230.0	15	1.05	0.95				
	121	2	0.0	0.0	0.0	0.0	1	1.0434072420408422	10.503786242968737	230.0	17	1.05	0.95				
	122	2	0.0	0.0	0.0	0.0	1	1.05	16.548214295499047	230.0	17	1.05	0.95				
	123	2	0.0	0.0	0.0	0.0	1	1.0186960859498913	6.004527142371645	230.0	15	1.05	0.95				
	124	1	0.0	0.0	0.0	0.0	1	1.022706442528801	5.1659368779376775	230.0	16	1.05	0.95				
	201	2	40.663623486315785	8.283330710175438	0.0	0.0	2	1.0230385366063997	-6.1258937942671805	138.0	21	1.05	0.95				
	202	2	36.52195813122807	7.530300645614036	0.0	0.0	2	1.0235671271477575	-6.022220387895178	138.0	22	1.05	0.95				
	203	1	67.77270581052632	13.931056194385963	0.0	0.0	2	1.0170632028703401	-5.653460957340135	138.0	21	1.05	0.95				
	204	1	27.862112388771926	5.647725484210525	0.0	0.0	2	1.0175920677407515	-7.3359558019594475	138.0	21	1.05	0.95				
	205	1	26.732567291929822	5.271210451929824	0.0	0.0	2	1.032064478009515	-7.538755992117694	138.0	21	1.05	0.95				
	206	1	51.20604439017543	10.542420903859648	0.0	-100.0	2	1.045449667663078	-8.701493569019172	138.0	22	1.05	0.95				
	207	2	47.06437903508771	9.412875807017542	0.0	0.0	2	0.9938736716669874	-13.967399570629265	138.0	22	1.05	0.95				
	208	1	64.38407052	13.178026129824557	0.0	0.0	2	1.0014487842139719	-12.308177248839762	138.0	22	1.05	0.95				
	209	1	65.8901306491228	13.55454116210526	0.0	0.0	2	1.0228441237933446	-6.853562349105149	138.0	23	1.05	0.95				
	210	1	73.42043129473683	15.060601291228071	0.0	0.0	2	1.05	-7.755778084499597	138.0	23	1.05	0.95				
	211	1	0.0	0.0	0.0	0.0	2	1.0020932433291758	-4.429701889735561	230.0	23	1.05	0.95				
	212	1	0.0	0.0	0.0	0.0	2	1.0065485744798492	-3.5898613083291226	230.0	23	1.05	0.95				
	213	2	99.77648355438595	20.331811743157893	0.0	0.0	2	0.9957085441739496	-3.186785228521644	230.0	24	1.05	0.95				
	214	2	73.04391626245614	14.684086258947367	0.0	0.0	2	0.9990774864718815	-2.4949394653274704	230.0	26	1.05	0.95				
	215	2	119.35526523298243	24.09696206596491	0.0	0.0	2	1.0187245268350436	2.345425343435657	230.0	26	1.05	0.95				
	216	2	37.65150322807017	7.530300645614036	0.0	0.0	2	1.0198782505774775	2.5002894825463646	230.0	26	1.05	0.95				
	217	1	0.0	0.0	0.0	0.0	2	1.0252651571787148	3.9313112068630205	230.0	27	1.05	0.95				
	218	2	125.37950574947368	25.603022195087714	0.0	0.0	2	1.0244506416146757	3.4486323151213845	230.0	27	1.05	0.95				
	219	1	68.14922084280701	13.931056194385963	0.0	0.0	2	1.0211419623926776	2.6616080141317107	230.0	25	1.05	0.95				
	220	1	48.19392413192982	9.789390839298246	0.0	0.0	2	1.0245533317122302	3.5442218419047546	230.0	25	1.05	0.95				
	221	2	0.0	0.0	0.0	0.0	2	1.0261674963174163	3.887532852296843	230.0	27	1.05	0.95				
	222	2	0.0	0.0	0.0	0.0	2	1.048195182084883	10.417554590309313	230.0	27	1.05	0.95				
	223	2	0.0	0.0	0.0	0.0	2	1.0269921812114315	4.318098175996493	230.0	25	1.05	0.95				
	224	1	0.0	0.0	0.0	0.0	2	1.0080955918922438	-0.6751426871747841	230.0	26	1.05	0.95				
	301	2	48.55045873263158	9.889908260350877	0.0	0.0	3	1.0146702829432848	-9.69989293289372	138.0	31	1.05	0.95				
	302	2	43.60550460245614	8.990825691228071	0.0	0.0	3	1.0136022997450609	-10.007643169760788	138.0	32	1.05	0.95				
	303	1	80.91743122105264	16.63302752877193	0.0	0.0	3	1.0471056186735497	2.2967406571450395	138.0	31	1.05	0.95				
	304	1	33.26605505754386	6.743119268421053	0.0	0.0	3	1.011762874975224	-8.978714025792806	138.0	31	1.05	0.95				
	305	1	31.917431203859646	6.29357798385965	0.0	0.0	3	1.0268395635364373	-10.435154672046929	138.0	31	1.05	0.95				
	306	1	61.13761470035088	12.5871559677193	0.0	-100.0	3	1.0411791879802057	-11.386757801241039	138.0	32	1.05	0.95				
	307	2	56.19266057017545	11.238532114035088	0.0	0.0	3	0.9906383312700457	-16.11879113810027	138.0	32	1.05	0.95				
	308	1	76.87155966	15.73394495964912	0.0	0.0	3	0.9966653010983023	-14.073661668607258	138.0	32	1.05	0.95				
	309	1	78.66972479824561	16.183486244210528	0.0	0.0	3	1.0240665182836752	-6.283993140330676	138.0	33	1.05	0.95				
	310	1	87.66055048947369	17.981651382456143	0.0	0.0	3	1.05	-9.72686185847753	138.0	33	1.05	0.95				
	311	1	0.0	0.0	0.0	0.0	3	1.0085418809333586	-5.031803241993117	230.0	33	1.05	0.95				
	312	1	0.0	0.0	0.0	0.0	3	1.012581364816859	-4.424463762557834	230.0	33	1.05	0.95				
	313	2	119.12844040877192	24.27522936631579	0.0	0.0	3	1.0104311527582162	-2.0941680266297884	230.0	34	1.05	0.95				
	314	2	87.21100920491229	17.532110097894737	0.0	0.0	3	1.0054642030300143	-4.525043987511819	230.0	36	1.05	0.95				
	315	2	142.5045872059649	28.770642211929825	0.0	0.0	3	1.035961341307286	-1.2890670164278433	230.0	36	1.05	0.95				
	316	2	44.95412845614035	8.990825691228071	0.0	0.0	3	1.0309623471124671	-1.1064515416839762	230.0	36	1.05	0.95				
	317	1	0.0	0.0	0.0	0.0	3	1.0353893482070304	-0.3644980474099962	230.0	37	1.05	0.95				
	318	2	149.69724775894738	30.56880735017544	0.0	0.0	3	1.0342465760376274	-0.5419094383148494	230.0	37	1.05	0.95				
	319	1	81.36697250561404	16.63302752877193	0.0	0.0	3	1.0249049300475244	-1.6550819126380096	230.0	35	1.05	0.95				
	320	1	57.54128442385965	11.688073398596492	0.0	0.0	3	1.0227801268386352	-1.2550078145288226	230.0	35	1.05	0.95				
	321	2	0.0	0.0	0.0	0.0	3	1.0367959305174994	-0.26630469875152496	230.0	37	1.05	0.95				
	322	2	0.0	0.0	0.0	0.0	3	1.0494004398748902	4.006848168741478	230.0	37	1.05	0.95				
	323	2	0.0	0.0	0.0	0.0	3	1.022367853661882	-0.6850750525176643	230.0	35	1.05	0.95				
	324	1	0.0	0.0	0.0	0.0	3	1.0373250504745701	0.08215166965692067	230.0	36	1.05	0.95				
	325	1	0.0	0.0	0.0	0.0	3	1.0215438561795611	0.2678861445940265	230.0	35	1.05	0.95				
];
