%% MATPOWER Case Format : Version 2
function mpc = RTS_GMLC
mpc.version = '2';

%%-----  Power Flow Data  -----%%
%% system MVA base
mpc.baseMVA = 100.0;
%% bus data
%    bus_i    type    Pd    Qd    Gs    Bs    area    Vm    Va    baseKV    zone    Vmax    Vmin
mpc.bus = [
	101	2	49.60465116631579	10.104651163508771	0.0	0.0	1	1.015121837785582	2.036620213249952	138.0	11	1.05	0.95				
	102	2	44.552325584561395	9.186046512280702	0.0	0.0	1	1.0139802081755067	1.7229807447473533	138.0	12	1.05	0.95				
	103	1	82.67441861052632	16.9941860477193	0.0	0.0	1	1.0256569902470218	2.1040166923486807	138.0	11	1.05	0.95				
	104	1	33.9883720954386	6.8895348842105255	0.0	0.0	1	1.0127113699150319	-1.3386796638248932	138.0	11	1.05	0.95				
	105	1	32.61046511859649	6.430232558596491	0.0	0.0	1	1.0259272163062714	-1.2887227521654174	138.0	11	1.05	0.95				
	106	1	62.46511628350877	12.860465117192982	0.0	-100.0	1	1.0398019577118405	-3.635372929061563	138.0	12	1.05	0.95				
	107	2	57.41279070175438	11.482558140350877	0.0	0.0	1	0.9858820520800708	-9.764404158030159	138.0	12	1.05	0.95				
	108	1	78.54069768	16.075581396491227	0.0	0.0	1	0.9946501320351963	-8.123334816897382	138.0	12	1.05	0.95				
	109	1	80.37790698245614	16.534883722105263	0.0	0.0	1	1.025791875271771	-1.921358448668907	138.0	13	1.05	0.95				
	110	1	89.56395349473684	18.372093024561405	0.0	0.0	1	1.05	-3.141307202827584	138.0	13	1.05	0.95				
	111	1	0.0	0.0	0.0	0.0	1	1.0203799318606626	0.41281522369984686	230.0	13	1.05	0.95				
	112	1	0.0	0.0	0.0	0.0	1	1.014995198668304	-0.29287353277170436	230.0	13	1.05	0.95				
	113	3	121.7151162877193	24.802325583157895	0.0	0.0	1	0.9985897393671809	1.9193449634138718e-30	230.0	14	1.05	0.95				
	114	2	89.10465116912279	17.91279069894737	0.0	0.0	1	1.0486216695822599	3.6228423233401865	230.0	16	1.05	0.95				
	115	2	145.5988372196491	29.395348839298247	0.0	0.0	1	1.0432542551397626	12.725842665952563	230.0	16	1.05	0.95				
	116	2	45.93023256140351	9.186046512280702	0.0	0.0	1	1.044521548112022	11.118874623516337	230.0	16	1.05	0.95				
	117	1	0.0	0.0	0.0	0.0	1	1.0418902524734692	16.845220266495666	230.0	17	1.05	0.95				
	118	2	152.9476744294737	31.232558141754385	0.0	0.0	1	1.0495384358064979	17.31168736399405	230.0	17	1.05	0.95				
	119	1	83.13372093614035	16.9941860477193	0.0	0.0	1	1.041339885292851	7.487892958782904	230.0	15	1.05	0.95				
	120	1	58.790697678596494	11.941860465964913	0.0	0.0	1	1.0445559926800794	5.202824879582956	230.0	15	1.05	0.95				
	121	2	0.0	0.0	0.0	0.0	1	1.0433500309567918	18.89292767532198	230.0	17	1.05	0.95				
	122	2	0.0	0.0	0.0	0.0	1	1.05	36.85338871391467	230.0	17	1.05	0.95				
	123	2	0.0	0.0	0.0	0.0	1	1.0472801717718403	4.290736939191655	230.0	15	1.05	0.95				
	124	1	0.0	0.0	0.0	0.0	1	1.023384586241912	8.774402535839156	230.0	16	1.05	0.95				
	201	2	48.68754919578948	9.917834095438598	0.0	0.0	2	1.0216303561373126	-10.57108418597954	138.0	21	1.05	0.95				
	202	2	43.728632148070176	9.01621281403509	0.0	0.0	2	1.0222606776160692	-10.48611681606899	138.0	22	1.05	0.95				
	203	1	81.1459153263158	16.67999370596491	0.0	0.0	2	1.0131970281153215	-9.079041934042467	138.0	21	1.05	0.95				
	204	1	33.35998741192982	6.762159610526316	0.0	0.0	2	1.0154711673958732	-11.552543095331487	138.0	21	1.05	0.95				
	205	1	32.00755548982456	6.311348969824563	0.0	0.0	2	1.030348138296944	-11.86549986203095	138.0	21	1.05	0.95				
	206	1	61.3102471354386	12.622697939649125	0.0	-100.0	2	1.0430788249803973	-13.025488323305009	138.0	22	1.05	0.95				
	207	2	56.3513300877193	11.270266017543861	0.0	0.0	2	0.9925975112457484	-19.291956087278813	138.0	22	1.05	0.95				
	208	1	77.08861956	15.778372424561404	0.0	0.0	2	0.9976315098749131	-17.231896338881405	138.0	22	1.05	0.95				
	209	1	78.89186212280703	16.229183065263157	0.0	0.0	2	1.0227335463714338	-10.564416919163532	138.0	23	1.05	0.95				
	210	1	87.90807493684211	18.03242562807018	0.0	0.0	2	1.05	-11.726071151117635	138.0	23	1.05	0.95				
	211	1	0.0	0.0	0.0	0.0	2	1.0077788167927424	-7.576007502736445	230.0	23	1.05	0.95				
	212	1	0.0	0.0	0.0	0.0	2	1.008706234972851	-6.3795477537625285	230.0	23	1.05	0.95				
	213	2	119.46481978596492	24.34377459789474	0.0	0.0	2	1.0044478759931197	-5.884311011091536	230.0	24	1.05	0.95				
	214	2	87.45726429614035	17.581614987368425	0.0	0.0	2	1.0100914267427676	-5.397518665757142	230.0	26	1.05	0.95				
	215	2	142.90697310245613	28.851881004912283	0.0	0.0	2	1.0262540183282072	0.2656109862725916	230.0	26	1.05	0.95				
	216	2	45.081064070175444	9.01621281403509	0.0	0.0	2	1.0286513945151325	0.42061236203163743	230.0	26	1.05	0.95				
	217	1	0.0	0.0	0.0	0.0	2	1.0357282567187291	1.788977305013878	230.0	27	1.05	0.95				
	218	2	150.11994335368422	30.6551235677193	0.0	0.0	2	1.0335483362636657	1.195258318619103	230.0	27	1.05	0.95				
	219	1	81.59672596701755	16.67999370596491	0.0	0.0	2	1.02844854982763	1.0743597412647965	230.0	25	1.05	0.95				
	220	1	57.703762009824565	11.721076658245615	0.0	0.0	2	1.0316180827802566	2.5150419390403984	230.0	25	1.05	0.95				
	221	2	0.0	0.0	0.0	0.0	2	1.033883446575573	1.6897571173688433	230.0	27	1.05	0.95				
	222	2	0.0	0.0	0.0	0.0	2	1.05	8.226069686812236	230.0	27	1.05	0.95				
	223	2	0.0	0.0	0.0	0.0	2	1.034528099132251	3.6450456418671786	230.0	25	1.05	0.95				
	224	1	0.0	0.0	0.0	0.0	2	1.0098082580350471	-3.223046154411152	230.0	26	1.05	0.95				
	301	2	48.704207532631585	9.921227460350877	0.0	0.0	3	1.009133630837797	-2.7654871155178293	138.0	31	1.05	0.95				
	302	2	43.74359380245615	9.019297691228072	0.0	0.0	3	1.0087425016458649	-2.894721453802067	138.0	32	1.05	0.95				
	303	1	81.17367922105264	16.68570072877193	0.0	0.0	3	1.0348823650268448	4.504755776986569	138.0	31	1.05	0.95				
	304	1	33.37140145754386	6.764473268421053	0.0	0.0	3	1.0126406052276122	-0.8937391587426147	138.0	31	1.05	0.95				
	305	1	32.01850680385965	6.31350838385965	0.0	0.0	3	1.0238819983487193	-2.763769698333764	138.0	31	1.05	0.95				
	306	1	61.33122430035088	12.6270167677193	0.0	-100.0	3	1.0399991158428357	-3.2815458277107274	138.0	32	1.05	0.95				
	307	2	56.37061057017544	11.27412211403509	0.0	0.0	3	0.9935639023606884	-7.453548818637983	138.0	32	1.05	0.95				
	308	1	77.11499526	15.783770959649123	0.0	0.0	3	0.9997378322622873	-5.41651254831864	138.0	32	1.05	0.95				
	309	1	78.91885479824562	16.234735844210526	0.0	0.0	3	1.030786301547882	2.5634548150567698	138.0	33	1.05	0.95				
	310	1	87.93815248947368	18.038595382456144	0.0	0.0	3	1.05	-1.3094339630219303	138.0	33	1.05	0.95				
	311	1	0.0	0.0	0.0	0.0	3	1.0095223709562073	3.9815409945259717	230.0	33	1.05	0.95				
	312	1	0.0	0.0	0.0	0.0	3	1.012504430189008	4.453289246908222	230.0	33	1.05	0.95				
	313	2	119.50569440877194	24.352103766315793	0.0	0.0	3	1.0098138367938803	6.914474326793145	230.0	34	1.05	0.95				
	314	2	87.4871876049123	17.58763049789474	0.0	0.0	3	1.0067936759546612	4.895844496349432	230.0	36	1.05	0.95				
	315	2	142.95586840596494	28.861752611929823	0.0	0.0	3	1.0354174762668595	8.489298342087679	230.0	36	1.05	0.95				
	316	2	45.09648845614036	9.019297691228072	0.0	0.0	3	1.0337501102406683	8.867724244193198	230.0	36	1.05	0.95				
	317	1	0.0	0.0	0.0	0.0	3	1.0456630224727315	12.787336265130268	230.0	37	1.05	0.95				
	318	2	150.17130655894738	30.66561215017544	0.0	0.0	3	1.0424294972388142	10.62739615182847	230.0	37	1.05	0.95				
	319	1	81.62464410561404	16.68570072877193	0.0	0.0	3	1.0247403916310962	8.013997480556677	230.0	35	1.05	0.95				
	320	1	57.72350522385965	11.725086998596494	0.0	0.0	3	1.020130095318206	8.1473059720985	230.0	35	1.05	0.95				
	321	2	0.0	0.0	0.0	0.0	3	1.0417231515789735	10.534829648067928	230.0	37	1.05	0.95				
	322	2	0.0	0.0	0.0	0.0	3	1.05	15.748374559237615	230.0	37	1.05	0.95				
	323	2	0.0	0.0	0.0	0.0	3	1.0183008896484746	8.5744140839045	230.0	35	1.05	0.95				
	324	1	0.0	0.0	0.0	0.0	3	1.0286994157935456	6.9882133590329385	230.0	36	1.05	0.95				
	325	1	0.0	0.0	0.0	0.0	3	1.0181866106452115	9.460668911834558	230.0	35	1.05	0.95				
];
