%% MATPOWER Case Format : Version 2
function mpc = RTS_GMLC
mpc.version = '2';

%%-----  Power Flow Data  -----%%
%% system MVA base
mpc.baseMVA = 100.0;
%% bus data
%    bus_i    type    Pd    Qd    Gs    Bs    area    Vm    Va    baseKV    zone    Vmax    Vmin
mpc.bus = [
	101	2	46.53191489684211	9.47872340491228	0.0	0.0	1	1.0180754931772602	3.0617486181969764	138.0	11	1.05	0.95				
	102	2	41.79255319438596	8.617021277192983	0.0	0.0	1	1.016905269298931	2.759022469898206	138.0	12	1.05	0.95				
	103	1	77.55319149473684	15.941489362807019	0.0	0.0	1	1.0283384939773372	2.7218361905284407	138.0	11	1.05	0.95				
	104	1	31.882978725614038	6.462765957894737	0.0	0.0	1	1.0145782644518628	-0.36637811491613864	138.0	11	1.05	0.95				
	105	1	30.590425534035088	6.031914894035088	0.0	0.0	1	1.0277924947877484	-0.2731491481976398	138.0	11	1.05	0.95				
	106	1	58.59574468491229	12.063829788070176	0.0	-100.0	1	1.0412944777032087	-2.603964486394855	138.0	12	1.05	0.95				
	107	2	53.85638298245614	10.771276596491228	0.0	0.0	1	0.9854813643286137	-9.051355315409255	138.0	12	1.05	0.95				
	108	1	73.67553192	15.07978723508772	0.0	0.0	1	0.9952113787929946	-7.256361105176185	138.0	12	1.05	0.95				
	109	1	75.39893617543859	15.510638298947368	0.0	0.0	1	1.0258494200342967	-1.1253592464201414	138.0	13	1.05	0.95				
	110	1	84.01595745263157	17.234042554385965	0.0	0.0	1	1.05	-2.237003137921792	138.0	13	1.05	0.95				
	111	1	0.0	0.0	0.0	0.0	1	1.016975760900577	0.8530491007005746	230.0	13	1.05	0.95				
	112	1	0.0	0.0	0.0	0.0	1	1.0139009862401513	0.5290790974190029	230.0	13	1.05	0.95				
	113	3	114.17553192280701	23.265957448421055	0.0	0.0	1	0.9955368918309099	6.999752578312841e-30	230.0	14	1.05	0.95				
	114	2	83.58510638877192	16.803191490526316	0.0	0.0	1	1.0404647534099902	4.073860362937766	230.0	16	1.05	0.95				
	115	2	136.57978724350878	27.574468087017546	0.0	0.0	1	1.045297753345533	12.510540804557507	230.0	16	1.05	0.95				
	116	2	43.08510638596491	8.617021277192983	0.0	0.0	1	1.0464827324009514	11.3099954564654	230.0	16	1.05	0.95				
	117	1	0.0	0.0	0.0	0.0	1	1.0435589721136969	16.380329792928	230.0	17	1.05	0.95				
	118	2	143.47340426526316	29.297872342456145	0.0	0.0	1	1.05	16.574699153064962	230.0	17	1.05	0.95				
	119	1	77.98404255859649	15.941489362807019	0.0	0.0	1	1.0449449205292969	8.643127781724546	230.0	15	1.05	0.95				
	120	1	55.14893617403509	11.202127660350877	0.0	0.0	1	1.0478506299480594	7.1399572748915325	230.0	15	1.05	0.95				
	121	2	0.0	0.0	0.0	0.0	1	1.042279614455436	17.84100448826638	230.0	17	1.05	0.95				
	122	2	0.0	0.0	0.0	0.0	1	1.05	35.810396019760574	230.0	17	1.05	0.95				
	123	2	0.0	0.0	0.0	0.0	1	1.0499999532534368	6.633258397037622	230.0	15	1.05	0.95				
	124	1	0.0	0.0	0.0	0.0	1	1.0266558549190534	8.868583268181343	230.0	16	1.05	0.95				
	201	2	51.64552178526317	10.520384067368422	0.0	0.0	2	1.024553130240763	-10.405560243307743	138.0	21	1.05	0.95				
	202	2	46.38532975157895	9.563985515789476	0.0	0.0	2	1.0256769654921698	-10.21826275231493	138.0	22	1.05	0.95				
	203	1	86.07586964210527	17.693373204210527	0.0	0.0	2	1.0128595994708052	-9.152117569590043	138.0	21	1.05	0.95				
	204	1	35.386746408421054	7.172989136842106	0.0	0.0	2	1.016331847979966	-11.753410674888986	138.0	21	1.05	0.95				
	205	1	33.95214858105263	6.694789861052633	0.0	0.0	2	1.031386999914976	-12.078744032417738	138.0	21	1.05	0.95				
	206	1	65.03510150736844	13.389579722105266	0.0	-100.0	2	1.042970378938535	-13.439951665441281	138.0	22	1.05	0.95				
	207	2	59.774909473684225	11.954981894736843	0.0	0.0	2	0.9913398366501817	-20.338901926406542	138.0	22	1.05	0.95				
	208	1	81.77207616000001	16.73697465263158	0.0	0.0	2	0.995678390125433	-18.13050543814092	138.0	22	1.05	0.95				
	209	1	83.6848732631579	17.215173928421056	0.0	0.0	2	1.0225283796245177	-11.044353098717291	138.0	23	1.05	0.95				
	210	1	93.24885877894738	19.12797103157895	0.0	0.0	2	1.05	-12.241081888798012	138.0	23	1.05	0.95				
	211	1	0.0	0.0	0.0	0.0	2	1.0089838458728517	-8.063614630789441	230.0	23	1.05	0.95				
	212	1	0.0	0.0	0.0	0.0	2	1.0098328010722275	-6.924588139814272	230.0	23	1.05	0.95				
	213	2	126.72280808421054	25.822760892631585	0.0	0.0	2	1.006137765815613	-6.487882804236318	230.0	24	1.05	0.95				
	214	2	92.7706595031579	18.649771755789477	0.0	0.0	2	1.012213873771019	-5.788637324987363	230.0	26	1.05	0.95				
	215	2	151.58917042526318	30.604753650526323	0.0	0.0	2	1.0269284149330538	0.2223358932823233	230.0	26	1.05	0.95				
	216	2	47.81992757894737	9.563985515789476	0.0	0.0	2	1.0301987614053836	0.3398078153589804	230.0	26	1.05	0.95				
	217	1	0.0	0.0	0.0	0.0	2	1.0368077693845403	2.120634081015506	230.0	27	1.05	0.95				
	218	2	159.24035883789475	32.51755075368422	0.0	0.0	2	1.0347971402566327	1.381097682741261	230.0	27	1.05	0.95				
	219	1	86.55406891789475	17.693373204210527	0.0	0.0	2	1.0301909107660068	0.7415607493915228	230.0	25	1.05	0.95				
	220	1	61.209507301052646	12.433181170526318	0.0	0.0	2	1.0337473249837816	2.0124617873471804	230.0	25	1.05	0.95				
	221	2	0.0	0.0	0.0	0.0	2	1.0348418652025226	1.8061128972894105	230.0	27	1.05	0.95				
	222	2	0.0	0.0	0.0	0.0	2	1.05	8.428176727752417	230.0	27	1.05	0.95				
	223	2	0.0	0.0	0.0	0.0	2	1.0369063794488236	3.067591602977637	230.0	25	1.05	0.95				
	224	1	0.0	0.0	0.0	0.0	2	1.0100622534425958	-3.2738504498501113	230.0	26	1.05	0.95				
	301	2	64.77950016	13.195824106666665	0.0	0.0	3	1.0157887734193003	-15.939344183297948	138.0	31	1.05	0.95				
	302	2	58.18158810666666	11.996203733333333	0.0	0.0	3	1.0144024451739053	-16.227246700433536	138.0	32	1.05	0.95				
	303	1	107.96583360000001	22.192976906666665	0.0	0.0	3	1.041775107140741	-3.6341147994284873	138.0	31	1.05	0.95				
	304	1	44.38595381333333	8.9971528	0.0	0.0	3	1.0096294225726596	-14.491426431237569	138.0	31	1.05	0.95				
	305	1	42.58652325333333	8.397342613333333	0.0	0.0	3	1.025122911386576	-15.979911874427144	138.0	31	1.05	0.95				
	306	1	81.57418538666667	16.794685226666665	0.0	-100.0	3	1.037002702592005	-16.672787294442696	138.0	32	1.05	0.95				
	307	2	74.97627333333334	14.995254666666666	0.0	0.0	3	0.9928579239923498	-23.543197834594935	138.0	32	1.05	0.95				
	308	1	102.56754192	20.993356533333333	0.0	0.0	3	0.9916188536469787	-20.65944531315783	138.0	32	1.05	0.95				
	309	1	104.96678266666666	21.59316672	0.0	0.0	3	1.0263232175228665	-10.618569475459118	138.0	33	1.05	0.95				
	310	1	116.9629864	23.992407466666666	0.0	0.0	3	1.05	-14.099199829206738	138.0	33	1.05	0.95				
	311	1	0.0	0.0	0.0	0.0	3	1.019132917396337	-6.873386585397009	230.0	33	1.05	0.95				
	312	1	0.0	0.0	0.0	0.0	3	1.0159525604032038	-6.532135874136218	230.0	33	1.05	0.95				
	313	2	158.94969946666666	32.38975008	0.0	0.0	3	1.0228826285382908	-3.7150104897210965	230.0	34	1.05	0.95				
	314	2	116.36317621333332	23.39259728	0.0	0.0	3	1.0327607939282062	-4.199900066491557	230.0	36	1.05	0.95				
	315	2	190.1398291733333	38.387851946666665	0.0	0.0	3	1.045812810859016	2.684174212998561	230.0	36	1.05	0.95				
	316	2	59.981018666666664	11.996203733333333	0.0	0.0	3	1.0455307064687993	3.2400457397134446	230.0	36	1.05	0.95				
	317	1	0.0	0.0	0.0	0.0	3	1.05	8.34865005457725	230.0	37	1.05	0.95				
	318	2	199.73679216	40.787092693333335	0.0	0.0	3	1.0423432141032065	6.005350915685935	230.0	37	1.05	0.95				
	319	1	108.56564378666667	22.192976906666665	0.0	0.0	3	1.0380041249200096	1.4144405131321323	230.0	35	1.05	0.95				
	320	1	76.77570389333333	15.595064853333332	0.0	0.0	3	1.0367722309865093	0.9550222251681632	230.0	35	1.05	0.95				
	321	2	0.0	0.0	0.0	0.0	3	1.0452293607551317	5.521157124669739	230.0	37	1.05	0.95				
	322	2	0.0	0.0	0.0	0.0	3	1.05	10.973217957349435	230.0	37	1.05	0.95				
	323	2	0.0	0.0	0.0	0.0	3	1.0373611786395267	1.1507709765881053	230.0	35	1.05	0.95				
	324	1	0.0	0.0	0.0	0.0	3	1.0357124069312507	0.3071195335637968	230.0	36	1.05	0.95				
	325	1	0.0	0.0	0.0	0.0	3	1.0324120344067698	2.523662826867085	230.0	35	1.05	0.95				
];
