%% MATPOWER Case Format : Version 2
function mpc = RTS_GMLC
mpc.version = '2';

%%-----  Power Flow Data  -----%%
%% system MVA base
mpc.baseMVA = 100.0;
%% bus data
%    bus_i    type    Pd    Qd    Gs    Bs    area    Vm    Va    baseKV    zone    Vmax    Vmin
mpc.bus = [
	101	2	63.51212269894737	12.937654623859649	0.0	0.0	1	1.0362326083961626	-1.0714246964654985	138.0	11	1.05	0.95				
	102	2	57.043295387017544	11.761504203508773	0.0	0.0	1	1.0358693978737545	-1.2396953129325226	138.0	12	1.05	0.95				
	103	1	105.85353783157896	21.758782776491227	0.0	0.0	1	1.0181657368111001	-1.5153611683914368	138.0	11	1.05	0.95				
	104	1	43.517565552982454	8.821128152631578	0.0	0.0	1	1.0191693524276257	-4.015153852795228	138.0	11	1.05	0.95				
	105	1	41.75333992245614	8.23305294245614	0.0	0.0	1	1.0353442829325785	-3.976265554937477	138.0	11	1.05	0.95				
	106	1	79.97822858385966	16.46610588491228	0.0	-100.0	1	1.0417573589401776	-6.18439009054437	138.0	12	1.05	0.95				
	107	2	73.50940127192983	14.701880254385966	0.0	0.0	1	1.0230960146667294	-8.020908587491942	138.0	12	1.05	0.95				
	108	1	100.56086094000001	20.58263235614035	0.0	0.0	1	1.0136161050353687	-8.376173169393292	138.0	12	1.05	0.95				
	109	1	102.91316178070176	21.170707566315787	0.0	0.0	1	1.023744244534894	-3.911738708618414	138.0	13	1.05	0.95				
	110	1	114.67466598421052	23.523008407017546	0.0	0.0	1	1.05	-5.077625729123715	138.0	13	1.05	0.95				
	111	1	0.0	0.0	0.0	0.0	1	1.0062693406235115	-1.2340480561064466	230.0	13	1.05	0.95				
	112	1	0.0	0.0	0.0	0.0	1	1.0113481564795335	-0.8324488792222435	230.0	13	1.05	0.95				
	113	3	155.83993069649122	31.756061349473686	0.0	0.0	1	1.0072594554063303	-1.281829569600813e-27	230.0	14	1.05	0.95				
	114	2	114.08659077403509	22.93493319684211	0.0	0.0	1	1.001816587652764	1.0608085654089143	230.0	16	1.05	0.95				
	115	2	186.41984162561405	37.63681345122807	0.0	0.0	1	1.024631033478548	8.670661043718715	230.0	16	1.05	0.95				
	116	2	58.80752101754386	11.761504203508773	0.0	0.0	1	1.0231707856254135	7.91385326046456	230.0	16	1.05	0.95				
	117	1	0.0	0.0	0.0	0.0	1	1.0287006102722451	10.779294049080267	230.0	17	1.05	0.95				
	118	2	195.82904498842106	39.98911429192983	0.0	0.0	1	1.0294995362297614	11.155584447518665	230.0	17	1.05	0.95				
	119	1	106.4416130417544	21.758782776491227	0.0	0.0	1	1.02023178169236	6.165258656041264	230.0	15	1.05	0.95				
	120	1	75.27362690245614	15.289955464561405	0.0	0.0	1	1.0229381015996344	5.799276257421023	230.0	15	1.05	0.95				
	121	2	0.0	0.0	0.0	0.0	1	1.0312399256926554	12.403328337240193	230.0	17	1.05	0.95				
	122	2	0.0	0.0	0.0	0.0	1	1.05	19.434121732653036	230.0	17	1.05	0.95				
	123	2	0.0	0.0	0.0	0.0	1	1.0257061424683165	6.04853105123031	230.0	15	1.05	0.95				
	124	1	0.0	0.0	0.0	0.0	1	1.0096870659874315	4.840731793172896	230.0	16	1.05	0.95				
	201	2	64.90539901894738	13.221470170526317	0.0	0.0	2	1.029233215188508	-14.095006824637263	138.0	21	1.05	0.95				
	202	2	58.29466393368421	12.019518336842106	0.0	0.0	2	1.0296762380647801	-14.12918155227932	138.0	22	1.05	0.95				
	203	1	108.17566503157896	22.236108923157897	0.0	0.0	2	1.020164625193461	-11.327358539821864	138.0	21	1.05	0.95				
	204	1	44.47221784631579	9.01463875263158	0.0	0.0	2	1.0162934375792887	-16.084897869335258	138.0	21	1.05	0.95				
	205	1	42.66929009578948	8.413662835789475	0.0	0.0	2	1.0318670184707923	-16.472106152341134	138.0	21	1.05	0.95				
	206	1	81.73272469052633	16.82732567157895	0.0	-100.0	2	1.0401442864826147	-18.365127006141478	138.0	22	1.05	0.95				
	207	2	75.12198960526317	15.024397921052632	0.0	0.0	2	0.9881853660471351	-27.306027137853107	138.0	22	1.05	0.95				
	208	1	102.76688177999999	21.034157089473684	0.0	0.0	2	0.9884174136391473	-24.416212213046382	138.0	22	1.05	0.95				
	209	1	105.17078544736842	21.63513300631579	0.0	0.0	2	1.0237082215559001	-15.234769669547694	138.0	23	1.05	0.95				
	210	1	117.19030378421054	24.039036673684212	0.0	0.0	2	1.05	-16.971931645186462	138.0	23	1.05	0.95				
	211	1	0.0	0.0	0.0	0.0	2	1.0157481395559218	-11.751420537181689	230.0	23	1.05	0.95				
	212	1	0.0	0.0	0.0	0.0	2	1.0163165334314772	-10.896538017108021	230.0	23	1.05	0.95				
	213	2	159.2586179631579	32.45269950947369	0.0	0.0	2	1.0196808147992182	-10.48682783721874	230.0	24	1.05	0.95				
	214	2	116.58932786736843	23.438060756842106	0.0	0.0	2	1.0222546576469882	-8.511555748008112	230.0	26	1.05	0.95				
	215	2	190.50936563894737	38.46245867789474	0.0	0.0	2	1.034203054688554	0.022078611853230456	230.0	26	1.05	0.95				
	216	2	60.09759168421053	12.019518336842106	0.0	0.0	2	1.0365813898355116	-0.25233518977400204	230.0	26	1.05	0.95				
	217	1	0.0	0.0	0.0	0.0	2	1.0386965253811893	2.998153489879135	230.0	27	1.05	0.95				
	218	2	200.12498030842107	40.86636234526316	0.0	0.0	2	1.0401628978557913	3.326452485746467	230.0	27	1.05	0.95				
	219	1	108.77664094842106	22.236108923157897	0.0	0.0	2	1.0384907335215938	-1.0631336620442065	230.0	25	1.05	0.95				
	220	1	76.92491735578947	15.625373837894738	0.0	0.0	2	1.0450067677379131	-0.626916698416348	230.0	25	1.05	0.95				
	221	2	0.0	0.0	0.0	0.0	2	1.0404201658614565	2.987857254800214	230.0	27	1.05	0.95				
	222	2	0.0	0.0	0.0	0.0	2	1.05	9.494382962275496	230.0	27	1.05	0.95				
	223	2	0.0	0.0	0.0	0.0	2	1.05	0.04916427304978668	230.0	25	1.05	0.95				
	224	1	0.0	0.0	0.0	0.0	2	1.0148578537221589	-4.215607854796141	230.0	26	1.05	0.95				
	301	2	50.70294212210526	10.328377098947369	0.0	0.0	3	1.0380016398516378	-0.22293694136352127	138.0	31	1.05	0.95				
	302	2	45.53875357263158	9.38943372631579	0.0	0.0	3	1.0337947459298265	-0.5616796741456401	138.0	32	1.05	0.95				
	303	1	84.50490353684211	17.37045239368421	0.0	0.0	3	1.05	14.562637148548362	138.0	31	1.05	0.95				
	304	1	34.74090478736842	7.042075294736843	0.0	0.0	3	1.0150753212042716	0.49920866536838737	138.0	31	1.05	0.95				
	305	1	33.33248972842105	6.572603608421054	0.0	0.0	3	1.0362794511532016	-1.174762748458276	138.0	31	1.05	0.95				
	306	1	63.84814933894738	13.145207216842108	0.0	-100.0	3	1.0420068945096759	-2.277152906277268	138.0	32	1.05	0.95				
	307	2	58.68396078947369	11.736792157894737	0.0	0.0	3	0.95	1.0629281530200474	138.0	32	1.05	0.95				
	308	1	80.27965836	16.43150902105263	0.0	0.0	3	0.9716231023461889	-0.45284438783967557	138.0	32	1.05	0.95				
	309	1	82.15754510526317	16.900980707368422	0.0	0.0	3	1.014316781814578	3.3383131985295624	138.0	33	1.05	0.95				
	310	1	91.54697883157895	18.77886745263158	0.0	0.0	3	1.0454813098533526	-0.6514763022071393	138.0	33	1.05	0.95				
	311	1	0.0	0.0	0.0	0.0	3	1.0019633943026502	2.767668917769435	230.0	33	1.05	0.95				
	312	1	0.0	0.0	0.0	0.0	3	1.0069855337684066	3.6311805977949523	230.0	33	1.05	0.95				
	313	2	124.40999687368421	25.35147106105263	0.0	0.0	3	1.004306709652488	5.879651444074517	230.0	34	1.05	0.95				
	314	2	91.07750714526316	18.30939576631579	0.0	0.0	3	0.9957018032160548	1.5645478860398274	230.0	36	1.05	0.95				
	315	2	148.8225245621053	30.04618792421053	0.0	0.0	3	1.0456120526259725	2.9086275825158703	230.0	36	1.05	0.95				
	316	2	46.94716863157895	9.38943372631579	0.0	0.0	3	1.028525727383922	2.7477929172107394	230.0	36	1.05	0.95				
	317	1	0.0	0.0	0.0	0.0	3	1.0427319260551102	3.234819537934328	230.0	37	1.05	0.95				
	318	2	156.3340715431579	31.92407466947369	0.0	0.0	3	1.046526733563977	2.4633330454298292	230.0	37	1.05	0.95				
	319	1	84.9743752231579	17.37045239368421	0.0	0.0	3	1.0184254441385923	2.7545713251389095	230.0	35	1.05	0.95				
	320	1	60.09237584842106	12.206263844210527	0.0	0.0	3	1.0130916015296152	3.693064989147384	230.0	35	1.05	0.95				
	321	2	0.0	0.0	0.0	0.0	3	1.05	3.1360735835231983	230.0	37	1.05	0.95				
	322	2	0.0	0.0	0.0	0.0	3	1.05	7.51341276955789	230.0	37	1.05	0.95				
	323	2	0.0	0.0	0.0	0.0	3	1.0112320867340583	4.586015327450583	230.0	35	1.05	0.95				
	324	1	0.0	0.0	0.0	0.0	3	1.0435851884371796	7.364617773363427	230.0	36	1.05	0.95				
	325	1	0.0	0.0	0.0	0.0	3	1.0116910694133667	5.257626692757251	230.0	35	1.05	0.95				
];
