%% MATPOWER Case Format : Version 2
function mpc = RTS_GMLC
mpc.version = '2';

%%-----  Power Flow Data  -----%%
%% system MVA base
mpc.baseMVA = 100.0;
%% bus data
%    bus_i    type    Pd    Qd    Gs    Bs    area    Vm    Va    baseKV    zone    Vmax    Vmin
mpc.bus = [
	101	2	45.716971793684216	9.312716476491229	0.0	0.0	1	1.012010247892279	-4.394438690016281	138.0	11	1.05	0.95				
	102	2	41.06061355543859	8.4661058877193	0.0	0.0	1	1.0119454964225933	-4.633630973835343	138.0	12	1.05	0.95				
	103	1	76.19495298947369	15.662295892280703	0.0	0.0	1	1.0004005166109005	0.9176243334033789	138.0	11	1.05	0.95				
	104	1	31.324591784561406	6.349579415789473	0.0	0.0	1	1.0021024471207374	-4.492290745645046	138.0	11	1.05	0.95				
	105	1	30.05467590140351	5.92627412140351	0.0	0.0	1	1.0162740947769842	-5.604069327276645	138.0	11	1.05	0.95				
	106	1	57.56952003649123	11.85254824280702	0.0	-100.0	1	1.0263894954084654	-6.789191868862402	138.0	12	1.05	0.95				
	107	2	52.91316179824561	10.582632359649123	0.0	0.0	1	0.9875984303791264	-11.08501387845825	138.0	12	1.05	0.95				
	108	1	72.38520534	14.815685303508772	0.0	0.0	1	0.9877372141588472	-9.641270419469377	138.0	12	1.05	0.95				
	109	1	74.07842651754386	15.238990597894736	0.0	0.0	1	1.002081811017852	-3.432706790811374	138.0	13	1.05	0.95				
	110	1	82.54453240526315	16.9322117754386	0.0	0.0	1	1.0307085931625046	-5.432303216062128	138.0	13	1.05	0.95				
	111	1	0.0	0.0	0.0	0.0	1	0.9833676409405027	-0.5772902040548608	230.0	13	1.05	0.95				
	112	1	0.0	0.0	0.0	0.0	1	0.983928940329077	-1.4994169746371544	230.0	13	1.05	0.95				
	113	3	112.17590301228071	22.858485896842108	0.0	0.0	1	0.9662840810907236	2.785639548314478e-28	230.0	14	1.05	0.95				
	114	2	82.12122711087719	16.508906481052634	0.0	0.0	1	0.9943243945581735	2.893358322825885	230.0	16	1.05	0.95				
	115	2	134.18777832035087	27.091538840701755	0.0	0.0	1	0.9916387078748038	12.43712283285345	230.0	16	1.05	0.95				
	116	2	42.33052943859649	8.4661058877193	0.0	0.0	1	0.9903842860572163	10.749293032541527	230.0	16	1.05	0.95				
	117	1	0.0	0.0	0.0	0.0	1	0.992661744246764	16.80662540384009	230.0	17	1.05	0.95				
	118	2	140.96066303052632	28.784760018245613	0.0	0.0	1	1.0019933517809738	17.41987306180032	230.0	17	1.05	0.95				
	119	1	76.61825828385965	15.662295892280703	0.0	0.0	1	0.9900664787289897	6.787061663301327	230.0	15	1.05	0.95				
	120	1	54.18307768140351	11.005937654035089	0.0	0.0	1	0.9955829787349142	3.8522578214705274	230.0	15	1.05	0.95				
	121	2	0.0	0.0	0.0	0.0	1	1.0026344125171622	18.828557854140975	230.0	17	1.05	0.95				
	122	2	0.0	0.0	0.0	0.0	1	1.0074429297081764	36.742810813006386	230.0	17	1.05	0.95				
	123	2	0.0	0.0	0.0	0.0	1	0.9998850923432476	2.5945087221213896	230.0	15	1.05	0.95				
	124	1	0.0	0.0	0.0	0.0	1	0.9811644966827917	8.040694774291238	230.0	16	1.05	0.95				
	201	2	46.392570454736855	9.450338425964913	0.0	0.0	2	1.010283273323918	-12.813876349167394	138.0	21	1.05	0.95				
	202	2	41.66740124175439	8.591216750877194	0.0	0.0	2	1.0092233248670457	-13.008485466459	138.0	22	1.05	0.95				
	203	1	77.32095075789475	15.89375098912281	0.0	0.0	2	0.9967219847817242	-9.68741469551162	138.0	21	1.05	0.95				
	204	1	31.78750197824562	6.443412563157895	0.0	0.0	2	0.9997969953649706	-11.991369318530268	138.0	21	1.05	0.95				
	205	1	30.498819465614034	6.013851725614037	0.0	0.0	2	1.0160354029933598	-12.392387319715999	138.0	21	1.05	0.95				
	206	1	58.420273905964926	12.027703451228074	0.0	-100.0	2	1.0271595158753613	-12.690617826624594	138.0	22	1.05	0.95				
	207	2	53.69510469298247	10.739020938596493	0.0	0.0	2	0.9708603842949451	-17.90946627993594	138.0	22	1.05	0.95				
	208	1	73.45490322	15.034629314035088	0.0	0.0	2	0.9782200939831519	-15.900909088092666	138.0	22	1.05	0.95				
	209	1	75.17314657017545	15.464190151578949	0.0	0.0	2	1.0053601363649027	-9.321521899781473	138.0	23	1.05	0.95				
	210	1	83.76436332105264	17.18243350175439	0.0	0.0	2	1.0325890761149825	-10.545002694274888	138.0	23	1.05	0.95				
	211	1	0.0	0.0	0.0	0.0	2	0.9879155693443158	-6.71871114273307	230.0	23	1.05	0.95				
	212	1	0.0	0.0	0.0	0.0	2	0.9882708925500222	-2.2068736383265684	230.0	23	1.05	0.95				
	213	2	113.83362194912281	23.196285227368428	0.0	0.0	2	0.9845700733761041	-4.156443738023331	230.0	24	1.05	0.95				
	214	2	83.33480248350878	16.752872664210532	0.0	0.0	2	0.9863819361069709	-5.619872105197253	230.0	26	1.05	0.95				
	215	2	136.17078550140354	27.49189360280702	0.0	0.0	2	0.9924378299453342	-0.908269657342143	230.0	26	1.05	0.95				
	216	2	42.95608375438597	8.591216750877194	0.0	0.0	2	0.9909031092141538	-1.2050796662498922	230.0	26	1.05	0.95				
	217	1	0.0	0.0	0.0	0.0	2	1.0012601618551085	-0.057629614967572226	230.0	27	1.05	0.95				
	218	2	143.04375890210528	29.210136952982463	0.0	0.0	2	1.0020985336642696	-0.6295577448286208	230.0	27	1.05	0.95				
	219	1	77.75051159543861	15.89375098912281	0.0	0.0	2	0.9840469896910075	-0.3244839409762677	230.0	25	1.05	0.95				
	220	1	54.98378720561404	11.168581776140353	0.0	0.0	2	0.9816345623814242	1.360533661887291	230.0	25	1.05	0.95				
	221	2	0.0	0.0	0.0	0.0	2	1.0044991545313138	-0.09150512470864906	230.0	27	1.05	0.95				
	222	2	0.0	0.0	0.0	0.0	2	1.0222926900755132	5.1064682400802806	230.0	27	1.05	0.95				
	223	2	0.0	0.0	0.0	0.0	2	0.981666546010621	2.6522680339015694	230.0	25	1.05	0.95				
	224	1	0.0	0.0	0.0	0.0	2	0.9834842962213828	-4.245504508929125	230.0	26	1.05	0.95				
	301	2	61.892439120000006	12.607719080000003	0.0	0.0	3	1.0025051606689819	29.237660752043887	138.0	31	1.05	0.95				
	302	2	55.588579579999994	11.461562800000001	0.0	0.0	3	1.0032094293401073	28.8564948016053	138.0	32	1.05	0.95				
	303	1	103.1540652	21.20389118	0.0	0.0	3	1.0147355659466197	44.9384853488326	138.0	31	1.05	0.95				
	304	1	42.40778236	8.5961721	0.0	0.0	3	0.9927688315946739	30.697785309079084	138.0	31	1.05	0.95				
	305	1	40.68854794	8.02309396	0.0	0.0	3	1.0107558418258593	28.471134715086514	138.0	31	1.05	0.95				
	306	1	77.93862704000001	16.04618792	0.0	-100.0	3	1.0222711489181049	27.376401874859017	138.0	32	1.05	0.95				
	307	2	71.6347675	14.3269535	0.0	0.0	3	0.9661989805317927	23.952145161146177	138.0	32	1.05	0.95				
	308	1	97.99636194	20.0577349	0.0	0.0	3	0.9761280234820122	26.654247663831136	138.0	32	1.05	0.95				
	309	1	100.28867450000001	20.63081304	0.0	0.0	3	1.004370477237941	34.654918450131966	138.0	33	1.05	0.95				
	310	1	111.7502373	22.923125600000002	0.0	0.0	3	1.0337145993210628	29.59258250506433	138.0	33	1.05	0.95				
	311	1	0.0	0.0	0.0	0.0	3	0.9954787938433026	34.153101891941674	230.0	33	1.05	0.95				
	312	1	0.0	0.0	0.0	0.0	3	1.00206647967564	34.39200454128805	230.0	33	1.05	0.95				
	313	2	151.8657071	30.946219560000003	0.0	0.0	3	1.005025867800209	37.24339359638381	230.0	34	1.05	0.95				
	314	2	111.17715915999999	22.350047460000003	0.0	0.0	3	0.9885949016501776	33.5342567878244	230.0	36	1.05	0.95				
	315	2	181.66577038	36.67700096	0.0	0.0	3	0.9886227905621929	31.782869094616252	230.0	36	1.05	0.95				
	316	2	57.307814	11.461562800000001	0.0	0.0	3	0.982507749731756	32.068161826946955	230.0	36	1.05	0.95				
	317	1	0.0	0.0	0.0	0.0	3	0.9937165204464898	33.78714480763439	230.0	37	1.05	0.95				
	318	2	190.83502062000002	38.96931352000001	0.0	0.0	3	0.9865293401722918	29.88946407253427	230.0	37	1.05	0.95				
	319	1	103.72714334000001	21.20389118	0.0	0.0	3	0.991117643382177	31.93347700119545	230.0	35	1.05	0.95				
	320	1	73.35400192	14.90003164	0.0	0.0	3	1.0003159186941986	31.593773720016713	230.0	35	1.05	0.95				
	321	2	0.0	0.0	0.0	0.0	3	0.9956741341153145	31.001479061522534	230.0	37	1.05	0.95				
	322	2	0.0	0.0	0.0	0.0	3	1.0129629011655081	34.9165131931436	230.0	37	1.05	0.95				
	323	2	0.0	0.0	0.0	0.0	3	1.0054043082802644	31.328774623569764	230.0	35	1.05	0.95				
	324	1	0.0	0.0	0.0	0.0	3	0.996261812318765	38.20173613555147	230.0	36	1.05	0.95				
	325	1	0.0	0.0	0.0	0.0	3	1.006250542993011	30.27711887638385	230.0	35	1.05	0.95				
];
