%% MATPOWER Case Format : Version 2
function mpc = RTS_GMLC
mpc.version = '2';

%%-----  Power Flow Data  -----%%
%% system MVA base
mpc.baseMVA = 100.0;
%% bus data
%    bus_i    type    Pd    Qd    Gs    Bs    area    Vm    Va    baseKV    zone    Vmax    Vmin
mpc.bus = [
	101	2	41.85601188631579	8.52622464350877	0.0	0.0	1	1.0328175175217218	2.9449843632504247	138.0	11	1.05	0.95				
	102	2	37.59289956456141	7.751113312280703	0.0	0.0	1	1.0318958669853786	2.6824770851955315	138.0	12	1.05	0.95				
	103	1	69.76001981052632	14.339559627719298	0.0	0.0	1	1.0305497704796363	1.4686186573371298	138.0	11	1.05	0.95				
	104	1	28.679119255438597	5.813334984210526	0.0	0.0	1	1.021615282480369	-0.34600898131653807	138.0	11	1.05	0.95				
	105	1	27.51645225859649	5.425779318596492	0.0	0.0	1	1.0360697276957713	-0.13641913418104135	138.0	11	1.05	0.95				
	106	1	52.70757052350877	10.851558637192984	0.0	-100.0	1	1.0463146140758028	-2.3035015001732053	138.0	12	1.05	0.95				
	107	2	48.44445820175439	9.688891640350878	0.0	0.0	1	1.0002502845562853	-7.488837584567854	138.0	12	1.05	0.95				
	108	1	66.27201882	13.564448296491227	0.0	0.0	1	1.0056253131005095	-6.216805631574318	138.0	12	1.05	0.95				
	109	1	67.82224148245615	13.952003962105264	0.0	0.0	1	1.024717334728582	-1.247905108586246	138.0	13	1.05	0.95				
	110	1	75.57335479473684	15.502226624561406	0.0	0.0	1	1.05	-2.0356267012111458	138.0	13	1.05	0.95				
	111	1	0.0	0.0	0.0	0.0	1	1.0027807516477774	0.3091920212681407	230.0	13	1.05	0.95				
	112	1	0.0	0.0	0.0	0.0	1	1.0075758201561238	0.418924842203004	230.0	13	1.05	0.95				
	113	3	102.70225138771929	20.928005943157896	0.0	0.0	1	0.9927668510238955	4.0295634262441255e-29	230.0	14	1.05	0.95				
	114	2	75.18579912912281	15.114670958947368	0.0	0.0	1	1.000400629540235	2.660224853615272	230.0	16	1.05	0.95				
	115	2	122.85514599964912	24.803562599298246	0.0	0.0	1	1.039185960135395	8.714984717682409	230.0	16	1.05	0.95				
	116	2	38.75556656140351	7.751113312280703	0.0	0.0	1	1.0346817025313515	8.167045112849765	230.0	16	1.05	0.95				
	117	1	0.0	0.0	0.0	0.0	1	1.0422923323187987	10.592162525982587	230.0	17	1.05	0.95				
	118	2	129.0560366494737	26.353785261754386	0.0	0.0	1	1.0459806022781892	10.632923507882373	230.0	17	1.05	0.95				
	119	1	70.14757547614036	14.339559627719298	0.0	0.0	1	1.0271135025096616	6.7062155795629455	230.0	15	1.05	0.95				
	120	1	49.60712519859649	10.076447305964912	0.0	0.0	1	1.0232860311426528	6.181644651608447	230.0	15	1.05	0.95				
	121	2	0.0	0.0	0.0	0.0	1	1.05	11.55924632242638	230.0	17	1.05	0.95				
	122	2	0.0	0.0	0.0	0.0	1	1.05	20.073359132649664	230.0	17	1.05	0.95				
	123	2	0.0	0.0	0.0	0.0	1	1.021502160996718	6.19437615819286	230.0	15	1.05	0.95				
	124	1	0.0	0.0	0.0	0.0	1	1.0265118254530357	6.000998293348023	230.0	16	1.05	0.95				
	201	2	43.94459311578947	8.951676375438597	0.0	0.0	2	1.026189551476518	-6.78424479225046	138.0	21	1.05	0.95				
	202	2	39.46875492807017	8.137887614035089	0.0	0.0	2	1.027208642838166	-6.57615227496091	138.0	22	1.05	0.95				
	203	1	73.24098852631579	15.05509208596491	0.0	0.0	2	1.016998782338796	-6.558021332292926	138.0	21	1.05	0.95				
	204	1	30.11018417192982	6.103415710526315	0.0	0.0	2	1.0185043460633272	-8.349717425784188	138.0	21	1.05	0.95				
	205	1	28.88950102982456	5.696521329824562	0.0	0.0	2	1.0331583763302363	-8.566243415597654	138.0	21	1.05	0.95				
	206	1	55.3376357754386	11.393042659649124	0.0	-100.0	2	1.0453022196279367	-9.926990595601787	138.0	22	1.05	0.95				
	207	2	50.861797587719295	10.172359517543859	0.0	0.0	2	0.9924579021281457	-15.857121324160119	138.0	22	1.05	0.95				
	208	1	69.57893909999999	14.241303324561402	0.0	0.0	2	0.9993839031055137	-14.03783154457348	138.0	22	1.05	0.95				
	209	1	71.20651662280702	14.648197705263158	0.0	0.0	2	1.0227235297600066	-8.128649723680011	138.0	23	1.05	0.95				
	210	1	79.34440423684211	16.275775228070177	0.0	0.0	2	1.05	-9.06712727818363	138.0	23	1.05	0.95				
	211	1	0.0	0.0	0.0	0.0	2	1.0034264989116666	-5.680802188347896	230.0	23	1.05	0.95				
	212	1	0.0	0.0	0.0	0.0	2	1.0076207737888303	-4.8795584362919255	230.0	23	1.05	0.95				
	213	2	107.82701088596491	21.972296557894737	0.0	0.0	2	0.9975427479605097	-4.529782602111266	230.0	24	1.05	0.95				
	214	2	78.93750985614034	15.868880847368422	0.0	0.0	2	1.001504636339434	-3.6376593569951168	230.0	26	1.05	0.95				
	215	2	128.98551868245613	26.041240364912284	0.0	0.0	2	1.020483202144438	1.66704126853642	230.0	26	1.05	0.95				
	216	2	40.689438070175434	8.137887614035089	0.0	0.0	2	1.021994613250289	1.7056608165339011	230.0	26	1.05	0.95				
	217	1	0.0	0.0	0.0	0.0	2	1.0274025952729395	3.41437266174391	230.0	27	1.05	0.95				
	218	2	135.4958287736842	27.6688178877193	0.0	0.0	2	1.0267261352922676	2.9543902526218577	230.0	27	1.05	0.95				
	219	1	73.64788290701755	15.05509208596491	0.0	0.0	2	1.023116399629882	1.6434872280365118	230.0	25	1.05	0.95				
	220	1	52.08248072982457	10.579253898245614	0.0	0.0	2	1.026726481614743	2.388239445073378	230.0	25	1.05	0.95				
	221	2	0.0	0.0	0.0	0.0	2	1.02824437199574	3.3286290467274773	230.0	27	1.05	0.95				
	222	2	0.0	0.0	0.0	0.0	2	1.0499999341677968	9.852622696045085	230.0	27	1.05	0.95				
	223	2	0.0	0.0	0.0	0.0	2	1.029362802508415	3.10772096215476	230.0	25	1.05	0.95				
	224	1	0.0	0.0	0.0	0.0	2	1.0089154637136515	-1.433031450719793	230.0	26	1.05	0.95				
	301	2	52.73584309894738	10.742486557192983	0.0	0.0	3	1.0116521870681985	-17.770898063143566	138.0	31	1.05	0.95				
	302	2	47.364599820350875	9.765896870175439	0.0	0.0	3	1.0106341795643974	-17.998126813941752	138.0	32	1.05	0.95				
	303	1	87.89307183157895	18.066909209824562	0.0	0.0	3	1.0390711177020826	-8.298631211076342	138.0	31	1.05	0.95				
	304	1	36.133818419649124	7.324422652631579	0.0	0.0	3	1.010634175198447	-16.651987037877216	138.0	31	1.05	0.95				
	305	1	34.668933889122805	6.836127809122808	0.0	0.0	3	1.024630379541734	-17.777049555852983	138.0	31	1.05	0.95				
	306	1	66.40809871719298	13.672255618245616	0.0	-100.0	3	1.0393744278827644	-18.35056987957639	138.0	32	1.05	0.95				
	307	2	61.03685543859649	12.207371087719299	0.0	0.0	3	0.9923543414389017	-23.755738991066803	138.0	32	1.05	0.95				
	308	1	83.49841824	17.090319522807018	0.0	0.0	3	0.9965669145731882	-21.501542610706284	138.0	32	1.05	0.95				
	309	1	85.4515976140351	17.57861436631579	0.0	0.0	3	1.0262934063038356	-13.551228309028447	138.0	33	1.05	0.95				
	310	1	95.21749448421053	19.531793740350878	0.0	0.0	3	1.05	-16.21349488505944	138.0	33	1.05	0.95				
	311	1	0.0	0.0	0.0	0.0	3	1.0113718964558798	-10.327802789432402	230.0	33	1.05	0.95				
	312	1	0.0	0.0	0.0	0.0	3	1.013402740741856	-9.802722221501034	230.0	33	1.05	0.95				
	313	2	129.39813352982458	26.36792154947369	0.0	0.0	3	1.0130959042750818	-7.017748871440321	230.0	34	1.05	0.95				
	314	2	94.72919964070175	19.043498896842106	0.0	0.0	3	1.0152696906489556	-8.599556636864143	230.0	36	1.05	0.95				
	315	2	154.7894653922807	31.250869984561408	0.0	0.0	3	1.0374242435469059	-3.8802026927601982	230.0	36	1.05	0.95				
	316	2	48.829484350877195	9.765896870175439	0.0	0.0	3	1.0371147859629963	-3.2186267997995963	230.0	36	1.05	0.95				
	317	1	0.0	0.0	0.0	0.0	3	1.0417558201963748	-1.2082973827123171	230.0	37	1.05	0.95				
	318	2	162.60218288842105	33.20404935859649	0.0	0.0	3	1.0388624211888413	-1.8804166691811557	230.0	37	1.05	0.95				
	319	1	88.38136667508772	18.066909209824562	0.0	0.0	3	1.032914361430771	-4.174035636496096	230.0	35	1.05	0.95				
	320	1	62.501739969122816	12.69566593122807	0.0	0.0	3	1.0328883746067492	-4.068225865404817	230.0	35	1.05	0.95				
	321	2	0.0	0.0	0.0	0.0	3	1.0401229778122427	-1.9972224101014715	230.0	37	1.05	0.95				
	322	2	0.0	0.0	0.0	0.0	3	1.05	2.6320976973216874	230.0	37	1.05	0.95				
	323	2	0.0	0.0	0.0	0.0	3	1.0337096790131697	-3.6401832584222213	230.0	35	1.05	0.95				
	324	1	0.0	0.0	0.0	0.0	3	1.0311788821441363	-5.551416966904496	230.0	36	1.05	0.95				
	325	1	0.0	0.0	0.0	0.0	3	1.0305003951149898	-2.367170704300512	230.0	35	1.05	0.95				
];
