%% MATPOWER Case Format : Version 2
function mpc = RTS_GMLC
mpc.version = '2';

%%-----  Power Flow Data  -----%%
%% system MVA base
mpc.baseMVA = 100.0;
%% bus data
%    bus_i    type    Pd    Qd    Gs    Bs    area    Vm    Va    baseKV    zone    Vmax    Vmin
mpc.bus = [
	101	2	72.34289954526317	14.736516574035086	0.0	0.0	1	1.0499999962647932	1.0986729956043373	138.0	11	1.05	0.95				
	102	2	64.9746412582456	13.396833249122805	0.0	0.0	1	1.049445013010244	0.860996125226266	138.0	12	1.05	0.95				
	103	1	120.57149924210526	24.78414151087719	0.0	0.0	1	1.028565149070251	-1.2500844403075728	138.0	11	1.05	0.95				
	104	1	49.56828302175438	10.047624936842105	0.0	0.0	1	1.0266206611959554	-2.770708591013962	138.0	11	1.05	0.95				
	105	1	47.55875803438595	9.377783274385965	0.0	0.0	1	1.0403762564159416	-2.9884234843828077	138.0	11	1.05	0.95				
	106	1	91.09846609403509	18.75556654877193	0.0	-100.0	1	1.0418296463363357	-5.942812748326591	138.0	12	1.05	0.95				
	107	2	83.73020780701754	16.74604156140351	0.0	0.0	1	1.0078360704358413	-8.854805270566526	138.0	12	1.05	0.95				
	108	1	114.54292428	23.44445818596491	0.0	0.0	1	1.0024099256183985	-9.143726471315553	138.0	12	1.05	0.95				
	109	1	117.22229092982455	24.11429984842105	0.0	0.0	1	1.0259200825378743	-3.9378573627023012	138.0	13	1.05	0.95				
	110	1	130.61912417894737	26.79366649824561	0.0	0.0	1	1.05	-5.105669206221416	138.0	13	1.05	0.95				
	111	1	0.0	0.0	0.0	0.0	1	1.0116694601477767	-1.6171570716779105	230.0	13	1.05	0.95				
	112	1	0.0	0.0	0.0	0.0	1	1.0140900278870542	-0.7782052523869101	230.0	13	1.05	0.95				
	113	3	177.50804055087715	36.17144977263158	0.0	0.0	1	1.009836145668636	2.2627060881636008e-26	230.0	14	1.05	0.95				
	114	2	129.9492825164912	26.12382483578947	0.0	0.0	1	1.0128363376814076	-0.05919237741018164	230.0	16	1.05	0.95				
	115	2	212.33980699859646	42.86986639719298	0.0	0.0	1	1.0412659467684076	6.576010436451953	230.0	16	1.05	0.95				
	116	2	66.98416624561403	13.396833249122805	0.0	0.0	1	1.0384494768602472	6.200335245868993	230.0	16	1.05	0.95				
	117	1	0.0	0.0	0.0	0.0	1	1.0432898380931763	8.451697857005005	230.0	17	1.05	0.95				
	118	2	223.05727359789472	45.549233047017545	0.0	0.0	1	1.0449404581621027	8.62342571300574	230.0	17	1.05	0.95				
	119	1	121.2413409045614	24.78414151087719	0.0	0.0	1	1.0324609708295442	5.421361829134932	230.0	15	1.05	0.95				
	120	1	85.73973279438596	17.415883223859648	0.0	0.0	1	1.0321538296183288	5.678400718325495	230.0	15	1.05	0.95				
	121	2	0.0	0.0	0.0	0.0	1	1.0480930813141642	10.065140415435998	230.0	17	1.05	0.95				
	122	2	0.0	0.0	0.0	0.0	1	1.05	16.2978736523347	230.0	17	1.05	0.95				
	123	2	0.0	0.0	0.0	0.0	1	1.0337218674796207	6.32341778439674	230.0	15	1.05	0.95				
	124	1	0.0	0.0	0.0	0.0	1	1.0264529788516124	3.656429222103064	230.0	16	1.05	0.95				
	201	2	62.33842280842106	12.698567609122808	0.0	0.0	2	1.0286137656544707	-4.758546709711011	138.0	21	1.05	0.95				
	202	2	55.989139003859655	11.544152371929826	0.0	0.0	2	1.0291716433942069	-4.6468358418145685	138.0	22	1.05	0.95				
	203	1	103.89737134736843	21.356681888070177	0.0	0.0	2	1.0184869733920807	-5.4223124223455414	138.0	21	1.05	0.95				
	204	1	42.713363776140355	8.65811427894737	0.0	0.0	2	1.0174430154027643	-6.223909377974293	138.0	21	1.05	0.95				
	205	1	40.98174092035088	8.080906660350879	0.0	0.0	2	1.0321298892610753	-6.327813878426638	138.0	21	1.05	0.95				
	206	1	78.50023612912283	16.161813320701757	0.0	-100.0	2	1.0410417073757767	-7.7306994064814605	138.0	22	1.05	0.95				
	207	2	72.15095232456142	14.430190464912283	0.0	0.0	2	0.9900802366814029	-16.30753015719094	138.0	22	1.05	0.95				
	208	1	98.70250278000002	20.202266650877192	0.0	0.0	2	0.9910538194152334	-13.557152376052217	138.0	22	1.05	0.95				
	209	1	101.01133325438599	20.779474269473685	0.0	0.0	2	1.0252443018804496	-5.160985214454945	138.0	23	1.05	0.95				
	210	1	112.55548562631579	23.088304743859652	0.0	0.0	2	1.05	-6.081848101034283	138.0	23	1.05	0.95				
	211	1	0.0	0.0	0.0	0.0	2	1.0107134561603128	-2.331628813345174	230.0	23	1.05	0.95				
	212	1	0.0	0.0	0.0	0.0	2	1.0168241191022414	2.314613545027291	230.0	23	1.05	0.95				
	213	2	152.96001892807018	31.16921140421053	0.0	0.0	2	1.009610165788269	-0.06936009189330979	230.0	24	1.05	0.95				
	214	2	111.97827800771931	22.51109712526316	0.0	0.0	2	1.011922450509998	-0.9495211353020918	230.0	26	1.05	0.95				
	215	2	182.97481509508773	36.94128759017544	0.0	0.0	2	1.03389590147194	4.356690216301894	230.0	26	1.05	0.95				
	216	2	57.72076185964913	11.544152371929826	0.0	0.0	2	1.033735686820997	4.521997788904188	230.0	26	1.05	0.95				
	217	1	0.0	0.0	0.0	0.0	2	1.0389109864614492	6.5324986967991885	230.0	27	1.05	0.95				
	218	2	192.21013699263162	39.25011806456141	0.0	0.0	2	1.0395312776320058	6.781529412487087	230.0	27	1.05	0.95				
	219	1	104.47457896596492	21.356681888070177	0.0	0.0	2	1.0324189225019365	4.494968887581773	230.0	25	1.05	0.95				
	220	1	73.88257518035088	15.007398083508775	0.0	0.0	2	1.035909291857092	5.57740073347858	230.0	25	1.05	0.95				
	221	2	0.0	0.0	0.0	0.0	2	1.0398453503862768	6.73803541812217	230.0	27	1.05	0.95				
	222	2	0.0	0.0	0.0	0.0	2	1.05	13.159519574682848	230.0	27	1.05	0.95				
	223	2	0.0	0.0	0.0	0.0	2	1.039412126029604	6.599864929022106	230.0	25	1.05	0.95				
	224	1	0.0	0.0	0.0	0.0	2	1.015979565572488	0.713272997016371	230.0	26	1.05	0.95				
	301	2	80.46187916210528	16.390382792280704	0.0	0.0	3	0.9739759578877516	-13.050487256652694	138.0	31	1.05	0.95				
	302	2	72.2666877659649	14.900347992982457	0.0	0.0	3	0.975697880957239	-13.208175786321815	138.0	32	1.05	0.95				
	303	1	134.10313193684212	27.565643787017546	0.0	0.0	3	0.9966160052199264	-7.6107820277811715	138.0	31	1.05	0.95				
	304	1	55.13128757403509	11.175260994736842	0.0	0.0	3	0.9702306795977645	-10.543590675383012	138.0	31	1.05	0.95				
	305	1	52.89623537508772	10.43024359508772	0.0	0.0	3	0.9815835088592338	-10.767280709772598	138.0	31	1.05	0.95				
	306	1	101.32236635228071	20.86048719017544	0.0	-100.0	3	0.9935176007251278	-10.350610959845733	138.0	32	1.05	0.95				
	307	2	93.12717495614035	18.625434991228072	0.0	0.0	3	0.95	-16.851864159230107	138.0	32	1.05	0.95				
	308	1	127.39797533999999	26.075608987719296	0.0	0.0	3	0.9548446609616561	-13.057369413881792	138.0	32	1.05	0.95				
	309	1	130.3780449385965	26.820626387368424	0.0	0.0	3	0.995246126391481	-5.127469649099215	138.0	33	1.05	0.95				
	310	1	145.27839293157896	29.800695985964914	0.0	0.0	3	1.013704130709922	-5.918512114612167	138.0	33	1.05	0.95				
	311	1	0.0	0.0	0.0	0.0	3	0.9899635647628796	2.6175063661876248	230.0	33	1.05	0.95				
	312	1	0.0	0.0	0.0	0.0	3	0.9936184690816801	3.9565526561863344	230.0	33	1.05	0.95				
	313	2	197.42961090701755	40.23093958105264	0.0	0.0	3	1.0201225132079783	11.751453213035425	230.0	34	1.05	0.95				
	314	2	144.5333755319298	29.055678586315793	0.0	0.0	3	1.0025348491002481	2.4273672604522996	230.0	36	1.05	0.95				
	315	2	236.17051568877196	47.68111357754386	0.0	0.0	3	1.0461744305308336	-0.7510484224524774	230.0	36	1.05	0.95				
	316	2	74.50173996491229	14.900347992982457	0.0	0.0	3	1.0426156980166454	0.8425354492204002	230.0	36	1.05	0.95				
	317	1	0.0	0.0	0.0	0.0	3	1.045282625002784	0.7539120880383197	230.0	37	1.05	0.95				
	318	2	248.0907940831579	50.661183176140355	0.0	0.0	3	1.0439052572879397	0.07336837640912765	230.0	37	1.05	0.95				
	319	1	134.84814933649122	27.565643787017546	0.0	0.0	3	1.0322693148199378	1.7851717641756362	230.0	35	1.05	0.95				
	320	1	95.36222715508772	19.370452390877194	0.0	0.0	3	1.0304578189204254	4.025608851304833	230.0	35	1.05	0.95				
	321	2	0.0	0.0	0.0	0.0	3	1.0470965492346216	0.33385750449683826	230.0	37	1.05	0.95				
	322	2	0.0	0.0	0.0	0.0	3	1.05	4.835173716706488	230.0	37	1.05	0.95				
	323	2	0.0	0.0	0.0	0.0	3	1.0307945872968858	5.188996586680931	230.0	35	1.05	0.95				
	324	1	0.0	0.0	0.0	0.0	3	1.021124970372016	-1.1517972796771059	230.0	36	1.05	0.95				
	325	1	0.0	0.0	0.0	0.0	3	1.0319729153199435	5.610630332856253	230.0	35	1.05	0.95				
];
