%% MATPOWER Case Format : Version 2
function mpc = RTS_GMLC
mpc.version = '2';

%%-----  Power Flow Data  -----%%
%% system MVA base
mpc.baseMVA = 100.0;
%% bus data
%    bus_i    type    Pd    Qd    Gs    Bs    area    Vm    Va    baseKV    zone    Vmax    Vmin
mpc.bus = [
	101	2	96.19000495578949	19.594260268771933	0.0	0.0	1	1.038739541374138	-5.72973951645585	138.0	11	1.05	0.95				
	102	2	86.39287482140351	17.81296388070176	0.0	0.0	1	1.0388726207424275	-5.765849729859951	138.0	12	1.05	0.95				
	103	1	160.3166749263158	32.95398317929825	0.0	0.0	1	1.018761587829321	-5.872769330284703	138.0	11	1.05	0.95				
	104	1	65.9079663585965	13.359722910526317	0.0	0.0	1	1.0179602825111735	-8.360516065409485	138.0	11	1.05	0.95				
	105	1	63.23602177649123	12.46907471649123	0.0	0.0	1	1.0325208703003916	-8.722097104528912	138.0	11	1.05	0.95				
	106	1	121.12815438877193	24.93814943298246	0.0	-100.0	1	1.0335059674934284	-11.194585143844405	138.0	12	1.05	0.95				
	107	2	111.33102425438597	22.266204850877195	0.0	0.0	1	1.05	-6.6531431733018085	138.0	12	1.05	0.95				
	108	1	152.30084118	31.17268679122807	0.0	0.0	1	1.0214708467404947	-10.029082767633696	138.0	12	1.05	0.95				
	109	1	155.86343395614034	32.06333498526316	0.0	0.0	1	1.0277697594505715	-7.325260055283972	138.0	13	1.05	0.95				
	110	1	173.6763978368421	35.62592776140352	0.0	0.0	1	1.05	-8.966894783297157	138.0	13	1.05	0.95				
	111	1	0.0	0.0	0.0	0.0	1	1.0198790280353758	-3.575668250091947	230.0	13	1.05	0.95				
	112	1	0.0	0.0	0.0	0.0	1	1.0203567214823719	-2.3369080172513055	230.0	13	1.05	0.95				
	113	3	236.02177141929826	48.095002477894745	0.0	0.0	1	1.0284540188708016	3.488853455534374e-31	230.0	14	1.05	0.95				
	114	2	172.78574964280702	34.73527956736843	0.0	0.0	1	1.0255653020081807	-2.173324203621597	230.0	16	1.05	0.95				
	115	2	282.3354775091228	57.00148441824562	0.0	0.0	1	1.0444868435104075	5.44701118213726	230.0	16	1.05	0.95				
	116	2	89.06481940350878	17.81296388070176	0.0	0.0	1	1.0454663548688257	5.245220939881405	230.0	16	1.05	0.95				
	117	1	0.0	0.0	0.0	0.0	1	1.0481863005126297	8.297746300283848	230.0	17	1.05	0.95				
	118	2	296.5858486136842	60.564077194385966	0.0	0.0	1	1.0498542543146	8.96643994834537	230.0	17	1.05	0.95				
	119	1	161.20732312035088	32.95398317929825	0.0	0.0	1	1.040276214306289	4.391249033516893	230.0	15	1.05	0.95				
	120	1	114.00296883649123	23.156853044912282	0.0	0.0	1	1.0434163393105909	5.070021728654196	230.0	15	1.05	0.95				
	121	2	0.0	0.0	0.0	0.0	1	1.05	9.770331252203798	230.0	17	1.05	0.95				
	122	2	0.0	0.0	0.0	0.0	1	1.05	15.704207555627766	230.0	17	1.05	0.95				
	123	2	0.0	0.0	0.0	0.0	1	1.0480274606290332	6.089960529397334	230.0	15	1.05	0.95				
	124	1	0.0	0.0	0.0	0.0	1	1.0206813888286266	1.267363944588231	230.0	16	1.05	0.95				
	201	2	101.62505902736842	20.701400912982457	0.0	0.0	2	1.05	-12.404763448742479	138.0	21	1.05	0.95				
	202	2	91.27435857087718	18.819455375438597	0.0	0.0	2	1.05	-12.416489694468565	138.0	22	1.05	0.95				
	203	1	169.37509837894737	34.8159924445614	0.0	0.0	2	1.0232618901137103	-9.598839405472825	138.0	21	1.05	0.95				
	204	1	69.6319848891228	14.114591531578945	0.0	0.0	2	1.018192434394732	-13.785783827501806	138.0	21	1.05	0.95				
	205	1	66.809066582807	13.173618762807019	0.0	0.0	2	1.0357490330516224	-14.237464367822334	138.0	21	1.05	0.95				
	206	1	127.97229655298246	26.347237525614037	0.0	-100.0	2	1.0317085022372885	-16.131333491811667	138.0	22	1.05	0.95				
	207	2	117.62159609649123	23.524319219298246	0.0	0.0	2	0.95	-25.41811746507811	138.0	22	1.05	0.95				
	208	1	160.90634346	32.93404690701754	0.0	0.0	2	0.9518547163214355	-22.816143828279014	138.0	22	1.05	0.95				
	209	1	164.6702345350877	33.87501967578947	0.0	0.0	2	1.0231072626760527	-11.11458491650127	138.0	23	1.05	0.95				
	210	1	183.4896899105263	37.638910750877194	0.0	0.0	2	1.0455306431648066	-13.160888222438842	138.0	23	1.05	0.95				
	211	1	0.0	0.0	0.0	0.0	2	1.0308599325424381	-5.981519449903048	230.0	23	1.05	0.95				
	212	1	0.0	0.0	0.0	0.0	2	1.0248136614171675	-1.4398125542818727	230.0	23	1.05	0.95				
	213	2	249.3577837245614	50.81252951368421	0.0	0.0	2	1.05	-0.9587982643506736	230.0	24	1.05	0.95				
	214	2	182.54871714175437	36.697937982105266	0.0	0.0	2	1.05	-4.525516863878906	230.0	26	1.05	0.95				
	215	2	298.2883677007017	60.22225720140351	0.0	0.0	2	1.0457006171445187	3.4981953108466435	230.0	26	1.05	0.95				
	216	2	94.09727687719298	18.819455375438597	0.0	0.0	2	1.0492571003830033	3.3622024561836543	230.0	26	1.05	0.95				
	217	1	0.0	0.0	0.0	0.0	2	1.05	6.141993339398243	230.0	27	1.05	0.95				
	218	2	313.3439320010526	63.98614827649123	0.0	0.0	2	1.0498066573865705	6.709657308128065	230.0	27	1.05	0.95				
	219	1	170.3160711477193	34.8159924445614	0.0	0.0	2	1.0421251683163404	3.1653814194090537	230.0	25	1.05	0.95				
	220	1	120.44451440280702	24.465291988070177	0.0	0.0	2	1.0448784600813263	4.753931193335591	230.0	25	1.05	0.95				
	221	2	0.0	0.0	0.0	0.0	2	1.05	7.368330988527288	230.0	27	1.05	0.95				
	222	2	0.0	0.0	0.0	0.0	2	1.05	13.399139476413593	230.0	27	1.05	0.95				
	223	2	0.0	0.0	0.0	0.0	2	1.05	6.305086815137306	230.0	25	1.05	0.95				
	224	1	0.0	0.0	0.0	0.0	2	1.0206848184543718	-1.3573304222483706	230.0	26	1.05	0.95				
	301	2	98.55298955368423	20.075608983157895	0.0	0.0	3	0.9857717657408428	-16.90369215193683	138.0	31	1.05	0.95				
	302	2	88.51518506210526	18.250553621052635	0.0	0.0	3	0.988280717679554	-17.30468578419967	138.0	32	1.05	0.95				
	303	1	164.25498258947368	33.76352419894737	0.0	0.0	3	0.9867423915718591	-11.585783602299701	138.0	31	1.05	0.95				
	304	1	67.52704839789475	13.687915215789474	0.0	0.0	3	0.9691295495102334	-15.987827392648445	138.0	31	1.05	0.95				
	305	1	64.78946535473685	12.775387534736844	0.0	0.0	3	0.9830604817402451	-16.116145341005854	138.0	31	1.05	0.95				
	306	1	124.10376462315791	25.550775069473687	0.0	-100.0	3	0.9867212667190668	-16.703581890974313	138.0	32	1.05	0.95				
	307	2	114.06596013157895	22.81319202631579	0.0	0.0	3	0.9556290814909654	-19.31442794349971	138.0	32	1.05	0.95				
	308	1	156.04223345999998	31.938468836842105	0.0	0.0	3	0.95	-18.149664493798358	138.0	32	1.05	0.95				
	309	1	159.69234418421053	32.850996517894735	0.0	0.0	3	0.9879669327532999	-10.874269399069938	138.0	33	1.05	0.95				
	310	1	177.94289780526316	36.50110724210527	0.0	0.0	3	1.0073491318216479	-12.155313886064274	138.0	33	1.05	0.95				
	311	1	0.0	0.0	0.0	0.0	3	0.9878080572320036	-3.247642722990945	230.0	33	1.05	0.95				
	312	1	0.0	0.0	0.0	0.0	3	0.9882928882088023	-1.9432234308460852	230.0	33	1.05	0.95				
	313	2	241.81983547894737	49.276494776842114	0.0	0.0	3	1.0135201346157743	4.110323118159143	230.0	34	1.05	0.95				
	314	2	177.03037012421052	35.58857956105263	0.0	0.0	3	1.0053464235315752	-1.7898518130662426	230.0	36	1.05	0.95				
	315	2	289.2712748936842	58.40177158736842	0.0	0.0	3	1.0445274319838627	0.5930417023399929	230.0	36	1.05	0.95				
	316	2	91.25276810526316	18.250553621052635	0.0	0.0	3	1.0417794992427303	0.8832959384633968	230.0	36	1.05	0.95				
	317	1	0.0	0.0	0.0	0.0	3	1.0455163293914278	2.2335611637865043	230.0	37	1.05	0.95				
	318	2	303.8717177905263	62.05188231157896	0.0	0.0	3	1.0459807281260172	2.097691472860013	230.0	37	1.05	0.95				
	319	1	165.16751027052632	33.76352419894737	0.0	0.0	3	1.032489670966101	1.6828223818774088	230.0	35	1.05	0.95				
	320	1	116.80354317473684	23.725719707368423	0.0	0.0	3	1.0302765467557513	2.9214347768261812	230.0	35	1.05	0.95				
	321	2	0.0	0.0	0.0	0.0	3	1.05	3.5161671481550907	230.0	37	1.05	0.95				
	322	2	0.0	0.0	0.0	0.0	3	1.05	8.787193532113639	230.0	37	1.05	0.95				
	323	2	0.0	0.0	0.0	0.0	3	1.0307845536032034	3.714213416894726	230.0	35	1.05	0.95				
	324	1	0.0	0.0	0.0	0.0	3	1.0100268960512029	-2.005070823402168	230.0	36	1.05	0.95				
	325	1	0.0	0.0	0.0	0.0	3	1.0317593202543311	4.236906175274753	230.0	35	1.05	0.95				
];

%% generator data
%    bus    Pg    Qg    Qmax    Qmin    Vg    mBase    status    Pmax    Pmin    Pc1    Pc2    Qc1min    Qc1max    Qc2min    Qc2max    ramp_agc    ramp_10    ramp_30    ramp_q    apf
