%% MATPOWER Case Format : Version 2
function mpc = RTS_GMLC
mpc.version = '2';

%%-----  Power Flow Data  -----%%
%% system MVA base
mpc.baseMVA = 100.0;
%% bus data
%    bus_i    type    Pd    Qd    Gs    Bs    area    Vm    Va    baseKV    zone    Vmax    Vmin
mpc.bus = [
	101	2	57.96783769263158	11.808263233684212	0.0	0.0	1	1.0361663934734147	2.4503323627677225	138.0	11	1.05	0.95				
	102	2	52.063706075789476	10.734784757894738	0.0	0.0	1	1.0362101279332887	2.4237326781848787	138.0	12	1.05	0.95				
	103	1	96.61306282105264	19.859351802105262	0.0	0.0	1	1.026402228876706	0.06431655357329627	138.0	11	1.05	0.95				
	104	1	39.718703604210525	8.051088568421052	0.0	0.0	1	1.0209771533371184	-1.0854086601070732	138.0	11	1.05	0.95				
	105	1	38.10848589052632	7.514349330526317	0.0	0.0	1	1.0356627457893948	-0.8974546317623295	138.0	11	1.05	0.95				
	106	1	72.99653635368422	15.028698661052633	0.0	-100.0	1	1.0429210060712162	-3.2717512637663138	138.0	12	1.05	0.95				
	107	2	67.0924047368421	13.418480947368423	0.0	0.0	1	1.0289410723716812	-1.9835301806337746	138.0	12	1.05	0.95				
	108	1	91.78240968	18.785873326315787	0.0	0.0	1	1.0194367089375842	-3.766356016004654	138.0	12	1.05	0.95				
	109	1	93.92936663157896	19.322612564210527	0.0	0.0	1	1.0255980242836715	-1.7978907072867791	138.0	13	1.05	0.95				
	110	1	104.66415138947369	21.469569515789477	0.0	0.0	1	1.05	-2.6119076433489194	138.0	13	1.05	0.95				
	111	1	0.0	0.0	0.0	0.0	1	1.0058726657990766	-0.24642365924124013	230.0	13	1.05	0.95				
	112	1	0.0	0.0	0.0	0.0	1	1.0106698603831874	0.34726253025096326	230.0	13	1.05	0.95				
	113	3	142.23589804210525	28.98391884631579	0.0	0.0	1	0.9991193085302549	-8.33004497175795e-30	230.0	14	1.05	0.95				
	114	2	104.12741215157895	20.93283027789474	0.0	0.0	1	1.0030493579091582	1.6090185645957724	230.0	16	1.05	0.95				
	115	2	170.1463384126316	34.35131122526316	0.0	0.0	1	1.0405528043918937	7.680173216887224	230.0	16	1.05	0.95				
	116	2	53.67392378947369	10.734784757894738	0.0	0.0	1	1.036647704034501	7.385743696369865	230.0	16	1.05	0.95				
	117	1	0.0	0.0	0.0	0.0	1	1.0444594996457524	9.579427931107617	230.0	17	1.05	0.95				
	118	2	178.73416621894737	36.49826817684211	0.0	0.0	1	1.0475320851276873	9.855847717072075	230.0	17	1.05	0.95				
	119	1	97.14980205894737	19.859351802105262	0.0	0.0	1	1.0300363247241642	6.381684845773164	230.0	15	1.05	0.95				
	120	1	68.70262245052632	13.955220185263158	0.0	0.0	1	1.0285173534131844	6.540071565022903	230.0	15	1.05	0.95				
	121	2	0.0	0.0	0.0	0.0	1	1.05	10.037964939258337	230.0	17	1.05	0.95				
	122	2	0.0	0.0	0.0	0.0	1	1.05	16.368916467961803	230.0	17	1.05	0.95				
	123	2	0.0	0.0	0.0	0.0	1	1.0287741307374674	7.036907633336736	230.0	15	1.05	0.95				
	124	1	0.0	0.0	0.0	0.0	1	1.0254196951753898	4.844362699497968	230.0	16	1.05	0.95				
	201	2	54.926491414736844	11.18872973263158	0.0	0.0	2	1.0324069726207556	-6.050106077565605	138.0	21	1.05	0.95				
	202	2	49.33212654842106	10.171572484210529	0.0	0.0	2	1.0325649795995087	-6.105056019730801	138.0	22	1.05	0.95				
	203	1	91.54415235789475	18.817409095789476	0.0	0.0	2	1.0246585203527063	-5.1156844297562625	138.0	21	1.05	0.95				
	204	1	37.63481819157895	7.628679363157895	0.0	0.0	2	1.0193466640100746	-8.611251267737552	138.0	21	1.05	0.95				
	205	1	36.10908231894737	7.12010073894737	0.0	0.0	2	1.034541687671744	-8.775395742113234	138.0	21	1.05	0.95				
	206	1	69.16669289263159	14.24020147789474	0.0	-100.0	2	1.0432879790120955	-10.792140935853261	138.0	22	1.05	0.95				
	207	2	63.572328026315795	12.71446560526316	0.0	0.0	2	0.9872308860126601	-18.53663799451997	138.0	22	1.05	0.95				
	208	1	86.96694474	17.800251847368422	0.0	0.0	2	0.9922373669024577	-16.17475321946958	138.0	22	1.05	0.95				
	209	1	89.00125923684212	18.30883047157895	0.0	0.0	2	1.0238048686483339	-8.59695614612819	138.0	23	1.05	0.95				
	210	1	99.17283172105263	20.343144968421058	0.0	0.0	2	1.05	-9.930607135450817	138.0	23	1.05	0.95				
	211	1	0.0	0.0	0.0	0.0	2	1.0093028280427334	-5.978245061656507	230.0	23	1.05	0.95				
	212	1	0.0	0.0	0.0	0.0	2	1.0127753032192401	-5.386024953802122	230.0	23	1.05	0.95				
	213	2	134.7733354157895	27.463245707368422	0.0	0.0	2	1.0052166939489438	-5.134595874216752	230.0	24	1.05	0.95				
	214	2	98.66425309684212	19.83456634421053	0.0	0.0	2	1.0124890506378288	-3.3544833343824747	230.0	26	1.05	0.95				
	215	2	161.21942387473683	32.54903194947369	0.0	0.0	2	1.0321059717905756	3.516364904320915	230.0	26	1.05	0.95				
	216	2	50.85786242105264	10.171572484210529	0.0	0.0	2	1.0344973925909255	3.4078628810457094	230.0	26	1.05	0.95				
	217	1	0.0	0.0	0.0	0.0	2	1.0387867071526136	6.2925224228703	230.0	27	1.05	0.95				
	218	2	169.3566818621053	34.583346446315794	0.0	0.0	2	1.0404452971124496	6.833504714366791	230.0	27	1.05	0.95				
	219	1	92.05273098210527	18.817409095789476	0.0	0.0	2	1.0349351825694522	2.4297951531828685	230.0	25	1.05	0.95				
	220	1	65.09806389894737	13.223044229473684	0.0	0.0	2	1.0391660810419872	2.5550019314141035	230.0	25	1.05	0.95				
	221	2	0.0	0.0	0.0	0.0	2	1.0399891806318262	6.482390984109842	230.0	27	1.05	0.95				
	222	2	0.0	0.0	0.0	0.0	2	1.05	12.910077514467087	230.0	27	1.05	0.95				
	223	2	0.0	0.0	0.0	0.0	2	1.042408044902437	3.0013582706569704	230.0	25	1.05	0.95				
	224	1	0.0	0.0	0.0	0.0	2	1.0184943242922222	0.275875601139322	230.0	26	1.05	0.95				
	301	2	63.27617843368421	12.889591903157893	0.0	0.0	3	1.0068880252957655	-29.82951667125839	138.0	31	1.05	0.95				
	302	2	56.831382482105255	11.71781082105263	0.0	0.0	3	1.00627545213597	-29.979397178375564	138.0	32	1.05	0.95				
	303	1	105.46029738947367	21.677950018947364	0.0	0.0	3	1.020731349226876	-22.56378124669087	138.0	31	1.05	0.95				
	304	1	43.35590003789473	8.788358115789473	0.0	0.0	3	1.0059730301158398	-28.081915331139992	138.0	31	1.05	0.95				
	305	1	41.59822841473683	8.202467574736842	0.0	0.0	3	1.020256122796114	-28.810292900023075	138.0	31	1.05	0.95				
	306	1	79.6811135831579	16.404935149473683	0.0	-100.0	3	1.0352497599441504	-28.897311352120106	138.0	32	1.05	0.95				
	307	2	73.23631763157894	14.647263526315788	0.0	0.0	3	0.9937889635719646	-34.45210222497583	138.0	32	1.05	0.95				
	308	1	100.18728251999998	20.5061689368421	0.0	0.0	3	0.994069218499925	-32.27698442376224	138.0	32	1.05	0.95				
	309	1	102.53084468421052	21.092059477894733	0.0	0.0	3	1.026081316881783	-24.13714777617441	138.0	33	1.05	0.95				
	310	1	114.24865550526313	23.43562164210526	0.0	0.0	3	1.05	-25.9113845746058	138.0	33	1.05	0.95				
	311	1	0.0	0.0	0.0	0.0	3	1.0175069745801566	-18.74700749605484	230.0	33	1.05	0.95				
	312	1	0.0	0.0	0.0	0.0	3	1.0177719439940898	-18.209037811496174	230.0	33	1.05	0.95				
	313	2	155.26099337894735	31.638089216842104	0.0	0.0	3	1.0257322328092162	-15.063758113241818	230.0	34	1.05	0.95				
	314	2	113.66276496421051	22.84973110105263	0.0	0.0	3	1.0289062719433077	-15.76186421812452	230.0	36	1.05	0.95				
	315	2	185.72730151368418	37.496994627368416	0.0	0.0	3	1.047955350873916	-9.848296186124717	230.0	36	1.05	0.95				
	316	2	58.58905410526315	11.71781082105263	0.0	0.0	3	1.0476897061901216	-9.447642653498333	230.0	36	1.05	0.95				
	317	1	0.0	0.0	0.0	0.0	3	1.0485680151792693	-7.068328823087592	230.0	37	1.05	0.95				
	318	2	195.10155017052628	39.84055679157895	0.0	0.0	3	1.048485933628472	-6.621770173922705	230.0	37	1.05	0.95				
	319	1	106.04618793052632	21.677950018947364	0.0	0.0	3	1.0448148943287503	-10.538522624960498	230.0	35	1.05	0.95				
	320	1	74.99398925473683	15.233154067368421	0.0	0.0	3	1.0468631304818714	-10.456887192540961	230.0	35	1.05	0.95				
	321	2	0.0	0.0	0.0	0.0	3	1.05	-6.050770930049182	230.0	37	1.05	0.95				
	322	2	0.0	0.0	0.0	0.0	3	1.05	-0.6744328144256041	230.0	37	1.05	0.95				
	323	2	0.0	0.0	0.0	0.0	3	1.0490886535402915	-10.035504965297621	230.0	35	1.05	0.95				
	324	1	0.0	0.0	0.0	0.0	3	1.0226075548459292	-13.930413167115217	230.0	36	1.05	0.95				
	325	1	0.0	0.0	0.0	0.0	3	1.0416909919197201	-8.40551686727545	230.0	35	1.05	0.95				
];
