%% MATPOWER Case Format : Version 2
function mpc = RTS_GMLC
mpc.version = '2';

%%-----  Power Flow Data  -----%%
%% system MVA base
mpc.baseMVA = 100.0;
%% bus data
%    bus_i    type    Pd    Qd    Gs    Bs    area    Vm    Va    baseKV    zone    Vmax    Vmin
mpc.bus = [
	101	2	81.14695696421053	16.529935677894738	0.0	0.0	1	1.0319775034865137	-3.0408469419695945	138.0	11	1.05	0.95				
	102	2	72.88198912526316	15.027214252631582	0.0	0.0	1	1.0319877086398728	-3.0969934557094554	138.0	12	1.05	0.95				
	103	1	135.24492827368422	27.800346367368423	0.0	0.0	1	1.0196145286955067	-3.4699871524580894	138.0	11	1.05	0.95				
	104	1	55.600692734736846	11.270410689473684	0.0	0.0	1	1.015888810264782	-5.82973501212663	138.0	11	1.05	0.95				
	105	1	53.346610596842105	10.519049976842107	0.0	0.0	1	1.0310193100173877	-5.8799771188031515	138.0	11	1.05	0.95				
	106	1	102.18505691789474	21.038099953684213	0.0	-100.0	1	1.0360647169246588	-8.152304951231159	138.0	12	1.05	0.95				
	107	2	93.92008907894737	18.784017815789475	0.0	0.0	1	1.05	-4.229734921815951	138.0	12	1.05	0.95				
	108	1	128.48268186	26.297624942105262	0.0	0.0	1	1.0255356059180059	-7.163027519282853	138.0	12	1.05	0.95				
	109	1	131.48812471052634	27.04898565473684	0.0	0.0	1	1.0268179704374194	-5.021557760568086	138.0	13	1.05	0.95				
	110	1	146.5153389631579	30.054428505263164	0.0	0.0	1	1.05	-6.382546867072302	138.0	13	1.05	0.95				
	111	1	0.0	0.0	0.0	0.0	1	1.0142550988740455	-1.9688042445350316	230.0	13	1.05	0.95				
	112	1	0.0	0.0	0.0	0.0	1	1.0164479291131638	-1.011413525552473	230.0	13	1.05	0.95				
	113	3	199.11058884736843	40.573478482105266	0.0	0.0	1	1.0162843368582195	7.501416013063402e-24	230.0	14	1.05	0.95				
	114	2	145.76397825052632	29.30306779263158	0.0	0.0	1	1.0169477263174542	0.08057949698654979	230.0	16	1.05	0.95				
	115	2	238.18134590421053	48.08708560842106	0.0	0.0	1	1.04505256459535	7.789446910354454	230.0	16	1.05	0.95				
	116	2	75.1360712631579	15.027214252631582	0.0	0.0	1	1.0436442905809833	7.502280108828808	230.0	16	1.05	0.95				
	117	1	0.0	0.0	0.0	0.0	1	1.0471965729159656	10.469661243812723	230.0	17	1.05	0.95				
	118	2	250.20311730631582	51.09252845894737	0.0	0.0	1	1.0492415878106984	11.024389114864263	230.0	17	1.05	0.95				
	119	1	135.9962889863158	27.800346367368423	0.0	0.0	1	1.0381072595474796	6.401013840538056	230.0	15	1.05	0.95				
	120	1	96.17417121684213	19.535378528421056	0.0	0.0	1	1.039989232371729	6.861350056902615	230.0	15	1.05	0.95				
	121	2	0.0	0.0	0.0	0.0	1	1.05	11.672243102840659	230.0	17	1.05	0.95				
	122	2	0.0	0.0	0.0	0.0	1	1.05	18.368384944975666	230.0	17	1.05	0.95				
	123	2	0.0	0.0	0.0	0.0	1	1.0431764135594135	7.667321622404663	230.0	15	1.05	0.95				
	124	1	0.0	0.0	0.0	0.0	1	1.0214244446825143	3.6310384715071313	230.0	16	1.05	0.95				
	201	2	86.4271997431579	17.605540688421055	0.0	0.0	2	1.043797016418977	-10.166525028765955	138.0	21	1.05	0.95				
	202	2	77.62442939894737	16.005036989473687	0.0	0.0	2	1.045092846810756	-10.205854238507596	138.0	22	1.05	0.95				
	203	1	144.04533290526317	29.609318430526315	0.0	0.0	2	1.027161390576579	-7.738005565876649	138.0	21	1.05	0.95				
	204	1	59.21863686105263	12.003777742105262	0.0	0.0	2	1.0206478676369484	-12.298189734154295	138.0	21	1.05	0.95				
	205	1	56.81788131263158	11.20352589263158	0.0	0.0	2	1.0365823115613222	-12.666434084421978	138.0	21	1.05	0.95				
	206	1	108.83425152842105	22.40705178526316	0.0	-100.0	2	1.0380342024285811	-14.798616741091505	138.0	22	1.05	0.95				
	207	2	100.03148118421052	20.006296236842104	0.0	0.0	2	0.95	-26.772741126739067	138.0	22	1.05	0.95				
	208	1	136.84306626	28.008814731578944	0.0	0.0	2	0.9563565798448478	-22.880798554179414	138.0	22	1.05	0.95				
	209	1	140.04407365789473	28.80906658105263	0.0	0.0	2	1.0261639089972034	-10.803223375685738	138.0	23	1.05	0.95				
	210	1	156.04911064736842	32.010073978947375	0.0	0.0	2	1.05	-12.71222345714162	138.0	23	1.05	0.95				
	211	1	0.0	0.0	0.0	0.0	2	1.0322391540217333	-5.538372803634335	230.0	23	1.05	0.95				
	212	1	0.0	0.0	0.0	0.0	2	1.0243420841538184	-4.259194167960437	230.0	23	1.05	0.95				
	213	2	212.06674011052633	43.21359987157895	0.0	0.0	2	1.049999984360826	-1.1592569811223263	230.0	24	1.05	0.95				
	214	2	155.24885879789474	31.209822129473686	0.0	0.0	2	1.0499999970842275	-3.427690525118473	230.0	26	1.05	0.95				
	215	2	253.6798362831579	51.21611836631579	0.0	0.0	2	1.045312433638715	4.562033423502715	230.0	26	1.05	0.95				
	216	2	80.02518494736842	16.005036989473687	0.0	0.0	2	1.0497360036368009	4.5030388659861895	230.0	26	1.05	0.95				
	217	1	0.0	0.0	0.0	0.0	2	1.0496098323884058	7.59063103856286	230.0	27	1.05	0.95				
	218	2	266.48386587473686	54.417125764210525	0.0	0.0	2	1.05	8.303669543207821	230.0	27	1.05	0.95				
	219	1	144.84558475473685	29.609318430526315	0.0	0.0	2	1.0440179506757805	3.9882184543150156	230.0	25	1.05	0.95				
	220	1	102.43223673263158	20.80654808631579	0.0	0.0	2	1.0462001666187377	5.034124899582946	230.0	25	1.05	0.95				
	221	2	0.0	0.0	0.0	0.0	2	1.05	8.78072646223864	230.0	27	1.05	0.95				
	222	2	0.0	0.0	0.0	0.0	2	1.05	14.825729629494328	230.0	27	1.05	0.95				
	223	2	0.0	0.0	0.0	0.0	2	1.05	6.188608931305147	230.0	25	1.05	0.95				
	224	1	0.0	0.0	0.0	0.0	2	1.0230114794853127	-0.01494607291544325	230.0	26	1.05	0.95				
	301	2	84.27143307789474	17.16640303438596	0.0	0.0	3	1.0202537388268353	-22.892370129243453	138.0	31	1.05	0.95				
	302	2	75.68823156070175	15.605820940350878	0.0	0.0	3	1.0185883333322243	-23.345780448762607	138.0	32	1.05	0.95				
	303	1	140.4523884631579	28.870768739649122	0.0	0.0	3	1.0150809087395236	-16.71414834158335	138.0	31	1.05	0.95				
	304	1	57.741537479298245	11.704365705263156	0.0	0.0	3	1.0079995056162012	-22.04450419980631	138.0	31	1.05	0.95				
	305	1	55.40066433824561	10.924074658245614	0.0	0.0	3	1.02457280601068	-22.61609310147488	138.0	31	1.05	0.95				
	306	1	106.11958239438597	21.848149316491227	0.0	-100.0	3	1.0324835961027152	-23.322020569909004	138.0	32	1.05	0.95				
	307	2	97.53638087719297	19.507276175438594	0.0	0.0	3	1.0084382002082923	-25.83806169610307	138.0	32	1.05	0.95				
	308	1	133.42976904	27.31018664561403	0.0	0.0	3	0.9982813532570592	-25.330703309226706	138.0	32	1.05	0.95				
	309	1	136.55093322807016	28.090477692631577	0.0	0.0	3	1.0266659561209326	-17.78676797369959	138.0	33	1.05	0.95				
	310	1	152.15675416842106	31.211641880701755	0.0	0.0	3	1.05	-19.844596931690678	138.0	33	1.05	0.95				
	311	1	0.0	0.0	0.0	0.0	3	1.0268836131537051	-11.91515886006281	230.0	33	1.05	0.95				
	312	1	0.0	0.0	0.0	0.0	3	1.019361292619255	-10.452031182441445	230.0	33	1.05	0.95				
	313	2	206.77712745964908	42.13571653894737	0.0	0.0	3	1.042931498263635	-7.167028640370062	230.0	34	1.05	0.95				
	314	2	151.3764631214035	30.431350833684213	0.0	0.0	3	1.0438818433996115	-9.402652771477046	230.0	36	1.05	0.95				
	315	2	247.35226190456137	49.938627009122804	0.0	0.0	3	1.05	-1.5817267961113604	230.0	36	1.05	0.95				
	316	2	78.02910470175438	15.605820940350878	0.0	0.0	3	1.0499926985714805	-1.2930519477026778	230.0	36	1.05	0.95				
	317	1	0.0	0.0	0.0	0.0	3	1.0492912288206206	0.9025818253166488	230.0	37	1.05	0.95				
	318	2	259.8369186568421	53.059791197192986	0.0	0.0	3	1.0480278647108667	1.1169774130512162	230.0	37	1.05	0.95				
	319	1	141.23267951017544	28.870768739649122	0.0	0.0	3	1.0442437093458183	-1.3814372037472298	230.0	35	1.05	0.95				
	320	1	99.87725401824561	20.28756722245614	0.0	0.0	3	1.0462259439288766	-0.0009698229827121844	230.0	35	1.05	0.95				
	321	2	0.0	0.0	0.0	0.0	3	1.05	2.1370467329637166	230.0	37	1.05	0.95				
	322	2	0.0	0.0	0.0	0.0	3	1.05	7.428465439949549	230.0	37	1.05	0.95				
	323	2	0.0	0.0	0.0	0.0	3	1.05	1.322649556785098	230.0	35	1.05	0.95				
	324	1	0.0	0.0	0.0	0.0	3	1.0173252726008057	-7.0793707479734005	230.0	36	1.05	0.95				
	325	1	0.0	0.0	0.0	0.0	3	1.0477715524837978	2.178779899094066	230.0	35	1.05	0.95				
];
