%% MATPOWER Case Format : Version 2
function mpc = RTS_GMLC
mpc.version = '2';

%%-----  Power Flow Data  -----%%
%% system MVA base
mpc.baseMVA = 100.0;
%% bus data
%    bus_i    type    Pd    Qd    Gs    Bs    area    Vm    Va    baseKV    zone    Vmax    Vmin
mpc.bus = [
	101	2	55.75012370526316	11.356506680701752	0.0	0.0	1	1.0365607644419874	-0.19428415453943712	138.0	11	1.05	0.95				
	102	2	50.07187036491227	10.324096982456139	0.0	0.0	1	1.0361888292721984	-0.3556688972196233	138.0	12	1.05	0.95				
	103	1	92.91687284210526	19.099579417543858	0.0	0.0	1	1.0241767460998983	-1.2563033729232729	138.0	11	1.05	0.95				
	104	1	38.199158835087715	7.7430727368421035	0.0	0.0	1	1.020842207190085	-3.4168536718777154	138.0	11	1.05	0.95				
	105	1	36.65054428771929	7.226867887719298	0.0	0.0	1	1.036310439702766	-3.3041161778122663	138.0	11	1.05	0.95				
	106	1	70.20385948070175	14.453735775438595	0.0	-100.0	1	1.0437269772826938	-5.5657634484622	138.0	12	1.05	0.95				
	107	2	64.52560614035086	12.905121228070174	0.0	0.0	1	1.0038704295402212	-11.891249682385252	138.0	12	1.05	0.95				
	108	1	88.27102919999999	18.067169719298242	0.0	0.0	1	1.00293015976092	-10.300856085746478	138.0	12	1.05	0.95				
	109	1	90.33584859649122	18.58337456842105	0.0	0.0	1	1.0242244740029547	-3.8415034085132045	138.0	13	1.05	0.95				
	110	1	100.65994557894736	20.648193964912277	0.0	0.0	1	1.05	-4.84194082526507	138.0	13	1.05	0.95				
	111	1	0.0	0.0	0.0	0.0	1	1.0059392089615518	-1.2037852441934922	230.0	13	1.05	0.95				
	112	1	0.0	0.0	0.0	0.0	1	1.010913513921447	-0.8966726208404918	230.0	13	1.05	0.95				
	113	3	136.79428501754384	27.87506185263158	0.0	0.0	1	1.004588742209805	-5.773626880535411e-28	230.0	14	1.05	0.95				
	114	2	100.14374072982454	20.131989115789473	0.0	0.0	1	1.0025477750151182	0.9979709089705323	230.0	16	1.05	0.95				
	115	2	163.6369371719298	33.037110343859645	0.0	0.0	1	1.0326674343455888	7.762681121627323	230.0	16	1.05	0.95				
	116	2	51.620484912280695	10.324096982456139	0.0	0.0	1	1.0298101633588144	7.187483930116371	230.0	16	1.05	0.95				
	117	1	0.0	0.0	0.0	0.0	1	1.0360264729818784	9.776587461219691	230.0	17	1.05	0.95				
	118	2	171.8962147578947	35.101929740350876	0.0	0.0	1	1.0384060302130635	9.845896037772397	230.0	17	1.05	0.95				
	119	1	93.43307769122806	19.099579417543858	0.0	0.0	1	1.024752815594827	5.5841332888061235	230.0	15	1.05	0.95				
	120	1	66.07422068771929	13.42132607719298	0.0	0.0	1	1.024670286220866	5.191861180082658	230.0	15	1.05	0.95				
	121	2	0.0	0.0	0.0	0.0	1	1.041916983518623	11.105265648983327	230.0	17	1.05	0.95				
	122	2	0.0	0.0	0.0	0.0	1	1.05	19.66830831273664	230.0	17	1.05	0.95				
	123	2	0.0	0.0	0.0	0.0	1	1.025554019903135	5.372383580386461	230.0	15	1.05	0.95				
	124	1	0.0	0.0	0.0	0.0	1	1.0182292752214883	4.379922571272294	230.0	16	1.05	0.95				
	201	2	59.51644893473684	12.123721079298246	0.0	0.0	2	1.0296194629552573	-13.19294347714145	138.0	21	1.05	0.95				
	202	2	53.45458839508772	11.021564617543861	0.0	0.0	2	1.0300765585248386	-13.190881211509472	138.0	22	1.05	0.95				
	203	1	99.19408155789475	20.38989454245614	0.0	0.0	2	1.0173080225354632	-11.799639440665825	138.0	21	1.05	0.95				
	204	1	40.77978908491228	8.266173463157894	0.0	0.0	2	1.0171961347080936	-15.253823303461202	138.0	21	1.05	0.95				
	205	1	39.126554392280696	7.715095232280703	0.0	0.0	2	1.0327674789741597	-15.502339135876243	138.0	21	1.05	0.95				
	206	1	74.94663939929825	15.430190464561406	0.0	-100.0	2	1.0417036201053897	-17.311098820872697	138.0	22	1.05	0.95				
	207	2	68.88477885964912	13.776955771929824	0.0	0.0	2	0.9885780489286026	-25.56081422791964	138.0	22	1.05	0.95				
	208	1	94.23437747999999	19.287738080701754	0.0	0.0	2	0.9909432762639051	-22.953518606915285	138.0	22	1.05	0.95				
	209	1	96.43869040350877	19.838816311578945	0.0	0.0	2	1.023247283505318	-14.694654052588737	138.0	23	1.05	0.95				
	210	1	107.46025502105263	22.043129235087722	0.0	0.0	2	1.05	-16.092267802771087	138.0	23	1.05	0.95				
	211	1	0.0	0.0	0.0	0.0	2	1.0122095197315781	-11.337856963099997	230.0	23	1.05	0.95				
	212	1	0.0	0.0	0.0	0.0	2	1.0137376119824166	-10.614080778862416	230.0	23	1.05	0.95				
	213	2	146.03573118245615	29.75822446736842	0.0	0.0	2	1.0128042416785714	-10.20055415431549	230.0	24	1.05	0.95				
	214	2	106.90917679017544	21.492051004210527	0.0	0.0	2	1.0171845154053178	-8.242107480181593	230.0	26	1.05	0.95				
	215	2	174.69179918807015	35.26900677614035	0.0	0.0	2	1.0318455090977823	-0.22032625425571079	230.0	26	1.05	0.95				
	216	2	55.1078230877193	11.021564617543861	0.0	0.0	2	1.033812665711292	-0.505180674562786	230.0	26	1.05	0.95				
	217	1	0.0	0.0	0.0	0.0	2	1.0368366431203124	2.503583031339176	230.0	27	1.05	0.95				
	218	2	183.50905088210527	37.473319699649124	0.0	0.0	2	1.0379980683818384	2.7302360851356653	230.0	27	1.05	0.95				
	219	1	99.74515978877193	20.38989454245614	0.0	0.0	2	1.0349198881659087	-1.3952473474885527	230.0	25	1.05	0.95				
	220	1	70.5380135522807	14.32803400280702	0.0	0.0	2	1.040202393886363	-1.1136465081647775	230.0	25	1.05	0.95				
	221	2	0.0	0.0	0.0	0.0	2	1.0384107668317613	2.5150647103079145	230.0	27	1.05	0.95				
	222	2	0.0	0.0	0.0	0.0	2	1.05	9.011051120647378	230.0	27	1.05	0.95				
	223	2	0.0	0.0	0.0	0.0	2	1.0442563615819511	-0.5527348934243115	230.0	25	1.05	0.95				
	224	1	0.0	0.0	0.0	0.0	2	1.0120484419229634	-4.541977953161154	230.0	26	1.05	0.95				
	301	2	54.76874407578948	11.156596015438597	0.0	0.0	3	1.03350607023027	-5.785365242693806	138.0	31	1.05	0.95				
	302	2	49.19044606807017	10.142360014035088	0.0	0.0	3	1.0292398265544125	-6.127083828456968	138.0	32	1.05	0.95				
	303	1	91.2812401263158	18.763366025964913	0.0	0.0	3	1.05	9.913227132874068	138.0	31	1.05	0.95				
	304	1	37.52673205192983	7.606770010526316	0.0	0.0	3	1.0121767193090738	-4.650790225999797	138.0	31	1.05	0.95				
	305	1	36.00537804982456	7.099652009824562	0.0	0.0	3	1.0325374351419443	-6.889708625640979	138.0	31	1.05	0.95				
	306	1	68.9680480954386	14.199304019649125	0.0	-100.0	3	1.0383435369812735	-8.106780956356003	138.0	32	1.05	0.95				
	307	2	63.3897500877193	12.67795001754386	0.0	0.0	3	0.9533706251309094	-5.887904033941859	138.0	32	1.05	0.95				
	308	1	86.71717812	17.749130024561403	0.0	0.0	3	0.971825581336912	-6.753329889330891	138.0	32	1.05	0.95				
	309	1	88.74565012280702	18.256248025263158	0.0	0.0	3	1.0147642982944325	-1.3127416381074468	138.0	33	1.05	0.95				
	310	1	98.88801013684211	20.284720028070176	0.0	0.0	3	1.043658641522485	-6.39396028021485	138.0	33	1.05	0.95				
	311	1	0.0	0.0	0.0	0.0	3	1.0028569160031964	-2.6411263315761553	230.0	33	1.05	0.95				
	312	1	0.0	0.0	0.0	0.0	3	1.0069274157624633	-1.7115405554350238	230.0	33	1.05	0.95				
	313	2	134.38627018596492	27.38437203789474	0.0	0.0	3	1.0035006675785747	-0.061739936933355534	230.0	34	1.05	0.95				
	314	2	98.38089213614035	19.77760202736842	0.0	0.0	3	0.9990714878413036	-3.586433305089344	230.0	36	1.05	0.95				
	315	2	160.75640622245612	32.45555204491228	0.0	0.0	3	1.049561722822884	-1.5886503421479246	230.0	36	1.05	0.95				
	316	2	50.71180007017544	10.142360014035088	0.0	0.0	3	1.0363578772104884	-1.8330810396927038	230.0	36	1.05	0.95				
	317	1	0.0	0.0	0.0	0.0	3	1.044691902315083	-1.0615235469594597	230.0	37	1.05	0.95				
	318	2	168.87029423368423	34.4840240477193	0.0	0.0	3	1.0458593915415424	-1.5974888108826468	230.0	37	1.05	0.95				
	319	1	91.78835812701755	18.763366025964913	0.0	0.0	3	1.0236742079595154	-1.836209340776459	230.0	35	1.05	0.95				
	320	1	64.91110408982456	13.185068018245616	0.0	0.0	3	1.0165126106408786	-0.8417736233967587	230.0	35	1.05	0.95				
	321	2	0.0	0.0	0.0	0.0	3	1.05	-1.0736888461470337	230.0	37	1.05	0.95				
	322	2	0.0	0.0	0.0	0.0	3	1.05	3.2721683221263267	230.0	37	1.05	0.95				
	323	2	0.0	0.0	0.0	0.0	3	1.0138447952338903	0.11077770208469156	230.0	35	1.05	0.95				
	324	1	0.0	0.0	0.0	0.0	3	1.0460831337074779	2.8046522252365538	230.0	36	1.05	0.95				
	325	1	0.0	0.0	0.0	0.0	3	1.0136959123458098	1.057454713293453	230.0	35	1.05	0.95				
];
