%% MATPOWER Case Format : Version 2
function mpc = RTS_GMLC
mpc.version = '2';

%%-----  Power Flow Data  -----%%
%% system MVA base
mpc.baseMVA = 100.0;
%% bus data
%    bus_i    type    Pd    Qd    Gs    Bs    area    Vm    Va    baseKV    zone    Vmax    Vmin
mpc.bus = [
	101	2	45.810489865263165	9.331766454035089	0.0	0.0	1	1.0418394045021933	4.347683533569451	138.0	11	1.05	0.95				
	102	2	41.14460663824562	8.483424049122808	0.0	0.0	1	1.0408056217562989	4.049412434737466	138.0	12	1.05	0.95				
	103	1	76.35081644210527	15.694334490877193	0.0	0.0	1	1.0319530318700552	1.5337389571256728	138.0	11	1.05	0.95				
	104	1	31.388668981754385	6.362568036842105	0.0	0.0	1	1.0261016397803102	0.5015695781789377	138.0	11	1.05	0.95				
	105	1	30.11615537438597	5.938396834385966	0.0	0.0	1	1.0395592903456878	0.5393672817875188	138.0	11	1.05	0.95				
	106	1	57.687283534035096	11.876793668771931	0.0	-100.0	1	1.0468753393663466	-2.071453799760569	138.0	12	1.05	0.95				
	107	2	53.021400307017544	10.604280061403509	0.0	0.0	1	0.9996261226094879	-8.265418484795385	138.0	12	1.05	0.95				
	108	1	72.53327562	14.845992085964912	0.0	0.0	1	1.0038701203258857	-6.7806421718244	138.0	12	1.05	0.95				
	109	1	74.22996042982457	15.270163288421054	0.0	0.0	1	1.0249472333614273	-1.2864664434177084	138.0	13	1.05	0.95				
	110	1	82.71338447894738	16.966848098245617	0.0	0.0	1	1.05	-2.0230107534469997	138.0	13	1.05	0.95				
	111	1	0.0	0.0	0.0	0.0	1	1.0032714610593458	0.06052738355942006	230.0	13	1.05	0.95				
	112	1	0.0	0.0	0.0	0.0	1	1.0084478778216728	0.32812652875106246	230.0	13	1.05	0.95				
	113	3	112.40536865087721	22.905244932631582	0.0	0.0	1	0.9941632609383615	1.310805150932742e-29	230.0	14	1.05	0.95				
	114	2	82.28921327649124	16.542676895789473	0.0	0.0	1	0.9996567469163821	1.9555725497851237	230.0	16	1.05	0.95				
	115	2	134.4622711785965	27.146956957192987	0.0	0.0	1	1.039128836264864	7.60329278564831	230.0	16	1.05	0.95				
	116	2	42.417120245614036	8.483424049122808	0.0	0.0	1	1.034166817622486	7.065784528500044	230.0	16	1.05	0.95				
	117	1	0.0	0.0	0.0	0.0	1	1.0425024860837608	9.03777265491019	230.0	17	1.05	0.95				
	118	2	141.24901041789474	28.843641767017548	0.0	0.0	1	1.04566208672833	9.093320705661984	230.0	17	1.05	0.95				
	119	1	76.7749876445614	15.694334490877193	0.0	0.0	1	1.026959621118945	5.905477090449656	230.0	15	1.05	0.95				
	120	1	54.293913914385975	11.02845126385965	0.0	0.0	1	1.0234128231074981	5.58190744321662	230.0	15	1.05	0.95				
	121	2	0.0	0.0	0.0	0.0	1	1.0499999930044976	9.97527584791422	230.0	17	1.05	0.95				
	122	2	0.0	0.0	0.0	0.0	1	1.05	16.578230809361703	230.0	17	1.05	0.95				
	123	2	0.0	0.0	0.0	0.0	1	1.0219651824102438	5.73325808527583	230.0	15	1.05	0.95				
	124	1	0.0	0.0	0.0	0.0	1	1.0281320339410986	5.3293640580983785	230.0	16	1.05	0.95				
	201	2	44.82858493894737	9.13174878385965	0.0	0.0	2	1.0258359110684432	-8.03126941915709	138.0	21	1.05	0.95				
	202	2	40.26271054701754	8.301589803508772	0.0	0.0	2	1.0268321366822006	-7.834261557068205	138.0	22	1.05	0.95				
	203	1	74.71430823157895	15.35794113649123	0.0	0.0	2	1.0173200619878173	-7.402920641632029	138.0	21	1.05	0.95				
	204	1	30.71588227298246	6.226192352631578	0.0	0.0	2	1.018162239249107	-9.608347802480962	138.0	21	1.05	0.95				
	205	1	29.470643802456138	5.811112862456141	0.0	0.0	2	1.0328497230200715	-9.863511379343688	138.0	21	1.05	0.95				
	206	1	56.45081066385965	11.622225724912282	0.0	-100.0	2	1.0449587144181647	-11.260095339001712	138.0	22	1.05	0.95				
	207	2	51.884936271929824	10.376987254385964	0.0	0.0	2	0.9917604298602822	-17.28995996017771	138.0	22	1.05	0.95				
	208	1	70.97859282	14.52778215614035	0.0	0.0	2	0.9986386237890085	-15.428282412737541	138.0	22	1.05	0.95				
	209	1	72.63891078070176	14.942861646315789	0.0	0.0	2	1.022704070052072	-9.353799363640249	138.0	23	1.05	0.95				
	210	1	80.94050058421053	16.603179607017545	0.0	0.0	2	1.05	-10.388612419292048	138.0	23	1.05	0.95				
	211	1	0.0	0.0	0.0	0.0	2	1.0042131157819372	-6.841005105791813	230.0	23	1.05	0.95				
	212	1	0.0	0.0	0.0	0.0	2	1.0083045810999014	-6.254457873905425	230.0	23	1.05	0.95				
	213	2	109.99606489649123	22.414292469473686	0.0	0.0	2	0.9981359865347588	-5.882643200675206	230.0	24	1.05	0.95				
	214	2	80.52542109403508	16.188100116842104	0.0	0.0	2	1.003671831585166	-4.5247547306074765	230.0	26	1.05	0.95				
	215	2	131.58019838561404	26.565087371228067	0.0	0.0	2	1.023019313217929	1.5529843209293288	230.0	26	1.05	0.95				
	216	2	41.50794901754386	8.301589803508772	0.0	0.0	2	1.024250413719758	1.248924909332744	230.0	26	1.05	0.95				
	217	1	0.0	0.0	0.0	0.0	2	1.0292576229723658	3.2372157394134633	230.0	27	1.05	0.95				
	218	2	138.22147022842105	28.225405331929824	0.0	0.0	2	1.0289947713449734	2.9718097132753587	230.0	27	1.05	0.95				
	219	1	75.1293877217544	15.35794113649123	0.0	0.0	2	1.0248583732015668	0.6588575056644813	230.0	25	1.05	0.95				
	220	1	53.130174742456134	10.792066744561405	0.0	0.0	2	1.0281233747452192	0.9597568977605052	230.0	25	1.05	0.95				
	221	2	0.0	0.0	0.0	0.0	2	1.0303293860547604	3.291976024636144	230.0	27	1.05	0.95				
	222	2	0.0	0.0	0.0	0.0	2	1.05	9.76284839050996	230.0	27	1.05	0.95				
	223	2	0.0	0.0	0.0	0.0	2	1.0304699173211014	1.4418350390766725	230.0	25	1.05	0.95				
	224	1	0.0	0.0	0.0	0.0	2	1.0098024964049128	-1.815636338205614	230.0	26	1.05	0.95				
	301	2	64.96741538526317	13.234103134035088	0.0	0.0	3	1.0082229051987714	-22.493151161627146	138.0	31	1.05	0.95				
	302	2	58.35036381824561	12.031002849122807	0.0	0.0	3	1.007644549150144	-22.646097140278776	138.0	32	1.05	0.95				
	303	1	108.27902564210528	22.257355270877195	0.0	0.0	3	1.0255853821185479	-15.171364115333125	138.0	31	1.05	0.95				
	304	1	44.51471054175439	9.023252136842105	0.0	0.0	3	1.0067104630773978	-20.692798658850528	138.0	31	1.05	0.95				
	305	1	42.71006011438596	8.421701994385966	0.0	0.0	3	1.020663454501595	-21.418067167121382	138.0	31	1.05	0.95				
	306	1	81.81081937403509	16.843403988771932	0.0	-100.0	3	1.0350964150909912	-21.487567594212592	138.0	32	1.05	0.95				
	307	2	75.19376780701754	15.038753561403508	0.0	0.0	3	0.9946207149625788	-27.68826858781985	138.0	32	1.05	0.95				
	308	1	102.86507436000001	21.054254985964914	0.0	0.0	3	0.9957854989643004	-24.850250150449156	138.0	32	1.05	0.95				
	309	1	105.27127492982456	21.65580512842105	0.0	0.0	3	1.026998463195636	-16.642839417638235	138.0	33	1.05	0.95				
	310	1	117.30227777894737	24.062005698245613	0.0	0.0	3	1.05	-18.413114213199048	138.0	33	1.05	0.95				
	311	1	0.0	0.0	0.0	0.0	3	1.0159239309507782	-11.449889095913205	230.0	33	1.05	0.95				
	312	1	0.0	0.0	0.0	0.0	3	1.0178117475239037	-10.594422604436314	230.0	33	1.05	0.95				
	313	2	159.41078775087718	32.48370769263158	0.0	0.0	3	1.027833819021441	-6.5381286926807975	230.0	34	1.05	0.95				
	314	2	116.70072763649122	23.460455555789476	0.0	0.0	3	1.0219992732569356	-9.712201679880627	230.0	36	1.05	0.95				
	315	2	190.6913951585965	38.49920911719298	0.0	0.0	3	1.036690369672972	-7.724444266944076	230.0	36	1.05	0.95				
	316	2	60.15501424561403	12.031002849122807	0.0	0.0	3	1.0375103668746282	-6.471684526566259	230.0	36	1.05	0.95				
	317	1	0.0	0.0	0.0	0.0	3	1.0395414863385963	-5.9907306868507595	230.0	37	1.05	0.95				
	318	2	200.31619743789471	40.905409687017546	0.0	0.0	3	1.0372167513655448	-6.365187850652831	230.0	37	1.05	0.95				
	319	1	108.8805757845614	22.257355270877195	0.0	0.0	3	1.0366187702491585	-5.948018811079684	230.0	35	1.05	0.95				
	320	1	76.99841823438597	15.64030370385965	0.0	0.0	3	1.038672011569277	-5.206944989918548	230.0	35	1.05	0.95				
	321	2	0.0	0.0	0.0	0.0	3	1.0388792765571684	-6.283667777831055	230.0	37	1.05	0.95				
	322	2	0.0	0.0	0.0	0.0	3	1.05	-1.8545551367386592	230.0	37	1.05	0.95				
	323	2	0.0	0.0	0.0	0.0	3	1.0405571343252884	-4.644405909356999	230.0	35	1.05	0.95				
	324	1	0.0	0.0	0.0	0.0	3	1.0247496139828494	-9.230977987371949	230.0	36	1.05	0.95				
	325	1	0.0	0.0	0.0	0.0	3	1.0370848256785428	-3.4292398577584615	230.0	35	1.05	0.95				
];
