%% MATPOWER Case Format : Version 2
function mpc = RTS_GMLC
mpc.version = '2';

%%-----  Power Flow Data  -----%%
%% system MVA base
mpc.baseMVA = 100.0;
%% bus data
%    bus_i    type    Pd    Qd    Gs    Bs    area    Vm    Va    baseKV    zone    Vmax    Vmin
mpc.bus = [
	101	2	42.23008413473684	8.602424545964912	0.0	0.0	1	1.0128163877841985	-3.7025368536912135	138.0	11	1.05	0.95				
	102	2	37.92887186175439	7.820385950877194	0.0	0.0	1	1.0127495628386187	-3.9343848593460664	138.0	12	1.05	0.95				
	103	1	70.38347355789473	14.467714009122806	0.0	0.0	1	1.002018622388308	1.39950626431456	138.0	11	1.05	0.95				
	104	1	28.935428018245613	5.865289463157895	0.0	0.0	1	1.0033486424926652	-3.877037579648964	138.0	11	1.05	0.95				
	105	1	27.762370125614034	5.474270165614036	0.0	0.0	1	1.0175206676567823	-4.944649878508166	138.0	11	1.05	0.95				
	106	1	53.178624465964916	10.948540331228072	0.0	-100.0	1	1.0281171279583894	-6.119297430650557	138.0	12	1.05	0.95				
	107	2	48.87741219298246	9.775482438596491	0.0	0.0	1	0.9877210584396627	-10.895556419549397	138.0	12	1.05	0.95				
	108	1	66.86429988	13.685675414035087	0.0	0.0	1	0.9889215135444401	-9.216614484383982	138.0	12	1.05	0.95				
	109	1	68.42837707017544	14.076694711578947	0.0	0.0	1	1.002619859705024	-2.990475847922189	138.0	13	1.05	0.95				
	110	1	76.24876302105264	15.640771901754388	0.0	0.0	1	1.0314921394295071	-4.913176187692685	138.0	13	1.05	0.95				
	111	1	0.0	0.0	0.0	0.0	1	0.982260029738746	-0.336550086939982	230.0	13	1.05	0.95				
	112	1	0.0	0.0	0.0	0.0	1	0.9836823618848053	-1.316516827082903	230.0	13	1.05	0.95				
	113	3	103.62011384912282	21.11504206736842	0.0	0.0	1	0.9644471289727803	5.85754280913751e-25	230.0	14	1.05	0.95				
	114	2	75.85774372350878	15.249752604210528	0.0	0.0	1	0.9913567226831457	3.1226450999472113	230.0	16	1.05	0.95				
	115	2	123.95311732140351	25.02523504280702	0.0	0.0	1	0.9910308366553789	12.388731682770397	230.0	16	1.05	0.95				
	116	2	39.101929754385964	7.820385950877194	0.0	0.0	1	0.989382309487308	10.723402348560173	230.0	16	1.05	0.95				
	117	1	0.0	0.0	0.0	0.0	1	0.9920350620808632	16.62346683324222	230.0	17	1.05	0.95				
	118	2	130.20942608210527	26.589312232982458	0.0	0.0	1	1.000949721603267	17.21514898995374	230.0	17	1.05	0.95				
	119	1	70.7744928554386	14.467714009122806	0.0	0.0	1	0.9891622209799246	6.773660136264283	230.0	15	1.05	0.95				
	120	1	50.05047008561404	10.16650173614035	0.0	0.0	1	0.9944174952204556	3.788155181434505	230.0	15	1.05	0.95				
	121	2	0.0	0.0	0.0	0.0	1	1.0017363522394247	18.51337408628029	230.0	17	1.05	0.95				
	122	2	0.0	0.0	0.0	0.0	1	1.007050618099624	36.05827694274618	230.0	17	1.05	0.95				
	123	2	0.0	0.0	0.0	0.0	1	0.9984640896168956	2.4773880265216377	230.0	15	1.05	0.95				
	124	1	0.0	0.0	0.0	0.0	1	0.9820578225645293	8.184814106760657	230.0	16	1.05	0.95				
	201	2	47.73555799578947	9.723909962105264	0.0	0.0	2	1.0097851050088373	-14.156893658798221	138.0	21	1.05	0.95				
	202	2	42.87360301473684	8.83991814736842	0.0	0.0	2	1.0087731415702974	-14.362005193628901	138.0	22	1.05	0.95				
	203	1	79.55926332631579	16.353848572631577	0.0	0.0	2	0.9960280816448825	-10.55191321536554	138.0	21	1.05	0.95				
	204	1	32.707697145263154	6.629938610526315	0.0	0.0	2	0.9991190927449205	-13.31021373690496	138.0	21	1.05	0.95				
	205	1	31.381709423157893	6.187942703157895	0.0	0.0	2	1.0154748183267364	-13.7583837762023	138.0	21	1.05	0.95				
	206	1	60.111443402105266	12.37588540631579	0.0	-100.0	2	1.0264794492037077	-14.081667679902871	138.0	22	1.05	0.95				
	207	2	55.249488421052625	11.049897684210526	0.0	0.0	2	0.9702665245608454	-19.467201076305354	138.0	22	1.05	0.95				
	208	1	75.58130016	15.469856757894734	0.0	0.0	2	0.9772016069982058	-17.386778466894324	138.0	22	1.05	0.95				
	209	1	77.34928378947367	15.911852665263156	0.0	0.0	2	1.0050276878108935	-10.558360028402566	138.0	23	1.05	0.95				
	210	1	86.1892019368421	17.67983629473684	0.0	0.0	2	1.0323288706307034	-11.89298357149451	138.0	23	1.05	0.95				
	211	1	0.0	0.0	0.0	0.0	2	0.9884640033530162	-7.95389892340542	230.0	23	1.05	0.95				
	212	1	0.0	0.0	0.0	0.0	2	0.9890550932404933	-3.4036092094396184	230.0	23	1.05	0.95				
	213	2	117.12891545263157	23.867778997894735	0.0	0.0	2	0.9858327519078776	-5.430331455217735	230.0	24	1.05	0.95				
	214	2	85.74720602947367	17.237840387368422	0.0	0.0	2	0.987307280676902	-6.7724065832247735	230.0	26	1.05	0.95				
	215	2	140.11270263578947	28.28773807157895	0.0	0.0	2	0.9920440038457371	-1.738167251082997	230.0	26	1.05	0.95				
	216	2	44.199590736842104	8.83991814736842	0.0	0.0	2	0.9910238885189011	-2.1512359145801816	230.0	26	1.05	0.95				
	217	1	0.0	0.0	0.0	0.0	2	1.0009179911544006	-0.8689647084616706	230.0	27	1.05	0.95				
	218	2	147.1846371536842	30.055721701052633	0.0	0.0	2	1.0018358650667158	-1.4805676852228467	230.0	27	1.05	0.95				
	219	1	80.00125923368421	16.353848572631577	0.0	0.0	2	0.9849787971100701	-1.4512270516320258	230.0	25	1.05	0.95				
	220	1	56.5754761431579	11.491893591578947	0.0	0.0	2	0.983326840942784	0.09811748850140853	230.0	25	1.05	0.95				
	221	2	0.0	0.0	0.0	0.0	2	1.0043323660470695	-0.9473468043265805	230.0	27	1.05	0.95				
	222	2	0.0	0.0	0.0	0.0	2	1.0221055533175545	4.161209788949388	230.0	27	1.05	0.95				
	223	2	0.0	0.0	0.0	0.0	2	0.983757022659232	1.3224347644023475	230.0	25	1.05	0.95				
	224	1	0.0	0.0	0.0	0.0	2	0.9829450553311735	-5.087474818847506	230.0	26	1.05	0.95				
	301	2	63.58367603368421	12.952230303157894	0.0	0.0	3	1.0024074244610484	26.287321690395533	138.0	31	1.05	0.95				
	302	2	57.107560882105254	11.774754821052632	0.0	0.0	3	1.0031015566981767	25.906075473870636	138.0	32	1.05	0.95				
	303	1	105.97279338947368	21.78329641894737	0.0	0.0	3	1.0149174800469059	42.041067787693706	138.0	31	1.05	0.95				
	304	1	43.56659283789474	8.831066115789472	0.0	0.0	3	0.9923610494551949	27.8106734626119	138.0	31	1.05	0.95				
	305	1	41.80037961473684	8.242328374736843	0.0	0.0	3	1.0102992267656266	25.59174929081496	138.0	31	1.05	0.95				
	306	1	80.06833278315789	16.484656749473686	0.0	-100.0	3	1.0215112735937435	24.52188271687048	138.0	32	1.05	0.95				
	307	2	73.59221763157895	14.718443526315788	0.0	0.0	3	0.9653273566827757	20.766164862726537	138.0	32	1.05	0.95				
	308	1	100.67415371999999	20.605820936842104	0.0	0.0	3	0.9746552455636338	23.563178747143894	138.0	32	1.05	0.95				
	309	1	103.02910468421051	21.194558677894733	0.0	0.0	3	1.0044629770075377	31.885904238556094	138.0	33	1.05	0.95				
	310	1	114.80385950526315	23.549509642105264	0.0	0.0	3	1.0333711746962766	26.836773854886577	138.0	33	1.05	0.95				
	311	1	0.0	0.0	0.0	0.0	3	0.9959622352433682	31.636909290004645	230.0	33	1.05	0.95				
	312	1	0.0	0.0	0.0	0.0	3	1.0023060589352037	31.979960039372465	230.0	33	1.05	0.95				
	313	2	156.01550137894736	31.791838016842107	0.0	0.0	3	1.006013547626803	34.9569899825021	230.0	34	1.05	0.95				
	314	2	114.21512176421051	22.96077190105263	0.0	0.0	3	0.990022306422901	31.055195814492585	230.0	36	1.05	0.95				
	315	2	186.6298639136842	37.67921542736842	0.0	0.0	3	0.9889963072559866	29.401802997272117	230.0	36	1.05	0.95				
	316	2	58.87377410526315	11.774754821052632	0.0	0.0	3	0.9827568885067204	29.759013553086625	230.0	36	1.05	0.95				
	317	1	0.0	0.0	0.0	0.0	3	0.9944586779427667	31.5001916097149	230.0	37	1.05	0.95				
	318	2	196.0496677705263	40.03416639157894	0.0	0.0	3	0.9875560770814024	27.6248305977171	230.0	37	1.05	0.95				
	319	1	106.5615311305263	21.78329641894737	0.0	0.0	3	0.9916183149281078	29.73604967748796	230.0	35	1.05	0.95				
	320	1	75.35843085473684	15.307181267368422	0.0	0.0	3	1.0012774721528805	29.561130146089976	230.0	35	1.05	0.95				
	321	2	0.0	0.0	0.0	0.0	3	0.996341106083961	28.693515119578496	230.0	37	1.05	0.95				
	322	2	0.0	0.0	0.0	0.0	3	1.013460656251754	32.5819868983003	230.0	37	1.05	0.95				
	323	2	0.0	0.0	0.0	0.0	3	1.006636715025571	29.37278535459132	230.0	35	1.05	0.95				
	324	1	0.0	0.0	0.0	0.0	3	0.9967680663545803	35.587821741553604	230.0	36	1.05	0.95				
	325	1	0.0	0.0	0.0	0.0	3	1.0074841223673616	28.459403868243008	230.0	35	1.05	0.95				
