%% MATPOWER Case Format : Version 2
function mpc = RTS_GMLC
mpc.version = '2';

%%-----  Power Flow Data  -----%%
%% system MVA base
mpc.baseMVA = 100.0;
%% bus data
%    bus_i    type    Pd    Qd    Gs    Bs    area    Vm    Va    baseKV    zone    Vmax    Vmin
mpc.bus = [
	101	2	42.73775359578947	8.705838695438596	0.0	0.0	1	1.0361231418438228	3.2598763930639887	138.0	11	1.05	0.95				
	102	2	38.38483424807017	7.9143988140350885	0.0	0.0	1	1.0357293547182953	3.1303175808153996	138.0	12	1.05	0.95				
	103	1	71.22958932631579	14.64163780596491	0.0	0.0	1	1.029639535986341	0.5673960768942282	138.0	11	1.05	0.95				
	104	1	29.28327561192982	5.9357991105263155	0.0	0.0	1	1.022955599136938	-0.35776185466202665	138.0	11	1.05	0.95				
	105	1	28.09611578982456	5.540079169824562	0.0	0.0	1	1.0374500677841423	-0.06843009884937229	138.0	11	1.05	0.95				
	106	1	53.8179119354386	11.080158339649124	0.0	-100.0	1	1.046773628928027	-2.3473307772123753	138.0	12	1.05	0.95				
	107	2	49.464992587719294	9.892998517543859	0.0	0.0	1	1.0007217740009193	-7.6984263405709425	138.0	12	1.05	0.95				
	108	1	67.66810985999999	13.850197924561403	0.0	0.0	1	1.0057061436164112	-6.478261168324462	138.0	12	1.05	0.95				
	109	1	69.25098962280701	14.245917865263158	0.0	0.0	1	1.0247915815179582	-1.6181185544222838	138.0	13	1.05	0.95				
	110	1	77.1653884368421	15.828797628070177	0.0	0.0	1	1.05	-2.2057260677472907	138.0	13	1.05	0.95				
	111	1	0.0	0.0	0.0	0.0	1	1.002425143507282	-0.1783037453493713	230.0	13	1.05	0.95				
	112	1	0.0	0.0	0.0	0.0	1	1.007681194820977	0.2595726619450143	230.0	13	1.05	0.95				
	113	3	104.8657842859649	21.368876797894735	0.0	0.0	1	0.9932140456369004	8.874171135474538e-29	230.0	14	1.05	0.95				
	114	2	76.76966849614034	15.43307768736842	0.0	0.0	1	0.9980844183028246	1.5331176331798873	230.0	16	1.05	0.95				
	115	2	125.44322120245613	25.32607620491228	0.0	0.0	1	1.0371829269388084	6.556186503360609	230.0	16	1.05	0.95				
	116	2	39.571994070175435	7.9143988140350885	0.0	0.0	1	1.0321769163380583	6.213823260507298	230.0	16	1.05	0.95				
	117	1	0.0	0.0	0.0	0.0	1	1.0410610787952514	7.781929292200015	230.0	17	1.05	0.95				
	118	2	131.7747402536842	26.9089559677193	0.0	0.0	1	1.04394033635613	7.693653381948376	230.0	17	1.05	0.95				
	119	1	71.62530926701754	14.64163780596491	0.0	0.0	1	1.0257772293161804	5.469545072949742	230.0	15	1.05	0.95				
	120	1	50.65215240982456	10.288718458245615	0.0	0.0	1	1.0227514685138703	5.5930064604701455	230.0	15	1.05	0.95				
	121	2	0.0	0.0	0.0	0.0	1	1.0485650419846622	8.51371265843422	230.0	17	1.05	0.95				
	122	2	0.0	0.0	0.0	0.0	1	1.05	14.768287958877055	230.0	17	1.05	0.95				
	123	2	0.0	0.0	0.0	0.0	1	1.021520240164009	5.970530978946724	230.0	15	1.05	0.95				
	124	1	0.0	0.0	0.0	0.0	1	1.0261367696554908	4.3138549004773745	230.0	16	1.05	0.95				
	201	2	45.57657800842106	9.284117742456141	0.0	0.0	2	1.0256563653866462	-7.243203820049436	138.0	21	1.05	0.95				
	202	2	40.93451913719298	8.440107038596492	0.0	0.0	2	1.026599203898617	-7.056741904254807	138.0	22	1.05	0.95				
	203	1	75.96096334736842	15.614198021403508	0.0	0.0	2	1.0182495697054943	-6.533314595292089	138.0	21	1.05	0.95				
	204	1	31.228396042807017	6.330080278947368	0.0	0.0	2	1.0180447660064984	-8.851933012799169	138.0	21	1.05	0.95				
	205	1	29.962379987017545	5.9080749270175446	0.0	0.0	2	1.0326514606265835	-9.112239886455509	138.0	21	1.05	0.95				
	206	1	57.39272786245615	11.816149854035089	0.0	-100.0	2	1.0446916936068351	-10.536438840029891	138.0	22	1.05	0.95				
	207	2	52.75066899122807	10.550133798245614	0.0	0.0	2	0.9909676387944744	-16.668317360236756	138.0	22	1.05	0.95				
	208	1	72.16291518	14.77018731754386	0.0	0.0	2	0.9979455803277537	-14.772272749619662	138.0	22	1.05	0.95				
	209	1	73.8509365877193	15.192192669473684	0.0	0.0	2	1.0229357504311127	-8.58647646385602	138.0	23	1.05	0.95				
	210	1	82.2910436263158	16.880214077192985	0.0	0.0	2	1.05	-9.652299033605667	138.0	23	1.05	0.95				
	211	1	0.0	0.0	0.0	0.0	2	1.0048802783474113	-5.977245156322559	230.0	23	1.05	0.95				
	212	1	0.0	0.0	0.0	0.0	2	1.0087941760091268	-5.535153651553912	230.0	23	1.05	0.95				
	213	2	111.8314182614035	22.78828900421053	0.0	0.0	2	0.9984560108629189	-5.161884461229897	230.0	24	1.05	0.95				
	214	2	81.86903827438596	16.45820872526316	0.0	0.0	2	1.0056213507487888	-3.4313792836083046	230.0	26	1.05	0.95				
	215	2	133.7756965617544	27.008342523508773	0.0	0.0	2	1.0258886397182385	2.9125758362633802	230.0	26	1.05	0.95				
	216	2	42.20053519298246	8.440107038596492	0.0	0.0	2	1.0272865011469863	2.6929250097674955	230.0	26	1.05	0.95				
	217	1	0.0	0.0	0.0	0.0	2	1.0327994764578454	5.382233453699865	230.0	27	1.05	0.95				
	218	2	140.52778219263158	28.696363931228074	0.0	0.0	2	1.0344163722504027	5.836882914743625	230.0	27	1.05	0.95				
	219	1	76.38296869929825	15.614198021403508	0.0	0.0	2	1.0270613898914596	1.7467874897436622	230.0	25	1.05	0.95				
	220	1	54.016685047017546	10.972139150175439	0.0	0.0	2	1.0297579449378957	1.7484264932353784	230.0	25	1.05	0.95				
	221	2	0.0	0.0	0.0	0.0	2	1.0345530330274042	5.6238278570312605	230.0	27	1.05	0.95				
	222	2	0.0	0.0	0.0	0.0	2	1.05	12.025431936366198	230.0	27	1.05	0.95				
	223	2	0.0	0.0	0.0	0.0	2	1.031757325826137	2.0710231004930693	230.0	25	1.05	0.95				
	224	1	0.0	0.0	0.0	0.0	2	1.0113599639152238	-0.6339665182204021	230.0	26	1.05	0.95				
	301	2	45.57798166736842	9.284403672982455	0.0	0.0	3	1.0072796529524768	-22.705527620767686	138.0	31	1.05	0.95				
	302	2	40.93577983087719	8.440366975438597	0.0	0.0	3	1.007159577873989	-22.82950974091989	138.0	32	1.05	0.95				
	303	1	75.96330277894737	15.614678904561401	0.0	0.0	3	1.025738278608146	-17.03334959039501	138.0	31	1.05	0.95				
	304	1	31.229357809122803	6.330275231578947	0.0	0.0	3	1.010415798367413	-21.466586845196563	138.0	31	1.05	0.95				
	305	1	29.963302762807015	5.908256882807017	0.0	0.0	3	1.0232085920638256	-22.23675526774788	138.0	31	1.05	0.95				
	306	1	57.39449543298245	11.816513765614035	0.0	-100.0	3	1.0404347694596292	-22.48324573719505	138.0	32	1.05	0.95				
	307	2	52.75229359649123	10.550458719298245	0.0	0.0	3	0.9933764653857511	-27.05073714234842	138.0	32	1.05	0.95				
	308	1	72.16513763999998	14.770642207017543	0.0	0.0	3	1.000020538501344	-25.158386115240077	138.0	32	1.05	0.95				
	309	1	73.85321103508771	15.192660555789473	0.0	0.0	3	1.0261782139691307	-18.62264842797984	138.0	33	1.05	0.95				
	310	1	82.2935780105263	16.880733950877193	0.0	0.0	3	1.05	-20.408848319523756	138.0	33	1.05	0.95				
	311	1	0.0	0.0	0.0	0.0	3	1.007715497028725	-14.920103659751357	230.0	33	1.05	0.95				
	312	1	0.0	0.0	0.0	0.0	3	1.011595472859242	-14.281280950330464	230.0	33	1.05	0.95				
	313	2	111.8348624245614	22.78899083368421	0.0	0.0	3	1.010992734779607	-11.33660465283639	230.0	34	1.05	0.95				
	314	2	81.87155966175438	16.45871560210526	0.0	0.0	3	1.0068003188651737	-13.357805369511501	230.0	36	1.05	0.95				
	315	2	133.77981656070176	27.009174321403506	0.0	0.0	3	1.0306617401727838	-9.471479477268874	230.0	36	1.05	0.95				
	316	2	42.20183487719298	8.440366975438597	0.0	0.0	3	1.0304435753753747	-8.634296302032075	230.0	36	1.05	0.95				
	317	1	0.0	0.0	0.0	0.0	3	1.0354196892434981	-7.374874679348181	230.0	37	1.05	0.95				
	318	2	140.5321101410526	28.697247716491226	0.0	0.0	3	1.034557670887521	-7.376059777109138	230.0	37	1.05	0.95				
	319	1	76.3853211277193	15.614678904561401	0.0	0.0	3	1.0280179912858014	-9.06230357261063	230.0	35	1.05	0.95				
	320	1	54.01834864280701	10.972477068070175	0.0	0.0	3	1.0286877360940634	-8.613523230120741	230.0	35	1.05	0.95				
	321	2	0.0	0.0	0.0	0.0	3	1.0354179978358296	-7.552949192873975	230.0	37	1.05	0.95				
	322	2	0.0	0.0	0.0	0.0	3	1.048603815843717	-3.1646732245661844	230.0	37	1.05	0.95				
	323	2	0.0	0.0	0.0	0.0	3	1.0296757914768573	-8.043387152977413	230.0	35	1.05	0.95				
	324	1	0.0	0.0	0.0	0.0	3	1.0191428218879999	-12.316157088390064	230.0	36	1.05	0.95				
	325	1	0.0	0.0	0.0	0.0	3	1.0259377818434978	-6.656666063355274	230.0	35	1.05	0.95				
];
