%% MATPOWER Case Format : Version 2
function mpc = RTS_GMLC
mpc.version = '2';

%%-----  Power Flow Data  -----%%
%% system MVA base
mpc.baseMVA = 100.0;
%% bus data
%    bus_i    type    Pd    Qd    Gs    Bs    area    Vm    Va    baseKV    zone    Vmax    Vmin
mpc.bus = [
	101	2	45.23602176000001	9.214745173333334	0.0	0.0	1	1.0352648026958928	1.069332735023912	138.0	11	1.05	0.95				
	102	2	40.628649173333336	8.377041066666669	0.0	0.0	1	1.0330723273086877	0.4912546290417256	138.0	12	1.05	0.95				
	103	1	75.3933696	15.497525973333333	0.0	0.0	1	1.030605811405068	0.20873680345395706	138.0	11	1.05	0.95				
	104	1	30.995051946666667	6.2827808	0.0	0.0	1	1.024631528531892	-1.670250671422438	138.0	11	1.05	0.95				
	105	1	29.738495786666668	5.863928746666668	0.0	0.0	1	1.0368889631144127	-2.0519738976168247	138.0	11	1.05	0.95				
	106	1	56.96387925333334	11.727857493333335	0.0	-100.0	1	1.0458222237425716	-4.343910973899155	138.0	12	1.05	0.95				
	107	2	52.35650666666667	10.471301333333335	0.0	0.0	1	1.001607230120934	-10.244838624386421	138.0	12	1.05	0.95				
	108	1	71.62370112	14.659821866666666	0.0	0.0	1	1.0049929617509892	-8.625864210028782	138.0	12	1.05	0.95				
	109	1	73.29910933333333	15.07867392	0.0	0.0	1	1.0247685252249665	-2.8181757508510343	138.0	13	1.05	0.95				
	110	1	81.6761504	16.754082133333338	0.0	0.0	1	1.05	-3.9024056359805592	138.0	13	1.05	0.95				
	111	1	0.0	0.0	0.0	0.0	1	1.0031691161390899	-0.8953187040850187	230.0	13	1.05	0.95				
	112	1	0.0	0.0	0.0	0.0	1	1.0074452316889364	-1.2739297553226823	230.0	13	1.05	0.95				
	113	3	110.99579413333333	22.618010880000003	0.0	0.0	1	0.9957031724915374	4.3403725405426006e-30	230.0	14	1.05	0.95				
	114	2	81.25729834666667	16.335230080000002	0.0	0.0	1	1.0000367057929622	0.9289477280503602	230.0	16	1.05	0.95				
	115	2	132.77610090666667	26.806531413333335	0.0	0.0	1	1.0350585029331114	7.154978457551573	230.0	16	1.05	0.95				
	116	2	41.88520533333334	8.377041066666669	0.0	0.0	1	1.0306232952515562	5.946708296845025	230.0	16	1.05	0.95				
	117	1	0.0	0.0	0.0	0.0	1	1.0378389678221385	9.732759685937177	230.0	17	1.05	0.95				
	118	2	139.47773376	28.48193962666667	0.0	0.0	1	1.0420837271799561	10.4225550648017	230.0	17	1.05	0.95				
	119	1	75.81222165333334	15.497525973333333	0.0	0.0	1	1.0196737228532222	3.4172618445401217	230.0	15	1.05	0.95				
	120	1	53.61306282666667	10.890153386666668	0.0	0.0	1	1.0138962043832462	1.8112912715644103	230.0	15	1.05	0.95				
	121	2	0.0	0.0	0.0	0.0	1	1.0445133240187907	11.878268663492959	230.0	17	1.05	0.95				
	122	2	0.0	0.0	0.0	0.0	1	1.05	19.752086088228538	230.0	17	1.05	0.95				
	123	2	0.0	0.0	0.0	0.0	1	1.011342831159806	1.2529848876625378	230.0	15	1.05	0.95				
	124	1	0.0	0.0	0.0	0.0	1	1.024290825612386	4.541614059245965	230.0	16	1.05	0.95				
	201	2	39.04863843789473	7.954352274385965	0.0	0.0	2	1.0169022910460708	-13.125438990362015	138.0	21	1.05	0.95				
	202	2	35.071462300701754	7.231229340350877	0.0	0.0	2	1.0159747401647965	-13.394109219036098	138.0	22	1.05	0.95				
	203	1	65.0810640631579	13.37777427964912	0.0	0.0	2	1.0161778716150311	-9.72935184394487	138.0	21	1.05	0.95				
	204	1	26.75554855929824	5.423422005263157	0.0	0.0	2	1.0141220471877976	-13.091226787247397	138.0	21	1.05	0.95				
	205	1	25.67086415824561	5.061860538245614	0.0	0.0	2	1.0292061118044076	-13.468280172894591	138.0	21	1.05	0.95				
	206	1	49.17235951438597	10.123721076491227	0.0	-100.0	2	1.04433003903522	-14.133460893401518	138.0	22	1.05	0.95				
	207	2	45.195183377192976	9.039036675438595	0.0	0.0	2	0.9989980238924185	-18.413802903268532	138.0	22	1.05	0.95				
	208	1	61.82701086	12.654651345614031	0.0	0.0	2	1.0049033919396178	-16.81434299004047	138.0	22	1.05	0.95				
	209	1	63.27325672807017	13.016212812631577	0.0	0.0	2	1.0225086989999073	-11.340398069804422	138.0	23	1.05	0.95				
	210	1	70.50448606842104	14.462458680701754	0.0	0.0	2	1.05	-12.647526429393503	138.0	23	1.05	0.95				
	211	1	0.0	0.0	0.0	0.0	2	1.0016862802844952	-8.894430370780327	230.0	23	1.05	0.95				
	212	1	0.0	0.0	0.0	0.0	2	1.0049151148708013	-7.459307673305435	230.0	23	1.05	0.95				
	213	2	95.81378875964911	19.524319218947365	0.0	0.0	2	0.993034697475213	-7.800654706519082	230.0	24	1.05	0.95				
	214	2	70.14292460140351	14.10089721368421	0.0	0.0	2	1.0012131712379795	-6.599444704811869	230.0	26	1.05	0.95				
	215	2	114.61498504456138	23.139933889122805	0.0	0.0	2	1.0179539880432198	-0.3590867227662373	230.0	26	1.05	0.95				
	216	2	36.15614670175438	7.231229340350877	0.0	0.0	2	1.016661451300635	-1.1399751519356176	230.0	26	1.05	0.95				
	217	1	0.0	0.0	0.0	0.0	2	1.0220105696799242	0.3870215970219302	230.0	27	1.05	0.95				
	218	2	120.3999685168421	24.586179757192983	0.0	0.0	2	1.021875685093435	0.14337431595384634	230.0	27	1.05	0.95				
	219	1	65.44262553017543	13.37777427964912	0.0	0.0	2	1.0127098314530802	-2.1634648478492986	230.0	25	1.05	0.95				
	220	1	46.27986777824561	9.40059814245614	0.0	0.0	2	1.0115857989370607	-2.329513263532801	230.0	25	1.05	0.95				
	221	2	0.0	0.0	0.0	0.0	2	1.024097662175534	0.7726573733656937	230.0	27	1.05	0.95				
	222	2	0.0	0.0	0.0	0.0	2	1.0457405250654235	7.165237088378516	230.0	27	1.05	0.95				
	223	2	0.0	0.0	0.0	0.0	2	1.0112300126720175	-2.1323800854759165	230.0	25	1.05	0.95				
	224	1	0.0	0.0	0.0	0.0	2	1.005797005620129	-3.8983768144998496	230.0	26	1.05	0.95				
	301	2	46.876304955789486	9.548876935438598	0.0	0.0	3	1.0049711048300534	0.7730115294411202	138.0	31	1.05	0.95				
	302	2	42.10186648807018	8.68079721403509	0.0	0.0	3	1.004845392879817	0.7063330352582119	138.0	32	1.05	0.95				
	303	1	78.1271749263158	16.059474845964914	0.0	0.0	3	1.0200942301785905	4.379042008216763	138.0	31	1.05	0.95				
	304	1	32.11894969192983	6.510597910526316	0.0	0.0	3	1.0086317466021473	2.1382612052352936	138.0	31	1.05	0.95				
	305	1	30.81683010982456	6.076558049824563	0.0	0.0	3	1.0215844779562762	1.7971246311631313	138.0	31	1.05	0.95				
	306	1	59.029421055438604	12.153116099649125	0.0	-100.0	3	1.0394361578686733	1.8483635583173779	138.0	32	1.05	0.95				
	307	2	54.254982587719304	10.85099651754386	0.0	0.0	3	0.9927354886445757	-1.982047029392253	138.0	32	1.05	0.95				
	308	1	74.22081618	15.191395124561405	0.0	0.0	3	1.0018829887532246	-0.07287834676248428	138.0	32	1.05	0.95				
	309	1	75.95697562280702	15.625434985263158	0.0	0.0	3	1.0254032779230542	5.088809155702259	138.0	33	1.05	0.95				
	310	1	84.63777283684212	17.36159442807018	0.0	0.0	3	1.05	4.214961955535311	138.0	33	1.05	0.95				
	311	1	0.0	0.0	0.0	0.0	3	1.0041706745325543	8.621919293214825	230.0	33	1.05	0.95				
	312	1	0.0	0.0	0.0	0.0	3	1.0106862596015431	9.486218454598843	230.0	33	1.05	0.95				
	313	2	115.02056308596491	23.438152477894743	0.0	0.0	3	1.0105584065657303	13.83716332657886	230.0	34	1.05	0.95				
	314	2	84.20373297614036	16.927554567368425	0.0	0.0	3	0.9971059717700191	8.134644486273226	230.0	36	1.05	0.95				
	315	2	137.59063584245615	27.778551084912284	0.0	0.0	3	1.0148739995641607	4.817265579194725	230.0	36	1.05	0.95				
	316	2	43.40398607017544	8.68079721403509	0.0	0.0	3	1.0141838991913197	5.557172027761619	230.0	36	1.05	0.95				
	317	1	0.0	0.0	0.0	0.0	3	1.0195546544803347	5.271845043601882	230.0	37	1.05	0.95				
	318	2	144.53527361368424	29.514710527719302	0.0	0.0	3	1.0179131676375257	4.161716568938846	230.0	37	1.05	0.95				
	319	1	78.56121478701755	16.059474845964914	0.0	0.0	3	1.0142280040836416	7.690934570106251	230.0	35	1.05	0.95				
	320	1	55.55710216982457	11.285036378245614	0.0	0.0	3	1.015001245911702	9.089739991361709	230.0	35	1.05	0.95				
	321	2	0.0	0.0	0.0	0.0	3	1.0189432487528411	4.961185229258288	230.0	37	1.05	0.95				
	322	2	0.0	0.0	0.0	0.0	3	1.0328129811809326	9.535252790929588	230.0	37	1.05	0.95				
	323	2	0.0	0.0	0.0	0.0	3	1.0154419544409603	9.792950605768276	230.0	35	1.05	0.95				
	324	1	0.0	0.0	0.0	0.0	3	1.014857069117706	6.249309960618589	230.0	36	1.05	0.95				
	325	1	0.0	0.0	0.0	0.0	3	1.0183184726901704	9.987042879992044	230.0	35	1.05	0.95				
];
