%% MATPOWER Case Format : Version 2
function mpc = RTS_GMLC
mpc.version = '2';

%%-----  Power Flow Data  -----%%
%% system MVA base
mpc.baseMVA = 100.0;
%% bus data
%    bus_i    type    Pd    Qd    Gs    Bs    area    Vm    Va    baseKV    zone    Vmax    Vmin
mpc.bus = [
	101	2	39.85205343157895	8.118010884210527	0.0	0.0	1	1.0225994208593783	-2.6998084615519016	138.0	11	1.05	0.95				
	102	2	35.79304798947368	7.380009894736843	0.0	0.0	1	1.0218736615645454	-2.8822193684558197	138.0	12	1.05	0.95				
	103	1	66.42008905263158	13.653018305263156	0.0	0.0	1	1.0298448053645215	-0.6150494916548649	138.0	11	1.05	0.95				
	104	1	27.306036610526313	5.535007421052631	0.0	0.0	1	1.021112662635325	-3.3750820645619704	138.0	11	1.05	0.95				
	105	1	26.19903512631579	5.16600692631579	0.0	0.0	1	1.0318788733522983	-4.339752161419727	138.0	11	1.05	0.95				
	106	1	50.184067284210535	10.33201385263158	0.0	-100.0	1	1.0452105460316856	-5.687199302704307	138.0	12	1.05	0.95				
	107	2	46.12506184210526	9.225012368421053	0.0	0.0	1	1.0037823990828618	-8.834816551440165	138.0	12	1.05	0.95				
	108	1	63.0990846	12.915017315789473	0.0	0.0	1	1.0086712690433826	-7.9852730657488245	138.0	12	1.05	0.95				
	109	1	64.57508657894738	13.284017810526317	0.0	0.0	1	1.0248256458984137	-3.389830550509123	138.0	13	1.05	0.95				
	110	1	71.95509647368421	14.760019789473686	0.0	0.0	1	1.05	-4.808578347786027	138.0	13	1.05	0.95				
	111	1	0.0	0.0	0.0	0.0	1	1.0015408650659408	-1.5456453848616885	230.0	13	1.05	0.95				
	112	1	0.0	0.0	0.0	0.0	1	1.00580666873872	-1.6794974588423128	230.0	13	1.05	0.95				
	113	3	97.78513110526316	19.926026715789476	0.0	0.0	1	0.9946953139983722	5.4180304530072804e-33	230.0	14	1.05	0.95				
	114	2	71.58609597894736	14.391019294736843	0.0	0.0	1	0.9965156683463928	-0.17982249362592306	230.0	16	1.05	0.95				
	115	2	116.97315683157893	23.616031663157894	0.0	0.0	1	1.0260602891853736	4.712287446993764	230.0	16	1.05	0.95				
	116	2	36.90004947368421	7.380009894736843	0.0	0.0	1	1.022198321683614	3.929523692911533	230.0	16	1.05	0.95				
	117	1	0.0	0.0	0.0	0.0	1	1.0307504938742251	6.77990240586775	230.0	17	1.05	0.95				
	118	2	122.87716474736843	25.092033642105267	0.0	0.0	1	1.0330743329555483	7.3048849027762195	230.0	17	1.05	0.95				
	119	1	66.78908954736842	13.653018305263156	0.0	0.0	1	1.0145273778241328	2.3855950458857795	230.0	15	1.05	0.95				
	120	1	47.23206332631579	9.594012863157895	0.0	0.0	1	1.0094487572387145	1.2094343335955353	230.0	15	1.05	0.95				
	121	2	0.0	0.0	0.0	0.0	1	1.0349713038829487	8.350104023429534	230.0	17	1.05	0.95				
	122	2	0.0	0.0	0.0	0.0	1	1.05	14.230275927493771	230.0	17	1.05	0.95				
	123	2	0.0	0.0	0.0	0.0	1	1.0069754233346535	0.8543848524451635	230.0	15	1.05	0.95				
	124	1	0.0	0.0	0.0	0.0	1	1.0199497656958632	2.689745497161686	230.0	16	1.05	0.95				
	201	2	40.69762317473685	8.290256572631579	0.0	0.0	2	1.0159522770434875	-8.818468366978536	138.0	21	1.05	0.95				
	202	2	36.55249488842106	7.536596884210528	0.0	0.0	2	1.0151349865652055	-9.039509546703119	138.0	22	1.05	0.95				
	203	1	67.82937195789475	13.942704235789474	0.0	0.0	2	1.0148201632827702	-6.941338284296493	138.0	21	1.05	0.95				
	204	1	27.88540847157895	5.652447663157894	0.0	0.0	2	1.0138834377661397	-8.53912568798014	138.0	21	1.05	0.95				
	205	1	26.75491893894737	5.275617818947369	0.0	0.0	2	1.0284410518729483	-8.784412915222779	138.0	21	1.05	0.95				
	206	1	51.24885881263158	10.551235637894738	0.0	-100.0	2	1.0437106396723628	-9.248495941464379	138.0	22	1.05	0.95				
	207	2	47.10373052631579	9.42074610526316	0.0	0.0	2	0.9991073000325709	-13.761556492536133	138.0	22	1.05	0.95				
	208	1	64.43790336	13.18904454736842	0.0	0.0	2	1.004588349730583	-12.083782249904925	138.0	22	1.05	0.95				
	209	1	65.94522273684211	13.565874391578948	0.0	0.0	2	1.023449732043317	-6.567781739949674	138.0	23	1.05	0.95				
	210	1	73.48181962105264	15.073193768421056	0.0	0.0	2	1.05	-7.53668310658966	138.0	23	1.05	0.95				
	211	1	0.0	0.0	0.0	0.0	2	1.0006383834096395	-4.722846693549511	230.0	23	1.05	0.95				
	212	1	0.0	0.0	0.0	0.0	2	1.0080267819430793	-0.36240291053304197	230.0	23	1.05	0.95				
	213	2	99.85990871578949	20.348811587368424	0.0	0.0	2	0.9935621348662572	-2.8664727141544133	230.0	24	1.05	0.95				
	214	2	73.10498977684212	14.696363924210528	0.0	0.0	2	0.9949786014975192	-3.85662666619382	230.0	26	1.05	0.95				
	215	2	119.45506061473685	24.117110029473686	0.0	0.0	2	1.013208837369199	0.5529131691674772	230.0	26	1.05	0.95				
	216	2	37.68298442105264	7.536596884210528	0.0	0.0	2	1.0109910800034754	-0.303700038123482	230.0	26	1.05	0.95				
	217	1	0.0	0.0	0.0	0.0	2	1.016899390122558	0.9978929888219499	230.0	27	1.05	0.95				
	218	2	125.48433812210527	25.62442940631579	0.0	0.0	2	1.0168272304538948	0.8016308194662605	230.0	27	1.05	0.95				
	219	1	68.20620180210527	13.942704235789474	0.0	0.0	2	1.0087166444823266	-0.7633272463834774	230.0	25	1.05	0.95				
	220	1	48.23422005894737	9.797575949473686	0.0	0.0	2	1.0091125691415133	-0.4004460407247233	230.0	25	1.05	0.95				
	221	2	0.0	0.0	0.0	0.0	2	1.0191510379683533	1.519960228338654	230.0	27	1.05	0.95				
	222	2	0.0	0.0	0.0	0.0	2	1.0409024656166779	7.921061176328489	230.0	27	1.05	0.95				
	223	2	0.0	0.0	0.0	0.0	2	1.0097726916012049	0.10022150211388901	230.0	25	1.05	0.95				
	224	1	0.0	0.0	0.0	0.0	2	1.0043763448685425	-2.287022893657505	230.0	26	1.05	0.95				
	301	2	55.05915850105263	11.215754509473683	0.0	0.0	3	1.0019359512225785	12.547354138028307	138.0	31	1.05	0.95				
	302	2	49.45128124631579	10.196140463157894	0.0	0.0	3	1.0015223771845954	12.26708667546669	138.0	32	1.05	0.95				
	303	1	91.76526416842106	18.862859856842103	0.0	0.0	3	1.042330609250562	22.514420027607486	138.0	31	1.05	0.95				
	304	1	37.72571971368421	7.64710534736842	0.0	0.0	3	1.0053964951411145	13.208729566721846	138.0	31	1.05	0.95				
	305	1	36.19629864421052	7.137298324210526	0.0	0.0	3	1.0193115270396171	12.606431247550063	138.0	31	1.05	0.95				
	306	1	69.33375514947369	14.274596648421053	0.0	-100.0	3	1.0364955214218676	12.037366677591473	138.0	32	1.05	0.95				
	307	2	63.72587789473684	12.745175578947368	0.0	0.0	3	0.990579394078647	10.06883334104139	138.0	32	1.05	0.95				
	308	1	87.17700096	17.843245810526316	0.0	0.0	3	1.0046548562406736	12.261806470041492	138.0	32	1.05	0.95				
	309	1	89.21622905263158	18.35305283368421	0.0	0.0	3	1.0247612527461742	16.077635882619873	138.0	33	1.05	0.95				
	310	1	99.41236951578946	20.392280926315788	0.0	0.0	3	1.05	14.310119228845092	138.0	33	1.05	0.95				
	311	1	0.0	0.0	0.0	0.0	3	1.0094397888510476	17.639686675736726	230.0	33	1.05	0.95				
	312	1	0.0	0.0	0.0	0.0	3	1.01574668147277	18.499253075596496	230.0	33	1.05	0.95				
	313	2	135.09886113684212	27.529579250526314	0.0	0.0	3	1.0151254716485278	22.414237843326998	230.0	34	1.05	0.95				
	314	2	98.90256249263157	19.882473903157898	0.0	0.0	3	1.0043644869633164	15.96713054313995	230.0	36	1.05	0.95				
	315	2	161.60882634105263	32.62764948210526	0.0	0.0	3	1.0409966403145483	10.751242937270737	230.0	36	1.05	0.95				
	316	2	50.98070231578947	10.196140463157894	0.0	0.0	3	1.0320983846633902	10.749615195354064	230.0	36	1.05	0.95				
	317	1	0.0	0.0	0.0	0.0	3	1.036990964721841	9.80766010552699	230.0	37	1.05	0.95				
	318	2	169.76573871157893	34.666877574736844	0.0	0.0	3	1.0360029770907657	8.719928928208665	230.0	37	1.05	0.95				
	319	1	92.27507119157895	18.862859856842103	0.0	0.0	3	1.0243784920508425	11.506746251762074	230.0	35	1.05	0.95				
	320	1	65.25529896421052	13.254982602105263	0.0	0.0	3	1.0217217298968264	13.123474823168664	230.0	35	1.05	0.95				
	321	2	0.0	0.0	0.0	0.0	3	1.0395011396111726	9.955437412705793	230.0	37	1.05	0.95				
	322	2	0.0	0.0	0.0	0.0	3	1.0499999787214849	14.20939254676784	230.0	37	1.05	0.95				
	323	2	0.0	0.0	0.0	0.0	3	1.0208765906501525	14.059874470104656	230.0	35	1.05	0.95				
	324	1	0.0	0.0	0.0	0.0	3	1.04047853318169	17.24188648192024	230.0	36	1.05	0.95				
	325	1	0.0	0.0	0.0	0.0	3	1.0234972144532772	13.580508386180322	230.0	35	1.05	0.95				
];
