%% MATPOWER Case Format : Version 2
function mpc = RTS_GMLC
mpc.version = '2';

%%-----  Power Flow Data  -----%%
%% system MVA base
mpc.baseMVA = 100.0;
%% bus data
%    bus_i    type    Pd    Qd    Gs    Bs    area    Vm    Va    baseKV    zone    Vmax    Vmin
mpc.bus = [
	101	2	90.9262741263158	18.52201880350877	0.0	0.0	1	1.0443888737946159	-2.842997084401456	138.0	11	1.05	0.95				
	102	2	81.66526472456141	16.838198912280703	0.0	0.0	1	1.0442558741586117	-2.941859602833179	138.0	12	1.05	0.95				
	103	1	151.54379021052634	31.1506679877193	0.0	0.0	1	1.020101608355366	-4.786849284602802	138.0	11	1.05	0.95				
	104	1	62.3013359754386	12.628649184210525	0.0	0.0	1	1.0216886663258218	-6.124524975189009	138.0	11	1.05	0.95				
	105	1	59.775606138596494	11.786739238596493	0.0	0.0	1	1.0357201646817626	-6.4189402154468045	138.0	11	1.05	0.95				
	106	1	114.49975260350878	23.573478477192985	0.0	-100.0	1	1.035924581566318	-9.191845726516549	138.0	12	1.05	0.95				
	107	2	105.23874320175439	21.04774864035088	0.0	0.0	1	1.0453132834871555	-5.623198330625697	138.0	12	1.05	0.95				
	108	1	143.96660070000001	29.466848096491226	0.0	0.0	1	1.0201385822426121	-8.713134064513024	138.0	12	1.05	0.95				
	109	1	147.33424048245612	30.30875804210526	0.0	0.0	1	1.0272341920404386	-6.0892697415083115	138.0	13	1.05	0.95				
	110	1	164.17243939473684	33.676397824561406	0.0	0.0	1	1.05	-7.441239234050185	138.0	13	1.05	0.95				
	111	1	0.0	0.0	0.0	0.0	1	1.0163572634233222	-2.935926165491044	230.0	13	1.05	0.95				
	112	1	0.0	0.0	0.0	0.0	1	1.01830142123766	-1.6662364482753664	230.0	13	1.05	0.95				
	113	3	223.1061355877193	45.4631370631579	0.0	0.0	1	1.021411320046139	-8.74745091941854e-30	230.0	14	1.05	0.95				
	114	2	163.33052944912282	32.83448787894737	0.0	0.0	1	1.0189146275962937	-1.6614361294837707	230.0	16	1.05	0.95				
	115	2	266.8854527596491	53.882236519298246	0.0	0.0	1	1.0442561844093257	5.501690208015981	230.0	16	1.05	0.95				
	116	2	84.19099456140351	16.838198912280703	0.0	0.0	1	1.0432318236999751	5.266962041091687	230.0	16	1.05	0.95				
	117	1	0.0	0.0	0.0	0.0	1	1.0470586417623318	8.169308180386944	230.0	17	1.05	0.95				
	118	2	280.3560118894737	57.24987630175439	0.0	0.0	1	1.0490175977869318	8.76461716153715	230.0	17	1.05	0.95				
	119	1	152.38570015614036	31.1506679877193	0.0	0.0	1	1.0378270038169015	4.600941683781622	230.0	15	1.05	0.95				
	120	1	107.76447303859649	21.889658585964913	0.0	0.0	1	1.040519403149321	5.480993160516036	230.0	15	1.05	0.95				
	121	2	0.0	0.0	0.0	0.0	1	1.05	9.50720137827713	230.0	17	1.05	0.95				
	122	2	0.0	0.0	0.0	0.0	1	1.05	15.493858286553955	230.0	17	1.05	0.95				
	123	2	0.0	0.0	0.0	0.0	1	1.0447511553036912	6.580101735329389	230.0	15	1.05	0.95				
	124	1	0.0	0.0	0.0	0.0	1	1.0223348035805557	1.7000517709166159	230.0	16	1.05	0.95				
	201	2	82.84023295578947	16.874862268771928	0.0	0.0	2	1.0397371651959648	-10.594775188037781	138.0	21	1.05	0.95				
	202	2	74.40280182140351	15.340783880701755	0.0	0.0	2	1.039954052030427	-10.667850254093668	138.0	22	1.05	0.95				
	203	1	138.0670549263158	28.380450179298244	0.0	0.0	2	1.0269953620964556	-7.828797210601602	138.0	21	1.05	0.95				
	204	1	56.76090035859649	11.505587910526314	0.0	0.0	2	1.0191617901776284	-12.044086907276562	138.0	21	1.05	0.95				
	205	1	54.45978277649123	10.738548716491229	0.0	0.0	2	1.0351439843081105	-12.44930842389093	138.0	21	1.05	0.95				
	206	1	104.31733038877194	21.477097432982458	0.0	-100.0	2	1.0380399703800438	-14.20917547601766	138.0	22	1.05	0.95				
	207	2	95.87989925438596	19.17597985087719	0.0	0.0	2	0.9553987867948307	-25.6503024334482	138.0	22	1.05	0.95				
	208	1	131.16370218	26.84637179122807	0.0	0.0	2	0.9611083595348285	-21.802320732763302	138.0	22	1.05	0.95				
	209	1	134.23185895614034	27.613410985263155	0.0	0.0	2	1.0264844804823632	-10.075004112283967	138.0	23	1.05	0.95				
	210	1	149.5726428368421	30.68156776140351	0.0	0.0	2	1.05	-11.924149111556494	138.0	23	1.05	0.95				
	211	1	0.0	0.0	0.0	0.0	2	1.0282948737608943	-5.75062927538241	230.0	23	1.05	0.95				
	212	1	0.0	0.0	0.0	0.0	2	1.0250895051833557	-2.056217098298582	230.0	23	1.05	0.95				
	213	2	203.26538641929824	41.42011647789474	0.0	0.0	2	1.0389815480232534	-2.4972504832708733	230.0	24	1.05	0.95				
	214	2	148.80560364280703	29.91452856736842	0.0	0.0	2	1.0435378992704667	-3.5179201095755257	230.0	26	1.05	0.95				
	215	2	243.15142450912276	49.09050841824561	0.0	0.0	2	1.045625444485517	4.468637579940921	230.0	26	1.05	0.95				
	216	2	76.70391940350876	15.340783880701755	0.0	0.0	2	1.0486891344677631	4.357287340276195	230.0	26	1.05	0.95				
	217	1	0.0	0.0	0.0	0.0	2	1.049464249765822	7.347715551671046	230.0	27	1.05	0.95				
	218	2	255.4240516136842	52.15866519438597	0.0	0.0	2	1.05	8.156515902600828	230.0	27	1.05	0.95				
	219	1	138.83409412035087	28.380450179298244	0.0	0.0	2	1.043775199498516	3.7620310030677926	230.0	25	1.05	0.95				
	220	1	98.18101683649122	19.94301904491228	0.0	0.0	2	1.046257706410308	4.677334968760062	230.0	25	1.05	0.95				
	221	2	0.0	0.0	0.0	0.0	2	1.05	8.647245439898123	230.0	27	1.05	0.95				
	222	2	0.0	0.0	0.0	0.0	2	1.05	14.649222254295408	230.0	27	1.05	0.95				
	223	2	0.0	0.0	0.0	0.0	2	1.05	5.736341308537334	230.0	25	1.05	0.95				
	224	1	0.0	0.0	0.0	0.0	2	1.0231451269631542	-0.10534066808225742	230.0	26	1.05	0.95				
	301	2	77.52356848421054	15.791838024561406	0.0	0.0	3	1.0127105453995349	-14.488421821846648	138.0	31	1.05	0.95				
	302	2	69.62764947192981	14.356216385964911	0.0	0.0	3	1.0116058871334492	-14.738669880985471	138.0	32	1.05	0.95				
	303	1	129.2059474736842	26.559000314035085	0.0	0.0	3	1.0395083584303726	-3.29427510008281	138.0	31	1.05	0.95				
	304	1	53.11800062807017	10.767162289473685	0.0	0.0	3	1.006573911258562	-12.479925234685883	138.0	31	1.05	0.95				
	305	1	50.96456817017544	10.04935147017544	0.0	0.0	3	1.0213562143701826	-13.697419626080105	138.0	31	1.05	0.95				
	306	1	97.62227142456142	20.09870294035088	0.0	-100.0	3	1.0325825119499616	-14.03131347355655	138.0	32	1.05	0.95				
	307	2	89.7263524122807	17.94527048245614	0.0	0.0	3	0.9820815312444007	-20.882810870406264	138.0	32	1.05	0.95				
	308	1	122.7456501	25.123378675438595	0.0	0.0	3	0.9846659498505939	-17.593333435122567	138.0	32	1.05	0.95				
	309	1	125.616893377193	25.841189494736845	0.0	0.0	3	1.0287754654718133	-7.713610959197847	138.0	33	1.05	0.95				
	310	1	139.97310976315788	28.712432771929823	0.0	0.0	3	1.05	-10.604045881527586	138.0	33	1.05	0.95				
	311	1	0.0	0.0	0.0	0.0	3	1.0225058113308363	-3.1879664981542066	230.0	33	1.05	0.95				
	312	1	0.0	0.0	0.0	0.0	3	1.0231659627852148	-2.44768340130979	230.0	33	1.05	0.95				
	313	2	190.21986711403508	38.76178424210527	0.0	0.0	3	1.0382245230711473	1.9834519156888872	230.0	34	1.05	0.95				
	314	2	139.25529894385963	27.994621952631583	0.0	0.0	3	1.0310518035998577	-1.860325662811539	230.0	36	1.05	0.95				
	315	2	227.5460297175439	45.93989243508772	0.0	0.0	3	1.0456415322908785	0.24396482301899175	230.0	36	1.05	0.95				
	316	2	71.78108192982457	14.356216385964911	0.0	0.0	3	1.0429669398264236	0.35990108800352727	230.0	36	1.05	0.95				
	317	1	0.0	0.0	0.0	0.0	3	1.0460693919825652	1.88605599086302	230.0	37	1.05	0.95				
	318	2	239.03100282631578	48.81113571228071	0.0	0.0	3	1.046322679204769	1.8613414244886068	230.0	37	1.05	0.95				
	319	1	129.92375829298246	26.559000314035085	0.0	0.0	3	1.039489349739477	0.6215587923923832	230.0	35	1.05	0.95				
	320	1	91.87978487017544	18.663081301754385	0.0	0.0	3	1.040008160361192	1.1110991797860117	230.0	35	1.05	0.95				
	321	2	0.0	0.0	0.0	0.0	3	1.0492692543909468	2.9821672048126207	230.0	37	1.05	0.95				
	322	2	0.0	0.0	0.0	0.0	3	1.05	8.32563730625506	230.0	37	1.05	0.95				
	323	2	0.0	0.0	0.0	0.0	3	1.0412804950045371	1.5316050153760155	230.0	35	1.05	0.95				
	324	1	0.0	0.0	0.0	0.0	3	1.0392163703208492	0.4208659232384253	230.0	36	1.05	0.95				
	325	1	0.0	0.0	0.0	0.0	3	1.0407199703744083	2.2033251506468763	230.0	35	1.05	0.95				
];
