%% MATPOWER Case Format : Version 2
function mpc = RTS_GMLC
mpc.version = '2';

%%-----  Power Flow Data  -----%%
%% system MVA base
mpc.baseMVA = 100.0;
%% bus data
%    bus_i    type    Pd    Qd    Gs    Bs    area    Vm    Va    baseKV    zone    Vmax    Vmin
mpc.bus = [
	101	2	44.287481444210535	9.021523997894738	0.0	0.0	1	1.023470863297805	0.11900734801297189	138.0	11	1.05	0.95				
	102	2	39.77671944526316	8.20138545263158	0.0	0.0	1	1.021258388582352	-0.47179376343662077	138.0	12	1.05	0.95				
	103	1	73.81246907368421	15.172563087368424	0.0	0.0	1	1.029794764629206	1.7081612653889189	138.0	11	1.05	0.95				
	104	1	30.345126174736848	6.151039089473684	0.0	0.0	1	1.0183144789015846	-2.1101389438846314	138.0	11	1.05	0.95				
	105	1	29.114918356842107	5.740969816842107	0.0	0.0	1	1.0313503009292573	-2.462271862407111	138.0	11	1.05	0.95				
	106	1	55.76942107789474	11.481939633684213	0.0	-100.0	1	1.0435419990476016	-4.4461081564627625	138.0	12	1.05	0.95				
	107	2	51.258659078947375	10.251731815789475	0.0	0.0	1	0.9987798141565855	-10.639846672880049	138.0	12	1.05	0.95				
	108	1	70.12184562000002	14.352424542105263	0.0	0.0	1	1.003174889647944	-8.684044408607388	138.0	12	1.05	0.95				
	109	1	71.76212271052633	14.762493814736843	0.0	0.0	1	1.0246516286621434	-2.328766477011168	138.0	13	1.05	0.95				
	110	1	79.9635081631579	16.40277090526316	0.0	0.0	1	1.05	-3.753029793861097	138.0	13	1.05	0.95				
	111	1	0.0	0.0	0.0	0.0	1	1.0066063347344447	0.037760499185059214	230.0	13	1.05	0.95				
	112	1	0.0	0.0	0.0	0.0	1	1.0097743206330956	-0.9125415234183668	230.0	13	1.05	0.95				
	113	3	108.66835724736843	22.143740722105267	0.0	0.0	1	0.9983324447341249	2.2100917459874828e-29	230.0	14	1.05	0.95				
	114	2	79.55343889052632	15.992701632631581	0.0	0.0	1	1.010160890625093	3.247908686775299	230.0	16	1.05	0.95				
	115	2	129.99195942421053	26.244433448421056	0.0	0.0	1	1.0417260143562712	11.879499350182533	230.0	16	1.05	0.95				
	116	2	41.0069272631579	8.20138545263158	0.0	0.0	1	1.0354122396079906	10.17006646086464	230.0	16	1.05	0.95				
	117	1	0.0	0.0	0.0	0.0	1	1.0413690545774057	15.50714242057386	230.0	17	1.05	0.95				
	118	2	136.5530677863158	27.88471053894737	0.0	0.0	1	1.0499999925811132	16.2842053817908	230.0	17	1.05	0.95				
	119	1	74.2225383463158	15.172563087368424	0.0	0.0	1	1.0242581299521627	6.295011127090612	230.0	15	1.05	0.95				
	120	1	52.48886689684211	10.661801088421054	0.0	0.0	1	1.0204092129539692	3.565350756982447	230.0	15	1.05	0.95				
	121	2	0.0	0.0	0.0	0.0	1	1.05	17.87053553721845	230.0	17	1.05	0.95				
	122	2	0.0	0.0	0.0	0.0	1	1.05	31.197630917852408	230.0	17	1.05	0.95				
	123	2	0.0	0.0	0.0	0.0	1	1.0193216751584544	2.37641240661662	230.0	15	1.05	0.95				
	124	1	0.0	0.0	0.0	0.0	1	1.0245473738283586	8.075338594124812	230.0	16	1.05	0.95				
	201	2	42.159609625263165	8.588068627368422	0.0	0.0	2	1.0135043286975751	-14.742851833429079	138.0	21	1.05	0.95				
	202	2	37.86557531157895	7.807335115789475	0.0	0.0	2	1.0126361453704926	-15.016516588402826	138.0	22	1.05	0.95				
	203	1	70.26601604210528	14.443569964210528	0.0	0.0	2	1.0148998973408807	-11.141226732643366	138.0	21	1.05	0.95				
	204	1	28.887139928421057	5.855501336842106	0.0	0.0	2	1.0122543398530794	-14.617789540801969	138.0	21	1.05	0.95				
	205	1	27.716039661052633	5.465134581052633	0.0	0.0	2	1.0270492620295353	-15.021238435314388	138.0	21	1.05	0.95				
	206	1	53.08987878736843	10.930269162105265	0.0	-100.0	2	1.0426954129080321	-15.67527287198047	138.0	22	1.05	0.95				
	207	2	48.79584447368421	9.759168894736844	0.0	0.0	2	0.9958776492858717	-20.315537739320742	138.0	22	1.05	0.95				
	208	1	66.75271524	13.66283645263158	0.0	0.0	2	1.0020717356013198	-18.574700014571174	138.0	22	1.05	0.95				
	209	1	68.3141822631579	14.053203208421053	0.0	0.0	2	1.023007999153478	-12.672022642490463	138.0	23	1.05	0.95				
	210	1	76.12151737894737	15.61467023157895	0.0	0.0	2	1.05	-14.04201753609504	138.0	23	1.05	0.95				
	211	1	0.0	0.0	0.0	0.0	2	1.0036344249490439	-10.283150321030245	230.0	23	1.05	0.95				
	212	1	0.0	0.0	0.0	0.0	2	1.0093094811496597	-8.036771773258279	230.0	23	1.05	0.95				
	213	2	103.44719028421052	21.079804812631583	0.0	0.0	2	0.9975492729466575	-8.893997693955932	230.0	24	1.05	0.95				
	214	2	75.7311506231579	15.224303475789474	0.0	0.0	2	1.0024910020858797	-8.287141933655839	230.0	26	1.05	0.95				
	215	2	123.74626158526316	24.983472370526318	0.0	0.0	2	1.0209045558840715	-2.179895496399304	230.0	26	1.05	0.95				
	216	2	39.036675578947374	7.807335115789475	0.0	0.0	2	1.020604968363387	-3.0934172725404583	230.0	26	1.05	0.95				
	217	1	0.0	0.0	0.0	0.0	2	1.026144020086199	-1.0223059157576113	230.0	27	1.05	0.95				
	218	2	129.99212967789475	26.544939393684214	0.0	0.0	2	1.0259249735472562	-1.4240697160745794	230.0	27	1.05	0.95				
	219	1	70.65638279789475	14.443569964210528	0.0	0.0	2	1.019820507358494	-3.810883413689058	230.0	25	1.05	0.95				
	220	1	49.966944741052636	10.149535650526317	0.0	0.0	2	1.0216432797928054	-3.6612445930942448	230.0	25	1.05	0.95				
	221	2	0.0	0.0	0.0	0.0	2	1.0278167249917176	-0.8767621106306818	230.0	27	1.05	0.95				
	222	2	0.0	0.0	0.0	0.0	2	1.0496784936940688	5.559996667895103	230.0	27	1.05	0.95				
	223	2	0.0	0.0	0.0	0.0	2	1.0230653871626951	-3.2756929567499715	230.0	25	1.05	0.95				
	224	1	0.0	0.0	0.0	0.0	2	1.007590178881587	-5.549436045084102	230.0	26	1.05	0.95				
	301	2	57.382473903157894	11.689022461754385	0.0	0.0	3	1.0076789818191496	4.140188746682979	138.0	31	1.05	0.95				
	302	2	51.53796267228069	10.62638405614035	0.0	0.0	3	1.0067607727136327	3.941382943784185	138.0	32	1.05	0.95				
	303	1	95.63745650526315	19.658810503859648	0.0	0.0	3	1.0405859050258413	12.634782643284604	138.0	31	1.05	0.95				
	304	1	39.317621007719296	7.969788042105262	0.0	0.0	3	1.0088497695042946	5.497607451520692	138.0	31	1.05	0.95				
	305	1	37.72366339929824	7.438468839298245	0.0	0.0	3	1.021826105667085	4.517683882617532	138.0	31	1.05	0.95				
	306	1	72.25941158175438	14.87693767859649	0.0	-100.0	3	1.0371271856911526	4.1208278205684605	138.0	32	1.05	0.95				
	307	2	66.41490035087718	13.282980070175437	0.0	0.0	3	0.9917112501232354	-0.8649574221075309	138.0	32	1.05	0.95				
	308	1	90.85558367999998	18.59617209824561	0.0	0.0	3	0.9976323690285528	1.5677204923894577	138.0	32	1.05	0.95				
	309	1	92.98086049122807	19.12749130105263	0.0	0.0	3	1.0281944738290263	8.934098162175244	138.0	33	1.05	0.95				
	310	1	103.60724454736841	21.2527681122807	0.0	0.0	3	1.05	6.6030802650297655	138.0	33	1.05	0.95				
	311	1	0.0	0.0	0.0	0.0	3	1.0111963021231263	12.034750968552078	230.0	33	1.05	0.95				
	312	1	0.0	0.0	0.0	0.0	3	1.0152196858122278	12.719897625959227	230.0	33	1.05	0.95				
	313	2	140.79958874385963	28.691236951578947	0.0	0.0	3	1.016199174906928	16.734217942743474	230.0	34	1.05	0.95				
	314	2	103.07592534456138	20.721448909473683	0.0	0.0	3	1.0113616527751124	12.261567223829118	230.0	36	1.05	0.95				
	315	2	168.42818728982454	34.00442897964912	0.0	0.0	3	1.0398555661726976	12.097200953936667	230.0	36	1.05	0.95				
	316	2	53.13192028070175	10.62638405614035	0.0	0.0	3	1.0368413248590278	12.659572090453434	230.0	36	1.05	0.95				
	317	1	0.0	0.0	0.0	0.0	3	1.05	15.130285030050318	230.0	37	1.05	0.95				
	318	2	176.9292945347368	36.12970579087719	0.0	0.0	3	1.0476696218670691	12.32971117020524	230.0	37	1.05	0.95				
	319	1	96.16877570807017	19.658810503859648	0.0	0.0	3	1.0311999269146686	13.262384367459575	230.0	35	1.05	0.95				
	320	1	68.00885795929824	13.814299272982456	0.0	0.0	3	1.028338055423011	13.94406040271932	230.0	35	1.05	0.95				
	321	2	0.0	0.0	0.0	0.0	3	1.0457526618606747	12.895137523558326	230.0	37	1.05	0.95				
	322	2	0.0	0.0	0.0	0.0	3	1.05	18.114838244420287	230.0	37	1.05	0.95				
	323	2	0.0	0.0	0.0	0.0	3	1.0271568262624535	14.41433599207896	230.0	35	1.05	0.95				
	324	1	0.0	0.0	0.0	0.0	3	1.0378947019552915	13.388125823112034	230.0	36	1.05	0.95				
	325	1	0.0	0.0	0.0	0.0	3	1.0291870491247999	14.720574590744006	230.0	35	1.05	0.95				
];
