%% MATPOWER Case Format : Version 2
function mpc = RTS_GMLC
mpc.version = '2';

%%-----  Power Flow Data  -----%%
%% system MVA base
mpc.baseMVA = 100.0;
%% bus data
%    bus_i    type    Pd    Qd    Gs    Bs    area    Vm    Va    baseKV    zone    Vmax    Vmin
mpc.bus = [
	101	2	42.59079663157895	8.67590301754386	0.0	0.0	1	1.0241226348324806	0.5167929592254366	138.0	11	1.05	0.95				
	102	2	38.25284512280702	7.88718456140351	0.0	0.0	1	1.0219361333274426	-0.07136869230498087	138.0	12	1.05	0.95				
	103	1	70.98466105263158	14.59129143859649	0.0	0.0	1	1.0309869100516527	1.4484280648695944	138.0	11	1.05	0.95				
	104	1	29.18258287719298	5.915388421052631	0.0	0.0	1	1.019208657551745	-1.8698846442918116	138.0	11	1.05	0.95				
	105	1	27.999505192982454	5.521029192982456	0.0	0.0	1	1.0318128259870014	-2.186062594233006	138.0	11	1.05	0.95				
	106	1	53.632855017543854	11.042058385964912	0.0	-100.0	1	1.0440713805281556	-4.223302526669352	138.0	12	1.05	0.95				
	107	2	49.294903508771924	9.858980701754385	0.0	0.0	1	0.9998990476012737	-11.012730688920449	138.0	12	1.05	0.95				
	108	1	67.435428	13.802572982456137	0.0	0.0	1	1.0041174210504917	-8.826198289893526	138.0	12	1.05	0.95				
	109	1	69.0128649122807	14.196932210526313	0.0	0.0	1	1.0249689592795308	-2.3465065682616055	138.0	13	1.05	0.95				
	110	1	76.9000494736842	15.77436912280702	0.0	0.0	1	1.05	-3.651026093550273	138.0	13	1.05	0.95				
	111	1	0.0	0.0	0.0	0.0	1	1.005291383514126	-0.0881661496344712	230.0	13	1.05	0.95				
	112	1	0.0	0.0	0.0	0.0	1	1.0095589995449368	-0.945360836762543	230.0	13	1.05	0.95				
	113	3	104.50519543859649	21.295398315789473	0.0	0.0	1	0.9977507966032718	6.146178985378356e-30	230.0	14	1.05	0.95				
	114	2	76.50569024561403	15.380009894736842	0.0	0.0	1	1.0060452210538244	2.8637215890570196	230.0	16	1.05	0.95				
	115	2	125.0118752982456	25.238990596491227	0.0	0.0	1	1.042798292040413	10.867679153839495	230.0	16	1.05	0.95				
	116	2	39.43592280701754	7.88718456140351	0.0	0.0	1	1.0360428618864679	9.279316129030395	230.0	16	1.05	0.95				
	117	1	0.0	0.0	0.0	0.0	1	1.041906519043092	14.234021471040238	230.0	17	1.05	0.95				
	118	2	131.3216229473684	26.816427508771927	0.0	0.0	1	1.0493301071675853	14.976531789006627	230.0	17	1.05	0.95				
	119	1	71.37902028070175	14.59129143859649	0.0	0.0	1	1.0247065330074123	5.6853588659569505	230.0	15	1.05	0.95				
	120	1	50.477981192982455	10.253339929824563	0.0	0.0	1	1.0200543689596726	3.1872171934495177	230.0	15	1.05	0.95				
	121	2	0.0	0.0	0.0	0.0	1	1.05	16.495434911703917	230.0	17	1.05	0.95				
	122	2	0.0	0.0	0.0	0.0	1	1.05	28.642589020951377	230.0	17	1.05	0.95				
	123	2	0.0	0.0	0.0	0.0	1	1.0183330190066673	2.11324743896405	230.0	15	1.05	0.95				
	124	1	0.0	0.0	0.0	0.0	1	1.0265461655227268	7.345743705325851	230.0	16	1.05	0.95				
	201	2	40.76562255157895	8.30410829754386	0.0	0.0	2	1.0133891438107274	-16.84921441223117	138.0	21	1.05	0.95				
	202	2	36.61356840280702	7.549189361403509	0.0	0.0	2	1.012434619927641	-17.153514837569606	138.0	22	1.05	0.95				
	203	1	67.94270425263159	13.96600031859649	0.0	0.0	2	1.0159133669910927	-12.298261509488414	138.0	21	1.05	0.95				
	204	1	27.93200063719298	5.661892021052632	0.0	0.0	2	1.012104713231027	-16.900365644292716	138.0	21	1.05	0.95				
	205	1	26.799622232982458	5.284432552982456	0.0	0.0	2	1.027196340441774	-17.38518217561526	138.0	21	1.05	0.95				
	206	1	51.33448765754386	10.568865105964912	0.0	-100.0	2	1.0429878260319396	-18.17409628558047	138.0	22	1.05	0.95				
	207	2	47.18243350877193	9.436486701754387	0.0	0.0	2	0.9949684520443017	-22.61718320189891	138.0	22	1.05	0.95				
	208	1	64.54556903999999	13.211081382456138	0.0	0.0	2	1.0019026004440246	-20.946521971522092	138.0	22	1.05	0.95				
	209	1	66.0554069122807	13.588540850526314	0.0	0.0	2	1.0223398684001694	-15.123414768913873	138.0	23	1.05	0.95				
	210	1	73.60459627368421	15.098378722807018	0.0	0.0	2	1.05	-16.7043312674904	138.0	23	1.05	0.95				
	211	1	0.0	0.0	0.0	0.0	2	1.005180344650468	-12.335553596935567	230.0	23	1.05	0.95				
	212	1	0.0	0.0	0.0	0.0	2	1.0075379046488675	-12.076103173965908	230.0	23	1.05	0.95				
	213	2	100.02675903859648	20.382811275789475	0.0	0.0	2	0.9990048145227289	-11.465898537350162	230.0	24	1.05	0.95				
	214	2	73.22713680561404	14.720919254736842	0.0	0.0	2	1.0078893189272453	-9.405182922861552	230.0	26	1.05	0.95				
	215	2	119.6546513782456	24.15740595649123	0.0	0.0	2	1.0243640554610003	-2.1014054532568096	230.0	26	1.05	0.95				
	216	2	37.745946807017546	7.549189361403509	0.0	0.0	2	1.0250630328168258	-2.9850614953230816	230.0	26	1.05	0.95				
	217	1	0.0	0.0	0.0	0.0	2	1.0287943092353198	-0.9717373752115702	230.0	27	1.05	0.95				
	218	2	125.69400286736843	25.66724382877193	0.0	0.0	2	1.0285074589357108	-1.3405523944449111	230.0	27	1.05	0.95				
	219	1	68.32016372070176	13.96600031859649	0.0	0.0	2	1.0240926735683298	-4.161378660570944	230.0	25	1.05	0.95				
	220	1	48.31481191298246	9.813946169824561	0.0	0.0	2	1.0257407354872419	-4.441381547435683	230.0	25	1.05	0.95				
	221	2	0.0	0.0	0.0	0.0	2	1.030397368323906	-0.7986941334957278	230.0	27	1.05	0.95				
	222	2	0.0	0.0	0.0	0.0	2	1.0499999988905753	5.625586298204265	230.0	27	1.05	0.95				
	223	2	0.0	0.0	0.0	0.0	2	1.0269307966746395	-4.303595706936595	230.0	25	1.05	0.95				
	224	1	0.0	0.0	0.0	0.0	2	1.008668069109883	-5.927786159053494	230.0	26	1.05	0.95				
	301	2	62.14868712000001	12.659917746666668	0.0	0.0	3	1.0111054680377984	4.170159838485044	138.0	31	1.05	0.95				
	302	2	55.81872824666667	11.509016133333335	0.0	0.0	3	1.0095332030830146	3.8703383233777005	138.0	32	1.05	0.95				
	303	1	103.58114520000001	21.291679846666668	0.0	0.0	3	1.0494220501705396	16.232898732493656	138.0	31	1.05	0.95				
	304	1	42.583359693333335	8.6317621	0.0	0.0	3	1.008198083381352	5.313028034896092	138.0	31	1.05	0.95				
	305	1	40.85700727333334	8.056311293333335	0.0	0.0	3	1.023104465152402	4.036226307404578	138.0	31	1.05	0.95				
	306	1	78.26130970666668	16.11262258666667	0.0	-100.0	3	1.036530556720698	3.309246448806351	138.0	32	1.05	0.95				
	307	2	71.93135083333334	14.386270166666668	0.0	0.0	3	0.9888435343221867	-2.3388559599032046	138.0	32	1.05	0.95				
	308	1	98.40208794	20.140778233333336	0.0	0.0	3	0.9933054181332721	0.34674936109474264	138.0	32	1.05	0.95				
	309	1	100.70389116666666	20.71622904	0.0	0.0	3	1.026372117813511	8.847308388670447	138.0	33	1.05	0.95				
	310	1	112.2129073	23.01803226666667	0.0	0.0	3	1.05	5.750229212618718	138.0	33	1.05	0.95				
	311	1	0.0	0.0	0.0	0.0	3	1.0129960024158844	10.942642141764622	230.0	33	1.05	0.95				
	312	1	0.0	0.0	0.0	0.0	3	1.0169167133057808	11.748265693596046	230.0	33	1.05	0.95				
	313	2	152.49446376666666	31.074343560000006	0.0	0.0	3	1.018031298850148	15.428580843137219	230.0	34	1.05	0.95				
	314	2	111.63745649333335	22.442581460000003	0.0	0.0	3	1.0138979505142118	10.717913499077369	230.0	36	1.05	0.95				
	315	2	182.41790571333334	36.82885162666667	0.0	0.0	3	1.047160536770091	9.754093166681063	230.0	36	1.05	0.95				
	316	2	57.54508066666667	11.509016133333335	0.0	0.0	3	1.040234355757478	10.073529352980108	230.0	36	1.05	0.95				
	317	1	0.0	0.0	0.0	0.0	3	1.05	11.377533095384878	230.0	37	1.05	0.95				
	318	2	191.62511862000002	39.13065485333334	0.0	0.0	3	1.0478818717879004	9.075188828578646	230.0	37	1.05	0.95				
	319	1	104.15659600666667	21.291679846666668	0.0	0.0	3	1.0337615369502484	11.033208470236303	230.0	35	1.05	0.95				
	320	1	73.65770325333334	14.961720973333334	0.0	0.0	3	1.0305722881727593	12.012410962516874	230.0	35	1.05	0.95				
	321	2	0.0	0.0	0.0	0.0	3	1.0481255199136106	9.91743754473965	230.0	37	1.05	0.95				
	322	2	0.0	0.0	0.0	0.0	3	1.05	14.835744305966223	230.0	37	1.05	0.95				
	323	2	0.0	0.0	0.0	0.0	3	1.0294726130206735	12.66184471500561	230.0	35	1.05	0.95				
	324	1	0.0	0.0	0.0	0.0	3	1.0474135600854906	13.618752886817793	230.0	36	1.05	0.95				
	325	1	0.0	0.0	0.0	0.0	3	1.0312111047085584	12.998202854943147	230.0	35	1.05	0.95				
];
