%% MATPOWER Case Format : Version 2
function mpc = RTS_GMLC
mpc.version = '2';

%%-----  Power Flow Data  -----%%
%% system MVA base
mpc.baseMVA = 100.0;
%% bus data
%    bus_i    type    Pd    Qd    Gs    Bs    area    Vm    Va    baseKV    zone    Vmax    Vmin
mpc.bus = [
	101	2	41.72241463578948	8.49901038877193	0.0	0.0	1	1.0174310378788018	-2.4576067139844184	138.0	11	1.05	0.95				
	102	2	37.472909441403516	7.726373080701755	0.0	0.0	1	1.0170586955340877	-2.6988549036029474	138.0	12	1.05	0.95				
	103	1	69.53735772631579	14.293790199298245	0.0	0.0	1	1.010415913979031	1.1478942005888144	138.0	11	1.05	0.95				
	104	1	28.58758039859649	5.794779810526316	0.0	0.0	1	1.0082098884648527	-3.116854289886239	138.0	11	1.05	0.95				
	105	1	27.428624436491226	5.408461156491229	0.0	0.0	1	1.0208205685013347	-4.219153681630201	138.0	11	1.05	0.95				
	106	1	52.53933694877194	10.816922312982458	0.0	-100.0	1	1.030697983693735	-5.6737448517221605	138.0	12	1.05	0.95				
	107	2	48.28983175438597	9.657966350877194	0.0	0.0	1	0.9874386273366055	-11.274303124771581	138.0	12	1.05	0.95				
	108	1	66.06048984	13.52115289122807	0.0	0.0	1	0.9898346922033932	-9.370885617657775	138.0	12	1.05	0.95				
	109	1	67.60576445614036	13.907471545263158	0.0	0.0	1	1.0060555879217432	-2.990265559518154	138.0	13	1.05	0.95				
	110	1	75.33213753684211	15.45274616140351	0.0	0.0	1	1.0335271669585628	-4.74199146695201	138.0	13	1.05	0.95				
	111	1	0.0	0.0	0.0	0.0	1	0.9839283780988465	-0.729490893703214	230.0	13	1.05	0.95				
	112	1	0.0	0.0	0.0	0.0	1	0.9862182268541207	-1.4086796908075923	230.0	13	1.05	0.95				
	113	3	102.37444331929825	20.86120731789474	0.0	0.0	1	0.9681516044152111	1.4673295208210003e-31	230.0	14	1.05	0.95				
	114	2	74.94581888280703	15.066427507368424	0.0	0.0	1	0.9882885315615791	1.9335991491642541	230.0	16	1.05	0.95				
	115	2	122.46301332912282	24.724393858245616	0.0	0.0	1	1.0003042836398033	9.613046307022081	230.0	16	1.05	0.95				
	116	2	38.631865403508776	7.726373080701755	0.0	0.0	1	0.9978954473836236	8.229804107891402	230.0	16	1.05	0.95				
	117	1	0.0	0.0	0.0	0.0	1	1.006209772451337	12.827325069675483	230.0	17	1.05	0.95				
	118	2	128.64411179368423	26.26966847438597	0.0	0.0	1	1.0112455704798082	13.578450340379419	230.0	17	1.05	0.95				
	119	1	69.92367638035088	14.293790199298245	0.0	0.0	1	0.9946735455586383	5.210102965520581	230.0	15	1.05	0.95				
	120	1	49.44878771649123	10.044285004912282	0.0	0.0	1	0.9954393477138859	2.8077133074748586	230.0	15	1.05	0.95				
	121	2	0.0	0.0	0.0	0.0	1	1.0117679331205889	14.809832332810347	230.0	17	1.05	0.95				
	122	2	0.0	0.0	0.0	0.0	1	1.0311970704465891	25.451720837275012	230.0	17	1.05	0.95				
	123	2	0.0	0.0	0.0	0.0	1	0.996681677633929	1.803467252952515	230.0	15	1.05	0.95				
	124	1	0.0	0.0	0.0	0.0	1	0.9937887638303301	6.374975115954713	230.0	16	1.05	0.95				
	201	2	44.165591052631584	8.996694473684212	0.0	0.0	2	1.011488031296361	-15.90554396479709	138.0	21	1.05	0.95				
	202	2	39.66724381578947	8.178813157894737	0.0	0.0	2	1.0102955764836579	-16.17994684088126	138.0	22	1.05	0.95				
	203	1	73.60931842105262	15.130804342105261	0.0	0.0	2	0.9983148015611832	-11.660606118613446	138.0	21	1.05	0.95				
	204	1	30.261608684210522	6.134109868421052	0.0	0.0	2	1.0018490510420641	-15.583928916474324	138.0	21	1.05	0.95				
	205	1	29.034786710526312	5.725169210526316	0.0	0.0	2	1.018584592617536	-16.049042064789653	138.0	21	1.05	0.95				
	206	1	55.61592947368421	11.450338421052631	0.0	-100.0	2	1.0303535917376276	-16.652925955466003	138.0	22	1.05	0.95				
	207	2	51.11758223684211	10.223516447368421	0.0	0.0	2	0.9741508784471141	-21.61823768645222	138.0	22	1.05	0.95				
	208	1	69.92885249999999	14.312923026315788	0.0	0.0	2	0.9820164001060506	-19.734083191120078	138.0	22	1.05	0.95				
	209	1	71.56461513157895	14.721863684210525	0.0	0.0	2	1.0070321984443769	-13.352852330385515	138.0	23	1.05	0.95				
	210	1	79.74342828947368	16.357626315789474	0.0	0.0	2	1.0355565344654705	-14.848303698559759	138.0	23	1.05	0.95				
	211	1	0.0	0.0	0.0	0.0	2	0.9891503939448525	-10.554756337474087	230.0	23	1.05	0.95				
	212	1	0.0	0.0	0.0	0.0	2	0.9916798715787517	-8.522663395695123	230.0	23	1.05	0.95				
	213	2	108.36927434210526	22.082795526315792	0.0	0.0	2	0.9877539037410709	-8.860425555866373	230.0	24	1.05	0.95				
	214	2	79.33448763157894	15.948685657894737	0.0	0.0	2	0.9857984840389855	-8.352701535466956	230.0	26	1.05	0.95				
	215	2	129.63418855263157	26.17220210526316	0.0	0.0	2	0.9936885671525799	-1.5833306783726797	230.0	26	1.05	0.95				
	216	2	40.894065789473686	8.178813157894737	0.0	0.0	2	0.9930264863633983	-2.5599303642367923	230.0	26	1.05	0.95				
	217	1	0.0	0.0	0.0	0.0	2	1.0008184983762134	-0.7139935531872312	230.0	27	1.05	0.95				
	218	2	136.17723907894737	27.807964736842106	0.0	0.0	2	1.001405602380409	-1.1089619706744585	230.0	27	1.05	0.95				
	219	1	74.01825907894737	15.130804342105261	0.0	0.0	2	0.9918557701787182	-2.7375788030205266	230.0	25	1.05	0.95				
	220	1	52.34440421052632	10.632457105263157	0.0	0.0	2	0.9937151210758864	-2.0381960102775394	230.0	25	1.05	0.95				
	221	2	0.0	0.0	0.0	0.0	2	1.0038090843746459	-0.46040283615153776	230.0	27	1.05	0.95				
	222	2	0.0	0.0	0.0	0.0	2	1.0224058064300618	6.119746530017942	230.0	27	1.05	0.95				
	223	2	0.0	0.0	0.0	0.0	2	0.9954896722736872	-1.319756295251936	230.0	25	1.05	0.95				
	224	1	0.0	0.0	0.0	0.0	2	0.983397159023146	-5.414882271773536	230.0	26	1.05	0.95				
	301	2	62.23410314526316	12.67731730736842	0.0	0.0	3	1.0076747226966865	29.620401609628928	138.0	31	1.05	0.95				
	302	2	55.89544449157895	11.524833915789474	0.0	0.0	3	1.0078608279333243	29.33474978420622	138.0	32	1.05	0.95				
	303	1	103.72350524210528	21.320942744210527	0.0	0.0	3	1.0218436153334514	41.23837991873677	138.0	31	1.05	0.95				
	304	1	42.64188548842105	8.643625436842104	0.0	0.0	3	0.9996563909119577	31.032224274402754	138.0	31	1.05	0.95				
	305	1	40.91316040105263	8.067383741052634	0.0	0.0	3	1.0159434196044765	29.76987050226223	138.0	31	1.05	0.95				
	306	1	78.36887062736842	16.134767482105268	0.0	-100.0	3	1.0277208239110194	29.190019459405143	138.0	32	1.05	0.95				
	307	2	72.03021197368422	14.406042394736843	0.0	0.0	3	0.9722052617974883	26.55257140904633	138.0	32	1.05	0.95				
	308	1	98.53732998	20.16845935263158	0.0	0.0	3	0.9860326208976089	29.165166255630588	138.0	32	1.05	0.95				
	309	1	100.8422967631579	20.744701048421053	0.0	0.0	3	1.0128211125027529	34.842817695461996	138.0	33	1.05	0.95				
	310	1	112.36713067894738	23.049667831578947	0.0	0.0	3	1.0393225070528513	31.802542243981446	138.0	33	1.05	0.95				
	311	1	0.0	0.0	0.0	0.0	3	0.9981983471631686	36.14333672977516	230.0	33	1.05	0.95				
	312	1	0.0	0.0	0.0	0.0	3	1.0040031413300452	37.04572679353401	230.0	33	1.05	0.95				
	313	2	152.70404938421052	31.11705157263158	0.0	0.0	3	1.008531038715878	42.28555868094926	230.0	34	1.05	0.95				
	314	2	111.7908889831579	22.473426135789477	0.0	0.0	3	0.9926861079175716	33.63086299779322	230.0	36	1.05	0.95				
	315	2	182.66861756526316	36.87946853052632	0.0	0.0	3	1.0037527314421324	27.20658065538025	230.0	36	1.05	0.95				
	316	2	57.624169578947374	11.524833915789474	0.0	0.0	3	0.9991681586402577	27.883394084798386	230.0	36	1.05	0.95				
	317	1	0.0	0.0	0.0	0.0	3	1.0072247425367566	26.404472388949635	230.0	37	1.05	0.95				
	318	2	191.88848469789474	39.18443531368421	0.0	0.0	3	1.0041167669477906	23.574680794264168	230.0	37	1.05	0.95				
	319	1	104.29974693789474	21.320942744210527	0.0	0.0	3	1.001551694744548	29.76128211803332	230.0	35	1.05	0.95				
	320	1	73.75893706105263	14.982284090526319	0.0	0.0	3	1.005616895240587	31.05749932290505	230.0	35	1.05	0.95				
	321	2	0.0	0.0	0.0	0.0	3	1.01140626492041	25.395118791054056	230.0	37	1.05	0.95				
	322	2	0.0	0.0	0.0	0.0	3	1.0274203329998821	30.1469135491858	230.0	37	1.05	0.95				
	323	2	0.0	0.0	0.0	0.0	3	1.0072941537668896	31.319991723646634	230.0	35	1.05	0.95				
	324	1	0.0	0.0	0.0	0.0	3	1.0084850555850153	34.52399307260719	230.0	36	1.05	0.95				
