%% MATPOWER Case Format : Version 2
function mpc = RTS_GMLC
mpc.version = '2';

%%-----  Power Flow Data  -----%%
%% system MVA base
mpc.baseMVA = 100.0;
%% bus data
%    bus_i    type    Pd    Qd    Gs    Bs    area    Vm    Va    baseKV    zone    Vmax    Vmin
mpc.bus = [
	101	2	59.77140029052631	12.175655614736842	0.0	0.0	1	1.0363150774554453	-0.601808295284079	138.0	11	1.05	0.95				
	102	2	53.683572483157896	11.068777831578947	0.0	0.0	1	1.0359693070140523	-0.7603437393889341	138.0	12	1.05	0.95				
	103	1	99.61900048421052	20.47723898842105	0.0	0.0	1	1.0193119824562384	-1.5404905051369628	138.0	11	1.05	0.95				
	104	1	40.9544779768421	8.30158337368421	0.0	0.0	1	1.019843370050368	-3.6545142071647465	138.0	11	1.05	0.95				
	105	1	39.29416130210526	7.748144482105264	0.0	0.0	1	1.03580522347093	-3.5617963408308277	138.0	11	1.05	0.95				
	106	1	75.26768925473684	15.496288964210528	0.0	-100.0	1	1.042727671481094	-5.770254840383173	138.0	12	1.05	0.95				
	107	2	69.17986144736842	13.835972289473682	0.0	0.0	1	1.018564845373547	-8.599095253668388	138.0	12	1.05	0.95				
	108	1	94.63805045999999	19.370361205263155	0.0	0.0	1	1.0117782756432505	-8.522126476709806	138.0	12	1.05	0.95				
	109	1	96.85180602631578	19.923800096842104	0.0	0.0	1	1.0237528258890702	-3.7896707747104657	138.0	13	1.05	0.95				
	110	1	107.92058385789474	22.137555663157894	0.0	0.0	1	1.05	-4.828730645510585	138.0	13	1.05	0.95				
	111	1	0.0	0.0	0.0	0.0	1	1.0050530999735618	-1.2670070671752216	230.0	13	1.05	0.95				
	112	1	0.0	0.0	0.0	0.0	1	1.0107502818781373	-0.8049658509066849	230.0	13	1.05	0.95				
	113	3	146.66130626842104	29.885700145263154	0.0	0.0	1	1.005398759559423	-1.1238171021669902e-31	230.0	14	1.05	0.95				
	114	2	107.36714496631579	21.584116771578945	0.0	0.0	1	0.9992049652781831	0.79162936494221	230.0	16	1.05	0.95				
	115	2	175.4401286305263	35.42008906105263	0.0	0.0	1	1.0240716417959281	7.710008308634708	230.0	16	1.05	0.95				
	116	2	55.34388915789473	11.068777831578947	0.0	0.0	1	1.0222959783590482	7.0769331310300885	230.0	16	1.05	0.95				
	117	1	0.0	0.0	0.0	0.0	1	1.0287257884145111	9.481011547567173	230.0	17	1.05	0.95				
	118	2	184.29515089578948	37.63384462736842	0.0	0.0	1	1.0292748096402162	9.780242145762992	230.0	17	1.05	0.95				
	119	1	100.17243937578948	20.47723898842105	0.0	0.0	1	1.0196771353808323	5.626978234036092	230.0	15	1.05	0.95				
	120	1	70.84017812210526	14.38941118105263	0.0	0.0	1	1.0220908116912726	5.45493850454812	230.0	15	1.05	0.95				
	121	2	0.0	0.0	0.0	0.0	1	1.0314300211390122	10.94480947676422	230.0	17	1.05	0.95				
	122	2	0.0	0.0	0.0	0.0	1	1.05	16.863171945493598	230.0	17	1.05	0.95				
	123	2	0.0	0.0	0.0	0.0	1	1.0245588369697747	5.785408362523194	230.0	15	1.05	0.95				
	124	1	0.0	0.0	0.0	0.0	1	1.010864649206608	4.226761242441453	230.0	16	1.05	0.95				
	201	2	63.44341256842105	12.923658115789472	0.0	0.0	2	1.028964432882528	-14.093742368668185	138.0	21	1.05	0.95				
	202	2	56.98158351052631	11.748780105263156	0.0	0.0	2	1.0294210687724674	-14.123924848729585	138.0	22	1.05	0.95				
	203	1	105.73902094736842	21.73524319473684	0.0	0.0	2	1.0192421032819068	-11.514309133431183	138.0	21	1.05	0.95				
	204	1	43.47048638947368	8.811585078947367	0.0	0.0	2	1.0163042145019692	-16.12835081424829	138.0	21	1.05	0.95				
	205	1	41.70816937368421	8.22414607368421	0.0	0.0	2	1.0319015199880202	-16.49392539529848	138.0	21	1.05	0.95				
	206	1	79.89170471578947	16.44829214736842	0.0	-100.0	2	1.040458330031655	-18.387534271972424	138.0	22	1.05	0.95				
	207	2	73.42987565789473	14.685975131578946	0.0	0.0	2	0.9879425196933884	-27.13640258140381	138.0	22	1.05	0.95				
	208	1	100.4520699	20.560365184210525	0.0	0.0	2	0.988881498202079	-24.323774220475396	138.0	22	1.05	0.95				
	209	1	102.80182592105263	21.147804189473682	0.0	0.0	2	1.0234638480512654	-15.372112812504474	138.0	23	1.05	0.95				
	210	1	114.55060602631578	23.497560210526313	0.0	0.0	2	1.05	-17.059062824079472	138.0	23	1.05	0.95				
	211	1	0.0	0.0	0.0	0.0	2	1.0148042349425475	-11.963506455015615	230.0	23	1.05	0.95				
	212	1	0.0	0.0	0.0	0.0	2	1.0161582122603239	-11.217355631737028	230.0	23	1.05	0.95				
	213	2	155.6713363947368	31.721706284210526	0.0	0.0	2	1.0180441914889982	-10.81766053069022	230.0	24	1.05	0.95				
	214	2	113.96316702105263	22.910121205263156	0.0	0.0	2	1.0207459137349848	-8.708212524170813	230.0	26	1.05	0.95				
	215	2	186.21816466842102	37.5960963368421	0.0	0.0	2	1.0332228326525077	-0.1594365947140472	230.0	26	1.05	0.95				
	216	2	58.743900526315784	11.748780105263156	0.0	0.0	2	1.0356710544560952	-0.5132054318603514	230.0	26	1.05	0.95				
	217	1	0.0	0.0	0.0	0.0	2	1.0379411038619781	2.786215322392088	230.0	27	1.05	0.95				
	218	2	195.61718875263156	39.945852357894736	0.0	0.0	2	1.039505697314298	3.1470628283865327	230.0	27	1.05	0.95				
	219	1	106.32645995263157	21.73524319473684	0.0	0.0	2	1.037909256344686	-1.520608394484259	230.0	25	1.05	0.95				
	220	1	75.1921926736842	15.273414136842103	0.0	0.0	2	1.0446051263945337	-1.2774897450382232	230.0	25	1.05	0.95				
	221	2	0.0	0.0	0.0	0.0	2	1.0397420900577574	2.8069698217732992	230.0	27	1.05	0.95				
	222	2	0.0	0.0	0.0	0.0	2	1.05	9.300581422584868	230.0	27	1.05	0.95				
	223	2	0.0	0.0	0.0	0.0	2	1.0495814110135249	-0.7160238779324898	230.0	25	1.05	0.95				
	224	1	0.0	0.0	0.0	0.0	2	1.0139055126126613	-4.399342766195127	230.0	26	1.05	0.95				
	301	2	50.4637772968421	10.279658338245614	0.0	0.0	3	1.0389118876430383	-3.0546406760561107	138.0	31	1.05	0.95				
	302	2	45.32394812771929	9.345143943859648	0.0	0.0	3	1.0346219916848847	-3.392447736415058	138.0	32	1.05	0.95				
	303	1	84.10629549473684	17.28851629614035	0.0	0.0	3	1.05	11.649273152037063	138.0	31	1.05	0.95				
	304	1	34.5770325922807	7.008857957894736	0.0	0.0	3	1.0153191132913097	-2.3715815005870775	138.0	31	1.05	0.95				
	305	1	33.17526100070175	6.541600760701755	0.0	0.0	3	1.0367421442179525	-3.9762136116138223	138.0	31	1.05	0.95				
	306	1	63.54697881824561	13.08320152140351	0.0	-100.0	3	1.04222330400986	-5.060419064999405	138.0	32	1.05	0.95				
	307	2	58.4071496491228	11.68142992982456	0.0	0.0	3	0.9500000104659126	-1.740249366822322	138.0	32	1.05	0.95				
	308	1	79.90098071999999	16.354001901754383	0.0	0.0	3	0.9716155779198952	-3.2670466527345945	138.0	32	1.05	0.95				
	309	1	81.77000950877192	16.821259098947365	0.0	0.0	3	1.0139536652677061	0.4263257316155873	138.0	33	1.05	0.95				
	310	1	91.11515345263157	18.690287887719297	0.0	0.0	3	1.0454084545214217	-3.430126002195112	138.0	33	1.05	0.95				
	311	1	0.0	0.0	0.0	0.0	3	1.0013981309539752	-0.032939118253798	230.0	33	1.05	0.95				
	312	1	0.0	0.0	0.0	0.0	3	1.0062795898487282	0.8935066149056484	230.0	33	1.05	0.95				
	313	2	123.82315725614035	25.23188864842105	0.0	0.0	3	1.0035630643194957	3.170083597786986	230.0	34	1.05	0.95				
	314	2	90.64789625543858	18.223030690526315	0.0	0.0	3	0.9950885057732012	-1.2690008470079623	230.0	36	1.05	0.95				
	315	2	148.12053151017543	29.904460620350875	0.0	0.0	3	1.0452548772885875	0.02573242524037588	230.0	36	1.05	0.95				
	316	2	46.72571971929824	9.345143943859648	0.0	0.0	3	1.0278267993871293	-0.14125991912399483	230.0	36	1.05	0.95				
	317	1	0.0	0.0	0.0	0.0	3	1.0411197870893583	0.12372261663368186	230.0	37	1.05	0.95				
	318	2	155.59664666526314	31.773489409122806	0.0	0.0	3	1.045151279240327	-0.3838204775168069	230.0	37	1.05	0.95				
	319	1	84.57355269192982	17.28851629614035	0.0	0.0	3	1.0175083863620011	0.014942923485236254	230.0	35	1.05	0.95				
	320	1	59.80892124070175	12.148687127017544	0.0	0.0	3	1.0119966700168652	1.0827552077246962	230.0	35	1.05	0.95				
	321	2	0.0	0.0	0.0	0.0	3	1.05	0.25910734183718004	230.0	37	1.05	0.95				
	322	2	0.0	0.0	0.0	0.0	3	1.05	4.542891607384673	230.0	37	1.05	0.95				
	323	2	0.0	0.0	0.0	0.0	3	1.0100889405679407	2.0467191808118343	230.0	35	1.05	0.95				
	324	1	0.0	0.0	0.0	0.0	3	1.04337695769768	4.4705239311578975	230.0	36	1.05	0.95				
	325	1	0.0	0.0	0.0	0.0	3	1.0102585334679661	2.81020229241	230.0	35	1.05	0.95				
];
