%% MATPOWER Case Format : Version 2
function mpc = RTS_GMLC
mpc.version = '2';

%%-----  Power Flow Data  -----%%
%% system MVA base
mpc.baseMVA = 100.0;
%% bus data
%    bus_i    type    Pd    Qd    Gs    Bs    area    Vm    Va    baseKV    zone    Vmax    Vmin
mpc.bus = [
	101	2	41.241464640000004	8.401039093333333	0.0	0.0	1	1.0127215918396308	-4.213088562715926	138.0	11	1.05	0.95				
	102	2	37.040945093333335	7.637308266666667	0.0	0.0	1	1.0126369442546204	-4.419035310212649	138.0	12	1.05	0.95				
	103	1	68.73577440000001	14.129020293333333	0.0	0.0	1	1.0024092970352068	0.19933782930125715	138.0	11	1.05	0.95				
	104	1	28.258040586666667	5.7279812	0.0	0.0	1	1.0037928357785897	-4.282487953406423	138.0	11	1.05	0.95				
	105	1	27.112444346666663	5.346115786666667	0.0	0.0	1	1.0177301082892012	-5.271560854609809	138.0	11	1.05	0.95				
	106	1	51.933696213333334	10.692231573333334	0.0	-100.0	1	1.028565664076311	-6.3333192034823185	138.0	12	1.05	0.95				
	107	2	47.733176666666665	9.546635333333334	0.0	0.0	1	0.9859075719824599	-10.005307354760058	138.0	12	1.05	0.95				
	108	1	65.29898568	13.365289466666667	0.0	0.0	1	0.9889007379932935	-8.788475198100086	138.0	12	1.05	0.95				
	109	1	66.82644733333333	13.74715488	0.0	0.0	1	1.0033671343557415	-3.3345583437595168	138.0	13	1.05	0.95				
	110	1	74.4637556	15.274616533333335	0.0	0.0	1	1.0317022588569242	-5.083160769965571	138.0	13	1.05	0.95				
	111	1	0.0	0.0	0.0	0.0	1	0.9823628786833952	-0.6919675483927392	230.0	13	1.05	0.95				
	112	1	0.0	0.0	0.0	0.0	1	0.9832256553785278	-1.47531709874416	230.0	13	1.05	0.95				
	113	3	101.19433453333333	20.620732320000002	0.0	0.0	1	0.9630504280155119	4.440148525397416e-28	230.0	14	1.05	0.95				
	114	2	74.08189018666667	14.89275112	0.0	0.0	1	0.9917957592121258	2.36784265457134	230.0	16	1.05	0.95				
	115	2	121.05133602666666	24.439386453333334	0.0	0.0	1	0.9931840233069893	10.693645669848323	230.0	16	1.05	0.95				
	116	2	38.18654133333334	7.637308266666667	0.0	0.0	1	0.9915920894960687	9.317151568119078	230.0	16	1.05	0.95				
	117	1	0.0	0.0	0.0	0.0	1	0.9933544304599886	14.867389448469641	230.0	17	1.05	0.95				
	118	2	127.16118264	25.966848106666667	0.0	0.0	1	1.0022616413452456	15.174310207055031	230.0	17	1.05	0.95				
	119	1	69.11763981333334	14.129020293333333	0.0	0.0	1	0.9909621633295385	5.80036764414311	230.0	15	1.05	0.95				
	120	1	48.87877290666667	9.928500746666668	0.0	0.0	1	0.9951836654046321	3.303359895560091	230.0	15	1.05	0.95				
	121	2	0.0	0.0	0.0	0.0	1	1.0028474392921864	16.26888038213943	230.0	17	1.05	0.95				
	122	2	0.0	0.0	0.0	0.0	1	1.0063963524621615	35.15406573894705	230.0	17	1.05	0.95				
	123	2	0.0	0.0	0.0	0.0	1	0.9983521960481572	2.249339590385591	230.0	15	1.05	0.95				
	124	1	0.0	0.0	0.0	0.0	1	0.9841257222353523	6.685415596773181	230.0	16	1.05	0.95				
	201	2	41.4286164	8.4391626	0.0	0.0	2	1.0113388854403236	-11.461942324150444	138.0	21	1.05	0.95				
	202	2	37.2090351	7.671966000000001	0.0	0.0	2	1.0101985562716735	-11.661208068193261	138.0	22	1.05	0.95				
	203	1	69.047694	14.1931371	0.0	0.0	2	0.9976325907927637	-8.68663287695004	138.0	21	1.05	0.95				
	204	1	28.3862742	5.7539745	0.0	0.0	2	1.0018212004210167	-10.89564494394039	138.0	21	1.05	0.95				
	205	1	27.235479299999998	5.3703762	0.0	0.0	2	1.0180984534315574	-11.244572088776746	138.0	21	1.05	0.95				
	206	1	52.1693688	10.7407524	0.0	-100.0	2	1.0299810296102268	-11.616725725725932	138.0	22	1.05	0.95				
	207	2	47.9497875	9.5899575	0.0	0.0	2	0.9718520224012712	-16.18841886130276	138.0	22	1.05	0.95				
	208	1	65.59530930000001	13.4259405	0.0	0.0	2	0.9812643974909342	-14.447134249501842	138.0	22	1.05	0.95				
	209	1	67.1297025	13.809538799999999	0.0	0.0	2	1.0062143224668618	-8.628376344558651	138.0	23	1.05	0.95				
	210	1	74.80166849999999	15.343932000000002	0.0	0.0	2	1.034155456025352	-9.757584980132892	138.0	23	1.05	0.95				
	211	1	0.0	0.0	0.0	0.0	2	0.9860475718047635	-6.3239110004792884	230.0	23	1.05	0.95				
	212	1	0.0	0.0	0.0	0.0	2	0.988546931728653	-2.5515815491510607	230.0	23	1.05	0.95				
	213	2	101.65354950000001	20.7143082	0.0	0.0	2	0.9817371863923839	-4.228615946999419	230.0	24	1.05	0.95				
	214	2	74.4180702	14.9603337	0.0	0.0	2	0.981110253110816	-5.134054278553968	230.0	26	1.05	0.95				
	215	2	121.60066110000001	24.5502912	0.0	0.0	2	0.9903775744461709	-0.4749694837791634	230.0	26	1.05	0.95				
	216	2	38.35983	7.671966000000001	0.0	0.0	2	0.9884250616957716	-0.9300457725413257	230.0	26	1.05	0.95				
	217	1	0.0	0.0	0.0	0.0	2	0.9988983625929518	0.3305563927889935	230.0	27	1.05	0.95				
	218	2	127.73823390000001	26.0846844	0.0	0.0	2	0.9996997904553069	-0.10796849179792806	230.0	27	1.05	0.95				
	219	1	69.4312923	14.1931371	0.0	0.0	2	0.9826966926886616	-0.5259677281356295	230.0	25	1.05	0.95				
	220	1	49.1005824	9.9735558	0.0	0.0	2	0.980455428603867	0.6466493637143497	230.0	25	1.05	0.95				
	221	2	0.0	0.0	0.0	0.0	2	1.0018518879720166	0.44385506937762387	230.0	27	1.05	0.95				
	222	2	0.0	0.0	0.0	0.0	2	1.0199053981935136	5.973796834094893	230.0	27	1.05	0.95				
	223	2	0.0	0.0	0.0	0.0	2	0.9800781763766669	1.6191634940531583	230.0	25	1.05	0.95				
	224	1	0.0	0.0	0.0	0.0	2	0.9831564713961132	-3.60684322968763	230.0	26	1.05	0.95				
	301	2	62.182853545263164	12.666877574035087	0.0	0.0	3	1.005705890545995	11.98350591899804	138.0	31	1.05	0.95				
	302	2	55.84941475824561	11.515343249122807	0.0	0.0	3	1.0059638942521718	11.700171785293895	138.0	32	1.05	0.95				
	303	1	103.63808924210527	21.303385010877193	0.0	0.0	3	1.0150683472269584	23.52633278661914	138.0	31	1.05	0.95				
	304	1	42.606770021754386	8.636507436842104	0.0	0.0	3	0.9956017569084417	13.409528583140592	138.0	31	1.05	0.95				
	305	1	40.87946853438596	8.060740274385966	0.0	0.0	3	1.012289252340053	12.225803155771956	138.0	31	1.05	0.95				
	306	1	78.30433409403508	16.12148054877193	0.0	-100.0	3	1.0231317505617248	11.692665126663911	138.0	32	1.05	0.95				
	307	2	71.97089530701754	14.39417906140351	0.0	0.0	3	0.9653868293516391	6.920853131869084	138.0	32	1.05	0.95				
	308	1	98.45618478	20.151850685964913	0.0	0.0	3	0.9746546208821673	9.6533568291567	138.0	32	1.05	0.95				
	309	1	100.75925342982457	20.72761784842105	0.0	0.0	3	1.0071136427955518	17.256425247513533	138.0	33	1.05	0.95				
	310	1	112.27459667894738	23.030686498245615	0.0	0.0	3	1.0340533060650972	14.3674388125441	138.0	33	1.05	0.95				
	311	1	0.0	0.0	0.0	0.0	3	0.9927813938369952	20.06671119569644	230.0	33	1.05	0.95				
	312	1	0.0	0.0	0.0	0.0	3	1.0000697434630423	20.135197303096188	230.0	33	1.05	0.95				
	313	2	152.57829805087718	31.091426772631582	0.0	0.0	3	1.002708627468751	23.231638589442912	230.0	34	1.05	0.95				
	314	2	111.69882951649122	22.454919335789477	0.0	0.0	3	0.9868741158961439	21.63278113693137	230.0	36	1.05	0.95				
	315	2	182.51819049859648	36.84909839719298	0.0	0.0	3	0.9867134733286727	22.51418984141727	230.0	36	1.05	0.95				
	316	2	57.57671624561404	11.515343249122807	0.0	0.0	3	0.9783215996673307	23.064959654869543	230.0	36	1.05	0.95				
	317	1	0.0	0.0	0.0	0.0	3	0.9932399011577229	27.01853779104031	230.0	37	1.05	0.95				
	318	2	191.73046509789472	39.15216704701754	0.0	0.0	3	0.9867600387848516	23.056913801825825	230.0	37	1.05	0.95				
	319	1	104.2138564045614	21.303385010877193	0.0	0.0	3	0.9887793698896973	22.35051929878716	230.0	35	1.05	0.95				
	320	1	73.69819679438596	14.969946223859651	0.0	0.0	3	0.999944593554283	21.584804849561344	230.0	35	1.05	0.95				
	321	2	0.0	0.0	0.0	0.0	3	0.993925197850244	23.44829717668818	230.0	37	1.05	0.95				
	322	2	0.0	0.0	0.0	0.0	3	1.011841743287741	28.274120489575	230.0	37	1.05	0.95				
	323	2	0.0	0.0	0.0	0.0	3	1.0062978299851233	21.1565636206226	230.0	35	1.05	0.95				
	324	1	0.0	0.0	0.0	0.0	3	0.9962008383974579	24.501885600808972	230.0	36	1.05	0.95				
	325	1	0.0	0.0	0.0	0.0	3	1.0073828434506837	20.744486176136643	230.0	35	1.05	0.95				
];

%% generator data
%    bus    Pg    Qg    Qmax    Qmin    Vg    mBase    status    Pmax    Pmin    Pc1    Pc2    Qc1min    Qc1max    Qc2min    Qc2max    ramp_agc    ramp_10    ramp_30    ramp_q    apf
