%% MATPOWER Case Format : Version 2
function mpc = RTS_GMLC
mpc.version = '2';

%%-----  Power Flow Data  -----%%
%% system MVA base
mpc.baseMVA = 100.0;
%% bus data
%    bus_i    type    Pd    Qd    Gs    Bs    area    Vm    Va    baseKV    zone    Vmax    Vmin
mpc.bus = [
	101	2	45.944087077894736	9.358980701052632	0.0	0.0	1	1.0353552844584224	2.6348232664755513	138.0	11	1.05	0.95				
	102	2	41.26459672736842	8.50816427368421	0.0	0.0	1	1.0349486310358977	2.498489979117477	138.0	12	1.05	0.95				
	103	1	76.5734784631579	15.740103906315788	0.0	0.0	1	1.0295339779161252	0.2812515660485613	138.0	11	1.05	0.95				
	104	1	31.480207812631576	6.381123205263157	0.0	0.0	1	1.022247100499945	-0.8939323614277637	138.0	11	1.05	0.95				
	105	1	30.203983171578948	5.955714991578947	0.0	0.0	1	1.0367248319172138	-0.6443700372148459	138.0	11	1.05	0.95				
	106	1	57.85551706105263	11.911429983157895	0.0	-100.0	1	1.0458115450076995	-2.9202433657083917	138.0	12	1.05	0.95				
	107	2	53.176026710526315	10.635205342105262	0.0	0.0	1	1.000607754709664	-8.158916292320802	138.0	12	1.05	0.95				
	108	1	72.74480453999999	14.889287478947367	0.0	0.0	1	1.0047774847221485	-7.000747460345407	138.0	12	1.05	0.95				
	109	1	74.44643739473685	15.314695692631577	0.0	0.0	1	1.0250282840793798	-1.9534194148434392	138.0	13	1.05	0.95				
	110	1	82.95460166842105	17.01632854736842	0.0	0.0	1	1.05	-2.6355222627467216	138.0	13	1.05	0.95				
	111	1	0.0	0.0	0.0	0.0	1	1.0037169409079052	-0.27954423155968827	230.0	13	1.05	0.95				
	112	1	0.0	0.0	0.0	0.0	1	1.0088816633889195	0.17237549957034182	230.0	13	1.05	0.95				
	113	3	112.7331766263158	22.972043538947368	0.0	0.0	1	0.9958880274121752	-3.875610315765842e-29	230.0	14	1.05	0.95				
	114	2	82.52919345473684	16.59092033368421	0.0	0.0	1	1.000106185759473	1.6192652160187901	230.0	16	1.05	0.95				
	115	2	134.85440373789473	27.226125675789476	0.0	0.0	1	1.039307169751065	6.91525071084555	230.0	16	1.05	0.95				
	116	2	42.54082136842105	8.50816427368421	0.0	0.0	1	1.0349985050545318	6.736644153334344	230.0	16	1.05	0.95				
	117	1	0.0	0.0	0.0	0.0	1	1.042499225849966	8.483137697131946	230.0	17	1.05	0.95				
	118	2	141.6609351568421	28.927758530526315	0.0	0.0	1	1.0456979008846117	8.180503494632871	230.0	17	1.05	0.95				
	119	1	76.9988866768421	15.740103906315788	0.0	0.0	1	1.0285252946927494	5.89256556149673	230.0	15	1.05	0.95				
	120	1	54.45225135157895	11.060613555789473	0.0	0.0	1	1.0257909810105752	5.981259820860128	230.0	15	1.05	0.95				
	121	2	0.0	0.0	0.0	0.0	1	1.05	8.873733635759935	230.0	17	1.05	0.95				
	122	2	0.0	0.0	0.0	0.0	1	1.05	17.825960443782783	230.0	17	1.05	0.95				
	123	2	0.0	0.0	0.0	0.0	1	1.024844568327576	6.35973128911708	230.0	15	1.05	0.95				
	124	1	0.0	0.0	0.0	0.0	1	1.0268034213943134	4.4357347567038214	230.0	16	1.05	0.95				
	201	2	48.1605540631579	9.81048323508772	0.0	0.0	2	1.030116321975951	-6.112422963883914	138.0	21	1.05	0.95				
	202	2	43.25531244561404	8.91862112280702	0.0	0.0	2	1.0305215487210293	-6.072019146162911	138.0	22	1.05	0.95				
	203	1	80.26759010526317	16.49944907719298	0.0	0.0	2	1.019195833158384	-6.452763952122253	138.0	21	1.05	0.95				
	204	1	32.99889815438596	6.6889658421052625	0.0	0.0	2	1.0192771564842869	-8.475819493795449	138.0	21	1.05	0.95				
	205	1	31.66110498596491	6.243034785964913	0.0	0.0	2	1.0343626816555775	-8.541819059831905	138.0	21	1.05	0.95				
	206	1	60.64662363508773	12.486069571929827	0.0	-100.0	2	1.0447069567295932	-10.324853607738536	138.0	22	1.05	0.95				
	207	2	55.74138201754386	11.148276403508772	0.0	0.0	2	0.9884530139668779	-17.114221482716566	138.0	22	1.05	0.95				
	208	1	76.25421060000001	15.60758696491228	0.0	0.0	2	0.9955327097950059	-15.0953545973273	138.0	22	1.05	0.95				
	209	1	78.0379348245614	16.053518021052632	0.0	0.0	2	1.02310315191625	-8.623845011447616	138.0	23	1.05	0.95				
	210	1	86.95655594736841	17.83724224561404	0.0	0.0	2	1.05	-9.586269741691611	138.0	23	1.05	0.95				
	211	1	0.0	0.0	0.0	0.0	2	1.005738022217494	-6.0078960734470765	230.0	23	1.05	0.95				
	212	1	0.0	0.0	0.0	0.0	2	1.0103637002392782	-5.662759352288352	230.0	23	1.05	0.95				
	213	2	118.17172987719297	24.08027703157895	0.0	0.0	2	0.9994228114983095	-5.357961678511927	230.0	24	1.05	0.95				
	214	2	86.51062489122808	17.391311189473686	0.0	0.0	2	1.007054387951954	-3.372792964475638	230.0	26	1.05	0.95				
	215	2	141.36014479649123	28.539587592982457	0.0	0.0	2	1.029079659438318	3.185029883135967	230.0	26	1.05	0.95				
	216	2	44.59310561403509	8.91862112280702	0.0	0.0	2	1.030898205176776	3.002390274502828	230.0	26	1.05	0.95				
	217	1	0.0	0.0	0.0	0.0	2	1.0358514613524796	5.827876064183383	230.0	27	1.05	0.95				
	218	2	148.49504169473684	30.323311817543864	0.0	0.0	2	1.037629405272656	6.369629376342144	230.0	27	1.05	0.95				
	219	1	80.7135211614035	16.49944907719298	0.0	0.0	2	1.0308554353164294	1.7332321211325614	230.0	25	1.05	0.95				
	220	1	57.079175185964914	11.594207459649123	0.0	0.0	2	1.0340953124296373	1.494760197741931	230.0	25	1.05	0.95				
	221	2	0.0	0.0	0.0	0.0	2	1.0374296061461517	6.0642892179120125	230.0	27	1.05	0.95				
	222	2	0.0	0.0	0.0	0.0	2	1.05	12.470945140027322	230.0	27	1.05	0.95				
	223	2	0.0	0.0	0.0	0.0	2	1.0364588187733252	1.700432514671135	230.0	25	1.05	0.95				
	224	1	0.0	0.0	0.0	0.0	2	1.013452216256827	-0.42563704436025956	230.0	26	1.05	0.95				
	301	2	63.42992723368421	12.920911103157895	0.0	0.0	3	1.0106699815840663	-31.237770369097763	138.0	31	1.05	0.95				
	302	2	56.969471682105265	11.746282821052633	0.0	0.0	3	1.009615325918013	-31.480373337794124	138.0	32	1.05	0.95				
	303	1	105.71654538947368	21.73062321894737	0.0	0.0	3	1.0369476551622645	-20.66400635615272	138.0	31	1.05	0.95				
	304	1	43.46124643789474	8.809712115789473	0.0	0.0	3	1.008317119089843	-29.705477861055833	138.0	31	1.05	0.95				
	305	1	41.69930401473684	8.222397974736843	0.0	0.0	3	1.0225809079900536	-31.000516104838244	138.0	31	1.05	0.95				
	306	1	79.8747231831579	16.444795949473686	0.0	-100.0	3	1.0361737048135542	-31.525236757116765	138.0	32	1.05	0.95				
	307	2	73.41426763157895	14.682853526315789	0.0	0.0	3	0.9908350625234664	-38.25811628138018	138.0	32	1.05	0.95				
	308	1	100.43071812	20.555994936842104	0.0	0.0	3	0.9913568517736904	-35.45504226476146	138.0	32	1.05	0.95				
	309	1	102.77997468421052	21.143309077894738	0.0	0.0	3	1.0274327508186136	-25.859327173314107	138.0	33	1.05	0.95				
	310	1	114.52625750526315	23.492565642105266	0.0	0.0	3	1.05	-28.877662583008963	138.0	33	1.05	0.95				
	311	1	0.0	0.0	0.0	0.0	3	1.0191003176054525	-21.66583029557139	230.0	33	1.05	0.95				
	312	1	0.0	0.0	0.0	0.0	3	1.0186227605613023	-21.054309851525527	230.0	33	1.05	0.95				
	313	2	155.63824737894737	31.714963616842105	0.0	0.0	3	1.0260306907326187	-18.135948594394424	230.0	34	1.05	0.95				
	314	2	113.93894336421053	22.905251501052632	0.0	0.0	3	1.0302764040507428	-19.10453503123451	230.0	36	1.05	0.95				
	315	2	186.17858271368422	37.58810502736842	0.0	0.0	3	1.0485549543895156	-12.180910502697706	230.0	36	1.05	0.95				
	316	2	58.731414105263156	11.746282821052633	0.0	0.0	3	1.0487592285566631	-11.962044588230176	230.0	36	1.05	0.95				
	317	1	0.0	0.0	0.0	0.0	3	1.0496879068654528	-9.372729785325191	230.0	37	1.05	0.95				
	318	2	195.57560897052633	39.93736159157895	0.0	0.0	3	1.0486242731270843	-8.97232026623178	230.0	37	1.05	0.95				
	319	1	106.30385953052632	21.73062321894737	0.0	0.0	3	1.0456247970969854	-13.152977776637577	230.0	35	1.05	0.95				
	320	1	75.17621005473684	15.270167667368423	0.0	0.0	3	1.047649902553761	-13.090644056311705	230.0	35	1.05	0.95				
	321	2	0.0	0.0	0.0	0.0	3	1.05	-8.559213117084383	230.0	37	1.05	0.95				
	322	2	0.0	0.0	0.0	0.0	3	1.05	-4.531777933972543	230.0	37	1.05	0.95				
	323	2	0.0	0.0	0.0	0.0	3	1.05	-12.627283945566823	230.0	35	1.05	0.95				
	324	1	0.0	0.0	0.0	0.0	3	1.0333757338387264	-15.351612584090365	230.0	36	1.05	0.95				
	325	1	0.0	0.0	0.0	0.0	3	1.0415729151977666	-10.88951182481014	230.0	35	1.05	0.95				
];
