%% MATPOWER Case Format : Version 2
function mpc = RTS_GMLC
mpc.version = '2';

%%-----  Power Flow Data  -----%%
%% system MVA base
mpc.baseMVA = 100.0;
%% bus data
%    bus_i    type    Pd    Qd    Gs    Bs    area    Vm    Va    baseKV    zone    Vmax    Vmin
mpc.bus = [
	101	2	94.46660067789475	19.243196434385965	0.0	0.0	1	1.0370930514938745	-4.618271982056186	138.0	11	1.05	0.95				
	102	2	84.84500246070176	17.49381494035088	0.0	0.0	1	1.036946185664307	-4.7293369604058135	138.0	12	1.05	0.95				
	103	1	157.4443344631579	32.36355763964912	0.0	0.0	1	1.0140703407748166	-4.444039770198149	138.0	11	1.05	0.95				
	104	1	64.72711527929825	13.120361205263158	0.0	0.0	1	1.0163252401750151	-7.401390756187352	138.0	11	1.05	0.95				
	105	1	62.10304303824561	12.245670458245614	0.0	0.0	1	1.0318627284279929	-7.666619042763762	138.0	11	1.05	0.95				
	106	1	118.95794159438597	24.49134091649123	0.0	-100.0	1	1.033499149044483	-10.172775968731893	138.0	12	1.05	0.95				
	107	2	109.33634337719297	21.8672686754386	0.0	0.0	1	1.05	-6.530240785215499	138.0	12	1.05	0.95				
	108	1	149.57211774	30.614176145614035	0.0	0.0	1	1.0217765639678447	-9.500820724244802	138.0	12	1.05	0.95				
	109	1	153.0708807280702	31.488866892631577	0.0	0.0	1	1.0265619168282019	-6.346715074342029	138.0	13	1.05	0.95				
	110	1	170.56469566842105	34.98762988070176	0.0	0.0	1	1.05	-8.012155905655025	138.0	13	1.05	0.95				
	111	1	0.0	0.0	0.0	0.0	1	1.0204615046346686	-2.51505736976497	230.0	13	1.05	0.95				
	112	1	0.0	0.0	0.0	0.0	1	1.0192779382246142	-1.5952926005282282	230.0	13	1.05	0.95				
	113	3	231.79304795964916	47.23330033894737	0.0	0.0	1	1.0258484231438054	-7.46869796850836e-31	230.0	14	1.05	0.95				
	114	2	169.69000492140353	34.112939133684215	0.0	0.0	1	1.0300164020416898	-0.1036741018379384	230.0	16	1.05	0.95				
	115	2	277.2769668045614	55.9802078091228	0.0	0.0	1	1.0423264200407323	9.168814143682066	230.0	16	1.05	0.95				
	116	2	87.4690747017544	17.49381494035088	0.0	0.0	1	1.0440065877970393	8.677757835660527	230.0	16	1.05	0.95				
	117	1	0.0	0.0	0.0	0.0	1	1.0467368420709762	12.62911488466473	230.0	17	1.05	0.95				
	118	2	291.27201875684216	59.478970797192986	0.0	0.0	1	1.05	13.409170982592407	230.0	17	1.05	0.95				
	119	1	158.31902521017545	32.36355763964912	0.0	0.0	1	1.0399935776791296	7.151199850376671	230.0	15	1.05	0.95				
	120	1	111.9604156182456	22.741959422456144	0.0	0.0	1	1.0440734055084413	7.1698348608367946	230.0	15	1.05	0.95				
	121	2	0.0	0.0	0.0	0.0	1	1.05	14.220924210465892	230.0	17	1.05	0.95				
	122	2	0.0	0.0	0.0	0.0	1	1.05	22.816320597415075	230.0	17	1.05	0.95				
	123	2	0.0	0.0	0.0	0.0	1	1.048912288381321	7.816173643133658	230.0	15	1.05	0.95				
	124	1	0.0	0.0	0.0	0.0	1	1.0144635680381302	4.148508316906137	230.0	16	1.05	0.95				
	201	2	99.44907915789474	20.258145754385964	0.0	0.0	2	1.05	-10.791020956389833	138.0	21	1.05	0.95				
	202	2	89.32000628070176	18.41649614035088	0.0	0.0	2	1.05	-10.793612706666721	138.0	22	1.05	0.95				
	203	1	165.7484652631579	34.07051785964912	0.0	0.0	2	1.0245343565150449	-8.399401456376692	138.0	21	1.05	0.95				
	204	1	68.14103571929824	13.812372105263156	0.0	0.0	2	1.01941897064246	-12.234460299685265	138.0	21	1.05	0.95				
	205	1	65.37856129824561	12.891547298245614	0.0	0.0	2	1.0367684655904796	-12.643597071989491	138.0	21	1.05	0.95				
	206	1	125.23217375438598	25.783094596491228	0.0	-100.0	2	1.0334902394549632	-14.525960425445918	138.0	22	1.05	0.95				
	207	2	115.10310087719297	23.020620175438598	0.0	0.0	2	0.95	-24.338239122517052	138.0	22	1.05	0.95				
	208	1	157.461042	32.22886824561403	0.0	0.0	2	0.9527868371344392	-21.490367114744544	138.0	22	1.05	0.95				
	209	1	161.14434122807018	33.14969305263158	0.0	0.0	2	1.0244988958846546	-9.712126898840149	138.0	23	1.05	0.95				
	210	1	179.56083736842106	36.83299228070176	0.0	0.0	2	1.0470041247604789	-11.655214677718819	138.0	23	1.05	0.95				
	211	1	0.0	0.0	0.0	0.0	2	1.031920163256747	-4.813261653504464	230.0	23	1.05	0.95				
	212	1	0.0	0.0	0.0	0.0	2	1.0258704762460924	0.07715714320128528	230.0	23	1.05	0.95				
	213	2	244.0185738596491	49.72453957894737	0.0	0.0	2	1.05	-0.29771337061450515	230.0	24	1.05	0.95				
	214	2	178.64001256140352	35.912167473684214	0.0	0.0	2	1.05	-3.1779554169395943	230.0	26	1.05	0.95				
	215	2	291.9014638245614	58.93278764912281	0.0	0.0	2	1.0454066498390615	4.8383356533216135	230.0	26	1.05	0.95				
	216	2	92.08248070175439	18.41649614035088	0.0	0.0	2	1.0491512242269492	4.832018575711681	230.0	26	1.05	0.95				
	217	1	0.0	0.0	0.0	0.0	2	1.05	7.658968812671713	230.0	27	1.05	0.95				
	218	2	306.63466073684214	62.61608687719299	0.0	0.0	2	1.049713845323345	8.217535740635869	230.0	27	1.05	0.95				
	219	1	166.66929007017546	34.07051785964912	0.0	0.0	2	1.0422087765311219	4.793152511246367	230.0	25	1.05	0.95				
	220	1	117.86557529824562	23.941444982456144	0.0	0.0	2	1.0449288668727195	6.482010570564235	230.0	25	1.05	0.95				
	221	2	0.0	0.0	0.0	0.0	2	1.05	8.820552444489037	230.0	27	1.05	0.95				
	222	2	0.0	0.0	0.0	0.0	2	1.05	14.87681636720279	230.0	27	1.05	0.95				
	223	2	0.0	0.0	0.0	0.0	2	1.05	8.07362316753716	230.0	25	1.05	0.95				
	224	1	0.0	0.0	0.0	0.0	2	1.020775908874859	-0.07662498513017864	230.0	26	1.05	0.95				
	301	2	96.79341978947367	19.717178105263155	0.0	0.0	3	0.9761069196077833	-11.556377007126205	138.0	31	1.05	0.95				
	302	2	86.93483073684209	17.924707368421053	0.0	0.0	3	0.9788232642253875	-12.003704271516215	138.0	32	1.05	0.95				
	303	1	161.32236631578948	33.16070863157894	0.0	0.0	3	0.9824309918617278	-6.62512368556347	138.0	31	1.05	0.95				
	304	1	66.32141726315788	13.443530526315788	0.0	0.0	3	0.961616371577402	-10.42473544400701	138.0	31	1.05	0.95				
	305	1	63.632711157894725	12.547295157894736	0.0	0.0	3	0.9745725580328088	-10.491865840311116	138.0	31	1.05	0.95				
	306	1	121.88801010526316	25.09459031578947	0.0	-100.0	3	0.9791405611423528	-10.938752618513785	138.0	32	1.05	0.95				
	307	2	112.02942105263156	22.405884210526313	0.0	0.0	3	0.956250981086287	-12.583787317167307	138.0	32	1.05	0.95				
	308	1	153.256248	31.36823789473684	0.0	0.0	3	0.95	-11.494027113161668	138.0	32	1.05	0.95				
	309	1	156.84118947368418	32.26447326315789	0.0	0.0	3	0.9820969488160872	-5.117511623592069	138.0	33	1.05	0.95				
	310	1	174.76589684210524	35.84941473684211	0.0	0.0	3	1.0002611001713018	-6.259972165488865	138.0	33	1.05	0.95				
	311	1	0.0	0.0	0.0	0.0	3	0.9791774189699484	2.6419779656160283	230.0	33	1.05	0.95				
	312	1	0.0	0.0	0.0	0.0	3	0.9814189428245691	3.89549128750255	230.0	33	1.05	0.95				
	313	2	237.50237263157894	48.39670989473684	0.0	0.0	3	1.006444231719905	10.893393144430739	230.0	34	1.05	0.95				
	314	2	173.86966147368418	34.95317936842105	0.0	0.0	3	0.9948297861644428	3.397155645193265	230.0	36	1.05	0.95				
	315	2	284.1066117894737	57.359063578947364	0.0	0.0	3	1.04225108186668	4.163516897154962	230.0	36	1.05	0.95				
	316	2	89.62353684210525	17.924707368421053	0.0	0.0	3	1.0383615564835846	4.631424979195681	230.0	36	1.05	0.95				
	317	1	0.0	0.0	0.0	0.0	3	1.0447525133374798	6.258907418324726	230.0	37	1.05	0.95				
	318	2	298.4463776842105	60.94400505263158	0.0	0.0	3	1.0454928293541106	5.843615975792018	230.0	37	1.05	0.95				
	319	1	162.2186016842105	33.16070863157894	0.0	0.0	3	1.0266839487422488	5.200007056335481	230.0	35	1.05	0.95				
	320	1	114.71812715789473	23.302119578947366	0.0	0.0	3	1.023133353804777	6.5864169991761035	230.0	35	1.05	0.95				
	321	2	0.0	0.0	0.0	0.0	3	1.05	7.212485411560272	230.0	37	1.05	0.95				
	322	2	0.0	0.0	0.0	0.0	3	1.05	12.612181678714169	230.0	37	1.05	0.95				
	323	2	0.0	0.0	0.0	0.0	3	1.0226526886444052	7.350967069109991	230.0	35	1.05	0.95				
	324	1	0.0	0.0	0.0	0.0	3	1.0088498988270977	2.1325562007742054	230.0	36	1.05	0.95				
	325	1	0.0	0.0	0.0	0.0	3	1.0240344670601285	7.950607772896985	230.0	35	1.05	0.95				
];

%% generator data
%    bus    Pg    Qg    Qmax    Qmin    Vg    mBase    status    Pmax    Pmin    Pc1    Pc2    Qc1min    Qc1max    Qc2min    Qc2max    ramp_agc    ramp_10    ramp_30    ramp_q    apf
