%% MATPOWER Case Format : Version 2
function mpc = RTS_GMLC
mpc.version = '2';

%%-----  Power Flow Data  -----%%
%% system MVA base
mpc.baseMVA = 100.0;
%% bus data
%    bus_i    type    Pd    Qd    Gs    Bs    area    Vm    Va    baseKV    zone    Vmax    Vmin
mpc.bus = [
	101	2	55.30925285052633	11.266699654736843	0.0	0.0	1	1.0311368024954053	-0.5737758020146705	138.0	11	1.05	0.95				
	102	2	49.6759030231579	10.242454231578948	0.0	0.0	1	1.0301389285909188	-0.8753431976933739	138.0	12	1.05	0.95				
	103	1	92.18208808421053	18.948540328421053	0.0	0.0	1	1.0265676838218023	-0.20369922567268203	138.0	11	1.05	0.95				
	104	1	37.89708065684211	7.681840673684211	0.0	0.0	1	1.0185920337190553	-3.50272316504482	138.0	11	1.05	0.95				
	105	1	36.36071252210527	7.169717962105264	0.0	0.0	1	1.033723371517754	-3.492076868430511	138.0	11	1.05	0.95				
	106	1	69.64868877473685	14.339435924210528	0.0	-100.0	1	1.042546841107449	-5.674978569802165	138.0	12	1.05	0.95				
	107	2	64.01533894736843	12.803067789473685	0.0	0.0	1	0.9989168579537056	-11.976115815027546	138.0	12	1.05	0.95				
	108	1	87.57298368000001	17.924294905263157	0.0	0.0	1	1.0001056967745658	-10.273874132513944	138.0	12	1.05	0.95				
	109	1	89.6214745263158	18.436417616842103	0.0	0.0	1	1.0246372519873619	-3.567572928339118	138.0	13	1.05	0.95				
	110	1	99.86392875789474	20.484908463157897	0.0	0.0	1	1.05	-4.827796333800856	138.0	13	1.05	0.95				
	111	1	0.0	0.0	0.0	0.0	1	1.0093461767385103	-0.7425103148036948	230.0	13	1.05	0.95				
	112	1	0.0	0.0	0.0	0.0	1	1.0116970169803685	-0.9652645480099975	230.0	13	1.05	0.95				
	113	3	135.71251856842105	27.654626425263164	0.0	0.0	1	1.0042875753306302	1.150782130669093e-29	230.0	14	1.05	0.95				
	114	2	99.3518060463158	19.97278575157895	0.0	0.0	1	1.0136658793984337	2.138317586585409	230.0	16	1.05	0.95				
	115	2	162.34289957052633	32.77585354105263	0.0	0.0	1	1.0417539595980503	10.504163129128077	230.0	16	1.05	0.95				
	116	2	51.21227115789474	10.242454231578948	0.0	0.0	1	1.0373670084680309	9.260120526543798	230.0	16	1.05	0.95				
	117	1	0.0	0.0	0.0	0.0	1	1.0415033905061533	14.317896511770698	230.0	17	1.05	0.95				
	118	2	170.5368629557895	34.82434438736843	0.0	0.0	1	1.0499996157700093	14.723265244270273	230.0	17	1.05	0.95				
	119	1	92.69421079578947	18.948540328421053	0.0	0.0	1	1.0292112959415218	6.497945990683295	230.0	15	1.05	0.95				
	120	1	65.55170708210527	13.315190501052632	0.0	0.0	1	1.0274449136061308	5.067778915189158	230.0	15	1.05	0.95				
	121	2	0.0	0.0	0.0	0.0	1	1.05	16.325566095007325	230.0	17	1.05	0.95				
	122	2	0.0	0.0	0.0	0.0	1	1.05	31.804252378045557	230.0	17	1.05	0.95				
	123	2	0.0	0.0	0.0	0.0	1	1.0274398102268356	4.670917215708486	230.0	15	1.05	0.95				
	124	1	0.0	0.0	0.0	0.0	1	1.0226964224492248	6.511164420821371	230.0	16	1.05	0.95				
	201	2	50.93152840421054	10.374940971228071	0.0	0.0	2	1.0203380299029572	-12.045460100093283	138.0	21	1.05	0.95				
	202	2	45.74405791859649	9.431764519298246	0.0	0.0	2	1.0208688623560127	-11.962954357159747	138.0	22	1.05	0.95				
	203	1	84.88588067368421	17.448764360701755	0.0	0.0	2	1.0161088874405801	-10.457264864979088	138.0	21	1.05	0.95				
	204	1	34.89752872140351	7.0738233894736835	0.0	0.0	2	1.0149774270414311	-12.945321572151363	138.0	21	1.05	0.95				
	205	1	33.48276404350877	6.602235163508772	0.0	0.0	2	1.0294071159370355	-13.276518952208898	138.0	21	1.05	0.95				
	206	1	64.13599873122807	13.204470327017544	0.0	-100.0	2	1.0421654269684708	-14.418897806783994	138.0	22	1.05	0.95				
	207	2	58.94852824561404	11.789705649122807	0.0	0.0	2	0.9907502041108847	-20.94592490410989	138.0	22	1.05	0.95				
	208	1	80.64158664	16.50558790877193	0.0	0.0	2	0.9958959372753342	-18.780591290418315	138.0	22	1.05	0.95				
	209	1	82.52793954385965	16.97717613473684	0.0	0.0	2	1.0237414799787596	-11.803927118122248	138.0	23	1.05	0.95				
	210	1	91.9597040631579	18.863529038596493	0.0	0.0	2	1.05	-13.00518521860324	138.0	23	1.05	0.95				
	211	1	0.0	0.0	0.0	0.0	2	1.0088370932848965	-8.585988770840789	230.0	23	1.05	0.95				
	212	1	0.0	0.0	0.0	0.0	2	1.010984198501152	-7.312802665192616	230.0	23	1.05	0.95				
	213	2	124.97087988070174	25.46576420210527	0.0	0.0	2	1.0080943010755006	-6.773195274416431	230.0	24	1.05	0.95				
	214	2	91.48811583719298	18.39194081263158	0.0	0.0	2	1.0103293300818446	-6.272036256893635	230.0	26	1.05	0.95				
	215	2	149.49346763087718	30.181646461754386	0.0	0.0	2	1.0275053307675712	-0.3115499646233074	230.0	26	1.05	0.95				
	216	2	47.15882259649123	9.431764519298246	0.0	0.0	2	1.0296389770893546	-0.14591327801635243	230.0	26	1.05	0.95				
	217	1	0.0	0.0	0.0	0.0	2	1.032813258899679	1.3425552994755423	230.0	27	1.05	0.95				
	218	2	157.0388792463158	32.067999365614035	0.0	0.0	2	1.0315316694249497	0.6758587799054031	230.0	27	1.05	0.95				
	219	1	85.35746889964912	17.448764360701755	0.0	0.0	2	1.0322212751195912	0.564693200755878	230.0	25	1.05	0.95				
	220	1	60.36329292350877	12.26129387508772	0.0	0.0	2	1.0380679055114885	2.082839908524977	230.0	25	1.05	0.95				
	221	2	0.0	0.0	0.0	0.0	2	1.033136471601961	1.1545935300057848	230.0	27	1.05	0.95				
	222	2	0.0	0.0	0.0	0.0	2	1.05	7.724052188117161	230.0	27	1.05	0.95				
	223	2	0.0	0.0	0.0	0.0	2	1.0425749618082867	3.261397295086395	230.0	25	1.05	0.95				
	224	1	0.0	0.0	0.0	0.0	2	1.0107309650020977	-4.107506136761442	230.0	26	1.05	0.95				
	301	2	51.420436560000006	10.474533373333333	0.0	0.0	3	1.0120526469514692	0.1573722801091181	138.0	31	1.05	0.95				
	302	2	46.18316987333333	9.522303066666666	0.0	0.0	3	1.0111279174601375	-0.09997265544527906	138.0	32	1.05	0.95				
	303	1	85.70072760000001	17.616260673333333	0.0	0.0	3	1.0474059574176806	11.372665627634648	138.0	31	1.05	0.95				
	304	1	35.232521346666665	7.141727299999999	0.0	0.0	3	1.0121497472822525	1.5156965526495496	138.0	31	1.05	0.95				
	305	1	33.80417588666666	6.665612146666668	0.0	0.0	3	1.025116281451454	-0.486394734845694	138.0	31	1.05	0.95				
	306	1	64.75166085333333	13.331224293333335	0.0	-100.0	3	1.0398127936233486	-1.3974944896663644	138.0	32	1.05	0.95				
	307	2	59.51439416666666	11.902878833333332	0.0	0.0	3	0.9902784645241366	-6.014062980283167	138.0	32	1.05	0.95				
	308	1	81.41569122	16.664030366666665	0.0	0.0	3	0.9961667348984619	-3.8379113839251624	138.0	32	1.05	0.95				
	309	1	83.32015183333333	17.14014552	0.0	0.0	3	1.0284488288208888	4.775914329663699	138.0	33	1.05	0.95				
	310	1	92.84245489999999	19.044606133333332	0.0	0.0	3	1.05	0.4012015291194393	138.0	33	1.05	0.95				
	311	1	0.0	0.0	0.0	0.0	3	1.0108936615329505	5.504604362564481	230.0	33	1.05	0.95				
	312	1	0.0	0.0	0.0	0.0	3	1.0146488272673324	5.858429252147047	230.0	33	1.05	0.95				
	313	2	126.17051563333332	25.710218280000003	0.0	0.0	3	1.0120812902053673	8.096390384826403	230.0	34	1.05	0.95				
	314	2	92.36633974666665	18.56849098	0.0	0.0	3	1.0085634379228336	6.258497184284658	230.0	36	1.05	0.95				
	315	2	150.92850360666665	30.471369813333332	0.0	0.0	3	1.0413343801497494	10.327635307650986	230.0	36	1.05	0.95				
	316	2	47.61151533333333	9.522303066666666	0.0	0.0	3	1.0371558868194013	10.149740548336972	230.0	36	1.05	0.95				
	317	1	0.0	0.0	0.0	0.0	3	1.05	14.96359090381592	230.0	37	1.05	0.95				
	318	2	158.54634606	32.37583042666667	0.0	0.0	3	1.0467528216108322	12.4635085062591	230.0	37	1.05	0.95				
	319	1	86.17684275333333	17.616260673333333	0.0	0.0	3	1.028452973305201	8.935549246004323	230.0	35	1.05	0.95				
	320	1	60.942739626666665	12.378993986666668	0.0	0.0	3	1.0245075294777994	8.794053054958486	230.0	35	1.05	0.95				
	321	2	0.0	0.0	0.0	0.0	3	1.0458836489926997	12.38626101086173	230.0	37	1.05	0.95				
	322	2	0.0	0.0	0.0	0.0	3	1.05	17.740734214390223	230.0	37	1.05	0.95				
	323	2	0.0	0.0	0.0	0.0	3	1.0231013538193343	9.084466109830434	230.0	35	1.05	0.95				
	324	1	0.0	0.0	0.0	0.0	3	1.0399982620454227	10.731098971736115	230.0	36	1.05	0.95				
	325	1	0.0	0.0	0.0	0.0	3	1.0243175931853332	9.714938903976424	230.0	35	1.05	0.95				
];
