%% MATPOWER Case Format : Version 2
function mpc = RTS_GMLC
mpc.version = '2';

%%-----  Power Flow Data  -----%%
%% system MVA base
mpc.baseMVA = 100.0;
%% bus data
%    bus_i    type    Pd    Qd    Gs    Bs    area    Vm    Va    baseKV    zone    Vmax    Vmin
mpc.bus = [
	101	2	45.075705082105266	9.1820880722807	0.0	0.0	1	1.023194147674418	-1.5460905965281435	138.0	11	1.05	0.95				
	102	2	40.48466104596491	8.347352792982457	0.0	0.0	1	1.0214114406803851	-2.0149780706872846	138.0	12	1.05	0.95				
	103	1	75.12617513684211	15.442602667017544	0.0	0.0	1	1.0309971745023097	0.17297373113794287	138.0	11	1.05	0.95				
	104	1	30.88520533403509	6.260514594736842	0.0	0.0	1	1.0185260815608497	-3.3428484407343024	138.0	11	1.05	0.95				
	105	1	29.63310241508772	5.84314695508772	0.0	0.0	1	1.0313108921868248	-3.7564769658283512	138.0	11	1.05	0.95				
	106	1	56.7619989922807	11.68629391017544	0.0	-100.0	1	1.0435438645046045	-5.516783053918467	138.0	12	1.05	0.95				
	107	2	52.17095495614035	10.434190991228071	0.0	0.0	1	1.0005038308012848	-10.57646492440584	138.0	12	1.05	0.95				
	108	1	71.36986638	14.607867387719297	0.0	0.0	1	1.0046051695099008	-9.063271749837554	138.0	12	1.05	0.95				
	109	1	73.0393369385965	15.025235027368423	0.0	0.0	1	1.0251978896098508	-3.2451258521816357	138.0	13	1.05	0.95				
	110	1	81.38668973157895	16.694705585964915	0.0	0.0	1	1.05	-4.649437176679154	138.0	13	1.05	0.95				
	111	1	0.0	0.0	0.0	0.0	1	1.005516952732593	-0.81965056553588	230.0	13	1.05	0.95				
	112	1	0.0	0.0	0.0	0.0	1	1.009053294014251	-1.4252663194624056	230.0	13	1.05	0.95				
	113	3	110.60242450701753	22.537852541052633	0.0	0.0	1	0.9987195917264257	8.078212327451856e-30	230.0	14	1.05	0.95				
	114	2	80.96932209192983	16.27733794631579	0.0	0.0	1	1.0061204647697095	1.7149364677615553	230.0	16	1.05	0.95				
	115	2	132.30554176877195	26.71152893754386	0.0	0.0	1	1.0419838266381867	9.182002500003719	230.0	16	1.05	0.95				
	116	2	41.736763964912285	8.347352792982457	0.0	0.0	1	1.0364285804805025	7.697913934904409	230.0	16	1.05	0.95				
	117	1	0.0	0.0	0.0	0.0	1	1.0428601569888882	12.038285356697154	230.0	17	1.05	0.95				
	118	2	138.9834240031579	28.38099949614035	0.0	0.0	1	1.0480946417032269	12.984308211864867	230.0	17	1.05	0.95				
	119	1	75.54354277649124	15.442602667017544	0.0	0.0	1	1.024788209125138	4.661586043500431	230.0	15	1.05	0.95				
	120	1	53.42305787508772	10.851558630877193	0.0	0.0	1	1.019049620196596	2.5921398389369554	230.0	15	1.05	0.95				
	121	2	0.0	0.0	0.0	0.0	1	1.0499999992365012	14.666274918542795	230.0	17	1.05	0.95				
	122	2	0.0	0.0	0.0	0.0	1	1.05	22.4086699101474	230.0	17	1.05	0.95				
	123	2	0.0	0.0	0.0	0.0	1	1.0166451371641718	1.772311282273542	230.0	15	1.05	0.95				
	124	1	0.0	0.0	0.0	0.0	1	1.0265201616453061	5.811481718692261	230.0	16	1.05	0.95				
	201	2	40.51062488842106	8.252164329122808	0.0	0.0	2	1.0125176365342183	-13.01388025819986	138.0	21	1.05	0.95				
	202	2	36.38454272385965	7.501967571929826	0.0	0.0	2	1.0116153698207977	-13.277655743644532	138.0	22	1.05	0.95				
	203	1	67.51770814736842	13.878640008070175	0.0	0.0	2	1.0161537723666432	-9.8411378799702	138.0	21	1.05	0.95				
	204	1	27.75728001614035	5.626475678947369	0.0	0.0	2	1.012339835947609	-12.92951790121685	138.0	21	1.05	0.95				
	205	1	26.631984880350878	5.251377300350878	0.0	0.0	2	1.026761760099901	-13.291784538335504	138.0	21	1.05	0.95				
	206	1	51.01337948912281	10.502754600701756	0.0	-100.0	2	1.0428815424045959	-13.931726659732988	138.0	22	1.05	0.95				
	207	2	46.8872973245614	9.377459464912281	0.0	0.0	2	0.9948628878638225	-18.363611355535998	138.0	22	1.05	0.95				
	208	1	64.14182274	13.128443250877192	0.0	0.0	2	1.002183442396669	-16.71021952942287	138.0	22	1.05	0.95				
	209	1	65.64221625438597	13.503541629473684	0.0	0.0	2	1.0233956565017333	-11.08750066986684	138.0	23	1.05	0.95				
	210	1	73.1441838263158	15.003935143859652	0.0	0.0	2	1.05	-12.359661683745058	138.0	23	1.05	0.95				
	211	1	0.0	0.0	0.0	0.0	2	1.0031438391377958	-8.582058397397201	230.0	23	1.05	0.95				
	212	1	0.0	0.0	0.0	0.0	2	1.0092347279195362	-6.727078946892435	230.0	23	1.05	0.95				
	213	2	99.40107032807019	20.25531244421053	0.0	0.0	2	0.9975579088249635	-7.090210039123785	230.0	24	1.05	0.95				
	214	2	72.7690854477193	14.62883676526316	0.0	0.0	2	1.0010913435254845	-6.601414930338391	230.0	26	1.05	0.95				
	215	2	118.90618601508774	24.00629623017544	0.0	0.0	2	1.0218635299413765	-0.6743714346250533	230.0	26	1.05	0.95				
	216	2	37.509837859649124	7.501967571929826	0.0	0.0	2	1.0213971018833476	-1.5498046866123607	230.0	26	1.05	0.95				
	217	1	0.0	0.0	0.0	0.0	2	1.0264905726678122	0.1425340311273743	230.0	27	1.05	0.95				
	218	2	124.9077600726316	25.506689744561406	0.0	0.0	2	1.0261994281814077	-0.14315929455478954	230.0	27	1.05	0.95				
	219	1	67.89280652596491	13.878640008070175	0.0	0.0	2	1.0226065413106893	-1.8129049408834246	230.0	25	1.05	0.95				
	220	1	48.01259246035088	9.752557843508773	0.0	0.0	2	1.0259049576721049	-1.302215503103414	230.0	25	1.05	0.95				
	221	2	0.0	0.0	0.0	0.0	2	1.0282682221343056	0.4723351986837977	230.0	27	1.05	0.95				
	222	2	0.0	0.0	0.0	0.0	2	1.0499119272929889	6.83398815946133	230.0	27	1.05	0.95				
	223	2	0.0	0.0	0.0	0.0	2	1.0281426546524355	-0.7335948774421102	230.0	25	1.05	0.95				
	224	1	0.0	0.0	0.0	0.0	2	1.0084197385395761	-4.122534042282817	230.0	26	1.05	0.95				
	301	2	56.78456184	11.56722556	0.0	0.0	3	1.0062958039857373	11.487686481127358	138.0	31	1.05	0.95				
	302	2	51.00094906	10.515659600000001	0.0	0.0	3	1.005417635812945	11.236898511873378	138.0	32	1.05	0.95				
	303	1	94.64093640000002	19.453970260000002	0.0	0.0	3	1.044875852429386	21.888473286564533	138.0	31	1.05	0.95				
	304	1	38.907940520000004	7.8867446999999995	0.0	0.0	3	1.0082299088130304	12.769823687915482	138.0	31	1.05	0.95				
	305	1	37.33059158	7.360961720000001	0.0	0.0	3	1.0213667934044628	11.349982177196486	138.0	31	1.05	0.95				
	306	1	71.50648528	14.721923440000001	0.0	-100.0	3	1.0369881085841526	10.671298742017187	138.0	32	1.05	0.95				
	307	2	65.7228725	13.144574500000001	0.0	0.0	3	0.9874986953202536	6.160601928421696	138.0	32	1.05	0.95				
	308	1	89.90888958	18.4024043	0.0	0.0	3	0.9956218735475548	8.548820337195027	138.0	32	1.05	0.95				
	309	1	92.0120215	18.92818728	0.0	0.0	3	1.0279318583197727	16.16577958475429	138.0	33	1.05	0.95				
	310	1	102.5276811	21.031319200000002	0.0	0.0	3	1.05	12.906193407857529	138.0	33	1.05	0.95				
	311	1	0.0	0.0	0.0	0.0	3	1.0105181997910455	17.63808719758553	230.0	33	1.05	0.95				
	312	1	0.0	0.0	0.0	0.0	3	1.017045471690802	17.591819280192272	230.0	33	1.05	0.95				
	313	2	139.3324897	28.39228092	0.0	0.0	3	1.0133344395291493	19.619440539480173	230.0	34	1.05	0.95				
	314	2	102.00189812	20.50553622	0.0	0.0	3	1.0065881711274292	19.107196128512207	230.0	36	1.05	0.95				
	315	2	166.67320466	33.65011072	0.0	0.0	3	1.0402302887095631	19.312768113611398	230.0	36	1.05	0.95				
	316	2	52.578298000000004	10.515659600000001	0.0	0.0	3	1.0345057381138827	19.54565740208288	230.0	36	1.05	0.95				
	317	1	0.0	0.0	0.0	0.0	3	1.05	22.498799922956707	230.0	37	1.05	0.95				
	318	2	175.08573234	35.75324264	0.0	0.0	3	1.0477981047692364	19.25312965571068	230.0	37	1.05	0.95				
	319	1	95.16671938	19.453970260000002	0.0	0.0	3	1.0296816387125964	19.23674049821639	230.0	35	1.05	0.95				
	320	1	67.30022144	13.67035748	0.0	0.0	3	1.0265180379142105	18.675059522398094	230.0	35	1.05	0.95				
	321	2	0.0	0.0	0.0	0.0	3	1.0459546277209104	19.93494560558597	230.0	37	1.05	0.95				
	322	2	0.0	0.0	0.0	0.0	3	1.05	25.284209084531884	230.0	37	1.05	0.95				
	323	2	0.0	0.0	0.0	0.0	3	1.0247569923753288	18.362233742679216	230.0	35	1.05	0.95				
	324	1	0.0	0.0	0.0	0.0	3	1.0412156603782716	21.97404052180238	230.0	36	1.05	0.95				
	325	1	0.0	0.0	0.0	0.0	3	1.0282074381941309	18.057490650458792	230.0	35	1.05	0.95				
];

%% generator data
%    bus    Pg    Qg    Qmax    Qmin    Vg    mBase    status    Pmax    Pmin    Pc1    Pc2    Qc1min    Qc1max    Qc2min    Qc2max    ramp_agc    ramp_10    ramp_30    ramp_q    apf
