%% MATPOWER Case Format : Version 2
function mpc = RTS_GMLC
mpc.version = '2';

%%-----  Power Flow Data  -----%%
%% system MVA base
mpc.baseMVA = 100.0;
%% bus data
%    bus_i    type    Pd    Qd    Gs    Bs    area    Vm    Va    baseKV    zone    Vmax    Vmin
mpc.bus = [
	101	2	44.03364669473685	8.969816919298246	0.0	0.0	1	1.0120687458669018	-4.14924365739572	138.0	11	1.05	0.95				
	102	2	39.54873823508772	8.154379017543862	0.0	0.0	1	1.012015052351061	-4.383421040000412	138.0	12	1.05	0.95				
	103	1	73.38941115789474	15.08560118245614	0.0	0.0	1	1.001196926273248	1.1781062976581214	138.0	11	1.05	0.95				
	104	1	30.17120236491228	6.115784263157894	0.0	0.0	1	1.0024874258774523	-4.2309113476875675	138.0	11	1.05	0.95				
	105	1	28.9480455122807	5.708065312280702	0.0	0.0	1	1.0166468716286186	-5.335559652231638	138.0	11	1.05	0.95				
	106	1	55.449777319298256	11.416130624561404	0.0	-100.0	1	1.0270537916529612	-6.494177343822972	138.0	12	1.05	0.95				
	107	2	50.96486885964913	10.192973771929825	0.0	0.0	1	0.9876927272532988	-10.876105276067005	138.0	12	1.05	0.95				
	108	1	69.7199406	14.270163280701754	0.0	0.0	1	0.9883363922789147	-9.36998053024651	138.0	12	1.05	0.95				
	109	1	71.35081640350877	14.677882231578948	0.0	0.0	1	1.0022300869797343	-3.2106847581017153	138.0	13	1.05	0.95				
	110	1	79.50519542105263	16.308758035087724	0.0	0.0	1	1.030953303403919	-5.191226027350822	138.0	13	1.05	0.95				
	111	1	0.0	0.0	0.0	0.0	1	0.9826626204933334	-0.4612029865587765	230.0	13	1.05	0.95				
	112	1	0.0	0.0	0.0	0.0	1	0.9836841361309449	-1.4008841305387187	230.0	13	1.05	0.95				
	113	3	108.04552198245614	22.016823347368426	0.0	0.0	1	0.9653435700816272	9.823096084175262e-29	230.0	14	1.05	0.95				
	114	2	79.09747647017544	15.901039084210527	0.0	0.0	1	0.9925698163369603	3.0054295395108794	230.0	16	1.05	0.95				
	115	2	129.2469074280702	26.094012856140353	0.0	0.0	1	0.9912183007505716	12.396724630266107	230.0	16	1.05	0.95				
	116	2	40.7718950877193	8.154379017543862	0.0	0.0	1	0.989804535165792	10.738709375882806	230.0	16	1.05	0.95				
	117	1	0.0	0.0	0.0	0.0	1	0.9924027643066993	16.677452836709982	230.0	17	1.05	0.95				
	118	2	135.77041064210528	27.724888659649128	0.0	0.0	1	1.001356650652193	17.284066806942235	230.0	17	1.05	0.95				
	119	1	73.79713010877194	15.08560118245614	0.0	0.0	1	0.9896205058200228	6.843582035002087	230.0	15	1.05	0.95				
	120	1	52.188025712280705	10.600692722807018	0.0	0.0	1	0.9948980464227721	3.8797728755148015	230.0	15	1.05	0.95				
	121	2	0.0	0.0	0.0	0.0	1	1.002098896951041	18.62376537456263	230.0	17	1.05	0.95				
	122	2	0.0	0.0	0.0	0.0	1	1.0075547057373853	36.15499521719447	230.0	17	1.05	0.95				
	123	2	0.0	0.0	0.0	0.0	1	0.9990176701212675	2.5938393950329695	230.0	15	1.05	0.95				
	124	1	0.0	0.0	0.0	0.0	1	0.9815819533757136	8.109636479136666	230.0	16	1.05	0.95				
	201	2	47.00456477052632	9.575003934736843	0.0	0.0	2	1.0099707422311255	-13.092419651023938	138.0	21	1.05	0.95				
	202	2	42.2170628031579	8.70454903157895	0.0	0.0	2	1.0089308582376195	-13.28716877523318	138.0	22	1.05	0.95				
	203	1	78.34094128421054	16.103415708421053	0.0	0.0	2	0.9964136495284381	-9.85414650785166	138.0	21	1.05	0.95				
	204	1	32.20683141684211	6.528411773684212	0.0	0.0	2	0.9995067856978759	-12.239667970810693	138.0	21	1.05	0.95				
	205	1	30.901149062105265	6.093184322105265	0.0	0.0	2	1.0157526023206296	-12.653733399271008	138.0	21	1.05	0.95				
	206	1	59.190933414736854	12.18636864421053	0.0	-100.0	2	1.0268684270261446	-12.947369369905537	138.0	22	1.05	0.95				
	207	2	54.40343144736843	10.880686289473687	0.0	0.0	2	0.9705571670078076	-18.239806494039218	138.0	22	1.05	0.95				
	208	1	74.42389422000001	15.23296080526316	0.0	0.0	2	0.9777777197140451	-16.199348682282253	138.0	22	1.05	0.95				
	209	1	76.1648040263158	15.668188256842107	0.0	0.0	2	1.0053269501622135	-9.520892210199252	138.0	23	1.05	0.95				
	210	1	84.86935305789474	17.4090980631579	0.0	0.0	2	1.0325251231926051	-10.77020258176182	138.0	23	1.05	0.95				
	211	1	0.0	0.0	0.0	0.0	2	0.9881895924028099	-6.953517613597775	230.0	23	1.05	0.95				
	212	1	0.0	0.0	0.0	0.0	2	0.9889003650125612	-2.253692051634266	230.0	23	1.05	0.95				
	213	2	115.33527466842106	23.50228238526316	0.0	0.0	2	0.9851839032730931	-4.369478483262381	230.0	24	1.05	0.95				
	214	2	84.4341256063158	16.97387061157895	0.0	0.0	2	0.9866263832416079	-5.899768190488104	230.0	26	1.05	0.95				
	215	2	137.96710215052633	27.854556901052636	0.0	0.0	2	0.9921861462084297	-1.1975339706103862	230.0	26	1.05	0.95				
	216	2	43.52274515789475	8.70454903157895	0.0	0.0	2	0.990914611554538	-1.5092695732472865	230.0	26	1.05	0.95				
	217	1	0.0	0.0	0.0	0.0	2	1.0010063951723693	-0.33517511786748655	230.0	27	1.05	0.95				
	218	2	144.9307413757895	29.595466707368427	0.0	0.0	2	1.0018487921712833	-0.9298083851644483	230.0	27	1.05	0.95				
	219	1	78.77616873578948	16.103415708421053	0.0	0.0	2	0.9845650950704594	-0.6749352364471148	230.0	25	1.05	0.95				
	220	1	55.70911380210527	11.315913741052634	0.0	0.0	2	0.9826360479214818	0.9793353925423789	230.0	25	1.05	0.95				
	221	2	0.0	0.0	0.0	0.0	2	1.0042991284252363	-0.39823394987893	230.0	27	1.05	0.95				
	222	2	0.0	0.0	0.0	0.0	2	1.0220565309598233	4.720725917928744	230.0	27	1.05	0.95				
	223	2	0.0	0.0	0.0	0.0	2	0.982941680516522	2.2570137674485276	230.0	25	1.05	0.95				
	224	1	0.0	0.0	0.0	0.0	2	0.9833448059688281	-4.488012089008527	230.0	26	1.05	0.95				
	301	2	63.481176833684216	12.931350836491228	0.0	0.0	3	1.0021691694757378	27.82440056494701	138.0	31	1.05	0.95				
	302	2	57.0155014154386	11.7557734877193	0.0	0.0	3	1.0028750876450798	27.443271022412905	138.0	32	1.05	0.95				
	303	1	105.80196138947369	21.748180952280702	0.0	0.0	3	1.0143010999289568	43.58229874907375	138.0	31	1.05	0.95				
	304	1	43.496361904561404	8.816830115789474	0.0	0.0	3	0.9921932048877975	29.346285711182254	138.0	31	1.05	0.95				
	305	1	41.732995881403504	8.22904144140351	0.0	0.0	3	1.0101739675424408	27.124910552354752	138.0	31	1.05	0.95				
	306	1	79.93925971649124	16.45808288280702	0.0	-100.0	3	1.0214564485283393	26.053761826019514	138.0	32	1.05	0.95				
	307	2	73.47358429824563	14.694716859649123	0.0	0.0	3	0.9657775795220601	22.54800685352017	138.0	32	1.05	0.95				
	308	1	100.51186331999999	20.57260360350877	0.0	0.0	3	0.9755112657984321	25.330058047933697	138.0	32	1.05	0.95				
	309	1	102.86301801754388	21.160392277894736	0.0	0.0	3	1.004306254227697	33.41692603918939	138.0	33	1.05	0.95				
	310	1	114.61879150526315	23.5115469754386	0.0	0.0	3	1.03333648098513	28.36333689221273	138.0	33	1.05	0.95				
	311	1	0.0	0.0	0.0	0.0	3	0.9958154876120743	33.06289107633958	230.0	33	1.05	0.95				
	312	1	0.0	0.0	0.0	0.0	3	1.0021315907252943	33.42184421071655	230.0	33	1.05	0.95				
	313	2	155.7639987122807	31.740588416842108	0.0	0.0	3	1.0058545792888893	36.47899728559596	230.0	34	1.05	0.95				
	314	2	114.0310028308772	22.923758301052633	0.0	0.0	3	0.9897268538390158	32.293390114555386	230.0	36	1.05	0.95				
	315	2	186.32900978035087	37.618475160701756	0.0	0.0	3	0.9890478956392147	30.447767200620675	230.0	36	1.05	0.95				
	316	2	58.77886743859649	11.7557734877193	0.0	0.0	3	0.9830697705954394	30.76528555070998	230.0	36	1.05	0.95				
	317	1	0.0	0.0	0.0	0.0	3	0.9945668916391851	32.53291706802799	230.0	37	1.05	0.95				
	318	2	195.73362857052632	39.96962985824562	0.0	0.0	3	0.9875393096875119	28.656887039463832	230.0	37	1.05	0.95				
	319	1	106.38975006385967	21.748180952280702	0.0	0.0	3	0.9912616593639659	30.592054884692814	230.0	35	1.05	0.95				
	320	1	75.23695032140351	15.28250553403509	0.0	0.0	3	1.0007448995990065	30.470560808107454	230.0	35	1.05	0.95				
	321	2	0.0	0.0	0.0	0.0	3	0.9963655039726976	29.730405262048997	230.0	37	1.05	0.95				
	322	2	0.0	0.0	0.0	0.0	3	1.0135189627394834	33.6192872881854	230.0	37	1.05	0.95				
	323	2	0.0	0.0	0.0	0.0	3	1.006035891934578	30.322649362149978	230.0	35	1.05	0.95				
	324	1	0.0	0.0	0.0	0.0	3	0.9962639931943453	36.76864952931903	230.0	36	1.05	0.95				
	325	1	0.0	0.0	0.0	0.0	3	1.006880025289034	29.33860540602524	230.0	35	1.05	0.95				
];
