%% MATPOWER Case Format : Version 2
function mpc = RTS_GMLC
mpc.version = '2';

%%-----  Power Flow Data  -----%%
%% system MVA base
mpc.baseMVA = 100.0;
%% bus data
%    bus_i    type    Pd    Qd    Gs    Bs    area    Vm    Va    baseKV    zone    Vmax    Vmin
mpc.bus = [
	101	2	47.42701632000001	9.66105888	0.0	0.0	1	1.0350723087146576	2.107875917729685	138.0	11	1.05	0.95				
	102	2	42.59648688	8.782780800000001	0.0	0.0	1	1.0346685402913962	1.976335418620836	138.0	12	1.05	0.95				
	103	1	79.0450272	16.24814448	0.0	0.0	1	1.0288610753551302	-0.33674536883411316	138.0	11	1.05	0.95				
	104	1	32.49628896	6.587085600000001	0.0	0.0	1	1.0219768019425226	-1.3484032170256477	138.0	11	1.05	0.95				
	105	1	31.17887184	6.147946560000001	0.0	0.0	1	1.0364680874862335	-1.0947868684644007	138.0	11	1.05	0.95				
	106	1	59.72290944	12.295893120000002	0.0	-100.0	1	1.045423533104117	-3.338239011466302	138.0	12	1.05	0.95				
	107	2	54.89238000000001	10.978476	0.0	0.0	1	1.001136465758504	-8.11410927987117	138.0	12	1.05	0.95				
	108	1	75.09277584	15.369866400000001	0.0	0.0	1	1.0048698419423732	-7.1644589211772844	138.0	12	1.05	0.95				
	109	1	76.849332	15.809005440000002	0.0	0.0	1	1.025154523013508	-2.2959586187825374	138.0	13	1.05	0.95				
	110	1	85.6321128	17.565561600000002	0.0	0.0	1	1.05	-2.963759657035463	138.0	13	1.05	0.95				
	111	1	0.0	0.0	0.0	0.0	1	1.0040604865703833	-0.5701944503467007	230.0	13	1.05	0.95				
	112	1	0.0	0.0	0.0	0.0	1	1.0092404654178078	0.09405821334806652	230.0	13	1.05	0.95				
	113	3	116.3718456	23.713508160000003	0.0	0.0	1	0.9969467874941512	1.2347477510874967e-31	230.0	14	1.05	0.95				
	114	2	85.19297376	17.12642256	0.0	0.0	1	1.0001526956798763	1.1184097712226713	230.0	16	1.05	0.95				
	115	2	139.20707568	28.104898560000002	0.0	0.0	1	1.03913543395161	6.112085040821321	230.0	16	1.05	0.95				
	116	2	43.913904	8.782780800000001	0.0	0.0	1	1.0348090480579972	6.03577287643843	230.0	16	1.05	0.95				
	117	1	0.0	0.0	0.0	0.0	1	1.0427926346088476	7.392213879065231	230.0	17	1.05	0.95				
	118	2	146.23330032	29.86145472	0.0	0.0	1	1.045379461019284	7.1622208253569255	230.0	17	1.05	0.95				
	119	1	79.48416624000001	16.24814448	0.0	0.0	1	1.0291465896208227	5.612194865162057	230.0	15	1.05	0.95				
	120	1	56.209797120000005	11.417615040000001	0.0	0.0	1	1.0271984846452828	6.094948166702928	230.0	15	1.05	0.95				
	121	2	0.0	0.0	0.0	0.0	1	1.05	7.947330217949875	230.0	17	1.05	0.95				
	122	2	0.0	0.0	0.0	0.0	1	1.05	14.61534684023581	230.0	17	1.05	0.95				
	123	2	0.0	0.0	0.0	0.0	1	1.026842125755002	6.699750914579074	230.0	15	1.05	0.95				
	124	1	0.0	0.0	0.0	0.0	1	1.026620169860199	3.703889208196373	230.0	16	1.05	0.95				
	201	2	48.1605540631579	9.81048323508772	0.0	0.0	2	1.0305274614972357	-5.4474328140914645	138.0	21	1.05	0.95				
	202	2	43.25531244561404	8.91862112280702	0.0	0.0	2	1.030924903982116	-5.400963368730849	138.0	22	1.05	0.95				
	203	1	80.26759010526317	16.49944907719298	0.0	0.0	2	1.0194244659367502	-5.979172693042196	138.0	21	1.05	0.95				
	204	1	32.99889815438596	6.6889658421052625	0.0	0.0	2	1.0195301320992194	-7.78385749097773	138.0	21	1.05	0.95				
	205	1	31.66110498596491	6.243034785964913	0.0	0.0	2	1.0345961342098928	-7.833061297694239	138.0	21	1.05	0.95				
	206	1	60.64662363508773	12.486069571929827	0.0	-100.0	2	1.0448303602846323	-9.59130103193728	138.0	22	1.05	0.95				
	207	2	55.74138201754386	11.148276403508772	0.0	0.0	2	0.9888663981718756	-16.38568467840512	138.0	22	1.05	0.95				
	208	1	76.25421060000001	15.60758696491228	0.0	0.0	2	0.9957980227528704	-14.365994636565619	138.0	22	1.05	0.95				
	209	1	78.0379348245614	16.053518021052632	0.0	0.0	2	1.0232149762727973	-7.915842388569062	138.0	23	1.05	0.95				
	210	1	86.95655594736841	17.83724224561404	0.0	0.0	2	1.05	-8.834309484038299	138.0	23	1.05	0.95				
	211	1	0.0	0.0	0.0	0.0	2	1.0055488279224138	-5.267147433980575	230.0	23	1.05	0.95				
	212	1	0.0	0.0	0.0	0.0	2	1.0098408368237244	-4.825879915468572	230.0	23	1.05	0.95				
	213	2	118.17172987719297	24.08027703157895	0.0	0.0	2	0.9991743292242253	-4.511092735522637	230.0	24	1.05	0.95				
	214	2	86.51062489122808	17.391311189473686	0.0	0.0	2	1.0066640897032142	-2.7111969625488164	230.0	26	1.05	0.95				
	215	2	141.36014479649123	28.539587592982457	0.0	0.0	2	1.0291237473309043	3.619069541855903	230.0	26	1.05	0.95				
	216	2	44.59310561403509	8.91862112280702	0.0	0.0	2	1.0305867476325705	3.5541920355849643	230.0	26	1.05	0.95				
	217	1	0.0	0.0	0.0	0.0	2	1.03598466133305	6.253734098139618	230.0	27	1.05	0.95				
	218	2	148.49504169473684	30.323311817543864	0.0	0.0	2	1.0375617199035998	6.745647816216595	230.0	27	1.05	0.95				
	219	1	80.7135211614035	16.49944907719298	0.0	0.0	2	1.030232242843919	2.507780935167929	230.0	25	1.05	0.95				
	220	1	57.079175185964914	11.594207459649123	0.0	0.0	2	1.0331079958558305	2.4628618286875503	230.0	25	1.05	0.95				
	221	2	0.0	0.0	0.0	0.0	2	1.03739183536264	6.461788561221254	230.0	27	1.05	0.95				
	222	2	0.0	0.0	0.0	0.0	2	1.05	12.879604566913178	230.0	27	1.05	0.95				
	223	2	0.0	0.0	0.0	0.0	2	1.035299734686662	2.7753539489325423	230.0	25	1.05	0.95				
	224	1	0.0	0.0	0.0	0.0	2	1.013610847976314	0.022606870529914967	230.0	26	1.05	0.95				
	301	2	52.53084466105263	10.700727616140352	0.0	0.0	3	1.0073167403000716	-27.530633868670105	138.0	31	1.05	0.95				
	302	2	47.180480852982456	9.727934196491228	0.0	0.0	3	1.0067885380013981	-27.655353811044648	138.0	32	1.05	0.95				
	303	1	87.55140776842106	17.996678263508773	0.0	0.0	3	1.0229284825164244	-21.352004641291508	138.0	31	1.05	0.95				
	304	1	35.993356527017546	7.2959506473684215	0.0	0.0	3	1.008776317974065	-26.030694959472232	138.0	31	1.05	0.95				
	305	1	34.534166397543856	6.8095539375438605	0.0	0.0	3	1.0221701245803536	-26.834257804100904	138.0	31	1.05	0.95				
	306	1	66.14995253614036	13.619107875087721	0.0	-100.0	3	1.0384263265510896	-27.00953132934415	138.0	32	1.05	0.95				
	307	2	60.79958872807018	12.159917745614035	0.0	0.0	3	0.9925556680252128	-32.471670941770356	138.0	32	1.05	0.95				
	308	1	83.17383738	17.023884843859648	0.0	0.0	3	0.9968440675208031	-30.22879158977521	138.0	32	1.05	0.95				
	309	1	85.11942421929824	17.51028155368421	0.0	0.0	3	1.026352350178897	-22.71436566099397	138.0	33	1.05	0.95				
	310	1	94.84735841578947	19.455868392982456	0.0	0.0	3	1.05	-24.574746395142512	138.0	33	1.05	0.95				
	311	1	0.0	0.0	0.0	0.0	3	1.0128215470225646	-18.039587197643105	230.0	33	1.05	0.95				
	312	1	0.0	0.0	0.0	0.0	3	1.013865695301189	-17.562315196172513	230.0	33	1.05	0.95				
	313	2	128.89512810350877	26.265422330526317	0.0	0.0	3	1.0166908054618053	-14.439686145127338	230.0	34	1.05	0.95				
	314	2	94.36096170596491	18.969471683157895	0.0	0.0	3	1.020318739679404	-15.561015701934085	230.0	36	1.05	0.95				
	315	2	154.18775701438597	31.12938942877193	0.0	0.0	3	1.0445826737700887	-9.564543078211642	230.0	36	1.05	0.95				
	316	2	48.63967098245614	9.727934196491228	0.0	0.0	3	1.0433269406246317	-9.17406607798534	230.0	36	1.05	0.95				
	317	1	0.0	0.0	0.0	0.0	3	1.0463321363827516	-6.97936941942274	230.0	37	1.05	0.95				
	318	2	161.97010437157894	33.07497626807018	0.0	0.0	3	1.0465586357362608	-6.481034919920272	230.0	37	1.05	0.95				
	319	1	88.03780447824562	17.996678263508773	0.0	0.0	3	1.039422978992807	-10.24709046176782	230.0	35	1.05	0.95				
	320	1	62.25877885754386	12.646314455438597	0.0	0.0	3	1.0396259201604063	-10.25860057544283	230.0	35	1.05	0.95				
	321	2	0.0	0.0	0.0	0.0	3	1.049144720788954	-6.036712423771557	230.0	37	1.05	0.95				
	322	2	0.0	0.0	0.0	0.0	3	1.05	-2.065186138521131	230.0	37	1.05	0.95				
	323	2	0.0	0.0	0.0	0.0	3	1.0405177892398283	-9.901235022948823	230.0	35	1.05	0.95				
	324	1	0.0	0.0	0.0	0.0	3	1.0216801205185237	-13.93527548586074	230.0	36	1.05	0.95				
	325	1	0.0	0.0	0.0	0.0	3	1.0352301215198247	-8.428712017313472	230.0	35	1.05	0.95				
];

%% generator data
%    bus    Pg    Qg    Qmax    Qmin    Vg    mBase    status    Pmax    Pmin    Pc1    Pc2    Qc1min    Qc1max    Qc2min    Qc2max    ramp_agc    ramp_10    ramp_30    ramp_q    apf
