%% MATPOWER Case Format : Version 2
function mpc = RTS_GMLC
mpc.version = '2';

%%-----  Power Flow Data  -----%%
%% system MVA base
mpc.baseMVA = 100.0;
%% bus data
%    bus_i    type    Pd    Qd    Gs    Bs    area    Vm    Va    baseKV    zone    Vmax    Vmin
mpc.bus = [
	101	2	50.41959426947369	10.270658091929825	0.0	0.0	1	1.0378569606037544	1.1218686927881896	138.0	11	1.05	0.95				
	102	2	45.28426522350877	9.336961901754387	0.0	0.0	1	1.0355362397086696	0.5030103295084958	138.0	12	1.05	0.95				
	103	1	84.03265711578948	17.273379518245612	0.0	0.0	1	1.0348373952099539	0.8954923026674817	138.0	11	1.05	0.95				
	104	1	34.546759036491224	7.002721426315789	0.0	0.0	1	1.0254565507906555	-1.7483863170784146	138.0	11	1.05	0.95				
	105	1	33.14621475122807	6.53587333122807	0.0	0.0	1	1.0373912892580568	-2.2587011417528196	138.0	11	1.05	0.95				
	106	1	63.49134093192983	13.07174666245614	0.0	-100.0	1	1.0449121813897029	-4.742032320788849	138.0	12	1.05	0.95				
	107	2	58.35601188596491	11.671202377192982	0.0	0.0	1	1.0002173522438251	-10.660366537339133	138.0	12	1.05	0.95				
	108	1	79.83102425999999	16.339683328070173	0.0	0.0	1	1.0027712168832557	-9.10765809189794	138.0	12	1.05	0.95				
	109	1	81.69841664035089	16.806531423157896	0.0	0.0	1	1.0253847629264974	-2.908598115412811	138.0	13	1.05	0.95				
	110	1	91.03537854210526	18.673923803508774	0.0	0.0	1	1.05	-4.232989943808011	138.0	13	1.05	0.95				
	111	1	0.0	0.0	0.0	0.0	1	1.0054962571367192	-1.0054516330379406	230.0	13	1.05	0.95				
	112	1	0.0	0.0	0.0	0.0	1	1.0091955621232471	-1.3370700221938263	230.0	13	1.05	0.95				
	113	3	123.71474519824561	25.209797134736846	0.0	0.0	1	0.99875294387011	2.214298447919288e-29	230.0	14	1.05	0.95				
	114	2	90.56853044701754	18.20707570842105	0.0	0.0	1	1.0040653481344546	0.806066575580335	230.0	16	1.05	0.95				
	115	2	147.99084614280702	29.878278085614035	0.0	0.0	1	1.0399109635623742	7.344964496209239	230.0	16	1.05	0.95				
	116	2	46.68480950877193	9.336961901754387	0.0	0.0	1	1.0350523285928714	6.102195144823632	230.0	16	1.05	0.95				
	117	1	0.0	0.0	0.0	0.0	1	1.0427887844558155	9.838763096815994	230.0	17	1.05	0.95				
	118	2	155.46041566421053	31.745670465964913	0.0	0.0	1	1.04725336501721	10.780144878540323	230.0	17	1.05	0.95				
	119	1	84.49950521087719	17.273379518245612	0.0	0.0	1	1.0238334380120737	3.7252890585143006	230.0	15	1.05	0.95				
	120	1	59.75655617122807	12.138050472280701	0.0	0.0	1	1.0175124923580363	1.977710505006847	230.0	15	1.05	0.95				
	121	2	0.0	0.0	0.0	0.0	1	1.049996916042323	12.209771320621838	230.0	17	1.05	0.95				
	122	2	0.0	0.0	0.0	0.0	1	1.05	17.79369621859339	230.0	17	1.05	0.95				
	123	2	0.0	0.0	0.0	0.0	1	1.0149067470104602	1.3746148796584423	230.0	15	1.05	0.95				
	124	1	0.0	0.0	0.0	0.0	1	1.0293457519723583	4.9213281888811915	230.0	16	1.05	0.95				
	201	2	47.29356208421053	9.633873757894737	0.0	0.0	2	1.0156909572440938	-12.325281849388265	138.0	21	1.05	0.95				
	202	2	42.476625205263154	8.75806705263158	0.0	0.0	2	1.0148657421387681	-12.571709118939753	138.0	22	1.05	0.95				
	203	1	78.82260347368421	16.202424047368417	0.0	0.0	2	1.0143677615327056	-9.331309309998222	138.0	21	1.05	0.95				
	204	1	32.404848094736835	6.568550289473683	0.0	0.0	2	1.012575369378979	-11.869453720729219	138.0	21	1.05	0.95				
	205	1	31.091138036842104	6.130646936842106	0.0	0.0	2	1.0274091865350161	-12.23307352182601	138.0	21	1.05	0.95				
	206	1	59.55485595789474	12.261293873684211	0.0	-100.0	2	1.0418829160691192	-12.718776112516176	138.0	22	1.05	0.95				
	207	2	54.737919078947364	10.947583815789473	0.0	0.0	2	0.9980180172141714	-18.027162844923247	138.0	22	1.05	0.95				
	208	1	74.8814733	15.326617342105262	0.0	0.0	2	1.0015347619883535	-16.024693288404094	138.0	22	1.05	0.95				
	209	1	76.63308671052631	15.764520694736841	0.0	0.0	2	1.0237678836783681	-9.486675034943524	138.0	23	1.05	0.95				
	210	1	85.39115376315789	17.51613410526316	0.0	0.0	2	1.05	-10.733520368917212	138.0	23	1.05	0.95				
	211	1	0.0	0.0	0.0	0.0	2	1.0049432860264953	-7.0998782745738165	230.0	23	1.05	0.95				
	212	1	0.0	0.0	0.0	0.0	2	1.010423999418085	-2.8228879569465337	230.0	23	1.05	0.95				
	213	2	116.04438844736842	23.646781042105264	0.0	0.0	2	0.9997896474019383	-5.191122076302697	230.0	24	1.05	0.95				
	214	2	84.95325041052631	17.07823075263158	0.0	0.0	2	1.0037381707959094	-5.631208509811644	230.0	26	1.05	0.95				
	215	2	138.81536278421052	28.025814568421055	0.0	0.0	2	1.0201591141245283	-0.20146839820827608	230.0	26	1.05	0.95				
	216	2	43.79033526315789	8.75806705263158	0.0	0.0	2	1.018913638326843	-0.8403916962134208	230.0	26	1.05	0.95				
	217	1	0.0	0.0	0.0	0.0	2	1.0242334672779525	0.4665227134211615	230.0	27	1.05	0.95				
	218	2	145.82181642631576	29.77742797894737	0.0	0.0	2	1.0237447625897507	0.10450459071236178	230.0	27	1.05	0.95				
	219	1	79.26050682631579	16.202424047368417	0.0	0.0	2	1.0152979067180699	-1.6348221888943317	230.0	25	1.05	0.95				
	220	1	56.05162913684211	11.385487168421053	0.0	0.0	2	1.0152721896802284	-1.4545250607125157	230.0	25	1.05	0.95				
	221	2	0.0	0.0	0.0	0.0	2	1.0260727548654764	0.8011063444077129	230.0	27	1.05	0.95				
	222	2	0.0	0.0	0.0	0.0	2	1.047722219549919	7.188568164834789	230.0	27	1.05	0.95				
	223	2	0.0	0.0	0.0	0.0	2	1.0159318886770374	-1.0111839488814114	230.0	25	1.05	0.95				
	224	1	0.0	0.0	0.0	0.0	2	1.006745022948877	-3.6353640599780968	230.0	26	1.05	0.95				
	301	2	64.74533377263158	13.188864287017546	0.0	0.0	3	0.9913735938943181	1.5234772560046048	138.0	31	1.05	0.95				
	302	2	58.15090162912281	11.989876624561404	0.0	0.0	3	0.9913830079577687	1.5015810277804953	138.0	32	1.05	0.95				
	303	1	107.90888962105265	22.181271755438598	0.0	0.0	3	1.0120371059200302	3.94922881756129	138.0	31	1.05	0.95				
	304	1	44.362543510877195	8.992407468421053	0.0	0.0	3	0.9991719783004703	3.5814430495019263	138.0	31	1.05	0.95				
	305	1	42.56406201719298	8.392913637192983	0.0	0.0	3	1.0112008533879961	3.637358732911104	138.0	31	1.05	0.95				
	306	1	81.53116104701755	16.785827274385966	0.0	-100.0	3	1.0307548915400173	4.135788177978106	138.0	32	1.05	0.95				
	307	2	74.93672890350878	14.987345780701755	0.0	0.0	3	0.9876761324078317	-0.31419523781618264	138.0	32	1.05	0.95				
	308	1	102.51344514	20.982284092982457	0.0	0.0	3	0.9973200006511319	2.400163372453471	138.0	32	1.05	0.95				
	309	1	104.91142046491228	21.581777924210527	0.0	0.0	3	1.0268779356024906	7.716464001136681	138.0	33	1.05	0.95				
	310	1	116.90129708947367	23.97975324912281	0.0	0.0	3	1.05	7.65189806807138	138.0	33	1.05	0.95				
	311	1	0.0	0.0	0.0	0.0	3	1.0181707237837443	13.772830764963695	230.0	33	1.05	0.95				
	312	1	0.0	0.0	0.0	0.0	3	1.0235557884946698	15.374113492671892	230.0	33	1.05	0.95				
	313	2	158.8658652754386	32.37266688631579	0.0	0.0	3	1.0455475573684996	22.41748156772758	230.0	34	1.05	0.95				
	314	2	116.30180325824561	23.380259417894738	0.0	0.0	3	1.0202905568030411	12.099326139493405	230.0	36	1.05	0.95				
	315	2	190.03954449929824	38.36760519859649	0.0	0.0	3	1.0329083741702407	6.032096890474635	230.0	36	1.05	0.95				
	316	2	59.94938312280702	11.989876624561404	0.0	0.0	3	1.035328178958454	7.491861929452994	230.0	36	1.05	0.95				
	317	1	0.0	0.0	0.0	0.0	3	1.0364820529304033	6.1549538846544225	230.0	37	1.05	0.95				
	318	2	199.63144579894737	40.765580523508774	0.0	0.0	3	1.0335106841244766	4.890408223986977	230.0	37	1.05	0.95				
	319	1	108.50838345228071	22.181271755438598	0.0	0.0	3	1.0360729967134694	10.931780974559901	230.0	35	1.05	0.95				
	320	1	76.73521039719299	15.586839611929825	0.0	0.0	3	1.040007088100702	13.41771355998128	230.0	35	1.05	0.95				
	321	2	0.0	0.0	0.0	0.0	3	1.03539626864424	5.841081831968474	230.0	37	1.05	0.95				
	322	2	0.0	0.0	0.0	0.0	3	1.049171909396419	10.277556757258134	230.0	37	1.05	0.95				
	323	2	0.0	0.0	0.0	0.0	3	1.0421350744932212	14.311157361097093	230.0	35	1.05	0.95				
	324	1	0.0	0.0	0.0	0.0	3	1.0225464560581008	7.364099720099055	230.0	36	1.05	0.95				
	325	1	0.0	0.0	0.0	0.0	3	1.043978849516406	14.1371041010365	230.0	35	1.05	0.95				
];
