%% MATPOWER Case Format : Version 2
function mpc = RTS_GMLC
mpc.version = '2';

%%-----  Power Flow Data  -----%%
%% system MVA base
mpc.baseMVA = 100.0;
%% bus data
%    bus_i    type    Pd    Qd    Gs    Bs    area    Vm    Va    baseKV    zone    Vmax    Vmin
mpc.bus = [
	101	2	43.47253834105263	8.855517069473686	0.0	0.0	1	1.0473623654567945	4.89566343497495	138.0	11	1.05	0.95				
	102	2	39.04477980631579	8.050470063157896	0.0	0.0	1	1.0446761888398237	4.194150096189128	138.0	12	1.05	0.95				
	103	1	72.45423056842107	14.893369616842106	0.0	0.0	1	1.0358720996054869	2.865033232618487	138.0	11	1.05	0.95				
	104	1	29.786739233684212	6.037852547368421	0.0	0.0	1	1.030134801273206	1.2331293477070926	138.0	11	1.05	0.95				
	105	1	28.579168724210525	5.635329044210527	0.0	0.0	1	1.0424465675830767	0.9065217797994699	138.0	11	1.05	0.95				
	106	1	54.7431964294737	11.270658088421055	0.0	-100.0	1	1.0484166739619567	-1.8930491919745338	138.0	12	1.05	0.95				
	107	2	50.315437894736846	10.06308757894737	0.0	0.0	1	1.0004105174406133	-7.380333038302567	138.0	12	1.05	0.95				
	108	1	68.83151904	14.088322610526316	0.0	0.0	1	1.0051737446860876	-6.11600520905063	138.0	12	1.05	0.95				
	109	1	70.44161305263158	14.490846113684212	0.0	0.0	1	1.0244602605373159	-0.9411588043924207	138.0	13	1.05	0.95				
	110	1	78.49208311578948	16.10094012631579	0.0	0.0	1	1.05	-1.933718912670086	138.0	13	1.05	0.95				
	111	1	0.0	0.0	0.0	0.0	1	1.0016392265677982	-0.062298048909250205	230.0	13	1.05	0.95				
	112	1	0.0	0.0	0.0	0.0	1	1.0059414738584413	-0.29616606818880264	230.0	13	1.05	0.95				
	113	3	106.66872833684211	21.736269170526317	0.0	0.0	1	0.9907310763691438	1.1328909840253625e-28	230.0	14	1.05	0.95				
	114	2	78.08955961263158	15.698416623157897	0.0	0.0	1	0.9972776145897914	1.3946744201671541	230.0	16	1.05	0.95				
	115	2	127.59995050105263	25.761504202105268	0.0	0.0	1	1.033131058721773	6.786414335415482	230.0	16	1.05	0.95				
	116	2	40.25235031578948	8.050470063157896	0.0	0.0	1	1.0278716381428694	5.805718273335328	230.0	16	1.05	0.95				
	117	1	0.0	0.0	0.0	0.0	1	1.0370682015809796	8.836764451212376	230.0	17	1.05	0.95				
	118	2	134.04032655157897	27.37159821473685	0.0	0.0	1	1.040777985569562	9.43964093392672	230.0	17	1.05	0.95				
	119	1	72.85675407157896	14.893369616842106	0.0	0.0	1	1.0178866225293914	3.9786910254843177	230.0	15	1.05	0.95				
	120	1	51.523008404210536	10.465611082105264	0.0	0.0	1	1.011220230117148	2.508256772745987	230.0	15	1.05	0.95				
	121	2	0.0	0.0	0.0	0.0	1	1.0438942580278985	10.567926762789224	230.0	17	1.05	0.95				
	122	2	0.0	0.0	0.0	0.0	1	1.05	16.450791859254288	230.0	17	1.05	0.95				
	123	2	0.0	0.0	0.0	0.0	1	1.0080778123993084	2.013651862557342	230.0	15	1.05	0.95				
	124	1	0.0	0.0	0.0	0.0	1	1.0277123931484635	5.3016687088309125	230.0	16	1.05	0.95				
	201	2	43.48559736000001	8.85817724	0.0	0.0	2	1.0153809366722144	-8.205755441432533	138.0	21	1.05	0.95				
	202	2	39.05650874	8.0528884	0.0	0.0	2	1.0146254261958345	-8.428663306297834	138.0	22	1.05	0.95				
	203	1	72.4759956	14.89784354	0.0	0.0	2	1.0128899682635275	-6.154615823643096	138.0	21	1.05	0.95				
	204	1	29.79568708	6.0396662999999995	0.0	0.0	2	1.0130623392496083	-7.817169218192122	138.0	21	1.05	0.95				
	205	1	28.58775382	5.637021880000001	0.0	0.0	2	1.0277542829412456	-8.084247301708038	138.0	21	1.05	0.95				
	206	1	54.759641120000005	11.274043760000001	0.0	-100.0	2	1.0428438033335123	-8.521795723312536	138.0	22	1.05	0.95				
	207	2	50.3305525	10.0661105	0.0	0.0	2	0.9987681684513747	-13.378775387541713	138.0	22	1.05	0.95				
	208	1	68.85219581999999	14.092554699999999	0.0	0.0	2	1.0033550446071566	-11.563512051396835	138.0	22	1.05	0.95				
	209	1	70.4627735	14.495199119999999	0.0	0.0	2	1.0234347779427004	-5.65047849588483	138.0	23	1.05	0.95				
	210	1	78.5156619	16.1057768	0.0	0.0	2	1.05	-6.6668746044558755	138.0	23	1.05	0.95				
	211	1	0.0	0.0	0.0	0.0	2	1.002355547899542	-3.6081394552849324	230.0	23	1.05	0.95				
	212	1	0.0	0.0	0.0	0.0	2	1.0094451105760263	1.0382627186200628	230.0	23	1.05	0.95				
	213	2	106.7007713	21.742798680000003	0.0	0.0	2	0.9969703179392726	-1.529999526193283	230.0	24	1.05	0.95				
	214	2	78.11301748	15.703132380000001	0.0	0.0	2	0.9976249757194463	-2.7286437446680343	230.0	26	1.05	0.95				
	215	2	127.63828114	25.76924288	0.0	0.0	2	1.0125600390426444	1.103352158796907	230.0	26	1.05	0.95				
	216	2	40.264442	8.0528884	0.0	0.0	2	1.0124068515607403	1.0180910706065327	230.0	26	1.05	0.95				
	217	1	0.0	0.0	0.0	0.0	2	1.017627246595214	2.0175190274508665	230.0	27	1.05	0.95				
	218	2	134.08059186	27.379820560000002	0.0	0.0	2	1.017011932629707	1.655790548186555	230.0	27	1.05	0.95				
	219	1	72.87864002	14.89784354	0.0	0.0	2	1.0109146187899065	0.7851365259682468	230.0	25	1.05	0.95				
	220	1	51.53848576	10.46875492	0.0	0.0	2	1.0122775089651501	1.392920150165033	230.0	25	1.05	0.95				
	221	2	0.0	0.0	0.0	0.0	2	1.0191207539916478	2.281437697538306	230.0	27	1.05	0.95				
	222	2	0.0	0.0	0.0	0.0	2	1.0411132312020168	8.781156161117762	230.0	27	1.05	0.95				
	223	2	0.0	0.0	0.0	0.0	2	1.0136560133375596	2.0451411613931314	230.0	25	1.05	0.95				
	224	1	0.0	0.0	0.0	0.0	2	1.003486039853672	-1.6428211217145487	230.0	26	1.05	0.95				
	301	2	65.44574503578949	13.331540655438598	0.0	0.0	3	1.0033505991787626	-10.808913728251401	138.0	31	1.05	0.95				
	302	2	58.779974708070185	12.119582414035088	0.0	0.0	3	1.0031205963352354	-10.881599343195974	138.0	32	1.05	0.95				
	303	1	109.0762417263158	22.421227465964915	0.0	0.0	3	1.0163827439878597	-5.797819001984736	138.0	31	1.05	0.95				
	304	1	44.84245493192983	9.089686810526317	0.0	0.0	3	1.0049782459364485	-8.566192828227559	138.0	31	1.05	0.95				
	305	1	43.02451756982456	8.483707689824563	0.0	0.0	3	1.0177661179099715	-9.287894298598554	138.0	31	1.05	0.95				
	306	1	82.4131604154386	16.967415379649125	0.0	-100.0	3	1.0337051201577327	-9.1084978390789	138.0	32	1.05	0.95				
	307	2	75.7473900877193	15.14947801754386	0.0	0.0	3	1.0011033203796034	-12.002743633580602	138.0	32	1.05	0.95				
	308	1	103.62242964000001	21.209269224561403	0.0	0.0	3	1.0081286634961615	-9.28592893660196	138.0	32	1.05	0.95				
	309	1	106.04634612280704	21.815248345263157	0.0	0.0	3	1.0283385072995048	-4.216661321834945	138.0	33	1.05	0.95				
	310	1	118.16592853684212	24.239164828070177	0.0	0.0	3	1.05	-5.826939042215597	138.0	33	1.05	0.95				
	311	1	0.0	0.0	0.0	0.0	3	1.0165614223298451	1.5277564869652744	230.0	33	1.05	0.95				
	312	1	0.0	0.0	0.0	0.0	3	1.0196758928527683	2.2858116348448383	230.0	33	1.05	0.95				
	313	2	160.58446698596492	32.72287251789474	0.0	0.0	3	1.0404996363048993	9.062059729711745	230.0	34	1.05	0.95				
	314	2	117.55994941614037	23.633185707368423	0.0	0.0	3	1.0181390662341288	1.3531613115540457	230.0	36	1.05	0.95				
	315	2	192.09538126245616	38.78266372491228	0.0	0.0	3	1.0259125640858784	-0.89333744112685	230.0	36	1.05	0.95				
	316	2	60.59791207017544	12.119582414035088	0.0	0.0	3	1.0270387476096412	0.23763534842283676	230.0	36	1.05	0.95				
	317	1	0.0	0.0	0.0	0.0	3	1.0281418006474516	0.04953002782933301	230.0	37	1.05	0.95				
	318	2	201.79104719368422	41.2065802077193	0.0	0.0	3	1.0250862484901235	-0.627177310216171	230.0	37	1.05	0.95				
	319	1	109.68222084701755	22.421227465964915	0.0	0.0	3	1.0287496464548993	2.507615311674161	230.0	35	1.05	0.95				
	320	1	77.56532744982457	15.755457138245616	0.0	0.0	3	1.0317683118559817	3.8333250821128835	230.0	35	1.05	0.95				
	321	2	0.0	0.0	0.0	0.0	3	1.0274766111097726	-0.16038892823401932	230.0	37	1.05	0.95				
	322	2	0.0	0.0	0.0	0.0	3	1.0410266327537876	4.304126153489044	230.0	37	1.05	0.95				
	323	2	0.0	0.0	0.0	0.0	3	1.034435186565685	4.707065665469882	230.0	35	1.05	0.95				
	324	1	0.0	0.0	0.0	0.0	3	1.0181067468216516	-0.3747130677196059	230.0	36	1.05	0.95				
	325	1	0.0	0.0	0.0	0.0	3	1.034663973036643	5.2039370642814955	230.0	35	1.05	0.95				
];
