%% MATPOWER Case Format : Version 2
function mpc = RTS_GMLC
mpc.version = '2';

%%-----  Power Flow Data  -----%%
%% system MVA base
mpc.baseMVA = 100.0;
%% bus data
%    bus_i    type    Pd    Qd    Gs    Bs    area    Vm    Va    baseKV    zone    Vmax    Vmin
mpc.bus = [
	101	2	50.32607619789474	10.251608114385965	0.0	0.0	1	1.0315208472399597	3.248650029340102	138.0	11	1.05	0.95				
	102	2	45.200272140701756	9.319643740350877	0.0	0.0	1	1.0312538024578695	3.1527390820683285	138.0	12	1.05	0.95				
	103	1	83.87679366315788	17.241340919649122	0.0	0.0	1	1.0274645104567335	0.5948711179141076	138.0	11	1.05	0.95				
	104	1	34.482681839298245	6.9897328052631575	0.0	0.0	1	1.0201959986383662	-0.27001280898432783	138.0	11	1.05	0.95				
	105	1	33.08473527824562	6.523750618245614	0.0	0.0	1	1.0342614070339087	-0.01783312760351424	138.0	11	1.05	0.95				
	106	1	63.373577434385965	13.047501236491229	0.0	-100.0	1	1.0437837368229392	-2.304278124188826	138.0	12	1.05	0.95				
	107	2	58.24777337719298	11.649554675438596	0.0	0.0	1	1.027969461188803	-1.7550852462918611	138.0	12	1.05	0.95				
	108	1	79.68295398	16.309376545614036	0.0	0.0	1	1.0209892726573617	-3.1207504064170757	138.0	12	1.05	0.95				
	109	1	81.54688272807017	16.775358732631577	0.0	0.0	1	1.0257495612450167	-1.178359883329536	138.0	13	1.05	0.95				
	110	1	90.86652646842104	18.639287480701753	0.0	0.0	1	1.05	-1.8538237930776955	138.0	13	1.05	0.95				
	111	1	0.0	0.0	0.0	0.0	1	1.003954157166695	0.054949989104937105	230.0	13	1.05	0.95				
	112	1	0.0	0.0	0.0	0.0	1	1.0099627168722356	0.5834395123478657	230.0	13	1.05	0.95				
	113	3	123.48527955964911	25.16303809894737	0.0	0.0	1	0.9959505847973706	-3.937439977126774e-29	230.0	14	1.05	0.95				
	114	2	90.40054428140351	18.173305293684212	0.0	0.0	1	0.9992601061667067	1.7975691824247626	230.0	16	1.05	0.95				
	115	2	147.7163532845614	29.822859969122806	0.0	0.0	1	1.0398735163020787	7.065290642511443	230.0	16	1.05	0.95				
	116	2	46.598218701754384	9.319643740350877	0.0	0.0	1	1.0358303723621662	6.943310069935516	230.0	16	1.05	0.95				
	117	1	0.0	0.0	0.0	0.0	1	1.0445820515350386	8.83521361153586	230.0	17	1.05	0.95				
	118	2	155.1720682768421	31.686788717192982	0.0	0.0	1	1.047888059470837	8.998898283251618	230.0	17	1.05	0.95				
	119	1	84.34277585017544	17.241340919649122	0.0	0.0	1	1.02976170740354	6.100570377705458	230.0	15	1.05	0.95				
	120	1	59.64571993824561	12.11553686245614	0.0	0.0	1	1.0278429910954165	6.26629040762693	230.0	15	1.05	0.95				
	121	2	0.0	0.0	0.0	0.0	1	1.05	8.676771292825253	230.0	17	1.05	0.95				
	122	2	0.0	0.0	0.0	0.0	1	1.05	15.249496356221222	230.0	17	1.05	0.95				
	123	2	0.0	0.0	0.0	0.0	1	1.0275470632741899	6.715584272368893	230.0	15	1.05	0.95				
	124	1	0.0	0.0	0.0	0.0	1	1.0265285111313942	4.655187943777384	230.0	16	1.05	0.95				
	201	2	53.600503717894746	10.918621127719298	0.0	0.0	2	1.0300644496448612	-7.740310499068838	138.0	21	1.05	0.95				
	202	2	48.141193154035086	9.926019207017545	0.0	0.0	2	1.0302214770832312	-7.812340455056505	138.0	22	1.05	0.95				
	203	1	89.33417286315789	18.363135532982454	0.0	0.0	2	1.023858012538261	-6.334616890162307	138.0	21	1.05	0.95				
	204	1	36.72627106596491	7.444514405263157	0.0	0.0	2	1.0182309376479974	-10.443503311225362	138.0	21	1.05	0.95				
	205	1	35.23736818491228	6.948213444912281	0.0	0.0	2	1.0333901906027363	-10.645361512010785	138.0	21	1.05	0.95				
	206	1	67.49693060771929	13.896426889824562	0.0	-100.0	2	1.0429453679016636	-12.751732251895108	138.0	22	1.05	0.95				
	207	2	62.03762004385964	12.40752400877193	0.0	0.0	2	0.9846188606269103	-20.303499863749213	138.0	22	1.05	0.95				
	208	1	84.86746422	17.3705336122807	0.0	0.0	2	0.991171172272721	-18.015681269994683	138.0	22	1.05	0.95				
	209	1	86.8526680614035	17.866834572631575	0.0	0.0	2	1.0233721805218412	-10.574443784225096	138.0	23	1.05	0.95				
	210	1	96.77868726842105	19.85203841403509	0.0	0.0	2	1.05	-12.013655728179613	138.0	23	1.05	0.95				
	211	1	0.0	0.0	0.0	0.0	2	1.0096097438904967	-8.165268606324354	230.0	23	1.05	0.95				
	212	1	0.0	0.0	0.0	0.0	2	1.0150396914842983	-7.948056809424055	230.0	23	1.05	0.95				
	213	2	131.51975449298246	26.800251858947373	0.0	0.0	2	1.0050564662892578	-7.743743278551638	230.0	24	1.05	0.95				
	214	2	96.28238630807017	19.35573745368421	0.0	0.0	2	1.0133789901611325	-5.335779856512823	230.0	26	1.05	0.95				
	215	2	157.32740443122805	31.76326146245614	0.0	0.0	2	1.0334700459992385	2.1081754718299384	230.0	26	1.05	0.95				
	216	2	49.63009603508772	9.926019207017545	0.0	0.0	2	1.0375728436852538	1.6065796460616766	230.0	26	1.05	0.95				
	217	1	0.0	0.0	0.0	0.0	2	1.0401915713608367	4.896561382077009	230.0	27	1.05	0.95				
	218	2	165.2682197968421	33.748465303859646	0.0	0.0	2	1.0420145700516723	5.457808109413913	230.0	27	1.05	0.95				
	219	1	89.83047382350877	18.363135532982454	0.0	0.0	2	1.039357377330746	-0.1783385091518036	230.0	25	1.05	0.95				
	220	1	63.52652292491228	12.903824969122807	0.0	0.0	2	1.0450127246907905	-0.7786568917365289	230.0	25	1.05	0.95				
	221	2	0.0	0.0	0.0	0.0	2	1.0413432982444	5.101938114404197	230.0	27	1.05	0.95				
	222	2	0.0	0.0	0.0	0.0	2	1.05	11.524929679048812	230.0	27	1.05	0.95				
	223	2	0.0	0.0	0.0	0.0	2	1.048879398649837	-0.7420005686610829	230.0	25	1.05	0.95				
	224	1	0.0	0.0	0.0	0.0	2	1.0192385688443026	-1.0535861540254705	230.0	26	1.05	0.95				
	301	2	70.82695349052632	14.427712748070176	0.0	0.0	3	1.0119327208409994	-41.01542736063909	138.0	31	1.05	0.95				
	302	2	63.613097116491225	13.116102498245615	0.0	0.0	3	1.0108781688393869	-41.283637332990224	138.0	32	1.05	0.95				
	303	1	118.04492248421053	24.26478962175439	0.0	0.0	3	1.0181317527385934	-34.393357350933634	138.0	31	1.05	0.95				
	304	1	48.52957924350878	9.83707687368421	0.0	0.0	3	1.0072405909967677	-39.57645706689359	138.0	31	1.05	0.95				
	305	1	46.562163868771925	9.18127174877193	0.0	0.0	3	1.0220022660309989	-40.37669233744722	138.0	31	1.05	0.95				
	306	1	89.18949698807019	18.36254349754386	0.0	-100.0	3	1.034344380653702	-40.746907966318346	138.0	32	1.05	0.95				
	307	2	81.97564061403509	16.39512812280702	0.0	0.0	3	1.0055407201892916	-43.016266645792385	138.0	32	1.05	0.95				
	308	1	112.14267636	22.953179371929824	0.0	0.0	3	1.0008315295426458	-42.351539589366034	138.0	32	1.05	0.95				
	309	1	114.76589685964913	23.608984496842105	0.0	0.0	3	1.027138102665469	-35.502405509617034	138.0	33	1.05	0.95				
	310	1	127.88199935789473	26.23220499649123	0.0	0.0	3	1.05	-37.63418243302485	138.0	33	1.05	0.95				
	311	1	0.0	0.0	0.0	0.0	3	1.0210411747301564	-30.12392035128673	230.0	33	1.05	0.95				
	312	1	0.0	0.0	0.0	0.0	3	1.0181373099796038	-29.204635827031655	230.0	33	1.05	0.95				
	313	2	173.7883581017544	35.41347674526316	0.0	0.0	3	1.0317959111781563	-25.83872963980534	230.0	34	1.05	0.95				
	314	2	127.22619423298245	25.576399871578946	0.0	0.0	3	1.0343019024052489	-27.546847388619604	230.0	36	1.05	0.95				
	315	2	207.89022459719297	41.971527994385966	0.0	0.0	3	1.0485188638106486	-20.453195351155227	230.0	36	1.05	0.95				
	316	2	65.58051249122808	13.116102498245615	0.0	0.0	3	1.0492181432366314	-19.93194513424633	230.0	36	1.05	0.95				
	317	1	0.0	0.0	0.0	0.0	3	1.0497652439418357	-17.021507648227225	230.0	37	1.05	0.95				
	318	2	218.38310659578949	44.594748494035095	0.0	0.0	3	1.0499999892579137	-16.317080764348734	230.0	37	1.05	0.95				
	319	1	118.70072760912281	24.26478962175439	0.0	0.0	3	1.0452415029790025	-20.71089783354474	230.0	35	1.05	0.95				
	320	1	83.94305598877193	17.0509332477193	0.0	0.0	3	1.047218964778067	-20.163750374886686	230.0	35	1.05	0.95				
	321	2	0.0	0.0	0.0	0.0	3	1.05	-16.05317397763325	230.0	37	1.05	0.95				
	322	2	0.0	0.0	0.0	0.0	3	1.05	-10.656947571037293	230.0	37	1.05	0.95				
	323	2	0.0	0.0	0.0	0.0	3	1.05	-19.385552451803232	230.0	35	1.05	0.95				
	324	1	0.0	0.0	0.0	0.0	3	1.0192803968198991	-25.585641977081355	230.0	36	1.05	0.95				
	325	1	0.0	0.0	0.0	0.0	3	1.0366133822840058	-17.1596306886294	230.0	35	1.05	0.95				
];
