%% MATPOWER Case Format : Version 2
function mpc = RTS_GMLC
mpc.version = '2';

%%-----  Power Flow Data  -----%%
%% system MVA base
mpc.baseMVA = 100.0;
%% bus data
%    bus_i    type    Pd    Qd    Gs    Bs    area    Vm    Va    baseKV    zone    Vmax    Vmin
mpc.bus = [
	101	2	45.10242454736842	9.187530926315791	0.0	0.0	1	1.0177952462930164	-2.719798422328245	138.0	11	1.05	0.95				
	102	2	40.50865908421053	8.352300842105265	0.0	0.0	1	1.0168729987665797	-2.9552093554727494	138.0	12	1.05	0.95				
	103	1	75.17070757894737	15.451756557894738	0.0	0.0	1	1.0330774525014863	1.0942655645053179	138.0	11	1.05	0.95				
	104	1	30.903513115789476	6.264225631578947	0.0	0.0	1	1.018142120946987	-3.349555175405451	138.0	11	1.05	0.95				
	105	1	29.650667989473682	5.846610589473685	0.0	0.0	1	1.0287342065048535	-4.451148199121321	138.0	11	1.05	0.95				
	106	1	56.79564572631579	11.69322117894737	0.0	-100.0	1	1.0425940629665158	-5.895257199917186	138.0	12	1.05	0.95				
	107	2	52.201880263157896	10.44037605263158	0.0	0.0	1	1.0005872898408148	-10.652229287978436	138.0	12	1.05	0.95				
	108	1	71.4121722	14.61652647368421	0.0	0.0	1	1.0046592221949175	-9.101653877972527	138.0	12	1.05	0.95				
	109	1	73.08263236842106	15.034141515789473	0.0	0.0	1	1.0255718603439472	-3.0184957486283968	138.0	13	1.05	0.95				
	110	1	81.43493321052631	16.70460168421053	0.0	0.0	1	1.05	-4.847921940442143	138.0	13	1.05	0.95				
	111	1	0.0	0.0	0.0	0.0	1	1.0067520509806889	-0.6089359899179422	230.0	13	1.05	0.95				
	112	1	0.0	0.0	0.0	0.0	1	1.0095846263603276	-1.3571592488357593	230.0	13	1.05	0.95				
	113	3	110.66798615789475	22.55121227368421	0.0	0.0	1	0.9994758745033816	1.1935855440247621e-27	230.0	14	1.05	0.95				
	114	2	81.01731816842106	16.286986642105266	0.0	0.0	1	1.0096712079170074	2.294239837196698	230.0	16	1.05	0.95				
	115	2	132.38396834736844	26.727362694736843	0.0	0.0	1	1.0436790692532876	10.26638182481537	230.0	16	1.05	0.95				
	116	2	41.76150421052632	8.352300842105265	0.0	0.0	1	1.037542310013459	8.809245957093971	230.0	16	1.05	0.95				
	117	1	0.0	0.0	0.0	0.0	1	1.0430597336079157	13.586931338445945	230.0	17	1.05	0.95				
	118	2	139.06580902105264	28.397822863157895	0.0	0.0	1	1.0494667970174671	14.430781078245124	230.0	17	1.05	0.95				
	119	1	75.58832262105264	15.451756557894738	0.0	0.0	1	1.0261528889910356	5.629322449662647	230.0	15	1.05	0.95				
	120	1	53.45472538947369	10.857991094736844	0.0	0.0	1	1.0204197483915562	3.146937988876918	230.0	15	1.05	0.95				
	121	2	0.0	0.0	0.0	0.0	1	1.05	15.76124991243123	230.0	17	1.05	0.95				
	122	2	0.0	0.0	0.0	0.0	1	1.05	26.5242736308261	230.0	17	1.05	0.95				
	123	2	0.0	0.0	0.0	0.0	1	1.0181980544809743	2.097446646785927	230.0	15	1.05	0.95				
	124	1	0.0	0.0	0.0	0.0	1	1.0281553207173417	6.833062882648706	230.0	16	1.05	0.95				
	201	2	44.505587898947375	9.065953090526316	0.0	0.0	2	1.0153403011557807	-12.936773035023805	138.0	21	1.05	0.95				
	202	2	39.972611353684215	8.241775536842106	0.0	0.0	2	1.0145135714607028	-13.186065585608791	138.0	22	1.05	0.95				
	203	1	74.17597983157896	15.247284743157893	0.0	0.0	2	1.0146899797477238	-9.986665516865534	138.0	21	1.05	0.95				
	204	1	30.494569486315786	6.181331652631579	0.0	0.0	2	1.0128548661721763	-12.609945993424873	138.0	21	1.05	0.95				
	205	1	29.258303155789473	5.769242875789474	0.0	0.0	2	1.027632721777193	-12.961795939307311	138.0	21	1.05	0.95				
	206	1	56.044073650526315	11.538485751578948	0.0	-100.0	2	1.0425435207478673	-13.491122187581318	138.0	22	1.05	0.95				
	207	2	51.51109710526316	10.302219421052632	0.0	0.0	2	0.9978972752033549	-18.44989348206723	138.0	22	1.05	0.95				
	208	1	70.46718084	14.423107189473683	0.0	0.0	2	1.0024709770802032	-16.586688419993557	138.0	22	1.05	0.95				
	209	1	72.11553594736843	14.835195966315789	0.0	0.0	2	1.0234856027326689	-10.433741541284219	138.0	23	1.05	0.95				
	210	1	80.35731148421053	16.48355107368421	0.0	0.0	2	1.05	-11.661370327452737	138.0	23	1.05	0.95				
	211	1	0.0	0.0	0.0	0.0	2	1.0034173087329825	-8.29365208787848	230.0	23	1.05	0.95				
	212	1	0.0	0.0	0.0	0.0	2	1.0096494466154178	-4.307300484573721	230.0	23	1.05	0.95				
	213	2	109.20352586315789	22.252793949473688	0.0	0.0	2	0.9972622632757914	-6.5468427520173185	230.0	24	1.05	0.95				
	214	2	79.94522270736843	16.071462296842107	0.0	0.0	2	1.0008981594480864	-6.927016197536824	230.0	26	1.05	0.95				
	215	2	130.63214225894737	26.373681717894737	0.0	0.0	2	1.018857620850679	-1.4297014388249192	230.0	26	1.05	0.95				
	216	2	41.20887768421053	8.241775536842106	0.0	0.0	2	1.017136117929841	-2.451745471532762	230.0	26	1.05	0.95				
	217	1	0.0	0.0	0.0	0.0	2	1.0235115080322887	-0.5532447853304863	230.0	27	1.05	0.95				
	218	2	137.22556268842106	28.022036825263157	0.0	0.0	2	1.0232529730292577	-0.9232425372168853	230.0	27	1.05	0.95				
	219	1	74.58806860842105	15.247284743157893	0.0	0.0	2	1.0139925266529635	-3.2613758965478006	230.0	25	1.05	0.95				
	220	1	52.747363435789474	10.714308197894736	0.0	0.0	2	1.0140843486392972	-3.1424321130410475	230.0	25	1.05	0.95				
	221	2	0.0	0.0	0.0	0.0	2	1.025335754715606	-0.2913954496213641	230.0	27	1.05	0.95				
	222	2	0.0	0.0	0.0	0.0	2	1.0471631301759037	6.131553328554345	230.0	27	1.05	0.95				
	223	2	0.0	0.0	0.0	0.0	2	1.0146761041414298	-2.751780793139918	230.0	25	1.05	0.95				
	224	1	0.0	0.0	0.0	0.0	2	1.0066958621252193	-4.652915290530153	230.0	26	1.05	0.95				
	301	2	68.1619740631579	13.884846568421052	0.0	0.0	3	1.0018307712602068	0.712308279254479	138.0	31	1.05	0.95				
	302	2	61.21955077894737	12.622587789473686	0.0	0.0	3	1.0013015617674024	0.5778454708801629	138.0	32	1.05	0.95				
	303	1	113.60329010526317	23.351787410526317	0.0	0.0	3	1.0292712243899824	7.365325735665651	138.0	31	1.05	0.95				
	304	1	46.703574821052634	9.466940842105263	0.0	0.0	3	1.004291583237131	2.67683194175391	138.0	31	1.05	0.95				
	305	1	44.81018665263158	8.83581145263158	0.0	0.0	3	1.016764829520806	2.009725140783166	138.0	31	1.05	0.95				
	306	1	85.83359696842106	17.67162290526316	0.0	-100.0	3	1.032557563073806	2.0353544037118354	138.0	32	1.05	0.95				
	307	2	78.89117368421053	15.778234736842107	0.0	0.0	3	0.9940329384631876	-2.2601834790086373	138.0	32	1.05	0.95				
	308	1	107.92312560000002	22.089528631578947	0.0	0.0	3	1.0008184414167098	0.6203702047767913	138.0	32	1.05	0.95				
	309	1	110.44764315789475	22.720658021052632	0.0	0.0	3	1.029266581464882	6.9498967722405185	138.0	33	1.05	0.95				
	310	1	123.07023094736842	25.24517557894737	0.0	0.0	3	1.05	5.329004698728858	138.0	33	1.05	0.95				
	311	1	0.0	0.0	0.0	0.0	3	1.0158013086556283	11.384668736513536	230.0	33	1.05	0.95				
	312	1	0.0	0.0	0.0	0.0	3	1.0202841633214328	12.658468655326837	230.0	33	1.05	0.95				
	313	2	167.24928821052632	34.08098703157895	0.0	0.0	3	1.0311918893134369	17.88011409470101	230.0	34	1.05	0.95				
	314	2	122.43910155789474	24.614046189473687	0.0	0.0	3	1.0169320590127022	10.907675015820569	230.0	36	1.05	0.95				
	315	2	200.0680164631579	40.39228092631579	0.0	0.0	3	1.0350652999996999	7.595116618187958	230.0	36	1.05	0.95				
	316	2	63.11293894736843	12.622587789473686	0.0	0.0	3	1.034670751069291	8.694461987367209	230.0	36	1.05	0.95				
	317	1	0.0	0.0	0.0	0.0	3	1.0414694415656318	9.097671190254372	230.0	37	1.05	0.95				
	318	2	210.16608669473683	42.91679848421053	0.0	0.0	3	1.0381098763858445	7.0589482385154225	230.0	37	1.05	0.95				
	319	1	114.23441949473685	23.351787410526317	0.0	0.0	3	1.032718015749114	11.031894107052707	230.0	35	1.05	0.95				
	320	1	80.78456185263158	16.40936412631579	0.0	0.0	3	1.0338607407461156	12.81880554641776	230.0	35	1.05	0.95				
	321	2	0.0	0.0	0.0	0.0	3	1.03880503225957	7.844335620876507	230.0	37	1.05	0.95				
	322	2	0.0	0.0	0.0	0.0	3	1.0499999938267168	12.653697956781372	230.0	37	1.05	0.95				
	323	2	0.0	0.0	0.0	0.0	3	1.0345888453392071	13.502507266810092	230.0	35	1.05	0.95				
	324	1	0.0	0.0	0.0	0.0	3	1.0311801288254834	9.34907484655296	230.0	36	1.05	0.95				
	325	1	0.0	0.0	0.0	0.0	3	1.036293234216688	13.70164410050205	230.0	35	1.05	0.95				
];
