%% MATPOWER Case Format : Version 2
function mpc = RTS_GMLC
mpc.version = '2';

%%-----  Power Flow Data  -----%%
%% system MVA base
mpc.baseMVA = 100.0;
%% bus data
%    bus_i    type    Pd    Qd    Gs    Bs    area    Vm    Va    baseKV    zone    Vmax    Vmin
mpc.bus = [
	101	2	42.83127162947368	8.724888665263157	0.0	0.0	1	1.0472947537075892	4.520653217891576	138.0	11	1.05	0.95				
	102	2	38.4688272968421	7.9317169684210524	0.0	0.0	1	1.0450572574627874	3.943817420965627	138.0	12	1.05	0.95				
	103	1	71.38545271578947	14.673676391578946	0.0	0.0	1	1.0318973515243066	1.5679720327412292	138.0	11	1.05	0.95				
	104	1	29.34735278315789	5.948787726315788	0.0	0.0	1	1.0295467336629145	0.8113264577620067	138.0	11	1.05	0.95				
	105	1	28.157595237894732	5.5522018778947375	0.0	0.0	1	1.0426512428062122	0.6875759569176064	138.0	11	1.05	0.95				
	106	1	53.93567538526316	11.104403755789475	0.0	-100.0	1	1.0487593976063323	-1.9911172416696639	138.0	12	1.05	0.95				
	107	2	49.57323105263157	9.914646210526316	0.0	0.0	1	1.0014492928154637	-6.561573151999655	138.0	12	1.05	0.95				
	108	1	67.81618007999998	13.880504694736839	0.0	0.0	1	1.006316480178243	-5.719778140535059	138.0	12	1.05	0.95				
	109	1	69.40252347368421	14.277090543157895	0.0	0.0	1	1.0241618445681597	-1.2709654102587618	138.0	13	1.05	0.95				
	110	1	77.33424044210525	15.863433936842105	0.0	0.0	1	1.05	-2.0100167717781465	138.0	13	1.05	0.95				
	111	1	0.0	0.0	0.0	0.0	1	1.0007684307880715	-0.2735780134340167	230.0	13	1.05	0.95				
	112	1	0.0	0.0	0.0	0.0	1	1.0052044370508006	-0.37202084743853936	230.0	13	1.05	0.95				
	113	3	105.09524983157894	21.41563581473684	0.0	0.0	1	0.9899289367615314	-1.6746202711748834e-29	230.0	14	1.05	0.95				
	114	2	76.9376545936842	15.46684808842105	0.0	0.0	1	0.9955325466138412	0.9952330770380488	230.0	16	1.05	0.95				
	115	2	125.71771394947366	25.381494298947366	0.0	0.0	1	1.0308067717727274	5.985899588274457	230.0	16	1.05	0.95				
	116	2	39.65858484210526	7.9317169684210524	0.0	0.0	1	1.0255357134306664	5.115932933307147	230.0	16	1.05	0.95				
	117	1	0.0	0.0	0.0	0.0	1	1.0348639074442474	8.076612105174021	230.0	17	1.05	0.95				
	118	2	132.06308752421052	26.96783769263158	0.0	0.0	1	1.0385638999538689	8.517463015417338	230.0	17	1.05	0.95				
	119	1	71.78203856421052	14.673676391578946	0.0	0.0	1	1.0157132247477467	3.3838564266988134	230.0	15	1.05	0.95				
	120	1	50.76298859789473	10.311232058947368	0.0	0.0	1	1.0096976041374701	2.3459871882623595	230.0	15	1.05	0.95				
	121	2	0.0	0.0	0.0	0.0	1	1.0418810875011872	9.676830491275188	230.0	17	1.05	0.95				
	122	2	0.0	0.0	0.0	0.0	1	1.05	16.60393760898956	230.0	17	1.05	0.95				
	123	2	0.0	0.0	0.0	0.0	1	1.0068178245689126	2.0885075226637264	230.0	15	1.05	0.95				
	124	1	0.0	0.0	0.0	0.0	1	1.0243956683576063	4.316216298205167	230.0	16	1.05	0.95				
	201	2	39.79663150736843	8.106721232982457	0.0	0.0	2	1.0149383150761926	-6.134315989099823	138.0	21	1.05	0.95				
	202	2	35.74327089087719	7.369746575438597	0.0	0.0	2	1.0141084321993208	-6.355040253118231	138.0	22	1.05	0.95				
	203	1	66.32771917894738	13.634031164561405	0.0	0.0	2	1.014874224932559	-4.329073563002612	138.0	21	1.05	0.95				
	204	1	27.26806232912281	5.527309931578948	0.0	0.0	2	1.013632038460791	-5.898430734068045	138.0	21	1.05	0.95				
	205	1	26.162600342807018	5.158822602807018	0.0	0.0	2	1.0280493856730548	-6.134910016134876	138.0	21	1.05	0.95				
	206	1	50.114276712982466	10.317645205614037	0.0	-100.0	2	1.043696943015201	-6.61131641257389	138.0	22	1.05	0.95				
	207	2	46.06091609649123	9.212183219298247	0.0	0.0	2	0.9981357026753994	-11.006578943239317	138.0	22	1.05	0.95				
	208	1	63.01133322	12.897056507017544	0.0	0.0	2	1.0043670953782056	-9.377200971454634	138.0	22	1.05	0.95				
	209	1	64.48528253508773	13.265543835789476	0.0	0.0	2	1.0234973374253562	-3.996364002476272	138.0	23	1.05	0.95				
	210	1	71.85502911052633	14.739493150877195	0.0	0.0	2	1.05	-4.947808551403985	138.0	23	1.05	0.95				
	211	1	0.0	0.0	0.0	0.0	2	1.0007057341842438	-1.9032987347825185	230.0	23	1.05	0.95				
	212	1	0.0	0.0	0.0	0.0	2	1.0079000616755922	1.7438479446558268	230.0	23	1.05	0.95				
	213	2	97.64914212456141	19.898315753684216	0.0	0.0	2	0.9935661241265764	-0.08795463669978029	230.0	24	1.05	0.95				
	214	2	71.48654178175438	14.371005822105264	0.0	0.0	2	0.9957901399329804	-0.7592020228209688	230.0	26	1.05	0.95				
	215	2	116.81048322070176	23.58318904140351	0.0	0.0	2	1.0149743854609015	3.338220803231073	230.0	26	1.05	0.95				
	216	2	36.84873287719299	7.369746575438597	0.0	0.0	2	1.013915222978036	3.109615490949306	230.0	26	1.05	0.95				
	217	1	0.0	0.0	0.0	0.0	2	1.0190570603237927	3.841191729910489	230.0	27	1.05	0.95				
	218	2	122.70628048105266	25.057138356491233	0.0	0.0	2	1.0189060596495305	3.6461121606844693	230.0	27	1.05	0.95				
	219	1	66.6962065077193	13.634031164561405	0.0	0.0	2	1.0124183616503288	2.919208502780514	230.0	25	1.05	0.95				
	220	1	47.16637808280702	9.580670548070175	0.0	0.0	2	1.01335288153985	3.494587572454193	230.0	25	1.05	0.95				
	221	2	0.0	0.0	0.0	0.0	2	1.0211190262130112	4.341850495085469	230.0	27	1.05	0.95				
	222	2	0.0	0.0	0.0	0.0	2	1.0428670051301836	10.726033200932864	230.0	27	1.05	0.95				
	223	2	0.0	0.0	0.0	0.0	2	1.0143156349085936	4.102835293097576	230.0	25	1.05	0.95				
	224	1	0.0	0.0	0.0	0.0	2	1.0053082002335394	0.43818043533978607	230.0	26	1.05	0.95				
	301	2	57.621638728421054	11.73774122245614	0.0	0.0	3	1.0079298517629307	-13.241319580751355	138.0	31	1.05	0.95				
	302	2	51.752768117192986	10.670673838596493	0.0	0.0	3	1.0075773492145008	-13.343249134293886	138.0	32	1.05	0.95				
	303	1	96.03606454736843	19.740746601403508	0.0	0.0	3	1.0165450798367177	-8.255160102522193	138.0	31	1.05	0.95				
	304	1	39.481493202807016	8.003005378947368	0.0	0.0	3	1.00669788514506	-11.709089114240916	138.0	31	1.05	0.95				
	305	1	37.880892127017546	7.4694716870175455	0.0	0.0	3	1.0213777212586777	-11.89759173257768	138.0	31	1.05	0.95				
	306	1	72.56058210245615	14.938943374035091	0.0	-100.0	3	1.0370590138180422	-11.759350898781753	138.0	32	1.05	0.95				
	307	2	66.69171149122808	13.338342298245614	0.0	0.0	3	0.99446287673451	-18.286361263330782	138.0	32	1.05	0.95				
	308	1	91.23426132	18.67367921754386	0.0	0.0	3	0.9954734665167279	-15.769785462780783	138.0	32	1.05	0.95				
	309	1	93.36839608771929	19.207212909473682	0.0	0.0	3	1.0238603694067683	-8.180656665753446	138.0	33	1.05	0.95				
	310	1	104.03906992631579	21.341347677192985	0.0	0.0	3	1.05	-8.842592610727685	138.0	33	1.05	0.95				
	311	1	0.0	0.0	0.0	0.0	3	1.0101797316093775	-2.730415577621617	230.0	33	1.05	0.95				
	312	1	0.0	0.0	0.0	0.0	3	1.0129135197254793	-2.1668484565843005	230.0	33	1.05	0.95				
	313	2	141.38642836140352	28.810819364210527	0.0	0.0	3	1.018316396407624	1.6469043210005985	230.0	34	1.05	0.95				
	314	2	103.50553623438597	20.80781398526316	0.0	0.0	3	1.0135180745758132	-0.7571516507279697	230.0	36	1.05	0.95				
	315	2	169.1301803417544	34.14615628350877	0.0	0.0	3	1.0242425042246848	-1.033040798883417	230.0	36	1.05	0.95				
	316	2	53.353369192982456	10.670673838596493	0.0	0.0	3	1.0243788779263148	0.03418438704202128	230.0	36	1.05	0.95				
	317	1	0.0	0.0	0.0	0.0	3	1.0269207450033477	0.4300686690555062	230.0	37	1.05	0.95				
	318	2	177.66671941263158	36.280291051228076	0.0	0.0	3	1.0243023011552208	-0.10494322547436101	230.0	37	1.05	0.95				
	319	1	96.56959823929824	19.740746601403508	0.0	0.0	3	1.0243903299883441	1.1945356712474744	230.0	35	1.05	0.95				
	320	1	68.29231256701755	13.87187599017544	0.0	0.0	3	1.0249799344693664	1.6577746366069106	230.0	35	1.05	0.95				
	321	2	0.0	0.0	0.0	0.0	3	1.0264320103787565	0.13729214946095109	230.0	37	1.05	0.95				
	322	2	0.0	0.0	0.0	0.0	3	1.0399263573604798	4.64373537231858	230.0	37	1.05	0.95				
	323	2	0.0	0.0	0.0	0.0	3	1.0255259103916055	1.9546777634710457	230.0	35	1.05	0.95				
	324	1	0.0	0.0	0.0	0.0	3	1.0145683140667818	-1.8802593975571464	230.0	36	1.05	0.95				
	325	1	0.0	0.0	0.0	0.0	3	1.0257026751766327	2.6139886367732426	230.0	35	1.05	0.95				
];
