%% MATPOWER Case Format : Version 2
function mpc = RTS_GMLC
mpc.version = '2';

%%-----  Power Flow Data  -----%%
%% system MVA base
mpc.baseMVA = 100.0;
%% bus data
%    bus_i    type    Pd    Qd    Gs    Bs    area    Vm    Va    baseKV    zone    Vmax    Vmin
mpc.bus = [
	101	2	35.26966848126316	7.184562098035088	0.0	0.0	1	0.9910127118250439	-5.6927686147834695	138.0	11	1.05	0.95				
	102	2	31.677387432245613	6.531420089122807	0.0	0.0	1	0.9908346691292306	-5.847003178114729	138.0	12	1.05	0.95				
	103	1	58.782780802105265	12.083127164877192	0.0	0.0	1	1.0227181450332368	0.2543926909076632	138.0	11	1.05	0.95				
	104	1	24.166254329754384	4.898565066842106	0.0	0.0	1	1.004909887896096	-5.121420572038733	138.0	11	1.05	0.95				
	105	1	23.186541316385963	4.571994062385965	0.0	0.0	1	1.0164342336490437	-5.858369872585165	138.0	11	1.05	0.95				
	106	1	44.41365660603509	9.14398812477193	0.0	-100.0	1	1.0391789776700993	-6.379086526658451	138.0	12	1.05	0.95				
	107	2	40.82137555701754	8.164275111403509	0.0	0.0	1	0.9888691008712406	-9.789813624938708	138.0	12	1.05	0.95				
	108	1	55.843641762	11.42998515596491	0.0	0.0	1	1.000961483926244	-8.374424258831857	138.0	12	1.05	0.95				
	109	1	57.149925779824564	11.756556160421052	0.0	0.0	1	1.0254121728718664	-3.1758963795494677	138.0	13	1.05	0.95				
	110	1	63.68134586894737	13.062840178245613	0.0	0.0	1	1.05	-4.954740626763813	138.0	13	1.05	0.95				
	111	1	0.0	0.0	0.0	0.0	1	1.014751746542404	-0.2237917454976654	230.0	13	1.05	0.95				
	112	1	0.0	0.0	0.0	0.0	1	1.0114423428618726	-1.283492278433604	230.0	13	1.05	0.95				
	113	3	86.54131618087719	17.63483424063158	0.0	0.0	1	0.9960551752147359	8.755977257912407e-28	230.0	14	1.05	0.95				
	114	2	63.354774864491226	12.736269173789475	0.0	0.0	1	1.0378492168852873	3.3900121415678286	230.0	16	1.05	0.95				
	115	2	103.5230084125965	20.900544285192982	0.0	0.0	1	1.0393372956106115	12.176211195276656	230.0	16	1.05	0.95				
	116	2	32.657100445614034	6.531420089122807	0.0	0.0	1	1.039577464347124	10.58613400509903	230.0	16	1.05	0.95				
	117	1	0.0	0.0	0.0	0.0	1	1.038325007556167	16.273066696490265	230.0	17	1.05	0.95				
	118	2	108.74814448389473	22.206828303017545	0.0	0.0	1	1.045978343385019	16.73603791304464	230.0	17	1.05	0.95				
	119	1	59.109351806561406	12.083127164877192	0.0	0.0	1	1.034815030837962	6.7099630935478585	230.0	15	1.05	0.95				
	120	1	41.801088570385964	8.490846115859648	0.0	0.0	1	1.0357996371600526	3.9615236687958504	230.0	15	1.05	0.95				
	121	2	0.0	0.0	0.0	0.0	1	1.0378681939492451	18.028567854102313	230.0	17	1.05	0.95				
	122	2	0.0	0.0	0.0	0.0	1	1.05	36.03285023377219	230.0	17	1.05	0.95				
	123	2	0.0	0.0	0.0	0.0	1	1.0369806954866732	2.7002240721324373	230.0	15	1.05	0.95				
	124	1	0.0	0.0	0.0	0.0	1	1.0182061955798611	7.734562734943247	230.0	16	1.05	0.95				
	201	2	38.6746419031579	7.878167795087719	0.0	0.0	2	1.006354245239547	-13.720928229721805	138.0	21	1.05	0.95				
	202	2	34.73555800561403	7.161970722807018	0.0	0.0	2	1.0051162344814677	-13.995129481680982	138.0	22	1.05	0.95				
	203	1	64.45773650526316	13.249645837192983	0.0	0.0	2	1.0133056245576644	-10.284281498075948	138.0	21	1.05	0.95				
	204	1	26.499291674385965	5.371478042105263	0.0	0.0	2	1.0096346016784317	-13.802815469040578	138.0	21	1.05	0.95				
	205	1	25.424996065964912	5.013379505964913	0.0	0.0	2	1.0238649007296665	-14.183422258005969	138.0	21	1.05	0.95				
	206	1	48.701400915087724	10.026759011929826	0.0	-100.0	2	1.041753487991695	-14.911662664466137	138.0	22	1.05	0.95				
	207	2	44.76231701754386	8.952463403508771	0.0	0.0	2	0.9896489225776237	-19.076236429161483	138.0	22	1.05	0.95				
	208	1	61.23484967999999	12.533448764912281	0.0	0.0	2	0.9997785860040007	-17.53290623826011	138.0	22	1.05	0.95				
	209	1	62.6672438245614	12.891547301052631	0.0	0.0	2	1.0231274864418205	-12.152348866080713	138.0	23	1.05	0.95				
	210	1	69.82921454736841	14.323941445614036	0.0	0.0	2	1.05	-13.483778821561014	138.0	23	1.05	0.95				
	211	1	0.0	0.0	0.0	0.0	2	1.0047363298293237	-9.504593670354582	230.0	23	1.05	0.95				
	212	1	0.0	0.0	0.0	0.0	2	1.0131065552109157	-8.73570258360903	230.0	23	1.05	0.95				
	213	2	94.89611207719297	19.33732095157895	0.0	0.0	2	1.003160372656761	-8.153617683482045	230.0	24	1.05	0.95				
	214	2	69.47111601122806	13.965842909473682	0.0	0.0	2	1.0014828787513639	-7.245543965345289	230.0	26	1.05	0.95				
	215	2	113.51723595649122	22.918306312982455	0.0	0.0	2	1.02451757307586	-1.428324185153229	230.0	26	1.05	0.95				
	216	2	35.809853614035084	7.161970722807018	0.0	0.0	2	1.0278238431479672	-1.987232775227916	230.0	26	1.05	0.95				
	217	1	0.0	0.0	0.0	0.0	2	1.0332154058368912	-0.0957674620621019	230.0	27	1.05	0.95				
	218	2	119.24681253473683	24.350700457543862	0.0	0.0	2	1.0315880861585573	-0.4763027942725515	230.0	27	1.05	0.95				
	219	1	64.81583504140352	13.249645837192983	0.0	0.0	2	1.0358196526276742	-1.9620904646874437	230.0	25	1.05	0.95				
	220	1	45.83661262596491	9.310561939649123	0.0	0.0	2	1.044740991395463	-1.2544693032062078	230.0	25	1.05	0.95				
	221	2	0.0	0.0	0.0	0.0	2	1.0321797868875389	0.002433005217124632	230.0	27	1.05	0.95				
	222	2	0.0	0.0	0.0	0.0	2	1.0499999982005173	6.458994508345333	230.0	27	1.05	0.95				
	223	2	0.0	0.0	0.0	0.0	2	1.05	-0.6059303059812052	230.0	25	1.05	0.95				
	224	1	0.0	0.0	0.0	0.0	2	1.0093291387015197	-4.739789037822159	230.0	26	1.05	0.95				
	301	2	38.16387219789474	7.774122114385965	0.0	0.0	3	1.015952328638523	21.333798674498105	138.0	31	1.05	0.95				
	302	2	34.27681114070175	7.067383740350877	0.0	0.0	3	1.0149872391061523	20.982082080931896	138.0	32	1.05	0.95				
	303	1	63.60645366315789	13.07465991964912	0.0	0.0	3	1.05	35.73926031666318	138.0	31	1.05	0.95				
	304	1	26.14931983929824	5.300537805263157	0.0	0.0	3	1.0106855784383026	22.104230599442392	138.0	31	1.05	0.95				
	305	1	25.08921227824561	4.947168618245614	0.0	0.0	3	1.026173542137783	19.44728768973011	138.0	31	1.05	0.95				
	306	1	48.058209434385965	9.894337236491229	0.0	-100.0	3	1.0400731122360878	17.9377385120069	138.0	32	1.05	0.95				
	307	2	44.17114837719298	8.834229675438596	0.0	0.0	3	0.95	15.617364085743088	138.0	32	1.05	0.95				
	308	1	60.42613097999999	12.367921545614033	0.0	0.0	3	0.9741703520437021	17.032122580773382	138.0	32	1.05	0.95				
	309	1	61.83960772807017	12.721290732631577	0.0	0.0	3	1.0173934152530966	24.504775017890786	138.0	33	1.05	0.95				
	310	1	68.90699146842104	14.134767480701754	0.0	0.0	3	1.045083669530528	18.69551076032908	138.0	33	1.05	0.95				
	311	1	0.0	0.0	0.0	0.0	3	1.0054466690772936	21.445308794597956	230.0	33	1.05	0.95				
	312	1	0.0	0.0	0.0	0.0	3	1.0109619407578583	21.18371867884159	230.0	33	1.05	0.95				
	313	2	93.64283455964912	19.08193609894737	0.0	0.0	3	1.0042845119142576	20.83956024467982	230.0	34	1.05	0.95				
	314	2	68.5536222814035	13.78139829368421	0.0	0.0	3	1.0004032173570498	21.91972590300949	230.0	36	1.05	0.95				
	315	2	112.0180322845614	22.615627969122805	0.0	0.0	3	1.047711062879911	25.2833458475279	230.0	36	1.05	0.95				
	316	2	35.336918701754385	7.067383740350877	0.0	0.0	3	1.030194370688767	24.650276323732086	230.0	36	1.05	0.95				
	317	1	0.0	0.0	0.0	0.0	3	1.05	28.857216891914593	230.0	37	1.05	0.95				
	318	2	117.6719392768421	24.029104717192983	0.0	0.0	3	1.048845198068087	25.245564801216048	230.0	37	1.05	0.95				
	319	1	63.95982285017543	13.07465991964912	0.0	0.0	3	1.0223483071323833	22.576618840823997	230.0	35	1.05	0.95				
	320	1	45.23125593824561	9.18759886245614	0.0	0.0	3	1.018409192926673	21.45370954222063	230.0	35	1.05	0.95				
	321	2	0.0	0.0	0.0	0.0	3	1.05	25.92797502281696	230.0	37	1.05	0.95				
	322	2	0.0	0.0	0.0	0.0	3	1.0499999612554232	31.425716460120196	230.0	37	1.05	0.95				
	323	2	0.0	0.0	0.0	0.0	3	1.0164560328035985	21.111863478287027	230.0	35	1.05	0.95				
	324	1	0.0	0.0	0.0	0.0	3	1.045308473233884	29.280072980702705	230.0	36	1.05	0.95				
	325	1	0.0	0.0	0.0	0.0	3	1.0195180395517633	20.858770974967268	230.0	35	1.05	0.95				
];
