%% MATPOWER Case Format : Version 2
function mpc = RTS_GMLC
mpc.version = '2';

%%-----  Power Flow Data  -----%%
%% system MVA base
mpc.baseMVA = 100.0;
%% bus data
%    bus_i    type    Pd    Qd    Gs    Bs    area    Vm    Va    baseKV    zone    Vmax    Vmin
mpc.bus = [
	101	2	59.02325583157896	12.02325581754386	0.0	0.0	1	1.0498149790854363	1.9903111536130864	138.0	11	1.05	0.95				
	102	2	53.01162792280702	10.93023256140351	0.0	0.0	1	1.048698292003251	1.6540178279607043	138.0	12	1.05	0.95				
	103	1	98.3720930526316	20.220930238596495	0.0	0.0	1	1.0291396825811228	-0.7834182387466317	138.0	11	1.05	0.95				
	104	1	40.44186047719299	8.197674421052632	0.0	0.0	1	1.0282260850723959	-1.9131625478195187	138.0	11	1.05	0.95				
	105	1	38.802325592982456	7.651162792982458	0.0	0.0	1	1.041827041974218	-2.0923905749444907	138.0	11	1.05	0.95				
	106	1	74.32558141754387	15.302325585964915	0.0	-100.0	1	1.0451717014129518	-4.970084181476252	138.0	12	1.05	0.95				
	107	2	68.31395350877195	13.662790701754387	0.0	0.0	1	0.9996101907714444	-11.848306487172312	138.0	12	1.05	0.95				
	108	1	93.45348840000001	19.127906982456143	0.0	0.0	1	0.999540157772248	-10.27581867108796	138.0	12	1.05	0.95				
	109	1	95.63953491228071	19.674418610526317	0.0	0.0	1	1.024785420034224	-3.6361075065356605	138.0	13	1.05	0.95				
	110	1	106.56976747368422	21.86046512280702	0.0	0.0	1	1.05	-4.590532519877243	138.0	13	1.05	0.95				
	111	1	0.0	0.0	0.0	0.0	1	1.006684788799124	-1.441870195297617	230.0	13	1.05	0.95				
	112	1	0.0	0.0	0.0	0.0	1	1.0105344265468588	-1.2338141844283834	230.0	13	1.05	0.95				
	113	3	144.8255814385965	29.51162791578948	0.0	0.0	1	1.002592412950553	-2.9393016098915412e-31	230.0	14	1.05	0.95				
	114	2	106.02325584561405	21.313953494736847	0.0	0.0	1	1.004671182691967	0.0785424441992511	230.0	16	1.05	0.95				
	115	2	173.24418609824562	34.97674419649123	0.0	0.0	1	1.0353948432252087	6.102336077843385	230.0	16	1.05	0.95				
	116	2	54.65116280701755	10.93023256140351	0.0	0.0	1	1.032024360842081	5.514843019847605	230.0	16	1.05	0.95				
	117	1	0.0	0.0	0.0	0.0	1	1.0386518469739938	8.407503220441269	230.0	17	1.05	0.95				
	118	2	181.98837214736844	37.16279070877194	0.0	0.0	1	1.04110914650573	8.926521392824428	230.0	17	1.05	0.95				
	119	1	98.91860468070178	20.220930238596495	0.0	0.0	1	1.0237981440913038	3.7771461570001117	230.0	15	1.05	0.95				
	120	1	69.95348839298246	14.209302329824563	0.0	0.0	1	1.0208995768228457	3.074456132492361	230.0	15	1.05	0.95				
	121	2	0.0	0.0	0.0	0.0	1	1.0439183154445197	10.456850575787833	230.0	17	1.05	0.95				
	122	2	0.0	0.0	0.0	0.0	1	1.05	16.15830718160433	230.0	17	1.05	0.95				
	123	2	0.0	0.0	0.0	0.0	1	1.020378658612003	3.1097268937694196	230.0	15	1.05	0.95				
	124	1	0.0	0.0	0.0	0.0	1	1.024005373619553	3.5173085471138963	230.0	16	1.05	0.95				
	201	2	54.51849519157895	11.105619390877193	0.0	0.0	2	1.018651197646733	-11.604156242322997	138.0	21	1.05	0.95				
	202	2	48.965685496140345	10.096017628070175	0.0	0.0	2	1.0185492264011553	-11.666157726979376	138.0	22	1.05	0.95				
	203	1	90.86415865263157	18.677632611929823	0.0	0.0	2	1.0143832705503604	-9.48367539991971	138.0	21	1.05	0.95				
	204	1	37.35526522385965	7.572013221052631	0.0	0.0	2	1.0133907023867106	-11.591196332350549	138.0	21	1.05	0.95				
	205	1	35.84086257964912	7.0672123396491235	0.0	0.0	2	1.0280531758111517	-11.940158140220888	138.0	21	1.05	0.95				
	206	1	68.6529198708772	14.134424679298247	0.0	-100.0	2	1.0408268870089519	-12.66269828363557	138.0	22	1.05	0.95				
	207	2	63.100110175438594	12.620022035087718	0.0	0.0	2	0.9950859896036193	-19.297038921607562	138.0	22	1.05	0.95				
	208	1	86.32095072	17.668030849122808	0.0	0.0	2	0.9970779397974637	-16.937974639505	138.0	22	1.05	0.95				
	209	1	88.34015424561403	18.172831730526315	0.0	0.0	2	1.0243380967914741	-9.45080318002796	138.0	23	1.05	0.95				
	210	1	98.4361718736842	20.19203525614035	0.0	0.0	2	1.05	-10.660865110198158	138.0	23	1.05	0.95				
	211	1	0.0	0.0	0.0	0.0	2	1.0089832101277922	-6.40618820619519	230.0	23	1.05	0.95				
	212	1	0.0	0.0	0.0	0.0	2	1.012881212311709	-2.478978323606033	230.0	23	1.05	0.95				
	213	2	133.77223357192983	27.259247595789475	0.0	0.0	2	1.0082279980337334	-3.9610021620069404	230.0	24	1.05	0.95				
	214	2	97.93137099228069	19.687234374736843	0.0	0.0	2	1.0098515565495745	-4.810189269593608	230.0	26	1.05	0.95				
	215	2	160.02187940491228	32.30725640982456	0.0	0.0	2	1.0252800136589868	0.5758429800985625	230.0	26	1.05	0.95				
	216	2	50.48008814035087	10.096017628070175	0.0	0.0	2	1.0254510058388768	0.5672245843600604	230.0	26	1.05	0.95				
	217	1	0.0	0.0	0.0	0.0	2	1.0293568272708065	1.6245616253954855	230.0	27	1.05	0.95				
	218	2	168.0986935073684	34.3264599354386	0.0	0.0	2	1.0283004467317196	1.0493436170450627	230.0	27	1.05	0.95				
	219	1	91.36895953403508	18.677632611929823	0.0	0.0	2	1.0247461747915512	1.1763342039798494	230.0	25	1.05	0.95				
	220	1	64.61451281964912	13.124822916491228	0.0	0.0	2	1.0281623699855076	2.68792337283416	230.0	25	1.05	0.95				
	221	2	0.0	0.0	0.0	0.0	2	1.0305547979277223	1.6954122572435895	230.0	27	1.05	0.95				
	222	2	0.0	0.0	0.0	0.0	2	1.05	8.16014745680198	230.0	27	1.05	0.95				
	223	2	0.0	0.0	0.0	0.0	2	1.031524631371508	3.8980846709544608	230.0	25	1.05	0.95				
	224	1	0.0	0.0	0.0	0.0	2	1.0088223641949197	-3.1895255942892957	230.0	26	1.05	0.95				
	301	2	52.36001264842105	10.66592850245614	0.0	0.0	3	1.0012938548804657	0.3907525953970543	138.0	31	1.05	0.95				
	302	2	47.027048397192985	9.696298638596492	0.0	0.0	3	1.0010487819328169	0.3242483341306407	138.0	32	1.05	0.95				
	303	1	87.26668774736842	17.938152481403506	0.0	0.0	3	1.0185598385191015	4.011282745230316	138.0	31	1.05	0.95				
	304	1	35.87630496280701	7.272223978947368	0.0	0.0	3	1.0058193423852682	1.8664419439974085	138.0	31	1.05	0.95				
	305	1	34.42186016701754	6.787409047017544	0.0	0.0	3	1.0187617017398791	1.6849165734717604	138.0	31	1.05	0.95				
	306	1	65.93483074245614	13.574818094035088	0.0	-100.0	3	1.0369321618277965	1.8378990929977495	138.0	32	1.05	0.95				
	307	2	60.60186649122807	12.120373298245614	0.0	0.0	3	0.9937607163070785	-2.1579431187218137	138.0	32	1.05	0.95				
	308	1	82.90335336	16.968522617543858	0.0	0.0	3	1.002160884460424	0.0003416555928431842	138.0	32	1.05	0.95				
	309	1	84.8426130877193	17.453337549473684	0.0	0.0	3	1.0255691504304596	5.11110980214249	138.0	33	1.05	0.95				
	310	1	94.53891172631579	19.392597277192984	0.0	0.0	3	1.05	4.5309755721445955	138.0	33	1.05	0.95				
	311	1	0.0	0.0	0.0	0.0	3	1.0081735568747467	9.637547128901597	230.0	33	1.05	0.95				
	312	1	0.0	0.0	0.0	0.0	3	1.0136527482062359	10.489755175035029	230.0	33	1.05	0.95				
	313	2	128.4759569614035	26.180006324210524	0.0	0.0	3	1.0192800089831129	15.684563456593137	230.0	34	1.05	0.95				
	314	2	94.05409679438597	18.907782345263158	0.0	0.0	3	1.0048238647538048	9.204095589050688	230.0	36	1.05	0.95				
	315	2	153.68633342175437	31.02815564350877	0.0	0.0	3	1.0207337838699828	5.976810512376172	230.0	36	1.05	0.95				
	316	2	48.481493192982455	9.696298638596492	0.0	0.0	3	1.0203293541210388	6.747291829652633	230.0	36	1.05	0.95				
	317	1	0.0	0.0	0.0	0.0	3	1.0256621328650877	6.701354429361372	230.0	37	1.05	0.95				
	318	2	161.44337233263158	32.96741537122807	0.0	0.0	3	1.024314832374663	5.854741156713345	230.0	37	1.05	0.95				
	319	1	87.75150267929824	17.938152481403506	0.0	0.0	3	1.020476325799323	8.794866670956655	230.0	35	1.05	0.95				
	320	1	62.05631128701754	12.605188230175438	0.0	0.0	3	1.0215574451390297	10.100455745575976	230.0	35	1.05	0.95				
	321	2	0.0	0.0	0.0	0.0	3	1.0251190946258553	6.459962362006891	230.0	37	1.05	0.95				
	322	2	0.0	0.0	0.0	0.0	3	1.0387848328194962	10.95554549552501	230.0	37	1.05	0.95				
	323	2	0.0	0.0	0.0	0.0	3	1.0220729094341559	10.68312291019345	230.0	35	1.05	0.95				
	324	1	0.0	0.0	0.0	0.0	3	1.01726899457538	7.030032123556283	230.0	36	1.05	0.95				
	325	1	0.0	0.0	0.0	0.0	3	1.0248003658942773	10.674883566072861	230.0	35	1.05	0.95				
];
