%% MATPOWER Case Format : Version 2
function mpc = RTS_GMLC
mpc.version = '2';

%%-----  Power Flow Data  -----%%
%% system MVA base
mpc.baseMVA = 100.0;
%% bus data
%    bus_i    type    Pd    Qd    Gs    Bs    area    Vm    Va    baseKV    zone    Vmax    Vmin
mpc.bus = [
	101	2	42.24344384842106	8.605145969122809	0.0	0.0	1	1.0318816630386802	3.1666450141565643	138.0	11	1.05	0.95				
	102	2	37.94087086385965	7.822859971929826	0.0	0.0	1	1.0309538052090172	2.8954098405084667	138.0	12	1.05	0.95				
	103	1	70.40573974736843	14.472290948070176	0.0	0.0	1	1.0307008876876607	1.956565415047836	138.0	11	1.05	0.95				
	104	1	28.944581896140352	5.867144978947369	0.0	0.0	1	1.0211175446822511	-0.15242988362551338	138.0	11	1.05	0.95				
	105	1	27.771152900350877	5.476001980350878	0.0	0.0	1	1.0355049410189872	0.032216037505285566	138.0	11	1.05	0.95				
	106	1	53.19544780912282	10.952003960701756	0.0	-100.0	1	1.0459498899928195	-2.167476404802819	138.0	12	1.05	0.95				
	107	2	48.8928748245614	9.778574964912282	0.0	0.0	1	0.9995244018271299	-7.849929053253865	138.0	12	1.05	0.95				
	108	1	66.88545276	13.690004950877194	0.0	0.0	1	1.004856026946984	-6.363077488271752	138.0	12	1.05	0.95				
	109	1	68.45002475438598	14.081147949473685	0.0	0.0	1	1.024730303167859	-1.0529005074327773	138.0	13	1.05	0.95				
	110	1	76.2728847263158	15.645719943859651	0.0	0.0	1	1.05	-1.9062844722760666	138.0	13	1.05	0.95				
	111	1	0.0	0.0	0.0	0.0	1	1.0035718150554545	0.5905741177552767	230.0	13	1.05	0.95				
	112	1	0.0	0.0	0.0	0.0	1	1.0082273089935518	0.532553573353641	230.0	13	1.05	0.95				
	113	3	103.65289462807019	21.12172192421053	0.0	0.0	1	0.9935464974144003	-1.252097314473629e-28	230.0	14	1.05	0.95				
	114	2	75.8817417277193	15.25457694526316	0.0	0.0	1	1.0025513737499068	3.2977688047542526	230.0	16	1.05	0.95				
	115	2	123.99233055508773	25.033151910175444	0.0	0.0	1	1.0402190305255699	9.740626033879618	230.0	16	1.05	0.95				
	116	2	39.11429985964913	7.822859971929826	0.0	0.0	1	1.037211827719063	9.311620489624733	230.0	16	1.05	0.95				
	117	1	0.0	0.0	0.0	0.0	1	1.0421950163208824	12.636462314498296	230.0	17	1.05	0.95				
	118	2	130.2506185326316	26.59772390456141	0.0	0.0	1	1.047483974442463	12.523891153987117	230.0	17	1.05	0.95				
	119	1	70.79688274596492	14.472290948070176	0.0	0.0	1	1.0291267260285735	7.4527451569945065	230.0	15	1.05	0.95				
	120	1	50.06630382035089	10.169717963508774	0.0	0.0	1	1.025169999187532	6.581546016087636	230.0	15	1.05	0.95				
	121	2	0.0	0.0	0.0	0.0	1	1.05	13.337570210146755	230.0	17	1.05	0.95				
	122	2	0.0	0.0	0.0	0.0	1	1.05	26.985851383748372	230.0	17	1.05	0.95				
	123	2	0.0	0.0	0.0	0.0	1	1.0233339477131795	6.403895209956775	230.0	15	1.05	0.95				
	124	1	0.0	0.0	0.0	0.0	1	1.0266549837583625	6.826611921847414	230.0	16	1.05	0.95				
	201	2	44.726585873684215	9.110971196491228	0.0	0.0	2	1.025709573348841	-7.920894557426902	138.0	21	1.05	0.95				
	202	2	40.1711002754386	8.2827010877193	0.0	0.0	2	1.0267388655797138	-7.719870235693362	138.0	22	1.05	0.95				
	203	1	74.54430978947369	15.322997012280704	0.0	0.0	2	1.016669615072513	-7.43145251745996	138.0	21	1.05	0.95				
	204	1	30.645994024561407	6.212025815789474	0.0	0.0	2	1.0181165686177498	-9.486667715907089	138.0	21	1.05	0.95				
	205	1	29.403588861403506	5.79789076140351	0.0	0.0	2	1.0328064202986442	-9.72856577503354	138.0	21	1.05	0.95				
	206	1	56.32236739649124	11.59578152280702	0.0	-100.0	2	1.0449735915733307	-11.110139756864552	138.0	22	1.05	0.95				
	207	2	51.76688179824561	10.353376359649124	0.0	0.0	2	0.9919660094100213	-17.132325429203014	138.0	22	1.05	0.95				
	208	1	70.81709430000001	14.494726903508774	0.0	0.0	2	0.9987879761127767	-15.274974637524496	138.0	22	1.05	0.95				
	209	1	72.47363451754386	14.908861957894736	0.0	0.0	2	1.0226619978678315	-9.229703211733502	138.0	23	1.05	0.95				
	210	1	80.75633560526316	16.5654021754386	0.0	0.0	2	1.05	-10.231498394918281	138.0	23	1.05	0.95				
	211	1	0.0	0.0	0.0	0.0	2	1.0040618336869447	-6.761789590731581	230.0	23	1.05	0.95				
	212	1	0.0	0.0	0.0	0.0	2	1.0082873036976512	-5.995289364116381	230.0	23	1.05	0.95				
	213	2	109.7457894122807	22.363292936842107	0.0	0.0	2	0.9985433750472877	-5.646084639697593	230.0	24	1.05	0.95				
	214	2	80.3422005508772	16.15126712105263	0.0	0.0	2	1.0026610094734112	-4.642297782254273	230.0	26	1.05	0.95				
	215	2	131.28081224035088	26.504643480701755	0.0	0.0	2	1.0210912585175593	0.8976808447994639	230.0	26	1.05	0.95				
	216	2	41.413505438596495	8.2827010877193	0.0	0.0	2	1.0229532766727691	0.8540418751684697	230.0	26	1.05	0.95				
	217	1	0.0	0.0	0.0	0.0	2	1.0279681614688576	2.6499186266416457	230.0	27	1.05	0.95				
	218	2	137.90697311052634	28.16118369824562	0.0	0.0	2	1.0271342219021025	2.060461735577569	230.0	27	1.05	0.95				
	219	1	74.95844484385965	15.322997012280704	0.0	0.0	2	1.0243808533206948	0.6767588377267012	230.0	25	1.05	0.95				
	220	1	53.00928696140351	10.767511414035088	0.0	0.0	2	1.0283265413828138	1.3338195547536507	230.0	25	1.05	0.95				
	221	2	0.0	0.0	0.0	0.0	2	1.0286577140443907	2.4814643347348566	230.0	27	1.05	0.95				
	222	2	0.0	0.0	0.0	0.0	2	1.049999984311482	9.038448646448625	230.0	27	1.05	0.95				
	223	2	0.0	0.0	0.0	0.0	2	1.0311466091456656	2.00937495449493	230.0	25	1.05	0.95				
	224	1	0.0	0.0	0.0	0.0	2	1.0090553532270072	-2.238571688470406	230.0	26	1.05	0.95				
	301	2	59.65453970526317	12.151850680701754	0.0	0.0	3	1.0077510352529107	-26.984362767879396	138.0	31	1.05	0.95				
	302	2	53.57861436491228	11.047136982456141	0.0	0.0	3	1.0071436676919265	-27.13945310034125	138.0	32	1.05	0.95				
	303	1	99.42423284210527	20.43720341754386	0.0	0.0	3	1.0231597887875878	-19.413517019341523	138.0	31	1.05	0.95				
	304	1	40.87440683508772	8.285352736842105	0.0	0.0	3	1.0075742553454292	-25.27909641214218	138.0	31	1.05	0.95				
	305	1	39.2173362877193	7.732995887719299	0.0	0.0	3	1.021382760888214	-26.258493907448432	138.0	31	1.05	0.95				
	306	1	75.12053148070176	15.465991775438598	0.0	-100.0	3	1.0365428498775637	-26.47608609508608	138.0	32	1.05	0.95				
	307	2	69.04460614035088	13.808921228070176	0.0	0.0	3	0.9919403296702531	-32.80350782129969	138.0	32	1.05	0.95				
	308	1	94.4530212	19.332489719298245	0.0	0.0	3	0.9935894554258018	-30.195088482367396	138.0	32	1.05	0.95				
	309	1	96.66244859649123	19.884846568421054	0.0	0.0	3	1.0268391802776646	-21.505194457339556	138.0	33	1.05	0.95				
	310	1	107.70958557894737	22.094273964912283	0.0	0.0	3	1.05	-23.759002057237026	138.0	33	1.05	0.95				
	311	1	0.0	0.0	0.0	0.0	3	1.0175594264133647	-16.436323498434643	230.0	33	1.05	0.95				
	312	1	0.0	0.0	0.0	0.0	3	1.0172408568546263	-15.95913657361566	230.0	33	1.05	0.95				
	313	2	146.37456501754386	29.827269852631584	0.0	0.0	3	1.025019759435378	-12.812410547396295	230.0	34	1.05	0.95				
	314	2	107.15722872982457	21.541917115789474	0.0	0.0	3	1.0290280945899055	-13.469782463800406	230.0	36	1.05	0.95				
	315	2	175.0971211719298	35.35083834385965	0.0	0.0	3	1.0457060725897758	-6.958522180007708	230.0	36	1.05	0.95				
	316	2	55.2356849122807	11.047136982456141	0.0	0.0	3	1.0469784350318052	-5.9665176056681535	230.0	36	1.05	0.95				
	317	1	0.0	0.0	0.0	0.0	3	1.05	-1.8929973236517144	230.0	37	1.05	0.95				
	318	2	183.93483075789473	37.56026574035088	0.0	0.0	3	1.0441293097369257	-3.2422110770308654	230.0	37	1.05	0.95				
	319	1	99.97658969122809	20.43720341754386	0.0	0.0	3	1.0446623678919271	-7.339926612855032	230.0	35	1.05	0.95				
	320	1	70.7016766877193	14.361278077192981	0.0	0.0	3	1.047090963197528	-7.497685791545082	230.0	35	1.05	0.95				
	321	2	0.0	0.0	0.0	0.0	3	1.0461537172302224	-3.902362258416689	230.0	37	1.05	0.95				
	322	2	0.0	0.0	0.0	0.0	3	1.05	1.2290640936234565	230.0	37	1.05	0.95				
	323	2	0.0	0.0	0.0	0.0	3	1.0494649079623957	-7.179661163353906	230.0	35	1.05	0.95				
	324	1	0.0	0.0	0.0	0.0	3	1.0215507401435542	-11.574420179170735	230.0	36	1.05	0.95				
	325	1	0.0	0.0	0.0	0.0	3	1.0417443860316105	-5.516215520352357	230.0	35	1.05	0.95				
];
