%% MATPOWER Case Format : Version 2
function mpc = RTS_GMLC
mpc.version = '2';

%%-----  Power Flow Data  -----%%
%% system MVA base
mpc.baseMVA = 100.0;
%% bus data
%    bus_i    type    Pd    Qd    Gs    Bs    area    Vm    Va    baseKV    zone    Vmax    Vmin
mpc.bus = [
	101	2	36.111331023157895	7.356011875087718	0.0	0.0	1	0.9893285103289522	-5.230134767868681	138.0	11	1.05	0.95				
	102	2	32.43332508561404	6.687283522807018	0.0	0.0	1	0.9892104498081195	-5.409698432741111	138.0	12	1.05	0.95				
	103	1	60.18555170526315	12.371474517192983	0.0	0.0	1	1.0214499606419563	1.540164977725498	138.0	11	1.05	0.95				
	104	1	24.742949034385965	5.015462642105263	0.0	0.0	1	1.0036808010736376	-4.722579087314743	138.0	11	1.05	0.95				
	105	1	23.73985650596491	4.681098465964912	0.0	0.0	1	1.0154764840812065	-5.533916237413782	138.0	11	1.05	0.95				
	106	1	45.47352795508772	9.362196931929825	0.0	-100.0	1	1.0385466366971892	-6.138866288963988	138.0	12	1.05	0.95				
	107	2	41.79552201754386	8.359104403508772	0.0	0.0	1	0.9814830234682161	-11.106552575129944	138.0	12	1.05	0.95				
	108	1	57.176274119999995	11.702746164912279	0.0	0.0	1	0.9954991198702167	-9.005597013305465	138.0	12	1.05	0.95				
	109	1	58.51373082456139	12.03711034105263	0.0	0.0	1	1.0247958345787502	-2.7740049378863554	138.0	13	1.05	0.95				
	110	1	65.20101434736841	13.374567045614036	0.0	0.0	1	1.05	-4.739227613047613	138.0	13	1.05	0.95				
	111	1	0.0	0.0	0.0	0.0	1	1.0176910710324067	0.35636103148124554	230.0	13	1.05	0.95				
	112	1	0.0	0.0	0.0	0.0	1	1.0130749418946432	-1.0606806994047961	230.0	13	1.05	0.95				
	113	3	88.60650667719298	18.055665511578948	0.0	0.0	1	0.9940715915482373	9.155149611948005e-29	230.0	14	1.05	0.95				
	114	2	64.86665017122807	13.040202869473683	0.0	0.0	1	1.05	4.656427088806991	230.0	16	1.05	0.95				
	115	2	105.99344383649121	21.399307272982455	0.0	0.0	1	1.0416776038581723	15.031670090894925	230.0	16	1.05	0.95				
	116	2	33.436417614035086	6.687283522807018	0.0	0.0	1	1.0428648389900133	12.955982309115353	230.0	16	1.05	0.95				
	117	1	0.0	0.0	0.0	0.0	1	1.0408259451430983	19.424012119194515	230.0	17	1.05	0.95				
	118	2	111.34327065473684	22.73676397754386	0.0	0.0	1	1.05	20.231779636545205	230.0	17	1.05	0.95				
	119	1	60.519915881403506	12.371474517192983	0.0	0.0	1	1.0407812194808117	8.211273909433157	230.0	15	1.05	0.95				
	120	1	42.79861454596491	8.693468579649123	0.0	0.0	1	1.045989767988882	4.739665713496769	230.0	15	1.05	0.95				
	121	2	0.0	0.0	0.0	0.0	1	1.0435111682328013	21.852753593302925	230.0	17	1.05	0.95				
	122	2	0.0	0.0	0.0	0.0	1	1.05	39.811854608273755	230.0	17	1.05	0.95				
	123	2	0.0	0.0	0.0	0.0	1	1.05	3.092782027794259	230.0	15	1.05	0.95				
	124	1	0.0	0.0	0.0	0.0	1	1.0169805896936392	10.019525000668486	230.0	16	1.05	0.95				
	201	2	42.17660946947368	8.591531558596492	0.0	0.0	2	0.9954127531325565	-18.093056639341935	138.0	21	1.05	0.95				
	202	2	37.88084369017543	7.810483235087719	0.0	0.0	2	0.9940466726464638	-18.40651839553729	138.0	22	1.05	0.95				
	203	1	70.29434911578947	14.449393984912279	0.0	0.0	2	0.9953305333026644	-13.162582238709255	138.0	21	1.05	0.95				
	204	1	28.898787969824557	5.857862426315789	0.0	0.0	2	0.9857200277752377	-17.966696746731902	138.0	21	1.05	0.95				
	205	1	27.727215484561402	5.467338264561404	0.0	0.0	2	1.0011371000418037	-18.500665129917166	138.0	21	1.05	0.95				
	206	1	53.11128599859649	10.934676529122807	0.0	-100.0	2	1.0119090753717808	-19.253407730069302	138.0	22	1.05	0.95				
	207	2	48.81552021929824	9.763104043859649	0.0	0.0	2	0.9725385445033234	-24.295293422993584	138.0	22	1.05	0.95				
	208	1	66.77963165999999	13.668345661403505	0.0	0.0	2	0.9739063296624529	-22.38244129209465	138.0	22	1.05	0.95				
	209	1	68.34172830701753	14.058869823157893	0.0	0.0	2	0.9904954581134755	-15.886256924544798	138.0	23	1.05	0.95				
	210	1	76.15221154210525	15.620966470175437	0.0	0.0	2	1.0163120706057758	-17.581285167553997	138.0	23	1.05	0.95				
	211	1	0.0	0.0	0.0	0.0	2	0.9763293062696958	-12.908070963449685	230.0	23	1.05	0.95				
	212	1	0.0	0.0	0.0	0.0	2	0.9607150150743214	-12.189754758731237	230.0	23	1.05	0.95				
	213	2	103.48890286491226	21.08830473473684	0.0	0.0	2	0.9550274302306965	-11.540145805527644	230.0	24	1.05	0.95				
	214	2	75.76168738035086	15.230442308421052	0.0	0.0	2	0.9959839828605231	-10.213464944685926	230.0	26	1.05	0.95				
	215	2	123.79615927614034	24.9935463522807	0.0	0.0	2	1.0167364260965492	-3.1169626249368267	230.0	26	1.05	0.95				
	216	2	39.052416175438594	7.810483235087719	0.0	0.0	2	1.0099592317266382	-3.8452165071286726	230.0	26	1.05	0.95				
	217	1	0.0	0.0	0.0	0.0	2	1.0271725313422935	-1.5287108819586543	230.0	27	1.05	0.95				
	218	2	130.04454586421053	26.555642999298247	0.0	0.0	2	1.0281340544735127	-2.0552371081076126	230.0	27	1.05	0.95				
	219	1	70.68487327754386	14.449393984912279	0.0	0.0	2	0.9822643305691744	-3.8645809742154746	230.0	25	1.05	0.95				
	220	1	49.9870927045614	10.153628205614035	0.0	0.0	2	0.960929454699728	-3.0379565925168843	230.0	25	1.05	0.95				
	221	2	0.0	0.0	0.0	0.0	2	1.0279928938555112	-1.603192909078849	230.0	27	1.05	0.95				
	222	2	0.0	0.0	0.0	0.0	2	1.0499999804630127	4.916123588259587	230.0	27	1.05	0.95				
	223	2	0.0	0.0	0.0	0.0	2	0.95	-2.212556715179232	230.0	25	1.05	0.95				
	224	1	0.0	0.0	0.0	0.0	2	0.9964685797847711	-6.836195988882592	230.0	26	1.05	0.95				
	301	2	39.154697886315795	7.975956976842107	0.0	0.0	3	1.0094738167536568	20.17046067336303	138.0	31	1.05	0.95				
	302	2	35.16671939789474	7.25086997894737	0.0	0.0	3	1.008936115672847	19.805650128084206	138.0	32	1.05	0.95				
	303	1	65.25782981052632	13.414109461052634	0.0	0.0	3	1.0499999505901028	34.24611224873453	138.0	31	1.05	0.95				
	304	1	26.82821892210527	5.438152484210526	0.0	0.0	3	1.007315831956584	20.7332478659175	138.0	31	1.05	0.95				
	305	1	25.740588425263162	5.07560898526316	0.0	0.0	3	1.0219717314694312	18.425010145095097	138.0	31	1.05	0.95				
	306	1	49.30591585684212	10.15121797052632	0.0	-100.0	3	1.0371165019943598	16.98327458088475	138.0	32	1.05	0.95				
	307	2	45.317937368421056	9.063587473684212	0.0	0.0	3	0.95	14.246202581334092	138.0	32	1.05	0.95				
	308	1	61.99493832	12.689022463157896	0.0	0.0	3	0.9733611662086963	15.721372675266297	138.0	32	1.05	0.95				
	309	1	63.44511231578949	13.051565962105267	0.0	0.0	3	1.0164580314027405	23.014431496535654	138.0	33	1.05	0.95				
	310	1	70.69598229473685	14.50173995789474	0.0	0.0	3	1.0434292091778365	17.85888506038439	138.0	33	1.05	0.95				
	311	1	0.0	0.0	0.0	0.0	3	1.0052333567614942	20.918004956619086	230.0	33	1.05	0.95				
	312	1	0.0	0.0	0.0	0.0	3	1.0106090898225712	20.730643466620556	230.0	33	1.05	0.95				
	313	2	96.07402722105265	19.577348943157897	0.0	0.0	3	1.0045214839499261	20.59205730308761	230.0	34	1.05	0.95				
	314	2	70.33343879578948	14.13919645894737	0.0	0.0	3	1.001739677893934	21.774972052195846	230.0	36	1.05	0.95				
	315	2	114.9262891663158	23.202783932631583	0.0	0.0	3	1.0499999970641065	25.60961386171423	230.0	36	1.05	0.95				
	316	2	36.25434989473685	7.25086997894737	0.0	0.0	3	1.0342721116509788	25.074223122552972	230.0	36	1.05	0.95				
	317	1	0.0	0.0	0.0	0.0	3	1.040340145274867	29.7100224165497	230.0	37	1.05	0.95				
	318	2	120.7269851494737	24.65295792842106	0.0	0.0	3	1.0304575286997424	25.987681809971576	230.0	37	1.05	0.95				
	319	1	65.6203733094737	13.414109461052634	0.0	0.0	3	1.0259612153691358	23.122968855401254	230.0	35	1.05	0.95				
	320	1	46.405567865263166	9.426130972631581	0.0	0.0	3	1.0215890427755394	22.11919848758421	230.0	35	1.05	0.95				
	321	2	0.0	0.0	0.0	0.0	3	1.0497368992893499	26.474596754478817	230.0	37	1.05	0.95				
	322	2	0.0	0.0	0.0	0.0	3	1.0479693385541975	32.09630483653881	230.0	37	1.05	0.95				
	323	2	0.0	0.0	0.0	0.0	3	1.0194151761212467	21.848458724674977	230.0	35	1.05	0.95				
	324	1	0.0	0.0	0.0	0.0	3	1.0471653484907688	28.91137021378417	230.0	36	1.05	0.95				
	325	1	0.0	0.0	0.0	0.0	3	1.0222900336128193	21.861156806094463	230.0	35	1.05	0.95				
];
