%% MATPOWER Case Format : Version 2
function mpc = RTS_GMLC
mpc.version = '2';

%%-----  Power Flow Data  -----%%
%% system MVA base
mpc.baseMVA = 100.0;
%% bus data
%    bus_i    type    Pd    Qd    Gs    Bs    area    Vm    Va    baseKV    zone    Vmax    Vmin
mpc.bus = [
	101	2	38.08857001263158	7.758782780350877	0.0	0.0	1	0.9866032204850512	-5.54450323609043	138.0	11	1.05	0.95				
	102	2	34.209178622456136	7.05343889122807	0.0	0.0	1	0.9865485017365757	-5.727641128341624	138.0	12	1.05	0.95				
	103	1	63.48095002105263	13.048861948771929	0.0	0.0	1	1.0180706132935853	1.4298452303683877	138.0	11	1.05	0.95				
	104	1	26.097723897543858	5.290079168421053	0.0	0.0	1	1.001983777363713	-4.976472187669196	138.0	11	1.05	0.95				
	105	1	25.039708063859646	4.937407223859649	0.0	0.0	1	1.0138141561470175	-5.80911357300481	138.0	11	1.05	0.95				
	106	1	47.96338446035088	9.874814447719299	0.0	-100.0	1	1.0373758340154766	-6.40833098145672	138.0	12	1.05	0.95				
	107	2	44.08399307017544	8.816798614035088	0.0	0.0	1	0.9880797187141244	-10.752377382004665	138.0	12	1.05	0.95				
	108	1	60.306902519999994	12.34351805964912	0.0	0.0	1	0.9990285214913251	-8.935808088903803	138.0	12	1.05	0.95				
	109	1	61.71759029824562	12.696190004210525	0.0	0.0	1	1.0246546572431716	-2.901798896732803	138.0	13	1.05	0.95				
	110	1	68.77102918947368	14.10687778245614	0.0	0.0	1	1.05	-4.915520480124822	138.0	13	1.05	0.95				
	111	1	0.0	0.0	0.0	0.0	1	1.0188957525826907	0.3101838166262738	230.0	13	1.05	0.95				
	112	1	0.0	0.0	0.0	0.0	1	1.0138438062166797	-1.0946324448988631	230.0	13	1.05	0.95				
	113	3	93.45806530877192	19.04428500631579	0.0	0.0	1	1.0004729934336785	2.579232698858866e-29	230.0	14	1.05	0.95				
	114	2	68.41835724491227	13.754205837894737	0.0	0.0	1	1.0483396251691535	4.6744359156329285	230.0	16	1.05	0.95				
	115	2	111.79700642596491	22.571004451929824	0.0	0.0	1	1.0371759785731467	15.336842370963897	230.0	16	1.05	0.95				
	116	2	35.26719445614035	7.05343889122807	0.0	0.0	1	1.038153868021832	13.214605073034132	230.0	16	1.05	0.95				
	117	1	0.0	0.0	0.0	0.0	1	1.03696147085231	19.82150844549884	230.0	17	1.05	0.95				
	118	2	117.43975753894738	23.98169223017544	0.0	0.0	1	1.0463891871896052	20.67056588518739	230.0	17	1.05	0.95				
	119	1	63.83362196561403	13.048861948771929	0.0	0.0	1	1.034544660614297	8.405302201810299	230.0	15	1.05	0.95				
	120	1	45.14200890385965	9.169470558596492	0.0	0.0	1	1.038762159224798	4.9100220195770845	230.0	15	1.05	0.95				
	121	2	0.0	0.0	0.0	0.0	1	1.0403669016391741	22.375800170678644	230.0	17	1.05	0.95				
	122	2	0.0	0.0	0.0	0.0	1	1.05	40.3606985195991	230.0	17	1.05	0.95				
	123	2	0.0	0.0	0.0	0.0	1	1.0423353910694335	3.2647375588243746	230.0	15	1.05	0.95				
	124	1	0.0	0.0	0.0	0.0	1	1.0123628925471404	10.16498891995779	230.0	16	1.05	0.95				
	201	2	38.402644433684216	7.822760903157895	0.0	0.0	2	1.0072233058454536	-15.815399765926324	138.0	21	1.05	0.95				
	202	2	34.49126398210527	7.111600821052631	0.0	0.0	2	1.006132699491942	-16.105306436605126	138.0	22	1.05	0.95				
	203	1	64.00440738947368	13.156461518947369	0.0	0.0	2	1.0132796701178193	-11.914673032173434	138.0	21	1.05	0.95				
	204	1	26.312923037894738	5.333700615789474	0.0	0.0	2	1.009897954678477	-15.954725952185816	138.0	21	1.05	0.95				
	205	1	25.246182914736842	4.978120574736843	0.0	0.0	2	1.0243495297363399	-16.374726076966127	138.0	21	1.05	0.95				
	206	1	48.35888558315789	9.956241149473685	0.0	-100.0	2	1.042061365739891	-17.15603904391732	138.0	22	1.05	0.95				
	207	2	44.44750513157894	8.88950102631579	0.0	0.0	2	0.9904423633687396	-21.285542880283945	138.0	22	1.05	0.95				
	208	1	60.80418702	12.445301436842104	0.0	0.0	2	1.0002259860605909	-19.75099003163896	138.0	22	1.05	0.95				
	209	1	62.22650718421052	12.800881477894738	0.0	0.0	2	1.0226574637595858	-14.34754286347573	138.0	23	1.05	0.95				
	210	1	69.33810800526315	14.223201642105263	0.0	0.0	2	1.05	-15.780128565231362	138.0	23	1.05	0.95				
	211	1	0.0	0.0	0.0	0.0	2	1.0046839185927336	-11.76114516443244	230.0	23	1.05	0.95				
	212	1	0.0	0.0	0.0	0.0	2	1.012363579268149	-11.310109330586757	230.0	23	1.05	0.95				
	213	2	94.22871087894737	19.201322216842108	0.0	0.0	2	1.0020759331292455	-10.74950514011713	230.0	24	1.05	0.95				
	214	2	68.98252796421053	13.867621601052631	0.0	0.0	2	1.00256382665292	-9.217697076160274	230.0	26	1.05	0.95				
	215	2	112.71887301368422	22.75712262736842	0.0	0.0	2	1.0254778034753222	-2.7005523066575505	230.0	26	1.05	0.95				
	216	2	35.55800410526316	7.111600821052631	0.0	0.0	2	1.0279059517479718	-3.569074765620852	230.0	26	1.05	0.95				
	217	1	0.0	0.0	0.0	0.0	2	1.0340023112551473	-1.1815764138582119	230.0	27	1.05	0.95				
	218	2	118.40815367052633	24.179442791578946	0.0	0.0	2	1.0326113488183961	-1.606162562393625	230.0	27	1.05	0.95				
	219	1	64.35998743052632	13.156461518947369	0.0	0.0	2	1.0337314470007641	-4.249301849781628	230.0	25	1.05	0.95				
	220	1	45.51424525473684	9.245081067368421	0.0	0.0	2	1.0407942412121742	-4.148289473873885	230.0	25	1.05	0.95				
	221	2	0.0	0.0	0.0	0.0	2	1.0330742602838539	-1.1729857236284391	230.0	27	1.05	0.95				
	222	2	0.0	0.0	0.0	0.0	2	1.05	5.31969468871207	230.0	27	1.05	0.95				
	223	2	0.0	0.0	0.0	0.0	2	1.0448687911053716	-3.828116566647501	230.0	25	1.05	0.95				
	224	1	0.0	0.0	0.0	0.0	2	1.0095101978178196	-6.143238058345736	230.0	26	1.05	0.95				
	301	2	40.743435637894734	8.29958874105263	0.0	0.0	3	1.015930096697745	12.88418907165825	138.0	31	1.05	0.95				
	302	2	36.59364126736842	7.545080673684211	0.0	0.0	3	1.0148271786625411	12.519580114548269	138.0	32	1.05	0.95				
	303	1	67.90572606315789	13.958399246315789	0.0	0.0	3	1.05	26.483247747509353	138.0	31	1.05	0.95				
	304	1	27.916798492631578	5.658810505263157	0.0	0.0	3	1.009910258674695	13.151482352152218	138.0	31	1.05	0.95				
	305	1	26.78503639157894	5.281556471578948	0.0	0.0	3	1.0262936158715275	11.510932692308812	138.0	31	1.05	0.95				
	306	1	51.30654858105264	10.563112943157895	0.0	-100.0	3	1.0400347669545398	10.25602222501048	138.0	32	1.05	0.95				
	307	2	47.156754210526316	9.431350842105262	0.0	0.0	3	0.95	6.849740495031622	138.0	32	1.05	0.95				
	308	1	64.51043976	13.203891178947366	0.0	0.0	3	0.9735072002128258	8.397232989342164	138.0	32	1.05	0.95				
	309	1	66.01945589473684	13.58114521263158	0.0	0.0	3	1.0166501026580839	15.250972165329173	138.0	33	1.05	0.95				
	310	1	73.56453656842105	15.090161347368422	0.0	0.0	3	1.0456848786684794	11.351463550128162	138.0	33	1.05	0.95				
	311	1	0.0	0.0	0.0	0.0	3	1.0054649463354575	14.68759726047578	230.0	33	1.05	0.95				
	312	1	0.0	0.0	0.0	0.0	3	1.0106294992658857	15.119551410486313	230.0	33	1.05	0.95				
	313	2	99.97231892631578	20.371717818947367	0.0	0.0	3	1.0075737515734797	16.504882415144685	230.0	34	1.05	0.95				
	314	2	73.18728253473684	14.712907313684209	0.0	0.0	3	1.0003734643366773	14.56867416734858	230.0	36	1.05	0.95				
	315	2	119.58952867789472	24.144258155789473	0.0	0.0	3	1.0480313554941387	16.929502386808416	230.0	36	1.05	0.95				
	316	2	37.72540336842105	7.545080673684211	0.0	0.0	3	1.0308308231368541	16.636413841530537	230.0	36	1.05	0.95				
	317	1	0.0	0.0	0.0	0.0	3	1.0496699648613934	19.48488168934881	230.0	37	1.05	0.95				
	318	2	125.6255932168421	25.65327429052632	0.0	0.0	3	1.05	16.59544646738803	230.0	37	1.05	0.95				
	319	1	68.28298009684211	13.958399246315789	0.0	0.0	3	1.023568979394493	16.038728138885446	230.0	35	1.05	0.95				
	320	1	48.288516311578945	9.808604875789474	0.0	0.0	3	1.0195593843887771	16.257833141213972	230.0	35	1.05	0.95				
	321	2	0.0	0.0	0.0	0.0	3	1.05	17.34718676018214	230.0	37	1.05	0.95				
	322	2	0.0	0.0	0.0	0.0	3	1.05	22.533782357836657	230.0	37	1.05	0.95				
	323	2	0.0	0.0	0.0	0.0	3	1.0177283766659126	16.67687632029024	230.0	35	1.05	0.95				
	324	1	0.0	0.0	0.0	0.0	3	1.0457572365762797	20.582007969274322	230.0	36	1.05	0.95				
	325	1	0.0	0.0	0.0	0.0	3	1.01910585121044	17.173047816421533	230.0	35	1.05	0.95				
];
