%% MATPOWER Case Format : Version 2
function mpc = RTS_GMLC
mpc.version = '2';

%%-----  Power Flow Data  -----%%
%% system MVA base
mpc.baseMVA = 100.0;
%% bus data
%    bus_i    type    Pd    Qd    Gs    Bs    area    Vm    Va    baseKV    zone    Vmax    Vmin
mpc.bus = [
	101	2	35.12271152842105	7.15462642245614	0.0	0.0	1	0.9908796847936273	-5.47927244679266	138.0	11	1.05	0.95				
	102	2	31.54539831719298	6.504205838596492	0.0	0.0	1	0.9907188717717864	-5.63890150056368	138.0	12	1.05	0.95				
	103	1	58.537852547368416	12.032780801403508	0.0	0.0	1	1.0223612985542414	0.631609541251728	138.0	11	1.05	0.95				
	104	1	24.065561602807016	4.878154378947368	0.0	0.0	1	1.004772718498453	-4.933656612443078	138.0	11	1.05	0.95				
	105	1	23.089930727017542	4.5529440870175435	0.0	0.0	1	1.01639078083041	-5.684253292069011	138.0	11	1.05	0.95				
	106	1	44.22859970245614	9.105888174035087	0.0	-100.0	1	1.0391859986371283	-6.225849761693994	138.0	12	1.05	0.95				
	107	2	40.65128649122806	8.130257298245613	0.0	0.0	1	0.9882662226541508	-9.959405153739006	138.0	12	1.05	0.95				
	108	1	55.61095991999999	11.382360217543857	0.0	0.0	1	1.0004615963885672	-8.400944444857243	138.0	12	1.05	0.95				
	109	1	56.9118010877193	11.707570509473683	0.0	0.0	1	1.025194922813435	-3.0092358027854447	138.0	13	1.05	0.95				
	110	1	63.41600692631578	13.008411677192983	0.0	0.0	1	1.05	-4.823403154164497	138.0	13	1.05	0.95				
	111	1	0.0	0.0	0.0	0.0	1	1.0149014703861905	-0.04816150858432277	230.0	13	1.05	0.95				
	112	1	0.0	0.0	0.0	0.0	1	1.0115474063086605	-1.19952366631105	230.0	13	1.05	0.95				
	113	3	86.1807273614035	17.561355764210525	0.0	0.0	1	0.9960227971780325	-3.1042891546147713e-27	230.0	14	1.05	0.95				
	114	2	63.09079663438596	12.683201385263157	0.0	0.0	1	1.038672872568515	3.734946649334506	230.0	16	1.05	0.95				
	115	2	103.09166254175437	20.81345868350877	0.0	0.0	1	1.0391345469128523	12.871887253214368	230.0	16	1.05	0.95				
	116	2	32.52102919298245	6.504205838596492	0.0	0.0	1	1.039251201350162	11.172184930895558	230.0	16	1.05	0.95				
	117	1	0.0	0.0	0.0	0.0	1	1.0382112003288362	17.03228366426262	230.0	17	1.05	0.95				
	118	2	108.29502721263158	22.11429985122807	0.0	0.0	1	1.0462989946718904	17.569298348389115	230.0	17	1.05	0.95				
	119	1	58.863062839298244	12.032780801403508	0.0	0.0	1	1.03450947430655	7.088285210759148	230.0	15	1.05	0.95				
	120	1	41.62691736701754	8.455467590175438	0.0	0.0	1	1.0359051164089381	4.157991570221101	230.0	15	1.05	0.95				
	121	2	0.0	0.0	0.0	0.0	1	1.0385815050835294	18.926699273523155	230.0	17	1.05	0.95				
	122	2	0.0	0.0	0.0	0.0	1	1.05	36.92554918236776	230.0	17	1.05	0.95				
	123	2	0.0	0.0	0.0	0.0	1	1.0374168258401302	2.7966741431112743	230.0	15	1.05	0.95				
	124	1	0.0	0.0	0.0	0.0	1	1.0175196240176234	8.311785097435395	230.0	16	1.05	0.95				
	201	2	38.402644433684216	7.822760903157895	0.0	0.0	2	1.0059164427870309	-14.460004060592166	138.0	21	1.05	0.95				
	202	2	34.49126398210527	7.111600821052631	0.0	0.0	2	1.004635250382454	-14.739832609629774	138.0	22	1.05	0.95				
	203	1	64.00440738947368	13.156461518947369	0.0	0.0	2	1.012985748549722	-10.843518665310494	138.0	21	1.05	0.95				
	204	1	26.312923037894738	5.333700615789474	0.0	0.0	2	1.0093792453604373	-14.578268729445549	138.0	21	1.05	0.95				
	205	1	25.246182914736842	4.978120574736843	0.0	0.0	2	1.0236790355171628	-14.97405016097084	138.0	21	1.05	0.95				
	206	1	48.35888558315789	9.956241149473685	0.0	-100.0	2	1.041700507678554	-15.72909337869359	138.0	22	1.05	0.95				
	207	2	44.44750513157894	8.88950102631579	0.0	0.0	2	0.9891742774432459	-19.853713163117554	138.0	22	1.05	0.95				
	208	1	60.80418702	12.445301436842104	0.0	0.0	2	0.9995622838911253	-18.325125964612944	138.0	22	1.05	0.95				
	209	1	62.22650718421052	12.800881477894738	0.0	0.0	2	1.0229532933751593	-12.962170503648823	138.0	23	1.05	0.95				
	210	1	69.33810800526315	14.223201642105263	0.0	0.0	2	1.05	-14.333162054355563	138.0	23	1.05	0.95				
	211	1	0.0	0.0	0.0	0.0	2	1.0047498971219329	-10.362179990472384	230.0	23	1.05	0.95				
	212	1	0.0	0.0	0.0	0.0	2	1.0135746141808977	-9.72445030396568	230.0	23	1.05	0.95				
	213	2	94.22871087894737	19.201322216842108	0.0	0.0	2	1.0035274200989373	-9.157805023935758	230.0	24	1.05	0.95				
	214	2	68.98252796421053	13.867621601052631	0.0	0.0	2	1.0012217726645198	-8.003150984913365	230.0	26	1.05	0.95				
	215	2	112.71887301368422	22.75712262736842	0.0	0.0	2	1.0244255694093685	-1.9352258629673855	230.0	26	1.05	0.95				
	216	2	35.55800410526316	7.111600821052631	0.0	0.0	2	1.0277492307487552	-2.625051913775024	230.0	26	1.05	0.95				
	217	1	0.0	0.0	0.0	0.0	2	1.0331344026768923	-0.5547930574403146	230.0	27	1.05	0.95				
	218	2	118.40815367052633	24.179442791578946	0.0	0.0	2	1.0315872797725363	-0.943476493041454	230.0	27	1.05	0.95				
	219	1	64.35998743052632	13.156461518947369	0.0	0.0	2	1.0358435147056737	-2.8908152199792903	230.0	25	1.05	0.95				
	220	1	45.51424525473684	9.245081067368421	0.0	0.0	2	1.0448082072122222	-2.4366017646031897	230.0	25	1.05	0.95				
	221	2	0.0	0.0	0.0	0.0	2	1.0321541453171084	-0.47742575647781876	230.0	27	1.05	0.95				
	222	2	0.0	0.0	0.0	0.0	2	1.0499999982497037	5.987280247340203	230.0	27	1.05	0.95				
	223	2	0.0	0.0	0.0	0.0	2	1.0499997808307853	-1.9275566328893947	230.0	25	1.05	0.95				
	224	1	0.0	0.0	0.0	0.0	2	1.0090949858408367	-5.265570761312881	230.0	26	1.05	0.95				
	301	2	40.79468523789473	8.310028474385964	0.0	0.0	3	1.016850596570538	16.720639925966776	138.0	31	1.05	0.95				
	302	2	36.63967100070175	7.5545713403508765	0.0	0.0	3	1.0154810137122934	16.368860661438383	138.0	32	1.05	0.95				
	303	1	67.99114206315788	13.975956979649121	0.0	0.0	3	1.05	31.379008210487008	138.0	31	1.05	0.95				
	304	1	27.951913959298242	5.665928505263157	0.0	0.0	3	1.0099321490465532	17.57500737363728	138.0	31	1.05	0.95				
	305	1	26.81872825824561	5.288199938245614	0.0	0.0	3	1.0258615194727043	14.922374692783022	138.0	31	1.05	0.95				
	306	1	51.37108511438596	10.576399876491228	0.0	-100.0	3	1.038799306320976	13.439399809274255	138.0	32	1.05	0.95				
	307	2	47.216070877192976	9.443214175438595	0.0	0.0	3	0.95	10.733301581489316	138.0	32	1.05	0.95				
	308	1	64.59158495999999	13.220499845614034	0.0	0.0	3	0.9728200198140998	12.295002846316887	138.0	32	1.05	0.95				
	309	1	66.10249922807017	13.598228412631578	0.0	0.0	3	1.0166442982884225	20.146750477002602	138.0	33	1.05	0.95				
	310	1	73.65707056842105	15.109142680701753	0.0	0.0	3	1.0441188637147834	14.33493509603541	138.0	33	1.05	0.95				
	311	1	0.0	0.0	0.0	0.0	3	1.0044023668645319	17.365507117886203	230.0	33	1.05	0.95				
	312	1	0.0	0.0	0.0	0.0	3	1.009826063107372	17.288864408107266	230.0	33	1.05	0.95				
	313	2	100.09807025964909	20.397342618947366	0.0	0.0	3	1.0030571674780562	17.00927875066666	230.0	34	1.05	0.95				
	314	2	73.2793420014035	14.73141411368421	0.0	0.0	3	0.9997884204109604	17.903668684941998	230.0	36	1.05	0.95				
	315	2	119.73995574456137	24.174628289122804	0.0	0.0	3	1.048108423779034	21.44153486369113	230.0	36	1.05	0.95				
	316	2	37.77285670175438	7.5545713403508765	0.0	0.0	3	1.0311814963143469	20.872825763899467	230.0	36	1.05	0.95				
	317	1	0.0	0.0	0.0	0.0	3	1.05	24.987042966241766	230.0	37	1.05	0.95				
	318	2	125.7836128168421	25.68554255719298	0.0	0.0	3	1.048656527992026	21.561389427398886	230.0	37	1.05	0.95				
	319	1	68.36887063017544	13.975956979649121	0.0	0.0	3	1.0230207721157096	19.108908458102995	230.0	35	1.05	0.95				
	320	1	48.34925657824561	9.82094274245614	0.0	0.0	3	1.0188057045904142	18.303669324158225	230.0	35	1.05	0.95				
	321	2	0.0	0.0	0.0	0.0	3	1.05	22.183338614899565	230.0	37	1.05	0.95				
	322	2	0.0	0.0	0.0	0.0	3	1.0499999867746193	27.63183348834239	230.0	37	1.05	0.95				
	323	2	0.0	0.0	0.0	0.0	3	1.0167812508398792	18.156010599371374	230.0	35	1.05	0.95				
	324	1	0.0	0.0	0.0	0.0	3	1.0457055134248356	25.24026715215268	230.0	36	1.05	0.95				
	325	1	0.0	0.0	0.0	0.0	3	1.0193223640375026	18.23298405703522	230.0	35	1.05	0.95				
];
