%% MATPOWER Case Format : Version 2
function mpc = RTS_GMLC
mpc.version = '2';

%%-----  Power Flow Data  -----%%
%% system MVA base
mpc.baseMVA = 100.0;
%% bus data
%    bus_i    type    Pd    Qd    Gs    Bs    area    Vm    Va    baseKV    zone    Vmax    Vmin
mpc.bus = [
	101	2	45.44977733052632	9.258287974736842	0.0	0.0	1	1.0287825966042428	1.1409723090726724	138.0	11	1.05	0.95				
	102	2	40.820633343157894	8.416625431578948	0.0	0.0	1	1.026806521061454	0.6030994248016821	138.0	12	1.05	0.95				
	103	1	75.74962888421052	15.570757048421052	0.0	0.0	1	1.0350691958954967	2.2371321187490105	138.0	11	1.05	0.95				
	104	1	31.141514096842105	6.312469073684211	0.0	0.0	1	1.022145216095797	-1.2751654984149519	138.0	11	1.05	0.95				
	105	1	29.879020282105262	5.891637802105264	0.0	0.0	1	1.0336191828264787	-1.895614375971866	138.0	11	1.05	0.95				
	106	1	57.23305293473685	11.783275604210528	0.0	-100.0	1	1.0442877535205384	-4.126187768285805	138.0	12	1.05	0.95				
	107	2	52.603908947368424	10.520781789473684	0.0	0.0	1	0.9989185223315006	-10.847479115072266	138.0	12	1.05	0.95				
	108	1	71.96214744	14.729094505263157	0.0	0.0	1	1.0028669334545528	-8.771323378720155	138.0	12	1.05	0.95				
	109	1	73.64547252631579	15.149925776842105	0.0	0.0	1	1.0253200653303893	-2.1531983416157767	138.0	13	1.05	0.95				
	110	1	82.06209795789474	16.833250863157897	0.0	0.0	1	1.05	-3.630363002070519	138.0	13	1.05	0.95				
	111	1	0.0	0.0	0.0	0.0	1	1.0059166661180639	-0.19544764531336434	230.0	13	1.05	0.95				
	112	1	0.0	0.0	0.0	0.0	1	1.0099983653671485	-0.9597159097317955	230.0	13	1.05	0.95				
	113	3	111.52028696842106	22.72488866526316	0.0	0.0	1	0.9984734389892299	7.29017164093509e-30	230.0	14	1.05	0.95				
	114	2	81.64126668631579	16.41241959157895	0.0	0.0	1	1.0062627552761085	2.446401483717647	230.0	16	1.05	0.95				
	115	2	133.4035130905263	26.933201381052633	0.0	0.0	1	1.0426247901911867	10.005277679942166	230.0	16	1.05	0.95				
	116	2	42.08312715789474	8.416625431578948	0.0	0.0	1	1.0364644899659563	8.598561205113961	230.0	16	1.05	0.95				
	117	1	0.0	0.0	0.0	0.0	1	1.0421424661398044	13.328650881634893	230.0	17	1.05	0.95				
	118	2	140.13681343578946	28.616526467368423	0.0	0.0	1	1.0492067992173402	13.958211146446821	230.0	17	1.05	0.95				
	119	1	76.17046015578947	15.570757048421052	0.0	0.0	1	1.0253789697955946	5.3903708996912965	230.0	15	1.05	0.95				
	120	1	53.86640276210527	10.941613061052632	0.0	0.0	1	1.0199485177665932	2.8628324445765214	230.0	15	1.05	0.95				
	121	2	0.0	0.0	0.0	0.0	1	1.05	15.181943413901791	230.0	17	1.05	0.95				
	122	2	0.0	0.0	0.0	0.0	1	1.05	27.699348153038844	230.0	17	1.05	0.95				
	123	2	0.0	0.0	0.0	0.0	1	1.0179315983636805	1.7915279506284798	230.0	15	1.05	0.95				
	124	1	0.0	0.0	0.0	0.0	1	1.0297912086276138	7.0908814465575585	230.0	16	1.05	0.95				
	201	2	45.984574231578954	9.367228084210527	0.0	0.0	2	1.0150712121800776	-15.135977916484263	138.0	21	1.05	0.95				
	202	2	41.300960189473685	8.515661894736843	0.0	0.0	2	1.014250170215298	-15.404412847025542	138.0	22	1.05	0.95				
	203	1	76.64095705263159	15.753974505263157	0.0	0.0	2	1.0139818201834454	-11.495042265997984	138.0	21	1.05	0.95				
	204	1	31.507949010526314	6.3867464210526315	0.0	0.0	2	1.0122857898467723	-14.820160284731429	138.0	21	1.05	0.95				
	205	1	30.230599726315788	5.96096332631579	0.0	0.0	2	1.0273135480984519	-15.236775278826233	138.0	21	1.05	0.95				
	206	1	57.90650088421053	11.92192665263158	0.0	-100.0	2	1.0420820031360762	-15.821613851376938	138.0	22	1.05	0.95				
	207	2	53.22288684210527	10.644577368421054	0.0	0.0	2	0.9974590310125753	-20.95243799585251	138.0	22	1.05	0.95				
	208	1	72.8089092	14.902408315789472	0.0	0.0	2	1.0015841696001357	-19.015325402413357	138.0	22	1.05	0.95				
	209	1	74.51204157894738	15.328191410526316	0.0	0.0	2	1.0232020054799345	-12.580690666527751	138.0	23	1.05	0.95				
	210	1	83.02770347368421	17.031323789473685	0.0	0.0	2	1.05	-13.968731577314005	138.0	23	1.05	0.95				
	211	1	0.0	0.0	0.0	0.0	2	1.004568847080641	-10.419951594034686	230.0	23	1.05	0.95				
	212	1	0.0	0.0	0.0	0.0	2	1.0104273994429582	-6.60687029082797	230.0	23	1.05	0.95				
	213	2	112.83252010526317	22.992287115789477	0.0	0.0	2	0.9987298553623726	-8.830881582567695	230.0	24	1.05	0.95				
	214	2	82.60192037894737	16.605540694736842	0.0	0.0	2	1.003358549855242	-8.825937686494962	230.0	26	1.05	0.95				
	215	2	134.97324103157894	27.250118063157895	0.0	0.0	2	1.0202087804856705	-2.6662072110995427	230.0	26	1.05	0.95				
	216	2	42.578309473684214	8.515661894736843	0.0	0.0	2	1.0188033317836978	-3.940008794629565	230.0	26	1.05	0.95				
	217	1	0.0	0.0	0.0	0.0	2	1.0245651994109097	-1.781116450213981	230.0	27	1.05	0.95				
	218	2	141.78577054736843	28.953250442105265	0.0	0.0	2	1.0244949030920727	-2.179170767071472	230.0	27	1.05	0.95				
	219	1	77.06674014736844	15.753974505263157	0.0	0.0	2	1.0152551473282532	-5.136718159738831	230.0	25	1.05	0.95				
	220	1	54.50023612631579	11.070360463157895	0.0	0.0	2	1.0152880844957681	-5.330749183202451	230.0	25	1.05	0.95				
	221	2	0.0	0.0	0.0	0.0	2	1.0266118757463165	-1.5415519246932736	230.0	27	1.05	0.95				
	222	2	0.0	0.0	0.0	0.0	2	1.0484108806916	4.874253733226009	230.0	27	1.05	0.95				
	223	2	0.0	0.0	0.0	0.0	2	1.0158602253697993	-5.1026732647827515	230.0	25	1.05	0.95				
	224	1	0.0	0.0	0.0	0.0	2	1.0069647757738636	-5.98493334682472	230.0	26	1.05	0.95				
	301	2	65.25782981052632	13.293261628070175	0.0	0.0	3	1.012582002534972	-5.091081836224151	138.0	31	1.05	0.95				
	302	2	58.61119899649122	12.084783298245615	0.0	0.0	3	1.01122852457169	-5.3590013360656386	138.0	32	1.05	0.95				
	303	1	108.76304968421053	22.356849101754385	0.0	0.0	3	1.0473366151398593	6.649714036803535	138.0	31	1.05	0.95				
	304	1	44.71369820350877	9.06358747368421	0.0	0.0	3	1.0092340227838394	-3.447463758996665	138.0	31	1.05	0.95				
	305	1	42.900980708771925	8.45934830877193	0.0	0.0	3	1.0234035122141472	-5.112124923119405	138.0	31	1.05	0.95				
	306	1	82.17652642807019	16.91869661754386	0.0	-100.0	3	1.036085471616156	-5.7937497853235636	138.0	32	1.05	0.95				
	307	2	75.5298956140351	15.105979122807017	0.0	0.0	3	0.9902882048200736	-12.499320983227086	138.0	32	1.05	0.95				
	308	1	103.3248972	21.148370771929823	0.0	0.0	3	0.9905242708010701	-9.606175938131836	138.0	32	1.05	0.95				
	309	1	105.74185385964911	21.752609936842106	0.0	0.0	3	1.028635255548091	0.5728162652061345	138.0	33	1.05	0.95				
	310	1	117.82663715789474	24.16956659649123	0.0	0.0	3	1.05	-3.1948366766353935	138.0	33	1.05	0.95				
	311	1	0.0	0.0	0.0	0.0	3	1.0146176578525306	2.583116663391423	230.0	33	1.05	0.95				
	312	1	0.0	0.0	0.0	0.0	3	1.0180514809324361	3.4937417284385717	230.0	33	1.05	0.95				
	313	2	160.12337870175438	32.62891490526316	0.0	0.0	3	1.018156007410596	6.165972950896474	230.0	34	1.05	0.95				
	314	2	117.22239799298244	23.565327431578947	0.0	0.0	3	1.0172875319485033	3.399272227021831	230.0	36	1.05	0.95				
	315	2	191.54381527719298	38.671306554385964	0.0	0.0	3	1.0428661234674783	3.177481285983039	230.0	36	1.05	0.95				
	316	2	60.42391649122807	12.084783298245615	0.0	0.0	3	1.0383533722707075	3.575625842967632	230.0	36	1.05	0.95				
	317	1	0.0	0.0	0.0	0.0	3	1.0451466080748961	4.846488703393634	230.0	37	1.05	0.95				
	318	2	201.21164191578947	41.088263214035095	0.0	0.0	3	1.0417706549762258	2.98846481807306	230.0	37	1.05	0.95				
	319	1	109.36728884912282	22.356849101754385	0.0	0.0	3	1.0349527112785601	5.039011971253118	230.0	35	1.05	0.95				
	320	1	77.34261310877193	15.710218287719298	0.0	0.0	3	1.0333362570927915	5.844577949277408	230.0	35	1.05	0.95				
	321	2	0.0	0.0	0.0	0.0	3	1.0433141725275286	3.6500415289500934	230.0	37	1.05	0.95				
	322	2	0.0	0.0	0.0	0.0	3	1.05	8.44980001125656	230.0	37	1.05	0.95				
	323	2	0.0	0.0	0.0	0.0	3	1.0331136277150121	6.396880900673135	230.0	35	1.05	0.95				
	324	1	0.0	0.0	0.0	0.0	3	1.0442234259386929	6.379399077763029	230.0	36	1.05	0.95				
	325	1	0.0	0.0	0.0	0.0	3	1.0329272619188832	7.1451422142019485	230.0	35	1.05	0.95				
];
