%% MATPOWER Case Format : Version 2
function mpc = RTS_GMLC
mpc.version = '2';

%%-----  Power Flow Data  -----%%
%% system MVA base
mpc.baseMVA = 100.0;
%% bus data
%    bus_i    type    Pd    Qd    Gs    Bs    area    Vm    Va    baseKV    zone    Vmax    Vmin
mpc.bus = [
	101	2	52.303315187368426	10.654379019649122	0.0	0.0	1	1.05	4.553767207814	138.0	11	1.05	0.95				
	102	2	46.976125677543855	9.685799108771931	0.0	0.0	1	1.0496532565381071	4.210283024840777	138.0	12	1.05	0.95				
	103	1	87.17219197894737	17.91872835122807	0.0	0.0	1	1.031903396825932	1.1181450306382763	138.0	11	1.05	0.95				
	104	1	35.83745670245614	7.264349331578947	0.0	0.0	1	1.0296871602590878	0.25038030561979785	138.0	11	1.05	0.95				
	105	1	34.38458683614034	6.780059376140351	0.0	0.0	1	1.0422670526907452	0.10418568862108589	138.0	11	1.05	0.95				
	106	1	65.86343393964913	13.560118752280703	0.0	-100.0	1	1.046753323108686	-2.9267768841022903	138.0	12	1.05	0.95				
	107	2	60.536244429824556	12.107248885964912	0.0	0.0	1	1.0008449496407403	-9.32375906965028	138.0	12	1.05	0.95				
	108	1	82.81358238	16.950148440350876	0.0	0.0	1	1.0026948307037988	-7.965769281744516	138.0	12	1.05	0.95				
	109	1	84.75074220175438	17.434438395789474	0.0	0.0	1	1.0248859131023	-2.1424884562274116	138.0	13	1.05	0.95				
	110	1	94.43654131052631	19.371598217543863	0.0	0.0	1	1.05	-2.9682399312704555	138.0	13	1.05	0.95				
	111	1	0.0	0.0	0.0	0.0	1	1.0053531420641784	-0.7902814657532691	230.0	13	1.05	0.95				
	112	1	0.0	0.0	0.0	0.0	1	1.0094125002770014	-0.6935220756063373	230.0	13	1.05	0.95				
	113	3	128.33683819122808	26.151657593684213	0.0	0.0	1	0.9984847205590232	5.5590491592884316e-30	230.0	14	1.05	0.95				
	114	2	93.95225135508771	18.88730826210526	0.0	0.0	1	1.0018336248180009	0.39834477990831885	230.0	16	1.05	0.95				
	115	2	153.5199158740351	30.99455714807017	0.0	0.0	1	1.0335865258400245	5.843222163696519	230.0	16	1.05	0.95				
	116	2	48.42899554385965	9.685799108771931	0.0	0.0	1	1.0292095247135122	4.981080951121895	230.0	16	1.05	0.95				
	117	1	0.0	0.0	0.0	0.0	1	1.037340965113234	8.073418144547121	230.0	17	1.05	0.95				
	118	2	161.26855516105263	32.93171696982456	0.0	0.0	1	1.0405816929752898	8.705425848325564	230.0	17	1.05	0.95				
	119	1	87.65648193438597	17.91872835122807	0.0	0.0	1	1.0208348050578202	3.4389461645451957	230.0	15	1.05	0.95				
	120	1	61.98911429614034	12.59153884140351	0.0	0.0	1	1.016493030587959	2.540847450477578	230.0	15	1.05	0.95				
	121	2	0.0	0.0	0.0	0.0	1	1.0432529208988495	9.947537304254658	230.0	17	1.05	0.95				
	122	2	0.0	0.0	0.0	0.0	1	1.05	15.736659983095537	230.0	17	1.05	0.95				
	123	2	0.0	0.0	0.0	0.0	1	1.0149093672123342	2.4241171571125246	230.0	15	1.05	0.95				
	124	1	0.0	0.0	0.0	0.0	1	1.0258635807367669	4.063789101811571	230.0	16	1.05	0.95				
	201	2	48.68754919578948	9.917834095438598	0.0	0.0	2	1.014435428635432	-9.770574533531692	138.0	21	1.05	0.95				
	202	2	43.728632148070176	9.01621281403509	0.0	0.0	2	1.0136358493643662	-10.00215907156742	138.0	22	1.05	0.95				
	203	1	81.1459153263158	16.67999370596491	0.0	0.0	2	1.0143045820248269	-7.238211791953195	138.0	21	1.05	0.95				
	204	1	33.35998741192982	6.762159610526316	0.0	0.0	2	1.0120211021788468	-9.207796602157066	138.0	21	1.05	0.95				
	205	1	32.00755548982456	6.311348969824563	0.0	0.0	2	1.026534231473249	-9.534723192496319	138.0	21	1.05	0.95				
	206	1	61.3102471354386	12.622697939649125	0.0	-100.0	2	1.0411999706436055	-9.95039469071218	138.0	22	1.05	0.95				
	207	2	56.3513300877193	11.270266017543861	0.0	0.0	2	0.9969840208867254	-15.434772034449223	138.0	22	1.05	0.95				
	208	1	77.08861956	15.778372424561404	0.0	0.0	2	1.0005262212322654	-13.367488280552575	138.0	22	1.05	0.95				
	209	1	78.89186212280703	16.229183065263157	0.0	0.0	2	1.024344293787203	-6.699347566536489	138.0	23	1.05	0.95				
	210	1	87.90807493684211	18.03242562807018	0.0	0.0	2	1.05	-7.849693185316339	138.0	23	1.05	0.95				
	211	1	0.0	0.0	0.0	0.0	2	1.0059993446240265	-4.128583567473371	230.0	23	1.05	0.95				
	212	1	0.0	0.0	0.0	0.0	2	1.0120067807200417	0.5436601657591129	230.0	23	1.05	0.95				
	213	2	119.46481978596492	24.34377459789474	0.0	0.0	2	1.0029954454839243	-1.7397114739342228	230.0	24	1.05	0.95				
	214	2	87.45726429614035	17.581614987368425	0.0	0.0	2	1.0042387606413	-2.953463901221455	230.0	26	1.05	0.95				
	215	2	142.90697310245613	28.851881004912283	0.0	0.0	2	1.0212803437566886	1.5983209498830206	230.0	26	1.05	0.95				
	216	2	45.081064070175444	9.01621281403509	0.0	0.0	2	1.0207464541216098	1.4930833421350702	230.0	26	1.05	0.95				
	217	1	0.0	0.0	0.0	0.0	2	1.0255489554527515	2.383877333182146	230.0	27	1.05	0.95				
	218	2	150.11994335368422	30.6551235677193	0.0	0.0	2	1.024858576461945	1.9698524657085403	230.0	27	1.05	0.95				
	219	1	81.59672596701755	16.67999370596491	0.0	0.0	2	1.0194437174932385	1.6742167040741252	230.0	25	1.05	0.95				
	220	1	57.703762009824565	11.721076658245615	0.0	0.0	2	1.0215533498986034	2.7214783550973034	230.0	25	1.05	0.95				
	221	2	0.0	0.0	0.0	0.0	2	1.0271966239237065	2.6455346471510093	230.0	27	1.05	0.95				
	222	2	0.0	0.0	0.0	0.0	2	1.048830744887445	9.047661207257569	230.0	27	1.05	0.95				
	223	2	0.0	0.0	0.0	0.0	2	1.0237163223990358	3.6442832471996986	230.0	25	1.05	0.95				
	224	1	0.0	0.0	0.0	0.0	2	1.0077357427030504	-1.720690529804165	230.0	26	1.05	0.95				
	301	2	78.39481176000001	15.969313506666666	0.0	0.0	3	0.9724747511293098	-12.40145831608453	138.0	31	1.05	0.95				
	302	2	70.41015500666667	14.517557733333334	0.0	0.0	3	0.9738467468878054	-12.49984847570193	138.0	32	1.05	0.95				
	303	1	130.65801960000002	26.857481806666666	0.0	0.0	3	0.9866913620041436	-7.188065835160911	138.0	31	1.05	0.95				
	304	1	53.71496361333333	10.888168299999998	0.0	0.0	3	0.9687865624260983	-9.67242434685129	138.0	31	1.05	0.95				
	305	1	51.537329953333334	10.162290413333334	0.0	0.0	3	0.9810253582362645	-9.916871728513708	138.0	31	1.05	0.95				
	306	1	98.71939258666667	20.32458082666667	0.0	-100.0	3	0.9937616944729905	-9.36429123766157	138.0	32	1.05	0.95				
	307	2	90.73473583333333	18.146947166666667	0.0	0.0	3	0.9510204122998295	-15.537435899840327	138.0	32	1.05	0.95				
	308	1	124.12511862	25.40572603333333	0.0	0.0	3	0.9559556730451494	-11.853267828157112	138.0	32	1.05	0.95				
	309	1	127.02863016666666	26.131603919999996	0.0	0.0	3	0.9936709727919687	-4.199313886877359	138.0	33	1.05	0.95				
	310	1	141.5461879	29.035115466666667	0.0	0.0	3	1.0139323738113657	-4.93635098473771	138.0	33	1.05	0.95				
	311	1	0.0	0.0	0.0	0.0	3	0.9899537432724537	3.4823472474736006	230.0	33	1.05	0.95				
	312	1	0.0	0.0	0.0	0.0	3	0.9937615501399395	5.098536862356123	230.0	33	1.05	0.95				
	313	2	192.35763996666665	39.197405880000005	0.0	0.0	3	1.0254431109027484	13.018387022434796	230.0	34	1.05	0.95				
	314	2	140.82031001333334	28.30923758	0.0	0.0	3	0.9993113457462638	2.796336719883352	230.0	36	1.05	0.95				
	315	2	230.1032900733333	46.456184746666665	0.0	0.0	3	1.0214121160575307	-1.0936828529575584	230.0	36	1.05	0.95				
	316	2	72.58778866666667	14.517557733333334	0.0	0.0	3	1.0214384755260795	0.507844189834165	230.0	36	1.05	0.95				
	317	1	0.0	0.0	0.0	0.0	3	1.0250352211880287	0.44151718121619826	230.0	37	1.05	0.95				
	318	2	241.71733625999997	49.359696293333336	0.0	0.0	3	1.022554206086522	-0.46891074785604947	230.0	37	1.05	0.95				
	319	1	131.38389748666665	26.857481806666666	0.0	0.0	3	1.0196534839911775	3.194832350563687	230.0	35	1.05	0.95				
	320	1	92.91236949333333	18.872825053333333	0.0	0.0	3	1.0227684807298127	5.5067621843768215	230.0	35	1.05	0.95				
	321	2	0.0	0.0	0.0	0.0	3	1.0243297297211271	-0.1067983575298629	230.0	37	1.05	0.95				
	322	2	0.0	0.0	0.0	0.0	3	1.0380402154307466	4.515912779841505	230.0	37	1.05	0.95				
	323	2	0.0	0.0	0.0	0.0	3	1.0252842725394424	6.503274215757235	230.0	35	1.05	0.95				
	324	1	0.0	0.0	0.0	0.0	3	1.002735832694896	-1.325328314264965	230.0	36	1.05	0.95				
	325	1	0.0	0.0	0.0	0.0	3	1.0269115067284023	6.804702944245753	230.0	35	1.05	0.95				
];
