%% MATPOWER Case Format : Version 2
function mpc = RTS_GMLC
mpc.version = '2';

%%-----  Power Flow Data  -----%%
%% system MVA base
mpc.baseMVA = 100.0;
%% bus data
%    bus_i    type    Pd    Qd    Gs    Bs    area    Vm    Va    baseKV    zone    Vmax    Vmin
mpc.bus = [
	101	2	85.26175162105262	17.368134589473684	0.0	0.0	1	1.0331110068746234	-4.433670657828594	138.0	11	1.05	0.95				
	102	2	76.57768432631578	15.789213263157894	0.0	0.0	1	1.0331060338706275	-4.490028576252347	138.0	12	1.05	0.95				
	103	1	142.10291936842103	29.2100445368421	0.0	0.0	1	1.0183032834536299	-4.638893366132158	138.0	11	1.05	0.95				
	104	1	58.4200890736842	11.84190994736842	0.0	0.0	1	1.015718320374998	-7.046692678496292	138.0	11	1.05	0.95				
	105	1	56.05170708421052	11.052449284210526	0.0	0.0	1	1.0311535003651051	-7.12747903358238	138.0	11	1.05	0.95				
	106	1	107.36665018947369	22.104898568421053	0.0	-100.0	1	1.0352929918620386	-9.35328604669771	138.0	12	1.05	0.95				
	107	2	98.68258289473684	19.736516578947366	0.0	0.0	1	1.0479079854646098	-5.035730440042189	138.0	12	1.05	0.95				
	108	1	134.9977734	27.631123210526308	0.0	0.0	1	1.0231430133884123	-8.155934049557358	138.0	12	1.05	0.95				
	109	1	138.15561605263156	28.42058387368421	0.0	0.0	1	1.0269006265265261	-5.943001526139844	138.0	13	1.05	0.95				
	110	1	153.94482931578946	31.578426526315788	0.0	0.0	1	1.05	-7.365938650394978	138.0	13	1.05	0.95				
	111	1	0.0	0.0	0.0	0.0	1	1.0161314118863716	-2.5613805058146757	230.0	13	1.05	0.95				
	112	1	0.0	0.0	0.0	0.0	1	1.017512647640739	-1.4882365391283392	230.0	13	1.05	0.95				
	113	3	209.20707573684209	42.63087581052631	0.0	0.0	1	1.0202341005103712	-8.935657139846813e-31	230.0	14	1.05	0.95				
	114	2	153.15536865263155	30.78896586315789	0.0	0.0	1	1.020207207741428	-0.6967909960811317	230.0	16	1.05	0.95				
	115	2	250.2590302210526	50.525482442105265	0.0	0.0	1	1.04491394331328	6.979687845698903	230.0	16	1.05	0.95				
	116	2	78.94606631578947	15.789213263157894	0.0	0.0	1	1.0445354894162338	6.716791090605559	230.0	16	1.05	0.95				
	117	1	0.0	0.0	0.0	0.0	1	1.047607163533892	9.665355379255006	230.0	17	1.05	0.95				
	118	2	262.8904008315789	53.683325094736844	0.0	0.0	1	1.0493218404227531	10.26353518170538	230.0	17	1.05	0.95				
	119	1	142.89238003157894	29.2100445368421	0.0	0.0	1	1.0390446484478144	5.7261432492199305	230.0	15	1.05	0.95				
	120	1	101.05096488421053	20.525977242105263	0.0	0.0	1	1.041381524921525	6.351365108528955	230.0	15	1.05	0.95				
	121	2	0.0	0.0	0.0	0.0	1	1.05	11.036843529651277	230.0	17	1.05	0.95				
	122	2	0.0	0.0	0.0	0.0	1	1.05	17.172820834660087	230.0	17	1.05	0.95				
	123	2	0.0	0.0	0.0	0.0	1	1.0450535969007893	7.27300409464289	230.0	15	1.05	0.95				
	124	1	0.0	0.0	0.0	0.0	1	1.0203831018053025	2.6924672505783973	230.0	16	1.05	0.95				
	201	2	83.40122777684212	16.989138991578947	0.0	0.0	2	1.0446833732996308	-10.066795529360979	138.0	21	1.05	0.95				
	202	2	74.90665828105263	15.444671810526318	0.0	0.0	2	1.0450366215349998	-10.12816576005272	138.0	22	1.05	0.95				
	203	1	139.00204629473686	28.572642849473684	0.0	0.0	2	1.02791168706789	-7.692675618601466	138.0	21	1.05	0.95				
	204	1	57.14528569894737	11.583503857894737	0.0	0.0	2	1.021040006695164	-12.131102848967808	138.0	21	1.05	0.95				
	205	1	54.82858492736842	10.811270267368423	0.0	0.0	2	1.0374553223329905	-12.480605222220689	138.0	21	1.05	0.95				
	206	1	105.02376831157896	21.622540534736846	0.0	-100.0	2	1.0389021799255052	-14.550482719811962	138.0	22	1.05	0.95				
	207	2	96.52919881578947	19.305839763157895	0.0	0.0	2	0.9537458610536557	-26.378143001601266	138.0	22	1.05	0.95				
	208	1	132.05194398	27.02817566842105	0.0	0.0	2	0.9596926147759489	-22.49426790345531	138.0	22	1.05	0.95				
	209	1	135.14087834210525	27.80040925894737	0.0	0.0	2	1.0258692598073187	-10.674047633265431	138.0	23	1.05	0.95				
	210	1	150.58555015263158	30.889343621052635	0.0	0.0	2	1.05	-12.529315040265121	138.0	23	1.05	0.95				
	211	1	0.0	0.0	0.0	0.0	2	1.0291902220980798	-5.563354123030264	230.0	23	1.05	0.95				
	212	1	0.0	0.0	0.0	0.0	2	1.0220516239633806	-4.291894110078809	230.0	23	1.05	0.95				
	213	2	204.64190148947367	41.70061388842106	0.0	0.0	2	1.0435711873109166	-1.5697634785298364	230.0	24	1.05	0.95				
	214	2	149.81331656210526	30.117110030526316	0.0	0.0	2	1.0459882130491789	-3.2440205390706693	230.0	26	1.05	0.95				
	215	2	244.7980481968421	49.42294979368421	0.0	0.0	2	1.0456563430061727	4.838984168003504	230.0	26	1.05	0.95				
	216	2	77.22335905263158	15.444671810526318	0.0	0.0	2	1.0492057230398688	4.796013010630676	230.0	26	1.05	0.95				
	217	1	0.0	0.0	0.0	0.0	2	1.0496539750133127	7.804266585940448	230.0	27	1.05	0.95				
	218	2	257.15378564526316	52.51188415578948	0.0	0.0	2	1.05	8.583008918523769	230.0	27	1.05	0.95				
	219	1	139.77427988526316	28.572642849473684	0.0	0.0	2	1.043986108437964	4.361358750697403	230.0	25	1.05	0.95				
	220	1	98.84589958736842	20.07807335368421	0.0	0.0	2	1.0462705002726724	5.42560405800074	230.0	25	1.05	0.95				
	221	2	0.0	0.0	0.0	0.0	2	1.05	9.0565738943784	230.0	27	1.05	0.95				
	222	2	0.0	0.0	0.0	0.0	2	1.05	15.077131699891739	230.0	27	1.05	0.95				
	223	2	0.0	0.0	0.0	0.0	2	1.05	6.570030693182445	230.0	25	1.05	0.95				
	224	1	0.0	0.0	0.0	0.0	2	1.0231817964733665	0.17367628545701444	230.0	26	1.05	0.95				
	301	2	66.48782032421052	13.54381525122807	0.0	0.0	3	1.0134044767954749	-15.325922970488826	138.0	31	1.05	0.95				
	302	2	59.71591269859648	12.312559319298245	0.0	0.0	3	1.0120552502514746	-15.676660805448584	138.0	32	1.05	0.95				
	303	1	110.81303387368419	22.778234740701752	0.0	0.0	3	1.0250565286317606	-9.7481851598338	138.0	31	1.05	0.95				
	304	1	45.556469481403504	9.234419489473684	0.0	0.0	3	1.0094188661263188	-14.595664966845034	138.0	31	1.05	0.95				
	305	1	43.70958558350876	8.618791523508772	0.0	0.0	3	1.0236184591697444	-15.235709169323474	138.0	31	1.05	0.95				
	306	1	83.72540337122807	17.237583047017544	0.0	-100.0	3	1.0359360691319128	-15.886099726383394	138.0	32	1.05	0.95				
	307	2	76.95349574561403	15.390699149122804	0.0	0.0	3	1.004914578856292	-17.82292111403533	138.0	32	1.05	0.95				
	308	1	105.27238218	21.54697880877193	0.0	0.0	3	1.0021906664028355	-17.375335528007003	138.0	32	1.05	0.95				
	309	1	107.73489404385963	22.16260677473684	0.0	0.0	3	1.0276583048113728	-11.195724690939056	138.0	33	1.05	0.95				
	310	1	120.04745336315787	24.62511863859649	0.0	0.0	3	1.05	-13.171446873038285	138.0	33	1.05	0.95				
	311	1	0.0	0.0	0.0	0.0	3	1.0164964614503436	-6.7582834734113355	230.0	33	1.05	0.95				
	312	1	0.0	0.0	0.0	0.0	3	1.017074326619317	-5.438934168959759	230.0	33	1.05	0.95				
	313	2	163.14141098070175	33.24391016210526	0.0	0.0	3	1.0255741845385813	-2.1767750859325985	230.0	34	1.05	0.95				
	314	2	119.43182539719297	24.009490672631575	0.0	0.0	3	1.022443969915361	-5.361510904033789	230.0	36	1.05	0.95				
	315	2	195.15406521087718	39.40018982175438	0.0	0.0	3	1.0451567607436494	0.5571146088042591	230.0	36	1.05	0.95				
	316	2	61.56279659649122	12.312559319298245	0.0	0.0	3	1.0429398082991466	0.3459321956718703	230.0	36	1.05	0.95				
	317	1	0.0	0.0	0.0	0.0	3	1.0464150395690637	2.5007839371003757	230.0	37	1.05	0.95				
	318	2	205.00411266631576	41.862701685614034	0.0	0.0	3	1.04730367290343	2.769433731995535	230.0	37	1.05	0.95				
	319	1	111.4286618396491	22.778234740701752	0.0	0.0	3	1.04052898898777	0.6444876827170349	230.0	35	1.05	0.95				
	320	1	78.80037964350876	16.006327115087718	0.0	0.0	3	1.0435599069760784	2.0645251310028288	230.0	35	1.05	0.95				
	321	2	0.0	0.0	0.0	0.0	3	1.05	3.940346659457931	230.0	37	1.05	0.95				
	322	2	0.0	0.0	0.0	0.0	3	1.05	9.150138173656268	230.0	37	1.05	0.95				
	323	2	0.0	0.0	0.0	0.0	3	1.0471438811638911	3.293529321032477	230.0	35	1.05	0.95				
	324	1	0.0	0.0	0.0	0.0	3	1.0247190013283243	-3.2663828832947397	230.0	36	1.05	0.95				
	325	1	0.0	0.0	0.0	0.0	3	1.0461802007323697	3.9396158968054444	230.0	35	1.05	0.95				
];
