%% MATPOWER Case Format : Version 2
function mpc = RTS_GMLC
mpc.version = '2';

%%-----  Power Flow Data  -----%%
%% system MVA base
mpc.baseMVA = 100.0;
%% bus data
%    bus_i    type    Pd    Qd    Gs    Bs    area    Vm    Va    baseKV    zone    Vmax    Vmin
mpc.bus = [
	101	2	44.91538840421053	9.149430971228071	0.0	0.0	1	1.0397452613747562	2.580873262378934	138.0	11	1.05	0.95				
	102	2	40.340672918596496	8.317664519298246	0.0	0.0	1	1.0371714923316293	1.9000313376162703	138.0	12	1.05	0.95				
	103	1	74.85898067368421	15.387679360701753	0.0	0.0	1	1.0324842606858395	0.8074015599775465	138.0	11	1.05	0.95				
	104	1	30.775358721403506	6.238248389473684	0.0	0.0	1	1.0261540466861512	-0.8411985790263632	138.0	11	1.05	0.95				
	105	1	29.52770904350877	5.822365163508772	0.0	0.0	1	1.0387888395788136	-1.0297508849580388	138.0	11	1.05	0.95				
	106	1	56.56011873122807	11.644730327017545	0.0	-100.0	1	1.046559089962639	-3.6164916164299603	138.0	12	1.05	0.95				
	107	2	51.98540324561404	10.397080649122808	0.0	0.0	1	1.000684251233795	-10.31802530584597	138.0	12	1.05	0.95				
	108	1	71.11603164	14.555912908771928	0.0	0.0	1	1.0042857336671622	-8.469100303752057	138.0	12	1.05	0.95				
	109	1	72.77956454385965	14.971796134736842	0.0	0.0	1	1.0248364942386183	-2.443524070042585	138.0	13	1.05	0.95				
	110	1	81.0972290631579	16.635329038596492	0.0	0.0	1	1.05	-3.406713715957052	138.0	13	1.05	0.95				
	111	1	0.0	0.0	0.0	0.0	1	1.002847940075873	-0.7776099574480038	230.0	13	1.05	0.95				
	112	1	0.0	0.0	0.0	0.0	1	1.0077972995456352	-1.1090016234853752	230.0	13	1.05	0.95				
	113	3	110.20905488070176	22.457694202105266	0.0	0.0	1	0.995440970060714	1.1706648781417652e-25	230.0	14	1.05	0.95				
	114	2	80.68134583719299	16.21944581263158	0.0	0.0	1	0.99838570908595	0.8313561510198619	230.0	16	1.05	0.95				
	115	2	131.8349826308772	26.616526461754386	0.0	0.0	1	1.0354602822115428	6.618125802882512	230.0	16	1.05	0.95				
	116	2	41.58832259649123	8.317664519298246	0.0	0.0	1	1.030718870101124	5.516005853424781	230.0	16	1.05	0.95				
	117	1	0.0	0.0	0.0	0.0	1	1.0387078681132678	9.070772684280847	230.0	17	1.05	0.95				
	118	2	138.4891142463158	28.280059365614036	0.0	0.0	1	1.0431160455173314	9.686373469803122	230.0	17	1.05	0.95				
	119	1	75.27486389964912	15.387679360701753	0.0	0.0	1	1.020261186645617	3.193152435412966	230.0	15	1.05	0.95				
	120	1	53.23305292350877	10.81296387508772	0.0	0.0	1	1.014424455395053	1.6433350163645206	230.0	15	1.05	0.95				
	121	2	0.0	0.0	0.0	0.0	1	1.046007924623156	10.960881882481349	230.0	17	1.05	0.95				
	122	2	0.0	0.0	0.0	0.0	1	1.05	18.713488767244478	230.0	17	1.05	0.95				
	123	2	0.0	0.0	0.0	0.0	1	1.0118089545930309	1.1135479689762884	230.0	15	1.05	0.95				
	124	1	0.0	0.0	0.0	0.0	1	1.026308274828126	4.430427339572286	230.0	16	1.05	0.95				
	201	2	45.66157719157894	9.301432390877192	0.0	0.0	2	1.0152730891066493	-14.322070882522782	138.0	21	1.05	0.95				
	202	2	41.010860996140345	8.455847628070174	0.0	0.0	2	1.0143922274462165	-14.598249341096592	138.0	22	1.05	0.95				
	203	1	76.10262865263158	15.64331811192982	0.0	0.0	2	1.0146249649038468	-10.425124639904725	138.0	21	1.05	0.95				
	204	1	31.28663622385964	6.34188572105263	0.0	0.0	2	1.0123682012015316	-14.05030421810011	138.0	21	1.05	0.95				
	205	1	30.018259079649116	5.919093339649123	0.0	0.0	2	1.0274730734925017	-14.489473706570303	138.0	21	1.05	0.95				
	206	1	57.49976387087719	11.838186679298246	0.0	-100.0	2	1.0422010457498678	-15.109446367125093	138.0	22	1.05	0.95				
	207	2	52.849047675438584	10.569809535087717	0.0	0.0	2	0.997126789214729	-20.191920075060033	138.0	22	1.05	0.95				
	208	1	72.29749721999998	14.797733349122804	0.0	0.0	2	1.001489387120262	-18.271667728249497	138.0	22	1.05	0.95				
	209	1	73.98866674561403	15.220525730526314	0.0	0.0	2	1.023095193493456	-11.852240447527377	138.0	23	1.05	0.95				
	210	1	82.4445143736842	16.911695256140348	0.0	0.0	2	1.05	-13.297794643349295	138.0	23	1.05	0.95				
	211	1	0.0	0.0	0.0	0.0	2	1.0052900826691982	-9.11073474947221	230.0	23	1.05	0.95				
	212	1	0.0	0.0	0.0	0.0	2	1.0088552724083593	-6.761631187894353	230.0	23	1.05	0.95				
	213	2	112.0399810719298	22.83078859578947	0.0	0.0	2	1.000457031508531	-7.481081668234178	230.0	24	1.05	0.95				
	214	2	82.02172199228069	16.48890287473684	0.0	0.0	2	1.0059516441768568	-6.950730391893673	230.0	26	1.05	0.95				
	215	2	134.02518490491227	27.058712409824558	0.0	0.0	2	1.0204931647190298	-0.6584752764069782	230.0	26	1.05	0.95				
	216	2	42.27923814035087	8.455847628070174	0.0	0.0	2	1.0202441441427041	-1.2834327938581607	230.0	26	1.05	0.95				
	217	1	0.0	0.0	0.0	0.0	2	1.0244612922630583	0.0791013419038893	230.0	27	1.05	0.95				
	218	2	140.7898630073684	28.749881935438594	0.0	0.0	2	1.024029725516279	-0.272852096851737	230.0	27	1.05	0.95				
	219	1	76.52542103403508	15.64331811192982	0.0	0.0	2	1.0185074139658763	-1.7795988540002918	230.0	25	1.05	0.95				
	220	1	54.117424819649116	10.992601916491228	0.0	0.0	2	1.0198585949351873	-1.3733212712755267	230.0	25	1.05	0.95				
	221	2	0.0	0.0	0.0	0.0	2	1.026376104923791	0.39656090429265417	230.0	27	1.05	0.95				
	222	2	0.0	0.0	0.0	0.0	2	1.0479751183568227	6.787562051058437	230.0	27	1.05	0.95				
	223	2	0.0	0.0	0.0	0.0	2	1.0212431714509778	-0.8211443758665912	230.0	25	1.05	0.95				
	224	1	0.0	0.0	0.0	0.0	2	1.006318484176268	-4.332409382847385	230.0	26	1.05	0.95				
	301	2	58.66371401684211	11.950015818245612	0.0	0.0	3	1.0004760445980012	-7.425631304860133	138.0	31	1.05	0.95				
	302	2	52.688706107719284	10.86365074385965	0.0	0.0	3	1.000351571348435	-7.473082602341139	138.0	32	1.05	0.95				
	303	1	97.77285669473683	20.09775387614035	0.0	0.0	3	1.0134673943342745	-4.1497009087187955	138.0	31	1.05	0.95				
	304	1	40.1955077522807	8.147738057894735	0.0	0.0	3	1.0039627278812517	-5.617920603495252	138.0	31	1.05	0.95				
	305	1	38.56596014070174	7.604555520701754	0.0	0.0	3	1.01715147329087	-5.748212985444643	138.0	31	1.05	0.95				
	306	1	73.87282505824561	15.209111041403508	0.0	-100.0	3	1.0348776288847974	-5.433624428542146	138.0	32	1.05	0.95				
	307	2	67.8978171491228	13.57956342982456	0.0	0.0	3	0.9935673725310046	-10.112280011684403	138.0	32	1.05	0.95				
	308	1	92.88421385999999	19.011388801754382	0.0	0.0	3	1.0000304642772837	-7.642012145557865	138.0	32	1.05	0.95				
	309	1	95.05694400877192	19.554571338947365	0.0	0.0	3	1.025535096907714	-1.8828693503134155	138.0	33	1.05	0.95				
	310	1	105.92059475263156	21.7273014877193	0.0	0.0	3	1.05	-2.3361498194948966	138.0	33	1.05	0.95				
	311	1	0.0	0.0	0.0	0.0	3	1.0116911238415207	3.4448492056307765	230.0	33	1.05	0.95				
	312	1	0.0	0.0	0.0	0.0	3	1.0164698686542997	4.637578021248891	230.0	33	1.05	0.95				
	313	2	143.94337235614032	29.331857008421053	0.0	0.0	3	1.0280321022076895	10.197469289303998	230.0	34	1.05	0.95				
	314	2	105.37741221543857	21.18411895052631	0.0	0.0	3	1.011048141975811	3.0567251379029576	230.0	36	1.05	0.95				
	315	2	172.18886429017542	34.76368238035087	0.0	0.0	3	1.0224634530223602	-0.5474190709823091	230.0	36	1.05	0.95				
	316	2	54.31825371929824	10.86365074385965	0.0	0.0	3	1.0233154051575268	0.5256269217462617	230.0	36	1.05	0.95				
	317	1	0.0	0.0	0.0	0.0	3	1.0259888389258625	0.16968294312752352	230.0	37	1.05	0.95				
	318	2	180.87978488526312	36.936412529122805	0.0	0.0	3	1.0237352898610268	-0.6108532720465135	230.0	37	1.05	0.95				
	319	1	98.3160392319298	20.09775387614035	0.0	0.0	3	1.0243414099221755	3.2135500158462134	230.0	35	1.05	0.95				
	320	1	69.52736476070174	14.122745967017542	0.0	0.0	3	1.0273205966235865	5.104763056881452	230.0	35	1.05	0.95				
	321	2	0.0	0.0	0.0	0.0	3	1.0253683962111908	-0.028212290387910323	230.0	37	1.05	0.95				
	322	2	0.0	0.0	0.0	0.0	3	1.03901014415386	4.448508500084193	230.0	37	1.05	0.95				
	323	2	0.0	0.0	0.0	0.0	3	1.0292912625907862	5.991348846829921	230.0	35	1.05	0.95				
	324	1	0.0	0.0	0.0	0.0	3	1.0154723302393236	0.043298391952421765	230.0	36	1.05	0.95				
	325	1	0.0	0.0	0.0	0.0	3	1.030394363194519	6.420346878196288	230.0	35	1.05	0.95				
];
