%% MATPOWER Case Format : Version 2
function mpc = RTS_GMLC
mpc.version = '2';

%%-----  Power Flow Data  -----%%
%% system MVA base
mpc.baseMVA = 100.0;
%% bus data
%    bus_i    type    Pd    Qd    Gs    Bs    area    Vm    Va    baseKV    zone    Vmax    Vmin
mpc.bus = [
	101	2	43.43245916210526	8.847352792280702	0.0	0.0	1	1.034757339042295	2.3918429762589613	138.0	11	1.05	0.95				
	102	2	39.00878276596491	8.043047992982457	0.0	0.0	1	1.033866436332041	2.094294061667665	138.0	12	1.05	0.95				
	103	1	72.3874319368421	14.879638787017543	0.0	0.0	1	1.029191565191944	2.1672319259871613	138.0	11	1.05	0.95				
	104	1	29.759277574035085	6.032285994736842	0.0	0.0	1	1.02156533023594	-0.9447670768070094	138.0	11	1.05	0.95				
	105	1	28.552820375087716	5.630133595087719	0.0	0.0	1	1.0367475078321744	-0.8472602243804629	138.0	11	1.05	0.95				
	106	1	54.69272635228071	11.260267190175439	0.0	-100.0	1	1.0462838987080325	-3.1215261309596336	138.0	12	1.05	0.95				
	107	2	50.26904995614036	10.05380999122807	0.0	0.0	1	0.9983877420867936	-11.479710159478572	138.0	12	1.05	0.95				
	108	1	68.76806034	14.075333987719297	0.0	0.0	1	1.0019681920864123	-8.830584676477686	138.0	12	1.05	0.95				
	109	1	70.37666993859649	14.47748638736842	0.0	0.0	1	1.0235204882615423	-1.8028477704288468	138.0	13	1.05	0.95				
	110	1	78.41971793157894	16.086095985964914	0.0	0.0	1	1.05	-2.8682779103304656	138.0	13	1.05	0.95				
	111	1	0.0	0.0	0.0	0.0	1	1.0030288102305738	0.3676981500357433	230.0	13	1.05	0.95				
	112	1	0.0	0.0	0.0	0.0	1	1.0082465845447095	-0.42064829233937673	230.0	13	1.05	0.95				
	113	3	106.57038590701755	21.71622958105263	0.0	0.0	1	0.9969010292409906	-2.3255576120795403e-29	230.0	14	1.05	0.95				
	114	2	78.01756553192982	15.68394358631579	0.0	0.0	1	1.00059548081304	3.5279663162562187	230.0	16	1.05	0.95				
	115	2	127.48231068877192	25.73775357754386	0.0	0.0	1	1.0367163619206308	11.779061391355585	230.0	16	1.05	0.95				
	116	2	40.21523996491228	8.043047992982457	0.0	0.0	1	1.0304280220520872	10.294271576471571	230.0	16	1.05	0.95				
	117	1	0.0	0.0	0.0	0.0	1	1.0369984190871435	15.556052094181828	230.0	17	1.05	0.95				
	118	2	133.9167490831579	27.346363176140354	0.0	0.0	1	1.0470383580324891	15.942940391661462	230.0	17	1.05	0.95				
	119	1	72.78958433649123	14.879638787017543	0.0	0.0	1	1.0196744432986125	6.715961398116132	230.0	15	1.05	0.95				
	120	1	51.47550715508772	10.455962390877193	0.0	0.0	1	1.0157432744084234	4.360912158256325	230.0	15	1.05	0.95				
	121	2	0.0	0.0	0.0	0.0	1	1.05	17.27023559245514	230.0	17	1.05	0.95				
	122	2	0.0	0.0	0.0	0.0	1	1.05	33.88447354638828	230.0	17	1.05	0.95				
	123	2	0.0	0.0	0.0	0.0	1	1.014395720601009	3.375704515526182	230.0	15	1.05	0.95				
	124	1	0.0	0.0	0.0	0.0	1	1.02191377015001	8.169257868779926	230.0	16	1.05	0.95				
	201	2	48.48355106526316	9.876278920701754	0.0	0.0	2	1.008782043547154	-19.06399073038432	138.0	21	1.05	0.95				
	202	2	43.545411604912275	8.97843538245614	0.0	0.0	2	1.0079880982443838	-19.381359562969237	138.0	22	1.05	0.95				
	203	1	80.80591844210527	16.61010545754386	0.0	0.0	2	1.0122776976518222	-13.784522995982254	138.0	21	1.05	0.95				
	204	1	33.22021091508772	6.7338265368421055	0.0	0.0	2	1.0088203870629655	-18.886967000725356	138.0	21	1.05	0.95				
	205	1	31.873445607719297	6.284904767719299	0.0	0.0	2	1.0238054924733755	-19.45542264379774	138.0	21	1.05	0.95				
	206	1	61.05336060070176	12.569809535438598	0.0	-100.0	2	1.0398596295658293	-20.224854128707076	138.0	22	1.05	0.95				
	207	2	56.11522114035088	11.223044228070176	0.0	0.0	2	0.9910392558731798	-25.610730218126943	138.0	22	1.05	0.95				
	208	1	76.76562252	15.712261919298246	0.0	0.0	2	0.9968186809469964	-23.565973701311048	138.0	22	1.05	0.95				
	209	1	78.56130959649123	16.16118368842105	0.0	0.0	2	1.02291022733824	-16.62283938497355	138.0	23	1.05	0.95				
	210	1	87.53974497894737	17.95687076491228	0.0	0.0	2	1.05	-18.39885815695708	138.0	23	1.05	0.95				
	211	1	0.0	0.0	0.0	0.0	2	1.0100141707064205	-13.312293472918604	230.0	23	1.05	0.95				
	212	1	0.0	0.0	0.0	0.0	2	1.014179645856464	-12.501484937300427	230.0	23	1.05	0.95				
	213	2	118.96426881754385	24.24177553263158	0.0	0.0	2	1.0130184299653822	-11.831140208194041	230.0	24	1.05	0.95				
	214	2	87.09082320982455	17.507948995789473	0.0	0.0	2	1.0113586131741952	-10.344828766539166	230.0	26	1.05	0.95				
	215	2	142.30820081192982	28.730993223859652	0.0	0.0	2	1.0241854183002526	-3.001011368672131	230.0	26	1.05	0.95				
	216	2	44.8921769122807	8.97843538245614	0.0	0.0	2	1.027502385464268	-3.4229119430074118	230.0	26	1.05	0.95				
	217	1	0.0	0.0	0.0	0.0	2	1.028455485433796	-1.3693777222956482	230.0	27	1.05	0.95				
	218	2	149.49094911789473	30.52668030035088	0.0	0.0	2	1.0276583546218423	-1.9930056019977653	230.0	27	1.05	0.95				
	219	1	81.25484021122807	16.61010545754386	0.0	0.0	2	1.0341068902200081	-3.727608657744753	230.0	25	1.05	0.95				
	220	1	57.461986447719305	11.671965997192983	0.0	0.0	2	1.0428941392631554	-3.1301923399781124	230.0	25	1.05	0.95				
	221	2	0.0	0.0	0.0	0.0	2	1.0298715344502773	-1.5205451055234904	230.0	27	1.05	0.95				
	222	2	0.0	0.0	0.0	0.0	2	1.0499999955297192	5.030578452533292	230.0	27	1.05	0.95				
	223	2	0.0	0.0	0.0	0.0	2	1.0484773519325943	-2.4755706704675884	230.0	25	1.05	0.95				
	224	1	0.0	0.0	0.0	0.0	2	1.0064844713624022	-7.034450776814264	230.0	26	1.05	0.95				
	301	2	62.182853545263164	12.666877574035087	0.0	0.0	3	1.0391963923168583	-2.971685326281267	138.0	31	1.05	0.95				
	302	2	55.84941475824561	11.515343249122807	0.0	0.0	3	1.0351133716532985	-3.322136099662994	138.0	32	1.05	0.95				
	303	1	103.63808924210527	21.303385010877193	0.0	0.0	3	1.05	14.131975486886478	138.0	31	1.05	0.95				
	304	1	42.606770021754386	8.636507436842104	0.0	0.0	3	1.0117899583999335	-1.2328981172182982	138.0	31	1.05	0.95				
	305	1	40.87946853438596	8.060740274385966	0.0	0.0	3	1.0329138253411225	-4.0782165475265035	138.0	31	1.05	0.95				
	306	1	78.30433409403508	16.12148054877193	0.0	-100.0	3	1.035291487523796	-5.35897665179428	138.0	32	1.05	0.95				
	307	2	71.97089530701754	14.39417906140351	0.0	0.0	3	0.95	-4.785451089625264	138.0	32	1.05	0.95				
	308	1	98.45618478	20.151850685964913	0.0	0.0	3	0.9657660910413567	-4.787685280934934	138.0	32	1.05	0.95				
	309	1	100.75925342982457	20.72761784842105	0.0	0.0	3	1.0128843731907582	2.913300254052899	138.0	33	1.05	0.95				
	310	1	112.27459667894738	23.030686498245615	0.0	0.0	3	1.0404697743387155	-3.3724253354077813	138.0	33	1.05	0.95				
	311	1	0.0	0.0	0.0	0.0	3	0.9996098278595328	1.2250502507803571	230.0	33	1.05	0.95				
	312	1	0.0	0.0	0.0	0.0	3	1.0033799396175547	2.1784535679881416	230.0	33	1.05	0.95				
	313	2	152.57829805087718	31.091426772631582	0.0	0.0	3	0.9993252488618415	3.7951748401206853	230.0	34	1.05	0.95				
	314	2	111.69882951649122	22.454919335789477	0.0	0.0	3	0.9968502598855288	0.547708268804548	230.0	36	1.05	0.95				
	315	2	182.51819049859648	36.84909839719298	0.0	0.0	3	1.05	3.454825423492844	230.0	36	1.05	0.95				
	316	2	57.57671624561404	11.515343249122807	0.0	0.0	3	1.038165608145365	3.1004594138456154	230.0	36	1.05	0.95				
	317	1	0.0	0.0	0.0	0.0	3	1.05	6.12014257314091	230.0	37	1.05	0.95				
	318	2	191.73046509789472	39.15216704701754	0.0	0.0	3	1.0483854311791736	4.190423339311623	230.0	37	1.05	0.95				
	319	1	104.2138564045614	21.303385010877193	0.0	0.0	3	1.0234084822532068	2.8455193577645734	230.0	35	1.05	0.95				
	320	1	73.69819679438596	14.969946223859651	0.0	0.0	3	1.015250873803511	3.7506698966295877	230.0	35	1.05	0.95				
	321	2	0.0	0.0	0.0	0.0	3	1.05	4.542790222763857	230.0	37	1.05	0.95				
	322	2	0.0	0.0	0.0	0.0	3	1.05	9.509981302811328	230.0	37	1.05	0.95				
	323	2	0.0	0.0	0.0	0.0	3	1.0123392304953136	4.708002634671355	230.0	35	1.05	0.95				
	324	1	0.0	0.0	0.0	0.0	3	1.0466505428708808	7.533646315132444	230.0	36	1.05	0.95				
	325	1	0.0	0.0	0.0	0.0	3	1.0122524368504289	5.7988606158587395	230.0	35	1.05	0.95				
];
