%% MATPOWER Case Format : Version 2
function mpc = RTS_GMLC
mpc.version = '2';

%%-----  Power Flow Data  -----%%
%% system MVA base
mpc.baseMVA = 100.0;
%% bus data
%    bus_i    type    Pd    Qd    Gs    Bs    area    Vm    Va    baseKV    zone    Vmax    Vmin
mpc.bus = [
	101	2	47.56061357052632	9.688273134736843	0.0	0.0	1	1.0338163935841413	1.0307644734718997	138.0	11	1.05	0.95				
	102	2	42.71647700315789	8.807521031578949	0.0	0.0	1	1.0328933423294289	0.7690910513717144	138.0	12	1.05	0.95				
	103	1	79.26768928421053	16.293913908421054	0.0	0.0	1	1.0275567028586448	-0.16560560682711237	138.0	11	1.05	0.95				
	104	1	32.58782781684211	6.60564077368421	0.0	0.0	1	1.0210867312464231	-2.0216555023861362	138.0	11	1.05	0.95				
	105	1	31.266699662105264	6.165264722105264	0.0	0.0	1	1.0360492405852098	-1.8510633308915183	138.0	11	1.05	0.95				
	106	1	59.89114301473685	12.330529444210528	0.0	-100.0	1	1.045241442178148	-3.9513998836144846	138.0	12	1.05	0.95				
	107	2	55.04700644736842	11.009401289473685	0.0	0.0	1	1.0013056884024696	-8.412222761536574	138.0	12	1.05	0.95				
	108	1	75.30430482	15.413161805263156	0.0	0.0	1	1.0048007133537675	-7.478123595080491	138.0	12	1.05	0.95				
	109	1	77.06580902631579	15.853537856842106	0.0	0.0	1	1.02452224052068	-2.5184110157602917	138.0	13	1.05	0.95				
	110	1	85.87333005789473	17.615042063157897	0.0	0.0	1	1.05	-3.384811197931254	138.0	13	1.05	0.95				
	111	1	0.0	0.0	0.0	0.0	1	1.0040544306246082	-0.5524384210222175	230.0	13	1.05	0.95				
	112	1	0.0	0.0	0.0	0.0	1	1.0081649996409727	-0.21464920203701307	230.0	13	1.05	0.95				
	113	3	116.69965366842105	23.78030678526316	0.0	0.0	1	0.9964759270302133	1.9336466807516473e-27	230.0	14	1.05	0.95				
	114	2	85.43295400631578	17.17466601157895	0.0	0.0	1	1.001876102983545	1.4920167631452608	230.0	16	1.05	0.95				
	115	2	139.59920835052634	28.184067301052636	0.0	0.0	1	1.0356481260772328	7.532600216801379	230.0	16	1.05	0.95				
	116	2	44.03760515789474	8.807521031578949	0.0	0.0	1	1.0316403572149104	6.9576812418972915	230.0	16	1.05	0.95				
	117	1	0.0	0.0	0.0	0.0	1	1.0387780516626057	9.083346301639958	230.0	17	1.05	0.95				
	118	2	146.64522517578948	29.945571507368424	0.0	0.0	1	1.0409271350395388	9.205542508188278	230.0	17	1.05	0.95				
	119	1	79.70806533578948	16.293913908421054	0.0	0.0	1	1.0250834716278245	5.777637795665805	230.0	15	1.05	0.95				
	120	1	56.36813460210527	11.449777341052632	0.0	0.0	1	1.0225982900168393	5.606100587306723	230.0	15	1.05	0.95				
	121	2	0.0	0.0	0.0	0.0	1	1.0443247868905203	10.33118525455092	230.0	17	1.05	0.95				
	122	2	0.0	0.0	0.0	0.0	1	1.05	16.73089143375958	230.0	17	1.05	0.95				
	123	2	0.0	0.0	0.0	0.0	1	1.0218301375908772	5.853846249156964	230.0	15	1.05	0.95				
	124	1	0.0	0.0	0.0	0.0	1	1.0227525000116588	4.646491032732796	230.0	16	1.05	0.95				
	201	2	43.92759327157895	8.948213444210525	0.0	0.0	2	1.0266408019387072	-5.676924742466196	138.0	21	1.05	0.95				
	202	2	39.45348654947368	8.134739494736841	0.0	0.0	2	1.0276162609614294	-5.455330079252598	138.0	22	1.05	0.95				
	203	1	73.21265545263158	15.049268065263158	0.0	0.0	2	1.017955470849347	-5.883115276595216	138.0	21	1.05	0.95				
	204	1	30.098536130526316	6.101054621052632	0.0	0.0	2	1.0189111109197775	-7.190106017413207	138.0	21	1.05	0.95				
	205	1	28.878325206315793	5.69431764631579	0.0	0.0	2	1.0334209860820172	-7.369114213046544	138.0	21	1.05	0.95				
	206	1	55.31622856421053	11.38863529263158	0.0	-100.0	2	1.0454463073610096	-8.678408517754136	138.0	22	1.05	0.95				
	207	2	50.84212184210526	10.168424368421054	0.0	0.0	2	0.9926906570250273	-14.6125147446185	138.0	22	1.05	0.95				
	208	1	69.55202268000001	14.235794115789474	0.0	0.0	2	0.9996116121711623	-12.79476505689739	138.0	22	1.05	0.95				
	209	1	71.17897057894737	14.642531090526315	0.0	0.0	2	1.023101923141862	-6.939073632976715	138.0	23	1.05	0.95				
	210	1	79.3137100736842	16.269478989473683	0.0	0.0	2	1.05	-7.780640375292644	138.0	23	1.05	0.95				
	211	1	0.0	0.0	0.0	0.0	2	1.0032131517190355	-4.361384928945157	230.0	23	1.05	0.95				
	212	1	0.0	0.0	0.0	0.0	2	1.0068852446113954	-3.471903961840957	230.0	23	1.05	0.95				
	213	2	107.78529830526315	21.963796635789475	0.0	0.0	2	0.9969800014228145	-3.0864551795999287	230.0	24	1.05	0.95				
	214	2	78.90697309894736	15.862742014736844	0.0	0.0	2	1.0014393529030792	-2.3415430267125976	230.0	26	1.05	0.95				
	215	2	128.93562099157896	26.031166383157895	0.0	0.0	2	1.022360585731365	2.7774468253860287	230.0	26	1.05	0.95				
	216	2	40.673697473684214	8.134739494736841	0.0	0.0	2	1.022968392211714	2.959212630543214	230.0	26	1.05	0.95				
	217	1	0.0	0.0	0.0	0.0	2	1.028849521150197	4.628171908027354	230.0	27	1.05	0.95				
	218	2	135.4434125873684	27.658114282105267	0.0	0.0	2	1.0286574773747583	4.429482771633133	230.0	27	1.05	0.95				
	219	1	73.61939242736842	15.049268065263158	0.0	0.0	2	1.0231091262113978	3.106702721403466	230.0	25	1.05	0.95				
	220	1	52.06233276631579	10.575161343157895	0.0	0.0	2	1.0258973329564496	4.033142299602003	230.0	25	1.05	0.95				
	221	2	0.0	0.0	0.0	0.0	2	1.0299639596953933	4.669870179637589	230.0	27	1.05	0.95				
	222	2	0.0	0.0	0.0	0.0	2	1.0499999980121193	11.14547619431683	230.0	27	1.05	0.95				
	223	2	0.0	0.0	0.0	0.0	2	1.0281531948091283	4.853426701133947	230.0	25	1.05	0.95				
	224	1	0.0	0.0	0.0	0.0	2	1.009960839010979	-0.4841497162196672	230.0	26	1.05	0.95				
	301	2	43.254666227368425	8.811135712982457	0.0	0.0	3	1.0085983162709447	-13.55006705597423	138.0	31	1.05	0.95				
	302	2	38.84909837087719	8.010123375438598	0.0	0.0	3	1.0085564715451596	-13.638553287580306	138.0	32	1.05	0.95				
	303	1	72.09111037894738	14.818728244561404	0.0	0.0	3	1.0225718309101468	-8.623260874075536	138.0	31	1.05	0.95				
	304	1	29.63745648912281	6.007592531578947	0.0	0.0	3	1.0117740054143742	-12.079726112637731	138.0	31	1.05	0.95				
	305	1	28.43593798280702	5.607086362807019	0.0	0.0	3	1.0242057574436823	-13.094028145904948	138.0	31	1.05	0.95				
	306	1	54.468838952982466	11.214172725614038	0.0	-100.0	3	1.041404955498683	-13.322075880205114	138.0	32	1.05	0.95				
	307	2	50.063271096491235	10.012654219298247	0.0	0.0	3	0.9942728591309211	-17.36479254468268	138.0	32	1.05	0.95				
	308	1	68.48655486	14.017715907017545	0.0	0.0	3	1.0015390981444243	-15.588323350993287	138.0	32	1.05	0.95				
	309	1	70.08857953508773	14.418222075789474	0.0	0.0	3	1.0268581200300284	-9.16727302391644	138.0	33	1.05	0.95				
	310	1	78.09870291052631	16.020246750877195	0.0	0.0	3	1.05	-11.347366066989583	138.0	33	1.05	0.95				
	311	1	0.0	0.0	0.0	0.0	3	1.0058149005107404	-6.062179279692397	230.0	33	1.05	0.95				
	312	1	0.0	0.0	0.0	0.0	3	1.0099061158568532	-5.68462646135738	230.0	33	1.05	0.95				
	313	2	106.13413472456142	21.627333113684212	0.0	0.0	3	1.0079640944714514	-2.8380106520545456	230.0	34	1.05	0.95				
	314	2	77.69819674175439	15.619740582105266	0.0	0.0	3	1.0021166780316226	-4.5537048300603855	230.0	36	1.05	0.95				
	315	2	126.96045550070177	25.632394801403514	0.0	0.0	3	1.0268102616312729	-0.7807935886022505	230.0	36	1.05	0.95				
	316	2	40.05061687719299	8.010123375438598	0.0	0.0	3	1.0260202330361547	-0.042552380445528025	230.0	36	1.05	0.95				
	317	1	0.0	0.0	0.0	0.0	3	1.0336196734894154	2.169350775228609	230.0	37	1.05	0.95				
	318	2	133.36855420105266	27.234419476491233	0.0	0.0	3	1.0314569689700643	1.4300654675636615	230.0	37	1.05	0.95				
	319	1	72.4916165477193	14.818728244561404	0.0	0.0	3	1.0210091455718766	-0.9527526110752426	230.0	35	1.05	0.95				
	320	1	51.26478960280703	10.413160388070176	0.0	0.0	3	1.0193255440856288	-0.9569127163205935	230.0	35	1.05	0.95				
	321	2	0.0	0.0	0.0	0.0	3	1.0322280476886145	1.2522516789265206	230.0	37	1.05	0.95				
	322	2	0.0	0.0	0.0	0.0	3	1.0461872095631133	5.950746134145908	230.0	37	1.05	0.95				
	323	2	0.0	0.0	0.0	0.0	3	1.018844607591134	-0.6450403211050244	230.0	35	1.05	0.95				
	324	1	0.0	0.0	0.0	0.0	3	1.0152972688789481	-3.733734599559944	230.0	36	1.05	0.95				
	325	1	0.0	0.0	0.0	0.0	3	1.018481925104709	0.2964356294205644	230.0	35	1.05	0.95				
];
