%% MATPOWER Case Format : Version 2
function mpc = RTS_GMLC
mpc.version = '2';

%%-----  Power Flow Data  -----%%
%% system MVA base
mpc.baseMVA = 100.0;
%% bus data
%    bus_i    type    Pd    Qd    Gs    Bs    area    Vm    Va    baseKV    zone    Vmax    Vmin
mpc.bus = [
	101	2	35.710539336000004	7.274369124000001	0.0	0.0	1	1.0140068884319462	-0.4521816908359035	138.0	11	1.05	0.95				
	102	2	32.073354774	6.61306284	0.0	0.0	1	1.011910318674115	-1.0086684966687267	138.0	12	1.05	0.95				
	103	1	59.51756556000001	12.234166254000002	0.0	0.0	1	1.0299328385386255	1.886312088881786	138.0	11	1.05	0.95				
	104	1	24.468332508000003	4.95979713	0.0	0.0	1	1.0142185972321047	-2.2841665389203136	138.0	11	1.05	0.95				
	105	1	23.476373082	4.629143988000001	0.0	0.0	1	1.0278892055970335	-2.3923064292406253	138.0	11	1.05	0.95				
	106	1	44.968827312	9.258287976000002	0.0	-100.0	1	1.0437952916080273	-3.9558474705778894	138.0	12	1.05	0.95				
	107	2	41.33164275	8.26632855	0.0	0.0	1	1.0002744871050335	-10.07465776671497	138.0	12	1.05	0.95				
	108	1	56.541687282	11.57285997	0.0	0.0	1	1.0064573244041635	-7.917377259590292	138.0	12	1.05	0.95				
	109	1	57.86429985	11.903513112	0.0	0.0	1	1.0246664443241358	-1.9388964114594376	138.0	13	1.05	0.95				
	110	1	64.47736268999999	13.22612568	0.0	0.0	1	1.05	-3.2643292559435744	138.0	13	1.05	0.95				
	111	1	0.0	0.0	0.0	0.0	1	1.0042588259622232	0.37522193895656003	230.0	13	1.05	0.95				
	112	1	0.0	0.0	0.0	0.0	1	1.0086352912205672	-0.6952444281184809	230.0	13	1.05	0.95				
	113	3	87.62308263	17.855269668000002	0.0	0.0	1	0.9950765546439938	1.777534202044169e-28	230.0	14	1.05	0.95				
	114	2	64.146709548	12.895472538	0.0	0.0	1	1.006176934463278	3.799995599506324	230.0	16	1.05	0.95				
	115	2	104.817046014	21.161801088	0.0	0.0	1	1.042937380130678	12.05245805270266	230.0	16	1.05	0.95				
	116	2	33.0653142	6.61306284	0.0	0.0	1	1.0355554021111533	10.471050037497097	230.0	16	1.05	0.95				
	117	1	0.0	0.0	0.0	0.0	1	1.0405502307431618	15.79092141074069	230.0	17	1.05	0.95				
	118	2	110.107496286	22.484413656	0.0	0.0	1	1.0499999993010374	16.27494686468382	230.0	17	1.05	0.95				
	119	1	59.848218702	12.234166254000002	0.0	0.0	1	1.024479046609159	6.584143209141674	230.0	15	1.05	0.95				
	120	1	42.323602176	8.596981692000002	0.0	0.0	1	1.0200922059043642	3.8095906784144233	230.0	15	1.05	0.95				
	121	2	0.0	0.0	0.0	0.0	1	1.05	17.54094873399295	230.0	17	1.05	0.95				
	122	2	0.0	0.0	0.0	0.0	1	1.05	33.70623766016872	230.0	17	1.05	0.95				
	123	2	0.0	0.0	0.0	0.0	1	1.0183863322687075	2.5346726961081636	230.0	15	1.05	0.95				
	124	1	0.0	0.0	0.0	0.0	1	1.0253490018142204	8.254252224510326	230.0	16	1.05	0.95				
	201	2	37.722650714526324	7.684243664070175	0.0	0.0	2	1.014578094372325	-16.558704190532808	138.0	21	1.05	0.95				
	202	2	33.88052888249123	6.985676058245614	0.0	0.0	2	1.0136371352657312	-16.862300918094505	138.0	22	1.05	0.95				
	203	1	62.87108452421053	12.923500707754387	0.0	0.0	2	1.0158919022796873	-12.136916054192985	138.0	21	1.05	0.95				
	204	1	25.847001415508775	5.239257043684211	0.0	0.0	2	1.0129635260696574	-16.723893849011805	138.0	21	1.05	0.95				
	205	1	24.79915000677193	4.889973240771931	0.0	0.0	2	1.0282034535517763	-17.18814627925151	138.0	21	1.05	0.95				
	206	1	47.502597196070184	9.779946481543861	0.0	-100.0	2	1.0440677349946776	-18.005434647719643	138.0	22	1.05	0.95				
	207	2	43.660475364035086	8.732095072807018	0.0	0.0	2	0.9965584167177681	-22.08719758739572	138.0	22	1.05	0.95				
	208	1	59.727530298	12.224933101929825	0.0	0.0	2	1.0038043519337123	-20.55979335610597	138.0	22	1.05	0.95				
	209	1	61.12466550964912	12.574216904842107	0.0	0.0	2	1.0218001362411169	-15.15402715730838	138.0	23	1.05	0.95				
	210	1	68.11034156789474	13.971352116491229	0.0	0.0	2	1.05	-16.69121887820552	138.0	23	1.05	0.95				
	211	1	0.0	0.0	0.0	0.0	2	1.0033803966537678	-12.652102280036777	230.0	23	1.05	0.95				
	212	1	0.0	0.0	0.0	0.0	2	1.0057644559594079	-12.581038698560766	230.0	23	1.05	0.95				
	213	2	92.56020777175439	18.861325357263162	0.0	0.0	2	0.9952366806259724	-12.042565488266614	230.0	24	1.05	0.95				
	214	2	67.76105776498245	13.62206831357895	0.0	0.0	2	1.005287179880755	-9.787106549834704	230.0	26	1.05	0.95				
	215	2	110.72296552319298	22.354163386385967	0.0	0.0	2	1.0214169216668898	-2.7913152098805827	230.0	26	1.05	0.95				
	216	2	34.92838029122807	6.985676058245614	0.0	0.0	2	1.022216467787386	-3.63158688086158	230.0	26	1.05	0.95				
	217	1	0.0	0.0	0.0	0.0	2	1.0269496613615374	-1.3803099024445036	230.0	27	1.05	0.95				
	218	2	116.31150636978948	23.751298598035092	0.0	0.0	2	1.0268842587578813	-1.7722919840152944	230.0	27	1.05	0.95				
	219	1	63.22036832712281	12.923500707754387	0.0	0.0	2	1.0197384292882834	-5.100228861994629	230.0	25	1.05	0.95				
	220	1	44.70832677277193	9.081378875719299	0.0	0.0	2	1.01994402295777	-5.685556973527759	230.0	25	1.05	0.95				
	221	2	0.0	0.0	0.0	0.0	2	1.028589265521845	-1.3130804205003346	230.0	27	1.05	0.95				
	222	2	0.0	0.0	0.0	0.0	2	1.0499999605494312	5.150854902118337	230.0	27	1.05	0.95				
	223	2	0.0	0.0	0.0	0.0	2	1.0202124443591785	-5.733495984572759	230.0	25	1.05	0.95				
	224	1	0.0	0.0	0.0	0.0	2	1.0078450474965952	-6.307644520716331	230.0	26	1.05	0.95				
	301	2	42.21259093894737	8.598861117192982	0.0	0.0	3	1.0110800676853793	-7.035871597048263	138.0	31	1.05	0.95				
	302	2	37.913160380350874	7.817146470175438	0.0	0.0	3	1.0109553638356905	-7.118828133649337	138.0	32	1.05	0.95				
	303	1	70.35431823157894	14.46172096982456	0.0	0.0	3	1.0274750172089242	-2.053146472198062	138.0	31	1.05	0.95				
	304	1	28.92344193964912	5.862859852631578	0.0	0.0	3	1.0137232948280455	-5.461822779909951	138.0	31	1.05	0.95				
	305	1	27.750869969122803	5.472002529122807	0.0	0.0	3	1.0256581862721246	-6.695207347444125	138.0	31	1.05	0.95				
	306	1	53.15659599719298	10.944005058245613	0.0	-100.0	3	1.0422793202767304	-6.975120874359103	138.0	32	1.05	0.95				
	307	2	48.85716543859648	9.771433087719297	0.0	0.0	3	0.9850133800373682	-10.626886965573155	138.0	32	1.05	0.95				
	308	1	66.83660232	13.680006322807014	0.0	0.0	3	0.9968304357283374	-8.939565986494491	138.0	32	1.05	0.95				
	309	1	68.40003161403509	14.070863646315788	0.0	0.0	3	1.0281427994359063	-2.512642049457758	138.0	33	1.05	0.95				
	310	1	76.21717808421052	15.634292940350877	0.0	0.0	3	1.05	-5.09460638137971	138.0	33	1.05	0.95				
	311	1	0.0	0.0	0.0	0.0	3	1.0054517502474982	-0.20289976452536776	230.0	33	1.05	0.95				
	312	1	0.0	0.0	0.0	0.0	3	1.01028053256335	0.4055324058600439	230.0	33	1.05	0.95				
	313	2	103.57719072982454	21.106295469473686	0.0	0.0	3	1.0076933680747135	3.0851574253753085	230.0	34	1.05	0.95				
	314	2	75.82632076070175	15.243435616842104	0.0	0.0	3	0.9988782467004967	0.664370226168019	230.0	36	1.05	0.95				
	315	2	123.90177155228068	25.0148687045614	0.0	0.0	3	1.0301067885299684	3.77578113539928	230.0	36	1.05	0.95				
	316	2	39.08573235087719	7.817146470175438	0.0	0.0	3	1.0283697481128693	4.172834988146041	230.0	36	1.05	0.95				
	317	1	0.0	0.0	0.0	0.0	3	1.0447903687516031	8.565388465872616	230.0	37	1.05	0.95				
	318	2	130.15548872842103	26.57829799859649	0.0	0.0	3	1.0427051048191134	5.928959177611645	230.0	37	1.05	0.95				
	319	1	70.74517555508771	14.46172096982456	0.0	0.0	3	1.021481047163129	3.8725588868105905	230.0	35	1.05	0.95				
	320	1	50.0297374091228	10.16229041122807	0.0	0.0	3	1.0179394276839226	4.382342996584036	230.0	35	1.05	0.95				
	321	2	0.0	0.0	0.0	0.0	3	1.0401167948016714	5.857174241200932	230.0	37	1.05	0.95				
	322	2	0.0	0.0	0.0	0.0	3	1.05	11.246313644926051	230.0	37	1.05	0.95				
	323	2	0.0	0.0	0.0	0.0	3	1.0165119580394424	4.973097563767441	230.0	35	1.05	0.95				
	324	1	0.0	0.0	0.0	0.0	3	1.021109747038204	1.580266614288954	230.0	36	1.05	0.95				
	325	1	0.0	0.0	0.0	0.0	3	1.0160744411686629	6.058078088812777	230.0	35	1.05	0.95				
];

%% generator data
%    bus    Pg    Qg    Qmax    Qmin    Vg    mBase    status    Pmax    Pmin    Pc1    Pc2    Qc1min    Qc1max    Qc2min    Qc2max    ramp_agc    ramp_10    ramp_30    ramp_q    apf
