%% MATPOWER Case Format : Version 2
function mpc = RTS_GMLC
mpc.version = '2';

%%-----  Power Flow Data  -----%%
%% system MVA base
mpc.baseMVA = 100.0;
%% bus data
%    bus_i    type    Pd    Qd    Gs    Bs    area    Vm    Va    baseKV    zone    Vmax    Vmin
mpc.bus = [
	101	2	74.76100938947368	15.229094505263157	0.0	0.0	1	1.0478116457398743	0.07135318317081618	138.0	11	1.05	0.95				
	102	2	67.1464621368421	13.844631368421053	0.0	0.0	1	1.0471317830367382	-0.169902007380388	138.0	12	1.05	0.95				
	103	1	124.60168231578947	25.61256803157895	0.0	0.0	1	1.0272025092985475	-1.6775105569519253	138.0	11	1.05	0.95				
	104	1	51.2251360631579	10.383473526315788	0.0	0.0	1	1.0251888610441997	-3.6382276559662285	138.0	11	1.05	0.95				
	105	1	49.14844135789473	9.691241957894738	0.0	0.0	1	1.0390818443936194	-3.9046725643830875	138.0	11	1.05	0.95				
	106	1	94.14349330526316	19.382483915789475	0.0	-100.0	1	1.0407271628409076	-6.814001387181116	138.0	12	1.05	0.95				
	107	2	86.52894605263157	17.305789210526314	0.0	0.0	1	1.009719623925549	-10.605208996974191	138.0	12	1.05	0.95				
	108	1	118.37159819999998	24.22810489473684	0.0	0.0	1	1.0024199587707014	-10.49522107140588	138.0	12	1.05	0.95				
	109	1	121.1405244736842	24.920336463157895	0.0	0.0	1	1.0259343672105798	-4.536920758224491	138.0	13	1.05	0.95				
	110	1	134.98515584210526	27.689262736842107	0.0	0.0	1	1.05	-5.826308821260083	138.0	13	1.05	0.95				
	111	1	0.0	0.0	0.0	0.0	1	1.0129483117023652	-1.7155316827295877	230.0	13	1.05	0.95				
	112	1	0.0	0.0	0.0	0.0	1	1.014995958780304	-1.1970248895262354	230.0	13	1.05	0.95				
	113	3	183.44136563157895	37.38050469473684	0.0	0.0	1	1.0124136181272054	-2.7738178348641314e-29	230.0	14	1.05	0.95				
	114	2	134.2929242736842	26.997031168421053	0.0	0.0	1	1.0160746901039235	0.30076063572079365	230.0	16	1.05	0.95				
	115	2	219.43740718947367	44.30282037894737	0.0	0.0	1	1.044491766512023	7.932253495673534	230.0	16	1.05	0.95				
	116	2	69.22315684210525	13.844631368421053	0.0	0.0	1	1.0420761934351297	7.319789702877856	230.0	16	1.05	0.95				
	117	1	0.0	0.0	0.0	0.0	1	1.0444096177453939	10.622223618557788	230.0	17	1.05	0.95				
	118	2	230.5131122842105	47.07174665263158	0.0	0.0	1	1.0478177293254531	10.678477259180521	230.0	17	1.05	0.95				
	119	1	125.29391388421051	25.61256803157895	0.0	0.0	1	1.0343264023483116	5.644548189775438	230.0	15	1.05	0.95				
	120	1	88.60564075789473	17.998020778947367	0.0	0.0	1	1.0334033336488349	5.279497541322891	230.0	15	1.05	0.95				
	121	2	0.0	0.0	0.0	0.0	1	1.05	12.170937648542683	230.0	17	1.05	0.95				
	122	2	0.0	0.0	0.0	0.0	1	1.05	23.66307497008956	230.0	17	1.05	0.95				
	123	2	0.0	0.0	0.0	0.0	1	1.034617415217027	5.597720660833507	230.0	15	1.05	0.95				
	124	1	0.0	0.0	0.0	0.0	1	1.0259471664565036	4.35861077667077	230.0	16	1.05	0.95				
	201	2	68.01637020631578	13.855186523508772	0.0	0.0	2	1.0307500979261162	-9.640888196837677	138.0	21	1.05	0.95				
	202	2	61.088776944561396	12.595624112280701	0.0	0.0	2	1.031189975951684	-9.607269788846676	138.0	22	1.05	0.95				
	203	1	113.36061701052631	23.301904607719294	0.0	0.0	2	1.0190693356803864	-8.91387828247896	138.0	21	1.05	0.95				
	204	1	46.60380921543859	9.446718084210525	0.0	0.0	2	1.0172207301720217	-11.23577096899474	138.0	21	1.05	0.95				
	205	1	44.71446559859649	8.816936878596492	0.0	0.0	2	1.0324452359157992	-11.452677612076885	138.0	21	1.05	0.95				
	206	1	85.65024396350877	17.633873757192983	0.0	-100.0	2	1.0399296836703151	-13.047918806456577	138.0	22	1.05	0.95				
	207	2	78.72265070175438	15.744530140350877	0.0	0.0	2	0.9864269185723992	-22.42413004982227	138.0	22	1.05	0.95				
	208	1	107.69258615999999	22.042342196491223	0.0	0.0	2	0.9863160351047122	-19.377254791835625	138.0	22	1.05	0.95				
	209	1	110.21171098245613	22.67212340210526	0.0	0.0	2	1.0251128223818984	-10.006475345434968	138.0	23	1.05	0.95				
	210	1	122.80733509473683	25.191248224561402	0.0	0.0	2	1.05	-11.29219531480973	138.0	23	1.05	0.95				
	211	1	0.0	0.0	0.0	0.0	2	1.0152252082709483	-6.705852565418905	230.0	23	1.05	0.95				
	212	1	0.0	0.0	0.0	0.0	2	1.0182363120738702	-2.903558623074344	230.0	23	1.05	0.95				
	213	2	166.89201948771927	34.00818510315789	0.0	0.0	2	1.0161877330369091	-4.658154376201595	230.0	24	1.05	0.95				
	214	2	122.17755388912279	24.56146701894737	0.0	0.0	2	1.0213679654920524	-4.538508421898535	230.0	26	1.05	0.95				
	215	2	199.6406421796491	40.305997159298244	0.0	0.0	2	1.0378945362154006	2.4839638223225204	230.0	26	1.05	0.95				
	216	2	62.97812056140351	12.595624112280701	0.0	0.0	2	1.038591179948003	2.372267738337648	230.0	26	1.05	0.95				
	217	1	0.0	0.0	0.0	0.0	2	1.0423358494246115	4.954855057798779	230.0	27	1.05	0.95				
	218	2	209.71714146947366	42.825121981754386	0.0	0.0	2	1.043493093584252	5.355825568205736	230.0	27	1.05	0.95				
	219	1	113.99039821614035	23.301904607719294	0.0	0.0	2	1.0365495361342356	1.8812253348705432	230.0	25	1.05	0.95				
	220	1	80.61199431859649	16.374311345964912	0.0	0.0	2	1.0399604759497463	2.650743976460211	230.0	25	1.05	0.95				
	221	2	0.0	0.0	0.0	0.0	2	1.0434312660487308	5.1545386591984865	230.0	27	1.05	0.95				
	222	2	0.0	0.0	0.0	0.0	2	1.05	11.581904044531504	230.0	27	1.05	0.95				
	223	2	0.0	0.0	0.0	0.0	2	1.0435200364693278	3.5368232736644285	230.0	25	1.05	0.95				
	224	1	0.0	0.0	0.0	0.0	2	1.0166511638809526	-1.7524616500748345	230.0	26	1.05	0.95				
	301	2	76.4131603831579	15.565643781754387	0.0	0.0	3	1.0080803355509549	-14.780442522573605	138.0	31	1.05	0.95				
	302	2	68.6303384922807	14.150585256140353	0.0	0.0	3	1.0074812999601517	-14.951092955265386	138.0	32	1.05	0.95				
	303	1	127.35526730526317	26.178582723859652	0.0	0.0	3	1.0276866934202493	-6.699033765086632	138.0	31	1.05	0.95				
	304	1	52.357165447719304	10.612938942105263	0.0	0.0	3	1.0044462091805222	-12.674760181524695	138.0	31	1.05	0.95				
	305	1	50.23457765929824	9.905409679298247	0.0	0.0	3	1.0186217221588059	-13.297609283214229	138.0	31	1.05	0.95				
	306	1	96.22397974175439	19.810819358596493	0.0	-100.0	3	1.0316433180719808	-13.238076353742215	138.0	32	1.05	0.95				
	307	2	88.44115785087719	17.68823157017544	0.0	0.0	3	0.984897988625339	-20.122592929223337	138.0	32	1.05	0.95				
	308	1	120.98750394	24.763524198245612	0.0	0.0	3	0.9878911801302945	-16.74456866892596	138.0	32	1.05	0.95				
	309	1	123.81762099122807	25.471053461052627	0.0	0.0	3	1.0279465079146268	-7.933546976900423	138.0	33	1.05	0.95				
	310	1	137.96820624736844	28.301170512280706	0.0	0.0	3	1.05	-9.54563942883815	138.0	33	1.05	0.95				
	311	1	0.0	0.0	0.0	0.0	3	1.022504277251902	-1.9094780892695986	230.0	33	1.05	0.95				
	312	1	0.0	0.0	0.0	0.0	3	1.0236879940315355	-0.8952900666848715	230.0	33	1.05	0.95				
	313	2	187.49525464385965	38.20658019157895	0.0	0.0	3	1.0442820758537374	4.445184311793136	230.0	34	1.05	0.95				
	314	2	137.2606769845614	27.593641249473688	0.0	0.0	3	1.0309715206699108	-0.8301367784886736	230.0	36	1.05	0.95				
	315	2	224.28677630982455	45.281872819649124	0.0	0.0	3	1.0405636690928435	-1.125347230989028	230.0	36	1.05	0.95				
	316	2	70.75292628070176	14.150585256140353	0.0	0.0	3	1.041228987454735	0.11138920095943755	230.0	36	1.05	0.95				
	317	1	0.0	0.0	0.0	0.0	3	1.0447127823093594	1.0782462360270777	230.0	37	1.05	0.95				
	318	2	235.60724451473683	48.111989870877196	0.0	0.0	3	1.0415527537392217	0.013119244523531632	230.0	37	1.05	0.95				
	319	1	128.06279656807018	26.178582723859652	0.0	0.0	3	1.0400711821817512	1.3522945133777386	230.0	35	1.05	0.95				
	320	1	90.56374563929825	18.395760832982457	0.0	0.0	3	1.0423019595832828	2.4688102933693665	230.0	35	1.05	0.95				
	321	2	0.0	0.0	0.0	0.0	3	1.0425406902163163	0.1992298074094115	230.0	37	1.05	0.95				
	322	2	0.0	0.0	0.0	0.0	3	1.05	4.872267394320102	230.0	37	1.05	0.95				
	323	2	0.0	0.0	0.0	0.0	3	1.0443561853956667	3.103348651256909	230.0	35	1.05	0.95				
	324	1	0.0	0.0	0.0	0.0	3	1.0302802359765282	-1.427620048280148	230.0	36	1.05	0.95				
	325	1	0.0	0.0	0.0	0.0	3	1.0431232408998075	3.861579451143083	230.0	35	1.05	0.95				
];
