%% MATPOWER Case Format : Version 2
function mpc = RTS_GMLC
mpc.version = '2';

%%-----  Power Flow Data  -----%%
%% system MVA base
mpc.baseMVA = 100.0;
%% bus data
%    bus_i    type    Pd    Qd    Gs    Bs    area    Vm    Va    baseKV    zone    Vmax    Vmin
mpc.bus = [
	101	2	51.82236515368422	10.556407716491229	0.0	0.0	1	1.0326586505610118	2.0640205228165853	138.0	11	1.05	0.95				
	102	2	46.5441612954386	9.5967342877193	0.0	0.0	1	1.0322324550395345	1.9343223122953948	138.0	12	1.05	0.95				
	103	1	86.37060858947369	17.753958432280704	0.0	0.0	1	1.0270950746704801	-0.2786292604226262	138.0	11	1.05	0.95				
	104	1	35.50791686456141	7.197550715789474	0.0	0.0	1	1.020428856935646	-1.2418547996077396	138.0	11	1.05	0.95				
	105	1	34.06840672140351	6.71771400140351	0.0	0.0	1	1.0348099264966468	-1.012606708262737	138.0	11	1.05	0.95				
	106	1	65.25779315649125	13.43542800280702	0.0	-100.0	1	1.0437940343154133	-3.2163008056043503	138.0	12	1.05	0.95				
	107	2	59.979589298245614	11.995917859649124	0.0	0.0	1	1.0220993951380328	-3.031241356150362	138.0	12	1.05	0.95				
	108	1	82.05207816	16.794285003508772	0.0	0.0	1	1.0171000648448267	-4.220124857883141	138.0	12	1.05	0.95				
	109	1	83.97142501754387	17.274121717894737	0.0	0.0	1	1.0255794320546276	-1.8952407460213474	138.0	13	1.05	0.95				
	110	1	93.56815930526315	19.1934685754386	0.0	0.0	1	1.05	-2.616381986172248	138.0	13	1.05	0.95				
	111	1	0.0	0.0	0.0	0.0	1	1.0042777706624302	-0.41978181530036207	230.0	13	1.05	0.95				
	112	1	0.0	0.0	0.0	0.0	1	1.0097352977523384	0.2625022779050611	230.0	13	1.05	0.95				
	113	3	127.1567293122807	25.91118257684211	0.0	0.0	1	0.9971151731991792	-7.233923217718679e-29	230.0	14	1.05	0.95				
	114	2	93.0883225908772	18.713631861052633	0.0	0.0	1	0.9998348310579256	1.1745040388332388	230.0	16	1.05	0.95				
	115	2	152.1082384603509	30.709549720701755	0.0	0.0	1	1.039361670368524	6.385181099365668	230.0	16	1.05	0.95				
	116	2	47.983671438596495	9.5967342877193	0.0	0.0	1	1.0349449005151437	6.2186900263289155	230.0	16	1.05	0.95				
	117	1	0.0	0.0	0.0	0.0	1	1.0431667374467366	7.693954349602103	230.0	17	1.05	0.95				
	118	2	159.78562589052632	32.62889657824562	0.0	0.0	1	1.0458650593300864	7.58528815319117	230.0	17	1.05	0.95				
	119	1	86.85044530385966	17.753958432280704	0.0	0.0	1	1.0289569591192755	5.664981899360883	230.0	15	1.05	0.95				
	120	1	61.41909944140351	12.475754574035088	0.0	0.0	1	1.0272221326684443	6.1116443820479365	230.0	15	1.05	0.95				
	121	2	0.0	0.0	0.0	0.0	1	1.05	8.151507074635225	230.0	17	1.05	0.95				
	122	2	0.0	0.0	0.0	0.0	1	1.05	14.482453284823217	230.0	17	1.05	0.95				
	123	2	0.0	0.0	0.0	0.0	1	1.027167573454277	6.726471141658082	230.0	15	1.05	0.95				
	124	1	0.0	0.0	0.0	0.0	1	1.0258909795670692	3.9018400010762524	230.0	16	1.05	0.95				
	201	2	52.257516138947366	10.645049583859649	0.0	0.0	2	1.0304547261613641	-6.233022601133521	138.0	21	1.05	0.95				
	202	2	46.934991347017544	9.677317803508773	0.0	0.0	2	1.030814540105024	-6.228174800462244	138.0	22	1.05	0.95				
	203	1	87.09586023157895	17.903037936491227	0.0	0.0	2	1.0233287088910985	-5.280351228172583	138.0	21	1.05	0.95				
	204	1	35.806075872982454	7.257988352631578	0.0	0.0	2	1.018965760468895	-8.568557383804539	138.0	21	1.05	0.95				
	205	1	34.354478202456136	6.77412246245614	0.0	0.0	2	1.0339800641232615	-8.764399172180674	138.0	21	1.05	0.95				
	206	1	65.80576106385965	13.54824492491228	0.0	-100.0	2	1.043661627477828	-10.640766176558925	138.0	22	1.05	0.95				
	207	2	60.48323627192982	12.096647254385964	0.0	0.0	2	0.9879498536530396	-17.9271055213438	138.0	22	1.05	0.95				
	208	1	82.74106721999999	16.93530615614035	0.0	0.0	2	0.993702846383841	-15.700808613525828	138.0	22	1.05	0.95				
	209	1	84.67653078070175	17.419172046315786	0.0	0.0	2	1.023585636030335	-8.512362577172132	138.0	23	1.05	0.95				
	210	1	94.35384858421052	19.354635607017546	0.0	0.0	2	1.05	-9.7940113694513	138.0	23	1.05	0.95				
	211	1	0.0	0.0	0.0	0.0	2	1.0081231611463566	-5.925904483415462	230.0	23	1.05	0.95				
	212	1	0.0	0.0	0.0	0.0	2	1.0118665664558728	-5.449308906198289	230.0	23	1.05	0.95				
	213	2	128.22446089649122	26.128758069473683	0.0	0.0	2	1.0031436469141626	-5.173110072732185	230.0	24	1.05	0.95				
	214	2	93.86998269403509	18.870769716842105	0.0	0.0	2	1.0108515561242435	-3.2704196739098226	230.0	26	1.05	0.95				
	215	2	153.385487185614	30.96741697122807	0.0	0.0	2	1.0308790440517024	3.5405534334007394	230.0	26	1.05	0.95				
	216	2	48.386589017543855	9.677317803508773	0.0	0.0	2	1.033150082972452	3.381338199998739	230.0	26	1.05	0.95				
	217	1	0.0	0.0	0.0	0.0	2	1.0377653347786273	6.276500939379337	230.0	27	1.05	0.95				
	218	2	161.12734142842103	32.902880531929824	0.0	0.0	2	1.0395982477733001	6.87274769169561	230.0	27	1.05	0.95				
	219	1	87.57972612175439	17.903037936491227	0.0	0.0	2	1.0332219818681372	2.247834672577437	230.0	25	1.05	0.95				
	220	1	61.93483394245614	12.580513144561403	0.0	0.0	2	1.0369186976543374	2.1947254329377746	230.0	25	1.05	0.95				
	221	2	0.0	0.0	0.0	0.0	2	1.039131054503102	6.514956055690221	230.0	27	1.05	0.95				
	222	2	0.0	0.0	0.0	0.0	2	1.05	12.92262580919175	230.0	27	1.05	0.95				
	223	2	0.0	0.0	0.0	0.0	2	1.0397257651340104	2.5274987791481904	230.0	25	1.05	0.95				
	224	1	0.0	0.0	0.0	0.0	2	1.0170336793931494	0.22921701604557315	230.0	26	1.05	0.95				
	301	2	56.084150576842106	11.424549191578947	0.0	0.0	3	1.007194638783226	-30.12858839356716	138.0	31	1.05	0.95				
	302	2	50.371875981052625	10.385953810526317	0.0	0.0	3	1.006629705883952	-30.265945132985305	138.0	32	1.05	0.95				
	303	1	93.47358429473684	19.214014549473685	0.0	0.0	3	1.0223679984459126	-23.353323774002114	138.0	31	1.05	0.95				
	304	1	38.42802909894737	7.789465357894737	0.0	0.0	3	1.0079784917053607	-28.526399959268367	138.0	31	1.05	0.95				
	305	1	36.870136027368424	7.270167667368421	0.0	0.0	3	1.0215926290736315	-29.393328981450004	138.0	31	1.05	0.95				
	306	1	70.62448591157894	14.540335334736842	0.0	-100.0	3	1.0374032836574876	-29.576367016765573	138.0	32	1.05	0.95				
	307	2	64.91221131578948	12.982442263157894	0.0	0.0	3	0.9919072299880513	-35.48054737047806	138.0	32	1.05	0.95				
	308	1	88.79990508	18.175419168421055	0.0	0.0	3	0.9950284988977648	-33.05673027994643	138.0	32	1.05	0.95				
	309	1	90.87709584210526	18.69471685894737	0.0	0.0	3	1.0264996548179794	-24.983788607862667	138.0	33	1.05	0.95				
	310	1	101.26304965263158	20.771907621052634	0.0	0.0	3	1.05	-26.990092152525825	138.0	33	1.05	0.95				
	311	1	0.0	0.0	0.0	0.0	3	1.0153530277682148	-20.038666936830225	230.0	33	1.05	0.95				
	312	1	0.0	0.0	0.0	0.0	3	1.015663775346958	-19.556887991794678	230.0	33	1.05	0.95				
	313	2	137.61388798947368	28.042075288421053	0.0	0.0	3	1.0210658757366158	-16.40685268361828	230.0	34	1.05	0.95				
	314	2	100.74375196210525	20.252609930526315	0.0	0.0	3	1.0251816406850807	-17.289055136254476	230.0	36	1.05	0.95				
	315	2	164.61736789684213	33.23505219368421	0.0	0.0	3	1.0472739988612867	-10.638368966461659	230.0	36	1.05	0.95				
	316	2	51.92976905263158	10.385953810526317	0.0	0.0	3	1.0466634290705883	-10.31928792605066	230.0	36	1.05	0.95				
	317	1	0.0	0.0	0.0	0.0	3	1.0480641363898282	-7.748413167996301	230.0	37	1.05	0.95				
	318	2	172.92613094526317	35.31224295578947	0.0	0.0	3	1.048330166357173	-7.2085334969819455	230.0	37	1.05	0.95				
	319	1	93.99288198526317	19.214014549473685	0.0	0.0	3	1.0432878480897962	-11.527576659509478	230.0	35	1.05	0.95				
	320	1	66.47010438736842	13.501739953684211	0.0	0.0	3	1.0443528940245341	-11.601909190990172	230.0	35	1.05	0.95				
	321	2	0.0	0.0	0.0	0.0	3	1.05	-6.710432486192226	230.0	37	1.05	0.95				
	322	2	0.0	0.0	0.0	0.0	3	1.05	-1.3423416427033883	230.0	37	1.05	0.95				
	323	2	0.0	0.0	0.0	0.0	3	1.045845249038326	-11.25910515546815	230.0	35	1.05	0.95				
	324	1	0.0	0.0	0.0	0.0	3	1.0218561874452647	-15.340903239352706	230.0	36	1.05	0.95				
	325	1	0.0	0.0	0.0	0.0	3	1.0391458953968165	-9.674186771669318	230.0	35	1.05	0.95				
];
