%% MATPOWER Case Format : Version 2
function mpc = RTS_GMLC
mpc.version = '2';

%%-----  Power Flow Data  -----%%
%% system MVA base
mpc.baseMVA = 100.0;
%% bus data
%    bus_i    type    Pd    Qd    Gs    Bs    area    Vm    Va    baseKV    zone    Vmax    Vmin
mpc.bus = [
	101	2	64.50074219368422	13.139040076491229	0.0	0.0	1	1.032317563229524	1.8114110961111074	138.0	11	1.05	0.95				
	102	2	57.9312221554386	11.9445818877193	0.0	0.0	1	1.0323504430208679	1.7623276027479546	138.0	12	1.05	0.95				
	103	1	107.5012369894737	22.097476492280702	0.0	0.0	1	1.0246783281547371	0.3810783195984165	138.0	11	1.05	0.95				
	104	1	44.194952984561404	8.958436415789475	0.0	0.0	1	1.01838827464028	-1.6033069816963275	138.0	11	1.05	0.95				
	105	1	42.403265701403505	8.36120732140351	0.0	0.0	1	1.0329262233375422	-1.5194224637528584	138.0	11	1.05	0.95				
	106	1	81.22315683649124	16.72241464280702	0.0	-100.0	1	1.04028858804898	-3.9332063184874695	138.0	12	1.05	0.95				
	107	2	74.65363679824561	14.930727359649124	0.0	0.0	1	1.040431848478656	-1.8049174775008736	138.0	12	1.05	0.95				
	108	1	102.12617514	20.903018303508773	0.0	0.0	1	1.02443967062591	-3.944067679026355	138.0	12	1.05	0.95				
	109	1	104.51509151754385	21.500247397894736	0.0	0.0	1	1.026024013991346	-1.9394842483484005	138.0	13	1.05	0.95				
	110	1	116.45967340526315	23.8891637754386	0.0	0.0	1	1.05	-3.010263589594124	138.0	13	1.05	0.95				
	111	1	0.0	0.0	0.0	0.0	1	1.008473716279177	-0.062130126156705046	230.0	13	1.05	0.95				
	112	1	0.0	0.0	0.0	0.0	1	1.0129708416366487	0.4020095289104357	230.0	13	1.05	0.95				
	113	3	158.26571001228072	32.25037109684211	0.0	0.0	1	1.0037750281768862	-5.392857063293551e-28	230.0	14	1.05	0.95				
	114	2	115.8624443108772	23.291934681052634	0.0	0.0	1	1.007716074606083	2.3904904273910703	230.0	16	1.05	0.95				
	115	2	189.32162292035088	38.222662040701756	0.0	0.0	1	1.0431638138041353	9.884018219573761	230.0	16	1.05	0.95				
	116	2	59.722909438596496	11.9445818877193	0.0	0.0	1	1.0407423594052674	9.36695176237073	230.0	16	1.05	0.95				
	117	1	0.0	0.0	0.0	0.0	1	1.0445902242204193	12.518174136894956	230.0	17	1.05	0.95				
	118	2	198.87728843052633	40.61157841824562	0.0	0.0	1	1.0484262504262958	12.562654932771013	230.0	17	1.05	0.95				
	119	1	108.09846608385966	22.097476492280702	0.0	0.0	1	1.0343318677817825	7.793592593207469	230.0	15	1.05	0.95				
	120	1	76.44532408140351	15.527956454035088	0.0	0.0	1	1.0339054851599618	7.560123703315273	230.0	15	1.05	0.95				
	121	2	0.0	0.0	0.0	0.0	1	1.05	13.151332330458667	230.0	17	1.05	0.95				
	122	2	0.0	0.0	0.0	0.0	1	1.05	25.003669897417183	230.0	17	1.05	0.95				
	123	2	0.0	0.0	0.0	0.0	1	1.0349596569754842	7.880620938225326	230.0	15	1.05	0.95				
	124	1	0.0	0.0	0.0	0.0	1	1.0243116374097603	6.354838068309297	230.0	16	1.05	0.95				
	201	2	67.81237211368422	13.813631356491229	0.0	0.0	2	1.0322489256610774	-10.677118197104834	138.0	21	1.05	0.95				
	202	2	60.90555643543859	12.557846687719298	0.0	0.0	2	1.0323553471629174	-10.782626366040523	138.0	22	1.05	0.95				
	203	1	113.0206201894737	23.2320163722807	0.0	0.0	2	1.0252025495186592	-7.535731745065237	138.0	21	1.05	0.95				
	204	1	46.4640327445614	9.418385015789474	0.0	0.0	2	1.0172439738696606	-12.924845917462237	138.0	21	1.05	0.95				
	205	1	44.5803557414035	8.79049268140351	0.0	0.0	2	1.0329241879037454	-13.319403945775623	138.0	21	1.05	0.95				
	206	1	85.39335747649123	17.58098536280702	0.0	-100.0	2	1.0398952818787244	-15.397246107907417	138.0	22	1.05	0.95				
	207	2	78.48654179824561	15.697308359649123	0.0	0.0	2	0.9862743353757584	-24.82393882571189	138.0	22	1.05	0.95				
	208	1	107.36958917999999	21.97623170350877	0.0	0.0	2	0.9860892812375762	-21.783944309264143	138.0	22	1.05	0.95				
	209	1	109.88115851754385	22.604124037894735	0.0	0.0	2	1.0242487962249862	-12.127494908197862	138.0	23	1.05	0.95				
	210	1	122.43900520526316	25.115693375438596	0.0	0.0	2	1.05	-14.01351930399234	138.0	23	1.05	0.95				
	211	1	0.0	0.0	0.0	0.0	2	1.017565465809187	-8.60341633237571	230.0	23	1.05	0.95				
	212	1	0.0	0.0	0.0	0.0	2	1.0168787496069525	-7.939251904286446	230.0	23	1.05	0.95				
	213	2	166.3914686122807	33.90618605684211	0.0	0.0	2	1.0188290778822036	-7.033714279692777	230.0	24	1.05	0.95				
	214	2	121.81111287087718	24.487801041052634	0.0	0.0	2	1.0283168916968073	-5.5388183863652065	230.0	26	1.05	0.95				
	215	2	199.04187000035088	40.185109400701755	0.0	0.0	2	1.0418891408813746	2.9981790669417334	230.0	26	1.05	0.95				
	216	2	62.78923343859649	12.557846687719298	0.0	0.0	2	1.04463730299091	2.5960481566517597	230.0	26	1.05	0.95				
	217	1	0.0	0.0	0.0	0.0	2	1.0467372591225315	6.221059521417536	230.0	27	1.05	0.95				
	218	2	209.08814735052636	42.696678738245616	0.0	0.0	2	1.0493946630165112	6.945865239108502	230.0	27	1.05	0.95				
	219	1	113.64851252385965	23.2320163722807	0.0	0.0	2	1.0428264037269146	1.3043299685716159	230.0	25	1.05	0.95				
	220	1	80.37021880140351	16.32520069403509	0.0	0.0	2	1.0465314800644805	1.3617714665389042	230.0	25	1.05	0.95				
	221	2	0.0	0.0	0.0	0.0	2	1.04983014954362	7.052048071698621	230.0	27	1.05	0.95				
	222	2	0.0	0.0	0.0	0.0	2	1.05	13.237428856819188	230.0	27	1.05	0.95				
	223	2	0.0	0.0	0.0	0.0	2	1.05	1.8512017926749964	230.0	25	1.05	0.95				
	224	1	0.0	0.0	0.0	0.0	2	1.0224862303812923	-0.923796070912362	230.0	26	1.05	0.95				
	301	2	63.20784562105264	12.875672256140353	0.0	0.0	3	1.00860347076603	-27.012843080880486	138.0	31	1.05	0.95				
	302	2	56.77000949298245	11.705156596491229	0.0	0.0	3	1.0077576295257362	-27.206437221447516	138.0	32	1.05	0.95				
	303	1	105.34640936842106	21.654539703508775	0.0	0.0	3	1.0310774180261848	-17.87545493943445	138.0	31	1.05	0.95				
	304	1	43.30907940701755	8.778867447368421	0.0	0.0	3	1.0078921369105838	-25.235076752966467	138.0	31	1.05	0.95				
	305	1	41.55330591754386	8.19360961754386	0.0	0.0	3	1.021437555242536	-26.51592806278481	138.0	31	1.05	0.95				
	306	1	79.59506485614037	16.38721923508772	0.0	-100.0	3	1.0357448813479704	-26.889783262053403	138.0	32	1.05	0.95				
	307	2	73.15722872807018	14.631445745614036	0.0	0.0	3	0.9949972418578166	-31.403702462294884	138.0	32	1.05	0.95				
	308	1	100.07908890000002	20.484024043859648	0.0	0.0	3	0.995704918573414	-29.535056587511043	138.0	32	1.05	0.95				
	309	1	102.42012021929825	21.06928187368421	0.0	0.0	3	1.0283889103678407	-21.244517448944578	138.0	33	1.05	0.95				
	310	1	114.12527681578948	23.410313192982457	0.0	0.0	3	1.05	-24.139575121465953	138.0	33	1.05	0.95				
	311	1	0.0	0.0	0.0	0.0	3	1.0182769136004544	-17.02945858968821	230.0	33	1.05	0.95				
	312	1	0.0	0.0	0.0	0.0	3	1.0184461595844747	-16.42358819395208	230.0	33	1.05	0.95				
	313	2	155.09332490350877	31.60392281052632	0.0	0.0	3	1.0246989140627776	-13.5055772369122	230.0	34	1.05	0.95				
	314	2	113.5400189859649	22.825055363157894	0.0	0.0	3	1.0284203675705113	-14.485387618197617	230.0	36	1.05	0.95				
	315	2	185.52673205438597	37.45650110877193	0.0	0.0	3	1.0480503515457558	-7.710667804920382	230.0	36	1.05	0.95				
	316	2	58.52578298245614	11.705156596491229	0.0	0.0	3	1.0485339077506017	-7.391546922749089	230.0	36	1.05	0.95				
	317	1	0.0	0.0	0.0	0.0	3	1.0499973210629077	-4.670532951585219	230.0	37	1.05	0.95				
	318	2	194.89085733157896	39.797532428070184	0.0	0.0	3	1.0491272390678739	-4.573257744653635	230.0	37	1.05	0.95				
	319	1	105.93166719824563	21.654539703508775	0.0	0.0	3	1.0455135285294346	-8.588856331820166	230.0	35	1.05	0.95				
	320	1	74.91300221754386	15.216703575438597	0.0	0.0	3	1.047617664263603	-8.53549359551794	230.0	35	1.05	0.95				
	321	2	0.0	0.0	0.0	0.0	3	1.05	-3.9542696573373632	230.0	37	1.05	0.95				
	322	2	0.0	0.0	0.0	0.0	3	1.05	1.5411598946515412	230.0	37	1.05	0.95				
	323	2	0.0	0.0	0.0	0.0	3	1.0499999988465656	-8.07853738998277	230.0	35	1.05	0.95				
	324	1	0.0	0.0	0.0	0.0	3	1.0289176308240622	-11.493653366025676	230.0	36	1.05	0.95				
	325	1	0.0	0.0	0.0	0.0	3	1.0417574716311275	-6.361490760521509	230.0	35	1.05	0.95				
];
