%% MATPOWER Case Format : Version 2
function mpc = RTS_GMLC
mpc.version = '2';

%%-----  Power Flow Data  -----%%
%% system MVA base
mpc.baseMVA = 100.0;
%% bus data
%    bus_i    type    Pd    Qd    Gs    Bs    area    Vm    Va    baseKV    zone    Vmax    Vmin
mpc.bus = [
	101	2	42.35032163368421	8.626917369824561	0.0	0.0	1	1.020623697713868	1.8322416933292878	138.0	11	1.05	0.95				
	102	2	38.036862948771926	7.842652154385965	0.0	0.0	1	1.0186960035064894	1.2906512158040844	138.0	12	1.05	0.95				
	103	1	70.58386938947368	14.508906485614034	0.0	0.0	1	1.030941902440977	3.3570192444757097	138.0	11	1.05	0.95				
	104	1	29.017812971228068	5.881989115789472	0.0	0.0	1	1.0186045401510915	-0.5923533206782192	138.0	11	1.05	0.95				
	105	1	27.84141514807017	5.489856508070176	0.0	0.0	1	1.029807892458288	-1.224689100957452	138.0	11	1.05	0.95				
	106	1	53.330034649824555	10.979713016140352	0.0	-100.0	1	1.0430956834272063	-3.436091896218581	138.0	12	1.05	0.95				
	107	2	49.01657596491227	9.803315192982454	0.0	0.0	1	0.9973807119390106	-11.985446497422451	138.0	12	1.05	0.95				
	108	1	67.05467592	13.724641270175436	0.0	0.0	1	1.00154176927089	-9.059196354084836	138.0	12	1.05	0.95				
	109	1	68.62320635087718	14.116773877894733	0.0	0.0	1	1.0248412808262657	-1.5182364988834516	138.0	13	1.05	0.95				
	110	1	76.46585850526316	15.68530430877193	0.0	0.0	1	1.05	-3.041443114178666	138.0	13	1.05	0.95				
	111	1	0.0	0.0	0.0	0.0	1	1.0078522416530789	0.6348929238895611	230.0	13	1.05	0.95				
	112	1	0.0	0.0	0.0	0.0	1	1.0126418543451297	-0.5898972724309652	230.0	13	1.05	0.95				
	113	3	103.915141045614	21.175160816842105	0.0	0.0	1	1.001373719982887	-7.618717462517653e-30	230.0	14	1.05	0.95				
	114	2	76.07372589754385	15.29317170105263	0.0	0.0	1	1.0109353979898357	4.190981275496914	230.0	16	1.05	0.95				
	115	2	124.30603664701754	25.096486894035085	0.0	0.0	1	1.0417530648729063	13.327382641365904	230.0	16	1.05	0.95				
	116	2	39.21326077192982	7.842652154385965	0.0	0.0	1	1.0351192088754597	11.48510442275523	230.0	16	1.05	0.95				
	117	1	0.0	0.0	0.0	0.0	1	1.0396777400302808	17.337414790819512	230.0	17	1.05	0.95				
	118	2	130.5801583705263	26.665017324912277	0.0	0.0	1	1.05	18.009290302035524	230.0	17	1.05	0.95				
	119	1	70.97600199719297	14.508906485614034	0.0	0.0	1	1.026055142642048	7.101787728410668	230.0	15	1.05	0.95				
	120	1	50.19297378807017	10.195447800701753	0.0	0.0	1	1.0247234183100855	3.794897711986562	230.0	15	1.05	0.95				
	121	2	0.0	0.0	0.0	0.0	1	1.05	19.403848992023505	230.0	17	1.05	0.95				
	122	2	0.0	0.0	0.0	0.0	1	1.05	35.98245891617351	230.0	17	1.05	0.95				
	123	2	0.0	0.0	0.0	0.0	1	1.0253016846877883	2.2767636160473677	230.0	15	1.05	0.95				
	124	1	0.0	0.0	0.0	0.0	1	1.0252359297859608	9.594565375435382	230.0	16	1.05	0.95				
	201	2	41.649614336842106	8.484180698245613	0.0	0.0	2	1.0127569431910048	-20.612341033460854	138.0	21	1.05	0.95				
	202	2	37.4075239877193	7.71289154385965	0.0	0.0	2	1.0117898335987359	-20.942371302751223	138.0	22	1.05	0.95				
	203	1	69.41602389473684	14.26884935614035	0.0	0.0	2	1.015134449329517	-15.178326426679817	138.0	21	1.05	0.95				
	204	1	28.5376987122807	5.784668657894736	0.0	0.0	2	1.011304148831224	-20.725615223708406	138.0	21	1.05	0.95				
	205	1	27.380764980701755	5.399024080701755	0.0	0.0	2	1.0267606481371219	-21.289987727679847	138.0	21	1.05	0.95				
	206	1	52.44766249824562	10.79804816140351	0.0	-100.0	2	1.0425765374445306	-22.16672603890514	138.0	22	1.05	0.95				
	207	2	48.20557214912281	9.641114429824562	0.0	0.0	2	0.9940050935461753	-26.70097422484206	138.0	22	1.05	0.95				
	208	1	65.94522269999999	13.497560201754386	0.0	0.0	2	1.0008709227381807	-24.987086559015445	138.0	22	1.05	0.95				
	209	1	67.48780100877192	13.883204778947366	0.0	0.0	2	1.0217136115865535	-18.942954314912157	138.0	23	1.05	0.95				
	210	1	75.20069255263158	15.4257830877193	0.0	0.0	2	1.05	-20.7241258130186	138.0	23	1.05	0.95				
	211	1	0.0	0.0	0.0	0.0	2	1.0064907686052376	-16.274555618274583	230.0	23	1.05	0.95				
	212	1	0.0	0.0	0.0	0.0	2	1.0084221947342975	-16.23254954407299	230.0	23	1.05	0.95				
	213	2	102.19581295614036	20.824807168421053	0.0	0.0	2	0.9999182050114682	-15.648364892566109	230.0	24	1.05	0.95				
	214	2	74.8150479754386	15.040138510526315	0.0	0.0	2	1.0112312703678201	-13.170645629365431	230.0	26	1.05	0.95				
	215	2	122.24933097017544	24.681252940350877	0.0	0.0	2	1.0287285600693996	-4.805067993956982	230.0	26	1.05	0.95				
	216	2	38.56445771929825	7.71289154385965	0.0	0.0	2	1.0287903325929268	-6.464761555603276	230.0	26	1.05	0.95				
	217	1	0.0	0.0	0.0	0.0	2	1.0320750732163266	-3.576888785350381	230.0	27	1.05	0.95				
	218	2	128.41964420526315	26.22383124912281	0.0	0.0	2	1.0325290489782928	-3.9888144811443875	230.0	27	1.05	0.95				
	219	1	69.80166847192983	14.26884935614035	0.0	0.0	2	1.0263203104201124	-8.155373248199668	230.0	25	1.05	0.95				
	220	1	49.362505880701754	10.026759007017544	0.0	0.0	2	1.0270588594836063	-8.872431903969213	230.0	25	1.05	0.95				
	221	2	0.0	0.0	0.0	0.0	2	1.034046935937119	-3.4660255540302747	230.0	27	1.05	0.95				
	222	2	0.0	0.0	0.0	0.0	2	1.05	2.986301420704962	230.0	27	1.05	0.95				
	223	2	0.0	0.0	0.0	0.0	2	1.027769747965123	-8.969436071306442	230.0	25	1.05	0.95				
	224	1	0.0	0.0	0.0	0.0	2	1.0108432535078156	-8.678068573492201	230.0	26	1.05	0.95				
	301	2	56.2549825894737	11.459348305263159	0.0	0.0	3	1.0034269234936966	-3.0967145719958546	138.0	31	1.05	0.95				
	302	2	50.52530843684211	10.417589368421055	0.0	0.0	3	1.0028573668521632	-3.2190611744366264	138.0	32	1.05	0.95				
	303	1	93.75830431578949	19.27254033157895	0.0	0.0	3	1.0303319808548592	2.778782651965958	138.0	31	1.05	0.95				
	304	1	38.5450806631579	7.81319202631579	0.0	0.0	3	1.0071492631002916	-1.5412991777403002	138.0	31	1.05	0.95				
	305	1	36.98244225789474	7.292312557894738	0.0	0.0	3	1.0195469266817911	-2.1962243185010566	138.0	31	1.05	0.95				
	306	1	70.83960770526318	14.584625115789477	0.0	-100.0	3	1.0363948222195982	-2.291215136450108	138.0	32	1.05	0.95				
	307	2	65.10993355263159	13.021986710526317	0.0	0.0	3	0.991663797203349	-6.887936858664294	138.0	32	1.05	0.95				
	308	1	89.07038910000001	18.230781394736844	0.0	0.0	3	0.9990226481693593	-4.530224741455842	138.0	32	1.05	0.95				
	309	1	91.15390697368422	18.751660863157895	0.0	0.0	3	1.0280722295963196	1.9493392871186468	138.0	33	1.05	0.95				
	310	1	101.57149634210528	20.83517873684211	0.0	0.0	3	1.05	0.37601535658222957	138.0	33	1.05	0.95				
	311	1	0.0	0.0	0.0	0.0	3	1.0102624424489832	5.547813198458156	230.0	33	1.05	0.95				
	312	1	0.0	0.0	0.0	0.0	3	1.0149977499371776	6.364185246466653	230.0	33	1.05	0.95				
	313	2	138.03305913157897	28.12749129473685	0.0	0.0	3	1.0141090537151272	9.33560003727812	230.0	34	1.05	0.95				
	314	2	101.05061687368422	20.314299268421056	0.0	0.0	3	1.009854419620189	6.699455980710241	230.0	36	1.05	0.95				
	315	2	165.1187914894737	33.33628597894737	0.0	0.0	3	1.0386792750033058	5.975037102219094	230.0	36	1.05	0.95				
	316	2	52.08794684210527	10.417589368421055	0.0	0.0	3	1.0372428992980491	6.8648495359313895	230.0	36	1.05	0.95				
	317	1	0.0	0.0	0.0	0.0	3	1.0499999951079593	8.655686619614578	230.0	37	1.05	0.95				
	318	2	173.45286298421055	35.41980385263159	0.0	0.0	3	1.0483010386190141	6.011904597801409	230.0	37	1.05	0.95				
	319	1	94.27918378421055	19.27254033157895	0.0	0.0	3	1.0331921979129874	8.430680465524153	230.0	35	1.05	0.95				
	320	1	66.67257195789475	13.54286617894737	0.0	0.0	3	1.0308142671565854	9.459873317453399	230.0	35	1.05	0.95				
	321	2	0.0	0.0	0.0	0.0	3	1.0457256518545395	6.634499771304034	230.0	37	1.05	0.95				
	322	2	0.0	0.0	0.0	0.0	3	1.05	11.769979677234785	230.0	37	1.05	0.95				
	323	2	0.0	0.0	0.0	0.0	3	1.0295724407159814	9.964093691595524	230.0	35	1.05	0.95				
	324	1	0.0	0.0	0.0	0.0	3	1.0318883098623304	6.459418059494328	230.0	36	1.05	0.95				
	325	1	0.0	0.0	0.0	0.0	3	1.0294223106191231	10.771097603077987	230.0	35	1.05	0.95				
];
