%% MATPOWER Case Format : Version 2
function mpc = RTS_GMLC
mpc.version = '2';

%%-----  Power Flow Data  -----%%
%% system MVA base
mpc.baseMVA = 100.0;
%% bus data
%    bus_i    type    Pd    Qd    Gs    Bs    area    Vm    Va    baseKV    zone    Vmax    Vmin
mpc.bus = [
	101	2	71.28748144421053	14.52152399789474	0.0	0.0	1	1.0498434480246595	0.9629773446138364	138.0	11	1.05	0.95				
	102	2	64.02671944526315	13.20138545263158	0.0	0.0	1	1.0486376906199495	0.5648301964587983	138.0	12	1.05	0.95				
	103	1	118.81246907368421	24.422563087368424	0.0	0.0	1	1.0317000664557339	0.018297018690195937	138.0	11	1.05	0.95				
	104	1	48.84512617473685	9.901039089473684	0.0	0.0	1	1.026844677457772	-2.9248866836733547	138.0	11	1.05	0.95				
	105	1	46.864918356842104	9.240969816842107	0.0	0.0	1	1.0401948434851114	-3.340855763011294	138.0	11	1.05	0.95				
	106	1	89.76942107789475	18.481939633684213	0.0	-100.0	1	1.0417783993433183	-6.445959076870696	138.0	12	1.05	0.95				
	107	2	82.50865907894737	16.501731815789476	0.0	0.0	1	0.9987921378348824	-14.341163055122609	138.0	12	1.05	0.95				
	108	1	112.87184562000002	23.10242454210526	0.0	0.0	1	0.9946619116811338	-12.433500806861245	138.0	12	1.05	0.95				
	109	1	115.51212271052633	23.762493814736843	0.0	0.0	1	1.0255873530152548	-4.219950883015375	138.0	13	1.05	0.95				
	110	1	128.71350816315788	26.40277090526316	0.0	0.0	1	1.05	-5.711612060096508	138.0	13	1.05	0.95				
	111	1	0.0	0.0	0.0	0.0	1	1.0134320562964652	-1.4598827840490973	230.0	13	1.05	0.95				
	112	1	0.0	0.0	0.0	0.0	1	1.015537179259662	-1.2780177386133453	230.0	13	1.05	0.95				
	113	3	174.91835724736845	35.643740722105264	0.0	0.0	1	1.0127826457571656	-2.0060075413416395e-29	230.0	14	1.05	0.95				
	114	2	128.0534388905263	25.742701632631583	0.0	0.0	1	1.017485539962317	0.8129371536040907	230.0	16	1.05	0.95				
	115	2	209.24195942421053	42.24443344842106	0.0	0.0	1	1.0435082452403588	9.019962625912585	230.0	16	1.05	0.95				
	116	2	66.0069272631579	13.20138545263158	0.0	0.0	1	1.0414452781732098	8.00165413658861	230.0	16	1.05	0.95				
	117	1	0.0	0.0	0.0	0.0	1	1.045538325230033	11.90056527483415	230.0	17	1.05	0.95				
	118	2	219.8030677863158	44.884710538947374	0.0	0.0	1	1.0486846106152257	12.89797831219739	230.0	17	1.05	0.95				
	119	1	119.47253834631579	24.422563087368424	0.0	0.0	1	1.0340186828996276	5.909818967142185	230.0	15	1.05	0.95				
	120	1	84.48886689684213	17.161801088421054	0.0	0.0	1	1.032707628788935	4.798135022130979	230.0	15	1.05	0.95				
	121	2	0.0	0.0	0.0	0.0	1	1.05	14.827950454694955	230.0	17	1.05	0.95				
	122	2	0.0	0.0	0.0	0.0	1	1.05	20.19114899891434	230.0	17	1.05	0.95				
	123	2	0.0	0.0	0.0	0.0	1	1.033561188869503	4.682146803481082	230.0	15	1.05	0.95				
	124	1	0.0	0.0	0.0	0.0	1	1.027728497489053	5.65503566477221	230.0	16	1.05	0.95				
	201	2	68.91736187368421	14.038721863157896	0.0	0.0	2	1.0226218913291232	-12.89492461570299	138.0	21	1.05	0.95				
	202	2	61.898000942105256	12.762474421052634	0.0	0.0	2	1.0233136828006464	-12.781707332023405	138.0	22	1.05	0.95				
	203	1	114.86226978947369	23.61057767894737	0.0	0.0	2	1.0138211421858498	-11.264198162422149	138.0	21	1.05	0.95				
	204	1	47.22115535789474	9.571855815789473	0.0	0.0	2	1.0135166561068687	-12.994800708747396	138.0	21	1.05	0.95				
	205	1	45.30678419473684	8.933732094736843	0.0	0.0	2	1.028184234067598	-13.381862063804148	138.0	21	1.05	0.95				
	206	1	86.78482606315791	17.867464189473687	0.0	-100.0	2	1.0380510345411293	-14.248120861896515	138.0	22	1.05	0.95				
	207	2	79.76546513157895	15.95309302631579	0.0	0.0	2	0.9848672428480453	-23.133480397536022	138.0	22	1.05	0.95				
	208	1	109.1191563	22.334330236842103	0.0	0.0	2	0.985093178918685	-20.0423608240738	138.0	22	1.05	0.95				
	209	1	111.67165118421055	22.972453957894736	0.0	0.0	2	1.0255635736001112	-10.556266570448319	138.0	23	1.05	0.95				
	210	1	124.43412560526316	25.524948842105267	0.0	0.0	2	1.05	-11.836463410411916	138.0	23	1.05	0.95				
	211	1	0.0	0.0	0.0	0.0	2	1.018524999650666	-6.967885052214368	230.0	23	1.05	0.95				
	212	1	0.0	0.0	0.0	0.0	2	1.0210565900834552	-1.354340704205125	230.0	23	1.05	0.95				
	213	2	169.1027860789474	34.45868093684211	0.0	0.0	2	1.0257648700705182	-3.7037423408190584	230.0	24	1.05	0.95				
	214	2	123.79600188421051	24.886825121052635	0.0	0.0	2	1.0236479119898392	-5.623742244793259	230.0	26	1.05	0.95				
	215	2	202.28521957368423	40.83991814736842	0.0	0.0	2	1.0351820251968042	-0.015036715328688083	230.0	26	1.05	0.95				
	216	2	63.81237210526316	12.762474421052634	0.0	0.0	2	1.0367102543685491	0.21381353068863446	230.0	26	1.05	0.95				
	217	1	0.0	0.0	0.0	0.0	2	1.0380815165126436	1.3160127790334066	230.0	27	1.05	0.95				
	218	2	212.49519911052636	43.392413031578954	0.0	0.0	2	1.0362235788222884	0.4411882269751194	230.0	27	1.05	0.95				
	219	1	115.50039351052632	23.61057767894737	0.0	0.0	2	1.0372448741971696	1.4833388370073555	230.0	25	1.05	0.95				
	220	1	81.67983629473684	16.591216747368424	0.0	0.0	2	1.0437732001524302	3.78633471185813	230.0	25	1.05	0.95				
	221	2	0.0	0.0	0.0	0.0	2	1.038154724548556	1.1009971515233243	230.0	27	1.05	0.95				
	222	2	0.0	0.0	0.0	0.0	2	1.05	7.686354098100138	230.0	27	1.05	0.95				
	223	2	0.0	0.0	0.0	0.0	2	1.05	5.5045178736694895	230.0	25	1.05	0.95				
	224	1	0.0	0.0	0.0	0.0	2	1.0132212950995723	-4.185327979347337	230.0	26	1.05	0.95				
	301	2	62.729515970526315	12.778234734736843	0.0	0.0	3	0.9893523356942647	16.006867014156043	138.0	31	1.05	0.95				
	302	2	56.340398603157894	11.616577031578949	0.0	0.0	3	0.9890979482427108	16.017927302099412	138.0	32	1.05	0.95				
	303	1	104.54919328421053	21.49066750842105	0.0	0.0	3	1.0126427000075375	17.336942785295584	138.0	31	1.05	0.95				
	304	1	42.9813350168421	8.71243277368421	0.0	0.0	3	0.9986821325168239	18.06612303721366	138.0	31	1.05	0.95				
	305	1	41.23884846210526	8.131603922105263	0.0	0.0	3	1.0103383588852337	18.250453244990105	138.0	31	1.05	0.95				
	306	1	78.99272381473685	16.263207844210527	0.0	-100.0	3	1.0307091962689994	18.83688677231019	138.0	32	1.05	0.95				
	307	2	72.60360644736842	14.520721289473684	0.0	0.0	3	0.9785731516387254	16.11275887790545	138.0	32	1.05	0.95				
	308	1	99.32173362	20.32900980526316	0.0	0.0	3	0.9963530639292504	18.641668927492166	138.0	32	1.05	0.95				
	309	1	101.64504902631579	20.909838656842105	0.0	0.0	3	1.027054966094534	22.096596080967352	138.0	33	1.05	0.95				
	310	1	113.26162605789474	23.233154063157897	0.0	0.0	3	1.05	22.32915623703336	138.0	33	1.05	0.95				
	311	1	0.0	0.0	0.0	0.0	3	1.0175097874266845	28.097919735547702	230.0	33	1.05	0.95				
	312	1	0.0	0.0	0.0	0.0	3	1.025139425813069	29.57238063764595	230.0	33	1.05	0.95				
	313	2	153.91964566842105	31.364757985263157	0.0	0.0	3	1.0489878099237409	37.755094113433714	230.0	34	1.05	0.95				
	314	2	112.68079720631579	22.652325211578948	0.0	0.0	3	1.018063636860108	25.294821755033766	230.0	36	1.05	0.95				
	315	2	184.1227459505263	37.17304650105263	0.0	0.0	3	1.0394722421884743	17.4676682166429	230.0	36	1.05	0.95				
	316	2	58.08288515789474	11.616577031578949	0.0	0.0	3	1.042455502825429	18.947108908281635	230.0	36	1.05	0.95				
	317	1	0.0	0.0	0.0	0.0	3	1.045621935005415	17.114853104509464	230.0	37	1.05	0.95				
	318	2	193.41600757578948	39.496361907368424	0.0	0.0	3	1.0449505477577907	15.588171916049061	230.0	37	1.05	0.95				
	319	1	105.13002213578947	21.49066750842105	0.0	0.0	3	1.043011344389826	22.173214554888478	230.0	35	1.05	0.95				
	320	1	74.34609300210526	15.101550141052634	0.0	0.0	3	1.0467371035888013	24.621770359847616	230.0	35	1.05	0.95				
	321	2	0.0	0.0	0.0	0.0	3	1.0440357445709814	16.789504745187386	230.0	37	1.05	0.95				
	322	2	0.0	0.0	0.0	0.0	3	1.05	21.248613507906768	230.0	37	1.05	0.95				
	323	2	0.0	0.0	0.0	0.0	3	1.0485432919662137	25.456619527274853	230.0	35	1.05	0.95				
	324	1	0.0	0.0	0.0	0.0	3	1.0278818986701452	19.527094586240395	230.0	36	1.05	0.95				
	325	1	0.0	0.0	0.0	0.0	3	1.05	24.560848517606342	230.0	35	1.05	0.95				
];
