%% MATPOWER Case Format : Version 2
function mpc = RTS_GMLC
mpc.version = '2';

%%-----  Power Flow Data  -----%%
%% system MVA base
mpc.baseMVA = 100.0;
%% bus data
%    bus_i    type    Pd    Qd    Gs    Bs    area    Vm    Va    baseKV    zone    Vmax    Vmin
mpc.bus = [
	101	2	52.9713013263158	10.79045027017544	0.0	0.0	1	1.049581355055316	5.166902734868926	138.0	11	1.05	0.95				
	102	2	47.576076191228076	9.809500245614036	0.0	0.0	1	1.0484225491632548	4.803201816281042	138.0	12	1.05	0.95				
	103	1	88.28550221052632	18.147575454385965	0.0	0.0	1	1.0349293508802029	2.491755827481725	138.0	11	1.05	0.95				
	104	1	36.29515090877193	7.357125184210527	0.0	0.0	1	1.0290491905752353	0.8479796772169934	138.0	11	1.05	0.95				
	105	1	34.823725871929824	6.866650171929825	0.0	0.0	1	1.0419048400417787	0.6559998231281784	138.0	11	1.05	0.95				
	106	1	66.70460167017545	13.73330034385965	0.0	-100.0	1	1.0462289090449077	-2.4195204348664237	138.0	12	1.05	0.95				
	107	2	61.30937653508772	12.261875307017544	0.0	0.0	1	0.9983266548639668	-10.555328894298524	138.0	12	1.05	0.95				
	108	1	83.8712271	17.16662542982456	0.0	0.0	1	1.0000128996012743	-8.428741266684584	138.0	12	1.05	0.95				
	109	1	85.83312714912282	17.657100442105264	0.0	0.0	1	1.025101684343404	-1.4663152334040714	138.0	13	1.05	0.95				
	110	1	95.64262739473685	19.61900049122807	0.0	0.0	1	1.05	-2.458267735583399	138.0	13	1.05	0.95				
	111	1	0.0	0.0	0.0	0.0	1	1.0059988807706044	0.013974821234221555	230.0	13	1.05	0.95				
	112	1	0.0	0.0	0.0	0.0	1	1.0107616826434644	0.041279015932720126	230.0	13	1.05	0.95				
	113	3	129.97587825438598	26.4856506631579	0.0	0.0	1	0.9987477987786055	7.425150847683099e-29	230.0	14	1.05	0.95				
	114	2	95.15215238245615	19.12852547894737	0.0	0.0	1	1.004150279229719	2.1114375366476725	230.0	16	1.05	0.95				
	115	2	155.48057889298246	31.390400785964918	0.0	0.0	1	1.040372119905923	8.50565466382548	230.0	16	1.05	0.95				
	116	2	49.047501228070175	9.809500245614036	0.0	0.0	1	1.0369197847092975	7.931892988197211	230.0	16	1.05	0.95				
	117	1	0.0	0.0	0.0	0.0	1	1.0431929712193166	11.029554878454888	230.0	17	1.05	0.95				
	118	2	163.3281790894737	33.352300835087725	0.0	0.0	1	1.0470313597054612	11.351933321280429	230.0	17	1.05	0.95				
	119	1	88.77597722280703	18.147575454385965	0.0	0.0	1	1.028879217607354	6.112484884670901	230.0	15	1.05	0.95				
	120	1	62.780801571929835	12.752350319298248	0.0	0.0	1	1.025281858580484	5.084609007796142	230.0	15	1.05	0.95				
	121	2	0.0	0.0	0.0	0.0	1	1.0499996946032968	12.416996962311847	230.0	17	1.05	0.95				
	122	2	0.0	0.0	0.0	0.0	1	1.05	21.124022874592974	230.0	17	1.05	0.95				
	123	2	0.0	0.0	0.0	0.0	1	1.0241155673827498	4.8945603390308445	230.0	15	1.05	0.95				
	124	1	0.0	0.0	0.0	0.0	1	1.0300688608975603	6.247859320296788	230.0	16	1.05	0.95				
	201	2	50.353533776842106	10.25720132491228	0.0	0.0	2	1.0236859258881619	-12.338802303424755	138.0	21	1.05	0.95				
	202	2	45.22493311438596	9.324728477192982	0.0	0.0	2	1.0243884995940982	-12.233081698366126	138.0	22	1.05	0.95				
	203	1	83.92255629473684	17.250747682807017	0.0	0.0	2	1.0158034631650323	-10.41536123454744	138.0	21	1.05	0.95				
	204	1	34.50149536561403	6.993546357894736	0.0	0.0	2	1.0161870534381732	-13.47220225070927	138.0	21	1.05	0.95				
	205	1	33.10278609403509	6.527309934035087	0.0	0.0	2	1.031149198133045	-13.839217041358706	138.0	21	1.05	0.95				
	206	1	63.40815364491228	13.054619868070175	0.0	-100.0	2	1.0430825739171594	-15.117550816285172	138.0	22	1.05	0.95				
	207	2	58.27955298245614	11.655910596491227	0.0	0.0	2	0.9922758699952852	-21.671507855594985	138.0	22	1.05	0.95				
	208	1	79.72642848	16.318274835087717	0.0	0.0	2	0.9968051811203095	-19.52776682295037	138.0	22	1.05	0.95				
	209	1	81.59137417543859	16.784511258947365	0.0	0.0	2	1.0228472435551528	-12.566868848249428	138.0	23	1.05	0.95				
	210	1	90.91610265263157	18.649456954385965	0.0	0.0	2	1.05	-13.862948303078817	138.0	23	1.05	0.95				
	211	1	0.0	0.0	0.0	0.0	2	1.0079657272301068	-9.566895744211063	230.0	23	1.05	0.95				
	212	1	0.0	0.0	0.0	0.0	2	1.0093369812281647	-8.671599953481774	230.0	23	1.05	0.95				
	213	2	123.552652322807	25.176766888421053	0.0	0.0	2	1.004946999775935	-8.162607246961969	230.0	24	1.05	0.95				
	214	2	90.44986622877192	18.183220530526313	0.0	0.0	2	1.0104659725496272	-7.060679184061241	230.0	26	1.05	0.95				
	215	2	147.79694636350877	29.83913112701754	0.0	0.0	2	1.0255627173657758	-0.33289405119578425	230.0	26	1.05	0.95				
	216	2	46.62364238596491	9.324728477192982	0.0	0.0	2	1.0268915341804377	-0.6640321225346795	230.0	26	1.05	0.95				
	217	1	0.0	0.0	0.0	0.0	2	1.030573793198462	1.1121803685107798	230.0	27	1.05	0.95				
	218	2	155.25672914526314	31.70407682245614	0.0	0.0	2	1.0297201063829169	0.5046811801585155	230.0	27	1.05	0.95				
	219	1	84.38879271859648	17.250747682807017	0.0	0.0	2	1.0271191456751572	-0.7777150320275349	230.0	25	1.05	0.95				
	220	1	59.67826225403508	12.122147020350877	0.0	0.0	2	1.030635191186537	0.029453861585848805	230.0	25	1.05	0.95				
	221	2	0.0	0.0	0.0	0.0	2	1.0314857672004196	1.031410039595032	230.0	27	1.05	0.95				
	222	2	0.0	0.0	0.0	0.0	2	1.05	7.556784874539302	230.0	27	1.05	0.95				
	223	2	0.0	0.0	0.0	0.0	2	1.0335162735206536	0.8244269878600552	230.0	25	1.05	0.95				
	224	1	0.0	0.0	0.0	0.0	2	1.0094996829334535	-4.11124607050776	230.0	26	1.05	0.95				
	301	2	51.625434997894736	10.516292314385964	0.0	0.0	3	1.005445601292649	-10.839022791738785	138.0	31	1.05	0.95				
	302	2	46.367288840701754	9.560265740350877	0.0	0.0	3	1.0051188789053358	-10.917376408316912	138.0	32	1.05	0.95				
	303	1	86.0423916631579	17.68649161964912	0.0	0.0	3	1.0186280769240121	-6.619725490215233	138.0	31	1.05	0.95				
	304	1	35.37298323929824	7.170199305263157	0.0	0.0	3	1.007641382534849	-9.35342148080127	138.0	31	1.05	0.95				
	305	1	33.93894337824561	6.692186018245614	0.0	0.0	3	1.0210941331480978	-9.70208737493757	138.0	31	1.05	0.95				
	306	1	65.00980703438597	13.384372036491229	0.0	-100.0	3	1.0381766288601317	-9.627115715112362	138.0	32	1.05	0.95				
	307	2	59.75166087719298	11.950332175438596	0.0	0.0	3	0.9969359224874065	-13.571612647047976	138.0	32	1.05	0.95				
	308	1	81.74027208	16.730465045614036	0.0	0.0	3	1.0038886023705886	-11.434538171741425	138.0	32	1.05	0.95				
	309	1	83.65232522807018	17.20847833263158	0.0	0.0	3	1.0252747486524159	-6.11635007817788	138.0	33	1.05	0.95				
	310	1	93.21259096842105	19.120531480701754	0.0	0.0	3	1.05	-7.0315966381125685	138.0	33	1.05	0.95				
	311	1	0.0	0.0	0.0	0.0	3	1.0076308604455775	-1.4973703993808811	230.0	33	1.05	0.95				
	312	1	0.0	0.0	0.0	0.0	3	1.0119769719145064	-0.8224316550766098	230.0	33	1.05	0.95				
	313	2	126.67352105964913	25.812717498947368	0.0	0.0	3	1.0142082015417044	3.3325928575537542	230.0	34	1.05	0.95				
	314	2	92.73457768140351	18.642518193684214	0.0	0.0	3	1.0068864548284702	-0.5713924298036089	230.0	36	1.05	0.95				
	315	2	151.5302119845614	30.59285036912281	0.0	0.0	3	1.0261112090775137	-0.41502082687840014	230.0	36	1.05	0.95				
	316	2	47.801328701754386	9.560265740350877	0.0	0.0	3	1.0254386273424116	0.3589019499907381	230.0	36	1.05	0.95				
	317	1	0.0	0.0	0.0	0.0	3	1.0327849129964355	1.7500575942524774	230.0	37	1.05	0.95				
	318	2	159.1784245768421	32.504903517192986	0.0	0.0	3	1.0306127106883856	0.7535526508774807	230.0	37	1.05	0.95				
	319	1	86.52040495017545	17.68649161964912	0.0	0.0	3	1.0228836722046857	0.7046984403135709	230.0	35	1.05	0.95				
	320	1	61.18570073824562	12.428345462456141	0.0	0.0	3	1.0241834753852301	1.9119304524661904	230.0	35	1.05	0.95				
	321	2	0.0	0.0	0.0	0.0	3	1.0312593083224604	0.9335036698260223	230.0	37	1.05	0.95				
	322	2	0.0	0.0	0.0	0.0	3	1.045249879032387	5.600462246733024	230.0	37	1.05	0.95				
	323	2	0.0	0.0	0.0	0.0	3	1.0252521825437748	2.6301818720932824	230.0	35	1.05	0.95				
	324	1	0.0	0.0	0.0	0.0	3	1.0169985308046654	-1.3041262713991106	230.0	36	1.05	0.95				
	325	1	0.0	0.0	0.0	0.0	3	1.0253206504580288	3.4715493743541086	230.0	35	1.05	0.95				
];
