%% MATPOWER Case Format : Version 2
function mpc = RTS_GMLC
mpc.version = '2';

%%-----  Power Flow Data  -----%%
%% system MVA base
mpc.baseMVA = 100.0;
%% bus data
%    bus_i    type    Pd    Qd    Gs    Bs    area    Vm    Va    baseKV    zone    Vmax    Vmin
mpc.bus = [
	101	2	39.03711032842105	7.952003955789473	0.0	0.0	1	1.0092425050427225	-5.262337053965925	138.0	11	1.05	0.95				
	102	2	35.06110835052631	7.2290945052631574	0.0	0.0	1	1.0091815270685303	-5.4379366115104455	138.0	12	1.05	0.95				
	103	1	65.06185054736842	13.373824834736842	0.0	0.0	1	1.0112037590164062	0.5324339540184646	138.0	11	1.05	0.95				
	104	1	26.747649669473684	5.421820878947368	0.0	0.0	1	1.0040975609886278	-4.575456554452032	138.0	11	1.05	0.95				
	105	1	25.663285493684207	5.06036615368421	0.0	0.0	1	1.0168995901618048	-5.775014758682427	138.0	11	1.05	0.95				
	106	1	49.15784263578947	10.12073230736842	0.0	-100.0	1	1.0294318007659211	-6.517657943402898	138.0	12	1.05	0.95				
	107	2	45.18184065789473	9.036368131578946	0.0	0.0	1	0.9861925614882768	-8.424750341861465	138.0	12	1.05	0.95				
	108	1	61.808758019999985	12.650915384210522	0.0	0.0	1	0.9911023265020805	-7.781582009386461	138.0	12	1.05	0.95				
	109	1	63.25457692105263	13.012370109473684	0.0	0.0	1	1.0061446287172946	-3.14997564428293	138.0	13	1.05	0.95				
	110	1	70.48367142631578	14.458189010526315	0.0	0.0	1	1.0330045504339065	-5.096131691914349	138.0	13	1.05	0.95				
	111	1	0.0	0.0	0.0	0.0	1	0.983874615743709	-0.7688009124051035	230.0	13	1.05	0.95				
	112	1	0.0	0.0	0.0	0.0	1	0.9844423258632529	-1.3993462878572316	230.0	13	1.05	0.95				
	113	3	95.78550219473682	19.518555164210525	0.0	0.0	1	0.9649156407976891	-4.803246804838369e-27	230.0	14	1.05	0.95				
	114	2	70.12221670105262	14.096734285263157	0.0	0.0	1	0.9919466531276057	2.071914063143026	230.0	16	1.05	0.95				
	115	2	114.58114790842104	23.133102416842103	0.0	0.0	1	1.0057621028291355	9.534605620270176	230.0	16	1.05	0.95				
	116	2	36.145472526315785	7.2290945052631574	0.0	0.0	1	1.0019918498868365	8.446379917008903	230.0	16	1.05	0.95				
	117	1	0.0	0.0	0.0	0.0	1	1.00813517425924	13.38853541759777	230.0	17	1.05	0.95				
	118	2	120.36442351263157	24.578921317894736	0.0	0.0	1	1.016871015782782	13.519181628026619	230.0	17	1.05	0.95				
	119	1	65.42330527263157	13.373824834736842	0.0	0.0	1	0.9971503567841494	5.5306071814529885	230.0	15	1.05	0.95				
	120	1	46.266204833684206	9.397822856842104	0.0	0.0	1	0.9964072036429603	3.3712354012486254	230.0	15	1.05	0.95				
	121	2	0.0	0.0	0.0	0.0	1	1.0174629103095594	14.276286999992173	230.0	17	1.05	0.95				
	122	2	0.0	0.0	0.0	0.0	1	1.0281498348177656	32.27430822866068	230.0	17	1.05	0.95				
	123	2	0.0	0.0	0.0	0.0	1	0.9965978380753098	2.47811426493427	230.0	15	1.05	0.95				
	124	1	0.0	0.0	0.0	0.0	1	0.9968565793085354	6.1086848277770605	230.0	16	1.05	0.95				
	201	2	38.147646770526315	7.770816934736842	0.0	0.0	2	1.0126240696542697	-7.249995029093009	138.0	21	1.05	0.95				
	202	2	34.262238303157886	7.064379031578947	0.0	0.0	2	1.011333518051944	-7.439303465691227	138.0	22	1.05	0.95				
	203	1	63.57941128421052	13.069101208421053	0.0	0.0	2	0.9986305603653617	-5.952160960532557	138.0	21	1.05	0.95				
	204	1	26.138202416842105	5.298284273684209	0.0	0.0	2	1.0047511833053933	-6.869019629429972	138.0	21	1.05	0.95				
	205	1	25.07854556210526	4.945065322105263	0.0	0.0	2	1.0207990166344318	-7.0573991481295195	138.0	21	1.05	0.95				
	206	1	48.037777414736844	9.890130644210526	0.0	-100.0	2	1.033646060638497	-7.415515727457485	138.0	22	1.05	0.95				
	207	2	44.152368947368416	8.830473789473684	0.0	0.0	2	0.9730742949518074	-11.603218323992378	138.0	22	1.05	0.95				
	208	1	60.40044071999999	12.362663305263156	0.0	0.0	2	0.984589701861497	-10.051810030325843	138.0	22	1.05	0.95				
	209	1	61.81331652631579	12.715882256842104	0.0	0.0	2	1.0092664425161701	-4.897938131416666	138.0	23	1.05	0.95				
	210	1	68.87769555789473	14.128758063157894	0.0	0.0	2	1.0373753835053174	-5.70062071820016	138.0	23	1.05	0.95				
	211	1	0.0	0.0	0.0	0.0	2	0.9868535556605115	-3.136778650573686	230.0	23	1.05	0.95				
	212	1	0.0	0.0	0.0	0.0	2	0.99322780010255	1.5714379000791097	230.0	23	1.05	0.95				
	213	2	93.60302216842105	19.073823385263157	0.0	0.0	2	0.982704110829686	-1.0837868470030023	230.0	24	1.05	0.95				
	214	2	68.52447660631577	13.775539111578947	0.0	0.0	2	0.9775766618674899	-2.6103641016041026	230.0	26	1.05	0.95				
	215	2	111.97040765052631	22.60601290105263	0.0	0.0	2	0.987729854392024	0.6889539450761856	230.0	26	1.05	0.95				
	216	2	35.32189515789474	7.064379031578947	0.0	0.0	2	0.9860544401915043	0.42229786025678123	230.0	26	1.05	0.95				
	217	1	0.0	0.0	0.0	0.0	2	0.9952247747897226	1.7532341657481565	230.0	27	1.05	0.95				
	218	2	117.62191087578945	24.018888707368422	0.0	0.0	2	0.9952538132755306	1.4149599063876839	230.0	27	1.05	0.95				
	219	1	63.93263023578947	13.069101208421053	0.0	0.0	2	0.9832720691984418	0.509056956588665	230.0	25	1.05	0.95				
	220	1	45.21202580210526	9.183692741052631	0.0	0.0	2	0.9831209601940926	1.3378525357366193	230.0	25	1.05	0.95				
	221	2	0.0	0.0	0.0	0.0	2	0.9971827134261665	1.9860660044724436	230.0	27	1.05	0.95				
	222	2	0.0	0.0	0.0	0.0	2	1.0159328669324403	8.612872322674813	230.0	27	1.05	0.95				
	223	2	0.0	0.0	0.0	0.0	2	0.9835893975104223	2.091801227207952	230.0	25	1.05	0.95				
	224	1	0.0	0.0	0.0	0.0	2	0.9834357050476857	-1.8558185794573148	230.0	26	1.05	0.95				
	301	2	52.87250868631579	10.770325843508772	0.0	0.0	3	1.007591823482363	2.8248115752256573	138.0	31	1.05	0.95				
	302	2	47.4873457645614	9.7912053122807	0.0	0.0	3	1.0078237781380934	2.7238374096951325	138.0	32	1.05	0.95				
	303	1	88.1208478105263	18.113729827719297	0.0	0.0	3	1.0004911591028072	7.932333275644606	138.0	31	1.05	0.95				
	304	1	36.227459655438594	7.343403984210525	0.0	0.0	3	0.9996252009916363	4.429818716180435	138.0	31	1.05	0.95				
	305	1	34.758778858596486	6.853843718596492	0.0	0.0	3	1.0154730244751873	4.044694668831079	138.0	31	1.05	0.95				
	306	1	66.58019612350877	13.707687437192984	0.0	-100.0	3	1.028251660409745	4.1502886859150685	138.0	32	1.05	0.95				
	307	2	61.19503320175438	12.239006640350876	0.0	0.0	3	0.9722172681619116	1.0222006913938086	138.0	32	1.05	0.95				
	308	1	83.71480541999999	17.134609296491227	0.0	0.0	3	0.985147180862113	3.22329732934088	138.0	32	1.05	0.95				
	309	1	85.67304648245613	17.62416956210526	0.0	0.0	3	1.0093263541080026	7.900990684108214	138.0	33	1.05	0.95				
	310	1	95.46425179473684	19.5824106245614	0.0	0.0	3	1.0369098112237067	6.88160238962502	138.0	33	1.05	0.95				
	311	1	0.0	0.0	0.0	0.0	3	0.9894706996208164	12.341710985151886	230.0	33	1.05	0.95				
	312	1	0.0	0.0	0.0	0.0	3	0.9978704128483447	13.018855951717816	230.0	33	1.05	0.95				
	313	2	129.73347038771928	26.436254343157895	0.0	0.0	3	0.9996226680334532	16.884091528700196	230.0	34	1.05	0.95				
	314	2	94.9746915291228	19.092850358947366	0.0	0.0	3	0.9807388059341396	13.431854340355386	230.0	36	1.05	0.95				
	315	2	155.1906041996491	31.331856999298243	0.0	0.0	3	0.9866473553918577	12.819677633690823	230.0	36	1.05	0.95				
	316	2	48.956026561403505	9.7912053122807	0.0	0.0	3	0.9770912547385228	13.451841074865857	230.0	36	1.05	0.95				
	317	1	0.0	0.0	0.0	0.0	3	0.9948975762599124	16.02990235892347	230.0	37	1.05	0.95				
	318	2	163.0235684494737	33.290098061754385	0.0	0.0	3	0.9936196509410956	13.568944934313539	230.0	37	1.05	0.95				
	319	1	88.61040807614035	18.113729827719297	0.0	0.0	3	0.9862742496748855	13.427700690726496	230.0	35	1.05	0.95				
	320	1	62.663713998596485	12.728566905964911	0.0	0.0	3	0.9963940665957784	13.663878369382056	230.0	35	1.05	0.95				
	321	2	0.0	0.0	0.0	0.0	3	0.9972980236138977	13.94942844694767	230.0	37	1.05	0.95				
	322	2	0.0	0.0	0.0	0.0	3	1.0141951255854451	19.213627315388113	230.0	37	1.05	0.95				
	323	2	0.0	0.0	0.0	0.0	3	1.0023338331663398	13.928567903402788	230.0	35	1.05	0.95				
	324	1	0.0	0.0	0.0	0.0	3	0.9879021311102839	13.33477889468217	230.0	36	1.05	0.95				
