%% MATPOWER Case Format : Version 2
function mpc = RTS_GMLC
mpc.version = '2';

%%-----  Power Flow Data  -----%%
%% system MVA base
mpc.baseMVA = 100.0;
%% bus data
%    bus_i    type    Pd    Qd    Gs    Bs    area    Vm    Va    baseKV    zone    Vmax    Vmin
mpc.bus = [
	101	2	49.67144977263158	10.118258287017543	0.0	0.0	1	1.0362255040366313	0.01774258675307997	138.0	11	1.05	0.95				
	102	2	44.612320629122806	9.198416624561403	0.0	0.0	1	1.0354098400008396	-0.2579425698494512	138.0	12	1.05	0.95				
	103	1	82.78574962105263	17.017070755438596	0.0	0.0	1	1.0215298899483989	-0.5344325736378706	138.0	11	1.05	0.95				
	104	1	34.03414151087719	6.898812468421052	0.0	0.0	1	1.02097984533289	-2.970599278421438	138.0	11	1.05	0.95				
	105	1	32.65437901719298	6.438891637192983	0.0	0.0	1	1.0370340033794498	-2.854730626303841	138.0	11	1.05	0.95				
	106	1	62.54923304701755	12.877783274385965	0.0	-100.0	1	1.0453218577313306	-4.970632748514933	138.0	12	1.05	0.95				
	107	2	57.49010390350877	11.498020780701754	0.0	0.0	1	1.000970475249803	-11.804278935367726	138.0	12	1.05	0.95				
	108	1	78.64646214	16.097229092982452	0.0	0.0	1	1.002380791743732	-9.849399839413143	138.0	12	1.05	0.95				
	109	1	80.48614546491227	16.557149924210524	0.0	0.0	1	1.022878704786224	-3.3307824095452867	138.0	13	1.05	0.95				
	110	1	89.68456208947367	18.396833249122807	0.0	0.0	1	1.05	-4.325891782071787	138.0	13	1.05	0.95				
	111	1	0.0	0.0	0.0	0.0	1	1.003107020227748	-0.8341169728143586	230.0	13	1.05	0.95				
	112	1	0.0	0.0	0.0	0.0	1	1.0085772681703953	-0.7672978570623129	230.0	13	1.05	0.95				
	113	3	121.87902027543858	24.83572488631579	0.0	0.0	1	1.0011690508961502	6.667825453475329e-31	230.0	14	1.05	0.95				
	114	2	89.22464125824561	17.93691241789474	0.0	0.0	1	0.9976783736082825	1.5712461739219938	230.0	16	1.05	0.95				
	115	2	145.79490349929821	29.43493319859649	0.0	0.0	1	1.0213504307286918	8.365752345334283	230.0	16	1.05	0.95				
	116	2	45.99208312280702	9.198416624561403	0.0	0.0	1	1.019762750349274	7.7496638649708744	230.0	16	1.05	0.95				
	117	1	0.0	0.0	0.0	0.0	1	1.0261517502789193	11.014223351753365	230.0	17	1.05	0.95				
	118	2	153.15363679894736	31.274616523508776	0.0	0.0	1	1.0280201728291274	11.372874933598924	230.0	17	1.05	0.95				
	119	1	83.24567045228069	17.017070755438596	0.0	0.0	1	1.0160581531302881	5.8015265068209425	230.0	15	1.05	0.95				
	120	1	58.86986639719298	11.957941611929824	0.0	0.0	1	1.0168206133695883	5.018375416584708	230.0	15	1.05	0.95				
	121	2	0.0	0.0	0.0	0.0	1	1.0302456507529676	12.79544223637192	230.0	17	1.05	0.95				
	122	2	0.0	0.0	0.0	0.0	1	1.05	21.344905827028377	230.0	17	1.05	0.95				
	123	2	0.0	0.0	0.0	0.0	1	1.0179273384565182	4.947159349895555	230.0	15	1.05	0.95				
	124	1	0.0	0.0	0.0	0.0	1	1.0104167159443407	4.997423066856243	230.0	16	1.05	0.95				
	201	2	51.15252637894737	10.419959077192981	0.0	0.0	2	1.0161042179255846	-14.07641448600094	138.0	21	1.05	0.95				
	202	2	45.94254684035087	9.472690070175439	0.0	0.0	2	1.0164362401508193	-14.072271837553718	138.0	22	1.05	0.95				
	203	1	85.25421063157894	17.52447662982456	0.0	0.0	2	1.0151227820352788	-11.560749747892293	138.0	21	1.05	0.95				
	204	1	35.04895325964912	7.104517552631578	0.0	0.0	2	1.0128972318394867	-14.815487618582914	138.0	21	1.05	0.95				
	205	1	33.6280497491228	6.630883049122807	0.0	0.0	2	1.0272190122642026	-15.21540814256922	138.0	21	1.05	0.95				
	206	1	64.41429247719299	13.261766098245614	0.0	-100.0	2	1.0410577647611137	-16.32753331812782	138.0	22	1.05	0.95				
	207	2	59.204312938596495	11.840862587719297	0.0	0.0	2	0.9891693511717549	-22.723752009325846	138.0	22	1.05	0.95				
	208	1	80.9915001	16.577207622807016	0.0	0.0	2	0.9948821889453229	-20.55143621767045	138.0	22	1.05	0.95				
	209	1	82.88603811403507	17.05084212631579	0.0	0.0	2	1.0237281378090561	-13.46407060120491	138.0	23	1.05	0.95				
	210	1	92.35872818421052	18.945380140350878	0.0	0.0	2	1.05	-14.837393908796761	138.0	23	1.05	0.95				
	211	1	0.0	0.0	0.0	0.0	2	1.009410669586373	-10.228549814997827	230.0	23	1.05	0.95				
	212	1	0.0	0.0	0.0	0.0	2	1.0141387404198976	-9.116022098652364	230.0	23	1.05	0.95				
	213	2	125.51314342982455	25.576263189473686	0.0	0.0	2	1.0121660596801032	-8.564343984502955	230.0	24	1.05	0.95				
	214	2	91.88509368070174	18.471745636842105	0.0	0.0	2	1.0088324092598577	-7.686205039637109	230.0	26	1.05	0.95				
	215	2	150.1421376122807	30.312608224561405	0.0	0.0	2	1.0256523400960105	-1.204160128378175	230.0	26	1.05	0.95				
	216	2	47.36345035087719	9.472690070175439	0.0	0.0	2	1.028662612331475	-1.2377510999686385	230.0	26	1.05	0.95				
	217	1	0.0	0.0	0.0	0.0	2	1.0298856078074117	0.5490002876772889	230.0	27	1.05	0.95				
	218	2	157.72028966842103	32.20714623859649	0.0	0.0	2	1.0287871206714994	-0.14796190582143914	230.0	27	1.05	0.95				
	219	1	85.72784513508772	17.52447662982456	0.0	0.0	2	1.0350233202024484	-0.9416420898140911	230.0	25	1.05	0.95				
	220	1	60.62521644912281	12.31449709122807	0.0	0.0	2	1.0439820502318866	0.21476839116168883	230.0	25	1.05	0.95				
	221	2	0.0	0.0	0.0	0.0	2	1.0309773450087332	0.31107907745027197	230.0	27	1.05	0.95				
	222	2	0.0	0.0	0.0	0.0	2	1.05	6.897571466541881	230.0	27	1.05	0.95				
	223	2	0.0	0.0	0.0	0.0	2	1.05	1.189459610801464	230.0	25	1.05	0.95				
	224	1	0.0	0.0	0.0	0.0	2	1.008970796127658	-5.082659664323826	230.0	26	1.05	0.95				
	301	2	48.56754190736843	9.893388166315791	0.0	0.0	3	1.0217949513611086	2.103376760532041	138.0	31	1.05	0.95				
	302	2	43.62084782421053	8.993989242105265	0.0	0.0	3	1.0191399339439648	1.7430083825471334	138.0	32	1.05	0.95				
	303	1	80.94590317894738	16.638880097894738	0.0	0.0	3	1.05	16.432770894799443	138.0	31	1.05	0.95				
	304	1	33.277760195789476	6.745491931578948	0.0	0.0	3	1.0085537532657742	2.6106517210643543	138.0	31	1.05	0.95				
	305	1	31.928661809473684	6.295792469473685	0.0	0.0	3	1.026894774109415	1.041016823492355	138.0	31	1.05	0.95				
	306	1	61.15912684631579	12.59158493894737	0.0	-100.0	3	1.0368327323777808	-0.10808193794266137	138.0	32	1.05	0.95				
	307	2	56.21243276315789	11.24248655263158	0.0	0.0	3	0.95	1.4086865116902934	138.0	32	1.05	0.95				
	308	1	76.89860802	15.739481173684212	0.0	0.0	3	0.9714052867411346	0.6825312708452231	138.0	32	1.05	0.95				
	309	1	78.69740586842106	16.189180635789473	0.0	0.0	3	1.013635052771469	5.2110622696722375	138.0	33	1.05	0.95				
	310	1	87.69139511052632	17.98797848421053	0.0	0.0	3	1.04275855507272	1.4183824193836874	138.0	33	1.05	0.95				
	311	1	0.0	0.0	0.0	0.0	3	1.0031545381670928	5.054876100544143	230.0	33	1.05	0.95				
	312	1	0.0	0.0	0.0	0.0	3	1.0074847399047133	5.5646552853776985	230.0	33	1.05	0.95				
	313	2	119.17035745789475	24.283770953684215	0.0	0.0	3	1.0051312575118905	7.465041880529711	230.0	34	1.05	0.95				
	314	2	87.24169564842106	17.538279022105264	0.0	0.0	3	0.9999031970100917	4.766320922907317	230.0	36	1.05	0.95				
	315	2	142.55472948736843	28.780765574736844	0.0	0.0	3	1.0499999709393486	7.5417184533983885	230.0	36	1.05	0.95				
	316	2	44.96994621052632	8.993989242105265	0.0	0.0	3	1.0356354464001598	7.051985601260357	230.0	36	1.05	0.95				
	317	1	0.0	0.0	0.0	0.0	3	1.0498273037997632	10.014249841712767	230.0	37	1.05	0.95				
	318	2	149.74992088105265	30.579563423157897	0.0	0.0	3	1.05	8.299918144341213	230.0	37	1.05	0.95				
	319	1	81.39560264105263	16.638880097894738	0.0	0.0	3	1.0246286637906623	6.3339334690632585	230.0	35	1.05	0.95				
	320	1	57.56153114947369	11.692186014736842	0.0	0.0	3	1.0182356440428386	6.583127384873091	230.0	35	1.05	0.95				
	321	2	0.0	0.0	0.0	0.0	3	1.05	8.640894616658766	230.0	37	1.05	0.95				
	322	2	0.0	0.0	0.0	0.0	3	1.05	13.527720751770156	230.0	37	1.05	0.95				
	323	2	0.0	0.0	0.0	0.0	3	1.0154511034232183	7.076102063944356	230.0	35	1.05	0.95				
	324	1	0.0	0.0	0.0	0.0	3	1.0471182292577728	10.940419150481553	230.0	36	1.05	0.95				
	325	1	0.0	0.0	0.0	0.0	3	1.0161747640035421	7.566485817633159	230.0	35	1.05	0.95				
];
