%% MATPOWER Case Format : Version 2
function mpc = RTS_GMLC
mpc.version = '2';

%%-----  Power Flow Data  -----%%
%% system MVA base
mpc.baseMVA = 100.0;
%% bus data
%    bus_i    type    Pd    Qd    Gs    Bs    area    Vm    Va    baseKV    zone    Vmax    Vmin
mpc.bus = [
	101	2	52.26323600842105	10.646214742456142	0.0	0.0	1	1.0101901868375465	-6.279934232249823	138.0	11	1.05	0.95				
	102	2	46.940128637192984	9.678377038596492	0.0	0.0	1	1.0100974792710744	-6.525610373895435	138.0	12	1.05	0.95				
	103	1	87.10539334736843	17.90499752140351	0.0	0.0	1	0.9969460607263894	-0.8509159424814328	138.0	11	1.05	0.95				
	104	1	35.80999504280702	7.258782778947369	0.0	0.0	1	0.9992046296682371	-6.144600383767239	138.0	11	1.05	0.95				
	105	1	34.358238487017545	6.774863927017545	0.0	0.0	1	1.013420605728877	-7.280570808915548	138.0	11	1.05	0.95				
	106	1	65.81296386245616	13.54972785403509	0.0	-100.0	1	1.0225139992489216	-8.40485078517883	138.0	12	1.05	0.95				
	107	2	60.489856491228075	12.097971298245614	0.0	0.0	1	0.9859232171503193	-10.829183523561507	138.0	12	1.05	0.95				
	108	1	82.75012368	16.937159817543858	0.0	0.0	1	0.9848044284920868	-10.232939799878471	138.0	12	1.05	0.95				
	109	1	84.6857990877193	17.421078669473687	0.0	0.0	1	1.000724706264336	-4.628485143868525	138.0	13	1.05	0.95				
	110	1	94.3641761263158	19.356754077192985	0.0	0.0	1	1.0285223521368498	-6.692222666541684	138.0	13	1.05	0.95				
	111	1	0.0	0.0	0.0	0.0	1	0.9846659597593336	-1.4086474690402067	230.0	13	1.05	0.95				
	112	1	0.0	0.0	0.0	0.0	1	0.9835890805469627	-2.0288146442144614	230.0	13	1.05	0.95				
	113	3	128.23849576140353	26.131618004210527	0.0	0.0	1	0.9694515205980185	-2.0267727884867902e-26	230.0	14	1.05	0.95				
	114	2	93.88025727438597	18.87283522526316	0.0	0.0	1	0.9980992702866601	1.7086248769202674	230.0	16	1.05	0.95				
	115	2	153.40227606175438	30.970806523508777	0.0	0.0	1	0.9916522055374124	11.012094153490905	230.0	16	1.05	0.95				
	116	2	48.39188519298246	9.678377038596492	0.0	0.0	1	0.9915852458980452	9.498192885269592	230.0	16	1.05	0.95				
	117	1	0.0	0.0	0.0	0.0	1	0.9931428806338573	15.434313345473681	230.0	17	1.05	0.95				
	118	2	161.14497769263158	32.90648193122808	0.0	0.0	1	1.0019396741745374	15.981194399607396	230.0	17	1.05	0.95				
	119	1	87.58931219929825	17.90499752140351	0.0	0.0	1	0.9914412646565846	5.953658263856117	230.0	15	1.05	0.95				
	120	1	61.941613047017555	12.58189015017544	0.0	0.0	1	0.9970121621737464	3.5160199657671907	230.0	15	1.05	0.95				
	121	2	0.0	0.0	0.0	0.0	1	1.0022532731765428	17.484307554461136	230.0	17	1.05	0.95				
	122	2	0.0	0.0	0.0	0.0	1	1.0081134433323793	35.40934710057117	230.0	17	1.05	0.95				
	123	2	0.0	0.0	0.0	0.0	1	1.0013551216108805	2.576054064026194	230.0	15	1.05	0.95				
	124	1	0.0	0.0	0.0	0.0	1	0.9794459611896673	6.500069232246645	230.0	16	1.05	0.95				
	201	2	41.275617802105266	8.407996218947368	0.0	0.0	2	1.0117262723065916	-7.933729278744489	138.0	21	1.05	0.95				
	202	2	37.07161969263157	7.64363292631579	0.0	0.0	2	1.0105677566358922	-8.089077437929719	138.0	22	1.05	0.95				
	203	1	68.7926963368421	14.14072091368421	0.0	0.0	2	0.9980091737545036	-6.409731809513077	138.0	21	1.05	0.95				
	204	1	28.28144182736842	5.7327246947368415	0.0	0.0	2	1.00235811039048	-7.197068825432916	138.0	21	1.05	0.95				
	205	1	27.13489688842105	5.350543048421052	0.0	0.0	2	1.018300360213794	-7.438729158619842	138.0	21	1.05	0.95				
	206	1	51.97670389894736	10.701086096842104	0.0	-100.0	2	1.0302172468808468	-7.6494870699192905	138.0	22	1.05	0.95				
	207	2	47.772705789473676	9.554541157894736	0.0	0.0	2	0.9721886525519305	-12.210671007715463	138.0	22	1.05	0.95				
	208	1	65.35306151999998	13.376357621052628	0.0	0.0	2	0.9817173508311915	-10.479634212207435	138.0	22	1.05	0.95				
	209	1	66.88178810526315	13.75853926736842	0.0	0.0	2	1.006923959902872	-4.833872342472785	138.0	23	1.05	0.95				
	210	1	74.52542103157894	15.28726585263158	0.0	0.0	2	1.0343080861491118	-5.675229806861707	138.0	23	1.05	0.95				
	211	1	0.0	0.0	0.0	0.0	2	0.9864431078761519	-2.4385554290673666	230.0	23	1.05	0.95				
	212	1	0.0	0.0	0.0	0.0	2	0.9878363986449092	2.2006013849086252	230.0	23	1.05	0.95				
	213	2	101.27813627368421	20.637808901052633	0.0	0.0	2	0.9813306232860126	0.1637984022439335	230.0	24	1.05	0.95				
	214	2	74.14323938526314	14.905084206315788	0.0	0.0	2	0.9822358635721286	-1.7469618773330702	230.0	26	1.05	0.95				
	215	2	121.15158188210525	24.459625364210524	0.0	0.0	2	0.9925898987227806	1.8008533438197298	230.0	26	1.05	0.95				
	216	2	38.218164631578944	7.64363292631579	0.0	0.0	2	0.9897361868330503	1.745942586164741	230.0	26	1.05	0.95				
	217	1	0.0	0.0	0.0	0.0	2	1.0008335191102806	2.419875751806044	230.0	27	1.05	0.95				
	218	2	127.26648822315789	25.98835194947368	0.0	0.0	2	1.0014917471438773	2.019287711162081	230.0	27	1.05	0.95				
	219	1	69.17487798315788	14.14072091368421	0.0	0.0	2	0.9819432240853521	2.9489871932028744	230.0	25	1.05	0.95				
	220	1	48.91925072842105	9.936722804210525	0.0	0.0	2	0.978318602011054	4.824303167406938	230.0	25	1.05	0.95				
	221	2	0.0	0.0	0.0	0.0	2	1.0036623481795885	2.5977546006995786	230.0	27	1.05	0.95				
	222	2	0.0	0.0	0.0	0.0	2	1.0213824754927807	7.929568178312841	230.0	27	1.05	0.95				
	223	2	0.0	0.0	0.0	0.0	2	0.9775653928979188	6.187402341714997	230.0	25	1.05	0.95				
	224	1	0.0	0.0	0.0	0.0	2	0.9846587645272005	-1.3242267548887667	230.0	26	1.05	0.95				
	301	2	51.454602985263165	10.481493200701756	0.0	0.0	3	1.0107780978409144	25.552831952286596	138.0	31	1.05	0.95				
	302	2	46.21385638491228	9.528630182456142	0.0	0.0	3	1.0109499052925501	25.39300962706175	138.0	32	1.05	0.95				
	303	1	85.75767164210527	17.62796583754386	0.0	0.0	3	1.0114488545372604	32.954064816132465	138.0	31	1.05	0.95				
	304	1	35.25593167508772	7.146472636842106	0.0	0.0	3	1.0029114351130657	27.082666422550933	138.0	31	1.05	0.95				
	305	1	33.8266371477193	6.6700411277192995	0.0	0.0	3	1.0184221580005537	26.10526993449041	138.0	31	1.05	0.95				
	306	1	64.79468524070177	13.340082255438599	0.0	-100.0	3	1.0307269064225562	25.851130834634983	138.0	32	1.05	0.95				
	307	2	59.55393864035088	11.910787728070177	0.0	0.0	3	0.9667315909639191	22.13224264655344	138.0	32	1.05	0.95				
	308	1	81.46978806	16.675102819298246	0.0	0.0	3	0.980501717750694	24.27919045776873	138.0	32	1.05	0.95				
	309	1	83.37551409649124	17.151534328421054	0.0	0.0	3	1.012125740848164	30.47457317061439	138.0	33	1.05	0.95				
	310	1	92.90414427894737	19.057260364912285	0.0	0.0	3	1.038418726186346	28.22174674885116	138.0	33	1.05	0.95				
	311	1	0.0	0.0	0.0	0.0	3	0.9902532080705849	33.045633850803455	230.0	33	1.05	0.95				
	312	1	0.0	0.0	0.0	0.0	3	0.9993540327713202	32.96162148141056	230.0	33	1.05	0.95				
	313	2	126.25434991754388	25.727301492631582	0.0	0.0	3	0.9985026579463964	36.43167608174408	230.0	34	1.05	0.95				
	314	2	92.42771276982457	18.580828855789477	0.0	0.0	3	0.9769424774749584	33.92841051796142	230.0	36	1.05	0.95				
	315	2	151.02878839192982	30.491616583859653	0.0	0.0	3	0.9813815619136921	32.37108554412221	230.0	36	1.05	0.95				
	316	2	47.64315091228071	9.528630182456142	0.0	0.0	3	0.9703912776694067	33.13050794148239	230.0	36	1.05	0.95				
	317	1	0.0	0.0	0.0	0.0	3	0.9866312490689748	35.90295774749928	230.0	37	1.05	0.95				
	318	2	158.65169253789475	32.397342620350884	0.0	0.0	3	0.9812648702858578	31.945111037196412	230.0	37	1.05	0.95				
	319	1	86.23410315122808	17.62796583754386	0.0	0.0	3	0.9808743681040019	32.76421073900456	230.0	35	1.05	0.95				
	320	1	60.983233167719305	12.387219237192983	0.0	0.0	3	0.9905230224556276	31.937573390802992	230.0	35	1.05	0.95				
	321	2	0.0	0.0	0.0	0.0	3	0.9894670785224176	32.623799149171596	230.0	37	1.05	0.95				
	322	2	0.0	0.0	0.0	0.0	3	1.0073525942709696	37.116452077699186	230.0	37	1.05	0.95				
	323	2	0.0	0.0	0.0	0.0	3	0.9953732958604676	31.288577602415646	230.0	35	1.05	0.95				
	324	1	0.0	0.0	0.0	0.0	3	0.9914711504894321	34.29525729786151	230.0	36	1.05	0.95				
	325	1	0.0	0.0	0.0	0.0	3	0.9968330989500426	30.122688710681487	230.0	35	1.05	0.95				
];
