%% MATPOWER Case Format : Version 2
function mpc = RTS_GMLC
mpc.version = '2';

%%-----  Power Flow Data  -----%%
%% system MVA base
mpc.baseMVA = 100.0;
%% bus data
%    bus_i    type    Pd    Qd    Gs    Bs    area    Vm    Va    baseKV    zone    Vmax    Vmin
mpc.bus = [
	101	2	50.312716484210526	10.24888669122807	0.0	0.0	1	1.0200139055862112	3.7553903170613387	138.0	11	1.05	0.95				
	102	2	45.188273138596486	9.317169719298246	0.0	0.0	1	1.0188156698821513	3.4610259014182474	138.0	12	1.05	0.95				
	103	1	83.8545274736842	17.236763980701753	0.0	0.0	1	1.0282609162116767	2.320679266351088	138.0	11	1.05	0.95				
	104	1	34.473527961403505	6.987877289473683	0.0	0.0	1	1.016048655904208	0.03203182374227684	138.0	11	1.05	0.95				
	105	1	33.075952503508766	6.5220188035087725	0.0	0.0	1	1.0279505821241932	-0.016800847535354813	138.0	11	1.05	0.95				
	106	1	63.356754091228076	13.044037607017545	0.0	-100.0	1	1.0404227982462533	-2.6103191597292588	138.0	12	1.05	0.95				
	107	2	58.232310745614036	11.646462149122806	0.0	0.0	1	0.987320732380308	-9.112464189123452	138.0	12	1.05	0.95				
	108	1	79.66180109999999	16.30504700877193	0.0	0.0	1	0.9954266938877651	-7.452069256872356	138.0	12	1.05	0.95				
	109	1	81.52523504385965	16.77090549473684	0.0	0.0	1	1.0266203585399734	-1.2624962948460785	138.0	13	1.05	0.95				
	110	1	90.84240476315789	18.63433943859649	0.0	0.0	1	1.05	-2.316389351669172	138.0	13	1.05	0.95				
	111	1	0.0	0.0	0.0	0.0	1	1.0192613699469222	0.6870459270763113	230.0	13	1.05	0.95				
	112	1	0.0	0.0	0.0	0.0	1	1.015472663565471	0.4957460077803785	230.0	13	1.05	0.95				
	113	3	123.45249878070175	25.156358242105263	0.0	0.0	1	0.9995382516942001	5.0951233573731124e-27	230.0	14	1.05	0.95				
	114	2	90.37654627719297	18.168480952631576	0.0	0.0	1	1.0427866410963578	3.6978493539437016	230.0	16	1.05	0.95				
	115	2	147.67714005087717	29.81494310175438	0.0	0.0	1	1.0468878713768337	11.573337984518782	230.0	16	1.05	0.95				
	116	2	46.585848596491225	9.317169719298246	0.0	0.0	1	1.0490122646647078	10.843679610014416	230.0	16	1.05	0.95				
	117	1	0.0	0.0	0.0	0.0	1	1.0450967686231123	15.178209617486479	230.0	17	1.05	0.95				
	118	2	155.1308758263158	31.678377045614038	0.0	0.0	1	1.05	15.052472889081393	230.0	17	1.05	0.95				
	119	1	84.32038595964913	17.236763980701753	0.0	0.0	1	1.0462448192459555	8.352109010509212	230.0	15	1.05	0.95				
	120	1	59.62988620350876	12.112320635087718	0.0	0.0	1	1.0482408383952169	7.059451497595709	230.0	15	1.05	0.95				
	121	2	0.0	0.0	0.0	0.0	1	1.0413799807164361	16.098356409126843	230.0	17	1.05	0.95				
	122	2	0.0	0.0	0.0	0.0	1	1.05	34.0751135900728	230.0	17	1.05	0.95				
	123	2	0.0	0.0	0.0	0.0	1	1.05	6.6924014879132	230.0	15	1.05	0.95				
	124	1	0.0	0.0	0.0	0.0	1	1.028230193258907	8.138155299306804	230.0	16	1.05	0.95				
	201	2	46.90256570526316	9.554226347368422	0.0	0.0	2	1.0234730385968582	-9.234766417780174	138.0	21	1.05	0.95				
	202	2	42.12545253157895	8.685660315789475	0.0	0.0	2	1.024532271399972	-9.041490528029254	138.0	22	1.05	0.95				
	203	1	78.17094284210528	16.068471584210528	0.0	0.0	2	1.0151905555900131	-8.391203647547863	138.0	21	1.05	0.95				
	204	1	32.136943168421055	6.514245236842105	0.0	0.0	2	1.0167558349503774	-10.767137632807001	138.0	21	1.05	0.95				
	205	1	30.83409412105263	6.079962221052632	0.0	0.0	2	1.0313886689994498	-11.04602046503625	138.0	21	1.05	0.95				
	206	1	59.06249014736843	12.159924442105265	0.0	-100.0	2	1.0438678274340465	-12.445772498043025	138.0	22	1.05	0.95				
	207	2	54.28537697368421	10.857075394736842	0.0	0.0	2	0.9898290137223619	-18.727326429739037	138.0	22	1.05	0.95				
	208	1	74.2623957	15.199905552631579	0.0	0.0	2	0.9967269737320708	-16.766759095468714	138.0	22	1.05	0.95				
	209	1	75.9995277631579	15.634188568421054	0.0	0.0	2	1.0227151911664136	-10.39021439630076	138.0	23	1.05	0.95				
	210	1	84.68518807894738	17.37132063157895	0.0	0.0	2	1.05	-11.483779523576723	138.0	23	1.05	0.95				
	211	1	0.0	0.0	0.0	0.0	2	1.0066364918997879	-7.700154601021512	230.0	23	1.05	0.95				
	212	1	0.0	0.0	0.0	0.0	2	1.0099066396935306	-7.05960658292524	230.0	23	1.05	0.95				
	213	2	115.08499918421053	23.45128285263158	0.0	0.0	2	1.000788460904974	-6.666887753104834	230.0	24	1.05	0.95				
	214	2	84.2509050631579	16.937037615789475	0.0	0.0	2	1.008978972013987	-5.268957058830973	230.0	26	1.05	0.95				
	215	2	137.66771600526315	27.794113010526317	0.0	0.0	2	1.0292422570622133	0.9157723122233299	230.0	26	1.05	0.95				
	216	2	43.42830157894737	8.685660315789475	0.0	0.0	2	1.0319364494957879	0.7534266810926025	230.0	26	1.05	0.95				
	217	1	0.0	0.0	0.0	0.0	2	1.0388505170804452	3.049251329333884	230.0	27	1.05	0.95				
	218	2	144.61624425789475	29.531245073684214	0.0	0.0	2	1.0377386174193248	2.7396841941640497	230.0	27	1.05	0.95				
	219	1	78.60522585789475	16.068471584210528	0.0	0.0	2	1.0317586487043444	0.21564984017697408	230.0	25	1.05	0.95				
	220	1	55.588226021052634	11.291358410526318	0.0	0.0	2	1.034511535565454	0.5871751272859573	230.0	25	1.05	0.95				
	221	2	0.0	0.0	0.0	0.0	2	1.03731299954893	2.9236358567371754	230.0	27	1.05	0.95				
	222	2	0.0	0.0	0.0	0.0	2	1.05	9.473712457634015	230.0	27	1.05	0.95				
	223	2	0.0	0.0	0.0	0.0	2	1.0366640966822818	1.1185907030311215	230.0	25	1.05	0.95				
	224	1	0.0	0.0	0.0	0.0	2	1.0124332739415007	-2.555255170468497	230.0	26	1.05	0.95				
	301	2	53.28250552421052	10.853843717894735	0.0	0.0	3	1.0082748565444986	-24.91047361949518	138.0	31	1.05	0.95				
	302	2	47.855583665263154	9.867130652631579	0.0	0.0	3	1.0077601277269896	-25.025617497343138	138.0	32	1.05	0.95				
	303	1	88.80417587368422	18.25419170736842	0.0	0.0	3	1.0231806491453255	-18.988846249070697	138.0	31	1.05	0.95				
	304	1	36.50838341473684	7.400347989473683	0.0	0.0	3	1.0091748715910582	-23.330649750406256	138.0	31	1.05	0.95				
	305	1	35.0283138168421	6.906991456842106	0.0	0.0	3	1.0225117437241977	-24.124832194159506	138.0	31	1.05	0.95				
	306	1	67.09648843789473	13.813982913684212	0.0	-100.0	3	1.0384447259656613	-24.255309251943785	138.0	32	1.05	0.95				
	307	2	61.66956657894737	12.333913315789474	0.0	0.0	3	0.9935709485665152	-29.813899240554207	138.0	32	1.05	0.95				
	308	1	84.36396708	17.26747864210526	0.0	0.0	3	0.997191916285345	-27.530836246923933	138.0	32	1.05	0.95				
	309	1	86.33739321052632	17.76083517473684	0.0	0.0	3	1.026637361634709	-19.930045792261613	138.0	33	1.05	0.95				
	310	1	96.20452386315789	19.734261305263157	0.0	0.0	3	1.05	-21.754194706919858	138.0	33	1.05	0.95				
	311	1	0.0	0.0	0.0	0.0	3	1.0134882997488468	-15.175367966146226	230.0	33	1.05	0.95				
	312	1	0.0	0.0	0.0	0.0	3	1.0128726612281402	-14.468821441245202	230.0	33	1.05	0.95				
	313	2	130.7394811473684	26.64125276210526	0.0	0.0	3	1.0169826138411195	-11.324861315066483	230.0	34	1.05	0.95				
	314	2	95.71116733052631	19.240904772631577	0.0	0.0	3	1.0222023194102794	-12.86155650275533	230.0	36	1.05	0.95				
	315	2	156.3940208442105	31.574818088421054	0.0	0.0	3	1.0445032187260737	-7.73743194519193	230.0	36	1.05	0.95				
	316	2	49.335653263157894	9.867130652631579	0.0	0.0	3	1.0445145230270811	-6.654483247222838	230.0	36	1.05	0.95				
	317	1	0.0	0.0	0.0	0.0	3	1.0497287619254323	-4.025823245293603	230.0	37	1.05	0.95				
	318	2	164.28772536631578	33.54824421894737	0.0	0.0	3	1.0471683345579534	-4.874735048697862	230.0	37	1.05	0.95				
	319	1	89.29753240631578	18.25419170736842	0.0	0.0	3	1.0391842177042296	-7.222638310117242	230.0	35	1.05	0.95				
	320	1	63.14963617684211	12.827269848421052	0.0	0.0	3	1.038103182789305	-6.781008440144097	230.0	35	1.05	0.95				
	321	2	0.0	0.0	0.0	0.0	3	1.0474015080184225	-5.272297806069406	230.0	37	1.05	0.95				
	322	2	0.0	0.0	0.0	0.0	3	1.05	-0.43951171107496756	230.0	37	1.05	0.95				
	323	2	0.0	0.0	0.0	0.0	3	1.038432287641322	-6.167168692643941	230.0	35	1.05	0.95				
	324	1	0.0	0.0	0.0	0.0	3	1.0224278708544527	-11.90949856234904	230.0	36	1.05	0.95				
	325	1	0.0	0.0	0.0	0.0	3	1.0297965568435157	-4.364910641863814	230.0	35	1.05	0.95				
];
