%% MATPOWER Case Format : Version 2
function mpc = RTS_GMLC
mpc.version = '2';

%%-----  Power Flow Data  -----%%
%% system MVA base
mpc.baseMVA = 100.0;
%% bus data
%    bus_i    type    Pd    Qd    Gs    Bs    area    Vm    Va    baseKV    zone    Vmax    Vmin
mpc.bus = [
	101	2	66.4111825768421	13.528203858245613	0.0	0.0	1	1.042570253974118	0.9794647528844503	138.0	11	1.05	0.95				
	102	2	59.647080647719285	12.298367143859648	0.0	0.0	1	1.0414992017146822	0.6195157656145388	138.0	12	1.05	0.95				
	103	1	110.68530429473684	22.75197921614035	0.0	0.0	1	1.0303076150098636	0.6402304214515036	138.0	11	1.05	0.95				
	104	1	45.5039584322807	9.223775357894736	0.0	0.0	1	1.0242641388956495	-2.5838027669873007	138.0	11	1.05	0.95				
	105	1	43.659203360701746	8.608857000701754	0.0	0.0	1	1.037352935683457	-3.0274608008113337	138.0	11	1.05	0.95				
	106	1	83.62889657824562	17.217714001403507	0.0	-100.0	1	1.0415805214002594	-5.912767807710428	138.0	12	1.05	0.95				
	107	2	76.86479464912279	15.37295892982456	0.0	0.0	1	0.998493915836183	-14.245237455026833	138.0	12	1.05	0.95				
	108	1	105.15103907999999	21.52214250175438	0.0	0.0	1	0.9955227699400389	-12.00560235675595	138.0	12	1.05	0.95				
	109	1	107.61071250877193	22.137060858947365	0.0	0.0	1	1.0253935015041737	-3.6892882828367353	138.0	13	1.05	0.95				
	110	1	119.90907965263156	24.596734287719297	0.0	0.0	1	1.05	-5.198357900101839	138.0	13	1.05	0.95				
	111	1	0.0	0.0	0.0	0.0	1	1.013019730608297	-0.9200566446933222	230.0	13	1.05	0.95				
	112	1	0.0	0.0	0.0	0.0	1	1.0155974362212077	-0.9523502205725383	230.0	13	1.05	0.95				
	113	3	162.9533646561403	33.20559128842105	0.0	0.0	1	1.0116264839976596	7.554171178397617e-32	230.0	14	1.05	0.95				
	114	2	119.29416129543857	23.981815930526313	0.0	0.0	1	1.0176179897511157	1.8429795338021089	230.0	16	1.05	0.95				
	115	2	194.92911923017542	39.35477486035087	0.0	0.0	1	1.0437099990200085	10.512935924203521	230.0	16	1.05	0.95				
	116	2	61.49183571929824	12.298367143859648	0.0	0.0	1	1.0417642889886012	9.425929772758268	230.0	16	1.05	0.95				
	117	1	0.0	0.0	0.0	0.0	1	1.0456084971329163	13.513742176580664	230.0	17	1.05	0.95				
	118	2	204.76781294526313	41.81444828912281	0.0	0.0	1	1.0491804488972223	14.468574990288111	230.0	17	1.05	0.95				
	119	1	111.3002226519298	22.75197921614035	0.0	0.0	1	1.0348101527656433	6.904443650884175	230.0	15	1.05	0.95				
	120	1	78.70954972070174	15.987877287017543	0.0	0.0	1	1.034201463714686	5.507970362386791	230.0	15	1.05	0.95				
	121	2	0.0	0.0	0.0	0.0	1	1.05	16.386761364602126	230.0	17	1.05	0.95				
	122	2	0.0	0.0	0.0	0.0	1	1.05	22.892098835740427	230.0	17	1.05	0.95				
	123	2	0.0	0.0	0.0	0.0	1	1.0352697399062671	5.20091955808565	230.0	15	1.05	0.95				
	124	1	0.0	0.0	0.0	0.0	1	1.0263173659608407	6.826380643516935	230.0	16	1.05	0.95				
	201	2	72.7593262863158	14.821344243508772	0.0	0.0	2	1.0274557122516337	-14.197067576900587	138.0	21	1.05	0.95				
	202	2	65.34865416456141	13.473949312280704	0.0	0.0	2	1.028657563663216	-13.992291134743384	138.0	22	1.05	0.95				
	203	1	121.26554381052632	24.926806227719297	0.0	0.0	2	1.0134363988513058	-12.630792286220652	138.0	21	1.05	0.95				
	204	1	49.85361245543859	10.105461984210526	0.0	0.0	2	1.0151001793957921	-14.594371575794963	138.0	21	1.05	0.95				
	205	1	47.83252005859649	9.431764518596491	0.0	0.0	2	1.0302007384685228	-15.008519539400025	138.0	21	1.05	0.95				
	206	1	91.62285532350877	18.863529037192983	0.0	-100.0	2	1.0382661352469829	-16.055996947999805	138.0	22	1.05	0.95				
	207	2	84.21218320175439	16.842436640350876	0.0	0.0	2	0.9767673037767111	-25.681701944961	138.0	22	1.05	0.95				
	208	1	115.20226661999999	23.579411296491227	0.0	0.0	2	0.9784569314351858	-22.389566468381318	138.0	22	1.05	0.95				
	209	1	117.89705648245614	24.253108762105263	0.0	0.0	2	1.0251837158551653	-12.33675338084001	138.0	23	1.05	0.95				
	210	1	131.37100579473685	26.947898624561407	0.0	0.0	2	1.05	-13.686286122072456	138.0	23	1.05	0.95				
	211	1	0.0	0.0	0.0	0.0	2	1.0216256064771787	-8.628289153646614	230.0	23	1.05	0.95				
	212	1	0.0	0.0	0.0	0.0	2	1.0215431583264614	-3.1312741743224093	230.0	23	1.05	0.95				
	213	2	178.5298283877193	36.3796631431579	0.0	0.0	2	1.0310292624445954	-5.269175439066255	230.0	24	1.05	0.95				
	214	2	130.69730832912282	26.27420115894737	0.0	0.0	2	1.0287292707584923	-7.2549569939458625	230.0	26	1.05	0.95				
	215	2	213.56209659964912	43.116637799298246	0.0	0.0	2	1.0344172798047124	-1.6780262408808824	230.0	26	1.05	0.95				
	216	2	67.3697465614035	13.473949312280704	0.0	0.0	2	1.0372662452800308	-1.130646115507256	230.0	26	1.05	0.95				
	217	1	0.0	0.0	0.0	0.0	2	1.0383674242533096	0.2379925610754836	230.0	27	1.05	0.95				
	218	2	224.3412560494737	45.81142766175439	0.0	0.0	2	1.0366130638074893	-0.7717692549862342	230.0	27	1.05	0.95				
	219	1	121.93924127614035	24.926806227719297	0.0	0.0	2	1.0367833377547995	0.5160667727551514	230.0	25	1.05	0.95				
	220	1	86.23327559859649	17.516134105964912	0.0	0.0	2	1.0432732834797136	3.213677083380081	230.0	25	1.05	0.95				
	221	2	0.0	0.0	0.0	0.0	2	1.0381952172740634	-0.25460912376948514	230.0	27	1.05	0.95				
	222	2	0.0	0.0	0.0	0.0	2	1.05	6.440005301094058	230.0	27	1.05	0.95				
	223	2	0.0	0.0	0.0	0.0	2	1.05	5.171421567751718	230.0	25	1.05	0.95				
	224	1	0.0	0.0	0.0	0.0	2	1.0129844053059103	-5.739147988680052	230.0	26	1.05	0.95				
	301	2	66.55615309894738	13.557734890526316	0.0	0.0	3	0.9906926074512126	13.986286740581003	138.0	31	1.05	0.95				
	302	2	59.77728565368421	12.325213536842107	0.0	0.0	3	0.9906280613309771	13.952130959533726	138.0	32	1.05	0.95				
	303	1	110.92692183157895	22.801645043157894	0.0	0.0	3	1.0151852142799054	17.09553649625742	138.0	31	1.05	0.95				
	304	1	45.60329008631579	9.24391015263158	0.0	0.0	3	0.9992395483864052	16.1625394164329	138.0	31	1.05	0.95				
	305	1	43.75450805578947	8.627649475789473	0.0	0.0	3	1.0107017086474304	15.975168179825042	138.0	31	1.05	0.95				
	306	1	83.81145205052633	17.255298951578947	0.0	-100.0	3	1.030110247716029	16.3913651427834	138.0	32	1.05	0.95				
	307	2	77.03258460526317	15.406516921052631	0.0	0.0	3	0.9873480449791077	12.298965340736473	138.0	32	1.05	0.95				
	308	1	105.38057574	21.569123689473685	0.0	0.0	3	0.9978614060909239	15.080089706733448	138.0	32	1.05	0.95				
	309	1	107.84561844736842	22.185384366315787	0.0	0.0	3	1.0285028799819333	20.461115876522378	138.0	33	1.05	0.95				
	310	1	120.17083198421052	24.650427073684213	0.0	0.0	3	1.05	19.920584112209266	138.0	33	1.05	0.95				
	311	1	0.0	0.0	0.0	0.0	3	1.0193167605161624	26.470388490327263	230.0	33	1.05	0.95				
	312	1	0.0	0.0	0.0	0.0	3	1.0251852134228567	27.415158023635804	230.0	33	1.05	0.95				
	313	2	163.3090793631579	33.27807654947369	0.0	0.0	3	1.046862180623992	34.67306483469451	230.0	34	1.05	0.95				
	314	2	119.55457130736842	24.034166396842107	0.0	0.0	3	1.0210578217253587	25.374361026754954	230.0	36	1.05	0.95				
	315	2	195.35463455894737	39.44068331789474	0.0	0.0	3	1.0399248739702895	20.404350142012667	230.0	36	1.05	0.95				
	316	2	61.626067684210525	12.325213536842107	0.0	0.0	3	1.040882719593302	21.776932240739143	230.0	36	1.05	0.95				
	317	1	0.0	0.0	0.0	0.0	3	1.05	22.43800630620429	230.0	37	1.05	0.95				
	318	2	205.21480538842107	41.905726025263164	0.0	0.0	3	1.04746938600376	19.813896360320985	230.0	37	1.05	0.95				
	319	1	111.54318250842105	22.801645043157894	0.0	0.0	3	1.0411873759051624	23.65870504527719	230.0	35	1.05	0.95				
	320	1	78.88136663578948	16.022777597894738	0.0	0.0	3	1.0437114321648804	25.04751153913932	230.0	35	1.05	0.95				
	321	2	0.0	0.0	0.0	0.0	3	1.045634378719925	20.64191061047671	230.0	37	1.05	0.95				
	322	2	0.0	0.0	0.0	0.0	3	1.05	25.688681525918238	230.0	37	1.05	0.95				
	323	2	0.0	0.0	0.0	0.0	3	1.0447642969976307	25.447610815428035	230.0	35	1.05	0.95				
	324	1	0.0	0.0	0.0	0.0	3	1.0271470409073193	21.165488915204357	230.0	36	1.05	0.95				
	325	1	0.0	0.0	0.0	0.0	3	1.0466429585285968	24.68351842975839	230.0	35	1.05	0.95				
];
