%% MATPOWER Case Format : Version 2
function mpc = RTS_GMLC
mpc.version = '2';

%%-----  Power Flow Data  -----%%
%% system MVA base
mpc.baseMVA = 100.0;
%% bus data
%    bus_i    type    Pd    Qd    Gs    Bs    area    Vm    Va    baseKV    zone    Vmax    Vmin
mpc.bus = [
	101	2	40.62691735578948	8.275853535438598	0.0	0.0	1	1.006601171107529	-0.5323598301972472	138.0	11	1.05	0.95				
	102	2	36.48899058807018	7.523503214035089	0.0	0.0	1	1.0045901885541417	-1.1518401608079294	138.0	12	1.05	0.95				
	103	1	67.7115289263158	13.918480945964914	0.0	0.0	1	1.0238563376174228	2.7041462211307	138.0	11	1.05	0.95				
	104	1	27.83696189192983	5.642627410526316	0.0	0.0	1	1.0097313646737507	-2.4974623574070747	138.0	11	1.05	0.95				
	105	1	26.708436409824564	5.266452249824562	0.0	0.0	1	1.0234070951136023	-2.674550383388139	138.0	11	1.05	0.95				
	106	1	51.1598218554386	10.532904499649124	0.0	-100.0	1	1.0406586235574113	-4.389889150359991	138.0	12	1.05	0.95				
	107	2	47.02189508771931	9.40437901754386	0.0	0.0	1	0.9825377130715715	-11.5910414597133	138.0	12	1.05	0.95				
	108	1	64.32595248	13.166130624561404	0.0	0.0	1	0.9938906344545025	-8.997856477160187	138.0	12	1.05	0.95				
	109	1	65.83065312280702	13.542305785263158	0.0	0.0	1	1.0242090135913633	-2.0112687985101245	138.0	13	1.05	0.95				
	110	1	73.35415633684211	15.047006428070178	0.0	0.0	1	1.05	-3.5851021225298303	138.0	13	1.05	0.95				
	111	1	0.0	0.0	0.0	0.0	1	1.0158333331012648	0.7084806466692981	230.0	13	1.05	0.95				
	112	1	0.0	0.0	0.0	0.0	1	1.013011176827394	-0.670696881607448	230.0	13	1.05	0.95				
	113	3	99.68641758596493	20.31345867789474	0.0	0.0	1	0.9946210281754466	-9.49973618493231e-30	230.0	14	1.05	0.95				
	114	2	72.97798117614036	14.670831267368422	0.0	0.0	1	1.0423201828522943	4.75057233767138	230.0	16	1.05	0.95				
	115	2	119.24752594245615	24.075210284912284	0.0	0.0	1	1.0389382422078495	15.032038896272311	230.0	16	1.05	0.95				
	116	2	37.61751607017544	7.523503214035089	0.0	0.0	1	1.0388893024398216	12.913033498829178	230.0	16	1.05	0.95				
	117	1	0.0	0.0	0.0	0.0	1	1.0379404551278169	19.399197067986442	230.0	17	1.05	0.95				
	118	2	125.26632851368421	25.5799109277193	0.0	0.0	1	1.0473965840390371	20.193880613497058	230.0	17	1.05	0.95				
	119	1	68.08770408701756	13.918480945964914	0.0	0.0	1	1.0358154167658924	8.066887587640817	230.0	15	1.05	0.95				
	120	1	48.15042056982457	9.780554178245616	0.0	0.0	1	1.0408021007617398	4.587111022481069	230.0	15	1.05	0.95				
	121	2	0.0	0.0	0.0	0.0	1	1.041735298751793	21.898833070485153	230.0	17	1.05	0.95				
	122	2	0.0	0.0	0.0	0.0	1	1.05	39.87269641200352	230.0	17	1.05	0.95				
	123	2	0.0	0.0	0.0	0.0	1	1.0448813624336548	2.9681743839785915	230.0	15	1.05	0.95				
	124	1	0.0	0.0	0.0	0.0	1	1.0178362665040168	10.431895603558383	230.0	16	1.05	0.95				
	201	2	48.0075555031579	9.779316861754388	0.0	0.0	2	1.009152011470196	-19.943373348962854	138.0	21	1.05	0.95				
	202	2	43.117897072280705	8.890288056140353	0.0	0.0	2	1.008339254628477	-20.268705391325547	138.0	22	1.05	0.95				
	203	1	80.01259250526317	16.44703290385965	0.0	0.0	2	1.0098612514342755	-14.443763258110469	138.0	21	1.05	0.95				
	204	1	32.8940658077193	6.667716042105264	0.0	0.0	2	1.0086588033024402	-19.78715425862818	138.0	21	1.05	0.95				
	205	1	31.560522599298245	6.223201639298247	0.0	0.0	2	1.024062601115087	-20.369768306163348	138.0	21	1.05	0.95				
	206	1	60.4539587817544	12.446403278596494	0.0	-100.0	2	1.0400709521931024	-21.156281497040087	138.0	22	1.05	0.95				
	207	2	55.564300350877204	11.11286007017544	0.0	0.0	2	0.9913781274103308	-26.479246441481056	138.0	22	1.05	0.95				
	208	1	76.01196288	15.558004098245615	0.0	0.0	2	0.9970306765222474	-24.454757236700814	138.0	22	1.05	0.95				
	209	1	77.79002049122808	16.00251850105263	0.0	0.0	2	1.022155926556722	-17.54918914212704	138.0	23	1.05	0.95				
	210	1	86.68030854736844	17.780576112280706	0.0	0.0	2	1.05	-19.362414977547466	138.0	23	1.05	0.95				
	211	1	0.0	0.0	0.0	0.0	2	1.011000729242826	-14.282708236207046	230.0	23	1.05	0.95				
	212	1	0.0	0.0	0.0	0.0	2	1.0125056320996546	-13.626443457088353	230.0	23	1.05	0.95				
	213	2	117.79631674385966	24.00377775157895	0.0	0.0	2	1.010011207072803	-12.956942010801383	230.0	24	1.05	0.95				
	214	2	86.23579414456141	17.33606170947369	0.0	0.0	2	1.0171344597280179	-11.225390022214615	230.0	26	1.05	0.95				
	215	2	140.91106568982457	28.448921779649126	0.0	0.0	2	1.0298732065034304	-3.648993682545162	230.0	26	1.05	0.95				
	216	2	44.45144028070176	8.890288056140353	0.0	0.0	2	1.0339559256298427	-4.2206504999735435	230.0	26	1.05	0.95				
	217	1	0.0	0.0	0.0	0.0	2	1.0380718982880426	-2.0226127032669408	230.0	27	1.05	0.95				
	218	2	148.02329613473685	30.2269793908772	0.0	0.0	2	1.0364621119563873	-2.6323916934302933	230.0	27	1.05	0.95				
	219	1	80.45710690807019	16.44703290385965	0.0	0.0	2	1.0359696797189752	-4.805496667325401	230.0	25	1.05	0.95				
	220	1	56.89784355929825	11.557374472982458	0.0	0.0	2	1.040723633490137	-4.461247587663948	230.0	25	1.05	0.95				
	221	2	0.0	0.0	0.0	0.0	2	1.0366643113314884	-2.167994162569699	230.0	27	1.05	0.95				
	222	2	0.0	0.0	0.0	0.0	2	1.05	4.389136328368735	230.0	27	1.05	0.95				
	223	2	0.0	0.0	0.0	0.0	2	1.0439981641378027	-3.942752604831303	230.0	25	1.05	0.95				
	224	1	0.0	0.0	0.0	0.0	2	1.0090586790357556	-7.65462224126783	230.0	26	1.05	0.95				
	301	2	57.14330907789474	11.640303701052632	0.0	0.0	3	1.0265746790466135	8.5901072367309	138.0	31	1.05	0.95				
	302	2	51.32315722736842	10.582094273684211	0.0	0.0	3	1.0224669846953491	8.242946516427926	138.0	32	1.05	0.95				
	303	1	95.2388484631579	19.57687440631579	0.0	0.0	3	1.05	24.90076075448868	138.0	31	1.05	0.95				
	304	1	39.15374881263158	7.936570705263158	0.0	0.0	3	1.0077637864956042	10.007755503089225	138.0	31	1.05	0.95				
	305	1	37.566434671578946	7.407465991578949	0.0	0.0	3	1.0270212359427904	7.338607466838854	138.0	31	1.05	0.95				
	306	1	71.95824106105265	14.814931983157898	0.0	-100.0	3	1.0334163738177113	6.021116360654154	138.0	32	1.05	0.95				
	307	2	66.13808921052632	13.227617842105262	0.0	0.0	3	0.95	0.921441097829574	138.0	32	1.05	0.95				
	308	1	90.47690603999999	18.518664978947367	0.0	0.0	3	0.9646633833019508	3.403760664115674	138.0	32	1.05	0.95				
	309	1	92.59332489473684	19.047769692631576	0.0	0.0	3	1.0136273508786968	13.679082437712319	138.0	33	1.05	0.95				
	310	1	103.17541916842106	21.164188547368422	0.0	0.0	3	1.0403480588859826	7.771274175995552	138.0	33	1.05	0.95				
	311	1	0.0	0.0	0.0	0.0	3	1.0015696422961908	12.863671340866368	230.0	33	1.05	0.95				
	312	1	0.0	0.0	0.0	0.0	3	1.0058289275408938	13.293074828736499	230.0	33	1.05	0.95				
	313	2	140.21274912631577	28.57165453894737	0.0	0.0	3	1.0030672500809088	15.182318771992396	230.0	34	1.05	0.95				
	314	2	102.64631445473684	20.635083833684213	0.0	0.0	3	1.0000036045977447	13.072476921191122	230.0	36	1.05	0.95				
	315	2	167.72619423789473	33.862701675789474	0.0	0.0	3	1.05	16.751633262702754	230.0	36	1.05	0.95				
	316	2	52.91047136842105	10.582094273684211	0.0	0.0	3	1.0413168084259512	16.512735285490386	230.0	36	1.05	0.95				
	317	1	0.0	0.0	0.0	0.0	3	1.05	21.160386181545245	230.0	37	1.05	0.95				
	318	2	176.1918696568421	35.97912053052632	0.0	0.0	3	1.0425007811658829	17.494745194194557	230.0	37	1.05	0.95				
	319	1	95.76795317684211	19.57687440631579	0.0	0.0	3	1.0280302096543463	15.27383525395381	230.0	35	1.05	0.95				
	320	1	67.72540335157895	13.756722555789475	0.0	0.0	3	1.0207288151977476	15.206855470420718	230.0	35	1.05	0.95				
	321	2	0.0	0.0	0.0	0.0	3	1.0460608435497079	17.929606482907616	230.0	37	1.05	0.95				
	322	2	0.0	0.0	0.0	0.0	3	1.05	23.541219857461858	230.0	37	1.05	0.95				
	323	2	0.0	0.0	0.0	0.0	3	1.0177516701891718	15.582742448849647	230.0	35	1.05	0.95				
	324	1	0.0	0.0	0.0	0.0	3	1.047242006831579	19.86777245519503	230.0	36	1.05	0.95				
	325	1	0.0	0.0	0.0	0.0	3	1.0190443076060385	16.132318007925964	230.0	35	1.05	0.95				
];
