%% MATPOWER Case Format : Version 2
function mpc = RTS_GMLC
mpc.version = '2';

%%-----  Power Flow Data  -----%%
%% system MVA base
mpc.baseMVA = 100.0;
%% bus data
%    bus_i    type    Pd    Qd    Gs    Bs    area    Vm    Va    baseKV    zone    Vmax    Vmin
mpc.bus = [
	101	2	40.18604650105264	8.186046509473686	0.0	0.0	1	1.0232522471367138	4.329198658960518	138.0	11	1.05	0.95				
	102	2	36.093023246315795	7.441860463157895	0.0	0.0	1	1.022070366196917	4.042059867960603	138.0	12	1.05	0.95				
	103	1	66.97674416842106	13.767441856842105	0.0	0.0	1	1.0317015954458437	3.3519544937642327	138.0	11	1.05	0.95				
	104	1	27.53488371368421	5.581395347368422	0.0	0.0	1	1.0177548508208019	0.7630019948569415	138.0	11	1.05	0.95				
	105	1	26.418604644210532	5.209302324210528	0.0	0.0	1	1.0311241596314202	0.9293253402578378	138.0	11	1.05	0.95				
	106	1	50.60465114947369	10.418604648421056	0.0	-100.0	1	1.0441103305225725	-1.3938207022605773	138.0	12	1.05	0.95				
	107	2	46.51162789473685	9.30232557894737	0.0	0.0	1	0.98513280920091	-7.669112722113851	138.0	12	1.05	0.95				
	108	1	63.627906960000004	13.023255810526315	0.0	0.0	1	0.9969870589735389	-5.917121339057218	138.0	12	1.05	0.95				
	109	1	65.11627905263158	13.395348833684212	0.0	0.0	1	1.0255305623615663	-0.37479335560243204	138.0	13	1.05	0.95				
	110	1	72.55813951578948	14.88372092631579	0.0	0.0	1	1.05	-1.3055286109801807	138.0	13	1.05	0.95				
	111	1	0.0	0.0	0.0	0.0	1	1.0122658460925307	1.1626894728810155	230.0	13	1.05	0.95				
	112	1	0.0	0.0	0.0	0.0	1	1.0107851741925638	0.6504579085399659	230.0	13	1.05	0.95				
	113	3	98.60465113684211	20.09302325052632	0.0	0.0	1	0.9885689710423856	2.55734811966683e-29	230.0	14	1.05	0.95				
	114	2	72.18604649263159	14.511627903157898	0.0	0.0	1	1.0317210638366887	4.16595954170104	230.0	16	1.05	0.95				
	115	2	117.95348834105263	23.813953482105266	0.0	0.0	1	1.0455860655578428	11.849381681960773	230.0	16	1.05	0.95				
	116	2	37.20930231578948	7.441860463157895	0.0	0.0	1	1.0448528982008984	10.677289176843578	230.0	16	1.05	0.95				
	117	1	0.0	0.0	0.0	0.0	1	1.043325916131344	15.52358404508227	230.0	17	1.05	0.95				
	118	2	123.90697671157895	25.302325574736845	0.0	0.0	1	1.05	15.630038334235318	230.0	17	1.05	0.95				
	119	1	67.34883719157895	13.767441856842105	0.0	0.0	1	1.0407869755743244	7.863630871067841	230.0	15	1.05	0.95				
	120	1	47.62790696421053	9.674418602105264	0.0	0.0	1	1.0410948069312012	6.119291148091039	230.0	15	1.05	0.95				
	121	2	0.0	0.0	0.0	0.0	1	1.0416794124328428	16.685748218032188	230.0	17	1.05	0.95				
	122	2	0.0	0.0	0.0	0.0	1	1.05	34.66006804374044	230.0	17	1.05	0.95				
	123	2	0.0	0.0	0.0	0.0	1	1.0416394380082974	5.4394293924835	230.0	15	1.05	0.95				
	124	1	0.0	0.0	0.0	0.0	1	1.029567758971731	8.681104612279483	230.0	16	1.05	0.95				
	201	2	46.35857076631579	9.44341256350877	0.0	0.0	2	1.024356661187022	-9.551308115665375	138.0	21	1.05	0.95				
	202	2	41.6368644845614	8.584920512280704	0.0	0.0	2	1.0254422323976067	-9.374200040223313	138.0	22	1.05	0.95				
	203	1	77.26428461052632	15.882102947719298	0.0	0.0	2	1.0126972445738742	-8.475380898908204	138.0	21	1.05	0.95				
	204	1	31.764205895438597	6.438690384210526	0.0	0.0	2	1.016834780964264	-11.065488821703378	138.0	21	1.05	0.95				
	205	1	30.476467818596486	6.009444358596492	0.0	0.0	2	1.0319107406100716	-11.357527968588963	138.0	21	1.05	0.95				
	206	1	58.37745948350877	12.018888717192985	0.0	-100.0	2	1.0442386202121117	-12.754860747011133	138.0	22	1.05	0.95				
	207	2	53.655753201754386	10.731150640350878	0.0	0.0	2	0.9916033997987987	-18.958124365444657	138.0	22	1.05	0.95				
	208	1	73.40107038	15.023610896491228	0.0	0.0	2	0.9977848092388706	-17.016458534008493	138.0	22	1.05	0.95				
	209	1	75.11805448245615	15.452856922105262	0.0	0.0	2	1.0219219940673012	-10.6817017354641	138.0	23	1.05	0.95				
	210	1	83.70297499473683	17.169841024561407	0.0	0.0	2	1.05	-11.808189757980728	138.0	23	1.05	0.95				
	211	1	0.0	0.0	0.0	0.0	2	1.0059420089392668	-8.15034580870995	230.0	23	1.05	0.95				
	212	1	0.0	0.0	0.0	0.0	2	1.0089881776864844	-7.383204526860145	230.0	23	1.05	0.95				
	213	2	113.75019678771929	23.179285383157897	0.0	0.0	2	1.0006499102394528	-7.025917855037963	230.0	24	1.05	0.95				
	214	2	83.2737289691228	16.74059499894737	0.0	0.0	2	1.0069923462136956	-5.935280745669646	230.0	26	1.05	0.95				
	215	2	136.0709901196491	27.471745639298245	0.0	0.0	2	1.0228695209016276	-0.046778632973981334	230.0	26	1.05	0.95				
	216	2	42.92460256140351	8.584920512280704	0.0	0.0	2	1.0262876650849415	-0.20442963162337988	230.0	26	1.05	0.95				
	217	1	0.0	0.0	0.0	0.0	2	1.0330207909308147	1.6205565235415327	230.0	27	1.05	0.95				
	218	2	142.9389265294737	29.188729741754386	0.0	0.0	2	1.0313068357313264	1.0243261277723557	230.0	27	1.05	0.95				
	219	1	77.69353063614035	15.882102947719298	0.0	0.0	2	1.0269419135837348	-0.44000271869659696	230.0	25	1.05	0.95				
	220	1	54.94349127859649	11.160396665964912	0.0	0.0	2	1.0303767064330556	0.19152488173299143	230.0	25	1.05	0.95				
	221	2	0.0	0.0	0.0	0.0	2	1.0315765105900003	1.4741994116396573	230.0	27	1.05	0.95				
	222	2	0.0	0.0	0.0	0.0	2	1.05	8.026498859409019	230.0	27	1.05	0.95				
	223	2	0.0	0.0	0.0	0.0	2	1.0329727474436612	0.8635288606250402	230.0	25	1.05	0.95				
	224	1	0.0	0.0	0.0	0.0	2	1.0085520873277487	-3.2009293701125316	230.0	26	1.05	0.95				
	301	2	53.965833612631585	10.993040180350878	0.0	0.0	3	1.0112975172816059	-20.54998882204886	138.0	31	1.05	0.95				
	302	2	48.46931352245614	9.993672891228071	0.0	0.0	3	1.010489646365494	-20.73016419814982	138.0	32	1.05	0.95				
	303	1	89.94305602105264	18.48829484877193	0.0	0.0	3	1.0342497671227497	-12.399639712237857	138.0	31	1.05	0.95				
	304	1	36.97658969754386	7.495254668421053	0.0	0.0	3	1.0107425871040083	-19.136221858504385	138.0	31	1.05	0.95				
	305	1	35.47753876385965	6.995571023859649	0.0	0.0	3	1.0241803472827862	-20.242299240374237	138.0	31	1.05	0.95				
	306	1	67.95697566035088	13.991142047719299	0.0	-100.0	3	1.0389898987543233	-20.646269273047462	138.0	32	1.05	0.95				
	307	2	62.46045557017544	12.492091114035087	0.0	0.0	3	0.9938651384674483	-26.161198611156696	138.0	32	1.05	0.95				
	308	1	85.44590321999999	17.488927559649124	0.0	0.0	3	0.9971861956217233	-23.844095304594084	138.0	32	1.05	0.95				
	309	1	87.44463779824562	17.988611204210525	0.0	0.0	3	1.0273442752115394	-15.793271193536048	138.0	33	1.05	0.95				
	310	1	97.43831068947368	19.987345782456142	0.0	0.0	3	1.05	-18.328815131779493	138.0	33	1.05	0.95				
	311	1	0.0	0.0	0.0	0.0	3	1.0124056573916191	-12.169456158251313	230.0	33	1.05	0.95				
	312	1	0.0	0.0	0.0	0.0	3	1.0128212212451333	-11.395337312034211	230.0	33	1.05	0.95				
	313	2	132.41616580877192	26.982916806315792	0.0	0.0	3	1.014494346328583	-8.50706547486257	230.0	34	1.05	0.95				
	314	2	96.93862704491228	19.487662137894738	0.0	0.0	3	1.0179182853943876	-10.424936705788335	230.0	36	1.05	0.95				
	315	2	158.3997153259649	31.979753251929825	0.0	0.0	3	1.0386287775443668	-5.862071968133711	230.0	36	1.05	0.95				
	316	2	49.96836445614035	9.993672891228071	0.0	0.0	3	1.0384988386605978	-4.941337705454946	230.0	36	1.05	0.95				
	317	1	0.0	0.0	0.0	0.0	3	1.0436411077340193	-3.0447630358663664	230.0	37	1.05	0.95				
	318	2	166.39465363894737	33.97848783017544	0.0	0.0	3	1.041117424108182	-3.8041608433611187	230.0	37	1.05	0.95				
	319	1	90.44273966561404	18.48829484877193	0.0	0.0	3	1.033634988437349	-5.37986418912886	230.0	35	1.05	0.95				
	320	1	63.95950650385965	12.991774758596492	0.0	0.0	3	1.033066743539395	-4.80297696551295	230.0	35	1.05	0.95				
	321	2	0.0	0.0	0.0	0.0	3	1.0419071891761933	-3.936988093423975	230.0	37	1.05	0.95				
	322	2	0.0	0.0	0.0	0.0	3	1.05	0.7386479017508554	230.0	37	1.05	0.95				
	323	2	0.0	0.0	0.0	0.0	3	1.0337690486506235	-4.107016804498801	230.0	35	1.05	0.95				
	324	1	0.0	0.0	0.0	0.0	3	1.0282521418937294	-8.321056756821976	230.0	36	1.05	0.95				
	325	1	0.0	0.0	0.0	0.0	3	1.0265460066502476	-2.407376828995335	230.0	35	1.05	0.95				
];
