%% MATPOWER Case Format : Version 2
function mpc = RTS_GMLC
mpc.version = '2';

%%-----  Power Flow Data  -----%%
%% system MVA base
mpc.baseMVA = 100.0;
%% bus data
%    bus_i    type    Pd    Qd    Gs    Bs    area    Vm    Va    baseKV    zone    Vmax    Vmin
mpc.bus = [
	101	2	49.00346363368421	9.982187036491228	0.0	0.0	1	1.0157233955919907	1.491001314211197	138.0	11	1.05	0.95				
	102	2	44.01237011543859	9.074715487719299	0.0	0.0	1	1.0145792607847712	1.1822262710902272	138.0	12	1.05	0.95				
	103	1	81.67243938947368	16.788223652280703	0.0	0.0	1	1.0260563965550917	1.3916954718961547	138.0	11	1.05	0.95				
	104	1	33.576447304561405	6.806036615789473	0.0	0.0	1	1.0131129077105772	-1.8848594108557866	138.0	11	1.05	0.95				
	105	1	32.215239981403506	6.352300841403509	0.0	0.0	1	1.0263195067652207	-1.8174482239447565	138.0	11	1.05	0.95				
	106	1	61.708065316491236	12.704601682807018	0.0	-100.0	1	1.0401142355723934	-4.15032756981024	138.0	12	1.05	0.95				
	107	2	56.716971798245616	11.343394359649123	0.0	0.0	1	0.9864100964550854	-12.021930957758785	138.0	12	1.05	0.95				
	108	1	77.58881742	15.880752103508772	0.0	0.0	1	0.9940927733844949	-9.620136400008041	138.0	12	1.05	0.95				
	109	1	79.40376051754386	16.334487877894734	0.0	0.0	1	1.0258388186955805	-2.496453769826606	138.0	13	1.05	0.95				
	110	1	88.47847600526315	18.149430975438598	0.0	0.0	1	1.05	-3.6731561887395765	138.0	13	1.05	0.95				
	111	1	0.0	0.0	0.0	0.0	1	1.0184086209147658	0.013580627803966884	230.0	13	1.05	0.95				
	112	1	0.0	0.0	0.0	0.0	1	1.0156115915719153	-0.5671061626216224	230.0	13	1.05	0.95				
	113	3	120.2399802122807	24.501731816842106	0.0	0.0	1	1.0019871779820442	-1.5735580115337341e-30	230.0	14	1.05	0.95				
	114	2	88.02474023087719	17.695695201052633	0.0	0.0	1	1.040215051755338	3.072706690189777	230.0	16	1.05	0.95				
	115	2	143.83424048035087	29.039089560701754	0.0	0.0	1	1.0431260565938605	11.685691198645015	230.0	16	1.05	0.95				
	116	2	45.37357743859649	9.074715487719299	0.0	0.0	1	1.043662378845314	10.248581651273785	230.0	16	1.05	0.95				
	117	1	0.0	0.0	0.0	0.0	1	1.0418477793849548	15.712554241285337	230.0	17	1.05	0.95				
	118	2	151.0940128705263	30.854032658245618	0.0	0.0	1	1.049406199167012	16.064857688100226	230.0	17	1.05	0.95				
	119	1	82.12617516385964	16.788223652280703	0.0	0.0	1	1.0404874345654258	6.919231124298251	230.0	15	1.05	0.95				
	120	1	58.07817912140351	11.797130134035088	0.0	0.0	1	1.0431609024480943	4.88586921370448	230.0	15	1.05	0.95				
	121	2	0.0	0.0	0.0	0.0	1	1.0430412037669268	17.528710976969357	230.0	17	1.05	0.95				
	122	2	0.0	0.0	0.0	0.0	1	1.05	35.49176712731157	230.0	17	1.05	0.95				
	123	2	0.0	0.0	0.0	0.0	1	1.0454622973474728	4.107774271124663	230.0	15	1.05	0.95				
	124	1	0.0	0.0	0.0	0.0	1	1.0238598733574287	7.854976572570814	230.0	16	1.05	0.95				
	201	2	55.14748938947369	11.233747838596493	0.0	0.0	2	1.0175574544115797	-16.237781134707788	138.0	21	1.05	0.95				
	202	2	49.53061547017544	10.212498035087721	0.0	0.0	2	1.018241439582321	-16.19194112961079	138.0	22	1.05	0.95				
	203	1	91.91248231578949	18.893121364912282	0.0	0.0	2	1.011469946660823	-13.278960808210291	138.0	21	1.05	0.95				
	204	1	37.786242729824565	7.65937352631579	0.0	0.0	2	1.0125285036192258	-17.12130381505914	138.0	21	1.05	0.95				
	205	1	36.25436802456141	7.148748624561405	0.0	0.0	2	1.0274223739890016	-17.580710027924088	138.0	21	1.05	0.95				
	206	1	69.4449866385965	14.29749724912281	0.0	-100.0	2	1.0403686765015583	-18.820899495894484	138.0	22	1.05	0.95				
	207	2	63.82811271929825	12.765622543859651	0.0	0.0	2	0.9891264619544788	-25.873830421321266	138.0	22	1.05	0.95				
	208	1	87.3168582	17.87187156140351	0.0	0.0	2	0.9930354580503987	-23.49190378865957	138.0	22	1.05	0.95				
	209	1	89.35935780701756	18.382496463157896	0.0	0.0	2	1.0229255938989399	-15.771763695925753	138.0	23	1.05	0.95				
	210	1	99.57185584210528	20.424996070175442	0.0	0.0	2	1.05	-17.2927272831949	138.0	23	1.05	0.95				
	211	1	0.0	0.0	0.0	0.0	2	1.0124811145633608	-12.425191164010403	230.0	23	1.05	0.95				
	212	1	0.0	0.0	0.0	0.0	2	1.014592292746437	-11.29623811783817	230.0	23	1.05	0.95				
	213	2	135.3155989649123	27.573744694736845	0.0	0.0	2	1.0153817040336315	-10.76380160157602	230.0	24	1.05	0.95				
	214	2	99.06123094035088	19.914371168421056	0.0	0.0	2	1.0159150927742502	-9.737794478598028	230.0	26	1.05	0.95				
	215	2	161.86809385614035	32.679993712280705	0.0	0.0	2	1.0299272035160911	-2.6598173898622353	230.0	26	1.05	0.95				
	216	2	51.062490175438604	10.212498035087721	0.0	0.0	2	1.033861141477427	-2.847103652907078	230.0	26	1.05	0.95				
	217	1	0.0	0.0	0.0	0.0	2	1.0376765566353339	-0.9205551937243014	230.0	27	1.05	0.95				
	218	2	170.03809228421053	34.72249331929825	0.0	0.0	2	1.0355235768237263	-1.6741170168504143	230.0	27	1.05	0.95				
	219	1	92.42310721754387	18.893121364912282	0.0	0.0	2	1.0376713490607345	-2.6486625176138183	230.0	25	1.05	0.95				
	220	1	65.35998742456141	13.276247445614036	0.0	0.0	2	1.0448145559306057	-1.5097901145512844	230.0	25	1.05	0.95				
	221	2	0.0	0.0	0.0	0.0	2	1.036131090457765	-1.1925325943111167	230.0	27	1.05	0.95				
	222	2	0.0	0.0	0.0	0.0	2	1.05	5.413912656871629	230.0	27	1.05	0.95				
	223	2	0.0	0.0	0.0	0.0	2	1.05	-0.5162360921799127	230.0	25	1.05	0.95				
	224	1	0.0	0.0	0.0	0.0	2	1.009909490036599	-6.605968635076401	230.0	26	1.05	0.95				
	301	2	70.14362544000001	14.288516293333334	0.0	0.0	3	1.036451047076132	-6.402508951216185	138.0	31	1.05	0.95				
	302	2	62.99936729333333	12.989560266666667	0.0	0.0	3	1.0330068103315533	-6.778709460475893	138.0	32	1.05	0.95				
	303	1	116.9060424	24.030686493333334	0.0	0.0	3	1.05	11.189333033912353	138.0	31	1.05	0.95				
	304	1	48.06137298666667	9.7421702	0.0	0.0	3	1.0084213580473695	-4.576646840397771	138.0	31	1.05	0.95				
	305	1	46.11293894666667	9.092692186666667	0.0	0.0	3	1.0292876505966022	-7.188948849499561	138.0	31	1.05	0.95				
	306	1	88.32900981333334	18.185384373333335	0.0	-100.0	3	1.0308045100348058	-8.36195859765667	138.0	32	1.05	0.95				
	307	2	81.18475166666667	16.236950333333333	0.0	0.0	3	0.95	-7.033483510066259	138.0	32	1.05	0.95				
	308	1	111.06074027999999	22.731730466666665	0.0	0.0	3	0.9629038792291507	-7.512665866761276	138.0	32	1.05	0.95				
	309	1	113.65865233333335	23.381208479999998	0.0	0.0	3	1.0117631176225663	-0.0245105971364178	138.0	33	1.05	0.95				
	310	1	126.6482126	25.979120533333333	0.0	0.0	3	1.0381423800387615	-5.906781598762872	138.0	33	1.05	0.95				
	311	1	0.0	0.0	0.0	0.0	3	1.002205652337579	-0.15457164365564827	230.0	33	1.05	0.95				
	312	1	0.0	0.0	0.0	0.0	3	1.0026942875818032	0.4902470705724118	230.0	33	1.05	0.95				
	313	2	172.11167353333332	35.071812720000004	0.0	0.0	3	1.000115024126583	2.4015012705880343	230.0	34	1.05	0.95				
	314	2	125.99873458666666	25.32964252	0.0	0.0	3	1.0082539530858023	0.5006751632089579	230.0	36	1.05	0.95				
	315	2	205.88453022666667	41.56659285333333	0.0	0.0	3	1.0497487487302901	5.643572002829175	230.0	36	1.05	0.95				
	316	2	64.94780133333333	12.989560266666667	0.0	0.0	3	1.0484515655971773	5.324853650426117	230.0	36	1.05	0.95				
	317	1	0.0	0.0	0.0	0.0	3	1.05	10.79803274415718	230.0	37	1.05	0.95				
	318	2	216.27617844000002	44.16450490666667	0.0	0.0	3	1.0402216634585135	7.981633883278029	230.0	37	1.05	0.95				
	319	1	117.55552041333333	24.030686493333334	0.0	0.0	3	1.0315365886913352	4.056273243681458	230.0	35	1.05	0.95				
	320	1	83.13318570666667	16.88642834666667	0.0	0.0	3	1.0224622181153413	4.18177684311793	230.0	35	1.05	0.95				
	321	2	0.0	0.0	0.0	0.0	3	1.0430186897461233	7.857993737613305	230.0	37	1.05	0.95				
	322	2	0.0	0.0	0.0	0.0	3	1.0469949821984854	13.385899414603921	230.0	37	1.05	0.95				
	323	2	0.0	0.0	0.0	0.0	3	1.019116017933237	4.754913657257527	230.0	35	1.05	0.95				
	324	1	0.0	0.0	0.0	0.0	3	1.0471934994942746	7.768087215305707	230.0	36	1.05	0.95				
	325	1	0.0	0.0	0.0	0.0	3	1.0178042335607695	5.842710868645861	230.0	35	1.05	0.95				
];
