%% MATPOWER Case Format : Version 2
function mpc = RTS_GMLC
mpc.version = '2';

%%-----  Power Flow Data  -----%%
%% system MVA base
mpc.baseMVA = 100.0;
%% bus data
%    bus_i    type    Pd    Qd    Gs    Bs    area    Vm    Va    baseKV    zone    Vmax    Vmin
mpc.bus = [
	101	2	43.258782770526324	8.811974268070175	0.0	0.0	1	1.0333807222867795	2.2689928153153165	138.0	11	1.05	0.95				
	102	2	38.85279563649123	8.010885698245614	0.0	0.0	1	1.0324729199223912	2.012716091395073	138.0	12	1.05	0.95				
	103	1	72.09797128421053	14.820138541754387	0.0	0.0	1	1.0288167779580495	0.6847241225656846	138.0	11	1.05	0.95				
	104	1	29.640277083508774	6.00816427368421	0.0	0.0	1	1.0215802257074158	-0.9361753136189603	138.0	11	1.05	0.95				
	105	1	28.43864422877193	5.607619988771931	0.0	0.0	1	1.0362621648209158	-0.7195582013827269	138.0	11	1.05	0.95				
	106	1	54.47402274807018	11.215239977543861	0.0	-100.0	1	1.0461643526409712	-2.845321598883763	138.0	12	1.05	0.95				
	107	2	50.06803561403509	10.013607122807018	0.0	0.0	1	1.0013235476160278	-7.560758227272583	138.0	12	1.05	0.95				
	108	1	68.49307272	14.019049971929826	0.0	0.0	1	1.0059976053213007	-6.499481749930353	138.0	12	1.05	0.95				
	109	1	70.09524985964913	14.419594256842105	0.0	0.0	1	1.0245426220008491	-1.7221319325859552	138.0	13	1.05	0.95				
	110	1	78.10613555789475	16.02177139649123	0.0	0.0	1	1.05	-2.485501537676406	138.0	13	1.05	0.95				
	111	1	0.0	0.0	0.0	0.0	1	1.002653017435958	-0.09618107787357744	230.0	13	1.05	0.95				
	112	1	0.0	0.0	0.0	0.0	1	1.0074366022524763	0.2092401569843163	230.0	13	1.05	0.95				
	113	3	106.14423550175438	21.629391385263162	0.0	0.0	1	0.9936386412473146	7.249029164213752e-30	230.0	14	1.05	0.95				
	114	2	77.70559127298246	15.621227111578948	0.0	0.0	1	0.9993117539681436	1.9620220825972559	230.0	16	1.05	0.95				
	115	2	126.972538317193	25.634834234385966	0.0	0.0	1	1.0358349329246581	7.690674114015562	230.0	16	1.05	0.95				
	116	2	40.05442849122807	8.010885698245614	0.0	0.0	1	1.0314373946245408	7.170568909865574	230.0	16	1.05	0.95				
	117	1	0.0	0.0	0.0	0.0	1	1.0393524759720207	9.088671912378283	230.0	17	1.05	0.95				
	118	2	133.3812468757895	27.23701137403509	0.0	0.0	1	1.0417688193239125	9.14437535379352	230.0	17	1.05	0.95				
	119	1	72.49851556912282	14.820138541754387	0.0	0.0	1	1.0249786059155164	6.09076883281469	230.0	15	1.05	0.95				
	120	1	51.26966846877193	10.414151407719299	0.0	0.0	1	1.0220760506942725	5.9304913634462455	230.0	15	1.05	0.95				
	121	2	0.0	0.0	0.0	0.0	1	1.0455593068596654	10.114147661266362	230.0	17	1.05	0.95				
	122	2	0.0	0.0	0.0	0.0	1	1.05	16.397000023200565	230.0	17	1.05	0.95				
	123	2	0.0	0.0	0.0	0.0	1	1.0208927406022705	6.1550652771867815	230.0	15	1.05	0.95				
	124	1	0.0	0.0	0.0	0.0	1	1.0240373031534296	5.06254418719485	230.0	16	1.05	0.95				
	201	2	43.842594050526316	8.930898788070175	0.0	0.0	2	1.0266713274766452	-6.0834772398747194	138.0	21	1.05	0.95				
	202	2	39.377144656491225	8.118998898245614	0.0	0.0	2	1.0276525110734653	-5.8741124762040835	138.0	22	1.05	0.95				
	203	1	73.07099008421054	15.020147961754384	0.0	0.0	2	1.01799351189864	-5.900964333953073	138.0	21	1.05	0.95				
	204	1	30.04029592350877	6.08924917368421	0.0	0.0	2	1.0188092679497744	-7.644909577079519	138.0	21	1.05	0.95				
	205	1	28.82244608877193	5.68329922877193	0.0	0.0	2	1.033420127907428	-7.858128384772056	138.0	21	1.05	0.95				
	206	1	55.20919250807018	11.36659845754386	0.0	-100.0	2	1.0454404695121322	-9.214153386036154	138.0	22	1.05	0.95				
	207	2	50.74374311403509	10.148748622807018	0.0	0.0	2	0.9926140554292039	-15.130774861208506	138.0	22	1.05	0.95				
	208	1	69.41744058	14.208248071929825	0.0	0.0	2	0.9995464529945844	-13.316667581225918	138.0	22	1.05	0.95				
	209	1	71.04124035964912	14.614198016842106	0.0	0.0	2	1.022875185603039	-7.426489925212592	138.0	23	1.05	0.95				
	210	1	79.16023925789474	16.23799779649123	0.0	0.0	2	1.05	-8.355660175950467	138.0	23	1.05	0.95				
	211	1	0.0	0.0	0.0	0.0	2	1.003361591008085	-4.915653947073897	230.0	23	1.05	0.95				
	212	1	0.0	0.0	0.0	0.0	2	1.0071188815113228	-4.237340220614387	230.0	23	1.05	0.95				
	213	2	107.57673540175439	21.921297025263158	0.0	0.0	2	0.9966512438017344	-3.8721625908850488	230.0	24	1.05	0.95				
	214	2	78.75428931298245	15.832047851578949	0.0	0.0	2	1.002232975572405	-2.7196742865108923	230.0	26	1.05	0.95				
	215	2	128.68613253719298	25.980796474385965	0.0	0.0	2	1.0223429703482865	2.8174105709115054	230.0	26	1.05	0.95				
	216	2	40.59499449122807	8.118998898245614	0.0	0.0	2	1.02321722645929	2.8265639118523187	230.0	26	1.05	0.95				
	217	1	0.0	0.0	0.0	0.0	2	1.0291871286333494	4.882475562963776	230.0	27	1.05	0.95				
	218	2	135.18133165578948	27.60459625403509	0.0	0.0	2	1.0295547968275043	4.878606721929249	230.0	27	1.05	0.95				
	219	1	73.4769400291228	15.020147961754384	0.0	0.0	2	1.0230677841335174	2.4941427771817968	230.0	25	1.05	0.95				
	220	1	51.96159294877193	10.5546985677193	0.0	0.0	2	1.0255531681518186	3.003262300918169	230.0	25	1.05	0.95				
	221	2	0.0	0.0	0.0	0.0	2	1.0305275104486	4.974629047722457	230.0	27	1.05	0.95				
	222	2	0.0	0.0	0.0	0.0	2	1.05	11.430912216565918	230.0	27	1.05	0.95				
	223	2	0.0	0.0	0.0	0.0	2	1.0274918293180366	3.5948456663145847	230.0	25	1.05	0.95				
	224	1	0.0	0.0	0.0	0.0	2	1.009901164320395	-0.4662284759728603	230.0	26	1.05	0.95				
	301	2	44.38215754105263	9.040809869473684	0.0	0.0	3	1.0071990546124434	-16.82680004643167	138.0	31	1.05	0.95				
	302	2	39.86175260631579	8.218918063157894	0.0	0.0	3	1.0072044564209628	-16.881214456788136	138.0	32	1.05	0.95				
	303	1	73.97026256842105	15.204998416842102	0.0	0.0	3	1.0193664774580993	-12.413450388504069	138.0	31	1.05	0.95				
	304	1	30.409996833684204	6.16418854736842	0.0	0.0	3	1.0115241660190137	-14.97797117194019	138.0	31	1.05	0.95				
	305	1	29.177159124210522	5.753242644210527	0.0	0.0	3	1.0233130527862968	-16.31215366276068	138.0	31	1.05	0.95				
	306	1	55.88864282947368	11.506485288421054	0.0	-100.0	3	1.0407668988222085	-16.509641974184795	138.0	32	1.05	0.95				
	307	2	51.368237894736836	10.273647578947367	0.0	0.0	3	0.9952351101706354	-20.424163227230498	138.0	32	1.05	0.95				
	308	1	70.27174943999998	14.383106610526314	0.0	0.0	3	1.0019518052421488	-18.592628048408567	138.0	32	1.05	0.95				
	309	1	71.91553305263157	14.794052513684209	0.0	0.0	3	1.0283332884098542	-11.752493653319535	138.0	33	1.05	0.95				
	310	1	80.13445111578946	16.437836126315787	0.0	0.0	3	1.05	-14.473842876179665	138.0	33	1.05	0.95				
	311	1	0.0	0.0	0.0	0.0	3	1.0064161406016872	-9.1907978121204	230.0	33	1.05	0.95				
	312	1	0.0	0.0	0.0	0.0	3	1.0111497983518103	-8.599004119566336	230.0	33	1.05	0.95				
	313	2	108.90066433684208	22.191078770526314	0.0	0.0	3	1.0090426831096564	-5.854447657950951	230.0	34	1.05	0.95				
	314	2	79.72350521263158	16.026890223157896	0.0	0.0	3	1.0014610377030218	-8.051347730482536	230.0	36	1.05	0.95				
	315	2	130.26985130105263	26.30053780210526	0.0	0.0	3	1.0239837115850865	-4.904720364706481	230.0	36	1.05	0.95				
	316	2	41.09459031578947	8.218918063157894	0.0	0.0	3	1.023644861774744	-3.974493499833586	230.0	36	1.05	0.95				
	317	1	0.0	0.0	0.0	0.0	3	1.02877860595352	-2.855240206193868	230.0	37	1.05	0.95				
	318	2	136.84498575157892	27.94432141473684	0.0	0.0	3	1.0275682103033321	-3.081066183728222	230.0	37	1.05	0.95				
	319	1	74.38120847157894	15.204998416842102	0.0	0.0	3	1.020658643591617	-4.444308864940431	230.0	35	1.05	0.95				
	320	1	52.60107560421052	10.684593482105264	0.0	0.0	3	1.0207647532066708	-4.041874933723141	230.0	35	1.05	0.95				
	321	2	0.0	0.0	0.0	0.0	3	1.0285479819759906	-3.150958600951607	230.0	37	1.05	0.95				
	322	2	0.0	0.0	0.0	0.0	3	1.041953532651267	1.3392628859941313	230.0	37	1.05	0.95				
	323	2	0.0	0.0	0.0	0.0	3	1.0214027227138431	-3.500184049151042	230.0	35	1.05	0.95				
	324	1	0.0	0.0	0.0	0.0	3	1.0126961319608083	-7.730185064399554	230.0	36	1.05	0.95				
	325	1	0.0	0.0	0.0	0.0	3	1.019690664993931	-2.343138514652923	230.0	35	1.05	0.95				
];
