%% MATPOWER Case Format : Version 2
function mpc = RTS_GMLC
mpc.version = '2';

%%-----  Power Flow Data  -----%%
%% system MVA base
mpc.baseMVA = 100.0;
%% bus data
%    bus_i    type    Pd    Qd    Gs    Bs    area    Vm    Va    baseKV    zone    Vmax    Vmin
mpc.bus = [
	101	2	42.670954989473685	8.692231571929824	0.0	0.0	1	1.019620507965311	-2.166566113720114	138.0	11	1.05	0.95				
	102	2	38.32483920350877	7.902028701754387	0.0	0.0	1	1.0191453688622998	-2.420122430811534	138.0	12	1.05	0.95				
	103	1	71.11825831578948	14.618753098245612	0.0	0.0	1	1.015208636621558	1.3568760686809778	138.0	11	1.05	0.95				
	104	1	29.237506196491225	5.926521526315788	0.0	0.0	1	1.0108888029067327	-2.9507167425968035	138.0	11	1.05	0.95				
	105	1	28.05220189122807	5.53142009122807	0.0	0.0	1	1.0231125892484352	-4.0738522050255455	138.0	11	1.05	0.95				
	106	1	53.73379517192982	11.06284018245614	0.0	-100.0	1	1.0330111077501065	-5.615556479394189	138.0	12	1.05	0.95				
	107	2	49.38767938596491	9.877535877192981	0.0	0.0	1	0.9885973508019733	-11.751459385379153	138.0	12	1.05	0.95				
	108	1	67.56234539999998	13.828550228070174	0.0	0.0	1	0.9912175260053783	-9.649281146903027	138.0	12	1.05	0.95				
	109	1	69.14275114035088	14.223651663157893	0.0	0.0	1	1.0092244968530093	-2.9456698533970544	138.0	13	1.05	0.95				
	110	1	77.04477984210526	15.804057403508773	0.0	0.0	1	1.036246184740253	-4.7222645521699205	138.0	13	1.05	0.95				
	111	1	0.0	0.0	0.0	0.0	1	0.9876109276543044	-0.6656081737304798	230.0	13	1.05	0.95				
	112	1	0.0	0.0	0.0	0.0	1	0.9898219379398735	-1.3863908489591013	230.0	13	1.05	0.95				
	113	3	104.70188029824561	21.335477494736843	0.0	0.0	1	0.9727543650609662	-5.245205229853083e-30	230.0	14	1.05	0.95				
	114	2	76.64967840701755	15.408955968421054	0.0	0.0	1	0.9921164357265159	2.07547703084874	230.0	16	1.05	0.95				
	115	2	125.247154922807	25.286491845614034	0.0	0.0	1	1.008314333144323	9.804093379623984	230.0	16	1.05	0.95				
	116	2	39.510143508771925	7.902028701754387	0.0	0.0	1	1.0046912931658996	8.487585166375936	230.0	16	1.05	0.95				
	117	1	0.0	0.0	0.0	0.0	1	1.0131082117989223	13.329410070536136	230.0	17	1.05	0.95				
	118	2	131.56877788421053	26.86689758596491	0.0	0.0	1	1.0198810756103194	13.85346608466917	230.0	17	1.05	0.95				
	119	1	71.51335975087719	14.618753098245612	0.0	0.0	1	0.9997914575675491	5.384575838767687	230.0	15	1.05	0.95				
	120	1	50.57298369122807	10.2726373122807	0.0	0.0	1	0.9992665087295305	2.8854168063743346	230.0	15	1.05	0.95				
	121	2	0.0	0.0	0.0	0.0	1	1.021166935514712	14.903375651883305	230.0	17	1.05	0.95				
	122	2	0.0	0.0	0.0	0.0	1	1.038546238100967	28.63479167149796	230.0	17	1.05	0.95				
	123	2	0.0	0.0	0.0	0.0	1	0.9998743161108261	1.8305533734177306	230.0	15	1.05	0.95				
	124	1	0.0	0.0	0.0	0.0	1	1.0005284865139277	6.584219904911442	230.0	16	1.05	0.95				
	201	2	41.8366126231579	8.522272941754386	0.0	0.0	2	1.0126870240013095	-17.25804312520212	138.0	21	1.05	0.95				
	202	2	37.5754761522807	7.747520856140351	0.0	0.0	2	1.011468831264827	-17.55056258988216	138.0	22	1.05	0.95				
	203	1	69.72768770526316	14.33291358385965	0.0	0.0	2	1.0005980298198933	-12.57880645932719	138.0	21	1.05	0.95				
	204	1	28.6658271677193	5.8106406421052625	0.0	0.0	2	1.0036117880548514	-17.11569504254065	138.0	21	1.05	0.95				
	205	1	27.503699039298247	5.423264599298246	0.0	0.0	2	1.0204646247264624	-17.61135886130926	138.0	21	1.05	0.95				
	206	1	52.68314182175439	10.846529198596492	0.0	-100.0	2	1.032707552995772	-18.314473926935957	138.0	22	1.05	0.95				
	207	2	48.42200535087719	9.684401070175438	0.0	0.0	2	0.9766780572173961	-22.960081874118007	138.0	22	1.05	0.95				
	208	1	66.24130332	13.558161498245614	0.0	0.0	2	0.9850634618506426	-21.20057306730003	138.0	22	1.05	0.95				
	209	1	67.79080749122807	13.94553754105263	0.0	0.0	2	1.0083150757902357	-15.111310341586968	138.0	23	1.05	0.95				
	210	1	75.53832834736842	15.495041712280702	0.0	0.0	2	1.037423839348952	-16.696796646719616	138.0	23	1.05	0.95				
	211	1	0.0	0.0	0.0	0.0	2	0.9905211667343853	-12.175845025109277	230.0	23	1.05	0.95				
	212	1	0.0	0.0	0.0	0.0	2	0.9922572694931375	-11.537005456879376	230.0	23	1.05	0.95				
	213	2	102.65465134385965	20.91830631157895	0.0	0.0	2	0.9891996778444946	-10.863461077551841	230.0	24	1.05	0.95				
	214	2	75.1509523045614	15.107665669473686	0.0	0.0	2	0.987659842709796	-9.454049655226024	230.0	26	1.05	0.95				
	215	2	122.79820556982455	24.792066739649123	0.0	0.0	2	0.9970763459052955	-1.9424856610968435	230.0	26	1.05	0.95				
	216	2	38.73760428070175	7.747520856140351	0.0	0.0	2	0.9965431975979089	-3.0987245298405957	230.0	26	1.05	0.95				
	217	1	0.0	0.0	0.0	0.0	2	1.0038262620221285	-1.0418521348912277	230.0	27	1.05	0.95				
	218	2	128.99622225473684	26.341570910877195	0.0	0.0	2	1.0043189865100965	-1.3951765500635163	230.0	27	1.05	0.95				
	219	1	70.11506374807017	14.33291358385965	0.0	0.0	2	0.9968648657553933	-3.5262399290465973	230.0	25	1.05	0.95				
	220	1	49.584133479298245	10.071777112982456	0.0	0.0	2	0.9997220210486927	-3.0954875567402382	230.0	25	1.05	0.95				
	221	2	0.0	0.0	0.0	0.0	2	1.0066313417667312	-0.7679718297755526	230.0	27	1.05	0.95				
	222	2	0.0	0.0	0.0	0.0	2	1.0250638012002633	5.83302248403692	230.0	27	1.05	0.95				
	223	2	0.0	0.0	0.0	0.0	2	1.0018369302109342	-2.5459888570001956	230.0	25	1.05	0.95				
	224	1	0.0	0.0	0.0	0.0	2	0.9856667475646759	-5.981749941935952	230.0	26	1.05	0.95				
	301	2	62.182853545263164	12.666877574035087	0.0	0.0	3	1.009582086951568	23.050009820649485	138.0	31	1.05	0.95				
	302	2	55.84941475824561	11.515343249122807	0.0	0.0	3	1.0099873961457122	22.666546352774045	138.0	32	1.05	0.95				
	303	1	103.63808924210527	21.303385010877193	0.0	0.0	3	1.03156054437054	38.37572560513511	138.0	31	1.05	0.95				
	304	1	42.606770021754386	8.636507436842104	0.0	0.0	3	1.0010941813752363	24.34709101032453	138.0	31	1.05	0.95				
	305	1	40.87946853438596	8.060740274385966	0.0	0.0	3	1.0186325056061654	22.302247007310793	138.0	31	1.05	0.95				
	306	1	78.30433409403508	16.12148054877193	0.0	-100.0	3	1.030624775692211	21.222476334766895	138.0	32	1.05	0.95				
	307	2	71.97089530701754	14.39417906140351	0.0	0.0	3	0.9664289304136067	15.557507819252473	138.0	32	1.05	0.95				
	308	1	98.45618478	20.151850685964913	0.0	0.0	3	0.9743775130370346	18.308298895892296	138.0	32	1.05	0.95				
	309	1	100.75925342982457	20.72761784842105	0.0	0.0	3	1.0136167509733092	28.138457164615605	138.0	33	1.05	0.95				
	310	1	112.27459667894738	23.030686498245615	0.0	0.0	3	1.0423513340063721	23.42228066806213	138.0	33	1.05	0.95				
	311	1	0.0	0.0	0.0	0.0	3	1.005090061175447	27.882185429400526	230.0	33	1.05	0.95				
	312	1	0.0	0.0	0.0	0.0	3	1.0106157788093004	27.988457749275522	230.0	33	1.05	0.95				
	313	2	152.57829805087718	31.091426772631582	0.0	0.0	3	1.0112312181465783	30.224643202184964	230.0	34	1.05	0.95				
	314	2	111.69882951649122	22.454919335789477	0.0	0.0	3	1.0014280880195412	27.99733009065275	230.0	36	1.05	0.95				
	315	2	182.51819049859648	36.84909839719298	0.0	0.0	3	1.014305272788441	25.516520287995018	230.0	36	1.05	0.95				
	316	2	57.57671624561404	11.515343249122807	0.0	0.0	3	1.0083719374881936	25.36372330075212	230.0	36	1.05	0.95				
	317	1	0.0	0.0	0.0	0.0	3	1.0208665490304767	27.16190707720335	230.0	37	1.05	0.95				
	318	2	191.73046509789472	39.15216704701754	0.0	0.0	3	1.0157100741469747	23.634477930361697	230.0	37	1.05	0.95				
	319	1	104.2138564045614	21.303385010877193	0.0	0.0	3	1.0075566550247366	24.378735932067823	230.0	35	1.05	0.95				
	320	1	73.69819679438596	14.969946223859651	0.0	0.0	3	1.011603431953753	24.631310546205658	230.0	35	1.05	0.95				
	321	2	0.0	0.0	0.0	0.0	3	1.022462439282956	24.907605108854796	230.0	37	1.05	0.95				
	322	2	0.0	0.0	0.0	0.0	3	1.0367741171430433	30.123910093457074	230.0	37	1.05	0.95				
	323	2	0.0	0.0	0.0	0.0	3	1.0137939573865735	24.65746919585391	230.0	35	1.05	0.95				
	324	1	0.0	0.0	0.0	0.0	3	1.019603937736867	32.67465816314784	230.0	36	1.05	0.95				
