%% MATPOWER Case Format : Version 2
function mpc = RTS_GMLC
mpc.version = '2';

%%-----  Power Flow Data  -----%%
%% system MVA base
mpc.baseMVA = 100.0;
%% bus data
%    bus_i    type    Pd    Qd    Gs    Bs    area    Vm    Va    baseKV    zone    Vmax    Vmin
mpc.bus = [
	101	2	44.24740226526316	9.013359720701754	0.0	0.0	1	1.0143019787507375	-3.4047856461340658	138.0	11	1.05	0.95				
	102	2	39.740722404912276	8.19396338245614	0.0	0.0	1	1.0140385226487398	-3.641411914560089	138.0	12	1.05	0.95				
	103	1	73.74567044210526	15.158832257543859	0.0	0.0	1	1.00636491828352	0.9321119609551658	138.0	11	1.05	0.95				
	104	1	30.317664515087717	6.145472536842105	0.0	0.0	1	1.0046546932109581	-3.77910503551574	138.0	11	1.05	0.95				
	105	1	29.088570007719294	5.735774367719299	0.0	0.0	1	1.0177967929891225	-4.891607730058341	138.0	11	1.05	0.95				
	106	1	55.71895100070176	11.471548735438597	0.0	-100.0	1	1.0275392712088742	-6.2158582570873095	138.0	12	1.05	0.95				
	107	2	51.21227114035087	10.242454228070175	0.0	0.0	1	0.9859351955239013	-10.578155810575678	138.0	12	1.05	0.95				
	108	1	70.05838691999999	14.339435919298243	0.0	0.0	1	0.9876955996035311	-9.168461605812912	138.0	12	1.05	0.95				
	109	1	71.69717959649122	14.749134088421052	0.0	0.0	1	1.0035819143705702	-3.1847411528177085	138.0	13	1.05	0.95				
	110	1	79.89114297894736	16.38792676491228	0.0	0.0	1	1.0311378810999339	-5.051022056652714	138.0	13	1.05	0.95				
	111	1	0.0	0.0	0.0	0.0	1	0.9829828907734153	-0.6726018565078173	230.0	13	1.05	0.95				
	112	1	0.0	0.0	0.0	0.0	1	0.9840978755584977	-1.418311358719076	230.0	13	1.05	0.95				
	113	3	108.57001481754385	22.12370113263158	0.0	0.0	1	0.9659383675120718	5.370381031749011e-27	230.0	14	1.05	0.95				
	114	2	79.48144480982455	15.978228595789473	0.0	0.0	1	0.9909887026312413	2.327948847573461	230.0	16	1.05	0.95				
	115	2	129.87431961192982	26.220682823859647	0.0	0.0	1	0.9989216603053894	10.677226377100308	230.0	16	1.05	0.95				
	116	2	40.9698169122807	8.19396338245614	0.0	0.0	1	0.9961371107879364	9.315745758311374	230.0	16	1.05	0.95				
	117	1	0.0	0.0	0.0	0.0	1	1.0014893620221055	14.688465504209061	230.0	17	1.05	0.95				
	118	2	136.42949031789473	27.85947550035088	0.0	0.0	1	1.0100357929363757	15.100868675143886	230.0	17	1.05	0.95				
	119	1	74.15536861122807	15.158832257543859	0.0	0.0	1	0.9933282656351647	5.975082972737608	230.0	15	1.05	0.95				
	120	1	52.441365647719294	10.652152397192982	0.0	0.0	1	0.9952800577392574	3.399928749888616	230.0	15	1.05	0.95				
	121	2	0.0	0.0	0.0	0.0	1	1.011163961517406	16.176595489444576	230.0	17	1.05	0.95				
	122	2	0.0	0.0	0.0	0.0	1	1.020862556448106	33.18396608755425	230.0	17	1.05	0.95				
	123	2	0.0	0.0	0.0	0.0	1	0.9973648833699913	2.3215199592852684	230.0	15	1.05	0.95				
	124	1	0.0	0.0	0.0	0.0	1	0.9900063001744479	6.961217020912628	230.0	16	1.05	0.95				
	201	2	45.03258303157895	9.173303950877193	0.0	0.0	2	1.010620151436852	-12.28235793585194	138.0	21	1.05	0.95				
	202	2	40.44593105614035	8.339367228070177	0.0	0.0	2	1.0094110475195073	-12.509592682594203	138.0	22	1.05	0.95				
	203	1	75.05430505263159	15.427829371929825	0.0	0.0	2	0.9970089883709784	-9.348745694102078	138.0	21	1.05	0.95				
	204	1	30.85565874385965	6.254525421052631	0.0	0.0	2	1.0012268836936304	-11.734033414479413	138.0	21	1.05	0.95				
	205	1	29.604753659649123	5.837557059649123	0.0	0.0	2	1.017548098297775	-12.090258684770989	138.0	21	1.05	0.95				
	206	1	56.7076971508772	11.675114119298247	0.0	-100.0	2	1.0292837898307052	-12.509087864239756	138.0	22	1.05	0.95				
	207	2	52.121045175438596	10.42420903508772	0.0	0.0	2	0.9716030619857567	-17.59156333131609	138.0	22	1.05	0.95				
	208	1	71.3015898	14.593892649122806	0.0	0.0	2	0.9800541425986116	-15.667654287499847	138.0	22	1.05	0.95				
	209	1	72.96946324561404	15.010861010526316	0.0	0.0	2	1.0070806754493649	-9.32171243419533	138.0	23	1.05	0.95				
	210	1	81.30883047368421	16.678734456140354	0.0	0.0	2	1.0347628408338192	-10.521602050925502	138.0	23	1.05	0.95				
	211	1	0.0	0.0	0.0	0.0	2	0.9880015058776739	-7.023910981501992	230.0	23	1.05	0.95				
	212	1	0.0	0.0	0.0	0.0	2	0.9930475618672928	-2.586127422540927	230.0	23	1.05	0.95				
	213	2	110.49661577192981	22.516291515789476	0.0	0.0	2	0.9859154373487578	-4.925972348708347	230.0	24	1.05	0.95				
	214	2	80.8918621122807	16.261766094736842	0.0	0.0	2	0.9824434098731472	-5.821474141317069	230.0	26	1.05	0.95				
	215	2	132.17897056491228	26.685975129824563	0.0	0.0	2	0.991100517333548	-0.621756934819562	230.0	26	1.05	0.95				
	216	2	41.69683614035088	8.339367228070177	0.0	0.0	2	0.9898881398122198	-1.384163989065061	230.0	26	1.05	0.95				
	217	1	0.0	0.0	0.0	0.0	2	0.998604915227794	0.2220796668579173	230.0	27	1.05	0.95				
	218	2	138.85046434736842	28.3538485754386	0.0	0.0	2	0.9989651182848763	-0.1999578637676443	230.0	27	1.05	0.95				
	219	1	75.4712734140351	15.427829371929825	0.0	0.0	2	0.987375593869506	-1.577637012069829	230.0	25	1.05	0.95				
	220	1	53.371950259649125	10.84117739649123	0.0	0.0	2	0.9882016737454514	-0.8676119183227093	230.0	25	1.05	0.95				
	221	2	0.0	0.0	0.0	0.0	2	1.0013354794020977	0.44732144131238494	230.0	27	1.05	0.95				
	222	2	0.0	0.0	0.0	0.0	2	1.0199227675428988	6.872550201721901	230.0	27	1.05	0.95				
	223	2	0.0	0.0	0.0	0.0	2	0.9894698715226431	-0.13212992489731834	230.0	25	1.05	0.95				
	224	1	0.0	0.0	0.0	0.0	2	0.9828259724834301	-3.945008788331656	230.0	26	1.05	0.95				
	301	2	64.57450172210525	13.154065165614034	0.0	0.0	3	1.0047566082233645	18.202136717617158	138.0	31	1.05	0.95				
	302	2	57.99746913929824	11.958241059649122	0.0	0.0	3	1.004990795070156	17.95602207741859	138.0	32	1.05	0.95				
	303	1	107.6241695368421	22.122745960350876	0.0	0.0	3	1.0154018360472659	29.482765816882356	138.0	31	1.05	0.95				
	304	1	44.24549192070175	8.96868079473684	0.0	0.0	3	0.9967406492545224	20.20208066187556	138.0	31	1.05	0.95				
	305	1	42.45175576175438	8.370768741754386	0.0	0.0	3	1.0121955836552914	18.417295785555368	138.0	31	1.05	0.95				
	306	1	81.31603920561403	16.741537483508772	0.0	-100.0	3	1.0233565779674751	17.861129455949673	138.0	32	1.05	0.95				
	307	2	74.73900662280701	14.947801324561402	0.0	0.0	3	0.9684643592014687	14.939399288762152	138.0	32	1.05	0.95				
	308	1	102.24296106	20.926921854385963	0.0	0.0	3	0.9808766270813035	17.70681586961175	138.0	32	1.05	0.95				
	309	1	104.63460927192982	21.524833907368418	0.0	0.0	3	1.0116611048100481	24.557065945025943	138.0	33	1.05	0.95				
	310	1	116.59285033157893	23.916482119298244	0.0	0.0	3	1.035500529691205	20.600250227882103	138.0	33	1.05	0.95				
	311	1	0.0	0.0	0.0	0.0	3	0.9948992680143331	25.32027466025044	230.0	33	1.05	0.95				
	312	1	0.0	0.0	0.0	0.0	3	1.0025937988496572	26.37033184420881	230.0	33	1.05	0.95				
	313	2	158.44669404035085	32.28725086105263	0.0	0.0	3	1.0057137406519134	30.53925079951919	230.0	34	1.05	0.95				
	314	2	115.99493827859648	23.31857006631579	0.0	0.0	3	0.986186055385488	23.5480916360717	230.0	36	1.05	0.95				
	315	2	189.53812079543857	38.26637139087719	0.0	0.0	3	0.989686147751996	18.367237681954695	230.0	36	1.05	0.95				
	316	2	59.79120529824561	11.958241059649122	0.0	0.0	3	0.9822448464462754	19.122686572197182	230.0	36	1.05	0.95				
	317	1	0.0	0.0	0.0	0.0	3	0.9937345897555113	17.795004803204144	230.0	37	1.05	0.95				
	318	2	199.10471364315788	40.658019602807016	0.0	0.0	3	0.9933859185038995	15.655565320151998	230.0	37	1.05	0.95				
	319	1	108.22208158982455	22.122745960350876	0.0	0.0	3	0.9906937271444682	21.183990319920436	230.0	35	1.05	0.95				
	320	1	76.53274278175438	15.54571337754386	0.0	0.0	3	1.0006299708174673	22.706510500795837	230.0	35	1.05	0.95				
	321	2	0.0	0.0	0.0	0.0	3	0.9990326447820885	17.137933221989087	230.0	37	1.05	0.95				
	322	2	0.0	0.0	0.0	0.0	3	1.0155993460867183	21.713769243090567	230.0	37	1.05	0.95				
	323	2	0.0	0.0	0.0	0.0	3	1.0060103789176695	23.203236778643088	230.0	35	1.05	0.95				
	324	1	0.0	0.0	0.0	0.0	3	0.9986177902502005	24.527335699343922	230.0	36	1.05	0.95				
