%% MATPOWER Case Format : Version 2
function mpc = RTS_GMLC
mpc.version = '2';

%%-----  Power Flow Data  -----%%
%% system MVA base
mpc.baseMVA = 100.0;
%% bus data
%    bus_i    type    Pd    Qd    Gs    Bs    area    Vm    Va    baseKV    zone    Vmax    Vmin
mpc.bus = [
	101	2	48.26867888842106	9.83250866245614	0.0	0.0	1	1.0356309006882847	1.4135916587994757	138.0	11	1.05	0.95				
	102	2	43.35242455719298	8.938644238596492	0.0	0.0	1	1.0346905963985094	1.1471414864902567	138.0	12	1.05	0.95				
	103	1	80.44779814736842	16.536491841403507	0.0	0.0	1	1.0274756332168575	-0.26880354221980857	138.0	11	1.05	0.95				
	104	1	33.07298368280701	6.703983178947369	0.0	0.0	1	1.0221992816270131	-1.7661110155420736	138.0	11	1.05	0.95				
	105	1	31.73218704701754	6.257050967017546	0.0	0.0	1	1.0367650057221895	-1.644721125237914	138.0	11	1.05	0.95				
	106	1	60.782780822456154	12.514101934035091	0.0	-100.0	1	1.0453728500621084	-3.849040685522853	138.0	12	1.05	0.95				
	107	2	55.86652649122807	11.173305298245614	0.0	0.0	1	1.0013692044571003	-8.533976397487738	138.0	12	1.05	0.95				
	108	1	76.42540824000001	15.642627417543858	0.0	0.0	1	1.0046029171001496	-7.559711465604258	138.0	12	1.05	0.95				
	109	1	78.2131370877193	16.089559629473683	0.0	0.0	1	1.0246057059169915	-2.5201125461998575	138.0	13	1.05	0.95				
	110	1	87.15178132631578	17.877288477192984	0.0	0.0	1	1.05	-3.3441279841937193	138.0	13	1.05	0.95				
	111	1	0.0	0.0	0.0	0.0	1	1.0040465712438982	-0.6206546852238384	230.0	13	1.05	0.95				
	112	1	0.0	0.0	0.0	0.0	1	1.0084145569385918	-0.1982505129677629	230.0	13	1.05	0.95				
	113	3	118.43703616140351	24.13433944421053	0.0	0.0	1	0.9968541546556873	8.035651165377288e-30	230.0	14	1.05	0.95				
	114	2	86.70484911438596	17.430356265263157	0.0	0.0	1	1.0011946161220535	1.2767161462359782	230.0	16	1.05	0.95				
	115	2	141.67751118175437	28.603661563508776	0.0	0.0	1	1.0353177357622858	7.0878325014098635	230.0	16	1.05	0.95				
	116	2	44.693221192982456	8.938644238596492	0.0	0.0	1	1.031281417606784	6.577864707068133	230.0	16	1.05	0.95				
	117	1	0.0	0.0	0.0	0.0	1	1.038647683427016	8.551050347104729	230.0	17	1.05	0.95				
	118	2	148.82842657263157	30.391390411228077	0.0	0.0	1	1.040690427706179	8.64496087536271	230.0	17	1.05	0.95				
	119	1	80.89473035929825	16.536491841403507	0.0	0.0	1	1.025053065696746	5.563172338239988	230.0	15	1.05	0.95				
	120	1	57.20732312701755	11.62023751017544	0.0	0.0	1	1.0228618434614187	5.5496121206791384	230.0	15	1.05	0.95				
	121	2	0.0	0.0	0.0	0.0	1	1.0442353750641011	9.758399362262379	230.0	17	1.05	0.95				
	122	2	0.0	0.0	0.0	0.0	1	1.05	15.796678614629982	230.0	17	1.05	0.95				
	123	2	0.0	0.0	0.0	0.0	1	1.0223086131759407	5.88922393795059	230.0	15	1.05	0.95				
	124	1	0.0	0.0	0.0	0.0	1	1.022866689937046	4.329846307178636	230.0	16	1.05	0.95				
	201	2	45.89957501052632	9.349913428070176	0.0	0.0	2	1.0260313578043427	-6.155067165317008	138.0	21	1.05	0.95				
	202	2	41.22461829649123	8.499921298245615	0.0	0.0	2	1.0269942919912238	-5.941243122510615	138.0	22	1.05	0.95				
	203	1	76.49929168421052	15.724854401754385	0.0	0.0	2	1.0181526075790803	-6.022080233449206	138.0	21	1.05	0.95				
	204	1	31.44970880350877	6.374940973684211	0.0	0.0	2	1.0183795620358078	-7.6269335249545716	138.0	21	1.05	0.95				
	205	1	30.174720608771928	5.949944908771931	0.0	0.0	2	1.032863754842716	-7.8421463712136195	138.0	21	1.05	0.95				
	206	1	57.79946482807018	11.899889817543862	0.0	-100.0	2	1.0447856742504973	-9.164322227439019	138.0	22	1.05	0.95				
	207	2	53.12450811403509	10.624901622807018	0.0	0.0	2	0.9918485204208481	-15.336126218715837	138.0	22	1.05	0.95				
	208	1	72.6743271	14.874862271929823	0.0	0.0	2	0.9984120794645323	-13.422227452707752	138.0	22	1.05	0.95				
	209	1	74.37431135964913	15.299858336842103	0.0	0.0	2	1.0232806641897485	-7.260736484945142	138.0	23	1.05	0.95				
	210	1	82.87423265789474	16.99984259649123	0.0	0.0	2	1.05	-8.189654316348609	138.0	23	1.05	0.95				
	211	1	0.0	0.0	0.0	0.0	2	1.0045447750481147	-4.525838935678366	230.0	23	1.05	0.95				
	212	1	0.0	0.0	0.0	0.0	2	1.0078752144916274	-3.673707773010694	230.0	23	1.05	0.95				
	213	2	112.62395720175438	22.94978750526316	0.0	0.0	2	0.9989977102437105	-3.2616427933344947	230.0	24	1.05	0.95				
	214	2	82.44923659298246	16.57484653157895	0.0	0.0	2	1.004079332231219	-2.3079707393122386	230.0	26	1.05	0.95				
	215	2	134.72375257719298	27.199748154385965	0.0	0.0	2	1.0248876219433096	3.275753675716239	230.0	26	1.05	0.95				
	216	2	42.49960649122807	8.499921298245615	0.0	0.0	2	1.0255741719201885	3.382151257362731	230.0	26	1.05	0.95				
	217	1	0.0	0.0	0.0	0.0	2	1.031157505329649	5.330144487467251	230.0	27	1.05	0.95				
	218	2	141.52368961578946	28.89973241403509	0.0	0.0	2	1.0316040447760295	5.400493817818996	230.0	27	1.05	0.95				
	219	1	76.92428774912281	15.724854401754385	0.0	0.0	2	1.0257268157601955	3.35942894112891	230.0	25	1.05	0.95				
	220	1	54.39949630877193	11.049897687719298	0.0	0.0	2	1.028699810276174	4.169220234428889	230.0	25	1.05	0.95				
	221	2	0.0	0.0	0.0	0.0	2	1.0324913401463671	5.470415312263838	230.0	27	1.05	0.95				
	222	2	0.0	0.0	0.0	0.0	2	1.05	11.909837784093371	230.0	27	1.05	0.95				
	223	2	0.0	0.0	0.0	0.0	2	1.0310905831711308	4.937212137180165	230.0	25	1.05	0.95				
	224	1	0.0	0.0	0.0	0.0	2	1.010877926590909	-0.21822700815272955	230.0	26	1.05	0.95				
	301	2	43.527997477894736	8.866814301052631	0.0	0.0	3	1.0079763022375394	-15.238946186442138	138.0	31	1.05	0.95				
	302	2	39.094590327368415	8.06074027368421	0.0	0.0	3	1.0079195798432514	-15.341830722368625	138.0	32	1.05	0.95				
	303	1	72.5466624631579	14.91236950631579	0.0	0.0	3	1.0221595486360238	-10.33465261108521	138.0	31	1.05	0.95				
	304	1	29.82473901263158	6.045555205263158	0.0	0.0	3	1.0107597263881696	-14.014565491230881	138.0	31	1.05	0.95				
	305	1	28.615627971578945	5.642518191578947	0.0	0.0	3	1.0238077691799399	-14.673653154564606	138.0	31	1.05	0.95				
	306	1	54.81303386105264	11.285036383157895	0.0	-100.0	3	1.0411652641124136	-14.849169639926831	138.0	32	1.05	0.95				
	307	2	50.37962671052632	10.075925342105263	0.0	0.0	3	0.9937035719155188	-19.206879870312278	138.0	32	1.05	0.95				
	308	1	68.91932934	14.106295478947366	0.0	0.0	3	1.000828069196246	-17.41392371625376	138.0	32	1.05	0.95				
	309	1	70.53147739473684	14.509332492631577	0.0	0.0	3	1.0254046463328819	-11.273542873973415	138.0	33	1.05	0.95				
	310	1	78.59221766842104	16.12148054736842	0.0	0.0	3	1.05	-12.810126182364648	138.0	33	1.05	0.95				
	311	1	0.0	0.0	0.0	0.0	3	1.0067581131560492	-7.2645306261194085	230.0	33	1.05	0.95				
	312	1	0.0	0.0	0.0	0.0	3	1.0096481005353857	-6.999719032835286	230.0	33	1.05	0.95				
	313	2	106.80480862631579	21.763998738947368	0.0	0.0	3	1.0087555379098065	-3.971779824223172	230.0	34	1.05	0.95				
	314	2	78.18918065473683	15.718443533684212	0.0	0.0	3	1.0068528762371962	-5.259460589036522	230.0	36	1.05	0.95				
	315	2	127.76273333789474	25.794368875789473	0.0	0.0	3	1.0326185257192775	-0.8092864444146726	230.0	36	1.05	0.95				
	316	2	40.30370136842105	8.06074027368421	0.0	0.0	3	1.031874762061193	-0.05251951786664627	230.0	36	1.05	0.95				
	317	1	0.0	0.0	0.0	0.0	3	1.0398208509870324	2.6923979681234433	230.0	37	1.05	0.95				
	318	2	134.2113255568421	27.40651693052632	0.0	0.0	3	1.037273641208569	1.785770354183064	230.0	37	1.05	0.95				
	319	1	72.94969947684211	14.91236950631579	0.0	0.0	3	1.025753351589775	-1.2323302360936665	230.0	35	1.05	0.95				
	320	1	51.58873775157895	10.478962355789474	0.0	0.0	3	1.0232123566414035	-1.4761292662692858	230.0	35	1.05	0.95				
	321	2	0.0	0.0	0.0	0.0	3	1.037881315999602	1.4841995012421234	230.0	37	1.05	0.95				
	322	2	0.0	0.0	0.0	0.0	3	1.0499999998899372	6.27181840106261	230.0	37	1.05	0.95				
	323	2	0.0	0.0	0.0	0.0	3	1.0222269989927293	-1.2966539784422246	230.0	35	1.05	0.95				
	324	1	0.0	0.0	0.0	0.0	3	1.0168656153420161	-4.375654619325665	230.0	36	1.05	0.95				
	325	1	0.0	0.0	0.0	0.0	3	1.02154065675189	-0.35343705777712486	230.0	35	1.05	0.95				
];
