%% MATPOWER Case Format : Version 2
function mpc = RTS_GMLC
mpc.version = '2';

%%-----  Power Flow Data  -----%%
%% system MVA base
mpc.baseMVA = 100.0;
%% bus data
%    bus_i    type    Pd    Qd    Gs    Bs    area    Vm    Va    baseKV    zone    Vmax    Vmin
mpc.bus = [
	101	2	40.15932707368422	8.180603663157896	0.0	0.0	1	1.0335019989593939	3.555328042872287	138.0	11	1.05	0.95				
	102	2	36.06902524210526	7.436912421052631	0.0	0.0	1	1.0325728697918866	3.287703270149517	138.0	12	1.05	0.95				
	103	1	66.93221178947368	13.758287978947367	0.0	0.0	1	1.0312277190375718	2.1867665880560203	138.0	11	1.05	0.95				
	104	1	27.516575957894734	5.577684315789474	0.0	0.0	1	1.022046936128562	0.18622462082814842	138.0	11	1.05	0.95				
	105	1	26.401039094736838	5.205838694736842	0.0	0.0	1	1.036551856122878	0.39076390833952046	138.0	11	1.05	0.95				
	106	1	50.5710044631579	10.411677389473684	0.0	-100.0	1	1.046847717787786	-1.8113381148928722	138.0	12	1.05	0.95				
	107	2	46.48070263157894	9.29614052631579	0.0	0.0	1	1.0003073841147634	-7.370697731481591	138.0	12	1.05	0.95				
	108	1	63.5856012	13.014596736842105	0.0	0.0	1	1.0059438259141043	-5.9268868915661495	138.0	12	1.05	0.95				
	109	1	65.07298368421053	13.386442357894737	0.0	0.0	1	1.024490383816813	-0.8409944028571321	138.0	13	1.05	0.95				
	110	1	72.50989610526317	14.873824842105263	0.0	0.0	1	1.05	-1.6448151353767682	138.0	13	1.05	0.95				
	111	1	0.0	0.0	0.0	0.0	1	1.0023387993333832	0.6637611816333105	230.0	13	1.05	0.95				
	112	1	0.0	0.0	0.0	0.0	1	1.006845715289432	0.47320189208964036	230.0	13	1.05	0.95				
	113	3	98.53908957894737	20.07966353684211	0.0	0.0	1	0.9910832426593172	-5.68923022174263e-31	230.0	14	1.05	0.95				
	114	2	72.13805048421052	14.501979221052633	0.0	0.0	1	1.000826931025915	3.277902543962139	230.0	16	1.05	0.95				
	115	2	117.87506187368422	23.79811974736842	0.0	0.0	1	1.0391641852988847	9.643037756395932	230.0	16	1.05	0.95				
	116	2	37.18456210526316	7.436912421052631	0.0	0.0	1	1.035160778786196	9.047685697937393	230.0	16	1.05	0.95				
	117	1	0.0	0.0	0.0	0.0	1	1.0419841099208893	12.191728543939078	230.0	17	1.05	0.95				
	118	2	123.82459181052631	25.28550223157895	0.0	0.0	1	1.046626139789569	12.341614215632404	230.0	17	1.05	0.95				
	119	1	67.30405741052633	13.758287978947367	0.0	0.0	1	1.0258268137426678	6.983434536866769	230.0	15	1.05	0.95				
	120	1	47.59623949473684	9.66798614736842	0.0	0.0	1	1.0207740236240137	5.895656380490201	230.0	15	1.05	0.95				
	121	2	0.0	0.0	0.0	0.0	1	1.05	13.342405769760129	230.0	17	1.05	0.95				
	122	2	0.0	0.0	0.0	0.0	1	1.05	23.75941901457402	230.0	17	1.05	0.95				
	123	2	0.0	0.0	0.0	0.0	1	1.0182807668094465	5.585538584788597	230.0	15	1.05	0.95				
	124	1	0.0	0.0	0.0	0.0	1	1.0265414298829916	6.847649279411124	230.0	16	1.05	0.95				
	201	2	40.01762948210527	8.151739338947369	0.0	0.0	2	1.0192515946206637	-9.066132306053678	138.0	21	1.05	0.95				
	202	2	35.94175981263159	7.4106721263157915	0.0	0.0	2	1.0191531728779046	-9.13415006152459	138.0	22	1.05	0.95				
	203	1	66.69604913684212	13.709743433684213	0.0	0.0	2	1.016203572519685	-7.075857978356778	138.0	21	1.05	0.95				
	204	1	27.419486867368427	5.558004094736843	0.0	0.0	2	1.0155827381961573	-9.761593750072594	138.0	21	1.05	0.95				
	205	1	26.307886048421054	5.187470488421054	0.0	0.0	2	1.0302803487949919	-10.061193556630085	138.0	21	1.05	0.95				
	206	1	50.39257045894738	10.374940976842108	0.0	-100.0	2	1.044708590342852	-11.035074040318266	138.0	22	1.05	0.95				
	207	2	46.31670078947369	9.263340157894739	0.0	0.0	2	0.995456251350862	-15.86573316926022	138.0	22	1.05	0.95				
	208	1	63.36124668000001	12.968676221052633	0.0	0.0	2	1.0025320207951665	-14.231803536717914	138.0	22	1.05	0.95				
	209	1	64.84338110526316	13.339209827368423	0.0	0.0	2	1.0225820967765866	-8.73552348634358	138.0	23	1.05	0.95				
	210	1	72.25405323157895	14.821344252631583	0.0	0.0	2	1.05	-9.869922871277621	138.0	23	1.05	0.95				
	211	1	0.0	0.0	0.0	0.0	2	1.002743698540711	-6.194174025076556	230.0	23	1.05	0.95				
	212	1	0.0	0.0	0.0	0.0	2	1.006103699619816	-5.4840853950521025	230.0	23	1.05	0.95				
	213	2	98.19140567368422	20.008814741052635	0.0	0.0	2	0.9964207328562048	-5.001573092624788	230.0	24	1.05	0.95				
	214	2	71.88351962526318	14.450810646315793	0.0	0.0	2	1.0012368764136292	-3.9872062893857656	230.0	26	1.05	0.95				
	215	2	117.45915320210527	23.71415080421053	0.0	0.0	2	1.0183395280328662	1.3964950968036647	230.0	26	1.05	0.95				
	216	2	37.053360631578954	7.4106721263157915	0.0	0.0	2	1.0195636527234073	1.3722968296468983	230.0	26	1.05	0.95				
	217	1	0.0	0.0	0.0	0.0	2	1.0248920455739583	2.996688478117121	230.0	27	1.05	0.95				
	218	2	123.3876909031579	25.19628522947369	0.0	0.0	2	1.0241966029204583	2.520483057196181	230.0	27	1.05	0.95				
	219	1	67.06658274315791	13.709743433684213	0.0	0.0	2	1.0200163584708375	1.2593717653393526	230.0	25	1.05	0.95				
	220	1	47.42830160842106	9.633873764210527	0.0	0.0	2	1.0226225924791854	1.894979393889727	230.0	25	1.05	0.95				
	221	2	0.0	0.0	0.0	0.0	2	1.0258765874612155	2.9526488475353876	230.0	27	1.05	0.95				
	222	2	0.0	0.0	0.0	0.0	2	1.047935578071127	9.485999297444405	230.0	27	1.05	0.95				
	223	2	0.0	0.0	0.0	0.0	2	1.0245062319871525	2.531083061266844	230.0	25	1.05	0.95				
	224	1	0.0	0.0	0.0	0.0	2	1.0070361627757902	-1.801727124177289	230.0	26	1.05	0.95				
	301	2	47.320468218947376	9.639354637192984	0.0	0.0	3	1.0101708019320599	-12.092937463512863	138.0	31	1.05	0.95				
	302	2	42.50079090035088	8.76304967017544	0.0	0.0	3	1.0097316953657112	-12.282888062451995	138.0	32	1.05	0.95				
	303	1	78.86744703157895	16.211641889824563	0.0	0.0	3	1.0365071145126148	-3.737859474654439	138.0	31	1.05	0.95				
	304	1	32.423283779649125	6.572287252631578	0.0	0.0	3	1.011936415925797	-10.83216848569259	138.0	31	1.05	0.95				
	305	1	31.108826329122806	6.134134769122808	0.0	0.0	3	1.0246277075231318	-12.213736872208862	138.0	31	1.05	0.95				
	306	1	59.58873775719299	12.268269538245615	0.0	-100.0	3	1.0406121417671592	-12.800871636412257	138.0	32	1.05	0.95				
	307	2	54.7690604385965	10.9538120877193	0.0	0.0	3	0.9929618494533772	-17.241037942540245	138.0	32	1.05	0.95				
	308	1	74.92407467999999	15.335336922807016	0.0	0.0	3	0.9993024677392233	-15.265231217581	138.0	32	1.05	0.95				
	309	1	76.6766846140351	15.773489406315791	0.0	0.0	3	1.0275312843828919	-7.8560545206580805	138.0	33	1.05	0.95				
	310	1	85.43973428421053	17.52609934035088	0.0	0.0	3	1.05	-10.922961853972371	138.0	33	1.05	0.95				
	311	1	0.0	0.0	0.0	0.0	3	1.0077794030236145	-5.879942176702076	230.0	33	1.05	0.95				
	312	1	0.0	0.0	0.0	0.0	3	1.0126514890339182	-5.2019159464337035	230.0	33	1.05	0.95				
	313	2	116.11040812982456	23.660234109473688	0.0	0.0	3	1.0104944604353743	-2.6554722282344008	230.0	34	1.05	0.95				
	314	2	85.00158180070176	17.087946856842105	0.0	0.0	3	1.0032035435270044	-5.071870345339969	230.0	36	1.05	0.95				
	315	2	138.89433727228072	28.04175894456141	0.0	0.0	3	1.0275692126699836	-1.708324608251943	230.0	36	1.05	0.95				
	316	2	43.8152483508772	8.76304967017544	0.0	0.0	3	1.0261111284659503	-1.2898847499101835	230.0	36	1.05	0.95				
	317	1	0.0	0.0	0.0	0.0	3	1.032714004589139	0.6158912211098362	230.0	37	1.05	0.95				
	318	2	145.90477700842106	29.794368878596494	0.0	0.0	3	1.0303396501842066	-0.1068199337747576	230.0	37	1.05	0.95				
	319	1	79.30559951508772	16.211641889824563	0.0	0.0	3	1.0230327170022981	-1.6635907758915476	230.0	35	1.05	0.95				
	320	1	56.08351788912282	11.39196457122807	0.0	0.0	3	1.0233601701314468	-1.1287338969667926	230.0	35	1.05	0.95				
	321	2	0.0	0.0	0.0	0.0	3	1.0316056340852502	-0.08338078253967474	230.0	37	1.05	0.95				
	322	2	0.0	0.0	0.0	0.0	3	1.0454047687588337	4.53616993837876	230.0	37	1.05	0.95				
	323	2	0.0	0.0	0.0	0.0	3	1.0242807728136034	-0.4956811923150798	230.0	35	1.05	0.95				
	324	1	0.0	0.0	0.0	0.0	3	1.0258230832521302	-2.4845408819724883	230.0	36	1.05	0.95				
	325	1	0.0	0.0	0.0	0.0	3	1.0225704596984522	0.681996726203343	230.0	35	1.05	0.95				
];
