%% MATPOWER Case Format : Version 2
function mpc = RTS_GMLC
mpc.version = '2';

%%-----  Power Flow Data  -----%%
%% system MVA base
mpc.baseMVA = 100.0;
%% bus data
%    bus_i    type    Pd    Qd    Gs    Bs    area    Vm    Va    baseKV    zone    Vmax    Vmin
mpc.bus = [
	101	2	35.49678376926316	7.2308263233684205	0.0	0.0	1	1.0347099321440452	4.379395611467823	138.0	11	1.05	0.95				
	102	2	31.881370607578948	6.573478475789473	0.0	0.0	1	1.0338227494914598	4.1244053502160725	138.0	12	1.05	0.95				
	103	1	59.161306282105265	12.160935180210526	0.0	0.0	1	1.0303900761606324	2.4418942647437927	138.0	11	1.05	0.95				
	104	1	24.32187036042105	4.930108856842105	0.0	0.0	1	1.0230624336618213	0.8921496758571515	138.0	11	1.05	0.95				
	105	1	23.33584858905263	4.601434933052632	0.0	0.0	1	1.0376671547771426	1.1622094825038713	138.0	11	1.05	0.95				
	106	1	44.69965363536843	9.202869866105264	0.0	-100.0	1	1.0482795939603002	-1.0337038349990098	138.0	12	1.05	0.95				
	107	2	41.08424047368421	8.216848094736843	0.0	0.0	1	1.001420906479569	-6.714019297384625	138.0	12	1.05	0.95				
	108	1	56.203240968	11.503587332631577	0.0	0.0	1	1.0078256190735426	-5.199833675177929	138.0	12	1.05	0.95				
	109	1	57.5179366631579	11.832261256421052	0.0	0.0	1	1.0240090483623356	-0.42023350199049236	138.0	13	1.05	0.95				
	110	1	64.09141513894737	13.146956951578947	0.0	0.0	1	1.05	-1.06665268403219	138.0	13	1.05	0.95				
	111	1	0.0	0.0	0.0	0.0	1	1.0000277456126057	0.7747225336938579	230.0	13	1.05	0.95				
	112	1	0.0	0.0	0.0	0.0	1	1.0052294540803335	0.558635158964729	230.0	13	1.05	0.95				
	113	3	87.09858980421052	17.74839188463158	0.0	0.0	1	0.987993606857288	2.0747582293253829e-32	230.0	14	1.05	0.95				
	114	2	63.762741215157895	12.818283027789473	0.0	0.0	1	0.9960464357776491	3.1100297385183935	230.0	16	1.05	0.95				
	115	2	104.18963384126316	21.035131122526316	0.0	0.0	1	1.0333434041379554	8.812587437142312	230.0	16	1.05	0.95				
	116	2	32.86739237894737	6.573478475789473	0.0	0.0	1	1.0292286135095028	8.23287259623427	230.0	16	1.05	0.95				
	117	1	0.0	0.0	0.0	0.0	1	1.0374625487326772	10.893990762948574	230.0	17	1.05	0.95				
	118	2	109.44841662189475	22.349826817684214	0.0	0.0	1	1.0407750714964081	11.14268119103599	230.0	17	1.05	0.95				
	119	1	59.489980205894746	12.160935180210526	0.0	0.0	1	1.020710633485871	6.292396490397765	230.0	15	1.05	0.95				
	120	1	42.07026224505263	8.545522018526317	0.0	0.0	1	1.0158009760079914	5.238258239023331	230.0	15	1.05	0.95				
	121	2	0.0	0.0	0.0	0.0	1	1.0440690988133592	12.134960264814413	230.0	17	1.05	0.95				
	122	2	0.0	0.0	0.0	0.0	1	1.05	19.706511160944917	230.0	17	1.05	0.95				
	123	2	0.0	0.0	0.0	0.0	1	1.0131976365438156	4.916650080922198	230.0	15	1.05	0.95				
	124	1	0.0	0.0	0.0	0.0	1	1.023704593191172	6.412678162408067	230.0	16	1.05	0.95				
	201	2	40.86762157894737	8.324885877192983	0.0	0.0	2	1.0196441853841718	-9.4023285971771	138.0	21	1.05	0.95				
	202	2	36.70517864035088	7.5680780701754395	0.0	0.0	2	1.0195374333060776	-9.481501889273858	138.0	22	1.05	0.95				
	203	1	68.11270263157895	14.000944429824564	0.0	0.0	2	1.0155130361676634	-7.139964121056729	138.0	21	1.05	0.95				
	204	1	28.001888859649128	5.676058552631579	0.0	0.0	2	1.0154741363013247	-10.057630231113318	138.0	21	1.05	0.95				
	205	1	26.866677149122808	5.297654649122808	0.0	0.0	2	1.0303739413204374	-10.381634964160838	138.0	21	1.05	0.95				
	206	1	51.46293087719299	10.595309298245615	0.0	-100.0	2	1.0445865175902385	-11.355755472943974	138.0	22	1.05	0.95				
	207	2	47.30048793859649	9.460097587719298	0.0	0.0	2	0.9960032082115439	-16.281530187940593	138.0	22	1.05	0.95				
	208	1	64.70706750000001	13.244136622807018	0.0	0.0	2	1.0024864551002988	-14.602429411087723	138.0	22	1.05	0.95				
	209	1	66.2206831140351	13.62254052631579	0.0	0.0	2	1.0223637971680324	-8.957802214315342	138.0	23	1.05	0.95				
	210	1	73.78876118421053	15.136156140350879	0.0	0.0	2	1.05	-10.15026495945937	138.0	23	1.05	0.95				
	211	1	0.0	0.0	0.0	0.0	2	1.0030430372393198	-6.405036774661327	230.0	23	1.05	0.95				
	212	1	0.0	0.0	0.0	0.0	2	1.0060057433515877	-5.624272982877043	230.0	23	1.05	0.95				
	213	2	100.27703442982457	20.433810789473686	0.0	0.0	2	0.9973420674593938	-5.143256320551154	230.0	24	1.05	0.95				
	214	2	73.41035728070176	14.757752236842107	0.0	0.0	2	1.0015246274559542	-4.221235078045711	230.0	26	1.05	0.95				
	215	2	119.9540374122807	24.217849824561405	0.0	0.0	2	1.0161852405779364	1.1992317606713583	230.0	26	1.05	0.95				
	216	2	37.84039035087719	7.5680780701754395	0.0	0.0	2	1.0176982840523316	1.1779380604886358	230.0	26	1.05	0.95				
	217	1	0.0	0.0	0.0	0.0	2	1.022336735819116	2.7015557858617663	230.0	27	1.05	0.95				
	218	2	126.00849986842107	25.731465438596494	0.0	0.0	2	1.0216508627110208	2.235681094048907	230.0	27	1.05	0.95				
	219	1	68.49110653508774	14.000944429824564	0.0	0.0	2	1.018533220165879	1.1865205519812683	230.0	25	1.05	0.95				
	220	1	48.43569964912281	9.838501491228072	0.0	0.0	2	1.0215879651740125	1.9445536781417208	230.0	25	1.05	0.95				
	221	2	0.0	0.0	0.0	0.0	2	1.0234637519446734	2.6998386043700076	230.0	27	1.05	0.95				
	222	2	0.0	0.0	0.0	0.0	2	1.0455169149082253	9.247312862175821	230.0	27	1.05	0.95				
	223	2	0.0	0.0	0.0	0.0	2	1.023801769247437	2.6536779263707007	230.0	25	1.05	0.95				
	224	1	0.0	0.0	0.0	0.0	2	1.0055952235370045	-1.9535736887467343	230.0	26	1.05	0.95				
	301	2	43.11800064	8.783296426666666	0.0	0.0	3	1.0103920525769576	-10.480949073217928	138.0	31	1.05	0.95				
	302	2	38.726352426666665	7.984814933333334	0.0	0.0	3	1.0102540714159223	-10.638659322284623	138.0	32	1.05	0.95				
	303	1	71.8633344	14.771907626666666	0.0	0.0	3	1.0318721010215914	-3.509727387339509	138.0	31	1.05	0.95				
	304	1	29.54381525333333	5.988611199999999	0.0	0.0	3	1.0126083103986085	-9.309133220752054	138.0	31	1.05	0.95				
	305	1	28.34609301333333	5.589370453333334	0.0	0.0	3	1.0252729132737664	-10.458392917397546	138.0	31	1.05	0.95				
	306	1	54.296741546666674	11.178740906666668	0.0	-100.0	3	1.0418683221196388	-10.931713103964968	138.0	32	1.05	0.95				
	307	2	49.905093333333326	9.981018666666666	0.0	0.0	3	0.9938682334481027	-14.951687387435499	138.0	32	1.05	0.95				
	308	1	68.27016768	13.97342613333333	0.0	0.0	3	1.0012848691096776	-13.182259666751925	138.0	32	1.05	0.95				
	309	1	69.86713066666667	14.372666879999999	0.0	0.0	3	1.0266780606957409	-6.58537092476687	138.0	33	1.05	0.95				
	310	1	77.8519456	15.969629866666669	0.0	0.0	3	1.05	-9.148368477074177	138.0	33	1.05	0.95				
	311	1	0.0	0.0	0.0	0.0	3	1.0051400730357287	-4.354800899215883	230.0	33	1.05	0.95				
	312	1	0.0	0.0	0.0	0.0	3	1.010344907846136	-3.799467324732626	230.0	33	1.05	0.95				
	313	2	105.79879786666666	21.55900032	0.0	0.0	3	1.0076709906351058	-1.1729922154911525	230.0	34	1.05	0.95				
	314	2	77.45270485333333	15.57038912	0.0	0.0	3	0.9983582133983668	-3.4871521448137184	230.0	36	1.05	0.95				
	315	2	126.55931669333333	25.551407786666662	0.0	0.0	3	1.0223074267517098	-0.3161015481142126	230.0	36	1.05	0.95				
	316	2	39.92407466666666	7.984814933333334	0.0	0.0	3	1.0209774066107247	0.13398236738142336	230.0	36	1.05	0.95				
	317	1	0.0	0.0	0.0	0.0	3	1.0283700338964321	2.0804175900758337	230.0	37	1.05	0.95				
	318	2	132.94716864	27.148370773333337	0.0	0.0	3	1.0262398698490427	1.2867287081337784	230.0	37	1.05	0.95				
	319	1	72.26257514666666	14.771907626666666	0.0	0.0	3	1.017398168123695	-0.354091176025842	230.0	35	1.05	0.95				
	320	1	51.102815573333324	10.380259413333333	0.0	0.0	3	1.0168737274621749	0.014517345704232267	230.0	35	1.05	0.95				
	321	2	0.0	0.0	0.0	0.0	3	1.0271273737374715	1.3177700257083345	230.0	37	1.05	0.95				
	322	2	0.0	0.0	0.0	0.0	3	1.0410993635152441	5.998424968510654	230.0	37	1.05	0.95				
	323	2	0.0	0.0	0.0	0.0	3	1.017111942423342	0.5316355560439666	230.0	35	1.05	0.95				
	324	1	0.0	0.0	0.0	0.0	3	1.0200611013068397	-1.538772548245591	230.0	36	1.05	0.95				
	325	1	0.0	0.0	0.0	0.0	3	1.0165944299608332	1.5272241203129207	230.0	35	1.05	0.95				
];
