%% MATPOWER Case Format : Version 2
function mpc = RTS_GMLC
mpc.version = '2';

%%-----  Power Flow Data  -----%%
%% system MVA base
mpc.baseMVA = 100.0;
%% bus data
%    bus_i    type    Pd    Qd    Gs    Bs    area    Vm    Va    baseKV    zone    Vmax    Vmin
mpc.bus = [
	101	2	42.81791191578947	8.722167242105265	0.0	0.0	1	1.0249710324641301	5.503667093588128	138.0	11	1.05	0.95				
	102	2	38.45682829473684	7.929242947368421	0.0	0.0	1	1.0229279585560802	4.977475915165142	138.0	12	1.05	0.95				
	103	1	71.36318652631579	14.66909945263158	0.0	0.0	1	1.0314434862514323	4.157543540165664	138.0	11	1.05	0.95				
	104	1	29.33819890526316	5.946932210526316	0.0	0.0	1	1.019433664503793	1.6314508894496735	138.0	11	1.05	0.95				
	105	1	28.148812463157896	5.550470063157896	0.0	0.0	1	1.031120717302723	1.5093122590644743	138.0	11	1.05	0.95				
	106	1	53.91885204210527	11.100940126315791	0.0	-100.0	1	1.0432342138909154	-1.2130963083346646	138.0	12	1.05	0.95				
	107	2	49.557768421052636	9.911553684210526	0.0	0.0	1	0.9855706440818346	-8.134938480947467	138.0	12	1.05	0.95				
	108	1	67.7950272	13.876175157894735	0.0	0.0	1	0.9962405748957159	-6.209003768778533	138.0	12	1.05	0.95				
	109	1	69.38087578947368	14.272637305263158	0.0	0.0	1	1.0257169960295716	-0.19194331569292072	138.0	13	1.05	0.95				
	110	1	77.3101187368421	15.858485894736843	0.0	0.0	1	1.05	-1.2551522146931977	138.0	13	1.05	0.95				
	111	1	0.0	0.0	0.0	0.0	1	1.015754834847185	1.2893686814631584	230.0	13	1.05	0.95				
	112	1	0.0	0.0	0.0	0.0	1	1.0122309560582197	0.3473850548056583	230.0	13	1.05	0.95				
	113	3	105.06246905263157	21.408955957894737	0.0	0.0	1	0.9909738473180785	-1.523040392844429e-31	230.0	14	1.05	0.95				
	114	2	76.91365658947367	15.462023747368422	0.0	0.0	1	1.0397036464633669	4.37128509056039	230.0	16	1.05	0.95				
	115	2	125.67850071578948	25.373577431578948	0.0	0.0	1	1.0444400700921455	12.852558565947971	230.0	16	1.05	0.95				
	116	2	39.646214736842104	7.929242947368421	0.0	0.0	1	1.043524154798499	11.233194843722657	230.0	16	1.05	0.95				
	117	1	0.0	0.0	0.0	0.0	1	1.0421687467399916	16.74566968452889	230.0	17	1.05	0.95				
	118	2	132.02189507368422	26.959426021052636	0.0	0.0	1	1.05	17.13535362686258	230.0	17	1.05	0.95				
	119	1	71.75964867368421	14.66909945263158	0.0	0.0	1	1.0380079712612107	7.41020940719044	230.0	15	1.05	0.95				
	120	1	50.747154863157895	10.308015831578949	0.0	0.0	1	1.0388228895351501	4.75796768463148	230.0	15	1.05	0.95				
	121	2	0.0	0.0	0.0	0.0	1	1.0429712829606024	18.462111664614557	230.0	17	1.05	0.95				
	122	2	0.0	0.0	0.0	0.0	1	1.05	36.42575327879417	230.0	17	1.05	0.95				
	123	2	0.0	0.0	0.0	0.0	1	1.040151562983908	3.5988651510152168	230.0	15	1.05	0.95				
	124	1	0.0	0.0	0.0	0.0	1	1.0285487183701594	9.60703347508612	230.0	16	1.05	0.95				
	201	2	41.105619397894735	8.373366914385965	0.0	0.0	2	1.0130429797151561	-13.073370858828863	138.0	21	1.05	0.95				
	202	2	36.91893594070175	7.6121517403508765	0.0	0.0	2	1.012203939000945	-13.361473681512328	138.0	22	1.05	0.95				
	203	1	68.5093656631579	14.082480719649121	0.0	0.0	2	1.0124688158295367	-9.030130459760715	138.0	21	1.05	0.95				
	204	1	28.164961439298242	5.709113805263157	0.0	0.0	2	1.0117962292334683	-13.044594638649077	138.0	21	1.05	0.95				
	205	1	27.023138678245612	5.328506218245614	0.0	0.0	2	1.026966133255681	-13.481373591785662	138.0	21	1.05	0.95				
	206	1	51.762631834385964	10.657012436491229	0.0	-100.0	2	1.0428567147249637	-14.200521658929771	138.0	22	1.05	0.95				
	207	2	47.57594837719298	9.515189675438595	0.0	0.0	2	0.9956596323667953	-18.705939691968016	138.0	22	1.05	0.95				
	208	1	65.08389737999998	13.321265545614033	0.0	0.0	2	1.002135504911833	-17.015123721374387	138.0	22	1.05	0.95				
	209	1	66.60632772807017	13.701873132631578	0.0	0.0	2	1.02212443527883	-11.202439424792804	138.0	23	1.05	0.95				
	210	1	74.21847946842104	15.224303480701753	0.0	0.0	2	1.05	-12.662275758112376	138.0	23	1.05	0.95				
	211	1	0.0	0.0	0.0	0.0	2	1.0057496605504337	-8.338953030181901	230.0	23	1.05	0.95				
	212	1	0.0	0.0	0.0	0.0	2	1.0068682072206772	-7.676610413338048	230.0	23	1.05	0.95				
	213	2	100.86101055964912	20.552809698947367	0.0	0.0	2	0.9999358840352743	-7.05026894086781	230.0	24	1.05	0.95				
	214	2	73.8378718814035	14.843695893684208	0.0	0.0	2	1.008697089130504	-5.765220069584778	230.0	26	1.05	0.95				
	215	2	120.65260508456139	24.358885569122805	0.0	0.0	2	1.0240844938108122	0.5341396251850379	230.0	26	1.05	0.95				
	216	2	38.06075870175438	7.6121517403508765	0.0	0.0	2	1.0260065038376636	0.1739198538845968	230.0	26	1.05	0.95				
	217	1	0.0	0.0	0.0	0.0	2	1.033099876619391	1.7340540593670477	230.0	27	1.05	0.95				
	218	2	126.7423264768421	25.881315917192982	0.0	0.0	2	1.0314713396741098	1.345722122203512	230.0	27	1.05	0.95				
	219	1	68.88997325017543	14.082480719649121	0.0	0.0	2	1.0247107531583357	-0.0833074579717694	230.0	25	1.05	0.95				
	220	1	48.71777113824561	9.895797262456139	0.0	0.0	2	1.0258841364933498	0.4399589354694044	230.0	25	1.05	0.95				
	221	2	0.0	0.0	0.0	0.0	2	1.0320025214617017	1.871059136190617	230.0	27	1.05	0.95				
	222	2	0.0	0.0	0.0	0.0	2	1.05	8.312200423604107	230.0	27	1.05	0.95				
	223	2	0.0	0.0	0.0	0.0	2	1.0269821043914835	1.0215463789994368	230.0	25	1.05	0.95				
	224	1	0.0	0.0	0.0	0.0	2	1.0079516688360695	-3.042263762754382	230.0	26	1.05	0.95				
	301	2	50.95919012210527	10.380575765614035	0.0	0.0	3	1.0095125036587302	-12.123283448503619	138.0	31	1.05	0.95				
	302	2	45.76890223929824	9.436887059649123	0.0	0.0	3	1.0090417820857978	-12.228375378274553	138.0	32	1.05	0.95				
	303	1	84.9319835368421	17.458241060350876	0.0	0.0	3	1.0230616530817456	-6.781185656967477	138.0	31	1.05	0.95				
	304	1	34.91648212070175	7.077665294736842	0.0	0.0	3	1.0098395757776324	-10.653494510610859	138.0	31	1.05	0.95				
	305	1	33.50094906175438	6.605820941754387	0.0	0.0	3	1.0234415330743474	-11.28330059048466	138.0	31	1.05	0.95				
	306	1	64.17083200561405	13.211641883508774	0.0	-100.0	3	1.0393869304728116	-11.365284257889165	138.0	32	1.05	0.95				
	307	2	58.98054412280702	11.796108824561404	0.0	0.0	3	0.9955735761943039	-16.640044157925033	138.0	32	1.05	0.95				
	308	1	80.68538436	16.514552354385962	0.0	0.0	3	0.9993768204754382	-14.471564540672125	138.0	32	1.05	0.95				
	309	1	82.57276177192982	16.98639670736842	0.0	0.0	3	1.0257886672664591	-7.433373537610866	138.0	33	1.05	0.95				
	310	1	92.00964883157894	18.873774119298247	0.0	0.0	3	1.05	-8.926918356521083	138.0	33	1.05	0.95				
	311	1	0.0	0.0	0.0	0.0	3	1.0089661107037027	-3.056910947471777	230.0	33	1.05	0.95				
	312	1	0.0	0.0	0.0	0.0	3	1.0103498818161625	-2.464065303410948	230.0	33	1.05	0.95				
	313	2	125.03875354035088	25.479595061052635	0.0	0.0	3	1.01137391814174	0.8500932368417983	230.0	34	1.05	0.95				
	314	2	91.53780447859648	18.40192976631579	0.0	0.0	3	1.0123573357216074	-1.272673149200321	230.0	36	1.05	0.95				
	315	2	149.5746598954386	30.19803859087719	0.0	0.0	3	1.0320338494800665	1.1010699081557875	230.0	36	1.05	0.95				
	316	2	47.18443529824562	9.436887059649123	0.0	0.0	3	1.0312416440762824	2.086044556415244	230.0	36	1.05	0.95				
	317	1	0.0	0.0	0.0	0.0	3	1.0385342758109144	3.8996293394907964	230.0	37	1.05	0.95				
	318	2	157.12416954315788	32.08541600280702	0.0	0.0	3	1.0352750688543397	2.6010374866776442	230.0	37	1.05	0.95				
	319	1	85.40382788982457	17.458241060350876	0.0	0.0	3	1.027321262683816	2.4580259708937726	230.0	35	1.05	0.95				
	320	1	60.39607718175438	12.267953177543859	0.0	0.0	3	1.0255688235680478	2.968459865275134	230.0	35	1.05	0.95				
	321	2	0.0	0.0	0.0	0.0	3	1.036466519365442	2.6797601886968807	230.0	37	1.05	0.95				
	322	2	0.0	0.0	0.0	0.0	3	1.0499999733983656	7.467728104809702	230.0	37	1.05	0.95				
	323	2	0.0	0.0	0.0	0.0	3	1.0251972146229735	3.5017704424623446	230.0	35	1.05	0.95				
	324	1	0.0	0.0	0.0	0.0	3	1.019922612916405	-1.0062426391565367	230.0	36	1.05	0.95				
	325	1	0.0	0.0	0.0	0.0	3	1.022269742461685	4.758128137617578	230.0	35	1.05	0.95				
];
