%% MATPOWER Case Format : Version 2
function mpc = RTS_GMLC
mpc.version = '2';

%%-----  Power Flow Data  -----%%
%% system MVA base
mpc.baseMVA = 100.0;
%% bus data
%    bus_i    type    Pd    Qd    Gs    Bs    area    Vm    Va    baseKV    zone    Vmax    Vmin
mpc.bus = [
	101	2	34.96239485431579	7.121969322175439	0.0	0.0	1	0.9911592493534032	-5.518054514182999	138.0	11	1.05	0.95				
	102	2	31.40141019322807	6.474517565614035	0.0	0.0	1	0.9909895330200861	-5.674827175559127	138.0	12	1.05	0.95				
	103	1	58.27065809052632	11.977857496385964	0.0	0.0	1	1.0226353583755765	0.49688226545184555	138.0	11	1.05	0.95				
	104	1	23.955714992771927	4.855888174210526	0.0	0.0	1	1.0049664485870473	-4.967650631898032	138.0	11	1.05	0.95				
	105	1	22.984537357929824	4.532162295929825	0.0	0.0	1	1.0165534609879951	-5.7094758516060375	138.0	11	1.05	0.95				
	106	1	44.02671944617544	9.06432459185965	0.0	-100.0	1	1.039295676024902	-6.242160617051967	138.0	12	1.05	0.95				
	107	2	40.46573478508772	8.093146957017543	0.0	0.0	1	0.9885366930681444	-9.825604988235735	138.0	12	1.05	0.95				
	108	1	55.357125186	11.33040573982456	0.0	0.0	1	1.0007516103679834	-8.332676846807898	138.0	12	1.05	0.95				
	109	1	56.6520286991228	11.654131618105263	0.0	0.0	1	1.025267813029293	-3.0479523108815125	138.0	13	1.05	0.95				
	110	1	63.12654626473684	12.94903513122807	0.0	0.0	1	1.05	-4.840288697063183	138.0	13	1.05	0.95				
	111	1	0.0	0.0	0.0	0.0	1	1.014643820509167	-0.10897308164254302	230.0	13	1.05	0.95				
	112	1	0.0	0.0	0.0	0.0	1	1.0113369746915628	-1.2231792496739629	230.0	13	1.05	0.95				
	113	3	85.78735774438596	17.481197427157895	0.0	0.0	1	0.9957294118411345	-5.523459137386741e-31	230.0	14	1.05	0.95				
	114	2	62.80282038645614	12.62530925294737	0.0	0.0	1	1.037966794733544	3.5949431561525604	230.0	16	1.05	0.95				
	115	2	102.62110341498246	20.718456209964913	0.0	0.0	1	1.039139591228482	12.552569151877492	230.0	16	1.05	0.95				
	116	2	32.37258782807017	6.474517565614035	0.0	0.0	1	1.039254371326165	10.904780794405639	230.0	16	1.05	0.95				
	117	1	0.0	0.0	0.0	0.0	1	1.0381574498390003	16.67799468238664	230.0	17	1.05	0.95				
	118	2	107.80071746747369	22.01335972308772	0.0	0.0	1	1.0460350064623543	17.17786885640798	230.0	17	1.05	0.95				
	119	1	58.594383968807016	11.977857496385964	0.0	0.0	1	1.034405130810256	6.914801607466281	230.0	15	1.05	0.95				
	120	1	41.436912419929826	8.416872835298246	0.0	0.0	1	1.03550722536362	4.062376921840844	230.0	15	1.05	0.95				
	121	2	0.0	0.0	0.0	0.0	1	1.0380953725165154	18.498116083087773	230.0	17	1.05	0.95				
	122	2	0.0	0.0	0.0	0.0	1	1.05	36.50067708422226	230.0	17	1.05	0.95				
	123	2	0.0	0.0	0.0	0.0	1	1.0368034587383959	2.7422884971966623	230.0	15	1.05	0.95				
	124	1	0.0	0.0	0.0	0.0	1	1.0178745262437634	8.060364646322714	230.0	16	1.05	0.95				
	201	2	37.60365181642105	7.660003147789474	0.0	0.0	2	1.00619182969762	-14.050207538741358	138.0	21	1.05	0.95				
	202	2	33.77365024252631	6.963639225263157	0.0	0.0	2	1.0048570286052	-14.32643391333864	138.0	22	1.05	0.95				
	203	1	62.67275302736842	12.88273256673684	0.0	0.0	2	1.0131525614387125	-10.560389397307915	138.0	21	1.05	0.95				
	204	1	25.76546513347368	5.222729418947368	0.0	0.0	2	1.0096183934347072	-14.188842888032417	138.0	21	1.05	0.95				
	205	1	24.720919249684208	4.87454745768421	0.0	0.0	2	1.0239248630938993	-14.571449867838572	138.0	21	1.05	0.95				
	206	1	47.35274673178947	9.74909491536842	0.0	-100.0	2	1.041963722171843	-15.323921503131931	138.0	22	1.05	0.95				
	207	2	43.52274515789473	8.704549031578948	0.0	0.0	2	0.9894724439271032	-19.35363890849453	138.0	22	1.05	0.95				
	208	1	59.539115376	12.186368644210525	0.0	0.0	2	1.0000138598948227	-17.863742887293927	138.0	22	1.05	0.95				
	209	1	60.93184322105263	12.534550605473683	0.0	0.0	2	1.0229168418148695	-12.622215259203733	138.0	23	1.05	0.95				
	210	1	67.89548244631578	13.927278450526314	0.0	0.0	2	1.05	-13.961469276786765	138.0	23	1.05	0.95				
	211	1	0.0	0.0	0.0	0.0	2	1.004257152525779	-10.073125069815646	230.0	23	1.05	0.95				
	212	1	0.0	0.0	0.0	0.0	2	1.0131320379419173	-9.460300285846683	230.0	23	1.05	0.95				
	213	2	92.26821973473683	18.801825908210525	0.0	0.0	2	1.0028994243432685	-8.90370158202013	230.0	24	1.05	0.95				
	214	2	67.54730048505262	13.579096489263156	0.0	0.0	2	1.0001514762422328	-7.745382275753116	230.0	26	1.05	0.95				
	215	2	110.37368172042103	22.283645520842104	0.0	0.0	2	1.023747239242278	-1.7713311684355475	230.0	26	1.05	0.95				
	216	2	34.81819612631579	6.963639225263157	0.0	0.0	2	1.0268189802079708	-2.4591528586430234	230.0	26	1.05	0.95				
	217	1	0.0	0.0	0.0	0.0	2	1.0325291506458947	-0.416156709977532	230.0	27	1.05	0.95				
	218	2	115.94459310063156	23.676373365894737	0.0	0.0	2	1.0310309159351863	-0.7854743701190405	230.0	27	1.05	0.95				
	219	1	63.02093498863157	12.88273256673684	0.0	0.0	2	1.0344776819357309	-2.7437148967324467	230.0	25	1.05	0.95				
	220	1	44.56729104168421	9.052730992842104	0.0	0.0	2	1.042985873905664	-2.3176955724451873	230.0	25	1.05	0.95				
	221	2	0.0	0.0	0.0	0.0	2	1.0316252153467314	-0.31796385598696675	230.0	27	1.05	0.95				
	222	2	0.0	0.0	0.0	0.0	2	1.0499999966045648	6.137975594397375	230.0	27	1.05	0.95				
	223	2	0.0	0.0	0.0	0.0	2	1.0478889984084971	-1.8280098636311077	230.0	25	1.05	0.95				
	224	1	0.0	0.0	0.0	0.0	2	1.0088719140737943	-5.059766949299699	230.0	26	1.05	0.95				
	301	2	38.33470421052632	7.808921228070174	0.0	0.0	3	1.0174002152106485	17.799853889353447	138.0	31	1.05	0.95				
	302	2	34.43024359649122	7.099019298245614	0.0	0.0	3	1.0163600334791965	17.449143903418353	138.0	32	1.05	0.95				
	303	1	63.89117368421052	13.133185701754385	0.0	0.0	3	1.05	32.19056447372538	138.0	31	1.05	0.95				
	304	1	26.26637140350877	5.32426447368421	0.0	0.0	3	1.011583443187692	18.558961985421426	138.0	31	1.05	0.95				
	305	1	25.201518508771926	4.96931350877193	0.0	0.0	3	1.0273189226238146	15.941637913531403	138.0	31	1.05	0.95				
	306	1	48.27333122807018	9.93862701754386	0.0	-100.0	3	1.0410299693654852	14.44629963007385	138.0	32	1.05	0.95				
	307	2	44.36887061403508	8.873774122807017	0.0	0.0	3	0.95	12.088171764093916	138.0	32	1.05	0.95				
	308	1	60.696615	12.423283771929823	0.0	0.0	3	0.974427128557395	13.5066020885319	138.0	32	1.05	0.95				
	309	1	62.116418859649116	12.778234736842103	0.0	0.0	3	1.0179376429580558	20.954559970909813	138.0	33	1.05	0.95				
	310	1	69.21543815789472	14.198038596491228	0.0	0.0	3	1.045924323978305	15.220088782937124	138.0	33	1.05	0.95				
	311	1	0.0	0.0	0.0	0.0	3	1.0060589890862421	17.896075307784503	230.0	33	1.05	0.95				
	312	1	0.0	0.0	0.0	0.0	3	1.011592090737931	17.86261003979194	230.0	33	1.05	0.95				
	313	2	94.06200570175439	19.16735210526316	0.0	0.0	3	1.0049808321020899	17.520550625146907	230.0	34	1.05	0.95				
	314	2	68.86048719298245	13.843087631578946	0.0	0.0	3	1.0007453484054323	18.13183224745527	230.0	36	1.05	0.95				
	315	2	112.51945587719297	22.716861754385963	0.0	0.0	3	1.047564366441767	21.146454528435914	230.0	36	1.05	0.95				
	316	2	35.49509649122807	7.099019298245614	0.0	0.0	3	1.030100839204151	20.54500256204972	230.0	36	1.05	0.95				
	317	1	0.0	0.0	0.0	0.0	3	1.05	24.090984031798126	230.0	37	1.05	0.95				
	318	2	118.19867131578947	24.13666561403509	0.0	0.0	3	1.049999999503414	20.92058300710721	230.0	37	1.05	0.95				
	319	1	64.2461246491228	13.133185701754385	0.0	0.0	3	1.0230302255660153	18.98452800612683	230.0	35	1.05	0.95				
	320	1	45.433723508771926	9.228725087719297	0.0	0.0	3	1.0193558352267822	18.31603616989948	230.0	35	1.05	0.95				
	321	2	0.0	0.0	0.0	0.0	3	1.05	21.648613079020354	230.0	37	1.05	0.95				
	322	2	0.0	0.0	0.0	0.0	3	1.0499999980074344	26.95533836706099	230.0	37	1.05	0.95				
	323	2	0.0	0.0	0.0	0.0	3	1.0175162145205559	18.22664814475026	230.0	35	1.05	0.95				
	324	1	0.0	0.0	0.0	0.0	3	1.045021346491306	25.367580486451008	230.0	36	1.05	0.95				
	325	1	0.0	0.0	0.0	0.0	3	1.0200476162551448	18.26030356741261	230.0	35	1.05	0.95				
];
