%% MATPOWER Case Format : Version 2
function mpc = RTS_GMLC
mpc.version = '2';

%%-----  Power Flow Data  -----%%
%% system MVA base
mpc.baseMVA = 100.0;
%% bus data
%    bus_i    type    Pd    Qd    Gs    Bs    area    Vm    Va    baseKV    zone    Vmax    Vmin
mpc.bus = [
	101	2	78.71548736842105	16.034636315789474	0.0	0.0	1	1.03359475069874	-2.5560463573559375	138.0	11	1.05	0.95				
	102	2	70.6981692105263	14.576942105263157	0.0	0.0	1	1.0336043295703057	-2.6143344771405626	138.0	12	1.05	0.95				
	103	1	131.19247894736844	26.96734289473684	0.0	0.0	1	1.0202838354624229	-3.0009204712504647	138.0	11	1.05	0.95				
	104	1	53.93468578947368	10.932706578947368	0.0	0.0	1	1.016821321291155	-5.429886773453691	138.0	11	1.05	0.95				
	105	1	51.748144473684206	10.203859473684211	0.0	0.0	1	1.0321128619671203	-5.4709837562945625	138.0	11	1.05	0.95				
	106	1	99.12320631578947	20.407718947368423	0.0	-100.0	1	1.037080883426865	-7.768278309495346	138.0	12	1.05	0.95				
	107	2	91.10588815789473	18.221177631578946	0.0	0.0	1	1.0454592331554284	-4.250283123945338	138.0	12	1.05	0.95				
	108	1	124.63285499999999	25.50964868421052	0.0	0.0	1	1.023481472553354	-7.014506486262201	138.0	12	1.05	0.95				
	109	1	127.54824342105262	26.23849578947368	0.0	0.0	1	1.0263990318103857	-4.785959142733632	138.0	13	1.05	0.95				
	110	1	142.1251855263158	29.153884210526314	0.0	0.0	1	1.05	-6.128236365026144	138.0	13	1.05	0.95				
	111	1	0.0	0.0	0.0	0.0	1	1.012971380687147	-1.8175470098617483	230.0	13	1.05	0.95				
	112	1	0.0	0.0	0.0	0.0	1	1.0157854394167278	-1.1305531691951516	230.0	13	1.05	0.95				
	113	3	193.14448289473683	39.357743684210526	0.0	0.0	1	1.0144449436951908	6.3220026548508535e-27	230.0	14	1.05	0.95				
	114	2	141.3963384210526	28.425037105263158	0.0	0.0	1	1.0147426569838407	0.2835232722110575	230.0	16	1.05	0.95				
	115	2	231.04453236842107	46.646214736842104	0.0	0.0	1	1.0439207171877805	8.217194123747559	230.0	16	1.05	0.95				
	116	2	72.88471052631579	14.576942105263157	0.0	0.0	1	1.0416524925553106	7.645073619069784	230.0	16	1.05	0.95				
	117	1	0.0	0.0	0.0	0.0	1	1.0458340636417427	11.117785661704799	230.0	17	1.05	0.95				
	118	2	242.7060860526316	49.56160315789474	0.0	0.0	1	1.048970602004476	11.744686990461211	230.0	17	1.05	0.95				
	119	1	131.92132605263157	26.96734289473684	0.0	0.0	1	1.0351173964941334	6.029004487579026	230.0	15	1.05	0.95				
	120	1	93.29242947368421	18.950024736842106	0.0	0.0	1	1.0361064280226124	6.004698385700511	230.0	15	1.05	0.95				
	121	2	0.0	0.0	0.0	0.0	1	1.05	12.413086057142705	230.0	17	1.05	0.95				
	122	2	0.0	0.0	0.0	0.0	1	1.05	20.48824002435618	230.0	17	1.05	0.95				
	123	2	0.0	0.0	0.0	0.0	1	1.0385849618203944	6.533359014335185	230.0	15	1.05	0.95				
	124	1	0.0	0.0	0.0	0.0	1	1.0210328956676415	4.066976933558133	230.0	16	1.05	0.95				
	201	2	68.30536755789474	13.914056354385965	0.0	0.0	2	1.0330168701718505	-11.61820339811657	138.0	21	1.05	0.95				
	202	2	61.34833938070175	12.649142140350877	0.0	0.0	2	1.0330949846764605	-11.717046292769016	138.0	22	1.05	0.95				
	203	1	113.8422792631579	23.400912959649123	0.0	0.0	2	1.0276985938263934	-8.689463702416345	138.0	21	1.05	0.95				
	204	1	46.801825919298246	9.486856605263158	0.0	0.0	2	1.017864340950266	-13.816295892602977	138.0	21	1.05	0.95				
	205	1	44.904454598245614	8.854399498245614	0.0	0.0	2	1.0332888484146219	-14.196889361745729	138.0	21	1.05	0.95				
	206	1	86.01416655438598	17.70879899649123	0.0	-100.0	2	1.0399797756487124	-16.24305052573472	138.0	22	1.05	0.95				
	207	2	79.05713837719298	15.811427675438598	0.0	0.0	2	0.9856563320202814	-25.727990881565876	138.0	22	1.05	0.95				
	208	1	108.15016529999998	22.13599874561403	0.0	0.0	2	0.9856543597493334	-22.665276452911456	138.0	22	1.05	0.95				
	209	1	110.67999372807019	22.76845585263158	0.0	0.0	2	1.0249055108713991	-12.968499945038753	138.0	23	1.05	0.95				
	210	1	123.32913586842105	25.298284280701754	0.0	0.0	2	1.05	-14.814585212723733	138.0	23	1.05	0.95				
	211	1	0.0	0.0	0.0	0.0	2	1.0182150996116286	-9.443605463772478	230.0	23	1.05	0.95				
	212	1	0.0	0.0	0.0	0.0	2	1.0160038639514077	-8.491208771804788	230.0	23	1.05	0.95				
	213	2	167.6011333596491	34.15268377894737	0.0	0.0	2	1.0198324298652055	-8.099202287413474	230.0	24	1.05	0.95				
	214	2	122.6966787614035	24.665827173684214	0.0	0.0	2	1.0289848929612715	-6.206728449824513	230.0	26	1.05	0.95				
	215	2	200.4889029245614	40.47725484912281	0.0	0.0	2	1.0433362323541897	2.431473124924316	230.0	26	1.05	0.95				
	216	2	63.24571070175439	12.649142140350877	0.0	0.0	2	1.044887416213781	2.1980028610676734	230.0	26	1.05	0.95				
	217	1	0.0	0.0	0.0	0.0	2	1.04751809619716	5.476829933327485	230.0	27	1.05	0.95				
	218	2	210.60821663684212	43.00708327719299	0.0	0.0	2	1.0496617160934605	6.137357231946307	230.0	27	1.05	0.95				
	219	1	114.47473637017545	23.400912959649123	0.0	0.0	2	1.0429687539699002	1.5361849644409367	230.0	25	1.05	0.95				
	220	1	80.95450969824562	16.44388478245614	0.0	0.0	2	1.0464667849131997	2.14804189264312	230.0	25	1.05	0.95				
	221	2	0.0	0.0	0.0	0.0	2	1.0499994212519308	6.19226109695964	230.0	27	1.05	0.95				
	222	2	0.0	0.0	0.0	0.0	2	1.05	12.423302241759677	230.0	27	1.05	0.95				
	223	2	0.0	0.0	0.0	0.0	2	1.05	2.9441353356623017	230.0	25	1.05	0.95				
	224	1	0.0	0.0	0.0	0.0	2	1.0235654259199618	-1.7146284117228034	230.0	26	1.05	0.95				
	301	2	60.081619755789475	12.23884846877193	0.0	0.0	3	1.0204461174105013	-7.726504749550916	138.0	31	1.05	0.95				
	302	2	53.96219552140351	11.126225880701755	0.0	0.0	3	1.0174413529864803	-8.097288562009586	138.0	32	1.05	0.95				
	303	1	100.13603292631579	20.583517879298245	0.0	0.0	3	1.05	8.041616851426863	138.0	31	1.05	0.95				
	304	1	41.16703575859649	8.344669410526317	0.0	0.0	3	1.0087057819903937	-6.671764606547401	138.0	31	1.05	0.95				
	305	1	39.498101876491226	7.788358116491229	0.0	0.0	3	1.0270285944096067	-8.689824305902397	138.0	31	1.05	0.95				
	306	1	75.65833598877194	15.576716232982458	0.0	-100.0	3	1.0369991787379247	-9.867377360386055	138.0	32	1.05	0.95				
	307	2	69.53891175438596	13.907782350877193	0.0	0.0	3	0.9856273630119605	-11.18649102742377	138.0	32	1.05	0.95				
	308	1	95.12923128	19.470895291228068	0.0	0.0	3	0.9902001604241116	-10.581589517547778	138.0	32	1.05	0.95				
	309	1	97.35447645614035	20.02720658526316	0.0	0.0	3	1.0200493122746503	-3.1994960542427995	138.0	33	1.05	0.95				
	310	1	108.4807023368421	22.25245176140351	0.0	0.0	3	1.0474551787672017	-7.876658174728056	138.0	33	1.05	0.95				
	311	1	0.0	0.0	0.0	0.0	3	1.0107948397310456	-2.8198625368506702	230.0	33	1.05	0.95				
	312	1	0.0	0.0	0.0	0.0	3	1.0129546184385743	-2.225797204642576	230.0	33	1.05	0.95				
	313	2	147.42249291929824	30.040809877894738	0.0	0.0	3	1.0112719357363125	-0.1994732524593484	230.0	34	1.05	0.95				
	314	2	107.92439104280702	21.696140467368423	0.0	0.0	3	1.0138884255093692	-2.324389601733316	230.0	36	1.05	0.95				
	315	2	176.3506802091228	35.603922818245614	0.0	0.0	3	1.04537507925676	2.3201082436041887	230.0	36	1.05	0.95				
	316	2	55.63112940350877	11.126225880701755	0.0	0.0	3	1.0427275461457604	1.7311768370935656	230.0	36	1.05	0.95				
	317	1	0.0	0.0	0.0	0.0	3	1.0488105854852368	4.208213454857546	230.0	37	1.05	0.95				
	318	2	185.25166091368422	37.82916799438597	0.0	0.0	3	1.0478095621829446	3.632294958572202	230.0	37	1.05	0.95				
	319	1	100.69234422035088	20.583517879298245	0.0	0.0	3	1.0333310481793403	0.7247928542014844	230.0	35	1.05	0.95				
	320	1	71.20784563649123	14.464093644912282	0.0	0.0	3	1.0295944374069146	0.9090652289517468	230.0	35	1.05	0.95				
	321	2	0.0	0.0	0.0	0.0	3	1.048700265239161	4.446010640068768	230.0	37	1.05	0.95				
	322	2	0.0	0.0	0.0	0.0	3	1.05	8.696248432687861	230.0	37	1.05	0.95				
	323	2	0.0	0.0	0.0	0.0	3	1.0287249624453128	1.4353756449732922	230.0	35	1.05	0.95				
	324	1	0.0	0.0	0.0	0.0	3	1.044501374308953	4.51100077195831	230.0	36	1.05	0.95				
	325	1	0.0	0.0	0.0	0.0	3	1.027997649184069	2.371025885533537	230.0	35	1.05	0.95				
];
