%% MATPOWER Case Format : Version 2
function mpc = RTS_GMLC
mpc.version = '2';

%%-----  Power Flow Data  -----%%
%% system MVA base
mpc.baseMVA = 100.0;
%% bus data
%    bus_i    type    Pd    Qd    Gs    Bs    area    Vm    Va    baseKV    zone    Vmax    Vmin
mpc.bus = [
	101	2	48.97674416842106	9.976744182456141	0.0	0.0	1	1.0162320342866709	1.7166113738862423	138.0	11	1.05	0.95				
	102	2	43.98837207719298	9.069767438596491	0.0	0.0	1	1.015064592435634	1.4133683552232983	138.0	12	1.05	0.95				
	103	1	81.62790694736842	16.77906976140351	0.0	0.0	1	1.0272118243183403	1.451656825681101	138.0	11	1.05	0.95				
	104	1	33.55813952280702	6.802325578947369	0.0	0.0	1	1.0135077698563675	-1.636130949537035	138.0	11	1.05	0.95				
	105	1	32.19767440701754	6.348837207017545	0.0	0.0	1	1.0266113016891465	-1.555266998564302	138.0	11	1.05	0.95				
	106	1	61.67441858245615	12.69767441403509	0.0	-100.0	1	1.0402648128941308	-3.8676983959927638	138.0	12	1.05	0.95				
	107	2	56.68604649122807	11.337209298245615	0.0	0.0	1	0.9877991784378416	-11.436063081613058	138.0	12	1.05	0.95				
	108	1	77.5465116	15.87209301754386	0.0	0.0	1	0.9951782626464247	-9.167410190981853	138.0	12	1.05	0.95				
	109	1	79.3604650877193	16.325581389473683	0.0	0.0	1	1.0261281754952372	-2.2362011125401535	138.0	13	1.05	0.95				
	110	1	88.43023252631579	18.139534877192983	0.0	0.0	1	1.05	-3.3771534239049146	138.0	13	1.05	0.95				
	111	1	0.0	0.0	0.0	0.0	1	1.017615745736003	0.1993467309862145	230.0	13	1.05	0.95				
	112	1	0.0	0.0	0.0	0.0	1	1.0153011486940486	-0.19616714296872936	230.0	13	1.05	0.95				
	113	3	120.1744185614035	24.48837208421053	0.0	0.0	1	1.0014315818016277	-2.6199788928107284e-24	230.0	14	1.05	0.95				
	114	2	87.97674415438595	17.68604650526316	0.0	0.0	1	1.0380977350829759	3.3364110017253354	230.0	16	1.05	0.95				
	115	2	143.75581390175438	29.023255803508775	0.0	0.0	1	1.0453506288778713	11.404860522022734	230.0	16	1.05	0.95				
	116	2	45.34883719298246	9.069767438596491	0.0	0.0	1	1.046663526436649	10.564153929942172	230.0	16	1.05	0.95				
	117	1	0.0	0.0	0.0	0.0	1	1.0440628249772985	15.194094887735076	230.0	17	1.05	0.95				
	118	2	151.0116278526316	30.837209291228074	0.0	0.0	1	1.05	15.193902331206338	230.0	17	1.05	0.95				
	119	1	82.08139531929824	16.77906976140351	0.0	0.0	1	1.043153845453483	7.660526877200741	230.0	15	1.05	0.95				
	120	1	58.04651160701755	11.790697670175438	0.0	0.0	1	1.0449037378276522	5.98968424891455	230.0	15	1.05	0.95				
	121	2	0.0	0.0	0.0	0.0	1	1.0421450116285491	16.32953082230166	230.0	17	1.05	0.95				
	122	2	0.0	0.0	0.0	0.0	1	1.05	34.30003253932258	230.0	17	1.05	0.95				
	123	2	0.0	0.0	0.0	0.0	1	1.0465703339714143	5.408162428835892	230.0	15	1.05	0.95				
	124	1	0.0	0.0	0.0	0.0	1	1.0260704616177017	7.705665466902692	230.0	16	1.05	0.95				
	201	2	49.92853770947369	10.170628051929825	0.0	0.0	2	1.0201518336252298	-14.921091040254279	138.0	21	1.05	0.95				
	202	2	44.84322368350877	9.246025501754387	0.0	0.0	2	1.020788287372332	-14.869739962291723	138.0	22	1.05	0.95				
	203	1	83.21422951578947	17.105147178245613	0.0	0.0	2	1.012855883615472	-12.35764508908629	138.0	21	1.05	0.95				
	204	1	34.210294356491225	6.934519126315789	0.0	0.0	2	1.0143548603752963	-15.97169924283778	138.0	21	1.05	0.95				
	205	1	32.82339053122807	6.472217851228071	0.0	0.0	2	1.0294011382847033	-16.381891059210943	138.0	21	1.05	0.95				
	206	1	62.87297341192982	12.944435702456142	0.0	-100.0	2	1.042336920872046	-17.647446746226734	138.0	22	1.05	0.95				
	207	2	57.78765938596491	11.557531877192982	0.0	0.0	2	0.9912414434776555	-24.043147092253136	138.0	22	1.05	0.95				
	208	1	79.05351803999999	16.180544628070173	0.0	0.0	2	0.9962597890522106	-21.922161826283357	138.0	22	1.05	0.95				
	209	1	80.90272314035087	16.642845903157895	0.0	0.0	2	1.0223489744624767	-14.962752158885998	138.0	23	1.05	0.95				
	210	1	90.14874864210526	18.492051003508774	0.0	0.0	2	1.05	-16.370700899962806	138.0	23	1.05	0.95				
	211	1	0.0	0.0	0.0	0.0	2	1.008706076866579	-11.983748214560164	230.0	23	1.05	0.95				
	212	1	0.0	0.0	0.0	0.0	2	1.0111938053253404	-11.276561021585229	230.0	23	1.05	0.95				
	213	2	122.5098378982456	24.964268854736844	0.0	0.0	2	1.0070921061192604	-10.804699814601747	230.0	24	1.05	0.95				
	214	2	89.68644736701754	18.029749728421052	0.0	0.0	2	1.0111530662755037	-9.256051589051308	230.0	26	1.05	0.95				
	215	2	146.54950420280701	29.587281605614034	0.0	0.0	2	1.0271244918466218	-2.2213879361155646	230.0	26	1.05	0.95				
	216	2	46.23012750877193	9.246025501754387	0.0	0.0	2	1.029552612427656	-2.60188248103689	230.0	26	1.05	0.95				
	217	1	0.0	0.0	0.0	0.0	2	1.0353306708120726	-0.33056991272357056	230.0	27	1.05	0.95				
	218	2	153.9463246042105	31.43648670596491	0.0	0.0	2	1.0336863715084563	-1.040542888415233	230.0	27	1.05	0.95				
	219	1	83.6765307908772	17.105147178245613	0.0	0.0	2	1.0304949420098006	-3.134802226624428	230.0	25	1.05	0.95				
	220	1	59.17456321122807	12.019833152280702	0.0	0.0	2	1.0345605160259865	-2.7036222462179658	230.0	25	1.05	0.95				
	221	2	0.0	0.0	0.0	0.0	2	1.0342348941674424	-0.6237901385431209	230.0	27	1.05	0.95				
	222	2	0.0	0.0	0.0	0.0	2	1.05	5.98884799771995	230.0	27	1.05	0.95				
	223	2	0.0	0.0	0.0	0.0	2	1.037585216938967	-2.120284374022476	230.0	25	1.05	0.95				
	224	1	0.0	0.0	0.0	0.0	2	1.0092922207459785	-6.0027669618387	230.0	26	1.05	0.95				
	301	2	71.56153117894736	14.57734894385965	0.0	0.0	3	1.037644396540765	-17.13463165792521	138.0	31	1.05	0.95				
	302	2	64.27285670701754	13.252135403508772	0.0	0.0	3	1.033739656842035	-17.511687742774978	138.0	32	1.05	0.95				
	303	1	119.26921863157895	24.516450496491228	0.0	0.0	3	1.05	-0.1831855034071964	138.0	31	1.05	0.95				
	304	1	49.032900992982455	9.939101552631579	0.0	0.0	3	1.011219443549735	-15.682608462184167	138.0	31	1.05	0.95				
	305	1	47.04508068245614	9.27649478245614	0.0	0.0	3	1.03285066178064	-17.61066186347854	138.0	31	1.05	0.95				
	306	1	90.11452074385964	18.55298956491228	0.0	-100.0	3	1.0356477137610898	-18.6176577383658	138.0	32	1.05	0.95				
	307	2	82.82584627192982	16.565169254385964	0.0	0.0	3	0.9516230522758633	-17.923604001537157	138.0	32	1.05	0.95				
	308	1	113.3057577	23.191236956140347	0.0	0.0	3	0.965956265380448	-18.35644042691888	138.0	32	1.05	0.95				
	309	1	115.95618478070176	23.853843726315787	0.0	0.0	3	1.0160770562299553	-11.413651111037622	138.0	33	1.05	0.95				
	310	1	129.20832018421052	26.504270807017544	0.0	0.0	3	1.0445655632456357	-15.983748651035476	138.0	33	1.05	0.95				
	311	1	0.0	0.0	0.0	0.0	3	1.0113438878178886	-9.906823168041996	230.0	33	1.05	0.95				
	312	1	0.0	0.0	0.0	0.0	3	1.011112708928812	-8.894898128335605	230.0	33	1.05	0.95				
	313	2	175.5907940964912	35.78076558947368	0.0	0.0	3	1.011983404844971	-6.230999695255451	230.0	34	1.05	0.95				
	314	2	128.54571341403508	25.841664036842104	0.0	0.0	3	1.0220361388007833	-9.305658800549407	230.0	36	1.05	0.95				
	315	2	210.04634614561405	42.40683329122807	0.0	0.0	3	1.0439546041584455	-4.303586851529978	230.0	36	1.05	0.95				
	316	2	66.26067701754386	13.252135403508772	0.0	0.0	3	1.05	-4.427963483704955	230.0	36	1.05	0.95				
	317	1	0.0	0.0	0.0	0.0	3	1.05	-0.21040542045451624	230.0	37	1.05	0.95				
	318	2	220.64805446842107	45.05726037192982	0.0	0.0	3	1.0415409312967858	-1.9900645116571078	230.0	37	1.05	0.95				
	319	1	119.93182540175438	24.516450496491228	0.0	0.0	3	1.0410271301949396	-4.96055683578641	230.0	35	1.05	0.95				
	320	1	84.81366658245614	17.227776024561404	0.0	0.0	3	1.0387640062046866	-4.176773815569229	230.0	35	1.05	0.95				
	321	2	0.0	0.0	0.0	0.0	3	1.0424352171791087	-2.1525711193181714	230.0	37	1.05	0.95				
	322	2	0.0	0.0	0.0	0.0	3	1.05	2.947155588465874	230.0	37	1.05	0.95				
	323	2	0.0	0.0	0.0	0.0	3	1.0393695100193971	-3.251172240931544	230.0	35	1.05	0.95				
	324	1	0.0	0.0	0.0	0.0	3	1.0434580615106068	-2.7248820851807887	230.0	36	1.05	0.95				
	325	1	0.0	0.0	0.0	0.0	3	1.0324996929197348	-1.6556574507930462	230.0	35	1.05	0.95				
];
