%% MATPOWER Case Format : Version 2
function mpc = RTS_GMLC
mpc.version = '2';

%%-----  Power Flow Data  -----%%
%% system MVA base
mpc.baseMVA = 100.0;
%% bus data
%    bus_i    type    Pd    Qd    Gs    Bs    area    Vm    Va    baseKV    zone    Vmax    Vmin
mpc.bus = [
	101	2	42.844631381052636	8.727610096140351	0.0	0.0	1	1.0415731753526123	3.2621315626768443	138.0	11	1.05	0.95				
	102	2	38.48082633298245	7.934190996491229	0.0	0.0	1	1.0392161158516557	2.6494038518019196	138.0	12	1.05	0.95				
	103	1	71.40771896842105	14.678253343508771	0.0	0.0	1	1.0333135484202005	1.6506246469316448	138.0	11	1.05	0.95				
	104	1	29.356506687017543	5.950643247368421	0.0	0.0	1	1.0278851858680866	0.11869308516011183	138.0	11	1.05	0.95				
	105	1	28.16637803754386	5.553933697543861	0.0	0.0	1	1.0400510116043296	-0.2506421449103808	138.0	11	1.05	0.95				
	106	1	53.95249877614036	11.107867395087721	0.0	-100.0	1	1.0476349346652023	-2.754957683521809	138.0	12	1.05	0.95				
	107	2	49.588693728070176	9.917738745614034	0.0	0.0	1	1.0015700962292382	-7.776599395645023	138.0	12	1.05	0.95				
	108	1	67.83733302	13.884834243859649	0.0	0.0	1	1.0061567320379765	-6.6087192615602435	138.0	12	1.05	0.95				
	109	1	69.42417121929824	14.28154379368421	0.0	0.0	1	1.02454814858319	-1.6059840303700075	138.0	13	1.05	0.95				
	110	1	77.35836221578948	15.868381992982458	0.0	0.0	1	1.05	-2.5947827109195756	138.0	13	1.05	0.95				
	111	1	0.0	0.0	0.0	0.0	1	1.0015302456543118	-0.4059622546277439	230.0	13	1.05	0.95				
	112	1	0.0	0.0	0.0	0.0	1	1.0058642598827563	-0.6226282598363723	230.0	13	1.05	0.95				
	113	3	105.12803070350878	21.422315690526318	0.0	0.0	1	0.9914146950289624	4.9689536238917625e-30	230.0	14	1.05	0.95				
	114	2	76.9616526659649	15.471672443157896	0.0	0.0	1	0.9970780508150304	1.0777607475989768	230.0	16	1.05	0.95				
	115	2	125.75692729438597	25.38941118877193	0.0	0.0	1	1.0324739092183273	6.456856207333285	230.0	16	1.05	0.95				
	116	2	39.67095498245614	7.934190996491229	0.0	0.0	1	1.0273968769383957	5.490607491151682	230.0	16	1.05	0.95				
	117	1	0.0	0.0	0.0	0.0	1	1.036362661880402	8.63344413164885	230.0	17	1.05	0.95				
	118	2	132.10428009157894	26.97624938807018	0.0	0.0	1	1.0402097608662606	9.179390367978279	230.0	17	1.05	0.95				
	119	1	71.80442851824563	14.678253343508771	0.0	0.0	1	1.0173703789203927	3.581101777114482	230.0	15	1.05	0.95				
	120	1	50.77882237754386	10.314448295438597	0.0	0.0	1	1.0110743978185308	2.2454355911766792	230.0	15	1.05	0.95				
	121	2	0.0	0.0	0.0	0.0	1	1.0433114049674084	10.352247130352202	230.0	17	1.05	0.95				
	122	2	0.0	0.0	0.0	0.0	1	1.05	17.11719696274779	230.0	17	1.05	0.95				
	123	2	0.0	0.0	0.0	0.0	1	1.0080814453774112	1.8215968467055144	230.0	15	1.05	0.95				
	124	1	0.0	0.0	0.0	0.0	1	1.0256439162825581	4.640214054295521	230.0	16	1.05	0.95				
	201	2	41.751613402105264	8.504958285614036	0.0	0.0	2	1.0160604111411473	-8.76344084041837	138.0	21	1.05	0.95				
	202	2	37.499134259298245	7.731780259649124	0.0	0.0	2	1.015231710028507	-8.998311801372806	138.0	22	1.05	0.95				
	203	1	69.5860223368421	14.303793480350876	0.0	0.0	2	1.0145586795470858	-6.380961702976737	138.0	21	1.05	0.95				
	204	1	28.607586960701752	5.798835194736841	0.0	0.0	2	1.0136258157016715	-8.491783594568508	138.0	21	1.05	0.95				
	205	1	27.447819921754384	5.412246181754386	0.0	0.0	2	1.02836816654965	-8.784928486513767	138.0	21	1.05	0.95				
	206	1	52.57610576561403	10.824492363508773	0.0	-100.0	2	1.04345333395474	-9.289375119518402	138.0	22	1.05	0.95				
	207	2	48.32362662280701	9.664725324561402	0.0	0.0	2	0.9989288921017898	-13.923195431821062	138.0	22	1.05	0.95				
	208	1	66.10672122	13.530615454385963	0.0	0.0	2	1.0040556746068445	-12.19305343085079	138.0	22	1.05	0.95				
	209	1	67.65307727192982	13.91720446736842	0.0	0.0	2	1.0232773762325726	-6.475374638506777	138.0	23	1.05	0.95				
	210	1	75.38485753157894	15.463560519298248	0.0	0.0	2	1.05	-7.5620863269421665	138.0	23	1.05	0.95				
	211	1	0.0	0.0	0.0	0.0	2	1.001526252658774	-4.412661374035438	230.0	23	1.05	0.95				
	212	1	0.0	0.0	0.0	0.0	2	1.0079453825422342	-0.5907936481190018	230.0	23	1.05	0.95				
	213	2	102.44608844035088	20.875806701052632	0.0	0.0	2	0.9942551046168694	-2.7479610957574283	230.0	24	1.05	0.95				
	214	2	74.99826851859649	15.07697150631579	0.0	0.0	2	0.9977363005572195	-3.1068432507112442	230.0	26	1.05	0.95				
	215	2	122.54871711543859	24.741696830877196	0.0	0.0	2	1.0147782996322692	1.6861331929217784	230.0	26	1.05	0.95				
	216	2	38.65890129824561	7.731780259649124	0.0	0.0	2	1.0134792681559897	1.1270137204859003	230.0	26	1.05	0.95				
	217	1	0.0	0.0	0.0	0.0	2	1.0188493194339496	2.2357224790350405	230.0	27	1.05	0.95				
	218	2	128.7341413231579	26.288052882807015	0.0	0.0	2	1.0185842216576204	1.9958394778505997	230.0	27	1.05	0.95				
	219	1	69.97261134982456	14.303793480350876	0.0	0.0	2	1.0102899799333602	0.32311690893529643	230.0	25	1.05	0.95				
	220	1	49.48339366175439	10.05131433754386	0.0	0.0	2	1.010063341653198	0.40248643160005226	230.0	25	1.05	0.95				
	221	2	0.0	0.0	0.0	0.0	2	1.0208493348176944	2.6934442260445683	230.0	27	1.05	0.95				
	222	2	0.0	0.0	0.0	0.0	2	1.042608981104545	9.09781393940006	230.0	27	1.05	0.95				
	223	2	0.0	0.0	0.0	0.0	2	1.0103629353982826	0.754494064570655	230.0	25	1.05	0.95				
	224	1	0.0	0.0	0.0	0.0	2	1.0046584618784649	-1.365084315449754	230.0	26	1.05	0.95				
	301	2	60.064536543157885	12.235368555087717	0.0	0.0	3	1.005590771465897	-11.283069578165488	138.0	31	1.05	0.95				
	302	2	53.94685226561402	11.123062322807016	0.0	0.0	3	1.0053543312561497	-11.366537738399863	138.0	32	1.05	0.95				
	303	1	100.10756090526314	20.57766529719298	0.0	0.0	3	1.0150151403233516	-6.878084595763468	138.0	31	1.05	0.95				
	304	1	41.15533059438596	8.342296742105262	0.0	0.0	3	1.0053622337397303	-9.599486611175402	138.0	31	1.05	0.95				
	305	1	39.486871245964906	7.786143625964911	0.0	0.0	3	1.0196551172124384	-9.711401872680398	138.0	31	1.05	0.95				
	306	1	75.63682379508772	15.572287251929822	0.0	-100.0	3	1.0357507685680019	-9.467018421662894	138.0	32	1.05	0.95				
	307	2	69.51913951754385	13.90382790350877	0.0	0.0	3	0.993300265843247	-16.219530700227512	138.0	32	1.05	0.95				
	308	1	95.10218285999998	19.465359064912278	0.0	0.0	3	0.9942090955373988	-13.586851096253943	138.0	32	1.05	0.95				
	309	1	97.32679532456139	20.02151218105263	0.0	0.0	3	1.0243605931248367	-5.873962492332493	138.0	33	1.05	0.95				
	310	1	108.4498576473684	22.24612464561403	0.0	0.0	3	1.05	-6.358527609611094	138.0	33	1.05	0.95				
	311	1	0.0	0.0	0.0	0.0	3	1.0120829694192885	-0.07365385073736018	230.0	33	1.05	0.95				
	312	1	0.0	0.0	0.0	0.0	3	1.0153807895840004	0.8526156082422024	230.0	33	1.05	0.95				
	313	2	147.38057577719294	30.032268271578943	0.0	0.0	3	1.0256943448362332	5.546990100196628	230.0	34	1.05	0.95				
	314	2	107.89370453122804	21.68997152947368	0.0	0.0	3	1.014612717485996	1.0223247162207505	230.0	36	1.05	0.95				
	315	2	176.3005378164912	35.59379943298245	0.0	0.0	3	1.0233955862396502	-1.0109950276604436	230.0	36	1.05	0.95				
	316	2	55.61531161403508	11.123062322807016	0.0	0.0	3	1.0242358757825127	0.20969360402510895	230.0	36	1.05	0.95				
	317	1	0.0	0.0	0.0	0.0	3	1.0255140612534512	-0.053349508569024644	230.0	37	1.05	0.95				
	318	2	185.19898767473683	37.81841189754386	0.0	0.0	3	1.0225715218066553	-0.7561036864435704	230.0	37	1.05	0.95				
	319	1	100.6637140214035	20.57766529719298	0.0	0.0	3	1.0253786528610447	2.256787543002537	230.0	35	1.05	0.95				
	320	1	71.1875988659649	14.45998101964912	0.0	0.0	3	1.0275249271636546	3.448280567020728	230.0	35	1.05	0.95				
	321	2	0.0	0.0	0.0	0.0	3	1.024966694077424	-0.28185543752453124	230.0	37	1.05	0.95				
	322	2	0.0	0.0	0.0	0.0	3	1.0385320224379202	4.211151718475669	230.0	37	1.05	0.95				
	323	2	0.0	0.0	0.0	0.0	3	1.0287403981824785	3.9576684698626035	230.0	35	1.05	0.95				
	324	1	0.0	0.0	0.0	0.0	3	1.0149049031206026	-1.183386923254242	230.0	36	1.05	0.95				
	325	1	0.0	0.0	0.0	0.0	3	1.0292232346457457	4.504182325880169	230.0	35	1.05	0.95				
];
