%% MATPOWER Case Format : Version 2
function mpc = RTS_GMLC
mpc.version = '2';

%%-----  Power Flow Data  -----%%
%% system MVA base
mpc.baseMVA = 100.0;
%% bus data
%    bus_i    type    Pd    Qd    Gs    Bs    area    Vm    Va    baseKV    zone    Vmax    Vmin
mpc.bus = [
	101	2	45.44977733052632	9.258287974736842	0.0	0.0	1	1.0314160079540187	2.3667677058306693	138.0	11	1.05	0.95				
	102	2	40.820633343157894	8.416625431578948	0.0	0.0	1	1.0304765376563727	2.0884559059856604	138.0	12	1.05	0.95				
	103	1	75.74962888421052	15.570757048421052	0.0	0.0	1	1.0300595712966658	1.5156196265505362	138.0	11	1.05	0.95				
	104	1	31.141514096842105	6.312469073684211	0.0	0.0	1	1.0204475079140627	-0.858681197959535	138.0	11	1.05	0.95				
	105	1	29.879020282105262	5.891637802105264	0.0	0.0	1	1.034929757175154	-0.7147863434537948	138.0	11	1.05	0.95				
	106	1	57.23305293473685	11.783275604210528	0.0	-100.0	1	1.0450575656202872	-2.9098817158894486	138.0	12	1.05	0.95				
	107	2	52.603908947368424	10.520781789473684	0.0	0.0	1	0.9999990365900232	-8.697584166361066	138.0	12	1.05	0.95				
	108	1	71.96214744	14.729094505263157	0.0	0.0	1	1.0041246993054316	-7.178209758209008	138.0	12	1.05	0.95				
	109	1	73.64547252631579	15.149925776842105	0.0	0.0	1	1.0248194830636388	-1.5555061027702834	138.0	13	1.05	0.95				
	110	1	82.06209795789474	16.833250863157897	0.0	0.0	1	1.05	-2.504597182001038	138.0	13	1.05	0.95				
	111	1	0.0	0.0	0.0	0.0	1	1.0047615155881222	0.31064106009288955	230.0	13	1.05	0.95				
	112	1	0.0	0.0	0.0	0.0	1	1.0091423789965925	0.34733815694635967	230.0	13	1.05	0.95				
	113	3	111.52028696842106	22.72488866526316	0.0	0.0	1	0.996283329666965	1.4499710740619717e-28	230.0	14	1.05	0.95				
	114	2	81.64126668631579	16.41241959157895	0.0	0.0	1	1.0041937924408855	3.0390807515758214	230.0	16	1.05	0.95				
	115	2	133.4035130905263	26.933201381052633	0.0	0.0	1	1.0413497495519661	9.967968210365497	230.0	16	1.05	0.95				
	116	2	42.08312715789474	8.416625431578948	0.0	0.0	1	1.0377871435634471	9.279375967971426	230.0	16	1.05	0.95				
	117	1	0.0	0.0	0.0	0.0	1	1.0427935068069323	12.246468302508086	230.0	17	1.05	0.95				
	118	2	140.13681343578946	28.616526467368423	0.0	0.0	1	1.0471586023708424	12.114766909945708	230.0	17	1.05	0.95				
	119	1	76.17046015578947	15.570757048421052	0.0	0.0	1	1.0301520147710355	7.501256179411214	230.0	15	1.05	0.95				
	120	1	53.86640276210527	10.941613061052632	0.0	0.0	1	1.0268444622367499	6.757570594033963	230.0	15	1.05	0.95				
	121	2	0.0	0.0	0.0	0.0	1	1.05	12.970399791259537	230.0	17	1.05	0.95				
	122	2	0.0	0.0	0.0	0.0	1	1.05	25.28474744918432	230.0	17	1.05	0.95				
	123	2	0.0	0.0	0.0	0.0	1	1.0254913182400327	6.671801204385475	230.0	15	1.05	0.95				
	124	1	0.0	0.0	0.0	0.0	1	1.0263974045285273	6.808034398347976	230.0	16	1.05	0.95				
	201	2	46.86856601684211	9.547300484912281	0.0	0.0	2	1.0247553633371156	-9.013061853725763	138.0	21	1.05	0.95				
	202	2	42.09491577438597	8.679364077192982	0.0	0.0	2	1.0257350242953196	-8.826261302463106	138.0	22	1.05	0.95				
	203	1	78.11427669473684	16.056823542807017	0.0	0.0	2	1.0177508208735857	-7.964862630040964	138.0	21	1.05	0.95				
	204	1	32.11364708561403	6.509523057894737	0.0	0.0	2	1.0174286149657317	-10.561042003639601	138.0	21	1.05	0.95				
	205	1	30.811742474035086	6.075554854035088	0.0	0.0	2	1.0320370289734397	-10.860110605986106	138.0	21	1.05	0.95				
	206	1	59.01967572491229	12.151109708070177	0.0	-100.0	2	1.0441550618263016	-12.281115841032967	138.0	22	1.05	0.95				
	207	2	54.24602548245614	10.849205096491229	0.0	0.0	2	0.9904133164373233	-18.55323957376306	138.0	22	1.05	0.95				
	208	1	74.20856286	15.18888713508772	0.0	0.0	2	0.997124529502219	-16.593342663462195	138.0	22	1.05	0.95				
	209	1	75.9444356754386	15.622855338947367	0.0	0.0	2	1.02293395841524	-10.195747540137603	138.0	23	1.05	0.95				
	210	1	84.62379975263158	17.358728154385965	0.0	0.0	2	1.05	-11.33807322683579	138.0	23	1.05	0.95				
	211	1	0.0	0.0	0.0	0.0	2	1.0058251252463766	-7.509316655469614	230.0	23	1.05	0.95				
	212	1	0.0	0.0	0.0	0.0	2	1.0096850376599962	-7.049019682170938	230.0	23	1.05	0.95				
	213	2	115.00157402280702	23.434283008421055	0.0	0.0	2	1.0002425274264184	-6.6618903660486355	230.0	24	1.05	0.95				
	214	2	84.18983154877193	16.924759950526315	0.0	0.0	2	1.0071655122005672	-4.8853261682844025	230.0	26	1.05	0.95				
	215	2	137.56792062350877	27.773965047017548	0.0	0.0	2	1.0266374788881583	1.7010597040872717	230.0	26	1.05	0.95				
	216	2	43.396820385964915	8.679364077192982	0.0	0.0	2	1.028410850204146	1.4251424821081677	230.0	26	1.05	0.95				
	217	1	0.0	0.0	0.0	0.0	2	1.0333834891741054	4.1529412415558875	230.0	27	1.05	0.95				
	218	2	144.51141188526316	29.509837862456145	0.0	0.0	2	1.0342395873646983	4.283708969427724	230.0	27	1.05	0.95				
	219	1	78.5482448985965	16.056823542807017	0.0	0.0	2	1.0287346842860072	0.46186387619224994	230.0	25	1.05	0.95				
	220	1	55.547930094035095	11.283173300350878	0.0	0.0	2	1.0320414673446405	0.46939546427871465	230.0	25	1.05	0.95				
	221	2	0.0	0.0	0.0	0.0	2	1.0346209132373358	4.198161699629859	230.0	27	1.05	0.95				
	222	2	0.0	0.0	0.0	0.0	2	1.05	10.677149071119274	230.0	27	1.05	0.95				
	223	2	0.0	0.0	0.0	0.0	2	1.0344265391964074	0.8023072776594881	230.0	25	1.05	0.95				
	224	1	0.0	0.0	0.0	0.0	2	1.011378835655442	-1.9238099401667297	230.0	26	1.05	0.95				
	301	2	62.96868079578948	12.826953495438595	0.0	0.0	3	1.0136910998279864	-21.96408368170645	138.0	31	1.05	0.95				
	302	2	56.55520404807017	11.660866814035087	0.0	0.0	3	1.0120607930128218	-22.31915423063953	138.0	32	1.05	0.95				
	303	1	104.94780132631578	21.57260360596491	0.0	0.0	3	1.05	-7.460810863188841	138.0	31	1.05	0.95				
	304	1	43.14520721192982	8.745650110526315	0.0	0.0	3	1.008533611029281	-20.794893055683666	138.0	31	1.05	0.95				
	305	1	41.39607718982455	8.162606769824562	0.0	0.0	3	1.0244199389120072	-22.608485907834527	138.0	31	1.05	0.95				
	306	1	79.2938943354386	16.325213539649123	0.0	-100.0	3	1.0369141857963073	-23.626952142515467	138.0	32	1.05	0.95				
	307	2	72.8804175877193	14.576083517543859	0.0	0.0	3	0.988581157762443	-30.10805166455384	138.0	32	1.05	0.95				
	308	1	99.70041125999998	20.4065169245614	0.0	0.0	3	0.9896155504961383	-27.32211037628017	138.0	32	1.05	0.95				
	309	1	102.032584622807	20.989560265263155	0.0	0.0	3	1.0253163902981357	-17.158060385553423	138.0	33	1.05	0.95				
	310	1	113.69345143684208	23.321733628070174	0.0	0.0	3	1.05	-21.383665905937914	138.0	33	1.05	0.95				
	311	1	0.0	0.0	0.0	0.0	3	1.0175475152625473	-15.197724416215252	230.0	33	1.05	0.95				
	312	1	0.0	0.0	0.0	0.0	3	1.0196509922929595	-14.296026285414289	230.0	33	1.05	0.95				
	313	2	154.50648528596489	31.48434039789474	0.0	0.0	3	1.0229505948507895	-11.885543413589353	230.0	34	1.05	0.95				
	314	2	113.11040809614035	22.73869028736842	0.0	0.0	3	1.023643465887866	-14.013864840260323	230.0	36	1.05	0.95				
	315	2	184.82473900245614	37.31477380491228	0.0	0.0	3	1.0471724790495678	-9.26496185813441	230.0	36	1.05	0.95				
	316	2	58.304334070175436	11.660866814035087	0.0	0.0	3	1.0456014106954592	-8.82617877791943	230.0	36	1.05	0.95				
	317	1	0.0	0.0	0.0	0.0	3	1.0466834095595714	-7.601978757581152	230.0	37	1.05	0.95				
	318	2	194.1534324536842	39.6469471677193	0.0	0.0	3	1.0444197947953104	-7.8397929163527	230.0	37	1.05	0.95				
	319	1	105.53084466701755	21.57260360596491	0.0	0.0	3	1.0432158928575916	-9.306693174625725	230.0	35	1.05	0.95				
	320	1	74.62954760982456	15.159126858245614	0.0	0.0	3	1.0457106305663886	-8.629211243067788	230.0	35	1.05	0.95				
	321	2	0.0	0.0	0.0	0.0	3	1.046189344768261	-7.78859732713914	230.0	37	1.05	0.95				
	322	2	0.0	0.0	0.0	0.0	3	1.05	-3.378785816601455	230.0	37	1.05	0.95				
	323	2	0.0	0.0	0.0	0.0	3	1.0484838293280436	-7.830625718706434	230.0	35	1.05	0.95				
	324	1	0.0	0.0	0.0	0.0	3	1.0448636328404324	-8.56815596856266	230.0	36	1.05	0.95				
	325	1	0.0	0.0	0.0	0.0	3	1.0406568020594864	-6.143398032937842	230.0	35	1.05	0.95				
];
