%% MATPOWER Case Format : Version 2
function mpc = RTS_GMLC
mpc.version = '2';

%%-----  Power Flow Data  -----%%
%% system MVA base
mpc.baseMVA = 100.0;
%% bus data
%    bus_i    type    Pd    Qd    Gs    Bs    area    Vm    Va    baseKV    zone    Vmax    Vmin
mpc.bus = [
	101	2	46.892627393684215	9.552201876491228	0.0	0.0	1	1.0331876911137765	1.1696968709762043	138.0	11	1.05	0.95				
	102	2	42.116526455438596	8.683819887719299	0.0	0.0	1	1.0309175577900005	0.5638790313080763	138.0	12	1.05	0.95				
	103	1	78.15437898947368	16.065066792280703	0.0	0.0	1	1.0328849812490528	1.1624663382781495	138.0	11	1.05	0.95				
	104	1	32.130133584561406	6.512864915789473	0.0	0.0	1	1.0234605394740357	-1.5594791734418842	138.0	11	1.05	0.95				
	105	1	30.82756060140351	6.078673921403509	0.0	0.0	1	1.0355980623361574	-1.9964101788692312	138.0	11	1.05	0.95				
	106	1	59.049975236491235	12.157347842807019	0.0	-100.0	1	1.0448498287093404	-4.3288965705385865	138.0	12	1.05	0.95				
	107	2	54.273874298245616	10.854774859649122	0.0	0.0	1	0.9998043000058743	-10.651254796544565	138.0	12	1.05	0.95				
	108	1	74.24666004	15.196684803508772	0.0	0.0	1	1.003245616197914	-8.835656458292766	138.0	12	1.05	0.95				
	109	1	75.98342401754387	15.630875797894737	0.0	0.0	1	1.0251164067440144	-2.559059915398015	138.0	13	1.05	0.95				
	110	1	84.66724390526316	17.367639775438597	0.0	0.0	1	1.05	-3.8366668235562345	138.0	13	1.05	0.95				
	111	1	0.0	0.0	0.0	0.0	1	1.0051584290847673	-0.5307651520876014	230.0	13	1.05	0.95				
	112	1	0.0	0.0	0.0	0.0	1	1.0090684342498395	-1.1231765731048369	230.0	13	1.05	0.95				
	113	3	115.0606135122807	23.446313696842108	0.0	0.0	1	0.9977125153132358	-2.770782689577207e-29	230.0	14	1.05	0.95				
	114	2	84.23305291087719	16.933448781052633	0.0	0.0	1	1.004570238700557	1.7963607871794707	230.0	16	1.05	0.95				
	115	2	137.6385452203509	27.788223640701755	0.0	0.0	1	1.041230073462927	9.130834332927893	230.0	16	1.05	0.95				
	116	2	43.41909943859649	8.683819887719299	0.0	0.0	1	1.035795109673669	7.592740300773304	230.0	16	1.05	0.95				
	117	1	0.0	0.0	0.0	0.0	1	1.0428163483414015	11.771271397223847	230.0	17	1.05	0.95				
	118	2	144.58560113052633	29.524987618245618	0.0	0.0	1	1.047631316697022	12.839401526573539	230.0	17	1.05	0.95				
	119	1	78.58856998385966	16.065066792280703	0.0	0.0	1	1.0239214116917412	4.572601082588943	230.0	15	1.05	0.95				
	120	1	55.57644728140351	11.288965854035087	0.0	0.0	1	1.0180102806031115	2.470852740472444	230.0	15	1.05	0.95				
	121	2	0.0	0.0	0.0	0.0	1	1.0497823680840999	14.57489779688566	230.0	17	1.05	0.95				
	122	2	0.0	0.0	0.0	0.0	1	1.05	20.555684889470644	230.0	17	1.05	0.95				
	123	2	0.0	0.0	0.0	0.0	1	1.0156022152459163	1.646357253982504	230.0	15	1.05	0.95				
	124	1	0.0	0.0	0.0	0.0	1	1.027903387383687	6.143480404883186	230.0	16	1.05	0.95				
	201	2	46.44356994947369	9.460727211929825	0.0	0.0	2	1.0150707474589036	-13.902241723334827	138.0	21	1.05	0.95				
	202	2	41.71320634350877	8.600661101754387	0.0	0.0	2	1.0142336796202795	-14.164469116570594	138.0	22	1.05	0.95				
	203	1	77.40594991578948	15.911223038245614	0.0	0.0	2	1.014214319809325	-10.441031132406847	138.0	21	1.05	0.95				
	204	1	31.82244607649123	6.45049582631579	0.0	0.0	2	1.0122986671290946	-13.545105322418221	138.0	21	1.05	0.95				
	205	1	30.53234691122807	6.020462771228071	0.0	0.0	2	1.0272399098268037	-13.947536115724892	138.0	21	1.05	0.95				
	206	1	58.484495491929835	12.040925542456142	0.0	-100.0	2	1.041956120106696	-14.504529325261698	138.0	22	1.05	0.95				
	207	2	53.75413188596492	10.750826377192983	0.0	0.0	2	0.9973157296225768	-19.69408670658037	138.0	22	1.05	0.95				
	208	1	73.53565242	15.051156928070174	0.0	0.0	2	1.0013765181343668	-17.73524553630196	138.0	22	1.05	0.95				
	209	1	75.25578464035088	15.481189983157895	0.0	0.0	2	1.0234253110954623	-11.260489707431606	138.0	23	1.05	0.95				
	210	1	83.85644574210527	17.201322203508774	0.0	0.0	2	1.05	-12.610407527708738	138.0	23	1.05	0.95				
	211	1	0.0	0.0	0.0	0.0	2	1.004914260346425	-8.818675873371058	230.0	23	1.05	0.95				
	212	1	0.0	0.0	0.0	0.0	2	1.0102467945229996	-5.288710279526742	230.0	23	1.05	0.95				
	213	2	113.95875959824562	23.221784974736845	0.0	0.0	2	0.9999171365602882	-7.036988216032546	230.0	24	1.05	0.95				
	214	2	83.42641268701755	16.771289148421054	0.0	0.0	2	1.0040338816958965	-7.133081366206579	230.0	26	1.05	0.95				
	215	2	136.32047846280702	27.522115525614037	0.0	0.0	2	1.020050702630123	-1.2776959776799424	230.0	26	1.05	0.95				
	216	2	43.00330550877193	8.600661101754387	0.0	0.0	2	1.019206392884549	-2.0902737517438257	230.0	26	1.05	0.95				
	217	1	0.0	0.0	0.0	0.0	2	1.0244292222290392	-0.4393897875432248	230.0	27	1.05	0.95				
	218	2	143.20100734421052	29.242247745964917	0.0	0.0	2	1.0240249435798197	-0.8311151690364748	230.0	27	1.05	0.95				
	219	1	77.83598297087721	15.911223038245614	0.0	0.0	2	1.0169983481422342	-2.7092816761162246	230.0	25	1.05	0.95				
	220	1	55.044231051228074	11.180859432280704	0.0	0.0	2	1.0180538479693406	-2.39348980193228	230.0	25	1.05	0.95				
	221	2	0.0	0.0	0.0	0.0	2	1.026241348232826	-0.1798446419110037	230.0	27	1.05	0.95				
	222	2	0.0	0.0	0.0	0.0	2	1.0479694815326126	6.233870139776784	230.0	27	1.05	0.95				
	223	2	0.0	0.0	0.0	0.0	2	1.0192929424866808	-1.8841882939064454	230.0	25	1.05	0.95				
	224	1	0.0	0.0	0.0	0.0	2	1.006583383460567	-4.724069790693996	230.0	26	1.05	0.95				
	301	2	43.579247077894735	8.877254034385965	0.0	0.0	3	1.0075943831410574	15.642274050507211	138.0	31	1.05	0.95				
	302	2	39.14062006070175	8.070230940350877	0.0	0.0	3	1.0074470895086565	15.622348559739802	138.0	32	1.05	0.95				
	303	1	72.6320784631579	14.929927239649121	0.0	0.0	3	1.0200204176357066	17.488843767321345	138.0	31	1.05	0.95				
	304	1	29.859854479298242	6.052673205263157	0.0	0.0	3	1.0101985373463154	16.996055951642102	138.0	31	1.05	0.95				
	305	1	28.649319838245614	5.649161658245614	0.0	0.0	3	1.0232266357878468	16.937901928456697	138.0	31	1.05	0.95				
	306	1	54.87757039438597	11.298323316491228	0.0	-100.0	3	1.0409123479099978	17.169210152157316	138.0	32	1.05	0.95				
	307	2	50.43894337719298	10.087788675438595	0.0	0.0	3	0.976546061508064	14.831677987611638	138.0	32	1.05	0.95				
	308	1	69.00047453999998	14.122904145614031	0.0	0.0	3	0.9960839551606558	16.48033145284206	138.0	32	1.05	0.95				
	309	1	70.61452072807018	14.526415692631577	0.0	0.0	3	1.0248476149096655	19.778278572183787	138.0	33	1.05	0.95				
	310	1	78.68475166842104	16.140461880701753	0.0	0.0	3	1.05	19.52989685945453	138.0	33	1.05	0.95				
	311	1	0.0	0.0	0.0	0.0	3	1.0027375592293428	23.412053693951222	230.0	33	1.05	0.95				
	312	1	0.0	0.0	0.0	0.0	3	1.010121357763263	24.321896852924002	230.0	33	1.05	0.95				
	313	2	106.9305599596491	21.789623538947367	0.0	0.0	3	1.0108149436214875	29.84801500868395	230.0	34	1.05	0.95				
	314	2	78.2812401214035	15.736950333684211	0.0	0.0	3	0.9948461839111097	21.628064089436844	230.0	36	1.05	0.95				
	315	2	127.9131604045614	25.824739009122805	0.0	0.0	3	1.021200958297553	15.421280057832579	230.0	36	1.05	0.95				
	316	2	40.35115470175438	8.070230940350877	0.0	0.0	3	1.0203039334986386	16.418401427928295	230.0	36	1.05	0.95				
	317	1	0.0	0.0	0.0	0.0	3	1.0295255992109866	14.723644536462484	230.0	37	1.05	0.95				
	318	2	134.3693451568421	27.438785197192985	0.0	0.0	3	1.0305611924008582	13.106130642280613	230.0	37	1.05	0.95				
	319	1	73.03559001017544	14.929927239649121	0.0	0.0	3	1.018057733290443	19.131025432505364	230.0	35	1.05	0.95				
	320	1	51.64947801824561	10.49130022245614	0.0	0.0	3	1.0164948396766091	20.791398774302458	230.0	35	1.05	0.95				
	321	2	0.0	0.0	0.0	0.0	3	1.0294047228190648	14.460593014842464	230.0	37	1.05	0.95				
	322	2	0.0	0.0	0.0	0.0	3	1.0432639403267245	18.925282406282612	230.0	37	1.05	0.95				
	323	2	0.0	0.0	0.0	0.0	3	1.015159333929096	21.442089445473915	230.0	35	1.05	0.95				
	324	1	0.0	0.0	0.0	0.0	3	1.0200247218852476	18.068037251721144	230.0	36	1.05	0.95				
	325	1	0.0	0.0	0.0	0.0	3	1.01952670116352	20.864197087918328	230.0	35	1.05	0.95				
];
