%% MATPOWER Case Format : Version 2
function mpc = RTS_GMLC
mpc.version = '2';

%%-----  Power Flow Data  -----%%
%% system MVA base
mpc.baseMVA = 100.0;
%% bus data
%    bus_i    type    Pd    Qd    Gs    Bs    area    Vm    Va    baseKV    zone    Vmax    Vmin
mpc.bus = [
	101	2	44.795150905263164	9.12493814736842	0.0	0.0	1	1.0409346848969392	1.596421607236661	138.0	11	1.05	0.95				
	102	2	40.23268183157895	8.295398315789475	0.0	0.0	1	1.0396455128234523	1.2432122331134745	138.0	12	1.05	0.95				
	103	1	74.65858484210527	15.346486884210528	0.0	0.0	1	1.0269406922267026	-1.1726042503069347	138.0	11	1.05	0.95				
	104	1	30.692973768421055	6.221548736842105	0.0	0.0	1	1.0239680740559978	-2.110872419050773	138.0	11	1.05	0.95				
	105	1	29.44866402105263	5.806778821052632	0.0	0.0	1	1.0396870177301976	-1.7049801100281288	138.0	11	1.05	0.95				
	106	1	56.40870854736843	11.613557642105263	0.0	-100.0	1	1.0473132179629216	-4.043740020061731	138.0	12	1.05	0.95				
	107	2	51.84623947368421	10.369247894736842	0.0	0.0	1	1.001860525182761	-9.217940192835451	138.0	12	1.05	0.95				
	108	1	70.9256556	14.51694705263158	0.0	0.0	1	1.0056380397207592	-8.083584235374719	138.0	12	1.05	0.95				
	109	1	72.5847352631579	14.931716968421052	0.0	0.0	1	1.0238944305708542	-3.1976424190130293	138.0	13	1.05	0.95				
	110	1	80.88013357894737	16.59079663157895	0.0	0.0	1	1.05	-3.7734249805952116	138.0	13	1.05	0.95				
	111	1	0.0	0.0	0.0	0.0	1	1.0010838399840967	-1.429638743749563	230.0	13	1.05	0.95				
	112	1	0.0	0.0	0.0	0.0	1	1.0062843209533734	-1.2234027409365285	230.0	13	1.05	0.95				
	113	3	109.91402768421052	22.397575452631582	0.0	0.0	1	0.9943678867869136	1.0486335830694612e-30	230.0	14	1.05	0.95				
	114	2	80.4653636631579	16.176026715789472	0.0	0.0	1	0.9944600632079271	-0.47450041256215886	230.0	16	1.05	0.95				
	115	2	131.48206330526315	26.545274610526313	0.0	0.0	1	1.0274972714139932	4.006161887903602	230.0	16	1.05	0.95				
	116	2	41.47699157894737	8.295398315789475	0.0	0.0	1	1.0229120151370026	3.340881861407749	230.0	16	1.05	0.95				
	117	1	0.0	0.0	0.0	0.0	1	1.0322019557873268	5.96971982695688	230.0	17	1.05	0.95				
	118	2	138.11838195789474	28.204354273684213	0.0	0.0	1	1.0349617368501798	6.365123584608668	230.0	17	1.05	0.95				
	119	1	75.07335475789473	15.346486884210528	0.0	0.0	1	1.015422568825296	2.0868937700329697	230.0	15	1.05	0.95				
	120	1	53.090549221052626	10.784017810526317	0.0	0.0	1	1.011686456187652	1.698789057925335	230.0	15	1.05	0.95				
	121	2	0.0	0.0	0.0	0.0	1	1.0381908857192022	7.626150839190433	230.0	17	1.05	0.95				
	122	2	0.0	0.0	0.0	0.0	1	1.05	13.502077853260271	230.0	17	1.05	0.95				
	123	2	0.0	0.0	0.0	0.0	1	1.0101254048432842	1.814668850627192	230.0	15	1.05	0.95				
	124	1	0.0	0.0	0.0	0.0	1	1.0198659628397833	2.0516398637850206	230.0	16	1.05	0.95				
	201	2	40.102628665263154	8.16905398736842	0.0	0.0	2	1.014012677697175	-10.308211367031474	138.0	21	1.05	0.95				
	202	2	36.01810167157895	7.426412715789474	0.0	0.0	2	1.0131073786146765	-10.559880412349054	138.0	22	1.05	0.95				
	203	1	66.83771444210525	13.738863524210526	0.0	0.0	2	1.0162487977612418	-7.505632541421845	138.0	21	1.05	0.95				
	204	1	27.477727048421052	5.569809536842104	0.0	0.0	2	1.0130878660999112	-10.185946308986578	138.0	21	1.05	0.95				
	205	1	26.36376514105263	5.198488901052632	0.0	0.0	2	1.0275713458664877	-10.513919197105283	138.0	21	1.05	0.95				
	206	1	50.499606467368416	10.396977802105264	0.0	-100.0	2	1.0433606186994178	-11.109479931842543	138.0	22	1.05	0.95				
	207	2	46.41507947368421	9.283015894736842	0.0	0.0	2	0.9963876912029418	-15.5087433835167	138.0	22	1.05	0.95				
	208	1	63.49582871999999	12.99622225263158	0.0	0.0	2	1.0032158984235562	-13.870120782610654	138.0	22	1.05	0.95				
	209	1	64.98111126315789	13.367542888421053	0.0	0.0	2	1.0233948372927213	-8.33890905063012	138.0	23	1.05	0.95				
	210	1	72.40752397894737	14.852825431578948	0.0	0.0	2	1.05	-9.52267342063269	138.0	23	1.05	0.95				
	211	1	0.0	0.0	0.0	0.0	2	1.0026784954796018	-5.669437992866453	230.0	23	1.05	0.95				
	212	1	0.0	0.0	0.0	0.0	2	1.0074010421380044	-3.933296611681022	230.0	23	1.05	0.95				
	213	2	98.39996848421052	20.051314332631577	0.0	0.0	2	0.9969235860756476	-4.079008076151705	230.0	24	1.05	0.95				
	214	2	72.0362033431579	14.481504795789474	0.0	0.0	2	1.0006915847691433	-3.650379144018035	230.0	26	1.05	0.95				
	215	2	117.70864154526315	23.764520690526314	0.0	0.0	2	1.019615113333215	1.7104487320702257	230.0	26	1.05	0.95				
	216	2	37.13206357894737	7.426412715789474	0.0	0.0	2	1.019443846224853	1.4475458779763077	230.0	26	1.05	0.95				
	217	1	0.0	0.0	0.0	0.0	2	1.0237838429175077	2.431217416523433	230.0	27	1.05	0.95				
	218	2	123.64977171789474	25.249803233684208	0.0	0.0	2	1.0234643620006183	2.177349426320837	230.0	27	1.05	0.95				
	219	1	67.20903507789473	13.738863524210526	0.0	0.0	2	1.019754497430811	1.475143255275443	230.0	25	1.05	0.95				
	220	1	47.52904138105263	9.654336530526315	0.0	0.0	2	1.0222617731126245	2.2344363930531888	230.0	25	1.05	0.95				
	221	2	0.0	0.0	0.0	0.0	2	1.0256963396650451	2.816472893813368	230.0	27	1.05	0.95				
	222	2	0.0	0.0	0.0	0.0	2	1.0472876389179702	9.189596127277413	230.0	27	1.05	0.95				
	223	2	0.0	0.0	0.0	0.0	2	1.0241383319060204	2.93921784379358	230.0	25	1.05	0.95				
	224	1	0.0	0.0	0.0	0.0	2	1.007018567649036	-1.7647659116912666	230.0	26	1.05	0.95				
	301	2	53.72666878736842	10.944321419649121	0.0	0.0	3	1.0144768205881183	-5.923000844150159	138.0	31	1.05	0.95				
	302	2	48.25450807754385	9.94938310877193	0.0	0.0	3	1.0129387509118626	-6.229092169474791	138.0	32	1.05	0.95				
	303	1	89.54444797894736	18.40635875122807	0.0	0.0	3	1.0464504752216957	6.01307323933236	138.0	31	1.05	0.95				
	304	1	36.81271750245614	7.462037331578947	0.0	0.0	3	1.0100530768738798	-5.1655255310452155	138.0	31	1.05	0.95				
	305	1	35.32031003614035	6.964568176140351	0.0	0.0	3	1.0260302612098051	-6.33977236583936	138.0	31	1.05	0.95				
	306	1	67.65580513964912	13.929136352280702	0.0	-100.0	3	1.0396627804469045	-7.158218054852368	138.0	32	1.05	0.95				
	307	2	62.18364442982456	12.43672888596491	0.0	0.0	3	0.9898210811991581	-12.787613985892918	138.0	32	1.05	0.95				
	308	1	85.06722557999998	17.411420440350874	0.0	0.0	3	0.9940281785344816	-10.477526316845207	138.0	32	1.05	0.95				
	309	1	87.05710220175438	17.90888959578947	0.0	0.0	3	1.0234266987015577	-2.2446623049931147	138.0	33	1.05	0.95				
	310	1	97.0064853105263	19.89876621754386	0.0	0.0	3	1.05	-5.160284469259671	138.0	33	1.05	0.95				
	311	1	0.0	0.0	0.0	0.0	3	1.0084425076271601	-0.6431870446686186	230.0	33	1.05	0.95				
	312	1	0.0	0.0	0.0	0.0	3	1.0127016576121641	-0.03517863039702074	230.0	33	1.05	0.95				
	313	2	131.82932619122803	26.86333439368421	0.0	0.0	3	1.010831408929431	2.6788592505631312	230.0	34	1.05	0.95				
	314	2	96.5090161550877	19.40129706210526	0.0	0.0	3	1.005550568560527	-0.39469971207301163	230.0	36	1.05	0.95				
	315	2	157.69772227403507	31.838025948070168	0.0	0.0	3	1.0348455696116352	-0.19381841368081928	230.0	36	1.05	0.95				
	316	2	49.74691554385964	9.94938310877193	0.0	0.0	3	1.0274591311073955	-0.30302145467550823	230.0	36	1.05	0.95				
	317	1	0.0	0.0	0.0	0.0	3	1.0323591218359858	0.21883893673501723	230.0	37	1.05	0.95				
	318	2	165.65722876105264	33.82790256982456	0.0	0.0	3	1.0313508696460634	-0.08811272744246204	230.0	37	1.05	0.95				
	319	1	90.04191713438597	18.40635875122807	0.0	0.0	3	1.0229776773062977	0.6311245605604497	230.0	35	1.05	0.95				
	320	1	63.676051896140336	12.934198041403508	0.0	0.0	3	1.0202620150421506	1.289847568659765	230.0	35	1.05	0.95				
	321	2	0.0	0.0	0.0	0.0	3	1.034476887372089	0.4082121536911297	230.0	37	1.05	0.95				
	322	2	0.0	0.0	0.0	0.0	3	1.046873473932719	4.666494870181269	230.0	37	1.05	0.95				
	323	2	0.0	0.0	0.0	0.0	3	1.019240750063438	1.8103156446631539	230.0	35	1.05	0.95				
	324	1	0.0	0.0	0.0	0.0	3	1.0385260707041193	3.4565699108579504	230.0	36	1.05	0.95				
	325	1	0.0	0.0	0.0	0.0	3	1.0202761525866155	2.3127555162844953	230.0	35	1.05	0.95				
];
