%% MATPOWER Case Format : Version 2
function mpc = RTS_GMLC
mpc.version = '2';

%%-----  Power Flow Data  -----%%
%% system MVA base
mpc.baseMVA = 100.0;
%% bus data
%    bus_i    type    Pd    Qd    Gs    Bs    area    Vm    Va    baseKV    zone    Vmax    Vmin
mpc.bus = [
	101	2	47.97476496	9.772637306666667	0.0	0.0	1	1.0333158168776955	2.2111640248547504	138.0	11	1.05	0.95				
	102	2	43.08844630666666	8.884215733333335	0.0	0.0	1	1.0329106441994744	2.0940040341254416	138.0	12	1.05	0.95				
	103	1	79.9579416	16.435799106666664	0.0	0.0	1	1.0276006467802543	-0.6935351848658178	138.0	11	1.05	0.95				
	104	1	32.87159821333333	6.663161799999999	0.0	0.0	1	1.0212723611313534	-1.190005679640732	138.0	11	1.05	0.95				
	105	1	31.538965853333327	6.218951013333333	0.0	0.0	1	1.035579061615206	-0.8983561085323357	138.0	11	1.05	0.95				
	106	1	60.412666986666665	12.437902026666666	0.0	-100.0	1	1.044921894369641	-3.0898972551329886	138.0	12	1.05	0.95				
	107	2	55.52634833333333	11.105269666666667	0.0	0.0	1	1.0119790918790617	-4.644341578793605	138.0	12	1.05	0.95				
	108	1	75.96004452	15.547377533333332	0.0	0.0	1	1.012048060138322	-5.086341291013741	138.0	12	1.05	0.95				
	109	1	77.73688766666666	15.991588319999996	0.0	0.0	1	1.0254478660209334	-2.077665027636397	138.0	13	1.05	0.95				
	110	1	86.62110339999998	17.76843146666667	0.0	0.0	1	1.05	-2.650027942460292	138.0	13	1.05	0.95				
	111	1	0.0	0.0	0.0	0.0	1	1.0036916272566498	-0.6471024995856136	230.0	13	1.05	0.95				
	112	1	0.0	0.0	0.0	0.0	1	1.0090889373269485	0.15800530865048854	230.0	13	1.05	0.95				
	113	3	117.71585846666666	23.98738248	0.0	0.0	1	0.9958017509497588	-4.601400455003039e-29	230.0	14	1.05	0.95				
	114	2	86.17689261333332	17.32422068	0.0	0.0	1	0.9989996835286187	0.631301875956173	230.0	16	1.05	0.95				
	115	2	140.8148193733333	28.429490346666665	0.0	0.0	1	1.0383011844863232	4.906096903200634	230.0	16	1.05	0.95				
	116	2	44.421078666666666	8.884215733333335	0.0	0.0	1	1.0338131304666442	5.0177434532692295	230.0	16	1.05	0.95				
	117	1	0.0	0.0	0.0	0.0	1	1.04234241623801	6.08779403924812	230.0	17	1.05	0.95				
	118	2	147.92219196	30.206333493333332	0.0	0.0	1	1.0450678155506559	5.693641856757993	230.0	17	1.05	0.95				
	119	1	80.40215238666666	16.435799106666664	0.0	0.0	1	1.0281742837250938	4.903918612913618	230.0	15	1.05	0.95				
	120	1	56.85898069333333	11.549480453333333	0.0	0.0	1	1.026318673845154	5.669078344343514	230.0	15	1.05	0.95				
	121	2	0.0	0.0	0.0	0.0	1	1.05	6.339430333782152	230.0	17	1.05	0.95				
	122	2	0.0	0.0	0.0	0.0	1	1.05	13.386535093852961	230.0	17	1.05	0.95				
	123	2	0.0	0.0	0.0	0.0	1	1.026135602497625	6.433894782888343	230.0	15	1.05	0.95				
	124	1	0.0	0.0	0.0	0.0	1	1.0264045457651714	2.8194215975314543	230.0	16	1.05	0.95				
	201	2	47.565559591578946	9.68928065754386	0.0	0.0	2	1.0298186430574574	-4.902138018328552	138.0	21	1.05	0.95				
	202	2	42.720919262807016	8.80843696140351	0.0	0.0	2	1.0301981225395964	-4.874868876722975	138.0	22	1.05	0.95				
	203	1	79.27593265263158	16.29560837859649	0.0	0.0	2	1.0221931195302416	-4.8755593414190335	138.0	21	1.05	0.95				
	204	1	32.59121675719298	6.606327721052631	0.0	0.0	2	1.0193893085710506	-7.344562526556671	138.0	21	1.05	0.95				
	205	1	31.269951212982456	6.1659058729824565	0.0	0.0	2	1.0342201403148141	-7.44444968952149	138.0	21	1.05	0.95				
	206	1	59.89737133754386	12.331811745964913	0.0	-100.0	2	1.044715057140521	-9.287204139394523	138.0	22	1.05	0.95				
	207	2	55.05273100877193	11.010546201754385	0.0	0.0	2	0.9877309093401136	-15.982742901458497	138.0	22	1.05	0.95				
	208	1	75.31213602	15.41476468245614	0.0	0.0	2	0.995415972369321	-13.997727714489741	138.0	22	1.05	0.95				
	209	1	77.07382341228069	15.855186530526314	0.0	0.0	2	1.023423231297875	-7.568431623164171	138.0	23	1.05	0.95				
	210	1	85.8822603736842	17.61687392280702	0.0	0.0	2	1.05	-8.619898529775513	138.0	23	1.05	0.95				
	211	1	0.0	0.0	0.0	0.0	2	1.0056784552000857	-5.166674235324869	230.0	23	1.05	0.95				
	212	1	0.0	0.0	0.0	0.0	2	1.0110596547977369	-4.906384228500435	230.0	23	1.05	0.95				
	213	2	116.71178973859648	23.782779795789473	0.0	0.0	2	0.9991534178462627	-4.651960853481178	230.0	24	1.05	0.95				
	214	2	85.44183852561403	17.176452074736844	0.0	0.0	2	1.0064563497320052	-2.5803084836730275	230.0	26	1.05	0.95				
	215	2	139.6137258382456	28.186998276491227	0.0	0.0	2	1.029859675063974	3.8985841746728584	230.0	26	1.05	0.95				
	216	2	44.04218480701754	8.80843696140351	0.0	0.0	2	1.0318379313286155	3.674931938078993	230.0	26	1.05	0.95				
	217	1	0.0	0.0	0.0	0.0	2	1.0369684912163148	6.562951406363855	230.0	27	1.05	0.95				
	218	2	146.6604754073684	29.94868566877193	0.0	0.0	2	1.0390552611251662	7.254946955891176	230.0	27	1.05	0.95				
	219	1	79.71635450070175	16.29560837859649	0.0	0.0	2	1.03189962926182	2.242509769913957	230.0	25	1.05	0.95				
	220	1	56.373996552982454	11.450968049824562	0.0	0.0	2	1.0352485842430585	1.8507197140551994	230.0	25	1.05	0.95				
	221	2	0.0	0.0	0.0	0.0	2	1.0385103983047683	6.885490963783	230.0	27	1.05	0.95				
	222	2	0.0	0.0	0.0	0.0	2	1.05	13.259444044976213	230.0	27	1.05	0.95				
	223	2	0.0	0.0	0.0	0.0	2	1.0376296304562271	1.967636275113262	230.0	25	1.05	0.95				
	224	1	0.0	0.0	0.0	0.0	2	1.016033327434107	0.6053157861512419	230.0	26	1.05	0.95				
	301	2	61.36285986947369	12.499841825263157	0.0	0.0	3	1.006956303631595	-34.852802021534266	138.0	31	1.05	0.95				
	302	2	55.11293895684211	11.363492568421051	0.0	0.0	3	1.006329520874252	-35.00710343218776	138.0	32	1.05	0.95				
	303	1	102.27143311578948	21.022461251578946	0.0	0.0	3	1.021605332701782	-27.41954975233324	138.0	31	1.05	0.95				
	304	1	42.04492250315789	8.522619426315789	0.0	0.0	3	1.0065216190532846	-33.158350643999334	138.0	31	1.05	0.95				
	305	1	40.340398617894735	7.9544447978947375	0.0	0.0	3	1.020652410502375	-33.980101921476056	138.0	31	1.05	0.95				
	306	1	77.27174946526316	15.908889595789475	0.0	-100.0	3	1.035835103770268	-34.132168005732225	138.0	32	1.05	0.95				
	307	2	71.02182855263158	14.204365710526314	0.0	0.0	3	0.9924304668001052	-40.04253052833308	138.0	32	1.05	0.95				
	308	1	97.15786145999999	19.88611199473684	0.0	0.0	3	0.9936127438638828	-37.67486329067142	138.0	32	1.05	0.95				
	309	1	99.43055997368421	20.454286623157895	0.0	0.0	3	1.0262361713698434	-29.326372444349882	138.0	33	1.05	0.95				
	310	1	110.79405254210526	22.726985136842103	0.0	0.0	3	1.05	-31.283788616350357	138.0	33	1.05	0.95				
	311	1	0.0	0.0	0.0	0.0	3	1.0176323234917013	-24.15232020841197	230.0	33	1.05	0.95				
	312	1	0.0	0.0	0.0	0.0	3	1.0173966247495083	-23.550495844008054	230.0	33	1.05	0.95				
	313	2	150.56627653157892	30.681429934736844	0.0	0.0	3	1.0250193344679288	-20.515007105809218	230.0	34	1.05	0.95				
	314	2	110.22587791368422	22.158810508421052	0.0	0.0	3	1.0292753398824601	-21.245563861961536	230.0	36	1.05	0.95				
	315	2	180.11135720947365	36.363176218947366	0.0	0.0	3	1.0488510538727709	-14.244213510679579	230.0	36	1.05	0.95				
	316	2	56.81746284210526	11.363492568421051	0.0	0.0	3	1.0488625079565785	-13.946172190718263	230.0	36	1.05	0.95				
	317	1	0.0	0.0	0.0	0.0	3	1.0493113743759785	-11.103307858728435	230.0	37	1.05	0.95				
	318	2	189.20215126421053	38.63587473263158	0.0	0.0	3	1.0492914147393029	-10.470527342166486	230.0	37	1.05	0.95				
	319	1	102.83960774421053	21.022461251578946	0.0	0.0	3	1.0458569467096395	-15.215111591207418	230.0	35	1.05	0.95				
	320	1	72.72635243789473	14.772540338947367	0.0	0.0	3	1.0478067660306374	-15.256222000605357	230.0	35	1.05	0.95				
	321	2	0.0	0.0	0.0	0.0	3	1.05	-10.08558870093912	230.0	37	1.05	0.95				
	322	2	0.0	0.0	0.0	0.0	3	1.05	-4.708980407103733	230.0	37	1.05	0.95				
	323	2	0.0	0.0	0.0	0.0	3	1.049999999014497	-14.865577822634123	230.0	35	1.05	0.95				
	324	1	0.0	0.0	0.0	0.0	3	1.0221758065506275	-18.928835534856976	230.0	36	1.05	0.95				
	325	1	0.0	0.0	0.0	0.0	3	1.0417743118189435	-13.150433551239919	230.0	35	1.05	0.95				
];
