%% MATPOWER Case Format : Version 2
function mpc = RTS_GMLC
mpc.version = '2';

%%-----  Power Flow Data  -----%%
%% system MVA base
mpc.baseMVA = 100.0;
%% bus data
%    bus_i    type    Pd    Qd    Gs    Bs    area    Vm    Va    baseKV    zone    Vmax    Vmin
mpc.bus = [
	101	2	84.79416130105263	17.272884709473683	0.0	0.0	1	1.0444011100447046	-0.8987331849241891	138.0	11	1.05	0.95				
	102	2	76.15771894631578	15.702622463157894	0.0	0.0	1	1.044250187844885	-1.0064398170345885	138.0	12	1.05	0.95				
	103	1	141.32360216842105	29.049851556842103	0.0	0.0	1	1.0219998419183782	-2.78014332302251	138.0	11	1.05	0.95				
	104	1	58.09970311368421	11.77696684736842	0.0	0.0	1	1.0223065605131345	-4.416322033785266	138.0	11	1.05	0.95				
	105	1	55.74430974421052	10.991835724210526	0.0	0.0	1	1.0363098356996	-4.68294917671688	138.0	11	1.05	0.95				
	106	1	106.77783274947367	21.983671448421052	0.0	-100.0	1	1.0374370608356023	-7.52520341277688	138.0	12	1.05	0.95				
	107	2	98.14139039473685	19.628278078947368	0.0	0.0	1	1.0440171278888908	-4.735213073357099	138.0	12	1.05	0.95				
	108	1	134.25742206	27.479589310526315	0.0	0.0	1	1.0210359644843012	-7.463480479948476	138.0	12	1.05	0.95				
	109	1	137.39794655263157	28.26472043368421	0.0	0.0	1	1.026715910528282	-4.769106623880374	138.0	13	1.05	0.95				
	110	1	153.10056901578946	31.40524492631579	0.0	0.0	1	1.05	-6.098303806685617	138.0	13	1.05	0.95				
	111	1	0.0	0.0	0.0	0.0	1	1.01396819089238	-1.9955463921734864	230.0	13	1.05	0.95				
	112	1	0.0	0.0	0.0	0.0	1	1.0165031029976352	-1.204233371696855	230.0	13	1.05	0.95				
	113	3	208.05974763684208	42.39708065052631	0.0	0.0	1	1.0153270662152307	9.391692462527554e-29	230.0	14	1.05	0.95				
	114	2	152.31543789263156	30.620113803157896	0.0	0.0	1	1.0160124385963492	-0.25841184698440484	230.0	16	1.05	0.95				
	115	2	248.8865660410526	50.24839188210526	0.0	0.0	1	1.0441190734260535	7.610137153455499	230.0	16	1.05	0.95				
	116	2	78.51311231578947	15.702622463157894	0.0	0.0	1	1.0423267527675295	6.953434822977299	230.0	16	1.05	0.95				
	117	1	0.0	0.0	0.0	0.0	1	1.0463011892781615	10.21024932318188	230.0	17	1.05	0.95				
	118	2	261.44866401157896	53.38891637473684	0.0	0.0	1	1.0487065571889909	10.922618294905636	230.0	17	1.05	0.95				
	119	1	142.10873329157894	29.049851556842103	0.0	0.0	1	1.035245025015465	5.436295227552104	230.0	15	1.05	0.95				
	120	1	100.49678376421052	20.413409202105264	0.0	0.0	1	1.0360729318465303	5.4782652661494184	230.0	15	1.05	0.95				
	121	2	0.0	0.0	0.0	0.0	1	1.05	12.017226692911498	230.0	17	1.05	0.95				
	122	2	0.0	0.0	0.0	0.0	1	1.05	18.07335081972665	230.0	17	1.05	0.95				
	123	2	0.0	0.0	0.0	0.0	1	1.0387439210717806	6.08432007270601	230.0	15	1.05	0.95				
	124	1	0.0	0.0	0.0	0.0	1	1.0228355716194726	3.7627226520104524	230.0	16	1.05	0.95				
	201	2	77.94427827789475	15.8775381677193	0.0	0.0	2	1.0372905228180263	-11.324280207231013	138.0	21	1.05	0.95				
	202	2	70.00550919403508	14.434125607017545	0.0	0.0	2	1.037506252950408	-11.402120625796762	138.0	22	1.05	0.95				
	203	1	129.90713046315793	26.70313237298246	0.0	0.0	2	1.0262313217496914	-8.63425725611535	138.0	21	1.05	0.95				
	204	1	53.40626474596492	10.825594205263158	0.0	0.0	2	1.0186475031419686	-13.010287038292004	138.0	21	1.05	0.95				
	205	1	51.24114590491228	10.103887924912282	0.0	0.0	2	1.0344649546311662	-13.394277727218624	138.0	21	1.05	0.95				
	206	1	98.15205412771931	20.207775849824564	0.0	-100.0	2	1.0387010041070748	-15.234093531165383	138.0	22	1.05	0.95				
	207	2	90.21328504385966	18.042657008771933	0.0	0.0	2	0.9660133316217502	-25.991661480958864	138.0	22	1.05	0.95				
	208	1	123.41177394	25.2597198122807	0.0	0.0	2	0.9697351467309971	-22.420496597768235	138.0	22	1.05	0.95				
	209	1	126.29859906140352	25.981426092631583	0.0	0.0	2	1.0258693018847584	-11.409196898208558	138.0	23	1.05	0.95				
	210	1	140.73272466842107	28.86825121403509	0.0	0.0	2	1.05	-13.225435085187717	138.0	23	1.05	0.95				
	211	1	0.0	0.0	0.0	0.0	2	1.024419221064821	-7.849407048452073	230.0	23	1.05	0.95				
	212	1	0.0	0.0	0.0	0.0	2	1.0222856532946325	-3.965780152399131	230.0	23	1.05	0.95				
	213	2	191.25216429298246	38.97213913894738	0.0	0.0	2	1.0310644443916974	-5.5298480678171416	230.0	24	1.05	0.95				
	214	2	140.01101838807017	28.146544933684215	0.0	0.0	2	1.0363857135148702	-5.507788822434616	230.0	26	1.05	0.95				
	215	2	228.7808908712281	46.189201942456144	0.0	0.0	2	1.042793805303623	2.2563911125187355	230.0	26	1.05	0.95				
	216	2	72.17062803508773	14.434125607017545	0.0	0.0	2	1.044534535960636	2.2456380569962895	230.0	26	1.05	0.95				
	217	1	0.0	0.0	0.0	0.0	2	1.046611145585959	4.909251316356058	230.0	27	1.05	0.95				
	218	2	240.32819135684213	49.076027063859655	0.0	0.0	2	1.0475431198213991	5.252150622138796	230.0	27	1.05	0.95				
	219	1	130.62883674350877	26.70313237298246	0.0	0.0	2	1.04165006352413	2.3076593670358774	230.0	25	1.05	0.95				
	220	1	92.37840388491229	18.76436328912281	0.0	0.0	2	1.045477194790107	3.715664514180695	230.0	25	1.05	0.95				
	221	2	0.0	0.0	0.0	0.0	2	1.047711061336605	5.209286369291316	230.0	27	1.05	0.95				
	222	2	0.0	0.0	0.0	0.0	2	1.05	11.601545387782057	230.0	27	1.05	0.95				
	223	2	0.0	0.0	0.0	0.0	2	1.05	5.010347331495583	230.0	25	1.05	0.95				
	224	1	0.0	0.0	0.0	0.0	2	1.0229787194303956	-1.7997350483944914	230.0	26	1.05	0.95				
	301	2	71.56153117894736	14.57734894385965	0.0	0.0	3	1.0113078832178641	-2.912600074933585	138.0	31	1.05	0.95				
	302	2	64.27285670701754	13.252135403508772	0.0	0.0	3	1.0100547225635472	-3.169871518079969	138.0	32	1.05	0.95				
	303	1	119.26921863157895	24.516450496491228	0.0	0.0	3	1.0447835483838168	8.888915281808094	138.0	31	1.05	0.95				
	304	1	49.032900992982455	9.939101552631579	0.0	0.0	3	1.0078645445474197	-0.9113695729946139	138.0	31	1.05	0.95				
	305	1	47.04508068245614	9.27649478245614	0.0	0.0	3	1.0217814149676985	-2.686214939768269	138.0	31	1.05	0.95				
	306	1	90.11452074385964	18.55298956491228	0.0	-100.0	3	1.0340101997847797	-3.2796541290154098	138.0	32	1.05	0.95				
	307	2	82.82584627192982	16.565169254385964	0.0	0.0	3	0.9914319692861135	-9.36158383108196	138.0	32	1.05	0.95				
	308	1	113.3057577	23.191236956140347	0.0	0.0	3	0.9925966788661124	-6.2109437739060915	138.0	32	1.05	0.95				
	309	1	115.95618478070176	23.853843726315787	0.0	0.0	3	1.0300678896346513	3.6194686661694857	138.0	33	1.05	0.95				
	310	1	129.20832018421052	26.504270807017544	0.0	0.0	3	1.05	-0.3339776795452258	138.0	33	1.05	0.95				
	311	1	0.0	0.0	0.0	0.0	3	1.0174214299392956	5.9512216429701805	230.0	33	1.05	0.95				
	312	1	0.0	0.0	0.0	0.0	3	1.0203902937610072	6.822131142940923	230.0	33	1.05	0.95				
	313	2	175.5907940964912	35.78076558947368	0.0	0.0	3	1.0271410366270826	10.850730357546489	230.0	34	1.05	0.95				
	314	2	128.54571341403508	25.841664036842104	0.0	0.0	3	1.0196426376615433	5.981492650522499	230.0	36	1.05	0.95				
	315	2	210.04634614561405	42.40683329122807	0.0	0.0	3	1.043283362559311	6.953305230468973	230.0	36	1.05	0.95				
	316	2	66.26067701754386	13.252135403508772	0.0	0.0	3	1.0388704102684556	7.1000508481209135	230.0	36	1.05	0.95				
	317	1	0.0	0.0	0.0	0.0	3	1.044410057063406	7.887155682618767	230.0	37	1.05	0.95				
	318	2	220.64805446842107	45.05726037192982	0.0	0.0	3	1.044383170518404	7.393049470100196	230.0	37	1.05	0.95				
	319	1	119.93182540175438	24.516450496491228	0.0	0.0	3	1.0339165534782533	7.558676119374548	230.0	35	1.05	0.95				
	320	1	84.81366658245614	17.227776024561404	0.0	0.0	3	1.0326359373871874	8.145139634465346	230.0	35	1.05	0.95				
	321	2	0.0	0.0	0.0	0.0	3	1.0470202602315286	8.74084183059186	230.0	37	1.05	0.95				
	322	2	0.0	0.0	0.0	0.0	3	1.05	12.740959738189678	230.0	37	1.05	0.95				
	323	2	0.0	0.0	0.0	0.0	3	1.0327272321780074	8.588553392299637	230.0	35	1.05	0.95				
	324	1	0.0	0.0	0.0	0.0	3	1.0418949974285154	8.596855230745641	230.0	36	1.05	0.95				
	325	1	0.0	0.0	0.0	0.0	3	1.0343015054807578	8.888019820473476	230.0	35	1.05	0.95				
];
