%% MATPOWER Case Format : Version 2
function mpc = RTS_GMLC
mpc.version = '2';

%%-----  Power Flow Data  -----%%
%% system MVA base
mpc.baseMVA = 100.0;
%% bus data
%    bus_i    type    Pd    Qd    Gs    Bs    area    Vm    Va    baseKV    zone    Vmax    Vmin
mpc.bus = [
	101	2	45.54329540210527	9.277337952280702	0.0	0.0	1	1.0085621450962257	-0.6199637352961458	138.0	11	1.05	0.95				
	102	2	40.90462642596491	8.433943592982457	0.0	0.0	1	1.0063454633586075	-1.2546131299729943	138.0	12	1.05	0.95				
	103	1	75.90549233684212	15.602795647017546	0.0	0.0	1	1.0247143575763495	1.4066861386620695	138.0	11	1.05	0.95				
	104	1	31.20559129403509	6.325457694736842	0.0	0.0	1	1.01016628404418	-3.020109962581306	138.0	11	1.05	0.95				
	105	1	29.940499755087718	5.903760515087721	0.0	0.0	1	1.0236564159592985	-3.0580188470487806	138.0	11	1.05	0.95				
	106	1	57.350816432280716	11.807521030175442	0.0	-100.0	1	1.0396649534749425	-4.970997731199116	138.0	12	1.05	0.95				
	107	2	52.71214745614036	10.542429491228072	0.0	0.0	1	0.9851084919335561	-11.066835469047307	138.0	12	1.05	0.95				
	108	1	72.11021772000001	14.759401287719298	0.0	0.0	1	0.9949736490001087	-9.117062353747318	138.0	12	1.05	0.95				
	109	1	73.7970064385965	15.181098467368423	0.0	0.0	1	1.0253047099302266	-2.690697466410503	138.0	13	1.05	0.95				
	110	1	82.23095003157896	16.867887185964914	0.0	0.0	1	1.05	-4.123180508462405	138.0	13	1.05	0.95				
	111	1	0.0	0.0	0.0	0.0	1	1.0183755535440706	0.052504233080588554	230.0	13	1.05	0.95				
	112	1	0.0	0.0	0.0	0.0	1	1.013705086292306	-0.9772021778296408	230.0	13	1.05	0.95				
	113	3	111.74975260701756	22.771647701052636	0.0	0.0	1	0.9969545056607719	6.65544891931117e-28	230.0	14	1.05	0.95				
	114	2	81.80925285192983	16.446190006315792	0.0	0.0	1	1.0461702204327334	3.4775118467501622	230.0	16	1.05	0.95				
	115	2	133.67800594877195	26.988619497543866	0.0	0.0	1	1.0418816189739675	12.861369543534664	230.0	16	1.05	0.95				
	116	2	42.16971796491229	8.433943592982457	0.0	0.0	1	1.0423848894161079	11.049360036163485	230.0	16	1.05	0.95				
	117	1	0.0	0.0	0.0	0.0	1	1.0407406849230596	17.08576804040482	230.0	17	1.05	0.95				
	118	2	140.4251608231579	28.675408216140358	0.0	0.0	1	1.049324956423269	17.68800905678495	230.0	17	1.05	0.95				
	119	1	76.32718951649123	15.602795647017546	0.0	0.0	1	1.0384283963900858	6.842730613997929	230.0	15	1.05	0.95				
	120	1	53.97723899508773	10.964126670877194	0.0	0.0	1	1.041686833902003	3.9899654928086976	230.0	15	1.05	0.95				
	121	2	0.0	0.0	0.0	0.0	1	1.0434860228021998	19.312208175234208	230.0	17	1.05	0.95				
	122	2	0.0	0.0	0.0	0.0	1	1.05	37.271521686617604	230.0	17	1.05	0.95				
	123	2	0.0	0.0	0.0	0.0	1	1.044576865689072	2.742049921950787	230.0	15	1.05	0.95				
	124	1	0.0	0.0	0.0	0.0	1	1.0211277378460617	8.596605326004802	230.0	16	1.05	0.95				
	201	2	44.9985833431579	9.166378088421052	0.0	0.0	2	1.0120970289490894	-15.990017701407277	138.0	21	1.05	0.95				
	202	2	40.41539429894737	8.333070989473685	0.0	0.0	2	1.0112649193776528	-16.28183816406899	138.0	22	1.05	0.95				
	203	1	74.99763890526316	15.416181330526316	0.0	0.0	2	1.0120534422897858	-11.67340965511188	138.0	21	1.05	0.95				
	204	1	30.83236266105263	6.249803242105263	0.0	0.0	2	1.0108254266985954	-15.819370326933337	138.0	21	1.05	0.95				
	205	1	29.582402012631576	5.83314969263158	0.0	0.0	2	1.0259555004203829	-16.291320783338122	138.0	21	1.05	0.95				
	206	1	56.66488272842106	11.66629938526316	0.0	-100.0	2	1.0416027028863764	-16.98197385818375	138.0	22	1.05	0.95				
	207	2	52.08169368421053	10.416338736842105	0.0	0.0	2	0.9944254869482898	-21.96035489621254	138.0	22	1.05	0.95				
	208	1	71.24775696	14.582874231578947	0.0	0.0	2	1.0000649957969623	-20.080386710375368	138.0	22	1.05	0.95				
	209	1	72.91437115789475	14.999527781052633	0.0	0.0	2	1.0225888304325235	-13.713133460382624	138.0	23	1.05	0.95				
	210	1	81.24744214736842	16.66614197894737	0.0	0.0	2	1.05	-15.250498640121158	138.0	23	1.05	0.95				
	211	1	0.0	0.0	0.0	0.0	2	1.008287036918296	-10.521389843672482	230.0	23	1.05	0.95				
	212	1	0.0	0.0	0.0	0.0	2	1.0086523803843517	-9.617584071973445	230.0	23	1.05	0.95				
	213	2	110.41319061052633	22.49929167157895	0.0	0.0	2	1.0050015607862683	-8.940882551298312	230.0	24	1.05	0.95				
	214	2	80.83078859789474	16.249488429473686	0.0	0.0	2	1.0126028253638415	-7.862943539068345	230.0	26	1.05	0.95				
	215	2	132.0791751831579	26.665827166315793	0.0	0.0	2	1.0269519149512378	-1.3960828349519026	230.0	26	1.05	0.95				
	216	2	41.66535494736842	8.333070989473685	0.0	0.0	2	1.0294366623752702	-1.5793150598311867	230.0	26	1.05	0.95				
	217	1	0.0	0.0	0.0	0.0	2	1.0358109276258778	0.030595576373540143	230.0	27	1.05	0.95				
	218	2	138.74563197473685	28.33244136421053	0.0	0.0	2	1.0339399580519408	-0.4780394728651565	230.0	27	1.05	0.95				
	219	1	75.41429245473684	15.416181330526316	0.0	0.0	2	1.0291758581104145	-1.4538728155190537	230.0	25	1.05	0.95				
	220	1	53.33165433263159	10.83299228631579	0.0	0.0	2	1.031688099839848	-0.5366755790690361	230.0	25	1.05	0.95				
	221	2	0.0	0.0	0.0	0.0	2	1.0343156320035922	0.015985207040692038	230.0	27	1.05	0.95				
	222	2	0.0	0.0	0.0	0.0	2	1.05	6.519305548011939	230.0	27	1.05	0.95				
	223	2	0.0	0.0	0.0	0.0	2	1.0338179800174208	0.2828027223125893	230.0	25	1.05	0.95				
	224	1	0.0	0.0	0.0	0.0	2	1.0087171140765518	-5.227940881169133	230.0	26	1.05	0.95				
	301	2	53.436254362105274	10.885162925614035	0.0	0.0	3	1.0146417333335271	4.258782487766352	138.0	31	1.05	0.95				
	302	2	47.99367289929825	9.895602659649123	0.0	0.0	3	1.0132226382847414	3.925913898008322	138.0	32	1.05	0.95				
	303	1	89.06042393684211	18.306864920350876	0.0	0.0	3	1.05	18.70434243030984	138.0	31	1.05	0.95				
	304	1	36.61372984070175	7.421701994736842	0.0	0.0	3	1.0111219776499094	5.5898426837928445	138.0	31	1.05	0.95				
	305	1	35.129389441754384	6.926921861754387	0.0	0.0	3	1.0261607154981693	3.005804260144378	138.0	31	1.05	0.95				
	306	1	67.29009808561405	13.853843723508774	0.0	-100.0	3	1.0396736495696361	1.7362153180975328	138.0	32	1.05	0.95				
	307	2	61.84751662280702	12.369503324561403	0.0	0.0	3	0.9914515064402641	-2.8917891537478253	138.0	32	1.05	0.95				
	308	1	84.60740274	17.317304654385964	0.0	0.0	3	0.9951856136605495	-0.5939733507993132	138.0	32	1.05	0.95				
	309	1	86.58652327192982	17.81208478736842	0.0	0.0	3	1.0256899866667817	8.97781435804952	138.0	33	1.05	0.95				
	310	1	96.48212593157895	19.791205319298246	0.0	0.0	3	1.05	3.339463029357339	138.0	33	1.05	0.95				
	311	1	0.0	0.0	0.0	0.0	3	1.012746036316736	7.891872943857608	230.0	33	1.05	0.95				
	312	1	0.0	0.0	0.0	0.0	3	1.0152827549964334	8.562066099995219	230.0	33	1.05	0.95				
	313	2	131.1167352403509	26.718127181052637	0.0	0.0	3	1.01280082569983	10.374247486679478	230.0	34	1.05	0.95				
	314	2	95.9873457985965	19.29642518631579	0.0	0.0	3	1.0121003621931643	7.545391844126685	230.0	36	1.05	0.95				
	315	2	156.8453021554386	31.665928510877194	0.0	0.0	3	1.0444645699577522	10.38787176505439	230.0	36	1.05	0.95				
	316	2	49.478013298245614	9.895602659649123	0.0	0.0	3	1.0389651008454521	10.056329628590376	230.0	36	1.05	0.95				
	317	1	0.0	0.0	0.0	0.0	3	1.0499998071252115	13.31737460706027	230.0	37	1.05	0.95				
	318	2	164.7617842831579	33.645049042807024	0.0	0.0	3	1.0471132141189954	11.070111610254601	230.0	37	1.05	0.95				
	319	1	89.55520406982457	18.306864920350876	0.0	0.0	3	1.029118840709153	9.51415124136673	230.0	35	1.05	0.95				
	320	1	63.33185702175439	12.86428345754386	0.0	0.0	3	1.0242061560358533	9.997912754888358	230.0	35	1.05	0.95				
	321	2	0.0	0.0	0.0	0.0	3	1.0469132470513345	11.46073079761036	230.0	37	1.05	0.95				
	322	2	0.0	0.0	0.0	0.0	3	1.05	16.533161579569885	230.0	37	1.05	0.95				
	323	2	0.0	0.0	0.0	0.0	3	1.0224959907570728	10.649463302935104	230.0	35	1.05	0.95				
	324	1	0.0	0.0	0.0	0.0	3	1.0437995632736463	13.57025688448904	230.0	36	1.05	0.95				
	325	1	0.0	0.0	0.0	0.0	3	1.022708090482047	11.392583552470759	230.0	35	1.05	0.95				
];
