%% MATPOWER Case Format : Version 2
function mpc = RTS_GMLC
mpc.version = '2';

%%-----  Power Flow Data  -----%%
%% system MVA base
mpc.baseMVA = 100.0;
%% bus data
%    bus_i    type    Pd    Qd    Gs    Bs    area    Vm    Va    baseKV    zone    Vmax    Vmin
mpc.bus = [
	101	2	44.35428005052632	9.03513112140351	0.0	0.0	1	1.0359365883939733	2.8353294688323754	138.0	11	1.05	0.95				
	102	2	39.83671448982456	8.213755564912281	0.0	0.0	1	1.0355337553017159	2.7063828842476116	138.0	12	1.05	0.95				
	103	1	73.92380008421053	15.195447795087718	0.0	0.0	1	1.029651513831975	0.19046441617999377	138.0	11	1.05	0.95				
	104	1	30.390895590175436	6.1603166736842105	0.0	0.0	1	1.0227312529333155	-0.7201535515587102	138.0	11	1.05	0.95				
	105	1	29.158832255438593	5.7496288954385975	0.0	0.0	1	1.037210876941099	-0.44011967655912926	138.0	11	1.05	0.95				
	106	1	55.85353784140351	11.499257790877195	0.0	-100.0	1	1.0463589439050391	-2.7014699211603395	138.0	12	1.05	0.95				
	107	2	51.33597228070176	10.26719445614035	0.0	0.0	1	1.0008549691518216	-7.630580267628458	138.0	12	1.05	0.95				
	108	1	70.22761008	14.374072238596492	0.0	0.0	1	1.005520328043183	-6.60055131758417	138.0	12	1.05	0.95				
	109	1	71.87036119298246	14.784760016842105	0.0	0.0	1	1.0249708162933369	-1.8689167555857986	138.0	13	1.05	0.95				
	110	1	80.08411675789473	16.427511129824563	0.0	0.0	1	1.05	-2.475846059434201	138.0	13	1.05	0.95				
	111	1	0.0	0.0	0.0	0.0	1	1.0029294182434925	-0.33101987301349284	230.0	13	1.05	0.95				
	112	1	0.0	0.0	0.0	0.0	1	1.0081197846115928	0.15356392996569243	230.0	13	1.05	0.95				
	113	3	108.83226123508771	22.17714002526316	0.0	0.0	1	0.9942743180569742	-1.3362886601320334e-29	230.0	14	1.05	0.95				
	114	2	79.67342897964912	16.01682335157895	0.0	0.0	1	0.9987719623127433	1.353343202529803	230.0	16	1.05	0.95				
	115	2	130.18802570385967	26.2840178077193	0.0	0.0	1	1.0385257826483698	6.2592678835055	230.0	16	1.05	0.95				
	116	2	41.0687778245614	8.213755564912281	0.0	0.0	1	1.0336600118816324	6.084278916316199	230.0	16	1.05	0.95				
	117	1	0.0	0.0	0.0	0.0	1	1.042345345150324	7.471538928245957	230.0	17	1.05	0.95				
	118	2	136.75903015578947	27.926768920701754	0.0	0.0	1	1.0451989793636292	7.28762685906737	230.0	17	1.05	0.95				
	119	1	74.33448786245614	15.195447795087718	0.0	0.0	1	1.0269652499534094	5.385492541408791	230.0	15	1.05	0.95				
	120	1	52.5680356154386	10.677882234385965	0.0	0.0	1	1.0238396766443594	5.575621566303963	230.0	15	1.05	0.95				
	121	2	0.0	0.0	0.0	0.0	1	1.05	8.050747667733615	230.0	17	1.05	0.95				
	122	2	0.0	0.0	0.0	0.0	1	1.05	14.461881580338764	230.0	17	1.05	0.95				
	123	2	0.0	0.0	0.0	0.0	1	1.022634976694487	6.000631478545949	230.0	15	1.05	0.95				
	124	1	0.0	0.0	0.0	0.0	1	1.0268949697799705	3.9904494628585274	230.0	16	1.05	0.95				
	201	2	47.276562240000004	9.630410826666665	0.0	0.0	2	1.0304398307435065	-5.247179967296703	138.0	21	1.05	0.95				
	202	2	42.461356826666666	8.754918933333332	0.0	0.0	2	1.0308902123080084	-5.189012836259409	138.0	22	1.05	0.95				
	203	1	78.7942704	16.196600026666665	0.0	0.0	2	1.0188993096217638	-5.783494458845903	138.0	21	1.05	0.95				
	204	1	32.39320005333333	6.5661892	0.0	0.0	2	1.019583078876606	-7.549216022070547	138.0	21	1.05	0.95				
	205	1	31.079962213333335	6.128443253333334	0.0	0.0	2	1.0346750685868826	-7.60253546103574	138.0	21	1.05	0.95				
	206	1	59.53344874666667	12.256886506666667	0.0	-100.0	2	1.0450656843960875	-9.335164561996553	138.0	22	1.05	0.95				
	207	2	54.71824333333333	10.943648666666666	0.0	0.0	2	0.989413698190357	-15.998250999445679	138.0	22	1.05	0.95				
	208	1	74.85455688	15.321108133333333	0.0	0.0	2	0.9964207316389269	-14.021307315812855	138.0	22	1.05	0.95				
	209	1	76.60554066666667	15.758854079999999	0.0	0.0	2	1.0230397564647018	-7.6953206885542365	138.0	23	1.05	0.95				
	210	1	85.3604596	17.509837866666665	0.0	0.0	2	1.05	-8.598530688572268	138.0	23	1.05	0.95				
	211	1	0.0	0.0	0.0	0.0	2	1.004955575766025	-5.127081108933439	230.0	23	1.05	0.95				
	212	1	0.0	0.0	0.0	0.0	2	1.009466915646727	-4.648171583887011	230.0	23	1.05	0.95				
	213	2	116.00267586666666	23.638281120000002	0.0	0.0	2	0.9985841341169249	-4.344596150668178	230.0	24	1.05	0.95				
	214	2	84.92271365333333	17.072091920000002	0.0	0.0	2	1.0052530193838867	-2.6762946886726544	230.0	26	1.05	0.95				
	215	2	138.76546509333335	28.015740586666666	0.0	0.0	2	1.0268721541171377	3.4538530183198835	230.0	26	1.05	0.95				
	216	2	43.774594666666665	8.754918933333332	0.0	0.0	2	1.0284576478972614	3.400663819871204	230.0	26	1.05	0.95				
	217	1	0.0	0.0	0.0	0.0	2	1.0337078408930354	5.886290408892167	230.0	27	1.05	0.95				
	218	2	145.76940024	29.766724373333336	0.0	0.0	2	1.0351209023412802	6.321865015415668	230.0	27	1.05	0.95				
	219	1	79.23201634666667	16.196600026666665	0.0	0.0	2	1.0286141697825137	2.4716633831420567	230.0	25	1.05	0.95				
	220	1	56.03148117333333	11.381394613333333	0.0	0.0	2	1.031808833481302	2.5160874670867526	230.0	25	1.05	0.95				
	221	2	0.0	0.0	0.0	0.0	2	1.0352446068037933	6.127682738823134	230.0	27	1.05	0.95				
	222	2	0.0	0.0	0.0	0.0	2	1.05	12.530156226484193	230.0	27	1.05	0.95				
	223	2	0.0	0.0	0.0	0.0	2	1.034157189988463	2.8721807797730996	230.0	25	1.05	0.95				
	224	1	0.0	0.0	0.0	0.0	2	1.0124453477524051	-0.012893999932967254	230.0	26	1.05	0.95				
	301	2	54.34166402526316	11.069598227368422	0.0	0.0	3	1.0081548153596842	-27.220342358943313	138.0	31	1.05	0.95				
	302	2	48.80686491157895	10.063271115789474	0.0	0.0	3	1.0075181141406817	-27.371850204711503	138.0	32	1.05	0.95				
	303	1	90.56944004210527	18.617051564210527	0.0	0.0	3	1.0267849596664296	-20.08922082538266	138.0	31	1.05	0.95				
	304	1	37.234103128421054	7.547453336842105	0.0	0.0	3	1.0089461483164601	-25.740193393029777	138.0	31	1.05	0.95				
	305	1	35.72461246105263	7.0442897810526315	0.0	0.0	3	1.0224088962874824	-26.652267762076693	138.0	31	1.05	0.95				
	306	1	68.43024358736842	14.088579562105263	0.0	-100.0	3	1.0381274007988879	-26.91461502432638	138.0	32	1.05	0.95				
	307	2	62.895444473684215	12.579088894736842	0.0	0.0	3	0.9922999317535148	-32.573324523997066	138.0	32	1.05	0.95				
	308	1	86.04096804	17.61072445263158	0.0	0.0	3	0.9960231085859284	-30.239244969990683	138.0	32	1.05	0.95				
	309	1	88.05362226315789	18.113888008421053	0.0	0.0	3	1.0267316282937295	-22.35111171435631	138.0	33	1.05	0.95				
	310	1	98.11689337894737	20.12654223157895	0.0	0.0	3	1.05	-24.467081770248544	138.0	33	1.05	0.95				
	311	1	0.0	0.0	0.0	0.0	3	1.0137097381989573	-17.854726823546635	230.0	33	1.05	0.95				
	312	1	0.0	0.0	0.0	0.0	3	1.0145549633357343	-17.381566980819247	230.0	33	1.05	0.95				
	313	2	133.33834228421054	27.17083201263158	0.0	0.0	3	1.0177134988039949	-14.314191169923955	230.0	34	1.05	0.95				
	314	2	97.6137298231579	19.623378675789475	0.0	0.0	3	1.0216041232213884	-15.38156973447971	230.0	36	1.05	0.95				
	315	2	159.50284718526316	32.202467570526316	0.0	0.0	3	1.0446365919638083	-9.26863705039201	230.0	36	1.05	0.95				
	316	2	50.316355578947366	10.063271115789474	0.0	0.0	3	1.0437651657071565	-8.892459393141666	230.0	36	1.05	0.95				
	317	1	0.0	0.0	0.0	0.0	3	1.0467294202590811	-6.55654053268889	230.0	37	1.05	0.95				
	318	2	167.55346407789474	34.21512179368421	0.0	0.0	3	1.0464374720053877	-6.195170707243563	230.0	37	1.05	0.95				
	319	1	91.07260359789474	18.617051564210527	0.0	0.0	3	1.0397849194004367	-10.04372862633578	230.0	35	1.05	0.95				
	320	1	64.40493514105263	13.082252450526315	0.0	0.0	3	1.0401422748822626	-10.09283175973463	230.0	35	1.05	0.95				
	321	2	0.0	0.0	0.0	0.0	3	1.0489051597617702	-5.8166633444405855	230.0	37	1.05	0.95				
	322	2	0.0	0.0	0.0	0.0	3	1.05	-1.7655976222279728	230.0	37	1.05	0.95				
	323	2	0.0	0.0	0.0	0.0	3	1.0411894073148702	-9.744454319471002	230.0	35	1.05	0.95				
	324	1	0.0	0.0	0.0	0.0	3	1.0244048130057284	-13.293562163690133	230.0	36	1.05	0.95				
	325	1	0.0	0.0	0.0	0.0	3	1.0358775984279156	-8.2773698338292	230.0	35	1.05	0.95				
];
