%% MATPOWER Case Format : Version 2
function mpc = RTS_GMLC
mpc.version = '2';

%%-----  Power Flow Data  -----%%
%% system MVA base
mpc.baseMVA = 100.0;
%% bus data
%    bus_i    type    Pd    Qd    Gs    Bs    area    Vm    Va    baseKV    zone    Vmax    Vmin
mpc.bus = [
	101	2	42.670954989473685	8.692231571929824	0.0	0.0	1	1.0327920010931453	2.178518524432375	138.0	11	1.05	0.95				
	102	2	38.32483920350877	7.902028701754387	0.0	0.0	1	1.0318553454399173	1.904687567830641	138.0	12	1.05	0.95				
	103	1	71.11825831578948	14.618753098245612	0.0	0.0	1	1.0307938536776053	1.0992827927471605	138.0	11	1.05	0.95				
	104	1	29.237506196491225	5.926521526315788	0.0	0.0	1	1.02139158209125	-1.124086011983849	138.0	11	1.05	0.95				
	105	1	28.05220189122807	5.53142009122807	0.0	0.0	1	1.0359222341105598	-0.9519034511280904	138.0	11	1.05	0.95				
	106	1	53.73379517192982	11.06284018245614	0.0	-100.0	1	1.0460642426045303	-3.154060821892388	138.0	12	1.05	0.95				
	107	2	49.38767938596491	9.877535877192981	0.0	0.0	1	1.0000769851570275	-9.4526180446038	138.0	12	1.05	0.95				
	108	1	67.56234539999998	13.828550228070174	0.0	0.0	1	1.004704467290772	-7.699442617678256	138.0	12	1.05	0.95				
	109	1	69.14275114035088	14.223651663157893	0.0	0.0	1	1.0246019734847225	-1.995771552587373	138.0	13	1.05	0.95				
	110	1	77.04477984210526	15.804057403508773	0.0	0.0	1	1.05	-2.877190033788059	138.0	13	1.05	0.95				
	111	1	0.0	0.0	0.0	0.0	1	1.0033287761654688	-0.08108478483709537	230.0	13	1.05	0.95				
	112	1	0.0	0.0	0.0	0.0	1	1.007745703903928	-0.49147909492955516	230.0	13	1.05	0.95				
	113	3	104.70188029824561	21.335477494736843	0.0	0.0	1	0.9941063039025999	3.6758433553545696e-29	230.0	14	1.05	0.95				
	114	2	76.64967840701755	15.408955968421054	0.0	0.0	1	1.0018907868825406	2.334295731520492	230.0	16	1.05	0.95				
	115	2	125.247154922807	25.286491845614034	0.0	0.0	1	1.0403203156873202	9.106409315124893	230.0	16	1.05	0.95				
	116	2	39.510143508771925	7.902028701754387	0.0	0.0	1	1.0349798644786627	7.98922476045237	230.0	16	1.05	0.95				
	117	1	0.0	0.0	0.0	0.0	1	1.0408777443894466	12.282725110911064	230.0	17	1.05	0.95				
	118	2	131.56877788421053	26.86689758596491	0.0	0.0	1	1.0478939447263476	12.569196004218995	230.0	17	1.05	0.95				
	119	1	71.51335975087719	14.618753098245612	0.0	0.0	1	1.0241771082170472	5.3459666135005985	230.0	15	1.05	0.95				
	120	1	50.57298369122807	10.2726373122807	0.0	0.0	1	1.0187419671366098	3.791402893184817	230.0	15	1.05	0.95				
	121	2	0.0	0.0	0.0	0.0	1	1.05	13.772390768116704	230.0	17	1.05	0.95				
	122	2	0.0	0.0	0.0	0.0	1	1.05	27.489847605918442	230.0	17	1.05	0.95				
	123	2	0.0	0.0	0.0	0.0	1	1.01624025614755	3.240822867720898	230.0	15	1.05	0.95				
	124	1	0.0	0.0	0.0	0.0	1	1.026518133551671	6.108333087166554	230.0	16	1.05	0.95				
	201	2	40.69762317473685	8.290256572631579	0.0	0.0	2	1.0134468545521622	-13.323781407255941	138.0	21	1.05	0.95				
	202	2	36.55249488842106	7.536596884210528	0.0	0.0	2	1.0125492736132382	-13.602448977362322	138.0	22	1.05	0.95				
	203	1	67.82937195789475	13.942704235789474	0.0	0.0	2	1.0155209989028602	-9.625035273846965	138.0	21	1.05	0.95				
	204	1	27.88540847157895	5.652447663157894	0.0	0.0	2	1.0124322744145788	-13.279891932825235	138.0	21	1.05	0.95				
	205	1	26.75491893894737	5.275617818947369	0.0	0.0	2	1.027222587816135	-13.688483618777585	138.0	21	1.05	0.95				
	206	1	51.24885881263158	10.551235637894738	0.0	-100.0	2	1.0430534532743974	-14.379470945556529	138.0	22	1.05	0.95				
	207	2	47.10373052631579	9.42074610526316	0.0	0.0	2	0.9956711696760505	-18.83368517886682	138.0	22	1.05	0.95				
	208	1	64.43790336	13.18904454736842	0.0	0.0	2	1.0024554444836749	-17.165910734211618	138.0	22	1.05	0.95				
	209	1	65.94522273684211	13.565874391578948	0.0	0.0	2	1.0228488124587314	-11.450529302398362	138.0	23	1.05	0.95				
	210	1	73.48181962105264	15.073193768421056	0.0	0.0	2	1.05	-12.838414558386328	138.0	23	1.05	0.95				
	211	1	0.0	0.0	0.0	0.0	2	1.0045980458650259	-8.578158702736916	230.0	23	1.05	0.95				
	212	1	0.0	0.0	0.0	0.0	2	1.007121591368806	-7.806673155151601	230.0	23	1.05	0.95				
	213	2	99.85990871578949	20.348811587368424	0.0	0.0	2	0.9999779119486323	-7.1825161617167135	230.0	24	1.05	0.95				
	214	2	73.10498977684212	14.696363924210528	0.0	0.0	2	1.004881112454024	-6.106887338302451	230.0	26	1.05	0.95				
	215	2	119.45506061473685	24.117110029473686	0.0	0.0	2	1.0206929576855246	-0.18456201548516177	230.0	26	1.05	0.95				
	216	2	37.68298442105264	7.536596884210528	0.0	0.0	2	1.0220462444522382	-0.3314605865375974	230.0	26	1.05	0.95				
	217	1	0.0	0.0	0.0	0.0	2	1.0264527595620228	1.1934505859533142	230.0	27	1.05	0.95				
	218	2	125.48433812210527	25.62442940631579	0.0	0.0	2	1.0258236093088986	0.7628927292701467	230.0	27	1.05	0.95				
	219	1	68.20620180210527	13.942704235789474	0.0	0.0	2	1.0230851357501074	-0.34542637179577823	230.0	25	1.05	0.95				
	220	1	48.23422005894737	9.797575949473686	0.0	0.0	2	1.0262647920187102	0.38350447375256314	230.0	25	1.05	0.95				
	221	2	0.0	0.0	0.0	0.0	2	1.027703676908473	1.2484743595418288	230.0	27	1.05	0.95				
	222	2	0.0	0.0	0.0	0.0	2	1.049547880321752	7.7226153589349815	230.0	27	1.05	0.95				
	223	2	0.0	0.0	0.0	0.0	2	1.028515060409395	1.0728354352943388	230.0	25	1.05	0.95				
	224	1	0.0	0.0	0.0	0.0	2	1.0071532865024548	-3.737983643834658	230.0	26	1.05	0.95				
	301	2	47.20088580631579	9.614995256842105	0.0	0.0	3	1.0084638667480823	-10.463515547778153	138.0	31	1.05	0.95				
	302	2	42.393388177894735	8.74090477894737	0.0	0.0	3	1.0082437548960717	-10.631257605846779	138.0	32	1.05	0.95				
	303	1	78.66814301052631	16.17067384105263	0.0	0.0	3	1.0362692772625592	-2.6252404474374496	138.0	31	1.05	0.95				
	304	1	32.34134768210526	6.555678584210526	0.0	0.0	3	1.0120001791837618	-8.999568014689592	138.0	31	1.05	0.95				
	305	1	31.030211965263156	6.118633345263158	0.0	0.0	3	1.0237637034294784	-10.559315671048195	138.0	31	1.05	0.95				
	306	1	59.438152496842115	12.237266690526315	0.0	-100.0	3	1.0402791102811002	-11.127236248503305	138.0	32	1.05	0.95				
	307	2	54.63065486842105	10.92613097368421	0.0	0.0	3	0.9921483818973651	-15.37391001317256	138.0	32	1.05	0.95				
	308	1	74.73473586	15.296583363157893	0.0	0.0	3	0.99917814905906	-13.411880851773706	138.0	32	1.05	0.95				
	309	1	76.48291681578947	15.733628602105263	0.0	0.0	3	1.0290252757518665	-5.888691527872353	138.0	33	1.05	0.95				
	310	1	85.22382159473683	17.48180955789474	0.0	0.0	3	1.05	-9.245927410619188	138.0	33	1.05	0.95				
	311	1	0.0	0.0	0.0	0.0	3	1.0083120336336657	-4.22217414875784	230.0	33	1.05	0.95				
	312	1	0.0	0.0	0.0	0.0	3	1.0134265608075765	-3.5687454274796173	230.0	33	1.05	0.95				
	313	2	115.81698832105263	23.600442903157894	0.0	0.0	3	1.011042619253811	-1.0799213308159694	230.0	34	1.05	0.95				
	314	2	84.78677635578947	17.04476431894737	0.0	0.0	3	1.0030576584025344	-3.5045424543625745	230.0	36	1.05	0.95				
	315	2	138.54334074631578	27.97089529263158	0.0	0.0	3	1.0313339439318794	-0.025244425747473972	230.0	36	1.05	0.95				
	316	2	43.70452389473684	8.74090477894737	0.0	0.0	3	1.029402788743028	0.11179208391545967	230.0	36	1.05	0.95				
	317	1	0.0	0.0	0.0	0.0	3	1.0399885065188004	3.6805614194702163	230.0	37	1.05	0.95				
	318	2	145.53606456947367	29.719076248421057	0.0	0.0	3	1.0371396518363163	2.2482166940160497	230.0	37	1.05	0.95				
	319	1	79.10518824947368	16.17067384105263	0.0	0.0	3	1.0248046107097082	-0.2916974370134538	230.0	35	1.05	0.95				
	320	1	55.94179058526316	11.36317621263158	0.0	0.0	3	1.023786683029678	0.2119067926917912	230.0	35	1.05	0.95				
	321	2	0.0	0.0	0.0	0.0	3	1.0373197568816463	2.0786443047350596	230.0	37	1.05	0.95				
	322	2	0.0	0.0	0.0	0.0	3	1.0499999993636522	7.0204570773802795	230.0	37	1.05	0.95				
	323	2	0.0	0.0	0.0	0.0	3	1.023950244801092	0.8279504231180603	230.0	35	1.05	0.95				
	324	1	0.0	0.0	0.0	0.0	3	1.02769047336518	-1.0113663134215203	230.0	36	1.05	0.95				
	325	1	0.0	0.0	0.0	0.0	3	1.0227110477477528	1.932760874864369	230.0	35	1.05	0.95				
];
