%% MATPOWER Case Format : Version 2
function mpc = RTS_GMLC
mpc.version = '2';

%%-----  Power Flow Data  -----%%
%% system MVA base
mpc.baseMVA = 100.0;
%% bus data
%    bus_i    type    Pd    Qd    Gs    Bs    area    Vm    Va    baseKV    zone    Vmax    Vmin
mpc.bus = [
	101	2	98.51459672842105	20.06778822245614	0.0	0.0	1	1.0460630016490844	-3.5749685851913138	138.0	11	1.05	0.95				
	102	2	88.48070261719299	18.243443838596495	0.0	0.0	1	1.0458876673014088	-3.702169186795386	138.0	12	1.05	0.95				
	103	1	164.19099454736843	33.75037110140351	0.0	0.0	1	1.0218805092733734	-4.511801482827063	138.0	11	1.05	0.95				
	104	1	67.50074220280702	13.682582878947368	0.0	0.0	1	1.0221766362266067	-6.7125238789023	138.0	11	1.05	0.95				
	105	1	64.76422562701755	12.770410687017545	0.0	0.0	1	1.035574925217826	-7.250003241290238	138.0	11	1.05	0.95				
	106	1	124.05541810245614	25.54082137403509	0.0	-100.0	1	1.0341636182391252	-10.144915447067483	138.0	12	1.05	0.95				
	107	2	114.02152399122807	22.804304798245614	0.0	0.0	1	1.05	-6.053538462903749	138.0	12	1.05	0.95				
	108	1	155.98144482	31.92602671754386	0.0	0.0	1	1.0208863654428328	-9.402356155297435	138.0	12	1.05	0.95				
	109	1	159.63013358771929	32.83819890947368	0.0	0.0	1	1.0280308646783038	-6.486841843741263	138.0	13	1.05	0.95				
	110	1	177.87357742631576	36.48688767719299	0.0	0.0	1	1.05	-8.160258701948182	138.0	13	1.05	0.95				
	111	1	0.0	0.0	0.0	0.0	1	1.0196324094799454	-3.159270085239725	230.0	13	1.05	0.95				
	112	1	0.0	0.0	0.0	0.0	1	1.0200741533796107	-1.8506675790991634	230.0	13	1.05	0.95				
	113	3	241.7256308614035	49.25729836421053	0.0	0.0	1	1.0264358551590778	1.263766094516696e-30	230.0	14	1.05	0.95				
	114	2	176.96140523438598	35.574715485263155	0.0	0.0	1	1.024828586092999	-1.7821895584025198	230.0	16	1.05	0.95				
	115	2	289.15858484175436	58.37902028350877	0.0	0.0	1	1.0448152205171817	5.887456044926048	230.0	16	1.05	0.95				
	116	2	91.21721919298245	18.243443838596495	0.0	0.0	1	1.045423970018974	5.732558972942593	230.0	16	1.05	0.95				
	117	1	0.0	0.0	0.0	0.0	1	1.048193836772168	8.713137506067065	230.0	17	1.05	0.95				
	118	2	303.7533399126316	62.02770905122807	0.0	0.0	1	1.0498081472777199	9.351707756110631	230.0	17	1.05	0.95				
	119	1	165.10316673929825	33.75037110140351	0.0	0.0	1	1.0401501831368074	5.066026800595588	230.0	15	1.05	0.95				
	120	1	116.75804056701755	23.71647699017544	0.0	0.0	1	1.0430045489116146	5.767954483955725	230.0	15	1.05	0.95				
	121	2	0.0	0.0	0.0	0.0	1	1.05	10.079570401633852	230.0	17	1.05	0.95				
	122	2	0.0	0.0	0.0	0.0	1	1.05	16.05513440943959	230.0	17	1.05	0.95				
	123	2	0.0	0.0	0.0	0.0	1	1.0475739354565572	6.81675053251758	230.0	15	1.05	0.95				
	124	1	0.0	0.0	0.0	0.0	1	1.0232073095051533	2.0397764617013543	230.0	16	1.05	0.95				
	201	2	95.26711789894739	19.406264757192986	0.0	0.0	2	1.05	-9.172702617079363	138.0	21	1.05	0.95				
	202	2	85.56398552035088	17.642058870175443	0.0	0.0	2	1.05	-9.178007429391632	138.0	22	1.05	0.95				
	203	1	158.77852983157896	32.637808909824564	0.0	0.0	2	1.0272642601546214	-7.323258133079792	138.0	21	1.05	0.95				
	204	1	65.27561781964913	13.23154415263158	0.0	0.0	2	1.0217908143183487	-10.691298861335534	138.0	21	1.05	0.95				
	205	1	62.62930898912281	12.349441209122809	0.0	0.0	2	1.0387695941670418	-11.037165715944802	138.0	21	1.05	0.95				
	206	1	119.966000317193	24.698882418245617	0.0	-100.0	2	1.0369817934836367	-12.888127049494209	138.0	22	1.05	0.95				
	207	2	110.2628679385965	22.0525735877193	0.0	0.0	2	0.95	-23.64862429258649	138.0	22	1.05	0.95				
	208	1	150.83960334000002	30.87360302280702	0.0	0.0	2	0.9545892570796379	-20.33657356786649	138.0	22	1.05	0.95				
	209	1	154.3680151140351	31.755705966315794	0.0	0.0	2	1.0272400051739146	-8.399015239735318	138.0	23	1.05	0.95				
	210	1	172.01007398421055	35.28411774035089	0.0	0.0	2	1.0499228779871332	-10.190150935295216	138.0	23	1.05	0.95				
	211	1	0.0	0.0	0.0	0.0	2	1.0332664491621122	-3.6948136164262833	230.0	23	1.05	0.95				
	212	1	0.0	0.0	0.0	0.0	2	1.0284689578406219	1.2942857418240201	230.0	23	1.05	0.95				
	213	2	233.75728002982456	47.633558949473695	0.0	0.0	2	1.05	0.7602242686338052	230.0	24	1.05	0.95				
	214	2	171.12797104070177	34.40201479684211	0.0	0.0	2	1.05	-2.243222690727398	230.0	26	1.05	0.95				
	215	2	279.62663309228077	56.45458838456141	0.0	0.0	2	1.0465002210627006	5.282188365724248	230.0	26	1.05	0.95				
	216	2	88.2102943508772	17.642058870175443	0.0	0.0	2	1.05	5.2516249045906696	230.0	26	1.05	0.95				
	217	1	0.0	0.0	0.0	0.0	2	1.05	7.893543057032125	230.0	27	1.05	0.95				
	218	2	293.74028018842114	59.9830001585965	0.0	0.0	2	1.0494898581083631	8.575774696603345	230.0	27	1.05	0.95				
	219	1	159.66063277508775	32.637808909824564	0.0	0.0	2	1.0431783823648657	5.09605430056147	230.0	25	1.05	0.95				
	220	1	112.90917676912282	22.934676531228074	0.0	0.0	2	1.0454724954251982	6.6087872725954115	230.0	25	1.05	0.95				
	221	2	0.0	0.0	0.0	0.0	2	1.05	9.201706289197682	230.0	27	1.05	0.95				
	222	2	0.0	0.0	0.0	0.0	2	1.05	15.200347996946073	230.0	27	1.05	0.95				
	223	2	0.0	0.0	0.0	0.0	2	1.05	8.077046532790838	230.0	25	1.05	0.95				
	224	1	0.0	0.0	0.0	0.0	2	1.0233554882721883	0.5957345544577705	230.0	26	1.05	0.95				
	301	2	102.87503954526316	20.956026574035086	0.0	0.0	3	0.9872181506536299	-17.304909057428393	138.0	31	1.05	0.95				
	302	2	92.3970262582456	19.050933249122807	0.0	0.0	3	0.9910988453637246	-17.59760997578474	138.0	32	1.05	0.95				
	303	1	171.45839924210526	35.24422651087719	0.0	0.0	3	0.9838005840958807	-12.545196595920016	138.0	31	1.05	0.95				
	304	1	70.48845302175438	14.288199936842103	0.0	0.0	3	0.9688016907287778	-16.627735693248606	138.0	31	1.05	0.95				
	305	1	67.63081303438597	13.335653274385963	0.0	0.0	3	0.9823587068049904	-16.77889171620263	138.0	31	1.05	0.95				
	306	1	129.54634609403507	26.671306548771927	0.0	-100.0	3	0.9846371518447379	-17.519441023088074	138.0	32	1.05	0.95				
	307	2	119.06833280701754	23.813666561403508	0.0	0.0	3	0.9540911527409051	-19.612680679839965	138.0	32	1.05	0.95				
	308	1	162.88547928	33.33913318596491	0.0	0.0	3	0.95	-18.26324713802128	138.0	32	1.05	0.95				
	309	1	166.69566592982454	34.29167984842105	0.0	0.0	3	0.9862933386206406	-11.612010241063	138.0	33	1.05	0.95				
	310	1	185.74659917894735	38.10186649824561	0.0	0.0	3	1.0054003970830805	-12.935394761299193	138.0	33	1.05	0.95				
	311	1	0.0	0.0	0.0	0.0	3	0.9866159166768741	-4.006448762467814	230.0	33	1.05	0.95				
	312	1	0.0	0.0	0.0	0.0	3	0.9872350015113541	-2.5254794027743728	230.0	33	1.05	0.95				
	313	2	252.42486555087717	51.43751977263158	0.0	0.0	3	1.0134923099259148	3.646916041017899	230.0	34	1.05	0.95				
	314	2	184.7940525164912	37.14931983578948	0.0	0.0	3	1.0041971923895974	-2.822831476719819	230.0	36	1.05	0.95				
	315	2	301.9572919985964	60.96298639719298	0.0	0.0	3	1.0439308551173705	0.2388395410745917	230.0	36	1.05	0.95				
	316	2	95.25466624561403	19.050933249122807	0.0	0.0	3	1.0424240104758649	0.6541083465600978	230.0	36	1.05	0.95				
	317	1	0.0	0.0	0.0	0.0	3	1.0460623500368096	2.240108984687694	230.0	37	1.05	0.95				
	318	2	317.1980385978947	64.77317304701754	0.0	0.0	3	1.0463052629521703	2.1089584627530287	230.0	37	1.05	0.95				
	319	1	172.41094590456137	35.24422651087719	0.0	0.0	3	1.0305848416878642	0.4690873824000306	230.0	35	1.05	0.95				
	320	1	121.92597279438596	24.766213223859648	0.0	0.0	3	1.0288193454961867	1.8631521197102507	230.0	35	1.05	0.95				
	321	2	0.0	0.0	0.0	0.0	3	1.05	3.4066935075015916	230.0	37	1.05	0.95				
	322	2	0.0	0.0	0.0	0.0	3	1.05	8.72344575221728	230.0	37	1.05	0.95				
	323	2	0.0	0.0	0.0	0.0	3	1.029807824324004	2.7557957660480494	230.0	35	1.05	0.95				
	324	1	0.0	0.0	0.0	0.0	3	1.0073161046988819	-2.9491372356341587	230.0	36	1.05	0.95				
	325	1	0.0	0.0	0.0	0.0	3	1.03043690586633	3.385889396429458	230.0	35	1.05	0.95				
];

%% generator data
%    bus    Pg    Qg    Qmax    Qmin    Vg    mBase    status    Pmax    Pmin    Pc1    Pc2    Qc1min    Qc1max    Qc2min    Qc2max    ramp_agc    ramp_10    ramp_30    ramp_q    apf
