%% MATPOWER Case Format : Version 2
function mpc = RTS_GMLC
mpc.version = '2';

%%-----  Power Flow Data  -----%%
%% system MVA base
mpc.baseMVA = 100.0;
%% bus data
%    bus_i    type    Pd    Qd    Gs    Bs    area    Vm    Va    baseKV    zone    Vmax    Vmin
mpc.bus = [
	101	2	37.59426026905264	7.658090054807018	0.0	0.0	1	1.0146209211787172	-3.301814005596835	138.0	11	1.05	0.95				
	102	2	33.76521524164913	6.961900049824562	0.0	0.0	1	1.0144916360170775	-3.4947781753676614	138.0	12	1.05	0.95				
	103	1	62.657100448421055	12.879515092175438	0.0	0.0	1	1.0019426113125707	-0.1209022945500092	138.0	11	1.05	0.95				
	104	1	25.759030184350877	5.221425037368421	0.0	0.0	1	1.0055204624352814	-3.62820277100854	138.0	11	1.05	0.95				
	105	1	24.71474517687719	4.873330034877195	0.0	0.0	1	1.0192162591169287	-4.528436786071945	138.0	11	1.05	0.95				
	106	1	47.340920338807024	9.74666006975439	0.0	-100.0	1	1.0300427005796644	-5.651703690589492	138.0	12	1.05	0.95				
	107	2	43.511875311403514	8.702375062280703	0.0	0.0	1	0.9852283225397731	-9.688159017030806	138.0	12	1.05	0.95				
	108	1	59.524245426	12.183325087192982	0.0	0.0	1	0.9895374822999186	-8.350633030767861	138.0	12	1.05	0.95				
	109	1	60.916625435964924	12.531420089684211	0.0	0.0	1	1.0033078020920578	-3.125498624458328	138.0	13	1.05	0.95				
	110	1	67.87852548578948	13.923800099649124	0.0	0.0	1	1.031842635886503	-4.624068016049157	138.0	13	1.05	0.95				
	111	1	0.0	0.0	0.0	0.0	1	0.9800825795192102	-0.7488120714583822	230.0	13	1.05	0.95				
	112	1	0.0	0.0	0.0	0.0	1	0.9822418232957161	-1.4147357219256773	230.0	13	1.05	0.95				
	113	3	92.24517566017543	18.79713013452632	0.0	0.0	1	0.9614237559687733	-7.039282716263348e-30	230.0	14	1.05	0.95				
	114	2	67.53043048329826	13.575705097157897	0.0	0.0	1	0.9852028791850236	1.9009312979452275	230.0	16	1.05	0.95				
	115	2	110.3461157897193	22.2780801594386	0.0	0.0	1	0.9891201433785325	9.275644951867887	230.0	16	1.05	0.95				
	116	2	34.80950024912281	6.961900049824562	0.0	0.0	1	0.9878107923881628	8.015690432649816	230.0	16	1.05	0.95				
	117	1	0.0	0.0	0.0	0.0	1	0.9910891862336626	12.905845864253676	230.0	17	1.05	0.95				
	118	2	115.91563582957896	23.670460169403512	0.0	0.0	1	0.997201216865334	13.231600390766955	230.0	17	1.05	0.95				
	119	1	63.00519545091229	12.879515092175438	0.0	0.0	1	0.9875576818041107	4.845802760017505	230.0	15	1.05	0.95				
	120	1	44.5561603188772	9.050470064771932	0.0	0.0	1	0.991398657430834	2.7089558298540117	230.0	15	1.05	0.95				
	121	2	0.0	0.0	0.0	0.0	1	0.997697509421191	14.353968359723064	230.0	17	1.05	0.95				
	122	2	0.0	0.0	0.0	0.0	1	1.0092115729134263	30.1693251254899	230.0	17	1.05	0.95				
	123	2	0.0	0.0	0.0	0.0	1	0.9940552168630201	1.8264806968929141	230.0	15	1.05	0.95				
	124	1	0.0	0.0	0.0	0.0	1	0.9827266828317316	5.671906333791521	230.0	16	1.05	0.95				
	201	2	37.552652291368425	7.649614355649123	0.0	0.0	2	1.013097901639365	-12.421030448495301	138.0	21	1.05	0.95				
	202	2	33.72784511354386	6.95419486877193	0.0	0.0	2	1.0119062967200882	-12.655449576810016	138.0	22	1.05	0.95				
	203	1	62.58775381894738	12.865260507228072	0.0	0.0	2	0.9988758375573717	-9.190403385948368	138.0	21	1.05	0.95				
	204	1	25.730521014456144	5.215646151578947	0.0	0.0	2	1.0037352586034767	-12.185311187354687	138.0	21	1.05	0.95				
	205	1	24.68739178414035	4.867936408140352	0.0	0.0	2	1.0203370737404345	-12.552263493529928	138.0	21	1.05	0.95				
	206	1	47.28852510764913	9.735872816280704	0.0	-100.0	2	1.0325953672612955	-13.091603183923084	138.0	22	1.05	0.95				
	207	2	43.46371792982456	8.692743585964912	0.0	0.0	2	0.9728488510303255	-17.167430254043936	138.0	22	1.05	0.95				
	208	1	59.45836612800001	12.169841020350876	0.0	0.0	2	0.9837167880491444	-15.631353649992278	138.0	22	1.05	0.95				
	209	1	60.849205101754386	12.517550763789473	0.0	0.0	2	1.0066978440523622	-10.312780361776756	138.0	23	1.05	0.95				
	210	1	67.80339997052631	13.90838973754386	0.0	0.0	2	1.035648792758113	-11.53843956708432	138.0	23	1.05	0.95				
	211	1	0.0	0.0	0.0	0.0	2	0.9855265830181883	-7.967925732916927	230.0	23	1.05	0.95				
	212	1	0.0	0.0	0.0	0.0	2	0.9884815556331518	-6.002424260484742	230.0	23	1.05	0.95				
	213	2	92.14308201122807	18.776326145684212	0.0	0.0	2	0.981632312160222	-6.490003345717736	230.0	24	1.05	0.95				
	214	2	67.45569022708771	13.560679994105266	0.0	0.0	2	0.9789249835014088	-6.131713428976146	230.0	26	1.05	0.95				
	215	2	110.22398867003508	22.253423580070177	0.0	0.0	2	0.9895694130896422	-0.5058186038074376	230.0	26	1.05	0.95				
	216	2	34.77097434385965	6.95419486877193	0.0	0.0	2	0.9876096406768198	-1.2785501372860153	230.0	26	1.05	0.95				
	217	1	0.0	0.0	0.0	0.0	2	0.9971395065202546	0.271527771798222	230.0	27	1.05	0.95				
	218	2	115.78734456505263	23.644262553824564	0.0	0.0	2	0.9981307835253718	-0.036894240535544076	230.0	27	1.05	0.95				
	219	1	62.935463562385976	12.865260507228072	0.0	0.0	2	0.9840674322224823	-1.3712878445304901	230.0	25	1.05	0.95				
	220	1	44.50684716014035	9.04045332940351	0.0	0.0	2	0.9831609822579926	-0.7114010578963961	230.0	25	1.05	0.95				
	221	2	0.0	0.0	0.0	0.0	2	1.0002186633127854	0.5490907740788101	230.0	27	1.05	0.95				
	222	2	0.0	0.0	0.0	0.0	2	1.0184510652035121	6.61562679393952	230.0	27	1.05	0.95				
	223	2	0.0	0.0	0.0	0.0	2	0.9831275459333877	-0.05404464531123628	230.0	25	1.05	0.95				
	224	1	0.0	0.0	0.0	0.0	2	0.9826303967855912	-3.825096739932376	230.0	26	1.05	0.95				
	301	2	42.22967415157895	8.602341030877191	0.0	0.0	3	1.0114254983423059	21.340929538598314	138.0	31	1.05	0.95				
	302	2	37.92850363614034	7.820310028070175	0.0	0.0	3	1.0119338612520743	20.948293136486058	138.0	32	1.05	0.95				
	303	1	70.38279025263157	14.46757355192982	0.0	0.0	3	1.0202377435832473	35.31518983067859	138.0	31	1.05	0.95				
	304	1	28.93514710385964	5.86523252105263	0.0	0.0	3	0.9997884221281678	21.43768260852937	138.0	31	1.05	0.95				
	305	1	27.76210059964912	5.474217019649123	0.0	0.0	3	1.019529469545642	20.284584599968476	138.0	31	1.05	0.95				
	306	1	53.1781081908772	10.948434039298245	0.0	-100.0	3	1.032232133042185	19.177995315988625	138.0	32	1.05	0.95				
	307	2	48.87693767543859	9.775387535087718	0.0	0.0	3	0.965548064222494	15.7698221174936	138.0	32	1.05	0.95				
	308	1	66.86365074	13.685542549122804	0.0	0.0	3	0.9788914456209492	17.50383390453795	138.0	32	1.05	0.95				
	309	1	68.42771274561402	14.076558050526314	0.0	0.0	3	1.001226658282155	23.52271402642387	138.0	33	1.05	0.95				
	310	1	76.2480227736842	15.64062005614035	0.0	0.0	3	1.0369438560884268	20.50240312852417	138.0	33	1.05	0.95				
	311	1	0.0	0.0	0.0	0.0	3	0.9882004885127498	23.119930389114014	230.0	33	1.05	0.95				
	312	1	0.0	0.0	0.0	0.0	3	0.9967084759303696	22.995348391256087	230.0	33	1.05	0.95				
	313	2	103.6191078719298	21.114837075789474	0.0	0.0	3	0.9921226610985059	23.918264552425185	230.0	34	1.05	0.95				
	314	2	75.85700727228068	15.24960455473684	0.0	0.0	3	0.9748473153155782	23.653917821394046	230.0	36	1.05	0.95				
	315	2	123.95191394491225	25.02499208982456	0.0	0.0	3	0.9874907056424247	22.954385463834832	230.0	36	1.05	0.95				
	316	2	39.101550140350874	7.820310028070175	0.0	0.0	3	0.9728824281461638	22.730727448432564	230.0	36	1.05	0.95				
	317	1	0.0	0.0	0.0	0.0	3	0.992864470393859	23.46679882286702	230.0	37	1.05	0.95				
	318	2	130.2081619673684	26.5890540954386	0.0	0.0	3	0.9935452982906026	20.9313311203204	230.0	37	1.05	0.95				
	319	1	70.77380575403508	14.46757355192982	0.0	0.0	3	0.9815110372183166	22.584577748191265	230.0	35	1.05	0.95				
	320	1	50.04998417964912	10.166403036491227	0.0	0.0	3	0.9886854947135402	21.875797961750255	230.0	35	1.05	0.95				
	321	2	0.0	0.0	0.0	0.0	3	0.999962063157342	22.15507419199501	230.0	37	1.05	0.95				
	322	2	0.0	0.0	0.0	0.0	3	1.016465342498182	26.649900630841973	230.0	37	1.05	0.95				
	323	2	0.0	0.0	0.0	0.0	3	0.9925004383137803	21.55410168756491	230.0	35	1.05	0.95				
	324	1	0.0	0.0	0.0	0.0	3	0.9982099256057833	29.237100641024636	230.0	36	1.05	0.95				
	325	1	0.0	0.0	0.0	0.0	3	0.9943510809027583	20.947590768229656	230.0	35	1.05	0.95				
];
