%% MATPOWER Case Format : Version 2
function mpc = RTS_GMLC
mpc.version = '2';

%%-----  Power Flow Data  -----%%
%% system MVA base
mpc.baseMVA = 100.0;
%% bus data
%    bus_i    type    Pd    Qd    Gs    Bs    area    Vm    Va    baseKV    zone    Vmax    Vmin
mpc.bus = [
	101	2	56.89905987789474	11.590549234385964	0.0	0.0	1	1.029321515272375	-0.5454431494048673	138.0	11	1.05	0.95				
	102	2	51.10378526070175	10.536862940350877	0.0	0.0	1	1.0283078622410957	-0.8614593170978985	138.0	12	1.05	0.95				
	103	1	94.83176646315789	19.493196439649125	0.0	0.0	1	1.0246506063338021	0.3320777186052424	138.0	11	1.05	0.95				
	104	1	38.98639287929825	7.902647205263158	0.0	0.0	1	1.0173062629021803	-3.484032284619552	138.0	11	1.05	0.95				
	105	1	37.40586343824561	7.375804058245615	0.0	0.0	1	1.0325647640523798	-3.5205268764488493	138.0	11	1.05	0.95				
	106	1	71.65066799438597	14.75160811649123	0.0	-100.0	1	1.0416498242275636	-5.747278866555475	138.0	12	1.05	0.95				
	107	2	65.85539337719298	13.171078675438597	0.0	0.0	1	0.9981272199893247	-12.835365624180845	138.0	12	1.05	0.95				
	108	1	90.09017814	18.439510145614037	0.0	0.0	1	0.9985732906951256	-10.798878685084347	138.0	12	1.05	0.95				
	109	1	92.19755072807018	18.96635329263158	0.0	0.0	1	1.0243341012127807	-3.4795612616340907	138.0	13	1.05	0.95				
	110	1	102.73441366842104	21.073725880701755	0.0	0.0	1	1.05	-4.860843497423453	138.0	13	1.05	0.95				
	111	1	0.0	0.0	0.0	0.0	1	1.0112076224412796	-0.49505439664041584	230.0	13	1.05	0.95				
	112	1	0.0	0.0	0.0	0.0	1	1.0132282007076583	-0.8348605046068234	230.0	13	1.05	0.95				
	113	3	139.61343395964911	28.44952993894737	0.0	0.0	1	1.0069920438318127	2.2777249927339536e-30	230.0	14	1.05	0.95				
	114	2	102.2075705214035	20.54688273368421	0.0	0.0	1	1.01775764997102	2.794841839516237	230.0	16	1.05	0.95				
	115	2	167.00927760456142	33.71796140912281	0.0	0.0	1	1.0405052235447905	12.06137961798757	230.0	16	1.05	0.95				
	116	2	52.68431470175439	10.536862940350877	0.0	0.0	1	1.0369226403177103	10.620847151438618	230.0	16	1.05	0.95				
	117	1	0.0	0.0	0.0	0.0	1	1.040614302039709	16.128026387436766	230.0	17	1.05	0.95				
	118	2	175.4387679568421	35.825333997192985	0.0	0.0	1	1.05	16.647656593323553	230.0	17	1.05	0.95				
	119	1	95.35860961017544	19.493196439649125	0.0	0.0	1	1.0303999543924383	7.498073840658042	230.0	15	1.05	0.95				
	120	1	67.43592281824561	13.697921822456141	0.0	0.0	1	1.0306745041759373	5.785901715290848	230.0	15	1.05	0.95				
	121	2	0.0	0.0	0.0	0.0	1	1.05	18.394681868043712	230.0	17	1.05	0.95				
	122	2	0.0	0.0	0.0	0.0	1	1.05	34.58079994588645	230.0	17	1.05	0.95				
	123	2	0.0	0.0	0.0	0.0	1	1.03191666057115	5.243775406261974	230.0	15	1.05	0.95				
	124	1	0.0	0.0	0.0	0.0	1	1.0198985704167054	7.688502611259475	230.0	16	1.05	0.95				
	201	2	57.61246653473685	11.73587281263158	0.0	0.0	2	1.022661524588119	-13.55215770721424	138.0	21	1.05	0.95				
	202	2	51.744530128421054	10.668975284210527	0.0	0.0	2	1.0237097834037863	-13.367432419288816	138.0	22	1.05	0.95				
	203	1	96.02077755789475	19.737604275789476	0.0	0.0	2	1.0154893011356052	-11.961239951659742	138.0	21	1.05	0.95				
	204	1	39.47520855157895	8.001731463157896	0.0	0.0	2	1.0151260150113715	-14.698174502233867	138.0	21	1.05	0.95				
	205	1	37.87486225894737	7.468282698947369	0.0	0.0	2	1.0296921025581502	-15.074467080593829	138.0	21	1.05	0.95				
	206	1	72.54903193263159	14.936565397894737	0.0	-100.0	2	1.0409676609718796	-16.397495775477456	138.0	22	1.05	0.95				
	207	2	66.68109552631579	13.336219105263158	0.0	0.0	2	0.9891473320093033	-24.04642824873032	138.0	22	1.05	0.95				
	208	1	91.21973868	18.67070674736842	0.0	0.0	2	0.9922503120168986	-21.54038616811744	138.0	22	1.05	0.95				
	209	1	93.35353373684211	19.204155511578946	0.0	0.0	2	1.0239413543797669	-13.596066544346614	138.0	23	1.05	0.95				
	210	1	104.02250902105263	21.337950568421054	0.0	0.0	2	1.05	-14.905607171416829	138.0	23	1.05	0.95				
	211	1	0.0	0.0	0.0	0.0	2	1.012622782596187	-10.103932212443327	230.0	23	1.05	0.95				
	212	1	0.0	0.0	0.0	0.0	2	1.0134079867930699	-8.61332738821457	230.0	23	1.05	0.95				
	213	2	141.36392251578945	28.806233267368427	0.0	0.0	2	1.014905726234583	-8.086369884700389	230.0	24	1.05	0.95				
	214	2	103.48906025684211	20.804501804210528	0.0	0.0	2	1.0163326924438734	-7.686689824139952	230.0	26	1.05	0.95				
	215	2	169.10325825473683	34.140720909473686	0.0	0.0	2	1.0310204330410613	-1.2259830886973482	230.0	26	1.05	0.95				
	216	2	53.34487642105263	10.668975284210527	0.0	0.0	2	1.0340476672114407	-1.0255302029744218	230.0	26	1.05	0.95				
	217	1	0.0	0.0	0.0	0.0	2	1.0359358013001447	0.6058346181324373	230.0	27	1.05	0.95				
	218	2	177.63843848210527	36.274515966315796	0.0	0.0	2	1.0344788578700286	-0.21469601137371183	230.0	27	1.05	0.95				
	219	1	96.55422632210528	19.737604275789476	0.0	0.0	2	1.0371440578522892	-0.09103058365828234	230.0	25	1.05	0.95				
	220	1	68.28144181894737	13.869667869473684	0.0	0.0	2	1.044303972815177	1.7248645494669843	230.0	25	1.05	0.95				
	221	2	0.0	0.0	0.0	0.0	2	1.035917264452848	0.26102817190718447	230.0	27	1.05	0.95				
	222	2	0.0	0.0	0.0	0.0	2	1.05	6.895146573518305	230.0	27	1.05	0.95				
	223	2	0.0	0.0	0.0	0.0	2	1.05	3.1027679844567215	230.0	25	1.05	0.95				
	224	1	0.0	0.0	0.0	0.0	2	1.0119380510887992	-5.227262956413292	230.0	26	1.05	0.95				
	301	2	51.300854147368426	10.450173992982455	0.0	0.0	3	1.0147960341109232	5.893520561057709	138.0	31	1.05	0.95				
	302	2	46.07576715087719	9.500158175438596	0.0	0.0	3	1.0134770670775957	5.5614587752096165	138.0	32	1.05	0.95				
	303	1	85.50142357894737	17.5752926245614	0.0	0.0	3	1.05	19.170006803682647	138.0	31	1.05	0.95				
	304	1	35.1505852491228	7.125118631578946	0.0	0.0	3	1.0112447258815416	6.750750793354262	138.0	31	1.05	0.95				
	305	1	33.72556152280701	6.6501107228070175	0.0	0.0	3	1.0265424673616421	4.955564153483779	138.0	31	1.05	0.95				
	306	1	64.60107559298245	13.300221445614035	0.0	-100.0	3	1.0403796059778059	3.870001388489332	138.0	32	1.05	0.95				
	307	2	59.375988596491226	11.875197719298244	0.0	0.0	3	0.9901056579553678	-1.0218932218468861	138.0	32	1.05	0.95				
	308	1	81.2263524	16.625276807017542	0.0	0.0	3	0.9952411486857172	1.1628780132627965	138.0	32	1.05	0.95				
	309	1	83.12638403508771	17.10028471578947	0.0	0.0	3	1.0243813893005869	9.678311510447863	138.0	33	1.05	0.95				
	310	1	92.62654221052631	19.000316350877192	0.0	0.0	3	1.05	5.541513838723723	138.0	33	1.05	0.95				
	311	1	0.0	0.0	0.0	0.0	3	1.0108360410356891	10.51395867252958	230.0	33	1.05	0.95				
	312	1	0.0	0.0	0.0	0.0	3	1.0138352601701885	10.715756409983952	230.0	33	1.05	0.95				
	313	2	125.8770958245614	25.650427073684213	0.0	0.0	3	1.0116994893651785	12.938141308517283	230.0	34	1.05	0.95				
	314	2	92.15153430175438	18.525308442105263	0.0	0.0	3	1.0104946254756078	11.388456985251693	230.0	36	1.05	0.95				
	315	2	150.57750708070174	30.400506161403506	0.0	0.0	3	1.0421958901706363	15.764838283961437	230.0	36	1.05	0.95				
	316	2	47.500790877192976	9.500158175438596	0.0	0.0	3	1.0363274850838253	15.467131756348568	230.0	36	1.05	0.95				
	317	1	0.0	0.0	0.0	0.0	3	1.05	20.541779432075632	230.0	37	1.05	0.95				
	318	2	158.17763362105262	32.30053779649123	0.0	0.0	3	1.0461110510790577	17.50685395771207	230.0	37	1.05	0.95				
	319	1	85.9764314877193	17.5752926245614	0.0	0.0	3	1.027612318852714	13.90550647066028	230.0	35	1.05	0.95				
	320	1	60.80101232280701	12.350205628070174	0.0	0.0	3	1.0238390325115931	13.457913035928284	230.0	35	1.05	0.95				
	321	2	0.0	0.0	0.0	0.0	3	1.0457390031919707	17.58411955947201	230.0	37	1.05	0.95				
	322	2	0.0	0.0	0.0	0.0	3	1.05	23.087985359325614	230.0	37	1.05	0.95				
	323	2	0.0	0.0	0.0	0.0	3	1.0224957977982847	13.57845769729893	230.0	35	1.05	0.95				
	324	1	0.0	0.0	0.0	0.0	3	1.042235785726082	17.069027535260886	230.0	36	1.05	0.95				
	325	1	0.0	0.0	0.0	0.0	3	1.024539855431005	14.004247434747443	230.0	35	1.05	0.95				
];
