%% MATPOWER Case Format : Version 2
function mpc = RTS_GMLC
mpc.version = '2';

%%-----  Power Flow Data  -----%%
%% system MVA base
mpc.baseMVA = 100.0;
%% bus data
%    bus_i    type    Pd    Qd    Gs    Bs    area    Vm    Va    baseKV    zone    Vmax    Vmin
mpc.bus = [
	101	2	58.876298867368426	11.993320139649123	0.0	0.0	1	1.0494448485764318	-4.753294569086393	138.0	11	1.05	0.95				
	102	2	52.87963879754386	10.90301830877193	0.0	0.0	1	1.0468705415953947	-5.098673083054104	138.0	12	1.05	0.95				
	103	1	98.12716477894737	20.17058387122807	0.0	0.0	1	1.0118469852233292	1.3712724530887699	138.0	11	1.05	0.95				
	104	1	40.34116774245614	8.177263731578947	0.0	0.0	1	1.0245817912262376	-5.124588250920926	138.0	11	1.05	0.95				
	105	1	38.70571499614035	7.632112816140352	0.0	0.0	1	1.0432601988428136	-6.310743539139446	138.0	11	1.05	0.95				
	106	1	74.14052449964913	15.264225632280704	0.0	-100.0	1	1.0464054325084446	-7.803561609630123	138.0	12	1.05	0.95				
	107	2	68.14386442982456	13.628772885964914	0.0	0.0	1	1.0078742992137846	-13.264844221036826	138.0	12	1.05	0.95				
	108	1	93.22080654	19.080282040350877	0.0	0.0	1	1.002509766529245	-11.499534435660964	138.0	12	1.05	0.95				
	109	1	95.40141020175439	19.625432955789474	0.0	0.0	1	1.0176310593523847	-3.9027765756557815	138.0	13	1.05	0.95				
	110	1	106.30442851052631	21.80603661754386	0.0	0.0	1	1.05	-6.201817015777153	138.0	13	1.05	0.95				
	111	1	0.0	0.0	0.0	0.0	1	0.9984243202196852	-0.35373075008290833	230.0	13	1.05	0.95				
	112	1	0.0	0.0	0.0	0.0	1	1.0033202448107548	-1.5561095488024743	230.0	13	1.05	0.95				
	113	3	144.46499259122808	29.438149433684213	0.0	0.0	1	1.0029224239733614	-2.45828356653364e-31	230.0	14	1.05	0.95				
	114	2	105.75927759508772	21.260885702105263	0.0	0.0	1	0.9925102106867589	4.233426769866649	230.0	16	1.05	0.95				
	115	2	172.8128401940351	34.889658588070176	0.0	0.0	1	1.0036759146976666	16.7936041005501	230.0	16	1.05	0.95				
	116	2	54.515091543859654	10.90301830877193	0.0	0.0	1	0.9961551630148676	14.367389908818058	230.0	16	1.05	0.95				
	117	1	0.0	0.0	0.0	0.0	1	1.0017269095851697	21.858413232166523	230.0	17	1.05	0.95				
	118	2	181.53525484105265	37.070262249824566	0.0	0.0	1	1.0106645294271943	23.16029730216935	230.0	17	1.05	0.95				
	119	1	98.67231569438597	20.17058387122807	0.0	0.0	1	0.9881904230923326	9.10680570962931	230.0	15	1.05	0.95				
	120	1	69.77931717614035	14.17392380140351	0.0	0.0	1	0.9912652915612538	5.352944008055095	230.0	15	1.05	0.95				
	121	2	0.0	0.0	0.0	0.0	1	1.0240600241856743	25.376054002737515	230.0	17	1.05	0.95				
	122	2	0.0	0.0	0.0	0.0	1	1.05	41.56639463797929	230.0	17	1.05	0.95				
	123	2	0.0	0.0	0.0	0.0	1	0.9953429407791893	3.7441387166470843	230.0	15	1.05	0.95				
	124	1	0.0	0.0	0.0	0.0	1	0.987269226555805	10.91922590892363	230.0	16	1.05	0.95				
	201	2	52.9035101431579	10.77664095508772	0.0	0.0	2	1.008821742632739	-14.405280924775395	138.0	21	1.05	0.95				
	202	2	47.51518966561404	9.796946322807019	0.0	0.0	2	1.0080635334363115	-14.65827694205072	138.0	22	1.05	0.95				
	203	1	88.17251690526317	18.124350697192984	0.0	0.0	2	1.014115537402866	-11.151285628874573	138.0	21	1.05	0.95				
	204	1	36.24870139438597	7.347709742105264	0.0	0.0	2	1.0091261331653347	-13.779373612470067	138.0	21	1.05	0.95				
	205	1	34.779159445964915	6.857862425964914	0.0	0.0	2	1.0230867312086078	-14.183682565538996	138.0	21	1.05	0.95				
	206	1	66.61923499508772	13.715724851929828	0.0	-100.0	2	1.038686129026312	-14.643505251895812	138.0	22	1.05	0.95				
	207	2	61.230914517543866	12.246182903508773	0.0	0.0	2	0.9915649346236889	-20.615959738938226	138.0	22	1.05	0.95				
	208	1	83.76389106	17.14465606491228	0.0	0.0	2	0.9959074922687366	-18.352965103699965	138.0	22	1.05	0.95				
	209	1	85.72328032456142	17.63450338105263	0.0	0.0	2	1.0252751123983326	-11.045731132599574	138.0	23	1.05	0.95				
	210	1	95.52022664736843	19.593892645614037	0.0	0.0	2	1.05	-12.386317461897587	138.0	23	1.05	0.95				
	211	1	0.0	0.0	0.0	0.0	2	1.0088546483124945	-8.03310090460318	230.0	23	1.05	0.95				
	212	1	0.0	0.0	0.0	0.0	2	1.0194780923316702	-3.7189435416926884	230.0	23	1.05	0.95				
	213	2	129.80953877719298	26.45175507157895	0.0	0.0	2	1.0145344630721063	-5.486313136309699	230.0	24	1.05	0.95				
	214	2	95.03037933122808	19.10404532947369	0.0	0.0	2	1.003680252802255	-6.4931700415217195	230.0	26	1.05	0.95				
	215	2	155.28159921649126	31.35022823298246	0.0	0.0	2	1.02141123804786	-0.8548618245152478	230.0	26	1.05	0.95				
	216	2	48.98473161403509	9.796946322807019	0.0	0.0	2	1.02246516202912	-1.3281272673005822	230.0	26	1.05	0.95				
	217	1	0.0	0.0	0.0	0.0	2	1.021442927440512	0.3463464783736614	230.0	27	1.05	0.95				
	218	2	163.11915627473687	33.30961749754386	0.0	0.0	2	1.0210593857157924	-0.2437206522297684	230.0	27	1.05	0.95				
	219	1	88.66236422140352	18.124350697192984	0.0	0.0	2	1.0311908954187006	-0.8404875806121784	230.0	25	1.05	0.95				
	220	1	62.70045646596492	12.736030219649125	0.0	0.0	2	1.042503763483306	0.5136415067322896	230.0	25	1.05	0.95				
	221	2	0.0	0.0	0.0	0.0	2	1.0246553916425367	0.3653972312152349	230.0	27	1.05	0.95				
	222	2	0.0	0.0	0.0	0.0	2	1.0455284846072836	6.904906425473818	230.0	27	1.05	0.95				
	223	2	0.0	0.0	0.0	0.0	2	1.05	1.6042140742316693	230.0	25	1.05	0.95				
	224	1	0.0	0.0	0.0	0.0	2	1.00606362621881	-4.723116719457347	230.0	26	1.05	0.95				
	301	2	53.70958557473685	10.940841505964913	0.0	0.0	3	1.0047761685829844	27.373481849858827	138.0	31	1.05	0.95				
	302	2	48.239164821754386	9.946219550877194	0.0	0.0	3	1.0043053136217432	27.170946214324154	138.0	32	1.05	0.95				
	303	1	89.51597595789474	18.400506169122806	0.0	0.0	3	1.0425890368516626	35.352508077374715	138.0	31	1.05	0.95				
	304	1	36.80101233824561	7.459664663157895	0.0	0.0	3	1.0084186181335806	28.481695400694946	138.0	31	1.05	0.95				
	305	1	35.309079405614035	6.962353685614037	0.0	0.0	3	1.020864441527686	27.69819342841185	138.0	31	1.05	0.95				
	306	1	67.63429294596493	13.924707371228074	0.0	-100.0	3	1.0375347618995365	27.298154506613432	138.0	32	1.05	0.95				
	307	2	62.16387219298246	12.432774438596491	0.0	0.0	3	0.9760334721927554	24.257156025022233	138.0	32	1.05	0.95				
	308	1	85.04017716	17.405884214035087	0.0	0.0	3	0.9936252514530564	26.396468535735924	138.0	32	1.05	0.95				
	309	1	87.02942107017545	17.903195191578945	0.0	0.0	3	1.0277991283534795	31.58340918740012	138.0	33	1.05	0.95				
	310	1	96.97564062105263	19.892439101754388	0.0	0.0	3	1.05	29.623658240062895	138.0	33	1.05	0.95				
	311	1	0.0	0.0	0.0	0.0	3	1.0102214862942185	33.58840710942974	230.0	33	1.05	0.95				
	312	1	0.0	0.0	0.0	0.0	3	1.0157647374048862	34.279646691811365	230.0	33	1.05	0.95				
	313	2	131.7874090491228	26.854792787368424	0.0	0.0	3	1.0149429482751098	37.87868110258826	230.0	34	1.05	0.95				
	314	2	96.47832964350877	19.39512812421053	0.0	0.0	3	1.005701972114132	32.895456511400745	230.0	36	1.05	0.95				
	315	2	157.64757988140352	31.82790256280702	0.0	0.0	3	1.0415779074062936	30.20787219173767	230.0	36	1.05	0.95				
	316	2	49.731097754385964	9.946219550877194	0.0	0.0	3	1.0349302155857827	30.791305230989643	230.0	36	1.05	0.95				
	317	1	0.0	0.0	0.0	0.0	3	1.05	31.941009129964876	230.0	37	1.05	0.95				
	318	2	165.60455552210527	33.817146472982465	0.0	0.0	3	1.048663654814173	28.443862427927392	230.0	37	1.05	0.95				
	319	1	90.01328693543861	18.400506169122806	0.0	0.0	3	1.0276180798294028	31.593405284519978	230.0	35	1.05	0.95				
	320	1	63.65580512561404	12.930085416140352	0.0	0.0	3	1.0228015897211926	32.315667298219395	230.0	35	1.05	0.95				
	321	2	0.0	0.0	0.0	0.0	3	1.05	29.675228482812344	230.0	37	1.05	0.95				
	322	2	0.0	0.0	0.0	0.0	3	1.05	34.912655313282066	230.0	37	1.05	0.95				
	323	2	0.0	0.0	0.0	0.0	3	1.0196115449876464	32.469423476123865	230.0	35	1.05	0.95				
	324	1	0.0	0.0	0.0	0.0	3	1.0418240035340465	34.0083316824114	230.0	36	1.05	0.95				
	325	1	0.0	0.0	0.0	0.0	3	1.0214377868171658	31.87196051536038	230.0	35	1.05	0.95				
];
