%% MATPOWER Case Format : Version 2
function mpc = RTS_GMLC
mpc.version = '2';

%%-----  Power Flow Data  -----%%
%% system MVA base
mpc.baseMVA = 100.0;
%% bus data
%    bus_i    type    Pd    Qd    Gs    Bs    area    Vm    Va    baseKV    zone    Vmax    Vmin
mpc.bus = [
	101	2	45.035625941052636	9.17392380280702	0.0	0.0	1	1.0131480597337947	-5.323152215768891	138.0	11	1.05	0.95				
	102	2	40.448664039649124	8.339930729824562	0.0	0.0	1	1.012910130735369	-5.5122143212332535	138.0	12	1.05	0.95				
	103	1	75.05937656842106	15.428871850175438	0.0	0.0	1	1.0025036236463682	-2.377607809635525	138.0	11	1.05	0.95				
	104	1	30.857743700350877	6.254948047368421	0.0	0.0	1	1.0037163804924352	-5.449196955015296	138.0	11	1.05	0.95				
	105	1	29.606754090877192	5.837951510877193	0.0	0.0	1	1.0166174402890582	-6.433827444520463	138.0	11	1.05	0.95				
	106	1	56.71152896280702	11.675903021754387	0.0	-100.0	1	1.0262929584035214	-7.549629691698581	138.0	12	1.05	0.95				
	107	2	52.12456706140352	10.424913412280702	0.0	0.0	1	0.9857153507423319	-9.405087910583482	138.0	12	1.05	0.95				
	108	1	71.30640774	14.594878777192982	0.0	0.0	1	0.9879982893360003	-9.0852173759717	138.0	12	1.05	0.95				
	109	1	72.97439388596491	15.011875313684211	0.0	0.0	1	1.0031926773931013	-4.640268114415474	138.0	13	1.05	0.95				
	110	1	81.31432461578947	16.679861459649125	0.0	0.0	1	1.0300194211167544	-6.1833145614458145	138.0	13	1.05	0.95				
	111	1	0.0	0.0	0.0	0.0	1	0.9817191089502666	-2.0467147550093974	230.0	13	1.05	0.95				
	112	1	0.0	0.0	0.0	0.0	1	0.9825594423821812	-2.166265361343401	230.0	13	1.05	0.95				
	113	3	110.50408217017545	22.517812970526318	0.0	0.0	1	0.9651384207396396	3.510986393112106e-30	230.0	14	1.05	0.95				
	114	2	80.89732807929825	16.262864923157895	0.0	0.0	1	0.9882289340135844	-0.2947015247243691	230.0	16	1.05	0.95				
	115	2	132.1879020677193	26.6877783354386	0.0	0.0	1	0.9949522671697191	5.989645190998054	230.0	16	1.05	0.95				
	116	2	41.69965364912281	8.339930729824562	0.0	0.0	1	0.9946152670558245	4.983202079450144	230.0	16	1.05	0.95				
	117	1	0.0	0.0	0.0	0.0	1	1.0016957924661916	8.726861145747282	230.0	17	1.05	0.95				
	118	2	138.85984665157895	28.35576448140351	0.0	0.0	1	1.0044066821080355	9.339513368743045	230.0	17	1.05	0.95				
	119	1	75.47637310491228	15.428871850175438	0.0	0.0	1	0.9929327338015707	2.9011238622422733	230.0	15	1.05	0.95				
	120	1	53.3755566708772	10.84190994877193	0.0	0.0	1	0.9947191184964536	1.691141695328789	230.0	15	1.05	0.95				
	121	2	0.0	0.0	0.0	0.0	1	1.0042534419903988	10.788332116814583	230.0	17	1.05	0.95				
	122	2	0.0	0.0	0.0	0.0	1	1.0249566593940125	19.049292923469746	230.0	17	1.05	0.95				
	123	2	0.0	0.0	0.0	0.0	1	0.9963041381210019	1.367421703410541	230.0	15	1.05	0.95				
	124	1	0.0	0.0	0.0	0.0	1	0.9876343393555844	2.79761045239939	230.0	16	1.05	0.95				
	201	2	40.83362192842106	8.317960022456141	0.0	0.0	2	1.0125334229438554	-6.670973313347405	138.0	21	1.05	0.95				
	202	2	36.674641917192986	7.561781838596493	0.0	0.0	2	1.0112802434590584	-6.854793146889011	138.0	22	1.05	0.95				
	203	1	68.05603654736842	13.989296401403509	0.0	0.0	2	0.9979230506343386	-5.249549435211615	138.0	21	1.05	0.95				
	204	1	27.978592802807018	5.671336378947369	0.0	0.0	2	1.0029131335409558	-6.12251068938777	138.0	21	1.05	0.95				
	205	1	26.844325527017542	5.293247287017545	0.0	0.0	2	1.0190196517920458	-6.33445723374197	138.0	21	1.05	0.95				
	206	1	51.420116502456146	10.58649457403509	0.0	-100.0	2	1.0308202660421775	-6.633867785960654	138.0	22	1.05	0.95				
	207	2	47.26113649122807	9.452227298245615	0.0	0.0	2	0.973398578419769	-11.203064712359142	138.0	22	1.05	0.95				
	208	1	64.65323472000001	13.23311821754386	0.0	0.0	2	0.9826979714323567	-9.492713014026473	138.0	22	1.05	0.95				
	209	1	66.1655910877193	13.611207309473686	0.0	0.0	2	1.0070589090613695	-3.908338157484954	138.0	23	1.05	0.95				
	210	1	73.7273729263158	15.123563677192987	0.0	0.0	2	1.0346920649606515	-4.7459576831895	138.0	23	1.05	0.95				
	211	1	0.0	0.0	0.0	0.0	2	0.986382431265303	-1.4942033824944034	230.0	23	1.05	0.95				
	212	1	0.0	0.0	0.0	0.0	2	0.9877057650523922	2.751692540639252	230.0	23	1.05	0.95				
	213	2	100.19360936140352	20.41681096421053	0.0	0.0	2	0.9813438824602142	1.0567445604633343	230.0	24	1.05	0.95				
	214	2	73.34928383438597	14.74547458526316	0.0	0.0	2	0.9818136359186426	-0.7378220061897991	230.0	26	1.05	0.95				
	215	2	119.8542421417544	24.197701883508774	0.0	0.0	2	0.9909673954797426	2.8878817073265894	230.0	26	1.05	0.95				
	216	2	37.80890919298246	7.561781838596493	0.0	0.0	2	0.9885199051815344	2.8237983028268396	230.0	26	1.05	0.95				
	217	1	0.0	0.0	0.0	0.0	2	0.9985131506212428	3.3353827300887064	230.0	27	1.05	0.95				
	218	2	125.90366761263158	25.710058251228073	0.0	0.0	2	0.9993540155049292	3.081864869344502	230.0	27	1.05	0.95				
	219	1	68.43412563929824	13.989296401403509	0.0	0.0	2	0.9816941191786824	4.186075448521225	230.0	25	1.05	0.95				
	220	1	48.39540376701755	9.830316390175438	0.0	0.0	2	0.9789774964897311	6.19045797372341	230.0	25	1.05	0.95				
	221	2	0.0	0.0	0.0	0.0	2	1.0015640873455973	3.7905529869826786	230.0	27	1.05	0.95				
	222	2	0.0	0.0	0.0	0.0	2	1.0199871087805823	10.081901905975855	230.0	27	1.05	0.95				
	223	2	0.0	0.0	0.0	0.0	2	0.9787844798892933	7.618965099406752	230.0	25	1.05	0.95				
	224	1	0.0	0.0	0.0	0.0	2	0.983704425080099	-0.21467997968880426	230.0	26	1.05	0.95				
	301	2	53.00917431157895	10.79816513754386	0.0	0.0	3	1.0085130437626402	31.669813770015807	138.0	31	1.05	0.95				
	302	2	47.61009174280702	9.81651376140351	0.0	0.0	3	1.008951252508206	31.32144763256278	138.0	32	1.05	0.95				
	303	1	88.34862385263158	18.160550458596493	0.0	0.0	3	1.0238441024687057	45.703853256580146	138.0	31	1.05	0.95				
	304	1	36.321100917192986	7.362385321052632	0.0	0.0	3	0.999854362785674	32.813251554524356	138.0	31	1.05	0.95				
	305	1	34.848623852982456	6.871559632982457	0.0	0.0	3	1.0171499360430318	30.80078587829073	138.0	31	1.05	0.95				
	306	1	66.75229357754387	13.743119265964914	0.0	-100.0	3	1.0294492207448305	29.72780574440987	138.0	32	1.05	0.95				
	307	2	61.353211008771936	12.270642201754386	0.0	0.0	3	0.9668373890432935	25.616382548123564	138.0	32	1.05	0.95				
	308	1	83.93119266	17.17889908245614	0.0	0.0	3	0.9772757547561155	27.893911624563046	138.0	32	1.05	0.95				
	309	1	85.8944954122807	17.669724770526315	0.0	0.0	3	1.0086002442344308	36.11759640999201	138.0	33	1.05	0.95				
	310	1	95.71100917368422	19.63302752280702	0.0	0.0	3	1.0379861687154208	31.533769017245614	138.0	33	1.05	0.95				
	311	1	0.0	0.0	0.0	0.0	3	0.995201512881387	35.53583886078829	230.0	33	1.05	0.95				
	312	1	0.0	0.0	0.0	0.0	3	1.001845702792178	34.75218481032513	230.0	33	1.05	0.95				
	313	2	130.06880733859649	26.504587155789476	0.0	0.0	3	0.9994797435426417	36.2545938030859	230.0	34	1.05	0.95				
	314	2	95.22018348561404	19.142201834736845	0.0	0.0	3	0.9863339928637889	36.73799047613868	230.0	36	1.05	0.95				
	315	2	155.59174311824563	31.41284403649123	0.0	0.0	3	0.9922753230471004	36.659513630323936	230.0	36	1.05	0.95				
	316	2	49.082568807017545	9.81651376140351	0.0	0.0	3	0.9841629838162403	36.41247231786752	230.0	36	1.05	0.95				
	317	1	0.0	0.0	0.0	0.0	3	0.996313505607954	39.787379923510706	230.0	37	1.05	0.95				
	318	2	163.44495412736845	33.37614678877193	0.0	0.0	3	0.9888117651849855	35.82869451499794	230.0	37	1.05	0.95				
	319	1	88.83944954070176	18.160550458596493	0.0	0.0	3	0.9883995085273085	34.62901900079208	230.0	35	1.05	0.95				
	320	1	62.82568807298246	12.761467889824562	0.0	0.0	3	0.993667752698179	32.539647808191155	230.0	35	1.05	0.95				
	321	2	0.0	0.0	0.0	0.0	3	0.9978435356516694	36.765713916514656	230.0	37	1.05	0.95				
	322	2	0.0	0.0	0.0	0.0	3	1.0164273458580722	42.16494660043478	230.0	37	1.05	0.95				
	323	2	0.0	0.0	0.0	0.0	3	0.9968399418080132	31.361740855214432	230.0	35	1.05	0.95				
	324	1	0.0	0.0	0.0	0.0	3	1.0039264869006825	41.95207974636755	230.0	36	1.05	0.95				
	325	1	0.0	0.0	0.0	0.0	3	0.9967311258569954	29.6280225649754	230.0	35	1.05	0.95				
];
