%% MATPOWER Case Format : Version 2
function mpc = RTS_GMLC
mpc.version = '2';

%%-----  Power Flow Data  -----%%
%% system MVA base
mpc.baseMVA = 100.0;
%% bus data
%    bus_i    type    Pd    Qd    Gs    Bs    area    Vm    Va    baseKV    zone    Vmax    Vmin
mpc.bus = [
	101	2	42.72439388210526	8.703117272280702	0.0	0.0	1	1.0152875868194893	-3.9015451995239148	138.0	11	1.05	0.95				
	102	2	38.37283524596491	7.911924792982456	0.0	0.0	1	1.0149447950081527	-4.1072026552237615	138.0	12	1.05	0.95				
	103	1	71.2073231368421	14.637060867017542	0.0	0.0	1	1.0041673787090792	-1.5080817467133316	138.0	11	1.05	0.95				
	104	1	29.274121734035084	5.933943594736841	0.0	0.0	1	1.0052329227266392	-4.368394445581355	138.0	11	1.05	0.95				
	105	1	28.08733301508772	5.538347355087719	0.0	0.0	1	1.017817978078195	-5.357983901011539	138.0	11	1.05	0.95				
	106	1	53.8010885922807	11.076694710175438	0.0	-100.0	1	1.0270923865375916	-6.649034650448374	138.0	12	1.05	0.95				
	107	2	49.449529956140346	9.88990599122807	0.0	0.0	1	0.9846403332611904	-8.885384078418127	138.0	12	1.05	0.95				
	108	1	67.64695698	13.845868387719296	0.0	0.0	1	0.9878484607488307	-8.452983700293384	138.0	12	1.05	0.95				
	109	1	69.22934193859649	14.24146462736842	0.0	0.0	1	1.0028056520602555	-4.055175668453491	138.0	13	1.05	0.95				
	110	1	77.14126673157894	15.823849585964911	0.0	0.0	1	1.0297508897454293	-5.533640772871192	138.0	13	1.05	0.95				
	111	1	0.0	0.0	0.0	0.0	1	0.9800403508057406	-1.9275891541588286	230.0	13	1.05	0.95				
	112	1	0.0	0.0	0.0	0.0	1	0.9816977257756656	-1.9595456644132958	230.0	13	1.05	0.95				
	113	3	104.83300350701754	21.36219694105263	0.0	0.0	1	0.9628868449333058	-1.2291115997373076e-30	230.0	14	1.05	0.95				
	114	2	76.74567049192981	15.428253346315786	0.0	0.0	1	0.9841365868956098	-0.557523566534014	230.0	16	1.05	0.95				
	115	2	125.40400796877191	25.318159337543854	0.0	0.0	1	0.9907244013953351	4.868325362906677	230.0	16	1.05	0.95				
	116	2	39.55962396491228	7.911924792982456	0.0	0.0	1	0.9906850890923736	4.043708067947613	230.0	16	1.05	0.95				
	117	1	0.0	0.0	0.0	0.0	1	0.9972432169407035	7.214938962611976	230.0	17	1.05	0.95				
	118	2	131.7335478031579	26.90054429614035	0.0	0.0	1	0.9986110123467182	7.812425304614223	230.0	17	1.05	0.95				
	119	1	71.60291937649123	14.637060867017542	0.0	0.0	1	0.9903172294890049	2.4237805724055885	230.0	15	1.05	0.95				
	120	1	50.63631867508771	10.285502230877192	0.0	0.0	1	0.9921684216634978	1.3308396589304878	230.0	15	1.05	0.95				
	121	2	0.0	0.0	0.0	0.0	1	0.9983381233174359	8.978056119339826	230.0	17	1.05	0.95				
	122	2	0.0	0.0	0.0	0.0	1	1.019115672670581	15.40892992132291	230.0	17	1.05	0.95				
	123	2	0.0	0.0	0.0	0.0	1	0.993680407212639	1.0560389742830936	230.0	15	1.05	0.95				
	124	1	0.0	0.0	0.0	0.0	1	0.9876035142010302	2.417168460076049	230.0	16	1.05	0.95				
	201	2	40.91862111157894	8.335274670877192	0.0	0.0	2	1.0119461076937095	-6.783145238588477	138.0	21	1.05	0.95				
	202	2	36.750983776140345	7.577522428070176	0.0	0.0	2	1.0106948552132644	-6.966950398691451	138.0	22	1.05	0.95				
	203	1	68.19770185263158	14.018416491929822	0.0	0.0	2	0.9976327652523392	-5.345174784051804	138.0	21	1.05	0.95				
	204	1	28.036832983859643	5.68314182105263	0.0	0.0	2	1.0031534187769793	-6.241515228610696	138.0	21	1.05	0.95				
	205	1	26.90020461964912	5.304265699649123	0.0	0.0	2	1.0192183683861333	-6.454715619259662	138.0	21	1.05	0.95				
	206	1	51.527152510877194	10.608531399298245	0.0	-100.0	2	1.0314536064980413	-6.759064618076026	138.0	22	1.05	0.95				
	207	2	47.359515175438595	9.471903035087719	0.0	0.0	2	0.9723214208451022	-11.312727461563854	138.0	22	1.05	0.95				
	208	1	64.78781676	13.260664249122806	0.0	0.0	2	0.9824780552722029	-9.609272123422723	138.0	22	1.05	0.95				
	209	1	66.30332124561403	13.639540370526316	0.0	0.0	2	1.0079951652354526	-4.032475506485166	138.0	23	1.05	0.95				
	210	1	73.88084367368421	15.155044856140352	0.0	0.0	2	1.0357199790837477	-4.873984479615642	138.0	23	1.05	0.95				
	211	1	0.0	0.0	0.0	0.0	2	0.9869604853929248	-1.9108419206240495	230.0	23	1.05	0.95				
	212	1	0.0	0.0	0.0	0.0	2	0.9913865515934208	2.8965787681152806	230.0	23	1.05	0.95				
	213	2	100.40217217192982	20.45931055578947	0.0	0.0	2	0.9830796233591973	0.4952349396933391	230.0	24	1.05	0.95				
	214	2	73.50196755228069	14.776168734736842	0.0	0.0	2	0.9801403033449559	-1.320905650554839	230.0	26	1.05	0.95				
	215	2	120.10373048491228	24.24807176982456	0.0	0.0	2	0.9900570329065258	2.33492561729049	230.0	26	1.05	0.95				
	216	2	37.887612140350875	7.577522428070176	0.0	0.0	2	0.9880481494255742	1.9912295991653093	230.0	26	1.05	0.95				
	217	1	0.0	0.0	0.0	0.0	2	0.9970309092658471	2.679003029224907	230.0	27	1.05	0.95				
	218	2	126.16574842736841	25.763576255438597	0.0	0.0	2	0.9976019793545216	2.450817019418479	230.0	27	1.05	0.95				
	219	1	68.57657797403508	14.018416491929822	0.0	0.0	2	0.9839226360736467	2.702270351796362	230.0	25	1.05	0.95				
	220	1	48.49614353964912	9.850779156491228	0.0	0.0	2	0.9831282711187935	4.129291480794516	230.0	25	1.05	0.95				
	221	2	0.0	0.0	0.0	0.0	2	0.9998948122271663	3.1854208257489973	230.0	27	1.05	0.95				
	222	2	0.0	0.0	0.0	0.0	2	1.018260256211629	9.459165779430752	230.0	27	1.05	0.95				
	223	2	0.0	0.0	0.0	0.0	2	0.9836395065590621	5.234030876710232	230.0	25	1.05	0.95				
	224	1	0.0	0.0	0.0	0.0	2	0.9834977373717452	-0.5955592349846971	230.0	26	1.05	0.95				
	301	2	53.47042074947369	10.89212274526316	0.0	0.0	3	1.0072431915034235	19.94059325525993	138.0	31	1.05	0.95				
	302	2	48.024359376842106	9.901929768421054	0.0	0.0	3	1.0074605216351622	19.89793306919467	138.0	32	1.05	0.95				
	303	1	89.11736791578949	18.31857007157895	0.0	0.0	3	0.9983236221162497	23.384282236846865	138.0	31	1.05	0.95				
	304	1	36.6371401431579	7.42644732631579	0.0	0.0	3	0.9999034451903315	21.864615232907028	138.0	31	1.05	0.95				
	305	1	35.15185067789474	6.931350837894739	0.0	0.0	3	1.0152190048924774	21.494224072265837	138.0	31	1.05	0.95				
	306	1	67.33312242526317	13.862701675789477	0.0	-100.0	3	1.0282879834219698	21.78793593545767	138.0	32	1.05	0.95				
	307	2	61.88706105263159	12.377412210526318	0.0	0.0	3	0.9715013725716554	19.366973542432003	138.0	32	1.05	0.95				
	308	1	84.66149952	17.328377094736844	0.0	0.0	3	0.9865506828256453	21.561325196303216	138.0	32	1.05	0.95				
	309	1	86.64188547368423	17.823473583157895	0.0	0.0	3	1.0106970974035312	25.56605622175383	138.0	33	1.05	0.95				
	310	1	96.54381524210527	19.803859536842108	0.0	0.0	3	1.0374115616651636	24.683613290447564	138.0	33	1.05	0.95				
	311	1	0.0	0.0	0.0	0.0	3	0.9893968318554335	29.746593094129523	230.0	33	1.05	0.95				
	312	1	0.0	0.0	0.0	0.0	3	0.9962140465795492	29.92948465627469	230.0	33	1.05	0.95				
	313	2	131.20056943157897	26.735210374736845	0.0	0.0	3	0.998549412911542	35.17836332321878	230.0	34	1.05	0.95				
	314	2	96.04871875368421	19.308763048421056	0.0	0.0	3	0.9805965243527054	29.72893053638284	230.0	36	1.05	0.95				
	315	2	156.9455868294737	31.686175258947376	0.0	0.0	3	0.9863705255662243	25.29729348428913	230.0	36	1.05	0.95				
	316	2	49.50964884210527	9.901929768421054	0.0	0.0	3	0.9768509518176597	26.407794745223107	230.0	36	1.05	0.95				
	317	1	0.0	0.0	0.0	0.0	3	0.9927952980336211	27.344286483800236	230.0	37	1.05	0.95				
	318	2	164.86713064421053	33.666561212631585	0.0	0.0	3	0.9907673398631522	24.423550716410684	230.0	37	1.05	0.95				
	319	1	89.61246440421054	18.31857007157895	0.0	0.0	3	0.9844720212857538	27.25014096610054	230.0	35	1.05	0.95				
	320	1	63.37235051789475	12.872508698947371	0.0	0.0	3	0.9910217694425598	27.174232913817598	230.0	35	1.05	0.95				
	321	2	0.0	0.0	0.0	0.0	3	0.9964259582307999	25.333443097247937	230.0	37	1.05	0.95				
	322	2	0.0	0.0	0.0	0.0	3	1.013787930592734	30.399848990714702	230.0	37	1.05	0.95				
	323	2	0.0	0.0	0.0	0.0	3	0.9937118652611825	26.72308076715863	230.0	35	1.05	0.95				
	324	1	0.0	0.0	0.0	0.0	3	0.988800059488259	26.76623162847528	230.0	36	1.05	0.95				
	325	1	0.0	0.0	0.0	0.0	3	0.9941756263542724	25.227664601404868	230.0	35	1.05	0.95				
];
