%% MATPOWER Case Format : Version 2
function mpc = RTS_GMLC
mpc.version = '2';

%%-----  Power Flow Data  -----%%
%% system MVA base
mpc.baseMVA = 100.0;
%% bus data
%    bus_i    type    Pd    Qd    Gs    Bs    area    Vm    Va    baseKV    zone    Vmax    Vmin
mpc.bus = [
	101	2	84.94111826526317	17.302820387368424	0.0	0.0	1	1.0381398332079494	-2.6217393733275185	138.0	11	1.05	0.95				
	102	2	76.28970807157896	15.729836715789478	0.0	0.0	1	1.0380887554297418	-2.691785127263601	138.0	12	1.05	0.95				
	103	1	141.5685304421053	29.10019792421053	0.0	0.0	1	1.0196106562041556	-4.00672244707401	138.0	11	1.05	0.95				
	104	1	58.20039584842106	11.797377536842106	0.0	0.0	1	1.0191357963154866	-5.638476279765459	138.0	11	1.05	0.95				
	105	1	55.84092034105264	11.010885701052635	0.0	0.0	1	1.0334960620274687	-5.835020025141128	138.0	11	1.05	0.95				
	106	1	106.96288966736844	22.02177140210527	0.0	-100.0	1	1.036296402096655	-8.349425904902054	138.0	12	1.05	0.95				
	107	2	98.31147947368423	19.662295894736843	0.0	0.0	1	1.0469596896249533	-4.511068182190582	138.0	12	1.05	0.95				
	108	1	134.49010392000002	27.52721425263158	0.0	0.0	1	1.0227103318557218	-7.558949279448889	138.0	12	1.05	0.95				
	109	1	137.6360712631579	28.313706088421053	0.0	0.0	1	1.0269508059574692	-5.316837301545385	138.0	13	1.05	0.95				
	110	1	153.36590797894738	31.459673431578956	0.0	0.0	1	1.05	-6.6327521148140915	138.0	13	1.05	0.95				
	111	1	0.0	0.0	0.0	0.0	1	1.014959977250375	-2.291574377722536	230.0	13	1.05	0.95				
	112	1	0.0	0.0	0.0	0.0	1	1.0170286851831527	-1.1743198438124312	230.0	13	1.05	0.95				
	113	3	208.42033648421054	42.470559132631585	0.0	0.0	1	1.0178187422694696	1.1414032715193607e-29	230.0	14	1.05	0.95				
	114	2	152.5794161431579	30.67318159578948	0.0	0.0	1	1.017438523307067	-0.581494311459321	230.0	16	1.05	0.95				
	115	2	249.31791194526318	50.33547749052632	0.0	0.0	1	1.04474074251591	6.785031852885392	230.0	16	1.05	0.95				
	116	2	78.64918357894737	15.729836715789478	0.0	0.0	1	1.0433271431231887	6.595882765359455	230.0	16	1.05	0.95				
	117	1	0.0	0.0	0.0	0.0	1	1.0470962302904276	9.398250475771862	230.0	17	1.05	0.95				
	118	2	261.90178131789474	53.48144483368422	0.0	0.0	1	1.0489934170354034	9.915909314599565	230.0	17	1.05	0.95				
	119	1	142.35502227789476	29.10019792421053	0.0	0.0	1	1.0377989966320824	5.7220117199300695	230.0	15	1.05	0.95				
	120	1	100.67095498105265	20.44878773052632	0.0	0.0	1	1.0400480455556977	6.440628588754304	230.0	15	1.05	0.95				
	121	2	0.0	0.0	0.0	0.0	1	1.05	10.587999468356328	230.0	17	1.05	0.95				
	122	2	0.0	0.0	0.0	0.0	1	1.05	16.90576527460069	230.0	17	1.05	0.95				
	123	2	0.0	0.0	0.0	0.0	1	1.0437008857366756	7.412796691241718	230.0	15	1.05	0.95				
	124	1	0.0	0.0	0.0	0.0	1	1.0218265419673909	2.799591326173863	230.0	16	1.05	0.95				
	201	2	80.81725168421053	16.46277349122807	0.0	0.0	2	1.0411645645958991	-10.41569167037124	138.0	21	1.05	0.95				
	202	2	72.58586493859649	14.966157719298245	0.0	0.0	2	1.041140149398259	-10.560056655969905	138.0	22	1.05	0.95				
	203	1	134.6954194736842	27.687391780701752	0.0	0.0	2	1.0274444493261579	-7.433835464842321	138.0	21	1.05	0.95				
	204	1	55.374783561403504	11.224618289473684	0.0	0.0	2	1.0196406936831275	-12.330081471477726	138.0	21	1.05	0.95				
	205	1	53.129859903508766	10.476310403508773	0.0	0.0	2	1.0360186227489325	-12.708800802695716	138.0	21	1.05	0.95				
	206	1	101.76987249122809	20.952620807017546	0.0	-100.0	2	1.0387264081964693	-14.710758330535642	138.0	22	1.05	0.95				
	207	2	93.53848574561403	18.707697149122808	0.0	0.0	2	0.9594960484267341	-25.984346062229438	138.0	22	1.05	0.95				
	208	1	127.96064849999999	26.190776008771927	0.0	0.0	2	0.9643792829241061	-22.249750444601343	138.0	22	1.05	0.95				
	209	1	130.95388004385964	26.939083894736843	0.0	0.0	2	1.025655761492514	-10.764346542042354	138.0	23	1.05	0.95				
	210	1	145.9200377631579	29.93231543859649	0.0	0.0	2	1.05	-12.69690221666257	138.0	23	1.05	0.95				
	211	1	0.0	0.0	0.0	0.0	2	1.0278274397393026	-5.839552325683676	230.0	23	1.05	0.95				
	212	1	0.0	0.0	0.0	0.0	2	1.0209402068444071	-4.6826073976542055	230.0	23	1.05	0.95				
	213	2	198.30158978070173	40.408625842105266	0.0	0.0	2	1.0397043984693037	-2.358865716321338	230.0	24	1.05	0.95				
	214	2	145.17172987719297	29.18400755263158	0.0	0.0	2	1.044721139459931	-3.192869271032375	230.0	26	1.05	0.95				
	215	2	237.2135998508772	47.891704701754385	0.0	0.0	2	1.0457436121170804	5.358691786962282	230.0	26	1.05	0.95				
	216	2	74.83078859649123	14.966157719298245	0.0	0.0	2	1.0493166792266202	5.15413304022195	230.0	26	1.05	0.95				
	217	1	0.0	0.0	0.0	0.0	2	1.0495008394834329	8.210927899358861	230.0	27	1.05	0.95				
	218	2	249.1865260263158	50.88493624561404	0.0	0.0	2	1.05	9.05967463825273	230.0	27	1.05	0.95				
	219	1	135.44372735964913	27.687391780701752	0.0	0.0	2	1.0443347780859147	4.548284011518505	230.0	25	1.05	0.95				
	220	1	95.78340940350877	19.45600503508772	0.0	0.0	2	1.0465283411575046	5.41839888998419	230.0	25	1.05	0.95				
	221	2	0.0	0.0	0.0	0.0	2	1.05	9.544349373895399	230.0	27	1.05	0.95				
	222	2	0.0	0.0	0.0	0.0	2	1.05	15.53301069725471	230.0	27	1.05	0.95				
	223	2	0.0	0.0	0.0	0.0	2	1.05	6.439508018948795	230.0	25	1.05	0.95				
	224	1	0.0	0.0	0.0	0.0	2	1.022696799487163	0.5983440876305675	230.0	26	1.05	0.95				
	301	2	76.1056627831579	15.503005381754384	0.0	0.0	3	1.0140663268956869	-17.479527970252942	138.0	31	1.05	0.95				
	302	2	68.3541600922807	14.093641256140351	0.0	0.0	3	1.0126419970877014	-17.848138132124674	138.0	32	1.05	0.95				
	303	1	126.84277130526316	26.07323632385965	0.0	0.0	3	1.0224883801491604	-10.838792012802458	138.0	31	1.05	0.95				
	304	1	52.1464726477193	10.570230942105262	0.0	0.0	3	1.0069173415527992	-16.548055966487166	138.0	31	1.05	0.95				
	305	1	50.03242645929824	9.865548879298245	0.0	0.0	3	1.0224520534049244	-17.025579205252747	138.0	31	1.05	0.95				
	306	1	95.83676054175439	19.73109775859649	0.0	-100.0	3	1.033314793353719	-17.556508872932245	138.0	32	1.05	0.95				
	307	2	88.08525785087718	17.617051570175438	0.0	0.0	3	1.0051194571749134	-20.235368773666206	138.0	32	1.05	0.95				
	308	1	120.50063274	24.663872198245613	0.0	0.0	3	0.9993965959910671	-19.477826196644635	138.0	32	1.05	0.95				
	309	1	123.31936099122807	25.36855426105263	0.0	0.0	3	1.0265294177643631	-12.599876591594855	138.0	33	1.05	0.95				
	310	1	137.4130022473684	28.187282512280703	0.0	0.0	3	1.05	-14.312712746822863	138.0	33	1.05	0.95				
	311	1	0.0	0.0	0.0	0.0	3	1.019520570457716	-7.189648516185609	230.0	33	1.05	0.95				
	312	1	0.0	0.0	0.0	0.0	3	1.0189499936367064	-6.507065692042811	230.0	33	1.05	0.95				
	313	2	186.7407466438596	38.05283139157895	0.0	0.0	3	1.0309223002797054	-2.8114775287318308	230.0	34	1.05	0.95				
	314	2	136.7083201845614	27.482600449473683	0.0	0.0	3	1.0301940180296978	-4.8514304267175685	230.0	36	1.05	0.95				
	315	2	223.38421390982455	45.09965201964912	0.0	0.0	3	1.0468689031248548	0.3962126313616294	230.0	36	1.05	0.95				
	316	2	70.46820628070175	14.093641256140351	0.0	0.0	3	1.0449195775374853	0.2753291600129658	230.0	36	1.05	0.95				
	317	1	0.0	0.0	0.0	0.0	3	1.0474394143315526	2.3965968390050287	230.0	37	1.05	0.95				
	318	2	234.65912691473685	47.91838027087719	0.0	0.0	3	1.0475145154723273	2.511377125546827	230.0	37	1.05	0.95				
	319	1	127.54745336807017	26.07323632385965	0.0	0.0	3	1.0410479681817078	-0.10894486684385836	230.0	35	1.05	0.95				
	320	1	90.19930403929824	18.321733632982458	0.0	0.0	3	1.0419145139396915	0.15044770790209763	230.0	35	1.05	0.95				
	321	2	0.0	0.0	0.0	0.0	3	1.05	3.7241729307004365	230.0	37	1.05	0.95				
	322	2	0.0	0.0	0.0	0.0	3	1.05	8.978294430406025	230.0	37	1.05	0.95				
	323	2	0.0	0.0	0.0	0.0	3	1.0438405645453952	0.6583625993919129	230.0	35	1.05	0.95				
	324	1	0.0	0.0	0.0	0.0	3	1.0251136104548333	-2.769146529859117	230.0	36	1.05	0.95				
	325	1	0.0	0.0	0.0	0.0	3	1.042301655006173	1.4879680266392303	230.0	35	1.05	0.95				
];
