%% MATPOWER Case Format : Version 2
function mpc = RTS_GMLC
mpc.version = '2';

%%-----  Power Flow Data  -----%%
%% system MVA base
mpc.baseMVA = 100.0;
%% bus data
%    bus_i    type    Pd    Qd    Gs    Bs    area    Vm    Va    baseKV    zone    Vmax    Vmin
mpc.bus = [
	101	2	40.05244928842106	8.15883226245614	0.0	0.0	1	1.036596262578589	2.8833656247343673	138.0	11	1.05	0.95				
	102	2	35.97303315719299	7.417120238596492	0.0	0.0	1	1.0357374666714878	2.5988384857318847	138.0	12	1.05	0.95				
	103	1	66.75408214736844	13.72167244140351	0.0	0.0	1	1.0275512595347729	2.163945634119945	138.0	11	1.05	0.95				
	104	1	27.44334488280702	5.5628401789473685	0.0	0.0	1	1.0226146647575753	-0.5130572569681467	138.0	11	1.05	0.95				
	105	1	26.330776847017546	5.191984167017545	0.0	0.0	1	1.0380765312715607	-0.36016017119633553	138.0	11	1.05	0.95				
	106	1	50.436417622456155	10.38396833403509	0.0	-100.0	1	1.0475871368225464	-2.611655444149232	138.0	12	1.05	0.95				
	107	2	46.357001491228075	9.271400298245615	0.0	0.0	1	0.9994902874343194	-10.412066249661127	138.0	12	1.05	0.95				
	108	1	63.41637804	12.97996041754386	0.0	0.0	1	1.0039113748007267	-7.990980439006817	138.0	12	1.05	0.95				
	109	1	64.89980208771931	13.350816429473685	0.0	0.0	1	1.0229075662015208	-1.5631224948073708	138.0	13	1.05	0.95				
	110	1	72.31692232631579	14.834240477192983	0.0	0.0	1	1.05	-2.490628071648064	138.0	13	1.05	0.95				
	111	1	0.0	0.0	0.0	0.0	1	1.000703565628412	0.3430779412627667	230.0	13	1.05	0.95				
	112	1	0.0	0.0	0.0	0.0	1	1.0065298395385496	-0.472943706200127	230.0	13	1.05	0.95				
	113	3	98.27684316140352	20.02622464421053	0.0	0.0	1	0.9942339185603274	3.7295549385817766e-27	230.0	14	1.05	0.95				
	114	2	71.94606631438597	14.46338446526316	0.0	0.0	1	0.9953948824774035	3.167727993325812	230.0	16	1.05	0.95				
	115	2	117.5613557817544	23.734784763508774	0.0	0.0	1	1.0286681078716318	10.814746449378324	230.0	16	1.05	0.95				
	116	2	37.08560119298246	7.417120238596492	0.0	0.0	1	1.024393045757125	9.281698850673752	230.0	16	1.05	0.95				
	117	1	0.0	0.0	0.0	0.0	1	1.0314029441827608	14.088974299191513	230.0	17	1.05	0.95				
	118	2	123.4950519726316	25.218208811228077	0.0	0.0	1	1.03810827616593	14.670718152731368	230.0	17	1.05	0.95				
	119	1	67.12493815929825	13.72167244140351	0.0	0.0	1	1.0140137790532544	5.7703836463316796	230.0	15	1.05	0.95				
	120	1	47.46956952701755	9.64225631017544	0.0	0.0	1	1.009986638634716	3.4220547421977336	230.0	15	1.05	0.95				
	121	2	0.0	0.0	0.0	0.0	1	1.0410438522621754	16.09720711896546	230.0	17	1.05	0.95				
	122	2	0.0	0.0	0.0	0.0	1	1.05	28.95818228531706	230.0	17	1.05	0.95				
	123	2	0.0	0.0	0.0	0.0	1	1.008458272287331	2.4196688085839564	230.0	15	1.05	0.95				
	124	1	0.0	0.0	0.0	0.0	1	1.0174457437922846	7.545396419048487	230.0	16	1.05	0.95				
	201	2	45.865575322105265	9.342987565614035	0.0	0.0	2	1.0081326579396825	-17.41786743679675	138.0	21	1.05	0.95				
	202	2	41.194081539298246	8.493625059649123	0.0	0.0	2	1.0073257643596336	-17.72945331076839	138.0	22	1.05	0.95				
	203	1	76.4426255368421	15.713206360350876	0.0	0.0	2	1.0128326268795256	-12.55276947049873	138.0	21	1.05	0.95				
	204	1	31.42641272070175	6.370218794736841	0.0	0.0	2	1.0090942783156258	-17.309433846523877	138.0	21	1.05	0.95				
	205	1	30.152368961754384	5.945537541754387	0.0	0.0	2	1.023823310757838	-17.834025923522166	138.0	21	1.05	0.95				
	206	1	57.75665040561404	11.891075083508774	0.0	-100.0	2	1.0403952499176032	-18.596687188966445	138.0	22	1.05	0.95				
	207	2	53.08515662280702	10.617031324561403	0.0	0.0	2	0.9907313003579432	-23.64740716263962	138.0	22	1.05	0.95				
	208	1	72.62049426	14.863843854385964	0.0	0.0	2	0.9976776218606926	-21.73713101075394	138.0	22	1.05	0.95				
	209	1	74.31921927192982	15.28852510736842	0.0	0.0	2	1.0229743271869305	-15.20436111382149	138.0	23	1.05	0.95				
	210	1	82.81284433157894	16.987250119298245	0.0	0.0	2	1.05	-16.878495353090383	138.0	23	1.05	0.95				
	211	1	0.0	0.0	0.0	0.0	2	1.0082985303724443	-12.089846071453751	230.0	23	1.05	0.95				
	212	1	0.0	0.0	0.0	0.0	2	1.014036202946855	-11.296768622391037	230.0	23	1.05	0.95				
	213	2	112.54053204035085	22.932787661052632	0.0	0.0	2	1.0104769333500725	-10.654762654433863	230.0	24	1.05	0.95				
	214	2	82.38816307859649	16.56256886631579	0.0	0.0	2	1.007687132495828	-9.306014549174174	230.0	26	1.05	0.95				
	215	2	134.62395719543858	27.17960019087719	0.0	0.0	2	1.0222588888073436	-2.421820908182358	230.0	26	1.05	0.95				
	216	2	42.46812529824561	8.493625059649123	0.0	0.0	2	1.0257251027195742	-2.810906163663431	230.0	26	1.05	0.95				
	217	1	0.0	0.0	0.0	0.0	2	1.0265722928110337	-1.0098145820886955	230.0	27	1.05	0.95				
	218	2	141.4188572431579	28.87832520280702	0.0	0.0	2	1.0258433567785818	-1.534345660218072	230.0	27	1.05	0.95				
	219	1	76.86730678982457	15.713206360350876	0.0	0.0	2	1.0335712563851058	-3.0550363948151804	230.0	25	1.05	0.95				
	220	1	54.35920038175438	11.041712577543858	0.0	0.0	2	1.0431534054026002	-2.450264077896085	230.0	25	1.05	0.95				
	221	2	0.0	0.0	0.0	0.0	2	1.0281947159437153	-1.025185920057719	230.0	27	1.05	0.95				
	222	2	0.0	0.0	0.0	0.0	2	1.0497602456454704	5.474052716350184	230.0	27	1.05	0.95				
	223	2	0.0	0.0	0.0	0.0	2	1.0490610890395993	-1.8099037932740059	230.0	25	1.05	0.95				
	224	1	0.0	0.0	0.0	0.0	2	1.0063026580023469	-6.219572820571803	230.0	26	1.05	0.95				
	301	2	49.3875355831579	10.06042391508772	0.0	0.0	3	1.022812504599736	2.444790710626698	138.0	31	1.05	0.95				
	302	2	44.35732362561403	9.145839922807019	0.0	0.0	3	1.0199745540696272	2.086387684177609	138.0	32	1.05	0.95				
	303	1	82.31255930526315	16.91980385719298	0.0	0.0	3	1.05	16.963253915057354	138.0	31	1.05	0.95				
	304	1	33.83960771438596	6.859379942105264	0.0	0.0	3	1.0087424210184488	3.0393976158429385	138.0	31	1.05	0.95				
	305	1	32.46773172596491	6.4020879459649125	0.0	0.0	3	1.0272373668926091	1.3696796492103833	138.0	31	1.05	0.95				
	306	1	62.19171147508772	12.804175891929825	0.0	-100.0	3	1.0367027170658671	0.20755603184868188	138.0	32	1.05	0.95				
	307	2	57.16149951754386	11.432299903508772	0.0	0.0	3	0.95	-0.576505210215084	138.0	32	1.05	0.95				
	308	1	78.19693133999999	16.005219864912277	0.0	0.0	3	0.9705750943335951	-0.2560572348143171	138.0	32	1.05	0.95				
	309	1	80.0260993245614	16.462511861052633	0.0	0.0	3	1.0136617866545274	5.741440235443157	138.0	33	1.05	0.95				
	310	1	89.17193924736841	18.291679845614038	0.0	0.0	3	1.0426139487395278	1.7567630140809345	138.0	33	1.05	0.95				
	311	1	0.0	0.0	0.0	0.0	3	1.0022546683330675	5.709189044336458	230.0	33	1.05	0.95				
	312	1	0.0	0.0	0.0	0.0	3	1.0068062821295658	6.306382120374293	230.0	33	1.05	0.95				
	313	2	121.18237897719297	24.69376779157895	0.0	0.0	3	1.0043933705830435	8.27883796477156	230.0	34	1.05	0.95				
	314	2	88.71464725122806	17.834387849473686	0.0	0.0	3	0.998690747514529	5.5087064992227655	230.0	36	1.05	0.95				
	315	2	144.9615627764912	29.266687752982456	0.0	0.0	3	1.0492821653883437	8.325283676503005	230.0	36	1.05	0.95				
	316	2	45.72919961403509	9.145839922807019	0.0	0.0	3	1.0343393265602197	7.966880602765726	230.0	36	1.05	0.95				
	317	1	0.0	0.0	0.0	0.0	3	1.05	11.02479606566282	230.0	37	1.05	0.95				
	318	2	152.27823471473684	31.09585573754386	0.0	0.0	3	1.05	8.890883520781042	230.0	37	1.05	0.95				
	319	1	82.7698513014035	16.91980385719298	0.0	0.0	3	1.0239508719818669	7.403194865124944	230.0	35	1.05	0.95				
	320	1	58.53337550596491	11.889591899649123	0.0	0.0	3	1.018163695028837	7.8049027526791495	230.0	35	1.05	0.95				
	321	2	0.0	0.0	0.0	0.0	3	1.05	9.313466214906459	230.0	37	1.05	0.95				
	322	2	0.0	0.0	0.0	0.0	3	1.05	14.333258628447517	230.0	37	1.05	0.95				
	323	2	0.0	0.0	0.0	0.0	3	1.0157890001037715	8.38786531200419	230.0	35	1.05	0.95				
	324	1	0.0	0.0	0.0	0.0	3	1.0467218635139088	11.627977258330478	230.0	36	1.05	0.95				
	325	1	0.0	0.0	0.0	0.0	3	1.0167120785347727	9.056173178409392	230.0	35	1.05	0.95				
];
