%% MATPOWER Case Format : Version 2
function mpc = RTS_GMLC
mpc.version = '2';

%%-----  Power Flow Data  -----%%
%% system MVA base
mpc.baseMVA = 100.0;
%% bus data
%    bus_i    type    Pd    Qd    Gs    Bs    area    Vm    Va    baseKV    zone    Vmax    Vmin
mpc.bus = [
	101	2	92.16872837052632	18.775111334736845	0.0	0.0	1	1.0400245942344173	-0.6547205081232438	138.0	11	1.05	0.95				
	102	2	82.78117270315789	17.06828303157895	0.0	0.0	1	1.0396313722187824	-0.8730759913659326	138.0	12	1.05	0.95				
	103	1	153.61454728421054	31.576323608421053	0.0	0.0	1	1.0152356368573145	-0.5661990189262809	138.0	11	1.05	0.95				
	104	1	63.152647216842105	12.801212273684209	0.0	0.0	1	1.0187531529373033	-4.316487273068007	138.0	11	1.05	0.95				
	105	1	60.59240476210527	11.947798122105265	0.0	0.0	1	1.0328313624556706	-4.83669329183977	138.0	11	1.05	0.95				
	106	1	116.06432461473686	23.89559624421053	0.0	-100.0	1	1.0339990008908857	-7.973148126051103	138.0	12	1.05	0.95				
	107	2	106.67676894736842	21.335353789473686	0.0	0.0	1	1.05	-8.314613195336978	138.0	12	1.05	0.95				
	108	1	145.93381992000002	29.869495305263154	0.0	0.0	1	1.021972021506493	-9.75656809551768	138.0	12	1.05	0.95				
	109	1	149.3474765263158	30.722909456842107	0.0	0.0	1	1.0257603629650471	-4.568852826773137	138.0	13	1.05	0.95				
	110	1	166.41575955789475	34.1365660631579	0.0	0.0	1	1.05	-6.421178754593034	138.0	13	1.05	0.95				
	111	1	0.0	0.0	0.0	0.0	1	1.020088130950624	-1.163293253568897	230.0	13	1.05	0.95				
	112	1	0.0	0.0	0.0	0.0	1	1.0195193135412406	-1.0392263107262911	230.0	13	1.05	0.95				
	113	3	226.15475016842103	46.08436418526316	0.0	0.0	1	1.0217397927455987	-2.9294030148853294e-30	230.0	14	1.05	0.95				
	114	2	165.56234540631579	33.28315191157895	0.0	0.0	1	1.0318856022792482	2.0994946102436742	230.0	16	1.05	0.95				
	115	2	270.53228605052635	54.618505701052634	0.0	0.0	1	1.037073753187607	13.447193366019192	230.0	16	1.05	0.95				
	116	2	85.34141515789474	17.06828303157895	0.0	0.0	1	1.0373686693090813	12.060086462116423	230.0	16	1.05	0.95				
	117	1	0.0	0.0	0.0	0.0	1	1.039806689211913	17.630206157822577	230.0	17	1.05	0.95				
	118	2	284.1869124757895	58.03216230736843	0.0	0.0	1	1.0493797582703506	18.037405169215596	230.0	17	1.05	0.95				
	119	1	154.4679614357895	31.576323608421053	0.0	0.0	1	1.0340521971549061	8.71012306251587	230.0	15	1.05	0.95				
	120	1	109.23701140210527	22.188767941052635	0.0	0.0	1	1.0404285473164792	7.184463951812841	230.0	15	1.05	0.95				
	121	2	0.0	0.0	0.0	0.0	1	1.05	20.176772905464695	230.0	17	1.05	0.95				
	122	2	0.0	0.0	0.0	0.0	1	1.05	37.25446098261311	230.0	17	1.05	0.95				
	123	2	0.0	0.0	0.0	0.0	1	1.0464241626249777	6.977806874208951	230.0	15	1.05	0.95				
	124	1	0.0	0.0	0.0	0.0	1	1.0110921488749336	8.248609066877362	230.0	16	1.05	0.95				
	201	2	94.04312922947369	19.156933731929822	0.0	0.0	2	1.05	-20.204008955601928	138.0	21	1.05	0.95				
	202	2	84.46466236350876	17.415394301754386	0.0	0.0	2	1.05	-20.34357824715725	138.0	22	1.05	0.95				
	203	1	156.73854871578948	32.21847945824561	0.0	0.0	2	1.0210315503463372	-14.39741699430193	138.0	21	1.05	0.95				
	204	1	64.43695891649122	13.061545726315787	0.0	0.0	2	1.018277501031253	-21.338966770795174	138.0	21	1.05	0.95				
	205	1	61.82464977122807	12.190776011228072	0.0	0.0	2	1.0371563554464895	-22.029506178258128	138.0	21	1.05	0.95				
	206	1	118.42468125192983	24.381552022456145	0.0	-100.0	2	1.0345364216521864	-23.888859183789076	138.0	22	1.05	0.95				
	207	2	108.84621438596491	21.769242877192983	0.0	0.0	2	0.95	-33.75665521597055	138.0	22	1.05	0.95				
	208	1	148.90162128	30.47694002807017	0.0	0.0	2	0.9532542022851264	-30.65606921260478	138.0	22	1.05	0.95				
	209	1	152.38470014035087	31.347709743157893	0.0	0.0	2	1.0207187795602004	-18.62905905253041	138.0	23	1.05	0.95				
	210	1	169.80009444210526	34.83078860350877	0.0	0.0	2	1.0463474665648183	-21.170109045018897	138.0	23	1.05	0.95				
	211	1	0.0	0.0	0.0	0.0	2	1.0300190655601613	-13.18072625908249	230.0	23	1.05	0.95				
	212	1	0.0	0.0	0.0	0.0	2	1.0178769416352111	-11.492444561852816	230.0	23	1.05	0.95				
	213	2	230.75397449824558	47.021564614736846	0.0	0.0	2	1.05	-9.500389292741172	230.0	24	1.05	0.95				
	214	2	168.92932472701753	33.960018888421054	0.0	0.0	2	1.05	-10.018999962426365	230.0	26	1.05	0.95				
	215	2	276.033999682807	55.729261765614034	0.0	0.0	2	1.0435001708773362	0.1650034074262797	230.0	26	1.05	0.95				
	216	2	87.07697150877193	17.415394301754386	0.0	0.0	2	1.0469882907106485	-0.11865049825885532	230.0	26	1.05	0.95				
	217	1	0.0	0.0	0.0	0.0	2	1.048917249624644	3.3263894346571634	230.0	27	1.05	0.95				
	218	2	289.96631512421055	59.21234062596491	0.0	0.0	2	1.05	3.6051740833790022	230.0	27	1.05	0.95				
	219	1	157.6093184308772	32.21847945824561	0.0	0.0	2	1.0414405460936615	-0.033787360966550765	230.0	25	1.05	0.95				
	220	1	111.45852353122807	22.640012592280705	0.0	0.0	2	1.044808055797436	1.671713030950357	230.0	25	1.05	0.95				
	221	2	0.0	0.0	0.0	0.0	2	1.05	3.846861151234334	230.0	27	1.05	0.95				
	222	2	0.0	0.0	0.0	0.0	2	1.05	10.154827799396655	230.0	27	1.05	0.95				
	223	2	0.0	0.0	0.0	0.0	2	1.05	3.2357877326222857	230.0	25	1.05	0.95				
	224	1	0.0	0.0	0.0	0.0	2	1.0163454555617546	-5.235452231308774	230.0	26	1.05	0.95				
	301	2	88.11515341894737	17.94938310385965	0.0	0.0	3	1.0213524180318139	4.783603782097854	138.0	31	1.05	0.95				
	302	2	79.14046186701754	16.317621003508773	0.0	0.0	3	1.0196066391786993	4.437031673617603	138.0	32	1.05	0.95				
	303	1	146.85858903157893	30.187598856491228	0.0	0.0	3	1.0491008538219935	19.922794474315598	138.0	31	1.05	0.95				
	304	1	60.375197712982455	12.238215752631577	0.0	0.0	3	1.0071777424233723	6.899927090644971	138.0	31	1.05	0.95				
	305	1	57.92755456245613	11.42233470245614	0.0	0.0	3	1.02447738731119	5.265654007343545	138.0	31	1.05	0.95				
	306	1	110.95982282385965	22.84466940491228	0.0	-100.0	3	1.0315890184895353	4.666581615470669	138.0	32	1.05	0.95				
	307	2	101.9851312719298	20.397026254385963	0.0	0.0	3	0.9617524284029525	-3.0780088858473684	138.0	32	1.05	0.95				
	308	1	139.51565957999998	28.555836756140344	0.0	0.0	3	0.9694253772479404	0.9291339872433138	138.0	32	1.05	0.95				
	309	1	142.77918378070177	29.37171780631579	0.0	0.0	3	1.0278115481486585	12.247033036833583	138.0	33	1.05	0.95				
	310	1	159.09680478421052	32.635242007017546	0.0	0.0	3	1.05	8.35793674740705	138.0	33	1.05	0.95				
	311	1	0.0	0.0	0.0	0.0	3	1.028642297227441	16.31397314419198	230.0	33	1.05	0.95				
	312	1	0.0	0.0	0.0	0.0	3	1.0280529904536653	17.064457631832223	230.0	33	1.05	0.95				
	313	2	216.20847829649122	44.057576709473686	0.0	0.0	3	1.05	22.195539167743682	230.0	34	1.05	0.95				
	314	2	158.28092373403507	31.819360956842104	0.0	0.0	3	1.0402815097964544	16.962022575184463	230.0	36	1.05	0.95				
	315	2	258.634292905614	52.21638721122807	0.0	0.0	3	1.0488357105583037	17.146150067190153	230.0	36	1.05	0.95				
	316	2	81.58810501754385	16.317621003508773	0.0	0.0	3	1.043474974272615	18.086666726116277	230.0	36	1.05	0.95				
	317	1	0.0	0.0	0.0	0.0	3	1.05	20.5624266627951	230.0	37	1.05	0.95				
	318	2	271.6883897084211	55.47991141192983	0.0	0.0	3	1.0432623150002687	17.32885674816425	230.0	37	1.05	0.95				
	319	1	147.67447008175438	30.187598856491228	0.0	0.0	3	1.0407552080420641	18.257841999459988	230.0	35	1.05	0.95				
	320	1	104.43277442245613	21.212907304561405	0.0	0.0	3	1.0426982158351952	18.699104448351974	230.0	35	1.05	0.95				
	321	2	0.0	0.0	0.0	0.0	3	1.0461177308835061	17.929991465101814	230.0	37	1.05	0.95				
	322	2	0.0	0.0	0.0	0.0	3	1.05	23.30643100481569	230.0	37	1.05	0.95				
	323	2	0.0	0.0	0.0	0.0	3	1.0447510324381553	18.992915715210543	230.0	35	1.05	0.95				
	324	1	0.0	0.0	0.0	0.0	3	1.048221722260387	19.904199528831224	230.0	36	1.05	0.95				
	325	1	0.0	0.0	0.0	0.0	3	1.045843344749413	19.094748419759522	230.0	35	1.05	0.95				
];

%% generator data
%    bus    Pg    Qg    Qmax    Qmin    Vg    mBase    status    Pmax    Pmin    Pc1    Pc2    Qc1min    Qc1max    Qc2min    Qc2max    ramp_agc    ramp_10    ramp_30    ramp_q    apf
