%% MATPOWER Case Format : Version 2
function mpc = RTS_GMLC
mpc.version = '2';

%%-----  Power Flow Data  -----%%
%% system MVA base
mpc.baseMVA = 100.0;
%% bus data
%    bus_i    type    Pd    Qd    Gs    Bs    area    Vm    Va    baseKV    zone    Vmax    Vmin
mpc.bus = [
	101	2	41.949529919999996	8.545274613333333	0.0	0.0	1	1.0356997002766128	3.345838639722381	138.0	11	1.05	0.95				
	102	2	37.67689261333332	7.768431466666666	0.0	0.0	1	1.0353071711349433	3.2207632820757572	138.0	12	1.05	0.95				
	103	1	69.9158832	14.37159821333333	0.0	0.0	1	1.0299395720786317	0.4638422549650136	138.0	11	1.05	0.95				
	104	1	28.74319642666666	5.8263235999999985	0.0	0.0	1	1.0229581426910754	-0.29100506718835206	138.0	11	1.05	0.95				
	105	1	27.577931706666657	5.437902026666666	0.0	0.0	1	1.037325682617714	0.01715567930025673	138.0	11	1.05	0.95				
	106	1	52.82533397333333	10.875804053333333	0.0	-100.0	1	1.0468686924553432	-2.254799282010178	138.0	12	1.05	0.95				
	107	2	48.55269666666666	9.710539333333331	0.0	0.0	1	1.0004032535168943	-7.492956133157697	138.0	12	1.05	0.95				
	108	1	66.42008903999998	13.594755066666664	0.0	0.0	1	1.0058364894942227	-6.3198891888399125	138.0	12	1.05	0.95				
	109	1	67.97377533333332	13.983176639999998	0.0	0.0	1	1.024927845523624	-1.5986666571139758	138.0	13	1.05	0.95				
	110	1	75.74220679999999	15.536862933333332	0.0	0.0	1	1.05	-2.141797076745079	138.0	13	1.05	0.95				
	111	1	0.0	0.0	0.0	0.0	1	1.0024944494175791	-0.22027318565802234	230.0	13	1.05	0.95				
	112	1	0.0	0.0	0.0	0.0	1	1.0075237241539234	0.2569018631573933	230.0	13	1.05	0.95				
	113	3	102.93171693333332	20.974764959999998	0.0	0.0	1	0.9926043519564614	6.230829739581806e-29	230.0	14	1.05	0.95				
	114	2	75.35378522666664	15.148441359999998	0.0	0.0	1	0.9985073957145781	1.3689069815515205	230.0	16	1.05	0.95				
	115	2	123.12963874666664	24.85898069333333	0.0	0.0	1	1.0378704123850733	6.106080318958935	230.0	16	1.05	0.95				
	116	2	38.842157333333326	7.768431466666666	0.0	0.0	1	1.0325445205152401	5.835602487148172	230.0	16	1.05	0.95				
	117	1	0.0	0.0	0.0	0.0	1	1.0418836593177252	7.265347550895937	230.0	17	1.05	0.95				
	118	2	129.34438391999998	26.412666986666665	0.0	0.0	1	1.045017081689787	7.118184447204649	230.0	17	1.05	0.95				
	119	1	70.30430477333333	14.37159821333333	0.0	0.0	1	1.025985516552458	5.217910046116025	230.0	15	1.05	0.95				
	120	1	49.71796138666666	10.098960906666665	0.0	0.0	1	1.0227061611264343	5.4379348743332505	230.0	15	1.05	0.95				
	121	2	0.0	0.0	0.0	0.0	1	1.0499999788970522	7.864992173373908	230.0	17	1.05	0.95				
	122	2	0.0	0.0	0.0	0.0	1	1.05	14.139961082185458	230.0	17	1.05	0.95				
	123	2	0.0	0.0	0.0	0.0	1	1.0213208031712804	5.863592696560145	230.0	15	1.05	0.95				
	124	1	0.0	0.0	0.0	0.0	1	1.0269830655234329	3.9957546256698424	230.0	16	1.05	0.95				
	201	2	44.4545883663158	9.055564296842105	0.0	0.0	2	1.0248932695264215	-6.975292137062612	138.0	21	1.05	0.95				
	202	2	39.926806217894736	8.23233117894737	0.0	0.0	2	1.0258629357148759	-6.779847942211609	138.0	22	1.05	0.95				
	203	1	74.09098061052632	15.229812681052632	0.0	0.0	2	1.0183293528984438	-6.316308072448393	138.0	21	1.05	0.95				
	204	1	30.459625362105264	6.174248384210526	0.0	0.0	2	1.017918650468203	-8.586396124011012	138.0	21	1.05	0.95				
	205	1	29.224775685263154	5.762631825263158	0.0	0.0	2	1.0324004566734335	-8.844750438672346	138.0	21	1.05	0.95				
	206	1	55.979852016842116	11.525263650526316	0.0	-100.0	2	1.0448003934456296	-10.258674272678995	138.0	22	1.05	0.95				
	207	2	51.452069868421056	10.290413973684212	0.0	0.0	2	0.9906057973863326	-16.23000019136844	138.0	22	1.05	0.95				
	208	1	70.38643157999999	14.406579563157894	0.0	0.0	2	0.9981677869925187	-14.392027645406335	138.0	22	1.05	0.95				
	209	1	72.03289781578948	14.818196122105261	0.0	0.0	2	1.0229496068998742	-8.370675628840171	138.0	23	1.05	0.95				
	210	1	80.26522899473683	16.46466235789474	0.0	0.0	2	1.05	-9.41612542725016	138.0	23	1.05	0.95				
	211	1	0.0	0.0	0.0	0.0	2	1.0044332569479317	-5.834270880595049	230.0	23	1.05	0.95				
	212	1	0.0	0.0	0.0	0.0	2	1.0090367796783475	-5.455739607579001	230.0	23	1.05	0.95				
	213	2	109.07838812105264	22.2272941831579	0.0	0.0	2	0.9977542737580689	-5.091401719624718	230.0	24	1.05	0.95				
	214	2	79.85361243578947	16.05304579894737	0.0	0.0	2	1.004687989505795	-3.3036709814412886	230.0	26	1.05	0.95				
	215	2	130.4824491863158	26.34345977263158	0.0	0.0	2	1.0258229771716643	2.9763780934106174	230.0	26	1.05	0.95				
	216	2	41.161655894736846	8.23233117894737	0.0	0.0	2	1.02737684291453	2.7228967965592568	230.0	26	1.05	0.95				
	217	1	0.0	0.0	0.0	0.0	2	1.0328324824091168	5.415722936089038	230.0	27	1.05	0.95				
	218	2	137.0683141294737	27.989926008421058	0.0	0.0	2	1.034476703691768	5.896499887522301	230.0	27	1.05	0.95				
	219	1	74.50259716947369	15.229812681052632	0.0	0.0	2	1.0276120006247367	1.6756992731321998	230.0	25	1.05	0.95				
	220	1	52.68691954526316	10.702030532631579	0.0	0.0	2	1.030621736908828	1.569615445918374	230.0	25	1.05	0.95				
	221	2	0.0	0.0	0.0	0.0	2	1.0345638294600918	5.683695925593499	230.0	27	1.05	0.95				
	222	2	0.0	0.0	0.0	0.0	2	1.05	12.074961667923152	230.0	27	1.05	0.95				
	223	2	0.0	0.0	0.0	0.0	2	1.0327255319451913	1.824857402233866	230.0	25	1.05	0.95				
	224	1	0.0	0.0	0.0	0.0	2	1.0115245438772633	-0.5129349870021086	230.0	26	1.05	0.95				
	301	2	46.5004745431579	9.472318888421052	0.0	0.0	3	1.0063588725743184	-26.04336906372116	138.0	31	1.05	0.95				
	302	2	41.76431509894737	8.611198989473683	0.0	0.0	3	1.0062020755838244	-26.144433597795295	138.0	32	1.05	0.95				
	303	1	77.50079090526316	15.930718130526314	0.0	0.0	3	1.021739175380279	-21.041226544011327	138.0	31	1.05	0.95				
	304	1	31.861436261052628	6.458399242105263	0.0	0.0	3	1.0096190514130046	-24.700187880910352	138.0	31	1.05	0.95				
	305	1	30.569756412631577	6.02783929263158	0.0	0.0	3	1.0225284231559164	-25.377636772220736	138.0	31	1.05	0.95				
	306	1	58.55615312842105	12.05567858526316	0.0	-100.0	3	1.0399300718544693	-25.52114610415294	138.0	32	1.05	0.95				
	307	2	53.81999368421052	10.763998736842105	0.0	0.0	3	0.9931543902188056	-30.246678888547937	138.0	32	1.05	0.95				
	308	1	73.62575136	15.069598231578945	0.0	0.0	3	0.9995000860745143	-28.307803959070398	138.0	32	1.05	0.95				
	309	1	75.34799115789474	15.500158181052631	0.0	0.0	3	1.0259474201419783	-21.75547778757524	138.0	33	1.05	0.95				
	310	1	83.95919014736842	17.222397978947367	0.0	0.0	3	1.05	-23.326638424813265	138.0	33	1.05	0.95				
	311	1	0.0	0.0	0.0	0.0	3	1.0087132088529471	-17.551640660803976	230.0	33	1.05	0.95				
	312	1	0.0	0.0	0.0	0.0	3	1.0120104402638892	-16.91089706467667	230.0	33	1.05	0.95				
	313	2	114.09838661052632	23.25023727157895	0.0	0.0	3	1.01219877484761	-13.853927102735383	230.0	34	1.05	0.95				
	314	2	83.52863019789474	16.791838029473684	0.0	0.0	3	1.0102070710654982	-15.714178262918523	230.0	36	1.05	0.95				
	315	2	136.4875039831579	27.55583676631579	0.0	0.0	3	1.0348961325346695	-11.361454245155093	230.0	36	1.05	0.95				
	316	2	43.05599494736842	8.611198989473683	0.0	0.0	3	1.0344950028623279	-10.562706825305767	230.0	36	1.05	0.95				
	317	1	0.0	0.0	0.0	0.0	3	1.0389822270524889	-9.096905310001718	230.0	37	1.05	0.95				
	318	2	143.37646317473684	29.278076564210526	0.0	0.0	3	1.0385947612545066	-8.884333248606247	230.0	37	1.05	0.95				
	319	1	77.93135085473685	15.930718130526314	0.0	0.0	3	1.032256694199827	-11.032061538814634	230.0	35	1.05	0.95				
	320	1	55.11167353263158	11.194558686315789	0.0	0.0	3	1.033163943736845	-10.609656550330113	230.0	35	1.05	0.95				
	321	2	0.0	0.0	0.0	0.0	3	1.0397072031736876	-8.994559585485485	230.0	37	1.05	0.95				
	322	2	0.0	0.0	0.0	0.0	3	1.05	-4.719952921671372	230.0	37	1.05	0.95				
	323	2	0.0	0.0	0.0	0.0	3	1.0343010886478192	-10.050665218873554	230.0	35	1.05	0.95				
	324	1	0.0	0.0	0.0	0.0	3	1.0179271817683182	-14.976040512499553	230.0	36	1.05	0.95				
	325	1	0.0	0.0	0.0	0.0	3	1.029492903158596	-8.561378028347148	230.0	35	1.05	0.95				
];
