%% MATPOWER Case Format : Version 2
function mpc = RTS_GMLC
mpc.version = '2';

%%-----  Power Flow Data  -----%%
%% system MVA base
mpc.baseMVA = 100.0;
%% bus data
%    bus_i    type    Pd    Qd    Gs    Bs    area    Vm    Va    baseKV    zone    Vmax    Vmin
mpc.bus = [
	101	2	41.254824353684214	8.403760516491229	0.0	0.0	1	1.0319002959115928	2.422417014154699	138.0	11	1.05	0.95				
	102	2	37.0529440954386	7.639782287719299	0.0	0.0	1	1.0309655155030446	2.1449647316141216	138.0	12	1.05	0.95				
	103	1	68.75804058947368	14.133597232280701	0.0	0.0	1	1.031403138016969	1.3630191384830865	138.0	11	1.05	0.95				
	104	1	28.267194464561403	5.729836715789473	0.0	0.0	1	1.0212110135392671	-0.9590390047791852	138.0	11	1.05	0.95				
	105	1	27.121227121403507	5.347847601403509	0.0	0.0	1	1.035571625845971	-0.7849792712762432	138.0	11	1.05	0.95				
	106	1	51.95051955649122	10.695695202807018	0.0	-100.0	1	1.0461497187064939	-3.0187099503452033	138.0	12	1.05	0.95				
	107	2	47.74863929824561	9.549727859649122	0.0	0.0	1	0.9996296417484003	-9.838476668341753	138.0	12	1.05	0.95				
	108	1	65.32013855999999	13.36961900350877	0.0	0.0	1	1.0045979051090301	-7.853345662957319	138.0	12	1.05	0.95				
	109	1	66.84809501754386	13.751608117894735	0.0	0.0	1	1.0246392287253878	-1.9425190124420106	138.0	13	1.05	0.95				
	110	1	74.48787730526315	15.279564575438599	0.0	0.0	1	1.05	-2.8264486759271077	138.0	13	1.05	0.95				
	111	1	0.0	0.0	0.0	0.0	1	1.0033797324872296	-0.013060700326165835	230.0	13	1.05	0.95				
	112	1	0.0	0.0	0.0	0.0	1	1.007985224310437	-0.6965762675295989	230.0	13	1.05	0.95				
	113	3	101.2271153122807	20.627412176842107	0.0	0.0	1	0.9942904530838752	3.730811298851109e-31	230.0	14	1.05	0.95				
	114	2	74.1058881908772	14.89757546105263	0.0	0.0	1	1.001946352613846	2.4772942935836766	230.0	16	1.05	0.95				
	115	2	121.09054926035088	24.447303320701756	0.0	0.0	1	1.0412096302126246	9.449833195839465	230.0	16	1.05	0.95				
	116	2	38.19891143859649	7.639782287719299	0.0	0.0	1	1.0346938528783673	8.154049857925557	230.0	16	1.05	0.95				
	117	1	0.0	0.0	0.0	0.0	1	1.0406274732203602	12.779675089682815	230.0	17	1.05	0.95				
	118	2	127.20237509052632	25.97525977824561	0.0	0.0	1	1.0485847951887273	13.11810348426699	230.0	17	1.05	0.95				
	119	1	69.14002970385965	14.133597232280701	0.0	0.0	1	1.022932500363963	4.955464304076651	230.0	15	1.05	0.95				
	120	1	48.89460664140351	9.931716974035087	0.0	0.0	1	1.0172997442888534	2.884243720432828	230.0	15	1.05	0.95				
	121	2	0.0	0.0	0.0	0.0	1	1.05	14.349417735139786	230.0	17	1.05	0.95				
	122	2	0.0	0.0	0.0	0.0	1	1.05	28.942473811386236	230.0	17	1.05	0.95				
	123	2	0.0	0.0	0.0	0.0	1	1.0148000591539112	2.037629376195194	230.0	15	1.05	0.95				
	124	1	0.0	0.0	0.0	0.0	1	1.0272090412757346	6.422617591897408	230.0	16	1.05	0.95				
	201	2	42.49960647157896	8.657327244210528	0.0	0.0	2	1.0128189599930735	-14.884685872804369	138.0	21	1.05	0.95				
	202	2	38.17094284947369	7.870297494736844	0.0	0.0	2	1.0119293544214751	-15.17376454811546	138.0	22	1.05	0.95				
	203	1	70.83267745263159	14.56005036526316	0.0	0.0	2	1.0148498528060257	-10.775782107381529	138.0	21	1.05	0.95				
	204	1	29.12010073052632	5.902723121052632	0.0	0.0	2	1.0117604130055606	-14.808018546663877	138.0	21	1.05	0.95				
	205	1	27.939556106315795	5.509208246315791	0.0	0.0	2	1.0266645272543615	-15.257515981135002	138.0	21	1.05	0.95				
	206	1	53.51802296421053	11.018416492631582	0.0	-100.0	2	1.0424240127231097	-15.968007981333946	138.0	22	1.05	0.95				
	207	2	49.18935934210527	9.837871868421054	0.0	0.0	2	0.9948911156952761	-20.635104143630173	138.0	22	1.05	0.95				
	208	1	67.29104358000001	13.773020615789475	0.0	0.0	2	1.001323207684475	-18.879852306545473	138.0	22	1.05	0.95				
	209	1	68.86510307894737	14.166535490526316	0.0	0.0	2	1.0227962505719022	-12.87534478398928	138.0	23	1.05	0.95				
	210	1	76.73540057368422	15.740594989473689	0.0	0.0	2	1.05	-14.362166031098274	138.0	23	1.05	0.95				
	211	1	0.0	0.0	0.0	0.0	2	1.0058689057324566	-9.929559284892216	230.0	23	1.05	0.95				
	212	1	0.0	0.0	0.0	0.0	2	1.0082467652192602	-9.117251209284547	230.0	23	1.05	0.95				
	213	2	104.28144180526317	21.24980323578948	0.0	0.0	2	1.0023616345007873	-8.48685108146807	230.0	24	1.05	0.95				
	214	2	76.34188569894738	15.347080114736844	0.0	0.0	2	1.0069086782789287	-7.390516050820378	230.0	26	1.05	0.95				
	215	2	124.74421529157895	25.184951983157898	0.0	0.0	2	1.021558476894615	-1.1719199383670522	230.0	26	1.05	0.95				
	216	2	39.351487473684216	7.870297494736844	0.0	0.0	2	1.0233208043128024	-1.4090547642783458	230.0	26	1.05	0.95				
	217	1	0.0	0.0	0.0	0.0	2	1.0269992393377947	0.08532622027244899	230.0	27	1.05	0.95				
	218	2	131.04045328736845	26.759011482105265	0.0	0.0	2	1.02634508756312	-0.34451581776713125	230.0	27	1.05	0.95				
	219	1	71.22619232736844	14.56005036526316	0.0	0.0	2	1.0250953116403378	-1.4111175861802323	230.0	25	1.05	0.95				
	220	1	50.369903966315796	10.231386743157897	0.0	0.0	2	1.0291037260248292	-0.6431559469889313	230.0	25	1.05	0.95				
	221	2	0.0	0.0	0.0	0.0	2	1.0283107647143817	0.17981182016052794	230.0	27	1.05	0.95				
	222	2	0.0	0.0	0.0	0.0	2	1.0499997701759747	6.632888686278219	230.0	27	1.05	0.95				
	223	2	0.0	0.0	0.0	0.0	2	1.0318957982785026	0.07735291132019997	230.0	25	1.05	0.95				
	224	1	0.0	0.0	0.0	0.0	2	1.0072458270589122	-4.781340629857638	230.0	26	1.05	0.95				
	301	2	49.763366033684214	10.13698196982456	0.0	0.0	3	1.0064940533505065	-11.888006506760489	138.0	31	1.05	0.95				
	302	2	44.694875048771934	9.215438154385966	0.0	0.0	3	1.0062300094401304	-12.000962424528664	138.0	32	1.05	0.95				
	303	1	82.93894338947368	17.048560585614037	0.0	0.0	3	1.0306713327996573	-5.339620628483071	138.0	31	1.05	0.95				
	304	1	34.097121171228075	6.911578615789474	0.0	0.0	3	1.0111241445225878	-10.011636188348763	138.0	31	1.05	0.95				
	305	1	32.71480544807018	6.450806708070177	0.0	0.0	3	1.0223165576678646	-11.649862190844393	138.0	31	1.05	0.95				
	306	1	62.664979449824564	12.901613416140354	0.0	-100.0	3	1.039091082148808	-12.046288788195527	138.0	32	1.05	0.95				
	307	2	57.59648846491229	11.519297692982457	0.0	0.0	3	0.9920504123212986	-16.491213162850876	138.0	32	1.05	0.95				
	308	1	78.79199622	16.12701677017544	0.0	0.0	3	0.998439644125754	-14.40481403796471	138.0	32	1.05	0.95				
	309	1	80.6350838508772	16.58778867789474	0.0	0.0	3	1.0304839795624385	-6.524716976496247	138.0	33	1.05	0.95				
	310	1	89.85052200526316	18.430876308771932	0.0	0.0	3	1.05	-9.927644943841896	138.0	33	1.05	0.95				
	311	1	0.0	0.0	0.0	0.0	3	1.0105932660244472	-4.291980014075126	230.0	33	1.05	0.95				
	312	1	0.0	0.0	0.0	0.0	3	1.014397510326513	-3.7696133923183863	230.0	33	1.05	0.95				
	313	2	122.10455554561403	24.881683016842107	0.0	0.0	3	1.012804041884253	-1.138908804482986	230.0	34	1.05	0.95				
	314	2	89.38975009754387	17.970104401052634	0.0	0.0	3	1.0092270259833467	-3.0096261742490427	230.0	36	1.05	0.95				
	315	2	146.06469474701754	29.48940209403509	0.0	0.0	3	1.0388729238883352	1.2971343215359188	230.0	36	1.05	0.95				
	316	2	46.07719077192983	9.215438154385966	0.0	0.0	3	1.0379299444511019	1.512876835970855	230.0	36	1.05	0.95				
	317	1	0.0	0.0	0.0	0.0	3	1.0499999952041303	6.741865332894361	230.0	37	1.05	0.95				
	318	2	153.43704527052634	31.332489724912282	0.0	0.0	3	1.0467063488965858	4.518420761702039	230.0	37	1.05	0.95				
	319	1	83.39971529719298	17.048560585614037	0.0	0.0	3	1.0314649130454803	0.7115259347984403	230.0	35	1.05	0.95				
	320	1	58.97880418807018	11.980069600701755	0.0	0.0	3	1.029117759903129	0.9003485216419079	230.0	35	1.05	0.95				
	321	2	0.0	0.0	0.0	0.0	3	1.0453439112600273	4.07018897798868	230.0	37	1.05	0.95				
	322	2	0.0	0.0	0.0	0.0	3	1.05	9.461094294860338	230.0	37	1.05	0.95				
	323	2	0.0	0.0	0.0	0.0	3	1.0285616869077066	1.357981598493645	230.0	35	1.05	0.95				
	324	1	0.0	0.0	0.0	0.0	3	1.0269614671979093	-1.18807194204284	230.0	36	1.05	0.95				
	325	1	0.0	0.0	0.0	0.0	3	1.0269149557273696	2.459649508311421	230.0	35	1.05	0.95				
];
