%% MATPOWER Case Format : Version 2
function mpc = RTS_GMLC
mpc.version = '2';

%%-----  Power Flow Data  -----%%
%% system MVA base
mpc.baseMVA = 100.0;
%% bus data
%    bus_i    type    Pd    Qd    Gs    Bs    area    Vm    Va    baseKV    zone    Vmax    Vmin
mpc.bus = [
	101	2	45.9708065431579	9.36442355508772	0.0	0.0	1	1.0326777239297924	1.431798402662254	138.0	11	1.05	0.95				
	102	2	41.288594765614036	8.51311232280702	0.0	0.0	1	1.0317701767333418	1.1639206145106658	138.0	12	1.05	0.95				
	103	1	76.61801090526316	15.749257797192984	0.0	0.0	1	1.0279063686228085	0.3211998427390395	138.0	11	1.05	0.95				
	104	1	31.498515594385967	6.3848342421052635	0.0	0.0	1	1.0207864840580891	-1.7181072461047338	138.0	11	1.05	0.95				
	105	1	30.221548745964917	5.959178625964913	0.0	0.0	1	1.0355862720326297	-1.5501336522195774	138.0	11	1.05	0.95				
	106	1	57.889163795087725	11.918357251929827	0.0	-100.0	1	1.0453080239563353	-3.6937152366956747	138.0	12	1.05	0.95				
	107	2	53.20695201754386	10.641390403508773	0.0	0.0	1	1.0009891983079016	-9.478993429621761	138.0	12	1.05	0.95				
	108	1	72.78711036000001	14.897946564912282	0.0	0.0	1	1.0044743357071466	-7.9649832657164295	138.0	12	1.05	0.95				
	109	1	74.4897328245614	15.323602181052632	0.0	0.0	1	1.0244770112562325	-2.3458626143148034	138.0	13	1.05	0.95				
	110	1	83.00284514736843	17.02622464561404	0.0	0.0	1	1.05	-3.2280264249488297	138.0	13	1.05	0.95				
	111	1	0.0	0.0	0.0	0.0	1	1.0038008277275394	-0.3583685536119906	230.0	13	1.05	0.95				
	112	1	0.0	0.0	0.0	0.0	1	1.0085372474896728	-0.17768798601359448	230.0	13	1.05	0.95				
	113	3	112.79873827719298	22.98540327157895	0.0	0.0	1	0.9966296252473876	3.066864832968182e-31	230.0	14	1.05	0.95				
	114	2	82.57718953122807	16.600569029473686	0.0	0.0	1	1.0011986030269746	1.887392057154138	230.0	16	1.05	0.95				
	115	2	134.93283031649125	27.24195943298246	0.0	0.0	1	1.035796204293259	8.23803326209817	230.0	16	1.05	0.95				
	116	2	42.56556161403509	8.51311232280702	0.0	0.0	1	1.0319585225722205	7.526315057252316	230.0	16	1.05	0.95				
	117	1	0.0	0.0	0.0	0.0	1	1.0388707517434195	9.83356792592098	230.0	17	1.05	0.95				
	118	2	141.74332017473685	28.944581897543863	0.0	0.0	1	1.0410609379650322	10.040193467498804	230.0	17	1.05	0.95				
	119	1	77.04366652140352	15.749257797192984	0.0	0.0	1	1.0255421068317514	6.048194947862238	230.0	15	1.05	0.95				
	120	1	54.48391886596492	11.067046019649124	0.0	0.0	1	1.0231663995230305	5.586600426555246	230.0	15	1.05	0.95				
	121	2	0.0	0.0	0.0	0.0	1	1.0442657298752327	11.210860901421778	230.0	17	1.05	0.95				
	122	2	0.0	0.0	0.0	0.0	1	1.05	17.579422110124685	230.0	17	1.05	0.95				
	123	2	0.0	0.0	0.0	0.0	1	1.0223630136314352	5.662661967674535	230.0	15	1.05	0.95				
	124	1	0.0	0.0	0.0	0.0	1	1.0227476819178951	5.268772647794668	230.0	16	1.05	0.95				
	201	2	48.94254682105264	9.969778056140353	0.0	0.0	2	1.026346581757032	-9.603512967389783	138.0	21	1.05	0.95				
	202	2	43.95765779298246	9.063434596491229	0.0	0.0	2	1.0273459360658226	-9.411550744587892	138.0	22	1.05	0.95				
	203	1	81.57091136842106	16.76735400350877	0.0	0.0	2	1.0169470802740985	-8.628099658863055	138.0	21	1.05	0.95				
	204	1	33.53470800701754	6.797575947368421	0.0	0.0	2	1.0177924616284881	-11.029377434695915	138.0	21	1.05	0.95				
	205	1	32.17519281754386	6.344404217543861	0.0	0.0	2	1.0326323189445525	-11.326262857579199	138.0	21	1.05	0.95				
	206	1	61.63135525614037	12.688808435087722	0.0	-100.0	2	1.044065813296241	-12.694624369454214	138.0	22	1.05	0.95				
	207	2	56.64646622807018	11.329293245614036	0.0	0.0	2	0.9921583285685732	-19.246227513888126	138.0	22	1.05	0.95				
	208	1	77.4923658	15.86101054385965	0.0	0.0	2	0.9973191646859264	-17.17524361713627	138.0	22	1.05	0.95				
	209	1	79.30505271929825	16.31418227368421	0.0	0.0	2	1.0229152881556873	-10.493731029455892	138.0	23	1.05	0.95				
	210	1	88.36848731578948	18.126869192982458	0.0	0.0	2	1.05	-11.621804790807422	138.0	23	1.05	0.95				
	211	1	0.0	0.0	0.0	0.0	2	1.006359935386739	-7.658334500505194	230.0	23	1.05	0.95				
	212	1	0.0	0.0	0.0	0.0	2	1.0085561785617168	-6.801319587473062	230.0	23	1.05	0.95				
	213	2	120.09050840350879	24.47127341052632	0.0	0.0	2	1.0021275783735715	-6.386977869382918	230.0	24	1.05	0.95				
	214	2	87.91531558596492	17.673697463157897	0.0	0.0	2	1.0074257619767546	-5.266707967386534	230.0	26	1.05	0.95				
	215	2	143.65543835438598	29.002990708771932	0.0	0.0	2	1.02392399667837	0.9294580909910052	230.0	26	1.05	0.95				
	216	2	45.31717298245614	9.063434596491229	0.0	0.0	2	1.0253753819640725	0.8773456198649224	230.0	26	1.05	0.95				
	217	1	0.0	0.0	0.0	0.0	2	1.0301995088516414	2.9713056436048486	230.0	27	1.05	0.95				
	218	2	150.90618603157898	30.815677628070183	0.0	0.0	2	1.030135773021534	2.7354071371276363	230.0	27	1.05	0.95				
	219	1	82.02408309824563	16.76735400350877	0.0	0.0	2	1.0255349458259113	0.7354927451364071	230.0	25	1.05	0.95				
	220	1	58.005981417543865	11.782464975438597	0.0	0.0	2	1.0288434034097864	1.496123147424187	230.0	25	1.05	0.95				
	221	2	0.0	0.0	0.0	0.0	2	1.0313195943216364	2.925576448306366	230.0	27	1.05	0.95				
	222	2	0.0	0.0	0.0	0.0	2	1.05	9.436925017938517	230.0	27	1.05	0.95				
	223	2	0.0	0.0	0.0	0.0	2	1.0315357202486168	2.257455118042357	230.0	25	1.05	0.95				
	224	1	0.0	0.0	0.0	0.0	2	1.009537127487339	-2.661566917211485	230.0	26	1.05	0.95				
	301	2	46.97880419368421	9.569756409824562	0.0	0.0	3	1.0128626306936641	-5.343486974439457	138.0	31	1.05	0.95				
	302	2	42.19392598877193	8.699778554385967	0.0	0.0	3	1.0122012053356126	-5.593853353109066	138.0	32	1.05	0.95				
	303	1	78.29800698947369	16.094590325614035	0.0	0.0	3	1.0443495786084351	5.788791475717929	138.0	31	1.05	0.95				
	304	1	32.18918065122807	6.524833915789474	0.0	0.0	3	1.013104316998987	-3.982494851363039	138.0	31	1.05	0.95				
	305	1	30.884213868070177	6.089844988070176	0.0	0.0	3	1.0261178224753216	-6.2060110938231325	138.0	31	1.05	0.95				
	306	1	59.15849416982457	12.179689976140352	0.0	-100.0	3	1.0412250649534238	-7.200367489589127	138.0	32	1.05	0.95				
	307	2	54.37361596491228	10.874723192982456	0.0	0.0	3	0.9914526862503983	-11.074978834330011	138.0	32	1.05	0.95				
	308	1	74.38310664	15.224612470175439	0.0	0.0	3	0.9983580302821093	-9.117773326821297	138.0	32	1.05	0.95				
	309	1	76.12306235087719	15.659601397894738	0.0	0.0	3	1.027674675269501	-0.8889439450573505	138.0	33	1.05	0.95				
	310	1	84.82284090526316	17.399557108771933	0.0	0.0	3	1.05	-5.668612580039658	138.0	33	1.05	0.95				
	311	1	0.0	0.0	0.0	0.0	3	1.0077772895588533	-1.5083294732564578	230.0	33	1.05	0.95				
	312	1	0.0	0.0	0.0	0.0	3	1.0137150023781294	-0.74051225030468	230.0	33	1.05	0.95				
	313	2	115.27206584561402	23.489402096842106	0.0	0.0	3	1.010033891340422	1.2186932847336378	230.0	34	1.05	0.95				
	314	2	84.38785197754386	16.964568181052634	0.0	0.0	3	0.9992092287640865	-2.006299736765647	230.0	36	1.05	0.95				
	315	2	137.89149008701756	27.839291374035092	0.0	0.0	3	1.0309507640334805	-0.15528743264304606	230.0	36	1.05	0.95				
	316	2	43.498892771929825	8.699778554385967	0.0	0.0	3	1.025226447918542	-0.08377465782146598	230.0	36	1.05	0.95				
	317	1	0.0	0.0	0.0	0.0	3	1.0308863607713863	0.43317347504483766	230.0	37	1.05	0.95				
	318	2	144.85131293052632	29.579247084912286	0.0	0.0	3	1.0302859261912527	0.111299306504557	230.0	37	1.05	0.95				
	319	1	78.73299591719298	16.094590325614035	0.0	0.0	3	1.0196732119224399	-0.1648613729419169	230.0	35	1.05	0.95				
	320	1	55.678582748070184	11.309712120701755	0.0	0.0	3	1.0178469529716307	0.6252452268690373	230.0	35	1.05	0.95				
	321	2	0.0	0.0	0.0	0.0	3	1.0324447398368344	0.5570361189714484	230.0	37	1.05	0.95				
	322	2	0.0	0.0	0.0	0.0	3	1.0451138077394	4.855676650195805	230.0	37	1.05	0.95				
	323	2	0.0	0.0	0.0	0.0	3	1.0176730996237242	1.402357027764042	230.0	35	1.05	0.95				
	324	1	0.0	0.0	0.0	0.0	3	1.0334546142069536	2.1198911250830625	230.0	36	1.05	0.95				
	325	1	0.0	0.0	0.0	0.0	3	1.0178972853397672	2.2480960549357345	230.0	35	1.05	0.95				
];
