%% MATPOWER Case Format : Version 2
function mpc = RTS_GMLC
mpc.version = '2';

%%-----  Power Flow Data  -----%%
%% system MVA base
mpc.baseMVA = 100.0;
%% bus data
%    bus_i    type    Pd    Qd    Gs    Bs    area    Vm    Va    baseKV    zone    Vmax    Vmin
mpc.bus = [
	101	2	38.58287976	7.859475506666666	0.0	0.0	1	1.0324956155393572	1.1775676346376445	138.0	11	1.05	0.95				
	102	2	34.65314200666666	7.1449777333333335	0.0	0.0	1	1.0303732993201182	0.6232434343359947	138.0	12	1.05	0.95				
	103	1	64.3047996	13.218208806666665	0.0	0.0	1	1.0281918960143943	0.01676322472451119	138.0	11	1.05	0.95				
	104	1	26.43641761333333	5.358733299999999	0.0	0.0	1	1.0236950797616846	-1.4437591087823853	138.0	11	1.05	0.95				
	105	1	25.36467095333333	5.001484413333333	0.0	0.0	1	1.036474907533557	-1.6591496206389884	138.0	11	1.05	0.95				
	106	1	48.58584858666667	10.002968826666667	0.0	-100.0	1	1.0470543037744453	-3.7403899029498917	138.0	12	1.05	0.95				
	107	2	44.65611083333333	8.931222166666666	0.0	0.0	1	1.0032508003739011	-9.354317508847227	138.0	12	1.05	0.95				
	108	1	61.08955962	12.503711033333332	0.0	0.0	1	1.007882652049234	-7.750697185755102	138.0	12	1.05	0.95				
	109	1	62.518555166666665	12.860959919999997	0.0	0.0	1	1.024149775117122	-2.5218211058292224	138.0	13	1.05	0.95				
	110	1	69.66353289999999	14.289955466666667	0.0	0.0	1	1.05	-3.4034617676802066	138.0	13	1.05	0.95				
	111	1	0.0	0.0	0.0	0.0	1	1.0002279966250913	-0.8139147724796327	230.0	13	1.05	0.95				
	112	1	0.0	0.0	0.0	0.0	1	1.005341296826048	-1.1572238953892853	230.0	13	1.05	0.95				
	113	3	94.67095496666667	19.29143988	0.0	0.0	1	0.9918851149452192	-2.1411384362533022e-30	230.0	14	1.05	0.95				
	114	2	69.30628401333333	13.932706580000001	0.0	0.0	1	0.9943006362593565	0.7850784127231153	230.0	16	1.05	0.95				
	115	2	113.24789707333333	22.863928746666666	0.0	0.0	1	1.0282346059964234	6.173838328378217	230.0	16	1.05	0.95				
	116	2	35.724888666666665	7.1449777333333335	0.0	0.0	1	1.0239328254239861	5.107547730918205	230.0	16	1.05	0.95				
	117	1	0.0	0.0	0.0	0.0	1	1.032285123208202	8.40867387599041	230.0	17	1.05	0.95				
	118	2	118.96387926	24.292924293333336	0.0	0.0	1	1.035473314847665	9.00617096858939	230.0	17	1.05	0.95				
	119	1	64.66204848666666	13.218208806666665	0.0	0.0	1	1.0144665118554583	2.8476580254033825	230.0	15	1.05	0.95				
	120	1	45.72785749333333	9.288471053333334	0.0	0.0	1	1.0091952213128446	1.4666094443701807	230.0	15	1.05	0.95				
	121	2	0.0	0.0	0.0	0.0	1	1.0377435966434927	10.3094641656627	230.0	17	1.05	0.95				
	122	2	0.0	0.0	0.0	0.0	1	1.05	17.118248904287118	230.0	17	1.05	0.95				
	123	2	0.0	0.0	0.0	0.0	1	1.006598842468851	0.9887975196398497	230.0	15	1.05	0.95				
	124	1	0.0	0.0	0.0	0.0	1	1.0199307397660142	3.846546254303441	230.0	16	1.05	0.95				
	201	2	35.03667558694737	7.137100582526316	0.0	0.0	2	1.018609321868308	-13.091662994656177	138.0	21	1.05	0.95				
	202	2	31.468125295684207	6.488273256842106	0.0	0.0	2	1.0176633669907373	-13.367410194790379	138.0	22	1.05	0.95				
	203	1	58.39445931157895	12.003305525157895	0.0	0.0	2	1.0166383361194438	-9.59512687203296	138.0	21	1.05	0.95				
	204	1	24.00661105031579	4.866204942631579	0.0	0.0	2	1.0152608072115135	-13.23756892256187	138.0	21	1.05	0.95				
	205	1	23.033370061789473	4.541791279789474	0.0	0.0	2	1.030613183862318	-13.61216458769327	138.0	21	1.05	0.95				
	206	1	44.12025814652632	9.083582559578948	0.0	-100.0	2	1.045771596423368	-14.345914708299215	138.0	22	1.05	0.95				
	207	2	40.55170785526316	8.110341571052631	0.0	0.0	2	1.000927069333446	-18.148040195245464	138.0	22	1.05	0.95				
	208	1	55.474736346	11.354478199473682	0.0	0.0	2	1.0072650165920405	-16.735402564383023	138.0	22	1.05	0.95				
	209	1	56.77239099736842	11.678891862315789	0.0	0.0	2	1.0217229034868023	-11.777416748756831	138.0	23	1.05	0.95				
	210	1	63.26066425421053	12.976546513684212	0.0	0.0	2	1.05	-13.088573542836249	138.0	23	1.05	0.95				
	211	1	0.0	0.0	0.0	0.0	2	0.9998996104668564	-9.522439151582308	230.0	23	1.05	0.95				
	212	1	0.0	0.0	0.0	0.0	2	1.0021108636156273	-8.935233927839525	230.0	23	1.05	0.95				
	213	2	85.9696206531579	17.518337793473684	0.0	0.0	2	0.9893423394911967	-8.844116405845723	230.0	24	1.05	0.95				
	214	2	62.93625059136841	12.652132850842108	0.0	0.0	2	0.9991936065617875	-7.0430616865600415	230.0	26	1.05	0.95				
	215	2	102.83913112094736	20.762474421894737	0.0	0.0	2	1.014530916474833	-0.6149242655611924	230.0	26	1.05	0.95				
	216	2	32.441366284210524	6.488273256842106	0.0	0.0	2	1.0131210670878246	-1.5474229147803558	230.0	26	1.05	0.95				
	217	1	0.0	0.0	0.0	0.0	2	1.0184114351162439	0.12548001116948745	230.0	27	1.05	0.95				
	218	2	108.02974972642106	22.06012907326316	0.0	0.0	2	1.0185219895831956	-0.049330317485163255	230.0	27	1.05	0.95				
	219	1	58.71887297442105	12.003305525157895	0.0	0.0	2	1.0080681460001324	-2.9403028180932242	230.0	25	1.05	0.95				
	220	1	41.524948843789474	8.434755233894737	0.0	0.0	2	1.0057699897888182	-3.498522461325434	230.0	25	1.05	0.95				
	221	2	0.0	0.0	0.0	0.0	2	1.0207352908916802	0.5610231744127189	230.0	27	1.05	0.95				
	222	2	0.0	0.0	0.0	0.0	2	1.0424253967233705	6.976440524733626	230.0	27	1.05	0.95				
	223	2	0.0	0.0	0.0	0.0	2	1.00458506864618	-3.5432953836276315	230.0	25	1.05	0.95				
	224	1	0.0	0.0	0.0	0.0	2	1.0043048112985977	-4.020455198029279	230.0	26	1.05	0.95				
	301	2	38.556785823157895	7.854160075087719	0.0	0.0	3	1.0099834627456385	-2.8585778050108113	138.0	31	1.05	0.95				
	302	2	34.629705785614036	7.140145522807018	0.0	0.0	3	1.0100128655070386	-2.925320530162306	138.0	32	1.05	0.95				
	303	1	64.26130970526316	13.20926921719298	0.0	0.0	3	1.016215247112251	0.2518493936464288	138.0	31	1.05	0.95				
	304	1	26.41853843438596	5.355109142105263	0.0	0.0	3	1.011220236117819	-1.880679128136083	138.0	31	1.05	0.95				
	305	1	25.34751660596491	4.998101865964913	0.0	0.0	3	1.025391072544188	-2.0078873960507546	138.0	31	1.05	0.95				
	306	1	48.55298955508772	9.996203731929826	0.0	-100.0	3	1.042978650932767	-1.9872459640203834	138.0	32	1.05	0.95				
	307	2	44.62590951754386	8.925181903508772	0.0	0.0	3	0.9905703772660306	-5.377696997111937	138.0	32	1.05	0.95				
	308	1	61.04824422	12.495254664912279	0.0	0.0	3	1.0017873030465991	-3.860657991022315	138.0	32	1.05	0.95				
	309	1	62.476273324561404	12.852261941052632	0.0	0.0	3	1.0224936164459453	0.45471023601447125	138.0	33	1.05	0.95				
	310	1	69.61641884736842	14.280291045614035	0.0	0.0	3	1.05	-0.005828754590224528	138.0	33	1.05	0.95				
	311	1	0.0	0.0	0.0	0.0	3	0.9986871012559853	3.7130564196884226	230.0	33	1.05	0.95				
	312	1	0.0	0.0	0.0	0.0	3	1.006749734004859	4.469290838288895	230.0	33	1.05	0.95				
	313	2	94.60692817719298	19.278392911578948	0.0	0.0	3	1.0043660128768956	8.045068025651307	230.0	34	1.05	0.95				
	314	2	69.25941157122807	13.923283769473684	0.0	0.0	3	0.9855109252463732	3.5538295436945826	230.0	36	1.05	0.95				
	315	2	113.17130653649123	22.848465672982456	0.0	0.0	3	0.9999745689440436	1.1164629454391923	230.0	36	1.05	0.95				
	316	2	35.70072761403509	7.140145522807018	0.0	0.0	3	0.99890201774871	1.6514420944278976	230.0	36	1.05	0.95				
	317	1	0.0	0.0	0.0	0.0	3	1.0042750671089813	1.480000405954474	230.0	37	1.05	0.95				
	318	2	118.88342295473684	24.27649477754386	0.0	0.0	3	1.0033864605890763	0.7216209492612534	230.0	37	1.05	0.95				
	319	1	64.61831698140351	13.20926921719298	0.0	0.0	3	1.0014533280453242	3.5816152122890696	230.0	35	1.05	0.95				
	320	1	45.69693134596491	9.282189179649123	0.0	0.0	3	1.0039077687137201	4.8660293827496615	230.0	35	1.05	0.95				
	321	2	0.0	0.0	0.0	0.0	3	1.0042868081143412	1.4343392993224	230.0	37	1.05	0.95				
	322	2	0.0	0.0	0.0	0.0	3	1.0181728805506052	6.034328411722761	230.0	37	1.05	0.95				
	323	2	0.0	0.0	0.0	0.0	3	1.0052036839291314	5.572338949459487	230.0	35	1.05	0.95				
	324	1	0.0	0.0	0.0	0.0	3	1.0037136282943893	2.155877616836528	230.0	36	1.05	0.95				
	325	1	0.0	0.0	0.0	0.0	3	1.007692035627633	5.9963433387020375	230.0	35	1.05	0.95				
];
