%% MATPOWER Case Format : Version 2
function mpc = RTS_GMLC
mpc.version = '2';

%%-----  Power Flow Data  -----%%
%% system MVA base
mpc.baseMVA = 100.0;
%% bus data
%    bus_i    type    Pd    Qd    Gs    Bs    area    Vm    Va    baseKV    zone    Vmax    Vmin
mpc.bus = [
	101	2	35.576942108210524	7.247154873894736	0.0	0.0	1	1.0358668401401852	3.9129775239121627	138.0	11	1.05	0.95				
	102	2	31.953364671263156	6.588322612631579	0.0	0.0	1	1.0349950384955027	3.6671004374442218	138.0	12	1.05	0.95				
	103	1	59.294903513684204	12.18839683336842	0.0	0.0	1	1.0288318695665497	1.734445072049887	138.0	11	1.05	0.95				
	104	1	24.37679366673684	4.941241959473683	0.0	0.0	1	1.0234486437327324	0.4774804124328827	138.0	11	1.05	0.95				
	105	1	23.388545274842105	4.611825828842106	0.0	0.0	1	1.0383101698193984	0.7701965517042695	138.0	11	1.05	0.95				
	106	1	44.80059376589474	9.223651657684211	0.0	-100.0	1	1.0486001209866498	-1.3848695333213488	138.0	12	1.05	0.95				
	107	2	41.17701632894737	8.235403265789474	0.0	0.0	1	1.0021850349771237	-6.6342009293198005	138.0	12	1.05	0.95				
	108	1	56.33015833799999	11.529564572105262	0.0	0.0	1	1.0083746331718286	-5.308257878348873	138.0	12	1.05	0.95				
	109	1	57.64782286052631	11.85898070273684	0.0	0.0	1	1.0237239603386081	-0.8005728046902484	138.0	13	1.05	0.95				
	110	1	64.23614547315789	13.176645225263158	0.0	0.0	1	1.05	-1.3845824400307136	138.0	13	1.05	0.95				
	111	1	0.0	0.0	0.0	0.0	1	0.9993247028288779	0.40747371409639715	230.0	13	1.05	0.95				
	112	1	0.0	0.0	0.0	0.0	1	1.004471491567456	0.2939497158279748	230.0	13	1.05	0.95				
	113	3	87.2952746173684	17.788471054105262	0.0	0.0	1	0.9875497657715729	-9.615182002409239e-31	230.0	14	1.05	0.95				
	114	2	63.90672934252631	12.84722909463158	0.0	0.0	1	0.9942660603662286	2.411234390496888	230.0	16	1.05	0.95				
	115	2	104.42491341021052	21.08263236042105	0.0	0.0	1	1.0293631068095501	7.596583606085296	230.0	16	1.05	0.95				
	116	2	32.941613063157895	6.588322612631579	0.0	0.0	1	1.0253394533910876	7.102556584290019	230.0	16	1.05	0.95				
	117	1	0.0	0.0	0.0	0.0	1	1.034117758788799	9.43966283197671	230.0	17	1.05	0.95				
	118	2	109.6955715003158	22.40029688294737	0.0	0.0	1	1.0365876244749197	9.708421843330452	230.0	17	1.05	0.95				
	119	1	59.62431964431579	12.18839683336842	0.0	0.0	1	1.0173721411719017	5.3914403429573925	230.0	15	1.05	0.95				
	120	1	42.1652647208421	8.564819396421052	0.0	0.0	1	1.0127725705966426	4.545951301673982	230.0	15	1.05	0.95				
	121	2	0.0	0.0	0.0	0.0	1	1.0396746851125296	10.72263218568583	230.0	17	1.05	0.95				
	122	2	0.0	0.0	0.0	0.0	1	1.05	16.779241189849067	230.0	17	1.05	0.95				
	123	2	0.0	0.0	0.0	0.0	1	1.0103319038537892	4.3422531935468145	230.0	15	1.05	0.95				
	124	1	0.0	0.0	0.0	0.0	1	1.0211333690205384	5.3826080671072205	230.0	16	1.05	0.95				
	201	2	37.73965055873684	7.687706595298245	0.0	0.0	2	1.0165623097337297	-9.229905800142701	138.0	21	1.05	0.95				
	202	2	33.895797261087715	6.988824177543861	0.0	0.0	2	1.0159339967421557	-9.428558716822108	138.0	22	1.05	0.95				
	203	1	62.89941759789473	12.929324728456141	0.0	0.0	2	1.0157716142919118	-6.551283857187388	138.0	21	1.05	0.95				
	204	1	25.858649456912282	5.241618133157894	0.0	0.0	2	1.014437100185432	-9.487846072169512	138.0	21	1.05	0.95				
	205	1	24.810325830280703	4.892176924280702	0.0	0.0	2	1.0292163700633983	-9.81153327376472	138.0	21	1.05	0.95				
	206	1	47.52400440729825	9.784353848561404	0.0	-100.0	2	1.0446250366767669	-10.578711275683178	138.0	22	1.05	0.95				
	207	2	43.680151109649124	8.736030221929825	0.0	0.0	2	0.9973313395621659	-14.838302642726715	138.0	22	1.05	0.95				
	208	1	59.754446718	12.230442310701754	0.0	0.0	2	1.0044159897690015	-13.309933909094877	138.0	22	1.05	0.95				
	209	1	61.15221155350877	12.579883519578946	0.0	0.0	2	1.0225058168086834	-8.081056504054041	138.0	23	1.05	0.95				
	210	1	68.14103573105264	13.977648355087721	0.0	0.0	2	1.05	-9.268308378305976	138.0	23	1.05	0.95				
	211	1	0.0	0.0	0.0	0.0	2	1.001887634575656	-5.522882968845473	230.0	23	1.05	0.95				
	212	1	0.0	0.0	0.0	0.0	2	1.0050665487808685	-4.753755953294327	230.0	23	1.05	0.95				
	213	2	92.60192035245613	18.86982527936842	0.0	0.0	2	0.9956147027338976	-4.209659790181937	230.0	24	1.05	0.95				
	214	2	67.79159452217543	13.628207146210528	0.0	0.0	2	0.999655009639949	-3.3681218982406254	230.0	26	1.05	0.95				
	215	2	110.77286321407018	22.36423736814035	0.0	0.0	2	1.0150745761408602	1.7655869606459444	230.0	26	1.05	0.95				
	216	2	34.9441208877193	6.988824177543861	0.0	0.0	2	1.0162204891181157	1.800230646820453	230.0	26	1.05	0.95				
	217	1	0.0	0.0	0.0	0.0	2	1.020876135607971	3.144661883572202	230.0	27	1.05	0.95				
	218	2	116.36392255610527	23.762002203649125	0.0	0.0	2	1.0202988079048074	2.7633868496992475	230.0	27	1.05	0.95				
	219	1	63.248858806771935	12.929324728456141	0.0	0.0	2	1.0170952337241315	1.9106609136354604	230.0	25	1.05	0.95				
	220	1	44.7284747362807	9.085471430807019	0.0	0.0	2	1.0198556384174695	2.702757684570135	230.0	25	1.05	0.95				
	221	2	0.0	0.0	0.0	0.0	2	1.0221786126247594	3.2383567313297315	230.0	27	1.05	0.95				
	222	2	0.0	0.0	0.0	0.0	2	1.0441524118407641	9.765840203357508	230.0	27	1.05	0.95				
	223	2	0.0	0.0	0.0	0.0	2	1.0217845469880722	3.4101300340717686	230.0	25	1.05	0.95				
	224	1	0.0	0.0	0.0	0.0	2	1.0050332662377879	-1.3834287734226542	230.0	26	1.05	0.95				
	301	2	41.905093338947374	8.536222717192983	0.0	0.0	3	1.0101375982207006	-10.374899523421178	138.0	31	1.05	0.95				
	302	2	37.63698198035088	7.7602024701754395	0.0	0.0	3	1.0101146223932902	-10.451664997628528	138.0	32	1.05	0.95				
	303	1	69.84182223157896	14.356374569824562	0.0	0.0	3	1.0236336203102119	-5.250495910119932	138.0	31	1.05	0.95				
	304	1	28.712749139649123	5.820151852631579	0.0	0.0	3	1.013370167802814	-8.65245604637994	138.0	31	1.05	0.95				
	305	1	27.54871876912281	5.432141729122808	0.0	0.0	3	1.025247606431609	-10.132123978567211	138.0	31	1.05	0.95				
	306	1	52.76937679719299	10.864283458245616	0.0	-100.0	3	1.0421580385698648	-10.460822288735127	138.0	32	1.05	0.95				
	307	2	48.5012654385965	9.700253087719299	0.0	0.0	3	0.99511623549094	-13.977072538191669	138.0	32	1.05	0.95				
	308	1	66.34973112	13.580354322807016	0.0	0.0	3	1.0027572866481116	-12.269010339360396	138.0	32	1.05	0.95				
	309	1	67.90177161403508	13.968364446315789	0.0	0.0	3	1.0282522169719746	-5.601100213346254	138.0	33	1.05	0.95				
	310	1	75.66197408421053	15.520404940350879	0.0	0.0	3	1.05	-8.638002716903799	138.0	33	1.05	0.95				
	311	1	0.0	0.0	0.0	0.0	3	1.0039759356097304	-3.8639797554959605	230.0	33	1.05	0.95				
	312	1	0.0	0.0	0.0	0.0	3	1.0096608343420546	-3.3426513939951032	230.0	33	1.05	0.95				
	313	2	102.82268272982455	20.952546669473687	0.0	0.0	3	1.0061708630655286	-0.7755357112833688	230.0	34	1.05	0.95				
	314	2	75.27396396070176	15.132394816842107	0.0	0.0	3	0.9948468084081115	-3.1515721900992526	230.0	36	1.05	0.95				
	315	2	122.99920915228071	24.832647904561405	0.0	0.0	3	1.0178162754049913	-0.31380821207478443	230.0	36	1.05	0.95				
	316	2	38.801012350877194	7.7602024701754395	0.0	0.0	3	1.0166750237010989	0.1848966403416322	230.0	36	1.05	0.95				
	317	1	0.0	0.0	0.0	0.0	3	1.024737917890254	2.3990804851260745	230.0	37	1.05	0.95				
	318	2	129.20737112842107	26.384688398596495	0.0	0.0	3	1.022717046040415	1.5865052132969608	230.0	37	1.05	0.95				
	319	1	70.22983235508772	14.356374569824562	0.0	0.0	3	1.0129532567766926	-0.3269476910654723	230.0	35	1.05	0.95				
	320	1	49.66529580912281	10.088263211228071	0.0	0.0	3	1.0122037017709686	0.005613385685819038	230.0	35	1.05	0.95				
	321	2	0.0	0.0	0.0	0.0	3	1.0233606692202586	1.5239342363507056	230.0	37	1.05	0.95				
	322	2	0.0	0.0	0.0	0.0	3	1.0375095747676575	6.2792795801953325	230.0	37	1.05	0.95				
	323	2	0.0	0.0	0.0	0.0	3	1.0122697291892184	0.4972808091157518	230.0	35	1.05	0.95				
	324	1	0.0	0.0	0.0	0.0	3	1.012858876504271	-2.193020673003263	230.0	36	1.05	0.95				
	325	1	0.0	0.0	0.0	0.0	3	1.0123984671991508	1.379040696989325	230.0	35	1.05	0.95				
];
