%% MATPOWER Case Format : Version 2
function mpc = RTS_GMLC
mpc.version = '2';

%%-----  Power Flow Data  -----%%
%% system MVA base
mpc.baseMVA = 100.0;
%% bus data
%    bus_i    type    Pd    Qd    Gs    Bs    area    Vm    Va    baseKV    zone    Vmax    Vmin
mpc.bus = [
	101	2	69.63087581052632	14.18406729473684	0.0	0.0	1	1.0323520150783356	-0.05650146551516773	138.0	11	1.05	0.95				
	102	2	62.538842163157895	12.894606631578947	0.0	0.0	1	1.0324054151206696	-0.0844556804453205	138.0	12	1.05	0.95				
	103	1	116.05145968421051	23.85502226842105	0.0	0.0	1	1.022553547909586	-1.9284717367453934	138.0	11	1.05	0.95				
	104	1	47.7100445368421	9.670954973684209	0.0	0.0	1	1.0178901222293029	-3.1876425519697285	138.0	11	1.05	0.95				
	105	1	45.77585354210526	9.026224642105262	0.0	0.0	1	1.0325338429695896	-3.0798861596806884	138.0	11	1.05	0.95				
	106	1	87.68332509473684	18.052449284210525	0.0	-100.0	1	1.03915517576746	-5.359770850295095	138.0	12	1.05	0.95				
	107	2	80.59129144736842	16.118258289473683	0.0	0.0	1	1.0467209805055884	-0.6178688099269117	138.0	12	1.05	0.95				
	108	1	110.24888669999999	22.565561605263156	0.0	0.0	1	1.0264709781709442	-3.8743932929442826	138.0	12	1.05	0.95				
	109	1	112.82780802631578	23.210291936842104	0.0	0.0	1	1.0265090339598402	-3.116962538955264	138.0	13	1.05	0.95				
	110	1	125.72241465789473	25.789213263157894	0.0	0.0	1	1.05	-4.1085053278276575	138.0	13	1.05	0.95				
	111	1	0.0	0.0	0.0	0.0	1	1.0097347507862642	-1.0912742184612751	230.0	13	1.05	0.95				
	112	1	0.0	0.0	0.0	0.0	1	1.0140395793478723	-0.037119426015532725	230.0	13	1.05	0.95				
	113	3	170.85353786842103	34.81543790526316	0.0	0.0	1	1.0075287439920069	-9.947088093141036e-27	230.0	14	1.05	0.95				
	114	2	125.07768432631579	25.14448293157895	0.0	0.0	1	1.0078293194256336	0.5636298727482408	230.0	16	1.05	0.95				
	115	2	204.37951511052628	41.26274122105263	0.0	0.0	1	1.0421341157358308	6.663208940081029	230.0	16	1.05	0.95				
	116	2	64.47303315789473	12.894606631578947	0.0	0.0	1	1.0396623415982258	6.747857395841729	230.0	16	1.05	0.95				
	117	1	0.0	0.0	0.0	0.0	1	1.045919092797918	8.792671120801515	230.0	17	1.05	0.95				
	118	2	214.69520041578946	43.84166254736842	0.0	0.0	1	1.0482226453874268	9.00664710906563	230.0	17	1.05	0.95				
	119	1	116.69619001578945	23.85502226842105	0.0	0.0	1	1.0349079501544398	6.318173505220277	230.0	15	1.05	0.95				
	120	1	82.52548244210526	16.762988621052628	0.0	0.0	1	1.0361575314261597	7.172912534500391	230.0	15	1.05	0.95				
	121	2	0.0	0.0	0.0	0.0	1	1.05	9.09223569084447	230.0	17	1.05	0.95				
	122	2	0.0	0.0	0.0	0.0	1	1.05	15.485965444294957	230.0	17	1.05	0.95				
	123	2	0.0	0.0	0.0	0.0	1	1.038650798327295	8.122506639381264	230.0	15	1.05	0.95				
	124	1	0.0	0.0	0.0	0.0	1	1.0239124229835752	3.4791934465313132	230.0	16	1.05	0.95				
	201	2	69.85235322947369	14.22918306526316	0.0	0.0	2	1.0326578805068107	-7.11312043648529	138.0	21	1.05	0.95				
	202	2	62.73776169684211	12.935620968421055	0.0	0.0	2	1.0327459493215256	-7.193716872186252	138.0	22	1.05	0.95				
	203	1	116.42058871578949	23.930898791578947	0.0	0.0	2	1.0281485727558923	-4.728725120592024	138.0	21	1.05	0.95				
	204	1	47.861797583157895	9.70171572631579	0.0	0.0	2	1.0178828752575038	-9.185907103994072	138.0	21	1.05	0.95				
	205	1	45.92145443789474	9.054934677894739	0.0	0.0	2	1.0329889034007094	-9.524480601011085	138.0	21	1.05	0.95				
	206	1	87.96222258526318	18.109869355789478	0.0	-100.0	2	1.0395650175694644	-11.486747127985916	138.0	22	1.05	0.95				
	207	2	80.84763105263158	16.169526210526318	0.0	0.0	2	0.9829960708917217	-21.173739504562395	138.0	22	1.05	0.95				
	208	1	110.59955928000001	22.63733669473684	0.0	0.0	2	0.9835744551462167	-18.034851334511355	138.0	22	1.05	0.95				
	209	1	113.18668347368421	23.284117743157896	0.0	0.0	2	1.0257102338184556	-8.192691526822708	138.0	23	1.05	0.95				
	210	1	126.12230444210526	25.87124193684211	0.0	0.0	2	1.05	-9.925525931074931	138.0	23	1.05	0.95				
	211	1	0.0	0.0	0.0	0.0	2	1.0177268187585584	-4.112629794632289	230.0	23	1.05	0.95				
	212	1	0.0	0.0	0.0	0.0	2	1.0183961576824279	-3.404469337294346	230.0	23	1.05	0.95				
	213	2	171.39697783157894	34.926176614736846	0.0	0.0	2	1.0226569868387183	-1.1998521782175902	230.0	24	1.05	0.95				
	214	2	125.47552339368421	25.224460888421053	0.0	0.0	2	1.0265590996456342	-1.744536399047492	230.0	26	1.05	0.95				
	215	2	205.0295923494737	41.39398709894737	0.0	0.0	2	1.043004036361581	5.590921003614547	230.0	26	1.05	0.95				
	216	2	64.67810484210527	12.935620968421055	0.0	0.0	2	1.0450681708403504	5.514562196843545	230.0	26	1.05	0.95				
	217	1	0.0	0.0	0.0	0.0	2	1.0476490101078262	8.780731496069889	230.0	27	1.05	0.95				
	218	2	215.37808912421053	43.98111129263159	0.0	0.0	2	1.0499722444784432	9.711153239852374	230.0	27	1.05	0.95				
	219	1	117.06736976421053	23.930898791578947	0.0	0.0	2	1.0428992281399465	4.273291465885504	230.0	25	1.05	0.95				
	220	1	82.78797419789474	16.81630725894737	0.0	0.0	2	1.0464890992711724	4.408843106445476	230.0	25	1.05	0.95				
	221	2	0.0	0.0	0.0	0.0	2	1.05	10.051098402462818	230.0	27	1.05	0.95				
	222	2	0.0	0.0	0.0	0.0	2	1.05	16.064324631422707	230.0	27	1.05	0.95				
	223	2	0.0	0.0	0.0	0.0	2	1.05	4.954546730165319	230.0	25	1.05	0.95				
	224	1	0.0	0.0	0.0	0.0	2	1.0245355039140709	1.7421387581382677	230.0	26	1.05	0.95				
	301	2	73.33818411789474	14.939259727719298	0.0	0.0	3	1.0150193336649938	-30.04999720690224	138.0	31	1.05	0.95				
	302	2	65.86855425403509	13.581145207017546	0.0	0.0	3	1.013408137176593	-30.465800685266235	138.0	32	1.05	0.95				
	303	1	122.2303068631579	25.125118632982456	0.0	0.0	3	1.0276335239583143	-22.543999315181164	138.0	31	1.05	0.95				
	304	1	50.25023726596491	10.185858905263158	0.0	0.0	3	1.0086985205416072	-29.3095411986102	138.0	31	1.05	0.95				
	305	1	48.213065484912285	9.506801644912281	0.0	0.0	3	1.02356659275294	-30.14524411474349	138.0	31	1.05	0.95				
	306	1	92.35178740771931	19.013603289824562	0.0	-100.0	3	1.0343676815615563	-30.960445512385068	138.0	32	1.05	0.95				
	307	2	84.88215754385965	16.97643150877193	0.0	0.0	3	1.0054452692113756	-32.89836846505242	138.0	32	1.05	0.95				
	308	1	116.11879152	23.767004112280702	0.0	0.0	3	1.000374568142113	-32.47193393016746	138.0	32	1.05	0.95				
	309	1	118.83502056140351	24.44606137263158	0.0	0.0	3	1.027872491940141	-25.590496811033635	138.0	33	1.05	0.95				
	310	1	132.41616576842105	27.16229041403509	0.0	0.0	3	1.05	-28.065844388472353	138.0	33	1.05	0.95				
	311	1	0.0	0.0	0.0	0.0	3	1.0205002871159197	-20.918175144247925	230.0	33	1.05	0.95				
	312	1	0.0	0.0	0.0	0.0	3	1.0194438107089585	-20.15822090071843	230.0	33	1.05	0.95				
	313	2	179.95017399298246	36.66909205894737	0.0	0.0	3	1.0298060174456463	-16.915858300832365	230.0	34	1.05	0.95				
	314	2	131.73710850807018	26.48323315368421	0.0	0.0	3	1.0317367500479562	-18.591211716248864	230.0	36	1.05	0.95				
	315	2	215.26115153122808	43.45966466245614	0.0	0.0	3	1.0478260668586596	-11.40980586122375	230.0	36	1.05	0.95				
	316	2	67.90572603508772	13.581145207017546	0.0	0.0	3	1.0484777409674124	-11.193038436032131	230.0	36	1.05	0.95				
	317	1	0.0	0.0	0.0	0.0	3	1.049176924950416	-8.309925179000663	230.0	37	1.05	0.95				
	318	2	226.12606769684214	46.17589370385966	0.0	0.0	3	1.0495034591143237	-7.627242555015785	230.0	37	1.05	0.95				
	319	1	122.90936412350877	25.125118632982456	0.0	0.0	3	1.0445528470516836	-12.424275867177117	230.0	35	1.05	0.95				
	320	1	86.91932932491228	17.655488769122808	0.0	0.0	3	1.0469701509529605	-12.226238252116888	230.0	35	1.05	0.95				
	321	2	0.0	0.0	0.0	0.0	3	1.05	-6.984818873344837	230.0	37	1.05	0.95				
	322	2	0.0	0.0	0.0	0.0	3	1.05	-1.7290674268906963	230.0	37	1.05	0.95				
	323	2	0.0	0.0	0.0	0.0	3	1.05	-11.622962386107067	230.0	35	1.05	0.95				
	324	1	0.0	0.0	0.0	0.0	3	1.026278719021596	-15.542917968684252	230.0	36	1.05	0.95				
	325	1	0.0	0.0	0.0	0.0	3	1.0421032646621227	-9.945366399680605	230.0	35	1.05	0.95				
];
