%% MATPOWER Case Format : Version 2
function mpc = RTS_GMLC
mpc.version = '2';

%%-----  Power Flow Data  -----%%
%% system MVA base
mpc.baseMVA = 100.0;
%% bus data
%    bus_i    type    Pd    Qd    Gs    Bs    area    Vm    Va    baseKV    zone    Vmax    Vmin
mpc.bus = [
	101	2	35.710539336000004	7.274369124000001	0.0	0.0	1	1.0355207902967876	3.453133572354926	138.0	11	1.05	0.95				
	102	2	32.073354774	6.61306284	0.0	0.0	1	1.0346499768307553	3.20738915135164	138.0	12	1.05	0.95				
	103	1	59.51756556000001	12.234166254000002	0.0	0.0	1	1.0288990949115215	1.2640421047886188	138.0	11	1.05	0.95				
	104	1	24.468332508000003	4.95979713	0.0	0.0	1	1.0233135120079877	0.019230631446398257	138.0	11	1.05	0.95				
	105	1	23.476373082	4.629143988000001	0.0	0.0	1	1.0381201418125217	0.3126103949563658	138.0	11	1.05	0.95				
	106	1	44.968827312	9.258287976000002	0.0	-100.0	1	1.0484846320565224	-1.8417778884907727	138.0	12	1.05	0.95				
	107	2	41.33164275	8.26632855	0.0	0.0	1	1.0019394515282953	-7.395089114885084	138.0	12	1.05	0.95				
	108	1	56.541687282	11.57285997	0.0	0.0	1	1.0080787968526603	-5.938762845097515	138.0	12	1.05	0.95				
	109	1	57.86429985	11.903513112	0.0	0.0	1	1.0238011637094018	-1.2515354783536712	138.0	13	1.05	0.95				
	110	1	64.47736268999999	13.22612568	0.0	0.0	1	1.05	-1.8347729606449448	138.0	13	1.05	0.95				
	111	1	0.0	0.0	0.0	0.0	1	0.9995320246994374	0.06339760953808213	230.0	13	1.05	0.95				
	112	1	0.0	0.0	0.0	0.0	1	1.0045277616014827	-0.13963733657653035	230.0	13	1.05	0.95				
	113	3	87.62308263	17.855269668000002	0.0	0.0	1	0.9881508325030341	-4.592198386087628e-32	230.0	14	1.05	0.95				
	114	2	64.146709548	12.895472538	0.0	0.0	1	0.9944278064184058	1.8755305867982508	230.0	16	1.05	0.95				
	115	2	104.817046014	21.161801088	0.0	0.0	1	1.0298172092094562	7.114880953345786	230.0	16	1.05	0.95				
	116	2	33.0653142	6.61306284	0.0	0.0	1	1.0251121413546602	6.313476299810884	230.0	16	1.05	0.95				
	117	1	0.0	0.0	0.0	0.0	1	1.0341667637778984	9.20369678816024	230.0	17	1.05	0.95				
	118	2	110.107496286	22.484413656	0.0	0.0	1	1.0376582480413656	9.57067655148295	230.0	17	1.05	0.95				
	119	1	59.848218702	12.234166254000002	0.0	0.0	1	1.016331341281181	4.407266235445039	230.0	15	1.05	0.95				
	120	1	42.323602176	8.596981692000002	0.0	0.0	1	1.011205927277767	3.3918992365185505	230.0	15	1.05	0.95				
	121	2	0.0	0.0	0.0	0.0	1	1.0408705515327028	10.682717713575435	230.0	17	1.05	0.95				
	122	2	0.0	0.0	0.0	0.0	1	1.05	18.002914295983338	230.0	17	1.05	0.95				
	123	2	0.0	0.0	0.0	0.0	1	1.0085016692939617	3.0955265800484417	230.0	15	1.05	0.95				
	124	1	0.0	0.0	0.0	0.0	1	1.021448321053495	4.906273560553944	230.0	16	1.05	0.95				
	201	2	38.096647237894736	7.76042814105263	0.0	0.0	2	1.015270630454166	-10.69902119386333	138.0	21	1.05	0.95				
	202	2	34.216433167368415	7.05493467368421	0.0	0.0	2	1.0145247425479782	-10.93356947123373	138.0	22	1.05	0.95				
	203	1	63.49441206315789	13.051629146315788	0.0	0.0	2	1.015431692084193	-7.630838498346948	138.0	21	1.05	0.95				
	204	1	26.103258292631576	5.291201005263158	0.0	0.0	2	1.0136986460342041	-10.851559185897477	138.0	21	1.05	0.95				
	205	1	25.045018091578946	4.938454271578947	0.0	0.0	2	1.0285066369173466	-11.20393807484938	138.0	21	1.05	0.95				
	206	1	47.97355578105263	9.876908543157894	0.0	-100.0	2	1.044201774861816	-11.941065340937492	138.0	22	1.05	0.95				
	207	2	44.09334171052631	8.818668342105262	0.0	0.0	2	0.9969185763790808	-16.16957408415801	138.0	22	1.05	0.95				
	208	1	60.319691459999994	12.346135678947366	0.0	0.0	2	1.004046792062613	-14.62508360915497	138.0	22	1.05	0.95				
	209	1	61.730678394736834	12.698882412631576	0.0	0.0	2	1.0225031684212729	-9.315538011352913	138.0	23	1.05	0.95				
	210	1	68.78561306842104	14.10986934736842	0.0	0.0	2	1.05	-10.572079370118056	138.0	23	1.05	0.95				
	211	1	0.0	0.0	0.0	0.0	2	1.0023764427331558	-6.7111899731425995	230.0	23	1.05	0.95				
	212	1	0.0	0.0	0.0	0.0	2	1.0057659897150022	-5.961356779713811	230.0	23	1.05	0.95				
	213	2	93.47788442631578	19.048323618947368	0.0	0.0	2	0.9967036817779698	-5.399144988275983	230.0	24	1.05	0.95				
	214	2	68.43286633473683	13.757122613684212	0.0	0.0	2	1.0003849374613185	-4.478838634824683	230.0	26	1.05	0.95				
	215	2	111.82071457789473	22.575790955789472	0.0	0.0	2	1.0154326285651176	0.8922382865644892	230.0	26	1.05	0.95				
	216	2	35.27467336842105	7.05493467368421	0.0	0.0	2	1.0167946298456334	0.8195316725729674	230.0	26	1.05	0.95				
	217	1	0.0	0.0	0.0	0.0	2	1.0209078562748375	2.1387328707859887	230.0	27	1.05	0.95				
	218	2	117.4646623168421	23.986777890526316	0.0	0.0	2	1.0203687159695747	1.785152466586521	230.0	27	1.05	0.95				
	219	1	63.84715879684211	13.051629146315788	0.0	0.0	2	1.0183502110647082	0.8633132642874287	230.0	25	1.05	0.95				
	220	1	45.151581911578944	9.171415075789472	0.0	0.0	2	1.021724795811101	1.6021540346176457	230.0	25	1.05	0.95				
	221	2	0.0	0.0	0.0	0.0	2	1.022324932438694	2.2932502945456936	230.0	27	1.05	0.95				
	222	2	0.0	0.0	0.0	0.0	2	1.0442338183599051	8.795824398031943	230.0	27	1.05	0.95				
	223	2	0.0	0.0	0.0	0.0	2	1.0239832146782077	2.2811834857236306	230.0	25	1.05	0.95				
	224	1	0.0	0.0	0.0	0.0	2	1.0049056260305276	-2.3325525513534826	230.0	26	1.05	0.95				
	301	2	43.13508385263158	8.786776340350876	0.0	0.0	3	1.0139941522738172	-4.62996539330094	138.0	31	1.05	0.95				
	302	2	38.74169568245614	7.987978491228071	0.0	0.0	3	1.0134311592026757	-4.940960884241538	138.0	32	1.05	0.95				
	303	1	71.89180642105264	14.777760208771932	0.0	0.0	3	1.0459895547234834	7.279289006460871	138.0	31	1.05	0.95				
	304	1	29.555520417543864	5.990983868421053	0.0	0.0	3	1.0124506665017214	-4.034427169754571	138.0	31	1.05	0.95				
	305	1	28.35732364385965	5.591584943859649	0.0	0.0	3	1.0271880024428495	-5.624453920180198	138.0	31	1.05	0.95				
	306	1	54.31825374035088	11.183169887719298	0.0	-100.0	3	1.042520858513015	-6.676233477817184	138.0	32	1.05	0.95				
	307	2	49.92486557017544	9.984973114035087	0.0	0.0	3	0.990007543448275	-10.596534798874218	138.0	32	1.05	0.95				
	308	1	68.2972161	13.978962359649122	0.0	0.0	3	0.9982030837862306	-8.825303382784009	138.0	32	1.05	0.95				
	309	1	69.89481179824561	14.378361284210525	0.0	0.0	3	1.0234133723682701	-1.6410065494546369	138.0	33	1.05	0.95				
	310	1	77.88279028947368	15.975956982456141	0.0	0.0	3	1.05	-5.333459312515283	138.0	33	1.05	0.95				
	311	1	0.0	0.0	0.0	0.0	3	1.0062516873529552	-1.5559236857575018	230.0	33	1.05	0.95				
	312	1	0.0	0.0	0.0	0.0	3	1.011902985035763	-0.8278017507123918	230.0	33	1.05	0.95				
	313	2	105.84071500877192	21.56754192631579	0.0	0.0	3	1.0087509152049567	1.253729373482018	230.0	34	1.05	0.95				
	314	2	77.48339136491228	15.576558057894738	0.0	0.0	3	0.998064621872403	-1.9715250827642126	230.0	36	1.05	0.95				
	315	2	126.6094590859649	25.561531171929825	0.0	0.0	3	1.0329098735982785	0.06705778640292887	230.0	36	1.05	0.95				
	316	2	39.93989245614035	7.987978491228071	0.0	0.0	3	1.0251457568002345	-0.16355229031945764	230.0	36	1.05	0.95				
	317	1	0.0	0.0	0.0	0.0	3	1.0312666636807837	0.7670220886289101	230.0	37	1.05	0.95				
	318	2	132.99984187894736	27.15912687017544	0.0	0.0	3	1.0304664775367502	0.44909617118351824	230.0	37	1.05	0.95				
	319	1	72.29120534561405	14.777760208771932	0.0	0.0	3	1.0190191834703706	-0.1842321181978488	230.0	35	1.05	0.95				
	320	1	51.12306234385965	10.384372038596492	0.0	0.0	3	1.016273283530213	0.5909772097180744	230.0	35	1.05	0.95				
	321	2	0.0	0.0	0.0	0.0	3	1.0332418368394471	0.8556420699701852	230.0	37	1.05	0.95				
	322	2	0.0	0.0	0.0	0.0	3	1.0457460298678691	5.1627973162056815	230.0	37	1.05	0.95				
	323	2	0.0	0.0	0.0	0.0	3	1.0154192293772657	1.335060086471442	230.0	35	1.05	0.95				
	324	1	0.0	0.0	0.0	0.0	3	1.0352615198807402	2.829059283516012	230.0	36	1.05	0.95				
	325	1	0.0	0.0	0.0	0.0	3	1.0157402915271505	2.140946193864244	230.0	35	1.05	0.95				
];
