%% MATPOWER Case Format : Version 2
function mpc = RTS_GMLC
mpc.version = '2';

%%-----  Power Flow Data  -----%%
%% system MVA base
mpc.baseMVA = 100.0;
%% bus data
%    bus_i    type    Pd    Qd    Gs    Bs    area    Vm    Va    baseKV    zone    Vmax    Vmin
mpc.bus = [
	101	2	52.797624934736845	10.755071745964912	0.0	0.0	1	1.0310502172809115	-0.6439894889261021	138.0	11	1.05	0.95				
	102	2	47.420089061754375	9.777337950877191	0.0	0.0	1	1.0301181869473413	-0.9215542742338395	138.0	12	1.05	0.95				
	103	1	87.99604155789473	18.088075209122806	0.0	0.0	1	1.0276104173119145	-1.1929421905205593	138.0	11	1.05	0.95				
	104	1	36.17615041824561	7.333003463157893	0.0	0.0	1	1.0192961301160972	-3.581192880174623	138.0	11	1.05	0.95				
	105	1	34.70954972561403	6.844136565614035	0.0	0.0	1	1.034034606767952	-3.482971283676444	138.0	11	1.05	0.95				
	106	1	66.4858980659649	13.68827313122807	0.0	-100.0	1	1.0432419722100212	-5.598862734361255	138.0	12	1.05	0.95				
	107	2	61.10836219298245	12.22167243859649	0.0	0.0	1	1.0003265558617447	-11.73638796650601	138.0	12	1.05	0.95				
	108	1	83.59623948	17.110341414035084	0.0	0.0	1	1.001934760300621	-10.100059394906367	138.0	12	1.05	0.95				
	109	1	85.55170707017542	17.599208311578945	0.0	0.0	1	1.02513519027572	-3.766831774268275	138.0	13	1.05	0.95				
	110	1	95.32904502105262	19.554675901754383	0.0	0.0	1	1.05	-4.811098051233748	138.0	13	1.05	0.95				
	111	1	0.0	0.0	0.0	0.0	1	1.0070849063996776	-1.1292444385079206	230.0	13	1.05	0.95				
	112	1	0.0	0.0	0.0	0.0	1	1.0109768689831298	-0.9167060549180025	230.0	13	1.05	0.95				
	113	3	129.5497278491228	26.398812467368423	0.0	0.0	1	1.0028965353312516	5.478682556093832e-29	230.0	14	1.05	0.95				
	114	2	94.84017812350875	19.065809004210525	0.0	0.0	1	1.0069665480634167	1.150026950668473	230.0	16	1.05	0.95				
	115	2	154.9708065214035	31.287481442807014	0.0	0.0	1	1.0412327711039573	7.767363031837269	230.0	16	1.05	0.95				
	116	2	48.88668975438596	9.777337950877191	0.0	0.0	1	1.0380092065473991	7.223161131284512	230.0	16	1.05	0.95				
	117	1	0.0	0.0	0.0	0.0	1	1.0430249318130387	10.306539000923621	230.0	17	1.05	0.95				
	118	2	162.79267688210527	33.24294903298245	0.0	0.0	1	1.0469715787459832	10.377432835319402	230.0	17	1.05	0.95				
	119	1	88.4849084554386	18.088075209122806	0.0	0.0	1	1.030538576283945	5.5633659308389944	230.0	15	1.05	0.95				
	120	1	62.57496288561403	12.71053933614035	0.0	0.0	1	1.028047085902004	5.0535223593088086	230.0	15	1.05	0.95				
	121	2	0.0	0.0	0.0	0.0	1	1.05	11.57088647133254	230.0	17	1.05	0.95				
	122	2	0.0	0.0	0.0	0.0	1	1.05	22.274418019990936	230.0	17	1.05	0.95				
	123	2	0.0	0.0	0.0	0.0	1	1.0274564855934099	5.146839846989402	230.0	15	1.05	0.95				
	124	1	0.0	0.0	0.0	0.0	1	1.0248446389936792	4.424444818682987	230.0	16	1.05	0.95				
	201	2	52.835510766315785	10.762789230175438	0.0	0.0	2	1.0246127864304453	-11.66986778043209	138.0	21	1.05	0.95				
	202	2	47.454116151228064	9.784353845614035	0.0	0.0	2	1.0255974277346736	-11.482921468008076	138.0	22	1.05	0.95				
	203	1	88.0591846105263	18.101054614385966	0.0	0.0	2	1.0169477367147821	-10.356135037453642	138.0	21	1.05	0.95				
	204	1	36.20210922877193	7.338265384210525	0.0	0.0	2	1.016601671745449	-12.980323942208315	138.0	21	1.05	0.95				
	205	1	34.73445615192982	6.849047691929824	0.0	0.0	2	1.0312731753994702	-13.319138444281764	138.0	21	1.05	0.95				
	206	1	66.53360615017544	13.698095383859648	0.0	-100.0	2	1.042647437701762	-14.676323965341806	138.0	22	1.05	0.95				
	207	2	61.152211535087716	12.230442307017544	0.0	0.0	2	0.9903393233065595	-21.71135297092111	138.0	22	1.05	0.95				
	208	1	83.65622538	17.122619229824558	0.0	0.0	2	0.9948259604195699	-19.448200755083626	138.0	22	1.05	0.95				
	209	1	85.6130961491228	17.61183692210526	0.0	0.0	2	1.023467140269477	-12.197106277301993	138.0	23	1.05	0.95				
	210	1	95.39744999473683	19.56870769122807	0.0	0.0	2	1.05	-13.42267483393423	138.0	23	1.05	0.95				
	211	1	0.0	0.0	0.0	0.0	2	1.009148477691175	-9.01588441753199	230.0	23	1.05	0.95				
	212	1	0.0	0.0	0.0	0.0	2	1.010826143255694	-8.035759213300992	230.0	23	1.05	0.95				
	213	2	129.64268845438596	26.417755383157893	0.0	0.0	2	1.0070857847928476	-7.557467574779872	230.0	24	1.05	0.95				
	214	2	94.90823230245613	19.07948999894737	0.0	0.0	2	1.0121954120859504	-6.42290575633638	230.0	26	1.05	0.95				
	215	2	155.08200845298242	31.30993230596491	0.0	0.0	2	1.0288911113548518	0.26954394045661634	230.0	26	1.05	0.95				
	216	2	48.921769228070175	9.784353845614035	0.0	0.0	2	1.0307021481734309	0.21282757707661687	230.0	26	1.05	0.95				
	217	1	0.0	0.0	0.0	0.0	2	1.0346068834267261	2.447567222165369	230.0	27	1.05	0.95				
	218	2	162.90949152947368	33.26680307508772	0.0	0.0	2	1.0345822832920226	2.2901016591520906	230.0	27	1.05	0.95				
	219	1	88.54840230280702	18.101054614385966	0.0	0.0	2	1.0317406764442805	0.1859421620233499	230.0	25	1.05	0.95				
	220	1	62.61986461192982	12.719659999298244	0.0	0.0	2	1.0362144462200102	1.1031925903955793	230.0	25	1.05	0.95				
	221	2	0.0	0.0	0.0	0.0	2	1.0354252534057216	2.4024063008375034	230.0	27	1.05	0.95				
	222	2	0.0	0.0	0.0	0.0	2	1.05	8.917896605916615	230.0	27	1.05	0.95				
	223	2	0.0	0.0	0.0	0.0	2	1.0397582901360616	1.970149902445103	230.0	25	1.05	0.95				
	224	1	0.0	0.0	0.0	0.0	2	1.0113115704653173	-3.704691942717689	230.0	26	1.05	0.95				
	301	2	47.388800993684214	9.653274276491228	0.0	0.0	3	1.0076877904543495	-13.755429292984394	138.0	31	1.05	0.95				
	302	2	42.5621638554386	8.775703887719299	0.0	0.0	3	1.007458590865643	-13.929011287785485	138.0	32	1.05	0.95				
	303	1	78.98133498947368	16.2350521922807	0.0	0.0	3	1.0343889820207588	-6.430481787273522	138.0	31	1.05	0.95				
	304	1	32.4701043845614	6.581777915789473	0.0	0.0	3	1.0107502102987687	-12.60203293751859	138.0	31	1.05	0.95				
	305	1	31.15374880140351	6.14299272140351	0.0	0.0	3	1.0232760513667603	-13.596603033874006	138.0	31	1.05	0.95				
	306	1	59.67478643649123	12.28598544280702	0.0	-100.0	3	1.0400363883292203	-14.032036005561585	138.0	32	1.05	0.95				
	307	2	54.848149298245616	10.969629859649123	0.0	0.0	3	0.9913007323621627	-18.720930857976107	138.0	32	1.05	0.95				
	308	1	75.03226824	15.35748180350877	0.0	0.0	3	0.9983029140350066	-16.74668554859436	138.0	32	1.05	0.95				
	309	1	76.78740901754387	15.796266997894737	0.0	0.0	3	1.0271470558663223	-9.722347876188724	138.0	33	1.05	0.95				
	310	1	85.56311290526317	17.551407775438598	0.0	0.0	3	1.05	-12.023810192265877	138.0	33	1.05	0.95				
	311	1	0.0	0.0	0.0	0.0	3	1.0094183283435763	-6.517254394008733	230.0	33	1.05	0.95				
	312	1	0.0	0.0	0.0	0.0	3	1.0126327226175251	-6.1107003500657795	230.0	33	1.05	0.95				
	313	2	116.2780765122807	23.694400496842107	0.0	0.0	3	1.0116873900935048	-3.30023358179874	230.0	34	1.05	0.95				
	314	2	85.1243277108772	17.112622581052634	0.0	0.0	3	1.0096452214114475	-4.881022454433325	230.0	36	1.05	0.95				
	315	2	139.09490662035086	28.082252440701755	0.0	0.0	3	1.0394068763589683	-0.07432273966518815	230.0	36	1.05	0.95				
	316	2	43.87851943859649	8.775703887719299	0.0	0.0	3	1.0381847818211105	-0.0010433281381409328	230.0	36	1.05	0.95				
	317	1	0.0	0.0	0.0	0.0	3	1.0496375165835141	5.091154250759573	230.0	37	1.05	0.95				
	318	2	146.1154697305263	29.837393218245616	0.0	0.0	3	1.0468920466849352	3.2772652357742196	230.0	37	1.05	0.95				
	319	1	79.42012018385965	16.2350521922807	0.0	0.0	3	1.0314027564284598	-0.9826332207613598	230.0	35	1.05	0.95				
	320	1	56.16450488140351	11.408415054035089	0.0	0.0	3	1.0285801917126787	-0.9938527360453978	230.0	35	1.05	0.95				
	321	2	0.0	0.0	0.0	0.0	3	1.0456207267338145	2.7666575920678556	230.0	37	1.05	0.95				
	322	2	0.0	0.0	0.0	0.0	3	1.05	8.020699211264965	230.0	37	1.05	0.95				
	323	2	0.0	0.0	0.0	0.0	3	1.0276211355293086	-0.6623706175354529	230.0	35	1.05	0.95				
	324	1	0.0	0.0	0.0	0.0	3	1.028954635567761	-2.462809285512068	230.0	36	1.05	0.95				
	325	1	0.0	0.0	0.0	0.0	3	1.0264153743064022	0.37842700721930483	230.0	35	1.05	0.95				
];
