%% MATPOWER Case Format : Version 2
function mpc = RTS_GMLC
mpc.version = '2';

%%-----  Power Flow Data  -----%%
%% system MVA base
mpc.baseMVA = 100.0;
%% bus data
%    bus_i    type    Pd    Qd    Gs    Bs    area    Vm    Va    baseKV    zone    Vmax    Vmin
mpc.bus = [
	101	2	57.86095990736841	11.786491832982456	0.0	0.0	1	1.035280353461621	2.530465765204869	138.0	11	1.05	0.95				
	102	2	51.967713990877186	10.714992575438597	0.0	0.0	1	1.0353404705504665	2.4979606457300885	138.0	12	1.05	0.95				
	103	1	96.43493317894736	19.822736264561403	0.0	0.0	1	1.0256109784640994	0.3157321949771942	138.0	11	1.05	0.95				
	104	1	39.645472529122806	8.036244431578947	0.0	0.0	1	1.0204965134081188	-1.042118864492214	138.0	11	1.05	0.95				
	105	1	38.03822364280701	7.500494802807017	0.0	0.0	1	1.035181824731993	-0.8680907844186108	138.0	11	1.05	0.95				
	106	1	72.86194951298246	15.000989605614034	0.0	-100.0	1	1.0426981327281866	-3.269563724532918	138.0	12	1.05	0.95				
	107	2	66.96870359649122	13.393740719298245	0.0	0.0	1	1.03211930509036	-2.593311181551619	138.0	12	1.05	0.95				
	108	1	91.61318651999999	18.75123700701754	0.0	0.0	1	1.0212917665313646	-4.1080158484931815	138.0	12	1.05	0.95				
	109	1	93.75618503508771	19.28698663578947	0.0	0.0	1	1.025444602208668	-1.780764265045866	138.0	13	1.05	0.95				
	110	1	104.47117761052631	21.429985150877194	0.0	0.0	1	1.05	-2.6337976948958874	138.0	13	1.05	0.95				
	111	1	0.0	0.0	0.0	0.0	1	1.005435754910306	-0.1832192061888619	230.0	13	1.05	0.95				
	112	1	0.0	0.0	0.0	0.0	1	1.010693911536758	0.30909187954165146	230.0	13	1.05	0.95				
	113	3	141.9736516245614	28.930479953684205	0.0	0.0	1	0.9992279439254474	-1.742833421943519e-29	230.0	14	1.05	0.95				
	114	2	103.93542798175437	20.894235522105262	0.0	0.0	1	1.0019918522589848	1.7977095205958338	230.0	16	1.05	0.95				
	115	2	169.83263232070175	34.287976241403506	0.0	0.0	1	1.0388060973428117	8.296198178196365	230.0	16	1.05	0.95				
	116	2	53.57496287719298	10.714992575438597	0.0	0.0	1	1.0350490243782673	7.749412005769129	230.0	16	1.05	0.95				
	117	1	0.0	0.0	0.0	0.0	1	1.0418007438022652	9.900306858946946	230.0	17	1.05	0.95				
	118	2	178.40462638105262	36.43097475649123	0.0	0.0	1	1.044138179416359	10.048478392576499	230.0	17	1.05	0.95				
	119	1	96.97068280771929	19.822736264561403	0.0	0.0	1	1.0288866773191674	6.508723308717101	230.0	15	1.05	0.95				
	120	1	68.57595248280701	13.929490348070175	0.0	0.0	1	1.0278445466945305	6.460921748542536	230.0	15	1.05	0.95				
	121	2	0.0	0.0	0.0	0.0	1	1.0475831525820354	11.084084395183563	230.0	17	1.05	0.95				
	122	2	0.0	0.0	0.0	0.0	1	1.05	17.480552879488602	230.0	17	1.05	0.95				
	123	2	0.0	0.0	0.0	0.0	1	1.0283214219312276	6.84360779962474	230.0	15	1.05	0.95				
	124	1	0.0	0.0	0.0	0.0	1	1.0236698009144096	5.320262804470274	230.0	16	1.05	0.95				
	201	2	63.23941443789474	12.882102941052631	0.0	0.0	2	1.0328692061479543	-9.619646196890418	138.0	21	1.05	0.95				
	202	2	56.79836296736842	11.711002673684211	0.0	0.0	2	1.033052492487274	-9.702009841814391	138.0	22	1.05	0.95				
	203	1	105.39902406315788	21.665354946315787	0.0	0.0	2	1.0228115013938572	-7.41359859130878	138.0	21	1.05	0.95				
	204	1	43.330709892631575	8.783252005263158	0.0	0.0	2	1.018076729528594	-11.949079928712488	138.0	21	1.05	0.95				
	205	1	41.57405949157894	8.197701871578948	0.0	0.0	2	1.0338165733628089	-12.245591831799118	138.0	21	1.05	0.95				
	206	1	79.63481818105264	16.395403743157896	0.0	-100.0	2	1.0412887583769375	-14.275890858290131	138.0	22	1.05	0.95				
	207	2	73.1937667105263	14.638753342105263	0.0	0.0	2	0.9881772846693924	-23.113559026687813	138.0	22	1.05	0.95				
	208	1	100.12907286	20.494254678947364	0.0	0.0	2	0.9891645274006545	-20.31231305025773	138.0	22	1.05	0.95				
	209	1	102.47127339473683	21.07980481263158	0.0	0.0	2	1.0236981670102854	-11.410828654035821	138.0	23	1.05	0.95				
	210	1	114.18227606842105	23.422005347368422	0.0	0.0	2	1.05	-13.058847516329585	138.0	23	1.05	0.95				
	211	1	0.0	0.0	0.0	0.0	2	1.0144008017993908	-8.287767727337064	230.0	23	1.05	0.95				
	212	1	0.0	0.0	0.0	0.0	2	1.0143160182352335	-7.3239765108725745	230.0	23	1.05	0.95				
	213	2	155.17078542631577	31.61970721894737	0.0	0.0	2	1.0143895467506734	-6.999398629646952	230.0	24	1.05	0.95				
	214	2	113.59672593473684	22.83645521368421	0.0	0.0	2	1.0214245544386424	-5.452282235831026	230.0	26	1.05	0.95				
	215	2	185.61939237789474	37.47520855578947	0.0	0.0	2	1.033607826017181	2.1749990700580835	230.0	26	1.05	0.95				
	216	2	58.55501336842105	11.711002673684211	0.0	0.0	2	1.0368364788020716	2.136661581258353	230.0	26	1.05	0.95				
	217	1	0.0	0.0	0.0	0.0	2	1.0397497179919628	5.05396334595034	230.0	27	1.05	0.95				
	218	2	194.9881945168421	39.81740909052632	0.0	0.0	2	1.0410934849460505	5.4321099489566755	230.0	27	1.05	0.95				
	219	1	105.9845741968421	21.665354946315787	0.0	0.0	2	1.0371397858083709	1.6696333858742833	230.0	25	1.05	0.95				
	220	1	74.95041711157894	15.224303475789474	0.0	0.0	2	1.0420545936898178	2.3763013624921836	230.0	25	1.05	0.95				
	221	2	0.0	0.0	0.0	0.0	2	1.0408221357360026	5.107170368612088	230.0	27	1.05	0.95				
	222	2	0.0	0.0	0.0	0.0	2	1.05	11.58943230115491	230.0	27	1.05	0.95				
	223	2	0.0	0.0	0.0	0.0	2	1.0461972112415623	3.1928153050052193	230.0	25	1.05	0.95				
	224	1	0.0	0.0	0.0	0.0	2	1.017643780878798	-1.4139592852968215	230.0	26	1.05	0.95				
	301	2	48.31129390736842	9.841189499649122	0.0	0.0	3	1.0101160336512702	-12.959417437431618	138.0	31	1.05	0.95				
	302	2	43.390699157543864	8.94653590877193	0.0	0.0	3	1.0095689554268739	-13.160022224045715	138.0	32	1.05	0.95				
	303	1	80.51882317894737	16.55109143122807	0.0	0.0	3	1.037161655764683	-4.614802874590008	138.0	31	1.05	0.95				
	304	1	33.10218286245614	6.709901931578948	0.0	0.0	3	1.0112633574176821	-11.871517588939215	138.0	31	1.05	0.95				
	305	1	31.760202476140346	6.262575136140351	0.0	0.0	3	1.0244385585230282	-12.957741012324863	138.0	31	1.05	0.95				
	306	1	60.83644417964913	12.525150272280703	0.0	-100.0	3	1.0403083163272933	-13.489264499425115	138.0	32	1.05	0.95				
	307	2	55.91584942982456	11.183169885964912	0.0	0.0	3	0.9923351990888141	-18.28779978942002	138.0	32	1.05	0.95				
	308	1	76.49288202	15.656437840350875	0.0	0.0	3	0.9984083863402816	-16.261168917749853	138.0	32	1.05	0.95				
	309	1	78.28218920175438	16.10376463578947	0.0	0.0	3	1.0266361807496505	-8.985650330976897	138.0	33	1.05	0.95				
	310	1	87.22872511052631	17.89307181754386	0.0	0.0	3	1.05	-11.51563217216341	138.0	33	1.05	0.95				
	311	1	0.0	0.0	0.0	0.0	3	1.0091223505764673	-6.046056668460823	230.0	33	1.05	0.95				
	312	1	0.0	0.0	0.0	0.0	3	1.0121431914391648	-5.6600545212344455	230.0	33	1.05	0.95				
	313	2	118.54160079122806	24.15564695368421	0.0	0.0	3	1.010871934759804	-2.915728496431463	230.0	34	1.05	0.95				
	314	2	86.78139831508773	17.445745022105264	0.0	0.0	3	1.0092293231658545	-4.480790333900486	230.0	36	1.05	0.95				
	315	2	141.8025941540351	28.628914908070175	0.0	0.0	3	1.0364936358758496	0.2938299253110283	230.0	36	1.05	0.95				
	316	2	44.732679543859646	8.94653590877193	0.0	0.0	3	1.0340335719306586	0.3927032116182831	230.0	36	1.05	0.95				
	317	1	0.0	0.0	0.0	0.0	3	1.0401129271890763	1.845432284966532	230.0	37	1.05	0.95				
	318	2	148.95982288105262	30.418222089824564	0.0	0.0	3	1.0407471867211107	1.9409231682113965	230.0	37	1.05	0.95				
	319	1	80.96614997438597	16.55109143122807	0.0	0.0	3	1.028014389440651	-0.6839110554711276	230.0	35	1.05	0.95				
	320	1	57.25782981614035	11.630496681403509	0.0	0.0	3	1.0260124496924727	-0.7556277604535206	230.0	35	1.05	0.95				
	321	2	0.0	0.0	0.0	0.0	3	1.0430176325279898	2.8945726135989416	230.0	37	1.05	0.95				
	322	2	0.0	0.0	0.0	0.0	3	1.05	6.805250961177003	230.0	37	1.05	0.95				
	323	2	0.0	0.0	0.0	0.0	3	1.0255450601747331	-0.44998107167159357	230.0	35	1.05	0.95				
	324	1	0.0	0.0	0.0	0.0	3	1.0294863313554818	-1.5612789967745666	230.0	36	1.05	0.95				
	325	1	0.0	0.0	0.0	0.0	3	1.024639495166737	0.5327648366698835	230.0	35	1.05	0.95				
];
