%% MATPOWER Case Format : Version 2
function mpc = RTS_GMLC
mpc.version = '2';

%%-----  Power Flow Data  -----%%
%% system MVA base
mpc.baseMVA = 100.0;
%% bus data
%    bus_i    type    Pd    Qd    Gs    Bs    area    Vm    Va    baseKV    zone    Vmax    Vmin
mpc.bus = [
	101	2	42.12320634947369	8.58065314526316	0.0	0.0	1	1.0124934947270345	-3.9784042823637886	138.0	11	1.05	0.95				
	102	2	37.83287977684211	7.800593768421055	0.0	0.0	1	1.0123961046273406	-4.199745721296427	138.0	12	1.05	0.95				
	103	1	70.20534391578948	14.431098471578949	0.0	0.0	1	1.0025798071456498	0.8652279811085334	138.0	11	1.05	0.95				
	104	1	28.862196943157898	5.850445326315789	0.0	0.0	1	1.003082169197487	-4.077211913985868	138.0	11	1.05	0.95				
	105	1	27.69210787789474	5.460415637894738	0.0	0.0	1	1.017005458784447	-5.136526470837825	138.0	11	1.05	0.95				
	106	1	53.044037625263165	10.920831275789476	0.0	-100.0	1	1.0274895049119754	-6.263089909859688	138.0	12	1.05	0.95				
	107	2	48.75371105263159	9.750742210526317	0.0	0.0	1	0.986076427000691	-9.971086832441818	138.0	12	1.05	0.95				
	108	1	66.69507672	13.651039094736841	0.0	0.0	1	0.988278788498836	-8.747287838370159	138.0	12	1.05	0.95				
	109	1	68.25519547368421	14.041068783157895	0.0	0.0	1	1.0023346899734613	-3.1556601703334244	138.0	13	1.05	0.95				
	110	1	76.05578924210526	15.60118753684211	0.0	0.0	1	1.030729775109881	-5.02172468785417	138.0	13	1.05	0.95				
	111	1	0.0	0.0	0.0	0.0	1	0.9814055217158227	-0.6283190608615906	230.0	13	1.05	0.95				
	112	1	0.0	0.0	0.0	0.0	1	0.9827306403746688	-1.4090988675994842	230.0	13	1.05	0.95				
	113	3	103.35786743157895	21.061603174736845	0.0	0.0	1	0.9632157656022137	-7.271018001870029e-29	230.0	14	1.05	0.95				
	114	2	75.66575955368423	15.211157848421056	0.0	0.0	1	0.9897237701893308	2.4326437983632117	230.0	16	1.05	0.95				
	115	2	123.63941122947371	24.96190005894737	0.0	0.0	1	0.9905170411607234	10.858079151662594	230.0	16	1.05	0.95				
	116	2	39.00296884210527	7.800593768421055	0.0	0.0	1	0.9891716888356396	9.448928365646049	230.0	16	1.05	0.95				
	117	1	0.0	0.0	0.0	0.0	1	0.9916888935489983	14.87615312963565	230.0	17	1.05	0.95				
	118	2	129.87988624421055	26.522018812631583	0.0	0.0	1	0.9993411745873292	15.31938526026718	230.0	17	1.05	0.95				
	119	1	70.59537360421054	14.431098471578949	0.0	0.0	1	0.9893288263635598	6.026889302144411	230.0	15	1.05	0.95				
	120	1	49.92380011789474	10.14077189894737	0.0	0.0	1	0.9938656024923552	3.4202347002324225	230.0	15	1.05	0.95				
	121	2	0.0	0.0	0.0	0.0	1	1.000179184702324	16.438001072163008	230.0	17	1.05	0.95				
	122	2	0.0	0.0	0.0	0.0	1	1.0068378015728872	33.515160835863576	230.0	17	1.05	0.95				
	123	2	0.0	0.0	0.0	0.0	1	0.9973026024140592	2.3142054310336753	230.0	15	1.05	0.95				
	124	1	0.0	0.0	0.0	0.0	1	0.9831436938953331	7.029697048003876	230.0	16	1.05	0.95				
	201	2	43.094600981052636	8.778529829473685	0.0	0.0	2	1.010339532733774	-11.1877674449947	138.0	21	1.05	0.95				
	202	2	38.70533606631579	7.980481663157896	0.0	0.0	2	1.0092610047440762	-11.364315591189742	138.0	22	1.05	0.95				
	203	1	71.82433496842106	14.763891076842103	0.0	0.0	2	0.9970795071480386	-8.523237136410069	138.0	21	1.05	0.95				
	204	1	29.527782153684207	5.98536124736842	0.0	0.0	2	1.0010835136100193	-10.433164113094357	138.0	21	1.05	0.95				
	205	1	28.330709904210522	5.586337164210526	0.0	0.0	2	1.017192267593206	-10.787772011038449	138.0	21	1.05	0.95				
	206	1	54.26727530947368	11.172674328421053	0.0	-100.0	2	1.0291206517800833	-11.068668939112566	138.0	22	1.05	0.95				
	207	2	49.87801039473684	9.975602078947368	0.0	0.0	2	0.9712983973405986	-15.826585502638078	138.0	22	1.05	0.95				
	208	1	68.23311822	13.965842910526312	0.0	0.0	2	0.980296858168801	-13.99978486090258	138.0	22	1.05	0.95				
	209	1	69.82921455263158	14.364866993684208	0.0	0.0	2	1.006381198773381	-7.965618076923318	138.0	23	1.05	0.95				
	210	1	77.80969621578947	15.960963326315792	0.0	0.0	2	1.0339368110851634	-9.06486803188098	138.0	23	1.05	0.95				
	211	1	0.0	0.0	0.0	0.0	2	0.9868689405494586	-5.7018923360542235	230.0	23	1.05	0.95				
	212	1	0.0	0.0	0.0	0.0	2	0.989763000036884	-1.0868256230951459	230.0	23	1.05	0.95				
	213	2	105.7413820368421	21.547300490526318	0.0	0.0	2	0.9831465873420326	-3.3148882320475104	230.0	24	1.05	0.95				
	214	2	77.41067213263157	15.561939243157896	0.0	0.0	2	0.9822191368904672	-4.8328403437384555	230.0	26	1.05	0.95				
	215	2	126.49063436105263	25.537541322105263	0.0	0.0	2	0.9907904242532765	-0.6345593109359112	230.0	26	1.05	0.95				
	216	2	39.90240831578947	7.980481663157896	0.0	0.0	2	0.9891209636058343	-0.9739990886430882	230.0	26	1.05	0.95				
	217	1	0.0	0.0	0.0	0.0	2	0.9992501743964002	0.10388973313684544	230.0	27	1.05	0.95				
	218	2	132.87501969157896	27.13363765473684	0.0	0.0	2	1.0000022518152454	-0.4002547681216748	230.0	27	1.05	0.95				
	219	1	72.22335905157895	14.763891076842103	0.0	0.0	2	0.9837297096687687	-0.3605297237372205	230.0	25	1.05	0.95				
	220	1	51.075082644210525	10.374626162105264	0.0	0.0	2	0.9820542700194491	1.0252796145957346	230.0	25	1.05	0.95				
	221	2	0.0	0.0	0.0	0.0	2	1.002313524168027	0.12786349989154527	230.0	27	1.05	0.95				
	222	2	0.0	0.0	0.0	0.0	2	1.0199456526473425	5.114438724591037	230.0	27	1.05	0.95				
	223	2	0.0	0.0	0.0	0.0	2	0.9821662043589151	2.125825111406703	230.0	25	1.05	0.95				
	224	1	0.0	0.0	0.0	0.0	2	0.9835320649275892	-3.6401518808924447	230.0	26	1.05	0.95				
	301	2	58.78329642947369	11.97437519859649	0.0	0.0	3	1.0050159798748843	13.406335956209036	138.0	31	1.05	0.95				
	302	2	52.796108830175434	10.88579563508772	0.0	0.0	3	1.005249244511187	13.319667793894698	138.0	32	1.05	0.95				
	303	1	97.97216071578947	20.13872192491228	0.0	0.0	3	0.9981792811053242	18.93131304728098	138.0	31	1.05	0.95				
	304	1	40.27744384982456	8.164346726315788	0.0	0.0	3	0.9967626101349104	15.574578564384014	138.0	31	1.05	0.95				
	305	1	38.6445745045614	7.620056944561404	0.0	0.0	3	1.011879353284869	14.707161948854433	138.0	31	1.05	0.95				
	306	1	74.02341031859649	15.240113889122808	0.0	-100.0	3	1.0237783194470125	14.813666100180829	138.0	32	1.05	0.95				
	307	2	68.03622271929824	13.607244543859649	0.0	0.0	3	0.9689236832498557	11.826759280918766	138.0	32	1.05	0.95				
	308	1	93.07355267999999	19.050142361403505	0.0	0.0	3	0.9817678091232768	14.316837820450418	138.0	32	1.05	0.95				
	309	1	95.25071180701754	19.594432143157892	0.0	0.0	3	1.0093047856485342	19.724125088258916	138.0	33	1.05	0.95				
	310	1	106.13650744210526	21.77159127017544	0.0	0.0	3	1.0341516985042447	17.81354528741398	138.0	33	1.05	0.95				
	311	1	0.0	0.0	0.0	0.0	3	0.9897757356596975	23.730521453381375	230.0	33	1.05	0.95				
	312	1	0.0	0.0	0.0	0.0	3	0.9973382912896168	24.13221700630179	230.0	33	1.05	0.95				
	313	2	144.23679216491226	29.391648214736843	0.0	0.0	3	1.0010735449217527	28.814017424757004	230.0	34	1.05	0.95				
	314	2	105.59221766035087	21.227301488421052	0.0	0.0	3	0.9824852862670486	24.334526704689637	230.0	36	1.05	0.95				
	315	2	172.53986081614033	34.8345460322807	0.0	0.0	3	0.9844089909950244	22.89464452829718	230.0	36	1.05	0.95				
	316	2	54.428978175438594	10.88579563508772	0.0	0.0	3	0.9762025521998717	24.136736939202383	230.0	36	1.05	0.95				
	317	1	0.0	0.0	0.0	0.0	3	0.9925738879727258	27.167259232763545	230.0	37	1.05	0.95				
	318	2	181.24849732421052	37.011705159298245	0.0	0.0	3	0.9873016202663986	23.29123878793838	230.0	37	1.05	0.95				
	319	1	98.51645049754384	20.13872192491228	0.0	0.0	3	0.9867315470334688	24.36989233426854	230.0	35	1.05	0.95				
	320	1	69.6690920645614	14.151534325614035	0.0	0.0	3	0.9972537308259253	24.291743049464905	230.0	35	1.05	0.95				
	321	2	0.0	0.0	0.0	0.0	3	0.9939267924843236	23.665681153343975	230.0	37	1.05	0.95				
	322	2	0.0	0.0	0.0	0.0	3	1.0111710481079517	27.98448555855784	230.0	37	1.05	0.95				
	323	2	0.0	0.0	0.0	0.0	3	1.0027336152165311	24.050814082347667	230.0	35	1.05	0.95				
	324	1	0.0	0.0	0.0	0.0	3	0.9854755307956315	22.880930900452682	230.0	36	1.05	0.95				
