%% MATPOWER Case Format : Version 2
function mpc = RTS_GMLC
mpc.version = '2';

%%-----  Power Flow Data  -----%%
%% system MVA base
mpc.baseMVA = 100.0;
%% bus data
%    bus_i    type    Pd    Qd    Gs    Bs    area    Vm    Va    baseKV    zone    Vmax    Vmin
mpc.bus = [
	101	2	49.00346363368421	9.982187036491228	0.0	0.0	1	1.0347140154355585	0.6972776562614774	138.0	11	1.05	0.95				
	102	2	44.01237011543859	9.074715487719299	0.0	0.0	1	1.033844240601137	0.40708381508974595	138.0	12	1.05	0.95				
	103	1	81.67243938947368	16.788223652280703	0.0	0.0	1	1.0260840974629541	0.5016792313480776	138.0	11	1.05	0.95				
	104	1	33.576447304561405	6.806036615789473	0.0	0.0	1	1.0207671089221217	-2.392864939712093	138.0	11	1.05	0.95				
	105	1	32.215239981403506	6.352300841403509	0.0	0.0	1	1.036246002495637	-2.3111445595663325	138.0	11	1.05	0.95				
	106	1	61.708065316491236	12.704601682807018	0.0	-100.0	1	1.0450221880499961	-4.498148619820379	138.0	12	1.05	0.95				
	107	2	56.716971798245616	11.343394359649123	0.0	0.0	1	0.9992534490510154	-12.132175747208391	138.0	12	1.05	0.95				
	108	1	77.58881742	15.880752103508772	0.0	0.0	1	1.0012364298799454	-9.824930166298909	138.0	12	1.05	0.95				
	109	1	79.40376051754386	16.334487877894734	0.0	0.0	1	1.0236348280907912	-2.8458375076783815	138.0	13	1.05	0.95				
	110	1	88.47847600526315	18.149430975438598	0.0	0.0	1	1.05	-3.9350281029759446	138.0	13	1.05	0.95				
	111	1	0.0	0.0	0.0	0.0	1	1.0043055156050031	-0.3369632698564798	230.0	13	1.05	0.95				
	112	1	0.0	0.0	0.0	0.0	1	1.009347782086006	-0.6000940114680142	230.0	13	1.05	0.95				
	113	3	120.2399802122807	24.501731816842106	0.0	0.0	1	1.0007291800203695	7.15226087764774e-29	230.0	14	1.05	0.95				
	114	2	88.02474023087719	17.695695201052633	0.0	0.0	1	1.0015765812575188	2.551678536121321	230.0	16	1.05	0.95				
	115	2	143.83424048035087	29.039089560701754	0.0	0.0	1	1.0331454236325728	10.118047615528921	230.0	16	1.05	0.95				
	116	2	45.37357743859649	9.074715487719299	0.0	0.0	1	1.0299061254635462	9.287152821088561	230.0	16	1.05	0.95				
	117	1	0.0	0.0	0.0	0.0	1	1.0363276759700406	13.239875693327818	230.0	17	1.05	0.95				
	118	2	151.0940128705263	30.854032658245618	0.0	0.0	1	1.0417591815775047	13.542664865192686	230.0	17	1.05	0.95				
	119	1	82.12617516385964	16.788223652280703	0.0	0.0	1	1.0222905421834285	6.6559345508274745	230.0	15	1.05	0.95				
	120	1	58.07817912140351	11.797130134035088	0.0	0.0	1	1.020241910470293	5.241503740027586	230.0	15	1.05	0.95				
	121	2	0.0	0.0	0.0	0.0	1	1.0454997687820342	14.88406341930593	230.0	17	1.05	0.95				
	122	2	0.0	0.0	0.0	0.0	1	1.05	26.860528460678676	230.0	17	1.05	0.95				
	123	2	0.0	0.0	0.0	0.0	1	1.0198362918315038	4.814425758396142	230.0	15	1.05	0.95				
	124	1	0.0	0.0	0.0	0.0	1	1.0185522848355615	6.504926171567582	230.0	16	1.05	0.95				
	201	2	51.7305210063158	10.537698723508772	0.0	0.0	2	1.0149624748628419	-16.187252432795244	138.0	21	1.05	0.95				
	202	2	46.461671644561406	9.579726112280703	0.0	0.0	2	1.0151425685551356	-16.239850364402276	138.0	22	1.05	0.95				
	203	1	86.21753501052632	17.722493307719297	0.0	0.0	2	1.0140184943089652	-12.88652114048634	138.0	21	1.05	0.95				
	204	1	35.444986615438594	7.184794584210525	0.0	0.0	2	1.011980812001979	-16.79317723040237	138.0	21	1.05	0.95				
	205	1	34.008027698596486	6.705808278596493	0.0	0.0	2	1.0265649435952577	-17.253351427493524	138.0	21	1.05	0.95				
	206	1	65.14213756350878	13.411616557192986	0.0	-100.0	2	1.040613509018409	-18.34378874119807	138.0	22	1.05	0.95				
	207	2	59.87328820175439	11.974657640350877	0.0	0.0	2	0.9894408036583927	-24.713274284435773	138.0	22	1.05	0.95				
	208	1	81.90665826	16.76452069649123	0.0	0.0	2	0.9947197668441251	-22.50893281267497	138.0	22	1.05	0.95				
	209	1	83.82260348245613	17.24350700210526	0.0	0.0	2	1.0233751689934416	-15.262961650677227	138.0	23	1.05	0.95				
	210	1	93.40232959473684	19.159452224561406	0.0	0.0	2	1.05	-16.783344601187046	138.0	23	1.05	0.95				
	211	1	0.0	0.0	0.0	0.0	2	1.010212594221711	-11.98616418707891	230.0	23	1.05	0.95				
	212	1	0.0	0.0	0.0	0.0	2	1.0145227321380488	-11.004985478799131	230.0	23	1.05	0.95				
	213	2	126.93137098771929	25.8652605031579	0.0	0.0	2	1.013212284312113	-10.436869887388367	230.0	24	1.05	0.95				
	214	2	92.92334328912281	18.68046591894737	0.0	0.0	2	1.0108556882126998	-9.239691903575386	230.0	26	1.05	0.95				
	215	2	151.8386588796491	30.655123559298247	0.0	0.0	2	1.025772422381085	-2.2336568179540146	230.0	26	1.05	0.95				
	216	2	47.89863056140351	9.579726112280703	0.0	0.0	2	1.0289679935497063	-2.456697803905915	230.0	26	1.05	0.95				
	217	1	0.0	0.0	0.0	0.0	2	1.0301659186041063	-0.42600821247988535	230.0	27	1.05	0.95				
	218	2	159.50243976947368	32.57106878175439	0.0	0.0	2	1.0291433609081204	-1.1472122638256426	230.0	27	1.05	0.95				
	219	1	86.69652131614035	17.722493307719297	0.0	0.0	2	1.0352480135478745	-2.490398990789659	230.0	25	1.05	0.95				
	220	1	61.31024711859649	12.453643945964913	0.0	0.0	2	1.0441238841595235	-1.606750478729841	230.0	25	1.05	0.95				
	221	2	0.0	0.0	0.0	0.0	2	1.0312218003547906	-0.6971945073833693	230.0	27	1.05	0.95				
	222	2	0.0	0.0	0.0	0.0	2	1.05	5.90263357384244	230.0	27	1.05	0.95				
	223	2	0.0	0.0	0.0	0.0	2	1.05	-0.7761938155098604	230.0	25	1.05	0.95				
	224	1	0.0	0.0	0.0	0.0	2	1.0082699412773697	-6.218709855923512	230.0	26	1.05	0.95				
	301	2	66.62448591157896	13.571654537543859	0.0	0.0	3	1.039264347082211	-2.3172416249215915	138.0	31	1.05	0.95				
	302	2	59.83865864280702	12.337867761403508	0.0	0.0	3	1.0359709779950772	-2.684351278098882	138.0	32	1.05	0.95				
	303	1	111.04080985263158	22.82505535859649	0.0	0.0	3	1.05	15.362406667183357	138.0	31	1.05	0.95				
	304	1	45.65011071719298	9.253400821052631	0.0	0.0	3	1.0102433929374839	-0.3672309312780676	138.0	31	1.05	0.95				
	305	1	43.79943055298246	8.636507432982457	0.0	0.0	3	1.0311926413185586	-3.3441982539864004	138.0	31	1.05	0.95				
	306	1	83.89750077754387	17.273014865964914	0.0	-100.0	3	1.032446422240045	-4.620882648452085	138.0	32	1.05	0.95				
	307	2	77.11167350877193	15.422334701754387	0.0	0.0	3	0.95	-3.0011596227655843	138.0	32	1.05	0.95				
	308	1	105.48876936	21.59126858245614	0.0	0.0	3	0.9637895021738326	-3.4586647255627665	138.0	32	1.05	0.95				
	309	1	107.95634291228072	22.208161970526316	0.0	0.0	3	1.0114738657969307	4.149868062415817	138.0	33	1.05	0.95				
	310	1	120.29421067368422	24.675735522807017	0.0	0.0	3	1.0380996493731096	-2.420653673337153	138.0	33	1.05	0.95				
	311	1	0.0	0.0	0.0	0.0	3	0.9979610475015483	2.70102388504496	230.0	33	1.05	0.95				
	312	1	0.0	0.0	0.0	0.0	3	1.0021514297555083	3.322066240187608	230.0	33	1.05	0.95				
	313	2	163.47674783859648	33.31224295578948	0.0	0.0	3	0.9978753625777944	4.967375580665035	230.0	34	1.05	0.95				
	314	2	119.67731728561404	24.058842134736842	0.0	0.0	3	0.9959134444281544	2.6719264829003917	230.0	36	1.05	0.95				
	315	2	195.55520401824563	39.48117683649123	0.0	0.0	3	1.05	6.749811861034821	230.0	36	1.05	0.95				
	316	2	61.68933880701755	12.337867761403508	0.0	0.0	3	1.0401079950742944	6.354126786609234	230.0	36	1.05	0.95				
	317	1	0.0	0.0	0.0	0.0	3	1.05	10.92216170640398	230.0	37	1.05	0.95				
	318	2	205.42549822736845	41.948750388771934	0.0	0.0	3	1.0450762069632604	8.321836649793845	230.0	37	1.05	0.95				
	319	1	111.65770324070176	22.82505535859649	0.0	0.0	3	1.024711401278908	5.167831240339608	230.0	35	1.05	0.95				
	320	1	78.96235367298246	16.03922808982456	0.0	0.0	3	1.016605756665197	5.321646493272124	230.0	35	1.05	0.95				
	321	2	0.0	0.0	0.0	0.0	3	1.0477012109616548	8.430863865135652	230.0	37	1.05	0.95				
	322	2	0.0	0.0	0.0	0.0	3	1.05	13.753837708007616	230.0	37	1.05	0.95				
	323	2	0.0	0.0	0.0	0.0	3	1.0136684101320956	5.890788723594148	230.0	35	1.05	0.95				
	324	1	0.0	0.0	0.0	0.0	3	1.0471695536648071	10.042464666244996	230.0	36	1.05	0.95				
	325	1	0.0	0.0	0.0	0.0	3	1.0146526187161267	6.674795614494952	230.0	35	1.05	0.95				
];
