%% MATPOWER Case Format : Version 2
function mpc = RTS_GMLC
mpc.version = '2';

%%-----  Power Flow Data  -----%%
%% system MVA base
mpc.baseMVA = 100.0;
%% bus data
%    bus_i    type    Pd    Qd    Gs    Bs    area    Vm    Va    baseKV    zone    Vmax    Vmin
mpc.bus = [
	101	2	52.47699157894738	10.68975754385965	0.0	0.0	1	1.0383751414058144	1.5589402534007128	138.0	11	1.05	0.95				
	102	2	47.13211280701755	9.717961403508774	0.0	0.0	1	1.0357644001694006	0.8543841468637063	138.0	12	1.05	0.95				
	103	1	87.46165263157896	17.978228596491228	0.0	0.0	1	1.0346409369358633	1.4507172574456184	138.0	11	1.05	0.95				
	104	1	35.956457192982455	7.288471052631579	0.0	0.0	1	1.0249617195391054	-1.5827050380560035	138.0	11	1.05	0.95				
	105	1	34.498762982456135	6.802572982456141	0.0	0.0	1	1.0372291787839234	-2.0338817599127976	138.0	11	1.05	0.95				
	106	1	66.08213754385966	13.605145964912282	0.0	-100.0	1	1.0443037222098719	-4.6692737063725165	138.0	12	1.05	0.95				
	107	2	60.737258771929824	12.147451754385965	0.0	0.0	1	0.9994338812410594	-11.452016161537491	138.0	12	1.05	0.95				
	108	1	83.08857	17.00643245614035	0.0	0.0	1	1.001211854619948	-9.576285215590396	138.0	12	1.05	0.95				
	109	1	85.03216228070175	17.49233052631579	0.0	0.0	1	1.0253017901949468	-2.7755315539302	138.0	13	1.05	0.95				
	110	1	94.75012368421054	19.435922807017548	0.0	0.0	1	1.05	-4.167369273518944	138.0	13	1.05	0.95				
	111	1	0.0	0.0	0.0	0.0	1	1.0069741502032359	-0.7106459346740364	230.0	13	1.05	0.95				
	112	1	0.0	0.0	0.0	0.0	1	1.010520212175364	-1.2154892195713634	230.0	13	1.05	0.95				
	113	3	128.76298859649123	26.23849578947369	0.0	0.0	1	1.000802865445847	2.8304011776447094e-29	230.0	14	1.05	0.95				
	114	2	94.2642256140351	18.95002473684211	0.0	0.0	1	1.0072391744073312	1.5381922366200969	230.0	16	1.05	0.95				
	115	2	154.02968824561404	31.097476491228072	0.0	0.0	1	1.0422218095755456	9.06807865786798	230.0	16	1.05	0.95				
	116	2	48.58980701754386	9.717961403508774	0.0	0.0	1	1.0368810616839068	7.565964687225495	230.0	16	1.05	0.95				
	117	1	0.0	0.0	0.0	0.0	1	1.0434336291870931	11.842072485961811	230.0	17	1.05	0.95				
	118	2	161.80405736842107	33.04106877192983	0.0	0.0	1	1.0482718854796302	12.930934214639285	230.0	17	1.05	0.95				
	119	1	87.9475507017544	17.978228596491228	0.0	0.0	1	1.0255413494030465	4.665022115221964	230.0	15	1.05	0.95				
	120	1	62.194952982456144	12.633349824561405	0.0	0.0	1	1.020104038949524	2.5511050976088927	230.0	15	1.05	0.95				
	121	2	0.0	0.0	0.0	0.0	1	1.05	14.619451339682103	230.0	17	1.05	0.95				
	122	2	0.0	0.0	0.0	0.0	1	1.05	20.877300045001732	230.0	17	1.05	0.95				
	123	2	0.0	0.0	0.0	0.0	1	1.0181876879080467	1.7583486934445411	230.0	15	1.05	0.95				
	124	1	0.0	0.0	0.0	0.0	1	1.0295390237167992	6.210687902921213	230.0	16	1.05	0.95				
	201	2	53.48150480842106	10.894380609122805	0.0	0.0	2	1.0142832499794112	-14.409798019777835	138.0	21	1.05	0.95				
	202	2	48.03431450385964	9.903982371929825	0.0	0.0	2	1.0134824379091523	-14.671238592191001	138.0	22	1.05	0.95				
	203	1	89.13584134736841	18.322367388070173	0.0	0.0	2	1.0135853204140401	-10.68666518176161	138.0	21	1.05	0.95				
	204	1	36.644734776140346	7.427986778947368	0.0	0.0	2	1.0109421813764379	-13.759578191328616	138.0	21	1.05	0.95				
	205	1	35.15913742035087	6.9327876603508765	0.0	0.0	2	1.0258146869667257	-14.20552476581	138.0	21	1.05	0.95				
	206	1	67.3470801291228	13.865575320701753	0.0	-100.0	2	1.0398635581229625	-14.679353448398475	138.0	22	1.05	0.95				
	207	2	61.89988982456139	12.37997796491228	0.0	0.0	2	0.996411557620217	-20.749941752799288	138.0	22	1.05	0.95				
	208	1	84.67904928	17.331969150877192	0.0	0.0	2	0.998261417658602	-18.44031922590587	138.0	22	1.05	0.95				
	209	1	86.65984575438596	17.82716826947368	0.0	0.0	2	1.0243430543528653	-10.974964391891575	138.0	23	1.05	0.95				
	210	1	96.56382812631577	19.80796474385965	0.0	0.0	2	1.05	-12.41110269321404	138.0	23	1.05	0.95				
	211	1	0.0	0.0	0.0	0.0	2	1.009296304622632	-8.097732513344747	230.0	23	1.05	0.95				
	212	1	0.0	0.0	0.0	0.0	2	1.0140888021149064	-3.6198924459319906	230.0	23	1.05	0.95				
	213	2	131.22776642807017	26.74075240421053	0.0	0.0	2	1.0082906474204436	-5.7485500039402	230.0	24	1.05	0.95				
	214	2	96.06862900771928	19.312765625263157	0.0	0.0	2	1.0105145647849763	-6.473051404099181	230.0	26	1.05	0.95				
	215	2	156.97812059508772	31.692743590175436	0.0	0.0	2	1.024654296964	-0.671375881505029	230.0	26	1.05	0.95				
	216	2	49.51991185964912	9.903982371929825	0.0	0.0	2	1.0246863711280563	-1.1048993197939654	230.0	26	1.05	0.95				
	217	1	0.0	0.0	0.0	0.0	2	1.0285107389611803	0.15063628567428136	230.0	27	1.05	0.95				
	218	2	164.90130649263156	33.6735400645614	0.0	0.0	2	1.0276592030428537	-0.3509782801664607	230.0	27	1.05	0.95				
	219	1	89.6310404659649	18.322367388070173	0.0	0.0	2	1.0236059103769368	-1.2637021236513175	230.0	25	1.05	0.95				
	220	1	63.38548718035087	12.87517708350877	0.0	0.0	2	1.026359652814676	-0.43370510693422	230.0	25	1.05	0.95				
	221	2	0.0	0.0	0.0	0.0	2	1.0299780312869	0.34267001369228023	230.0	27	1.05	0.95				
	222	2	0.0	0.0	0.0	0.0	2	1.049999995478849	6.7591091224582485	230.0	27	1.05	0.95				
	223	2	0.0	0.0	0.0	0.0	2	1.0289852331558607	0.3989210726730288	230.0	25	1.05	0.95				
	224	1	0.0	0.0	0.0	0.0	2	1.0081922922546014	-4.419432370356916	230.0	26	1.05	0.95				
	301	2	63.839924071578956	13.004428977543862	0.0	0.0	3	0.9888281394773648	9.452482506376398	138.0	31	1.05	0.95				
	302	2	57.337709582807015	11.822208161403509	0.0	0.0	3	0.9885661988011907	9.441595552397532	138.0	32	1.05	0.95				
	303	1	106.39987345263158	21.87108509859649	0.0	0.0	3	1.0133773347592137	11.530388887838873	138.0	31	1.05	0.95				
	304	1	43.74217019719298	8.866656121052632	0.0	0.0	3	0.9983891212186781	11.480063549164775	138.0	31	1.05	0.95				
	305	1	41.968838972982454	8.275545712982456	0.0	0.0	3	1.010020070180226	11.57826394846881	138.0	31	1.05	0.95				
	306	1	80.39101549754388	16.551091425964913	0.0	-100.0	3	1.0303164823720135	12.089316542251412	138.0	32	1.05	0.95				
	307	2	73.88880100877194	14.777760201754386	0.0	0.0	3	0.9856004327247989	8.63374705849799	138.0	32	1.05	0.95				
	308	1	101.07987978	20.68886428245614	0.0	0.0	3	0.9987411747000261	11.256642944691086	138.0	32	1.05	0.95				
	309	1	103.4443214122807	21.279974690526316	0.0	0.0	3	1.0273681123111502	15.543419795567749	138.0	33	1.05	0.95				
	310	1	115.26652957368422	23.644416322807018	0.0	0.0	3	1.05	15.574233681193215	138.0	33	1.05	0.95				
	311	1	0.0	0.0	0.0	0.0	3	1.018394755248221	21.572481460229767	230.0	33	1.05	0.95				
	312	1	0.0	0.0	0.0	0.0	3	1.0244907533592216	22.99109625420234	230.0	33	1.05	0.95				
	313	2	156.64425813859648	31.919962035789478	0.0	0.0	3	1.047022477576101	30.508106635656297	230.0	34	1.05	0.95				
	314	2	114.67541916561403	23.053305914736843	0.0	0.0	3	1.0200896698273303	19.55633401298647	230.0	36	1.05	0.95				
	315	2	187.38199935824562	37.83106611649123	0.0	0.0	3	1.0383986695480434	13.187538123656996	230.0	36	1.05	0.95				
	316	2	59.111040807017545	11.822208161403509	0.0	0.0	3	1.0406598060402508	14.671921891412236	230.0	36	1.05	0.95				
	317	1	0.0	0.0	0.0	0.0	3	1.0450607790916122	13.687333965800283	230.0	37	1.05	0.95				
	318	2	196.83976588736843	40.19550774877194	0.0	0.0	3	1.0429538912010512	11.813523052095752	230.0	37	1.05	0.95				
	319	1	106.99098386070176	21.87108509859649	0.0	0.0	3	1.0405611703418305	17.70280820842836	230.0	35	1.05	0.95				
	320	1	75.66213223298246	15.368870609824562	0.0	0.0	3	1.0434035757472073	19.94418426552736	230.0	35	1.05	0.95				
	321	2	0.0	0.0	0.0	0.0	3	1.042575834411933	12.865669078271814	230.0	37	1.05	0.95				
	322	2	0.0	0.0	0.0	0.0	3	1.05	17.51670286061371	230.0	37	1.05	0.95				
	323	2	0.0	0.0	0.0	0.0	3	1.0448459240156147	20.747069519901782	230.0	35	1.05	0.95				
	324	1	0.0	0.0	0.0	0.0	3	1.0266025391096059	14.585819000890316	230.0	36	1.05	0.95				
	325	1	0.0	0.0	0.0	0.0	3	1.046757099570965	20.23139953128443	230.0	35	1.05	0.95				
];
