%% MATPOWER Case Format : Version 2
function mpc = RTS_GMLC
mpc.version = '2';

%%-----  Power Flow Data  -----%%
%% system MVA base
mpc.baseMVA = 100.0;
%% bus data
%    bus_i    type    Pd    Qd    Gs    Bs    area    Vm    Va    baseKV    zone    Vmax    Vmin
mpc.bus = [
	101	2	91.64769915789475	18.668975754385965	0.0	0.0	1	1.0352420618332103	-6.156789175958061	138.0	11	1.05	0.95				
	102	2	82.31321128070176	16.971796140350882	0.0	0.0	1	1.0351962067165503	-6.226639981287957	138.0	12	1.05	0.95				
	103	1	152.7461652631579	31.39782285964913	0.0	0.0	1	1.0163102474241614	-6.51276453786934	138.0	11	1.05	0.95				
	104	1	62.79564571929826	12.728847105263158	0.0	0.0	1	1.0160958785824346	-8.671997389012903	138.0	11	1.05	0.95				
	105	1	60.24987629824562	11.880257298245617	0.0	0.0	1	1.0314456834524632	-8.831164469092755	138.0	11	1.05	0.95				
	106	1	115.408213754386	23.760514596491234	0.0	-100.0	1	1.03405135701586	-11.10040785995753	138.0	12	1.05	0.95				
	107	2	106.073725877193	21.214745175438598	0.0	0.0	1	1.05	-6.860087840033847	138.0	12	1.05	0.95				
	108	1	145.108857	29.70064324561403	0.0	0.0	1	1.022678582621383	-10.012507940327383	138.0	12	1.05	0.95				
	109	1	148.5032162280702	30.549233052631582	0.0	0.0	1	1.027209566252166	-7.3997576554558835	138.0	13	1.05	0.95				
	110	1	165.47501236842106	33.943592280701765	0.0	0.0	1	1.05	-8.870527326410574	138.0	13	1.05	0.95				
	111	1	0.0	0.0	0.0	0.0	1	1.0182019648288312	-3.5490728465277903	230.0	13	1.05	0.95				
	112	1	0.0	0.0	0.0	0.0	1	1.018957839543204	-2.2950589092518214	230.0	13	1.05	0.95				
	113	3	224.87629885964915	45.823849578947375	0.0	0.0	1	1.0260172897099826	7.818615681651939e-33	230.0	14	1.05	0.95				
	114	2	164.62642256140353	33.09500247368422	0.0	0.0	1	1.0231623152736313	-2.091968640689813	230.0	16	1.05	0.95				
	115	2	269.00296882456144	54.309747649122805	0.0	0.0	1	1.0443704600722175	5.309541941445047	230.0	16	1.05	0.95				
	116	2	84.85898070175439	16.971796140350882	0.0	0.0	1	1.0450023110398685	5.1351549169461626	230.0	16	1.05	0.95				
	117	1	0.0	0.0	0.0	0.0	1	1.04775834109249	8.037791297169365	230.0	17	1.05	0.95				
	118	2	282.5804057368421	57.704106877193	0.0	0.0	1	1.0492737863718689	8.616962142057284	230.0	17	1.05	0.95				
	119	1	153.59475507017547	31.39782285964913	0.0	0.0	1	1.0394175739961584	4.32180686649749	230.0	15	1.05	0.95				
	120	1	108.61949529824561	22.063334982456144	0.0	0.0	1	1.0423486311364214	5.209211015305561	230.0	15	1.05	0.95				
	121	2	0.0	0.0	0.0	0.0	1	1.05	9.50483215479107	230.0	17	1.05	0.95				
	122	2	0.0	0.0	0.0	0.0	1	1.05	15.510166130714095	230.0	17	1.05	0.95				
	123	2	0.0	0.0	0.0	0.0	1	1.046737882508895	6.314668508684965	230.0	15	1.05	0.95				
	124	1	0.0	0.0	0.0	0.0	1	1.01903818820568	0.9527116625363526	230.0	16	1.05	0.95				
	201	2	86.86919565473684	17.695576892631575	0.0	0.0	2	1.0442784534958294	-10.711046672356195	138.0	21	1.05	0.95				
	202	2	78.02140720842104	16.08688808421053	0.0	0.0	2	1.0456111725873287	-10.740274421053916	138.0	22	1.05	0.95				
	203	1	144.78199275789473	29.76074295578947	0.0	0.0	2	1.0280068240367903	-8.616808848326725	138.0	21	1.05	0.95				
	204	1	59.52148591157894	12.065166063157893	0.0	0.0	2	1.0210339049610335	-12.78056443947305	138.0	21	1.05	0.95				
	205	1	57.10845269894735	11.260821658947368	0.0	0.0	2	1.036807323501471	-13.12222313536463	138.0	21	1.05	0.95				
	206	1	109.39083897263157	22.521643317894736	0.0	-100.0	2	1.0380821350508938	-15.20722253021521	138.0	22	1.05	0.95				
	207	2	100.54305052631578	20.108610105263157	0.0	0.0	2	0.95	-27.150588299340107	138.0	22	1.05	0.95				
	208	1	137.54289311999997	28.152054147368418	0.0	0.0	2	0.9563265821096645	-23.276762662136914	138.0	22	1.05	0.95				
	209	1	140.7602707368421	28.956398551578943	0.0	0.0	2	1.026571842297912	-11.228536151522274	138.0	23	1.05	0.95				
	210	1	156.8471588210526	32.17377616842106	0.0	0.0	2	1.05	-13.065590714060681	138.0	23	1.05	0.95				
	211	1	0.0	0.0	0.0	0.0	2	1.0323846645315775	-5.978844765237579	230.0	23	1.05	0.95				
	212	1	0.0	0.0	0.0	0.0	2	1.024092806808711	-4.298293969905543	230.0	23	1.05	0.95				
	213	2	213.15126711578944	43.43459782736842	0.0	0.0	2	1.0498268168496738	-1.810480057660465	230.0	24	1.05	0.95				
	214	2	156.04281441684208	31.369431764210525	0.0	0.0	2	1.05	-3.7317134501964424	230.0	26	1.05	0.95				
	215	2	254.9771761347368	51.47804186947368	0.0	0.0	2	1.046548364621441	4.464088920443671	230.0	26	1.05	0.95				
	216	2	80.43444042105263	16.08688808421053	0.0	0.0	2	1.0499999901144337	4.411917770420685	230.0	26	1.05	0.95				
	217	1	0.0	0.0	0.0	0.0	2	1.05	7.2607456746238155	230.0	27	1.05	0.95				
	218	2	267.84668660210525	54.695419486315785	0.0	0.0	2	1.0498092733354387	8.029861775231538	230.0	27	1.05	0.95				
	219	1	145.58633716210525	29.76074295578947	0.0	0.0	2	1.0440380894660155	4.199357680375446	230.0	25	1.05	0.95				
	220	1	102.95608373894736	20.912954509473682	0.0	0.0	2	1.04610072455061	5.5164079914582125	230.0	25	1.05	0.95				
	221	2	0.0	0.0	0.0	0.0	2	1.05	8.562945118603349	230.0	27	1.05	0.95				
	222	2	0.0	0.0	0.0	0.0	2	1.05	14.563931287631364	230.0	27	1.05	0.95				
	223	2	0.0	0.0	0.0	0.0	2	1.05	6.822377816834526	230.0	25	1.05	0.95				
	224	1	0.0	0.0	0.0	0.0	2	1.0229897871966274	-0.40292277031764984	230.0	26	1.05	0.95				
	301	2	60.132869355789474	12.249288202105264	0.0	0.0	3	1.0075002889149807	-13.377416520932771	138.0	31	1.05	0.95				
	302	2	54.00822525473684	11.135716547368423	0.0	0.0	3	1.0068909356832942	-13.50476839420969	138.0	32	1.05	0.95				
	303	1	100.22144892631579	20.601075612631583	0.0	0.0	3	1.021406380965127	-7.049370981095581	138.0	31	1.05	0.95				
	304	1	41.202151225263165	8.351787410526317	0.0	0.0	3	1.0069198010612856	-11.69729026646549	138.0	31	1.05	0.95				
	305	1	39.53179374315789	7.795001583157895	0.0	0.0	3	1.020978602466197	-12.297321974241106	138.0	31	1.05	0.95				
	306	1	75.72287252210528	15.59000316631579	0.0	-100.0	3	1.0362663741834282	-12.323660896740131	138.0	32	1.05	0.95				
	307	2	69.59822842105264	13.919645684210527	0.0	0.0	3	1.007617644742195	-13.170279708689838	138.0	32	1.05	0.95				
	308	1	95.21037648000001	19.487503957894738	0.0	0.0	3	1.0057717755861442	-13.010009397896537	138.0	32	1.05	0.95				
	309	1	97.4375197894737	20.04428978526316	0.0	0.0	3	1.0259769200609332	-7.943785188710137	138.0	33	1.05	0.95				
	310	1	108.5732363368421	22.271433094736846	0.0	0.0	3	1.05	-9.430834801274486	138.0	33	1.05	0.95				
	311	1	0.0	0.0	0.0	0.0	3	1.0121884285628753	-3.2923590046118463	230.0	33	1.05	0.95				
	312	1	0.0	0.0	0.0	0.0	3	1.0135862412161447	-2.7556318451301363	230.0	33	1.05	0.95				
	313	2	147.54824425263158	30.066434677894737	0.0	0.0	3	1.0164454513494159	0.4404016197213947	230.0	34	1.05	0.95				
	314	2	108.01645050947369	21.714647267368424	0.0	0.0	3	1.018036840941946	-1.1319637892934733	230.0	36	1.05	0.95				
	315	2	176.50110727578948	35.63429295157895	0.0	0.0	3	1.0425217397275741	3.598539954569868	230.0	36	1.05	0.95				
	316	2	55.67858273684211	11.135716547368423	0.0	0.0	3	1.038621230834964	3.148634325817277	230.0	36	1.05	0.95				
	317	1	0.0	0.0	0.0	0.0	3	1.0439670625710318	5.2157931253671235	230.0	37	1.05	0.95				
	318	2	185.40968051368424	37.86143626105264	0.0	0.0	3	1.0455288002746077	5.438658357061478	230.0	37	1.05	0.95				
	319	1	100.77823475368422	20.601075612631583	0.0	0.0	3	1.0338455962711737	2.750395446825881	230.0	35	1.05	0.95				
	320	1	71.2685859031579	14.47643151157895	0.0	0.0	3	1.0329665173859388	3.0282972792350806	230.0	35	1.05	0.95				
	321	2	0.0	0.0	0.0	0.0	3	1.048540680859059	6.737545304339697	230.0	37	1.05	0.95				
	322	2	0.0	0.0	0.0	0.0	3	1.05	11.912264139049993	230.0	37	1.05	0.95				
	323	2	0.0	0.0	0.0	0.0	3	1.0334113142448549	3.498605350458149	230.0	35	1.05	0.95				
	324	1	0.0	0.0	0.0	0.0	3	1.0226389864225953	0.5326822951421338	230.0	36	1.05	0.95				
	325	1	0.0	0.0	0.0	0.0	3	1.0341835782371873	4.0145132852893255	230.0	35	1.05	0.95				
];
