%% MATPOWER Case Format : Version 2
function mpc = RTS_GMLC
mpc.version = '2';

%%-----  Power Flow Data  -----%%
%% system MVA base
mpc.baseMVA = 100.0;
%% bus data
%    bus_i    type    Pd    Qd    Gs    Bs    area    Vm    Va    baseKV    zone    Vmax    Vmin
mpc.bus = [
	101	2	52.55714993684211	10.706086098245613	0.0	0.0	1	1.0176614863633289	-4.1693729764517435	138.0	11	1.05	0.95				
	102	2	47.2041068877193	9.73280554385965	0.0	0.0	1	1.0166271986912099	-4.430290922711211	138.0	12	1.05	0.95				
	103	1	87.59524989473685	18.00569025614035	0.0	0.0	1	1.0286509581802608	0.6809726634136801	138.0	11	1.05	0.95				
	104	1	36.0113805122807	7.299604157894738	0.0	0.0	1	1.016459270746704	-4.56268659881081	138.0	11	1.05	0.95				
	105	1	34.551459680701754	6.812963880701756	0.0	0.0	1	1.027755349717901	-5.782546298485511	138.0	11	1.05	0.95				
	106	1	66.18307769824561	13.625927761403512	0.0	-100.0	1	1.0406208460968307	-7.222664750199372	138.0	12	1.05	0.95				
	107	2	60.83003464912281	12.166006929824562	0.0	0.0	1	0.9998308797585914	-11.610314202597502	138.0	12	1.05	0.95				
	108	1	83.2154874	17.032409701754386	0.0	0.0	1	1.002006296430403	-10.2452988281093	138.0	12	1.05	0.95				
	109	1	85.16204850877193	17.51904997894737	0.0	0.0	1	1.0251357389477915	-3.7581936980378745	138.0	13	1.05	0.95				
	110	1	94.89485405263159	19.4656110877193	0.0	0.0	1	1.05	-5.8419667290047075	138.0	13	1.05	0.95				
	111	1	0.0	0.0	0.0	0.0	1	1.0109881180580522	-0.8254474639950198	230.0	13	1.05	0.95				
	112	1	0.0	0.0	0.0	0.0	1	1.0116565055894233	-1.6358047282875654	230.0	13	1.05	0.95				
	113	3	128.95967345614034	26.278574968421054	0.0	0.0	1	1.0050364862559742	-2.231454389708603e-30	230.0	14	1.05	0.95				
	114	2	94.4082137754386	18.978970810526317	0.0	0.0	1	1.0195308282927062	2.48178175859302	230.0	16	1.05	0.95				
	115	2	154.26496787017544	31.144977740350875	0.0	0.0	1	1.040895488936668	11.754013384305082	230.0	16	1.05	0.95				
	116	2	48.66402771929825	9.73280554385965	0.0	0.0	1	1.0362808843592188	10.103686005752882	230.0	16	1.05	0.95				
	117	1	0.0	0.0	0.0	0.0	1	1.0412920574628128	15.72109813371912	230.0	17	1.05	0.95				
	118	2	162.05121230526316	33.091538849122806	0.0	0.0	1	1.05	16.60359138019227	230.0	17	1.05	0.95				
	119	1	88.08189017192983	18.00569025614035	0.0	0.0	1	1.026466238118229	6.460480317835884	230.0	15	1.05	0.95				
	120	1	62.28995548070175	12.652647207017544	0.0	0.0	1	1.0235678557340564	3.699950504794204	230.0	15	1.05	0.95				
	121	2	0.0	0.0	0.0	0.0	1	1.05	18.122474302677773	230.0	17	1.05	0.95				
	122	2	0.0	0.0	0.0	0.0	1	1.05	31.769579165910425	230.0	17	1.05	0.95				
	123	2	0.0	0.0	0.0	0.0	1	1.0233490513315062	2.551507583879615	230.0	15	1.05	0.95				
	124	1	0.0	0.0	0.0	0.0	1	1.0224847951090013	7.6124226253884775	230.0	16	1.05	0.95				
	201	2	46.256571701052636	9.422634976140351	0.0	0.0	2	1.0140236786330672	-12.135240927843798	138.0	21	1.05	0.95				
	202	2	41.54525421298246	8.56603179649123	0.0	0.0	2	1.0131927686671391	-12.372198947710142	138.0	22	1.05	0.95				
	203	1	77.09428616842105	15.847158823508773	0.0	0.0	2	1.0151321582985666	-9.547795481718676	138.0	21	1.05	0.95				
	204	1	31.694317647017545	6.424523847368421	0.0	0.0	2	1.012260081315734	-11.698664614488788	138.0	21	1.05	0.95				
	205	1	30.409412877543858	5.99622225754386	0.0	0.0	2	1.0266893276756408	-12.024216844745327	138.0	21	1.05	0.95				
	206	1	58.24901621614036	11.99244451508772	0.0	-100.0	2	1.0417501526550994	-12.490659478372889	138.0	22	1.05	0.95				
	207	2	53.53769872807017	10.707539745614035	0.0	0.0	2	0.9964999253782497	-17.66339604495114	138.0	22	1.05	0.95				
	208	1	73.23957186	14.990555643859649	0.0	0.0	2	1.0011538650534384	-15.719625954134871	138.0	22	1.05	0.95				
	209	1	74.95277821929824	15.41885723368421	0.0	0.0	2	1.024181547177017	-9.379246527246048	138.0	23	1.05	0.95				
	210	1	83.51881001578947	17.13206359298246	0.0	0.0	2	1.05	-10.535419182038993	138.0	23	1.05	0.95				
	211	1	0.0	0.0	0.0	0.0	2	1.0046877027528942	-7.041068655433088	230.0	23	1.05	0.95				
	212	1	0.0	0.0	0.0	0.0	2	1.0113917215329138	-2.6724698817134325	230.0	23	1.05	0.95				
	213	2	113.49992130350877	23.128285850526318	0.0	0.0	2	0.9998881833191838	-4.989352052819204	230.0	24	1.05	0.95				
	214	2	83.09050842596491	16.703762003157895	0.0	0.0	2	1.0024603792726123	-5.788000996464522	230.0	26	1.05	0.95				
	215	2	135.77160397438598	27.411301748771933	0.0	0.0	2	1.022858346998359	-0.5738972229419064	230.0	26	1.05	0.95				
	216	2	42.83015898245614	8.56603179649123	0.0	0.0	2	1.0210317087754537	-1.3923019137279802	230.0	26	1.05	0.95				
	217	1	0.0	0.0	0.0	0.0	2	1.0274588778398537	0.3022866824294094	230.0	27	1.05	0.95				
	218	2	142.62442941157894	29.12450810807018	0.0	0.0	2	1.0269702150188789	-0.09450648359654922	230.0	27	1.05	0.95				
	219	1	77.52258775824562	15.847158823508773	0.0	0.0	2	1.0189019841827405	-1.7655159466429968	230.0	25	1.05	0.95				
	220	1	54.82260349754387	11.135841335438597	0.0	0.0	2	1.019965691138328	-1.2423664819257543	230.0	25	1.05	0.95				
	221	2	0.0	0.0	0.0	0.0	2	1.0290273489372705	0.5426032175732716	230.0	27	1.05	0.95				
	222	2	0.0	0.0	0.0	0.0	2	1.049999942564563	6.939056610724597	230.0	27	1.05	0.95				
	223	2	0.0	0.0	0.0	0.0	2	1.0212519902411603	-0.6216754040922264	230.0	25	1.05	0.95				
	224	1	0.0	0.0	0.0	0.0	2	1.0088637128607914	-3.942098000088706	230.0	26	1.05	0.95				
	301	2	71.32236635368422	14.528630183157896	0.0	0.0	3	1.002625711686412	2.710915448811562	138.0	31	1.05	0.95				
	302	2	64.05805126210527	13.207845621052632	0.0	0.0	3	1.003246793389779	2.6333295294102643	138.0	32	1.05	0.95				
	303	1	118.87061058947369	24.434514398947368	0.0	0.0	3	1.0175277719898475	7.158769961698709	138.0	31	1.05	0.95				
	304	1	48.869028797894735	9.905884215789474	0.0	0.0	3	1.0032547870727342	4.97504265419967	138.0	31	1.05	0.95				
	305	1	46.887851954736846	9.245491934736844	0.0	0.0	3	1.0160827338975837	4.72920546533468	138.0	31	1.05	0.95				
	306	1	89.81335022315791	18.490983869473688	0.0	-100.0	3	1.0318286019585035	5.127993410293582	138.0	32	1.05	0.95				
	307	2	82.54903513157895	16.50980702631579	0.0	0.0	3	0.9930553586810353	0.7511249424216296	138.0	32	1.05	0.95				
	308	1	112.92708006000001	23.113729836842104	0.0	0.0	3	1.0000104459685217	3.7740651903947064	138.0	32	1.05	0.95				
	309	1	115.56864918421053	23.774122117894734	0.0	0.0	3	1.0274357482845384	9.57503865677632	138.0	33	1.05	0.95				
	310	1	128.77649480526316	26.415691242105265	0.0	0.0	3	1.05	8.858604669510324	138.0	33	1.05	0.95				
	311	1	0.0	0.0	0.0	0.0	3	1.0172106952837898	15.734148469579841	230.0	33	1.05	0.95				
	312	1	0.0	0.0	0.0	0.0	3	1.02090333501497	16.878077550858574	230.0	33	1.05	0.95				
	313	2	175.00395447894738	35.66118317684211	0.0	0.0	3	1.037766236752485	22.933389116346664	230.0	34	1.05	0.95				
	314	2	128.11610252421053	25.75529896105263	0.0	0.0	3	1.0218612894370147	15.826750454743575	230.0	36	1.05	0.95				
	315	2	209.34435309368422	42.26510598736842	0.0	0.0	3	1.0405582536290219	12.617335023541102	230.0	36	1.05	0.95				
	316	2	66.03922810526316	13.207845621052632	0.0	0.0	3	1.0410512768384161	14.039488637582311	230.0	36	1.05	0.95				
	317	1	0.0	0.0	0.0	0.0	3	1.0499999959956479	15.456558097324184	230.0	37	1.05	0.95				
	318	2	219.91062959052636	44.906675111578956	0.0	0.0	3	1.046336760790606	12.703079306742746	230.0	37	1.05	0.95				
	319	1	119.53100287052632	24.434514398947368	0.0	0.0	3	1.0385155929920795	16.085495040862412	230.0	35	1.05	0.95				
	320	1	84.53021197473684	17.17019930736842	0.0	0.0	3	1.039048314710049	17.62217125228151	230.0	35	1.05	0.95				
	321	2	0.0	0.0	0.0	0.0	3	1.0452332933627222	13.314785212505603	230.0	37	1.05	0.95				
	322	2	0.0	0.0	0.0	0.0	3	1.05	18.49703859394747	230.0	37	1.05	0.95				
	323	2	0.0	0.0	0.0	0.0	3	1.0391674152449104	18.08927900852549	230.0	35	1.05	0.95				
	324	1	0.0	0.0	0.0	0.0	3	1.0268210498546417	12.653419320620303	230.0	36	1.05	0.95				
	325	1	0.0	0.0	0.0	0.0	3	1.0409409331296489	18.09725451170683	230.0	35	1.05	0.95				
];
