%% MATPOWER Case Format : Version 2
function mpc = RTS_GMLC
mpc.version = '2';

%%-----  Power Flow Data  -----%%
%% system MVA base
mpc.baseMVA = 100.0;
%% bus data
%    bus_i    type    Pd    Qd    Gs    Bs    area    Vm    Va    baseKV    zone    Vmax    Vmin
mpc.bus = [
	101	2	58.90301829473685	11.998762985964913	0.0	0.0	1	1.0340910581884217	-0.7093204670704524	138.0	11	1.05	0.95				
	102	2	52.903636801754395	10.907966350877194	0.0	0.0	1	1.0336382966642808	-0.8844564956102003	138.0	12	1.05	0.95				
	103	1	98.17169715789474	20.179737749122808	0.0	0.0	1	1.0268622334712165	-1.256324558720993	138.0	11	1.05	0.95				
	104	1	40.359475498245615	8.180974763157895	0.0	0.0	1	1.0196620970923522	-3.8947663778787747	138.0	11	1.05	0.95				
	105	1	38.72328054561404	7.635576445614037	0.0	0.0	1	1.0346542107530632	-3.8402421717021897	138.0	11	1.05	0.95				
	106	1	74.17417118596492	15.271152891228073	0.0	-100.0	1	1.0422703482616402	-6.1370536924455745	138.0	12	1.05	0.95				
	107	2	68.17478969298246	13.634957938596493	0.0	0.0	1	1.0010305053240323	-12.874808751209049	138.0	12	1.05	0.95				
	108	1	93.2631123	19.088941114035087	0.0	0.0	1	1.0002246543248496	-11.119413331833822	138.0	12	1.05	0.95				
	109	1	95.44470557017544	19.634339431578947	0.0	0.0	1	1.0251490627823319	-4.151841000290029	138.0	13	1.05	0.95				
	110	1	106.35267192105265	21.815932701754388	0.0	0.0	1	1.05	-5.298292460588864	138.0	13	1.05	0.95				
	111	1	0.0	0.0	0.0	0.0	1	1.009432512145466	-1.2543902054223623	230.0	13	1.05	0.95				
	112	1	0.0	0.0	0.0	0.0	1	1.012844467990902	-1.0520695542618574	230.0	13	1.05	0.95				
	113	3	144.53055414912282	29.451509147368427	0.0	0.0	1	1.007316706349796	-7.373667621389748e-29	230.0	14	1.05	0.95				
	114	2	105.80727360350879	21.270534384210528	0.0	0.0	1	1.0108779795206568	1.2012885963605184	230.0	16	1.05	0.95				
	115	2	172.89126666140353	34.90549232280702	0.0	0.0	1	1.0433307501914064	8.76289577148344	230.0	16	1.05	0.95				
	116	2	54.53983175438597	10.907966350877194	0.0	0.0	1	1.0402704517887025	7.882932329614871	230.0	16	1.05	0.95				
	117	1	0.0	0.0	0.0	0.0	1	1.0441166712653895	11.112078163507872	230.0	17	1.05	0.95				
	118	2	181.61763974210527	37.08708559298246	0.0	0.0	1	1.0473601977854672	11.361836303248428	230.0	17	1.05	0.95				
	119	1	98.71709547543861	20.179737749122808	0.0	0.0	1	1.0328209606770005	5.954848615826613	230.0	15	1.05	0.95				
	120	1	69.81098464561404	14.180356256140353	0.0	0.0	1	1.0311632828244441	5.3136079742876206	230.0	15	1.05	0.95				
	121	2	0.0	0.0	0.0	0.0	1	1.05	12.84647394401301	230.0	17	1.05	0.95				
	122	2	0.0	0.0	0.0	0.0	1	1.05	22.3456549685879	230.0	17	1.05	0.95				
	123	2	0.0	0.0	0.0	0.0	1	1.0312803440701928	5.373828979145047	230.0	15	1.05	0.95				
	124	1	0.0	0.0	0.0	0.0	1	1.024620136466685	5.032840309977417	230.0	16	1.05	0.95				
	201	2	62.04942545684211	12.639697778245615	0.0	0.0	2	1.0288850212430865	-12.533144943200918	138.0	21	1.05	0.95				
	202	2	55.7295765677193	11.49063434385965	0.0	0.0	2	1.029327428089944	-12.51656058781439	138.0	22	1.05	0.95				
	203	1	103.41570909473685	21.257673536140352	0.0	0.0	2	1.0171525515434072	-11.503655152501297	138.0	21	1.05	0.95				
	204	1	42.515347072280704	8.617975757894737	0.0	0.0	2	1.0167850079234775	-14.448425696613967	138.0	21	1.05	0.95				
	205	1	40.79175192070175	8.043444040701756	0.0	0.0	2	1.032143783020481	-14.672836343607436	138.0	21	1.05	0.95				
	206	1	78.13631353824562	16.08688808140351	0.0	-100.0	2	1.0409308889624749	-16.40444551104865	138.0	22	1.05	0.95				
	207	2	71.8164646491228	14.363292929824562	0.0	0.0	2	0.9880093975689518	-24.991381610085444	138.0	22	1.05	0.95				
	208	1	98.24492364000001	20.108610101754383	0.0	0.0	2	0.9896621799620758	-22.254676646551882	138.0	22	1.05	0.95				
	209	1	100.54305050877193	20.683141818947366	0.0	0.0	2	1.0239167600890635	-13.685554191416493	138.0	23	1.05	0.95				
	210	1	112.03368485263158	22.9812686877193	0.0	0.0	2	1.05	-15.014442605516212	138.0	23	1.05	0.95				
	211	1	0.0	0.0	0.0	0.0	2	1.0143233145135304	-10.043800934757506	230.0	23	1.05	0.95				
	212	1	0.0	0.0	0.0	0.0	2	1.0141197720604387	-8.879240567291538	230.0	23	1.05	0.95				
	213	2	152.25090505614034	31.024712728421054	0.0	0.0	2	1.0157138879960919	-8.401020895504706	230.0	24	1.05	0.95				
	214	2	111.4591531354386	22.406736970526318	0.0	0.0	2	1.021167609638153	-7.164878309828771	230.0	26	1.05	0.95				
	215	2	182.12655435017544	36.77002990035088	0.0	0.0	2	1.0355554587406959	0.373913472150792	230.0	26	1.05	0.95				
	216	2	57.45317171929825	11.49063434385965	0.0	0.0	2	1.0381767030932885	0.3961378163089236	230.0	26	1.05	0.95				
	217	1	0.0	0.0	0.0	0.0	2	1.0406451633469165	3.028699355732626	230.0	27	1.05	0.95				
	218	2	191.31906182526316	39.06815676912281	0.0	0.0	2	1.0412878775657923	3.1577989960263104	230.0	27	1.05	0.95				
	219	1	103.99024081192982	21.257673536140352	0.0	0.0	2	1.0394557584297446	0.42163911545890803	230.0	25	1.05	0.95				
	220	1	73.54005980070175	14.937824647017544	0.0	0.0	2	1.045116470853117	1.5282509334878294	230.0	25	1.05	0.95				
	221	2	0.0	0.0	0.0	0.0	2	1.0414538079835147	2.999587132582917	230.0	27	1.05	0.95				
	222	2	0.0	0.0	0.0	0.0	2	1.05	9.51493515818875	230.0	27	1.05	0.95				
	223	2	0.0	0.0	0.0	0.0	2	1.0497766544164484	2.551585370191053	230.0	25	1.05	0.95				
	224	1	0.0	0.0	0.0	0.0	2	1.0138731271330326	-4.043391693848016	230.0	26	1.05	0.95				
	301	2	51.984182235789476	10.589370455438596	0.0	0.0	3	1.010777528990353	-2.948087688441623	138.0	31	1.05	0.95				
	302	2	46.68949700807018	9.626700414035088	0.0	0.0	3	1.0099711305818966	-3.169789255583458	138.0	32	1.05	0.95				
	303	1	86.64030372631579	17.80939576596491	0.0	0.0	3	1.045710307766234	7.549642835252365	138.0	31	1.05	0.95				
	304	1	35.61879153192982	7.2200253105263155	0.0	0.0	3	1.0123726015174037	-1.2534956948433171	138.0	31	1.05	0.95				
	305	1	34.17478646982456	6.738690289824562	0.0	0.0	3	1.0243818405112874	-3.5124819674047636	138.0	31	1.05	0.95				
	306	1	65.4615628154386	13.477380579649124	0.0	-100.0	3	1.0393846160837314	-4.37680567659644	138.0	32	1.05	0.95				
	307	2	60.166877587719306	12.03337551754386	0.0	0.0	3	0.990667747023692	-8.82348224419887	138.0	32	1.05	0.95				
	308	1	82.30828853999999	16.846725724561402	0.0	0.0	3	0.9965312018839544	-6.623690686292217	138.0	32	1.05	0.95				
	309	1	84.233628622807	17.32806074526316	0.0	0.0	3	1.0303864763650155	2.2612385178859977	138.0	33	1.05	0.95				
	310	1	93.8603290368421	19.253400828070177	0.0	0.0	3	1.05	-2.527451997839544	138.0	33	1.05	0.95				
	311	1	0.0	0.0	0.0	0.0	3	1.0113637260380919	2.6506611985257442	230.0	33	1.05	0.95				
	312	1	0.0	0.0	0.0	0.0	3	1.0153113016619164	2.99921762702093	230.0	33	1.05	0.95				
	313	2	127.55378048596491	25.992091117894738	0.0	0.0	3	1.0124482749337516	5.181331024905103	230.0	34	1.05	0.95				
	314	2	93.37899401614035	18.77206580736842	0.0	0.0	3	1.0084013119154192	3.3301240704928574	230.0	36	1.05	0.95				
	315	2	152.58320156245614	30.80544132491228	0.0	0.0	3	1.0408997741913475	7.176111431339108	230.0	36	1.05	0.95				
	316	2	48.13350207017544	9.626700414035088	0.0	0.0	3	1.037542224399077	7.143494823224815	230.0	36	1.05	0.95				
	317	1	0.0	0.0	0.0	0.0	3	1.05	11.37987481989818	230.0	37	1.05	0.95				
	318	2	160.2845618936842	32.7307814077193	0.0	0.0	3	1.047475108569322	9.220014582710835	230.0	37	1.05	0.95				
	319	1	87.12163874701756	17.80939576596491	0.0	0.0	3	1.0285413705688848	5.901993006338579	230.0	35	1.05	0.95				
	320	1	61.61088264982456	12.514710538245613	0.0	0.0	3	1.0244091803147244	5.745915795794833	230.0	35	1.05	0.95				
	321	2	0.0	0.0	0.0	0.0	3	1.046129800418067	9.157930171074707	230.0	37	1.05	0.95				
	322	2	0.0	0.0	0.0	0.0	3	1.05	14.372945320520207	230.0	37	1.05	0.95				
	323	2	0.0	0.0	0.0	0.0	3	1.0229232580107894	6.032302282128151	230.0	35	1.05	0.95				
	324	1	0.0	0.0	0.0	0.0	3	1.038806015139205	7.324749058768437	230.0	36	1.05	0.95				
	325	1	0.0	0.0	0.0	0.0	3	1.024301503571272	6.626943465758458	230.0	35	1.05	0.95				
];
