%% MATPOWER Case Format : Version 2
function mpc = RTS_GMLC
mpc.version = '2';

%%-----  Power Flow Data  -----%%
%% system MVA base
mpc.baseMVA = 100.0;
%% bus data
%    bus_i    type    Pd    Qd    Gs    Bs    area    Vm    Va    baseKV    zone    Vmax    Vmin
mpc.bus = [
	101	2	47.30677882105264	9.636566056140351	0.0	0.0	1	1.0122139635289675	-4.7334249384639655	138.0	11	1.05	0.95				
	102	2	42.488495792982455	8.760514596491229	0.0	0.0	1	1.0120692733297878	-4.9758292325690405	138.0	12	1.05	0.95				
	103	1	78.84463136842105	16.20695200350877	0.0	0.0	1	1.001935293745992	0.3843714128766721	138.0	11	1.05	0.95				
	104	1	32.41390400701754	6.570385947368421	0.0	0.0	1	1.0021466119309703	-4.854449288125032	138.0	11	1.05	0.95				
	105	1	31.099826817543857	6.13236021754386	0.0	0.0	1	1.0160213277911847	-5.969566013953446	138.0	11	1.05	0.95				
	106	1	59.571499256140356	12.26472043508772	0.0	-100.0	1	1.0257546838044151	-7.182061059805607	138.0	12	1.05	0.95				
	107	2	54.75321622807018	10.950643245614035	0.0	0.0	1	0.9877162859369764	-11.20090442462717	138.0	12	1.05	0.95				
	108	1	74.9023998	15.330900543859649	0.0	0.0	1	0.9874855526502052	-9.906314985279225	138.0	12	1.05	0.95				
	109	1	76.65450271929825	15.768926273684208	0.0	0.0	1	1.0024272645727197	-3.785342630159568	138.0	13	1.05	0.95				
	110	1	85.41501731578947	17.521029192982457	0.0	0.0	1	1.030411957814961	-5.776833907049207	138.0	13	1.05	0.95				
	111	1	0.0	0.0	0.0	0.0	1	0.98370011447427	-0.8945854367528671	230.0	13	1.05	0.95				
	112	1	0.0	0.0	0.0	0.0	1	0.984042368100055	-1.6833200497905527	230.0	13	1.05	0.95				
	113	3	116.07681840350877	23.65338941052632	0.0	0.0	1	0.9668771156700933	8.89244476464559e-30	230.0	14	1.05	0.95				
	114	2	84.97699158596491	17.083003463157894	0.0	0.0	1	0.9946679186036456	2.3335034008527433	230.0	16	1.05	0.95				
	115	2	138.85415635438596	28.033646708771933	0.0	0.0	1	0.995148127481248	11.479340171925557	230.0	16	1.05	0.95				
	116	2	43.80257298245614	8.760514596491229	0.0	0.0	1	0.9936456224758422	9.906210169468965	230.0	16	1.05	0.95				
	117	1	0.0	0.0	0.0	0.0	1	0.9975416618158146	15.67203379245765	230.0	17	1.05	0.95				
	118	2	145.86256803157895	29.785749628070178	0.0	0.0	1	1.0061758553398232	16.27679434644575	230.0	17	1.05	0.95				
	119	1	79.28265709824561	16.20695200350877	0.0	0.0	1	0.9924859465444995	6.235917224625519	230.0	15	1.05	0.95				
	120	1	56.067293417543866	11.388668975438597	0.0	0.0	1	0.9968462300397927	3.540497258266415	230.0	15	1.05	0.95				
	121	2	0.0	0.0	0.0	0.0	1	1.0072597051914816	17.665186936921703	230.0	17	1.05	0.95				
	122	2	0.0	0.0	0.0	0.0	1	1.0148147468978181	34.369183243038655	230.0	17	1.05	0.95				
	123	2	0.0	0.0	0.0	0.0	1	1.0004418248307068	2.421856948015211	230.0	15	1.05	0.95				
	124	1	0.0	0.0	0.0	0.0	1	0.9844217363834618	7.252640733892865	230.0	16	1.05	0.95				
	201	2	47.089563991578956	9.592318590877195	0.0	0.0	2	1.0103635755150542	-12.067231566190353	138.0	21	1.05	0.95				
	202	2	42.29340469614035	8.720289628070176	0.0	0.0	2	1.0092485591256737	-12.26926745262852	138.0	22	1.05	0.95				
	203	1	78.48260665263157	16.132535811929824	0.0	0.0	2	0.9964007594778462	-9.204829348505893	138.0	21	1.05	0.95				
	204	1	32.26507162385965	6.5402172210526315	0.0	0.0	2	0.9995184849260031	-11.272864262049328	138.0	21	1.05	0.95				
	205	1	30.95702817964912	6.104202739649123	0.0	0.0	2	1.0157619723250284	-11.642877413193665	138.0	21	1.05	0.95				
	206	1	59.2979694708772	12.208405479298246	0.0	-100.0	2	1.0266318925605633	-11.946606889819916	138.0	22	1.05	0.95				
	207	2	54.50181017543861	10.90036203508772	0.0	0.0	2	0.9706451391833322	-17.30002980212216	138.0	22	1.05	0.95				
	208	1	74.55847632	15.260506849122807	0.0	0.0	2	0.9776568669042309	-15.252360417808768	138.0	22	1.05	0.95				
	209	1	76.30253424561404	15.696521330526316	0.0	0.0	2	1.0050713762420889	-8.591927990292865	138.0	23	1.05	0.95				
	210	1	85.02282387368422	17.440579256140353	0.0	0.0	2	1.0321499903500424	-9.770439599598927	138.0	23	1.05	0.95				
	211	1	0.0	0.0	0.0	0.0	2	0.9877014065243179	-5.991692875841887	230.0	23	1.05	0.95				
	212	1	0.0	0.0	0.0	0.0	2	0.9881483388353989	-1.1940533624530085	230.0	23	1.05	0.95				
	213	2	115.54383757192983	23.544781995789478	0.0	0.0	2	0.9842358032231895	-3.37228104934256	230.0	24	1.05	0.95				
	214	2	84.5868093922807	17.004564774736846	0.0	0.0	2	0.9863615046166484	-4.969467790579987	230.0	26	1.05	0.95				
	215	2	138.21659060491228	27.904926809824566	0.0	0.0	2	0.9922758436519871	-0.29197438781647783	230.0	26	1.05	0.95				
	216	2	43.60144814035088	8.720289628070176	0.0	0.0	2	0.9906443238541622	-0.6144886079256401	230.0	26	1.05	0.95				
	217	1	0.0	0.0	0.0	0.0	2	1.0009751307542245	0.5226543455460069	230.0	27	1.05	0.95				
	218	2	145.19282230736843	29.6489847354386	0.0	0.0	2	1.0016483579129067	0.0008163049343808305	230.0	27	1.05	0.95				
	219	1	78.91862113403509	16.132535811929824	0.0	0.0	2	0.9836865534800856	0.22569563767076264	230.0	25	1.05	0.95				
	220	1	55.80985361964913	11.336376516491228	0.0	0.0	2	0.981250064011694	1.8895210054819986	230.0	25	1.05	0.95				
	221	2	0.0	0.0	0.0	0.0	2	1.004027757973271	0.6008378076851046	230.0	27	1.05	0.95				
	222	2	0.0	0.0	0.0	0.0	2	1.0222318204231713	6.321831078832243	230.0	27	1.05	0.95				
	223	2	0.0	0.0	0.0	0.0	2	0.9812908926462509	3.175114343953864	230.0	25	1.05	0.95				
	224	1	0.0	0.0	0.0	0.0	2	0.9831204386328665	-3.6794364992187094	230.0	26	1.05	0.95				
	301	2	73.20151849263159	14.911420433684212	0.0	0.0	3	1.0020237525558575	27.128177309059332	138.0	31	1.05	0.95				
	302	2	65.74580827578947	13.555836757894738	0.0	0.0	3	1.0029321947499243	26.700128553856228	138.0	32	1.05	0.95				
	303	1	122.00253082105263	25.078298002105264	0.0	0.0	3	1.0146294957660198	44.948646356516946	138.0	31	1.05	0.95				
	304	1	50.15659600421053	10.166877568421052	0.0	0.0	3	0.9895822536187193	28.916815536624746	138.0	31	1.05	0.95				
	305	1	48.123220490526315	9.489085730526318	0.0	0.0	3	1.0087279716045403	26.47978925251197	138.0	31	1.05	0.95				
	306	1	92.17968995368422	18.978171461052636	0.0	-100.0	3	1.0186848191095477	25.351283002197626	138.0	32	1.05	0.95				
	307	2	84.7239797368421	16.944795947368423	0.0	0.0	3	0.9605379751789539	20.866480444396714	138.0	32	1.05	0.95				
	308	1	115.90240428	23.72271432631579	0.0	0.0	3	0.9689275258148695	24.163599433283203	138.0	32	1.05	0.95				
	309	1	118.61357163157895	24.400506164210526	0.0	0.0	3	1.0038359879483303	33.63264677106733	138.0	33	1.05	0.95				
	310	1	132.1694083894737	27.111673515789477	0.0	0.0	3	1.033272168521184	28.065903910266584	138.0	33	1.05	0.95				
	311	1	0.0	0.0	0.0	0.0	3	1.0018355409379498	33.5215664491752	230.0	33	1.05	0.95				
	312	1	0.0	0.0	0.0	0.0	3	1.0058568586114756	33.97384286515263	230.0	33	1.05	0.95				
	313	2	179.61483704210525	36.600759246315796	0.0	0.0	3	1.0140649230088976	37.464875957717744	230.0	34	1.05	0.95				
	314	2	131.49161655157894	26.43388167789474	0.0	0.0	3	1.0021146448611713	32.73569908447004	230.0	36	1.05	0.95				
	315	2	214.86001261263158	43.37867762526316	0.0	0.0	3	0.9956569495735559	30.860570158395227	230.0	36	1.05	0.95				
	316	2	67.77918378947369	13.555836757894738	0.0	0.0	3	0.993391960553765	31.151468764988543	230.0	36	1.05	0.95				
	317	1	0.0	0.0	0.0	0.0	3	1.0006676340332032	33.093683412762836	230.0	37	1.05	0.95				
	318	2	225.70468201894735	46.08984497684211	0.0	0.0	3	0.9913686334966987	29.13712388656263	230.0	37	1.05	0.95				
	319	1	122.68032265894738	25.078298002105264	0.0	0.0	3	1.0002272814771556	31.080054308689768	230.0	35	1.05	0.95				
	320	1	86.75735525052632	17.622587785263157	0.0	0.0	3	1.0088552507502178	30.915801500549644	230.0	35	1.05	0.95				
	321	2	0.0	0.0	0.0	0.0	3	1.0010097922556271	30.25895907672842	230.0	37	1.05	0.95				
	322	2	0.0	0.0	0.0	0.0	3	1.018693955594149	34.69109184319567	230.0	37	1.05	0.95				
	323	2	0.0	0.0	0.0	0.0	3	1.0138423069038933	30.718019203865236	230.0	35	1.05	0.95				
	324	1	0.0	0.0	0.0	0.0	3	1.0002832600527019	37.80491430810761	230.0	36	1.05	0.95				
