%% MATPOWER Case Format : Version 2
function mpc = RTS_GMLC
mpc.version = '2';

%%-----  Power Flow Data  -----%%
%% system MVA base
mpc.baseMVA = 100.0;
%% bus data
%    bus_i    type    Pd    Qd    Gs    Bs    area    Vm    Va    baseKV    zone    Vmax    Vmin
mpc.bus = [
	101	2	87.9871350694737	17.923305291929825	0.0	0.0	1	1.0452773379917353	-3.725864401113834	138.0	11	1.05	0.95				
	102	2	79.02548242350878	16.293913901754387	0.0	0.0	1	1.0449923808393702	-3.8558827099565414	138.0	12	1.05	0.95				
	103	1	146.6452251157895	30.143740718245617	0.0	0.0	1	1.0241870245700337	-4.760227342600555	138.0	11	1.05	0.95				
	104	1	60.287481436491234	12.22043542631579	0.0	0.0	1	1.020816053318402	-6.981812359124065	138.0	11	1.05	0.95				
	105	1	57.84339435122807	11.405739731228072	0.0	0.0	1	1.0367543590621444	-6.986126284697734	138.0	11	1.05	0.95				
	106	1	110.79861453192983	22.811479462456145	0.0	-100.0	1	1.037151182367021	-9.572406798930322	138.0	12	1.05	0.95				
	107	2	101.83696188596491	20.367392377192985	0.0	0.0	1	1.0291678342307595	-5.728500521823874	138.0	12	1.05	0.95				
	108	1	139.31296386	28.514349328070175	0.0	0.0	1	1.011358801598148	-8.875487324487628	138.0	12	1.05	0.95				
	109	1	142.57174664035088	29.329045023157896	0.0	0.0	1	1.02698503657775	-6.393591402619563	138.0	13	1.05	0.95				
	110	1	158.86566054210527	32.58782780350877	0.0	0.0	1	1.05	-7.774001712733679	138.0	13	1.05	0.95				
	111	1	0.0	0.0	0.0	0.0	1	1.0167518150746193	-3.253708514621821	230.0	13	1.05	0.95				
	112	1	0.0	0.0	0.0	0.0	1	1.01772788114521	-2.032575247994059	230.0	13	1.05	0.95				
	113	3	215.8943591982456	43.99356753473685	0.0	0.0	1	1.0212301537853063	1.1285604529546686e-28	230.0	14	1.05	0.95				
	114	2	158.05096484701755	31.773132108421052	0.0	0.0	1	1.020530207742047	-2.2603574063248395	230.0	16	1.05	0.95				
	115	2	258.258535342807	52.14052448561404	0.0	0.0	1	1.0443834090422988	4.454357562067589	230.0	16	1.05	0.95				
	116	2	81.46956950877194	16.293913901754387	0.0	0.0	1	1.0419169812196436	4.132408695347506	230.0	16	1.05	0.95				
	117	1	0.0	0.0	0.0	0.0	1	1.045545973719256	6.417856436058891	230.0	17	1.05	0.95				
	118	2	271.29366646421056	55.399307265964914	0.0	0.0	1	1.0468456932644272	6.621257121034019	230.0	17	1.05	0.95				
	119	1	147.4599208108772	30.143740718245617	0.0	0.0	1	1.035895557119001	3.6476323701041666	230.0	15	1.05	0.95				
	120	1	104.28104897122807	21.182088072280703	0.0	0.0	1	1.0371348144783759	4.398684012551208	230.0	15	1.05	0.95				
	121	2	0.0	0.0	0.0	0.0	1	1.05	8.30161540069987	230.0	17	1.05	0.95				
	122	2	0.0	0.0	0.0	0.0	1	1.05	14.19764278417288	230.0	17	1.05	0.95				
	123	2	0.0	0.0	0.0	0.0	1	1.040396214338274	5.413419872469748	230.0	15	1.05	0.95				
	124	1	0.0	0.0	0.0	0.0	1	1.0252095090053923	1.0391986417010806	230.0	16	1.05	0.95				
	201	2	60.79143709894738	12.383440890526316	0.0	0.0	2	1.0303457373880187	-1.7539939758614576	138.0	21	1.05	0.95				
	202	2	54.599716653684204	11.257673536842105	0.0	0.0	2	1.0306735282783894	-1.6706095615723324	138.0	22	1.05	0.95				
	203	1	101.31906183157895	20.826696043157895	0.0	0.0	2	1.0256964243861049	-2.9842872766496495	138.0	21	1.05	0.95				
	204	1	41.65339208631579	8.443255152631579	0.0	0.0	2	1.0190642773000662	-3.463473319663091	138.0	21	1.05	0.95				
	205	1	39.964741055789474	7.880371475789475	0.0	0.0	2	1.0331784766821497	-3.4934919016518666	138.0	21	1.05	0.95				
	206	1	76.55218005052632	15.76074295157895	0.0	-100.0	2	1.041764435883038	-4.984858675830881	138.0	22	1.05	0.95				
	207	2	70.36045960526316	14.072091921052632	0.0	0.0	2	0.9892806065863252	-13.421616178965845	138.0	22	1.05	0.95				
	208	1	96.25310874	19.700928689473685	0.0	0.0	2	0.9915456483867463	-10.759322624701978	138.0	22	1.05	0.95				
	209	1	98.50464344736842	20.26381236631579	0.0	0.0	2	1.026449589407299	-2.6418700307310328	138.0	23	1.05	0.95				
	210	1	109.76231698421053	22.51534707368421	0.0	0.0	2	1.05	-3.469738306049699	138.0	23	1.05	0.95				
	211	1	0.0	0.0	0.0	0.0	2	1.0094193997821201	-0.03384840428133009	230.0	23	1.05	0.95				
	212	1	0.0	0.0	0.0	0.0	2	1.0158707682611716	4.616511024968221	230.0	23	1.05	0.95				
	213	2	149.16417436315788	30.39571854947369	0.0	0.0	2	1.0063830373546714	2.2369636095081833	230.0	24	1.05	0.95				
	214	2	109.19943330736841	21.952463396842106	0.0	0.0	2	1.0096255967358174	1.093554523196553	230.0	26	1.05	0.95				
	215	2	178.4341255589474	36.02455531789474	0.0	0.0	2	1.0375261335331598	5.54487231142824	230.0	26	1.05	0.95				
	216	2	56.28836768421053	11.257673536842105	0.0	0.0	2	1.036128096713421	6.084029227927068	230.0	26	1.05	0.95				
	217	1	0.0	0.0	0.0	0.0	2	1.0425868100570017	7.881874606124787	230.0	27	1.05	0.95				
	218	2	187.44026438842104	38.27609002526316	0.0	0.0	2	1.0439890528242008	8.432763088737811	230.0	27	1.05	0.95				
	219	1	101.88194550842107	20.826696043157895	0.0	0.0	2	1.0330590904323755	6.3104947145080645	230.0	25	1.05	0.95				
	220	1	72.04911063578948	14.634975597894737	0.0	0.0	2	1.0349133110726763	7.5862950467929915	230.0	25	1.05	0.95				
	221	2	0.0	0.0	0.0	0.0	2	1.0435744197578785	8.219821564734964	230.0	27	1.05	0.95				
	222	2	0.0	0.0	0.0	0.0	2	1.05	14.593058030722696	230.0	27	1.05	0.95				
	223	2	0.0	0.0	0.0	0.0	2	1.0375470631153565	8.70746326805824	230.0	25	1.05	0.95				
	224	1	0.0	0.0	0.0	0.0	2	1.0223271791221265	2.358011429179677	230.0	26	1.05	0.95				
	301	2	73.20151849263159	14.911420433684212	0.0	0.0	3	1.002500848946616	-9.362152122279774	138.0	31	1.05	0.95				
	302	2	65.74580827578947	13.555836757894738	0.0	0.0	3	1.0034186776488632	-9.431555474999294	138.0	32	1.05	0.95				
	303	1	122.00253082105263	25.078298002105264	0.0	0.0	3	1.013176581263876	-4.827904753025154	138.0	31	1.05	0.95				
	304	1	50.15659600421053	10.166877568421052	0.0	0.0	3	1.00113775419579	-6.813894166097087	138.0	31	1.05	0.95				
	305	1	48.123220490526315	9.489085730526318	0.0	0.0	3	1.013830796083543	-7.284801618806359	138.0	31	1.05	0.95				
	306	1	92.17968995368422	18.978171461052636	0.0	-100.0	3	1.02838288187958	-6.866888229261094	138.0	32	1.05	0.95				
	307	2	84.7239797368421	16.944795947368423	0.0	0.0	3	0.9886077035263319	-11.652427693087773	138.0	32	1.05	0.95				
	308	1	115.90240428	23.72271432631579	0.0	0.0	3	0.9944439795789339	-8.497030211356916	138.0	32	1.05	0.95				
	309	1	118.61357163157895	24.400506164210526	0.0	0.0	3	1.0247419853975759	-1.9029702321747117	138.0	33	1.05	0.95				
	310	1	132.1694083894737	27.111673515789477	0.0	0.0	3	1.0462922997567916	-3.021494108690799	138.0	33	1.05	0.95				
	311	1	0.0	0.0	0.0	0.0	3	1.0166141381444294	4.980565063096614	230.0	33	1.05	0.95				
	312	1	0.0	0.0	0.0	0.0	3	1.0201872398176581	6.266679453837356	230.0	33	1.05	0.95				
	313	2	179.61483704210525	36.600759246315796	0.0	0.0	3	1.0472854239704557	13.645457109589294	230.0	34	1.05	0.95				
	314	2	131.49161655157894	26.43388167789474	0.0	0.0	3	1.0219562252405887	4.583520653584498	230.0	36	1.05	0.95				
	315	2	214.86001261263158	43.37867762526316	0.0	0.0	3	1.036465355812793	1.383973720903593	230.0	36	1.05	0.95				
	316	2	67.77918378947369	13.555836757894738	0.0	0.0	3	1.037064419321971	3.011675573063222	230.0	36	1.05	0.95				
	317	1	0.0	0.0	0.0	0.0	3	1.039704609144076	3.104702941719845	230.0	37	1.05	0.95				
	318	2	225.70468201894735	46.08984497684211	0.0	0.0	3	1.0376100998937459	2.5141217558458684	230.0	37	1.05	0.95				
	319	1	122.68032265894738	25.078298002105264	0.0	0.0	3	1.0364158391007383	5.106310786022436	230.0	35	1.05	0.95				
	320	1	86.75735525052632	17.622587785263157	0.0	0.0	3	1.0392171815024385	6.839459605244155	230.0	35	1.05	0.95				
	321	2	0.0	0.0	0.0	0.0	3	1.0392091694977776	2.759795785228565	230.0	37	1.05	0.95				
	322	2	0.0	0.0	0.0	0.0	3	1.05	7.2101490242514235	230.0	37	1.05	0.95				
	323	2	0.0	0.0	0.0	0.0	3	1.0410554766292546	7.533107361278232	230.0	35	1.05	0.95				
	324	1	0.0	0.0	0.0	0.0	3	1.020024903953313	-0.4294842909191077	230.0	36	1.05	0.95				
	325	1	0.0	0.0	0.0	0.0	3	1.0425370232867013	7.602168645757119	230.0	35	1.05	0.95				
];
