%% MATPOWER Case Format : Version 2
function mpc = RTS_GMLC
mpc.version = '2';

%%-----  Power Flow Data  -----%%
%% system MVA base
mpc.baseMVA = 100.0;
%% bus data
%    bus_i    type    Pd    Qd    Gs    Bs    area    Vm    Va    baseKV    zone    Vmax    Vmin
mpc.bus = [
	101	2	40.94755071157895	8.34116773754386	0.0	0.0	1	1.0123281143299598	-3.802350235448374	138.0	11	1.05	0.95				
	102	2	36.77696684280701	7.582879761403509	0.0	0.0	1	1.012276225200542	-4.021923004439597	138.0	12	1.05	0.95				
	103	1	68.24591785263158	14.02832755859649	0.0	0.0	1	1.002142721995306	1.216395268930584	138.0	11	1.05	0.95				
	104	1	28.05665511719298	5.687159821052631	0.0	0.0	1	1.003057243606985	-3.895997754540585	138.0	11	1.05	0.95				
	105	1	26.919223152982454	5.308015832982456	0.0	0.0	1	1.0173054445313607	-4.918478895870915	138.0	11	1.05	0.95				
	106	1	51.56358237754386	10.616031665964911	0.0	-100.0	1	1.0281415594808039	-6.0127549619477145	138.0	12	1.05	0.95				
	107	2	47.392998508771925	9.478599701754385	0.0	0.0	1	0.9867151395510607	-9.974346152852192	138.0	12	1.05	0.95				
	108	1	64.83362196	13.270039582456139	0.0	0.0	1	0.9889909872020709	-8.614654331066152	138.0	12	1.05	0.95				
	109	1	66.35019791228069	13.649183570526313	0.0	0.0	1	1.0024174775173558	-2.9283459438006987	138.0	13	1.05	0.95				
	110	1	73.9330776736842	15.165759522807019	0.0	0.0	1	1.0311882342225904	-4.796495559675185	138.0	13	1.05	0.95				
	111	1	0.0	0.0	0.0	0.0	1	0.9812903683424662	-0.3923675352015132	230.0	13	1.05	0.95				
	112	1	0.0	0.0	0.0	0.0	1	0.9829076628351474	-1.2810123396999025	230.0	13	1.05	0.95				
	113	3	100.47315683859648	20.473775355789474	0.0	0.0	1	0.9631412872631683	-9.061245727561688e-30	230.0	14	1.05	0.95				
	114	2	73.55393368561403	14.78661553473684	0.0	0.0	1	0.9893741506228427	2.8837505590686097	230.0	16	1.05	0.95				
	115	2	120.1886442182456	24.265215236491226	0.0	0.0	1	0.9899610032016782	11.672555956694264	230.0	16	1.05	0.95				
	116	2	37.91439880701754	7.582879761403509	0.0	0.0	1	0.9884574309596443	10.135293734074601	230.0	16	1.05	0.95				
	117	1	0.0	0.0	0.0	0.0	1	0.9912604788331886	15.738735325605887	230.0	17	1.05	0.95				
	118	2	126.25494802736841	25.78179118877193	0.0	0.0	1	0.999236296317009	16.27152575240667	230.0	17	1.05	0.95				
	119	1	68.62506184070175	14.02832755859649	0.0	0.0	1	0.9885596229550137	6.46130093074341	230.0	15	1.05	0.95				
	120	1	48.53043047298245	9.857743689824561	0.0	0.0	1	0.9934551560883023	3.680054580854025	230.0	15	1.05	0.95				
	121	2	0.0	0.0	0.0	0.0	1	1.0001182754977374	17.46985022729795	230.0	17	1.05	0.95				
	122	2	0.0	0.0	0.0	0.0	1	1.006813904130236	34.39118109351553	230.0	17	1.05	0.95				
	123	2	0.0	0.0	0.0	0.0	1	0.9971341494831816	2.4710239441133672	230.0	15	1.05	0.95				
	124	1	0.0	0.0	0.0	0.0	1	0.9820937574501208	7.66695206079368	230.0	16	1.05	0.95				
	201	2	44.165591052631584	8.996694473684212	0.0	0.0	2	1.0100230303885658	-11.962662632130275	138.0	21	1.05	0.95				
	202	2	39.66724381578947	8.178813157894737	0.0	0.0	2	1.0089858283106312	-12.139570310447944	138.0	22	1.05	0.95				
	203	1	73.60931842105262	15.130804342105261	0.0	0.0	2	0.9968666352540692	-9.01427486912073	138.0	21	1.05	0.95				
	204	1	30.261608684210522	6.134109868421052	0.0	0.0	2	1.000545071961713	-11.147240474537336	138.0	21	1.05	0.95				
	205	1	29.034786710526312	5.725169210526316	0.0	0.0	2	1.0166798626421292	-11.534470901448772	138.0	21	1.05	0.95				
	206	1	55.61592947368421	11.450338421052631	0.0	-100.0	2	1.0284555201610976	-11.808314075161237	138.0	22	1.05	0.95				
	207	2	51.11758223684211	10.223516447368421	0.0	0.0	2	0.971204617954087	-16.694527142400588	138.0	22	1.05	0.95				
	208	1	69.92885249999999	14.312923026315788	0.0	0.0	2	0.9796705461522148	-14.809009360492169	138.0	22	1.05	0.95				
	209	1	71.56461513157895	14.721863684210525	0.0	0.0	2	1.0060750341313263	-8.586813159096854	138.0	23	1.05	0.95				
	210	1	79.74342828947368	16.357626315789474	0.0	0.0	2	1.0335465116863736	-9.7497671244274	138.0	23	1.05	0.95				
	211	1	0.0	0.0	0.0	0.0	2	0.9873145671523726	-6.236271700276597	230.0	23	1.05	0.95				
	212	1	0.0	0.0	0.0	0.0	2	0.9894916200741619	-1.6272819541871768	230.0	23	1.05	0.95				
	213	2	108.36927434210526	22.082795526315792	0.0	0.0	2	0.9838532354710517	-3.765347665163972	230.0	24	1.05	0.95				
	214	2	79.33448763157894	15.948685657894737	0.0	0.0	2	0.9836007393982981	-5.328162706912368	230.0	26	1.05	0.95				
	215	2	129.63418855263157	26.17220210526316	0.0	0.0	2	0.9911080090918137	-1.0614745485913228	230.0	26	1.05	0.95				
	216	2	40.894065789473686	8.178813157894737	0.0	0.0	2	0.9896845033275545	-1.3389604476350851	230.0	26	1.05	0.95				
	217	1	0.0	0.0	0.0	0.0	2	0.999757476584605	-0.2623602896923783	230.0	27	1.05	0.95				
	218	2	136.17723907894737	27.807964736842106	0.0	0.0	2	1.000621399439932	-0.8244581465239437	230.0	27	1.05	0.95				
	219	1	74.01825907894737	15.130804342105261	0.0	0.0	2	0.9840870351001676	-0.5707776611177371	230.0	25	1.05	0.95				
	220	1	52.34440421052632	10.632457105263157	0.0	0.0	2	0.9824338991207546	0.9706609618561952	230.0	25	1.05	0.95				
	221	2	0.0	0.0	0.0	0.0	2	1.0029934758748014	-0.3255019303527452	230.0	27	1.05	0.95				
	222	2	0.0	0.0	0.0	0.0	2	1.0204570472479333	4.4460586983873505	230.0	27	1.05	0.95				
	223	2	0.0	0.0	0.0	0.0	2	0.9826914135522576	2.1646273785017947	230.0	25	1.05	0.95				
	224	1	0.0	0.0	0.0	0.0	2	0.9835825762987623	-4.089670286426624	230.0	26	1.05	0.95				
	301	2	65.13824739789474	13.2689022477193	0.0	0.0	3	1.0024030038946983	22.504626945378167	138.0	31	1.05	0.95				
	302	2	58.50379627403509	12.062638407017545	0.0	0.0	3	1.0030239855706216	22.136242723724028	138.0	32	1.05	0.95				
	303	1	108.56374566315792	22.31588105298246	0.0	0.0	3	1.0155331169270256	37.86641143820331	138.0	31	1.05	0.95				
	304	1	44.63176210596492	9.046978805263159	0.0	0.0	3	0.9922623377645458	24.13134175758856	138.0	31	1.05	0.95				
	305	1	42.82236634491228	8.443846884912283	0.0	0.0	3	1.0097783412464862	21.956165132394066	138.0	31	1.05	0.95				
	306	1	82.02594116771932	16.887693769824565	0.0	-100.0	3	1.0206138495657338	20.955665764741248	138.0	32	1.05	0.95				
	307	2	75.39149004385965	15.078298008771931	0.0	0.0	3	0.9650982146230114	17.229490312695923	138.0	32	1.05	0.95				
	308	1	103.13555838000002	21.109617212280703	0.0	0.0	3	0.9745680884981894	20.097726937645923	138.0	32	1.05	0.95				
	309	1	105.54808606140351	21.712749132631583	0.0	0.0	3	1.0050783444083324	28.338751424627965	138.0	33	1.05	0.95				
	310	1	117.61072446842107	24.12527681403509	0.0	0.0	3	1.0327936819716839	23.39775665111126	138.0	33	1.05	0.95				
	311	1	0.0	0.0	0.0	0.0	3	0.9957524036715726	28.483445905212218	230.0	33	1.05	0.95				
	312	1	0.0	0.0	0.0	0.0	3	1.001969220987907	28.888899907518073	230.0	33	1.05	0.95				
	313	2	159.82995889298246	32.56912369894737	0.0	0.0	3	1.0062106466467329	32.03342976652668	230.0	34	1.05	0.95				
	314	2	117.00759254807018	23.522144893684214	0.0	0.0	3	0.9902165874353589	28.036839209843773	230.0	36	1.05	0.95				
	315	2	191.1928187512281	38.600442902456145	0.0	0.0	3	0.9883929867009706	26.950078584900762	230.0	36	1.05	0.95				
	316	2	60.313192035087724	12.062638407017545	0.0	0.0	3	0.9810897686275325	27.357691774599008	230.0	36	1.05	0.95				
	317	1	0.0	0.0	0.0	0.0	3	0.994745516882976	29.472176245147775	230.0	37	1.05	0.95				
	318	2	200.84292947684213	41.01297058385966	0.0	0.0	3	0.9887398837269089	25.69618953165858	230.0	37	1.05	0.95				
	319	1	109.16687758350878	22.31588105298246	0.0	0.0	3	0.9903199960557137	27.17941688239954	230.0	35	1.05	0.95				
	320	1	77.20088580491229	15.681429929122809	0.0	0.0	3	1.0007922392825086	27.03705756425557	230.0	35	1.05	0.95				
	321	2	0.0	0.0	0.0	0.0	3	0.9965961675485075	26.573022982885817	230.0	37	1.05	0.95				
	322	2	0.0	0.0	0.0	0.0	3	1.0132776522906262	30.369731029111286	230.0	37	1.05	0.95				
	323	2	0.0	0.0	0.0	0.0	3	1.0066686964210025	26.876561614952397	230.0	35	1.05	0.95				
	324	1	0.0	0.0	0.0	0.0	3	0.9972342541063554	32.40893554573563	230.0	36	1.05	0.95				
