%% MATPOWER Case Format : Version 2
function mpc = RTS_GMLC
mpc.version = '2';

%%-----  Power Flow Data  -----%%
%% system MVA base
mpc.baseMVA = 100.0;
%% bus data
%    bus_i    type    Pd    Qd    Gs    Bs    area    Vm    Va    baseKV    zone    Vmax    Vmin
mpc.bus = [
	101	2	51.007422050526316	10.390400788070178	0.0	0.0	1	1.0289448577424896	2.657609306265539	138.0	11	1.05	0.95				
	102	2	45.81222165649123	9.445818898245616	0.0	0.0	1	1.028463733939808	2.4947379485271792	138.0	12	1.05	0.95				
	103	1	85.01237008421053	17.47476496175439	0.0	0.0	1	1.0298549863860318	1.2361419741945985	138.0	11	1.05	0.95				
	104	1	34.94952992350878	7.084364173684212	0.0	0.0	1	1.0189497135982644	-0.8540184544489469	138.0	11	1.05	0.95				
	105	1	33.532657088771934	6.612073228771931	0.0	0.0	1	1.0327875029598097	-0.7051129228694126	138.0	11	1.05	0.95				
	106	1	64.23156850807018	13.224146457543862	0.0	-100.0	1	1.042878476844861	-3.0617890336557716	138.0	12	1.05	0.95				
	107	2	59.0363681140351	11.807273622807019	0.0	0.0	1	1.0054199892127542	-7.576967647517974	138.0	12	1.05	0.95				
	108	1	80.76175158000001	16.530183071929823	0.0	0.0	1	1.0065599874165445	-6.751825478728708	138.0	12	1.05	0.95				
	109	1	82.65091535964912	17.002474016842108	0.0	0.0	1	1.025917272691103	-1.6665110656307736	138.0	13	1.05	0.95				
	110	1	92.09673425789474	18.89163779649123	0.0	0.0	1	1.05	-2.6087495487662187	138.0	13	1.05	0.95				
	111	1	0.0	0.0	0.0	0.0	1	1.008203667246045	0.2186361400584043	230.0	13	1.05	0.95				
	112	1	0.0	0.0	0.0	0.0	1	1.0123854413574456	0.4233073668724906	230.0	13	1.05	0.95				
	113	3	125.15710040175438	25.503711025263158	0.0	0.0	1	1.0004911743912994	-3.241085840540492e-29	230.0	14	1.05	0.95				
	114	2	91.62444331298246	18.41934685157895	0.0	0.0	1	1.0098388125572102	2.8538566869367763	230.0	16	1.05	0.95				
	115	2	149.716229537193	30.226620474385967	0.0	0.0	1	1.0466208355934241	9.791011450752448	230.0	16	1.05	0.95				
	116	2	47.229094491228075	9.445818898245616	0.0	0.0	1	1.0435142385168616	9.27675691350888	230.0	16	1.05	0.95				
	117	1	0.0	0.0	0.0	0.0	1	1.044925735687426	12.51713773770942	230.0	17	1.05	0.95				
	118	2	157.27288465578948	32.11578425403509	0.0	0.0	1	1.049999711625589	12.088932281939323	230.0	17	1.05	0.95				
	119	1	85.48466102912282	17.47476496175439	0.0	0.0	1	1.0371929505047632	7.661784471835171	230.0	15	1.05	0.95				
	120	1	60.453240948771935	12.2795645677193	0.0	0.0	1	1.0354382377416051	7.1504033999715295	230.0	15	1.05	0.95				
	121	2	0.0	0.0	0.0	0.0	1	1.05	12.809888857925278	230.0	17	1.05	0.95				
	122	2	0.0	0.0	0.0	0.0	1	1.05	29.069444805050864	230.0	17	1.05	0.95				
	123	2	0.0	0.0	0.0	0.0	1	1.035149469660555	7.22549925595244	230.0	15	1.05	0.95				
	124	1	0.0	0.0	0.0	0.0	1	1.0294482065823964	6.610900088565663	230.0	16	1.05	0.95				
	201	2	54.45049581473684	11.091767665964912	0.0	0.0	2	1.0267667504091567	-9.796588570844424	138.0	21	1.05	0.95				
	202	2	48.90461198175438	10.083425150877193	0.0	0.0	2	1.0271478540833285	-9.795433607190628	138.0	22	1.05	0.95				
	203	1	90.75082635789474	18.654336529122805	0.0	0.0	2	1.0203776041367785	-8.640459130072523	138.0	21	1.05	0.95				
	204	1	37.30867305824561	7.562568863157894	0.0	0.0	2	1.0169296287065857	-12.099613094269404	138.0	21	1.05	0.95				
	205	1	35.79615928561403	7.058397605614035	0.0	0.0	2	1.0318294519125855	-12.317943934868206	138.0	21	1.05	0.95				
	206	1	68.56729102596492	14.11679521122807	0.0	-100.0	2	1.0421989760753962	-14.202608294689446	138.0	22	1.05	0.95				
	207	2	63.02140719298245	12.604281438596491	0.0	0.0	2	0.9844601621056562	-21.757589022853605	138.0	22	1.05	0.95				
	208	1	86.21328503999999	17.645994014035086	0.0	0.0	2	0.9907880804722465	-19.426940193158302	138.0	22	1.05	0.95				
	209	1	88.22997007017544	18.150165271578945	0.0	0.0	2	1.0236157913520019	-11.92154566668772	138.0	23	1.05	0.95				
	210	1	98.31339522105263	20.166850301754387	0.0	0.0	2	1.05	-13.261673459790243	138.0	23	1.05	0.95				
	211	1	0.0	0.0	0.0	0.0	2	1.0112144082220944	-9.035264791457635	230.0	23	1.05	0.95				
	212	1	0.0	0.0	0.0	0.0	2	1.014528894726506	-8.721318505920234	230.0	23	1.05	0.95				
	213	2	133.60538324912278	27.22524790736842	0.0	0.0	2	1.0058439132380323	-8.378921153804907	230.0	24	1.05	0.95				
	214	2	97.80922396350876	19.662679044210527	0.0	0.0	2	1.0185733622963988	-6.00771637097206	230.0	26	1.05	0.95				
	215	2	159.82228864140347	32.266960482807015	0.0	0.0	2	1.0379507844291007	1.6540471339552707	230.0	26	1.05	0.95				
	216	2	50.417125754385964	10.083425150877193	0.0	0.0	2	1.0426112630426312	1.249028005900154	230.0	26	1.05	0.95				
	217	1	0.0	0.0	0.0	0.0	2	1.0448127043059778	4.634895985826103	230.0	27	1.05	0.95				
	218	2	167.88902876210526	34.28364551298246	0.0	0.0	2	1.0465872596631745	5.1165616590276795	230.0	27	1.05	0.95				
	219	1	91.2549976154386	18.654336529122805	0.0	0.0	2	1.042760206505375	-0.33310008230549387	230.0	25	1.05	0.95				
	220	1	64.53392096561403	13.108452696140349	0.0	0.0	2	1.0469206875655444	-0.7531956986948223	230.0	25	1.05	0.95				
	221	2	0.0	0.0	0.0	0.0	2	1.0454255713675809	4.715679554389735	230.0	27	1.05	0.95				
	222	2	0.0	0.0	0.0	0.0	2	1.05	11.19195013182586	230.0	27	1.05	0.95				
	223	2	0.0	0.0	0.0	0.0	2	1.05	-0.6135759444854783	230.0	25	1.05	0.95				
	224	1	0.0	0.0	0.0	0.0	2	1.0185597227475625	-2.1745993857293953	230.0	26	1.05	0.95				
	301	2	71.35653274105265	14.53559000280702	0.0	0.0	3	1.0138404138203496	-35.667817953870106	138.0	31	1.05	0.95				
	302	2	64.08873773964913	13.214172729824563	0.0	0.0	3	1.0124959687994473	-35.99991500374575	138.0	32	1.05	0.95				
	303	1	118.92755456842106	24.446219550175442	0.0	0.0	3	1.020485125052389	-29.750706596386024	138.0	31	1.05	0.95				
	304	1	48.892439100350884	9.910629547368421	0.0	0.0	3	1.008523623430339	-34.57108558735892	138.0	31	1.05	0.95				
	305	1	46.9103131908772	9.249920910877195	0.0	0.0	3	1.0230753206179994	-35.35809874122605	138.0	31	1.05	0.95				
	306	1	89.85637456280703	18.49984182175439	0.0	-100.0	3	1.034654158417546	-35.92249231116212	138.0	32	1.05	0.95				
	307	2	82.58857956140352	16.517715912280703	0.0	0.0	3	1.004742199640453	-38.31890997976881	138.0	32	1.05	0.95				
	308	1	112.98117684	23.124802277192984	0.0	0.0	3	1.0003485747257366	-37.646997403945676	138.0	32	1.05	0.95				
	309	1	115.62401138596492	23.785510913684213	0.0	0.0	3	1.0279195706251403	-30.70640681800215	138.0	33	1.05	0.95				
	310	1	128.8381841157895	26.428345459649126	0.0	0.0	3	1.05	-32.93032331671332	138.0	33	1.05	0.95				
	311	1	0.0	0.0	0.0	0.0	3	1.020537240146693	-25.692867725668464	230.0	33	1.05	0.95				
	312	1	0.0	0.0	0.0	0.0	3	1.0180500765212803	-24.651955978950028	230.0	33	1.05	0.95				
	313	2	175.08778867017546	35.67826637052632	0.0	0.0	3	1.0296210764534615	-21.28211255175256	230.0	34	1.05	0.95				
	314	2	128.17747547929827	25.767636823157897	0.0	0.0	3	1.0330962894454012	-23.515736948516786	230.0	36	1.05	0.95				
	315	2	209.4446377677193	42.2853527354386	0.0	0.0	3	1.0481654294880554	-17.041029214565125	230.0	36	1.05	0.95				
	316	2	66.07086364912281	13.214172729824563	0.0	0.0	3	1.0492146843832362	-16.435019961230495	230.0	36	1.05	0.95				
	317	1	0.0	0.0	0.0	0.0	3	1.0499071901266959	-13.91943875947469	230.0	37	1.05	0.95				
	318	2	220.01597595157895	44.92818728140352	0.0	0.0	3	1.05	-13.393583473248858	230.0	37	1.05	0.95				
	319	1	119.5882632049123	24.446219550175442	0.0	0.0	3	1.0451662366258072	-16.95056853788072	230.0	35	1.05	0.95				
	320	1	84.5707054708772	17.178424548771932	0.0	0.0	3	1.0471188801736329	-16.16490999497752	230.0	35	1.05	0.95				
	321	2	0.0	0.0	0.0	0.0	3	1.05	-12.959899325140766	230.0	37	1.05	0.95				
	322	2	0.0	0.0	0.0	0.0	3	1.05	-7.560150307030189	230.0	37	1.05	0.95				
	323	2	0.0	0.0	0.0	0.0	3	1.05	-15.252434922100669	230.0	35	1.05	0.95				
	324	1	0.0	0.0	0.0	0.0	3	1.0217098579902741	-21.7295058677025	230.0	36	1.05	0.95				
	325	1	0.0	0.0	0.0	0.0	3	1.0366133818751047	-13.026513155780043	230.0	35	1.05	0.95				
];
