%% MATPOWER Case Format : Version 2
function mpc = RTS_GMLC
mpc.version = '2';

%%-----  Power Flow Data  -----%%
%% system MVA base
mpc.baseMVA = 100.0;
%% bus data
%    bus_i    type    Pd    Qd    Gs    Bs    area    Vm    Va    baseKV    zone    Vmax    Vmin
mpc.bus = [
	101	2	61.387926783157894	12.504948048421053	0.0	0.0	1	1.0339532838834278	2.2549005665881863	138.0	11	1.05	0.95				
	102	2	55.135452758947366	11.368134589473684	0.0	0.0	1	1.0339935765196955	2.214687401272831	138.0	12	1.05	0.95				
	103	1	102.31321130526317	21.031048990526315	0.0	0.0	1	1.025471930086049	0.4240842480375159	138.0	11	1.05	0.95				
	104	1	42.06209798105263	8.526100942105263	0.0	0.0	1	1.0195243199509492	-1.2271404579489027	138.0	11	1.05	0.95				
	105	1	40.35687779263157	7.95769421263158	0.0	0.0	1	1.034118942786493	-1.098656718075288	138.0	11	1.05	0.95				
	106	1	77.30331520842105	15.91538842526316	0.0	-100.0	1	1.041487514930347	-3.5017390820092458	138.0	12	1.05	0.95				
	107	2	71.05084118421053	14.210168236842105	0.0	0.0	1	1.0369012911564734	-1.666992383494766	138.0	12	1.05	0.95				
	108	1	97.19755074	19.894235531578946	0.0	0.0	1	1.0231872734594816	-3.6782513167637787	138.0	12	1.05	0.95				
	109	1	99.47117765789474	20.46264226105263	0.0	0.0	1	1.0258062585684316	-1.7483233073087672	138.0	13	1.05	0.95				
	110	1	110.83931224736843	22.736269178947367	0.0	0.0	1	1.05	-2.7102475440496008	138.0	13	1.05	0.95				
	111	1	0.0	0.0	0.0	0.0	1	1.0070732244562381	-0.05523559616395939	230.0	13	1.05	0.95				
	112	1	0.0	0.0	0.0	0.0	1	1.0117958761264896	0.4420704069787088	230.0	13	1.05	0.95				
	113	3	150.6277833105263	30.693963391578947	0.0	0.0	1	1.001269444854791	1.224854655194832e-28	230.0	14	1.05	0.95				
	114	2	110.27090551789473	22.167862449473684	0.0	0.0	1	1.0052432964444604	2.1750284798863047	230.0	16	1.05	0.95				
	115	2	180.1849332431579	36.37803068631579	0.0	0.0	1	1.0417665745752671	9.142031389682263	230.0	16	1.05	0.95				
	116	2	56.84067294736842	11.368134589473684	0.0	0.0	1	1.0384751657719484	8.667918201315032	230.0	16	1.05	0.95				
	117	1	0.0	0.0	0.0	0.0	1	1.0453442074964416	11.367235140905137	230.0	17	1.05	0.95				
	118	2	189.27944091473685	38.65165760421053	0.0	0.0	1	1.0484604955163852	11.887221779692593	230.0	17	1.05	0.95				
	119	1	102.88161803473686	21.031048990526315	0.0	0.0	1	1.0320505930841477	7.296854672597249	230.0	15	1.05	0.95				
	120	1	72.75606137263158	14.77857496631579	0.0	0.0	1	1.0311923394144322	7.190449836370276	230.0	15	1.05	0.95				
	121	2	0.0	0.0	0.0	0.0	1	1.05	12.087030792238162	230.0	17	1.05	0.95				
	122	2	0.0	0.0	0.0	0.0	1	1.05	18.37436401735841	230.0	17	1.05	0.95				
	123	2	0.0	0.0	0.0	0.0	1	1.0319020826860903	7.562204634321428	230.0	15	1.05	0.95				
	124	1	0.0	0.0	0.0	0.0	1	1.024641645315942	5.899387924993278	230.0	16	1.05	0.95				
	201	2	62.491421368421065	12.72973398245614	0.0	0.0	2	1.0323919666982357	-9.141368394901756	138.0	21	1.05	0.95				
	202	2	56.12655437719298	11.572485438596491	0.0	0.0	2	1.0325199338012738	-9.230619222696275	138.0	22	1.05	0.95				
	203	1	104.15236894736843	21.40909806140351	0.0	0.0	2	1.0248315237523555	-6.759532811521455	138.0	21	1.05	0.95				
	204	1	42.81819612280702	8.67936407894737	0.0	0.0	2	1.0180664224710263	-11.53502496979199	138.0	21	1.05	0.95				
	205	1	41.082323307017546	8.100739807017545	0.0	0.0	2	1.0336202144776891	-11.847635341306628	138.0	21	1.05	0.95				
	206	1	78.69290098245615	16.20147961403509	0.0	-100.0	2	1.0413095193697435	-13.917292682260554	138.0	22	1.05	0.95				
	207	2	72.32803399122807	14.465606798245615	0.0	0.0	2	0.9870849915762137	-22.642230173683163	138.0	22	1.05	0.95				
	208	1	98.9447505	20.25184951754386	0.0	0.0	2	0.9889059282415003	-19.883551901106653	138.0	22	1.05	0.95				
	209	1	101.25924758771929	20.830473789473682	0.0	0.0	2	1.02389554850876	-11.070957964550999	138.0	23	1.05	0.95				
	210	1	112.83173302631579	23.144970877192982	0.0	0.0	2	1.05	-12.762762211905391	138.0	23	1.05	0.95				
	211	1	0.0	0.0	0.0	0.0	2	1.0142490389243546	-8.028582981411272	230.0	23	1.05	0.95				
	212	1	0.0	0.0	0.0	0.0	2	1.0147984480866488	-7.2976675760607534	230.0	23	1.05	0.95				
	213	2	153.3354320614035	31.245710684210533	0.0	0.0	2	1.0130069583826673	-6.98762410483285	230.0	24	1.05	0.95				
	214	2	112.25310875438596	22.56634660526316	0.0	0.0	2	1.0219827610946122	-5.034176200103943	230.0	26	1.05	0.95				
	215	2	183.42389420175436	37.03195340350877	0.0	0.0	2	1.0368606765553456	2.9283623482732035	230.0	26	1.05	0.95				
	216	2	57.86242719298246	11.572485438596491	0.0	0.0	2	1.0397139368463146	2.704322996999331	230.0	26	1.05	0.95				
	217	1	0.0	0.0	0.0	0.0	2	1.0426513658828245	5.953524707351033	230.0	27	1.05	0.95				
	218	2	192.68188255263158	39.346450491228076	0.0	0.0	2	1.044594611951315	6.516681311906359	230.0	27	1.05	0.95				
	219	1	104.73099321929824	21.40909806140351	0.0	0.0	2	1.0392774392157078	1.7463414193349904	230.0	25	1.05	0.95				
	220	1	74.06390680701755	15.04423107017544	0.0	0.0	2	1.0435211682226617	2.0105672479435968	230.0	25	1.05	0.95				
	221	2	0.0	0.0	0.0	0.0	2	1.0445175323486484	6.353708755156603	230.0	27	1.05	0.95				
	222	2	0.0	0.0	0.0	0.0	2	1.05	12.703170206343328	230.0	27	1.05	0.95				
	223	2	0.0	0.0	0.0	0.0	2	1.0471154914388794	2.579992339640019	230.0	25	1.05	0.95				
	224	1	0.0	0.0	0.0	0.0	2	1.0202813650506883	-0.6935292004961672	230.0	26	1.05	0.95				
	301	2	55.110408101052634	11.226194242807018	0.0	0.0	3	1.0090846200474237	-22.023332533986917	138.0	31	1.05	0.95				
	302	2	49.49731097964912	10.205631129824562	0.0	0.0	3	1.0083095157187767	-22.203608622078463	138.0	32	1.05	0.95				
	303	1	91.85068016842106	18.880417590175437	0.0	0.0	3	1.0322390016918834	-13.897692781366102	138.0	31	1.05	0.95				
	304	1	37.760835180350874	7.65422334736842	0.0	0.0	3	1.0094551524922748	-20.5989057333128	138.0	31	1.05	0.95				
	305	1	36.229990510877194	7.143941790877194	0.0	0.0	3	1.0228642742310632	-21.65410121564624	138.0	31	1.05	0.95				
	306	1	69.39829168280703	14.287883581754388	0.0	-100.0	3	1.0381343327985855	-22.0341868812532	138.0	32	1.05	0.95				
	307	2	63.785194561403515	12.757038912280702	0.0	0.0	3	0.9919434862886043	-27.727930430211643	138.0	32	1.05	0.95				
	308	1	87.25814616000001	17.859854477192982	0.0	0.0	3	0.9955884682065131	-25.356716599122787	138.0	32	1.05	0.95				
	309	1	89.29927238596491	18.370136033684208	0.0	0.0	3	1.0272456477990413	-17.204462634978267	138.0	33	1.05	0.95				
	310	1	99.50490351578948	20.411262259649124	0.0	0.0	3	1.05	-19.644591207484385	138.0	33	1.05	0.95				
	311	1	0.0	0.0	0.0	0.0	3	1.0138020237255674	-13.156397493939266	230.0	33	1.05	0.95				
	312	1	0.0	0.0	0.0	0.0	3	1.0149263659572096	-12.651346762554565	230.0	33	1.05	0.95				
	313	2	135.22461247017543	27.555204050526317	0.0	0.0	3	1.017203192661272	-9.688485344904352	230.0	34	1.05	0.95				
	314	2	98.99462195929824	19.9009807031579	0.0	0.0	3	1.0209396327564373	-10.894288235500147	230.0	36	1.05	0.95				
	315	2	161.7592534077193	32.6580196154386	0.0	0.0	3	1.0446734496833883	-4.924625559220978	230.0	36	1.05	0.95				
	316	2	51.02815564912281	10.205631129824562	0.0	0.0	3	1.0436098334075685	-4.65814167929685	230.0	36	1.05	0.95				
	317	1	0.0	0.0	0.0	0.0	3	1.0466407490027796	-2.6503662068125715	230.0	37	1.05	0.95				
	318	2	169.92375831157895	34.699145841403514	0.0	0.0	3	1.0471402872519373	-2.3908190483874563	230.0	37	1.05	0.95				
	319	1	92.36096172491229	18.880417590175437	0.0	0.0	3	1.0393993525721323	-5.75837555939737	230.0	35	1.05	0.95				
	320	1	65.3160392308772	13.267320468771931	0.0	0.0	3	1.0396206785287192	-5.749251590913623	230.0	35	1.05	0.95				
	321	2	0.0	0.0	0.0	0.0	3	1.0495535151929178	-1.610438417732587	230.0	37	1.05	0.95				
	322	2	0.0	0.0	0.0	0.0	3	1.05	3.553707278003276	230.0	37	1.05	0.95				
	323	2	0.0	0.0	0.0	0.0	3	1.0406381845293167	-5.3632630041127936	230.0	35	1.05	0.95				
	324	1	0.0	0.0	0.0	0.0	3	1.0286787373050255	-8.276651939439322	230.0	36	1.05	0.95				
	325	1	0.0	0.0	0.0	0.0	3	1.035577793349656	-3.9224311587434815	230.0	35	1.05	0.95				
];
