%% MATPOWER Case Format : Version 2
function mpc = RTS_GMLC
mpc.version = '2';

%%-----  Power Flow Data  -----%%
%% system MVA base
mpc.baseMVA = 100.0;
%% bus data
%    bus_i    type    Pd    Qd    Gs    Bs    area    Vm    Va    baseKV    zone    Vmax    Vmin
mpc.bus = [
	101	2	36.659079663157904	7.467590301754387	0.0	0.0	1	1.0268623662803216	1.5545841280069475	138.0	11	1.05	0.95				
	102	2	32.9252845122807	6.788718456140351	0.0	0.0	1	1.0251097272139427	1.0896041103707428	138.0	12	1.05	0.95				
	103	1	61.098466105263164	12.559129143859648	0.0	0.0	1	1.031358917594842	1.2589485545386838	138.0	11	1.05	0.95				
	104	1	25.118258287719296	5.091538842105264	0.0	0.0	1	1.019709334634366	-1.2621150510703518	138.0	11	1.05	0.95				
	105	1	24.099950519298247	4.752102919298246	0.0	0.0	1	1.0339552313368423	-1.0979869717018	138.0	11	1.05	0.95				
	106	1	46.163285501754395	9.504205838596492	0.0	-100.0	1	1.0463551065265237	-3.0390892849786724	138.0	12	1.05	0.95				
	107	2	42.429490350877195	8.48589807017544	0.0	0.0	1	1.0012205913014458	-8.581968400639518	138.0	12	1.05	0.95				
	108	1	58.043542800000004	11.880257298245613	0.0	0.0	1	1.007342267382467	-6.9409472166337585	138.0	12	1.05	0.95				
	109	1	59.40128649122808	12.219693221052632	0.0	0.0	1	1.0246000851145567	-1.783388702114128	138.0	13	1.05	0.95				
	110	1	66.19000494736842	13.577436912280701	0.0	0.0	1	1.05	-2.693595605532343	138.0	13	1.05	0.95				
	111	1	0.0	0.0	0.0	0.0	1	1.0016451864763236	0.03440050024624596	230.0	13	1.05	0.95				
	112	1	0.0	0.0	0.0	0.0	1	1.006219302682849	-0.6018212466021668	230.0	13	1.05	0.95				
	113	3	89.95051954385966	18.329539831578952	0.0	0.0	1	0.9910641042969088	-1.883072601356733e-28	230.0	14	1.05	0.95				
	114	2	65.8505690245614	13.238000989473687	0.0	0.0	1	0.9995304839191934	2.482107056898335	230.0	16	1.05	0.95				
	115	2	107.60118752982457	21.723899059649124	0.0	0.0	1	1.0396062987967591	9.014080269084362	230.0	16	1.05	0.95				
	116	2	33.94359228070176	6.788718456140351	0.0	0.0	1	1.0339336715824787	7.814770295602385	230.0	16	1.05	0.95				
	117	1	0.0	0.0	0.0	0.0	1	1.040684437930017	12.049080148982938	230.0	17	1.05	0.95				
	118	2	113.03216229473685	23.081642750877197	0.0	0.0	1	1.047656515836749	12.392042433370106	230.0	17	1.05	0.95				
	119	1	61.43790202807018	12.559129143859648	0.0	0.0	1	1.0218790522820402	4.912435420433269	230.0	15	1.05	0.95				
	120	1	43.44779811929825	8.825333992982456	0.0	0.0	1	1.0151184181735633	3.018469863548813	230.0	15	1.05	0.95				
	121	2	0.0	0.0	0.0	0.0	1	1.05	13.517868879323638	230.0	17	1.05	0.95				
	122	2	0.0	0.0	0.0	0.0	1	1.05	26.555752625228205	230.0	17	1.05	0.95				
	123	2	0.0	0.0	0.0	0.0	1	1.0117463554556283	2.2375738313054856	230.0	15	1.05	0.95				
	124	1	0.0	0.0	0.0	0.0	1	1.026555404007291	6.106894515425686	230.0	16	1.05	0.95				
	201	2	38.55564299368421	7.853927276491228	0.0	0.0	2	1.014325421842119	-12.799528787087958	138.0	21	1.05	0.95				
	202	2	34.62867935543859	7.139933887719298	0.0	0.0	2	1.0134312177991383	-13.077479048208037	138.0	22	1.05	0.95				
	203	1	64.25940498947368	13.2088776922807	0.0	0.0	2	1.0154234298488751	-9.19438590019607	138.0	21	1.05	0.95				
	204	1	26.4177553845614	5.354950415789473	0.0	0.0	2	1.0130495035248028	-12.835154807778864	138.0	21	1.05	0.95				
	205	1	25.346765301403508	4.997953721403508	0.0	0.0	2	1.0279587568631767	-13.228931911043915	138.0	21	1.05	0.95				
	206	1	48.551550436491226	9.995907442807017	0.0	-100.0	2	1.0438268567790578	-13.939185353969128	138.0	22	1.05	0.95				
	207	2	44.62458679824561	8.924917359649122	0.0	0.0	2	0.9967863775890803	-18.139117193496478	138.0	22	1.05	0.95				
	208	1	61.04643473999999	12.49488430350877	0.0	0.0	2	1.003791355269619	-16.572170135982105	138.0	22	1.05	0.95				
	209	1	62.47442151754385	12.851880997894735	0.0	0.0	2	1.0224575698244391	-11.150939104464841	138.0	23	1.05	0.95				
	210	1	69.61435540526315	14.279867775438596	0.0	0.0	2	1.05	-12.507137160081857	138.0	23	1.05	0.95				
	211	1	0.0	0.0	0.0	0.0	2	1.0030782818152177	-8.485358838884427	230.0	23	1.05	0.95				
	212	1	0.0	0.0	0.0	0.0	2	1.0060135378055417	-7.8314272493507255	230.0	23	1.05	0.95				
	213	2	94.60412401228069	19.277821496842105	0.0	0.0	2	0.997302776089455	-7.247303778295666	230.0	24	1.05	0.95				
	214	2	69.25735871087718	13.922871081052632	0.0	0.0	2	1.0023011883541229	-6.0847218201743	230.0	26	1.05	0.95				
	215	2	113.16795212035086	22.847788440701752	0.0	0.0	2	1.0174279364749266	-0.27700463733811115	230.0	26	1.05	0.95				
	216	2	35.69966943859649	7.139933887719298	0.0	0.0	2	1.0186439101845395	-0.5235875557295382	230.0	26	1.05	0.95				
	217	1	0.0	0.0	0.0	0.0	2	1.0230107058645108	0.9236091669114188	230.0	27	1.05	0.95				
	218	2	118.8798992305263	24.275775218245613	0.0	0.0	2	1.0224710563753112	0.5738481093203777	230.0	27	1.05	0.95				
	219	1	64.61640168385965	13.2088776922807	0.0	0.0	2	1.0195283880338022	-0.7166783044190069	230.0	25	1.05	0.95				
	220	1	45.695576881403504	9.281914054035086	0.0	0.0	2	1.0223471133469766	-0.17602338515518806	230.0	25	1.05	0.95				
	221	2	0.0	0.0	0.0	0.0	2	1.0243753623116074	1.0925714542934035	230.0	27	1.05	0.95				
	222	2	0.0	0.0	0.0	0.0	2	1.046258444075575	7.563624295819399	230.0	27	1.05	0.95				
	223	2	0.0	0.0	0.0	0.0	2	1.024253596341644	0.397878485346319	230.0	25	1.05	0.95				
	224	1	0.0	0.0	0.0	0.0	2	1.0056989217656662	-3.644105275943807	230.0	26	1.05	0.95				
	301	2	43.254666227368425	8.811135712982457	0.0	0.0	3	1.0096961779902294	-13.007281174351894	138.0	31	1.05	0.95				
	302	2	38.84909837087719	8.010123375438598	0.0	0.0	3	1.0095531569911942	-13.136143760839783	138.0	32	1.05	0.95				
	303	1	72.09111037894738	14.818728244561404	0.0	0.0	3	1.0280736039422613	-7.3074752222721875	138.0	31	1.05	0.95				
	304	1	29.63745648912281	6.007592531578947	0.0	0.0	3	1.0118366567953117	-11.88398440047747	138.0	31	1.05	0.95				
	305	1	28.43593798280702	5.607086362807019	0.0	0.0	3	1.024796628922752	-12.631766798466733	138.0	31	1.05	0.95				
	306	1	54.468838952982466	11.214172725614038	0.0	-100.0	3	1.0416534894266571	-12.911671149267415	138.0	32	1.05	0.95				
	307	2	50.063271096491235	10.012654219298247	0.0	0.0	3	0.9906951905633026	-17.175616374892023	138.0	32	1.05	0.95				
	308	1	68.48655486	14.017715907017545	0.0	0.0	3	0.9992760021127701	-15.4081915625175	138.0	32	1.05	0.95				
	309	1	70.08857953508773	14.418222075789474	0.0	0.0	3	1.0258341490410254	-9.214836950190511	138.0	33	1.05	0.95				
	310	1	78.09870291052631	16.020246750877195	0.0	0.0	3	1.05	-10.965502371293763	138.0	33	1.05	0.95				
	311	1	0.0	0.0	0.0	0.0	3	1.0056624642655208	-5.750436054689637	230.0	33	1.05	0.95				
	312	1	0.0	0.0	0.0	0.0	3	1.010396946987805	-5.25024282551769	230.0	33	1.05	0.95				
	313	2	106.13413472456142	21.627333113684212	0.0	0.0	3	1.008920302891487	-2.3520708428839296	230.0	34	1.05	0.95				
	314	2	77.69819674175439	15.619740582105266	0.0	0.0	3	1.0018599079537593	-4.259175208592143	230.0	36	1.05	0.95				
	315	2	126.96045550070177	25.632394801403514	0.0	0.0	3	1.0320162529978063	-0.08762099172816055	230.0	36	1.05	0.95				
	316	2	40.05061687719299	8.010123375438598	0.0	0.0	3	1.0308707046152328	0.1820012703496681	230.0	36	1.05	0.95				
	317	1	0.0	0.0	0.0	0.0	3	1.042443851705563	4.600887029418251	230.0	37	1.05	0.95				
	318	2	133.36855420105266	27.234419476491233	0.0	0.0	3	1.039279777840743	2.860447529242534	230.0	37	1.05	0.95				
	319	1	72.4916165477193	14.818728244561404	0.0	0.0	3	1.0257626944317642	-0.44073085115409266	230.0	35	1.05	0.95				
	320	1	51.26478960280703	10.413160388070176	0.0	0.0	3	1.023888692346019	-0.20069958766440768	230.0	35	1.05	0.95				
	321	2	0.0	0.0	0.0	0.0	3	1.0389130658794516	2.4820539546016382	230.0	37	1.05	0.95				
	322	2	0.0	0.0	0.0	0.0	3	1.05	7.633569774937227	230.0	37	1.05	0.95				
	323	2	0.0	0.0	0.0	0.0	3	1.0233355441637144	0.2433778542232252	230.0	35	1.05	0.95				
	324	1	0.0	0.0	0.0	0.0	3	1.0211976228622912	-2.80604419010185	230.0	36	1.05	0.95				
	325	1	0.0	0.0	0.0	0.0	3	1.0219860064824098	1.3762838822308912	230.0	35	1.05	0.95				
];
