%% MATPOWER Case Format : Version 2
function mpc = RTS_GMLC
mpc.version = '2';

%%-----  Power Flow Data  -----%%
%% system MVA base
mpc.baseMVA = 100.0;
%% bus data
%    bus_i    type    Pd    Qd    Gs    Bs    area    Vm    Va    baseKV    zone    Vmax    Vmin
mpc.bus = [
	101	2	42.697674416842105	8.697674418245613	0.0	0.0	1	1.014341149046384	-2.883242648527358	138.0	11	1.05	0.95				
	102	2	38.34883720771929	7.906976743859649	0.0	0.0	1	1.014198282297438	-3.136848352248107	138.0	12	1.05	0.95				
	103	1	71.16279069473683	14.627906976140348	0.0	0.0	1	1.0038904960612338	2.2376737974321665	138.0	11	1.05	0.95				
	104	1	29.255813952280697	5.930232557894736	0.0	0.0	1	1.0044243071461747	-3.284156884892834	138.0	11	1.05	0.95				
	105	1	28.06976744070175	5.534883720701755	0.0	0.0	1	1.018261478762766	-4.4336390833527215	138.0	11	1.05	0.95				
	106	1	53.76744185824561	11.06976744140351	0.0	-100.0	1	1.0283832470004717	-5.784178444758102	138.0	12	1.05	0.95				
	107	2	49.4186046491228	9.88372092982456	0.0	0.0	1	0.9863220562247329	-12.006219191299657	138.0	12	1.05	0.95				
	108	1	67.60465115999999	13.837209301754383	0.0	0.0	1	0.9872651495683475	-9.757041213769687	138.0	12	1.05	0.95				
	109	1	69.18604650877192	14.232558138947365	0.0	0.0	1	1.0027422470222975	-2.70856204550018	138.0	13	1.05	0.95				
	110	1	77.09302325263157	15.813953487719298	0.0	0.0	1	1.0316691117093637	-4.704791796852216	138.0	13	1.05	0.95				
	111	1	0.0	0.0	0.0	0.0	1	0.9830591078992084	-0.10015994402105605	230.0	13	1.05	0.95				
	112	1	0.0	0.0	0.0	0.0	1	0.9843595672882847	-1.1934363215234423	230.0	13	1.05	0.95				
	113	3	104.76744185614034	21.348837208421052	0.0	0.0	1	0.965170579844661	-4.595488466215274e-31	230.0	14	1.05	0.95				
	114	2	76.69767441543858	15.418604650526316	0.0	0.0	1	0.9930300556928129	3.5432197820781663	230.0	16	1.05	0.95				
	115	2	125.32558139017542	25.302325580350875	0.0	0.0	1	0.9931484039662671	13.196999076612022	230.0	16	1.05	0.95				
	116	2	39.53488371929824	7.906976743859649	0.0	0.0	1	0.9911240240852596	11.429435719864156	230.0	16	1.05	0.95				
	117	1	0.0	0.0	0.0	0.0	1	0.994125744580359	17.513529821054217	230.0	17	1.05	0.95				
	118	2	131.65116278526315	26.883720929122806	0.0	0.0	1	1.0036221696032703	18.172408763495348	230.0	17	1.05	0.95				
	119	1	71.55813953192983	14.627906976140348	0.0	0.0	1	0.9903226780630671	7.292014295944685	230.0	15	1.05	0.95				
	120	1	50.60465116070175	10.279069767017543	0.0	0.0	1	0.995324909813423	4.016867654353455	230.0	15	1.05	0.95				
	121	2	0.0	0.0	0.0	0.0	1	1.0042179411249896	19.47521231725565	230.0	17	1.05	0.95				
	122	2	0.0	0.0	0.0	0.0	1	1.0093946136028789	37.16816236926922	230.0	17	1.05	0.95				
	123	2	0.0	0.0	0.0	0.0	1	0.9994361582775712	2.5507210308988477	230.0	15	1.05	0.95				
	124	1	0.0	0.0	0.0	0.0	1	0.9840925621921416	9.00557320624824	230.0	16	1.05	0.95				
	201	2	40.663623486315785	8.283330710175438	0.0	0.0	2	1.012273748852484	-17.94316194449957	138.0	21	1.05	0.95				
	202	2	36.52195813122807	7.530300645614036	0.0	0.0	2	1.0112528650821695	-18.205852435173423	138.0	22	1.05	0.95				
	203	1	67.77270581052632	13.931056194385963	0.0	0.0	2	0.9971786280420484	-13.094902111591496	138.0	21	1.05	0.95				
	204	1	27.862112388771926	5.647725484210525	0.0	0.0	2	1.0007107494271552	-17.618936435619396	138.0	21	1.05	0.95				
	205	1	26.732567291929822	5.271210451929824	0.0	0.0	2	1.017836552277372	-18.14772820449074	138.0	21	1.05	0.95				
	206	1	51.20604439017543	10.542420903859648	0.0	-100.0	2	1.028963839610991	-18.757480808398167	138.0	22	1.05	0.95				
	207	2	47.06437903508771	9.412875807017542	0.0	0.0	2	0.9736245704801623	-23.244467565444506	138.0	22	1.05	0.95				
	208	1	64.38407052	13.178026129824557	0.0	0.0	2	0.9814159109437598	-21.516774496643162	138.0	22	1.05	0.95				
	209	1	65.8901306491228	13.55454116210526	0.0	0.0	2	1.0029540786712152	-15.519035087392155	138.0	23	1.05	0.95				
	210	1	73.42043129473683	15.060601291228071	0.0	0.0	2	1.032259892662374	-17.108965971948273	138.0	23	1.05	0.95				
	211	1	0.0	0.0	0.0	0.0	2	0.985420816205677	-12.61494374901116	230.0	23	1.05	0.95				
	212	1	0.0	0.0	0.0	0.0	2	0.9820628790016732	-11.898846388613249	230.0	23	1.05	0.95				
	213	2	99.77648355438595	20.331811743157893	0.0	0.0	2	0.9809834195514163	-11.232803646733707	230.0	24	1.05	0.95				
	214	2	73.04391626245614	14.684086258947367	0.0	0.0	2	0.9851772660344917	-9.985618189374568	230.0	26	1.05	0.95				
	215	2	119.35526523298243	24.09696206596491	0.0	0.0	2	0.9922191312401178	-2.7940532831670564	230.0	26	1.05	0.95				
	216	2	37.65150322807017	7.530300645614036	0.0	0.0	2	0.9901044762567127	-3.7622279229418227	230.0	26	1.05	0.95				
	217	1	0.0	0.0	0.0	0.0	2	1.0010470751452103	-1.7921834095343712	230.0	27	1.05	0.95				
	218	2	125.37950574947368	25.603022195087714	0.0	0.0	2	1.0028918731754026	-2.2829263733229697	230.0	27	1.05	0.95				
	219	1	68.14922084280701	13.931056194385963	0.0	0.0	2	0.9826020914496255	-3.9027997859457124	230.0	25	1.05	0.95				
	220	1	48.19392413192982	9.789390839298246	0.0	0.0	2	0.9786227181335352	-3.221578462263498	230.0	25	1.05	0.95				
	221	2	0.0	0.0	0.0	0.0	2	1.0050954523644289	-1.7949351332658545	230.0	27	1.05	0.95				
	222	2	0.0	0.0	0.0	0.0	2	1.0229163376757593	3.649340242881306	230.0	27	1.05	0.95				
	223	2	0.0	0.0	0.0	0.0	2	0.977064185452087	-2.522866404021825	230.0	25	1.05	0.95				
	224	1	0.0	0.0	0.0	0.0	2	0.9818082537280776	-6.7118294597645445	230.0	26	1.05	0.95				
	301	2	62.866181595789485	12.80607402877193	0.0	0.0	3	1.0042915548023745	26.468471750713167	138.0	31	1.05	0.95				
	302	2	56.46314458140351	11.641885480701756	0.0	0.0	3	1.0045872517336218	26.193641445856965	138.0	32	1.05	0.95				
	303	1	104.7769693263158	21.537488139298247	0.0	0.0	3	1.015034465963198	38.39427617124063	138.0	31	1.05	0.95				
	304	1	43.074976278596495	8.731414110526316	0.0	0.0	3	0.9955592972209061	28.21342307301476	138.0	31	1.05	0.95				
	305	1	41.32869345649123	8.149319836491228	0.0	0.0	3	1.011543567827537	26.5315669733504	138.0	31	1.05	0.95				
	306	1	79.16482126877193	16.298639672982457	0.0	-100.0	3	1.0226328758258232	25.89889544751229	138.0	32	1.05	0.95				
	307	2	72.76178425438596	14.552356850877194	0.0	0.0	3	0.9672057064057449	22.891276431839405	138.0	32	1.05	0.95				
	308	1	99.53812086	20.37329959122807	0.0	0.0	3	0.9794471360145408	25.590256730976954	138.0	32	1.05	0.95				
	309	1	101.86649795614035	20.955393865263158	0.0	0.0	3	1.00887033258097	32.331781749818724	138.0	33	1.05	0.95				
	310	1	113.50838343684211	23.283770961403512	0.0	0.0	3	1.0340733831521067	28.514222926954908	138.0	33	1.05	0.95				
	311	1	0.0	0.0	0.0	0.0	3	0.9931636384957364	33.45535801420585	230.0	33	1.05	0.95				
	312	1	0.0	0.0	0.0	0.0	3	1.0007107915698488	34.07535856171802	230.0	33	1.05	0.95				
	313	2	154.25498261929823	31.433090797894742	0.0	0.0	3	1.0039228946594656	38.25613869122138	230.0	34	1.05	0.95				
	314	2	112.92628916280702	22.701676687368423	0.0	0.0	3	0.984623473784695	32.346509621991835	230.0	36	1.05	0.95				
	315	2	184.5238848691228	37.254033538245615	0.0	0.0	3	0.9859256562656079	28.799258206533377	230.0	36	1.05	0.95				
	316	2	58.209427403508776	11.641885480701756	0.0	0.0	3	0.9795128238821491	29.615828146654252	230.0	36	1.05	0.95				
	317	1	0.0	0.0	0.0	0.0	3	0.9889156024573271	30.549619521762352	230.0	37	1.05	0.95				
	318	2	193.8373932536842	39.582410634385965	0.0	0.0	3	0.9812508790593045	26.550844528463525	230.0	37	1.05	0.95				
	319	1	105.35906360035088	21.537488139298247	0.0	0.0	3	0.9890212062119483	30.496896052733174	230.0	35	1.05	0.95				
	320	1	74.50806707649123	15.134451124912282	0.0	0.0	3	0.9988459734374339	30.90280633422188	230.0	35	1.05	0.95				
	321	2	0.0	0.0	0.0	0.0	3	0.9915969380700816	27.808876871274176	230.0	37	1.05	0.95				
	322	2	0.0	0.0	0.0	0.0	3	1.009489953785031	31.90508623839559	230.0	37	1.05	0.95				
	323	2	0.0	0.0	0.0	0.0	3	1.0041151513637305	30.93003777360859	230.0	35	1.05	0.95				
	324	1	0.0	0.0	0.0	0.0	3	0.9963507288695048	34.142875078858125	230.0	36	1.05	0.95				
