%% MATPOWER Case Format : Version 2
function mpc = RTS_GMLC
mpc.version = '2';

%%-----  Power Flow Data  -----%%
%% system MVA base
mpc.baseMVA = 100.0;
%% bus data
%    bus_i    type    Pd    Qd    Gs    Bs    area    Vm    Va    baseKV    zone    Vmax    Vmin
mpc.bus = [
	101	2	41.38842156631579	8.430974763508772	0.0	0.0	1	1.028142997122418	-1.5948202282218047	138.0	11	1.05	0.95				
	102	2	37.1729341845614	7.664522512280703	0.0	0.0	1	1.0271582521505658	-1.908852195926918	138.0	12	1.05	0.95				
	103	1	68.98070261052631	14.179366647719297	0.0	0.0	1	1.0153148030422747	1.2575603123789951	138.0	11	1.05	0.95				
	104	1	28.358733295438594	5.748391884210526	0.0	0.0	1	1.0205886949578893	-2.652060353149125	138.0	11	1.05	0.95				
	105	1	27.209054918596486	5.365165758596492	0.0	0.0	1	1.034416634903294	-3.5313051799015387	138.0	11	1.05	0.95				
	106	1	52.11875308350877	10.730331517192983	0.0	-100.0	1	1.046001068889358	-5.083542804968519	138.0	12	1.05	0.95				
	107	2	47.903265701754385	9.580653140350877	0.0	0.0	1	1.0047556701257245	-11.01994467576436	138.0	12	1.05	0.95				
	108	1	65.53166748	13.412914396491226	0.0	0.0	1	1.006611522618659	-9.013286836741345	138.0	12	1.05	0.95				
	109	1	67.06457198245613	13.796140522105263	0.0	0.0	1	1.0206432988899017	-2.697977108374981	138.0	13	1.05	0.95				
	110	1	74.72909449473684	15.329045024561406	0.0	0.0	1	1.05	-4.267679689596123	138.0	13	1.05	0.95				
	111	1	0.0	0.0	0.0	0.0	1	0.9997213039579605	-0.4052288370810054	230.0	13	1.05	0.95				
	112	1	0.0	0.0	0.0	0.0	1	1.0055330979749506	-1.195142208574394	230.0	13	1.05	0.95				
	113	3	101.55492328771929	20.694210783157896	0.0	0.0	1	0.9986067693305434	-5.170743009186157e-29	230.0	14	1.05	0.95				
	114	2	74.3458683691228	14.945818898947369	0.0	0.0	1	0.9918474806752262	2.4943436808362898	230.0	16	1.05	0.95				
	115	2	121.48268181964912	24.526472039298245	0.0	0.0	1	0.9970841925512833	10.866860399393362	230.0	16	1.05	0.95				
	116	2	38.32261256140351	7.664522512280703	0.0	0.0	1	0.9982710191562387	9.052104501757501	230.0	16	1.05	0.95				
	117	1	0.0	0.0	0.0	0.0	1	0.9982689062712933	13.752540552502959	230.0	17	1.05	0.95				
	118	2	127.61429982947368	26.059376541754386	0.0	0.0	1	0.9977895904452271	15.101997353318245	230.0	17	1.05	0.95				
	119	1	69.36392873614035	14.179366647719297	0.0	0.0	1	0.9963086644703684	5.577865309323888	230.0	15	1.05	0.95				
	120	1	49.05294407859649	9.963879265964911	0.0	0.0	1	0.9992318335151229	3.0522786717672523	230.0	15	1.05	0.95				
	121	2	0.0	0.0	0.0	0.0	1	0.9994041881146047	16.99896619859207	230.0	17	1.05	0.95				
	122	2	0.0	0.0	0.0	0.0	1	1.0211092184883703	22.596454507041592	230.0	17	1.05	0.95				
	123	2	0.0	0.0	0.0	0.0	1	1.001695688026569	1.9791355968976934	230.0	15	1.05	0.95				
	124	1	0.0	0.0	0.0	0.0	1	0.992384075641572	7.162053103346793	230.0	16	1.05	0.95				
	201	2	40.2556272631579	8.200220368421054	0.0	0.0	2	1.0074195846778107	-15.989692807839836	138.0	21	1.05	0.95				
	202	2	36.15551707894737	7.4547457894736855	0.0	0.0	2	1.0063444733981206	-16.285867272524214	138.0	22	1.05	0.95				
	203	1	67.09271210526316	13.791279710526316	0.0	0.0	2	1.016225276491852	-11.854541740307736	138.0	21	1.05	0.95				
	204	1	27.582559421052633	5.591059342105263	0.0	0.0	2	1.0100021481045949	-16.07649880193194	138.0	21	1.05	0.95				
	205	1	26.46434755263158	5.21832205263158	0.0	0.0	2	1.024206630992951	-16.525686667569182	138.0	21	1.05	0.95				
	206	1	50.69227136842106	10.43664410526316	0.0	-100.0	2	1.041628861883868	-17.30906403428132	138.0	22	1.05	0.95				
	207	2	46.59216118421053	9.318432236842106	0.0	0.0	2	0.9896276089387654	-21.652500726888118	138.0	22	1.05	0.95				
	208	1	63.738076500000005	13.045805131578947	0.0	0.0	2	0.9992313021722811	-20.030659324602528	138.0	22	1.05	0.95				
	209	1	65.22902565789475	13.418542421052631	0.0	0.0	2	1.0233390504797895	-14.353772050481938	138.0	23	1.05	0.95				
	210	1	72.68377144736843	14.909491578947371	0.0	0.0	2	1.05	-15.853635085206859	138.0	23	1.05	0.95				
	211	1	0.0	0.0	0.0	0.0	2	1.0047785691303213	-11.638878711060167	230.0	23	1.05	0.95				
	212	1	0.0	0.0	0.0	0.0	2	1.0137758791537377	-11.136557217989035	230.0	23	1.05	0.95				
	213	2	98.77538171052632	20.12781363157895	0.0	0.0	2	1.0040190983390547	-10.514930980522077	230.0	24	1.05	0.95				
	214	2	72.31103415789474	14.536754289473686	0.0	0.0	2	1.0013546489763008	-9.026893920288627	230.0	26	1.05	0.95				
	215	2	118.1577207631579	23.85518652631579	0.0	0.0	2	1.022860794399478	-1.998183669445243	230.0	26	1.05	0.95				
	216	2	37.273728947368426	7.4547457894736855	0.0	0.0	2	1.0243265238303099	-3.148636109778921	230.0	26	1.05	0.95				
	217	1	0.0	0.0	0.0	0.0	2	1.0249084968721602	-1.05211096704866	230.0	27	1.05	0.95				
	218	2	124.12151739473684	25.34613568421053	0.0	0.0	2	1.0250217920483928	-1.365755714172334	230.0	27	1.05	0.95				
	219	1	67.46544939473684	13.791279710526316	0.0	0.0	2	1.033698472554845	-3.8289731843662205	230.0	25	1.05	0.95				
	220	1	47.71037305263158	9.69116952631579	0.0	0.0	2	1.0440420447282928	-3.6932860888931516	230.0	25	1.05	0.95				
	221	2	0.0	0.0	0.0	0.0	2	1.0277869760189122	-0.7814051823969483	230.0	27	1.05	0.95				
	222	2	0.0	0.0	0.0	0.0	2	1.0489330110307205	5.615940483206178	230.0	27	1.05	0.95				
	223	2	0.0	0.0	0.0	0.0	2	1.05	-3.3454633459843945	230.0	25	1.05	0.95				
	224	1	0.0	0.0	0.0	0.0	2	1.0082660896872364	-5.703124901904974	230.0	26	1.05	0.95				
	301	2	61.14077821894737	12.454602970526315	0.0	0.0	3	1.05	24.419317091871026	138.0	31	1.05	0.95				
	302	2	54.913476733684206	11.322366336842105	0.0	0.0	3	1.0465148775218764	24.060279817538724	138.0	32	1.05	0.95				
	303	1	101.90129703157895	20.946377723157894	0.0	0.0	3	1.045841736121813	40.45831689958507	138.0	31	1.05	0.95				
	304	1	41.89275544631579	8.491774752631578	0.0	0.0	3	1.0192883884736863	25.541795292275115	138.0	31	1.05	0.95				
	305	1	40.194400495789466	7.925656435789474	0.0	0.0	3	1.0433062436374856	23.77333257144176	138.0	31	1.05	0.95				
	306	1	76.99209109052632	15.851312871578948	0.0	-100.0	3	1.0459116141062712	22.760127992528222	138.0	32	1.05	0.95				
	307	2	70.76478960526316	14.15295792105263	0.0	0.0	3	0.95	19.104481343194315	138.0	32	1.05	0.95				
	308	1	96.80623218	19.814141089473683	0.0	0.0	3	0.9724954457841456	21.63354958113974	138.0	32	1.05	0.95				
	309	1	99.07070544736841	20.380259406315787	0.0	0.0	3	1.0157375552523498	29.125976682305076	138.0	33	1.05	0.95				
	310	1	110.39307178421052	22.64473267368421	0.0	0.0	3	1.05	24.890533201099636	138.0	33	1.05	0.95				
	311	1	0.0	0.0	0.0	0.0	3	1.002457648128117	28.510193278494715	230.0	33	1.05	0.95				
	312	1	0.0	0.0	0.0	0.0	3	1.0073099528939287	29.308019243942653	230.0	33	1.05	0.95				
	313	2	150.02135396315788	30.570389109473684	0.0	0.0	3	1.003938582003332	32.3722388902713	230.0	34	1.05	0.95				
	314	2	109.82695346736841	22.078614356842106	0.0	0.0	3	0.9958035086589366	26.75022121336073	230.0	36	1.05	0.95				
	315	2	179.45950643894736	36.231572277894735	0.0	0.0	3	1.0410265637186258	22.071005556817642	230.0	36	1.05	0.95				
	316	2	56.61183168421052	11.322366336842105	0.0	0.0	3	1.0266118261812458	22.223074644539842	230.0	36	1.05	0.95				
	317	1	0.0	0.0	0.0	0.0	3	1.0440510760941855	20.819370408730148	230.0	37	1.05	0.95				
	318	2	188.51739950842102	38.49604554526316	0.0	0.0	3	1.048394946177227	18.3911280751458	230.0	37	1.05	0.95				
	319	1	102.46741534842106	20.946377723157894	0.0	0.0	3	1.0157820697938431	23.901197997106184	230.0	35	1.05	0.95				
	320	1	72.46314455578947	14.719076237894738	0.0	0.0	3	1.0080351223392205	25.042477807970762	230.0	35	1.05	0.95				
	321	2	0.0	0.0	0.0	0.0	3	1.05	20.19782777597004	230.0	37	1.05	0.95				
	322	2	0.0	0.0	0.0	0.0	3	1.05	24.781526277988707	230.0	37	1.05	0.95				
	323	2	0.0	0.0	0.0	0.0	3	1.0037447789727132	25.48526879538741	230.0	35	1.05	0.95				
	324	1	0.0	0.0	0.0	0.0	3	1.037393009785113	31.00864269275548	230.0	36	1.05	0.95				
	325	1	0.0	0.0	0.0	0.0	3	1.0047821309965554	24.770859606594673	230.0	35	1.05	0.95				
];
