%% MATPOWER Case Format : Version 2
function mpc = RTS_GMLC
mpc.version = '2';

%%-----  Power Flow Data  -----%%
%% system MVA base
mpc.baseMVA = 100.0;
%% bus data
%    bus_i    type    Pd    Qd    Gs    Bs    area    Vm    Va    baseKV    zone    Vmax    Vmin
mpc.bus = [
	101	2	34.93567540800001	7.116526472000001	0.0	0.0	1	0.9899241016815229	-4.881950340288386	138.0	11	1.05	0.95				
	102	2	31.377412172000003	6.46956952	0.0	0.0	1	0.9898356856646678	-5.0601602191043	138.0	12	1.05	0.95				
	103	1	58.22612568000001	11.968703612	0.0	0.0	1	1.0204611376652108	1.80906500617159	138.0	11	1.05	0.95				
	104	1	23.937407224	4.85217714	0.0	0.0	1	1.003985756855156	-4.413252118196661	138.0	11	1.05	0.95				
	105	1	22.966971796	4.528698664	0.0	0.0	1	1.0159395180458126	-5.212365995827704	138.0	11	1.05	0.95				
	106	1	43.993072736	9.057397328	0.0	-100.0	1	1.0390063223222095	-5.822739750617972	138.0	12	1.05	0.95				
	107	2	40.4348095	8.0869619	0.0	0.0	1	0.9865114809237899	-10.765721536628718	138.0	12	1.05	0.95				
	108	1	55.314819396000004	11.32174666	0.0	0.0	1	0.9987075935927358	-8.673415090695354	138.0	12	1.05	0.95				
	109	1	56.608733300000004	11.645225135999999	0.0	0.0	1	1.0243965387034364	-2.5400477837609574	138.0	13	1.05	0.95				
	110	1	63.07830282	12.93913904	0.0	0.0	1	1.05	-4.47897606256134	138.0	13	1.05	0.95				
	111	1	0.0	0.0	0.0	0.0	1	1.0156987311127053	0.4920580273880349	230.0	13	1.05	0.95				
	112	1	0.0	0.0	0.0	0.0	1	1.0122364373281527	-0.9542964141790884	230.0	13	1.05	0.95				
	113	3	85.72179614000001	17.467837704000004	0.0	0.0	1	0.9964280774272583	-1.2629185450178539e-28	230.0	14	1.05	0.95				
	114	2	62.754824344000006	12.615660564	0.0	0.0	1	1.042121342270464	4.838547744670896	230.0	16	1.05	0.95				
	115	2	102.542676892	20.702622464	0.0	0.0	1	1.037754220430037	15.182033571730825	230.0	16	1.05	0.95				
	116	2	32.3478476	6.46956952	0.0	0.0	1	1.037783960715182	13.111741681038062	230.0	16	1.05	0.95				
	117	1	0.0	0.0	0.0	0.0	1	1.0371997632902596	19.56794835178397	230.0	17	1.05	0.95				
	118	2	107.718332508	21.996536368	0.0	0.0	1	1.0466146788905375	20.357462917662208	230.0	17	1.05	0.95				
	119	1	58.549604156	11.968703612	0.0	0.0	1	1.0336915496985244	8.337038508123914	230.0	15	1.05	0.95				
	120	1	41.405244928	8.410440376	0.0	0.0	1	1.037136674918249	4.813059499460894	230.0	15	1.05	0.95				
	121	2	0.0	0.0	0.0	0.0	1	1.0401476344196368	21.943092693891778	230.0	17	1.05	0.95				
	122	2	0.0	0.0	0.0	0.0	1	1.05	39.929731695599855	230.0	17	1.05	0.95				
	123	2	0.0	0.0	0.0	0.0	1	1.0401877378535844	3.1296718075047223	230.0	15	1.05	0.95				
	124	1	0.0	0.0	0.0	0.0	1	1.0143821827690445	10.201013163141688	230.0	16	1.05	0.95				
	201	2	41.751613402105264	8.504958285614036	0.0	0.0	2	1.0063151499829222	-17.572319984248033	138.0	21	1.05	0.95				
	202	2	37.499134259298245	7.731780259649124	0.0	0.0	2	1.0055363785700695	-17.880862169973433	138.0	22	1.05	0.95				
	203	1	69.5860223368421	14.303793480350876	0.0	0.0	2	1.011480249412983	-13.030583125186434	138.0	21	1.05	0.95				
	204	1	28.607586960701752	5.798835194736841	0.0	0.0	2	1.0088613606982655	-17.63290451157117	138.0	21	1.05	0.95				
	205	1	27.447819921754384	5.412246181754386	0.0	0.0	2	1.023445075274231	-18.11590267434104	138.0	21	1.05	0.95				
	206	1	52.57610576561403	10.824492363508773	0.0	-100.0	2	1.0410350314008094	-18.91644376422031	138.0	22	1.05	0.95				
	207	2	48.32362662280701	9.664725324561402	0.0	0.0	2	0.9895965111641077	-23.44954732994966	138.0	22	1.05	0.95				
	208	1	66.10672122	13.530615454385963	0.0	0.0	2	0.9984698126426852	-21.749337249415966	138.0	22	1.05	0.95				
	209	1	67.65307727192982	13.91720446736842	0.0	0.0	2	1.0224842214714176	-15.820012079969915	138.0	23	1.05	0.95				
	210	1	75.38485753157894	15.463560519298248	0.0	0.0	2	1.05	-17.406225743883418	138.0	23	1.05	0.95				
	211	1	0.0	0.0	0.0	0.0	2	1.0068213319242487	-13.05719519129055	230.0	23	1.05	0.95				
	212	1	0.0	0.0	0.0	0.0	2	1.013972827807373	-12.496248168954818	230.0	23	1.05	0.95				
	213	2	102.44608844035088	20.875806701052632	0.0	0.0	2	1.006032551556765	-11.912060392173284	230.0	24	1.05	0.95				
	214	2	74.99826851859649	15.07697150631579	0.0	0.0	2	1.0061910450022624	-10.400516349036273	230.0	26	1.05	0.95				
	215	2	122.54871711543859	24.741696830877196	0.0	0.0	2	1.0258562054893587	-3.484648943555517	230.0	26	1.05	0.95				
	216	2	38.65890129824561	7.731780259649124	0.0	0.0	2	1.0294039410308466	-4.379004435528468	230.0	26	1.05	0.95				
	217	1	0.0	0.0	0.0	0.0	2	1.0342251100315472	-1.920482542036937	230.0	27	1.05	0.95				
	218	2	128.7341413231579	26.288052882807015	0.0	0.0	2	1.0328288580452194	-2.4125616908983	230.0	27	1.05	0.95				
	219	1	69.97261134982456	14.303793480350876	0.0	0.0	2	1.0364957081041293	-4.962496199759065	230.0	25	1.05	0.95				
	220	1	49.48339366175439	10.05131433754386	0.0	0.0	2	1.044981638309918	-4.723487145038342	230.0	25	1.05	0.95				
	221	2	0.0	0.0	0.0	0.0	2	1.0333203690979744	-1.9691525639536172	230.0	27	1.05	0.95				
	222	2	0.0	0.0	0.0	0.0	2	1.05	4.546288786274518	230.0	27	1.05	0.95				
	223	2	0.0	0.0	0.0	0.0	2	1.05	-4.308995408448687	230.0	25	1.05	0.95				
	224	1	0.0	0.0	0.0	0.0	2	1.0086909277411036	-7.044025196527043	230.0	26	1.05	0.95				
	301	2	44.48465674105264	9.06168933614035	0.0	0.0	3	1.0203195349821739	13.214942317343077	138.0	31	1.05	0.95				
	302	2	39.95381207298246	8.237899396491228	0.0	0.0	3	1.0181287160978947	12.867327128320632	138.0	32	1.05	0.95				
	303	1	74.14109456842107	15.240113883508771	0.0	0.0	3	1.05	28.326961071564114	138.0	31	1.05	0.95				
	304	1	30.480227767017542	6.178424547368421	0.0	0.0	3	1.0094895874672607	14.242500151367365	138.0	31	1.05	0.95				
	305	1	29.24454285754386	5.766529577543861	0.0	0.0	3	1.0264285471559522	11.528118942433673	138.0	31	1.05	0.95				
	306	1	56.01771589614035	11.533059155087722	0.0	-100.0	3	1.0372956032099474	10.075022776696327	138.0	32	1.05	0.95				
	307	2	51.48687122807017	10.297374245614035	0.0	0.0	3	0.95	6.866993856898639	138.0	32	1.05	0.95				
	308	1	70.43403984	14.416323943859648	0.0	0.0	3	0.9707115620426713	8.639413830846431	138.0	32	1.05	0.95				
	309	1	72.08161971929825	14.82821891368421	0.0	0.0	3	1.0151759857894227	17.099529436710707	138.0	33	1.05	0.95				
	310	1	80.31951911578948	16.475798792982456	0.0	0.0	3	1.0425375115564133	11.154695876673244	138.0	33	1.05	0.95				
	311	1	0.0	0.0	0.0	0.0	3	1.0021456841093466	14.569298848296262	230.0	33	1.05	0.95				
	312	1	0.0	0.0	0.0	0.0	3	1.007124333205072	14.705552477109517	230.0	33	1.05	0.95				
	313	2	109.15216700350878	22.24232837052632	0.0	0.0	3	1.0000015861268956	14.487759532188639	230.0	34	1.05	0.95				
	314	2	79.90762414596492	16.063903823157897	0.0	0.0	3	0.9981195192369458	15.192063153955988	230.0	36	1.05	0.95				
	315	2	130.57070543438596	26.36127806877193	0.0	0.0	3	1.048229770510236	18.933635703461142	230.0	36	1.05	0.95				
	316	2	41.18949698245614	8.237899396491228	0.0	0.0	3	1.03181148439948	18.492341843306786	230.0	36	1.05	0.95				
	317	1	0.0	0.0	0.0	0.0	3	1.05	22.645643693453366	230.0	37	1.05	0.95				
	318	2	137.16102495157895	28.008857948070176	0.0	0.0	3	1.0481285459028022	19.126071241048216	230.0	37	1.05	0.95				
	319	1	74.55298953824561	15.240113883508771	0.0	0.0	3	1.0224207051320269	17.057601367264418	230.0	35	1.05	0.95				
	320	1	52.72255613754386	10.709269215438598	0.0	0.0	3	1.017299077121546	16.606698363606164	230.0	35	1.05	0.95				
	321	2	0.0	0.0	0.0	0.0	3	1.05	19.72669272651746	230.0	37	1.05	0.95				
	322	2	0.0	0.0	0.0	0.0	3	1.0499999817244254	25.22039714755197	230.0	37	1.05	0.95				
	323	2	0.0	0.0	0.0	0.0	3	1.0149388795145944	16.68232082587688	230.0	35	1.05	0.95				
	324	1	0.0	0.0	0.0	0.0	3	1.0459179776928684	22.52484336551099	230.0	36	1.05	0.95				
	325	1	0.0	0.0	0.0	0.0	3	1.0166636745153768	17.14392543031421	230.0	35	1.05	0.95				
];

%% generator data
%    bus    Pg    Qg    Qmax    Qmin    Vg    mBase    status    Pmax    Pmin    Pc1    Pc2    Qc1min    Qc1max    Qc2min    Qc2max    ramp_agc    ramp_10    ramp_30    ramp_q    apf
