%% MATPOWER Case Format : Version 2
function mpc = RTS_GMLC
mpc.version = '2';

%%-----  Power Flow Data  -----%%
%% system MVA base
mpc.baseMVA = 100.0;
%% bus data
%    bus_i    type    Pd    Qd    Gs    Bs    area    Vm    Va    baseKV    zone    Vmax    Vmin
mpc.bus = [
	101	2	42.81791191578947	8.722167242105265	0.0	0.0	1	1.0482691888661915	5.93558766815028	138.0	11	1.05	0.95				
	102	2	38.45682829473684	7.929242947368421	0.0	0.0	1	1.0462718958976716	5.384133263898089	138.0	12	1.05	0.95				
	103	1	71.36318652631579	14.66909945263158	0.0	0.0	1	1.0354801034718417	3.110126503063838	138.0	11	1.05	0.95				
	104	1	29.33819890526316	5.946932210526316	0.0	0.0	1	1.0300744920203	1.748481492703973	138.0	11	1.05	0.95				
	105	1	28.148812463157896	5.550470063157896	0.0	0.0	1	1.042525131406542	1.553204209104284	138.0	11	1.05	0.95				
	106	1	53.91885204210527	11.100940126315791	0.0	-100.0	1	1.0485013660400995	-1.4224404905614714	138.0	12	1.05	0.95				
	107	2	49.557768421052636	9.911553684210526	0.0	0.0	1	1.000501882683037	-9.090604242863089	138.0	12	1.05	0.95				
	108	1	67.7950272	13.876175157894735	0.0	0.0	1	1.004444675362932	-7.000487683127571	138.0	12	1.05	0.95				
	109	1	69.38087578947368	14.272637305263158	0.0	0.0	1	1.0244981935188262	-0.8533433250895626	138.0	13	1.05	0.95				
	110	1	77.3101187368421	15.858485894736843	0.0	0.0	1	1.05	-1.715679421760489	138.0	13	1.05	0.95				
	111	1	0.0	0.0	0.0	0.0	1	1.0019248556439	0.05056289720748697	230.0	13	1.05	0.95				
	112	1	0.0	0.0	0.0	0.0	1	1.0073862629526364	-0.23614295427646706	230.0	13	1.05	0.95				
	113	3	105.06246905263157	21.408955957894737	0.0	0.0	1	0.9926198084082439	-1.9623481739911695e-28	230.0	14	1.05	0.95				
	114	2	76.91365658947367	15.462023747368422	0.0	0.0	1	0.9963464061297103	1.563189196509599	230.0	16	1.05	0.95				
	115	2	125.67850071578948	25.373577431578948	0.0	0.0	1	1.0333195555240462	7.034537909849812	230.0	16	1.05	0.95				
	116	2	39.646214736842104	7.929242947368421	0.0	0.0	1	1.0284732501663567	5.993110578903379	230.0	16	1.05	0.95				
	117	1	0.0	0.0	0.0	0.0	1	1.0373026647294987	9.127325618030373	230.0	17	1.05	0.95				
	118	2	132.02189507368422	26.959426021052636	0.0	0.0	1	1.040926887375645	9.79162695459764	230.0	17	1.05	0.95				
	119	1	71.75964867368421	14.66909945263158	0.0	0.0	1	1.0194282652808269	3.9922519773115517	230.0	15	1.05	0.95				
	120	1	50.747154863157895	10.308015831578949	0.0	0.0	1	1.013880502859308	2.4740199565638967	230.0	15	1.05	0.95				
	121	2	0.0	0.0	0.0	0.0	1	1.0436629673303401	10.878800140584664	230.0	17	1.05	0.95				
	122	2	0.0	0.0	0.0	0.0	1	1.05	16.701101875204596	230.0	17	1.05	0.95				
	123	2	0.0	0.0	0.0	0.0	1	1.0113290202913086	1.9474264660889717	230.0	15	1.05	0.95				
	124	1	0.0	0.0	0.0	0.0	1	1.0276782110824132	5.5499954476693265	230.0	16	1.05	0.95				
	201	2	42.66960491368422	8.69195655649123	0.0	0.0	2	1.0142154240990744	-14.509804032458128	138.0	21	1.05	0.95				
	202	2	38.32362663543859	7.9017786877192995	0.0	0.0	2	1.0132862128593503	-14.807054032218183	138.0	22	1.05	0.95				
	203	1	71.11600818947369	14.618290572280701	0.0	0.0	2	1.0153318359436434	-10.08045674572589	138.0	21	1.05	0.95				
	204	1	29.236581144561402	5.9263340157894735	0.0	0.0	2	1.0121961245118793	-14.449388097476481	138.0	21	1.05	0.95				
	205	1	28.05131434140351	5.53124508140351	0.0	0.0	2	1.0273617648301645	-14.927997923594848	138.0	21	1.05	0.95				
	206	1	53.732095076491234	11.06249016280702	0.0	-100.0	2	1.04270750803219	-15.665808569070379	138.0	22	1.05	0.95				
	207	2	49.38611679824562	9.877223359649124	0.0	0.0	2	0.9958323591904336	-20.35541649479659	138.0	22	1.05	0.95				
	208	1	67.56020778	13.828112703508772	0.0	0.0	2	1.0017394381057034	-18.58727935045334	138.0	22	1.05	0.95				
	209	1	69.14056351754387	14.223201637894736	0.0	0.0	2	1.0225248209995936	-12.516679806274489	138.0	23	1.05	0.95				
	210	1	77.04234220526315	15.803557375438599	0.0	0.0	2	1.05	-14.074330532128954	138.0	23	1.05	0.95				
	211	1	0.0	0.0	0.0	0.0	2	1.005813864676185	-9.567944501367627	230.0	23	1.05	0.95				
	212	1	0.0	0.0	0.0	0.0	2	1.0072440514309546	-8.958622326776235	230.0	23	1.05	0.95				
	213	2	104.69856761228071	21.33480245684211	0.0	0.0	2	1.0012333380871616	-8.280631972345594	230.0	24	1.05	0.95				
	214	2	76.64725327087719	15.408468441052634	0.0	0.0	2	1.0080561801274681	-6.856798911117353	230.0	26	1.05	0.95				
	215	2	125.24319220035088	25.285691800701755	0.0	0.0	2	1.0225024810920802	0.07524410762756106	230.0	26	1.05	0.95				
	216	2	39.508893438596495	7.9017786877192995	0.0	0.0	2	1.0229946421747074	-0.6071928672023169	230.0	26	1.05	0.95				
	217	1	0.0	0.0	0.0	0.0	2	1.0264486663115795	0.8483538804007965	230.0	27	1.05	0.95				
	218	2	131.56461515052632	26.866047538245617	0.0	0.0	2	1.0261137047221167	0.5383265080733637	230.0	27	1.05	0.95				
	219	1	71.51109712385966	14.618290572280701	0.0	0.0	2	1.022750715922105	-1.0669848376915183	230.0	25	1.05	0.95				
	220	1	50.57138360140351	10.272312294035087	0.0	0.0	2	1.0250355794918093	-0.6887279186835524	230.0	25	1.05	0.95				
	221	2	0.0	0.0	0.0	0.0	2	1.0284215755026604	1.1772198806315883	230.0	27	1.05	0.95				
	222	2	0.0	0.0	0.0	0.0	2	1.0499225617513783	7.539186976605792	230.0	27	1.05	0.95				
	223	2	0.0	0.0	0.0	0.0	2	1.0267767466730595	-0.17648531977866536	230.0	25	1.05	0.95				
	224	1	0.0	0.0	0.0	0.0	2	1.0073571123506435	-3.7404954520669063	230.0	26	1.05	0.95				
	301	2	65.27491298526316	13.296741534035087	0.0	0.0	3	1.0032833106345485	-8.639748690467439	138.0	31	1.05	0.95				
	302	2	58.6265422182456	12.087946849122806	0.0	0.0	3	1.0028445205142595	-8.753526925681319	138.0	32	1.05	0.95				
	303	1	108.79152164210527	22.36270167087719	0.0	0.0	3	1.0214981414681679	-2.977978065206665	138.0	31	1.05	0.95				
	304	1	44.72540334175438	9.065960136842104	0.0	0.0	3	1.0041996654365763	-6.830730293852968	138.0	31	1.05	0.95				
	305	1	42.91221131438596	8.461562794385966	0.0	0.0	3	1.0177881125191162	-7.158416197405164	138.0	31	1.05	0.95				
	306	1	82.19803857403508	16.92312558877193	0.0	-100.0	3	1.0336927617352072	-7.008482756513599	138.0	32	1.05	0.95				
	307	2	75.54966780701754	15.109933561403507	0.0	0.0	3	0.998634005792059	-10.451330696839948	138.0	32	1.05	0.95				
	308	1	103.35194555999998	21.15390698596491	0.0	0.0	3	1.0058186233198154	-7.731055111133154	138.0	32	1.05	0.95				
	309	1	105.76953492982454	21.758304328421048	0.0	0.0	3	1.026490496670029	-2.7931409635638222	138.0	33	1.05	0.95				
	310	1	117.85748177894735	24.175893698245613	0.0	0.0	3	1.05	-3.7419884189497927	138.0	33	1.05	0.95				
	311	1	0.0	0.0	0.0	0.0	3	1.0114224063712918	1.321290222671528	230.0	33	1.05	0.95				
	312	1	0.0	0.0	0.0	0.0	3	1.0167863839493112	3.2798813423847903	230.0	33	1.05	0.95				
	313	2	160.16529575087716	32.63745649263158	0.0	0.0	3	1.024523946975547	7.672363786132121	230.0	34	1.05	0.95				
	314	2	117.2530844364912	23.571496355789474	0.0	0.0	3	1.009129427208343	0.35660356955215616	230.0	36	1.05	0.95				
	315	2	191.5939575585965	38.68142991719298	0.0	0.0	3	1.0249875522821892	-0.5971210485450306	230.0	36	1.05	0.95				
	316	2	60.43973424561403	12.087946849122806	0.0	0.0	3	1.0249598214098503	0.42988890281030606	230.0	36	1.05	0.95				
	317	1	0.0	0.0	0.0	0.0	3	1.027973802655699	0.01883081506656317	230.0	37	1.05	0.95				
	318	2	201.26431503789473	41.09901928701754	0.0	0.0	3	1.0259312451067237	-0.7676740185770211	230.0	37	1.05	0.95				
	319	1	109.3959189845614	22.36270167087719	0.0	0.0	3	1.0248766792126167	2.7526311593331143	230.0	35	1.05	0.95				
	320	1	77.36285983438596	15.714330903859649	0.0	0.0	3	1.02678286466038	4.26972490602709	230.0	35	1.05	0.95				
	321	2	0.0	0.0	0.0	0.0	3	1.0276506328074961	-0.15160820092987803	230.0	37	1.05	0.95				
	322	2	0.0	0.0	0.0	0.0	3	1.0411463676297967	4.2960975643222685	230.0	37	1.05	0.95				
	323	2	0.0	0.0	0.0	0.0	3	1.0282966496221624	5.012567870421585	230.0	35	1.05	0.95				
	324	1	0.0	0.0	0.0	0.0	3	1.0212827975851761	0.8304292181464715	230.0	36	1.05	0.95				
	325	1	0.0	0.0	0.0	0.0	3	1.0290152427774393	5.515633588158773	230.0	35	1.05	0.95				
];
