%% MATPOWER Case Format : Version 2
function mpc = RTS_GMLC
mpc.version = '2';

%%-----  Power Flow Data  -----%%
%% system MVA base
mpc.baseMVA = 100.0;
%% bus data
%    bus_i    type    Pd    Qd    Gs    Bs    area    Vm    Va    baseKV    zone    Vmax    Vmin
mpc.bus = [
	101	2	54.54774864	11.111578426666666	0.0	0.0	1	1.0454093704306875	2.6248930003866655	138.0	11	1.05	0.95				
	102	2	48.99195942666667	10.101434933333334	0.0	0.0	1	1.0443224024774742	2.320991342821333	138.0	12	1.05	0.95				
	103	1	90.9129144	18.687654626666667	0.0	0.0	1	1.0291759075135785	-0.0871664234552088	138.0	11	1.05	0.95				
	104	1	37.375309253333334	7.576076199999999	0.0	0.0	1	1.026641824411181	-1.0166067476094576	138.0	11	1.05	0.95				
	105	1	35.86009401333333	7.071004453333334	0.0	0.0	1	1.0404777250581994	-1.0756687923060986	138.0	11	1.05	0.95				
	106	1	68.68975754666667	14.142008906666668	0.0	-100.0	1	1.0455983076866366	-3.6968158423318713	138.0	12	1.05	0.95				
	107	2	63.133968333333335	12.626793666666666	0.0	0.0	1	0.9994298700681614	-7.977125990242444	138.0	12	1.05	0.95				
	108	1	86.36726868	17.677511133333333	0.0	0.0	1	1.0019932721240372	-7.405523513324881	138.0	12	1.05	0.95				
	109	1	88.38755566666666	18.18258288	0.0	0.0	1	1.0248785227938864	-2.4491251390737627	138.0	13	1.05	0.95				
	110	1	98.4889906	20.202869866666667	0.0	0.0	1	1.05	-3.289584174627563	138.0	13	1.05	0.95				
	111	1	0.0	0.0	0.0	0.0	1	1.0056097224650788	-0.720665007404949	230.0	13	1.05	0.95				
	112	1	0.0	0.0	0.0	0.0	1	1.0093313769179961	-0.1837866183875713	230.0	13	1.05	0.95				
	113	3	133.84401286666665	27.27387432	0.0	0.0	1	0.9984609376498588	-5.353900167614537e-30	230.0	14	1.05	0.95				
	114	2	97.98391885333334	19.69779812	0.0	0.0	1	1.0036480464845516	0.91254363461965	230.0	16	1.05	0.95				
	115	2	160.1077436933333	32.324591786666666	0.0	0.0	1	1.037535537043192	6.699294510987789	230.0	16	1.05	0.95				
	116	2	50.507174666666664	10.101434933333334	0.0	0.0	1	1.0331598178061732	6.222652397301028	230.0	16	1.05	0.95				
	117	1	0.0	0.0	0.0	0.0	1	1.0406200215572918	8.223237695657375	230.0	17	1.05	0.95				
	118	2	168.18889163999998	34.344878773333335	0.0	0.0	1	1.0429950515463178	8.331456185543315	230.0	17	1.05	0.95				
	119	1	91.41798614666666	18.687654626666667	0.0	0.0	1	1.0261261127254262	5.309391952562939	230.0	15	1.05	0.95				
	120	1	64.64918357333333	13.131865413333333	0.0	0.0	1	1.0236106213763636	5.37830117726194	230.0	15	1.05	0.95				
	121	2	0.0	0.0	0.0	0.0	1	1.0468749931906098	9.460049920535516	230.0	17	1.05	0.95				
	122	2	0.0	0.0	0.0	0.0	1	1.05	15.482823984594983	230.0	17	1.05	0.95				
	123	2	0.0	0.0	0.0	0.0	1	1.0231678075617592	5.8065922723963626	230.0	15	1.05	0.95				
	124	1	0.0	0.0	0.0	0.0	1	1.025432232534331	4.158074156923323	230.0	16	1.05	0.95				
	201	2	45.57657800842106	9.284117742456141	0.0	0.0	2	1.0208253787960544	-2.929912968964367	138.0	21	1.05	0.95				
	202	2	40.93451913719298	8.440107038596492	0.0	0.0	2	1.0213536477534124	-2.78129541140954	138.0	22	1.05	0.95				
	203	1	75.96096334736842	15.614198021403508	0.0	0.0	2	1.016106107717172	-3.6349661495295504	138.0	21	1.05	0.95				
	204	1	31.228396042807017	6.330080278947368	0.0	0.0	2	1.0164030345813575	-3.814343559270329	138.0	21	1.05	0.95				
	205	1	29.962379987017545	5.9080749270175446	0.0	0.0	2	1.0303716256020297	-3.927002467292186	138.0	21	1.05	0.95				
	206	1	57.39272786245615	11.816149854035089	0.0	-100.0	2	1.043759575369275	-4.890232726485399	138.0	22	1.05	0.95				
	207	2	52.75066899122807	10.550133798245614	0.0	0.0	2	0.9918232494245214	-10.785437453259723	138.0	22	1.05	0.95				
	208	1	72.16291518	14.77018731754386	0.0	0.0	2	0.9987128384546149	-8.891248071093893	138.0	22	1.05	0.95				
	209	1	73.8509365877193	15.192192669473684	0.0	0.0	2	1.0241097812221045	-2.916732378966026	138.0	23	1.05	0.95				
	210	1	82.2910436263158	16.880214077192985	0.0	0.0	2	1.05	-3.5776821835576404	138.0	23	1.05	0.95				
	211	1	0.0	0.0	0.0	0.0	2	1.0028241264464635	-0.5945613492724334	230.0	23	1.05	0.95				
	212	1	0.0	0.0	0.0	0.0	2	1.0110755216028398	2.785614624409316	230.0	23	1.05	0.95				
	213	2	111.8314182614035	22.78828900421053	0.0	0.0	2	0.9972750531588032	1.312856261283504	230.0	24	1.05	0.95				
	214	2	81.86903827438596	16.45820872526316	0.0	0.0	2	0.9985704979438276	0.5325252847663372	230.0	26	1.05	0.95				
	215	2	133.7756965617544	27.008342523508773	0.0	0.0	2	1.0236676452186435	4.403647212344051	230.0	26	1.05	0.95				
	216	2	42.20053519298246	8.440107038596492	0.0	0.0	2	1.0234102154620364	4.66130396917418	230.0	26	1.05	0.95				
	217	1	0.0	0.0	0.0	0.0	2	1.0292391894053083	5.743388259663007	230.0	27	1.05	0.95				
	218	2	140.52778219263158	28.696363931228074	0.0	0.0	2	1.0286115233799995	5.440227550219022	230.0	27	1.05	0.95				
	219	1	76.38296869929825	15.614198021403508	0.0	0.0	2	1.0238803237044516	4.992504670819826	230.0	25	1.05	0.95				
	220	1	54.016685047017546	10.972139150175439	0.0	0.0	2	1.0271837856359693	6.105770917274976	230.0	25	1.05	0.95				
	221	2	0.0	0.0	0.0	0.0	2	1.0302617093146675	5.888260567442009	230.0	27	1.05	0.95				
	222	2	0.0	0.0	0.0	0.0	2	1.0499999996752014	12.323686827841906	230.0	27	1.05	0.95				
	223	2	0.0	0.0	0.0	0.0	2	1.0298746738326872	7.038122569870296	230.0	25	1.05	0.95				
	224	1	0.0	0.0	0.0	0.0	2	1.0107338927681784	1.3876511243040681	230.0	26	1.05	0.95				
	301	2	65.94115786105263	13.432458082807017	0.0	0.0	3	1.0072187703048494	-18.740756038911535	138.0	31	1.05	0.95				
	302	2	59.22492881964912	12.211325529824563	0.0	0.0	3	1.0068209719128645	-18.854828157477044	138.0	32	1.05	0.95				
	303	1	109.90192976842106	22.590952230175436	0.0	0.0	3	1.017779535147747	-12.814972474333338	138.0	31	1.05	0.95				
	304	1	45.18190446035087	9.15849414736842	0.0	0.0	3	1.0053636027650446	-16.833639888768193	138.0	31	1.05	0.95				
	305	1	43.35020563087719	8.547927870877194	0.0	0.0	3	1.0197110352730125	-17.260118366699263	138.0	31	1.05	0.95				
	306	1	83.03701360280702	17.095855741754388	0.0	-100.0	3	1.0344855280473166	-17.112471628044258	138.0	32	1.05	0.95				
	307	2	76.32078456140351	15.264156912280702	0.0	0.0	3	0.9955105012401735	-23.433034237956882	138.0	32	1.05	0.95				
	308	1	104.40683328	21.36981967719298	0.0	0.0	3	0.996136465032619	-20.547275411017335	138.0	32	1.05	0.95				
	309	1	106.84909838596491	21.98038595368421	0.0	0.0	3	1.025730821733184	-12.68546228015735	138.0	33	1.05	0.95				
	310	1	119.06042391578949	24.422651059649127	0.0	0.0	3	1.05	-13.82232285543802	138.0	33	1.05	0.95				
	311	1	0.0	0.0	0.0	0.0	3	1.0161585315391193	-6.64653621558999	230.0	33	1.05	0.95				
	312	1	0.0	0.0	0.0	0.0	3	1.0173397743242298	-5.9762155698129815	230.0	33	1.05	0.95				
	313	2	161.80006327017543	32.970578930526315	0.0	0.0	3	1.0303738426224054	-1.3349526228004809	230.0	34	1.05	0.95				
	314	2	118.44985763929824	23.812084783157896	0.0	0.0	3	1.0235826615078876	-4.768502870193231	230.0	36	1.05	0.95				
	315	2	193.54950964771928	39.0762416954386	0.0	0.0	3	1.0365730240172522	-3.553977323463262	230.0	36	1.05	0.95				
	316	2	61.05662764912281	12.211325529824563	0.0	0.0	3	1.0370670160511923	-2.1940407558177144	230.0	36	1.05	0.95				
	317	1	0.0	0.0	0.0	0.0	3	1.0393387363032722	-1.738056829166911	230.0	37	1.05	0.95				
	318	2	203.31857007157893	41.51850680140351	0.0	0.0	3	1.0373409706785124	-2.035661082354712	230.0	37	1.05	0.95				
	319	1	110.5124960449123	22.590952230175436	0.0	0.0	3	1.0349759828012381	-1.7485320492830854	230.0	35	1.05	0.95				
	320	1	78.1524833908772	15.874723188771931	0.0	0.0	3	1.0356938505064741	-1.2167967589800208	230.0	35	1.05	0.95				
	321	2	0.0	0.0	0.0	0.0	3	1.0389486626503257	-2.0105320286391564	230.0	37	1.05	0.95				
	322	2	0.0	0.0	0.0	0.0	3	1.05	2.4103989458594484	230.0	37	1.05	0.95				
	323	2	0.0	0.0	0.0	0.0	3	1.0366877245174222	-0.8156444562102687	230.0	35	1.05	0.95				
	324	1	0.0	0.0	0.0	0.0	3	1.0200509300808966	-5.498856742344051	230.0	36	1.05	0.95				
	325	1	0.0	0.0	0.0	0.0	3	1.0353458546729215	0.04750090147408186	230.0	35	1.05	0.95				
];
