%% MATPOWER Case Format : Version 2
function mpc = RTS_GMLC
mpc.version = '2';

%%-----  Power Flow Data  -----%%
%% system MVA base
mpc.baseMVA = 100.0;
%% bus data
%    bus_i    type    Pd    Qd    Gs    Bs    area    Vm    Va    baseKV    zone    Vmax    Vmin
mpc.bus = [
	101	2	41.308263246315796	8.414646216842106	0.0	0.0	1	1.012279534739221	-4.331489650015036	138.0	11	1.05	0.95				
	102	2	37.10094013789474	7.649678378947369	0.0	0.0	1	1.0122029197524118	-4.5244636764428305	138.0	12	1.05	0.95				
	103	1	68.84710541052632	14.151905001052631	0.0	0.0	1	1.0032213472827118	0.0007878664841654692	138.0	11	1.05	0.95				
	104	1	28.303810002105262	5.7372587842105265	0.0	0.0	1	1.0037849143353073	-4.346948934655048	138.0	11	1.05	0.95				
	105	1	27.156358245263156	5.354774865263159	0.0	0.0	1	1.0174086619355986	-5.364102676189783	138.0	11	1.05	0.95				
	106	1	52.017812976842116	10.709549730526318	0.0	-100.0	1	1.0283061974958247	-6.409353694028552	138.0	12	1.05	0.95				
	107	2	47.81048986842106	9.56209797368421	0.0	0.0	1	0.9862073979358948	-10.0008212667504	138.0	12	1.05	0.95				
	108	1	65.40475014	13.386937163157894	0.0	0.0	1	0.9890833646237258	-8.817402159406925	138.0	12	1.05	0.95				
	109	1	66.93468581578948	13.769421082105262	0.0	0.0	1	1.0035242571495924	-3.407860400822766	138.0	13	1.05	0.95				
	110	1	74.58436419473684	15.299356757894738	0.0	0.0	1	1.0315215252358398	-5.146548935440617	138.0	13	1.05	0.95				
	111	1	0.0	0.0	0.0	0.0	1	0.9819334537271037	-0.7711200513556138	230.0	13	1.05	0.95				
	112	1	0.0	0.0	0.0	0.0	1	0.9833203007330344	-1.486340429831221	230.0	13	1.05	0.95				
	113	3	101.35823852105264	20.654131623157898	0.0	0.0	1	0.9646382943321493	6.327724094668276e-26	230.0	14	1.05	0.95				
	114	2	74.20188027578948	14.91687283894737	0.0	0.0	1	0.9891097039535094	2.2190315548218775	230.0	16	1.05	0.95				
	115	2	121.24740230631579	24.47897081263158	0.0	0.0	1	0.9957560364308372	10.393994659691401	230.0	16	1.05	0.95				
	116	2	38.24839189473684	7.649678378947369	0.0	0.0	1	0.9936241546845104	9.01974499365317	230.0	16	1.05	0.95				
	117	1	0.0	0.0	0.0	0.0	1	0.9991727680355528	14.216685333829231	230.0	17	1.05	0.95				
	118	2	127.3671450094737	26.008906488421058	0.0	0.0	1	1.0065008534355337	14.706009421415715	230.0	17	1.05	0.95				
	119	1	69.22958932947368	14.151905001052631	0.0	0.0	1	0.99147089178384	5.711328798073794	230.0	15	1.05	0.95				
	120	1	48.95794162526316	9.944581892631579	0.0	0.0	1	0.9939757958158516	3.337881158722558	230.0	15	1.05	0.95				
	121	2	0.0	0.0	0.0	0.0	1	1.0075167418202235	15.91719861134327	230.0	17	1.05	0.95				
	122	2	0.0	0.0	0.0	0.0	1	1.0198891457367945	31.368543166966624	230.0	17	1.05	0.95				
	123	2	0.0	0.0	0.0	0.0	1	0.9961481730464948	2.3499929494691636	230.0	15	1.05	0.95				
	124	1	0.0	0.0	0.0	0.0	1	0.9861284715931425	6.431302025101163	230.0	16	1.05	0.95				
	201	2	40.884621423157895	8.328348808421053	0.0	0.0	2	1.012248644169987	-11.380711087653989	138.0	21	1.05	0.95				
	202	2	36.72044701894737	7.571226189473684	0.0	0.0	2	1.011015321293505	-11.606794930115651	138.0	22	1.05	0.95				
	203	1	68.14103570526316	14.006768450526316	0.0	0.0	2	0.9984637275298583	-8.593468493574957	138.0	21	1.05	0.95				
	204	1	28.013536901052632	5.678419642105263	0.0	0.0	2	1.002918852423514	-10.99715384393948	138.0	21	1.05	0.95				
	205	1	26.877852972631576	5.29985833263158	0.0	0.0	2	1.0193017321319409	-11.329544280467639	138.0	21	1.05	0.95				
	206	1	51.484338088421055	10.59971666526316	0.0	-100.0	2	1.0313048995330951	-11.793078388166776	138.0	22	1.05	0.95				
	207	2	47.32016368421053	9.464032736842105	0.0	0.0	2	0.9727405852891863	-16.328644552942816	138.0	22	1.05	0.95				
	208	1	64.73398392	13.249645831578945	0.0	0.0	2	0.9824817104230029	-14.621142483941094	138.0	22	1.05	0.95				
	209	1	66.24822915789473	13.62820714105263	0.0	0.0	2	1.0072166152584046	-8.882406961141248	138.0	23	1.05	0.95				
	210	1	73.81945534736842	15.142452378947368	0.0	0.0	2	1.035409618940089	-10.030205711206415	138.0	23	1.05	0.95				
	211	1	0.0	0.0	0.0	0.0	2	0.9867351068608676	-6.478130147467949	230.0	23	1.05	0.95				
	212	1	0.0	0.0	0.0	0.0	2	0.9901224517296663	-3.363145643087483	230.0	23	1.05	0.95				
	213	2	100.31874701052632	20.442310711578948	0.0	0.0	2	0.9833310237218459	-4.559828342976425	230.0	24	1.05	0.95				
	214	2	73.44089403789474	14.763891069473683	0.0	0.0	2	0.9808712135601791	-5.019635979117524	230.0	26	1.05	0.95				
	215	2	120.0039351031579	24.22792380631579	0.0	0.0	2	0.9905290430062553	0.018893635401786537	230.0	26	1.05	0.95				
	216	2	37.85613094736842	7.571226189473684	0.0	0.0	2	0.9889766412091746	-0.4853227614588696	230.0	26	1.05	0.95				
	217	1	0.0	0.0	0.0	0.0	2	0.9981999310337575	0.9495499947574567	230.0	27	1.05	0.95				
	218	2	126.06091605473684	25.742169044210527	0.0	0.0	2	0.9988359338435419	0.5734203636939202	230.0	27	1.05	0.95				
	219	1	68.51959701473685	14.006768450526316	0.0	0.0	2	0.9856011906761829	-0.18793333045709992	230.0	25	1.05	0.95				
	220	1	48.45584761263158	9.84259404631579	0.0	0.0	2	0.9852862294113405	0.8738920406026329	230.0	25	1.05	0.95				
	221	2	0.0	0.0	0.0	0.0	2	1.0009911473942426	1.1702733496567672	230.0	27	1.05	0.95				
	222	2	0.0	0.0	0.0	0.0	2	1.0194935647165448	7.556075968085562	230.0	27	1.05	0.95				
	223	2	0.0	0.0	0.0	0.0	2	0.9858788206516047	1.7753705719574717	230.0	25	1.05	0.95				
	224	1	0.0	0.0	0.0	0.0	2	0.9831422903637022	-3.2679595893809075	230.0	26	1.05	0.95				
	301	2	61.00411263157894	12.426763684210526	0.0	0.0	3	1.0051519829561466	24.454497513229683	138.0	31	1.05	0.95				
	302	2	54.790730789473685	11.297057894736842	0.0	0.0	3	1.0059128189484647	24.04251505717152	138.0	32	1.05	0.95				
	303	1	101.67352105263159	20.899557105263156	0.0	0.0	3	1.0170642273917543	41.00421955051184	138.0	31	1.05	0.95				
	304	1	41.79911421052631	8.47279342105263	0.0	0.0	3	0.9939541602819507	25.704213387971723	138.0	31	1.05	0.95				
	305	1	40.104555526315785	7.90794052631579	0.0	0.0	3	1.012961112098949	23.518282975349045	138.0	31	1.05	0.95				
	306	1	76.81999368421053	15.81588105263158	0.0	-100.0	3	1.0242981215691067	22.333170905227753	138.0	32	1.05	0.95				
	307	2	70.60661184210527	14.121322368421051	0.0	0.0	3	0.9652766242655199	17.924587852061048	138.0	32	1.05	0.95				
	308	1	96.589845	19.76985131578947	0.0	0.0	3	0.9734692282544863	20.622620239731635	138.0	32	1.05	0.95				
	309	1	98.84925657894736	20.334704210526315	0.0	0.0	3	1.003700469925147	29.483058847865916	138.0	33	1.05	0.95				
	310	1	110.14631447368419	22.594115789473683	0.0	0.0	3	1.0351629858352096	24.43486616202727	138.0	33	1.05	0.95				
	311	1	0.0	0.0	0.0	0.0	3	0.9969897267642074	28.839336072922276	230.0	33	1.05	0.95				
	312	1	0.0	0.0	0.0	0.0	3	1.0028789348262943	29.124968077286105	230.0	33	1.05	0.95				
	313	2	149.68601710526315	30.50205631578947	0.0	0.0	3	1.0053285402996772	31.726177354752302	230.0	34	1.05	0.95				
	314	2	109.58146157894737	22.029262894736842	0.0	0.0	3	0.9917604153046665	28.249817002711684	230.0	36	1.05	0.95				
	315	2	179.05836763157893	36.15058526315789	0.0	0.0	3	0.9981450732052711	26.193493304827626	230.0	36	1.05	0.95				
	316	2	56.485289473684205	11.297057894736842	0.0	0.0	3	0.9916196186618504	26.302320443815695	230.0	36	1.05	0.95				
	317	1	0.0	0.0	0.0	0.0	3	1.0039912378488876	27.204573612241948	230.0	37	1.05	0.95				
	318	2	188.09601394736842	38.409996842105265	0.0	0.0	3	0.9999496439012654	24.155823092083228	230.0	37	1.05	0.95				
	319	1	102.23837394736842	20.899557105263156	0.0	0.0	3	0.997161528283156	26.519189756697827	230.0	35	1.05	0.95				
	320	1	72.30117052631579	14.686175263157894	0.0	0.0	3	1.003526694614217	26.469570970036703	230.0	35	1.05	0.95				
	321	2	0.0	0.0	0.0	0.0	3	1.007112907720777	25.441116594981185	230.0	37	1.05	0.95				
	322	2	0.0	0.0	0.0	0.0	3	1.0238883150411506	30.326265011742652	230.0	37	1.05	0.95				
	323	2	0.0	0.0	0.0	0.0	3	1.0069682433788343	26.335509532243695	230.0	35	1.05	0.95				
	324	1	0.0	0.0	0.0	0.0	3	1.0017538551653093	32.94887951017682	230.0	36	1.05	0.95				
