%% MATPOWER Case Format : Version 2
function mpc = RTS_GMLC
mpc.version = '2';

%%-----  Power Flow Data  -----%%
%% system MVA base
mpc.baseMVA = 100.0;
%% bus data
%    bus_i    type    Pd    Qd    Gs    Bs    area    Vm    Va    baseKV    zone    Vmax    Vmin
mpc.bus = [
	101	2	37.8347352783158	7.707075704842106	0.0	0.0	1	1.0317420713754168	3.4506963430046347	138.0	11	1.05	0.95				
	102	2	33.981197425894734	7.006432458947369	0.0	0.0	1	1.0308558381534791	3.2046934280438975	138.0	12	1.05	0.95				
	103	1	63.05789213052633	12.961900049052632	0.0	0.0	1	1.0307151973028634	1.2308136113758363	138.0	11	1.05	0.95				
	104	1	25.923800098105264	5.254824344210527	0.0	0.0	1	1.021857325939524	0.05347318703148908	138.0	11	1.05	0.95				
	105	1	24.87283522926316	4.904502721263159	0.0	0.0	1	1.0359713112500653	0.3412162752414419	138.0	11	1.05	0.95				
	106	1	47.64374072084212	9.809005442526319	0.0	-100.0	1	1.0470535172274558	-1.8074914042164092	138.0	12	1.05	0.95				
	107	2	43.790202868421055	8.758040573684212	0.0	0.0	1	1.0003362556337339	-7.113177257227379	138.0	12	1.05	0.95				
	108	1	59.904997524	12.261256803157895	0.0	0.0	1	1.0068650570166406	-5.777514842506952	138.0	12	1.05	0.95				
	109	1	61.30628401578948	12.611578426105263	0.0	0.0	1	1.0248845806713431	-1.0956011510402228	138.0	13	1.05	0.95				
	110	1	68.31271647473685	14.012864917894738	0.0	0.0	1	1.05	-1.6995896903898382	138.0	13	1.05	0.95				
	111	1	0.0	0.0	0.0	0.0	1	1.0018230476842516	0.19200825501461546	230.0	13	1.05	0.95				
	112	1	0.0	0.0	0.0	0.0	1	1.0067278844294365	0.4553332790648757	230.0	13	1.05	0.95				
	113	3	92.83523008105264	18.9173676391579	0.0	0.0	1	0.9904211787964778	-9.121247276571913e-31	230.0	14	1.05	0.95				
	114	2	67.96239485178947	13.66254329494737	0.0	0.0	1	0.9985017665924601	2.0825672260427472	230.0	16	1.05	0.95				
	115	2	111.05195447431579	22.42058386863158	0.0	0.0	1	1.0378336578698142	7.1136196915795535	230.0	16	1.05	0.95				
	116	2	35.03216229473685	7.006432458947369	0.0	0.0	1	1.0324430037059489	6.721710865805872	230.0	16	1.05	0.95				
	117	1	0.0	0.0	0.0	0.0	1	1.0417976601048473	8.34968885506573	230.0	17	1.05	0.95				
	118	2	116.6571004414737	23.82187036042106	0.0	0.0	1	1.0451810073530674	8.236794146753102	230.0	17	1.05	0.95				
	119	1	63.408213753473696	12.961900049052632	0.0	0.0	1	1.0255659613212627	5.779098506662532	230.0	15	1.05	0.95				
	120	1	44.84116773726316	9.108362196631582	0.0	0.0	1	1.021661876582336	5.640851584340687	230.0	15	1.05	0.95				
	121	2	0.0	0.0	0.0	0.0	1	1.05	8.930306214071482	230.0	17	1.05	0.95				
	122	2	0.0	0.0	0.0	0.0	1	1.05	15.759674758062358	230.0	17	1.05	0.95				
	123	2	0.0	0.0	0.0	0.0	1	1.0196935277795711	5.840492860304369	230.0	15	1.05	0.95				
	124	1	0.0	0.0	0.0	0.0	1	1.0270382004404905	4.91013604946588	230.0	16	1.05	0.95				
	201	2	43.298599073684215	8.820084996491229	0.0	0.0	2	1.025475282288966	-7.4760020762674415	138.0	21	1.05	0.95				
	202	2	38.88855657543859	8.018259087719299	0.0	0.0	2	1.0264840552300118	-7.2810453010382465	138.0	22	1.05	0.95				
	203	1	72.16433178947369	14.8337793122807	0.0	0.0	2	1.0173365180940976	-6.853312559351361	138.0	21	1.05	0.95				
	204	1	29.6675586245614	6.013694315789474	0.0	0.0	2	1.018178782357251	-9.125193807471138	138.0	21	1.05	0.95				
	205	1	28.464819761403508	5.612781361403509	0.0	0.0	2	1.032830452509439	-9.375658788649003	138.0	21	1.05	0.95				
	206	1	54.524161796491235	11.225562722807018	0.0	-100.0	2	1.0452362216116045	-10.797974261799212	138.0	22	1.05	0.95				
	207	2	50.11411929824562	10.022823859649122	0.0	0.0	2	0.9915249808200375	-16.63284058743492	138.0	22	1.05	0.95				
	208	1	68.5561152	14.031953403508771	0.0	0.0	2	0.9990465402223067	-14.848596462545675	138.0	22	1.05	0.95				
	209	1	70.15976701754386	14.432866357894735	0.0	0.0	2	1.0225493684485065	-8.984539595412393	138.0	23	1.05	0.95				
	210	1	78.17802610526316	16.036518175438598	0.0	0.0	2	1.05	-10.012664723269285	138.0	23	1.05	0.95				
	211	1	0.0	0.0	0.0	0.0	2	1.0035318958756112	-6.6267098745433515	230.0	23	1.05	0.95				
	212	1	0.0	0.0	0.0	0.0	2	1.0084926720217644	-6.173040647659128	230.0	23	1.05	0.95				
	213	2	106.2419329122807	21.649299536842108	0.0	0.0	2	0.9969466787749172	-5.847068479662498	230.0	24	1.05	0.95				
	214	2	77.77711315087718	15.635605221052632	0.0	0.0	2	1.002361451745895	-4.307312311903279	230.0	26	1.05	0.95				
	215	2	127.08940654035088	25.658429080701755	0.0	0.0	2	1.021681907346754	1.6310805268120625	230.0	26	1.05	0.95				
	216	2	40.09129543859649	8.018259087719299	0.0	0.0	2	1.0235937184282973	1.3743166613896738	230.0	26	1.05	0.95				
	217	1	0.0	0.0	0.0	0.0	2	1.0288246415009588	3.6494481879523897	230.0	27	1.05	0.95				
	218	2	133.50401381052632	27.262080898245618	0.0	0.0	2	1.0291096781506228	3.5935025166179395	230.0	27	1.05	0.95				
	219	1	72.56524474385965	14.8337793122807	0.0	0.0	2	1.024738906607703	0.5404818714271509	230.0	25	1.05	0.95				
	220	1	51.31685816140351	10.423736814035088	0.0	0.0	2	1.028360346880755	0.6038861460915366	230.0	25	1.05	0.95				
	221	2	0.0	0.0	0.0	0.0	2	1.0300530381990392	3.725029133782729	230.0	27	1.05	0.95				
	222	2	0.0	0.0	0.0	0.0	2	1.049999998972895	10.187373399887473	230.0	27	1.05	0.95				
	223	2	0.0	0.0	0.0	0.0	2	1.0307847968896036	0.9450887813954806	230.0	25	1.05	0.95				
	224	1	0.0	0.0	0.0	0.0	2	1.009502396474026	-1.5641289138600505	230.0	26	1.05	0.95				
	301	2	55.63998735157896	11.334071497543862	0.0	0.0	3	1.0098777199301312	-25.182234344884723	138.0	31	1.05	0.95				
	302	2	49.97295160280702	10.303701361403512	0.0	0.0	3	1.009103090612221	-25.35810505895885	138.0	32	1.05	0.95				
	303	1	92.73331225263159	19.06184751859649	0.0	0.0	3	1.0356879672512482	-16.489454148986177	138.0	31	1.05	0.95				
	304	1	38.12369503719298	7.727776021052632	0.0	0.0	3	1.0107799289562012	-23.42324587873047	138.0	31	1.05	0.95				
	305	1	36.57813983298246	7.212590952982458	0.0	0.0	3	1.0232858593384357	-25.05581123948194	138.0	31	1.05	0.95				
	306	1	70.06516925754387	14.425181905964916	0.0	-100.0	3	1.03820347144589	-25.567733017355998	138.0	32	1.05	0.95				
	307	2	64.39813350877193	12.879626701754388	0.0	0.0	3	0.9927483632035962	-30.901451543932794	138.0	32	1.05	0.95				
	308	1	88.09664664	18.03147738245614	0.0	0.0	3	0.9962507935677725	-28.50819983011447	138.0	32	1.05	0.95				
	309	1	90.15738691228071	18.546662450526316	0.0	0.0	3	1.029605789684519	-19.753140233731084	138.0	33	1.05	0.95				
	310	1	100.46108827368423	20.607402722807024	0.0	0.0	3	1.05	-23.27315978980347	138.0	33	1.05	0.95				
	311	1	0.0	0.0	0.0	0.0	3	1.0128259196624598	-17.193816820277547	230.0	33	1.05	0.95				
	312	1	0.0	0.0	0.0	0.0	3	1.0158839708952667	-16.412673210980152	230.0	33	1.05	0.95				
	313	2	136.52404303859652	27.81999367578948	0.0	0.0	3	1.0156437904595026	-13.750262204424416	230.0	34	1.05	0.95				
	314	2	99.94590320561404	20.092217654736846	0.0	0.0	3	1.0150948018246895	-15.811916834267382	230.0	36	1.05	0.95				
	315	2	163.31366657824563	32.97184435649123	0.0	0.0	3	1.036781752234612	-11.50444632922711	230.0	36	1.05	0.95				
	316	2	51.51850680701755	10.303701361403512	0.0	0.0	3	1.036912655213603	-10.749187634773474	230.0	36	1.05	0.95				
	317	1	0.0	0.0	0.0	0.0	3	1.0406315736722165	-9.222919854662424	230.0	37	1.05	0.95				
	318	2	171.55662766736845	35.032584628771936	0.0	0.0	3	1.0389534116052892	-9.35785433867518	230.0	37	1.05	0.95				
	319	1	93.24849732070177	19.06184751859649	0.0	0.0	3	1.034854674924511	-11.241070759381897	230.0	35	1.05	0.95				
	320	1	65.94368871298246	13.394811769824564	0.0	0.0	3	1.0369018047414618	-10.683271473539902	230.0	35	1.05	0.95				
	321	2	0.0	0.0	0.0	0.0	3	1.039987377627252	-9.548098846639837	230.0	37	1.05	0.95				
	322	2	0.0	0.0	0.0	0.0	3	1.05	-5.102873021924566	230.0	37	1.05	0.95				
	323	2	0.0	0.0	0.0	0.0	3	1.0390975405830698	-9.991887878281926	230.0	35	1.05	0.95				
	324	1	0.0	0.0	0.0	0.0	3	1.0290442997054705	-13.38403775126284	230.0	36	1.05	0.95				
	325	1	0.0	0.0	0.0	0.0	3	1.033270800254312	-8.432198013146438	230.0	35	1.05	0.95				
];
