%% MATPOWER Case Format : Version 2
function mpc = RTS_GMLC
mpc.version = '2';

%%-----  Power Flow Data  -----%%
%% system MVA base
mpc.baseMVA = 100.0;
%% bus data
%    bus_i    type    Pd    Qd    Gs    Bs    area    Vm    Va    baseKV    zone    Vmax    Vmin
mpc.bus = [
	101	2	42.75111330947369	8.708560118596491	0.0	0.0	1	1.0317559017396765	2.128538812250115	138.0	11	1.05	0.95				
	102	2	38.39683325017544	7.9168728350877196	0.0	0.0	1	1.0298031481130487	1.5982657582974105	138.0	12	1.05	0.95				
	103	1	71.25185551578947	14.646214744912282	0.0	0.0	1	1.036020655875248	2.3090412678976984	138.0	11	1.05	0.95				
	104	1	29.292429489824563	5.93765462631579	0.0	0.0	1	1.024288224946352	-0.5180052623807502	138.0	11	1.05	0.95				
	105	1	28.104898564561402	5.541810984561404	0.0	0.0	1	1.0352704964508999	-1.1418003898177538	138.0	11	1.05	0.95				
	106	1	53.83473527859649	11.083621969122808	0.0	-100.0	1	1.045533802166231	-3.4813020276492255	138.0	12	1.05	0.95				
	107	2	49.48045521929825	9.896091043859649	0.0	0.0	1	0.9995364200084244	-10.412547970863406	138.0	12	1.05	0.95				
	108	1	67.68926274	13.854527461403507	0.0	0.0	1	1.0040226930087195	-8.291636172732868	138.0	12	1.05	0.95				
	109	1	69.27263730701755	14.250371103157894	0.0	0.0	1	1.0253181401234956	-1.878399085476472	138.0	13	1.05	0.95				
	110	1	77.18951014210526	15.833745670175439	0.0	0.0	1	1.05	-3.2031700037850186	138.0	13	1.05	0.95				
	111	1	0.0	0.0	0.0	0.0	1	1.0039776522260593	-0.2919543048703565	230.0	13	1.05	0.95				
	112	1	0.0	0.0	0.0	0.0	1	1.009064887592859	-0.9036603914958644	230.0	13	1.05	0.95				
	113	3	104.89856506491229	21.375556654736844	0.0	0.0	1	0.9964404758608074	-4.8073783749764453e-29	230.0	14	1.05	0.95				
	114	2	76.79366650035088	15.437902028421052	0.0	0.0	1	1.0009885225448663	1.8364528234203263	230.0	16	1.05	0.95				
	115	2	125.48243443614035	25.333993072280702	0.0	0.0	1	1.0397579648848776	8.441863405937157	230.0	16	1.05	0.95				
	116	2	39.584364175438594	7.9168728350877196	0.0	0.0	1	1.035255558162675	7.084316810084488	230.0	16	1.05	0.95				
	117	1	0.0	0.0	0.0	0.0	1	1.042740150296335	10.892450651101012	230.0	17	1.05	0.95				
	118	2	131.81593270421052	26.917367639298245	0.0	0.0	1	1.0472623680494473	11.815181766905281	230.0	17	1.05	0.95				
	119	1	71.64769915754387	14.646214744912282	0.0	0.0	1	1.0242774642923964	4.382910183431722	230.0	15	1.05	0.95				
	120	1	50.667986144561404	10.291934685614034	0.0	0.0	1	1.017828689598487	2.198927973933925	230.0	15	1.05	0.95				
	121	2	0.0	0.0	0.0	0.0	1	1.049720527090084	13.117628457280642	230.0	17	1.05	0.95				
	122	2	0.0	0.0	0.0	0.0	1	1.05	19.27926764886922	230.0	17	1.05	0.95				
	123	2	0.0	0.0	0.0	0.0	1	1.0149863825062564	1.2989519578235806	230.0	15	1.05	0.95				
	124	1	0.0	0.0	0.0	0.0	1	1.0299926297541215	6.134243741059303	230.0	16	1.05	0.95				
	201	2	47.0555643031579	9.585392728421052	0.0	0.0	2	1.0158442572669857	-15.262956611801389	138.0	21	1.05	0.95				
	202	2	42.262867938947366	8.713993389473684	0.0	0.0	2	1.0150387077349106	-15.53319396571893	138.0	22	1.05	0.95				
	203	1	78.42594050526316	16.120887770526316	0.0	0.0	2	1.0134759721689228	-11.492152615731587	138.0	21	1.05	0.95				
	204	1	32.24177554105263	6.535495042105263	0.0	0.0	2	1.0123574504884774	-14.903436729537765	138.0	21	1.05	0.95				
	205	1	30.934676532631578	6.099795372631579	0.0	0.0	2	1.0275600921330115	-15.333887420234367	138.0	21	1.05	0.95				
	206	1	59.25515504842106	12.199590745263158	0.0	-100.0	2	1.0419895274207316	-15.910669361555916	138.0	22	1.05	0.95				
	207	2	54.462458684210524	10.892491736842105	0.0	0.0	2	0.9982311338508159	-21.180338832107658	138.0	22	1.05	0.95				
	208	1	74.50464348	15.249488431578948	0.0	0.0	2	1.0015923993841416	-19.186463262112806	138.0	22	1.05	0.95				
	209	1	76.24744215789474	15.68518810105263	0.0	0.0	2	1.023095699667135	-12.586467078360107	138.0	23	1.05	0.95				
	210	1	84.96143554736842	17.427986778947368	0.0	0.0	2	1.05	-14.005008295385805	138.0	23	1.05	0.95				
	211	1	0.0	0.0	0.0	0.0	2	1.0049251219090205	-10.468675378674769	230.0	23	1.05	0.95				
	212	1	0.0	0.0	0.0	0.0	2	1.0103969325285818	-6.346172300827279	230.0	23	1.05	0.95				
	213	2	115.46041241052632	23.52778215157895	0.0	0.0	2	0.9993653670604374	-8.81292919671926	230.0	24	1.05	0.95				
	214	2	84.52573587789473	16.992287109473686	0.0	0.0	2	1.0038036582049257	-8.964272953147136	230.0	26	1.05	0.95				
	215	2	138.1167952231579	27.88477884631579	0.0	0.0	2	1.0189302451930071	-2.7916316479942354	230.0	26	1.05	0.95				
	216	2	43.56996694736842	8.713993389473684	0.0	0.0	2	1.0174643365844742	-4.123220082639874	230.0	26	1.05	0.95				
	217	1	0.0	0.0	0.0	0.0	2	1.022941510580977	-2.0221924071525685	230.0	27	1.05	0.95				
	218	2	145.08798993473684	29.62757752421053	0.0	0.0	2	1.0228863692756023	-2.4093873990595394	230.0	27	1.05	0.95				
	219	1	78.86164017473685	16.120887770526316	0.0	0.0	2	1.0134642154561273	-5.345786934732185	230.0	25	1.05	0.95				
	220	1	55.76955769263158	11.328191406315788	0.0	0.0	2	1.0132440149586053	-5.540540437432424	230.0	25	1.05	0.95				
	221	2	0.0	0.0	0.0	0.0	2	1.0251130390065766	-1.735447325630512	230.0	27	1.05	0.95				
	222	2	0.0	0.0	0.0	0.0	2	1.0468960485024605	4.681051075986421	230.0	27	1.05	0.95				
	223	2	0.0	0.0	0.0	0.0	2	1.0137310360097211	-5.303901431244275	230.0	25	1.05	0.95				
	224	1	0.0	0.0	0.0	0.0	2	1.0061297547428418	-6.0646038661058235	230.0	26	1.05	0.95				
	301	2	63.53242643368422	12.941790569824562	0.0	0.0	3	0.9920789288682081	-0.5284246969782036	138.0	31	1.05	0.95				
	302	2	57.06153114877194	11.765264154385967	0.0	0.0	3	0.9920432783520289	-0.5511089165705237	138.0	32	1.05	0.95				
	303	1	105.8873773894737	21.765738685614036	0.0	0.0	3	1.0129642426437764	1.8350276004891068	138.0	31	1.05	0.95				
	304	1	43.53147737122807	8.823948115789475	0.0	0.0	3	0.9996813545802229	1.4568964136503015	138.0	31	1.05	0.95				
	305	1	41.766687748070176	8.235684908070178	0.0	0.0	3	1.0117756527303996	1.5515177436988283	138.0	31	1.05	0.95				
	306	1	80.00379624982457	16.471369816140356	0.0	-100.0	3	1.031280527033122	2.041351297467702	138.0	32	1.05	0.95				
	307	2	73.53290096491229	14.706580192982457	0.0	0.0	3	0.9913471545263463	-1.1637176235443825	138.0	32	1.05	0.95				
	308	1	100.59300852000001	20.589212270175437	0.0	0.0	3	1.0026429146748466	1.4469649122795807	138.0	32	1.05	0.95				
	309	1	102.9460613508772	21.17747547789474	0.0	0.0	3	1.0266849048696078	5.489778886652126	138.0	33	1.05	0.95				
	310	1	114.71132550526318	23.530528308771935	0.0	0.0	3	1.05	5.497219713590585	138.0	33	1.05	0.95				
	311	1	0.0	0.0	0.0	0.0	3	1.0161702546059637	11.164507809515852	230.0	33	1.05	0.95				
	312	1	0.0	0.0	0.0	0.0	3	1.0215877517710823	12.874281852650116	230.0	33	1.05	0.95				
	313	2	155.88975004561405	31.76621321684211	0.0	0.0	3	1.0386870792590073	19.314136795259603	230.0	34	1.05	0.95				
	314	2	114.12306229754388	22.942265101052634	0.0	0.0	3	1.0178637408615558	9.573290494627047	230.0	36	1.05	0.95				
	315	2	186.47943684701755	37.64884529403509	0.0	0.0	3	1.0329981546737297	3.5317007320145515	230.0	36	1.05	0.95				
	316	2	58.82632077192983	11.765264154385967	0.0	0.0	3	1.0352255975591247	5.042906403466336	230.0	36	1.05	0.95				
	317	1	0.0	0.0	0.0	0.0	3	1.0368352339763054	3.5226921514056717	230.0	37	1.05	0.95				
	318	2	195.89164817052634	40.00189812491229	0.0	0.0	3	1.034128274091063	2.1612016168211623	230.0	37	1.05	0.95				
	319	1	106.47564059719299	21.765738685614036	0.0	0.0	3	1.0348260211802758	8.751804051721559	230.0	35	1.05	0.95				
	320	1	75.29769058807018	15.294843400701758	0.0	0.0	3	1.0381746171601358	11.490064845029854	230.0	35	1.05	0.95				
	321	2	0.0	0.0	0.0	0.0	3	1.0358416536261659	3.191075050313927	230.0	37	1.05	0.95				
	322	2	0.0	0.0	0.0	0.0	3	1.0496403834187606	7.630427140381633	230.0	37	1.05	0.95				
	323	2	0.0	0.0	0.0	0.0	3	1.0399284182601045	12.4470606477838	230.0	35	1.05	0.95				
	324	1	0.0	0.0	0.0	0.0	3	1.0230973849681777	4.919700234692586	230.0	36	1.05	0.95				
	325	1	0.0	0.0	0.0	0.0	3	1.041498941845739	12.508347081269301	230.0	35	1.05	0.95				
];
