%% MATPOWER Case Format : Version 2
function mpc = RTS_GMLC
mpc.version = '2';

%%-----  Power Flow Data  -----%%
%% system MVA base
mpc.baseMVA = 100.0;
%% bus data
%    bus_i    type    Pd    Qd    Gs    Bs    area    Vm    Va    baseKV    zone    Vmax    Vmin
mpc.bus = [
	101	2	40.306284000000005	8.210539333333335	0.0	0.0	1	0.9845358639908538	-5.769993194457653	138.0	11	1.05	0.95				
	102	2	36.20101433333333	7.464126666666668	0.0	0.0	1	0.9844805579893084	-5.970631054494183	138.0	12	1.05	0.95				
	103	1	67.17714000000001	13.808634333333334	0.0	0.0	1	1.0167696514007702	1.5622987159936803	138.0	11	1.05	0.95				
	104	1	27.617268666666668	5.598095	0.0	0.0	1	1.0006207842917505	-5.199354399277844	138.0	11	1.05	0.95				
	105	1	26.497649666666668	5.224888666666668	0.0	0.0	1	1.0124627539168856	-6.064506530825856	138.0	11	1.05	0.95				
	106	1	50.756061333333335	10.449777333333335	0.0	-100.0	1	1.0362777104449916	-6.6989429298448755	138.0	12	1.05	0.95				
	107	2	46.65079166666667	9.330158333333333	0.0	0.0	1	0.9907017037117548	-11.3208908989415	138.0	12	1.05	0.95				
	108	1	63.81828300000001	13.062221666666668	0.0	0.0	1	0.9997359062211598	-9.399019988756695	138.0	12	1.05	0.95				
	109	1	65.31110833333334	13.435428	0.0	0.0	1	1.024690502927285	-3.0245484811858856	138.0	13	1.05	0.95				
	110	1	72.77523500000001	14.928253333333336	0.0	0.0	1	1.05	-5.132465680538842	138.0	13	1.05	0.95				
	111	1	0.0	0.0	0.0	0.0	1	1.0198177118431166	0.3547420742220931	230.0	13	1.05	0.95				
	112	1	0.0	0.0	0.0	0.0	1	1.0159102227414762	-1.1200125057330874	230.0	13	1.05	0.95				
	113	3	98.89967833333334	20.153142000000003	0.0	0.0	1	1.0027320983017443	8.945509861729475e-29	230.0	14	1.05	0.95				
	114	2	72.40202866666667	14.555047000000002	0.0	0.0	1	1.05	4.951883198538962	230.0	16	1.05	0.95				
	115	2	118.30640766666667	23.88520533333334	0.0	0.0	1	1.0389282365251087	16.224095491898144	230.0	16	1.05	0.95				
	116	2	37.32063333333333	7.464126666666668	0.0	0.0	1	1.0400044341955093	13.940735975389883	230.0	16	1.05	0.95				
	117	1	0.0	0.0	0.0	0.0	1	1.039061889654765	20.83713425667288	230.0	17	1.05	0.95				
	118	2	124.27770900000002	25.378030666666668	0.0	0.0	1	1.0495619335377435	21.81249217475372	230.0	17	1.05	0.95				
	119	1	67.55034633333335	13.808634333333334	0.0	0.0	1	1.0382268376784471	8.859924449333748	230.0	15	1.05	0.95				
	120	1	47.77041066666668	9.703364666666667	0.0	0.0	1	1.0448699846608873	5.179901177136578	230.0	15	1.05	0.95				
	121	2	0.0	0.0	0.0	0.0	1	1.0449071873325908	23.672299115554043	230.0	17	1.05	0.95				
	122	2	0.0	0.0	0.0	0.0	1	1.05	41.61944613514588	230.0	17	1.05	0.95				
	123	2	0.0	0.0	0.0	0.0	1	1.05	3.4518054174812765	230.0	15	1.05	0.95				
	124	1	0.0	0.0	0.0	0.0	1	1.0118191511378856	10.785657862581493	230.0	16	1.05	0.95				
	201	2	41.59861484210526	8.473791912280701	0.0	0.0	2	1.0181620050963094	-16.715778611594665	138.0	21	1.05	0.95				
	202	2	37.361718885964905	7.7034471929824555	0.0	0.0	2	1.0172103182903582	-17.006357621752798	138.0	22	1.05	0.95				
	203	1	69.33102473684211	14.251377307017544	0.0	0.0	2	1.0152963392904077	-12.431824927430947	138.0	21	1.05	0.95				
	204	1	28.502754614035087	5.777585394736842	0.0	0.0	2	1.0138812365536751	-16.649820077988057	138.0	21	1.05	0.95				
	205	1	27.347237535087714	5.39241303508772	0.0	0.0	2	1.0295215853362782	-17.11155258711457	138.0	21	1.05	0.95				
	206	1	52.3834409122807	10.78482607017544	0.0	-100.0	2	1.0439555988770213	-17.828159046034113	138.0	22	1.05	0.95				
	207	2	48.146544956140346	9.629308991228068	0.0	0.0	2	0.9994876415751697	-22.415156552516738	138.0	22	1.05	0.95				
	208	1	65.8644735	13.481032587719296	0.0	0.0	2	1.004127468294445	-20.68545043730627	138.0	22	1.05	0.95				
	209	1	67.40516293859649	13.866204947368418	0.0	0.0	2	1.0219750482918115	-14.758465126989838	138.0	23	1.05	0.95				
	210	1	75.10861013157893	15.406894385964911	0.0	0.0	2	1.05	-16.270446014875755	138.0	23	1.05	0.95				
	211	1	0.0	0.0	0.0	0.0	2	1.0057722233212083	-11.918006331498813	230.0	23	1.05	0.95				
	212	1	0.0	0.0	0.0	0.0	2	1.0020790768197587	-11.223438406765649	230.0	23	1.05	0.95				
	213	2	102.07067530701752	20.79930742105263	0.0	0.0	2	0.9956947376243628	-10.608070436225066	230.0	24	1.05	0.95				
	214	2	74.72343777192981	15.02172202631579	0.0	0.0	2	1.0125548105853335	-9.36360352636582	230.0	26	1.05	0.95				
	215	2	122.09963800877193	24.651031017543858	0.0	0.0	2	1.0274714418124047	-2.6893048943036635	230.0	26	1.05	0.95				
	216	2	38.517235964912274	7.7034471929824555	0.0	0.0	2	1.0266753580954562	-3.38380206862961	230.0	26	1.05	0.95				
	217	1	0.0	0.0	0.0	0.0	2	1.0358378949875295	-1.0976291976409271	230.0	27	1.05	0.95				
	218	2	128.26239576315788	26.19172045614035	0.0	0.0	2	1.0351998592456968	-1.5991767726807864	230.0	27	1.05	0.95				
	219	1	69.71619709649123	14.251377307017544	0.0	0.0	2	1.0182438366340754	-3.5246905612908255	230.0	25	1.05	0.95				
	220	1	49.302062035087715	10.014481350877192	0.0	0.0	2	1.0133172291155492	-2.8809788620537016	230.0	25	1.05	0.95				
	221	2	0.0	0.0	0.0	0.0	2	1.0352501329216612	-1.1630898427399348	230.0	27	1.05	0.95				
	222	2	0.0	0.0	0.0	0.0	2	1.05	5.36080180040233	230.0	27	1.05	0.95				
	223	2	0.0	0.0	0.0	0.0	2	1.0111566699061092	-2.2162830228602033	230.0	25	1.05	0.95				
	224	1	0.0	0.0	0.0	0.0	2	1.0108831862614933	-6.330776529600024	230.0	26	1.05	0.95				
	301	2	42.26384053894737	8.609300850526315	0.0	0.0	3	1.0134186107103984	19.538993341962147	138.0	31	1.05	0.95				
	302	2	37.95919011368421	7.8266371368421055	0.0	0.0	3	1.0122833636313073	19.181208106637254	138.0	32	1.05	0.95				
	303	1	70.43973423157894	14.479278703157894	0.0	0.0	3	1.05	34.33937620530204	138.0	31	1.05	0.95				
	304	1	28.958557406315787	5.869977852631578	0.0	0.0	3	1.0085611272563677	20.438759441312552	138.0	31	1.05	0.95				
	305	1	27.78456183578947	5.478645995789474	0.0	0.0	3	1.0239597510237983	17.735382227791536	138.0	31	1.05	0.95				
	306	1	53.22113253052632	10.957291991578948	0.0	-100.0	3	1.0376954039589474	16.239853089163216	138.0	32	1.05	0.95				
	307	2	48.91648210526316	9.783296421052631	0.0	0.0	3	0.95	13.366935551505705	138.0	32	1.05	0.95				
	308	1	66.91774751999999	13.696614989473682	0.0	0.0	3	0.9724225589396945	15.004760544212903	138.0	32	1.05	0.95				
	309	1	68.48307494736842	14.087946846315788	0.0	0.0	3	1.0173640592001922	23.10497523284291	138.0	33	1.05	0.95				
	310	1	76.30971208421052	15.653274273684211	0.0	0.0	3	1.0441995499696513	17.193897894528842	138.0	33	1.05	0.95				
	311	1	0.0	0.0	0.0	0.0	3	1.0065675413150614	20.365860696947372	230.0	33	1.05	0.95				
	312	1	0.0	0.0	0.0	0.0	3	1.0115714804618416	20.35593901460029	230.0	33	1.05	0.95				
	313	2	103.70294206315789	21.131920269473685	0.0	0.0	3	1.0053654151153852	20.086045174578015	230.0	34	1.05	0.95				
	314	2	75.91838022736842	15.261942416842105	0.0	0.0	3	1.003808400671983	20.91816474191589	230.0	36	1.05	0.95				
	315	2	124.05219861894736	25.045238837894736	0.0	0.0	3	1.05	24.47804350026542	230.0	36	1.05	0.95				
	316	2	39.133185684210524	7.8266371368421055	0.0	0.0	3	1.0381293271122853	23.9685983429801	230.0	36	1.05	0.95				
	317	1	0.0	0.0	0.0	0.0	3	1.0457770897539518	28.259391184295666	230.0	37	1.05	0.95				
	318	2	130.31350832842105	26.61056626526316	0.0	0.0	3	1.0373402417248854	24.568120742732194	230.0	37	1.05	0.95				
	319	1	70.83106608842105	14.479278703157894	0.0	0.0	3	1.028923181329699	22.315372439773263	230.0	35	1.05	0.95				
	320	1	50.09047767578947	10.174628277894737	0.0	0.0	3	1.0238361326302663	21.62290488022318	230.0	35	1.05	0.95				
	321	2	0.0	0.0	0.0	0.0	3	1.0486279181292137	25.18398358364045	230.0	37	1.05	0.95				
	322	2	0.0	0.0	0.0	0.0	3	1.05	30.729367448884673	230.0	37	1.05	0.95				
	323	2	0.0	0.0	0.0	0.0	3	1.0213743426726831	21.545081496062615	230.0	35	1.05	0.95				
	324	1	0.0	0.0	0.0	0.0	3	1.046893934741149	28.246236685392017	230.0	36	1.05	0.95				
	325	1	0.0	0.0	0.0	0.0	3	1.0237813827962545	21.73882910600097	230.0	35	1.05	0.95				
];
