%% MATPOWER Case Format : Version 2
function mpc = RTS_GMLC
mpc.version = '2';

%%-----  Power Flow Data  -----%%
%% system MVA base
mpc.baseMVA = 100.0;
%% bus data
%    bus_i    type    Pd    Qd    Gs    Bs    area    Vm    Va    baseKV    zone    Vmax    Vmin
mpc.bus = [
	101	2	42.52399802526316	8.662295894035088	0.0	0.0	1	1.0383172090298918	4.3295887475085815	138.0	11	1.05	0.95				
	102	2	38.19285007824561	7.874814449122808	0.0	0.0	1	1.0373235935524256	4.040336922827267	138.0	12	1.05	0.95				
	103	1	70.87333004210527	14.568406730877193	0.0	0.0	1	1.0324649590321013	2.5743661475288757	138.0	11	1.05	0.95				
	104	1	29.136813461754386	5.906110836842105	0.0	0.0	1	1.0242705065202449	0.6846337578092503	138.0	11	1.05	0.95				
	105	1	27.95559129438596	5.512370114385965	0.0	0.0	1	1.0384028406318468	0.7889548591381808	138.0	11	1.05	0.95				
	106	1	53.54873825403509	11.02474022877193	0.0	-100.0	1	1.0470998648194711	-1.6453986808099779	138.0	12	1.05	0.95				
	107	2	49.217590307017545	9.843518061403508	0.0	0.0	1	0.999345761585242	-7.428506413595134	138.0	12	1.05	0.95				
	108	1	67.32966354	13.78092528596491	0.0	0.0	1	1.0046818819380514	-5.994771120619004	138.0	12	1.05	0.95				
	109	1	68.90462642982456	14.174666008421053	0.0	0.0	1	1.0245290686263202	-0.742026117713778	138.0	13	1.05	0.95				
	110	1	76.77944087894736	15.749628898245616	0.0	0.0	1	1.05	-1.5799712177931926	138.0	13	1.05	0.95				
	111	1	0.0	0.0	0.0	0.0	1	1.0030285458689645	0.6484966621036633	230.0	13	1.05	0.95				
	112	1	0.0	0.0	0.0	0.0	1	1.0072540812696724	0.4016525056348859	230.0	13	1.05	0.95				
	113	3	104.34129145087718	21.26199901263158	0.0	0.0	1	0.9917390260785144	2.865317207292264e-31	230.0	14	1.05	0.95				
	114	2	76.38570015649123	15.355888175789472	0.0	0.0	1	1.0019076358615533	3.1453349234113768	230.0	16	1.05	0.95				
	115	2	124.81580901859648	25.199406237192985	0.0	0.0	1	1.040116120986359	9.874328448741505	230.0	16	1.05	0.95				
	116	2	39.37407224561403	7.874814449122808	0.0	0.0	1	1.0353933465179859	8.901287145860927	230.0	16	1.05	0.95				
	117	1	0.0	0.0	0.0	0.0	1	1.0410629520741999	13.007464455911496	230.0	17	1.05	0.95				
	118	2	131.11566057789474	26.774369127017543	0.0	0.0	1	1.0478679041120291	13.179252429731896	230.0	17	1.05	0.95				
	119	1	71.2670707645614	14.568406730877193	0.0	0.0	1	1.0253765692050756	6.662763105040558	230.0	15	1.05	0.95				
	120	1	50.39881247438597	10.237258783859648	0.0	0.0	1	1.020040242518808	5.405650517916197	230.0	15	1.05	0.95				
	121	2	0.0	0.0	0.0	0.0	1	1.05	14.194845010731513	230.0	17	1.05	0.95				
	122	2	0.0	0.0	0.0	0.0	1	1.05	28.34029829517117	230.0	17	1.05	0.95				
	123	2	0.0	0.0	0.0	0.0	1	1.017519556522336	5.0184172961332125	230.0	15	1.05	0.95				
	124	1	0.0	0.0	0.0	0.0	1	1.0277499297887356	7.137027508629349	230.0	16	1.05	0.95				
	201	2	43.349598606315794	8.83047379017544	0.0	0.0	2	1.0157303251010792	-9.033763951776614	138.0	21	1.05	0.95				
	202	2	38.93436171122807	8.027703445614035	0.0	0.0	2	1.0153710526621416	-9.165203756695439	138.0	22	1.05	0.95				
	203	1	72.24933101052632	14.851251374385965	0.0	0.0	2	1.014851944579564	-6.814065778904767	138.0	21	1.05	0.95				
	204	1	29.70250274877193	6.020777584210526	0.0	0.0	2	1.0135745176877529	-9.271353779536675	138.0	21	1.05	0.95				
	205	1	28.49834723192982	5.619392411929825	0.0	0.0	2	1.0280577377924216	-9.583129865029301	138.0	21	1.05	0.95				
	206	1	54.58838343017545	11.23878482385965	0.0	-100.0	2	1.043010509801594	-10.356702682421425	138.0	22	1.05	0.95				
	207	2	50.17314653508772	10.034629307017545	0.0	0.0	2	0.9946161110207372	-15.42977267684203	138.0	22	1.05	0.95				
	208	1	68.63686446	14.048481029824561	0.0	0.0	2	1.0009773905619466	-13.635092211860707	138.0	22	1.05	0.95				
	209	1	70.24240514912282	14.449866202105262	0.0	0.0	2	1.0233155335342126	-7.693306031116411	138.0	23	1.05	0.95				
	210	1	78.27010859473684	16.05540689122807	0.0	0.0	2	1.05	-8.842453630025119	138.0	23	1.05	0.95				
	211	1	0.0	0.0	0.0	0.0	2	1.003713792948285	-5.163885569566054	230.0	23	1.05	0.95				
	212	1	0.0	0.0	0.0	0.0	2	1.00959668489178	-2.932416590944798	230.0	23	1.05	0.95				
	213	2	106.36707065438596	21.674799303157897	0.0	0.0	2	0.9989331813726882	-3.5160501183119495	230.0	24	1.05	0.95				
	214	2	77.86872342245614	15.65402171894737	0.0	0.0	2	1.001426128837623	-3.364386934451989	230.0	26	1.05	0.95				
	215	2	127.23909961298246	25.688651025964916	0.0	0.0	2	1.0190508153832543	1.590785908178866	230.0	26	1.05	0.95				
	216	2	40.13851722807018	8.027703445614035	0.0	0.0	2	1.0204017023442538	1.6167015736432193	230.0	26	1.05	0.95				
	217	1	0.0	0.0	0.0	0.0	2	1.0253189833613956	3.01817458625557	230.0	27	1.05	0.95				
	218	2	133.6612623694737	27.294191715087724	0.0	0.0	2	1.0244671372382859	2.530501888165452	230.0	27	1.05	0.95				
	219	1	72.65071618280702	14.851251374385965	0.0	0.0	2	1.0217210153613172	1.6615988503868762	230.0	25	1.05	0.95				
	220	1	51.37730205192983	10.436014479298246	0.0	0.0	2	1.0254593502639209	2.4904178117607922	230.0	25	1.05	0.95				
	221	2	0.0	0.0	0.0	0.0	2	1.0262714464018194	3.023392611462365	230.0	27	1.05	0.95				
	222	2	0.0	0.0	0.0	0.0	2	1.0482732610944088	9.533183576934066	230.0	27	1.05	0.95				
	223	2	0.0	0.0	0.0	0.0	2	1.0281749178124076	3.252394205441248	230.0	25	1.05	0.95				
	224	1	0.0	0.0	0.0	0.0	2	1.0070385847962975	-1.5748215722447183	230.0	26	1.05	0.95				
	301	2	62.09743752000001	12.649478013333335	0.0	0.0	3	1.0068705137159413	-21.261573609027426	138.0	31	1.05	0.95				
	302	2	55.77269851333333	11.499525466666666	0.0	0.0	3	1.0064158923442574	-21.381983784305095	138.0	32	1.05	0.95				
	303	1	103.49572920000001	21.274122113333334	0.0	0.0	3	1.0201987507225876	-14.956319196368108	138.0	31	1.05	0.95				
	304	1	42.54824422666667	8.6246441	0.0	0.0	3	1.0065979915330867	-19.404622555516852	138.0	31	1.05	0.95				
	305	1	40.823315406666666	8.049667826666667	0.0	0.0	3	1.0203337905030994	-20.11808223624636	138.0	31	1.05	0.95				
	306	1	78.19677317333334	16.099335653333334	0.0	-100.0	3	1.0355830062523972	-20.12360279230206	138.0	32	1.05	0.95				
	307	2	71.87203416666667	14.374406833333333	0.0	0.0	3	0.9940336529150063	-26.10542050783756	138.0	32	1.05	0.95				
	308	1	98.32094273999999	20.124169566666666	0.0	0.0	3	0.9960553097504259	-23.406668749711265	138.0	32	1.05	0.95				
	309	1	100.62084783333334	20.69914584	0.0	0.0	3	1.0267626045600793	-15.443693891502884	138.0	33	1.05	0.95				
	310	1	112.1203733	22.999050933333333	0.0	0.0	3	1.05	-17.130398557208242	138.0	33	1.05	0.95				
	311	1	0.0	0.0	0.0	0.0	3	1.0164105781545019	-9.945617793709607	230.0	33	1.05	0.95				
	312	1	0.0	0.0	0.0	0.0	3	1.0173369552288247	-9.24810366746571	230.0	33	1.05	0.95				
	313	2	152.36871243333331	31.048718760000003	0.0	0.0	3	1.0272891236462216	-5.2353472245297015	230.0	34	1.05	0.95				
	314	2	111.54539702666666	22.424074660000002	0.0	0.0	3	1.0248978236982613	-7.781242993062618	230.0	36	1.05	0.95				
	315	2	182.26747864666666	36.798481493333334	0.0	0.0	3	1.0432561183279998	-3.8825304189404215	230.0	36	1.05	0.95				
	316	2	57.497627333333334	11.499525466666666	0.0	0.0	3	1.0439124589135775	-2.8962089763149494	230.0	36	1.05	0.95				
	317	1	0.0	0.0	0.0	0.0	3	1.0493189774493168	0.5400458689295654	230.0	37	1.05	0.95				
	318	2	191.46709902	39.09838658666667	0.0	0.0	3	1.0450252920189498	-0.8116372210587598	230.0	37	1.05	0.95				
	319	1	104.07070547333335	21.274122113333334	0.0	0.0	3	1.0411755776497387	-3.212609061587114	230.0	35	1.05	0.95				
	320	1	73.59696298666667	14.949383106666666	0.0	0.0	3	1.0423294614814382	-2.7910404478658744	230.0	35	1.05	0.95				
	321	2	0.0	0.0	0.0	0.0	3	1.045723695285135	-1.254250428821813	230.0	37	1.05	0.95				
	322	2	0.0	0.0	0.0	0.0	3	1.05	3.7908306136017247	230.0	37	1.05	0.95				
	323	2	0.0	0.0	0.0	0.0	3	1.0438243656322874	-2.295286575862002	230.0	35	1.05	0.95				
	324	1	0.0	0.0	0.0	0.0	3	1.021719387475608	-7.371430686529675	230.0	36	1.05	0.95				
	325	1	0.0	0.0	0.0	0.0	3	1.0390549585651334	-0.9361428621443573	230.0	35	1.05	0.95				
];
