%% MATPOWER Case Format : Version 2
function mpc = RTS_GMLC
mpc.version = '2';

%%-----  Power Flow Data  -----%%
%% system MVA base
mpc.baseMVA = 100.0;
%% bus data
%    bus_i    type    Pd    Qd    Gs    Bs    area    Vm    Va    baseKV    zone    Vmax    Vmin
mpc.bus = [
	101	2	55.06877781473685	11.217713999298248	0.0	0.0	1	1.034623253827285	1.0755981969048567	138.0	11	1.05	0.95				
	102	2	49.45992081508772	10.197921817543861	0.0	0.0	1	1.0341871815435943	0.9354543311611019	138.0	12	1.05	0.95				
	103	1	91.78129635789475	18.86615536245614	0.0	0.0	1	1.0253637347922913	-0.7285310419223472	138.0	11	1.05	0.95				
	104	1	37.73231072491228	7.648441363157894	0.0	0.0	1	1.020528145247627	-2.1188260056211186	138.0	11	1.05	0.95				
	105	1	36.2026224522807	7.138545272280703	0.0	0.0	1	1.0354660665429403	-1.944070522858523	138.0	11	1.05	0.95				
	106	1	69.34586835929825	14.277090544561405	0.0	-100.0	1	1.0434735107540254	-4.144833557949196	138.0	12	1.05	0.95				
	107	2	63.73701135964913	12.747402271929825	0.0	0.0	1	1.0149545694837445	-5.137790966100095	138.0	12	1.05	0.95				
	108	1	87.19223154	17.846363180701754	0.0	0.0	1	1.0117753609993472	-5.839210999982318	138.0	12	1.05	0.95				
	109	1	89.23181590350877	18.35625927157895	0.0	0.0	1	1.0250729298272723	-2.557093217227057	138.0	13	1.05	0.95				
	110	1	99.42973772105263	20.395843635087722	0.0	0.0	1	1.05	-3.40257080387355	138.0	13	1.05	0.95				
	111	1	0.0	0.0	0.0	0.0	1	1.0056309219596566	-0.6976964824292515	230.0	13	1.05	0.95				
	112	1	0.0	0.0	0.0	0.0	1	1.0100783634307169	0.003581229515244967	230.0	13	1.05	0.95				
	113	3	135.12246408245613	27.534388907368424	0.0	0.0	1	0.999939593605548	7.540363019960528e-31	230.0	14	1.05	0.95				
	114	2	98.91984163017544	19.885947544210527	0.0	0.0	1	1.0027137059711406	1.0911417358856257	230.0	16	1.05	0.95				
	115	2	161.63706080807017	32.63334981614035	0.0	0.0	1	1.0361445923866603	6.892833345080596	230.0	16	1.05	0.95				
	116	2	50.9896090877193	10.197921817543861	0.0	0.0	1	1.0328535947072421	6.639909129706689	230.0	16	1.05	0.95				
	117	1	0.0	0.0	0.0	0.0	1	1.0394847886930918	8.375894480757824	230.0	17	1.05	0.95				
	118	2	169.79539826210527	34.672934179649125	0.0	0.0	1	1.0410871240326158	8.352588932375653	230.0	17	1.05	0.95				
	119	1	92.29119244877194	18.86615536245614	0.0	0.0	1	1.0277295699498885	5.979224433440292	230.0	15	1.05	0.95				
	120	1	65.2666996322807	13.257298362807019	0.0	0.0	1	1.0271255377631068	6.392295809497815	230.0	15	1.05	0.95				
	121	2	0.0	0.0	0.0	0.0	1	1.0446804607076308	9.499769993924865	230.0	17	1.05	0.95				
	122	2	0.0	0.0	0.0	0.0	1	1.05	15.564725061600976	230.0	17	1.05	0.95				
	123	2	0.0	0.0	0.0	0.0	1	1.0278283213519808	7.0099149729978	230.0	15	1.05	0.95				
	124	1	0.0	0.0	0.0	0.0	1	1.0223131082021786	4.044324039759381	230.0	16	1.05	0.95				
	201	2	52.257516138947366	10.645049583859649	0.0	0.0	2	1.0318829639327096	-5.069958268772153	138.0	21	1.05	0.95				
	202	2	46.934991347017544	9.677317803508773	0.0	0.0	2	1.0322516517525613	-5.041034438376571	138.0	22	1.05	0.95				
	203	1	87.09586023157895	17.903037936491227	0.0	0.0	2	1.022454198724722	-4.871727367526864	138.0	21	1.05	0.95				
	204	1	35.806075872982454	7.257988352631578	0.0	0.0	2	1.0197354477179896	-7.298175752875641	138.0	21	1.05	0.95				
	205	1	34.354478202456136	6.77412246245614	0.0	0.0	2	1.034802633666917	-7.426012945655962	138.0	21	1.05	0.95				
	206	1	65.80576106385965	13.54824492491228	0.0	-100.0	2	1.0441116838073143	-9.202861081038975	138.0	22	1.05	0.95				
	207	2	60.48323627192982	12.096647254385964	0.0	0.0	2	0.9897400843210831	-16.512814632707208	138.0	22	1.05	0.95				
	208	1	82.74106721999999	16.93530615614035	0.0	0.0	2	0.994782071624633	-14.282290688057886	138.0	22	1.05	0.95				
	209	1	84.67653078070175	17.419172046315786	0.0	0.0	2	1.0237468222322117	-7.177439517880162	138.0	23	1.05	0.95				
	210	1	94.35384858421052	19.354635607017546	0.0	0.0	2	1.05	-8.281921197779424	138.0	23	1.05	0.95				
	211	1	0.0	0.0	0.0	0.0	2	1.0075598653994118	-4.379646552837273	230.0	23	1.05	0.95				
	212	1	0.0	0.0	0.0	0.0	2	1.0097780309639286	-3.670242954230978	230.0	23	1.05	0.95				
	213	2	128.22446089649122	26.128758069473683	0.0	0.0	2	1.002343944090525	-3.339483213868086	230.0	24	1.05	0.95				
	214	2	93.86998269403509	18.870769716842105	0.0	0.0	2	1.0101614967906574	-1.8464936905629805	230.0	26	1.05	0.95				
	215	2	153.385487185614	30.96741697122807	0.0	0.0	2	1.0307221942267475	4.522326605362709	230.0	26	1.05	0.95				
	216	2	48.386589017543855	9.677317803508773	0.0	0.0	2	1.0317012244864734	4.647035145562632	230.0	26	1.05	0.95				
	217	1	0.0	0.0	0.0	0.0	2	1.0372698486086518	7.282594461741293	230.0	27	1.05	0.95				
	218	2	161.12734142842103	32.902880531929824	0.0	0.0	2	1.0391540746220942	7.8736708565466165	230.0	27	1.05	0.95				
	219	1	87.57972612175439	17.903037936491227	0.0	0.0	2	1.0301546830536092	4.055531313665061	230.0	25	1.05	0.95				
	220	1	61.93483394245614	12.580513144561403	0.0	0.0	2	1.0323222891710966	4.476437700680756	230.0	25	1.05	0.95				
	221	2	0.0	0.0	0.0	0.0	2	1.0388394682981161	7.509760243995439	230.0	27	1.05	0.95				
	222	2	0.0	0.0	0.0	0.0	2	1.05	13.921492269936481	230.0	27	1.05	0.95				
	223	2	0.0	0.0	0.0	0.0	2	1.0344096956579227	5.073052229037808	230.0	25	1.05	0.95				
	224	1	0.0	0.0	0.0	0.0	2	1.0159627400834965	0.9974777551374073	230.0	26	1.05	0.95				
	301	2	44.689655178947376	9.103448277192983	0.0	0.0	3	1.0088044148874467	-14.544649544483896	138.0	31	1.05	0.95				
	302	2	40.13793104035088	8.275862070175439	0.0	0.0	3	1.0086327978482714	-14.694251298692244	138.0	32	1.05	0.95				
	303	1	74.48275863157896	15.310344829824562	0.0	0.0	3	1.0291663533345654	-8.149826427693835	138.0	31	1.05	0.95				
	304	1	30.620689659649123	6.206896552631579	0.0	0.0	3	1.0111455067947355	-13.452831034741033	138.0	31	1.05	0.95				
	305	1	29.379310349122807	5.793103449122808	0.0	0.0	3	1.0241743576978561	-14.256743790964693	138.0	31	1.05	0.95				
	306	1	56.275862077193	11.586206898245615	0.0	-100.0	3	1.0410465907715096	-14.598526573864616	138.0	32	1.05	0.95				
	307	2	51.72413793859649	10.3448275877193	0.0	0.0	3	0.9937628063158173	-19.06556127700026	138.0	32	1.05	0.95				
	308	1	70.75862070000001	14.482758622807019	0.0	0.0	3	1.0005002578458582	-17.21529833072151	138.0	32	1.05	0.95				
	309	1	72.4137931140351	14.89655172631579	0.0	0.0	3	1.0258444506273314	-10.73864247922493	138.0	33	1.05	0.95				
	310	1	80.68965518421052	16.551724140350878	0.0	0.0	3	1.05	-12.635356794479259	138.0	33	1.05	0.95				
	311	1	0.0	0.0	0.0	0.0	3	1.007178659125764	-7.248928644074572	230.0	33	1.05	0.95				
	312	1	0.0	0.0	0.0	0.0	3	1.0103267661692272	-6.920753469732353	230.0	33	1.05	0.95				
	313	2	109.65517242982456	22.344827589473688	0.0	0.0	3	1.0090599771727475	-4.027189344489782	230.0	34	1.05	0.95				
	314	2	80.27586208070176	16.137931036842108	0.0	0.0	3	1.0063595110027972	-5.518262154573153	230.0	36	1.05	0.95				
	315	2	131.1724138122807	26.48275862456141	0.0	0.0	3	1.0317655058218063	-1.0082208793969225	230.0	36	1.05	0.95				
	316	2	41.3793103508772	8.275862070175439	0.0	0.0	3	1.0300883877918574	-0.6127269327458691	230.0	36	1.05	0.95				
	317	1	0.0	0.0	0.0	0.0	3	1.0358772785003882	0.7712083425886473	230.0	37	1.05	0.95				
	318	2	137.79310346842107	28.1379310385965	0.0	0.0	3	1.0357897293570197	0.8895568015126841	230.0	37	1.05	0.95				
	319	1	74.89655173508773	15.310344829824562	0.0	0.0	3	1.0245060837655486	-1.692196431743047	230.0	35	1.05	0.95				
	320	1	52.96551724912282	10.75862069122807	0.0	0.0	3	1.022520821837779	-1.824738535654578	230.0	35	1.05	0.95				
	321	2	0.0	0.0	0.0	0.0	3	1.038035150263341	1.4352273858294864	230.0	37	1.05	0.95				
	322	2	0.0	0.0	0.0	0.0	3	1.0499999635413557	5.482326036650208	230.0	37	1.05	0.95				
	323	2	0.0	0.0	0.0	0.0	3	1.0219074027942954	-1.5755287278877246	230.0	35	1.05	0.95				
	324	1	0.0	0.0	0.0	0.0	3	1.0215317953150478	-3.7011850439457685	230.0	36	1.05	0.95				
	325	1	0.0	0.0	0.0	0.0	3	1.0212748251923753	-0.6295935052152504	230.0	35	1.05	0.95				
];
