%% MATPOWER Case Format : Version 2
function mpc = RTS_GMLC
mpc.version = '2';

%%-----  Power Flow Data  -----%%
%% system MVA base
mpc.baseMVA = 100.0;
%% bus data
%    bus_i    type    Pd    Qd    Gs    Bs    area    Vm    Va    baseKV    zone    Vmax    Vmin
mpc.bus = [
	101	2	37.166749135578954	7.57100445354386	0.0	0.0	1	1.0180029405981958	2.9644875015977195	138.0	11	1.05	0.95				
	102	2	33.381246908807015	6.88273132140351	0.0	0.0	1	1.0159811344101617	2.4151213690284505	138.0	12	1.05	0.95				
	103	1	61.944581892631575	12.733052944596492	0.0	0.0	1	1.030534516019411	3.9202956097417534	138.0	11	1.05	0.95				
	104	1	25.466105889192985	5.162048491052632	0.0	0.0	1	1.0155752057791165	0.11688847971182006	138.0	11	1.05	0.95				
	105	1	24.433696190982456	4.817911924982457	0.0	0.0	1	1.0292829393205205	0.17745705941602366	138.0	11	1.05	0.95				
	106	1	46.80257298554387	9.635823849964915	0.0	-100.0	1	1.0439446973864517	-1.8514981802839454	138.0	12	1.05	0.95				
	107	2	43.01707075877193	8.603414151754386	0.0	0.0	1	0.9844604747234458	-7.244169112121593	138.0	12	1.05	0.95				
	108	1	58.847352797999996	12.04477981245614	0.0	0.0	1	0.9974907774553823	-5.620561094109087	138.0	12	1.05	0.95				
	109	1	60.22389906228071	12.388916378526316	0.0	0.0	1	1.0247312001202429	-0.31953036068644813	138.0	13	1.05	0.95				
	110	1	67.1066303836842	13.76546264280702	0.0	0.0	1	1.05	-1.5110346905570515	138.0	13	1.05	0.95				
	111	1	0.0	0.0	0.0	0.0	1	1.0121206041880237	1.4333687988425179	230.0	13	1.05	0.95				
	112	1	0.0	0.0	0.0	0.0	1	1.0089193083393242	0.3557367417016316	230.0	13	1.05	0.95				
	113	3	91.19619000859649	18.583374567789477	0.0	0.0	1	0.985094694905564	-8.636636652376352e-30	230.0	14	1.05	0.95				
	114	2	66.76249381761403	13.421326076736841	0.0	0.0	1	1.036214935309967	4.98538437414552	230.0	16	1.05	0.95				
	115	2	109.09129144424561	22.02474022849123	0.0	0.0	1	1.0436147947528922	13.850152716804729	230.0	16	1.05	0.95				
	116	2	34.41365660701754	6.88273132140351	0.0	0.0	1	1.0420626127154815	12.167779420685411	230.0	16	1.05	0.95				
	117	1	0.0	0.0	0.0	0.0	1	1.0415906261204675	17.800540409900993	230.0	17	1.05	0.95				
	118	2	114.59747650136842	23.401286492771934	0.0	0.0	1	1.05	18.24491056672286	230.0	17	1.05	0.95				
	119	1	62.288718458701766	12.733052944596492	0.0	0.0	1	1.036012802677075	8.201445307760455	230.0	15	1.05	0.95				
	120	1	44.04948045698246	8.947550717824562	0.0	0.0	1	1.0362321220305641	5.399488844965464	230.0	15	1.05	0.95				
	121	2	0.0	0.0	0.0	0.0	1	1.0428845790138472	19.5520628557538	230.0	17	1.05	0.95				
	122	2	0.0	0.0	0.0	0.0	1	1.05	37.51642939069278	230.0	17	1.05	0.95				
	123	2	0.0	0.0	0.0	0.0	1	1.0370990026244704	4.120140503284246	230.0	15	1.05	0.95				
	124	1	0.0	0.0	0.0	0.0	1	1.0262753420593826	10.140940661451086	230.0	16	1.05	0.95				
	201	2	39.949630105263154	8.137887614035087	0.0	0.0	2	1.0131735682864509	-11.78568751887524	138.0	21	1.05	0.95				
	202	2	35.880686298245614	7.398079649122806	0.0	0.0	2	1.0123795078063047	-12.064231195878994	138.0	22	1.05	0.95				
	203	1	66.58271684210526	13.686447350877193	0.0	0.0	2	1.011485168974906	-8.103031665252685	138.0	21	1.05	0.95				
	204	1	27.372894701754387	5.548559736842105	0.0	0.0	2	1.0120237046962244	-11.765503547593259	138.0	21	1.05	0.95				
	205	1	26.263182754385962	5.178655754385965	0.0	0.0	2	1.0271824536114647	-12.165852956926875	138.0	21	1.05	0.95				
	206	1	50.30694161403508	10.35731150877193	0.0	-100.0	2	1.0432077230713255	-12.859732651833607	138.0	22	1.05	0.95				
	207	2	46.237997807017535	9.247599561403508	0.0	0.0	2	0.9963455948016707	-17.234907356399162	138.0	22	1.05	0.95				
	208	1	63.25358099999999	12.946639385964911	0.0	0.0	2	1.0029268843083305	-15.598679827866933	138.0	22	1.05	0.95				
	209	1	64.73319692982456	13.316543368421051	0.0	0.0	2	1.0219801945121496	-9.981362904815745	138.0	23	1.05	0.95				
	210	1	72.13127657894735	14.796159298245612	0.0	0.0	2	1.05	-11.352935853800002	138.0	23	1.05	0.95				
	211	1	0.0	0.0	0.0	0.0	2	1.0047841180665147	-7.195961561590383	230.0	23	1.05	0.95				
	212	1	0.0	0.0	0.0	0.0	2	1.0064132613806072	-6.404372526095385	230.0	23	1.05	0.95				
	213	2	98.02455535087718	19.974815052631577	0.0	0.0	2	0.9992486010572684	-5.79755374410019	230.0	24	1.05	0.95				
	214	2	71.76137259649123	14.426255315789472	0.0	0.0	2	1.0061322874177834	-4.829024475724854	230.0	26	1.05	0.95				
	215	2	117.25956243859648	23.67385487719298	0.0	0.0	2	1.0202882509062539	0.8088509219297096	230.0	26	1.05	0.95				
	216	2	36.99039824561403	7.398079649122806	0.0	0.0	2	1.022995651984898	0.7595455672731183	230.0	26	1.05	0.95				
	217	1	0.0	0.0	0.0	0.0	2	1.030550210981597	2.2389802386099245	230.0	27	1.05	0.95				
	218	2	123.17802615789472	25.15347080701754	0.0	0.0	2	1.028880696550637	1.8100441148142719	230.0	27	1.05	0.95				
	219	1	66.9526208245614	13.686447350877193	0.0	0.0	2	1.022729977814981	0.8378788244059007	230.0	25	1.05	0.95				
	220	1	47.34770975438596	9.617503543859648	0.0	0.0	2	1.024706699963422	1.6345343180556196	230.0	25	1.05	0.95				
	221	2	0.0	0.0	0.0	0.0	2	1.0293745680107702	2.2769090937741354	230.0	27	1.05	0.95				
	222	2	0.0	0.0	0.0	0.0	2	1.0499999992615232	8.754327362128718	230.0	27	1.05	0.95				
	223	2	0.0	0.0	0.0	0.0	2	1.0262906472244746	2.3580428604178687	230.0	25	1.05	0.95				
	224	1	0.0	0.0	0.0	0.0	2	1.0059864734515154	-2.532067784042006	230.0	26	1.05	0.95				
	301	2	50.549193284210524	10.29705789122807	0.0	0.0	3	1.0136108748344972	-7.694444749407348	138.0	31	1.05	0.95				
	302	2	45.400664338596485	9.360961719298245	0.0	0.0	3	1.0125358049390012	-7.9330651399162795	138.0	32	1.05	0.95				
	303	1	84.24865547368421	17.317779180701752	0.0	0.0	3	1.0424753190147642	2.1592914234208562	138.0	31	1.05	0.95				
	304	1	34.635558361403504	7.020721289473683	0.0	0.0	3	1.011939441665179	-6.654801048039685	138.0	31	1.05	0.95				
	305	1	33.23141410350877	6.552673203508773	0.0	0.0	3	1.02597489349721	-7.897205673786788	138.0	31	1.05	0.95				
	306	1	63.654539691228074	13.105346407017546	0.0	-100.0	3	1.0404311000127084	-8.562446875918848	138.0	32	1.05	0.95				
	307	2	58.506010745614034	11.701202149122807	0.0	0.0	3	0.9931715732347087	-13.615471325733674	138.0	32	1.05	0.95				
	308	1	80.0362227	16.381683008771926	0.0	0.0	3	0.9978795388914041	-11.470147711979628	138.0	32	1.05	0.95				
	309	1	81.90841504385965	16.849731094736843	0.0	0.0	3	1.0262206053965943	-3.690724084514805	138.0	33	1.05	0.95				
	310	1	91.2693767631579	18.72192343859649	0.0	0.0	3	1.05	-6.596071852205802	138.0	33	1.05	0.95				
	311	1	0.0	0.0	0.0	0.0	3	1.0098460189056295	-1.1989007613979936	230.0	33	1.05	0.95				
	312	1	0.0	0.0	0.0	0.0	3	1.0113890660471407	-0.5768308381805105	230.0	33	1.05	0.95				
	313	2	124.03274278070175	25.274596642105262	0.0	0.0	3	1.0100650635153274	2.059887122516614	230.0	34	1.05	0.95				
	314	2	90.80132867719297	18.253875352631578	0.0	0.0	3	1.011497994272127	-0.00852599381654885	230.0	36	1.05	0.95				
	315	2	148.37124325087717	29.955077501754385	0.0	0.0	3	1.0364823992641279	4.032127970565314	230.0	36	1.05	0.95				
	316	2	46.80480859649123	9.360961719298245	0.0	0.0	3	1.0344415669847296	4.496320069528755	230.0	36	1.05	0.95				
	317	1	0.0	0.0	0.0	0.0	3	1.0423714172887515	7.1270877118382145	230.0	37	1.05	0.95				
	318	2	155.86001262631578	31.827269845614037	0.0	0.0	3	1.0387919609852252	5.605067892010164	230.0	37	1.05	0.95				
	319	1	84.71670355964912	17.317779180701752	0.0	0.0	3	1.027327507708113	3.8798861114586924	230.0	35	1.05	0.95				
	320	1	59.91015500350877	12.16925023508772	0.0	0.0	3	1.0244952110264622	4.251446692805581	230.0	35	1.05	0.95				
	321	2	0.0	0.0	0.0	0.0	3	1.0398373478364848	5.669056589950699	230.0	37	1.05	0.95				
	322	2	0.0	0.0	0.0	0.0	3	1.05	10.561940825890352	230.0	37	1.05	0.95				
	323	2	0.0	0.0	0.0	0.0	3	1.0237683931747652	4.818902431952512	230.0	35	1.05	0.95				
	324	1	0.0	0.0	0.0	0.0	3	1.0336736899436685	3.3214260364486865	230.0	36	1.05	0.95				
	325	1	0.0	0.0	0.0	0.0	3	1.0210730830184616	6.059087369044086	230.0	35	1.05	0.95				
];
