%% MATPOWER Case Format : Version 2
function mpc = RTS_GMLC
mpc.version = '2';

%%-----  Power Flow Data  -----%%
%% system MVA base
mpc.baseMVA = 100.0;
%% bus data
%    bus_i    type    Pd    Qd    Gs    Bs    area    Vm    Va    baseKV    zone    Vmax    Vmin
mpc.bus = [
	101	2	36.659079663157904	7.467590301754387	0.0	0.0	1	0.9925939286275864	-3.8625286848810854	138.0	11	1.05	0.95				
	102	2	32.9252845122807	6.788718456140351	0.0	0.0	1	0.99214712266911	-4.140650541187427	138.0	12	1.05	0.95				
	103	1	61.098466105263164	12.559129143859648	0.0	0.0	1	1.0200309350918784	2.4519370481332667	138.0	11	1.05	0.95				
	104	1	25.118258287719296	5.091538842105264	0.0	0.0	1	1.0045986211795555	-3.9031589505217226	138.0	11	1.05	0.95				
	105	1	24.099950519298247	4.752102919298246	0.0	0.0	1	1.0170890304952258	-4.605506770529775	138.0	11	1.05	0.95				
	106	1	46.163285501754395	9.504205838596492	0.0	-100.0	1	1.0390610412075265	-5.46746816134438	138.0	12	1.05	0.95				
	107	2	42.429490350877195	8.48589807017544	0.0	0.0	1	0.9830290672784322	-11.242411179803186	138.0	12	1.05	0.95				
	108	1	58.043542800000004	11.880257298245613	0.0	0.0	1	0.9957102051740542	-8.883070102933875	138.0	12	1.05	0.95				
	109	1	59.40128649122808	12.219693221052632	0.0	0.0	1	1.0239902080872905	-2.2889406536278316	138.0	13	1.05	0.95				
	110	1	66.19000494736842	13.577436912280701	0.0	0.0	1	1.05	-4.227206470101271	138.0	13	1.05	0.95				
	111	1	0.0	0.0	0.0	0.0	1	1.0167053971443514	0.7471988237763941	230.0	13	1.05	0.95				
	112	1	0.0	0.0	0.0	0.0	1	1.0131949523917794	-0.8170549394541196	230.0	13	1.05	0.95				
	113	3	89.95051954385966	18.329539831578952	0.0	0.0	1	0.9957328171214233	-8.38859256540076e-29	230.0	14	1.05	0.95				
	114	2	65.8505690245614	13.238000989473687	0.0	0.0	1	1.046132220165694	5.286888465369983	230.0	16	1.05	0.95				
	115	2	107.60118752982457	21.723899059649124	0.0	0.0	1	1.0376508588355593	16.243416619950274	230.0	16	1.05	0.95				
	116	2	33.94359228070176	6.788718456140351	0.0	0.0	1	1.0382126265942735	13.971589239259307	230.0	16	1.05	0.95				
	117	1	0.0	0.0	0.0	0.0	1	1.0371467476075307	20.751874440022153	230.0	17	1.05	0.95				
	118	2	113.03216229473685	23.081642750877197	0.0	0.0	1	1.0470261212745262	21.678469507180303	230.0	17	1.05	0.95				
	119	1	61.43790202807018	12.559129143859648	0.0	0.0	1	1.035791567968014	8.839898004064588	230.0	15	1.05	0.95				
	120	1	43.44779811929825	8.825333992982456	0.0	0.0	1	1.041693994692935	5.050325153416705	230.0	15	1.05	0.95				
	121	2	0.0	0.0	0.0	0.0	1	1.0412623645569465	23.424528919729784	230.0	17	1.05	0.95				
	122	2	0.0	0.0	0.0	0.0	1	1.05	41.40223960522861	230.0	17	1.05	0.95				
	123	2	0.0	0.0	0.0	0.0	1	1.0463737554358847	3.2380046005169723	230.0	15	1.05	0.95				
	124	1	0.0	0.0	0.0	0.0	1	1.0135505989140152	11.10766064537705	230.0	16	1.05	0.95				
	201	2	43.79159451789473	8.920509994385965	0.0	0.0	2	1.0078729087735971	-18.987128003311717	138.0	21	1.05	0.95				
	202	2	39.331339520701746	8.109554540350878	0.0	0.0	2	1.007070122515366	-19.303761923114774	138.0	22	1.05	0.95				
	203	1	72.9859908631579	15.00267589964912	0.0	0.0	2	1.010754921745517	-14.021300380887565	138.0	21	1.05	0.95				
	204	1	30.00535179929824	6.082165905263157	0.0	0.0	2	1.0089693637785289	-18.9827820441529	138.0	21	1.05	0.95				
	205	1	28.788918618245606	5.676688178245614	0.0	0.0	2	1.023973234581555	-19.507803802184327	138.0	21	1.05	0.95				
	206	1	55.144970874385955	11.353376356491228	0.0	-100.0	2	1.040873733893062	-20.312517948783523	138.0	22	1.05	0.95				
	207	2	50.68471587719298	10.136943175438596	0.0	0.0	2	0.9906118018077615	-25.10405665568452	138.0	22	1.05	0.95				
	208	1	69.33669131999999	14.191720445614031	0.0	0.0	2	0.9982194604516781	-23.296131853951348	138.0	22	1.05	0.95				
	209	1	70.95860222807016	14.597198172631575	0.0	0.0	2	1.0221736200943141	-17.03371856341714	138.0	23	1.05	0.95				
	210	1	79.06815676842103	16.219109080701756	0.0	0.0	2	1.05	-18.71700410841063	138.0	23	1.05	0.95				
	211	1	0.0	0.0	0.0	0.0	2	1.0083673723178022	-14.14232147149991	230.0	23	1.05	0.95				
	212	1	0.0	0.0	0.0	0.0	2	1.0126885157724024	-13.557205652356812	230.0	23	1.05	0.95				
	213	2	107.45159765964911	21.895797258947365	0.0	0.0	2	1.0063827371400313	-12.952116767715461	230.0	24	1.05	0.95				
	214	2	78.66267904140349	15.81363135368421	0.0	0.0	2	1.0111098046491138	-11.369803601161301	230.0	26	1.05	0.95				
	215	2	128.5364394645614	25.950574529122804	0.0	0.0	2	1.0284825571517584	-4.110891044128574	230.0	26	1.05	0.95				
	216	2	40.54777270175438	8.109554540350878	0.0	0.0	2	1.0319779229095418	-5.044765855501716	230.0	26	1.05	0.95				
	217	1	0.0	0.0	0.0	0.0	2	1.0370584514436	-2.4650878118838655	230.0	27	1.05	0.95				
	218	2	135.02408309684208	27.572485437192977	0.0	0.0	2	1.0358215195301697	-3.012792832477377	230.0	27	1.05	0.95				
	219	1	73.39146859017544	15.00267589964912	0.0	0.0	2	1.035846294842944	-5.630076374380371	230.0	25	1.05	0.95				
	220	1	51.90114905824561	10.54242090245614	0.0	0.0	2	1.0417561853295154	-5.35814708852704	230.0	25	1.05	0.95				
	221	2	0.0	0.0	0.0	0.0	2	1.0358640913351176	-2.577356003892277	230.0	27	1.05	0.95				
	222	2	0.0	0.0	0.0	0.0	2	1.05	3.9658361237096202	230.0	27	1.05	0.95				
	223	2	0.0	0.0	0.0	0.0	2	1.0454622629998302	-4.90867590541671	230.0	25	1.05	0.95				
	224	1	0.0	0.0	0.0	0.0	2	1.0096082586584858	-7.794511732784963	230.0	26	1.05	0.95				
	301	2	49.09712115789474	10.001265421052633	0.0	0.0	3	1.0202098510636262	14.445129406342959	138.0	31	1.05	0.95				
	302	2	44.09648844736842	9.09205947368421	0.0	0.0	3	1.017747993628638	14.090973931361228	138.0	32	1.05	0.95				
	303	1	81.8285352631579	16.82031002631579	0.0	0.0	3	1.05	29.776195892369866	138.0	31	1.05	0.95				
	304	1	33.64062005263158	6.819044605263159	0.0	0.0	3	1.008976938937092	15.493817874166512	138.0	31	1.05	0.95				
	305	1	32.276811131578945	6.3644416315789485	0.0	0.0	3	1.02629759402323	12.964157508666712	138.0	31	1.05	0.95				
	306	1	61.82600442105264	12.728883263157897	0.0	-100.0	3	1.0367777042557982	11.587938674317284	138.0	32	1.05	0.95				
	307	2	56.82537171052632	11.365074342105263	0.0	0.0	3	0.95	7.6106972205639405	138.0	32	1.05	0.95				
	308	1	77.73710849999999	15.91110407894737	0.0	0.0	3	0.9693960128444972	9.624674679384848	138.0	32	1.05	0.95				
	309	1	79.55552039473685	16.365707052631578	0.0	0.0	3	1.0162589103140574	18.54514584019997	138.0	33	1.05	0.95				
	310	1	88.64757986842106	18.18411894736842	0.0	0.0	3	1.0434605196802413	12.93525505770335	138.0	33	1.05	0.95				
	311	1	0.0	0.0	0.0	0.0	3	1.0048207842267265	16.98431169865083	230.0	33	1.05	0.95				
	312	1	0.0	0.0	0.0	0.0	3	1.0097219953706211	17.33190045595463	230.0	33	1.05	0.95				
	313	2	120.46978802631578	24.54856057894737	0.0	0.0	3	1.0060598904454694	18.519174928006475	230.0	34	1.05	0.95				
	314	2	88.19297689473684	17.72951597368421	0.0	0.0	3	1.0013347347857382	16.97954357758899	230.0	36	1.05	0.95				
	315	2	144.10914265789475	29.094590315789475	0.0	0.0	3	1.05	19.950170569780948	230.0	36	1.05	0.95				
	316	2	45.46029736842105	9.09205947368421	0.0	0.0	3	1.0368960658577948	19.672959848481643	230.0	36	1.05	0.95				
	317	1	0.0	0.0	0.0	0.0	3	1.05	23.588915876333317	230.0	37	1.05	0.95				
	318	2	151.3827902368421	30.91300221052632	0.0	0.0	3	1.0452354390273466	19.914886735197435	230.0	37	1.05	0.95				
	319	1	82.2831382368421	16.82031002631579	0.0	0.0	3	1.0267908863481172	18.565872934980224	230.0	35	1.05	0.95				
	320	1	58.18918063157895	11.819677315789475	0.0	0.0	3	1.021344472273649	18.47829706387115	230.0	35	1.05	0.95				
	321	2	0.0	0.0	0.0	0.0	3	1.048915582778051	20.59864003348873	230.0	37	1.05	0.95				
	322	2	0.0	0.0	0.0	0.0	3	1.05	26.119054118901797	230.0	37	1.05	0.95				
	323	2	0.0	0.0	0.0	0.0	3	1.0190286882576975	18.785302782735794	230.0	35	1.05	0.95				
	324	1	0.0	0.0	0.0	0.0	3	1.046903338905971	23.704919259268625	230.0	36	1.05	0.95				
	325	1	0.0	0.0	0.0	0.0	3	1.0206872409281718	19.19149532144154	230.0	35	1.05	0.95				
];
