%% MATPOWER Case Format : Version 2
function mpc = RTS_GMLC
mpc.version = '2';

%%-----  Power Flow Data  -----%%
%% system MVA base
mpc.baseMVA = 100.0;
%% bus data
%    bus_i    type    Pd    Qd    Gs    Bs    area    Vm    Va    baseKV    zone    Vmax    Vmin
mpc.bus = [
	101	2	52.91786243368421	10.779564569824561	0.0	0.0	1	1.0342980510827569	2.184109961352441	138.0	11	1.05	0.95				
	102	2	47.528080148771934	9.799604154385966	0.0	0.0	1	1.0338198477329523	2.0050516303391492	138.0	12	1.05	0.95				
	103	1	88.19643738947369	18.129267685614035	0.0	0.0	1	1.0293653220177936	1.4951939676729114	138.0	11	1.05	0.95				
	104	1	36.25853537122807	7.349703115789474	0.0	0.0	1	1.0205421621622173	-1.2488138280067045	138.0	11	1.05	0.95				
	105	1	34.78859474807018	6.859722908070176	0.0	0.0	1	1.0353041391649689	-1.1673624199799992	138.0	11	1.05	0.95				
	106	1	66.63730824982457	13.719445816140352	0.0	-100.0	1	1.0437048369471822	-3.5417275557885657	138.0	12	1.05	0.95				
	107	2	61.247525964912285	12.249505192982458	0.0	0.0	1	1.0000189732382594	-9.555377652637546	138.0	12	1.05	0.95				
	108	1	83.78661552000001	17.14930727017544	0.0	0.0	1	1.0018763334976062	-8.08303091896952	138.0	12	1.05	0.95				
	109	1	85.74653635087721	17.63928747789474	0.0	0.0	1	1.0249095659711063	-1.9304315140391253	138.0	13	1.05	0.95				
	110	1	95.54614050526317	19.59920830877193	0.0	0.0	1	1.05	-3.0251520943910766	138.0	13	1.05	0.95				
	111	1	0.0	0.0	0.0	0.0	1	1.008048896503434	0.2725859555286194	230.0	13	1.05	0.95				
	112	1	0.0	0.0	0.0	0.0	1	1.0110834005581857	0.25338837148216925	230.0	13	1.05	0.95				
	113	3	129.84475504561402	26.458931216842107	0.0	0.0	1	1.0006780664265382	2.2905106415631247e-28	230.0	14	1.05	0.95				
	114	2	95.05616029754387	19.109228101052633	0.0	0.0	1	1.0110953482101042	3.3447077441977138	230.0	16	1.05	0.95				
	115	2	155.32372584701756	31.35873329403509	0.0	0.0	1	1.0447534554691071	11.295447049676811	230.0	16	1.05	0.95				
	116	2	48.99802077192983	9.799604154385966	0.0	0.0	1	1.040761468324712	10.529015617879853	230.0	16	1.05	0.95				
	117	1	0.0	0.0	0.0	0.0	1	1.042712571791206	14.400792437129697	230.0	17	1.05	0.95				
	118	2	163.16340917052634	33.318654124912285	0.0	0.0	1	1.0495209841689095	14.088223024174722	230.0	17	1.05	0.95				
	119	1	88.68641759719299	18.129267685614035	0.0	0.0	1	1.032975201817299	8.320839384024717	230.0	15	1.05	0.95				
	120	1	62.71746658807018	12.739485400701756	0.0	0.0	1	1.0306576665843525	7.327438162254274	230.0	15	1.05	0.95				
	121	2	0.0	0.0	0.0	0.0	1	1.05	14.966358370375486	230.0	17	1.05	0.95				
	122	2	0.0	0.0	0.0	0.0	1	1.05	32.64494604551881	230.0	17	1.05	0.95				
	123	2	0.0	0.0	0.0	0.0	1	1.0301712697783842	7.15265019656566	230.0	15	1.05	0.95				
	124	1	0.0	0.0	0.0	0.0	1	1.0266920249290548	7.643384781641525	230.0	16	1.05	0.95				
	201	2	52.12151738526316	10.617346134035087	0.0	0.0	2	1.0303955216061504	-8.355969700497269	138.0	21	1.05	0.95				
	202	2	46.81284431824561	9.652132849122808	0.0	0.0	2	1.030806895888729	-8.326805594279467	138.0	22	1.05	0.95				
	203	1	86.86919564210525	17.85644577087719	0.0	0.0	2	1.0186279878054334	-8.154090343456488	138.0	21	1.05	0.95				
	204	1	35.71289154175438	7.239099636842104	0.0	0.0	2	1.0187620320565693	-10.601440269011526	138.0	21	1.05	0.95				
	205	1	34.26507161438596	6.756492994385965	0.0	0.0	2	1.0340512406141453	-10.725753800275603	138.0	21	1.05	0.95				
	206	1	65.63450337403509	13.51298598877193	0.0	-100.0	2	1.0437856652762942	-12.507852375824458	138.0	22	1.05	0.95				
	207	2	60.32583030701753	12.065166061403508	0.0	0.0	2	0.9886963161537423	-19.80322288195819	138.0	22	1.05	0.95				
	208	1	82.52573586	16.89123248596491	0.0	0.0	2	0.9940984575676332	-17.58025890589159	138.0	22	1.05	0.95				
	209	1	84.45616242982456	17.37383912842105	0.0	0.0	2	1.0231434414440645	-10.495680670061605	138.0	23	1.05	0.95				
	210	1	94.10829527894737	19.304265698245615	0.0	0.0	2	1.05	-11.595113864207029	138.0	23	1.05	0.95				
	211	1	0.0	0.0	0.0	0.0	2	1.0080306195391227	-7.594485914437772	230.0	23	1.05	0.95				
	212	1	0.0	0.0	0.0	0.0	2	1.0107719008602056	-7.113726172568504	230.0	23	1.05	0.95				
	213	2	127.89076025087718	26.06075869263158	0.0	0.0	2	1.0029802470769202	-6.761294827204673	230.0	24	1.05	0.95				
	214	2	93.62568863649122	18.82165905578947	0.0	0.0	2	1.0116787694932774	-4.790474725529809	230.0	26	1.05	0.95				
	215	2	152.98630565859648	30.886825117192977	0.0	0.0	2	1.031215144867265	2.237417454595177	230.0	26	1.05	0.95				
	216	2	48.26066424561403	9.652132849122808	0.0	0.0	2	1.0330405518779973	2.070713889070283	230.0	26	1.05	0.95				
	217	1	0.0	0.0	0.0	0.0	2	1.0377060939070497	5.027848115627768	230.0	27	1.05	0.95				
	218	2	160.70801193789472	32.817251687017546	0.0	0.0	2	1.0390422839757223	5.357983782995678	230.0	27	1.05	0.95				
	219	1	87.3518022845614	17.85644577087719	0.0	0.0	2	1.032100606231435	0.9537712627220661	230.0	25	1.05	0.95				
	220	1	61.773650234385954	12.54777270385965	0.0	0.0	2	1.0349053003799507	0.9133574165993394	230.0	25	1.05	0.95				
	221	2	0.0	0.0	0.0	0.0	2	1.0388935085689066	5.082053708660168	230.0	27	1.05	0.95				
	222	2	0.0	0.0	0.0	0.0	2	1.05	11.561912201265192	230.0	27	1.05	0.95				
	223	2	0.0	0.0	0.0	0.0	2	1.0372245525739017	1.2539708170832533	230.0	25	1.05	0.95				
	224	1	0.0	0.0	0.0	0.0	2	1.0136529601082707	-1.6464636696116683	230.0	26	1.05	0.95				
	301	2	69.25529895157895	14.10756089754386	0.0	0.0	3	1.0135005321557093	-33.59953879692788	138.0	31	1.05	0.95				
	302	2	62.201518502807005	12.825055361403509	0.0	0.0	3	1.012706617631599	-33.80193851028549	138.0	32	1.05	0.95				
	303	1	115.42549825263157	23.726352418596488	0.0	0.0	3	1.0252436433566317	-23.82396727564107	138.0	31	1.05	0.95				
	304	1	47.452704837192975	9.61879152105263	0.0	0.0	3	1.0079215489669207	-31.61272962523961	138.0	31	1.05	0.95				
	305	1	45.52894653298245	8.977538752982456	0.0	0.0	3	1.0229788167218365	-32.869773537537185	138.0	31	1.05	0.95				
	306	1	87.21037645754386	17.955077505964912	0.0	-100.0	3	1.0352264361952819	-33.16367936128648	138.0	32	1.05	0.95				
	307	2	80.15659600877191	16.031319201754386	0.0	0.0	3	0.9847045263227318	-40.64156353803412	138.0	32	1.05	0.95				
	308	1	109.65422333999999	22.443846882456135	0.0	0.0	3	0.985055399144022	-37.53644324886869	138.0	32	1.05	0.95				
	309	1	112.2192344122807	23.085099650526313	0.0	0.0	3	1.027024402418244	-27.20633983464467	138.0	33	1.05	0.95				
	310	1	125.0442897736842	25.650110722807018	0.0	0.0	3	1.05	-30.08308314705647	138.0	33	1.05	0.95				
	311	1	0.0	0.0	0.0	0.0	3	1.0249747439211339	-21.80809336851726	230.0	33	1.05	0.95				
	312	1	0.0	0.0	0.0	0.0	3	1.0195162278862553	-21.224233180352147	230.0	33	1.05	0.95				
	313	2	169.93198353859646	34.627649475789475	0.0	0.0	3	1.0366073375585683	-18.09581056057619	230.0	34	1.05	0.95				
	314	2	124.40303700561401	25.00885795473684	0.0	0.0	3	1.0431961119192408	-18.41325455064649	230.0	36	1.05	0.95				
	315	2	203.27712747824557	41.040177156491225	0.0	0.0	3	1.0499999788992889	-10.256253682253782	230.0	36	1.05	0.95				
	316	2	64.12527680701754	12.825055361403509	0.0	0.0	3	1.0494889031154806	-9.679277517913393	230.0	36	1.05	0.95				
	317	1	0.0	0.0	0.0	0.0	3	1.05	-5.404751238579154	230.0	37	1.05	0.95				
	318	2	213.53717176736842	43.60518822877193	0.0	0.0	3	1.0448021055481016	-6.002338017327556	230.0	37	1.05	0.95				
	319	1	116.06675102070174	23.726352418596488	0.0	0.0	3	1.0454524262222544	-11.162144806313362	230.0	35	1.05	0.95				
	320	1	82.08035431298245	16.67257196982456	0.0	0.0	3	1.047444638331654	-11.255092626694463	230.0	35	1.05	0.95				
	321	2	0.0	0.0	0.0	0.0	3	1.0499279267269932	-6.0315332832516875	230.0	37	1.05	0.95				
	322	2	0.0	0.0	0.0	0.0	3	1.05	-1.437802992606978	230.0	37	1.05	0.95				
	323	2	0.0	0.0	0.0	0.0	3	1.05	-10.838334165112904	230.0	35	1.05	0.95				
	324	1	0.0	0.0	0.0	0.0	3	1.0233736350718972	-15.276829439581581	230.0	36	1.05	0.95				
	325	1	0.0	0.0	0.0	0.0	3	1.0384254907902637	-8.777335685143793	230.0	35	1.05	0.95				
];
