%% MATPOWER Case Format : Version 2
function mpc = RTS_GMLC
mpc.version = '2';

%%-----  Power Flow Data  -----%%
%% system MVA base
mpc.baseMVA = 100.0;
%% bus data
%    bus_i    type    Pd    Qd    Gs    Bs    area    Vm    Va    baseKV    zone    Vmax    Vmin
mpc.bus = [
	101	2	43.94012866105264	8.950766949473685	0.0	0.0	1	1.0127114842465983	-3.808277489431084	138.0	11	1.05	0.95				
	102	2	39.46474518631579	8.137060863157897	0.0	0.0	1	1.0126166422982876	-4.0494741246965456	138.0	12	1.05	0.95				
	103	1	73.23354776842106	15.053562596842108	0.0	0.0	1	1.001727370791338	1.3785423561303989	138.0	11	1.05	0.95				
	104	1	30.107125193684215	6.1027956473684215	0.0	0.0	1	1.0028307142849135	-4.0014737017382	138.0	11	1.05	0.95				
	105	1	28.886566064210527	5.6959426042105274	0.0	0.0	1	1.016871733629368	-5.115930161397464	138.0	11	1.05	0.95				
	106	1	55.3320138694737	11.391885208421055	0.0	-100.0	1	1.0270383720227332	-6.341571937766149	138.0	12	1.05	0.95				
	107	2	50.85663039473685	10.17132607894737	0.0	0.0	1	0.9869749175271425	-11.070367860445309	138.0	12	1.05	0.95				
	108	1	69.57187038000001	14.239856510526316	0.0	0.0	1	0.9877193826770294	-9.439192733643564	138.0	12	1.05	0.95				
	109	1	71.19928255263159	14.646709553684211	0.0	0.0	1	1.0020517272396208	-3.122335303455455	138.0	13	1.05	0.95				
	110	1	79.33634341578949	16.274121726315794	0.0	0.0	1	1.0307578208641932	-5.098841719385457	138.0	13	1.05	0.95				
	111	1	0.0	0.0	0.0	0.0	1	0.9823870188221699	-0.43516608744951696	230.0	13	1.05	0.95				
	112	1	0.0	0.0	0.0	0.0	1	0.9835073157669286	-1.3788472500807247	230.0	13	1.05	0.95				
	113	3	107.81605643684212	21.97006433052632	0.0	0.0	1	0.9649919576003017	-1.4482099993183293e-30	230.0	14	1.05	0.95				
	114	2	78.92949037263158	15.867268683157898	0.0	0.0	1	0.9920396704051939	2.99125031694115	230.0	16	1.05	0.95				
	115	2	128.97241468105264	26.038594762105266	0.0	0.0	1	0.9909429872324774	12.305708207463129	230.0	16	1.05	0.95				
	116	2	40.68530431578948	8.137060863157897	0.0	0.0	1	0.9894797820481545	10.660574251100988	230.0	16	1.05	0.95				
	117	1	0.0	0.0	0.0	0.0	1	0.9920836123636986	16.561697410134705	230.0	17	1.05	0.95				
	118	2	135.48206337157896	27.66600693473685	0.0	0.0	1	1.0009048323368686	17.16327372125705	230.0	17	1.05	0.95				
	119	1	73.64040081157896	15.053562596842108	0.0	0.0	1	0.9893390460813227	6.788495507420795	230.0	15	1.05	0.95				
	120	1	52.07718952421053	10.578179122105265	0.0	0.0	1	0.9945507111140056	3.8020735289143373	230.0	15	1.05	0.95				
	121	2	0.0	0.0	0.0	0.0	1	1.0016472957859002	18.461737042609624	230.0	17	1.05	0.95				
	122	2	0.0	0.0	0.0	0.0	1	1.0072166741958186	35.92280685837305	230.0	17	1.05	0.95				
	123	2	0.0	0.0	0.0	0.0	1	0.998644691240461	2.5032355800906965	230.0	15	1.05	0.95				
	124	1	0.0	0.0	0.0	0.0	1	0.9819714235425525	8.126261168662952	230.0	16	1.05	0.95				
	201	2	45.15158194105263	9.197544469473684	0.0	0.0	2	1.0103463183438761	-13.905366194208199	138.0	21	1.05	0.95				
	202	2	40.55280970631579	8.361404063157895	0.0	0.0	2	1.0093108951539516	-14.107759487975523	138.0	22	1.05	0.95				
	203	1	75.25263656842105	15.468597516842106	0.0	0.0	2	0.99681260079739	-10.399986920202315	138.0	21	1.05	0.95				
	204	1	30.937195033684212	6.2710530473684205	0.0	0.0	2	1.0000839360700022	-13.155851029154196	138.0	21	1.05	0.95				
	205	1	29.682984424210524	5.852982844210527	0.0	0.0	2	1.0164372345524155	-13.58936538509482	138.0	21	1.05	0.95				
	206	1	56.85754762947368	11.705965688421054	0.0	-100.0	2	1.0277816432851623	-13.937045464290296	138.0	22	1.05	0.95				
	207	2	52.258775394736844	10.451755078947368	0.0	0.0	2	0.9712233438709178	-18.973346742670234	138.0	22	1.05	0.95				
	208	1	71.49000474	14.632457110526314	0.0	0.0	2	0.9789765005962728	-17.03022331617839	138.0	22	1.05	0.95				
	209	1	73.16228555263157	15.050527313684208	0.0	0.0	2	1.0052986545812395	-10.587715906465458	138.0	23	1.05	0.95				
	210	1	81.52368961578948	16.72280812631579	0.0	0.0	2	1.0329144502416425	-11.887237135776363	138.0	23	1.05	0.95				
	211	1	0.0	0.0	0.0	0.0	2	0.9873930982705841	-7.997296425406607	230.0	23	1.05	0.95				
	212	1	0.0	0.0	0.0	0.0	2	0.98813334900512	-4.102500392505587	230.0	23	1.05	0.95				
	213	2	110.7886038368421	22.575790970526317	0.0	0.0	2	0.9840419824366325	-5.678610640682249	230.0	24	1.05	0.95				
	214	2	81.10561941263158	16.304737923157894	0.0	0.0	2	0.9852023447729293	-6.652717500140884	230.0	26	1.05	0.95				
	215	2	132.52825440105264	26.756493002105262	0.0	0.0	2	0.9919799661981286	-1.501677164898116	230.0	26	1.05	0.95				
	216	2	41.80702031578947	8.361404063157895	0.0	0.0	2	0.990413419562351	-1.975402609580273	230.0	26	1.05	0.95				
	217	1	0.0	0.0	0.0	0.0	2	1.000664986861186	-0.6724857425266982	230.0	27	1.05	0.95				
	218	2	139.21737765157894	28.42877381473684	0.0	0.0	2	1.00167567958926	-1.2350470146136385	230.0	27	1.05	0.95				
	219	1	75.67070677157895	15.468597516842106	0.0	0.0	2	0.9840924964058197	-1.392537780938271	230.0	25	1.05	0.95				
	220	1	53.512986004210525	10.869825282105264	0.0	0.0	2	0.9818406501255429	0.006738192203464607	230.0	25	1.05	0.95				
	221	2	0.0	0.0	0.0	0.0	2	1.0040841096051207	-0.7149018657685432	230.0	27	1.05	0.95				
	222	2	0.0	0.0	0.0	0.0	2	1.0217227173882115	4.3098101881260265	230.0	27	1.05	0.95				
	223	2	0.0	0.0	0.0	0.0	2	0.9817410939158866	1.1312511860479735	230.0	25	1.05	0.95				
	224	1	0.0	0.0	0.0	0.0	2	0.9831087363033931	-4.886179400663366	230.0	26	1.05	0.95				
	301	2	64.43783613473684	13.126225879298245	0.0	0.0	3	1.003341275701248	25.032183021563537	138.0	31	1.05	0.95				
	302	2	57.87472319508772	11.932932617543859	0.0	0.0	3	1.0037387001508205	24.72223666686388	138.0	32	1.05	0.95				
	303	1	107.39639355789474	22.075925342456138	0.0	0.0	3	1.0157433934406082	38.31532054728801	138.0	31	1.05	0.95				
	304	1	44.151850684912276	8.949699463157893	0.0	0.0	3	0.9941841337660617	26.783010032637144	138.0	31	1.05	0.95				
	305	1	42.361910792280696	8.353052832280703	0.0	0.0	3	1.010594637689146	24.868404767885604	138.0	31	1.05	0.95				
	306	1	81.14394179929825	16.706105664561406	0.0	-100.0	3	1.0214988779199237	24.093468123665474	138.0	32	1.05	0.95				
	307	2	74.58082885964912	14.916165771929823	0.0	0.0	3	0.9662808465520133	20.79636462571958	138.0	32	1.05	0.95				
	308	1	102.02657387999999	20.88263208070175	0.0	0.0	3	0.9774034810206795	23.594210070902893	138.0	32	1.05	0.95				
	309	1	104.41316040350877	21.479278711578946	0.0	0.0	3	1.007764320853738	31.002127955115608	138.0	33	1.05	0.95				
	310	1	116.34609302105261	23.865865235087718	0.0	0.0	3	1.0334431586095822	26.67298893505667	138.0	33	1.05	0.95				
	311	1	0.0	0.0	0.0	0.0	3	0.9943208875154795	31.744232078133667	230.0	33	1.05	0.95				
	312	1	0.0	0.0	0.0	0.0	3	1.0013015085875763	32.21110119190614	230.0	33	1.05	0.95				
	313	2	158.11135718245612	32.21891806736842	0.0	0.0	3	1.004750398450898	35.88481279004959	230.0	34	1.05	0.95				
	314	2	115.74944639017544	23.269218604210526	0.0	0.0	3	0.9869521326212675	31.08428712587	230.0	36	1.05	0.95				
	315	2	189.13698198807018	38.18538437614035	0.0	0.0	3	0.9868645060170605	28.696732048715468	230.0	36	1.05	0.95				
	316	2	59.66466308771929	11.932932617543859	0.0	0.0	3	0.9796586881719502	29.34815577439221	230.0	36	1.05	0.95				
	317	1	0.0	0.0	0.0	0.0	3	0.9918380591259262	30.91043079260875	230.0	37	1.05	0.95				
	318	2	198.68332808210525	40.57197089964912	0.0	0.0	3	0.9852771435782967	27.019154339577845	230.0	37	1.05	0.95				
	319	1	107.99304018877191	22.075925342456138	0.0	0.0	3	0.9891791669210178	29.69035063525023	230.0	35	1.05	0.95				
	320	1	76.3707687522807	15.512812402807016	0.0	0.0	3	0.9992781449886752	29.738754726115392	230.0	35	1.05	0.95				
	321	2	0.0	0.0	0.0	0.0	3	0.9940743165663478	28.05589520398748	230.0	37	1.05	0.95				
	322	2	0.0	0.0	0.0	0.0	3	1.0112582053106014	31.960876541075887	230.0	37	1.05	0.95				
	323	2	0.0	0.0	0.0	0.0	3	1.0047736113757761	29.606818678177483	230.0	35	1.05	0.95				
	324	1	0.0	0.0	0.0	0.0	3	0.9970585879294586	33.926035772010145	230.0	36	1.05	0.95				
