%% MATPOWER Case Format : Version 2
function mpc = RTS_GMLC
mpc.version = '2';

%%-----  Power Flow Data  -----%%
%% system MVA base
mpc.baseMVA = 100.0;
%% bus data
%    bus_i    type    Pd    Qd    Gs    Bs    area    Vm    Va    baseKV    zone    Vmax    Vmin
mpc.bus = [
	101	2	48.32211778105264	9.843394362807018	0.0	0.0	1	1.0308511721972504	0.8162913882119487	138.0	11	1.05	0.95				
	102	2	43.40042059964912	8.948540329824562	0.0	0.0	1	1.0299110792039676	0.5308323353998481	138.0	12	1.05	0.95				
	103	1	80.53686296842105	16.55479961017544	0.0	0.0	1	1.0291815593434428	0.30763014936784555	138.0	11	1.05	0.95				
	104	1	33.10959922035088	6.711405247368421	0.0	0.0	1	1.0197475907473357	-2.329343071854732	138.0	11	1.05	0.95				
	105	1	31.76731817087719	6.263978230877193	0.0	0.0	1	1.034331731134001	-2.2227816118563983	138.0	11	1.05	0.95				
	106	1	60.85007424280702	12.527956461754385	0.0	-100.0	1	1.0442154379610185	-4.416525735172207	138.0	12	1.05	0.95				
	107	2	55.92837706140351	11.185675412280702	0.0	0.0	1	0.9993567513569406	-11.317308952115127	138.0	12	1.05	0.95				
	108	1	76.51001982	15.659945577192982	0.0	0.0	1	1.0022497320699153	-9.328458310526251	138.0	12	1.05	0.95				
	109	1	78.29972788596491	16.10737259368421	0.0	0.0	1	1.0248498749262642	-2.84590996255535	138.0	13	1.05	0.95				
	110	1	87.24826821578947	17.897080659649124	0.0	0.0	1	1.05	-3.883774494314242	138.0	13	1.05	0.95				
	111	1	0.0	0.0	0.0	0.0	1	1.005946260736714	-0.47823495762675283	230.0	13	1.05	0.95				
	112	1	0.0	0.0	0.0	0.0	1	1.0102712701340173	-0.6839703289447511	230.0	13	1.05	0.95				
	113	3	118.56815937017544	24.16105889052632	0.0	0.0	1	0.9998067459586955	-1.5184251481332592e-28	230.0	14	1.05	0.95				
	114	2	86.80084119929823	17.449653643157895	0.0	0.0	1	1.0058443634974312	2.103751775501917	230.0	16	1.05	0.95				
	115	2	141.83436422771928	28.635329055438596	0.0	0.0	1	1.0418497945974774	9.404165666758301	230.0	16	1.05	0.95				
	116	2	44.74270164912281	8.948540329824562	0.0	0.0	1	1.0370249269490803	8.33333495419352	230.0	16	1.05	0.95				
	117	1	0.0	0.0	0.0	0.0	1	1.041567975838531	12.78631826945228	230.0	17	1.05	0.95				
	118	2	148.99319649157897	30.42503712140351	0.0	0.0	1	1.0484905313905772	13.0853016859613	230.0	17	1.05	0.95				
	119	1	80.98428998491228	16.55479961017544	0.0	0.0	1	1.0283674867971202	5.9054334927867105	230.0	15	1.05	0.95				
	120	1	57.27065811087719	11.63310242877193	0.0	0.0	1	1.02508383792992	4.642923213533301	230.0	15	1.05	0.95				
	121	2	0.0	0.0	0.0	0.0	1	1.05	14.42252682275247	230.0	17	1.05	0.95				
	122	2	0.0	0.0	0.0	0.0	1	1.05	28.59474140906223	230.0	17	1.05	0.95				
	123	2	0.0	0.0	0.0	0.0	1	1.023924442473158	4.291117593686238	230.0	15	1.05	0.95				
	124	1	0.0	0.0	0.0	0.0	1	1.0256583113449478	6.006661114222447	230.0	16	1.05	0.95				
	201	2	49.75853926736843	10.135998739649123	0.0	0.0	2	1.0236562748218638	-13.283135094365315	138.0	21	1.05	0.95				
	202	2	44.690539897543864	9.21454430877193	0.0	0.0	2	1.0243470540466364	-13.181368694546565	138.0	22	1.05	0.95				
	203	1	82.93089877894737	17.046906971228072	0.0	0.0	2	1.0158316171953583	-11.39555975923798	138.0	21	1.05	0.95				
	204	1	34.093813942456144	6.910908231578948	0.0	0.0	2	1.0162584792024276	-14.414231830334835	138.0	21	1.05	0.95				
	205	1	32.71163229614035	6.450181016140352	0.0	0.0	2	1.031211509881887	-14.775178282855212	138.0	21	1.05	0.95				
	206	1	62.65890129964913	12.900362032280704	0.0	-100.0	2	1.0432331550245906	-16.045677761396924	138.0	22	1.05	0.95				
	207	2	57.59090192982457	11.518180385964913	0.0	0.0	2	0.9925197711132544	-22.51391554388018	138.0	22	1.05	0.95				
	208	1	78.78435384	16.125452540350878	0.0	0.0	2	0.9971753253652353	-20.399709452285425	138.0	22	1.05	0.95				
	209	1	80.62726270175439	16.586179755789473	0.0	0.0	2	1.022810058493628	-13.52596449321678	138.0	23	1.05	0.95				
	210	1	89.84180701052632	18.42908861754386	0.0	0.0	2	1.05	-14.8077878509087	138.0	23	1.05	0.95				
	211	1	0.0	0.0	0.0	0.0	2	1.0075757278074722	-10.582889505299693	230.0	23	1.05	0.95				
	212	1	0.0	0.0	0.0	0.0	2	1.0091080084411683	-9.663622159702813	230.0	23	1.05	0.95				
	213	2	122.09271209122807	24.879269633684213	0.0	0.0	2	1.0044610600077688	-9.203137530079601	230.0	24	1.05	0.95				
	214	2	89.38107979508773	17.968361402105266	0.0	0.0	2	1.0095657931192707	-8.114624217993411	230.0	26	1.05	0.95				
	215	2	146.0505272940351	29.486541788070177	0.0	0.0	2	1.0243099735908807	-1.6066122026589913	230.0	26	1.05	0.95				
	216	2	46.07272154385965	9.21454430877193	0.0	0.0	2	1.0259657768358008	-1.8042252798170748	230.0	26	1.05	0.95				
	217	1	0.0	0.0	0.0	0.0	2	1.0298411911463459	0.04257152276555279	230.0	27	1.05	0.95				
	218	2	153.42216274105266	31.329450649824565	0.0	0.0	2	1.0290257307813233	-0.6080573682218556	230.0	27	1.05	0.95				
	219	1	83.39162599438598	17.046906971228072	0.0	0.0	2	1.0264194615254054	-1.8413414582210514	230.0	25	1.05	0.95				
	220	1	58.973083576140354	11.97890760140351	0.0	0.0	2	1.03008006365336	-0.9772518810524321	230.0	25	1.05	0.95				
	221	2	0.0	0.0	0.0	0.0	2	1.03072031531733	-0.1318387240821405	230.0	27	1.05	0.95				
	222	2	0.0	0.0	0.0	0.0	2	1.05	6.429540582999635	230.0	27	1.05	0.95				
	223	2	0.0	0.0	0.0	0.0	2	1.033038412611625	-0.1549996199510057	230.0	25	1.05	0.95				
	224	1	0.0	0.0	0.0	0.0	2	1.0090877409811092	-5.279266469863615	230.0	26	1.05	0.95				
	301	2	40.86301805052632	8.32394812140351	0.0	0.0	3	1.0120666683368562	-3.4117597105907493	138.0	31	1.05	0.95				
	302	2	36.70104398982456	7.567225564912282	0.0	0.0	3	1.0119140692640494	-3.7005883074556856	138.0	32	1.05	0.95				
	303	1	68.10503008421053	13.999367295087719	0.0	0.0	3	1.0446622423350032	7.204816300026369	138.0	31	1.05	0.95				
	304	1	27.998734590175438	5.675419173684211	0.0	0.0	3	1.0124655675979186	-2.935124875752119	138.0	31	1.05	0.95				
	305	1	26.863650755438595	5.297057895438597	0.0	0.0	3	1.0265074512474373	-4.209194762665903	138.0	31	1.05	0.95				
	306	1	51.45713384140351	10.594115790877193	0.0	-100.0	3	1.0427882084762878	-5.133913221735642	138.0	32	1.05	0.95				
	307	2	47.29515978070176	9.45903195614035	0.0	0.0	3	0.9866516008355419	-8.909762181734118	138.0	32	1.05	0.95				
	308	1	64.69977858	13.242644738596491	0.0	0.0	3	0.9972638144419126	-7.267764639162585	138.0	32	1.05	0.95				
	309	1	66.21322369298245	13.621006016842104	0.0	0.0	3	1.0237702894636658	-0.7427596463307575	138.0	33	1.05	0.95				
	310	1	73.78044925789474	15.134451129824564	0.0	0.0	3	1.05	-3.7851901650428466	138.0	33	1.05	0.95				
	311	1	0.0	0.0	0.0	0.0	3	1.0059751656642926	-0.07060016409245132	230.0	33	1.05	0.95				
	312	1	0.0	0.0	0.0	0.0	3	1.011575463335331	0.7337491273229568	230.0	33	1.05	0.95				
	313	2	100.26573873508772	20.43150902526316	0.0	0.0	3	1.0087507327514498	2.951980557733671	230.0	34	1.05	0.95				
	314	2	73.40208797964912	14.756089851578949	0.0	0.0	3	0.9977013748757416	-0.41143125835398486	230.0	36	1.05	0.95				
	315	2	119.94052520385965	24.2151218077193	0.0	0.0	3	1.0307522602473331	1.6614643498891362	230.0	36	1.05	0.95				
	316	2	37.8361278245614	7.567225564912282	0.0	0.0	3	1.023898481771892	1.3695134670368336	230.0	36	1.05	0.95				
	317	1	0.0	0.0	0.0	0.0	3	1.0343304735992462	3.358401028421462	230.0	37	1.05	0.95				
	318	2	125.99430565578949	25.728566920701756	0.0	0.0	3	1.0333237931475348	2.403845664795199	230.0	37	1.05	0.95				
	319	1	68.48339136245615	13.999367295087719	0.0	0.0	3	1.0184781488478718	1.605587982983312	230.0	35	1.05	0.95				
	320	1	48.4302436154386	9.837393234385965	0.0	0.0	3	1.0161389532850909	2.5652635885139223	230.0	35	1.05	0.95				
	321	2	0.0	0.0	0.0	0.0	3	1.0344786586592598	2.7195560700267496	230.0	37	1.05	0.95				
	322	2	0.0	0.0	0.0	0.0	3	1.047871712618641	7.294144541974983	230.0	37	1.05	0.95				
	323	2	0.0	0.0	0.0	0.0	3	1.0154786383213559	3.394858619086116	230.0	35	1.05	0.95				
	324	1	0.0	0.0	0.0	0.0	3	1.0334341322894955	3.7827000052074498	230.0	36	1.05	0.95				
	325	1	0.0	0.0	0.0	0.0	3	1.0158333825992982	4.35297719077712	230.0	35	1.05	0.95				
];
