%% MATPOWER Case Format : Version 2
function mpc = RTS_GMLC
mpc.version = '2';

%%-----  Power Flow Data  -----%%
%% system MVA base
mpc.baseMVA = 100.0;
%% bus data
%    bus_i    type    Pd    Qd    Gs    Bs    area    Vm    Va    baseKV    zone    Vmax    Vmin
mpc.bus = [
	101	2	35.29638792757895	7.190004948210527	0.0	0.0	1	1.0027519693959743	-2.613508538304086	138.0	11	1.05	0.95				
	102	2	31.70138545347368	6.536368134736842	0.0	0.0	1	1.0021826807766003	-2.8199292030361645	138.0	12	1.05	0.95				
	103	1	58.82731321263158	12.092281049263157	0.0	0.0	1	1.0272347920851015	2.4258001447554665	138.0	11	1.05	0.95				
	104	1	24.184562098526314	4.902276101052632	0.0	0.0	1	1.0112154056755427	-2.8661223611174638	138.0	11	1.05	0.95				
	105	1	23.204106878315788	4.57545769431579	0.0	0.0	1	1.0224192395688512	-3.770935229122095	138.0	11	1.05	0.95				
	106	1	44.44730331621053	9.15091538863158	0.0	-100.0	1	1.0417581109102922	-4.827383532617765	138.0	12	1.05	0.95				
	107	2	40.85230084210526	8.170460168421052	0.0	0.0	1	0.9992550801722437	-11.156005484092965	138.0	12	1.05	0.95				
	108	1	55.88594755199999	11.438644235789472	0.0	0.0	1	1.005504603643717	-8.669815415034615	138.0	12	1.05	0.95				
	109	1	57.19322117894736	11.765462642526314	0.0	0.0	1	1.0246071593147528	-2.044079570255964	138.0	13	1.05	0.95				
	110	1	63.72958931368421	13.072736269473683	0.0	0.0	1	1.05	-3.8547894253120845	138.0	13	1.05	0.95				
	111	1	0.0	0.0	0.0	0.0	1	1.0067487067407555	0.5525756157299172	230.0	13	1.05	0.95				
	112	1	0.0	0.0	0.0	0.0	1	1.0109086128078186	-0.7985931893050716	230.0	13	1.05	0.95				
	113	3	86.60687778526315	17.648193963789474	0.0	0.0	1	0.9991210914271706	5.135053872138267e-29	230.0	14	1.05	0.95				
	114	2	63.40277090694736	12.74591786273684	0.0	0.0	1	1.0120734292358382	4.627356148853219	230.0	16	1.05	0.95				
	115	2	103.60143493557894	20.916378031157894	0.0	0.0	1	1.0414450969225508	14.089327306083277	230.0	16	1.05	0.95				
	116	2	32.681840673684206	6.536368134736842	0.0	0.0	1	1.034853463311994	12.24480450728333	230.0	16	1.05	0.95				
	117	1	0.0	0.0	0.0	0.0	1	1.0391289150249698	18.241246895146638	230.0	17	1.05	0.95				
	118	2	108.83052944336842	22.223651658105265	0.0	0.0	1	1.05	18.89134709281097	230.0	17	1.05	0.95				
	119	1	59.15413161936842	12.092281049263157	0.0	0.0	1	1.0257773213257717	7.7801233069412525	230.0	15	1.05	0.95				
	120	1	41.83275606231579	8.497278575157894	0.0	0.0	1	1.0240983680568523	4.368013938335097	230.0	15	1.05	0.95				
	121	2	0.0	0.0	0.0	0.0	1	1.05	20.18889721527966	230.0	17	1.05	0.95				
	122	2	0.0	0.0	0.0	0.0	1	1.05	37.65507288997473	230.0	17	1.05	0.95				
	123	2	0.0	0.0	0.0	0.0	1	1.024284008838257	2.7423028174749007	230.0	15	1.05	0.95				
	124	1	0.0	0.0	0.0	0.0	1	1.0215250841204582	9.734207130491729	230.0	16	1.05	0.95				
	201	2	40.20462773052632	8.189831574736841	0.0	0.0	2	1.0129109498126938	-19.10854811480956	138.0	21	1.05	0.95				
	202	2	36.10971194315789	7.445301431578947	0.0	0.0	2	1.0119636760583721	-19.427625944928376	138.0	22	1.05	0.95				
	203	1	67.00771288421052	13.773807648421052	0.0	0.0	2	1.0154287021524209	-14.107048248016026	138.0	21	1.05	0.95				
	204	1	27.547615296842103	5.58397607368421	0.0	0.0	2	1.011750033187866	-19.239567174586018	138.0	21	1.05	0.95				
	205	1	26.43082008210526	5.211711002105264	0.0	0.0	2	1.0270275930183947	-19.761998727208876	138.0	21	1.05	0.95				
	206	1	50.62804973473685	10.423422004210527	0.0	-100.0	2	1.0430031295170425	-20.613077058636385	138.0	22	1.05	0.95				
	207	2	46.53313394736841	9.306626789473684	0.0	0.0	2	0.9945324198544346	-24.977498176344273	138.0	22	1.05	0.95				
	208	1	63.657327239999994	13.029277505263156	0.0	0.0	2	1.001744818700106	-23.334541048791113	138.0	22	1.05	0.95				
	209	1	65.14638752631579	13.401542576842104	0.0	0.0	2	1.0218605553235662	-17.5351643026999	138.0	23	1.05	0.95				
	210	1	72.59168895789473	14.890602863157895	0.0	0.0	2	1.05	-19.214510758229345	138.0	23	1.05	0.95				
	211	1	0.0	0.0	0.0	0.0	2	1.005271666230441	-14.960706517915996	230.0	23	1.05	0.95				
	212	1	0.0	0.0	0.0	0.0	2	1.0079911864755886	-14.80225311144349	230.0	23	1.05	0.95				
	213	2	98.65024396842104	20.10231386526316	0.0	0.0	2	0.9987563346386663	-14.244716529778575	230.0	24	1.05	0.95				
	214	2	72.21942388631578	14.518337791578947	0.0	0.0	2	1.0080864650540928	-12.063167624741586	230.0	26	1.05	0.95				
	215	2	118.00802769052629	23.82496458105263	0.0	0.0	2	1.025564859176174	-4.3609097228478495	230.0	26	1.05	0.95				
	216	2	37.22650715789474	7.445301431578947	0.0	0.0	2	1.0260292214592317	-5.731455186951589	230.0	26	1.05	0.95				
	217	1	0.0	0.0	0.0	0.0	2	1.030111544084111	-2.948115703559969	230.0	27	1.05	0.95				
	218	2	123.96426883578945	25.314024867368424	0.0	0.0	2	1.0304189372715944	-3.3835718549248286	230.0	27	1.05	0.95				
	219	1	67.37997795578947	13.773807648421052	0.0	0.0	2	1.0248397469717558	-7.108464919204541	230.0	25	1.05	0.95				
	220	1	47.64992916210526	9.678891861052632	0.0	0.0	2	1.0263403445523953	-7.574102816449059	230.0	25	1.05	0.95				
	221	2	0.0	0.0	0.0	0.0	2	1.031881065094459	-2.9111317138151214	230.0	27	1.05	0.95				
	222	2	0.0	0.0	0.0	0.0	2	1.0499999974720375	3.5680441188826317	230.0	27	1.05	0.95				
	223	2	0.0	0.0	0.0	0.0	2	1.0274117529748437	-7.542456007948742	230.0	25	1.05	0.95				
	224	1	0.0	0.0	0.0	0.0	2	1.009757639993642	-8.01128457077489	230.0	26	1.05	0.95				
	301	2	47.86713064421053	9.750711797894738	0.0	0.0	3	1.0080601572785992	5.09253279809988	138.0	31	1.05	0.95				
	302	2	42.991774745263164	8.86428345263158	0.0	0.0	3	1.0077918887721766	4.8257600857496366	138.0	32	1.05	0.95				
	303	1	79.77855107368421	16.39892438736842	0.0	0.0	3	1.0465402670560016	15.604902667310524	138.0	31	1.05	0.95				
	304	1	32.79784877473684	6.648212589473684	0.0	0.0	3	1.010734094481181	6.064077414754889	138.0	31	1.05	0.95				
	305	1	31.46820625684211	6.204998416842106	0.0	0.0	3	1.0235357957802866	4.502727188764008	138.0	31	1.05	0.95				
	306	1	60.277127477894744	12.409996833684213	0.0	-100.0	3	1.0399527364263037	3.6443956736585914	138.0	32	1.05	0.95				
	307	2	55.40177157894737	11.080354315789474	0.0	0.0	3	0.979231232726395	-0.008314866208866055	138.0	32	1.05	0.95				
	308	1	75.78962352	15.512496042105264	0.0	0.0	3	0.992827238347658	1.923483350782148	138.0	32	1.05	0.95				
	309	1	77.56248021052632	15.955710214736843	0.0	0.0	3	1.0269256902026125	8.891289796782775	138.0	33	1.05	0.95				
	310	1	86.4267636631579	17.72856690526316	0.0	0.0	3	1.05	5.3445235942149445	138.0	33	1.05	0.95				
	311	1	0.0	0.0	0.0	0.0	3	1.0098250409937461	9.119187694476338	230.0	33	1.05	0.95				
	312	1	0.0	0.0	0.0	0.0	3	1.015314321660184	9.862812614135155	230.0	33	1.05	0.95				
	313	2	117.45175574736841	23.933565322105267	0.0	0.0	3	1.0112646523966777	11.32233094687869	230.0	34	1.05	0.95				
	314	2	85.98354949052633	17.28535273263158	0.0	0.0	3	1.0040581760434089	9.293368124699153	230.0	36	1.05	0.95				
	315	2	140.49889272421052	28.365707048421058	0.0	0.0	3	1.0383109470908003	9.560432408963722	230.0	36	1.05	0.95				
	316	2	44.3214172631579	8.86428345263158	0.0	0.0	3	1.030970943964988	9.739167744246645	230.0	36	1.05	0.95				
	317	1	0.0	0.0	0.0	0.0	3	1.0467367970801404	11.16448686513402	230.0	37	1.05	0.95				
	318	2	147.5903194863158	30.138563738947372	0.0	0.0	3	1.0471953767177982	8.787894522382247	230.0	37	1.05	0.95				
	319	1	80.2217652463158	16.39892438736842	0.0	0.0	3	1.0258601738039534	10.628789101781125	230.0	35	1.05	0.95				
	320	1	56.731414096842116	11.523568488421054	0.0	0.0	3	1.022754565811123	11.48741543701327	230.0	35	1.05	0.95				
	321	2	0.0	0.0	0.0	0.0	3	1.0449527160526042	9.663889813376734	230.0	37	1.05	0.95				
	322	2	0.0	0.0	0.0	0.0	3	1.05	14.588204855092448	230.0	37	1.05	0.95				
	323	2	0.0	0.0	0.0	0.0	3	1.0212028111403983	12.033499243471802	230.0	35	1.05	0.95				
	324	1	0.0	0.0	0.0	0.0	3	1.0402303671433468	12.791489316861862	230.0	36	1.05	0.95				
	325	1	0.0	0.0	0.0	0.0	3	1.02224713385208	12.743153871857047	230.0	35	1.05	0.95				
];
