%% MATPOWER Case Format : Version 2
function mpc = RTS_GMLC
mpc.version = '2';

%%-----  Power Flow Data  -----%%
%% system MVA base
mpc.baseMVA = 100.0;
%% bus data
%    bus_i    type    Pd    Qd    Gs    Bs    area    Vm    Va    baseKV    zone    Vmax    Vmin
mpc.bus = [
	101	2	35.67046016842106	7.266204849122808	0.0	0.0	1	1.0062497404911022	-1.1988513303214796	138.0	11	1.05	0.95				
	102	2	32.03735774385965	6.605640771929826	0.0	0.0	1	1.0047204513456294	-1.6741915169436685	138.0	12	1.05	0.95				
	103	1	59.45076694736843	12.220435428070175	0.0	0.0	1	1.0272450280174379	2.4768150350253015	138.0	11	1.05	0.95				
	104	1	24.44087085614035	4.954230578947368	0.0	0.0	1	1.010895058765283	-2.5106222660471884	138.0	11	1.05	0.95				
	105	1	23.450024740350877	4.623948540350878	0.0	0.0	1	1.0240491450009268	-2.813469890292046	138.0	11	1.05	0.95				
	106	1	44.91835724912281	9.247897080701756	0.0	-100.0	1	1.0421695678691159	-4.179463211922237	138.0	12	1.05	0.95				
	107	2	41.285254824561406	8.257050964912281	0.0	0.0	1	0.982226681105929	-10.133565666815528	138.0	12	1.05	0.95				
	108	1	56.4782286	11.559871350877193	0.0	0.0	1	0.9958911380200046	-7.927213644033195	138.0	12	1.05	0.95				
	109	1	57.79935675438597	11.890153389473685	0.0	0.0	1	1.0244852356041851	-1.802657096163194	138.0	13	1.05	0.95				
	110	1	64.40499752631578	13.211281543859652	0.0	0.0	1	1.05	-3.3455119507845503	138.0	13	1.05	0.95				
	111	1	0.0	0.0	0.0	0.0	1	1.012176049804012	0.7025225405077322	230.0	13	1.05	0.95				
	112	1	0.0	0.0	0.0	0.0	1	1.010274740150401	-0.6267473078358398	230.0	13	1.05	0.95				
	113	3	87.52474022807017	17.83523008421053	0.0	0.0	1	0.9882989392202491	-3.1314519638355728e-28	230.0	14	1.05	0.95				
	114	2	64.0747154877193	12.880999505263159	0.0	0.0	1	1.036322864747553	4.555445508340546	230.0	16	1.05	0.95				
	115	2	104.69940623508774	21.13805047017544	0.0	0.0	1	1.0422313943380517	13.980483405367378	230.0	16	1.05	0.95				
	116	2	33.028203859649125	6.605640771929826	0.0	0.0	1	1.04101978627273	12.083076582082574	230.0	16	1.05	0.95				
	117	1	0.0	0.0	0.0	0.0	1	1.0407361480339647	18.13251866385686	230.0	17	1.05	0.95				
	118	2	109.98391885263159	22.459178624561407	0.0	0.0	1	1.0499387195417083	18.75612288606501	230.0	17	1.05	0.95				
	119	1	59.781048985964915	12.220435428070175	0.0	0.0	1	1.0365207355998354	7.580518920033591	230.0	15	1.05	0.95				
	120	1	42.27610094035088	8.587333003508773	0.0	0.0	1	1.0390591724929843	4.297673080168527	230.0	15	1.05	0.95				
	121	2	0.0	0.0	0.0	0.0	1	1.0433795916964415	20.19827349700359	230.0	17	1.05	0.95				
	122	2	0.0	0.0	0.0	0.0	1	1.05	38.158485345697784	230.0	17	1.05	0.95				
	123	2	0.0	0.0	0.0	0.0	1	1.0414547078445364	2.747973478374173	230.0	15	1.05	0.95				
	124	1	0.0	0.0	0.0	0.0	1	1.0222217048717386	9.688417694401902	230.0	16	1.05	0.95				
	201	2	36.97465764126316	7.531874704701753	0.0	0.0	2	1.0138014233955344	-17.07384359251656	138.0	21	1.05	0.95				
	202	2	33.208720288912275	6.84715882245614	0.0	0.0	2	1.0129707081476926	-17.37683444491375	138.0	22	1.05	0.95				
	203	1	61.624429402105264	12.667243821543858	0.0	0.0	2	1.01159415896396	-12.693693358172588	138.0	21	1.05	0.95				
	204	1	25.334487643087716	5.135369116842105	0.0	0.0	2	1.0123440479443657	-17.26373412611141	138.0	21	1.05	0.95				
	205	1	24.307413819719294	4.793011175719298	0.0	0.0	2	1.0279029329081708	-17.71708213792502	138.0	21	1.05	0.95				
	206	1	46.56067999270175	9.586022351438595	0.0	-100.0	2	1.0440979083541742	-18.536214329953243	138.0	22	1.05	0.95				
	207	2	42.794742640350876	8.558948528070175	0.0	0.0	2	0.9968090116339005	-22.537097601066908	138.0	22	1.05	0.95				
	208	1	58.543207931999994	11.982527939298244	0.0	0.0	2	1.0040318675542241	-21.042654643112026	138.0	22	1.05	0.95				
	209	1	59.91263969649122	12.32488588042105	0.0	0.0	2	1.0209617739438508	-15.740387756123424	138.0	23	1.05	0.95				
	210	1	66.75979851894735	13.69431764491228	0.0	0.0	2	1.05	-17.255012336119226	138.0	23	1.05	0.95				
	211	1	0.0	0.0	0.0	0.0	2	1.0037348818349003	-13.356454837304108	230.0	23	1.05	0.95				
	212	1	0.0	0.0	0.0	0.0	2	1.0054540938127523	-13.18363932438482	230.0	23	1.05	0.95				
	213	2	90.72485439754385	18.48732882063158	0.0	0.0	2	0.9951054732838205	-12.669245608477667	230.0	24	1.05	0.95				
	214	2	66.41744057782455	13.351959703789474	0.0	0.0	2	1.0063249007546438	-10.696429624030934	230.0	26	1.05	0.95				
	215	2	108.52746733592981	21.910908231859647	0.0	0.0	2	1.0224745228167667	-3.7357193241828703	230.0	26	1.05	0.95				
	216	2	34.2357941122807	6.84715882245614	0.0	0.0	2	1.024037855420723	-4.8808917074494165	230.0	26	1.05	0.95				
	217	1	0.0	0.0	0.0	0.0	2	1.0319183436248167	-2.2416779308861257	230.0	27	1.05	0.95				
	218	2	114.00519439389474	23.280339996350875	0.0	0.0	2	1.0312992008857615	-2.6428114715043005	230.0	27	1.05	0.95				
	219	1	61.96678734322807	12.667243821543858	0.0	0.0	2	1.0206662658322927	-6.067897301943252	230.0	25	1.05	0.95				
	220	1	43.821816463719294	8.901306469192981	0.0	0.0	2	1.0198512642157145	-6.424194957441879	230.0	25	1.05	0.95				
	221	2	0.0	0.0	0.0	0.0	2	1.031434467224358	-2.2089674295596122	230.0	27	1.05	0.95				
	222	2	0.0	0.0	0.0	0.0	2	1.05	4.2723522576999295	230.0	27	1.05	0.95				
	223	2	0.0	0.0	0.0	0.0	2	1.0195324768817182	-6.351017655099738	230.0	25	1.05	0.95				
	224	1	0.0	0.0	0.0	0.0	2	1.0073197373900349	-7.086671846076866	230.0	26	1.05	0.95				
	301	2	40.88010122526317	8.327428027368422	0.0	0.0	3	1.0117447141446168	3.581458589986596	138.0	31	1.05	0.95				
	302	2	36.71638721157895	7.5703891157894745	0.0	0.0	3	1.0115717544224023	3.2357918419480143	138.0	32	1.05	0.95				
	303	1	68.13350204210526	14.005219864210527	0.0	0.0	3	1.05	16.58438309915772	138.0	31	1.05	0.95				
	304	1	28.010439728421055	5.677791836842106	0.0	0.0	3	1.0119401491479774	4.093700973697182	138.0	31	1.05	0.95				
	305	1	26.874881361052633	5.299272381052632	0.0	0.0	3	1.0262584267056287	2.171433674191925	138.0	31	1.05	0.95				
	306	1	51.47864598736843	10.598544762105265	0.0	-100.0	3	1.0425416971497603	0.9068781101810184	138.0	32	1.05	0.95				
	307	2	47.31493197368422	9.462986394736843	0.0	0.0	3	0.9888941156583654	-2.519436945412854	138.0	32	1.05	0.95				
	308	1	64.72682694000001	13.24818095263158	0.0	0.0	3	0.998249472036092	-0.8633399241320305	138.0	32	1.05	0.95				
	309	1	66.2409047631579	13.626700408421053	0.0	0.0	3	1.0231810603707576	6.363414527526716	138.0	33	1.05	0.95				
	310	1	73.81129387894737	15.140778231578949	0.0	0.0	3	1.05	1.9850655458125108	138.0	33	1.05	0.95				
	311	1	0.0	0.0	0.0	0.0	3	1.0084184598411374	5.226481488874108	230.0	33	1.05	0.95				
	312	1	0.0	0.0	0.0	0.0	3	1.0122187526089568	5.717150298483223	230.0	33	1.05	0.95				
	313	2	100.30765578421052	20.440050612631584	0.0	0.0	3	1.0059324900841364	6.00241046185802	230.0	34	1.05	0.95				
	314	2	73.4327744231579	14.762258775789475	0.0	0.0	3	1.0040447770240004	5.708576671790786	230.0	36	1.05	0.95				
	315	2	119.99066748526317	24.225245170526318	0.0	0.0	3	1.0419777809444035	8.953838387618783	230.0	36	1.05	0.95				
	316	2	37.85194557894737	7.5703891157894745	0.0	0.0	3	1.0355569695507136	8.587841989265861	230.0	36	1.05	0.95				
	317	1	0.0	0.0	0.0	0.0	3	1.0484802904720758	11.57450233653825	230.0	37	1.05	0.95				
	318	2	126.04697877789475	25.739322993684215	0.0	0.0	3	1.0462874226262724	9.163625482426834	230.0	37	1.05	0.95				
	319	1	68.51202149789475	14.005219864210527	0.0	0.0	3	1.0258831720038253	8.114424202768191	230.0	35	1.05	0.95				
	320	1	48.450490341052635	9.841505850526316	0.0	0.0	3	1.0197583836585646	8.440929257444461	230.0	35	1.05	0.95				
	321	2	0.0	0.0	0.0	0.0	3	1.0456273337561361	9.718309692784699	230.0	37	1.05	0.95				
	322	2	0.0	0.0	0.0	0.0	3	1.05	14.786220766801087	230.0	37	1.05	0.95				
	323	2	0.0	0.0	0.0	0.0	3	1.01679325070562	8.921949188791864	230.0	35	1.05	0.95				
	324	1	0.0	0.0	0.0	0.0	3	1.0423499246408652	11.874868495369673	230.0	36	1.05	0.95				
	325	1	0.0	0.0	0.0	0.0	3	1.0163929572583585	9.889911861424851	230.0	35	1.05	0.95				
];
