%% MATPOWER Case Format : Version 2
function mpc = RTS_GMLC
mpc.version = '2';

%%-----  Power Flow Data  -----%%
%% system MVA base
mpc.baseMVA = 100.0;
%% bus data
%    bus_i    type    Pd    Qd    Gs    Bs    area    Vm    Va    baseKV    zone    Vmax    Vmin
mpc.bus = [
	101	2	35.44334488042106	7.219940623789474	0.0	0.0	1	0.9902058857078595	-5.1178885049448315	138.0	11	1.05	0.95				
	102	2	31.833374568526317	6.5635823852631585	0.0	0.0	1	0.9900695018072215	-5.294058075475798	138.0	12	1.05	0.95				
	103	1	59.07224146736843	12.142627412736843	0.0	0.0	1	1.022298331287225	1.5179151431647901	138.0	11	1.05	0.95				
	104	1	24.285254825473686	4.922686788947368	0.0	0.0	1	1.0042403965269329	-4.622369482407942	138.0	11	1.05	0.95				
	105	1	23.30071746768421	4.594507669684211	0.0	0.0	1	1.016013989096888	-5.420518629821998	138.0	11	1.05	0.95				
	106	1	44.63236021978948	9.189015339368423	0.0	-100.0	1	1.0389330654065054	-6.019386338735531	138.0	12	1.05	0.95				
	107	2	41.02238990789474	8.204477981578947	0.0	0.0	1	0.9835109528810361	-10.800618605618459	138.0	12	1.05	0.95				
	108	1	56.118629393999996	11.486269174210525	0.0	0.0	1	0.996998475735576	-8.779777221060904	138.0	12	1.05	0.95				
	109	1	57.43134587105263	11.814448293473683	0.0	0.0	1	1.0248575030253495	-2.7115060569356904	138.0	13	1.05	0.95				
	110	1	63.99492825631579	13.127164770526317	0.0	0.0	1	1.05	-4.645156871403617	138.0	13	1.05	0.95				
	111	1	0.0	0.0	0.0	0.0	1	1.0168813069013451	0.3517801919704465	230.0	13	1.05	0.95				
	112	1	0.0	0.0	0.0	0.0	1	1.0120169935014502	-1.0502124497222491	230.0	13	1.05	0.95				
	113	3	86.96746660473684	17.72167244021053	0.0	0.0	1	0.9909674198318047	-2.7519890191552632e-30	230.0	14	1.05	0.95				
	114	2	63.66674913705263	12.798985651263159	0.0	0.0	1	1.049999972921856	4.572240270301946	230.0	16	1.05	0.95				
	115	2	104.03278080642104	21.003463632842106	0.0	0.0	1	1.0421452475165238	14.750492560603538	230.0	16	1.05	0.95				
	116	2	32.81791192631579	6.5635823852631585	0.0	0.0	1	1.043375893998197	12.718484011438063	230.0	16	1.05	0.95				
	117	1	0.0	0.0	0.0	0.0	1	1.0411063808358991	19.097718036491283	230.0	17	1.05	0.95				
	118	2	109.28364671463157	22.31618010989474	0.0	0.0	1	1.05	19.869998410501612	230.0	17	1.05	0.95				
	119	1	59.40042058663158	12.142627412736843	0.0	0.0	1	1.041245623698127	8.043107934061497	230.0	15	1.05	0.95				
	120	1	42.00692726568421	8.532657100842107	0.0	0.0	1	1.0461947977534531	4.618351312402324	230.0	15	1.05	0.95				
	121	2	0.0	0.0	0.0	0.0	1	1.04315454343445	21.44487805665448	230.0	17	1.05	0.95				
	122	2	0.0	0.0	0.0	0.0	1	1.05	39.40698355426219	230.0	17	1.05	0.95				
	123	2	0.0	0.0	0.0	0.0	1	1.05	2.9918166685463903	230.0	15	1.05	0.95				
	124	1	0.0	0.0	0.0	0.0	1	1.0179553293560322	9.833112094400889	230.0	16	1.05	0.95				
	201	2	42.21060915789474	8.59845742105263	0.0	0.0	2	1.0205573169417415	-17.58113275875194	138.0	21	1.05	0.95				
	202	2	37.91138044736842	7.8167794736842104	0.0	0.0	2	1.019633905402488	-17.87936845331289	138.0	22	1.05	0.95				
	203	1	70.35101526315789	14.461042026315788	0.0	0.0	2	1.0124419541230039	-12.910479298035389	138.0	21	1.05	0.95				
	204	1	28.922084052631575	5.862584605263158	0.0	0.0	2	1.0142849006427426	-17.498625017405214	138.0	21	1.05	0.95				
	205	1	27.749567131578946	5.471745631578948	0.0	0.0	2	1.0306693327427414	-17.992131169198352	138.0	21	1.05	0.95				
	206	1	53.15410042105263	10.943491263157895	0.0	-100.0	2	1.0443869774939423	-18.722942051364694	138.0	22	1.05	0.95				
	207	2	48.85487171052632	9.770974342105262	0.0	0.0	2	1.0018746334080701	-23.404281928508947	138.0	22	1.05	0.95				
	208	1	66.83346449999999	13.679364078947367	0.0	0.0	2	1.005046584237589	-21.631827744638798	138.0	22	1.05	0.95				
	209	1	68.39682039473684	14.070203052631577	0.0	0.0	2	1.0209450357881442	-15.5626087847911	138.0	23	1.05	0.95				
	210	1	76.21359986842104	15.633558947368421	0.0	0.0	2	1.049999998716775	-17.15065588841682	138.0	23	1.05	0.95				
	211	1	0.0	0.0	0.0	0.0	2	1.0060592720745425	-12.738820197413323	230.0	23	1.05	0.95				
	212	1	0.0	0.0	0.0	0.0	2	0.999881679634674	-12.071650422913084	230.0	23	1.05	0.95				
	213	2	103.57232802631577	21.10530457894737	0.0	0.0	2	0.9946971543197919	-11.467031841276622	230.0	24	1.05	0.95				
	214	2	75.82276089473685	15.24271997368421	0.0	0.0	2	1.0148420642091618	-10.139649214866012	230.0	26	1.05	0.95				
	215	2	123.89595465789473	25.01369431578947	0.0	0.0	2	1.0247677686668637	-3.235124321755601	230.0	26	1.05	0.95				
	216	2	39.08389736842105	7.8167794736842104	0.0	0.0	2	1.024432719718828	-4.011559919390925	230.0	26	1.05	0.95				
	217	1	0.0	0.0	0.0	0.0	2	1.03445926401095	-1.6798756635901906	230.0	27	1.05	0.95				
	218	2	130.1493782368421	26.577050210526316	0.0	0.0	2	1.0339072872438855	-2.1850972046106754	230.0	27	1.05	0.95				
	219	1	70.7418542368421	14.461042026315788	0.0	0.0	2	1.0133112148294479	-4.218311583799602	230.0	25	1.05	0.95				
	220	1	50.02738863157894	10.161813315789473	0.0	0.0	2	1.0061469533849845	-3.613868487178371	230.0	25	1.05	0.95				
	221	2	0.0	0.0	0.0	0.0	2	1.0336820815562733	-1.7342574355233347	230.0	27	1.05	0.95				
	222	2	0.0	0.0	0.0	0.0	2	1.05	4.783747618597698	230.0	27	1.05	0.95				
	223	2	0.0	0.0	0.0	0.0	2	1.0027923130837506	-2.9599921801372178	230.0	25	1.05	0.95				
	224	1	0.0	0.0	0.0	0.0	2	1.0082328579405149	-6.85067233062715	230.0	26	1.05	0.95				
	301	2	39.76969312421053	8.101233784561403	0.0	0.0	3	1.0062677282624206	17.35230087488434	138.0	31	1.05	0.95				
	302	2	35.71907623192982	7.364757985964912	0.0	0.0	3	1.0061378138352997	16.979942933185374	138.0	32	1.05	0.95				
	303	1	66.2828218736842	13.624802274035087	0.0	0.0	3	1.05	31.332637594963952	138.0	31	1.05	0.95				
	304	1	27.249604548070174	5.523568489473683	0.0	0.0	3	1.0067878331106517	17.84637727595881	138.0	31	1.05	0.95				
	305	1	26.144890850175432	5.1553305901754385	0.0	0.0	3	1.02090145237787	15.637629849848551	138.0	31	1.05	0.95				
	306	1	50.0803543045614	10.310661180350877	0.0	-100.0	3	1.0372878035064583	14.209689163690179	138.0	32	1.05	0.95				
	307	2	46.029737412280696	9.20594748245614	0.0	0.0	3	0.95	11.338331232209075	138.0	32	1.05	0.95				
	308	1	62.96868078	12.888326475438594	0.0	0.0	3	0.9737815890294272	12.83527597241148	138.0	32	1.05	0.95				
	309	1	64.44163237719297	13.25656437473684	0.0	0.0	3	1.0179642801955209	20.09656086505417	138.0	33	1.05	0.95				
	310	1	71.80639036315789	14.729515971929825	0.0	0.0	3	1.0447177596023205	15.127470253565612	138.0	33	1.05	0.95				
	311	1	0.0	0.0	0.0	0.0	3	1.0088369509169461	18.282230344107024	230.0	33	1.05	0.95				
	312	1	0.0	0.0	0.0	0.0	3	1.0132452242864414	18.168123512752636	230.0	33	1.05	0.95				
	313	2	97.58304331403508	19.884846562105263	0.0	0.0	3	1.0079755221674371	18.088361660795577	230.0	34	1.05	0.95				
	314	2	71.43815246385964	14.361278072631578	0.0	0.0	3	1.0079997860485839	19.1953987133631	230.0	36	1.05	0.95				
	315	2	116.73141407754383	23.567225555087717	0.0	0.0	3	1.05	23.11667613275488	230.0	36	1.05	0.95				
	316	2	36.82378992982456	7.364757985964912	0.0	0.0	3	1.0442173537912036	22.572434488642777	230.0	36	1.05	0.95				
	317	1	0.0	0.0	0.0	0.0	3	1.0499999971540313	27.133703312684045	230.0	37	1.05	0.95				
	318	2	122.62322046631577	25.0401771522807	0.0	0.0	3	1.040997670198329	23.475314529244464	230.0	37	1.05	0.95				
	319	1	66.65105977298245	13.624802274035087	0.0	0.0	3	1.033905671383507	20.791041616763014	230.0	35	1.05	0.95				
	320	1	47.13445111017543	9.574185381754386	0.0	0.0	3	1.027674505390478	19.931795322905806	230.0	35	1.05	0.95				
	321	2	0.0	0.0	0.0	0.0	3	1.049999966034235	24.004990586595085	230.0	37	1.05	0.95				
	322	2	0.0	0.0	0.0	0.0	3	1.05	29.580971416154323	230.0	37	1.05	0.95				
	323	2	0.0	0.0	0.0	0.0	3	1.024471331511475	19.741780626349644	230.0	35	1.05	0.95				
	324	1	0.0	0.0	0.0	0.0	3	1.0472325551413013	26.25826980248396	230.0	36	1.05	0.95				
	325	1	0.0	0.0	0.0	0.0	3	1.0265676122251737	19.896123729879466	230.0	35	1.05	0.95				
];
