%% MATPOWER Case Format : Version 2
function mpc = RTS_GMLC
mpc.version = '2';

%%-----  Power Flow Data  -----%%
%% system MVA base
mpc.baseMVA = 100.0;
%% bus data
%    bus_i    type    Pd    Qd    Gs    Bs    area    Vm    Va    baseKV    zone    Vmax    Vmin
mpc.bus = [
	101	2	49.76496784421053	10.137308264561403	0.0	0.0	1	1.0353335405688142	1.6485659093167164	138.0	11	1.05	0.95				
	102	2	44.69631371192982	9.215734785964912	0.0	0.0	1	1.0349166156268785	1.5143011779400777	138.0	12	1.05	0.95				
	103	1	82.94161307368421	17.049109354035085	0.0	0.0	1	1.0282019947231276	-0.5918969935573323	138.0	11	1.05	0.95				
	104	1	34.09821870807017	6.911801089473683	0.0	0.0	1	1.0217315351410934	-1.7238514376684326	138.0	11	1.05	0.95				
	105	1	32.715858490175435	6.45101435017544	0.0	0.0	1	1.0363709989889736	-1.4951190572028639	138.0	11	1.05	0.95				
	106	1	62.66699654456141	12.90202870035088	0.0	-100.0	1	1.0449303975876527	-3.724262328022574	138.0	12	1.05	0.95				
	107	2	57.5983424122807	11.51966848245614	0.0	0.0	1	1.002550814362927	-7.788594394798534	138.0	12	1.05	0.95				
	108	1	78.79453242	16.127535875438596	0.0	0.0	1	1.0052742730254334	-7.155418179280649	138.0	12	1.05	0.95				
	109	1	80.63767937719298	16.588322614736843	0.0	0.0	1	1.0251476081144526	-2.5138536195928554	138.0	13	1.05	0.95				
	110	1	89.85341416315788	18.431469571929824	0.0	0.0	1	1.05	-3.2369761944493813	138.0	13	1.05	0.95				
	111	1	0.0	0.0	0.0	0.0	1	1.0047299882872633	-0.6911170665384067	230.0	13	1.05	0.95				
	112	1	0.0	0.0	0.0	0.0	1	1.0094885549389498	0.0033684199605900885	230.0	13	1.05	0.95				
	113	3	122.10848591403507	24.882483922105266	0.0	0.0	1	0.99803416369764	3.761920572882029e-30	230.0	14	1.05	0.95				
	114	2	89.39262742385964	17.970682832631578	0.0	0.0	1	1.0014642883335045	1.0121832764627257	230.0	16	1.05	0.95				
	115	2	146.06939635754387	29.49035131508772	0.0	0.0	1	1.0389777368627293	6.218716153342212	230.0	16	1.05	0.95				
	116	2	46.07867392982456	9.215734785964912	0.0	0.0	1	1.0348037684133788	6.09935613176939	230.0	16	1.05	0.95				
	117	1	0.0	0.0	0.0	0.0	1	1.0425368117755103	7.5270583311187105	230.0	17	1.05	0.95				
	118	2	153.44198418631578	31.333498272280703	0.0	0.0	1	1.044913107752987	7.369968270843627	230.0	17	1.05	0.95				
	119	1	83.40239981298245	17.049109354035085	0.0	0.0	1	1.029115144850571	5.648758903357221	230.0	15	1.05	0.95				
	120	1	58.98070263017544	11.980455221754385	0.0	0.0	1	1.0274035980485052	6.149171271385473	230.0	15	1.05	0.95				
	121	2	0.0	0.0	0.0	0.0	1	1.049411669940657	8.271853504228439	230.0	17	1.05	0.95				
	122	2	0.0	0.0	0.0	0.0	1	1.05	14.489739682655479	230.0	17	1.05	0.95				
	123	2	0.0	0.0	0.0	0.0	1	1.0272859298699804	6.779392151146855	230.0	15	1.05	0.95				
	124	1	0.0	0.0	0.0	0.0	1	1.0259299077326276	3.6756117621126405	230.0	16	1.05	0.95				
	201	2	47.888556593684214	9.755076343157896	0.0	0.0	2	1.0310675533141893	-4.542394406127344	138.0	21	1.05	0.95				
	202	2	43.011018422105266	8.868251221052633	0.0	0.0	2	1.03145480127294	-4.489261400803751	138.0	22	1.05	0.95				
	203	1	79.8142609894737	16.40626475894737	0.0	0.0	2	1.0198771126197854	-5.296841814890592	138.0	21	1.05	0.95				
	204	1	32.81252951789474	6.651188415789473	0.0	0.0	2	1.0198913254050423	-6.858999147272714	138.0	21	1.05	0.95				
	205	1	31.48229183473684	6.207775854736843	0.0	0.0	2	1.0349263163607703	-6.888022200138737	138.0	21	1.05	0.95				
	206	1	60.304108303157896	12.415551709473686	0.0	-100.0	2	1.0450523959329396	-8.621494675192555	138.0	22	1.05	0.95				
	207	2	55.42657013157894	11.08531402631579	0.0	0.0	2	0.9893905329109864	-15.386745944995315	138.0	22	1.05	0.95				
	208	1	75.82354794	15.519439636842106	0.0	0.0	2	0.9962359293939822	-13.379814571064612	138.0	22	1.05	0.95				
	209	1	77.59719818421054	15.962852197894737	0.0	0.0	2	1.023335821286741	-6.991826849478334	138.0	23	1.05	0.95				
	210	1	86.46544940526316	17.736502442105266	0.0	0.0	2	1.05	-7.858152352650719	138.0	23	1.05	0.95				
	211	1	0.0	0.0	0.0	0.0	2	1.0051673029547066	-4.339553193236463	230.0	23	1.05	0.95				
	212	1	0.0	0.0	0.0	0.0	2	1.0091803559120258	-3.7962018619444415	230.0	23	1.05	0.95				
	213	2	117.50432867894737	23.944278296842107	0.0	0.0	2	0.9986321721012467	-3.4769314569396035	230.0	24	1.05	0.95				
	214	2	86.02203684421053	17.293089881052634	0.0	0.0	2	1.0058660385285176	-1.8943101156928897	230.0	26	1.05	0.95				
	215	2	140.5617818536842	28.378403907368423	0.0	0.0	2	1.0289255082350541	4.142459429171422	230.0	26	1.05	0.95				
	216	2	44.34125610526316	8.868251221052633	0.0	0.0	2	1.029920909038845	4.201598848732368	230.0	26	1.05	0.95				
	217	1	0.0	0.0	0.0	0.0	2	1.0356977633953957	6.726112484638225	230.0	27	1.05	0.95				
	218	2	147.65638283052633	30.152054151578948	0.0	0.0	2	1.0371811140358733	7.196737001126659	230.0	27	1.05	0.95				
	219	1	80.25767355052632	16.40626475894737	0.0	0.0	2	1.029228367431593	3.4032302164527866	230.0	25	1.05	0.95				
	220	1	56.756807814736845	11.528726587368423	0.0	0.0	2	1.0317092002696564	3.569887044453598	230.0	25	1.05	0.95				
	221	2	0.0	0.0	0.0	0.0	2	1.037095140755272	6.937924359046582	230.0	27	1.05	0.95				
	222	2	0.0	0.0	0.0	0.0	2	1.05	13.353964455518062	230.0	27	1.05	0.95				
	223	2	0.0	0.0	0.0	0.0	2	1.0337155666977167	3.9976181492239524	230.0	25	1.05	0.95				
	224	1	0.0	0.0	0.0	0.0	2	1.0138422143317911	0.6034613061595395	230.0	26	1.05	0.95				
	301	2	50.49794368421053	10.286618157894738	0.0	0.0	3	1.0078570728778098	-23.464392964147034	138.0	31	1.05	0.95				
	302	2	45.35463460526316	9.35147105263158	0.0	0.0	3	1.0073850594241658	-23.572964566759193	138.0	32	1.05	0.95				
	303	1	84.16323947368421	17.300221447368422	0.0	0.0	3	1.0227533507044824	-17.683300891957014	138.0	31	1.05	0.95				
	304	1	34.600442894736844	7.013603289473684	0.0	0.0	3	1.0097087793958746	-21.894228847395063	138.0	31	1.05	0.95				
	305	1	33.197722236842104	6.546029736842105	0.0	0.0	3	1.0227517955911787	-22.81593886248615	138.0	31	1.05	0.95				
	306	1	63.59000315789475	13.09205947368421	0.0	-100.0	3	1.0391368910716903	-22.998168948220368	138.0	32	1.05	0.95				
	307	2	58.44669407894737	11.689338815789474	0.0	0.0	3	0.9937503567834864	-28.08774328579433	138.0	32	1.05	0.95				
	308	1	79.9550775	16.365074342105263	0.0	0.0	3	0.9984533788030955	-25.947138264623128	138.0	32	1.05	0.95				
	309	1	81.82537171052631	16.83264789473684	0.0	0.0	3	1.0268648671909197	-18.613019803568292	138.0	33	1.05	0.95				
	310	1	91.1768427631579	18.70294210526316	0.0	0.0	3	1.05	-20.664160096717776	138.0	33	1.05	0.95				
	311	1	0.0	0.0	0.0	0.0	3	1.0111433305723139	-14.389272963855623	230.0	33	1.05	0.95				
	312	1	0.0	0.0	0.0	0.0	3	1.012518701753057	-13.98473490154321	230.0	33	1.05	0.95				
	313	2	123.90699144736843	25.248971842105266	0.0	0.0	3	1.0131637988310178	-10.929743571514253	230.0	34	1.05	0.95				
	314	2	90.70926921052632	18.23536855263158	0.0	0.0	3	1.0168708907374648	-12.10733994235908	230.0	36	1.05	0.95				
	315	2	148.22081618421052	29.924707368421053	0.0	0.0	3	1.0400148762735448	-6.911206293955989	230.0	36	1.05	0.95				
	316	2	46.7573552631579	9.35147105263158	0.0	0.0	3	1.0398626362853478	-6.10183660031395	230.0	36	1.05	0.95				
	317	1	0.0	0.0	0.0	0.0	3	1.0451389970172509	-3.3911796437547146	230.0	37	1.05	0.95				
	318	2	155.7019930263158	31.795001578947375	0.0	0.0	3	1.042946245304921	-3.880283952518791	230.0	37	1.05	0.95				
	319	1	84.63081302631579	17.300221447368422	0.0	0.0	3	1.0350309330850769	-7.2508271643574975	230.0	35	1.05	0.95				
	320	1	59.84941473684211	12.156912368421054	0.0	0.0	3	1.0342745380304679	-7.357584808715218	230.0	35	1.05	0.95				
	321	2	0.0	0.0	0.0	0.0	3	1.0437521610650122	-4.226638406958948	230.0	37	1.05	0.95				
	322	2	0.0	0.0	0.0	0.0	3	1.05	0.4319063725610041	230.0	37	1.05	0.95				
	323	2	0.0	0.0	0.0	0.0	3	1.0345540995367077	-7.062310969616135	230.0	35	1.05	0.95				
	324	1	0.0	0.0	0.0	0.0	3	1.0201243162974902	-10.920002300618435	230.0	36	1.05	0.95				
	325	1	0.0	0.0	0.0	0.0	3	1.0311549401422517	-5.780813363003259	230.0	35	1.05	0.95				
];
