%% MATPOWER Case Format : Version 2
function mpc = RTS_GMLC
mpc.version = '2';

%%-----  Power Flow Data  -----%%
%% system MVA base
mpc.baseMVA = 100.0;
%% bus data
%    bus_i    type    Pd    Qd    Gs    Bs    area    Vm    Va    baseKV    zone    Vmax    Vmin
mpc.bus = [
	101	2	89.16279070736843	18.162790699649122	0.0	0.0	1	1.0482266973120484	-0.8929094956247495	138.0	11	1.05	0.95				
	102	2	80.08139535754385	16.51162790877193	0.0	0.0	1	1.0474395886825754	-1.1809824558588524	138.0	12	1.05	0.95				
	103	1	148.6046511789474	30.546511631228075	0.0	0.0	1	1.0250616942137816	-1.5795004087789448	138.0	11	1.05	0.95				
	104	1	61.09302326245615	12.383720931578948	0.0	0.0	1	1.0239986807046224	-4.490660816750876	138.0	11	1.05	0.95				
	105	1	58.61627907614035	11.558139536140352	0.0	0.0	1	1.0374469983167738	-5.01780104287607	138.0	11	1.05	0.95				
	106	1	112.27906977964915	23.116279072280705	0.0	-100.0	1	1.0368174166708275	-8.13015382305121	138.0	12	1.05	0.95				
	107	2	103.19767442982457	20.639534885964913	0.0	0.0	1	1.0324916825036803	-7.940570804085292	138.0	12	1.05	0.95				
	108	1	141.17441861999998	28.895348840350877	0.0	0.0	1	1.012848413045978	-9.632326638908138	138.0	12	1.05	0.95				
	109	1	144.4767442017544	29.72093023578947	0.0	0.0	1	1.0267882143118274	-4.974492000235982	138.0	13	1.05	0.95				
	110	1	160.9883721105263	33.02325581754386	0.0	0.0	1	1.05	-6.675264663138685	138.0	13	1.05	0.95				
	111	1	0.0	0.0	0.0	0.0	1	1.017167804451451	-2.006128318101338	230.0	13	1.05	0.95				
	112	1	0.0	0.0	0.0	0.0	1	1.0182286592522238	-1.373826146944018	230.0	13	1.05	0.95				
	113	3	218.7790697912281	44.581395353684215	0.0	0.0	1	1.0196345221479548	2.9063747840366926e-29	230.0	14	1.05	0.95				
	114	2	160.1627907150877	32.197674422105266	0.0	0.0	1	1.0227369011663252	0.06494108946810784	230.0	16	1.05	0.95				
	115	2	261.7093023540351	52.83720930807018	0.0	0.0	1	1.0430138495450063	9.006010561287145	230.0	16	1.05	0.95				
	116	2	82.55813954385965	16.51162790877193	0.0	0.0	1	1.0426084444506791	8.03401793007289	230.0	16	1.05	0.95				
	117	1	0.0	0.0	0.0	0.0	1	1.0460758890482151	11.545143698504466	230.0	17	1.05	0.95				
	118	2	274.91860468105267	56.139534889824574	0.0	0.0	1	1.0485537486397232	12.336257108076287	230.0	17	1.05	0.95				
	119	1	149.43023257438597	30.546511631228075	0.0	0.0	1	1.0365918478267526	6.224847192289824	230.0	15	1.05	0.95				
	120	1	105.67441861614036	21.46511628140351	0.0	0.0	1	1.038138725611727	5.707080876738571	230.0	15	1.05	0.95				
	121	2	0.0	0.0	0.0	0.0	1	1.05	14.46926527374565	230.0	17	1.05	0.95				
	122	2	0.0	0.0	0.0	0.0	1	1.05	19.848778773782342	230.0	17	1.05	0.95				
	123	2	0.0	0.0	0.0	0.0	1	1.0413013702694267	6.032759121061519	230.0	15	1.05	0.95				
	124	1	0.0	0.0	0.0	0.0	1	1.023059890065439	5.069561282017863	230.0	16	1.05	0.95				
	201	2	84.03022193684212	17.11726743157895	0.0	0.0	2	1.0407998641971536	-12.313037808165832	138.0	21	1.05	0.95				
	202	2	75.47158822105263	15.56115221052632	0.0	0.0	2	1.0411702843658952	-12.372769993021622	138.0	22	1.05	0.95				
	203	1	140.05036989473686	28.788131589473686	0.0	0.0	2	1.0236609462348107	-9.928163448779994	138.0	21	1.05	0.95				
	204	1	57.57626317894737	11.670864157894737	0.0	0.0	2	1.0192703721198573	-13.644396844117955	138.0	21	1.05	0.95				
	205	1	55.242090347368425	10.892806547368423	0.0	0.0	2	1.0355614576335808	-14.015061924857482	138.0	21	1.05	0.95				
	206	1	105.81583503157897	21.785613094736846	0.0	-100.0	2	1.0380600689493003	-15.69802339415911	138.0	22	1.05	0.95				
	207	2	97.25720131578947	19.451440263157895	0.0	0.0	2	0.95245024608346	-27.324540010152546	138.0	22	1.05	0.95				
	208	1	133.04785139999998	27.232016368421053	0.0	0.0	2	0.9586575258853964	-23.404723000658148	138.0	22	1.05	0.95				
	209	1	136.16008184210526	28.010073978947368	0.0	0.0	2	1.0261139128093895	-11.54528633315365	138.0	23	1.05	0.95				
	210	1	151.7212340526316	31.12230442105264	0.0	0.0	2	1.05	-13.30175537096058	138.0	23	1.05	0.95				
	211	1	0.0	0.0	0.0	0.0	2	1.0303547982494008	-7.644121787356205	230.0	23	1.05	0.95				
	212	1	0.0	0.0	0.0	0.0	2	1.025426137828155	-2.390511175288584	230.0	23	1.05	0.95				
	213	2	206.1852667894737	42.01511096842106	0.0	0.0	2	1.0418217878273655	-4.666772401461048	230.0	24	1.05	0.95				
	214	2	150.94317644210525	30.34424681052632	0.0	0.0	2	1.0451976526585531	-5.647561276157762	230.0	26	1.05	0.95				
	215	2	246.64426253684212	49.79568707368421	0.0	0.0	2	1.0447221188788915	1.8369111601954273	230.0	26	1.05	0.95				
	216	2	77.80576105263158	15.56115221052632	0.0	0.0	2	1.0464595462953106	1.9935993233501177	230.0	26	1.05	0.95				
	217	1	0.0	0.0	0.0	0.0	2	1.0478740509799622	4.368693683754965	230.0	27	1.05	0.95				
	218	2	259.09318430526315	52.907917515789485	0.0	0.0	2	1.0481340648623727	4.490862213504238	230.0	27	1.05	0.95				
	219	1	140.82842750526316	28.788131589473686	0.0	0.0	2	1.041843622768604	2.5925123253503535	230.0	25	1.05	0.95				
	220	1	99.59137414736843	20.229497873684213	0.0	0.0	2	1.0451210703005698	4.572399255821375	230.0	25	1.05	0.95				
	221	2	0.0	0.0	0.0	0.0	2	1.0482122760874362	4.36966726312889	230.0	27	1.05	0.95				
	222	2	0.0	0.0	0.0	0.0	2	1.05	10.880206862783968	230.0	27	1.05	0.95				
	223	2	0.0	0.0	0.0	0.0	2	1.05	6.220264198467368	230.0	25	1.05	0.95				
	224	1	0.0	0.0	0.0	0.0	2	1.022068292849921	-2.527955783705119	230.0	26	1.05	0.95				
	301	2	59.51787408	12.124011386666666	0.0	0.0	3	0.9928369848783809	16.582959259962507	138.0	31	1.05	0.95				
	302	2	53.45586838666666	11.021828533333334	0.0	0.0	3	0.9925906438909422	16.58693883613608	138.0	32	1.05	0.95				
	303	1	99.19645679999999	20.390382786666667	0.0	0.0	3	1.0146248911410718	18.10215163810128	138.0	31	1.05	0.95				
	304	1	40.78076557333333	8.2663714	0.0	0.0	3	1.0009707388006868	18.53417723047103	138.0	31	1.05	0.95				
	305	1	39.127491293333335	7.715279973333335	0.0	0.0	3	1.012788939688651	18.63114346434673	138.0	31	1.05	0.95				
	306	1	74.94843402666666	15.43055994666667	0.0	-100.0	3	1.032576727878013	19.139902048802877	138.0	32	1.05	0.95				
	307	2	68.88642833333334	13.777285666666666	0.0	0.0	3	0.9789578103878069	16.70137642498039	138.0	32	1.05	0.95				
	308	1	94.23663395999999	19.288199933333335	0.0	0.0	3	0.9972436300062577	19.075212462978296	138.0	32	1.05	0.95				
	309	1	96.44099966666666	19.83929136	0.0	0.0	3	1.0269516332096997	22.364269291034116	138.0	33	1.05	0.95				
	310	1	107.46282819999999	22.04365706666667	0.0	0.0	3	1.05	22.426403277110715	138.0	33	1.05	0.95				
	311	1	0.0	0.0	0.0	0.0	3	1.0145556422628075	28.002351780519717	230.0	33	1.05	0.95				
	312	1	0.0	0.0	0.0	0.0	3	1.0228422476570842	29.331829177357946	230.0	33	1.05	0.95				
	313	2	146.03922806666668	29.75893704	0.0	0.0	3	1.0426347788049246	37.30055745352364	230.0	34	1.05	0.95				
	314	2	106.91173677333332	21.49256564	0.0	0.0	3	1.0130754580294423	25.299035131326853	230.0	36	1.05	0.95				
	315	2	174.69598225333334	35.269851306666666	0.0	0.0	3	1.036760811246187	17.874451209853998	230.0	36	1.05	0.95				
	316	2	55.10914266666666	11.021828533333334	0.0	0.0	3	1.0392326898971211	19.242422095887246	230.0	36	1.05	0.95				
	317	1	0.0	0.0	0.0	0.0	3	1.0433896245512864	17.5372408728304	230.0	37	1.05	0.95				
	318	2	183.51344508	37.47421701333333	0.0	0.0	3	1.0429262850172232	16.0763466405077	230.0	37	1.05	0.95				
	319	1	99.74754822666667	20.390382786666667	0.0	0.0	3	1.0401012296834335	22.284403073598394	230.0	35	1.05	0.95				
	320	1	70.53970261333333	14.328377093333334	0.0	0.0	3	1.0435793867256757	24.555142414735066	230.0	35	1.05	0.95				
	321	2	0.0	0.0	0.0	0.0	3	1.0420328501383245	17.248092529670934	230.0	37	1.05	0.95				
	322	2	0.0	0.0	0.0	0.0	3	1.05	21.686454158712458	230.0	37	1.05	0.95				
	323	2	0.0	0.0	0.0	0.0	3	1.0451156238441974	25.31380189066799	230.0	35	1.05	0.95				
	324	1	0.0	0.0	0.0	0.0	3	1.0269690440273898	19.911934309242955	230.0	36	1.05	0.95				
	325	1	0.0	0.0	0.0	0.0	3	1.0468372772321661	24.398874271577252	230.0	35	1.05	0.95				
];
