%% MATPOWER Case Format : Version 2
function mpc = RTS_GMLC
mpc.version = '2';

%%-----  Power Flow Data  -----%%
%% system MVA base
mpc.baseMVA = 100.0;
%% bus data
%    bus_i    type    Pd    Qd    Gs    Bs    area    Vm    Va    baseKV    zone    Vmax    Vmin
mpc.bus = [
	101	2	71.20732312421053	14.50519545122807	0.0	0.0	1	1.0486919485988866	-0.4884597550267238	138.0	11	1.05	0.95				
	102	2	63.95472539859649	13.186541319298248	0.0	0.0	1	1.047506440036378	-0.8546238760681042	138.0	12	1.05	0.95				
	103	1	118.67887187368422	24.395101440701755	0.0	0.0	1	1.0294156473848046	-2.114568945612812	138.0	11	1.05	0.95				
	104	1	48.79020288140351	9.889905989473684	0.0	0.0	1	1.026592710517226	-4.069788591246611	138.0	11	1.05	0.95				
	105	1	46.81222168350877	9.230578923508773	0.0	0.0	1	1.0399950285046184	-4.416555147196916	138.0	11	1.05	0.95				
	106	1	89.66848097122808	18.461157847017546	0.0	-100.0	1	1.0418562263889193	-7.304941967954476	138.0	12	1.05	0.95				
	107	2	82.41588324561404	16.483176649122807	0.0	0.0	1	1.000334116407364	-13.73298065267388	138.0	12	1.05	0.95				
	108	1	112.74492828	23.07644730877193	0.0	0.0	1	0.9965835309331843	-12.421031904886412	138.0	12	1.05	0.95				
	109	1	115.38223654385966	23.73577437473684	0.0	0.0	1	1.0258538425759687	-5.100757174254576	138.0	13	1.05	0.95				
	110	1	128.5687778631579	26.373082638596497	0.0	0.0	1	1.05	-6.396374200285012	138.0	13	1.05	0.95				
	111	1	0.0	0.0	0.0	0.0	1	1.0121868355208454	-2.228206499078852	230.0	13	1.05	0.95				
	112	1	0.0	0.0	0.0	0.0	1	1.0143997150268698	-1.6177449722425294	230.0	13	1.05	0.95				
	113	3	174.72167248070176	35.603661562105266	0.0	0.0	1	1.0123416344951943	3.920173399996025e-28	230.0	14	1.05	0.95				
	114	2	127.90945079719297	25.71375557263158	0.0	0.0	1	1.0142406175048837	-0.5977847445442855	230.0	16	1.05	0.95				
	115	2	209.00667991087718	42.19693222175439	0.0	0.0	1	1.0428469809519945	6.3951124066145	230.0	16	1.05	0.95				
	116	2	65.93270659649123	13.186541319298248	0.0	0.0	1	1.0394599970805083	5.694260158682323	230.0	16	1.05	0.95				
	117	1	0.0	0.0	0.0	0.0	1	1.0444903414973055	8.406142683892744	230.0	17	1.05	0.95				
	118	2	219.55591296631582	44.83424048561404	0.0	0.0	1	1.0467123276985795	8.838958442278527	230.0	17	1.05	0.95				
	119	1	119.33819893964912	24.395101440701755	0.0	0.0	1	1.0323560464792971	4.448513359227583	230.0	15	1.05	0.95				
	120	1	84.39386444350878	17.14250371508772	0.0	0.0	1	1.0311441669723966	4.285894421805947	230.0	15	1.05	0.95				
	121	2	0.0	0.0	0.0	0.0	1	1.0498031871849334	10.43037157331911	230.0	17	1.05	0.95				
	122	2	0.0	0.0	0.0	0.0	1	1.05	16.147598116295597	230.0	17	1.05	0.95				
	123	2	0.0	0.0	0.0	0.0	1	1.0320803096824769	4.693750637223332	230.0	15	1.05	0.95				
	124	1	0.0	0.0	0.0	0.0	1	1.0270135312253204	3.220813720969953	230.0	16	1.05	0.95				
	201	2	63.61341097263158	12.958287420350874	0.0	0.0	2	1.0254628941149888	-9.619394990815053	138.0	21	1.05	0.95				
	202	2	57.13426726245613	11.78026129122807	0.0	0.0	2	1.0264585857755637	-9.391448012013552	138.0	22	1.05	0.95				
	203	1	106.02235162105262	21.79348338877193	0.0	0.0	2	1.0155459148538661	-9.150009565280854	138.0	21	1.05	0.95				
	204	1	43.58696677754386	8.835195968421052	0.0	0.0	2	1.0158384997110006	-10.331732651318763	138.0	21	1.05	0.95				
	205	1	41.819927583859645	8.24618290385965	0.0	0.0	2	1.0304006145561406	-10.626199548506605	138.0	21	1.05	0.95				
	206	1	80.10577678035088	16.4923658077193	0.0	-100.0	2	1.0401838054878159	-11.706211405840335	138.0	22	1.05	0.95				
	207	2	73.62663307017543	14.725326614035087	0.0	0.0	2	0.99226525316565	-20.177938713699966	138.0	22	1.05	0.95				
	208	1	100.72123404	20.61545725964912	0.0	0.0	2	0.991701351995088	-17.35506127811136	138.0	22	1.05	0.95				
	209	1	103.0772862982456	21.204470324210522	0.0	0.0	2	1.0250333265743639	-8.69202974960747	138.0	23	1.05	0.95				
	210	1	114.85754758947367	23.56052258245614	0.0	0.0	2	1.05	-9.766542013231161	138.0	23	1.05	0.95				
	211	1	0.0	0.0	0.0	0.0	2	1.0126300717489571	-5.383609429011754	230.0	23	1.05	0.95				
	212	1	0.0	0.0	0.0	0.0	2	1.0163613659320538	-0.837360741114996	230.0	23	1.05	0.95				
	213	2	156.08846210877192	31.80670548631579	0.0	0.0	2	1.0135488410515376	-2.841636538265483	230.0	24	1.05	0.95				
	214	2	114.26853452491225	22.971509517894738	0.0	0.0	2	1.0159992688520658	-3.7164907270963305	230.0	26	1.05	0.95				
	215	2	186.7171414659649	37.69683613192982	0.0	0.0	2	1.0344478951161282	2.2210082432713327	230.0	26	1.05	0.95				
	216	2	58.90130645614035	11.78026129122807	0.0	0.0	2	1.0340055896663902	2.251705411825149	230.0	26	1.05	0.95				
	217	1	0.0	0.0	0.0	0.0	2	1.038232528732825	4.080857197799868	230.0	27	1.05	0.95				
	218	2	196.14135049894736	40.05288839017544	0.0	0.0	2	1.038298713579773	4.0830848429362	230.0	27	1.05	0.95				
	219	1	106.61136468561403	21.79348338877193	0.0	0.0	2	1.0322875346614662	2.5714242655596746	230.0	25	1.05	0.95				
	220	1	75.39367226385964	15.31433967859649	0.0	0.0	2	1.0356784421066958	3.9773448459847973	230.0	25	1.05	0.95				
	221	2	0.0	0.0	0.0	0.0	2	1.0392293039368283	4.237048171945247	230.0	27	1.05	0.95				
	222	2	0.0	0.0	0.0	0.0	2	1.05	10.677265166253473	230.0	27	1.05	0.95				
	223	2	0.0	0.0	0.0	0.0	2	1.0393529601736902	5.185426151043504	230.0	25	1.05	0.95				
	224	1	0.0	0.0	0.0	0.0	2	1.013257728793875	-2.004817969424562	230.0	26	1.05	0.95				
	301	2	63.925340096842106	13.021828538245614	0.0	0.0	3	0.9971924520576584	-3.3991286714030085	138.0	31	1.05	0.95				
	302	2	57.4144258277193	11.83802594385965	0.0	0.0	3	0.997088333123466	-3.4464970544063367	138.0	32	1.05	0.95				
	303	1	106.54223349473683	21.90034799614035	0.0	0.0	3	1.013795147026177	-0.0005510969734938415	138.0	31	1.05	0.95				
	304	1	43.8006959922807	8.878519457894736	0.0	0.0	3	1.0017815745271248	-1.4038636018200117	138.0	31	1.05	0.95				
	305	1	42.02499210070175	8.286618160701757	0.0	0.0	3	1.0145235090383555	-1.518376545517254	138.0	31	1.05	0.95				
	306	1	80.49857641824562	16.573236321403513	0.0	-100.0	3	1.0325011033614684	-1.1370372796919144	138.0	32	1.05	0.95				
	307	2	73.9876621491228	14.797532429824562	0.0	0.0	3	0.9922423551461446	-5.591482027010308	138.0	32	1.05	0.95				
	308	1	101.21512182	20.716545401754384	0.0	0.0	3	0.9997639064158071	-2.900916844129767	138.0	32	1.05	0.95				
	309	1	103.58272700877194	21.308446698947368	0.0	0.0	3	1.02653023400076	2.675173877866357	138.0	33	1.05	0.95				
	310	1	115.42075295263157	23.6760518877193	0.0	0.0	3	1.05	2.248477293848753	138.0	33	1.05	0.95				
	311	1	0.0	0.0	0.0	0.0	3	1.0156975250930957	8.549378606884005	230.0	33	1.05	0.95				
	312	1	0.0	0.0	0.0	0.0	3	1.0204093967552272	9.769824075767138	230.0	33	1.05	0.95				
	313	2	156.85384375614035	31.962670048421053	0.0	0.0	3	1.0387271749108606	16.28362755695615	230.0	34	1.05	0.95				
	314	2	114.8288516554386	23.084150590526317	0.0	0.0	3	1.0167846469694335	7.7397341961607875	230.0	36	1.05	0.95				
	315	2	187.63271121017544	37.88168302035088	0.0	0.0	3	1.0292851538927148	3.7076396579091493	230.0	36	1.05	0.95				
	316	2	59.19012971929825	11.83802594385965	0.0	0.0	3	1.0302190977976617	4.821392630611262	230.0	36	1.05	0.95				
	317	1	0.0	0.0	0.0	0.0	3	1.033949231250643	4.612844030936716	230.0	37	1.05	0.95				
	318	2	197.10313196526317	40.24928820912281	0.0	0.0	3	1.0321145636351743	3.855466417676642	230.0	37	1.05	0.95				
	319	1	107.13413479192984	21.90034799614035	0.0	0.0	3	1.030840699733779	7.412832428593077	230.0	35	1.05	0.95				
	320	1	75.76336604070175	15.389433727017545	0.0	0.0	3	1.0338363294544943	9.27750467017845	230.0	35	1.05	0.95				
	321	2	0.0	0.0	0.0	0.0	3	1.0331819890409697	4.359488488689579	230.0	37	1.05	0.95				
	322	2	0.0	0.0	0.0	0.0	3	1.0467333377547483	8.792869902273951	230.0	37	1.05	0.95				
	323	2	0.0	0.0	0.0	0.0	3	1.035665381330212	10.056110345386827	230.0	35	1.05	0.95				
	324	1	0.0	0.0	0.0	0.0	3	1.0197300365488011	4.269663747485957	230.0	36	1.05	0.95				
	325	1	0.0	0.0	0.0	0.0	3	1.0376522899030196	10.094784798387709	230.0	35	1.05	0.95				
];
