%% MATPOWER Case Format : Version 2
function mpc = RTS_GMLC
mpc.version = '2';

%%-----  Power Flow Data  -----%%
%% system MVA base
mpc.baseMVA = 100.0;
%% bus data
%    bus_i    type    Pd    Qd    Gs    Bs    area    Vm    Va    baseKV    zone    Vmax    Vmin
mpc.bus = [
	101	2	33.65314200757895	6.855269668210527	0.0	0.0	1	1.0346230727540142	4.807556945639593	138.0	11	1.05	0.95				
	102	2	30.225507173473687	6.232063334736843	0.0	0.0	1	1.0337163594920509	4.554935702553301	138.0	12	1.05	0.95				
	103	1	56.08857001263159	11.529317169263159	0.0	0.0	1	1.0324591179636693	2.6994817501386175	138.0	11	1.05	0.95				
	104	1	23.058634338526318	4.674047501052632	0.0	0.0	1	1.0234622158871494	1.2546437409316666	138.0	11	1.05	0.95				
	105	1	22.12382483831579	4.36244433431579	0.0	0.0	1	1.037795476548384	1.5432130642122317	138.0	11	1.05	0.95				
	106	1	42.37803067621053	8.72488866863158	0.0	-100.0	1	1.04867574507493	-0.6647130428035296	138.0	12	1.05	0.95				
	107	2	38.950395842105266	7.7900791684210535	0.0	0.0	1	1.0009843782431076	-6.072973474349206	138.0	12	1.05	0.95				
	108	1	53.284141512000005	10.906110835789475	0.0	0.0	1	1.0083061455181974	-4.668724178113492	138.0	12	1.05	0.95				
	109	1	54.530554178947376	11.217714002526316	0.0	0.0	1	1.024334696416781	-0.18172314217374355	138.0	13	1.05	0.95				
	110	1	60.76261751368421	12.464126669473686	0.0	0.0	1	1.05	-0.7868624590933634	138.0	13	1.05	0.95				
	111	1	0.0	0.0	0.0	0.0	1	1.0002230856393677	0.8463323201411459	230.0	13	1.05	0.95				
	112	1	0.0	0.0	0.0	0.0	1	1.0045529231872787	0.5393767832267039	230.0	13	1.05	0.95				
	113	3	82.57483918526316	16.826571003789475	0.0	0.0	1	0.9860155639762765	-5.198262346447576e-26	230.0	14	1.05	0.95				
	114	2	60.451014346947375	12.152523502736843	0.0	0.0	1	0.997695144224256	3.0478295374669138	230.0	16	1.05	0.95				
	115	2	98.77820385557895	19.942602671157896	0.0	0.0	1	1.0372718882877097	8.763767032987085	230.0	16	1.05	0.95				
	116	2	31.160316673684214	6.232063334736843	0.0	0.0	1	1.0317979883586321	7.869628062453036	230.0	16	1.05	0.95				
	117	1	0.0	0.0	0.0	0.0	1	1.0402369316157887	11.329351415991033	230.0	17	1.05	0.95				
	118	2	103.76385452336842	21.189015338105264	0.0	0.0	1	1.0462988266055882	11.500718594956965	230.0	17	1.05	0.95				
	119	1	56.40017317936843	11.529317169263159	0.0	0.0	1	1.021339466019312	5.824586800803001	230.0	15	1.05	0.95				
	120	1	39.88520534231579	8.101682335157896	0.0	0.0	1	1.0146533558591477	4.638449611254419	230.0	15	1.05	0.95				
	121	2	0.0	0.0	0.0	0.0	1	1.05	12.391278835730796	230.0	17	1.05	0.95				
	122	2	0.0	0.0	0.0	0.0	1	1.05	23.960013748327814	230.0	17	1.05	0.95				
	123	2	0.0	0.0	0.0	0.0	1	1.0110151094207995	4.230177012027866	230.0	15	1.05	0.95				
	124	1	0.0	0.0	0.0	0.0	1	1.0271844754723791	6.485171181093128	230.0	16	1.05	0.95				
	201	2	35.37667243705263	7.206359200140351	0.0	0.0	2	1.0160686185128693	-9.152744363750662	138.0	21	1.05	0.95				
	202	2	31.77349283698246	6.551235636491229	0.0	0.0	2	1.0154302001575877	-9.358095444745171	138.0	22	1.05	0.95				
	203	1	58.96112072842106	12.119785927508772	0.0	0.0	2	1.015655316539156	-6.464323887240615	138.0	21	1.05	0.95				
	204	1	24.239571855017545	4.913426727368421	0.0	0.0	2	1.0145038447338837	-9.507555101575724	138.0	21	1.05	0.95				
	205	1	23.256886509543857	4.585864945543861	0.0	0.0	2	1.0292692288108563	-9.82449290583939	138.0	21	1.05	0.95				
	206	1	44.548402328140355	9.171729891087722	0.0	-100.0	2	1.045102367056326	-10.62485025882351	138.0	22	1.05	0.95				
	207	2	40.94522272807018	8.189044545614035	0.0	0.0	2	0.9972607219835316	-14.585657355561922	138.0	22	1.05	0.95				
	208	1	56.013064692	11.464662363859649	0.0	0.0	2	1.0051441394198988	-13.172955501386987	138.0	22	1.05	0.95				
	209	1	57.32331181929825	11.79222414568421	0.0	0.0	2	1.022207407384618	-8.261942132623311	138.0	23	1.05	0.95				
	210	1	63.874547455789475	13.102471272982458	0.0	0.0	2	1.05	-9.44019637504383	138.0	23	1.05	0.95				
	211	1	0.0	0.0	0.0	0.0	2	1.0008289758622217	-5.915125335122515	230.0	23	1.05	0.95				
	212	1	0.0	0.0	0.0	0.0	2	1.0050268324538192	-5.387466147200343	230.0	23	1.05	0.95				
	213	2	86.80387218350877	17.688336218526317	0.0	0.0	2	0.9934203415321134	-4.883895332375747	230.0	24	1.05	0.95				
	214	2	63.54698567396492	12.774909491157896	0.0	0.0	2	0.9980196247427432	-3.7223510588036413	230.0	26	1.05	0.95				
	215	2	103.83708483838596	20.96395403677193	0.0	0.0	2	1.0143740328665118	1.4944698530918408	230.0	26	1.05	0.95				
	216	2	32.75617818245614	6.551235636491229	0.0	0.0	2	1.015668775270016	1.3475433993051942	230.0	26	1.05	0.95				
	217	1	0.0	0.0	0.0	0.0	2	1.0205812982691578	2.8492743065503214	230.0	27	1.05	0.95				
	218	2	109.07807334757895	22.274201164070178	0.0	0.0	2	1.020050752073467	2.5139741513037546	230.0	27	1.05	0.95				
	219	1	59.288682510245614	12.119785927508772	0.0	0.0	2	1.0167075233986798	1.003296416662864	230.0	25	1.05	0.95				
	220	1	41.92790807354386	8.516606327438597	0.0	0.0	2	1.0193302215718718	1.3596835322975174	230.0	25	1.05	0.95				
	221	2	0.0	0.0	0.0	0.0	2	1.0217787102312434	2.980300650682294	230.0	27	1.05	0.95				
	222	2	0.0	0.0	0.0	0.0	2	1.043829343319211	9.4972334277046	230.0	27	1.05	0.95				
	223	2	0.0	0.0	0.0	0.0	2	1.020945938314119	1.8122047417681544	230.0	25	1.05	0.95				
	224	1	0.0	0.0	0.0	0.0	2	1.0049340064975112	-1.5206892670897578	230.0	26	1.05	0.95				
	301	2	43.032584614736855	8.765896865964914	0.0	0.0	3	1.0080982419059301	-18.218186854413133	138.0	31	1.05	0.95				
	302	2	38.64963618175439	7.968997150877194	0.0	0.0	3	1.0081057530097983	-18.282049715332715	138.0	32	1.05	0.95				
	303	1	71.72097435789475	14.742644729122809	0.0	0.0	3	1.019444794936077	-13.890942650564272	138.0	31	1.05	0.95				
	304	1	29.485289458245617	5.976747863157896	0.0	0.0	3	1.0116823763786096	-16.592130899613434	138.0	31	1.05	0.95				
	305	1	28.289939885614036	5.5782980056140365	0.0	0.0	3	1.0239462218096802	-17.673695275979373	138.0	31	1.05	0.95				
	306	1	54.18918062596493	11.156596011228073	0.0	-100.0	3	1.0413478419411364	-17.847620759025958	138.0	32	1.05	0.95				
	307	2	49.80623219298246	9.961246438596492	0.0	0.0	3	0.9935707770747628	-21.77242439106824	138.0	32	1.05	0.95				
	308	1	68.13492564	13.945745014035088	0.0	0.0	3	1.0012708887994237	-20.0104418562103	138.0	32	1.05	0.95				
	309	1	69.72872507017544	14.34419487157895	0.0	0.0	3	1.0271320093561889	-13.583693080592111	138.0	33	1.05	0.95				
	310	1	77.69772222105263	15.937994301754388	0.0	0.0	3	1.05	-15.84546281025645	138.0	33	1.05	0.95				
	311	1	0.0	0.0	0.0	0.0	3	1.0049700535674544	-10.737245473852143	230.0	33	1.05	0.95				
	312	1	0.0	0.0	0.0	0.0	3	1.0109862295708907	-9.944899250601605	230.0	33	1.05	0.95				
	313	2	105.58921224912281	21.516292307368428	0.0	0.0	3	1.0090574800099616	-7.144575602481179	230.0	34	1.05	0.95				
	314	2	77.29927236350878	15.539544444210529	0.0	0.0	3	0.998142516411571	-9.765280455036836	230.0	36	1.05	0.95				
	315	2	126.30860484140352	25.500790882807024	0.0	0.0	3	1.0214574866281998	-6.707030587966581	230.0	36	1.05	0.95				
	316	2	39.84498575438597	7.968997150877194	0.0	0.0	3	1.0211422938235497	-6.007221682593606	230.0	36	1.05	0.95				
	317	1	0.0	0.0	0.0	0.0	3	1.027046061989047	-4.20493041548325	230.0	37	1.05	0.95				
	318	2	132.68380256210529	27.094590312982465	0.0	0.0	3	1.025323293478909	-4.555989281659512	230.0	37	1.05	0.95				
	319	1	72.11942421543861	14.742644729122809	0.0	0.0	3	1.0205365500436425	-5.976188692354105	230.0	35	1.05	0.95				
	320	1	51.00158176561405	10.359696296140353	0.0	0.0	3	1.0225726463024785	-5.162336787687319	230.0	35	1.05	0.95				
	321	2	0.0	0.0	0.0	0.0	3	1.0263106658328949	-4.726264378561975	230.0	37	1.05	0.95				
	322	2	0.0	0.0	0.0	0.0	3	1.0400153521860647	-0.13106925163684946	230.0	37	1.05	0.95				
	323	2	0.0	0.0	0.0	0.0	3	1.0243404900364712	-4.407044421602081	230.0	35	1.05	0.95				
	324	1	0.0	0.0	0.0	0.0	3	1.0114951872877058	-9.417772139304994	230.0	36	1.05	0.95				
	325	1	0.0	0.0	0.0	0.0	3	1.0210227864303887	-2.988872941421421	230.0	35	1.05	0.95				
];
