%% MATPOWER Case Format : Version 2
function mpc = RTS_GMLC
mpc.version = '2';

%%-----  Power Flow Data  -----%%
%% system MVA base
mpc.baseMVA = 100.0;
%% bus data
%    bus_i    type    Pd    Qd    Gs    Bs    area    Vm    Va    baseKV    zone    Vmax    Vmin
mpc.bus = [
	101	2	71.07372587368421	14.477981196491227	0.0	0.0	1	1.0322259598396977	-0.13617183124590795	138.0	11	1.05	0.95				
	102	2	63.83473527543859	13.161801087719299	0.0	0.0	1	1.0322661581369434	-0.17464994584010746	138.0	12	1.05	0.95				
	103	1	118.45620978947369	24.3493320122807	0.0	0.0	1	1.022390504459527	-1.6042269627462546	138.0	11	1.05	0.95				
	104	1	48.6986640245614	9.871350815789473	0.0	0.0	1	1.0175584578169121	-3.252442449400759	138.0	11	1.05	0.95				
	105	1	46.724393861403506	9.21326076140351	0.0	0.0	1	1.0322766257502287	-3.184185269009695	138.0	11	1.05	0.95				
	106	1	89.50024739649123	18.42652152280702	0.0	-100.0	1	1.0387216844696692	-5.490490774662327	138.0	12	1.05	0.95				
	107	2	82.26125679824561	16.45225135964912	0.0	0.0	1	1.0472835141680694	-1.1517978878412456	138.0	12	1.05	0.95				
	108	1	112.53339929999999	23.03315190350877	0.0	0.0	1	1.0265045553995091	-4.238066068695957	138.0	12	1.05	0.95				
	109	1	115.16575951754386	23.691241957894736	0.0	0.0	1	1.0264774807249004	-3.1062802629437902	138.0	13	1.05	0.95				
	110	1	128.32756060526316	26.323602175438598	0.0	0.0	1	1.05	-4.19511230017955	138.0	13	1.05	0.95				
	111	1	0.0	0.0	0.0	0.0	1	1.0103624276802206	-0.953964858350063	230.0	13	1.05	0.95				
	112	1	0.0	0.0	0.0	0.0	1	1.0142187465767452	-0.007292837409535316	230.0	13	1.05	0.95				
	113	3	174.3938644122807	35.536862936842105	0.0	0.0	1	1.0082347687341389	2.4045477249638418e-27	230.0	14	1.05	0.95				
	114	2	127.66947055087718	25.66551212105263	0.0	0.0	1	1.0095891490868638	0.9904776794945848	230.0	16	1.05	0.95				
	115	2	208.6145472403509	42.117763480701754	0.0	0.0	1	1.0428455482638717	7.755441441980267	230.0	16	1.05	0.95				
	116	2	65.80900543859649	13.161801087719299	0.0	0.0	1	1.0405112100878382	7.6638321869343775	230.0	16	1.05	0.95				
	117	1	0.0	0.0	0.0	0.0	1	1.046192876300605	10.0245262493476	230.0	17	1.05	0.95				
	118	2	219.14398811052632	44.750123698245616	0.0	0.0	1	1.0484923049241206	10.381932625677008	230.0	17	1.05	0.95				
	119	1	119.11429984385965	24.3493320122807	0.0	0.0	1	1.0355479436458348	6.925937166828478	230.0	15	1.05	0.95				
	120	1	84.23552696140351	17.110341414035087	0.0	0.0	1	1.0367828802232169	7.535432505968288	230.0	15	1.05	0.95				
	121	2	0.0	0.0	0.0	0.0	1	1.05	10.631698808576404	230.0	17	1.05	0.95				
	122	2	0.0	0.0	0.0	0.0	1	1.05	16.92004841472321	230.0	17	1.05	0.95				
	123	2	0.0	0.0	0.0	0.0	1	1.03923350648432	8.35965978155708	230.0	15	1.05	0.95				
	124	1	0.0	0.0	0.0	0.0	1	1.0234255373792864	4.287045374688173	230.0	16	1.05	0.95				
	201	2	74.90130646736843	15.257673539649122	0.0	0.0	2	1.0375053194145307	-7.999249583333642	138.0	21	1.05	0.95				
	202	2	67.27246969754385	13.870612308771932	0.0	0.0	2	1.0374636398105688	-8.137971089686811	138.0	22	1.05	0.95				
	203	1	124.83551077894737	25.66063277122807	0.0	0.0	2	1.0275394564927123	-5.517265241160771	138.0	21	1.05	0.95				
	204	1	51.32126554245614	10.402959231578947	0.0	0.0	2	1.018968633094799	-10.164298823862419	138.0	21	1.05	0.95				
	205	1	49.240673696140355	9.709428616140352	0.0	0.0	2	1.0348110644571926	-10.484122618671964	138.0	21	1.05	0.95				
	206	1	94.32016369964913	19.418857232280704	0.0	-100.0	2	1.039337844615848	-12.541823996873621	138.0	22	1.05	0.95				
	207	2	86.69132692982457	17.338265385964913	0.0	0.0	2	0.9723668103215852	-23.00884366195039	138.0	22	1.05	0.95				
	208	1	118.59373524000002	24.273571540350876	0.0	0.0	2	0.9748874870517079	-19.602982342000757	138.0	22	1.05	0.95				
	209	1	121.36785770175437	24.967102155789473	0.0	0.0	2	1.0254965132230651	-9.022465712738716	138.0	23	1.05	0.95				
	210	1	135.2384700105263	27.741224617543864	0.0	0.0	2	1.05	-10.828900924791776	138.0	23	1.05	0.95				
	211	1	0.0	0.0	0.0	0.0	2	1.0219201927080643	-4.667117866496565	230.0	23	1.05	0.95				
	212	1	0.0	0.0	0.0	0.0	2	1.0195110061628712	-3.6896712413168573	230.0	23	1.05	0.95				
	213	2	183.78561309122807	37.450653233684214	0.0	0.0	2	1.0299103044072428	-1.4920563738288222	230.0	24	1.05	0.95				
	214	2	134.5449393950877	27.047694002105267	0.0	0.0	2	1.0336696290778884	-2.281220571335954	230.0	26	1.05	0.95				
	215	2	219.84920509403509	44.38595938807018	0.0	0.0	2	1.0430393348111466	5.281747416377923	230.0	26	1.05	0.95				
	216	2	69.35306154385965	13.870612308771932	0.0	0.0	2	1.045967931350686	5.329744418610522	230.0	26	1.05	0.95				
	217	1	0.0	0.0	0.0	0.0	2	1.0480107826384164	8.553083725224239	230.0	27	1.05	0.95				
	218	2	230.94569494105266	47.160081849824564	0.0	0.0	2	1.0499469980256875	9.382666099036765	230.0	27	1.05	0.95				
	219	1	125.52904139438597	25.66063277122807	0.0	0.0	2	1.042980247664731	4.513952199644104	230.0	25	1.05	0.95				
	220	1	88.77191877614035	18.03179600140351	0.0	0.0	2	1.0462880934121845	5.104411423326298	230.0	25	1.05	0.95				
	221	2	0.0	0.0	0.0	0.0	2	1.05	9.73353901279854	230.0	27	1.05	0.95				
	222	2	0.0	0.0	0.0	0.0	2	1.05	15.78211203460766	230.0	27	1.05	0.95				
	223	2	0.0	0.0	0.0	0.0	2	1.05	5.932551675659957	230.0	25	1.05	0.95				
	224	1	0.0	0.0	0.0	0.0	2	1.0237335515799226	1.2557412371867647	230.0	26	1.05	0.95				
	301	2	69.16988296421053	14.090161344561402	0.0	0.0	3	1.0125274475621215	-23.809397473470856	138.0	31	1.05	0.95				
	302	2	62.124802291929825	12.809237585964913	0.0	0.0	3	1.0111465959153518	-24.13919204687447	138.0	32	1.05	0.95				
	303	1	115.28313827368422	23.697089534035086	0.0	0.0	3	1.0341635243219576	-14.597970817640451	138.0	31	1.05	0.95				
	304	1	47.39417906807017	9.606928189473683	0.0	0.0	3	1.008189647146882	-22.684182896025618	138.0	31	1.05	0.95				
	305	1	45.472793430175436	8.96646631017544	0.0	0.0	3	1.022781562842159	-23.68025713470297	138.0	31	1.05	0.95				
	306	1	87.10281558456141	17.93293262035088	0.0	-100.0	3	1.0349594583997561	-24.324792831767635	138.0	32	1.05	0.95				
	307	2	80.0577349122807	16.01154698245614	0.0	0.0	3	1.0034761007999784	-26.30909197054857	138.0	32	1.05	0.95				
	308	1	109.51898136	22.416165775438596	0.0	0.0	3	1.000319755468339	-25.737776210874888	138.0	32	1.05	0.95				
	309	1	112.08082887719297	23.056627654736843	0.0	0.0	3	1.0276474550069505	-18.87982516510442	138.0	33	1.05	0.95				
	310	1	124.8900664631579	25.618475171929827	0.0	0.0	3	1.05	-21.497028200299177	138.0	33	1.05	0.95				
	311	1	0.0	0.0	0.0	0.0	3	1.0182148689442327	-14.727315857595983	230.0	33	1.05	0.95				
	312	1	0.0	0.0	0.0	0.0	3	1.0183001383291044	-14.048682460614176	230.0	33	1.05	0.95				
	313	2	169.7223980140351	34.584941482105265	0.0	0.0	3	1.0251779804115875	-10.898067614775963	230.0	34	1.05	0.95				
	314	2	124.24960458385965	24.97801329263158	0.0	0.0	3	1.02742312765229	-12.650249576917357	230.0	36	1.05	0.95				
	315	2	203.02641573754389	40.98956027508772	0.0	0.0	3	1.0467878399560233	-6.111228187427242	230.0	36	1.05	0.95				
	316	2	64.04618792982455	12.809237585964913	0.0	0.0	3	1.0464736483828565	-5.954750627530292	230.0	36	1.05	0.95				
	317	1	0.0	0.0	0.0	0.0	3	1.0482136157234354	-3.4686433574958433	230.0	37	1.05	0.95				
	318	2	213.2738058063158	43.551407792280706	0.0	0.0	3	1.0486679019324074	-2.9882051092751163	230.0	37	1.05	0.95				
	319	1	115.92360015298246	23.697089534035086	0.0	0.0	3	1.0417175070154028	-7.2579009486292065	230.0	35	1.05	0.95				
	320	1	81.97912055017544	16.652008861754386	0.0	0.0	3	1.043023123483655	-7.188350379418313	230.0	35	1.05	0.95				
	321	2	0.0	0.0	0.0	0.0	3	1.05	-2.1866160440051883	230.0	37	1.05	0.95				
	322	2	0.0	0.0	0.0	0.0	3	1.05	3.085689847598401	230.0	37	1.05	0.95				
	323	2	0.0	0.0	0.0	0.0	3	1.0452468435657736	-6.678750497474631	230.0	35	1.05	0.95				
	324	1	0.0	0.0	0.0	0.0	3	1.0312529360793654	-9.272848907274716	230.0	36	1.05	0.95				
	325	1	0.0	0.0	0.0	0.0	3	1.0398837143316757	-5.257209900544366	230.0	35	1.05	0.95				
];
