%% MATPOWER Case Format : Version 2
function mpc = RTS_GMLC
mpc.version = '2';

%%-----  Power Flow Data  -----%%
%% system MVA base
mpc.baseMVA = 100.0;
%% bus data
%    bus_i    type    Pd    Qd    Gs    Bs    area    Vm    Va    baseKV    zone    Vmax    Vmin
mpc.bus = [
	101	2	84.13953487578948	17.139534882105263	0.0	0.0	1	1.0372810512256416	0.2874797982487868	138.0	11	1.05	0.95				
	102	2	75.56976743473683	15.58139534736842	0.0	0.0	1	1.0366728836139751	0.025340599522225605	138.0	12	1.05	0.95				
	103	1	140.23255812631578	28.825581392631577	0.0	0.0	1	1.0211810783690884	-0.08786983617111617	138.0	11	1.05	0.95				
	104	1	57.65116278526315	11.686046510526316	0.0	0.0	1	1.019516028753215	-3.3339833279297193	138.0	11	1.05	0.95				
	105	1	55.313953483157896	10.906976743157895	0.0	0.0	1	1.0324439926389632	-3.8349039488725865	138.0	11	1.05	0.95				
	106	1	105.95348836210528	21.81395348631579	0.0	-100.0	1	1.0355317668414952	-6.884017562582121	138.0	12	1.05	0.95				
	107	2	97.38372092105263	19.476744184210524	0.0	0.0	1	1.05	-7.382777992115094	138.0	12	1.05	0.95				
	108	1	133.22093021999999	27.267441857894738	0.0	0.0	1	1.0244632760521177	-8.661638085271855	138.0	12	1.05	0.95				
	109	1	136.3372092894737	28.046511625263154	0.0	0.0	1	1.0265681693406148	-3.881221253632623	138.0	13	1.05	0.95				
	110	1	151.9186046368421	31.16279069473684	0.0	0.0	1	1.05	-5.579489531654859	138.0	13	1.05	0.95				
	111	1	0.0	0.0	0.0	0.0	1	1.0158813757346818	-0.9943157661313399	230.0	13	1.05	0.95				
	112	1	0.0	0.0	0.0	0.0	1	1.0182685453580387	-0.7994245941204831	230.0	13	1.05	0.95				
	113	3	206.45348835263158	42.06976743789474	0.0	0.0	1	1.0171733991045708	8.979879109717696e-28	230.0	14	1.05	0.95				
	114	2	151.13953486947366	30.383720927368422	0.0	0.0	1	1.0211836173520494	1.890199492736198	230.0	16	1.05	0.95				
	115	2	246.96511625578944	49.86046511157895	0.0	0.0	1	1.041102347086925	11.819985504932374	230.0	16	1.05	0.95				
	116	2	77.9069767368421	15.58139534736842	0.0	0.0	1	1.0398373858861416	10.73199432126832	230.0	16	1.05	0.95				
	117	1	0.0	0.0	0.0	0.0	1	1.0428017720056422	15.434066757951818	230.0	17	1.05	0.95				
	118	2	259.4302325336842	52.97674418105264	0.0	0.0	1	1.05	15.738265267782076	230.0	17	1.05	0.95				
	119	1	141.01162789368422	28.825581392631577	0.0	0.0	1	1.0351821976303843	7.98377007108636	230.0	15	1.05	0.95				
	120	1	99.7209302231579	20.255813951578947	0.0	0.0	1	1.0385745350237914	6.700633710865242	230.0	15	1.05	0.95				
	121	2	0.0	0.0	0.0	0.0	1	1.05	17.479742927087486	230.0	17	1.05	0.95				
	122	2	0.0	0.0	0.0	0.0	1	1.05	32.28955893852782	230.0	17	1.05	0.95				
	123	2	0.0	0.0	0.0	0.0	1	1.0425577283411491	6.573160096743057	230.0	15	1.05	0.95				
	124	1	0.0	0.0	0.0	0.0	1	1.0187345830326682	7.397342651714567	230.0	16	1.05	0.95				
	201	2	103.80103889684212	21.144656071578947	0.0	0.0	2	1.05	-20.770827425506052	138.0	21	1.05	0.95				
	202	2	93.22871086105262	19.222414610526318	0.0	0.0	2	1.05	-20.90105816092704	138.0	22	1.05	0.95				
	203	1	173.00173149473684	35.56146702947368	0.0	0.0	2	1.0166311814394462	-14.77800901648053	138.0	21	1.05	0.95				
	204	1	71.12293405894737	14.416810957894736	0.0	0.0	2	1.0153633717846577	-21.45759467740808	138.0	21	1.05	0.95				
	205	1	68.23957186736841	13.455690227368422	0.0	0.0	2	1.0345111002160612	-22.193747982830338	138.0	21	1.05	0.95				
	206	1	130.71241935157894	26.911380454736843	0.0	-100.0	2	1.0296672230053696	-23.911485597408095	138.0	22	1.05	0.95				
	207	2	120.14009131578946	24.028018263157893	0.0	0.0	2	0.95	-32.015511426944315	138.0	22	1.05	0.95				
	208	1	164.35164491999998	33.63922556842105	0.0	0.0	2	0.9504419938602915	-29.758092105227927	138.0	22	1.05	0.95				
	209	1	168.19612784210526	34.600346298947365	0.0	0.0	2	1.0193065802936276	-17.998125975034636	138.0	23	1.05	0.95				
	210	1	187.41854245263156	38.444829221052636	0.0	0.0	2	1.0436080505981005	-20.621062490606487	138.0	23	1.05	0.95				
	211	1	0.0	0.0	0.0	0.0	2	1.0304539444968759	-13.311126642628228	230.0	23	1.05	0.95				
	212	1	0.0	0.0	0.0	0.0	2	1.0221793883063504	-8.158014327532735	230.0	23	1.05	0.95				
	213	2	254.69699358947366	51.90051944842106	0.0	0.0	2	1.05	-9.6743508402957	230.0	24	1.05	0.95				
	214	2	186.45742172210524	37.48370849052631	0.0	0.0	2	1.05	-10.82005238190444	230.0	26	1.05	0.95				
	215	2	304.6752715768421	61.5117267536842	0.0	0.0	2	1.0402068597811809	-1.0911336619622345	230.0	26	1.05	0.95				
	216	2	96.11207305263157	19.222414610526318	0.0	0.0	2	1.0447711153487291	-1.2842842250059272	230.0	26	1.05	0.95				
	217	1	0.0	0.0	0.0	0.0	2	1.0476833212534484	2.4129495309624476	230.0	27	1.05	0.95				
	218	2	320.05320326526316	65.35620967578947	0.0	0.0	2	1.05	2.709034190392567	230.0	27	1.05	0.95				
	219	1	173.96285222526316	35.56146702947368	0.0	0.0	2	1.0392274685294103	-1.3298183079104746	230.0	25	1.05	0.95				
	220	1	123.0234535073684	24.98913899368421	0.0	0.0	2	1.0437042745395617	0.4357052448703516	230.0	25	1.05	0.95				
	221	2	0.0	0.0	0.0	0.0	2	1.05	3.1813599757449147	230.0	27	1.05	0.95				
	222	2	0.0	0.0	0.0	0.0	2	1.05	9.391644417019716	230.0	27	1.05	0.95				
	223	2	0.0	0.0	0.0	0.0	2	1.05	2.095474979546291	230.0	25	1.05	0.95				
	224	1	0.0	0.0	0.0	0.0	2	1.0140077769795997	-6.160416451535702	230.0	26	1.05	0.95				
	301	2	105.50585258526317	21.491932934035088	0.0	0.0	3	1.0184445301686151	-4.333575451527628	138.0	31	1.05	0.95				
	302	2	94.7598861182456	19.53812084912281	0.0	0.0	3	1.0174043507411052	-4.872833399474891	138.0	32	1.05	0.95				
	303	1	175.84308764210525	36.14552357087719	0.0	0.0	3	1.038965699202329	13.655555894891027	138.0	31	1.05	0.95				
	304	1	72.29104714175438	14.653590636842104	0.0	0.0	3	0.9920177492292063	-1.704992865510554	138.0	31	1.05	0.95				
	305	1	69.36032901438595	13.676684594385966	0.0	0.0	3	1.0094678096283014	-4.578767788378404	138.0	31	1.05	0.95				
	306	1	132.8592217740351	27.353369188771932	0.0	-100.0	3	1.0079462833548343	-5.786476642216712	138.0	32	1.05	0.95				
	307	2	122.11325530701754	24.422651061403506	0.0	0.0	3	0.95	-9.154022882708187	138.0	32	1.05	0.95				
	308	1	167.05093326	34.19171148596491	0.0	0.0	3	0.9531185715863306	-6.4290866693746995	138.0	32	1.05	0.95				
	309	1	170.95855742982457	35.168617528421045	0.0	0.0	3	1.0113187130552221	5.033367006668477	138.0	33	1.05	0.95				
	310	1	190.49667827894737	39.07624169824562	0.0	0.0	3	1.0271947697670991	-1.598761053323834	138.0	33	1.05	0.95				
	311	1	0.0	0.0	0.0	0.0	3	1.0108859519229558	7.479254813752206	230.0	33	1.05	0.95				
	312	1	0.0	0.0	0.0	0.0	3	1.01151446079887	8.883525735289236	230.0	33	1.05	0.95				
	313	2	258.8801012508772	52.752926292631585	0.0	0.0	3	1.035600400011091	14.175533400139406	230.0	34	1.05	0.95				
	314	2	189.5197722364912	38.099335655789474	0.0	0.0	3	1.022473494373498	7.1342120713596	230.0	36	1.05	0.95				
	315	2	309.67921545859645	62.52198671719298	0.0	0.0	3	1.0489962205319017	9.772893565827234	230.0	36	1.05	0.95				
	316	2	97.69060424561403	19.53812084912281	0.0	0.0	3	1.0444510451590387	10.605004560726458	230.0	36	1.05	0.95				
	317	1	0.0	0.0	0.0	0.0	3	1.05	14.436189256030278	230.0	37	1.05	0.95				
	318	2	325.30971213789473	66.42961088701755	0.0	0.0	3	1.0416464887631542	11.101039911039525	230.0	37	1.05	0.95				
	319	1	176.8199936845614	36.14552357087719	0.0	0.0	3	1.0367857124086304	10.605846433486205	230.0	35	1.05	0.95				
	320	1	125.04397343438596	25.39955710385965	0.0	0.0	3	1.0360443051694037	11.076640661141084	230.0	35	1.05	0.95				
	321	2	0.0	0.0	0.0	0.0	3	1.0481355351043218	11.30699303024949	230.0	37	1.05	0.95				
	322	2	0.0	0.0	0.0	0.0	3	1.05	16.881041590194158	230.0	37	1.05	0.95				
	323	2	0.0	0.0	0.0	0.0	3	1.0378265957665347	11.665747897646023	230.0	35	1.05	0.95				
	324	1	0.0	0.0	0.0	0.0	3	1.0443692268571745	12.669038231911202	230.0	36	1.05	0.95				
	325	1	0.0	0.0	0.0	0.0	3	1.038292728775444	12.161263546763708	230.0	35	1.05	0.95				
];

%% generator data
%    bus    Pg    Qg    Qmax    Qmin    Vg    mBase    status    Pmax    Pmin    Pc1    Pc2    Qc1min    Qc1max    Qc2min    Qc2max    ramp_agc    ramp_10    ramp_30    ramp_q    apf
