%% MATPOWER Case Format : Version 2
function mpc = RTS_GMLC
mpc.version = '2';

%%-----  Power Flow Data  -----%%
%% system MVA base
mpc.baseMVA = 100.0;
%% bus data
%    bus_i    type    Pd    Qd    Gs    Bs    area    Vm    Va    baseKV    zone    Vmax    Vmin
mpc.bus = [
	101	2	49.85848591578947	10.156358242105263	0.0	0.0	1	1.0420468232942186	1.8265665588284674	138.0	11	1.05	0.95				
	102	2	44.78030679473684	9.23305294736842	0.0	0.0	1	1.0398774581588928	1.2486061462930333	138.0	12	1.05	0.95				
	103	1	83.09747652631579	17.08114795263158	0.0	0.0	1	1.0306361153698547	-0.07201654664165841	138.0	11	1.05	0.95				
	104	1	34.16229590526316	6.924789710526315	0.0	0.0	1	1.0263484003160754	-1.586218360009525	138.0	11	1.05	0.95				
	105	1	32.77733796315789	6.463137063157895	0.0	0.0	1	1.0393922171606456	-1.7822448858917537	138.0	11	1.05	0.95				
	106	1	62.78476004210527	12.92627412631579	0.0	-100.0	1	1.0459142440668265	-4.3816066245398515	138.0	12	1.05	0.95				
	107	2	57.706580921052634	11.541316184210526	0.0	0.0	1	1.0006222750529685	-10.513000061441067	138.0	12	1.05	0.95				
	108	1	78.9426027	16.157842657894737	0.0	0.0	1	1.003102074166512	-8.991394611707083	138.0	12	1.05	0.95				
	109	1	80.78921328947368	16.619495305263158	0.0	0.0	1	1.0247708937580886	-3.045219190825631	138.0	13	1.05	0.95				
	110	1	90.0222662368421	18.46610589473684	0.0	0.0	1	1.05	-4.023542851178843	138.0	13	1.05	0.95				
	111	1	0.0	0.0	0.0	0.0	1	1.0042121993140456	-1.081646019018931	230.0	13	1.05	0.95				
	112	1	0.0	0.0	0.0	0.0	1	1.0083348090222604	-1.3403763103707385	230.0	13	1.05	0.95				
	113	3	122.33795155263157	24.929242957894736	0.0	0.0	1	0.9975983723710864	1.3474515122579716e-29	230.0	14	1.05	0.95				
	114	2	89.56061358947368	18.00445324736842	0.0	0.0	1	1.0013026786465031	0.5572372960750653	230.0	16	1.05	0.95				
	115	2	146.34388921578946	29.54576943157895	0.0	0.0	1	1.0363021153938874	6.7701588412413995	230.0	16	1.05	0.95				
	116	2	46.165264736842104	9.23305294736842	0.0	0.0	1	1.03169244358393	5.593338575440318	230.0	16	1.05	0.95				
	117	1	0.0	0.0	0.0	0.0	1	1.038838910416243	9.396816026633987	230.0	17	1.05	0.95				
	118	2	153.7303315736842	31.392380021052634	0.0	0.0	1	1.0432820269800611	10.06785461964886	230.0	17	1.05	0.95				
	119	1	83.55912917368421	17.08114795263158	0.0	0.0	1	1.0206659971643697	3.1508167110431096	230.0	15	1.05	0.95				
	120	1	59.0915388631579	12.002968831578947	0.0	0.0	1	1.0151911029462806	1.7130416349056994	230.0	15	1.05	0.95				
	121	2	0.0	0.0	0.0	0.0	1	1.0460075155094615	11.603759739607815	230.0	17	1.05	0.95				
	122	2	0.0	0.0	0.0	0.0	1	1.05	19.63752717555824	230.0	17	1.05	0.95				
	123	2	0.0	0.0	0.0	0.0	1	1.0129571076334212	1.2802471813927678	230.0	15	1.05	0.95				
	124	1	0.0	0.0	0.0	0.0	1	1.0251686408861778	4.199809077763208	230.0	16	1.05	0.95				
	201	2	43.60459626947369	8.882417758596493	0.0	0.0	2	1.01442154787912	-12.476351143635638	138.0	21	1.05	0.95				
	202	2	39.163387390175444	8.07492523508772	0.0	0.0	2	1.0135228270792407	-12.737857961941769	138.0	22	1.05	0.95				
	203	1	72.67432711578948	14.938611684912281	0.0	0.0	2	1.015654318586382	-9.181849160385019	138.0	21	1.05	0.95				
	204	1	29.877223369824563	6.056193926315789	0.0	0.0	2	1.0125932557973756	-12.242329761503738	138.0	21	1.05	0.95				
	205	1	28.665984584561404	5.652447664561405	0.0	0.0	2	1.0273069107902955	-12.623538187899285	138.0	21	1.05	0.95				
	206	1	54.909491598596496	11.30489532912281	0.0	-100.0	2	1.0425368955104084	-13.214811610428574	138.0	22	1.05	0.95				
	207	2	50.46828271929825	10.09365654385965	0.0	0.0	2	0.9964175111908735	-18.042386672331514	138.0	22	1.05	0.95				
	208	1	69.04061075999999	14.131119161403507	0.0	0.0	2	1.001946210342133	-16.229140722117428	138.0	22	1.05	0.95				
	209	1	70.65559580701755	14.534865423157894	0.0	0.0	2	1.0234561299740859	-10.165140970264746	138.0	23	1.05	0.95				
	210	1	78.73052104210527	16.14985047017544	0.0	0.0	2	1.05	-11.471327645085049	138.0	23	1.05	0.95				
	211	1	0.0	0.0	0.0	0.0	2	1.0046791419495225	-7.29922090561851	230.0	23	1.05	0.95				
	212	1	0.0	0.0	0.0	0.0	2	1.0081633830489403	-5.328453732753836	230.0	23	1.05	0.95				
	213	2	106.99275936491229	21.802298134736844	0.0	0.0	2	1.0000703592080233	-5.5570974260302375	230.0	24	1.05	0.95				
	214	2	78.32677478035089	15.746104208421055	0.0	0.0	2	1.0045286803411313	-5.1751445482023835	230.0	26	1.05	0.95				
	215	2	127.98756497614036	25.839760752280704	0.0	0.0	2	1.0217682985873608	0.6211057226867236	230.0	26	1.05	0.95				
	216	2	40.3746261754386	8.07492523508772	0.0	0.0	2	1.0214923916690757	0.2923820005406619	230.0	26	1.05	0.95				
	217	1	0.0	0.0	0.0	0.0	2	1.0258448493534116	1.3450866115992006	230.0	27	1.05	0.95				
	218	2	134.44750516421053	27.454745799298248	0.0	0.0	2	1.0253938644091465	1.0320970654801314	230.0	27	1.05	0.95				
	219	1	73.07807337754386	14.938611684912281	0.0	0.0	2	1.0209103548515748	0.36315334076127814	230.0	25	1.05	0.95				
	220	1	51.67952150456141	10.497402805614037	0.0	0.0	2	1.023035198085906	1.2211089180881776	230.0	25	1.05	0.95				
	221	2	0.0	0.0	0.0	0.0	2	1.0276948944712556	1.6894118246402967	230.0	27	1.05	0.95				
	222	2	0.0	0.0	0.0	0.0	2	1.0492354709221778	8.053986605756007	230.0	27	1.05	0.95				
	223	2	0.0	0.0	0.0	0.0	2	1.024893084159173	2.004151917857026	230.0	25	1.05	0.95				
	224	1	0.0	0.0	0.0	0.0	2	1.0074442446162675	-3.06563016381288	230.0	26	1.05	0.95				
	301	2	55.759569764210525	11.358430877894737	0.0	0.0	3	1.0077786393411485	2.5430464658051797	138.0	31	1.05	0.95				
	302	2	50.08035432526315	10.32584625263158	0.0	0.0	3	1.006784100276308	2.329892404715299	138.0	32	1.05	0.95				
	303	1	92.9326162736842	19.10281556736842	0.0	0.0	3	1.038981440200968	11.261755675631377	138.0	31	1.05	0.95				
	304	1	38.20563113473684	7.744384689473684	0.0	0.0	3	1.008366531657143	3.6866119276440292	138.0	31	1.05	0.95				
	305	1	36.6567541968421	7.228092376842106	0.0	0.0	3	1.0221264994588808	2.856755314752697	138.0	31	1.05	0.95				
	306	1	70.21575451789474	14.456184753684212	0.0	-100.0	3	1.0375846082100124	2.434292293518711	138.0	32	1.05	0.95				
	307	2	64.53653907894736	12.907307815789473	0.0	0.0	3	0.9914011664247225	-2.4050362956029407	138.0	32	1.05	0.95				
	308	1	88.28598545999999	18.070230942105262	0.0	0.0	3	0.9979206954532438	-0.053162210185316056	138.0	32	1.05	0.95				
	309	1	90.35115471052632	18.586523254736843	0.0	0.0	3	1.026478233278482	6.908684501293833	138.0	33	1.05	0.95				
	310	1	100.67700096315788	20.65169250526316	0.0	0.0	3	1.05	4.830647395334486	138.0	33	1.05	0.95				
	311	1	0.0	0.0	0.0	0.0	3	1.0090724152731718	9.579457334458544	230.0	33	1.05	0.95				
	312	1	0.0	0.0	0.0	0.0	3	1.0142127646417505	10.383200609195992	230.0	33	1.05	0.95				
	313	2	136.81746284736843	27.879784882105263	0.0	0.0	3	1.0145223928222304	14.42140416735926	230.0	34	1.05	0.95				
	314	2	100.1607086505263	20.13540019263158	0.0	0.0	3	1.0060925711939432	9.133808062569411	230.0	36	1.05	0.95				
	315	2	163.66466310421052	33.04270800842105	0.0	0.0	3	1.0301114891256822	6.734503829608606	230.0	36	1.05	0.95				
	316	2	51.62923126315789	10.32584625263158	0.0	0.0	3	1.0259887512760668	7.119051367175762	230.0	36	1.05	0.95				
	317	1	0.0	0.0	0.0	0.0	3	1.0317698916098457	7.063998971564408	230.0	37	1.05	0.95				
	318	2	171.9253401063158	35.10787725894737	0.0	0.0	3	1.0302306911269847	6.064625727748059	230.0	37	1.05	0.95				
	319	1	93.4489085863158	19.10281556736842	0.0	0.0	3	1.023536369104599	8.83937060855631	230.0	35	1.05	0.95				
	320	1	66.0854160168421	13.423600128421054	0.0	0.0	3	1.0224681915210256	9.920107866089788	230.0	35	1.05	0.95				
	321	2	0.0	0.0	0.0	0.0	3	1.0321914797484353	6.851007949662846	230.0	37	1.05	0.95				
	322	2	0.0	0.0	0.0	0.0	3	1.0453711866873288	11.279613696794337	230.0	37	1.05	0.95				
	323	2	0.0	0.0	0.0	0.0	3	1.0221426261107167	10.514591641615532	230.0	35	1.05	0.95				
	324	1	0.0	0.0	0.0	0.0	3	1.0329801898112696	10.025159089152462	230.0	36	1.05	0.95				
	325	1	0.0	0.0	0.0	0.0	3	1.0247981325567974	10.619935973268088	230.0	35	1.05	0.95				
];
