%% MATPOWER Case Format : Version 2
function mpc = RTS_GMLC
mpc.version = '2';

%%-----  Power Flow Data  -----%%
%% system MVA base
mpc.baseMVA = 100.0;
%% bus data
%    bus_i    type    Pd    Qd    Gs    Bs    area    Vm    Va    baseKV    zone    Vmax    Vmin
mpc.bus = [
	101	2	56.484908450526326	11.506185054736843	0.0	0.0	1	1.0387339024084077	0.5682736297319788	138.0	11	1.05	0.95				
	102	2	50.731815923157896	10.460168231578947	0.0	0.0	1	1.037841081149151	0.29220746765709915	138.0	12	1.05	0.95				
	103	1	94.14151408421053	19.351311228421054	0.0	0.0	1	1.0285990406559542	-0.9457356107014665	138.0	11	1.05	0.95				
	104	1	38.70262245684211	7.845126173684211	0.0	0.0	1	1.0235315065292037	-2.7299240334200117	138.0	11	1.05	0.95				
	105	1	37.133597222105266	7.322117762105264	0.0	0.0	1	1.0370645827406586	-2.8840626090358623	138.0	11	1.05	0.95				
	106	1	71.12914397473685	14.644235524210528	0.0	-100.0	1	1.0437177539118134	-5.368146776866229	138.0	12	1.05	0.95				
	107	2	65.37605144736843	13.075210289473684	0.0	0.0	1	0.9993425320965935	-12.233757363644763	138.0	12	1.05	0.95				
	108	1	89.43443838	18.305294405263158	0.0	0.0	1	1.00002904337518	-10.469049852244673	138.0	12	1.05	0.95				
	109	1	91.5264720263158	18.828302816842104	0.0	0.0	1	1.025239051398756	-3.706017387725875	138.0	13	1.05	0.95				
	110	1	101.98664025789475	20.920336463157895	0.0	0.0	1	1.05	-4.75892198220278	138.0	13	1.05	0.95				
	111	1	0.0	0.0	0.0	0.0	1	1.007598581632149	-1.2374982474027885	230.0	13	1.05	0.95				
	112	1	0.0	0.0	0.0	0.0	1	1.0116558737083494	-0.9931841447281216	230.0	13	1.05	0.95				
	113	3	138.59722906842106	28.242454225263163	0.0	0.0	1	1.003998009569357	2.6426621838073507e-30	230.0	14	1.05	0.95				
	114	2	101.46363184631579	20.39732805157895	0.0	0.0	1	1.0068657215702272	0.778582276867803	230.0	16	1.05	0.95				
	115	2	165.79366647052632	33.47253834105263	0.0	0.0	1	1.039826909440046	7.218040991250959	230.0	16	1.05	0.95				
	116	2	52.30084115789474	10.460168231578947	0.0	0.0	1	1.0368129436000826	6.715962448461643	230.0	16	1.05	0.95				
	117	1	0.0	0.0	0.0	0.0	1	1.0422808164255994	9.840145552702946	230.0	17	1.05	0.95				
	118	2	174.16180105578948	35.564571987368424	0.0	0.0	1	1.0457134941600639	10.135743987165771	230.0	17	1.05	0.95				
	119	1	94.66452249578948	19.351311228421054	0.0	0.0	1	1.029527013886681	5.064233870744853	230.0	15	1.05	0.95				
	120	1	66.94507668210527	13.598218701052634	0.0	0.0	1	1.0273390403275398	4.511966546166964	230.0	15	1.05	0.95				
	121	2	0.0	0.0	0.0	0.0	1	1.048749025527457	11.549068264076343	230.0	17	1.05	0.95				
	122	2	0.0	0.0	0.0	0.0	1	1.05	20.251485102722356	230.0	17	1.05	0.95				
	123	2	0.0	0.0	0.0	0.0	1	1.027076337115459	4.607690778674707	230.0	15	1.05	0.95				
	124	1	0.0	0.0	0.0	0.0	1	1.0252246459781962	4.166586426601869	230.0	16	1.05	0.95				
	201	2	56.64347552842105	11.538485755789472	0.0	0.0	2	1.023403519713857	-12.080928475752051	138.0	21	1.05	0.95				
	202	2	50.87423265052631	10.489532505263158	0.0	0.0	2	1.0242821449430386	-11.919415084528849	138.0	22	1.05	0.95				
	203	1	94.40579254736842	19.40563513473684	0.0	0.0	2	1.0154392047613987	-10.709227368971966	138.0	21	1.05	0.95				
	204	1	38.81127026947368	7.867149378947367	0.0	0.0	2	1.0155687789520886	-13.057606033041361	138.0	21	1.05	0.95				
	205	1	37.23784039368421	7.342672753684211	0.0	0.0	2	1.0302303947542364	-13.40302873770746	138.0	21	1.05	0.95				
	206	1	71.32882103578947	14.685345507368423	0.0	-100.0	2	1.0414422315019447	-14.617333918461073	138.0	22	1.05	0.95				
	207	2	65.55957815789472	13.111915631578947	0.0	0.0	2	0.9911088744040737	-22.071637433896182	138.0	22	1.05	0.95				
	208	1	89.68550291999999	18.356681884210523	0.0	0.0	2	0.9937987853551222	-19.611341592580978	138.0	22	1.05	0.95				
	209	1	91.78340942105262	18.881158509473682	0.0	0.0	2	1.0239364362501624	-11.835348748119278	138.0	23	1.05	0.95				
	210	1	102.27294192631578	20.979065010526316	0.0	0.0	2	1.05	-13.062175899562996	138.0	23	1.05	0.95				
	211	1	0.0	0.0	0.0	0.0	2	1.0102581619395778	-8.646424264210467	230.0	23	1.05	0.95				
	212	1	0.0	0.0	0.0	0.0	2	1.0131743640022464	-6.262932086044579	230.0	23	1.05	0.95				
	213	2	138.9863056947368	28.321737764210525	0.0	0.0	2	1.0101246231746486	-6.6337286310276475	230.0	24	1.05	0.95				
	214	2	101.74846530105262	20.454588385263158	0.0	0.0	2	1.0124826417762638	-6.5378769252539914	230.0	26	1.05	0.95				
	215	2	166.25909020842104	33.5665040168421	0.0	0.0	2	1.0282881774079495	-0.2662273239656423	230.0	26	1.05	0.95				
	216	2	52.44766252631579	10.489532505263158	0.0	0.0	2	1.0298023742323597	-0.34463092526365974	230.0	26	1.05	0.95				
	217	1	0.0	0.0	0.0	0.0	2	1.032802384907053	1.1406780042022118	230.0	27	1.05	0.95				
	218	2	174.65071621263158	35.66441051789474	0.0	0.0	2	1.0315310113356204	0.44158964648195864	230.0	27	1.05	0.95				
	219	1	94.93026917263158	19.40563513473684	0.0	0.0	2	1.031109224138787	0.13805386540540468	230.0	25	1.05	0.95				
	220	1	67.1330080336842	13.636392256842106	0.0	0.0	2	1.036405363891366	1.5625524724881517	230.0	25	1.05	0.95				
	221	2	0.0	0.0	0.0	0.0	2	1.0333527741143202	1.0139257667153259	230.0	27	1.05	0.95				
	222	2	0.0	0.0	0.0	0.0	2	1.05	7.559454121836786	230.0	27	1.05	0.95				
	223	2	0.0	0.0	0.0	0.0	2	1.0408200106806702	2.730311247180798	230.0	25	1.05	0.95				
	224	1	0.0	0.0	0.0	0.0	2	1.0106019708520038	-4.168284827925743	230.0	26	1.05	0.95				
	301	2	56.92122746526317	11.595064854035089	0.0	0.0	3	1.0085726151466055	-6.317505302764673	138.0	31	1.05	0.95				
	302	2	51.12369503824562	10.540968049122808	0.0	0.0	3	1.0078655221245054	-6.4735493111001645	138.0	32	1.05	0.95				
	303	1	94.86871244210528	19.50079089087719	0.0	0.0	3	1.0322689421790756	1.154635947628809	138.0	31	1.05	0.95				
	304	1	39.00158178175438	7.905726036842105	0.0	0.0	3	1.009190157663066	-4.686751064386326	138.0	31	1.05	0.95				
	305	1	37.42043657438596	7.378677634385966	0.0	0.0	3	1.0222684569083373	-5.756907586966617	138.0	31	1.05	0.95				
	306	1	71.6785827340351	14.757355268771931	0.0	-100.0	3	1.037504937855956	-6.042662286324515	138.0	32	1.05	0.95				
	307	2	65.88105030701755	13.17621006140351	0.0	0.0	3	0.9920641084495577	-11.922965531286644	138.0	32	1.05	0.95				
	308	1	90.12527682	18.446694085964914	0.0	0.0	3	0.9950954288244487	-9.461221621918247	138.0	32	1.05	0.95				
	309	1	92.23347042982456	18.973742488421053	0.0	0.0	3	1.0280337936295947	-1.0809203143148742	138.0	33	1.05	0.95				
	310	1	102.77443847894736	21.081936098245617	0.0	0.0	3	1.05	-3.50303261692864	138.0	33	1.05	0.95				
	311	1	0.0	0.0	0.0	0.0	3	1.011509266040766	2.4503847423201455	230.0	33	1.05	0.95				
	312	1	0.0	0.0	0.0	0.0	3	1.0140378442885134	2.58777009669949	230.0	33	1.05	0.95				
	313	2	139.6678266508772	28.460613732631586	0.0	0.0	3	1.0130252509364546	5.523247833300285	230.0	34	1.05	0.95				
	314	2	102.24739007649124	20.554887695789475	0.0	0.0	3	1.0154308300934578	4.57643172944628	230.0	36	1.05	0.95				
	315	2	167.07434357859648	33.731097757192984	0.0	0.0	3	1.0395768260093756	6.928041093797157	230.0	36	1.05	0.95				
	316	2	52.70484024561404	10.540968049122808	0.0	0.0	3	1.0380820165691294	7.251754901795909	230.0	36	1.05	0.95				
	317	1	0.0	0.0	0.0	0.0	3	1.05	11.571222720708914	230.0	37	1.05	0.95				
	318	2	175.50711801789475	35.83929136701755	0.0	0.0	3	1.0467528061726459	9.237673049264366	230.0	37	1.05	0.95				
	319	1	95.39576084456141	19.50079089087719	0.0	0.0	3	1.0317829156291516	6.768143805811698	230.0	35	1.05	0.95				
	320	1	67.46219551438597	13.70325846385965	0.0	0.0	3	1.0280969626563103	6.38961412629224	230.0	35	1.05	0.95				
	321	2	0.0	0.0	0.0	0.0	3	1.0453959800094645	9.096055099296674	230.0	37	1.05	0.95				
	322	2	0.0	0.0	0.0	0.0	3	1.05	14.409716562604947	230.0	37	1.05	0.95				
	323	2	0.0	0.0	0.0	0.0	3	1.0265780615137305	6.399612917875225	230.0	35	1.05	0.95				
	324	1	0.0	0.0	0.0	0.0	3	1.0305941059409551	6.000997549313606	230.0	36	1.05	0.95				
	325	1	0.0	0.0	0.0	0.0	3	1.0280805746080266	6.848755697514627	230.0	35	1.05	0.95				
];
