%% MATPOWER Case Format : Version 2
function mpc = RTS_GMLC
mpc.version = '2';

%%-----  Power Flow Data  -----%%
%% system MVA base
mpc.baseMVA = 100.0;
%% bus data
%    bus_i    type    Pd    Qd    Gs    Bs    area    Vm    Va    baseKV    zone    Vmax    Vmin
mpc.bus = [
	101	2	52.65066797052632	10.725136068070174	0.0	0.0	1	1.0324360653869684	2.329167105073477	138.0	11	1.05	0.95				
	102	2	47.28809993649123	9.750123698245615	0.0	0.0	1	1.032061448110381	2.207588746859261	138.0	12	1.05	0.95				
	103	1	87.75111328421052	18.037728841754387	0.0	0.0	1	1.0270833675962812	0.089304937848581	138.0	11	1.05	0.95				
	104	1	36.07545768350877	7.3125927736842105	0.0	0.0	1	1.0202061354249028	-1.0188353387793796	138.0	11	1.05	0.95				
	105	1	34.61293912877193	6.8250865887719305	0.0	0.0	1	1.0345550522423221	-0.8046173140285221	138.0	11	1.05	0.95				
	106	1	66.30084114807018	13.650173177543861	0.0	-100.0	1	1.0434923143080033	-3.043071413611635	138.0	12	1.05	0.95				
	107	2	60.93827311403509	12.187654622807017	0.0	0.0	1	1.024710097639715	-2.5608068439230034	138.0	12	1.05	0.95				
	108	1	83.36355762	17.06271647192982	0.0	0.0	1	1.0184210042793254	-3.888232472912024	138.0	12	1.05	0.95				
	109	1	85.31358235964912	17.550222656842106	0.0	0.0	1	1.0256295668522908	-1.682067749948868	138.0	13	1.05	0.95				
	110	1	95.06370605789473	19.50024739649123	0.0	0.0	1	1.05	-2.4415346496228705	138.0	13	1.05	0.95				
	111	1	0.0	0.0	0.0	0.0	1	1.004602104408675	-0.21722389308970733	230.0	13	1.05	0.95				
	112	1	0.0	0.0	0.0	0.0	1	1.0100579705254242	0.3709385163515468	230.0	13	1.05	0.95				
	113	3	129.18913900175437	26.32533398526316	0.0	0.0	1	0.9974102054768759	-1.221142525805076e-29	230.0	14	1.05	0.95				
	114	2	94.57619987298246	19.01274121157895	0.0	0.0	1	1.0005655381666916	1.5598429049041673	230.0	16	1.05	0.95				
	115	2	154.53946061719296	31.200395834385965	0.0	0.0	1	1.03987742774533	7.0861721731782366	230.0	16	1.05	0.95				
	116	2	48.75061849122807	9.750123698245615	0.0	0.0	1	1.0358133309237496	6.901826556272362	230.0	16	1.05	0.95				
	117	1	0.0	0.0	0.0	0.0	1	1.043354535893285	8.779315266878381	230.0	17	1.05	0.95				
	118	2	162.33955957578948	33.15042057403509	0.0	0.0	1	1.0465411349187599	8.624698784126814	230.0	17	1.05	0.95				
	119	1	88.23861946912281	18.037728841754387	0.0	0.0	1	1.0296404130396317	6.098329901504202	230.0	15	1.05	0.95				
	120	1	62.40079166877193	12.6751608077193	0.0	0.0	1	1.0278739447019927	6.33959565511755	230.0	15	1.05	0.95				
	121	2	0.0	0.0	0.0	0.0	1	1.05	8.969268860898481	230.0	17	1.05	0.95				
	122	2	0.0	0.0	0.0	0.0	1	1.05	17.539522416168754	230.0	17	1.05	0.95				
	123	2	0.0	0.0	0.0	0.0	1	1.0277814746866691	6.846378724016264	230.0	15	1.05	0.95				
	124	1	0.0	0.0	0.0	0.0	1	1.0258813371794724	4.479002152588129	230.0	16	1.05	0.95				
	201	2	53.277506677894735	10.852825434385965	0.0	0.0	2	1.0314892421093802	-6.457820504591122	138.0	21	1.05	0.95				
	202	2	47.85109396070175	9.866204940350878	0.0	0.0	2	1.0316632599252837	-6.5128854989801	138.0	22	1.05	0.95				
	203	1	88.79584446315789	18.25247913964912	0.0	0.0	2	1.0238104239817054	-5.599008930400288	138.0	21	1.05	0.95				
	204	1	36.50495827929824	7.399653705263157	0.0	0.0	2	1.0190702446212294	-9.093359142244937	138.0	21	1.05	0.95				
	205	1	35.02502753824561	6.9063434582456145	0.0	0.0	2	1.0342338264056625	-9.245562692983663	138.0	21	1.05	0.95				
	206	1	67.09019359438597	13.812686916491229	0.0	-100.0	2	1.0434562427376382	-11.283394274536084	138.0	22	1.05	0.95				
	207	2	61.66378087719298	12.332756175438595	0.0	0.0	2	0.9863978568810968	-18.81088185215632	138.0	22	1.05	0.95				
	208	1	84.35605224	17.26585864561403	0.0	0.0	2	0.9923824289737225	-16.535930526076644	138.0	22	1.05	0.95				
	209	1	86.32929322807017	17.75916889263158	0.0	0.0	2	1.0235629305933012	-9.199099549886098	138.0	23	1.05	0.95				
	210	1	96.19549816842104	19.732409880701756	0.0	0.0	2	1.05	-10.509177657631662	138.0	23	1.05	0.95				
	211	1	0.0	0.0	0.0	0.0	2	1.0086964399098308	-6.69082380430884	230.0	23	1.05	0.95				
	212	1	0.0	0.0	0.0	0.0	2	1.0133022761928334	-6.293821483024761	230.0	23	1.05	0.95				
	213	2	130.7272154596491	26.638753338947367	0.0	0.0	2	1.0040729266305022	-6.062340492419968	230.0	24	1.05	0.95				
	214	2	95.7021879214035	19.23909963368421	0.0	0.0	2	1.011527977703263	-3.996636937987072	230.0	26	1.05	0.95				
	215	2	156.3793483045614	31.571855809122805	0.0	0.0	2	1.0318956351268622	3.0286570045302246	230.0	26	1.05	0.95				
	216	2	49.33102470175438	9.866204940350878	0.0	0.0	2	1.0347889226830336	2.755246101686769	230.0	26	1.05	0.95				
	217	1	0.0	0.0	0.0	0.0	2	1.038716859840605	5.799186417299614	230.0	27	1.05	0.95				
	218	2	164.2723122568421	33.54509679719298	0.0	0.0	2	1.0404848691290174	6.368052377924259	230.0	27	1.05	0.95				
	219	1	89.28915471017544	18.25247913964912	0.0	0.0	2	1.0358029127922568	1.3947723169787332	230.0	25	1.05	0.95				
	220	1	63.14371161824561	12.82606642245614	0.0	0.0	2	1.040512819015578	1.1599446330830412	230.0	25	1.05	0.95				
	221	2	0.0	0.0	0.0	0.0	2	1.039952759578517	6.0084597608782655	230.0	27	1.05	0.95				
	222	2	0.0	0.0	0.0	0.0	2	1.05	12.428475407273265	230.0	27	1.05	0.95				
	223	2	0.0	0.0	0.0	0.0	2	1.0438842400885102	1.3973112961020897	230.0	25	1.05	0.95				
	224	1	0.0	0.0	0.0	0.0	2	1.0180518568147927	-0.2079746797558857	230.0	26	1.05	0.95				
	301	2	63.73742487157895	12.983549510877193	0.0	0.0	3	1.0076281354745247	-36.01386376334685	138.0	31	1.05	0.95				
	302	2	57.24565011614035	11.803226828070175	0.0	0.0	3	1.0069526378329463	-36.16921910400624	138.0	32	1.05	0.95				
	303	1	106.22904145263156	21.83596963192982	0.0	0.0	3	1.0225948715782063	-28.230411627026673	138.0	31	1.05	0.95				
	304	1	43.67193926385964	8.85242012105263	0.0	0.0	3	1.0067821079778152	-34.145390124134686	138.0	31	1.05	0.95				
	305	1	41.90145523964912	8.262258779649123	0.0	0.0	3	1.0206619199569413	-35.1428022958066	138.0	31	1.05	0.95				
	306	1	80.2619424308772	16.524517559298246	0.0	-100.0	3	1.0353258339191083	-35.31285550630936	138.0	32	1.05	0.95				
	307	2	73.77016767543859	14.754033535087718	0.0	0.0	3	1.0005415502298778	-38.13083739401244	138.0	32	1.05	0.95				
	308	1	100.91758938	20.655646949122804	0.0	0.0	3	0.9997084836498157	-37.06129430652814	138.0	32	1.05	0.95				
	309	1	103.27823474561404	21.245808290526313	0.0	0.0	3	1.0273368168670909	-30.087406327678593	138.0	33	1.05	0.95				
	310	1	115.0814615736842	23.60645365614035	0.0	0.0	3	1.05	-32.3777302893115	138.0	33	1.05	0.95				
	311	1	0.0	0.0	0.0	0.0	3	1.0184253805804702	-25.153518727693584	230.0	33	1.05	0.95				
	312	1	0.0	0.0	0.0	0.0	3	1.0174927473921185	-24.45981075740641	230.0	33	1.05	0.95				
	313	2	156.3927554719298	31.868712435789476	0.0	0.0	3	1.0260916097511854	-21.41662395804749	230.0	34	1.05	0.95				
	314	2	114.4913002322807	23.01629231473684	0.0	0.0	3	1.0298591183784782	-22.40657454705499	230.0	36	1.05	0.95				
	315	2	187.08114522491226	37.77032584982456	0.0	0.0	3	1.0486354560553834	-15.362237411187715	230.0	36	1.05	0.95				
	316	2	59.01613414035087	11.803226828070175	0.0	0.0	3	1.0487543882333257	-14.989273077879163	230.0	36	1.05	0.95				
	317	1	0.0	0.0	0.0	0.0	3	1.0495087158836165	-12.223732700611576	230.0	37	1.05	0.95				
	318	2	196.52372668736842	40.1309712154386	0.0	0.0	3	1.04978944548724	-11.572521113853364	230.0	37	1.05	0.95				
	319	1	106.81920279403508	21.83596963192982	0.0	0.0	3	1.0456189643751825	-16.016170630925494	230.0	35	1.05	0.95				
	320	1	75.54065169964912	15.344194876491226	0.0	0.0	3	1.0476177177607913	-15.805917383294796	230.0	35	1.05	0.95				
	321	2	0.0	0.0	0.0	0.0	3	1.05	-11.192082417536188	230.0	37	1.05	0.95				
	322	2	0.0	0.0	0.0	0.0	3	1.05	-5.820860013881914	230.0	37	1.05	0.95				
	323	2	0.0	0.0	0.0	0.0	3	1.05	-15.259375399990624	230.0	35	1.05	0.95				
	324	1	0.0	0.0	0.0	0.0	3	1.0225596150948273	-20.116880384646173	230.0	36	1.05	0.95				
	325	1	0.0	0.0	0.0	0.0	3	1.0396253435955214	-13.31545310248054	230.0	35	1.05	0.95				
];
