%% MATPOWER Case Format : Version 2
function mpc = RTS_GMLC
mpc.version = '2';

%%-----  Power Flow Data  -----%%
%% system MVA base
mpc.baseMVA = 100.0;
%% bus data
%    bus_i    type    Pd    Qd    Gs    Bs    area    Vm    Va    baseKV    zone    Vmax    Vmin
mpc.bus = [
	101	2	42.63087581052631	8.684067294736842	0.0	0.0	1	1.031945599467732	3.2580779093021532	138.0	11	1.05	0.95				
	102	2	38.28884216315789	7.894606631578947	0.0	0.0	1	1.030970769100987	2.9659986176788777	138.0	12	1.05	0.95				
	103	1	71.05145968421051	14.60502226842105	0.0	0.0	1	1.0317055294886484	2.737456930686753	138.0	11	1.05	0.95				
	104	1	29.2100445368421	5.92095497368421	0.0	0.0	1	1.0208935334975138	-0.12499966232290825	138.0	11	1.05	0.95				
	105	1	28.02585354210526	5.526224642105263	0.0	0.0	1	1.035388478416723	-0.0036960694130534037	138.0	11	1.05	0.95				
	106	1	53.683325094736844	11.052449284210526	0.0	-100.0	1	1.045764076119303	-2.280281322422121	138.0	12	1.05	0.95				
	107	2	49.34129144736842	9.868258289473683	0.0	0.0	1	0.9989939575635158	-8.725364170663017	138.0	12	1.05	0.95				
	108	1	67.4988867	13.815561605263154	0.0	0.0	1	1.0039708555513982	-6.903905572137136	138.0	12	1.05	0.95				
	109	1	69.07780802631578	14.210291936842104	0.0	0.0	1	1.0244778854918708	-1.0465908329730673	138.0	13	1.05	0.95				
	110	1	76.97241465789473	15.789213263157894	0.0	0.0	1	1.05	-2.0605719053925085	138.0	13	1.05	0.95				
	111	1	0.0	0.0	0.0	0.0	1	1.0046882134826836	0.774463669176295	230.0	13	1.05	0.95				
	112	1	0.0	0.0	0.0	0.0	1	1.0083387976405638	0.10174261631688102	230.0	13	1.05	0.95				
	113	3	104.60353786842104	21.315437905263156	0.0	0.0	1	0.9938245811670289	-2.6041427606277563e-30	230.0	14	1.05	0.95				
	114	2	76.57768432631578	15.394482931578946	0.0	0.0	1	1.0066439865091303	3.8842556771088295	230.0	16	1.05	0.95				
	115	2	125.1295151105263	25.262741221052632	0.0	0.0	1	1.0433442867787988	11.84417652889022	230.0	16	1.05	0.95				
	116	2	39.47303315789473	7.894606631578947	0.0	0.0	1	1.0361279218546735	10.529588516042105	230.0	16	1.05	0.95				
	117	1	0.0	0.0	0.0	0.0	1	1.0403415634860225	15.639057004051116	230.0	17	1.05	0.95				
	118	2	131.44520041578946	26.841662547368422	0.0	0.0	1	1.0499999869975785	15.857987583590981	230.0	17	1.05	0.95				
	119	1	71.44619001578947	14.60502226842105	0.0	0.0	1	1.0254192076477335	7.271758936287601	230.0	15	1.05	0.95				
	120	1	50.525482442105265	10.262988621052632	0.0	0.0	1	1.0209118505866055	5.174914965027119	230.0	15	1.05	0.95				
	121	2	0.0	0.0	0.0	0.0	1	1.05	17.02881449287141	230.0	17	1.05	0.95				
	122	2	0.0	0.0	0.0	0.0	1	1.05	34.78201721420347	230.0	17	1.05	0.95				
	123	2	0.0	0.0	0.0	0.0	1	1.0190887214589792	4.323115807542871	230.0	15	1.05	0.95				
	124	1	0.0	0.0	0.0	0.0	1	1.0275104544179827	8.439143899572157	230.0	16	1.05	0.95				
	201	2	43.36659845052632	8.833936721403509	0.0	0.0	2	1.0161349035883183	-12.044114845532459	138.0	21	1.05	0.95				
	202	2	38.94963008982456	8.03085156491228	0.0	0.0	2	1.015811069762691	-12.184524108852232	138.0	22	1.05	0.95				
	203	1	72.27766408421053	14.857075395087719	0.0	0.0	2	1.0152946240988958	-9.096357442320176	138.0	21	1.05	0.95				
	204	1	29.714150790175438	6.02313867368421	0.0	0.0	2	1.0135430342042524	-12.441959669272796	138.0	21	1.05	0.95				
	205	1	28.509523055438596	5.621596095438597	0.0	0.0	2	1.028266306847366	-12.822501217405154	138.0	21	1.05	0.95				
	206	1	54.609790641403514	11.243192190877194	0.0	-100.0	2	1.0430728147383572	-13.72075169132118	138.0	22	1.05	0.95				
	207	2	50.192822280701755	10.03856445614035	0.0	0.0	2	0.994020263235359	-18.815608519756417	138.0	22	1.05	0.95				
	208	1	68.66378087999999	14.053990238596489	0.0	0.0	2	1.0005170562030952	-17.020267613198243	138.0	22	1.05	0.95				
	209	1	70.26995119298245	14.455532816842103	0.0	0.0	2	1.0228537556298263	-10.985628061503425	138.0	23	1.05	0.95				
	210	1	78.30080275789473	16.06170312982456	0.0	0.0	2	1.05	-12.311375183807524	138.0	23	1.05	0.95				
	211	1	0.0	0.0	0.0	0.0	2	1.0054631638380738	-8.147125099075634	230.0	23	1.05	0.95				
	212	1	0.0	0.0	0.0	0.0	2	1.008309864801307	-7.288139323207866	230.0	23	1.05	0.95				
	213	2	106.40878323508771	21.68329922526316	0.0	0.0	2	1.0015858906105812	-6.732579336845469	230.0	24	1.05	0.95				
	214	2	77.89926017964912	15.660160551578947	0.0	0.0	2	1.0057118619791459	-5.766912879747393	230.0	26	1.05	0.95				
	215	2	127.28899730385963	25.698725007719297	0.0	0.0	2	1.021504591039899	0.10380789239769313	230.0	26	1.05	0.95				
	216	2	40.1542578245614	8.03085156491228	0.0	0.0	2	1.0234231765166735	0.03239420551022627	230.0	26	1.05	0.95				
	217	1	0.0	0.0	0.0	0.0	2	1.0276841051731256	1.6209914625557356	230.0	27	1.05	0.95				
	218	2	133.71367855578947	27.304895320701757	0.0	0.0	2	1.0268749874326863	1.110658188044407	230.0	27	1.05	0.95				
	219	1	72.67920666245614	14.857075395087719	0.0	0.0	2	1.0251515854487934	0.10774690497378145	230.0	25	1.05	0.95				
	220	1	51.397450015438594	10.440107034385965	0.0	0.0	2	1.0292281374245782	0.9578403278491427	230.0	25	1.05	0.95				
	221	2	0.0	0.0	0.0	0.0	2	1.0286179011125238	1.5793554447016234	230.0	27	1.05	0.95				
	222	2	0.0	0.0	0.0	0.0	2	1.0499999719184094	8.086371173309484	230.0	27	1.05	0.95				
	223	2	0.0	0.0	0.0	0.0	2	1.032126996989899	1.7290039663769972	230.0	25	1.05	0.95				
	224	1	0.0	0.0	0.0	0.0	2	1.0078398088096863	-3.3551474808988497	230.0	26	1.05	0.95				
	301	2	53.23125592421053	10.843403984561403	0.0	0.0	3	1.0078081843146645	-15.591440031958921	138.0	31	1.05	0.95				
	302	2	47.80955393192982	9.857639985964912	0.0	0.0	3	1.007239564967164	-15.720184762183653	138.0	32	1.05	0.95				
	303	1	88.71875987368422	18.236633974035087	0.0	0.0	3	1.0294132091092443	-8.645898918088287	138.0	31	1.05	0.95				
	304	1	36.47326794807017	7.393229989473683	0.0	0.0	3	1.0102548886021487	-13.803072067953147	138.0	31	1.05	0.95				
	305	1	34.994621950175436	6.9003479901754385	0.0	0.0	3	1.0224521520566454	-15.181232341008757	138.0	31	1.05	0.95				
	306	1	67.03195190456141	13.800695980350877	0.0	-100.0	3	1.038383200853038	-15.514386624594305	138.0	32	1.05	0.95				
	307	2	61.6102499122807	12.32204998245614	0.0	0.0	3	0.992699468605392	-20.6432771361135	138.0	32	1.05	0.95				
	308	1	84.28282188	17.250869975438597	0.0	0.0	3	0.9972047096333889	-18.373920503900496	138.0	32	1.05	0.95				
	309	1	86.25434987719298	17.743751974736842	0.0	0.0	3	1.0292737110687222	-10.23760972224376	138.0	33	1.05	0.95				
	310	1	96.11198986315789	19.715279971929824	0.0	0.0	3	1.05	-13.185961556080391	138.0	33	1.05	0.95				
	311	1	0.0	0.0	0.0	0.0	3	1.0124571227357513	-6.99288564729738	230.0	33	1.05	0.95				
	312	1	0.0	0.0	0.0	0.0	3	1.0147555202990968	-6.404053323304981	230.0	33	1.05	0.95				
	313	2	130.61372981403508	26.615627962105265	0.0	0.0	3	1.0146274315674568	-3.5701195333824227	230.0	34	1.05	0.95				
	314	2	95.61910786385964	19.22239797263158	0.0	0.0	3	1.0163438690168896	-5.197775430566882	230.0	36	1.05	0.95				
	315	2	156.24359377754388	31.54444795508772	0.0	0.0	3	1.0412750394013495	-0.29536953120838805	230.0	36	1.05	0.95				
	316	2	49.28819992982456	9.857639985964912	0.0	0.0	3	1.0413984343779865	0.2660067657946228	230.0	36	1.05	0.95				
	317	1	0.0	0.0	0.0	0.0	3	1.05	4.708436129138326	230.0	37	1.05	0.95				
	318	2	164.1297057663158	33.515975952280705	0.0	0.0	3	1.0459001577533815	2.8637100441844456	230.0	37	1.05	0.95				
	319	1	89.21164187298245	18.236633974035087	0.0	0.0	3	1.0369232020801136	-0.5554778287631449	230.0	35	1.05	0.95				
	320	1	63.08889591017544	12.814931981754384	0.0	0.0	3	1.0366436568751498	-0.3315458222152983	230.0	35	1.05	0.95				
	321	2	0.0	0.0	0.0	0.0	3	1.0456163963123573	2.416518466596632	230.0	37	1.05	0.95				
	322	2	0.0	0.0	0.0	0.0	3	1.05	7.658371699834007	230.0	37	1.05	0.95				
	323	2	0.0	0.0	0.0	0.0	3	1.0373592443836765	0.16242390090634884	230.0	35	1.05	0.95				
	324	1	0.0	0.0	0.0	0.0	3	1.0262196102721581	-3.415051982751651	230.0	36	1.05	0.95				
	325	1	0.0	0.0	0.0	0.0	3	1.0329142433405436	1.5627663802087939	230.0	35	1.05	0.95				
];
