%% MATPOWER Case Format : Version 2
function mpc = RTS_GMLC
mpc.version = '2';

%%-----  Power Flow Data  -----%%
%% system MVA base
mpc.baseMVA = 100.0;
%% bus data
%    bus_i    type    Pd    Qd    Gs    Bs    area    Vm    Va    baseKV    zone    Vmax    Vmin
mpc.bus = [
	101	2	36.23156852968422	7.380504700491228	0.0	0.0	1	1.012874987036337	-0.2930121360648257	138.0	11	1.05	0.95				
	102	2	32.541316179438596	6.709549727719298	0.0	0.0	1	1.0107599026487297	-0.8598752124462309	138.0	12	1.05	0.95				
	103	1	60.385947549473684	12.412666996280702	0.0	0.0	1	1.0287930584921343	2.371436398406717	138.0	11	1.05	0.95				
	104	1	24.825333992561404	5.032162295789474	0.0	0.0	1	1.013444549927792	-2.149712986248537	138.0	11	1.05	0.95				
	105	1	23.81890153340351	4.696684809403509	0.0	0.0	1	1.0272232529365086	-2.2872414920610424	138.0	11	1.05	0.95				
	106	1	45.62493814849123	9.393369618807018	0.0	-100.0	1	1.0433579875818237	-3.8850730155824724	138.0	12	1.05	0.95				
	107	2	41.93468579824561	8.386937159649124	0.0	0.0	1	0.9994050612057226	-10.495048603613348	138.0	12	1.05	0.95				
	108	1	57.366650172	11.741712023508772	0.0	0.0	1	1.0054391563612126	-8.125295693639913	138.0	12	1.05	0.95				
	109	1	58.70856011754386	12.077189509894737	0.0	0.0	1	1.024386855455168	-1.794363071988578	138.0	13	1.05	0.95				
	110	1	65.41810984526316	13.419099455438596	0.0	0.0	1	1.05	-3.1953629854547754	138.0	13	1.05	0.95				
	111	1	0.0	0.0	0.0	0.0	1	1.0051836588170948	0.5854868069602573	230.0	13	1.05	0.95				
	112	1	0.0	0.0	0.0	0.0	1	1.0095561029254403	-0.6092902026015895	230.0	13	1.05	0.95				
	113	3	88.90153389228071	18.11578426484211	0.0	0.0	1	0.9965563610215378	-2.0532029266523e-29	230.0	14	1.05	0.95				
	114	2	65.08263235887719	13.083621969052633	0.0	0.0	1	1.0082678824995466	4.2840921739782765	230.0	16	1.05	0.95				
	115	2	106.34636318435086	21.470559128701755	0.0	0.0	1	1.0420039750552663	13.184432049572639	230.0	16	1.05	0.95				
	116	2	33.547748638596495	6.709549727719298	0.0	0.0	1	1.0350839301859003	11.391974044894479	230.0	16	1.05	0.95				
	117	1	0.0	0.0	0.0	0.0	1	1.0404752079360637	16.94981617987646	230.0	17	1.05	0.95				
	118	2	111.71400296652632	22.812469074245616	0.0	0.0	1	1.05	17.637751290874508	230.0	17	1.05	0.95				
	119	1	60.72142503585965	12.412666996280702	0.0	0.0	1	1.0246158590006271	7.182652859330115	230.0	15	1.05	0.95				
	120	1	42.94111825740351	8.722414646035089	0.0	0.0	1	1.0214409382167704	4.139274126841648	230.0	15	1.05	0.95				
	121	2	0.0	0.0	0.0	0.0	1	1.05	19.102446336455877	230.0	17	1.05	0.95				
	122	2	0.0	0.0	0.0	0.0	1	1.05	34.24080512840162	230.0	17	1.05	0.95				
	123	2	0.0	0.0	0.0	0.0	1	1.020586500635983	2.7212185876211743	230.0	15	1.05	0.95				
	124	1	0.0	0.0	0.0	0.0	1	1.0235486259911677	9.144231241453971	230.0	16	1.05	0.95				
	201	2	40.238627418947374	8.196757437192982	0.0	0.0	2	1.0127994520218175	-17.82984194704591	138.0	21	1.05	0.95				
	202	2	36.140248700350874	7.451597670175439	0.0	0.0	2	1.0118643867405266	-18.142765849571347	138.0	22	1.05	0.95				
	203	1	67.06437903157895	13.78545568982456	0.0	0.0	2	1.015194958641278	-13.031979058635423	138.0	21	1.05	0.95				
	204	1	27.57091137964912	5.588698252631579	0.0	0.0	2	1.011767957458165	-17.936814983929338	138.0	21	1.05	0.95				
	205	1	26.453171729122804	5.216118369122808	0.0	0.0	2	1.0269655937559163	-18.441125332743987	138.0	21	1.05	0.95				
	206	1	50.67086415719299	10.432236738245615	0.0	-100.0	2	1.0429762666365665	-19.268490760143873	138.0	22	1.05	0.95				
	207	2	46.57248543859649	9.314497087719298	0.0	0.0	2	0.9945679196590779	-23.640840162002153	138.0	22	1.05	0.95				
	208	1	63.71116008	13.040295922807015	0.0	0.0	2	1.0017850717070191	-21.996596799454277	138.0	22	1.05	0.95				
	209	1	65.20147961403508	13.412875806315789	0.0	0.0	2	1.021994406878943	-16.2168904696007	138.0	23	1.05	0.95				
	210	1	72.65307728421053	14.903195340350878	0.0	0.0	2	1.05	-17.850376513373536	138.0	23	1.05	0.95				
	211	1	0.0	0.0	0.0	0.0	2	1.0051821737634623	-13.558367034997515	230.0	23	1.05	0.95				
	212	1	0.0	0.0	0.0	0.0	2	1.0079962097193247	-13.391585235895834	230.0	23	1.05	0.95				
	213	2	98.73366912982455	20.119313709473687	0.0	0.0	2	0.9988658176790296	-12.827656103067968	230.0	24	1.05	0.95				
	214	2	72.28049740070175	14.530615456842105	0.0	0.0	2	1.007878165702588	-10.61133766783771	230.0	26	1.05	0.95				
	215	2	118.1078230722807	23.845112544561403	0.0	0.0	2	1.0238326269319948	-3.3446581619001616	230.0	26	1.05	0.95				
	216	2	37.25798835087719	7.451597670175439	0.0	0.0	2	1.0253293842969524	-4.20275060427503	230.0	26	1.05	0.95				
	217	1	0.0	0.0	0.0	0.0	2	1.0290452798556342	-1.8530561054503494	230.0	27	1.05	0.95				
	218	2	124.06910120842105	25.335432078596494	0.0	0.0	2	1.028897568509974	-2.306932297854598	230.0	27	1.05	0.95				
	219	1	67.43695891508771	13.78545568982456	0.0	0.0	2	1.0246233167912855	-5.570392176649838	230.0	25	1.05	0.95				
	220	1	47.690225089122805	9.68707697122807	0.0	0.0	2	1.0265430766179224	-6.026116511983089	230.0	25	1.05	0.95				
	221	2	0.0	0.0	0.0	0.0	2	1.0304893687457863	-1.852514941702788	230.0	27	1.05	0.95				
	222	2	0.0	0.0	0.0	0.0	2	1.05	4.639663205735156	230.0	27	1.05	0.95				
	223	2	0.0	0.0	0.0	0.0	2	1.027846554829004	-5.988948046271766	230.0	25	1.05	0.95				
	224	1	0.0	0.0	0.0	0.0	2	1.0086749101867918	-6.978423981677526	230.0	26	1.05	0.95				
	301	2	49.52420120842106	10.088263209122807	0.0	0.0	3	1.0145443582278761	6.868209646041231	138.0	31	1.05	0.95				
	302	2	44.480069603859654	9.171148371929826	0.0	0.0	3	1.0133334134297365	6.514293883794875	138.0	32	1.05	0.95				
	303	1	82.54033534736843	16.966624488070174	0.0	0.0	3	1.05	21.476485344070067	138.0	31	1.05	0.95				
	304	1	33.93324897614035	6.878361278947369	0.0	0.0	3	1.0110790061964792	7.858518117907829	138.0	31	1.05	0.95				
	305	1	32.55757672035088	6.4198038603508785	0.0	0.0	3	1.0265915277358089	5.4666657205169225	138.0	31	1.05	0.95				
	306	1	62.36380892912281	12.839607720701757	0.0	-100.0	3	1.0407030523342617	4.141076296847115	138.0	32	1.05	0.95				
	307	2	57.319677324561404	11.46393546491228	0.0	0.0	3	0.9881673737698616	-0.11783349682791573	138.0	32	1.05	0.95				
	308	1	78.41331858000001	16.04950965087719	0.0	0.0	3	0.9944886850815332	1.9759626034433342	138.0	32	1.05	0.95				
	309	1	80.24754825438598	16.508067069473682	0.0	0.0	3	1.023726730739292	10.847357259411927	138.0	33	1.05	0.95				
	310	1	89.41869662631578	18.342296743859652	0.0	0.0	3	1.05	5.536956982607832	138.0	33	1.05	0.95				
	311	1	0.0	0.0	0.0	0.0	3	1.0106647638246895	9.55724644021868	230.0	33	1.05	0.95				
	312	1	0.0	0.0	0.0	0.0	3	1.0155590288788998	10.247810465808646	230.0	33	1.05	0.95				
	313	2	121.51771592807017	24.76210060421053	0.0	0.0	3	1.0128725939048047	12.000201576928813	230.0	34	1.05	0.95				
	314	2	88.96013920771931	17.88373932526316	0.0	0.0	3	1.0060907399304577	8.876919615370168	230.0	36	1.05	0.95				
	315	2	145.3627016950877	29.34767479017544	0.0	0.0	3	1.0475607192863459	10.942503498549534	230.0	36	1.05	0.95				
	316	2	45.85574185964912	9.171148371929826	0.0	0.0	3	1.0374264127977977	10.66892405744021	230.0	36	1.05	0.95				
	317	1	0.0	0.0	0.0	0.0	3	1.05	13.357262388200516	230.0	37	1.05	0.95				
	318	2	152.69962039263157	31.181904464561406	0.0	0.0	3	1.0476213092132354	10.74539114632273	230.0	37	1.05	0.95				
	319	1	82.99889276596491	16.966624488070174	0.0	0.0	3	1.0289117858612877	10.342961403793856	230.0	35	1.05	0.95				
	320	1	58.69534958035088	11.922492883508774	0.0	0.0	3	1.0247146451968918	10.948492798478426	230.0	35	1.05	0.95				
	321	2	0.0	0.0	0.0	0.0	3	1.048115041931366	11.442839065192368	230.0	37	1.05	0.95				
	322	2	0.0	0.0	0.0	0.0	3	1.05	16.539694417444778	230.0	37	1.05	0.95				
	323	2	0.0	0.0	0.0	0.0	3	1.023260919429405	11.639410753261245	230.0	35	1.05	0.95				
	324	1	0.0	0.0	0.0	0.0	3	1.0451910691528965	14.969137638080486	230.0	36	1.05	0.95				
	325	1	0.0	0.0	0.0	0.0	3	1.0243856291017008	12.288410935370894	230.0	35	1.05	0.95				
];
