%% MATPOWER Case Format : Version 2
function mpc = RTS_GMLC
mpc.version = '2';

%%-----  Power Flow Data  -----%%
%% system MVA base
mpc.baseMVA = 100.0;
%% bus data
%    bus_i    type    Pd    Qd    Gs    Bs    area    Vm    Va    baseKV    zone    Vmax    Vmin
mpc.bus = [
	101	2	101.77436914105265	20.73181593614035	0.0	0.0	1	1.0411216224061615	-6.847707150071545	138.0	11	1.05	0.95				
	102	2	91.40846117298246	18.84710539649123	0.0	0.0	1	1.040936608449446	-6.946384029992207	138.0	12	1.05	0.95				
	103	1	169.62394856842107	34.86714498350877	0.0	0.0	1	1.0158794398957711	-6.993548037222106	138.0	11	1.05	0.95				
	104	1	69.73428996701755	14.135329047368419	0.0	0.0	1	1.0192950173837878	-9.0551908651985	138.0	11	1.05	0.95				
	105	1	66.90722415754385	13.192973777543862	0.0	0.0	1	1.033114609884444	-9.670645129491337	138.0	11	1.05	0.95				
	106	1	128.16031669614037	26.385947555087725	0.0	-100.0	1	1.032556937547382	-12.112091193972297	138.0	12	1.05	0.95				
	107	2	117.79440872807018	23.558881745614034	0.0	0.0	1	1.05	-5.8510390174469205	138.0	12	1.05	0.95				
	108	1	161.14275114	32.982434443859646	0.0	0.0	1	1.0196504305500869	-9.974397536158259	138.0	12	1.05	0.95				
	109	1	164.91217221929824	33.92478971368421	0.0	0.0	1	1.027961883448483	-7.863319400898453	138.0	13	1.05	0.95				
	110	1	183.75927761578947	37.69421079298246	0.0	0.0	1	1.05	-9.588152824319172	138.0	13	1.05	0.95				
	111	1	0.0	0.0	0.0	0.0	1	1.02303527742573	-3.9265026370104783	230.0	13	1.05	0.95				
	112	1	0.0	0.0	0.0	0.0	1	1.0212486949944555	-2.398383154275736	230.0	13	1.05	0.95				
	113	3	249.72414650350876	50.88718457052632	0.0	0.0	1	1.033344003254294	1.5213925093277769e-27	230.0	14	1.05	0.95				
	114	2	182.8169223459649	36.75185552315789	0.0	0.0	1	1.0313499604491287	-2.6456435802704847	230.0	16	1.05	0.95				
	115	2	298.726620534386	60.31073726877193	0.0	0.0	1	1.043782125526797	4.99265501672252	230.0	16	1.05	0.95				
	116	2	94.23552698245614	18.84710539649123	0.0	0.0	1	1.0458347291615364	4.948403981708008	230.0	16	1.05	0.95				
	117	1	0.0	0.0	0.0	0.0	1	1.0483710874728394	7.927066440083328	230.0	17	1.05	0.95				
	118	2	313.804304851579	64.08015834807019	0.0	0.0	1	1.049981801723487	8.516454628780092	230.0	17	1.05	0.95				
	119	1	170.56630383824563	34.86714498350877	0.0	0.0	1	1.0406796725879859	4.522973422197412	230.0	15	1.05	0.95				
	120	1	120.62147453754386	24.501237015438598	0.0	0.0	1	1.0445232114577756	5.692438300425774	230.0	15	1.05	0.95				
	121	2	0.0	0.0	0.0	0.0	1	1.05	9.401323229197981	230.0	17	1.05	0.95				
	122	2	0.0	0.0	0.0	0.0	1	1.05	15.637712784124176	230.0	17	1.05	0.95				
	123	2	0.0	0.0	0.0	0.0	1	1.05	7.0145234113659205	230.0	15	1.05	0.95				
	124	1	0.0	0.0	0.0	0.0	1	1.0182985654150964	0.5743393091736643	230.0	16	1.05	0.95				
	201	2	96.61010547789475	19.67983630105263	0.0	0.0	2	1.05	-9.05963153736561	138.0	21	1.05	0.95				
	202	2	86.77018732736843	17.890760273684215	0.0	0.0	2	1.05	-9.05073848081857	138.0	22	1.05	0.95				
	203	1	161.0168424631579	33.097906506315795	0.0	0.0	2	1.0266915371430223	-7.198958131063495	138.0	21	1.05	0.95				
	204	1	66.19581301263159	13.418070205263158	0.0	0.0	2	1.0209441906906371	-10.58436897940713	138.0	21	1.05	0.95				
	205	1	63.51219897157895	12.523532191578948	0.0	0.0	2	1.0379704043874147	-10.939623732702904	138.0	21	1.05	0.95				
	206	1	121.65716986105267	25.047064383157895	0.0	-100.0	2	1.035608518508913	-12.808674198398364	138.0	22	1.05	0.95				
	207	2	111.81725171052632	22.363450342105264	0.0	0.0	2	0.95	-23.266266319256978	138.0	22	1.05	0.95				
	208	1	152.96600034	31.30883047894737	0.0	0.0	2	0.9539397723855514	-20.114992518455793	138.0	22	1.05	0.95				
	209	1	156.54415239473684	32.203368492631576	0.0	0.0	2	1.0261963141001251	-8.254310178341848	138.0	23	1.05	0.95				
	210	1	174.43491266842105	35.78152054736843	0.0	0.0	2	1.0486753081728895	-10.066708701838923	138.0	23	1.05	0.95				
	211	1	0.0	0.0	0.0	0.0	2	1.032321806219832	-3.2624111341243585	230.0	23	1.05	0.95				
	212	1	0.0	0.0	0.0	0.0	2	1.0269407440276248	1.2700235291738984	230.0	23	1.05	0.95				
	213	2	237.05257362631582	48.305052738947374	0.0	0.0	2	1.05	1.6342607974581054	230.0	24	1.05	0.95				
	214	2	173.54037465473687	34.88698253368421	0.0	0.0	2	1.05	-1.917915350913743	230.0	26	1.05	0.95				
	215	2	283.56855033789475	57.25043287578948	0.0	0.0	2	1.047125662424736	5.486405075225232	230.0	26	1.05	0.95				
	216	2	89.45380136842105	17.890760273684215	0.0	0.0	2	1.05	5.509583290146849	230.0	26	1.05	0.95				
	217	1	0.0	0.0	0.0	0.0	2	1.05	8.105829079517822	230.0	27	1.05	0.95				
	218	2	297.88115855684214	60.82858493052633	0.0	0.0	2	1.0489919613012242	8.768450911634549	230.0	27	1.05	0.95				
	219	1	161.9113804768421	33.097906506315795	0.0	0.0	2	1.0429980792055427	5.451993814944981	230.0	25	1.05	0.95				
	220	1	114.50086575157896	23.25798835578948	0.0	0.0	2	1.045322946097429	7.0737913318460075	230.0	25	1.05	0.95				
	221	2	0.0	0.0	0.0	0.0	2	1.05	9.397938420332927	230.0	27	1.05	0.95				
	222	2	0.0	0.0	0.0	0.0	2	1.05	15.402891167610356	230.0	27	1.05	0.95				
	223	2	0.0	0.0	0.0	0.0	2	1.05	8.61052420876527	230.0	25	1.05	0.95				
	224	1	0.0	0.0	0.0	0.0	2	1.0234141564546975	0.7753053138412346	230.0	26	1.05	0.95				
	301	2	105.4375197726316	21.478013287017543	0.0	0.0	3	1.0051418491569695	-17.050895509238426	138.0	31	1.05	0.95				
	302	2	94.6985131291228	19.525466624561403	0.0	0.0	3	1.0103690521132864	-17.311260994583968	138.0	32	1.05	0.95				
	303	1	175.72919962105266	36.1221132554386	0.0	0.0	3	0.9992293022922617	-11.415419579952708	138.0	31	1.05	0.95				
	304	1	72.2442265108772	14.644099968421054	0.0	0.0	3	0.9854353638060518	-16.75853046197181	138.0	31	1.05	0.95				
	305	1	69.31540651719298	13.667826637192984	0.0	0.0	3	0.999225876219539	-17.027225374315233	138.0	31	1.05	0.95				
	306	1	132.77317304701756	27.33565327438597	0.0	-100.0	3	1.0010249676545557	-18.024701954720037	138.0	32	1.05	0.95				
	307	2	122.03416640350878	24.406833280701758	0.0	0.0	3	0.9531723311912936	-22.276085860564823	138.0	32	1.05	0.95				
	308	1	166.94273964	34.169566592982456	0.0	0.0	3	0.95	-20.816865648430213	138.0	32	1.05	0.95				
	309	1	170.8478329649123	35.14583992421053	0.0	0.0	3	1.0004145874160975	-12.112468425886876	138.0	33	1.05	0.95				
	310	1	190.37329958947367	39.05093324912281	0.0	0.0	3	1.0207238005579262	-13.720105210870894	138.0	33	1.05	0.95				
	311	1	0.0	0.0	0.0	0.0	3	1.004619705485604	-4.657779747512396	230.0	33	1.05	0.95				
	312	1	0.0	0.0	0.0	0.0	3	1.0035278653947393	-3.3553239186791575	230.0	33	1.05	0.95				
	313	2	258.71243277543863	52.7187598863158	0.0	0.0	3	1.0328554379561699	2.052194886323215	230.0	34	1.05	0.95				
	314	2	189.3970262582456	38.07465991789474	0.0	0.0	3	1.0235023824003022	-2.70673347403909	230.0	36	1.05	0.95				
	315	2	309.47864599929824	62.481493198596496	0.0	0.0	3	1.0489294314543993	1.0359899789977693	230.0	36	1.05	0.95				
	316	2	97.62733312280703	19.525466624561403	0.0	0.0	3	1.05	1.120813245319155	230.0	36	1.05	0.95				
	317	1	0.0	0.0	0.0	0.0	3	1.05	3.7067943091991595	230.0	37	1.05	0.95				
	318	2	325.0990192989474	66.38658652350878	0.0	0.0	3	1.047621601093688	3.4696847596104816	230.0	37	1.05	0.95				
	319	1	176.70547295228073	36.1221132554386	0.0	0.0	3	1.0412409708265953	0.9928687980543371	230.0	35	1.05	0.95				
	320	1	124.96298639719299	25.38310661192983	0.0	0.0	3	1.0430184912576812	2.6985180439764362	230.0	35	1.05	0.95				
	321	2	0.0	0.0	0.0	0.0	3	1.05	4.595882449909411	230.0	37	1.05	0.95				
	322	2	0.0	0.0	0.0	0.0	3	1.05	10.023371670187435	230.0	37	1.05	0.95				
	323	2	0.0	0.0	0.0	0.0	3	1.0465824864788205	3.9084088526085696	230.0	35	1.05	0.95				
	324	1	0.0	0.0	0.0	0.0	3	1.0169491610729813	-1.7634713212542608	230.0	36	1.05	0.95				
	325	1	0.0	0.0	0.0	0.0	3	1.0464205370486228	4.36891867791673	230.0	35	1.05	0.95				
];

%% generator data
%    bus    Pg    Qg    Qmax    Qmin    Vg    mBase    status    Pmax    Pmin    Pc1    Pc2    Qc1min    Qc1max    Qc2min    Qc2max    ramp_agc    ramp_10    ramp_30    ramp_q    apf
