%% MATPOWER Case Format : Version 2
function mpc = RTS_GMLC
mpc.version = '2';

%%-----  Power Flow Data  -----%%
%% system MVA base
mpc.baseMVA = 100.0;
%% bus data
%    bus_i    type    Pd    Qd    Gs    Bs    area    Vm    Va    baseKV    zone    Vmax    Vmin
mpc.bus = [
	101	2	43.51261752	8.863681346666667	0.0	0.0	1	1.0180573217139615	2.953266882112686	138.0	11	1.05	0.95				
	102	2	39.080776846666666	8.057892133333333	0.0	0.0	1	1.015749416848304	2.3368687479481536	138.0	12	1.05	0.95				
	103	1	72.5210292	14.907100446666666	0.0	0.0	1	1.0294653354479224	3.1704360267947678	138.0	11	1.05	0.95				
	104	1	29.814200893333332	6.0434190999999995	0.0	0.0	1	1.0158558303750094	-0.14358716941095648	138.0	11	1.05	0.95				
	105	1	28.60551707333333	5.640524493333333	0.0	0.0	1	1.0282514501143152	-0.24468768969400376	138.0	11	1.05	0.95				
	106	1	54.793666506666675	11.281048986666667	0.0	-100.0	1	1.0420066235007905	-2.5553053926312743	138.0	12	1.05	0.95				
	107	2	50.36182583333333	10.072365166666666	0.0	0.0	1	0.986021940792358	-7.674105885623125	138.0	12	1.05	0.95				
	108	1	68.89497774	14.101311233333332	0.0	0.0	1	0.99693998507224	-6.329763684353463	138.0	12	1.05	0.95				
	109	1	70.50655616666667	14.504205839999997	0.0	0.0	1	1.0256166196699301	-0.9320267805579779	138.0	13	1.05	0.95				
	110	1	78.5644483	16.115784266666665	0.0	0.0	1	1.05	-2.1596843409684987	138.0	13	1.05	0.95				
	111	1	0.0	0.0	0.0	0.0	1	1.0163353825988348	0.9124888415290796	230.0	13	1.05	0.95				
	112	1	0.0	0.0	0.0	0.0	1	1.0116015476036853	0.02898632814043663	230.0	13	1.05	0.95				
	113	3	106.76707076666665	21.75630876	0.0	0.0	1	0.9912604564975652	-5.402395979652449e-30	230.0	14	1.05	0.95				
	114	2	78.16155369333333	15.712889660000002	0.0	0.0	1	1.0422859284302413	4.104852157902451	230.0	16	1.05	0.95				
	115	2	127.71759031333332	25.785254826666666	0.0	0.0	1	1.043910049461268	12.797970198516492	230.0	16	1.05	0.95				
	116	2	40.28946066666666	8.057892133333333	0.0	0.0	1	1.0433630862394097	11.189100092624411	230.0	16	1.05	0.95				
	117	1	0.0	0.0	0.0	0.0	1	1.0420229757831427	16.773126668192017	230.0	17	1.05	0.95				
	118	2	134.16390402	27.396833253333337	0.0	0.0	1	1.05	17.18999966131112	230.0	17	1.05	0.95				
	119	1	72.92392380666666	14.907100446666666	0.0	0.0	1	1.0376045836688748	7.420371916061086	230.0	15	1.05	0.95				
	120	1	51.57050965333333	10.475259773333333	0.0	0.0	1	1.0382796880072156	4.899238105775057	230.0	15	1.05	0.95				
	121	2	0.0	0.0	0.0	0.0	1	1.0432469036312415	18.574958820109178	230.0	17	1.05	0.95				
	122	2	0.0	0.0	0.0	0.0	1	1.05	36.53628812418727	230.0	17	1.05	0.95				
	123	2	0.0	0.0	0.0	0.0	1	1.0394907790743935	3.8168895220167984	230.0	15	1.05	0.95				
	124	1	0.0	0.0	0.0	0.0	1	1.0264158612431868	9.207293335463381	230.0	16	1.05	0.95				
	201	2	42.363607755789474	8.629623802105263	0.0	0.0	2	1.0132173844876229	-10.048928295109453	138.0	21	1.05	0.95				
	202	2	38.04879585473684	7.845112547368421	0.0	0.0	2	1.0124324330314654	-10.30526544970026	138.0	22	1.05	0.95				
	203	1	70.60601292631578	14.513458212631578	0.0	0.0	2	1.0121562139897065	-6.9961324675504795	138.0	21	1.05	0.95				
	204	1	29.026916425263156	5.8838344105263145	0.0	0.0	2	1.0120230022055108	-9.846508019787708	138.0	21	1.05	0.95				
	205	1	27.850149543157894	5.491578783157895	0.0	0.0	2	1.0268556012735468	-10.198888530722556	138.0	21	1.05	0.95				
	206	1	53.34676532210526	10.98315756631579	0.0	-100.0	2	1.0425992339021575	-10.781743886343495	138.0	22	1.05	0.95				
	207	2	49.03195342105263	9.806390684210525	0.0	0.0	2	0.9963632789753509	-15.465431840032057	138.0	22	1.05	0.95				
	208	1	67.07571227999999	13.728946957894733	0.0	0.0	2	1.0022506845569912	-13.712258644937926	138.0	22	1.05	0.95				
	209	1	68.64473478947369	14.121202585263157	0.0	0.0	2	1.0228655312638752	-7.843876573354731	138.0	23	1.05	0.95				
	210	1	76.4898473368421	15.690225094736842	0.0	0.0	2	1.05	-9.085023919450032	138.0	23	1.05	0.95				
	211	1	0.0	0.0	0.0	0.0	2	1.0046994119838417	-5.107577583457341	230.0	23	1.05	0.95				
	212	1	0.0	0.0	0.0	0.0	2	1.0080333604993714	-3.013235462046794	230.0	23	1.05	0.95				
	213	2	103.94774125263156	21.181803877894737	0.0	0.0	2	0.9993187754780758	-3.3186527642893813	230.0	24	1.05	0.95				
	214	2	76.09759170947368	15.29796946736842	0.0	0.0	2	1.0049744153341675	-3.189650660572455	230.0	26	1.05	0.95				
	215	2	124.34503387578945	25.10436015157895	0.0	0.0	2	1.0218786589119884	1.8692454490847932	230.0	26	1.05	0.95				
	216	2	39.2255627368421	7.845112547368421	0.0	0.0	2	1.023352087160465	1.902468700418847	230.0	26	1.05	0.95				
	217	1	0.0	0.0	0.0	0.0	2	1.0313965739069493	3.0480174678657774	230.0	27	1.05	0.95				
	218	2	130.6211239136842	26.67338266105263	0.0	0.0	2	1.0296015279490451	2.6439373706555584	230.0	27	1.05	0.95				
	219	1	70.99826855368421	14.513458212631578	0.0	0.0	2	1.02214769715597	2.219401003343936	230.0	25	1.05	0.95				
	220	1	50.2087203031579	10.198646311578946	0.0	0.0	2	1.0236383880502151	3.2675511996507765	230.0	25	1.05	0.95				
	221	2	0.0	0.0	0.0	0.0	2	1.030248803417046	3.183521795593414	230.0	27	1.05	0.95				
	222	2	0.0	0.0	0.0	0.0	2	1.05	9.623458675735922	230.0	27	1.05	0.95				
	223	2	0.0	0.0	0.0	0.0	2	1.0251685340888816	4.1468329569492735	230.0	25	1.05	0.95				
	224	1	0.0	0.0	0.0	0.0	2	1.0072664283186956	-1.450941700154823	230.0	26	1.05	0.95				
	301	2	65.5311610231579	13.348940208421054	0.0	0.0	3	1.018678364329528	-9.354847742778935	138.0	31	1.05	0.95				
	302	2	58.856690918947365	12.135400189473684	0.0	0.0	3	1.0168879893884468	-9.691327582263868	138.0	32	1.05	0.95				
	303	1	109.21860170526317	22.450490350526316	0.0	0.0	3	1.0492423838245133	5.04282373819643	138.0	31	1.05	0.95				
	304	1	44.90098070105263	9.101550142105262	0.0	0.0	3	1.0104077660347734	-7.910844381370103	138.0	31	1.05	0.95				
	305	1	43.08067067263158	8.494780132631579	0.0	0.0	3	1.026618014818585	-9.860996667182468	138.0	31	1.05	0.95				
	306	1	82.52072128842106	16.989560265263158	0.0	-100.0	3	1.0374103812530004	-10.820524572101254	138.0	32	1.05	0.95				
	307	2	75.84625118421052	15.169250236842105	0.0	0.0	3	0.9910625721414872	-17.539500849020293	138.0	32	1.05	0.95				
	308	1	103.75767162	21.236950331578946	0.0	0.0	3	0.990030239503908	-14.615421192056406	138.0	32	1.05	0.95				
	309	1	106.18475165789474	21.84372034105263	0.0	0.0	3	1.026031831390731	-3.9708589092406634	138.0	33	1.05	0.95				
	310	1	118.32015184736842	24.270800378947367	0.0	0.0	3	1.05	-8.429112383818657	138.0	33	1.05	0.95				
	311	1	0.0	0.0	0.0	0.0	3	1.018663461643251	-1.6160935403215784	230.0	33	1.05	0.95				
	312	1	0.0	0.0	0.0	0.0	3	1.016364180356623	-1.255332177279956	230.0	33	1.05	0.95				
	313	2	160.79405251052629	32.76558051157895	0.0	0.0	3	1.020886945191702	1.3279628727745083	230.0	34	1.05	0.95				
	314	2	117.71338183789473	23.664030369473686	0.0	0.0	3	1.0299982247524313	0.38309817501583165	230.0	36	1.05	0.95				
	315	2	192.34609300315788	38.83328060631579	0.0	0.0	3	1.0475637917847802	6.614282317397658	230.0	36	1.05	0.95				
	316	2	60.67700094736842	12.135400189473684	0.0	0.0	3	1.0453458554087456	6.905736641507225	230.0	36	1.05	0.95				
	317	1	0.0	0.0	0.0	0.0	3	1.05	11.720008898676717	230.0	37	1.05	0.95				
	318	2	202.05441315473684	41.26036064421053	0.0	0.0	3	1.0424117178190482	9.294597321654297	230.0	37	1.05	0.95				
	319	1	109.82537171473685	22.450490350526316	0.0	0.0	3	1.0364013375780365	5.123545531093103	230.0	35	1.05	0.95				
	320	1	77.66656121263158	15.776020246315788	0.0	0.0	3	1.0339989013929942	4.715777808092321	230.0	35	1.05	0.95				
	321	2	0.0	0.0	0.0	0.0	3	1.0456271928083083	9.027164848114664	230.0	37	1.05	0.95				
	322	2	0.0	0.0	0.0	0.0	3	1.05	14.426749360888925	230.0	37	1.05	0.95				
	323	2	0.0	0.0	0.0	0.0	3	1.033991001448873	4.947725137382328	230.0	35	1.05	0.95				
	324	1	0.0	0.0	0.0	0.0	3	1.0432495536374553	6.026367195924483	230.0	36	1.05	0.95				
	325	1	0.0	0.0	0.0	0.0	3	1.031037476395921	6.082694858315823	230.0	35	1.05	0.95				
];
