%% MATPOWER Case Format : Version 2
function mpc = RTS_GMLC
mpc.version = '2';

%%-----  Power Flow Data  -----%%
%% system MVA base
mpc.baseMVA = 100.0;
%% bus data
%    bus_i    type    Pd    Qd    Gs    Bs    area    Vm    Va    baseKV    zone    Vmax    Vmin
mpc.bus = [
	101	2	41.85601188631579	8.52622464350877	0.0	0.0	1	1.017431086540274	-2.0544979275020996	138.0	11	1.05	0.95				
	102	2	37.59289956456141	7.751113312280703	0.0	0.0	1	1.016529430591733	-2.2885208692534844	138.0	12	1.05	0.95				
	103	1	69.76001981052632	14.339559627719298	0.0	0.0	1	1.0341010479323582	1.1430798817080694	138.0	11	1.05	0.95				
	104	1	28.679119255438597	5.813334984210526	0.0	0.0	1	1.0185819575509212	-2.8726712140972164	138.0	11	1.05	0.95				
	105	1	27.51645225859649	5.425779318596492	0.0	0.0	1	1.028919361446776	-3.8883892695570723	138.0	11	1.05	0.95				
	106	1	52.70757052350877	10.851558637192984	0.0	-100.0	1	1.0433110891831094	-5.363866182692583	138.0	12	1.05	0.95				
	107	2	48.44445820175439	9.688891640350878	0.0	0.0	1	1.000629016780794	-10.48866635015969	138.0	12	1.05	0.95				
	108	1	66.27201882	13.564448296491227	0.0	0.0	1	1.005540627960471	-8.783413785265502	138.0	12	1.05	0.95				
	109	1	67.82224148245615	13.952003962105264	0.0	0.0	1	1.0257116319368378	-2.7931839355710366	138.0	13	1.05	0.95				
	110	1	75.57335479473684	15.502226624561406	0.0	0.0	1	1.05	-4.482212032084207	138.0	13	1.05	0.95				
	111	1	0.0	0.0	0.0	0.0	1	1.005335753412236	-0.6030344111172091	230.0	13	1.05	0.95				
	112	1	0.0	0.0	0.0	0.0	1	1.0090588975789119	-1.300991489068925	230.0	13	1.05	0.95				
	113	3	102.70225138771929	20.928005943157896	0.0	0.0	1	0.9977529412509741	-3.582921524006225e-29	230.0	14	1.05	0.95				
	114	2	75.18579912912281	15.114670958947368	0.0	0.0	1	1.0060112562494852	2.0326327082907665	230.0	16	1.05	0.95				
	115	2	122.85514599964912	24.803562599298246	0.0	0.0	1	1.042198985808845	9.097847283749973	230.0	16	1.05	0.95				
	116	2	38.75556656140351	7.751113312280703	0.0	0.0	1	1.036437398877417	7.96311292499663	230.0	16	1.05	0.95				
	117	1	0.0	0.0	0.0	0.0	1	1.0416645852322242	12.647503180574839	230.0	17	1.05	0.95				
	118	2	129.0560366494737	26.353785261754386	0.0	0.0	1	1.0496539491670098	12.980716213785943	230.0	17	1.05	0.95				
	119	1	70.14757547614036	14.339559627719298	0.0	0.0	1	1.025510452216341	5.0481645965492286	230.0	15	1.05	0.95				
	120	1	49.60712519859649	10.076447305964912	0.0	0.0	1	1.0194178400266634	2.7171499503230145	230.0	15	1.05	0.95				
	121	2	0.0	0.0	0.0	0.0	1	1.05	13.767901605035167	230.0	17	1.05	0.95				
	122	2	0.0	0.0	0.0	0.0	1	1.05	29.126933961670357	230.0	17	1.05	0.95				
	123	2	0.0	0.0	0.0	0.0	1	1.0167948601561037	1.7288107473921033	230.0	15	1.05	0.95				
	124	1	0.0	0.0	0.0	0.0	1	1.0289699677706126	6.114792813522144	230.0	16	1.05	0.95				
	201	2	45.78057610105263	9.325672909473685	0.0	0.0	2	1.0155396222358035	-13.936657711653341	138.0	21	1.05	0.95				
	202	2	41.11773964631579	8.477884463157896	0.0	0.0	2	1.0147234536246783	-14.195245353051856	138.0	22	1.05	0.95				
	203	1	76.30096016842106	15.684086256842104	0.0	0.0	2	1.014183778522014	-10.618346783804412	138.0	21	1.05	0.95				
	204	1	31.368172513684208	6.358413347368421	0.0	0.0	2	1.012611403567506	-13.589532432182734	138.0	21	1.05	0.95				
	205	1	30.096489844210524	5.934519124210526	0.0	0.0	2	1.0275678130798236	-13.977138370993249	138.0	21	1.05	0.95				
	206	1	57.64961434947369	11.869038248421052	0.0	-100.0	2	1.0422540149438442	-14.525906041925682	138.0	22	1.05	0.95				
	207	2	52.98677789473684	10.597355578947369	0.0	0.0	2	0.9980147727618055	-19.639917036261988	138.0	22	1.05	0.95				
	208	1	72.48591216	14.836297810526315	0.0	0.0	2	1.0020183896601318	-17.711829628224837	138.0	22	1.05	0.95				
	209	1	74.18148905263158	15.26019203368421	0.0	0.0	2	1.0233441877780423	-11.3408745610814	138.0	23	1.05	0.95				
	210	1	82.65937351578947	16.95576892631579	0.0	0.0	2	1.05	-12.654933411230843	138.0	23	1.05	0.95				
	211	1	0.0	0.0	0.0	0.0	2	1.004129458966083	-9.193906038549159	230.0	23	1.05	0.95				
	212	1	0.0	0.0	0.0	0.0	2	1.0100846010473448	-5.1437374232753434	230.0	23	1.05	0.95				
	213	2	112.33196913684209	22.890288050526316	0.0	0.0	2	0.998443249693876	-7.4607030685927835	230.0	24	1.05	0.95				
	214	2	82.23547929263158	16.531874703157897	0.0	0.0	2	1.0021350569556489	-7.772094381747278	230.0	26	1.05	0.95				
	215	2	134.37446874105262	27.12923028210526	0.0	0.0	2	1.0185863005033087	-2.0102698497580205	230.0	26	1.05	0.95				
	216	2	42.389422315789474	8.477884463157896	0.0	0.0	2	1.0171073472954555	-3.133400287012861	230.0	26	1.05	0.95				
	217	1	0.0	0.0	0.0	0.0	2	1.023083082872976	-1.1710110254384245	230.0	27	1.05	0.95				
	218	2	141.15677631157894	28.824807174736844	0.0	0.0	2	1.0228580004606398	-1.5535504388828714	230.0	27	1.05	0.95				
	219	1	76.72485439157894	15.684086256842104	0.0	0.0	2	1.0139203161934218	-4.052523989572628	230.0	25	1.05	0.95				
	220	1	54.25846056421052	11.021249802105263	0.0	0.0	2	1.0141463979214078	-4.0057225720552605	230.0	25	1.05	0.95				
	221	2	0.0	0.0	0.0	0.0	2	1.0249831246173597	-0.9041965116687622	230.0	27	1.05	0.95				
	222	2	0.0	0.0	0.0	0.0	2	1.0468168610403201	5.521176649951461	230.0	27	1.05	0.95				
	223	2	0.0	0.0	0.0	0.0	2	1.014855088112011	-3.6459100410509153	230.0	25	1.05	0.95				
	224	1	0.0	0.0	0.0	0.0	2	1.006284080441648	-5.251983080648605	230.0	26	1.05	0.95				
	301	2	64.54033533473684	13.147105345964913	0.0	0.0	3	1.000584519122856	3.7932630870558994	138.0	31	1.05	0.95				
	302	2	57.966782661754394	11.951913950877193	0.0	0.0	3	0.999819591061922	3.6140850255617254	138.0	32	1.05	0.95				
	303	1	107.56722555789476	22.111040809122805	0.0	0.0	3	1.034967373629281	11.27488339133995	138.0	31	1.05	0.95				
	304	1	44.22208161824561	8.963935463157895	0.0	0.0	3	1.0040403812457037	5.250800829099733	138.0	31	1.05	0.95				
	305	1	42.42929452561404	8.366339765614036	0.0	0.0	3	1.0168504682282056	4.796056951424992	138.0	31	1.05	0.95				
	306	1	81.27301486596492	16.732679531228072	0.0	-100.0	3	1.0333018015546096	4.680777012424659	138.0	32	1.05	0.95				
	307	2	74.69946219298245	14.939892438596491	0.0	0.0	3	0.9915194693109677	0.7903812840561366	138.0	32	1.05	0.95				
	308	1	102.18886428	20.915849414035087	0.0	0.0	3	1.000840727294404	3.4798551187596245	138.0	32	1.05	0.95				
	309	1	104.57924707017546	21.513445111578946	0.0	0.0	3	1.02799191940982	9.022398616423777	138.0	33	1.05	0.95				
	310	1	116.53116102105263	23.903827901754386	0.0	0.0	3	1.05	7.7153899210244195	138.0	33	1.05	0.95				
	311	1	0.0	0.0	0.0	0.0	3	1.0141745885140905	13.03292776209394	230.0	33	1.05	0.95				
	312	1	0.0	0.0	0.0	0.0	3	1.0196295129135344	14.422611059837434	230.0	33	1.05	0.95				
	313	2	158.3628598491228	32.27016766736842	0.0	0.0	3	1.0286550619087256	19.714785179425004	230.0	34	1.05	0.95				
	314	2	115.93356532350879	23.306232204210527	0.0	0.0	3	1.0137005932776246	11.827900942463259	230.0	36	1.05	0.95				
	315	2	189.4378361214035	38.24612464280702	0.0	0.0	3	1.03602575327364	7.34240001630811	230.0	36	1.05	0.95				
	316	2	59.759569754385964	11.951913950877193	0.0	0.0	3	1.0341458054905481	8.299605782394599	230.0	36	1.05	0.95				
	317	1	0.0	0.0	0.0	0.0	3	1.038962664284924	7.463791822748569	230.0	37	1.05	0.95				
	318	2	198.99936728210528	40.63650743298246	0.0	0.0	3	1.0367353506683745	5.859550751256614	230.0	37	1.05	0.95				
	319	1	108.1648212554386	22.111040809122805	0.0	0.0	3	1.0318068943759535	11.019786793302575	230.0	35	1.05	0.95				
	320	1	76.49224928561404	15.53748813614035	0.0	0.0	3	1.032761550829665	13.12283734060055	230.0	35	1.05	0.95				
	321	2	0.0	0.0	0.0	0.0	3	1.0383303183552801	6.9368415335588125	230.0	37	1.05	0.95				
	322	2	0.0	0.0	0.0	0.0	3	1.0499999821471628	11.456179847513681	230.0	37	1.05	0.95				
	323	2	0.0	0.0	0.0	0.0	3	1.0332338152590748	13.890391730338557	230.0	35	1.05	0.95				
	324	1	0.0	0.0	0.0	0.0	3	1.0352979138821439	10.656684536609893	230.0	36	1.05	0.95				
	325	1	0.0	0.0	0.0	0.0	3	1.0355271024352586	13.888283910844146	230.0	35	1.05	0.95				
];
