%% MATPOWER Case Format : Version 2
function mpc = RTS_GMLC
mpc.version = '2';

%%-----  Power Flow Data  -----%%
%% system MVA base
mpc.baseMVA = 100.0;
%% bus data
%    bus_i    type    Pd    Qd    Gs    Bs    area    Vm    Va    baseKV    zone    Vmax    Vmin
mpc.bus = [
	101	2	38.51608115368421	7.845868383157894	0.0	0.0	1	0.9882586125231031	-4.906033773454369	138.0	11	1.05	0.95				
	102	2	34.59314696210526	7.132607621052632	0.0	0.0	1	0.9880344008390176	-5.140229560026831	138.0	12	1.05	0.95				
	103	1	64.19346858947368	13.195324098947367	0.0	0.0	1	1.0187169224345523	2.0471196317887674	138.0	11	1.05	0.95				
	104	1	26.390648197894734	5.349455715789473	0.0	0.0	1	1.0024933316527107	-4.6040622215366405	138.0	11	1.05	0.95				
	105	1	25.32075705473684	4.9928253347368425	0.0	0.0	1	1.0146242718799987	-5.405390767470172	138.0	11	1.05	0.95				
	106	1	48.5017318231579	9.985650669473685	0.0	-100.0	1	1.0376018994286216	-6.142068070514058	138.0	12	1.05	0.95				
	107	2	44.57879763157895	8.915759526315789	0.0	0.0	1	0.9846789771935585	-11.583301843452716	138.0	12	1.05	0.95				
	108	1	60.98379516	12.482063336842105	0.0	0.0	1	0.9962979432021473	-9.327906283685394	138.0	12	1.05	0.95				
	109	1	62.41031668421052	12.838693717894737	0.0	0.0	1	1.024368267963554	-2.682422154296245	138.0	13	1.05	0.95				
	110	1	69.54292430526316	14.265215242105263	0.0	0.0	1	1.05	-4.729275755609485	138.0	13	1.05	0.95				
	111	1	0.0	0.0	0.0	0.0	1	1.0187932456682385	0.5672246744381446	230.0	13	1.05	0.95				
	112	1	0.0	0.0	0.0	0.0	1	1.0147785763899604	-0.975228044207456	230.0	13	1.05	0.95				
	113	3	94.50705097894736	19.258040576842106	0.0	0.0	1	0.999028135256852	1.4985172320690081e-30	230.0	14	1.05	0.95				
	114	2	69.18629392421052	13.908584861052631	0.0	0.0	1	1.05	5.190859893400176	230.0	16	1.05	0.95				
	115	2	113.05183079368419	22.82434438736842	0.0	0.0	1	1.0397162143477756	16.418737456410078	230.0	16	1.05	0.95				
	116	2	35.663038105263155	7.132607621052632	0.0	0.0	1	1.0405072478940682	14.11055035682463	230.0	16	1.05	0.95				
	117	1	0.0	0.0	0.0	0.0	1	1.0395154969140434	20.994372679523345	230.0	17	1.05	0.95				
	118	2	118.7579168905263	24.25086591157895	0.0	0.0	1	1.05	21.96937583967549	230.0	17	1.05	0.95				
	119	1	64.55009897052632	13.195324098947367	0.0	0.0	1	1.0384872851588671	8.956077701732987	230.0	15	1.05	0.95				
	120	1	45.64868877473684	9.27238990736842	0.0	0.0	1	1.0449543682752944	5.179469585394278	230.0	15	1.05	0.95				
	121	2	0.0	0.0	0.0	0.0	1	1.0450959664937174	23.791897486994205	230.0	17	1.05	0.95				
	122	2	0.0	0.0	0.0	0.0	1	1.05	41.73740444789183	230.0	17	1.05	0.95				
	123	2	0.0	0.0	0.0	0.0	1	1.05	3.3864895263365975	230.0	15	1.05	0.95				
	124	1	0.0	0.0	0.0	0.0	1	1.0134632721684445	11.082563242381191	230.0	16	1.05	0.95				
	201	2	42.55060600421053	8.667716037894737	0.0	0.0	2	0.9979369281773324	-18.722660345656454	138.0	21	1.05	0.95				
	202	2	38.216747985263154	7.879741852631579	0.0	0.0	2	0.9965516011064932	-19.038279979116826	138.0	22	1.05	0.95				
	203	1	70.91767667368421	14.57752242736842	0.0	0.0	2	0.9979766103402441	-13.671440288475065	138.0	21	1.05	0.95				
	204	1	29.15504485473684	5.909806389473684	0.0	0.0	2	0.9879544295374706	-18.592670917838884	138.0	21	1.05	0.95				
	205	1	27.973083576842107	5.515819296842105	0.0	0.0	2	1.0034480594290847	-19.139079956173905	138.0	21	1.05	0.95				
	206	1	53.582244597894736	11.03163859368421	0.0	-100.0	2	1.0141009320903682	-19.89857378123044	138.0	22	1.05	0.95				
	207	2	49.24838657894737	9.849677315789474	0.0	0.0	2	0.9748275906403597	-24.96326531253818	138.0	22	1.05	0.95				
	208	1	67.37179284	13.789548242105262	0.0	0.0	2	0.9760269864382524	-23.039370673392575	138.0	22	1.05	0.95				
	209	1	68.94774121052632	14.183535334736842	0.0	0.0	2	0.9926038192584924	-16.4998884105648	138.0	23	1.05	0.95				
	210	1	76.82748306315789	15.759483705263158	0.0	0.0	2	1.0184706249180868	-18.223029164601133	138.0	23	1.05	0.95				
	211	1	0.0	0.0	0.0	0.0	2	0.9786149669854305	-13.504644232073627	230.0	23	1.05	0.95				
	212	1	0.0	0.0	0.0	0.0	2	0.9623661985943	-12.852538921589785	230.0	23	1.05	0.95				
	213	2	104.40657954736841	21.275303002105264	0.0	0.0	2	0.9568081437871466	-12.201069160903215	230.0	24	1.05	0.95				
	214	2	76.43349597052631	15.36549661263158	0.0	0.0	2	0.9990551144475458	-10.72868340209035	230.0	26	1.05	0.95				
	215	2	124.89390836421053	25.215173928421052	0.0	0.0	2	1.0199670001985601	-3.447409914467097	230.0	26	1.05	0.95				
	216	2	39.3987092631579	7.879741852631579	0.0	0.0	2	1.0128363033303425	-4.234699767219409	230.0	26	1.05	0.95				
	217	1	0.0	0.0	0.0	0.0	2	1.0291572923868832	-1.783920335196565	230.0	27	1.05	0.95				
	218	2	131.1977018463158	26.791122298947368	0.0	0.0	2	1.0305089213192853	-2.3365019872307857	230.0	27	1.05	0.95				
	219	1	71.31166376631579	14.57752242736842	0.0	0.0	2	0.9839164823279842	-4.395908622496372	230.0	25	1.05	0.95				
	220	1	50.430347856842104	10.243664408421052	0.0	0.0	2	0.9615348906513986	-3.694016116799523	230.0	25	1.05	0.95				
	221	2	0.0	0.0	0.0	0.0	2	1.0303563388354953	-1.9014165763353859	230.0	27	1.05	0.95				
	222	2	0.0	0.0	0.0	0.0	2	1.05	4.637085293405947	230.0	27	1.05	0.95				
	223	2	0.0	0.0	0.0	0.0	2	0.95	-2.935807286260231	230.0	25	1.05	0.95				
	224	1	0.0	0.0	0.0	0.0	2	0.9992310507653174	-7.231255293426098	230.0	26	1.05	0.95				
	301	2	43.73299587789474	8.908573234385965	0.0	0.0	3	1.0100360605326646	18.32577420828986	138.0	31	1.05	0.95				
	302	2	39.27870926070175	8.098702940350877	0.0	0.0	3	1.0083983337212412	17.968066294932022	138.0	32	1.05	0.95				
	303	1	72.8883264631579	14.982600439649122	0.0	0.0	3	1.044725892637122	33.47174924611206	138.0	31	1.05	0.95				
	304	1	29.965200879298244	6.074027205263158	0.0	0.0	3	1.0028830047887505	19.31061089014015	138.0	31	1.05	0.95				
	305	1	28.75039543824561	5.669092058245615	0.0	0.0	3	1.0188352571789718	16.560446522021017	138.0	31	1.05	0.95				
	306	1	55.071179994385965	11.33818411649123	0.0	-100.0	3	1.0313037052225866	15.068718652577003	138.0	32	1.05	0.95				
	307	2	50.61689337719299	10.123378675438596	0.0	0.0	3	0.95	11.89350596544119	138.0	32	1.05	0.95				
	308	1	69.24391014	14.172730145614034	0.0	0.0	3	0.9689763670532231	13.660649708243605	138.0	32	1.05	0.95				
	309	1	70.86365072807017	14.577665292631577	0.0	0.0	3	1.0109408821677728	22.12421770914825	138.0	33	1.05	0.95				
	310	1	78.96235366842104	16.197405880701755	0.0	0.0	3	1.037682531971862	16.1103028076984	138.0	33	1.05	0.95				
	311	1	0.0	0.0	0.0	0.0	3	0.9987018384863598	19.522189383766726	230.0	33	1.05	0.95				
	312	1	0.0	0.0	0.0	0.0	3	1.00426309812028	19.507198321342717	230.0	33	1.05	0.95				
	313	2	107.30781395964912	21.86649793894737	0.0	0.0	3	0.9974795359238304	19.272893450424018	230.0	34	1.05	0.95				
	314	2	78.5574185214035	15.79247073368421	0.0	0.0	3	0.9948566881100596	20.24807320344667	230.0	36	1.05	0.95				
	315	2	128.3644416045614	25.915849409122803	0.0	0.0	3	1.0448763270884411	24.14772842299384	230.0	36	1.05	0.95				
	316	2	40.493514701754385	8.098702940350877	0.0	0.0	3	1.0287886981182017	23.660009185836394	230.0	36	1.05	0.95				
	317	1	0.0	0.0	0.0	0.0	3	1.0360682040727724	28.270602924974586	230.0	37	1.05	0.95				
	318	2	134.8434039568421	27.535589997192982	0.0	0.0	3	1.0262315993207758	24.516812160954743	230.0	37	1.05	0.95				
	319	1	73.29326161017545	14.982600439649122	0.0	0.0	3	1.0202338454585054	21.89866995681911	230.0	35	1.05	0.95				
	320	1	51.831698818245606	10.528313822456141	0.0	0.0	3	1.015995198997786	21.151994060967	230.0	35	1.05	0.95				
	321	2	0.0	0.0	0.0	0.0	3	1.046292302340796	25.005569549318842	230.0	37	1.05	0.95				
	322	2	0.0	0.0	0.0	0.0	3	1.048327832045276	30.622475996594503	230.0	37	1.05	0.95				
	323	2	0.0	0.0	0.0	0.0	3	1.0140913336314108	21.059098009823984	230.0	35	1.05	0.95				
	324	1	0.0	0.0	0.0	0.0	3	1.0418606030917614	27.711211316542702	230.0	36	1.05	0.95				
	325	1	0.0	0.0	0.0	0.0	3	1.0169788857285573	21.310092908389368	230.0	35	1.05	0.95				
];
