%% MATPOWER Case Format : Version 2
function mpc = RTS_GMLC
mpc.version = '2';

%%-----  Power Flow Data  -----%%
%% system MVA base
mpc.baseMVA = 100.0;
%% bus data
%    bus_i    type    Pd    Qd    Gs    Bs    area    Vm    Va    baseKV    zone    Vmax    Vmin
mpc.bus = [
	101	2	55.84364177684211	11.375556658245614	0.0	0.0	1	1.035013778354026	0.4175533146965811	138.0	11	1.05	0.95				
	102	2	50.1558634477193	10.34141514385965	0.0	0.0	1	1.0345802851485124	0.261937990233208	138.0	12	1.05	0.95				
	103	1	93.07273629473684	19.13161801614035	0.0	0.0	1	1.0270054628756422	-0.8709307301316439	138.0	11	1.05	0.95				
	104	1	38.2632360322807	7.756061357894736	0.0	0.0	1	1.020600117369669	-2.801975138786605	138.0	11	1.05	0.95				
	105	1	36.712023760701754	7.238990600701756	0.0	0.0	1	1.0355214321327	-2.6742968228003874	138.0	11	1.05	0.95				
	106	1	70.32162297824563	14.477981201403512	0.0	-100.0	1	1.0433209763963254	-4.92395859692222	138.0	12	1.05	0.95				
	107	2	64.6338446491228	12.926768929824561	0.0	0.0	1	1.0046302197623105	-9.374971230962432	138.0	12	1.05	0.95				
	108	1	88.41909948	18.097476501754382	0.0	0.0	1	1.004493394865006	-8.59533071689289	138.0	12	1.05	0.95				
	109	1	90.48738250877193	18.61454725894737	0.0	0.0	1	1.0251360474903748	-3.2206191329997345	138.0	13	1.05	0.95				
	110	1	100.82879765263158	20.6828302877193	0.0	0.0	1	1.05	-4.185223853237654	138.0	13	1.05	0.95				
	111	1	0.0	0.0	0.0	0.0	1	1.0069643436561364	-0.8816431968096127	230.0	13	1.05	0.95				
	112	1	0.0	0.0	0.0	0.0	1	1.0110451585921523	-0.36361124523975613	230.0	13	1.05	0.95				
	113	3	137.02375065614035	27.921820888421056	0.0	0.0	1	1.0026780340299606	5.80071784927814e-31	230.0	14	1.05	0.95				
	114	2	100.3117268954386	20.165759530526316	0.0	0.0	1	1.0057461354992798	1.276148481368766	230.0	16	1.05	0.95				
	115	2	163.91143003017544	33.09252846035088	0.0	0.0	1	1.0403673994771976	7.726410461899669	230.0	16	1.05	0.95				
	116	2	51.707075719298246	10.34141514385965	0.0	0.0	1	1.0368421542187345	7.362729887512395	230.0	16	1.05	0.95				
	117	1	0.0	0.0	0.0	0.0	1	1.0428702128653795	9.684749601147123	230.0	17	1.05	0.95				
	118	2	172.18456214526316	35.160811489122814	0.0	0.0	1	1.0459763884780668	9.58646824158915	230.0	17	1.05	0.95				
	119	1	93.58980705192982	19.13161801614035	0.0	0.0	1	1.0307955277089806	6.25891625428789	230.0	15	1.05	0.95				
	120	1	66.18505692070175	13.443839687017544	0.0	0.0	1	1.029567075008029	6.291651507246041	230.0	15	1.05	0.95				
	121	2	0.0	0.0	0.0	0.0	1	1.05	10.678022444668935	230.0	17	1.05	0.95				
	122	2	0.0	0.0	0.0	0.0	1	1.05	19.830438335719137	230.0	17	1.05	0.95				
	123	2	0.0	0.0	0.0	0.0	1	1.029860494797565	6.703715288968395	230.0	15	1.05	0.95				
	124	1	0.0	0.0	0.0	0.0	1	1.0244896587886647	4.519033055314258	230.0	16	1.05	0.95				
	201	2	53.3115063663158	10.859751296842104	0.0	0.0	2	1.031052957316506	-8.038754299839797	138.0	21	1.05	0.95				
	202	2	47.88163071789474	9.872501178947369	0.0	0.0	2	1.031448408878014	-8.008388343609724	138.0	22	1.05	0.95				
	203	1	88.85251061052631	18.26412718105263	0.0	0.0	2	1.0196543649276966	-7.824742232887052	138.0	21	1.05	0.95				
	204	1	36.52825436210526	7.404375884210526	0.0	0.0	2	1.019011116679722	-10.226655521744801	138.0	21	1.05	0.95				
	205	1	35.04737918526315	6.910750825263158	0.0	0.0	2	1.0342667455034242	-10.356283016765902	138.0	21	1.05	0.95				
	206	1	67.13300801684211	13.821501650526317	0.0	-100.0	2	1.0436614193863856	-12.11890360331329	138.0	22	1.05	0.95				
	207	2	61.70313236842105	12.34062647368421	0.0	0.0	2	0.9893198456733764	-19.569751977325904	138.0	22	1.05	0.95				
	208	1	84.40988508	17.276877063157894	0.0	0.0	2	0.9940365258694605	-17.284727473328715	138.0	22	1.05	0.95				
	209	1	86.38438531578947	17.77050212210526	0.0	0.0	2	1.0234228217887291	-10.031937837392208	138.0	23	1.05	0.95				
	210	1	96.25688649473683	19.745002357894737	0.0	0.0	2	1.05	-11.139853259144273	138.0	23	1.05	0.95				
	211	1	0.0	0.0	0.0	0.0	2	1.0082953063775668	-7.03502440611572	230.0	23	1.05	0.95				
	212	1	0.0	0.0	0.0	0.0	2	1.0105526269903398	-6.414294203375312	230.0	23	1.05	0.95				
	213	2	130.81064062105264	26.6557531831579	0.0	0.0	2	1.0041993190207477	-6.045216848840973	230.0	24	1.05	0.95				
	214	2	95.76326143578947	19.251377298947368	0.0	0.0	2	1.0115360624297345	-4.268296427676367	230.0	26	1.05	0.95				
	215	2	156.47914368631578	31.59200377263158	0.0	0.0	2	1.0313891222668865	2.6714606188119188	230.0	26	1.05	0.95				
	216	2	49.36250589473684	9.872501178947369	0.0	0.0	2	1.0324438952238235	2.615696206308389	230.0	26	1.05	0.95				
	217	1	0.0	0.0	0.0	0.0	2	1.037593210981056	5.45007706787572	230.0	27	1.05	0.95				
	218	2	164.3771446294737	33.566504008421056	0.0	0.0	2	1.0390754030046152	5.871819046901511	230.0	27	1.05	0.95				
	219	1	89.34613566947368	18.26412718105263	0.0	0.0	2	1.0313207349399207	1.7696704575124849	230.0	25	1.05	0.95				
	220	1	63.18400754526316	12.83425153263158	0.0	0.0	2	1.0340111558383942	1.9863000050190531	230.0	25	1.05	0.95				
	221	2	0.0	0.0	0.0	0.0	2	1.0389589142155673	5.565242307370821	230.0	27	1.05	0.95				
	222	2	0.0	0.0	0.0	0.0	2	1.05	12.02115582694715	230.0	27	1.05	0.95				
	223	2	0.0	0.0	0.0	0.0	2	1.036373596871781	2.4764919530128613	230.0	25	1.05	0.95				
	224	1	0.0	0.0	0.0	0.0	2	1.014015194636323	-1.255066713880156	230.0	26	1.05	0.95				
	301	2	61.70452389473684	12.569440052631577	0.0	0.0	3	1.024509895429889	-14.783136852925553	138.0	31	1.05	0.95				
	302	2	55.41980386842105	11.426763684210526	0.0	0.0	3	1.0212137446483862	-15.149928825529303	138.0	32	1.05	0.95				
	303	1	102.84087315789475	21.13951281578947	0.0	0.0	3	1.05	1.229492588899315	138.0	31	1.05	0.95				
	304	1	42.27902563157894	8.570072763157894	0.0	0.0	3	1.0111761592217454	-13.623274307607439	138.0	31	1.05	0.95				
	305	1	40.565011078947364	7.998734578947368	0.0	0.0	3	1.0301621558899308	-15.72232425598112	138.0	31	1.05	0.95				
	306	1	77.70199305263158	15.997469157894736	0.0	-100.0	3	1.0394814916798014	-16.896366857703278	138.0	32	1.05	0.95				
	307	2	71.41727302631578	14.283454605263158	0.0	0.0	3	0.979078411626107	-22.40297138426552	138.0	32	1.05	0.95				
	308	1	97.69882949999999	19.99683644736842	0.0	0.0	3	0.9843267894491293	-19.96121421465231	138.0	32	1.05	0.95				
	309	1	99.9841822368421	20.568174631578945	0.0	0.0	3	1.0221181701621975	-10.01541934518487	138.0	33	1.05	0.95				
	310	1	111.41094592105263	22.85352736842105	0.0	0.0	3	1.05	-14.84853575562881	138.0	33	1.05	0.95				
	311	1	0.0	0.0	0.0	0.0	3	1.0152724220339155	-9.117993775203185	230.0	33	1.05	0.95				
	312	1	0.0	0.0	0.0	0.0	3	1.0160997073891438	-8.446342501505336	230.0	33	1.05	0.95				
	313	2	151.40461881578946	30.85226194736842	0.0	0.0	3	1.015730557878659	-6.250998975727933	230.0	34	1.05	0.95				
	314	2	110.8396077368421	22.282189184210527	0.0	0.0	3	1.0225172508949867	-8.26714183766881	230.0	36	1.05	0.95				
	315	2	181.11420439473682	36.56564378947368	0.0	0.0	3	1.0408503788865535	-3.6166345594774723	230.0	36	1.05	0.95				
	316	2	57.13381842105263	11.426763684210526	0.0	0.0	3	1.0421368201464978	-3.572010456252008	230.0	36	1.05	0.95				
	317	1	0.0	0.0	0.0	0.0	3	1.0446821156363084	-1.655953018791639	230.0	37	1.05	0.95				
	318	2	190.25561534210527	38.85099652631579	0.0	0.0	3	1.0412398064867	-2.3025586903708506	230.0	37	1.05	0.95				
	319	1	103.41221134210525	21.13951281578947	0.0	0.0	3	1.0367055561856429	-4.50285215709551	230.0	35	1.05	0.95				
	320	1	73.13128757894737	14.854792789473684	0.0	0.0	3	1.0365392271958171	-4.2274184279043645	230.0	35	1.05	0.95				
	321	2	0.0	0.0	0.0	0.0	3	1.042023711804149	-2.1910828683259624	230.0	37	1.05	0.95				
	322	2	0.0	0.0	0.0	0.0	3	1.05	2.3457428335162724	230.0	37	1.05	0.95				
	323	2	0.0	0.0	0.0	0.0	3	1.0377018063537076	-3.648087549313757	230.0	35	1.05	0.95				
	324	1	0.0	0.0	0.0	0.0	3	1.0416402415076107	-1.7615635010425688	230.0	36	1.05	0.95				
	325	1	0.0	0.0	0.0	0.0	3	1.0346211483122927	-2.4520259334766883	230.0	35	1.05	0.95				
];
