%% MATPOWER Case Format : Version 2
function mpc = RTS_GMLC
mpc.version = '2';

%%-----  Power Flow Data  -----%%
%% system MVA base
mpc.baseMVA = 100.0;
%% bus data
%    bus_i    type    Pd    Qd    Gs    Bs    area    Vm    Va    baseKV    zone    Vmax    Vmin
mpc.bus = [
	101	2	47.0663038231579	9.587580408421053	0.0	0.0	1	1.034391759320241	0.9622501794462834	138.0	11	1.05	0.95				
	102	2	42.272513618947364	8.715982189473685	0.0	0.0	1	1.0318446355207578	0.28945177530154853	138.0	12	1.05	0.95				
	103	1	78.44383970526316	16.124567050526316	0.0	0.0	1	1.029949822123559	0.2537628201023071	138.0	11	1.05	0.95				
	104	1	32.24913410105263	6.536986642105264	0.0	0.0	1	1.0231355280744312	-1.9738949077747647	138.0	11	1.05	0.95				
	105	1	30.94173677263158	6.101187532631579	0.0	0.0	1	1.0362112718102465	-2.179419596424413	138.0	11	1.05	0.95				
	106	1	59.26867888842106	12.202375065263158	0.0	-100.0	1	1.0450717862503274	-4.517465587283248	138.0	12	1.05	0.95				
	107	2	54.47488868421053	10.894977736842106	0.0	0.0	1	1.0007977687844678	-10.572217585272384	138.0	12	1.05	0.95				
	108	1	74.52164771999999	15.252968831578947	0.0	0.0	1	1.0038901430529918	-8.901979039101244	138.0	12	1.05	0.95				
	109	1	76.26484415789474	15.688767941052632	0.0	0.0	1	1.0247788226150376	-2.890869580147923	138.0	13	1.05	0.95				
	110	1	84.98082634736842	17.43196437894737	0.0	0.0	1	1.05	-3.994204599971138	138.0	13	1.05	0.95				
	111	1	0.0	0.0	0.0	0.0	1	1.0045240463767295	-0.7227168971734934	230.0	13	1.05	0.95				
	112	1	0.0	0.0	0.0	0.0	1	1.0084589012723306	-1.2209993774813843	230.0	13	1.05	0.95				
	113	3	115.48676401052631	23.53315191157895	0.0	0.0	1	0.9973521637337457	2.3705329889641428e-30	230.0	14	1.05	0.95				
	114	2	84.54502723789473	16.996165269473686	0.0	0.0	1	1.003310777228481	1.4942793201236506	230.0	16	1.05	0.95				
	115	2	138.1483177031579	27.891143006315787	0.0	0.0	1	1.0386551836228164	8.55255692411925	230.0	16	1.05	0.95				
	116	2	43.579910947368425	8.715982189473685	0.0	0.0	1	1.0333909177902563	7.163757318853527	230.0	16	1.05	0.95				
	117	1	0.0	0.0	0.0	0.0	1	1.039623022856177	11.475780108335439	230.0	17	1.05	0.95				
	118	2	145.12110345473687	29.63433944421053	0.0	0.0	1	1.0449426469526124	12.194100182619664	230.0	17	1.05	0.95				
	119	1	78.87963881473684	16.124567050526316	0.0	0.0	1	1.0218796774796794	4.192679853489717	230.0	15	1.05	0.95				
	120	1	55.78228601263157	11.330776846315791	0.0	0.0	1	1.0165980119371596	2.366972645351034	230.0	15	1.05	0.95				
	121	2	0.0	0.0	0.0	0.0	1	1.0468975955126243	13.857193190186015	230.0	17	1.05	0.95				
	122	2	0.0	0.0	0.0	0.0	1	1.05	23.43125192299895	230.0	17	1.05	0.95				
	123	2	0.0	0.0	0.0	0.0	1	1.0144500024665715	1.6984477837226766	230.0	15	1.05	0.95				
	124	1	0.0	0.0	0.0	0.0	1	1.024866401881649	5.44185249435449	230.0	16	1.05	0.95				
	201	2	38.91263968421053	7.926648824561404	0.0	0.0	2	1.0143034786450593	-13.599330785726664	138.0	21	1.05	0.95				
	202	2	34.94931527192983	7.206044385964913	0.0	0.0	2	1.013354197835491	-13.877156817717204	138.0	22	1.05	0.95				
	203	1	64.85439947368421	13.331182114035089	0.0	0.0	2	1.016820392550654	-9.98540674093173	138.0	21	1.05	0.95				
	204	1	26.662364228070178	5.404533289473684	0.0	0.0	2	1.0131245005593363	-13.62365292616172	138.0	21	1.05	0.95				
	205	1	25.581457570175438	5.04423107017544	0.0	0.0	2	1.0279002584785972	-14.020962907903296	138.0	21	1.05	0.95				
	206	1	49.00110182456141	10.08846214035088	0.0	-100.0	2	1.0437150133916222	-14.729587759777166	138.0	22	1.05	0.95				
	207	2	45.037777412280704	9.00755548245614	0.0	0.0	2	0.9962572760426364	-18.966241373156546	138.0	22	1.05	0.95				
	208	1	61.61167950000001	12.610577675438597	0.0	0.0	2	1.0034292100492166	-17.384796585304297	138.0	22	1.05	0.95				
	209	1	63.052888377192986	12.970879894736843	0.0	0.0	2	1.0227842557052713	-11.917685957984158	138.0	23	1.05	0.95				
	210	1	70.2589327631579	14.412088771929826	0.0	0.0	2	1.05	-13.280914973343958	138.0	23	1.05	0.95				
	211	1	0.0	0.0	0.0	0.0	2	1.0035034936927374	-9.139733509509034	230.0	23	1.05	0.95				
	212	1	0.0	0.0	0.0	0.0	2	1.006007449832262	-8.632914926110121	230.0	23	1.05	0.95				
	213	2	95.48008811403508	19.456319842105266	0.0	0.0	2	0.9969556163633537	-8.017162394048254	230.0	24	1.05	0.95				
	214	2	69.89863054385965	14.05178655263158	0.0	0.0	2	1.0041039061821206	-6.526945001860962	230.0	26	1.05	0.95				
	215	2	114.21580351754386	23.05934203508772	0.0	0.0	2	1.0222340461270705	-0.08406983009490411	230.0	26	1.05	0.95				
	216	2	36.03022192982456	7.206044385964913	0.0	0.0	2	1.0221100162369596	-0.6652596626698526	230.0	26	1.05	0.95				
	217	1	0.0	0.0	0.0	0.0	2	1.0266481805591336	0.7928113460850192	230.0	27	1.05	0.95				
	218	2	119.9806390263158	24.500550912280705	0.0	0.0	2	1.0263502620116167	0.5194599680442131	230.0	27	1.05	0.95				
	219	1	65.21470169298246	13.331182114035089	0.0	0.0	2	1.0214136625665584	-1.198603082200435	230.0	25	1.05	0.95				
	220	1	46.11868407017544	9.367857701754387	0.0	0.0	2	1.022911405428399	-0.9495056398349141	230.0	25	1.05	0.95				
	221	2	0.0	0.0	0.0	0.0	2	1.0284877491400772	1.1102515398629074	230.0	27	1.05	0.95				
	222	2	0.0	0.0	0.0	0.0	2	1.049999719668423	7.475766178531176	230.0	27	1.05	0.95				
	223	2	0.0	0.0	0.0	0.0	2	1.024028265582751	-0.5323011628408111	230.0	25	1.05	0.95				
	224	1	0.0	0.0	0.0	0.0	2	1.008050959029524	-3.8105690026712655	230.0	26	1.05	0.95				
	301	2	44.9971528168421	9.166086684912282	0.0	0.0	3	1.0091985928683924	8.951981892563285	138.0	31	1.05	0.95				
	302	2	40.41410947438596	8.332806077192984	0.0	0.0	3	1.0089774621047816	8.683095917379319	138.0	32	1.05	0.95				
	303	1	74.99525469473684	15.415691242807018	0.0	0.0	3	1.0427414963454966	18.965512888382747	138.0	31	1.05	0.95				
	304	1	30.831382485614036	6.249604557894736	0.0	0.0	3	1.0106390781352965	9.600399400315803	138.0	31	1.05	0.95				
	305	1	29.581461574035085	5.832964254035089	0.0	0.0	3	1.0244909373279774	8.465276830572424	138.0	31	1.05	0.95				
	306	1	56.66308132491228	11.665928508070177	0.0	-100.0	3	1.0410225141565248	7.681622319309874	138.0	32	1.05	0.95				
	307	2	52.08003798245614	10.416007596491228	0.0	0.0	3	0.974391566586832	3.523148396081148	138.0	32	1.05	0.95				
	308	1	71.24549196	14.582410635087717	0.0	0.0	3	0.9891424462262753	5.325256453224214	138.0	32	1.05	0.95				
	309	1	72.9120531754386	14.999050938947367	0.0	0.0	3	1.0244634169466718	12.069282088372702	138.0	33	1.05	0.95				
	310	1	81.24485925263157	16.66561215438597	0.0	0.0	3	1.05	9.323935856422231	138.0	33	1.05	0.95				
	311	1	0.0	0.0	0.0	0.0	3	1.0074365791673185	13.00527851438648	230.0	33	1.05	0.95				
	312	1	0.0	0.0	0.0	0.0	3	1.0145965825681325	13.346826170236572	230.0	33	1.05	0.95				
	313	2	110.40968052280702	22.49857640842105	0.0	0.0	3	1.0119457105193719	15.760533119498138	230.0	34	1.05	0.95				
	314	2	80.82821894877192	16.248971850526317	0.0	0.0	3	0.9987262615838619	13.00079452610558	230.0	36	1.05	0.95				
	315	2	132.07497632350876	26.664979447017544	0.0	0.0	3	1.0283870520371494	12.778888383021172	230.0	36	1.05	0.95				
	316	2	41.664030385964914	8.332806077192984	0.0	0.0	3	1.0205877982231244	12.74692115910942	230.0	36	1.05	0.95				
	317	1	0.0	0.0	0.0	0.0	3	1.035792349614927	14.09519580679978	230.0	37	1.05	0.95				
	318	2	138.74122118526316	28.33154066245614	0.0	0.0	3	1.0357296009903125	12.177366678859084	230.0	37	1.05	0.95				
	319	1	75.4118949985965	15.415691242807018	0.0	0.0	3	1.0193098058634606	13.108636693271801	230.0	35	1.05	0.95				
	320	1	53.32995889403509	10.832647900350878	0.0	0.0	3	1.0187335476843826	13.28614726076034	230.0	35	1.05	0.95				
	321	2	0.0	0.0	0.0	0.0	3	1.035246341182072	12.979290368664323	230.0	37	1.05	0.95				
	322	2	0.0	0.0	0.0	0.0	3	1.0491821287148155	17.729641520708856	230.0	37	1.05	0.95				
	323	2	0.0	0.0	0.0	0.0	3	1.0186321993421479	13.574754379906835	230.0	35	1.05	0.95				
	324	1	0.0	0.0	0.0	0.0	3	1.032911571335615	16.259733044165138	230.0	36	1.05	0.95				
	325	1	0.0	0.0	0.0	0.0	3	1.0218070925574105	13.61358336414722	230.0	35	1.05	0.95				
];
