%% MATPOWER Case Format : Version 2
function mpc = RTS_GMLC
mpc.version = '2';

%%-----  Power Flow Data  -----%%
%% system MVA base
mpc.baseMVA = 100.0;
%% bus data
%    bus_i    type    Pd    Qd    Gs    Bs    area    Vm    Va    baseKV    zone    Vmax    Vmin
mpc.bus = [
	101	2	35.53686294063158	7.238990599017543	0.0	0.0	1	1.0348614778767569	4.057426568329639	138.0	11	1.05	0.95				
	102	2	31.91736764112281	6.580900544561404	0.0	0.0	1	1.0339968372890542	3.811919913813141	138.0	12	1.05	0.95				
	103	1	59.22810490105264	12.174666007438596	0.0	0.0	1	1.0289312755564852	1.8307543441042076	138.0	11	1.05	0.95				
	104	1	24.34933201487719	4.935675408421052	0.0	0.0	1	1.023089736470902	0.610452081063144	138.0	11	1.05	0.95				
	105	1	23.36219693319298	4.606630381192982	0.0	0.0	1	1.037796537678034	0.9075326419036126	138.0	11	1.05	0.95				
	106	1	44.75012370301755	9.213260762385964	0.0	-100.0	1	1.0483622871382816	-1.2499692665345135	138.0	12	1.05	0.95				
	107	2	41.13062840350877	8.226125680701754	0.0	0.0	1	1.001718878795353	-6.690317155768653	138.0	12	1.05	0.95				
	108	1	56.266699656	11.516575952982455	0.0	0.0	1	1.00807220526716	-5.282951220996976	138.0	12	1.05	0.95				
	109	1	57.58287976491228	11.845620980210525	0.0	0.0	1	1.02389259419562	-0.675659517994459	138.0	13	1.05	0.95				
	110	1	64.16378030947368	13.161801089122807	0.0	0.0	1	1.05	-1.252116008780491	138.0	13	1.05	0.95				
	111	1	0.0	0.0	0.0	0.0	1	0.9996774509304897	0.4940457011840607	230.0	13	1.05	0.95				
	112	1	0.0	0.0	0.0	0.0	1	1.0049463704087045	0.5248748683085622	230.0	13	1.05	0.95				
	113	3	87.1969322154386	17.76843147031579	0.0	0.0	1	0.9879205283739937	-5.211810611305787e-31	230.0	14	1.05	0.95				
	114	2	63.83473528224562	12.832756061894738	0.0	0.0	1	0.9948037455743494	2.5276729706793795	230.0	16	1.05	0.95				
	115	2	104.30727363129823	21.05888174259649	0.0	0.0	1	1.0301339852964826	7.629708420933006	230.0	16	1.05	0.95				
	116	2	32.90450272280702	6.580900544561404	0.0	0.0	1	1.0261543236365664	7.254199060599108	230.0	16	1.05	0.95				
	117	1	0.0	0.0	0.0	0.0	1	1.0350336631579597	9.422436067142172	230.0	17	1.05	0.95				
	118	2	109.57199406694738	22.375061851508775	0.0	0.0	1	1.0375254145405788	9.620623913092064	230.0	17	1.05	0.95				
	119	1	59.55714992828071	12.174666007438596	0.0	0.0	1	1.0193169189036748	5.863546813972265	230.0	15	1.05	0.95				
	120	1	42.11776348519298	8.555170707929824	0.0	0.0	1	1.0154611586161204	5.298754758899351	230.0	15	1.05	0.95				
	121	2	0.0	0.0	0.0	0.0	1	1.0408643718394444	10.566002694603913	230.0	17	1.05	0.95				
	122	2	0.0	0.0	0.0	0.0	1	1.05	16.621458906809117	230.0	17	1.05	0.95				
	123	2	0.0	0.0	0.0	0.0	1	1.0134112966777309	5.2491132056117165	230.0	15	1.05	0.95				
	124	1	0.0	0.0	0.0	0.0	1	1.0217017447174994	5.441577432274659	230.0	16	1.05	0.95				
	201	2	38.74264128000001	7.89201952	0.0	0.0	2	1.0191972598322734	-9.074619941414607	138.0	21	1.05	0.95				
	202	2	34.79663152	7.174563200000001	0.0	0.0	2	1.0189622759774546	-9.178955143079518	138.0	22	1.05	0.95				
	203	1	64.5710688	13.272941920000001	0.0	0.0	2	1.015948401845201	-6.836521972022578	138.0	21	1.05	0.95				
	204	1	26.545883840000002	5.3809224	0.0	0.0	2	1.015576546693601	-9.689503286693565	138.0	21	1.05	0.95				
	205	1	25.469699359999996	5.02219424	0.0	0.0	2	1.0304228370941932	-9.99923515731726	138.0	21	1.05	0.95				
	206	1	48.78702976	10.04438848	0.0	-100.0	2	1.0450186726715578	-10.934980249975917	138.0	22	1.05	0.95				
	207	2	44.84102	8.968204	0.0	0.0	2	0.9966247775254901	-15.537542532259005	138.0	22	1.05	0.95				
	208	1	61.34251536000001	12.555485599999999	0.0	0.0	2	1.003607435710214	-13.961553456970144	138.0	22	1.05	0.95				
	209	1	62.777428	12.91421376	0.0	0.0	2	1.0223121265161377	-8.615146059707438	138.0	23	1.05	0.95				
	210	1	69.9519912	14.349126400000001	0.0	0.0	2	1.05	-9.774312426158339	138.0	23	1.05	0.95				
	211	1	0.0	0.0	0.0	0.0	2	1.001976534389942	-6.153647300653833	230.0	23	1.05	0.95				
	212	1	0.0	0.0	0.0	0.0	2	1.0052760153818743	-5.505308941456435	230.0	23	1.05	0.95				
	213	2	95.0629624	19.371320640000004	0.0	0.0	2	0.995213821996232	-5.025903710744442	230.0	24	1.05	0.95				
	214	2	69.59326304	13.990398240000001	0.0	0.0	2	1.0000142095038214	-3.950903382286282	230.0	26	1.05	0.95				
	215	2	113.71682672000001	22.95860224	0.0	0.0	2	1.015643398730766	1.4144517966642376	230.0	26	1.05	0.95				
	216	2	35.872816	7.174563200000001	0.0	0.0	2	1.0168358495584253	1.3431240850611816	230.0	26	1.05	0.95				
	217	1	0.0	0.0	0.0	0.0	2	1.0218320169281792	2.950425696917152	230.0	27	1.05	0.95				
	218	2	119.45647728000002	24.39351488	0.0	0.0	2	1.021246349082817	2.5116759481090547	230.0	27	1.05	0.95				
	219	1	64.92979696	13.272941920000001	0.0	0.0	2	1.0172092748018187	1.1398462306672523	230.0	25	1.05	0.95				
	220	1	45.91720448	9.326932160000002	0.0	0.0	2	1.0196195608591307	1.678205101929345	230.0	25	1.05	0.95				
	221	2	0.0	0.0	0.0	0.0	2	1.0230180696610152	2.955214242106588	230.0	27	1.05	0.95				
	222	2	0.0	0.0	0.0	0.0	2	1.0450787758457212	9.505705028973903	230.0	27	1.05	0.95				
	223	2	0.0	0.0	0.0	0.0	2	1.0213170700510492	2.2539547015779373	230.0	25	1.05	0.95				
	224	1	0.0	0.0	0.0	0.0	2	1.005518968137201	-1.70824314902321	230.0	26	1.05	0.95				
	301	2	42.34925656421053	8.62670041122807	0.0	0.0	3	1.0120290993792376	-9.800867091665433	138.0	31	1.05	0.95				
	302	2	38.03590635859649	7.842454919298246	0.0	0.0	3	1.0117914338800038	-10.024674985855924	138.0	32	1.05	0.95				
	303	1	70.5820942736842	14.508541600701752	0.0	0.0	3	1.0381633656815212	-0.848179642091504	138.0	31	1.05	0.95				
	304	1	29.017083201403505	5.8818411894736835	0.0	0.0	3	1.012889662840783	-8.934859049235596	138.0	31	1.05	0.95				
	305	1	27.840714963508766	5.489718443508773	0.0	0.0	3	1.0262835598033044	-10.212054627591943	138.0	31	1.05	0.95				
	306	1	53.32869345122807	10.979436887017545	0.0	-100.0	3	1.0424223907517682	-10.926278343846263	138.0	32	1.05	0.95				
	307	2	49.01534324561403	9.803068649122807	0.0	0.0	3	0.9937080775514708	-14.854844601201384	138.0	32	1.05	0.95				
	308	1	67.05298956	13.724296108771927	0.0	0.0	3	1.0011661302418435	-13.119222728072431	138.0	32	1.05	0.95				
	309	1	68.62148054385965	14.116418854736839	0.0	0.0	3	1.0254245930792707	-6.42907260452473	138.0	33	1.05	0.95				
	310	1	76.46393546315788	15.684909838596491	0.0	0.0	3	1.05	-9.358710012575925	138.0	33	1.05	0.95				
	311	1	0.0	0.0	0.0	0.0	3	1.0046461942373894	-5.108578269962341	230.0	33	1.05	0.95				
	312	1	0.0	0.0	0.0	0.0	3	1.0105096797495714	-4.410375896729928	230.0	33	1.05	0.95				
	313	2	103.91252768070174	21.174628282105264	0.0	0.0	3	1.007335708072073	-2.011648911114421	230.0	34	1.05	0.95				
	314	2	76.07181271719298	15.29278709263158	0.0	0.0	3	0.9958013817749738	-4.899216254362628	230.0	36	1.05	0.95				
	315	2	124.30291047087718	25.095855741754384	0.0	0.0	3	1.0206319861961928	-2.4683471900148524	230.0	36	1.05	0.95				
	316	2	39.21227459649123	7.842454919298246	0.0	0.0	3	1.0175404555721201	-2.2348961965866576	230.0	36	1.05	0.95				
	317	1	0.0	0.0	0.0	0.0	3	1.0223794137934028	-1.479096750681411	230.0	37	1.05	0.95				
	318	2	130.57687440631577	26.664346725614035	0.0	0.0	3	1.0215110929967384	-1.6635403860425368	230.0	37	1.05	0.95				
	319	1	70.97421701964912	14.508541600701752	0.0	0.0	3	1.0144887859508092	-2.342313600532551	230.0	35	1.05	0.95				
	320	1	50.19171148350877	10.195191395087718	0.0	0.0	3	1.0143493542365658	-1.6511791629265402	230.0	35	1.05	0.95				
	321	2	0.0	0.0	0.0	0.0	3	1.023226550794205	-1.3929902185768848	230.0	37	1.05	0.95				
	322	2	0.0	0.0	0.0	0.0	3	1.0363265005425404	2.9951241387661303	230.0	37	1.05	0.95				
	323	2	0.0	0.0	0.0	0.0	3	1.0148706618368935	-0.9607766391614071	230.0	35	1.05	0.95				
	324	1	0.0	0.0	0.0	0.0	3	1.0239264473304226	-1.8575761452537183	230.0	36	1.05	0.95				
	325	1	0.0	0.0	0.0	0.0	3	1.0143157081891137	0.027204762339291724	230.0	35	1.05	0.95				
];
