%% MATPOWER Case Format : Version 2
function mpc = RTS_GMLC
mpc.version = '2';

%%-----  Power Flow Data  -----%%
%% system MVA base
mpc.baseMVA = 100.0;
%% bus data
%    bus_i    type    Pd    Qd    Gs    Bs    area    Vm    Va    baseKV    zone    Vmax    Vmin
mpc.bus = [
	101	2	41.05442849684211	8.362939138245613	0.0	0.0	1	0.9953285002872708	-4.362007258276022	138.0	11	1.05	0.95				
	102	2	36.872958927719296	7.60267194385965	0.0	0.0	1	0.9949533109043555	-4.5662824771383335	138.0	12	1.05	0.95				
	103	1	68.42404749473684	14.06494309614035	0.0	0.0	1	1.0241139901373397	1.0227164313238593	138.0	11	1.05	0.95				
	104	1	28.1298861922807	5.702003957894736	0.0	0.0	1	1.0073373584418168	-4.348472727633288	138.0	11	1.05	0.95				
	105	1	26.989485400701753	5.321870360701754	0.0	0.0	1	1.0179050187578584	-5.295351432955596	138.0	11	1.05	0.95				
	106	1	51.69816921824562	10.643740721403509	0.0	-100.0	1	1.0385421543100637	-6.271462021706988	138.0	12	1.05	0.95				
	107	2	47.516699649122806	9.50333992982456	0.0	0.0	1	0.980677006781539	-11.148317753735173	138.0	12	1.05	0.95				
	108	1	65.00284512	13.304675901754385	0.0	0.0	1	0.9939872128492043	-9.295966801413522	138.0	12	1.05	0.95				
	109	1	66.52337950877192	13.684809498947367	0.0	0.0	1	1.0256638805954839	-3.0756194132380905	138.0	13	1.05	0.95				
	110	1	74.12605145263159	15.2053438877193	0.0	0.0	1	1.05	-4.97727659596042	138.0	13	1.05	0.95				
	111	1	0.0	0.0	0.0	0.0	1	1.018859271830796	-0.09774473425261891	230.0	13	1.05	0.95				
	112	1	0.0	0.0	0.0	0.0	1	1.0139502043535078	-1.2621099265501483	230.0	13	1.05	0.95				
	113	3	100.73540325614034	20.527214248421053	0.0	0.0	1	0.9960078267046792	-1.5195482471626621e-29	230.0	14	1.05	0.95				
	114	2	73.74591785543859	14.825210290526316	0.0	0.0	1	1.05	3.6446827148468124	230.0	16	1.05	0.95				
	115	2	120.50235031017544	24.328550220350877	0.0	0.0	1	1.0428717318643703	13.258786479535917	230.0	16	1.05	0.95				
	116	2	38.01335971929824	7.60267194385965	0.0	0.0	1	1.044357388557879	11.422601006607962	230.0	16	1.05	0.95				
	117	1	0.0	0.0	0.0	0.0	1	1.0417228590556442	17.558028039595374	230.0	17	1.05	0.95				
	118	2	126.58448786526316	25.84908460912281	0.0	0.0	1	1.05	18.227658080233702	230.0	17	1.05	0.95				
	119	1	68.80418109192983	14.06494309614035	0.0	0.0	1	1.0421556373276626	7.14417821872945	230.0	15	1.05	0.95				
	120	1	48.657100440701754	9.883473527017545	0.0	0.0	1	1.0465327826212947	4.055166319627756	230.0	15	1.05	0.95				
	121	2	0.0	0.0	0.0	0.0	1	1.043026981322949	19.71553236316763	230.0	17	1.05	0.95				
	122	2	0.0	0.0	0.0	0.0	1	1.05	37.678707670392896	230.0	17	1.05	0.95				
	123	2	0.0	0.0	0.0	0.0	1	1.05	2.6476361211621118	230.0	15	1.05	0.95				
	124	1	0.0	0.0	0.0	0.0	1	1.0204686080660372	8.708488715283428	230.0	16	1.05	0.95				
	201	2	43.893593583157894	8.941287581754386	0.0	0.0	2	0.993062656186925	-16.151587252817286	138.0	21	1.05	0.95				
	202	2	39.4229497922807	8.12844325614035	0.0	0.0	2	0.991756800459985	-16.442713396788466	138.0	22	1.05	0.95				
	203	1	73.15598930526316	15.037620023859649	0.0	0.0	2	0.9937322017653444	-11.935589170504006	138.0	21	1.05	0.95				
	204	1	30.075240047719298	6.096332442105263	0.0	0.0	2	0.9840390988710651	-15.867528482117882	138.0	21	1.05	0.95				
	205	1	28.855973559298242	5.689910279298246	0.0	0.0	2	0.9990043456932232	-16.343342103093637	138.0	21	1.05	0.95				
	206	1	55.27341414175439	11.379820558596492	0.0	-100.0	2	1.0098423201913043	-16.988289603223105	138.0	22	1.05	0.95				
	207	2	50.80277035087719	10.160554070175438	0.0	0.0	2	0.970846423244779	-22.28239256942168	138.0	22	1.05	0.95				
	208	1	69.49818984000001	14.224775698245612	0.0	0.0	2	0.9718612853305425	-20.27715454796354	138.0	22	1.05	0.95				
	209	1	71.12387849122807	14.63119786105263	0.0	0.0	2	0.9900530289867217	-13.604883750622117	138.0	23	1.05	0.95				
	210	1	79.25232174736841	16.2568865122807	0.0	0.0	2	1.0149680018807044	-15.147009487971065	138.0	23	1.05	0.95				
	211	1	0.0	0.0	0.0	0.0	2	0.9741796305201104	-10.834662372009522	230.0	23	1.05	0.95				
	212	1	0.0	0.0	0.0	0.0	2	0.9626338957247894	-8.544998558870175	230.0	23	1.05	0.95				
	213	2	107.70187314385964	21.946796791578947	0.0	0.0	2	0.9540278628249761	-9.125934124315073	230.0	24	1.05	0.95				
	214	2	78.8458995845614	15.850464349473684	0.0	0.0	2	0.9905079696700847	-8.689640278689604	230.0	26	1.05	0.95				
	215	2	128.83582560982455	26.011018419649123	0.0	0.0	2	1.0138304560060145	-2.2480913040210173	230.0	26	1.05	0.95				
	216	2	40.64221628070175	8.12844325614035	0.0	0.0	2	1.0066787675610172	-2.985960070978417	230.0	26	1.05	0.95				
	217	1	0.0	0.0	0.0	0.0	2	1.024571203735096	-0.9344845455451122	230.0	27	1.05	0.95				
	218	2	135.33858021473685	27.636707070877193	0.0	0.0	2	1.0248925916688385	-1.4173027169721808	230.0	27	1.05	0.95				
	219	1	73.56241146807018	15.037620023859649	0.0	0.0	2	0.9802028793977475	-3.0343073816250907	230.0	25	1.05	0.95				
	220	1	52.022036839298245	10.566976232982457	0.0	0.0	2	0.9601401961212627	-2.197143997637945	230.0	25	1.05	0.95				
	221	2	0.0	0.0	0.0	0.0	2	1.0250203377388394	-0.8878706445288373	230.0	27	1.05	0.95				
	222	2	0.0	0.0	0.0	0.0	2	1.048446990671027	5.602199889005369	230.0	27	1.05	0.95				
	223	2	0.0	0.0	0.0	0.0	2	0.95	-1.3532767158745609	230.0	25	1.05	0.95				
	224	1	0.0	0.0	0.0	0.0	2	0.994500427289583	-5.838286079634193	230.0	26	1.05	0.95				
	301	2	64.40366970947369	13.119266051929825	0.0	0.0	3	1.0304994877586273	12.75638946944584	138.0	31	1.05	0.95				
	302	2	57.84403668350877	11.926605501754386	0.0	0.0	3	1.0253437596610637	12.40918045357017	138.0	32	1.05	0.95				
	303	1	107.33944951578948	22.064220178245613	0.0	0.0	3	1.0499999812215979	29.795433978442343	138.0	31	1.05	0.95				
	304	1	44.128440356491225	8.944954126315789	0.0	0.0	3	1.0068355256293848	14.418033388746123	138.0	31	1.05	0.95				
	305	1	42.33944953122807	8.348623851228071	0.0	0.0	3	1.0279285745954823	11.736170931792383	138.0	31	1.05	0.95				
	306	1	81.10091741192983	16.697247702456142	0.0	-100.0	3	1.0319264146637352	10.487423213969178	138.0	32	1.05	0.95				
	307	2	74.54128438596491	14.908256877192983	0.0	0.0	3	0.95	5.372695446516865	138.0	32	1.05	0.95				
	308	1	101.97247703999999	20.871559628070173	0.0	0.0	3	0.9640344882402669	8.213937844565535	138.0	32	1.05	0.95				
	309	1	104.35779814035087	21.467889903157893	0.0	0.0	3	1.0126845899743881	18.577592465628555	138.0	33	1.05	0.95				
	310	1	116.28440364210526	23.853211003508772	0.0	0.0	3	1.0400062509277217	12.613946471179736	138.0	33	1.05	0.95				
	311	1	0.0	0.0	0.0	0.0	3	0.9999031724584088	17.744252702786063	230.0	33	1.05	0.95				
	312	1	0.0	0.0	0.0	0.0	3	1.0055301539728114	17.879514769529994	230.0	33	1.05	0.95				
	313	2	158.0275228982456	32.201834854736845	0.0	0.0	3	1.0004346316593384	19.11699290004671	230.0	34	1.05	0.95				
	314	2	115.68807336701754	23.256880728421052	0.0	0.0	3	0.9978057851032431	18.803416357849965	230.0	36	1.05	0.95				
	315	2	189.036697202807	38.165137605614035	0.0	0.0	3	1.048494564813194	21.334524343539023	230.0	36	1.05	0.95				
	316	2	59.63302750877193	11.926605501754386	0.0	0.0	3	1.0350884684314345	21.146784244934853	230.0	36	1.05	0.95				
	317	1	0.0	0.0	0.0	0.0	3	1.0407613012812775	25.443198670608705	230.0	37	1.05	0.95				
	318	2	198.57798160421055	40.550458705964914	0.0	0.0	3	1.0308939369608683	21.723816419721295	230.0	37	1.05	0.95				
	319	1	107.9357797908772	22.064220178245613	0.0	0.0	3	1.024607356539688	19.94403674162035	230.0	35	1.05	0.95				
	320	1	76.33027521122807	15.504587152280703	0.0	0.0	3	1.019083866672971	19.373600669226544	230.0	35	1.05	0.95				
	321	2	0.0	0.0	0.0	0.0	3	1.049999990565831	22.203710722403112	230.0	37	1.05	0.95				
	322	2	0.0	0.0	0.0	0.0	3	1.047585402107049	27.832490366652724	230.0	37	1.05	0.95				
	323	2	0.0	0.0	0.0	0.0	3	1.0167284234852438	19.260490455210686	230.0	35	1.05	0.95				
	324	1	0.0	0.0	0.0	0.0	3	1.0477508138657048	25.544957063674804	230.0	36	1.05	0.95				
	325	1	0.0	0.0	0.0	0.0	3	1.019705542605335	19.313062638214323	230.0	35	1.05	0.95				
];
