%% MATPOWER Case Format : Version 2
function mpc = RTS_GMLC
mpc.version = '2';

%%-----  Power Flow Data  -----%%
%% system MVA base
mpc.baseMVA = 100.0;
%% bus data
%    bus_i    type    Pd    Qd    Gs    Bs    area    Vm    Va    baseKV    zone    Vmax    Vmin
mpc.bus = [
	101	2	46.62543296842105	9.49777338245614	0.0	0.0	1	1.0168738449103207	2.256335501447806	138.0	11	1.05	0.95				
	102	2	41.876546277192986	8.634339438596491	0.0	0.0	1	1.0157580192788171	1.9412898447574842	138.0	12	1.05	0.95				
	103	1	77.70905494736841	15.973527961403509	0.0	0.0	1	1.0256339070629052	2.285087845458881	138.0	11	1.05	0.95				
	104	1	31.947055922807017	6.4757545789473685	0.0	0.0	1	1.0136526674688062	-1.2228179241268693	138.0	11	1.05	0.95				
	105	1	30.651905007017543	6.044037607017545	0.0	0.0	1	1.0271014192471217	-1.1590610205362186	138.0	11	1.05	0.95				
	106	1	58.713508182456145	12.08807521403509	0.0	-100.0	1	1.040933232338021	-3.5350870476358476	138.0	12	1.05	0.95				
	107	2	53.96462149122807	10.792924298245614	0.0	0.0	1	0.9861711362026213	-11.330996399614694	138.0	12	1.05	0.95				
	108	1	73.8236022	15.11009401754386	0.0	0.0	1	0.9946131973203326	-8.947824949943344	138.0	12	1.05	0.95				
	109	1	75.5504700877193	15.541810989473683	0.0	0.0	1	1.025187747845166	-2.0057650020662887	138.0	13	1.05	0.95				
	110	1	84.18480952631579	17.268678877192983	0.0	0.0	1	1.05	-3.1960902659581487	138.0	13	1.05	0.95				
	111	1	0.0	0.0	0.0	0.0	1	1.0178238606910992	0.3832379263536436	230.0	13	1.05	0.95				
	112	1	0.0	0.0	0.0	0.0	1	1.0144058707096864	-0.6487279022971667	230.0	13	1.05	0.95				
	113	3	114.4049975614035	23.312716484210526	0.0	0.0	1	0.9995053617798728	5.522550711919924e-27	230.0	14	1.05	0.95				
	114	2	83.75309255438597	16.83696190526316	0.0	0.0	1	1.0409083195764532	3.641355939473274	230.0	16	1.05	0.95				
	115	2	136.85428010175437	27.629886203508775	0.0	0.0	1	1.0401363823634573	12.835948800944424	230.0	16	1.05	0.95				
	116	2	43.17169719298246	8.634339438596491	0.0	0.0	1	1.039764481565317	11.015265334655858	230.0	16	1.05	0.95				
	117	1	0.0	0.0	0.0	0.0	1	1.038873496041281	17.00214455603254	230.0	17	1.05	0.95				
	118	2	143.76175165263157	29.356754091228073	0.0	0.0	1	1.0475203944915699	17.573093636572803	230.0	17	1.05	0.95				
	119	1	78.14077191929825	15.973527961403509	0.0	0.0	1	1.0347359914673342	6.759864144999213	230.0	15	1.05	0.95				
	120	1	55.25977240701755	11.22464127017544	0.0	0.0	1	1.0372735974009912	3.883172614254803	230.0	15	1.05	0.95				
	121	2	0.0	0.0	0.0	0.0	1	1.041857833143974	19.194085730372286	230.0	17	1.05	0.95				
	122	2	0.0	0.0	0.0	0.0	1	1.05	37.16694647885124	230.0	17	1.05	0.95				
	123	2	0.0	0.0	0.0	0.0	1	1.0398357659603061	2.630824158172436	230.0	15	1.05	0.95				
	124	1	0.0	0.0	0.0	0.0	1	1.021550558856587	8.899242220208176	230.0	16	1.05	0.95				
	201	2	49.418542421052635	10.066740122807017	0.0	0.0	2	1.0079743073922092	-17.768078060193886	138.0	21	1.05	0.95				
	202	2	44.385172359649125	9.151581929824562	0.0	0.0	2	1.0072269644698124	-18.076485556068427	138.0	22	1.05	0.95				
	203	1	82.36423736842106	16.930426570175438	0.0	0.0	2	1.0107478342837142	-12.836245994768511	138.0	21	1.05	0.95				
	204	1	33.860853140350876	6.863686447368421	0.0	0.0	2	1.0083796700851142	-17.49604005198061	138.0	21	1.05	0.95				
	205	1	32.48811585087719	6.4061073508771935	0.0	0.0	2	1.0232480536258306	-18.034284301309977	138.0	21	1.05	0.95				
	206	1	62.23075712280702	12.812214701754387	0.0	-100.0	2	1.0394289631741371	-18.741681560693717	138.0	22	1.05	0.95				
	207	2	57.19738706140352	11.439477412280702	0.0	0.0	2	0.9908232165439794	-24.24607864532913	138.0	22	1.05	0.95				
	208	1	78.2460255	16.01526837719298	0.0	0.0	2	0.9963795420399746	-22.155183835458583	138.0	22	1.05	0.95				
	209	1	80.07634188596491	16.47284747368421	0.0	0.0	2	1.0231326131314138	-15.12742335483571	138.0	23	1.05	0.95				
	210	1	89.22792381578948	18.303163859649125	0.0	0.0	2	1.05	-16.824764012676447	138.0	23	1.05	0.95				
	211	1	0.0	0.0	0.0	0.0	2	1.011509532178208	-11.66864400104833	230.0	23	1.05	0.95				
	212	1	0.0	0.0	0.0	0.0	2	1.0139854027793647	-10.563973021136643	230.0	23	1.05	0.95				
	213	2	121.25846057017544	24.709271210526317	0.0	0.0	2	1.0145335264643185	-9.857497332768178	230.0	24	1.05	0.95				
	214	2	88.77034471929825	17.845584763157895	0.0	0.0	2	1.0145407630261114	-8.900805529924138	230.0	26	1.05	0.95				
	215	2	145.0525735877193	29.285062175438597	0.0	0.0	2	1.0289745685761702	-2.088538124030229	230.0	26	1.05	0.95				
	216	2	45.75790964912281	9.151581929824562	0.0	0.0	2	1.0328991599694093	-2.236377589303296	230.0	26	1.05	0.95				
	217	1	0.0	0.0	0.0	0.0	2	1.0365564230972775	-0.6145006066897245	230.0	27	1.05	0.95				
	218	2	152.37383913157896	31.11537856140351	0.0	0.0	2	1.034447551093727	-1.2055624467632766	230.0	27	1.05	0.95				
	219	1	82.82181646491227	16.930426570175438	0.0	0.0	2	1.037613024739991	-1.8762500394538395	230.0	25	1.05	0.95				
	220	1	58.570124350877194	11.89705650877193	0.0	0.0	2	1.0449458755303949	-0.6973880652932535	230.0	25	1.05	0.95				
	221	2	0.0	0.0	0.0	0.0	2	1.0352023271139945	-0.6968632410907116	230.0	27	1.05	0.95				
	222	2	0.0	0.0	0.0	0.0	2	1.05	5.833957915646083	230.0	27	1.05	0.95				
	223	2	0.0	0.0	0.0	0.0	2	1.05	0.27985410523358395	230.0	25	1.05	0.95				
	224	1	0.0	0.0	0.0	0.0	2	1.0088965500338893	-6.083630388650703	230.0	26	1.05	0.95				
	301	2	67.90572602526316	13.832647894035087	0.0	0.0	3	1.0380460559393416	0.477114511360307	138.0	31	1.05	0.95				
	302	2	60.98940207824561	12.575134449122807	0.0	0.0	3	1.0347921420653692	0.10579175118508753	138.0	32	1.05	0.95				
	303	1	113.17621004210527	23.26399873087719	0.0	0.0	3	1.05	18.21255997272927	138.0	31	1.05	0.95				
	304	1	46.52799746175438	9.431350836842105	0.0	0.0	3	1.009022933219671	2.428677367730933	138.0	31	1.05	0.95				
	305	1	44.641727294385966	8.802594114385967	0.0	0.0	3	1.0298567927172568	-0.49003944895863116	138.0	31	1.05	0.95				
	306	1	85.5109142540351	17.605188228771933	0.0	-100.0	3	1.0309587767628434	-1.745621955126622	138.0	32	1.05	0.95				
	307	2	78.59459030701754	15.718918061403508	0.0	0.0	3	0.95	-1.9578239253209426	138.0	32	1.05	0.95				
	308	1	107.51739953999999	22.00648528596491	0.0	0.0	3	0.9623842277624661	-1.636394350155165	138.0	32	1.05	0.95				
	309	1	110.03242642982455	22.635242008421052	0.0	0.0	3	1.0107488258690578	7.003398629435794	138.0	33	1.05	0.95				
	310	1	122.60756087894735	25.150268898245614	0.0	0.0	3	1.037012094808358	0.5379782610532777	138.0	33	1.05	0.95				
	311	1	0.0	0.0	0.0	0.0	3	0.9974755703528717	6.152163391911343	230.0	33	1.05	0.95				
	312	1	0.0	0.0	0.0	0.0	3	1.0008768620502866	6.6724016664495105	230.0	33	1.05	0.95				
	313	2	166.6205314508772	33.95286301263158	0.0	0.0	3	0.9969719914234075	8.477623962235738	230.0	34	1.05	0.95				
	314	2	121.97880415649122	24.52151217578947	0.0	0.0	3	0.997477089897411	6.6135652556580835	230.0	36	1.05	0.95				
	315	2	199.31588101859649	40.24043023719298	0.0	0.0	3	1.05	11.333838017099586	230.0	36	1.05	0.95				
	316	2	62.875672245614034	12.575134449122807	0.0	0.0	3	1.0454052261062452	11.00672126233921	230.0	36	1.05	0.95				
	317	1	0.0	0.0	0.0	0.0	3	1.05	16.41048098384978	230.0	37	1.05	0.95				
	318	2	209.37598857789476	42.75545712701755	0.0	0.0	3	1.0408060616376753	13.215998618723695	230.0	37	1.05	0.95				
	319	1	113.8049667645614	23.26399873087719	0.0	0.0	3	1.027767823803384	9.552056325592527	230.0	35	1.05	0.95				
	320	1	80.48086047438596	16.34767478385965	0.0	0.0	3	1.0179441811185412	9.479729258404154	230.0	35	1.05	0.95				
	321	2	0.0	0.0	0.0	0.0	3	1.043806695226463	13.259393800807624	230.0	37	1.05	0.95				
	322	2	0.0	0.0	0.0	0.0	3	1.0499999835018536	18.837114802911593	230.0	37	1.05	0.95				
	323	2	0.0	0.0	0.0	0.0	3	1.0140656497272662	9.931674482391255	230.0	35	1.05	0.95				
	324	1	0.0	0.0	0.0	0.0	3	1.047357754998875	13.966107807254003	230.0	36	1.05	0.95				
	325	1	0.0	0.0	0.0	0.0	3	1.0146137572032696	10.733350522996087	230.0	35	1.05	0.95				
];
