%% MATPOWER Case Format : Version 2
function mpc = RTS_GMLC
mpc.version = '2';

%%-----  Power Flow Data  -----%%
%% system MVA base
mpc.baseMVA = 100.0;
%% bus data
%    bus_i    type    Pd    Qd    Gs    Bs    area    Vm    Va    baseKV    zone    Vmax    Vmin
mpc.bus = [
	101	2	47.33349828631579	9.642008910175438	0.0	0.0	1	1.0170632431901396	1.7811482466673938	138.0	11	1.05	0.95				
	102	2	42.51249383122807	8.765462645614036	0.0	0.0	1	1.0159193605085206	1.4770802880072829	138.0	12	1.05	0.95				
	103	1	78.88916381052631	16.216105894385965	0.0	0.0	1	1.0267739351199077	1.494635088441236	138.0	11	1.05	0.95				
	104	1	32.43221178877193	6.5740969842105255	0.0	0.0	1	1.0139346413146737	-1.6294458945489325	138.0	11	1.05	0.95				
	105	1	31.117392391929823	6.135823851929826	0.0	0.0	1	1.02719104424767	-1.5411719697031372	138.0	11	1.05	0.95				
	106	1	59.605145990175444	12.271647703859651	0.0	-100.0	1	1.0408587535672207	-3.8700336225995087	138.0	12	1.05	0.95				
	107	2	54.78414153508771	10.956828307017544	0.0	0.0	1	0.9867679377219888	-11.29842706319573	138.0	12	1.05	0.95				
	108	1	74.94470562	15.339559629824558	0.0	0.0	1	0.9951000695542054	-9.081480193050913	138.0	12	1.05	0.95				
	109	1	76.6977981491228	15.777832762105263	0.0	0.0	1	1.0257308742186224	-2.3398843004197123	138.0	13	1.05	0.95				
	110	1	85.46326079473684	17.530925291228073	0.0	0.0	1	1.05	-3.4649869353183234	138.0	13	1.05	0.95				
	111	1	0.0	0.0	0.0	0.0	1	1.0173429090406358	0.0459475982585915	230.0	13	1.05	0.95				
	112	1	0.0	0.0	0.0	0.0	1	1.0143727707919985	-0.6621652939254731	230.0	13	1.05	0.95				
	113	3	116.14238005438595	23.666749143157894	0.0	0.0	1	0.999697358244817	1.652638728365513e-28	230.0	14	1.05	0.95				
	114	2	85.02498766245614	17.09265215894737	0.0	0.0	1	1.0386997786525216	2.9956832024781486	230.0	16	1.05	0.95				
	115	2	138.93258293298246	28.04948046596491	0.0	0.0	1	1.042644170712385	11.413575107271546	230.0	16	1.05	0.95				
	116	2	43.827313228070174	8.765462645614036	0.0	0.0	1	1.0424611597533746	9.925450006775398	230.0	16	1.05	0.95				
	117	1	0.0	0.0	0.0	0.0	1	1.0412357598708055	15.40777935537302	230.0	17	1.05	0.95				
	118	2	145.94495304947367	29.802572995087722	0.0	0.0	1	1.0490384334924105	15.76805125978701	230.0	17	1.05	0.95				
	119	1	79.32743694280701	16.216105894385965	0.0	0.0	1	1.0377439365992718	6.388954968230035	230.0	15	1.05	0.95				
	120	1	56.09896093192982	11.395101439298246	0.0	0.0	1	1.0392716175843082	4.143837552402013	230.0	15	1.05	0.95				
	121	2	0.0	0.0	0.0	0.0	1	1.0426766367554132	17.20606814126947	230.0	17	1.05	0.95				
	122	2	0.0	0.0	0.0	0.0	1	1.05	35.17216841816568	230.0	17	1.05	0.95				
	123	2	0.0	0.0	0.0	0.0	1	1.0409723159055608	3.2394526290500196	230.0	15	1.05	0.95				
	124	1	0.0	0.0	0.0	0.0	1	1.0242858207096324	7.71891082168933	230.0	16	1.05	0.95				
	201	2	48.585550130526315	9.897056508070175	0.0	0.0	2	1.012294283342003	-16.061024676348413	138.0	21	1.05	0.95				
	202	2	43.637021876491225	8.997324098245613	0.0	0.0	2	1.0120967170727633	-16.21856869855146	138.0	22	1.05	0.95				
	203	1	80.97591688421053	16.645049581754385	0.0	0.0	2	1.0117245762800424	-12.305280278938318	138.0	21	1.05	0.95				
	204	1	33.29009916350877	6.747993073684209	0.0	0.0	2	1.0108390511066234	-16.354845457864677	138.0	21	1.05	0.95				
	205	1	31.940500548771926	6.298126868771931	0.0	0.0	2	1.0256174729215026	-16.819334374990206	138.0	21	1.05	0.95				
	206	1	61.181803868070176	12.596253737543861	0.0	-100.0	2	1.0407831308354571	-17.747398504733724	138.0	22	1.05	0.95				
	207	2	56.23327561403508	11.246655122807017	0.0	0.0	2	0.9908053047702846	-23.48025048646532	138.0	22	1.05	0.95				
	208	1	76.92712103999999	15.745317171929823	0.0	0.0	2	0.9966481420438298	-21.431091002633753	138.0	22	1.05	0.95				
	209	1	78.72658585964912	16.195183376842103	0.0	0.0	2	1.0228673360523717	-14.60003351212889	138.0	23	1.05	0.95				
	210	1	87.72390995789473	17.994648196491227	0.0	0.0	2	1.05	-16.129816814380174	138.0	23	1.05	0.95				
	211	1	0.0	0.0	0.0	0.0	2	1.0096470543098675	-11.398451606791713	230.0	23	1.05	0.95				
	212	1	0.0	0.0	0.0	0.0	2	1.0128633530076971	-10.457121069410029	230.0	23	1.05	0.95				
	213	2	119.21454430175437	24.292775065263157	0.0	0.0	2	1.0105421731158946	-9.852593333504611	230.0	24	1.05	0.95				
	214	2	87.27404375298245	17.544781991578947	0.0	0.0	2	1.0115507217079225	-8.715938418061844	230.0	26	1.05	0.95				
	215	2	142.60758695719298	28.791437114385964	0.0	0.0	2	1.0274965195298014	-1.9887765944427225	230.0	26	1.05	0.95				
	216	2	44.98662049122807	8.997324098245613	0.0	0.0	2	1.030824324455565	-2.2200868251308234	230.0	26	1.05	0.95				
	217	1	0.0	0.0	0.0	0.0	2	1.0354527857560294	-0.4479154103904046	230.0	27	1.05	0.95				
	218	2	149.80544623578947	30.590901934035088	0.0	0.0	2	1.033459463495101	-1.0437444538285947	230.0	27	1.05	0.95				
	219	1	81.4257830891228	16.645049581754385	0.0	0.0	2	1.0346356205825442	-2.18888174121845	230.0	25	1.05	0.95				
	220	1	57.58287422877193	11.6965213277193	0.0	0.0	2	1.0410304407581896	-1.3015627950064452	230.0	25	1.05	0.95				
	221	2	0.0	0.0	0.0	0.0	2	1.0341866111375613	-0.5544693475862107	230.0	27	1.05	0.95				
	222	2	0.0	0.0	0.0	0.0	2	1.05	5.984784961340103	230.0	27	1.05	0.95				
	223	2	0.0	0.0	0.0	0.0	2	1.045414044278277	-0.4848102107285856	230.0	25	1.05	0.95				
	224	1	0.0	0.0	0.0	0.0	2	1.008881298217673	-5.831967476214713	230.0	26	1.05	0.95				
	301	2	65.24074659789474	13.289781714385965	0.0	0.0	3	1.0388048793660456	-5.7609181869398585	138.0	31	1.05	0.95				
	302	2	58.59585574070175	12.081619740350877	0.0	0.0	3	1.035173298553845	-6.126917566481748	138.0	32	1.05	0.95				
	303	1	108.7345776631579	22.350996519649122	0.0	0.0	3	1.05	11.308052095867799	138.0	31	1.05	0.95				
	304	1	44.701993039298245	9.061214805263159	0.0	0.0	3	1.0095527370114987	-4.113313091237882	138.0	31	1.05	0.95				
	305	1	42.88975007824561	8.457133818245614	0.0	0.0	3	1.0306874313813263	-6.621063013483358	138.0	31	1.05	0.95				
	306	1	82.15501423438597	16.91426763649123	0.0	-100.0	3	1.0319501140083887	-7.796526299085271	138.0	32	1.05	0.95				
	307	2	75.51012337719298	15.102024675438596	0.0	0.0	3	0.9503143112394856	-5.888983551541604	138.0	32	1.05	0.95				
	308	1	103.29784878	21.142834545614033	0.0	0.0	3	0.964203029285499	-6.613455173684292	138.0	32	1.05	0.95				
	309	1	105.71417272807018	21.74691553263158	0.0	0.0	3	1.0098587995321517	0.10324424452723237	138.0	33	1.05	0.95				
	310	1	117.79579246842104	24.163239480701755	0.0	0.0	3	1.0371981780523365	-5.56291025364306	138.0	33	1.05	0.95				
	311	1	0.0	0.0	0.0	0.0	3	0.9966796637706727	-0.5105418760982866	230.0	33	1.05	0.95				
	312	1	0.0	0.0	0.0	0.0	3	0.9992448809462272	0.31811019880889807	230.0	33	1.05	0.95				
	313	2	160.08146155964914	32.62037329894737	0.0	0.0	3	0.9953507284351155	2.1441706803672123	230.0	34	1.05	0.95				
	314	2	117.1917114814035	23.559158493684212	0.0	0.0	3	0.9963898519248682	-0.4966964909968676	230.0	36	1.05	0.95				
	315	2	191.49367288456142	38.66118316912281	0.0	0.0	3	1.05	3.5068279725118443	230.0	36	1.05	0.95				
	316	2	60.40809870175438	12.081619740350877	0.0	0.0	3	1.0425338599855278	3.1576985224474283	230.0	36	1.05	0.95				
	317	1	0.0	0.0	0.0	0.0	3	1.05	7.245257924111843	230.0	37	1.05	0.95				
	318	2	201.1589686768421	41.07750711719299	0.0	0.0	3	1.0449414611809147	5.1191500951497755	230.0	37	1.05	0.95				
	319	1	109.33865865017545	22.350996519649122	0.0	0.0	3	1.0246043147052846	2.493911630633226	230.0	35	1.05	0.95				
	320	1	77.32236633824562	15.70610566245614	0.0	0.0	3	1.0140232803586413	3.0868998320306513	230.0	35	1.05	0.95				
	321	2	0.0	0.0	0.0	0.0	3	1.0463468481091165	5.201733460644279	230.0	37	1.05	0.95				
	322	2	0.0	0.0	0.0	0.0	3	1.05	10.346866033321401	230.0	37	1.05	0.95				
	323	2	0.0	0.0	0.0	0.0	3	1.0098003746972692	3.8958577760740773	230.0	35	1.05	0.95				
	324	1	0.0	0.0	0.0	0.0	3	1.0472857769455557	6.490462046820133	230.0	36	1.05	0.95				
	325	1	0.0	0.0	0.0	0.0	3	1.0089765263989408	5.041756933129046	230.0	35	1.05	0.95				
];
