%% MATPOWER Case Format : Version 2
function mpc = RTS_GMLC
mpc.version = '2';

%%-----  Power Flow Data  -----%%
%% system MVA base
mpc.baseMVA = 100.0;
%% bus data
%    bus_i    type    Pd    Qd    Gs    Bs    area    Vm    Va    baseKV    zone    Vmax    Vmin
mpc.bus = [
	101	2	48.45571499368421	9.870608609824561	0.0	0.0	1	1.0373765301584672	1.349395080364368	138.0	11	1.05	0.95				
	102	2	43.520410688771925	8.973280554385966	0.0	0.0	1	1.0349316791277763	0.69978760920499	138.0	12	1.05	0.95				
	103	1	80.75952498947369	16.600569025614035	0.0	0.0	1	1.0337927455191516	0.8079899556945973	138.0	11	1.05	0.95				
	104	1	33.20113805122807	6.729960415789474	0.0	0.0	1	1.0250354136056998	-1.6391529408015586	138.0	11	1.05	0.95				
	105	1	31.855145968070175	6.281296388070176	0.0	0.0	1	1.0373910668240163	-2.0139735542166446	138.0	11	1.05	0.95				
	106	1	61.01830776982457	12.562592776140352	0.0	-100.0	1	1.0452949031430845	-4.480627037948188	138.0	12	1.05	0.95				
	107	2	56.08300346491228	11.216600692982457	0.0	0.0	1	1.0003610564244108	-10.539386835707992	138.0	12	1.05	0.95				
	108	1	76.72154874	15.70324097017544	0.0	0.0	1	1.0033378841947667	-8.913309946692591	138.0	12	1.05	0.95				
	109	1	78.51620485087719	16.151904997894736	0.0	0.0	1	1.0251749217837436	-2.8067716911829685	138.0	13	1.05	0.95				
	110	1	87.48948540526315	17.94656110877193	0.0	0.0	1	1.05	-4.025852579102544	138.0	13	1.05	0.95				
	111	1	0.0	0.0	0.0	0.0	1	1.004681417875914	-0.9211699336686202	230.0	13	1.05	0.95				
	112	1	0.0	0.0	0.0	0.0	1	1.0087205678728492	-1.2786053422736585	230.0	13	1.05	0.95				
	113	3	118.89596734561403	24.227857496842105	0.0	0.0	1	0.9977250366272908	-9.065247447417017e-31	230.0	14	1.05	0.95				
	114	2	87.04082137754385	17.49789708105263	0.0	0.0	1	1.0025135705794752	0.8993090619017222	230.0	16	1.05	0.95				
	115	2	142.22649678701757	28.71449777403509	0.0	0.0	1	1.0387420472767035	7.362317240114467	230.0	16	1.05	0.95				
	116	2	44.86640277192983	8.973280554385966	0.0	0.0	1	1.0338432982780414	6.090862948396324	230.0	16	1.05	0.95				
	117	1	0.0	0.0	0.0	0.0	1	1.0416627808736465	9.774895273387164	230.0	17	1.05	0.95				
	118	2	149.4051212305263	30.509153884912283	0.0	0.0	1	1.0459834937552919	10.678819280031242	230.0	17	1.05	0.95				
	119	1	81.20818901719299	16.600569025614035	0.0	0.0	1	1.0227420847579909	3.657780749909394	230.0	15	1.05	0.95				
	120	1	57.42899554807018	11.665264720701755	0.0	0.0	1	1.0165884744006373	1.9367377550709604	230.0	15	1.05	0.95				
	121	2	0.0	0.0	0.0	0.0	1	1.0488983626735031	12.214873055093687	230.0	17	1.05	0.95				
	122	2	0.0	0.0	0.0	0.0	1	1.05	17.792427126713516	230.0	17	1.05	0.95				
	123	2	0.0	0.0	0.0	0.0	1	1.0139872814286488	1.3352880993014749	230.0	15	1.05	0.95				
	124	1	0.0	0.0	0.0	0.0	1	1.0281339362265414	4.898664300064349	230.0	16	1.05	0.95				
	201	2	48.34755234947369	9.84857547859649	0.0	0.0	2	1.0155368294529517	-12.874017551111947	138.0	21	1.05	0.95				
	202	2	43.42326461017544	8.95325043508772	0.0	0.0	2	1.0147174095481974	-13.126556989974686	138.0	22	1.05	0.95				
	203	1	80.57925391578948	16.56351330491228	0.0	0.0	2	1.0140629929372567	-9.635949304351511	138.0	21	1.05	0.95				
	204	1	33.12702660982456	6.714937826315789	0.0	0.0	2	1.0122813006053524	-12.397765806770357	138.0	21	1.05	0.95				
	205	1	31.784039044561403	6.267275304561403	0.0	0.0	2	1.0271892814636983	-12.785810157542896	138.0	21	1.05	0.95				
	206	1	60.8821029585965	12.534550609122807	0.0	-100.0	2	1.0415629332557956	-13.282616095524457	138.0	22	1.05	0.95				
	207	2	55.95781521929825	11.191563043859649	0.0	0.0	2	0.9978082580567628	-18.718699021661628	138.0	22	1.05	0.95				
	208	1	76.55029122	15.66818826140351	0.0	0.0	2	1.0009973219336934	-16.663664778837695	138.0	22	1.05	0.95				
	209	1	78.34094130701754	16.115850783157896	0.0	0.0	2	1.0237537986831877	-9.953611073264321	138.0	23	1.05	0.95				
	210	1	87.29419174210527	17.90650087017544	0.0	0.0	2	1.05	-11.259250267716352	138.0	23	1.05	0.95				
	211	1	0.0	0.0	0.0	0.0	2	1.0056635490113581	-7.458101737236151	230.0	23	1.05	0.95				
	212	1	0.0	0.0	0.0	0.0	2	1.0109062531190092	-3.2914395209667027	230.0	23	1.05	0.95				
	213	2	118.63056826491227	24.173776174736844	0.0	0.0	2	1.0013410422901292	-5.48218676224774	230.0	24	1.05	0.95				
	214	2	86.84652922035087	17.458838348421054	0.0	0.0	2	1.0049049719939283	-5.917023473611849	230.0	26	1.05	0.95				
	215	2	141.90901939614037	28.650401392280706	0.0	0.0	2	1.020151010913071	-0.38815328136225935	230.0	26	1.05	0.95				
	216	2	44.766252175438595	8.95325043508772	0.0	0.0	2	1.0193552161932362	-0.9577953301348076	230.0	26	1.05	0.95				
	217	1	0.0	0.0	0.0	0.0	2	1.0242462320279848	0.324619401180267	230.0	27	1.05	0.95				
	218	2	149.07161974421052	30.44105147929825	0.0	0.0	2	1.023696514532188	-0.06639891375430378	230.0	27	1.05	0.95				
	219	1	81.02691643754386	16.56351330491228	0.0	0.0	2	1.0165661379723203	-1.5555324154057317	230.0	25	1.05	0.95				
	220	1	57.30080278456141	11.639225565614037	0.0	0.0	2	1.0173270342721905	-1.1864224131260488	230.0	25	1.05	0.95				
	221	2	0.0	0.0	0.0	0.0	2	1.0260443809305242	0.6263680821463234	230.0	27	1.05	0.95				
	222	2	0.0	0.0	0.0	0.0	2	1.0477034678338115	7.026964089138914	230.0	27	1.05	0.95				
	223	2	0.0	0.0	0.0	0.0	2	1.0185051967783003	-0.6338191618234169	230.0	25	1.05	0.95				
	224	1	0.0	0.0	0.0	0.0	2	1.0064932680423357	-3.865494692852624	230.0	26	1.05	0.95				
	301	2	66.53906992421054	13.554254984561407	0.0	0.0	3	0.9931602852939364	4.127396923503777	138.0	31	1.05	0.95				
	302	2	59.761942431929825	12.322049985964915	0.0	0.0	3	0.9928782923440463	4.0352755314833635	138.0	32	1.05	0.95				
	303	1	110.89844987368423	22.79579247403509	0.0	0.0	3	1.023354699891798	8.865648040057293	138.0	31	1.05	0.95				
	304	1	45.59158494807018	9.241537489473686	0.0	0.0	3	1.000548958535465	6.002591177155322	138.0	31	1.05	0.95				
	305	1	43.74327745017544	8.62543499017544	0.0	0.0	3	1.012261494129044	5.789943588286376	138.0	31	1.05	0.95				
	306	1	83.78993990456142	17.25086998035088	0.0	-100.0	3	1.0308057092482927	6.023505524155786	138.0	32	1.05	0.95				
	307	2	77.01281241228071	15.402562482456142	0.0	0.0	3	0.98814467990342	1.909609316999369	138.0	32	1.05	0.95				
	308	1	105.35352738000002	21.5635874754386	0.0	0.0	3	0.998454049881252	4.689039089870244	138.0	32	1.05	0.95				
	309	1	107.81793737719299	22.179689974736842	0.0	0.0	3	1.0286262064575498	10.10821167019462	138.0	33	1.05	0.95				
	310	1	120.1399873631579	24.64409997192983	0.0	0.0	3	1.05	9.41655561837039	138.0	33	1.05	0.95				
	311	1	0.0	0.0	0.0	0.0	3	1.0180969469926535	15.349959061871973	230.0	33	1.05	0.95				
	312	1	0.0	0.0	0.0	0.0	3	1.0237047691174828	16.81461044175896	230.0	33	1.05	0.95				
	313	2	163.26716231403512	33.26953496210527	0.0	0.0	3	1.0432009334371348	23.673740657731948	230.0	34	1.05	0.95				
	314	2	119.52388486385965	24.027997472631583	0.0	0.0	3	1.018870732810709	13.49745869463878	230.0	36	1.05	0.95				
	315	2	195.3044922775439	39.43055995508772	0.0	0.0	3	1.0340405369434762	7.452034327513948	230.0	36	1.05	0.95				
	316	2	61.61024992982457	12.322049985964915	0.0	0.0	3	1.0350539761915074	8.679760262512168	230.0	36	1.05	0.95				
	317	1	0.0	0.0	0.0	0.0	3	1.037094206464522	7.296983518783059	230.0	37	1.05	0.95				
	318	2	205.16213226631584	41.89496995228071	0.0	0.0	3	1.0345847836085789	6.001570935710068	230.0	37	1.05	0.95				
	319	1	111.51455237298246	22.79579247403509	0.0	0.0	3	1.0348007123803098	11.784179220602638	230.0	35	1.05	0.95				
	320	1	78.86111991017545	16.018664981754387	0.0	0.0	3	1.0380212783332263	14.154830347242454	230.0	35	1.05	0.95				
	321	2	0.0	0.0	0.0	0.0	3	1.0364704216607614	7.054406799731837	230.0	37	1.05	0.95				
	322	2	0.0	0.0	0.0	0.0	3	1.0499996006345331	11.456123923256182	230.0	37	1.05	0.95				
	323	2	0.0	0.0	0.0	0.0	3	1.040041492773376	15.098855757124218	230.0	35	1.05	0.95				
	324	1	0.0	0.0	0.0	0.0	3	1.0292389287292758	10.073231297657005	230.0	36	1.05	0.95				
	325	1	0.0	0.0	0.0	0.0	3	1.0420546657692238	14.858832831023566	230.0	35	1.05	0.95				
];
