%% MATPOWER Case Format : Version 2
function mpc = RTS_GMLC
mpc.version = '2';

%%-----  Power Flow Data  -----%%
%% system MVA base
mpc.baseMVA = 100.0;
%% bus data
%    bus_i    type    Pd    Qd    Gs    Bs    area    Vm    Va    baseKV    zone    Vmax    Vmin
mpc.bus = [
	101	2	47.226620501052636	9.620237509473686	0.0	0.0	1	1.016452284259779	-2.5529623311264023	138.0	11	1.05	0.95				
	102	2	42.41650174631579	8.745670463157895	0.0	0.0	1	1.0154442140909	-2.818648268887361	138.0	12	1.05	0.95				
	103	1	78.71103416842105	16.179490356842106	0.0	0.0	1	1.032043138527228	1.767184143558256	138.0	11	1.05	0.95				
	104	1	32.35898071368421	6.5592528473684215	0.0	0.0	1	1.0171319322940544	-3.2628426221243227	138.0	11	1.05	0.95				
	105	1	31.047130144210527	6.121969324210527	0.0	0.0	1	1.0277277252283483	-4.440452526646823	138.0	11	1.05	0.95				
	106	1	59.47055914947369	12.243938648421054	0.0	-100.0	1	1.0416277827923364	-5.989782749267192	138.0	12	1.05	0.95				
	107	2	54.660440394736845	10.93208807894737	0.0	0.0	1	0.9994214596907588	-11.655683714310326	138.0	12	1.05	0.95				
	108	1	74.77548245999999	15.304923310526316	0.0	0.0	1	1.0027910880097983	-9.737819798350149	138.0	12	1.05	0.95				
	109	1	76.52461655263158	15.742206833684211	0.0	0.0	1	1.0253434647261035	-2.9494793611729397	138.0	13	1.05	0.95				
	110	1	85.27028701578948	17.49134092631579	0.0	0.0	1	1.05	-4.928355837123245	138.0	13	1.05	0.95				
	111	1	0.0	0.0	0.0	0.0	1	1.0088465361806769	-0.40717549336762604	230.0	13	1.05	0.95				
	112	1	0.0	0.0	0.0	0.0	1	1.0114228994771717	-1.3155306961729067	230.0	13	1.05	0.95				
	113	3	115.8801336368421	23.613310250526318	0.0	0.0	1	1.0025154158058718	-1.1188898569393276e-29	230.0	14	1.05	0.95				
	114	2	84.83300349263158	17.054057403157895	0.0	0.0	1	1.0140366466646278	2.8522522186884145	230.0	16	1.05	0.95				
	115	2	138.61887684105264	27.986145482105268	0.0	0.0	1	1.0426619955827545	11.627329335733545	230.0	16	1.05	0.95				
	116	2	43.72835231578948	8.745670463157895	0.0	0.0	1	1.0369406226982005	10.032929651541311	230.0	16	1.05	0.95				
	117	1	0.0	0.0	0.0	0.0	1	1.041739642892402	15.426036049871753	230.0	17	1.05	0.95				
	118	2	145.61541321157895	29.735279574736843	0.0	0.0	1	1.0499999984382467	16.211375735538528	230.0	17	1.05	0.95				
	119	1	79.14831769157895	16.179490356842106	0.0	0.0	1	1.026965085435846	6.414400710157978	230.0	15	1.05	0.95				
	120	1	55.972290964210536	11.369371602105264	0.0	0.0	1	1.0233358595220485	3.5361418820806625	230.0	15	1.05	0.95				
	121	2	0.0	0.0	0.0	0.0	1	1.05	17.515553312322574	230.0	17	1.05	0.95				
	122	2	0.0	0.0	0.0	0.0	1	1.05	31.322223310055417	230.0	17	1.05	0.95				
	123	2	0.0	0.0	0.0	0.0	1	1.022567684326127	2.2843153461925203	230.0	15	1.05	0.95				
	124	1	0.0	0.0	0.0	0.0	1	1.0263380820635883	7.935219490516588	230.0	16	1.05	0.95				
	201	2	49.94553755368422	10.174090983157894	0.0	0.0	2	1.014251575108122	-15.352101042369823	138.0	21	1.05	0.95				
	202	2	44.85849206210526	9.249173621052632	0.0	0.0	2	1.013439606797846	-15.617282340829501	138.0	22	1.05	0.95				
	203	1	83.24256258947369	17.110971198947368	0.0	0.0	2	1.0141228744538207	-11.669591414540044	138.0	21	1.05	0.95				
	204	1	34.221942397894736	6.936880215789473	0.0	0.0	2	1.0114674475548995	-14.86459672117962	138.0	21	1.05	0.95				
	205	1	32.83456635473684	6.474421534736844	0.0	0.0	2	1.026323968015109	-15.296944039468494	138.0	21	1.05	0.95				
	206	1	62.8943806231579	12.948843069473687	0.0	-100.0	2	1.040818464586267	-15.826023734336175	138.0	22	1.05	0.95				
	207	2	57.80733513157895	11.56146702631579	0.0	0.0	2	0.9964696777109606	-21.447465689864572	138.0	22	1.05	0.95				
	208	1	79.08043446	16.186053836842103	0.0	0.0	2	0.9996263025761805	-19.31618310022221	138.0	22	1.05	0.95				
	209	1	80.93026918421053	16.648512517894737	0.0	0.0	2	1.0239215750280024	-12.341048637635256	138.0	23	1.05	0.95				
	210	1	90.17944280526316	18.498347242105265	0.0	0.0	2	1.05	-13.75583813383144	138.0	23	1.05	0.95				
	211	1	0.0	0.0	0.0	0.0	2	1.007020977650004	-9.88936389194075	230.0	23	1.05	0.95				
	212	1	0.0	0.0	0.0	0.0	2	1.012798929321996	-5.559992688941553	230.0	23	1.05	0.95				
	213	2	122.55155047894736	24.97276877684211	0.0	0.0	2	1.003596344801077	-7.893725386377394	230.0	24	1.05	0.95				
	214	2	89.71698412421053	18.035888561052634	0.0	0.0	2	1.0067997137133282	-8.367401323818058	230.0	26	1.05	0.95				
	215	2	146.59940189368422	29.597355587368423	0.0	0.0	2	1.0236074435351232	-2.302157009958977	230.0	26	1.05	0.95				
	216	2	46.24586810526316	9.249173621052632	0.0	0.0	2	1.0225326095297056	-3.358001714707601	230.0	26	1.05	0.95				
	217	1	0.0	0.0	0.0	0.0	2	1.0279089413403215	-1.348450418247967	230.0	27	1.05	0.95				
	218	2	153.99874079052634	31.44719031157895	0.0	0.0	2	1.027529404725149	-1.8277648272469014	230.0	27	1.05	0.95				
	219	1	83.70502127052633	17.110971198947368	0.0	0.0	2	1.0203564617075656	-4.037457067867752	230.0	25	1.05	0.95				
	220	1	59.194711174736845	12.023925707368424	0.0	0.0	2	1.0218113167935758	-3.7169705336143712	230.0	25	1.05	0.95				
	221	2	0.0	0.0	0.0	0.0	2	1.0295854810630651	-1.185637546161464	230.0	27	1.05	0.95				
	222	2	0.0	0.0	0.0	0.0	2	1.0499999732981398	5.241788729966382	230.0	27	1.05	0.95				
	223	2	0.0	0.0	0.0	0.0	2	1.0234142906540888	-3.183536326243819	230.0	25	1.05	0.95				
	224	1	0.0	0.0	0.0	0.0	2	1.008503302015677	-5.812322421610514	230.0	26	1.05	0.95				
	301	2	63.51534325894737	12.938310663859648	0.0	0.0	3	0.9998582979937535	3.595080699266196	138.0	31	1.05	0.95				
	302	2	57.04618792701754	11.762100603508772	0.0	0.0	3	0.9994998046352486	3.5044367408289214	138.0	32	1.05	0.95				
	303	1	105.85890543157895	21.759886116491227	0.0	0.0	3	1.0239294285334015	8.306312586654292	138.0	31	1.05	0.95				
	304	1	43.519772232982454	8.82157545263158	0.0	0.0	3	1.0036875008821238	5.395535973852487	138.0	31	1.05	0.95				
	305	1	41.75545714245614	8.23347042245614	0.0	0.0	3	1.0162212182234167	5.159066782316678	138.0	31	1.05	0.95				
	306	1	79.98228410385966	16.46694084491228	0.0	-100.0	3	1.0333378657253212	5.3682212370256615	138.0	32	1.05	0.95				
	307	2	73.51312877192983	14.702625754385965	0.0	0.0	3	0.991883007717925	0.6300823879284376	138.0	32	1.05	0.95				
	308	1	100.56596015999999	20.583676056140348	0.0	0.0	3	0.9989927555615455	3.311909801509999	138.0	32	1.05	0.95				
	309	1	102.91838028070175	21.17178108631579	0.0	0.0	3	1.0275947360684048	9.333456009626037	138.0	33	1.05	0.95				
	310	1	114.68048088421052	23.524201207017544	0.0	0.0	3	1.05	8.602861165736211	138.0	33	1.05	0.95				
	311	1	0.0	0.0	0.0	0.0	3	1.0142293061209589	14.492803374954352	230.0	33	1.05	0.95				
	312	1	0.0	0.0	0.0	0.0	3	1.0184419539263116	15.571348398384785	230.0	33	1.05	0.95				
	313	2	155.8478329964912	31.757671629473684	0.0	0.0	3	1.0263824171421794	20.456552000897293	230.0	34	1.05	0.95				
	314	2	114.09237585403508	22.936096176842106	0.0	0.0	3	1.0172512686464508	14.77906553586769	230.0	36	1.05	0.95				
	315	2	186.42929456561404	37.63872193122807	0.0	0.0	3	1.0384115456258798	10.954654005778847	230.0	36	1.05	0.95				
	316	2	58.81050301754386	11.762100603508772	0.0	0.0	3	1.0383508600439664	12.197839578331362	230.0	36	1.05	0.95				
	317	1	0.0	0.0	0.0	0.0	3	1.0467891261700906	12.478404572212519	230.0	37	1.05	0.95				
	318	2	195.83897504842105	39.99114205192983	0.0	0.0	3	1.0445587474932247	10.169112811259485	230.0	37	1.05	0.95				
	319	1	106.44701046175437	21.759886116491227	0.0	0.0	3	1.035655407390304	14.640903649413872	230.0	35	1.05	0.95				
	320	1	75.27744386245614	15.290730784561404	0.0	0.0	3	1.035212416353685	16.26562769877709	230.0	35	1.05	0.95				
	321	2	0.0	0.0	0.0	0.0	3	1.0435011881639484	11.047412704678559	230.0	37	1.05	0.95				
	322	2	0.0	0.0	0.0	0.0	3	1.05	15.942218508287455	230.0	37	1.05	0.95				
	323	2	0.0	0.0	0.0	0.0	3	1.0344137163488496	16.693404296844648	230.0	35	1.05	0.95				
	324	1	0.0	0.0	0.0	0.0	3	1.030222573846417	12.187753500096788	230.0	36	1.05	0.95				
	325	1	0.0	0.0	0.0	0.0	3	1.0364366650570516	16.770914306492383	230.0	35	1.05	0.95				
];
