%% MATPOWER Case Format : Version 2
function mpc = RTS_GMLC
mpc.version = '2';

%%-----  Power Flow Data  -----%%
%% system MVA base
mpc.baseMVA = 100.0;
%% bus data
%    bus_i    type    Pd    Qd    Gs    Bs    area    Vm    Va    baseKV    zone    Vmax    Vmin
mpc.bus = [
	101	2	40.105888181052634	8.169717962807017	0.0	0.0	1	1.0317937357638058	2.569933176227929	138.0	11	1.05	0.95				
	102	2	36.02102919964912	7.427016329824562	0.0	0.0	1	1.0304858414990963	2.1659979158405926	138.0	12	1.05	0.95				
	103	1	66.84314696842105	13.739980210175439	0.0	0.0	1	1.0282824065831369	3.1092201671302915	138.0	11	1.05	0.95				
	104	1	27.479960420350878	5.570262247368421	0.0	0.0	1	1.0204436051945884	-0.5777396382465079	138.0	11	1.05	0.95				
	105	1	26.365907970877196	5.198911430877193	0.0	0.0	1	1.0357504493615313	-0.515294316733783	138.0	11	1.05	0.95				
	106	1	50.50371104280702	10.397822861754387	0.0	-100.0	1	1.0464660952614462	-2.704820515959768	138.0	12	1.05	0.95				
	107	2	46.41885206140351	9.283770412280703	0.0	0.0	1	0.9984684457965372	-10.997180723423051	138.0	12	1.05	0.95				
	108	1	63.500989620000006	12.997278577192983	0.0	0.0	1	1.0028195032835447	-8.263734169143277	138.0	12	1.05	0.95				
	109	1	64.98639288596492	13.36862939368421	0.0	0.0	1	1.0229371703711783	-1.3063088134897403	138.0	13	1.05	0.95				
	110	1	72.41340921578947	14.854032659649125	0.0	0.0	1	1.05	-2.4656308368133155	138.0	13	1.05	0.95				
	111	1	0.0	0.0	0.0	0.0	1	1.0024340962617	0.8076793843196947	230.0	13	1.05	0.95				
	112	1	0.0	0.0	0.0	0.0	1	1.0076981227699469	-0.3547135385799005	230.0	13	1.05	0.95				
	113	3	98.40796637017544	20.052944090526317	0.0	0.0	1	0.9958057459675435	3.913085739410351e-30	230.0	14	1.05	0.95				
	114	2	72.04205839929824	14.482681843157897	0.0	0.0	1	1.0005260795194908	4.343754728260932	230.0	16	1.05	0.95				
	115	2	117.71820882771931	23.766452255438598	0.0	0.0	1	1.0339598196349777	13.327825773448158	230.0	16	1.05	0.95				
	116	2	37.13508164912281	7.427016329824562	0.0	0.0	1	1.0269583316350355	11.47416384039015	230.0	16	1.05	0.95				
	117	1	0.0	0.0	0.0	0.0	1	1.0334759479106994	17.116772960176313	230.0	17	1.05	0.95				
	118	2	123.65982189157896	25.25185552140351	0.0	0.0	1	1.0428149957793502	17.820838310718713	230.0	17	1.05	0.95				
	119	1	67.21449778491228	13.739980210175439	0.0	0.0	1	1.0156201573368846	7.156886940085835	230.0	15	1.05	0.95				
	120	1	47.532904510877195	9.65512122877193	0.0	0.0	1	1.0122796401303142	4.096361403337763	230.0	15	1.05	0.95				
	121	2	0.0	0.0	0.0	0.0	1	1.0445024365931863	19.380089483614185	230.0	17	1.05	0.95				
	122	2	0.0	0.0	0.0	0.0	1	1.05	34.481588799272224	230.0	17	1.05	0.95				
	123	2	0.0	0.0	0.0	0.0	1	1.0115210793615637	2.700777545164839	230.0	15	1.05	0.95				
	124	1	0.0	0.0	0.0	0.0	1	1.019156830491895	9.482388741913763	230.0	16	1.05	0.95				
	201	2	46.069573414736844	9.384542732631578	0.0	0.0	2	1.0077187658520435	-19.236125709710922	138.0	21	1.05	0.95				
	202	2	41.37730204842105	8.531402484210526	0.0	0.0	2	1.0068992667573295	-19.561027062188415	138.0	22	1.05	0.95				
	203	1	76.78262235789474	15.783094595789473	0.0	0.0	2	1.0122766650143278	-13.923127555481303	138.0	21	1.05	0.95				
	204	1	31.566189191578946	6.398551863157895	0.0	0.0	2	1.0086689102202808	-19.17083270115066	138.0	21	1.05	0.95				
	205	1	30.286478818947366	5.9719817389473695	0.0	0.0	2	1.0235919645321552	-19.734877902623875	138.0	21	1.05	0.95				
	206	1	58.01353689263158	11.943963477894739	0.0	-100.0	2	1.0402282416599598	-20.54598965982147	138.0	22	1.05	0.95				
	207	2	53.321265526315784	10.664253105263159	0.0	0.0	2	0.9901480405583736	-25.61283228854237	138.0	22	1.05	0.95				
	208	1	72.94349124	14.92995434736842	0.0	0.0	2	0.9971755199045853	-23.692613861503453	138.0	22	1.05	0.95				
	209	1	74.64977173684211	15.356524471578947	0.0	0.0	2	1.0226111388760732	-17.080857688842254	138.0	23	1.05	0.95				
	210	1	83.18117422105263	17.06280496842105	0.0	0.0	2	1.05	-18.85506315458331	138.0	23	1.05	0.95				
	211	1	0.0	0.0	0.0	0.0	2	1.008671240883055	-14.002649980870972	230.0	23	1.05	0.95				
	212	1	0.0	0.0	0.0	0.0	2	1.0146521458603326	-13.436444356024596	230.0	23	1.05	0.95				
	213	2	113.04108291578947	23.034786707368422	0.0	0.0	2	1.0103917907724107	-12.807071719908196	230.0	24	1.05	0.95				
	214	2	82.7546040968421	16.636234844210527	0.0	0.0	2	1.0091522117124228	-11.00165962026597	230.0	26	1.05	0.95				
	215	2	135.22272937473682	27.300487949473684	0.0	0.0	2	1.0234591086089266	-3.549275659237992	230.0	26	1.05	0.95				
	216	2	42.657012421052634	8.531402484210526	0.0	0.0	2	1.0269316756782478	-4.189036574839176	230.0	26	1.05	0.95				
	217	1	0.0	0.0	0.0	0.0	2	1.0276350569455448	-2.0170199802467836	230.0	27	1.05	0.95				
	218	2	142.04785136210526	29.00676844631579	0.0	0.0	2	1.0270486508959136	-2.576052072823462	230.0	27	1.05	0.95				
	219	1	77.20919248210527	15.783094595789473	0.0	0.0	2	1.0346613722568825	-4.966027554831165	230.0	25	1.05	0.95				
	220	1	54.60097589894737	11.090823229473685	0.0	0.0	2	1.0442204808447444	-4.814773940599233	230.0	25	1.05	0.95				
	221	2	0.0	0.0	0.0	0.0	2	1.0292929687213723	-2.0946442775816703	230.0	27	1.05	0.95				
	222	2	0.0	0.0	0.0	0.0	2	1.049999984369197	4.426891838416099	230.0	27	1.05	0.95				
	223	2	0.0	0.0	0.0	0.0	2	1.05	-4.419702264340126	230.0	25	1.05	0.95				
	224	1	0.0	0.0	0.0	0.0	2	1.0065399466520877	-7.431634429495936	230.0	26	1.05	0.95				
	301	2	54.66624487578948	11.135716548771931	0.0	0.0	3	1.0339755734029048	7.433961723668486	138.0	31	1.05	0.95				
	302	2	49.09838660140352	10.123378680701755	0.0	0.0	3	1.0296042854965737	7.099165580844619	138.0	32	1.05	0.95				
	303	1	91.1104081263158	18.72825055929825	0.0	0.0	3	1.05	23.70871716248603	138.0	31	1.05	0.95				
	304	1	37.4565011185965	7.592534010526316	0.0	0.0	3	1.0123127169132153	8.888195932229257	138.0	31	1.05	0.95				
	305	1	35.93799431649123	7.08636507649123	0.0	0.0	3	1.0325240112615202	6.090247861571043	138.0	31	1.05	0.95				
	306	1	68.83897502877194	14.17273015298246	0.0	-100.0	3	1.03801942901861	4.744051349946009	138.0	32	1.05	0.95				
	307	2	63.27111675438597	12.654223350877194	0.0	0.0	3	0.95	0.15116871660951636	138.0	32	1.05	0.95				
	308	1	86.55488772000001	17.715912691228073	0.0	0.0	3	0.9666457597723849	2.4791510841376425	138.0	32	1.05	0.95				
	309	1	88.57956345614036	18.222081625263158	0.0	0.0	3	1.0150813014794697	12.481617724050487	138.0	33	1.05	0.95				
	310	1	98.70294213684213	20.24675736140351	0.0	0.0	3	1.043174443240275	6.337058909385108	138.0	33	1.05	0.95				
	311	1	0.0	0.0	0.0	0.0	3	1.0012333793815873	10.90714397864684	230.0	33	1.05	0.95				
	312	1	0.0	0.0	0.0	0.0	3	1.0067472733446037	11.480745978168452	230.0	33	1.05	0.95				
	313	2	134.13476751929824	27.33312243789474	0.0	0.0	3	1.0030457274594287	13.20879727415131	230.0	34	1.05	0.95				
	314	2	98.19677320280704	19.740588427368426	0.0	0.0	3	0.9956510088717421	10.507359465116027	230.0	36	1.05	0.95				
	315	2	160.45555208912282	32.39481177824562	0.0	0.0	3	1.0465014523521114	13.297900202447773	230.0	36	1.05	0.95				
	316	2	50.616893403508776	10.123378680701755	0.0	0.0	3	1.0304576603071398	13.014246553042318	230.0	36	1.05	0.95				
	317	1	0.0	0.0	0.0	0.0	3	1.05	16.53068385989621	230.0	37	1.05	0.95				
	318	2	168.55425503368423	34.41948751438597	0.0	0.0	3	1.05	13.475170011245721	230.0	37	1.05	0.95				
	319	1	91.61657706035089	18.72825055929825	0.0	0.0	3	1.0207162622651804	12.18573831047177	230.0	35	1.05	0.95				
	320	1	64.78962355649124	13.160392284912284	0.0	0.0	3	1.016144473589845	12.45496287252725	230.0	35	1.05	0.95				
	321	2	0.0	0.0	0.0	0.0	3	1.05	14.062837447659804	230.0	37	1.05	0.95				
	322	2	0.0	0.0	0.0	0.0	3	1.05	19.379559147650443	230.0	37	1.05	0.95				
	323	2	0.0	0.0	0.0	0.0	3	1.0146475616725588	13.001905919730115	230.0	35	1.05	0.95				
	324	1	0.0	0.0	0.0	0.0	3	1.0445757479633953	17.278553599686894	230.0	36	1.05	0.95				
	325	1	0.0	0.0	0.0	0.0	3	1.0164065346469657	13.562737840234151	230.0	35	1.05	0.95				
];
