%% MATPOWER Case Format : Version 2
function mpc = RTS_GMLC
mpc.version = '2';

%%-----  Power Flow Data  -----%%
%% system MVA base
mpc.baseMVA = 100.0;
%% bus data
%    bus_i    type    Pd    Qd    Gs    Bs    area    Vm    Va    baseKV    zone    Vmax    Vmin
mpc.bus = [
	101	2	38.91687282947369	7.9275111319298235	0.0	0.0	1	1.0398303680505907	2.051486200595785	138.0	11	1.05	0.95				
	102	2	34.95311726350877	7.206828301754385	0.0	0.0	1	1.0390589224956739	1.8022134371902752	138.0	12	1.05	0.95				
	103	1	64.86145471578946	13.332632358245613	0.0	0.0	1	1.02110376139486	0.28912513110795957	138.0	11	1.05	0.95				
	104	1	26.665264716491226	5.4051212263157895	0.0	0.0	1	1.0237637534338322	-1.2138250848756065	138.0	11	1.05	0.95				
	105	1	25.584240471228064	5.04477981122807	0.0	0.0	1	1.040047564185838	-0.9591818877218775	138.0	11	1.05	0.95				
	106	1	49.006432451929825	10.08955962245614	0.0	-100.0	1	1.0488496503179254	-3.070624273255033	138.0	12	1.05	0.95				
	107	2	45.04267688596491	9.008535377192981	0.0	0.0	1	1.0029834502065396	-9.72473938770553	138.0	12	1.05	0.95				
	108	1	61.618381979999995	12.611949528070173	0.0	0.0	1	1.0067459860818855	-7.802482094628121	138.0	12	1.05	0.95				
	109	1	63.05974764035087	12.972290943157894	0.0	0.0	1	1.0218130539644554	-2.237206866068528	138.0	13	1.05	0.95				
	110	1	70.26657594210526	14.41365660350877	0.0	0.0	1	1.05	-2.8959614947270795	138.0	13	1.05	0.95				
	111	1	0.0	0.0	0.0	0.0	1	0.9975610780389128	-0.4636034259312853	230.0	13	1.05	0.95				
	112	1	0.0	0.0	0.0	0.0	1	1.003830161798237	-0.6570078332804458	230.0	13	1.05	0.95				
	113	3	95.4904749982456	19.458436414736845	0.0	0.0	1	0.9916850803497232	2.6856122036150063e-22	230.0	14	1.05	0.95				
	114	2	69.90623452701755	14.053315188421053	0.0	0.0	1	0.9878724762073676	1.410080653006675	230.0	16	1.05	0.95				
	115	2	114.228228582807	23.061850565614034	0.0	0.0	1	1.010493958614415	6.813492250545581	230.0	16	1.05	0.95				
	116	2	36.034141508771924	7.206828301754385	0.0	0.0	1	1.0083753095139156	6.222502494855707	230.0	16	1.05	0.95				
	117	1	0.0	0.0	0.0	0.0	1	1.0162435297542627	8.911554416164133	230.0	17	1.05	0.95				
	118	2	119.99369122421054	24.503216225964913	0.0	0.0	1	1.017093769402059	9.230783648324223	230.0	17	1.05	0.95				
	119	1	65.22179613087718	13.332632358245613	0.0	0.0	1	1.0038807331418822	4.132277824513453	230.0	15	1.05	0.95				
	120	1	46.12370113122807	9.368876792280702	0.0	0.0	1	1.0030320007332025	3.0442989721572133	230.0	15	1.05	0.95				
	121	2	0.0	0.0	0.0	0.0	1	1.0189913006977556	10.393749665333118	230.0	17	1.05	0.95				
	122	2	0.0	0.0	0.0	0.0	1	1.044676205745377	17.19328100416621	230.0	17	1.05	0.95				
	123	2	0.0	0.0	0.0	0.0	1	1.0028552885696962	2.7368066338016908	230.0	15	1.05	0.95				
	124	1	0.0	0.0	0.0	0.0	1	1.0060062245771513	4.314941846162526	230.0	16	1.05	0.95				
	201	2	39.966629949473685	8.141350545263158	0.0	0.0	2	1.0134320884952819	-14.710044259336517	138.0	21	1.05	0.95				
	202	2	35.89595467684211	7.401227768421053	0.0	0.0	2	1.0125882410309839	-14.999782060465536	138.0	22	1.05	0.95				
	203	1	66.61104991578948	13.692271371578949	0.0	0.0	2	1.0143264122312923	-10.683769441210123	138.0	21	1.05	0.95				
	204	1	27.384542743157898	5.55092082631579	0.0	0.0	2	1.0122896981261744	-14.733950019694712	138.0	21	1.05	0.95				
	205	1	26.274358577894734	5.180859437894737	0.0	0.0	2	1.0273186112291788	-15.167848520651331	138.0	21	1.05	0.95				
	206	1	50.328348825263156	10.361718875789474	0.0	-100.0	2	1.0432457879214254	-15.905927020731102	138.0	22	1.05	0.95				
	207	2	46.25767355263158	9.251534710526316	0.0	0.0	2	0.9961876385862444	-20.271233879100798	138.0	22	1.05	0.95				
	208	1	63.28049742	12.952148594736842	0.0	0.0	2	1.0028909706689668	-18.635773101973562	138.0	22	1.05	0.95				
	209	1	64.76074297368422	13.322209983157896	0.0	0.0	2	1.0222774016140006	-12.976715959696111	138.0	23	1.05	0.95				
	210	1	72.16197074210527	14.802455536842105	0.0	0.0	2	1.05	-14.432300614648277	138.0	23	1.05	0.95				
	211	1	0.0	0.0	0.0	0.0	2	1.003384514524473	-10.225594671498317	230.0	23	1.05	0.95				
	212	1	0.0	0.0	0.0	0.0	2	1.007925105712546	-9.674982953840203	230.0	23	1.05	0.95				
	213	2	98.06626793157895	19.983314974736842	0.0	0.0	2	1.0007371919921324	-9.089142045936327	230.0	24	1.05	0.95				
	214	2	71.79190935368422	14.432394148421052	0.0	0.0	2	1.0007783241382158	-7.602121269590933	230.0	26	1.05	0.95				
	215	2	117.30946012947368	23.683928858947368	0.0	0.0	2	1.0146934543554607	-1.2311008350930768	230.0	26	1.05	0.95				
	216	2	37.006138842105265	7.401227768421053	0.0	0.0	2	1.0158691620448972	-1.6337290237169406	230.0	26	1.05	0.95				
	217	1	0.0	0.0	0.0	0.0	2	1.0185657275874584	0.13279651416464783	230.0	27	1.05	0.95				
	218	2	123.23044234421052	25.164174412631578	0.0	0.0	2	1.018202290607677	-0.2822565454690335	230.0	27	1.05	0.95				
	219	1	66.98111130421053	13.692271371578949	0.0	0.0	2	1.0194222123192536	-2.1561126880636707	230.0	25	1.05	0.95				
	220	1	47.367857717894736	9.621596098947368	0.0	0.0	2	1.0247389748687816	-1.8738817497190203	230.0	25	1.05	0.95				
	221	2	0.0	0.0	0.0	0.0	2	1.0206094298500958	0.21298012231322422	230.0	27	1.05	0.95				
	222	2	0.0	0.0	0.0	0.0	2	1.0422810146214314	6.769860801035037	230.0	27	1.05	0.95				
	223	2	0.0	0.0	0.0	0.0	2	1.0280072457155436	-1.434964755242572	230.0	25	1.05	0.95				
	224	1	0.0	0.0	0.0	0.0	2	1.0030071770189533	-4.806736868818166	230.0	26	1.05	0.95				
	301	2	43.9721607031579	8.95729199508772	0.0	0.0	3	1.0413543420880051	-2.406873153556057	138.0	31	1.05	0.95				
	302	2	39.49351470561403	8.14299272280702	0.0	0.0	3	1.0377633260439525	-2.7381026346763826	138.0	32	1.05	0.95				
	303	1	73.28693450526316	15.064536537192982	0.0	0.0	3	1.05	11.797433913008689	138.0	31	1.05	0.95				
	304	1	30.129073074385964	6.107244542105263	0.0	0.0	3	1.019757599028958	-1.8590153599636334	138.0	31	1.05	0.95				
	305	1	28.90762416596491	5.700094905964913	0.0	0.0	3	1.040777689508683	-3.5515558562687883	138.0	31	1.05	0.95				
	306	1	55.37235051508772	11.400189811929826	0.0	-100.0	3	1.0477632783994413	-4.70540002283922	138.0	32	1.05	0.95				
	307	2	50.89370451754386	10.178740903508771	0.0	0.0	3	0.9551638785332182	-2.4735112599320885	138.0	32	1.05	0.95				
	308	1	69.62258778	14.250237264912279	0.0	0.0	3	0.9779326515876821	-3.4254952033862933	138.0	32	1.05	0.95				
	309	1	71.2511863245614	14.65738690105263	0.0	0.0	3	1.0169382551428372	0.5642832179345771	138.0	33	1.05	0.95				
	310	1	79.39417904736843	16.28598544561404	0.0	0.0	3	1.0494021029622886	-3.4317113024159407	138.0	33	1.05	0.95				
	311	1	0.0	0.0	0.0	0.0	3	1.0029522440485443	-0.773766196996086	230.0	33	1.05	0.95				
	312	1	0.0	0.0	0.0	0.0	3	1.008004863867806	0.20657809836445415	230.0	33	1.05	0.95				
	313	2	107.89465357719298	21.98608035157895	0.0	0.0	3	1.0038311454810391	1.8670914108636225	230.0	34	1.05	0.95				
	314	2	78.98702941122806	15.878835809473685	0.0	0.0	3	0.9939612804998322	-2.3206802723000064	230.0	36	1.05	0.95				
	315	2	129.06643465649123	26.057576712982456	0.0	0.0	3	1.0418643280674484	-1.4533635573573176	230.0	36	1.05	0.95				
	316	2	40.714963614035085	8.14299272280702	0.0	0.0	3	1.021288993189321	-2.0007249686602098	230.0	36	1.05	0.95				
	317	1	0.0	0.0	0.0	0.0	3	1.0369528883770998	-1.4785043376438667	230.0	37	1.05	0.95				
	318	2	135.58082883473685	27.68617525754386	0.0	0.0	3	1.0419549704375644	-1.800964084824274	230.0	37	1.05	0.95				
	319	1	73.69408414140352	15.064536537192982	0.0	0.0	3	1.012422997047024	-1.4511205848288802	230.0	35	1.05	0.95				
	320	1	52.11515342596491	10.585890539649123	0.0	0.0	3	1.0075940291833672	-0.14712838813198412	230.0	35	1.05	0.95				
	321	2	0.0	0.0	0.0	0.0	3	1.05	-1.2062913207794805	230.0	37	1.05	0.95				
	322	2	0.0	0.0	0.0	0.0	3	1.05	3.0191351792753336	230.0	37	1.05	0.95				
	323	2	0.0	0.0	0.0	0.0	3	1.0058914210358998	0.9035330326548698	230.0	35	1.05	0.95				
	324	1	0.0	0.0	0.0	0.0	3	1.0405360612103485	3.6177880909682827	230.0	36	1.05	0.95				
	325	1	0.0	0.0	0.0	0.0	3	1.0051658974130016	1.7061133879999077	230.0	35	1.05	0.95				
];
