%% MATPOWER Case Format : Version 2
function mpc = RTS_GMLC
mpc.version = '2';

%%-----  Power Flow Data  -----%%
%% system MVA base
mpc.baseMVA = 100.0;
%% bus data
%    bus_i    type    Pd    Qd    Gs    Bs    area    Vm    Va    baseKV    zone    Vmax    Vmin
mpc.bus = [
	101	2	35.44334488042106	7.219940623789474	0.0	0.0	1	1.0352397941887752	4.458419610387865	138.0	11	1.05	0.95				
	102	2	31.833374568526317	6.5635823852631585	0.0	0.0	1	1.0343170231414318	4.201025336073192	138.0	12	1.05	0.95				
	103	1	59.07224146736843	12.142627412736843	0.0	0.0	1	1.0323875179116095	2.603625478863087	138.0	11	1.05	0.95				
	104	1	24.285254825473686	4.922686788947368	0.0	0.0	1	1.0234419619237995	0.9636123732018549	138.0	11	1.05	0.95				
	105	1	23.30071746768421	4.594507669684211	0.0	0.0	1	1.03792874548404	1.224245805331838	138.0	11	1.05	0.95				
	106	1	44.63236021978948	9.189015339368423	0.0	-100.0	1	1.048399859282663	-0.9817250021983237	138.0	12	1.05	0.95				
	107	2	41.02238990789474	8.204477981578947	0.0	0.0	1	1.0011292886135645	-6.153146176950897	138.0	12	1.05	0.95				
	108	1	56.118629393999996	11.486269174210525	0.0	0.0	1	1.0079481159253998	-4.857040415081691	138.0	12	1.05	0.95				
	109	1	57.43134587105263	11.814448293473683	0.0	0.0	1	1.0242801237060892	-0.3564006673589244	138.0	13	1.05	0.95				
	110	1	63.99492825631579	13.127164770526317	0.0	0.0	1	1.05	-1.0253947191375021	138.0	13	1.05	0.95				
	111	1	0.0	0.0	0.0	0.0	1	1.000404486710316	0.7863733130553274	230.0	13	1.05	0.95				
	112	1	0.0	0.0	0.0	0.0	1	1.0048582457591733	0.4349564483426565	230.0	13	1.05	0.95				
	113	3	86.96746660473684	17.72167244021053	0.0	0.0	1	0.987011942720547	-4.53940815937492e-30	230.0	14	1.05	0.95				
	114	2	63.66674913705263	12.798985651263159	0.0	0.0	1	0.9977460221509707	3.084975530314202	230.0	16	1.05	0.95				
	115	2	104.03278080642104	21.003463632842106	0.0	0.0	1	1.0378839523135515	9.12109873276367	230.0	16	1.05	0.95				
	116	2	32.81791192631579	6.5635823852631585	0.0	0.0	1	1.0325836508126467	8.13949643711112	230.0	16	1.05	0.95				
	117	1	0.0	0.0	0.0	0.0	1	1.0404631378458815	11.790389655339922	230.0	17	1.05	0.95				
	118	2	109.28364671463157	22.31618010989474	0.0	0.0	1	1.0465527437913054	12.032594102537201	230.0	17	1.05	0.95				
	119	1	59.40042058663158	12.142627412736843	0.0	0.0	1	1.0215947941658832	5.923299934516286	230.0	15	1.05	0.95				
	120	1	42.00692726568421	8.532657100842107	0.0	0.0	1	1.014800830644731	4.616761072440658	230.0	15	1.05	0.95				
	121	2	0.0	0.0	0.0	0.0	1	1.05	13.027698286908874	230.0	17	1.05	0.95				
	122	2	0.0	0.0	0.0	0.0	1	1.05	24.669102662881286	230.0	17	1.05	0.95				
	123	2	0.0	0.0	0.0	0.0	1	1.011200648008711	4.154076144831697	230.0	15	1.05	0.95				
	124	1	0.0	0.0	0.0	0.0	1	1.0271121895148383	6.673006266289342	230.0	16	1.05	0.95				
	201	2	34.74767826189474	7.078230757052633	0.0	0.0	2	1.0144069415413914	-8.884777547308765	138.0	21	1.05	0.95				
	202	2	31.20856288336842	6.4347552336842115	0.0	0.0	2	1.0135277774708338	-9.144734908966665	138.0	22	1.05	0.95				
	203	1	57.9127971031579	11.90429718231579	0.0	0.0	2	1.0158606016740732	-6.043338728137834	138.0	21	1.05	0.95				
	204	1	23.80859436463158	4.826066425263158	0.0	0.0	2	1.0138518072997904	-9.00969759061247	138.0	21	1.05	0.95				
	205	1	22.843381079578947	4.5043286635789475	0.0	0.0	2	1.0284979608637999	-9.325050974077064	138.0	21	1.05	0.95				
	206	1	43.75633558905264	9.008657327157895	0.0	-100.0	2	1.0448459401169656	-10.010188700689083	138.0	22	1.05	0.95				
	207	2	40.217220210526314	8.043444042105264	0.0	0.0	2	0.997593206685629	-13.760972217714947	138.0	22	1.05	0.95				
	208	1	55.017157248000004	11.260821658947368	0.0	0.0	2	1.0056129971648948	-12.378785404958231	138.0	22	1.05	0.95				
	209	1	56.30410829473684	11.58255942063158	0.0	0.0	2	1.0224705523102722	-7.555835990311142	138.0	23	1.05	0.95				
	210	1	62.73886352842105	12.869510467368423	0.0	0.0	2	1.05	-8.72566875893196	138.0	23	1.05	0.95				
	211	1	0.0	0.0	0.0	0.0	2	1.0007715939494621	-5.120105766578249	230.0	23	1.05	0.95				
	212	1	0.0	0.0	0.0	0.0	2	1.004875949741543	-4.49221906513135	230.0	23	1.05	0.95				
	213	2	85.26050684631579	17.37383913094737	0.0	0.0	2	0.9936215041695845	-3.940336911644244	230.0	24	1.05	0.95				
	214	2	62.41712576673684	12.547772705684213	0.0	0.0	2	0.9977999669038017	-2.969512793848213	230.0	26	1.05	0.95				
	215	2	101.99087045389474	20.591216747789474	0.0	0.0	2	1.0148913758121474	2.0227230360628807	230.0	26	1.05	0.95				
	216	2	32.17377616842106	6.4347552336842115	0.0	0.0	2	1.0159844849730808	1.9977460379216612	230.0	26	1.05	0.95				
	217	1	0.0	0.0	0.0	0.0	2	1.020990963605338	3.341260661810977	230.0	27	1.05	0.95				
	218	2	107.1386746408421	21.87816779452632	0.0	0.0	2	1.0204566714702024	3.0261669936792184	230.0	27	1.05	0.95				
	219	1	58.23453486484211	11.90429718231579	0.0	0.0	2	1.0171377567953177	1.9088430451934912	230.0	25	1.05	0.95				
	220	1	41.18243349557895	8.365181803789474	0.0	0.0	2	1.0197832125160742	2.4744550314529246	230.0	25	1.05	0.95				
	221	2	0.0	0.0	0.0	0.0	2	1.0222113498975498	3.496223826837788	230.0	27	1.05	0.95				
	222	2	0.0	0.0	0.0	0.0	2	1.044209320219989	9.998921051390765	230.0	27	1.05	0.95				
	223	2	0.0	0.0	0.0	0.0	2	1.0214395802856853	3.037081623801142	230.0	25	1.05	0.95				
	224	1	0.0	0.0	0.0	0.0	2	1.0052177407746221	-1.0320883252271096	230.0	26	1.05	0.95				
	301	2	45.390066442105265	9.246124645614035	0.0	0.0	3	1.0101161583661036	-13.794609453716285	138.0	31	1.05	0.95				
	302	2	40.76700411929824	8.405567859649123	0.0	0.0	3	1.0097938039217047	-13.993895730398918	138.0	32	1.05	0.95				
	303	1	75.65011073684211	15.550300540350875	0.0	0.0	3	1.0353114983529002	-5.736741653398682	138.0	31	1.05	0.95				
	304	1	31.10060108070175	6.304175894736841	0.0	0.0	3	1.0115424792024872	-12.83819814565786	138.0	31	1.05	0.95				
	305	1	29.839765901754383	5.883897501754387	0.0	0.0	3	1.0248428641004916	-13.842025996036808	138.0	31	1.05	0.95				
	306	1	57.15786144561403	11.767795003508773	0.0	-100.0	3	1.0411471091818019	-14.378505821612352	138.0	32	1.05	0.95				
	307	2	52.534799122807016	10.506959824561402	0.0	0.0	3	0.9930000703975216	-18.858315004319394	138.0	32	1.05	0.95				
	308	1	71.8676052	14.709743754385961	0.0	0.0	3	0.9997430171092545	-16.974436927226115	138.0	32	1.05	0.95				
	309	1	73.54871877192983	15.130022147368418	0.0	0.0	3	1.0257758295626707	-10.166343298755544	138.0	33	1.05	0.95				
	310	1	81.95428663157894	16.811135719298246	0.0	0.0	3	1.05	-12.534825964644526	138.0	33	1.05	0.95				
	311	1	0.0	0.0	0.0	0.0	3	1.0067116380391912	-7.574613615757273	230.0	33	1.05	0.95				
	312	1	0.0	0.0	0.0	0.0	3	1.011647188733239	-6.87628548221787	230.0	33	1.05	0.95				
	313	2	111.37377414035086	22.695033221052633	0.0	0.0	3	1.0098944013399502	-4.201562507695321	230.0	34	1.05	0.95				
	314	2	81.53400823859648	16.39085732631579	0.0	0.0	3	1.0022778609955814	-6.632581521202846	230.0	36	1.05	0.95				
	315	2	133.22825057543858	26.89781715087719	0.0	0.0	3	1.0257427576635467	-3.1707627653988877	230.0	36	1.05	0.95				
	316	2	42.02783929824561	8.405567859649123	0.0	0.0	3	1.0244634630839369	-2.7687446801498954	230.0	36	1.05	0.95				
	317	1	0.0	0.0	0.0	0.0	3	1.0302113356014697	-1.0013733459543017	230.0	37	1.05	0.95				
	318	2	139.9527048631579	28.578930722807016	0.0	0.0	3	1.028116852667973	-1.4785246266178058	230.0	37	1.05	0.95				
	319	1	76.07038912982456	15.550300540350875	0.0	0.0	3	1.0223857703836243	-3.0345622421087866	230.0	35	1.05	0.95				
	320	1	53.79563430175438	10.92723821754386	0.0	0.0	3	1.0233712303874305	-2.4390806067934014	230.0	35	1.05	0.95				
	321	2	0.0	0.0	0.0	0.0	3	1.029507234677996	-1.4944870137155006	230.0	37	1.05	0.95				
	322	2	0.0	0.0	0.0	0.0	3	1.0431375904009028	3.0631784800055915	230.0	37	1.05	0.95				
	323	2	0.0	0.0	0.0	0.0	3	1.024587097267134	-1.7866897107166764	230.0	35	1.05	0.95				
	324	1	0.0	0.0	0.0	0.0	3	1.0239037803817328	-4.153378910301913	230.0	36	1.05	0.95				
	325	1	0.0	0.0	0.0	0.0	3	1.022345259214815	-0.529742339172656	230.0	35	1.05	0.95				
];
