%% MATPOWER Case Format : Version 2
function mpc = RTS_GMLC
mpc.version = '2';

%%-----  Power Flow Data  -----%%
%% system MVA base
mpc.baseMVA = 100.0;
%% bus data
%    bus_i    type    Pd    Qd    Gs    Bs    area    Vm    Va    baseKV    zone    Vmax    Vmin
mpc.bus = [
	101	2	51.68876794105264	10.529193469473684	0.0	0.0	1	1.0366176492271808	0.16210877252358766	138.0	11	1.05	0.95				
	102	2	46.42417120631579	9.571994063157895	0.0	0.0	1	1.0357069244941302	-0.13504179631564886	138.0	12	1.05	0.95				
	103	1	86.14794656842105	17.708189016842105	0.0	0.0	1	1.025124032716141	0.3941968578608852	138.0	11	1.05	0.95				
	104	1	35.41637803368421	7.17899554736842	0.0	0.0	1	1.0209866046762335	-2.829601433440333	138.0	11	1.05	0.95				
	105	1	33.980578924210526	6.700395844210528	0.0	0.0	1	1.0369359993740679	-2.7929294652576133	138.0	11	1.05	0.95				
	106	1	65.0895596294737	13.400791688421055	0.0	-100.0	1	1.0448224648784452	-4.9739271795652416	138.0	12	1.05	0.95				
	107	2	59.82496289473684	11.964992578947369	0.0	0.0	1	1.000329609709766	-11.206116195608157	138.0	12	1.05	0.95				
	108	1	81.84054923999999	16.750989610526315	0.0	0.0	1	1.0018029847258936	-9.512794725706241	138.0	12	1.05	0.95				
	109	1	83.75494805263159	17.229589313684208	0.0	0.0	1	1.0232773563281532	-3.1006328998518136	138.0	13	1.05	0.95				
	110	1	93.32694211578946	19.14398812631579	0.0	0.0	1	1.05	-4.291105035990437	138.0	13	1.05	0.95				
	111	1	0.0	0.0	0.0	0.0	1	1.0049546383816315	-0.4961083645423065	230.0	13	1.05	0.95				
	112	1	0.0	0.0	0.0	0.0	1	1.0088257198636013	-0.9845663036546598	230.0	13	1.05	0.95				
	113	3	126.82892133684209	25.84438397052632	0.0	0.0	1	1.0010546246869143	-4.114165166682386e-29	230.0	14	1.05	0.95				
	114	2	92.84834241263158	18.665388423157893	0.0	0.0	1	1.0037625273927673	2.390660403851461	230.0	16	1.05	0.95				
	115	2	151.71610590105263	30.63038100210526	0.0	0.0	1	1.0324790166212754	10.765343679559686	230.0	16	1.05	0.95				
	116	2	47.859970315789475	9.571994063157895	0.0	0.0	1	1.0277728710290681	9.331010034742855	230.0	16	1.05	0.95				
	117	1	0.0	0.0	0.0	0.0	1	1.033142587552545	14.514359522335623	230.0	17	1.05	0.95				
	118	2	159.37370115157896	32.54477981473685	0.0	0.0	1	1.0409045804781336	15.043132627632406	230.0	17	1.05	0.95				
	119	1	86.62654627157895	17.708189016842105	0.0	0.0	1	1.018215806121427	6.087027234393991	230.0	15	1.05	0.95				
	120	1	61.26076200421052	12.443592282105262	0.0	0.0	1	1.0155884485168236	4.184273356346274	230.0	15	1.05	0.95				
	121	2	0.0	0.0	0.0	0.0	1	1.0431794422859022	16.678789172990864	230.0	17	1.05	0.95				
	122	2	0.0	0.0	0.0	0.0	1	1.05	31.38852222175019	230.0	17	1.05	0.95				
	123	2	0.0	0.0	0.0	0.0	1	1.0151244723075055	3.509224833060993	230.0	15	1.05	0.95				
	124	1	0.0	0.0	0.0	0.0	1	1.016881309092996	6.868858942632678	230.0	16	1.05	0.95				
	201	2	43.43459782736842	8.847788446315787	0.0	0.0	2	1.007554026588378	-13.546749189273617	138.0	21	1.05	0.95				
	202	2	39.01070360421052	8.043444042105264	0.0	0.0	2	1.0067007216557078	-13.820348617980658	138.0	22	1.05	0.95				
	203	1	72.39099637894736	14.880371477894736	0.0	0.0	2	1.015719932246558	-10.0732758349346	138.0	21	1.05	0.95				
	204	1	29.76074295578947	6.032583031578946	0.0	0.0	2	1.0099496159167471	-13.40768759673968	138.0	21	1.05	0.95				
	205	1	28.554226349473677	5.630410829473684	0.0	0.0	2	1.0238298679117908	-13.80566848437956	138.0	21	1.05	0.95				
	206	1	54.695419486315785	11.260821658947368	0.0	-100.0	2	1.04090157451398	-14.45878561064383	138.0	22	1.05	0.95				
	207	2	50.27152526315789	10.054305052631578	0.0	0.0	2	0.9901793366402454	-19.215428054291724	138.0	22	1.05	0.95				
	208	1	68.77144655999999	14.076027073684209	0.0	0.0	2	0.9985631236468967	-17.43481551553409	138.0	22	1.05	0.95				
	209	1	70.38013536842105	14.478199275789471	0.0	0.0	2	1.0241688033829706	-11.403572790607843	138.0	23	1.05	0.95				
	210	1	78.4235794105263	16.08688808421053	0.0	0.0	2	1.05	-12.764763273998291	138.0	23	1.05	0.95				
	211	1	0.0	0.0	0.0	0.0	2	1.0068532512885662	-8.222118434216021	230.0	23	1.05	0.95				
	212	1	0.0	0.0	0.0	0.0	2	1.0132175768941198	-7.18526983142961	230.0	23	1.05	0.95				
	213	2	106.57563355789472	21.71729891368421	0.0	0.0	2	1.0081553868757973	-6.502806659484465	230.0	24	1.05	0.95				
	214	2	78.02140720842104	15.684715882105262	0.0	0.0	2	1.0045696354482239	-5.75591732786346	230.0	26	1.05	0.95				
	215	2	127.4885880673684	25.73902093473684	0.0	0.0	2	1.0257230322706892	0.039170635192536433	230.0	26	1.05	0.95				
	216	2	40.217220210526314	8.043444042105264	0.0	0.0	2	1.0283293714418231	0.09397301533553376	230.0	26	1.05	0.95				
	217	1	0.0	0.0	0.0	0.0	2	1.0299279521148283	1.480820080256998	230.0	27	1.05	0.95				
	218	2	133.92334330105263	27.347709743157893	0.0	0.0	2	1.0289743171479395	0.992802196542298	230.0	27	1.05	0.95				
	219	1	72.79316858105263	14.880371477894736	0.0	0.0	2	1.0355309836891922	0.5262363696058742	230.0	25	1.05	0.95				
	220	1	51.47804186947368	10.456477254736841	0.0	0.0	2	1.0443894407805456	1.664843485944276	230.0	25	1.05	0.95				
	221	2	0.0	0.0	0.0	0.0	2	1.0310783524881308	1.4760741710325316	230.0	27	1.05	0.95				
	222	2	0.0	0.0	0.0	0.0	2	1.05	7.9710631330926045	230.0	27	1.05	0.95				
	223	2	0.0	0.0	0.0	0.0	2	1.049999967481433	2.578958497360154	230.0	25	1.05	0.95				
	224	1	0.0	0.0	0.0	0.0	2	1.009531101350372	-3.7495352561648265	230.0	26	1.05	0.95				
	301	2	55.964568164210526	11.40018981122807	0.0	0.0	3	1.029438340183777	5.144239356250808	138.0	31	1.05	0.95				
	302	2	50.26447325859649	10.363808919298245	0.0	0.0	3	1.0254227040014536	4.7927997470602985	138.0	32	1.05	0.95				
	303	1	93.27428027368421	19.173046500701755	0.0	0.0	3	1.05	20.607495156382623	138.0	31	1.05	0.95				
	304	1	38.34609300140351	7.772856689473684	0.0	0.0	3	1.0099443952675051	6.121196636101154	138.0	31	1.05	0.95				
	305	1	36.79152166350877	7.2546662435087725	0.0	0.0	3	1.0301082537545132	4.178401005356988	138.0	31	1.05	0.95				
	306	1	70.47390065122808	14.509332487017545	0.0	-100.0	3	1.0368060932267726	3.026602720524875	138.0	32	1.05	0.95				
	307	2	64.77380574561403	12.954761149122806	0.0	0.0	3	0.95	3.4745650127663654	138.0	32	1.05	0.95				
	308	1	88.61056625999998	18.136665608771928	0.0	0.0	3	0.9690454017780042	3.281985812335043	138.0	32	1.05	0.95				
	309	1	90.68332804385965	18.65485605473684	0.0	0.0	3	1.0141348760279463	9.383856092439563	138.0	33	1.05	0.95				
	310	1	101.04713696315788	20.72761783859649	0.0	0.0	3	1.0432665168363435	4.858826727212782	138.0	33	1.05	0.95				
	311	1	0.0	0.0	0.0	0.0	3	1.0026550496281228	8.86750731388375	230.0	33	1.05	0.95				
	312	1	0.0	0.0	0.0	0.0	3	1.0077893991929903	9.442158857319903	230.0	33	1.05	0.95				
	313	2	137.32046818070174	27.982284082105263	0.0	0.0	3	1.0045671002842052	11.24549978150713	230.0	34	1.05	0.95				
	314	2	100.52894651719298	20.20942739263158	0.0	0.0	3	0.9987054456411766	8.626636963510421	230.0	36	1.05	0.95				
	315	2	164.26637137087718	33.164188541754385	0.0	0.0	3	1.0488493001670658	11.204745402593929	230.0	36	1.05	0.95				
	316	2	51.819044596491224	10.363808919298245	0.0	0.0	3	1.0347718070391851	10.828553095179801	230.0	36	1.05	0.95				
	317	1	0.0	0.0	0.0	0.0	3	1.05	14.134819211022265	230.0	37	1.05	0.95				
	318	2	172.5574185063158	35.23695032561404	0.0	0.0	3	1.0495232521937403	11.964850036655234	230.0	37	1.05	0.95				
	319	1	93.79247071964912	19.173046500701755	0.0	0.0	3	1.0240516049627222	10.007561696660964	230.0	35	1.05	0.95				
	320	1	66.32837708350877	13.47295159508772	0.0	0.0	3	1.0187406583333107	10.298466805818983	230.0	35	1.05	0.95				
	321	2	0.0	0.0	0.0	0.0	3	1.05	12.322220636081685	230.0	37	1.05	0.95				
	322	2	0.0	0.0	0.0	0.0	3	1.05	17.381769382346153	230.0	37	1.05	0.95				
	323	2	0.0	0.0	0.0	0.0	3	1.0167957999646584	10.828667340911423	230.0	35	1.05	0.95				
	324	1	0.0	0.0	0.0	0.0	3	1.0463039687633098	14.80249106459302	230.0	36	1.05	0.95				
	325	1	0.0	0.0	0.0	0.0	3	1.0184361885616893	11.341258150360286	230.0	35	1.05	0.95				
];
