%% MATPOWER Case Format : Version 2
function mpc = RTS_GMLC
mpc.version = '2';

%%-----  Power Flow Data  -----%%
%% system MVA base
mpc.baseMVA = 100.0;
%% bus data
%    bus_i    type    Pd    Qd    Gs    Bs    area    Vm    Va    baseKV    zone    Vmax    Vmin
mpc.bus = [
	101	2	35.29638792757895	7.190004948210527	0.0	0.0	1	1.0335025168186358	4.159457649141435	138.0	11	1.05	0.95				
	102	2	31.70138545347368	6.536368134736842	0.0	0.0	1	1.0326348505641607	3.9139105715185276	138.0	12	1.05	0.95				
	103	1	58.82731321263158	12.092281049263157	0.0	0.0	1	1.0298703006901866	1.8734504777586662	138.0	11	1.05	0.95				
	104	1	24.184562098526314	4.902276101052632	0.0	0.0	1	1.0226995218369184	0.6866562499982467	138.0	11	1.05	0.95				
	105	1	23.204106878315788	4.57545769431579	0.0	0.0	1	1.0371146813828238	0.9888974846539558	138.0	11	1.05	0.95				
	106	1	44.44730331621053	9.15091538863158	0.0	-100.0	1	1.0480758577693599	-1.1767227318018074	138.0	12	1.05	0.95				
	107	2	40.85230084210526	8.170460168421052	0.0	0.0	1	1.0010363680138856	-6.828464639343748	138.0	12	1.05	0.95				
	108	1	55.88594755199999	11.438644235789472	0.0	0.0	1	1.007734016893299	-5.330078048180015	138.0	12	1.05	0.95				
	109	1	57.19322117894736	11.765462642526314	0.0	0.0	1	1.0242564524349183	-0.6251633444332325	138.0	13	1.05	0.95				
	110	1	63.72958931368421	13.072736269473683	0.0	0.0	1	1.05	-1.193969199391608	138.0	13	1.05	0.95				
	111	1	0.0	0.0	0.0	0.0	1	1.0003227784737694	0.5343588317866487	230.0	13	1.05	0.95				
	112	1	0.0	0.0	0.0	0.0	1	1.005421580840223	0.603962226253859	230.0	13	1.05	0.95				
	113	3	86.60687778526315	17.648193963789474	0.0	0.0	1	0.9881053096532711	-1.0363150684890882e-21	230.0	14	1.05	0.95				
	114	2	63.40277090694736	12.74591786273684	0.0	0.0	1	0.9963013342533535	2.583442608173208	230.0	16	1.05	0.95				
	115	2	103.60143493557894	20.916378031157894	0.0	0.0	1	1.033003199083857	7.602191348262966	230.0	16	1.05	0.95				
	116	2	32.681840673684206	6.536368134736842	0.0	0.0	1	1.0287064815686016	7.3064507459751455	230.0	16	1.05	0.95				
	117	1	0.0	0.0	0.0	0.0	1	1.0377258843938726	9.47834792727633	230.0	17	1.05	0.95				
	118	2	108.83052944336842	22.223651658105265	0.0	0.0	1	1.040922903341658	9.558623680844702	230.0	17	1.05	0.95				
	119	1	59.15413161936842	12.092281049263157	0.0	0.0	1	1.0217922098957	6.017822397857106	230.0	15	1.05	0.95				
	120	1	41.83275606231579	8.497278575157894	0.0	0.0	1	1.0177710419127723	5.534994342101348	230.0	15	1.05	0.95				
	121	2	0.0	0.0	0.0	0.0	1	1.0447817469181067	10.386846949764623	230.0	17	1.05	0.95				
	122	2	0.0	0.0	0.0	0.0	1	1.05	17.58908609062117	230.0	17	1.05	0.95				
	123	2	0.0	0.0	0.0	0.0	1	1.0156140062928107	5.5279479088817824	230.0	15	1.05	0.95				
	124	1	0.0	0.0	0.0	0.0	1	1.0238841199734061	5.4460132548363775	230.0	16	1.05	0.95				
	201	2	39.7796316631579	8.103258301754385	0.0	0.0	2	1.021351072823681	-9.15823689312672	138.0	21	1.05	0.95				
	202	2	35.728002512280696	7.366598456140351	0.0	0.0	2	1.021455545746751	-9.184248785884495	138.0	22	1.05	0.95				
	203	1	66.29938610526315	13.62820714385965	0.0	0.0	2	1.0159738724790264	-7.257624663436706	138.0	21	1.05	0.95				
	204	1	27.2564142877193	5.524948842105263	0.0	0.0	2	1.0164374888019223	-10.068580985178393	138.0	21	1.05	0.95				
	205	1	26.151424519298246	5.156618919298246	0.0	0.0	2	1.0313545224355083	-10.369977747574113	138.0	21	1.05	0.95				
	206	1	50.092869501754386	10.313237838596493	0.0	-100.0	2	1.0452605897898588	-11.448819652497603	138.0	22	1.05	0.95				
	207	2	46.041240350877196	9.208248070175438	0.0	0.0	2	0.9958427974395261	-16.363186690033398	138.0	22	1.05	0.95				
	208	1	62.9844168	12.891547298245612	0.0	0.0	2	1.002745554920567	-14.738057153399733	138.0	22	1.05	0.95				
	209	1	64.45773649122806	13.259877221052632	0.0	0.0	2	1.0221479594389933	-9.263541347741617	138.0	23	1.05	0.95				
	210	1	71.82433494736841	14.733196912280702	0.0	0.0	2	1.05	-10.407029746344467	138.0	23	1.05	0.95				
	211	1	0.0	0.0	0.0	0.0	2	1.0022225877454798	-6.878311758875729	230.0	23	1.05	0.95				
	212	1	0.0	0.0	0.0	0.0	2	1.0056533502967246	-6.31411377844009	230.0	23	1.05	0.95				
	213	2	97.60742954385965	19.88981583157895	0.0	0.0	2	0.9952002062112473	-5.888787888564184	230.0	24	1.05	0.95				
	214	2	71.45600502456139	14.364866989473684	0.0	0.0	2	1.0005619202194298	-4.643439333764066	230.0	26	1.05	0.95				
	215	2	116.76058552982455	23.573115059649123	0.0	0.0	2	1.0162676096877368	0.9291519517750737	230.0	26	1.05	0.95				
	216	2	36.83299228070175	7.366598456140351	0.0	0.0	2	1.0176341693120885	0.755436931797388	230.0	26	1.05	0.95				
	217	1	0.0	0.0	0.0	0.0	2	1.0227617557738573	2.5323530525872444	230.0	27	1.05	0.95				
	218	2	122.65386429473683	25.046434750877193	0.0	0.0	2	1.0221838891931303	2.0583773483331185	230.0	27	1.05	0.95				
	219	1	66.66771602807017	13.62820714385965	0.0	0.0	2	1.0177585025231535	0.31955986054052166	230.0	25	1.05	0.95				
	220	1	47.146230119298245	9.576577992982456	0.0	0.0	2	1.0200751550580287	0.6741666844615987	230.0	25	1.05	0.95				
	221	2	0.0	0.0	0.0	0.0	2	1.023859369769243	2.491712042491196	230.0	27	1.05	0.95				
	222	2	0.0	0.0	0.0	0.0	2	1.045992420160076	9.04833418427784	230.0	27	1.05	0.95				
	223	2	0.0	0.0	0.0	0.0	2	1.0217152321591063	1.156189039105298	230.0	25	1.05	0.95				
	224	1	0.0	0.0	0.0	0.0	2	1.0059798755628946	-2.167180576682585	230.0	26	1.05	0.95				
	301	2	41.614678913684216	8.477064223157896	0.0	0.0	3	1.01023556596826	-16.697310341870768	138.0	31	1.05	0.95				
	302	2	37.37614680210527	7.706422021052633	0.0	0.0	3	1.0101781541746866	-16.809430496020067	138.0	32	1.05	0.95				
	303	1	69.3577981894737	14.25688073894737	0.0	0.0	3	1.025003359172946	-11.255166521233814	138.0	31	1.05	0.95				
	304	1	28.51376147789474	5.779816515789474	0.0	0.0	3	1.012496191749054	-15.441401131976852	138.0	31	1.05	0.95				
	305	1	27.357798174736843	5.394495414736843	0.0	0.0	3	1.0253156580425655	-16.384808575399656	138.0	31	1.05	0.95				
	306	1	52.4036697431579	10.788990829473686	0.0	-100.0	3	1.042248837963848	-16.682566339464685	138.0	32	1.05	0.95				
	307	2	48.16513763157895	9.633027526315791	0.0	0.0	3	0.9940410408345477	-20.59722236110191	138.0	32	1.05	0.95				
	308	1	65.88990828000001	13.486238536842105	0.0	0.0	3	1.0018401917832274	-18.900712096222993	138.0	32	1.05	0.95				
	309	1	67.43119268421054	13.871559637894737	0.0	0.0	3	1.0260416483698822	-12.740824923345606	138.0	33	1.05	0.95				
	310	1	75.13761470526316	15.412844042105267	0.0	0.0	3	1.05	-14.829703625319794	138.0	33	1.05	0.95				
	311	1	0.0	0.0	0.0	0.0	3	1.0037369274563794	-9.998111788558761	230.0	33	1.05	0.95				
	312	1	0.0	0.0	0.0	0.0	3	1.0095867586698228	-9.296467993597679	230.0	33	1.05	0.95				
	313	2	102.11009177894736	20.807339456842108	0.0	0.0	3	1.0071795963915466	-6.534973326372458	230.0	34	1.05	0.95				
	314	2	74.75229360421054	15.027522941052634	0.0	0.0	3	0.9960280155010556	-9.095351118141457	230.0	36	1.05	0.95				
	315	2	122.14678903368421	24.660550467368424	0.0	0.0	3	1.018397611526137	-6.061536507503896	230.0	36	1.05	0.95				
	316	2	38.532110105263165	7.706422021052633	0.0	0.0	3	1.0177273289001505	-5.505101449277788	230.0	36	1.05	0.95				
	317	1	0.0	0.0	0.0	0.0	3	1.0237748886766858	-3.856138198345454	230.0	37	1.05	0.95				
	318	2	128.31192665052635	26.20183487157895	0.0	0.0	3	1.022304787278867	-4.201303309048821	230.0	37	1.05	0.95				
	319	1	69.74311929052632	14.25688073894737	0.0	0.0	3	1.0163532775637663	-5.618753462060502	230.0	35	1.05	0.95				
	320	1	49.32110093473685	10.018348627368423	0.0	0.0	3	1.0175756862712828	-4.949480591112409	230.0	35	1.05	0.95				
	321	2	0.0	0.0	0.0	0.0	3	1.0232036654131236	-4.272241931618417	230.0	37	1.05	0.95				
	322	2	0.0	0.0	0.0	0.0	3	1.0369005902215003	0.308200393657411	230.0	37	1.05	0.95				
	323	2	0.0	0.0	0.0	0.0	3	1.018795915562305	-4.279578310057563	230.0	35	1.05	0.95				
	324	1	0.0	0.0	0.0	0.0	3	1.0135198851944183	-8.040764790515992	230.0	36	1.05	0.95				
	325	1	0.0	0.0	0.0	0.0	3	1.0167013183988678	-3.0335327104275773	230.0	35	1.05	0.95				
];
