%% MATPOWER Case Format : Version 2
function mpc = RTS_GMLC
mpc.version = '2';

%%-----  Power Flow Data  -----%%
%% system MVA base
mpc.baseMVA = 100.0;
%% bus data
%    bus_i    type    Pd    Qd    Gs    Bs    area    Vm    Va    baseKV    zone    Vmax    Vmin
mpc.bus = [
	101	2	48.909945562105264	9.963137058947368	0.0	0.0	1	1.0337520150688702	0.07990614314096811	138.0	11	1.05	0.95				
	102	2	43.92837703263158	9.05739732631579	0.0	0.0	1	1.031755360495577	-0.4483073058598917	138.0	12	1.05	0.95				
	103	1	81.5165759368421	16.75618505368421	0.0	0.0	1	1.0347415573307779	0.7821638261903447	138.0	11	1.05	0.95				
	104	1	33.51237010736842	6.793047994736842	0.0	0.0	1	1.0240061283818704	-2.2397953320150403	138.0	11	1.05	0.95				
	105	1	32.153760508421044	6.340178128421053	0.0	0.0	1	1.0358146344126178	-2.8599730990173935	138.0	11	1.05	0.95				
	106	1	61.59030181894737	12.680356256842106	0.0	-100.0	1	1.0446648520364963	-5.065982939585657	138.0	12	1.05	0.95				
	107	2	56.608733289473676	11.321746657894737	0.0	0.0	1	1.0004231282024512	-10.132140354813075	138.0	12	1.05	0.95				
	108	1	77.44074714	15.85044532105263	0.0	0.0	1	1.0036415069213747	-8.819411274468692	138.0	12	1.05	0.95				
	109	1	79.25222660526316	16.30331518736842	0.0	0.0	1	1.0253803542208533	-2.989741324196104	138.0	13	1.05	0.95				
	110	1	88.30962393157894	18.11479465263158	0.0	0.0	1	1.05	-4.413351451967903	138.0	13	1.05	0.95				
	111	1	0.0	0.0	0.0	0.0	1	1.0052700003277775	-1.0401115494276294	230.0	13	1.05	0.95				
	112	1	0.0	0.0	0.0	0.0	1	1.008573530953997	-1.402934764472396	230.0	13	1.05	0.95				
	113	3	120.01051457368422	24.454972781052632	0.0	0.0	1	0.997972379705973	9.47167608878583e-32	230.0	14	1.05	0.95				
	114	2	87.85675406526316	17.66192478631579	0.0	0.0	1	1.004404424708408	0.8404478622391998	230.0	16	1.05	0.95				
	115	2	143.55974762210525	28.983671444210522	0.0	0.0	1	1.0394588141284382	7.383865041965374	230.0	16	1.05	0.95				
	116	2	45.28698663157895	9.05739732631579	0.0	0.0	1	1.034602494632372	6.151441494563557	230.0	16	1.05	0.95				
	117	1	0.0	0.0	0.0	0.0	1	1.0423943308316133	9.885249112145022	230.0	17	1.05	0.95				
	118	2	150.8056654831579	30.795150909473683	0.0	0.0	1	1.0468236515038845	10.82913810827624	230.0	17	1.05	0.95				
	119	1	81.9694458031579	16.75618505368421	0.0	0.0	1	1.0231948788233467	3.780361514111159	230.0	15	1.05	0.95				
	120	1	57.967342888421044	11.774616524210527	0.0	0.0	1	1.016514162887228	1.98365334959587	230.0	15	1.05	0.95				
	121	2	0.0	0.0	0.0	0.0	1	1.0494466433553613	12.20533984874374	230.0	17	1.05	0.95				
	122	2	0.0	0.0	0.0	0.0	1	1.05	17.80645989185608	230.0	17	1.05	0.95				
	123	2	0.0	0.0	0.0	0.0	1	1.013664766293598	1.3429352764514597	230.0	15	1.05	0.95				
	124	1	0.0	0.0	0.0	0.0	1	1.0288867676833349	4.901595231017669	230.0	16	1.05	0.95				
	201	2	41.25861795789474	8.404533287719298	0.0	0.0	2	1.0161143481143045	-10.56357007414196	138.0	21	1.05	0.95				
	202	2	37.05635131403508	7.640484807017545	0.0	0.0	2	1.015291083635605	-10.793039014634397	138.0	22	1.05	0.95				
	203	1	68.76436326315789	14.134896892982454	0.0	0.0	2	1.0147032008900885	-8.380777209378763	138.0	21	1.05	0.95				
	204	1	28.269793785964907	5.7303636052631575	0.0	0.0	2	1.0137807940989063	-10.291644341417115	138.0	21	1.05	0.95				
	205	1	27.123721064912274	5.348339364912281	0.0	0.0	2	1.0284572844397053	-10.56568738269832	138.0	21	1.05	0.95				
	206	1	51.9552966877193	10.696678729824562	0.0	-100.0	2	1.0435992882899967	-11.055015449045097	138.0	22	1.05	0.95				
	207	2	47.753030043859646	9.55060600877193	0.0	0.0	2	0.9991063178833155	-15.632330930484105	138.0	22	1.05	0.95				
	208	1	65.3261451	13.3708484122807	0.0	0.0	2	1.004353765575641	-13.92626676164987	138.0	22	1.05	0.95				
	209	1	66.8542420614035	13.752872652631579	0.0	0.0	2	1.023332959348267	-8.298116005765722	138.0	23	1.05	0.95				
	210	1	74.49472686842104	15.28096961403509	0.0	0.0	2	1.05	-9.337886401859079	138.0	23	1.05	0.95				
	211	1	0.0	0.0	0.0	0.0	2	1.0012036472856398	-6.42238088889997	230.0	23	1.05	0.95				
	212	1	0.0	0.0	0.0	0.0	2	1.0078855332356498	-2.2074772398225404	230.0	23	1.05	0.95				
	213	2	101.23642369298244	20.62930897894737	0.0	0.0	2	0.9935287133573184	-4.736880539029557	230.0	24	1.05	0.95				
	214	2	74.11270262807017	14.89894537368421	0.0	0.0	2	0.9968230530664955	-5.344295594497887	230.0	26	1.05	0.95				
	215	2	121.10168419122806	24.44955138245614	0.0	0.0	2	1.0157686547839189	-0.4083314315647637	230.0	26	1.05	0.95				
	216	2	38.20242403508772	7.640484807017545	0.0	0.0	2	1.0132126222619444	-1.4637475802495539	230.0	26	1.05	0.95				
	217	1	0.0	0.0	0.0	0.0	2	1.019945745306395	0.18558366297588175	230.0	27	1.05	0.95				
	218	2	127.2140720368421	25.97764834385965	0.0	0.0	2	1.019807113221502	-0.05789740401846925	230.0	27	1.05	0.95				
	219	1	69.14638750350876	14.134896892982454	0.0	0.0	2	1.009186475069269	-2.3690062116908734	230.0	25	1.05	0.95				
	220	1	48.89910276491228	9.932630249122806	0.0	0.0	2	1.0082166589664183	-2.3862719115209168	230.0	25	1.05	0.95				
	221	2	0.0	0.0	0.0	0.0	2	1.0219927982587438	0.6246795681038569	230.0	27	1.05	0.95				
	222	2	0.0	0.0	0.0	0.0	2	1.0437709124634036	7.021379053657407	230.0	27	1.05	0.95				
	223	2	0.0	0.0	0.0	0.0	2	1.0080747219183877	-2.0895338609633622	230.0	25	1.05	0.95				
	224	1	0.0	0.0	0.0	0.0	2	1.0054198340153884	-3.4208546374064697	230.0	26	1.05	0.95				
	301	2	69.27238216421053	14.111040811228067	0.0	0.0	3	0.9979152099394915	0.5890981766350804	138.0	31	1.05	0.95				
	302	2	62.21686175859649	12.828218919298246	0.0	0.0	3	0.9988712654698115	0.5177173960727558	138.0	32	1.05	0.95				
	303	1	115.4539702736842	23.73220500070175	0.0	0.0	3	1.0168714347355856	4.353153682688665	138.0	31	1.05	0.95				
	304	1	47.4644100014035	9.621164189473683	0.0	0.0	3	1.001644798847979	2.693092989529345	138.0	31	1.05	0.95				
	305	1	45.540177163508766	8.979753243508771	0.0	0.0	3	1.0139115327429347	2.669287161344912	138.0	31	1.05	0.95				
	306	1	87.23188865122806	17.959506487017542	0.0	-100.0	3	1.0313078736982375	3.112605631406093	138.0	32	1.05	0.95				
	307	2	80.17636824561403	16.035273649122807	0.0	0.0	3	0.989383395575555	-0.4997340613010445	138.0	32	1.05	0.95				
	308	1	109.68127175999997	22.449383108771926	0.0	0.0	3	1.0001420769057185	2.3855675459109507	138.0	32	1.05	0.95				
	309	1	112.24691554385964	23.090794054736836	0.0	0.0	3	1.027063449550995	7.080747622217269	138.0	33	1.05	0.95				
	310	1	125.07513446315788	25.656437838596492	0.0	0.0	3	1.05	6.793752202406149	138.0	33	1.05	0.95				
	311	1	0.0	0.0	0.0	0.0	3	1.0167110945187976	12.949698806550948	230.0	33	1.05	0.95				
	312	1	0.0	0.0	0.0	0.0	3	1.0222871414621206	14.597771972079185	230.0	33	1.05	0.95				
	313	2	169.97390068070172	34.63619108210526	0.0	0.0	3	1.0423902292962202	21.47686495622461	230.0	34	1.05	0.95				
	314	2	124.43372351719297	25.015026892631575	0.0	0.0	3	1.0181537690411206	11.33619819380795	230.0	36	1.05	0.95				
	315	2	203.32726987087716	41.05030054175438	0.0	0.0	3	1.0312397158663569	5.129267060492182	230.0	36	1.05	0.95				
	316	2	64.14109459649123	12.828218919298246	0.0	0.0	3	1.033218812872543	6.584680564638464	230.0	36	1.05	0.95				
	317	1	0.0	0.0	0.0	0.0	3	1.033782102085803	5.154681044554938	230.0	37	1.05	0.95				
	318	2	213.58984500631578	43.61594432561403	0.0	0.0	3	1.030497120505441	3.836308745644411	230.0	37	1.05	0.95				
	319	1	116.09538121964911	23.73220500070175	0.0	0.0	3	1.0335230476325834	10.112400150820548	230.0	35	1.05	0.95				
	320	1	82.10060108350876	16.676684595087718	0.0	0.0	3	1.0376115083976538	12.701332196181186	230.0	35	1.05	0.95				
	321	2	0.0	0.0	0.0	0.0	3	1.0328743683641048	4.842163171548795	230.0	37	1.05	0.95				
	322	2	0.0	0.0	0.0	0.0	3	1.0466365823549963	9.299141334405823	230.0	37	1.05	0.95				
	323	2	0.0	0.0	0.0	0.0	3	1.0399491338401525	13.623983345522541	230.0	35	1.05	0.95				
	324	1	0.0	0.0	0.0	0.0	3	1.0242215291433596	7.0763827969598845	230.0	36	1.05	0.95				
	325	1	0.0	0.0	0.0	0.0	3	1.0418389668339	13.508395973118224	230.0	35	1.05	0.95				
];
