%% MATPOWER Case Format : Version 2
function mpc = RTS_GMLC
mpc.version = '2';

%%-----  Power Flow Data  -----%%
%% system MVA base
mpc.baseMVA = 100.0;
%% bus data
%    bus_i    type    Pd    Qd    Gs    Bs    area    Vm    Va    baseKV    zone    Vmax    Vmin
mpc.bus = [
	101	2	38.956952008421055	7.935675409122808	0.0	0.0	1	1.032915784951979	3.0772248377725524	138.0	11	1.05	0.95				
	102	2	34.98911430385965	7.214250371929825	0.0	0.0	1	1.03200162742663	2.810681915347201	138.0	12	1.05	0.95				
	103	1	64.92825334736844	13.346363188070177	0.0	0.0	1	1.0313970117903635	1.5969258576270344	138.0	11	1.05	0.95				
	104	1	26.692726376140353	5.410687778947369	0.0	0.0	1	1.021984330032941	-0.34094706805790426	138.0	11	1.05	0.95				
	105	1	25.610588820350884	5.0499752603508785	0.0	0.0	1	1.036364568341762	-0.1225678877629132	138.0	11	1.05	0.95				
	106	1	49.05690252912282	10.099950520701757	0.0	-100.0	1	1.0469850538356589	-2.334353708477611	138.0	12	1.05	0.95				
	107	2	45.08906482456141	9.017812964912283	0.0	0.0	1	1.000332760227257	-8.801589234887672	138.0	12	1.05	0.95				
	108	1	61.68184068000001	12.624938150877194	0.0	0.0	1	1.0058794094288084	-6.960813270368094	138.0	12	1.05	0.95				
	109	1	63.12469075438597	12.985650669473687	0.0	0.0	1	1.0245255859133642	-1.4523585521208495	138.0	13	1.05	0.95				
	110	1	70.3389411263158	14.42850074385965	0.0	0.0	1	1.05	-2.226799351091747	138.0	13	1.05	0.95				
	111	1	0.0	0.0	0.0	0.0	1	1.001829654917505	0.18201845651291007	230.0	13	1.05	0.95				
	112	1	0.0	0.0	0.0	0.0	1	1.00696134591092	-0.22916976010504214	230.0	13	1.05	0.95				
	113	3	95.58881742807019	19.478476004210528	0.0	0.0	1	0.9918168839978208	4.848213590917472e-29	230.0	14	1.05	0.95				
	114	2	69.9782286077193	14.067788225263161	0.0	0.0	1	0.9987333734471556	2.5022934443719396	230.0	16	1.05	0.95				
	115	2	114.34586839508773	23.085601190175442	0.0	0.0	1	1.038995563278481	8.868423969337286	230.0	16	1.05	0.95				
	116	2	36.07125185964913	7.214250371929825	0.0	0.0	1	1.0342701540683135	7.783745365616786	230.0	16	1.05	0.95				
	117	1	0.0	0.0	0.0	0.0	1	1.0409367161131284	11.745963337070563	230.0	17	1.05	0.95				
	118	2	120.1172686926316	24.52845126456141	0.0	0.0	1	1.0471332630909813	12.058974100425214	230.0	17	1.05	0.95				
	119	1	65.28896586596493	13.346363188070177	0.0	0.0	1	1.0235158046694783	5.291599543196335	230.0	15	1.05	0.95				
	120	1	46.171202380350884	9.378525483508774	0.0	0.0	1	1.0175748221339975	3.803940295499812	230.0	15	1.05	0.95				
	121	2	0.0	0.0	0.0	0.0	1	1.05	13.197661232972763	230.0	17	1.05	0.95				
	122	2	0.0	0.0	0.0	0.0	1	1.05	25.37979394853439	230.0	17	1.05	0.95				
	123	2	0.0	0.0	0.0	0.0	1	1.0146246401915044	3.2645928402445525	230.0	15	1.05	0.95				
	124	1	0.0	0.0	0.0	0.0	1	1.026687954022473	6.141731358030445	230.0	16	1.05	0.95				
	201	2	41.47961593263158	8.449551393684212	0.0	0.0	2	1.0132116525203607	-13.585331132536128	138.0	21	1.05	0.95				
	202	2	37.25484023578947	7.6814103578947375	0.0	0.0	2	1.0123255282916448	-13.870329638050107	138.0	22	1.05	0.95				
	203	1	69.13269322105263	14.210609162105262	0.0	0.0	2	1.0149713700223242	-9.647272597181825	138.0	21	1.05	0.95				
	204	1	28.421218324210525	5.761057768421052	0.0	0.0	2	1.0121090458724593	-13.533114243333337	138.0	21	1.05	0.95				
	205	1	27.269006770526317	5.376987250526316	0.0	0.0	2	1.0270006650293353	-13.964566339194773	138.0	21	1.05	0.95				
	206	1	52.23359043368422	10.753974501052632	0.0	-100.0	2	1.0427905570781477	-14.670305193594935	138.0	22	1.05	0.95				
	207	2	48.008814736842105	9.601762947368421	0.0	0.0	2	0.9954241192162028	-19.217028560941866	138.0	22	1.05	0.95				
	208	1	65.67605856	13.442468126315788	0.0	0.0	2	1.0019962094263077	-17.510660701763687	138.0	22	1.05	0.95				
	209	1	67.21234063157895	13.826538644210526	0.0	0.0	2	1.0227291076874827	-11.662002024453125	138.0	23	1.05	0.95				
	210	1	74.89375098947369	15.362820715789475	0.0	0.0	2	1.05	-13.10589298102181	138.0	23	1.05	0.95				
	211	1	0.0	0.0	0.0	0.0	2	1.0050980082750174	-8.78299724608387	230.0	23	1.05	0.95				
	212	1	0.0	0.0	0.0	0.0	2	1.0076483095143711	-7.98943974786932	230.0	23	1.05	0.95				
	213	2	101.77868724210526	20.73980796631579	0.0	0.0	2	1.001116412720435	-7.369419455428954	230.0	24	1.05	0.95				
	214	2	74.50968047157895	14.978750197894739	0.0	0.0	2	1.0055036996843414	-6.298358152056582	230.0	26	1.05	0.95				
	215	2	121.75035417263157	24.580513145263158	0.0	0.0	2	1.0200726057976846	-0.2938871061404811	230.0	26	1.05	0.95				
	216	2	38.407051789473684	7.6814103578947375	0.0	0.0	2	1.0218679802536692	-0.4508371784540222	230.0	26	1.05	0.95				
	217	1	0.0	0.0	0.0	0.0	2	1.0258370774103103	1.08972387819958	230.0	27	1.05	0.95				
	218	2	127.89548245894737	26.11679521684211	0.0	0.0	2	1.025183175168913	0.644471052445425	230.0	27	1.05	0.95				
	219	1	69.51676373894738	14.210609162105262	0.0	0.0	2	1.0235068885340326	-0.45223340776952764	230.0	25	1.05	0.95				
	220	1	49.161026290526316	9.985833465263157	0.0	0.0	2	1.0272941411762928	0.30061732802137153	230.0	25	1.05	0.95				
	221	2	0.0	0.0	0.0	0.0	2	1.0270756834328563	1.1346560389976368	230.0	27	1.05	0.95				
	222	2	0.0	0.0	0.0	0.0	2	1.0489484155512923	7.620313306519965	230.0	27	1.05	0.95				
	223	2	0.0	0.0	0.0	0.0	2	1.0299191197375053	1.0071543613061267	230.0	25	1.05	0.95				
	224	1	0.0	0.0	0.0	0.0	2	1.0066657255557283	-3.814676214146764	230.0	26	1.05	0.95				
	301	2	47.96962988210527	9.771591272280702	0.0	0.0	3	1.0121254093584646	-9.52175836798594	138.0	31	1.05	0.95				
	302	2	43.08383424596491	8.883264792982457	0.0	0.0	3	1.011389913877962	-9.807970866072074	138.0	32	1.05	0.95				
	303	1	79.9493831368421	16.434039867017542	0.0	0.0	3	1.0458742817592732	1.425331802357059	138.0	31	1.05	0.95				
	304	1	32.868079734035085	6.6624485947368415	0.0	0.0	3	1.011337075299599	-8.807351358610152	138.0	31	1.05	0.95				
	305	1	31.535590015087717	6.218285355087719	0.0	0.0	3	1.0256025317339994	-10.063080538231176	138.0	31	1.05	0.95				
	306	1	60.4062005922807	12.436570710175438	0.0	-100.0	3	1.0408166205640779	-10.90146584792169	138.0	32	1.05	0.95				
	307	2	55.52040495614035	11.10408099122807	0.0	0.0	3	0.9899357739006814	-15.650541991421372	138.0	32	1.05	0.95				
	308	1	75.95191398	15.545713387719298	0.0	0.0	3	0.9967158202679532	-13.641166860582643	138.0	32	1.05	0.95				
	309	1	77.72856693859649	15.989876627368421	0.0	0.0	3	1.024876110781601	-6.160417239997932	138.0	33	1.05	0.95				
	310	1	86.61183173157895	17.766529585964914	0.0	0.0	3	1.05	-9.174731376838801	138.0	33	1.05	0.95				
	311	1	0.0	0.0	0.0	0.0	3	1.0087129327477071	-4.351381024152487	230.0	33	1.05	0.95				
	312	1	0.0	0.0	0.0	0.0	3	1.0131643886146076	-3.714613690153562	230.0	33	1.05	0.95				
	313	2	117.70325850701752	23.984814941052633	0.0	0.0	3	1.0114101009272387	-1.2580219976707556	230.0	34	1.05	0.95				
	314	2	86.16766849192982	17.32236634631579	0.0	0.0	3	1.0056820268096491	-3.6417783782806703	230.0	36	1.05	0.95				
	315	2	140.79974696877193	28.42644733754386	0.0	0.0	3	1.0369654844983582	0.06423518855546535	230.0	36	1.05	0.95				
	316	2	44.41632396491228	8.883264792982457	0.0	0.0	3	1.0329992098529004	0.005571486710580018	230.0	36	1.05	0.95				
	317	1	0.0	0.0	0.0	0.0	3	1.0418055587794683	2.9866157755185556	230.0	37	1.05	0.95				
	318	2	147.9063588031579	30.20310029614035	0.0	0.0	3	1.0391627200808882	1.7828515033287895	230.0	37	1.05	0.95				
	319	1	80.39354637649123	16.434039867017542	0.0	0.0	3	1.02758674701982	-0.4598447675757889	230.0	35	1.05	0.95				
	320	1	56.85289467508772	11.548244230877193	0.0	0.0	3	1.025930111388932	-0.0015001991920164787	230.0	35	1.05	0.95				
	321	2	0.0	0.0	0.0	0.0	3	1.0401016393509337	1.7842886851032356	230.0	37	1.05	0.95				
	322	2	0.0	0.0	0.0	0.0	3	1.05	6.576179163952097	230.0	37	1.05	0.95				
	323	2	0.0	0.0	0.0	0.0	3	1.0257554495061636	0.5941076538286378	230.0	35	1.05	0.95				
	324	1	0.0	0.0	0.0	0.0	3	1.036841225009643	0.5852485931209013	230.0	36	1.05	0.95				
	325	1	0.0	0.0	0.0	0.0	3	1.0245299323622687	1.6681387552063531	230.0	35	1.05	0.95				
];
