%% MATPOWER Case Format : Version 2
function mpc = RTS_GMLC
mpc.version = '2';

%%-----  Power Flow Data  -----%%
%% system MVA base
mpc.baseMVA = 100.0;
%% bus data
%    bus_i    type    Pd    Qd    Gs    Bs    area    Vm    Va    baseKV    zone    Vmax    Vmin
mpc.bus = [
	101	2	40.132607608421054	8.175160809122808	0.0	0.0	1	1.0310651145460834	3.2366578637918924	138.0	11	1.05	0.95				
	102	2	36.04502720385965	7.431964371929825	0.0	0.0	1	1.0301662100350877	2.9764574882279056	138.0	12	1.05	0.95				
	103	1	66.88767934736842	13.749134088070175	0.0	0.0	1	1.0307839843783702	1.5483519957124057	138.0	11	1.05	0.95				
	104	1	27.49826817614035	5.573973278947368	0.0	0.0	1	1.0211898052740715	-0.13192909312053436	138.0	11	1.05	0.95				
	105	1	26.383473520350876	5.202375060350878	0.0	0.0	1	1.0353361038723545	0.10163656009975026	138.0	11	1.05	0.95				
	106	1	50.53735772912281	10.404750120701756	0.0	-100.0	1	1.0462901547764742	-2.0798590493951297	138.0	12	1.05	0.95				
	107	2	46.4497773245614	9.28995546491228	0.0	0.0	1	1.0001450225223814	-7.975590514875875	138.0	12	1.05	0.95				
	108	1	63.543295379999996	13.005937650877192	0.0	0.0	1	1.005795345496887	-6.391401637660145	138.0	12	1.05	0.95				
	109	1	65.02968825438596	13.377535869473684	0.0	0.0	1	1.0249094856134444	-1.1582123346290556	138.0	13	1.05	0.95				
	110	1	72.46165262631578	14.86392874385965	0.0	0.0	1	1.05	-1.8959135786797263	138.0	13	1.05	0.95				
	111	1	0.0	0.0	0.0	0.0	1	1.002610265185013	0.34360471435576073	230.0	13	1.05	0.95				
	112	1	0.0	0.0	0.0	0.0	1	1.0080673313637167	0.47654752974941483	230.0	13	1.05	0.95				
	113	3	98.47352792807017	20.066303804210527	0.0	0.0	1	0.9931050572845993	-1.3858540661115145e-31	230.0	14	1.05	0.95				
	114	2	72.0900544077193	14.492330525263158	0.0	0.0	1	0.9992999725543398	2.6467305818088787	230.0	16	1.05	0.95				
	115	2	117.79663529508773	23.78228599017544	0.0	0.0	1	1.0394314622286063	8.455163897490273	230.0	16	1.05	0.95				
	116	2	37.15982185964912	7.431964371929825	0.0	0.0	1	1.0350228601840987	7.969410371354939	230.0	16	1.05	0.95				
	117	1	0.0	0.0	0.0	0.0	1	1.0422194485534202	10.253696601227137	230.0	17	1.05	0.95				
	118	2	123.74220679263158	25.268678864561405	0.0	0.0	1	1.0461808881511823	10.029793735046182	230.0	17	1.05	0.95				
	119	1	67.25927756596491	13.749134088070175	0.0	0.0	1	1.0280905509433886	6.6292485333150495	230.0	15	1.05	0.95				
	120	1	47.56457198035088	9.661553683508773	0.0	0.0	1	1.0245565454557533	6.17964304658664	230.0	15	1.05	0.95				
	121	2	0.0	0.0	0.0	0.0	1	1.05	10.680006915357538	230.0	17	1.05	0.95				
	122	2	0.0	0.0	0.0	0.0	1	1.05	21.17565544177649	230.0	17	1.05	0.95				
	123	2	0.0	0.0	0.0	0.0	1	1.0228580015953594	6.221192779180123	230.0	15	1.05	0.95				
	124	1	0.0	0.0	0.0	0.0	1	1.0270865682634434	5.86933923105329	230.0	16	1.05	0.95				
	201	2	45.66157719157894	9.301432390877192	0.0	0.0	2	1.0243372959323989	-9.27550253340319	138.0	21	1.05	0.95				
	202	2	41.010860996140345	8.455847628070174	0.0	0.0	2	1.025327178881926	-9.09525719689627	138.0	22	1.05	0.95				
	203	1	76.10262865263158	15.64331811192982	0.0	0.0	2	1.0176040653323568	-8.06982808394031	138.0	21	1.05	0.95				
	204	1	31.28663622385964	6.34188572105263	0.0	0.0	2	1.0173085562207502	-10.900169977635134	138.0	21	1.05	0.95				
	205	1	30.018259079649116	5.919093339649123	0.0	0.0	2	1.031941524400044	-11.20973008298171	138.0	21	1.05	0.95				
	206	1	57.49976387087719	11.838186679298246	0.0	-100.0	2	1.0443268921242144	-12.670375146186357	138.0	22	1.05	0.95				
	207	2	52.849047675438584	10.569809535087717	0.0	0.0	2	0.990020027646637	-18.784281991441	138.0	22	1.05	0.95				
	208	1	72.29749721999998	14.797733349122804	0.0	0.0	2	0.9973051600703914	-16.886003347280163	138.0	22	1.05	0.95				
	209	1	73.98866674561403	15.220525730526314	0.0	0.0	2	1.0226827091848305	-10.63644065130603	138.0	23	1.05	0.95				
	210	1	82.4445143736842	16.911695256140348	0.0	0.0	2	1.05	-11.809939996312428	138.0	23	1.05	0.95				
	211	1	0.0	0.0	0.0	0.0	2	1.0053996950987547	-8.109515906962384	230.0	23	1.05	0.95				
	212	1	0.0	0.0	0.0	0.0	2	1.0100465230313374	-7.811665265751732	230.0	23	1.05	0.95				
	213	2	112.0399810719298	22.83078859578947	0.0	0.0	2	0.9993265075015041	-7.45951863291206	230.0	24	1.05	0.95				
	214	2	82.02172199228069	16.48890287473684	0.0	0.0	2	1.0064526999227774	-5.454118343481239	230.0	26	1.05	0.95				
	215	2	134.02518490491227	27.058712409824558	0.0	0.0	2	1.0257104151976546	1.262687793642357	230.0	26	1.05	0.95				
	216	2	42.27923814035087	8.455847628070174	0.0	0.0	2	1.028035539221158	0.8260579174118239	230.0	26	1.05	0.95				
	217	1	0.0	0.0	0.0	0.0	2	1.0326251774767163	3.651841010970603	230.0	27	1.05	0.95				
	218	2	140.7898630073684	28.749881935438594	0.0	0.0	2	1.0336167775073113	3.8229043588973117	230.0	27	1.05	0.95				
	219	1	76.52542103403508	15.64331811192982	0.0	0.0	2	1.028774840573968	-0.46145056281375973	230.0	25	1.05	0.95				
	220	1	54.117424819649116	10.992601916491228	0.0	0.0	2	1.032452625965406	-0.7552623426091003	230.0	25	1.05	0.95				
	221	2	0.0	0.0	0.0	0.0	2	1.0339744207539963	3.7435345481143494	230.0	27	1.05	0.95				
	222	2	0.0	0.0	0.0	0.0	2	1.05	10.20355944712391	230.0	27	1.05	0.95				
	223	2	0.0	0.0	0.0	0.0	2	1.0349495963562685	-0.5959573466204371	230.0	25	1.05	0.95				
	224	1	0.0	0.0	0.0	0.0	2	1.011138448659831	-2.239412464245418	230.0	26	1.05	0.95				
	301	2	50.72002529684211	10.331857004912282	0.0	0.0	3	1.005054450795388	-30.443966974264118	138.0	31	1.05	0.95				
	302	2	45.55409679438597	9.392597277192984	0.0	0.0	3	1.0046665419577836	-30.550309485350553	138.0	32	1.05	0.95				
	303	1	84.53337549473684	17.37630496280702	0.0	0.0	3	1.0223194848794717	-25.005093522080134	138.0	31	1.05	0.95				
	304	1	34.75260992561404	7.044447957894737	0.0	0.0	3	1.0083978787474666	-28.953208964986665	138.0	31	1.05	0.95				
	305	1	33.34372033403509	6.574818094035089	0.0	0.0	3	1.0212367636764201	-29.695474402429873	138.0	31	1.05	0.95				
	306	1	63.869661484912285	13.149636188070177	0.0	-100.0	3	1.0383924275844505	-29.826938189431253	138.0	32	1.05	0.95				
	307	2	58.703732982456145	11.74074659649123	0.0	0.0	3	0.9914149549166349	-35.055930947309236	138.0	32	1.05	0.95				
	308	1	80.30670672000001	16.43704523508772	0.0	0.0	3	0.9970029953741533	-32.910613941908835	138.0	32	1.05	0.95				
	309	1	82.18522617543861	16.906675098947368	0.0	0.0	3	1.02671145764813	-25.72992923513092	138.0	33	1.05	0.95				
	310	1	91.57782345263159	18.785194554385967	0.0	0.0	3	1.05	-27.437736939572424	138.0	33	1.05	0.95				
	311	1	0.0	0.0	0.0	0.0	3	1.0116985021978169	-21.241579825298402	230.0	33	1.05	0.95				
	312	1	0.0	0.0	0.0	0.0	3	1.015032875146234	-20.382453216555977	230.0	33	1.05	0.95				
	313	2	124.45191392280704	25.360012648421055	0.0	0.0	3	1.0171220785343227	-17.29150010747739	230.0	34	1.05	0.95				
	314	2	91.10819358877194	18.31556469052632	0.0	0.0	3	1.0156408995779636	-19.31274969692372	230.0	36	1.05	0.95				
	315	2	148.87266684350877	30.056311287017547	0.0	0.0	3	1.0398384050608513	-14.81952856938803	230.0	36	1.05	0.95				
	316	2	46.96298638596492	9.392597277192984	0.0	0.0	3	1.0406928035529142	-13.80727998906367	230.0	36	1.05	0.95				
	317	1	0.0	0.0	0.0	0.0	3	1.0440538752647706	-12.124961453887053	230.0	37	1.05	0.95				
	318	2	156.38674466526317	31.934830742456143	0.0	0.0	3	1.0427116209298906	-12.166554620220912	230.0	37	1.05	0.95				
	319	1	85.00300535859651	17.37630496280702	0.0	0.0	3	1.0408780611006525	-13.966106335037225	230.0	35	1.05	0.95				
	320	1	60.11262257403509	12.21037646035088	0.0	0.0	3	1.0442881602686531	-13.215003901382529	230.0	35	1.05	0.95				
	321	2	0.0	0.0	0.0	0.0	3	1.043192021173947	-12.529700927901505	230.0	37	1.05	0.95				
	322	2	0.0	0.0	0.0	0.0	3	1.05	-8.04294046524688	230.0	37	1.05	0.95				
	323	2	0.0	0.0	0.0	0.0	3	1.0470589807455626	-12.45698085424002	230.0	35	1.05	0.95				
	324	1	0.0	0.0	0.0	0.0	3	1.0205766252561421	-18.607712412968816	230.0	36	1.05	0.95				
	325	1	0.0	0.0	0.0	0.0	3	1.0377301730494755	-10.588662175960451	230.0	35	1.05	0.95				
];
