%% MATPOWER Case Format : Version 2
function mpc = RTS_GMLC
mpc.version = '2';

%%-----  Power Flow Data  -----%%
%% system MVA base
mpc.baseMVA = 100.0;
%% bus data
%    bus_i    type    Pd    Qd    Gs    Bs    area    Vm    Va    baseKV    zone    Vmax    Vmin
mpc.bus = [
	101	2	42.93814941473684	8.746660065964912	0.0	0.0	1	1.0357321648285442	3.1745739364267984	138.0	11	1.05	0.95				
	102	2	38.56481938175438	7.951509150877194	0.0	0.0	1	1.0353346425088075	3.0475659971310893	138.0	12	1.05	0.95				
	103	1	71.56358235789475	14.710291929122807	0.0	0.0	1	1.029898120447881	0.39889932411300427	138.0	11	1.05	0.95				
	104	1	29.420583858245614	5.963631863157894	0.0	0.0	1	1.0228441431259587	-0.430981273323439	138.0	11	1.05	0.95				
	105	1	28.227857485614035	5.566056405614036	0.0	0.0	1	1.0372431411545362	-0.1352589462055709	138.0	11	1.05	0.95				
	106	1	54.07026222596492	11.132112811228073	0.0	-100.0	1	1.0466413028109505	-2.4045087517022505	138.0	12	1.05	0.95				
	107	2	49.69693219298246	9.939386438596491	0.0	0.0	1	1.0004076720179018	-7.517055464297934	138.0	12	1.05	0.95				
	108	1	67.98540324	13.915141014035088	0.0	0.0	1	1.0056045186140206	-6.40216427152939	138.0	12	1.05	0.95				
	109	1	69.57570507017545	14.312716471578945	0.0	0.0	1	1.02496276783778	-1.6745915312543895	138.0	13	1.05	0.95				
	110	1	77.52721422105263	15.903018301754388	0.0	0.0	1	1.05	-2.246405541180518	138.0	13	1.05	0.95				
	111	1	0.0	0.0	0.0	0.0	1	1.0027307621692172	-0.22351729973125722	230.0	13	1.05	0.95				
	112	1	0.0	0.0	0.0	0.0	1	1.0078276008593459	0.23413457937049617	230.0	13	1.05	0.95				
	113	3	105.3574962491228	21.46907470736842	0.0	0.0	1	0.9933197764478241	2.4654655230274903e-27	230.0	14	1.05	0.95				
	114	2	77.12963876350877	15.505442844210526	0.0	0.0	1	0.9987803001321552	1.449597329010035	230.0	16	1.05	0.95				
	115	2	126.0314200414035	25.444829282807017	0.0	0.0	1	1.038333290310763	6.23575254947151	230.0	16	1.05	0.95				
	116	2	39.757545754385966	7.951509150877194	0.0	0.0	1	1.0333870926616802	6.084356626363535	230.0	16	1.05	0.95				
	117	1	0.0	0.0	0.0	0.0	1	1.0421992173203531	7.449666167965701	230.0	17	1.05	0.95				
	118	2	132.39262736210526	27.03513111298246	0.0	0.0	1	1.0451821319624692	7.212374525401643	230.0	17	1.05	0.95				
	119	1	71.9611578154386	14.710291929122807	0.0	0.0	1	1.0266752209098458	5.382070382159928	230.0	15	1.05	0.95				
	120	1	50.889658565614035	10.336961896140352	0.0	0.0	1	1.0233838482569926	5.544366590244073	230.0	15	1.05	0.95				
	121	2	0.0	0.0	0.0	0.0	1	1.05	7.897376894077204	230.0	17	1.05	0.95				
	122	2	0.0	0.0	0.0	0.0	1	1.05	14.750564486011735	230.0	17	1.05	0.95				
	123	2	0.0	0.0	0.0	0.0	1	1.0220209617266918	5.944558709420238	230.0	15	1.05	0.95				
	124	1	0.0	0.0	0.0	0.0	1	1.027079301865084	4.0532909528849705	230.0	16	1.05	0.95				
	201	2	45.16858178526316	9.201007400701753	0.0	0.0	2	1.0271737914037107	-6.092167565833441	138.0	21	1.05	0.95				
	202	2	40.56807808491228	8.36455218245614	0.0	0.0	2	1.0278941524634748	-5.962927625087792	138.0	22	1.05	0.95				
	203	1	75.28096964210526	15.474421537543858	0.0	0.0	2	1.0186326095396736	-6.072311114704933	138.0	21	1.05	0.95				
	204	1	30.948843075087716	6.2734141368421055	0.0	0.0	2	1.0186588476468805	-8.068024606057088	138.0	21	1.05	0.95				
	205	1	29.694160247719292	5.855186527719298	0.0	0.0	2	1.033373162358793	-8.21985021450935	138.0	21	1.05	0.95				
	206	1	56.87895484070176	11.710373055438597	0.0	-100.0	2	1.0449914143445937	-9.795166626911792	138.0	22	1.05	0.95				
	207	2	52.27845114035088	10.455690228070175	0.0	0.0	2	0.9897061475088637	-16.017237893388664	138.0	22	1.05	0.95				
	208	1	71.51692116	14.637966319298243	0.0	0.0	2	0.997389586878433	-14.146330304597319	138.0	22	1.05	0.95				
	209	1	73.18983159649122	15.056193928421052	0.0	0.0	2	1.0229949316829863	-8.075419732312822	138.0	23	1.05	0.95				
	210	1	81.55438377894735	16.72910436491228	0.0	0.0	2	1.05	-9.0373204477142	138.0	23	1.05	0.95				
	211	1	0.0	0.0	0.0	0.0	2	1.0044117981871106	-5.586771247305563	230.0	23	1.05	0.95				
	212	1	0.0	0.0	0.0	0.0	2	1.009507544175721	-5.182881979960363	230.0	23	1.05	0.95				
	213	2	110.83031641754384	22.58429089263158	0.0	0.0	2	0.9978273463165405	-4.859832857116273	230.0	24	1.05	0.95				
	214	2	81.13615616982456	16.310876755789472	0.0	0.0	2	1.0042348277423305	-3.1318561147940898	230.0	26	1.05	0.95				
	215	2	132.5781520919298	26.766566983859647	0.0	0.0	2	1.0262058789377364	3.0541607556545607	230.0	26	1.05	0.95				
	216	2	41.8227609122807	8.36455218245614	0.0	0.0	2	1.0278321639458745	2.822540645044553	230.0	26	1.05	0.95				
	217	1	0.0	0.0	0.0	0.0	2	1.0332109057380163	5.492576143148845	230.0	27	1.05	0.95				
	218	2	139.26979383789472	28.43947742035088	0.0	0.0	2	1.0347833996345097	5.961452242306348	230.0	27	1.05	0.95				
	219	1	75.69919725122807	15.474421537543858	0.0	0.0	2	1.0285368462327733	1.804151834150157	230.0	25	1.05	0.95				
	220	1	53.533133967719294	10.873917837192982	0.0	0.0	2	1.0320135457641104	1.7347529001782103	230.0	25	1.05	0.95				
	221	2	0.0	0.0	0.0	0.0	2	1.034853529089937	5.7531987339621065	230.0	27	1.05	0.95				
	222	2	0.0	0.0	0.0	0.0	2	1.05	12.147680532432547	230.0	27	1.05	0.95				
	223	2	0.0	0.0	0.0	0.0	2	1.0344061195771648	2.0139236701562275	230.0	25	1.05	0.95				
	224	1	0.0	0.0	0.0	0.0	2	1.012061372288577	-0.37220491261846317	230.0	26	1.05	0.95				
	301	2	54.37583045052633	11.076558054736845	0.0	0.0	3	1.0069172107576667	-30.130358776923487	138.0	31	1.05	0.95				
	302	2	48.8375514231579	10.069598231578949	0.0	0.0	3	1.0063750904724642	-30.261132976645023	138.0	32	1.05	0.95				
	303	1	90.62638408421054	18.628756728421056	0.0	0.0	3	1.0231264036237109	-23.668045674523004	138.0	31	1.05	0.95				
	304	1	37.25751345684211	7.552198673684211	0.0	0.0	3	1.0083106625010807	-28.57481373829646	138.0	31	1.05	0.95				
	305	1	35.74707372210526	7.048718762105264	0.0	0.0	3	1.0216990207915528	-29.414990468606636	138.0	31	1.05	0.95				
	306	1	68.47326797473686	14.097437524210529	0.0	-100.0	3	1.0378148747537272	-29.594953885519725	138.0	32	1.05	0.95				
	307	2	62.93498894736843	12.586997789473687	0.0	0.0	3	0.9919275195397541	-35.279291717703536	138.0	32	1.05	0.95				
	308	1	86.09506488000001	17.62179690526316	0.0	0.0	3	0.9957779814553541	-32.94416150489813	138.0	32	1.05	0.95				
	309	1	88.10898452631581	18.125276816842106	0.0	0.0	3	1.0266065443612784	-25.14033516394598	138.0	33	1.05	0.95				
	310	1	98.17858275789474	20.139196463157898	0.0	0.0	3	1.05	-27.082055813206658	138.0	33	1.05	0.95				
	311	1	0.0	0.0	0.0	0.0	3	1.014128275309536	-20.36671822589922	230.0	33	1.05	0.95				
	312	1	0.0	0.0	0.0	0.0	3	1.0151270861321116	-19.818748305630944	230.0	33	1.05	0.95				
	313	2	133.42217656842107	27.187915225263165	0.0	0.0	3	1.019234211203182	-16.691488338052334	230.0	34	1.05	0.95				
	314	2	97.6751028463158	19.635716551578952	0.0	0.0	3	1.0223506013372525	-17.834921385688684	230.0	36	1.05	0.95				
	315	2	159.60313197052633	32.22271434105264	0.0	0.0	3	1.0460234897763934	-11.678211656411547	230.0	36	1.05	0.95				
	316	2	50.34799115789475	10.069598231578949	0.0	0.0	3	1.045127906136863	-11.272118310384213	230.0	36	1.05	0.95				
	317	1	0.0	0.0	0.0	0.0	3	1.047457044706155	-9.033208529159745	230.0	37	1.05	0.95				
	318	2	167.6588105557895	34.23663398736843	0.0	0.0	3	1.0476152114200579	-8.47076226567252	230.0	37	1.05	0.95				
	319	1	91.12986399578949	18.628756728421056	0.0	0.0	3	1.0420991012940266	-12.26382921114461	230.0	35	1.05	0.95				
	320	1	64.44542868210527	13.090477701052633	0.0	0.0	3	1.0432094317292349	-12.176445015275641	230.0	35	1.05	0.95				
	321	2	0.0	0.0	0.0	0.0	3	1.0499999915749751	-8.071425313039294	230.0	37	1.05	0.95				
	322	2	0.0	0.0	0.0	0.0	3	1.05	-4.1045105908844945	230.0	37	1.05	0.95				
	323	2	0.0	0.0	0.0	0.0	3	1.0446862653882678	-11.755367167325053	230.0	35	1.05	0.95				
	324	1	0.0	0.0	0.0	0.0	3	1.0223666197844052	-16.119306018136612	230.0	36	1.05	0.95				
	325	1	0.0	0.0	0.0	0.0	3	1.0379291532999528	-10.149383587195405	230.0	35	1.05	0.95				
];
