%% MATPOWER Case Format : Version 2
function mpc = RTS_GMLC
mpc.version = '2';

%%-----  Power Flow Data  -----%%
%% system MVA base
mpc.baseMVA = 100.0;
%% bus data
%    bus_i    type    Pd    Qd    Gs    Bs    area    Vm    Va    baseKV    zone    Vmax    Vmin
mpc.bus = [
	101	2	43.21870362947369	8.803809998596492	0.0	0.0	1	1.0054825680657524	-7.4448352015211094	138.0	11	1.05	0.95				
	102	2	38.81679863017544	8.003463635087721	0.0	0.0	1	1.0057311429565239	-7.628208322836629	138.0	12	1.05	0.95				
	103	1	72.03117271578948	14.806407724912281	0.0	0.0	1	0.9966025892513617	-0.6747264988564774	138.0	11	1.05	0.95				
	104	1	29.612815449824563	6.0025977263157895	0.0	0.0	1	0.9982880552952952	-6.392490406867371	138.0	11	1.05	0.95				
	105	1	28.412295904561404	5.602424544561405	0.0	0.0	1	1.0133163715122098	-7.45690303217806	138.0	11	1.05	0.95				
	106	1	54.423552718596504	11.20484908912281	0.0	-100.0	1	1.0258848300235048	-7.963822129335082	138.0	12	1.05	0.95				
	107	2	50.021647719298244	10.00432954385965	0.0	0.0	1	0.9877837906713999	-9.579305060396464	138.0	12	1.05	0.95				
	108	1	68.42961408000001	14.006061361403507	0.0	0.0	1	0.9895171422751112	-9.003872166064435	138.0	12	1.05	0.95				
	109	1	70.03030680701755	14.406234543157895	0.0	0.0	1	1.0021975723718544	-4.104232744579293	138.0	13	1.05	0.95				
	110	1	78.03377044210526	16.006927270175442	0.0	0.0	1	1.030922643023781	-6.138961318478614	138.0	13	1.05	0.95				
	111	1	0.0	0.0	0.0	0.0	1	0.9835499637797991	-0.8657711305937099	230.0	13	1.05	0.95				
	112	1	0.0	0.0	0.0	0.0	1	0.9834600441186786	-1.7249883227856846	230.0	13	1.05	0.95				
	113	3	106.04589316491229	21.609351814736844	0.0	0.0	1	0.9668139818221858	-7.443086589877795e-29	230.0	14	1.05	0.95				
	114	2	77.63359726035088	15.606754088421054	0.0	0.0	1	0.9956267904122794	2.7534608335887643	230.0	16	1.05	0.95				
	115	2	126.85489861614036	25.6110836322807	0.0	0.0	1	0.9919744085655207	12.245433942404473	230.0	16	1.05	0.95				
	116	2	40.0173181754386	8.003463635087721	0.0	0.0	1	0.9912361627659106	10.666018767561017	230.0	16	1.05	0.95				
	117	1	0.0	0.0	0.0	0.0	1	0.9936137531493558	16.64687355659782	230.0	17	1.05	0.95				
	118	2	133.25766952421054	27.211776359298252	0.0	0.0	1	1.002775491281134	17.242321628911732	230.0	17	1.05	0.95				
	119	1	72.43134589754386	14.806407724912281	0.0	0.0	1	0.9910157582514983	6.910981579687585	230.0	15	1.05	0.95				
	120	1	51.2221672645614	10.404502725614035	0.0	0.0	1	0.9960812132261714	4.169819026713615	230.0	15	1.05	0.95				
	121	2	0.0	0.0	0.0	0.0	1	1.0032486854826717	18.609726088401462	230.0	17	1.05	0.95				
	122	2	0.0	0.0	0.0	0.0	1	1.0083587520531352	36.40264657063829	230.0	17	1.05	0.95				
	123	2	0.0	0.0	0.0	0.0	1	0.9999200247942012	2.9980101495846236	230.0	15	1.05	0.95				
	124	1	0.0	0.0	0.0	0.0	1	0.9781140477028549	7.335667543310159	230.0	16	1.05	0.95				
	201	2	41.68361402526316	8.491106560701754	0.0	0.0	2	1.011147094704704	-7.667905710079567	138.0	21	1.05	0.95				
	202	2	37.438060744912285	7.7191877824561415	0.0	0.0	2	1.0100150654599163	-7.810428186308976	138.0	22	1.05	0.95				
	203	1	69.47269004210527	14.28049739754386	0.0	0.0	2	0.9976776338272804	-6.272061283135812	138.0	21	1.05	0.95				
	204	1	28.56099479508772	5.789390836842105	0.0	0.0	2	1.0020559767877961	-6.851170541768895	138.0	21	1.05	0.95				
	205	1	27.4031166277193	5.403431447719298	0.0	0.0	2	1.017905618671217	-7.08767381845063	138.0	21	1.05	0.95				
	206	1	52.49047692070176	10.806862895438597	0.0	-100.0	2	1.0299495781967591	-7.2526636346090525	138.0	22	1.05	0.95				
	207	2	48.244923640350876	9.648984728070175	0.0	0.0	2	0.9718935017297047	-11.851769427430664	138.0	22	1.05	0.95				
	208	1	65.99905554	13.508578619298245	0.0	0.0	2	0.9814133485309148	-10.100833785067158	138.0	22	1.05	0.95				
	209	1	67.54289309649123	13.894538008421053	0.0	0.0	2	1.007033738997451	-4.417243575277974	138.0	23	1.05	0.95				
	210	1	75.26208087894737	15.438375564912283	0.0	0.0	2	1.0342903886676134	-5.225444955716842	138.0	23	1.05	0.95				
	211	1	0.0	0.0	0.0	0.0	2	0.9867790457658226	-2.2546109662200156	230.0	23	1.05	0.95				
	212	1	0.0	0.0	0.0	0.0	2	0.9887991674838248	3.1575835547072804	230.0	23	1.05	0.95				
	213	2	102.27923811754387	20.84180701263158	0.0	0.0	2	0.9818149945347288	0.5184222860178489	230.0	24	1.05	0.95				
	214	2	74.87612148982457	15.052416175789475	0.0	0.0	2	0.9821882287270224	-1.9674906801167704	230.0	26	1.05	0.95				
	215	2	122.34912635192983	24.70140090385965	0.0	0.0	2	0.9908563888396276	0.6737827787691246	230.0	26	1.05	0.95				
	216	2	38.5959389122807	7.7191877824561415	0.0	0.0	2	0.988870415543874	0.9878889733750883	230.0	26	1.05	0.95				
	217	1	0.0	0.0	0.0	0.0	2	0.9998783344767237	1.7032359790882912	230.0	27	1.05	0.95				
	218	2	128.52447657789475	26.24523846035088	0.0	0.0	2	1.0005521146401593	1.1649165404133648	230.0	27	1.05	0.95				
	219	1	69.85864943122807	14.28049739754386	0.0	0.0	2	0.9817544704222435	2.4560877740419613	230.0	25	1.05	0.95				
	220	1	49.4028018077193	10.034944117192984	0.0	0.0	2	0.97897914561079	4.570340570514623	230.0	25	1.05	0.95				
	221	2	0.0	0.0	0.0	0.0	2	1.002640413936426	1.6287201475241861	230.0	27	1.05	0.95				
	222	2	0.0	0.0	0.0	0.0	2	1.0204451560981476	6.803038519765288	230.0	27	1.05	0.95				
	223	2	0.0	0.0	0.0	0.0	2	0.9788703469315164	6.065902765339007	230.0	25	1.05	0.95				
	224	1	0.0	0.0	0.0	0.0	2	0.9847169570384824	-1.9744744812503516	230.0	26	1.05	0.95				
	301	2	63.839924071578956	13.004428977543862	0.0	0.0	3	1.0013317660405137	28.015600826632856	138.0	31	1.05	0.95				
	302	2	57.337709582807015	11.822208161403509	0.0	0.0	3	1.0020228883865203	27.622715716679135	138.0	32	1.05	0.95				
	303	1	106.39987345263158	21.87108509859649	0.0	0.0	3	1.0152320803610848	43.96369595554929	138.0	31	1.05	0.95				
	304	1	43.74217019719298	8.866656121052632	0.0	0.0	3	0.9915023574694142	29.431689440823085	138.0	31	1.05	0.95				
	305	1	41.968838972982454	8.275545712982456	0.0	0.0	3	1.009695069188262	27.318495205044485	138.0	31	1.05	0.95				
	306	1	80.39101549754388	16.551091425964913	0.0	-100.0	3	1.0211471596509891	26.24329211893355	138.0	32	1.05	0.95				
	307	2	73.88880100877194	14.777760201754386	0.0	0.0	3	0.9665552878885003	23.29521764568785	138.0	32	1.05	0.95				
	308	1	101.07987978	20.68886428245614	0.0	0.0	3	0.9774769820558539	26.067387044793247	138.0	32	1.05	0.95				
	309	1	103.4443214122807	21.279974690526316	0.0	0.0	3	1.0037639116294519	33.44185120792538	138.0	33	1.05	0.95				
	310	1	115.26652957368422	23.644416322807018	0.0	0.0	3	1.0333373967715334	28.571557829700318	138.0	33	1.05	0.95				
	311	1	0.0	0.0	0.0	0.0	3	0.9953711801534043	33.05367219419953	230.0	33	1.05	0.95				
	312	1	0.0	0.0	0.0	0.0	3	1.0022149287699291	33.23168813264564	230.0	33	1.05	0.95				
	313	2	156.64425813859648	31.919962035789478	0.0	0.0	3	1.0038443032356463	35.264896878085686	230.0	34	1.05	0.95				
	314	2	114.67541916561403	23.053305914736843	0.0	0.0	3	0.9890053535230408	33.231113482760506	230.0	36	1.05	0.95				
	315	2	187.38199935824562	37.83106611649123	0.0	0.0	3	0.9885228461395417	32.371833777434205	230.0	36	1.05	0.95				
	316	2	59.111040807017545	11.822208161403509	0.0	0.0	3	0.981838365544624	32.60246606007873	230.0	36	1.05	0.95				
	317	1	0.0	0.0	0.0	0.0	3	0.9943118385678935	35.00275666100705	230.0	37	1.05	0.95				
	318	2	196.83976588736843	40.19550774877194	0.0	0.0	3	0.9873440383648205	31.114733756565066	230.0	37	1.05	0.95				
	319	1	106.99098386070176	21.87108509859649	0.0	0.0	3	0.9907408004427337	32.098920144029506	230.0	35	1.05	0.95				
	320	1	75.66213223298246	15.368870609824562	0.0	0.0	3	1.000155876013087	31.299671689186756	230.0	35	1.05	0.95				
	321	2	0.0	0.0	0.0	0.0	3	0.9958770235181448	32.02152895999722	230.0	37	1.05	0.95				
	322	2	0.0	0.0	0.0	0.0	3	1.0130977018607674	36.04398225471099	230.0	37	1.05	0.95				
	323	2	0.0	0.0	0.0	0.0	3	1.0054899578027032	30.80711326875128	230.0	35	1.05	0.95				
	324	1	0.0	0.0	0.0	0.0	3	0.9970871826538701	38.19862242801443	230.0	36	1.05	0.95				
