%% MATPOWER Case Format : Version 2
function mpc = RTS_GMLC
mpc.version = '2';

%%-----  Power Flow Data  -----%%
%% system MVA base
mpc.baseMVA = 100.0;
%% bus data
%    bus_i    type    Pd    Qd    Gs    Bs    area    Vm    Va    baseKV    zone    Vmax    Vmin
mpc.bus = [
	101	2	44.82187037052633	9.13038100140351	0.0	0.0	1	1.034369518361137	2.6279404017297385	138.0	11	1.05	0.95				
	102	2	40.256679869824566	8.300346364912281	0.0	0.0	1	1.0339813647471583	2.5011035561347255	138.0	12	1.05	0.95				
	103	1	74.70311728421053	15.35564077508772	0.0	0.0	1	1.0292197884123369	-0.10289733835917532	138.0	11	1.05	0.95				
	104	1	30.71128155017544	6.225259773684211	0.0	0.0	1	1.0220673251155374	-0.9202290431501086	138.0	11	1.05	0.95				
	105	1	29.466229595438598	5.810242455438598	0.0	0.0	1	1.0363682213334227	-0.633568228386354	138.0	11	1.05	0.95				
	106	1	56.44235528140351	11.620484910877195	0.0	-100.0	1	1.045873202478807	-2.8884416501276453	138.0	12	1.05	0.95				
	107	2	51.877164780701754	10.37543295614035	0.0	0.0	1	1.0003349985265624	-8.130894427052766	138.0	12	1.05	0.95				
	108	1	70.96796142000001	14.525606138596492	0.0	0.0	1	1.0049923687259759	-6.9700665944227485	138.0	12	1.05	0.95				
	109	1	72.62803069298246	14.940623456842106	0.0	0.0	1	1.02518009438633	-2.0419144662495237	138.0	13	1.05	0.95				
	110	1	80.92837705789474	16.600692729824562	0.0	0.0	1	1.05	-2.6355790086660544	138.0	13	1.05	0.95				
	111	1	0.0	0.0	0.0	0.0	1	1.0035683032048701	-0.4498713741497013	230.0	13	1.05	0.95				
	112	1	0.0	0.0	0.0	0.0	1	1.0089236453917272	0.1825941983755585	230.0	13	1.05	0.95				
	113	3	109.97958933508771	22.410935185263163	0.0	0.0	1	0.9956371528106169	3.0293509391779337e-30	230.0	14	1.05	0.95				
	114	2	80.51335973964913	16.18567541157895	0.0	0.0	1	0.9994138935192984	1.1745574725636339	230.0	16	1.05	0.95				
	115	2	131.56048988385965	26.5611083677193	0.0	0.0	1	1.0387527740054334	5.841293535268796	230.0	16	1.05	0.95				
	116	2	41.5017318245614	8.300346364912281	0.0	0.0	1	1.0343408958578781	5.847703402604311	230.0	16	1.05	0.95				
	117	1	0.0	0.0	0.0	0.0	1	1.042485079256481	7.14921018255876	230.0	17	1.05	0.95				
	118	2	138.2007669757895	28.221177640701754	0.0	0.0	1	1.0453760061621669	6.770955722118159	230.0	17	1.05	0.95				
	119	1	75.11813460245614	15.35564077508772	0.0	0.0	1	1.0287515067902913	5.4592974911459535	230.0	15	1.05	0.95				
	120	1	53.1222167354386	10.790450274385964	0.0	0.0	1	1.0265810108921185	5.927473331587695	230.0	15	1.05	0.95				
	121	2	0.0	0.0	0.0	0.0	1	1.05	7.36715413065099	230.0	17	1.05	0.95				
	122	2	0.0	0.0	0.0	0.0	1	1.05	15.262826309132913	230.0	17	1.05	0.95				
	123	2	0.0	0.0	0.0	0.0	1	1.025984381708011	6.506930968199342	230.0	15	1.05	0.95				
	124	1	0.0	0.0	0.0	0.0	1	1.0269853892758303	3.621366173288703	230.0	16	1.05	0.95				
	201	2	47.93955612631579	9.765465136842105	0.0	0.0	2	1.0294683356985252	-6.353320792187258	138.0	21	1.05	0.95				
	202	2	43.05682355789473	8.87769557894737	0.0	0.0	2	1.029870994188162	-6.316877661037323	138.0	22	1.05	0.95				
	203	1	79.89926021052631	16.423736821052632	0.0	0.0	2	1.0194034297635128	-6.583943727755715	138.0	21	1.05	0.95				
	204	1	32.847473642105264	6.658271684210526	0.0	0.0	2	1.0190235091482953	-8.748163827185325	138.0	21	1.05	0.95				
	205	1	31.515819305263154	6.214386905263158	0.0	0.0	2	1.0340359953199365	-8.823678555898244	138.0	21	1.05	0.95				
	206	1	60.3683299368421	12.428773810526316	0.0	-100.0	2	1.0445811403047378	-10.627733567044606	138.0	22	1.05	0.95				
	207	2	55.48559736842105	11.09711947368421	0.0	0.0	2	0.9877475891719902	-17.381853875288908	138.0	22	1.05	0.95				
	208	1	75.90429719999999	15.535967263157893	0.0	0.0	2	0.9952156350031899	-15.376552697407858	138.0	22	1.05	0.95				
	209	1	77.67983631578946	15.97985204210526	0.0	0.0	2	1.023125912011085	-8.925332184409928	138.0	23	1.05	0.95				
	210	1	86.55753189473683	17.75539115789474	0.0	0.0	2	1.05	-9.914166036154251	138.0	23	1.05	0.95				
	211	1	0.0	0.0	0.0	0.0	2	1.0059191472998188	-6.333421768125978	230.0	23	1.05	0.95				
	212	1	0.0	0.0	0.0	0.0	2	1.0109610021374031	-6.107326225808798	230.0	23	1.05	0.95				
	213	2	117.62946642105261	23.969778063157896	0.0	0.0	2	0.9994312835863556	-5.808429808282076	230.0	24	1.05	0.95				
	214	2	86.11364711578946	17.311506378947367	0.0	0.0	2	1.0075789177352916	-3.602680177884486	230.0	26	1.05	0.95				
	215	2	140.71147492631576	28.408625852631573	0.0	0.0	2	1.0302179004608933	3.1573438815523427	230.0	26	1.05	0.95				
	216	2	44.38847789473684	8.87769557894737	0.0	0.0	2	1.0323308855421576	2.8810918191086943	230.0	26	1.05	0.95				
	217	1	0.0	0.0	0.0	0.0	2	1.0371234986225348	5.9108005722376555	230.0	27	1.05	0.95				
	218	2	147.81363138947367	30.18416496842105	0.0	0.0	2	1.0391850772436366	6.549042716104205	230.0	27	1.05	0.95				
	219	1	80.34314498947369	16.423736821052632	0.0	0.0	2	1.0323090711439842	1.3505399030583003	230.0	25	1.05	0.95				
	220	1	56.817251705263146	11.541004252631579	0.0	0.0	2	1.0356814735727145	0.8795648957735859	230.0	25	1.05	0.95				
	221	2	0.0	0.0	0.0	0.0	2	1.0387179465161258	6.169978104377787	230.0	27	1.05	0.95				
	222	2	0.0	0.0	0.0	0.0	2	1.05	12.569006629410186	230.0	27	1.05	0.95				
	223	2	0.0	0.0	0.0	0.0	2	1.0380858249937237	0.9553612991529599	230.0	25	1.05	0.95				
	224	1	0.0	0.0	0.0	0.0	2	1.014108045758424	-0.4888526736979197	230.0	26	1.05	0.95				
	301	2	63.01993039578948	12.837393228771928	0.0	0.0	3	1.0099917301873813	-34.59883427627124	138.0	31	1.05	0.95				
	302	2	56.6012337814035	11.670357480701753	0.0	0.0	3	1.00908315085997	-34.81504782534392	138.0	32	1.05	0.95				
	303	1	105.03321732631579	21.590161339298245	0.0	0.0	3	1.0329953854119553	-24.889418248469962	138.0	31	1.05	0.95				
	304	1	43.18032267859649	8.752768110526315	0.0	0.0	3	1.0081543755113325	-32.97739385262123	138.0	31	1.05	0.95				
	305	1	41.429769056491224	8.169250236491228	0.0	0.0	3	1.022218327965079	-34.19231498782437	138.0	31	1.05	0.95				
	306	1	79.35843086877193	16.338500472982457	0.0	-100.0	3	1.0361364839319562	-34.617789836302244	138.0	32	1.05	0.95				
	307	2	72.93973425438595	14.587946850877193	0.0	0.0	3	0.9914529159010882	-41.31490738549411	138.0	32	1.05	0.95				
	308	1	99.78155646	20.423125591228068	0.0	0.0	3	0.9919368997301428	-38.532946617298144	138.0	32	1.05	0.95				
	309	1	102.11562795614036	21.006643465263156	0.0	0.0	3	1.0275124534077336	-29.096702860104543	138.0	33	1.05	0.95				
	310	1	113.78598543684211	23.340714961403506	0.0	0.0	3	1.05	-31.91224675254243	138.0	33	1.05	0.95				
	311	1	0.0	0.0	0.0	0.0	3	1.0191329900970325	-24.603088962651672	230.0	33	1.05	0.95				
	312	1	0.0	0.0	0.0	0.0	3	1.0182893879836405	-23.96786147711545	230.0	33	1.05	0.95				
	313	2	154.63223661929823	31.50996519789474	0.0	0.0	3	1.0265479559437023	-20.977084631217867	230.0	34	1.05	0.95				
	314	2	113.202467562807	22.75719708736842	0.0	0.0	3	1.0307114252993803	-21.935701246883024	230.0	36	1.05	0.95				
	315	2	184.9751660691228	37.34514393824561	0.0	0.0	3	1.0484622746367587	-14.938146472995289	230.0	36	1.05	0.95				
	316	2	58.35178740350877	11.670357480701753	0.0	0.0	3	1.0487812690941465	-14.665577562957461	230.0	36	1.05	0.95				
	317	1	0.0	0.0	0.0	0.0	3	1.0498117943517042	-12.016397967982607	230.0	37	1.05	0.95				
	318	2	194.3114520536842	39.679215434385966	0.0	0.0	3	1.0491724811786722	-11.479450442949148	230.0	37	1.05	0.95				
	319	1	105.61673520035089	21.590161339298245	0.0	0.0	3	1.0456861502355692	-15.79117787948433	230.0	35	1.05	0.95				
	320	1	74.69028787649123	15.171464724912282	0.0	0.0	3	1.0476764272494805	-15.67910996981555	230.0	35	1.05	0.95				
	321	2	0.0	0.0	0.0	0.0	3	1.05	-11.153559256672377	230.0	37	1.05	0.95				
	322	2	0.0	0.0	0.0	0.0	3	1.05	-7.1453880750726535	230.0	37	1.05	0.95				
	323	2	0.0	0.0	0.0	0.0	3	1.05	-15.191173471379132	230.0	35	1.05	0.95				
	324	1	0.0	0.0	0.0	0.0	3	1.0301465473167073	-18.646762187829417	230.0	36	1.05	0.95				
	325	1	0.0	0.0	0.0	0.0	3	1.0408375513024049	-13.37297876477847	230.0	35	1.05	0.95				
];
