%% MATPOWER Case Format : Version 2
function mpc = RTS_GMLC
mpc.version = '2';

%%-----  Power Flow Data  -----%%
%% system MVA base
mpc.baseMVA = 100.0;
%% bus data
%    bus_i    type    Pd    Qd    Gs    Bs    area    Vm    Va    baseKV    zone    Vmax    Vmin
mpc.bus = [
	101	2	45.63681347368421	9.29638792982456	0.0	0.0	1	1.0345345160378598	1.209285038812388	138.0	11	1.05	0.95				
	102	2	40.988619508771926	8.451261754385964	0.0	0.0	1	1.0336674521423284	0.9341515355180421	138.0	12	1.05	0.95				
	103	1	76.06135578947367	15.634834245614032	0.0	0.0	1	1.02858584087084	0.34941838092536726	138.0	11	1.05	0.95				
	104	1	31.269668491228064	6.338446315789473	0.0	0.0	1	1.0215317361904401	-1.959576323875283	138.0	11	1.05	0.95				
	105	1	30.00197922807017	5.915883228070175	0.0	0.0	1	1.036545019208704	-1.8120149696925036	138.0	11	1.05	0.95				
	106	1	57.46857992982456	11.83176645614035	0.0	-100.0	1	1.0458297644173151	-3.978109220511394	138.0	12	1.05	0.95				
	107	2	52.820385964912276	10.564077192982454	0.0	0.0	1	0.999687183601097	-11.379363227182903	138.0	12	1.05	0.95				
	108	1	72.258288	14.789708070175436	0.0	0.0	1	1.0028249821875643	-9.161150302195018	138.0	12	1.05	0.95				
	109	1	73.94854035087718	15.212271157894733	0.0	0.0	1	1.0241742560403844	-2.615111115495906	138.0	13	1.05	0.95				
	110	1	82.39980210526315	16.902523508771928	0.0	0.0	1	1.05	-3.546252897221034	138.0	13	1.05	0.95				
	111	1	0.0	0.0	0.0	0.0	1	1.0028322953009174	-0.4031888251495757	230.0	13	1.05	0.95				
	112	1	0.0	0.0	0.0	0.0	1	1.0082456601007816	-0.4724882403159186	230.0	13	1.05	0.95				
	113	3	111.979218245614	22.818406736842103	0.0	0.0	1	0.9972651598112456	-2.9151467161693263e-27	230.0	14	1.05	0.95				
	114	2	81.97723901754385	16.47996042105263	0.0	0.0	1	0.9987946787543757	2.065041978224487	230.0	16	1.05	0.95				
	115	2	133.95249880701752	27.044037614035084	0.0	0.0	1	1.0363086093433291	8.70613663196936	230.0	16	1.05	0.95				
	116	2	42.25630877192982	8.451261754385964	0.0	0.0	1	1.0313358296742217	7.976206481163715	230.0	16	1.05	0.95				
	117	1	0.0	0.0	0.0	0.0	1	1.03947255681228	10.970588913914533	230.0	17	1.05	0.95				
	118	2	140.7135082105263	28.73428996491228	0.0	0.0	1	1.0450418398101389	10.856107553243849	230.0	17	1.05	0.95				
	119	1	76.48391887719296	15.634834245614032	0.0	0.0	1	1.023466568163808	5.9468874614673455	230.0	15	1.05	0.95				
	120	1	54.08807522807017	10.986640280701753	0.0	0.0	1	1.0202238040099398	4.996099551223063	230.0	15	1.05	0.95				
	121	2	0.0	0.0	0.0	0.0	1	1.05	11.729115012911187	230.0	17	1.05	0.95				
	122	2	0.0	0.0	0.0	0.0	1	1.05	23.892857290821997	230.0	17	1.05	0.95				
	123	2	0.0	0.0	0.0	0.0	1	1.0189489027777803	4.8011485696478555	230.0	15	1.05	0.95				
	124	1	0.0	0.0	0.0	0.0	1	1.0228498135767772	5.570346744160206	230.0	16	1.05	0.95				
	201	2	48.73854872842106	9.928222889122807	0.0	0.0	2	1.0263961576959522	-14.120805404545237	138.0	21	1.05	0.95				
	202	2	43.77443728385965	9.025657171929824	0.0	0.0	2	1.0274458542733698	-13.957672978994394	138.0	22	1.05	0.95				
	203	1	81.23091454736841	16.697465768070174	0.0	0.0	2	1.0147527780807701	-12.3427322151141	138.0	21	1.05	0.95				
	204	1	33.39493153614035	6.769242878947368	0.0	0.0	2	1.017325015397989	-15.61664312702845	138.0	21	1.05	0.95				
	205	1	32.04108296035088	6.317960020350877	0.0	0.0	2	1.0326392068555357	-15.979654907508305	138.0	21	1.05	0.95				
	206	1	61.3744687691228	12.635920040701754	0.0	-100.0	2	1.0440859875304969	-17.426642952036023	138.0	22	1.05	0.95				
	207	2	56.4103573245614	11.28207146491228	0.0	0.0	2	0.9929185218027524	-23.94034366830285	138.0	22	1.05	0.95				
	208	1	77.16936881999999	15.794900050877192	0.0	0.0	2	0.9976134205862618	-21.873531544748595	138.0	22	1.05	0.95				
	209	1	78.97450025438596	16.24618290947368	0.0	0.0	2	1.0219369108344345	-15.121253975652339	138.0	23	1.05	0.95				
	210	1	88.00015742631578	18.051314343859648	0.0	0.0	2	1.05	-16.418965942286917	138.0	23	1.05	0.95				
	211	1	0.0	0.0	0.0	0.0	2	1.0058464203610167	-12.442534781336223	230.0	23	1.05	0.95				
	212	1	0.0	0.0	0.0	0.0	2	1.0093842677523077	-11.905421598055934	230.0	23	1.05	0.95				
	213	2	119.58995752807016	24.36927436421053	0.0	0.0	2	1.0033207794036139	-11.542585352509906	230.0	24	1.05	0.95				
	214	2	87.5488745677193	17.600031485263155	0.0	0.0	2	1.0052602617634323	-9.794875890387067	230.0	26	1.05	0.95				
	215	2	143.05666617508768	28.882102950175437	0.0	0.0	2	1.0191647349737378	-2.721076168104902	230.0	26	1.05	0.95				
	216	2	45.12828585964912	9.025657171929824	0.0	0.0	2	1.020381908729022	-3.271001431820711	230.0	26	1.05	0.95				
	217	1	0.0	0.0	0.0	0.0	2	1.02434628224549	-0.9373902684663106	230.0	27	1.05	0.95				
	218	2	150.2771919126316	30.6872343845614	0.0	0.0	2	1.0237512734218588	-1.6084538228278935	230.0	27	1.05	0.95				
	219	1	81.68219740596491	16.697465768070174	0.0	0.0	2	1.021933246873005	-4.162709023782553	230.0	25	1.05	0.95				
	220	1	57.76420590035087	11.73335432350877	0.0	0.0	2	1.0265334258929166	-4.047681786067266	230.0	25	1.05	0.95				
	221	2	0.0	0.0	0.0	0.0	2	1.0258370217830315	-1.1634213619740468	230.0	27	1.05	0.95				
	222	2	0.0	0.0	0.0	0.0	2	1.0477836102591525	5.443220996596368	230.0	27	1.05	0.95				
	223	2	0.0	0.0	0.0	0.0	2	1.0297515551127392	-3.640464976534512	230.0	25	1.05	0.95				
	224	1	0.0	0.0	0.0	0.0	2	1.0057188400357864	-6.345691802701424	230.0	26	1.05	0.95				
	301	2	67.97405883789473	13.846567541052632	0.0	0.0	3	1.0317299899065697	-21.320937526863744	138.0	31	1.05	0.95				
	302	2	61.05077506736842	12.58778867368421	0.0	0.0	3	1.0267079824528256	-21.68154110247311	138.0	32	1.05	0.95				
	303	1	113.29009806315791	23.287409046315787	0.0	0.0	3	1.05	-4.716485251451016	138.0	31	1.05	0.95				
	304	1	46.574818092631574	9.440841505263158	0.0	0.0	3	1.0080180958747251	-19.976272856628334	138.0	31	1.05	0.95				
	305	1	44.686649791578944	8.811452071578948	0.0	0.0	3	1.0292306802660611	-21.931032629282917	138.0	31	1.05	0.95				
	306	1	85.59696298105264	17.622904143157896	0.0	-100.0	3	1.0331834209233923	-22.98327566051401	138.0	32	1.05	0.95				
	307	2	78.67367921052632	15.734735842105263	0.0	0.0	3	0.9501070075453844	-21.798167449127025	138.0	32	1.05	0.95				
	308	1	107.62559316	22.028630178947367	0.0	0.0	3	0.9655073040954181	-22.416792350306057	138.0	32	1.05	0.95				
	309	1	110.14315089473685	22.658019612631577	0.0	0.0	3	1.0145608377576438	-15.941713274729478	138.0	33	1.05	0.95				
	310	1	122.73093956842105	25.17557734736842	0.0	0.0	3	1.042376522538892	-20.533640885597112	138.0	33	1.05	0.95				
	311	1	0.0	0.0	0.0	0.0	3	1.0068814920328706	-14.970664592606768	230.0	33	1.05	0.95				
	312	1	0.0	0.0	0.0	0.0	3	1.0116017437685905	-13.903247838327626	230.0	33	1.05	0.95				
	313	2	166.78819992631577	33.987029418947365	0.0	0.0	3	1.0110542514066923	-11.683118626760189	230.0	34	1.05	0.95				
	314	2	122.10155013473684	24.54618791368421	0.0	0.0	3	1.0099588477335562	-14.533943233814128	230.0	36	1.05	0.95				
	315	2	199.51645047789472	40.28092375578947	0.0	0.0	3	1.0478989729504706	-9.819597117592574	230.0	36	1.05	0.95				
	316	2	62.93894336842105	12.58778867368421	0.0	0.0	3	1.05	-10.168183346687883	230.0	36	1.05	0.95				
	317	1	0.0	0.0	0.0	0.0	3	1.05	-6.127202969611012	230.0	37	1.05	0.95				
	318	2	209.5866814168421	42.79848149052632	0.0	0.0	3	1.042831826653348	-7.391060151454548	230.0	37	1.05	0.95				
	319	1	113.91948749684211	23.287409046315787	0.0	0.0	3	1.0430956179330189	-10.434250540498459	230.0	35	1.05	0.95				
	320	1	80.56184751157895	16.364125275789473	0.0	0.0	3	1.0422247292541233	-9.483380477917876	230.0	35	1.05	0.95				
	321	2	0.0	0.0	0.0	0.0	3	1.0444326668673956	-7.618041736195403	230.0	37	1.05	0.95				
	322	2	0.0	0.0	0.0	0.0	3	1.05	-2.6932452701413805	230.0	37	1.05	0.95				
	323	2	0.0	0.0	0.0	0.0	3	1.0434937734358976	-8.494590648906021	230.0	35	1.05	0.95				
	324	1	0.0	0.0	0.0	0.0	3	1.046018611045877	-7.864203678857206	230.0	36	1.05	0.95				
	325	1	0.0	0.0	0.0	0.0	3	1.03646635152142	-6.841947529561967	230.0	35	1.05	0.95				
];
