%% MATPOWER Case Format : Version 2
function mpc = RTS_GMLC
mpc.version = '2';

%%-----  Power Flow Data  -----%%
%% system MVA base
mpc.baseMVA = 100.0;
%% bus data
%    bus_i    type    Pd    Qd    Gs    Bs    area    Vm    Va    baseKV    zone    Vmax    Vmin
mpc.bus = [
	101	2	50.15239980631579	10.21622959017544	0.0	0.0	1	1.0358224202835253	2.0845720685343685	138.0	11	1.05	0.95				
	102	2	45.04428501122807	9.287481445614036	0.0	0.0	1	1.0353831537842417	1.9299456798917258	138.0	12	1.05	0.95				
	103	1	83.58733301052632	17.181840674385963	0.0	0.0	1	1.0289009997247025	0.5239223393679221	138.0	11	1.05	0.95				
	104	1	34.36368134877193	6.9656110842105265	0.0	0.0	1	1.0216956403414397	-1.3443713310101293	138.0	11	1.05	0.95				
	105	1	32.970559131929825	6.501237011929825	0.0	0.0	1	1.036482118979705	-1.177112356568119	138.0	11	1.05	0.95				
	106	1	63.15487383017544	13.00247402385965	0.0	-100.0	1	1.0448602348102363	-3.4785918663619753	138.0	12	1.05	0.95				
	107	2	58.046759035087724	11.609351807017545	0.0	0.0	1	1.0018566708489225	-8.617926137750318	138.0	12	1.05	0.95				
	108	1	79.40796636	16.25309252982456	0.0	0.0	1	1.004234056509224	-7.515734829536386	138.0	12	1.05	0.95				
	109	1	81.26546264912281	16.71746660210526	0.0	0.0	1	1.0248612183513668	-2.1513011492580576	138.0	13	1.05	0.95				
	110	1	90.55294409473684	18.574962891228072	0.0	0.0	1	1.05	-3.0298643775542202	138.0	13	1.05	0.95				
	111	1	0.0	0.0	0.0	0.0	1	1.0053564276200417	-0.20262079497538382	230.0	13	1.05	0.95				
	112	1	0.0	0.0	0.0	0.0	1	1.009502790758732	0.08749187727730412	230.0	13	1.05	0.95				
	113	3	123.05912915438597	25.076199903157896	0.0	0.0	1	0.9981044164169063	5.6071989482120834e-30	230.0	14	1.05	0.95				
	114	2	90.08857002245614	18.11058881894737	0.0	0.0	1	1.004125536799088	2.1235878101885226	230.0	16	1.05	0.95				
	115	2	147.20658091298247	29.719940625964913	0.0	0.0	1	1.0402105009813045	8.634435856809095	230.0	16	1.05	0.95				
	116	2	46.43740722807018	9.287481445614036	0.0	0.0	1	1.0362096534885143	8.102485990281568	230.0	16	1.05	0.95				
	117	1	0.0	0.0	0.0	0.0	1	1.0428314969897186	10.361249048276036	230.0	17	1.05	0.95				
	118	2	154.6365660694737	31.57743691508772	0.0	0.0	1	1.0456673432791361	10.418043377802077	230.0	17	1.05	0.95				
	119	1	84.05170708280703	17.181840674385963	0.0	0.0	1	1.0291095093605007	6.71355038182174	230.0	15	1.05	0.95				
	120	1	59.439881251929826	12.073725879298246	0.0	0.0	1	1.026505100065636	6.397458231665295	230.0	15	1.05	0.95				
	121	2	0.0	0.0	0.0	0.0	1	1.0495387310417919	11.530889689384972	230.0	17	1.05	0.95				
	122	2	0.0	0.0	0.0	0.0	1	1.05	19.071379840574245	230.0	17	1.05	0.95				
	123	2	0.0	0.0	0.0	0.0	1	1.0257553885046933	6.580711728973359	230.0	15	1.05	0.95				
	124	1	0.0	0.0	0.0	0.0	1	1.02563053251361	5.603291235204914	230.0	16	1.05	0.95				
	201	2	52.30851567157896	10.655438377543861	0.0	0.0	2	1.0312949687279376	-6.745432953406246	138.0	21	1.05	0.95				
	202	2	46.98079648280702	9.68676216140351	0.0	0.0	2	1.0317075623087826	-6.706763943706031	138.0	22	1.05	0.95				
	203	1	87.18085945263158	17.920509998596494	0.0	0.0	2	1.0186872661441075	-6.8350349180398515	138.0	21	1.05	0.95				
	204	1	35.84101999719299	7.265071621052632	0.0	0.0	2	1.0192110615632777	-8.937517601428596	138.0	21	1.05	0.95				
	205	1	34.38800567298246	6.780733512982458	0.0	0.0	2	1.0345268920116717	-9.036448262993563	138.0	21	1.05	0.95				
	206	1	65.86998269754388	13.561467025964916	0.0	-100.0	2	1.0440000014205801	-10.775664475318356	138.0	22	1.05	0.95				
	207	2	60.54226350877193	12.108452701754386	0.0	0.0	2	0.989719600556465	-18.10563269469717	138.0	22	1.05	0.95				
	208	1	82.82181648	16.95183378245614	0.0	0.0	2	0.9946411266856368	-15.870637827044547	138.0	22	1.05	0.95				
	209	1	84.7591689122807	17.436171890526317	0.0	0.0	2	1.0232508333342576	-8.791107189388423	138.0	23	1.05	0.95				
	210	1	94.4459310736842	19.37352432280702	0.0	0.0	2	1.05	-9.823025928405302	138.0	23	1.05	0.95				
	211	1	0.0	0.0	0.0	0.0	2	1.007626368530573	-5.854446770021174	230.0	23	1.05	0.95				
	212	1	0.0	0.0	0.0	0.0	2	1.0099037235759543	-5.136467509733135	230.0	23	1.05	0.95				
	213	2	128.3495986385965	26.15425783578948	0.0	0.0	2	1.0031214474123282	-4.774050635338706	230.0	24	1.05	0.95				
	214	2	93.96159296561405	18.889186214736846	0.0	0.0	2	1.0102507867972623	-3.257859005051952	230.0	26	1.05	0.95				
	215	2	153.53518025824562	30.997638916491233	0.0	0.0	2	1.0293082332258756	3.271784319421386	230.0	26	1.05	0.95				
	216	2	48.433810807017544	9.68676216140351	0.0	0.0	2	1.030717881606753	3.338591267010542	230.0	26	1.05	0.95				
	217	1	0.0	0.0	0.0	0.0	2	1.0357372878957485	5.926368582466517	230.0	27	1.05	0.95				
	218	2	161.28458998736843	32.93499134877194	0.0	0.0	2	1.0371355278177277	6.3254317294978355	230.0	27	1.05	0.95				
	219	1	87.66519756070176	17.920509998596494	0.0	0.0	2	1.0299735088587243	2.7529742517596665	230.0	25	1.05	0.95				
	220	1	61.99527783298247	12.592790809824564	0.0	0.0	2	1.032844379677736	3.1805246365569904	230.0	25	1.05	0.95				
	221	2	0.0	0.0	0.0	0.0	2	1.0371938289579106	6.069772874866289	230.0	27	1.05	0.95				
	222	2	0.0	0.0	0.0	0.0	2	1.05	12.512756531930478	230.0	27	1.05	0.95				
	223	2	0.0	0.0	0.0	0.0	2	1.035321262589778	3.7801464485855214	230.0	25	1.05	0.95				
	224	1	0.0	0.0	0.0	0.0	2	1.0128484908162148	-0.5125838176101679	230.0	26	1.05	0.95				
	301	2	53.812084774736846	10.961720972631579	0.0	0.0	3	1.0157925843784668	-10.390716372658833	138.0	31	1.05	0.95				
	302	2	48.331224288421055	9.965200884210528	0.0	0.0	3	1.0140966080092977	-10.747667972683807	138.0	32	1.05	0.95				
	303	1	89.68680795789474	18.435621635789474	0.0	0.0	3	1.05	3.5765956492236075	138.0	31	1.05	0.95				
	304	1	36.87124327157895	7.473900663157895	0.0	0.0	3	1.0101750839380375	-9.696941699403952	138.0	31	1.05	0.95				
	305	1	35.376463138947365	6.975640618947369	0.0	0.0	3	1.0267258930974914	-11.265834044385835	138.0	31	1.05	0.95				
	306	1	67.7633660126316	13.951281237894738	0.0	-100.0	3	1.0398724206234786	-12.342215728242937	138.0	32	1.05	0.95				
	307	2	62.28250552631579	12.456501105263158	0.0	0.0	3	0.9898058571849351	-17.7852272185028	138.0	32	1.05	0.95				
	308	1	85.20246756	17.43910154736842	0.0	0.0	3	0.9937245893328976	-15.46618364644616	138.0	32	1.05	0.95				
	309	1	87.1955077368421	17.93736159157895	0.0	0.0	3	1.0227176268570948	-6.780547529701905	138.0	33	1.05	0.95				
	310	1	97.16070862105262	19.930401768421056	0.0	0.0	3	1.05	-10.5447474616794	138.0	33	1.05	0.95				
	311	1	0.0	0.0	0.0	0.0	3	1.0119440789881757	-5.3704148021641664	230.0	33	1.05	0.95				
	312	1	0.0	0.0	0.0	0.0	3	1.0143887326065657	-4.797155220567136	230.0	33	1.05	0.95				
	313	2	132.03891171578948	26.906042387368423	0.0	0.0	3	1.0133902852590049	-2.467754594432944	230.0	34	1.05	0.95				
	314	2	96.66244857684211	19.432141724210528	0.0	0.0	3	1.0142890583691886	-4.548087916735873	230.0	36	1.05	0.95				
	315	2	157.94843401473685	31.888642829473685	0.0	0.0	3	1.0430182881270402	-0.6421145632645695	230.0	36	1.05	0.95				
	316	2	49.82600442105263	9.965200884210528	0.0	0.0	3	1.0387601513214608	-0.382328147386126	230.0	36	1.05	0.95				
	317	1	0.0	0.0	0.0	0.0	3	1.041963841280514	0.4279065412945405	230.0	37	1.05	0.95				
	318	2	165.92059472210528	33.8816830063158	0.0	0.0	3	1.0402720582545975	0.033561671404984596	230.0	37	1.05	0.95				
	319	1	90.18506800210527	18.435621635789474	0.0	0.0	3	1.032360771265107	-1.2180902438132777	230.0	35	1.05	0.95				
	320	1	63.77728565894737	12.954761149473685	0.0	0.0	3	1.0305105147674891	-0.9897297898439378	230.0	35	1.05	0.95				
	321	2	0.0	0.0	0.0	0.0	3	1.0424792965665663	0.34133246474649703	230.0	37	1.05	0.95				
	322	2	0.0	0.0	0.0	0.0	3	1.05	4.699064164086756	230.0	37	1.05	0.95				
	323	2	0.0	0.0	0.0	0.0	3	1.0304103108247926	-0.4839326716302104	230.0	35	1.05	0.95				
	324	1	0.0	0.0	0.0	0.0	3	1.0428956305363546	0.9737236975614366	230.0	36	1.05	0.95				
	325	1	0.0	0.0	0.0	0.0	3	1.0290367601193713	0.5342079786600139	230.0	35	1.05	0.95				
];
