%% MATPOWER Case Format : Version 2
function mpc = RTS_GMLC
mpc.version = '2';

%%-----  Power Flow Data  -----%%
%% system MVA base
mpc.baseMVA = 100.0;
%% bus data
%    bus_i    type    Pd    Qd    Gs    Bs    area    Vm    Va    baseKV    zone    Vmax    Vmin
mpc.bus = [
	101	2	43.833250875789474	8.92899554877193	0.0	0.0	1	1.0355518177729919	3.3662131482331654	138.0	11	1.05	0.95				
	102	2	39.368753101403506	8.117268680701756	0.0	0.0	1	1.035143782987348	3.2264311256782214	138.0	12	1.05	0.95				
	103	1	73.0554181263158	15.016947059298246	0.0	0.0	1	1.030340987388342	1.0304451819487208	138.0	11	1.05	0.95				
	104	1	30.033894118596493	6.087951510526316	0.0	0.0	1	1.0225729679814204	-0.25522053930603017	138.0	11	1.05	0.95				
	105	1	28.816303816491228	5.682088076491229	0.0	0.0	1	1.0369969107804813	-0.001576131983591353	138.0	11	1.05	0.95				
	106	1	55.19742702877194	11.364176152982457	0.0	-100.0	1	1.0463246830904647	-2.31157207274042	138.0	12	1.05	0.95				
	107	2	50.73292925438597	10.146585850877193	0.0	0.0	1	1.0001207189665078	-7.920613172858864	138.0	12	1.05	0.95				
	108	1	69.40264722	14.205220191228069	0.0	0.0	1	1.004932674691146	-6.5914030001057675	138.0	12	1.05	0.95				
	109	1	71.02610095614035	14.611083625263158	0.0	0.0	1	1.0249092212187147	-1.4674791303375516	138.0	13	1.05	0.95				
	110	1	79.14336963684211	16.23453736140351	0.0	0.0	1	1.05	-2.1451365918354615	138.0	13	1.05	0.95				
	111	1	0.0	0.0	0.0	0.0	1	1.0031893899950384	0.0677662294567151	230.0	13	1.05	0.95				
	112	1	0.0	0.0	0.0	0.0	1	1.0084938795013374	0.3539633219914908	230.0	13	1.05	0.95				
	113	3	107.55381001929824	21.916625437894737	0.0	0.0	1	0.9944269828430952	7.903795129616268e-30	230.0	14	1.05	0.95				
	114	2	78.73750620280701	15.828673927368422	0.0	0.0	1	0.9996606750693084	2.1298839997822125	230.0	16	1.05	0.95				
	115	2	128.6587085891228	25.97525977824561	0.0	0.0	1	1.0394860971643733	7.716977272727263	230.0	16	1.05	0.95				
	116	2	40.58634340350877	8.117268680701756	0.0	0.0	1	1.0351178249879733	7.3425698569084314	230.0	16	1.05	0.95				
	117	1	0.0	0.0	0.0	0.0	1	1.0421017002400859	9.570912847879798	230.0	17	1.05	0.95				
	118	2	135.15252353368422	27.59871351438597	0.0	0.0	1	1.046145029764352	9.24763528801101	230.0	17	1.05	0.95				
	119	1	73.46128156035088	15.016947059298246	0.0	0.0	1	1.0281514749154175	6.207902147784873	230.0	15	1.05	0.95				
	120	1	51.95051955649122	10.552449284912282	0.0	0.0	1	1.0248729734267104	6.00429238940446	230.0	15	1.05	0.95				
	121	2	0.0	0.0	0.0	0.0	1	1.05	9.885766496275318	230.0	17	1.05	0.95				
	122	2	0.0	0.0	0.0	0.0	1	1.05	21.022987170802324	230.0	17	1.05	0.95				
	123	2	0.0	0.0	0.0	0.0	1	1.023493444806071	6.207364114607446	230.0	15	1.05	0.95				
	124	1	0.0	0.0	0.0	0.0	1	1.0271667955414299	5.2157709496957745	230.0	16	1.05	0.95				
	201	2	46.23957185684211	9.419172044912282	0.0	0.0	2	1.0286353685929666	-6.827597219050231	138.0	21	1.05	0.95				
	202	2	41.52998583438596	8.562883677192984	0.0	0.0	2	1.0291705278090792	-6.759073751135086	138.0	22	1.05	0.95				
	203	1	77.06595309473686	15.841334802807017	0.0	0.0	2	1.0187468444101113	-6.920380162201134	138.0	21	1.05	0.95				
	204	1	31.682669605614034	6.4221627578947365	0.0	0.0	2	1.0189071616935612	-9.100905552199373	138.0	21	1.05	0.95				
	205	1	30.39823705403509	5.994018574035088	0.0	0.0	2	1.0338666763030273	-9.206387756291871	138.0	21	1.05	0.95				
	206	1	58.22760900491228	11.988037148070177	0.0	-100.0	2	1.0448966471296561	-10.940427397883436	138.0	22	1.05	0.95				
	207	2	53.51802298245614	10.703604596491228	0.0	0.0	2	0.9885874102239152	-17.411831929022092	138.0	22	1.05	0.95				
	208	1	73.21265543999999	14.985046435087717	0.0	0.0	2	0.9963072204822869	-15.489723472437229	138.0	22	1.05	0.95				
	209	1	74.92523217543861	15.413190618947366	0.0	0.0	2	1.022884123456544	-9.266005272329055	138.0	23	1.05	0.95				
	210	1	83.48811585263158	17.125767354385967	0.0	0.0	2	1.05	-10.251083545222217	138.0	23	1.05	0.95				
	211	1	0.0	0.0	0.0	0.0	2	1.0049941679844303	-6.819602572191496	230.0	23	1.05	0.95				
	212	1	0.0	0.0	0.0	0.0	2	1.0104225792649262	-6.538408227077284	230.0	23	1.05	0.95				
	213	2	113.458208722807	23.119785928421056	0.0	0.0	2	0.9985408867237593	-6.254768517470886	230.0	24	1.05	0.95				
	214	2	83.05997166877192	16.697623170526317	0.0	0.0	2	1.0052984872700064	-4.261044802315925	230.0	26	1.05	0.95				
	215	2	135.72170628350878	27.401227767017545	0.0	0.0	2	1.0272212071228333	2.281300890128734	230.0	26	1.05	0.95				
	216	2	42.81441838596491	8.562883677192984	0.0	0.0	2	1.0292465917492022	1.895145884749766	230.0	26	1.05	0.95				
	217	1	0.0	0.0	0.0	0.0	2	1.0341744931428742	4.806986930324514	230.0	27	1.05	0.95				
	218	2	142.57201322526316	29.11380450245614	0.0	0.0	2	1.0357251178334719	5.234048273074366	230.0	27	1.05	0.95				
	219	1	77.4940972785965	15.841334802807017	0.0	0.0	2	1.0299943121209614	0.553450007415273	230.0	25	1.05	0.95				
	220	1	54.80245553403509	11.131748780350877	0.0	0.0	2	1.033761091154525	0.22106381207204567	230.0	25	1.05	0.95				
	221	2	0.0	0.0	0.0	0.0	2	1.0357182325857837	5.011992798877889	230.0	27	1.05	0.95				
	222	2	0.0	0.0	0.0	0.0	2	1.05	11.429239170743937	230.0	27	1.05	0.95				
	223	2	0.0	0.0	0.0	0.0	2	1.0363244293606164	0.36236000124170514	230.0	25	1.05	0.95				
	224	1	0.0	0.0	0.0	0.0	2	1.0126430630865741	-1.1702066266932294	230.0	26	1.05	0.95				
	301	2	58.98829482947369	12.016134131929823	0.0	0.0	3	1.007157130729619	-34.867445023532646	138.0	31	1.05	0.95				
	302	2	52.98022776350877	10.923758301754386	0.0	0.0	3	1.0066417159954208	-34.997141792152455	138.0	32	1.05	0.95				
	303	1	98.31382471578947	20.208952858245613	0.0	0.0	3	1.0217952200065983	-28.002713363306416	138.0	31	1.05	0.95				
	304	1	40.41790571649123	8.192818726315789	0.0	0.0	3	1.007793602105891	-33.02553814042486	138.0	31	1.05	0.95				
	305	1	38.779341971228064	7.64663081122807	0.0	0.0	3	1.0211269552679698	-34.059007855805454	138.0	31	1.05	0.95				
	306	1	74.28155645192982	15.29326162245614	0.0	-100.0	3	1.0365895380968064	-34.22223093298762	138.0	32	1.05	0.95				
	307	2	68.27348938596491	13.654697877192982	0.0	0.0	3	0.9921942363901514	-40.380048871554216	138.0	32	1.05	0.95				
	308	1	93.39813347999998	19.11657702807017	0.0	0.0	3	0.9941801622955828	-37.808607724333456	138.0	32	1.05	0.95				
	309	1	95.58288514035087	19.662764943157892	0.0	0.0	3	1.0275530384095601	-29.191028016595897	138.0	33	1.05	0.95				
	310	1	106.50664344210526	21.847516603508772	0.0	0.0	3	1.05	-31.49699568681557	138.0	33	1.05	0.95				
	311	1	0.0	0.0	0.0	0.0	3	1.017159298914603	-24.3297852119838	230.0	33	1.05	0.95				
	312	1	0.0	0.0	0.0	0.0	3	1.0171216943544272	-23.584217065597503	230.0	33	1.05	0.95				
	313	2	144.7397974982456	29.494147414736844	0.0	0.0	3	1.0247809652112516	-20.466446438303752	230.0	34	1.05	0.95				
	314	2	105.96045552701754	21.30132868842105	0.0	0.0	3	1.0270448216133465	-21.736732972232556	230.0	36	1.05	0.95				
	315	2	173.141569082807	34.95602656561403	0.0	0.0	3	1.0477293228949098	-15.318452645726602	230.0	36	1.05	0.95				
	316	2	54.61879150877193	10.923758301754386	0.0	0.0	3	1.047494553238275	-14.815100477575188	230.0	36	1.05	0.95				
	317	1	0.0	0.0	0.0	0.0	3	1.0488292222392004	-12.484436096290196	230.0	37	1.05	0.95				
	318	2	181.8805757242105	37.14077822596491	0.0	0.0	3	1.0486594149612094	-11.881880839431544	230.0	37	1.05	0.95				
	319	1	98.86001263087718	20.208952858245613	0.0	0.0	3	1.0453466838041643	-15.546062222747766	230.0	35	1.05	0.95				
	320	1	69.91205313122806	14.200885792280701	0.0	0.0	3	1.0476236879766665	-15.158286140814694	230.0	35	1.05	0.95				
	321	2	0.0	0.0	0.0	0.0	3	1.05	-11.554455581929039	230.0	37	1.05	0.95				
	322	2	0.0	0.0	0.0	0.0	3	1.05	-7.573671728723297	230.0	37	1.05	0.95				
	323	2	0.0	0.0	0.0	0.0	3	1.05	-14.54588890115229	230.0	35	1.05	0.95				
	324	1	0.0	0.0	0.0	0.0	3	1.0219651475828602	-20.00510796423977	230.0	36	1.05	0.95				
	325	1	0.0	0.0	0.0	0.0	3	1.0394738282686355	-12.586799567154538	230.0	35	1.05	0.95				
];
