%% MATPOWER Case Format : Version 2
function mpc = RTS_GMLC
mpc.version = '2';

%%-----  Power Flow Data  -----%%
%% system MVA base
mpc.baseMVA = 100.0;
%% bus data
%    bus_i    type    Pd    Qd    Gs    Bs    area    Vm    Va    baseKV    zone    Vmax    Vmin
mpc.bus = [
	101	2	50.406234555789474	10.26793666877193	0.0	0.0	1	1.0316266735788457	3.2290211550914667	138.0	11	1.05	0.95				
	102	2	45.272266221403505	9.334487880701754	0.0	0.0	1	1.0313636076627355	3.1345050900383646	138.0	12	1.05	0.95				
	103	1	84.0103909263158	17.268802579298246	0.0	0.0	1	1.0274552594856583	0.5645139778724587	138.0	11	1.05	0.95				
	104	1	34.53760515859649	7.000865910526315	0.0	0.0	1	1.0202308954868298	-0.2885606427811658	138.0	11	1.05	0.95				
	105	1	33.13743197649123	6.5341415164912275	0.0	0.0	1	1.0343071840356308	-0.03591574671718421	138.0	11	1.05	0.95				
	106	1	63.47451758877193	13.068283032982455	0.0	-100.0	1	1.0437905065435755	-2.3218815328383737	138.0	12	1.05	0.95				
	107	2	58.34054925438596	11.668109850877192	0.0	0.0	1	1.0279003738309904	-1.7403695483155648	138.0	12	1.05	0.95				
	108	1	79.80987138	16.33535379122807	0.0	0.0	1	1.0209272601180746	-3.121335818483873	138.0	12	1.05	0.95				
	109	1	81.67676895614035	16.802078185263156	0.0	0.0	1	1.0257481098026264	-1.1945664610011946	138.0	13	1.05	0.95				
	110	1	91.01125683684211	18.66897576140351	0.0	0.0	1	1.05	-1.8684086773637134	138.0	13	1.05	0.95				
	111	1	0.0	0.0	0.0	0.0	1	1.0039635976105812	0.04031557535830445	230.0	13	1.05	0.95				
	112	1	0.0	0.0	0.0	0.0	1	1.0099611340709125	0.5756495229695856	230.0	13	1.05	0.95				
	113	3	123.68196441929824	25.203117277894737	0.0	0.0	1	0.9959738396734733	-6.122331745509158e-29	230.0	14	1.05	0.95				
	114	2	90.54453244280701	18.202251367368422	0.0	0.0	1	0.9992638782981541	1.7708678625611565	230.0	16	1.05	0.95				
	115	2	147.9516329091228	29.870361218245613	0.0	0.0	1	1.0398799282770486	7.021551863923325	230.0	16	1.05	0.95				
	116	2	46.67243940350877	9.334487880701754	0.0	0.0	1	1.0358322637961075	6.9047985349036765	230.0	16	1.05	0.95				
	117	1	0.0	0.0	0.0	0.0	1	1.0445782169142888	8.786518015388287	230.0	17	1.05	0.95				
	118	2	155.4192232136842	31.737258794385966	0.0	0.0	1	1.047874135953839	8.944920427771004	230.0	17	1.05	0.95				
	119	1	84.47711532035088	17.268802579298246	0.0	0.0	1	1.0297523408846874	6.074813053313184	230.0	15	1.05	0.95				
	120	1	59.740722436491225	12.13483424491228	0.0	0.0	1	1.0278291885045687	6.253123473775382	230.0	15	1.05	0.95				
	121	2	0.0	0.0	0.0	0.0	1	1.05	8.626362922618137	230.0	17	1.05	0.95				
	122	2	0.0	0.0	0.0	0.0	1	1.05	15.199757322582032	230.0	17	1.05	0.95				
	123	2	0.0	0.0	0.0	0.0	1	1.0275371489468645	6.709927411409743	230.0	15	1.05	0.95				
	124	1	0.0	0.0	0.0	0.0	1	1.0265415796805186	4.6165347668173915	230.0	16	1.05	0.95				
	201	2	53.396505587368424	10.877065952982456	0.0	0.0	2	1.030053134988769	-7.605733999872554	138.0	21	1.05	0.95				
	202	2	47.95797261087719	9.888241775438598	0.0	0.0	2	1.0302102036656353	-7.676532757914419	138.0	22	1.05	0.95				
	203	1	88.99417597894737	18.293247284561403	0.0	0.0	2	1.0239122221236643	-6.249692598911984	138.0	21	1.05	0.95				
	204	1	36.586494569122806	7.416181331578947	0.0	0.0	2	1.0182719039862378	-10.312532087862538	138.0	21	1.05	0.95				
	205	1	35.10325830280701	6.921769242807018	0.0	0.0	2	1.0334098654077377	-10.509530427617365	138.0	21	1.05	0.95				
	206	1	67.24004407298246	13.843538485614037	0.0	-100.0	2	1.0429961482565049	-12.613447998043956	138.0	22	1.05	0.95				
	207	2	61.801511096491225	12.360302219298246	0.0	0.0	2	0.9846151152426528	-20.139004477960928	138.0	22	1.05	0.95				
	208	1	84.54446718	17.304423107017545	0.0	0.0	2	0.9912580667543742	-17.861907646323438	138.0	22	1.05	0.95				
	209	1	86.52211553508772	17.798835195789472	0.0	0.0	2	1.0233928656998075	-10.45507824707712	138.0	23	1.05	0.95				
	210	1	96.41035731052632	19.776483550877195	0.0	0.0	2	1.05	-11.882463725452794	138.0	23	1.05	0.95				
	211	1	0.0	0.0	0.0	0.0	2	1.009481822068815	-8.056344883985043	230.0	23	1.05	0.95				
	212	1	0.0	0.0	0.0	0.0	2	1.0149955872701804	-7.837244896573322	230.0	23	1.05	0.95				
	213	2	131.0192035245614	26.698252793684212	0.0	0.0	2	1.0048679608342903	-7.634157463826136	230.0	24	1.05	0.95				
	214	2	95.91594522175438	19.282071462105264	0.0	0.0	2	1.0131077217649278	-5.242246148629919	230.0	26	1.05	0.95				
	215	2	156.72863214070173	31.64237368140351	0.0	0.0	2	1.0333729172985633	2.1572713360753206	230.0	26	1.05	0.95				
	216	2	49.441208877192985	9.888241775438598	0.0	0.0	2	1.0374596978614508	1.6656954259643748	230.0	26	1.05	0.95				
	217	1	0.0	0.0	0.0	0.0	2	1.0401221241843759	4.9378457624266945	230.0	27	1.05	0.95				
	218	2	164.63922556105263	33.62002203649123	0.0	0.0	2	1.041928745031334	5.498587890367872	230.0	27	1.05	0.95				
	219	1	89.4885880677193	18.293247284561403	0.0	0.0	2	1.0392980046396432	-0.10678361932046992	230.0	25	1.05	0.95				
	220	1	63.28474736280702	12.854714308070175	0.0	0.0	2	1.0449702620928871	-0.6996832552042688	230.0	25	1.05	0.95				
	221	2	0.0	0.0	0.0	0.0	2	1.0412455218219452	5.137695931396768	230.0	27	1.05	0.95				
	222	2	0.0	0.0	0.0	0.0	2	1.05	11.56276924617624	230.0	27	1.05	0.95				
	223	2	0.0	0.0	0.0	0.0	2	1.0488378533223761	-0.6603011707891886	230.0	25	1.05	0.95				
	224	1	0.0	0.0	0.0	0.0	2	1.019237925912007	-0.9915015064262653	230.0	26	1.05	0.95				
	301	2	72.21069280421052	14.70958557122807	0.0	0.0	3	1.0129175718098935	-41.084703933001705	138.0	31	1.05	0.95				
	302	2	64.85590001859649	13.372350519298246	0.0	0.0	3	1.0117783213094387	-41.37855726830842	138.0	32	1.05	0.95				
	303	1	120.35115467368422	24.738848460701753	0.0	0.0	3	1.017850820120011	-34.551110127850535	138.0	31	1.05	0.95				
	304	1	49.477696921403506	10.029262889473685	0.0	0.0	3	1.007408740241837	-39.74167195282276	138.0	31	1.05	0.95				
	305	1	47.47184434350877	9.360645363508773	0.0	0.0	3	1.0223528840447085	-40.51913797089551	138.0	31	1.05	0.95				
	306	1	90.93198353122808	18.721290727017546	0.0	-100.0	3	1.0341896466321525	-40.94429682164269	138.0	32	1.05	0.95				
	307	2	83.57719074561403	16.715438149122807	0.0	0.0	3	1.0054765284679745	-43.442643269269375	138.0	32	1.05	0.95				
	308	1	114.33359694	23.40161340877193	0.0	0.0	3	1.000267557255609	-42.710290098987024	138.0	32	1.05	0.95				
	309	1	117.00806704385967	24.07023093473684	0.0	0.0	3	1.0271205591645254	-35.671728644677366	138.0	33	1.05	0.95				
	310	1	130.3804175631579	26.744701038596492	0.0	0.0	3	1.05	-37.809250579016044	138.0	33	1.05	0.95				
	311	1	0.0	0.0	0.0	0.0	3	1.0216810563214702	-30.203546132398177	230.0	33	1.05	0.95				
	312	1	0.0	0.0	0.0	0.0	3	1.0184131174752058	-29.276557569932393	230.0	33	1.05	0.95				
	313	2	177.18364438070176	36.10534640210526	0.0	0.0	3	1.0331363349483003	-25.81683802522697	230.0	34	1.05	0.95				
	314	2	129.71180003719297	26.07608351263158	0.0	0.0	3	1.035446372632326	-27.636608175936946	230.0	36	1.05	0.95				
	315	2	211.9517557308772	42.79152166175439	0.0	0.0	3	1.0486048036814444	-20.486553445436872	230.0	36	1.05	0.95				
	316	2	66.86175259649123	13.372350519298246	0.0	0.0	3	1.0494792123457273	-19.951668322537234	230.0	36	1.05	0.95				
	317	1	0.0	0.0	0.0	0.0	3	1.0499924632883846	-16.929196227820565	230.0	37	1.05	0.95				
	318	2	222.6496361463158	45.46599176561404	0.0	0.0	3	1.0499999686664978	-16.274613128896455	230.0	37	1.05	0.95				
	319	1	121.01977219964913	24.738848460701753	0.0	0.0	3	1.0452636759077785	-20.76303926364925	230.0	35	1.05	0.95				
	320	1	85.58304332350878	17.38405567508772	0.0	0.0	3	1.0471886322176795	-20.220700411955914	230.0	35	1.05	0.95				
	321	2	0.0	0.0	0.0	0.0	3	1.05	-16.033472046608924	230.0	37	1.05	0.95				
	322	2	0.0	0.0	0.0	0.0	3	1.05	-10.608595343066911	230.0	37	1.05	0.95				
	323	2	0.0	0.0	0.0	0.0	3	1.05	-19.43596082281113	230.0	35	1.05	0.95				
	324	1	0.0	0.0	0.0	0.0	3	1.019043748916681	-25.663330200953617	230.0	36	1.05	0.95				
	325	1	0.0	0.0	0.0	0.0	3	1.0366133823059867	-17.210039059652885	230.0	35	1.05	0.95				
];
