%% MATPOWER Case Format : Version 2
function mpc = RTS_GMLC
mpc.version = '2';

%%-----  Power Flow Data  -----%%
%% system MVA base
mpc.baseMVA = 100.0;
%% bus data
%    bus_i    type    Pd    Qd    Gs    Bs    area    Vm    Va    baseKV    zone    Vmax    Vmin
mpc.bus = [
	101	2	77.79366651789475	15.846857994385966	0.0	0.0	1	1.05	0.4470355025548537	138.0	11	1.05	0.95				
	102	2	69.87023752070175	14.406234540350878	0.0	0.0	1	1.0482994193571895	0.00357879305451802	138.0	12	1.05	0.95				
	103	1	129.6561108631579	26.65153389964912	0.0	0.0	1	1.0234662152047833	1.5896388980355889	138.0	11	1.05	0.95				
	104	1	53.30306779929824	10.804675905263156	0.0	0.0	1	1.0244351405258543	-3.2706335783503637	138.0	11	1.05	0.95				
	105	1	51.14213261824562	10.084364178245615	0.0	0.0	1	1.0395006320864195	-3.8749705230180607	138.0	11	1.05	0.95				
	106	1	97.96239487438598	20.16872835649123	0.0	-100.0	1	1.0399768604378619	-7.051078979036721	138.0	12	1.05	0.95				
	107	2	90.03896587719298	18.007793175438596	0.0	0.0	1	0.9978844419989165	-15.076589803201458	138.0	12	1.05	0.95				
	108	1	123.17330532	25.210910445614033	0.0	0.0	1	0.9912978636548923	-13.117886131926575	138.0	12	1.05	0.95				
	109	1	126.05455222807018	25.93122217263158	0.0	0.0	1	1.0233389636275922	-4.13206135198608	138.0	13	1.05	0.95				
	110	1	140.46078676842103	28.812469080701756	0.0	0.0	1	1.05	-6.076166255554897	138.0	13	1.05	0.95				
	111	1	0.0	0.0	0.0	0.0	1	1.0206729695954997	-0.8029266668906699	230.0	13	1.05	0.95				
	112	1	0.0	0.0	0.0	0.0	1	1.0147756856586583	-1.46791814782575	230.0	13	1.05	0.95				
	113	3	190.88260765964912	38.896833258947375	0.0	0.0	1	1.0101022259630368	-2.1600149297586648e-29	230.0	14	1.05	0.95				
	114	2	139.7404750414035	28.09215735368421	0.0	0.0	1	1.0449795352426934	2.6970457748101535	230.0	16	1.05	0.95				
	115	2	228.3388174645614	46.09995052912281	0.0	0.0	1	1.0338724443396599	14.51321778739297	230.0	16	1.05	0.95				
	116	2	72.03117270175439	14.406234540350878	0.0	0.0	1	1.0327436458448451	12.34149023041633	230.0	16	1.05	0.95				
	117	1	0.0	0.0	0.0	0.0	1	1.0344757984364146	19.35575126910473	230.0	17	1.05	0.95				
	118	2	239.8638050968421	48.98119743719299	0.0	0.0	1	1.0447599160093666	20.56695166976305	230.0	17	1.05	0.95				
	119	1	130.37642259017542	26.65153389964912	0.0	0.0	1	1.027144716024402	7.967158735571364	230.0	15	1.05	0.95				
	120	1	92.19990105824562	18.728104902456142	0.0	0.0	1	1.0316118000932155	5.0446074698265395	230.0	15	1.05	0.95				
	121	2	0.0	0.0	0.0	0.0	1	1.05	22.881101885702126	230.0	17	1.05	0.95				
	122	2	0.0	0.0	0.0	0.0	1	1.05	38.58277337438441	230.0	17	1.05	0.95				
	123	2	0.0	0.0	0.0	0.0	1	1.0365357529951142	3.987610898263743	230.0	15	1.05	0.95				
	124	1	0.0	0.0	0.0	0.0	1	1.0137605083036318	9.669606548680267	230.0	16	1.05	0.95				
	201	2	74.85030693473685	15.247284745964912	0.0	0.0	2	1.0430216927655827	-11.51578799204678	138.0	21	1.05	0.95				
	202	2	67.22666456175439	13.861167950877192	0.0	0.0	2	1.043724898560042	-11.404433337409836	138.0	22	1.05	0.95				
	203	1	124.75051155789474	25.64316070912281	0.0	0.0	2	1.0024079240102237	-11.060085934599638	138.0	21	1.05	0.95				
	204	1	51.28632141824562	10.395875963157895	0.0	0.0	2	1.0101598379489845	-12.148379947323974	138.0	21	1.05	0.95				
	205	1	49.20714622561403	9.702817565614035	0.0	0.0	2	1.0285909866144187	-12.386979416836285	138.0	21	1.05	0.95				
	206	1	94.25594206596493	19.40563513122807	0.0	-100.0	2	1.0266396262262028	-13.530923257977836	138.0	22	1.05	0.95				
	207	2	86.63229969298246	17.326459938596493	0.0	0.0	2	0.95	-24.11496037261983	138.0	22	1.05	0.95				
	208	1	118.51298598	24.257043914035087	0.0	0.0	2	0.9526670667254017	-20.549931997287693	138.0	22	1.05	0.95				
	209	1	121.28521957017544	24.95010231157895	0.0	0.0	2	1.0046909288550456	-9.880029124192646	138.0	23	1.05	0.95				
	210	1	135.14638752105265	27.722335901754384	0.0	0.0	2	1.031186109495424	-11.048249782079697	138.0	23	1.05	0.95				
	211	1	0.0	0.0	0.0	0.0	2	1.005279711318822	-5.940150479720628	230.0	23	1.05	0.95				
	212	1	0.0	0.0	0.0	0.0	2	0.9837724558210736	0.3737801001209577	230.0	23	1.05	0.95				
	213	2	183.6604753491228	37.425153467368425	0.0	0.0	2	1.003015724214513	-2.0415125089739994	230.0	24	1.05	0.95				
	214	2	134.45332912350878	27.02927750421053	0.0	0.0	2	1.0261234256915992	-4.90322708217265	230.0	26	1.05	0.95				
	215	2	219.6995120214035	44.35573744280702	0.0	0.0	2	1.013803922484631	0.6224422882908276	230.0	26	1.05	0.95				
	216	2	69.30583975438597	13.861167950877192	0.0	0.0	2	1.0050893274198311	1.3236070684239267	230.0	26	1.05	0.95				
	217	1	0.0	0.0	0.0	0.0	2	1.0191514137969702	1.8618018613256813	230.0	27	1.05	0.95				
	218	2	230.78844638210526	47.127971032982465	0.0	0.0	2	1.018113532052225	0.8779171257107439	230.0	27	1.05	0.95				
	219	1	125.44356995543859	25.64316070912281	0.0	0.0	2	0.9786588369816897	4.071250653924903	230.0	25	1.05	0.95				
	220	1	88.71147488561404	18.019518336140354	0.0	0.0	2	0.9651407716389849	8.051543191119787	230.0	25	1.05	0.95				
	221	2	0.0	0.0	0.0	0.0	2	1.0204492756458883	1.6273761396596254	230.0	27	1.05	0.95				
	222	2	0.0	0.0	0.0	0.0	2	1.042942073463055	8.29877799889761	230.0	27	1.05	0.95				
	223	2	0.0	0.0	0.0	0.0	2	0.9626491868016916	10.879892373632618	230.0	25	1.05	0.95				
	224	1	0.0	0.0	0.0	0.0	2	0.995296441954073	-3.7501620942544944	230.0	26	1.05	0.95				
	301	2	78.48022778526315	15.986713067368422	0.0	0.0	3	1.0042806712195318	19.40599957784351	138.0	31	1.05	0.95				
	302	2	70.48687125157895	14.533375515789473	0.0	0.0	3	1.0082908371345927	19.231586772831818	138.0	32	1.05	0.95				
	303	1	130.80037964210527	26.886744704210525	0.0	0.0	3	0.9930102823076634	27.421917646153062	138.0	31	1.05	0.95				
	304	1	53.77348940842105	10.900031636842105	0.0	0.0	3	0.9997456846758754	22.165987791575702	138.0	31	1.05	0.95				
	305	1	51.593483081052625	10.173362861052631	0.0	0.0	3	1.0141929047052447	21.020450589021948	138.0	31	1.05	0.95				
	306	1	98.82695350736842	20.346725722105262	0.0	-100.0	3	1.0279370870081848	21.1312092729481	138.0	32	1.05	0.95				
	307	2	90.83359697368421	18.16671939473684	0.0	0.0	3	0.9882210824297332	16.36752087905011	138.0	32	1.05	0.95				
	308	1	124.26036065999999	25.433407152631577	0.0	0.0	3	0.9919537569219671	19.801387754159474	138.0	32	1.05	0.95				
	309	1	127.16703576315788	26.16007592842105	0.0	0.0	3	1.0209927772489658	27.566733125993693	138.0	33	1.05	0.95				
	310	1	141.70041127894734	29.066751031578946	0.0	0.0	3	1.04587593235102	24.984038520696437	138.0	33	1.05	0.95				
	311	1	0.0	0.0	0.0	0.0	3	1.0094353272322398	32.52018888855713	230.0	33	1.05	0.95				
	312	1	0.0	0.0	0.0	0.0	3	1.0244998107047234	32.97720442449239	230.0	33	1.05	0.95				
	313	2	192.56722558421052	39.24011389263158	0.0	0.0	3	1.0440020315855874	38.79637301907183	230.0	34	1.05	0.95				
	314	2	140.9737425031579	28.340082255789472	0.0	0.0	3	0.9967555159625924	33.13454141371867	230.0	36	1.05	0.95				
	315	2	230.35400192526313	46.50680165052631	0.0	0.0	3	0.9608530413565711	31.226845653924773	230.0	36	1.05	0.95				
	316	2	72.66687757894736	14.533375515789473	0.0	0.0	3	0.9568364277474692	32.52647798505507	230.0	36	1.05	0.95				
	317	1	0.0	0.0	0.0	0.0	3	0.9605011936013425	36.4725034209896	230.0	37	1.05	0.95				
	318	2	241.98070233789474	49.41347675368421	0.0	0.0	3	0.9500000009071874	32.10043529610328	230.0	37	1.05	0.95				
	319	1	131.52704841789472	26.886744704210525	0.0	0.0	3	0.9938413709096185	32.6440009835937	230.0	35	1.05	0.95				
	320	1	93.01360330105263	18.893388170526315	0.0	0.0	3	1.0291842136957825	32.6901882310982	230.0	35	1.05	0.95				
	321	2	0.0	0.0	0.0	0.0	3	0.9626851035919642	32.566816986525644	230.0	37	1.05	0.95				
	322	2	0.0	0.0	0.0	0.0	3	0.9671380605802277	39.206478700205366	230.0	37	1.05	0.95				
	323	2	0.0	0.0	0.0	0.0	3	1.0484520465521605	32.38701329771009	230.0	35	1.05	0.95				
	324	1	0.0	0.0	0.0	0.0	3	0.9698128799235815	31.951671795182868	230.0	36	1.05	0.95				
	325	1	0.0	0.0	0.0	0.0	3	1.05	31.58591326395413	230.0	35	1.05	0.95				
];
