%% MATPOWER Case Format : Version 2
function mpc = RTS_GMLC
mpc.version = '2';

%%-----  Power Flow Data  -----%%
%% system MVA base
mpc.baseMVA = 100.0;
%% bus data
%    bus_i    type    Pd    Qd    Gs    Bs    area    Vm    Va    baseKV    zone    Vmax    Vmin
mpc.bus = [
	101	2	38.71647701052631	7.886689761403508	0.0	0.0	1	1.0367911870962498	3.01625576297915	138.0	11	1.05	0.95				
	102	2	34.77313212982456	7.169717964912279	0.0	0.0	1	1.035829705608443	2.705782464209472	138.0	12	1.05	0.95				
	103	1	64.52746168421052	13.263978235087718	0.0	0.0	1	1.0266318990764685	2.4466107037461513	138.0	11	1.05	0.95				
	104	1	26.527956470175436	5.37728847368421	0.0	0.0	1	1.0226994823125817	-0.327705205320324	138.0	11	1.05	0.95				
	105	1	25.452498775438592	5.018802575438597	0.0	0.0	1	1.03837352878886	-0.177323246057365	138.0	11	1.05	0.95				
	106	1	48.7540821614035	10.037605150877194	0.0	-100.0	1	1.0479970827236103	-2.3986390829449977	138.0	12	1.05	0.95				
	107	2	44.81073728070175	8.96214745614035	0.0	0.0	1	0.99999426330582	-10.040725030396132	138.0	12	1.05	0.95				
	108	1	61.3010886	12.547006438596489	0.0	0.0	1	1.004587198790824	-7.655931228725803	138.0	12	1.05	0.95				
	109	1	62.73503219298245	12.905492336842103	0.0	0.0	1	1.022487388846541	-1.363017159997493	138.0	13	1.05	0.95				
	110	1	69.90475015789472	14.339435929824559	0.0	0.0	1	1.05	-2.2962478235578154	138.0	13	1.05	0.95				
	111	1	0.0	0.0	0.0	0.0	1	0.9999787218319652	0.47899483742707166	230.0	13	1.05	0.95				
	112	1	0.0	0.0	0.0	0.0	1	1.0057240951797894	-0.425883916433283	230.0	13	1.05	0.95				
	113	3	94.9987630350877	19.358238505263156	0.0	0.0	1	0.9930617813203124	4.268567661621718e-29	230.0	14	1.05	0.95				
	114	2	69.54626425964912	13.980950031578946	0.0	0.0	1	0.9944486221405623	3.3650154592258588	230.0	16	1.05	0.95				
	115	2	113.64002974385963	22.943097487719296	0.0	0.0	1	1.025264711641084	11.136791896155719	230.0	16	1.05	0.95				
	116	2	35.8485898245614	7.169717964912279	0.0	0.0	1	1.0214006217480858	9.508140244601448	230.0	16	1.05	0.95				
	117	1	0.0	0.0	0.0	0.0	1	1.028160910937339	14.35637676665845	230.0	17	1.05	0.95				
	118	2	119.37580411578948	24.37704108070175	0.0	0.0	1	1.0339763516011156	15.040296254158497	230.0	17	1.05	0.95				
	119	1	64.88594758245614	13.263978235087718	0.0	0.0	1	1.0111419259899652	5.835664958519643	230.0	15	1.05	0.95				
	120	1	45.88619497543859	9.320633354385963	0.0	0.0	1	1.0073742332923197	3.3260216523176203	230.0	15	1.05	0.95				
	121	2	0.0	0.0	0.0	0.0	1	1.0361904839236982	16.53820477572902	230.0	17	1.05	0.95				
	122	2	0.0	0.0	0.0	0.0	1	1.05	28.577554731274557	230.0	17	1.05	0.95				
	123	2	0.0	0.0	0.0	0.0	1	1.0060175217637144	2.2266664942098267	230.0	15	1.05	0.95				
	124	1	0.0	0.0	0.0	0.0	1	1.0149663429936528	7.843935583239876	230.0	16	1.05	0.95				
	201	2	41.0206201768421	8.356052258245613	0.0	0.0	2	1.008888009913245	-16.82674691258359	138.0	21	1.05	0.95				
	202	2	36.84259404771929	7.596411143859649	0.0	0.0	2	1.0080535633388177	-17.13548147316866	138.0	22	1.05	0.95				
	203	1	68.36770029473684	14.053360616140347	0.0	0.0	2	1.0133951344947458	-12.250263294594355	138.0	21	1.05	0.95				
	204	1	28.106721232280695	5.697308357894736	0.0	0.0	2	1.0101086477150718	-16.905808031182904	138.0	21	1.05	0.95				
	205	1	26.967259560701752	5.3174878007017545	0.0	0.0	2	1.0248593931636865	-17.39145514734667	138.0	21	1.05	0.95				
	206	1	51.65559577824561	10.634975601403509	0.0	-100.0	2	1.0418426105275378	-18.19826459736036	138.0	22	1.05	0.95				
	207	2	47.477569649122806	9.49551392982456	0.0	0.0	2	0.9916884234959363	-22.652154460185262	138.0	22	1.05	0.95				
	208	1	64.94931527999998	13.293719501754383	0.0	0.0	2	0.9999299905042526	-20.980877956218443	138.0	22	1.05	0.95				
	209	1	66.46859750877192	13.673540058947367	0.0	0.0	2	1.0224071048591121	-15.13632753758562	138.0	23	1.05	0.95				
	210	1	74.06500865263158	15.192822287719299	0.0	0.0	2	1.05	-16.72703266734998	138.0	23	1.05	0.95				
	211	1	0.0	0.0	0.0	0.0	2	1.0051423865721396	-12.399273495756955	230.0	23	1.05	0.95				
	212	1	0.0	0.0	0.0	0.0	2	1.0124301007139624	-12.015281011826701	230.0	23	1.05	0.95				
	213	2	100.65244765614034	20.51031008842105	0.0	0.0	2	1.0041687443809313	-11.439089513075162	230.0	24	1.05	0.95				
	214	2	73.68518809543858	14.813001730526315	0.0	0.0	2	1.0030291737883454	-9.585087048687793	230.0	26	1.05	0.95				
	215	2	120.40311663017542	24.308515660350874	0.0	0.0	2	1.0191702030553198	-2.66957279701295	230.0	26	1.05	0.95				
	216	2	37.98205571929824	7.596411143859649	0.0	0.0	2	1.0219551401796227	-3.3348060610275088	230.0	26	1.05	0.95				
	217	1	0.0	0.0	0.0	0.0	2	1.0233772681179865	-1.304295563107244	230.0	27	1.05	0.95				
	218	2	126.48024554526313	25.827797889122806	0.0	0.0	2	1.0229415740707797	-1.736970294521811	230.0	27	1.05	0.95				
	219	1	68.74752085192982	14.053360616140347	0.0	0.0	2	1.0293304453432925	-4.314308704163008	230.0	25	1.05	0.95				
	220	1	48.61703132070175	9.875334487017543	0.0	0.0	2	1.0381391193644123	-4.4165636063242095	230.0	25	1.05	0.95				
	221	2	0.0	0.0	0.0	0.0	2	1.025237982334708	-1.2425243930265275	230.0	27	1.05	0.95				
	222	2	0.0	0.0	0.0	0.0	2	1.0468522914787672	5.263133848361834	230.0	27	1.05	0.95				
	223	2	0.0	0.0	0.0	0.0	2	1.0432642162903065	-4.188997718566103	230.0	25	1.05	0.95				
	224	1	0.0	0.0	0.0	0.0	2	1.0052612749787093	-6.27366189187248	230.0	26	1.05	0.95				
	301	2	44.94590317894737	9.155646943859649	0.0	0.0	3	1.0181656053940418	5.688247898150676	138.0	31	1.05	0.95				
	302	2	40.36807970701754	8.323315403508772	0.0	0.0	3	1.0162926325057966	5.324766188101672	138.0	32	1.05	0.95				
	303	1	74.90983863157895	15.398133496491228	0.0	0.0	3	1.05	19.671548159021754	138.0	31	1.05	0.95				
	304	1	30.796266992982456	6.242486552631578	0.0	0.0	3	1.0087176121156711	6.079683819390266	138.0	31	1.05	0.95				
	305	1	29.54776968245614	5.826320782456141	0.0	0.0	3	1.0260012373516756	4.477418825832074	138.0	31	1.05	0.95				
	306	1	56.598544743859655	11.652641564912281	0.0	-100.0	3	1.0378723002693766	3.276596479944399	138.0	32	1.05	0.95				
	307	2	52.02072127192983	10.404144254385965	0.0	0.0	3	0.95	-0.7821280146733366	138.0	32	1.05	0.95				
	308	1	71.16434670000001	14.565801956140351	0.0	0.0	3	0.9711037354714946	1.0052552457498294	138.0	32	1.05	0.95				
	309	1	72.82900978070175	14.981967726315789	0.0	0.0	3	1.0148766015751112	8.445175568040433	138.0	33	1.05	0.95				
	310	1	81.15232518421053	16.646630807017544	0.0	0.0	3	1.0438026258670055	4.602754719770541	138.0	33	1.05	0.95				
	311	1	0.0	0.0	0.0	0.0	3	1.0034368319240303	8.540005162057275	230.0	33	1.05	0.95				
	312	1	0.0	0.0	0.0	0.0	3	1.0081989653051444	9.017356678784063	230.0	33	1.05	0.95				
	313	2	110.28392909649124	22.472951589473684	0.0	0.0	3	1.0061895044278477	11.074020987696498	230.0	34	1.05	0.95				
	314	2	80.73615941403509	16.230465036842105	0.0	0.0	3	0.999396168094382	8.424091289897671	230.0	36	1.05	0.95				
	315	2	131.92454914561404	26.634609291228074	0.0	0.0	3	1.0488518161535791	11.060082161820306	230.0	36	1.05	0.95				
	316	2	41.61657701754386	8.323315403508772	0.0	0.0	3	1.0328129092464293	10.74039149200252	230.0	36	1.05	0.95				
	317	1	0.0	0.0	0.0	0.0	3	1.05	13.815222077486272	230.0	37	1.05	0.95				
	318	2	138.58320146842104	28.299272371929828	0.0	0.0	3	1.05	11.282410947123081	230.0	37	1.05	0.95				
	319	1	75.32600440175439	15.398133496491228	0.0	0.0	3	1.0237070552007983	10.079929948554962	230.0	35	1.05	0.95				
	320	1	53.26921858245615	10.820310024561405	0.0	0.0	3	1.0185650426998916	10.317777058458404	230.0	35	1.05	0.95				
	321	2	0.0	0.0	0.0	0.0	3	1.05	11.835868814368524	230.0	37	1.05	0.95				
	322	2	0.0	0.0	0.0	0.0	3	1.05	16.96087662791682	230.0	37	1.05	0.95				
	323	2	0.0	0.0	0.0	0.0	3	1.0163044417291487	10.777967509204135	230.0	35	1.05	0.95				
	324	1	0.0	0.0	0.0	0.0	3	1.046460757661407	14.352900842116728	230.0	36	1.05	0.95				
	325	1	0.0	0.0	0.0	0.0	3	1.017436020239622	11.276687246589159	230.0	35	1.05	0.95				
];
