%% MATPOWER Case Format : Version 2
function mpc = RTS_GMLC
mpc.version = '2';

%%-----  Power Flow Data  -----%%
%% system MVA base
mpc.baseMVA = 100.0;
%% bus data
%    bus_i    type    Pd    Qd    Gs    Bs    area    Vm    Va    baseKV    zone    Vmax    Vmin
mpc.bus = [
	101	2	45.19594261894738	9.20658090385965	0.0	0.0	1	1.0370057385125135	1.7306522359295105	138.0	11	1.05	0.95				
	102	2	40.59265216701755	8.369619003508772	0.0	0.0	1	1.0361505706929306	1.440221131854892	138.0	12	1.05	0.95				
	103	1	75.32657103157896	15.483795156491228	0.0	0.0	1	1.0249379249578574	1.462961933914019	138.0	11	1.05	0.95				
	104	1	30.967590312982455	6.277214252631579	0.0	0.0	1	1.0218880034742766	-1.4821266027429951	138.0	11	1.05	0.95				
	105	1	29.71214746245614	5.858733302456141	0.0	0.0	1	1.0377896121401022	-1.381218554933016	138.0	11	1.05	0.95				
	106	1	56.91340922385966	11.717466604912282	0.0	-100.0	1	1.0464851937771884	-3.599579067114876	138.0	12	1.05	0.95				
	107	2	52.31011877192982	10.462023754385966	0.0	0.0	1	1.00018553240926	-11.304924018828341	138.0	12	1.05	0.95				
	108	1	71.56024248	14.64683325614035	0.0	0.0	1	1.0027183304859963	-8.947418012646118	138.0	12	1.05	0.95				
	109	1	73.23416628070176	15.065314206315792	0.0	0.0	1	1.02267465890491	-2.185001040095238	138.0	13	1.05	0.95				
	110	1	81.60378528421053	16.739238007017544	0.0	0.0	1	1.05	-3.2295175543834396	138.0	13	1.05	0.95				
	111	1	0.0	0.0	0.0	0.0	1	1.0021736072206755	0.09466603420874835	230.0	13	1.05	0.95				
	112	1	0.0	0.0	0.0	0.0	1	1.0073286076286736	-0.5358578547188153	230.0	13	1.05	0.95				
	113	3	110.89745179649124	22.59797130947369	0.0	0.0	1	0.997157064956027	1.1865327667441571e-26	230.0	14	1.05	0.95				
	114	2	81.1853043340351	16.320757056842105	0.0	0.0	1	0.9984538371987924	3.123977711602888	230.0	16	1.05	0.95				
	115	2	132.65846120561403	26.782780811228076	0.0	0.0	1	1.0262832718865658	10.93763448937901	230.0	16	1.05	0.95				
	116	2	41.84809501754386	8.369619003508772	0.0	0.0	1	1.023845547650501	9.869882279962802	230.0	16	1.05	0.95				
	117	1	0.0	0.0	0.0	0.0	1	1.0293002575192198	14.216571425039392	230.0	17	1.05	0.95				
	118	2	139.35415640842106	28.45670461192983	0.0	0.0	1	1.0342663192920012	14.580424231794405	230.0	17	1.05	0.95				
	119	1	75.7450519817544	15.483795156491228	0.0	0.0	1	1.014981720562024	6.543319111608102	230.0	15	1.05	0.95				
	120	1	53.56556162245615	10.880504704561405	0.0	0.0	1	1.0124596197135072	4.457961117693846	230.0	15	1.05	0.95				
	121	2	0.0	0.0	0.0	0.0	1	1.0363640709132416	15.919775945371955	230.0	17	1.05	0.95				
	122	2	0.0	0.0	0.0	0.0	1	1.05	28.896093154753085	230.0	17	1.05	0.95				
	123	2	0.0	0.0	0.0	0.0	1	1.0118560636798255	3.638235985576318	230.0	15	1.05	0.95				
	124	1	0.0	0.0	0.0	0.0	1	1.0140733816035494	7.357218876715315	230.0	16	1.05	0.95				
	201	2	47.25956239578947	9.626947895438596	0.0	0.0	2	1.0136726399294171	-16.542238548620897	138.0	21	1.05	0.95				
	202	2	42.44608844807017	8.751770814035087	0.0	0.0	2	1.0133843884832066	-16.71102947623125	138.0	22	1.05	0.95				
	203	1	78.76593732631578	16.19077600596491	0.0	0.0	2	1.0137788413181177	-12.632841370741188	138.0	21	1.05	0.95				
	204	1	32.38155201192982	6.563828110526315	0.0	0.0	2	1.0116564233528553	-16.874019438580717	138.0	21	1.05	0.95				
	205	1	31.06878638982456	6.126239569824561	0.0	0.0	2	1.026497403186298	-17.34873000175075	138.0	21	1.05	0.95				
	206	1	59.5120415354386	12.252479139649122	0.0	-100.0	2	1.0414440714654993	-18.29593617857967	138.0	22	1.05	0.95				
	207	2	54.698567587719296	10.939713517543858	0.0	0.0	2	0.9918596187149311	-23.846395864998065	138.0	22	1.05	0.95				
	208	1	74.82764045999998	15.315598924561403	0.0	0.0	2	0.9977624056466811	-21.86123481695414	138.0	22	1.05	0.95				
	209	1	76.57799462280701	15.753187465263155	0.0	0.0	2	1.0228144904564336	-15.191964655802703	138.0	23	1.05	0.95				
	210	1	85.3297654368421	17.503541628070174	0.0	0.0	2	1.05	-16.74823240465813	138.0	23	1.05	0.95				
	211	1	0.0	0.0	0.0	0.0	2	1.0077979929333643	-12.121537092145926	230.0	23	1.05	0.95				
	212	1	0.0	0.0	0.0	0.0	2	1.0122277439089724	-11.364667470127662	230.0	23	1.05	0.95				
	213	2	115.96096328596491	23.629781197894737	0.0	0.0	2	1.0086318224867816	-10.786269978410237	230.0	24	1.05	0.95				
	214	2	84.89217689614034	17.06595308736842	0.0	0.0	2	1.0075668927023937	-9.349361323396643	230.0	26	1.05	0.95				
	215	2	138.71556740245612	28.005666604912278	0.0	0.0	2	1.0218149657554751	-2.3818347029907807	230.0	26	1.05	0.95				
	216	2	43.75885407017543	8.751770814035087	0.0	0.0	2	1.0242224864963072	-2.7683542639072725	230.0	26	1.05	0.95				
	217	1	0.0	0.0	0.0	0.0	2	1.0260597856090532	-0.7735797193011948	230.0	27	1.05	0.95				
	218	2	145.7169840536842	29.7560207677193	0.0	0.0	2	1.0254152239306247	-1.3724713624896479	230.0	27	1.05	0.95				
	219	1	79.20352586701755	16.19077600596491	0.0	0.0	2	1.0294874358472412	-3.130056493517585	230.0	25	1.05	0.95				
	220	1	56.011333209824556	11.377302058245613	0.0	0.0	2	1.037010769450208	-2.59541031397356	230.0	25	1.05	0.95				
	221	2	0.0	0.0	0.0	0.0	2	1.0277875057115637	-0.8995718154281755	230.0	27	1.05	0.95				
	222	2	0.0	0.0	0.0	0.0	2	1.0494014912953213	5.647533950736574	230.0	27	1.05	0.95				
	223	2	0.0	0.0	0.0	0.0	2	1.0418441320506684	-1.9782626107365848	230.0	25	1.05	0.95				
	224	1	0.0	0.0	0.0	0.0	2	1.0062402284300571	-6.2301266530843264	230.0	26	1.05	0.95				
	301	2	49.42170200842105	10.067383742456139	0.0	0.0	3	1.043879553132789	1.6464656555369344	138.0	31	1.05	0.95				
	302	2	44.38801013719298	9.152167038596492	0.0	0.0	3	1.0394966387593594	1.3207133492871777	138.0	32	1.05	0.95				
	303	1	82.36950334736841	16.931509021403507	0.0	0.0	3	1.05	16.930942075671812	138.0	31	1.05	0.95				
	304	1	33.86301804280701	6.864125278947368	0.0	0.0	3	1.0193926297563127	2.6728406466439902	138.0	31	1.05	0.95				
	305	1	32.490192987017544	6.406516927017544	0.0	0.0	3	1.0409420668845029	0.4383671485398811	138.0	31	1.05	0.95				
	306	1	62.234735862456134	12.813033854035089	0.0	-100.0	3	1.0460617675629225	-0.7906567370197829	138.0	32	1.05	0.95				
	307	2	57.20104399122806	11.440208798245614	0.0	0.0	3	0.95	1.1731224225482209	138.0	32	1.05	0.95				
	308	1	78.25102817999999	16.016292317543858	0.0	0.0	3	0.9729927175295585	0.4635342594642581	138.0	32	1.05	0.95				
	309	1	80.08146158771929	16.473900669473682	0.0	0.0	3	1.0172651003504203	5.696827132053968	138.0	33	1.05	0.95				
	310	1	89.23362862631578	18.304334077192983	0.0	0.0	3	1.0485342794821402	0.6471541556150959	138.0	33	1.05	0.95				
	311	1	0.0	0.0	0.0	0.0	3	1.0037916809879477	3.7138648500464546	230.0	33	1.05	0.95				
	312	1	0.0	0.0	0.0	0.0	3	1.0090403125414837	4.754498361004527	230.0	33	1.05	0.95				
	313	2	121.2662132614035	24.710851004210525	0.0	0.0	3	1.0048154585151183	6.2778758560106604	230.0	34	1.05	0.95				
	314	2	88.77602027438596	17.846725725263155	0.0	0.0	3	0.9959110232051382	2.1179020913529505	230.0	36	1.05	0.95				
	315	2	145.06184756175438	29.28693452350877	0.0	0.0	3	1.0441240317382992	3.125812015906816	230.0	36	1.05	0.95				
	316	2	45.760835192982455	9.152167038596492	0.0	0.0	3	1.0264647816936598	2.683880538407422	230.0	36	1.05	0.95				
	317	1	0.0	0.0	0.0	0.0	3	1.043049289058026	3.644472246108726	230.0	37	1.05	0.95				
	318	2	152.38358119263157	31.117367931228067	0.0	0.0	3	1.0470598830460083	2.625362851625746	230.0	37	1.05	0.95				
	319	1	82.82711169929824	16.931509021403507	0.0	0.0	3	1.0168845900425985	3.157742856171288	230.0	35	1.05	0.95				
	320	1	58.57386904701754	11.897817150175438	0.0	0.0	3	1.0120033394226966	4.487201354811048	230.0	35	1.05	0.95				
	321	2	0.0	0.0	0.0	0.0	3	1.05	3.3264130781952903	230.0	37	1.05	0.95				
	322	2	0.0	0.0	0.0	0.0	3	1.05	7.789984069734237	230.0	37	1.05	0.95				
	323	2	0.0	0.0	0.0	0.0	3	1.0105226475450853	5.587736036451916	230.0	35	1.05	0.95				
	324	1	0.0	0.0	0.0	0.0	3	1.0416296107931287	8.40503351425003	230.0	36	1.05	0.95				
	325	1	0.0	0.0	0.0	0.0	3	1.0104834640480553	6.476406851490993	230.0	35	1.05	0.95				
];
