%% MATPOWER Case Format : Version 2
function mpc = RTS_GMLC
mpc.version = '2';

%%-----  Power Flow Data  -----%%
%% system MVA base
mpc.baseMVA = 100.0;
%% bus data
%    bus_i    type    Pd    Qd    Gs    Bs    area    Vm    Va    baseKV    zone    Vmax    Vmin
mpc.bus = [
	101	2	47.747649675789475	9.726373082105262	0.0	0.0	1	1.034790302437488	2.1585147149898436	138.0	11	1.05	0.95				
	102	2	42.88446313473684	8.84215734736842	0.0	0.0	1	1.0343860488769512	2.022164363356315	138.0	12	1.05	0.95				
	103	1	79.57941612631578	16.357991092631575	0.0	0.0	1	1.0288621509031586	-0.1256772437882117	138.0	11	1.05	0.95				
	104	1	32.71598218526315	6.6316180105263145	0.0	0.0	1	1.0217793765246794	-1.3067610454626244	138.0	11	1.05	0.95				
	105	1	31.389658583157892	6.189510143157895	0.0	0.0	1	1.036267027150423	-1.068282007512897	138.0	11	1.05	0.95				
	106	1	60.12666996210526	12.37902028631579	0.0	-100.0	1	1.0452554778428742	-3.327984555871952	138.0	12	1.05	0.95				
	107	2	55.26348342105263	11.052696684210526	0.0	0.0	1	1.0017245665939802	-8.371466282258012	138.0	12	1.05	0.95				
	108	1	75.60044531999999	15.473775357894734	0.0	0.0	1	1.004995947732008	-7.306358244614052	138.0	12	1.05	0.95				
	109	1	77.36887678947367	15.915883225263155	0.0	0.0	1	1.0251341520598773	-2.2448675621288197	138.0	13	1.05	0.95				
	110	1	86.21103413684209	17.68431469473684	0.0	0.0	1	1.05	-2.9514620108809884	138.0	13	1.05	0.95				
	111	1	0.0	0.0	0.0	0.0	1	1.004242682463367	-0.48042128397859596	230.0	13	1.05	0.95				
	112	1	0.0	0.0	0.0	0.0	1	1.009428344432624	0.125158626061514	230.0	13	1.05	0.95				
	113	3	117.15858485263155	23.873824837894738	0.0	0.0	1	0.9973364758736925	-5.59223069384751e-29	230.0	14	1.05	0.95				
	114	2	85.76892626947368	17.24220682736842	0.0	0.0	1	1.000535904220963	1.343684336751102	230.0	16	1.05	0.95				
	115	2	140.14819395578945	28.294903511578944	0.0	0.0	1	1.0392800987231436	6.639377152692387	230.0	16	1.05	0.95				
	116	2	44.2107867368421	8.84215734736842	0.0	0.0	1	1.0350054093834085	6.467444461917921	230.0	16	1.05	0.95				
	117	1	0.0	0.0	0.0	0.0	1	1.0428961010300863	7.939576586082438	230.0	17	1.05	0.95				
	118	2	147.2219198336842	30.06333498105263	0.0	0.0	1	1.0454337694044524	7.802816384594955	230.0	17	1.05	0.95				
	119	1	80.02152399368421	16.357991092631575	0.0	0.0	1	1.0293886741197067	5.8934820738254885	230.0	15	1.05	0.95				
	120	1	56.58980702315789	11.494804551578946	0.0	0.0	1	1.02752957748091	6.249879537499881	230.0	15	1.05	0.95				
	121	2	0.0	0.0	0.0	0.0	1	1.04999994721747	8.680153621517144	230.0	17	1.05	0.95				
	122	2	0.0	0.0	0.0	0.0	1	1.05	14.92843462059198	230.0	17	1.05	0.95				
	123	2	0.0	0.0	0.0	0.0	1	1.027199722469894	6.786871527361898	230.0	15	1.05	0.95				
	124	1	0.0	0.0	0.0	0.0	1	1.0264082384921105	4.112362868254647	230.0	16	1.05	0.95				
	201	2	50.982527936842104	10.385329764912282	0.0	0.0	2	1.0308279370635034	-6.733250995496995	138.0	21	1.05	0.95				
	202	2	45.78986305438597	9.441208877192983	0.0	0.0	2	1.0312292347767618	-6.6987048089106525	138.0	22	1.05	0.95				
	203	1	84.97087989473684	17.466236422807018	0.0	0.0	2	1.0192276737131634	-6.75384592501899	138.0	21	1.05	0.95				
	204	1	34.932472845614036	7.080906657894737	0.0	0.0	2	1.0191805600329478	-8.999250407366532	138.0	21	1.05	0.95				
	205	1	33.51629151403508	6.608846214035088	0.0	0.0	2	1.034413338542711	-9.101223170608948	138.0	21	1.05	0.95				
	206	1	64.20022036491228	13.217692428070176	0.0	-100.0	2	1.0441855345309803	-10.873198718788478	138.0	22	1.05	0.95				
	207	2	59.00755548245614	11.801511096491229	0.0	0.0	2	0.9890681155077041	-18.025214170406116	138.0	22	1.05	0.95				
	208	1	80.72233589999999	16.52211553508772	0.0	0.0	2	0.9947870444940505	-15.860100363278974	138.0	22	1.05	0.95				
	209	1	82.6105776754386	16.994175978947368	0.0	0.0	2	1.023196519136755	-8.958653133056734	138.0	23	1.05	0.95				
	210	1	92.05178655263157	18.882417754385965	0.0	0.0	2	1.05	-10.003233014693352	138.0	23	1.05	0.95				
	211	1	0.0	0.0	0.0	0.0	2	1.0071841975395204	-6.128613763904823	230.0	23	1.05	0.95				
	212	1	0.0	0.0	0.0	0.0	2	1.0101731802157217	-5.650292342594776	230.0	23	1.05	0.95				
	213	2	125.09601762280703	25.491263968421052	0.0	0.0	2	1.0016306813483307	-5.308395610913618	230.0	24	1.05	0.95				
	214	2	91.57972610877194	18.410357310526315	0.0	0.0	2	1.0100537115765609	-3.4020163657927207	230.0	26	1.05	0.95				
	215	2	149.64316070350876	30.211868407017544	0.0	0.0	2	1.030414200187585	3.3799513505165977	230.0	26	1.05	0.95				
	216	2	47.206044385964915	9.441208877192983	0.0	0.0	2	1.0319695958227129	3.282431928822002	230.0	26	1.05	0.95				
	217	1	0.0	0.0	0.0	0.0	2	1.037150049795875	6.196087012425343	230.0	27	1.05	0.95				
	218	2	157.19612780526316	32.10011018245614	0.0	0.0	2	1.0390898063633736	6.7769951297630815	230.0	27	1.05	0.95				
	219	1	85.4429403385965	17.466236422807018	0.0	0.0	2	1.0308516274520143	2.208082545240119	230.0	25	1.05	0.95				
	220	1	60.42373681403509	12.273571540350877	0.0	0.0	2	1.0333722991087413	2.1865997656686913	230.0	25	1.05	0.95				
	221	2	0.0	0.0	0.0	0.0	2	1.0387291594283998	6.3985884288426895	230.0	27	1.05	0.95				
	222	2	0.0	0.0	0.0	0.0	2	1.05	12.819889619182288	230.0	27	1.05	0.95				
	223	2	0.0	0.0	0.0	0.0	2	1.0354942050453408	2.531062870120106	230.0	25	1.05	0.95				
	224	1	0.0	0.0	0.0	0.0	2	1.0136972063303757	-0.41244911002303825	230.0	26	1.05	0.95				
	301	2	56.54539701473684	11.518506799298244	0.0	0.0	3	1.0129259722182726	-20.653247228216912	138.0	31	1.05	0.95				
	302	2	50.78614361508771	10.47136981754386	0.0	0.0	3	1.0117430941218852	-20.90306956164488	138.0	32	1.05	0.95				
	303	1	94.24232835789473	19.37203416245614	0.0	0.0	3	1.0432218130032986	-9.795610374158947	138.0	31	1.05	0.95				
	304	1	38.74406832491228	7.853527363157893	0.0	0.0	3	1.0109638959577079	-19.275132297009264	138.0	31	1.05	0.95				
	305	1	37.1733628522807	7.329958872280702	0.0	0.0	3	1.0248197460809487	-20.868672791531615	138.0	31	1.05	0.95				
	306	1	71.20531475929825	14.659917744561405	0.0	-100.0	3	1.0386112178193405	-21.586478184383893	138.0	32	1.05	0.95				
	307	2	65.44606135964912	13.089212271929823	0.0	0.0	3	0.9919940439761881	-27.188773620448302	138.0	32	1.05	0.95				
	308	1	89.53021193999999	18.32489718070175	0.0	0.0	3	0.9949980633506752	-24.742856542610028	138.0	32	1.05	0.95				
	309	1	91.62448590350876	18.848465671578946	0.0	0.0	3	1.027702873652226	-15.808548348270065	138.0	33	1.05	0.95				
	310	1	102.09585572105262	20.94273963508772	0.0	0.0	3	1.05	-19.403132220250832	138.0	33	1.05	0.95				
	311	1	0.0	0.0	0.0	0.0	3	1.0131992587261835	-13.40007034948989	230.0	33	1.05	0.95				
	312	1	0.0	0.0	0.0	0.0	3	1.0151834311165697	-12.804158488106074	230.0	33	1.05	0.95				
	313	2	138.7456500824561	28.27269850736842	0.0	0.0	3	1.0148749558029242	-10.208683734988032	230.0	34	1.05	0.95				
	314	2	101.57228723017542	20.419171144210523	0.0	0.0	3	1.017234463892639	-11.920222744158592	230.0	36	1.05	0.95				
	315	2	165.97121160807015	33.50838341614035	0.0	0.0	3	1.0401670943000731	-7.133207962507572	230.0	36	1.05	0.95				
	316	2	52.35684908771929	10.47136981754386	0.0	0.0	3	1.038952901309991	-6.668625902945868	230.0	36	1.05	0.95				
	317	1	0.0	0.0	0.0	0.0	3	1.0427157450734275	-4.9859311525117045	230.0	37	1.05	0.95				
	318	2	174.34830746210525	35.60265737964912	0.0	0.0	3	1.0410704003323241	-5.193509757172363	230.0	37	1.05	0.95				
	319	1	94.76589684877193	19.37203416245614	0.0	0.0	3	1.0344675919669064	-7.598623781459353	230.0	35	1.05	0.95				
	320	1	67.0167668322807	13.612780762807017	0.0	0.0	3	1.0345845248091559	-7.407116803357333	230.0	35	1.05	0.95				
	321	2	0.0	0.0	0.0	0.0	3	1.0425724637535876	-5.135053176942485	230.0	37	1.05	0.95				
	322	2	0.0	0.0	0.0	0.0	3	1.05	-0.7516228373668519	230.0	37	1.05	0.95				
	323	2	0.0	0.0	0.0	0.0	3	1.0356636934660728	-6.907444078068738	230.0	35	1.05	0.95				
	324	1	0.0	0.0	0.0	0.0	3	1.0357236319374186	-8.139224387469111	230.0	36	1.05	0.95				
	325	1	0.0	0.0	0.0	0.0	3	1.032080239531845	-5.6064551779835075	230.0	35	1.05	0.95				
];
