%% MATPOWER Case Format : Version 2
function mpc = RTS_GMLC
mpc.version = '2';

%%-----  Power Flow Data  -----%%
%% system MVA base
mpc.baseMVA = 100.0;
%% bus data
%    bus_i    type    Pd    Qd    Gs    Bs    area    Vm    Va    baseKV    zone    Vmax    Vmin
mpc.bus = [
	101	2	46.01088568421053	9.372587824561403	0.0	0.0	1	1.0005447231210949	-1.85030856253772	138.0	11	1.05	0.95				
	102	2	41.32459177192982	8.520534385964911	0.0	0.0	1	0.9986627214385314	-2.461806596890006	138.0	12	1.05	0.95				
	103	1	76.68480947368421	15.762988614035086	0.0	0.0	1	1.02037742290877	2.143429038294996	138.0	11	1.05	0.95				
	104	1	31.52597722807017	6.390400789473684	0.0	0.0	1	1.0062849729052676	-3.5368567631286187	138.0	11	1.05	0.95				
	105	1	30.247897070175433	5.964374070175439	0.0	0.0	1	1.0197108977819336	-3.812685063372454	138.0	11	1.05	0.95				
	106	1	57.93963382456141	11.928748140350878	0.0	-100.0	1	1.0378793509528452	-5.464393290363164	138.0	12	1.05	0.95				
	107	2	53.253339912280694	10.65066798245614	0.0	0.0	1	0.9890974544847967	-11.634146100191382	138.0	12	1.05	0.95				
	108	1	72.850569	14.910935175438594	0.0	0.0	1	0.9967190396737469	-9.493995532992667	138.0	12	1.05	0.95				
	109	1	74.55467587719298	15.336961894736842	0.0	0.0	1	1.0246235268398156	-2.6215150110060788	138.0	13	1.05	0.95				
	110	1	83.07521026315789	17.041068771929822	0.0	0.0	1	1.05	-4.371037640974438	138.0	13	1.05	0.95				
	111	1	0.0	0.0	0.0	0.0	1	1.0197459725894278	0.4451576548183913	230.0	13	1.05	0.95				
	112	1	0.0	0.0	0.0	0.0	1	1.0154943515756567	-0.9065667523617982	230.0	13	1.05	0.95				
	113	3	112.89708061403508	23.005442842105264	0.0	0.0	1	1.0001417262296222	-5.491810144329156e-22	230.0	14	1.05	0.95				
	114	2	82.64918354385964	16.61504205263158	0.0	0.0	1	1.05	4.641931019328711	230.0	16	1.05	0.95				
	115	2	135.05047001754383	27.26571003508772	0.0	0.0	1	1.0398567734538593	15.639718991137492	230.0	16	1.05	0.95				
	116	2	42.60267192982456	8.520534385964911	0.0	0.0	1	1.0405583149439863	13.386124558574105	230.0	16	1.05	0.95				
	117	1	0.0	0.0	0.0	0.0	1	1.0395701844768512	20.200092085677788	230.0	17	1.05	0.95				
	118	2	141.8668975263158	28.969816912280706	0.0	0.0	1	1.05	21.1309396921888	230.0	17	1.05	0.95				
	119	1	77.11083619298246	15.762988614035086	0.0	0.0	1	1.038298577841775	8.380562126791036	230.0	15	1.05	0.95				
	120	1	54.53142007017544	11.076694701754386	0.0	0.0	1	1.0448360408207271	4.86147403140398	230.0	15	1.05	0.95				
	121	2	0.0	0.0	0.0	0.0	1	1.0460342129045237	23.06427741542897	230.0	17	1.05	0.95				
	122	2	0.0	0.0	0.0	0.0	1	1.05	41.00154998892351	230.0	17	1.05	0.95				
	123	2	0.0	0.0	0.0	0.0	1	1.05	3.2586405191378285	230.0	15	1.05	0.95				
	124	1	0.0	0.0	0.0	0.0	1	1.0154605797789162	10.622515675553037	230.0	16	1.05	0.95				
	201	2	44.505587898947375	9.065953090526316	0.0	0.0	2	1.023383033436111	-17.06907451336341	138.0	21	1.05	0.95				
	202	2	39.972611353684215	8.241775536842106	0.0	0.0	2	1.02241169847136	-17.35649312978645	138.0	22	1.05	0.95				
	203	1	74.17597983157896	15.247284743157893	0.0	0.0	2	1.0143458087062458	-12.590549750178521	138.0	21	1.05	0.95				
	204	1	30.494569486315786	6.181331652631579	0.0	0.0	2	1.0153580601941512	-16.83822466842277	138.0	21	1.05	0.95				
	205	1	29.258303155789473	5.769242875789474	0.0	0.0	2	1.0317957512069689	-17.323244300412185	138.0	21	1.05	0.95				
	206	1	56.044073650526315	11.538485751578948	0.0	-100.0	2	1.0444735707316968	-17.983428789504952	138.0	22	1.05	0.95				
	207	2	51.51109710526316	10.302219421052632	0.0	0.0	2	1.0040364825370742	-22.964464107278125	138.0	22	1.05	0.95				
	208	1	70.46718084	14.423107189473683	0.0	0.0	2	1.005556571024514	-21.072778800742125	138.0	22	1.05	0.95				
	209	1	72.11553594736843	14.835195966315789	0.0	0.0	2	1.0214891563820052	-14.705600662749488	138.0	23	1.05	0.95				
	210	1	80.35731148421053	16.48355107368421	0.0	0.0	2	1.0499998847025438	-16.25901857709756	138.0	23	1.05	0.95				
	211	1	0.0	0.0	0.0	0.0	2	1.0067730378287045	-11.623567380962934	230.0	23	1.05	0.95				
	212	1	0.0	0.0	0.0	0.0	2	0.9978472813010862	-10.6290742048577	230.0	23	1.05	0.95				
	213	2	109.20352586315789	22.252793949473688	0.0	0.0	2	0.9952918190255815	-9.967811424362266	230.0	24	1.05	0.95				
	214	2	79.94522270736843	16.071462296842107	0.0	0.0	2	1.0168966023964225	-9.12223631916555	230.0	26	1.05	0.95				
	215	2	130.63214225894737	26.373681717894737	0.0	0.0	2	1.025556178228368	-2.474536855663332	230.0	26	1.05	0.95				
	216	2	41.20887768421053	8.241775536842106	0.0	0.0	2	1.0233683596024623	-2.962552857297	230.0	26	1.05	0.95				
	217	1	0.0	0.0	0.0	0.0	2	1.0341705927125426	-0.8979022468660445	230.0	27	1.05	0.95				
	218	2	137.22556268842106	28.022036825263157	0.0	0.0	2	1.0336535735041632	-1.4460096251759542	230.0	27	1.05	0.95				
	219	1	74.58806860842105	15.247284743157893	0.0	0.0	2	1.0102673167665015	-2.4986875077920967	230.0	25	1.05	0.95				
	220	1	52.747363435789474	10.714308197894736	0.0	0.0	2	1.001803027551242	-1.2518532939598725	230.0	25	1.05	0.95				
	221	2	0.0	0.0	0.0	0.0	2	1.0338019554706301	-0.9865182824235228	230.0	27	1.05	0.95				
	222	2	0.0	0.0	0.0	0.0	2	1.05	5.544892263399021	230.0	27	1.05	0.95				
	223	2	0.0	0.0	0.0	0.0	2	0.9981148824317048	-0.2194785487773443	230.0	25	1.05	0.95				
	224	1	0.0	0.0	0.0	0.0	2	1.0089106015895464	-6.259958290625034	230.0	26	1.05	0.95				
	301	2	44.31382472842106	9.02689022245614	0.0	0.0	3	1.012667246758247	19.07437259668418	138.0	31	1.05	0.95				
	302	2	39.80037961719298	8.206263838596492	0.0	0.0	3	1.0114101374204774	18.7141758577504	138.0	32	1.05	0.95				
	303	1	73.85637454736842	15.18158810140351	0.0	0.0	3	1.05	34.07398275630186	138.0	31	1.05	0.95				
	304	1	30.36317620280702	6.154697878947369	0.0	0.0	3	1.0077574486761665	20.0399737048751	138.0	31	1.05	0.95				
	305	1	29.132236627017544	5.744384687017544	0.0	0.0	3	1.0231972210619404	17.31713271285756	138.0	31	1.05	0.95				
	306	1	55.80259410245615	11.488769374035089	0.0	-100.0	3	1.0367501900272778	15.831132647208708	138.0	32	1.05	0.95				
	307	2	51.289148991228075	10.257829798245615	0.0	0.0	3	0.95	12.680078538652761	138.0	32	1.05	0.95				
	308	1	70.16355582	14.36096171754386	0.0	0.0	3	0.9715833479383111	14.429229549612629	138.0	32	1.05	0.95				
	309	1	71.80480858771931	14.771274909473684	0.0	0.0	3	1.017435787272875	22.83937619687231	138.0	33	1.05	0.95				
	310	1	80.01107242631579	16.412527677192983	0.0	0.0	3	1.043925093022677	16.88467666782	138.0	33	1.05	0.95				
	311	1	0.0	0.0	0.0	0.0	3	1.0071796824836954	20.358372368482314	230.0	33	1.05	0.95				
	312	1	0.0	0.0	0.0	0.0	3	1.0120151737965197	20.296013010829824	230.0	33	1.05	0.95				
	313	2	108.73299586140351	22.15691236421053	0.0	0.0	3	1.0063477236271596	20.23589168454343	230.0	34	1.05	0.95				
	314	2	79.60075923438596	16.00221448526316	0.0	0.0	3	1.0053643060261097	21.04896877473273	230.0	36	1.05	0.95				
	315	2	130.0692818417544	26.260044283508773	0.0	0.0	3	1.05	24.94089192612115	230.0	36	1.05	0.95				
	316	2	41.03131919298246	8.206263838596492	0.0	0.0	3	1.041773805782804	24.392573385801608	230.0	36	1.05	0.95				
	317	1	0.0	0.0	0.0	0.0	3	1.0478462050903512	29.04195223098577	230.0	37	1.05	0.95				
	318	2	136.6342929126316	27.901297051228074	0.0	0.0	3	1.0386786315683012	25.3692477069153	230.0	37	1.05	0.95				
	319	1	74.26668773929825	15.18158810140351	0.0	0.0	3	1.0314571798624381	22.548744819163566	230.0	35	1.05	0.95				
	320	1	52.520088567017545	10.668142990175438	0.0	0.0	3	1.0257507313310643	21.718515578733225	230.0	35	1.05	0.95				
	321	2	0.0	0.0	0.0	0.0	3	1.0493861011394494	25.87169574865981	230.0	37	1.05	0.95				
	322	2	0.0	0.0	0.0	0.0	3	1.05	31.45909968219984	230.0	37	1.05	0.95				
	323	2	0.0	0.0	0.0	0.0	3	1.0230350915973496	21.577244775454872	230.0	35	1.05	0.95				
	324	1	0.0	0.0	0.0	0.0	3	1.0470689244258469	28.43176777636807	230.0	36	1.05	0.95				
	325	1	0.0	0.0	0.0	0.0	3	1.0255373067427251	21.71600913385736	230.0	35	1.05	0.95				
];
