%% MATPOWER Case Format : Version 2
function mpc = RTS_GMLC
mpc.version = '2';

%%-----  Power Flow Data  -----%%
%% system MVA base
mpc.baseMVA = 100.0;
%% bus data
%    bus_i    type    Pd    Qd    Gs    Bs    area    Vm    Va    baseKV    zone    Vmax    Vmin
mpc.bus = [
	101	2	43.29886194947369	8.820138545263157	0.0	0.0	1	1.0235676819788238	-3.931873191220828	138.0	11	1.05	0.95				
	102	2	38.8887926768421	8.018307768421053	0.0	0.0	1	1.0227869038171693	-4.119478635904409	138.0	12	1.05	0.95				
	103	1	72.16476991578948	14.833869371578947	0.0	0.0	1	1.0282172870852102	-2.113035293460918	138.0	11	1.05	0.95				
	104	1	29.667738743157894	6.013730826315789	0.0	0.0	1	1.021133281982619	-4.424854422962947	138.0	11	1.05	0.95				
	105	1	28.464992577894733	5.612815437894738	0.0	0.0	1	1.0319938472255688	-5.382822446476226	138.0	11	1.05	0.95				
	106	1	54.52449282526316	11.225630875789475	0.0	-100.0	1	1.044613494865741	-6.654715893880808	138.0	12	1.05	0.95				
	107	2	50.11442355263158	10.022884710526316	0.0	0.0	1	1.00396097925642	-8.308213845112833	138.0	12	1.05	0.95				
	108	1	68.55653142	14.03203859473684	0.0	0.0	1	1.0082972558487708	-8.123703813381427	138.0	12	1.05	0.95				
	109	1	70.1601929736842	14.432953983157896	0.0	0.0	1	1.02508403242032	-4.187891555949516	138.0	13	1.05	0.95				
	110	1	78.17850074210526	16.036615536842106	0.0	0.0	1	1.05	-5.562418737318582	138.0	13	1.05	0.95				
	111	1	0.0	0.0	0.0	0.0	1	1.002592133159808	-2.1414978611561017	230.0	13	1.05	0.95				
	112	1	0.0	0.0	0.0	0.0	1	1.0062125828049704	-2.0350702776444094	230.0	13	1.05	0.95				
	113	3	106.24257793157894	21.649430974736845	0.0	0.0	1	0.9967871209925818	2.0821372254575916e-28	230.0	14	1.05	0.95				
	114	2	77.7775853536842	15.635700148421053	0.0	0.0	1	0.9982470477991264	-1.1238162078504046	230.0	16	1.05	0.95				
	115	2	127.09017812947367	25.65858485894737	0.0	0.0	1	1.0260417408387421	3.2056300186888147	230.0	16	1.05	0.95				
	116	2	40.091538842105265	8.018307768421053	0.0	0.0	1	1.022369218404969	2.7234151388785373	230.0	16	1.05	0.95				
	117	1	0.0	0.0	0.0	0.0	1	1.0306555047114363	5.52995901950878	230.0	17	1.05	0.95				
	118	2	133.5048243442105	27.26224641263158	0.0	0.0	1	1.0333252827452963	5.802014297642347	230.0	17	1.05	0.95				
	119	1	72.56568530421052	14.833869371578947	0.0	0.0	1	1.0148147673106336	1.571703313285924	230.0	15	1.05	0.95				
	120	1	51.31716971789474	10.423800098947368	0.0	0.0	1	1.0099773978606736	0.8362002809043313	230.0	15	1.05	0.95				
	121	2	0.0	0.0	0.0	0.0	1	1.0350788769805814	6.5427368569959565	230.0	17	1.05	0.95				
	122	2	0.0	0.0	0.0	0.0	1	1.05	14.690790841166505	230.0	17	1.05	0.95				
	123	2	0.0	0.0	0.0	0.0	1	1.007744436415238	0.7500217341523201	230.0	15	1.05	0.95				
	124	1	0.0	0.0	0.0	0.0	1	1.019332268200128	1.190688601403065	230.0	16	1.05	0.95				
	201	2	35.75066897557895	7.282543680210527	0.0	0.0	2	1.015119405839935	-4.803316804025402	138.0	21	1.05	0.95				
	202	2	32.109397135473685	6.620494254736842	0.0	0.0	2	1.0142752695641826	-4.9907497102775	138.0	22	1.05	0.95				
	203	1	59.58444829263158	12.247914371263157	0.0	0.0	2	1.0154749905452864	-4.245955940585912	138.0	21	1.05	0.95				
	204	1	24.495828742526314	4.965370691052631	0.0	0.0	2	1.0145775235001118	-4.6098673113377435	138.0	21	1.05	0.95				
	205	1	23.502754604315786	4.63434597831579	0.0	0.0	2	1.0286623706930604	-4.723408132327191	138.0	21	1.05	0.95				
	206	1	45.01936093221053	9.26869195663158	0.0	-100.0	2	1.0448082211964191	-5.120571829853362	138.0	22	1.05	0.95				
	207	2	41.37808909210526	8.275617818421052	0.0	0.0	2	0.9988932918441512	-9.046361946079706	138.0	22	1.05	0.95				
	208	1	56.605225878	11.585864945789472	0.0	0.0	2	1.0062825659652823	-7.614144524563866	138.0	22	1.05	0.95				
	209	1	57.929324728947364	11.916889658526314	0.0	0.0	2	1.0236242091622922	-2.9215416476641827	138.0	23	1.05	0.95				
	210	1	64.5498189836842	13.240988509473684	0.0	0.0	2	1.05	-3.574186615429299	138.0	23	1.05	0.95				
	211	1	0.0	0.0	0.0	0.0	2	0.9982472697766497	-1.2801481982675538	230.0	23	1.05	0.95				
	212	1	0.0	0.0	0.0	0.0	2	1.0065568911658016	3.1202718616499845	230.0	23	1.05	0.95				
	213	2	87.72154887526314	17.875334487789473	0.0	0.0	2	0.9902039452475155	0.5949484903274718	230.0	24	1.05	0.95				
	214	2	64.21879427094737	12.909963796736843	0.0	0.0	2	0.9900167324262136	-0.7792662094674646	230.0	26	1.05	0.95				
	215	2	104.93483393757894	21.185581615157894	0.0	0.0	2	1.0130551542972588	2.520093985381021	230.0	26	1.05	0.95				
	216	2	33.10247127368421	6.620494254736842	0.0	0.0	2	1.0098076323600347	1.9326576745602	230.0	26	1.05	0.95				
	217	1	0.0	0.0	0.0	0.0	2	1.0167138137973024	2.8125942659833107	230.0	27	1.05	0.95				
	218	2	110.23122934136842	22.509680466105266	0.0	0.0	2	1.01697592706066	2.7384225769000357	230.0	27	1.05	0.95				
	219	1	59.915473005368426	12.247914371263157	0.0	0.0	2	1.0068071481946101	1.8206244747145384	230.0	25	1.05	0.95				
	220	1	42.37116323031579	8.606642531157895	0.0	0.0	2	1.006017939521788	2.398070442489468	230.0	25	1.05	0.95				
	221	2	0.0	0.0	0.0	0.0	2	1.019174866066891	3.461125057539784	230.0	27	1.05	0.95				
	222	2	0.0	0.0	0.0	0.0	2	1.040913658147023	9.812402760399882	230.0	27	1.05	0.95				
	223	2	0.0	0.0	0.0	0.0	2	1.005871822970351	2.9843466090271846	230.0	25	1.05	0.95				
	224	1	0.0	0.0	0.0	0.0	2	1.0052370679220577	-0.045799681365906106	230.0	26	1.05	0.95				
	301	2	66.24865549894737	13.495096490526315	0.0	0.0	3	1.0012533822005685	4.98824774383347	138.0	31	1.05	0.95				
	302	2	59.501107253684204	12.268269536842105	0.0	0.0	3	1.0006584084753558	4.844574349260712	138.0	32	1.05	0.95				
	303	1	110.41442583157894	22.696298643157895	0.0	0.0	3	1.0296720039536864	11.972706535081079	138.0	31	1.05	0.95				
	304	1	45.39259728631579	9.201202152631579	0.0	0.0	3	1.004406515724675	6.874152334099366	138.0	31	1.05	0.95				
	305	1	43.55235685578947	8.587788675789474	0.0	0.0	3	1.0168753419177845	6.102605095642875	138.0	31	1.05	0.95				
	306	1	83.42423285052631	17.175577351578948	0.0	-100.0	3	1.0329998142393022	6.042668371090665	138.0	32	1.05	0.95				
	307	2	76.67668460526316	15.335336921052631	0.0	0.0	3	0.9934195864810742	2.1663378184098705	138.0	32	1.05	0.95				
	308	1	104.89370454	21.469471689473682	0.0	0.0	3	1.0014355577223437	4.9438813346293395	138.0	32	1.05	0.95				
	309	1	107.34735844736842	22.082885166315787	0.0	0.0	3	1.0291667221613117	11.019113093141403	138.0	33	1.05	0.95				
	310	1	119.61562798421053	24.53653907368421	0.0	0.0	3	1.05	9.18334547654092	138.0	33	1.05	0.95				
	311	1	0.0	0.0	0.0	0.0	3	1.0144284245447686	15.014084852299503	230.0	33	1.05	0.95				
	312	1	0.0	0.0	0.0	0.0	3	1.019775120720224	15.764975008871053	230.0	33	1.05	0.95				
	313	2	162.55457136315786	33.124327749473686	0.0	0.0	3	1.0287486701206392	21.053930292727575	230.0	34	1.05	0.95				
	314	2	119.00221450736841	23.923125596842105	0.0	0.0	3	1.013272964667224	14.629429986971708	230.0	36	1.05	0.95				
	315	2	194.45207215894735	39.258462517894735	0.0	0.0	3	1.0309861164875322	11.26914751654433	230.0	36	1.05	0.95				
	316	2	61.341347684210525	12.268269536842105	0.0	0.0	3	1.0300842147670215	12.051653586898619	230.0	36	1.05	0.95				
	317	1	0.0	0.0	0.0	0.0	3	1.0366454185917726	12.859733835600066	230.0	37	1.05	0.95				
	318	2	204.26668778842102	41.712116425263154	0.0	0.0	3	1.0326833334279015	11.000320729263322	230.0	37	1.05	0.95				
	319	1	111.02783930842106	22.696298643157895	0.0	0.0	3	1.0289848530920092	13.433513878022378	230.0	35	1.05	0.95				
	320	1	78.51692503578947	15.948750397894736	0.0	0.0	3	1.0298790679152559	14.341354887207824	230.0	35	1.05	0.95				
	321	2	0.0	0.0	0.0	0.0	3	1.0343054232351525	11.691472555771236	230.0	37	1.05	0.95				
	322	2	0.0	0.0	0.0	0.0	3	1.0487016626190293	16.467677887231105	230.0	37	1.05	0.95				
	323	2	0.0	0.0	0.0	0.0	3	1.0298849490710693	14.470411204625387	230.0	35	1.05	0.95				
	324	1	0.0	0.0	0.0	0.0	3	1.02937391539304	13.50926521374852	230.0	36	1.05	0.95				
	325	1	0.0	0.0	0.0	0.0	3	1.031779435234199	13.80227708734211	230.0	35	1.05	0.95				
];
