%% MATPOWER Case Format : Version 2
function mpc = RTS_GMLC
mpc.version = '2';

%%-----  Power Flow Data  -----%%
%% system MVA base
mpc.baseMVA = 100.0;
%% bus data
%    bus_i    type    Pd    Qd    Gs    Bs    area    Vm    Va    baseKV    zone    Vmax    Vmin
mpc.bus = [
	101	2	41.45522017263158	8.444581887017543	0.0	0.0	1	1.0345084791458548	1.5324454950742905	138.0	11	1.05	0.95				
	102	2	37.23292922912281	7.676892624561404	0.0	0.0	1	1.0336264532498844	1.2833952299987506	138.0	12	1.05	0.95				
	103	1	69.09203362105262	14.202251355438596	0.0	0.0	1	1.027918531093242	-0.3252181880883	138.0	11	1.05	0.95				
	104	1	28.404502710877193	5.757669468421052	0.0	0.0	1	1.02219495378522	-1.7022067072262232	138.0	11	1.05	0.95				
	105	1	27.25296881719298	5.373824837192983	0.0	0.0	1	1.0370522971496319	-1.4543319888034405	138.0	11	1.05	0.95				
	106	1	52.20286984701754	10.747649674385967	0.0	-100.0	1	1.0469033007268138	-3.565657332745004	138.0	12	1.05	0.95				
	107	2	47.98057890350877	9.596115780701755	0.0	0.0	1	1.0014103398021799	-9.11382203904078	138.0	12	1.05	0.95				
	108	1	65.63743194	13.434562092982455	0.0	0.0	1	1.0061436827630545	-7.685429995202649	138.0	12	1.05	0.95				
	109	1	67.17281046491227	13.818406724210524	0.0	0.0	1	1.0241802410462322	-2.5890413184604757	138.0	13	1.05	0.95				
	110	1	74.84970308947368	15.353785249122808	0.0	0.0	1	1.05	-3.274773295116851	138.0	13	1.05	0.95				
	111	1	0.0	0.0	0.0	0.0	1	1.0013258627989214	-0.7292603594681433	230.0	13	1.05	0.95				
	112	1	0.0	0.0	0.0	0.0	1	1.0063125336719305	-0.8527822187562764	230.0	13	1.05	0.95				
	113	3	101.7188272754386	20.72761008631579	0.0	0.0	1	0.9930282090061109	-3.1587783624688026e-31	230.0	14	1.05	0.95				
	114	2	74.46585845824562	14.969940617894736	0.0	0.0	1	0.9965858326461231	0.986047259469364	230.0	16	1.05	0.95				
	115	2	121.67874809929825	24.56605639859649	0.0	0.0	1	1.0319707976273993	6.13827433511843	230.0	16	1.05	0.95				
	116	2	38.38446312280702	7.676892624561404	0.0	0.0	1	1.0279018973926548	5.625126027956744	230.0	16	1.05	0.95				
	117	1	0.0	0.0	0.0	0.0	1	1.0361539450455397	8.270237355194796	230.0	17	1.05	0.95				
	118	2	127.82026219894738	26.10143492350877	0.0	0.0	1	1.0392936773396846	8.50774553471115	230.0	17	1.05	0.95				
	119	1	69.4758782522807	14.202251355438596	0.0	0.0	1	1.0187924720801247	3.675760732305017	230.0	15	1.05	0.95				
	120	1	49.13211279719298	9.979960411929826	0.0	0.0	1	1.013998818563185	2.723108092232663	230.0	15	1.05	0.95				
	121	2	0.0	0.0	0.0	0.0	1	1.042637576901796	9.618598377759096	230.0	17	1.05	0.95				
	122	2	0.0	0.0	0.0	0.0	1	1.05	17.091939203264936	230.0	17	1.05	0.95				
	123	2	0.0	0.0	0.0	0.0	1	1.0117101298544482	2.50098686333489	230.0	15	1.05	0.95				
	124	1	0.0	0.0	0.0	0.0	1	1.0218428492000715	3.7064479512958655	230.0	16	1.05	0.95				
	201	2	40.034629326315795	8.155202270175439	0.0	0.0	2	1.0156432284206183	-11.340677275043893	138.0	21	1.05	0.95				
	202	2	35.957028191228076	7.413820245614036	0.0	0.0	2	1.0150552439114349	-11.528885671797921	138.0	22	1.05	0.95				
	203	1	66.72438221052633	13.715567454385965	0.0	0.0	2	1.0159464246812042	-8.583678000355947	138.0	21	1.05	0.95				
	204	1	27.43113490877193	5.560365184210527	0.0	0.0	2	1.0138139748644723	-11.575812985616281	138.0	21	1.05	0.95				
	205	1	26.319061871929826	5.189674171929825	0.0	0.0	2	1.0284472840549697	-11.916543235746454	138.0	21	1.05	0.95				
	206	1	50.41397767017545	10.37934834385965	0.0	-100.0	2	1.0438076244922547	-12.69430647014174	138.0	22	1.05	0.95				
	207	2	46.33637653508772	9.267275307017545	0.0	0.0	2	0.9956843433157238	-17.251589057134897	138.0	22	1.05	0.95				
	208	1	63.38816310000001	12.974185429824562	0.0	0.0	2	1.0027217685745906	-15.617048821122404	138.0	22	1.05	0.95				
	209	1	64.87092714912282	13.344876442105264	0.0	0.0	2	1.0228907557204756	-10.07299798503807	138.0	23	1.05	0.95				
	210	1	72.28474739473685	14.827640491228072	0.0	0.0	2	1.05	-11.29942183752595	138.0	23	1.05	0.95				
	211	1	0.0	0.0	0.0	0.0	2	1.003402838025789	-7.331790712660218	230.0	23	1.05	0.95				
	212	1	0.0	0.0	0.0	0.0	2	1.0066425292396297	-6.47657654075506	230.0	23	1.05	0.95				
	213	2	98.23311825438597	20.017314663157897	0.0	0.0	2	0.9984375959761914	-5.9035171043546	230.0	24	1.05	0.95				
	214	2	71.91405638245615	14.45694947894737	0.0	0.0	2	1.00201770673173	-5.0881875666039695	230.0	26	1.05	0.95				
	215	2	117.50905089298247	23.724224785964914	0.0	0.0	2	1.0184449790429189	0.3752128584564757	230.0	26	1.05	0.95				
	216	2	37.06910122807018	7.413820245614036	0.0	0.0	2	1.0196782575614154	0.32734986078439915	230.0	26	1.05	0.95				
	217	1	0.0	0.0	0.0	0.0	2	1.0238127922854046	1.5821669059538936	230.0	27	1.05	0.95				
	218	2	123.4401070894737	25.206988835087724	0.0	0.0	2	1.0231998008977072	1.2063780636552117	230.0	27	1.05	0.95				
	219	1	67.09507322280702	13.715567454385965	0.0	0.0	2	1.0213138182819148	0.5326239960536575	230.0	25	1.05	0.95				
	220	1	47.44844957192983	9.637966319298247	0.0	0.0	2	1.0249851556457412	1.4415726241414246	230.0	25	1.05	0.95				
	221	2	0.0	0.0	0.0	0.0	2	1.0251953471076563	1.7315691268304165	230.0	27	1.05	0.95				
	222	2	0.0	0.0	0.0	0.0	2	1.047010302498371	8.20078904066253	230.0	27	1.05	0.95				
	223	2	0.0	0.0	0.0	0.0	2	1.0275480071326297	2.2249845257291803	230.0	25	1.05	0.95				
	224	1	0.0	0.0	0.0	0.0	2	1.006473888270772	-3.005845191172614	230.0	26	1.05	0.95				
	301	2	45.37298322947368	9.242644731929825	0.0	0.0	3	1.01037129403474	-10.181265261879052	138.0	31	1.05	0.95				
	302	2	40.75166086350877	8.402404301754386	0.0	0.0	3	1.0100873516138902	-10.397132354874424	138.0	32	1.05	0.95				
	303	1	75.62163871578947	15.544447958245614	0.0	0.0	3	1.0401787170382455	-1.3552649019549539	138.0	31	1.05	0.95				
	304	1	31.08889591649123	6.301803226315789	0.0	0.0	3	1.0122686223254576	-9.153372713789162	138.0	31	1.05	0.95				
	305	1	29.82853527122807	5.881683011228071	0.0	0.0	3	1.0250198779926998	-10.470449544825845	138.0	31	1.05	0.95				
	306	1	57.13634925192983	11.763366022456141	0.0	-100.0	3	1.04121173402347	-11.139326889596104	138.0	32	1.05	0.95				
	307	2	52.51502688596491	10.503005377192983	0.0	0.0	3	0.9920330983228917	-15.398773050115988	138.0	32	1.05	0.95				
	308	1	71.84055678	14.704207528070173	0.0	0.0	3	0.999386798528894	-13.522295913729828	138.0	32	1.05	0.95				
	309	1	73.52103764035087	15.124327743157895	0.0	0.0	3	1.026921562936352	-6.415050663213007	138.0	33	1.05	0.95				
	310	1	81.92344194210526	16.80480860350877	0.0	0.0	3	1.05	-9.405028573538592	138.0	33	1.05	0.95				
	311	1	0.0	0.0	0.0	0.0	3	1.00732832935758	-4.60250070950571	230.0	33	1.05	0.95				
	312	1	0.0	0.0	0.0	0.0	3	1.0118192280242408	-4.131478079778282	230.0	33	1.05	0.95				
	313	2	111.33185699824561	22.68649161473684	0.0	0.0	3	1.0093084534484602	-1.6307413383722822	230.0	34	1.05	0.95				
	314	2	81.50332172701754	16.384688388421054	0.0	0.0	3	1.0024354851612611	-3.772053328181428	230.0	36	1.05	0.95				
	315	2	133.17810818280702	26.887693765614035	0.0	0.0	3	1.0320719018756463	0.050531818516771514	230.0	36	1.05	0.95				
	316	2	42.01202150877193	8.402404301754386	0.0	0.0	3	1.0290275727915807	-0.10514782268528432	230.0	36	1.05	0.95				
	317	1	0.0	0.0	0.0	0.0	3	1.0401036083698434	3.901493998443326	230.0	37	1.05	0.95				
	318	2	139.90003162421053	28.568174625964915	0.0	0.0	3	1.037484104167512	2.542795529130817	230.0	37	1.05	0.95				
	319	1	76.0417589308772	15.544447958245614	0.0	0.0	3	1.0225779183733923	-0.8444466457638541	230.0	35	1.05	0.95				
	320	1	53.77538753122807	10.923125592280702	0.0	0.0	3	1.0198153626863433	-0.6646468557899768	230.0	35	1.05	0.95				
	321	2	0.0	0.0	0.0	0.0	3	1.0377752831066693	2.297032061745008	230.0	37	1.05	0.95				
	322	2	0.0	0.0	0.0	0.0	3	1.05	7.240723185951826	230.0	37	1.05	0.95				
	323	2	0.0	0.0	0.0	0.0	3	1.018866894947486	-0.23605577949395237	230.0	35	1.05	0.95				
	324	1	0.0	0.0	0.0	0.0	3	1.030360206786132	-0.48564688418168683	230.0	36	1.05	0.95				
	325	1	0.0	0.0	0.0	0.0	3	1.0188402211767356	0.6099245191876241	230.0	35	1.05	0.95				
];
