%% MATPOWER Case Format : Version 2
function mpc = RTS_GMLC
mpc.version = '2';

%%-----  Power Flow Data  -----%%
%% system MVA base
mpc.baseMVA = 100.0;
%% bus data
%    bus_i    type    Pd    Qd    Gs    Bs    area    Vm    Va    baseKV    zone    Vmax    Vmin
mpc.bus = [
	101	2	78.52845126315789	15.996536368421053	0.0	0.0	1	1.0311227088776285	-2.122064117976305	138.0	11	1.05	0.95				
	102	2	70.53018307894736	14.542305789473684	0.0	0.0	1	1.031137674652014	-2.182887560983907	138.0	12	1.05	0.95				
	103	1	130.88075210526316	26.903265710526313	0.0	0.0	1	1.0203430900637598	-2.537905277533924	138.0	11	1.05	0.95				
	104	1	53.806531421052625	10.906729342105264	0.0	0.0	1	1.015872403952507	-5.042964141331388	138.0	11	1.05	0.95				
	105	1	51.62518555263158	10.17961405263158	0.0	0.0	1	1.0308392784820164	-5.0868710875978165	138.0	11	1.05	0.95				
	106	1	98.88767936842106	20.35922810526316	0.0	-100.0	1	1.0364938847222653	-7.407841621492668	138.0	12	1.05	0.95				
	107	2	90.88941118421052	18.177882236842105	0.0	0.0	1	1.05	-4.340253508486468	138.0	12	1.05	0.95				
	108	1	124.33671449999999	25.449035131578945	0.0	0.0	1	1.0263051463462414	-6.902442455458569	138.0	12	1.05	0.95				
	109	1	127.24517565789472	26.17615042105263	0.0	0.0	1	1.0266823831133103	-4.43449290775096	138.0	13	1.05	0.95				
	110	1	141.7874814473684	29.084611578947367	0.0	0.0	1	1.05	-5.790502490749328	138.0	13	1.05	0.95				
	111	1	0.0	0.0	0.0	0.0	1	1.013257311522685	-1.524086018749572	230.0	13	1.05	0.95				
	112	1	0.0	0.0	0.0	0.0	1	1.0159146795882765	-0.7212710894551324	230.0	13	1.05	0.95				
	113	3	192.6855517105263	39.264225631578945	0.0	0.0	1	1.014124353408261	7.212530511993442e-30	230.0	14	1.05	0.95				
	114	2	141.06036615789472	28.357496289473684	0.0	0.0	1	1.0155459581581576	0.7811100430420996	230.0	16	1.05	0.95				
	115	2	230.49554676315788	46.53537852631579	0.0	0.0	1	1.0452210792797654	8.799777929773906	230.0	16	1.05	0.95				
	116	2	72.71152894736842	14.542305789473684	0.0	0.0	1	1.043597351291903	8.397415748506104	230.0	16	1.05	0.95				
	117	1	0.0	0.0	0.0	0.0	1	1.0471365296341681	11.523968919433065	230.0	17	1.05	0.95				
	118	2	242.12939139473684	49.44383968421053	0.0	0.0	1	1.0493896753809586	12.127041719100824	230.0	17	1.05	0.95				
	119	1	131.60786739473684	26.903265710526313	0.0	0.0	1	1.0378984593635414	7.040816179362381	230.0	15	1.05	0.95				
	120	1	93.07075705263158	18.90499752631579	0.0	0.0	1	1.0394439816696348	7.233565565436602	230.0	15	1.05	0.95				
	121	2	0.0	0.0	0.0	0.0	1	1.05	12.766481331733912	230.0	17	1.05	0.95				
	122	2	0.0	0.0	0.0	0.0	1	1.05	19.700396777164276	230.0	17	1.05	0.95				
	123	2	0.0	0.0	0.0	0.0	1	1.0422542522908218	7.876274544363116	230.0	15	1.05	0.95				
	124	1	0.0	0.0	0.0	0.0	1	1.021698418206333	4.609935938217146	230.0	16	1.05	0.95				
	201	2	90.64316072842105	18.46434755578947	0.0	0.0	2	1.05	-12.38611861019339	138.0	21	1.05	0.95				
	202	2	81.4109869505263	16.785770505263155	0.0	0.0	2	1.05	-12.42729956402938	138.0	22	1.05	0.95				
	203	1	151.07193454736841	31.05367543473684	0.0	0.0	2	1.0254868833710198	-9.101572737078047	138.0	21	1.05	0.95				
	204	1	62.10735086947368	12.589327878947365	0.0	0.0	2	1.0212763997209613	-14.340898538236573	138.0	21	1.05	0.95				
	205	1	59.5894852936842	11.75003935368421	0.0	0.0	2	1.0389835103318177	-14.79534821680121	138.0	21	1.05	0.95				
	206	1	114.14323943578945	23.50007870736842	0.0	-100.0	2	1.037669054040584	-16.919462139798714	138.0	22	1.05	0.95				
	207	2	104.91106565789472	20.982213131578945	0.0	0.0	2	0.95	-28.157189187363674	138.0	22	1.05	0.95				
	208	1	143.51833782	29.375098384210517	0.0	0.0	2	0.9551140490708385	-24.611898129757357	138.0	22	1.05	0.95				
	209	1	146.8754919210526	30.214386909473678	0.0	0.0	2	1.0246903450691538	-12.54813278252173	138.0	23	1.05	0.95				
	210	1	163.66126242631574	33.57154101052631	0.0	0.0	2	1.049422197685042	-14.646181466597987	138.0	23	1.05	0.95				
	211	1	0.0	0.0	0.0	0.0	2	1.0315851680137924	-7.18071815416973	230.0	23	1.05	0.95				
	212	1	0.0	0.0	0.0	0.0	2	1.022932794132443	-5.8169842894760295	230.0	23	1.05	0.95				
	213	2	222.4114591947368	45.321580364210526	0.0	0.0	2	1.05	-2.7839536841970904	230.0	24	1.05	0.95				
	214	2	162.8219739010526	32.73225248526315	0.0	0.0	2	1.05	-4.903752106362293	230.0	26	1.05	0.95				
	215	2	266.054462508421	53.7144656168421	0.0	0.0	2	1.0440616068234663	3.633873174927314	230.0	26	1.05	0.95				
	216	2	83.92885252631578	16.785770505263155	0.0	0.0	2	1.0485697595145254	3.5194429547783947	230.0	26	1.05	0.95				
	217	1	0.0	0.0	0.0	0.0	2	1.0491217494829468	6.7711688387072275	230.0	27	1.05	0.95				
	218	2	279.4830789126315	57.07161971789473	0.0	0.0	2	1.05	7.384732334136746	230.0	27	1.05	0.95				
	219	1	151.91122307263157	31.05367543473684	0.0	0.0	2	1.042926843768153	3.021307775274666	230.0	25	1.05	0.95				
	220	1	107.4289312336842	21.821501656842106	0.0	0.0	2	1.045659755719347	4.156707440185756	230.0	25	1.05	0.95				
	221	2	0.0	0.0	0.0	0.0	2	1.05	7.862187488788617	230.0	27	1.05	0.95				
	222	2	0.0	0.0	0.0	0.0	2	1.05	13.946052888443754	230.0	27	1.05	0.95				
	223	2	0.0	0.0	0.0	0.0	2	1.05	5.3875410980822664	230.0	25	1.05	0.95				
	224	1	0.0	0.0	0.0	0.0	2	1.021018562489963	-1.1038165483037614	230.0	26	1.05	0.95				
	301	2	66.70990193684212	13.589054098245615	0.0	0.0	3	1.0131232272017756	-16.2042218269646	138.0	31	1.05	0.95				
	302	2	59.915374887719295	12.35368554385965	0.0	0.0	3	1.011818274177996	-16.540973565792843	138.0	32	1.05	0.95				
	303	1	111.18316989473685	22.854318256140353	0.0	0.0	3	1.0241116820449834	-10.401786746750464	138.0	31	1.05	0.95				
	304	1	45.708636512280705	9.265264157894737	0.0	0.0	3	1.009127781220743	-15.370436936636915	138.0	31	1.05	0.95				
	305	1	43.855583680701756	8.647579880701755	0.0	0.0	3	1.0234175560601264	-16.04557766266135	138.0	31	1.05	0.95				
	306	1	84.00506169824563	17.29515976140351	0.0	-100.0	3	1.035809146713985	-16.657786816975005	138.0	32	1.05	0.95				
	307	2	77.2105346491228	15.442106929824561	0.0	0.0	3	1.0050512552841429	-18.580874141558276	138.0	32	1.05	0.95				
	308	1	105.6240114	21.618949701754385	0.0	0.0	3	1.0021553612290013	-18.121190488828706	138.0	32	1.05	0.95				
	309	1	108.09474850877194	22.236633978947367	0.0	0.0	3	1.0275153041200933	-11.888908304039939	138.0	33	1.05	0.95				
	310	1	120.44843405263157	24.7073710877193	0.0	0.0	3	1.05	-13.906028418341885	138.0	33	1.05	0.95				
	311	1	0.0	0.0	0.0	0.0	3	1.016888789593764	-7.308728021724235	230.0	33	1.05	0.95				
	312	1	0.0	0.0	0.0	0.0	3	1.0170127931735304	-6.210748067568248	230.0	33	1.05	0.95				
	313	2	163.68633345614035	33.35495096842106	0.0	0.0	3	1.0255134607507348	-2.911687130705858	230.0	34	1.05	0.95				
	314	2	119.83074977543859	24.089686810526317	0.0	0.0	3	1.0241659290488283	-5.595091690550848	230.0	36	1.05	0.95				
	315	2	195.80591587017545	39.53179374035088	0.0	0.0	3	1.04602357195496	0.6656514756987211	230.0	36	1.05	0.95				
	316	2	61.768427719298245	12.35368554385965	0.0	0.0	3	1.0441870870136745	0.5650461323174651	230.0	36	1.05	0.95				
	317	1	0.0	0.0	0.0	0.0	3	1.0472339015995302	2.7200794491727662	230.0	37	1.05	0.95				
	318	2	205.6888643052632	42.00253084912281	0.0	0.0	3	1.0475526320078388	2.8405689429214656	230.0	37	1.05	0.95				
	319	1	111.80085417192981	22.854318256140353	0.0	0.0	3	1.0409795155487542	0.35437864292205623	230.0	35	1.05	0.95				
	320	1	79.06358748070176	16.059791207017547	0.0	0.0	3	1.043206943737758	1.3353336001178218	230.0	35	1.05	0.95				
	321	2	0.0	0.0	0.0	0.0	3	1.05	4.032471814484307	230.0	37	1.05	0.95				
	322	2	0.0	0.0	0.0	0.0	3	1.05	9.292475733475115	230.0	37	1.05	0.95				
	323	2	0.0	0.0	0.0	0.0	3	1.046134119546898	2.327178870861217	230.0	35	1.05	0.95				
	324	1	0.0	0.0	0.0	0.0	3	1.0239444064250618	-3.435501881078322	230.0	36	1.05	0.95				
	325	1	0.0	0.0	0.0	0.0	3	1.0441894921362507	3.195553749828324	230.0	35	1.05	0.95				
];

%% generator data
%    bus    Pg    Qg    Qmax    Qmin    Vg    mBase    status    Pmax    Pmin    Pc1    Pc2    Qc1min    Qc1max    Qc2min    Qc2max    ramp_agc    ramp_10    ramp_30    ramp_q    apf
