%% MATPOWER Case Format : Version 2
function mpc = RTS_GMLC
mpc.version = '2';

%%-----  Power Flow Data  -----%%
%% system MVA base
mpc.baseMVA = 100.0;
%% bus data
%    bus_i    type    Pd    Qd    Gs    Bs    area    Vm    Va    baseKV    zone    Vmax    Vmin
mpc.bus = [
	101	2	45.00890647578948	9.168480948771931	0.0	0.0	1	1.0357643689220113	2.5504356140337525	138.0	11	1.05	0.95				
	102	2	40.42466600140351	8.334982680701755	0.0	0.0	1	1.035361195021462	2.4257070049456355	138.0	12	1.05	0.95				
	103	1	75.0148441263158	15.419717959298247	0.0	0.0	1	1.0293401140760314	-0.20201049125782322	138.0	11	1.05	0.95				
	104	1	30.839435918596493	6.2512370105263155	0.0	0.0	1	1.0226153988808253	-0.96590238958961	138.0	11	1.05	0.95				
	105	1	29.589188516491227	5.834487876491229	0.0	0.0	1	1.0370849729761753	-0.6781472395342782	138.0	11	1.05	0.95				
	106	1	56.677882228771935	11.668975752982458	0.0	-100.0	1	1.0461865724012316	-2.917502736484793	138.0	12	1.05	0.95				
	107	2	52.09364175438596	10.418728350877194	0.0	0.0	1	1.0001707987298034	-7.498022717966466	138.0	12	1.05	0.95				
	108	1	71.26410192	14.58621969122807	0.0	0.0	1	1.0050891539609992	-6.623387998518711	138.0	12	1.05	0.95				
	109	1	72.93109845614035	15.002968825263158	0.0	0.0	1	1.0250643732267453	-2.0609064684972314	138.0	13	1.05	0.95				
	110	1	81.2660811368421	16.66996536140351	0.0	0.0	1	1.05	-2.6464097632444514	138.0	13	1.05	0.95				
	111	1	0.0	0.0	0.0	0.0	1	1.003229298949319	-0.49785508501151465	230.0	13	1.05	0.95				
	112	1	0.0	0.0	0.0	0.0	1	1.0083725666893826	0.09180905125731147	230.0	13	1.05	0.95				
	113	3	110.43852051929825	22.50445323789474	0.0	0.0	1	0.9948681832684505	-3.9291875989207513e-29	230.0	14	1.05	0.95				
	114	2	80.84933200280702	16.253216227368423	0.0	0.0	1	0.9990678506356437	1.0535826869695566	230.0	16	1.05	0.95				
	115	2	132.10947548912281	26.671944578245615	0.0	0.0	1	1.0386031291849327	5.655526316971831	230.0	16	1.05	0.95				
	116	2	41.674913403508775	8.334982680701755	0.0	0.0	1	1.033942070247067	5.639986534631245	230.0	16	1.05	0.95				
	117	1	0.0	0.0	0.0	0.0	1	1.042270057906734	6.98237899306555	230.0	17	1.05	0.95				
	118	2	138.7774616336842	28.338941114385968	0.0	0.0	1	1.045303080261677	6.604586157318492	230.0	17	1.05	0.95				
	119	1	75.43159326035088	15.419717959298247	0.0	0.0	1	1.027499161176105	5.155299732344077	230.0	15	1.05	0.95				
	120	1	53.34388915649123	10.835477484912282	0.0	0.0	1	1.0246245258314384	5.544133537078039	230.0	15	1.05	0.95				
	121	2	0.0	0.0	0.0	0.0	1	1.05	7.205878799677961	230.0	17	1.05	0.95				
	122	2	0.0	0.0	0.0	0.0	1	1.05	15.253490643043463	230.0	17	1.05	0.95				
	123	2	0.0	0.0	0.0	0.0	1	1.0236326988648694	6.082853693953417	230.0	15	1.05	0.95				
	124	1	0.0	0.0	0.0	0.0	1	1.027016678322729	3.4675545599841002	230.0	16	1.05	0.95				
	201	2	43.162600357894746	8.792381554385965	0.0	0.0	2	1.0262364858856547	-4.646028128944443	138.0	21	1.05	0.95				
	202	2	38.766409580701755	7.9930741403508785	0.0	0.0	2	1.0265475843603562	-4.519378164743388	138.0	22	1.05	0.95				
	203	1	71.9376672631579	14.787187159649124	0.0	0.0	2	1.0192348893546876	-5.191578243900733	138.0	21	1.05	0.95				
	204	1	29.574374319298247	5.994805605263158	0.0	0.0	2	1.0185020250285668	-6.780426662185224	138.0	21	1.05	0.95				
	205	1	28.375413198245614	5.595151898245615	0.0	0.0	2	1.0330967393179074	-6.866313122944091	138.0	21	1.05	0.95				
	206	1	54.352904154385975	11.19030379649123	0.0	-100.0	2	1.0451277272594666	-8.477927647453345	138.0	22	1.05	0.95				
	207	2	49.95671337719298	9.991342675438597	0.0	0.0	2	0.9876985208191366	-14.47685334454946	138.0	22	1.05	0.95				
	208	1	68.3407839	13.987879745614034	0.0	0.0	2	0.9970510414152006	-12.715482466544842	138.0	22	1.05	0.95				
	209	1	69.93939872807017	14.38753345263158	0.0	0.0	2	1.023259815082119	-6.9877576851551835	138.0	23	1.05	0.95				
	210	1	77.93247286842106	15.986148280701757	0.0	0.0	2	1.05	-7.833418434607948	138.0	23	1.05	0.95				
	211	1	0.0	0.0	0.0	0.0	2	1.003763548058492	-4.597403935637366	230.0	23	1.05	0.95				
	212	1	0.0	0.0	0.0	0.0	2	1.0105283995894827	-4.3384109650057985	230.0	23	1.05	0.95				
	213	2	105.90823235964912	21.581300178947373	0.0	0.0	2	0.9984339615723644	-4.045378438278327	230.0	24	1.05	0.95				
	214	2	77.53281916140351	15.586494573684211	0.0	0.0	2	1.0012548344250876	-2.137821168622174	230.0	26	1.05	0.95				
	215	2	126.69022512456141	25.57783724912281	0.0	0.0	2	1.027132445499843	3.802945677948375	230.0	26	1.05	0.95				
	216	2	39.96537070175439	7.9930741403508785	0.0	0.0	2	1.0286342444566203	3.6634617543352577	230.0	26	1.05	0.95				
	217	1	0.0	0.0	0.0	0.0	2	1.034127390232877	6.209919643987145	230.0	27	1.05	0.95				
	218	2	133.0846844368421	27.176452077192987	0.0	0.0	2	1.0356846941614788	6.71859103207961	230.0	27	1.05	0.95				
	219	1	72.33732097017544	14.787187159649124	0.0	0.0	2	1.0293628293206945	2.402418814921896	230.0	25	1.05	0.95				
	220	1	51.15567449824562	10.39099638245614	0.0	0.0	2	1.0327501105662251	2.0864958290156768	230.0	25	1.05	0.95				
	221	2	0.0	0.0	0.0	0.0	2	1.0356510391803535	6.5051634175306745	230.0	27	1.05	0.95				
	222	2	0.0	0.0	0.0	0.0	2	1.05	12.886912049818635	230.0	27	1.05	0.95				
	223	2	0.0	0.0	0.0	0.0	2	1.0349763730266845	2.2166247163079995	230.0	25	1.05	0.95				
	224	1	0.0	0.0	0.0	0.0	2	1.0130042006113258	0.4274615745083508	230.0	26	1.05	0.95				
	301	2	61.56785826947369	12.541600758596491	0.0	0.0	3	1.0084802600532328	-36.05906655639128	138.0	31	1.05	0.95				
	302	2	55.29705789017544	11.401455235087719	0.0	0.0	3	1.0078294832047767	-36.2227364885864	138.0	32	1.05	0.95				
	303	1	102.61309711578947	21.09269218491228	0.0	0.0	3	1.0232892266429001	-28.130085059929083	138.0	31	1.05	0.95				
	304	1	42.18538436982456	8.55109142631579	0.0	0.0	3	1.0074101900741452	-34.316719266566516	138.0	31	1.05	0.95				
	305	1	40.4751660845614	7.981018664561404	0.0	0.0	3	1.0214745038437447	-35.30810063548495	138.0	31	1.05	0.95				
	306	1	77.52989559859648	15.962037329122808	0.0	-100.0	3	1.036174361198435	-35.52784349261125	138.0	32	1.05	0.95				
	307	2	71.25909521929825	14.251819043859648	0.0	0.0	3	0.9922309176422527	-42.12097722195749	138.0	32	1.05	0.95				
	308	1	97.48244225999998	19.952546661403506	0.0	0.0	3	0.9929054855618409	-39.41148438454881	138.0	32	1.05	0.95				
	309	1	99.76273330701754	20.52261942315789	0.0	0.0	3	1.0267619689443082	-30.43269505534226	138.0	33	1.05	0.95				
	310	1	111.16418854210525	22.802910470175437	0.0	0.0	3	1.05	-32.72702410663629	138.0	33	1.05	0.95				
	311	1	0.0	0.0	0.0	0.0	3	1.0189052844687616	-25.235848548650733	230.0	33	1.05	0.95				
	312	1	0.0	0.0	0.0	0.0	3	1.0174773475311176	-24.671052447431077	230.0	33	1.05	0.95				
	313	2	151.06928186491226	30.783929134736844	0.0	0.0	3	1.0270942320523355	-21.521118955392005	230.0	34	1.05	0.95				
	314	2	110.59411578035088	22.23283770842105	0.0	0.0	3	1.0318111535064332	-22.2260305035876	230.0	36	1.05	0.95				
	315	2	180.71306547614034	36.4846567522807	0.0	0.0	3	1.0491073797335164	-14.954958784009428	230.0	36	1.05	0.95				
	316	2	57.00727617543859	11.401455235087719	0.0	0.0	3	1.0490728072447464	-14.574073324903004	230.0	36	1.05	0.95				
	317	1	0.0	0.0	0.0	0.0	3	1.05	-11.472614787973832	230.0	37	1.05	0.95				
	318	2	189.8342296642105	38.76494779929824	0.0	0.0	3	1.0488216301595048	-10.98752036899771	230.0	37	1.05	0.95				
	319	1	103.18316987754386	21.09269218491228	0.0	0.0	3	1.0459626084467826	-15.820067602936154	230.0	35	1.05	0.95				
	320	1	72.9693135045614	14.821891805614035	0.0	0.0	3	1.0478321462467153	-15.838074017150158	230.0	35	1.05	0.95				
	321	2	0.0	0.0	0.0	0.0	3	1.05	-10.828573367150664	230.0	37	1.05	0.95				
	322	2	0.0	0.0	0.0	0.0	3	1.05	-6.734180626279278	230.0	37	1.05	0.95				
	323	2	0.0	0.0	0.0	0.0	3	1.05	-15.431093542065856	230.0	35	1.05	0.95				
	324	1	0.0	0.0	0.0	0.0	3	1.0226963286969175	-19.808805810754844	230.0	36	1.05	0.95				
	325	1	0.0	0.0	0.0	0.0	3	1.0407818593931986	-13.606942323024471	230.0	35	1.05	0.95				
];
