%% MATPOWER Case Format : Version 2
function mpc = RTS_GMLC
mpc.version = '2';

%%-----  Power Flow Data  -----%%
%% system MVA base
mpc.baseMVA = 100.0;
%% bus data
%    bus_i    type    Pd    Qd    Gs    Bs    area    Vm    Va    baseKV    zone    Vmax    Vmin
mpc.bus = [
	101	2	87.61306285894736	17.84710539719298	0.0	0.0	1	1.0372630109604528	-3.9113370313969162	138.0	11	1.05	0.95				
	102	2	78.68951016035088	16.22464127017544	0.0	0.0	1	1.0372133303359568	-3.9783966328565885	138.0	12	1.05	0.95				
	103	1	146.02177143157894	30.01558634982456	0.0	0.0	1	1.0184136084401534	-4.901462519512109	138.0	11	1.05	0.95				
	104	1	60.03117269964912	12.168480952631578	0.0	0.0	1	1.018071200525185	-6.718487241659171	138.0	11	1.05	0.95				
	105	1	57.5974765091228	11.357248889122808	0.0	0.0	1	1.0328440187660082	-6.900840542829448	138.0	11	1.05	0.95				
	106	1	110.32756063719297	22.714497778245615	0.0	-100.0	1	1.0354900404963367	-9.312023823896505	138.0	12	1.05	0.95				
	107	2	101.40400793859648	20.280801587719296	0.0	0.0	1	1.0469284055744084	-4.903144779251323	138.0	12	1.05	0.95				
	108	1	138.72068285999998	28.393122222807015	0.0	0.0	1	1.0219073643078498	-8.170165798878214	138.0	12	1.05	0.95				
	109	1	141.96561111403508	29.204354286315787	0.0	0.0	1	1.0270377694810517	-6.014257192524163	138.0	13	1.05	0.95				
	110	1	158.1902523842105	32.44928254035088	0.0	0.0	1	1.05	-7.3881128536390195	138.0	13	1.05	0.95				
	111	1	0.0	0.0	0.0	0.0	1	1.016413483952253	-2.719353808705903	230.0	13	1.05	0.95				
	112	1	0.0	0.0	0.0	0.0	1	1.0178681689801314	-1.5221321865291997	230.0	13	1.05	0.95				
	113	3	214.97649682982453	43.80653142947368	0.0	0.0	1	1.0209386658853707	-9.77708025330437e-28	230.0	14	1.05	0.95				
	114	2	157.37902032070176	31.638050476842107	0.0	0.0	1	1.0199946917016491	-1.1055716357607148	230.0	16	1.05	0.95				
	115	2	257.1605641322807	51.918852064561406	0.0	0.0	1	1.0447157930999755	6.269781943722139	230.0	16	1.05	0.95				
	116	2	81.12320635087718	16.22464127017544	0.0	0.0	1	1.0441573767812808	6.098039872154278	230.0	16	1.05	0.95				
	117	1	0.0	0.0	0.0	0.0	1	1.0474610507452773	8.898844565727282	230.0	17	1.05	0.95				
	118	2	270.14027714842103	55.16378031859649	0.0	0.0	1	1.0491006235146612	9.443783571553586	230.0	17	1.05	0.95				
	119	1	146.83300349508772	30.01558634982456	0.0	0.0	1	1.0387229971124516	5.30385394139909	230.0	15	1.05	0.95				
	120	1	103.83770412912281	21.09203365122807	0.0	0.0	1	1.0413411730950497	6.139601474100915	230.0	15	1.05	0.95				
	121	2	0.0	0.0	0.0	0.0	1	1.05	10.207521393297077	230.0	17	1.05	0.95				
	122	2	0.0	0.0	0.0	0.0	1	1.05	16.205687619593586	230.0	17	1.05	0.95				
	123	2	0.0	0.0	0.0	0.0	1	1.0453595929811406	7.191687447202364	230.0	15	1.05	0.95				
	124	1	0.0	0.0	0.0	0.0	1	1.0208832328653268	2.1477372294761534	230.0	16	1.05	0.95				
	201	2	80.12025814736843	16.32079332631579	0.0	0.0	2	1.040701164214402	-9.495296755036119	138.0	21	1.05	0.95				
	202	2	71.95986148421053	14.837084842105263	0.0	0.0	2	1.0406674471421509	-9.627570007373249	138.0	22	1.05	0.95				
	203	1	133.53376357894737	27.44860695789474	0.0	0.0	2	1.0281571875606959	-6.955692304512486	138.0	21	1.05	0.95				
	204	1	54.89721391578948	11.127813631578947	0.0	0.0	2	1.0197766103220829	-11.397163206356591	138.0	21	1.05	0.95				
	205	1	52.67165118947368	10.385959389473685	0.0	0.0	2	1.0358867898504442	-11.73689891710307	138.0	21	1.05	0.95				
	206	1	100.8921769263158	20.77191877894737	0.0	-100.0	2	1.038821772438724	-13.702298779386325	138.0	22	1.05	0.95				
	207	2	92.73178026315789	18.54635605263158	0.0	0.0	2	0.9613033311360754	-24.8799165718077	138.0	22	1.05	0.95				
	208	1	126.8570754	25.96489847368421	0.0	0.0	2	0.9659003968835083	-21.187033867895178	138.0	22	1.05	0.95				
	209	1	129.82449236842106	26.706752715789474	0.0	0.0	2	1.0260482322841789	-9.857162299317498	138.0	23	1.05	0.95				
	210	1	144.66157721052633	29.674169684210526	0.0	0.0	2	1.05	-11.691000590693953	138.0	23	1.05	0.95				
	211	1	0.0	0.0	0.0	0.0	2	1.0267706212585075	-4.874209649960492	230.0	23	1.05	0.95				
	212	1	0.0	0.0	0.0	0.0	2	1.0207860320234683	-3.686286731922596	230.0	23	1.05	0.95				
	213	2	196.59137415789473	40.060129073684216	0.0	0.0	2	1.0388202967057103	-1.1445907875545904	230.0	24	1.05	0.95				
	214	2	143.91972296842107	28.932315442105267	0.0	0.0	2	1.0423937806859824	-2.4205644583183306	230.0	26	1.05	0.95				
	215	2	235.16779474736845	47.478671494736844	0.0	0.0	2	1.046023943970211	5.717153550489001	230.0	26	1.05	0.95				
	216	2	74.18542421052632	14.837084842105263	0.0	0.0	2	1.0490797540312822	5.602545812812549	230.0	26	1.05	0.95				
	217	1	0.0	0.0	0.0	0.0	2	1.0496262959581464	8.522574831332559	230.0	27	1.05	0.95				
	218	2	247.03746262105267	50.4460884631579	0.0	0.0	2	1.05	9.39535616659216	230.0	27	1.05	0.95				
	219	1	134.27561782105263	27.44860695789474	0.0	0.0	2	1.0442476296438896	5.09274667408632	230.0	25	1.05	0.95				
	220	1	94.95734298947369	19.288210294736842	0.0	0.0	2	1.0464962737270198	6.034894012986399	230.0	25	1.05	0.95				
	221	2	0.0	0.0	0.0	0.0	2	1.05	9.88671705614345	230.0	27	1.05	0.95				
	222	2	0.0	0.0	0.0	0.0	2	1.05	15.863316894004718	230.0	27	1.05	0.95				
	223	2	0.0	0.0	0.0	0.0	2	1.05	7.09080377731283	230.0	25	1.05	0.95				
	224	1	0.0	0.0	0.0	0.0	2	1.0233015371566483	0.9995955785168361	230.0	26	1.05	0.95				
	301	2	75.86649795789474	15.454286621052631	0.0	0.0	3	1.0139422087804895	-16.853252502861373	138.0	31	1.05	0.95				
	302	2	68.13935464736842	14.04935147368421	0.0	0.0	3	1.0125025830621113	-17.230682137328245	138.0	32	1.05	0.95				
	303	1	126.4441632631579	25.99130022631579	0.0	0.0	3	1.0206043020729947	-11.00216085791136	138.0	31	1.05	0.95				
	304	1	51.98260045263158	10.537013605263159	0.0	0.0	3	1.0069386462344676	-16.026666984864267	138.0	31	1.05	0.95				
	305	1	49.87519773157894	9.834546031578949	0.0	0.0	3	1.022428800485797	-16.4122269679047	138.0	31	1.05	0.95				
	306	1	95.53559002105264	19.669092063157898	0.0	-100.0	3	1.0333501323486236	-16.950397759212958	138.0	32	1.05	0.95				
	307	2	87.80844671052633	17.561689342105264	0.0	0.0	3	1.0059751351370867	-19.347707991407674	138.0	32	1.05	0.95				
	308	1	120.1219551	24.586365078947367	0.0	0.0	3	0.9998507264237257	-18.798695563674436	138.0	32	1.05	0.95				
	309	1	122.93182539473683	25.288832652631577	0.0	0.0	3	1.0264674622482513	-12.165179592791322	138.0	33	1.05	0.95				
	310	1	136.98117686842107	28.09870294736842	0.0	0.0	3	1.05	-13.719332922071612	138.0	33	1.05	0.95				
	311	1	0.0	0.0	0.0	0.0	3	1.0192264538888707	-6.796729016847667	230.0	33	1.05	0.95				
	312	1	0.0	0.0	0.0	0.0	3	1.0189371454820515	-5.810684072740298	230.0	33	1.05	0.95				
	313	2	186.15390702631578	37.93324897894737	0.0	0.0	3	1.0310135566648841	-2.2955449202337697	230.0	34	1.05	0.95				
	314	2	136.27870929473684	27.396235373684213	0.0	0.0	3	1.028842537737735	-4.681321926986409	230.0	36	1.05	0.95				
	315	2	222.68222085789472	44.957924715789474	0.0	0.0	3	1.046433248622588	0.3485374644817507	230.0	36	1.05	0.95				
	316	2	70.24675736842106	14.04935147368421	0.0	0.0	3	1.044371192884386	0.24902864070950004	230.0	36	1.05	0.95				
	317	1	0.0	0.0	0.0	0.0	3	1.046947583382499	2.25317683675626	230.0	37	1.05	0.95				
	318	2	233.92170203684213	47.76779501052632	0.0	0.0	3	1.0473618706231813	2.461016533856005	230.0	37	1.05	0.95				
	319	1	127.1466308368421	25.99130022631579	0.0	0.0	3	1.0415775635983808	0.38320727522272213	230.0	35	1.05	0.95				
	320	1	89.91584943157895	18.264156915789474	0.0	0.0	3	1.0437115422048502	1.2292158173634828	230.0	35	1.05	0.95				
	321	2	0.0	0.0	0.0	0.0	3	1.05	3.669421181199616	230.0	37	1.05	0.95				
	322	2	0.0	0.0	0.0	0.0	3	1.05	8.888553955736906	230.0	37	1.05	0.95				
	323	2	0.0	0.0	0.0	0.0	3	1.0466130819537751	2.0928406458658073	230.0	35	1.05	0.95				
	324	1	0.0	0.0	0.0	0.0	3	1.0239457228681805	-2.88885028525752	230.0	36	1.05	0.95				
	325	1	0.0	0.0	0.0	0.0	3	1.0455572334818297	2.770093584070206	230.0	35	1.05	0.95				
];
