%% MATPOWER Case Format : Version 2
function mpc = RTS_GMLC
mpc.version = '2';

%%-----  Power Flow Data  -----%%
%% system MVA base
mpc.baseMVA = 100.0;
%% bus data
%    bus_i    type    Pd    Qd    Gs    Bs    area    Vm    Va    baseKV    zone    Vmax    Vmin
mpc.bus = [
	101	2	46.892627393684215	9.552201876491228	0.0	0.0	1	1.022478335929897	-3.146098886687365	138.0	11	1.05	0.95				
	102	2	42.116526455438596	8.683819887719299	0.0	0.0	1	1.0215698984765624	-3.3742657897509756	138.0	12	1.05	0.95				
	103	1	78.15437898947368	16.065066792280703	0.0	0.0	1	1.031709288511365	-0.48596620548791675	138.0	11	1.05	0.95				
	104	1	32.130133584561406	6.512864915789473	0.0	0.0	1	1.0204592145548297	-3.8550569379579636	138.0	11	1.05	0.95				
	105	1	30.82756060140351	6.078673921403509	0.0	0.0	1	1.0308874750409227	-4.937086593562288	138.0	11	1.05	0.95				
	106	1	59.049975236491235	12.157347842807019	0.0	-100.0	1	1.043249133043973	-6.4267025719026405	138.0	12	1.05	0.95				
	107	2	54.273874298245616	10.854774859649122	0.0	0.0	1	1.0018381718571183	-10.145681188522161	138.0	12	1.05	0.95				
	108	1	74.24666004	15.196684803508772	0.0	0.0	1	1.0054441762086934	-9.125056972810407	138.0	12	1.05	0.95				
	109	1	75.98342401754387	15.630875797894737	0.0	0.0	1	1.0256649048906725	-3.707624203440865	138.0	13	1.05	0.95				
	110	1	84.66724390526316	17.367639775438597	0.0	0.0	1	1.05	-5.352339880809761	138.0	13	1.05	0.95				
	111	1	0.0	0.0	0.0	0.0	1	1.0056670951995532	-1.3406107676663717	230.0	13	1.05	0.95				
	112	1	0.0	0.0	0.0	0.0	1	1.0085181781046955	-1.7350441603231512	230.0	13	1.05	0.95				
	113	3	115.0606135122807	23.446313696842108	0.0	0.0	1	0.9991704182493409	9.333272412334335e-31	230.0	14	1.05	0.95				
	114	2	84.23305291087719	16.933448781052633	0.0	0.0	1	1.0060486589062643	0.8061975990713799	230.0	16	1.05	0.95				
	115	2	137.6385452203509	27.788223640701755	0.0	0.0	1	1.0397205231180366	7.66224346462313	230.0	16	1.05	0.95				
	116	2	43.41909943859649	8.683819887719299	0.0	0.0	1	1.0350509721702186	6.375216173971856	230.0	16	1.05	0.95				
	117	1	0.0	0.0	0.0	0.0	1	1.0421345688404844	10.259043065489037	230.0	17	1.05	0.95				
	118	2	144.58560113052633	29.524987618245618	0.0	0.0	1	1.046428665711903	11.228734860970881	230.0	17	1.05	0.95				
	119	1	78.58856998385966	16.065066792280703	0.0	0.0	1	1.0236403207701554	3.880021651084937	230.0	15	1.05	0.95				
	120	1	55.57644728140351	11.288965854035087	0.0	0.0	1	1.0172266346365257	2.1269785517553887	230.0	15	1.05	0.95				
	121	2	0.0	0.0	0.0	0.0	1	1.048811600021001	12.767908345328802	230.0	17	1.05	0.95				
	122	2	0.0	0.0	0.0	0.0	1	1.05	18.600705843279773	230.0	17	1.05	0.95				
	123	2	0.0	0.0	0.0	0.0	1	1.0144236845555028	1.4960457968497811	230.0	15	1.05	0.95				
	124	1	0.0	0.0	0.0	0.0	1	1.0263430428466371	4.605989575389095	230.0	16	1.05	0.95				
	201	2	41.71761371368421	8.498032423157895	0.0	0.0	2	1.0154066730824212	-9.943541754297357	138.0	21	1.05	0.95				
	202	2	37.46859750210526	7.725484021052631	0.0	0.0	2	1.0145671644273975	-10.169524348755992	138.0	22	1.05	0.95				
	203	1	69.52935618947367	14.292145438947369	0.0	0.0	2	1.0152678031055062	-7.8741254190967185	138.0	21	1.05	0.95				
	204	1	28.584290877894738	5.794113015789473	0.0	0.0	2	1.0135326403809741	-9.645559303611753	138.0	21	1.05	0.95				
	205	1	27.425468274736836	5.407838814736842	0.0	0.0	2	1.02802614363427	-9.911549530561212	138.0	21	1.05	0.95				
	206	1	52.5332913431579	10.815677629473685	0.0	-100.0	2	1.0433004014965448	-10.385218912236898	138.0	22	1.05	0.95				
	207	2	48.284275131578944	9.656855026315789	0.0	0.0	2	0.9982552255062873	-15.013646272776825	138.0	22	1.05	0.95				
	208	1	66.05288838	13.519597036842104	0.0	0.0	2	1.0037648565831896	-13.28903543880037	138.0	22	1.05	0.95				
	209	1	67.59798518421051	13.905871237894734	0.0	0.0	2	1.0236525802358143	-7.617123398917055	138.0	23	1.05	0.95				
	210	1	75.32346920526315	15.450968042105263	0.0	0.0	2	1.05	-8.63574250249993	138.0	23	1.05	0.95				
	211	1	0.0	0.0	0.0	0.0	2	1.0015970405077856	-5.563386993941905	230.0	23	1.05	0.95				
	212	1	0.0	0.0	0.0	0.0	2	1.0085138719716178	-1.4953150681282021	230.0	23	1.05	0.95				
	213	2	102.36266327894737	20.858806856842104	0.0	0.0	2	0.994690409908594	-3.7126209168416127	230.0	24	1.05	0.95				
	214	2	74.93719500421052	15.064693841052632	0.0	0.0	2	0.9972912054322494	-4.463206589526077	230.0	26	1.05	0.95				
	215	2	122.4489217336842	24.72154886736842	0.0	0.0	2	1.0171810558734813	0.30507238891272515	230.0	26	1.05	0.95				
	216	2	38.627420105263155	7.725484021052631	0.0	0.0	2	1.0148692554467789	-0.5359443706413434	230.0	26	1.05	0.95				
	217	1	0.0	0.0	0.0	0.0	2	1.021389561737554	0.8982477213783963	230.0	27	1.05	0.95				
	218	2	128.6293089505263	26.26664567157895	0.0	0.0	2	1.0211513989341077	0.6480118456106334	230.0	27	1.05	0.95				
	219	1	69.91563039052632	14.292145438947369	0.0	0.0	2	1.012290983921627	-0.9407727706402205	230.0	25	1.05	0.95				
	220	1	49.44309773473684	10.043129227368421	0.0	0.0	2	1.012507571310924	-0.5169461273885659	230.0	25	1.05	0.95				
	221	2	0.0	0.0	0.0	0.0	2	1.0233488882260122	1.3313567240396338	230.0	27	1.05	0.95				
	222	2	0.0	0.0	0.0	0.0	2	1.0450750297361973	7.713763263843197	230.0	27	1.05	0.95				
	223	2	0.0	0.0	0.0	0.0	2	1.0131199589117759	0.02266185978729036	230.0	25	1.05	0.95				
	224	1	0.0	0.0	0.0	0.0	2	1.0062843735846678	-2.7829226331423116	230.0	26	1.05	0.95				
	301	2	58.76621321684211	11.970895284912281	0.0	0.0	3	1.0011928978667235	9.615807002986717	138.0	31	1.05	0.95				
	302	2	52.78076557438596	10.882632077192984	0.0	0.0	3	1.0005804809727996	9.46177887121499	138.0	32	1.05	0.95				
	303	1	97.94368869473684	20.132869342807016	0.0	0.0	3	1.0348383174872302	16.593205644822497	138.0	31	1.05	0.95				
	304	1	40.26573868561403	8.161974057894735	0.0	0.0	3	1.00610673486101	11.172617716914235	138.0	31	1.05	0.95				
	305	1	38.633343874035084	7.617842454035088	0.0	0.0	3	1.0181386916896764	10.348842799632369	138.0	31	1.05	0.95				
	306	1	74.00189812491227	15.235684908070176	0.0	-100.0	3	1.0351697650471652	10.138677007775048	138.0	32	1.05	0.95				
	307	2	68.01645048245614	13.603290096491227	0.0	0.0	3	0.9910228011563614	6.492291216261887	138.0	32	1.05	0.95				
	308	1	93.04650425999999	19.044606135087715	0.0	0.0	3	1.0008870928777245	8.919887338495002	138.0	32	1.05	0.95				
	309	1	95.2230306754386	19.58873773894737	0.0	0.0	3	1.0290292524803095	14.779480290128669	138.0	33	1.05	0.95				
	310	1	106.10566275263157	21.765264154385967	0.0	0.0	3	1.05	12.829605911477348	138.0	33	1.05	0.95				
	311	1	0.0	0.0	0.0	0.0	3	1.0109071296861716	17.512691877451967	230.0	33	1.05	0.95				
	312	1	0.0	0.0	0.0	0.0	3	1.0169244367523322	18.348609795861226	230.0	33	1.05	0.95				
	313	2	144.19487502280703	29.383106608421055	0.0	0.0	3	1.017234797673612	22.555092931542312	230.0	34	1.05	0.95				
	314	2	105.56153114877192	21.221132550526313	0.0	0.0	3	1.0080568529630518	16.877672412672922	230.0	36	1.05	0.95				
	315	2	172.48971842350875	34.82442264701754	0.0	0.0	3	1.0338843234251274	12.646774301545689	230.0	36	1.05	0.95				
	316	2	54.41316038596491	10.882632077192984	0.0	0.0	3	1.031239369498808	13.377738130465756	230.0	36	1.05	0.95				
	317	1	0.0	0.0	0.0	0.0	3	1.0380038676588388	12.849476731756825	230.0	37	1.05	0.95				
	318	2	181.19582408526315	37.00094906245614	0.0	0.0	3	1.0361239753702707	11.160685539119353	230.0	37	1.05	0.95				
	319	1	98.48782029859649	20.132869342807016	0.0	0.0	3	1.0287424156359073	15.458481394418126	230.0	35	1.05	0.95				
	320	1	69.64884529403508	14.147421700350876	0.0	0.0	3	1.0276648448966978	16.695363542153302	230.0	35	1.05	0.95				
	321	2	0.0	0.0	0.0	0.0	3	1.0373092968995568	12.242744505960232	230.0	37	1.05	0.95				
	322	2	0.0	0.0	0.0	0.0	3	1.049999954242378	16.79032533545571	230.0	37	1.05	0.95				
	323	2	0.0	0.0	0.0	0.0	3	1.0266609832416465	17.068053442242892	230.0	35	1.05	0.95				
	324	1	0.0	0.0	0.0	0.0	3	1.0341569070497971	16.184707146594377	230.0	36	1.05	0.95				
	325	1	0.0	0.0	0.0	0.0	3	1.0298986302177247	16.710629250364548	230.0	35	1.05	0.95				
];
