%% MATPOWER Case Format : Version 2
function mpc = RTS_GMLC
mpc.version = '2';

%%-----  Power Flow Data  -----%%
%% system MVA base
mpc.baseMVA = 100.0;
%% bus data
%    bus_i    type    Pd    Qd    Gs    Bs    area    Vm    Va    baseKV    zone    Vmax    Vmin
mpc.bus = [
	101	2	43.19198416421053	8.798367144561405	0.0	0.0	1	1.0337820997434413	1.0532044557100328	138.0	11	1.05	0.95				
	102	2	38.792800591929826	7.998515585964913	0.0	0.0	1	1.0318957889432192	0.5519650062643885	138.0	12	1.05	0.95				
	103	1	71.98664027368422	14.797253834035088	0.0	0.0	1	1.0311535800895066	0.8220855021536944	138.0	11	1.05	0.95				
	104	1	29.594507668070175	5.998886689473684	0.0	0.0	1	1.0246886427994704	-1.3675471417696372	138.0	11	1.05	0.95				
	105	1	28.394730330175438	5.598960910175439	0.0	0.0	1	1.0364859182649795	-1.9205603562194198	138.0	11	1.05	0.95				
	106	1	54.389905984561416	11.197921820350878	0.0	-100.0	1	1.0461373139953773	-4.097473960613683	138.0	12	1.05	0.95				
	107	2	49.990722412280704	9.99814448245614	0.0	0.0	1	1.001506828573905	-9.755184113655671	138.0	12	1.05	0.95				
	108	1	68.38730826	13.997402275438597	0.0	0.0	1	1.0055560795028158	-8.167627857217681	138.0	12	1.05	0.95				
	109	1	69.98701137719299	14.39732805473684	0.0	0.0	1	1.0245666511163327	-2.4917057760372523	138.0	13	1.05	0.95				
	110	1	77.9855269631579	15.997031171929827	0.0	0.0	1	1.05	-3.674787768375316	138.0	13	1.05	0.95				
	111	1	0.0	0.0	0.0	0.0	1	1.0024820695255396	-0.7562789671533018	230.0	13	1.05	0.95				
	112	1	0.0	0.0	0.0	0.0	1	1.0068968640127207	-1.1764303849932798	230.0	13	1.05	0.95				
	113	3	105.9803315140351	21.595992082105266	0.0	0.0	1	0.994696741739462	3.9119914374557406e-23	230.0	14	1.05	0.95				
	114	2	77.58560118385965	15.59710539263158	0.0	0.0	1	0.9986665810615357	1.0565211800671082	230.0	16	1.05	0.95				
	115	2	126.77647203754385	25.595249875087724	0.0	0.0	1	1.0318298657831217	7.219413668557989	230.0	16	1.05	0.95				
	116	2	39.99257792982456	7.998515585964913	0.0	0.0	1	1.027617147784064	5.953474430543822	230.0	16	1.05	0.95				
	117	1	0.0	0.0	0.0	0.0	1	1.0352597354155861	9.490670845387776	230.0	17	1.05	0.95				
	118	2	133.1752845063158	27.194952992280708	0.0	0.0	1	1.0384591301445742	10.321152025581245	230.0	17	1.05	0.95				
	119	1	72.38656605298246	14.797253834035088	0.0	0.0	1	1.0175198341213922	3.493548974108856	230.0	15	1.05	0.95				
	120	1	51.19049975017545	10.398070261754388	0.0	0.0	1	1.011965624412929	1.7763926545179523	230.0	15	1.05	0.95				
	121	2	0.0	0.0	0.0	0.0	1	1.0405737784122484	11.865704092020302	230.0	17	1.05	0.95				
	122	2	0.0	0.0	0.0	0.0	1	1.05	17.436117956377714	230.0	17	1.05	0.95				
	123	2	0.0	0.0	0.0	0.0	1	1.0094852742660223	1.1432042486532281	230.0	15	1.05	0.95				
	124	1	0.0	0.0	0.0	0.0	1	1.0230356429558234	4.8027865949362925	230.0	16	1.05	0.95				
	201	2	41.819612778947366	8.518810010526314	0.0	0.0	2	1.0169609831627706	-12.319095535707685	138.0	21	1.05	0.95				
	202	2	37.560207773684205	7.744372736842105	0.0	0.0	2	1.0161230447380936	-12.569782466227295	138.0	22	1.05	0.95				
	203	1	69.69935463157894	14.327089563157895	0.0	0.0	2	1.014456441892881	-9.390940247545345	138.0	21	1.05	0.95				
	204	1	28.65417912631579	5.8082795526315785	0.0	0.0	2	1.013797165659736	-12.098059264615676	138.0	21	1.05	0.95				
	205	1	27.492523215789472	5.421060915789474	0.0	0.0	2	1.0288397622006724	-12.439591230664895	138.0	21	1.05	0.95				
	206	1	52.66173461052631	10.842121831578948	0.0	-100.0	2	1.0436504888671454	-13.001045176683968	138.0	22	1.05	0.95				
	207	2	48.40232960526315	9.680465921052631	0.0	0.0	2	0.9996221398010583	-17.639734872499364	138.0	22	1.05	0.95				
	208	1	66.2143869	13.552652289473683	0.0	0.0	2	1.00433318019971	-15.9021045564064	138.0	22	1.05	0.95				
	209	1	67.76326144736842	13.939870926315786	0.0	0.0	2	1.0228584537718646	-10.106515744335182	138.0	23	1.05	0.95				
	210	1	75.50763418421052	15.48874547368421	0.0	0.0	2	1.05	-11.314633914981975	138.0	23	1.05	0.95				
	211	1	0.0	0.0	0.0	0.0	2	1.0015719304478286	-8.099907338775564	230.0	23	1.05	0.95				
	212	1	0.0	0.0	0.0	0.0	2	1.0072297445763658	-4.578439249802694	230.0	23	1.05	0.95				
	213	2	102.61293876315789	20.909806389473683	0.0	0.0	2	0.9939981031605039	-6.583702177961482	230.0	24	1.05	0.95				
	214	2	75.12041554736841	15.101526836842105	0.0	0.0	2	0.9983002878293271	-6.6610737605471675	230.0	26	1.05	0.95				
	215	2	122.74830787894734	24.781992757894734	0.0	0.0	2	1.0144137747995328	-1.109449042358877	230.0	26	1.05	0.95				
	216	2	38.721863684210525	7.744372736842105	0.0	0.0	2	1.0123409795779994	-2.2206906008752543	230.0	26	1.05	0.95				
	217	1	0.0	0.0	0.0	0.0	2	1.018245571199597	-0.4617289433521468	230.0	27	1.05	0.95				
	218	2	128.94380606842105	26.330867305263155	0.0	0.0	2	1.018194005262331	-0.7290211631623655	230.0	27	1.05	0.95				
	219	1	70.08657326842105	14.327089563157895	0.0	0.0	2	1.0087963829042434	-3.0663774943165345	230.0	25	1.05	0.95				
	220	1	49.56398551578947	10.067684557894736	0.0	0.0	2	1.0082902588001232	-3.020262962221158	230.0	25	1.05	0.95				
	221	2	0.0	0.0	0.0	0.0	2	1.0204813341141983	-0.05295180171682712	230.0	27	1.05	0.95				
	222	2	0.0	0.0	0.0	0.0	2	1.0422567336440371	6.375091710463838	230.0	27	1.05	0.95				
	223	2	0.0	0.0	0.0	0.0	2	1.0084388766782189	-2.6848834096298178	230.0	25	1.05	0.95				
	224	1	0.0	0.0	0.0	0.0	2	1.004171085302494	-4.2428220081786625	230.0	26	1.05	0.95				
	301	2	46.7567225431579	9.52451755508772	0.0	0.0	3	1.0075915157401247	10.394872277962804	138.0	31	1.05	0.95				
	302	2	41.994463765614036	8.658652322807018	0.0	0.0	3	1.0073287598655645	10.20784036727566	138.0	32	1.05	0.95				
	303	1	77.92787090526316	16.018506797192984	0.0	0.0	3	1.0337716880129377	17.554984419505402	138.0	31	1.05	0.95				
	304	1	32.03701359438597	6.493989242105264	0.0	0.0	3	1.0096256726312856	11.240097380891118	138.0	31	1.05	0.95				
	305	1	30.738215745964915	6.0610566259649135	0.0	0.0	3	1.0232749802291674	10.674321859316048	138.0	31	1.05	0.95				
	306	1	58.878835795087724	12.122113251929827	0.0	-100.0	3	1.0401696627340133	10.304291706285195	138.0	32	1.05	0.95				
	307	2	54.11657701754387	10.823315403508772	0.0	0.0	3	0.9831227267147082	7.554431640146964	138.0	32	1.05	0.95				
	308	1	74.03147736	15.152641564912281	0.0	0.0	3	0.9985594954523698	9.389319419325904	138.0	32	1.05	0.95				
	309	1	75.7632078245614	15.58557418105263	0.0	0.0	3	1.024716093390184	13.867270180364697	138.0	33	1.05	0.95				
	310	1	84.42186014736842	17.317304645614037	0.0	0.0	3	1.05	12.348542807592514	138.0	33	1.05	0.95				
	311	1	0.0	0.0	0.0	0.0	3	1.0040883546549986	15.469690433443489	230.0	33	1.05	0.95				
	312	1	0.0	0.0	0.0	0.0	3	1.0119101138920314	16.36070672661755	230.0	33	1.05	0.95				
	313	2	114.72714327719298	23.37836127157895	0.0	0.0	3	1.0097977110106897	19.972317783635305	230.0	34	1.05	0.95				
	314	2	83.98892753122807	16.884372029473685	0.0	0.0	3	0.9929547373954608	13.982474974338825	230.0	36	1.05	0.95				
	315	2	137.23963931649124	27.707687432982457	0.0	0.0	3	1.0194109028385527	9.164593715194638	230.0	36	1.05	0.95				
	316	2	43.29326161403509	8.658652322807018	0.0	0.0	3	1.01360842915329	9.359387374967524	230.0	36	1.05	0.95				
	317	1	0.0	0.0	0.0	0.0	3	1.0207197435282434	8.347887757557768	230.0	37	1.05	0.95				
	318	2	144.16656117473684	29.439417897543862	0.0	0.0	3	1.0207599864479802	7.211300244712669	230.0	37	1.05	0.95				
	319	1	78.36080352140351	16.018506797192984	0.0	0.0	3	1.0098485069163978	10.604668422816305	230.0	35	1.05	0.95				
	320	1	55.415374865964914	11.256248019649123	0.0	0.0	3	1.0102054901207305	12.558393769167544	230.0	35	1.05	0.95				
	321	2	0.0	0.0	0.0	0.0	3	1.0223399153811854	8.436078331812627	230.0	37	1.05	0.95				
	322	2	0.0	0.0	0.0	0.0	3	1.035411237669714	12.83047145914061	230.0	37	1.05	0.95				
	323	2	0.0	0.0	0.0	0.0	3	1.0106125527635064	13.526190800603475	230.0	35	1.05	0.95				
	324	1	0.0	0.0	0.0	0.0	3	1.0246004124279608	14.178595893375379	230.0	36	1.05	0.95				
	325	1	0.0	0.0	0.0	0.0	3	1.0142250861596513	13.398618987464163	230.0	35	1.05	0.95				
];
