%% MATPOWER Case Format : Version 2
function mpc = RTS_GMLC
mpc.version = '2';

%%-----  Power Flow Data  -----%%
%% system MVA base
mpc.baseMVA = 100.0;
%% bus data
%    bus_i    type    Pd    Qd    Gs    Bs    area    Vm    Va    baseKV    zone    Vmax    Vmin
mpc.bus = [
	101	2	68.00098960421053	13.852053437894737	0.0	0.0	1	1.05	1.6164041315481632	138.0	11	1.05	0.95				
	102	2	61.07496288526316	12.59277585263158	0.0	0.0	1	1.0490300847713254	1.2256226145696298	138.0	12	1.05	0.95				
	103	1	113.33498267368422	23.29663532736842	0.0	0.0	1	1.0326391021493282	-0.0012853962210874162	138.0	11	1.05	0.95				
	104	1	46.59327065473684	9.444581889473683	0.0	0.0	1	1.027846650097285	-2.3468978777250338	138.0	11	1.05	0.95				
	105	1	44.7043542768421	8.814943096842107	0.0	0.0	1	1.0405861338880642	-2.7489146345449598	138.0	11	1.05	0.95				
	106	1	85.63087579789475	17.629886193684214	0.0	-100.0	1	1.0426720562730911	-5.8613511408673045	138.0	12	1.05	0.95				
	107	2	78.70484907894738	15.740969815789473	0.0	0.0	1	0.9989403748149651	-13.505158003247546	138.0	12	1.05	0.95				
	108	1	107.66823353999999	22.03735774210526	0.0	0.0	1	0.9960678964074855	-11.7012976435092	138.0	12	1.05	0.95				
	109	1	110.18678871052632	22.666996534736843	0.0	0.0	1	1.0257747260540742	-3.9302500657992616	138.0	13	1.05	0.95				
	110	1	122.77956456315789	25.18555170526316	0.0	0.0	1	1.05	-5.27936104775462	138.0	13	1.05	0.95				
	111	1	0.0	0.0	0.0	0.0	1	1.0118643469440725	-1.442130651382322	230.0	13	1.05	0.95				
	112	1	0.0	0.0	0.0	0.0	1	1.0144934783238895	-1.2207614077478057	230.0	13	1.05	0.95				
	113	3	166.85428004736843	34.000494802105266	0.0	0.0	1	1.0101226703438024	1.4255657286556907e-31	230.0	14	1.05	0.95				
	114	2	122.14992577052632	24.55591291263158	0.0	0.0	1	1.0140506867878918	0.5233428417280799	230.0	16	1.05	0.95				
	115	2	199.59549726421054	40.29688272842105	0.0	0.0	1	1.0429797951584598	7.840316337011425	230.0	16	1.05	0.95				
	116	2	62.96387926315789	12.59277585263158	0.0	0.0	1	1.0402988476976918	7.08125000919455	230.0	16	1.05	0.95				
	117	1	0.0	0.0	0.0	0.0	1	1.0450019373661412	10.501915762159738	230.0	17	1.05	0.95				
	118	2	209.66971794631579	42.81543789894737	0.0	0.0	1	1.0478201835493688	11.28146948860028	230.0	17	1.05	0.95				
	119	1	113.96462146631579	23.29663532736842	0.0	0.0	1	1.0322559459601637	5.206873795256571	230.0	15	1.05	0.95				
	120	1	80.5937654568421	16.37060860842105	0.0	0.0	1	1.0299365587666773	4.251850027574269	230.0	15	1.05	0.95				
	121	2	0.0	0.0	0.0	0.0	1	1.05	12.937800755524151	230.0	17	1.05	0.95				
	122	2	0.0	0.0	0.0	0.0	1	1.05	18.49382778448496	230.0	17	1.05	0.95				
	123	2	0.0	0.0	0.0	0.0	1	1.0300933117853592	4.202113888371072	230.0	15	1.05	0.95				
	124	1	0.0	0.0	0.0	0.0	1	1.0290202170618123	4.907189608821438	230.0	16	1.05	0.95				
	201	2	64.83739964210527	13.207618445614036	0.0	0.0	2	1.0222921323925316	-11.978522929742804	138.0	21	1.05	0.95				
	202	2	58.233590419298245	12.006925859649122	0.0	0.0	2	1.0229168373673083	-11.870833484154819	138.0	22	1.05	0.95				
	203	1	108.06233273684211	22.212812840350875	0.0	0.0	2	1.0138241600614395	-10.589280550103972	138.0	21	1.05	0.95				
	204	1	44.42562568070175	9.005194394736842	0.0	0.0	2	1.0139343774228704	-12.192907467610997	138.0	21	1.05	0.95				
	205	1	42.62458680175438	8.404848101754386	0.0	0.0	2	1.028577375740115	-12.544409396429502	138.0	21	1.05	0.95				
	206	1	81.64709584561403	16.80969620350877	0.0	-100.0	2	1.0390666458276292	-13.424557408198378	138.0	22	1.05	0.95				
	207	2	75.04328662280702	15.008657324561403	0.0	0.0	2	0.9927303828043308	-21.783863450902185	138.0	22	1.05	0.95				
	208	1	102.6592161	21.012120254385962	0.0	0.0	2	0.9914422843290526	-18.895887735169676	138.0	22	1.05	0.95				
	209	1	105.06060127192983	21.61246654736842	0.0	0.0	2	1.0251450500625614	-9.995407736289291	138.0	23	1.05	0.95				
	210	1	117.06752713157893	24.013851719298245	0.0	0.0	2	1.05	-11.198160048839037	138.0	23	1.05	0.95				
	211	1	0.0	0.0	0.0	0.0	2	1.014392606734674	-6.738286931313585	230.0	23	1.05	0.95				
	212	1	0.0	0.0	0.0	0.0	2	1.018199308437063	-1.323367711878697	230.0	23	1.05	0.95				
	213	2	159.09176764035087	32.418699821052634	0.0	0.0	2	1.0180046789310744	-3.7776908943524288	230.0	24	1.05	0.95				
	214	2	116.46718083859649	23.41350542631579	0.0	0.0	2	1.0173484413473384	-5.4448531013706924	230.0	26	1.05	0.95				
	215	2	190.3097748754386	38.42216275087719	0.0	0.0	2	1.031330015579217	0.036905650222050605	230.0	26	1.05	0.95				
	216	2	60.03462929824561	12.006925859649122	0.0	0.0	2	1.0319964233577796	0.09764157103313062	230.0	26	1.05	0.95				
	217	1	0.0	0.0	0.0	0.0	2	1.0347470936235241	1.2491124797181377	230.0	27	1.05	0.95				
	218	2	199.9153155631579	40.823547922807016	0.0	0.0	2	1.0331677369967984	0.4669334676414263	230.0	27	1.05	0.95				
	219	1	108.66267902982456	22.212812840350875	0.0	0.0	2	1.0316776766619213	0.9183505653093877	230.0	25	1.05	0.95				
	220	1	76.84432550175438	15.60900361754386	0.0	0.0	2	1.0366914134329648	2.7783377258489015	230.0	25	1.05	0.95				
	221	2	0.0	0.0	0.0	0.0	2	1.0352116994970153	1.1333865065681639	230.0	27	1.05	0.95				
	222	2	0.0	0.0	0.0	0.0	2	1.05	7.676534547280578	230.0	27	1.05	0.95				
	223	2	0.0	0.0	0.0	0.0	2	1.041593392175733	4.238236357538208	230.0	25	1.05	0.95				
	224	1	0.0	0.0	0.0	0.0	2	1.011641098460095	-3.9157338189374054	230.0	26	1.05	0.95				
	301	2	76.34482757052632	15.55172413473684	0.0	0.0	3	0.9979046801869064	5.572439130580153	138.0	31	1.05	0.95				
	302	2	68.5689655031579	14.13793103157895	0.0	0.0	3	1.000565408364969	5.434282666659631	138.0	32	1.05	0.95				
	303	1	127.24137928421054	26.155172408421052	0.0	0.0	3	1.0210831806165137	11.477440736706427	138.0	31	1.05	0.95				
	304	1	52.310344816842104	10.60344827368421	0.0	0.0	3	0.9973373485780381	8.04224428493326	138.0	31	1.05	0.95				
	305	1	50.18965516210526	9.896551722105263	0.0	0.0	3	1.0083868922780224	7.510010119904722	138.0	31	1.05	0.95				
	306	1	96.13793101473685	19.793103444210526	0.0	-100.0	3	1.022473337744472	7.809453680499997	138.0	32	1.05	0.95				
	307	2	88.36206894736843	17.672413789473683	0.0	0.0	3	0.9692895869761715	3.5529997004419798	138.0	32	1.05	0.95				
	308	1	120.87931031999999	24.741379305263155	0.0	0.0	3	0.9824090889121148	6.845235884738829	138.0	32	1.05	0.95				
	309	1	123.70689652631579	25.448275856842105	0.0	0.0	3	1.021491973286298	13.085220056361567	138.0	33	1.05	0.95				
	310	1	137.84482755789475	28.2758620631579	0.0	0.0	3	1.0407719230334826	11.75350034822804	138.0	33	1.05	0.95				
	311	1	0.0	0.0	0.0	0.0	3	1.0099929544904551	18.695724677969455	230.0	33	1.05	0.95				
	312	1	0.0	0.0	0.0	0.0	3	1.016839719679675	20.37241940007136	230.0	33	1.05	0.95				
	313	2	187.32758616842105	38.17241378526316	0.0	0.0	3	1.040934342586379	28.428362442748558	230.0	34	1.05	0.95				
	314	2	137.1379310063158	27.568965511578945	0.0	0.0	3	1.0119802927676473	16.232633118084667	230.0	36	1.05	0.95				
	315	2	224.0862068505263	45.24137930105263	0.0	0.0	3	1.0368058096288764	9.704652557439834	230.0	36	1.05	0.95				
	316	2	70.68965515789473	14.13793103157895	0.0	0.0	3	1.0370018830600962	11.071547569385604	230.0	36	1.05	0.95				
	317	1	0.0	0.0	0.0	0.0	3	1.0397775700866645	9.725973448257443	230.0	37	1.05	0.95				
	318	2	235.39655167578948	48.068965507368425	0.0	0.0	3	1.0380101314741466	8.456603171192375	230.0	37	1.05	0.95				
	319	1	127.94827583578947	26.155172408421052	0.0	0.0	3	1.0353163153500278	14.346641495634206	230.0	35	1.05	0.95				
	320	1	90.48275860210526	18.379310341052634	0.0	0.0	3	1.038393885501273	16.931402736792318	230.0	35	1.05	0.95				
	321	2	0.0	0.0	0.0	0.0	3	1.0392558624262032	9.440841035903132	230.0	37	1.05	0.95				
	322	2	0.0	0.0	0.0	0.0	3	1.05	13.867879624575334	230.0	37	1.05	0.95				
	323	2	0.0	0.0	0.0	0.0	3	1.0406169089548638	17.947992077889463	230.0	35	1.05	0.95				
	324	1	0.0	0.0	0.0	0.0	3	1.030178889388911	12.435137811768394	230.0	36	1.05	0.95				
	325	1	0.0	0.0	0.0	0.0	3	1.0428382013373092	17.527583923142345	230.0	35	1.05	0.95				
];
