%% MATPOWER Case Format : Version 2
function mpc = RTS_GMLC
mpc.version = '2';

%%-----  Power Flow Data  -----%%
%% system MVA base
mpc.baseMVA = 100.0;
%% bus data
%    bus_i    type    Pd    Qd    Gs    Bs    area    Vm    Va    baseKV    zone    Vmax    Vmin
mpc.bus = [
	101	2	50.312716484210526	10.24888669122807	0.0	0.0	1	1.0325229914946876	2.468679814235273	138.0	11	1.05	0.95				
	102	2	45.188273138596486	9.317169719298246	0.0	0.0	1	1.0321017043074663	2.336061391840294	138.0	12	1.05	0.95				
	103	1	83.8545274736842	17.236763980701753	0.0	0.0	1	1.0276011209318212	0.14433828037965118	138.0	11	1.05	0.95				
	104	1	34.473527961403505	6.987877289473683	0.0	0.0	1	1.0205552682086776	-0.90897814139788	138.0	11	1.05	0.95				
	105	1	33.075952503508766	6.5220188035087725	0.0	0.0	1	1.0348691245106425	-0.6768201940114317	138.0	11	1.05	0.95				
	106	1	63.356754091228076	13.044037607017545	0.0	-100.0	1	1.0441015822032622	-2.907534637632304	138.0	12	1.05	0.95				
	107	2	58.232310745614036	11.646462149122806	0.0	0.0	1	1.0202940087990064	-3.5807298895241884	138.0	12	1.05	0.95				
	108	1	79.66180109999999	16.30504700877193	0.0	0.0	1	1.0163776170284204	-4.397521426698143	138.0	12	1.05	0.95				
	109	1	81.52523504385965	16.77090549473684	0.0	0.0	1	1.0255084630143725	-1.6747701147978091	138.0	13	1.05	0.95				
	110	1	90.84240476315789	18.63433943859649	0.0	0.0	1	1.05	-2.3940852718993	138.0	13	1.05	0.95				
	111	1	0.0	0.0	0.0	0.0	1	1.0039062091856361	-0.2316301879508195	230.0	13	1.05	0.95				
	112	1	0.0	0.0	0.0	0.0	1	1.0095649344218203	0.3659391619347299	230.0	13	1.05	0.95				
	113	3	123.45249878070175	25.156358242105263	0.0	0.0	1	0.9964455763536837	3.2346190976663596e-29	230.0	14	1.05	0.95				
	114	2	90.37654627719297	18.168480952631576	0.0	0.0	1	0.9993464873828867	1.4959014315791523	230.0	16	1.05	0.95				
	115	2	147.67714005087717	29.81494310175438	0.0	0.0	1	1.039389010705509	6.865561411151348	230.0	16	1.05	0.95				
	116	2	46.585848596491225	9.317169719298246	0.0	0.0	1	1.034980779737218	6.629691289192691	230.0	16	1.05	0.95				
	117	1	0.0	0.0	0.0	0.0	1	1.0426070076444238	8.17339851272299	230.0	17	1.05	0.95				
	118	2	155.1308758263158	31.678377045614038	0.0	0.0	1	1.045442849078424	7.8867838137939605	230.0	17	1.05	0.95				
	119	1	84.32038595964913	17.236763980701753	0.0	0.0	1	1.0290004829182062	5.940730135339558	230.0	15	1.05	0.95				
	120	1	59.62988620350876	12.112320635087718	0.0	0.0	1	1.027127363187708	6.242233409602744	230.0	15	1.05	0.95				
	121	2	0.0	0.0	0.0	0.0	1	1.05	8.683445643010336	230.0	17	1.05	0.95				
	122	2	0.0	0.0	0.0	0.0	1	1.05	16.57761011394488	230.0	17	1.05	0.95				
	123	2	0.0	0.0	0.0	0.0	1	1.0268904123156153	6.766810386586405	230.0	15	1.05	0.95				
	124	1	0.0	0.0	0.0	0.0	1	1.0260431295132053	4.359165005622287	230.0	16	1.05	0.95				
	201	2	54.45049581473684	11.091767665964912	0.0	0.0	2	1.032175947526305	-7.189338745068969	138.0	21	1.05	0.95				
	202	2	48.90461198175438	10.083425150877193	0.0	0.0	2	1.0324214618237169	-7.229961172225397	138.0	22	1.05	0.95				
	203	1	90.75082635789474	18.654336529122805	0.0	0.0	2	1.0223799394689839	-6.186372991540417	138.0	21	1.05	0.95				
	204	1	37.30867305824561	7.562568863157894	0.0	0.0	2	1.0191145972503735	-9.681693241363108	138.0	21	1.05	0.95				
	205	1	35.79615928561403	7.058397605614035	0.0	0.0	2	1.034515201578758	-9.857844240304196	138.0	21	1.05	0.95				
	206	1	68.56729102596492	14.11679521122807	0.0	-100.0	2	1.0434095982657237	-11.836639280931266	138.0	22	1.05	0.95				
	207	2	63.02140719298245	12.604281438596491	0.0	0.0	2	0.9879579027640973	-19.497789687733615	138.0	22	1.05	0.95				
	208	1	86.21328503999999	17.645994014035086	0.0	0.0	2	0.9927459809597248	-17.15681018669434	138.0	22	1.05	0.95				
	209	1	88.22997007017544	18.150165271578945	0.0	0.0	2	1.0233164161469854	-9.639354446472536	138.0	23	1.05	0.95				
	210	1	98.31339522105263	20.166850301754387	0.0	0.0	2	1.05	-10.968421571279267	138.0	23	1.05	0.95				
	211	1	0.0	0.0	0.0	0.0	2	1.0091600326461234	-6.974882373432272	230.0	23	1.05	0.95				
	212	1	0.0	0.0	0.0	0.0	2	1.0121761958108373	-6.480677873192988	230.0	23	1.05	0.95				
	213	2	133.60538324912278	27.22524790736842	0.0	0.0	2	1.004797300454477	-6.214138821025099	230.0	24	1.05	0.95				
	214	2	97.80922396350876	19.662679044210527	0.0	0.0	2	1.0128680376227224	-4.237559934220496	230.0	26	1.05	0.95				
	215	2	159.82228864140347	32.266960482807015	0.0	0.0	2	1.0308458855406808	2.8895866784841866	230.0	26	1.05	0.95				
	216	2	50.417125754385964	10.083425150877193	0.0	0.0	2	1.033413378533981	2.6719160838454687	230.0	26	1.05	0.95				
	217	1	0.0	0.0	0.0	0.0	2	1.0377144438815484	5.68419684869174	230.0	27	1.05	0.95				
	218	2	167.88902876210526	34.28364551298246	0.0	0.0	2	1.0394990412965253	6.229679195373621	230.0	27	1.05	0.95				
	219	1	91.2549976154386	18.654336529122805	0.0	0.0	2	1.0332283343918738	1.489501905936965	230.0	25	1.05	0.95				
	220	1	64.53392096561403	13.108452696140349	0.0	0.0	2	1.0369558186548455	1.4320340605931816	230.0	25	1.05	0.95				
	221	2	0.0	0.0	0.0	0.0	2	1.0390708260480144	5.87158854802879	230.0	27	1.05	0.95				
	222	2	0.0	0.0	0.0	0.0	2	1.05	12.299254499408645	230.0	27	1.05	0.95				
	223	2	0.0	0.0	0.0	0.0	2	1.0398741832240175	1.7771225658231464	230.0	25	1.05	0.95				
	224	1	0.0	0.0	0.0	0.0	2	1.016372809050805	-0.5146793731408467	230.0	26	1.05	0.95				
	301	2	63.70325844631579	12.976589683508772	0.0	0.0	3	1.0106397485921166	-29.0748986788873	138.0	31	1.05	0.95				
	302	2	57.2149636045614	11.796899712280702	0.0	0.0	3	1.0095211460181417	-29.32541595833566	138.0	32	1.05	0.95				
	303	1	106.1720974105263	21.8242644677193	0.0	0.0	3	1.0373779711950348	-18.284621206460734	138.0	31	1.05	0.95				
	304	1	43.6485289354386	8.847674784210525	0.0	0.0	3	1.0080841375306555	-27.591731607129795	138.0	31	1.05	0.95				
	305	1	41.87899397859649	8.257829798596491	0.0	0.0	3	1.0225353520093485	-28.857585599598668	138.0	31	1.05	0.95				
	306	1	80.21891804350878	16.515659597192982	0.0	-100.0	3	1.0360763070827392	-29.396820342559433	138.0	32	1.05	0.95				
	307	2	73.73062320175438	14.746124640350878	0.0	0.0	3	0.9920978059104414	-35.192602817469734	138.0	32	1.05	0.95				
	308	1	100.86349254	20.644574496491227	0.0	0.0	3	0.9927169423406206	-32.81189952442515	138.0	32	1.05	0.95				
	309	1	103.22287248245614	21.234419482105263	0.0	0.0	3	1.0271364418952307	-23.767059474899323	138.0	33	1.05	0.95				
	310	1	115.01977219473684	23.593799424561404	0.0	0.0	3	1.05	-26.74654320845014	138.0	33	1.05	0.95				
	311	1	0.0	0.0	0.0	0.0	3	1.0188420645334426	-19.600510686643915	230.0	33	1.05	0.95				
	312	1	0.0	0.0	0.0	0.0	3	1.0184793635823954	-19.09189058095873	230.0	33	1.05	0.95				
	313	2	156.30892118771928	31.851629223157897	0.0	0.0	3	1.0251412296589064	-16.195993177640055	230.0	34	1.05	0.95				
	314	2	114.4299272091228	23.003954438947368	0.0	0.0	3	1.0302073537770973	-16.972688098163882	230.0	36	1.05	0.95				
	315	2	186.98086043964912	37.750079079298246	0.0	0.0	3	1.0487147171293671	-9.894083910850522	230.0	36	1.05	0.95				
	316	2	58.98449856140351	11.796899712280702	0.0	0.0	3	1.0489757292839672	-9.723934910805214	230.0	36	1.05	0.95				
	317	1	0.0	0.0	0.0	0.0	3	1.0499999948209189	-6.883838234983612	230.0	37	1.05	0.95				
	318	2	196.4183802094737	40.10945902175439	0.0	0.0	3	1.0485277600502985	-6.688898488921221	230.0	37	1.05	0.95				
	319	1	106.76194239614037	21.8242644677193	0.0	0.0	3	1.0453567613152661	-11.155080408589876	230.0	35	1.05	0.95				
	320	1	75.50015815859649	15.335969625964912	0.0	0.0	3	1.0471025156411502	-11.297131913387018	230.0	35	1.05	0.95				
	321	2	0.0	0.0	0.0	0.0	3	1.05	-6.207020937005637	230.0	37	1.05	0.95				
	322	2	0.0	0.0	0.0	0.0	3	1.05	-1.6272589734157963	230.0	37	1.05	0.95				
	323	2	0.0	0.0	0.0	0.0	3	1.049276620468206	-10.943499308004784	230.0	35	1.05	0.95				
	324	1	0.0	0.0	0.0	0.0	3	1.0337368149147965	-13.0308623887368	230.0	36	1.05	0.95				
	325	1	0.0	0.0	0.0	0.0	3	1.0421519080354353	-9.348396621850663	230.0	35	1.05	0.95				
];
