%% MATPOWER Case Format : Version 2
function mpc = RTS_GMLC
mpc.version = '2';

%%-----  Power Flow Data  -----%%
%% system MVA base
mpc.baseMVA = 100.0;
%% bus data
%    bus_i    type    Pd    Qd    Gs    Bs    area    Vm    Va    baseKV    zone    Vmax    Vmin
mpc.bus = [
	101	2	39.03711032842105	7.952003955789473	0.0	0.0	1	1.03168384634299	1.6307841693045448	138.0	11	1.05	0.95				
	102	2	35.06110835052631	7.2290945052631574	0.0	0.0	1	1.0294870142192178	1.0506265940057073	138.0	12	1.05	0.95				
	103	1	65.06185054736842	13.373824834736842	0.0	0.0	1	1.0318186603065402	0.9674531634346535	138.0	11	1.05	0.95				
	104	1	26.747649669473684	5.421820878947368	0.0	0.0	1	1.0233766868980652	-1.103966597332201	138.0	11	1.05	0.95				
	105	1	25.663285493684207	5.06036615368421	0.0	0.0	1	1.035906499527907	-1.3426772206854334	138.0	11	1.05	0.95				
	106	1	49.15784263578947	10.12073230736842	0.0	-100.0	1	1.0466378735872337	-3.5067055082256964	138.0	12	1.05	0.95				
	107	2	45.18184065789473	9.036368131578946	0.0	0.0	1	1.0016034720204803	-9.575183219830258	138.0	12	1.05	0.95				
	108	1	61.808758019999985	12.650915384210522	0.0	0.0	1	1.0066669708132614	-7.777695080791229	138.0	12	1.05	0.95				
	109	1	63.25457692105263	13.012370109473684	0.0	0.0	1	1.0246583950500394	-2.2010253639961954	138.0	13	1.05	0.95				
	110	1	70.48367142631578	14.458189010526315	0.0	0.0	1	1.05	-3.21011292657593	138.0	13	1.05	0.95				
	111	1	0.0	0.0	0.0	0.0	1	1.0013672534662692	-0.577941180597799	230.0	13	1.05	0.95				
	112	1	0.0	0.0	0.0	0.0	1	1.0064702512497397	-1.0163417058277724	230.0	13	1.05	0.95				
	113	3	95.78550219473682	19.518555164210525	0.0	0.0	1	0.9928379288911321	3.47032511678207e-29	230.0	14	1.05	0.95				
	114	2	70.12221670105262	14.096734285263157	0.0	0.0	1	0.9964834079576192	1.1978679393857825	230.0	16	1.05	0.95				
	115	2	114.58114790842104	23.133102416842103	0.0	0.0	1	1.0332424155404905	6.879668200546265	230.0	16	1.05	0.95				
	116	2	36.145472526315785	7.2290945052631574	0.0	0.0	1	1.028588598726518	5.766597402074943	230.0	16	1.05	0.95				
	117	1	0.0	0.0	0.0	0.0	1	1.0369260603105859	9.202689167498063	230.0	17	1.05	0.95				
	118	2	120.36442351263157	24.578921317894736	0.0	0.0	1	1.0410001133315643	9.816719695293992	230.0	17	1.05	0.95				
	119	1	65.42330527263157	13.373824834736842	0.0	0.0	1	1.0184562879303298	3.4189325259709102	230.0	15	1.05	0.95				
	120	1	46.266204833684206	9.397822856842104	0.0	0.0	1	1.0123788209745228	1.7569837486522126	230.0	15	1.05	0.95				
	121	2	0.0	0.0	0.0	0.0	1	1.0437488048164525	11.033493755145964	230.0	17	1.05	0.95				
	122	2	0.0	0.0	0.0	0.0	1	1.05	18.361341262886597	230.0	17	1.05	0.95				
	123	2	0.0	0.0	0.0	0.0	1	1.0094173755327782	1.1240841585485257	230.0	15	1.05	0.95				
	124	1	0.0	0.0	0.0	0.0	1	1.0246011920658347	4.649181408799855	230.0	16	1.05	0.95				
	201	2	42.97560207157895	8.754289310877192	0.0	0.0	2	1.0168870721264893	-13.901019064646965	138.0	21	1.05	0.95				
	202	2	38.59845741614035	7.958444828070175	0.0	0.0	2	1.0160261291625439	-14.171642965063528	138.0	22	1.05	0.95				
	203	1	71.62600345263156	14.723122931929822	0.0	0.0	2	1.0143296161862863	-10.262880138591006	138.0	21	1.05	0.95				
	204	1	29.446245863859644	5.968833621052631	0.0	0.0	2	1.0133818888833446	-13.707946907175957	138.0	21	1.05	0.95				
	205	1	28.252479139649118	5.570911379649123	0.0	0.0	2	1.0286645982196567	-14.115619088327696	138.0	21	1.05	0.95				
	206	1	54.11742483087719	11.141822759298247	0.0	-100.0	2	1.0433150495376686	-14.740305158024658	138.0	22	1.05	0.95				
	207	2	49.74028017543859	9.948056035087719	0.0	0.0	2	0.9991245502208138	-19.50742055083009	138.0	22	1.05	0.95				
	208	1	68.04470328	13.927278449122804	0.0	0.0	2	1.003549157810468	-17.712918566996258	138.0	22	1.05	0.95				
	209	1	69.63639224561403	14.325200690526312	0.0	0.0	2	1.0225877413086386	-11.67865493890179	138.0	23	1.05	0.95				
	210	1	77.5948370736842	15.91688965614035	0.0	0.0	2	1.05	-13.051212578666314	138.0	23	1.05	0.95				
	211	1	0.0	0.0	0.0	0.0	2	1.0027295662947393	-9.46333598792653	230.0	23	1.05	0.95				
	212	1	0.0	0.0	0.0	0.0	2	1.0073739782631426	-6.60301332961415	230.0	23	1.05	0.95				
	213	2	105.44939397192981	21.487801035789474	0.0	0.0	2	0.9951157044283961	-8.180564522159905	230.0	24	1.05	0.95				
	214	2	77.1969148322807	15.518967414736842	0.0	0.0	2	1.0016814818153281	-7.540264721051902	230.0	26	1.05	0.95				
	215	2	126.14135052491227	25.46702344982456	0.0	0.0	2	1.0158221066787014	-1.46038588554352	230.0	26	1.05	0.95				
	216	2	39.792224140350875	7.958444828070175	0.0	0.0	2	1.0150022211192542	-2.3464224295697416	230.0	26	1.05	0.95				
	217	1	0.0	0.0	0.0	0.0	2	1.0199839349350297	-0.6572949306159036	230.0	27	1.05	0.95				
	218	2	132.5081063873684	27.058712415438595	0.0	0.0	2	1.0197611148376824	-0.982874828812107	230.0	27	1.05	0.95				
	219	1	72.02392569403509	14.723122931929822	0.0	0.0	2	1.0105845203831836	-3.705101141839504	230.0	25	1.05	0.95				
	220	1	50.93404689964912	10.345978276491227	0.0	0.0	2	1.0096509981819723	-4.089350058353898	230.0	25	1.05	0.95				
	221	2	0.0	0.0	0.0	0.0	2	1.0220061843299415	-0.3384940152009704	230.0	27	1.05	0.95				
	222	2	0.0	0.0	0.0	0.0	2	1.043791056925724	6.105173171160003	230.0	27	1.05	0.95				
	223	2	0.0	0.0	0.0	0.0	2	1.00956056529289	-3.983578823886529	230.0	25	1.05	0.95				
	224	1	0.0	0.0	0.0	0.0	2	1.0044285650181082	-4.785804934473865	230.0	26	1.05	0.95				
	301	2	53.70958557473685	10.940841505964913	0.0	0.0	3	1.0044209358342977	-6.903992628777419	138.0	31	1.05	0.95				
	302	2	48.239164821754386	9.946219550877194	0.0	0.0	3	1.0041241169312431	-6.987922994359985	138.0	32	1.05	0.95				
	303	1	89.51597595789474	18.400506169122806	0.0	0.0	3	1.0196888468428882	-2.5972627044439616	138.0	31	1.05	0.95				
	304	1	36.80101233824561	7.459664663157895	0.0	0.0	3	1.006801347083527	-5.41189397755584	138.0	31	1.05	0.95				
	305	1	35.309079405614035	6.962353685614037	0.0	0.0	3	1.0202163592846138	-5.676481854717519	138.0	31	1.05	0.95				
	306	1	67.63429294596493	13.924707371228074	0.0	-100.0	3	1.037332444803368	-5.570266191767435	138.0	32	1.05	0.95				
	307	2	62.16387219298246	12.432774438596491	0.0	0.0	3	0.9941084849693178	-10.504353549197962	138.0	32	1.05	0.95				
	308	1	85.04017716	17.405884214035087	0.0	0.0	3	0.9997948153079053	-8.241145318168208	138.0	32	1.05	0.95				
	309	1	87.02942107017545	17.903195191578945	0.0	0.0	3	1.0253548425390988	-2.086829630023183	138.0	33	1.05	0.95				
	310	1	96.97564062105263	19.892439101754388	0.0	0.0	3	1.05	-2.854810860712543	138.0	33	1.05	0.95				
	311	1	0.0	0.0	0.0	0.0	3	1.008276243414609	2.443390169288894	230.0	33	1.05	0.95				
	312	1	0.0	0.0	0.0	0.0	3	1.0132113849721687	3.4700649111501236	230.0	33	1.05	0.95				
	313	2	131.7874090491228	26.854792787368424	0.0	0.0	3	1.0177991124160481	8.013267095124466	230.0	34	1.05	0.95				
	314	2	96.47832964350877	19.39512812421053	0.0	0.0	3	1.0060150743964114	2.5361070738359293	230.0	36	1.05	0.95				
	315	2	157.64757988140352	31.82790256280702	0.0	0.0	3	1.0200725045847103	0.19815302990921263	230.0	36	1.05	0.95				
	316	2	49.731097754385964	9.946219550877194	0.0	0.0	3	1.0198635152722852	1.0313490708970074	230.0	36	1.05	0.95				
	317	1	0.0	0.0	0.0	0.0	3	1.0250604292339838	1.5186109161439936	230.0	37	1.05	0.95				
	318	2	165.60455552210527	33.817146472982465	0.0	0.0	3	1.022134841876889	0.27858856905069257	230.0	37	1.05	0.95				
	319	1	90.01328693543861	18.400506169122806	0.0	0.0	3	1.020118534165316	3.0714179878046184	230.0	35	1.05	0.95				
	320	1	63.65580512561404	12.930085416140352	0.0	0.0	3	1.0217895480502026	4.523241191610944	230.0	35	1.05	0.95				
	321	2	0.0	0.0	0.0	0.0	3	1.0235791944575214	0.8366574507317747	230.0	37	1.05	0.95				
	322	2	0.0	0.0	0.0	0.0	3	1.0376732330294285	5.514948226270897	230.0	37	1.05	0.95				
	323	2	0.0	0.0	0.0	0.0	3	1.0229493292194933	5.267611869963815	230.0	35	1.05	0.95				
	324	1	0.0	0.0	0.0	0.0	3	1.0166775124730358	0.8554763143938379	230.0	36	1.05	0.95				
	325	1	0.0	0.0	0.0	0.0	3	1.024151312808377	5.767558923447958	230.0	35	1.05	0.95				
];
