%% MATPOWER Case Format : Version 2
function mpc = RTS_GMLC
mpc.version = '2';

%%-----  Power Flow Data  -----%%
%% system MVA base
mpc.baseMVA = 100.0;
%% bus data
%    bus_i    type    Pd    Qd    Gs    Bs    area    Vm    Va    baseKV    zone    Vmax    Vmin
mpc.bus = [
	101	2	49.284017810526315	10.039336961403507	0.0	0.0	1	1.0311219444387236	2.797316072274848	138.0	11	1.05	0.95				
	102	2	44.264349329824555	9.12666996491228	0.0	0.0	1	1.0307096249634473	2.671949067679182	138.0	12	1.05	0.95				
	103	1	82.14002968421052	16.884339435087718	0.0	0.0	1	1.0274644798009804	0.16461207528802735	138.0	11	1.05	0.95				
	104	1	33.768678870175435	6.84500247368421	0.0	0.0	1	1.0201932554081523	-0.6097500125110316	138.0	11	1.05	0.95				
	105	1	32.39967837543859	6.388668975438597	0.0	0.0	1	1.0342760847843742	-0.3478857375914955	138.0	11	1.05	0.95				
	106	1	62.061355761403505	12.777337950877193	0.0	-100.0	1	1.0440251126267066	-2.5678292188943166	138.0	12	1.05	0.95				
	107	2	57.041687280701744	11.40833745614035	0.0	0.0	1	1.0240182242509035	-2.2972126593609423	138.0	12	1.05	0.95				
	108	1	78.03302819999999	15.971672438596487	0.0	0.0	1	1.0189505620212145	-3.512976922733122	138.0	12	1.05	0.95				
	109	1	79.85836219298244	16.4280059368421	0.0	0.0	1	1.0257095791260615	-1.4392814830068825	138.0	13	1.05	0.95				
	110	1	88.98503215789472	18.25333992982456	0.0	0.0	1	1.05	-2.0895843310961624	138.0	13	1.05	0.95				
	111	1	0.0	0.0	0.0	0.0	1	1.0038608056565481	-0.16097009610653215	230.0	13	1.05	0.95				
	112	1	0.0	0.0	0.0	0.0	1	1.0096258124142266	0.4541502131967948	230.0	13	1.05	0.95				
	113	3	120.92837703508769	24.642008905263157	0.0	0.0	1	0.9957173257129127	-5.284830033469058e-31	230.0	14	1.05	0.95				
	114	2	88.52869865964911	17.797006431578946	0.0	0.0	1	0.9992278449557743	1.4265976405252052	230.0	16	1.05	0.95				
	115	2	144.65771894385963	29.205343887719295	0.0	0.0	1	1.0394243230570412	6.3406112683628875	230.0	16	1.05	0.95				
	116	2	45.6333498245614	9.12666996491228	0.0	0.0	1	1.035161866658568	6.3040353506354405	230.0	16	1.05	0.95				
	117	1	0.0	0.0	0.0	0.0	1	1.044053290560411	7.923365108461332	230.0	17	1.05	0.95				
	118	2	151.95905491578944	31.030677880701752	0.0	0.0	1	1.0472290898597754	7.929518315457553	230.0	17	1.05	0.95				
	119	1	82.59636318245613	16.884339435087718	0.0	0.0	1	1.029226176940019	5.702332577689952	230.0	15	1.05	0.95				
	120	1	58.41068777543859	11.864670954385964	0.0	0.0	1	1.0272630419010977	6.061700647035157	230.0	15	1.05	0.95				
	121	2	0.0	0.0	0.0	0.0	1	1.05	7.736825191853237	230.0	17	1.05	0.95				
	122	2	0.0	0.0	0.0	0.0	1	1.05	14.424424236448642	230.0	17	1.05	0.95				
	123	2	0.0	0.0	0.0	0.0	1	1.0269455977188935	6.611129879903975	230.0	15	1.05	0.95				
	124	1	0.0	0.0	0.0	0.0	1	1.0265263046994826	4.040133679268639	230.0	16	1.05	0.95				
	201	2	51.91751929263159	10.575790967017545	0.0	0.0	2	1.030135664484155	-6.667319738952267	138.0	21	1.05	0.95				
	202	2	46.629623809122805	9.614355424561404	0.0	0.0	2	1.0303090685363399	-6.725980946456557	138.0	22	1.05	0.95				
	203	1	86.52919882105263	17.786557535438597	0.0	0.0	2	1.0236812136376967	-5.769658486688357	138.0	21	1.05	0.95				
	204	1	35.57311507087719	7.210766568421052	0.0	0.0	2	1.018616473554027	-9.38528987319084	138.0	21	1.05	0.95				
	205	1	34.13096175719298	6.730048797192984	0.0	0.0	2	1.033652807367763	-9.537507666292466	138.0	21	1.05	0.95				
	206	1	65.37761688701755	13.460097594385967	0.0	-100.0	2	1.0434238637607982	-11.60975969574867	138.0	22	1.05	0.95				
	207	2	60.089721403508776	12.017944280701755	0.0	0.0	2	0.9849555219777673	-18.951039721560086	138.0	22	1.05	0.95				
	208	1	82.20273888	16.825121992982456	0.0	0.0	2	0.9920816892466021	-16.750238468988634	138.0	22	1.05	0.95				
	209	1	84.12560996491229	17.305839764210525	0.0	0.0	2	1.0234735566506084	-9.602752856439487	138.0	23	1.05	0.95				
	210	1	93.7399653894737	19.22871084912281	0.0	0.0	2	1.05	-10.919780946706798	138.0	23	1.05	0.95				
	211	1	0.0	0.0	0.0	0.0	2	1.0084679445180296	-7.231472368081591	230.0	23	1.05	0.95				
	212	1	0.0	0.0	0.0	0.0	2	1.0143866836778919	-7.0035401479723545	230.0	23	1.05	0.95				
	213	2	127.39020937543859	25.958759646315794	0.0	0.0	2	1.0034595584181534	-6.798593860189902	230.0	24	1.05	0.95				
	214	2	93.25924761824561	18.747993077894737	0.0	0.0	2	1.0110856978005296	-4.498267947845221	230.0	26	1.05	0.95				
	215	2	152.38753347929824	30.76593735859649	0.0	0.0	2	1.0324380256575216	2.6327770568500544	230.0	26	1.05	0.95				
	216	2	48.07177712280702	9.614355424561404	0.0	0.0	2	1.0361874310577337	2.207559081905329	230.0	26	1.05	0.95				
	217	1	0.0	0.0	0.0	0.0	2	1.039346316184891	5.371534288542604	230.0	27	1.05	0.95				
	218	2	160.07901781894736	32.688808443508776	0.0	0.0	2	1.0411736739436241	5.968914452928946	230.0	27	1.05	0.95				
	219	1	87.00991659228072	17.786557535438597	0.0	0.0	2	1.0381504766030654	0.5139347863604397	230.0	25	1.05	0.95				
	220	1	61.53187471719298	12.498662051929825	0.0	0.0	2	1.0437295827571367	-0.03431655441255582	230.0	25	1.05	0.95				
	221	2	0.0	0.0	0.0	0.0	2	1.0405201619438909	5.608719558416911	230.0	27	1.05	0.95				
	222	2	0.0	0.0	0.0	0.0	2	1.05	12.018372427292618	230.0	27	1.05	0.95				
	223	2	0.0	0.0	0.0	0.0	2	1.047488412990744	0.02046165897291928	230.0	25	1.05	0.95				
	224	1	0.0	0.0	0.0	0.0	2	1.0185815278482049	-0.5166512435267947	230.0	26	1.05	0.95				
	301	2	71.8006959663158	14.626067696842105	0.0	0.0	3	1.0118815722538237	-42.708511777581286	138.0	31	1.05	0.95				
	302	2	64.48766211789474	13.296425178947368	0.0	0.0	3	1.0108789464930776	-42.95508607996387	138.0	32	1.05	0.95				
	303	1	119.66782661052633	24.59838658105263	0.0	0.0	3	1.0184863778416706	-35.02889907693005	138.0	31	1.05	0.95				
	304	1	49.19677316210526	9.972318884210527	0.0	0.0	3	1.0068789193972714	-41.02411329386287	138.0	31	1.05	0.95				
	305	1	47.202309385263156	9.307497625263158	0.0	0.0	3	1.0217953679456782	-41.99563753563592	138.0	31	1.05	0.95				
	306	1	90.4156912168421	18.614995250526317	0.0	-100.0	3	1.034053883175988	-42.32837822079914	138.0	32	1.05	0.95				
	307	2	83.10265736842105	16.62053147368421	0.0	0.0	3	1.0058229963343492	-44.57310447687718	138.0	32	1.05	0.95				
	308	1	113.68443528	23.268744063157893	0.0	0.0	3	1.0006186910024732	-43.85897692046683	138.0	32	1.05	0.95				
	309	1	116.34372031578948	23.933565322105263	0.0	0.0	3	1.0271948412001222	-36.732104945132086	138.0	33	1.05	0.95				
	310	1	129.64014549473683	26.592850357894736	0.0	0.0	3	1.05	-39.1500613103211	138.0	33	1.05	0.95				
	311	1	0.0	0.0	0.0	0.0	3	1.0221575088627521	-31.434884812651894	230.0	33	1.05	0.95				
	312	1	0.0	0.0	0.0	0.0	3	1.0181357665836415	-30.664851298972508	230.0	33	1.05	0.95				
	313	2	176.17763362105262	35.9003479831579	0.0	0.0	3	1.0318914482435637	-27.651791601109682	230.0	34	1.05	0.95				
	314	2	128.9753242357895	25.92802909894737	0.0	0.0	3	1.0375171915069132	-28.373877438748732	230.0	36	1.05	0.95				
	315	2	210.7483390863158	42.54856057263158	0.0	0.0	3	1.0493438704262876	-20.437710352243553	230.0	36	1.05	0.95				
	316	2	66.48212589473684	13.296425178947368	0.0	0.0	3	1.0495403119677058	-20.005966418593157	230.0	36	1.05	0.95				
	317	1	0.0	0.0	0.0	0.0	3	1.05	-16.452038589793222	230.0	37	1.05	0.95				
	318	2	221.3854792294737	45.20784560842105	0.0	0.0	3	1.0493913432243742	-15.873180396749406	230.0	37	1.05	0.95				
	319	1	120.33264786947369	24.59838658105263	0.0	0.0	3	1.0453180636863482	-21.167165718534395	230.0	35	1.05	0.95				
	320	1	85.09712114526316	17.28535273263158	0.0	0.0	3	1.0472805674055758	-20.936565684672086	230.0	35	1.05	0.95				
	321	2	0.0	0.0	0.0	0.0	3	1.05	-15.747253938788177	230.0	37	1.05	0.95				
	322	2	0.0	0.0	0.0	0.0	3	1.05	-10.247310472395856	230.0	37	1.05	0.95				
	323	2	0.0	0.0	0.0	0.0	3	1.05	-20.325498544504196	230.0	35	1.05	0.95				
	324	1	0.0	0.0	0.0	0.0	3	1.018934955671633	-25.808941132319212	230.0	36	1.05	0.95				
	325	1	0.0	0.0	0.0	0.0	3	1.036613382325593	-18.099576782057127	230.0	35	1.05	0.95				
];
