%% MATPOWER Case Format : Version 2
function mpc = RTS_GMLC
mpc.version = '2';

%%-----  Power Flow Data  -----%%
%% system MVA base
mpc.baseMVA = 100.0;
%% bus data
%    bus_i    type    Pd    Qd    Gs    Bs    area    Vm    Va    baseKV    zone    Vmax    Vmin
mpc.bus = [
	101	2	37.808015832	7.701632854666666	0.0	0.0	1	1.0354806036917785	2.0372572520532803	138.0	11	1.05	0.95				
	102	2	33.95719940466667	7.001484413333333	0.0	0.0	1	1.0346942072538876	1.7989601778412558	138.0	12	1.05	0.95				
	103	1	63.01335972	12.952746164666667	0.0	0.0	1	1.024952949835716	-0.29496675161989927	138.0	11	1.05	0.95				
	104	1	25.905492329333335	5.251113309999999	0.0	0.0	1	1.0227842837178878	-1.2827189755645425	138.0	11	1.05	0.95				
	105	1	24.85526966733333	4.9010390893333335	0.0	0.0	1	1.03795565092355	-0.9778229692916968	138.0	11	1.05	0.95				
	106	1	47.61009401066667	9.802078178666667	0.0	-100.0	1	1.0480621049889989	-3.0768994889594325	138.0	12	1.05	0.95				
	107	2	43.759277583333336	8.751855516666666	0.0	0.0	1	1.000589618678575	-10.30445309467912	138.0	12	1.05	0.95				
	108	1	59.862691733999995	12.252597723333333	0.0	0.0	1	1.0057125963447724	-8.13632903367649	138.0	12	1.05	0.95				
	109	1	61.26298861666667	12.602671943999999	0.0	0.0	1	1.0233378206671941	-2.387945943550154	138.0	13	1.05	0.95				
	110	1	68.26447302999999	14.002968826666667	0.0	0.0	1	1.05	-2.9362957691399454	138.0	13	1.05	0.95				
	111	1	0.0	0.0	0.0	0.0	1	0.9991453006853042	-0.6864363787917206	230.0	13	1.05	0.95				
	112	1	0.0	0.0	0.0	0.0	1	1.0052473636449757	-0.49174953418359146	230.0	13	1.05	0.95				
	113	3	92.76966847666665	18.904007916	0.0	0.0	1	0.9917596277567466	-1.7792633812564674e-27	230.0	14	1.05	0.95				
	114	2	67.91439880933333	13.652894605999998	0.0	0.0	1	0.9911990435783978	0.8519354361614125	230.0	16	1.05	0.95				
	115	2	110.97352795133332	22.404750122666666	0.0	0.0	1	1.0220969684776082	5.247335032701573	230.0	16	1.05	0.95				
	116	2	35.00742206666666	7.001484413333333	0.0	0.0	1	1.0184054189933827	5.064227927415964	230.0	16	1.05	0.95				
	117	1	0.0	0.0	0.0	0.0	1	1.0286183893258334	6.994757171263886	230.0	17	1.05	0.95				
	118	2	116.574715482	23.805047005333336	0.0	0.0	1	1.0308084015001582	7.069312047227817	230.0	17	1.05	0.95				
	119	1	63.36343394066667	12.952746164666667	0.0	0.0	1	1.0136947467675517	3.945130222361454	230.0	15	1.05	0.95				
	120	1	44.80950024533333	9.101929737333334	0.0	0.0	1	1.0118130079656589	3.67047416427204	230.0	15	1.05	0.95				
	121	2	0.0	0.0	0.0	0.0	1	1.0348356029082626	7.953551961409691	230.0	17	1.05	0.95				
	122	2	0.0	0.0	0.0	0.0	1	1.05	14.110365975238123	230.0	17	1.05	0.95				
	123	2	0.0	0.0	0.0	0.0	1	1.0109737140592578	3.798983048019005	230.0	15	1.05	0.95				
	124	1	0.0	0.0	0.0	0.0	1	1.0154808214867497	3.145480322427965	230.0	16	1.05	0.95				
	201	2	43.06060129263158	8.771603967017546	0.0	0.0	2	1.0159753439644086	-16.200619164726028	138.0	21	1.05	0.95				
	202	2	38.67479930912281	7.974185424561404	0.0	0.0	2	1.015489921354956	-16.41824447628634	138.0	22	1.05	0.95				
	203	1	71.76766882105264	14.752243035438598	0.0	0.0	2	1.013313500534632	-12.079482014593001	138.0	21	1.05	0.95				
	204	1	29.504486070877196	5.980639068421053	0.0	0.0	2	1.0128491682669685	-16.48706296742445	138.0	21	1.05	0.95				
	205	1	28.308358257192985	5.581929797192983	0.0	0.0	2	1.0282247571441607	-16.955889843587773	138.0	21	1.05	0.95				
	206	1	54.22446088701756	11.163859594385967	0.0	-100.0	2	1.0430872491143992	-17.857768721980257	138.0	22	1.05	0.95				
	207	2	49.83865890350877	9.967731780701754	0.0	0.0	2	0.9957994438774272	-22.798496317722314	138.0	22	1.05	0.95				
	208	1	68.17928538	13.954824492982457	0.0	0.0	2	1.001420670369521	-21.008305610194256	138.0	22	1.05	0.95				
	209	1	69.77412246491228	14.353533764210527	0.0	0.0	2	1.0218271902765295	-14.88602259669157	138.0	23	1.05	0.95				
	210	1	77.7483078894737	15.948370849122808	0.0	0.0	2	1.05	-16.430348242029687	138.0	23	1.05	0.95				
	211	1	0.0	0.0	0.0	0.0	2	1.0048137568838178	-12.088826758779184	230.0	23	1.05	0.95				
	212	1	0.0	0.0	0.0	0.0	2	1.008350739320959	-11.636354131379333	230.0	23	1.05	0.95				
	213	2	105.6579568754386	21.53030064631579	0.0	0.0	2	1.00246907574578	-11.090321113695465	230.0	24	1.05	0.95				
	214	2	77.34959861824562	15.549661577894739	0.0	0.0	2	1.003963545519431	-9.272756821658009	230.0	26	1.05	0.95				
	215	2	126.39083897929825	25.517393358596497	0.0	0.0	2	1.0158877014392376	-2.267277348754888	230.0	26	1.05	0.95				
	216	2	39.87092712280702	7.974185424561404	0.0	0.0	2	1.0172592400061742	-2.830946981056866	230.0	26	1.05	0.95				
	217	1	0.0	0.0	0.0	0.0	2	1.020697053167575	-0.6575269789333452	230.0	27	1.05	0.95				
	218	2	132.7701873189474	27.11223044350878	0.0	0.0	2	1.020182246621584	-1.1882288901732623	230.0	27	1.05	0.95				
	219	1	72.16637809228071	14.752243035438598	0.0	0.0	2	1.019638964208811	-3.7019398291766237	230.0	25	1.05	0.95				
	220	1	51.03478671719299	10.366441051929826	0.0	0.0	2	1.0243518473726072	-3.6660253750039975	230.0	25	1.05	0.95				
	221	2	0.0	0.0	0.0	0.0	2	1.022354930708498	-0.733315049301336	230.0	27	1.05	0.95				
	222	2	0.0	0.0	0.0	0.0	2	1.0442234655775888	5.859772661876972	230.0	27	1.05	0.95				
	223	2	0.0	0.0	0.0	0.0	2	1.0273752240157707	-3.339785926189097	230.0	25	1.05	0.95				
	224	1	0.0	0.0	0.0	0.0	2	1.0029465976087673	-5.9707267391060235	230.0	26	1.05	0.95				
	301	2	50.24169568421053	10.234419491228069	0.0	0.0	3	1.0406852222335312	-11.329244847905338	138.0	31	1.05	0.95				
	302	2	45.124485938596486	9.304017719298246	0.0	0.0	3	1.0361766765531282	-11.662176039999935	138.0	32	1.05	0.95				
	303	1	83.73615947368421	17.212432780701754	0.0	0.0	3	1.05	3.547512781621045	138.0	31	1.05	0.95				
	304	1	34.42486556140351	6.978013289473683	0.0	0.0	3	1.0157664183067956	-10.545350163451971	138.0	31	1.05	0.95				
	305	1	33.02926290350877	6.5128124035087716	0.0	0.0	3	1.0373714814496118	-12.31263807137106	138.0	31	1.05	0.95				
	306	1	63.26732049122808	13.025624807017543	0.0	-100.0	3	1.042169998563479	-13.429078702094953	138.0	32	1.05	0.95				
	307	2	58.150110745614036	11.630022149122807	0.0	0.0	3	0.9500000060011904	-9.966059386500667	138.0	32	1.05	0.95				
	308	1	79.5493515	16.282031008771927	0.0	0.0	3	0.971407005604885	-11.500313715127872	138.0	32	1.05	0.95				
	309	1	81.41015504385965	16.747231894736842	0.0	0.0	3	1.0135039077985173	-7.673677521945865	138.0	33	1.05	0.95				
	310	1	90.71417276315789	18.60803543859649	0.0	0.0	3	1.044791745940567	-11.838792077454366	138.0	33	1.05	0.95				
	311	1	0.0	0.0	0.0	0.0	3	1.0005174683917215	-8.666667824467726	230.0	33	1.05	0.95				
	312	1	0.0	0.0	0.0	0.0	3	1.004396368643476	-7.529469751407927	230.0	33	1.05	0.95				
	313	2	123.27823478070175	25.120847842105263	0.0	0.0	3	1.0005230822206512	-5.812853057681053	230.0	34	1.05	0.95				
	314	2	90.24897187719297	18.14283455263158	0.0	0.0	3	0.9947584343540814	-9.967128836598453	230.0	36	1.05	0.95				
	315	2	147.46868085087718	29.772856701754385	0.0	0.0	3	1.0453919268944858	-8.408817450597244	230.0	36	1.05	0.95				
	316	2	46.52008859649123	9.304017719298246	0.0	0.0	3	1.0282703255517227	-8.936572320300623	230.0	36	1.05	0.95				
	317	1	0.0	0.0	0.0	0.0	3	1.039019102339053	-8.009467296186358	230.0	37	1.05	0.95				
	318	2	154.9118950263158	31.63366024561404	0.0	0.0	3	1.0417804874773453	-8.111146215184666	230.0	37	1.05	0.95				
	319	1	84.20136035964913	17.212432780701754	0.0	0.0	3	1.0159592276917033	-8.299156216721476	230.0	35	1.05	0.95				
	320	1	59.54571340350877	12.09522303508772	0.0	0.0	3	1.0088826707970873	-6.804887843416261	230.0	35	1.05	0.95				
	321	2	0.0	0.0	0.0	0.0	3	1.05	-7.73307420589202	230.0	37	1.05	0.95				
	322	2	0.0	0.0	0.0	0.0	3	1.05	-3.5068725359375637	230.0	37	1.05	0.95				
	323	2	0.0	0.0	0.0	0.0	3	1.0063330016756116	-5.601145643692849	230.0	35	1.05	0.95				
	324	1	0.0	0.0	0.0	0.0	3	1.0433244492617793	-3.837173856925084	230.0	36	1.05	0.95				
	325	1	0.0	0.0	0.0	0.0	3	1.0050512597798003	-4.441667691501813	230.0	35	1.05	0.95				
];
