%% MATPOWER Case Format : Version 2
function mpc = RTS_GMLC
mpc.version = '2';

%%-----  Power Flow Data  -----%%
%% system MVA base
mpc.baseMVA = 100.0;
%% bus data
%    bus_i    type    Pd    Qd    Gs    Bs    area    Vm    Va    baseKV    zone    Vmax    Vmin
mpc.bus = [
	101	2	81.2538347494737	16.551707078596493	0.0	0.0	1	1.05	0.35891513972005873	138.0	11	1.05	0.95				
	102	2	72.97798121017543	15.04700643508772	0.0	0.0	1	1.049624750983901	0.060158201823720586	138.0	12	1.05	0.95				
	103	1	135.42305791578949	27.836961904912283	0.0	0.0	1	1.0285777865286543	-0.650439187401221	138.0	11	1.05	0.95				
	104	1	55.673923809824565	11.28525482631579	0.0	0.0	1	1.025952258735073	-3.5849782780963304	138.0	11	1.05	0.95				
	105	1	53.416872844561404	10.532904504561404	0.0	0.0	1	1.0389734716847299	-4.080144486692738	138.0	11	1.05	0.95				
	106	1	102.3196437585965	21.06580900912281	0.0	-100.0	1	1.039199356073236	-7.309390005076115	138.0	12	1.05	0.95				
	107	2	94.04379021929824	18.80875804385965	0.0	0.0	1	1.0106749132580894	-12.446557453585404	138.0	12	1.05	0.95				
	108	1	128.65190502	26.332261261403506	0.0	0.0	1	1.0004411974750251	-11.876710134036857	138.0	12	1.05	0.95				
	109	1	131.66130630701755	27.084611583157898	0.0	0.0	1	1.0262157319479432	-4.695348376558135	138.0	13	1.05	0.95				
	110	1	146.70831274210528	30.09401287017544	0.0	0.0	1	1.05	-6.301374431950272	138.0	13	1.05	0.95				
	111	1	0.0	0.0	0.0	0.0	1	1.016674980370647	-1.7567847959787348	230.0	13	1.05	0.95				
	112	1	0.0	0.0	0.0	0.0	1	1.0177513959027569	-1.3736883930231545	230.0	13	1.05	0.95				
	113	3	199.37283526491228	40.62691737473685	0.0	0.0	1	1.0182347542872885	-3.4405008540540897e-28	230.0	14	1.05	0.95				
	114	2	145.95596242035086	29.341662548421056	0.0	0.0	1	1.0225313925186763	0.4578110553806013	230.0	16	1.05	0.95				
	115	2	238.49505199614038	48.1504205922807	0.0	0.0	1	1.0441694254742233	9.352536240424733	230.0	16	1.05	0.95				
	116	2	75.2350321754386	15.04700643508772	0.0	0.0	1	1.0427643089673673	8.163101639960548	230.0	16	1.05	0.95				
	117	1	0.0	0.0	0.0	0.0	1	1.0461640525310856	11.827973637622787	230.0	17	1.05	0.95				
	118	2	250.53265714421053	51.15982187929825	0.0	0.0	1	1.048768381177843	12.704305689367045	230.0	17	1.05	0.95				
	119	1	136.17540823754385	27.836961904912283	0.0	0.0	1	1.0359221301401267	6.107306804348149	230.0	15	1.05	0.95				
	120	1	96.3008411845614	19.561108365614036	0.0	0.0	1	1.0361518767704399	5.2385410290917775	230.0	15	1.05	0.95				
	121	2	0.0	0.0	0.0	0.0	1	1.05	14.742659972487768	230.0	17	1.05	0.95				
	122	2	0.0	0.0	0.0	0.0	1	1.05	20.11067715306488	230.0	17	1.05	0.95				
	123	2	0.0	0.0	0.0	0.0	1	1.0382488699279708	5.320644503157564	230.0	15	1.05	0.95				
	124	1	0.0	0.0	0.0	0.0	1	1.0257962039555484	5.62523404729466	230.0	16	1.05	0.95				
	201	2	79.74626161263159	16.244608847017545	0.0	0.0	2	1.0362439954670315	-12.237078997860932	138.0	21	1.05	0.95				
	202	2	71.6239571891228	14.767826224561405	0.0	0.0	2	1.0368350110206839	-12.20676633424104	138.0	22	1.05	0.95				
	203	1	132.91043602105265	27.320478515438595	0.0	0.0	2	1.0182182389776593	-10.892858193891472	138.0	21	1.05	0.95				
	204	1	54.64095703087719	11.075869668421053	0.0	0.0	2	1.01784370319229	-13.310096216826695	138.0	21	1.05	0.95				
	205	1	52.425783097192976	10.337478357192984	0.0	0.0	2	1.0338093740761924	-13.612229296251135	138.0	21	1.05	0.95				
	206	1	100.42121832701756	20.674956714385967	0.0	-100.0	2	1.0382565756227227	-15.061203613219107	138.0	22	1.05	0.95				
	207	2	92.29891390350878	18.459782780701754	0.0	0.0	2	0.9619724318502155	-25.98232058793456	138.0	22	1.05	0.95				
	208	1	126.26491422000001	25.843695892982453	0.0	0.0	2	0.9664195189043409	-22.309435821495903	138.0	22	1.05	0.95				
	209	1	129.2184794649123	26.582087204210524	0.0	0.0	2	1.0256652211946329	-11.220798066337563	138.0	23	1.05	0.95				
	210	1	143.98630568947368	29.53565244912281	0.0	0.0	2	1.05	-12.677550862870165	138.0	23	1.05	0.95				
	211	1	0.0	0.0	0.0	0.0	2	1.026565797656257	-7.329314116105498	230.0	23	1.05	0.95				
	212	1	0.0	0.0	0.0	0.0	2	1.0240229091840751	-1.8009880359850257	230.0	23	1.05	0.95				
	213	2	195.67369747543862	39.87313080631579	0.0	0.0	2	1.0369670703321765	-4.199938000904475	230.0	24	1.05	0.95				
	214	2	143.2479143782456	28.797261137894743	0.0	0.0	2	1.0382127088370388	-5.578665770670617	230.0	26	1.05	0.95				
	215	2	234.07004565929824	47.257043918596494	0.0	0.0	2	1.0421247091314532	1.2900223147558048	230.0	26	1.05	0.95				
	216	2	73.83913112280702	14.767826224561405	0.0	0.0	2	1.0434175068183533	1.4667978217585598	230.0	26	1.05	0.95				
	217	1	0.0	0.0	0.0	0.0	2	1.0450291860466359	3.546674866141345	230.0	27	1.05	0.95				
	218	2	245.88430663894738	50.21060916350878	0.0	0.0	2	1.0448727159095035	3.488648581500473	230.0	27	1.05	0.95				
	219	1	133.64882733228072	27.320478515438595	0.0	0.0	2	1.0403290669234855	2.3323010308542753	230.0	25	1.05	0.95				
	220	1	94.51408783719299	19.198174091929825	0.0	0.0	2	1.044631019850834	4.471788655767775	230.0	25	1.05	0.95				
	221	2	0.0	0.0	0.0	0.0	2	1.0454472747087526	3.52864165600978	230.0	27	1.05	0.95				
	222	2	0.0	0.0	0.0	0.0	2	1.05	10.043838752400491	230.0	27	1.05	0.95				
	223	2	0.0	0.0	0.0	0.0	2	1.05	6.176653806537623	230.0	25	1.05	0.95				
	224	1	0.0	0.0	0.0	0.0	2	1.0178883987788925	-3.218316442519998	230.0	26	1.05	0.95				
	301	2	64.24992090947369	13.087946851929825	0.0	0.0	3	0.9890429075649315	14.466163754944292	138.0	31	1.05	0.95				
	302	2	57.705947483508766	11.898133501754387	0.0	0.0	3	0.9887442825248643	14.45479199922958	138.0	32	1.05	0.95				
	303	1	107.08320151578947	22.011546978245615	0.0	0.0	3	1.0149565496194295	16.602520971971643	138.0	31	1.05	0.95				
	304	1	44.02309395649123	8.92360012631579	0.0	0.0	3	0.9986063001352732	16.520585096847665	138.0	31	1.05	0.95				
	305	1	42.23837393122807	8.328693451228071	0.0	0.0	3	1.0100730850768034	16.587665452651457	138.0	31	1.05	0.95				
	306	1	80.90730781192983	16.657386902456143	0.0	-100.0	3	1.0302452693484414	17.093637889326793	138.0	32	1.05	0.95				
	307	2	74.36333438596492	14.872666877192984	0.0	0.0	3	0.9812907555953967	14.078005125993016	138.0	32	1.05	0.95				
	308	1	101.72904144000002	20.821733628070174	0.0	0.0	3	0.9972431563738361	16.692785892223675	138.0	32	1.05	0.95				
	309	1	104.10866814035089	21.416640303157894	0.0	0.0	3	1.0278070224878548	20.61903523464573	138.0	33	1.05	0.95				
	310	1	116.00680164210526	23.796267003508774	0.0	0.0	3	1.05	20.59201041599884	138.0	33	1.05	0.95				
	311	1	0.0	0.0	0.0	0.0	3	1.0184460310034729	26.551712766246563	230.0	33	1.05	0.95				
	312	1	0.0	0.0	0.0	0.0	3	1.0257538258073067	27.970469737237007	230.0	33	1.05	0.95				
	313	2	157.65026889824563	32.12496045473684	0.0	0.0	3	1.0497786175964363	35.97642886028461	230.0	34	1.05	0.95				
	314	2	115.41189496701753	23.201360328421057	0.0	0.0	3	1.0190759768407505	24.013104979913024	230.0	36	1.05	0.95				
	315	2	188.58541600280702	38.07402720561404	0.0	0.0	3	1.0390382353082122	16.83742070632491	230.0	36	1.05	0.95				
	316	2	59.490667508771935	11.898133501754387	0.0	0.0	3	1.041681654483158	18.260114252280893	230.0	36	1.05	0.95				
	317	1	0.0	0.0	0.0	0.0	3	1.045169749385655	16.774941831085105	230.0	37	1.05	0.95				
	318	2	198.10392280421055	40.45365390596491	0.0	0.0	3	1.0440964987080623	15.2506011050141	230.0	37	1.05	0.95				
	319	1	107.6781081908772	22.011546978245615	0.0	0.0	3	1.0425716601478803	21.32934243446052	230.0	35	1.05	0.95				
	320	1	76.14805441122807	15.467573552280703	0.0	0.0	3	1.0463839788980815	23.61445826783179	230.0	35	1.05	0.95				
	321	2	0.0	0.0	0.0	0.0	3	1.0434047085249323	16.35611241726339	230.0	37	1.05	0.95				
	322	2	0.0	0.0	0.0	0.0	3	1.05	20.85026958143046	230.0	37	1.05	0.95				
	323	2	0.0	0.0	0.0	0.0	3	1.0482938513103506	24.40501063609385	230.0	35	1.05	0.95				
	324	1	0.0	0.0	0.0	0.0	3	1.0283679566997646	18.779708212694363	230.0	36	1.05	0.95				
	325	1	0.0	0.0	0.0	0.0	3	1.0498451547301586	23.590681584973368	230.0	35	1.05	0.95				
];
