%% MATPOWER Case Format : Version 2
function mpc = RTS_GMLC
mpc.version = '2';

%%-----  Power Flow Data  -----%%
%% system MVA base
mpc.baseMVA = 100.0;
%% bus data
%    bus_i    type    Pd    Qd    Gs    Bs    area    Vm    Va    baseKV    zone    Vmax    Vmin
mpc.bus = [
	101	2	63.76595744842106	12.989361702456142	0.0	0.0	1	1.05	1.9925327906316659	138.0	11	1.05	0.95				
	102	2	57.27127659719299	11.808510638596491	0.0	0.0	1	1.0491849527852584	1.6131978764495183	138.0	12	1.05	0.95				
	103	1	106.27659574736843	21.845744681403513	0.0	0.0	1	1.0322755327517652	0.007136832053572277	138.0	11	1.05	0.95				
	104	1	43.691489362807026	8.85638297894737	0.0	0.0	1	1.028220068577417	-1.9610943893650525	138.0	11	1.05	0.95				
	105	1	41.920212767017546	8.265957447017545	0.0	0.0	1	1.0411875324022064	-2.267457159856612	138.0	11	1.05	0.95				
	106	1	80.29787234245616	16.53191489403509	0.0	-100.0	1	1.0439116523457477	-5.287466340826299	138.0	12	1.05	0.95				
	107	2	73.80319149122808	14.760638298245615	0.0	0.0	1	0.999786695899705	-11.252687285627939	138.0	12	1.05	0.95				
	108	1	100.96276596	20.66489361754386	0.0	0.0	1	0.9988330245533287	-10.121972140058785	138.0	12	1.05	0.95				
	109	1	103.32446808771931	21.255319149473685	0.0	0.0	1	1.0254425479053733	-3.6066689756534784	138.0	13	1.05	0.95				
	110	1	115.1329787263158	23.617021277192983	0.0	0.0	1	1.05	-4.8120731938552535	138.0	13	1.05	0.95				
	111	1	0.0	0.0	0.0	0.0	1	1.009903332378911	-1.359998175038912	230.0	13	1.05	0.95				
	112	1	0.0	0.0	0.0	0.0	1	1.0120434432438616	-1.4447386462858969	230.0	13	1.05	0.95				
	113	3	156.4627659614035	31.88297872421053	0.0	0.0	1	1.0055090627820724	8.438364335358341e-29	230.0	14	1.05	0.95				
	114	2	114.54255319438597	23.026595745263158	0.0	0.0	1	1.0116052620138838	0.38293229509712906	230.0	16	1.05	0.95				
	115	2	187.1648936217544	37.787234043508775	0.0	0.0	1	1.0423785280788913	7.725446504606424	230.0	16	1.05	0.95				
	116	2	59.04255319298246	11.808510638596491	0.0	0.0	1	1.0377431813983633	6.399157489802757	230.0	16	1.05	0.95				
	117	1	0.0	0.0	0.0	0.0	1	1.0437349748487321	10.512798287058432	230.0	17	1.05	0.95				
	118	2	196.6117021326316	40.14893617122808	0.0	0.0	1	1.0479462573157723	11.59536985523434	230.0	17	1.05	0.95				
	119	1	106.86702127929826	21.845744681403513	0.0	0.0	1	1.0266301414048273	4.021747014684497	230.0	15	1.05	0.95				
	120	1	75.57446808701755	15.351063830175441	0.0	0.0	1	1.02177641577456	2.5544463329651856	230.0	15	1.05	0.95				
	121	2	0.0	0.0	0.0	0.0	1	1.05	13.472471285990675	230.0	17	1.05	0.95				
	122	2	0.0	0.0	0.0	0.0	1	1.05	18.962354449919825	230.0	17	1.05	0.95				
	123	2	0.0	0.0	0.0	0.0	1	1.0204586607313442	2.1983236687485297	230.0	15	1.05	0.95				
	124	1	0.0	0.0	0.0	0.0	1	1.0286425272349184	4.838032916848712	230.0	16	1.05	0.95				
	201	2	52.15551707368421	10.624271996491228	0.0	0.0	2	1.0132338887736425	-9.240239392587647	138.0	21	1.05	0.95				
	202	2	46.84338107543859	9.658429087719298	0.0	0.0	2	1.0124349647844566	-9.45448573019862	138.0	22	1.05	0.95				
	203	1	86.92586178947369	17.8680938122807	0.0	0.0	2	1.0143388361841685	-7.146747526978098	138.0	21	1.05	0.95				
	204	1	35.7361876245614	7.243821815789474	0.0	0.0	2	1.011162785290043	-8.474480778692817	138.0	21	1.05	0.95				
	205	1	34.287423261403504	6.760900361403508	0.0	0.0	2	1.025359041225457	-8.773119824335698	138.0	21	1.05	0.95				
	206	1	65.67731779649122	13.521800722807017	0.0	-100.0	2	1.0399443463214402	-9.086362204099965	138.0	22	1.05	0.95				
	207	2	60.365181798245615	12.073036359649123	0.0	0.0	2	0.9956628661348114	-15.00850941594076	138.0	22	1.05	0.95				
	208	1	82.5795687	16.90225090350877	0.0	0.0	2	0.998572597644367	-12.772288411883254	138.0	22	1.05	0.95				
	209	1	84.51125451754386	17.385172357894735	0.0	0.0	2	1.0251845204062637	-5.687540557088932	138.0	23	1.05	0.95				
	210	1	94.16968360526316	19.316858175438597	0.0	0.0	2	1.05	-6.754156179280534	138.0	23	1.05	0.95				
	211	1	0.0	0.0	0.0	0.0	2	1.0087284259992333	-2.687338035026966	230.0	23	1.05	0.95				
	212	1	0.0	0.0	0.0	0.0	2	1.0142724419431832	2.472656457644305	230.0	23	1.05	0.95				
	213	2	127.97418541228069	26.077758536842104	0.0	0.0	2	1.008784849635505	0.29398443635466	230.0	24	1.05	0.95				
	214	2	93.68676215087719	18.833936721052634	0.0	0.0	2	1.0080885999736042	-1.6712466654478717	230.0	26	1.05	0.95				
	215	2	153.08610104035088	30.906973080701754	0.0	0.0	2	1.0269700924022542	2.4229875520489212	230.0	26	1.05	0.95				
	216	2	48.29214543859649	9.658429087719298	0.0	0.0	2	1.026701991375761	2.72943891490814	230.0	26	1.05	0.95				
	217	1	0.0	0.0	0.0	0.0	2	1.0304855628722362	3.171549526652232	230.0	27	1.05	0.95				
	218	2	160.81284431052632	32.83865889824561	0.0	0.0	2	1.0295044104856559	2.7135943401220546	230.0	27	1.05	0.95				
	219	1	87.40878324385965	17.8680938122807	0.0	0.0	2	1.0263461434096397	3.903370202707027	230.0	25	1.05	0.95				
	220	1	61.81394616140351	12.555957814035088	0.0	0.0	2	1.0301307104507296	5.858853383101559	230.0	25	1.05	0.95				
	221	2	0.0	0.0	0.0	0.0	2	1.0317388006287784	3.4137823532492786	230.0	27	1.05	0.95				
	222	2	0.0	0.0	0.0	0.0	2	1.05	9.812411673685231	230.0	27	1.05	0.95				
	223	2	0.0	0.0	0.0	0.0	2	1.0338628898891145	7.2932073167060905	230.0	25	1.05	0.95				
	224	1	0.0	0.0	0.0	0.0	2	1.0104176167333292	-1.1518368391111395	230.0	26	1.05	0.95				
	301	2	67.17114837473686	13.683011705964915	0.0	0.0	3	0.9958597358837549	12.184627395534045	138.0	31	1.05	0.95				
	302	2	60.32964252175439	12.439101550877195	0.0	0.0	3	0.9968889610977779	12.15598884539459	138.0	32	1.05	0.95				
	303	1	111.95191395789475	23.01233786912281	0.0	0.0	3	1.0135079114679968	14.527031454084321	138.0	31	1.05	0.95				
	304	1	46.02467573824562	9.329326163157896	0.0	0.0	3	1.0010073795693708	14.371190395371459	138.0	31	1.05	0.95				
	305	1	44.158810505614035	8.707371085614037	0.0	0.0	3	1.0129729757855177	14.461092947591538	138.0	31	1.05	0.95				
	306	1	84.58589054596493	17.414742171228074	0.0	-100.0	3	1.0313277260957001	15.030925725201788	138.0	32	1.05	0.95				
	307	2	77.74438469298246	15.548876938596493	0.0	0.0	3	0.9802884412938099	11.398636780047815	138.0	32	1.05	0.95				
	308	1	106.35431826000001	21.768427714035088	0.0	0.0	3	0.9948116762368123	14.175963637577157	138.0	32	1.05	0.95				
	309	1	108.84213857017544	22.390382791578947	0.0	0.0	3	1.0268061950350982	18.7105717088054	138.0	33	1.05	0.95				
	310	1	121.28124012105263	24.87820310175439	0.0	0.0	3	1.05	18.713981310880552	138.0	33	1.05	0.95				
	311	1	0.0	0.0	0.0	0.0	3	1.0170769220403473	25.069267360904536	230.0	33	1.05	0.95				
	312	1	0.0	0.0	0.0	0.0	3	1.0242942031937745	26.389623172326857	230.0	33	1.05	0.95				
	313	2	164.8180955491228	33.58557418736843	0.0	0.0	3	1.0481637946748668	34.384933599693255	230.0	34	1.05	0.95				
	314	2	120.65928504350877	24.25624802421053	0.0	0.0	3	1.017826077849998	23.04373881839595	230.0	36	1.05	0.95				
	315	2	197.15975958140353	39.80512496280702	0.0	0.0	3	1.0370490781220467	16.118610392237397	230.0	36	1.05	0.95				
	316	2	62.19550775438597	12.439101550877195	0.0	0.0	3	1.0392359409370062	17.55171696263183	230.0	36	1.05	0.95				
	317	1	0.0	0.0	0.0	0.0	3	1.041974511480659	16.390329822083448	230.0	37	1.05	0.95				
	318	2	207.1110408221053	42.292945272982465	0.0	0.0	3	1.0396522975578435	14.885658667955369	230.0	37	1.05	0.95				
	319	1	112.5738690354386	23.01233786912281	0.0	0.0	3	1.0405975343934595	20.478061341545253	230.0	35	1.05	0.95				
	320	1	79.61024992561404	16.170832016140352	0.0	0.0	3	1.0446139823069642	22.564640590762977	230.0	35	1.05	0.95				
	321	2	0.0	0.0	0.0	0.0	3	1.0402657168027192	15.875399874827485	230.0	37	1.05	0.95				
	322	2	0.0	0.0	0.0	0.0	3	1.05	20.397523123545266	230.0	37	1.05	0.95				
	323	2	0.0	0.0	0.0	0.0	3	1.046589167513374	23.24442220769663	230.0	35	1.05	0.95				
	324	1	0.0	0.0	0.0	0.0	3	1.0261202544074293	17.807223886906876	230.0	36	1.05	0.95				
	325	1	0.0	0.0	0.0	0.0	3	1.0482747773981682	22.42050342875408	230.0	35	1.05	0.95				
];
