%% MATPOWER Case Format : Version 2
function mpc = RTS_GMLC
mpc.version = '2';

%%-----  Power Flow Data  -----%%
%% system MVA base
mpc.baseMVA = 100.0;
%% bus data
%    bus_i    type    Pd    Qd    Gs    Bs    area    Vm    Va    baseKV    zone    Vmax    Vmin
mpc.bus = [
	101	2	45.58337458105263	9.285502229473684	0.0	0.0	1	1.0253300924970963	-0.34830382569868423	138.0	11	1.05	0.95				
	102	2	40.94062346631579	8.441365663157896	0.0	0.0	1	1.0232397080753146	-0.9083468781247723	138.0	12	1.05	0.95				
	103	1	75.97229096842105	15.616526476842104	0.0	0.0	1	1.0315669790924353	0.8568306886755789	138.0	11	1.05	0.95				
	104	1	31.233052953684208	6.33102424736842	0.0	0.0	1	1.0191274930662897	-2.665807438227295	138.0	11	1.05	0.95				
	105	1	29.966848104210523	5.908955964210527	0.0	0.0	1	1.032119454765234	-2.969578664934186	138.0	11	1.05	0.95				
	106	1	57.40128650947369	11.817911928421054	0.0	-100.0	1	1.0436581149626751	-4.978559580275576	138.0	12	1.05	0.95				
	107	2	52.75853539473684	10.551707078947368	0.0	0.0	1	0.9996593176621812	-11.078140867696238	138.0	12	1.05	0.95				
	108	1	72.17367641999999	14.772389910526314	0.0	0.0	1	1.0034975244750695	-9.206639005919065	138.0	12	1.05	0.95				
	109	1	73.86194955263157	15.19445819368421	0.0	0.0	1	1.0251278797401882	-2.9028677186085035	138.0	13	1.05	0.95				
	110	1	82.30331521578947	16.882731326315792	0.0	0.0	1	1.05	-4.268689784330392	138.0	13	1.05	0.95				
	111	1	0.0	0.0	0.0	0.0	1	1.0059572261116791	-0.5428493703438673	230.0	13	1.05	0.95				
	112	1	0.0	0.0	0.0	0.0	1	1.009879495839766	-1.2484286361862946	230.0	13	1.05	0.95				
	113	3	111.8480950368421	22.791687290526315	0.0	0.0	1	0.9994066753866137	-1.3923635764530923e-29	230.0	14	1.05	0.95				
	114	2	81.88124693263158	16.460663043157894	0.0	0.0	1	1.006635525616202	2.142292358770968	230.0	16	1.05	0.95				
	115	2	133.79564576105264	27.01237012210526	0.0	0.0	1	1.0429679988541392	9.975264770154798	230.0	16	1.05	0.95				
	116	2	42.20682831578947	8.441365663157896	0.0	0.0	1	1.0368955831007791	8.361530876145629	230.0	16	1.05	0.95				
	117	1	0.0	0.0	0.0	0.0	1	1.04314450635351	12.890193458215203	230.0	17	1.05	0.95				
	118	2	140.54873829157896	28.700643254736846	0.0	0.0	1	1.0485843825879109	13.922537232518934	230.0	17	1.05	0.95				
	119	1	76.39435925157895	15.616526476842104	0.0	0.0	1	1.0254720980003669	5.072560385949743	230.0	15	1.05	0.95				
	120	1	54.02474024421052	10.973775362105263	0.0	0.0	1	1.0203579530788653	2.790465090768802	230.0	15	1.05	0.95				
	121	2	0.0	0.0	0.0	0.0	1	1.05	15.699298400800197	230.0	17	1.05	0.95				
	122	2	0.0	0.0	0.0	0.0	1	1.05	23.37054814566288	230.0	17	1.05	0.95				
	123	2	0.0	0.0	0.0	0.0	1	1.0184026019269397	1.8563157322749853	230.0	15	1.05	0.95				
	124	1	0.0	0.0	0.0	0.0	1	1.027214011356337	6.5650004075410715	230.0	16	1.05	0.95				
	201	2	39.60963325894737	8.068628997192983	0.0	0.0	2	1.0110463586621725	-15.049365519721322	138.0	21	1.05	0.95				
	202	2	35.575318760350875	7.335117270175438	0.0	0.0	2	1.010106148854056	-15.33587655231916	138.0	22	1.05	0.95				
	203	1	66.01605543157895	13.569966949824561	0.0	0.0	2	1.0165088411062835	-11.211394573145824	138.0	21	1.05	0.95				
	204	1	27.139933899649122	5.501337952631579	0.0	0.0	2	1.011677819964632	-15.09814127747568	138.0	21	1.05	0.95				
	205	1	26.039666309122804	5.134582089122808	0.0	0.0	2	1.026144646922688	-15.517757702423177	138.0	21	1.05	0.95				
	206	1	49.878797437192986	10.269164178245616	0.0	-100.0	2	1.0427299412779136	-16.25830644060536	138.0	22	1.05	0.95				
	207	2	45.84448293859649	9.168896587719297	0.0	0.0	2	0.993074738396298	-20.552651871496874	138.0	22	1.05	0.95				
	208	1	62.71525266	12.836455222807016	0.0	0.0	2	1.0014004881638077	-18.949457653333468	138.0	22	1.05	0.95				
	209	1	64.18227611403509	13.203211086315788	0.0	0.0	2	1.0230691123066573	-13.377976492354186	138.0	23	1.05	0.95				
	210	1	71.51739338421052	14.670234540350876	0.0	0.0	2	1.05	-14.800976637328278	138.0	23	1.05	0.95				
	211	1	0.0	0.0	0.0	0.0	2	1.0045220599977374	-10.652581653300478	230.0	23	1.05	0.95				
	212	1	0.0	0.0	0.0	0.0	2	1.0092858274463183	-10.066350225319592	230.0	23	1.05	0.95				
	213	2	97.19030382982456	19.804816629473684	0.0	0.0	2	0.9998183152162429	-9.444389657060539	230.0	24	1.05	0.95				
	214	2	71.15063752070175	14.303478676842104	0.0	0.0	2	1.004287734831599	-8.144801952457996	230.0	26	1.05	0.95				
	215	2	116.2616087322807	23.472375264561403	0.0	0.0	2	1.0248616784012208	-1.4102763101515403	230.0	26	1.05	0.95				
	216	2	36.67558635087719	7.335117270175438	0.0	0.0	2	1.0253063459578924	-2.4247682184721144	230.0	26	1.05	0.95				
	217	1	0.0	0.0	0.0	0.0	2	1.0291039823134591	-0.5034096451854593	230.0	27	1.05	0.95				
	218	2	122.12970254842106	24.939398718596493	0.0	0.0	2	1.0287982719610516	-0.7955717387226396	230.0	27	1.05	0.95				
	219	1	66.38281129508772	13.569966949824561	0.0	0.0	2	1.0282649058844393	-2.8281892297983853	230.0	25	1.05	0.95				
	220	1	46.94475052912281	9.53565245122807	0.0	0.0	2	1.032955055689966	-2.46216777904192	230.0	25	1.05	0.95				
	221	2	0.0	0.0	0.0	0.0	2	1.030696615530697	-0.20922118117534977	230.0	27	1.05	0.95				
	222	2	0.0	0.0	0.0	0.0	2	1.0499999994027183	6.167802720493935	230.0	27	1.05	0.95				
	223	2	0.0	0.0	0.0	0.0	2	1.0358577375625428	-1.983738673773903	230.0	25	1.05	0.95				
	224	1	0.0	0.0	0.0	0.0	2	1.0096656603388956	-5.08800245882182	230.0	26	1.05	0.95				
	301	2	55.72540333894737	11.351471050526317	0.0	0.0	3	1.004033289518686	15.419951950173608	138.0	31	1.05	0.95				
	302	2	50.04966781368421	10.319519136842107	0.0	0.0	3	1.0034854883108668	15.178255750484508	138.0	32	1.05	0.95				
	303	1	92.87567223157896	19.091110403157895	0.0	0.0	3	1.0443024576008442	25.317319730298195	138.0	31	1.05	0.95				
	304	1	38.18222080631579	7.739639352631579	0.0	0.0	3	1.007850230295759	16.69155354385374	138.0	31	1.05	0.95				
	305	1	36.634292935789475	7.223663395789474	0.0	0.0	3	1.0203401978219844	15.320819084887283	138.0	31	1.05	0.95				
	306	1	70.17273013052633	14.447326791578949	0.0	-100.0	3	1.0368012636662252	14.672327372537152	138.0	32	1.05	0.95				
	307	2	64.49699460526315	12.899398921052633	0.0	0.0	3	0.9860266480730873	10.299446756359742	138.0	32	1.05	0.95				
	308	1	88.23188861999999	18.059158489473685	0.0	0.0	3	0.9953088446591588	12.627277458712776	138.0	32	1.05	0.95				
	309	1	90.29579244736843	18.57513444631579	0.0	0.0	3	1.028416663529343	20.029043177294575	138.0	33	1.05	0.95				
	310	1	100.61531158421053	20.639038273684214	0.0	0.0	3	1.05	16.885947159152337	138.0	33	1.05	0.95				
	311	1	0.0	0.0	0.0	0.0	3	1.011043966274387	21.517177640853923	230.0	33	1.05	0.95				
	312	1	0.0	0.0	0.0	0.0	3	1.0174927012609185	21.525654805601285	230.0	33	1.05	0.95				
	313	2	136.7336285631579	27.862701669473687	0.0	0.0	3	1.0148178118203357	24.029335616620653	230.0	34	1.05	0.95				
	314	2	100.09933562736842	20.12306231684211	0.0	0.0	3	1.0066026067113327	22.471246594596316	230.0	36	1.05	0.95				
	315	2	163.56437831894738	33.02246123789474	0.0	0.0	3	1.0402305443584596	21.809884569472274	230.0	36	1.05	0.95				
	316	2	51.59759568421053	10.319519136842107	0.0	0.0	3	1.0336345274790157	22.143839705832942	230.0	36	1.05	0.95				
	317	1	0.0	0.0	0.0	0.0	3	1.05	24.685937643847538	230.0	37	1.05	0.95				
	318	2	171.81999362842106	35.086365065263166	0.0	0.0	3	1.048197329061048	21.223830740795947	230.0	37	1.05	0.95				
	319	1	93.39164818842106	19.091110403157895	0.0	0.0	3	1.0290743532822408	22.021331799265813	230.0	35	1.05	0.95				
	320	1	66.04492247578948	13.415374877894736	0.0	0.0	3	1.0259808601942007	21.60388140692454	230.0	35	1.05	0.95				
	321	2	0.0	0.0	0.0	0.0	3	1.047294963872814	22.08079438310659	230.0	37	1.05	0.95				
	322	2	0.0	0.0	0.0	0.0	3	1.05	27.447985729519942	230.0	37	1.05	0.95				
	323	2	0.0	0.0	0.0	0.0	3	1.0242117707601768	21.36353521786137	230.0	35	1.05	0.95				
	324	1	0.0	0.0	0.0	0.0	3	1.0412251262568424	24.827271890782477	230.0	36	1.05	0.95				
	325	1	0.0	0.0	0.0	0.0	3	1.0278226793308496	20.88927075203249	230.0	35	1.05	0.95				
];
