%% MATPOWER Case Format : Version 2
function mpc = RTS_GMLC
mpc.version = '2';

%%-----  Power Flow Data  -----%%
%% system MVA base
mpc.baseMVA = 100.0;
%% bus data
%    bus_i    type    Pd    Qd    Gs    Bs    area    Vm    Va    baseKV    zone    Vmax    Vmin
mpc.bus = [
	101	2	49.925284522105265	10.169965365614035	0.0	0.0	1	1.0342899155180156	2.030988785167933	138.0	11	1.05	0.95				
	102	2	44.84030183929824	9.245423059649124	0.0	0.0	1	1.033873310883937	1.8923418390958986	138.0	12	1.05	0.95				
	103	1	83.20880753684212	17.104032660350875	0.0	0.0	1	1.0276395298102046	-0.0805121000651292	138.0	11	1.05	0.95				
	104	1	34.20806532070175	6.934067294736841	0.0	0.0	1	1.0212019773909127	-1.363548751216093	138.0	11	1.05	0.95				
	105	1	32.821251861754384	6.471796141754386	0.0	0.0	1	1.0357926245986768	-1.146919251391897	138.0	11	1.05	0.95				
	106	1	62.868876805614036	12.943592283508773	0.0	-100.0	1	1.0446103876299586	-3.395737172397087	138.0	12	1.05	0.95				
	107	2	57.78389412280702	11.556778824561404	0.0	0.0	1	1.0080140201568064	-6.834142497945352	138.0	12	1.05	0.95				
	108	1	79.04836716	16.179490354385965	0.0	0.0	1	1.0086256471303117	-6.468700054312563	138.0	12	1.05	0.95				
	109	1	80.89745177192982	16.641761507368418	0.0	0.0	1	1.0251152651837838	-2.1586475848778197	138.0	13	1.05	0.95				
	110	1	90.14287483157895	18.490846119298247	0.0	0.0	1	1.05	-2.9150696368597275	138.0	13	1.05	0.95				
	111	1	0.0	0.0	0.0	0.0	1	1.004477605031755	-0.4220844693767692	230.0	13	1.05	0.95				
	112	1	0.0	0.0	0.0	0.0	1	1.0095832183953921	0.17515180980593872	230.0	13	1.05	0.95				
	113	3	122.50185554035087	24.962642261052633	0.0	0.0	1	0.9977585804098674	-8.900677131587067e-30	230.0	14	1.05	0.95				
	114	2	89.68060367859648	18.02857496631579	0.0	0.0	1	1.0008618155331614	1.4481854504054277	230.0	16	1.05	0.95				
	115	2	146.5399554954386	29.585353790877196	0.0	0.0	1	1.03804524449484	7.009824778580589	230.0	16	1.05	0.95				
	116	2	46.227115298245614	9.245423059649124	0.0	0.0	1	1.0341524708570504	6.776041118597907	230.0	16	1.05	0.95				
	117	1	0.0	0.0	0.0	0.0	1	1.0415627180181026	8.399001934999417	230.0	17	1.05	0.95				
	118	2	153.9362939431579	31.434438402807018	0.0	0.0	1	1.0438062142143016	8.31227506109789	230.0	17	1.05	0.95				
	119	1	83.67107868982457	17.104032660350875	0.0	0.0	1	1.028728100915919	6.0902612987175075	230.0	15	1.05	0.95				
	120	1	59.17070758175439	12.01904997754386	0.0	0.0	1	1.0272972215259732	6.38849507396515	230.0	15	1.05	0.95				
	121	2	0.0	0.0	0.0	0.0	1	1.0479702654273955	9.28583167023801	230.0	17	1.05	0.95				
	122	2	0.0	0.0	0.0	0.0	1	1.05	15.614110890442491	230.0	17	1.05	0.95				
	123	2	0.0	0.0	0.0	0.0	1	1.0272852226596627	6.908149549840949	230.0	15	1.05	0.95				
	124	1	0.0	0.0	0.0	0.0	1	1.0248713476009121	4.360185179312033	230.0	16	1.05	0.95				
	201	2	53.600503717894746	10.918621127719298	0.0	0.0	2	1.0311554648332444	-7.206172403190858	138.0	21	1.05	0.95				
	202	2	48.141193154035086	9.926019207017545	0.0	0.0	2	1.031559081782785	-7.185791261559607	138.0	22	1.05	0.95				
	203	1	89.33417286315789	18.363135532982454	0.0	0.0	2	1.020148230660629	-6.664638530339534	138.0	21	1.05	0.95				
	204	1	36.72627106596491	7.444514405263157	0.0	0.0	2	1.0189587586899849	-9.41870028507472	138.0	21	1.05	0.95				
	205	1	35.23736818491228	6.948213444912281	0.0	0.0	2	1.0342570867604535	-9.578354073858426	138.0	21	1.05	0.95				
	206	1	67.49693060771929	13.896426889824562	0.0	-100.0	2	1.0435842006927698	-11.375059726128546	138.0	22	1.05	0.95				
	207	2	62.03762004385964	12.40752400877193	0.0	0.0	2	0.9892708400119354	-18.85742791418956	138.0	22	1.05	0.95				
	208	1	84.86746422	17.3705336122807	0.0	0.0	2	0.9938679466812248	-16.557213993928645	138.0	22	1.05	0.95				
	209	1	86.8526680614035	17.866834572631575	0.0	0.0	2	1.0233398668780587	-9.225422033060193	138.0	23	1.05	0.95				
	210	1	96.77868726842105	19.85203841403509	0.0	0.0	2	1.05	-10.409327265411571	138.0	23	1.05	0.95				
	211	1	0.0	0.0	0.0	0.0	2	1.0086590181378892	-6.318143477686477	230.0	23	1.05	0.95				
	212	1	0.0	0.0	0.0	0.0	2	1.0106841682994032	-5.707707429288638	230.0	23	1.05	0.95				
	213	2	131.51975449298246	26.800251858947373	0.0	0.0	2	1.004162770102073	-5.361329034651786	230.0	24	1.05	0.95				
	214	2	96.28238630807017	19.35573745368421	0.0	0.0	2	1.0124851690796648	-3.57829881591056	230.0	26	1.05	0.95				
	215	2	157.32740443122805	31.76326146245614	0.0	0.0	2	1.030738729522201	3.3414035941042584	230.0	26	1.05	0.95				
	216	2	49.63009603508772	9.926019207017545	0.0	0.0	2	1.032547148827198	3.292697066775748	230.0	26	1.05	0.95				
	217	1	0.0	0.0	0.0	0.0	2	1.0374432993080553	6.184356534621693	230.0	27	1.05	0.95				
	218	2	165.2682197968421	33.748465303859646	0.0	0.0	2	1.039282429559828	6.731947066084869	230.0	27	1.05	0.95				
	219	1	89.83047382350877	18.363135532982454	0.0	0.0	2	1.0314257486763851	2.4134796812120833	230.0	25	1.05	0.95				
	220	1	63.52652292491228	12.903824969122807	0.0	0.0	2	1.0341569102189636	2.6061905493509356	230.0	25	1.05	0.95				
	221	2	0.0	0.0	0.0	0.0	2	1.038937590428403	6.356998012575911	230.0	27	1.05	0.95				
	222	2	0.0	0.0	0.0	0.0	2	1.05	12.790269217895043	230.0	27	1.05	0.95				
	223	2	0.0	0.0	0.0	0.0	2	1.0365484158536673	3.085098367768322	230.0	25	1.05	0.95				
	224	1	0.0	0.0	0.0	0.0	2	1.0143935234614772	-0.40523445108171285	230.0	26	1.05	0.95				
	301	2	47.90129706947369	9.757671625263159	0.0	0.0	3	1.0079910038876647	-20.026121637793228	138.0	31	1.05	0.95				
	302	2	43.02246125684211	8.870610568421053	0.0	0.0	3	1.0075862759289358	-20.143080535109632	138.0	32	1.05	0.95				
	303	1	79.83549511578948	16.41062955157895	0.0	0.0	3	1.0243112856189276	-14.248691021836246	138.0	31	1.05	0.95				
	304	1	32.8212591031579	6.65295792631579	0.0	0.0	3	1.010170599929983	-18.63694427964139	138.0	31	1.05	0.95				
	305	1	31.49066751789474	6.209427397894738	0.0	0.0	3	1.0232229266277981	-19.478411100793526	138.0	31	1.05	0.95				
	306	1	60.32015186526317	12.418854795789477	0.0	-100.0	3	1.0399042359875539	-19.697613392698212	138.0	32	1.05	0.95				
	307	2	55.441316052631585	11.088263210526318	0.0	0.0	3	0.9937759667622137	-24.516190727699215	138.0	32	1.05	0.95				
	308	1	75.84372036	15.523568494736843	0.0	0.0	3	0.9993928352526055	-22.50574568610398	138.0	32	1.05	0.95				
	309	1	77.61784247368422	15.967099023157896	0.0	0.0	3	1.026382679827575	-15.590684540113633	138.0	33	1.05	0.95				
	310	1	86.48845304210528	17.741221136842107	0.0	0.0	3	1.05	-17.503536191208426	138.0	33	1.05	0.95				
	311	1	0.0	0.0	0.0	0.0	3	1.0093746857554853	-11.582691076666634	230.0	33	1.05	0.95				
	312	1	0.0	0.0	0.0	0.0	3	1.0115630578887862	-11.185888186737078	230.0	33	1.05	0.95				
	313	2	117.53559003157896	23.950648534736846	0.0	0.0	3	1.0113786230612152	-8.174227052894699	230.0	34	1.05	0.95				
	314	2	86.04492251368421	17.297690608421053	0.0	0.0	3	1.012423377643622	-9.517658259034445	230.0	36	1.05	0.95				
	315	2	140.5991775094737	28.385953818947375	0.0	0.0	3	1.0374347202647598	-4.370912929272149	230.0	36	1.05	0.95				
	316	2	44.35305284210527	8.870610568421053	0.0	0.0	3	1.0358863585979887	-3.9621545793252313	230.0	36	1.05	0.95				
	317	1	0.0	0.0	0.0	0.0	3	1.040597576524441	-2.2194317224331663	230.0	37	1.05	0.95				
	318	2	147.69566596421055	30.160075932631585	0.0	0.0	3	1.0406365357078973	-1.9749438652140445	230.0	37	1.05	0.95				
	319	1	80.27902564421053	16.41062955157895	0.0	0.0	3	1.0310269202685276	-5.02446434861088	230.0	35	1.05	0.95				
	320	1	56.77190763789475	11.53179373894737	0.0	0.0	3	1.0299622189733821	-5.094466041969691	230.0	35	1.05	0.95				
	321	2	0.0	0.0	0.0	0.0	3	1.0432225820920744	-1.3581261357583403	230.0	37	1.05	0.95				
	322	2	0.0	0.0	0.0	0.0	3	1.05	2.6272189443514073	230.0	37	1.05	0.95				
	323	2	0.0	0.0	0.0	0.0	3	1.0299795658483022	-4.793663871220564	230.0	35	1.05	0.95				
	324	1	0.0	0.0	0.0	0.0	3	1.0202148364247097	-8.060113887328525	230.0	36	1.05	0.95				
	325	1	0.0	0.0	0.0	0.0	3	1.027508892827141	-3.6084962588265457	230.0	35	1.05	0.95				
];
