%% MATPOWER Case Format : Version 2
function mpc = RTS_GMLC
mpc.version = '2';

%%-----  Power Flow Data  -----%%
%% system MVA base
mpc.baseMVA = 100.0;
%% bus data
%    bus_i    type    Pd    Qd    Gs    Bs    area    Vm    Va    baseKV    zone    Vmax    Vmin
mpc.bus = [
	101	2	43.953488374736835	8.953488372631577	0.0	0.0	1	1.0344943276929501	2.797781672808253	138.0	11	1.05	0.95				
	102	2	39.47674418842105	8.139534884210525	0.0	0.0	1	1.0341084380886378	2.6723746363262997	138.0	12	1.05	0.95				
	103	1	73.25581395789473	15.058139535789472	0.0	0.0	1	1.0293336647302291	-0.014297719117021967	138.0	11	1.05	0.95				
	104	1	30.116279071578944	6.104651163157894	0.0	0.0	1	1.0222314223214177	-0.7771752105287666	138.0	11	1.05	0.95				
	105	1	28.895348838947367	5.6976744189473685	0.0	0.0	1	1.0365195469568738	-0.48074107951500783	138.0	11	1.05	0.95				
	106	1	55.34883721263157	11.395348837894737	0.0	-100.0	1	1.0461107436436563	-2.738450967661132	138.0	12	1.05	0.95				
	107	2	50.87209302631578	10.174418605263156	0.0	0.0	1	1.0005207238252039	-8.051269293458894	138.0	12	1.05	0.95				
	108	1	69.59302325999998	14.244186047368418	0.0	0.0	1	1.005320966368574	-6.856338130887779	138.0	12	1.05	0.95				
	109	1	71.2209302368421	14.651162791578946	0.0	0.0	1	1.0251371522680048	-1.9548420953081687	138.0	13	1.05	0.95				
	110	1	79.36046512105261	16.27906976842105	0.0	0.0	1	1.05	-2.525792001740557	138.0	13	1.05	0.95				
	111	1	0.0	0.0	0.0	0.0	1	1.0032905270717962	-0.4191415332167314	230.0	13	1.05	0.95				
	112	1	0.0	0.0	0.0	0.0	1	1.0085531435752662	0.19568083630781466	230.0	13	1.05	0.95				
	113	3	107.84883721578946	21.976744187368418	0.0	0.0	1	0.9948193619280918	4.339683151242649e-28	230.0	14	1.05	0.95				
	114	2	78.9534883768421	15.872093024210523	0.0	0.0	1	0.9991712690525402	1.1653729791312306	230.0	16	1.05	0.95				
	115	2	129.0116279147368	26.046511629473677	0.0	0.0	1	1.0384329623653652	5.778188863566976	230.0	16	1.05	0.95				
	116	2	40.697674421052625	8.139534884210525	0.0	0.0	1	1.033751676313902	5.7365080948693326	230.0	16	1.05	0.95				
	117	1	0.0	0.0	0.0	0.0	1	1.042451176633231	6.9061581434197965	230.0	17	1.05	0.95				
	118	2	135.52325582210526	27.674418606315786	0.0	0.0	1	1.0451649564630763	6.637205664838491	230.0	17	1.05	0.95				
	119	1	73.66279070210526	15.058139535789472	0.0	0.0	1	1.02802548076146	5.34477481465399	230.0	15	1.05	0.95				
	120	1	52.093023258947355	10.581395349473684	0.0	0.0	1	1.0256458983293464	5.795759248530087	230.0	15	1.05	0.95				
	121	2	0.0	0.0	0.0	0.0	1	1.05	7.312678719939882	230.0	17	1.05	0.95				
	122	2	0.0	0.0	0.0	0.0	1	1.05	13.663379323342092	230.0	17	1.05	0.95				
	123	2	0.0	0.0	0.0	0.0	1	1.0248937312240327	6.360497953069504	230.0	15	1.05	0.95				
	124	1	0.0	0.0	0.0	0.0	1	1.0269677534332595	3.614323308131964	230.0	16	1.05	0.95				
	201	2	49.231544134736836	10.028647879298244	0.0	0.0	2	1.03006609154668	-6.588513363990769	138.0	21	1.05	0.95				
	202	2	44.21722019508771	9.116952617543859	0.0	0.0	2	1.0304777448804918	-6.5541145084458154	138.0	22	1.05	0.95				
	203	1	82.05257355789473	16.86636234245614	0.0	0.0	2	1.018984870604591	-6.688948756806868	138.0	21	1.05	0.95				
	204	1	33.73272468491228	6.837714463157894	0.0	0.0	2	1.0190498315574728	-8.932311775906367	138.0	21	1.05	0.95				
	205	1	32.365181792280694	6.381866832280701	0.0	0.0	2	1.034203872474414	-9.022287453461175	138.0	21	1.05	0.95				
	206	1	61.99527779929824	12.763733664561402	0.0	-100.0	2	1.0444176706904598	-10.816738803559131	138.0	22	1.05	0.95				
	207	2	56.98095385964912	11.396190771929824	0.0	0.0	2	0.9883800492240535	-17.740325596701734	138.0	22	1.05	0.95				
	208	1	77.94994487999999	15.954667080701752	0.0	0.0	2	0.995056816380903	-15.666626305511373	138.0	22	1.05	0.95				
	209	1	79.77333540350877	16.410514711578944	0.0	0.0	2	1.0230579066275178	-9.019039537482891	138.0	23	1.05	0.95				
	210	1	88.89028802105263	18.233905235087718	0.0	0.0	2	1.05	-10.039828728753358	138.0	23	1.05	0.95				
	211	1	0.0	0.0	0.0	0.0	2	1.006420582787208	-6.344898141394735	230.0	23	1.05	0.95				
	212	1	0.0	0.0	0.0	0.0	2	1.0106506267591937	-6.003244566002513	230.0	23	1.05	0.95				
	213	2	120.79962218245612	24.615772067368418	0.0	0.0	2	1.000423197393312	-5.690920133418355	230.0	24	1.05	0.95				
	214	2	88.43444039017542	17.778057604210527	0.0	0.0	2	1.0084658782621614	-3.6334088843956485	230.0	26	1.05	0.95				
	215	2	144.50369898807017	29.174248376140348	0.0	0.0	2	1.0295094066002808	3.1278391722084042	230.0	26	1.05	0.95				
	216	2	45.584763087719296	9.116952617543859	0.0	0.0	2	1.0315712283703733	2.916483349655919	230.0	26	1.05	0.95				
	217	1	0.0	0.0	0.0	0.0	2	1.0364044232815195	5.853620826599937	230.0	27	1.05	0.95				
	218	2	151.79726108210525	30.99763889964912	0.0	0.0	2	1.0383833710281647	6.459356442815993	230.0	27	1.05	0.95				
	219	1	82.50842118877192	16.86636234245614	0.0	0.0	2	1.0313560888104598	1.5956090673033636	230.0	25	1.05	0.95				
	220	1	58.348496752280695	11.852038402807016	0.0	0.0	2	1.0345822406840408	1.3300766568803353	230.0	25	1.05	0.95				
	221	2	0.0	0.0	0.0	0.0	2	1.0380291752917141	6.102155113032698	230.0	27	1.05	0.95				
	222	2	0.0	0.0	0.0	0.0	2	1.05	12.504648191267158	230.0	27	1.05	0.95				
	223	2	0.0	0.0	0.0	0.0	2	1.0369800162408231	1.527864893350937	230.0	25	1.05	0.95				
	224	1	0.0	0.0	0.0	0.0	2	1.0134276823658126	-0.5478120776933394	230.0	26	1.05	0.95				
	301	2	54.49541282526316	11.10091742736842	0.0	0.0	3	1.0068929537937008	-30.592980956561142	138.0	31	1.05	0.95				
	302	2	48.944954111578944	10.091743115789473	0.0	0.0	3	1.0063612830644186	-30.720881459081774	138.0	32	1.05	0.95				
	303	1	90.82568804210526	18.669724764210525	0.0	0.0	3	1.022753940742036	-24.17681395269967	138.0	31	1.05	0.95				
	304	1	37.33944952842105	7.568807336842105	0.0	0.0	3	1.0083180126602145	-29.00550789355431	138.0	31	1.05	0.95				
	305	1	35.82568806105263	7.064220181052631	0.0	0.0	3	1.0216654360849844	-29.868734005563713	138.0	31	1.05	0.95				
	306	1	68.62385318736843	14.128440362105263	0.0	-100.0	3	1.037777310348758	-30.04417368568353	138.0	32	1.05	0.95				
	307	2	63.07339447368421	12.61467889473684	0.0	0.0	3	0.9919928136027927	-35.72358942934108	138.0	32	1.05	0.95				
	308	1	86.28440364	17.660550452631576	0.0	0.0	3	0.9957875565728936	-33.38249459292446	138.0	32	1.05	0.95				
	309	1	88.30275226315788	18.165137608421052	0.0	0.0	3	1.0267122116985163	-25.54358828918568	138.0	33	1.05	0.95				
	310	1	98.39449537894737	20.183486231578947	0.0	0.0	3	1.05	-27.52342988069113	138.0	33	1.05	0.95				
	311	1	0.0	0.0	0.0	0.0	3	1.0142084465977625	-20.787833789359407	230.0	33	1.05	0.95				
	312	1	0.0	0.0	0.0	0.0	3	1.0151639975112376	-20.24955211300583	230.0	33	1.05	0.95				
	313	2	133.71559628421053	27.24770641263158	0.0	0.0	3	1.0192737609203213	-17.12467955741215	230.0	34	1.05	0.95				
	314	2	97.88990822315789	19.678899075789474	0.0	0.0	3	1.0225028329522077	-18.24446974143363	230.0	36	1.05	0.95				
	315	2	159.95412838526315	32.293577970526314	0.0	0.0	3	1.0461431241290193	-12.06855824013894	230.0	36	1.05	0.95				
	316	2	50.45871557894736	10.091743115789473	0.0	0.0	3	1.0452760341984264	-11.65917324166636	230.0	36	1.05	0.95				
	317	1	0.0	0.0	0.0	0.0	3	1.0477201657745001	-9.374294398424603	230.0	37	1.05	0.95				
	318	2	168.02752287789474	34.31192659368421	0.0	0.0	3	1.0478702749836197	-8.83384350534654	230.0	37	1.05	0.95				
	319	1	91.33027519789474	18.669724764210525	0.0	0.0	3	1.0421293909352785	-12.676365539172012	230.0	35	1.05	0.95				
	320	1	64.58715594105263	13.119266050526315	0.0	0.0	3	1.0431585362705067	-12.60927949177911	230.0	35	1.05	0.95				
	321	2	0.0	0.0	0.0	0.0	3	1.05	-8.441419042412154	230.0	37	1.05	0.95				
	322	2	0.0	0.0	0.0	0.0	3	1.05	-4.462888564098768	230.0	37	1.05	0.95				
	323	2	0.0	0.0	0.0	0.0	3	1.0445920062270568	-12.198474014501924	230.0	35	1.05	0.95				
	324	1	0.0	0.0	0.0	0.0	3	1.0221414546075824	-16.55170157374485	230.0	36	1.05	0.95				
	325	1	0.0	0.0	0.0	0.0	3	1.0379334309515211	-10.60331863526344	230.0	35	1.05	0.95				
];
