%% MATPOWER Case Format : Version 2
function mpc = RTS_GMLC
mpc.version = '2';

%%-----  Power Flow Data  -----%%
%% system MVA base
mpc.baseMVA = 100.0;
%% bus data
%    bus_i    type    Pd    Qd    Gs    Bs    area    Vm    Va    baseKV    zone    Vmax    Vmin
mpc.bus = [
	101	2	52.71746661473685	10.738743199298247	0.0	0.0	1	1.0335084821643858	2.4582588929954325	138.0	11	1.05	0.95				
	102	2	47.34809501508772	9.76249381754386	0.0	0.0	1	1.033031148069632	2.2691108664514186	138.0	12	1.05	0.95				
	103	1	87.86244435789474	18.06061356245614	0.0	0.0	1	1.0293965434288481	2.0634654165674764	138.0	11	1.05	0.95				
	104	1	36.12122712491228	7.321870363157895	0.0	0.0	1	1.0201162418226182	-1.0295995439397052	138.0	11	1.05	0.95				
	105	1	34.6568530522807	6.833745672280703	0.0	0.0	1	1.034858154850553	-0.9732009065301492	138.0	11	1.05	0.95				
	106	1	66.38495795929825	13.667491344561405	0.0	-100.0	1	1.0435039963404982	-3.391018778752956	138.0	12	1.05	0.95				
	107	2	61.01558635964912	12.203117271929825	0.0	0.0	1	0.9993623411169488	-10.423549144753025	138.0	12	1.05	0.95				
	108	1	83.46932214	17.084364180701755	0.0	0.0	1	1.000931257048563	-8.508181851724299	138.0	12	1.05	0.95				
	109	1	85.42182090350879	17.572488871578948	0.0	0.0	1	1.0247705417411899	-1.7528337619901826	138.0	13	1.05	0.95				
	110	1	95.18431472105263	19.52498763508772	0.0	0.0	1	1.05	-2.915053887405442	138.0	13	1.05	0.95				
	111	1	0.0	0.0	0.0	0.0	1	1.0085793086504082	0.5127823768345068	230.0	13	1.05	0.95				
	112	1	0.0	0.0	0.0	0.0	1	1.011675876342647	0.35527222965109523	230.0	13	1.05	0.95				
	113	3	129.35304308245614	26.358733307368425	0.0	0.0	1	1.0015693040636566	-1.1114553944657283e-28	230.0	14	1.05	0.95				
	114	2	94.69619003017544	19.03686294421053	0.0	0.0	1	1.0124618232143692	3.882561870230962	230.0	16	1.05	0.95				
	115	2	154.7355270080702	31.239980216140356	0.0	0.0	1	1.045616692585583	12.45469651738351	230.0	16	1.05	0.95				
	116	2	48.8124690877193	9.76249381754386	0.0	0.0	1	1.0413255216841029	11.472852634973082	230.0	16	1.05	0.95				
	117	1	0.0	0.0	0.0	0.0	1	1.0432870310346318	15.540839499181086	230.0	17	1.05	0.95				
	118	2	162.54552206210528	33.192478979649124	0.0	0.0	1	1.0496330380367187	15.460131645842822	230.0	17	1.05	0.95				
	119	1	88.35056904877194	18.06061356245614	0.0	0.0	1	1.033721563601268	8.948950076562772	230.0	15	1.05	0.95				
	120	1	62.47996043228071	12.691241962807018	0.0	0.0	1	1.0318684909862375	7.674912100094909	230.0	15	1.05	0.95				
	121	2	0.0	0.0	0.0	0.0	1	1.05	16.543907359158688	230.0	17	1.05	0.95				
	122	2	0.0	0.0	0.0	0.0	1	1.05	32.796904340788515	230.0	17	1.05	0.95				
	123	2	0.0	0.0	0.0	0.0	1	1.0316614315332735	7.343163605816914	230.0	15	1.05	0.95				
	124	1	0.0	0.0	0.0	0.0	1	1.026517656828945	8.584150809009381	230.0	16	1.05	0.95				
	201	2	58.51345820210526	11.9194081522807	0.0	0.0	2	1.0301791684857553	-10.850080825681383	138.0	21	1.05	0.95				
	202	2	52.5537541259649	10.835825592982456	0.0	0.0	2	1.030624196806764	-10.838082584266877	138.0	22	1.05	0.95				
	203	1	97.5224303368421	20.04627734701754	0.0	0.0	2	1.017177525985714	-9.810834703429167	138.0	21	1.05	0.95				
	204	1	40.09255469403508	8.126869194736841	0.0	0.0	2	1.0176253449173873	-12.907529956129496	138.0	21	1.05	0.95				
	205	1	38.46718085508771	7.5850779150877194	0.0	0.0	2	1.03319566746144	-13.121935434735622	138.0	21	1.05	0.95				
	206	1	73.6836140322807	15.170155830175439	0.0	-100.0	2	1.0421211018834458	-14.901174802469882	138.0	22	1.05	0.95				
	207	2	67.72390995614035	13.544781991228069	0.0	0.0	2	0.9888796718273674	-23.02490830673878	138.0	22	1.05	0.95				
	208	1	92.64630881999999	18.962694787719293	0.0	0.0	2	0.9915525792667298	-20.469560604152345	138.0	22	1.05	0.95				
	209	1	94.81347393859649	19.50448606736842	0.0	0.0	2	1.0232416298813085	-12.392796894514031	138.0	23	1.05	0.95				
	210	1	105.64929953157893	21.67165118596491	0.0	0.0	2	1.05	-13.70476050878168	138.0	23	1.05	0.95				
	211	1	0.0	0.0	0.0	0.0	2	1.0120221175036344	-9.056638743158889	230.0	23	1.05	0.95				
	212	1	0.0	0.0	0.0	0.0	2	1.0122508930815168	-8.279259698011762	230.0	23	1.05	0.95				
	213	2	143.57468910701755	29.25672910105263	0.0	0.0	2	1.0101793824043723	-7.858081580539387	230.0	24	1.05	0.95				
	214	2	105.1075082519298	21.12985990631579	0.0	0.0	2	1.0186626460905994	-6.077901489550693	230.0	26	1.05	0.95				
	215	2	171.7478356487719	34.67464189754386	0.0	0.0	2	1.0333677772919911	1.5015353292214728	230.0	26	1.05	0.95				
	216	2	54.179127964912276	10.835825592982456	0.0	0.0	2	1.0358262574758643	1.4280673290830428	230.0	26	1.05	0.95				
	217	1	0.0	0.0	0.0	0.0	2	1.0394797955527464	4.447649263899258	230.0	27	1.05	0.95				
	218	2	180.41649612315788	36.84180701614035	0.0	0.0	2	1.040675871255243	4.679617794659737	230.0	27	1.05	0.95				
	219	1	98.06422161649122	20.04627734701754	0.0	0.0	2	1.0350162564981351	0.7274838090498605	230.0	25	1.05	0.95				
	220	1	69.34928379508771	14.086573270877192	0.0	0.0	2	1.038484334637453	1.1542079106349492	230.0	25	1.05	0.95				
	221	2	0.0	0.0	0.0	0.0	2	1.0405148267727158	4.3875827482097405	230.0	27	1.05	0.95				
	222	2	0.0	0.0	0.0	0.0	2	1.05	10.914039866310528	230.0	27	1.05	0.95				
	223	2	0.0	0.0	0.0	0.0	2	1.041542107788243	1.7905425443166274	230.0	25	1.05	0.95				
	224	1	0.0	0.0	0.0	0.0	2	1.0132791530824683	-2.713404025773289	230.0	26	1.05	0.95				
	301	2	68.09364125052633	13.870926921403509	0.0	0.0	3	1.0129205229155176	-23.30640804231681	138.0	31	1.05	0.95				
	302	2	61.15817778982456	12.609933564912282	0.0	0.0	3	1.0118764412341552	-23.552181688234697	138.0	32	1.05	0.95				
	303	1	113.48940208421054	23.32837709508772	0.0	0.0	3	1.034160132110358	-12.09257128901503	138.0	31	1.05	0.95				
	304	1	46.65675419017544	9.45745017368421	0.0	0.0	3	1.0082875895931143	-21.489701961689352	138.0	31	1.05	0.95				
	305	1	44.765264155438594	8.826953495438598	0.0	0.0	3	1.0230585610025877	-22.9967574206052	138.0	31	1.05	0.95				
	306	1	85.74754824140352	17.653906990877196	0.0	-100.0	3	1.0354235134480265	-23.517066136372353	138.0	32	1.05	0.95				
	307	2	78.81208478070177	15.76241695614035	0.0	0.0	3	0.9872659193782769	-30.727234287343208	138.0	32	1.05	0.95				
	308	1	107.81493198000001	22.06738373859649	0.0	0.0	3	0.9871801941058221	-27.682561672669	138.0	32	1.05	0.95				
	309	1	110.33691869298245	22.697880416842107	0.0	0.0	3	1.0277101668635835	-17.23450526434971	138.0	33	1.05	0.95				
	310	1	122.94685225789475	25.219867129824564	0.0	0.0	3	1.05	-20.66499559175068	138.0	33	1.05	0.95				
	311	1	0.0	0.0	0.0	0.0	3	1.0225606031913608	-12.825046161808807	230.0	33	1.05	0.95				
	312	1	0.0	0.0	0.0	0.0	3	1.0200805962381132	-12.413335856804409	230.0	33	1.05	0.95				
	313	2	167.0816197350877	34.046820625263166	0.0	0.0	3	1.0314019701250146	-9.48004567096886	230.0	34	1.05	0.95				
	314	2	122.31635557964913	24.589370451578947	0.0	0.0	3	1.0372760552423752	-9.742984821408909	230.0	36	1.05	0.95				
	315	2	199.86744700385967	40.3517874077193	0.0	0.0	3	1.0460579442398876	-2.4229578367731293	230.0	36	1.05	0.95				
	316	2	63.0496678245614	12.609933564912282	0.0	0.0	3	1.0474047673074809	-1.5361750994530496	230.0	36	1.05	0.95				
	317	1	0.0	0.0	0.0	0.0	3	1.05	3.347274297047098	230.0	37	1.05	0.95				
	318	2	209.95539385578948	42.87377412070176	0.0	0.0	3	1.0419027507391418	1.2600541904457503	230.0	37	1.05	0.95				
	319	1	114.11989876245615	23.32837709508772	0.0	0.0	3	1.0442222903359537	-3.3752266093771395	230.0	35	1.05	0.95				
	320	1	80.7035748154386	16.392913634385966	0.0	0.0	3	1.0470649114171127	-3.7933678515575493	230.0	35	1.05	0.95				
	321	2	0.0	0.0	0.0	0.0	3	1.0449884651573946	0.6438489113982445	230.0	37	1.05	0.95				
	322	2	0.0	0.0	0.0	0.0	3	1.05	6.046803194541661	230.0	37	1.05	0.95				
	323	2	0.0	0.0	0.0	0.0	3	1.05	-3.56247795554704	230.0	35	1.05	0.95				
	324	1	0.0	0.0	0.0	0.0	3	1.029442310038544	-6.0388468124539285	230.0	36	1.05	0.95				
	325	1	0.0	0.0	0.0	0.0	3	1.0425046003796572	-1.931733511545389	230.0	35	1.05	0.95				
];
