%% MATPOWER Case Format : Version 2
function mpc = RTS_GMLC
mpc.version = '2';

%%-----  Power Flow Data  -----%%
%% system MVA base
mpc.baseMVA = 100.0;
%% bus data
%    bus_i    type    Pd    Qd    Gs    Bs    area    Vm    Va    baseKV    zone    Vmax    Vmin
mpc.bus = [
	101	2	85.75606136842107	17.468827315789472	0.0	0.0	1	1.0452337951606936	0.33090922606011736	138.0	11	1.05	0.95				
	102	2	77.02164771052632	15.88075210526316	0.0	0.0	1	1.0450936943462628	0.2078058485451126	138.0	12	1.05	0.95				
	103	1	142.92676894736843	29.379391394736842	0.0	0.0	1	1.0234387170031338	-1.8230207257676667	138.0	11	1.05	0.95				
	104	1	58.758782789473685	11.910564078947369	0.0	0.0	1	1.0230349944910673	-3.450823983503703	138.0	11	1.05	0.95				
	105	1	56.376669973684216	11.116526473684212	0.0	0.0	1	1.0363308307400194	-3.782908338655047	138.0	11	1.05	0.95				
	106	1	107.98911431578948	22.233052947368424	0.0	-100.0	1	1.0371056820954685	-6.8179669975288855	138.0	12	1.05	0.95				
	107	2	99.25470065789474	19.850940131578948	0.0	0.0	1	1.05	-4.8322855535895295	138.0	12	1.05	0.95				
	108	1	135.7804305	27.791316184210523	0.0	0.0	1	1.0244040956840827	-7.276051275878409	138.0	12	1.05	0.95				
	109	1	138.95658092105262	28.585353789473682	0.0	0.0	1	1.0271112924569603	-4.154726592614621	138.0	13	1.05	0.95				
	110	1	154.8373330263158	31.76150421052632	0.0	0.0	1	1.05	-5.512780736016496	138.0	13	1.05	0.95				
	111	1	0.0	0.0	0.0	0.0	1	1.0138428139553144	-1.591605016454457	230.0	13	1.05	0.95				
	112	1	0.0	0.0	0.0	0.0	1	1.0166571385523862	-0.6352298986947871	230.0	13	1.05	0.95				
	113	3	210.41996539473686	42.878030684210536	0.0	0.0	1	1.0147676522405906	7.357167559786342e-28	230.0	14	1.05	0.95				
	114	2	154.04329542105265	30.967466605263162	0.0	0.0	1	1.0152781841315168	0.30806942144743565	230.0	16	1.05	0.95				
	115	2	251.70992086842102	50.81840673684211	0.0	0.0	1	1.0448774257740994	8.117353934314872	230.0	16	1.05	0.95				
	116	2	79.40376052631579	15.88075210526316	0.0	0.0	1	1.0431475732829159	7.786470438497881	230.0	16	1.05	0.95				
	117	1	0.0	0.0	0.0	0.0	1	1.0471882963012251	10.778264039771322	230.0	17	1.05	0.95				
	118	2	264.4145225526316	53.99455715789474	0.0	0.0	1	1.0493421389954956	11.429101044365003	230.0	17	1.05	0.95				
	119	1	143.7208065526316	29.379391394736842	0.0	0.0	1	1.0374297547289952	6.67059888884967	230.0	15	1.05	0.95				
	120	1	101.63681347368421	20.644977736842108	0.0	0.0	1	1.0390753701558544	6.952248359624454	230.0	15	1.05	0.95				
	121	2	0.0	0.0	0.0	0.0	1	1.05	12.015477136441442	230.0	17	1.05	0.95				
	122	2	0.0	0.0	0.0	0.0	1	1.05	18.04166165492574	230.0	17	1.05	0.95				
	123	2	0.0	0.0	0.0	0.0	1	1.0422852590364668	7.692248128832827	230.0	15	1.05	0.95				
	124	1	0.0	0.0	0.0	0.0	1	1.0243841262446325	4.4353338815110295	230.0	16	1.05	0.95				
	201	2	91.35715410947368	18.60979065192982	0.0	0.0	2	1.0479439722580923	-12.586755683410063	138.0	21	1.05	0.95				
	202	2	82.05225878350876	16.917991501754383	0.0	0.0	2	1.0492379929039786	-12.694383168928107	138.0	22	1.05	0.95				
	203	1	152.26192351578948	31.298284278245607	0.0	0.0	2	1.0254949937480284	-9.09141414008087	138.0	21	1.05	0.95				
	204	1	62.59656855649121	12.688493626315786	0.0	0.0	2	1.0213378553063	-14.30227557382022	138.0	21	1.05	0.95				
	205	1	60.05886983122806	11.842594051228069	0.0	0.0	2	1.038193208714548	-14.760611789407628	138.0	21	1.05	0.95				
	206	1	115.04234221192982	23.685188102456138	0.0	-100.0	2	1.0378567070833042	-16.771680762025287	138.0	22	1.05	0.95				
	207	2	105.73744688596489	21.14748937719298	0.0	0.0	2	0.95	-27.87507852244016	138.0	22	1.05	0.95				
	208	1	144.64882733999997	29.60648512807017	0.0	0.0	2	0.9551997146883532	-24.3352213616901	138.0	22	1.05	0.95				
	209	1	148.03242564035085	30.452384703157893	0.0	0.0	2	1.0256829228700284	-12.227792634414651	138.0	23	1.05	0.95				
	210	1	164.95041714210524	33.835983003508765	0.0	0.0	2	1.05	-14.34106940887762	138.0	23	1.05	0.95				
	211	1	0.0	0.0	0.0	0.0	2	1.0324233957800595	-7.191781964083576	230.0	23	1.05	0.95				
	212	1	0.0	0.0	0.0	0.0	2	1.0255119940688542	-4.655063920237244	230.0	23	1.05	0.95				
	213	2	224.1633873982456	45.67857705473684	0.0	0.0	2	1.05	-3.2134918112894786	230.0	24	1.05	0.95				
	214	2	164.10451756701752	32.990083428421045	0.0	0.0	2	1.05	-4.854108772356125	230.0	26	1.05	0.95				
	215	2	268.15016530280695	54.137572805614035	0.0	0.0	2	1.0443719274634125	3.933535809888679	230.0	26	1.05	0.95				
	216	2	84.58995750877192	16.917991501754383	0.0	0.0	2	1.0486458702375818	3.6892554347805326	230.0	26	1.05	0.95				
	217	1	0.0	0.0	0.0	0.0	2	1.0491591799913962	6.9014510033523955	230.0	27	1.05	0.95				
	218	2	281.6845585042105	57.52117110596491	0.0	0.0	2	1.05	7.546866535356039	230.0	27	1.05	0.95				
	219	1	153.1078230908772	31.298284278245607	0.0	0.0	2	1.0429221048867963	3.10442902346229	230.0	25	1.05	0.95				
	220	1	108.27514561122807	21.9933889522807	0.0	0.0	2	1.0456585478079865	4.176486321652591	230.0	25	1.05	0.95				
	221	2	0.0	0.0	0.0	0.0	2	1.05	8.06858220121352	230.0	27	1.05	0.95				
	222	2	0.0	0.0	0.0	0.0	2	1.05	14.122547738149294	230.0	27	1.05	0.95				
	223	2	0.0	0.0	0.0	0.0	2	1.05	5.377394938073031	230.0	25	1.05	0.95				
	224	1	0.0	0.0	0.0	0.0	2	1.0208030963430097	-0.9109218895400821	230.0	26	1.05	0.95				
	301	2	94.35052197473685	19.21955077263158	0.0	0.0	3	0.9834163240102587	-18.558665092946875	138.0	31	1.05	0.95				
	302	2	84.74074658842106	17.472318884210527	0.0	0.0	3	0.9841901013201072	-19.06231907168355	138.0	32	1.05	0.95				
	303	1	157.25086995789474	32.32378993578948	0.0	0.0	3	0.985013409508129	-12.666958003350647	138.0	31	1.05	0.95				
	304	1	64.64757987157896	13.104239163157894	0.0	0.0	3	0.967743467326918	-17.342705635650493	138.0	31	1.05	0.95				
	305	1	62.026732038947365	12.23062321894737	0.0	0.0	3	0.9825300013579048	-17.484355637724462	138.0	31	1.05	0.95				
	306	1	118.8117684126316	24.46124643789474	0.0	-100.0	3	0.9872857338020268	-17.907904630680243	138.0	32	1.05	0.95				
	307	2	109.20199302631579	21.840398605263157	0.0	0.0	3	0.9547413181932461	-21.15514755044306	138.0	32	1.05	0.95				
	308	1	149.38832646	30.57655804736842	0.0	0.0	3	0.95	-19.660502286027935	138.0	32	1.05	0.95				
	309	1	152.8827902368421	31.45017399157895	0.0	0.0	3	0.9878161109770027	-12.068077107082765	138.0	33	1.05	0.95				
	310	1	170.35510912105264	34.94463776842105	0.0	0.0	3	1.0078769380220765	-13.369314012108822	138.0	33	1.05	0.95				
	311	1	0.0	0.0	0.0	0.0	3	0.9878732591131811	-4.356144156769998	230.0	33	1.05	0.95				
	312	1	0.0	0.0	0.0	0.0	3	0.9879426298932606	-3.3412951096804564	230.0	33	1.05	0.95				
	313	2	231.50822521578948	47.175260987368425	0.0	0.0	3	1.012841301920624	2.607049234041045	230.0	34	1.05	0.95				
	314	2	169.48149317684212	34.071021824210526	0.0	0.0	3	1.0057628800064489	-2.4565216121405626	230.0	36	1.05	0.95				
	315	2	276.93625431473686	55.911420429473694	0.0	0.0	3	1.0399810540599719	0.15539966501012173	230.0	36	1.05	0.95				
	316	2	87.36159442105263	17.472318884210527	0.0	0.0	3	1.0365338518369043	0.7984169982154856	230.0	36	1.05	0.95				
	317	1	0.0	0.0	0.0	0.0	3	1.0420983423355086	2.0456762983691785	230.0	37	1.05	0.95				
	318	2	290.9141094221053	59.4058842063158	0.0	0.0	3	1.0430060159229282	1.8486914290901857	230.0	37	1.05	0.95				
	319	1	158.12448590210528	32.32378993578948	0.0	0.0	3	1.0287025093442845	1.1057352918958692	230.0	35	1.05	0.95				
	320	1	111.82284085894739	22.714014549473685	0.0	0.0	3	1.0268498359285552	1.717236114822786	230.0	35	1.05	0.95				
	321	2	0.0	0.0	0.0	0.0	3	1.0470522547641203	3.216219744413639	230.0	37	1.05	0.95				
	322	2	0.0	0.0	0.0	0.0	3	1.05	8.525956206988909	230.0	37	1.05	0.95				
	323	2	0.0	0.0	0.0	0.0	3	1.0272357477165788	2.1697292825707954	230.0	35	1.05	0.95				
	324	1	0.0	0.0	0.0	0.0	3	1.0052588218227005	-3.0945504821479357	230.0	36	1.05	0.95				
	325	1	0.0	0.0	0.0	0.0	3	1.0271147386272024	3.013459172500395	230.0	35	1.05	0.95				
];
