%% MATPOWER Case Format : Version 2
function mpc = RTS_GMLC
mpc.version = '2';

%%-----  Power Flow Data  -----%%
%% system MVA base
mpc.baseMVA = 100.0;
%% bus data
%    bus_i    type    Pd    Qd    Gs    Bs    area    Vm    Va    baseKV    zone    Vmax    Vmin
mpc.bus = [
	101	2	35.617021275789476	7.25531914877193	0.0	0.0	1	1.032639673229665	4.085022622407575	138.0	11	1.05	0.95				
	102	2	31.989361701403507	6.595744680701754	0.0	0.0	1	1.0317569295300584	3.8397214927369	138.0	12	1.05	0.95				
	103	1	59.361702126315784	12.202127659298244	0.0	0.0	1	1.031105700904402	1.7710685853577837	138.0	11	1.05	0.95				
	104	1	24.404255318596487	4.946808510526315	0.0	0.0	1	1.0224733449922438	0.6142627077442077	138.0	11	1.05	0.95				
	105	1	23.414893616491224	4.617021276491228	0.0	0.0	1	1.036639607935802	0.9167887197066281	138.0	11	1.05	0.95				
	106	1	44.85106382877193	9.234042552982457	0.0	-100.0	1	1.0477841879999479	-1.2488883313633352	138.0	12	1.05	0.95				
	107	2	41.22340425438596	8.244680850877192	0.0	0.0	1	1.0002333308565419	-6.77239731792397	138.0	12	1.05	0.95				
	108	1	56.39361702	11.542553191228068	0.0	0.0	1	1.0073179190196204	-5.331699158502705	138.0	12	1.05	0.95				
	109	1	57.712765956140345	11.872340425263156	0.0	0.0	1	1.0246613065093821	-0.6811717750444831	138.0	13	1.05	0.95				
	110	1	64.3085106368421	13.191489361403509	0.0	0.0	1	1.05	-1.2513411013389273	138.0	13	1.05	0.95				
	111	1	0.0	0.0	0.0	0.0	1	1.0010519539409697	0.4968620061483012	230.0	13	1.05	0.95				
	112	1	0.0	0.0	0.0	0.0	1	1.0057862920905047	0.5714891247533258	230.0	13	1.05	0.95				
	113	3	87.39361701929823	17.808510637894738	0.0	0.0	1	0.9883060502870457	1.4308169565357955e-27	230.0	14	1.05	0.95				
	114	2	63.97872340280701	12.861702127368421	0.0	0.0	1	0.9980526326544561	2.5269763531724334	230.0	16	1.05	0.95				
	115	2	104.5425531891228	21.106382978245612	0.0	0.0	1	1.0367646928253187	7.4704070374629215	230.0	16	1.05	0.95				
	116	2	32.978723403508766	6.595744680701754	0.0	0.0	1	1.031884880337385	7.229618346911794	230.0	16	1.05	0.95				
	117	1	0.0	0.0	0.0	0.0	1	1.0411781037690948	9.47194765285178	230.0	17	1.05	0.95				
	118	2	109.8191489336842	22.425531914385964	0.0	0.0	1	1.0454272159839986	9.438174724629265	230.0	17	1.05	0.95				
	119	1	59.69148936035088	12.202127659298244	0.0	0.0	1	1.0241039964364804	5.951813015642102	230.0	15	1.05	0.95				
	120	1	42.212765956491225	8.574468084912281	0.0	0.0	1	1.0193455401042435	5.479881913214285	230.0	15	1.05	0.95				
	121	2	0.0	0.0	0.0	0.0	1	1.049999994312505	10.164698926248587	230.0	17	1.05	0.95				
	122	2	0.0	0.0	0.0	0.0	1	1.05	18.7455923579512	230.0	17	1.05	0.95				
	123	2	0.0	0.0	0.0	0.0	1	1.0167919678130122	5.480421203791125	230.0	15	1.05	0.95				
	124	1	0.0	0.0	0.0	0.0	1	1.0266911868155004	5.3322782898920185	230.0	16	1.05	0.95				
	201	2	38.36864474526316	7.815835040701755	0.0	0.0	2	1.0189973942717352	-9.004335652777552	138.0	21	1.05	0.95				
	202	2	34.46072722491228	7.1053045824561405	0.0	0.0	2	1.0189521605759027	-9.064241277629172	138.0	22	1.05	0.95				
	203	1	63.94774124210526	13.14481347754386	0.0	0.0	2	1.0161210013869677	-7.04028404014669	138.0	21	1.05	0.95				
	204	1	26.28962695508772	5.328978436842105	0.0	0.0	2	1.015668875229783	-9.833975030354758	138.0	21	1.05	0.95				
	205	1	25.223831267719294	4.973713207719299	0.0	0.0	2	1.03034382482388	-10.129381757980699	138.0	21	1.05	0.95				
	206	1	48.31607116070175	9.947426415438597	0.0	-100.0	2	1.0450487606863934	-11.159314238403368	138.0	22	1.05	0.95				
	207	2	44.408153640350875	8.881630728070174	0.0	0.0	2	0.9949426830328164	-15.808939666272392	138.0	22	1.05	0.95				
	208	1	60.75035418	12.434283019298244	0.0	0.0	2	1.0027788043854466	-14.25800569607238	138.0	22	1.05	0.95				
	209	1	62.17141509649122	12.78954824842105	0.0	0.0	2	1.0223410060350495	-8.985250904468897	138.0	23	1.05	0.95				
	210	1	69.27671967894736	14.210609164912281	0.0	0.0	2	1.05	-10.116556104781727	138.0	23	1.05	0.95				
	211	1	0.0	0.0	0.0	0.0	2	1.0019674345880498	-6.634856123476155	230.0	23	1.05	0.95				
	212	1	0.0	0.0	0.0	0.0	2	1.0065098774527972	-6.1270323734290635	230.0	23	1.05	0.95				
	213	2	94.14528571754384	19.18432237263158	0.0	0.0	2	0.9949809482766641	-5.688956383233625	230.0	24	1.05	0.95				
	214	2	68.92145444982457	13.855343935789474	0.0	0.0	2	0.9998043066277066	-4.399481503777469	230.0	26	1.05	0.95				
	215	2	112.61907763192983	22.736974663859648	0.0	0.0	2	1.0173015428982128	1.0830926948286794	230.0	26	1.05	0.95				
	216	2	35.5265229122807	7.1053045824561405	0.0	0.0	2	1.0189756610012413	0.8933458780867363	230.0	26	1.05	0.95				
	217	1	0.0	0.0	0.0	0.0	2	1.0240358593498962	2.6634026477702744	230.0	27	1.05	0.95				
	218	2	118.30332129789474	24.158035580350877	0.0	0.0	2	1.0234212798195212	2.2195303828045665	230.0	27	1.05	0.95				
	219	1	64.30300647122807	13.14481347754386	0.0	0.0	2	1.0201796633495888	0.38141984628413395	230.0	25	1.05	0.95				
	220	1	45.473949327719296	9.236895957192983	0.0	0.0	2	1.02327346981794	0.6419464568252577	230.0	25	1.05	0.95				
	221	2	0.0	0.0	0.0	0.0	2	1.0250174207432508	2.647398953861914	230.0	27	1.05	0.95				
	222	2	0.0	0.0	0.0	0.0	2	1.047135800100553	9.17983874956461	230.0	27	1.05	0.95				
	223	2	0.0	0.0	0.0	0.0	2	1.0252466537004001	1.0603470913203534	230.0	25	1.05	0.95				
	224	1	0.0	0.0	0.0	0.0	2	1.0067372157244754	-1.9862310236459404	230.0	26	1.05	0.95				
	301	2	43.22049984	8.804175893333333	0.0	0.0	3	1.0077547346554698	-22.48053634897336	138.0	31	1.05	0.95				
	302	2	38.81841189333334	8.003796266666669	0.0	0.0	3	1.0077246902942942	-22.56987913046625	138.0	32	1.05	0.95				
	303	1	72.0341664	14.807023093333335	0.0	0.0	3	1.0202123652483588	-18.006611624959987	138.0	31	1.05	0.95				
	304	1	29.61404618666667	6.0028472	0.0	0.0	3	1.0106342607747902	-21.216526435866268	138.0	31	1.05	0.95				
	305	1	28.413476746666667	5.602657386666668	0.0	0.0	3	1.0237027205737999	-21.83414164340116	138.0	31	1.05	0.95				
	306	1	54.425814613333344	11.205314773333336	0.0	-100.0	3	1.0411921378328481	-21.961336586282737	138.0	32	1.05	0.95				
	307	2	50.02372666666667	10.004745333333334	0.0	0.0	3	0.9929564871581499	-26.284954160187155	138.0	32	1.05	0.95				
	308	1	68.43245808	14.006643466666665	0.0	0.0	3	1.0004840663733856	-24.50954898390051	138.0	32	1.05	0.95				
	309	1	70.03321733333334	14.40683328	0.0	0.0	3	1.0252549503959236	-18.465590500130144	138.0	33	1.05	0.95				
	310	1	78.03701360000001	16.007592533333337	0.0	0.0	3	1.05	-19.89895169932837	138.0	33	1.05	0.95				
	311	1	0.0	0.0	0.0	0.0	3	1.0057723622312935	-14.536477119993371	230.0	33	1.05	0.95				
	312	1	0.0	0.0	0.0	0.0	3	1.0105927917289232	-13.826568562063901	230.0	33	1.05	0.95				
	313	2	106.05030053333333	21.61024992	0.0	0.0	3	1.0098963014510103	-10.812910726002704	230.0	34	1.05	0.95				
	314	2	77.63682378666668	15.607402720000001	0.0	0.0	3	1.0028430824242547	-13.034130350724865	230.0	36	1.05	0.95				
	315	2	126.86017082666667	25.612148053333332	0.0	0.0	3	1.0268716149636195	-9.417458807648668	230.0	36	1.05	0.95				
	316	2	40.018981333333336	8.003796266666669	0.0	0.0	3	1.026840129808376	-8.532346988057396	230.0	36	1.05	0.95				
	317	1	0.0	0.0	0.0	0.0	3	1.0316458708259932	-7.184138964014864	230.0	37	1.05	0.95				
	318	2	133.26320784	27.212907306666672	0.0	0.0	3	1.030355400454508	-7.2857239158814595	230.0	37	1.05	0.95				
	319	1	72.43435621333334	14.807023093333335	0.0	0.0	3	1.025769113814627	-8.716191664270653	230.0	35	1.05	0.95				
	320	1	51.224296106666664	10.404935146666668	0.0	0.0	3	1.0273660423705766	-8.093248350938437	230.0	35	1.05	0.95				
	321	2	0.0	0.0	0.0	0.0	3	1.0314086901296133	-7.466292129190366	230.0	37	1.05	0.95				
	322	2	0.0	0.0	0.0	0.0	3	1.0447594697734282	-3.005026114180239	230.0	37	1.05	0.95				
	323	2	0.0	0.0	0.0	0.0	3	1.0288178406647905	-7.443676026283558	230.0	35	1.05	0.95				
	324	1	0.0	0.0	0.0	0.0	3	1.0136571106064407	-12.64435773718839	230.0	36	1.05	0.95				
	325	1	0.0	0.0	0.0	0.0	3	1.0246519328009844	-5.968691099945865	230.0	35	1.05	0.95				
];
