%% MATPOWER Case Format : Version 2
function mpc = RTS_GMLC
mpc.version = '2';

%%-----  Power Flow Data  -----%%
%% system MVA base
mpc.baseMVA = 100.0;
%% bus data
%    bus_i    type    Pd    Qd    Gs    Bs    area    Vm    Va    baseKV    zone    Vmax    Vmin
mpc.bus = [
	101	2	52.02276101052632	10.597229094736841	0.0	0.0	1	1.0132915674754084	-2.7913391876511797	138.0	11	1.05	0.95				
	102	2	46.72414646315789	9.633844631578947	0.0	0.0	1	1.011025531955997	-3.378958699193511	138.0	12	1.05	0.95				
	103	1	86.70460168421053	17.822612568421054	0.0	0.0	1	1.0203077014320974	1.7549072419798382	138.0	11	1.05	0.95				
	104	1	35.64522513684211	7.225383473684211	0.0	0.0	1	1.0112150745560498	-4.144943916606214	138.0	11	1.05	0.95				
	105	1	34.20014844210526	6.743691242105264	0.0	0.0	1	1.0254919824283635	-4.718254793065871	138.0	11	1.05	0.95				
	106	1	65.51014349473685	13.487382484210528	0.0	-100.0	1	1.039330673368084	-6.397574045354817	138.0	12	1.05	0.95				
	107	2	60.21152894736842	12.042305789473684	0.0	0.0	1	0.997276708947151	-12.152719988845242	138.0	12	1.05	0.95				
	108	1	82.3693716	16.859228105263156	0.0	0.0	1	0.9996432310511574	-10.246064594254426	138.0	12	1.05	0.95				
	109	1	84.29614052631578	17.340920336842107	0.0	0.0	1	1.0235546686584929	-3.147126670025717	138.0	13	1.05	0.95				
	110	1	93.92998515789473	19.267689263157894	0.0	0.0	1	1.05	-5.09682292886127	138.0	13	1.05	0.95				
	111	1	0.0	0.0	0.0	0.0	1	1.0145177066605315	0.09854522950854966	230.0	13	1.05	0.95				
	112	1	0.0	0.0	0.0	0.0	1	1.01355996449105	-1.1238473882066506	230.0	13	1.05	0.95				
	113	3	127.64844136842103	26.01138050526316	0.0	0.0	1	1.0063399388754757	-3.6332801159376476e-28	230.0	14	1.05	0.95				
	114	2	93.44829292631579	18.785997031578948	0.0	0.0	1	1.0309940947926661	4.373553639715689	230.0	16	1.05	0.95				
	115	2	152.69643741052633	30.828302821052635	0.0	0.0	1	1.0364925642919454	15.713285597719521	230.0	16	1.05	0.95				
	116	2	48.169223157894734	9.633844631578947	0.0	0.0	1	1.0333091641802334	13.476415840145947	230.0	16	1.05	0.95				
	117	1	0.0	0.0	0.0	0.0	1	1.0376352361466887	20.3158544980238	230.0	17	1.05	0.95				
	118	2	160.40351311578945	32.755071747368426	0.0	0.0	1	1.05	21.33737233703977	230.0	17	1.05	0.95				
	119	1	87.18629391578946	17.822612568421054	0.0	0.0	1	1.0261809926033634	8.576913229517801	230.0	15	1.05	0.95				
	120	1	61.65660564210527	12.523998021052632	0.0	0.0	1	1.0286911214272927	5.137097841915191	230.0	15	1.05	0.95				
	121	2	0.0	0.0	0.0	0.0	1	1.05	23.37058475752087	230.0	17	1.05	0.95				
	122	2	0.0	0.0	0.0	0.0	1	1.05	40.26764372312158	230.0	17	1.05	0.95				
	123	2	0.0	0.0	0.0	0.0	1	1.0318535061060867	3.619438923930662	230.0	15	1.05	0.95				
	124	1	0.0	0.0	0.0	0.0	1	1.0126979718126468	10.508578850679287	230.0	16	1.05	0.95				
	201	2	45.52557847578947	9.273728948771929	0.0	0.0	2	1.01157749778333	-15.672123513159775	138.0	21	1.05	0.95				
	202	2	40.8887140014035	8.430662680701754	0.0	0.0	2	1.0106327747141357	-15.957252022096702	138.0	22	1.05	0.95				
	203	1	75.8759641263158	15.596725959298244	0.0	0.0	2	1.0159592180776267	-11.589688002557539	138.0	21	1.05	0.95				
	204	1	31.193451918596487	6.322997010526316	0.0	0.0	2	1.011022940755838	-15.466846926711307	138.0	21	1.05	0.95				
	205	1	29.928852516491222	5.901463876491228	0.0	0.0	2	1.0256121187096294	-15.924670573773684	138.0	21	1.05	0.95				
	206	1	57.32850622877193	11.802927752982455	0.0	-100.0	2	1.0413099080498827	-16.59162021092462	138.0	22	1.05	0.95				
	207	2	52.69164175438596	10.538328350877192	0.0	0.0	2	0.9929887168280995	-21.620989319165844	138.0	22	1.05	0.95				
	208	1	72.08216592	14.75365969122807	0.0	0.0	2	0.9992749140440667	-19.723309447014795	138.0	22	1.05	0.95				
	209	1	73.76829845614034	15.175192825263156	0.0	0.0	2	1.0236641271136844	-13.321059584256796	138.0	23	1.05	0.95				
	210	1	82.1989611368421	16.86132536140351	0.0	0.0	2	1.05	-14.81923220957493	138.0	23	1.05	0.95				
	211	1	0.0	0.0	0.0	0.0	2	1.00761234656419	-10.200530900367193	230.0	23	1.05	0.95				
	212	1	0.0	0.0	0.0	0.0	2	1.010509389411425	-8.874563193649003	230.0	23	1.05	0.95				
	213	2	111.70628051929823	22.762789237894737	0.0	0.0	2	1.0035478276520848	-8.681786543379141	230.0	24	1.05	0.95				
	214	2	81.777428002807	16.43979222736842	0.0	0.0	2	1.0110952123550243	-7.565104156843901	230.0	26	1.05	0.95				
	215	2	133.62600348912278	26.978120578245612	0.0	0.0	2	1.029719103641425	-0.8638633442544992	230.0	26	1.05	0.95				
	216	2	42.15331340350877	8.430662680701754	0.0	0.0	2	1.0307030927859095	-1.309437539863912	230.0	26	1.05	0.95				
	217	1	0.0	0.0	0.0	0.0	2	1.0346566258730092	0.46964078160455536	230.0	27	1.05	0.95				
	218	2	140.3705336336842	28.664253114385964	0.0	0.0	2	1.033679538034615	-0.025550883369301246	230.0	27	1.05	0.95				
	219	1	76.29749726035088	15.596725959298244	0.0	0.0	2	1.0308929220807503	-1.670966219401825	230.0	25	1.05	0.95				
	220	1	53.956241156491224	10.95986148491228	0.0	0.0	2	1.0338052699974298	-1.1693505726178326	230.0	25	1.05	0.95				
	221	2	0.0	0.0	0.0	0.0	2	1.0350236005190299	0.49310337826960693	230.0	27	1.05	0.95				
	222	2	0.0	0.0	0.0	0.0	2	1.05	6.98140855623998	230.0	27	1.05	0.95				
	223	2	0.0	0.0	0.0	0.0	2	1.036024287104569	-0.5756701051251821	230.0	25	1.05	0.95				
	224	1	0.0	0.0	0.0	0.0	2	1.0113266261610594	-4.868556002963864	230.0	26	1.05	0.95				
	301	2	53.607086374736845	10.919962039298246	0.0	0.0	3	1.004280405338496	19.499630274043373	138.0	31	1.05	0.95				
	302	2	48.147105355087724	9.92723821754386	0.0	0.0	3	1.003916229211592	19.25609459872638	138.0	32	1.05	0.95				
	303	1	89.34514395789475	18.365390702456143	0.0	0.0	3	1.0455482419052562	29.433316736275092	138.0	31	1.05	0.95				
	304	1	36.730781404912285	7.445428663157895	0.0	0.0	3	1.0086333524823636	20.748123478168214	138.0	31	1.05	0.95				
	305	1	35.241695672280706	6.949066752280703	0.0	0.0	3	1.020785025139465	19.26318351287855	138.0	31	1.05	0.95				
	306	1	67.50521987929825	13.898133504561406	0.0	-100.0	3	1.037481989912218	18.556811951745193	138.0	32	1.05	0.95				
	307	2	62.04523885964912	12.409047771929824	0.0	0.0	3	0.9735557766556651	14.111757474969977	138.0	32	1.05	0.95				
	308	1	84.87788676	17.372666880701754	0.0	0.0	3	0.9875957510738198	16.320373708726244	138.0	32	1.05	0.95				
	309	1	86.86333440350877	17.86902879157895	0.0	0.0	3	1.028671453668747	23.987607968777322	138.0	33	1.05	0.95				
	310	1	96.79057262105263	19.85447643508772	0.0	0.0	3	1.05	20.629307994388633	138.0	33	1.05	0.95				
	311	1	0.0	0.0	0.0	0.0	3	1.012867670741876	25.181546682412048	230.0	33	1.05	0.95				
	312	1	0.0	0.0	0.0	0.0	3	1.018784982137817	25.30747617046019	230.0	33	1.05	0.95				
	313	2	131.53590638245615	26.803543187368422	0.0	0.0	3	1.0168141493327179	27.743392648838064	230.0	34	1.05	0.95				
	314	2	96.29421071017545	19.358114524210528	0.0	0.0	3	1.009521811753788	25.89016789427955	230.0	36	1.05	0.95				
	315	2	157.34672574807018	31.767162296140356	0.0	0.0	3	1.0419600620022953	25.688250431407436	230.0	36	1.05	0.95				
	316	2	49.6361910877193	9.92723821754386	0.0	0.0	3	1.0388236623204066	26.02789850173259	230.0	36	1.05	0.95				
	317	1	0.0	0.0	0.0	0.0	3	1.05	28.753553709409385	230.0	37	1.05	0.95				
	318	2	165.2885163221053	33.752609939649126	0.0	0.0	3	1.0449066914477343	25.08020735140535	230.0	37	1.05	0.95				
	319	1	89.84150586877193	18.365390702456143	0.0	0.0	3	1.0333927946450097	25.964990931326483	230.0	35	1.05	0.95				
	320	1	63.53432459228071	12.905409682807017	0.0	0.0	3	1.0296324806680877	25.726218978894092	230.0	35	1.05	0.95				
	321	2	0.0	0.0	0.0	0.0	3	1.0464688794385393	25.95222411050606	230.0	37	1.05	0.95				
	322	2	0.0	0.0	0.0	0.0	3	1.05	31.395501319756864	230.0	37	1.05	0.95				
	323	2	0.0	0.0	0.0	0.0	3	1.0277130974082087	25.70033304971826	230.0	35	1.05	0.95				
	324	1	0.0	0.0	0.0	0.0	3	1.0424449479037585	28.483510971470366	230.0	36	1.05	0.95				
	325	1	0.0	0.0	0.0	0.0	3	1.030781968904254	25.512085078796865	230.0	35	1.05	0.95				
];
