%% MATPOWER Case Format : Version 2
function mpc = RTS_GMLC
mpc.version = '2';

%%-----  Power Flow Data  -----%%
%% system MVA base
mpc.baseMVA = 100.0;
%% bus data
%    bus_i    type    Pd    Qd    Gs    Bs    area    Vm    Va    baseKV    zone    Vmax    Vmin
mpc.bus = [
	101	2	49.47105391578948	10.077436908771931	0.0	0.0	1	1.0326345003071833	2.3654630641165615	138.0	11	1.05	0.95				
	102	2	44.43233546140351	9.161306280701757	0.0	0.0	1	1.0322207078508003	2.2422185412262756	138.0	12	1.05	0.95				
	103	1	82.4517565263158	16.94841661929825	0.0	0.0	1	1.0274541330856308	-0.2919371186141173	138.0	11	1.05	0.95				
	104	1	33.8968332385965	6.870979710526316	0.0	0.0	1	1.0207752202006233	-1.0082586203798372	138.0	11	1.05	0.95				
	105	1	32.52263729649123	6.412914396491229	0.0	0.0	1	1.0350535014025284	-0.7439275187839721	138.0	11	1.05	0.95				
	106	1	62.29688270877194	12.825828792982458	0.0	-100.0	1	1.0443713859280432	-2.9468898506832852	138.0	12	1.05	0.95				
	107	2	57.25816425438597	11.451632850877195	0.0	0.0	1	1.0191806342839977	-3.341081452270367	138.0	12	1.05	0.95				
	108	1	78.32916870000001	16.032285991228072	0.0	0.0	1	1.0160007486225702	-4.278308033425972	138.0	12	1.05	0.95				
	109	1	80.16142995614037	16.49035130526316	0.0	0.0	1	1.0255488286205117	-1.810294096923271	138.0	13	1.05	0.95				
	110	1	89.32273623684212	18.322612561403513	0.0	0.0	1	1.05	-2.4494057223007477	138.0	13	1.05	0.95				
	111	1	0.0	0.0	0.0	0.0	1	1.0037207488158362	-0.4324579804809371	230.0	13	1.05	0.95				
	112	1	0.0	0.0	0.0	0.0	1	1.0093381769911305	0.2847419424164403	230.0	13	1.05	0.95				
	113	3	121.38730821929826	24.73552695789474	0.0	0.0	1	0.9959773379235073	1.5388416350009395e-28	230.0	14	1.05	0.95				
	114	2	88.86467092280702	17.864547247368424	0.0	0.0	1	0.998862379640947	1.0143018050637596	230.0	16	1.05	0.95				
	115	2	145.2067045491228	29.31618009824562	0.0	0.0	1	1.0389137257121575	5.789756178406871	230.0	16	1.05	0.95				
	116	2	45.80653140350878	9.161306280701757	0.0	0.0	1	1.0343118786379444	5.71473545599402	230.0	16	1.05	0.95				
	117	1	0.0	0.0	0.0	0.0	1	1.042874347685357	6.947257960670641	230.0	17	1.05	0.95				
	118	2	152.53574957368423	31.14844135438597	0.0	0.0	1	1.045580324564163	6.720338609075118	230.0	17	1.05	0.95				
	119	1	82.90982184035089	16.94841661929825	0.0	0.0	1	1.028469761609621	5.3384970190896235	230.0	15	1.05	0.95				
	120	1	58.63236019649124	11.909698164912284	0.0	0.0	1	1.0265934260518348	5.89988504424724	230.0	15	1.05	0.95				
	121	2	0.0	0.0	0.0	0.0	1	1.05	7.2308165588919335	230.0	17	1.05	0.95				
	122	2	0.0	0.0	0.0	0.0	1	1.05	13.644970030626137	230.0	17	1.05	0.95				
	123	2	0.0	0.0	0.0	0.0	1	1.026393916774851	6.5624213796507584	230.0	15	1.05	0.95				
	124	1	0.0	0.0	0.0	0.0	1	1.0262946278341847	3.523407566795404	230.0	16	1.05	0.95				
	201	2	50.57453171368421	10.302219423157895	0.0	0.0	2	1.0300343769756377	-6.096250762333585	138.0	21	1.05	0.95				
	202	2	45.42342200210526	9.365654021052633	0.0	0.0	2	1.030403163787931	-6.088183826271555	138.0	22	1.05	0.95				
	203	1	84.2908861894737	17.32645993894737	0.0	0.0	2	1.0229301092108372	-5.3230470521466895	138.0	21	1.05	0.95				
	204	1	34.65291987789474	7.024240515789473	0.0	0.0	2	1.018981759629088	-8.490196490533062	138.0	21	1.05	0.95				
	205	1	33.24807177473684	6.555957814736843	0.0	0.0	2	1.0339492933975414	-8.665188290150052	138.0	21	1.05	0.95				
	206	1	63.6864473431579	13.111915629473685	0.0	-100.0	2	1.0439744466465295	-10.548648728734651	138.0	22	1.05	0.95				
	207	2	58.53533763157894	11.70706752631579	0.0	0.0	2	0.9876136757741583	-17.618476002290677	138.0	22	1.05	0.95				
	208	1	80.07634188	16.389894536842103	0.0	0.0	2	0.9941572858073113	-15.479403749445028	138.0	22	1.05	0.95				
	209	1	81.94947268421053	16.858177237894736	0.0	0.0	2	1.0234446135082373	-8.54643614583057	138.0	23	1.05	0.95				
	210	1	91.31512670526317	18.731308042105265	0.0	0.0	2	1.05	-9.780647485313224	138.0	23	1.05	0.95				
	211	1	0.0	0.0	0.0	0.0	2	1.007339797007574	-6.063065018032987	230.0	23	1.05	0.95				
	212	1	0.0	0.0	0.0	0.0	2	1.0118845533621228	-5.718855673259986	230.0	23	1.05	0.95				
	213	2	124.09491577894735	25.287265856842104	0.0	0.0	2	1.0017246160874955	-5.4599280924221425	230.0	24	1.05	0.95				
	214	2	90.84684400421052	18.263025341052632	0.0	0.0	2	1.0095331915361176	-3.396727429171189	230.0	26	1.05	0.95				
	215	2	148.4456162336842	29.970092867368418	0.0	0.0	2	1.0304930659401732	3.4110961480869837	230.0	26	1.05	0.95				
	216	2	46.82827010526316	9.365654021052633	0.0	0.0	2	1.0329228579739393	3.162208578634187	230.0	26	1.05	0.95				
	217	1	0.0	0.0	0.0	0.0	2	1.0374969954424207	6.122207784764419	230.0	27	1.05	0.95				
	218	2	155.93813945052634	31.84322367157895	0.0	0.0	2	1.0394286284982197	6.752428920384574	230.0	27	1.05	0.95				
	219	1	84.75916889052631	17.32645993894737	0.0	0.0	2	1.0331957742703497	1.7945766245758747	230.0	25	1.05	0.95				
	220	1	59.940185734736836	12.17535022736842	0.0	0.0	2	1.0369994664549878	1.5097885760368015	230.0	25	1.05	0.95				
	221	2	0.0	0.0	0.0	0.0	2	1.0389164713676562	6.390339405691366	230.0	27	1.05	0.95				
	222	2	0.0	0.0	0.0	0.0	2	1.05	12.786116215875156	230.0	27	1.05	0.95				
	223	2	0.0	0.0	0.0	0.0	2	1.039762869170595	1.704351026409206	230.0	25	1.05	0.95				
	224	1	0.0	0.0	0.0	0.0	2	1.0167429371746002	0.13253709822573642	230.0	26	1.05	0.95				
	301	2	59.09079406736842	12.03701360631579	0.0	0.0	3	1.0066671397394926	-33.93954149281232	138.0	31	1.05	0.95				
	302	2	53.07228726421053	10.942739642105265	0.0	0.0	3	1.0060862321486672	-34.07887583538332	138.0	32	1.05	0.95				
	303	1	98.48465677894738	20.24406833789474	0.0	0.0	3	1.0212041188626186	-26.925625660247313	138.0	31	1.05	0.95				
	304	1	40.48813667578948	8.207054731578948	0.0	0.0	3	1.0071742894790077	-32.21268000356584	138.0	31	1.05	0.95				
	305	1	38.84672572947368	7.659917749473685	0.0	0.0	3	1.0208547786151343	-33.119642596363036	138.0	31	1.05	0.95				
	306	1	74.4106295663158	15.31983549894737	0.0	-100.0	3	1.0364206843462094	-33.28002855741842	138.0	32	1.05	0.95				
	307	2	68.39212276315789	13.67842455263158	0.0	0.0	3	0.9939238040125024	-38.23399091062358	138.0	32	1.05	0.95				
	308	1	93.56042394	19.14979437368421	0.0	0.0	3	0.9959445756346361	-36.23088564862666	138.0	32	1.05	0.95				
	309	1	95.74897186842107	19.696931355789474	0.0	0.0	3	1.0267844342512782	-28.45571167202438	138.0	33	1.05	0.95				
	310	1	106.69171151052632	21.88547928421053	0.0	0.0	3	1.05	-30.543194593527105	138.0	33	1.05	0.95				
	311	1	0.0	0.0	0.0	0.0	3	1.0168749148586194	-23.413031954552466	230.0	33	1.05	0.95				
	312	1	0.0	0.0	0.0	0.0	3	1.0170004478080108	-22.859648306764793	230.0	33	1.05	0.95				
	313	2	144.99130025789472	29.54539703368421	0.0	0.0	3	1.0238974500245646	-19.727841503364846	230.0	34	1.05	0.95				
	314	2	106.14457452842106	21.338342302105264	0.0	0.0	3	1.0275709408792022	-20.59657981983124	230.0	36	1.05	0.95				
	315	2	173.44242332736843	35.016766854736844	0.0	0.0	3	1.0484381247736225	-13.700933118246658	230.0	36	1.05	0.95				
	316	2	54.71369821052632	10.942739642105265	0.0	0.0	3	1.0483700920437315	-13.362523536779097	230.0	36	1.05	0.95				
	317	1	0.0	0.0	0.0	0.0	3	1.049027588824323	-10.636160407417497	230.0	37	1.05	0.95				
	318	2	182.19661504105264	37.2053147831579	0.0	0.0	3	1.0491515605118575	-10.009512470744012	230.0	37	1.05	0.95				
	319	1	99.03179376105264	20.24406833789474	0.0	0.0	3	1.045795859164707	-14.532698256401561	230.0	35	1.05	0.95				
	320	1	70.03353370947369	14.225561534736844	0.0	0.0	3	1.0478388703838475	-14.52608386869764	230.0	35	1.05	0.95				
	321	2	0.0	0.0	0.0	0.0	3	1.05	-9.597925557873227	230.0	37	1.05	0.95				
	322	2	0.0	0.0	0.0	0.0	3	1.05	-4.229505305218971	230.0	37	1.05	0.95				
	323	2	0.0	0.0	0.0	0.0	3	1.0499999865196716	-14.122008004127421	230.0	35	1.05	0.95				
	324	1	0.0	0.0	0.0	0.0	3	1.0214149300232624	-18.582641985717984	230.0	36	1.05	0.95				
	325	1	0.0	0.0	0.0	0.0	3	1.0416739725279138	-12.395558110261414	230.0	35	1.05	0.95				
];
