%% MATPOWER Case Format : Version 2
function mpc = RTS_GMLC
mpc.version = '2';

%%-----  Power Flow Data  -----%%
%% system MVA base
mpc.baseMVA = 100.0;
%% bus data
%    bus_i    type    Pd    Qd    Gs    Bs    area    Vm    Va    baseKV    zone    Vmax    Vmin
mpc.bus = [
	101	2	48.135081637894736	9.805294407719298	0.0	0.0	1	1.0353183420714662	1.7701193757206173	138.0	11	1.05	0.95				
	102	2	43.232434434035085	8.913904007017544	0.0	0.0	1	1.032841187404105	1.098674514734002	138.0	12	1.05	0.95				
	103	1	80.2251360631579	16.490722412982457	0.0	0.0	1	1.0344924706031828	1.513234157054323	138.0	11	1.05	0.95				
	104	1	32.981444825964914	6.685428005263157	0.0	0.0	1	1.0240011225966115	-1.3572654007480913	138.0	11	1.05	0.95				
	105	1	31.64435922491228	6.239732804912281	0.0	0.0	1	1.036270599163895	-1.7177577340020063	138.0	11	1.05	0.95				
	106	1	60.614547247719294	12.479465609824562	0.0	-100.0	1	1.0447802849007253	-4.252530871971545	138.0	12	1.05	0.95				
	107	2	55.71190004385964	11.14238000877193	0.0	0.0	1	1.000013163564345	-11.566428574316374	138.0	12	1.05	0.95				
	108	1	76.21387926	15.599332012280701	0.0	0.0	1	1.0025169015964381	-9.399640942117413	138.0	12	1.05	0.95				
	109	1	77.99666006140352	16.045027212631577	0.0	0.0	1	1.0252686773412392	-2.571680447438504	138.0	13	1.05	0.95				
	110	1	86.91056406842105	17.82780801403509	0.0	0.0	1	1.05	-3.857775428656574	138.0	13	1.05	0.95				
	111	1	0.0	0.0	0.0	0.0	1	1.0055442110809192	-0.6105637659344968	230.0	13	1.05	0.95				
	112	1	0.0	0.0	0.0	0.0	1	1.0100396604212831	-1.1384214537927901	230.0	13	1.05	0.95				
	113	3	118.10922809298245	24.067540818947368	0.0	0.0	1	0.9993071493211405	-1.007348435357882e-31	230.0	14	1.05	0.95				
	114	2	86.46486886807017	17.382112813684213	0.0	0.0	1	1.0039800384340003	1.5824217311288327	230.0	16	1.05	0.95				
	115	2	141.28537851122806	28.52449282245614	0.0	0.0	1	1.041104363142002	8.683317209933142	230.0	16	1.05	0.95				
	116	2	44.56952003508772	8.913904007017544	0.0	0.0	1	1.0361720370433678	7.2551023908620715	230.0	16	1.05	0.95				
	117	1	0.0	0.0	0.0	0.0	1	1.0430540971840492	11.346011778068386	230.0	17	1.05	0.95				
	118	2	148.4165017168421	30.307273623859647	0.0	0.0	1	1.0478411720164829	12.320085078672568	230.0	17	1.05	0.95				
	119	1	80.67083126350877	16.490722412982457	0.0	0.0	1	1.0251499904503942	4.4321846577867365	230.0	15	1.05	0.95				
	120	1	57.04898564491228	11.588075209122808	0.0	0.0	1	1.019563466167026	2.3760221894086806	230.0	15	1.05	0.95				
	121	2	0.0	0.0	0.0	0.0	1	1.05	13.86666844880655	230.0	17	1.05	0.95				
	122	2	0.0	0.0	0.0	0.0	1	1.05	20.494266287766468	230.0	17	1.05	0.95				
	123	2	0.0	0.0	0.0	0.0	1	1.0173635211676937	1.5849555066331713	230.0	15	1.05	0.95				
	124	1	0.0	0.0	0.0	0.0	1	1.029250015947922	5.991829542320836	230.0	16	1.05	0.95				
	201	2	44.53958758736842	9.072878952982457	0.0	0.0	2	1.0135105532492785	-16.693574833321232	138.0	21	1.05	0.95				
	202	2	40.0031481108772	8.248071775438598	0.0	0.0	2	1.012561631064902	-16.993817650048538	138.0	22	1.05	0.95				
	203	1	74.23264597894737	15.258932784561404	0.0	0.0	2	1.0156101148965377	-12.100442863180547	138.0	21	1.05	0.95				
	204	1	30.517865569122808	6.186053831578947	0.0	0.0	2	1.0116647096387372	-16.572654517432294	138.0	21	1.05	0.95				
	205	1	29.280654802807014	5.773650242807019	0.0	0.0	2	1.0267500739340647	-17.071750365901455	138.0	21	1.05	0.95				
	206	1	56.08688807298247	11.547300485614038	0.0	-100.0	2	1.0420372475744162	-17.80215875963737	138.0	22	1.05	0.95				
	207	2	51.55044859649123	10.310089719298245	0.0	0.0	2	0.9948005136601542	-22.714349305608728	138.0	22	1.05	0.95				
	208	1	70.52101368	14.434125607017542	0.0	0.0	2	1.0005104631241795	-20.857154714938442	138.0	22	1.05	0.95				
	209	1	72.17062803508773	14.846529195789474	0.0	0.0	2	1.022851174894862	-14.51851213621803	138.0	23	1.05	0.95				
	210	1	80.41869981052632	16.496143550877196	0.0	0.0	2	1.05	-16.12252364450311	138.0	23	1.05	0.95				
	211	1	0.0	0.0	0.0	0.0	2	1.0072056883672456	-11.383648212126655	230.0	23	1.05	0.95				
	212	1	0.0	0.0	0.0	0.0	2	1.008283307810702	-10.752189013449016	230.0	23	1.05	0.95				
	213	2	109.2869510245614	22.26979379368421	0.0	0.0	2	1.0034009520808642	-10.03747602630969	230.0	24	1.05	0.95				
	214	2	80.0062962217544	16.083739962105266	0.0	0.0	2	1.0107605104239012	-8.530457858348045	230.0	26	1.05	0.95				
	215	2	130.73193764070177	26.393829681403506	0.0	0.0	2	1.0258410630806405	-1.2799571497966988	230.0	26	1.05	0.95				
	216	2	41.24035887719298	8.248071775438598	0.0	0.0	2	1.0263351766364246	-1.9832316768480023	230.0	26	1.05	0.95				
	217	1	0.0	0.0	0.0	0.0	2	1.0295217495671114	-0.3680397855846053	230.0	27	1.05	0.95				
	218	2	137.33039506105266	28.043444036491234	0.0	0.0	2	1.0290047268130815	-0.7425636851797348	230.0	27	1.05	0.95				
	219	1	74.6450495677193	15.258932784561404	0.0	0.0	2	1.0260899129326253	-2.4690539339588446	230.0	25	1.05	0.95				
	220	1	52.78765936280701	10.722493308070176	0.0	0.0	2	1.0285591415854127	-2.0852214241715994	230.0	25	1.05	0.95				
	221	2	0.0	0.0	0.0	0.0	2	1.031121386976716	-0.12728288243470684	230.0	27	1.05	0.95				
	222	2	0.0	0.0	0.0	0.0	2	1.05	6.2711604527242875	230.0	27	1.05	0.95				
	223	2	0.0	0.0	0.0	0.0	2	1.030474538344018	-1.5593004073105896	230.0	25	1.05	0.95				
	224	1	0.0	0.0	0.0	0.0	2	1.0086988154050045	-5.334054741217077	230.0	26	1.05	0.95				
	301	2	58.37329959157894	11.890857324210526	0.0	0.0	3	0.9936615440303173	5.7423186856467305	138.0	31	1.05	0.95				
	302	2	52.42787092947368	10.809870294736841	0.0	0.0	3	0.9934522838460907	5.733159605487604	138.0	32	1.05	0.95				
	303	1	97.28883265263157	19.998260045263155	0.0	0.0	3	1.0140801952801601	7.624628830523798	138.0	31	1.05	0.95				
	304	1	39.99652009052631	8.10740272105263	0.0	0.0	3	1.0014258623953476	7.598800637211325	138.0	31	1.05	0.95				
	305	1	38.37503954631578	7.566909206315789	0.0	0.0	3	1.013490683750856	7.668487223670242	138.0	31	1.05	0.95				
	306	1	73.50711800421053	15.133818412631578	0.0	-100.0	3	1.0331647742364152	8.118998166294896	138.0	32	1.05	0.95				
	307	2	67.56168934210525	13.512337868421051	0.0	0.0	3	0.9862954087497428	4.495151528598954	138.0	32	1.05	0.95				
	308	1	92.42439101999999	18.91727301578947	0.0	0.0	3	0.9987860870717118	6.882890325880952	138.0	32	1.05	0.95				
	309	1	94.58636507894735	19.457766530526314	0.0	0.0	3	1.0265230304618898	11.322902558883317	138.0	33	1.05	0.95				
	310	1	105.39623537368419	21.619740589473682	0.0	0.0	3	1.05	11.310559204315153	138.0	33	1.05	0.95				
	311	1	0.0	0.0	0.0	0.0	3	1.0139377835607584	16.844724500607096	230.0	33	1.05	0.95				
	312	1	0.0	0.0	0.0	0.0	3	1.020126576381715	18.292428179177897	230.0	33	1.05	0.95				
	313	2	143.23078140526314	29.18664979578947	0.0	0.0	3	1.0359296230579542	25.114524917003823	230.0	34	1.05	0.95				
	314	2	104.85574185894735	21.07924707473684	0.0	0.0	3	1.0138237051723271	15.030057779443224	230.0	36	1.05	0.95				
	315	2	171.3364441715789	34.59158494315789	0.0	0.0	3	1.0333556437562816	8.998894886467642	230.0	36	1.05	0.95				
	316	2	54.049351473684204	10.809870294736841	0.0	0.0	3	1.034883707813859	10.364838658039114	230.0	36	1.05	0.95				
	317	1	0.0	0.0	0.0	0.0	3	1.039366696081735	9.114227954889802	230.0	37	1.05	0.95				
	318	2	179.9843404073684	36.75355900210526	0.0	0.0	3	1.0378277805614364	7.630881424302152	230.0	37	1.05	0.95				
	319	1	97.82932616736841	19.998260045263155	0.0	0.0	3	1.0341483721941014	13.519184269565162	230.0	35	1.05	0.95				
	320	1	69.18316988631578	14.052831383157894	0.0	0.0	3	1.036131402781045	15.821783912037633	230.0	35	1.05	0.95				
	321	2	0.0	0.0	0.0	0.0	3	1.0380814271034793	8.663899276778224	230.0	37	1.05	0.95				
	322	2	0.0	0.0	0.0	0.0	3	1.0499999977557237	13.153221506162657	230.0	37	1.05	0.95				
	323	2	0.0	0.0	0.0	0.0	3	1.0372069144168794	16.726985005410164	230.0	35	1.05	0.95				
	324	1	0.0	0.0	0.0	0.0	3	1.0237895396812595	10.374578234294507	230.0	36	1.05	0.95				
	325	1	0.0	0.0	0.0	0.0	3	1.0395458202820274	16.490202086917826	230.0	35	1.05	0.95				
];
