%% MATPOWER Case Format : Version 2
function mpc = RTS_GMLC
mpc.version = '2';

%%-----  Power Flow Data  -----%%
%% system MVA base
mpc.baseMVA = 100.0;
%% bus data
%    bus_i    type    Pd    Qd    Gs    Bs    area    Vm    Va    baseKV    zone    Vmax    Vmin
mpc.bus = [
	101	2	39.331024256842106	8.011875311578947	0.0	0.0	1	1.0419838488760724	4.892491585601403	138.0	11	1.05	0.95				
	102	2	35.32508660105263	7.2835230105263165	0.0	0.0	1	1.041048819020715	4.614009311034979	138.0	12	1.05	0.95				
	103	1	65.55170709473684	13.474517569473685	0.0	0.0	1	1.0317770712741525	1.9286561022441377	138.0	11	1.05	0.95				
	104	1	26.94903513894737	5.462642257894737	0.0	0.0	1	1.0267891718997044	0.9364822541934144	138.0	11	1.05	0.95				
	105	1	25.85650668736842	5.098466107368422	0.0	0.0	1	1.0402820965401343	1.0000692474891362	138.0	11	1.05	0.95				
	106	1	49.52795647157895	10.196932214736844	0.0	-100.0	1	1.0484754089371011	-1.6057804096509696	138.0	12	1.05	0.95				
	107	2	45.52201881578948	9.104403763157896	0.0	0.0	1	1.0005430350659545	-8.9738504372411	138.0	12	1.05	0.95				
	108	1	62.27412174	12.746165268421054	0.0	0.0	1	1.0055789284697365	-6.928509405750728	138.0	12	1.05	0.95				
	109	1	63.73082634210526	13.11034141894737	0.0	0.0	1	1.0242900075246486	-1.1889770384307032	138.0	13	1.05	0.95				
	110	1	71.01434935263158	14.567046021052633	0.0	0.0	1	1.05	-1.836902664745668	138.0	13	1.05	0.95				
	111	1	0.0	0.0	0.0	0.0	1	1.0012015020165903	0.03644796229584533	230.0	13	1.05	0.95				
	112	1	0.0	0.0	0.0	0.0	1	1.0063521602558485	-0.3282128049327285	230.0	13	1.05	0.95				
	113	3	96.50667988947367	19.665512128421053	0.0	0.0	1	0.9909103727989278	-2.86939073822557e-28	230.0	14	1.05	0.95				
	114	2	70.65017320210526	14.202869870526316	0.0	0.0	1	0.9964072741388826	1.7563274613922815	230.0	16	1.05	0.95				
	115	2	115.4438397168421	23.30727363368421	0.0	0.0	1	1.0335393314104646	7.320423198998488	230.0	16	1.05	0.95				
	116	2	36.41761505263158	7.2835230105263165	0.0	0.0	1	1.0286514117230399	6.265497505045585	230.0	16	1.05	0.95				
	117	1	0.0	0.0	0.0	0.0	1	1.0369373282600318	9.683381550069056	230.0	17	1.05	0.95				
	118	2	121.27065812526317	24.763978235789477	0.0	0.0	1	1.0414472604455012	10.11651037638271	230.0	17	1.05	0.95				
	119	1	65.91588324526316	13.474517569473685	0.0	0.0	1	1.018764560682112	3.9908828890486014	230.0	15	1.05	0.95				
	120	1	46.61454726736842	9.468579913684211	0.0	0.0	1	1.0130575290777202	2.5229048352433825	230.0	15	1.05	0.95				
	121	2	0.0	0.0	0.0	0.0	1	1.0445663082756456	11.303711750096275	230.0	17	1.05	0.95				
	122	2	0.0	0.0	0.0	0.0	1	1.05	20.130042886442194	230.0	17	1.05	0.95				
	123	2	0.0	0.0	0.0	0.0	1	1.0102607248528228	1.9997630225105603	230.0	15	1.05	0.95				
	124	1	0.0	0.0	0.0	0.0	1	1.0252275926886547	5.288264961055722	230.0	16	1.05	0.95				
	201	2	42.05761056000001	8.56729104	0.0	0.0	2	1.0144211708442812	-14.595045873264148	138.0	21	1.05	0.95				
	202	2	37.77396504	7.7884464000000015	0.0	0.0	2	1.013518373720844	-14.889495152452188	138.0	22	1.05	0.95				
	203	1	70.09601760000001	14.408625840000003	0.0	0.0	2	1.0146927730558166	-10.27755841167784	138.0	21	1.05	0.95				
	204	1	28.817251680000005	5.8413348	0.0	0.0	2	1.012330529456554	-14.546414061676586	138.0	21	1.05	0.95				
	205	1	27.64898472	5.451912480000002	0.0	0.0	2	1.0275475652259158	-15.012496149977665	138.0	21	1.05	0.95				
	206	1	52.96143552000001	10.903824960000003	0.0	-100.0	2	1.0429265004883201	-15.7449060844486	138.0	22	1.05	0.95				
	207	2	48.67779	9.735558000000001	0.0	0.0	2	0.9963278062009047	-20.36520764464741	138.0	22	1.05	0.95				
	208	1	66.59121672	13.629781200000002	0.0	0.0	2	1.0022171927765742	-18.625301884368927	138.0	22	1.05	0.95				
	209	1	68.14890600000001	14.019203520000001	0.0	0.0	2	1.0223557924168072	-12.6482571418398	138.0	23	1.05	0.95				
	210	1	75.93735240000001	15.576892800000003	0.0	0.0	2	1.05	-14.176220694433267	138.0	23	1.05	0.95				
	211	1	0.0	0.0	0.0	0.0	2	1.005285204367842	-9.768769915592944	230.0	23	1.05	0.95				
	212	1	0.0	0.0	0.0	0.0	2	1.0069207604961758	-9.095472337751957	230.0	23	1.05	0.95				
	213	2	103.19691480000002	21.028805280000004	0.0	0.0	2	1.0008220667805259	-8.462609762041078	230.0	24	1.05	0.95				
	214	2	75.54793008	15.187470480000002	0.0	0.0	2	1.0066662166042466	-7.152198418354076	230.0	26	1.05	0.95				
	215	2	123.44687544000001	24.923028480000003	0.0	0.0	2	1.0197369722509122	-0.584958127760996	230.0	26	1.05	0.95				
	216	2	38.942232000000004	7.7884464000000015	0.0	0.0	2	1.0208373960029657	-1.0616124508100016	230.0	26	1.05	0.95				
	217	1	0.0	0.0	0.0	0.0	2	1.0243552474261464	0.44160087191479547	230.0	27	1.05	0.95				
	218	2	129.67763256000003	26.480717760000005	0.0	0.0	2	1.0239148972167793	0.07693065420347443	230.0	27	1.05	0.95				
	219	1	70.48543992000002	14.408625840000003	0.0	0.0	2	1.0212363870578978	-1.3559146864991487	230.0	25	1.05	0.95				
	220	1	49.846056960000006	10.124980320000002	0.0	0.0	2	1.0240118667134077	-0.8427607635272644	230.0	25	1.05	0.95				
	221	2	0.0	0.0	0.0	0.0	2	1.026078561272337	0.6561524056257854	230.0	27	1.05	0.95				
	222	2	0.0	0.0	0.0	0.0	2	1.04777293979341	7.090093840379525	230.0	27	1.05	0.95				
	223	2	0.0	0.0	0.0	0.0	2	1.026037034015673	-0.26062781940919333	230.0	25	1.05	0.95				
	224	1	0.0	0.0	0.0	0.0	2	1.0059656459226334	-4.234015312113352	230.0	26	1.05	0.95				
	301	2	52.5137614863158	10.69724771017544	0.0	0.0	3	1.0085737416818938	-6.819230454866125	138.0	31	1.05	0.95				
	302	2	47.16513763122807	9.724770645614036	0.0	0.0	3	1.0078311276455638	-6.983478083670717	138.0	32	1.05	0.95				
	303	1	87.52293581052632	17.99082569438597	0.0	0.0	3	1.0337366028817856	1.1509995987298325	138.0	31	1.05	0.95				
	304	1	35.98165138877194	7.293577984210526	0.0	0.0	3	1.0101528404502202	-5.229774979388074	138.0	31	1.05	0.95				
	305	1	34.522935791929825	6.807339451929825	0.0	0.0	3	1.023028956078824	-6.646472539976236	138.0	31	1.05	0.95				
	306	1	66.12844039017544	13.61467890385965	0.0	-100.0	3	1.0387404313895094	-7.108911018034067	138.0	32	1.05	0.95				
	307	2	60.779816535087726	12.155963307017545	0.0	0.0	3	0.9919874770140469	-12.171960286816521	138.0	32	1.05	0.95				
	308	1	83.14678902	17.018348629824562	0.0	0.0	3	0.9968120550995874	-9.936607952326412	138.0	32	1.05	0.95				
	309	1	85.0917431491228	17.504587162105263	0.0	0.0	3	1.0281278227617772	-1.8173556082598281	138.0	33	1.05	0.95				
	310	1	94.81651379473685	19.449541291228073	0.0	0.0	3	1.05	-4.909135496387364	138.0	33	1.05	0.95				
	311	1	0.0	0.0	0.0	0.0	3	1.007672594249396	-0.40680822002899014	230.0	33	1.05	0.95				
	312	1	0.0	0.0	0.0	0.0	3	1.0135796984485135	0.48818635508586206	230.0	33	1.05	0.95				
	313	2	128.85321105438595	26.2568807431579	0.0	0.0	3	1.0104445796695614	2.9181602301457708	230.0	34	1.05	0.95				
	314	2	94.33027526245614	18.96330275894737	0.0	0.0	3	1.0011684749336727	-0.24123149572193106	230.0	36	1.05	0.95				
	315	2	154.13761473298246	31.11926606596492	0.0	0.0	3	1.0235245178018575	-0.18649006206336624	230.0	36	1.05	0.95				
	316	2	48.62385322807018	9.724770645614036	0.0	0.0	3	1.0210129434642274	0.22599627297971145	230.0	36	1.05	0.95				
	317	1	0.0	0.0	0.0	0.0	3	1.02932602397013	1.9404210980266432	230.0	37	1.05	0.95				
	318	2	161.9174312494737	33.06422019508772	0.0	0.0	3	1.0271086606081472	0.8232570225652455	230.0	37	1.05	0.95				
	319	1	88.00917434280703	17.99082569438597	0.0	0.0	3	1.016963796822927	0.38697027256773153	230.0	35	1.05	0.95				
	320	1	62.23853213192984	12.642201839298247	0.0	0.0	3	1.0171397400317927	1.4918518848633529	230.0	35	1.05	0.95				
	321	2	0.0	0.0	0.0	0.0	3	1.028049836591292	1.0644205192547644	230.0	37	1.05	0.95				
	322	2	0.0	0.0	0.0	0.0	3	1.0420680309590684	5.781279688158415	230.0	37	1.05	0.95				
	323	2	0.0	0.0	0.0	0.0	3	1.018003478726734	2.312266682254724	230.0	35	1.05	0.95				
	324	1	0.0	0.0	0.0	0.0	3	1.0239315212074946	0.3238763924203894	230.0	36	1.05	0.95				
	325	1	0.0	0.0	0.0	0.0	3	1.0185511329319044	3.0896201234328693	230.0	35	1.05	0.95				
];
