%% MATPOWER Case Format : Version 2
function mpc = RTS_GMLC
mpc.version = '2';

%%-----  Power Flow Data  -----%%
%% system MVA base
mpc.baseMVA = 100.0;
%% bus data
%    bus_i    type    Pd    Qd    Gs    Bs    area    Vm    Va    baseKV    zone    Vmax    Vmin
mpc.bus = [
	101	2	55.4428500631579	11.293913901754387	0.0	0.0	1	1.0122420728506387	-5.661218372604197	138.0	11	1.05	0.95				
	102	2	49.7958931122807	10.267194456140352	0.0	0.0	1	1.0121197887571185	-5.928964157071643	138.0	12	1.05	0.95				
	103	1	92.40475010526316	18.99430974385965	0.0	0.0	1	1.0019855934943769	0.370930812101782	138.0	11	1.05	0.95				
	104	1	37.9886194877193	7.700395842105263	0.0	0.0	1	1.0019840583106268	-5.684052933903154	138.0	11	1.05	0.95				
	105	1	36.448540319298246	7.187036119298247	0.0	0.0	1	1.015596015956181	-6.995220365730715	138.0	11	1.05	0.95				
	106	1	69.81692230175439	14.374072238596494	0.0	-100.0	1	1.0245426232316894	-8.326129921618321	138.0	12	1.05	0.95				
	107	2	64.1699653508772	12.83399307017544	0.0	0.0	1	0.9897044574614602	-12.419881616316502	138.0	12	1.05	0.95				
	108	1	87.78451260000001	17.967590298245614	0.0	0.0	1	0.9867289531264195	-11.164238215028636	138.0	12	1.05	0.95				
	109	1	89.83795149122807	18.480950021052635	0.0	0.0	1	1.0040981075890811	-4.369813173996049	138.0	13	1.05	0.95				
	110	1	100.10514594736844	20.534388912280704	0.0	0.0	1	1.031696169940686	-6.657444416788337	138.0	13	1.05	0.95				
	111	1	0.0	0.0	0.0	0.0	1	0.990585309336653	-1.0385118659460704	230.0	13	1.05	0.95				
	112	1	0.0	0.0	0.0	0.0	1	0.9881372631355605	-1.8932397934570755	230.0	13	1.05	0.95				
	113	3	136.04032654385963	27.72142503157895	0.0	0.0	1	0.9742618910140232	1.9329382092316657e-28	230.0	14	1.05	0.95				
	114	2	99.5917862245614	20.021029189473687	0.0	0.0	1	1.0088091175253	2.572903067687432	230.0	16	1.05	0.95				
	115	2	162.73503212982456	32.855022259649125	0.0	0.0	1	1.0015295554790151	13.08347409804367	230.0	16	1.05	0.95				
	116	2	51.33597228070176	10.267194456140352	0.0	0.0	1	1.001385624025175	11.2260318029987	230.0	16	1.05	0.95				
	117	1	0.0	0.0	0.0	0.0	1	1.0048371247633523	17.633062190357617	230.0	17	1.05	0.95				
	118	2	170.94878769473684	34.908461150877194	0.0	0.0	1	1.0143025919263546	18.503896901505463	230.0	17	1.05	0.95				
	119	1	92.91810982807019	18.99430974385965	0.0	0.0	1	0.9993492587283074	7.163660262064914	230.0	15	1.05	0.95				
	120	1	65.71004451929825	13.34735279298246	0.0	0.0	1	1.004268339173945	4.149829081461885	230.0	15	1.05	0.95				
	121	2	0.0	0.0	0.0	0.0	1	1.0133605450956604	20.27881537965756	230.0	17	1.05	0.95				
	122	2	0.0	0.0	0.0	0.0	1	1.0242423822302364	36.87470693255219	230.0	17	1.05	0.95				
	123	2	0.0	0.0	0.0	0.0	1	1.0086692285165277	2.912250001479657	230.0	15	1.05	0.95				
	124	1	0.0	0.0	0.0	0.0	1	0.9862514735235705	8.271347652824515	230.0	16	1.05	0.95				
	201	2	50.948528248421056	10.37840390245614	0.0	0.0	2	1.010437970043987	-11.939212330729303	138.0	21	1.05	0.95				
	202	2	45.759326297192985	9.434912638596492	0.0	0.0	2	1.0093533317804566	-12.13989401108406	138.0	22	1.05	0.95				
	203	1	84.91421374736842	17.454588381403507	0.0	0.0	2	0.9956025074450937	-9.221314815069402	138.0	21	1.05	0.95				
	204	1	34.909176762807014	7.0761844789473685	0.0	0.0	2	0.9977225038812799	-10.96745046024319	138.0	21	1.05	0.95				
	205	1	33.493939867017545	6.604438847017545	0.0	0.0	2	1.0139735978461628	-11.332917004313398	138.0	21	1.05	0.95				
	206	1	64.15740594245615	13.20887769403509	0.0	-100.0	2	1.0236591655495386	-11.567489606958867	138.0	22	1.05	0.95				
	207	2	58.968203991228066	11.793640798245614	0.0	0.0	2	0.9690717623210114	-17.485133839467338	138.0	22	1.05	0.95				
	208	1	80.66850305999999	16.51109711754386	0.0	0.0	2	0.9742335161072572	-15.219242309889449	138.0	22	1.05	0.95				
	209	1	82.5554855877193	16.982842749473683	0.0	0.0	2	1.003334146332832	-7.9841559241467195	138.0	23	1.05	0.95				
	210	1	91.99039822631579	18.869825277192984	0.0	0.0	2	1.0296994740858116	-9.151962393127418	138.0	23	1.05	0.95				
	211	1	0.0	0.0	0.0	0.0	2	0.9889393215952206	-5.107010112432959	230.0	23	1.05	0.95				
	212	1	0.0	0.0	0.0	0.0	2	0.9847831545403121	0.43733953721017876	230.0	23	1.05	0.95				
	213	2	125.0125924614035	25.474264124210528	0.0	0.0	2	0.9847410859745421	-2.054481887411649	230.0	24	1.05	0.95				
	214	2	91.51865259438597	18.398079645263156	0.0	0.0	2	0.9925599916143644	-4.221547686584909	230.0	26	1.05	0.95				
	215	2	149.54336532175438	30.191720443508775	0.0	0.0	2	0.994336463981184	0.37632807261515683	230.0	26	1.05	0.95				
	216	2	47.174563192982454	9.434912638596492	0.0	0.0	2	0.9919356134658003	0.2328782957349458	230.0	26	1.05	0.95				
	217	1	0.0	0.0	0.0	0.0	2	1.0037536951454962	1.2424899630683621	230.0	27	1.05	0.95				
	218	2	157.0912954326316	32.078702971228076	0.0	0.0	2	1.0041897759863347	0.6645138454685172	230.0	27	1.05	0.95				
	219	1	85.38595937929824	17.454588381403507	0.0	0.0	2	0.9800949581544738	1.5464279315005958	230.0	25	1.05	0.95				
	220	1	60.38344088701755	12.265386430175438	0.0	0.0	2	0.9742602155084527	3.719816816492023	230.0	25	1.05	0.95				
	221	2	0.0	0.0	0.0	0.0	2	1.0065420000461351	1.2946984588274246	230.0	27	1.05	0.95				
	222	2	0.0	0.0	0.0	0.0	2	1.0249008994990925	7.249192838559363	230.0	27	1.05	0.95				
	223	2	0.0	0.0	0.0	0.0	2	0.972979350840967	5.328840362514954	230.0	25	1.05	0.95				
	224	1	0.0	0.0	0.0	0.0	2	0.9833303572492154	-3.2603616321159294	230.0	26	1.05	0.95				
	301	2	51.67668459789474	10.526732047719298	0.0	0.0	3	1.0061816636109087	45.37901784218592	138.0	31	1.05	0.95				
	302	2	46.41331857403508	9.569756407017543	0.0	0.0	3	1.0069163382799633	45.04445090287634	138.0	32	1.05	0.95				
	303	1	86.1278076631579	17.704049352982455	0.0	0.0	3	1.0088284983992055	59.033903027982376	138.0	31	1.05	0.95				
	304	1	35.40809870596491	7.177317305263157	0.0	0.0	3	0.9977389159465611	46.50152076044484	138.0	31	1.05	0.95				
	305	1	33.972635244912276	6.69882948491228	0.0	0.0	3	1.0158677294504515	44.61310499366344	138.0	31	1.05	0.95				
	306	1	65.0743435677193	13.39765896982456	0.0	-100.0	3	1.0289130995755942	43.60863642809838	138.0	32	1.05	0.95				
	307	2	59.81097754385964	11.962195508771929	0.0	0.0	3	0.9704159804616865	42.19055520677541	138.0	32	1.05	0.95				
	308	1	81.82141727999999	16.7470737122807	0.0	0.0	3	0.9854728708887108	44.30797142179783	138.0	32	1.05	0.95				
	309	1	83.7353685614035	17.225561532631577	0.0	0.0	3	1.0059354666872409	49.736437765366375	138.0	33	1.05	0.95				
	310	1	93.30512496842105	19.139512814035086	0.0	0.0	3	1.037456939590185	45.41414814116202	138.0	33	1.05	0.95				
	311	1	0.0	0.0	0.0	0.0	3	0.9932158835914882	48.52399812478697	230.0	33	1.05	0.95				
	312	1	0.0	0.0	0.0	0.0	3	1.0022958606026686	48.91881191264621	230.0	33	1.05	0.95				
	313	2	126.79927239298246	25.83834229894737	0.0	0.0	3	1.0038650483985638	52.51631824524246	230.0	34	1.05	0.95				
	314	2	92.82663714807016	18.66102499368421	0.0	0.0	3	0.9797454965779279	46.02323788743075	230.0	36	1.05	0.95				
	315	2	151.68063905122807	30.62322050245614	0.0	0.0	3	0.9815997669978749	40.8585369436419	230.0	36	1.05	0.95				
	316	2	47.848782035087716	9.569756407017543	0.0	0.0	3	0.977961129205225	41.1624277344361	230.0	36	1.05	0.95				
	317	1	0.0	0.0	0.0	0.0	3	0.9838681681408484	40.73187718811858	230.0	37	1.05	0.95				
	318	2	159.3364441768421	32.53717178385965	0.0	0.0	3	0.9762479215618712	37.11762220010581	230.0	37	1.05	0.95				
	319	1	86.60629548350876	17.704049352982455	0.0	0.0	3	0.9890191601333904	41.82185932961536	230.0	35	1.05	0.95				
	320	1	61.24644100491228	12.440683329122807	0.0	0.0	3	0.9992640061375291	41.996092484415826	230.0	35	1.05	0.95				
	321	2	0.0	0.0	0.0	0.0	3	0.9868362626084004	38.78063015047937	230.0	37	1.05	0.95				
	322	2	0.0	0.0	0.0	0.0	3	1.0042581663373096	41.99755106984099	230.0	37	1.05	0.95				
	323	2	0.0	0.0	0.0	0.0	3	1.0042522684761688	41.823201831488426	230.0	35	1.05	0.95				
	324	1	0.0	0.0	0.0	0.0	3	0.9862819765039738	49.192157157345505	230.0	36	1.05	0.95				
	325	1	0.0	0.0	0.0	0.0	3	1.0039560044265756	40.007113405101954	230.0	35	1.05	0.95				
];
