%% MATPOWER Case Format : Version 2
function mpc = RTS_GMLC
mpc.version = '2';

%%-----  Power Flow Data  -----%%
%% system MVA base
mpc.baseMVA = 100.0;
%% bus data
%    bus_i    type    Pd    Qd    Gs    Bs    area    Vm    Va    baseKV    zone    Vmax    Vmin
mpc.bus = [
	101	2	57.019297376842104	11.615042058245614	0.0	0.0	1	1.0319683606883006	0.15996712251476372	138.0	11	1.05	0.95				
	102	2	51.211776347719294	10.55912914385965	0.0	0.0	1	1.029259060144556	-0.5755534641953369	138.0	12	1.05	0.95				
	103	1	95.03216229473685	19.53438891614035	0.0	0.0	1	1.0252917064007243	1.296246129367529	138.0	11	1.05	0.95				
	104	1	39.0687778322807	7.919346857894737	0.0	0.0	1	1.0200377543724162	-2.7079903168236883	138.0	11	1.05	0.95				
	105	1	37.48490846070175	7.391390400701756	0.0	0.0	1	1.033681777994684	-3.122206452509085	138.0	11	1.05	0.95				
	106	1	71.80207817824562	14.782780801403511	0.0	-100.0	1	1.0417808038690186	-5.620734862328092	138.0	12	1.05	0.95				
	107	2	65.99455714912281	13.19891142982456	0.0	0.0	1	0.9976277832775813	-12.668238915182686	138.0	12	1.05	0.95				
	108	1	90.28055418	18.478476001754384	0.0	0.0	1	0.998179799825724	-10.629452148027367	138.0	12	1.05	0.95				
	109	1	92.39238000877192	19.006432458947366	0.0	0.0	1	1.0241117711503396	-3.1934136118908345	138.0	13	1.05	0.95				
	110	1	102.95150915263159	21.1182582877193	0.0	0.0	1	1.05	-4.780695228034989	138.0	13	1.05	0.95				
	111	1	0.0	0.0	0.0	0.0	1	1.0118642900859576	-0.3371173027477478	230.0	13	1.05	0.95				
	112	1	0.0	0.0	0.0	0.0	1	1.012842765595677	-1.241981431316697	230.0	13	1.05	0.95				
	113	3	139.90846115614036	28.509648688421052	0.0	0.0	1	1.0059197354230576	2.310501226868567e-30	230.0	14	1.05	0.95				
	114	2	102.42355269543859	20.590301830526318	0.0	0.0	1	1.0207242042486244	3.0529445160862583	230.0	16	1.05	0.95				
	115	2	167.36219693017546	33.78921326035088	0.0	0.0	1	1.0378102529281603	13.065964428843687	230.0	16	1.05	0.95				
	116	2	52.79564571929824	10.55912914385965	0.0	0.0	1	1.0334408249618454	11.09915270798669	230.0	16	1.05	0.95				
	117	1	0.0	0.0	0.0	0.0	1	1.0392400439348488	17.24080559572868	230.0	17	1.05	0.95				
	118	2	175.80950024526317	35.90103908912281	0.0	0.0	1	1.05	18.162071169888925	230.0	17	1.05	0.95				
	119	1	95.56011875192982	19.53438891614035	0.0	0.0	1	1.0242083595846871	6.781643098451467	230.0	15	1.05	0.95				
	120	1	67.57842652070175	13.726867887017544	0.0	0.0	1	1.0240518673010321	3.903363690276825	230.0	15	1.05	0.95				
	121	2	0.0	0.0	0.0	0.0	1	1.05	20.16389094710324	230.0	17	1.05	0.95				
	122	2	0.0	0.0	0.0	0.0	1	1.05	35.07737321053268	230.0	17	1.05	0.95				
	123	2	0.0	0.0	0.0	0.0	1	1.0255886477597738	2.725794128765591	230.0	15	1.05	0.95				
	124	1	0.0	0.0	0.0	0.0	1	1.0184312732876004	8.664190298760143	230.0	16	1.05	0.95				
	201	2	55.38548717052632	11.282228868070176	0.0	0.0	2	1.0107132288627867	-15.918304613459751	138.0	21	1.05	0.95				
	202	2	49.74437273649122	10.256571698245615	0.0	0.0	2	1.0098881034346154	-16.19304660531485	138.0	22	1.05	0.95				
	203	1	92.30914528421053	18.974657641754384	0.0	0.0	2	1.0136822439714013	-11.7643663168623	138.0	21	1.05	0.95				
	204	1	37.94931528350877	7.69242877368421	0.0	0.0	2	1.0092044305170405	-15.260659827366963	138.0	21	1.05	0.95				
	205	1	36.41082952877193	7.17960018877193	0.0	0.0	2	1.0237360096781298	-15.751427289770945	138.0	21	1.05	0.95				
	206	1	69.74468754807017	14.35920037754386	0.0	-100.0	2	1.0384611711082785	-16.262833694747407	138.0	22	1.05	0.95				
	207	2	64.10357311403509	12.820714622807017	0.0	0.0	2	0.9926687951573008	-22.547010219003266	138.0	22	1.05	0.95				
	208	1	87.69368802	17.94900047192982	0.0	0.0	2	0.9954217118142663	-20.15137306215091	138.0	22	1.05	0.95				
	209	1	89.74500235964912	18.461829056842102	0.0	0.0	2	1.0248648383745058	-12.388674489785862	138.0	23	1.05	0.95				
	210	1	100.00157405789474	20.51314339649123	0.0	0.0	2	1.05	-13.936410419059705	138.0	23	1.05	0.95				
	211	1	0.0	0.0	0.0	0.0	2	1.0121607498641347	-9.010755861591965	230.0	23	1.05	0.95				
	212	1	0.0	0.0	0.0	0.0	2	1.01680872575705	-5.396085458648877	230.0	23	1.05	0.95				
	213	2	135.89957500175439	27.69274358526316	0.0	0.0	2	1.014404836467939	-6.547407451515845	230.0	24	1.05	0.95				
	214	2	99.48874547298244	20.00031481157895	0.0	0.0	2	1.0150969743286382	-6.965783463797514	230.0	26	1.05	0.95				
	215	2	162.56666141719296	32.82102943438596	0.0	0.0	2	1.0304252688862128	-0.7813994470056205	230.0	26	1.05	0.95				
	216	2	51.28285849122807	10.256571698245615	0.0	0.0	2	1.0321628725164183	-0.9452169491370859	230.0	26	1.05	0.95				
	217	1	0.0	0.0	0.0	0.0	2	1.0341643272281842	0.3493902084192614	230.0	27	1.05	0.95				
	218	2	170.7719187757895	34.87234377403509	0.0	0.0	2	1.0328200044097344	-0.25583252495095554	230.0	27	1.05	0.95				
	219	1	92.82197386912281	18.974657641754384	0.0	0.0	2	1.0350164399991042	-0.4912239040949585	230.0	25	1.05	0.95				
	220	1	65.64205886877193	13.333543207719298	0.0	0.0	2	1.0414666615562558	0.8774642114758426	230.0	25	1.05	0.95				
	221	2	0.0	0.0	0.0	0.0	2	1.0347258989364352	0.37132261189597204	230.0	27	1.05	0.95				
	222	2	0.0	0.0	0.0	0.0	2	1.05	6.85984282655539	230.0	27	1.05	0.95				
	223	2	0.0	0.0	0.0	0.0	2	1.046411066380952	2.0009549569965284	230.0	25	1.05	0.95				
	224	1	0.0	0.0	0.0	0.0	2	1.010588678990603	-4.870577312781752	230.0	26	1.05	0.95				
	301	2	54.27333121263158	11.055678580350877	0.0	0.0	3	1.0058253494982334	14.233179130545278	138.0	31	1.05	0.95				
	302	2	48.74549192245614	10.05061689122807	0.0	0.0	3	1.0051510683437939	14.026656993136577	138.0	32	1.05	0.95				
	303	1	90.45555202105263	18.59364124877193	0.0	0.0	3	1.0397425845298067	22.308944246793008	138.0	31	1.05	0.95				
	304	1	37.18728249754386	7.537962668421053	0.0	0.0	3	1.0080917809014334	15.265254209367235	138.0	31	1.05	0.95				
	305	1	35.679689963859644	7.03543182385965	0.0	0.0	3	1.0212981674722361	14.626869007171983	138.0	31	1.05	0.95				
	306	1	68.34419486035088	14.0708636477193	0.0	-100.0	3	1.0375817338538347	14.258686280560982	138.0	32	1.05	0.95				
	307	2	62.81635557017544	12.563271114035087	0.0	0.0	3	0.9899584285185947	9.454394766432454	138.0	32	1.05	0.95				
	308	1	85.93277442	17.588579559649123	0.0	0.0	3	0.9975978608228633	11.727746602569086	138.0	32	1.05	0.95				
	309	1	87.94289779824561	18.091110404210525	0.0	0.0	3	1.0266480450007376	18.335144373139013	138.0	33	1.05	0.95				
	310	1	97.99351468947368	20.10123378245614	0.0	0.0	3	1.05	16.63712200875858	138.0	33	1.05	0.95				
	311	1	0.0	0.0	0.0	0.0	3	1.0094041196388	21.757514258515773	230.0	33	1.05	0.95				
	312	1	0.0	0.0	0.0	0.0	3	1.0146289155425157	22.019196248014993	230.0	33	1.05	0.95				
	313	2	133.1706738087719	27.13666560631579	0.0	0.0	3	1.0148981872164033	26.01637166886323	230.0	34	1.05	0.95				
	314	2	97.49098384491228	19.59870293789474	0.0	0.0	3	1.0074728767006056	22.380670602078865	230.0	36	1.05	0.95				
	315	2	159.3022777259649	32.161974051929825	0.0	0.0	3	1.0382564036540478	21.79864839441976	230.0	36	1.05	0.95				
	316	2	50.25308445614035	10.05061689122807	0.0	0.0	3	1.0338707506927778	22.31977921184827	230.0	36	1.05	0.95				
	317	1	0.0	0.0	0.0	0.0	3	1.05	24.80116680271135	230.0	37	1.05	0.95				
	318	2	167.34277123894736	34.17209743017544	0.0	0.0	3	1.0486253069967564	21.644936814749595	230.0	37	1.05	0.95				
	319	1	90.95808286561405	18.59364124877193	0.0	0.0	3	1.0291921114657596	22.61350675756246	230.0	35	1.05	0.95				
	320	1	64.32394810385965	13.065801958596493	0.0	0.0	3	1.026037279517255	22.64655939690644	230.0	35	1.05	0.95				
	321	2	0.0	0.0	0.0	0.0	3	1.045789956788965	22.353572173507743	230.0	37	1.05	0.95				
	322	2	0.0	0.0	0.0	0.0	3	1.05	27.65689668529708	230.0	37	1.05	0.95				
	323	2	0.0	0.0	0.0	0.0	3	1.024376611932069	22.718668544851457	230.0	35	1.05	0.95				
	324	1	0.0	0.0	0.0	0.0	3	1.0370944996038451	23.49213860597645	230.0	36	1.05	0.95				
	325	1	0.0	0.0	0.0	0.0	3	1.0277481173166123	22.512268374064522	230.0	35	1.05	0.95				
];
