%% MATPOWER Case Format : Version 2
function mpc = RTS_GMLC
mpc.version = '2';

%%-----  Power Flow Data  -----%%
%% system MVA base
mpc.baseMVA = 100.0;
%% bus data
%    bus_i    type    Pd    Qd    Gs    Bs    area    Vm    Va    baseKV    zone    Vmax    Vmin
mpc.bus = [
	101	2	38.79663533052632	7.903018308070177	0.0	0.0	1	1.0215477084684406	-1.8950423896959123	138.0	11	1.05	0.95				
	102	2	34.845126176491235	7.184562098245616	0.0	0.0	1	1.020616777516549	-2.1306616644870333	138.0	12	1.05	0.95				
	103	1	64.66105888421053	13.291439881754389	0.0	0.0	1	1.031071802449677	0.05807388521015774	138.0	11	1.05	0.95				
	104	1	26.582879763508778	5.3884215736842105	0.0	0.0	1	1.0206674572065233	-2.7971023977443115	138.0	11	1.05	0.95				
	105	1	25.505195448771932	5.029193468771931	0.0	0.0	1	1.0314225186263788	-3.681647013437598	138.0	11	1.05	0.95				
	106	1	48.855022268070186	10.058386937543862	0.0	-100.0	1	1.0451235429996695	-5.112682826406663	138.0	12	1.05	0.95				
	107	2	44.90351311403509	8.98070262280702	0.0	0.0	1	1.0028313384093976	-9.1738622460177	138.0	12	1.05	0.95				
	108	1	61.428005940000006	12.572983671929824	0.0	0.0	1	1.0081336881841974	-7.942414805834422	138.0	12	1.05	0.95				
	109	1	62.86491835964914	12.932211776842106	0.0	0.0	1	1.0250289579908096	-2.9291025031960207	138.0	13	1.05	0.95				
	110	1	70.04948045789475	14.369124196491232	0.0	0.0	1	1.05	-4.326758148776641	138.0	13	1.05	0.95				
	111	1	0.0	0.0	0.0	0.0	1	1.0020025000824553	-1.0040978638926412	230.0	13	1.05	0.95				
	112	1	0.0	0.0	0.0	0.0	1	1.0061283683559261	-1.4145182308858306	230.0	13	1.05	0.95				
	113	3	95.1954478017544	19.39831766526316	0.0	0.0	1	0.9937699700455986	6.2227693638931215e-31	230.0	14	1.05	0.95				
	114	2	69.69025235298247	14.00989609157895	0.0	0.0	1	0.9987619496270588	0.900697763301193	230.0	16	1.05	0.95				
	115	2	113.87530925719301	22.990598714385968	0.0	0.0	1	1.0330079580601899	6.756035334335178	230.0	16	1.05	0.95				
	116	2	35.92281049122808	7.184562098245616	0.0	0.0	1	1.0284096768960251	5.656741614854454	230.0	16	1.05	0.95				
	117	1	0.0	0.0	0.0	0.0	1	1.0368834739301795	9.045230693566134	230.0	17	1.05	0.95				
	118	2	119.6229589357895	24.427511134035093	0.0	0.0	1	1.040535296764265	9.827133513184336	230.0	17	1.05	0.95				
	119	1	65.02028698912282	13.291439881754389	0.0	0.0	1	1.0183649140461282	3.4386460407669626	230.0	15	1.05	0.95				
	120	1	45.981197428771935	9.339930727719299	0.0	0.0	1	1.0120280096955812	1.790854734073298	230.0	15	1.05	0.95				
	121	2	0.0	0.0	0.0	0.0	1	1.0428919434731088	11.028723452578665	230.0	17	1.05	0.95				
	122	2	0.0	0.0	0.0	0.0	1	1.05	16.754984076557765	230.0	17	1.05	0.95				
	123	2	0.0	0.0	0.0	0.0	1	1.008910574218469	1.1640628417654115	230.0	15	1.05	0.95				
	124	1	0.0	0.0	0.0	0.0	1	1.0234449046393128	4.229128305478083	230.0	16	1.05	0.95				
	201	2	38.657642058947374	7.87470486385965	0.0	0.0	2	1.0175592790884616	-10.826345386039455	138.0	21	1.05	0.95				
	202	2	34.72028962701754	7.1588226035087725	0.0	0.0	2	1.016722437187232	-11.064769164132205	138.0	22	1.05	0.95				
	203	1	64.42940343157895	13.243821816491227	0.0	0.0	2	1.0149373975526033	-8.42811975562268	138.0	21	1.05	0.95				
	204	1	26.487643632982454	5.369116952631579	0.0	0.0	2	1.0146343823963508	-10.68621429823234	138.0	21	1.05	0.95				
	205	1	25.413820242456143	5.011175822456141	0.0	0.0	2	1.0295686203840002	-10.971849179171548	138.0	21	1.05	0.95				
	206	1	48.67999370385965	10.022351644912282	0.0	-100.0	2	1.0446322096606817	-11.5214313138361	138.0	22	1.05	0.95				
	207	2	44.74264127192983	8.948528254385964	0.0	0.0	2	1.0006373417478247	-15.78599021001451	138.0	22	1.05	0.95				
	208	1	61.207933260000004	12.52793955614035	0.0	0.0	2	1.006047209776591	-14.200592368820033	138.0	22	1.05	0.95				
	209	1	62.63969778070175	12.88588068631579	0.0	0.0	2	1.0227252079108111	-8.889240888221448	138.0	23	1.05	0.95				
	210	1	69.79852038421053	14.317645207017545	0.0	0.0	2	1.05	-9.964902081095332	138.0	23	1.05	0.95				
	211	1	0.0	0.0	0.0	0.0	2	0.9995753945202032	-7.177701870590834	230.0	23	1.05	0.95				
	212	1	0.0	0.0	0.0	0.0	2	1.005739167436507	-3.54726489142145	230.0	23	1.05	0.95				
	213	2	94.85439949649123	19.328821029473687	0.0	0.0	2	0.9903608085877851	-5.814530179756602	230.0	24	1.05	0.95				
	214	2	69.44057925403509	13.959704076842105	0.0	0.0	2	0.9947530800444566	-5.953361924113702	230.0	26	1.05	0.95				
	215	2	113.46733826561403	22.90823233122807	0.0	0.0	2	1.0118771203407215	-0.8438340543982208	230.0	26	1.05	0.95				
	216	2	35.79411301754386	7.1588226035087725	0.0	0.0	2	1.0093675367120356	-2.006308723072079	230.0	26	1.05	0.95				
	217	1	0.0	0.0	0.0	0.0	2	1.0159956562548658	-0.20740337476825427	230.0	27	1.05	0.95				
	218	2	119.19439634842107	24.339996851929826	0.0	0.0	2	1.0160294752300565	-0.4184355187891896	230.0	27	1.05	0.95				
	219	1	64.7873445617544	13.243821816491227	0.0	0.0	2	1.0045599478803409	-3.1872046065514934	230.0	25	1.05	0.95				
	220	1	45.81646466245614	9.306469384561405	0.0	0.0	2	1.0027683567161776	-3.4876640331379978	230.0	25	1.05	0.95				
	221	2	0.0	0.0	0.0	0.0	2	1.0182013153722371	0.24365933538952955	230.0	27	1.05	0.95				
	222	2	0.0	0.0	0.0	0.0	2	1.0400780040861801	6.683221666832824	230.0	27	1.05	0.95				
	223	2	0.0	0.0	0.0	0.0	2	1.0020424936849301	-3.3624266387796817	230.0	25	1.05	0.95				
	224	1	0.0	0.0	0.0	0.0	2	1.003511166209672	-3.7226557073201585	230.0	26	1.05	0.95				
	301	2	52.838342298947374	10.763366023859648	0.0	0.0	3	1.000309262877717	-3.499646528548473	138.0	31	1.05	0.95				
	302	2	47.45665928701754	9.784878203508772	0.0	0.0	3	1.0001927859127917	-3.5342475965343945	138.0	32	1.05	0.95				
	303	1	88.06390383157894	18.102024676491226	0.0	0.0	3	1.0117138880119396	-1.0019980678887	138.0	31	1.05	0.95				
	304	1	36.20404935298245	7.338658652631579	0.0	0.0	3	1.0045679328522965	-1.9431925442323652	138.0	31	1.05	0.95				
	305	1	34.736317622456134	6.8494147424561405	0.0	0.0	3	1.0179663429518746	-1.8956125712268082	138.0	31	1.05	0.95				
	306	1	66.53717178385965	13.698829484912281	0.0	-100.0	3	1.03649380311676	-1.575475023557892	138.0	32	1.05	0.95				
	307	2	61.155488771929825	12.231097754385964	0.0	0.0	3	0.9969143605442328	-4.727327353176032	138.0	32	1.05	0.95				
	308	1	83.66070864	17.123536856140348	0.0	0.0	3	1.0060754223925499	-2.5753730795650696	138.0	32	1.05	0.95				
	309	1	85.61768428070174	17.61278076631579	0.0	0.0	3	1.0242567903918314	1.3641013894965426	138.0	33	1.05	0.95				
	310	1	95.40256248421052	19.569756407017543	0.0	0.0	3	1.05	1.2705490946365714	138.0	33	1.05	0.95				
	311	1	0.0	0.0	0.0	0.0	3	1.0074049521976025	6.121504889418094	230.0	33	1.05	0.95				
	312	1	0.0	0.0	0.0	0.0	3	1.0130143506152356	7.3258870865174925	230.0	33	1.05	0.95				
	313	2	129.6496361964912	26.419171149473687	0.0	0.0	3	1.0181793462996216	12.187413156699531	230.0	34	1.05	0.95				
	314	2	94.91331857403507	19.080512496842104	0.0	0.0	3	1.0041740729633692	5.6578221751952364	230.0	36	1.05	0.95				
	315	2	155.09031952561404	31.311610251228068	0.0	0.0	3	1.0156652883072144	1.4441203057853278	230.0	36	1.05	0.95				
	316	2	48.924391017543854	9.784878203508772	0.0	0.0	3	1.0165990516112593	2.512340169812075	230.0	36	1.05	0.95				
	317	1	0.0	0.0	0.0	0.0	3	1.0186308867096563	1.7757153127835459	230.0	37	1.05	0.95				
	318	2	162.91822208842103	33.268585891929824	0.0	0.0	3	1.016079767659333	0.8049611096321242	230.0	37	1.05	0.95				
	319	1	88.55314774175437	18.102024676491226	0.0	0.0	3	1.0179024149470743	5.346876955134029	230.0	35	1.05	0.95				
	320	1	62.623220502456135	12.720341664561403	0.0	0.0	3	1.0207863201555962	7.312273925986034	230.0	35	1.05	0.95				
	321	2	0.0	0.0	0.0	0.0	3	1.018041647283625	1.5939178129071692	230.0	37	1.05	0.95				
	322	2	0.0	0.0	0.0	0.0	3	1.031861653615622	6.125787596628218	230.0	37	1.05	0.95				
	323	2	0.0	0.0	0.0	0.0	3	1.0221185355204128	8.05679531130001	230.0	35	1.05	0.95				
	324	1	0.0	0.0	0.0	0.0	3	1.0113164468226634	2.3886277374898404	230.0	36	1.05	0.95				
	325	1	0.0	0.0	0.0	0.0	3	1.0240972240066233	8.320404420622923	230.0	35	1.05	0.95				
];
