%% MATPOWER Case Format : Version 2
function mpc = RTS_GMLC
mpc.version = '2';

%%-----  Power Flow Data  -----%%
%% system MVA base
mpc.baseMVA = 100.0;
%% bus data
%    bus_i    type    Pd    Qd    Gs    Bs    area    Vm    Va    baseKV    zone    Vmax    Vmin
mpc.bus = [
	101	2	60.212271145263166	12.265462640701754	0.0	0.0	1	1.0307132047273024	-0.3006530031829725	138.0	11	1.05	0.95				
	102	2	54.07953982491228	11.15042058245614	0.0	0.0	1	1.0302723435003318	-0.4505836089434327	138.0	12	1.05	0.95				
	103	1	100.35378524210526	20.628278077543857	0.0	0.0	1	1.0248504017822733	-1.6568552395899374	138.0	11	1.05	0.95				
	104	1	41.256556155087715	8.362815436842103	0.0	0.0	1	1.0183342623028921	-3.376233034213715	138.0	11	1.05	0.95				
	105	1	39.58399306771929	7.805294407719298	0.0	0.0	1	1.0328872532930244	-3.2572818901320075	138.0	11	1.05	0.95				
	106	1	75.82285996070176	15.610588815438597	0.0	-100.0	1	1.041217220162551	-5.459613265769896	138.0	12	1.05	0.95				
	107	2	69.69012864035086	13.938025728070174	0.0	0.0	1	1.0255725122187993	-6.025158301052999	138.0	12	1.05	0.95				
	108	1	95.33609598	19.513236019298244	0.0	0.0	1	1.016759180077966	-6.9172079214969635	138.0	12	1.05	0.95				
	109	1	97.56618009649122	20.07075704842105	0.0	0.0	1	1.0258664004924365	-3.504241035750587	138.0	13	1.05	0.95				
	110	1	108.71660067894734	22.30084116491228	0.0	0.0	1	1.05	-4.487228549677672	138.0	13	1.05	0.95				
	111	1	0.0	0.0	0.0	0.0	1	1.007183935091942	-1.2160266721728923	230.0	13	1.05	0.95				
	112	1	0.0	0.0	0.0	0.0	1	1.012128566235774	-0.6629316389135945	230.0	13	1.05	0.95				
	113	3	147.74307271754387	30.106135572631583	0.0	0.0	1	1.0040705822026055	-1.274055308517106e-27	230.0	14	1.05	0.95				
	114	2	108.15907964982456	21.743320135789475	0.0	0.0	1	1.0046225699670979	0.6103072889885602	230.0	16	1.05	0.95				
	115	2	176.7341662319298	35.68134586385965	0.0	0.0	1	1.040655796891329	6.877797674823602	230.0	16	1.05	0.95				
	116	2	55.7521029122807	11.15042058245614	0.0	0.0	1	1.0372013229332997	6.482571918328524	230.0	16	1.05	0.95				
	117	1	0.0	0.0	0.0	0.0	1	1.0431302518342038	8.813360907074854	230.0	17	1.05	0.95				
	118	2	185.65450269789474	37.91142998035088	0.0	0.0	1	1.0460274904498656	8.784794898542362	230.0	17	1.05	0.95				
	119	1	100.91130627122806	20.628278077543857	0.0	0.0	1	1.0309729402393264	5.298637876932447	230.0	15	1.05	0.95				
	120	1	71.3626917277193	14.495546757192981	0.0	0.0	1	1.0300850758206397	5.33770997457394	230.0	15	1.05	0.95				
	121	2	0.0	0.0	0.0	0.0	1	1.0499682212267514	10.0321450321142	230.0	17	1.05	0.95				
	122	2	0.0	0.0	0.0	0.0	1	1.05	18.471045143289118	230.0	17	1.05	0.95				
	123	2	0.0	0.0	0.0	0.0	1	1.0307570098139223	5.782489688337262	230.0	15	1.05	0.95				
	124	1	0.0	0.0	0.0	0.0	1	1.0239274605221882	3.7023138278225574	230.0	16	1.05	0.95				
	201	2	64.08940657263159	13.055249487017544	0.0	0.0	2	1.0324096521716173	-12.01562564902978	138.0	21	1.05	0.95				
	202	2	57.56178182912281	11.868408624561406	0.0	0.0	2	1.0326066102945803	-12.097161970914813	138.0	22	1.05	0.95				
	203	1	106.81567762105264	21.9565559554386	0.0	0.0	2	1.0219224806978988	-9.799329538957348	138.0	21	1.05	0.95				
	204	1	43.9131119108772	8.901306468421053	0.0	0.0	2	1.0177285097072954	-14.312484853219875	138.0	21	1.05	0.95				
	205	1	42.13285061719298	8.307886037192985	0.0	0.0	2	1.0334919348508083	-14.6114170681093	138.0	21	1.05	0.95				
	206	1	80.70517864701755	16.61577207438597	0.0	-100.0	2	1.0409711640903865	-16.630987612421556	138.0	22	1.05	0.95				
	207	2	74.17755390350878	14.835510780701755	0.0	0.0	2	0.9879592855991078	-25.583455192005623	138.0	22	1.05	0.95				
	208	1	101.47489374	20.769715092982455	0.0	0.0	2	0.988658683212756	-22.73753736011962	138.0	22	1.05	0.95				
	209	1	103.84857546491229	21.363135524210527	0.0	0.0	2	1.0237050769757752	-13.714886277921044	138.0	23	1.05	0.95				
	210	1	115.71698408947368	23.73681724912281	0.0	0.0	2	1.05	-15.367618551448109	138.0	23	1.05	0.95				
	211	1	0.0	0.0	0.0	0.0	2	1.0151792660898191	-10.432100705144466	230.0	23	1.05	0.95				
	212	1	0.0	0.0	0.0	0.0	2	1.0146522396305853	-9.54869388549644	230.0	23	1.05	0.95				
	213	2	157.2564142754386	32.044703286315794	0.0	0.0	2	1.015301067662591	-9.191204025348714	230.0	24	1.05	0.95				
	214	2	115.12356365824562	23.143396817894736	0.0	0.0	2	1.0234922641058852	-7.406556395909304	230.0	26	1.05	0.95				
	215	2	188.11427669929824	37.97890759859649	0.0	0.0	2	1.03557283224103	0.7021272739557045	230.0	26	1.05	0.95				
	216	2	59.34204312280702	11.868408624561406	0.0	0.0	2	1.0386940502496735	0.49299448684334674	230.0	26	1.05	0.95				
	217	1	0.0	0.0	0.0	0.0	2	1.04128699074537	3.5477109462729275	230.0	27	1.05	0.95				
	218	2	197.60900359894737	40.352589323508774	0.0	0.0	2	1.042638980657857	3.9174329836630335	230.0	27	1.05	0.95				
	219	1	107.40909805228071	21.9565559554386	0.0	0.0	2	1.0385537441988497	-0.18790807446460966	230.0	25	1.05	0.95				
	220	1	75.95781519719299	15.428931211929825	0.0	0.0	2	1.0431790449128249	0.34533627643222486	230.0	25	1.05	0.95				
	221	2	0.0	0.0	0.0	0.0	2	1.0423046403767082	3.605369195334311	230.0	27	1.05	0.95				
	222	2	0.0	0.0	0.0	0.0	2	1.05	10.087410097176297	230.0	27	1.05	0.95				
	223	2	0.0	0.0	0.0	0.0	2	1.0471339074056178	1.0722275861527508	230.0	25	1.05	0.95				
	224	1	0.0	0.0	0.0	0.0	2	1.0174240407404236	-3.219115907975245	230.0	26	1.05	0.95				
	301	2	57.826637128421055	11.779500155789474	0.0	0.0	3	1.0115237203719543	-13.933219680569112	138.0	31	1.05	0.95				
	302	2	51.936887050526316	10.708636505263158	0.0	0.0	3	1.0105749792542804	-14.12584959121303	138.0	32	1.05	0.95				
	303	1	96.37772854736842	19.810977534736843	0.0	0.0	3	1.0412516846696964	-3.969255983168013	138.0	31	1.05	0.95				
	304	1	39.621955069473685	8.031477378947368	0.0	0.0	3	1.011747210293938	-11.888901316263857	138.0	31	1.05	0.95				
	305	1	38.01565959368421	7.496045553684212	0.0	0.0	3	1.0239162637650299	-14.102941786147694	138.0	31	1.05	0.95				
	306	1	72.81872823578948	14.992091107368424	0.0	-100.0	3	1.0379741241485823	-14.79220494030013	138.0	32	1.05	0.95				
	307	2	66.92897815789473	13.385795631578947	0.0	0.0	3	0.9928089859523298	-20.01901861580505	138.0	32	1.05	0.95				
	308	1	91.55884212000001	18.740113884210526	0.0	0.0	3	0.9956068939460693	-17.516777130361223	138.0	32	1.05	0.95				
	309	1	93.70056942105263	19.275545709473686	0.0	0.0	3	1.0313958592642498	-7.900857388651642	138.0	33	1.05	0.95				
	310	1	104.40920592631579	21.417273010526316	0.0	0.0	3	1.05	-12.552632975902103	138.0	33	1.05	0.95				
	311	1	0.0	0.0	0.0	0.0	3	1.0142395860528994	-6.400778976536892	230.0	33	1.05	0.95				
	312	1	0.0	0.0	0.0	0.0	3	1.0160583840159656	-6.019376001938913	230.0	33	1.05	0.95				
	313	2	141.88943369473682	28.913318564210527	0.0	0.0	3	1.0145064740349645	-3.5852469306803885	230.0	34	1.05	0.95				
	314	2	103.87377410105263	20.88184118526316	0.0	0.0	3	1.0176448886834377	-4.956369841999716	230.0	36	1.05	0.95				
	315	2	169.73188860842106	34.267636816842106	0.0	0.0	3	1.0441315927117791	0.4284413254288913	230.0	36	1.05	0.95				
	316	2	53.54318252631579	10.708636505263158	0.0	0.0	3	1.0417686597867915	0.2904846219599887	230.0	36	1.05	0.95				
	317	1	0.0	0.0	0.0	0.0	3	1.0499999996514393	3.9743234231631184	230.0	37	1.05	0.95				
	318	2	178.2987978126316	36.40936411789474	0.0	0.0	3	1.048551364795715	3.0366989353195177	230.0	37	1.05	0.95				
	319	1	96.9131603726316	19.810977534736843	0.0	0.0	3	1.0340819565785113	-1.140459038448927	230.0	35	1.05	0.95				
	320	1	68.53527363368421	13.921227456842105	0.0	0.0	3	1.0317651614259382	-1.3680028877871062	230.0	35	1.05	0.95				
	321	2	0.0	0.0	0.0	0.0	3	1.0498318368871693	3.6234426065568415	230.0	37	1.05	0.95				
	322	2	0.0	0.0	0.0	0.0	3	1.05	8.108595950475898	230.0	37	1.05	0.95				
	323	2	0.0	0.0	0.0	0.0	3	1.0314972480475662	-1.0871388271965516	230.0	35	1.05	0.95				
	324	1	0.0	0.0	0.0	0.0	3	1.036150041209461	-1.2238923034036329	230.0	36	1.05	0.95				
	325	1	0.0	0.0	0.0	0.0	3	1.0304738463399081	-0.14362974044950336	230.0	35	1.05	0.95				
];
