%% MATPOWER Case Format : Version 2
function mpc = RTS_GMLC
mpc.version = '2';

%%-----  Power Flow Data  -----%%
%% system MVA base
mpc.baseMVA = 100.0;
%% bus data
%    bus_i    type    Pd    Qd    Gs    Bs    area    Vm    Va    baseKV    zone    Vmax    Vmin
mpc.bus = [
	101	2	70.33894112842106	14.328302822456141	0.0	0.0	1	1.05	1.3037578410430664	138.0	11	1.05	0.95				
	102	2	63.17478971719298	13.025729838596492	0.0	0.0	1	1.0491376690481946	0.9019736338037071	138.0	12	1.05	0.95				
	103	1	117.23156854736843	24.09760020140351	0.0	0.0	1	1.0319479599304284	0.1021928429786696	138.0	11	1.05	0.95				
	104	1	48.19520040280702	9.769297378947368	0.0	0.0	1	1.0275037291920277	-2.633267414493542	138.0	11	1.05	0.95				
	105	1	46.241340927017546	9.118010887017546	0.0	0.0	1	1.040289035376064	-3.087365562556152	138.0	11	1.05	0.95				
	106	1	88.57496290245615	18.23602177403509	0.0	-100.0	1	1.0420662376324328	-6.233763435131667	138.0	12	1.05	0.95				
	107	2	81.41081149122807	16.282162298245613	0.0	0.0	1	0.9995114739700421	-13.527925490654226	138.0	12	1.05	0.95				
	108	1	111.36999012	22.795027217543858	0.0	0.0	1	0.9958533993778701	-11.890171081364086	138.0	12	1.05	0.95				
	109	1	113.97513608771929	23.446313709473685	0.0	0.0	1	1.0256577638142508	-4.116626158250812	138.0	13	1.05	0.95				
	110	1	127.00086592631578	26.051459677192984	0.0	0.0	1	1.05	-5.5765507764554005	138.0	13	1.05	0.95				
	111	1	0.0	0.0	0.0	0.0	1	1.013212866221472	-1.5454097267296805	230.0	13	1.05	0.95				
	112	1	0.0	0.0	0.0	0.0	1	1.0150424580533213	-1.4229794430580331	230.0	13	1.05	0.95				
	113	3	172.5909203614035	35.16947056421053	0.0	0.0	1	1.0119064971650573	-7.791932482009307e-30	230.0	14	1.05	0.95				
	114	2	126.34957943438596	25.40017318526316	0.0	0.0	1	1.01688243677054	0.4533651627315547	230.0	16	1.05	0.95				
	115	2	206.4578179417544	41.68233548350877	0.0	0.0	1	1.0422743671016503	8.564168209086157	230.0	16	1.05	0.95				
	116	2	65.12864919298245	13.025729838596492	0.0	0.0	1	1.0393611915702001	7.225198221500124	230.0	16	1.05	0.95				
	117	1	0.0	0.0	0.0	0.0	1	1.0446130883874158	11.504167897660219	230.0	17	1.05	0.95				
	118	2	216.8784018126316	44.287481451228075	0.0	0.0	1	1.0487684608146735	12.664605849946755	230.0	17	1.05	0.95				
	119	1	117.88285503929825	24.09760020140351	0.0	0.0	1	1.0311191148912	5.06318841897726	230.0	15	1.05	0.95				
	120	1	83.36467096701755	16.93344879017544	0.0	0.0	1	1.029054108423762	3.853096426350987	230.0	15	1.05	0.95				
	121	2	0.0	0.0	0.0	0.0	1	1.05	14.70513317023551	230.0	17	1.05	0.95				
	122	2	0.0	0.0	0.0	0.0	1	1.05	20.054612681365384	230.0	17	1.05	0.95				
	123	2	0.0	0.0	0.0	0.0	1	1.0294791666923906	3.6795301458282585	230.0	15	1.05	0.95				
	124	1	0.0	0.0	0.0	0.0	1	1.0276634760166903	5.397316967393447	230.0	16	1.05	0.95				
	201	2	66.11238784421053	13.467338264561404	0.0	0.0	2	1.019070203665711	-11.611612782545263	138.0	21	1.05	0.95				
	202	2	59.37871871192982	12.243034785964912	0.0	0.0	2	1.0193347190940683	-11.588557021128324	138.0	22	1.05	0.95				
	203	1	110.18731307368421	22.649614354035087	0.0	0.0	2	1.0137923118327943	-9.873595247721603	138.0	21	1.05	0.95				
	204	1	45.299228708070174	9.182276089473685	0.0	0.0	2	1.0122443114072472	-11.373311555282514	138.0	21	1.05	0.95				
	205	1	43.46277349017544	8.57012435017544	0.0	0.0	2	1.0266529262932635	-11.739230953301156	138.0	21	1.05	0.95				
	206	1	83.25263654456141	17.14024870035088	0.0	-100.0	2	1.0378592417266823	-12.413870593155476	138.0	22	1.05	0.95				
	207	2	76.5189674122807	15.30379348245614	0.0	0.0	2	0.9906041861596264	-20.711447083274763	138.0	22	1.05	0.95				
	208	1	104.67794742000001	21.425310875438598	0.0	0.0	2	0.9897843869735227	-17.762541124257634	138.0	22	1.05	0.95				
	209	1	107.12655437719299	22.037462614736842	0.0	0.0	2	1.0258240357164081	-8.68724123529538	138.0	23	1.05	0.95				
	210	1	119.3695891631579	24.486069571929825	0.0	0.0	2	1.05	-9.909866018258302	138.0	23	1.05	0.95				
	211	1	0.0	0.0	0.0	0.0	2	1.01693033566989	-5.107127988494332	230.0	23	1.05	0.95				
	212	1	0.0	0.0	0.0	0.0	2	1.0201320399579692	0.6515614237555863	230.0	23	1.05	0.95				
	213	2	162.22021091403508	33.056193922105265	0.0	0.0	2	1.0238295703404885	-1.6516935935119679	230.0	24	1.05	0.95				
	214	2	118.75743742385964	23.87391783263158	0.0	0.0	2	1.0206318221518618	-3.9484560246615823	230.0	26	1.05	0.95				
	215	2	194.05210135754385	39.17771131508772	0.0	0.0	2	1.0342249226600806	1.0478002262981343	230.0	26	1.05	0.95				
	216	2	61.21517392982456	12.243034785964912	0.0	0.0	2	1.0356272727277231	1.4592893166617897	230.0	26	1.05	0.95				
	217	1	0.0	0.0	0.0	0.0	2	1.0369584281563815	2.1416476796759008	230.0	27	1.05	0.95				
	218	2	203.84652918631582	41.626318272280706	0.0	0.0	2	1.0350919963563383	1.3732331028127753	230.0	27	1.05	0.95				
	219	1	110.79946481298246	22.649614354035087	0.0	0.0	2	1.0365096807412753	3.14519337975324	230.0	25	1.05	0.95				
	220	1	78.35542263017544	15.915945221754388	0.0	0.0	2	1.0434247166017685	5.759529373674286	230.0	25	1.05	0.95				
	221	2	0.0	0.0	0.0	0.0	2	1.03719627128916	2.0721326131073345	230.0	27	1.05	0.95				
	222	2	0.0	0.0	0.0	0.0	2	1.05	8.599256883762482	230.0	27	1.05	0.95				
	223	2	0.0	0.0	0.0	0.0	2	1.05	7.627359085331254	230.0	25	1.05	0.95				
	224	1	0.0	0.0	0.0	0.0	2	1.013038616883878	-3.0037919828048314	230.0	26	1.05	0.95				
	301	2	51.9158494231579	10.575450808421055	0.0	0.0	3	0.999935814365915	20.554507644380468	138.0	31	1.05	0.95				
	302	2	46.62812401894737	9.614046189473685	0.0	0.0	3	0.9997365048336437	20.567358892507322	138.0	32	1.05	0.95				
	303	1	86.52641570526318	17.78598545052632	0.0	0.0	3	1.016904383535284	21.702685240457193	138.0	31	1.05	0.95				
	304	1	35.57197090105264	7.210534642105264	0.0	0.0	3	1.0056164716177025	22.340534980767817	138.0	31	1.05	0.95				
	305	1	34.12986397263158	6.72983233263158	0.0	0.0	3	1.0177733926566748	22.328806401591844	138.0	31	1.05	0.95				
	306	1	65.37551408842106	13.45966466526316	0.0	-100.0	3	1.036582787542014	22.75615648862162	138.0	32	1.05	0.95				
	307	2	60.08778868421053	12.017557736842106	0.0	0.0	3	0.9744081846682238	19.797234723970433	138.0	32	1.05	0.95				
	308	1	82.20009492000001	16.82458083157895	0.0	0.0	3	0.9933350436153418	21.839852638219362	138.0	32	1.05	0.95				
	309	1	84.12290415789474	17.305283141052634	0.0	0.0	3	1.026399460265038	25.749144745525616	138.0	33	1.05	0.95				
	310	1	93.73695034736843	19.22809237894737	0.0	0.0	3	1.05	25.635615828712755	138.0	33	1.05	0.95				
	311	1	0.0	0.0	0.0	0.0	3	1.0090992862117225	31.004018476138217	230.0	33	1.05	0.95				
	312	1	0.0	0.0	0.0	0.0	3	1.018290955648191	31.852496489902034	230.0	33	1.05	0.95				
	313	2	127.38611201052632	25.95792471157895	0.0	0.0	3	1.030189573628251	39.545658899493404	230.0	34	1.05	0.95				
	314	2	93.25624803789474	18.74739006947369	0.0	0.0	3	1.0051185464225914	28.78426482617874	230.0	36	1.05	0.95				
	315	2	152.3826321031579	30.764947806315796	0.0	0.0	3	1.0349620316533008	21.44001232132472	230.0	36	1.05	0.95				
	316	2	48.07023094736842	9.614046189473685	0.0	0.0	3	1.0369068610694714	22.725963996960925	230.0	36	1.05	0.95				
	317	1	0.0	0.0	0.0	0.0	3	1.04273286396809	20.9517705110682	230.0	37	1.05	0.95				
	318	2	160.07386905473686	32.68775704421053	0.0	0.0	3	1.043107463165606	19.45298785195711	230.0	37	1.05	0.95				
	319	1	87.00711801473685	17.78598545052632	0.0	0.0	3	1.0380871357183785	25.6473908886529	230.0	35	1.05	0.95				
	320	1	61.52989561263159	12.498260046315792	0.0	0.0	3	1.0403665464852694	27.53797382701245	230.0	35	1.05	0.95				
	321	2	0.0	0.0	0.0	0.0	3	1.0415794370065508	20.687632997989464	230.0	37	1.05	0.95				
	322	2	0.0	0.0	0.0	0.0	3	1.05	25.114485655689577	230.0	37	1.05	0.95				
	323	2	0.0	0.0	0.0	0.0	3	1.0405092398187805	27.967434422299014	230.0	35	1.05	0.95				
	324	1	0.0	0.0	0.0	0.0	3	1.0266098803462815	23.36468961938414	230.0	36	1.05	0.95				
	325	1	0.0	0.0	0.0	0.0	3	1.0423148718596276	26.846251621051657	230.0	35	1.05	0.95				
];
