%% MATPOWER Case Format : Version 2
function mpc = RTS_GMLC
mpc.version = '2';

%%-----  Power Flow Data  -----%%
%% system MVA base
mpc.baseMVA = 100.0;
%% bus data
%    bus_i    type    Pd    Qd    Gs    Bs    area    Vm    Va    baseKV    zone    Vmax    Vmin
mpc.bus = [
	101	2	72.32953983157896	14.73379515087719	0.0	0.0	1	1.0484530973839883	0.3856651428511474	138.0	11	1.05	0.95				
	102	2	64.96264225614034	13.394359228070174	0.0	0.0	1	1.047268108075079	-0.0023939727982174655	138.0	12	1.05	0.95				
	103	1	120.54923305263156	24.77956457192982	0.0	0.0	1	1.0310117413222948	-0.7170463467156653	138.0	11	1.05	0.95				
	104	1	49.55912914385964	10.045769421052631	0.0	0.0	1	1.0263274967486753	-3.3942398533917033	138.0	11	1.05	0.95				
	105	1	47.549975259649116	9.376051459649123	0.0	0.0	1	1.0394766905591974	-3.8109976097981817	138.0	11	1.05	0.95				
	106	1	91.0816427508772	18.752102919298245	0.0	-100.0	1	1.041267460006725	-6.860274334572394	138.0	12	1.05	0.95				
	107	2	83.7147451754386	16.74294903508772	0.0	0.0	1	1.0017144599306624	-14.425656684813594	138.0	12	1.05	0.95				
	108	1	114.52177139999999	23.4401286491228	0.0	0.0	1	0.9963341672073057	-12.657894632164554	138.0	12	1.05	0.95				
	109	1	117.20064324561403	24.10984661052631	0.0	0.0	1	1.025926580440787	-4.575635820293612	138.0	13	1.05	0.95				
	110	1	130.5950024736842	26.788718456140348	0.0	0.0	1	1.05	-6.0338423204129175	138.0	13	1.05	0.95				
	111	1	0.0	0.0	0.0	0.0	1	1.0134270900865185	-1.7201409082639711	230.0	13	1.05	0.95				
	112	1	0.0	0.0	0.0	0.0	1	1.0158249853480954	-1.3489458511122758	230.0	13	1.05	0.95				
	113	3	177.47525977192979	36.16476991578948	0.0	0.0	1	1.0138944780872226	7.760807307972867e-31	230.0	14	1.05	0.95				
	114	2	129.92528451228068	26.119000494736838	0.0	0.0	1	1.0165843188655472	0.40526246179619513	230.0	16	1.05	0.95				
	115	2	212.30059376491224	42.86194952982456	0.0	0.0	1	1.0448423660856372	8.352909096012336	230.0	16	1.05	0.95				
	116	2	66.97179614035088	13.394359228070174	0.0	0.0	1	1.0423529082474925	7.43126155516397	230.0	16	1.05	0.95				
	117	1	0.0	0.0	0.0	0.0	1	1.0456313392294272	10.727407328826638	230.0	17	1.05	0.95				
	118	2	223.0160811473684	45.5408213754386	0.0	0.0	1	1.0480490332716075	11.277139638675163	230.0	17	1.05	0.95				
	119	1	121.21895101403508	24.77956457192982	0.0	0.0	1	1.0352965409121595	5.686753408996632	230.0	15	1.05	0.95				
	120	1	85.72389905964911	17.41266699649123	0.0	0.0	1	1.0342287724515875	4.960786696139273	230.0	15	1.05	0.95				
	121	2	0.0	0.0	0.0	0.0	1	1.05	12.857412136757898	230.0	17	1.05	0.95				
	122	2	0.0	0.0	0.0	0.0	1	1.05	19.985617622210558	230.0	17	1.05	0.95				
	123	2	0.0	0.0	0.0	0.0	1	1.0352351063030343	5.062984315092273	230.0	15	1.05	0.95				
	124	1	0.0	0.0	0.0	0.0	1	1.0282128020178773	4.969360815948527	230.0	16	1.05	0.95				
	201	2	61.760428143157895	12.58082795508772	0.0	0.0	2	1.0302002623833948	-13.275975965825571	138.0	21	1.05	0.95				
	202	2	55.47001416561403	11.437116322807018	0.0	0.0	2	1.0305710575440463	-13.261927570954843	138.0	22	1.05	0.95				
	203	1	102.93404690526316	21.15866519719298	0.0	0.0	2	1.0184319797580812	-12.151514075531646	138.0	21	1.05	0.95				
	204	1	42.31733039438596	8.577837242105263	0.0	0.0	2	1.0173999786445305	-15.201315631580215	138.0	21	1.05	0.95				
	205	1	40.60176294596491	8.005981425964913	0.0	0.0	2	1.032847384197451	-15.434272417401042	138.0	21	1.05	0.95				
	206	1	77.77239099508773	16.011962851929827	0.0	-100.0	2	1.0413047196638958	-17.17541201039623	138.0	22	1.05	0.95				
	207	2	71.48197701754387	14.296395403508772	0.0	0.0	2	0.9885978387520375	-25.72215952138882	138.0	22	1.05	0.95				
	208	1	97.78734456	20.01495356491228	0.0	0.0	2	0.9901281323591888	-22.999462818745208	138.0	22	1.05	0.95				
	209	1	100.07476782456139	20.586809381052632	0.0	0.0	2	1.023908842443075	-14.458659121963677	138.0	23	1.05	0.95				
	210	1	111.5118841473684	22.874232645614036	0.0	0.0	2	1.05	-15.807054746083272	138.0	23	1.05	0.95				
	211	1	0.0	0.0	0.0	0.0	2	1.013965117343828	-10.792700435511318	230.0	23	1.05	0.95				
	212	1	0.0	0.0	0.0	0.0	2	1.0130353679999833	-9.82916605414059	230.0	23	1.05	0.95				
	213	2	151.54179127719297	30.880214071578948	0.0	0.0	2	1.0133462218189937	-9.329659434713331	230.0	24	1.05	0.95				
	214	2	110.94002833122806	22.302376829473683	0.0	0.0	2	1.0224042194903014	-7.721951411182156	230.0	26	1.05	0.95				
	215	2	181.27829371649122	36.598772232982455	0.0	0.0	2	1.0392595635445645	0.5895605765201423	230.0	26	1.05	0.95				
	216	2	57.18558161403509	11.437116322807018	0.0	0.0	2	1.0398039594676192	0.08498582816000798	230.0	26	1.05	0.95				
	217	1	0.0	0.0	0.0	0.0	2	1.0426996719243165	2.8710579861414436	230.0	27	1.05	0.95				
	218	2	190.42798677473684	38.886195497543866	0.0	0.0	2	1.043612500833619	3.096301722581709	230.0	27	1.05	0.95				
	219	1	103.5059027214035	21.15866519719298	0.0	0.0	2	1.0381660251205802	-0.45417513106239743	230.0	25	1.05	0.95				
	220	1	73.19754446596491	14.868251219649123	0.0	0.0	2	1.0412250591408447	0.1621345558675055	230.0	25	1.05	0.95				
	221	2	0.0	0.0	0.0	0.0	2	1.0438614212207746	3.0231434047352708	230.0	27	1.05	0.95				
	222	2	0.0	0.0	0.0	0.0	2	1.05	9.469615166350648	230.0	27	1.05	0.95				
	223	2	0.0	0.0	0.0	0.0	2	1.0442512965455948	0.9221551957737891	230.0	25	1.05	0.95				
	224	1	0.0	0.0	0.0	0.0	2	1.0154453292693384	-4.139901987757608	230.0	26	1.05	0.95				
	301	2	74.1752610063158	15.10977539017544	0.0	0.0	3	0.9873349265133059	-3.7246206035411737	138.0	31	1.05	0.95				
	302	2	66.62037331122808	13.736159445614035	0.0	0.0	3	0.9893805584206813	-3.8039514903147422	138.0	32	1.05	0.95				
	303	1	123.62543501052632	25.41189497438597	0.0	0.0	3	1.0041427615838978	0.3117847401426317	138.0	31	1.05	0.95				
	304	1	50.82378994877194	10.302119584210526	0.0	0.0	3	0.9870488019662622	-1.2105945305128671	138.0	31	1.05	0.95				
	305	1	48.76336603192982	9.615311611929826	0.0	0.0	3	0.9986818867754991	-1.3579641349388292	138.0	31	1.05	0.95				
	306	1	93.40588423017545	19.230623223859652	0.0	-100.0	3	1.0135461364700422	-0.8125331070016107	138.0	32	1.05	0.95				
	307	2	85.85099653508772	17.170199307017544	0.0	0.0	3	0.9653752577019966	-5.502577870865525	138.0	32	1.05	0.95				
	308	1	117.44416326	24.03827902982456	0.0	0.0	3	0.9759462173542242	-2.2352992463507775	138.0	32	1.05	0.95				
	309	1	120.1913951491228	24.725087002105266	0.0	0.0	3	1.0113909038378754	3.7932102177798277	138.0	33	1.05	0.95				
	310	1	133.92755459473685	27.47231889122807	0.0	0.0	3	1.0324293807920557	3.281019713019455	138.0	33	1.05	0.95				
	311	1	0.0	0.0	0.0	0.0	3	1.0034469962570658	10.657450610211546	230.0	33	1.05	0.95				
	312	1	0.0	0.0	0.0	0.0	3	1.0088571590038584	12.419798887057055	230.0	33	1.05	0.95				
	313	2	182.00411265438595	37.0876305031579	0.0	0.0	3	1.0361636206454252	20.452738552652114	230.0	34	1.05	0.95				
	314	2	133.24074662245616	26.78551091894737	0.0	0.0	3	1.0089046337978378	8.919307949879371	230.0	36	1.05	0.95				
	315	2	217.71812721298244	43.955710225964914	0.0	0.0	3	1.0334834170171299	3.6415697697063987	230.0	36	1.05	0.95				
	316	2	68.68079722807018	13.736159445614035	0.0	0.0	3	1.0340890576187134	5.235713695642011	230.0	36	1.05	0.95				
	317	1	0.0	0.0	0.0	0.0	3	1.0382595783024018	4.441856095781907	230.0	37	1.05	0.95				
	318	2	228.7070547694737	46.70294211508772	0.0	0.0	3	1.0363034524550512	3.1971332881401286	230.0	37	1.05	0.95				
	319	1	124.31224298280704	25.41189497438597	0.0	0.0	3	1.0318560537931334	8.487073458050663	230.0	35	1.05	0.95				
	320	1	87.91142045192983	17.857007279298248	0.0	0.0	3	1.0345146288074103	11.12440622533287	230.0	35	1.05	0.95				
	321	2	0.0	0.0	0.0	0.0	3	1.0372562073334797	3.9156709238204748	230.0	37	1.05	0.95				
	322	2	0.0	0.0	0.0	0.0	3	1.0499999879450757	8.43184844002904	230.0	37	1.05	0.95				
	323	2	0.0	0.0	0.0	0.0	3	1.0366309119943495	12.216284416754045	230.0	35	1.05	0.95				
	324	1	0.0	0.0	0.0	0.0	3	1.0189647233890144	4.401296153662014	230.0	36	1.05	0.95				
	325	1	0.0	0.0	0.0	0.0	3	1.038504387676966	12.277144587663184	230.0	35	1.05	0.95				
];
