%% MATPOWER Case Format : Version 2
function mpc = RTS_GMLC
mpc.version = '2';

%%-----  Power Flow Data  -----%%
%% system MVA base
mpc.baseMVA = 100.0;
%% bus data
%    bus_i    type    Pd    Qd    Gs    Bs    area    Vm    Va    baseKV    zone    Vmax    Vmin
mpc.bus = [
	101	2	61.24096981894736	12.475012370526315	0.0	0.0	1	1.041271340331017	1.5184941353601888	138.0	11	1.05	0.95				
	102	2	55.003463633684206	11.340920336842105	0.0	0.0	1	1.0388788647575595	0.8440565844454857	138.0	12	1.05	0.95				
	103	1	102.06828303157893	20.980702623157892	0.0	0.0	1	1.0316972452398674	2.0346878150907504	138.0	11	1.05	0.95				
	104	1	41.961405246315785	8.505690252631577	0.0	0.0	1	1.024220226043003	-1.9530154376490645	138.0	11	1.05	0.95				
	105	1	40.26026719578947	7.938644235789474	0.0	0.0	1	1.0373370887302376	-2.4428208190912453	138.0	11	1.05	0.95				
	106	1	77.11825829052631	15.877288471578948	0.0	-100.0	1	1.0424693688821622	-5.340097674817712	138.0	12	1.05	0.95				
	107	2	70.88075210526314	14.17615042105263	0.0	0.0	1	0.9980247581563871	-13.020653018734137	138.0	12	1.05	0.95				
	108	1	96.96486887999998	19.84661058947368	0.0	0.0	1	0.9970474150447965	-10.915326668267113	138.0	12	1.05	0.95				
	109	1	99.23305294736842	20.413656606315786	0.0	0.0	1	1.0247164727705067	-3.0708481661307925	138.0	13	1.05	0.95				
	110	1	110.5739732842105	22.68184067368421	0.0	0.0	1	1.05	-4.711283751348064	138.0	13	1.05	0.95				
	111	1	0.0	0.0	0.0	0.0	1	1.0117931650058973	-0.5717973424860332	230.0	13	1.05	0.95				
	112	1	0.0	0.0	0.0	0.0	1	1.0134808276398208	-1.261570692588084	230.0	13	1.05	0.95				
	113	3	150.2671944631579	30.62048490947368	0.0	0.0	1	1.0070333650607453	3.7291121574367145e-31	230.0	14	1.05	0.95				
	114	2	110.00692726736841	22.114794656842104	0.0	0.0	1	1.0178879481003733	2.2986971200880193	230.0	16	1.05	0.95				
	115	2	179.75358733894734	36.29094507789473	0.0	0.0	1	1.040305559924772	11.66949950366926	230.0	16	1.05	0.95				
	116	2	56.70460168421052	11.340920336842105	0.0	0.0	1	1.0361439560636978	9.803899174203726	230.0	16	1.05	0.95				
	117	1	0.0	0.0	0.0	0.0	1	1.0426745418484784	15.177653452524265	230.0	17	1.05	0.95				
	118	2	188.82632360842103	38.55912914526316	0.0	0.0	1	1.05	16.430765659432655	230.0	17	1.05	0.95				
	119	1	102.63532904842106	20.980702623157892	0.0	0.0	1	1.0264438154900903	6.125107571783053	230.0	15	1.05	0.95				
	120	1	72.58189015578947	14.743196437894737	0.0	0.0	1	1.0244465248221073	3.4439790200098166	230.0	15	1.05	0.95				
	121	2	0.0	0.0	0.0	0.0	1	1.05	18.429254469858503	230.0	17	1.05	0.95				
	122	2	0.0	0.0	0.0	0.0	1	1.05	27.363475820428526	230.0	17	1.05	0.95				
	123	2	0.0	0.0	0.0	0.0	1	1.0250318919440464	2.400687450495009	230.0	15	1.05	0.95				
	124	1	0.0	0.0	0.0	0.0	1	1.0250288839170492	8.054896355987129	230.0	16	1.05	0.95				
	201	2	60.995435229473685	12.424996065263159	0.0	0.0	2	1.0124345281878713	-15.843675995711441	138.0	21	1.05	0.95				
	202	2	54.782937196842106	11.295450968421052	0.0	0.0	2	1.0116785020604164	-16.10856161644869	138.0	22	1.05	0.95				
	203	1	101.65905871578948	20.896584291578947	0.0	0.0	2	1.0128993138436435	-11.728170144642487	138.0	21	1.05	0.95				
	204	1	41.79316858315789	8.47158822631579	0.0	0.0	2	1.0090437957975946	-14.89937946722402	138.0	21	1.05	0.95				
	205	1	40.09885093789474	7.906815677894738	0.0	0.0	2	1.0237385799708778	-15.402320592073432	138.0	21	1.05	0.95				
	206	1	76.80906658526317	15.813631355789475	0.0	-100.0	2	1.0373298544953518	-15.805014744442452	138.0	22	1.05	0.95				
	207	2	70.59656855263158	14.119313710526315	0.0	0.0	2	0.9948106014705008	-22.829570086320047	138.0	22	1.05	0.95				
	208	1	96.57610578	19.767039194736842	0.0	0.0	2	0.9944008158207167	-20.1400191422308	138.0	22	1.05	0.95				
	209	1	98.83519597368421	20.331811743157893	0.0	0.0	2	1.0254349545828774	-11.593433448255766	138.0	23	1.05	0.95				
	210	1	110.13064694210526	22.590901936842105	0.0	0.0	2	1.05	-13.148280582888386	138.0	23	1.05	0.95				
	211	1	0.0	0.0	0.0	0.0	2	1.0150745243450492	-8.137814392457248	230.0	23	1.05	0.95				
	212	1	0.0	0.0	0.0	0.0	2	1.0191401696672056	-2.99208515237889	230.0	23	1.05	0.95				
	213	2	149.66472533157892	30.497717614736843	0.0	0.0	2	1.0198800757560875	-5.1370030842611385	230.0	24	1.05	0.95				
	214	2	109.56587439368421	22.026129388421055	0.0	0.0	2	1.0188634816155124	-6.5153823383181235	230.0	26	1.05	0.95				
	215	2	179.03289784947367	36.14544309894737	0.0	0.0	2	1.0314047252912215	-0.638142347399706	230.0	26	1.05	0.95				
	216	2	56.47725484210526	11.295450968421052	0.0	0.0	2	1.0327827299892856	-0.7382670415783374	230.0	26	1.05	0.95				
	217	1	0.0	0.0	0.0	0.0	2	1.0344336525973612	0.34441651057559464	230.0	27	1.05	0.95				
	218	2	188.06925862421053	38.404533292631584	0.0	0.0	2	1.0329726765739473	-0.31532486300058926	230.0	27	1.05	0.95				
	219	1	102.22383126421053	20.896584291578947	0.0	0.0	2	1.0344743351390848	-0.029567778606221406	230.0	25	1.05	0.95				
	220	1	72.29088619789474	14.684086258947367	0.0	0.0	2	1.040691207831935	1.6578532082628712	230.0	25	1.05	0.95				
	221	2	0.0	0.0	0.0	0.0	2	1.03510725982591	0.3810040257372326	230.0	27	1.05	0.95				
	222	2	0.0	0.0	0.0	0.0	2	1.05	6.864112611080349	230.0	27	1.05	0.95				
	223	2	0.0	0.0	0.0	0.0	2	1.045950998421122	2.992780919483179	230.0	25	1.05	0.95				
	224	1	0.0	0.0	0.0	0.0	2	1.0107624108163042	-4.7603180561184795	230.0	26	1.05	0.95				
	301	2	64.24992090947369	13.087946851929825	0.0	0.0	3	0.9895491314574224	18.274241582902704	138.0	31	1.05	0.95				
	302	2	57.705947483508766	11.898133501754387	0.0	0.0	3	0.9893982873389998	18.284869629145494	138.0	32	1.05	0.95				
	303	1	107.08320151578947	22.011546978245615	0.0	0.0	3	1.0138516010182517	19.60373181249551	138.0	31	1.05	0.95				
	304	1	44.02309395649123	8.92360012631579	0.0	0.0	3	0.9986234877152174	20.391822134631834	138.0	31	1.05	0.95				
	305	1	42.23837393122807	8.328693451228071	0.0	0.0	3	1.0101362414185182	20.59172142675569	138.0	31	1.05	0.95				
	306	1	80.90730781192983	16.657386902456143	0.0	-100.0	3	1.0303087412815404	21.206174841543874	138.0	32	1.05	0.95				
	307	2	74.36333438596492	14.872666877192984	0.0	0.0	3	0.9789045974393673	18.31189043792181	138.0	32	1.05	0.95				
	308	1	101.72904144000002	20.821733628070174	0.0	0.0	3	0.9961619749353051	20.91660007529041	138.0	32	1.05	0.95				
	309	1	104.10866814035089	21.416640303157894	0.0	0.0	3	1.027368057948915	24.525579110369637	138.0	33	1.05	0.95				
	310	1	116.00680164210526	23.796267003508774	0.0	0.0	3	1.05	24.788731822556617	138.0	33	1.05	0.95				
	311	1	0.0	0.0	0.0	0.0	3	1.0186073538901756	30.672239515935622	230.0	33	1.05	0.95				
	312	1	0.0	0.0	0.0	0.0	3	1.0251420346529256	32.245827704224666	230.0	33	1.05	0.95				
	313	2	157.65026889824563	32.12496045473684	0.0	0.0	3	1.0499999976585275	40.542467676844154	230.0	34	1.05	0.95				
	314	2	115.41189496701753	23.201360328421057	0.0	0.0	3	1.021312039975439	27.80438754740647	230.0	36	1.05	0.95				
	315	2	188.58541600280702	38.07402720561404	0.0	0.0	3	1.0438103064727384	19.61486910236939	230.0	36	1.05	0.95				
	316	2	59.490667508771935	11.898133501754387	0.0	0.0	3	1.0461018565455955	21.258393372617977	230.0	36	1.05	0.95				
	317	1	0.0	0.0	0.0	0.0	3	1.05	19.336716982426122	230.0	37	1.05	0.95				
	318	2	198.10392280421055	40.45365390596491	0.0	0.0	3	1.0494113821157032	17.359054447529065	230.0	37	1.05	0.95				
	319	1	107.6781081908772	22.011546978245615	0.0	0.0	3	1.0448307359264473	24.73083441138849	230.0	35	1.05	0.95				
	320	1	76.14805441122807	15.467573552280703	0.0	0.0	3	1.047266763196794	27.341901200962884	230.0	35	1.05	0.95				
	321	2	0.0	0.0	0.0	0.0	3	1.0479672063501608	18.703558591755353	230.0	37	1.05	0.95				
	322	2	0.0	0.0	0.0	0.0	3	1.05	23.29645036903904	230.0	37	1.05	0.95				
	323	2	0.0	0.0	0.0	0.0	3	1.0484744401663277	28.253144378387304	230.0	35	1.05	0.95				
	324	1	0.0	0.0	0.0	0.0	3	1.0311430039129847	21.785612918011605	230.0	36	1.05	0.95				
	325	1	0.0	0.0	0.0	0.0	3	1.05	27.425222800945097	230.0	35	1.05	0.95				
];
