%% MATPOWER Case Format : Version 2
function mpc = RTS_GMLC
mpc.version = '2';

%%-----  Power Flow Data  -----%%
%% system MVA base
mpc.baseMVA = 100.0;
%% bus data
%    bus_i    type    Pd    Qd    Gs    Bs    area    Vm    Va    baseKV    zone    Vmax    Vmin
mpc.bus = [
	101	2	41.922810492631584	8.539831767017544	0.0	0.0	1	1.0151861306378998	-2.3630612800394664	138.0	11	1.05	0.95				
	102	2	37.652894609122804	7.763483424561405	0.0	0.0	1	1.0142917842350017	-2.5933013505276046	138.0	12	1.05	0.95				
	103	1	69.87135082105263	14.362444335438596	0.0	0.0	1	1.0322523665988863	1.2150589996292467	138.0	11	1.05	0.95				
	104	1	28.724888670877192	5.822612568421053	0.0	0.0	1	1.017395721302436	-3.0025287257927653	138.0	11	1.05	0.95				
	105	1	27.560366157192984	5.4344383971929835	0.0	0.0	1	1.0278118689835285	-4.051496559156811	138.0	11	1.05	0.95				
	106	1	52.79168728701755	10.868876794385967	0.0	-100.0	1	1.0428086129148275	-5.447537012803111	138.0	12	1.05	0.95				
	107	2	48.52177140350877	9.704354280701754	0.0	0.0	1	1.0004294008913428	-10.718237520292647	138.0	12	1.05	0.95				
	108	1	66.37778328	13.586095992982456	0.0	0.0	1	1.0052321184648791	-8.90991237786971	138.0	12	1.05	0.95				
	109	1	67.93047996491228	13.974270164210525	0.0	0.0	1	1.025514087325569	-2.7544529262454014	138.0	13	1.05	0.95				
	110	1	75.69396338947368	15.52696684912281	0.0	0.0	1	1.05	-4.492550690061883	138.0	13	1.05	0.95				
	111	1	0.0	0.0	0.0	0.0	1	1.0060264016091733	-0.3720361423811323	230.0	13	1.05	0.95				
	112	1	0.0	0.0	0.0	0.0	1	1.009499472010373	-1.2266867258047405	230.0	13	1.05	0.95				
	113	3	102.8661553754386	20.961405246315792	0.0	0.0	1	0.9984682385637502	-3.911349921993755e-30	230.0	14	1.05	0.95				
	114	2	75.30578921824561	15.138792677894738	0.0	0.0	1	1.0083573146503473	2.6708055844339054	230.0	16	1.05	0.95				
	115	2	123.05121227929826	24.843146958596492	0.0	0.0	1	1.0437379522354797	10.627096030441551	230.0	16	1.05	0.95				
	116	2	38.817417122807015	7.763483424561405	0.0	0.0	1	1.0371356500338063	9.183221430000879	230.0	16	1.05	0.95				
	117	1	0.0	0.0	0.0	0.0	1	1.0423329009296967	14.157913078928967	230.0	17	1.05	0.95				
	118	2	129.26199901894736	26.395843643508776	0.0	0.0	1	1.0499264017772472	14.813511703620273	230.0	17	1.05	0.95				
	119	1	70.2595249922807	14.362444335438596	0.0	0.0	1	1.025943724437614	5.806356141690567	230.0	15	1.05	0.95				
	120	1	49.686293917192984	10.092528451929825	0.0	0.0	1	1.0205802336392964	3.2099746060185965	230.0	15	1.05	0.95				
	121	2	0.0	0.0	0.0	0.0	1	1.05	16.02546860188611	230.0	17	1.05	0.95				
	122	2	0.0	0.0	0.0	0.0	1	1.05	29.342143452078133	230.0	17	1.05	0.95				
	123	2	0.0	0.0	0.0	0.0	1	1.0184897750945734	2.07544223160664	230.0	15	1.05	0.95				
	124	1	0.0	0.0	0.0	0.0	1	1.027605538128794	7.1066622803319195	230.0	16	1.05	0.95				
	201	2	44.64158665263158	9.093656540350878	0.0	0.0	2	1.0151581566500663	-14.672599500444166	138.0	21	1.05	0.95				
	202	2	40.09475838245614	8.26696049122807	0.0	0.0	2	1.0143096018517634	-14.940396540705752	138.0	22	1.05	0.95				
	203	1	74.40264442105263	15.293876908771932	0.0	0.0	2	1.0146829376799458	-11.110810179270368	138.0	21	1.05	0.95				
	204	1	30.587753817543863	6.200220368421053	0.0	0.0	2	1.012578762091244	-14.411302085598983	138.0	21	1.05	0.95				
	205	1	29.347709743859646	5.78687234385965	0.0	0.0	2	1.0275459031909213	-14.817809111193576	138.0	21	1.05	0.95				
	206	1	56.215331340350886	11.5737446877193	0.0	-100.0	2	1.0424538482533663	-15.416713632401118	138.0	22	1.05	0.95				
	207	2	51.66850307017544	10.333700614035088	0.0	0.0	2	0.997428933199924	-20.379135575224506	138.0	22	1.05	0.95				
	208	1	70.6825122	14.467180859649122	0.0	0.0	2	1.0020729900410832	-18.509403320273297	138.0	22	1.05	0.95				
	209	1	72.33590429824561	14.880528884210525	0.0	0.0	2	1.0231712427814992	-12.267200743151681	138.0	23	1.05	0.95				
	210	1	80.60286478947368	16.53392098245614	0.0	0.0	2	1.05	-13.633723466642397	138.0	23	1.05	0.95				
	211	1	0.0	0.0	0.0	0.0	2	1.00394895441116	-10.015443969539565	230.0	23	1.05	0.95				
	212	1	0.0	0.0	0.0	0.0	2	1.0095415234445184	-6.715520338620431	230.0	23	1.05	0.95				
	213	2	109.53722650877194	22.32079332631579	0.0	0.0	2	0.9977706469699699	-8.45550797946774	230.0	24	1.05	0.95				
	214	2	80.18951676491228	16.120572957894737	0.0	0.0	2	1.002676597494391	-8.309654801207884	230.0	26	1.05	0.95				
	215	2	131.0313237859649	26.454273571929825	0.0	0.0	2	1.0199069563072976	-2.2133099224661805	230.0	26	1.05	0.95				
	216	2	41.33480245614035	8.26696049122807	0.0	0.0	2	1.0186040389967865	-3.35060301326824	230.0	26	1.05	0.95				
	217	1	0.0	0.0	0.0	0.0	2	1.0245606266570786	-1.2629075886440992	230.0	27	1.05	0.95				
	218	2	137.64489217894737	28.107665670175443	0.0	0.0	2	1.0244155112293312	-1.6545062393452745	230.0	27	1.05	0.95				
	219	1	74.81599244561404	15.293876908771932	0.0	0.0	2	1.0156439890171485	-4.290318797345365	230.0	25	1.05	0.95				
	220	1	52.90854714385965	10.747048638596493	0.0	0.0	2	1.0159381212225118	-4.284696538861246	230.0	25	1.05	0.95				
	221	2	0.0	0.0	0.0	0.0	2	1.026463406605095	-1.0406378008739054	230.0	27	1.05	0.95				
	222	2	0.0	0.0	0.0	0.0	2	1.0482925216336447	5.38347905478801	230.0	27	1.05	0.95				
	223	2	0.0	0.0	0.0	0.0	2	1.0166205842819995	-3.956706187507471	230.0	25	1.05	0.95				
	224	1	0.0	0.0	0.0	0.0	2	1.006966518244989	-5.561503609447215	230.0	26	1.05	0.95				
	301	2	59.60329010526317	12.141410947368424	0.0	0.0	3	1.0014753493907302	6.735895352842586	138.0	31	1.05	0.95				
	302	2	53.53258463157895	11.037646315789477	0.0	0.0	3	1.0007986293214344	6.592790929878384	138.0	32	1.05	0.95				
	303	1	99.33881684210529	20.41964568421053	0.0	0.0	3	1.0351459883552048	13.768878575840981	138.0	31	1.05	0.95				
	304	1	40.83929136842106	8.278234736842107	0.0	0.0	3	1.0065384725251785	8.505831399438845	138.0	31	1.05	0.95				
	305	1	39.18364442105264	7.726352421052633	0.0	0.0	3	1.0181863200232961	7.429633860178229	138.0	31	1.05	0.95				
	306	1	75.05599494736845	15.452704842105266	0.0	-100.0	3	1.0349997988920627	7.195274914147312	138.0	32	1.05	0.95				
	307	2	68.98528947368422	13.797057894736845	0.0	0.0	3	0.9917375337707012	3.727596777847576	138.0	32	1.05	0.95				
	308	1	94.37187600000001	19.315881052631582	0.0	0.0	3	1.001441497598411	6.191294720145292	138.0	32	1.05	0.95				
	309	1	96.57940526315791	19.867763368421056	0.0	0.0	3	1.0302112180101013	12.300319123522225	138.0	33	1.05	0.95				
	310	1	107.61705157894738	22.075292631578954	0.0	0.0	3	1.05	9.896331990629513	138.0	33	1.05	0.95				
	311	1	0.0	0.0	0.0	0.0	3	1.0115420105919575	14.538123679233848	230.0	33	1.05	0.95				
	312	1	0.0	0.0	0.0	0.0	3	1.0174450263672814	15.746088543621408	230.0	33	1.05	0.95				
	313	2	146.24881368421055	29.801645052631585	0.0	0.0	3	1.0176390040555872	19.74563752954157	230.0	34	1.05	0.95				
	314	2	107.0651692631579	21.52341031578948	0.0	0.0	3	1.0086423145332455	13.49204273913635	230.0	36	1.05	0.95				
	315	2	174.9466941052632	35.32046821052632	0.0	0.0	3	1.0350955016228351	9.167914766603003	230.0	36	1.05	0.95				
	316	2	55.18823157894738	11.037646315789477	0.0	0.0	3	1.0324000744782995	10.005221950369892	230.0	36	1.05	0.95				
	317	1	0.0	0.0	0.0	0.0	3	1.038985554303167	9.159897312008543	230.0	37	1.05	0.95				
	318	2	183.77681115789477	37.52799747368422	0.0	0.0	3	1.037568450014644	7.479392805150484	230.0	37	1.05	0.95				
	319	1	99.89069915789476	20.41964568421053	0.0	0.0	3	1.0289242032280914	12.540593891894689	230.0	35	1.05	0.95				
	320	1	70.64093642105264	14.348940210526317	0.0	0.0	3	1.0279764049560174	14.35412196963302	230.0	35	1.05	0.95				
	321	2	0.0	0.0	0.0	0.0	3	1.0385188798050482	8.627179707672394	230.0	37	1.05	0.95				
	322	2	0.0	0.0	0.0	0.0	3	1.0499999847082777	13.14914893412872	230.0	37	1.05	0.95				
	323	2	0.0	0.0	0.0	0.0	3	1.027492549282777	15.103996894619456	230.0	35	1.05	0.95				
	324	1	0.0	0.0	0.0	0.0	3	1.0348928574151874	12.737618337610396	230.0	36	1.05	0.95				
	325	1	0.0	0.0	0.0	0.0	3	1.030071114527466	15.194124531963453	230.0	35	1.05	0.95				
];
