%% MATPOWER Case Format : Version 2
function mpc = RTS_GMLC
mpc.version = '2';

%%-----  Power Flow Data  -----%%
%% system MVA base
mpc.baseMVA = 100.0;
%% bus data
%    bus_i    type    Pd    Qd    Gs    Bs    area    Vm    Va    baseKV    zone    Vmax    Vmin
mpc.bus = [
	101	2	55.456209814736845	11.29663533263158	0.0	0.0	1	1.0391340374722566	0.6937788124731336	138.0	11	1.05	0.95				
	102	2	49.80789214842105	10.269668484210525	0.0	0.0	1	1.0370093776068654	0.1199276590457386	138.0	12	1.05	0.95				
	103	1	92.42701635789473	18.998886695789473	0.0	0.0	1	1.0297121198005121	0.07219823081727958	138.0	11	1.05	0.95				
	104	1	37.997773391578946	7.702251363157894	0.0	0.0	1	1.0240276872739	-2.4671776899897693	138.0	11	1.05	0.95				
	105	1	36.457323118947365	7.188767938947368	0.0	0.0	1	1.0373987186820521	-2.7485140465668545	138.0	11	1.05	0.95				
	106	1	69.83374569263158	14.377535877894736	0.0	-100.0	1	1.043904132947843	-5.292682370616189	138.0	12	1.05	0.95				
	107	2	64.18542802631578	12.837085605263157	0.0	0.0	1	0.999257751874451	-11.214454500388355	138.0	12	1.05	0.95				
	108	1	87.80566553999999	17.97191984736842	0.0	0.0	1	1.0006501157895484	-9.768045779367391	138.0	12	1.05	0.95				
	109	1	89.8595992368421	18.485403271578946	0.0	0.0	1	1.0248841289839232	-3.392716548881907	138.0	13	1.05	0.95				
	110	1	100.12926772105261	20.53933696842105	0.0	0.0	1	1.05	-4.644664450068357	138.0	13	1.05	0.95				
	111	1	0.0	0.0	0.0	0.0	1	1.007961359805504	-0.9368284183955238	230.0	13	1.05	0.95				
	112	1	0.0	0.0	0.0	0.0	1	1.0103299955888052	-1.410762428669435	230.0	13	1.05	0.95				
	113	3	136.07310741578945	27.728104907368422	0.0	0.0	1	1.0016887673752841	-7.372301950431008e-31	230.0	14	1.05	0.95				
	114	2	99.6157842968421	20.025853544210527	0.0	0.0	1	1.0104675194702275	1.421473354267229	230.0	16	1.05	0.95				
	115	2	162.77424547473683	32.86293914947368	0.0	0.0	1	1.0412618378657046	9.347568408169677	230.0	16	1.05	0.95				
	116	2	51.34834242105263	10.269668484210525	0.0	0.0	1	1.0357603550107195	7.818727095116232	230.0	16	1.05	0.95				
	117	1	0.0	0.0	0.0	0.0	1	1.042111187356726	12.602787334324724	230.0	17	1.05	0.95				
	118	2	170.98998026210526	34.91687284631579	0.0	0.0	1	1.0487685360531964	13.466060310983705	230.0	17	1.05	0.95				
	119	1	92.94049978210526	18.998886695789473	0.0	0.0	1	1.0240940931201121	4.613070534008848	230.0	15	1.05	0.95				
	120	1	65.72587829894736	13.350569029473682	0.0	0.0	1	1.0197093223995406	2.6586025070886126	230.0	15	1.05	0.95				
	121	2	0.0	0.0	0.0	0.0	1	1.05	15.341273981703573	230.0	17	1.05	0.95				
	122	2	0.0	0.0	0.0	0.0	1	1.05	25.38338000189931	230.0	17	1.05	0.95				
	123	2	0.0	0.0	0.0	0.0	1	1.0184397135871894	1.976600734610821	230.0	15	1.05	0.95				
	124	1	0.0	0.0	0.0	0.0	1	1.0252913434993416	5.878865467248188	230.0	16	1.05	0.95				
	201	2	48.22855344	9.82433496	0.0	0.0	2	1.0127107685050694	-11.941312849426385	138.0	21	1.05	0.95				
	202	2	43.31638596	8.9312136	0.0	0.0	2	1.0118625740590217	-12.187234269847742	138.0	22	1.05	0.95				
	203	1	80.3809224	16.52274516	0.0	0.0	2	1.0147659211934923	-8.998111793396388	138.0	21	1.05	0.95				
	204	1	33.04549032	6.698410199999999	0.0	0.0	2	1.01135601108903	-11.464878669881932	138.0	21	1.05	0.95				
	205	1	31.705808279999996	6.251849520000001	0.0	0.0	2	1.0257498106071106	-11.827873217569742	138.0	21	1.05	0.95				
	206	1	60.73225248000001	12.503699040000003	0.0	-100.0	2	1.0408927189141712	-12.309447137548986	138.0	22	1.05	0.95				
	207	2	55.820085	11.164017	0.0	0.0	2	0.9948937628157545	-17.713576033895954	138.0	22	1.05	0.95				
	208	1	76.36187627999999	15.629623799999997	0.0	0.0	2	0.9995015263849342	-15.676021689649467	138.0	22	1.05	0.95				
	209	1	78.148119	16.07618448	0.0	0.0	2	1.0243778561288852	-9.031908151504945	138.0	23	1.05	0.95				
	210	1	87.07933259999999	17.8624272	0.0	0.0	2	1.05	-10.278065233581637	138.0	23	1.05	0.95				
	211	1	0.0	0.0	0.0	0.0	2	1.006732879423072	-6.135994157953111	230.0	23	1.05	0.95				
	212	1	0.0	0.0	0.0	0.0	2	1.0123497593489275	-2.6170362787205406	230.0	23	1.05	0.95				
	213	2	118.33858019999998	24.11427672	0.0	0.0	2	1.0044106471869099	-3.9124578386862345	230.0	24	1.05	0.95				
	214	2	86.63277192	17.41586652	0.0	0.0	2	1.0062261079839412	-4.450748134238465	230.0	26	1.05	0.95				
	215	2	141.55973555999998	28.57988352	0.0	0.0	2	1.024585808059265	0.784894145379862	230.0	26	1.05	0.95				
	216	2	44.656068	8.9312136	0.0	0.0	2	1.0247611673017163	0.6566935521489871	230.0	26	1.05	0.95				
	217	1	0.0	0.0	0.0	0.0	2	1.0288121822699254	1.631807852483553	230.0	27	1.05	0.95				
	218	2	148.70470644	30.366126240000003	0.0	0.0	2	1.027960547596497	1.2126010003849528	230.0	27	1.05	0.95				
	219	1	80.82748308	16.52274516	0.0	0.0	2	1.0253417664347055	0.985077736730902	230.0	25	1.05	0.95				
	220	1	57.15976704	11.61057768	0.0	0.0	2	1.0290318818192172	2.1402269014558932	230.0	25	1.05	0.95				
	221	2	0.0	0.0	0.0	0.0	2	1.030127993202435	1.86694338947286	230.0	27	1.05	0.95				
	222	2	0.0	0.0	0.0	0.0	2	1.04999999681659	8.26666744586487	230.0	27	1.05	0.95				
	223	2	0.0	0.0	0.0	0.0	2	1.032068790750701	3.1118406321999816	230.0	25	1.05	0.95				
	224	1	0.0	0.0	0.0	0.0	2	1.0088653387647728	-2.880502871959456	230.0	26	1.05	0.95				
	301	2	54.23916482526317	11.048718760701757	0.0	0.0	3	1.002587188037547	11.242684792770367	138.0	31	1.05	0.95				
	302	2	48.71480544491229	10.044289782456142	0.0	0.0	3	1.0022691786539217	11.144175027202419	138.0	32	1.05	0.95				
	303	1	90.39860804210528	18.58193609754386	0.0	0.0	3	1.0308725915294028	17.082942942592354	138.0	31	1.05	0.95				
	304	1	37.16387219508772	7.533217336842106	0.0	0.0	3	1.008448987435889	13.182217397847902	138.0	31	1.05	0.95				
	305	1	35.6572287277193	7.0310028477193	0.0	0.0	3	1.0195403884356211	11.870124842065373	138.0	31	1.05	0.95				
	306	1	68.30117052070177	14.0620056954386	0.0	-100.0	3	1.036858352536737	11.650119878459352	138.0	32	1.05	0.95				
	307	2	62.77681114035089	12.555362228070177	0.0	0.0	3	0.9857516653570914	7.580683263158962	138.0	32	1.05	0.95				
	308	1	85.87867764	17.577507119298247	0.0	0.0	3	0.996088032089421	9.825101468404428	138.0	32	1.05	0.95				
	309	1	87.88753559649123	18.079721608421053	0.0	0.0	3	1.0306275684711879	16.87292118176507	138.0	33	1.05	0.95				
	310	1	97.93182537894738	20.088579564912283	0.0	0.0	3	1.05	14.111969398171512	138.0	33	1.05	0.95				
	311	1	0.0	0.0	0.0	0.0	3	1.0103145832992522	19.197004625857506	230.0	33	1.05	0.95				
	312	1	0.0	0.0	0.0	0.0	3	1.016676164044523	19.478942264216588	230.0	33	1.05	0.95				
	313	2	133.08683961754386	27.119582412631583	0.0	0.0	3	1.0160363805879502	23.239281419640296	230.0	34	1.05	0.95				
	314	2	97.42961088982457	19.586365075789477	0.0	0.0	3	1.0054105074003723	19.457610771884003	230.0	36	1.05	0.95				
	315	2	159.20199305192983	32.14172730385965	0.0	0.0	3	1.0351593314680338	18.26749984679382	230.0	36	1.05	0.95				
	316	2	50.22144891228071	10.044289782456142	0.0	0.0	3	1.0330081701993752	18.856127070699618	230.0	36	1.05	0.95				
	317	1	0.0	0.0	0.0	0.0	3	1.0483398582951768	21.185680038576105	230.0	37	1.05	0.95				
	318	2	167.23742487789477	34.15058526035089	0.0	0.0	3	1.0472438129106199	18.466121054698927	230.0	37	1.05	0.95				
	319	1	90.90082253122809	18.58193609754386	0.0	0.0	3	1.0286715958560968	19.19785200110179	230.0	35	1.05	0.95				
	320	1	64.2834546077193	13.057576717192983	0.0	0.0	3	1.0258089816226352	19.269880957687548	230.0	35	1.05	0.95				
	321	2	0.0	0.0	0.0	0.0	3	1.0440368488309864	19.039594226984892	230.0	37	1.05	0.95				
	322	2	0.0	0.0	0.0	0.0	3	1.05	24.219061574907816	230.0	37	1.05	0.95				
	323	2	0.0	0.0	0.0	0.0	3	1.0242899928006426	19.353618330819856	230.0	35	1.05	0.95				
	324	1	0.0	0.0	0.0	0.0	3	1.030905021481729	19.26647564795777	230.0	36	1.05	0.95				
	325	1	0.0	0.0	0.0	0.0	3	1.0278041729455971	19.02173925614372	230.0	35	1.05	0.95				
];

%% generator data
%    bus    Pg    Qg    Qmax    Qmin    Vg    mBase    status    Pmax    Pmin    Pc1    Pc2    Qc1min    Qc1max    Qc2min    Qc2max    ramp_agc    ramp_10    ramp_30    ramp_q    apf
