%% MATPOWER Case Format : Version 2
function mpc = RTS_GMLC
mpc.version = '2';

%%-----  Power Flow Data  -----%%
%% system MVA base
mpc.baseMVA = 100.0;
%% bus data
%    bus_i    type    Pd    Qd    Gs    Bs    area    Vm    Va    baseKV    zone    Vmax    Vmin
mpc.bus = [
	101	2	39.357743684210526	8.017318157894737	0.0	0.0	1	1.033293689164159	3.72807533848976	138.0	11	1.05	0.95				
	102	2	35.34908460526315	7.288471052631579	0.0	0.0	1	1.0323415326538314	3.448375433343276	138.0	12	1.05	0.95				
	103	1	65.59623947368422	13.48367144736842	0.0	0.0	1	1.0323260107353922	2.700279849234377	138.0	11	1.05	0.95				
	104	1	26.96734289473684	5.466353289473684	0.0	0.0	1	1.0219858836258457	0.27908869629639427	138.0	11	1.05	0.95				
	105	1	25.874072236842103	5.101929736842106	0.0	0.0	1	1.0364484672548921	0.4546894502686332	138.0	11	1.05	0.95				
	106	1	49.56160315789474	10.203859473684211	0.0	-100.0	1	1.0469123688163897	-1.8034758881276836	138.0	12	1.05	0.95				
	107	2	45.55294407894736	9.110588815789473	0.0	0.0	1	0.9999920301956627	-8.027551323223134	138.0	12	1.05	0.95				
	108	1	62.316427499999996	12.75482434210526	0.0	0.0	1	1.0056499177829785	-6.289130485071195	138.0	12	1.05	0.95				
	109	1	63.77412171052631	13.11924789473684	0.0	0.0	1	1.024394329841415	-0.8330676739400725	138.0	13	1.05	0.95				
	110	1	71.0625927631579	14.576942105263157	0.0	0.0	1	1.05	-1.7141651933292938	138.0	13	1.05	0.95				
	111	1	0.0	0.0	0.0	0.0	1	1.0027274216239541	0.7511516842092936	230.0	13	1.05	0.95				
	112	1	0.0	0.0	0.0	0.0	1	1.0068560533827104	0.09535105050684675	230.0	13	1.05	0.95				
	113	3	96.57224144736841	19.678871842105263	0.0	0.0	1	0.9909752109116854	2.988097502890287e-31	230.0	14	1.05	0.95				
	114	2	70.6981692105263	14.212518552631579	0.0	0.0	1	1.002528890326702	3.554303735332177	230.0	16	1.05	0.95				
	115	2	115.52226618421054	23.323107368421052	0.0	0.0	1	1.0413922535338402	10.83036114334854	230.0	16	1.05	0.95				
	116	2	36.44235526315789	7.288471052631579	0.0	0.0	1	1.034914745170744	9.556645082192427	230.0	16	1.05	0.95				
	117	1	0.0	0.0	0.0	0.0	1	1.040635054969623	14.190792265769547	230.0	17	1.05	0.95				
	118	2	121.3530430263158	24.78080157894737	0.0	0.0	1	1.0487490183409849	14.483132680759876	230.0	17	1.05	0.95				
	119	1	65.96066302631579	13.48367144736842	0.0	0.0	1	1.0233353815057082	6.485544395328034	230.0	15	1.05	0.95				
	120	1	46.646214736842104	9.475012368421053	0.0	0.0	1	1.017484724918938	4.492287077973639	230.0	15	1.05	0.95				
	121	2	0.0	0.0	0.0	0.0	1	1.05	15.63401865961163	230.0	17	1.05	0.95				
	122	2	0.0	0.0	0.0	0.0	1	1.05	30.75209623777504	230.0	17	1.05	0.95				
	123	2	0.0	0.0	0.0	0.0	1	1.0147557530839055	3.675159289224469	230.0	15	1.05	0.95				
	124	1	0.0	0.0	0.0	0.0	1	1.0276215475487736	7.7843883387040425	230.0	16	1.05	0.95				
	201	2	38.94663937263158	7.933574687017543	0.0	0.0	2	1.0139699650739957	-12.167461268049337	138.0	21	1.05	0.95				
	202	2	34.9798520291228	7.212340624561403	0.0	0.0	2	1.013083423951197	-12.444805072921492	138.0	22	1.05	0.95				
	203	1	64.91106562105263	13.342830155438595	0.0	0.0	2	1.0152792364033345	-8.575112912431583	138.0	21	1.05	0.95				
	204	1	26.68566031087719	5.409255468421052	0.0	0.0	2	1.0128583396483706	-12.186672330124054	138.0	21	1.05	0.95				
	205	1	25.60380921719298	5.048638437192983	0.0	0.0	2	1.0277244366377587	-12.580340426466122	138.0	21	1.05	0.95				
	206	1	49.04391624701754	10.097276874385965	0.0	-100.0	2	1.0436407620230692	-13.284381952399334	138.0	22	1.05	0.95				
	207	2	45.077128903508765	9.015425780701754	0.0	0.0	2	0.9964701899384586	-17.530508812288105	138.0	22	1.05	0.95				
	208	1	61.66551233999999	12.621596092982454	0.0	0.0	2	1.0034864424640102	-15.94568611381679	138.0	22	1.05	0.95				
	209	1	63.10798046491227	12.982213124210526	0.0	0.0	2	1.0225403485862146	-10.474956506089887	138.0	23	1.05	0.95				
	210	1	70.32032108947368	14.424681249122806	0.0	0.0	2	1.05	-11.830238601131352	138.0	23	1.05	0.95				
	211	1	0.0	0.0	0.0	0.0	2	1.0034471917645778	-7.765582751330725	230.0	23	1.05	0.95				
	212	1	0.0	0.0	0.0	0.0	2	1.0062849560256553	-7.078503634482614	230.0	23	1.05	0.95				
	213	2	95.56351327543858	19.47331968631579	0.0	0.0	2	0.9978891516805997	-6.485297194804094	230.0	24	1.05	0.95				
	214	2	69.9597040582456	14.064064217894737	0.0	0.0	2	1.0029470030025187	-5.362018448593878	230.0	26	1.05	0.95				
	215	2	114.31559889929824	23.07948999859649	0.0	0.0	2	1.0183994676368824	0.37279918382100535	230.0	26	1.05	0.95				
	216	2	36.06170312280702	7.212340624561403	0.0	0.0	2	1.0197582836158272	0.22085205926442902	230.0	26	1.05	0.95				
	217	1	0.0	0.0	0.0	0.0	2	1.0244056056641664	1.7597701744828347	230.0	27	1.05	0.95				
	218	2	120.08547139894736	24.52195812350877	0.0	0.0	2	1.0237991397772832	1.3560433543526194	230.0	27	1.05	0.95				
	219	1	65.27168265228069	13.342830155438595	0.0	0.0	2	1.0205927181089767	0.08871811335899156	230.0	25	1.05	0.95				
	220	1	46.15897999719298	9.376042811929825	0.0	0.0	2	1.0234063303836867	0.6877001134574715	230.0	25	1.05	0.95				
	221	2	0.0	0.0	0.0	0.0	2	1.0256033439821293	1.8317153944408648	230.0	27	1.05	0.95				
	222	2	0.0	0.0	0.0	0.0	2	1.0475411370020724	8.324553800945147	230.0	27	1.05	0.95				
	223	2	0.0	0.0	0.0	0.0	2	1.0253421996204661	1.2957173204443742	230.0	25	1.05	0.95				
	224	1	0.0	0.0	0.0	0.0	2	1.0062080465576735	-3.0018945083237747	230.0	26	1.05	0.95				
	301	2	43.203416627368426	8.800695979649124	0.0	0.0	3	1.0087301019610273	-13.39037266444809	138.0	31	1.05	0.95				
	302	2	38.803068637543866	8.000632708771931	0.0	0.0	3	1.008651948959805	-13.487292331476647	138.0	32	1.05	0.95				
	303	1	72.00569437894738	14.80117051122807	0.0	0.0	3	1.0233820850671846	-8.572062661011087	138.0	31	1.05	0.95				
	304	1	29.60234102245614	6.000474531578948	0.0	0.0	3	1.0114203641855404	-12.105929853449739	138.0	31	1.05	0.95				
	305	1	28.40224611614035	5.600442896140352	0.0	0.0	3	1.0242458928851454	-12.844499505415177	138.0	31	1.05	0.95				
	306	1	54.40430241964913	11.200885792280705	0.0	-100.0	3	1.0414343903221701	-13.02634274641543	138.0	32	1.05	0.95				
	307	2	50.003954429824574	10.000790885964914	0.0	0.0	3	0.9914455202979033	-17.25293700045438	138.0	32	1.05	0.95				
	308	1	68.40540966	14.001107240350876	0.0	0.0	3	0.999755162546844	-15.485947593407895	138.0	32	1.05	0.95				
	309	1	70.0055362017544	14.401138875789474	0.0	0.0	3	1.0259341164969633	-9.335101114572383	138.0	33	1.05	0.95				
	310	1	78.00616891052631	16.001265417543863	0.0	0.0	3	1.05	-11.009870254778063	138.0	33	1.05	0.95				
	311	1	0.0	0.0	0.0	0.0	3	1.0056991286102042	-5.694891700159037	230.0	33	1.05	0.95				
	312	1	0.0	0.0	0.0	0.0	3	1.0104797713658287	-5.120516962852702	230.0	33	1.05	0.95				
	313	2	106.0083833912281	21.601708313684213	0.0	0.0	3	1.0092703646459438	-2.1699242544842674	230.0	34	1.05	0.95				
	314	2	77.60613727508773	15.601233782105266	0.0	0.0	3	1.00216092969277	-4.178305490710747	230.0	36	1.05	0.95				
	315	2	126.8100284340351	25.60202466807018	0.0	0.0	3	1.0307967198453827	-0.2666085560085144	230.0	36	1.05	0.95				
	316	2	40.00316354385966	8.000632708771931	0.0	0.0	3	1.0300240144980803	0.3056303206187457	230.0	36	1.05	0.95				
	317	1	0.0	0.0	0.0	0.0	3	1.0400651139486843	3.7836978554321936	230.0	37	1.05	0.95				
	318	2	133.21053460105264	27.202151209824564	0.0	0.0	3	1.0369244887809923	2.3424423493681172	230.0	37	1.05	0.95				
	319	1	72.40572601438598	14.80117051122807	0.0	0.0	3	1.026120975128622	-0.15869421979038537	230.0	35	1.05	0.95				
	320	1	51.20404933614036	10.40082252140351	0.0	0.0	3	1.025262616491156	0.21887786655677827	230.0	35	1.05	0.95				
	321	2	0.0	0.0	0.0	0.0	3	1.0371237896486956	2.062243351968196	230.0	37	1.05	0.95				
	322	2	0.0	0.0	0.0	0.0	3	1.0499999987873065	7.05089326604234	230.0	37	1.05	0.95				
	323	2	0.0	0.0	0.0	0.0	3	1.025295831216319	0.736874099719688	230.0	35	1.05	0.95				
	324	1	0.0	0.0	0.0	0.0	3	1.0175646793414541	-3.3839603189805056	230.0	36	1.05	0.95				
	325	1	0.0	0.0	0.0	0.0	3	1.022950905656256	1.9993832660874393	230.0	35	1.05	0.95				
];
