%% MATPOWER Case Format : Version 2
function mpc = RTS_GMLC
mpc.version = '2';

%%-----  Power Flow Data  -----%%
%% system MVA base
mpc.baseMVA = 100.0;
%% bus data
%    bus_i    type    Pd    Qd    Gs    Bs    area    Vm    Va    baseKV    zone    Vmax    Vmin
mpc.bus = [
	101	2	39.37110339789474	8.020039581052632	0.0	0.0	1	1.037927415052133	2.9964951432171483	138.0	11	1.05	0.95				
	102	2	35.36108360736842	7.290945073684211	0.0	0.0	1	1.0370604480221524	2.7159412009869013	138.0	12	1.05	0.95				
	103	1	65.6185056631579	13.48824838631579	0.0	0.0	1	1.028166601592713	2.1582512861081025	138.0	11	1.05	0.95				
	104	1	26.97649677263158	5.468208805263157	0.0	0.0	1	1.0233100070467969	-0.3973839640902727	138.0	11	1.05	0.95				
	105	1	25.882855011578947	5.1036615515789485	0.0	0.0	1	1.0388466692621148	-0.23263532488159702	138.0	11	1.05	0.95				
	106	1	49.57842650105263	10.207323103157897	0.0	-100.0	1	1.0480903756464925	-2.4719813619039592	138.0	12	1.05	0.95				
	107	2	45.56840671052632	9.113681342105263	0.0	0.0	1	1.0002591079830292	-9.881135649049146	138.0	12	1.05	0.95				
	108	1	62.33758038	12.759153878947368	0.0	0.0	1	1.0048034647137498	-7.625817189715459	138.0	12	1.05	0.95				
	109	1	63.795769394736844	13.12370113263158	0.0	0.0	1	1.0228715453708679	-1.4781287869592483	138.0	13	1.05	0.95				
	110	1	71.08671446842105	14.581890147368423	0.0	0.0	1	1.05	-2.3730441418379713	138.0	13	1.05	0.95				
	111	1	0.0	0.0	0.0	0.0	1	1.0000706191429451	0.350409180765379	230.0	13	1.05	0.95				
	112	1	0.0	0.0	0.0	0.0	1	1.0054039086939381	-0.48324887106161135	230.0	13	1.05	0.95				
	113	3	96.60502222631578	19.68555169894737	0.0	0.0	1	0.9922317670488883	2.281877007844854e-29	230.0	14	1.05	0.95				
	114	2	70.72216721473684	14.217342893684211	0.0	0.0	1	0.9950433369694046	3.0896607471184927	230.0	16	1.05	0.95				
	115	2	115.56147941789474	23.331024235789474	0.0	0.0	1	1.0289172776361162	10.544895378737817	230.0	16	1.05	0.95				
	116	2	36.45472536842105	7.290945073684211	0.0	0.0	1	1.0242609189038145	9.0443502663881	230.0	16	1.05	0.95				
	117	1	0.0	0.0	0.0	0.0	1	1.0316767692744215	13.818161664983784	230.0	17	1.05	0.95				
	118	2	121.39423547684211	24.789213250526316	0.0	0.0	1	1.0387747410343382	14.34193436124899	230.0	17	1.05	0.95				
	119	1	65.98305291684211	13.48824838631579	0.0	0.0	1	1.0128297300324478	5.5334273568199785	230.0	15	1.05	0.95				
	120	1	46.66204847157895	9.478228595789474	0.0	0.0	1	1.0078311388446688	3.16887912445592	230.0	15	1.05	0.95				
	121	2	0.0	0.0	0.0	0.0	1	1.0419971262020675	15.699874289182999	230.0	17	1.05	0.95				
	122	2	0.0	0.0	0.0	0.0	1	1.05	28.987418742833473	230.0	17	1.05	0.95				
	123	2	0.0	0.0	0.0	0.0	1	1.0057530518254816	2.1523724327731784	230.0	15	1.05	0.95				
	124	1	0.0	0.0	0.0	0.0	1	1.0181171789762753	7.374350037117365	230.0	16	1.05	0.95				
	201	2	39.643632947368424	8.075554859649122	0.0	0.0	2	1.0114601812072594	-16.021932433918508	138.0	21	1.05	0.95				
	202	2	35.60585551754386	7.3414135087719306	0.0	0.0	2	1.0106267063170262	-16.323068235805287	138.0	22	1.05	0.95				
	203	1	66.07272157894737	13.581614991228069	0.0	0.0	2	1.0135669655799384	-11.68467546356179	138.0	21	1.05	0.95				
	204	1	27.163229982456137	5.5060601315789475	0.0	0.0	2	1.011371009741915	-16.113091163992838	138.0	21	1.05	0.95				
	205	1	26.062017956140348	5.138989456140351	0.0	0.0	2	1.0263560023944496	-16.573135836342978	138.0	21	1.05	0.95				
	206	1	49.921611859649126	10.277978912280702	0.0	-100.0	2	1.0428380007077405	-17.361386408313933	138.0	22	1.05	0.95				
	207	2	45.88383442982457	9.176766885964913	0.0	0.0	2	0.994356470873439	-21.668743001645883	138.0	22	1.05	0.95				
	208	1	62.7690855	12.847473640350875	0.0	0.0	2	1.0019063891755902	-20.055382163172585	138.0	22	1.05	0.95				
	209	1	64.23736820175438	13.214544315789473	0.0	0.0	2	1.02208873090924	-14.411961581736625	138.0	23	1.05	0.95				
	210	1	71.57878171052631	14.682827017543861	0.0	0.0	2	1.05	-15.938400897374303	138.0	23	1.05	0.95				
	211	1	0.0	0.0	0.0	0.0	2	1.0037719174471742	-11.74938473384237	230.0	23	1.05	0.95				
	212	1	0.0	0.0	0.0	0.0	2	1.0097440236256034	-11.38640954895686	230.0	23	1.05	0.95				
	213	2	97.27372899122807	19.821816473684212	0.0	0.0	2	1.0013014345660562	-10.822298672072577	230.0	24	1.05	0.95				
	214	2	71.21171103508772	14.315756342105265	0.0	0.0	2	1.0013801071359125	-9.000607614564398	230.0	26	1.05	0.95				
	215	2	116.36140411403508	23.492523228070176	0.0	0.0	2	1.0163686596638548	-2.2636596615552502	230.0	26	1.05	0.95				
	216	2	36.70706754385965	7.3414135087719306	0.0	0.0	2	1.018192622457753	-2.896307621646561	230.0	26	1.05	0.95				
	217	1	0.0	0.0	0.0	0.0	2	1.0207059468846376	-0.9372019135069812	230.0	27	1.05	0.95				
	218	2	122.23453492105263	24.960805929824563	0.0	0.0	2	1.0202916639083475	-1.3371150849320215	230.0	27	1.05	0.95				
	219	1	66.43979225438596	13.581614991228069	0.0	0.0	2	1.0232080052210284	-3.8487206767141506	230.0	25	1.05	0.95				
	220	1	46.98504645614035	9.543837561403508	0.0	0.0	2	1.029846675184426	-3.9462446835732203	230.0	25	1.05	0.95				
	221	2	0.0	0.0	0.0	0.0	2	1.022546955337985	-0.8381196937922155	230.0	27	1.05	0.95				
	222	2	0.0	0.0	0.0	0.0	2	1.044252973490452	5.68601827837472	230.0	27	1.05	0.95				
	223	2	0.0	0.0	0.0	0.0	2	1.0337435898571317	-3.7201776421507438	230.0	25	1.05	0.95				
	224	1	0.0	0.0	0.0	0.0	2	1.0037878061516727	-5.818373121930244	230.0	26	1.05	0.95				
	301	2	45.885479267368424	9.347042072982456	0.0	0.0	3	1.0241507201586173	0.7130514794875903	138.0	31	1.05	0.95				
	302	2	41.211958230877194	8.497310975438598	0.0	0.0	3	1.0216537992863708	0.35677077025504733	138.0	32	1.05	0.95				
	303	1	76.47579877894736	15.720025304561403	0.0	0.0	3	1.05	14.77476344591379	138.0	31	1.05	0.95				
	304	1	31.440050609122807	6.372983231578948	0.0	0.0	3	1.0108075373482015	1.1315650366056562	138.0	31	1.05	0.95				
	305	1	30.165453962807014	5.948117682807019	0.0	0.0	3	1.029291638681889	-0.40300471277377564	138.0	31	1.05	0.95				
	306	1	57.781714632982464	11.896235365614038	0.0	-100.0	3	1.0394868136766526	-1.5595771539621386	138.0	32	1.05	0.95				
	307	2	53.108193596491226	10.621638719298247	0.0	0.0	3	0.95	-3.4830547437762247	138.0	32	1.05	0.95				
	308	1	72.65200884000001	14.870294207017542	0.0	0.0	3	0.9719178689246611	-2.6696321810442756	138.0	32	1.05	0.95				
	309	1	74.35147103508773	15.295159755789472	0.0	0.0	3	1.0145996229769771	3.549393306879858	138.0	33	1.05	0.95				
	310	1	82.8487820105263	16.994621950877196	0.0	0.0	3	1.044475820014042	-0.16496093427481215	138.0	33	1.05	0.95				
	311	1	0.0	0.0	0.0	0.0	3	1.0027104795322879	3.4921722017170977	230.0	33	1.05	0.95				
	312	1	0.0	0.0	0.0	0.0	3	1.007336541272236	4.248423372470927	230.0	33	1.05	0.95				
	313	2	112.58937042456141	22.942739633684212	0.0	0.0	3	1.0049112075674715	6.2407396846268455	230.0	34	1.05	0.95				
	314	2	82.42391646175439	16.569756402105266	0.0	0.0	3	0.9979095410220976	2.9779993567969676	230.0	36	1.05	0.95				
	315	2	134.68237896070175	27.19139512140351	0.0	0.0	3	1.0474890503178536	5.159645319003797	230.0	36	1.05	0.95				
	316	2	42.48655487719299	8.497310975438598	0.0	0.0	3	1.0306888675710504	4.813054030132979	230.0	36	1.05	0.95				
	317	1	0.0	0.0	0.0	0.0	3	1.0478515928685705	6.994245787033274	230.0	37	1.05	0.95				
	318	2	141.48022774105266	28.890857316491232	0.0	0.0	3	1.05	5.287680030125428	230.0	37	1.05	0.95				
	319	1	76.9006643277193	15.720025304561403	0.0	0.0	3	1.0214426850343108	4.749384791754202	230.0	35	1.05	0.95				
	320	1	54.38279024280702	11.046504268070176	0.0	0.0	3	1.0162732494919597	5.533564654386802	230.0	35	1.05	0.95				
	321	2	0.0	0.0	0.0	0.0	3	1.05	5.831282703099447	230.0	37	1.05	0.95				
	322	2	0.0	0.0	0.0	0.0	3	1.05	10.632565496971077	230.0	37	1.05	0.95				
	323	2	0.0	0.0	0.0	0.0	3	1.0142129169398142	6.304752452421077	230.0	35	1.05	0.95				
	324	1	0.0	0.0	0.0	0.0	3	1.0454072741694203	8.835953369569104	230.0	36	1.05	0.95				
	325	1	0.0	0.0	0.0	0.0	3	1.0147074483427523	7.117529520564618	230.0	35	1.05	0.95				
];
