%% MATPOWER Case Format : Version 2
function mpc = RTS_GMLC
mpc.version = '2';

%%-----  Power Flow Data  -----%%
%% system MVA base
mpc.baseMVA = 100.0;
%% bus data
%    bus_i    type    Pd    Qd    Gs    Bs    area    Vm    Va    baseKV    zone    Vmax    Vmin
mpc.bus = [
	101	2	42.550717452631574	8.667738740350876	0.0	0.0	1	1.0292585455326422	1.0838302235511479	138.0	11	1.05	0.95				
	102	2	38.21684808245613	7.879762491228071	0.0	0.0	1	1.0271662762617226	0.4815048026520196	138.0	12	1.05	0.95				
	103	1	70.91786242105262	14.577560608771927	0.0	0.0	1	1.0219575492987378	2.8905200134864764	138.0	11	1.05	0.95				
	104	1	29.155121217543854	5.9098218684210515	0.0	0.0	1	1.0198271345649448	-1.286330452715166	138.0	11	1.05	0.95				
	105	1	27.97315684385965	5.515833743859649	0.0	0.0	1	1.0344170030309257	-1.6553384905917172	138.0	11	1.05	0.95				
	106	1	53.58238494035088	11.031667487719298	0.0	-100.0	1	1.0453385256688121	-3.720004210434072	138.0	12	1.05	0.95				
	107	2	49.248515570175435	9.849703114035087	0.0	0.0	1	0.9992470129530879	-11.567655713222843	138.0	12	1.05	0.95				
	108	1	67.37196929999999	13.78958435964912	0.0	0.0	1	1.0023611974723083	-8.908345198937868	138.0	12	1.05	0.95				
	109	1	68.9479217982456	14.183572484210524	0.0	0.0	1	1.0218781928205205	-1.7258950075524264	138.0	13	1.05	0.95				
	110	1	76.82768428947368	15.759524982456142	0.0	0.0	1	1.05	-3.1747034601550794	138.0	13	1.05	0.95				
	111	1	0.0	0.0	0.0	0.0	1	1.0034306512527522	0.667483568746777	230.0	13	1.05	0.95				
	112	1	0.0	0.0	0.0	0.0	1	1.008125292738352	-0.5994133984808492	230.0	13	1.05	0.95				
	113	3	104.40685300877193	21.275358726315787	0.0	0.0	1	0.9987381680632059	-3.4338303440661584e-30	230.0	14	1.05	0.95				
	114	2	76.43369616491226	15.365536857894735	0.0	0.0	1	1.0027887491445995	4.49601815271674	230.0	16	1.05	0.95				
	115	2	124.8942354859649	25.21523997192982	0.0	0.0	1	1.022494664709761	14.409498895326553	230.0	16	1.05	0.95				
	116	2	39.39881245614035	7.879762491228071	0.0	0.0	1	1.0179750053239043	12.318149453091147	230.0	16	1.05	0.95				
	117	1	0.0	0.0	0.0	0.0	1	1.0226732156117002	18.46743828014185	230.0	17	1.05	0.95				
	118	2	131.19804547894736	26.79119247017544	0.0	0.0	1	1.0304711597835843	19.38480806047201	230.0	17	1.05	0.95				
	119	1	71.31185054561404	14.577560608771927	0.0	0.0	1	1.0094619451684053	7.5880663521438985	230.0	15	1.05	0.95				
	120	1	50.43047994385964	10.24369123859649	0.0	0.0	1	1.0096590919931812	4.230852947485342	230.0	15	1.05	0.95				
	121	2	0.0	0.0	0.0	0.0	1	1.0284779452848596	21.226448133345453	230.0	17	1.05	0.95				
	122	2	0.0	0.0	0.0	0.0	1	1.05	36.13110136900985	230.0	17	1.05	0.95				
	123	2	0.0	0.0	0.0	0.0	1	1.0111520128920195	2.69886864816307	230.0	15	1.05	0.95				
	124	1	0.0	0.0	0.0	0.0	1	1.0081258281185574	10.05275015950409	230.0	16	1.05	0.95				
	201	2	42.95860222736843	8.750826379649123	0.0	0.0	2	1.0070445654744855	-18.89062991007836	138.0	21	1.05	0.95				
	202	2	38.58318903754386	7.955296708771931	0.0	0.0	2	1.0061915031878752	-19.20817847046029	138.0	22	1.05	0.95				
	203	1	71.59767037894737	14.717298911228072	0.0	0.0	2	1.0135852459463608	-13.989090714980698	138.0	21	1.05	0.95				
	204	1	29.434597822456144	5.9664725315789475	0.0	0.0	2	1.0090593977306768	-18.934675717071944	138.0	21	1.05	0.95				
	205	1	28.241303316140353	5.568707696140352	0.0	0.0	2	1.0236609994596495	-19.45544601364074	138.0	21	1.05	0.95				
	206	1	54.09601761964913	11.137415392280705	0.0	-100.0	2	1.0408735600150905	-20.277952450199827	138.0	22	1.05	0.95				
	207	2	49.72060442982457	9.944120885964914	0.0	0.0	2	0.9895277499252262	-24.951974299754447	138.0	22	1.05	0.95				
	208	1	68.01778686	13.921769240350878	0.0	0.0	2	0.9980317828142431	-23.1919926403507	138.0	22	1.05	0.95				
	209	1	69.60884620175439	14.319534075789475	0.0	0.0	2	1.022737945308437	-17.056553873717107	138.0	23	1.05	0.95				
	210	1	77.56414291052633	15.910593417543861	0.0	0.0	2	1.05	-18.732133877136047	138.0	23	1.05	0.95				
	211	1	0.0	0.0	0.0	0.0	2	1.006452802908833	-14.318309714734074	230.0	23	1.05	0.95				
	212	1	0.0	0.0	0.0	0.0	2	1.0149469743396657	-13.669455704634679	230.0	23	1.05	0.95				
	213	2	105.40768139122807	21.479301113684215	0.0	0.0	2	1.0063349183977142	-13.310298895244397	230.0	24	1.05	0.95				
	214	2	77.16637807508772	15.512828582105264	0.0	0.0	2	1.0048847721983452	-11.514489779311235	230.0	26	1.05	0.95				
	215	2	126.0914528340351	25.456949468070178	0.0	0.0	2	1.0237011420743252	-3.949315892843909	230.0	26	1.05	0.95				
	216	2	39.776483543859655	7.955296708771931	0.0	0.0	2	1.0258497422152644	-5.189992055912277	230.0	26	1.05	0.95				
	217	1	0.0	0.0	0.0	0.0	2	1.0270134805062994	-2.6092210933825024	230.0	27	1.05	0.95				
	218	2	132.45569020105265	27.048008809824566	0.0	0.0	2	1.026977310897897	-3.069417715649597	230.0	27	1.05	0.95				
	219	1	71.99543521438598	14.717298911228072	0.0	0.0	2	1.0342696106130702	-6.268028149958109	230.0	25	1.05	0.95				
	220	1	50.913898936140356	10.34188572140351	0.0	0.0	2	1.044200092762431	-6.426449374528178	230.0	25	1.05	0.95				
	221	2	0.0	0.0	0.0	0.0	2	1.0293124392000554	-2.5618326004394993	230.0	27	1.05	0.95				
	222	2	0.0	0.0	0.0	0.0	2	1.0499999798316981	3.9103750864286426	230.0	27	1.05	0.95				
	223	2	0.0	0.0	0.0	0.0	2	1.0499999976786147	-6.220142004311815	230.0	25	1.05	0.95				
	224	1	0.0	0.0	0.0	0.0	2	1.0075780041306348	-7.71017583996018	230.0	26	1.05	0.95				
	301	2	43.18633345263158	8.797216073684211	0.0	0.0	3	1.0329381355403506	19.086021266775134	138.0	31	1.05	0.95				
	302	2	38.78772541578947	7.997469157894738	0.0	0.0	3	1.0302259004325822	18.744715483490445	138.0	32	1.05	0.95				
	303	1	71.97722242105263	14.795317942105262	0.0	0.0	3	1.0439904968977902	33.39277873873076	138.0	31	1.05	0.95				
	304	1	29.590635884210524	5.998101868421052	0.0	0.0	3	1.0164028540060688	19.62188760083472	138.0	31	1.05	0.95				
	305	1	28.391015510526312	5.598228410526316	0.0	0.0	3	1.0368430477910326	17.8155765695511	138.0	31	1.05	0.95				
	306	1	54.382790273684215	11.196456821052632	0.0	-100.0	3	1.0465511656652884	16.600467915386503	138.0	32	1.05	0.95				
	307	2	49.9841822368421	9.996836447368421	0.0	0.0	3	0.95	13.080264406449116	138.0	32	1.05	0.95				
	308	1	68.3783613	13.995571026315787	0.0	0.0	3	0.973655199030683	14.740293934655467	138.0	32	1.05	0.95				
	309	1	69.97785513157895	14.395444484210525	0.0	0.0	3	1.016787340392533	22.014479373976737	138.0	33	1.05	0.95				
	310	1	77.97532428947368	15.994938315789476	0.0	0.0	3	1.05	17.798104407606697	138.0	33	1.05	0.95				
	311	1	0.0	0.0	0.0	0.0	3	1.0041011406802893	20.342676118831438	230.0	33	1.05	0.95				
	312	1	0.0	0.0	0.0	0.0	3	1.0110015315501133	21.056026688505742	230.0	33	1.05	0.95				
	313	2	105.96646634210525	21.59316672631579	0.0	0.0	3	1.0072899150391208	22.796776183537684	230.0	34	1.05	0.95				
	314	2	77.57545083157893	15.595064857894736	0.0	0.0	3	0.9935704174593002	18.72220169815461	230.0	36	1.05	0.95				
	315	2	126.75988615263157	25.59190130526316	0.0	0.0	3	1.0372764200057722	16.46038244714364	230.0	36	1.05	0.95				
	316	2	39.987345789473686	7.997469157894738	0.0	0.0	3	1.015650485282809	16.316791371493952	230.0	36	1.05	0.95				
	317	1	0.0	0.0	0.0	0.0	3	1.0410163171449363	15.549626013209588	230.0	37	1.05	0.95				
	318	2	133.15786147894738	27.191395136842107	0.0	0.0	3	1.049141970849861	13.488207960991591	230.0	37	1.05	0.95				
	319	1	72.37709587894737	14.795317942105262	0.0	0.0	3	1.0122260591628636	17.44152778593478	230.0	35	1.05	0.95				
	320	1	51.18380261052632	10.396709905263158	0.0	0.0	3	1.0106232034056166	18.57641427717333	230.0	35	1.05	0.95				
	321	2	0.0	0.0	0.0	0.0	3	1.05	15.038148126888826	230.0	37	1.05	0.95				
	322	2	0.0	0.0	0.0	0.0	3	1.05	19.57468517077095	230.0	37	1.05	0.95				
	323	2	0.0	0.0	0.0	0.0	3	1.0102373829690225	19.39802216503034	230.0	35	1.05	0.95				
	324	1	0.0	0.0	0.0	0.0	3	1.034485220044706	23.910560618082844	230.0	36	1.05	0.95				
	325	1	0.0	0.0	0.0	0.0	3	1.012262582255643	19.56288886528567	230.0	35	1.05	0.95				
];
