%% MATPOWER Case Format : Version 2
function mpc = RTS_GMLC
mpc.version = '2';

%%-----  Power Flow Data  -----%%
%% system MVA base
mpc.baseMVA = 100.0;
%% bus data
%    bus_i    type    Pd    Qd    Gs    Bs    area    Vm    Va    baseKV    zone    Vmax    Vmin
mpc.bus = [
	101	2	47.37357742736842	9.650173179649121	0.0	0.0	1	1.035281150620064	1.677722701214956	138.0	11	1.05	0.95				
	102	2	42.54849083754385	8.77288470877193	0.0	0.0	1	1.0343507831249776	1.3703573396089892	138.0	12	1.05	0.95				
	103	1	78.95596237894736	16.229836711228067	0.0	0.0	1	1.0284904939707973	1.977422290340829	138.0	11	1.05	0.95				
	104	1	32.459673422456135	6.579663531578945	0.0	0.0	1	1.0211300518925395	-1.5374395216250683	138.0	11	1.05	0.95				
	105	1	31.143740716140343	6.1410192961403505	0.0	0.0	1	1.0366028083023284	-1.4974088485133275	138.0	11	1.05	0.95				
	106	1	59.655616019649116	12.282038592280701	0.0	-100.0	1	1.045447864750249	-3.7680735931729705	138.0	12	1.05	0.95				
	107	2	54.83052942982456	10.966105885964911	0.0	0.0	1	0.9984900459808168	-11.35353215822608	138.0	12	1.05	0.95				
	108	1	75.00816425999999	15.352548240350874	0.0	0.0	1	1.0012843290822335	-9.053418243623016	138.0	12	1.05	0.95				
	109	1	76.76274120175437	15.79119247578947	0.0	0.0	1	1.0234526942039843	-2.1417277510536104	138.0	13	1.05	0.95				
	110	1	85.5356259105263	17.54576941754386	0.0	0.0	1	1.05	-3.3406545101973335	138.0	13	1.05	0.95				
	111	1	0.0	0.0	0.0	0.0	1	1.004691802948465	0.25763512478805534	230.0	13	1.05	0.95				
	112	1	0.0	0.0	0.0	0.0	1	1.0087290739349204	-0.6320014768683162	230.0	13	1.05	0.95				
	113	3	116.24072239122805	23.68678871368421	0.0	0.0	1	0.9986242068288856	4.460113113848755e-28	230.0	14	1.05	0.95				
	114	2	85.0969816750877	17.10712518210526	0.0	0.0	1	1.0048601495684966	3.5988504037700744	230.0	16	1.05	0.95				
	115	2	139.05022263403507	28.07323106807017	0.0	0.0	1	1.038556931535155	12.542755183222162	230.0	16	1.05	0.95				
	116	2	43.864423543859644	8.77288470877193	0.0	0.0	1	1.030874907929876	10.889803218462106	230.0	16	1.05	0.95				
	117	1	0.0	0.0	0.0	0.0	1	1.036876411747362	16.61037389928221	230.0	17	1.05	0.95				
	118	2	146.0685304010526	29.827808009824558	0.0	0.0	1	1.047984845533276	17.10387959736719	230.0	17	1.05	0.95				
	119	1	79.39460661438595	16.229836711228067	0.0	0.0	1	1.0192520166361656	6.9214815686075895	230.0	15	1.05	0.95				
	120	1	56.14646213614034	11.404750121403508	0.0	0.0	1	1.015640767135773	4.292786138005617	230.0	15	1.05	0.95				
	121	2	0.0	0.0	0.0	0.0	1	1.05	18.62509743315438	230.0	17	1.05	0.95				
	122	2	0.0	0.0	0.0	0.0	1	1.05	36.0155915741872	230.0	17	1.05	0.95				
	123	2	0.0	0.0	0.0	0.0	1	1.0147678084230594	3.1848381031154687	230.0	15	1.05	0.95				
	124	1	0.0	0.0	0.0	0.0	1	1.0216303507483868	8.583459634028475	230.0	16	1.05	0.95				
	201	2	45.52557847578947	9.273728948771929	0.0	0.0	2	1.0077841728911123	-16.814523517001096	138.0	21	1.05	0.95				
	202	2	40.8887140014035	8.430662680701754	0.0	0.0	2	1.0069584241923892	-17.116180574357983	138.0	22	1.05	0.95				
	203	1	75.8759641263158	15.596725959298244	0.0	0.0	2	1.013749232487237	-12.307647827062006	138.0	21	1.05	0.95				
	204	1	31.193451918596487	6.322997010526316	0.0	0.0	2	1.0092257888608767	-16.68750656177494	138.0	21	1.05	0.95				
	205	1	29.928852516491222	5.901463876491228	0.0	0.0	2	1.0236842008359717	-17.180807896245923	138.0	21	1.05	0.95				
	206	1	57.32850622877193	11.802927752982455	0.0	-100.0	2	1.0403998725455372	-17.912259800056297	138.0	22	1.05	0.95				
	207	2	52.69164175438596	10.538328350877192	0.0	0.0	2	0.9903124262942539	-22.920447705903406	138.0	22	1.05	0.95				
	208	1	72.08216592	14.75365969122807	0.0	0.0	2	0.9976644059486817	-21.03047447239933	138.0	22	1.05	0.95				
	209	1	73.76829845614034	15.175192825263156	0.0	0.0	2	1.0233975689818395	-14.589405330336007	138.0	23	1.05	0.95				
	210	1	82.1989611368421	16.86132536140351	0.0	0.0	2	1.05	-16.185334310907784	138.0	23	1.05	0.95				
	211	1	0.0	0.0	0.0	0.0	2	1.0082001543680634	-11.404039370480715	230.0	23	1.05	0.95				
	212	1	0.0	0.0	0.0	0.0	2	1.014015826553023	-10.579690503965022	230.0	23	1.05	0.95				
	213	2	111.70628051929823	22.762789237894737	0.0	0.0	2	1.0100956077476204	-9.915679077054964	230.0	24	1.05	0.95				
	214	2	81.777428002807	16.43979222736842	0.0	0.0	2	1.0076285133667733	-8.632867277617537	230.0	26	1.05	0.95				
	215	2	133.62600348912278	26.978120578245612	0.0	0.0	2	1.0245287686661946	-1.9043510359849123	230.0	26	1.05	0.95				
	216	2	42.15331340350877	8.430662680701754	0.0	0.0	2	1.0276386115447953	-2.1973702318069037	230.0	26	1.05	0.95				
	217	1	0.0	0.0	0.0	0.0	2	1.0289699343192409	-0.3872982905995266	230.0	27	1.05	0.95				
	218	2	140.3705336336842	28.664253114385964	0.0	0.0	2	1.0280714569635672	-0.9309126156157265	230.0	27	1.05	0.95				
	219	1	76.29749726035088	15.596725959298244	0.0	0.0	2	1.0350971848933523	-2.350268157240347	230.0	25	1.05	0.95				
	220	1	53.956241156491224	10.95986148491228	0.0	0.0	2	1.0442975659513596	-1.6756670397626523	230.0	25	1.05	0.95				
	221	2	0.0	0.0	0.0	0.0	2	1.0302025015555736	-0.4509393627767213	230.0	27	1.05	0.95				
	222	2	0.0	0.0	0.0	0.0	2	1.0499999977530847	6.066236996437492	230.0	27	1.05	0.95				
	223	2	0.0	0.0	0.0	0.0	2	1.049999988052649	-0.9999312887072381	230.0	25	1.05	0.95				
	224	1	0.0	0.0	0.0	0.0	2	1.0077111713475293	-5.799393214421864	230.0	26	1.05	0.95				
	301	2	65.6336602231579	13.369819675087719	0.0	0.0	3	1.0359814497148963	-0.02049048702612371	138.0	31	1.05	0.95				
	302	2	58.94875038561403	12.154381522807018	0.0	0.0	3	1.0320205857161109	-0.3820647582808566	138.0	32	1.05	0.95				
	303	1	109.38943370526314	22.48560581719298	0.0	0.0	3	1.05	17.26709587496448	138.0	31	1.05	0.95				
	304	1	44.97121163438596	9.11578614210526	0.0	0.0	3	1.0085451084966897	1.7410255448346126	138.0	31	1.05	0.95				
	305	1	43.148054405964906	8.508067065964912	0.0	0.0	3	1.029374786419723	-0.9807771804865792	138.0	31	1.05	0.95				
	306	1	82.6497943550877	17.016134131929824	0.0	-100.0	3	1.031341851355643	-2.212492405328626	138.0	32	1.05	0.95				
	307	2	75.96488451754385	15.19297690350877	0.0	0.0	3	0.95	-2.247891340159027	138.0	32	1.05	0.95				
	308	1	103.91996201999999	21.270167664912275	0.0	0.0	3	0.9634907495074341	-2.0515527866895127	138.0	32	1.05	0.95				
	309	1	106.35083832456141	21.87788674105263	0.0	0.0	3	1.0109503312567125	6.056980697038094	138.0	33	1.05	0.95				
	310	1	118.50521984736841	24.308763045614036	0.0	0.0	3	1.0375730240927932	-0.010401184703763442	138.0	33	1.05	0.95				
	311	1	0.0	0.0	0.0	0.0	3	0.9978207878896961	5.373296946877644	230.0	33	1.05	0.95				
	312	1	0.0	0.0	0.0	0.0	3	1.0017274457892076	5.933428627059946	230.0	33	1.05	0.95				
	313	2	161.04555517719297	32.81683011157895	0.0	0.0	3	0.9980228482694842	7.767816798737895	230.0	34	1.05	0.95				
	314	2	117.89750077122805	23.70104396947368	0.0	0.0	3	0.9969422884605229	5.739795434267051	230.0	36	1.05	0.95				
	315	2	192.6469471364912	38.89402087298245	0.0	0.0	3	1.05	10.188328846291753	230.0	36	1.05	0.95				
	316	2	60.77190761403508	12.154381522807018	0.0	0.0	3	1.0426977348108415	9.886028026355426	230.0	36	1.05	0.95				
	317	1	0.0	0.0	0.0	0.0	3	1.05	14.94421465377834	230.0	37	1.05	0.95				
	318	2	202.3704523547368	41.32489717754385	0.0	0.0	3	1.042582205176295	11.86358578211786	230.0	37	1.05	0.95				
	319	1	109.9971527814035	22.48560581719298	0.0	0.0	3	1.0269338452349654	8.59929788666256	230.0	35	1.05	0.95				
	320	1	77.7880417459649	15.80069597964912	0.0	0.0	3	1.0184222831950303	8.64051755522542	230.0	35	1.05	0.95				
	321	2	0.0	0.0	0.0	0.0	3	1.0448779609981647	11.970132457552921	230.0	37	1.05	0.95				
	322	2	0.0	0.0	0.0	0.0	3	1.0499999922780203	17.479441384063854	230.0	37	1.05	0.95				
	323	2	0.0	0.0	0.0	0.0	3	1.01518464184606	9.138625779939566	230.0	35	1.05	0.95				
	324	1	0.0	0.0	0.0	0.0	3	1.0473475828966408	12.896793338425205	230.0	36	1.05	0.95				
	325	1	0.0	0.0	0.0	0.0	3	1.0162140809206415	9.967751555343593	230.0	35	1.05	0.95				
];
