%% MATPOWER Case Format : Version 2
function mpc = RTS_GMLC
mpc.version = '2';

%%-----  Power Flow Data  -----%%
%% system MVA base
mpc.baseMVA = 100.0;
%% bus data
%    bus_i    type    Pd    Qd    Gs    Bs    area    Vm    Va    baseKV    zone    Vmax    Vmin
mpc.bus = [
	101	2	45.63681347368421	9.29638792982456	0.0	0.0	1	1.011069432288636	-4.901095522135474	138.0	11	1.05	0.95				
	102	2	40.988619508771926	8.451261754385964	0.0	0.0	1	1.0110399478415772	-5.126444691400361	138.0	12	1.05	0.95				
	103	1	76.06135578947367	15.634834245614032	0.0	0.0	1	0.9985150027284416	0.26318164459732957	138.0	11	1.05	0.95				
	104	1	31.269668491228064	6.338446315789473	0.0	0.0	1	1.0011059289432205	-4.856665679373296	138.0	11	1.05	0.95				
	105	1	30.00197922807017	5.915883228070175	0.0	0.0	1	1.0153867566061021	-5.933484069769569	138.0	11	1.05	0.95				
	106	1	57.46857992982456	11.83176645614035	0.0	-100.0	1	1.0255478793534272	-7.019421678362739	138.0	12	1.05	0.95				
	107	2	52.820385964912276	10.564077192982454	0.0	0.0	1	0.9867063100793332	-10.126581230146318	138.0	12	1.05	0.95				
	108	1	72.258288	14.789708070175436	0.0	0.0	1	0.987397218547086	-9.172698775535343	138.0	12	1.05	0.95				
	109	1	73.94854035087718	15.212271157894733	0.0	0.0	1	1.0012831789819168	-3.642797664952349	138.0	13	1.05	0.95				
	110	1	82.39980210526315	16.902523508771928	0.0	0.0	1	1.0298269343772728	-5.581427859671724	138.0	13	1.05	0.95				
	111	1	0.0	0.0	0.0	0.0	1	0.9821982715562613	-0.8129464611217673	230.0	13	1.05	0.95				
	112	1	0.0	0.0	0.0	0.0	1	0.982922339856746	-1.5853167819783227	230.0	13	1.05	0.95				
	113	3	111.979218245614	22.818406736842103	0.0	0.0	1	0.9655362505472783	1.7713809826856036e-27	230.0	14	1.05	0.95				
	114	2	81.97723901754385	16.47996042105263	0.0	0.0	1	0.9920722443714786	2.4072217830353533	230.0	16	1.05	0.95				
	115	2	133.95249880701752	27.044037614035084	0.0	0.0	1	0.9886153068062616	11.5162413392533	230.0	16	1.05	0.95				
	116	2	42.25630877192982	8.451261754385964	0.0	0.0	1	0.9884704195263686	9.905562672865846	230.0	16	1.05	0.95				
	117	1	0.0	0.0	0.0	0.0	1	0.9916900732789679	15.541835472435036	230.0	17	1.05	0.95				
	118	2	140.7135082105263	28.73428996491228	0.0	0.0	1	0.9985517605920989	16.27026347879863	230.0	17	1.05	0.95				
	119	1	76.48391887719296	15.634834245614032	0.0	0.0	1	0.9888784398053543	6.272820144466339	230.0	15	1.05	0.95				
	120	1	54.08807522807017	10.986640280701753	0.0	0.0	1	0.9944532087219794	3.6472098435450935	230.0	15	1.05	0.95				
	121	2	0.0	0.0	0.0	0.0	1	0.9984117540642056	17.764315792525093	230.0	17	1.05	0.95				
	122	2	0.0	0.0	0.0	0.0	1	1.0103784754189513	32.74625305885037	230.0	17	1.05	0.95				
	123	2	0.0	0.0	0.0	0.0	1	0.99861701428096	2.558108212255384	230.0	15	1.05	0.95				
	124	1	0.0	0.0	0.0	0.0	1	0.9789417307041435	7.21626421683211	230.0	16	1.05	0.95				
	201	2	42.73760429052631	8.705808281403508	0.0	0.0	2	1.0106807256208763	-9.724085131344554	138.0	21	1.05	0.95				
	202	2	38.38470014982456	7.914371164912282	0.0	0.0	2	1.009627776292144	-9.874090631941648	138.0	22	1.05	0.95				
	203	1	71.22934048421052	14.641586655087718	0.0	0.0	2	0.997646045837643	-7.499142655197708	138.0	21	1.05	0.95				
	204	1	29.283173310175435	5.93577837368421	0.0	0.0	2	1.0013692900243283	-8.85482141175169	138.0	21	1.05	0.95				
	205	1	28.096017635438596	5.540059815438597	0.0	0.0	2	1.0173108868571168	-9.17825247133261	138.0	21	1.05	0.95				
	206	1	53.81772392140351	11.080119630877194	0.0	-100.0	2	1.029217600022538	-9.371521199853873	138.0	22	1.05	0.95				
	207	2	49.46481978070175	9.89296395614035	0.0	0.0	2	0.9718840121858429	-14.069392158706915	138.0	22	1.05	0.95				
	208	1	67.66787346	13.85014953859649	0.0	0.0	2	0.9807903199646207	-12.259615628494677	138.0	22	1.05	0.95				
	209	1	69.25074769298246	14.245868096842104	0.0	0.0	2	1.0065442849483157	-6.329135176229768	138.0	23	1.05	0.95				
	210	1	77.16511885789473	15.828742329824564	0.0	0.0	2	1.0338359518519564	-7.318078426615111	138.0	23	1.05	0.95				
	211	1	0.0	0.0	0.0	0.0	2	0.9871472457872706	-3.9375703657065917	230.0	23	1.05	0.95				
	212	1	0.0	0.0	0.0	0.0	2	0.9881426499781919	0.8202599215128603	230.0	23	1.05	0.95				
	213	2	104.86541793508772	21.368802145263157	0.0	0.0	2	0.9826674778940563	-1.2540715447182669	230.0	24	1.05	0.95				
	214	2	76.76940029964912	15.433023771578947	0.0	0.0	2	0.9837588565435177	-3.2562756649260054	230.0	26	1.05	0.95				
	215	2	125.44278296385964	25.325987727719294	0.0	0.0	2	0.9920972054084849	0.3341420258986242	230.0	26	1.05	0.95				
	216	2	39.5718558245614	7.914371164912282	0.0	0.0	2	0.9899494568628178	0.32493750730597165	230.0	26	1.05	0.95				
	217	1	0.0	0.0	0.0	0.0	2	1.0007392966059532	1.017907075686988	230.0	27	1.05	0.95				
	218	2	131.77427989578948	26.908861960701756	0.0	0.0	2	1.0016333302979108	0.49552442101421224	230.0	27	1.05	0.95				
	219	1	71.62505904245614	14.641586655087718	0.0	0.0	2	0.9824804884460926	1.6321824572538357	230.0	25	1.05	0.95				
	220	1	50.65197545543859	10.288682514385965	0.0	0.0	2	0.9793925049028218	3.625338594265513	230.0	25	1.05	0.95				
	221	2	0.0	0.0	0.0	0.0	2	1.0039303795383931	0.9966045148773526	230.0	27	1.05	0.95				
	222	2	0.0	0.0	0.0	0.0	2	1.0211292305422706	5.577299709707676	230.0	27	1.05	0.95				
	223	2	0.0	0.0	0.0	0.0	2	0.9790789816845727	5.062534839346745	230.0	25	1.05	0.95				
	224	1	0.0	0.0	0.0	0.0	2	0.9846040032742926	-2.647849601852835	230.0	26	1.05	0.95				
	301	2	48.94337235789474	9.969946221052632	0.0	0.0	3	1.0094201643676897	35.50459617751158	138.0	31	1.05	0.95				
	302	2	43.95839924736842	9.06358747368421	0.0	0.0	3	1.009858375097803	35.2054309933275	138.0	32	1.05	0.95				
	303	1	81.57228726315789	16.767636826315787	0.0	0.0	3	1.016111452161897	47.6175956314363	138.0	31	1.05	0.95				
	304	1	33.535273652631574	6.797690605263157	0.0	0.0	3	1.0006571666279327	36.5679789445251	138.0	31	1.05	0.95				
	305	1	32.175735531578944	6.344511231578948	0.0	0.0	3	1.0177391958948405	34.929432847925696	138.0	31	1.05	0.95				
	306	1	61.632394821052635	12.689022463157896	0.0	-100.0	3	1.0301754255688236	34.05473004886565	138.0	32	1.05	0.95				
	307	2	56.64742171052632	11.329484342105262	0.0	0.0	3	0.9689656870926814	32.0238111712939	138.0	32	1.05	0.95				
	308	1	77.49367289999999	15.861278078947366	0.0	0.0	3	0.9839996641066047	34.023101753738054	138.0	32	1.05	0.95				
	309	1	79.30639039473684	16.31445745263158	0.0	0.0	3	1.0076620269812184	39.6124972057067	138.0	33	1.05	0.95				
	310	1	88.36997786842105	18.12717494736842	0.0	0.0	3	1.0371674430536277	35.836542220212394	138.0	33	1.05	0.95				
	311	1	0.0	0.0	0.0	0.0	3	0.9907962877744887	39.229634195803115	230.0	33	1.05	0.95				
	312	1	0.0	0.0	0.0	0.0	3	0.9985919428671117	39.357027554075714	230.0	33	1.05	0.95				
	313	2	120.09253402631579	24.47168617894737	0.0	0.0	3	0.9977383446982305	42.30022024323442	230.0	34	1.05	0.95				
	314	2	87.91679849473684	17.673995573684213	0.0	0.0	3	0.9766906947550196	38.14641844015671	230.0	36	1.05	0.95				
	315	2	143.6578614578947	29.003479915789477	0.0	0.0	3	0.9816905562612787	34.98413073529694	230.0	36	1.05	0.95				
	316	2	45.31793736842105	9.06358747368421	0.0	0.0	3	0.9713091376384564	35.3171144149749	230.0	36	1.05	0.95				
	317	1	0.0	0.0	0.0	0.0	3	0.9861336106187337	35.95812384513043	230.0	37	1.05	0.95				
	318	2	150.90873143684212	30.816197410526318	0.0	0.0	3	0.9821859086135375	32.46614597192484	230.0	37	1.05	0.95				
	319	1	82.0254666368421	16.767636826315787	0.0	0.0	3	0.979660527249707	35.342027728440854	230.0	35	1.05	0.95				
	320	1	58.00695983157895	11.782663715789473	0.0	0.0	3	0.9876745105950678	35.0927041181827	230.0	35	1.05	0.95				
	321	2	0.0	0.0	0.0	0.0	3	0.9907021441814409	33.71433344421631	230.0	37	1.05	0.95				
	322	2	0.0	0.0	0.0	0.0	3	1.0072445679512338	37.03460174784216	230.0	37	1.05	0.95				
	323	2	0.0	0.0	0.0	0.0	3	0.9915343913587977	34.75980425470479	230.0	35	1.05	0.95				
	324	1	0.0	0.0	0.0	0.0	3	0.9927418680804913	41.209192432226764	230.0	36	1.05	0.95				
	325	1	0.0	0.0	0.0	0.0	3	0.9923662855919024	33.32532939349018	230.0	35	1.05	0.95				
];
