%% MATPOWER Case Format : Version 2
function mpc = RTS_GMLC
mpc.version = '2';

%%-----  Power Flow Data  -----%%
%% system MVA base
mpc.baseMVA = 100.0;
%% bus data
%    bus_i    type    Pd    Qd    Gs    Bs    area    Vm    Va    baseKV    zone    Vmax    Vmin
mpc.bus = [
	101	2	35.44334488042106	7.219940623789474	0.0	0.0	1	1.0082215604711964	-5.912207248455279	138.0	11	1.05	0.95				
	102	2	31.833374568526317	6.5635823852631585	0.0	0.0	1	1.0076564770035004	-6.0611868487639695	138.0	12	1.05	0.95				
	103	1	59.07224146736843	12.142627412736843	0.0	0.0	1	1.0201798377011932	0.3676444907822872	138.0	11	1.05	0.95				
	104	1	24.285254825473686	4.922686788947368	0.0	0.0	1	1.0109131681526924	-5.212609957177468	138.0	11	1.05	0.95				
	105	1	23.30071746768421	4.594507669684211	0.0	0.0	1	1.0252005149877497	-5.971174480048189	138.0	11	1.05	0.95				
	106	1	44.63236021978948	9.189015339368423	0.0	-100.0	1	1.0432605620484257	-6.432689197348731	138.0	12	1.05	0.95				
	107	2	41.02238990789474	8.204477981578947	0.0	0.0	1	1.0038528814133554	-9.85928149471711	138.0	12	1.05	0.95				
	108	1	56.118629393999996	11.486269174210525	0.0	0.0	1	1.0089856627799711	-8.423484556030896	138.0	12	1.05	0.95				
	109	1	57.43134587105263	11.814448293473683	0.0	0.0	1	1.0226192392008029	-3.153908761535149	138.0	13	1.05	0.95				
	110	1	63.99492825631579	13.127164770526317	0.0	0.0	1	1.05	-4.966689861799747	138.0	13	1.05	0.95				
	111	1	0.0	0.0	0.0	0.0	1	1.002136158402526	-0.20321356906145133	230.0	13	1.05	0.95				
	112	1	0.0	0.0	0.0	0.0	1	1.0060937089597333	-1.2591427089249483	230.0	13	1.05	0.95				
	113	3	86.96746660473684	17.72167244021053	0.0	0.0	1	0.9972623577535865	-4.2503302223488517e-29	230.0	14	1.05	0.95				
	114	2	63.66674913705263	12.798985651263159	0.0	0.0	1	1.0021249057585568	3.6262909701557535	230.0	16	1.05	0.95				
	115	2	104.03278080642104	21.003463632842106	0.0	0.0	1	1.0256805095752661	12.720663374728257	230.0	16	1.05	0.95				
	116	2	32.81791192631579	6.5635823852631585	0.0	0.0	1	1.0216033642437727	10.968438510852273	230.0	16	1.05	0.95				
	117	1	0.0	0.0	0.0	0.0	1	1.0257571212127996	16.429013471694052	230.0	17	1.05	0.95				
	118	2	109.28364671463157	22.31618010989474	0.0	0.0	1	1.0312979320236895	17.286271488240523	230.0	17	1.05	0.95				
	119	1	59.40042058663158	12.142627412736843	0.0	0.0	1	1.012662971383977	7.037307664198921	230.0	15	1.05	0.95				
	120	1	42.00692726568421	8.532657100842107	0.0	0.0	1	1.010193825872074	4.246435459436958	230.0	15	1.05	0.95				
	121	2	0.0	0.0	0.0	0.0	1	1.0306907120995672	18.89706755469588	230.0	17	1.05	0.95				
	122	2	0.0	0.0	0.0	0.0	1	1.05	31.840010956651607	230.0	17	1.05	0.95				
	123	2	0.0	0.0	0.0	0.0	1	1.0095623013410444	2.9690340090768874	230.0	15	1.05	0.95				
	124	1	0.0	0.0	0.0	0.0	1	1.0083080036624614	8.070240079379447	230.0	16	1.05	0.95				
	201	2	38.01164805473684	7.743113492631578	0.0	0.0	2	1.007019810710272	-13.318403031593386	138.0	21	1.05	0.95				
	202	2	34.14009130842105	7.039194084210526	0.0	0.0	2	1.0056034091369663	-13.58784199392869	138.0	22	1.05	0.95				
	203	1	63.35274675789474	13.022509055789472	0.0	0.0	2	1.0163323379774154	-10.02825210198619	138.0	21	1.05	0.95				
	204	1	26.045018111578944	5.279395563157895	0.0	0.0	2	1.0102729669724764	-13.416128389804213	138.0	21	1.05	0.95				
	205	1	24.989138998947364	4.927435858947369	0.0	0.0	2	1.0242928165374734	-13.785612169912397	138.0	21	1.05	0.95				
	206	1	47.866519772631584	9.854871717894738	0.0	-100.0	2	1.0420465023311296	-14.510725812795219	138.0	22	1.05	0.95				
	207	2	43.99496302631579	8.798992605263157	0.0	0.0	2	0.989655438948396	-18.589675145493715	138.0	22	1.05	0.95				
	208	1	60.185109419999996	12.31858964736842	0.0	0.0	2	1.0001346731491718	-17.08137361384244	138.0	22	1.05	0.95				
	209	1	61.592948236842105	12.670549351578947	0.0	0.0	2	1.023640911523722	-11.80868409925099	138.0	23	1.05	0.95				
	210	1	68.63214232105263	14.078388168421052	0.0	0.0	2	1.05	-13.1107667713638	138.0	23	1.05	0.95				
	211	1	0.0	0.0	0.0	0.0	2	1.0035008383967887	-9.205986580069588	230.0	23	1.05	0.95				
	212	1	0.0	0.0	0.0	0.0	2	1.0132625425548942	-8.450296631361562	230.0	23	1.05	0.95				
	213	2	93.26932161578947	19.00582402736842	0.0	0.0	2	1.0028485231353597	-7.8771986925584345	230.0	24	1.05	0.95				
	214	2	68.2801826168421	13.726428464210528	0.0	0.0	2	0.9977634910160311	-6.970889304128707	230.0	26	1.05	0.95				
	215	2	111.57122623473683	22.525421069473683	0.0	0.0	2	1.0208642342017142	-1.2289650462948127	230.0	26	1.05	0.95				
	216	2	35.19597042105263	7.039194084210526	0.0	0.0	2	1.0232865224267682	-1.777190715259663	230.0	26	1.05	0.95				
	217	1	0.0	0.0	0.0	0.0	2	1.0254795417049676	0.12211457040316326	230.0	27	1.05	0.95				
	218	2	117.20258150210525	23.933259886315792	0.0	0.0	2	1.0250156325270832	-0.2555798629115908	230.0	27	1.05	0.95				
	219	1	63.704706462105264	13.022509055789472	0.0	0.0	2	1.0332697449506019	-1.7727690198825272	230.0	25	1.05	0.95				
	220	1	45.05084213894737	9.150952309473684	0.0	0.0	2	1.043858592666234	-1.0916792338858035	230.0	25	1.05	0.95				
	221	2	0.0	0.0	0.0	0.0	2	1.0271658412921836	0.22005260703110185	230.0	27	1.05	0.95				
	222	2	0.0	0.0	0.0	0.0	2	1.0487553264670388	6.687450270714459	230.0	27	1.05	0.95				
	223	2	0.0	0.0	0.0	0.0	2	1.05	-0.46321070902745654	230.0	25	1.05	0.95				
	224	1	0.0	0.0	0.0	0.0	2	1.0082810689561297	-4.542517911926452	230.0	26	1.05	0.95				
	301	2	39.90635874947369	8.129073078596491	0.0	0.0	3	1.0187159137670818	20.00634785861879	138.0	31	1.05	0.95				
	302	2	35.84182221017544	7.39006643508772	0.0	0.0	3	1.0172225897979639	19.658480468905175	138.0	32	1.05	0.95				
	303	1	66.51059791578948	13.671622904912278	0.0	0.0	3	1.05	34.63674349478956	138.0	31	1.05	0.95				
	304	1	27.343245809824555	5.542549826315788	0.0	0.0	3	1.0107054236002146	20.865321026492346	138.0	31	1.05	0.95				
	305	1	26.234735844561403	5.173046504561404	0.0	0.0	3	1.0268945934764813	18.184383093901143	138.0	31	1.05	0.95				
	306	1	50.25245175859649	10.346093009122807	0.0	-100.0	3	1.0394085028320417	16.694711185142058	138.0	32	1.05	0.95				
	307	2	46.18791521929824	9.23758304385965	0.0	0.0	3	0.95	14.131772067274264	138.0	32	1.05	0.95				
	308	1	63.18506801999999	12.932616261403506	0.0	0.0	3	0.9730543396108936	15.647592317191624	138.0	32	1.05	0.95				
	309	1	64.66308130701755	13.302119583157893	0.0	0.0	3	1.0162977060662781	23.405569939810444	138.0	33	1.05	0.95				
	310	1	72.05314774210527	14.78013287017544	0.0	0.0	3	1.0440717515136095	17.54253181356531	138.0	33	1.05	0.95				
	311	1	0.0	0.0	0.0	0.0	3	1.003457772394269	20.507113655520026	230.0	33	1.05	0.95				
	312	1	0.0	0.0	0.0	0.0	3	1.008813976919393	20.284003805483824	230.0	33	1.05	0.95				
	313	2	97.91838026491227	19.953179374736845	0.0	0.0	3	1.0017256065212128	19.97816825803366	230.0	34	1.05	0.95				
	314	2	71.68364442035087	14.410629548421053	0.0	0.0	3	0.9983143372796397	21.109679351586788	230.0	36	1.05	0.95				
	315	2	117.13255299614033	23.6482125922807	0.0	0.0	3	1.0468611899962912	24.723811494807265	230.0	36	1.05	0.95				
	316	2	36.9503321754386	7.39006643508772	0.0	0.0	3	1.028767227646396	24.123313917934585	230.0	36	1.05	0.95				
	317	1	0.0	0.0	0.0	0.0	3	1.05	28.50277710605936	230.0	37	1.05	0.95				
	318	2	123.0446061442105	25.126225879298246	0.0	0.0	3	1.0494919702910226	24.85320708782417	230.0	37	1.05	0.95				
	319	1	66.88010123754385	13.671622904912278	0.0	0.0	3	1.0201318613367818	22.059070999005925	230.0	35	1.05	0.95				
	320	1	47.2964251845614	9.607086365614034	0.0	0.0	3	1.0156877083134923	20.976696397646023	230.0	35	1.05	0.95				
	321	2	0.0	0.0	0.0	0.0	3	1.05	25.48274745211013	230.0	37	1.05	0.95				
	322	2	0.0	0.0	0.0	0.0	3	1.0498578756697436	31.0177096035408	230.0	37	1.05	0.95				
	323	2	0.0	0.0	0.0	0.0	3	1.0135337971102727	20.6708479953691	230.0	35	1.05	0.95				
	324	1	0.0	0.0	0.0	0.0	3	1.0449421789817348	28.514202993816617	230.0	36	1.05	0.95				
	325	1	0.0	0.0	0.0	0.0	3	1.016086956527655	20.5283376673401	230.0	35	1.05	0.95				
];
