%% MATPOWER Case Format : Version 2
function mpc = RTS_GMLC
mpc.version = '2';

%%-----  Power Flow Data  -----%%
%% system MVA base
mpc.baseMVA = 100.0;
%% bus data
%    bus_i    type    Pd    Qd    Gs    Bs    area    Vm    Va    baseKV    zone    Vmax    Vmin
mpc.bus = [
	101	2	48.30875802947369	9.840672931929825	0.0	0.0	1	1.043092039965189	2.3645445673865657	138.0	11	1.05	0.95				
	102	2	43.38842156350877	8.946066301754387	0.0	0.0	1	1.0412655361401038	1.870004078239145	138.0	12	1.05	0.95				
	103	1	80.51459671578948	16.550222658245612	0.0	0.0	1	1.0297112229224474	-0.023817463115330558	138.0	11	1.05	0.95				
	104	1	33.100445316491225	6.709549726315789	0.0	0.0	1	1.026717125078682	-1.2271139232493091	138.0	11	1.05	0.95				
	105	1	31.75853537122807	6.262246411228071	0.0	0.0	1	1.0400049810100902	-1.348769053074328	138.0	11	1.05	0.95				
	106	1	60.83325085192983	12.524492822456143	0.0	-100.0	1	1.0465236933695352	-3.975164877277654	138.0	12	1.05	0.95				
	107	2	55.91291438596492	11.182582877192983	0.0	0.0	1	1.0006786164880295	-10.402013313301783	138.0	12	1.05	0.95				
	108	1	76.48886688	15.655616028070174	0.0	0.0	1	1.0034471132890757	-8.786471158225666	138.0	12	1.05	0.95				
	109	1	78.27808014035088	16.102919343157897	0.0	0.0	1	1.0244950866047011	-2.8800341451197933	138.0	13	1.05	0.95				
	110	1	87.22414644210527	17.892132603508774	0.0	0.0	1	1.05	-3.7466424689921136	138.0	13	1.05	0.95				
	111	1	0.0	0.0	0.0	0.0	1	1.003327153875239	-1.0413605473632077	230.0	13	1.05	0.95				
	112	1	0.0	0.0	0.0	0.0	1	1.0080532454100346	-1.2631052040601811	230.0	13	1.05	0.95				
	113	3	118.5353784982456	24.154379014736843	0.0	0.0	1	0.9969605203743191	-3.7325577611649596e-31	230.0	14	1.05	0.95				
	114	2	86.77684312701754	17.444829288421055	0.0	0.0	1	0.9989206130362425	0.4567008436459062	230.0	16	1.05	0.95				
	115	2	141.795150882807	28.627412165614036	0.0	0.0	1	1.0335230906517372	6.4075705832385905	230.0	16	1.05	0.95				
	116	2	44.73033150877193	8.946066301754387	0.0	0.0	1	1.0288879271909692	5.2122970276467475	230.0	16	1.05	0.95				
	117	1	0.0	0.0	0.0	0.0	1	1.0368068463024567	8.704080114716826	230.0	17	1.05	0.95				
	118	2	148.95200392421054	30.416625425964916	0.0	0.0	1	1.0403503799066605	9.494908685993412	230.0	17	1.05	0.95				
	119	1	80.9619000308772	16.550222658245612	0.0	0.0	1	1.0188401421072577	2.8868652892051743	230.0	15	1.05	0.95				
	120	1	57.25482433122807	11.629886192280702	0.0	0.0	1	1.013994606994798	1.562013280706035	230.0	15	1.05	0.95				
	121	2	0.0	0.0	0.0	0.0	1	1.04311118530565	11.145796899316446	230.0	17	1.05	0.95				
	122	2	0.0	0.0	0.0	0.0	1	1.05	16.769236348546656	230.0	17	1.05	0.95				
	123	2	0.0	0.0	0.0	0.0	1	1.012022873044473	1.182076943626838	230.0	15	1.05	0.95				
	124	1	0.0	0.0	0.0	0.0	1	1.0235028378700863	3.98717672428943	230.0	16	1.05	0.95				
	201	2	44.097591675789474	8.98284274877193	0.0	0.0	2	1.0127058989798268	-13.125291463383876	138.0	21	1.05	0.95				
	202	2	39.60617030140351	8.166220680701755	0.0	0.0	2	1.0117998964619712	-13.397593595922066	138.0	22	1.05	0.95				
	203	1	73.4959861263158	15.107508259298246	0.0	0.0	2	1.0157241708652416	-9.50314891940421	138.0	21	1.05	0.95				
	204	1	30.215016518596492	6.124665510526316	0.0	0.0	2	1.011775493526839	-12.922543302232278	138.0	21	1.05	0.95				
	205	1	28.990083416491224	5.716354476491229	0.0	0.0	2	1.0263732221278552	-13.334714789643831	138.0	21	1.05	0.95				
	206	1	55.53030062877193	11.432708952982457	0.0	-100.0	2	1.0419796612913577	-13.965428412348956	138.0	22	1.05	0.95				
	207	2	51.038879254385975	10.207775850877193	0.0	0.0	2	0.9945921503484024	-18.835492257146658	138.0	22	1.05	0.95				
	208	1	69.82118682000001	14.290886191228068	0.0	0.0	2	1.0007243769376386	-17.00405969650666	138.0	22	1.05	0.95				
	209	1	71.45443095614034	14.699197225263157	0.0	0.0	2	1.0235532173249784	-10.843109098463014	138.0	23	1.05	0.95				
	210	1	79.62065163684211	16.33244136140351	0.0	0.0	2	1.05	-12.229041847012155	138.0	23	1.05	0.95				
	211	1	0.0	0.0	0.0	0.0	2	1.006299449745012	-7.732391306754318	230.0	23	1.05	0.95				
	212	1	0.0	0.0	0.0	0.0	2	1.0089471735165982	-6.403146104099471	230.0	23	1.05	0.95				
	213	2	108.20242401929825	22.048795837894737	0.0	0.0	2	1.0037583675130577	-5.93984887255134	230.0	24	1.05	0.95				
	214	2	79.21234060280702	15.924130327368422	0.0	0.0	2	1.0069089348196782	-5.385883656848523	230.0	26	1.05	0.95				
	215	2	129.43459778912282	26.131906178245618	0.0	0.0	2	1.0236081828152592	0.6092457123027206	230.0	26	1.05	0.95				
	216	2	40.83110340350877	8.166220680701755	0.0	0.0	2	1.0244864144516534	0.4079734998975332	230.0	26	1.05	0.95				
	217	1	0.0	0.0	0.0	0.0	2	1.0275449772406366	1.3741037819993167	230.0	27	1.05	0.95				
	218	2	135.96757433368424	27.765150314385966	0.0	0.0	2	1.026977244523941	1.043849081987846	230.0	27	1.05	0.95				
	219	1	73.90429716035088	15.107508259298246	0.0	0.0	2	1.0263487106894356	0.8657454922519313	230.0	25	1.05	0.95				
	220	1	52.263812356491236	10.616086884912281	0.0	0.0	2	1.0307176230118376	2.05712248017426	230.0	25	1.05	0.95				
	221	2	0.0	0.0	0.0	0.0	2	1.0292618284569897	1.6924153349048912	230.0	27	1.05	0.95				
	222	2	0.0	0.0	0.0	0.0	2	1.0499999792637411	8.058433028357925	230.0	27	1.05	0.95				
	223	2	0.0	0.0	0.0	0.0	2	1.0339539203251187	3.0184765297877707	230.0	25	1.05	0.95				
	224	1	0.0	0.0	0.0	0.0	2	1.0082343593621745	-3.187474655115846	230.0	26	1.05	0.95				
	301	2	54.580828850526316	11.118316988070175	0.0	0.0	3	1.007203586114109	9.147569131520198	138.0	31	1.05	0.95				
	302	2	49.02167035649123	10.107560898245614	0.0	0.0	3	1.006425281573894	8.88534492443267	138.0	32	1.05	0.95				
	303	1	90.96804808421052	18.698987661754384	0.0	0.0	3	1.0456400756069235	19.823004757982	138.0	31	1.05	0.95				
	304	1	37.39797532350877	7.58067067368421	0.0	0.0	3	1.0089030481304282	10.317724626328454	138.0	31	1.05	0.95				
	305	1	35.88184118877192	7.07529262877193	0.0	0.0	3	1.0221643396500764	8.853841344484046	138.0	31	1.05	0.95				
	306	1	68.73141410807018	14.15058525754386	0.0	-100.0	3	1.0378334848027588	8.105583341222886	138.0	32	1.05	0.95				
	307	2	63.17225561403508	12.634451122807016	0.0	0.0	3	0.9870899711427048	3.5310780986931047	138.0	32	1.05	0.95				
	308	1	86.41964567999999	17.688231571929823	0.0	0.0	3	0.9951556651477423	5.824219381251955	138.0	32	1.05	0.95				
	309	1	88.44115785964912	18.193609616842103	0.0	0.0	3	1.027391695871193	13.552178342458676	138.0	33	1.05	0.95				
	310	1	98.54871875789473	20.21512179649123	0.0	0.0	3	1.05	10.189004109839365	138.0	33	1.05	0.95				
	311	1	0.0	0.0	0.0	0.0	3	1.0102015074906945	14.583011765465956	230.0	33	1.05	0.95				
	312	1	0.0	0.0	0.0	0.0	3	1.0164040225239668	15.097719637494029	230.0	33	1.05	0.95				
	313	2	133.92518190175437	27.290414425263158	0.0	0.0	3	1.0152587993223836	18.41391498914916	230.0	34	1.05	0.95				
	314	2	98.04334071298246	19.709743751578944	0.0	0.0	3	1.004613781323521	14.027474877580913	230.0	36	1.05	0.95				
	315	2	160.20484023719297	32.34419487438596	0.0	0.0	3	1.0397359782878697	12.458266077861989	230.0	36	1.05	0.95				
	316	2	50.537804491228066	10.107560898245614	0.0	0.0	3	1.0327549077249623	12.547451533886083	230.0	36	1.05	0.95				
	317	1	0.0	0.0	0.0	0.0	3	1.0421291150503433	13.290521156830007	230.0	37	1.05	0.95				
	318	2	168.29088895578948	34.36570705403509	0.0	0.0	3	1.0410353276954893	11.739389040082498	230.0	37	1.05	0.95				
	319	1	91.4734261291228	18.698987661754384	0.0	0.0	3	1.0275594006887008	13.308750651697045	230.0	35	1.05	0.95				
	320	1	64.68838974877193	13.139829167719297	0.0	0.0	3	1.0241678046242702	13.803051443655749	230.0	35	1.05	0.95				
	321	2	0.0	0.0	0.0	0.0	3	1.0418915595750473	12.56160572961626	230.0	37	1.05	0.95				
	322	2	0.0	0.0	0.0	0.0	3	1.05	17.170879371613317	230.0	37	1.05	0.95				
	323	2	0.0	0.0	0.0	0.0	3	1.0225017809336412	14.14003916582992	230.0	35	1.05	0.95				
	324	1	0.0	0.0	0.0	0.0	3	1.041231751832851	16.575516710084827	230.0	36	1.05	0.95				
	325	1	0.0	0.0	0.0	0.0	3	1.0254948605221894	13.894301892495424	230.0	35	1.05	0.95				
];
