%% MATPOWER Case Format : Version 2
function mpc = RTS_GMLC
mpc.version = '2';

%%-----  Power Flow Data  -----%%
%% system MVA base
mpc.baseMVA = 100.0;
%% bus data
%    bus_i    type    Pd    Qd    Gs    Bs    area    Vm    Va    baseKV    zone    Vmax    Vmin
mpc.bus = [
	101	2	66.38446314947369	13.522761011929823	0.0	0.0	1	1.0321697420135854	1.4646772538499901	138.0	11	1.05	0.95				
	102	2	59.62308264350877	12.293419101754386	0.0	0.0	1	1.0318173672415891	1.2488979514998657	138.0	12	1.05	0.95				
	103	1	110.64077191578947	22.742825338245616	0.0	0.0	1	1.0292340083651494	1.2917566095700344	138.0	11	1.05	0.95				
	104	1	45.48565067649123	9.22006432631579	0.0	0.0	1	1.018216343341284	-2.4569654290071385	138.0	11	1.05	0.95				
	105	1	43.641637811228065	8.60539337122807	0.0	0.0	1	1.032042235360477	-2.544771791518059	138.0	11	1.05	0.95				
	106	1	83.59524989192984	17.21078674245614	0.0	-100.0	1	1.0391627839065438	-5.380480498965489	138.0	12	1.05	0.95				
	107	2	76.83386938596492	15.366773877192982	0.0	0.0	1	1.0305389383091987	-12.004533407809932	138.0	12	1.05	0.95				
	108	1	105.10873332	21.513483428070174	0.0	0.0	1	1.015665768414951	-10.501482188870224	138.0	12	1.05	0.95				
	109	1	107.56741714035087	22.128154383157895	0.0	0.0	1	1.0261866041582188	-3.2064368930611518	138.0	13	1.05	0.95				
	110	1	119.86083624210526	24.586838203508773	0.0	0.0	1	1.05	-4.668866925734228	138.0	13	1.05	0.95				
	111	1	0.0	0.0	0.0	0.0	1	1.010800048284995	-0.5846708116295696	230.0	13	1.05	0.95				
	112	1	0.0	0.0	0.0	0.0	1	1.016163413857491	-0.6244856685457183	230.0	13	1.05	0.95				
	113	3	162.8878030982456	33.192231574736844	0.0	0.0	1	1.0108658157893635	-1.729191776343891e-28	230.0	14	1.05	0.95				
	114	2	119.24616528701755	23.97216724842105	0.0	0.0	1	1.0110761826942654	2.3338063590432285	230.0	16	1.05	0.95				
	115	2	194.85069276280703	39.338941125614035	0.0	0.0	1	1.045447094612182	11.196529381111887	230.0	16	1.05	0.95				
	116	2	61.467095508771926	12.293419101754386	0.0	0.0	1	1.0418842347676327	10.074937529400612	230.0	16	1.05	0.95				
	117	1	0.0	0.0	0.0	0.0	1	1.0446925666014695	14.082471751736568	230.0	17	1.05	0.95				
	118	2	204.68542804421054	41.79762494596492	0.0	0.0	1	1.0491756509716532	14.483482913957593	230.0	17	1.05	0.95				
	119	1	111.25544287087719	22.742825338245616	0.0	0.0	1	1.0363038791259915	7.617076305851254	230.0	15	1.05	0.95				
	120	1	78.67788225122807	15.981444832280703	0.0	0.0	1	1.0365184476370926	6.1219575048856765	230.0	15	1.05	0.95				
	121	2	0.0	0.0	0.0	0.0	1	1.05	15.92213956100222	230.0	17	1.05	0.95				
	122	2	0.0	0.0	0.0	0.0	1	1.05	27.362937320399602	230.0	17	1.05	0.95				
	123	2	0.0	0.0	0.0	0.0	1	1.0380491738563626	5.758943944761278	230.0	15	1.05	0.95				
	124	1	0.0	0.0	0.0	0.0	1	1.02694408706361	7.508293509746871	230.0	16	1.05	0.95				
	201	2	87.32819141052632	17.789076028070173	0.0	0.0	2	1.0359813431396463	-19.065974459893074	138.0	21	1.05	0.95				
	202	2	78.43365339649122	16.171887298245615	0.0	0.0	2	1.039532769163282	-19.193479390945093	138.0	22	1.05	0.95				
	203	1	145.5469856842105	29.917991501754383	0.0	0.0	2	1.0200296143586691	-15.573187164410674	138.0	21	1.05	0.95				
	204	1	59.835983003508765	12.12891547368421	0.0	0.0	2	1.0177467967719407	-20.43332396033912	138.0	21	1.05	0.95				
	205	1	57.41019990877192	11.32032110877193	0.0	0.0	2	1.0326304750536066	-20.894478053070067	138.0	21	1.05	0.95				
	206	1	109.96883362807017	22.64064221754386	0.0	-100.0	2	1.0367060878188703	-22.679295020103762	138.0	22	1.05	0.95				
	207	2	101.0742956140351	20.214859122807017	0.0	0.0	2	0.95	-34.11724761581655	138.0	22	1.05	0.95				
	208	1	138.2696364	28.300802771929824	0.0	0.0	2	0.9561136348568379	-30.294743332788688	138.0	22	1.05	0.95				
	209	1	141.5040138596491	29.1093971368421	0.0	0.0	2	1.0258914812977542	-18.178859071128265	138.0	23	1.05	0.95				
	210	1	157.6759011578947	32.34377459649123	0.0	0.0	2	1.05	-20.200124341745486	138.0	23	1.05	0.95				
	211	1	0.0	0.0	0.0	0.0	2	1.0341958209952495	-14.183602826132333	230.0	23	1.05	0.95				
	212	1	0.0	0.0	0.0	0.0	2	1.028941598966621	-9.2933702451273	230.0	23	1.05	0.95				
	213	2	214.2775067017544	43.66409570526316	0.0	0.0	2	1.05	-11.596473970236252	230.0	24	1.05	0.95				
	214	2	156.86730679298245	31.535180231578945	0.0	0.0	2	1.05	-11.678484176544165	230.0	26	1.05	0.95				
	215	2	256.3244136771929	51.750039354385954	0.0	0.0	2	1.043386769730865	-2.8744914412387446	230.0	26	1.05	0.95				
	216	2	80.85943649122807	16.171887298245615	0.0	0.0	2	1.0478233722232668	-3.1275045615518082	230.0	26	1.05	0.95				
	217	1	0.0	0.0	0.0	0.0	2	1.0481860961150606	0.18137436062460688	230.0	27	1.05	0.95				
	218	2	269.2619235157895	54.984416814035086	0.0	0.0	2	1.0499999902156685	0.10160062565993684	230.0	27	1.05	0.95				
	219	1	146.35558004912278	29.917991501754383	0.0	0.0	2	1.0427771304262445	-3.4743837821373096	230.0	25	1.05	0.95				
	220	1	103.50007870877191	21.023453487719298	0.0	0.0	2	1.0456767895774093	-2.2635012390464007	230.0	25	1.05	0.95				
	221	2	0.0	0.0	0.0	0.0	2	1.05	-0.12352728547691423	230.0	27	1.05	0.95				
	222	2	0.0	0.0	0.0	0.0	2	1.05	6.508291046391235	230.0	27	1.05	0.95				
	223	2	0.0	0.0	0.0	0.0	2	1.05	-1.0134760507213223	230.0	25	1.05	0.95				
	224	1	0.0	0.0	0.0	0.0	2	1.0186274144520884	-7.577391812127384	230.0	26	1.05	0.95				
	301	2	65.65074343578948	13.37329958877193	0.0	0.0	3	1.0037079107406417	-7.789775829877113	138.0	31	1.05	0.95				
	302	2	58.964093641403515	12.157545080701755	0.0	0.0	3	1.0034010987421556	-7.8845813916014915	138.0	32	1.05	0.95				
	303	1	109.4179057263158	22.491458399298246	0.0	0.0	3	1.0194297644414394	-2.8311223861559385	138.0	31	1.05	0.95				
	304	1	44.98291679859649	9.118158810526316	0.0	0.0	3	1.0041381265785825	-5.922136608473919	138.0	31	1.05	0.95				
	305	1	43.15928503649123	8.510281556491229	0.0	0.0	3	1.0177909480458425	-6.1138195975191065	138.0	31	1.05	0.95				
	306	1	82.67130654877194	17.020563112982458	0.0	-100.0	3	1.0336479733866875	-5.858595660871822	138.0	32	1.05	0.95				
	307	2	75.98465675438597	15.196931350877193	0.0	0.0	3	0.991588215730103	-12.87492175557774	138.0	32	1.05	0.95				
	308	1	103.94701044000001	21.27570389122807	0.0	0.0	3	0.9923796200363372	-9.982062394520167	138.0	32	1.05	0.95				
	309	1	106.37851945614037	21.883581145263157	0.0	0.0	3	1.0261275062803328	-1.8361660275242122	138.0	33	1.05	0.95				
	310	1	118.5360645368421	24.31509016140351	0.0	0.0	3	1.05	-2.492635341375126	138.0	33	1.05	0.95				
	311	1	0.0	0.0	0.0	0.0	3	1.0162663846286442	4.306968677458005	230.0	33	1.05	0.95				
	312	1	0.0	0.0	0.0	0.0	3	1.0188323318920711	5.228989389197812	230.0	33	1.05	0.95				
	313	2	161.08747231929826	32.82537171789474	0.0	0.0	3	1.0305790236660959	9.905486786037946	230.0	34	1.05	0.95				
	314	2	117.92818728280703	23.707212907368422	0.0	0.0	3	1.0232230053740297	5.797791906381067	230.0	36	1.05	0.95				
	315	2	192.69708952912282	38.904144258245616	0.0	0.0	3	1.0396369412051778	3.948367570708973	230.0	36	1.05	0.95				
	316	2	60.78772540350877	12.157545080701755	0.0	0.0	3	1.0400149101545684	5.330188736082324	230.0	36	1.05	0.95				
	317	1	0.0	0.0	0.0	0.0	3	1.04638685112718	5.905217017871465	230.0	37	1.05	0.95				
	318	2	202.42312559368423	41.33565327438597	0.0	0.0	3	1.0439930598152252	4.229715594663695	230.0	37	1.05	0.95				
	319	1	110.02578298035088	22.491458399298246	0.0	0.0	3	1.0379065293454715	6.988891058813664	230.0	35	1.05	0.95				
	320	1	77.80828851649123	15.804808604912282	0.0	0.0	3	1.0375354995351431	7.963412733227356	230.0	35	1.05	0.95				
	321	2	0.0	0.0	0.0	0.0	3	1.0435713530410378	4.727579039561793	230.0	37	1.05	0.95				
	322	2	0.0	0.0	0.0	0.0	3	1.05	9.522212353561185	230.0	37	1.05	0.95				
	323	2	0.0	0.0	0.0	0.0	3	1.0378408810585171	8.525097549935523	230.0	35	1.05	0.95				
	324	1	0.0	0.0	0.0	0.0	3	1.0257672398449365	3.485816755751425	230.0	36	1.05	0.95				
	325	1	0.0	0.0	0.0	0.0	3	1.037775553903533	9.152597529182229	230.0	35	1.05	0.95				
];
