%% MATPOWER Case Format : Version 2
function mpc = RTS_GMLC
mpc.version = '2';

%%-----  Power Flow Data  -----%%
%% system MVA base
mpc.baseMVA = 100.0;
%% bus data
%    bus_i    type    Pd    Qd    Gs    Bs    area    Vm    Va    baseKV    zone    Vmax    Vmin
mpc.bus = [
	101	2	46.986145465263164	9.571251854035088	0.0	0.0	1	1.05	5.517394210978172	138.0	11	1.05	0.95				
	102	2	42.200519538245615	8.70113804912281	0.0	0.0	1	1.0492891310552936	5.176375109666767	138.0	12	1.05	0.95				
	103	1	78.31024244210528	16.097105390877193	0.0	0.0	1	1.0320003426646172	1.4252227443602732	138.0	11	1.05	0.95				
	104	1	32.194210781754386	6.525853536842105	0.0	0.0	1	1.0301213626485475	0.9730968492501488	138.0	11	1.05	0.95				
	105	1	30.889040074385964	6.090796634385966	0.0	0.0	1	1.0426304758734743	0.886334633866402	138.0	11	1.05	0.95				
	106	1	59.16773873403509	12.181593268771932	0.0	-100.0	1	1.0478026566843877	-2.206393967669171	138.0	12	1.05	0.95				
	107	2	54.38211280701755	10.876422561403508	0.0	0.0	1	1.0000897186726987	-10.88088226989116	138.0	12	1.05	0.95				
	108	1	74.39473032000001	15.22699158596491	0.0	0.0	1	1.002555157098824	-8.533398241489106	138.0	12	1.05	0.95				
	109	1	76.13495792982457	15.662048488421052	0.0	0.0	1	1.0247000674433573	-1.8577596941780168	138.0	13	1.05	0.95				
	110	1	84.83609597894737	17.40227609824562	0.0	0.0	1	1.05	-2.5273379228483015	138.0	13	1.05	0.95				
	111	1	0.0	0.0	0.0	0.0	1	1.0033732300170024	-0.604613933030576	230.0	13	1.05	0.95				
	112	1	0.0	0.0	0.0	0.0	1	1.009411055772882	-0.6640580615298991	230.0	13	1.05	0.95				
	113	3	115.29007915087719	23.493072732631582	0.0	0.0	1	0.9973711560245675	3.202991123968154e-26	230.0	14	1.05	0.95				
	114	2	84.40103907649123	16.967219195789475	0.0	0.0	1	0.9967534555708668	0.5815258845727874	230.0	16	1.05	0.95				
	115	2	137.9130380785965	27.843641757192984	0.0	0.0	1	1.0328633503147875	5.745642669731609	230.0	16	1.05	0.95				
	116	2	43.50569024561403	8.70113804912281	0.0	0.0	1	1.0283287944945223	4.808255255645532	230.0	16	1.05	0.95				
	117	1	0.0	0.0	0.0	0.0	1	1.0368208828352081	7.816605831923711	230.0	17	1.05	0.95				
	118	2	144.87394851789475	29.583869367017545	0.0	0.0	1	1.0401061237850493	8.405558511844648	230.0	17	1.05	0.95				
	119	1	78.74529934456142	16.097105390877193	0.0	0.0	1	1.020487998609614	3.0323889569038607	230.0	15	1.05	0.95				
	120	1	55.68728351438597	11.31147946385965	0.0	0.0	1	1.01652957313047	1.9791912422479787	230.0	15	1.05	0.95				
	121	2	0.0	0.0	0.0	0.0	1	1.0430982446524064	9.674919106148735	230.0	17	1.05	0.95				
	122	2	0.0	0.0	0.0	0.0	1	1.05	15.456986014470276	230.0	17	1.05	0.95				
	123	2	0.0	0.0	0.0	0.0	1	1.0149411250346017	1.7391623321170535	230.0	15	1.05	0.95				
	124	1	0.0	0.0	0.0	0.0	1	1.0257782157730966	4.117782611895058	230.0	16	1.05	0.95				
	201	2	47.59955928	9.69620652	0.0	0.0	2	1.0169647712399874	-16.01920292738863	138.0	21	1.05	0.95				
	202	2	42.75145602	8.814733200000001	0.0	0.0	2	1.0165875952579733	-16.18722643481075	138.0	22	1.05	0.95				
	203	1	79.3325988	16.307256419999998	0.0	0.0	2	1.0151579790145506	-11.998841302497356	138.0	21	1.05	0.95				
	204	1	32.614512839999996	6.6110499	0.0	0.0	2	1.0129569443198834	-16.32569445938497	138.0	21	1.05	0.95				
	205	1	31.29230286	6.1703132400000005	0.0	0.0	2	1.0281401761596554	-16.812291512620966	138.0	21	1.05	0.95				
	206	1	59.940185760000006	12.340626480000001	0.0	-100.0	2	1.0421427831022032	-17.755076190485628	138.0	22	1.05	0.95				
	207	2	55.0920825	11.0184165	0.0	0.0	2	0.9940360970991475	-23.36256084227278	138.0	22	1.05	0.95				
	208	1	75.36596886	15.425783099999999	0.0	0.0	2	0.9988517808951493	-21.352668021539305	138.0	22	1.05	0.95				
	209	1	77.1289155	15.866519760000001	0.0	0.0	2	1.0226585577536504	-14.613358324717	138.0	23	1.05	0.95				
	210	1	85.9436487	17.629466400000002	0.0	0.0	2	1.05	-16.19299650177361	138.0	23	1.05	0.95				
	211	1	0.0	0.0	0.0	0.0	2	1.0081401699419572	-11.51895587756683	230.0	23	1.05	0.95				
	212	1	0.0	0.0	0.0	0.0	2	1.0089258958924818	-10.784936267080367	230.0	23	1.05	0.95				
	213	2	116.7952149	23.79977964	0.0	0.0	2	1.0051393680403116	-10.160310126418324	230.0	24	1.05	0.95				
	214	2	85.50291204	17.18872974	0.0	0.0	2	1.0118048904926582	-8.740303613453193	230.0	26	1.05	0.95				
	215	2	139.71352122	28.207146240000004	0.0	0.0	2	1.025185066965625	-1.4188380807051746	230.0	26	1.05	0.95				
	216	2	44.073666	8.814733200000001	0.0	0.0	2	1.026058644859915	-2.1040581422055333	230.0	26	1.05	0.95				
	217	1	0.0	0.0	0.0	0.0	2	1.0287670224941707	-0.497819484645098	230.0	27	1.05	0.95				
	218	2	146.76530778	29.970092880000003	0.0	0.0	2	1.0282326147911798	-0.9264998305858241	230.0	27	1.05	0.95				
	219	1	79.77333546	16.307256419999998	0.0	0.0	2	1.0261674973911767	-2.481646971392873	230.0	25	1.05	0.95				
	220	1	56.41429248000001	11.45915316	0.0	0.0	2	1.0292726851521308	-1.9499621085235699	230.0	25	1.05	0.95				
	221	2	0.0	0.0	0.0	0.0	2	1.0304807000595329	-0.2933939075973203	230.0	27	1.05	0.95				
	222	2	0.0	0.0	0.0	0.0	2	1.0499999992552471	6.11860875260094	230.0	27	1.05	0.95				
	223	2	0.0	0.0	0.0	0.0	2	1.0317138644345867	-1.3231597893990064	230.0	25	1.05	0.95				
	224	1	0.0	0.0	0.0	0.0	2	1.0084247053869526	-5.383295699673727	230.0	26	1.05	0.95				
	301	2	61.99493832	12.628598546666666	0.0	0.0	3	1.0016384894378096	-7.387873721076343	138.0	31	1.05	0.95				
	302	2	55.680639046666656	11.480544133333332	0.0	0.0	3	1.0013104893542806	-7.488439905626782	138.0	32	1.05	0.95				
	303	1	103.3248972	21.239006646666663	0.0	0.0	3	1.0216766421920322	-2.4285076869833686	138.0	31	1.05	0.95				
	304	1	42.478013293333326	8.610408099999999	0.0	0.0	3	1.0042483459719018	-5.698853936040443	138.0	31	1.05	0.95				
	305	1	40.75593167333333	8.036380893333334	0.0	0.0	3	1.017424346840709	-5.911772495561015	138.0	31	1.05	0.95				
	306	1	78.06770010666668	16.072761786666668	0.0	-100.0	3	1.0342448488018623	-5.739069077013711	138.0	32	1.05	0.95				
	307	2	71.75340083333333	14.350680166666665	0.0	0.0	3	0.992859794965962	-10.78000067428844	138.0	32	1.05	0.95				
	308	1	98.15865233999999	20.090952233333333	0.0	0.0	3	0.9987106531321297	-8.148158656151807	138.0	32	1.05	0.95				
	309	1	100.45476116666666	20.664979439999996	0.0	0.0	3	1.0264113648387039	-1.8933900340357614	138.0	33	1.05	0.95				
	310	1	111.9353053	22.961088266666664	0.0	0.0	3	1.05	-2.5991161393695084	138.0	33	1.05	0.95				
	311	1	0.0	0.0	0.0	0.0	3	1.013225715168974	3.2946069838806413	230.0	33	1.05	0.95				
	312	1	0.0	0.0	0.0	0.0	3	1.0177416201526308	4.555585384613872	230.0	33	1.05	0.95				
	313	2	152.11720976666666	30.99746916	0.0	0.0	3	1.030484224678786	10.185525720392214	230.0	34	1.05	0.95				
	314	2	111.36127809333331	22.38706106	0.0	0.0	3	1.0131740184376898	2.755884206256174	230.0	36	1.05	0.95				
	315	2	181.96662451333333	36.737741226666664	0.0	0.0	3	1.026827461915935	-0.4210210299228791	230.0	36	1.05	0.95				
	316	2	57.40272066666666	11.480544133333332	0.0	0.0	3	1.0269585282943074	0.5830510691585199	230.0	36	1.05	0.95				
	317	1	0.0	0.0	0.0	0.0	3	1.030974430319995	0.34876630111564244	230.0	37	1.05	0.95				
	318	2	191.15105981999997	39.03385005333334	0.0	0.0	3	1.0289874405972832	-0.5496156094722872	230.0	37	1.05	0.95				
	319	1	103.89892440666667	21.239006646666663	0.0	0.0	3	1.0267885391742557	3.0625184151991074	230.0	35	1.05	0.95				
	320	1	73.47548245333333	14.924707373333332	0.0	0.0	3	1.0289493980334274	4.861976974397497	230.0	35	1.05	0.95				
	321	2	0.0	0.0	0.0	0.0	3	1.0302893006834004	0.05504704336342252	230.0	37	1.05	0.95				
	322	2	0.0	0.0	0.0	0.0	3	1.0438949434456974	4.527962707537601	230.0	37	1.05	0.95				
	323	2	0.0	0.0	0.0	0.0	3	1.0305070354879784	5.702238838880944	230.0	35	1.05	0.95				
	324	1	0.0	0.0	0.0	0.0	3	1.0222799115668186	0.7040055663130621	230.0	36	1.05	0.95				
	325	1	0.0	0.0	0.0	0.0	3	1.031548321741696	6.043840031784301	230.0	35	1.05	0.95				
];
