%% MATPOWER Case Format : Version 2
function mpc = RTS_GMLC
mpc.version = '2';

%%-----  Power Flow Data  -----%%
%% system MVA base
mpc.baseMVA = 100.0;
%% bus data
%    bus_i    type    Pd    Qd    Gs    Bs    area    Vm    Va    baseKV    zone    Vmax    Vmin
mpc.bus = [
	101	2	88.17417121263159	17.961405247017545	0.0	0.0	1	1.0433110783733464	-0.15900462406658766	138.0	11	1.05	0.95				
	102	2	79.1934685891228	16.328550224561404	0.0	0.0	1	1.0425646124914605	-0.4479039850011096	138.0	12	1.05	0.95				
	103	1	146.95695202105264	30.2078179154386	0.0	0.0	1	1.0244089503465035	-0.9169424837821302	138.0	11	1.05	0.95				
	104	1	60.4156358308772	12.246412668421053	0.0	0.0	1	1.0221234649906932	-3.8304066490087543	138.0	11	1.05	0.95				
	105	1	57.96635329719299	11.429985157192984	0.0	0.0	1	1.0349840736490576	-4.3514118876688785	138.0	11	1.05	0.95				
	106	1	111.03414152701757	22.85997031438597	0.0	-100.0	1	1.0358309464368025	-7.485622448789529	138.0	12	1.05	0.95				
	107	2	102.05343890350878	20.410687780701757	0.0	0.0	1	1.05	-6.275107374946859	138.0	12	1.05	0.95				
	108	1	139.60910442	28.57496289298246	0.0	0.0	1	1.0236878522485673	-8.349333404967584	138.0	12	1.05	0.95				
	109	1	142.87481446491228	29.391390404210526	0.0	0.0	1	1.0271957996030496	-4.388326577649463	138.0	13	1.05	0.95				
	110	1	159.2033646894737	32.65710044912281	0.0	0.0	1	1.05	-6.081122002760991	138.0	13	1.05	0.95				
	111	1	0.0	0.0	0.0	0.0	1	1.0159449373783038	-1.6327606214804016	230.0	13	1.05	0.95				
	112	1	0.0	0.0	0.0	0.0	1	1.018153581514546	-1.1200744735287047	230.0	13	1.05	0.95				
	113	3	216.3532904754386	44.087085606315796	0.0	0.0	1	1.0177415021942482	1.8498724402514705e-26	230.0	14	1.05	0.95				
	114	2	158.3869371782456	31.840672937894738	0.0	0.0	1	1.0199292641499607	0.5665557685673437	230.0	16	1.05	0.95				
	115	2	258.80752105929827	52.251360718596494	0.0	0.0	1	1.0425859509424966	9.50985586700037	230.0	16	1.05	0.95				
	116	2	81.64275112280703	16.328550224561404	0.0	0.0	1	1.0413506947170013	8.655015435229396	230.0	16	1.05	0.95				
	117	1	0.0	0.0	0.0	0.0	1	1.0444872614807212	12.662628673630191	230.0	17	1.05	0.95				
	118	2	271.8703612389474	55.517070763508784	0.0	0.0	1	1.0493354259392786	13.0094514948432	230.0	17	1.05	0.95				
	119	1	147.7733795322807	30.2078179154386	0.0	0.0	1	1.0357150193190434	6.590614834378605	230.0	15	1.05	0.95				
	120	1	104.50272143719299	21.227115291929827	0.0	0.0	1	1.037727089511038	5.848695059370382	230.0	15	1.05	0.95				
	121	2	0.0	0.0	0.0	0.0	1	1.05	14.73904007810336	230.0	17	1.05	0.95				
	122	2	0.0	0.0	0.0	0.0	1	1.05	26.34878767506056	230.0	17	1.05	0.95				
	123	2	0.0	0.0	0.0	0.0	1	1.0410948085269924	6.045280048930447	230.0	15	1.05	0.95				
	124	1	0.0	0.0	0.0	0.0	1	1.0227497353129211	5.633705667717746	230.0	16	1.05	0.95				
	201	2	88.24618292210526	17.976074298947367	0.0	0.0	2	1.037700216800749	-14.994690991398752	138.0	21	1.05	0.95				
	202	2	79.25814577263156	16.341885726315788	0.0	0.0	2	1.0406142070817106	-15.123635617173502	138.0	22	1.05	0.95				
	203	1	147.07697153684208	30.23248859368421	0.0	0.0	2	1.025383413626919	-11.2239435884064	138.0	21	1.05	0.95				
	204	1	60.46497718736842	12.25641429473684	0.0	0.0	2	1.0185253775810197	-16.345310167916608	138.0	21	1.05	0.95				
	205	1	58.01369432842104	11.439320008421053	0.0	0.0	2	1.0333923964528948	-16.842198323459968	138.0	21	1.05	0.95				
	206	1	111.12482293894736	22.878640016842105	0.0	-100.0	2	1.0367113920119388	-18.646760900870532	138.0	22	1.05	0.95				
	207	2	102.13678578947368	20.427357157894736	0.0	0.0	2	0.95	-29.996184489700727	138.0	22	1.05	0.95				
	208	1	139.72312295999998	28.598300021052626	0.0	0.0	2	0.9560378186572647	-26.213901747002875	138.0	22	1.05	0.95				
	209	1	142.99150010526313	29.41539430736842	0.0	0.0	2	1.0267209966978157	-14.047107544993993	138.0	23	1.05	0.95				
	210	1	159.3333858315789	32.683771452631575	0.0	0.0	2	1.05	-16.14551034902961	138.0	23	1.05	0.95				
	211	1	0.0	0.0	0.0	0.0	2	1.034405655252355	-10.151746385066144	230.0	23	1.05	0.95				
	212	1	0.0	0.0	0.0	0.0	2	1.0286286164940166	-5.125967715860939	230.0	23	1.05	0.95				
	213	2	216.52998587368418	44.12309146105263	0.0	0.0	2	1.05	-7.420083159294804	230.0	24	1.05	0.95				
	214	2	158.51629154526313	31.86667716631579	0.0	0.0	2	1.05	-7.828563297978517	230.0	26	1.05	0.95				
	215	2	259.01888876210523	52.29403432421053	0.0	0.0	2	1.0462841701920484	0.6857258923003969	230.0	26	1.05	0.95				
	216	2	81.70942863157894	16.341885726315788	0.0	0.0	2	1.04957865945608	0.4933771503960559	230.0	26	1.05	0.95				
	217	1	0.0	0.0	0.0	0.0	2	1.0494971852548933	3.351887353350528	230.0	27	1.05	0.95				
	218	2	272.09239734315787	55.56241146947368	0.0	0.0	2	1.0499999912035674	3.529648873263822	230.0	27	1.05	0.95				
	219	1	147.8940658231579	30.23248859368421	0.0	0.0	2	1.0435437487633803	0.5467653568654209	230.0	25	1.05	0.95				
	220	1	104.58806864842106	21.244451444210526	0.0	0.0	2	1.045783668575014	2.120597959412771	230.0	25	1.05	0.95				
	221	2	0.0	0.0	0.0	0.0	2	1.05	3.551724162322725	230.0	27	1.05	0.95				
	222	2	0.0	0.0	0.0	0.0	2	1.05	9.985847870219056	230.0	27	1.05	0.95				
	223	2	0.0	0.0	0.0	0.0	2	1.05	3.575962271973069	230.0	25	1.05	0.95				
	224	1	0.0	0.0	0.0	0.0	2	1.0234747423700825	-3.733900903391887	230.0	26	1.05	0.95				
	301	2	85.2622587663158	17.368237896842107	0.0	0.0	3	0.9826376851421957	-6.333161529584924	138.0	31	1.05	0.95				
	302	2	76.57813981789474	15.78930717894737	0.0	0.0	3	0.984763752991796	-6.644758236004567	138.0	32	1.05	0.95				
	303	1	142.10376461052633	29.210218281052637	0.0	0.0	3	0.9976574781567892	-1.6301597639841672	138.0	31	1.05	0.95				
	304	1	58.42043656210527	11.841980384210526	0.0	0.0	3	0.9757347581987327	-4.476170516657021	138.0	31	1.05	0.95				
	305	1	56.052040485263156	11.05251502526316	0.0	0.0	3	0.9878172763101107	-4.629267423008452	138.0	31	1.05	0.95				
	306	1	107.36728881684212	22.10503005052632	0.0	-100.0	3	0.9976463600827647	-4.586515296782309	138.0	32	1.05	0.95				
	307	2	98.68316986842106	19.73663397368421	0.0	0.0	3	0.95	-11.138843116056753	138.0	32	1.05	0.95				
	308	1	134.99857638	27.631287563157898	0.0	0.0	3	0.9551452791532246	-7.4301307438663216	138.0	32	1.05	0.95				
	309	1	138.15643781578947	28.420752922105265	0.0	0.0	3	0.9986470672348988	0.7128765754062144	138.0	33	1.05	0.95				
	310	1	153.94574499473686	31.57861435789474	0.0	0.0	3	1.0175647389958093	-0.22463748980826584	138.0	33	1.05	0.95				
	311	1	0.0	0.0	0.0	0.0	3	0.9948140372503315	8.172220382156567	230.0	33	1.05	0.95				
	312	1	0.0	0.0	0.0	0.0	3	0.998375833248275	9.890439426461992	230.0	33	1.05	0.95				
	313	2	209.20832012105262	42.6311293831579	0.0	0.0	3	1.0277573987855757	17.589733638597572	230.0	34	1.05	0.95				
	314	2	153.15627963578947	30.78914899894737	0.0	0.0	3	1.0063728912216816	7.491019442967513	230.0	36	1.05	0.95				
	315	2	250.2605187863158	50.52578297263158	0.0	0.0	3	1.0471664559678664	6.503651680617232	230.0	36	1.05	0.95				
	316	2	78.94653589473684	15.78930717894737	0.0	0.0	3	1.0438029648920109	7.779923563151637	230.0	36	1.05	0.95				
	317	1	0.0	0.0	0.0	0.0	3	1.05	9.424927764384496	230.0	37	1.05	0.95				
	318	2	262.8919645294737	53.68364440842106	0.0	0.0	3	1.0471545877072088	7.79275733412503	230.0	37	1.05	0.95				
	319	1	142.89322996947368	29.210218281052637	0.0	0.0	3	1.0353942311525117	8.91385862404761	230.0	35	1.05	0.95				
	320	1	101.05156594526316	20.52609933263158	0.0	0.0	3	1.0343920549613828	10.861639282241786	230.0	35	1.05	0.95				
	321	2	0.0	0.0	0.0	0.0	3	1.05	8.583307107697635	230.0	37	1.05	0.95				
	322	2	0.0	0.0	0.0	0.0	3	1.05	13.261558251948282	230.0	37	1.05	0.95				
	323	2	0.0	0.0	0.0	0.0	3	1.0346295378834605	11.693923355021214	230.0	35	1.05	0.95				
	324	1	0.0	0.0	0.0	0.0	3	1.0204863792614909	5.2887311237711705	230.0	36	1.05	0.95				
	325	1	0.0	0.0	0.0	0.0	3	1.0361427537659995	11.959506375463555	230.0	35	1.05	0.95				
];
