%% MATPOWER Case Format : Version 2
function mpc = RTS_GMLC
mpc.version = '2';

%%-----  Power Flow Data  -----%%
%% system MVA base
mpc.baseMVA = 100.0;
%% bus data
%    bus_i    type    Pd    Qd    Gs    Bs    area    Vm    Va    baseKV    zone    Vmax    Vmin
mpc.bus = [
	101	2	44.55467590736843	9.075952499649121	0.0	0.0	1	1.0382973447602417	2.2452380361077315	138.0	11	1.05	0.95				
	102	2	40.01669965754386	8.25086590877193	0.0	0.0	1	1.036024472228329	1.6358919329478059	138.0	12	1.05	0.95				
	103	1	74.25779317894737	15.264101931228069	0.0	0.0	1	1.0338038885603094	1.1743159553573241	138.0	11	1.05	0.95				
	104	1	30.528203862456138	6.188149431578947	0.0	0.0	1	1.0262890257314639	-0.8553109180384897	138.0	11	1.05	0.95				
	105	1	29.29057397614035	5.775606136140351	0.0	0.0	1	1.0381832570650669	-1.2679954080218023	138.0	11	1.05	0.95				
	106	1	56.10588817964912	11.551212272280702	0.0	-100.0	1	1.0464241167857615	-3.7796973803648313	138.0	12	1.05	0.95				
	107	2	51.56791192982456	10.313582385964912	0.0	0.0	1	1.0011159675405046	-10.477108501075387	138.0	12	1.05	0.95				
	108	1	70.54490351999999	14.439015340350874	0.0	0.0	1	1.0045950031809725	-8.578659540484072	138.0	12	1.05	0.95				
	109	1	72.19507670175437	14.851558635789472	0.0	0.0	1	1.0249072126680436	-2.437211832326148	138.0	13	1.05	0.95				
	110	1	80.44594261052632	16.50173181754386	0.0	0.0	1	1.05	-3.5499161612531083	138.0	13	1.05	0.95				
	111	1	0.0	0.0	0.0	0.0	1	1.002744959612388	-0.9082660391563514	230.0	13	1.05	0.95				
	112	1	0.0	0.0	0.0	0.0	1	1.0079205650726843	-1.1854754661783637	230.0	13	1.05	0.95				
	113	3	109.32397329122807	22.277337953684214	0.0	0.0	1	0.995953789863563	-4.7453063653157486e-30	230.0	14	1.05	0.95				
	114	2	80.03339931508772	16.089188522105264	0.0	0.0	1	0.9974368587165469	0.5266131210940339	230.0	16	1.05	0.95				
	115	2	130.77622465403508	26.402770908070174	0.0	0.0	1	1.0330621995865115	5.975536125231301	230.0	16	1.05	0.95				
	116	2	41.25432954385965	8.25086590877193	0.0	0.0	1	1.0285079095145708	4.960303496684646	230.0	16	1.05	0.95				
	117	1	0.0	0.0	0.0	0.0	1	1.037146119870173	8.174006675557228	230.0	17	1.05	0.95				
	118	2	137.37691738105264	28.05294408982456	0.0	0.0	1	1.0407451869683402	8.868222541632319	230.0	17	1.05	0.95				
	119	1	74.67033647438596	15.264101931228069	0.0	0.0	1	1.0193399911362424	2.9513063103357005	230.0	15	1.05	0.95				
	120	1	52.80554181614035	10.72612568140351	0.0	0.0	1	1.0137694545513765	1.4005520567988783	230.0	15	1.05	0.95				
	121	2	0.0	0.0	0.0	0.0	1	1.043376549389527	10.007074612776448	230.0	17	1.05	0.95				
	122	2	0.0	0.0	0.0	0.0	1	1.05	15.842972529755617	230.0	17	1.05	0.95				
	123	2	0.0	0.0	0.0	0.0	1	1.0112875077264545	0.8682993645210999	230.0	15	1.05	0.95				
	124	1	0.0	0.0	0.0	0.0	1	1.0261953018240044	4.161048407853414	230.0	16	1.05	0.95				
	201	2	41.80261293473685	8.515347079298246	0.0	0.0	2	1.0161564273704613	-14.629803263186304	138.0	21	1.05	0.95				
	202	2	37.544939395087724	7.741224617543861	0.0	0.0	2	1.01523666418102	-14.909714580596422	138.0	22	1.05	0.95				
	203	1	69.67102155789475	14.32126554245614	0.0	0.0	2	1.0155887112332473	-10.759139933797075	138.0	21	1.05	0.95				
	204	1	28.64253108491228	5.805918463157895	0.0	0.0	2	1.013279480636227	-14.528075699832007	138.0	21	1.05	0.95				
	205	1	27.481347392280703	5.418857232280703	0.0	0.0	2	1.028460331091195	-14.954619997108953	138.0	21	1.05	0.95				
	206	1	52.64032739929826	10.837714464561406	0.0	-100.0	2	1.0434241816947372	-15.632255326095311	138.0	22	1.05	0.95				
	207	2	48.382653859649125	9.676530771929826	0.0	0.0	2	0.9979861300114271	-20.238751951570357	138.0	22	1.05	0.95				
	208	1	66.18747048000002	13.547143080701755	0.0	0.0	2	1.0033262762801538	-18.506633169053956	138.0	22	1.05	0.95				
	209	1	67.73571540350878	13.934204311578949	0.0	0.0	2	1.0225917032108736	-12.609481445337583	138.0	23	1.05	0.95				
	210	1	75.47694002105264	15.482449235087723	0.0	0.0	2	1.05	-14.034554684639845	138.0	23	1.05	0.95				
	211	1	0.0	0.0	0.0	0.0	2	1.003086795446746	-10.151491584266884	230.0	23	1.05	0.95				
	212	1	0.0	0.0	0.0	0.0	2	1.0068774400051796	-8.333315138528581	230.0	23	1.05	0.95				
	213	2	102.57122618245616	20.901306467368425	0.0	0.0	2	0.9952732282713889	-9.015756165029396	230.0	24	1.05	0.95				
	214	2	75.08987879017545	15.095388004210527	0.0	0.0	2	1.0034765983140166	-7.835175361497632	230.0	26	1.05	0.95				
	215	2	122.6984101880702	24.771918776140353	0.0	0.0	2	1.0198509476647393	-1.1394771006414932	230.0	26	1.05	0.95				
	216	2	38.706123087719305	7.741224617543861	0.0	0.0	2	1.0186954920294062	-2.1815726246932026	230.0	26	1.05	0.95				
	217	1	0.0	0.0	0.0	0.0	2	1.0234424187625937	-0.5102957711122533	230.0	27	1.05	0.95				
	218	2	128.89138988210527	26.32016369964913	0.0	0.0	2	1.0233495816091467	-0.7708285459909726	230.0	27	1.05	0.95				
	219	1	70.05808278877194	14.32126554245614	0.0	0.0	2	1.0144869211687064	-3.5692826808199665	230.0	25	1.05	0.95				
	220	1	49.543837552280706	10.063592002807018	0.0	0.0	2	1.0136021893815732	-4.005933001773288	230.0	25	1.05	0.95				
	221	2	0.0	0.0	0.0	0.0	2	1.0256943354353867	-0.09897759207580481	230.0	27	1.05	0.95				
	222	2	0.0	0.0	0.0	0.0	2	1.0472410585313456	6.264443609848576	230.0	27	1.05	0.95				
	223	2	0.0	0.0	0.0	0.0	2	1.0134712540759614	-3.9397323635817743	230.0	25	1.05	0.95				
	224	1	0.0	0.0	0.0	0.0	2	1.0064554556208398	-4.76390698419031	230.0	26	1.05	0.95				
	301	2	62.644099983157886	12.760835181754384	0.0	0.0	3	1.0067697888011042	-6.095365664516496	138.0	31	1.05	0.95				
	302	2	56.26368239228069	11.60075925614035	0.0	0.0	3	1.0060057043919548	-6.281997507740688	138.0	32	1.05	0.95				
	303	1	104.40683330526315	21.461404623859647	0.0	0.0	3	1.033455822254872	1.6701082515636736	138.0	31	1.05	0.95				
	304	1	42.92280924771929	8.700569442105262	0.0	0.0	3	1.0063345003407214	-4.712929175686686	138.0	31	1.05	0.95				
	305	1	41.182695359298236	8.120531479298245	0.0	0.0	3	1.020351205373976	-5.182248824177602	138.0	31	1.05	0.95				
	306	1	78.88516294175439	16.24106295859649	0.0	-100.0	3	1.0353835231510315	-5.329775097076046	138.0	32	1.05	0.95				
	307	2	72.50474535087719	14.500949070175437	0.0	0.0	3	0.9903589869070014	-12.074921776200659	138.0	32	1.05	0.95				
	308	1	99.18649163999999	20.30132869824561	0.0	0.0	3	0.9923937638437174	-9.331726830900857	138.0	32	1.05	0.95				
	309	1	101.50664349122806	20.881366661052628	0.0	0.0	3	1.026258701281285	-1.0578860383819606	138.0	33	1.05	0.95				
	310	1	113.10740274736841	23.2015185122807	0.0	0.0	3	1.05	-2.4077333404198105	138.0	33	1.05	0.95				
	311	1	0.0	0.0	0.0	0.0	3	1.0122349858760382	3.083230630095362	230.0	33	1.05	0.95				
	312	1	0.0	0.0	0.0	0.0	3	1.0164747774981797	4.175111371373494	230.0	33	1.05	0.95				
	313	2	153.7100601438596	31.322049991578943	0.0	0.0	3	1.0209973148922513	8.136772297315071	230.0	34	1.05	0.95				
	314	2	112.52736478456139	22.62148054947368	0.0	0.0	3	1.0131562199885398	3.5035228132171032	230.0	36	1.05	0.95				
	315	2	183.87203420982453	37.12242961964912	0.0	0.0	3	1.0283364904967691	-0.16466646347392092	230.0	36	1.05	0.95				
	316	2	58.00379628070175	11.60075925614035	0.0	0.0	3	1.0264276419234155	0.5796478661183666	230.0	36	1.05	0.95				
	317	1	0.0	0.0	0.0	0.0	3	1.028955720254186	-0.10042308195463356	230.0	37	1.05	0.95				
	318	2	193.1526416147368	39.442581470877194	0.0	0.0	3	1.026604019172362	-1.036484616625424	230.0	37	1.05	0.95				
	319	1	104.98687126807016	21.461404623859647	0.0	0.0	3	1.0255643530251495	3.0845389597321438	230.0	35	1.05	0.95				
	320	1	74.24485923929824	15.080987032982454	0.0	0.0	3	1.026428952734225	4.6295222051517815	230.0	35	1.05	0.95				
	321	2	0.0	0.0	0.0	0.0	3	1.0292451466468016	-0.183181334822654	230.0	37	1.05	0.95				
	322	2	0.0	0.0	0.0	0.0	3	1.0425038020517314	4.218462083950923	230.0	37	1.05	0.95				
	323	2	0.0	0.0	0.0	0.0	3	1.027167952140229	5.334198084001426	230.0	35	1.05	0.95				
	324	1	0.0	0.0	0.0	0.0	3	1.0299749690047426	2.8893733482820716	230.0	36	1.05	0.95				
	325	1	0.0	0.0	0.0	0.0	3	1.0283154936678451	5.737809659695728	230.0	35	1.05	0.95				
];
