%% MATPOWER Case Format : Version 2
function mpc = RTS_GMLC
mpc.version = '2';

%%-----  Power Flow Data  -----%%
%% system MVA base
mpc.baseMVA = 100.0;
%% bus data
%    bus_i    type    Pd    Qd    Gs    Bs    area    Vm    Va    baseKV    zone    Vmax    Vmin
mpc.bus = [
	101	2	70.92676890947368	14.448045518596489	0.0	0.0	1	1.0301147869359115	0.5094774469518328	138.0	11	1.05	0.95				
	102	2	63.70274615017543	13.134586835087719	0.0	0.0	1	1.0301493493014995	0.449718027002295	138.0	12	1.05	0.95				
	103	1	118.21128151578945	24.29898564491228	0.0	0.0	1	1.0224476985439084	-0.31632197286733565	138.0	11	1.05	0.95				
	104	1	48.59797128982456	9.850940126315788	0.0	0.0	1	1.0165248732381378	-2.7198766351113415	138.0	11	1.05	0.95				
	105	1	46.627783264561394	9.194210784561403	0.0	0.0	1	1.0311015797808047	-2.7072293681938953	138.0	11	1.05	0.95				
	106	1	89.31519047859649	18.388421569122805	0.0	-100.0	1	1.0381312439857342	-5.106570056352081	138.0	12	1.05	0.95				
	107	2	82.09116771929824	16.418233543859646	0.0	0.0	1	1.05	-2.5000191070894706	138.0	12	1.05	0.95				
	108	1	112.30071743999999	22.985526961403504	0.0	0.0	1	1.028350254377982	-4.84187711553086	138.0	12	1.05	0.95				
	109	1	114.92763480701753	23.64225630315789	0.0	0.0	1	1.0263789133383672	-2.646650362171223	138.0	13	1.05	0.95				
	110	1	128.06222164210524	26.269173670175437	0.0	0.0	1	1.05	-3.885130861939302	138.0	13	1.05	0.95				
	111	1	0.0	0.0	0.0	0.0	1	1.0105378853660505	-0.3794510571251415	230.0	13	1.05	0.95				
	112	1	0.0	0.0	0.0	0.0	1	1.0143584885982024	0.23406199759057458	230.0	13	1.05	0.95				
	113	3	174.03327556491226	35.46338445473684	0.0	0.0	1	1.0080491778771634	1.9747191795152407e-30	230.0	14	1.05	0.95				
	114	2	127.40549230035086	25.612444328421052	0.0	0.0	1	1.0111358990365682	2.253376598489258	230.0	16	1.05	0.95				
	115	2	208.18320133614034	42.0306778722807	0.0	0.0	1	1.0443680945696896	10.34448069977816	230.0	16	1.05	0.95				
	116	2	65.67293417543858	13.134586835087719	0.0	0.0	1	1.0424136305660086	9.86291202114439	230.0	16	1.05	0.95				
	117	1	0.0	0.0	0.0	0.0	1	1.0468002414593927	12.913033962823386	230.0	17	1.05	0.95				
	118	2	218.69087080421053	44.657595239298246	0.0	0.0	1	1.0492794212825474	13.525712084809912	230.0	17	1.05	0.95				
	119	1	118.86801085754387	24.29898564491228	0.0	0.0	1	1.0368873340584386	8.359741324087688	230.0	15	1.05	0.95				
	120	1	84.0613557445614	17.074962885614035	0.0	0.0	1	1.0378482267057545	8.295429492527234	230.0	15	1.05	0.95				
	121	2	0.0	0.0	0.0	0.0	1	1.05	14.01400748316228	230.0	17	1.05	0.95				
	122	2	0.0	0.0	0.0	0.0	1	1.05	20.68939902075649	230.0	17	1.05	0.95				
	123	2	0.0	0.0	0.0	0.0	1	1.039955095139231	8.748125910174757	230.0	15	1.05	0.95				
	124	1	0.0	0.0	0.0	0.0	1	1.0228210097276458	6.395278317168859	230.0	16	1.05	0.95				
	201	2	90.32016368842108	18.39855186245614	0.0	0.0	2	1.05	-12.362187750300587	138.0	21	1.05	0.95				
	202	2	81.12088775719299	16.725956238596495	0.0	0.0	2	1.05	-12.41512351745794	138.0	22	1.05	0.95				
	203	1	150.53360614736843	30.943019041403513	0.0	0.0	2	1.0244111490885688	-8.682669225345494	138.0	21	1.05	0.95				
	204	1	61.886038082807026	12.544467178947368	0.0	0.0	2	1.0211772368059664	-14.375713567471395	138.0	21	1.05	0.95				
	205	1	59.377144647017545	11.708169367017545	0.0	0.0	2	1.0391498231705105	-14.860663525905405	138.0	21	1.05	0.95				
	206	1	113.73650242245617	23.41633873403509	0.0	-100.0	2	1.0379683530271981	-17.03344130346433	138.0	22	1.05	0.95				
	207	2	104.53722649122807	20.907445298245616	0.0	0.0	2	0.95	-28.31109377361717	138.0	22	1.05	0.95				
	208	1	143.00692584	29.27042341754386	0.0	0.0	2	0.9551851490170264	-24.743366371042274	138.0	22	1.05	0.95				
	209	1	146.3521170877193	30.10672122947369	0.0	0.0	2	1.0244049002789701	-12.633512878056237	138.0	23	1.05	0.95				
	210	1	163.0780733263158	33.45191247719299	0.0	0.0	2	1.0497396051211423	-14.813687111178197	138.0	23	1.05	0.95				
	211	1	0.0	0.0	0.0	0.0	2	1.031757023172032	-7.394685831048686	230.0	23	1.05	0.95				
	212	1	0.0	0.0	0.0	0.0	2	1.0235779134739516	-6.154962486426117	230.0	23	1.05	0.95				
	213	2	221.6189201614035	45.16008184421054	0.0	0.0	2	1.05	-3.1703156072831478	230.0	24	1.05	0.95				
	214	2	162.24177551438598	32.615614665263166	0.0	0.0	2	1.05	-5.050471898656905	230.0	26	1.05	0.95				
	215	2	265.1064063817544	53.52305996350878	0.0	0.0	2	1.0431264143637238	3.6625736014100085	230.0	26	1.05	0.95				
	216	2	83.62978119298246	16.725956238596495	0.0	0.0	2	1.0479455637857982	3.456279727252507	230.0	26	1.05	0.95				
	217	1	0.0	0.0	0.0	0.0	2	1.0485985306715755	6.909361433675417	230.0	27	1.05	0.95				
	218	2	278.4871713726316	56.868251211228085	0.0	0.0	2	1.0499999946161969	7.497029757886689	230.0	27	1.05	0.95				
	219	1	151.36990395929826	30.943019041403513	0.0	0.0	2	1.0426509794480459	2.684518699085741	230.0	25	1.05	0.95				
	220	1	107.04611992701756	21.743743110175444	0.0	0.0	2	1.0456484077119816	3.5768397528122353	230.0	25	1.05	0.95				
	221	2	0.0	0.0	0.0	0.0	2	1.05	7.947238590028236	230.0	27	1.05	0.95				
	222	2	0.0	0.0	0.0	0.0	2	1.05	14.051894819497459	230.0	27	1.05	0.95				
	223	2	0.0	0.0	0.0	0.0	2	1.05	4.672366194898437	230.0	25	1.05	0.95				
	224	1	0.0	0.0	0.0	0.0	2	1.0205860892151615	-0.9287050731858993	230.0	26	1.05	0.95				
	301	2	85.46725720421053	17.409996837894738	0.0	0.0	3	1.0191924141811228	-23.27590734424861	138.0	31	1.05	0.95				
	302	2	76.76225878526314	15.827269852631579	0.0	0.0	3	1.0177207485173003	-23.67520426990562	138.0	32	1.05	0.95				
	303	1	142.4454286736842	29.280449227368422	0.0	0.0	3	1.0153631945970194	-16.562730348692792	138.0	31	1.05	0.95				
	304	1	58.560898454736844	11.870452389473684	0.0	0.0	3	1.0070862354748304	-22.072473136467035	138.0	31	1.05	0.95				
	305	1	56.186807976842104	11.079088896842105	0.0	0.0	3	1.0236627643433696	-22.660038129182627	138.0	31	1.05	0.95				
	306	1	107.62543499789474	22.15817779368421	0.0	-100.0	3	1.031842475644981	-23.179952841563836	138.0	32	1.05	0.95				
	307	2	98.92043657894736	19.784087315789474	0.0	0.0	3	1.0064042921593306	-25.73902720709471	138.0	32	1.05	0.95				
	308	1	135.32315724	27.69772224210526	0.0	0.0	3	0.996624367601447	-25.184129673790984	138.0	32	1.05	0.95				
	309	1	138.4886112105263	28.48908573473684	0.0	0.0	3	1.0266463762651512	-17.52251951137019	138.0	33	1.05	0.95				
	310	1	154.3158810631579	31.654539705263158	0.0	0.0	3	1.05	-19.509750401650674	138.0	33	1.05	0.95				
	311	1	0.0	0.0	0.0	0.0	3	1.0275427947672777	-11.41291664572122	230.0	33	1.05	0.95				
	312	1	0.0	0.0	0.0	0.0	3	1.0201565326803774	-10.003746708515264	230.0	33	1.05	0.95				
	313	2	209.71132554736843	42.73362860210526	0.0	0.0	3	1.0450093764122537	-6.596654612975899	230.0	34	1.05	0.95				
	314	2	153.52451757052629	30.863176212631576	0.0	0.0	3	1.0449367552169673	-8.78117951365022	230.0	36	1.05	0.95				
	315	2	250.8622271642105	50.64726352842105	0.0	0.0	3	1.05	-2.012435960240302	230.0	36	1.05	0.95				
	316	2	79.1363492631579	15.827269852631579	0.0	0.0	3	1.0498347408929423	-1.5845801476875108	230.0	36	1.05	0.95				
	317	1	0.0	0.0	0.0	0.0	3	1.0491859293940822	0.04873021550480577	230.0	37	1.05	0.95				
	318	2	263.52404304631574	53.81271749894737	0.0	0.0	3	1.0478880741617354	0.06916275211815405	230.0	37	1.05	0.95				
	319	1	143.2367921663158	29.280449227368422	0.0	0.0	3	1.0443879366097395	-1.3333080814339455	230.0	35	1.05	0.95				
	320	1	101.2945270568421	20.575450808421053	0.0	0.0	3	1.0463093358446822	0.1549163551857889	230.0	35	1.05	0.95				
	321	2	0.0	0.0	0.0	0.0	3	1.05	1.3022987240104889	230.0	37	1.05	0.95				
	322	2	0.0	0.0	0.0	0.0	3	1.05	6.586167702217331	230.0	37	1.05	0.95				
	323	2	0.0	0.0	0.0	0.0	3	1.05	1.4881545099407918	230.0	35	1.05	0.95				
	324	1	0.0	0.0	0.0	0.0	3	1.0192146951523327	-6.7179386489731865	230.0	36	1.05	0.95				
	325	1	0.0	0.0	0.0	0.0	3	1.0467897473088512	2.520504283142279	230.0	35	1.05	0.95				
];
