%% MATPOWER Case Format : Version 2
function mpc = RTS_GMLC
mpc.version = '2';

%%-----  Power Flow Data  -----%%
%% system MVA base
mpc.baseMVA = 100.0;
%% bus data
%    bus_i    type    Pd    Qd    Gs    Bs    area    Vm    Va    baseKV    zone    Vmax    Vmin
mpc.bus = [
	101	2	43.81989112421053	8.926274117894737	0.0	0.0	1	1.0407315743417764	3.697184472802137	138.0	11	1.05	0.95				
	102	2	39.35675406526316	8.114794652631579	0.0	0.0	1	1.0397591058938784	3.4273001458603694	138.0	12	1.05	0.95				
	103	1	73.03315187368422	15.012370107368422	0.0	0.0	1	1.0297842493606069	0.7339421699139698	138.0	11	1.05	0.95				
	104	1	30.024740214736845	6.086095989473685	0.0	0.0	1	1.02541448581921	0.025246601252935277	138.0	11	1.05	0.95				
	105	1	28.80752101684211	5.680356256842106	0.0	0.0	1	1.039506441546702	0.1810986002386111	138.0	11	1.05	0.95				
	106	1	55.18060363789474	11.360712513684213	0.0	-100.0	1	1.0473756352117696	-2.2474551524983464	138.0	12	1.05	0.95				
	107	2	50.717466578947366	10.143493315789474	0.0	0.0	1	0.9999181702484776	-7.336361046522554	138.0	12	1.05	0.95				
	108	1	69.38149428	14.200890642105263	0.0	0.0	1	1.0050109724400005	-6.268923528508369	138.0	12	1.05	0.95				
	109	1	71.00445321052632	14.606630374736843	0.0	0.0	1	1.0245600745913737	-1.5192001498438055	138.0	13	1.05	0.95				
	110	1	79.1192478631579	16.229589305263158	0.0	0.0	1	1.05	-2.134817525671624	138.0	13	1.05	0.95				
	111	1	0.0	0.0	0.0	0.0	1	1.0019779702009186	-0.2036812277240361	230.0	13	1.05	0.95				
	112	1	0.0	0.0	0.0	0.0	1	1.0071691981288524	0.20772039476188972	230.0	13	1.05	0.95				
	113	3	107.52102914736842	21.909945562105264	0.0	0.0	1	0.9925317454333161	3.5302423972130943e-31	230.0	14	1.05	0.95				
	114	2	78.71350813052632	15.823849572631579	0.0	0.0	1	0.9972051134191957	1.3771075292110537	230.0	16	1.05	0.95				
	115	2	128.61949524421053	25.96734288842105	0.0	0.0	1	1.034211024605134	6.074405223635842	230.0	16	1.05	0.95				
	116	2	40.573973263157896	8.114794652631579	0.0	0.0	1	1.0299733950613283	5.956829028215358	230.0	16	1.05	0.95				
	117	1	0.0	0.0	0.0	0.0	1	1.038940886300945	7.879595674413957	230.0	17	1.05	0.95				
	118	2	135.1113309663158	27.59030181894737	0.0	0.0	1	1.0418158302792146	7.962766601753055	230.0	17	1.05	0.95				
	119	1	73.43889160631579	15.012370107368422	0.0	0.0	1	1.02347459988701	5.180387072189694	230.0	15	1.05	0.95				
	120	1	51.9346857768421	10.549233048421055	0.0	0.0	1	1.0202694258598515	5.194135322111811	230.0	15	1.05	0.95				
	121	2	0.0	0.0	0.0	0.0	1	1.0459385513312451	8.86298080260012	230.0	17	1.05	0.95				
	122	2	0.0	0.0	0.0	0.0	1	1.05	14.98393432114495	230.0	17	1.05	0.95				
	123	2	0.0	0.0	0.0	0.0	1	1.0189752732370951	5.520074891737205	230.0	15	1.05	0.95				
	124	1	0.0	0.0	0.0	0.0	1	1.0249342231386283	4.068814482072991	230.0	16	1.05	0.95				
	201	2	43.58759642526316	8.878954827368421	0.0	0.0	2	1.0189868716976174	-6.555719017334594	138.0	21	1.05	0.95				
	202	2	39.14811901157895	8.071777115789475	0.0	0.0	2	1.0191412276252616	-6.540890261363736	138.0	22	1.05	0.95				
	203	1	72.64599404210527	14.932787664210526	0.0	0.0	2	1.0157261907720736	-5.619540126920085	138.0	21	1.05	0.95				
	204	1	29.865575328421052	6.053832836842105	0.0	0.0	2	1.0153971369639248	-7.250372888851987	138.0	21	1.05	0.95				
	205	1	28.65480876105263	5.650243981052632	0.0	0.0	2	1.0296919359689505	-7.47972294034312	138.0	21	1.05	0.95				
	206	1	54.888084387368416	11.300487962105263	0.0	-100.0	2	1.0437786464019403	-8.421094655953981	138.0	22	1.05	0.95				
	207	2	50.44860697368421	10.089721394736841	0.0	0.0	2	0.9934736584980141	-13.828509930247186	138.0	22	1.05	0.95				
	208	1	69.01369434	14.125609952631576	0.0	0.0	2	1.0002656905786227	-12.026444337646165	138.0	22	1.05	0.95				
	209	1	70.62804976315789	14.52919880842105	0.0	0.0	2	1.0234514574849285	-6.158909185429198	138.0	23	1.05	0.95				
	210	1	78.69982687894736	16.14355423157895	0.0	0.0	2	1.05	-7.112262911992146	138.0	23	1.05	0.95				
	211	1	0.0	0.0	0.0	0.0	2	1.0029147862490346	-3.7601014961184815	230.0	23	1.05	0.95				
	212	1	0.0	0.0	0.0	0.0	2	1.0096265065992334	-1.4571336509835286	230.0	23	1.05	0.95				
	213	2	106.95104678421052	21.79379821263158	0.0	0.0	2	0.9974737930873848	-2.152926198854805	230.0	24	1.05	0.95				
	214	2	78.2962380231579	15.739965375789474	0.0	0.0	2	0.9996036132988079	-2.147502470522171	230.0	26	1.05	0.95				
	215	2	127.93766728526315	25.829686770526315	0.0	0.0	2	1.0197241799827697	2.5079542987566366	230.0	26	1.05	0.95				
	216	2	40.358885578947366	8.071777115789475	0.0	0.0	2	1.0206790891872146	2.569905138806687	230.0	26	1.05	0.95				
	217	1	0.0	0.0	0.0	0.0	2	1.0259473434902449	3.873658181606577	230.0	27	1.05	0.95				
	218	2	134.39508897789474	27.444042193684208	0.0	0.0	2	1.0250586709556626	3.3980748947178605	230.0	27	1.05	0.95				
	219	1	73.04958289789474	14.932787664210526	0.0	0.0	2	1.021947960374006	2.6460562143476536	230.0	25	1.05	0.95				
	220	1	51.65937354105263	10.493310250526317	0.0	0.0	2	1.0256727549342985	3.5058103761516075	230.0	25	1.05	0.95				
	221	2	0.0	0.0	0.0	0.0	2	1.0268765244422753	3.905890476249553	230.0	27	1.05	0.95				
	222	2	0.0	0.0	0.0	0.0	2	1.0488446384304155	10.397877303576548	230.0	27	1.05	0.95				
	223	2	0.0	0.0	0.0	0.0	2	1.0284028249873045	4.2862304373753775	230.0	25	1.05	0.95				
	224	1	0.0	0.0	0.0	0.0	2	1.0080740078924695	-0.553477093338285	230.0	26	1.05	0.95				
	301	2	67.93989245052633	13.83960772140351	0.0	0.0	3	1.009705002106437	-21.201293838220472	138.0	31	1.05	0.95				
	302	2	61.02008858982456	12.581461564912283	0.0	0.0	3	1.0090523057236451	-21.37188194035363	138.0	32	1.05	0.95				
	303	1	113.23315408421053	23.27570389508772	0.0	0.0	3	1.026887613996984	-13.101090896038182	138.0	31	1.05	0.95				
	304	1	46.55140779017544	9.436096173684211	0.0	0.0	3	1.0067629359510066	-19.32106992660641	138.0	31	1.05	0.95				
	305	1	44.6641885554386	8.807023095438598	0.0	0.0	3	1.021017809647692	-20.15428438469934	138.0	31	1.05	0.95				
	306	1	85.55393864140353	17.614046190877197	0.0	-100.0	3	1.0346121594427016	-20.263671166153195	138.0	32	1.05	0.95				
	307	2	78.63413478070176	15.726826956140352	0.0	0.0	3	0.994097207855778	-26.915110922301444	138.0	32	1.05	0.95				
	308	1	107.57149638000001	22.01755773859649	0.0	0.0	3	0.9939303603656906	-23.91780059298588	138.0	32	1.05	0.95				
	309	1	110.08778869298246	22.646630816842105	0.0	0.0	3	1.0272105077877882	-15.07982311356496	138.0	33	1.05	0.95				
	310	1	122.66925025789475	25.162923129824566	0.0	0.0	3	1.05	-17.088967482372595	138.0	33	1.05	0.95				
	311	1	0.0	0.0	0.0	0.0	3	1.0178257512044793	-9.763511279693024	230.0	33	1.05	0.95				
	312	1	0.0	0.0	0.0	0.0	3	1.0183895211888836	-9.110499307283158	230.0	33	1.05	0.95				
	313	2	166.70436573508772	33.969946225263165	0.0	0.0	3	1.030307010777393	-4.919009239829451	230.0	34	1.05	0.95				
	314	2	122.04017717964912	24.533850051578952	0.0	0.0	3	1.0261885933355734	-7.75474536849201	230.0	36	1.05	0.95				
	315	2	199.41616580385966	40.2606770077193	0.0	0.0	3	1.0392727123879995	-5.00805706583027	230.0	36	1.05	0.95				
	316	2	62.90730782456141	12.581461564912283	0.0	0.0	3	1.0398417098712098	-3.8936858563454733	230.0	36	1.05	0.95				
	317	1	0.0	0.0	0.0	0.0	3	1.0433717630381703	-2.108937460167311	230.0	37	1.05	0.95				
	318	2	209.4813350557895	42.77696932070177	0.0	0.0	3	1.0399794181145436	-2.8847796683060936	230.0	37	1.05	0.95				
	319	1	113.86222716245615	23.27570389508772	0.0	0.0	3	1.037049924187992	-3.9847411051555883	230.0	35	1.05	0.95				
	320	1	80.5213540154386	16.355900034385968	0.0	0.0	3	1.0378347497926896	-3.670816971482631	230.0	35	1.05	0.95				
	321	2	0.0	0.0	0.0	0.0	3	1.0413866239606033	-3.0385092052102194	230.0	37	1.05	0.95				
	322	2	0.0	0.0	0.0	0.0	3	1.05	1.6505566829431035	230.0	37	1.05	0.95				
	323	2	0.0	0.0	0.0	0.0	3	1.0390877310454643	-3.3004868002472296	230.0	35	1.05	0.95				
	324	1	0.0	0.0	0.0	0.0	3	1.0258645614786526	-6.983919719383115	230.0	36	1.05	0.95				
	325	1	0.0	0.0	0.0	0.0	3	1.0366316793672548	-2.2876830250847973	230.0	35	1.05	0.95				
];
