%% MATPOWER Case Format : Version 2
function mpc = RTS_GMLC
mpc.version = '2';

%%-----  Power Flow Data  -----%%
%% system MVA base
mpc.baseMVA = 100.0;
%% bus data
%    bus_i    type    Pd    Qd    Gs    Bs    area    Vm    Va    baseKV    zone    Vmax    Vmin
mpc.bus = [
	101	2	39.999010395789476	8.147946562105263	0.0	0.0	1	1.0319671277712228	3.581678167858076	138.0	11	1.05	0.95				
	102	2	35.92503711473684	7.407224147368422	0.0	0.0	1	1.0310566484851569	3.31576970682578	138.0	12	1.05	0.95				
	103	1	66.66501732631579	13.70336467263158	0.0	0.0	1	1.030966566792641	2.099737861221455	138.0	11	1.05	0.95				
	104	1	27.40672934526316	5.555418110526316	0.0	0.0	1	1.0214835260809834	0.19633909675842035	138.0	11	1.05	0.95				
	105	1	26.29564572315789	5.1850569031578955	0.0	0.0	1	1.035783551530453	0.41175686279638857	138.0	11	1.05	0.95				
	106	1	50.36912420210526	10.370113806315791	0.0	-100.0	1	1.0465152873414074	-1.7900370349699162	138.0	12	1.05	0.95				
	107	2	46.29515092105263	9.259030184210527	0.0	0.0	1	0.999831161456621	-7.706912967607054	138.0	12	1.05	0.95				
	108	1	63.33176646	12.962642257894736	0.0	0.0	1	1.005589128344302	-6.1101018388447415	138.0	12	1.05	0.95				
	109	1	64.81321128947368	13.333003465263157	0.0	0.0	1	1.0246821977048421	-0.8468270601782626	138.0	13	1.05	0.95				
	110	1	72.2204354368421	14.814448294736843	0.0	0.0	1	1.05	-1.6283813638759057	138.0	13	1.05	0.95				
	111	1	0.0	0.0	0.0	0.0	1	1.0025626177706244	0.6512144934246236	230.0	13	1.05	0.95				
	112	1	0.0	0.0	0.0	0.0	1	1.0077160458028742	0.6078393813513229	230.0	13	1.05	0.95				
	113	3	98.14571995263157	19.999505197894738	0.0	0.0	1	0.9922194063042249	3.8205993613026142e-28	230.0	14	1.05	0.95				
	114	2	71.85007422947368	14.444087087368422	0.0	0.0	1	1.0003171532910804	3.2373153622256705	230.0	16	1.05	0.95				
	115	2	117.40450273578946	23.703117271578947	0.0	0.0	1	1.0391978225552774	9.382344810564945	230.0	16	1.05	0.95				
	116	2	37.03612073684211	7.407224147368422	0.0	0.0	1	1.0355963658235638	8.947201364238639	230.0	16	1.05	0.95				
	117	1	0.0	0.0	0.0	0.0	1	1.042110411736707	11.939278212319826	230.0	17	1.05	0.95				
	118	2	123.33028205368421	25.18456210105263	0.0	0.0	1	1.0467123833786591	11.945222924814882	230.0	17	1.05	0.95				
	119	1	67.03537853368421	13.70336467263158	0.0	0.0	1	1.0279016659744307	7.210303204679564	230.0	15	1.05	0.95				
	120	1	47.40623454315789	9.629391391578949	0.0	0.0	1	1.0239614665726546	6.408829005688885	230.0	15	1.05	0.95				
	121	2	0.0	0.0	0.0	0.0	1	1.05	12.810791081421423	230.0	17	1.05	0.95				
	122	2	0.0	0.0	0.0	0.0	1	1.05	23.993469178705833	230.0	17	1.05	0.95				
	123	2	0.0	0.0	0.0	0.0	1	1.0220378195362576	6.254903739829453	230.0	15	1.05	0.95				
	124	1	0.0	0.0	0.0	0.0	1	1.0266394388597546	6.653422923221283	230.0	16	1.05	0.95				
	201	2	44.26759011789474	9.017472061052631	0.0	0.0	2	1.0247679678596273	-8.8936713788024	138.0	21	1.05	0.95				
	202	2	39.75885408736842	8.19770187368421	0.0	0.0	2	1.0255631575987552	-8.75553002189884	138.0	22	1.05	0.95				
	203	1	73.7793168631579	15.165748466315787	0.0	0.0	2	1.0163687294720314	-7.837312845796734	138.0	21	1.05	0.95				
	204	1	30.331496932631573	6.148276405263157	0.0	0.0	2	1.0176001646080484	-10.278707668095524	138.0	21	1.05	0.95				
	205	1	29.10184165157894	5.7383913115789476	0.0	0.0	2	1.0324291233261573	-10.556146555696312	138.0	21	1.05	0.95				
	206	1	55.74437274105263	11.476782623157895	0.0	-100.0	2	1.0448885407657027	-11.87092815293836	138.0	22	1.05	0.95				
	207	2	51.23563671052631	10.247127342105262	0.0	0.0	2	0.9930886215339626	-17.708912804738926	138.0	22	1.05	0.95				
	208	1	70.09035102	14.345978278947365	0.0	0.0	2	0.9995629456459618	-15.870131716133898	138.0	22	1.05	0.95				
	209	1	71.72989139473684	14.755863372631579	0.0	0.0	2	1.0224623521648712	-9.836254302107184	138.0	23	1.05	0.95				
	210	1	79.92759326842105	16.39540374736842	0.0	0.0	2	1.05	-10.923578637325019	138.0	23	1.05	0.95				
	211	1	0.0	0.0	0.0	0.0	2	1.0040811238648648	-7.352967423423658	230.0	23	1.05	0.95				
	212	1	0.0	0.0	0.0	0.0	2	1.0076117133837927	-6.645757414456559	230.0	23	1.05	0.95				
	213	2	108.61954982631579	22.13379505894737	0.0	0.0	2	0.9982975267640678	-6.274003803776835	230.0	24	1.05	0.95				
	214	2	79.51770817473684	15.985518653684212	0.0	0.0	2	1.0032346172279283	-5.143895848415999	230.0	26	1.05	0.95				
	215	2	129.93357469789473	26.232645995789472	0.0	0.0	2	1.0202693765839765	0.5803693512359422	230.0	26	1.05	0.95				
	216	2	40.98850936842105	8.19770187368421	0.0	0.0	2	1.0220143015781085	0.4656660844029259	230.0	26	1.05	0.95				
	217	1	0.0	0.0	0.0	0.0	2	1.0271480310150887	2.329100961101239	230.0	27	1.05	0.95				
	218	2	136.49173619684208	27.872186370526315	0.0	0.0	2	1.0264331074253803	1.7428905311800524	230.0	27	1.05	0.95				
	219	1	74.1892019568421	15.165748466315787	0.0	0.0	2	1.022643412440521	0.1735801188230212	230.0	25	1.05	0.95				
	220	1	52.465291991578944	10.657012435789474	0.0	0.0	2	1.0258544683675075	0.7259089031859474	230.0	25	1.05	0.95				
	221	2	0.0	0.0	0.0	0.0	2	1.0280044614912875	2.164336062617239	230.0	27	1.05	0.95				
	222	2	0.0	0.0	0.0	0.0	2	1.0499998834420996	8.719115039373001	230.0	27	1.05	0.95				
	223	2	0.0	0.0	0.0	0.0	2	1.028223716491818	1.3432145914960958	230.0	25	1.05	0.95				
	224	1	0.0	0.0	0.0	0.0	2	1.0083428123846376	-2.591128096523883	230.0	26	1.05	0.95				
	301	2	43.203416627368426	8.800695979649124	0.0	0.0	3	1.008087823459778	-19.245333276406605	138.0	31	1.05	0.95				
	302	2	38.803068637543866	8.000632708771931	0.0	0.0	3	1.0080436139902234	-19.338238596656275	138.0	32	1.05	0.95				
	303	1	72.00569437894738	14.80117051122807	0.0	0.0	3	1.0212932965032786	-14.6140581739517	138.0	31	1.05	0.95				
	304	1	29.60234102245614	6.000474531578948	0.0	0.0	3	1.0109091830155381	-17.974645453625545	138.0	31	1.05	0.95				
	305	1	28.40224611614035	5.600442896140352	0.0	0.0	3	1.0238944355685775	-18.643698015669138	138.0	31	1.05	0.95				
	306	1	54.40430241964913	11.200885792280705	0.0	-100.0	3	1.0412797488820165	-18.79523680704684	138.0	32	1.05	0.95				
	307	2	50.003954429824574	10.000790885964914	0.0	0.0	3	0.9927688623849111	-23.08109861990381	138.0	32	1.05	0.95				
	308	1	68.40540966	14.001107240350876	0.0	0.0	3	1.0004295107472563	-21.308004009090297	138.0	32	1.05	0.95				
	309	1	70.0055362017544	14.401138875789474	0.0	0.0	3	1.0254932954501557	-15.216819265081895	138.0	33	1.05	0.95				
	310	1	78.00616891052631	16.001265417543863	0.0	0.0	3	1.05	-16.753545450255075	138.0	33	1.05	0.95				
	311	1	0.0	0.0	0.0	0.0	3	1.0056105058546978	-11.44338513694645	230.0	33	1.05	0.95				
	312	1	0.0	0.0	0.0	0.0	3	1.0106101203510836	-10.731238995143844	230.0	33	1.05	0.95				
	313	2	106.0083833912281	21.601708313684213	0.0	0.0	3	1.0096981225018418	-7.7514565585209745	230.0	34	1.05	0.95				
	314	2	77.60613727508773	15.601233782105266	0.0	0.0	3	1.0020608757633525	-10.013025276079418	230.0	36	1.05	0.95				
	315	2	126.8100284340351	25.60202466807018	0.0	0.0	3	1.026263119552517	-6.551978122041185	230.0	36	1.05	0.95				
	316	2	40.00316354385966	8.000632708771931	0.0	0.0	3	1.0263434923640795	-5.615180768641637	230.0	36	1.05	0.95				
	317	1	0.0	0.0	0.0	0.0	3	1.0313636892840727	-4.39091134411125	230.0	37	1.05	0.95				
	318	2	133.21053460105264	27.202151209824564	0.0	0.0	3	1.0298176208210568	-4.684484159107837	230.0	37	1.05	0.95				
	319	1	72.40572601438598	14.80117051122807	0.0	0.0	3	1.0250927716371974	-5.788573303330811	230.0	35	1.05	0.95				
	320	1	51.20404933614036	10.40082252140351	0.0	0.0	3	1.026536717415768	-5.1558220402437716	230.0	35	1.05	0.95				
	321	2	0.0	0.0	0.0	0.0	3	1.030816323114323	-4.767997405409314	230.0	37	1.05	0.95				
	322	2	0.0	0.0	0.0	0.0	3	1.0443008833491099	-0.26555201482644075	230.0	37	1.05	0.95				
	323	2	0.0	0.0	0.0	0.0	3	1.0279094208304453	-4.500348796728744	230.0	35	1.05	0.95				
	324	1	0.0	0.0	0.0	0.0	3	1.0142519645913544	-9.585524987854646	230.0	36	1.05	0.95				
	325	1	0.0	0.0	0.0	0.0	3	1.023995134817429	-3.0474670358425713	230.0	35	1.05	0.95				
];
