%% MATPOWER Case Format : Version 2
function mpc = RTS_GMLC
mpc.version = '2';

%%-----  Power Flow Data  -----%%
%% system MVA base
mpc.baseMVA = 100.0;
%% bus data
%    bus_i    type    Pd    Qd    Gs    Bs    area    Vm    Va    baseKV    zone    Vmax    Vmin
mpc.bus = [
	101	2	85.90301829473685	17.498762985964913	0.0	0.0	1	1.0402525601320225	-1.5828417248189401	138.0	11	1.05	0.95				
	102	2	77.15363680175439	15.907966350877196	0.0	0.0	1	1.0401496734147206	-1.6777761815180825	138.0	12	1.05	0.95				
	103	1	143.17169715789476	29.429737749122808	0.0	0.0	1	1.0208912231127736	-3.147446064606386	138.0	11	1.05	0.95				
	104	1	58.859475498245615	11.930974763157895	0.0	0.0	1	1.0201051195760047	-4.871767418992028	138.0	11	1.05	0.95				
	105	1	56.47328054561404	11.135576445614037	0.0	0.0	1	1.0342653022356691	-5.086620007569858	138.0	11	1.05	0.95				
	106	1	108.17417118596492	22.271152891228073	0.0	-100.0	1	1.036342560751121	-7.775320802563387	138.0	12	1.05	0.95				
	107	2	99.42478969298246	19.884957938596493	0.0	0.0	1	1.05	-3.926603362708233	138.0	12	1.05	0.95				
	108	1	136.01311230000002	27.838941114035087	0.0	0.0	1	1.0242447260832659	-7.035087242819885	138.0	12	1.05	0.95				
	109	1	139.19470557017544	28.634339431578947	0.0	0.0	1	1.0270703184004477	-4.817819679238215	138.0	13	1.05	0.95				
	110	1	155.10267192105266	31.81593270175439	0.0	0.0	1	1.05	-6.162536088620926	138.0	13	1.05	0.95				
	111	1	0.0	0.0	0.0	0.0	1	1.0148846437752626	-1.9869617034384248	230.0	13	1.05	0.95				
	112	1	0.0	0.0	0.0	0.0	1	1.0170617727703979	-0.9063284813874631	230.0	13	1.05	0.95				
	113	3	210.78055414912282	42.95150914736843	0.0	0.0	1	1.0170606657721164	3.7798222119568593e-28	230.0	14	1.05	0.95				
	114	2	154.30727360350878	31.020534384210528	0.0	0.0	1	1.0171708785015412	-0.1862373647102144	230.0	16	1.05	0.95				
	115	2	252.14126666140353	50.90549232280702	0.0	0.0	1	1.0449044816491286	7.386591018655416	230.0	16	1.05	0.95				
	116	2	79.53983175438597	15.907966350877196	0.0	0.0	1	1.0435174998416579	7.1692106572238705	230.0	16	1.05	0.95				
	117	1	0.0	0.0	0.0	0.0	1	1.04715587553711	10.087481933419237	230.0	17	1.05	0.95				
	118	2	264.8676397421053	54.08708559298246	0.0	0.0	1	1.0492004501756877	10.6151902806323	230.0	17	1.05	0.95				
	119	1	143.9670954754386	29.429737749122808	0.0	0.0	1	1.037956817465397	6.235151615978494	230.0	15	1.05	0.95				
	120	1	101.81098464561404	20.680356256140353	0.0	0.0	1	1.0400569599390712	6.823123998269769	230.0	15	1.05	0.95				
	121	2	0.0	0.0	0.0	0.0	1	1.05	11.224575894100973	230.0	17	1.05	0.95				
	122	2	0.0	0.0	0.0	0.0	1	1.05	17.989742425382442	230.0	17	1.05	0.95				
	123	2	0.0	0.0	0.0	0.0	1	1.0436198583456322	7.730349740713347	230.0	15	1.05	0.95				
	124	1	0.0	0.0	0.0	0.0	1	1.022726378767981	3.4928058681129213	230.0	16	1.05	0.95				
	201	2	86.03620336421054	17.52589327789474	0.0	0.0	2	1.0376592654039267	-8.741021034631451	138.0	21	1.05	0.95				
	202	2	77.27325672526317	15.932630252631583	0.0	0.0	2	1.0389727115525333	-8.875732527121535	138.0	22	1.05	0.95				
	203	1	143.39367227368422	29.475365967368422	0.0	0.0	2	1.0271691642656484	-6.437862076762316	138.0	21	1.05	0.95				
	204	1	58.950731934736844	11.949472689473685	0.0	0.0	2	1.0185996576742264	-10.3913265634626	138.0	21	1.05	0.95				
	205	1	56.56083739684211	11.152841176842108	0.0	0.0	2	1.033633276202707	-10.72381226270039	138.0	21	1.05	0.95				
	206	1	108.34188571789475	22.305682353684215	0.0	-100.0	2	1.0368743719929416	-12.589137563566492	138.0	22	1.05	0.95				
	207	2	99.57893907894739	19.915787815789475	0.0	0.0	2	0.95	-24.4370556186758	138.0	22	1.05	0.95				
	208	1	136.22398866	27.882102942105263	0.0	0.0	2	0.9566312935495522	-20.48499758201901	138.0	22	1.05	0.95				
	209	1	139.41051471052631	28.678734454736844	0.0	0.0	2	1.0273711692570624	-8.418432596830222	138.0	23	1.05	0.95				
	210	1	155.3431449631579	31.865260505263166	0.0	0.0	2	1.05	-10.230135419922656	138.0	23	1.05	0.95				
	211	1	0.0	0.0	0.0	0.0	2	1.0329934461105112	-3.731436834051719	230.0	23	1.05	0.95				
	212	1	0.0	0.0	0.0	0.0	2	1.0275414688777091	-0.19050901861942637	230.0	23	1.05	0.95				
	213	2	211.10735084736842	43.01810168210527	0.0	0.0	2	1.048582957661019	0.32409485491656864	230.0	24	1.05	0.95				
	214	2	154.54651345052633	31.068628992631588	0.0	0.0	2	1.0499997431067656	-1.9304185979516857	230.0	26	1.05	0.95				
	215	2	252.53218950421058	50.98441680842106	0.0	0.0	2	1.0454588951059494	5.36806830075291	230.0	26	1.05	0.95				
	216	2	79.6631512631579	15.932630252631583	0.0	0.0	2	1.0499999358756236	5.534736759432384	230.0	26	1.05	0.95				
	217	1	0.0	0.0	0.0	0.0	2	1.0498111931279486	8.385975218867792	230.0	27	1.05	0.95				
	218	2	265.2782937063158	54.17094285894738	0.0	0.0	2	1.05	9.109199735483045	230.0	27	1.05	0.95				
	219	1	144.1903037863158	29.475365967368422	0.0	0.0	2	1.0441104688144835	5.349472273198023	230.0	25	1.05	0.95				
	220	1	101.96883361684212	20.712419328421056	0.0	0.0	2	1.0461472981720286	6.675916878866418	230.0	25	1.05	0.95				
	221	2	0.0	0.0	0.0	0.0	2	1.05	9.586089105626863	230.0	27	1.05	0.95				
	222	2	0.0	0.0	0.0	0.0	2	1.05	15.627181454309797	230.0	27	1.05	0.95				
	223	2	0.0	0.0	0.0	0.0	2	1.05	7.98155498351894	230.0	25	1.05	0.95				
	224	1	0.0	0.0	0.0	0.0	2	1.0237727590072068	0.976330667505322	230.0	26	1.05	0.95				
	301	2	81.17937360000002	16.53653906666667	0.0	0.0	3	1.0126962219320077	-17.792793094136155	138.0	31	1.05	0.95				
	302	2	72.91110406666668	15.033217333333337	0.0	0.0	3	1.0114148509211078	-18.124246731730967	138.0	32	1.05	0.95				
	303	1	135.298956	27.81145206666667	0.0	0.0	3	1.0221439221380724	-10.518232475935681	138.0	31	1.05	0.95				
	304	1	55.62290413333334	11.274913	0.0	0.0	3	1.0051462762181818	-16.46513119601829	138.0	31	1.05	0.95				
	305	1	53.36792153333334	10.523252133333335	0.0	0.0	3	1.02077333692888	-16.927650961184963	138.0	31	1.05	0.95				
	306	1	102.22587786666668	21.04650426666667	0.0	-100.0	3	1.0314485153039048	-17.268244352419654	138.0	32	1.05	0.95				
	307	2	93.95760833333334	18.791521666666668	0.0	0.0	3	1.0052765334097495	-20.124155400429224	138.0	32	1.05	0.95				
	308	1	128.53400820000002	26.308130333333335	0.0	0.0	3	0.999483154058865	-18.99464107634284	138.0	32	1.05	0.95				
	309	1	131.5406516666667	27.0597912	0.0	0.0	3	1.026791960561691	-12.033361311807091	138.0	33	1.05	0.95				
	310	1	146.57386900000003	30.066434666666673	0.0	0.0	3	1.05	-13.651351677536978	138.0	33	1.05	0.95				
	311	1	0.0	0.0	0.0	0.0	3	1.0214468659366382	-6.090506551172694	230.0	33	1.05	0.95				
	312	1	0.0	0.0	0.0	0.0	3	1.021050141506801	-5.523729419982194	230.0	33	1.05	0.95				
	313	2	199.1901296666667	40.58968680000001	0.0	0.0	3	1.0365164264176387	-1.2370062988722141	230.0	34	1.05	0.95				
	314	2	145.82220813333336	29.314773800000005	0.0	0.0	3	1.033167918481989	-3.7358756589888036	230.0	36	1.05	0.95				
	315	2	238.27649473333335	48.10629546666668	0.0	0.0	3	1.0462646433951608	-0.10290120583210348	230.0	36	1.05	0.95				
	316	2	75.16608666666667	15.033217333333337	0.0	0.0	3	1.0451188361071506	0.2547688027237905	230.0	36	1.05	0.95				
	317	1	0.0	0.0	0.0	0.0	3	1.0473950633584377	2.2001030718756867	230.0	37	1.05	0.95				
	318	2	250.30306860000002	51.11293893333334	0.0	0.0	3	1.0474462141449163	2.319245972943326	230.0	37	1.05	0.95				
	319	1	136.05061686666667	27.81145206666667	0.0	0.0	3	1.0410700368435577	-0.12947715644138144	230.0	35	1.05	0.95				
	320	1	96.21259093333336	19.543182533333336	0.0	0.0	3	1.0417422280553712	-0.03300537786265983	230.0	35	1.05	0.95				
	321	2	0.0	0.0	0.0	0.0	3	1.05	3.429339053595857	230.0	37	1.05	0.95				
	322	2	0.0	0.0	0.0	0.0	3	1.05	8.72205082326273	230.0	37	1.05	0.95				
	323	2	0.0	0.0	0.0	0.0	3	1.0432801738167035	0.2404799122294819	230.0	35	1.05	0.95				
	324	1	0.0	0.0	0.0	0.0	3	1.0262616450353292	-2.476244138313667	230.0	36	1.05	0.95				
	325	1	0.0	0.0	0.0	0.0	3	1.0413370588988167	1.1570482487842924	230.0	35	1.05	0.95				
];
