%% MATPOWER Case Format : Version 2
function mpc = RTS_GMLC
mpc.version = '2';

%%-----  Power Flow Data  -----%%
%% system MVA base
mpc.baseMVA = 100.0;
%% bus data
%    bus_i    type    Pd    Qd    Gs    Bs    area    Vm    Va    baseKV    zone    Vmax    Vmin
mpc.bus = [
	101	2	41.08114796210526	8.368381992280701	0.0	0.0	1	1.0123990994869316	-3.9419187838811927	138.0	11	1.05	0.95				
	102	2	36.89695696596491	7.607619992982456	0.0	0.0	1	1.0122966630921588	-4.158411033398038	138.0	12	1.05	0.95				
	103	1	68.4685799368421	14.074096987017542	0.0	0.0	1	1.002053692808326	0.6628459568993238	138.0	11	1.05	0.95				
	104	1	28.148193974035085	5.705714994736842	0.0	0.0	1	1.002976312899426	-4.055250040789505	138.0	11	1.05	0.95				
	105	1	27.007050975087722	5.32533399508772	0.0	0.0	1	1.0170617943874734	-5.046877552202483	138.0	11	1.05	0.95				
	106	1	51.731815952280705	10.65066799017544	0.0	-100.0	1	1.0276980601512442	-6.135882889824473	138.0	12	1.05	0.95				
	107	2	47.547624956140346	9.509524991228071	0.0	0.0	1	0.9861742517263624	-9.3802030789871	138.0	12	1.05	0.95				
	108	1	65.04515094	13.313334987719298	0.0	0.0	1	0.9888020166259748	-8.34676846574013	138.0	12	1.05	0.95				
	109	1	66.56667493859649	13.69371598736842	0.0	0.0	1	1.0022106457096238	-3.1182715266427423	138.0	13	1.05	0.95				
	110	1	74.17429493157894	15.215239985964912	0.0	0.0	1	1.0306537232524768	-4.909209129150252	138.0	13	1.05	0.95				
	111	1	0.0	0.0	0.0	0.0	1	0.9806026029517394	-0.6743321442400041	230.0	13	1.05	0.95				
	112	1	0.0	0.0	0.0	0.0	1	0.9823436775583175	-1.3748064515813971	230.0	13	1.05	0.95				
	113	3	100.80096490701753	20.54057398105263	0.0	0.0	1	0.9627147177879686	5.90980109968328e-26	230.0	14	1.05	0.95				
	114	2	73.79391393192982	14.83485898631579	0.0	0.0	1	0.9874883814340396	2.236025308916215	230.0	16	1.05	0.95				
	115	2	120.58077688877194	24.34438397754386	0.0	0.0	1	0.9889449341395561	10.368467094104279	230.0	16	1.05	0.95				
	116	2	38.038099964912284	7.607619992982456	0.0	0.0	1	0.9881503422120204	8.962383598613389	230.0	16	1.05	0.95				
	117	1	0.0	0.0	0.0	0.0	1	0.9920717091359498	14.024555685057408	230.0	17	1.05	0.95				
	118	2	126.6668728831579	25.865907976140353	0.0	0.0	1	0.9977554591116139	14.600097890610554	230.0	17	1.05	0.95				
	119	1	68.84896093649124	14.074096987017542	0.0	0.0	1	0.9885172346863316	5.726477050317277	230.0	15	1.05	0.95				
	120	1	48.68876795508772	9.889905990877192	0.0	0.0	1	0.9929319706918951	3.328671724884004	230.0	15	1.05	0.95				
	121	2	0.0	0.0	0.0	0.0	1	0.9982722884798991	15.853306063072994	230.0	17	1.05	0.95				
	122	2	0.0	0.0	0.0	0.0	1	1.011564612682933	30.03158557605785	230.0	17	1.05	0.95				
	123	2	0.0	0.0	0.0	0.0	1	0.9961593799921604	2.3293247585985197	230.0	15	1.05	0.95				
	124	1	0.0	0.0	0.0	0.0	1	0.9823119216188207	6.645625442357843	230.0	16	1.05	0.95				
	201	2	42.85660316210527	8.730048792280703	0.0	0.0	2	1.0106516425183725	-9.932481112059378	138.0	21	1.05	0.95				
	202	2	38.49157876596492	7.936407992982458	0.0	0.0	2	1.0095490257008015	-10.104316518355505	138.0	22	1.05	0.95				
	203	1	71.42767193684212	14.682354787017546	0.0	0.0	2	0.9972523234915065	-7.575687154915063	138.0	21	1.05	0.95				
	204	1	29.364709574035093	5.952305994736842	0.0	0.0	2	1.0014919852314905	-9.180937746448887	138.0	21	1.05	0.95				
	205	1	28.174248375087725	5.55548559508772	0.0	0.0	2	1.0175523427907798	-9.5048423907683	138.0	21	1.05	0.95				
	206	1	53.967574352280714	11.11097119017544	0.0	-100.0	2	1.0295334747419465	-9.767790806287092	138.0	22	1.05	0.95				
	207	2	49.60254995614036	9.920509991228071	0.0	0.0	2	0.9714301753878016	-14.502884764934514	138.0	22	1.05	0.95				
	208	1	67.85628834	13.888713987719298	0.0	0.0	2	0.9806370308440235	-12.691108370617584	138.0	22	1.05	0.95				
	209	1	69.44356993859651	14.285534387368424	0.0	0.0	2	1.0067887398553612	-6.730353031040901	138.0	23	1.05	0.95				
	210	1	77.37997793157896	15.872815985964916	0.0	0.0	2	1.0342957263942267	-7.761982152234364	138.0	23	1.05	0.95				
	211	1	0.0	0.0	0.0	0.0	2	0.9871624320811336	-4.472793745414617	230.0	23	1.05	0.95				
	212	1	0.0	0.0	0.0	0.0	2	0.9900099227955912	0.2861801694397551	230.0	23	1.05	0.95				
	213	2	105.15740590701755	21.428301581052636	0.0	0.0	2	0.9834647614379098	-1.964358235359903	230.0	24	1.05	0.95				
	214	2	76.98315753192983	15.475995586315792	0.0	0.0	2	0.9823570843309712	-3.7503545798136284	230.0	26	1.05	0.95				
	215	2	125.79206668877194	25.396505577543866	0.0	0.0	2	0.9907177228383008	0.04855893375056151	230.0	26	1.05	0.95				
	216	2	39.682039964912285	7.936407992982458	0.0	0.0	2	0.9891748630576245	-0.11395278905827969	230.0	26	1.05	0.95				
	217	1	0.0	0.0	0.0	0.0	2	0.9991185390720675	0.8030388081603802	230.0	27	1.05	0.95				
	218	2	132.1411930831579	26.983787176140357	0.0	0.0	2	0.9998605717672748	0.31581177510229697	230.0	27	1.05	0.95				
	219	1	71.82449233649125	14.682354787017546	0.0	0.0	2	0.983935857265156	0.7968819943376201	230.0	25	1.05	0.95				
	220	1	50.79301115508773	10.317330390877194	0.0	0.0	2	0.9825155911032485	2.437566529525834	230.0	25	1.05	0.95				
	221	2	0.0	0.0	0.0	0.0	2	1.0021534795487888	0.8542795261406941	230.0	27	1.05	0.95				
	222	2	0.0	0.0	0.0	0.0	2	1.019914691248722	6.010414048965934	230.0	27	1.05	0.95				
	223	2	0.0	0.0	0.0	0.0	2	0.9828948036780164	3.6758920728335185	230.0	25	1.05	0.95				
	224	1	0.0	0.0	0.0	0.0	2	0.9838164730078083	-2.8571800832881946	230.0	26	1.05	0.95				
	301	2	57.04080987789475	11.619424234385967	0.0	0.0	3	1.004332396650022	26.385446809466142	138.0	31	1.05	0.95				
	302	2	51.23109776070176	10.563112940350878	0.0	0.0	3	1.004975143792568	25.98401734683946	138.0	32	1.05	0.95				
	303	1	95.06801646315792	19.541758939649124	0.0	0.0	3	1.0148601989391626	41.58905137415592	138.0	31	1.05	0.95				
	304	1	39.08351787929825	7.922334705263158	0.0	0.0	3	0.9931267758769047	27.18068293596993	138.0	31	1.05	0.95				
	305	1	37.49905093824562	7.394179058245616	0.0	0.0	3	1.0122372665335622	25.693470101187305	138.0	31	1.05	0.95				
	306	1	71.82916799438598	14.788358116491231	0.0	-100.0	3	1.0238913813893802	24.669712698212766	138.0	32	1.05	0.95				
	307	2	66.019455877193	13.203891175438597	0.0	0.0	3	0.9678719141056693	21.32516279687005	138.0	32	1.05	0.95				
	308	1	90.31461564	18.485447645614038	0.0	0.0	3	0.9783797125976785	23.7826567252397	138.0	32	1.05	0.95				
	309	1	92.42723822807018	19.013603292631583	0.0	0.0	3	1.000932858890237	30.433209472455857	138.0	33	1.05	0.95				
	310	1	102.99035116842106	21.126225880701757	0.0	0.0	3	1.0335000872799858	26.740344375744666	138.0	33	1.05	0.95				
	311	1	0.0	0.0	0.0	0.0	3	0.9918769123823032	30.92557634544356	230.0	33	1.05	0.95				
	312	1	0.0	0.0	0.0	0.0	3	0.9984920239704029	31.365250529209444	230.0	33	1.05	0.95				
	313	2	139.96124645964915	28.520404938947376	0.0	0.0	3	1.0014096941838346	34.70414988478579	230.0	34	1.05	0.95				
	314	2	102.46219552140352	20.59807023368421	0.0	0.0	3	0.9841721764246768	30.012556780656393	230.0	36	1.05	0.95				
	315	2	167.42534010456143	33.80196140912281	0.0	0.0	3	0.9883540356361177	28.535731673051593	230.0	36	1.05	0.95				
	316	2	52.81556470175439	10.563112940350878	0.0	0.0	3	0.9795744551561927	28.679861233943168	230.0	36	1.05	0.95				
	317	1	0.0	0.0	0.0	0.0	3	0.9945618818381565	30.034584643954	230.0	37	1.05	0.95				
	318	2	175.87583045684212	35.91458399719299	0.0	0.0	3	0.9906516697817132	26.73873343524976	230.0	37	1.05	0.95				
	319	1	95.59617211017544	19.541758939649124	0.0	0.0	3	0.986867930102884	28.42514654192121	230.0	35	1.05	0.95				
	320	1	67.60392281824562	13.732046822456143	0.0	0.0	3	0.9956613723316322	28.46690269363629	230.0	35	1.05	0.95				
	321	2	0.0	0.0	0.0	0.0	3	0.9979519164025353	27.824319697930264	230.0	37	1.05	0.95				
	322	2	0.0	0.0	0.0	0.0	3	1.0146619071454994	31.801605235842434	230.0	37	1.05	0.95				
	323	2	0.0	0.0	0.0	0.0	3	1.0001372809477982	28.283520677449744	230.0	35	1.05	0.95				
	324	1	0.0	0.0	0.0	0.0	3	0.9960727334005881	34.81534793802919	230.0	36	1.05	0.95				
	325	1	0.0	0.0	0.0	0.0	3	1.0010628801323724	27.237362917919974	230.0	35	1.05	0.95				
];
