%% MATPOWER Case Format : Version 2
function mpc = RTS_GMLC
mpc.version = '2';

%%-----  Power Flow Data  -----%%
%% system MVA base
mpc.baseMVA = 100.0;
%% bus data
%    bus_i    type    Pd    Qd    Gs    Bs    area    Vm    Va    baseKV    zone    Vmax    Vmin
mpc.bus = [
	101	2	78.6086095831579	16.012864915087718	0.0	0.0	1	1.0462996996017104	0.6312840229124983	138.0	11	1.05	0.95				
	102	2	70.60217712561403	14.55714992280702	0.0	0.0	1	1.0461551550299488	0.5344936233324143	138.0	12	1.05	0.95				
	103	1	131.01434930526318	26.930727357192985	0.0	0.0	1	1.0240012322168386	-2.097361065759744	138.0	11	1.05	0.95				
	104	1	53.86145471438597	10.917862442105262	0.0	0.0	1	1.0240636999607624	-3.1281332488923344	138.0	11	1.05	0.95				
	105	1	51.67788222596491	10.190004945964914	0.0	0.0	1	1.0378762930858085	-3.3202694034687115	138.0	11	1.05	0.95				
	106	1	98.98861947508773	20.380009891929827	0.0	-100.0	1	1.0394221796716372	-6.2074978559329645	138.0	12	1.05	0.95				
	107	2	90.98218701754386	18.19643740350877	0.0	0.0	1	1.0403362103120697	-3.774173127652871	138.0	12	1.05	0.95				
	108	1	124.46363184	25.47501236491228	0.0	0.0	1	1.0205557470187805	-6.358609838569257	138.0	12	1.05	0.95				
	109	1	127.3750618245614	26.20286986105263	0.0	0.0	1	1.026457976861934	-3.96813792846543	138.0	13	1.05	0.95				
	110	1	141.93221174736843	29.11429984561404	0.0	0.0	1	1.05	-5.097273894617031	138.0	13	1.05	0.95				
	111	1	0.0	0.0	0.0	0.0	1	1.011246048351471	-1.6629590748208791	230.0	13	1.05	0.95				
	112	1	0.0	0.0	0.0	0.0	1	1.0147050007824328	-0.8969521715946946	230.0	13	1.05	0.95				
	113	3	192.88223647719298	39.30430479157895	0.0	0.0	1	1.0101357770482622	3.7001874172175237e-28	230.0	14	1.05	0.95				
	114	2	141.20435425122807	28.386442349473683	0.0	0.0	1	1.0109947158373016	-0.17373237094190822	230.0	16	1.05	0.95				
	115	2	230.73082627649123	46.58287975298246	0.0	0.0	1	1.0428268160499452	6.833701618208626	230.0	16	1.05	0.95				
	116	2	72.78574961403508	14.55714992280702	0.0	0.0	1	1.0397074137301823	6.332466266907249	230.0	16	1.05	0.95				
	117	1	0.0	0.0	0.0	0.0	1	1.0450526869133219	9.18927556512486	230.0	17	1.05	0.95				
	118	2	242.37654621473683	49.494309737543865	0.0	0.0	1	1.0478028139800062	9.625941047799873	230.0	17	1.05	0.95				
	119	1	131.7422068014035	26.930727357192985	0.0	0.0	1	1.032346501757581	5.012048930082934	230.0	15	1.05	0.95				
	120	1	93.16575950596491	18.924294899649123	0.0	0.0	1	1.0321861381986133	5.115026067600627	230.0	15	1.05	0.95				
	121	2	0.0	0.0	0.0	0.0	1	1.05	10.524016132314554	230.0	17	1.05	0.95				
	122	2	0.0	0.0	0.0	0.0	1	1.05	17.482939913356347	230.0	17	1.05	0.95				
	123	2	0.0	0.0	0.0	0.0	1	1.0340733483716729	5.717667952360153	230.0	15	1.05	0.95				
	124	1	0.0	0.0	0.0	0.0	1	1.0245045409423503	3.5199244773110037	230.0	16	1.05	0.95				
	201	2	73.35432079578948	14.94254682877193	0.0	0.0	2	1.034499644913928	-9.702009215049952	138.0	21	1.05	0.95				
	202	2	65.8830473814035	13.584133480701755	0.0	0.0	2	1.0347118649542344	-9.767831868177959	138.0	22	1.05	0.95				
	203	1	122.2572013263158	25.130646939298245	0.0	0.0	2	1.0249500733388819	-7.621176407415466	138.0	21	1.05	0.95				
	204	1	50.26129387859649	10.188100110526316	0.0	0.0	2	1.0180959700280034	-11.553209461502384	138.0	21	1.05	0.95				
	205	1	48.22367385649123	9.50889343649123	0.0	0.0	2	1.0335857784583307	-11.870411129404827	138.0	21	1.05	0.95				
	206	1	92.37210766877195	19.01778687298246	0.0	-100.0	2	1.0392180795547588	-13.724602027559737	138.0	22	1.05	0.95				
	207	2	84.90083425438597	16.980166850877193	0.0	0.0	2	0.9757267335383039	-23.876412830334235	138.0	22	1.05	0.95				
	208	1	116.14434125999999	23.77223359122807	0.0	0.0	2	0.9776449260321564	-20.55409108296846	138.0	22	1.05	0.95				
	209	1	118.86116795614035	24.45144026526316	0.0	0.0	2	1.0256212388366257	-10.263042947833673	138.0	23	1.05	0.95				
	210	1	132.4453014368421	27.16826696140351	0.0	0.0	2	1.05	-11.927573397642552	138.0	23	1.05	0.95				
	211	1	0.0	0.0	0.0	0.0	2	1.019643441175128	-7.063551400847948	230.0	23	1.05	0.95				
	212	1	0.0	0.0	0.0	0.0	2	1.0212323327520874	-3.288673804379099	230.0	23	1.05	0.95				
	213	2	179.98976861929822	36.67716039789474	0.0	0.0	2	1.0237435668216586	-4.924598151784595	230.0	24	1.05	0.95				
	214	2	131.766094762807	26.48906028736842	0.0	0.0	2	1.0275642082949425	-4.934261403724135	230.0	26	1.05	0.95				
	215	2	215.30851566912278	43.469227138245614	0.0	0.0	2	1.0384592058993347	2.2906556412011745	230.0	26	1.05	0.95				
	216	2	67.92066740350877	13.584133480701755	0.0	0.0	2	1.0406175212748876	2.2460669276296796	230.0	26	1.05	0.95				
	217	1	0.0	0.0	0.0	0.0	2	1.0431117684465818	4.762217495960846	230.0	27	1.05	0.95				
	218	2	226.1758224536842	46.18605383438597	0.0	0.0	2	1.0438890931156386	5.076666755776443	230.0	27	1.05	0.95				
	219	1	122.93640800035088	25.130646939298245	0.0	0.0	2	1.0399176584948244	2.091016151023798	230.0	25	1.05	0.95				
	220	1	86.93845427649123	17.65937352491228	0.0	0.0	2	1.0450870904062908	3.235187605040637	230.0	25	1.05	0.95				
	221	2	0.0	0.0	0.0	0.0	2	1.043802004164351	4.907554846322487	230.0	27	1.05	0.95				
	222	2	0.0	0.0	0.0	0.0	2	1.05	11.356794648870647	230.0	27	1.05	0.95				
	223	2	0.0	0.0	0.0	0.0	2	1.05	4.354066579565655	230.0	25	1.05	0.95				
	224	1	0.0	0.0	0.0	0.0	2	1.0210423341466237	-1.409941440112664	230.0	26	1.05	0.95				
	301	2	74.99525468210527	15.27681113894737	0.0	0.0	3	1.0095257069659678	-17.77818267155401	138.0	31	1.05	0.95				
	302	2	67.35684911263158	13.888010126315791	0.0	0.0	3	1.0089162250968948	-17.943738974764603	138.0	32	1.05	0.95				
	303	1	124.9920911368421	25.692818733684213	0.0	0.0	3	1.0244437290003185	-9.680991908611901	138.0	31	1.05	0.95				
	304	1	51.385637467368426	10.416007594736843	0.0	0.0	3	1.0050689882320172	-15.645076734509756	138.0	31	1.05	0.95				
	305	1	49.30243594842105	9.721607088421054	0.0	0.0	3	1.0196308651134798	-16.36535481718729	138.0	31	1.05	0.95				
	306	1	94.43846885894739	19.44321417684211	0.0	-100.0	3	1.0324376065935172	-16.330455007449036	138.0	32	1.05	0.95				
	307	2	86.8000632894737	17.36001265789474	0.0	0.0	3	0.9840322284425335	-23.432173261224907	138.0	32	1.05	0.95				
	308	1	118.74248658000002	24.30401772105263	0.0	0.0	3	0.9865060168103611	-20.1025161270605	138.0	32	1.05	0.95				
	309	1	121.52008860526318	24.998418227368422	0.0	0.0	3	1.0273866931435824	-10.935713800577288	138.0	33	1.05	0.95				
	310	1	135.40809873157895	27.776020252631582	0.0	0.0	3	1.05	-12.724972955395241	138.0	33	1.05	0.95				
	311	1	0.0	0.0	0.0	0.0	3	1.0227551140015867	-4.855930877679632	230.0	33	1.05	0.95				
	312	1	0.0	0.0	0.0	0.0	3	1.0224618247676096	-4.198930386162039	230.0	33	1.05	0.95				
	313	2	184.0161341736842	37.497627341052635	0.0	0.0	3	1.0409761535338224	0.601209487542146	230.0	34	1.05	0.95				
	314	2	134.71369822526316	27.081619746315795	0.0	0.0	3	1.0343181483697461	-2.83952902368663	230.0	36	1.05	0.95				
	315	2	220.12496050210527	44.44163240421053	0.0	0.0	3	1.046578823250568	-0.1617430655261738	230.0	36	1.05	0.95				
	316	2	69.44005063157896	13.888010126315791	0.0	0.0	3	1.0457954089976218	0.39401774893242025	230.0	36	1.05	0.95				
	317	1	0.0	0.0	0.0	0.0	3	1.0499996374801193	2.73051908625712	230.0	37	1.05	0.95				
	318	2	231.2353686031579	47.219234429473694	0.0	0.0	3	1.0482007534865878	2.150007052090792	230.0	37	1.05	0.95				
	319	1	125.68649164315791	25.692818733684213	0.0	0.0	3	1.0426753693996458	0.4342104051069672	230.0	35	1.05	0.95				
	320	1	88.88326480842106	18.05441316421053	0.0	0.0	3	1.043346360080823	0.750046431351546	230.0	35	1.05	0.95				
	321	2	0.0	0.0	0.0	0.0	3	1.05	2.9014872702056995	230.0	37	1.05	0.95				
	322	2	0.0	0.0	0.0	0.0	3	1.05	7.18185141734948	230.0	37	1.05	0.95				
	323	2	0.0	0.0	0.0	0.0	3	1.0445414773894723	1.0584128351153776	230.0	35	1.05	0.95				
	324	1	0.0	0.0	0.0	0.0	3	1.028379236729743	-2.2194404137101897	230.0	36	1.05	0.95				
	325	1	0.0	0.0	0.0	0.0	3	1.0431342141677147	1.8491042462015514	230.0	35	1.05	0.95				
];
