%% MATPOWER Case Format : Version 2
function mpc = RTS_GMLC
mpc.version = '2';

%%-----  Power Flow Data  -----%%
%% system MVA base
mpc.baseMVA = 100.0;
%% bus data
%    bus_i    type    Pd    Qd    Gs    Bs    area    Vm    Va    baseKV    zone    Vmax    Vmin
mpc.bus = [
	101	2	58.235032155789476	11.862691735438597	0.0	0.0	1	1.0481232099350193	1.897617196162226	138.0	11	1.05	0.95				
	102	2	52.303686288070175	10.784265214035088	0.0	0.0	1	1.0469627233950938	1.5538911151643484	138.0	12	1.05	0.95				
	103	1	97.05838692631579	19.95089064596491	0.0	0.0	1	1.0312672938658605	-0.46505152306930075	138.0	11	1.05	0.95				
	104	1	39.90178129192982	8.088198910526314	0.0	0.0	1	1.027530331317211	-1.9705908052734624	138.0	11	1.05	0.95				
	105	1	38.28414150982455	7.548985649824562	0.0	0.0	1	1.0411125426238874	-2.1299711346829895	138.0	11	1.05	0.95				
	106	1	73.3330034554386	15.097971299649124	0.0	-100.0	1	1.0450093461643353	-4.97094072842013	138.0	12	1.05	0.95				
	107	2	67.4016575877193	13.480331517543858	0.0	0.0	1	0.9992868749569259	-11.347092875690667	138.0	12	1.05	0.95				
	108	1	92.20546757999999	18.8724641245614	0.0	0.0	1	0.9999049045187227	-9.952463744093567	138.0	12	1.05	0.95				
	109	1	94.362320622807	19.411677385263157	0.0	0.0	1	1.0250948854180528	-3.5730402993157986	138.0	13	1.05	0.95				
	110	1	105.14658583684209	21.568530428070176	0.0	0.0	1	1.05	-4.586062821293209	138.0	13	1.05	0.95				
	111	1	0.0	0.0	0.0	0.0	1	1.0070433325266233	-1.3940594903027002	230.0	13	1.05	0.95				
	112	1	0.0	0.0	0.0	0.0	1	1.0105798434560056	-1.437794573163688	230.0	13	1.05	0.95				
	113	3	142.8915140859649	29.117516077894738	0.0	0.0	1	1.0022999053627324	-5.5370679516715765e-30	230.0	14	1.05	0.95				
	114	2	104.60737257614035	21.02931716736842	0.0	0.0	1	1.0058518672637966	0.1806448049484498	230.0	16	1.05	0.95				
	115	2	170.9306036424561	34.50964868491228	0.0	0.0	1	1.0405068953248975	6.861184610943785	230.0	16	1.05	0.95				
	116	2	53.92132607017543	10.784265214035088	0.0	0.0	1	1.0355673695427374	5.619202210556338	230.0	16	1.05	0.95				
	117	1	0.0	0.0	0.0	0.0	1	1.042665349660637	9.395763201151473	230.0	17	1.05	0.95				
	118	2	179.5580158136842	36.6665017277193	0.0	0.0	1	1.0469066181733826	10.316350860187839	230.0	17	1.05	0.95				
	119	1	97.59760018701755	19.95089064596491	0.0	0.0	1	1.0247426537341175	3.356282106864571	230.0	15	1.05	0.95				
	120	1	69.01929736982456	14.019544778245614	0.0	0.0	1	1.020010634467407	2.191088073793892	230.0	15	1.05	0.95				
	121	2	0.0	0.0	0.0	0.0	1	1.0499999866599563	12.188955211923657	230.0	17	1.05	0.95				
	122	2	0.0	0.0	0.0	0.0	1	1.05	17.681412186143803	230.0	17	1.05	0.95				
	123	2	0.0	0.0	0.0	0.0	1	1.0184802472523102	1.965227665513633	230.0	15	1.05	0.95				
	124	1	0.0	0.0	0.0	0.0	1	1.027513738545072	4.118911628829724	230.0	16	1.05	0.95				
	201	2	54.620494256842115	11.126396978245614	0.0	0.0	2	1.0116364787788221	-11.653409893609627	138.0	21	1.05	0.95				
	202	2	49.057295767719296	10.11490634385965	0.0	0.0	2	1.01084291744441	-11.894130591825927	138.0	22	1.05	0.95				
	203	1	91.03415709473684	18.71257673614035	0.0	0.0	2	1.013906478262107	-8.630296747944014	138.0	21	1.05	0.95				
	204	1	37.4251534722807	7.586179757894736	0.0	0.0	2	1.0099757720883216	-10.893315900073645	138.0	21	1.05	0.95				
	205	1	35.90791752070175	7.0804344407017545	0.0	0.0	2	1.0242397123240459	-11.281772950542098	138.0	21	1.05	0.95				
	206	1	68.78136313824562	14.160868881403509	0.0	-100.0	2	1.0388888751728604	-11.670338456642352	138.0	22	1.05	0.95				
	207	2	63.2181646491228	12.64363292982456	0.0	0.0	2	0.9939603284023901	-17.881727762979434	138.0	22	1.05	0.95				
	208	1	86.48244924	17.701086101754385	0.0	0.0	2	0.9965881172248379	-15.523970460805895	138.0	22	1.05	0.95				
	209	1	88.50543050877194	18.206831418947367	0.0	0.0	2	1.02525946455163	-7.996579170096303	138.0	23	1.05	0.95				
	210	1	98.62033685263157	20.2298126877193	0.0	0.0	2	1.05	-9.285229433516008	138.0	23	1.05	0.95				
	211	1	0.0	0.0	0.0	0.0	2	1.0111607575496495	-4.654825992702482	230.0	23	1.05	0.95				
	212	1	0.0	0.0	0.0	0.0	2	1.0159670392420426	-0.251405027420732	230.0	23	1.05	0.95				
	213	2	134.02250905614034	27.310247128421057	0.0	0.0	2	1.0139848096818955	-1.6780339000069326	230.0	24	1.05	0.95				
	214	2	98.11459153543859	19.724067370526317	0.0	0.0	2	1.0119746297423562	-3.212486506529314	230.0	26	1.05	0.95				
	215	2	160.32126555017544	32.367700300350876	0.0	0.0	2	1.028101924295363	1.6140621662189072	230.0	26	1.05	0.95				
	216	2	50.57453171929824	10.11490634385965	0.0	0.0	2	1.0296029558834436	1.9232537983072355	230.0	26	1.05	0.95				
	217	1	0.0	0.0	0.0	0.0	2	1.031598852193344	2.4274692232819217	230.0	27	1.05	0.95				
	218	2	168.41319062526316	34.39068156912281	0.0	0.0	2	1.0303694325382038	1.9137786200009979	230.0	27	1.05	0.95				
	219	1	91.53990241192982	18.71257673614035	0.0	0.0	2	1.0320138464221214	3.365944393012745	230.0	25	1.05	0.95				
	220	1	64.73540060070175	13.149378247017543	0.0	0.0	2	1.0386715061743763	5.5786393811419295	230.0	25	1.05	0.95				
	221	2	0.0	0.0	0.0	0.0	2	1.0325878026449482	2.612899559690088	230.0	27	1.05	0.95				
	222	2	0.0	0.0	0.0	0.0	2	1.05	9.034815792619684	230.0	27	1.05	0.95				
	223	2	0.0	0.0	0.0	0.0	2	1.0442572316989323	7.157195085114579	230.0	25	1.05	0.95				
	224	1	0.0	0.0	0.0	0.0	2	1.010155430522606	-2.2082095700457627	230.0	26	1.05	0.95				
	301	2	54.49541282526316	11.10091742736842	0.0	0.0	3	1.0013841636220686	12.137245947711477	138.0	31	1.05	0.95				
	302	2	48.944954111578944	10.091743115789473	0.0	0.0	3	1.0010285404225907	12.02491778130024	138.0	32	1.05	0.95				
	303	1	90.82568804210526	18.669724764210525	0.0	0.0	3	1.028953299064781	17.200050546171312	138.0	31	1.05	0.95				
	304	1	37.33944952842105	7.568807336842105	0.0	0.0	3	1.0063403044443837	13.523485691363037	138.0	31	1.05	0.95				
	305	1	35.82568806105263	7.064220181052631	0.0	0.0	3	1.0186648489701802	13.180043604433958	138.0	31	1.05	0.95				
	306	1	68.62385318736843	14.128440362105263	0.0	-100.0	3	1.0363988045963917	13.174229997494074	138.0	32	1.05	0.95				
	307	2	63.07339447368421	12.61467889473684	0.0	0.0	3	0.98852376205927	9.03943629702967	138.0	32	1.05	0.95				
	308	1	86.28440364	17.660550452631576	0.0	0.0	3	0.9987840905179106	11.283510897916377	138.0	32	1.05	0.95				
	309	1	88.30275226315788	18.165137608421052	0.0	0.0	3	1.027247706279489	16.80700803802731	138.0	33	1.05	0.95				
	310	1	98.39449537894737	20.183486231578947	0.0	0.0	3	1.05	15.840659727980032	138.0	33	1.05	0.95				
	311	1	0.0	0.0	0.0	0.0	3	1.0094493914676435	21.10522921531465	230.0	33	1.05	0.95				
	312	1	0.0	0.0	0.0	0.0	3	1.0156947544537722	21.41429561375306	230.0	33	1.05	0.95				
	313	2	133.71559628421053	27.24770641263158	0.0	0.0	3	1.0180422819858241	26.509842838334414	230.0	34	1.05	0.95				
	314	2	97.88990822315789	19.678899075789474	0.0	0.0	3	1.0075983196798723	21.2139471895308	230.0	36	1.05	0.95				
	315	2	159.95412838526315	32.293577970526314	0.0	0.0	3	1.0364788572156751	19.013261377794862	230.0	36	1.05	0.95				
	316	2	50.45871557894736	10.091743115789473	0.0	0.0	3	1.0352865619118465	19.63656692999113	230.0	36	1.05	0.95				
	317	1	0.0	0.0	0.0	0.0	3	1.047616373283275	21.424469729775584	230.0	37	1.05	0.95				
	318	2	168.02752287789474	34.31192659368421	0.0	0.0	3	1.0461487627018071	19.149482633446798	230.0	37	1.05	0.95				
	319	1	91.33027519789474	18.669724764210525	0.0	0.0	3	1.0319857996875066	20.155177524588503	230.0	35	1.05	0.95				
	320	1	64.58715594105263	13.119266050526315	0.0	0.0	3	1.0299548542444703	20.34778861791669	230.0	35	1.05	0.95				
	321	2	0.0	0.0	0.0	0.0	3	1.0438086449004385	19.72297446872181	230.0	37	1.05	0.95				
	322	2	0.0	0.0	0.0	0.0	3	1.05	24.72598214609403	230.0	37	1.05	0.95				
	323	2	0.0	0.0	0.0	0.0	3	1.0285672915393238	20.360113007342825	230.0	35	1.05	0.95				
	324	1	0.0	0.0	0.0	0.0	3	1.0309587562454683	20.06432442415975	230.0	36	1.05	0.95				
	325	1	0.0	0.0	0.0	0.0	3	1.031824947594372	19.66999524723596	230.0	35	1.05	0.95				
];
