%% MATPOWER Case Format : Version 2
function mpc = RTS_GMLC
mpc.version = '2';

%%-----  Power Flow Data  -----%%
%% system MVA base
mpc.baseMVA = 100.0;
%% bus data
%    bus_i    type    Pd    Qd    Gs    Bs    area    Vm    Va    baseKV    zone    Vmax    Vmin
mpc.bus = [
	101	2	43.96684808842106	8.956209795789475	0.0	0.0	1	1.0163837902124144	-2.2406158762876256	138.0	11	1.05	0.95				
	102	2	39.488743190526314	8.14200890526316	0.0	0.0	1	1.015463173409097	-2.48216434412892	138.0	12	1.05	0.95				
	103	1	73.27808014736843	15.062716474736842	0.0	0.0	1	1.0316991585312996	1.1649628851495502	138.0	11	1.05	0.95				
	104	1	30.125432949473684	6.106506678947368	0.0	0.0	1	1.0178172627345603	-3.011063307930226	138.0	11	1.05	0.95				
	105	1	28.904131613684207	5.699406233684211	0.0	0.0	1	1.0281121430887372	-4.096339128451067	138.0	11	1.05	0.95				
	106	1	55.365660555789475	11.398812467368423	0.0	-100.0	1	1.042493150444213	-5.599682545779526	138.0	12	1.05	0.95				
	107	2	50.88755565789474	10.177511131578948	0.0	0.0	1	1.000101028272878	-11.183708858921898	138.0	12	1.05	0.95				
	108	1	69.61417614000001	14.248515584210525	0.0	0.0	1	1.004303062391222	-9.297494063340212	138.0	12	1.05	0.95				
	109	1	71.24257792105264	14.655616029473684	0.0	0.0	1	1.0255080978860713	-2.8876192923507875	138.0	13	1.05	0.95				
	110	1	79.3845868263158	16.28401781052632	0.0	0.0	1	1.05	-4.6477744259791	138.0	13	1.05	0.95				
	111	1	0.0	0.0	0.0	0.0	1	1.007020138879929	-0.43483869104385825	230.0	13	1.05	0.95				
	112	1	0.0	0.0	0.0	0.0	1	1.0101546789392657	-1.298287691047789	230.0	13	1.05	0.95				
	113	3	107.88161799473683	21.98342404421053	0.0	0.0	1	0.9998132578910848	1.0621995983567642e-28	230.0	14	1.05	0.95				
	114	2	78.97748638105263	15.87691736526316	0.0	0.0	1	1.0102925468886992	2.6235165133610336	230.0	16	1.05	0.95				
	115	2	129.05084114842106	26.054428496842107	0.0	0.0	1	1.0430937856767282	10.714783621503326	230.0	16	1.05	0.95				
	116	2	40.71004452631579	8.14200890526316	0.0	0.0	1	1.0364552180126285	9.303718445545432	230.0	16	1.05	0.95				
	117	1	0.0	0.0	0.0	0.0	1	1.0408195577975492	14.586670129899014	230.0	17	1.05	0.95				
	118	2	135.56444827263158	27.682830277894737	0.0	0.0	1	1.0499999942649123	15.040160528068814	230.0	17	1.05	0.95				
	119	1	73.68518059263158	15.062716474736842	0.0	0.0	1	1.0257499931445695	5.79641260046667	230.0	15	1.05	0.95				
	120	1	52.10885699368421	10.584611576842107	0.0	0.0	1	1.0212680117038495	3.1562363534819173	230.0	15	1.05	0.95				
	121	2	0.0	0.0	0.0	0.0	1	1.05	16.16414278350031	230.0	17	1.05	0.95				
	122	2	0.0	0.0	0.0	0.0	1	1.05	32.61132661259593	230.0	17	1.05	0.95				
	123	2	0.0	0.0	0.0	0.0	1	1.019767658781362	2.0129062651367864	230.0	15	1.05	0.95				
	124	1	0.0	0.0	0.0	0.0	1	1.0268418931468597	7.142226360005577	230.0	16	1.05	0.95				
	201	2	44.488588054736844	9.062490159298244	0.0	0.0	2	1.0155566730313956	-15.228425359689384	138.0	21	1.05	0.95				
	202	2	39.95734297508772	8.238627417543858	0.0	0.0	2	1.0146885350606734	-15.50027743377865	138.0	22	1.05	0.95				
	203	1	74.14764675789473	15.241460722456138	0.0	0.0	2	1.0150062902921453	-11.528309544045792	138.0	21	1.05	0.95				
	204	1	30.482921444912275	6.178970563157894	0.0	0.0	2	1.0127347130495592	-14.98713919362089	138.0	21	1.05	0.95				
	205	1	29.247127332280698	5.767039192280702	0.0	0.0	2	1.0277762203528917	-15.405754793001055	138.0	21	1.05	0.95				
	206	1	56.02266643929824	11.534078384561404	0.0	-100.0	2	1.042586291139853	-16.021658999334765	138.0	22	1.05	0.95				
	207	2	51.49142135964912	10.298284271929823	0.0	0.0	2	0.9976363181230569	-20.96365605372043	138.0	22	1.05	0.95				
	208	1	70.44026441999999	14.417597980701752	0.0	0.0	2	1.002228446695671	-19.100510793343908	138.0	22	1.05	0.95				
	209	1	72.08798990350877	14.829529351578946	0.0	0.0	2	1.02307762885883	-12.86161555732957	138.0	23	1.05	0.95				
	210	1	80.32661732105262	16.477254835087717	0.0	0.0	2	1.05	-14.258635705206745	138.0	23	1.05	0.95				
	211	1	0.0	0.0	0.0	0.0	2	1.00405337391224	-10.528563982061629	230.0	23	1.05	0.95				
	212	1	0.0	0.0	0.0	0.0	2	1.0088706479890468	-7.545175084402812	230.0	23	1.05	0.95				
	213	2	109.16181328245614	22.244294027368422	0.0	0.0	2	0.9974886311612183	-9.0302051190714	230.0	24	1.05	0.95				
	214	2	79.91468595017544	16.065323464210525	0.0	0.0	2	1.003575291650752	-8.673746705396152	230.0	26	1.05	0.95				
	215	2	130.58224456807017	26.36360773614035	0.0	0.0	2	1.021009777862049	-2.325495881609618	230.0	26	1.05	0.95				
	216	2	41.19313708771929	8.238627417543858	0.0	0.0	2	1.019407950124608	-3.5143036230727334	230.0	26	1.05	0.95				
	217	1	0.0	0.0	0.0	0.0	2	1.0255378914079643	-1.3916664336995967	230.0	27	1.05	0.95				
	218	2	137.17314650210525	28.01133321964912	0.0	0.0	2	1.0254545549667113	-1.7764065789441565	230.0	27	1.05	0.95				
	219	1	74.55957812877193	15.241460722456138	0.0	0.0	2	1.015723631285339	-4.479463118676708	230.0	25	1.05	0.95				
	220	1	52.7272154722807	10.710215642807016	0.0	0.0	2	1.015380075439686	-4.499704846330694	230.0	25	1.05	0.95				
	221	2	0.0	0.0	0.0	0.0	2	1.027515370867273	-1.1612104358911692	230.0	27	1.05	0.95				
	222	2	0.0	0.0	0.0	0.0	2	1.049296576469892	5.247003902594214	230.0	27	1.05	0.95				
	223	2	0.0	0.0	0.0	0.0	2	1.015702254501594	-4.186352830106346	230.0	25	1.05	0.95				
	224	1	0.0	0.0	0.0	0.0	2	1.0074248494313802	-5.786186320293463	230.0	26	1.05	0.95				
	301	2	46.84213856842106	9.541917115789476	0.0	0.0	3	1.0038179461927514	4.923925293802641	138.0	31	1.05	0.95				
	302	2	42.07118001052632	8.67447010526316	0.0	0.0	3	1.0037129075089235	4.884740654822692	138.0	32	1.05	0.95				
	303	1	78.07023094736843	16.047769694736843	0.0	0.0	3	1.0166729422398018	7.342971583588405	138.0	31	1.05	0.95				
	304	1	32.095539389473686	6.505852578947369	0.0	0.0	3	1.0075536881600033	6.255077494360734	138.0	31	1.05	0.95				
	305	1	30.794368873684213	6.072129073684212	0.0	0.0	3	1.0208063113979267	6.263445906154939	138.0	31	1.05	0.95				
	306	1	58.98639671578949	12.144258147368424	0.0	-100.0	3	1.0390932357855776	6.487745720023042	138.0	32	1.05	0.95				
	307	2	54.215438157894745	10.843087631578948	0.0	0.0	3	0.9871900596389716	3.5357860753566395	138.0	32	1.05	0.95				
	308	1	74.1667194	15.180322684210527	0.0	0.0	3	1.0009666316204806	5.386622930981904	138.0	32	1.05	0.95				
	309	1	75.90161342105264	15.614046189473685	0.0	0.0	3	1.0243123526960949	9.158550747545856	138.0	33	1.05	0.95				
	310	1	84.5760835263158	17.34894021052632	0.0	0.0	3	1.05	8.99269200359688	138.0	33	1.05	0.95				
	311	1	0.0	0.0	0.0	0.0	3	1.0040297174852342	13.270660913623075	230.0	33	1.05	0.95				
	312	1	0.0	0.0	0.0	0.0	3	1.011415245035549	14.167246456385554	230.0	33	1.05	0.95				
	313	2	114.93672889473685	23.42106928421053	0.0	0.0	3	1.0111958297314392	18.233738270268688	230.0	34	1.05	0.95				
	314	2	84.14236002105264	16.915216705263163	0.0	0.0	3	0.9968834872193415	13.219364747458066	230.0	36	1.05	0.95				
	315	2	137.49035116842109	27.75830433684211	0.0	0.0	3	1.0197991203258392	9.388938520709505	230.0	36	1.05	0.95				
	316	2	43.37235052631579	8.67447010526316	0.0	0.0	3	1.0189122776956903	10.415632182627867	230.0	36	1.05	0.95				
	317	1	0.0	0.0	0.0	0.0	3	1.0286989563836952	10.11344444765113	230.0	37	1.05	0.95				
	318	2	144.4299272526316	29.493198357894745	0.0	0.0	3	1.0278905255090744	8.33128936210198	230.0	37	1.05	0.95				
	319	1	78.50395445263159	16.047769694736843	0.0	0.0	3	1.0187549820845627	12.842254683454211	230.0	35	1.05	0.95				
	320	1	55.51660867368422	11.276811136842108	0.0	0.0	3	1.0190476103506192	14.29128502976431	230.0	35	1.05	0.95				
	321	2	0.0	0.0	0.0	0.0	3	1.027197949853766	9.28439080823182	230.0	37	1.05	0.95				
	322	2	0.0	0.0	0.0	0.0	3	1.0415142272539102	13.986910603325896	230.0	37	1.05	0.95				
	323	2	0.0	0.0	0.0	0.0	3	1.0186658814824836	14.805036227611222	230.0	35	1.05	0.95				
	324	1	0.0	0.0	0.0	0.0	3	1.0159337246598665	10.419960772857486	230.0	36	1.05	0.95				
	325	1	0.0	0.0	0.0	0.0	3	1.021889564576938	14.938225912183153	230.0	35	1.05	0.95				
];
