%% MATPOWER Case Format : Version 2
function mpc = RTS_GMLC
mpc.version = '2';

%%-----  Power Flow Data  -----%%
%% system MVA base
mpc.baseMVA = 100.0;
%% bus data
%    bus_i    type    Pd    Qd    Gs    Bs    area    Vm    Va    baseKV    zone    Vmax    Vmin
mpc.bus = [
	101	2	49.2572983831579	10.03389411508772	0.0	0.0	1	1.0310941517150398	3.023991326185187	138.0	11	1.05	0.95				
	102	2	44.240351325614036	9.12172192280702	0.0	0.0	1	1.0306834727246381	2.8918300733986824	138.0	12	1.05	0.95				
	103	1	82.09549730526317	16.87518555719298	0.0	0.0	1	1.0276205229652653	0.6033244924791578	138.0	11	1.05	0.95				
	104	1	33.75037111438596	6.841291442105263	0.0	0.0	1	1.020127448876838	-0.40985887057741327	138.0	11	1.05	0.95				
	105	1	32.38211282596491	6.385205345964913	0.0	0.0	1	1.0342299668033323	-0.16672262135530502	138.0	11	1.05	0.95				
	106	1	62.02770907508772	12.770410691929825	0.0	-100.0	1	1.0439932497788313	-2.4127065462017154	138.0	12	1.05	0.95				
	107	2	57.01076201754386	11.402152403508772	0.0	0.0	1	1.0249949900262671	-2.5469085228266217	138.0	12	1.05	0.95				
	108	1	77.99072244	15.963013364912278	0.0	0.0	1	1.0194881245989118	-3.5859066672643483	138.0	12	1.05	0.95				
	109	1	79.81506682456141	16.41909946105263	0.0	0.0	1	1.0256253666592834	-1.2566876897547534	138.0	13	1.05	0.95				
	110	1	88.93678874736842	18.24344384561404	0.0	0.0	1	1.05	-1.9552999658991324	138.0	13	1.05	0.95				
	111	1	0.0	0.0	0.0	0.0	1	1.0036414070345816	0.03875156068980485	230.0	13	1.05	0.95				
	112	1	0.0	0.0	0.0	0.0	1	1.0095976545820182	0.5498247665399204	230.0	13	1.05	0.95				
	113	3	120.86281547719298	24.62864919157895	0.0	0.0	1	0.9956248547652639	4.346271320492254e-31	230.0	14	1.05	0.95				
	114	2	88.48070265122807	17.787357749473685	0.0	0.0	1	0.9989046053486895	1.8442408004180715	230.0	16	1.05	0.95				
	115	2	144.57929247649125	29.189510152982457	0.0	0.0	1	1.0393948542608071	7.191665805177156	230.0	16	1.05	0.95				
	116	2	45.60860961403509	9.12172192280702	0.0	0.0	1	1.0351459326118628	7.0172547336452995	230.0	16	1.05	0.95				
	117	1	0.0	0.0	0.0	0.0	1	1.0438711105813807	8.823991749335006	230.0	17	1.05	0.95				
	118	2	151.87667001473685	31.01385453754386	0.0	0.0	1	1.0471058714541839	8.895476285892373	230.0	17	1.05	0.95				
	119	1	82.55158340140352	16.87518555719298	0.0	0.0	1	1.0291632766355499	6.173537664400768	230.0	15	1.05	0.95				
	120	1	58.379020305964914	11.858238499649124	0.0	0.0	1	1.0272083374206047	6.320603719630831	230.0	15	1.05	0.95				
	121	2	0.0	0.0	0.0	0.0	1	1.05	8.856250501137445	230.0	17	1.05	0.95				
	122	2	0.0	0.0	0.0	0.0	1	1.05	15.586051730823776	230.0	17	1.05	0.95				
	123	2	0.0	0.0	0.0	0.0	1	1.026843680354949	6.752715167093834	230.0	15	1.05	0.95				
	124	1	0.0	0.0	0.0	0.0	1	1.0261810348254525	4.735289531257207	230.0	16	1.05	0.95				
	201	2	55.11348970105263	11.226821976140352	0.0	0.0	2	1.031277438043153	-8.2138270817196	138.0	21	1.05	0.95				
	202	2	49.50007871298246	10.206201796491229	0.0	0.0	2	1.03146220552379	-8.284692755633325	138.0	22	1.05	0.95				
	203	1	91.85581616842106	18.88147332350877	0.0	0.0	2	1.0227466336681854	-6.756224551498056	138.0	21	1.05	0.95				
	204	1	37.76294664701754	7.65465134736842	0.0	0.0	2	1.0184553490569275	-10.837302069880982	138.0	21	1.05	0.95				
	205	1	36.23201637754386	7.14434125754386	0.0	0.0	2	1.0338749105389522	-11.046008357201083	138.0	21	1.05	0.95				
	206	1	69.40217221614036	14.28868251508772	0.0	-100.0	2	1.0429037162551815	-13.124699820699401	138.0	22	1.05	0.95				
	207	2	63.78876122807018	12.757752245614034	0.0	0.0	2	0.9861437531032853	-20.88596697753506	138.0	22	1.05	0.95				
	208	1	87.26302535999999	17.860853143859647	0.0	0.0	2	0.9913873012939814	-18.514606995044485	138.0	22	1.05	0.95				
	209	1	89.30426571929824	18.37116323368421	0.0	0.0	2	1.0231950694622935	-10.850378990021223	138.0	23	1.05	0.95				
	210	1	99.51046751578947	20.412403592982457	0.0	0.0	2	1.05	-12.300489391228334	138.0	23	1.05	0.95				
	211	1	0.0	0.0	0.0	0.0	2	1.0100084479550104	-8.29030064128849	230.0	23	1.05	0.95				
	212	1	0.0	0.0	0.0	0.0	2	1.0141116642923693	-7.947867423139354	230.0	23	1.05	0.95				
	213	2	135.23217380350877	27.556744850526314	0.0	0.0	2	1.0060922897867937	-7.716776271781575	230.0	24	1.05	0.95				
	214	2	99.00015742596491	19.902093503157893	0.0	0.0	2	1.01417568650281	-5.4425296381953014	230.0	26	1.05	0.95				
	215	2	161.76829847438597	32.65984574877193	0.0	0.0	2	1.0321386343680745	2.061280746986795	230.0	26	1.05	0.95				
	216	2	51.031008982456136	10.206201796491229	0.0	0.0	2	1.0356976740024573	1.643196712107345	230.0	26	1.05	0.95				
	217	1	0.0	0.0	0.0	0.0	2	1.0388816027614403	4.882186196317267	230.0	27	1.05	0.95				
	218	2	169.93325991157894	34.70108610807018	0.0	0.0	2	1.0406706687020402	5.407334369867735	230.0	27	1.05	0.95				
	219	1	92.36612625824561	18.88147332350877	0.0	0.0	2	1.0367217436531302	0.08109093924414935	230.0	25	1.05	0.95				
	220	1	65.31969149754386	13.268062335438596	0.0	0.0	2	1.0417409773100654	-0.29759533207285893	230.0	25	1.05	0.95				
	221	2	0.0	0.0	0.0	0.0	2	1.0401400431180239	5.047349281410389	230.0	27	1.05	0.95				
	222	2	0.0	0.0	0.0	0.0	2	1.05	11.484871963396357	230.0	27	1.05	0.95				
	223	2	0.0	0.0	0.0	0.0	2	1.0453436407968184	-0.12752300295438992	230.0	25	1.05	0.95				
	224	1	0.0	0.0	0.0	0.0	2	1.0175932609720086	-1.2423728938831584	230.0	26	1.05	0.95				
	301	2	69.20404935157896	14.097121164210527	0.0	0.0	3	1.0098187459012695	-37.343844575723345	138.0	31	1.05	0.95				
	302	2	62.155488769473685	12.815564694736844	0.0	0.0	3	1.0088693789611374	-37.55212155541458	138.0	32	1.05	0.95				
	303	1	115.34008225263159	23.70879468526316	0.0	0.0	3	1.030597664930625	-27.469042649697315	138.0	31	1.05	0.95				
	304	1	47.41758937052632	9.611673521052632	0.0	0.0	3	1.00706158305567	-35.39939199462008	138.0	31	1.05	0.95				
	305	1	45.49525466631579	8.970895286315791	0.0	0.0	3	1.021141724917658	-36.69805946126723	138.0	31	1.05	0.95				
	306	1	87.14583992421053	17.941790572631582	0.0	-100.0	3	1.0343105143992535	-37.039380527641356	138.0	32	1.05	0.95				
	307	2	80.09727934210527	16.019455868421055	0.0	0.0	3	1.0047850568516274	-38.64896674146513	138.0	32	1.05	0.95				
	308	1	109.57307814	22.427238215789476	0.0	0.0	3	1.0012319319924696	-38.07141022971457	138.0	32	1.05	0.95				
	309	1	112.13619107894736	23.068016450526315	0.0	0.0	3	1.028532089261591	-31.035262861112052	138.0	33	1.05	0.95				
	310	1	124.95175577368423	25.63112938947369	0.0	0.0	3	1.05	-33.99593514544774	138.0	33	1.05	0.95				
	311	1	0.0	0.0	0.0	0.0	3	1.020323870841178	-26.70958408699236	230.0	33	1.05	0.95				
	312	1	0.0	0.0	0.0	0.0	3	1.0187792493225254	-25.91768459744434	230.0	33	1.05	0.95				
	313	2	169.80623220526317	34.60202467578948	0.0	0.0	3	1.0280441216022336	-23.066025098113393	230.0	34	1.05	0.95				
	314	2	124.31097753894737	24.990351154736846	0.0	0.0	3	1.0319639974533266	-24.15880959602383	230.0	36	1.05	0.95				
	315	2	203.12670041157895	41.0098070231579	0.0	0.0	3	1.0485315444912875	-16.9886085368366	230.0	36	1.05	0.95				
	316	2	64.07782347368422	12.815564694736844	0.0	0.0	3	1.04889303371623	-16.689424662988678	230.0	36	1.05	0.95				
	317	1	0.0	0.0	0.0	0.0	3	1.0495957420028266	-13.95979377100804	230.0	37	1.05	0.95				
	318	2	213.37915216736843	43.57291996210527	0.0	0.0	3	1.0497885419303161	-13.344113802935778	230.0	37	1.05	0.95				
	319	1	115.98086048736845	23.70879468526316	0.0	0.0	3	1.0451990783238079	-17.694607636888307	230.0	35	1.05	0.95				
	320	1	82.0196140463158	16.660234103157897	0.0	0.0	3	1.047295231574576	-17.37176590505218	230.0	35	1.05	0.95				
	321	2	0.0	0.0	0.0	0.0	3	1.05	-12.914021158668811	230.0	37	1.05	0.95				
	322	2	0.0	0.0	0.0	0.0	3	1.05	-7.548310834814519	230.0	37	1.05	0.95				
	323	2	0.0	0.0	0.0	0.0	3	1.05	-16.727343954119302	230.0	35	1.05	0.95				
	324	1	0.0	0.0	0.0	0.0	3	1.028645259769274	-20.886165790368995	230.0	36	1.05	0.95				
	325	1	0.0	0.0	0.0	0.0	3	1.0385970685706674	-14.682675675555524	230.0	35	1.05	0.95				
];
