%% MATPOWER Case Format : Version 2
function mpc = RTS_GMLC
mpc.version = '2';

%%-----  Power Flow Data  -----%%
%% system MVA base
mpc.baseMVA = 100.0;
%% bus data
%    bus_i    type    Pd    Qd    Gs    Bs    area    Vm    Va    baseKV    zone    Vmax    Vmin
mpc.bus = [
	101	2	65.80999504421052	13.405739731228069	0.0	0.0	1	1.0499999930653552	1.6331791732300869	138.0	11	1.05	0.95				
	102	2	59.10712517859649	12.187036119298245	0.0	0.0	1	1.0488624280755288	1.2585892500204912	138.0	12	1.05	0.95				
	103	1	109.68332507368422	22.54601682070175	0.0	0.0	1	1.0317541509828756	-0.1701076431721731	138.0	11	1.05	0.95				
	104	1	45.0920336414035	9.140277089473683	0.0	0.0	1	1.0278967815020554	-2.2886985142965703	138.0	11	1.05	0.95				
	105	1	43.263978223508765	8.530925283508772	0.0	0.0	1	1.0409261349154426	-2.65156960613175	138.0	11	1.05	0.95				
	106	1	82.87184561122807	17.061850567017544	0.0	-100.0	1	1.0432743137657374	-5.699936384511005	138.0	12	1.05	0.95				
	107	2	76.16897574561403	15.233795149122805	0.0	0.0	1	0.9987664122432119	-13.28572816171194	138.0	12	1.05	0.95				
	108	1	104.19915882	21.32731320877193	0.0	0.0	1	0.9966222646229141	-11.476787770693093	138.0	12	1.05	0.95				
	109	1	106.63656604385964	21.93666501473684	0.0	0.0	1	1.0254697773251285	-3.891849219477146	138.0	13	1.05	0.95				
	110	1	118.82360216315789	24.37407223859649	0.0	0.0	1	1.05	-5.16245160227671	138.0	13	1.05	0.95				
	111	1	0.0	0.0	0.0	0.0	1	1.0105878634101921	-1.416229825250029	230.0	13	1.05	0.95				
	112	1	0.0	0.0	0.0	0.0	1	1.0135312780036825	-1.297092776068872	230.0	13	1.05	0.95				
	113	3	161.47822858070174	32.90499752210526	0.0	0.0	1	1.0082627407561024	6.198124766578794e-30	230.0	14	1.05	0.95				
	114	2	118.21425035719298	23.764720432631577	0.0	0.0	1	1.0119852169503718	0.5316088874748404	230.0	16	1.05	0.95				
	115	2	193.16452249087718	38.99851558175438	0.0	0.0	1	1.042958811569073	8.100915644782953	230.0	16	1.05	0.95				
	116	2	60.93518059649122	12.187036119298245	0.0	0.0	1	1.039345094341917	6.933867190540345	230.0	16	1.05	0.95				
	117	1	0.0	0.0	0.0	0.0	1	1.044384623955667	10.84198836696575	230.0	17	1.05	0.95				
	118	2	202.91415138631578	41.435922805614034	0.0	0.0	1	1.0479021544004676	11.836673357239487	230.0	17	1.05	0.95				
	119	1	110.29267687964912	22.54601682070175	0.0	0.0	1	1.0303844042118169	4.82660927597296	230.0	15	1.05	0.95				
	120	1	77.99703116350877	15.84314695508772	0.0	0.0	1	1.027541679491297	3.769267865416207	230.0	15	1.05	0.95				
	121	2	0.0	0.0	0.0	0.0	1	1.05	13.790604349565285	230.0	17	1.05	0.95				
	122	2	0.0	0.0	0.0	0.0	1	1.05	19.158799093358255	230.0	17	1.05	0.95				
	123	2	0.0	0.0	0.0	0.0	1	1.027334391851124	3.6500007878026506	230.0	15	1.05	0.95				
	124	1	0.0	0.0	0.0	0.0	1	1.0282187329610175	5.008894658560581	230.0	16	1.05	0.95				
	201	2	61.70942861052632	12.57043916140351	0.0	0.0	2	1.019939079367145	-12.417111244276708	138.0	21	1.05	0.95				
	202	2	55.42420902982455	11.427671964912282	0.0	0.0	2	1.0205112573444577	-12.324478031920883	138.0	22	1.05	0.95				
	203	1	102.84904768421053	21.14119313508772	0.0	0.0	2	1.0145954635600583	-10.679538086225802	138.0	21	1.05	0.95				
	204	1	42.28238627017544	8.57075397368421	0.0	0.0	2	1.0133951877482468	-12.842320819217381	138.0	21	1.05	0.95				
	205	1	40.56823547543859	7.9993703754385965	0.0	0.0	2	1.0278098245683864	-13.21699593592345	138.0	21	1.05	0.95				
	206	1	77.7081693614035	15.998740750877193	0.0	-100.0	2	1.0392921496769296	-14.20338403350836	138.0	22	1.05	0.95				
	207	2	71.42294978070176	14.284589956140351	0.0	0.0	2	0.9910799398888775	-22.13459245131646	138.0	22	1.05	0.95				
	208	1	97.7065953	19.99842593859649	0.0	0.0	2	0.9918355130734544	-19.413903658761374	138.0	22	1.05	0.95				
	209	1	99.99212969298246	20.569809536842104	0.0	0.0	2	1.0249753729354076	-10.91882325685255	138.0	23	1.05	0.95				
	210	1	111.41980165789474	22.855343929824564	0.0	0.0	2	1.05	-12.194906594477713	138.0	23	1.05	0.95				
	211	1	0.0	0.0	0.0	0.0	2	1.0139473208235659	-7.325343402159502	230.0	23	1.05	0.95				
	212	1	0.0	0.0	0.0	0.0	2	1.0166041676648156	-3.814018552251494	230.0	23	1.05	0.95				
	213	2	151.4166535350877	30.85471430526316	0.0	0.0	2	1.0180881663176409	-4.576477808731212	230.0	24	1.05	0.95				
	214	2	110.8484180596491	22.283960331578946	0.0	0.0	2	1.017271174075435	-5.475162802069767	230.0	26	1.05	0.95				
	215	2	181.12860064385964	36.5685502877193	0.0	0.0	2	1.0324869214429147	0.46880292517952216	230.0	26	1.05	0.95				
	216	2	57.138359824561405	11.427671964912282	0.0	0.0	2	1.034277005020515	0.636660055558694	230.0	26	1.05	0.95				
	217	1	0.0	0.0	0.0	0.0	2	1.0357084208747485	1.6081629268296787	230.0	27	1.05	0.95				
	218	2	190.2707382157895	38.85408468070175	0.0	0.0	2	1.0340491220113701	0.8986616832251045	230.0	27	1.05	0.95				
	219	1	103.42043128245615	21.14119313508772	0.0	0.0	2	1.0365601406036775	1.9462618130064282	230.0	25	1.05	0.95				
	220	1	73.1371005754386	14.855973554385965	0.0	0.0	2	1.043791158045991	4.157629076533685	230.0	25	1.05	0.95				
	221	2	0.0	0.0	0.0	0.0	2	1.0360668598034999	1.5611922360217032	230.0	27	1.05	0.95				
	222	2	0.0	0.0	0.0	0.0	2	1.05	8.078248586526566	230.0	27	1.05	0.95				
	223	2	0.0	0.0	0.0	0.0	2	1.05	5.777175277683587	230.0	25	1.05	0.95				
	224	1	0.0	0.0	0.0	0.0	2	1.0119852731908885	-3.6777519891070467	230.0	26	1.05	0.95				
	301	2	59.142043667368426	12.047453339649124	0.0	0.0	3	0.9962448968615832	15.62952918052585	138.0	31	1.05	0.95				
	302	2	53.11831699754387	10.952230308771933	0.0	0.0	3	0.9958879170682412	15.56894365905468	138.0	32	1.05	0.95				
	303	1	98.57007277894738	20.261626071228072	0.0	0.0	3	1.0234586934841479	19.2511223272228	138.0	31	1.05	0.95				
	304	1	40.523252142456144	8.214172731578948	0.0	0.0	3	1.0033048461861618	17.375972065713302	138.0	31	1.05	0.95				
	305	1	38.880417596140354	7.6665612161403525	0.0	0.0	3	1.0150170479688063	17.17719208233182	138.0	31	1.05	0.95				
	306	1	74.47516609964914	15.333122432280705	0.0	-100.0	3	1.033691705368059	17.413200081006753	138.0	32	1.05	0.95				
	307	2	68.45143942982457	13.690287885964914	0.0	0.0	3	0.9845147417091215	13.930007007827731	138.0	32	1.05	0.95				
	308	1	93.64156914	19.166403040350875	0.0	0.0	3	0.9980434893754438	16.34263907562772	138.0	32	1.05	0.95				
	309	1	95.83201520175439	19.714014555789475	0.0	0.0	3	1.028106751047914	21.07624437906563	138.0	33	1.05	0.95				
	310	1	106.78424551052632	21.904460617543865	0.0	0.0	3	1.05	20.471972488463525	138.0	33	1.05	0.95				
	311	1	0.0	0.0	0.0	0.0	3	1.0129902427002098	26.056149573069224	230.0	33	1.05	0.95				
	312	1	0.0	0.0	0.0	0.0	3	1.0202783268397875	26.842960682530695	230.0	33	1.05	0.95				
	313	2	145.11705159122806	29.571021833684213	0.0	0.0	3	1.0313976036397834	33.41552489592564	230.0	34	1.05	0.95				
	314	2	106.23663399508774	21.356849102105265	0.0	0.0	3	1.0111507674132063	24.848076264557392	230.0	36	1.05	0.95				
	315	2	173.59285039403508	35.04713698807018	0.0	0.0	3	1.0389852726592792	20.119943970743922	230.0	36	1.05	0.95				
	316	2	54.761151543859654	10.952230308771933	0.0	0.0	3	1.0392973128629495	21.182240045234927	230.0	36	1.05	0.95				
	317	1	0.0	0.0	0.0	0.0	3	1.0493474910039573	21.427233676078192	230.0	37	1.05	0.95				
	318	2	182.35463464105266	37.23758304982457	0.0	0.0	3	1.0485637509698582	19.21149852889205	230.0	37	1.05	0.95				
	319	1	99.11768429438598	20.261626071228072	0.0	0.0	3	1.038250995218854	22.937365678865312	230.0	35	1.05	0.95				
	320	1	70.09427397614036	14.237899401403512	0.0	0.0	3	1.0384358512330292	23.99720810807302	230.0	35	1.05	0.95				
	321	2	0.0	0.0	0.0	0.0	3	1.045924684762792	20.124625982601227	230.0	37	1.05	0.95				
	322	2	0.0	0.0	0.0	0.0	3	1.05	24.97660606972434	230.0	37	1.05	0.95				
	323	2	0.0	0.0	0.0	0.0	3	1.0380838975523887	24.29000526065777	230.0	35	1.05	0.95				
	324	1	0.0	0.0	0.0	0.0	3	1.0311236615025696	21.694930979416743	230.0	36	1.05	0.95				
	325	1	0.0	0.0	0.0	0.0	3	1.0404202382215548	23.402450554416806	230.0	35	1.05	0.95				
];
