%% MATPOWER Case Format : Version 2
function mpc = RTS_GMLC
mpc.version = '2';

%%-----  Power Flow Data  -----%%
%% system MVA base
mpc.baseMVA = 100.0;
%% bus data
%    bus_i    type    Pd    Qd    Gs    Bs    area    Vm    Va    baseKV    zone    Vmax    Vmin
mpc.bus = [
	101	2	38.42256308210527	7.826818405614036	0.0	0.0	1	1.0027433761387543	-1.4157247386757157	138.0	11	1.05	0.95				
	102	2	34.509153879298246	7.115289459649124	0.0	0.0	1	1.0012767951842305	-1.9142870952803026	138.0	12	1.05	0.95				
	103	1	64.03760513684212	13.163285500350877	0.0	0.0	1	1.0239755064116784	3.017325990339237	138.0	11	1.05	0.95				
	104	1	26.326571000701755	5.336467094736842	0.0	0.0	1	1.0085741829017736	-2.7176407604687465	138.0	11	1.05	0.95				
	105	1	25.259277581754386	4.980702621754387	0.0	0.0	1	1.0218906033699326	-3.092222929578677	138.0	11	1.05	0.95				
	106	1	48.38396832561404	9.961405243508773	0.0	-100.0	1	1.040594884115019	-4.513858529375418	138.0	12	1.05	0.95				
	107	2	44.47055912280702	8.894111824561405	0.0	0.0	1	0.9803393517881546	-11.44562591668674	138.0	12	1.05	0.95				
	108	1	60.83572488000001	12.451756554385964	0.0	0.0	1	0.9932317297230752	-8.820378656417518	138.0	12	1.05	0.95				
	109	1	62.25878277192983	12.807521027368422	0.0	0.0	1	1.0240424163880097	-1.8745360794364612	138.0	13	1.05	0.95				
	110	1	69.37407223157895	14.230578919298248	0.0	0.0	1	1.05	-3.597281290991457	138.0	13	1.05	0.95				
	111	1	0.0	0.0	0.0	0.0	1	1.0164864401988267	0.9192751323324754	230.0	13	1.05	0.95				
	112	1	0.0	0.0	0.0	0.0	1	1.0118339412251525	-0.630124493085749	230.0	13	1.05	0.95				
	113	3	94.27758534035088	19.211281541052635	0.0	0.0	1	0.989061781468154	-2.7702511978800104e-23	230.0	14	1.05	0.95				
	114	2	69.01830775859649	13.874814446315792	0.0	0.0	1	1.04999999757502	5.244547498298988	230.0	16	1.05	0.95				
	115	2	112.77733793543861	22.768926270877195	0.0	0.0	1	1.04121403029037	16.004778871543934	230.0	16	1.05	0.95				
	116	2	35.57644729824562	7.115289459649124	0.0	0.0	1	1.0416603375379543	13.731348741899772	230.0	16	1.05	0.95				
	117	1	0.0	0.0	0.0	0.0	1	1.0401052826591626	20.446525568754627	230.0	17	1.05	0.95				
	118	2	118.4695695031579	24.19198416280702	0.0	0.0	1	1.05	21.35266613723696	230.0	17	1.05	0.95				
	119	1	64.39336960982457	13.163285500350877	0.0	0.0	1	1.039190621897793	8.597589363495597	230.0	15	1.05	0.95				
	120	1	45.53785254175439	9.24987629754386	0.0	0.0	1	1.0452126230533134	4.832697698558381	230.0	15	1.05	0.95				
	121	2	0.0	0.0	0.0	0.0	1	1.044513964772065	23.11051129700083	230.0	17	1.05	0.95				
	122	2	0.0	0.0	0.0	0.0	1	1.05	41.061056506872085	230.0	17	1.05	0.95				
	123	2	0.0	0.0	0.0	0.0	1	1.05	3.044174817793058	230.0	15	1.05	0.95				
	124	1	0.0	0.0	0.0	0.0	1	1.0183571576945871	11.16726186936722	230.0	16	1.05	0.95				
	201	2	44.94758381052632	9.155989294736841	0.0	0.0	2	1.0216291506778816	-20.146483176810577	138.0	21	1.05	0.95				
	202	2	40.36958916315789	8.323626631578946	0.0	0.0	2	1.0206803985064639	-20.461892364901924	138.0	22	1.05	0.95				
	203	1	74.91263968421052	15.398709268421051	0.0	0.0	2	1.0112685610776255	-14.723312872763064	138.0	21	1.05	0.95				
	204	1	30.797418536842102	6.24271997368421	0.0	0.0	2	1.0139438387596496	-20.008541128580916	138.0	21	1.05	0.95				
	205	1	29.548874542105256	5.826538642105263	0.0	0.0	2	1.0308606581214184	-20.574021065656634	138.0	21	1.05	0.95				
	206	1	56.600661094736836	11.653077284210527	0.0	-100.0	2	1.0439176273764266	-21.33717425171068	138.0	22	1.05	0.95				
	207	2	52.022666447368415	10.404533289473683	0.0	0.0	2	1.0023053325410156	-26.353493763231587	138.0	22	1.05	0.95				
	208	1	71.1670077	14.566346605263156	0.0	0.0	2	1.0041518253417634	-24.441588717857112	138.0	22	1.05	0.95				
	209	1	72.83173302631579	14.982527936842102	0.0	0.0	2	1.0204725914607464	-17.90892533439346	138.0	23	1.05	0.95				
	210	1	81.15535965789472	16.647253263157893	0.0	0.0	2	1.0499999922306726	-19.670251955978443	138.0	23	1.05	0.95				
	211	1	0.0	0.0	0.0	0.0	2	1.0081830150310014	-14.94815641329035	230.0	23	1.05	0.95				
	212	1	0.0	0.0	0.0	0.0	2	0.9994033633225673	-14.33645330755557	230.0	23	1.05	0.95				
	213	2	110.28805286842103	22.47379190526316	0.0	0.0	2	0.9963023655957497	-13.716837840425065	230.0	24	1.05	0.95				
	214	2	80.73917832631578	16.231071931578946	0.0	0.0	2	1.0206108388023782	-12.121502979260546	230.0	26	1.05	0.95				
	215	2	131.9294821105263	26.63560522105263	0.0	0.0	2	1.027891683787802	-4.5591798310651255	230.0	26	1.05	0.95				
	216	2	41.61813315789473	8.323626631578946	0.0	0.0	2	1.0275429247054764	-5.4917791188749945	230.0	26	1.05	0.95				
	217	1	0.0	0.0	0.0	0.0	2	1.0365345038427702	-2.8832007005439104	230.0	27	1.05	0.95				
	218	2	138.58838341578945	28.300330547368418	0.0	0.0	2	1.0366481566091978	-3.4676644925285136	230.0	27	1.05	0.95				
	219	1	75.32882101578947	15.398709268421051	0.0	0.0	2	1.0136170980321135	-5.904392630426601	230.0	25	1.05	0.95				
	220	1	53.27121044210526	10.82071462105263	0.0	0.0	2	1.0043246533222918	-5.433087063974194	230.0	25	1.05	0.95				
	221	2	0.0	0.0	0.0	0.0	2	1.0362335268430876	-3.0289402806460255	230.0	27	1.05	0.95				
	222	2	0.0	0.0	0.0	0.0	2	1.05	3.5273933549220953	230.0	27	1.05	0.95				
	223	2	0.0	0.0	0.0	0.0	2	0.9998878070500403	-4.830458655191746	230.0	25	1.05	0.95				
	224	1	0.0	0.0	0.0	0.0	2	1.0091364802778153	-8.342010145950882	230.0	26	1.05	0.95				
	301	2	51.43751977263158	10.478013287017543	0.0	0.0	3	1.0224910745149536	13.777290039958109	138.0	31	1.05	0.95				
	302	2	46.1985131291228	9.525466624561403	0.0	0.0	3	1.0195029630850247	13.426942359785114	138.0	32	1.05	0.95				
	303	1	85.72919962105263	17.622113255438595	0.0	0.0	3	1.05	29.50666757567479	138.0	31	1.05	0.95				
	304	1	35.24422651087719	7.1440999684210515	0.0	0.0	3	1.0088023964763697	14.996498907736896	138.0	31	1.05	0.95				
	305	1	33.81540651719298	6.667826637192982	0.0	0.0	3	1.026722489597848	12.32012227968244	138.0	31	1.05	0.95				
	306	1	64.77317304701754	13.335653274385963	0.0	-100.0	3	1.0358836186215092	10.937918839636856	138.0	32	1.05	0.95				
	307	2	59.53416640350877	11.906833280701754	0.0	0.0	3	0.95	6.7141112875945215	138.0	32	1.05	0.95				
	308	1	81.44273964	16.669566592982456	0.0	0.0	3	0.9680214294866751	8.863687769915732	138.0	32	1.05	0.95				
	309	1	83.34783296491227	17.145839924210524	0.0	0.0	3	1.015559205814188	18.2779174896946	138.0	33	1.05	0.95				
	310	1	92.87329958947367	19.050933249122807	0.0	0.0	3	1.0425518051209957	12.380421936748332	138.0	33	1.05	0.95				
	311	1	0.0	0.0	0.0	0.0	3	1.003567849793364	16.686748275049688	230.0	33	1.05	0.95				
	312	1	0.0	0.0	0.0	0.0	3	1.0087024021207953	17.024935350349313	230.0	33	1.05	0.95				
	313	2	126.21243277543859	25.71875988631579	0.0	0.0	3	1.0049464613263905	18.292922895405745	230.0	34	1.05	0.95				
	314	2	92.3970262582456	18.57465991789474	0.0	0.0	3	0.9999006436258104	16.738169503268733	230.0	36	1.05	0.95				
	315	2	150.9786459992982	30.48149319859649	0.0	0.0	3	1.05	19.92872729617952	230.0	36	1.05	0.95				
	316	2	47.627333122807016	9.525466624561403	0.0	0.0	3	1.036132558751752	19.648161902973236	230.0	36	1.05	0.95				
	317	1	0.0	0.0	0.0	0.0	3	1.0433363600323988	23.872860222782556	230.0	37	1.05	0.95				
	318	2	158.59901929894735	32.38658652350877	0.0	0.0	3	1.0343479102695292	20.16697944093602	230.0	37	1.05	0.95				
	319	1	86.20547295228069	17.622113255438595	0.0	0.0	3	1.0259352776636779	18.421872231224754	230.0	35	1.05	0.95				
	320	1	60.96298639719298	12.383106611929824	0.0	0.0	3	1.0207172043775559	18.27236716343779	230.0	35	1.05	0.95				
	321	2	0.0	0.0	0.0	0.0	3	1.0499999721275777	20.71327950504439	230.0	37	1.05	0.95				
	322	2	0.0	0.0	0.0	0.0	3	1.05	26.288441019650044	230.0	37	1.05	0.95				
	323	2	0.0	0.0	0.0	0.0	3	1.0186236649907028	18.561654060964347	230.0	35	1.05	0.95				
	324	1	0.0	0.0	0.0	0.0	3	1.0469667713188808	23.58900702318527	230.0	36	1.05	0.95				
	325	1	0.0	0.0	0.0	0.0	3	1.0206113897739786	18.963395186656268	230.0	35	1.05	0.95				
];
