%% MATPOWER Case Format : Version 2
function mpc = RTS_GMLC
mpc.version = '2';

%%-----  Power Flow Data  -----%%
%% system MVA base
mpc.baseMVA = 100.0;
%% bus data
%    bus_i    type    Pd    Qd    Gs    Bs    area    Vm    Va    baseKV    zone    Vmax    Vmin
mpc.bus = [
	101	2	42.043047991578945	8.564324590877192	0.0	0.0	1	1.0274231419052984	1.0745935873564465	138.0	11	1.05	0.95				
	102	2	37.76088569614034	7.7857496280701755	0.0	0.0	1	1.024986649945227	0.4270780832438943	138.0	12	1.05	0.95				
	103	1	70.07174665263157	14.403636811929823	0.0	0.0	1	1.0308692337721446	1.033001888393872	138.0	11	1.05	0.95				
	104	1	28.807273623859647	5.83931222105263	0.0	0.0	1	1.0204794778033388	-1.6498030040217089	138.0	11	1.05	0.95				
	105	1	27.639411179649116	5.450024739649122	0.0	0.0	1	1.0334491338493488	-1.7983792663078915	138.0	11	1.05	0.95				
	106	1	52.943097470877184	10.900049479298245	0.0	-100.0	1	1.0448658430808877	-3.9411148573534978	138.0	12	1.05	0.95				
	107	2	48.66093517543859	9.732187035087717	0.0	0.0	1	1.0002734534719444	-10.516620941554976	138.0	12	1.05	0.95				
	108	1	66.56815931999999	13.625061849122805	0.0	0.0	1	1.0047247934860626	-8.485663416192121	138.0	12	1.05	0.95				
	109	1	68.12530924561403	14.014349330526313	0.0	0.0	1	1.0249521946083318	-2.340152149465403	138.0	13	1.05	0.95				
	110	1	75.9110588736842	15.571499256140351	0.0	0.0	1	1.05	-3.462026207559336	138.0	13	1.05	0.95				
	111	1	0.0	0.0	0.0	0.0	1	1.0043001376414227	-0.1815642373170992	230.0	13	1.05	0.95				
	112	1	0.0	0.0	0.0	0.0	1	1.0085660616134537	-0.9398022260961271	230.0	13	1.05	0.95				
	113	3	103.16118257192981	21.021523995789472	0.0	0.0	1	0.995904669179648	1.1204645716592458e-27	230.0	14	1.05	0.95				
	114	2	75.52177139228068	15.182211774736839	0.0	0.0	1	1.004090924458951	2.5063973564181987	230.0	16	1.05	0.95				
	115	2	123.40413160491227	24.914398809824558	0.0	0.0	1	1.0423072269853766	9.905147815855718	230.0	16	1.05	0.95				
	116	2	38.92874814035087	7.7857496280701755	0.0	0.0	1	1.035299089136659	8.515785053779325	230.0	16	1.05	0.95				
	117	1	0.0	0.0	0.0	0.0	1	1.0408396747313444	13.380894699607417	230.0	17	1.05	0.95				
	118	2	129.6327313073684	26.471548735438592	0.0	0.0	1	1.0491369867592835	13.798326418119837	230.0	17	1.05	0.95				
	119	1	70.46103413403509	14.403636811929823	0.0	0.0	1	1.0235183986086145	5.112794594071347	230.0	15	1.05	0.95				
	120	1	49.828797619649116	10.121474516491228	0.0	0.0	1	1.0182596757929867	2.8719529993872683	230.0	15	1.05	0.95				
	121	2	0.0	0.0	0.0	0.0	1	1.05	15.122991382718837	230.0	17	1.05	0.95				
	122	2	0.0	0.0	0.0	0.0	1	1.05	29.928653381965947	230.0	17	1.05	0.95				
	123	2	0.0	0.0	0.0	0.0	1	1.0160659896612416	1.9367853187184023	230.0	15	1.05	0.95				
	124	1	0.0	0.0	0.0	0.0	1	1.0268251579417098	6.587700724066492	230.0	16	1.05	0.95				
	201	2	39.303636063157896	8.006296235087719	0.0	0.0	2	1.015121227294419	-15.695770299229178	138.0	21	1.05	0.95				
	202	2	35.30048794561404	7.278451122807017	0.0	0.0	2	1.0141781553776466	-15.990671531360134	138.0	22	1.05	0.95				
	203	1	65.50606010526316	13.46513457719298	0.0	0.0	2	1.0160262465166907	-11.473965946025947	138.0	21	1.05	0.95				
	204	1	26.93026915438596	5.458838342105262	0.0	0.0	2	1.0130856750866941	-15.760575004016482	138.0	21	1.05	0.95				
	205	1	25.83850148596491	5.094915785964912	0.0	0.0	2	1.0282732211119614	-16.211727665665638	138.0	21	1.05	0.95				
	206	1	49.49346763508772	10.189831571929824	0.0	-100.0	2	1.043802531236052	-16.977482425468278	138.0	22	1.05	0.95				
	207	2	45.49031951754385	9.098063903508772	0.0	0.0	2	0.9969407709816868	-21.26010142681796	138.0	22	1.05	0.95				
	208	1	62.23075709999999	12.73728946491228	0.0	0.0	2	1.003538875602212	-19.654305338206704	138.0	22	1.05	0.95				
	209	1	63.6864473245614	13.10121202105263	0.0	0.0	2	1.0221633878888141	-14.057773193925941	138.0	23	1.05	0.95				
	210	1	70.96489844736841	14.556902245614033	0.0	0.0	2	1.05	-15.555448701187823	138.0	23	1.05	0.95				
	211	1	0.0	0.0	0.0	0.0	2	1.0038789302820585	-11.360779389034713	230.0	23	1.05	0.95				
	212	1	0.0	0.0	0.0	0.0	2	1.0055458630885188	-11.052055963361289	230.0	23	1.05	0.95				
	213	2	96.43947737719297	19.651818031578948	0.0	0.0	2	0.9966667156104767	-10.469845023895942	230.0	24	1.05	0.95				
	214	2	70.60097589122807	14.192979689473685	0.0	0.0	2	1.0057842199988305	-8.568021697558319	230.0	26	1.05	0.95				
	215	2	115.36345029649122	23.291043592982454	0.0	0.0	2	1.0215512034024197	-1.6575343069411401	230.0	26	1.05	0.95				
	216	2	36.392255614035086	7.278451122807017	0.0	0.0	2	1.0217176311146627	-2.409291736444969	230.0	26	1.05	0.95				
	217	1	0.0	0.0	0.0	0.0	2	1.0264516627812443	-0.5446845567972535	230.0	27	1.05	0.95				
	218	2	121.18621119473683	24.74673381754386	0.0	0.0	2	1.0262240665496747	-0.8858541786261759	230.0	27	1.05	0.95				
	219	1	65.8699826614035	13.46513457719298	0.0	0.0	2	1.0195588041223087	-3.403452464952836	230.0	25	1.05	0.95				
	220	1	46.58208718596491	9.461986459649124	0.0	0.0	2	1.0199665506253568	-3.5466138956618036	230.0	25	1.05	0.95				
	221	2	0.0	0.0	0.0	0.0	2	1.0282166876815213	-0.34712419688658186	230.0	27	1.05	0.95				
	222	2	0.0	0.0	0.0	0.0	2	1.0499228815288573	6.066252770993724	230.0	27	1.05	0.95				
	223	2	0.0	0.0	0.0	0.0	2	1.0204419874984483	-3.3401955063837785	230.0	25	1.05	0.95				
	224	1	0.0	0.0	0.0	0.0	2	1.0074343157772454	-5.351562149965532	230.0	26	1.05	0.95				
	301	2	46.21006011789475	9.413160394385967	0.0	0.0	3	1.0080797268132442	-7.157371654812264	138.0	31	1.05	0.95				
	302	2	41.50347992070176	8.557418540350879	0.0	0.0	3	1.0079005857971588	-7.271879904770885	138.0	32	1.05	0.95				
	303	1	77.0167668631579	15.831224299649124	0.0	0.0	3	1.029359659505784	-1.2365279542726897	138.0	31	1.05	0.95				
	304	1	31.662448599298248	6.418063905263159	0.0	0.0	3	1.0115309758463982	-5.633642168286163	138.0	31	1.05	0.95				
	305	1	30.37883581824562	5.990192978245616	0.0	0.0	3	1.0235826653646214	-6.827718012922152	138.0	31	1.05	0.95				
	306	1	58.19044607438598	11.980385956491231	0.0	-100.0	3	1.040456692435463	-7.150136281539625	138.0	32	1.05	0.95				
	307	2	53.48386587719299	10.696773175438597	0.0	0.0	3	0.9907862210284617	-11.449997240502091	138.0	32	1.05	0.95				
	308	1	73.16592852000001	14.975482445614036	0.0	0.0	3	0.9986519553042175	-9.54047787444724	138.0	32	1.05	0.95				
	309	1	74.87741222807018	15.403353372631582	0.0	0.0	3	1.0281123634412621	-2.5512992358379565	138.0	33	1.05	0.95				
	310	1	83.43483076842107	17.114837080701758	0.0	0.0	3	1.05	-5.11978609531828	138.0	33	1.05	0.95				
	311	1	0.0	0.0	0.0	0.0	3	1.0057851080413762	-0.41100582653785056	230.0	33	1.05	0.95				
	312	1	0.0	0.0	0.0	0.0	3	1.0120010182443364	0.2683896253647963	230.0	33	1.05	0.95				
	313	2	113.38579565964915	23.105030058947374	0.0	0.0	3	1.0092348125324675	2.923241356355103	230.0	34	1.05	0.95				
	314	2	83.00695984140351	16.686966153684214	0.0	0.0	3	0.9980060360105695	0.2310374310674933	230.0	36	1.05	0.95				
	315	2	135.6350838645614	27.383739329122815	0.0	0.0	3	1.024911066331472	1.5752900478061438	230.0	36	1.05	0.95				
	316	2	42.78709270175439	8.557418540350879	0.0	0.0	3	1.0230642451605594	1.9339128517074649	230.0	36	1.05	0.95				
	317	1	0.0	0.0	0.0	0.0	3	1.0345155434232505	4.582655350892729	230.0	37	1.05	0.95				
	318	2	142.48101869684214	29.09522303719299	0.0	0.0	3	1.0318529142951927	2.856217175092377	230.0	37	1.05	0.95				
	319	1	77.44463779017545	15.831224299649124	0.0	0.0	3	1.020156171890041	2.5217671235237136	230.0	35	1.05	0.95				
	320	1	54.76747865824563	11.124644102456143	0.0	0.0	3	1.0191485271551484	3.263776091718079	230.0	35	1.05	0.95				
	321	2	0.0	0.0	0.0	0.0	3	1.0317842318460273	3.032633093201877	230.0	37	1.05	0.95				
	322	2	0.0	0.0	0.0	0.0	3	1.0466490118700855	7.975318261456966	230.0	37	1.05	0.95				
	323	2	0.0	0.0	0.0	0.0	3	1.0191263271278648	3.915772760674569	230.0	35	1.05	0.95				
	324	1	0.0	0.0	0.0	0.0	3	1.0220806502455704	1.232194639840087	230.0	36	1.05	0.95				
	325	1	0.0	0.0	0.0	0.0	3	1.0190975912641274	4.883765741616215	230.0	35	1.05	0.95				
];
