%% MATPOWER Case Format : Version 2
function mpc = RTS_GMLC
mpc.version = '2';

%%-----  Power Flow Data  -----%%
%% system MVA base
mpc.baseMVA = 100.0;
%% bus data
%    bus_i    type    Pd    Qd    Gs    Bs    area    Vm    Va    baseKV    zone    Vmax    Vmin
mpc.bus = [
	101	2	71.86194951157896	14.638545270877195	0.0	0.0	1	1.033531164163227	-0.2523439696185714	138.0	11	1.05	0.95				
	102	2	64.54267687614036	13.307768428070176	0.0	0.0	1	1.033545720401512	-0.29351556669202356	138.0	12	1.05	0.95				
	103	1	119.7699158526316	24.619371591929827	0.0	0.0	1	1.0224641907400072	-1.582649012506881	138.0	11	1.05	0.95				
	104	1	49.238743183859654	9.980826321052632	0.0	0.0	1	1.017948822833822	-3.3330990520065256	138.0	11	1.05	0.95				
	105	1	47.24257791964913	9.315437899649124	0.0	0.0	1	1.0328621070072252	-3.2791908390683076	138.0	11	1.05	0.95				
	106	1	90.49282531087721	18.63087579929825	0.0	-100.0	1	1.038839682826041	-5.581921938686094	138.0	12	1.05	0.95				
	107	2	83.1735526754386	16.63471053508772	0.0	0.0	1	1.0466456408440357	-0.5150173732392551	138.0	12	1.05	0.95				
	108	1	113.78142006	23.288594749122808	0.0	0.0	1	1.0257279692325263	-3.9128015243763765	138.0	12	1.05	0.95				
	109	1	116.44297374561405	23.953983170526318	0.0	0.0	1	1.0263591089604691	-3.1304170231754047	138.0	13	1.05	0.95				
	110	1	129.75074217368422	26.615536856140352	0.0	0.0	1	1.05	-4.250684659580064	138.0	13	1.05	0.95				
	111	1	0.0	0.0	0.0	0.0	1	1.0107802125091052	-0.9798773807125081	230.0	13	1.05	0.95				
	112	1	0.0	0.0	0.0	0.0	1	1.0141594986157545	-0.13462345839324366	230.0	13	1.05	0.95				
	113	3	176.32793167192983	35.93097475578948	0.0	0.0	1	1.0084093425593583	-9.846197477986102e-29	230.0	14	1.05	0.95				
	114	2	129.08535375228072	25.950148434736846	0.0	0.0	1	1.0107344675551488	0.951238983987004	230.0	16	1.05	0.95				
	115	2	210.9281295849123	42.584858969824566	0.0	0.0	1	1.0430368857937935	8.000860529003969	230.0	16	1.05	0.95				
	116	2	66.53884214035088	13.307768428070176	0.0	0.0	1	1.0402939049664597	7.663769463436689	230.0	16	1.05	0.95				
	117	1	0.0	0.0	0.0	0.0	1	1.045964164080084	10.39438394890809	230.0	17	1.05	0.95				
	118	2	221.57434432736846	45.246412655438604	0.0	0.0	1	1.0486067770898417	10.901723264352293	230.0	17	1.05	0.95				
	119	1	120.4353042740351	24.619371591929827	0.0	0.0	1	1.0343871864729206	6.673814906845101	230.0	15	1.05	0.95				
	120	1	85.16971793964913	17.30009895649123	0.0	0.0	1	1.0349458959759932	7.079311858117205	230.0	15	1.05	0.95				
	121	2	0.0	0.0	0.0	0.0	1	1.05	11.305819978910744	230.0	17	1.05	0.95				
	122	2	0.0	0.0	0.0	0.0	1	1.05	17.648171592965017	230.0	17	1.05	0.95				
	123	2	0.0	0.0	0.0	0.0	1	1.0369993744962378	7.799268632830168	230.0	15	1.05	0.95				
	124	1	0.0	0.0	0.0	0.0	1	1.0233109955906488	4.449164403229059	230.0	16	1.05	0.95				
	201	2	62.440421835789486	12.71934518877193	0.0	0.0	2	1.0323622402198716	-6.004736474568432	138.0	21	1.05	0.95				
	202	2	56.0807492414035	11.563041080701755	0.0	0.0	2	1.0323892225726459	-6.082888311502165	138.0	22	1.05	0.95				
	203	1	104.0673697263158	21.39162599929825	0.0	0.0	2	1.0300903620216293	-4.025947090947112	138.0	21	1.05	0.95				
	204	1	42.7832519985965	8.672280810526315	0.0	0.0	2	1.0187739288158526	-8.367642277952566	138.0	21	1.05	0.95				
	205	1	41.04879583649122	8.094128756491228	0.0	0.0	2	1.0336439262513062	-8.651895005340151	138.0	21	1.05	0.95				
	206	1	78.62867934877194	16.188257512982457	0.0	-100.0	2	1.0413238421707611	-10.686673974189922	138.0	22	1.05	0.95				
	207	2	72.26900675438597	14.453801350877193	0.0	0.0	2	0.9863891152545573	-19.390692769036434	138.0	22	1.05	0.95				
	208	1	98.86400124	20.235321891228068	0.0	0.0	2	0.9888366583778843	-16.64178800791223	138.0	22	1.05	0.95				
	209	1	101.17660945614035	20.81347394526316	0.0	0.0	2	1.0252467169123993	-7.891210673814335	138.0	23	1.05	0.95				
	210	1	112.73965053684209	23.12608216140351	0.0	0.0	2	1.05	-9.508316090765083	138.0	23	1.05	0.95				
	211	1	0.0	0.0	0.0	0.0	2	1.0141386616559898	-4.7464066960402285	230.0	23	1.05	0.95				
	212	1	0.0	0.0	0.0	0.0	2	1.0146701385244519	-3.98055949919874	230.0	23	1.05	0.95				
	213	2	153.21029431929824	31.220210917894743	0.0	0.0	2	1.0120315418222356	-3.6385656021707757	230.0	24	1.05	0.95				
	214	2	112.161498482807	22.547930107368423	0.0	0.0	2	1.0220796603425442	-1.7394328412577373	230.0	26	1.05	0.95				
	215	2	183.27420112912282	37.001731458245615	0.0	0.0	2	1.0428164655785848	6.110780077836537	230.0	26	1.05	0.95				
	216	2	57.81520540350877	11.563041080701755	0.0	0.0	2	1.043859957448241	5.964353956567898	230.0	26	1.05	0.95				
	217	1	0.0	0.0	0.0	0.0	2	1.0470720321689542	9.192812086249749	230.0	27	1.05	0.95				
	218	2	192.52463399368423	39.31433967438597	0.0	0.0	2	1.0499403719440012	10.233144651938009	230.0	27	1.05	0.95				
	219	1	104.64552178035089	21.39162599929825	0.0	0.0	2	1.0421349476334238	5.107347162443949	230.0	25	1.05	0.95				
	220	1	74.00346291649123	15.031953404912283	0.0	0.0	2	1.045203961888949	5.451344309497632	230.0	25	1.05	0.95				
	221	2	0.0	0.0	0.0	0.0	2	1.05	10.521125227771417	230.0	27	1.05	0.95				
	222	2	0.0	0.0	0.0	0.0	2	1.05	16.511543199490802	230.0	27	1.05	0.95				
	223	2	0.0	0.0	0.0	0.0	2	1.0481638899548795	6.063685325990209	230.0	25	1.05	0.95				
	224	1	0.0	0.0	0.0	0.0	2	1.0253694108721976	2.3225770758496984	230.0	26	1.05	0.95				
	301	2	66.00949067368421	13.446377729824563	0.0	0.0	3	1.0087220823475773	-22.478616251824235	138.0	31	1.05	0.95				
	302	2	59.286301808771924	12.223979754385967	0.0	0.0	3	1.0080753218572793	-22.635017568087378	138.0	32	1.05	0.95				
	303	1	110.01581778947369	22.614362545614036	0.0	0.0	3	1.0196272011139778	-14.802471109248552	138.0	31	1.05	0.95				
	304	1	45.22872509122807	9.167984815789474	0.0	0.0	3	1.0060021888927815	-20.626083834087737	138.0	31	1.05	0.95				
	305	1	43.395128128070176	8.556785828070176	0.0	0.0	3	1.020769503094781	-21.40181858877209	138.0	31	1.05	0.95				
	306	1	83.12306232982458	17.11357165614035	0.0	-100.0	3	1.0349084717081891	-21.47852563623774	138.0	32	1.05	0.95				
	307	2	76.39987346491228	15.279974692982456	0.0	0.0	3	0.9950662456671445	-27.421111931586736	138.0	32	1.05	0.95				
	308	1	104.51502690000001	21.391964570175436	0.0	0.0	3	0.9936051431441412	-25.076632696155162	138.0	32	1.05	0.95				
	309	1	106.9598228508772	22.003163557894737	0.0	0.0	3	1.0258570771485693	-16.485251787157477	138.0	33	1.05	0.95				
	310	1	119.18380260526315	24.447959508771934	0.0	0.0	3	1.05	-18.3641613888922	138.0	33	1.05	0.95				
	311	1	0.0	0.0	0.0	0.0	3	1.0186730290036887	-10.826760707777655	230.0	33	1.05	0.95				
	312	1	0.0	0.0	0.0	0.0	3	1.0173596836327454	-10.613317748528287	230.0	33	1.05	0.95				
	313	2	161.96773174561403	33.004745336842106	0.0	0.0	3	1.0267004918800036	-7.335932882559779	230.0	34	1.05	0.95				
	314	2	118.57260361754385	23.836760521052632	0.0	0.0	3	1.032975783673238	-7.384776101700998	230.0	36	1.05	0.95				
	315	2	193.75007910701754	39.11673521403509	0.0	0.0	3	1.0486398511492876	-1.4023119104992952	230.0	36	1.05	0.95				
	316	2	61.119898771929826	12.223979754385967	0.0	0.0	3	1.0480775630310835	-0.9240236822164689	230.0	36	1.05	0.95				
	317	1	0.0	0.0	0.0	0.0	3	1.05	2.1117488913942584	230.0	37	1.05	0.95				
	318	2	203.5292629105263	41.56153116491229	0.0	0.0	3	1.0480507891288537	1.8374545549168018	230.0	37	1.05	0.95				
	319	1	110.627016777193	22.614362545614036	0.0	0.0	3	1.0428877216954766	-2.3951725342004693	230.0	35	1.05	0.95				
	320	1	78.23347042807018	15.891173680701757	0.0	0.0	3	1.042538727871858	-2.999933148326125	230.0	35	1.05	0.95				
	321	2	0.0	0.0	0.0	0.0	3	1.05	2.4312776211754854	230.0	37	1.05	0.95				
	322	2	0.0	0.0	0.0	0.0	3	1.05	8.039554315003485	230.0	37	1.05	0.95				
	323	2	0.0	0.0	0.0	0.0	3	1.0434079652347124	-2.9719128791740803	230.0	35	1.05	0.95				
	324	1	0.0	0.0	0.0	0.0	3	1.0218857929491625	-5.5593939674460495	230.0	36	1.05	0.95				
	325	1	0.0	0.0	0.0	0.0	3	1.0398761524890119	-1.7887434718004598	230.0	35	1.05	0.95				
];
