%% MATPOWER Case Format : Version 2
function mpc = RTS_GMLC
mpc.version = '2';

%%-----  Power Flow Data  -----%%
%% system MVA base
mpc.baseMVA = 100.0;
%% bus data
%    bus_i    type    Pd    Qd    Gs    Bs    area    Vm    Va    baseKV    zone    Vmax    Vmin
mpc.bus = [
	101	2	55.68332509894738	11.342899557192982	0.0	0.0	1	1.0485736559073928	2.9600552561807314	138.0	11	1.05	0.95				
	102	2	50.01187532035088	10.31172687017544	0.0	0.0	1	1.0474793207508115	2.629208112552447	138.0	12	1.05	0.95				
	103	1	92.80554183157895	19.07669470982456	0.0	0.0	1	1.0294554478156208	-0.17294320025821344	138.0	11	1.05	0.95				
	104	1	38.15338941964912	7.73379515263158	0.0	0.0	1	1.0282562350516733	-1.032054296753382	138.0	11	1.05	0.95				
	105	1	36.606630389122806	7.2182088091228085	0.0	0.0	1	1.0415019646798023	-1.19159440496049	138.0	11	1.05	0.95				
	106	1	70.11974271719299	14.436417618245617	0.0	-100.0	1	1.045664526239132	-4.079605725925763	138.0	12	1.05	0.95				
	107	2	64.4482929385965	12.8896585877193	0.0	0.0	1	0.9996164288225297	-11.530916460472957	138.0	12	1.05	0.95				
	108	1	88.16526474	18.045522022807017	0.0	0.0	1	1.000262217872789	-9.694496651840032	138.0	12	1.05	0.95				
	109	1	90.2276101140351	18.56110836631579	0.0	0.0	1	1.0248303989157062	-2.986699243260051	138.0	13	1.05	0.95				
	110	1	100.53933698421054	20.62345374035088	0.0	0.0	1	1.05	-3.8516811139075813	138.0	13	1.05	0.95				
	111	1	0.0	0.0	0.0	0.0	1	1.005634355403969	-1.0804751931455299	230.0	13	1.05	0.95				
	112	1	0.0	0.0	0.0	0.0	1	1.0105210351751843	-0.6813846628131243	230.0	13	1.05	0.95				
	113	3	136.63038102982458	27.84166254947369	0.0	0.0	1	1.000984241306351	1.155140981282041e-32	230.0	14	1.05	0.95				
	114	2	100.02375064070176	20.107867396842106	0.0	0.0	1	1.0020504168484805	0.43069159435997945	230.0	16	1.05	0.95				
	115	2	163.4408708922807	32.997525984561406	0.0	0.0	1	1.0344552837929064	5.987574149798467	230.0	16	1.05	0.95				
	116	2	51.5586343508772	10.31172687017544	0.0	0.0	1	1.0312975900221848	5.641320404859052	230.0	16	1.05	0.95				
	117	1	0.0	0.0	0.0	0.0	1	1.0383262268519167	8.12178495797972	230.0	17	1.05	0.95				
	118	2	171.69025238842107	35.059871358596496	0.0	0.0	1	1.0405541716042757	8.455498593725423	230.0	17	1.05	0.95				
	119	1	93.32112817508774	19.07669470982456	0.0	0.0	1	1.0251996376535837	4.4596090603546035	230.0	15	1.05	0.95				
	120	1	65.99505196912281	13.405244931228072	0.0	0.0	1	1.0234321625372338	4.179707837157508	230.0	15	1.05	0.95				
	121	2	0.0	0.0	0.0	0.0	1	1.0435817033908978	9.729307656056122	230.0	17	1.05	0.95				
	122	2	0.0	0.0	0.0	0.0	1	1.05	15.603591848021091	230.0	17	1.05	0.95				
	123	2	0.0	0.0	0.0	0.0	1	1.02339966822738	4.423089636836331	230.0	15	1.05	0.95				
	124	1	0.0	0.0	0.0	0.0	1	1.0242318166073003	3.6731311776940387	230.0	16	1.05	0.95				
	201	2	48.07555484210526	9.793168578947368	0.0	0.0	2	1.0232074114235066	-12.130013742675816	138.0	21	1.05	0.95				
	202	2	43.178970552631576	8.902880526315789	0.0	0.0	2	1.0236911857893984	-12.057905844022335	138.0	22	1.05	0.95				
	203	1	80.12592473684211	16.470328973684207	0.0	0.0	2	1.0168413121212956	-10.302578053776921	138.0	21	1.05	0.95				
	204	1	32.940657947368415	6.67716039473684	0.0	0.0	2	1.0163728609715672	-13.156192462523222	138.0	21	1.05	0.95				
	205	1	31.60522586842105	6.2320163684210526	0.0	0.0	2	1.0312209196072235	-13.499900199801592	138.0	21	1.05	0.95				
	206	1	60.53958757894736	12.464032736842105	0.0	-100.0	2	1.0435664677956338	-14.699726806785732	138.0	22	1.05	0.95				
	207	2	55.64300328947368	11.128600657894735	0.0	0.0	2	0.9930387715995116	-20.871880097635305	138.0	22	1.05	0.95				
	208	1	76.11962849999999	15.580040921052628	0.0	0.0	2	0.9981783771545792	-18.84247754346221	138.0	22	1.05	0.95				
	209	1	77.90020460526314	16.025184947368416	0.0	0.0	2	1.022980513863501	-12.219974067397253	138.0	23	1.05	0.95				
	210	1	86.80308513157894	17.805761052631578	0.0	0.0	2	1.05	-13.457502925358899	138.0	23	1.05	0.95				
	211	1	0.0	0.0	0.0	0.0	2	1.0066844767318386	-9.247709992030723	230.0	23	1.05	0.95				
	212	1	0.0	0.0	0.0	0.0	2	1.0081551676387175	-8.463896908876045	230.0	23	1.05	0.95				
	213	2	117.96316697368418	24.03777742105263	0.0	0.0	2	1.0023051435195558	-7.9404300125845	230.0	24	1.05	0.95				
	214	2	86.35794110526315	17.36061702631579	0.0	0.0	2	1.0088498077973678	-6.699635066736864	230.0	26	1.05	0.95				
	215	2	141.11065634210524	28.489217684210523	0.0	0.0	2	1.0258725720281572	0.05728823502544316	230.0	26	1.05	0.95				
	216	2	44.51440263157894	8.902880526315789	0.0	0.0	2	1.0262211586553909	-0.3843385668702392	230.0	26	1.05	0.95				
	217	1	0.0	0.0	0.0	0.0	2	1.0303137565099336	1.325407582763198	230.0	27	1.05	0.95				
	218	2	148.23296076315788	30.26979378947368	0.0	0.0	2	1.0295772225734154	0.8012617370979505	230.0	27	1.05	0.95				
	219	1	80.57106876315788	16.470328973684207	0.0	0.0	2	1.0255013227321856	-0.6539571945636276	230.0	25	1.05	0.95				
	220	1	56.978435368421046	11.573744684210526	0.0	0.0	2	1.0279427218701007	-0.019196643653276505	230.0	25	1.05	0.95				
	221	2	0.0	0.0	0.0	0.0	2	1.0314846405560867	1.3550086220034818	230.0	27	1.05	0.95				
	222	2	0.0	0.0	0.0	0.0	2	1.05	7.836919780043683	230.0	27	1.05	0.95				
	223	2	0.0	0.0	0.0	0.0	2	1.030077508676725	0.6688250228044406	230.0	25	1.05	0.95				
	224	1	0.0	0.0	0.0	0.0	2	1.0097442869070903	-3.82826657620322	230.0	26	1.05	0.95				
	301	2	57.96330275368422	11.807339449824562	0.0	0.0	3	1.0024264223105752	-8.47711959808119	138.0	31	1.05	0.95				
	302	2	52.059633028771934	10.733944954385965	0.0	0.0	3	1.0022440165626605	-8.536018108832721	138.0	32	1.05	0.95				
	303	1	96.6055045894737	19.857798165614035	0.0	0.0	3	1.015403480514247	-4.748589159565962	138.0	31	1.05	0.95				
	304	1	39.71559633122807	8.050458715789475	0.0	0.0	3	1.005097819320009	-6.696497198632424	138.0	31	1.05	0.95				
	305	1	38.105504588070175	7.513761468070176	0.0	0.0	3	1.0183637000533599	-6.939626709574219	138.0	31	1.05	0.95				
	306	1	72.99082568982456	15.027522936140352	0.0	-100.0	3	1.0355908985161233	-6.695136192299446	138.0	32	1.05	0.95				
	307	2	67.08715596491228	13.417431192982457	0.0	0.0	3	0.9944237618483971	-11.48267349166125	138.0	32	1.05	0.95				
	308	1	91.77522936	18.78440367017544	0.0	0.0	3	1.0001690695400967	-9.034879116219312	138.0	32	1.05	0.95				
	309	1	93.9220183508772	19.321100917894736	0.0	0.0	3	1.02574356714912	-3.000713446632604	138.0	33	1.05	0.95				
	310	1	104.65596330526317	21.46788990877193	0.0	0.0	3	1.05	-3.68543905409873	138.0	33	1.05	0.95				
	311	1	0.0	0.0	0.0	0.0	3	1.0108730983482006	2.0898532430919254	230.0	33	1.05	0.95				
	312	1	0.0	0.0	0.0	0.0	3	1.0153138159270028	3.1244690524014778	230.0	33	1.05	0.95				
	313	2	142.22477064561403	28.98165137684211	0.0	0.0	3	1.0245808411477668	8.313095671690949	230.0	34	1.05	0.95				
	314	2	104.11926605754387	20.931192661052634	0.0	0.0	3	1.0101931052325828	2.0753480954398746	230.0	36	1.05	0.95				
	315	2	170.13302752701756	34.34862385403509	0.0	0.0	3	1.0230544786411095	-0.6631701296526107	230.0	36	1.05	0.95				
	316	2	53.66972477192983	10.733944954385965	0.0	0.0	3	1.023424710427216	0.4079655967833298	230.0	36	1.05	0.95				
	317	1	0.0	0.0	0.0	0.0	3	1.0270334235796112	0.2021036911242185	230.0	37	1.05	0.95				
	318	2	178.72018349052632	36.49541284491228	0.0	0.0	3	1.025343029503493	-0.47250029062958115	230.0	37	1.05	0.95				
	319	1	97.14220183719299	19.857798165614035	0.0	0.0	3	1.023644756905965	2.6040947007207644	230.0	35	1.05	0.95				
	320	1	68.69724770807018	13.954128440701755	0.0	0.0	3	1.0255065426506047	4.121753783656569	230.0	35	1.05	0.95				
	321	2	0.0	0.0	0.0	0.0	3	1.0266065923990564	0.02012278797889647	230.0	37	1.05	0.95				
	322	2	0.0	0.0	0.0	0.0	3	1.0401486457600102	4.48088453427174	230.0	37	1.05	0.95				
	323	2	0.0	0.0	0.0	0.0	3	1.0268032902860307	4.863511412105391	230.0	35	1.05	0.95				
	324	1	0.0	0.0	0.0	0.0	3	1.015972743110927	-0.48336156744208675	230.0	36	1.05	0.95				
	325	1	0.0	0.0	0.0	0.0	3	1.0279425005959264	5.283870457973506	230.0	35	1.05	0.95				
];
