%% MATPOWER Case Format : Version 2
function mpc = RTS_GMLC
mpc.version = '2';

%%-----  Power Flow Data  -----%%
%% system MVA base
mpc.baseMVA = 100.0;
%% bus data
%    bus_i    type    Pd    Qd    Gs    Bs    area    Vm    Va    baseKV    zone    Vmax    Vmin
mpc.bus = [
	101	2	47.761009389473685	9.729094505263157	0.0	0.0	1	1.042920876002109	3.4862052921825804	138.0	11	1.05	0.95				
	102	2	42.8964621368421	8.844631368421052	0.0	0.0	1	1.0420515662951189	3.2312498702456285	138.0	12	1.05	0.95				
	103	1	79.60168231578947	16.36256803157895	0.0	0.0	1	1.0331290868351297	1.7423073670274174	138.0	11	1.05	0.95				
	104	1	32.7251360631579	6.633473526315789	0.0	0.0	1	1.0276268825367234	0.1724129857456379	138.0	11	1.05	0.95				
	105	1	31.398441357894736	6.1912419578947375	0.0	0.0	1	1.0399987940850544	-0.20856324845372473	138.0	11	1.05	0.95				
	106	1	60.14349330526316	12.382483915789475	0.0	-100.0	1	1.0467671107211969	-2.7621445061693697	138.0	12	1.05	0.95				
	107	2	55.278946052631575	11.055789210526315	0.0	0.0	1	1.000054043017579	-8.149015122136182	138.0	12	1.05	0.95				
	108	1	75.6215982	15.478104894736841	0.0	0.0	1	1.0038115151088607	-6.9650336443050955	138.0	12	1.05	0.95				
	109	1	77.39052447368421	15.920336463157895	0.0	0.0	1	1.0247944695173323	-1.5898625811613625	138.0	13	1.05	0.95				
	110	1	86.23515584210526	17.689262736842103	0.0	0.0	1	1.05	-2.6025452539817144	138.0	13	1.05	0.95				
	111	1	0.0	0.0	0.0	0.0	1	1.0037073976595785	-0.20888361955571175	230.0	13	1.05	0.95				
	112	1	0.0	0.0	0.0	0.0	1	1.0078255194978054	-0.2858009095476698	230.0	13	1.05	0.95				
	113	3	117.19136563157892	23.880504694736842	0.0	0.0	1	0.9945229097933664	-1.3886044120922404e-27	230.0	14	1.05	0.95				
	114	2	85.7929242736842	17.24703116842105	0.0	0.0	1	1.001074099842121	1.623366905029047	230.0	16	1.05	0.95				
	115	2	140.18740718947367	28.30282037894737	0.0	0.0	1	1.0358959749822791	7.457796668326868	230.0	16	1.05	0.95				
	116	2	44.22315684210526	8.844631368421052	0.0	0.0	1	1.0316148050967615	6.801952717339124	230.0	16	1.05	0.95				
	117	1	0.0	0.0	0.0	0.0	1	1.039790717249558	9.639213984507126	230.0	17	1.05	0.95				
	118	2	147.2631122842105	30.07174665263158	0.0	0.0	1	1.0431455537134067	10.145228308977904	230.0	17	1.05	0.95				
	119	1	80.04391388421053	16.36256803157895	0.0	0.0	1	1.0226485809583952	5.0966788181568505	230.0	15	1.05	0.95				
	120	1	56.60564075789474	11.498020778947367	0.0	0.0	1	1.017279632165819	3.87832109112286	230.0	15	1.05	0.95				
	121	2	0.0	0.0	0.0	0.0	1	1.0462916636553863	11.248021732112386	230.0	17	1.05	0.95				
	122	2	0.0	0.0	0.0	0.0	1	1.05	17.24423332474346	230.0	17	1.05	0.95				
	123	2	0.0	0.0	0.0	0.0	1	1.0149670978446592	3.5511114443862826	230.0	15	1.05	0.95				
	124	1	0.0	0.0	0.0	0.0	1	1.026904330418016	5.305609182191653	230.0	16	1.05	0.95				
	201	2	49.214544328421056	10.025184955789474	0.0	0.0	2	1.0130342079972152	-8.636496625390453	138.0	21	1.05	0.95				
	202	2	44.201951850526314	9.113804505263158	0.0	0.0	2	1.0122650404850957	-8.865597474025796	138.0	22	1.05	0.95				
	203	1	82.02424054736842	16.86053833473684	0.0	0.0	2	1.0136628491584672	-6.198786308227784	138.0	21	1.05	0.95				
	204	1	33.72107666947368	6.835353378947367	0.0	0.0	2	1.0113746948199276	-8.049246936918298	138.0	21	1.05	0.95				
	205	1	32.35400599368421	6.37966315368421	0.0	0.0	2	1.0257339044880553	-8.368845664381409	138.0	21	1.05	0.95				
	206	1	61.973870635789474	12.75932630736842	0.0	-100.0	2	1.0407187064245247	-8.771088053581648	138.0	22	1.05	0.95				
	207	2	56.96127815789473	11.392255631578948	0.0	0.0	2	0.9958648981560548	-14.31732772058004	138.0	22	1.05	0.95				
	208	1	77.92302851999999	15.949157884210525	0.0	0.0	2	0.9997096588505027	-12.227422765687562	138.0	22	1.05	0.95				
	209	1	79.74578942105262	16.404848109473683	0.0	0.0	2	1.0245088545284966	-5.503436126485084	138.0	23	1.05	0.95				
	210	1	88.85959392631578	18.227609010526315	0.0	0.0	2	1.05	-6.635951882575596	138.0	23	1.05	0.95				
	211	1	0.0	0.0	0.0	0.0	2	1.0065521784014673	-2.9137553171158372	230.0	23	1.05	0.95				
	212	1	0.0	0.0	0.0	0.0	2	1.01350723870199	1.9330765393373843	230.0	23	1.05	0.95				
	213	2	120.75790969473684	24.607272164210528	0.0	0.0	2	1.0048100295682065	-0.39329964502726616	230.0	24	1.05	0.95				
	214	2	88.40390370105263	17.771918785263157	0.0	0.0	2	1.0042470185460706	-1.8502424954833003	230.0	26	1.05	0.95				
	215	2	144.45380140842104	29.164174416842105	0.0	0.0	2	1.0210396870800476	2.3594150085632384	230.0	26	1.05	0.95				
	216	2	45.56902252631579	9.113804505263158	0.0	0.0	2	1.0216010134955396	2.4607794594609267	230.0	26	1.05	0.95				
	217	1	0.0	0.0	0.0	0.0	2	1.0259272298120337	3.3116637991290774	230.0	27	1.05	0.95				
	218	2	151.7448450126316	30.986935317894737	0.0	0.0	2	1.0250408337271295	2.846938757413739	230.0	27	1.05	0.95				
	219	1	82.47993077263158	16.86053833473684	0.0	0.0	2	1.0221975520049693	2.9113647859366485	230.0	25	1.05	0.95				
	220	1	58.32834883368421	11.847945856842106	0.0	0.0	2	1.0260818706876367	4.194898485704856	230.0	25	1.05	0.95				
	221	2	0.0	0.0	0.0	0.0	2	1.0272564221435825	3.4865562003470547	230.0	27	1.05	0.95				
	222	2	0.0	0.0	0.0	0.0	2	1.0489968926826645	9.920660575045266	230.0	27	1.05	0.95				
	223	2	0.0	0.0	0.0	0.0	2	1.029343091241084	5.24497337585482	230.0	25	1.05	0.95				
	224	1	0.0	0.0	0.0	0.0	2	1.0076503840321076	-0.8531836483073741	230.0	26	1.05	0.95				
	301	2	73.56026573052633	14.984498574736843	0.0	0.0	3	1.0027756519369118	-12.566355036632672	138.0	31	1.05	0.95				
	302	2	66.0680164431579	13.622271431578948	0.0	0.0	3	1.0032814239244545	-12.65252670293319	138.0	32	1.05	0.95				
	303	1	122.60044288421052	25.201202148421054	0.0	0.0	3	1.0127456282600733	-7.555559556024864	138.0	31	1.05	0.95				
	304	1	50.40240429684211	10.21670357368421	0.0	0.0	3	1.0002593954143923	-10.177092102973617	138.0	31	1.05	0.95				
	305	1	48.35906358210526	9.535590002105264	0.0	0.0	3	1.0137172528154208	-10.514204664208881	138.0	31	1.05	0.95				
	306	1	92.63144573473684	19.07118000421053	0.0	-100.0	3	1.0278967629211668	-10.116098805941144	138.0	32	1.05	0.95				
	307	2	85.13919644736842	17.027839289473683	0.0	0.0	3	0.9894736173125108	-15.255349759360186	138.0	32	1.05	0.95				
	308	1	116.47042074000001	23.838975005263155	0.0	0.0	3	0.993942293980536	-12.06416705574471	138.0	32	1.05	0.95				
	309	1	119.19487502631578	24.520088576842102	0.0	0.0	3	1.023164693619481	-5.357373082064166	138.0	33	1.05	0.95				
	310	1	132.81714645789472	27.244542863157896	0.0	0.0	3	1.0458382694901873	-6.262596960122788	138.0	33	1.05	0.95				
	311	1	0.0	0.0	0.0	0.0	3	1.0151075158237433	1.435594314760798	230.0	33	1.05	0.95				
	312	1	0.0	0.0	0.0	0.0	3	1.0180191189103127	2.6024290836122455	230.0	33	1.05	0.95				
	313	2	180.49509646842102	36.78013286526316	0.0	0.0	3	1.0418823956189838	9.413828706949046	230.0	34	1.05	0.95				
	314	2	132.1360328863158	26.56342929157895	0.0	0.0	3	1.020799328113531	1.487188901371624	230.0	36	1.05	0.95				
	315	2	215.91300219052633	43.59126858105263	0.0	0.0	3	1.0349294746452153	-1.0477248396518055	230.0	36	1.05	0.95				
	316	2	68.11135715789473	13.622271431578948	0.0	0.0	3	1.0351431820627297	0.3816286958809011	230.0	36	1.05	0.95				
	317	1	0.0	0.0	0.0	0.0	3	1.0372699928233893	0.2724252567450941	230.0	37	1.05	0.95				
	318	2	226.8108193357895	46.31572286736842	0.0	0.0	3	1.0347501031466284	-0.3464394367088604	230.0	37	1.05	0.95				
	319	1	123.28155645578948	25.201202148421054	0.0	0.0	3	1.0331289587066468	2.072414095798129	230.0	35	1.05	0.95				
	320	1	87.18253716210526	17.708952861052634	0.0	0.0	3	1.0369508047071263	4.339851134523571	230.0	35	1.05	0.95				
	321	2	0.0	0.0	0.0	0.0	3	1.0368921879738384	-0.035517273267831925	230.0	37	1.05	0.95				
	322	2	0.0	0.0	0.0	0.0	3	1.0499996901196391	4.392894802743284	230.0	37	1.05	0.95				
	323	2	0.0	0.0	0.0	0.0	3	1.0393178453522376	5.189668479290382	230.0	35	1.05	0.95				
	324	1	0.0	0.0	0.0	0.0	3	1.0205976424689964	-1.404733727651886	230.0	36	1.05	0.95				
	325	1	0.0	0.0	0.0	0.0	3	1.0392757531585664	5.700553288366707	230.0	35	1.05	0.95				
];
