%% MATPOWER Case Format : Version 2
function mpc = RTS_GMLC
mpc.version = '2';

%%-----  Power Flow Data  -----%%
%% system MVA base
mpc.baseMVA = 100.0;
%% bus data
%    bus_i    type    Pd    Qd    Gs    Bs    area    Vm    Va    baseKV    zone    Vmax    Vmin
mpc.bus = [
	101	2	47.70757049684211	9.718208804912281	0.0	0.0	1	1.0168921998118416	1.6681430243897408	138.0	11	1.05	0.95				
	102	2	42.84846609438597	8.834735277192983	0.0	0.0	1	1.015742954252534	1.3649559401482598	138.0	12	1.05	0.95				
	103	1	79.51261749473684	16.34426026280702	0.0	0.0	1	1.0268823417937838	1.3651811122928388	138.0	11	1.05	0.95				
	104	1	32.68852052561404	6.626051457894737	0.0	0.0	1	1.0138555533760505	-1.7264991860313286	138.0	11	1.05	0.95				
	105	1	31.36331023403509	6.184314694035089	0.0	0.0	1	1.0270722296418198	-1.6381197959208327	138.0	11	1.05	0.95				
	106	1	60.0761998849123	12.368629388070177	0.0	-100.0	1	1.0407314463388306	-3.960642096397935	138.0	12	1.05	0.95				
	107	2	55.217095482456145	11.04341909649123	0.0	0.0	1	0.9868163206901632	-11.24722166453303	138.0	12	1.05	0.95				
	108	1	75.53698662000001	15.46078673508772	0.0	0.0	1	0.9951235603603146	-9.094188800990404	138.0	12	1.05	0.95				
	109	1	77.30393367543861	15.90252349894737	0.0	0.0	1	1.0258365733906827	-2.4101771762946456	138.0	13	1.05	0.95				
	110	1	86.13866895263158	17.669470554385967	0.0	0.0	1	1.05	-3.5342197720484987	138.0	13	1.05	0.95				
	111	1	0.0	0.0	0.0	0.0	1	1.0175023728701518	-0.011559986100970006	230.0	13	1.05	0.95				
	112	1	0.0	0.0	0.0	0.0	1	1.0145019106803808	-0.6824819229083707	230.0	13	1.05	0.95				
	113	3	117.06024242280702	23.853785248421055	0.0	0.0	1	0.9999144833929978	3.205745067676126e-30	230.0	14	1.05	0.95				
	114	2	85.69693218877194	17.22773379052632	0.0	0.0	1	1.0389189340487426	2.9005744060319913	230.0	16	1.05	0.95				
	115	2	140.03055414350877	28.271152887017546	0.0	0.0	1	1.0432335584538133	11.250278720036498	230.0	16	1.05	0.95				
	116	2	44.17367638596492	8.834735277192983	0.0	0.0	1	1.0430633412956076	9.79426530564487	230.0	16	1.05	0.95				
	117	1	0.0	0.0	0.0	0.0	1	1.0418250617052565	15.231468182911636	230.0	17	1.05	0.95				
	118	2	147.0983423652632	30.03809994245615	0.0	0.0	1	1.049616931760408	15.5734542881513	230.0	17	1.05	0.95				
	119	1	79.95435425859651	16.34426026280702	0.0	0.0	1	1.0383699060119802	6.329815439920926	230.0	15	1.05	0.95				
	120	1	56.54230577403509	11.48515586035088	0.0	0.0	1	1.0398318675574814	4.152845004722104	230.0	15	1.05	0.95				
	121	2	0.0	0.0	0.0	0.0	1	1.043299082301765	17.000954710651087	230.0	17	1.05	0.95				
	122	2	0.0	0.0	0.0	0.0	1	1.05	34.961844913725585	230.0	17	1.05	0.95				
	123	2	0.0	0.0	0.0	0.0	1	1.0414808597545167	3.287938363723578	230.0	15	1.05	0.95				
	124	1	0.0	0.0	0.0	0.0	1	1.0247287180529794	7.570060769604998	230.0	16	1.05	0.95				
	201	2	50.8465291831579	10.35762631508772	0.0	0.0	2	1.0152893856750398	-15.06778734927855	138.0	21	1.05	0.95				
	202	2	45.66771602561403	9.416023922807017	0.0	0.0	2	1.0155641161159588	-15.107284036295912	138.0	22	1.05	0.95				
	203	1	84.74421530526315	17.419644257192978	0.0	0.0	2	1.0118787587008808	-12.049005213000346	138.0	21	1.05	0.95				
	204	1	34.839288514385956	7.062017942105261	0.0	0.0	2	1.0121039110300039	-15.705382627539773	138.0	21	1.05	0.95				
	205	1	33.426884925964906	6.591216745964912	0.0	0.0	2	1.026847193260768	-16.13693068848101	138.0	21	1.05	0.95				
	206	1	64.02896267508773	13.182433491929824	0.0	-100.0	2	1.0409500549064876	-17.21958124375224	138.0	22	1.05	0.95				
	207	2	58.85014951754385	11.770029903508771	0.0	0.0	2	0.9901223600589688	-23.503954801928582	138.0	22	1.05	0.95				
	208	1	80.50700454	16.478041864912278	0.0	0.0	2	0.9953754963495154	-21.341459574205956	138.0	22	1.05	0.95				
	209	1	82.3902093245614	16.948843061052628	0.0	0.0	2	1.0229379717516098	-14.244377187682739	138.0	23	1.05	0.95				
	210	1	91.80623324736841	18.832047845614035	0.0	0.0	2	1.05	-15.696493999604076	138.0	23	1.05	0.95				
	211	1	0.0	0.0	0.0	0.0	2	1.0102353966309945	-11.043293306356336	230.0	23	1.05	0.95				
	212	1	0.0	0.0	0.0	0.0	2	1.0132252578539651	-9.96939451976805	230.0	23	1.05	0.95				
	213	2	124.76231697719295	25.42326459157895	0.0	0.0	2	1.0116630039169978	-9.413981877772795	230.0	24	1.05	0.95				
	214	2	91.33543205122805	18.361246649473685	0.0	0.0	2	1.012049604830668	-8.479476532587134	230.0	26	1.05	0.95				
	215	2	149.24397917649122	30.131276552982456	0.0	0.0	2	1.027755015680022	-1.8730342645836966	230.0	26	1.05	0.95				
	216	2	47.080119614035084	9.416023922807017	0.0	0.0	2	1.0312837118858948	-2.017377063936244	230.0	26	1.05	0.95				
	217	1	0.0	0.0	0.0	0.0	2	1.0357697745254237	-0.3372025489297872	230.0	27	1.05	0.95				
	218	2	156.77679831473682	32.01448133754386	0.0	0.0	2	1.033645693078694	-0.9687223255750828	230.0	27	1.05	0.95				
	219	1	85.2150165014035	17.419644257192978	0.0	0.0	2	1.0351260637206052	-1.771082904262759	230.0	25	1.05	0.95				
	220	1	60.26255310596491	12.240831099649121	0.0	0.0	2	1.0418465500552077	-0.6605527582482633	230.0	25	1.05	0.95				
	221	2	0.0	0.0	0.0	0.0	2	1.0343714629870964	-0.46451352998231515	230.0	27	1.05	0.95				
	222	2	0.0	0.0	0.0	0.0	2	1.05	6.083153730995491	230.0	27	1.05	0.95				
	223	2	0.0	0.0	0.0	0.0	2	1.0466047564815126	0.2917679105492473	230.0	25	1.05	0.95				
	224	1	0.0	0.0	0.0	0.0	2	1.0092665313943507	-5.6631654302818655	230.0	26	1.05	0.95				
	301	2	66.69281872421053	13.585574184561402	0.0	0.0	3	1.0362194149732382	-7.928722828334362	138.0	31	1.05	0.95				
	302	2	59.90003163192982	12.350521985964912	0.0	0.0	3	1.0317072791154152	-8.290354195163129	138.0	32	1.05	0.95				
	303	1	111.1546978736842	22.848465674035083	0.0	0.0	3	1.05	8.686071557420144	138.0	31	1.05	0.95				
	304	1	45.696931348070166	9.262891489473683	0.0	0.0	3	1.0104854458645074	-6.552864022087394	138.0	31	1.05	0.95				
	305	1	43.844353050175435	8.645365390175439	0.0	0.0	3	1.031955200122102	-8.586309327284258	138.0	31	1.05	0.95				
	306	1	83.9835495045614	17.290730780350877	0.0	-100.0	3	1.0351485297963618	-9.654605283169953	138.0	32	1.05	0.95				
	307	2	77.19076241228069	15.438152482456138	0.0	0.0	3	0.9507001402224933	-8.233930599785332	138.0	32	1.05	0.95				
	308	1	105.59696297999999	21.61341347543859	0.0	0.0	3	0.9663539540243015	-8.915829889454766	138.0	32	1.05	0.95				
	309	1	108.06706737719296	22.230939574736837	0.0	0.0	3	1.0144652283065538	-2.538804318147328	138.0	33	1.05	0.95				
	310	1	120.41758936315787	24.701043971929824	0.0	0.0	3	1.0428589005286093	-7.2835591401346385	138.0	33	1.05	0.95				
	311	1	0.0	0.0	0.0	0.0	3	1.007629602812897	-1.719987731322476	230.0	33	1.05	0.95				
	312	1	0.0	0.0	0.0	0.0	3	1.0072280129044606	-1.0994047926503139	230.0	33	1.05	0.95				
	313	2	163.64441631403506	33.34640936210526	0.0	0.0	3	1.0058346072008373	0.9867643594024293	230.0	34	1.05	0.95				
	314	2	119.80006326385964	24.083517872631578	0.0	0.0	3	1.0159017534096415	-0.8426244017670135	230.0	36	1.05	0.95				
	315	2	195.7557734775438	39.521670355087714	0.0	0.0	3	1.0443432944591897	4.459189709451598	230.0	36	1.05	0.95				
	316	2	61.75260992982455	12.350521985964912	0.0	0.0	3	1.0496076852436036	4.1019727572387445	230.0	36	1.05	0.95				
	317	1	0.0	0.0	0.0	0.0	3	1.05	9.497615592386863	230.0	37	1.05	0.95				
	318	2	205.63619106631577	41.9917747522807	0.0	0.0	3	1.0398239577692354	6.944908475786756	230.0	37	1.05	0.95				
	319	1	111.77222397298246	22.848465674035083	0.0	0.0	3	1.0352459006540842	2.90929273914481	230.0	35	1.05	0.95				
	320	1	79.04334071017543	16.055678581754385	0.0	0.0	3	1.027955227991016	3.035804463299963	230.0	35	1.05	0.95				
	321	2	0.0	0.0	0.0	0.0	3	1.0413613477790018	6.7619677817494415	230.0	37	1.05	0.95				
	322	2	0.0	0.0	0.0	0.0	3	1.0491500762550678	12.182792305506867	230.0	37	1.05	0.95				
	323	2	0.0	0.0	0.0	0.0	3	1.0254141731410187	3.5793033136698122	230.0	35	1.05	0.95				
	324	1	0.0	0.0	0.0	0.0	3	1.0437150959900505	6.078775494893611	230.0	36	1.05	0.95				
	325	1	0.0	0.0	0.0	0.0	3	1.023282513721289	4.710890278914539	230.0	35	1.05	0.95				
];
