%% MATPOWER Case Format : Version 2
function mpc = RTS_GMLC
mpc.version = '2';

%%-----  Power Flow Data  -----%%
%% system MVA base
mpc.baseMVA = 100.0;
%% bus data
%    bus_i    type    Pd    Qd    Gs    Bs    area    Vm    Va    baseKV    zone    Vmax    Vmin
mpc.bus = [
	101	2	55.89708066947369	11.38644235859649	0.0	0.0	1	1.0270755700491672	-0.5170251429313922	138.0	11	1.05	0.95				
	102	2	50.20385949017544	10.351311235087719	0.0	0.0	1	1.0261141692939164	-0.8300717657579352	138.0	12	1.05	0.95				
	103	1	93.16180111578947	19.14992578491228	0.0	0.0	1	1.0265238184078793	0.10360398388669646	138.0	11	1.05	0.95				
	104	1	38.29985156982456	7.763483426315789	0.0	0.0	1	1.0168500163716774	-3.5069789020044326	138.0	11	1.05	0.95				
	105	1	36.747154884561404	7.245917864561403	0.0	0.0	1	1.0315184902624301	-3.5198232272573637	138.0	11	1.05	0.95				
	106	1	70.38891639859649	14.491835729122807	0.0	-100.0	1	1.041356440608787	-5.751145558472176	138.0	12	1.05	0.95				
	107	2	64.69569521929824	12.93913904385965	0.0	0.0	1	0.9994056282281	-14.016595505177532	138.0	12	1.05	0.95				
	108	1	88.50371106	18.114794661403508	0.0	0.0	1	0.9989696818868151	-11.470573774515698	138.0	12	1.05	0.95				
	109	1	90.57397330701754	18.632360223157892	0.0	0.0	1	1.025021584467328	-3.5786489046610654	138.0	13	1.05	0.95				
	110	1	100.92528454210526	20.702622470175438	0.0	0.0	1	1.05	-4.909215236785901	138.0	13	1.05	0.95				
	111	1	0.0	0.0	0.0	0.0	1	1.0108554717183151	-0.5429366770842996	230.0	13	1.05	0.95				
	112	1	0.0	0.0	0.0	0.0	1	1.014307729328912	-0.7536703408079994	230.0	13	1.05	0.95				
	113	3	137.15487386491228	27.948540334736844	0.0	0.0	1	1.0086361159186772	1.427743989846437e-30	230.0	14	1.05	0.95				
	114	2	100.40771898035088	20.185056908421053	0.0	0.0	1	1.0150449695262922	2.7427648353574896	230.0	16	1.05	0.95				
	115	2	164.06828307614035	33.1241959522807	0.0	0.0	1	1.0448212302155098	11.38530400573002	230.0	16	1.05	0.95				
	116	2	51.7565561754386	10.351311235087719	0.0	0.0	1	1.0413675452570519	10.4212188662348	230.0	16	1.05	0.95				
	117	1	0.0	0.0	0.0	0.0	1	1.043250441613577	14.892310411804434	230.0	17	1.05	0.95				
	118	2	172.34933206421053	35.194458199298246	0.0	0.0	1	1.049999979983294	15.018006361151613	230.0	17	1.05	0.95				
	119	1	93.67936667754387	19.14992578491228	0.0	0.0	1	1.0349119604582635	7.643334732928663	230.0	15	1.05	0.95				
	120	1	66.2483919045614	13.456704605614034	0.0	0.0	1	1.0346646184483386	6.20558986322682	230.0	15	1.05	0.95				
	121	2	0.0	0.0	0.0	0.0	1	1.05	16.36353712097154	230.0	17	1.05	0.95				
	122	2	0.0	0.0	0.0	0.0	1	1.05	32.216335325974825	230.0	17	1.05	0.95				
	123	2	0.0	0.0	0.0	0.0	1	1.0354963390943668	5.804218291612927	230.0	15	1.05	0.95				
	124	1	0.0	0.0	0.0	0.0	1	1.0238307595185145	7.1896463029794155	230.0	16	1.05	0.95				
	201	2	66.3503856631579	13.515819301754384	0.0	0.0	2	1.0291335395233656	-16.756107058258085	138.0	21	1.05	0.95				
	202	2	59.59247601228069	12.28710845614035	0.0	0.0	2	1.0296116374730084	-16.770367408379055	138.0	22	1.05	0.95				
	203	1	110.58397610526316	22.731150643859646	0.0	0.0	2	1.0158309743474672	-14.525243905051443	138.0	21	1.05	0.95				
	204	1	45.46230128771929	9.215331342105262	0.0	0.0	2	1.0158877289093462	-18.610653831786912	138.0	21	1.05	0.95				
	205	1	43.619235019298245	8.600975919298245	0.0	0.0	2	1.0317089890138718	-18.950188237716116	138.0	21	1.05	0.95				
	206	1	83.55233750175438	17.20195183859649	0.0	-100.0	2	1.0398302356474276	-20.750087896611532	138.0	22	1.05	0.95				
	207	2	76.79442785087718	15.358885570175437	0.0	0.0	2	0.9885818316278063	-29.904212834472748	138.0	22	1.05	0.95				
	208	1	105.05477729999998	21.50243979824561	0.0	0.0	2	0.9879468293373103	-26.935872972992247	138.0	22	1.05	0.95				
	209	1	107.51219899122806	22.11679522105263	0.0	0.0	2	1.0234881043183945	-17.61049257549078	138.0	23	1.05	0.95				
	210	1	119.79930744736842	24.5742169122807	0.0	0.0	2	1.05	-19.221851617531563	138.0	23	1.05	0.95				
	211	1	0.0	0.0	0.0	0.0	2	1.0177223847361387	-13.776786767977292	230.0	23	1.05	0.95				
	212	1	0.0	0.0	0.0	0.0	2	1.01510699221205	-12.71683545548846	230.0	23	1.05	0.95				
	213	2	162.80418704385963	33.17519283157895	0.0	0.0	2	1.0202559903475201	-12.22372829661918	230.0	24	1.05	0.95				
	214	2	119.18495202456138	23.95986148947368	0.0	0.0	2	1.0285387214745902	-10.538407626094251	230.0	26	1.05	0.95				
	215	2	194.75066902982454	39.31874705964912	0.0	0.0	2	1.038392512011178	-1.8868777096574334	230.0	26	1.05	0.95				
	216	2	61.435542280701746	12.28710845614035	0.0	0.0	2	1.0413972255717856	-2.202773379160898	230.0	26	1.05	0.95				
	217	1	0.0	0.0	0.0	0.0	2	1.0429455985743734	1.0034590674425783	230.0	27	1.05	0.95				
	218	2	204.58035579473682	41.77616875087719	0.0	0.0	2	1.043904505723655	0.9963631436862934	230.0	27	1.05	0.95				
	219	1	111.19833152807017	22.731150643859646	0.0	0.0	2	1.0410988728328365	-2.5677068672622543	230.0	25	1.05	0.95				
	220	1	78.63749411929824	15.973240992982454	0.0	0.0	2	1.0457997822014773	-1.727763004688847	230.0	25	1.05	0.95				
	221	2	0.0	0.0	0.0	0.0	2	1.0438562129105022	0.8094886945568128	230.0	27	1.05	0.95				
	222	2	0.0	0.0	0.0	0.0	2	1.05	7.391986681290421	230.0	27	1.05	0.95				
	223	2	0.0	0.0	0.0	0.0	2	1.05	-0.8207800399814955	230.0	25	1.05	0.95				
	224	1	0.0	0.0	0.0	0.0	2	1.0140894559499252	-6.570330354735899	230.0	26	1.05	0.95				
	301	2	53.214172711578954	10.839924070877194	0.0	0.0	3	1.010268132013108	-10.756269597482977	138.0	31	1.05	0.95				
	302	2	47.79421067614035	9.854476428070177	0.0	0.0	3	1.0093763669258184	-10.949206014368082	138.0	32	1.05	0.95				
	303	1	88.69028785263158	18.230781391929828	0.0	0.0	3	1.03843426912791	-1.810848774114366	138.0	31	1.05	0.95				
	304	1	36.461562783859655	7.390857321052631	0.0	0.0	3	1.0111275162869335	-9.242772954684215	138.0	31	1.05	0.95				
	305	1	34.98339131964912	6.898133499649124	0.0	0.0	3	1.02385584759561	-10.763018331381039	138.0	31	1.05	0.95				
	306	1	67.01043971087721	13.796266999298249	0.0	-100.0	3	1.038935201271086	-11.332446278277402	138.0	32	1.05	0.95				
	307	2	61.59047767543859	12.31809553508772	0.0	0.0	3	0.9922180307707533	-16.45039103330146	138.0	32	1.05	0.95				
	308	1	84.25577346	17.245333749122807	0.0	0.0	3	0.9967854349589748	-14.18063608295349	138.0	32	1.05	0.95				
	309	1	86.22666874561405	17.738057570526315	0.0	0.0	3	1.028810383900061	-5.844243889970018	138.0	33	1.05	0.95				
	310	1	96.0811451736842	19.708952856140353	0.0	0.0	3	1.05	-9.184996038342677	138.0	33	1.05	0.95				
	311	1	0.0	0.0	0.0	0.0	3	1.0118572788098783	-3.318867001487473	230.0	33	1.05	0.95				
	312	1	0.0	0.0	0.0	0.0	3	1.0144092368278623	-2.826451228732961	230.0	33	1.05	0.95				
	313	2	130.57181267192982	26.607086355789477	0.0	0.0	3	1.0133980463584553	-0.17371089707423265	230.0	34	1.05	0.95				
	314	2	95.5884213522807	19.21622903473684	0.0	0.0	3	1.0140057935862532	-1.7900451276357427	230.0	36	1.05	0.95				
	315	2	156.19345138491227	31.534324569824562	0.0	0.0	3	1.039953550522414	3.016548788537167	230.0	36	1.05	0.95				
	316	2	49.27238214035088	9.854476428070177	0.0	0.0	3	1.0386223233905674	3.311672196396517	230.0	36	1.05	0.95				
	317	1	0.0	0.0	0.0	0.0	3	1.05	8.204821999560588	230.0	37	1.05	0.95				
	318	2	164.07703252736843	33.505219855438604	0.0	0.0	3	1.0460518174316609	5.789362596580655	230.0	37	1.05	0.95				
	319	1	89.1830116740351	18.230781391929828	0.0	0.0	3	1.0328926637573623	2.28851596192029	230.0	35	1.05	0.95				
	320	1	63.068649139649125	12.81081935649123	0.0	0.0	3	1.031612250869157	2.342013289270586	230.0	35	1.05	0.95				
	321	2	0.0	0.0	0.0	0.0	3	1.0451878583498102	5.497838549558987	230.0	37	1.05	0.95				
	322	2	0.0	0.0	0.0	0.0	3	1.05	10.902439991315783	230.0	37	1.05	0.95				
	323	2	0.0	0.0	0.0	0.0	3	1.0317580766771914	2.7461438390944193	230.0	35	1.05	0.95				
	324	1	0.0	0.0	0.0	0.0	3	1.0321645098372825	1.1978490705270024	230.0	36	1.05	0.95				
	325	1	0.0	0.0	0.0	0.0	3	1.029535128111816	3.894055696555631	230.0	35	1.05	0.95				
];
