%% MATPOWER Case Format : Version 2
function mpc = RTS_GMLC
mpc.version = '2';

%%-----  Power Flow Data  -----%%
%% system MVA base
mpc.baseMVA = 100.0;
%% bus data
%    bus_i    type    Pd    Qd    Gs    Bs    area    Vm    Va    baseKV    zone    Vmax    Vmin
mpc.bus = [
	101	2	44.06036616000001	8.975259773333335	0.0	0.0	1	1.0119056019152275	-4.28123341404569	138.0	11	1.05	0.95				
	102	2	39.572736273333334	8.159327066666668	0.0	0.0	1	1.0118309118713646	-4.513094479020277	138.0	12	1.05	0.95				
	103	1	73.4339436	15.094755073333335	0.0	0.0	1	1.0010782214172016	0.8960153516293108	138.0	11	1.05	0.95				
	104	1	30.18951014666667	6.1194953000000005	0.0	0.0	1	1.00209649237251	-4.369887584371923	138.0	11	1.05	0.95				
	105	1	28.965611086666666	5.711528946666668	0.0	0.0	1	1.0163260713451996	-5.431850582236919	138.0	11	1.05	0.95				
	106	1	55.483424053333344	11.423057893333336	0.0	-100.0	1	1.0266355932821583	-6.571230030499424	138.0	12	1.05	0.95				
	107	2	50.99579416666668	10.199158833333334	0.0	0.0	1	0.987048973694022	-10.431062784423027	138.0	12	1.05	0.95				
	108	1	69.76224642000001	14.278822366666667	0.0	0.0	1	0.9880344929659678	-9.151868852070862	138.0	12	1.05	0.95				
	109	1	71.39411183333334	14.686788720000003	0.0	0.0	1	1.001914845723547	-3.3077169909586157	138.0	13	1.05	0.95				
	110	1	79.5534389	16.318654133333336	0.0	0.0	1	1.0304705885819303	-5.249713979121585	138.0	13	1.05	0.95				
	111	1	0.0	0.0	0.0	0.0	1	0.982071053371829	-0.6020961613939159	230.0	13	1.05	0.95				
	112	1	0.0	0.0	0.0	0.0	1	0.983126211946015	-1.4495349316851514	230.0	13	1.05	0.95				
	113	3	108.11108363333332	22.030183080000004	0.0	0.0	1	0.9647401948771632	-4.1832822267378925e-29	230.0	14	1.05	0.95				
	114	2	79.14547254666667	15.910687780000002	0.0	0.0	1	0.9914500477482237	2.6847975342403174	230.0	16	1.05	0.95				
	115	2	129.32533400666668	26.10984661333334	0.0	0.0	1	0.9904892067391984	11.712430104159521	230.0	16	1.05	0.95				
	116	2	40.796635333333334	8.159327066666668	0.0	0.0	1	0.9892464857739055	10.161038804369893	230.0	16	1.05	0.95				
	117	1	0.0	0.0	0.0	0.0	1	0.9917897631414884	15.887262591479963	230.0	17	1.05	0.95				
	118	2	135.85279566000003	27.741712026666672	0.0	0.0	1	1.0001193332606308	16.433222257703868	230.0	17	1.05	0.95				
	119	1	73.84190995333334	15.094755073333335	0.0	0.0	1	0.989344826331272	6.494960582953971	230.0	15	1.05	0.95				
	120	1	52.21969322666668	10.607125186666668	0.0	0.0	1	0.9944249084197757	3.7088737264439366	230.0	15	1.05	0.95				
	121	2	0.0	0.0	0.0	0.0	1	1.0009902795502124	17.71935067317669	230.0	17	1.05	0.95				
	122	2	0.0	0.0	0.0	0.0	1	1.0070773979302414	34.95821348977429	230.0	17	1.05	0.95				
	123	2	0.0	0.0	0.0	0.0	1	0.9983358916091579	2.5198832599591006	230.0	15	1.05	0.95				
	124	1	0.0	0.0	0.0	0.0	1	0.9815859367260338	7.575946886003961	230.0	16	1.05	0.95				
	201	2	45.32158034526316	9.232173774035088	0.0	0.0	2	1.0100165205434335	-11.634816115692962	138.0	21	1.05	0.95				
	202	2	40.70549345824561	8.392885249122807	0.0	0.0	2	1.0089625945625895	-11.811318408913989	138.0	22	1.05	0.95				
	203	1	75.53596724210526	15.526837710877192	0.0	0.0	2	0.9967909626255003	-8.837906139268739	138.0	21	1.05	0.95				
	204	1	31.053675421754384	6.294663936842104	0.0	0.0	2	1.0002133329098133	-10.777389336058308	138.0	21	1.05	0.95				
	205	1	29.794742634385962	5.875019674385965	0.0	0.0	2	1.0163115299701404	-11.151601573869112	138.0	21	1.05	0.95				
	206	1	57.07161969403509	11.75003934877193	0.0	-100.0	2	1.027838295691031	-11.40429731083941	138.0	22	1.05	0.95				
	207	2	52.45553280701755	10.491106561403509	0.0	0.0	2	0.970975132415042	-16.460238170794035	138.0	22	1.05	0.95				
	208	1	71.75916888	14.68754918596491	0.0	0.0	2	0.9789755050701165	-14.512608120498465	138.0	22	1.05	0.95				
	209	1	73.43774592982456	15.107193448421052	0.0	0.0	2	1.0059510126767937	-8.13743926354854	138.0	23	1.05	0.95				
	210	1	81.83063117894737	16.785770498245615	0.0	0.0	2	1.033172955218505	-9.27536064591163	138.0	23	1.05	0.95				
	211	1	0.0	0.0	0.0	0.0	2	0.9876781229927004	-5.708320495529451	230.0	23	1.05	0.95				
	212	1	0.0	0.0	0.0	0.0	2	0.9893856764331636	-0.8289319092920983	230.0	23	1.05	0.95				
	213	2	111.20572955087718	22.66079017263158	0.0	0.0	2	0.9843348207932449	-3.104086782568952	230.0	24	1.05	0.95				
	214	2	81.41098691649123	16.366126235789473	0.0	0.0	2	0.9847195913692681	-4.85647910715596	230.0	26	1.05	0.95				
	215	2	133.02723119859647	26.85723279719298	0.0	0.0	2	0.9918667529248224	-0.6256071404198327	230.0	26	1.05	0.95				
	216	2	41.964426245614035	8.392885249122807	0.0	0.0	2	0.9903639745521433	-0.869217357638208	230.0	26	1.05	0.95				
	217	1	0.0	0.0	0.0	0.0	2	1.0004986122372792	0.13982343541110817	230.0	27	1.05	0.95				
	218	2	139.74153939789474	28.535809847017546	0.0	0.0	2	1.0012621249881848	-0.417236356315407	230.0	27	1.05	0.95				
	219	1	75.9556115045614	15.526837710877192	0.0	0.0	2	0.9843462946168384	0.021712285718657066	230.0	25	1.05	0.95				
	220	1	53.71446559438596	10.91075082385965	0.0	0.0	2	0.9825351453136005	1.6930465835361752	230.0	25	1.05	0.95				
	221	2	0.0	0.0	0.0	0.0	2	1.0036642360084493	0.11082184992145618	230.0	27	1.05	0.95				
	222	2	0.0	0.0	0.0	0.0	2	1.0212365816450162	5.033952841799728	230.0	27	1.05	0.95				
	223	2	0.0	0.0	0.0	0.0	2	0.9828353642553411	2.9674003387215047	230.0	25	1.05	0.95				
	224	1	0.0	0.0	0.0	0.0	2	0.9837553204596003	-3.7496434771140597	230.0	26	1.05	0.95				
	301	2	63.27617843368421	12.889591903157893	0.0	0.0	3	1.0031087389425337	24.408904398035943	138.0	31	1.05	0.95				
	302	2	56.831382482105255	11.71781082105263	0.0	0.0	3	1.0037267515329884	24.028432297668942	138.0	32	1.05	0.95				
	303	1	105.46029738947367	21.677950018947364	0.0	0.0	3	1.016399486189447	39.779297166667114	138.0	31	1.05	0.95				
	304	1	43.35590003789473	8.788358115789473	0.0	0.0	3	0.9928208329279907	25.78799770119824	138.0	31	1.05	0.95				
	305	1	41.59822841473683	8.202467574736842	0.0	0.0	3	1.0108007900510234	23.825790885383103	138.0	31	1.05	0.95				
	306	1	79.6811135831579	16.404935149473683	0.0	-100.0	3	1.0219387213272535	22.818727546519337	138.0	32	1.05	0.95				
	307	2	73.23631763157894	14.647263526315788	0.0	0.0	3	0.9649881095840424	18.64344921953173	138.0	32	1.05	0.95				
	308	1	100.18728251999998	20.5061689368421	0.0	0.0	3	0.9739853385263667	21.434272241607392	138.0	32	1.05	0.95				
	309	1	102.53084468421052	21.092059477894733	0.0	0.0	3	1.0044476574012609	29.732276096284938	138.0	33	1.05	0.95				
	310	1	114.24865550526313	23.43562164210526	0.0	0.0	3	1.03359965320456	25.172975903932922	138.0	33	1.05	0.95				
	311	1	0.0	0.0	0.0	0.0	3	0.9954730675732447	30.089935697577758	230.0	33	1.05	0.95				
	312	1	0.0	0.0	0.0	0.0	3	1.002006126902532	30.354432007691077	230.0	33	1.05	0.95				
	313	2	155.26099337894735	31.638089216842104	0.0	0.0	3	1.0052791425745795	33.16928701821373	230.0	34	1.05	0.95				
	314	2	113.66276496421051	22.84973110105263	0.0	0.0	3	0.9895579877427122	30.086535436408088	230.0	36	1.05	0.95				
	315	2	185.72730151368418	37.496994627368416	0.0	0.0	3	0.9883725647972119	28.977785709858424	230.0	36	1.05	0.95				
	316	2	58.58905410526315	11.71781082105263	0.0	0.0	3	0.9808925757496217	29.33561033328285	230.0	36	1.05	0.95				
	317	1	0.0	0.0	0.0	0.0	3	0.9942531374025405	31.42925081559644	230.0	37	1.05	0.95				
	318	2	195.10155017052628	39.84055679157895	0.0	0.0	3	0.9880414506797506	27.61089575703234	230.0	37	1.05	0.95				
	319	1	106.04618793052632	21.677950018947364	0.0	0.0	3	0.990398842273037	29.11864262596205	230.0	35	1.05	0.95				
	320	1	74.99398925473683	15.233154067368421	0.0	0.0	3	1.0005033673633734	28.71280943320492	230.0	35	1.05	0.95				
	321	2	0.0	0.0	0.0	0.0	3	0.9962271803155752	28.536182098789055	230.0	37	1.05	0.95				
	322	2	0.0	0.0	0.0	0.0	3	1.0130893344374716	32.408057561251695	230.0	37	1.05	0.95				
	323	2	0.0	0.0	0.0	0.0	3	1.0060417764938558	28.374470383755845	230.0	35	1.05	0.95				
	324	1	0.0	0.0	0.0	0.0	3	0.9977871181052561	34.5597723895823	230.0	36	1.05	0.95				
