%% MATPOWER Case Format : Version 2
function mpc = RTS_GMLC
mpc.version = '2';

%%-----  Power Flow Data  -----%%
%% system MVA base
mpc.baseMVA = 100.0;
%% bus data
%    bus_i    type    Pd    Qd    Gs    Bs    area    Vm    Va    baseKV    zone    Vmax    Vmin
mpc.bus = [
	101	2	38.315685296842105	7.805047004912281	0.0	0.0	1	1.0319860030961971	2.0319113022253785	138.0	11	1.05	0.95				
	102	2	34.413161794385964	7.095497277192983	0.0	0.0	1	1.0304318428854042	1.5759568415693617	138.0	12	1.05	0.95				
	103	1	63.85947549473684	13.126669962807016	0.0	0.0	1	1.0267653084477852	2.587613534851184	138.0	11	1.05	0.95				
	104	1	26.253339925614032	5.3216229578947365	0.0	0.0	1	1.0206553527151223	-0.8848828974787816	138.0	11	1.05	0.95				
	105	1	25.189015334035087	4.966848094035088	0.0	0.0	1	1.0362480557003433	-0.8026501316995093	138.0	11	1.05	0.95				
	106	1	48.249381484912284	9.933696188070176	0.0	-100.0	1	1.0471053652364086	-2.856328492087572	138.0	12	1.05	0.95				
	107	2	44.346857982456136	8.869371596491229	0.0	0.0	1	1.0002854633449305	-10.2160357437044	138.0	12	1.05	0.95				
	108	1	60.66650172	12.417120235087719	0.0	0.0	1	1.0048722578558327	-7.81728777335205	138.0	12	1.05	0.95				
	109	1	62.0856011754386	12.771895098947367	0.0	0.0	1	1.0225617462758776	-1.447041762296974	138.0	13	1.05	0.95				
	110	1	69.18109845263157	14.190994554385966	0.0	0.0	1	1.05	-2.5508668277393256	138.0	13	1.05	0.95				
	111	1	0.0	0.0	0.0	0.0	1	1.0006343343488309	0.5882146359398502	230.0	13	1.05	0.95				
	112	1	0.0	0.0	0.0	0.0	1	1.0058390239793926	-0.45256380491496545	230.0	13	1.05	0.95				
	113	3	94.01533892280702	19.157842648421052	0.0	0.0	1	0.9933636231478493	-2.397383285015705e-30	230.0	14	1.05	0.95				
	114	2	68.82632358877193	13.836219690526317	0.0	0.0	1	0.9970831448488543	3.8432622550323763	230.0	16	1.05	0.95				
	115	2	112.46363184350876	22.705591287017548	0.0	0.0	1	1.0279986696845436	12.2043585535311	230.0	16	1.05	0.95				
	116	2	35.477486385964916	7.095497277192983	0.0	0.0	1	1.0228460130375372	10.488208297929601	230.0	16	1.05	0.95				
	117	1	0.0	0.0	0.0	0.0	1	1.0293777624429838	15.741803408997582	230.0	17	1.05	0.95				
	118	2	118.14002966526316	24.124690742456142	0.0	0.0	1	1.03679109464137	16.406262583591026	230.0	17	1.05	0.95				
	119	1	64.21425035859649	13.126669962807016	0.0	0.0	1	1.0119786623947267	6.516531801270023	230.0	15	1.05	0.95				
	120	1	45.411182574035095	9.224146460350878	0.0	0.0	1	1.0081936331977595	3.7328856301254874	230.0	15	1.05	0.95				
	121	2	0.0	0.0	0.0	0.0	1	1.0385515798881708	17.887199514440436	230.0	17	1.05	0.95				
	122	2	0.0	0.0	0.0	0.0	1	1.05	31.76683230516087	230.0	17	1.05	0.95				
	123	2	0.0	0.0	0.0	0.0	1	1.0069568314071697	2.4787159737942934	230.0	15	1.05	0.95				
	124	1	0.0	0.0	0.0	0.0	1	1.0156460296619945	8.569762494111067	230.0	16	1.05	0.95				
	201	2	38.606642526315795	7.864316070175439	0.0	0.0	2	1.0103324490644285	-17.05161210870223	138.0	21	1.05	0.95				
	202	2	34.67448449122807	7.149378245614035	0.0	0.0	2	1.009479347651417	-17.36132697852448	138.0	22	1.05	0.95				
	203	1	64.34440421052632	13.226349754385966	0.0	0.0	2	1.0137641615888415	-12.509028738491399	138.0	21	1.05	0.95				
	204	1	26.452699508771932	5.362033684210527	0.0	0.0	2	1.0109844478893808	-17.22563682185304	138.0	21	1.05	0.95				
	205	1	25.380292771929824	5.004564771929825	0.0	0.0	2	1.0259155680419112	-17.70144335874306	138.0	21	1.05	0.95				
	206	1	48.615772070175446	10.00912954385965	0.0	-100.0	2	1.042814407367359	-18.536906227311178	138.0	22	1.05	0.95				
	207	2	44.68361403508772	8.936722807017544	0.0	0.0	2	0.9931750759720697	-22.702657124021012	138.0	22	1.05	0.95				
	208	1	61.127184	12.511411929824561	0.0	0.0	2	1.001564322419261	-21.144790055195667	138.0	22	1.05	0.95				
	209	1	62.55705964912281	12.868880842105263	0.0	0.0	2	1.0219397729716064	-15.622847919584393	138.0	23	1.05	0.95				
	210	1	69.70643789473684	14.29875649122807	0.0	0.0	2	1.05	-17.194283865020967	138.0	23	1.05	0.95				
	211	1	0.0	0.0	0.0	0.0	2	1.003572981035626	-13.073068829691053	230.0	23	1.05	0.95				
	212	1	0.0	0.0	0.0	0.0	2	1.0107296796743006	-12.969591715495644	230.0	23	1.05	0.95				
	213	2	94.72926175438596	19.303321263157898	0.0	0.0	2	1.0005178939114667	-12.429710275576841	230.0	24	1.05	0.95				
	214	2	69.34896898245614	13.941287578947371	0.0	0.0	2	1.0013779190798477	-10.165445425983897	230.0	26	1.05	0.95				
	215	2	113.31764519298247	22.878010385964913	0.0	0.0	2	1.017666139644684	-3.04903856960079	230.0	26	1.05	0.95				
	216	2	35.746891228070176	7.149378245614035	0.0	0.0	2	1.019702613726015	-3.9170836559275397	230.0	26	1.05	0.95				
	217	1	0.0	0.0	0.0	0.0	2	1.021892177888866	-1.6292412754392167	230.0	27	1.05	0.95				
	218	2	119.03714778947369	24.307886035087723	0.0	0.0	2	1.0216618752393514	-2.0360936476474563	230.0	27	1.05	0.95				
	219	1	64.70187312280702	13.226349754385966	0.0	0.0	2	1.0252453611174102	-5.428274760727635	230.0	25	1.05	0.95				
	220	1	45.756020771929826	9.294191719298246	0.0	0.0	2	1.0325046290222293	-6.025697325513642	230.0	25	1.05	0.95				
	221	2	0.0	0.0	0.0	0.0	2	1.0238949861661706	-1.567346821630075	230.0	27	1.05	0.95				
	222	2	0.0	0.0	0.0	0.0	2	1.045564804380484	4.954571021349107	230.0	27	1.05	0.95				
	223	2	0.0	0.0	0.0	0.0	2	1.0366579825821673	-6.080595505992604	230.0	25	1.05	0.95				
	224	1	0.0	0.0	0.0	0.0	2	1.0046141029364832	-6.614450722006483	230.0	26	1.05	0.95				
	301	2	42.878835814736846	8.734577665964913	0.0	0.0	3	1.0261533462322858	6.510914504135467	138.0	31	1.05	0.95				
	302	2	38.511546981754385	7.9405251508771935	0.0	0.0	3	1.0239799489059305	6.159808719159776	138.0	32	1.05	0.95				
	303	1	71.46472635789475	14.689971529122808	0.0	0.0	3	1.05	20.489781152120656	138.0	31	1.05	0.95				
	304	1	29.379943058245615	5.955393863157895	0.0	0.0	3	1.0137392606871753	6.9488928620714026	138.0	31	1.05	0.95				
	305	1	28.188864285614034	5.558367605614036	0.0	0.0	3	1.03199786109955	5.228340643883933	138.0	31	1.05	0.95				
	306	1	53.995571025964914	11.116735211228072	0.0	-100.0	3	1.0428826510503197	4.006757586209	138.0	32	1.05	0.95				
	307	2	49.62828219298246	9.925656438596492	0.0	0.0	3	0.95	0.38422259813482623	138.0	32	1.05	0.95				
	308	1	67.89149004000001	13.895919014035089	0.0	0.0	3	0.9730644528563159	2.039963583861382	138.0	32	1.05	0.95				
	309	1	69.47959507017545	14.292945271578947	0.0	0.0	3	1.0169219478663452	9.256679376214942	138.0	33	1.05	0.95				
	310	1	77.42012022105264	15.881050301754387	0.0	0.0	3	1.047150142751294	5.20355767181006	138.0	33	1.05	0.95				
	311	1	0.0	0.0	0.0	0.0	3	1.0042784805832041	8.647496703643784	230.0	33	1.05	0.95				
	312	1	0.0	0.0	0.0	0.0	3	1.0097272183081458	9.3525713890804	230.0	33	1.05	0.95				
	313	2	105.21195824912282	21.439417907368423	0.0	0.0	3	1.0070085517319982	11.258274777759771	230.0	34	1.05	0.95				
	314	2	77.02309396350877	15.484024044210528	0.0	0.0	3	0.9973555828526421	7.8752704977495345	230.0	36	1.05	0.95				
	315	2	125.85732364140353	25.40968048280702	0.0	0.0	3	1.0451610594442906	9.473735087531812	230.0	36	1.05	0.95				
	316	2	39.70262575438597	7.9405251508771935	0.0	0.0	3	1.0263058548988244	9.18416482822942	230.0	36	1.05	0.95				
	317	1	0.0	0.0	0.0	0.0	3	1.046937376638166	11.119358183261328	230.0	37	1.05	0.95				
	318	2	132.2097437621053	26.997785512982457	0.0	0.0	3	1.05	8.924872644997157	230.0	37	1.05	0.95				
	319	1	71.8617526154386	14.689971529122808	0.0	0.0	3	1.0192455313670554	9.132745402550722	230.0	35	1.05	0.95				
	320	1	50.81936096561404	10.322682696140353	0.0	0.0	3	1.0156543395652062	9.876365438946337	230.0	35	1.05	0.95				
	321	2	0.0	0.0	0.0	0.0	3	1.05	9.708979680639091	230.0	37	1.05	0.95				
	322	2	0.0	0.0	0.0	0.0	3	1.05	14.6058948355229	230.0	37	1.05	0.95				
	323	2	0.0	0.0	0.0	0.0	3	1.0143138906869504	10.60253981555833	230.0	35	1.05	0.95				
	324	1	0.0	0.0	0.0	0.0	3	1.043547866084972	13.686717779730186	230.0	36	1.05	0.95				
	325	1	0.0	0.0	0.0	0.0	3	1.015304720804199	11.234058933587082	230.0	35	1.05	0.95				
];
