%% MATPOWER Case Format : Version 2
function mpc = RTS_GMLC
mpc.version = '2';

%%-----  Power Flow Data  -----%%
%% system MVA base
mpc.baseMVA = 100.0;
%% bus data
%    bus_i    type    Pd    Qd    Gs    Bs    area    Vm    Va    baseKV    zone    Vmax    Vmin
mpc.bus = [
	101	2	42.81791191578947	8.722167242105265	0.0	0.0	1	1.0168482956188412	-1.6816111167293137	138.0	11	1.05	0.95				
	102	2	38.45682829473684	7.929242947368421	0.0	0.0	1	1.0159175808579963	-1.9300164354701208	138.0	12	1.05	0.95				
	103	1	71.36318652631579	14.66909945263158	0.0	0.0	1	1.034067420498914	1.8435656701736678	138.0	11	1.05	0.95				
	104	1	29.33819890526316	5.946932210526316	0.0	0.0	1	1.0184035414601609	-2.53812689447653	138.0	11	1.05	0.95				
	105	1	28.148812463157896	5.550470063157896	0.0	0.0	1	1.0284447882769538	-3.663150291470207	138.0	11	1.05	0.95				
	106	1	53.91885204210527	11.100940126315791	0.0	-100.0	1	1.0428464699732491	-5.227603596780982	138.0	12	1.05	0.95				
	107	2	49.557768421052636	9.911553684210526	0.0	0.0	1	1.0002794167663385	-11.163292921349324	138.0	12	1.05	0.95				
	108	1	67.7950272	13.876175157894735	0.0	0.0	1	1.0045804798332867	-9.124729727730722	138.0	12	1.05	0.95				
	109	1	69.38087578947368	14.272637305263158	0.0	0.0	1	1.0255944916107635	-2.5732885386074518	138.0	13	1.05	0.95				
	110	1	77.3101187368421	15.858485894736843	0.0	0.0	1	1.05	-4.375442467662471	138.0	13	1.05	0.95				
	111	1	0.0	0.0	0.0	0.0	1	1.00621502613657	-0.34696394629152866	230.0	13	1.05	0.95				
	112	1	0.0	0.0	0.0	0.0	1	1.0102467093039842	-1.1833697900187563	230.0	13	1.05	0.95				
	113	3	105.06246905263157	21.408955957894737	0.0	0.0	1	0.999499086329607	4.623045023565065e-31	230.0	14	1.05	0.95				
	114	2	76.91365658947367	15.462023747368422	0.0	0.0	1	1.0075386720769663	2.594801919949938	230.0	16	1.05	0.95				
	115	2	125.67850071578948	25.373577431578948	0.0	0.0	1	1.043462739798055	10.54759695280727	230.0	16	1.05	0.95				
	116	2	39.646214736842104	7.929242947368421	0.0	0.0	1	1.0376440031984622	9.004700341073875	230.0	16	1.05	0.95				
	117	1	0.0	0.0	0.0	0.0	1	1.0435850701945173	13.65749070455282	230.0	17	1.05	0.95				
	118	2	132.02189507368422	26.959426021052636	0.0	0.0	1	1.0493967363326653	14.648991443058822	230.0	17	1.05	0.95				
	119	1	71.75964867368421	14.66909945263158	0.0	0.0	1	1.026880963285357	5.74641167069376	230.0	15	1.05	0.95				
	120	1	50.747154863157895	10.308015831578949	0.0	0.0	1	1.0215284438822045	3.1029127014779596	230.0	15	1.05	0.95				
	121	2	0.0	0.0	0.0	0.0	1	1.05	15.991321888878069	230.0	17	1.05	0.95				
	122	2	0.0	0.0	0.0	0.0	1	1.05	24.95928372609542	230.0	17	1.05	0.95				
	123	2	0.0	0.0	0.0	0.0	1	1.0195035425013868	1.9480422528306656	230.0	15	1.05	0.95				
	124	1	0.0	0.0	0.0	0.0	1	1.0289218184782734	7.286351939260515	230.0	16	1.05	0.95				
	201	2	41.95561153263158	8.546513460350878	0.0	0.0	2	1.0150872574399374	-16.028431999389557	138.0	21	1.05	0.95				
	202	2	37.68235480245614	7.769557691228071	0.0	0.0	2	1.01417642372857	-16.312748863953207	138.0	22	1.05	0.95				
	203	1	69.92601922105264	14.373681728771931	0.0	0.0	2	1.015748440569024	-12.043122347205983	138.0	21	1.05	0.95				
	204	1	28.747363457543862	5.827168268421053	0.0	0.0	2	1.012831712379004	-15.94358034358695	138.0	21	1.05	0.95				
	205	1	27.58192980385965	5.43869038385965	0.0	0.0	2	1.027895760054124	-16.381076831179186	138.0	21	1.05	0.95				
	206	1	52.83299230035089	10.8773807677193	0.0	-100.0	2	1.043121163280687	-17.07575411559999	138.0	22	1.05	0.95				
	207	2	48.55973557017544	9.711947114035087	0.0	0.0	2	0.9969928346279058	-21.691535634932855	138.0	22	1.05	0.95				
	208	1	66.42971826	13.596725959649122	0.0	0.0	2	1.0027185968615957	-19.955703544060647	138.0	22	1.05	0.95				
	209	1	67.98362979824562	13.985203844210526	0.0	0.0	2	1.02269902745861	-14.029251732441583	138.0	23	1.05	0.95				
	210	1	75.75318748947369	15.539115382456142	0.0	0.0	2	1.05	-15.48350052190961	138.0	23	1.05	0.95				
	211	1	0.0	0.0	0.0	0.0	2	1.0034110912262884	-11.705330832087782	230.0	23	1.05	0.95				
	212	1	0.0	0.0	0.0	0.0	2	1.007982936617023	-9.687773575367572	230.0	23	1.05	0.95				
	213	2	102.94663940877193	20.97780576631579	0.0	0.0	2	0.9957576789625847	-10.551973078988585	230.0	24	1.05	0.95				
	214	2	75.36470960491228	15.15063749789474	0.0	0.0	2	1.0035330759035554	-9.526279666110305	230.0	26	1.05	0.95				
	215	2	123.14748940596492	24.862584611929826	0.0	0.0	2	1.0221875176131652	-2.668575569046687	230.0	26	1.05	0.95				
	216	2	38.84778845614035	7.769557691228071	0.0	0.0	2	1.0206718665785048	-4.076789321191516	230.0	26	1.05	0.95				
	217	1	0.0	0.0	0.0	0.0	2	1.0264369677062837	-1.7582131346020828	230.0	27	1.05	0.95				
	218	2	129.3631355589474	26.416496150175444	0.0	0.0	2	1.0265791630679306	-2.094809546375441	230.0	27	1.05	0.95				
	219	1	70.31449710561404	14.373681728771931	0.0	0.0	2	1.0168143896742239	-5.428006354135951	230.0	25	1.05	0.95				
	220	1	49.72516922385965	10.100424998596493	0.0	0.0	2	1.0162160822542372	-5.832879426013635	230.0	25	1.05	0.95				
	221	2	0.0	0.0	0.0	0.0	2	1.0286036707059527	-1.491340078047428	230.0	27	1.05	0.95				
	222	2	0.0	0.0	0.0	0.0	2	1.0499998510721285	4.894029520603422	230.0	27	1.05	0.95				
	223	2	0.0	0.0	0.0	0.0	2	1.0162426732001737	-5.74965038428436	230.0	25	1.05	0.95				
	224	1	0.0	0.0	0.0	0.0	2	1.008231710809742	-6.192508469129236	230.0	26	1.05	0.95				
	301	2	64.21575452210526	13.080987032280703	0.0	0.0	3	0.9915834271345092	2.372879086474793	138.0	31	1.05	0.95				
	302	2	57.675261005964906	11.891806392982456	0.0	0.0	3	0.9915320686587471	2.347867921411248	138.0	32	1.05	0.95				
	303	1	107.0262575368421	21.999841827017544	0.0	0.0	3	1.0144403975303142	4.828101995281909	138.0	31	1.05	0.95				
	304	1	43.99968365403509	8.918854794736841	0.0	0.0	3	0.9995453294463964	4.3779171637411425	138.0	31	1.05	0.95				
	305	1	42.21591269508772	8.32426447508772	0.0	0.0	3	1.0114188548286454	4.454114835299995	138.0	31	1.05	0.95				
	306	1	80.8642834722807	16.64852895017544	0.0	-100.0	3	1.030958528925459	4.93868003746601	138.0	32	1.05	0.95				
	307	2	74.32378995614035	14.86475799122807	0.0	0.0	3	0.9904613037992339	1.6146285352646552	138.0	32	1.05	0.95				
	308	1	101.67494466	20.810661187719294	0.0	0.0	3	1.0018695504027786	4.258303597043118	138.0	32	1.05	0.95				
	309	1	104.0533059385965	21.40525150736842	0.0	0.0	3	1.0271483300814621	8.451747153013349	138.0	33	1.05	0.95				
	310	1	115.94511233157894	23.783612785964912	0.0	0.0	3	1.05	8.420977827047583	138.0	33	1.05	0.95				
	311	1	0.0	0.0	0.0	0.0	3	1.0170403393439769	14.212762902373797	230.0	33	1.05	0.95				
	312	1	0.0	0.0	0.0	0.0	3	1.0222192385729003	15.878108297763232	230.0	33	1.05	0.95				
	313	2	157.56643470701755	32.10787726105263	0.0	0.0	3	1.0398058388791747	22.406324343020326	230.0	34	1.05	0.95				
	314	2	115.35052201192981	23.18902246631579	0.0	0.0	3	1.0196141132162941	12.679578438290017	230.0	36	1.05	0.95				
	315	2	188.48513132877193	38.053780457543866	0.0	0.0	3	1.0365335838030814	6.474609135937318	230.0	36	1.05	0.95				
	316	2	59.45903196491228	11.891806392982456	0.0	0.0	3	1.0386933066254154	8.060195349943847	230.0	36	1.05	0.95				
	317	1	0.0	0.0	0.0	0.0	3	1.0414897421595442	6.628377145849169	230.0	37	1.05	0.95				
	318	2	197.9985764431579	40.43214173614035	0.0	0.0	3	1.0390356794392366	4.912695267029935	230.0	37	1.05	0.95				
	319	1	107.62084785649122	21.999841827017544	0.0	0.0	3	1.0375547054220333	11.759843364642967	230.0	35	1.05	0.95				
	320	1	76.10756091508773	15.459348310877195	0.0	0.0	3	1.0401084070787268	14.438580583096742	230.0	35	1.05	0.95				
	321	2	0.0	0.0	0.0	0.0	3	1.0397854474065475	6.020451607080005	230.0	37	1.05	0.95				
	322	2	0.0	0.0	0.0	0.0	3	1.0499999964173359	10.577643896419335	230.0	37	1.05	0.95				
	323	2	0.0	0.0	0.0	0.0	3	1.0415113086816552	15.40743553342338	230.0	35	1.05	0.95				
	324	1	0.0	0.0	0.0	0.0	3	1.0258888733151603	7.900797898239809	230.0	36	1.05	0.95				
	325	1	0.0	0.0	0.0	0.0	3	1.0429901665368346	15.460656528477678	230.0	35	1.05	0.95				
];
