%% MATPOWER Case Format : Version 2
function mpc = RTS_GMLC
mpc.version = '2';

%%-----  Power Flow Data  -----%%
%% system MVA base
mpc.baseMVA = 100.0;
%% bus data
%    bus_i    type    Pd    Qd    Gs    Bs    area    Vm    Va    baseKV    zone    Vmax    Vmin
mpc.bus = [
	101	2	39.89213261052632	8.12617516140351	0.0	0.0	1	1.0328223477837508	3.4169197597323113	138.0	11	1.05	0.95				
	102	2	35.82904502982456	7.387431964912282	0.0	0.0	1	1.0318979526427656	3.148113667250249	138.0	12	1.05	0.95				
	103	1	66.48688768421053	13.66674913508772	0.0	0.0	1	1.0312876312561852	2.0509535609937792	138.0	11	1.05	0.95				
	104	1	27.33349827017544	5.540573973684211	0.0	0.0	1	1.021807879654038	0.02550075095828764	138.0	11	1.05	0.95				
	105	1	26.225383475438598	5.171202375438598	0.0	0.0	1	1.0362187953663144	0.2306667891628346	138.0	11	1.05	0.95				
	106	1	50.23453736140352	10.342404750877195	0.0	-100.0	1	1.046734918405367	-1.9808545336999808	138.0	12	1.05	0.95				
	107	2	46.17144978070176	9.234289956140351	0.0	0.0	1	1.0000599515324158	-7.9316668646009605	138.0	12	1.05	0.95				
	108	1	63.16254330000001	12.92800593859649	0.0	0.0	1	1.0057062160219927	-6.317784250255704	138.0	12	1.05	0.95				
	109	1	64.64002969298247	13.297377536842106	0.0	0.0	1	1.024550245870461	-1.0269263204999035	138.0	13	1.05	0.95				
	110	1	72.02746165789475	14.774863929824564	0.0	0.0	1	1.05	-1.8322823973455657	138.0	13	1.05	0.95				
	111	1	0.0	0.0	0.0	0.0	1	1.0023495159433038	0.5039584972228136	230.0	13	1.05	0.95				
	112	1	0.0	0.0	0.0	0.0	1	1.0072750113321671	0.29260535070085886	230.0	13	1.05	0.95				
	113	3	97.88347353508772	19.94606630526316	0.0	0.0	1	0.9918235242072992	1.961049386714971e-30	230.0	14	1.05	0.95				
	114	2	71.65809005964913	14.405492331578948	0.0	0.0	1	1.0001465462251211	3.008823026985608	230.0	16	1.05	0.95				
	115	2	117.09079664385966	23.6397822877193	0.0	0.0	1	1.0394426522661722	9.535000666143517	230.0	16	1.05	0.95				
	116	2	36.937159824561405	7.387431964912282	0.0	0.0	1	1.0352529186079142	8.603415065197112	230.0	16	1.05	0.95				
	117	1	0.0	0.0	0.0	0.0	1	1.041261501706618	12.466598862506489	230.0	17	1.05	0.95				
	118	2	123.00074221578947	25.11726868070176	0.0	0.0	1	1.0473299100119837	12.663989503858895	230.0	17	1.05	0.95				
	119	1	66.85625928245614	13.66674913508772	0.0	0.0	1	1.0259615783214653	6.507591156293012	230.0	15	1.05	0.95				
	120	1	47.2795645754386	9.603661554385965	0.0	0.0	1	1.0209481586423466	5.387179680533787	230.0	15	1.05	0.95				
	121	2	0.0	0.0	0.0	0.0	1	1.05	13.716719102542758	230.0	17	1.05	0.95				
	122	2	0.0	0.0	0.0	0.0	1	1.05	26.60276342267949	230.0	17	1.05	0.95				
	123	2	0.0	0.0	0.0	0.0	1	1.0184690570037407	5.057007565154516	230.0	15	1.05	0.95				
	124	1	0.0	0.0	0.0	0.0	1	1.0267069257197114	6.729812489986271	230.0	16	1.05	0.95				
	201	2	44.21659058526316	9.007083267368422	0.0	0.0	2	1.0206749016143652	-9.956612042702867	138.0	21	1.05	0.95				
	202	2	39.71304895157895	8.188257515789475	0.0	0.0	2	1.0209593010089104	-9.94265149435123	138.0	22	1.05	0.95				
	203	1	73.69431764210526	15.14827640421053	0.0	0.0	2	1.0157458482493675	-8.102972404716725	138.0	21	1.05	0.95				
	204	1	30.29655280842106	6.141193136842105	0.0	0.0	2	1.0157000293114646	-10.870088066298331	138.0	21	1.05	0.95				
	205	1	29.068314181052635	5.7317802610526325	0.0	0.0	2	1.0304401319907168	-11.18964726365637	138.0	21	1.05	0.95				
	206	1	55.680151107368424	11.463560522105265	0.0	-100.0	2	1.0439673120581245	-12.301608995057697	138.0	22	1.05	0.95				
	207	2	51.17660947368421	10.235321894736844	0.0	0.0	2	0.9935825189595341	-17.84724327900559	138.0	22	1.05	0.95				
	208	1	70.00960176000001	14.329450652631579	0.0	0.0	2	0.9999184373229427	-16.01022607167117	138.0	22	1.05	0.95				
	209	1	71.6472532631579	14.738863528421053	0.0	0.0	2	1.02270945067292	-9.934100743777124	138.0	23	1.05	0.95				
	210	1	79.83551077894737	16.37651503157895	0.0	0.0	2	1.05	-11.117376663201503	138.0	23	1.05	0.95				
	211	1	0.0	0.0	0.0	0.0	2	1.0047893000128023	-7.2593690985754415	230.0	23	1.05	0.95				
	212	1	0.0	0.0	0.0	0.0	2	1.0079901971195089	-6.383369823615324	230.0	23	1.05	0.95				
	213	2	108.49441208421054	22.10829529263158	0.0	0.0	2	1.0003534969392431	-5.921138300287835	230.0	24	1.05	0.95				
	214	2	79.4260979031579	15.967102155789476	0.0	0.0	2	1.0041128472359422	-5.0416695497808846	230.0	26	1.05	0.95				
	215	2	129.78388162526318	26.202424050526318	0.0	0.0	2	1.0200794188086277	0.5988567036715404	230.0	26	1.05	0.95				
	216	2	40.941287578947374	8.188257515789475	0.0	0.0	2	1.0220194517355676	0.5824566487956628	230.0	26	1.05	0.95				
	217	1	0.0	0.0	0.0	0.0	2	1.0265404083052385	2.1755291136694654	230.0	27	1.05	0.95				
	218	2	136.33448763789474	27.840075553684212	0.0	0.0	2	1.0257167312450035	1.6350264994244768	230.0	27	1.05	0.95				
	219	1	74.10373051789475	15.14827640421053	0.0	0.0	2	1.0236040497427823	0.6678771565586799	230.0	25	1.05	0.95				
	220	1	52.404848101052636	10.644734770526316	0.0	0.0	2	1.0276639949405655	1.5441042386012604	230.0	25	1.05	0.95				
	221	2	0.0	0.0	0.0	0.0	2	1.0274623325471284	2.0967356307792073	230.0	27	1.05	0.95				
	222	2	0.0	0.0	0.0	0.0	2	1.0495004267849828	8.623974265479834	230.0	27	1.05	0.95				
	223	2	0.0	0.0	0.0	0.0	2	1.0306068995909012	2.3362655596905855	230.0	25	1.05	0.95				
	224	1	0.0	0.0	0.0	0.0	2	1.0076855535925995	-2.6785511770924413	230.0	26	1.05	0.95				
	301	2	56.391648214736854	11.487187599298247	0.0	0.0	3	1.0105370836066456	-16.922614810883612	138.0	31	1.05	0.95				
	302	2	50.64805441508773	10.442897817543862	0.0	0.0	3	1.009675936948448	-17.11801653851247	138.0	32	1.05	0.95				
	303	1	93.98608035789475	19.319360962456145	0.0	0.0	3	1.0350051830392295	-7.969312427799952	138.0	31	1.05	0.95				
	304	1	38.63872192491229	7.832173363157896	0.0	0.0	3	1.0101318674499717	-15.390291796417781	138.0	31	1.05	0.95				
	305	1	37.0722872522807	7.310028472280703	0.0	0.0	3	1.0234947616853611	-16.717614207884374	138.0	31	1.05	0.95				
	306	1	71.01170515929826	14.620056944561407	0.0	-100.0	3	1.0381337501080534	-17.197529609772207	138.0	32	1.05	0.95				
	307	2	65.26811135964914	13.053622271929827	0.0	0.0	3	0.9925536769231879	-22.88895607992395	138.0	32	1.05	0.95				
	308	1	89.28677634000002	18.275071180701758	0.0	0.0	3	0.9955186553647412	-20.451951950492756	138.0	32	1.05	0.95				
	309	1	91.37535590350878	18.79721607157895	0.0	0.0	3	1.0279713762050922	-11.85095452366011	138.0	33	1.05	0.95				
	310	1	101.81825372105264	20.885795635087725	0.0	0.0	3	1.05	-14.834764968756742	138.0	33	1.05	0.95				
	311	1	0.0	0.0	0.0	0.0	3	1.0141044064137748	-8.344171550968962	230.0	33	1.05	0.95				
	312	1	0.0	0.0	0.0	0.0	3	1.0149204502709424	-7.947820490286586	230.0	33	1.05	0.95				
	313	2	138.36839608245617	28.195824107368427	0.0	0.0	3	1.016400471357857	-5.101350975768736	230.0	34	1.05	0.95				
	314	2	101.29610883017546	20.363650744210528	0.0	0.0	3	1.0211363834514822	-6.1443657243096	230.0	36	1.05	0.95				
	315	2	165.5199304080702	33.417273016140356	0.0	0.0	3	1.0424551561531714	-0.3566208169746227	230.0	36	1.05	0.95				
	316	2	52.21448908771931	10.442897817543862	0.0	0.0	3	1.0425807505268851	0.0916776188851203	230.0	36	1.05	0.95				
	317	1	0.0	0.0	0.0	0.0	3	1.05	4.978714848453003	230.0	37	1.05	0.95				
	318	2	173.8742486621053	35.50585257964913	0.0	0.0	3	1.0448889261453165	3.045509222201834	230.0	37	1.05	0.95				
	319	1	94.50822524877195	19.319360962456145	0.0	0.0	3	1.0371228361071791	-1.2931741529483336	230.0	35	1.05	0.95				
	320	1	66.83454603228071	13.57576716280702	0.0	0.0	3	1.036542990478885	-1.5076980740474133	230.0	35	1.05	0.95				
	321	2	0.0	0.0	0.0	0.0	3	1.0454645928882405	2.5203257525423233	230.0	37	1.05	0.95				
	322	2	0.0	0.0	0.0	0.0	3	1.05	7.827474777527185	230.0	37	1.05	0.95				
	323	2	0.0	0.0	0.0	0.0	3	1.0371526121731047	-1.2336048673622748	230.0	35	1.05	0.95				
	324	1	0.0	0.0	0.0	0.0	3	1.0298241554316048	-3.2126702322625427	230.0	36	1.05	0.95				
	325	1	0.0	0.0	0.0	0.0	3	1.0337894232479707	0.013665146010900773	230.0	35	1.05	0.95				
];
