%% MATPOWER Case Format : Version 2
function mpc = RTS_GMLC
mpc.version = '2';

%%-----  Power Flow Data  -----%%
%% system MVA base
mpc.baseMVA = 100.0;
%% bus data
%    bus_i    type    Pd    Qd    Gs    Bs    area    Vm    Va    baseKV    zone    Vmax    Vmin
mpc.bus = [
	101	2	41.21474517473685	8.395596239298246	0.0	0.0	1	1.0120591553495804	-4.458102977219415	138.0	11	1.05	0.95				
	102	2	37.01694705508772	7.63236021754386	0.0	0.0	1	1.0120269831337483	-4.667081858288271	138.0	12	1.05	0.95				
	103	1	68.69124195789475	14.119866402456141	0.0	0.0	1	1.0024217004259484	0.4786326677989513	138.0	11	1.05	0.95				
	104	1	28.239732804912283	5.724270163157895	0.0	0.0	1	1.003515315039091	-4.441062781269874	138.0	11	1.05	0.95				
	105	1	27.0948787722807	5.342652152280703	0.0	0.0	1	1.0178124766626464	-5.419167054231365	138.0	11	1.05	0.95				
	106	1	51.90004947929825	10.685304304561406	0.0	-100.0	1	1.0290914831482834	-6.427975670309228	138.0	12	1.05	0.95				
	107	2	47.702251359649125	9.540450271929824	0.0	0.0	1	0.9871883018353345	-10.59250115764809	138.0	12	1.05	0.95				
	108	1	65.25667986	13.356630380701754	0.0	0.0	1	0.9896853025314449	-9.12561008645166	138.0	12	1.05	0.95				
	109	1	66.78315190350878	13.738248391578948	0.0	0.0	1	1.0039167084588039	-3.311111767222002	138.0	13	1.05	0.95				
	110	1	74.41551212105263	15.26472043508772	0.0	0.0	1	1.0325282945185361	-5.132315306021944	138.0	13	1.05	0.95				
	111	1	0.0	0.0	0.0	0.0	1	0.9834610064344897	-0.5201787800022506	230.0	13	1.05	0.95				
	112	1	0.0	0.0	0.0	0.0	1	0.9841558476702614	-1.44131119286382	230.0	13	1.05	0.95				
	113	3	101.12877288245615	20.607372587368424	0.0	0.0	1	0.9642073872101002	7.426285207278927e-30	230.0	14	1.05	0.95				
	114	2	74.03389411017544	14.883102424210525	0.0	0.0	1	0.9940664409893608	2.862906047126904	230.0	16	1.05	0.95				
	115	2	120.97290944807017	24.42355269614035	0.0	0.0	1	0.9948768579403177	11.830917697923864	230.0	16	1.05	0.95				
	116	2	38.1618010877193	7.63236021754386	0.0	0.0	1	0.9931200613308219	10.271044281238467	230.0	16	1.05	0.95				
	117	1	0.0	0.0	0.0	0.0	1	0.9952868497115378	16.130176148635393	230.0	17	1.05	0.95				
	118	2	127.07879762210527	25.950024739649123	0.0	0.0	1	1.0049211703917516	16.5624141432106	230.0	17	1.05	0.95				
	119	1	69.07285996877194	14.119866402456141	0.0	0.0	1	0.9920173825366995	6.412901312215955	230.0	15	1.05	0.95				
	120	1	48.8471053922807	9.922068282807018	0.0	0.0	1	0.9964630760904551	3.6504618378822538	230.0	15	1.05	0.95				
	121	2	0.0	0.0	0.0	0.0	1	1.0054574318089358	17.809002995324654	230.0	17	1.05	0.95				
	122	2	0.0	0.0	0.0	0.0	1	1.0091762281132528	36.690150380866356	230.0	17	1.05	0.95				
	123	2	0.0	0.0	0.0	0.0	1	0.9998880576655371	2.450972536821372	230.0	15	1.05	0.95				
	124	1	0.0	0.0	0.0	0.0	1	0.9841153673104082	7.503291717387961	230.0	16	1.05	0.95				
	201	2	43.36659845052632	8.833936721403509	0.0	0.0	2	1.0112132825082203	-13.22048091046077	138.0	21	1.05	0.95				
	202	2	38.94963008982456	8.03085156491228	0.0	0.0	2	1.0100892117123437	-13.440198305892334	138.0	22	1.05	0.95				
	203	1	72.27766408421053	14.857075395087719	0.0	0.0	2	0.9972418541822607	-9.893635451947066	138.0	21	1.05	0.95				
	204	1	29.714150790175438	6.02313867368421	0.0	0.0	2	1.0007384163109772	-12.651081797480847	138.0	21	1.05	0.95				
	205	1	28.509523055438596	5.621596095438597	0.0	0.0	2	1.0171907176321477	-13.05115313103961	138.0	21	1.05	0.95				
	206	1	54.609790641403514	11.243192190877194	0.0	-100.0	2	1.0284959435498782	-13.468692611056133	138.0	22	1.05	0.95				
	207	2	50.192822280701755	10.03856445614035	0.0	0.0	2	0.9719202474142703	-18.3175164790814	138.0	22	1.05	0.95				
	208	1	68.66378087999999	14.053990238596489	0.0	0.0	2	0.9800341643775258	-16.46534379691521	138.0	22	1.05	0.95				
	209	1	70.26995119298245	14.455532816842103	0.0	0.0	2	1.0050638907935354	-10.285636220644973	138.0	23	1.05	0.95				
	210	1	78.30080275789473	16.06170312982456	0.0	0.0	2	1.0329546591188121	-11.552010005194191	138.0	23	1.05	0.95				
	211	1	0.0	0.0	0.0	0.0	2	0.9862977718571786	-7.743878581469335	230.0	23	1.05	0.95				
	212	1	0.0	0.0	0.0	0.0	2	0.9867353603995513	-4.341134915733733	230.0	23	1.05	0.95				
	213	2	106.40878323508771	21.68329922526316	0.0	0.0	2	0.9819846780022182	-5.628524060111428	230.0	24	1.05	0.95				
	214	2	77.89926017964912	15.660160551578947	0.0	0.0	2	0.9836865307112506	-6.276174195688112	230.0	26	1.05	0.95				
	215	2	127.28899730385963	25.698725007719297	0.0	0.0	2	0.991116500542594	-1.0790453556569521	230.0	26	1.05	0.95				
	216	2	40.1542578245614	8.03085156491228	0.0	0.0	2	0.9893364188040862	-1.5375529266541583	230.0	26	1.05	0.95				
	217	1	0.0	0.0	0.0	0.0	2	1.0000622464446975	-0.12335277862267599	230.0	27	1.05	0.95				
	218	2	133.71367855578947	27.304895320701757	0.0	0.0	2	1.0010500247275755	-0.6201506139384692	230.0	27	1.05	0.95				
	219	1	72.67920666245614	14.857075395087719	0.0	0.0	2	0.9825304837914565	-1.0330772394213075	230.0	25	1.05	0.95				
	220	1	51.397450015438594	10.440107034385965	0.0	0.0	2	0.9796223332112663	0.2665215101471562	230.0	25	1.05	0.95				
	221	2	0.0	0.0	0.0	0.0	2	1.0032281506198504	-0.0782224942496033	230.0	27	1.05	0.95				
	222	2	0.0	0.0	0.0	0.0	2	1.0214501413449733	5.634988370780309	230.0	27	1.05	0.95				
	223	2	0.0	0.0	0.0	0.0	2	0.979033318828209	1.3253044869566897	230.0	25	1.05	0.95				
	224	1	0.0	0.0	0.0	0.0	2	0.9828292903457257	-4.43639629651731	230.0	26	1.05	0.95				
	301	2	62.54160074526316	12.73995570736842	0.0	0.0	3	1.0031047420104056	22.292110986128908	138.0	31	1.05	0.95				
	302	2	56.17162289157894	11.581777915789473	0.0	0.0	3	1.0038825402088938	21.880401409962435	138.0	32	1.05	0.95				
	303	1	104.23600124210526	21.426289144210525	0.0	0.0	3	1.0173618770555362	39.178862224640994	138.0	31	1.05	0.95				
	304	1	42.85257828842105	8.686333436842105	0.0	0.0	3	0.9922946138242332	23.74186919766049	138.0	31	1.05	0.95				
	305	1	41.11531160105263	8.107244541052632	0.0	0.0	3	1.0108488662262967	21.295896694958866	138.0	31	1.05	0.95				
	306	1	78.75608982736843	16.214489082105263	0.0	-100.0	3	1.022012098081214	20.065720251515565	138.0	32	1.05	0.95				
	307	2	72.38611197368421	14.477222394736842	0.0	0.0	3	0.9635623927200154	15.572125242331014	138.0	32	1.05	0.95				
	308	1	99.02420117999999	20.268111352631575	0.0	0.0	3	0.9711511273581813	18.363217586379296	138.0	32	1.05	0.95				
	309	1	101.34055676315789	20.84720024842105	0.0	0.0	3	1.0032493851864093	27.74741030972318	138.0	33	1.05	0.95				
	310	1	112.92233467894737	23.163555831578947	0.0	0.0	3	1.0334380108653876	22.205649050582075	138.0	33	1.05	0.95				
	311	1	0.0	0.0	0.0	0.0	3	0.996423900648353	26.962655137638244	230.0	33	1.05	0.95				
	312	1	0.0	0.0	0.0	0.0	3	1.0028044570874828	27.00450005239889	230.0	33	1.05	0.95				
	313	2	153.4585573842105	31.27080037263158	0.0	0.0	3	1.0047005079894413	28.87265824857828	230.0	34	1.05	0.95				
	314	2	112.34324578315788	22.584466935789475	0.0	0.0	3	0.9914494762073907	27.342678657606477	230.0	36	1.05	0.95				
	315	2	183.57117996526313	37.06168933052631	0.0	0.0	3	0.9921042042660867	27.799528174905745	230.0	36	1.05	0.95				
	316	2	57.90888957894737	11.581777915789473	0.0	0.0	3	0.9863619292103928	27.784163645839424	230.0	36	1.05	0.95				
	317	1	0.0	0.0	0.0	0.0	3	0.9970337763568471	30.955967749016004	230.0	37	1.05	0.95				
	318	2	192.83660229789473	39.378044913684214	0.0	0.0	3	0.9886385724456617	26.971738259141617	230.0	37	1.05	0.95				
	319	1	104.81509013789474	21.426289144210525	0.0	0.0	3	0.994007909574248	26.819063088114017	230.0	35	1.05	0.95				
	320	1	74.12337866105263	15.056311290526313	0.0	0.0	3	1.003288709396736	26.061708220685162	230.0	35	1.05	0.95				
	321	2	0.0	0.0	0.0	0.0	3	0.997662167815225	27.80434227757971	230.0	37	1.05	0.95				
	322	2	0.0	0.0	0.0	0.0	3	1.0155751386693794	32.38884292986131	230.0	37	1.05	0.95				
	323	2	0.0	0.0	0.0	0.0	3	1.0087904242415258	25.719853072023163	230.0	35	1.05	0.95				
	324	1	0.0	0.0	0.0	0.0	3	1.0001032486187276	33.469150401471886	230.0	36	1.05	0.95				
