%% MATPOWER Case Format : Version 2
function mpc = RTS_GMLC
mpc.version = '2';

%%-----  Power Flow Data  -----%%
%% system MVA base
mpc.baseMVA = 100.0;
%% bus data
%    bus_i    type    Pd    Qd    Gs    Bs    area    Vm    Va    baseKV    zone    Vmax    Vmin
mpc.bus = [
	101	2	44.96882729684211	9.160316671578947	0.0	0.0	1	1.0352850390591115	1.9537246623753768	138.0	11	1.05	0.95				
	102	2	40.38866896105263	8.327560610526316	0.0	0.0	1	1.0333979221179324	1.4482213676896079	138.0	12	1.05	0.95				
	103	1	74.94804549473683	15.405987129473683	0.0	0.0	1	1.033761851991113	1.7417037412660734	138.0	11	1.05	0.95				
	104	1	30.811974258947366	6.245670457894736	0.0	0.0	1	1.0230688283902871	-1.103422455849335	138.0	11	1.05	0.95				
	105	1	29.56284016736842	5.829292427368422	0.0	0.0	1	1.0369125761154578	-1.1908049372330776	138.0	11	1.05	0.95				
	106	1	56.62741215157895	11.658584854736844	0.0	-100.0	1	1.0459271651580258	-3.4758837391415147	138.0	12	1.05	0.95				
	107	2	52.047253815789475	10.409450763157894	0.0	0.0	1	0.9999610369735757	-8.703245740471964	138.0	12	1.05	0.95				
	108	1	71.20064321999999	14.573231068421052	0.0	0.0	1	1.0044403013112475	-7.372671156313638	138.0	12	1.05	0.95				
	109	1	72.86615534210526	14.989609098947367	0.0	0.0	1	1.0247423216496556	-1.9348814037025703	138.0	13	1.05	0.95				
	110	1	81.19371595263158	16.65512122105263	0.0	0.0	1	1.05	-3.0727484514500403	138.0	13	1.05	0.95				
	111	1	0.0	0.0	0.0	0.0	1	1.0040592605890295	-0.13915318067747295	230.0	13	1.05	0.95				
	112	1	0.0	0.0	0.0	0.0	1	1.0072128750181633	-0.6865762217312357	230.0	13	1.05	0.95				
	113	3	110.34017808947367	22.484413648421054	0.0	0.0	1	0.9937048691091719	5.671312224389762e-30	230.0	14	1.05	0.95				
	114	2	80.77733792210526	16.238743190526318	0.0	0.0	1	1.0042948917783028	2.2287840873408387	230.0	16	1.05	0.95				
	115	2	131.9918356768421	26.648193953684213	0.0	0.0	1	1.040792695595165	9.222081205360142	230.0	16	1.05	0.95				
	116	2	41.637803052631575	8.327560610526316	0.0	0.0	1	1.0349379397941427	7.979175212285482	230.0	16	1.05	0.95				
	117	1	0.0	0.0	0.0	0.0	1	1.0412708178254757	12.354596866472193	230.0	17	1.05	0.95				
	118	2	138.65388416526315	28.313706075789476	0.0	0.0	1	1.0480303599738499	12.82462385208713	230.0	17	1.05	0.95				
	119	1	75.36442352526316	15.405987129473683	0.0	0.0	1	1.022614372766514	5.152923291923446	230.0	15	1.05	0.95				
	120	1	53.29638790736843	10.825828793684211	0.0	0.0	1	1.0158185056904532	3.1641603482026723	230.0	15	1.05	0.95				
	121	2	0.0	0.0	0.0	0.0	1	1.05	14.074129684913803	230.0	17	1.05	0.95				
	122	2	0.0	0.0	0.0	0.0	1	1.05	26.477999230022046	230.0	17	1.05	0.95				
	123	2	0.0	0.0	0.0	0.0	1	1.0128069261832144	2.389120623266707	230.0	15	1.05	0.95				
	124	1	0.0	0.0	0.0	0.0	1	1.028470504770918	6.414700079229976	230.0	16	1.05	0.95				
	201	2	42.431607132631584	8.643475527017545	0.0	0.0	2	1.0155509351748573	-9.809385983496579	138.0	21	1.05	0.95				
	202	2	38.109869369122805	7.857705024561404	0.0	0.0	2	1.0147558019462672	-10.041932380383846	138.0	22	1.05	0.95				
	203	1	70.71934522105263	14.536754295438595	0.0	0.0	2	1.0136673984249087	-7.484622949503429	138.0	21	1.05	0.95				
	204	1	29.07350859087719	5.893278768421053	0.0	0.0	2	1.0132717044315456	-9.501949228631299	138.0	21	1.05	0.95				
	205	1	27.89485283719298	5.5003935171929825	0.0	0.0	2	1.0280078512609505	-9.791073922293263	138.0	21	1.05	0.95				
	206	1	53.43239416701755	11.000787034385965	0.0	-100.0	2	1.0431565553454494	-10.278578382266758	138.0	22	1.05	0.95				
	207	2	49.11065640350877	9.822131280701754	0.0	0.0	2	0.9986621633344986	-14.99748706398075	138.0	22	1.05	0.95				
	208	1	67.18337796	13.750983792982455	0.0	0.0	2	1.0036525935965563	-13.234521110760026	138.0	22	1.05	0.95				
	209	1	68.75491896491228	14.143869044210525	0.0	0.0	2	1.0232879543821627	-7.432659637504972	138.0	23	1.05	0.95				
	210	1	76.61262398947369	15.715410049122807	0.0	0.0	2	1.05	-8.508128885491502	138.0	23	1.05	0.95				
	211	1	0.0	0.0	0.0	0.0	2	1.0020723488663785	-5.235892277859691	230.0	23	1.05	0.95				
	212	1	0.0	0.0	0.0	0.0	2	1.0083846809837786	-1.433509586045798	230.0	23	1.05	0.95				
	213	2	104.11459157543858	21.215803566315792	0.0	0.0	2	0.9958308393624433	-3.373062168276362	230.0	24	1.05	0.95				
	214	2	76.21973873824561	15.322524797894738	0.0	0.0	2	0.9983357767519595	-3.979184623500409	230.0	26	1.05	0.95				
	215	2	124.54462463929823	25.14465607859649	0.0	0.0	2	1.014145011631309	0.3239297132220322	230.0	26	1.05	0.95				
	216	2	39.288525122807016	7.857705024561404	0.0	0.0	2	1.0139389211040681	0.22635464457326532	230.0	26	1.05	0.95				
	217	1	0.0	0.0	0.0	0.0	2	1.019761899962965	1.4606284297800485	230.0	27	1.05	0.95				
	218	2	130.83078865894737	26.716197083508774	0.0	0.0	2	1.0190868082340385	1.0608013227014694	230.0	27	1.05	0.95				
	219	1	71.1122304722807	14.536754295438595	0.0	0.0	2	1.0119847603500625	-0.065604777769903	230.0	25	1.05	0.95				
	220	1	50.28931215719298	10.215016531929825	0.0	0.0	2	1.0128202831850086	0.4700259991185519	230.0	25	1.05	0.95				
	221	2	0.0	0.0	0.0	0.0	2	1.0210441471972858	1.6244248341117713	230.0	27	1.05	0.95				
	222	2	0.0	0.0	0.0	0.0	2	1.0430758164770502	8.138163195457716	230.0	27	1.05	0.95				
	223	2	0.0	0.0	0.0	0.0	2	1.01383665252302	1.0753902940320397	230.0	25	1.05	0.95				
	224	1	0.0	0.0	0.0	0.0	2	1.004201259036467	-2.628426687081253	230.0	26	1.05	0.95				
	301	2	61.00411263157894	12.426763684210526	0.0	0.0	3	1.00519953716994	-10.527739368037784	138.0	31	1.05	0.95				
	302	2	54.790730789473685	11.297057894736842	0.0	0.0	3	1.0048535101723926	-10.626835079709833	138.0	32	1.05	0.95				
	303	1	101.67352105263159	20.899557105263156	0.0	0.0	3	1.0179853352889474	-5.506969951212582	138.0	31	1.05	0.95				
	304	1	41.79911421052631	8.47279342105263	0.0	0.0	3	1.0053591093458512	-8.840538290486705	138.0	31	1.05	0.95				
	305	1	40.104555526315785	7.90794052631579	0.0	0.0	3	1.0194098674465346	-9.072748730480264	138.0	31	1.05	0.95				
	306	1	76.81999368421053	15.81588105263158	0.0	-100.0	3	1.035404559474795	-8.901055578974104	138.0	32	1.05	0.95				
	307	2	70.60661184210527	14.121322368421051	0.0	0.0	3	0.9955055453860443	-14.156898011519825	138.0	32	1.05	0.95				
	308	1	96.589845	19.76985131578947	0.0	0.0	3	0.999474935200034	-11.549314372468254	138.0	32	1.05	0.95				
	309	1	98.84925657894736	20.334704210526315	0.0	0.0	3	1.025138249659333	-5.067729405615327	138.0	33	1.05	0.95				
	310	1	110.14631447368419	22.594115789473683	0.0	0.0	3	1.05	-5.8082991579730425	138.0	33	1.05	0.95				
	311	1	0.0	0.0	0.0	0.0	3	1.0111816572296632	0.14407417837800654	230.0	33	1.05	0.95				
	312	1	0.0	0.0	0.0	0.0	3	1.0152653787676318	1.0970078437241133	230.0	33	1.05	0.95				
	313	2	149.68601710526315	30.50205631578947	0.0	0.0	3	1.02244428916998	5.412537731710264	230.0	34	1.05	0.95				
	314	2	109.58146157894737	22.029262894736842	0.0	0.0	3	1.0123055096442346	1.1238587462098804	230.0	36	1.05	0.95				
	315	2	179.05836763157893	36.15058526315789	0.0	0.0	3	1.0232422578467677	-0.7469960748340854	230.0	36	1.05	0.95				
	316	2	56.485289473684205	11.297057894736842	0.0	0.0	3	1.0235989181774534	0.21438808287274497	230.0	36	1.05	0.95				
	317	1	0.0	0.0	0.0	0.0	3	1.0265761845642236	0.5793918755973001	230.0	37	1.05	0.95				
	318	2	188.09601394736842	38.409996842105265	0.0	0.0	3	1.0235368052551421	-0.24875161118055247	230.0	37	1.05	0.95				
	319	1	102.23837394736842	20.899557105263156	0.0	0.0	3	1.0249014954368776	2.2469131016608155	230.0	35	1.05	0.95				
	320	1	72.30117052631579	14.686175263157894	0.0	0.0	3	1.0275100893840958	3.5271512547561605	230.0	35	1.05	0.95				
	321	2	0.0	0.0	0.0	0.0	3	1.0255805331481418	0.15018323695990562	230.0	37	1.05	0.95				
	322	2	0.0	0.0	0.0	0.0	3	1.0393280165483891	4.7152727555038885	230.0	37	1.05	0.95				
	323	2	0.0	0.0	0.0	0.0	3	1.0296402635390876	4.30935693286589	230.0	35	1.05	0.95				
	324	1	0.0	0.0	0.0	0.0	3	1.0169654528190142	-0.4149360370736129	230.0	36	1.05	0.95				
	325	1	0.0	0.0	0.0	0.0	3	1.029352281435964	5.1432840898110355	230.0	35	1.05	0.95				
];
