%% MATPOWER Case Format : Version 2
function mpc = RTS_GMLC
mpc.version = '2';

%%-----  Power Flow Data  -----%%
%% system MVA base
mpc.baseMVA = 100.0;
%% bus data
%    bus_i    type    Pd    Qd    Gs    Bs    area    Vm    Va    baseKV    zone    Vmax    Vmin
mpc.bus = [
	101	2	52.156358223157895	10.624443341754386	0.0	0.0	1	1.05	3.5824243507933993	138.0	11	1.05	0.95				
	102	2	46.8441365522807	9.658584856140351	0.0	0.0	1	1.049476819675507	3.257366394775084	138.0	12	1.05	0.95				
	103	1	86.92726370526316	17.86838198385965	0.0	0.0	1	1.0294173143515455	-0.30535968672772984	138.0	11	1.05	0.95				
	104	1	35.7367639677193	7.243938642105263	0.0	0.0	1	1.0295954473523588	-0.5355936358016207	138.0	11	1.05	0.95				
	105	1	34.287976239298246	6.761009399298246	0.0	0.0	1	1.042567420120799	-0.6242111809839277	138.0	11	1.05	0.95				
	106	1	65.67837702175439	13.522018798596491	0.0	-100.0	1	1.0469919795724136	-3.5163597799047817	138.0	12	1.05	0.95				
	107	2	60.36615535087719	12.073231070175439	0.0	0.0	1	1.0010457600606346	-8.77216576518361	138.0	12	1.05	0.95				
	108	1	82.58090052	16.902523498245614	0.0	0.0	1	1.0033333172364698	-7.885708812255968	138.0	12	1.05	0.95				
	109	1	84.51261749122807	17.38545274105263	0.0	0.0	1	1.024683542771707	-2.759978234116063	138.0	13	1.05	0.95				
	110	1	94.17120234736842	19.317169712280702	0.0	0.0	1	1.05	-3.4499920060406546	138.0	13	1.05	0.95				
	111	1	0.0	0.0	0.0	0.0	1	1.0044027175716195	-1.2877235686757873	230.0	13	1.05	0.95				
	112	1	0.0	0.0	0.0	0.0	1	1.0084834795927722	-1.075900727047349	230.0	13	1.05	0.95				
	113	3	127.97624934385965	26.078179111578947	0.0	0.0	1	0.9978118619472798	-3.6312278489952857e-29	230.0	14	1.05	0.95				
	114	2	93.6882731045614	18.834240469473684	0.0	0.0	1	0.9999628099752687	-0.47435351262135556	230.0	16	1.05	0.95				
	115	2	153.08856996982456	30.907471539649123	0.0	0.0	1	1.0318775687714334	4.345630428241654	230.0	16	1.05	0.95				
	116	2	48.292924280701754	9.658584856140351	0.0	0.0	1	1.0270620302283733	3.5884817562867672	230.0	16	1.05	0.95				
	117	1	0.0	0.0	0.0	0.0	1	1.0359265586606632	6.4540000630164585	230.0	17	1.05	0.95				
	118	2	160.81543785473684	32.83918851087719	0.0	0.0	1	1.0391642829068028	6.96879863726802	230.0	17	1.05	0.95				
	119	1	87.41019294807018	17.86838198385965	0.0	0.0	1	1.0182957318977852	2.184081347498636	230.0	15	1.05	0.95				
	120	1	61.814943079298246	12.556160312982456	0.0	0.0	1	1.01393599803786	1.615832573625302	230.0	15	1.05	0.95				
	121	2	0.0	0.0	0.0	0.0	1	1.042457953145725	8.280019153871882	230.0	17	1.05	0.95				
	122	2	0.0	0.0	0.0	0.0	1	1.05	14.06753659174232	230.0	17	1.05	0.95				
	123	2	0.0	0.0	0.0	0.0	1	1.0123388130942006	1.68266717118794	230.0	15	1.05	0.95				
	124	1	0.0	0.0	0.0	0.0	1	1.0239331920518218	2.5962710530656623	230.0	16	1.05	0.95				
	201	2	42.75460413473684	8.709271212631577	0.0	0.0	2	1.013746514113663	-7.203632687345405	138.0	21	1.05	0.95				
	202	2	38.39996852842105	7.917519284210527	0.0	0.0	2	1.0129056456261076	-7.418213252763855	138.0	22	1.05	0.95				
	203	1	71.25767355789473	14.647410675789471	0.0	0.0	2	1.0152872836168079	-5.498858194795591	138.0	21	1.05	0.95				
	204	1	29.294821351578943	5.938139463157894	0.0	0.0	2	1.012842620333666	-6.830967443233736	138.0	21	1.05	0.95				
	205	1	28.107193458947364	5.542263498947369	0.0	0.0	2	1.0270114726825634	-7.067765376428561	138.0	21	1.05	0.95				
	206	1	53.83913113263158	11.084526997894738	0.0	-100.0	2	1.0426167474314445	-7.490985448541429	138.0	22	1.05	0.95				
	207	2	49.48449552631578	9.896899105263158	0.0	0.0	2	0.9965905086095969	-12.241898249354039	138.0	22	1.05	0.95				
	208	1	67.69478988	13.855658747368418	0.0	0.0	2	1.0025371558639542	-10.473480396348569	138.0	22	1.05	0.95				
	209	1	69.2782937368421	14.251534711578945	0.0	0.0	2	1.0241735261804015	-4.713251856477497	138.0	23	1.05	0.95				
	210	1	77.19581302105263	15.835038568421053	0.0	0.0	2	1.05	-5.656765942588137	138.0	23	1.05	0.95				
	211	1	0.0	0.0	0.0	0.0	2	1.0026904063145126	-2.3473772100755492	230.0	23	1.05	0.95				
	212	1	0.0	0.0	0.0	0.0	2	1.0098482145035421	1.6725982445840208	230.0	23	1.05	0.95				
	213	2	104.90713051578946	21.37730206736842	0.0	0.0	2	0.9972194675656633	-0.20360911230782072	230.0	24	1.05	0.95				
	214	2	76.7999370568421	15.439162604210527	0.0	0.0	2	0.9988406092878427	-1.2358093195714661	230.0	26	1.05	0.95				
	215	2	125.49268065473682	25.336061709473682	0.0	0.0	2	1.0200040611376178	2.794303024033042	230.0	26	1.05	0.95				
	216	2	39.58759642105263	7.917519284210527	0.0	0.0	2	1.018935058139917	2.744276839858656	230.0	26	1.05	0.95				
	217	1	0.0	0.0	0.0	0.0	2	1.024055794464433	3.3574101119047484	230.0	27	1.05	0.95				
	218	2	131.82669608210526	26.91956556631579	0.0	0.0	2	1.023742385035996	3.098400849436456	230.0	27	1.05	0.95				
	219	1	71.65354952210527	14.647410675789471	0.0	0.0	2	1.0179366985685627	2.985386828494476	230.0	25	1.05	0.95				
	220	1	50.672123418947365	10.292775069473684	0.0	0.0	2	1.0196600216222338	3.9807708060439135	230.0	25	1.05	0.95				
	221	2	0.0	0.0	0.0	0.0	2	1.0259995747274682	3.7910182388590936	230.0	27	1.05	0.95				
	222	2	0.0	0.0	0.0	0.0	2	1.0476058446025467	10.141089339101455	230.0	27	1.05	0.95				
	223	2	0.0	0.0	0.0	0.0	2	1.0213252183935626	4.83577497154264	230.0	25	1.05	0.95				
	224	1	0.0	0.0	0.0	0.0	2	1.0079066674864994	-0.3273318855480244	230.0	26	1.05	0.95				
	301	2	67.52989561263159	13.756089847017543	0.0	0.0	3	1.0021606613680603	-10.45397991419607	138.0	31	1.05	0.95				
	302	2	60.65185068912281	12.505536224561405	0.0	0.0	3	1.001944297830079	-10.537361526552258	138.0	32	1.05	0.95				
	303	1	112.54982602105264	23.1352420154386	0.0	0.0	3	1.0150512282047581	-5.754966070117703	138.0	31	1.05	0.95				
	304	1	46.2704840308772	9.379152168421053	0.0	0.0	3	1.0028363856621536	-8.460202750787598	138.0	31	1.05	0.95				
	305	1	44.394653597192985	8.753875357192983	0.0	0.0	3	1.0165902237221212	-8.629308751135158	138.0	31	1.05	0.95				
	306	1	85.03764632701755	17.507750714385967	0.0	-100.0	3	1.0326894077039095	-8.30751580410656	138.0	32	1.05	0.95				
	307	2	78.15960140350877	15.631920280701756	0.0	0.0	3	0.9949030644582464	-13.666109104220602	138.0	32	1.05	0.95				
	308	1	106.92233472000001	21.884688392982458	0.0	0.0	3	0.9986935050567649	-10.764189692013371	138.0	32	1.05	0.95				
	309	1	109.4234419649123	22.509965204210527	0.0	0.0	3	1.0258727024174734	-4.209585109419614	138.0	33	1.05	0.95				
	310	1	121.92897818947368	25.01107244912281	0.0	0.0	3	1.05	-4.8057500145657315	138.0	33	1.05	0.95				
	311	1	0.0	0.0	0.0	0.0	3	1.0159719000140623	1.8366853177728937	230.0	33	1.05	0.95				
	312	1	0.0	0.0	0.0	0.0	3	1.0195214481562567	3.0268814017552796	230.0	33	1.05	0.95				
	313	2	165.6983549754386	33.764947806315796	0.0	0.0	3	1.038193817324834	9.077169129886046	230.0	34	1.05	0.95				
	314	2	121.30370137824562	24.385795637894738	0.0	0.0	3	1.0181226686962497	1.7170371952981356	230.0	36	1.05	0.95				
	315	2	198.21274915929826	40.017715918596494	0.0	0.0	3	1.0259065208032003	-1.0363228194613836	230.0	36	1.05	0.95				
	316	2	62.527681122807024	12.505536224561405	0.0	0.0	3	1.0267508047780636	0.0737787489137558	230.0	36	1.05	0.95				
	317	1	0.0	0.0	0.0	0.0	3	1.0288652652870336	0.13455699446800043	230.0	37	1.05	0.95				
	318	2	208.2171781389474	42.51882316350878	0.0	0.0	3	1.026421181198213	-0.3925223567945471	230.0	37	1.05	0.95				
	319	1	113.17510283228071	23.1352420154386	0.0	0.0	3	1.0274722246350885	2.226852750727283	230.0	35	1.05	0.95				
	320	1	80.03543183719299	16.257197091929825	0.0	0.0	3	1.0308432452438154	3.882817204632208	230.0	35	1.05	0.95				
	321	2	0.0	0.0	0.0	0.0	3	1.0283486289974924	-0.05838195085870465	230.0	37	1.05	0.95				
	322	2	0.0	0.0	0.0	0.0	3	1.0418198045104659	4.392746347106995	230.0	37	1.05	0.95				
	323	2	0.0	0.0	0.0	0.0	3	1.0330984727366654	4.631601201469689	230.0	35	1.05	0.95				
	324	1	0.0	0.0	0.0	0.0	3	1.0174059236588033	-0.8036607821866278	230.0	36	1.05	0.95				
	325	1	0.0	0.0	0.0	0.0	3	1.0339571081513597	4.943335785840737	230.0	35	1.05	0.95				
];
