%% MATPOWER Case Format : Version 2
function mpc = RTS_GMLC
mpc.version = '2';

%%-----  Power Flow Data  -----%%
%% system MVA base
mpc.baseMVA = 100.0;
%% bus data
%    bus_i    type    Pd    Qd    Gs    Bs    area    Vm    Va    baseKV    zone    Vmax    Vmin
mpc.bus = [
	101	2	43.01830777263158	8.762988620350876	0.0	0.0	1	1.0260199354698138	1.6450051586369077	138.0	11	1.05	0.95				
	102	2	38.63681346245614	7.966353291228071	0.0	0.0	1	1.0245751846942828	1.2309867284197338	138.0	12	1.05	0.95				
	103	1	71.69717962105263	14.737753588771929	0.0	0.0	1	1.0293450878065404	2.1545450963113972	138.0	11	1.05	0.95				
	104	1	29.475507177543857	5.974764968421052	0.0	0.0	1	1.0180616678975698	-1.4020791868512632	138.0	11	1.05	0.95				
	105	1	28.280554183859646	5.576447303859649	0.0	0.0	1	1.0325317583112408	-1.3459224686759617	138.0	11	1.05	0.95				
	106	1	54.17120238035088	11.152894607719299	0.0	-100.0	1	1.0443577572957676	-3.5016543947429692	138.0	12	1.05	0.95				
	107	2	49.789708070175436	9.957941614035088	0.0	0.0	1	0.9987915970032537	-10.887140613155495	138.0	12	1.05	0.95				
	108	1	68.11232064000001	13.941118259649121	0.0	0.0	1	1.00298837762089	-8.554409216139446	138.0	12	1.05	0.95				
	109	1	69.70559129824561	14.339435924210525	0.0	0.0	1	1.024301512830081	-1.9147346901855262	138.0	13	1.05	0.95				
	110	1	77.67194458947368	15.932706582456142	0.0	0.0	1	1.05	-3.0956219281306727	138.0	13	1.05	0.95				
	111	1	0.0	0.0	0.0	0.0	1	1.0061419953589965	0.37337693710975983	230.0	13	1.05	0.95				
	112	1	0.0	0.0	0.0	0.0	1	1.009773980797382	-0.6287050909709144	230.0	13	1.05	0.95				
	113	3	105.55418110877193	21.50915388631579	0.0	0.0	1	0.9974576050826283	5.790045248531102e-29	230.0	14	1.05	0.95				
	114	2	77.27362692491228	15.534388917894738	0.0	0.0	1	1.0092874962598715	3.675235236718811	230.0	16	1.05	0.95				
	115	2	126.26669966596491	25.492330531929824	0.0	0.0	1	1.0413688335089493	12.294923156200186	230.0	16	1.05	0.95				
	116	2	39.83176645614035	7.966353291228071	0.0	0.0	1	1.0343606693318355	10.653404288809671	230.0	16	1.05	0.95				
	117	1	0.0	0.0	0.0	0.0	1	1.0392363418730015	16.28689067341232	230.0	17	1.05	0.95				
	118	2	132.63978229894738	27.08560119017544	0.0	0.0	1	1.05	16.736123527712863	230.0	17	1.05	0.95				
	119	1	72.09549728561403	14.737753588771929	0.0	0.0	1	1.0236608644343348	6.6196126210497965	230.0	15	1.05	0.95				
	120	1	50.98466106385965	10.356259278596491	0.0	0.0	1	1.0205568870707873	3.8527777112439305	230.0	15	1.05	0.95				
	121	2	0.0	0.0	0.0	0.0	1	1.05	18.133864314182862	230.0	17	1.05	0.95				
	122	2	0.0	0.0	0.0	0.0	1	1.05	35.758141810625034	230.0	17	1.05	0.95				
	123	2	0.0	0.0	0.0	0.0	1	1.0198480240450694	2.635631634556971	230.0	15	1.05	0.95				
	124	1	0.0	0.0	0.0	0.0	1	1.0241975686925444	8.502761586808784	230.0	16	1.05	0.95				
	201	2	45.79757594526316	9.329135840701754	0.0	0.0	2	1.0130329751616152	-17.24627838899353	138.0	21	1.05	0.95				
	202	2	41.13300802491228	8.481032582456141	0.0	0.0	2	1.0121392082896585	-17.550378289644392	138.0	22	1.05	0.95				
	203	1	76.32929324210527	15.68991027754386	0.0	0.0	2	1.0142189947847846	-12.480679871617072	138.0	21	1.05	0.95				
	204	1	31.37982055508772	6.360774436842105	0.0	0.0	2	1.0111393060759424	-17.08694256433295	138.0	21	1.05	0.95				
	205	1	30.107665667719296	5.936722807719299	0.0	0.0	2	1.0263364213455366	-17.603168019939613	138.0	21	1.05	0.95				
	206	1	57.67102156070176	11.873445615438598	0.0	-100.0	2	1.0416003596688461	-18.33201031181249	138.0	22	1.05	0.95				
	207	2	53.006453640350884	10.601290728070175	0.0	0.0	2	0.9946822938060439	-23.40149297302449	138.0	22	1.05	0.95				
	208	1	72.51282858	14.841807019298244	0.0	0.0	2	0.9999310029331757	-21.480797539207828	138.0	22	1.05	0.95				
	209	1	74.20903509649122	15.265858648421052	0.0	0.0	2	1.0227187726484557	-14.95047228911025	138.0	23	1.05	0.95				
	210	1	82.69006767894737	16.962065164912282	0.0	0.0	2	1.05	-16.595278243648302	138.0	23	1.05	0.95				
	211	1	0.0	0.0	0.0	0.0	2	1.0081167149042718	-11.792136593196979	230.0	23	1.05	0.95				
	212	1	0.0	0.0	0.0	0.0	2	1.0089306037255021	-10.97051545469179	230.0	23	1.05	0.95				
	213	2	112.37368171754385	22.89878797263158	0.0	0.0	2	1.0056974160194931	-10.310791447130867	230.0	24	1.05	0.95				
	214	2	82.26601604982456	16.538013535789474	0.0	0.0	2	1.011559755701892	-9.023230322798213	230.0	26	1.05	0.95				
	215	2	134.42436643192983	27.13930426385965	0.0	0.0	2	1.0242619848069565	-2.1856215667808856	230.0	26	1.05	0.95				
	216	2	42.4051629122807	8.481032582456141	0.0	0.0	2	1.0260509173648458	-2.511147104831701	230.0	26	1.05	0.95				
	217	1	0.0	0.0	0.0	0.0	2	1.0293825007895336	-0.7362512289946271	230.0	27	1.05	0.95				
	218	2	141.20919249789475	28.83551078035088	0.0	0.0	2	1.0286816119089686	-1.269440042224576	230.0	27	1.05	0.95				
	219	1	76.75334487122808	15.68991027754386	0.0	0.0	2	1.026846540039046	-2.6218855196926625	230.0	25	1.05	0.95				
	220	1	54.2786085277193	11.025342357192983	0.0	0.0	2	1.0303492545643886	-1.8920772323025026	230.0	25	1.05	0.95				
	221	2	0.0	0.0	0.0	0.0	2	1.0304948271372059	-0.7713307486602525	230.0	27	1.05	0.95				
	222	2	0.0	0.0	0.0	0.0	2	1.05	5.73498329444785	230.0	27	1.05	0.95				
	223	2	0.0	0.0	0.0	0.0	2	1.0329919997017483	-1.1701603101564644	230.0	25	1.05	0.95				
	224	1	0.0	0.0	0.0	0.0	2	1.0078538939842905	-6.042813161612877	230.0	26	1.05	0.95				
	301	2	42.690920589473684	8.69629863859649	0.0	0.0	3	1.0120062987193024	-2.14054831427459	138.0	31	1.05	0.95				
	302	2	38.34277127017543	7.905726035087719	0.0	0.0	3	1.0118297864013117	-2.322306109136716	138.0	32	1.05	0.95				
	303	1	71.15153431578948	14.62559316491228	0.0	0.0	3	1.0388020803668456	6.198611083251725	138.0	31	1.05	0.95				
	304	1	29.25118632982456	5.929294526315789	0.0	0.0	3	1.0142029653455311	-0.7937363236021321	138.0	31	1.05	0.95				
	305	1	28.065327424561403	5.534008224561403	0.0	0.0	3	1.0262280129232775	-2.564323669336506	138.0	31	1.05	0.95				
	306	1	53.758937038596486	11.068016449122807	0.0	-100.0	3	1.042337259122164	-3.277827824037462	138.0	32	1.05	0.95				
	307	2	49.41078771929824	9.882157543859648	0.0	0.0	3	0.9863724006178086	-6.756809939648629	138.0	32	1.05	0.95				
	308	1	67.5939576	13.835020561403507	0.0	0.0	3	0.9973425359819014	-5.038875490029343	138.0	32	1.05	0.95				
	309	1	69.17510280701754	14.230306863157892	0.0	0.0	3	1.0283177130817478	2.0695600872677797	138.0	33	1.05	0.95				
	310	1	77.08082884210525	15.811452070175438	0.0	0.0	3	1.05	-1.7135001749653787	138.0	33	1.05	0.95				
	311	1	0.0	0.0	0.0	0.0	3	1.00588132372345	2.3651242772125065	230.0	33	1.05	0.95				
	312	1	0.0	0.0	0.0	0.0	3	1.0118731616243337	3.222556662540943	230.0	33	1.05	0.95				
	313	2	104.75086996491227	21.345460294736842	0.0	0.0	3	1.0082121082780027	5.4185738154750975	230.0	34	1.05	0.95				
	314	2	76.68554254035087	15.416165768421052	0.0	0.0	3	0.9959172672183783	2.0108602480963524	230.0	36	1.05	0.95				
	315	2	125.30575765614034	25.2983233122807	0.0	0.0	3	1.0245610175930167	3.8722375860054106	230.0	36	1.05	0.95				
	316	2	39.52863017543859	7.905726035087719	0.0	0.0	3	1.0204547033777356	3.8862284662021556	230.0	36	1.05	0.95				
	317	1	0.0	0.0	0.0	0.0	3	1.0334040760852312	6.369877172834634	230.0	37	1.05	0.95				
	318	2	131.63033848421054	26.879468519298243	0.0	0.0	3	1.0320917738412603	4.8413073029297005	230.0	37	1.05	0.95				
	319	1	71.54682061754386	14.62559316491228	0.0	0.0	3	1.0156525120715643	4.166851860557443	230.0	35	1.05	0.95				
	320	1	50.5966466245614	10.277443845614034	0.0	0.0	3	1.0140900451483756	5.20212723985411	230.0	35	1.05	0.95				
	321	2	0.0	0.0	0.0	0.0	3	1.0316764059873327	5.11191235227164	230.0	37	1.05	0.95				
	322	2	0.0	0.0	0.0	0.0	3	1.0460978775682874	9.9442149967857	230.0	37	1.05	0.95				
	323	2	0.0	0.0	0.0	0.0	3	1.013978702471306	6.086375310525419	230.0	35	1.05	0.95				
	324	1	0.0	0.0	0.0	0.0	3	1.0268203431940726	4.757766413080317	230.0	36	1.05	0.95				
	325	1	0.0	0.0	0.0	0.0	3	1.0139972756649078	7.13185289697801	230.0	35	1.05	0.95				
];
