%% MATPOWER Case Format : Version 2
function mpc = RTS_GMLC
mpc.version = '2';

%%-----  Power Flow Data  -----%%
%% system MVA base
mpc.baseMVA = 100.0;
%% bus data
%    bus_i    type    Pd    Qd    Gs    Bs    area    Vm    Va    baseKV    zone    Vmax    Vmin
mpc.bus = [
	101	2	42.79119248842105	8.716724395789473	0.0	0.0	1	1.030926344434804	2.5949406414927174	138.0	11	1.05	0.95				
	102	2	38.43283029052631	7.9242949052631575	0.0	0.0	1	1.028646157353593	1.966653187022587	138.0	12	1.05	0.95				
	103	1	71.31865414736842	14.65994557473684	0.0	0.0	1	1.035817244480722	2.6182176421526973	138.0	11	1.05	0.95				
	104	1	29.31989114947368	5.943221178947368	0.0	0.0	1	1.0230288343516607	-0.4624265802532565	138.0	11	1.05	0.95				
	105	1	28.131246913684205	5.547006433684211	0.0	0.0	1	1.0346728499874294	-0.8716670256392038	138.0	11	1.05	0.95				
	106	1	53.88520535578948	11.094012867368422	0.0	-100.0	1	1.0451264147972124	-3.3405107942423387	138.0	12	1.05	0.95				
	107	2	49.52684315789473	9.905368631578947	0.0	0.0	1	0.9996020789408468	-11.510947309432835	138.0	12	1.05	0.95				
	108	1	67.75272144	13.867516084210523	0.0	0.0	1	1.0033034693813476	-8.891124748197642	138.0	12	1.05	0.95				
	109	1	69.33758042105262	14.263730829473683	0.0	0.0	1	1.0252989988916197	-1.8372458485861287	138.0	13	1.05	0.95				
	110	1	77.26187532631577	15.848589810526315	0.0	0.0	1	1.05	-3.1279849167122205	138.0	13	1.05	0.95				
	111	1	0.0	0.0	0.0	0.0	1	1.004598341986718	-0.13658030014324643	230.0	13	1.05	0.95				
	112	1	0.0	0.0	0.0	0.0	1	1.0103661087882265	-0.8312057449235548	230.0	13	1.05	0.95				
	113	3	104.99690749473683	21.395596244210527	0.0	0.0	1	0.9983466817726964	-1.2724168586831587e-29	230.0	14	1.05	0.95				
	114	2	76.86566058105262	15.452375065263158	0.0	0.0	1	1.001477012109893	2.220064023839469	230.0	16	1.05	0.95				
	115	2	125.60007424842104	25.357743696842107	0.0	0.0	1	1.0409735221132306	9.281207857497341	230.0	16	1.05	0.95				
	116	2	39.62147452631579	7.9242949052631575	0.0	0.0	1	1.0362601485996732	7.77585577537039	230.0	16	1.05	0.95				
	117	1	0.0	0.0	0.0	0.0	1	1.0433972848077164	11.767401184049627	230.0	17	1.05	0.95				
	118	2	131.93951017263157	26.94260267789474	0.0	0.0	1	1.04796021321623	12.817660270452153	230.0	17	1.05	0.95				
	119	1	71.71486889263157	14.65994557473684	0.0	0.0	1	1.0258894436941037	4.825205435829429	230.0	15	1.05	0.95				
	120	1	50.715487393684214	10.301583376842105	0.0	0.0	1	1.0204443672528063	2.498726442952942	230.0	15	1.05	0.95				
	121	2	0.0	0.0	0.0	0.0	1	1.05	14.275676913965814	230.0	17	1.05	0.95				
	122	2	0.0	0.0	0.0	0.0	1	1.05	19.940288401458293	230.0	17	1.05	0.95				
	123	2	0.0	0.0	0.0	0.0	1	1.0182113961178927	1.5198309125301863	230.0	15	1.05	0.95				
	124	1	0.0	0.0	0.0	0.0	1	1.0301646786877505	6.7770268098427255	230.0	16	1.05	0.95				
	201	2	44.488588054736844	9.062490159298244	0.0	0.0	2	1.0131591332689156	-19.19857980751053	138.0	21	1.05	0.95				
	202	2	39.95734297508772	8.238627417543858	0.0	0.0	2	1.0121934128127212	-19.521775204067087	138.0	22	1.05	0.95				
	203	1	74.14764675789473	15.241460722456138	0.0	0.0	2	1.014960333182729	-13.847424870356289	138.0	21	1.05	0.95				
	204	1	30.482921444912275	6.178970563157894	0.0	0.0	2	1.011159278185225	-19.166811236673684	138.0	21	1.05	0.95				
	205	1	29.247127332280698	5.767039192280702	0.0	0.0	2	1.026590291319002	-19.73178356125473	138.0	21	1.05	0.95				
	206	1	56.02266643929824	11.534078384561404	0.0	-100.0	2	1.04194470130364	-20.5499531007368	138.0	22	1.05	0.95				
	207	2	51.49142135964912	10.298284271929823	0.0	0.0	2	0.9941919095405566	-25.44167052327944	138.0	22	1.05	0.95				
	208	1	70.44026441999999	14.417597980701752	0.0	0.0	2	1.0000206365482753	-23.586405525435605	138.0	22	1.05	0.95				
	209	1	72.08798990350877	14.829529351578946	0.0	0.0	2	1.022185104851127	-17.166265595497677	138.0	23	1.05	0.95				
	210	1	80.32661732105262	16.477254835087717	0.0	0.0	2	1.05	-18.938721422884893	138.0	23	1.05	0.95				
	211	1	0.0	0.0	0.0	0.0	2	1.0076832106681624	-14.165762530057004	230.0	23	1.05	0.95				
	212	1	0.0	0.0	0.0	0.0	2	1.0088085362050507	-13.89078910048474	230.0	23	1.05	0.95				
	213	2	109.16181328245614	22.244294027368422	0.0	0.0	2	1.0029026206543366	-13.205047109506621	230.0	24	1.05	0.95				
	214	2	79.91468595017544	16.065323464210525	0.0	0.0	2	1.0128746557665855	-11.037280515804456	230.0	26	1.05	0.95				
	215	2	130.58224456807017	26.36360773614035	0.0	0.0	2	1.0271269092023472	-3.0037087098890694	230.0	26	1.05	0.95				
	216	2	41.19313708771929	8.238627417543858	0.0	0.0	2	1.027964217743961	-4.1047319812922165	230.0	26	1.05	0.95				
	217	1	0.0	0.0	0.0	0.0	2	1.0304827462188841	-1.9997615370672022	230.0	27	1.05	0.95				
	218	2	137.17314650210525	28.01133321964912	0.0	0.0	2	1.0302425752424003	-2.3980247085573883	230.0	27	1.05	0.95				
	219	1	74.55957812877193	15.241460722456138	0.0	0.0	2	1.026604526343367	-5.395012465061482	230.0	25	1.05	0.95				
	220	1	52.7272154722807	10.710215642807016	0.0	0.0	2	1.0283505805372128	-5.711987244631962	230.0	25	1.05	0.95				
	221	2	0.0	0.0	0.0	0.0	2	1.0322332509900363	-1.80504496985589	230.0	27	1.05	0.95				
	222	2	0.0	0.0	0.0	0.0	2	1.05	4.612572074619618	230.0	27	1.05	0.95				
	223	2	0.0	0.0	0.0	0.0	2	1.0297446165448205	-5.57043861280737	230.0	25	1.05	0.95				
	224	1	0.0	0.0	0.0	0.0	2	1.0092162851625277	-7.058859797555412	230.0	26	1.05	0.95				
	301	2	64.83074976	13.206263839999998	0.0	0.0	3	0.9909021359668864	6.157901051686252	138.0	31	1.05	0.95				
	302	2	58.22761784	12.0056944	0.0	0.0	3	0.9905475385809889	6.129403367922846	138.0	32	1.05	0.95				
	303	1	108.0512496	22.21053464	0.0	0.0	3	1.0202200614761954	9.508384573156437	138.0	31	1.05	0.95				
	304	1	44.42106928	9.0042708	0.0	0.0	3	1.0006846049365044	8.449312769704992	138.0	31	1.05	0.95				
	305	1	42.62021512	8.403986080000001	0.0	0.0	3	1.0112835845173225	7.904047100733209	138.0	31	1.05	0.95				
	306	1	81.63872192	16.807972160000002	0.0	-100.0	3	1.030695421364218	8.206587054929024	138.0	32	1.05	0.95				
	307	2	75.03559	15.007118	0.0	0.0	3	0.9862565125069447	4.586696285639206	138.0	32	1.05	0.95				
	308	1	102.64868711999999	21.0099652	0.0	0.0	3	0.998267839650941	7.270277015736302	138.0	32	1.05	0.95				
	309	1	105.049826	21.610249919999998	0.0	0.0	3	1.0306715375505855	12.756608153345665	138.0	33	1.05	0.95				
	310	1	117.0555204	24.0113888	0.0	0.0	3	1.05	11.55982513680499	138.0	33	1.05	0.95				
	311	1	0.0	0.0	0.0	0.0	3	1.0186483009874527	17.43784652068547	230.0	33	1.05	0.95				
	312	1	0.0	0.0	0.0	0.0	3	1.0245478450750247	19.008994871809627	230.0	33	1.05	0.95				
	313	2	159.0754508	32.41537488	0.0	0.0	3	1.0425006813310802	25.887578761995897	230.0	34	1.05	0.95				
	314	2	116.45523568	23.41110408	0.0	0.0	3	1.0196477029063802	15.18791813084325	230.0	36	1.05	0.95				
	315	2	190.29025624	38.41822208	0.0	0.0	3	1.039955193005778	8.892527927696777	230.0	36	1.05	0.95				
	316	2	60.028472	12.0056944	0.0	0.0	3	1.0413864372786303	10.321732675578225	230.0	36	1.05	0.95				
	317	1	0.0	0.0	0.0	0.0	3	1.0464126795424928	9.134501224465604	230.0	37	1.05	0.95				
	318	2	199.89481176	40.81936096	0.0	0.0	3	1.0449342692511738	7.17975993126521	230.0	37	1.05	0.95				
	319	1	108.65153432000001	22.21053464	0.0	0.0	3	1.0394001310896215	13.490335013724797	230.0	35	1.05	0.95				
	320	1	76.83644416	15.60740272	0.0	0.0	3	1.0412649986613374	15.98632715126597	230.0	35	1.05	0.95				
	321	2	0.0	0.0	0.0	0.0	3	1.0442051830076833	8.346241486908077	230.0	37	1.05	0.95				
	322	2	0.0	0.0	0.0	0.0	3	1.05	12.988788723697361	230.0	37	1.05	0.95				
	323	2	0.0	0.0	0.0	0.0	3	1.0425993600335979	17.010726701201662	230.0	35	1.05	0.95				
	324	1	0.0	0.0	0.0	0.0	3	1.031171524974749	11.008060576162725	230.0	36	1.05	0.95				
	325	1	0.0	0.0	0.0	0.0	3	1.0444773550947772	16.78286124720791	230.0	35	1.05	0.95				
];

%% generator data
%    bus    Pg    Qg    Qmax    Qmin    Vg    mBase    status    Pmax    Pmin    Pc1    Pc2    Qc1min    Qc1max    Qc2min    Qc2max    ramp_agc    ramp_10    ramp_30    ramp_q    apf
