%% MATPOWER Case Format : Version 2
function mpc = RTS_GMLC
mpc.version = '2';

%%-----  Power Flow Data  -----%%
%% system MVA base
mpc.baseMVA = 100.0;
%% bus data
%    bus_i    type    Pd    Qd    Gs    Bs    area    Vm    Va    baseKV    zone    Vmax    Vmin
mpc.bus = [
	101	2	59.65116279157895	12.151162790877192	0.0	0.0	1	1.0324202684823323	-0.9054696366705178	138.0	11	1.05	0.95				
	102	2	53.57558139614035	11.046511628070176	0.0	0.0	1	1.031485521000447	-1.241117076917777	138.0	12	1.05	0.95				
	103	1	99.41860465263157	20.436046511929824	0.0	0.0	1	1.0235377099894662	0.8092150620698532	138.0	11	1.05	0.95				
	104	1	40.87209302385965	8.284883721052632	0.0	0.0	1	1.0178287003116966	-3.7734689217157245	138.0	11	1.05	0.95				
	105	1	39.21511627964912	7.732558139649123	0.0	0.0	1	1.0338122729889574	-3.887369211711449	138.0	11	1.05	0.95				
	106	1	75.11627907087718	15.465116279298247	0.0	-100.0	1	1.04170617624067	-6.145583193914042	138.0	12	1.05	0.95				
	107	2	69.0406976754386	13.808139535087719	0.0	0.0	1	1.0000387883783255	-15.115318843375077	138.0	12	1.05	0.95				
	108	1	94.44767442	19.331395349122804	0.0	0.0	1	0.9971972184880484	-12.273679703126067	138.0	12	1.05	0.95				
	109	1	96.65697674561403	19.883720930526312	0.0	0.0	1	1.023509280920729	-3.6001835456993443	138.0	13	1.05	0.95				
	110	1	107.7034883736842	22.093023256140352	0.0	0.0	1	1.05	-5.165694271386736	138.0	13	1.05	0.95				
	111	1	0.0	0.0	0.0	0.0	1	1.0107573375922079	-0.2563151445001363	230.0	13	1.05	0.95				
	112	1	0.0	0.0	0.0	0.0	1	1.0135371375346938	-0.7059143900043175	230.0	13	1.05	0.95				
	113	3	146.3662790719298	29.825581395789474	0.0	0.0	1	1.0106381761318537	-1.7011086021140654e-27	230.0	14	1.05	0.95				
	114	2	107.1511627922807	21.54069767473684	0.0	0.0	1	1.01569826403967	3.6950083682745603	230.0	16	1.05	0.95				
	115	2	175.08720930491225	35.34883720982456	0.0	0.0	1	1.0411698544017691	14.05078691322574	230.0	16	1.05	0.95				
	116	2	55.232558140350875	11.046511628070176	0.0	0.0	1	1.0369247729462203	12.59004600463093	230.0	16	1.05	0.95				
	117	1	0.0	0.0	0.0	0.0	1	1.040107376103037	17.691913855571542	230.0	17	1.05	0.95				
	118	2	183.9244186073684	37.55813953543859	0.0	0.0	1	1.048463281391548	18.0301197507065	230.0	17	1.05	0.95				
	119	1	99.97093023403508	20.436046511929824	0.0	0.0	1	1.0295558508890288	9.079694354946607	230.0	15	1.05	0.95				
	120	1	70.69767441964912	14.360465116491227	0.0	0.0	1	1.029951182981481	7.076925511017059	230.0	15	1.05	0.95				
	121	2	0.0	0.0	0.0	0.0	1	1.05	19.653409192620142	230.0	17	1.05	0.95				
	122	2	0.0	0.0	0.0	0.0	1	1.05	35.88994839931756	230.0	17	1.05	0.95				
	123	2	0.0	0.0	0.0	0.0	1	1.0314688602533593	6.394637399473585	230.0	15	1.05	0.95				
	124	1	0.0	0.0	0.0	0.0	1	1.0178052504407866	9.12011709106152	230.0	16	1.05	0.95				
	201	2	68.44136627368421	13.941759796491226	0.0	0.0	2	1.0259618434523434	-19.26897372008536	138.0	21	1.05	0.95				
	202	2	61.4704863754386	12.674327087719298	0.0	0.0	2	1.0269042070539742	-19.181680568489067	138.0	22	1.05	0.95				
	203	1	114.06894378947368	23.4475051122807	0.0	0.0	2	1.0138590476144598	-15.818650369075469	138.0	21	1.05	0.95				
	204	1	46.8950102245614	9.505745315789472	0.0	0.0	2	1.0142851670515671	-20.415267274776916	138.0	21	1.05	0.95				
	205	1	44.9938611614035	8.87202896140351	0.0	0.0	2	1.0299608508961469	-20.947926980663187	138.0	21	1.05	0.95				
	206	1	86.18542419649123	17.74405792280702	0.0	-100.0	2	1.038799228715216	-22.45874729256342	138.0	22	1.05	0.95				
	207	2	79.2145442982456	15.842908859649121	0.0	0.0	2	0.9846139513937554	-31.60900646015659	138.0	22	1.05	0.95				
	208	1	108.36549659999999	22.18007240350877	0.0	0.0	2	0.9846659891347549	-28.53459806321878	138.0	22	1.05	0.95				
	209	1	110.90036201754386	22.813788757894734	0.0	0.0	2	1.0235020397956864	-18.830974185271682	138.0	23	1.05	0.95				
	210	1	123.57468910526315	25.348654175438597	0.0	0.0	2	1.05	-20.627749475118392	138.0	23	1.05	0.95				
	211	1	0.0	0.0	0.0	0.0	2	1.0204891341798097	-14.655083469284653	230.0	23	1.05	0.95				
	212	1	0.0	0.0	0.0	0.0	2	1.0164217519986753	-13.39572050073603	230.0	23	1.05	0.95				
	213	2	167.93483391228068	34.220683136842105	0.0	0.0	2	1.0287911237326972	-12.811775020586246	230.0	24	1.05	0.95				
	214	2	122.9409727508772	24.71493782105263	0.0	0.0	2	1.030745182215024	-11.278592235309254	230.0	26	1.05	0.95				
	215	2	200.88808434035084	40.55784668070175	0.0	0.0	2	1.0363414591576996	-2.3787017700508013	230.0	26	1.05	0.95				
	216	2	63.371635438596485	12.674327087719298	0.0	0.0	2	1.0388946927648068	-2.584129993718947	230.0	26	1.05	0.95				
	217	1	0.0	0.0	0.0	0.0	2	1.0396936928595666	0.5658455455390998	230.0	27	1.05	0.95				
	218	2	211.0275460105263	43.09271209824561	0.0	0.0	2	1.0402021004911595	0.3485446730432863	230.0	27	1.05	0.95				
	219	1	114.70266014385963	23.4475051122807	0.0	0.0	2	1.0393510298054731	-2.5845954655370034	230.0	25	1.05	0.95				
	220	1	81.1156933614035	16.47662521403509	0.0	0.0	2	1.045010987266967	-1.3902419814346114	230.0	25	1.05	0.95				
	221	2	0.0	0.0	0.0	0.0	2	1.0410269380298196	0.22462803256177152	230.0	27	1.05	0.95				
	222	2	0.0	0.0	0.0	0.0	2	1.05	6.861888977147674	230.0	27	1.05	0.95				
	223	2	0.0	0.0	0.0	0.0	2	1.05	-0.2770066146969643	230.0	25	1.05	0.95				
	224	1	0.0	0.0	0.0	0.0	2	1.0109699550577445	-7.360778562444216	230.0	26	1.05	0.95				
	301	2	56.101233789473696	11.428029105263157	0.0	0.0	3	1.0299515617805701	3.70704415763081	138.0	31	1.05	0.95				
	302	2	50.38721923684211	10.389117368421052	0.0	0.0	3	1.0256538773890802	3.3586259440501847	138.0	32	1.05	0.95				
	303	1	93.50205631578947	19.219867131578948	0.0	0.0	3	1.05	19.27230346069365	138.0	31	1.05	0.95				
	304	1	38.439734263157895	7.791838026315789	0.0	0.0	3	1.0090429918199315	4.737865723144419	138.0	31	1.05	0.95				
	305	1	36.88136665789473	7.272382157894737	0.0	0.0	3	1.0291859546997364	2.7345973186951373	138.0	31	1.05	0.95				
	306	1	70.64599810526316	14.544764315789473	0.0	-100.0	3	1.034983320749685	1.576030456323722	138.0	32	1.05	0.95				
	307	2	64.93198355263158	12.986396710526316	0.0	0.0	3	0.95	3.9683744097861053	138.0	32	1.05	0.95				
	308	1	88.82695349999999	18.18095539473684	0.0	0.0	3	0.9684768323297899	2.9329416320294714	138.0	32	1.05	0.95				
	309	1	90.9047769736842	18.700411263157893	0.0	0.0	3	1.0124403975802716	8.055498207408302	138.0	33	1.05	0.95				
	310	1	101.29389434210525	20.778234736842105	0.0	0.0	3	1.0409088250546443	3.4149461111232156	138.0	33	1.05	0.95				
	311	1	0.0	0.0	0.0	0.0	3	1.0007620977206413	7.568443700472976	230.0	33	1.05	0.95				
	312	1	0.0	0.0	0.0	0.0	3	1.0053502734551842	8.254469063517506	230.0	33	1.05	0.95				
	313	2	137.65580513157894	28.050616894736848	0.0	0.0	3	1.002271592165745	10.076134198832708	230.0	34	1.05	0.95				
	314	2	100.77443847368421	20.258778868421054	0.0	0.0	3	0.997586408667537	7.30200875497367	230.0	36	1.05	0.95				
	315	2	164.66751028947368	33.24517557894737	0.0	0.0	3	1.049680241647491	10.36605219054666	230.0	36	1.05	0.95				
	316	2	51.945586842105264	10.389117368421052	0.0	0.0	3	1.0361799526934736	10.059091999164474	230.0	36	1.05	0.95				
	317	1	0.0	0.0	0.0	0.0	3	1.05	13.51957822374173	230.0	37	1.05	0.95				
	318	2	172.97880418421053	35.32299905263158	0.0	0.0	3	1.0481579883859427	11.107433774263841	230.0	37	1.05	0.95				
	319	1	94.02151218421054	19.219867131578948	0.0	0.0	3	1.024429310894999	9.431635549429732	230.0	35	1.05	0.95				
	320	1	66.49035115789474	13.50585257894737	0.0	0.0	3	1.0182028766046896	9.895746316886319	230.0	35	1.05	0.95				
	321	2	0.0	0.0	0.0	0.0	3	1.05	11.478583764943602	230.0	37	1.05	0.95				
	322	2	0.0	0.0	0.0	0.0	3	1.05	16.627786817172247	230.0	37	1.05	0.95				
	323	2	0.0	0.0	0.0	0.0	3	1.0159053153519564	10.560683365539528	230.0	35	1.05	0.95				
	324	1	0.0	0.0	0.0	0.0	3	1.0469178395549483	13.770728117660141	230.0	36	1.05	0.95				
	325	1	0.0	0.0	0.0	0.0	3	1.0170317630443613	11.355716992655411	230.0	35	1.05	0.95				
];
