%% MATPOWER Case Format : Version 2
function mpc = RTS_GMLC
mpc.version = '2';

%%-----  Power Flow Data  -----%%
%% system MVA base
mpc.baseMVA = 100.0;
%% bus data
%    bus_i    type    Pd    Qd    Gs    Bs    area    Vm    Va    baseKV    zone    Vmax    Vmin
mpc.bus = [
	101	2	50.55319148210526	10.297872338947368	0.0	0.0	1	1.0415033979617974	2.846022794508927	138.0	11	1.05	0.95				
	102	2	45.404255312631584	9.361702126315791	0.0	0.0	1	1.041009821314816	2.692218729679212	138.0	12	1.05	0.95				
	103	1	84.2553191368421	17.31914893368421	0.0	0.0	1	1.0287830798121431	-0.530069983489249	138.0	11	1.05	0.95				
	104	1	34.63829786736842	7.021276594736841	0.0	0.0	1	1.0249629173984531	-0.9300314706280629	138.0	11	1.05	0.95				
	105	1	33.23404254842105	6.553191488421054	0.0	0.0	1	1.039020890447803	-0.7774124226344474	138.0	11	1.05	0.95				
	106	1	63.659574458947375	13.106382976842108	0.0	-100.0	1	1.0458218976346523	-3.2856762211792794	138.0	12	1.05	0.95				
	107	2	58.51063828947368	11.702127657894737	0.0	0.0	1	1.0007705678111547	-8.224226884913493	138.0	12	1.05	0.95				
	108	1	80.04255318	16.38297872105263	0.0	0.0	1	1.0037757073954325	-7.352064821494948	138.0	12	1.05	0.95				
	109	1	81.91489360526316	16.85106382736842	0.0	0.0	1	1.0251304930870873	-2.3943530047165513	138.0	13	1.05	0.95				
	110	1	91.27659573157895	18.723404252631582	0.0	0.0	1	1.05	-3.011271549812493	138.0	13	1.05	0.95				
	111	1	0.0	0.0	0.0	0.0	1	1.0043953794412857	-0.7378405054257949	230.0	13	1.05	0.95				
	112	1	0.0	0.0	0.0	0.0	1	1.0094374025969688	-0.02260638965419762	230.0	13	1.05	0.95				
	113	3	124.0425531736842	25.27659574105263	0.0	0.0	1	0.9974837571582463	5.210442838085438e-27	230.0	14	1.05	0.95				
	114	2	90.80851062526317	18.25531914631579	0.0	0.0	1	1.0003617087491206	0.7055697917153174	230.0	16	1.05	0.95				
	115	2	148.38297870210525	29.957446804210523	0.0	0.0	1	1.0390057115816171	5.558980109955071	230.0	16	1.05	0.95				
	116	2	46.80851063157895	9.361702126315791	0.0	0.0	1	1.0344609377166285	5.47632026486948	230.0	16	1.05	0.95				
	117	1	0.0	0.0	0.0	0.0	1	1.042617369135812	6.798103853368268	230.0	17	1.05	0.95				
	118	2	155.8723404031579	31.829787229473688	0.0	0.0	1	1.0451695813758597	6.590440501823243	230.0	17	1.05	0.95				
	119	1	84.7234042431579	17.31914893368421	0.0	0.0	1	1.0282455915796749	5.055222450620912	230.0	15	1.05	0.95				
	120	1	59.914893608421046	12.170212764210527	0.0	0.0	1	1.0261653937632764	5.595700135394839	230.0	15	1.05	0.95				
	121	2	0.0	0.0	0.0	0.0	1	1.0499655207333751	7.461342135879317	230.0	17	1.05	0.95				
	122	2	0.0	0.0	0.0	0.0	1	1.05	13.711593534597615	230.0	17	1.05	0.95				
	123	2	0.0	0.0	0.0	0.0	1	1.0258966782321026	6.254621746520917	230.0	15	1.05	0.95				
	124	1	0.0	0.0	0.0	0.0	1	1.0268448768763443	3.2863375769122793	230.0	16	1.05	0.95				
	201	2	46.90256570526316	9.554226347368422	0.0	0.0	2	1.029779361569908	-4.848253092784705	138.0	21	1.05	0.95				
	202	2	42.12545253157895	8.685660315789475	0.0	0.0	2	1.030254395609909	-4.768665485078506	138.0	22	1.05	0.95				
	203	1	78.17094284210528	16.068471584210528	0.0	0.0	2	1.0195139281914993	-5.462453418175182	138.0	21	1.05	0.95				
	204	1	32.136943168421055	6.514245236842105	0.0	0.0	2	1.0195226708058882	-7.055979267947029	138.0	21	1.05	0.95				
	205	1	30.83409412105263	6.079962221052632	0.0	0.0	2	1.034428139478142	-7.113877863596174	138.0	21	1.05	0.95				
	206	1	59.06249014736843	12.159924442105265	0.0	-100.0	2	1.0450541676274365	-8.789765225035564	138.0	22	1.05	0.95				
	207	2	54.28537697368421	10.857075394736842	0.0	0.0	2	0.989332537940643	-15.368545085481891	138.0	22	1.05	0.95				
	208	1	74.2623957	15.199905552631579	0.0	0.0	2	0.9965743972215328	-13.411870570343742	138.0	22	1.05	0.95				
	209	1	75.9995277631579	15.634188568421054	0.0	0.0	2	1.0232847702522763	-7.154565741818544	138.0	23	1.05	0.95				
	210	1	84.68518807894738	17.37132063157895	0.0	0.0	2	1.05	-8.02778938307872	138.0	23	1.05	0.95				
	211	1	0.0	0.0	0.0	0.0	2	1.0048813420090372	-4.518001827066469	230.0	23	1.05	0.95				
	212	1	0.0	0.0	0.0	0.0	2	1.009239127327456	-4.04982749712801	230.0	23	1.05	0.95				
	213	2	115.08499918421053	23.45128285263158	0.0	0.0	2	0.9981422164402928	-3.7198197932889414	230.0	24	1.05	0.95				
	214	2	84.2509050631579	16.937037615789475	0.0	0.0	2	1.005480643957374	-2.0263309173889867	230.0	26	1.05	0.95				
	215	2	137.66771600526315	27.794113010526317	0.0	0.0	2	1.0290809061058679	4.169581975111502	230.0	26	1.05	0.95				
	216	2	43.42830157894737	8.685660315789475	0.0	0.0	2	1.0299121757599978	4.072339755617443	230.0	26	1.05	0.95				
	217	1	0.0	0.0	0.0	0.0	2	1.035357668429123	6.496465852688493	230.0	27	1.05	0.95				
	218	2	144.61624425789475	29.531245073684214	0.0	0.0	2	1.0367694357154766	6.962377392285509	230.0	27	1.05	0.95				
	219	1	78.60522585789475	16.068471584210528	0.0	0.0	2	1.0294044887551657	3.14046119919614	230.0	25	1.05	0.95				
	220	1	55.588226021052634	11.291358410526318	0.0	0.0	2	1.0319773820815175	3.1738570848460483	230.0	25	1.05	0.95				
	221	2	0.0	0.0	0.0	0.0	2	1.0368472143529126	6.79023862176161	230.0	27	1.05	0.95				
	222	2	0.0	0.0	0.0	0.0	2	1.05	13.173804361295572	230.0	27	1.05	0.95				
	223	2	0.0	0.0	0.0	0.0	2	1.0339644579326355	3.5216038071325646	230.0	25	1.05	0.95				
	224	1	0.0	0.0	0.0	0.0	2	1.0135787352494896	0.5599108238465345	230.0	26	1.05	0.95				
	301	2	50.60044288421053	10.307497624561405	0.0	0.0	3	1.0079131355888127	-25.357115166718454	138.0	31	1.05	0.95				
	302	2	45.44669407192982	9.370452385964914	0.0	0.0	3	1.0073972424272621	-25.47719721774485	138.0	32	1.05	0.95				
	303	1	84.33407147368422	17.33533691403509	0.0	0.0	3	1.023606347485415	-19.34411401428412	138.0	31	1.05	0.95				
	304	1	34.67067382807018	7.027839289473683	0.0	0.0	3	1.0095142354819633	-23.886521125560435	138.0	31	1.05	0.95				
	305	1	33.26510597017544	6.5593166701754395	0.0	0.0	3	1.0227746524655332	-24.726715585218912	138.0	31	1.05	0.95				
	306	1	63.71907622456141	13.118633340350879	0.0	-100.0	3	1.0391136982044078	-24.92194624793108	138.0	32	1.05	0.95				
	307	2	58.5653274122807	11.713065482456141	0.0	0.0	3	0.9933945763207949	-30.10032806070385	138.0	32	1.05	0.95				
	308	1	80.1173679	16.398291675438596	0.0	0.0	3	0.998120110080036	-27.954033371094265	138.0	32	1.05	0.95				
	309	1	81.99145837719298	16.86681429473684	0.0	0.0	3	1.0264354270552618	-20.670592391146915	138.0	33	1.05	0.95				
	310	1	91.3619107631579	18.740904771929827	0.0	0.0	3	1.05	-22.58989068139515	138.0	33	1.05	0.95				
	311	1	0.0	0.0	0.0	0.0	3	1.0112084163426351	-16.32149790690621	230.0	33	1.05	0.95				
	312	1	0.0	0.0	0.0	0.0	3	1.0126893841563263	-15.87242584039396	230.0	33	1.05	0.95				
	313	2	124.15849411403508	25.300221442105265	0.0	0.0	3	1.0137681887270762	-12.800449683223146	230.0	34	1.05	0.95				
	314	2	90.89338814385964	18.27238215263158	0.0	0.0	3	1.0169739921238787	-14.039890936317375	230.0	36	1.05	0.95				
	315	2	148.52167031754385	29.98544763508772	0.0	0.0	3	1.0409488197875008	-8.481791266867342	230.0	36	1.05	0.95				
	316	2	46.852261929824564	9.370452385964914	0.0	0.0	3	1.0397853312046117	-8.027263474472685	230.0	36	1.05	0.95				
	317	1	0.0	0.0	0.0	0.0	3	1.0435651971036237	-5.959285852184151	230.0	37	1.05	0.95				
	318	2	156.0180322263158	31.859538112280706	0.0	0.0	3	1.0435306131466904	-5.581870038089932	230.0	37	1.05	0.95				
	319	1	84.80259409298246	17.33533691403509	0.0	0.0	3	1.0355947703123958	-9.085543542162082	230.0	35	1.05	0.95				
	320	1	59.97089527017544	12.181588101754388	0.0	0.0	3	1.0353653749382628	-9.111494650644174	230.0	35	1.05	0.95				
	321	2	0.0	0.0	0.0	0.0	3	1.0457777147456762	-5.268240981888757	230.0	37	1.05	0.95				
	322	2	0.0	0.0	0.0	0.0	3	1.05	-1.207684266766271	230.0	37	1.05	0.95				
	323	2	0.0	0.0	0.0	0.0	3	1.0359482473021524	-8.77199267086976	230.0	35	1.05	0.95				
	324	1	0.0	0.0	0.0	0.0	3	1.0209024431908806	-12.524103710332597	230.0	36	1.05	0.95				
	325	1	0.0	0.0	0.0	0.0	3	1.0319795473918358	-7.419773751535175	230.0	35	1.05	0.95				
];
