%% MATPOWER Case Format : Version 2
function mpc = RTS_GMLC
mpc.version = '2';

%%-----  Power Flow Data  -----%%
%% system MVA base
mpc.baseMVA = 100.0;
%% bus data
%    bus_i    type    Pd    Qd    Gs    Bs    area    Vm    Va    baseKV    zone    Vmax    Vmin
mpc.bus = [
	101	2	69.20336466947369	14.096981691929825	0.0	0.0	1	1.049999996748199	0.4792957439531649	138.0	11	1.05	0.95				
	102	2	62.15487382350877	12.815437901754386	0.0	0.0	1	1.0489721277656952	0.11142391126783796	138.0	12	1.05	0.95				
	103	1	115.33894111578947	23.70856011824561	0.0	0.0	1	1.0311994109638873	-1.3324194283872162	138.0	11	1.05	0.95				
	104	1	47.41712023649122	9.611578426315788	0.0	0.0	1	1.0276074195668823	-3.271728236771922	138.0	11	1.05	0.95				
	105	1	45.494804551228064	8.970806531228071	0.0	0.0	1	1.040727477375874	-3.622054080327859	138.0	11	1.05	0.95				
	106	1	87.14497773192983	17.941613062456142	0.0	-100.0	1	1.0425862376248745	-6.592804503784316	138.0	12	1.05	0.95				
	107	2	80.09648688596491	16.01929737719298	0.0	0.0	1	0.9995250052725376	-13.147248115503826	138.0	12	1.05	0.95				
	108	1	109.57199406	22.427016328070174	0.0	0.0	1	0.9967079816231291	-11.794620838661386	138.0	12	1.05	0.95				
	109	1	112.13508164035086	23.06778822315789	0.0	0.0	1	1.0258449429745902	-4.572893128721499	138.0	13	1.05	0.95				
	110	1	124.95051954210525	25.630875803508772	0.0	0.0	1	1.05	-5.845168811517091	138.0	13	1.05	0.95				
	111	1	0.0	0.0	0.0	0.0	1	1.011457089128294	-1.9707349383353783	230.0	13	1.05	0.95				
	112	1	0.0	0.0	0.0	0.0	1	1.0137835753213071	-1.4398550741116822	230.0	13	1.05	0.95				
	113	3	169.8045521982456	34.60168233473684	0.0	0.0	1	1.010050970804233	6.466951895372627e-29	230.0	14	1.05	0.95				
	114	2	124.30974764701755	24.99010390842105	0.0	0.0	1	1.0131831537435139	-0.38704058357009574	230.0	16	1.05	0.95				
	115	2	203.124690742807	41.00940128561403	0.0	0.0	1	1.0416453797621603	6.161633613547858	230.0	16	1.05	0.95				
	116	2	64.07718950877192	12.815437901754386	0.0	0.0	1	1.0386816578517062	5.725269802968093	230.0	16	1.05	0.95				
	117	1	0.0	0.0	0.0	0.0	1	1.0442361372068882	8.715168157068742	230.0	17	1.05	0.95				
	118	2	213.37704106421054	43.572488865964914	0.0	0.0	1	1.0469747376610723	9.278560082581484	230.0	17	1.05	0.95				
	119	1	115.97971301087719	23.70856011824561	0.0	0.0	1	1.0314242928773822	4.500615955907775	230.0	15	1.05	0.95				
	120	1	82.01880257122806	16.6600692722807	0.0	0.0	1	1.029477098981762	4.143346288303693	230.0	15	1.05	0.95				
	121	2	0.0	0.0	0.0	0.0	1	1.0498047998809237	10.771469979342978	230.0	17	1.05	0.95				
	122	2	0.0	0.0	0.0	0.0	1	1.05	16.58026627372775	230.0	17	1.05	0.95				
	123	2	0.0	0.0	0.0	0.0	1	1.0299035481880767	4.432068418201874	230.0	15	1.05	0.95				
	124	1	0.0	0.0	0.0	0.0	1	1.0280182570084266	3.3598482722798844	230.0	16	1.05	0.95				
	201	2	52.69951205052632	10.735085788070176	0.0	0.0	2	1.0227447949582087	-9.511316315599135	138.0	21	1.05	0.95				
	202	2	47.331969156491226	9.759168898245614	0.0	0.0	2	1.0232329244237797	-9.393515318104418	138.0	22	1.05	0.95				
	203	1	87.83252008421053	18.054462461754387	0.0	0.0	2	1.0161862608948806	-8.957362889947353	138.0	21	1.05	0.95				
	204	1	36.10892492350877	7.31937667368421	0.0	0.0	2	1.0159922874709137	-10.184485319497433	138.0	21	1.05	0.95				
	205	1	34.645049588771926	6.8314182287719305	0.0	0.0	2	1.0304361828879958	-10.42876427097311	138.0	21	1.05	0.95				
	206	1	66.36234850807018	13.662836457543861	0.0	-100.0	2	1.0423594746975524	-11.40768006048989	138.0	22	1.05	0.95				
	207	2	60.99480561403509	12.198961122807017	0.0	0.0	2	0.9930725269365199	-18.19227112776222	138.0	22	1.05	0.95				
	208	1	83.44089407999999	17.078545571929823	0.0	0.0	2	0.9966471920562404	-15.931821131226313	138.0	22	1.05	0.95				
	209	1	85.39272785964911	17.566504016842106	0.0	0.0	2	1.0242465849618534	-8.825049415140331	138.0	23	1.05	0.95				
	210	1	95.15189675789473	19.518337796491227	0.0	0.0	2	1.05	-9.793828483084928	138.0	23	1.05	0.95				
	211	1	0.0	0.0	0.0	0.0	2	1.007034918140926	-5.864998625081759	230.0	23	1.05	0.95				
	212	1	0.0	0.0	0.0	0.0	2	1.0113497910973057	-2.678587196511665	230.0	23	1.05	0.95				
	213	2	129.3089879017544	26.34975602526316	0.0	0.0	2	1.0038308362076833	-3.7334329509034716	230.0	24	1.05	0.95				
	214	2	94.66393831298245	19.030379351578947	0.0	0.0	2	1.0073653484052985	-4.179580800330194	230.0	26	1.05	0.95				
	215	2	154.682827037193	31.229340474385964	0.0	0.0	2	1.02835621436341	1.242310937522046	230.0	26	1.05	0.95				
	216	2	48.79584449122807	9.759168898245614	0.0	0.0	2	1.027404194832728	1.1803417472275664	230.0	26	1.05	0.95				
	217	1	0.0	0.0	0.0	0.0	2	1.0324291385567304	2.419208649618361	230.0	27	1.05	0.95				
	218	2	162.49016215578948	33.18117425403509	0.0	0.0	2	1.0312743731751297	1.8446456487854879	230.0	27	1.05	0.95				
	219	1	88.32047852912281	18.054462461754387	0.0	0.0	2	1.0256954360424342	1.5181795615699913	230.0	25	1.05	0.95				
	220	1	62.45868094877193	12.686919567719299	0.0	0.0	2	1.027908063544463	2.762031268390433	230.0	25	1.05	0.95				
	221	2	0.0	0.0	0.0	0.0	2	1.033209646715785	2.4461745910339645	230.0	27	1.05	0.95				
	222	2	0.0	0.0	0.0	0.0	2	1.05	8.931064976054913	230.0	27	1.05	0.95				
	223	2	0.0	0.0	0.0	0.0	2	1.030381550688697	3.81559063171862	230.0	25	1.05	0.95				
	224	1	0.0	0.0	0.0	0.0	2	1.0112175229327658	-2.5709931521844003	230.0	26	1.05	0.95				
	301	2	73.50901613052632	14.97405884140351	0.0	0.0	3	0.9837505898635662	-3.7036867697028715	138.0	31	1.05	0.95				
	302	2	66.02198670982456	13.61278076491228	0.0	0.0	3	0.9859298361069526	-3.765451556907135	138.0	32	1.05	0.95				
	303	1	122.51502688421053	25.18364441508772	0.0	0.0	3	0.9972786955193682	-0.2766762871736343	138.0	31	1.05	0.95				
	304	1	50.36728883017544	10.20958557368421	0.0	0.0	3	0.983721098108251	-1.143776059803293	138.0	31	1.05	0.95				
	305	1	48.32537171543859	9.528946535438596	0.0	0.0	3	0.9954991213917106	-1.2027347212886066	138.0	31	1.05	0.95				
	306	1	92.56690920140352	19.057893070877192	0.0	-100.0	3	1.0107662183628714	-0.5810012907713342	138.0	32	1.05	0.95				
	307	2	85.07987978070175	17.015975956140352	0.0	0.0	3	0.9625039337525862	-5.119855927130902	138.0	32	1.05	0.95				
	308	1	116.38927553999999	23.82236633859649	0.0	0.0	3	0.9735612490238312	-1.8730439259951397	138.0	32	1.05	0.95				
	309	1	119.11183169298245	24.5030053768421	0.0	0.0	3	1.008061721673612	3.8755918933644424	138.0	33	1.05	0.95				
	310	1	132.72461245789472	27.22556152982456	0.0	0.0	3	1.0298308976996238	3.5592551503031307	138.0	33	1.05	0.95				
	311	1	0.0	0.0	0.0	0.0	3	1.001095476305032	11.010476293413314	230.0	33	1.05	0.95				
	312	1	0.0	0.0	0.0	0.0	3	1.0067746874643684	12.705941996719215	230.0	33	1.05	0.95				
	313	2	180.3693451350877	36.75450806526316	0.0	0.0	3	1.035886674020529	20.977357071601126	230.0	34	1.05	0.95				
	314	2	132.04397341964912	26.544922491578948	0.0	0.0	3	1.0063693128196498	9.26080521041987	230.0	36	1.05	0.95				
	315	2	215.76257512385962	43.560898447719296	0.0	0.0	3	1.0275165562150377	3.483502433570449	230.0	36	1.05	0.95				
	316	2	68.06390382456141	13.61278076491228	0.0	0.0	3	1.0285703356576341	5.009280229966734	230.0	36	1.05	0.95				
	317	1	0.0	0.0	0.0	0.0	3	1.031101838477481	4.271388556306586	230.0	37	1.05	0.95				
	318	2	226.6527997357895	46.28345460070176	0.0	0.0	3	1.028736251663947	3.3004396249576518	230.0	37	1.05	0.95				
	319	1	123.19566592245614	25.18364441508772	0.0	0.0	3	1.027892700060974	8.293707559094544	230.0	35	1.05	0.95				
	320	1	87.12179689543859	17.696614994385964	0.0	0.0	3	1.0318018303391507	10.913330703822574	230.0	35	1.05	0.95				
	321	2	0.0	0.0	0.0	0.0	3	1.0303952665387293	3.9262745584687684	230.0	37	1.05	0.95				
	322	2	0.0	0.0	0.0	0.0	3	1.0440278700167651	8.418212266557967	230.0	37	1.05	0.95				
	323	2	0.0	0.0	0.0	0.0	3	1.0345084666542959	11.966182982658232	230.0	35	1.05	0.95				
	324	1	0.0	0.0	0.0	0.0	3	1.0124005238842244	4.114136568643876	230.0	36	1.05	0.95				
	325	1	0.0	0.0	0.0	0.0	3	1.036848517445047	11.872111198920303	230.0	35	1.05	0.95				
];
