%% MATPOWER Case Format : Version 2
function mpc = RTS_GMLC
mpc.version = '2';

%%-----  Power Flow Data  -----%%
%% system MVA base
mpc.baseMVA = 100.0;
%% bus data
%    bus_i    type    Pd    Qd    Gs    Bs    area    Vm    Va    baseKV    zone    Vmax    Vmin
mpc.bus = [
	101	2	56.284512631578956	11.465363684210526	0.0	0.0	1	1.0345283384273756	0.6322250157780598	138.0	11	1.05	0.95				
	102	2	50.551830789473684	10.423057894736843	0.0	0.0	1	1.0340868028017078	0.4967540147386823	138.0	12	1.05	0.95				
	103	1	93.80752105263159	19.28265710526316	0.0	0.0	1	1.0253546913648208	-1.2699653019814345	138.0	11	1.05	0.95				
	104	1	38.56531421052632	7.817293421052632	0.0	0.0	1	1.0204151055401858	-2.4984538262242793	138.0	11	1.05	0.95				
	105	1	37.001855526315794	7.29614052631579	0.0	0.0	1	1.0353181626241643	-2.3191096422310293	138.0	11	1.05	0.95				
	106	1	70.87679368421054	14.59228105263158	0.0	-100.0	1	1.0431786604979028	-4.4903892330836985	138.0	12	1.05	0.95				
	107	2	65.14411184210527	13.028822368421054	0.0	0.0	1	1.015048976102062	-4.792836022996125	138.0	12	1.05	0.95				
	108	1	89.117145	18.240351315789475	0.0	0.0	1	1.011627188287349	-5.79748159266791	138.0	12	1.05	0.95				
	109	1	91.20175657894737	18.76150421052632	0.0	0.0	1	1.0252864857558235	-2.842497172869296	138.0	13	1.05	0.95				
	110	1	101.62481447368421	20.846115789473686	0.0	0.0	1	1.05	-3.672245969542881	138.0	13	1.05	0.95				
	111	1	0.0	0.0	0.0	0.0	1	1.0061344800289849	-0.9461286881761555	230.0	13	1.05	0.95				
	112	1	0.0	0.0	0.0	0.0	1	1.0104643589461653	-0.1322956222317662	230.0	13	1.05	0.95				
	113	3	138.10551710526315	28.142256315789478	0.0	0.0	1	1.0008886203632172	-4.458772286871982e-30	230.0	14	1.05	0.95				
	114	2	101.10366157894737	20.324962894736842	0.0	0.0	1	1.0032735447523315	0.6515213012126467	230.0	16	1.05	0.95				
	115	2	165.20546763157895	33.353785263157896	0.0	0.0	1	1.0372702533981593	6.147282540946699	230.0	16	1.05	0.95				
	116	2	52.115289473684214	10.423057894736843	0.0	0.0	1	1.033793277239754	6.002224412417542	230.0	16	1.05	0.95				
	117	1	0.0	0.0	0.0	0.0	1	1.040647451223093	7.591316231430021	230.0	17	1.05	0.95				
	118	2	173.54391394736842	35.43839684210527	0.0	0.0	1	1.04242605496714	7.498865676436858	230.0	17	1.05	0.95				
	119	1	94.32867394736843	19.28265710526316	0.0	0.0	1	1.0285314102348517	5.557392237074901	230.0	15	1.05	0.95				
	120	1	66.70757052631579	13.549975263157895	0.0	0.0	1	1.0279149326005044	6.1789864320968215	230.0	15	1.05	0.95				
	121	2	0.0	0.0	0.0	0.0	1	1.0463849719273604	8.604040617696587	230.0	17	1.05	0.95				
	122	2	0.0	0.0	0.0	0.0	1	1.05	14.714182558703863	230.0	17	1.05	0.95				
	123	2	0.0	0.0	0.0	0.0	1	1.0287280799607692	6.919133060577615	230.0	15	1.05	0.95				
	124	1	0.0	0.0	0.0	0.0	1	1.0232095436949553	3.37922006619693	230.0	16	1.05	0.95				
	201	2	50.030536736842116	10.191405631578949	0.0	0.0	2	1.0314025301539613	-3.380006920973557	138.0	21	1.05	0.95				
	202	2	44.93483392105263	9.264914210526316	0.0	0.0	2	1.031756566520061	-3.337698642348384	138.0	22	1.05	0.95				
	203	1	83.38422789473685	17.140091289473684	0.0	0.0	2	1.02321653412609	-3.718655062804377	138.0	21	1.05	0.95				
	204	1	34.28018257894737	6.948685657894736	0.0	0.0	2	1.0200285447054802	-5.65276972679676	138.0	21	1.05	0.95				
	205	1	32.89044544736842	6.485439947368422	0.0	0.0	2	1.0348342647396493	-5.7278379125132135	138.0	21	1.05	0.95				
	206	1	63.001416631578955	12.970879894736845	0.0	-100.0	2	1.0445718968517301	-7.480718483031418	138.0	22	1.05	0.95				
	207	2	57.905713815789476	11.581142763157896	0.0	0.0	2	0.9892969759332073	-14.506136101390195	138.0	22	1.05	0.95				
	208	1	79.2150165	16.213599868421053	0.0	0.0	2	0.9954800812642279	-12.392379320994596	138.0	22	1.05	0.95				
	209	1	81.06799934210527	16.67684557894737	0.0	0.0	2	1.0239919453701871	-5.661930584765451	138.0	23	1.05	0.95				
	210	1	90.33291355263158	18.52982842105263	0.0	0.0	2	1.05	-6.638822533916648	138.0	23	1.05	0.95				
	211	1	0.0	0.0	0.0	0.0	2	1.0062912206436199	-2.9733042478985996	230.0	23	1.05	0.95				
	212	1	0.0	0.0	0.0	0.0	2	1.0095726896758979	-2.2619890487615173	230.0	23	1.05	0.95				
	213	2	122.7601132894737	25.015268368421058	0.0	0.0	2	1.000339499529037	-1.9422627553148184	230.0	24	1.05	0.95				
	214	2	89.86966784210526	18.066582710526315	0.0	0.0	2	1.0075515786286549	-0.5904442362811416	230.0	26	1.05	0.95				
	215	2	146.84889023684212	29.64772547368421	0.0	0.0	2	1.0311249802816729	5.325485189846607	230.0	26	1.05	0.95				
	216	2	46.32457105263158	9.264914210526316	0.0	0.0	2	1.031737191911757	5.539659580069624	230.0	26	1.05	0.95				
	217	1	0.0	0.0	0.0	0.0	2	1.0376355266990533	8.005076320444813	230.0	27	1.05	0.95				
	218	2	154.26082160526315	31.500708315789478	0.0	0.0	2	1.0396006061496712	8.652087117709705	230.0	27	1.05	0.95				
	219	1	83.84747360526316	17.140091289473684	0.0	0.0	2	1.0305892853395953	5.044336592030594	230.0	25	1.05	0.95				
	220	1	59.29545094736842	12.044388473684212	0.0	0.0	2	1.0328451961739264	5.509061840383226	230.0	25	1.05	0.95				
	221	2	0.0	0.0	0.0	0.0	2	1.0392063039058403	8.293589769069445	230.0	27	1.05	0.95				
	222	2	0.0	0.0	0.0	0.0	2	1.05	14.681605396288129	230.0	27	1.05	0.95				
	223	2	0.0	0.0	0.0	0.0	2	1.0348938019892298	6.114189974215509	230.0	25	1.05	0.95				
	224	1	0.0	0.0	0.0	0.0	2	1.0168935355628965	1.9312246956856967	230.0	26	1.05	0.95				
	301	2	49.52420120842106	10.088263209122807	0.0	0.0	3	1.008935773952065	-18.854862469228152	138.0	31	1.05	0.95				
	302	2	44.480069603859654	9.171148371929826	0.0	0.0	3	1.008352513201361	-18.986543344426632	138.0	32	1.05	0.95				
	303	1	82.54033534736843	16.966624488070174	0.0	0.0	3	1.0249919560452334	-12.579551014012855	138.0	31	1.05	0.95				
	304	1	33.93324897614035	6.878361278947369	0.0	0.0	3	1.0099707203305213	-17.503335822283866	138.0	31	1.05	0.95				
	305	1	32.55757672035088	6.4198038603508785	0.0	0.0	3	1.0234843460541245	-18.30835475462825	138.0	31	1.05	0.95				
	306	1	62.36380892912281	12.839607720701757	0.0	-100.0	3	1.0396515909380577	-18.5428380898544	138.0	32	1.05	0.95				
	307	2	57.319677324561404	11.46393546491228	0.0	0.0	3	0.9938799880275427	-23.627718806023708	138.0	32	1.05	0.95				
	308	1	78.41331858000001	16.04950965087719	0.0	0.0	3	0.9987244102809617	-21.532995419638322	138.0	32	1.05	0.95				
	309	1	80.24754825438598	16.508067069473682	0.0	0.0	3	1.0259587334533178	-14.412363087851077	138.0	33	1.05	0.95				
	310	1	89.41869662631578	18.342296743859652	0.0	0.0	3	1.05	-16.286919694448827	138.0	33	1.05	0.95				
	311	1	0.0	0.0	0.0	0.0	3	1.010599012771658	-10.071878647401268	230.0	33	1.05	0.95				
	312	1	0.0	0.0	0.0	0.0	3	1.0113381346065953	-9.8814572886699	230.0	33	1.05	0.95				
	313	2	121.51771592807017	24.76210060421053	0.0	0.0	3	1.0115675329586777	-6.8069835049190175	230.0	34	1.05	0.95				
	314	2	88.96013920771931	17.88373932526316	0.0	0.0	3	1.0171518887615396	-7.591020515615939	230.0	36	1.05	0.95				
	315	2	145.3627016950877	29.34767479017544	0.0	0.0	3	1.0414934582800237	-1.6748818565143198	230.0	36	1.05	0.95				
	316	2	45.85574185964912	9.171148371929826	0.0	0.0	3	1.039888217946969	-1.361600623500354	230.0	36	1.05	0.95				
	317	1	0.0	0.0	0.0	0.0	3	1.0446617105599183	1.1664638302519186	230.0	37	1.05	0.95				
	318	2	152.69962039263157	31.181904464561406	0.0	0.0	3	1.0440549733668485	1.2186002084653271	230.0	37	1.05	0.95				
	319	1	82.99889276596491	16.966624488070174	0.0	0.0	3	1.0330599691328939	-2.9450160567023813	230.0	35	1.05	0.95				
	320	1	58.69534958035088	11.922492883508774	0.0	0.0	3	1.0307171386540104	-3.4488408260786376	230.0	35	1.05	0.95				
	321	2	0.0	0.0	0.0	0.0	3	1.0466357195199856	1.708927930775032	230.0	37	1.05	0.95				
	322	2	0.0	0.0	0.0	0.0	3	1.05	5.830741059753835	230.0	37	1.05	0.95				
	323	2	0.0	0.0	0.0	0.0	3	1.0300576917893562	-3.376474308695652	230.0	35	1.05	0.95				
	324	1	0.0	0.0	0.0	0.0	3	1.0217003955733803	-5.736418633059329	230.0	36	1.05	0.95				
	325	1	0.0	0.0	0.0	0.0	3	1.028475369541211	-2.3650886146147636	230.0	35	1.05	0.95				
];
