%% MATPOWER Case Format : Version 2
function mpc = RTS_GMLC
mpc.version = '2';

%%-----  Power Flow Data  -----%%
%% system MVA base
mpc.baseMVA = 100.0;
%% bus data
%    bus_i    type    Pd    Qd    Gs    Bs    area    Vm    Va    baseKV    zone    Vmax    Vmin
mpc.bus = [
	101	2	70.43245916210526	14.347352792280702	0.0	0.0	1	1.0498039250493394	1.8643477123818775	138.0	11	1.05	0.95				
	102	2	63.2587827659649	13.043047992982457	0.0	0.0	1	1.048512425283362	1.4398106290303538	138.0	12	1.05	0.95				
	103	1	117.38743193684209	24.12963878701754	0.0	0.0	1	1.0288967744197242	1.7668427469838244	138.0	11	1.05	0.95				
	104	1	48.25927757403508	9.78228599473684	0.0	0.0	1	1.026226937450644	-2.1143004370605873	138.0	11	1.05	0.95				
	105	1	46.30282037508771	9.13013359508772	0.0	0.0	1	1.0400744767166588	-2.619399826163079	138.0	11	1.05	0.95				
	106	1	88.6927263522807	18.26026719017544	0.0	-100.0	1	1.041806784407363	-5.823586196459873	138.0	12	1.05	0.95				
	107	2	81.51904995614035	16.303809991228068	0.0	0.0	1	0.9982867036182786	-13.772796072282155	138.0	12	1.05	0.95				
	108	1	111.51806033999998	22.825333987719297	0.0	0.0	1	0.9942899993372686	-11.828476626488966	138.0	12	1.05	0.95				
	109	1	114.12666993859648	23.47748638736842	0.0	0.0	1	1.0242564456835161	-3.5291676294212078	138.0	13	1.05	0.95				
	110	1	127.16971793157894	26.086095985964914	0.0	0.0	1	1.05	-5.200384680342194	138.0	13	1.05	0.95				
	111	1	0.0	0.0	0.0	0.0	1	1.0149545725141267	-0.783158404401362	230.0	13	1.05	0.95				
	112	1	0.0	0.0	0.0	0.0	1	1.0149891875356096	-1.3980520841805422	230.0	13	1.05	0.95				
	113	3	172.8203859070175	35.21622958105263	0.0	0.0	1	1.011141985686046	2.911993721536617e-27	230.0	14	1.05	0.95				
	114	2	126.5175655319298	25.433943586315788	0.0	0.0	1	1.0244272902724014	2.1245766551415746	230.0	16	1.05	0.95				
	115	2	206.73231068877192	41.737753577543856	0.0	0.0	1	1.037616292350902	12.35722811049038	230.0	16	1.05	0.95				
	116	2	65.21523996491227	13.043047992982457	0.0	0.0	1	1.0349023181319748	10.291086230933372	230.0	16	1.05	0.95				
	117	1	0.0	0.0	0.0	0.0	1	1.041957419593008	16.040414863221308	230.0	17	1.05	0.95				
	118	2	217.16674908315787	44.34636317614035	0.0	0.0	1	1.05	17.48981082116389	230.0	17	1.05	0.95				
	119	1	118.03958433649122	24.12963878701754	0.0	0.0	1	1.0260022356534444	6.392056535536598	230.0	15	1.05	0.95				
	120	1	83.47550715508771	16.95596239087719	0.0	0.0	1	1.025969767363093	3.6998422253239034	230.0	15	1.05	0.95				
	121	2	0.0	0.0	0.0	0.0	1	1.05	19.908734323026614	230.0	17	1.05	0.95				
	122	2	0.0	0.0	0.0	0.0	1	1.05	28.214380769780096	230.0	17	1.05	0.95				
	123	2	0.0	0.0	0.0	0.0	1	1.028013068942218	2.716137690053696	230.0	15	1.05	0.95				
	124	1	0.0	0.0	0.0	0.0	1	1.0211736782422436	8.383307925646616	230.0	16	1.05	0.95				
	201	2	65.60239255578948	13.363450335438595	0.0	0.0	2	1.0144879740304973	-14.675553169701349	138.0	21	1.05	0.95				
	202	2	58.92066738807017	12.148591214035086	0.0	0.0	2	1.0137787566048957	-14.923303212556311	138.0	22	1.05	0.95				
	203	1	109.33732092631578	22.47489374596491	0.0	0.0	2	1.0130324604454242	-10.881785256345026	138.0	21	1.05	0.95				
	204	1	44.94978749192982	9.111443410526315	0.0	0.0	2	1.0092559320946988	-13.458571390782362	138.0	21	1.05	0.95				
	205	1	43.12749880982455	8.504013849824561	0.0	0.0	2	1.02400299876957	-13.947024336598176	138.0	21	1.05	0.95				
	206	1	82.6104202554386	17.008027699649123	0.0	-100.0	2	1.0365123979611002	-14.225008642050765	138.0	22	1.05	0.95				
	207	2	75.92869508771929	15.18573901754386	0.0	0.0	2	0.9917250972713307	-21.83985654262975	138.0	22	1.05	0.95				
	208	1	103.87045488	21.260034624561403	0.0	0.0	2	0.9907168906473444	-18.916965733737058	138.0	22	1.05	0.95				
	209	1	106.30017312280702	21.867464185263156	0.0	0.0	2	1.0261006975840155	-9.773763910861527	138.0	23	1.05	0.95				
	210	1	118.4487643368421	24.297182428070172	0.0	0.0	2	1.05	-11.269796128023971	138.0	23	1.05	0.95				
	211	1	0.0	0.0	0.0	0.0	2	1.0194358312154956	-5.860787367025097	230.0	23	1.05	0.95				
	212	1	0.0	0.0	0.0	0.0	2	1.0203012227798616	-0.011969038537061771	230.0	23	1.05	0.95				
	213	2	160.9688335859649	32.80119627789474	0.0	0.0	2	1.0285190772467647	-2.1457225319819333	230.0	24	1.05	0.95				
	214	2	117.84133477614034	23.689752867368423	0.0	0.0	2	1.0254359370175248	-4.4977681654354384	230.0	26	1.05	0.95				
	215	2	192.5551707424561	38.87549188491228	0.0	0.0	2	1.0352149961923849	0.7369627047379899	230.0	26	1.05	0.95				
	216	2	60.74295607017544	12.148591214035086	0.0	0.0	2	1.0367879074209136	1.183280677453167	230.0	26	1.05	0.95				
	217	1	0.0	0.0	0.0	0.0	2	1.0374798683474766	1.737625370493467	230.0	27	1.05	0.95				
	218	2	202.2740437136842	41.3052101277193	0.0	0.0	2	1.0356382164310103	1.0024743205451552	230.0	27	1.05	0.95				
	219	1	109.94475048701756	22.47489374596491	0.0	0.0	2	1.0369246084782449	3.1458189307627045	230.0	25	1.05	0.95				
	220	1	77.75098376982456	15.793168578245615	0.0	0.0	2	1.0434496440530165	5.991290024805293	230.0	25	1.05	0.95				
	221	2	0.0	0.0	0.0	0.0	2	1.03780896074246	1.7191943930460323	230.0	27	1.05	0.95				
	222	2	0.0	0.0	0.0	0.0	2	1.05	8.226832613525403	230.0	27	1.05	0.95				
	223	2	0.0	0.0	0.0	0.0	2	1.05	7.9820053022771305	230.0	25	1.05	0.95				
	224	1	0.0	0.0	0.0	0.0	2	1.0124698778530614	-3.567813960237347	230.0	26	1.05	0.95				
	301	2	52.20626384842105	10.63460930245614	0.0	0.0	3	1.0000240624007621	33.245034141563586	138.0	31	1.05	0.95				
	302	2	46.88895919719298	9.667826638596491	0.0	0.0	3	0.999762350148475	33.25927042017416	138.0	32	1.05	0.95				
	303	1	87.01043974736842	17.88547928140351	0.0	0.0	3	1.0187522442757182	34.080461392806555	138.0	31	1.05	0.95				
	304	1	35.77095856280702	7.250869978947367	0.0	0.0	3	1.005374072744529	34.93241343053159	138.0	31	1.05	0.95				
	305	1	34.32078456701754	6.767478647017544	0.0	0.0	3	1.0176684415551909	35.148491092727696	138.0	31	1.05	0.95				
	306	1	65.74122114245614	13.534957294035088	0.0	-100.0	3	1.0364564855021523	35.64248271850803	138.0	32	1.05	0.95				
	307	2	60.42391649122807	12.084783298245613	0.0	0.0	3	0.9685534778574161	34.36159154324061	138.0	32	1.05	0.95				
	308	1	82.65991775999998	16.91869661754386	0.0	0.0	3	0.993861342358561	36.33300078394938	138.0	32	1.05	0.95				
	309	1	84.59348308771929	17.40208794947368	0.0	0.0	3	1.025923380901352	38.2740827157167	138.0	33	1.05	0.95				
	310	1	94.26130972631577	19.335653277192982	0.0	0.0	3	1.05	38.59177193650991	138.0	33	1.05	0.95				
	311	1	0.0	0.0	0.0	0.0	3	1.0079367935349803	43.13919455716981	230.0	33	1.05	0.95				
	312	1	0.0	0.0	0.0	0.0	3	1.018395767991317	44.14514563463531	230.0	33	1.05	0.95				
	313	2	128.0987029614035	26.103131924210526	0.0	0.0	3	1.025705438596876	51.67761039856844	230.0	34	1.05	0.95				
	314	2	93.77791839438596	18.85226194526316	0.0	0.0	3	1.0043456038356973	40.348000774273565	230.0	36	1.05	0.95				
	315	2	153.2350522217544	30.93704524350877	0.0	0.0	3	1.0395214374977353	31.94483244993277	230.0	36	1.05	0.95				
	316	2	48.33913319298245	9.667826638596491	0.0	0.0	3	1.0418479515151737	33.31591786464078	230.0	36	1.05	0.95				
	317	1	0.0	0.0	0.0	0.0	3	1.0496487418959888	31.537100941043953	230.0	37	1.05	0.95				
	318	2	160.9693135326316	32.87061057122807	0.0	0.0	3	1.05	29.12137502069838	230.0	37	1.05	0.95				
	319	1	87.49383107929825	17.88547928140351	0.0	0.0	3	1.043392694840984	35.99178871450648	230.0	35	1.05	0.95				
	320	1	61.87409048701754	12.568174630175438	0.0	0.0	3	1.0457571696118573	37.69321050982373	230.0	35	1.05	0.95				
	321	2	0.0	0.0	0.0	0.0	3	1.0470267039994388	30.66921802028524	230.0	37	1.05	0.95				
	322	2	0.0	0.0	0.0	0.0	3	1.05	35.35237284040931	230.0	37	1.05	0.95				
	323	2	0.0	0.0	0.0	0.0	3	1.0459663125166345	38.066758463957136	230.0	35	1.05	0.95				
	324	1	0.0	0.0	0.0	0.0	3	1.0309812614924163	34.71239332824493	230.0	36	1.05	0.95				
	325	1	0.0	0.0	0.0	0.0	3	1.046274145607988	36.53753427047612	230.0	35	1.05	0.95				
];
