%% MATPOWER Case Format : Version 2
function mpc = RTS_GMLC
mpc.version = '2';

%%-----  Power Flow Data  -----%%
%% system MVA base
mpc.baseMVA = 100.0;
%% bus data
%    bus_i    type    Pd    Qd    Gs    Bs    area    Vm    Va    baseKV    zone    Vmax    Vmin
mpc.bus = [
	101	2	42.25680356210526	8.607867392280701	0.0	0.0	1	0.999935253280874	-2.6677143312553198	138.0	11	1.05	0.95				
	102	2	37.95286986596491	7.825333992982456	0.0	0.0	1	0.9984501770644242	-3.1573437506684505	138.0	12	1.05	0.95				
	103	1	70.4280059368421	14.47686788701754	0.0	0.0	1	1.0226581584236707	1.5701724367258785	138.0	11	1.05	0.95				
	104	1	28.95373577403508	5.869000494736841	0.0	0.0	1	1.0070614814027625	-3.79637502347872	138.0	11	1.05	0.95				
	105	1	27.779935675087714	5.477733795087719	0.0	0.0	1	1.0200184260627385	-4.165204605172784	138.0	11	1.05	0.95				
	106	1	53.2122711522807	10.955467590175438	0.0	-100.0	1	1.0389632525756671	-5.515619528818828	138.0	12	1.05	0.95				
	107	2	48.908337456140345	9.781667491228069	0.0	0.0	1	0.9841835580324937	-10.557526575059924	138.0	12	1.05	0.95				
	108	1	66.90660564	13.694334487719296	0.0	0.0	1	0.9955995859704754	-8.782442569678535	138.0	12	1.05	0.95				
	109	1	68.47167243859649	14.085601187368418	0.0	0.0	1	1.0249387378617585	-2.6752982866888115	138.0	13	1.05	0.95				
	110	1	76.29700643157894	15.650667985964912	0.0	0.0	1	1.05	-4.374636272458871	138.0	13	1.05	0.95				
	111	1	0.0	0.0	0.0	0.0	1	1.0184208088705298	0.2467374845125425	230.0	13	1.05	0.95				
	112	1	0.0	0.0	0.0	0.0	1	1.013332401513606	-0.9879337610470489	230.0	13	1.05	0.95				
	113	3	103.68567540701751	21.12840178105263	0.0	0.0	1	0.9960354644473041	-4.69018590238831e-30	230.0	14	1.05	0.95				
	114	2	75.90573973192981	15.259401286315788	0.0	0.0	1	1.048722136693998	4.126844121366371	230.0	16	1.05	0.95				
	115	2	124.0315437887719	25.041068777543856	0.0	0.0	1	1.0409146415210329	14.178191221919231	230.0	16	1.05	0.95				
	116	2	39.126669964912274	7.825333992982456	0.0	0.0	1	1.0416783984265532	12.186184107281724	230.0	16	1.05	0.95				
	117	1	0.0	0.0	0.0	0.0	1	1.0400619969776845	18.533816746821678	230.0	17	1.05	0.95				
	118	2	130.2918109831579	26.60613557614035	0.0	0.0	1	1.0491754287842012	19.274316441395726	230.0	17	1.05	0.95				
	119	1	70.81927263649122	14.47686788701754	0.0	0.0	1	1.038231791850139	7.6281414886460155	230.0	15	1.05	0.95				
	120	1	50.08213755508771	10.172934190877193	0.0	0.0	1	1.0423811738691322	4.418556792351149	230.0	15	1.05	0.95				
	121	2	0.0	0.0	0.0	0.0	1	1.0434195413423986	20.959344694294423	230.0	17	1.05	0.95				
	122	2	0.0	0.0	0.0	0.0	1	1.05	38.91921955510921	230.0	17	1.05	0.95				
	123	2	0.0	0.0	0.0	0.0	1	1.0458619915556733	2.9550862054121856	230.0	15	1.05	0.95				
	124	1	0.0	0.0	0.0	0.0	1	1.0182159563176492	9.486940353367018	230.0	16	1.05	0.95				
	201	2	36.26066425263158	7.386431607017544	0.0	0.0	2	1.0131349312444942	-14.760415664832706	138.0	21	1.05	0.95				
	202	2	32.56744844912281	6.714937824561404	0.0	0.0	2	1.0122944378641854	-15.041249177055807	138.0	22	1.05	0.95				
	203	1	60.43444042105263	12.422634975438596	0.0	0.0	2	1.0133730920057917	-11.182499046490605	138.0	21	1.05	0.95				
	204	1	24.845269950877192	5.036203368421052	0.0	0.0	2	1.0126688068509055	-14.904832527865802	138.0	21	1.05	0.95				
	205	1	23.83802927719298	4.700456477192983	0.0	0.0	2	1.0276534558404495	-15.287488834104689	138.0	21	1.05	0.95				
	206	1	45.661577207017544	9.400912954385966	0.0	-100.0	2	1.0441368764648076	-16.034423133202747	138.0	22	1.05	0.95				
	207	2	41.968361403508766	8.393672280701754	0.0	0.0	2	0.9963274648956588	-19.95253394895991	138.0	22	1.05	0.95				
	208	1	57.412718399999996	11.751141192982455	0.0	0.0	2	1.0042137574623065	-18.498657806438768	138.0	22	1.05	0.95				
	209	1	58.75570596491227	12.086888084210527	0.0	0.0	2	1.0218654855648992	-13.391090629614897	138.0	23	1.05	0.95				
	210	1	65.47064378947368	13.429875649122808	0.0	0.0	2	1.05	-14.729485777569794	138.0	23	1.05	0.95				
	211	1	0.0	0.0	0.0	0.0	2	1.0030707673087254	-10.92207872118382	230.0	23	1.05	0.95				
	212	1	0.0	0.0	0.0	0.0	2	1.0056100042980616	-10.509258545192685	230.0	23	1.05	0.95				
	213	2	88.97292617543859	18.13033212631579	0.0	0.0	2	0.9947921661664018	-9.961360894201922	230.0	24	1.05	0.95				
	214	2	65.13489689824561	13.094128757894739	0.0	0.0	2	1.0041246950471039	-8.490966814367338	230.0	26	1.05	0.95				
	215	2	106.43176451929823	21.48780103859649	0.0	0.0	2	1.0235997182716687	-2.23080566262942	230.0	26	1.05	0.95				
	216	2	33.574689122807015	6.714937824561404	0.0	0.0	2	1.024483371277071	-3.0639193732178858	230.0	26	1.05	0.95				
	217	1	0.0	0.0	0.0	0.0	2	1.0332258600054307	-0.797195615760453	230.0	27	1.05	0.95				
	218	2	111.80371477894737	22.830788603508772	0.0	0.0	2	1.0321164974337225	-1.1676258663785244	230.0	27	1.05	0.95				
	219	1	60.7701873122807	12.422634975438596	0.0	0.0	2	1.0223776509274982	-3.6790113142334513	230.0	25	1.05	0.95				
	220	1	42.97560207719298	8.729419171929823	0.0	0.0	2	1.0223708767866204	-3.550524742514671	230.0	25	1.05	0.95				
	221	2	0.0	0.0	0.0	0.0	2	1.0322412033258885	-0.7260237857077483	230.0	27	1.05	0.95				
	222	2	0.0	0.0	0.0	0.0	2	1.05	5.741210223639813	230.0	27	1.05	0.95				
	223	2	0.0	0.0	0.0	0.0	2	1.0225190284749301	-3.2167622447493858	230.0	25	1.05	0.95				
	224	1	0.0	0.0	0.0	0.0	2	1.0086846790322994	-5.581764156537384	230.0	26	1.05	0.95				
	301	2	43.374248640000005	8.835495093333332	0.0	0.0	3	1.0105719722298514	9.073391243726258	138.0	31	1.05	0.95				
	302	2	38.95650109333334	8.032268266666668	0.0	0.0	3	1.0104400461421348	8.78656533790552	138.0	32	1.05	0.95				
	303	1	72.2904144	14.859696293333332	0.0	0.0	3	1.0493995595810108	20.916540438906946	138.0	31	1.05	0.95				
	304	1	29.719392586666665	6.024201199999999	0.0	0.0	3	1.0128693806067242	10.174055602464446	138.0	31	1.05	0.95				
	305	1	28.514552346666665	5.622587786666667	0.0	0.0	3	1.0253777099236603	7.858647594610186	138.0	31	1.05	0.95				
	306	1	54.61942421333333	11.245175573333334	0.0	-100.0	3	1.0416632231794487	6.694667272797117	138.0	32	1.05	0.95				
	307	2	50.201676666666664	10.040335333333333	0.0	0.0	3	0.9817510072013375	3.3930601189745935	138.0	32	1.05	0.95				
	308	1	68.67589368	14.056469466666666	0.0	0.0	3	0.993969753454407	5.137279223526396	138.0	32	1.05	0.95				
	309	1	70.28234733333333	14.458082880000001	0.0	0.0	3	1.0271469234413928	12.952641226098653	138.0	33	1.05	0.95				
	310	1	78.31461560000001	16.064536533333335	0.0	0.0	3	1.05	7.942361340841016	138.0	33	1.05	0.95				
	311	1	0.0	0.0	0.0	0.0	3	1.0096996553553976	11.635288091896406	230.0	33	1.05	0.95				
	312	1	0.0	0.0	0.0	0.0	3	1.0149116950405457	11.92430134847068	230.0	33	1.05	0.95				
	313	2	106.42755453333332	21.687124320000002	0.0	0.0	3	1.0091279094960153	12.563557304049287	230.0	34	1.05	0.95				
	314	2	77.91300218666667	15.66292312	0.0	0.0	3	1.0035671714209462	12.12379154540143	230.0	36	1.05	0.95				
	315	2	127.31145202666667	25.703258453333333	0.0	0.0	3	1.0407829104163888	15.41128750219945	230.0	36	1.05	0.95				
	316	2	40.16134133333333	8.032268266666668	0.0	0.0	3	1.0335311555332565	15.158441825091433	230.0	36	1.05	0.95				
	317	1	0.0	0.0	0.0	0.0	3	1.05	19.119197082432372	230.0	37	1.05	0.95				
	318	2	133.73726664	27.309712106666666	0.0	0.0	3	1.0480262720003202	16.03521665209314	230.0	37	1.05	0.95				
	319	1	72.69202781333334	14.859696293333332	0.0	0.0	3	1.0257134700057664	14.12558430406247	230.0	35	1.05	0.95				
	320	1	51.40651690666667	10.441948746666666	0.0	0.0	3	1.0216188435243323	14.005733271204347	230.0	35	1.05	0.95				
	321	2	0.0	0.0	0.0	0.0	3	1.046316130808091	16.48414543934613	230.0	37	1.05	0.95				
	322	2	0.0	0.0	0.0	0.0	3	1.05	21.861862710324043	230.0	37	1.05	0.95				
	323	2	0.0	0.0	0.0	0.0	3	1.0197906840873816	14.254228971466032	230.0	35	1.05	0.95				
	324	1	0.0	0.0	0.0	0.0	3	1.0414261601816293	17.518864135248187	230.0	36	1.05	0.95				
	325	1	0.0	0.0	0.0	0.0	3	1.0209241799202065	14.836186741377421	230.0	35	1.05	0.95				
];
