%% MATPOWER Case Format : Version 2
function mpc = RTS_GMLC
mpc.version = '2';

%%-----  Power Flow Data  -----%%
%% system MVA base
mpc.baseMVA = 100.0;
%% bus data
%    bus_i    type    Pd    Qd    Gs    Bs    area    Vm    Va    baseKV    zone    Vmax    Vmin
mpc.bus = [
	101	2	42.37704106105264	8.632360216140352	0.0	0.0	1	1.0250959238143742	-1.9823197191681279	138.0	11	1.05	0.95				
	102	2	38.06086095298246	7.847600196491229	0.0	0.0	1	1.024527378822171	-2.2214546123704113	138.0	12	1.05	0.95				
	103	1	70.62840176842107	14.518060363508772	0.0	0.0	1	1.0256214194710211	0.9506951426623426	138.0	11	1.05	0.95				
	104	1	29.036120727017543	5.885700147368421	0.0	0.0	1	1.0190436955172788	-2.8172675095338593	138.0	11	1.05	0.95				
	105	1	27.85898069754386	5.4933201375438605	0.0	0.0	1	1.0305204435705366	-3.908592903018483	138.0	11	1.05	0.95				
	106	1	53.36368133614036	10.986640275087721	0.0	-100.0	1	1.0415964130990547	-5.447583480184016	138.0	12	1.05	0.95				
	107	2	49.047501228070175	9.809500245614036	0.0	0.0	1	0.9961253735002501	-10.736654469423046	138.0	12	1.05	0.95				
	108	1	67.09698168000001	13.73330034385965	0.0	0.0	1	1.0003584065614666	-9.00933444841733	138.0	12	1.05	0.95				
	109	1	68.66650171929825	14.125680353684212	0.0	0.0	1	1.0192319659355196	-2.9343236969349182	138.0	13	1.05	0.95				
	110	1	76.51410191578948	15.695200392982459	0.0	0.0	1	1.0455084695179384	-4.598518993318211	138.0	13	1.05	0.95				
	111	1	0.0	0.0	0.0	0.0	1	0.9975121936732173	-0.8272694512694259	230.0	13	1.05	0.95				
	112	1	0.0	0.0	0.0	0.0	1	1.000118900513504	-1.4023439169581362	230.0	13	1.05	0.95				
	113	3	103.98070260350877	21.18852053052632	0.0	0.0	1	0.9860226331225685	-1.1826085172145124e-26	230.0	14	1.05	0.95				
	114	2	76.12172190596492	15.302820383157897	0.0	0.0	1	0.9987287294635315	1.542545150384206	230.0	16	1.05	0.95				
	115	2	124.38446311438598	25.112320628771933	0.0	0.0	1	1.020879986981824	8.40279409686734	230.0	16	1.05	0.95				
	116	2	39.23800098245614	7.847600196491229	0.0	0.0	1	1.0167251560265487	7.305247933128039	230.0	16	1.05	0.95				
	117	1	0.0	0.0	0.0	0.0	1	1.0248806237707981	11.718926385926663	230.0	17	1.05	0.95				
	118	2	130.66254327157895	26.68184066807018	0.0	0.0	1	1.030845535969376	12.156107411108515	230.0	17	1.05	0.95				
	119	1	71.02078177824562	14.518060363508772	0.0	0.0	1	1.0095863097685784	4.615585124723902	230.0	15	1.05	0.95				
	120	1	50.224641257543865	10.201880255438597	0.0	0.0	1	1.006450294871343	2.4533535861253526	230.0	15	1.05	0.95				
	121	2	0.0	0.0	0.0	0.0	1	1.032325866372384	12.971382551473328	230.0	17	1.05	0.95				
	122	2	0.0	0.0	0.0	0.0	1	1.047755382443493	26.013582933432918	230.0	17	1.05	0.95				
	123	2	0.0	0.0	0.0	0.0	1	1.0054384189243037	1.5738929864821112	230.0	15	1.05	0.95				
	124	1	0.0	0.0	0.0	0.0	1	1.013194579808841	5.568937922838835	230.0	16	1.05	0.95				
	201	2	40.86762157894737	8.324885877192983	0.0	0.0	2	1.0152069671764008	-14.404363910486843	138.0	21	1.05	0.95				
	202	2	36.70517864035088	7.5680780701754395	0.0	0.0	2	1.0138456466657626	-14.669062682254324	138.0	22	1.05	0.95				
	203	1	68.11270263157895	14.000944429824564	0.0	0.0	2	1.0075256401891146	-10.762235489269797	138.0	21	1.05	0.95				
	204	1	28.001888859649128	5.676058552631579	0.0	0.0	2	1.0088675434363366	-14.248887711044015	138.0	21	1.05	0.95				
	205	1	26.866677149122808	5.297654649122808	0.0	0.0	2	1.0249641518019728	-14.65204528118523	138.0	21	1.05	0.95				
	206	1	51.46293087719299	10.595309298245615	0.0	-100.0	2	1.038423714023782	-15.281571198272202	138.0	22	1.05	0.95				
	207	2	47.30048793859649	9.460097587719298	0.0	0.0	2	0.9856117468844529	-19.783015067459296	138.0	22	1.05	0.95				
	208	1	64.70706750000001	13.244136622807018	0.0	0.0	2	0.9935657003816057	-18.092224152369315	138.0	22	1.05	0.95				
	209	1	66.2206831140351	13.62254052631579	0.0	0.0	2	1.0154836392598843	-12.314448806618156	138.0	23	1.05	0.95				
	210	1	73.78876118421053	15.136156140350879	0.0	0.0	2	1.0436813915490588	-13.671429920075695	138.0	23	1.05	0.95				
	211	1	0.0	0.0	0.0	0.0	2	0.9949900265295761	-9.935055938643538	230.0	23	1.05	0.95				
	212	1	0.0	0.0	0.0	0.0	2	1.0002538863614188	-7.832112609159616	230.0	23	1.05	0.95				
	213	2	100.27703442982457	20.433810789473686	0.0	0.0	2	0.9914201481714158	-8.580085136033155	230.0	24	1.05	0.95				
	214	2	73.41035728070176	14.757752236842107	0.0	0.0	2	0.9897068350287788	-7.903370340570847	230.0	26	1.05	0.95				
	215	2	119.9540374122807	24.217849824561405	0.0	0.0	2	1.0031512933716966	-1.4405930700269471	230.0	26	1.05	0.95				
	216	2	37.84039035087719	7.5680780701754395	0.0	0.0	2	1.0012345920935688	-2.6372374149266555	230.0	26	1.05	0.95				
	217	1	0.0	0.0	0.0	0.0	2	1.0083945481836905	-0.6665343843316952	230.0	27	1.05	0.95				
	218	2	126.00849986842107	25.731465438596494	0.0	0.0	2	1.0084815804602003	-0.9567996112665387	230.0	27	1.05	0.95				
	219	1	68.49110653508774	14.000944429824564	0.0	0.0	2	0.9998727339048485	-3.4882553861545227	230.0	25	1.05	0.95				
	220	1	48.43569964912281	9.838501491228072	0.0	0.0	2	1.001217958698366	-3.4487332577489442	230.0	25	1.05	0.95				
	221	2	0.0	0.0	0.0	0.0	2	1.0109498832750365	-0.3058836535906701	230.0	27	1.05	0.95				
	222	2	0.0	0.0	0.0	0.0	2	1.0298510606964915	6.279507725753242	230.0	27	1.05	0.95				
	223	2	0.0	0.0	0.0	0.0	2	1.0023655159696556	-3.120665774783079	230.0	25	1.05	0.95				
	224	1	0.0	0.0	0.0	0.0	2	0.9935193794393209	-4.984075629563025	230.0	26	1.05	0.95				
	301	2	64.48908573473685	13.136665612631578	0.0	0.0	3	1.005997120213845	7.8185398346529205	138.0	31	1.05	0.95				
	302	2	57.92075292842105	11.942423284210527	0.0	0.0	3	1.0059704734082848	7.776144650519886	138.0	32	1.05	0.95				
	303	1	107.48180955789475	22.09348307578947	0.0	0.0	3	1.0113715372425278	11.171964804640622	138.0	31	1.05	0.95				
	304	1	44.18696615157894	8.956817463157893	0.0	0.0	3	1.0037564565542778	9.918878836857818	138.0	31	1.05	0.95				
	305	1	42.39560265894737	8.35969629894737	0.0	0.0	3	1.0178703329895196	9.827428288652765	138.0	31	1.05	0.95				
	306	1	81.20847833263159	16.71939259789474	0.0	-100.0	3	1.032950092946011	10.282279759632415	138.0	32	1.05	0.95				
	307	2	74.64014552631579	14.928029105263157	0.0	0.0	3	0.9868288926973516	7.044347910658689	138.0	32	1.05	0.95				
	308	1	102.10771908000001	20.89924074736842	0.0	0.0	3	0.9984174604793068	9.71710434975637	138.0	32	1.05	0.95				
	309	1	104.49620373684209	21.496361911578944	0.0	0.0	3	1.0231961941607515	14.123085177061032	138.0	33	1.05	0.95				
	310	1	116.43862702105264	23.884846568421054	0.0	0.0	3	1.0480631708621853	13.756530432528283	138.0	33	1.05	0.95				
	311	1	0.0	0.0	0.0	0.0	3	1.0091555099450527	19.721918118317568	230.0	33	1.05	0.95				
	312	1	0.0	0.0	0.0	0.0	3	1.0141752780414615	20.904717626349562	230.0	33	1.05	0.95				
	313	2	158.23710851578946	32.24454286736842	0.0	0.0	3	1.0272056654430952	27.445853980847268	230.0	34	1.05	0.95				
	314	2	115.8415058568421	23.287725404210526	0.0	0.0	3	1.0094665691729865	18.696710278212294	230.0	36	1.05	0.95				
	315	2	189.28740905473686	38.21575450947368	0.0	0.0	3	1.0182601575740975	13.03566356670404	230.0	36	1.05	0.95				
	316	2	59.71211642105263	11.942423284210527	0.0	0.0	3	1.0168748073408265	14.513245034662717	230.0	36	1.05	0.95				
	317	1	0.0	0.0	0.0	0.0	3	1.0238646609442807	14.087304655676439	230.0	37	1.05	0.95				
	318	2	198.84134768210527	40.60423916631579	0.0	0.0	3	1.0204439337242113	11.72353577394345	230.0	37	1.05	0.95				
	319	1	108.07893072210526	22.09348307578947	0.0	0.0	3	1.0197119527120855	17.234617003621242	230.0	35	1.05	0.95				
	320	1	76.43150901894737	15.525150269473684	0.0	0.0	3	1.0244363391481779	19.045779958911044	230.0	35	1.05	0.95				
	321	2	0.0	0.0	0.0	0.0	3	1.0238591900521528	12.778433011205157	230.0	37	1.05	0.95				
	322	2	0.0	0.0	0.0	0.0	3	1.0369788467432426	17.69147831227256	230.0	37	1.05	0.95				
	323	2	0.0	0.0	0.0	0.0	3	1.026441599551893	19.492740466780027	230.0	35	1.05	0.95				
	324	1	0.0	0.0	0.0	0.0	3	1.0135297679638176	14.59109401662855	230.0	36	1.05	0.95				
