%% MATPOWER Case Format : Version 2
function mpc = RTS_GMLC
mpc.version = '2';

%%-----  Power Flow Data  -----%%
%% system MVA base
mpc.baseMVA = 100.0;
%% bus data
%    bus_i    type    Pd    Qd    Gs    Bs    area    Vm    Va    baseKV    zone    Vmax    Vmin
mpc.bus = [
	101	2	39.10390897263158	7.965611087017543	0.0	0.0	1	1.0129137637497723	-3.5025489579726488	138.0	11	1.05	0.95				
	102	2	35.121103429122805	7.241464624561404	0.0	0.0	1	1.012839302754797	-3.7106361705957704	138.0	12	1.05	0.95				
	103	1	65.17318162105263	13.396709555438596	0.0	0.0	1	1.0024690928711866	0.9864829190575533	138.0	11	1.05	0.95				
	104	1	26.793419110877192	5.431098468421052	0.0	0.0	1	1.0037088059790662	-3.649302902355092	138.0	11	1.05	0.95				
	105	1	25.70719941719298	5.0690252371929825	0.0	0.0	1	1.017805480002242	-4.625624906909391	138.0	11	1.05	0.95				
	106	1	49.24195944701755	10.138050474385965	0.0	-100.0	1	1.0287069679565422	-5.70759786163103	138.0	12	1.05	0.95				
	107	2	45.25915390350877	9.051830780701755	0.0	0.0	1	0.9858251574535569	-9.088287581445227	138.0	12	1.05	0.95				
	108	1	61.91452253999999	12.672563092982456	0.0	0.0	1	0.9892840097355271	-7.980538746789078	138.0	12	1.05	0.95				
	109	1	63.36281546491228	13.034636324210524	0.0	0.0	1	1.0024329529348086	-2.8187362753128995	138.0	13	1.05	0.95				
	110	1	70.60428008947368	14.482929249122808	0.0	0.0	1	1.0311132484144097	-4.567163364366242	138.0	13	1.05	0.95				
	111	1	0.0	0.0	0.0	0.0	1	0.9801618485274424	-0.5093936332512957	230.0	13	1.05	0.95				
	112	1	0.0	0.0	0.0	0.0	1	0.9822240567016666	-1.2452762302061424	230.0	13	1.05	0.95				
	113	3	95.94940627543859	19.55195448631579	0.0	0.0	1	0.9616586170406001	1.9983554165144507e-28	230.0	14	1.05	0.95				
	114	2	70.24220685824561	14.120856017894736	0.0	0.0	1	0.9863478086025125	2.3944548196335784	230.0	16	1.05	0.95				
	115	2	114.77721429929824	23.17268679859649	0.0	0.0	1	0.9874744278892098	10.397560588265035	230.0	16	1.05	0.95				
	116	2	36.20732312280702	7.241464624561404	0.0	0.0	1	0.9869641765850707	8.987996990180111	230.0	16	1.05	0.95				
	117	1	0.0	0.0	0.0	0.0	1	0.9907625851748122	13.93411236590037	230.0	17	1.05	0.95				
	118	2	120.57038599894736	24.620979723508775	0.0	0.0	1	0.9957205048691602	14.551467533334737	230.0	17	1.05	0.95				
	119	1	65.5352548522807	13.396709555438596	0.0	0.0	1	0.9877508145648074	5.7755314128201105	230.0	15	1.05	0.95				
	120	1	46.34537359719298	9.413904011929825	0.0	0.0	1	0.992249084280327	3.3260342019812015	230.0	15	1.05	0.95				
	121	2	0.0	0.0	0.0	0.0	1	0.9956957200518152	15.76702070172383	230.0	17	1.05	0.95				
	122	2	0.0	0.0	0.0	0.0	1	1.010652782732718	29.149400219040324	230.0	17	1.05	0.95				
	123	2	0.0	0.0	0.0	0.0	1	0.9954646213741785	2.2843942541419153	230.0	15	1.05	0.95				
	124	1	0.0	0.0	0.0	0.0	1	0.9818969076101969	6.780086695305832	230.0	16	1.05	0.95				
	201	2	41.19061861894737	8.390681570526317	0.0	0.0	2	1.0106288559382262	-10.249437076082485	138.0	21	1.05	0.95				
	202	2	36.99527783368421	7.627892336842107	0.0	0.0	2	1.009575640176238	-10.410503939681783	138.0	22	1.05	0.95				
	203	1	68.65103103157895	14.111600823157897	0.0	0.0	2	0.9975610385035071	-7.7530264095159955	138.0	21	1.05	0.95				
	204	1	28.223201646315793	5.720919252631579	0.0	0.0	2	1.001942475297405	-9.496335256887702	138.0	21	1.05	0.95				
	205	1	27.079017795789472	5.339524635789475	0.0	0.0	2	1.0179805845997074	-9.837847596975005	138.0	21	1.05	0.95				
	206	1	51.86966789052633	10.67904927157895	0.0	-100.0	2	1.030317687918084	-10.094617700869614	138.0	22	1.05	0.95				
	207	2	47.67432710526316	9.534865421052633	0.0	0.0	2	0.9716497934383971	-14.571831890318682	138.0	22	1.05	0.95				
	208	1	65.21847948	13.348811589473684	0.0	0.0	2	0.981532551648499	-12.848774468991914	138.0	22	1.05	0.95				
	209	1	66.74405794736843	13.73020620631579	0.0	0.0	2	1.006975036744745	-7.11839169956201	138.0	23	1.05	0.95				
	210	1	74.37195028421053	15.255784673684214	0.0	0.0	2	1.0347125743274783	-8.162279091474476	138.0	23	1.05	0.95				
	211	1	0.0	0.0	0.0	0.0	2	0.9867500742515724	-4.951733765609218	230.0	23	1.05	0.95				
	212	1	0.0	0.0	0.0	0.0	2	0.9897839627795861	-0.4696762851850529	230.0	23	1.05	0.95				
	213	2	101.06957346315791	20.595309309473684	0.0	0.0	2	0.9826639488017533	-2.5748587031584713	230.0	24	1.05	0.95				
	214	2	73.99055566736843	14.874390056842108	0.0	0.0	2	0.9812796847978821	-4.192554130253806	230.0	26	1.05	0.95				
	215	2	120.90209353894738	24.40925547789474	0.0	0.0	2	0.9902582743063162	-0.39684428020600815	230.0	26	1.05	0.95				
	216	2	38.13946168421053	7.627892336842107	0.0	0.0	2	0.9885118394507657	-0.6138394439691043	230.0	26	1.05	0.95				
	217	1	0.0	0.0	0.0	0.0	2	0.9986358046975491	0.3070422567727891	230.0	27	1.05	0.95				
	218	2	127.00440740842107	25.934833945263165	0.0	0.0	2	0.9994984563410412	-0.18773969880041572	230.0	27	1.05	0.95				
	219	1	69.03242564842105	14.111600823157897	0.0	0.0	2	0.9830807488518221	0.17415633330557642	230.0	25	1.05	0.95				
	220	1	48.81851095578948	9.916260037894737	0.0	0.0	2	0.9812298121455587	1.6772095392504571	230.0	25	1.05	0.95				
	221	2	0.0	0.0	0.0	0.0	2	1.0017711330590653	0.3068481142450742	230.0	27	1.05	0.95				
	222	2	0.0	0.0	0.0	0.0	2	1.0190849699815612	4.959153287670275	230.0	27	1.05	0.95				
	223	2	0.0	0.0	0.0	0.0	2	0.9812191670053091	2.828944621772781	230.0	25	1.05	0.95				
	224	1	0.0	0.0	0.0	0.0	2	0.9839127339054436	-3.2030043278059153	230.0	26	1.05	0.95				
	301	2	47.935463456842115	9.764631444912283	0.0	0.0	3	1.0116666775157648	26.994363709933236	138.0	31	1.05	0.95				
	302	2	43.053147734385966	8.876937677192984	0.0	0.0	3	1.011922632728455	26.770267453882376	138.0	32	1.05	0.95				
	303	1	79.89243909473684	16.422334702807017	0.0	0.0	3	1.0156628571174262	36.54624934466521	138.0	31	1.05	0.95				
	304	1	32.844669405614034	6.657703257894737	0.0	0.0	3	1.0034096225174534	28.249344594244292	138.0	31	1.05	0.95				
	305	1	31.513128754035087	6.213856374035089	0.0	0.0	3	1.0194019099689855	26.903290435694714	138.0	31	1.05	0.95				
	306	1	60.36317620491229	12.427712748070178	0.0	-100.0	3	1.0316923553485648	26.314184140748285	138.0	32	1.05	0.95				
	307	2	55.48086048245614	11.096172096491228	0.0	0.0	3	0.9685826989763657	24.409596263533626	138.0	32	1.05	0.95				
	308	1	75.89781714	15.53464093508772	0.0	0.0	3	0.985210164314851	26.336654340344317	138.0	32	1.05	0.95				
	309	1	77.6732046754386	15.978487818947368	0.0	0.0	3	1.0106829513935687	31.339178865543026	138.0	33	1.05	0.95				
	310	1	86.55014235263158	17.75387535438597	0.0	0.0	3	1.038071646341748	28.264945480735754	138.0	33	1.05	0.95				
	311	1	0.0	0.0	0.0	0.0	3	0.9892570605898074	31.89156465206058	230.0	33	1.05	0.95				
	312	1	0.0	0.0	0.0	0.0	3	0.9981808289533773	32.30332554413521	230.0	33	1.05	0.95				
	313	2	117.61942422280703	23.967731728421057	0.0	0.0	3	0.9968852309330273	35.72210902340088	230.0	34	1.05	0.95				
	314	2	86.10629546877193	17.31002847052632	0.0	0.0	3	0.9729846501966035	30.741967764074097	230.0	36	1.05	0.95				
	315	2	140.69946218350879	28.40620056701755	0.0	0.0	3	0.9794746768974716	27.02529921215111	230.0	36	1.05	0.95				
	316	2	44.384688385964914	8.876937677192984	0.0	0.0	3	0.9664819891880412	27.66472711159559	230.0	36	1.05	0.95				
	317	1	0.0	0.0	0.0	0.0	3	0.9841671488826282	27.494179832019032	230.0	37	1.05	0.95				
	318	2	147.80101232526317	30.181588102456146	0.0	0.0	3	0.9837020961474409	24.663693381825684	230.0	37	1.05	0.95				
	319	1	80.3362859785965	16.422334702807017	0.0	0.0	3	0.9766032114481608	28.427849645955526	230.0	35	1.05	0.95				
	320	1	56.8124011340351	11.54001898035088	0.0	0.0	3	0.9859011380933779	28.705704589859092	230.0	35	1.05	0.95				
	321	2	0.0	0.0	0.0	0.0	3	0.9903686594910941	25.87766133607012	230.0	37	1.05	0.95				
	322	2	0.0	0.0	0.0	0.0	3	1.0065880474564042	29.34807932488034	230.0	37	1.05	0.95				
	323	2	0.0	0.0	0.0	0.0	3	0.9904413224377936	28.63971300232375	230.0	35	1.05	0.95				
	324	1	0.0	0.0	0.0	0.0	3	0.9922084785273672	31.9898603409687	230.0	36	1.05	0.95				
