%% MATPOWER Case Format : Version 2
function mpc = RTS_GMLC
mpc.version = '2';

%%-----  Power Flow Data  -----%%
%% system MVA base
mpc.baseMVA = 100.0;
%% bus data
%    bus_i    type    Pd    Qd    Gs    Bs    area    Vm    Va    baseKV    zone    Vmax    Vmin
mpc.bus = [
	101	2	43.0316674863158	8.765710043508772	0.0	0.0	1	1.0345913099698412	0.9152023052465444	138.0	11	1.05	0.95				
	102	2	38.6488124645614	7.968827312280702	0.0	0.0	1	1.0322675412418025	0.2597683552570043	138.0	12	1.05	0.95				
	103	1	71.71944581052631	14.7423305277193	0.0	0.0	1	1.0204879243532576	1.7814244232561993	138.0	11	1.05	0.95				
	104	1	29.4846610554386	5.976620484210526	0.0	0.0	1	1.021634801180156	-1.6778709814153416	138.0	11	1.05	0.95				
	105	1	28.28933695859649	5.578179118596492	0.0	0.0	1	1.037052369786484	-1.869413949156981	138.0	11	1.05	0.95				
	106	1	54.18802572350878	11.156358237192984	0.0	-100.0	1	1.0464461388665762	-3.980205616566396	138.0	12	1.05	0.95				
	107	2	49.805170701754385	9.961034140350877	0.0	0.0	1	1.0017741481082436	-10.653431139221299	138.0	12	1.05	0.95				
	108	1	68.13347352	13.945447796491228	0.0	0.0	1	1.0044535340048837	-8.559770887499317	138.0	12	1.05	0.95				
	109	1	69.72723898245614	14.343889162105263	0.0	0.0	1	1.0215287661319956	-2.180566050628942	138.0	13	1.05	0.95				
	110	1	77.69606629473684	15.937654624561404	0.0	0.0	1	1.05	-3.4383485309649506	138.0	13	1.05	0.95				
	111	1	0.0	0.0	0.0	0.0	1	1.0010083304790163	0.023050214614673104	230.0	13	1.05	0.95				
	112	1	0.0	0.0	0.0	0.0	1	1.0063456768874877	-0.8453379969681251	230.0	13	1.05	0.95				
	113	3	105.5869618877193	21.5158337431579	0.0	0.0	1	0.9971687990143684	4.428738346482468e-29	230.0	14	1.05	0.95				
	114	2	77.2976249291228	15.539213258947369	0.0	0.0	1	0.9957373233115182	3.032693020297041	230.0	16	1.05	0.95				
	115	2	126.30591289964912	25.50024739929825	0.0	0.0	1	1.0129394187394622	11.612571671913381	230.0	16	1.05	0.95				
	116	2	39.84413656140351	7.968827312280702	0.0	0.0	1	1.0120695411766267	9.728521327205156	230.0	16	1.05	0.95				
	117	1	0.0	0.0	0.0	0.0	1	1.0160624364167536	14.681813945255174	230.0	17	1.05	0.95				
	118	2	132.68097474947368	27.09401286175439	0.0	0.0	1	1.017262125660002	15.88190711737066	230.0	17	1.05	0.95				
	119	1	72.11788717614034	14.7423305277193	0.0	0.0	1	1.0052550840921162	5.946714647387192	230.0	15	1.05	0.95				
	120	1	51.0004947985965	10.359475505964912	0.0	0.0	1	1.0049528554141691	3.361573783196114	230.0	15	1.05	0.95				
	121	2	0.0	0.0	0.0	0.0	1	1.0176490660068265	17.87245873724191	230.0	17	1.05	0.95				
	122	2	0.0	0.0	0.0	0.0	1	1.0499999857664342	25.41783043718067	230.0	17	1.05	0.95				
	123	2	0.0	0.0	0.0	0.0	1	1.0057262251372212	2.258883173133542	230.0	15	1.05	0.95				
	124	1	0.0	0.0	0.0	0.0	1	1.0037986966196202	7.863829802377525	230.0	16	1.05	0.95				
	201	2	40.799622240000005	8.31103416	0.0	0.0	2	1.0073310255285328	-15.598521600990292	138.0	21	1.05	0.95				
	202	2	36.64410516	7.555485600000001	0.0	0.0	2	1.0063453461797507	-15.891400651217657	138.0	22	1.05	0.95				
	203	1	67.9993704	13.97764836	0.0	0.0	2	1.0151973213397374	-11.565040676401226	138.0	21	1.05	0.95				
	204	1	27.95529672	5.666614200000001	0.0	0.0	2	1.009870434862541	-15.646528182828042	138.0	21	1.05	0.95				
	205	1	26.821973879999998	5.288839920000001	0.0	0.0	2	1.0240874122124608	-16.08672537272051	138.0	21	1.05	0.95				
	206	1	51.37730208000001	10.577679840000002	0.0	-100.0	2	1.0414916387975024	-16.84769795795997	138.0	22	1.05	0.95				
	207	2	47.221785000000004	9.444357	0.0	0.0	2	0.9898997842000821	-21.26479086551868	138.0	22	1.05	0.95				
	208	1	64.59940188	13.2220998	0.0	0.0	2	0.9991834405751573	-19.61453914435813	138.0	22	1.05	0.95				
	209	1	66.110499	13.59987408	0.0	0.0	2	1.0233070751129434	-13.874583631118005	138.0	23	1.05	0.95				
	210	1	73.6659846	15.110971200000002	0.0	0.0	2	1.05	-15.351085159474636	138.0	23	1.05	0.95				
	211	1	0.0	0.0	0.0	0.0	2	1.0051850787946774	-11.116989868323715	230.0	23	1.05	0.95				
	212	1	0.0	0.0	0.0	0.0	2	1.0136420005089937	-10.447585379968713	230.0	23	1.05	0.95				
	213	2	100.11018419999999	20.399811120000003	0.0	0.0	2	1.0049683646574068	-9.844632507090111	230.0	24	1.05	0.95				
	214	2	73.28821032	14.733196920000003	0.0	0.0	2	1.0017708804310033	-8.608733308411487	230.0	26	1.05	0.95				
	215	2	119.75444676	24.17755392	0.0	0.0	2	1.022249228544368	-1.968027131715757	230.0	26	1.05	0.95				
	216	2	37.777428	7.555485600000001	0.0	0.0	2	1.0243503946001082	-2.839908114023392	230.0	26	1.05	0.95				
	217	1	0.0	0.0	0.0	0.0	2	1.0255432130990219	-0.8360350111344951	230.0	27	1.05	0.95				
	218	2	125.79883524000002	25.688651040000003	0.0	0.0	2	1.0253360824622173	-1.2056080945714964	230.0	27	1.05	0.95				
	219	1	68.37714468	13.97764836	0.0	0.0	2	1.0336637506135	-3.1569080167908186	230.0	25	1.05	0.95				
	220	1	48.35510784	9.82213128	0.0	0.0	2	1.0439654043907525	-2.70201150938886	230.0	25	1.05	0.95				
	221	2	0.0	0.0	0.0	0.0	2	1.0278187832422667	-0.6617113845901132	230.0	27	1.05	0.95				
	222	2	0.0	0.0	0.0	0.0	2	1.0491904314916896	5.7701920369759305	230.0	27	1.05	0.95				
	223	2	0.0	0.0	0.0	0.0	2	1.05	-2.177485985723483	230.0	25	1.05	0.95				
	224	1	0.0	0.0	0.0	0.0	2	1.0078080224746868	-5.573609536569101	230.0	26	1.05	0.95				
	301	2	60.55994936842106	12.336285982456141	0.0	0.0	3	1.0430536944015902	23.85590471720713	138.0	31	1.05	0.95				
	302	2	54.391806377192985	11.214805438596493	0.0	0.0	3	1.0384507245426982	23.51472707269674	138.0	32	1.05	0.95				
	303	1	100.93324894736841	20.747390061403507	0.0	0.0	3	1.05	40.32899329187415	138.0	31	1.05	0.95				
	304	1	41.494780122807015	8.411104078947368	0.0	0.0	3	1.0169326463792492	25.293966229910076	138.0	31	1.05	0.95				
	305	1	39.812559307017544	7.850363807017545	0.0	0.0	3	1.0394653028702312	22.864560345386103	138.0	31	1.05	0.95				
	306	1	76.26067698245615	15.70072761403509	0.0	-100.0	3	1.0434521343662737	21.669788970071462	138.0	32	1.05	0.95				
	307	2	70.09253399122807	14.018506798245614	0.0	0.0	3	0.95	16.889921527352715	138.0	32	1.05	0.95				
	308	1	95.88658649999999	19.625909517543857	0.0	0.0	3	0.9685673644246756	19.463403355437155	138.0	32	1.05	0.95				
	309	1	98.1295475877193	20.186649789473684	0.0	0.0	3	1.0182936975576473	29.09203991885591	138.0	33	1.05	0.95				
	310	1	109.34435302631577	22.429610877192985	0.0	0.0	3	1.0492622030746448	23.620514768381522	138.0	33	1.05	0.95				
	311	1	0.0	0.0	0.0	0.0	3	1.0063542243761607	27.850991658098682	230.0	33	1.05	0.95				
	312	1	0.0	0.0	0.0	0.0	3	1.0109069054706519	28.277410107886734	230.0	33	1.05	0.95				
	313	2	148.5961720614035	30.27997468421053	0.0	0.0	3	1.0083332702711	31.05027840825292	230.0	34	1.05	0.95				
	314	2	108.78361275438597	21.868870605263158	0.0	0.0	3	1.0018180516363386	26.653770563366578	230.0	36	1.05	0.95				
	315	2	177.75466620175436	35.88737740350877	0.0	0.0	3	1.0470196548771296	24.851103373791528	230.0	36	1.05	0.95				
	316	2	56.074027192982456	11.214805438596493	0.0	0.0	3	1.0345582046650685	24.794824922856062	230.0	36	1.05	0.95				
	317	1	0.0	0.0	0.0	0.0	3	1.0499998078537314	25.938033249234685	230.0	37	1.05	0.95				
	318	2	186.7265105526316	38.13033849122807	0.0	0.0	3	1.0493404948075111	22.681221131934613	230.0	37	1.05	0.95				
	319	1	101.49398921929824	20.747390061403507	0.0	0.0	3	1.0233333405876184	24.880185783295584	230.0	35	1.05	0.95				
	320	1	71.77475480701754	14.579247070175438	0.0	0.0	3	1.015786937020449	25.098390457199667	230.0	35	1.05	0.95				
	321	2	0.0	0.0	0.0	0.0	3	1.05	24.05022374889706	230.0	37	1.05	0.95				
	322	2	0.0	0.0	0.0	0.0	3	1.05	29.139296901019556	230.0	37	1.05	0.95				
	323	2	0.0	0.0	0.0	0.0	3	1.0121720422291045	25.372718000097816	230.0	35	1.05	0.95				
	324	1	0.0	0.0	0.0	0.0	3	1.04416155905157	31.973857401472028	230.0	36	1.05	0.95				
	325	1	0.0	0.0	0.0	0.0	3	1.0140721639200996	24.740774181177454	230.0	35	1.05	0.95				
];

%% generator data
%    bus    Pg    Qg    Qmax    Qmin    Vg    mBase    status    Pmax    Pmin    Pc1    Pc2    Qc1min    Qc1max    Qc2min    Qc2max    ramp_agc    ramp_10    ramp_30    ramp_q    apf
