%% MATPOWER Case Format : Version 2
function mpc = RTS_GMLC
mpc.version = '2';

%%-----  Power Flow Data  -----%%
%% system MVA base
mpc.baseMVA = 100.0;
%% bus data
%    bus_i    type    Pd    Qd    Gs    Bs    area    Vm    Va    baseKV    zone    Vmax    Vmin
mpc.bus = [
	101	2	46.94606628631579	9.563087576842106	0.0	0.0	1	1.05	3.656715355451218	138.0	11	1.05	0.95				
	102	2	42.16452249789474	8.69371597894737	0.0	0.0	1	1.0493853644672304	3.2641802444663965	138.0	12	1.05	0.95				
	103	1	78.24344381052632	16.083374561052633	0.0	0.0	1	1.0158313379440895	1.2572471737006252	138.0	11	1.05	0.95				
	104	1	32.166749122105266	6.520286984210526	0.0	0.0	1	1.028002832107574	-0.19334583185092694	138.0	11	1.05	0.95				
	105	1	30.862691725263158	6.085601185263158	0.0	0.0	1	1.0434525351255504	-0.2802724454305436	138.0	11	1.05	0.95				
	106	1	59.117268656842114	12.171202370526316	0.0	-100.0	1	1.0485896828662713	-3.002550789637026	138.0	12	1.05	0.95				
	107	2	54.33572486842105	10.86714497368421	0.0	0.0	1	1.003499780238117	-10.594250799455155	138.0	12	1.05	0.95				
	108	1	74.33127162	15.214002963157894	0.0	0.0	1	1.0040826212902056	-8.53774245719443	138.0	12	1.05	0.95				
	109	1	76.07001481578948	15.648688762105262	0.0	0.0	1	1.020584665955721	-2.1476954946287794	138.0	13	1.05	0.95				
	110	1	84.76373079473683	17.38743195789474	0.0	0.0	1	1.05	-2.9780962443900942	138.0	13	1.05	0.95				
	111	1	0.0	0.0	0.0	0.0	1	1.0000515521934052	-0.383754144616269	230.0	13	1.05	0.95				
	112	1	0.0	0.0	0.0	0.0	1	1.0060980322303412	-0.8758540550331182	230.0	13	1.05	0.95				
	113	3	115.19173672105264	23.473033143157895	0.0	0.0	1	0.9984144406639063	7.19083395286352e-29	230.0	14	1.05	0.95				
	114	2	84.32904499578947	16.952746158947367	0.0	0.0	1	0.9899891846682974	1.6139416486815863	230.0	16	1.05	0.95				
	115	2	137.7953982663158	27.81989113263158	0.0	0.0	1	0.9970689479072966	8.795020983636936	230.0	16	1.05	0.95				
	116	2	43.46857989473684	8.69371597894737	0.0	0.0	1	0.9975468202877461	7.219845284459918	230.0	16	1.05	0.95				
	117	1	0.0	0.0	0.0	0.0	1	0.9995070781029027	11.519233216666374	230.0	17	1.05	0.95				
	118	2	144.75037104947367	29.558634328421057	0.0	0.0	1	0.9990232738757978	12.485752120867765	230.0	17	1.05	0.95				
	119	1	78.67812960947369	16.083374561052633	0.0	0.0	1	0.9952614593870902	4.090090659421995	230.0	15	1.05	0.95				
	120	1	55.63978226526316	11.301830772631579	0.0	0.0	1	0.9982766848190718	2.201344188771572	230.0	15	1.05	0.95				
	121	2	0.0	0.0	0.0	0.0	1	1.0015077620713138	14.406195575473056	230.0	17	1.05	0.95				
	122	2	0.0	0.0	0.0	0.0	1	1.0295093010575256	21.489995041624166	230.0	17	1.05	0.95				
	123	2	0.0	0.0	0.0	0.0	1	1.0007693177415136	1.518067971798741	230.0	15	1.05	0.95				
	124	1	0.0	0.0	0.0	0.0	1	0.9947879385253635	5.8825425004338845	230.0	16	1.05	0.95				
	201	2	40.83362192842106	8.317960022456141	0.0	0.0	2	1.0081327494310062	-14.891826248975658	138.0	21	1.05	0.95				
	202	2	36.674641917192986	7.561781838596493	0.0	0.0	2	1.007194786648924	-15.184181615772678	138.0	22	1.05	0.95				
	203	1	68.05603654736842	13.989296401403509	0.0	0.0	2	1.0161304496986543	-10.885933484878086	138.0	21	1.05	0.95				
	204	1	27.978592802807018	5.671336378947369	0.0	0.0	2	1.0103101475250398	-14.930323423071938	138.0	21	1.05	0.95				
	205	1	26.844325527017542	5.293247287017545	0.0	0.0	2	1.0244927623480007	-15.36872362881683	138.0	21	1.05	0.95				
	206	1	51.420116502456146	10.58649457403509	0.0	-100.0	2	1.0416923458181349	-16.12377254600347	138.0	22	1.05	0.95				
	207	2	47.26113649122807	9.452227298245615	0.0	0.0	2	0.9904722436789196	-20.548019060729533	138.0	22	1.05	0.95				
	208	1	64.65323472000001	13.23311821754386	0.0	0.0	2	0.9995266625239876	-18.894403843649545	138.0	22	1.05	0.95				
	209	1	66.1655910877193	13.611207309473686	0.0	0.0	2	1.0234200922797998	-13.150539117198694	138.0	23	1.05	0.95				
	210	1	73.7273729263158	15.123563677192987	0.0	0.0	2	1.05	-14.621636207542096	138.0	23	1.05	0.95				
	211	1	0.0	0.0	0.0	0.0	2	1.0050752938771237	-10.301971330358622	230.0	23	1.05	0.95				
	212	1	0.0	0.0	0.0	0.0	2	1.012887701857027	-9.782260264234809	230.0	23	1.05	0.95				
	213	2	100.19360936140352	20.41681096421053	0.0	0.0	2	1.0040755246306363	-9.162197392255337	230.0	24	1.05	0.95				
	214	2	73.34928383438597	14.74547458526316	0.0	0.0	2	1.0025356686979143	-7.588355138296537	230.0	26	1.05	0.95				
	215	2	119.8542421417544	24.197701883508774	0.0	0.0	2	1.0231953815198822	-0.8596433838305698	230.0	26	1.05	0.95				
	216	2	37.80890919298246	7.561781838596493	0.0	0.0	2	1.0248740413938418	-1.5271017918776422	230.0	26	1.05	0.95				
	217	1	0.0	0.0	0.0	0.0	2	1.0254089227190777	0.041654248053292486	230.0	27	1.05	0.95				
	218	2	125.90366761263158	25.710058251228073	0.0	0.0	2	1.02533013333852	-0.2692269905832562	230.0	27	1.05	0.95				
	219	1	68.43412563929824	13.989296401403509	0.0	0.0	2	1.0326139578358535	-2.1836119711667106	230.0	25	1.05	0.95				
	220	1	48.39540376701755	9.830316390175438	0.0	0.0	2	1.0416032421745927	-2.0171902027554034	230.0	25	1.05	0.95				
	221	2	0.0	0.0	0.0	0.0	2	1.0280971911628058	0.3284333691247306	230.0	27	1.05	0.95				
	222	2	0.0	0.0	0.0	0.0	2	1.0492309139850036	6.715784736849672	230.0	27	1.05	0.95				
	223	2	0.0	0.0	0.0	0.0	2	1.046854040324994	-1.6467958530786013	230.0	25	1.05	0.95				
	224	1	0.0	0.0	0.0	0.0	2	1.0082353453833475	-4.62703174370258	230.0	26	1.05	0.95				
	301	2	51.11293896	10.411894973333332	0.0	0.0	3	1.0421982609157623	17.61385001288149	138.0	31	1.05	0.95				
	302	2	45.90699147333333	9.465359066666668	0.0	0.0	3	1.0379331265202465	17.282946109960413	138.0	32	1.05	0.95				
	303	1	85.1882316	17.510914273333334	0.0	0.0	3	1.0490908880427217	32.988106184295624	138.0	31	1.05	0.95				
	304	1	35.02182854666667	7.099019299999999	0.0	0.0	3	1.0186119665992108	18.640403060913687	138.0	31	1.05	0.95				
	305	1	33.60202468666667	6.625751346666667	0.0	0.0	3	1.0405971658365638	16.459146265662092	138.0	31	1.05	0.95				
	306	1	64.36444165333334	13.251502693333334	0.0	-100.0	3	1.0463883218079553	15.247931959629474	138.0	32	1.05	0.95				
	307	2	59.158494166666664	11.831698833333332	0.0	0.0	3	0.95	11.011783478249344	138.0	32	1.05	0.95				
	308	1	80.92882001999999	16.564378366666666	0.0	0.0	3	0.970949329840521	13.093677782523695	138.0	32	1.05	0.95				
	309	1	82.82189183333332	17.03764632	0.0	0.0	3	1.0177518088504254	21.73027113416817	138.0	33	1.05	0.95				
	310	1	92.28725089999999	18.930718133333336	0.0	0.0	3	1.05	16.773483769956165	138.0	33	1.05	0.95				
	311	1	0.0	0.0	0.0	0.0	3	1.0040947778975406	20.160691182202125	230.0	33	1.05	0.95				
	312	1	0.0	0.0	0.0	0.0	3	1.0092795119571274	20.512273002067687	230.0	33	1.05	0.95				
	313	2	125.41600763333334	25.55646948	0.0	0.0	3	1.0050152609311014	22.459989833433312	230.0	34	1.05	0.95				
	314	2	91.81398294666666	18.457450180000002	0.0	0.0	3	0.9958824813055333	19.17480310283995	230.0	36	1.05	0.95				
	315	2	150.02594120666666	30.289149013333333	0.0	0.0	3	1.0404903769151803	17.711026055603956	230.0	36	1.05	0.95				
	316	2	47.32679533333333	9.465359066666668	0.0	0.0	3	1.0211931409746857	17.46535092522008	230.0	36	1.05	0.95				
	317	1	0.0	0.0	0.0	0.0	3	1.0442760035011993	17.78314203676297	230.0	37	1.05	0.95				
	318	2	157.59822846	32.18222082666667	0.0	0.0	3	1.05	15.603357866890235	230.0	37	1.05	0.95				
	319	1	85.66149955333333	17.510914273333334	0.0	0.0	3	1.0136905194074428	17.87532289847153	230.0	35	1.05	0.95				
	320	1	60.578298026666666	12.304966786666666	0.0	0.0	3	1.0082499204992612	18.136102959373446	230.0	35	1.05	0.95				
	321	2	0.0	0.0	0.0	0.0	3	1.05	16.88742481894356	230.0	37	1.05	0.95				
	322	2	0.0	0.0	0.0	0.0	3	1.05	21.578778789704156	230.0	37	1.05	0.95				
	323	2	0.0	0.0	0.0	0.0	3	1.00565464294642	18.466702650525562	230.0	35	1.05	0.95				
	324	1	0.0	0.0	0.0	0.0	3	1.0399086086304494	24.758097812338146	230.0	36	1.05	0.95				
	325	1	0.0	0.0	0.0	0.0	3	1.006629693734877	18.12393692020433	230.0	35	1.05	0.95				
];
