%% MATPOWER Case Format : Version 2
function mpc = RTS_GMLC
mpc.version = '2';

%%-----  Power Flow Data  -----%%
%% system MVA base
mpc.baseMVA = 100.0;
%% bus data
%    bus_i    type    Pd    Qd    Gs    Bs    area    Vm    Va    baseKV    zone    Vmax    Vmin
mpc.bus = [
	101	2	47.88124692631579	9.753587336842106	0.0	0.0	1	1.0404010713356555	2.9198401427983116	138.0	11	1.05	0.95				
	102	2	43.00445325789473	8.86689757894737	0.0	0.0	1	1.0399412918780437	2.7810985883434416	138.0	12	1.05	0.95				
	103	1	79.80207821052632	16.40376052105263	0.0	0.0	1	1.0292209921026547	-0.31057671671906945	138.0	11	1.05	0.95				
	104	1	32.80752104210526	6.650173184210526	0.0	0.0	1	1.0246222130971816	-0.7675379661374254	138.0	11	1.05	0.95				
	105	1	31.477486405263157	6.2068283052631585	0.0	0.0	1	1.0388978649732572	-0.5622937241134416	138.0	11	1.05	0.95				
	106	1	60.29490353684211	12.413656610526317	0.0	-100.0	1	1.0463617699949528	-2.9691208253946098	138.0	12	1.05	0.95				
	107	2	55.41810986842105	11.08362197368421	0.0	0.0	1	1.0000135619713337	-7.404346484871026	138.0	12	1.05	0.95				
	108	1	75.8119743	15.517070763157893	0.0	0.0	1	1.0042619232872598	-6.690506307046052	138.0	12	1.05	0.95				
	109	1	77.58535381578947	15.96041564210526	0.0	0.0	1	1.0250016223479776	-2.140984673466045	138.0	13	1.05	0.95				
	110	1	86.45225139473683	17.73379515789474	0.0	0.0	1	1.05	-2.7243476758153085	138.0	13	1.05	0.95				
	111	1	0.0	0.0	0.0	0.0	1	1.003579109700454	-0.6004643831652237	230.0	13	1.05	0.95				
	112	1	0.0	0.0	0.0	0.0	1	1.008533726379953	0.028728267827079504	230.0	13	1.05	0.95				
	113	3	117.48639292105263	23.940623463157895	0.0	0.0	1	0.9955270224989474	-1.0222727954368065e-29	230.0	14	1.05	0.95				
	114	2	86.00890651578946	17.290450278947368	0.0	0.0	1	0.9994450388733737	0.8345484365353856	230.0	16	1.05	0.95				
	115	2	140.54032662631576	28.374072252631578	0.0	0.0	1	1.0386136057680884	5.530976952053052	230.0	16	1.05	0.95				
	116	2	44.33448789473684	8.86689757894737	0.0	0.0	1	1.0337464472115183	5.436553974384002	230.0	16	1.05	0.95				
	117	1	0.0	0.0	0.0	0.0	1	1.0423562300701699	6.723479612361316	230.0	17	1.05	0.95				
	118	2	147.6338446894737	30.147451768421053	0.0	0.0	1	1.0450919394407563	6.501663704050548	230.0	17	1.05	0.95				
	119	1	80.24542308947369	16.40376052105263	0.0	0.0	1	1.0269126176822096	4.931463188171874	230.0	15	1.05	0.95				
	120	1	56.748144505263156	11.52696685263158	0.0	0.0	1	1.0240198884510516	5.354173882952871	230.0	15	1.05	0.95				
	121	2	0.0	0.0	0.0	0.0	1	1.0499999963424336	7.303540360814286	230.0	17	1.05	0.95				
	122	2	0.0	0.0	0.0	0.0	1	1.05	13.597152067187295	230.0	17	1.05	0.95				
	123	2	0.0	0.0	0.0	0.0	1	1.0231570752591244	5.931842974104672	230.0	15	1.05	0.95				
	124	1	0.0	0.0	0.0	0.0	1	1.0269926037293964	3.349399317460132	230.0	16	1.05	0.95				
	201	2	40.61262395368421	8.272941916491229	0.0	0.0	2	1.0237685987006389	-3.9246823938566844	138.0	21	1.05	0.95				
	202	2	36.476152995438596	7.520856287719299	0.0	0.0	2	1.0242913882933096	-3.6964451289534788	138.0	22	1.05	0.95				
	203	1	67.68770658947368	13.913584132280702	0.0	0.0	2	1.0191718717170897	-4.3223453726940475	138.0	21	1.05	0.95				
	204	1	27.827168264561404	5.640642215789474	0.0	0.0	2	1.0181134945537214	-5.600538756823259	138.0	21	1.05	0.95				
	205	1	26.69903982140351	5.264599401403509	0.0	0.0	2	1.0323159362902392	-5.7573979084451015	138.0	21	1.05	0.95				
	206	1	51.14182275649123	10.529198802807018	0.0	-100.0	2	1.045419691186244	-7.116665378002513	138.0	22	1.05	0.95				
	207	2	47.00535179824561	9.401070359649124	0.0	0.0	2	0.9893450688853982	-12.609038905159943	138.0	22	1.05	0.95				
	208	1	64.30332126	13.161498503508772	0.0	0.0	2	0.9989754653957814	-10.970937860810896	138.0	22	1.05	0.95				
	209	1	65.80749251754386	13.537541317894735	0.0	0.0	2	1.0233829278883932	-5.605460168673078	138.0	23	1.05	0.95				
	210	1	73.32834880526316	15.041712575438599	0.0	0.0	2	1.05	-6.401076624228375	138.0	23	1.05	0.95				
	211	1	0.0	0.0	0.0	0.0	2	1.0025720739272204	-3.214909368162482	230.0	23	1.05	0.95				
	212	1	0.0	0.0	0.0	0.0	2	1.0090166470548232	-2.8140540098824727	230.0	23	1.05	0.95				
	213	2	99.6513458122807	20.306311976842107	0.0	0.0	2	0.9968300158619618	-2.470720887031826	230.0	24	1.05	0.95				
	214	2	72.95230599087719	14.665669761052632	0.0	0.0	2	0.9990253472975487	-0.9353748355945403	230.0	26	1.05	0.95				
	215	2	119.20557216035088	24.06674012070176	0.0	0.0	2	1.026191662596825	4.52330862766658	230.0	26	1.05	0.95				
	216	2	37.604281438596495	7.520856287719299	0.0	0.0	2	1.026648414628019	4.464448392255317	230.0	26	1.05	0.95				
	217	1	0.0	0.0	0.0	0.0	2	1.0330950869270528	6.859447176027552	230.0	27	1.05	0.95				
	218	2	125.22225719052634	25.570911378245615	0.0	0.0	2	1.0348878313221266	7.429107533578516	230.0	27	1.05	0.95				
	219	1	68.06374940385965	13.913584132280702	0.0	0.0	2	1.0269236800589825	3.6374360971546786	230.0	25	1.05	0.95				
	220	1	48.13348024140352	9.777113174035089	0.0	0.0	2	1.0294835688469277	3.655160471997791	230.0	25	1.05	0.95				
	221	2	0.0	0.0	0.0	0.0	2	1.034899797591932	7.216752978871058	230.0	27	1.05	0.95				
	222	2	0.0	0.0	0.0	0.0	2	1.05	13.573263215611739	230.0	27	1.05	0.95				
	223	2	0.0	0.0	0.0	0.0	2	1.0311945530004702	3.952921942704527	230.0	25	1.05	0.95				
	224	1	0.0	0.0	0.0	0.0	2	1.0125679174770694	1.2008928310877125	230.0	26	1.05	0.95				
	301	2	50.12211327157895	10.210060110877194	0.0	0.0	3	1.0075687474024728	-26.77983220029492	138.0	31	1.05	0.95				
	302	2	45.01708321614035	9.281872828070176	0.0	0.0	3	1.0070814379791424	-26.894466084793805	138.0	32	1.05	0.95				
	303	1	83.53685545263158	17.171464731929824	0.0	0.0	3	1.0232747932976702	-20.963430732008074	138.0	31	1.05	0.95				
	304	1	34.34292946385965	6.9614046210526315	0.0	0.0	3	1.0095013483083572	-25.304945713409484	138.0	31	1.05	0.95				
	305	1	32.95064853964912	6.497310979649123	0.0	0.0	3	1.0226572923158401	-26.134133889750295	138.0	31	1.05	0.95				
	306	1	63.1167352308772	12.994621959298247	0.0	-100.0	3	1.03916457650553	-26.31670373642827	138.0	32	1.05	0.95				
	307	2	58.0117051754386	11.60234103508772	0.0	0.0	3	0.993348000668358	-31.431321421138314	138.0	32	1.05	0.95				
	308	1	79.36001268	16.243277449122807	0.0	0.0	3	0.9982988924814845	-29.309812002088954	138.0	32	1.05	0.95				
	309	1	81.21638724561404	16.707371090526316	0.0	0.0	3	1.026494861624975	-22.108390323886592	138.0	33	1.05	0.95				
	310	1	90.49826007368421	18.56374565614035	0.0	0.0	3	1.05	-23.996184262783302	138.0	33	1.05	0.95				
	311	1	0.0	0.0	0.0	0.0	3	1.0108577974369108	-17.811833738952426	230.0	33	1.05	0.95				
	312	1	0.0	0.0	0.0	0.0	3	1.012782861604893	-17.272886859143277	230.0	33	1.05	0.95				
	313	2	122.98481497192984	25.061056635789473	0.0	0.0	3	1.0137025814562588	-14.208802482318818	230.0	34	1.05	0.95				
	314	2	90.0341664322807	18.099652014736844	0.0	0.0	3	1.0157565311289467	-15.664470329738723	230.0	36	1.05	0.95				
	315	2	147.1176843249123	29.701993049824566	0.0	0.0	3	1.0395091205313947	-10.458429027750903	230.0	36	1.05	0.95				
	316	2	46.40936414035088	9.281872828070176	0.0	0.0	3	1.0387453334347245	-9.865879814782033	230.0	36	1.05	0.95				
	317	1	0.0	0.0	0.0	0.0	3	1.0425906899432862	-7.9384920323856685	230.0	37	1.05	0.95				
	318	2	154.54318258736842	31.5583676154386	0.0	0.0	3	1.0425031611720814	-7.554817086420229	230.0	37	1.05	0.95				
	319	1	84.0009490940351	17.171464731929824	0.0	0.0	3	1.0354343288748111	-10.70685528059728	230.0	35	1.05	0.95				
	320	1	59.40398609964913	12.066434676491228	0.0	0.0	3	1.0358478688870898	-10.550542276884086	230.0	35	1.05	0.95				
	321	2	0.0	0.0	0.0	0.0	3	1.0441079689651043	-7.521079711381404	230.0	37	1.05	0.95				
	322	2	0.0	0.0	0.0	0.0	3	1.05	-3.3574665639373387	230.0	37	1.05	0.95				
	323	2	0.0	0.0	0.0	0.0	3	1.0367968688226061	-10.114669287363036	230.0	35	1.05	0.95				
	324	1	0.0	0.0	0.0	0.0	3	1.0203409654544964	-14.371183409000015	230.0	36	1.05	0.95				
	325	1	0.0	0.0	0.0	0.0	3	1.0320765468113668	-8.669441420627418	230.0	35	1.05	0.95				
];
