%% MATPOWER Case Format : Version 2
function mpc = RTS_GMLC
mpc.version = '2';

%%-----  Power Flow Data  -----%%
%% system MVA base
mpc.baseMVA = 100.0;
%% bus data
%    bus_i    type    Pd    Qd    Gs    Bs    area    Vm    Va    baseKV    zone    Vmax    Vmin
mpc.bus = [
	101	2	45.23602176000001	9.214745173333334	0.0	0.0	1	1.0351079073717955	2.5345078380633215	138.0	11	1.05	0.95				
	102	2	40.628649173333336	8.377041066666669	0.0	0.0	1	1.0347129007604274	2.4073216083177953	138.0	12	1.05	0.95				
	103	1	75.3933696	15.497525973333333	0.0	0.0	1	1.0292281763253985	-0.1477162651527239	138.0	11	1.05	0.95				
	104	1	30.995051946666667	6.2827808	0.0	0.0	1	1.0223039332377266	-0.9900007563500911	138.0	11	1.05	0.95				
	105	1	29.738495786666668	5.863928746666668	0.0	0.0	1	1.0367112138990044	-0.7089179787030098	138.0	11	1.05	0.95				
	106	1	56.96387925333334	11.727857493333335	0.0	-100.0	1	1.0459601451154248	-2.9578245870664386	138.0	12	1.05	0.95				
	107	2	52.35650666666667	10.471301333333335	0.0	0.0	1	1.000625615995764	-7.966134686523393	138.0	12	1.05	0.95				
	108	1	71.62370112	14.659821866666666	0.0	0.0	1	1.0051222428777973	-6.907420117973613	138.0	12	1.05	0.95				
	109	1	73.29910933333333	15.07867392	0.0	0.0	1	1.0251093886414655	-2.079036555112886	138.0	13	1.05	0.95				
	110	1	81.6761504	16.754082133333338	0.0	0.0	1	1.05	-2.683251334153062	138.0	13	1.05	0.95				
	111	1	0.0	0.0	0.0	0.0	1	1.0033898182359635	-0.48159943206747985	230.0	13	1.05	0.95				
	112	1	0.0	0.0	0.0	0.0	1	1.008694585062373	0.14923341011440086	230.0	13	1.05	0.95				
	113	3	110.99579413333333	22.618010880000003	0.0	0.0	1	0.9954351325648677	6.7240105078454035e-28	230.0	14	1.05	0.95				
	114	2	81.25729834666667	16.335230080000002	0.0	0.0	1	0.9991360908128891	1.1273731295402263	230.0	16	1.05	0.95				
	115	2	132.77610090666667	26.806531413333335	0.0	0.0	1	1.0386702450084242	5.863735863409809	230.0	16	1.05	0.95				
	116	2	41.88520533333334	8.377041066666669	0.0	0.0	1	1.0340705941537318	5.804705257349669	230.0	16	1.05	0.95				
	117	1	0.0	0.0	0.0	0.0	1	1.0425645138850281	7.031139063593281	230.0	17	1.05	0.95				
	118	2	139.47773376	28.48193962666667	0.0	0.0	1	1.0452188327850396	6.786837869914387	230.0	17	1.05	0.95				
	119	1	75.81222165333334	15.497525973333333	0.0	0.0	1	1.028232547817263	5.397537612485801	230.0	15	1.05	0.95				
	120	1	53.61306282666667	10.890153386666668	0.0	0.0	1	1.0258963643329073	5.857358616084207	230.0	15	1.05	0.95				
	121	2	0.0	0.0	0.0	0.0	1	1.05	7.511973206724974	230.0	17	1.05	0.95				
	122	2	0.0	0.0	0.0	0.0	1	1.05	13.833625529417331	230.0	17	1.05	0.95				
	123	2	0.0	0.0	0.0	0.0	1	1.0252267250860383	6.435615194423798	230.0	15	1.05	0.95				
	124	1	0.0	0.0	0.0	0.0	1	1.0268767579206268	3.61816948912306	230.0	16	1.05	0.95				
	201	2	47.80355737263158	9.737761687017544	0.0	0.0	2	1.0304181360365925	-5.605824265811398	138.0	21	1.05	0.95				
	202	2	42.934676529122804	8.852510624561404	0.0	0.0	2	1.0308251142061742	-5.561248234558145	138.0	22	1.05	0.95				
	203	1	79.67259562105264	16.377144655438595	0.0	0.0	2	1.0191446047294102	-6.093114052484617	138.0	21	1.05	0.95				
	204	1	32.75428931087719	6.639382968421052	0.0	0.0	2	1.0194774355815681	-7.963991928268084	138.0	21	1.05	0.95				
	205	1	31.42641271719298	6.196757437192983	0.0	0.0	2	1.0345709570766264	-8.015841385322455	138.0	21	1.05	0.95				
	206	1	60.197072247017545	12.393514874385966	0.0	-100.0	2	1.0448841935865665	-9.785070380188158	138.0	22	1.05	0.95				
	207	2	55.328191403508775	11.065638280701755	0.0	0.0	2	0.9888093605710081	-16.533344263458822	138.0	22	1.05	0.95				
	208	1	75.68896584	15.491893592982455	0.0	0.0	2	0.9958788041784266	-14.531625517652163	138.0	22	1.05	0.95				
	209	1	77.45946796491229	15.934519124210524	0.0	0.0	2	1.0230999931524798	-8.125312341389554	138.0	23	1.05	0.95				
	210	1	86.31197858947368	17.705021249122808	0.0	0.0	2	1.05	-9.051922295106046	138.0	23	1.05	0.95				
	211	1	0.0	0.0	0.0	0.0	2	1.0053956571769123	-5.526047951623601	230.0	23	1.05	0.95				
	212	1	0.0	0.0	0.0	0.0	2	1.0099599776244745	-5.1237399720063825	230.0	23	1.05	0.95				
	213	2	117.29576577543858	23.90177868631579	0.0	0.0	2	0.9989912931923242	-4.820105783980291	230.0	24	1.05	0.95				
	214	2	85.86935305824561	17.262395717894737	0.0	0.0	2	1.0063058216872898	-2.9706151916754324	230.0	26	1.05	0.95				
	215	2	140.31229339929826	28.328033998596492	0.0	0.0	2	1.028380683823051	3.3898264222023116	230.0	26	1.05	0.95				
	216	2	44.26255312280702	8.852510624561404	0.0	0.0	2	1.0300777695870458	3.2750743260082005	230.0	26	1.05	0.95				
	217	1	0.0	0.0	0.0	0.0	2	1.0352992692736287	5.973020730930386	230.0	27	1.05	0.95				
	218	2	147.3943018989474	30.098536123508772	0.0	0.0	2	1.0368673585983563	6.459742293242671	230.0	27	1.05	0.95				
	219	1	80.1152211522807	16.377144655438595	0.0	0.0	2	1.030027149367217	2.151599713285763	230.0	25	1.05	0.95				
	220	1	56.656067997192984	11.508263811929826	0.0	0.0	2	1.033161126568657	2.0343502586277853	230.0	25	1.05	0.95				
	221	2	0.0	0.0	0.0	0.0	2	1.0367527811052306	6.195382534540688	230.0	27	1.05	0.95				
	222	2	0.0	0.0	0.0	0.0	2	1.05	12.6069080932624	230.0	27	1.05	0.95				
	223	2	0.0	0.0	0.0	0.0	2	1.0354687487644427	2.3046393878645084	230.0	25	1.05	0.95				
	224	1	0.0	0.0	0.0	0.0	2	1.0131830922513674	-0.16490228709945137	230.0	26	1.05	0.95				
	301	2	53.41917114947369	10.881683011929825	0.0	0.0	3	1.007185690675993	-29.003737313208337	138.0	31	1.05	0.95				
	302	2	47.97832964350877	9.892439101754386	0.0	0.0	3	1.006641956546786	-29.13320786183891	138.0	32	1.05	0.95				
	303	1	89.03195191578948	18.301012338245613	0.0	0.0	3	1.0234124159026168	-22.63573824398012	138.0	31	1.05	0.95				
	304	1	36.602024676491226	7.419329326315789	0.0	0.0	3	1.008593363256644	-27.48582611110202	138.0	31	1.05	0.95				
	305	1	35.11815881122807	6.92470737122807	0.0	0.0	3	1.0219804925857068	-28.309627419262327	138.0	31	1.05	0.95				
	306	1	67.26858589192982	13.84941474245614	0.0	-100.0	3	1.0381468667611224	-28.493620954089213	138.0	32	1.05	0.95				
	307	2	61.82774438596491	12.365548877192982	0.0	0.0	3	0.9922325555044602	-34.0629477542502	138.0	32	1.05	0.95				
	308	1	84.58035432	17.311768428070174	0.0	0.0	3	0.9963246430679487	-31.775853323040792	138.0	32	1.05	0.95				
	309	1	86.55884214035088	17.806390383157893	0.0	0.0	3	1.0264964109972292	-24.11829001490939	138.0	33	1.05	0.95				
	310	1	96.45128124210525	19.78487820350877	0.0	0.0	3	1.05	-26.02612540499926	138.0	33	1.05	0.95				
	311	1	0.0	0.0	0.0	0.0	3	1.0134417344760038	-19.411411809298805	230.0	33	1.05	0.95				
	312	1	0.0	0.0	0.0	0.0	3	1.0144432304727762	-18.905444045302442	230.0	33	1.05	0.95				
	313	2	131.0748180982456	26.709585574736845	0.0	0.0	3	1.0178037284245467	-15.784063661341893	230.0	34	1.05	0.95				
	314	2	95.95665928701754	19.290256248421052	0.0	0.0	3	1.0213078416150851	-16.910050388516545	230.0	36	1.05	0.95				
	315	2	156.795159762807	31.655805125614034	0.0	0.0	3	1.0454580359104264	-10.831422739108083	230.0	36	1.05	0.95				
	316	2	49.46219550877193	9.892439101754386	0.0	0.0	3	1.0443095097417954	-10.443358714327182	230.0	36	1.05	0.95				
	317	1	0.0	0.0	0.0	0.0	3	1.0470625337136161	-8.232674806535387	230.0	37	1.05	0.95				
	318	2	164.70911104421054	33.63429294596491	0.0	0.0	3	1.0473761723764388	-7.686802449291684	230.0	37	1.05	0.95				
	319	1	89.52657387087719	18.301012338245613	0.0	0.0	3	1.040698110330887	-11.487818210908681	230.0	35	1.05	0.95				
	320	1	63.31161025122807	12.860170832280701	0.0	0.0	3	1.0412294975181329	-11.460979746234646	230.0	35	1.05	0.95				
	321	2	0.0	0.0	0.0	0.0	3	1.0498909969788959	-7.266600599909941	230.0	37	1.05	0.95				
	322	2	0.0	0.0	0.0	0.0	3	1.05	-3.301990704120053	230.0	37	1.05	0.95				
	323	2	0.0	0.0	0.0	0.0	3	1.0423417051790274	-11.07785057514845	230.0	35	1.05	0.95				
	324	1	0.0	0.0	0.0	0.0	3	1.0223747807788122	-15.206882198693737	230.0	36	1.05	0.95				
	325	1	0.0	0.0	0.0	0.0	3	1.0364500661785483	-9.550383371261239	230.0	35	1.05	0.95				
];
