%% MATPOWER Case Format : Version 2
function mpc = RTS_GMLC
mpc.version = '2';

%%-----  Power Flow Data  -----%%
%% system MVA base
mpc.baseMVA = 100.0;
%% bus data
%    bus_i    type    Pd    Qd    Gs    Bs    area    Vm    Va    baseKV    zone    Vmax    Vmin
mpc.bus = [
	101	2	48.48243442105263	9.87605145614035	0.0	0.0	1	1.033844664807622	1.0311085371027289	138.0	11	1.05	0.95				
	102	2	43.54440869298246	8.978228596491228	0.0	0.0	1	1.0328989624104994	0.7639997447505107	138.0	12	1.05	0.95				
	103	1	80.80405736842106	16.60972290350877	0.0	0.0	1	1.0283600886146467	0.048036994234904755	138.0	11	1.05	0.95				
	104	1	33.21944580701754	6.733671447368421	0.0	0.0	1	1.0210129639048962	-2.0066824829048704	138.0	11	1.05	0.95				
	105	1	31.872711517543856	6.28476001754386	0.0	0.0	1	1.03594793450091	-1.858670191485845	138.0	11	1.05	0.95				
	106	1	61.05195445614036	12.56952003508772	0.0	-100.0	1	1.0450014782524755	-3.9712934478833337	138.0	12	1.05	0.95				
	107	2	56.11392872807017	11.222785745614035	0.0	0.0	1	1.0007369108228252	-8.305960954340733	138.0	12	1.05	0.95				
	108	1	76.7638545	15.711900043859647	0.0	0.0	1	1.0042716717039049	-7.4289476963152845	138.0	12	1.05	0.95				
	109	1	78.55950021929824	16.16081147368421	0.0	0.0	1	1.0246603562567786	-2.452635183662307	138.0	13	1.05	0.95				
	110	1	87.53772881578948	17.956457192982455	0.0	0.0	1	1.05	-3.3738007485631996	138.0	13	1.05	0.95				
	111	1	0.0	0.0	0.0	0.0	1	1.0047219103937943	-0.441413324521292	230.0	13	1.05	0.95				
	112	1	0.0	0.0	0.0	0.0	1	1.0084191902975637	-0.180659771381908	230.0	13	1.05	0.95				
	113	3	118.96152890350878	24.241217210526315	0.0	0.0	1	0.9967402830906539	7.256071039625103e-31	230.0	14	1.05	0.95				
	114	2	87.08881738596492	17.507545763157893	0.0	0.0	1	1.0037606292534687	1.7663117166747693	230.0	16	1.05	0.95				
	115	2	142.30492325438595	28.73033150877193	0.0	0.0	1	1.0382635730604817	8.145171796302918	230.0	16	1.05	0.95				
	116	2	44.89114298245614	8.978228596491228	0.0	0.0	1	1.0340720005873152	7.504403920316418	230.0	16	1.05	0.95				
	117	1	0.0	0.0	0.0	0.0	1	1.040851721759013	9.89956595729296	230.0	17	1.05	0.95				
	118	2	149.48750613157895	30.52597722807018	0.0	0.0	1	1.0436501208706932	10.008545926404286	230.0	17	1.05	0.95				
	119	1	81.25296879824562	16.60972290350877	0.0	0.0	1	1.0266621191376808	6.11843088106138	230.0	15	1.05	0.95				
	120	1	57.46066301754386	11.671697175438595	0.0	0.0	1	1.0236272453502513	5.778838265663023	230.0	15	1.05	0.95				
	121	2	0.0	0.0	0.0	0.0	1	1.0471992811134787	11.139926318144163	230.0	17	1.05	0.95				
	122	2	0.0	0.0	0.0	0.0	1	1.05	18.747076450876786	230.0	17	1.05	0.95				
	123	2	0.0	0.0	0.0	0.0	1	1.0225759812386934	5.93958821428276	230.0	15	1.05	0.95				
	124	1	0.0	0.0	0.0	0.0	1	1.024244829077764	5.114479608282326	230.0	16	1.05	0.95				
	201	2	41.88761215578948	8.532661735438598	0.0	0.0	2	1.0263175916388505	-5.005015249098048	138.0	21	1.05	0.95				
	202	2	37.62128128807018	7.756965214035088	0.0	0.0	2	1.0272539635457392	-4.78513491472761	138.0	22	1.05	0.95				
	203	1	69.8126869263158	14.350385645964913	0.0	0.0	2	1.0178438725335086	-5.526117454282969	138.0	21	1.05	0.95				
	204	1	28.700771291929826	5.8177239105263165	0.0	0.0	2	1.0190902219596762	-6.523050529902869	138.0	21	1.05	0.95				
	205	1	27.537226509824563	5.429875649824563	0.0	0.0	2	1.0335203414062464	-6.665670676408701	138.0	21	1.05	0.95				
	206	1	52.74736345543861	10.859751299649126	0.0	-100.0	2	1.0459014355231508	-7.943807788896043	138.0	22	1.05	0.95				
	207	2	48.481032587719305	9.69620651754386	0.0	0.0	2	0.9930384964503112	-13.604635375159082	138.0	22	1.05	0.95				
	208	1	66.32205258	13.574689124561404	0.0	0.0	2	1.0005674262925979	-11.888048838242831	138.0	22	1.05	0.95				
	209	1	67.87344562280703	13.96253738526316	0.0	0.0	2	1.0230579358950083	-6.350041154980986	138.0	23	1.05	0.95				
	210	1	75.63041083684212	15.513930428070177	0.0	0.0	2	1.05	-7.104014152776831	138.0	23	1.05	0.95				
	211	1	0.0	0.0	0.0	0.0	2	1.0020948584573737	-3.898149598282416	230.0	23	1.05	0.95				
	212	1	0.0	0.0	0.0	0.0	2	1.0063576206425737	-2.977696695605829	230.0	23	1.05	0.95				
	213	2	102.77978908596492	20.94380607789474	0.0	0.0	2	0.9953309209366407	-2.6063450588435324	230.0	24	1.05	0.95				
	214	2	75.24256257614036	15.126082167368423	0.0	0.0	2	0.9991464063304136	-2.052842223045983	230.0	26	1.05	0.95				
	215	2	122.94789864245614	24.822288684912284	0.0	0.0	2	1.021101606374536	2.6370298228844824	230.0	26	1.05	0.95				
	216	2	38.78482607017544	7.756965214035088	0.0	0.0	2	1.0216094238133682	2.8763046247701323	230.0	26	1.05	0.95				
	217	1	0.0	0.0	0.0	0.0	2	1.0276298071970456	4.26042004802543	230.0	27	1.05	0.95				
	218	2	129.15347081368424	26.373681727719305	0.0	0.0	2	1.0268729792760203	3.827651640874365	230.0	27	1.05	0.95				
	219	1	70.20053518701755	14.350385645964913	0.0	0.0	2	1.0220002717529728	3.181804363554596	230.0	25	1.05	0.95				
	220	1	49.64457736982457	10.084054778245616	0.0	0.0	2	1.0248205717903	4.210387041773406	230.0	25	1.05	0.95				
	221	2	0.0	0.0	0.0	0.0	2	1.028504948011547	4.232273111996806	230.0	27	1.05	0.95				
	222	2	0.0	0.0	0.0	0.0	2	1.0499999925832764	10.733897447028486	230.0	27	1.05	0.95				
	223	2	0.0	0.0	0.0	0.0	2	1.0270487472712773	5.073188359258345	230.0	25	1.05	0.95				
	224	1	0.0	0.0	0.0	0.0	2	1.009678049880701	-0.4403925549677497	230.0	26	1.05	0.95				
	301	2	44.296741553684214	9.023410316491228	0.0	0.0	3	1.0091255584068015	-13.076658351589808	138.0	31	1.05	0.95				
	302	2	39.785036395438595	8.203100287719298	0.0	0.0	3	1.0089710580916327	-13.236790725781795	138.0	32	1.05	0.95				
	303	1	73.82790258947368	15.1757355322807	0.0	0.0	3	1.0306708647697094	-6.348841064912371	138.0	31	1.05	0.95				
	304	1	30.3514710645614	6.152325215789474	0.0	0.0	3	1.011417169351216	-12.023553616332576	138.0	31	1.05	0.95				
	305	1	29.121006021403506	5.742170201403509	0.0	0.0	3	1.0244216821538088	-12.885615274185492	138.0	31	1.05	0.95				
	306	1	55.78108195649123	11.484340402807018	0.0	-100.0	3	1.041238113678192	-13.278483501240746	138.0	32	1.05	0.95				
	307	2	51.26937679824562	10.253875359649122	0.0	0.0	3	0.9936743097437222	-17.66535619634671	138.0	32	1.05	0.95				
	308	1	70.13650745999999	14.355425503508771	0.0	0.0	3	1.0005986749200715	-15.835173702762908	138.0	32	1.05	0.95				
	309	1	71.77712751754386	14.765580517894735	0.0	0.0	3	1.025888647824751	-9.346963230074891	138.0	33	1.05	0.95				
	310	1	79.98022780526316	16.406200575438596	0.0	0.0	3	1.05	-11.372394817995739	138.0	33	1.05	0.95				
	311	1	0.0	0.0	0.0	0.0	3	1.0066462607066646	-6.172433831702913	230.0	33	1.05	0.95				
	312	1	0.0	0.0	0.0	0.0	3	1.0104956996898882	-5.746483437153854	230.0	33	1.05	0.95				
	313	2	108.69107881228071	22.148370776842107	0.0	0.0	3	1.0089217436128481	-2.924743785418495	230.0	34	1.05	0.95				
	314	2	79.57007279087719	15.996045561052632	0.0	0.0	3	1.0040881022494887	-4.707939536407939	230.0	36	1.05	0.95				
	315	2	130.01913956035088	26.249920920701754	0.0	0.0	3	1.0282437124124177	-0.7290525044192886	230.0	36	1.05	0.95				
	316	2	41.01550143859649	8.203100287719298	0.0	0.0	3	1.0273183387850362	-0.19049986419440285	230.0	36	1.05	0.95				
	317	1	0.0	0.0	0.0	0.0	3	1.0346035173442027	2.083309890521718	230.0	37	1.05	0.95				
	318	2	136.58161979052633	27.890540978245614	0.0	0.0	3	1.0323359806655454	1.386329489106307	230.0	37	1.05	0.95				
	319	1	74.23805760385966	15.1757355322807	0.0	0.0	3	1.0228063909452918	-1.0334142233605983	230.0	35	1.05	0.95				
	320	1	52.49984184140351	10.664030374035088	0.0	0.0	3	1.0216363128752808	-0.9623313157697141	230.0	35	1.05	0.95				
	321	2	0.0	0.0	0.0	0.0	3	1.0332555876801082	1.2370579032297144	230.0	37	1.05	0.95				
	322	2	0.0	0.0	0.0	0.0	3	1.0471710502574574	5.8995069929735715	230.0	37	1.05	0.95				
	323	2	0.0	0.0	0.0	0.0	3	1.021489479246798	-0.603357331615392	230.0	35	1.05	0.95				
	324	1	0.0	0.0	0.0	0.0	3	1.0213519065840548	-2.8591577110901345	230.0	36	1.05	0.95				
	325	1	0.0	0.0	0.0	0.0	3	1.020796062387442	0.401920202996361	230.0	35	1.05	0.95				
];
