%% MATPOWER Case Format : Version 2
function mpc = RTS_GMLC
mpc.version = '2';

%%-----  Power Flow Data  -----%%
%% system MVA base
mpc.baseMVA = 100.0;
%% bus data
%    bus_i    type    Pd    Qd    Gs    Bs    area    Vm    Va    baseKV    zone    Vmax    Vmin
mpc.bus = [
	101	2	39.95893121684211	8.13978228491228	0.0	0.0	1	1.0143129911420676	-4.232705435782516	138.0	11	1.05	0.95				
	102	2	35.88904007438597	7.399802077192984	0.0	0.0	1	1.0140247582194668	-4.4186322314990285	138.0	12	1.05	0.95				
	103	1	66.59821869473684	13.689633842807018	0.0	0.0	1	1.0105573111768174	-0.8949665574823786	138.0	11	1.05	0.95				
	104	1	27.379267685614035	5.549851557894737	0.0	0.0	1	1.0073182631275326	-4.363043708138807	138.0	11	1.05	0.95				
	105	1	26.269297374035087	5.1798614540350885	0.0	0.0	1	1.020020758241992	-5.313293982903507	138.0	11	1.05	0.95				
	106	1	50.318654124912285	10.359722908070177	0.0	-100.0	1	1.031302469238651	-6.371312251608987	138.0	12	1.05	0.95				
	107	2	46.24876298245614	9.249752596491229	0.0	0.0	1	0.9881922953453387	-8.666490419989705	138.0	12	1.05	0.95				
	108	1	63.26830776	12.949653635087719	0.0	0.0	1	0.9926666194317282	-8.068189292586066	138.0	12	1.05	0.95				
	109	1	64.7482681754386	13.319643738947368	0.0	0.0	1	1.007656845302463	-3.6383792616936192	138.0	13	1.05	0.95				
	110	1	72.14807025263158	14.799604154385968	0.0	0.0	1	1.0343584686220537	-5.190538073788801	138.0	13	1.05	0.95				
	111	1	0.0	0.0	0.0	0.0	1	0.9844584943956667	-1.393524487824737	230.0	13	1.05	0.95				
	112	1	0.0	0.0	0.0	0.0	1	0.9862092706826185	-1.692400474701631	230.0	13	1.05	0.95				
	113	3	98.04737752280703	19.979465608421055	0.0	0.0	1	0.9691005409912855	8.121280091302392e-28	230.0	14	1.05	0.95				
	114	2	71.77808014877193	14.429614050526318	0.0	0.0	1	0.987232236014177	0.5900590804730192	230.0	16	1.05	0.95				
	115	2	117.28686292350878	23.679366647017545	0.0	0.0	1	1.0026592925664293	6.637739471821014	230.0	16	1.05	0.95				
	116	2	36.999010385964915	7.399802077192984	0.0	0.0	1	0.9998853118237483	5.787470023253942	230.0	16	1.05	0.95				
	117	1	0.0	0.0	0.0	0.0	1	1.0086537392677766	9.632833196742181	230.0	17	1.05	0.95				
	118	2	123.20670458526317	25.159327062456143	0.0	0.0	1	1.0128866748178453	10.018897811122958	230.0	17	1.05	0.95				
	119	1	66.96820879859649	13.689633842807018	0.0	0.0	1	0.9955688830934335	3.6992779295148344	230.0	15	1.05	0.95				
	120	1	47.35873329403509	9.619742700350878	0.0	0.0	1	0.994143198676129	2.147942485943293	230.0	15	1.05	0.95				
	121	2	0.0	0.0	0.0	0.0	1	1.0138022381537128	10.818423602339426	230.0	17	1.05	0.95				
	122	2	0.0	0.0	0.0	0.0	1	1.0347300005554785	21.983141534621637	230.0	17	1.05	0.95				
	123	2	0.0	0.0	0.0	0.0	1	0.9938072687314901	1.5973043804920943	230.0	15	1.05	0.95				
	124	1	0.0	0.0	0.0	0.0	1	0.9962489249403986	3.7626845919120773	230.0	16	1.05	0.95				
	201	2	39.38863528421053	8.023610891228069	0.0	0.0	2	1.012699654407391	-7.419534914359703	138.0	21	1.05	0.95				
	202	2	35.37682983859649	7.2941917192982455	0.0	0.0	2	1.0113792060989641	-7.616490015058654	138.0	22	1.05	0.95				
	203	1	65.6477254736842	13.494254680701752	0.0	0.0	2	0.99991768558932	-5.954344143748367	138.0	21	1.05	0.95				
	204	1	26.988509361403505	5.470643789473684	0.0	0.0	2	1.005133218143216	-7.0316899678643265	138.0	21	1.05	0.95				
	205	1	25.894380603508772	5.105934203508773	0.0	0.0	2	1.0210939877100325	-7.236820829680231	138.0	21	1.05	0.95				
	206	1	49.60050369122807	10.211868407017546	0.0	-100.0	2	1.0339865299372977	-7.610810097697528	138.0	22	1.05	0.95				
	207	2	45.58869824561403	9.117739649122807	0.0	0.0	2	0.9768301651364756	-11.980755067825505	138.0	22	1.05	0.95				
	208	1	62.365339199999994	12.76483550877193	0.0	0.0	2	0.9867287412959338	-10.35846961131161	138.0	22	1.05	0.95				
	209	1	63.82417754385965	13.12954509473684	0.0	0.0	2	1.0103621712823505	-5.004056646562105	138.0	23	1.05	0.95				
	210	1	71.11836926315789	14.588383438596491	0.0	0.0	2	1.038226763163174	-5.85466419406785	138.0	23	1.05	0.95				
	211	1	0.0	0.0	0.0	0.0	2	0.9880426475360731	-3.2040601628714565	230.0	23	1.05	0.95				
	212	1	0.0	0.0	0.0	0.0	2	0.9945830341981905	1.5912390210719785	230.0	23	1.05	0.95				
	213	2	96.64804028070174	19.694317642105265	0.0	0.0	2	0.9839028530138894	-1.194210407575027	230.0	24	1.05	0.95				
	214	2	70.75365967719299	14.22367385263158	0.0	0.0	2	0.9791373252375617	-2.5774324059934384	230.0	26	1.05	0.95				
	215	2	115.61293875087719	23.341413501754385	0.0	0.0	2	0.9900878951857632	1.2585245640741138	230.0	26	1.05	0.95				
	216	2	36.47095859649123	7.2941917192982455	0.0	0.0	2	0.9878163372555704	0.6692422249249483	230.0	26	1.05	0.95				
	217	1	0.0	0.0	0.0	0.0	2	0.9959855539828323	1.8903974976107474	230.0	27	1.05	0.95				
	218	2	121.44829212631578	24.800251845614035	0.0	0.0	2	0.9960947796180778	1.6534174235652817	230.0	27	1.05	0.95				
	219	1	66.01243505964912	13.494254680701752	0.0	0.0	2	0.9851469501872442	0.5134888809283633	230.0	25	1.05	0.95				
	220	1	46.68282700350877	9.48244923508772	0.0	0.0	2	0.9852008458247293	1.151947395767894	230.0	25	1.05	0.95				
	221	2	0.0	0.0	0.0	0.0	2	0.998418486656112	2.343123450917068	230.0	27	1.05	0.95				
	222	2	0.0	0.0	0.0	0.0	2	1.0172234888075267	8.998499442237481	230.0	27	1.05	0.95				
	223	2	0.0	0.0	0.0	0.0	2	0.9857680820179457	1.8089754299380154	230.0	25	1.05	0.95				
	224	1	0.0	0.0	0.0	0.0	2	0.9848322538551706	-1.5011423526110363	230.0	26	1.05	0.95				
	301	2	50.17336287157895	10.220499844210526	0.0	0.0	3	1.0096283042893828	9.349938101265476	138.0	31	1.05	0.95				
	302	2	45.063112949473684	9.291363494736842	0.0	0.0	3	1.0098221708481268	9.313650108181639	138.0	32	1.05	0.95				
	303	1	83.62227145263158	17.189022465263157	0.0	0.0	3	1.0017792538638954	11.929648031546048	138.0	31	1.05	0.95				
	304	1	34.378044930526315	6.968522621052631	0.0	0.0	3	1.0034748422825934	10.934014481864306	138.0	31	1.05	0.95				
	305	1	32.98434040631579	6.503954446315789	0.0	0.0	3	1.0190974452444037	10.9926616437311	138.0	31	1.05	0.95				
	306	1	63.181271764210535	13.007908892631578	0.0	-100.0	3	1.033300128694648	11.361216435469482	138.0	32	1.05	0.95				
	307	2	58.07102184210527	11.614204368421053	0.0	0.0	3	0.9777292713622812	8.70336906491705	138.0	32	1.05	0.95				
	308	1	79.44115787999999	16.25988611578947	0.0	0.0	3	0.9920533700403794	10.732649903280675	138.0	32	1.05	0.95				
	309	1	81.29943057894737	16.724454290526314	0.0	0.0	3	1.013499431226991	14.213300338488875	138.0	33	1.05	0.95				
	310	1	90.5907940736842	18.582726989473684	0.0	0.0	3	1.041950076778078	14.157449947624167	138.0	33	1.05	0.95				
	311	1	0.0	0.0	0.0	0.0	3	0.99229611860057	18.863772128240065	230.0	33	1.05	0.95				
	312	1	0.0	0.0	0.0	0.0	3	1.0002789203367255	19.818875641034484	230.0	33	1.05	0.95				
	313	2	123.11056630526316	25.086681435789476	0.0	0.0	3	1.0034104290430934	25.22544395223	230.0	34	1.05	0.95				
	314	2	90.12622589894737	18.118158814736844	0.0	0.0	3	0.9828923156684006	18.067003152166293	230.0	36	1.05	0.95				
	315	2	147.26811139157894	29.732363183157894	0.0	0.0	3	0.9899245741403443	12.989702057340946	230.0	36	1.05	0.95				
	316	2	46.45681747368421	9.291363494736842	0.0	0.0	3	0.9826993618088635	14.179355928610972	230.0	36	1.05	0.95				
	317	1	0.0	0.0	0.0	0.0	3	0.9931641544415558	13.417388788628703	230.0	37	1.05	0.95				
	318	2	154.70120218736844	31.590635882105268	0.0	0.0	3	0.9931497268376358	11.856114079635908	230.0	37	1.05	0.95				
	319	1	84.08683962736842	17.189022465263157	0.0	0.0	3	0.9913083688544337	16.606833118561504	230.0	35	1.05	0.95				
	320	1	59.46472636631579	12.078772543157895	0.0	0.0	3	0.9995601539347436	18.012951928151356	230.0	35	1.05	0.95				
	321	2	0.0	0.0	0.0	0.0	3	0.9970427254684988	12.831938693856525	230.0	37	1.05	0.95				
	322	2	0.0	0.0	0.0	0.0	3	1.0124168032489642	17.623141345635027	230.0	37	1.05	0.95				
	323	2	0.0	0.0	0.0	0.0	3	1.003093881251905	18.254419967414137	230.0	35	1.05	0.95				
	324	1	0.0	0.0	0.0	0.0	3	0.9922882901636529	14.287994532464896	230.0	36	1.05	0.95				
