%% MATPOWER Case Format : Version 2
function mpc = RTS_GMLC
mpc.version = '2';

%%-----  Power Flow Data  -----%%
%% system MVA base
mpc.baseMVA = 100.0;
%% bus data
%    bus_i    type    Pd    Qd    Gs    Bs    area    Vm    Va    baseKV    zone    Vmax    Vmin
mpc.bus = [
	101	2	40.80059374736842	8.311232059649122	0.0	0.0	1	1.0042392670641165	-0.9062064097005813	138.0	11	1.05	0.95				
	102	2	36.64497771754386	7.555665508771931	0.0	0.0	1	1.0024368639132526	-1.4855068595243277	138.0	12	1.05	0.95				
	103	1	68.00098957894737	13.97798119122807	0.0	0.0	1	1.0233733317591656	2.9467434335429488	138.0	11	1.05	0.95				
	104	1	27.95596238245614	5.666749131578946	0.0	0.0	1	1.0087254575436573	-2.606158120141332	138.0	11	1.05	0.95				
	105	1	26.822612556140346	5.288965856140352	0.0	0.0	1	1.0222523063624513	-2.874757059862338	138.0	11	1.05	0.95				
	106	1	51.378525459649126	10.577931712280703	0.0	-100.0	1	1.0401568457882608	-4.487886003262033	138.0	12	1.05	0.95				
	107	2	47.222909429824554	9.444581885964912	0.0	0.0	1	0.9950436418186315	-11.359316194491047	138.0	12	1.05	0.95				
	108	1	64.60094009999999	13.222414640350873	0.0	0.0	1	1.0012315913947911	-8.867615319251023	138.0	12	1.05	0.95				
	109	1	66.11207320175438	13.600197915789472	0.0	0.0	1	1.024179885869366	-1.9293781441057563	138.0	13	1.05	0.95				
	110	1	73.66773871052631	15.111331017543861	0.0	0.0	1	1.05	-3.6021222438736498	138.0	13	1.05	0.95				
	111	1	0.0	0.0	0.0	0.0	1	1.012216992392178	0.8431980888796927	230.0	13	1.05	0.95				
	112	1	0.0	0.0	0.0	0.0	1	1.01409294582449	-0.6110735505131067	230.0	13	1.05	0.95				
	113	3	100.11256799122805	20.40029687368421	0.0	0.0	1	1.0007764142650017	-2.319207881429363e-28	230.0	14	1.05	0.95				
	114	2	73.28995543508772	14.733547742105262	0.0	0.0	1	1.0272299959700553	5.181357722964754	230.0	16	1.05	0.95				
	115	2	119.75729831403508	24.178129628070174	0.0	0.0	1	1.040365877501834	15.847985024772129	230.0	16	1.05	0.95				
	116	2	37.778327543859646	7.555665508771931	0.0	0.0	1	1.036572816095088	13.63308257371651	230.0	16	1.05	0.95				
	117	1	0.0	0.0	0.0	0.0	1	1.0388413994677768	20.234744616755474	230.0	17	1.05	0.95				
	118	2	125.80183072105262	25.689262729824563	0.0	0.0	1	1.05	21.127989300832787	230.0	17	1.05	0.95				
	119	1	68.37877285438596	13.97798119122807	0.0	0.0	1	1.0313915463223573	8.5837319628536	230.0	15	1.05	0.95				
	120	1	48.35625925614035	9.822365161403509	0.0	0.0	1	1.035070950545618	4.923145956127085	230.0	15	1.05	0.95				
	121	2	0.0	0.0	0.0	0.0	1	1.05	22.888621671932928	230.0	17	1.05	0.95				
	122	2	0.0	0.0	0.0	0.0	1	1.05	40.31166785692496	230.0	17	1.05	0.95				
	123	2	0.0	0.0	0.0	0.0	1	1.038592988070855	3.206825206073844	230.0	15	1.05	0.95				
	124	1	0.0	0.0	0.0	0.0	1	1.0177355622260849	11.041650205164121	230.0	16	1.05	0.95				
	201	2	43.298599073684215	8.820084996491229	0.0	0.0	2	1.0181251167919192	-18.631179414580746	138.0	21	1.05	0.95				
	202	2	38.88855657543859	8.018259087719299	0.0	0.0	2	1.01713111009338	-18.93803941192963	138.0	22	1.05	0.95				
	203	1	72.16433178947369	14.8337793122807	0.0	0.0	2	1.0155584374985565	-13.726723586013163	138.0	21	1.05	0.95				
	204	1	29.6675586245614	6.013694315789474	0.0	0.0	2	1.0134421373705849	-18.557996006865224	138.0	21	1.05	0.95				
	205	1	28.464819761403508	5.612781361403509	0.0	0.0	2	1.0292842020108925	-19.079681845690136	138.0	21	1.05	0.95				
	206	1	54.524161796491235	11.225562722807018	0.0	-100.0	2	1.043481287701614	-19.840417849205664	138.0	22	1.05	0.95				
	207	2	50.11411929824562	10.022823859649122	0.0	0.0	2	0.9988246416909691	-24.62364794789881	138.0	22	1.05	0.95				
	208	1	68.5561152	14.031953403508771	0.0	0.0	2	1.0030774096320885	-22.81107799368295	138.0	22	1.05	0.95				
	209	1	70.15976701754386	14.432866357894735	0.0	0.0	2	1.0218534688634933	-16.583088296711207	138.0	23	1.05	0.95				
	210	1	78.17802610526316	16.036518175438598	0.0	0.0	2	1.05	-18.241774971143656	138.0	23	1.05	0.95				
	211	1	0.0	0.0	0.0	0.0	2	1.0069312555533532	-13.71324113999622	230.0	23	1.05	0.95				
	212	1	0.0	0.0	0.0	0.0	2	1.002896454639529	-13.093883896549947	230.0	23	1.05	0.95				
	213	2	106.2419329122807	21.649299536842108	0.0	0.0	2	0.9973166628252323	-12.483768797486748	230.0	24	1.05	0.95				
	214	2	77.77711315087718	15.635605221052632	0.0	0.0	2	1.0149332776779985	-11.000867176220622	230.0	26	1.05	0.95				
	215	2	127.08940654035088	25.658429080701755	0.0	0.0	2	1.0282273706817595	-3.8252381197507535	230.0	26	1.05	0.95				
	216	2	40.09129543859649	8.018259087719299	0.0	0.0	2	1.0276085452122978	-4.688525064312915	230.0	26	1.05	0.95				
	217	1	0.0	0.0	0.0	0.0	2	1.0344066072932105	-2.200484491697397	230.0	27	1.05	0.95				
	218	2	133.50401381052632	27.262080898245618	0.0	0.0	2	1.0345580683867637	-2.7420097740140683	230.0	27	1.05	0.95				
	219	1	72.56524474385965	14.8337793122807	0.0	0.0	2	1.0193382405011766	-5.07122524116848	230.0	25	1.05	0.95				
	220	1	51.31685816140351	10.423736814035088	0.0	0.0	2	1.0147347985596848	-4.611309953282344	230.0	25	1.05	0.95				
	221	2	0.0	0.0	0.0	0.0	2	1.035127499744184	-2.3020737156819346	230.0	27	1.05	0.95				
	222	2	0.0	0.0	0.0	0.0	2	1.05	4.235320480745977	230.0	27	1.05	0.95				
	223	2	0.0	0.0	0.0	0.0	2	1.0127671919416805	-4.037658142172932	230.0	25	1.05	0.95				
	224	1	0.0	0.0	0.0	0.0	2	1.011258808040775	-7.524618170417709	230.0	26	1.05	0.95				
	301	2	43.34008225263158	8.828535273684212	0.0	0.0	3	1.0087055669376113	15.465329694999046	138.0	31	1.05	0.95				
	302	2	38.92581461578947	8.025941157894739	0.0	0.0	3	1.0080554541452147	15.090493230103917	138.0	32	1.05	0.95				
	303	1	72.23347042105263	14.847991142105263	0.0	0.0	3	1.05	29.481777218906494	138.0	31	1.05	0.95				
	304	1	29.695982284210526	6.019455868421052	0.0	0.0	3	1.0068048393782059	15.903147492018281	138.0	31	1.05	0.95				
	305	1	28.492091110526314	5.6181588105263165	0.0	0.0	3	1.0218891836577892	14.005766064654432	138.0	31	1.05	0.95				
	306	1	54.57639987368421	11.236317621052633	0.0	-100.0	3	1.0371066050114965	12.68638391905441	138.0	32	1.05	0.95				
	307	2	50.162132236842105	10.03242644736842	0.0	0.0	3	0.95	9.094422161628856	138.0	32	1.05	0.95				
	308	1	68.62179689999999	14.04539702631579	0.0	0.0	3	0.9725152272396937	10.781419035900457	138.0	32	1.05	0.95				
	309	1	70.22698513157894	14.446694084210526	0.0	0.0	3	1.0176480791093847	18.24657067999983	138.0	33	1.05	0.95				
	310	1	78.25292628947369	16.051882315789477	0.0	0.0	3	1.0449636656579178	13.85082142880895	138.0	33	1.05	0.95				
	311	1	0.0	0.0	0.0	0.0	3	1.0086602034318564	17.55106509903292	230.0	33	1.05	0.95				
	312	1	0.0	0.0	0.0	0.0	3	1.0134127698555229	17.682786807118916	230.0	33	1.05	0.95				
	313	2	106.34372034210526	21.67004112631579	0.0	0.0	3	1.0104211767078846	18.709898342181752	230.0	34	1.05	0.95				
	314	2	77.85162923157894	15.65058525789474	0.0	0.0	3	1.0070703116167379	18.10800956288381	230.0	36	1.05	0.95				
	315	2	127.21116735263158	25.68301170526316	0.0	0.0	3	1.05	21.56954836867033	230.0	36	1.05	0.95				
	316	2	40.12970578947368	8.025941157894739	0.0	0.0	3	1.0432503144795873	21.208289030860115	230.0	36	1.05	0.95				
	317	1	0.0	0.0	0.0	0.0	3	1.0495287958357065	25.49415432360745	230.0	37	1.05	0.95				
	318	2	133.63192027894738	27.288199936842105	0.0	0.0	3	1.0408402501442178	21.830773044303648	230.0	37	1.05	0.95				
	319	1	72.63476747894737	14.847991142105263	0.0	0.0	3	1.0337764041558493	19.841960520638814	230.0	35	1.05	0.95				
	320	1	51.36602341052632	10.433723505263158	0.0	0.0	3	1.0283525401423408	19.413624328897214	230.0	35	1.05	0.95				
	321	2	0.0	0.0	0.0	0.0	3	1.05	22.39238289813746	230.0	37	1.05	0.95				
	322	2	0.0	0.0	0.0	0.0	3	1.05	27.956891313002636	230.0	37	1.05	0.95				
	323	2	0.0	0.0	0.0	0.0	3	1.025740522571989	19.487242817106402	230.0	35	1.05	0.95				
	324	1	0.0	0.0	0.0	0.0	3	1.0472728003530953	24.595460917712018	230.0	36	1.05	0.95				
	325	1	0.0	0.0	0.0	0.0	3	1.0279026006820962	19.78995630720053	230.0	35	1.05	0.95				
];
