%% MATPOWER Case Format : Version 2
function mpc = RTS_GMLC
mpc.version = '2';

%%-----  Power Flow Data  -----%%
%% system MVA base
mpc.baseMVA = 100.0;
%% bus data
%    bus_i    type    Pd    Qd    Gs    Bs    area    Vm    Va    baseKV    zone    Vmax    Vmin
mpc.bus = [
	101	2	49.965363663157895	10.17812963508772	0.0	0.0	1	1.0292777146397871	1.955036543222433	138.0	11	1.05	0.95				
	102	2	44.87629884561403	9.252845122807019	0.0	0.0	1	1.028298703802075	1.6483872324452586	138.0	12	1.05	0.95				
	103	1	83.27560610526315	17.11776347719298	0.0	0.0	1	1.029147310200382	2.1607363998403226	138.0	11	1.05	0.95				
	104	1	34.23552695438596	6.939633842105263	0.0	0.0	1	1.0186593476303	-1.2231422885658354	138.0	11	1.05	0.95				
	105	1	32.84760018596491	6.476991585964913	0.0	0.0	1	1.0332568882170503	-1.1852183074187606	138.0	11	1.05	0.95				
	106	1	62.91934683508772	12.953983171929826	0.0	-100.0	1	1.0433324178111976	-3.4489391575251505	138.0	12	1.05	0.95				
	107	2	57.83028201754385	11.566056403508771	0.0	0.0	1	0.9990106158591568	-10.397761470908343	138.0	12	1.05	0.95				
	108	1	79.1118258	16.19247896491228	0.0	0.0	1	1.0014688197952708	-8.391312008698248	138.0	12	1.05	0.95				
	109	1	80.9623948245614	16.655121221052628	0.0	0.0	1	1.0247404679968388	-1.6826415897655074	138.0	13	1.05	0.95				
	110	1	90.21523994736842	18.505690245614037	0.0	0.0	1	1.05	-2.89515547468753	138.0	13	1.05	0.95				
	111	1	0.0	0.0	0.0	0.0	1	1.008196917777573	0.628225676133974	230.0	13	1.05	0.95				
	112	1	0.0	0.0	0.0	0.0	1	1.0113450936709671	0.3520680597354275	230.0	13	1.05	0.95				
	113	3	122.60019787719298	24.982681831578947	0.0	0.0	1	1.0006853863058245	-5.0495859329389515e-28	230.0	14	1.05	0.95				
	114	2	89.75259769122806	18.043047989473685	0.0	0.0	1	1.0125290622213943	4.17027304057431	230.0	16	1.05	0.95				
	115	2	146.65759519649123	29.609104392982456	0.0	0.0	1	1.0449018141820583	12.65178204754248	230.0	16	1.05	0.95				
	116	2	46.264225614035084	9.252845122807019	0.0	0.0	1	1.0406414389337615	11.847277745408006	230.0	16	1.05	0.95				
	117	1	0.0	0.0	0.0	0.0	1	1.0426659664208713	16.380359809160016	230.0	17	1.05	0.95				
	118	2	154.05987129473684	31.45967341754386	0.0	0.0	1	1.0499999791724228	16.44458391528459	230.0	17	1.05	0.95				
	119	1	83.7382483614035	17.11776347719298	0.0	0.0	1	1.0332154533292806	9.155872789269297	230.0	15	1.05	0.95				
	120	1	59.21820878596491	12.028698659649123	0.0	0.0	1	1.031443734003279	7.688209930323192	230.0	15	1.05	0.95				
	121	2	0.0	0.0	0.0	0.0	1	1.05	17.612249071965476	230.0	17	1.05	0.95				
	122	2	0.0	0.0	0.0	0.0	1	1.05	34.43133587975991	230.0	17	1.05	0.95				
	123	2	0.0	0.0	0.0	0.0	1	1.0312049691065959	7.231131172913292	230.0	15	1.05	0.95				
	124	1	0.0	0.0	0.0	0.0	1	1.0258622619919415	8.742080904068168	230.0	16	1.05	0.95				
	201	2	54.89249172631578	11.181803870175438	0.0	0.0	2	1.0246460762732803	-12.373312127272543	138.0	21	1.05	0.95				
	202	2	49.30158979122807	10.165276245614036	0.0	0.0	2	1.025647164013335	-12.206062956233499	138.0	22	1.05	0.95				
	203	1	91.48748621052631	18.805761054385965	0.0	0.0	2	1.016313260887864	-10.326038522553652	138.0	21	1.05	0.95				
	204	1	37.61152210877193	7.623957184210525	0.0	0.0	2	1.0160797883289419	-13.67328196033134	138.0	21	1.05	0.95				
	205	1	36.08673067192982	7.115693371929825	0.0	0.0	2	1.0310137489115725	-14.081635952572755	138.0	21	1.05	0.95				
	206	1	69.12387847017544	14.23138674385965	0.0	-100.0	2	1.0420946907230053	-15.490046143978454	138.0	22	1.05	0.95				
	207	2	63.53297653508771	12.706595307017544	0.0	0.0	2	0.9903311087811156	-22.7829793143943	138.0	22	1.05	0.95				
	208	1	86.91311189999999	17.78923342982456	0.0	0.0	2	0.993900076624954	-20.41225381676706	138.0	22	1.05	0.95				
	209	1	88.9461671491228	18.297497242105262	0.0	0.0	2	1.023169691179072	-12.787607388230391	138.0	23	1.05	0.95				
	210	1	99.11144339473682	20.330552491228072	0.0	0.0	2	1.05	-14.184749102993468	138.0	23	1.05	0.95				
	211	1	0.0	0.0	0.0	0.0	2	1.0108110681888758	-9.527660092627293	230.0	23	1.05	0.95				
	212	1	0.0	0.0	0.0	0.0	2	1.0113594750236092	-8.70245990619633	230.0	23	1.05	0.95				
	213	2	134.68991025438595	27.44624586315789	0.0	0.0	2	1.008880759193219	-8.221430742146802	230.0	24	1.05	0.95				
	214	2	98.60317958245614	19.822288678947366	0.0	0.0	2	1.016208784939691	-6.66032283819352	230.0	26	1.05	0.95				
	215	2	161.11962849298246	32.52888398596491	0.0	0.0	2	1.0306562240732737	0.6458078961320218	230.0	26	1.05	0.95				
	216	2	50.826381228070176	10.165276245614036	0.0	0.0	2	1.0329460061068625	0.4897493501345251	230.0	26	1.05	0.95				
	217	1	0.0	0.0	0.0	0.0	2	1.036854744381228	3.3270629373541554	230.0	27	1.05	0.95				
	218	2	169.25184948947367	34.56193923508772	0.0	0.0	2	1.0374487392348322	3.275651471455319	230.0	27	1.05	0.95				
	219	1	91.99575002280702	18.805761054385965	0.0	0.0	2	1.0327850084500936	0.0350664387611108	230.0	25	1.05	0.95				
	220	1	65.05776797192982	13.214859119298245	0.0	0.0	2	1.036412946737202	0.6163140008826933	230.0	25	1.05	0.95				
	221	2	0.0	0.0	0.0	0.0	2	1.037719311300044	3.1801162143941815	230.0	27	1.05	0.95				
	222	2	0.0	0.0	0.0	0.0	2	1.05	9.737922460931042	230.0	27	1.05	0.95				
	223	2	0.0	0.0	0.0	0.0	2	1.0394554452920637	1.3142741089071832	230.0	25	1.05	0.95				
	224	1	0.0	0.0	0.0	0.0	2	1.0117263790193483	-3.4488778641577307	230.0	26	1.05	0.95				
	301	2	47.90129706947369	9.757671625263159	0.0	0.0	3	1.0081156431830132	-12.917360072462925	138.0	31	1.05	0.95				
	302	2	43.02246125684211	8.870610568421053	0.0	0.0	3	1.007785044764573	-13.093755976600605	138.0	32	1.05	0.95				
	303	1	79.83549511578948	16.41062955157895	0.0	0.0	3	1.0340027162892749	-5.50230486268884	138.0	31	1.05	0.95				
	304	1	32.8212591031579	6.65295792631579	0.0	0.0	3	1.0106148465197105	-11.784982941970878	138.0	31	1.05	0.95				
	305	1	31.49066751789474	6.209427397894738	0.0	0.0	3	1.0234184066280343	-12.733790800666739	138.0	31	1.05	0.95				
	306	1	60.32015186526317	12.418854795789477	0.0	-100.0	3	1.0399776362249402	-13.160311931023388	138.0	32	1.05	0.95				
	307	2	55.441316052631585	11.088263210526318	0.0	0.0	3	0.9918131545839186	-17.96155908329521	138.0	32	1.05	0.95				
	308	1	75.84372036	15.523568494736843	0.0	0.0	3	0.9983294141583612	-15.958462709062221	138.0	32	1.05	0.95				
	309	1	77.61784247368422	15.967099023157896	0.0	0.0	3	1.026802189191778	-8.899276757414107	138.0	33	1.05	0.95				
	310	1	86.48845304210528	17.741221136842107	0.0	0.0	3	1.05	-11.121462898160168	138.0	33	1.05	0.95				
	311	1	0.0	0.0	0.0	0.0	3	1.0090713455085447	-5.662624367668517	230.0	33	1.05	0.95				
	312	1	0.0	0.0	0.0	0.0	3	1.0130169555958988	-4.984195732434336	230.0	33	1.05	0.95				
	313	2	117.53559003157896	23.950648534736846	0.0	0.0	3	1.0123056025971855	-2.1696147552582774	230.0	34	1.05	0.95				
	314	2	86.04492251368421	17.297690608421053	0.0	0.0	3	1.0083929695352833	-4.276442981503637	230.0	36	1.05	0.95				
	315	2	140.5991775094737	28.385953818947375	0.0	0.0	3	1.0341469170954993	-0.479948539081008	230.0	36	1.05	0.95				
	316	2	44.35305284210527	8.870610568421053	0.0	0.0	3	1.0338775940696356	0.3181354616618028	230.0	36	1.05	0.95				
	317	1	0.0	0.0	0.0	0.0	3	1.0407863284761563	2.08680859892633	230.0	37	1.05	0.95				
	318	2	147.69566596421055	30.160075932631585	0.0	0.0	3	1.0383519480644152	1.0741294739793117	230.0	37	1.05	0.95				
	319	1	80.27902564421053	16.41062955157895	0.0	0.0	3	1.0306861722526464	-0.09415093404174402	230.0	35	1.05	0.95				
	320	1	56.77190763789475	11.53179373894737	0.0	0.0	3	1.030925531320677	0.40479434294569194	230.0	35	1.05	0.95				
	321	2	0.0	0.0	0.0	0.0	3	1.0387541738480544	1.1220919653785109	230.0	37	1.05	0.95				
	322	2	0.0	0.0	0.0	0.0	3	1.05	5.816840153490164	230.0	37	1.05	0.95				
	323	2	0.0	0.0	0.0	0.0	3	1.031786682563413	1.017359201870239	230.0	35	1.05	0.95				
	324	1	0.0	0.0	0.0	0.0	3	1.02675494913094	-2.37616804585066	230.0	36	1.05	0.95				
	325	1	0.0	0.0	0.0	0.0	3	1.02796334429422	2.405870017020882	230.0	35	1.05	0.95				
];
