%% MATPOWER Case Format : Version 2
function mpc = RTS_GMLC
mpc.version = '2';

%%-----  Power Flow Data  -----%%
%% system MVA base
mpc.baseMVA = 100.0;
%% bus data
%    bus_i    type    Pd    Qd    Gs    Bs    area    Vm    Va    baseKV    zone    Vmax    Vmin
mpc.bus = [
	101	2	42.92478970105263	8.743938642807016	0.0	0.0	1	1.0345820442422249	1.372988082355252	138.0	11	1.05	0.95				
	102	2	38.55282037964912	7.949035129824561	0.0	0.0	1	1.0337505041413386	1.1133038035878617	138.0	12	1.05	0.95				
	103	1	71.54131616842105	14.705714990175437	0.0	0.0	1	1.0272037981728992	-0.09262679334035753	138.0	11	1.05	0.95				
	104	1	29.411429980350874	5.961776347368421	0.0	0.0	1	1.021888301093656	-1.8410822935187627	138.0	11	1.05	0.95				
	105	1	28.21907471087719	5.564324590877193	0.0	0.0	1	1.0369037108622792	-1.630446654813904	138.0	11	1.05	0.95				
	106	1	54.053438882807015	11.128649181754387	0.0	-100.0	1	1.046550804433096	-3.763794397185809	138.0	12	1.05	0.95				
	107	2	49.68146956140351	9.936293912280702	0.0	0.0	1	0.9997801345939058	-10.999611384697806	138.0	12	1.05	0.95				
	108	1	67.96425036	13.910811477192981	0.0	0.0	1	1.00378681207715	-8.845147235857944	138.0	12	1.05	0.95				
	109	1	69.55405738596491	14.30826323368421	0.0	0.0	1	1.0239546500143688	-2.647863633150182	138.0	13	1.05	0.95				
	110	1	77.50309251578946	15.898070259649122	0.0	0.0	1	1.05	-3.425441400889269	138.0	13	1.05	0.95				
	111	1	0.0	0.0	0.0	0.0	1	1.0012869981595982	-0.6307415453417337	230.0	13	1.05	0.95				
	112	1	0.0	0.0	0.0	0.0	1	1.007584868704377	-0.5265532010664652	230.0	13	1.05	0.95				
	113	3	105.32471547017543	21.462394850526316	0.0	0.0	1	0.9960676098264185	5.276998487336115e-27	230.0	14	1.05	0.95				
	114	2	77.10564075929824	15.500618503157895	0.0	0.0	1	0.9945599602538144	1.3787125367669733	230.0	16	1.05	0.95				
	115	2	125.9922068077193	25.436912415438595	0.0	0.0	1	1.0309263796480312	7.119612537642195	230.0	16	1.05	0.95				
	116	2	39.74517564912281	7.949035129824561	0.0	0.0	1	1.0260925867505908	6.506590000949524	230.0	16	1.05	0.95				
	117	1	0.0	0.0	0.0	0.0	1	1.035892453713087	8.71697424900971	230.0	17	1.05	0.95				
	118	2	132.35143491157893	27.026719441403507	0.0	0.0	1	1.0392353092723003	8.838748854453337	230.0	17	1.05	0.95				
	119	1	71.93876792491228	14.705714990175437	0.0	0.0	1	1.0201043057521366	4.97503698944268	230.0	15	1.05	0.95				
	120	1	50.87382483087719	10.333745668771929	0.0	0.0	1	1.0178472391479043	4.421166312095705	230.0	15	1.05	0.95				
	121	2	0.0	0.0	0.0	0.0	1	1.0443404039138435	9.863514430697396	230.0	17	1.05	0.95				
	122	2	0.0	0.0	0.0	0.0	1	1.05	16.645564102456298	230.0	17	1.05	0.95				
	123	2	0.0	0.0	0.0	0.0	1	1.016991874116462	4.4282137094190395	230.0	15	1.05	0.95				
	124	1	0.0	0.0	0.0	0.0	1	1.0202078933378294	4.403398907657885	230.0	16	1.05	0.95				
	201	2	49.044545886315795	9.990555643508772	0.0	0.0	2	1.0202250793106413	-14.776106216516002	138.0	21	1.05	0.95				
	202	2	44.0492680645614	9.082323312280703	0.0	0.0	2	1.0207343454516236	-14.74637082564649	138.0	22	1.05	0.95				
	203	1	81.74090981052632	16.802298127719297	0.0	0.0	2	1.0141516229569296	-12.132873321957007	138.0	21	1.05	0.95				
	204	1	33.604596255438594	6.811742484210527	0.0	0.0	2	1.0145749740417453	-15.768555443527779	138.0	21	1.05	0.95				
	205	1	32.24224775859649	6.357626318596492	0.0	0.0	2	1.0295630451117204	-16.17956602031009	138.0	21	1.05	0.95				
	206	1	61.75979852350878	12.715252637192984	0.0	-100.0	2	1.0425816937061232	-17.413279133335084	138.0	22	1.05	0.95				
	207	2	56.76452070175439	11.352904140350878	0.0	0.0	2	0.9918829705369139	-23.645767148350366	138.0	22	1.05	0.95				
	208	1	77.65386432	15.894065796491228	0.0	0.0	2	0.9970124801239121	-21.56856084141423	138.0	22	1.05	0.95				
	209	1	79.47032898245614	16.34818196210526	0.0	0.0	2	1.02249056196075	-14.727846617329885	138.0	23	1.05	0.95				
	210	1	88.55265229473684	18.164646624561406	0.0	0.0	2	1.05	-16.13672329148666	138.0	23	1.05	0.95				
	211	1	0.0	0.0	0.0	0.0	2	1.0072989101498013	-11.821554220877651	230.0	23	1.05	0.95				
	212	1	0.0	0.0	0.0	0.0	2	1.0113217992777654	-11.076540616024042	230.0	23	1.05	0.95				
	213	2	120.3407838877193	24.522272943157898	0.0	0.0	2	1.0070990283437988	-10.612498662553149	230.0	24	1.05	0.95				
	214	2	88.0985361291228	17.71053045894737	0.0	0.0	2	1.0067753875077274	-9.172881132600839	230.0	26	1.05	0.95				
	215	2	143.95482449964913	29.063434599298247	0.0	0.0	2	1.0207526861790062	-2.2663611128876147	230.0	26	1.05	0.95				
	216	2	45.41161656140351	9.082323312280703	0.0	0.0	2	1.0229449527243208	-2.649166594067649	230.0	26	1.05	0.95				
	217	1	0.0	0.0	0.0	0.0	2	1.0259130613829328	-0.5573479072343176	230.0	27	1.05	0.95				
	218	2	151.2206831494737	30.87989926175439	0.0	0.0	2	1.0251056651282047	-1.2124325091044412	230.0	27	1.05	0.95				
	219	1	82.19502597614036	16.802298127719297	0.0	0.0	2	1.026793048236359	-3.094472709487747	230.0	25	1.05	0.95				
	220	1	58.126869198596495	11.807020305964913	0.0	0.0	2	1.033306176607987	-2.59617775383405	230.0	25	1.05	0.95				
	221	2	0.0	0.0	0.0	0.0	2	1.0272490995845263	-0.7508431950079834	230.0	27	1.05	0.95				
	222	2	0.0	0.0	0.0	0.0	2	1.0490936315686628	5.826600076573891	230.0	27	1.05	0.95				
	223	2	0.0	0.0	0.0	0.0	2	1.0376635041568345	-1.9835791600158736	230.0	25	1.05	0.95				
	224	1	0.0	0.0	0.0	0.0	2	1.0061839248041236	-5.9752095948955155	230.0	26	1.05	0.95				
	301	2	61.653274294736846	12.559000319298248	0.0	0.0	3	1.0360039340723401	-11.311857305351417	138.0	31	1.05	0.95				
	302	2	55.37377413508773	11.417273017543861	0.0	0.0	3	1.0313564343558184	-11.662120655027161	138.0	32	1.05	0.95				
	303	1	102.75545715789475	21.121955082456143	0.0	0.0	3	1.05	5.177309123314861	138.0	31	1.05	0.95				
	304	1	42.243910164912286	8.562954763157895	0.0	0.0	3	1.0091381164664357	-9.895826939210108	138.0	31	1.05	0.95				
	305	1	40.53131921228071	7.992091112280704	0.0	0.0	3	1.0303020667282894	-12.210682943727646	138.0	31	1.05	0.95				
	306	1	77.63745651929827	15.984182224561408	0.0	-100.0	3	1.0328993582657027	-13.375579470533394	138.0	32	1.05	0.95				
	307	2	71.35795635964914	14.271591271929825	0.0	0.0	3	0.9500000654619992	-11.11130867606654	138.0	32	1.05	0.95				
	308	1	97.61768430000001	19.980227780701757	0.0	0.0	3	0.9656844351941004	-12.03113410205728	138.0	32	1.05	0.95				
	309	1	99.90113890350878	20.55109143157895	0.0	0.0	3	1.010512657303054	-6.030719367571447	138.0	33	1.05	0.95				
	310	1	111.31841192105266	22.834546035087723	0.0	0.0	3	1.0383630893480005	-11.29635760294735	138.0	33	1.05	0.95				
	311	1	0.0	0.0	0.0	0.0	3	0.9978360952028009	-6.652784660888829	230.0	33	1.05	0.95				
	312	1	0.0	0.0	0.0	0.0	3	1.0009864196959053	-5.811242818341458	230.0	33	1.05	0.95				
	313	2	151.27886748245615	30.826637147368423	0.0	0.0	3	0.9973450318868259	-3.9985459155921514	230.0	34	1.05	0.95				
	314	2	110.74754827017546	22.26368238421053	0.0	0.0	3	0.9964284835852094	-6.854108082095251	230.0	36	1.05	0.95				
	315	2	180.9637773280702	36.535273656140355	0.0	0.0	3	1.05	-3.226066821844087	230.0	36	1.05	0.95				
	316	2	57.0863650877193	11.417273017543861	0.0	0.0	3	1.0395687343945679	-3.6888699285130477	230.0	36	1.05	0.95				
	317	1	0.0	0.0	0.0	0.0	3	1.0487251869451018	-0.27083253912010014	230.0	37	1.05	0.95				
	318	2	190.09759574210528	38.818728259649134	0.0	0.0	3	1.0464712599657395	-1.654095565234021	230.0	37	1.05	0.95				
	319	1	103.32632080877195	21.121955082456143	0.0	0.0	3	1.0237009881479435	-4.184921297141813	230.0	35	1.05	0.95				
	320	1	73.07054731228071	14.842454922807018	0.0	0.0	3	1.0145088115520784	-3.5042655899454687	230.0	35	1.05	0.95				
	321	2	0.0	0.0	0.0	0.0	3	1.04730708064121	-1.5931632318189288	230.0	37	1.05	0.95				
	322	2	0.0	0.0	0.0	0.0	3	1.05	3.267778152673129	230.0	37	1.05	0.95				
	323	2	0.0	0.0	0.0	0.0	3	1.010916991971085	-2.6737100155944526	230.0	35	1.05	0.95				
	324	1	0.0	0.0	0.0	0.0	3	1.0472042613701902	-0.013095011963043881	230.0	36	1.05	0.95				
	325	1	0.0	0.0	0.0	0.0	3	1.010506006161443	-1.5910958750076991	230.0	35	1.05	0.95				
];
