%% MATPOWER Case Format : Version 2
function mpc = RTS_GMLC
mpc.version = '2';

%%-----  Power Flow Data  -----%%
%% system MVA base
mpc.baseMVA = 100.0;
%% bus data
%    bus_i    type    Pd    Qd    Gs    Bs    area    Vm    Va    baseKV    zone    Vmax    Vmin
mpc.bus = [
	101	2	39.49134093473684	8.044532412631579	0.0	0.0	1	1.0236182657397654	4.566048272165388	138.0	11	1.05	0.95				
	102	2	35.46907472842105	7.313211284210526	0.0	0.0	1	1.0224406177711574	4.276375763593333	138.0	12	1.05	0.95				
	103	1	65.81890155789473	13.529440875789472	0.0	0.0	1	1.0317346798281548	3.649292592066086	138.0	11	1.05	0.95				
	104	1	27.058881751578944	5.484908463157894	0.0	0.0	1	1.017928372220319	0.9677169323426953	138.0	11	1.05	0.95				
	105	1	25.961900058947364	5.119247898947369	0.0	0.0	1	1.0313601937267567	1.1304868773744674	138.0	11	1.05	0.95				
	106	1	49.729836732631576	10.238495797894737	0.0	-100.0	1	1.0443475451875042	-1.2080045937989268	138.0	12	1.05	0.95				
	107	2	45.70757052631579	9.141514105263157	0.0	0.0	1	0.985276569697629	-7.215934510382516	138.0	12	1.05	0.95				
	108	1	62.52795647999999	12.79811974736842	0.0	0.0	1	0.9973776034329807	-5.576180553072833	138.0	12	1.05	0.95				
	109	1	63.990598736842095	13.163780311578947	0.0	0.0	1	1.02535942642755	-0.22137023990839097	138.0	13	1.05	0.95				
	110	1	71.30381002105263	14.626422568421052	0.0	0.0	1	1.05	-1.162032273777487	138.0	13	1.05	0.95				
	111	1	0.0	0.0	0.0	0.0	1	1.012505043623347	1.2764009494015918	230.0	13	1.05	0.95				
	112	1	0.0	0.0	0.0	0.0	1	1.0101606501509035	0.5501407763860086	230.0	13	1.05	0.95				
	113	3	96.90004951578946	19.74567046736842	0.0	0.0	1	0.9873791051811546	1.7507530064333744e-33	230.0	14	1.05	0.95				
	114	2	70.9381494568421	14.260762004210525	0.0	0.0	1	1.033532071485185	4.332899416104564	230.0	16	1.05	0.95				
	115	2	115.91439885473682	23.402276109473682	0.0	0.0	1	1.0450320495452567	12.262122687842147	230.0	16	1.05	0.95				
	116	2	36.56605642105263	7.313211284210526	0.0	0.0	1	1.04384757977224	10.908893579530474	230.0	16	1.05	0.95				
	117	1	0.0	0.0	0.0	0.0	1	1.0427480173777948	16.001696197503936	230.0	17	1.05	0.95				
	118	2	121.76496788210525	24.864918366315788	0.0	0.0	1	1.05	16.213468036985923	230.0	17	1.05	0.95				
	119	1	66.18456212210526	13.529440875789472	0.0	0.0	1	1.0384613012323307	7.6514674757784515	230.0	15	1.05	0.95				
	120	1	46.804552218947364	9.507174669473685	0.0	0.0	1	1.0382157531673557	5.506500080910065	230.0	15	1.05	0.95				
	121	2	0.0	0.0	0.0	0.0	1	1.0421154293066697	17.35273882009731	230.0	17	1.05	0.95				
	122	2	0.0	0.0	0.0	0.0	1	1.05	35.32348414326339	230.0	17	1.05	0.95				
	123	2	0.0	0.0	0.0	0.0	1	1.0385816668169547	4.602409016162309	230.0	15	1.05	0.95				
	124	1	0.0	0.0	0.0	0.0	1	1.0291126968216677	9.04849821136451	230.0	16	1.05	0.95				
	201	2	43.570596581052634	8.875491896140351	0.0	0.0	2	1.0201464733332408	-9.630513535396236	138.0	21	1.05	0.95				
	202	2	39.13285063298246	8.068628996491228	0.0	0.0	2	1.0205510456404434	-9.609479928333327	138.0	22	1.05	0.95				
	203	1	72.61766096842106	14.926963643508772	0.0	0.0	2	1.012368703760493	-7.818406716015733	138.0	21	1.05	0.95				
	204	1	29.853927287017545	6.051471747368422	0.0	0.0	2	1.0152462998758967	-10.604878244396515	138.0	21	1.05	0.95				
	205	1	28.643632937543863	5.648040297543861	0.0	0.0	2	1.0302426042162263	-10.917236753049657	138.0	21	1.05	0.95				
	206	1	54.86667717614036	11.296080595087721	0.0	-100.0	2	1.0440168901510476	-12.051487957730115	138.0	22	1.05	0.95				
	207	2	50.42893122807017	10.085786245614035	0.0	0.0	2	0.9934859955065501	-17.54112400237318	138.0	22	1.05	0.95				
	208	1	68.98677792	14.120100743859648	0.0	0.0	2	0.9999521835221397	-15.734320614620371	138.0	22	1.05	0.95				
	209	1	70.60050371929825	14.523532193684211	0.0	0.0	2	1.022011658907973	-9.746888284728708	138.0	23	1.05	0.95				
	210	1	78.66913271578947	16.137257992982455	0.0	0.0	2	1.05	-10.916927080598578	138.0	23	1.05	0.95				
	211	1	0.0	0.0	0.0	0.0	2	1.0051376806132735	-7.151329100722063	230.0	23	1.05	0.95				
	212	1	0.0	0.0	0.0	0.0	2	1.0078193561735111	-6.317091340586098	230.0	23	1.05	0.95				
	213	2	106.90933420350876	21.785298290526317	0.0	0.0	2	0.9997002081687388	-5.873269630347904	230.0	24	1.05	0.95				
	214	2	78.26570126596492	15.733826543157894	0.0	0.0	2	1.0057378895571172	-4.974690135010184	230.0	26	1.05	0.95				
	215	2	127.88776959438597	25.819612788771927	0.0	0.0	2	1.0212851465894788	0.5999280461344547	230.0	26	1.05	0.95				
	216	2	40.34314498245614	8.068628996491228	0.0	0.0	2	1.0242996216104325	0.5464373542264905	230.0	26	1.05	0.95				
	217	1	0.0	0.0	0.0	0.0	2	1.031464530550128	2.0939609970490825	230.0	27	1.05	0.95				
	218	2	134.34267279157896	27.43333858807018	0.0	0.0	2	1.0296988800934372	1.5885465032542816	230.0	27	1.05	0.95				
	219	1	73.02109241824562	14.926963643508772	0.0	0.0	2	1.0248232258864283	0.5761802745660761	230.0	25	1.05	0.95				
	220	1	51.639225577543854	10.489217695438597	0.0	0.0	2	1.0278709543020024	1.3915066751947038	230.0	25	1.05	0.95				
	221	2	0.0	0.0	0.0	0.0	2	1.0301549088648867	2.0624691711193095	230.0	27	1.05	0.95				
	222	2	0.0	0.0	0.0	0.0	2	1.05	8.568057236472718	230.0	27	1.05	0.95				
	223	2	0.0	0.0	0.0	0.0	2	1.0302035705259176	2.14704484694962	230.0	25	1.05	0.95				
	224	1	0.0	0.0	0.0	0.0	2	1.007465999821351	-2.5546202498363937	230.0	26	1.05	0.95				
	301	2	54.5466624631579	11.111357168421053	0.0	0.0	3	1.0092810120683564	-19.747662978042918	138.0	31	1.05	0.95				
	302	2	48.99098387894737	10.101233789473685	0.0	0.0	3	1.008753823944097	-19.863099599034886	138.0	32	1.05	0.95				
	303	1	90.91110410526316	18.68728251052632	0.0	0.0	3	1.022952339021503	-13.489605794383762	138.0	31	1.05	0.95				
	304	1	37.37456502105264	7.575925342105264	0.0	0.0	3	1.0095929937661638	-18.013027334896353	138.0	31	1.05	0.95				
	305	1	35.859379952631585	7.07086365263158	0.0	0.0	3	1.0228770092136394	-19.011953253659357	138.0	31	1.05	0.95				
	306	1	68.68838976842106	14.14172730526316	0.0	-100.0	3	1.0383513562127786	-19.17761918308621	138.0	32	1.05	0.95				
	307	2	63.132711184210535	12.626542236842106	0.0	0.0	3	0.9943882078875195	-24.759111199044455	138.0	32	1.05	0.95				
	308	1	86.3655489	17.67715913157895	0.0	0.0	3	0.9972548688625444	-22.41087572748603	138.0	32	1.05	0.95				
	309	1	88.38579565789473	18.182220821052635	0.0	0.0	3	1.0272442770116061	-14.441771493951071	138.0	33	1.05	0.95				
	310	1	98.48702944736843	20.20246757894737	0.0	0.0	3	1.05	-16.653716614983185	138.0	33	1.05	0.95				
	311	1	0.0	0.0	0.0	0.0	3	1.0140004385541244	-9.919260721451117	230.0	33	1.05	0.95				
	312	1	0.0	0.0	0.0	0.0	3	1.0127357048186776	-9.4138439549992	230.0	33	1.05	0.95				
	313	2	133.84134771052632	27.27333123157895	0.0	0.0	3	1.0165257997985746	-6.315534165853393	230.0	34	1.05	0.95				
	314	2	97.98196775789474	19.697405889473686	0.0	0.0	3	1.0235837777112278	-7.4273621834751715	230.0	36	1.05	0.95				
	315	2	160.1045555631579	32.32394812631579	0.0	0.0	3	1.044156554469317	-1.9061668068529456	230.0	36	1.05	0.95				
	316	2	50.50616894736842	10.101233789473685	0.0	0.0	3	1.044183907286756	-0.8851681487155952	230.0	36	1.05	0.95				
	317	1	0.0	0.0	0.0	0.0	3	1.05	2.8020708505872425	230.0	37	1.05	0.95				
	318	2	168.18554259473686	34.34419488421053	0.0	0.0	3	1.0453087520458393	1.2124777940073768	230.0	37	1.05	0.95				
	319	1	91.41616579473684	18.68728251052632	0.0	0.0	3	1.0373343553720817	-1.9474510033572814	230.0	35	1.05	0.95				
	320	1	64.64789625263158	13.13160392631579	0.0	0.0	3	1.0352042738408682	-1.9141893245461956	230.0	35	1.05	0.95				
	321	2	0.0	0.0	0.0	0.0	3	1.0463482976740814	0.7633152933750166	230.0	37	1.05	0.95				
	322	2	0.0	0.0	0.0	0.0	3	1.05	5.906574067655598	230.0	37	1.05	0.95				
	323	2	0.0	0.0	0.0	0.0	3	1.0349232475293058	-1.5142345569139288	230.0	35	1.05	0.95				
	324	1	0.0	0.0	0.0	0.0	3	1.0216974790579176	-6.2026103000815525	230.0	36	1.05	0.95				
	325	1	0.0	0.0	0.0	0.0	3	1.0288709329021217	0.03417097962201639	230.0	35	1.05	0.95				
];
