%% MATPOWER Case Format : Version 2
function mpc = RTS_GMLC
mpc.version = '2';

%%-----  Power Flow Data  -----%%
%% system MVA base
mpc.baseMVA = 100.0;
%% bus data
%    bus_i    type    Pd    Qd    Gs    Bs    area    Vm    Va    baseKV    zone    Vmax    Vmin
mpc.bus = [
	101	2	44.67491340631579	9.10044532350877	0.0	0.0	1	1.034016497505575	2.051765390745256	138.0	11	1.05	0.95				
	102	2	40.1246907445614	8.2731321122807	0.0	0.0	1	1.0330849082900573	1.7937205251987622	138.0	12	1.05	0.95				
	103	1	74.45818901052631	15.305294407719297	0.0	0.0	1	1.0293164759012647	0.6068670253458704	138.0	11	1.05	0.95				
	104	1	30.610588815438593	6.204849084210526	0.0	0.0	1	1.0216987187207682	-1.0989584158974062	138.0	11	1.05	0.95				
	105	1	29.369618998596486	5.791192478596492	0.0	0.0	1	1.036446040693413	-0.8996914730854633	138.0	11	1.05	0.95				
	106	1	56.25729836350877	11.582384957192984	0.0	-100.0	1	1.045978783726295	-3.016518339006969	138.0	12	1.05	0.95				
	107	2	51.70707570175438	10.341415140350877	0.0	0.0	1	1.0005369849650043	-7.17462879625594	138.0	12	1.05	0.95				
	108	1	70.73527956	14.477981196491227	0.0	0.0	1	1.0053601670294208	-6.359462482084029	138.0	12	1.05	0.95				
	109	1	72.38990598245614	14.891637802105262	0.0	0.0	1	1.0246475003003022	-1.7877819023385242	138.0	13	1.05	0.95				
	110	1	80.66303809473683	16.5462642245614	0.0	0.0	1	1.05	-2.588923587363811	138.0	13	1.05	0.95				
	111	1	0.0	0.0	0.0	0.0	1	1.0033148023757952	-0.09906768354436292	230.0	13	1.05	0.95				
	112	1	0.0	0.0	0.0	0.0	1	1.0074596391671846	0.17053460887324845	230.0	13	1.05	0.95				
	113	3	109.61900048771929	22.337456703157894	0.0	0.0	1	0.9937748888074538	-2.570848505993012e-30	230.0	14	1.05	0.95				
	114	2	80.2493814891228	16.132607618947368	0.0	0.0	1	1.0012839785580654	2.0324872984787006	230.0	16	1.05	0.95				
	115	2	131.1291439796491	26.474022759298244	0.0	0.0	1	1.0377562988063391	7.847136482195118	230.0	16	1.05	0.95				
	116	2	41.36566056140351	8.2731321122807	0.0	0.0	1	1.033403378273388	7.425725363881761	230.0	16	1.05	0.95				
	117	1	0.0	0.0	0.0	0.0	1	1.0410660400258358	9.751021606958833	230.0	17	1.05	0.95				
	118	2	137.74764966947367	28.128649181754383	0.0	0.0	1	1.0443949579472662	9.793602618459252	230.0	17	1.05	0.95				
	119	1	74.87184561614035	15.305294407719297	0.0	0.0	1	1.0259739276530138	6.215359256771613	230.0	15	1.05	0.95				
	120	1	52.94804551859649	10.755071745964912	0.0	0.0	1	1.02243188319039	5.962970715003019	230.0	15	1.05	0.95				
	121	2	0.0	0.0	0.0	0.0	1	1.048358925647026	10.782151598261782	230.0	17	1.05	0.95				
	122	2	0.0	0.0	0.0	0.0	1	1.05	18.805707834767166	230.0	17	1.05	0.95				
	123	2	0.0	0.0	0.0	0.0	1	1.0209470054809529	6.146435836397387	230.0	15	1.05	0.95				
	124	1	0.0	0.0	0.0	0.0	1	1.0251750308696488	5.134876903804485	230.0	16	1.05	0.95				
	201	2	38.35164490105264	7.812372109473685	0.0	0.0	2	1.0228144640742147	-4.64442314414211	138.0	21	1.05	0.95				
	202	2	34.44545884631579	7.102156463157895	0.0	0.0	2	1.0231370393438661	-4.5251745209191965	138.0	22	1.05	0.95				
	203	1	63.91940816842106	13.138989456842104	0.0	0.0	2	1.0176528417914	-4.716041801870696	138.0	21	1.05	0.95				
	204	1	26.27797891368421	5.326617347368421	0.0	0.0	2	1.017894990269874	-5.89688680226122	138.0	21	1.05	0.95				
	205	1	25.212655444210526	4.971509524210527	0.0	0.0	2	1.0322435127029481	-6.046092621500311	138.0	21	1.05	0.95				
	206	1	48.29466394947369	9.943019048421053	0.0	-100.0	2	1.0459442910516514	-7.183002141321691	138.0	22	1.05	0.95				
	207	2	44.388477894736845	8.87769557894737	0.0	0.0	2	0.9936653395735481	-12.165930970138305	138.0	22	1.05	0.95				
	208	1	60.723437759999996	12.428773810526316	0.0	0.0	2	1.0022041529351	-10.623309444376407	138.0	22	1.05	0.95				
	209	1	62.14386905263159	12.78388163368421	0.0	0.0	2	1.0229967775068725	-5.547892767206726	138.0	23	1.05	0.95				
	210	1	69.24602551578948	14.20431292631579	0.0	0.0	2	1.05	-6.3188259394052135	138.0	23	1.05	0.95				
	211	1	0.0	0.0	0.0	0.0	2	1.0009279389029357	-3.2188070860231655	230.0	23	1.05	0.95				
	212	1	0.0	0.0	0.0	0.0	2	1.0061171719602937	-2.4157116968138763	230.0	23	1.05	0.95				
	213	2	94.1035731368421	19.17582245052632	0.0	0.0	2	0.9938411034183119	-2.02208675247399	230.0	24	1.05	0.95				
	214	2	68.89091769263158	13.849205103157896	0.0	0.0	2	0.9967842934956986	-1.3940779340920721	230.0	26	1.05	0.95				
	215	2	112.56917994105262	22.726900682105263	0.0	0.0	2	1.019377539127251	3.067073323972826	230.0	26	1.05	0.95				
	216	2	35.51078231578948	7.102156463157895	0.0	0.0	2	1.0200139298551525	3.287358162398436	230.0	26	1.05	0.95				
	217	1	0.0	0.0	0.0	0.0	2	1.0260820392327963	4.6207820483925035	230.0	27	1.05	0.95				
	218	2	118.25090511157894	24.147331974736844	0.0	0.0	2	1.0252782572990369	4.185553447506814	230.0	27	1.05	0.95				
	219	1	64.27451599157895	13.138989456842104	0.0	0.0	2	1.0209884010591155	3.4685323874703684	230.0	25	1.05	0.95				
	220	1	45.45380136421053	9.232803402105263	0.0	0.0	2	1.0238921814776523	4.327564524965839	230.0	25	1.05	0.95				
	221	2	0.0	0.0	0.0	0.0	2	1.0269253045010882	4.616136888622554	230.0	27	1.05	0.95				
	222	2	0.0	0.0	0.0	0.0	2	1.0489270025891095	11.121568901505148	230.0	27	1.05	0.95				
	223	2	0.0	0.0	0.0	0.0	2	1.0259407649071919	5.073600877114716	230.0	25	1.05	0.95				
	224	1	0.0	0.0	0.0	0.0	2	1.008941195120291	0.1284353283733286	230.0	26	1.05	0.95				
	301	2	46.34672570526316	9.440999680701754	0.0	0.0	3	1.0088237881635784	-16.848989761815634	138.0	31	1.05	0.95				
	302	2	41.62622586491228	8.58272698245614	0.0	0.0	3	1.0085024330357446	-16.997852768791862	138.0	32	1.05	0.95				
	303	1	77.24454284210526	15.87804491754386	0.0	0.0	3	1.0287736744531895	-10.332700679081075	138.0	31	1.05	0.95				
	304	1	31.75608983508772	6.437045236842105	0.0	0.0	3	1.010794808231196	-15.688427558681486	138.0	31	1.05	0.95				
	305	1	30.4686807877193	6.0079088877192985	0.0	0.0	3	1.0239425794098436	-16.511479656089534	138.0	31	1.05	0.95				
	306	1	58.36254348070176	12.015817775438597	0.0	-100.0	3	1.040566253621	-16.83850277554801	138.0	32	1.05	0.95				
	307	2	53.64204364035088	10.728408728070175	0.0	0.0	3	0.9937219724053558	-21.509216186223696	138.0	32	1.05	0.95				
	308	1	73.3823157	15.019772219298243	0.0	0.0	3	0.9998725386431632	-19.576027445063872	138.0	32	1.05	0.95				
	309	1	75.09886109649123	15.448908568421052	0.0	0.0	3	1.0259824445943733	-12.857507817101048	138.0	33	1.05	0.95				
	310	1	83.68158807894737	17.16545396491228	0.0	0.0	3	1.05	-14.791897753871107	138.0	33	1.05	0.95				
	311	1	0.0	0.0	0.0	0.0	3	1.0079949236174195	-9.246851931818792	230.0	33	1.05	0.95				
	312	1	0.0	0.0	0.0	0.0	3	1.0110923143524806	-8.78691136386304	230.0	33	1.05	0.95				
	313	2	113.72113251754385	23.17336285263158	0.0	0.0	3	1.010261444339278	-5.871145898201181	230.0	34	1.05	0.95				
	314	2	83.25245172982456	16.736317615789474	0.0	0.0	3	1.0081753257052668	-7.521333700380265	230.0	36	1.05	0.95				
	315	2	136.03622267192983	27.464726343859653	0.0	0.0	3	1.031189306612946	-3.2494817355489762	230.0	36	1.05	0.95				
	316	2	42.9136349122807	8.58272698245614	0.0	0.0	3	1.0308399100240042	-2.5163777631891455	230.0	36	1.05	0.95				
	317	1	0.0	0.0	0.0	0.0	3	1.0366969498176282	-0.5670554079830615	230.0	37	1.05	0.95				
	318	2	142.90240425789474	29.18127174035088	0.0	0.0	3	1.034468492201817	-1.0390589726155057	230.0	37	1.05	0.95				
	319	1	77.67367919122808	15.87804491754386	0.0	0.0	3	1.0267870367874186	-3.374942503114082	230.0	35	1.05	0.95				
	320	1	54.929452687719305	11.157545077192983	0.0	0.0	3	1.0262151661771248	-3.28682321994801	230.0	35	1.05	0.95				
	321	2	0.0	0.0	0.0	0.0	3	1.035657719132951	-1.2329074803133924	230.0	37	1.05	0.95				
	322	2	0.0	0.0	0.0	0.0	3	1.0493141224274436	3.3410720793801403	230.0	37	1.05	0.95				
	323	2	0.0	0.0	0.0	0.0	3	1.0264757576008814	-2.9074457818142934	230.0	35	1.05	0.95				
	324	1	0.0	0.0	0.0	0.0	3	1.0210873902709154	-5.9208931913500615	230.0	36	1.05	0.95				
	325	1	0.0	0.0	0.0	0.0	3	1.0245262503600594	-1.7479135162357233	230.0	35	1.05	0.95				
];
