%% MATPOWER Case Format : Version 2
function mpc = RTS_GMLC
mpc.version = '2';

%%-----  Power Flow Data  -----%%
%% system MVA base
mpc.baseMVA = 100.0;
%% bus data
%    bus_i    type    Pd    Qd    Gs    Bs    area    Vm    Va    baseKV    zone    Vmax    Vmin
mpc.bus = [
	101	2	50.52647205473685	10.29242949263158	0.0	0.0	1	1.0140236589489762	1.2836095177216336	138.0	11	1.05	0.95				
	102	2	45.38025730842105	9.356754084210529	0.0	0.0	1	1.0129069683429792	0.9680483437712974	138.0	12	1.05	0.95				
	103	1	84.21078675789474	17.30999505578947	0.0	0.0	1	1.0241105967255253	1.4259987522230615	138.0	11	1.05	0.95				
	104	1	34.61999011157894	7.017565563157895	0.0	0.0	1	1.0120155598292226	-2.072262357118735	138.0	11	1.05	0.95				
	105	1	33.21647699894737	6.54972785894737	0.0	0.0	1	1.0252661388328952	-2.0294183180655834	138.0	11	1.05	0.95				
	106	1	63.625927772631584	13.09945571789474	0.0	-100.0	1	1.0393119237613422	-4.37517689302557	138.0	12	1.05	0.95				
	107	2	58.47971302631579	11.69594260526316	0.0	0.0	1	0.9873887729227238	-11.65427104462633	138.0	12	1.05	0.95				
	108	1	80.00024742000001	16.37431964736842	0.0	0.0	1	0.994535303833951	-9.518208430865622	138.0	12	1.05	0.95				
	109	1	81.87159823684212	16.842157351578948	0.0	0.0	1	1.025691154859669	-2.5995427441322314	138.0	13	1.05	0.95				
	110	1	91.22835232105263	18.713508168421058	0.0	0.0	1	1.05	-3.8383022438255305	138.0	13	1.05	0.95				
	111	1	0.0	0.0	0.0	0.0	1	1.0202153768430395	-0.0005736427871460078	230.0	13	1.05	0.95				
	112	1	0.0	0.0	0.0	0.0	1	1.016101766514252	-0.7467033599588806	230.0	13	1.05	0.95				
	113	3	123.97699161578947	25.263236027368425	0.0	0.0	1	1.0036361668307179	-7.421839513641675e-33	230.0	14	1.05	0.95				
	114	2	90.7605146168421	18.245670464210527	0.0	0.0	1	1.0444507331735347	3.1410969806248388	230.0	16	1.05	0.95				
	115	2	148.30455223473683	29.94161306947369	0.0	0.0	1	1.0408689305767613	12.221796329403723	230.0	16	1.05	0.95				
	116	2	46.78377042105264	9.356754084210529	0.0	0.0	1	1.0417386962608153	10.581160346112377	230.0	16	1.05	0.95				
	117	1	0.0	0.0	0.0	0.0	1	1.0398371255670464	16.388121012919044	230.0	17	1.05	0.95				
	118	2	155.78995550210527	31.812963886315792	0.0	0.0	1	1.0477696121330433	16.879353655068023	230.0	17	1.05	0.95				
	119	1	84.67862446210526	17.30999505578947	0.0	0.0	1	1.0381225140442227	6.814626413939258	230.0	15	1.05	0.95				
	120	1	59.88322613894738	12.163780309473685	0.0	0.0	1	1.0412960932927215	4.431650066704467	230.0	15	1.05	0.95				
	121	2	0.0	0.0	0.0	0.0	1	1.0419525194119064	18.505979787649217	230.0	17	1.05	0.95				
	122	2	0.0	0.0	0.0	0.0	1	1.05	36.47806417408506	230.0	17	1.05	0.95				
	123	2	0.0	0.0	0.0	0.0	1	1.0440885737426793	3.4742214017172137	230.0	15	1.05	0.95				
	124	1	0.0	0.0	0.0	0.0	1	1.0211254441952087	8.202085404743434	230.0	16	1.05	0.95				
	201	2	51.42452384842105	10.475365969122805	0.0	0.0	2	1.0135936808243895	-15.204035972828677	138.0	21	1.05	0.95				
	202	2	46.18684086385964	9.523059971929824	0.0	0.0	2	1.0137215517073288	-15.274917001784953	138.0	22	1.05	0.95				
	203	1	85.70753974736841	17.617660948070174	0.0	0.0	2	1.0123525817016166	-12.044656355744628	138.0	21	1.05	0.95				
	204	1	35.23532189614035	7.142294978947368	0.0	0.0	2	1.011363544859413	-15.683448238632316	138.0	21	1.05	0.95				
	205	1	33.80686290035087	6.6661419803508775	0.0	0.0	2	1.025910448779711	-16.12250841873269	138.0	21	1.05	0.95				
	206	1	64.7568078091228	13.332283960701755	0.0	-100.0	2	1.0403836099763808	-17.13596108548416	138.0	22	1.05	0.95				
	207	2	59.519124824561395	11.90382496491228	0.0	0.0	2	0.989515839790795	-23.41100021486079	138.0	22	1.05	0.95				
	208	1	81.42216275999999	16.66535495087719	0.0	0.0	2	0.994886943811507	-21.222197611592023	138.0	22	1.05	0.95				
	209	1	83.32677475438595	17.141507949473684	0.0	0.0	2	1.0233637863247709	-14.045378186014823	138.0	23	1.05	0.95				
	210	1	92.84983472631578	19.046119943859647	0.0	0.0	2	1.05	-15.511526554069864	138.0	23	1.05	0.95				
	211	1	0.0	0.0	0.0	0.0	2	1.0110529403064221	-10.71358384116593	230.0	23	1.05	0.95				
	212	1	0.0	0.0	0.0	0.0	2	1.0139802007659109	-9.537555715066693	230.0	23	1.05	0.95				
	213	2	126.18054462807015	25.712261924210527	0.0	0.0	2	1.0133791263327057	-8.941398397067871	230.0	24	1.05	0.95				
	214	2	92.37368172771929	18.569966945263154	0.0	0.0	2	1.0131798303428137	-8.145768157126057	230.0	26	1.05	0.95				
	215	2	150.9405005550877	30.473791910175436	0.0	0.0	2	1.0299581407069733	-1.612596835131141	230.0	26	1.05	0.95				
	216	2	47.61529985964912	9.523059971929824	0.0	0.0	2	1.033516133506929	-1.6607054551389542	230.0	26	1.05	0.95				
	217	1	0.0	0.0	0.0	0.0	2	1.037649529563404	-0.04886897290615621	230.0	27	1.05	0.95				
	218	2	158.55894853263158	32.3784039045614	0.0	0.0	2	1.0353882930233036	-0.694828545865723	230.0	27	1.05	0.95				
	219	1	86.1836927459649	17.617660948070174	0.0	0.0	2	1.0377322238143687	-1.206775716289827	230.0	25	1.05	0.95				
	220	1	60.94758382035087	12.379977963508772	0.0	0.0	2	1.0448930451356175	0.08737892453719999	230.0	25	1.05	0.95				
	221	2	0.0	0.0	0.0	0.0	2	1.0360482655408563	-0.19570983309764522	230.0	27	1.05	0.95				
	222	2	0.0	0.0	0.0	0.0	2	1.05	6.3614509735336275	230.0	27	1.05	0.95				
	223	2	0.0	0.0	0.0	0.0	2	1.05	1.1407875795767723	230.0	25	1.05	0.95				
	224	1	0.0	0.0	0.0	0.0	2	1.010487036690445	-5.492087841940439	230.0	26	1.05	0.95				
	301	2	70.57070549052632	14.375514081403509	0.0	0.0	3	1.0411989426354928	-0.6645506769550263	138.0	31	1.05	0.95				
	302	2	63.38294844982456	13.06864916491228	0.0	0.0	3	1.038823224413338	-1.0484640281297752	138.0	32	1.05	0.95				
	303	1	117.61784248421053	24.177000955087717	0.0	0.0	3	1.05	17.492372491603927	138.0	31	1.05	0.95				
	304	1	48.354001910175434	9.80148687368421	0.0	0.0	3	1.0099685894030752	1.4520784033364615	138.0	31	1.05	0.95				
	305	1	46.393704535438594	9.148054415438597	0.0	0.0	3	1.0309253767764213	-1.5910573065809774	138.0	31	1.05	0.95				
	306	1	88.86681432140351	18.296108830877195	0.0	-100.0	3	1.0309119589933584	-2.848014947178419	138.0	32	1.05	0.95				
	307	2	81.67905728070176	16.335811456140352	0.0	0.0	3	0.95	-1.2759073401788275	138.0	32	1.05	0.95				
	308	1	111.73695036	22.87013603859649	0.0	0.0	3	0.9619518879648444	-1.720558174730203	138.0	32	1.05	0.95				
	309	1	114.35068019298245	23.523568496842103	0.0	0.0	3	1.0104983354273798	6.284413193189135	138.0	33	1.05	0.95				
	310	1	127.41932935789472	26.13729832982456	0.0	0.0	3	1.0366162269339576	-0.4467416047833198	138.0	33	1.05	0.95				
	311	1	0.0	0.0	0.0	0.0	3	0.9970714196523084	5.182821651174352	230.0	33	1.05	0.95				
	312	1	0.0	0.0	0.0	0.0	3	1.0004083993671824	5.731165343901737	230.0	33	1.05	0.95				
	313	2	173.1596014350877	35.28535274526316	0.0	0.0	3	0.9961459628899971	7.452076070801015	230.0	34	1.05	0.95				
	314	2	126.76589689964912	25.48386587157895	0.0	0.0	3	0.9971635828979909	5.578859718161202	230.0	36	1.05	0.95				
	315	2	207.13808926385963	41.8196773277193	0.0	0.0	3	1.05	10.39116419583204	230.0	36	1.05	0.95				
	316	2	65.34324582456141	13.06864916491228	0.0	0.0	3	1.046179191776503	10.035416589185735	230.0	36	1.05	0.95				
	317	1	0.0	0.0	0.0	0.0	3	1.05	15.517570347551088	230.0	37	1.05	0.95				
	318	2	217.59300859578948	44.433407160701755	0.0	0.0	3	1.0405500824094893	12.428170647445203	230.0	37	1.05	0.95				
	319	1	118.27127494245615	24.177000955087717	0.0	0.0	3	1.0277700635527551	8.543159473167046	230.0	35	1.05	0.95				
	320	1	83.6393546554386	16.989243914385966	0.0	0.0	3	1.0175806789577027	8.483758831486712	230.0	35	1.05	0.95				
	321	2	0.0	0.0	0.0	0.0	3	1.043646731927984	12.415246307347406	230.0	37	1.05	0.95				
	322	2	0.0	0.0	0.0	0.0	3	1.0499999930556516	17.97358890580883	230.0	37	1.05	0.95				
	323	2	0.0	0.0	0.0	0.0	3	1.013623260008848	8.962180103733989	230.0	35	1.05	0.95				
	324	1	0.0	0.0	0.0	0.0	3	1.0473462538205898	13.108176259048593	230.0	36	1.05	0.95				
	325	1	0.0	0.0	0.0	0.0	3	1.01410376284889	9.78810442402406	230.0	35	1.05	0.95				
];
