%% MATPOWER Case Format : Version 2
function mpc = RTS_GMLC
mpc.version = '2';

%%-----  Power Flow Data  -----%%
%% system MVA base
mpc.baseMVA = 100.0;
%% bus data
%    bus_i    type    Pd    Qd    Gs    Bs    area    Vm    Va    baseKV    zone    Vmax    Vmin
mpc.bus = [
	101	2	42.31024245473685	8.61875309263158	0.0	0.0	1	1.0427218093656712	4.750143436192381	138.0	11	1.05	0.95				
	102	2	38.000865908421055	7.835230084210528	0.0	0.0	1	1.0414263072366967	4.382751630385258	138.0	12	1.05	0.95				
	103	1	70.51707075789476	14.495175655789474	0.0	0.0	1	1.0330559659443825	2.0903761162886396	138.0	11	1.05	0.95				
	104	1	28.990351311578948	5.876422563157895	0.0	0.0	1	1.0269722879292384	0.8114008511995018	138.0	11	1.05	0.95				
	105	1	27.81506679894737	5.48466105894737	0.0	0.0	1	1.040269529712672	0.8100146807351136	138.0	11	1.05	0.95				
	106	1	53.279564572631585	10.96932211789474	0.0	-100.0	1	1.0478155207724547	-1.8659217337702705	138.0	12	1.05	0.95				
	107	2	48.970188026315796	9.794037605263158	0.0	0.0	1	0.9999582929050252	-8.998702639127606	138.0	12	1.05	0.95				
	108	1	66.99121722000001	13.711652647368421	0.0	0.0	1	1.004530678775604	-7.0738973004000645	138.0	12	1.05	0.95				
	109	1	68.55826323684211	14.10341415157895	0.0	0.0	1	1.0245875637498247	-1.2301958251015355	138.0	13	1.05	0.95				
	110	1	76.39349332105265	15.670460168421055	0.0	0.0	1	1.05	-1.9928564045505752	138.0	13	1.05	0.95				
	111	1	0.0	0.0	0.0	0.0	1	1.0023654023682569	0.18264518648404296	230.0	13	1.05	0.95				
	112	1	0.0	0.0	0.0	0.0	1	1.007172658433452	-0.35477348153685223	230.0	13	1.05	0.95				
	113	3	103.81679861578948	21.155121227368426	0.0	0.0	1	0.9921756466466289	2.9784269483266206e-31	230.0	14	1.05	0.95				
	114	2	76.00173181684211	15.278698664210527	0.0	0.0	1	0.999253098135186	2.268809697116658	230.0	16	1.05	0.95				
	115	2	124.18839683473686	25.07273626947369	0.0	0.0	1	1.0393879537096198	8.665460891488728	230.0	16	1.05	0.95				
	116	2	39.17615042105263	7.835230084210528	0.0	0.0	1	1.033770859828483	7.4372133920619925	230.0	16	1.05	0.95				
	117	1	0.0	0.0	0.0	0.0	1	1.0407907051386183	11.55821442823594	230.0	17	1.05	0.95				
	118	2	130.4565809021053	26.639782286315793	0.0	0.0	1	1.0472483601502613	11.971146977453417	230.0	17	1.05	0.95				
	119	1	70.90883226210526	14.495175655789474	0.0	0.0	1	1.0216709339153422	4.5973450898260015	230.0	15	1.05	0.95				
	120	1	50.14547253894738	10.185799109473685	0.0	0.0	1	1.0151982435897826	2.776172168300652	230.0	15	1.05	0.95				
	121	2	0.0	0.0	0.0	0.0	1	1.05	13.217997832852408	230.0	17	1.05	0.95				
	122	2	0.0	0.0	0.0	0.0	1	1.05	25.062014796934008	230.0	17	1.05	0.95				
	123	2	0.0	0.0	0.0	0.0	1	1.01219727718308	2.0761274904704856	230.0	15	1.05	0.95				
	124	1	0.0	0.0	0.0	0.0	1	1.028234392149031	6.1980165086475445	230.0	16	1.05	0.95				
	201	2	39.93263026105264	8.134424682807019	0.0	0.0	2	1.0146023929436785	-13.602697524782075	138.0	21	1.05	0.95				
	202	2	35.865417919649126	7.394931529824563	0.0	0.0	2	1.0136917814582358	-13.88896082359203	138.0	22	1.05	0.95				
	203	1	66.55438376842106	13.68062333017544	0.0	0.0	2	1.0153651198321427	-9.650561053222875	138.0	21	1.05	0.95				
	204	1	27.36124666035088	5.5461986473684215	0.0	0.0	2	1.0128551403878847	-13.611148608567683	138.0	21	1.05	0.95				
	205	1	26.252006930877194	5.176452070877194	0.0	0.0	2	1.027920791131769	-14.0395562849506	138.0	21	1.05	0.95				
	206	1	50.28553440280703	10.352904141754388	0.0	-100.0	2	1.0435276717174213	-14.765432049390474	138.0	22	1.05	0.95				
	207	2	46.21832206140352	9.243664412280703	0.0	0.0	2	0.9967088472174636	-19.1294350133796	138.0	22	1.05	0.95				
	208	1	63.226664580000005	12.941130177192983	0.0	0.0	2	1.0032291627554397	-17.494157487993707	138.0	22	1.05	0.95				
	209	1	64.70565088596491	13.310876753684212	0.0	0.0	2	1.0223871438363137	-11.846220685875545	138.0	23	1.05	0.95				
	210	1	72.10058241578949	14.789863059649125	0.0	0.0	2	1.05	-13.285147561143502	138.0	23	1.05	0.95				
	211	1	0.0	0.0	0.0	0.0	2	1.0040085135416021	-9.081833331788129	230.0	23	1.05	0.95				
	212	1	0.0	0.0	0.0	0.0	2	1.0061138390819553	-8.503950216538207	230.0	23	1.05	0.95				
	213	2	97.98284277017545	19.96631513052632	0.0	0.0	2	0.9982777916091014	-7.895270959941923	230.0	24	1.05	0.95				
	214	2	71.73083583929825	14.420116483157896	0.0	0.0	2	1.0046642604004794	-6.506879057255768	230.0	26	1.05	0.95				
	215	2	117.2096647477193	23.6637808954386	0.0	0.0	2	1.0197118064351225	-0.110926168315031	230.0	26	1.05	0.95				
	216	2	36.97465764912281	7.394931529824563	0.0	0.0	2	1.0203193989415607	-0.6136215080557965	230.0	26	1.05	0.95				
	217	1	0.0	0.0	0.0	0.0	2	1.024542447563208	0.8670480804341189	230.0	27	1.05	0.95				
	218	2	123.12560997157895	25.142767201403515	0.0	0.0	2	1.0241284434224232	0.550592151317264	230.0	27	1.05	0.95				
	219	1	66.92413034491229	13.68062333017544	0.0	0.0	2	1.0201155126369892	-1.0320774488762074	230.0	25	1.05	0.95				
	220	1	47.3275617908772	9.613410988771932	0.0	0.0	2	1.022146854618028	-0.6630313393379854	230.0	25	1.05	0.95				
	221	2	0.0	0.0	0.0	0.0	2	1.0262021311405911	1.1275539414998894	230.0	27	1.05	0.95				
	222	2	0.0	0.0	0.0	0.0	2	1.047910493766298	7.541713937734813	230.0	27	1.05	0.95				
	223	2	0.0	0.0	0.0	0.0	2	1.0236338636969482	-0.17291585689675879	230.0	25	1.05	0.95				
	224	1	0.0	0.0	0.0	0.0	2	1.0063785906912603	-3.7048149207640715	230.0	26	1.05	0.95				
	301	2	50.549193284210524	10.29705789122807	0.0	0.0	3	1.0110603214584892	-6.027130568966844	138.0	31	1.05	0.95				
	302	2	45.400664338596485	9.360961719298245	0.0	0.0	3	1.0101988733225935	-6.274917212826042	138.0	32	1.05	0.95				
	303	1	84.24865547368421	17.317779180701752	0.0	0.0	3	1.0415407804705195	3.9286024509696027	138.0	31	1.05	0.95				
	304	1	34.635558361403504	7.020721289473683	0.0	0.0	3	1.010550332259509	-5.057424938171743	138.0	31	1.05	0.95				
	305	1	33.23141410350877	6.552673203508773	0.0	0.0	3	1.0246710385685132	-6.2501935616877216	138.0	31	1.05	0.95				
	306	1	63.654539691228074	13.105346407017546	0.0	-100.0	3	1.0398557252434237	-6.928465362127717	138.0	32	1.05	0.95				
	307	2	58.506010745614034	11.701202149122807	0.0	0.0	3	0.9904768398149179	-12.01343963975636	138.0	32	1.05	0.95				
	308	1	80.0362227	16.381683008771926	0.0	0.0	3	0.9961842588997843	-9.873609631357384	138.0	32	1.05	0.95				
	309	1	81.90841504385965	16.849731094736843	0.0	0.0	3	1.0255712686452692	-2.1403907838415073	138.0	33	1.05	0.95				
	310	1	91.2693767631579	18.72192343859649	0.0	0.0	3	1.05	-4.9671347460852076	138.0	33	1.05	0.95				
	311	1	0.0	0.0	0.0	0.0	3	1.0074614881473312	-0.4761302745903781	230.0	33	1.05	0.95				
	312	1	0.0	0.0	0.0	0.0	3	1.0132815919604998	0.32003906974424934	230.0	33	1.05	0.95				
	313	2	124.03274278070175	25.274596642105262	0.0	0.0	3	1.011157635470762	2.9920149875099513	230.0	34	1.05	0.95				
	314	2	90.80132867719297	18.253875352631578	0.0	0.0	3	1.0015747922591316	-0.3262115167644796	230.0	36	1.05	0.95				
	315	2	148.37124325087717	29.955077501754385	0.0	0.0	3	1.0280485320597845	-0.11973424557685428	230.0	36	1.05	0.95				
	316	2	46.80480859649123	9.360961719298245	0.0	0.0	3	1.0235763345910442	0.10601177418858389	230.0	36	1.05	0.95				
	317	1	0.0	0.0	0.0	0.0	3	1.028686855806917	0.47027789301262596	230.0	37	1.05	0.95				
	318	2	155.86001262631578	31.827269845614037	0.0	0.0	3	1.0273034181283174	-0.12365808933651849	230.0	37	1.05	0.95				
	319	1	84.71670355964912	17.317779180701752	0.0	0.0	3	1.0213106343257692	1.1427277083440341	230.0	35	1.05	0.95				
	320	1	59.91015500350877	12.16925023508772	0.0	0.0	3	1.0211248296811353	2.1963410408578516	230.0	35	1.05	0.95				
	321	2	0.0	0.0	0.0	0.0	3	1.0295413027281424	0.4268762878122762	230.0	37	1.05	0.95				
	322	2	0.0	0.0	0.0	0.0	3	1.0425352776536392	4.812906682778182	230.0	37	1.05	0.95				
	323	2	0.0	0.0	0.0	0.0	3	1.021676448447375	2.9775078024401376	230.0	35	1.05	0.95				
	324	1	0.0	0.0	0.0	0.0	3	1.0317663465973945	2.3231425928615272	230.0	36	1.05	0.95				
	325	1	0.0	0.0	0.0	0.0	3	1.0218539438571506	3.8613874600484195	230.0	35	1.05	0.95				
];
