%% MATPOWER Case Format : Version 2
function mpc = RTS_GMLC
mpc.version = '2';

%%-----  Power Flow Data  -----%%
%% system MVA base
mpc.baseMVA = 100.0;
%% bus data
%    bus_i    type    Pd    Qd    Gs    Bs    area    Vm    Va    baseKV    zone    Vmax    Vmin
mpc.bus = [
	101	2	37.67441860421053	7.674418604561405	0.0	0.0	1	1.0312379330695753	3.9626633317008886	138.0	11	1.05	0.95				
	102	2	33.837209301929825	6.976744185964913	0.0	0.0	1	1.0303494040117098	3.70389452934378	138.0	12	1.05	0.95				
	103	1	62.790697673684214	12.906976744035086	0.0	0.0	1	1.0311042279556135	2.122671677648601	138.0	11	1.05	0.95				
	104	1	25.813953488070172	5.232558139473684	0.0	0.0	1	1.0215580250681804	0.5057801487051775	138.0	11	1.05	0.95				
	105	1	24.76744186017544	4.883720930175439	0.0	0.0	1	1.0356565493405363	0.7599688329083908	138.0	11	1.05	0.95				
	106	1	47.44186046456141	9.767441860350878	0.0	-100.0	1	1.046902583461774	-1.440624378702689	138.0	12	1.05	0.95				
	107	2	43.6046511622807	8.72093023245614	0.0	0.0	1	0.99988952650739	-7.584999901665783	138.0	12	1.05	0.95				
	108	1	59.65116279	12.209302325438596	0.0	0.0	1	1.0062317266399634	-5.8824364076751525	138.0	12	1.05	0.95				
	109	1	61.04651162719299	12.558139534736842	0.0	0.0	1	1.0247611531083054	-0.6862420853295427	138.0	13	1.05	0.95				
	110	1	68.0232558131579	13.953488371929826	0.0	0.0	1	1.05	-1.3784002390280585	138.0	13	1.05	0.95				
	111	1	0.0	0.0	0.0	0.0	1	1.0019925657569124	0.6719315875541907	230.0	13	1.05	0.95				
	112	1	0.0	0.0	0.0	0.0	1	1.0074127395292922	0.6694221565320646	230.0	13	1.05	0.95				
	113	3	92.44186046403509	18.837209302105265	0.0	0.0	1	0.9911637177380753	-5.632979640641701e-28	230.0	14	1.05	0.95				
	114	2	67.67441860385965	13.604651162631582	0.0	0.0	1	0.9990187378655778	3.094035983350146	230.0	16	1.05	0.95				
	115	2	110.58139534754386	22.32558139508772	0.0	0.0	1	1.0383655190084005	8.76017741808832	230.0	16	1.05	0.95				
	116	2	34.88372092982456	6.976744185964913	0.0	0.0	1	1.0345360508466488	8.438226071763271	230.0	16	1.05	0.95				
	117	1	0.0	0.0	0.0	0.0	1	1.0417521412277235	11.192146974204855	230.0	17	1.05	0.95				
	118	2	116.16279069631578	23.720930232280704	0.0	0.0	1	1.04640642621314	11.096344682633061	230.0	17	1.05	0.95				
	119	1	63.13953488298246	12.906976744035086	0.0	0.0	1	1.0272913566991266	6.889069317655138	230.0	15	1.05	0.95				
	120	1	44.65116279017544	9.069767441754387	0.0	0.0	1	1.0233665556409077	6.212680991102403	230.0	15	1.05	0.95				
	121	2	0.0	0.0	0.0	0.0	1	1.05	11.818052966385613	230.0	17	1.05	0.95				
	122	2	0.0	0.0	0.0	0.0	1	1.05	23.038612978105228	230.0	17	1.05	0.95				
	123	2	0.0	0.0	0.0	0.0	1	1.0213484752039292	6.112211335363839	230.0	15	1.05	0.95				
	124	1	0.0	0.0	0.0	0.0	1	1.0268113989115124	6.271910730679007	230.0	16	1.05	0.95				
	201	2	45.40657956631579	9.249488430175438	0.0	0.0	2	1.025824882301976	-9.357947224916193	138.0	21	1.05	0.95				
	202	2	40.78183535122807	8.408625845614036	0.0	0.0	2	1.0268550688368394	-9.174213650357162	138.0	22	1.05	0.95				
	203	1	75.67763261052632	15.555957814385964	0.0	0.0	2	1.01644524249277	-8.275063770596955	138.0	21	1.05	0.95				
	204	1	31.11191562877193	6.306469384210526	0.0	0.0	2	1.0178520191834561	-10.959236307403321	138.0	21	1.05	0.95				
	205	1	29.850621751929822	5.886038091929826	0.0	0.0	2	1.0327484727895049	-11.255143387887868	138.0	21	1.05	0.95				
	206	1	57.178655750175444	11.772076183859651	0.0	-100.0	2	1.0447848816282852	-12.693907437282252	138.0	22	1.05	0.95				
	207	2	52.553911535087714	10.510782307017545	0.0	0.0	2	0.9918451794936103	-18.793061969825413	138.0	22	1.05	0.95				
	208	1	71.89375098	14.71509522982456	0.0	0.0	2	0.9983779566539447	-16.90034901229468	138.0	22	1.05	0.95				
	209	1	73.5754761491228	15.135526522105264	0.0	0.0	2	1.0223196302661963	-10.691640166238074	138.0	23	1.05	0.95				
	210	1	81.98410199473683	16.817251691228073	0.0	0.0	2	1.05	-11.82904219877507	138.0	23	1.05	0.95				
	211	1	0.0	0.0	0.0	0.0	2	1.0046919711442495	-8.250704608679547	230.0	23	1.05	0.95				
	212	1	0.0	0.0	0.0	0.0	2	1.0086719317864783	-7.715101282858751	230.0	23	1.05	0.95				
	213	2	111.41429245438597	22.703289783157896	0.0	0.0	2	0.9989077744001617	-7.381863054031275	230.0	24	1.05	0.95				
	214	2	81.56367070245614	16.39682039894737	0.0	0.0	2	1.0045241256362587	-5.883021162311804	230.0	26	1.05	0.95				
	215	2	133.27671965298245	26.907602705964912	0.0	0.0	2	1.0214126437887434	0.3083926351764461	230.0	26	1.05	0.95				
	216	2	42.04312922807018	8.408625845614036	0.0	0.0	2	1.0235995622983876	0.010909682399454534	230.0	26	1.05	0.95				
	217	1	0.0	0.0	0.0	0.0	2	1.0283451335863871	2.2424230864506023	230.0	27	1.05	0.95				
	218	2	140.00362032947368	28.589327875087722	0.0	0.0	2	1.0281254699860163	1.8618606877499835	230.0	27	1.05	0.95				
	219	1	76.09806390280703	15.555957814385964	0.0	0.0	2	1.0244831380308832	-0.7236382575900261	230.0	25	1.05	0.95				
	220	1	53.815205411929824	10.931213599298246	0.0	0.0	2	1.0280816590644617	-0.5367602654050988	230.0	25	1.05	0.95				
	221	2	0.0	0.0	0.0	0.0	2	1.0293633835293858	2.1437946351562376	230.0	27	1.05	0.95				
	222	2	0.0	0.0	0.0	0.0	2	1.0499999953146875	8.673935163009444	230.0	27	1.05	0.95				
	223	2	0.0	0.0	0.0	0.0	2	1.0306112366008862	-0.1133731041121959	230.0	25	1.05	0.95				
	224	1	0.0	0.0	0.0	0.0	2	1.008895721497196	-2.922100613383121	230.0	26	1.05	0.95				
	301	2	46.99588736842105	9.573236315789472	0.0	0.0	3	1.0058472055922778	-24.208046856276592	138.0	31	1.05	0.95				
	302	2	42.209269210526315	8.702942105263158	0.0	0.0	3	1.0057345968636724	-24.31680894479481	138.0	32	1.05	0.95				
	303	1	78.32647894736841	16.10044289473684	0.0	0.0	3	1.023833590284434	-18.897821835902413	138.0	31	1.05	0.95				
	304	1	32.20088578947368	6.527206578947367	0.0	0.0	3	1.0096644366837153	-22.83692191374024	138.0	31	1.05	0.95				
	305	1	30.895444473684208	6.092059473684211	0.0	0.0	3	1.0222303368494616	-23.616026504032956	138.0	31	1.05	0.95				
	306	1	59.18000631578947	12.184118947368422	0.0	-100.0	3	1.039689832677187	-23.80416725340225	138.0	32	1.05	0.95				
	307	2	54.39338815789473	10.878677631578947	0.0	0.0	3	0.9924746176071632	-28.521256982274984	138.0	32	1.05	0.95				
	308	1	74.41015499999999	15.230148684210523	0.0	0.0	3	0.9990557080009519	-26.561880066061807	138.0	32	1.05	0.95				
	309	1	76.15074342105262	15.665295789473682	0.0	0.0	3	1.0266286606075752	-19.84764590482204	138.0	33	1.05	0.95				
	310	1	84.85368552631579	17.405884210526317	0.0	0.0	3	1.05	-21.623673694051615	138.0	33	1.05	0.95				
	311	1	0.0	0.0	0.0	0.0	3	1.0088319181233367	-15.96118671267669	230.0	33	1.05	0.95				
	312	1	0.0	0.0	0.0	0.0	3	1.013102937261502	-15.149608418592551	230.0	33	1.05	0.95				
	313	2	115.31398289473682	23.497943684210526	0.0	0.0	3	1.0131601460772215	-12.167429302841361	230.0	34	1.05	0.95				
	314	2	84.41853842105263	16.970737105263154	0.0	0.0	3	1.0086781561283293	-14.418715058974874	230.0	36	1.05	0.95				
	315	2	137.94163236842104	27.849414736842103	0.0	0.0	3	1.0328739988899072	-10.635252226816876	230.0	36	1.05	0.95				
	316	2	43.51471052631579	8.702942105263158	0.0	0.0	3	1.0332947168584234	-9.651798293303608	230.0	36	1.05	0.95				
	317	1	0.0	0.0	0.0	0.0	3	1.037464606980422	-8.48491633988411	230.0	37	1.05	0.95				
	318	2	144.90398605263158	29.590003157894735	0.0	0.0	3	1.0359801852684327	-8.609701526692008	230.0	37	1.05	0.95				
	319	1	78.76162605263157	16.10044289473684	0.0	0.0	3	1.0326583264537939	-9.754581171702313	230.0	35	1.05	0.95				
	320	1	55.69882947368421	11.313824736842106	0.0	0.0	3	1.0350086075324894	-9.005667557448563	230.0	35	1.05	0.95				
	321	2	0.0	0.0	0.0	0.0	3	1.0370780265388364	-8.759415978041908	230.0	37	1.05	0.95				
	322	2	0.0	0.0	0.0	0.0	3	1.049999950496988	-4.343556081198276	230.0	37	1.05	0.95				
	323	2	0.0	0.0	0.0	0.0	3	1.0370619398407805	-8.266705909677684	230.0	35	1.05	0.95				
	324	1	0.0	0.0	0.0	0.0	3	1.0190568458421407	-13.731009034470391	230.0	36	1.05	0.95				
	325	1	0.0	0.0	0.0	0.0	3	1.0306637176044193	-6.612046012292631	230.0	35	1.05	0.95				
];
