%% MATPOWER Case Format : Version 2
function mpc = RTS_GMLC
mpc.version = '2';

%%-----  Power Flow Data  -----%%
%% system MVA base
mpc.baseMVA = 100.0;
%% bus data
%    bus_i    type    Pd    Qd    Gs    Bs    area    Vm    Va    baseKV    zone    Vmax    Vmin
mpc.bus = [
	101	2	47.467095498947366	9.669223157192981	0.0	0.0	1	1.0125255276346514	-4.586092014324137	138.0	11	1.05	0.95				
	102	2	42.63248392035087	8.790202870175438	0.0	0.0	1	1.0124390562186165	-4.827418368839718	138.0	12	1.05	0.95				
	103	1	79.11182583157894	16.261875309824557	0.0	0.0	1	1.0004138373050782	0.5478120509328731	138.0	11	1.05	0.95				
	104	1	32.523750619649114	6.592652152631579	0.0	0.0	1	1.0025913847649328	-4.721435226968838	138.0	11	1.05	0.95				
	105	1	31.2052201891228	6.153142009122807	0.0	0.0	1	1.016515427472956	-5.866100215629008	138.0	11	1.05	0.95				
	106	1	59.77337951719298	12.306284018245615	0.0	-100.0	1	1.0263593166015976	-7.102566024533561	138.0	12	1.05	0.95				
	107	2	54.93876793859649	10.987753587719297	0.0	0.0	1	0.9873869888491622	-11.759180823684812	138.0	12	1.05	0.95				
	108	1	75.15623453999999	15.382855022807016	0.0	0.0	1	0.9871542740666769	-10.198600910806842	138.0	12	1.05	0.95				
	109	1	76.91427511403508	15.822365166315787	0.0	0.0	1	1.0027223272651808	-3.7119489386048685	138.0	13	1.05	0.95				
	110	1	85.70447798421051	17.580405740350876	0.0	0.0	1	1.0311435289710054	-5.714398080608008	138.0	13	1.05	0.95				
	111	1	0.0	0.0	0.0	0.0	1	0.985123958331433	-0.6984698509883193	230.0	13	1.05	0.95				
	112	1	0.0	0.0	0.0	0.0	1	0.9848769518789623	-1.6277759646654084	230.0	13	1.05	0.95				
	113	3	116.47018802982454	23.733547749473683	0.0	0.0	1	0.967695213366294	1.5902756948299568e-26	230.0	14	1.05	0.95				
	114	2	85.26496784070174	17.140895596842103	0.0	0.0	1	0.9981450794718504	2.808776287185994	230.0	16	1.05	0.95				
	115	2	139.3247154922807	28.1286491845614	0.0	0.0	1	0.994491715923204	12.556605947404039	230.0	16	1.05	0.95				
	116	2	43.95101435087719	8.790202870175438	0.0	0.0	1	0.9932915235403822	10.82622128040055	230.0	16	1.05	0.95				
	117	1	0.0	0.0	0.0	0.0	1	0.995337410428255	17.056004706552464	230.0	17	1.05	0.95				
	118	2	146.35687778842103	29.88668975859649	0.0	0.0	1	1.005395633285252	17.66603982623195	230.0	17	1.05	0.95				
	119	1	79.55133597508771	16.261875309824557	0.0	0.0	1	0.9923096950832099	6.745839589527013	230.0	15	1.05	0.95				
	120	1	56.2572983691228	11.42726373122807	0.0	0.0	1	0.9977209461537737	3.800672094322561	230.0	15	1.05	0.95				
	121	2	0.0	0.0	0.0	0.0	1	1.0058153534430485	19.153657164707106	230.0	17	1.05	0.95				
	122	2	0.0	0.0	0.0	0.0	1	1.0100613301246426	37.746723037063845	230.0	17	1.05	0.95				
	123	2	0.0	0.0	0.0	0.0	1	1.0020386324916364	2.5484221821337623	230.0	15	1.05	0.95				
	124	1	0.0	0.0	0.0	0.0	1	0.9822897653141399	7.986617883013343	230.0	16	1.05	0.95				
	201	2	44.590587119999995	9.083267746666666	0.0	0.0	2	1.011305720262247	-13.933540479567634	138.0	21	1.05	0.95				
	202	2	40.04895324666666	8.257516133333333	0.0	0.0	2	1.0102054292674862	-14.153784463949998	138.0	22	1.05	0.95				
	203	1	74.31764519999999	15.276404846666663	0.0	0.0	2	0.9973236403697847	-10.457255833568281	138.0	21	1.05	0.95				
	204	1	30.552809693333327	6.1931370999999995	0.0	0.0	2	1.000296224693292	-13.303329915493482	138.0	21	1.05	0.95				
	205	1	29.314182273333326	5.780261293333333	0.0	0.0	2	1.0167681246605438	-13.72221443422806	138.0	21	1.05	0.95				
	206	1	56.15110970666667	11.560522586666666	0.0	-100.0	2	1.0277326905740867	-14.126396452845741	138.0	22	1.05	0.95				
	207	2	51.60947583333333	10.321895166666666	0.0	0.0	2	0.9718444514864956	-19.137509675236416	138.0	22	1.05	0.95				
	208	1	70.60176293999999	14.45065323333333	0.0	0.0	2	0.979291956276006	-17.21733131605535	138.0	22	1.05	0.95				
	209	1	72.25326616666666	14.863529039999998	0.0	0.0	2	1.0046609163089326	-10.83845265147769	138.0	23	1.05	0.95				
	210	1	80.51078229999999	16.515032266666665	0.0	0.0	2	1.032366725755728	-12.142297077805138	138.0	23	1.05	0.95				
	211	1	0.0	0.0	0.0	0.0	2	0.9868235677852302	-8.066211599201736	230.0	23	1.05	0.95				
	212	1	0.0	0.0	0.0	0.0	2	0.985483044172516	-4.835741394131576	230.0	23	1.05	0.95				
	213	2	109.41208876666666	22.295293559999998	0.0	0.0	2	0.9825198921374361	-5.8563776776596095	230.0	24	1.05	0.95				
	214	2	80.09790649333333	16.10215646	0.0	0.0	2	0.9860151445380558	-6.441443570262446	230.0	26	1.05	0.95				
	215	2	130.88163071333332	26.424051626666667	0.0	0.0	2	0.9927873815373635	-0.9091341702397991	230.0	26	1.05	0.95				
	216	2	41.28758066666666	8.257516133333333	0.0	0.0	2	0.9906644336417512	-1.3933746879245874	230.0	26	1.05	0.95				
	217	1	0.0	0.0	0.0	0.0	2	1.0016958029719845	-0.02880335088520081	230.0	27	1.05	0.95				
	218	2	137.48764362	28.075554853333333	0.0	0.0	2	1.0027119485442626	-0.5371350662473895	230.0	27	1.05	0.95				
	219	1	74.73052100666666	15.276404846666663	0.0	0.0	2	0.9825467418982984	-0.7373270768052336	230.0	25	1.05	0.95				
	220	1	52.848103253333335	10.734770973333333	0.0	0.0	2	0.9787120047446984	0.7208889029618128	230.0	25	1.05	0.95				
	221	2	0.0	0.0	0.0	0.0	2	1.0049653862565193	0.018863491908851306	230.0	27	1.05	0.95				
	222	2	0.0	0.0	0.0	0.0	2	1.0229964748951548	5.6112568576405515	230.0	27	1.05	0.95				
	223	2	0.0	0.0	0.0	0.0	2	0.977756394463681	1.8787446441429558	230.0	25	1.05	0.95				
	224	1	0.0	0.0	0.0	0.0	2	0.9830792165503669	-4.53941269883068	230.0	26	1.05	0.95				
	301	2	60.167035743157896	12.256248021754386	0.0	0.0	3	1.0029112922420882	31.227914943517845	138.0	31	1.05	0.95				
	302	2	54.038911732280695	11.14204365614035	0.0	0.0	3	1.003691783317909	30.8302128981129	138.0	32	1.05	0.95				
	303	1	100.27839290526315	20.612780763859647	0.0	0.0	3	1.0147467373186103	47.443187558186914	138.0	31	1.05	0.95				
	304	1	41.22556152771929	8.356532742105262	0.0	0.0	3	0.993055985053549	32.56872597665282	138.0	31	1.05	0.95				
	305	1	39.55425497929824	7.799430559298245	0.0	0.0	3	1.0116024496095473	30.281225567712422	138.0	31	1.05	0.95				
	306	1	75.76589686175438	15.59886111859649	0.0	-100.0	3	1.02347323468655	29.100001109018276	138.0	32	1.05	0.95				
	307	2	69.63777285087718	13.927554570175438	0.0	0.0	3	0.9656614134818	25.30032192430421	138.0	32	1.05	0.95				
	308	1	95.26447325999999	19.49857639824561	0.0	0.0	3	0.9749085113112892	27.93777751562979	138.0	32	1.05	0.95				
	309	1	97.49288199122806	20.05567858105263	0.0	0.0	3	1.003694972453255	36.37714379888897	138.0	33	1.05	0.95				
	310	1	108.6349256473684	22.2840873122807	0.0	0.0	3	1.034516448677252	31.167110071293333	138.0	33	1.05	0.95				
	311	1	0.0	0.0	0.0	0.0	3	0.9959063655917116	35.429090178191714	230.0	33	1.05	0.95				
	312	1	0.0	0.0	0.0	0.0	3	1.0028074243528131	35.543252762674854	230.0	33	1.05	0.95				
	313	2	147.63207844385963	30.083517871578948	0.0	0.0	3	1.0047563885664519	37.8850203028471	230.0	34	1.05	0.95				
	314	2	108.07782346456139	21.726985129473682	0.0	0.0	3	0.9886682998756908	35.00080611654366	230.0	36	1.05	0.95				
	315	2	176.60139194982455	35.65453969964912	0.0	0.0	3	0.9894985155682098	33.30466569819655	230.0	36	1.05	0.95				
	316	2	55.71021828070175	11.14204365614035	0.0	0.0	3	0.9843307064769001	33.4590439794331	230.0	36	1.05	0.95				
	317	1	0.0	0.0	0.0	0.0	3	0.9934663330949338	35.17746579991458	230.0	37	1.05	0.95				
	318	2	185.51502687473683	37.88294843087719	0.0	0.0	3	0.9851000351077436	31.20134785495502	230.0	37	1.05	0.95				
	319	1	100.83549508807018	20.612780763859647	0.0	0.0	3	0.9928340760034332	33.234376481528905	230.0	35	1.05	0.95				
	320	1	71.30907939929824	14.484656752982456	0.0	0.0	3	1.0015223855690996	32.667872472793704	230.0	35	1.05	0.95				
	321	2	0.0	0.0	0.0	0.0	3	0.9953458150607899	32.41760303409428	230.0	37	1.05	0.95				
	322	2	0.0	0.0	0.0	0.0	3	1.0131993220722406	36.581719864948795	230.0	37	1.05	0.95				
	323	2	0.0	0.0	0.0	0.0	3	1.0063525589648197	32.30940281714304	230.0	35	1.05	0.95				
	324	1	0.0	0.0	0.0	0.0	3	0.9963978044135517	40.19660883342673	230.0	36	1.05	0.95				
	325	1	0.0	0.0	0.0	0.0	3	1.007298042077092	31.201781695031972	230.0	35	1.05	0.95				
