%% MATPOWER Case Format : Version 2
function mpc = RTS_GMLC
mpc.version = '2';

%%-----  Power Flow Data  -----%%
%% system MVA base
mpc.baseMVA = 100.0;
%% bus data
%    bus_i    type    Pd    Qd    Gs    Bs    area    Vm    Va    baseKV    zone    Vmax    Vmin
mpc.bus = [
	101	2	53.7194458231579	10.94285007508772	0.0	0.0	1	1.045165312719499	3.044602059891408	138.0	11	1.05	0.95				
	102	2	48.24802078561403	9.948045522807018	0.0	0.0	1	1.0441219305193423	2.722143135432466	138.0	12	1.05	0.95				
	103	1	89.53240970526316	18.40388421719298	0.0	0.0	1	1.03238409756958	1.2022782792208644	138.0	11	1.05	0.95				
	104	1	36.80776843438596	7.461034142105263	0.0	0.0	1	1.0265196999450714	-0.8243338151009039	138.0	11	1.05	0.95				
	105	1	35.31556160596491	6.963631865964913	0.0	0.0	1	1.040144317927393	-0.9621677028507708	138.0	11	1.05	0.95				
	106	1	67.64670955508772	13.927263731929825	0.0	-100.0	1	1.045489932323079	-3.7491931363826545	138.0	12	1.05	0.95				
	107	2	62.17528451754386	12.435056903508771	0.0	0.0	1	0.9986038396454004	-10.89686410735315	138.0	12	1.05	0.95				
	108	1	85.05578922	17.40907966491228	0.0	0.0	1	1.0003389662780786	-9.088987053411657	138.0	12	1.05	0.95				
	109	1	87.0453983245614	17.906481941052633	0.0	0.0	1	1.024841950424078	-2.4606886099555045	138.0	13	1.05	0.95				
	110	1	96.99344384736843	19.896091045614035	0.0	0.0	1	1.05	-3.5139094145684187	138.0	13	1.05	0.95				
	111	1	0.0	0.0	0.0	0.0	1	1.006396227478768	-0.4896700251566959	230.0	13	1.05	0.95				
	112	1	0.0	0.0	0.0	0.0	1	1.0101323845811856	-0.7578081719089582	230.0	13	1.05	0.95				
	113	3	131.81160317719298	26.85972291157895	0.0	0.0	1	0.9995829503875532	-8.214412133853326e-32	230.0	14	1.05	0.95				
	114	2	96.49604157122806	19.398688769473686	0.0	0.0	1	1.0060658180899569	1.6884338702941657	230.0	16	1.05	0.95				
	115	2	157.67652153649124	31.833745672982456	0.0	0.0	1	1.0415513507806757	9.07623897000011	230.0	16	1.05	0.95				
	116	2	49.740227614035085	9.948045522807018	0.0	0.0	1	1.0367588516482	7.684594140617998	230.0	16	1.05	0.95				
	117	1	0.0	0.0	0.0	0.0	1	1.0434524853296596	11.7728763217253	230.0	17	1.05	0.95				
	118	2	165.63495795473685	33.82335477754386	0.0	0.0	1	1.0479021975100822	12.872412452092307	230.0	17	1.05	0.95				
	119	1	90.02981198140351	18.40388421719298	0.0	0.0	1	1.0260086374615658	5.1053610700535526	230.0	15	1.05	0.95				
	120	1	63.66749134596491	12.932459179649122	0.0	0.0	1	1.0211641265709939	3.538233858854116	230.0	15	1.05	0.95				
	121	2	0.0	0.0	0.0	0.0	1	1.05	14.550949978480427	230.0	17	1.05	0.95				
	122	2	0.0	0.0	0.0	0.0	1	1.05	19.973177845172945	230.0	17	1.05	0.95				
	123	2	0.0	0.0	0.0	0.0	1	1.0194498281869873	3.057082754968203	230.0	15	1.05	0.95				
	124	1	0.0	0.0	0.0	0.0	1	1.0280122552742932	6.127156498903366	230.0	16	1.05	0.95				
	201	2	50.353533776842106	10.25720132491228	0.0	0.0	2	1.0132178654102053	-13.018053713040583	138.0	21	1.05	0.95				
	202	2	45.22493311438596	9.324728477192982	0.0	0.0	2	1.0126139158532628	-13.222667808016928	138.0	22	1.05	0.95				
	203	1	83.92255629473684	17.250747682807017	0.0	0.0	2	1.0141658131826978	-9.82575838784608	138.0	21	1.05	0.95				
	204	1	34.50149536561403	6.993546357894736	0.0	0.0	2	1.0112776748064938	-12.74806701462133	138.0	21	1.05	0.95				
	205	1	33.10278609403509	6.527309934035087	0.0	0.0	2	1.0257853966273438	-13.151686487822433	138.0	21	1.05	0.95				
	206	1	63.40815364491228	13.054619868070175	0.0	-100.0	2	1.0405047721388807	-13.770384764865913	138.0	22	1.05	0.95				
	207	2	58.27955298245614	11.655910596491227	0.0	0.0	2	0.9936946448493768	-19.56141402599638	138.0	22	1.05	0.95				
	208	1	79.72642848	16.318274835087717	0.0	0.0	2	0.9979225185806073	-17.41867089225571	138.0	22	1.05	0.95				
	209	1	81.59137417543859	16.784511258947365	0.0	0.0	2	1.0241880154132166	-10.435400476112642	138.0	23	1.05	0.95				
	210	1	90.91610265263157	18.649456954385965	0.0	0.0	2	1.05	-11.786824654820881	138.0	23	1.05	0.95				
	211	1	0.0	0.0	0.0	0.0	2	1.0089688527638072	-7.1628952055795985	230.0	23	1.05	0.95				
	212	1	0.0	0.0	0.0	0.0	2	1.0123284269946782	-4.554876565136999	230.0	23	1.05	0.95				
	213	2	123.552652322807	25.176766888421053	0.0	0.0	2	1.0094264087709193	-4.771757242953836	230.0	24	1.05	0.95				
	214	2	90.44986622877192	18.183220530526313	0.0	0.0	2	1.0098549056645914	-5.223692356488409	230.0	26	1.05	0.95				
	215	2	147.79694636350877	29.83913112701754	0.0	0.0	2	1.024802933033867	0.08978806714262849	230.0	26	1.05	0.95				
	216	2	46.62364238596491	9.324728477192982	0.0	0.0	2	1.026852564626296	0.3689797457924412	230.0	26	1.05	0.95				
	217	1	0.0	0.0	0.0	0.0	2	1.0298738381939834	1.4408311032550565	230.0	27	1.05	0.95				
	218	2	155.25672914526314	31.70407682245614	0.0	0.0	2	1.028681552308228	0.8591710176684763	230.0	27	1.05	0.95				
	219	1	84.38879271859648	17.250747682807017	0.0	0.0	2	1.0292314288700828	1.3891648072908522	230.0	25	1.05	0.95				
	220	1	59.67826225403508	12.122147020350877	0.0	0.0	2	1.0350437464567872	3.1694073097743147	230.0	25	1.05	0.95				
	221	2	0.0	0.0	0.0	0.0	2	1.030653422135279	1.4078143309964737	230.0	27	1.05	0.95				
	222	2	0.0	0.0	0.0	0.0	2	1.05	7.91362513453876	230.0	27	1.05	0.95				
	223	2	0.0	0.0	0.0	0.0	2	1.0396754231503373	4.48875967653089	230.0	25	1.05	0.95				
	224	1	0.0	0.0	0.0	0.0	2	1.0086185622797086	-3.622405094650827	230.0	26	1.05	0.95				
	301	2	65.01866498526316	13.244542867368422	0.0	0.0	3	0.9894342342013143	10.50986160903249	138.0	31	1.05	0.95				
	302	2	58.39639355157895	12.040493515789475	0.0	0.0	3	0.9894373948494399	10.501933695219009	138.0	32	1.05	0.95				
	303	1	108.36444164210528	22.27491300421053	0.0	0.0	3	1.0124126521006809	12.477914589767002	138.0	31	1.05	0.95				
	304	1	44.54982600842106	9.030370136842105	0.0	0.0	3	0.9984339674643674	12.620725759651236	138.0	31	1.05	0.95				
	305	1	42.74375198105263	8.428345461052633	0.0	0.0	3	1.0100712379636372	12.71999334655185	138.0	31	1.05	0.95				
	306	1	81.87535590736843	16.856690922105265	0.0	-100.0	3	1.030151143196089	13.268192492177262	138.0	32	1.05	0.95				
	307	2	75.25308447368421	15.050616894736843	0.0	0.0	3	0.9841795065526312	9.782148464664921	138.0	32	1.05	0.95				
	308	1	102.94621956	21.07086365263158	0.0	0.0	3	0.9977237053838083	12.45827993945857	138.0	32	1.05	0.95				
	309	1	105.35431826315791	21.672888328421053	0.0	0.0	3	1.027306500196829	16.793668763431732	138.0	33	1.05	0.95				
	310	1	117.39481177894737	24.08098703157895	0.0	0.0	3	1.05	16.834727253555638	138.0	33	1.05	0.95				
	311	1	0.0	0.0	0.0	0.0	3	1.018969716867948	23.02812728211405	230.0	33	1.05	0.95				
	312	1	0.0	0.0	0.0	0.0	3	1.0251693794549563	24.446645558217835	230.0	33	1.05	0.95				
	313	2	159.53653908421052	32.50933249263158	0.0	0.0	3	1.0499999978237626	32.364444362768296	230.0	34	1.05	0.95				
	314	2	116.7927871031579	23.478962355789477	0.0	0.0	3	1.0210939539269108	20.828181405929644	230.0	36	1.05	0.95				
	315	2	190.84182222526317	38.52957925052632	0.0	0.0	3	1.037868452614284	13.953230680088623	230.0	36	1.05	0.95				
	316	2	60.20246757894737	12.040493515789475	0.0	0.0	3	1.0402596775248618	15.397748391372668	230.0	36	1.05	0.95				
	317	1	0.0	0.0	0.0	0.0	3	1.0436350116526407	14.296996345148672	230.0	37	1.05	0.95				
	318	2	200.47421703789476	40.937677953684215	0.0	0.0	3	1.0416726571607464	12.74332956741219	230.0	37	1.05	0.95				
	319	1	108.96646631789476	22.27491300421053	0.0	0.0	3	1.0405007262029524	18.2807967284383	230.0	35	1.05	0.95				
	320	1	77.05915850105264	15.652641570526319	0.0	0.0	3	1.0442930390787142	20.650228426616845	230.0	35	1.05	0.95				
	321	2	0.0	0.0	0.0	0.0	3	1.0416647573247704	13.72714467346679	230.0	37	1.05	0.95				
	322	2	0.0	0.0	0.0	0.0	3	1.05	18.275579689744042	230.0	37	1.05	0.95				
	323	2	0.0	0.0	0.0	0.0	3	1.046468494544043	21.556847691540153	230.0	35	1.05	0.95				
	324	1	0.0	0.0	0.0	0.0	3	1.0259667997438697	15.37521801321366	230.0	36	1.05	0.95				
	325	1	0.0	0.0	0.0	0.0	3	1.0482555143626193	20.9667860431171	230.0	35	1.05	0.95				
];
