%% MATPOWER Case Format : Version 2
function mpc = RTS_GMLC
mpc.version = '2';

%%-----  Power Flow Data  -----%%
%% system MVA base
mpc.baseMVA = 100.0;
%% bus data
%    bus_i    type    Pd    Qd    Gs    Bs    area    Vm    Va    baseKV    zone    Vmax    Vmin
mpc.bus = [
	101	2	40.386442357894744	8.226867887719298	0.0	0.0	1	1.0363981137826819	2.0774389625636775	138.0	11	1.05	0.95				
	102	2	36.27300841403509	7.478970807017545	0.0	0.0	1	1.0355764669622336	1.8163183229698634	138.0	12	1.05	0.95				
	103	1	67.3107372631579	13.836095992982456	0.0	0.0	1	1.0263356359154348	0.6129037739748963	138.0	11	1.05	0.95				
	104	1	27.67219198596491	5.609228105263158	0.0	0.0	1	1.0227208866742565	-1.2193045475689435	138.0	11	1.05	0.95				
	105	1	26.55034636491228	5.235279564912281	0.0	0.0	1	1.0380720898858682	-1.0001763316975054	138.0	11	1.05	0.95				
	106	1	50.8570014877193	10.470559129824561	0.0	-100.0	1	1.047584838710953	-3.1579499782140665	138.0	12	1.05	0.95				
	107	2	46.743567543859655	9.34871350877193	0.0	0.0	1	1.0004208342033418	-10.584877045399212	138.0	12	1.05	0.95				
	108	1	63.945200400000004	13.088198912280703	0.0	0.0	1	1.0046717179381777	-8.33427200469236	138.0	12	1.05	0.95				
	109	1	65.44099456140351	13.462147452631578	0.0	0.0	1	1.0232536010650188	-2.193286802025133	138.0	13	1.05	0.95				
	110	1	72.91996536842106	14.95794161403509	0.0	0.0	1	1.05	-2.9508744764246164	138.0	13	1.05	0.95				
	111	1	0.0	0.0	0.0	0.0	1	0.9999316572200081	-0.28205660449534836	230.0	13	1.05	0.95				
	112	1	0.0	0.0	0.0	0.0	1	1.006101032409195	-0.5116773459973858	230.0	13	1.05	0.95				
	113	3	99.09636319298247	20.193221178947372	0.0	0.0	1	0.9937504667181953	1.7918172121689116e-25	230.0	14	1.05	0.95				
	114	2	72.54601682807018	14.583993073684212	0.0	0.0	1	0.9928021449765919	1.9243932773873291	230.0	16	1.05	0.95				
	115	2	118.54168729122807	23.93270658245614	0.0	0.0	1	1.0259204381982034	7.807192581321022	230.0	16	1.05	0.95				
	116	2	37.39485403508772	7.478970807017545	0.0	0.0	1	1.0218952798334822	7.200562473856553	230.0	16	1.05	0.95				
	117	1	0.0	0.0	0.0	0.0	1	1.0311930963275895	10.208238071566582	230.0	17	1.05	0.95				
	118	2	124.52486393684212	25.42850074385965	0.0	0.0	1	1.0350903773961866	10.426761048103927	230.0	17	1.05	0.95				
	119	1	67.68468580350878	13.836095992982456	0.0	0.0	1	1.0147986523753043	5.0049761007656395	230.0	15	1.05	0.95				
	120	1	47.86541316491228	9.722662049122807	0.0	0.0	1	1.0118916200475692	3.828417962416377	230.0	15	1.05	0.95				
	121	2	0.0	0.0	0.0	0.0	1	1.039283225694193	11.50329477989758	230.0	17	1.05	0.95				
	122	2	0.0	0.0	0.0	0.0	1	1.05	20.554759015119306	230.0	17	1.05	0.95				
	123	2	0.0	0.0	0.0	0.0	1	1.0106297670636362	3.476638116388909	230.0	15	1.05	0.95				
	124	1	0.0	0.0	0.0	0.0	1	1.0168202971663232	5.084926608621455	230.0	16	1.05	0.95				
	201	2	44.84558474526315	9.135211707368422	0.0	0.0	2	1.0138442291618086	-16.393522739312477	138.0	21	1.05	0.95				
	202	2	40.27797889157894	8.304737915789474	0.0	0.0	2	1.0133698361889292	-16.609834670448674	138.0	22	1.05	0.95				
	203	1	74.74264124210525	15.363765144210525	0.0	0.0	2	1.0134280928504247	-12.247361490883348	138.0	21	1.05	0.95				
	204	1	30.72753028842105	6.2285534368421045	0.0	0.0	2	1.0118324252029822	-16.630511487500584	138.0	21	1.05	0.95				
	205	1	29.481819601052628	5.8133165410526315	0.0	0.0	2	1.026900782138418	-17.107882601672856	138.0	21	1.05	0.95				
	206	1	56.47221782736842	11.626633082105263	0.0	-100.0	2	1.042102847984061	-18.000018439417488	138.0	22	1.05	0.95				
	207	2	51.90461197368421	10.38092239473684	0.0	0.0	2	0.993605222456305	-23.150809549201817	138.0	22	1.05	0.95				
	208	1	71.00550917999999	14.533291352631577	0.0	0.0	2	0.9995988007612894	-21.28042348845722	138.0	22	1.05	0.95				
	209	1	72.66645676315788	14.94852824842105	0.0	0.0	2	1.0223669396470259	-14.922758698785922	138.0	23	1.05	0.95				
	210	1	80.97119467894736	16.609475831578948	0.0	0.0	2	1.05	-16.48631503816505	138.0	23	1.05	0.95				
	211	1	0.0	0.0	0.0	0.0	2	1.0063153278186574	-11.986499065934645	230.0	23	1.05	0.95				
	212	1	0.0	0.0	0.0	0.0	2	1.0105928372422794	-11.36661192927741	230.0	23	1.05	0.95				
	213	2	110.03777738421053	22.422792372631577	0.0	0.0	2	1.0057743908235732	-10.793932413252024	230.0	24	1.05	0.95				
	214	2	80.55595778315788	16.194238935789475	0.0	0.0	2	1.0055944410789948	-9.2049042949925	230.0	26	1.05	0.95				
	215	2	131.63009596526314	26.575161330526313	0.0	0.0	2	1.0187954070311536	-2.2689097401027856	230.0	26	1.05	0.95				
	216	2	41.52368957894736	8.304737915789474	0.0	0.0	2	1.020885477072663	-2.7332937498785435	230.0	26	1.05	0.95				
	217	1	0.0	0.0	0.0	0.0	2	1.0233552227168743	-0.7040460953524451	230.0	27	1.05	0.95				
	218	2	138.27388629789473	28.23610891368421	0.0	0.0	2	1.0227446600684678	-1.2522399562042623	230.0	27	1.05	0.95				
	219	1	75.15787813789473	15.363765144210525	0.0	0.0	2	1.025244440697931	-3.305830189763819	230.0	25	1.05	0.95				
	220	1	53.15032266105263	10.796159290526315	0.0	0.0	2	1.031765241363447	-2.9882733359924565	230.0	25	1.05	0.95				
	221	2	0.0	0.0	0.0	0.0	2	1.0250113424234526	-0.7799244672628622	230.0	27	1.05	0.95				
	222	2	0.0	0.0	0.0	0.0	2	1.0467469985902704	5.781079792044768	230.0	27	1.05	0.95				
	223	2	0.0	0.0	0.0	0.0	2	1.0358973558260756	-2.501612356537353	230.0	25	1.05	0.95				
	224	1	0.0	0.0	0.0	0.0	2	1.00457977326865	-6.024613989814234	230.0	26	1.05	0.95				
	301	2	56.22081620210526	11.452388485614033	0.0	0.0	3	1.032986469311651	-7.335882836644658	138.0	31	1.05	0.95				
	302	2	50.494621959298236	10.411262259649122	0.0	0.0	3	1.0283535858754806	-7.679198687120072	138.0	32	1.05	0.95				
	303	1	93.70136033684209	19.260835180350874	0.0	0.0	3	1.05	8.32682743250595	138.0	31	1.05	0.95				
	304	1	38.52167036070175	7.808446694736841	0.0	0.0	3	1.0099677028137461	-6.2523986297268115	138.0	31	1.05	0.95				
	305	1	36.95998102175438	7.287883581754386	0.0	0.0	3	1.0306444892587283	-8.305676367130978	138.0	31	1.05	0.95				
	306	1	70.79658336561403	14.575767163508772	0.0	-100.0	3	1.035484868205193	-9.463729287292828	138.0	32	1.05	0.95				
	307	2	65.070389122807	13.0140778245614	0.0	0.0	3	0.95	-6.63506952500365	138.0	32	1.05	0.95				
	308	1	89.01629231999998	18.21970895438596	0.0	0.0	3	0.9683370155251219	-7.84747849592791	138.0	32	1.05	0.95				
	309	1	91.09854477192981	18.74027206736842	0.0	0.0	3	1.01199584154827	-2.8880487228990495	138.0	33	1.05	0.95				
	310	1	101.50980703157893	20.822524519298245	0.0	0.0	3	1.0407415231916683	-7.623995860019077	138.0	33	1.05	0.95				
	311	1	0.0	0.0	0.0	0.0	3	1.0001537988302462	-3.6387801412247667	230.0	33	1.05	0.95				
	312	1	0.0	0.0	0.0	0.0	3	1.0036172760931634	-2.743136285588017	230.0	33	1.05	0.95				
	313	2	137.94922494035086	28.11040810105263	0.0	0.0	3	1.0003027484203435	-0.9740669155128534	230.0	34	1.05	0.95				
	314	2	100.98924391859647	20.301961406315787	0.0	0.0	3	0.9975845367977506	-4.252694544584521	230.0	36	1.05	0.95				
	315	2	165.01850681543857	33.31603923087719	0.0	0.0	3	1.05	-1.5119445556996463	230.0	36	1.05	0.95				
	316	2	52.0563112982456	10.411262259649122	0.0	0.0	3	1.0370480669835704	-1.9583813666984797	230.0	36	1.05	0.95				
	317	1	0.0	0.0	0.0	0.0	3	1.0483704960046691	0.6081639711526453	230.0	37	1.05	0.95				
	318	2	173.34751662315787	35.39829168280701	0.0	0.0	3	1.048183258117798	-0.6356476335709802	230.0	37	1.05	0.95				
	319	1	94.22192344982456	19.260835180350874	0.0	0.0	3	1.0229292351912562	-2.1094085318943185	230.0	35	1.05	0.95				
	320	1	66.63207846175438	13.534640937543857	0.0	0.0	3	1.0146684433110293	-1.2180212649532902	230.0	35	1.05	0.95				
	321	2	0.0	0.0	0.0	0.0	3	1.05	-0.36240259522521207	230.0	37	1.05	0.95				
	322	2	0.0	0.0	0.0	0.0	3	1.05	4.36415521851047	230.0	37	1.05	0.95				
	323	2	0.0	0.0	0.0	0.0	3	1.011424382015026	-0.30964051620068184	230.0	35	1.05	0.95				
	324	1	0.0	0.0	0.0	0.0	3	1.046899953132594	2.247657874381647	230.0	36	1.05	0.95				
	325	1	0.0	0.0	0.0	0.0	3	1.010899991426598	0.7048110649715087	230.0	35	1.05	0.95				
];
