%% MATPOWER Case Format : Version 2
function mpc = RTS_GMLC
mpc.version = '2';

%%-----  Power Flow Data  -----%%
%% system MVA base
mpc.baseMVA = 100.0;
%% bus data
%    bus_i    type    Pd    Qd    Gs    Bs    area    Vm    Va    baseKV    zone    Vmax    Vmin
mpc.bus = [
	101	2	47.61405246315789	9.699158835087719	0.0	0.0	1	1.0324298168278596	2.655342196527909	138.0	11	1.05	0.95				
	102	2	42.764473045614025	8.817417122807017	0.0	0.0	1	1.0320253551257794	2.5358264135370945	138.0	12	1.05	0.95				
	103	1	79.35675410526315	16.31222167719298	0.0	0.0	1	1.0277050618847823	-0.21056651340645746	138.0	11	1.05	0.95				
	104	1	32.62444335438596	6.613062842105262	0.0	0.0	1	1.02095713772841	-0.7792930959609845	138.0	11	1.05	0.95				
	105	1	31.301830785964906	6.172191985964912	0.0	0.0	1	1.0351413601650858	-0.4907733248434299	138.0	11	1.05	0.95				
	106	1	59.95843643508771	12.344383971929824	0.0	-100.0	1	1.0447718208282153	-2.6992123288495504	138.0	12	1.05	0.95				
	107	2	55.108857017543855	11.02177140350877	0.0	0.0	1	1.017199176936413	-3.611174971408898	138.0	12	1.05	0.95				
	108	1	75.38891639999999	15.430479964912278	0.0	0.0	1	1.0153035391141547	-4.322484272914606	138.0	12	1.05	0.95				
	109	1	77.15239982456139	15.87135082105263	0.0	0.0	1	1.025524342944111	-1.7029516021740003	138.0	13	1.05	0.95				
	110	1	85.9698169473684	17.634834245614034	0.0	0.0	1	1.05	-2.286895018504175	138.0	13	1.05	0.95				
	111	1	0.0	0.0	0.0	0.0	1	1.003482576698459	-0.401881814728628	230.0	13	1.05	0.95				
	112	1	0.0	0.0	0.0	0.0	1	1.0089448777684666	0.3225827916544352	230.0	13	1.05	0.95				
	113	3	116.83077687719296	23.807026231578945	0.0	0.0	1	0.9949076555191447	-4.1680603566819295e-29	230.0	14	1.05	0.95				
	114	2	85.52894609122805	17.193963389473684	0.0	0.0	1	0.998852741047299	0.9668921968893853	230.0	16	1.05	0.95				
	115	2	139.75606139649122	28.215734792982456	0.0	0.0	1	1.0385511533987377	5.4944169240976555	230.0	16	1.05	0.95				
	116	2	44.08708561403508	8.817417122807017	0.0	0.0	1	1.0337701971518478	5.455954057061692	230.0	16	1.05	0.95				
	117	1	0.0	0.0	0.0	0.0	1	1.0424655957681455	6.522078244271063	230.0	17	1.05	0.95				
	118	2	146.80999509473682	29.979218217543856	0.0	0.0	1	1.0451904527236562	6.172891649385057	230.0	17	1.05	0.95				
	119	1	79.7976249614035	16.31222167719298	0.0	0.0	1	1.028003373175365	5.172262552403716	230.0	15	1.05	0.95				
	120	1	56.43146958596491	11.462642259649122	0.0	0.0	1	1.0259892180878056	5.782643582628267	230.0	15	1.05	0.95				
	121	2	0.0	0.0	0.0	0.0	1	1.05	6.744512585017934	230.0	17	1.05	0.95				
	122	2	0.0	0.0	0.0	0.0	1	1.05	13.466724417533573	230.0	17	1.05	0.95				
	123	2	0.0	0.0	0.0	0.0	1	1.025649176778805	6.459987879963851	230.0	15	1.05	0.95				
	124	1	0.0	0.0	0.0	0.0	1	1.026504862613378	3.3683973420540743	230.0	16	1.05	0.95				
	201	2	50.09853611368421	10.205257356491227	0.0	0.0	2	1.0300247614387184	-6.347191468520672	138.0	21	1.05	0.95				
	202	2	44.99590743543859	9.277506687719299	0.0	0.0	2	1.0304031407847025	-6.339637044464632	138.0	22	1.05	0.95				
	203	1	83.49756018947369	17.1633873722807	0.0	0.0	2	1.0224159814588916	-5.574634751428749	138.0	21	1.05	0.95				
	204	1	34.3267747445614	6.958130015789473	0.0	0.0	2	1.018966909942819	-8.761025990049886	138.0	21	1.05	0.95				
	205	1	32.93514874140351	6.494254681403509	0.0	0.0	2	1.0339920322412528	-8.934025593602678	138.0	21	1.05	0.95				
	206	1	63.087045476491234	12.988509362807019	0.0	-100.0	2	1.0440867702022911	-10.823842759539385	138.0	22	1.05	0.95				
	207	2	57.98441679824561	11.596883359649123	0.0	0.0	2	0.9876626185092013	-17.83387455373694	138.0	22	1.05	0.95				
	208	1	79.32268217999999	16.23563670350877	0.0	0.0	2	0.9943383422126865	-15.718499289535583	138.0	22	1.05	0.95				
	209	1	81.17818351754386	16.69951203789474	0.0	0.0	2	1.0232768465134245	-8.85086862735936	138.0	23	1.05	0.95				
	210	1	90.45569020526315	18.555013375438598	0.0	0.0	2	1.05	-10.08148690025284	138.0	23	1.05	0.95				
	211	1	0.0	0.0	0.0	0.0	2	1.0071418295188779	-6.398719674883476	230.0	23	1.05	0.95				
	212	1	0.0	0.0	0.0	0.0	2	1.0118025629971141	-6.121697888399832	230.0	23	1.05	0.95				
	213	2	122.9269636122807	25.049268056842106	0.0	0.0	2	1.001303466012916	-5.869387313052506	230.0	24	1.05	0.95				
	214	2	89.99181487087718	18.09113804105263	0.0	0.0	2	1.009334885576661	-3.7001609844134453	230.0	26	1.05	0.95				
	215	2	147.04848100035088	29.688021400701754	0.0	0.0	2	1.030083486248195	3.1884193710644393	230.0	26	1.05	0.95				
	216	2	46.38753343859649	9.277506687719299	0.0	0.0	2	1.032630057029409	2.877339751806545	230.0	26	1.05	0.95				
	217	1	0.0	0.0	0.0	0.0	2	1.0371575408133946	5.897557769908773	230.0	27	1.05	0.95				
	218	2	154.4704863505263	31.543522738245617	0.0	0.0	2	1.0391456291574237	6.536491956452675	230.0	27	1.05	0.95				
	219	1	83.96143552385965	17.1633873722807	0.0	0.0	2	1.0327897199212988	1.3759269664883838	230.0	25	1.05	0.95				
	220	1	59.37604280140351	12.060758694035089	0.0	0.0	2	1.036524170718262	0.9675714974493972	230.0	25	1.05	0.95				
	221	2	0.0	0.0	0.0	0.0	2	1.0386303492234132	6.172054522372369	230.0	27	1.05	0.95				
	222	2	0.0	0.0	0.0	0.0	2	1.05	12.565020680865834	230.0	27	1.05	0.95				
	223	2	0.0	0.0	0.0	0.0	2	1.0392209411493012	1.0916224922315594	230.0	25	1.05	0.95				
	224	1	0.0	0.0	0.0	0.0	2	1.0162666398076885	-0.1006692440955285	230.0	26	1.05	0.95				
	301	2	67.05156596210527	13.658652325614035	0.0	0.0	3	1.0100409533490726	-35.022669304557006	138.0	31	1.05	0.95				
	302	2	60.22223979929825	12.416956659649124	0.0	0.0	3	1.0090365366444418	-35.24550408617387	138.0	32	1.05	0.95				
	303	1	111.7526099368421	22.97136982035088	0.0	0.0	3	1.0326107828896123	-24.823665746139746	138.0	31	1.05	0.95				
	304	1	45.94273964070176	9.312717494736843	0.0	0.0	3	1.007424133969912	-33.24264615853636	138.0	31	1.05	0.95				
	305	1	44.080196141754385	8.691869661754387	0.0	0.0	3	1.0216439509401134	-34.539444805748396	138.0	31	1.05	0.95				
	306	1	84.43530528561405	17.383739323508774	0.0	-100.0	3	1.0349873589000027	-34.954996598610975	138.0	32	1.05	0.95				
	307	2	77.60597912280703	15.521195824561405	0.0	0.0	3	0.9982495290005232	-38.55279692902588	138.0	32	1.05	0.95				
	308	1	106.16497944000001	21.729674154385965	0.0	0.0	3	0.9968918196212817	-37.11718164831704	138.0	32	1.05	0.95				
	309	1	108.64837077192983	22.35052198736842	0.0	0.0	3	1.0279956721796337	-29.078194810438863	138.0	33	1.05	0.95				
	310	1	121.06532743157894	24.833913319298247	0.0	0.0	3	1.05	-32.063494461151755	138.0	33	1.05	0.95				
	311	1	0.0	0.0	0.0	0.0	3	1.020014655466673	-24.738202221618568	230.0	33	1.05	0.95				
	312	1	0.0	0.0	0.0	0.0	3	1.0188208611589504	-24.136900773862113	230.0	33	1.05	0.95				
	313	2	164.5246757403509	33.525782981052636	0.0	0.0	3	1.0271513300030495	-21.245529798256637	230.0	34	1.05	0.95				
	314	2	120.4444795985965	24.21306548631579	0.0	0.0	3	1.0321825045811595	-22.028706800401338	230.0	36	1.05	0.95				
	315	2	196.8087630554386	39.734261310877194	0.0	0.0	3	1.0490715562738877	-14.657234068130718	230.0	36	1.05	0.95				
	316	2	62.08478329824562	12.416956659649124	0.0	0.0	3	1.04954655181141	-14.466587170526543	230.0	36	1.05	0.95				
	317	1	0.0	0.0	0.0	0.0	3	1.0498879602730407	-11.490053464258597	230.0	37	1.05	0.95				
	318	2	206.74232838315788	42.217652642807025	0.0	0.0	3	1.0494124438819048	-10.984030168982413	230.0	37	1.05	0.95				
	319	1	112.37345776982457	22.97136982035088	0.0	0.0	3	1.0457180422148118	-15.818882368839887	230.0	35	1.05	0.95				
	320	1	79.46852262175439	16.142043657543862	0.0	0.0	3	1.0475920143968684	-15.83615408207296	230.0	35	1.05	0.95				
	321	2	0.0	0.0	0.0	0.0	3	1.05	-10.55929858329133	230.0	37	1.05	0.95				
	322	2	0.0	0.0	0.0	0.0	3	1.05	-5.148242867108663	230.0	37	1.05	0.95				
	323	2	0.0	0.0	0.0	0.0	3	1.05	-15.392470930392651	230.0	35	1.05	0.95				
	324	1	0.0	0.0	0.0	0.0	3	1.030115838847406	-18.4428282024835	230.0	36	1.05	0.95				
	325	1	0.0	0.0	0.0	0.0	3	1.0411335845235676	-13.606249111775115	230.0	35	1.05	0.95				
];
