%% MATPOWER Case Format : Version 2
function mpc = RTS_GMLC
mpc.version = '2';

%%-----  Power Flow Data  -----%%
%% system MVA base
mpc.baseMVA = 100.0;
%% bus data
%    bus_i    type    Pd    Qd    Gs    Bs    area    Vm    Va    baseKV    zone    Vmax    Vmin
mpc.bus = [
	101	2	46.91934685894738	9.557644730526317	0.0	0.0	1	1.0423603607748455	3.293751549977387	138.0	11	1.05	0.95				
	102	2	42.14052449368421	8.688767936842106	0.0	0.0	1	1.0411788799825807	2.9788318986034024	138.0	12	1.05	0.95				
	103	1	78.19891143157895	16.074220683157893	0.0	0.0	1	1.0294936454483514	0.46154372217894724	138.0	11	1.05	0.95				
	104	1	32.14844136631579	6.5165759526315785	0.0	0.0	1	1.0277301519246989	0.009691939927360158	138.0	11	1.05	0.95				
	105	1	30.845126175789474	6.082137555789475	0.0	0.0	1	1.039896284968381	-0.3107255729229471	138.0	11	1.05	0.95				
	106	1	59.08362197052632	12.16427511157895	0.0	-100.0	1	1.0468753708720526	-2.82289969030522	138.0	12	1.05	0.95				
	107	2	54.304799605263156	10.860959921052633	0.0	0.0	1	0.9998514276857253	-8.014484878594685	138.0	12	1.05	0.95				
	108	1	74.28896586	15.205343889473683	0.0	0.0	1	1.0040473755970443	-6.925762083041055	138.0	12	1.05	0.95				
	109	1	76.02671944736844	15.63978228631579	0.0	0.0	1	1.0247515854477187	-1.8484713272848137	138.0	13	1.05	0.95				
	110	1	84.71548738421053	17.377535873684213	0.0	0.0	1	1.05	-2.6340875611132035	138.0	13	1.05	0.95				
	111	1	0.0	0.0	0.0	0.0	1	1.003116993147291	-0.3384145567388153	230.0	13	1.05	0.95				
	112	1	0.0	0.0	0.0	0.0	1	1.0075950212854299	-0.2174116824018996	230.0	13	1.05	0.95				
	113	3	115.12617516315788	23.45967342947369	0.0	0.0	1	0.994105680975195	-1.2267245918801509e-31	230.0	14	1.05	0.95				
	114	2	84.28104898736842	16.943097476842105	0.0	0.0	1	0.9997476283594185	1.4003215953071577	230.0	16	1.05	0.95				
	115	2	137.71697179894738	27.804057397894738	0.0	0.0	1	1.0356436430306275	6.685800719659357	230.0	16	1.05	0.95				
	116	2	43.44383968421053	8.688767936842106	0.0	0.0	1	1.0313811854073553	6.391060506134766	230.0	16	1.05	0.95				
	117	1	0.0	0.0	0.0	0.0	1	1.0400600223176562	8.774268432116	230.0	17	1.05	0.95				
	118	2	144.66798614842108	29.54181098526316	0.0	0.0	1	1.0432734816225537	9.084049338446416	230.0	17	1.05	0.95				
	119	1	78.63334982842106	16.074220683157893	0.0	0.0	1	1.0235290688086975	5.166660081828774	230.0	15	1.05	0.95				
	120	1	55.608114795789476	11.295398317894739	0.0	0.0	1	1.0186558757562492	4.350505627597443	230.0	15	1.05	0.95				
	121	2	0.0	0.0	0.0	0.0	1	1.046915401399049	10.005918435960353	230.0	17	1.05	0.95				
	122	2	0.0	0.0	0.0	0.0	1	1.05	16.030678728638055	230.0	17	1.05	0.95				
	123	2	0.0	0.0	0.0	0.0	1	1.0165343541750353	4.239761629581342	230.0	15	1.05	0.95				
	124	1	0.0	0.0	0.0	0.0	1	1.0249188361115598	4.350527709305321	230.0	16	1.05	0.95				
	201	2	48.14355421894738	9.80702030385965	0.0	0.0	2	1.0124008090714505	-8.2847261838315	138.0	21	1.05	0.95				
	202	2	43.24004406701755	8.915473003508772	0.0	0.0	2	1.0116212245918335	-8.513096655747686	138.0	22	1.05	0.95				
	203	1	80.23925703157896	16.49362505649123	0.0	0.0	2	1.0138932566004268	-5.933794504434325	138.0	21	1.05	0.95				
	204	1	32.98725011298246	6.686604752631579	0.0	0.0	2	1.011320633021452	-7.744133936816893	138.0	21	1.05	0.95				
	205	1	31.649929162456143	6.240831102456141	0.0	0.0	2	1.0255666686965386	-8.053182268846669	138.0	21	1.05	0.95				
	206	1	60.62521642385966	12.481662204912283	0.0	-100.0	2	1.0408519146243171	-8.467081025245957	138.0	22	1.05	0.95				
	207	2	55.721706271929826	11.144341254385965	0.0	0.0	2	0.9952546996201979	-13.874973789224907	138.0	22	1.05	0.95				
	208	1	76.22729418	15.60207775614035	0.0	0.0	2	0.9997803760343961	-11.841242607657744	138.0	22	1.05	0.95				
	209	1	78.01038878070176	16.04785140631579	0.0	0.0	2	1.0245189376094765	-5.277035510930837	138.0	23	1.05	0.95				
	210	1	86.92586178421054	17.830946007017545	0.0	0.0	2	1.05	-6.387650532599834	138.0	23	1.05	0.95				
	211	1	0.0	0.0	0.0	0.0	2	1.005989560956554	-2.7421100824262137	230.0	23	1.05	0.95				
	212	1	0.0	0.0	0.0	0.0	2	1.0136043879345826	1.960750062081156	230.0	23	1.05	0.95				
	213	2	118.13001729649125	24.07177710947369	0.0	0.0	2	1.0037567972610155	-0.32844710673776306	230.0	24	1.05	0.95				
	214	2	86.4800881340351	17.38517235684211	0.0	0.0	2	1.0032998070882415	-1.6450879313665967	230.0	26	1.05	0.95				
	215	2	141.31024710561405	28.529513611228076	0.0	0.0	2	1.021346246907908	2.5901891921433404	230.0	26	1.05	0.95				
	216	2	44.57736501754386	8.915473003508772	0.0	0.0	2	1.0219403735287467	2.6387463859900766	230.0	26	1.05	0.95				
	217	1	0.0	0.0	0.0	0.0	2	1.0265000468847163	3.616881853456442	230.0	27	1.05	0.95				
	218	2	148.44262550842106	30.31260821192983	0.0	0.0	2	1.0256054980852027	3.151429946129629	230.0	27	1.05	0.95				
	219	1	80.6850306817544	16.49362505649123	0.0	0.0	2	1.0228168341823662	2.8784580778164144	230.0	25	1.05	0.95				
	220	1	57.05902722245615	11.590114904561405	0.0	0.0	2	1.026747248966577	3.959326725192603	230.0	25	1.05	0.95				
	221	2	0.0	0.0	0.0	0.0	2	1.0277375792099426	3.766040686293943	230.0	27	1.05	0.95				
	222	2	0.0	0.0	0.0	0.0	2	1.0495067745425082	10.203812588237813	230.0	27	1.05	0.95				
	223	2	0.0	0.0	0.0	0.0	2	1.0298854196938538	4.890865880040832	230.0	25	1.05	0.95				
	224	1	0.0	0.0	0.0	0.0	2	1.0079620774592228	-0.6092450172670066	230.0	26	1.05	0.95				
	301	2	72.22777601684211	14.71306548491228	0.0	0.0	3	1.0071268480604003	-18.355089247154105	138.0	31	1.05	0.95				
	302	2	64.87124327438596	13.375514077192982	0.0	0.0	3	1.0068055804016762	-18.467251282467274	138.0	32	1.05	0.95				
	303	1	120.37962669473686	24.74470104280702	0.0	0.0	3	1.0171001343204669	-12.3944553659783	138.0	31	1.05	0.95				
	304	1	49.48940208561404	10.031635557894738	0.0	0.0	3	1.0039934205757022	-16.231403612709276	138.0	31	1.05	0.95				
	305	1	47.483074974035084	9.362859854035088	0.0	0.0	3	1.0184722518379221	-16.5606665157435	138.0	31	1.05	0.95				
	306	1	90.95349572491229	18.725719708070176	0.0	-100.0	3	1.0325513527660184	-16.29152994974204	138.0	32	1.05	0.95				
	307	2	83.59696298245613	16.71939259649123	0.0	0.0	3	0.9854908321965788	-23.724476059354025	138.0	32	1.05	0.95				
	308	1	114.36064535999999	23.407149635087716	0.0	0.0	3	0.986932420704116	-20.510409223519638	138.0	32	1.05	0.95				
	309	1	117.0357481754386	24.075925338947368	0.0	0.0	3	1.0260225616244893	-11.671522387179927	138.0	33	1.05	0.95				
	310	1	130.4112622526316	26.751028154385963	0.0	0.0	3	1.05	-12.6230418568541	138.0	33	1.05	0.95				
	311	1	0.0	0.0	0.0	0.0	3	1.0210286295521025	-5.005092855395088	230.0	33	1.05	0.95				
	312	1	0.0	0.0	0.0	0.0	3	1.0220893200273502	-3.940189047478733	230.0	33	1.05	0.95				
	313	2	177.22556152280703	36.11388800842106	0.0	0.0	3	1.0423758436395967	1.1951529266773426	230.0	34	1.05	0.95				
	314	2	129.74248654877192	26.082252450526315	0.0	0.0	3	1.030315887773914	-3.484401539977204	230.0	36	1.05	0.95				
	315	2	212.0018981235088	42.801645047017544	0.0	0.0	3	1.0384292588755575	-3.9304904687634874	230.0	36	1.05	0.95				
	316	2	66.87757038596492	13.375514077192982	0.0	0.0	3	1.039304560158005	-2.579459142111039	230.0	36	1.05	0.95				
	317	1	0.0	0.0	0.0	0.0	3	1.040894228431772	-2.1301873517654717	230.0	37	1.05	0.95				
	318	2	222.7023093852632	45.47674786245614	0.0	0.0	3	1.0381184988386467	-2.6626467030590093	230.0	37	1.05	0.95				
	319	1	121.0484023985965	24.74470104280702	0.0	0.0	3	1.0389852845960035	-1.1816259274311038	230.0	35	1.05	0.95				
	320	1	85.60329009403509	17.388168300350877	0.0	0.0	3	1.041442579608781	-0.05205128949612968	230.0	35	1.05	0.95				
	321	2	0.0	0.0	0.0	0.0	3	1.0399424600896823	-2.543997632202351	230.0	37	1.05	0.95				
	322	2	0.0	0.0	0.0	0.0	3	1.05	1.9363374568583103	230.0	37	1.05	0.95				
	323	2	0.0	0.0	0.0	0.0	3	1.0432681939083563	0.49490231598794543	230.0	35	1.05	0.95				
	324	1	0.0	0.0	0.0	0.0	3	1.0224400304377208	-5.001361175256105	230.0	36	1.05	0.95				
	325	1	0.0	0.0	0.0	0.0	3	1.0416972308888293	1.2871253640432687	230.0	35	1.05	0.95				
];
