%% MATPOWER Case Format : Version 2
function mpc = RTS_GMLC
mpc.version = '2';

%%-----  Power Flow Data  -----%%
%% system MVA base
mpc.baseMVA = 100.0;
%% bus data
%    bus_i    type    Pd    Qd    Gs    Bs    area    Vm    Va    baseKV    zone    Vmax    Vmin
mpc.bus = [
	101	2	42.844631381052636	8.727610096140351	0.0	0.0	1	1.0040555912774405	-2.3905929508917265	138.0	11	1.05	0.95				
	102	2	38.48082633298245	7.934190996491229	0.0	0.0	1	1.0033638076732165	-2.6406216315289366	138.0	12	1.05	0.95				
	103	1	71.40771896842105	14.678253343508771	0.0	0.0	1	1.0296077606757656	1.7568909011712035	138.0	11	1.05	0.95				
	104	1	29.356506687017543	5.950643247368421	0.0	0.0	1	1.0123470319706187	-3.0893558681093887	138.0	11	1.05	0.95				
	105	1	28.16637803754386	5.553933697543861	0.0	0.0	1	1.0219778475962402	-4.1498376562398	138.0	11	1.05	0.95				
	106	1	53.95249877614036	11.107867395087721	0.0	-100.0	1	1.0398696122965294	-5.588852847695941	138.0	12	1.05	0.95				
	107	2	49.588693728070176	9.917738745614034	0.0	0.0	1	0.98465804433476	-11.76016746766348	138.0	12	1.05	0.95				
	108	1	67.83733302	13.884834243859649	0.0	0.0	1	0.9953446002098724	-9.54381176687935	138.0	12	1.05	0.95				
	109	1	69.42417121929824	14.28154379368421	0.0	0.0	1	1.0260528630640273	-2.7466254272292594	138.0	13	1.05	0.95				
	110	1	77.35836221578948	15.868381992982458	0.0	0.0	1	1.05	-4.60937606640146	138.0	13	1.05	0.95				
	111	1	0.0	0.0	0.0	0.0	1	1.0162424358675897	-0.1731873061864096	230.0	13	1.05	0.95				
	112	1	0.0	0.0	0.0	0.0	1	1.013609092466606	-1.2118782080633308	230.0	13	1.05	0.95				
	113	3	105.12803070350878	21.422315690526318	0.0	0.0	1	0.9963152039375197	5.04120765573695e-31	230.0	14	1.05	0.95				
	114	2	76.9616526659649	15.471672443157896	0.0	0.0	1	1.0403278182089715	3.142912873553853	230.0	16	1.05	0.95				
	115	2	125.75692729438597	25.38941118877193	0.0	0.0	1	1.0435810304472295	11.925204544026517	230.0	16	1.05	0.95				
	116	2	39.67095498245614	7.934190996491229	0.0	0.0	1	1.0436155290707256	10.335691614084205	230.0	16	1.05	0.95				
	117	1	0.0	0.0	0.0	0.0	1	1.042032153718157	16.0914144411488	230.0	17	1.05	0.95				
	118	2	132.10428009157894	26.97624938807018	0.0	0.0	1	1.05	16.61777941985801	230.0	17	1.05	0.95				
	119	1	71.80442851824563	14.678253343508771	0.0	0.0	1	1.0401425160248388	6.477404383510165	230.0	15	1.05	0.95				
	120	1	50.77882237754386	10.314448295438597	0.0	0.0	1	1.0423595942985295	3.4928015269207373	230.0	15	1.05	0.95				
	121	2	0.0	0.0	0.0	0.0	1	1.042303834658324	17.7498530061024	230.0	17	1.05	0.95				
	122	2	0.0	0.0	0.0	0.0	1	1.05	35.719044477896254	230.0	17	1.05	0.95				
	123	2	0.0	0.0	0.0	0.0	1	1.0446504927537679	2.1522891741346704	230.0	15	1.05	0.95				
	124	1	0.0	0.0	0.0	0.0	1	1.0256199900511245	8.12981634581979	230.0	16	1.05	0.95				
	201	2	42.24460884631579	8.605383283508774	0.0	0.0	2	1.0122382557149028	-18.141950654109447	138.0	21	1.05	0.95				
	202	2	37.941917204561406	7.823075712280703	0.0	0.0	2	1.0113554307644432	-18.450094735125404	138.0	22	1.05	0.95				
	203	1	70.40768141052632	14.472690067719299	0.0	0.0	2	1.0126508781077321	-13.401090951288783	138.0	21	1.05	0.95				
	204	1	28.945380135438597	5.867306784210527	0.0	0.0	2	1.0110906465929002	-18.147417907074587	138.0	21	1.05	0.95				
	205	1	27.771918778596493	5.4761529985964925	0.0	0.0	2	1.026411747638431	-18.649498550846307	138.0	21	1.05	0.95				
	206	1	53.19691484350878	10.952305997192985	0.0	-100.0	2	1.042336458408232	-19.4344994600858	138.0	22	1.05	0.95				
	207	2	48.89422320175439	9.778844640350878	0.0	0.0	2	0.9942744400060419	-24.05985983702107	138.0	22	1.05	0.95				
	208	1	66.88729734	13.69038249649123	0.0	0.0	2	1.0008644054999	-22.3162097893133	138.0	22	1.05	0.95				
	209	1	68.45191248245615	14.081536282105263	0.0	0.0	2	1.0219361351858598	-16.272951857784204	138.0	23	1.05	0.95				
	210	1	76.27498819473685	15.646151424561406	0.0	0.0	2	1.05	-17.895672416185814	138.0	23	1.05	0.95				
	211	1	0.0	0.0	0.0	0.0	2	1.0069257225469304	-13.421493012854969	230.0	23	1.05	0.95				
	212	1	0.0	0.0	0.0	0.0	2	1.008149217381397	-12.985286524209656	230.0	23	1.05	0.95				
	213	2	103.65575318771931	21.122304423157896	0.0	0.0	2	1.001023305701712	-12.327996623183449	230.0	24	1.05	0.95				
	214	2	75.88383440912281	15.254997638947371	0.0	0.0	2	1.0115439209843542	-10.623522567048958	230.0	26	1.05	0.95				
	215	2	123.99575003964914	25.033842279298245	0.0	0.0	2	1.0286111533651767	-3.0826486469892607	230.0	26	1.05	0.95				
	216	2	39.11537856140351	7.823075712280703	0.0	0.0	2	1.0297695604367654	-4.317999079002606	230.0	26	1.05	0.95				
	217	1	0.0	0.0	0.0	0.0	2	1.0361857205198357	-1.9612735854098493	230.0	27	1.05	0.95				
	218	2	130.25421060947372	26.59845742175439	0.0	0.0	2	1.0351522039908185	-2.350441341058419	230.0	27	1.05	0.95				
	219	1	70.79883519614036	14.472690067719299	0.0	0.0	2	1.0278899118948144	-5.130921450885459	230.0	25	1.05	0.95				
	220	1	50.06768455859649	10.169998425964915	0.0	0.0	2	1.0287429943929254	-5.075448288384568	230.0	25	1.05	0.95				
	221	2	0.0	0.0	0.0	0.0	2	1.035490173090873	-1.8015688458418828	230.0	27	1.05	0.95				
	222	2	0.0	0.0	0.0	0.0	2	1.05	4.634082321437526	230.0	27	1.05	0.95				
	223	2	0.0	0.0	0.0	0.0	2	1.0295941011643972	-4.744490744181062	230.0	25	1.05	0.95				
	224	1	0.0	0.0	0.0	0.0	2	1.0099094035102794	-6.925902111681242	230.0	26	1.05	0.95				
	301	2	60.14995253052632	12.252768108070175	0.0	0.0	3	1.0026797705427897	10.103060932172435	138.0	31	1.05	0.95				
	302	2	54.02356847649122	11.138880098245615	0.0	0.0	3	1.0020235825340926	9.95931562099067	138.0	32	1.05	0.95				
	303	1	100.24992088421052	20.606928181754387	0.0	0.0	3	1.032095325290852	16.38796495622489	138.0	31	1.05	0.95				
	304	1	41.213856363508775	8.35416007368421	0.0	0.0	3	1.0057356556135215	11.559700055937267	138.0	31	1.05	0.95				
	305	1	39.54302434877193	7.79721606877193	0.0	0.0	3	1.01851446372831	11.165706948119528	138.0	31	1.05	0.95				
	306	1	75.74438466807017	15.59443213754386	0.0	-100.0	3	1.035064253841558	11.123268992321819	138.0	32	1.05	0.95				
	307	2	69.6180006140351	13.923600122807017	0.0	0.0	3	0.9934787465980418	7.206834750996565	138.0	32	1.05	0.95				
	308	1	95.23742483999999	19.493040171929824	0.0	0.0	3	1.0020734703888903	9.705246632359055	138.0	32	1.05	0.95				
	309	1	97.46520085964912	20.049984176842102	0.0	0.0	3	1.027554382660139	15.138052002813952	138.0	33	1.05	0.95				
	310	1	108.60408095789474	22.27776019649123	0.0	0.0	3	1.05	14.01415719683852	138.0	33	1.05	0.95				
	311	1	0.0	0.0	0.0	0.0	3	1.0117906271732469	19.589641904265974	230.0	33	1.05	0.95				
	312	1	0.0	0.0	0.0	0.0	3	1.016340674098095	20.27498220322626	230.0	33	1.05	0.95				
	313	2	147.59016130175436	30.07497626526316	0.0	0.0	3	1.0207570313678105	25.025257299936495	230.0	34	1.05	0.95				
	314	2	108.04713695298244	21.720816191578947	0.0	0.0	3	1.0126344126245543	19.878746074291936	230.0	36	1.05	0.95				
	315	2	176.55124955719296	35.644416314385964	0.0	0.0	3	1.0385541044101132	17.528395167411922	230.0	36	1.05	0.95				
	316	2	55.694400491228066	11.138880098245615	0.0	0.0	3	1.0366367733098734	18.55532105559669	230.0	36	1.05	0.95				
	317	1	0.0	0.0	0.0	0.0	3	1.05	20.282474724412996	230.0	37	1.05	0.95				
	318	2	185.46235363578947	37.872192334035084	0.0	0.0	3	1.0473929025602475	16.93232156177584	230.0	37	1.05	0.95				
	319	1	100.8068648891228	20.606928181754387	0.0	0.0	3	1.0326290193925494	19.823554176536096	230.0	35	1.05	0.95				
	320	1	71.28883262877193	14.480544127719297	0.0	0.0	3	1.0304204456614647	20.60450534897636	230.0	35	1.05	0.95				
	321	2	0.0	0.0	0.0	0.0	3	1.0454577867804158	17.793704339964233	230.0	37	1.05	0.95				
	322	2	0.0	0.0	0.0	0.0	3	1.05	23.112797332826595	230.0	37	1.05	0.95				
	323	2	0.0	0.0	0.0	0.0	3	1.0287687010285256	20.765735298756947	230.0	35	1.05	0.95				
	324	1	0.0	0.0	0.0	0.0	3	1.0337428922573524	18.762301341459626	230.0	36	1.05	0.95				
	325	1	0.0	0.0	0.0	0.0	3	1.0311755473302118	20.515969083076893	230.0	35	1.05	0.95				
];
