%% MATPOWER Case Format : Version 2
function mpc = RTS_GMLC
mpc.version = '2';

%%-----  Power Flow Data  -----%%
%% system MVA base
mpc.baseMVA = 100.0;
%% bus data
%    bus_i    type    Pd    Qd    Gs    Bs    area    Vm    Va    baseKV    zone    Vmax    Vmin
mpc.bus = [
	101	2	41.69569520842105	8.493567542456141	0.0	0.0	1	0.9998526180902735	-2.28025155703853	138.0	11	1.05	0.95				
	102	2	37.44891143719298	7.721425038596491	0.0	0.0	1	0.9983973624776067	-2.7788744577274853	138.0	12	1.05	0.95				
	103	1	69.49282534736842	14.284636321403507	0.0	0.0	1	1.0219257932555883	2.217839978001133	138.0	11	1.05	0.95				
	104	1	28.569272642807015	5.791068778947368	0.0	0.0	1	1.0068928618526585	-3.463810893592931	138.0	11	1.05	0.95				
	105	1	27.411058887017543	5.404997527017544	0.0	0.0	1	1.0200282914107757	-3.852626671409488	138.0	11	1.05	0.95				
	106	1	52.50569026245614	10.809995054035088	0.0	-100.0	1	1.039073799205373	-5.240681674282143	138.0	12	1.05	0.95				
	107	2	48.25890649122807	9.651781298245615	0.0	0.0	1	0.9823686463819664	-11.079937371280879	138.0	12	1.05	0.95				
	108	1	66.01818408	13.512493817543858	0.0	0.0	1	0.994166049273871	-8.951126061362366	138.0	12	1.05	0.95				
	109	1	67.56246908771931	13.898565069473683	0.0	0.0	1	1.0244827781179549	-2.3996321896229484	138.0	13	1.05	0.95				
	110	1	75.28389412631579	15.442850077192983	0.0	0.0	1	1.05	-4.15228060223437	138.0	13	1.05	0.95				
	111	1	0.0	0.0	0.0	0.0	1	1.0184073219320766	0.5430511759783314	230.0	13	1.05	0.95				
	112	1	0.0	0.0	0.0	0.0	1	1.0138093829724182	-0.8483530073054015	230.0	13	1.05	0.95				
	113	3	102.30888176140351	20.847847604210525	0.0	0.0	1	0.9959618490022726	3.4015092413834045e-29	230.0	14	1.05	0.95				
	114	2	74.89782287438597	15.056778825263159	0.0	0.0	1	1.049488648240869	4.71109233671181	230.0	16	1.05	0.95				
	115	2	122.38458686175437	24.70856012350877	0.0	0.0	1	1.0400777079160868	15.34059380183582	230.0	16	1.05	0.95				
	116	2	38.60712519298246	7.721425038596491	0.0	0.0	1	1.0408406935940444	13.162438975652112	230.0	16	1.05	0.95				
	117	1	0.0	0.0	0.0	0.0	1	1.0393560563451987	19.800855959122142	230.0	17	1.05	0.95				
	118	2	128.56172689263158	26.25284513122807	0.0	0.0	1	1.049060783581601	20.665041257977016	230.0	17	1.05	0.95				
	119	1	69.87889659929824	14.284636321403507	0.0	0.0	1	1.0382297210944924	8.250545924209568	230.0	15	1.05	0.95				
	120	1	49.41712024701754	10.037852550175439	0.0	0.0	1	1.0438650151869753	4.73328246293834	230.0	15	1.05	0.95				
	121	2	0.0	0.0	0.0	0.0	1	1.0438117651173304	22.452400097766336	230.0	17	1.05	0.95				
	122	2	0.0	0.0	0.0	0.0	1	1.05	40.40895306800625	230.0	17	1.05	0.95				
	123	2	0.0	0.0	0.0	0.0	1	1.0483659378592973	3.1009993162843847	230.0	15	1.05	0.95				
	124	1	0.0	0.0	0.0	0.0	1	1.0167074127945048	10.45671979846708	230.0	16	1.05	0.95				
	201	2	40.663623486315785	8.283330710175438	0.0	0.0	2	1.0114372367071036	-16.978827722638147	138.0	21	1.05	0.95				
	202	2	36.52195813122807	7.530300645614036	0.0	0.0	2	1.010607224522373	-17.276625561039147	138.0	22	1.05	0.95				
	203	1	67.77270581052632	13.931056194385963	0.0	0.0	2	1.0119898554816824	-12.67896465896132	138.0	21	1.05	0.95				
	204	1	27.862112388771926	5.647725484210525	0.0	0.0	2	1.011086442240857	-17.013849052538166	138.0	21	1.05	0.95				
	205	1	26.732567291929822	5.271210451929824	0.0	0.0	2	1.0262080743554838	-17.471795171507935	138.0	21	1.05	0.95				
	206	1	51.20604439017543	10.542420903859648	0.0	-100.0	2	1.0425721893165991	-18.23540688673716	138.0	22	1.05	0.95				
	207	2	47.06437903508771	9.412875807017542	0.0	0.0	2	0.9941766166894508	-22.67128407226962	138.0	22	1.05	0.95				
	208	1	64.38407052	13.178026129824557	0.0	0.0	2	1.0014049750718605	-21.007285534560214	138.0	22	1.05	0.95				
	209	1	65.8901306491228	13.55454116210526	0.0	0.0	2	1.021971152008672	-15.231152200241318	138.0	23	1.05	0.95				
	210	1	73.42043129473683	15.060601291228071	0.0	0.0	2	1.05	-16.748990794929423	138.0	23	1.05	0.95				
	211	1	0.0	0.0	0.0	0.0	2	1.006024104977433	-12.492407701405034	230.0	23	1.05	0.95				
	212	1	0.0	0.0	0.0	0.0	2	1.0082463993559148	-11.934437276720011	230.0	23	1.05	0.95				
	213	2	99.77648355438595	20.331811743157893	0.0	0.0	2	1.0003070536298704	-11.345461215178526	230.0	24	1.05	0.95				
	214	2	73.04391626245614	14.684086258947367	0.0	0.0	2	1.0089383982341227	-9.8940400791664	230.0	26	1.05	0.95				
	215	2	119.35526523298243	24.09696206596491	0.0	0.0	2	1.0265491870227215	-3.132770901148942	230.0	26	1.05	0.95				
	216	2	37.65150322807017	7.530300645614036	0.0	0.0	2	1.0285182403518525	-3.9724947058422626	230.0	26	1.05	0.95				
	217	1	0.0	0.0	0.0	0.0	2	1.0358596014493884	-1.585483763699707	230.0	27	1.05	0.95				
	218	2	125.37950574947368	25.603022195087714	0.0	0.0	2	1.0346568082960548	-2.0573177407413654	230.0	27	1.05	0.95				
	219	1	68.14922084280701	13.931056194385963	0.0	0.0	2	1.0280323529977262	-4.452542652803253	230.0	25	1.05	0.95				
	220	1	48.19392413192982	9.789390839298246	0.0	0.0	2	1.0298545944969375	-4.1351132816424485	230.0	25	1.05	0.95				
	221	2	0.0	0.0	0.0	0.0	2	1.0346098014782559	-1.6169191860001935	230.0	27	1.05	0.95				
	222	2	0.0	0.0	0.0	0.0	2	1.05	4.893217893575824	230.0	27	1.05	0.95				
	223	2	0.0	0.0	0.0	0.0	2	1.0312218166748732	-3.672289137684301	230.0	25	1.05	0.95				
	224	1	0.0	0.0	0.0	0.0	2	1.0093070113872502	-6.691602108205162	230.0	26	1.05	0.95				
	301	2	45.13381840421053	9.19392597122807	0.0	0.0	3	1.0102615215583586	13.929056998578329	138.0	31	1.05	0.95				
	302	2	40.53685541859649	8.358114519298246	0.0	0.0	3	1.009974997802958	13.625099966561484	138.0	32	1.05	0.95				
	303	1	75.2230306736842	15.462511860701753	0.0	0.0	3	1.0496931316948444	26.630362620454548	138.0	31	1.05	0.95				
	304	1	30.925023721403505	6.268585889473684	0.0	0.0	3	1.0120748809970284	15.097532780147302	138.0	31	1.05	0.95				
	305	1	29.67130654350877	5.850680163508772	0.0	0.0	3	1.024971702089458	12.589302701147954	138.0	31	1.05	0.95				
	306	1	56.835178731228076	11.701360327017545	0.0	-100.0	3	1.0410510951107377	11.342250930416926	138.0	32	1.05	0.95				
	307	2	52.238215745614035	10.447643149122806	0.0	0.0	3	0.9854315624301514	7.882130295102125	138.0	32	1.05	0.95				
	308	1	71.46187914	14.626700408771928	0.0	0.0	3	0.9952845863175026	9.731086148657381	138.0	32	1.05	0.95				
	309	1	73.13350204385965	15.04460613473684	0.0	0.0	3	1.0268196158309508	18.011767699080572	138.0	33	1.05	0.95				
	310	1	81.49161656315789	16.71622903859649	0.0	0.0	3	1.05	12.600714377373123	138.0	33	1.05	0.95				
	311	1	0.0	0.0	0.0	0.0	3	1.0101693580616624	16.364675021113012	230.0	33	1.05	0.95				
	312	1	0.0	0.0	0.0	0.0	3	1.0158586085090107	16.637604919147172	230.0	33	1.05	0.95				
	313	2	110.74501738070175	22.566909202105265	0.0	0.0	3	1.010810210407098	17.530322571264477	230.0	34	1.05	0.95				
	314	2	81.07371083719298	16.29832331263158	0.0	0.0	3	1.003564725277256	16.511163168668798	230.0	36	1.05	0.95				
	315	2	132.4761151308772	26.745966461754385	0.0	0.0	3	1.0424915338953666	19.405463483185617	230.0	36	1.05	0.95				
	316	2	41.790572596491224	8.358114519298246	0.0	0.0	3	1.033309029719998	19.178482157471873	230.0	36	1.05	0.95				
	317	1	0.0	0.0	0.0	0.0	3	1.05	23.123734779380186	230.0	37	1.05	0.95				
	318	2	139.1626067463158	28.417589365614038	0.0	0.0	3	1.0474481491600485	19.62878585292617	230.0	37	1.05	0.95				
	319	1	75.64093639964912	15.462511860701753	0.0	0.0	3	1.0259544917985168	18.051945953165372	230.0	35	1.05	0.95				
	320	1	53.49193292350877	10.865548875087718	0.0	0.0	3	1.0224878299682967	17.881482059875417	230.0	35	1.05	0.95				
	321	2	0.0	0.0	0.0	0.0	3	1.0465097172963511	20.228384322786678	230.0	37	1.05	0.95				
	322	2	0.0	0.0	0.0	0.0	3	1.05	25.70866908382714	230.0	37	1.05	0.95				
	323	2	0.0	0.0	0.0	0.0	3	1.0210733278424098	18.11341620031819	230.0	35	1.05	0.95				
	324	1	0.0	0.0	0.0	0.0	3	1.0425848302467542	22.17108563694841	230.0	36	1.05	0.95				
	325	1	0.0	0.0	0.0	0.0	3	1.0228579785549936	18.494578118906695	230.0	35	1.05	0.95				
];
