%% MATPOWER Case Format : Version 2
function mpc = RTS_GMLC
mpc.version = '2';

%%-----  Power Flow Data  -----%%
%% system MVA base
mpc.baseMVA = 100.0;
%% bus data
%    bus_i    type    Pd    Qd    Gs    Bs    area    Vm    Va    baseKV    zone    Vmax    Vmin
mpc.bus = [
	101	2	52.8243444	10.7605146	0.0	0.0	1	1.0267591652661419	0.2263899823524517	138.0	11	1.05	0.95				
	102	2	47.4440871	9.782286000000001	0.0	0.0	1	1.0244126201699504	-0.4153279882969676	138.0	12	1.05	0.95				
	103	1	88.040574	18.0972291	0.0	0.0	1	1.025713279394422	1.9844106868957663	138.0	11	1.05	0.95				
	104	1	36.1944582	7.336714499999999	0.0	0.0	1	1.0187062981977493	-2.2870421307376927	138.0	11	1.05	0.95				
	105	1	34.7271153	6.8476002000000005	0.0	0.0	1	1.031688591895402	-2.8315156667654553	138.0	11	1.05	0.95				
	106	1	66.5195448	13.695200400000001	0.0	-100.0	1	1.0418146467205176	-5.149349839123091	138.0	12	1.05	0.95				
	107	2	61.139287499999995	12.2278575	0.0	0.0	1	0.9972202722047869	-12.517490047472569	138.0	12	1.05	0.95				
	108	1	83.6385453	17.1190005	0.0	0.0	1	0.9989113547417943	-10.225260544338777	138.0	12	1.05	0.95				
	109	1	85.5950025	17.6081148	0.0	0.0	1	1.0241011870342507	-2.721880329804227	138.0	13	1.05	0.95				
	110	1	95.3772885	19.564572000000002	0.0	0.0	1	1.05	-4.365274649852323	138.0	13	1.05	0.95				
	111	1	0.0	0.0	0.0	0.0	1	1.0112710097470314	0.024787288668450504	230.0	13	1.05	0.95				
	112	1	0.0	0.0	0.0	0.0	1	1.0128206221146012	-1.0495591180913828	230.0	13	1.05	0.95				
	113	3	129.6152895	26.4121722	0.0	0.0	1	1.004728118482352	2.920817197052221e-32	230.0	14	1.05	0.95				
	114	2	94.8881742	19.0754577	0.0	0.0	1	1.0200569929974912	3.6526594500843497	230.0	16	1.05	0.95				
	115	2	155.0492331	31.303315199999997	0.0	0.0	1	1.0381336181431573	13.81009611938735	230.0	16	1.05	0.95				
	116	2	48.91143	9.782286000000001	0.0	0.0	1	1.0333123447459343	11.78091810568208	230.0	16	1.05	0.95				
	117	1	0.0	0.0	0.0	0.0	1	1.0388103457522346	18.05145926721784	230.0	17	1.05	0.95				
	118	2	162.87506190000002	33.2597724	0.0	0.0	1	1.05	18.957291507150323	230.0	17	1.05	0.95				
	119	1	88.5296883	18.0972291	0.0	0.0	1	1.0242866841433054	7.245646105649062	230.0	15	1.05	0.95				
	120	1	62.60663039999999	12.716971800000001	0.0	0.0	1	1.0243688572356795	4.089079957199682	230.0	15	1.05	0.95				
	121	2	0.0	0.0	0.0	0.0	1	1.05	20.850490286428467	230.0	17	1.05	0.95				
	122	2	0.0	0.0	0.0	0.0	1	1.05	36.54192470679522	230.0	17	1.05	0.95				
	123	2	0.0	0.0	0.0	0.0	1	1.0260404524858149	2.7297878796704333	230.0	15	1.05	0.95				
	124	1	0.0	0.0	0.0	0.0	1	1.0187122210995707	9.386899870183974	230.0	16	1.05	0.95				
	201	2	51.560522602105266	10.50306941894737	0.0	0.0	2	1.0115871244790784	-17.22776316604164	138.0	21	1.05	0.95				
	202	2	46.30898789263158	9.54824492631579	0.0	0.0	2	1.010727686607689	-17.515276561147015	138.0	22	1.05	0.95				
	203	1	85.93420433684211	17.66425311368421	0.0	0.0	2	1.0139455954527967	-12.795867928457332	138.0	21	1.05	0.95				
	204	1	35.32850622736842	7.161183694736842	0.0	0.0	2	1.009972401533203	-16.77447154041521	138.0	21	1.05	0.95				
	205	1	33.896269488421055	6.683771448421054	0.0	0.0	2	1.0247674105381255	-17.278382117988677	138.0	21	1.05	0.95				
	206	1	64.92806549894738	13.367542896842108	0.0	-100.0	2	1.0397160884369288	-17.881143670000416	138.0	22	1.05	0.95				
	207	2	59.67653078947368	11.935306157894738	0.0	0.0	2	0.9933294433865275	-23.67531688131535	138.0	22	1.05	0.95				
	208	1	81.63749412	16.70942862105263	0.0	0.0	2	0.9971770314346894	-21.471102105039428	138.0	22	1.05	0.95				
	209	1	83.54714310526316	17.18684086736842	0.0	0.0	2	1.0240174599552194	-14.199239189140815	138.0	23	1.05	0.95				
	210	1	93.09538803157895	19.09648985263158	0.0	0.0	2	1.05	-15.793804425678868	138.0	23	1.05	0.95				
	211	1	0.0	0.0	0.0	0.0	2	1.0095216220524152	-11.200650140533853	230.0	23	1.05	0.95				
	212	1	0.0	0.0	0.0	0.0	2	1.0145820730199622	-8.146886286959678	230.0	23	1.05	0.95				
	213	2	126.5142452736842	25.780261301052633	0.0	0.0	2	1.0078515967253094	-9.372946249653799	230.0	24	1.05	0.95				
	214	2	92.61797578526316	18.61907760631579	0.0	0.0	2	1.0123458403450172	-8.925274916945721	230.0	26	1.05	0.95				
	215	2	151.33968208210527	30.55438376421053	0.0	0.0	2	1.0285887304970713	-2.1663325637334636	230.0	26	1.05	0.95				
	216	2	47.74122463157895	9.54824492631579	0.0	0.0	2	1.029581784277547	-2.7965706059142956	230.0	26	1.05	0.95				
	217	1	0.0	0.0	0.0	0.0	2	1.0326478593154627	-0.9611030478728031	230.0	27	1.05	0.95				
	218	2	158.97827802315788	32.46403274947369	0.0	0.0	2	1.0317868978168987	-1.525582937971976	230.0	27	1.05	0.95				
	219	1	86.41161658315791	17.66425311368421	0.0	0.0	2	1.0299354013698543	-3.454107040427574	230.0	25	1.05	0.95				
	220	1	61.10876752842106	12.412718404210526	0.0	0.0	2	1.0336893891913619	-3.1014199089744325	230.0	25	1.05	0.95				
	221	2	0.0	0.0	0.0	0.0	2	1.0335750940904735	-0.9374601055503383	230.0	27	1.05	0.95				
	222	2	0.0	0.0	0.0	0.0	2	1.05	5.549052131464585	230.0	27	1.05	0.95				
	223	2	0.0	0.0	0.0	0.0	2	1.0365957340020437	-2.549161065532489	230.0	25	1.05	0.95				
	224	1	0.0	0.0	0.0	0.0	2	1.0099998843715798	-6.131355307604194	230.0	26	1.05	0.95				
	301	2	54.03416638736843	11.006959819649124	0.0	0.0	3	1.0039367558181258	13.225259480013436	138.0	31	1.05	0.95				
	302	2	48.53068647754386	10.00632710877193	0.0	0.0	3	1.0035559360456408	13.10631170876503	138.0	32	1.05	0.95				
	303	1	90.05694397894737	18.51170515122807	0.0	0.0	3	1.035600754697062	19.712058704527532	138.0	31	1.05	0.95				
	304	1	37.02341030245614	7.504745331578948	0.0	0.0	3	1.009328296916912	15.09828079030453	138.0	31	1.05	0.95				
	305	1	35.52246123614035	7.0044289761403515	0.0	0.0	3	1.0203334864910083	13.689966765230807	138.0	31	1.05	0.95				
	306	1	68.04302433964914	14.008857952280703	0.0	-100.0	3	1.0372514458820805	13.380988672589016	138.0	32	1.05	0.95				
	307	2	62.539544429824566	12.507908885964913	0.0	0.0	3	0.9794937951574622	9.316234105037346	138.0	32	1.05	0.95				
	308	1	85.55409678000001	17.511072440350876	0.0	0.0	3	0.9923236831156153	11.537298207732665	138.0	32	1.05	0.95				
	309	1	87.55536220175439	18.011388795789472	0.0	0.0	3	1.0310141176397	18.743550435784666	138.0	33	1.05	0.95				
	310	1	97.56168931052632	20.01265421754386	0.0	0.0	3	1.05	15.764198796991845	138.0	33	1.05	0.95				
	311	1	0.0	0.0	0.0	0.0	3	1.010903639302114	20.57675129827051	230.0	33	1.05	0.95				
	312	1	0.0	0.0	0.0	0.0	3	1.01725277101591	21.17748398664313	230.0	33	1.05	0.95				
	313	2	132.58383419122808	27.017083193684215	0.0	0.0	3	1.016764306162698	24.881356775297117	230.0	34	1.05	0.95				
	314	2	97.06137295508772	19.512337862105266	0.0	0.0	3	1.005600378322105	20.219118996608433	230.0	36	1.05	0.95				
	315	2	158.6002846740351	32.02024674807018	0.0	0.0	3	1.0369110929827945	17.91978167912324	230.0	36	1.05	0.95				
	316	2	50.03163554385965	10.00632710877193	0.0	0.0	3	1.033269473013192	18.654834129225986	230.0	36	1.05	0.95				
	317	1	0.0	0.0	0.0	0.0	3	1.0496432720788347	19.853410780430853	230.0	37	1.05	0.95				
	318	2	166.60534636105265	34.02151216982457	0.0	0.0	3	1.0499999892124834	16.979240765197268	230.0	37	1.05	0.95				
	319	1	90.55726033438599	18.51170515122807	0.0	0.0	3	1.0290273607493605	19.82494387982011	230.0	35	1.05	0.95				
	320	1	64.04049349614036	13.00822524140351	0.0	0.0	3	1.026398104983874	20.608381224546335	230.0	35	1.05	0.95				
	321	2	0.0	0.0	0.0	0.0	3	1.0472953454768783	17.9242074947941	230.0	37	1.05	0.95				
	322	2	0.0	0.0	0.0	0.0	3	1.05	23.025120849484892	230.0	37	1.05	0.95				
	323	2	0.0	0.0	0.0	0.0	3	1.0251547134876182	21.08082078340169	230.0	35	1.05	0.95				
	324	1	0.0	0.0	0.0	0.0	3	1.0351535530656713	20.082455399670568	230.0	36	1.05	0.95				
	325	1	0.0	0.0	0.0	0.0	3	1.0281373497440403	21.07373425989655	230.0	35	1.05	0.95				
];

%% generator data
%    bus    Pg    Qg    Qmax    Qmin    Vg    mBase    status    Pmax    Pmin    Pc1    Pc2    Qc1min    Qc1max    Qc2min    Qc2max    ramp_agc    ramp_10    ramp_30    ramp_q    apf
