%% MATPOWER Case Format : Version 2
function mpc = RTS_GMLC
mpc.version = '2';

%%-----  Power Flow Data  -----%%
%% system MVA base
mpc.baseMVA = 100.0;
%% bus data
%    bus_i    type    Pd    Qd    Gs    Bs    area    Vm    Va    baseKV    zone    Vmax    Vmin
mpc.bus = [
	101	2	43.165264736842104	8.792924298245614	0.0	0.0	1	1.03846427954048	1.793643203877692	138.0	11	1.05	0.95				
	102	2	38.7688025877193	7.993567543859649	0.0	0.0	1	1.0374891987642592	1.5183076886861788	138.0	12	1.05	0.95				
	103	1	71.94210789473684	14.78809995614035	0.0	0.0	1	1.02748713593568	-0.29618920549677086	138.0	11	1.05	0.95				
	104	1	29.5761999122807	5.995175657894737	0.0	0.0	1	1.0234303787946915	-1.6587999038264676	138.0	11	1.05	0.95				
	105	1	28.37716478070175	5.595497280701755	0.0	0.0	1	1.0387169833855876	-1.3879077679384488	138.0	11	1.05	0.95				
	106	1	54.35625929824561	11.19099456140351	0.0	-100.0	1	1.0472688136591375	-3.6279029366394315	138.0	12	1.05	0.95				
	107	2	49.95979714912281	9.991959429824561	0.0	0.0	1	1.0018873000516846	-8.878432941054532	138.0	12	1.05	0.95				
	108	1	68.34500249999999	13.988743201754383	0.0	0.0	1	1.0060329761175513	-7.6453125531359145	138.0	12	1.05	0.95				
	109	1	69.94371600877193	14.388421578947366	0.0	0.0	1	1.023835973994852	-2.6866588558882203	138.0	13	1.05	0.95				
	110	1	77.93728355263157	15.987135087719299	0.0	0.0	1	1.05	-3.371651466571307	138.0	13	1.05	0.95				
	111	1	0.0	0.0	0.0	0.0	1	1.0013235988378908	-0.853710842920906	230.0	13	1.05	0.95				
	112	1	0.0	0.0	0.0	0.0	1	1.0059172742888431	-1.0759896738539039	230.0	13	1.05	0.95				
	113	3	105.91476995614035	21.582632368421052	0.0	0.0	1	0.9931102313587362	-3.329057955980228e-31	230.0	14	1.05	0.95				
	114	2	77.5376051754386	15.587456710526315	0.0	0.0	1	0.996578613962561	0.7242112546000772	230.0	16	1.05	0.95				
	115	2	126.69804557017544	25.579416140350876	0.0	0.0	1	1.0303727560933795	6.35022316192467	230.0	16	1.05	0.95				
	116	2	39.967837719298245	7.993567543859649	0.0	0.0	1	1.025912253786648	5.29557683874535	230.0	16	1.05	0.95				
	117	1	0.0	0.0	0.0	0.0	1	1.0337293211307013	8.762739361442279	230.0	17	1.05	0.95				
	118	2	133.09289960526317	27.178129649122805	0.0	0.0	1	1.037377353143153	9.297413240115011	230.0	17	1.05	0.95				
	119	1	72.34178627192982	14.78809995614035	0.0	0.0	1	1.0159733040324888	3.057558246448721	230.0	15	1.05	0.95				
	120	1	51.15883228070175	10.391637807017544	0.0	0.0	1	1.010921875454424	1.8839605825717112	230.0	15	1.05	0.95				
	121	2	0.0	0.0	0.0	0.0	1	1.0399145042860705	10.731572707955001	230.0	17	1.05	0.95				
	122	2	0.0	0.0	0.0	0.0	1	1.05	18.624456039634843	230.0	17	1.05	0.95				
	123	2	0.0	0.0	0.0	0.0	1	1.0086011644377504	1.553169667762722	230.0	15	1.05	0.95				
	124	1	0.0	0.0	0.0	0.0	1	1.0205242398856578	3.845696405812558	230.0	16	1.05	0.95				
	201	2	38.31764521263158	7.805446247017543	0.0	0.0	2	1.0142491643273386	-10.505810077879078	138.0	21	1.05	0.95				
	202	2	34.414922089122804	7.095860224561404	0.0	0.0	2	1.0133473358168186	-10.76221694637015	138.0	22	1.05	0.95				
	203	1	63.86274202105263	13.127341415438595	0.0	0.0	2	1.0162938713056993	-7.624315584805898	138.0	21	1.05	0.95				
	204	1	26.25468283087719	5.321895168421052	0.0	0.0	2	1.0133830659887297	-10.473134063275934	138.0	21	1.05	0.95				
	205	1	25.190303797192982	4.967102157192983	0.0	0.0	2	1.0279392614565253	-10.80291320283301	138.0	21	1.05	0.95				
	206	1	48.25184952701755	9.934204314385966	0.0	-100.0	2	1.0438827941855113	-11.43580696090121	138.0	22	1.05	0.95				
	207	2	44.34912640350877	8.869825280701754	0.0	0.0	2	0.9968084953519813	-15.616637615638023	138.0	22	1.05	0.95				
	208	1	60.66960492	12.417755392982455	0.0	0.0	2	1.0040311703902502	-14.063745784617689	138.0	22	1.05	0.95				
	209	1	62.088776964912284	12.772548404210527	0.0	0.0	2	1.0230682364747519	-8.761336691599901	138.0	23	1.05	0.95				
	210	1	69.18463718947369	14.191720449122808	0.0	0.0	2	1.05	-9.955606906721057	138.0	23	1.05	0.95				
	211	1	0.0	0.0	0.0	0.0	2	1.0027154215917207	-5.979840374571722	230.0	23	1.05	0.95				
	212	1	0.0	0.0	0.0	0.0	2	1.0056789589369732	-5.045979626835862	230.0	23	1.05	0.95				
	213	2	94.02014797543859	19.15882260631579	0.0	0.0	2	0.997436579622028	-4.425306234462543	230.0	24	1.05	0.95				
	214	2	68.82984417824561	13.836927437894737	0.0	0.0	2	1.0009023544374842	-3.8138855684972657	230.0	26	1.05	0.95				
	215	2	112.46938455929825	22.70675271859649	0.0	0.0	2	1.0182246690822323	1.3989644148954297	230.0	26	1.05	0.95				
	216	2	35.479301122807016	7.095860224561404	0.0	0.0	2	1.018806968862194	1.3890733234176276	230.0	26	1.05	0.95				
	217	1	0.0	0.0	0.0	0.0	2	1.0228506490917573	2.2952376336392053	230.0	27	1.05	0.95				
	218	2	118.14607273894737	24.125924763508774	0.0	0.0	2	1.022465397636787	2.0270628526043843	230.0	27	1.05	0.95				
	219	1	64.21753503228071	13.127341415438595	0.0	0.0	2	1.019987714024571	1.8496181459012022	230.0	25	1.05	0.95				
	220	1	45.41350543719298	9.224618291929824	0.0	0.0	2	1.0231483183071204	2.95096247279607	230.0	25	1.05	0.95				
	221	2	0.0	0.0	0.0	0.0	2	1.02459344353952	2.6152634596817768	230.0	27	1.05	0.95				
	222	2	0.0	0.0	0.0	0.0	2	1.0462754436677502	9.026848323262728	230.0	27	1.05	0.95				
	223	2	0.0	0.0	0.0	0.0	2	1.0254397432930458	3.8294798158321335	230.0	25	1.05	0.95				
	224	1	0.0	0.0	0.0	0.0	2	1.0063972265819634	-2.008477445365431	230.0	26	1.05	0.95				
	301	2	43.56216386526316	8.873774120701754	0.0	0.0	3	1.0109644102677875	0.6093364850057947	138.0	31	1.05	0.95				
	302	2	39.12527680491228	8.067067382456141	0.0	0.0	3	1.010821862893127	0.41480648108497975	138.0	32	1.05	0.95				
	303	1	72.60360644210526	14.924074657543859	0.0	0.0	3	1.039776246180808	9.765436583214163	138.0	31	1.05	0.95				
	304	1	29.848149315087717	6.050300536842105	0.0	0.0	3	1.0138031360668607	2.105181079896374	138.0	31	1.05	0.95				
	305	1	28.638089207719297	5.646947167719298	0.0	0.0	3	1.025592258566714	-0.030987701082572074	138.0	31	1.05	0.95				
	306	1	54.85605820070175	11.293894335438596	0.0	-100.0	3	1.0418286211609218	-0.8689708184159807	138.0	32	1.05	0.95				
	307	2	50.41917114035087	10.083834228070176	0.0	0.0	3	0.9863509900210944	-4.218362172155472	138.0	32	1.05	0.95				
	308	1	68.97342612	14.117367919298243	0.0	0.0	3	0.9970337817281517	-2.456855949552213	138.0	32	1.05	0.95				
	309	1	70.58683959649123	14.52072128842105	0.0	0.0	3	1.0289191788503875	5.128821146514949	138.0	33	1.05	0.95				
	310	1	78.65390697894736	16.134134764912282	0.0	0.0	3	1.05	0.630403461456737	138.0	33	1.05	0.95				
	311	1	0.0	0.0	0.0	0.0	3	1.006767707570725	4.791706105399347	230.0	33	1.05	0.95				
	312	1	0.0	0.0	0.0	0.0	3	1.0135725795360617	5.178408527009066	230.0	33	1.05	0.95				
	313	2	106.88864281754384	21.78108193263158	0.0	0.0	3	1.009504366989356	7.221313425163311	230.0	34	1.05	0.95				
	314	2	78.25055360982456	15.730781395789473	0.0	0.0	3	0.9961108306480954	4.707448504541238	230.0	36	1.05	0.95				
	315	2	127.86301801192981	25.81461562385965	0.0	0.0	3	1.0247163872757716	7.272840379738437	230.0	36	1.05	0.95				
	316	2	40.3353369122807	8.067067382456141	0.0	0.0	3	1.019957622219115	7.005291746040907	230.0	36	1.05	0.95				
	317	1	0.0	0.0	0.0	0.0	3	1.033563864691946	10.47800631562692	230.0	37	1.05	0.95				
	318	2	134.31667191789472	27.428029100350876	0.0	0.0	3	1.031707727776471	8.853653894834999	230.0	37	1.05	0.95				
	319	1	73.00695981122807	14.924074657543859	0.0	0.0	3	1.015696638824534	6.173818586224184	230.0	35	1.05	0.95				
	320	1	51.6292312477193	10.487187597192982	0.0	0.0	3	1.014708994832839	6.252901930478194	230.0	35	1.05	0.95				
	321	2	0.0	0.0	0.0	0.0	3	1.031624879969446	8.926562329173956	230.0	37	1.05	0.95				
	322	2	0.0	0.0	0.0	0.0	3	1.046361494243424	13.871357584953474	230.0	37	1.05	0.95				
	323	2	0.0	0.0	0.0	0.0	3	1.0146546879319271	6.615228449318493	230.0	35	1.05	0.95				
	324	1	0.0	0.0	0.0	0.0	3	1.0273339801253771	8.221494405335905	230.0	36	1.05	0.95				
	325	1	0.0	0.0	0.0	0.0	3	1.0167104595583656	6.9797644759517015	230.0	35	1.05	0.95				
];
