%% MATPOWER Case Format : Version 2
function mpc = RTS_GMLC
mpc.version = '2';

%%-----  Power Flow Data  -----%%
%% system MVA base
mpc.baseMVA = 100.0;
%% bus data
%    bus_i    type    Pd    Qd    Gs    Bs    area    Vm    Va    baseKV    zone    Vmax    Vmin
mpc.bus = [
	101	2	47.26669964210527	9.628401778947369	0.0	0.0	1	1.0404760498365389	2.606487490107069	138.0	11	1.05	0.95				
	102	2	42.45249875263158	8.753092526315791	0.0	0.0	1	1.0378284583021462	1.8995726510699367	138.0	12	1.05	0.95				
	103	1	78.77783273684211	16.19322117368421	0.0	0.0	1	1.0342359145463964	1.3130503933570576	138.0	11	1.05	0.95				
	104	1	32.38644234736842	6.564819394736842	0.0	0.0	1	1.0263342702878324	-0.8363458378648178	138.0	11	1.05	0.95				
	105	1	31.07347846842105	6.1271647684210535	0.0	0.0	1	1.0387868875057167	-1.11175873553769	138.0	11	1.05	0.95				
	106	1	59.52102917894737	12.254329536842107	0.0	-100.0	1	1.0460397302895381	-3.781488525142036	138.0	12	1.05	0.95				
	107	2	54.706828289473684	10.941365657894737	0.0	0.0	1	1.0000251765575012	-10.66858831631868	138.0	12	1.05	0.95				
	108	1	74.8389411	15.317911921052632	0.0	0.0	1	1.003121501238883	-8.761470311154593	138.0	12	1.05	0.95				
	109	1	76.58955960526316	15.75556654736842	0.0	0.0	1	1.0250257832832543	-2.4226961221203993	138.0	13	1.05	0.95				
	110	1	85.34265213157894	17.506185052631583	0.0	0.0	1	1.05	-3.5337579538273416	138.0	13	1.05	0.95				
	111	1	0.0	0.0	0.0	0.0	1	1.004038695887782	-0.7352195495260174	230.0	13	1.05	0.95				
	112	1	0.0	0.0	0.0	0.0	1	1.0087192521935817	-1.1099729411708863	230.0	13	1.05	0.95				
	113	3	115.9784759736842	23.633349821052636	0.0	0.0	1	0.9970561688545454	-3.649162957131501e-27	230.0	14	1.05	0.95				
	114	2	84.90499750526315	17.068530426315792	0.0	0.0	1	1.000595797887409	0.9981514618647352	230.0	16	1.05	0.95				
	115	2	138.73651654210525	28.009896084210528	0.0	0.0	1	1.0374343090789107	7.218255238185259	230.0	16	1.05	0.95				
	116	2	43.76546263157895	8.753092526315791	0.0	0.0	1	1.032722347835097	5.992557791461365	230.0	16	1.05	0.95				
	117	1	0.0	0.0	0.0	0.0	1	1.0405481994841663	9.63718172061902	230.0	17	1.05	0.95				
	118	2	145.7389905631579	29.760514589473686	0.0	0.0	1	1.0448103934877049	10.460733677749715	230.0	17	1.05	0.95				
	119	1	79.2154873631579	16.19322117368421	0.0	0.0	1	1.0220514890578738	3.568213878505459	230.0	15	1.05	0.95				
	120	1	56.019792168421056	11.379020284210526	0.0	0.0	1	1.0161424685415268	1.833200430660458	230.0	15	1.05	0.95				
	121	2	0.0	0.0	0.0	0.0	1	1.0475372514564616	11.846103479395191	230.0	17	1.05	0.95				
	122	2	0.0	0.0	0.0	0.0	1	1.05	18.093483266233	230.0	17	1.05	0.95				
	123	2	0.0	0.0	0.0	0.0	1	1.01363124427436	1.2161028258447275	230.0	15	1.05	0.95				
	124	1	0.0	0.0	0.0	0.0	1	1.0280981711006596	4.995359575214853	230.0	16	1.05	0.95				
	201	2	50.47253264842105	10.281441835789474	0.0	0.0	2	1.0152622801413516	-14.417668524275038	138.0	21	1.05	0.95				
	202	2	45.33181173052632	9.346765305263158	0.0	0.0	2	1.0144485276070454	-14.684295872994722	138.0	22	1.05	0.95				
	203	1	84.12088774736843	17.291515814736844	0.0	0.0	2	1.01351969126362	-10.62656509472834	138.0	21	1.05	0.95				
	204	1	34.58303162947369	7.010073978947369	0.0	0.0	2	1.0116867947725445	-13.906825558374981	138.0	21	1.05	0.95				
	205	1	33.18101683368421	6.542735713684211	0.0	0.0	2	1.0267673143703873	-14.349467756385035	138.0	21	1.05	0.95				
	206	1	63.558004075789476	13.085471427368422	0.0	-100.0	2	1.0409238851739826	-14.875481201841884	138.0	22	1.05	0.95				
	207	2	58.41728315789474	11.683456631578949	0.0	0.0	2	0.9973805368170158	-20.56925040036918	138.0	22	1.05	0.95				
	208	1	79.91484335999999	16.356839284210526	0.0	0.0	2	0.9998922155176239	-18.40765143554018	138.0	22	1.05	0.95				
	209	1	81.78419642105264	16.824177549473685	0.0	0.0	2	1.0236985139129928	-11.342690183349205	138.0	23	1.05	0.95				
	210	1	91.13096172631579	18.693530610526317	0.0	0.0	2	1.05	-12.780403361906888	138.0	23	1.05	0.95				
	211	1	0.0	0.0	0.0	0.0	2	1.0073192958398225	-8.63705587511583	230.0	23	1.05	0.95				
	212	1	0.0	0.0	0.0	0.0	2	1.0117047014880964	-4.7236049612457895	230.0	23	1.05	0.95				
	213	2	123.84464029473685	25.236266324210526	0.0	0.0	2	1.0044155810106046	-6.595256419630177	230.0	24	1.05	0.95				
	214	2	90.66362346105264	18.226192345263158	0.0	0.0	2	1.0079097571307656	-6.894949083601955	230.0	26	1.05	0.95				
	215	2	148.14623008842105	29.909648976842107	0.0	0.0	2	1.0211432691180307	-1.0253703989444332	230.0	26	1.05	0.95				
	216	2	46.733826526315795	9.346765305263158	0.0	0.0	2	1.0210414327590844	-1.5214864956539396	230.0	26	1.05	0.95				
	217	1	0.0	0.0	0.0	0.0	2	1.025243476074157	-0.21786943898897837	230.0	27	1.05	0.95				
	218	2	155.6236423326316	31.779002037894738	0.0	0.0	2	1.0246074671917709	-0.6682146781825619	230.0	27	1.05	0.95				
	219	1	84.58822601263158	17.291515814736844	0.0	0.0	2	1.019227939174249	-1.8442970845948627	230.0	25	1.05	0.95				
	220	1	59.81929795368421	12.150794896842106	0.0	0.0	2	1.0210335370951666	-1.2022594552071586	230.0	25	1.05	0.95				
	221	2	0.0	0.0	0.0	0.0	2	1.0269913025590798	0.0141733457252128	230.0	27	1.05	0.95				
	222	2	0.0	0.0	0.0	0.0	2	1.0486407266615894	6.4302817649582105	230.0	27	1.05	0.95				
	223	2	0.0	0.0	0.0	0.0	2	1.0229519089536685	-0.48853586881877814	230.0	25	1.05	0.95				
	224	1	0.0	0.0	0.0	0.0	2	1.006496030752686	-4.630378588873093	230.0	26	1.05	0.95				
	301	2	63.73742487157895	12.983549510877193	0.0	0.0	3	0.9962410909274949	-1.393279981073654	138.0	31	1.05	0.95				
	302	2	57.24565011614035	11.803226828070175	0.0	0.0	3	0.9960840035672629	-1.4563430193392248	138.0	32	1.05	0.95				
	303	1	106.22904145263156	21.83596963192982	0.0	0.0	3	1.0174746681451348	2.3891152409019387	138.0	31	1.05	0.95				
	304	1	43.67193926385964	8.85242012105263	0.0	0.0	3	1.0017230422133594	0.4997255806728226	138.0	31	1.05	0.95				
	305	1	41.90145523964912	8.262258779649123	0.0	0.0	3	1.0141526683789202	0.38691367899834866	138.0	31	1.05	0.95				
	306	1	80.2619424308772	16.524517559298246	0.0	-100.0	3	1.0323486737901433	0.7120416221641228	138.0	32	1.05	0.95				
	307	2	73.77016767543859	14.754033535087718	0.0	0.0	3	0.9908708015090392	-3.728737543986103	138.0	32	1.05	0.95				
	308	1	100.91758938	20.655646949122804	0.0	0.0	3	0.9991578728230677	-1.0526058334926685	138.0	32	1.05	0.95				
	309	1	103.27823474561404	21.245808290526313	0.0	0.0	3	1.02704346513651	4.499269815467185	138.0	33	1.05	0.95				
	310	1	115.0814615736842	23.60645365614035	0.0	0.0	3	1.05	4.048053220322976	138.0	33	1.05	0.95				
	311	1	0.0	0.0	0.0	0.0	3	1.015984258595797	10.145004622867992	230.0	33	1.05	0.95				
	312	1	0.0	0.0	0.0	0.0	3	1.021010029316381	11.554871064142962	230.0	33	1.05	0.95				
	313	2	156.3927554719298	31.868712435789476	0.0	0.0	3	1.0393722231636051	18.130237920472712	230.0	34	1.05	0.95				
	314	2	114.4913002322807	23.01629231473684	0.0	0.0	3	1.0167493489911736	8.897113130937562	230.0	36	1.05	0.95				
	315	2	187.08114522491226	37.77032584982456	0.0	0.0	3	1.0294774606199528	4.052009457502743	230.0	36	1.05	0.95				
	316	2	59.01613414035087	11.803226828070175	0.0	0.0	3	1.0308001614892353	5.2829980148374265	230.0	36	1.05	0.95				
	317	1	0.0	0.0	0.0	0.0	3	1.033389780843825	4.468377057013267	230.0	37	1.05	0.95				
	318	2	196.52372668736842	40.1309712154386	0.0	0.0	3	1.030813088132714	3.3390983815513913	230.0	37	1.05	0.95				
	319	1	106.81920279403508	21.83596963192982	0.0	0.0	3	1.0312602395178163	8.31653913811817	230.0	35	1.05	0.95				
	320	1	75.54065169964912	15.344194876491226	0.0	0.0	3	1.0344735111488241	10.503870736875458	230.0	35	1.05	0.95				
	321	2	0.0	0.0	0.0	0.0	3	1.0324232888984597	4.145032661106031	230.0	37	1.05	0.95				
	322	2	0.0	0.0	0.0	0.0	3	1.04614954873347	8.610552657501891	230.0	37	1.05	0.95				
	323	2	0.0	0.0	0.0	0.0	3	1.0364477038455897	11.398990742456055	230.0	35	1.05	0.95				
	324	1	0.0	0.0	0.0	0.0	3	1.0226338020355734	5.420235116091572	230.0	36	1.05	0.95				
	325	1	0.0	0.0	0.0	0.0	3	1.0381662657966324	11.4421417418729	230.0	35	1.05	0.95				
];
