%% MATPOWER Case Format : Version 2
function mpc = RTS_GMLC
mpc.version = '2';

%%-----  Power Flow Data  -----%%
%% system MVA base
mpc.baseMVA = 100.0;
%% bus data
%    bus_i    type    Pd    Qd    Gs    Bs    area    Vm    Va    baseKV    zone    Vmax    Vmin
mpc.bus = [
	101	2	55.95051956210527	11.39732805894737	0.0	0.0	1	1.0473017246561007	3.371666392657468	138.0	11	1.05	0.95				
	102	2	50.25185553263158	10.36120732631579	0.0	0.0	1	1.0462033192114397	3.0251647443882814	138.0	12	1.05	0.95				
	103	1	93.25086593684212	19.168233553684214	0.0	0.0	1	1.03151297729935	0.5100029768844708	138.0	11	1.05	0.95				
	104	1	38.33646710736843	7.770905494736843	0.0	0.0	1	1.0277820839417278	-0.7547155066475418	138.0	11	1.05	0.95				
	105	1	36.78228600842105	7.252845128421054	0.0	0.0	1	1.0406417085335533	-0.9430254409657353	138.0	11	1.05	0.95				
	106	1	70.45620981894739	14.505690256842108	0.0	-100.0	1	1.0451306123179782	-3.9243991624185104	138.0	12	1.05	0.95				
	107	2	64.7575457894737	12.951509157894739	0.0	0.0	1	0.9990475496789503	-12.529408971113895	138.0	12	1.05	0.95				
	108	1	88.58832264000002	18.132112821052633	0.0	0.0	1	0.9991843732750129	-10.209625283564014	138.0	12	1.05	0.95				
	109	1	90.66056410526318	18.650173187368424	0.0	0.0	1	1.0252268654154062	-2.804869122072838	138.0	13	1.05	0.95				
	110	1	101.02177143157896	20.72241465263158	0.0	0.0	1	1.05	-3.757188433110011	138.0	13	1.05	0.95				
	111	1	0.0	0.0	0.0	0.0	1	1.006708760110554	-0.8749926565578099	230.0	13	1.05	0.95				
	112	1	0.0	0.0	0.0	0.0	1	1.0120252291959089	-0.5859841739823901	230.0	13	1.05	0.95				
	113	3	137.28599707368423	27.975259781052635	0.0	0.0	1	1.002938815572789	6.3108278523462666e-30	230.0	14	1.05	0.95				
	114	2	100.50371106526316	20.20435428631579	0.0	0.0	1	1.0034552483270665	0.875904247088469	230.0	16	1.05	0.95				
	115	2	164.22513612210528	33.15586344421053	0.0	0.0	1	1.038028548656077	6.854222848033952	230.0	16	1.05	0.95				
	116	2	51.806036631578955	10.36120732631579	0.0	0.0	1	1.0348493618271175	6.4052843288681816	230.0	16	1.05	0.95				
	117	1	0.0	0.0	0.0	0.0	1	1.0416290893726117	9.093186409153176	230.0	17	1.05	0.95				
	118	2	172.51410198315793	35.22810490947369	0.0	0.0	1	1.0443730955798918	9.516198751774636	230.0	17	1.05	0.95				
	119	1	93.76892630315791	19.168233553684214	0.0	0.0	1	1.0287747642557772	5.029293721466141	230.0	15	1.05	0.95				
	120	1	66.31172688842106	13.469569524210529	0.0	0.0	1	1.0269310855142455	4.48133606905366	230.0	15	1.05	0.95				
	121	2	0.0	0.0	0.0	0.0	1	1.0475008950475682	10.768488652962132	230.0	17	1.05	0.95				
	122	2	0.0	0.0	0.0	0.0	1	1.05	16.761466616598046	230.0	17	1.05	0.95				
	123	2	0.0	0.0	0.0	0.0	1	1.0268365849735377	4.576035025215213	230.0	15	1.05	0.95				
	124	1	0.0	0.0	0.0	0.0	1	1.0270351511623261	4.47460863181893	230.0	16	1.05	0.95				
	201	2	56.26947899368421	11.462301276491228	0.0	0.0	2	1.0249616553411087	-14.844042438964731	138.0	21	1.05	0.95				
	202	2	50.53832835543859	10.420273887719299	0.0	0.0	2	1.0259467720406525	-14.684237342170437	138.0	22	1.05	0.95				
	203	1	93.78246498947368	19.277506692280703	0.0	0.0	2	1.016039817354539	-12.482630036762597	138.0	21	1.05	0.95				
	204	1	38.555013384561406	7.815205415789474	0.0	0.0	2	1.0159096477234066	-16.113505059106416	138.0	21	1.05	0.95				
	205	1	36.99197230140351	7.294191721403509	0.0	0.0	2	1.031000517082876	-16.552895179769916	138.0	21	1.05	0.95				
	206	1	70.85786243649123	14.588383442807018	0.0	-100.0	2	1.0418045455603708	-17.973448711331574	138.0	22	1.05	0.95				
	207	2	65.12671179824561	13.025342359649123	0.0	0.0	2	0.9904704552227828	-25.442838260349042	138.0	22	1.05	0.95				
	208	1	89.09334174	18.235479303508768	0.0	0.0	2	0.993380437755246	-22.999883028003435	138.0	22	1.05	0.95				
	209	1	91.17739651754387	18.756492997894735	0.0	0.0	2	1.0230746715103296	-15.145360868568044	138.0	23	1.05	0.95				
	210	1	101.59767040526316	20.840547775438598	0.0	0.0	2	1.05	-16.617021322628425	138.0	23	1.05	0.95				
	211	1	0.0	0.0	0.0	0.0	2	1.0115806852459248	-11.809415783818324	230.0	23	1.05	0.95				
	212	1	0.0	0.0	0.0	0.0	2	1.0116472941669248	-10.986800967355187	230.0	23	1.05	0.95				
	213	2	138.0686290122807	28.134739496842105	0.0	0.0	2	1.0102474792407625	-10.449670771746755	230.0	24	1.05	0.95				
	214	2	101.07665671087717	20.31953408105263	0.0	0.0	2	1.0176889641893032	-8.886093067022944	230.0	26	1.05	0.95				
	215	2	165.16134112035087	33.34487644070175	0.0	0.0	2	1.031378367832342	-0.9461751632805104	230.0	26	1.05	0.95				
	216	2	52.10136943859649	10.420273887719299	0.0	0.0	2	1.0328586375289235	-1.5629668316640517	230.0	26	1.05	0.95				
	217	1	0.0	0.0	0.0	0.0	2	1.0353147925149562	0.7401729907701771	230.0	27	1.05	0.95				
	218	2	173.49756023052632	35.428931218245616	0.0	0.0	2	1.0351103318951302	0.4058613576075265	230.0	27	1.05	0.95				
	219	1	94.30347868385965	19.277506692280703	0.0	0.0	2	1.0326857541523442	-2.0798891220552003	230.0	25	1.05	0.95				
	220	1	66.6897528814035	13.546356054035089	0.0	0.0	2	1.0364595334173172	-1.5283638211018222	230.0	25	1.05	0.95				
	221	2	0.0	0.0	0.0	0.0	2	1.036404762690361	0.7461616278635791	230.0	27	1.05	0.95				
	222	2	0.0	0.0	0.0	0.0	2	1.05	7.24245131040892	230.0	27	1.05	0.95				
	223	2	0.0	0.0	0.0	0.0	2	1.0396331951815512	-0.837596742744524	230.0	25	1.05	0.95				
	224	1	0.0	0.0	0.0	0.0	2	1.0113449779317276	-5.248414235217107	230.0	26	1.05	0.95				
	301	2	67.42739637473684	13.73521037263158	0.0	0.0	3	0.9977131813269983	-8.739437224272958	138.0	31	1.05	0.95				
	302	2	60.55979118842105	12.486554884210527	0.0	0.0	3	0.9976109754309939	-8.791817423539143	138.0	32	1.05	0.95				
	303	1	112.37899395789472	23.10012653578947	0.0	0.0	3	1.0141379492626563	-5.119590143193376	138.0	31	1.05	0.95				
	304	1	46.20025307157894	9.364916163157893	0.0	0.0	3	1.0012499311826648	-6.646360646921808	138.0	31	1.05	0.95				
	305	1	44.327269838947366	8.740588418947368	0.0	0.0	3	1.0141440078527828	-6.721719534008285	138.0	31	1.05	0.95				
	306	1	84.90857321263158	17.481176837894736	0.0	-100.0	3	1.0315634804247145	-6.293996393097884	138.0	32	1.05	0.95				
	307	2	78.04096802631578	15.608193605263157	0.0	0.0	3	0.9919097815327305	-11.434002159068495	138.0	32	1.05	0.95				
	308	1	106.76004425999999	21.851471047368417	0.0	0.0	3	0.9977215523197591	-8.55566630101215	138.0	32	1.05	0.95				
	309	1	109.2573552368421	22.475798791578946	0.0	0.0	3	1.0266365494961551	-2.3515336150718515	138.0	33	1.05	0.95				
	310	1	121.74391012105261	24.973109768421054	0.0	0.0	3	1.05	-2.7144040979508612	138.0	33	1.05	0.95				
	311	1	0.0	0.0	0.0	0.0	3	1.0178855064025498	3.930888721720941	230.0	33	1.05	0.95				
	312	1	0.0	0.0	0.0	0.0	3	1.0217896754483613	5.3385830951072615	230.0	33	1.05	0.95				
	313	2	165.44685221578945	33.71369818736842	0.0	0.0	3	1.0425420359142903	11.82695786694732	230.0	34	1.05	0.95				
	314	2	121.1195823768421	24.348782024210525	0.0	0.0	3	1.0213975186913773	3.3135740861996457	230.0	36	1.05	0.95				
	315	2	197.91189491473682	39.95697562947368	0.0	0.0	3	1.033624136202762	-0.7436305803709157	230.0	36	1.05	0.95				
	316	2	62.43277442105263	12.486554884210527	0.0	0.0	3	1.035034197216701	0.6465831303468952	230.0	36	1.05	0.95				
	317	1	0.0	0.0	0.0	0.0	3	1.0378072560262372	0.025269627240070244	230.0	37	1.05	0.95				
	318	2	207.90113882210525	42.45428660631579	0.0	0.0	3	1.0356605651737096	-0.8752534149913541	230.0	37	1.05	0.95				
	319	1	113.00332170210525	23.10012653578947	0.0	0.0	3	1.034743642683239	3.413611421938177	230.0	35	1.05	0.95				
	320	1	79.91395125894736	16.232521349473682	0.0	0.0	3	1.0377830568256385	5.574106335977566	230.0	35	1.05	0.95				
	321	2	0.0	0.0	0.0	0.0	3	1.0369303123453075	-0.27568634413923043	230.0	37	1.05	0.95				
	322	2	0.0	0.0	0.0	0.0	3	1.0499999650070861	4.150753272711023	230.0	37	1.05	0.95				
	323	2	0.0	0.0	0.0	0.0	3	1.039938639562347	6.529964710278648	230.0	35	1.05	0.95				
	324	1	0.0	0.0	0.0	0.0	3	1.0220801740085321	-0.37870952116874484	230.0	36	1.05	0.95				
	325	1	0.0	0.0	0.0	0.0	3	1.040489031927911	6.889615411157718	230.0	35	1.05	0.95				
];
