%% MATPOWER Case Format : Version 2
function mpc = RTS_GMLC
mpc.version = '2';

%%-----  Power Flow Data  -----%%
%% system MVA base
mpc.baseMVA = 100.0;
%% bus data
%    bus_i    type    Pd    Qd    Gs    Bs    area    Vm    Va    baseKV    zone    Vmax    Vmin
mpc.bus = [
	101	2	48.17516081684211	9.81345868491228	0.0	0.0	1	1.0315791259895344	2.968764227519867	138.0	11	1.05	0.95				
	102	2	43.26843147438596	8.921326077192983	0.0	0.0	1	1.0311729146706914	2.841512782835857	138.0	12	1.05	0.95				
	103	1	80.29193469473684	16.504453242807017	0.0	0.0	1	1.02774610389489	0.353765096530529	138.0	11	1.05	0.95				
	104	1	33.008906485614034	6.6909945578947365	0.0	0.0	1	1.0204930344211354	-0.48318301603446556	138.0	11	1.05	0.95				
	105	1	31.670707574035085	6.244928254035089	0.0	0.0	1	1.034608033065572	-0.2191603852852021	138.0	11	1.05	0.95				
	106	1	60.665017324912284	12.489856508070178	0.0	-100.0	1	1.0443908893256315	-2.4552196548893406	138.0	12	1.05	0.95				
	107	2	55.758287982456146	11.151657596491228	0.0	0.0	1	1.0215075120787136	-3.0886280013606773	138.0	12	1.05	0.95				
	108	1	76.27733796	15.612320635087718	0.0	0.0	1	1.0176997717503145	-3.915128037338016	138.0	12	1.05	0.95				
	109	1	78.06160317543859	16.05838693894737	0.0	0.0	1	1.0255703263755982	-1.3908945389415626	138.0	13	1.05	0.95				
	110	1	86.98292925263158	17.842652154385966	0.0	0.0	1	1.05	-2.03825640125149	138.0	13	1.05	0.95				
	111	1	0.0	0.0	0.0	0.0	1	1.0035006811177618	-0.10780178870244006	230.0	13	1.05	0.95				
	112	1	0.0	0.0	0.0	0.0	1	1.0092399884868577	0.4781117853337063	230.0	13	1.05	0.95				
	113	3	118.20757052280702	24.087580408421054	0.0	0.0	1	0.995091868961682	-5.2815458888419415e-30	230.0	14	1.05	0.95				
	114	2	86.53686294877193	17.396585850526318	0.0	0.0	1	0.9988335290373233	1.5317280548421042	230.0	16	1.05	0.95				
	115	2	141.40301832350877	28.548243447017548	0.0	0.0	1	1.038944105001494	6.564063762290202	230.0	16	1.05	0.95				
	116	2	44.60663038596491	8.921326077192983	0.0	0.0	1	1.0344090141760451	6.419453271515519	230.0	16	1.05	0.95				
	117	1	0.0	0.0	0.0	0.0	1	1.0428664469620836	7.8905078003306635	230.0	17	1.05	0.95				
	118	2	148.54007918526315	30.332508662456142	0.0	0.0	1	1.0458713107899276	7.677361691990525	230.0	17	1.05	0.95				
	119	1	80.73800099859649	16.504453242807017	0.0	0.0	1	1.0285570938340758	5.792344850699474	230.0	15	1.05	0.95				
	120	1	57.096486894035095	11.597723900350877	0.0	0.0	1	1.0265545970395176	6.111027257873406	230.0	15	1.05	0.95				
	121	2	0.0	0.0	0.0	0.0	1	1.05	8.077001514959125	230.0	17	1.05	0.95				
	122	2	0.0	0.0	0.0	0.0	1	1.05	15.442541887448481	230.0	17	1.05	0.95				
	123	2	0.0	0.0	0.0	0.0	1	1.0261582503836502	6.630883929997032	230.0	15	1.05	0.95				
	124	1	0.0	0.0	0.0	0.0	1	1.026305145133958	4.248488832675442	230.0	16	1.05	0.95				
	201	2	54.77349285473684	11.157563359298244	0.0	0.0	2	1.0315135188154545	-7.699717280282104	138.0	21	1.05	0.95				
	202	2	49.19471117508771	10.143239417543858	0.0	0.0	2	1.0317149266630954	-7.762189023070338	138.0	22	1.05	0.95				
	203	1	91.28915475789474	18.764992922456138	0.0	0.0	2	1.0222271641170697	-6.524756647305604	138.0	21	1.05	0.95				
	204	1	37.529985844912275	7.607429563157894	0.0	0.0	2	1.0186555531188615	-10.3015505472592	138.0	21	1.05	0.95				
	205	1	36.0084999322807	7.1002675922807015	0.0	0.0	2	1.034067166798666	-10.483798710955307	138.0	21	1.05	0.95				
	206	1	68.97402803929825	14.200535184561403	0.0	-100.0	2	1.0430837929048233	-12.53218591603338	138.0	22	1.05	0.95				
	207	2	63.395246359649114	12.679049271929824	0.0	0.0	2	0.9866167212250014	-20.256549666490507	138.0	22	1.05	0.95				
	208	1	86.72469702	17.750668980701754	0.0	0.0	2	0.9918136635993987	-17.90188179612515	138.0	22	1.05	0.95				
	209	1	88.75334490350878	18.257830951578946	0.0	0.0	2	1.023229662052203	-10.31722635635698	138.0	23	1.05	0.95				
	210	1	98.89658432105263	20.286478835087717	0.0	0.0	2	1.05	-11.700162280477862	138.0	23	1.05	0.95				
	211	1	0.0	0.0	0.0	0.0	2	1.0096216430896212	-7.718669427898242	230.0	23	1.05	0.95				
	212	1	0.0	0.0	0.0	0.0	2	1.013585711864277	-7.309747019234875	230.0	23	1.05	0.95				
	213	2	134.39792228245614	27.38674642736842	0.0	0.0	2	1.0056931871359627	-7.066660452893077	230.0	24	1.05	0.95				
	214	2	98.38942235017542	19.779316864210525	0.0	0.0	2	1.0133682112353395	-4.930136173993897	230.0	26	1.05	0.95				
	215	2	160.77034476807015	32.45836613614035	0.0	0.0	2	1.0313617064879037	2.392859637698167	230.0	26	1.05	0.95				
	216	2	50.716197087719294	10.143239417543858	0.0	0.0	2	1.0347032634890116	2.057830795425478	230.0	26	1.05	0.95				
	217	1	0.0	0.0	0.0	0.0	2	1.0382236843299117	5.182944254484339	230.0	27	1.05	0.95				
	218	2	168.88493630210525	34.48701401964912	0.0	0.0	2	1.0399955111039176	5.723143445308406	230.0	27	1.05	0.95				
	219	1	91.79631672877193	18.764992922456138	0.0	0.0	2	1.035718650661981	0.6597950321139637	230.0	25	1.05	0.95				
	220	1	64.9167322722807	13.186211242807017	0.0	0.0	2	1.0406076819820875	0.4186948665240531	230.0	25	1.05	0.95				
	221	2	0.0	0.0	0.0	0.0	2	1.0395112142810627	5.368212070951461	230.0	27	1.05	0.95				
	222	2	0.0	0.0	0.0	0.0	2	1.05	11.797186950405132	230.0	27	1.05	0.95				
	223	2	0.0	0.0	0.0	0.0	2	1.0441411037190138	0.6624943546756694	230.0	25	1.05	0.95				
	224	1	0.0	0.0	0.0	0.0	2	1.0168099028076267	-0.9493890981829455	230.0	26	1.05	0.95				
	301	2	66.67573551157895	13.582094270877192	0.0	0.0	3	1.0094874391041633	-35.27924428969657	138.0	31	1.05	0.95				
	302	2	59.88468837614034	12.347358428070175	0.0	0.0	3	1.0085421055544788	-35.4896099389214	138.0	32	1.05	0.95				
	303	1	111.12622585263156	22.842613091929824	0.0	0.0	3	1.031223716051722	-25.54210589041545	138.0	31	1.05	0.95				
	304	1	45.68522618385965	9.260518821052631	0.0	0.0	3	1.0072938947845347	-33.479614404824495	138.0	31	1.05	0.95				
	305	1	43.833122419649115	8.643150899649124	0.0	0.0	3	1.0213699728321006	-34.71151741566083	138.0	31	1.05	0.95				
	306	1	83.9620373108772	17.286301799298247	0.0	-100.0	3	1.0349560206614241	-35.07655324208215	138.0	32	1.05	0.95				
	307	2	77.17099017543859	15.434198035087718	0.0	0.0	3	1.0003272032457182	-37.910708466233345	138.0	32	1.05	0.95				
	308	1	105.56991455999997	21.607877249122804	0.0	0.0	3	0.9987116614249775	-36.81410908865779	138.0	32	1.05	0.95				
	309	1	108.03938624561403	22.22524517052631	0.0	0.0	3	1.0280357665946123	-29.32412423049449	138.0	33	1.05	0.95				
	310	1	120.3867446736842	24.69471685614035	0.0	0.0	3	1.05	-32.16214053634415	138.0	33	1.05	0.95				
	311	1	0.0	0.0	0.0	0.0	3	1.0194773247571667	-24.943162862829418	230.0	33	1.05	0.95				
	312	1	0.0	0.0	0.0	0.0	3	1.0185285385517253	-24.254841382520567	230.0	33	1.05	0.95				
	313	2	163.6024991719298	33.337867755789475	0.0	0.0	3	1.0267177047648357	-21.35991830325403	230.0	34	1.05	0.95				
	314	2	119.76937675228068	24.077348934736843	0.0	0.0	3	1.0308544259215118	-22.33743335624127	230.0	36	1.05	0.95				
	315	2	195.70563108491226	39.51154696982456	0.0	0.0	3	1.0484976478958936	-15.192742309549246	230.0	36	1.05	0.95				
	316	2	61.73679214035087	12.347358428070175	0.0	0.0	3	1.0488362895586085	-14.943205558112616	230.0	36	1.05	0.95				
	317	1	0.0	0.0	0.0	0.0	3	1.0495173596130492	-12.200721393903974	230.0	37	1.05	0.95				
	318	2	205.58351782736838	41.9810186554386	0.0	0.0	3	1.0495768289944913	-11.62017012011444	230.0	37	1.05	0.95				
	319	1	111.74359377403509	22.842613091929824	0.0	0.0	3	1.045382321594274	-16.08769412887374	230.0	35	1.05	0.95				
	320	1	79.02309393964912	16.051565956491228	0.0	0.0	3	1.047459065035949	-15.929387298744729	230.0	35	1.05	0.95				
	321	2	0.0	0.0	0.0	0.0	3	1.05	-11.165448165383948	230.0	37	1.05	0.95				
	322	2	0.0	0.0	0.0	0.0	3	1.05	-5.79564588787572	230.0	37	1.05	0.95				
	323	2	0.0	0.0	0.0	0.0	3	1.05	-15.391916222398095	230.0	35	1.05	0.95				
	324	1	0.0	0.0	0.0	0.0	3	1.0290206002125555	-19.043750807554442	230.0	36	1.05	0.95				
	325	1	0.0	0.0	0.0	0.0	3	1.0401843320331763	-13.504974676401186	230.0	35	1.05	0.95				
];
