%% MATPOWER Case Format : Version 2
function mpc = RTS_GMLC
mpc.version = '2';

%%-----  Power Flow Data  -----%%
%% system MVA base
mpc.baseMVA = 100.0;
%% bus data
%    bus_i    type    Pd    Qd    Gs    Bs    area    Vm    Va    baseKV    zone    Vmax    Vmin
mpc.bus = [
	101	2	46.238001006315784	9.418852056842104	0.0	0.0	1	1.0170041802107666	2.396059668921277	138.0	11	1.05	0.95				
	102	2	41.528574977894735	8.56259277894737	0.0	0.0	1	1.0158967660068732	2.080074141374546	138.0	12	1.05	0.95				
	103	1	77.06333501052632	15.840796641052629	0.0	0.0	1	1.0253872454895512	2.442032971476047	138.0	11	1.05	0.95				
	104	1	31.681593282105258	6.421944584210526	0.0	0.0	1	1.01370116523983	-1.099976649108722	138.0	11	1.05	0.95				
	105	1	30.397204365263153	5.993814945263158	0.0	0.0	1	1.0271994223841276	-1.0362148199060122	138.0	11	1.05	0.95				
	106	1	58.225630896842105	11.987629890526316	0.0	-100.0	1	1.0410534073494067	-3.4188966693495106	138.0	12	1.05	0.95				
	107	2	53.51620486842105	10.70324097368421	0.0	0.0	1	0.9860278516057758	-11.33161518358808	138.0	12	1.05	0.95				
	108	1	73.21016826	14.984537363157893	0.0	0.0	1	0.9945455691675295	-8.895350811779497	138.0	12	1.05	0.95				
	109	1	74.92268681578946	15.412667002105263	0.0	0.0	1	1.0250555076641907	-1.9107999068393133	138.0	13	1.05	0.95				
	110	1	83.48527959473684	17.12518555789474	0.0	0.0	1	1.05	-3.1020241340541097	138.0	13	1.05	0.95				
	111	1	0.0	0.0	0.0	0.0	1	1.0176741007365648	0.4576434425089867	230.0	13	1.05	0.95				
	112	1	0.0	0.0	0.0	0.0	1	1.0143357668061819	-0.6056510669426374	230.0	13	1.05	0.95				
	113	3	113.45435432105262	23.119000503157892	0.0	0.0	1	0.9993526969082894	-7.613960322057256e-29	230.0	14	1.05	0.95				
	114	2	83.05714995578947	16.697055918947367	0.0	0.0	1	1.040670310610638	3.759779656984944	230.0	16	1.05	0.95				
	115	2	135.71709554631576	27.400296892631577	0.0	0.0	1	1.0392421253592685	13.03101992875059	230.0	16	1.05	0.95				
	116	2	42.81296389473684	8.56259277894737	0.0	0.0	1	1.0389639351576632	11.180538714002033	230.0	16	1.05	0.95				
	117	1	0.0	0.0	0.0	0.0	1	1.0379808936216302	17.211610628133243	230.0	17	1.05	0.95				
	118	2	142.56716976947368	29.112815448421053	0.0	0.0	1	1.0465469966922807	17.799692679233136	230.0	17	1.05	0.95				
	119	1	77.49146464947368	15.840796641052629	0.0	0.0	1	1.0341012143609578	6.8634598563839955	230.0	15	1.05	0.95				
	120	1	54.80059378526315	11.13137061263158	0.0	0.0	1	1.0368743318592009	3.928676844520782	230.0	15	1.05	0.95				
	121	2	0.0	0.0	0.0	0.0	1	1.040751184513101	19.430677040892753	230.0	17	1.05	0.95				
	122	2	0.0	0.0	0.0	0.0	1	1.05	37.412506396139776	230.0	17	1.05	0.95				
	123	2	0.0	0.0	0.0	0.0	1	1.0395870842850699	2.642610962003084	230.0	15	1.05	0.95				
	124	1	0.0	0.0	0.0	0.0	1	1.0208622440919204	9.077539302340389	230.0	16	1.05	0.95				
	201	2	48.78954826105264	9.938611682807018	0.0	0.0	2	1.007768167744137	-17.993399169805134	138.0	21	1.05	0.95				
	202	2	43.82024241964913	9.035101529824562	0.0	0.0	2	1.0070168446751866	-18.304067512908226	138.0	22	1.05	0.95				
	203	1	81.31591376842105	16.71493783017544	0.0	0.0	2	1.010691774582297	-13.01924356403797	138.0	21	1.05	0.95				
	204	1	33.42987566035088	6.776326147368421	0.0	0.0	2	1.0083533427214584	-17.75737895170079	138.0	21	1.05	0.95				
	205	1	32.07461043087719	6.3245710708771945	0.0	0.0	2	1.0232326692253473	-18.29748653383647	138.0	21	1.05	0.95				
	206	1	61.438690402807026	12.649142141754389	0.0	-100.0	2	1.0395445471035178	-19.021082857426002	138.0	22	1.05	0.95				
	207	2	56.469384561403515	11.293876912280702	0.0	0.0	2	0.9906245079689234	-24.443726332964122	138.0	22	1.05	0.95				
	208	1	77.25011808000001	15.811427677192983	0.0	0.0	2	0.9964852493047073	-22.38508530001826	138.0	22	1.05	0.95				
	209	1	79.05713838596492	16.26318275368421	0.0	0.0	2	1.023010060042506	-15.439363354684154	138.0	23	1.05	0.95				
	210	1	88.09223991578948	18.070203059649124	0.0	0.0	2	1.05	-17.14399760113848	138.0	23	1.05	0.95				
	211	1	0.0	0.0	0.0	0.0	2	1.0111092956462278	-12.041756173352626	230.0	23	1.05	0.95				
	212	1	0.0	0.0	0.0	0.0	2	1.0140791052192406	-11.032866138910782	230.0	23	1.05	0.95				
	213	2	119.71509527017542	24.39477413052632	0.0	0.0	2	1.0137057726331928	-10.337711990086902	230.0	24	1.05	0.95				
	214	2	87.64048483929825	17.618447983157896	0.0	0.0	2	1.0139758643450543	-9.232737354892453	230.0	26	1.05	0.95				
	215	2	143.2063592477193	28.912324895438594	0.0	0.0	2	1.0287411225006164	-2.319481591888059	230.0	26	1.05	0.95				
	216	2	45.17550764912281	9.035101529824562	0.0	0.0	2	1.0326419221245247	-2.5494325813992953	230.0	26	1.05	0.95				
	217	1	0.0	0.0	0.0	0.0	2	1.0363193515566382	-0.8332059260574829	230.0	27	1.05	0.95				
	218	2	150.43444047157897	30.719345201403513	0.0	0.0	2	1.0342832044595127	-1.4174392341128128	230.0	27	1.05	0.95				
	219	1	81.7676688449123	16.71493783017544	0.0	0.0	2	1.037596447770732	-2.3859091212196946	230.0	25	1.05	0.95				
	220	1	57.82464979087719	11.74563198877193	0.0	0.0	2	1.0450117007553326	-1.3868330596672453	230.0	25	1.05	0.95				
	221	2	0.0	0.0	0.0	0.0	2	1.0350373538175088	-0.9152147217776586	230.0	27	1.05	0.95				
	222	2	0.0	0.0	0.0	0.0	2	1.05	5.6152665796164465	230.0	27	1.05	0.95				
	223	2	0.0	0.0	0.0	0.0	2	1.05	-0.5116377083561122	230.0	25	1.05	0.95				
	224	1	0.0	0.0	0.0	0.0	2	1.0087916098954144	-6.297326076277917	230.0	26	1.05	0.95				
	301	2	62.95159758315789	12.823473581754385	0.0	0.0	3	1.037922848083377	3.1680355441803933	138.0	31	1.05	0.95				
	302	2	56.53986079228069	11.657703256140351	0.0	0.0	3	1.0338338952194457	2.816717609568011	138.0	32	1.05	0.95				
	303	1	104.91932930526315	21.56675102385965	0.0	0.0	3	1.05	20.450101437482104	138.0	31	1.05	0.95				
	304	1	43.1335020477193	8.743277442105263	0.0	0.0	3	1.0108943328126077	4.9877368412617615	138.0	31	1.05	0.95				
	305	1	41.384846559298246	8.160392279298247	0.0	0.0	3	1.031859659342618	2.02990955548489	138.0	31	1.05	0.95				
	306	1	79.27238214175439	16.320784558596493	0.0	-100.0	3	1.0342883900422248	0.7254419794616435	138.0	32	1.05	0.95				
	307	2	72.86064535087719	14.572129070175437	0.0	0.0	3	0.95	1.2654925484676562	138.0	32	1.05	0.95				
	308	1	99.67336284	20.400980698245615	0.0	0.0	3	0.9652790563082888	1.3070882187775963	138.0	32	1.05	0.95				
	309	1	102.00490349122806	20.98386586105263	0.0	0.0	3	1.012744837140511	9.23200782066088	138.0	33	1.05	0.95				
	310	1	113.66260674736841	23.315406512280703	0.0	0.0	3	1.039867517614779	2.72917092451138	138.0	33	1.05	0.95				
	311	1	0.0	0.0	0.0	0.0	3	0.9994567946590235	7.498596087897286	230.0	33	1.05	0.95				
	312	1	0.0	0.0	0.0	0.0	3	1.0036478996515863	8.204086358840208	230.0	33	1.05	0.95				
	313	2	154.46456814385965	31.475798791578946	0.0	0.0	3	0.9995200938500816	9.80860405313725	230.0	34	1.05	0.95				
	314	2	113.07972158456138	22.732521349473682	0.0	0.0	3	0.9966100052880636	7.111203113681771	230.0	36	1.05	0.95				
	315	2	184.77459660982456	37.30465041964912	0.0	0.0	3	1.05	10.441801400996289	230.0	36	1.05	0.95				
	316	2	58.28851628070175	11.657703256140351	0.0	0.0	3	1.0381256273312292	10.100068456921175	230.0	36	1.05	0.95				
	317	1	0.0	0.0	0.0	0.0	3	1.05	13.98671305015784	230.0	37	1.05	0.95				
	318	2	194.10075921473685	39.636191070877196	0.0	0.0	3	1.046375412905172	11.331121703993121	230.0	37	1.05	0.95				
	319	1	105.50221446807018	21.56675102385965	0.0	0.0	3	1.023699356878215	9.254713314444889	230.0	35	1.05	0.95				
	320	1	74.60930083929824	15.155014232982456	0.0	0.0	3	1.01594591879002	9.648630746418982	230.0	35	1.05	0.95				
	321	2	0.0	0.0	0.0	0.0	3	1.05	11.658386207050222	230.0	37	1.05	0.95				
	322	2	0.0	0.0	0.0	0.0	3	1.05	16.92035866923989	230.0	37	1.05	0.95				
	323	2	0.0	0.0	0.0	0.0	3	1.0131038073219485	10.325885405062076	230.0	35	1.05	0.95				
	324	1	0.0	0.0	0.0	0.0	3	1.0468537834658134	14.2659566106431	230.0	36	1.05	0.95				
	325	1	0.0	0.0	0.0	0.0	3	1.0137036769532124	11.114207595714694	230.0	35	1.05	0.95				
];
