%% MATPOWER Case Format : Version 2
function mpc = RTS_GMLC
mpc.version = '2';

%%-----  Power Flow Data  -----%%
%% system MVA base
mpc.baseMVA = 100.0;
%% bus data
%    bus_i    type    Pd    Qd    Gs    Bs    area    Vm    Va    baseKV    zone    Vmax    Vmin
mpc.bus = [
	101	2	51.234537372631586	10.436665020350878	0.0	0.0	1	1.0328840831066208	1.913052972644232	138.0	11	1.05	0.95				
	102	2	46.01620486245614	9.48787729122807	0.0	0.0	1	1.0324607720240568	1.7907955122227777	138.0	12	1.05	0.95				
	103	1	85.39089562105264	17.55257298877193	0.0	0.0	1	1.027118488488642	-0.6880628493516584	138.0	11	1.05	0.95				
	104	1	35.10514597754386	7.115907968421052	0.0	0.0	1	1.0206588609254483	-1.3851981397395454	138.0	11	1.05	0.95				
	105	1	33.68196438385965	6.64151410385965	0.0	0.0	1	1.0350189440678121	-1.1311603306923381	138.0	11	1.05	0.95				
	106	1	64.51756558035089	13.2830282077193	0.0	-100.0	1	1.0440229754856636	-3.311500555275998	138.0	12	1.05	0.95				
	107	2	59.29923307017544	11.859846614035089	0.0	0.0	1	1.0185789761421236	-3.086101737649398	138.0	12	1.05	0.95				
	108	1	81.12135084	16.603785259649122	0.0	0.0	1	1.0152187657730423	-4.297269205260398	138.0	12	1.05	0.95				
	109	1	83.01892629824562	17.07817912421053	0.0	0.0	1	1.0256213915581185	-2.0611278205995216	138.0	13	1.05	0.95				
	110	1	92.50680358947369	18.97575458245614	0.0	0.0	1	1.05	-2.7199247181969493	138.0	13	1.05	0.95				
	111	1	0.0	0.0	0.0	0.0	1	1.0043305036677908	-0.5965223531274229	230.0	13	1.05	0.95				
	112	1	0.0	0.0	0.0	0.0	1	1.0098999693048625	0.17643549217003723	230.0	13	1.05	0.95				
	113	3	125.71437410877193	25.617268686315793	0.0	0.0	1	0.997416925898723	3.99677008295442e-30	230.0	14	1.05	0.95				
	114	2	92.03240972491228	18.501360717894737	0.0	0.0	1	0.9995525929437072	0.8004226624228088	230.0	16	1.05	0.95				
	115	2	150.38285506596492	30.36120733192983	0.0	0.0	1	1.0393391742091793	5.474713483955195	230.0	16	1.05	0.95				
	116	2	47.439386456140355	9.48787729122807	0.0	0.0	1	1.0350798782535933	5.533906567097095	230.0	16	1.05	0.95				
	117	1	0.0	0.0	0.0	0.0	1	1.0438260694150665	6.947095732363536	230.0	17	1.05	0.95				
	118	2	157.97315689894737	32.258782790175445	0.0	0.0	1	1.0467680210086343	6.8535108983645685	230.0	17	1.05	0.95				
	119	1	85.86528948561404	17.55257298877193	0.0	0.0	1	1.0292263690344265	5.21600301120126	230.0	15	1.05	0.95				
	120	1	60.72241466385966	12.334240478596492	0.0	0.0	1	1.0275286655898919	5.858270718317958	230.0	15	1.05	0.95				
	121	2	0.0	0.0	0.0	0.0	1	1.05	6.8061510564474395	230.0	17	1.05	0.95				
	122	2	0.0	0.0	0.0	0.0	1	1.05	13.371689026311463	230.0	17	1.05	0.95				
	123	2	0.0	0.0	0.0	0.0	1	1.027529796002134	6.5766877366436605	230.0	15	1.05	0.95				
	124	1	0.0	0.0	0.0	0.0	1	1.0263558122835799	3.1799678023091684	230.0	16	1.05	0.95				
	201	2	46.851566172631586	9.543837553684211	0.0	0.0	2	1.0271813289362597	-4.407086254720677	138.0	21	1.05	0.95				
	202	2	42.07964739578948	8.676215957894739	0.0	0.0	2	1.027095160699496	-4.3801709346915585	138.0	22	1.05	0.95				
	203	1	78.08594362105264	16.050999522105265	0.0	0.0	2	1.0238010036730312	-4.267228890984575	138.0	21	1.05	0.95				
	204	1	32.10199904421053	6.5071619684210535	0.0	0.0	2	1.0183299680521483	-6.932006359099839	138.0	21	1.05	0.95				
	205	1	30.800566650526317	6.073351170526316	0.0	0.0	2	1.0329023179058419	-7.044476689206146	138.0	21	1.05	0.95				
	206	1	58.998268513684216	12.146702341052633	0.0	-100.0	2	1.0440798759913996	-8.932214648553064	138.0	22	1.05	0.95				
	207	2	54.2263497368421	10.845269947368422	0.0	0.0	2	0.9845067462121481	-15.508888794428882	138.0	22	1.05	0.95				
	208	1	74.18164644000001	15.183377926315789	0.0	0.0	2	0.9939310340302583	-13.572369632902435	138.0	22	1.05	0.95				
	209	1	75.91688963157895	15.617188724210527	0.0	0.0	2	1.0238835762399563	-7.241739907363407	138.0	23	1.05	0.95				
	210	1	84.59310558947368	17.352431915789477	0.0	0.0	2	1.05	-8.328760320650058	138.0	23	1.05	0.95				
	211	1	0.0	0.0	0.0	0.0	2	1.0060709969101413	-4.981916238741737	230.0	23	1.05	0.95				
	212	1	0.0	0.0	0.0	0.0	2	1.01381907030445	-4.80193699319775	230.0	23	1.05	0.95				
	213	2	114.95986144210526	23.425783086315793	0.0	0.0	2	1.0020597040510784	-4.587066403788328	230.0	24	1.05	0.95				
	214	2	84.15929479157896	16.918621117894737	0.0	0.0	2	1.0044636087773575	-2.4128634478336624	230.0	26	1.05	0.95				
	215	2	137.51802293263157	27.76389106526316	0.0	0.0	2	1.031250758026018	4.00927065317763	230.0	26	1.05	0.95				
	216	2	43.38107978947369	8.676215957894739	0.0	0.0	2	1.0337439063319287	3.7302264232940217	230.0	26	1.05	0.95				
	217	1	0.0	0.0	0.0	0.0	2	1.0383412970654502	6.657409094821781	230.0	27	1.05	0.95				
	218	2	144.45899569894738	29.499134256842108	0.0	0.0	2	1.040351052671286	7.362524169188087	230.0	27	1.05	0.95				
	219	1	78.51975441894737	16.050999522105265	0.0	0.0	2	1.0356137292185161	2.1377948354425866	230.0	25	1.05	0.95				
	220	1	55.52778213052632	11.279080745263158	0.0	0.0	2	1.0405347383951	1.5927887340002136	230.0	25	1.05	0.95				
	221	2	0.0	0.0	0.0	0.0	2	1.0396716586728865	6.992637664765766	230.0	27	1.05	0.95				
	222	2	0.0	0.0	0.0	0.0	2	1.05	13.362864193058083	230.0	27	1.05	0.95				
	223	2	0.0	0.0	0.0	0.0	2	1.043726678942115	1.6176448487353157	230.0	25	1.05	0.95				
	224	1	0.0	0.0	0.0	0.0	2	1.0180319232922288	0.9029514939800442	230.0	26	1.05	0.95				
	301	2	70.09237584000002	14.278076560000002	0.0	0.0	3	1.0097082581529733	-42.5474335271665	138.0	31	1.05	0.95				
	302	2	62.95333756000001	12.980069600000002	0.0	0.0	3	1.0089206040626493	-42.72702389574582	138.0	32	1.05	0.95				
	303	1	116.82062640000001	24.01312876	0.0	0.0	3	1.0220500892997388	-33.60260283349173	138.0	31	1.05	0.95				
	304	1	48.02625752	9.7350522	0.0	0.0	3	1.006170777280953	-40.498705230906616	138.0	31	1.05	0.95				
	305	1	46.07924708	9.086048720000003	0.0	0.0	3	1.0207793392491675	-41.60341497668276	138.0	31	1.05	0.95				
	306	1	88.26447328000002	18.172097440000005	0.0	-100.0	3	1.0339999750755717	-41.78559012588368	138.0	32	1.05	0.95				
	307	2	81.12543500000001	16.225087000000002	0.0	0.0	3	1.0059014540011018	-43.623201908427276	138.0	32	1.05	0.95				
	308	1	110.97959508000001	22.715121800000002	0.0	0.0	3	1.001332034356591	-42.99275150184102	138.0	32	1.05	0.95				
	309	1	113.57560900000001	23.364125280000003	0.0	0.0	3	1.02736194389892	-36.03299956921639	138.0	33	1.05	0.95				
	310	1	126.55567860000001	25.960139200000004	0.0	0.0	3	1.05	-38.577100333194366	138.0	33	1.05	0.95				
	311	1	0.0	0.0	0.0	0.0	3	1.0217225475734357	-30.87441364519402	230.0	33	1.05	0.95				
	312	1	0.0	0.0	0.0	0.0	3	1.0182201763987713	-30.144526322593947	230.0	33	1.05	0.95				
	313	2	171.9859222	35.04618792000001	0.0	0.0	3	1.0311056024134575	-27.123793987601406	230.0	34	1.05	0.95				
	314	2	125.90667512000002	25.311135720000006	0.0	0.0	3	1.0365504681071176	-27.84881501081163	230.0	36	1.05	0.95				
	315	2	205.73410316000002	41.536222720000005	0.0	0.0	3	1.0490164997150329	-19.969563539358596	230.0	36	1.05	0.95				
	316	2	64.90034800000001	12.980069600000002	0.0	0.0	3	1.0499999053215967	-19.641907402838758	230.0	36	1.05	0.95				
	317	1	0.0	0.0	0.0	0.0	3	1.049966676319681	-16.30456703624636	230.0	37	1.05	0.95				
	318	2	216.11815884000004	44.13223664000001	0.0	0.0	3	1.0498772642608711	-15.518446105469359	230.0	37	1.05	0.95				
	319	1	117.46962988000003	24.01312876	0.0	0.0	3	1.0457370687211711	-20.825001222529796	230.0	35	1.05	0.95				
	320	1	83.07244544000001	16.874090480000003	0.0	0.0	3	1.0474858734512704	-20.64363557355315	230.0	35	1.05	0.95				
	321	2	0.0	0.0	0.0	0.0	3	1.05	-15.362771294920012	230.0	37	1.05	0.95				
	322	2	0.0	0.0	0.0	0.0	3	1.05	-9.956019108250034	230.0	37	1.05	0.95				
	323	2	0.0	0.0	0.0	0.0	3	1.05	-20.070824893864476	230.0	35	1.05	0.95				
	324	1	0.0	0.0	0.0	0.0	3	1.0214909393442813	-25.00413685034763	230.0	36	1.05	0.95				
	325	1	0.0	0.0	0.0	0.0	3	1.0375784161106136	-17.93107492895878	230.0	35	1.05	0.95				
];
