%% MATPOWER Case Format : Version 2
function mpc = RTS_GMLC
mpc.version = '2';

%%-----  Power Flow Data  -----%%
%% system MVA base
mpc.baseMVA = 100.0;
%% bus data
%    bus_i    type    Pd    Qd    Gs    Bs    area    Vm    Va    baseKV    zone    Vmax    Vmin
mpc.bus = [
	101	2	34.72191984126316	7.072983671368421	0.0	0.0	1	1.0323481802004721	4.613746628378407	138.0	11	1.05	0.95				
	102	2	31.185428005578945	6.429985155789473	0.0	0.0	1	1.0314595325388685	4.359732211094857	138.0	12	1.05	0.95				
	103	1	57.869866402105266	11.895472538210527	0.0	0.0	1	1.0318308017694298	2.5244663954877176	138.0	11	1.05	0.95				
	104	1	23.790945076421053	4.8224888668421055	0.0	0.0	1	1.0224132177184737	1.0719517882363385	138.0	11	1.05	0.95				
	105	1	22.82644730305263	4.500989609052632	0.0	0.0	1	1.036519158374199	1.356440635758319	138.0	11	1.05	0.95				
	106	1	43.72389905936843	9.001979218105264	0.0	-100.0	1	1.0478679188762154	-0.8530120790149601	138.0	12	1.05	0.95				
	107	2	40.18740722368421	8.037481444736843	0.0	0.0	1	1.0000380983893522	-6.845457840663663	138.0	12	1.05	0.95				
	108	1	54.976373081999995	11.252474022631578	0.0	0.0	1	1.0072386265932716	-5.19549682036777	138.0	12	1.05	0.95				
	109	1	56.2623701131579	11.573973280421052	0.0	0.0	1	1.0245947848175452	-0.30708769243563283	138.0	13	1.05	0.95				
	110	1	62.69235526894737	12.859970311578946	0.0	0.0	1	1.05	-0.9272198453607504	138.0	13	1.05	0.95				
	111	1	0.0	0.0	0.0	0.0	1	1.0010862498775472	0.8502150548843127	230.0	13	1.05	0.95				
	112	1	0.0	0.0	0.0	0.0	1	1.0060125038972063	0.6779791829912659	230.0	13	1.05	0.95				
	113	3	85.19730331421053	17.36095992063158	0.0	0.0	1	0.9882720426598787	-1.7836170769395083e-23	230.0	14	1.05	0.95				
	114	2	62.37085601115789	12.538471053789474	0.0	0.0	1	0.9984629630315653	3.1899263265772966	230.0	16	1.05	0.95				
	115	2	101.91526471926315	20.575952498526316	0.0	0.0	1	1.0376167849633195	8.680449283222385	230.0	16	1.05	0.95				
	116	2	32.14992577894737	6.429985155789473	0.0	0.0	1	1.0331261391833584	8.256721962627335	230.0	16	1.05	0.95				
	117	1	0.0	0.0	0.0	0.0	1	1.0413345583001383	10.96918736305003	230.0	17	1.05	0.95				
	118	2	107.05925284389475	21.861949529684214	0.0	0.0	1	1.0460655532229388	10.953935764684445	230.0	17	1.05	0.95				
	119	1	58.19136565989474	11.895472538210527	0.0	0.0	1	1.0244921139116305	6.456255553120618	230.0	15	1.05	0.95				
	120	1	41.15190499705263	8.358980702526317	0.0	0.0	1	1.0192632075193822	5.506281359530142	230.0	15	1.05	0.95				
	121	2	0.0	0.0	0.0	0.0	1	1.05	11.68545693049334	230.0	17	1.05	0.95				
	122	2	0.0	0.0	0.0	0.0	1	1.05	22.01450901058173	230.0	17	1.05	0.95				
	123	2	0.0	0.0	0.0	0.0	1	1.016429078891015	5.23523244674571	230.0	15	1.05	0.95				
	124	1	0.0	0.0	0.0	0.0	1	1.027076034661484	6.369920664397118	230.0	16	1.05	0.95				
	201	2	42.27860853473684	8.612309145964911	0.0	0.0	2	1.020905648366339	-9.594199150803512	138.0	21	1.05	0.95				
	202	2	37.97245396175438	7.829371950877192	0.0	0.0	2	1.0212469737462322	-9.572836227621742	138.0	22	1.05	0.95				
	203	1	70.46434755789473	14.484338109122804	0.0	0.0	2	1.0155120768388852	-7.753061041958653	138.0	21	1.05	0.95				
	204	1	28.96867621824561	5.872028963157893	0.0	0.0	2	1.0159745720957412	-10.64972002392278	138.0	21	1.05	0.95				
	205	1	27.79427042561403	5.480560365614036	0.0	0.0	2	1.0307784600915397	-10.965089178652631	138.0	21	1.05	0.95				
	206	1	53.23972926596491	10.961120731228071	0.0	-100.0	2	1.0444940784809158	-12.135561598196517	138.0	22	1.05	0.95				
	207	2	48.933574692982454	9.78671493859649	0.0	0.0	2	0.993511310798025	-17.464878091890498	138.0	22	1.05	0.95				
	208	1	66.94113017999999	13.701400914035085	0.0	0.0	2	1.0005194811241802	-15.724045815083512	138.0	22	1.05	0.95				
	209	1	68.50700457017544	14.092869511578945	0.0	0.0	2	1.0223278063848924	-9.908447921260594	138.0	23	1.05	0.95				
	210	1	76.33637652105261	15.658743901754384	0.0	0.0	2	1.05	-11.088641513973164	138.0	23	1.05	0.95				
	211	1	0.0	0.0	0.0	0.0	2	1.0037082114495242	-7.458867603408857	230.0	23	1.05	0.95				
	212	1	0.0	0.0	0.0	0.0	2	1.0079397919335644	-6.799361802496119	230.0	23	1.05	0.95				
	213	2	103.73917834912278	21.13930426736842	0.0	0.0	2	0.9982810531337678	-6.388373022807375	230.0	24	1.05	0.95				
	214	2	75.94490792350877	15.267275304210525	0.0	0.0	2	1.0022996797994566	-5.225217230089089	230.0	26	1.05	0.95				
	215	2	124.09554542140349	25.053990242807018	0.0	0.0	2	1.018249174117302	0.47855901085339947	230.0	26	1.05	0.95				
	216	2	39.14685975438596	7.829371950877192	0.0	0.0	2	1.0205124856930652	0.3052527021362365	230.0	26	1.05	0.95				
	217	1	0.0	0.0	0.0	0.0	2	1.0248821757512412	2.0625165321426264	230.0	27	1.05	0.95				
	218	2	130.35904298210525	26.619864632982456	0.0	0.0	2	1.024172791722631	1.5517768110947532	230.0	27	1.05	0.95				
	219	1	70.85581615543859	14.484338109122804	0.0	0.0	2	1.022535849651806	-0.027468020383534523	230.0	25	1.05	0.95				
	220	1	50.107980485614036	10.17818353614035	0.0	0.0	2	1.0267398348783945	0.454648176836615	230.0	25	1.05	0.95				
	221	2	0.0	0.0	0.0	0.0	2	1.0258343605161109	2.002324870446347	230.0	27	1.05	0.95				
	222	2	0.0	0.0	0.0	0.0	2	1.0479561911657467	8.54170797613535	230.0	27	1.05	0.95				
	223	2	0.0	0.0	0.0	0.0	2	1.0295435369566441	1.0184670429215117	230.0	25	1.05	0.95				
	224	1	0.0	0.0	0.0	0.0	2	1.0069774080071057	-2.626500801892408	230.0	26	1.05	0.95				
	301	2	49.52420120842106	10.088263209122807	0.0	0.0	3	1.006664594497145	-24.06670319129216	138.0	31	1.05	0.95				
	302	2	44.480069603859654	9.171148371929826	0.0	0.0	3	1.0062312018485178	-24.171446951204164	138.0	32	1.05	0.95				
	303	1	82.54033534736843	16.966624488070174	0.0	0.0	3	1.022072030432647	-18.63025144863426	138.0	31	1.05	0.95				
	304	1	33.93324897614035	6.878361278947369	0.0	0.0	3	1.00921192973349	-22.590049408114883	138.0	31	1.05	0.95				
	305	1	32.55757672035088	6.4198038603508785	0.0	0.0	3	1.0222519572771263	-23.36794352877935	138.0	31	1.05	0.95				
	306	1	62.36380892912281	12.839607720701757	0.0	-100.0	3	1.0391113125683522	-23.5161707203645	138.0	32	1.05	0.95				
	307	2	57.319677324561404	11.46393546491228	0.0	0.0	3	0.9929746201117454	-28.572687053461916	138.0	32	1.05	0.95				
	308	1	78.41331858000001	16.04950965087719	0.0	0.0	3	0.9983156038400759	-26.482665863349556	138.0	32	1.05	0.95				
	309	1	80.24754825438598	16.508067069473682	0.0	0.0	3	1.0264424495797748	-19.42276926344088	138.0	33	1.05	0.95				
	310	1	89.41869662631578	18.342296743859652	0.0	0.0	3	1.05	-21.19486055146926	138.0	33	1.05	0.95				
	311	1	0.0	0.0	0.0	0.0	3	1.0106513823833647	-15.067371867113732	230.0	33	1.05	0.95				
	312	1	0.0	0.0	0.0	0.0	3	1.0130997970018367	-14.439267993682892	230.0	33	1.05	0.95				
	313	2	121.51771592807017	24.76210060421053	0.0	0.0	3	1.0140373726353642	-11.359753959622479	230.0	34	1.05	0.95				
	314	2	88.96013920771931	17.88373932526316	0.0	0.0	3	1.0149340492608852	-13.009728014164734	230.0	36	1.05	0.95				
	315	2	145.3627016950877	29.34767479017544	0.0	0.0	3	1.0383916833795483	-8.253771244763431	230.0	36	1.05	0.95				
	316	2	45.85574185964912	9.171148371929826	0.0	0.0	3	1.038740806791235	-7.377975981053662	230.0	36	1.05	0.95				
	317	1	0.0	0.0	0.0	0.0	3	1.0441229275699844	-4.622602978207734	230.0	37	1.05	0.95				
	318	2	152.69962039263157	31.181904464561406	0.0	0.0	3	1.0411442695985496	-5.357769242098307	230.0	37	1.05	0.95				
	319	1	82.99889276596491	16.966624488070174	0.0	0.0	3	1.0364226569533905	-7.9987270856252755	230.0	35	1.05	0.95				
	320	1	58.69534958035088	11.922492883508774	0.0	0.0	3	1.0375792745681716	-7.66208676580446	230.0	35	1.05	0.95				
	321	2	0.0	0.0	0.0	0.0	3	1.0419331307450803	-5.7691886056819675	230.0	37	1.05	0.95				
	322	2	0.0	0.0	0.0	0.0	3	1.05	-0.9927837068981847	230.0	37	1.05	0.95				
	323	2	0.0	0.0	0.0	0.0	3	1.0389481552760174	-7.132785961415101	230.0	35	1.05	0.95				
	324	1	0.0	0.0	0.0	0.0	3	1.0193636128467514	-12.11797353466592	230.0	36	1.05	0.95				
	325	1	0.0	0.0	0.0	0.0	3	1.0331987545387125	-5.580974110423542	230.0	35	1.05	0.95				
];
