%% MATPOWER Case Format : Version 2
function mpc = RTS_GMLC
mpc.version = '2';

%%-----  Power Flow Data  -----%%
%% system MVA base
mpc.baseMVA = 100.0;
%% bus data
%    bus_i    type    Pd    Qd    Gs    Bs    area    Vm    Va    baseKV    zone    Vmax    Vmin
mpc.bus = [
	101	2	56.89905987789474	11.590549234385964	0.0	0.0	1	1.040132288207587	0.6417233417000462	138.0	11	1.05	0.95				
	102	2	51.10378526070175	10.536862940350877	0.0	0.0	1	1.0388528585486438	0.28357354336599117	138.0	12	1.05	0.95				
	103	1	94.83176646315789	19.493196439649125	0.0	0.0	1	1.0275749292261713	-1.1140679053837546	138.0	11	1.05	0.95				
	104	1	38.98639287929825	7.902647205263158	0.0	0.0	1	1.0243762006884691	-2.5262511386819964	138.0	11	1.05	0.95				
	105	1	37.40586343824561	7.375804058245615	0.0	0.0	1	1.0378056859679234	-2.7190169949032357	138.0	11	1.05	0.95				
	106	1	71.65066799438597	14.75160811649123	0.0	-100.0	1	1.0439607038765437	-5.17793236254819	138.0	12	1.05	0.95				
	107	2	65.85539337719298	13.171078675438597	0.0	0.0	1	1.0013301855183778	-10.243334336895924	138.0	12	1.05	0.95				
	108	1	90.09017814	18.439510145614037	0.0	0.0	1	1.0020027128904396	-9.244591060731892	138.0	12	1.05	0.95				
	109	1	92.19755072807018	18.96635329263158	0.0	0.0	1	1.0251335650413502	-3.4794226675436377	138.0	13	1.05	0.95				
	110	1	102.73441366842104	21.073725880701755	0.0	0.0	1	1.05	-4.493849287806164	138.0	13	1.05	0.95				
	111	1	0.0	0.0	0.0	0.0	1	1.0069161401396456	-1.2637796104008978	230.0	13	1.05	0.95				
	112	1	0.0	0.0	0.0	0.0	1	1.0106130074068136	-0.6936059939407959	230.0	13	1.05	0.95				
	113	3	139.61343395964911	28.44952993894737	0.0	0.0	1	1.0025457186674152	4.9332581142502725e-28	230.0	14	1.05	0.95				
	114	2	102.2075705214035	20.54688273368421	0.0	0.0	1	1.0053663285260337	0.46331848296721684	230.0	16	1.05	0.95				
	115	2	167.00927760456142	33.71796140912281	0.0	0.0	1	1.037130008112311	6.55504619703192	230.0	16	1.05	0.95				
	116	2	52.68431470175439	10.536862940350877	0.0	0.0	1	1.0334701250769063	6.049517626822564	230.0	16	1.05	0.95				
	117	1	0.0	0.0	0.0	0.0	1	1.0399869438611313	8.2033797139523	230.0	17	1.05	0.95				
	118	2	175.4387679568421	35.825333997192985	0.0	0.0	1	1.0419543023773603	8.354408757488093	230.0	17	1.05	0.95				
	119	1	95.35860961017544	19.493196439649125	0.0	0.0	1	1.0273354149262082	5.102599386674509	230.0	15	1.05	0.95				
	120	1	67.43592281824561	13.697921822456141	0.0	0.0	1	1.025876023659943	5.191354448384376	230.0	15	1.05	0.95				
	121	2	0.0	0.0	0.0	0.0	1	1.0453400194840936	9.610320972217766	230.0	17	1.05	0.95				
	122	2	0.0	0.0	0.0	0.0	1	1.05	15.765376544878675	230.0	17	1.05	0.95				
	123	2	0.0	0.0	0.0	0.0	1	1.0261138655214932	5.644455997402174	230.0	15	1.05	0.95				
	124	1	0.0	0.0	0.0	0.0	1	1.023700561880218	3.6845763391905	230.0	16	1.05	0.95				
	201	2	50.57453171368421	10.302219423157895	0.0	0.0	2	1.0256615064118022	-7.105355373665933	138.0	21	1.05	0.95				
	202	2	45.42342200210526	9.365654021052633	0.0	0.0	2	1.0265834230622222	-6.892884984433183	138.0	22	1.05	0.95				
	203	1	84.2908861894737	17.32645993894737	0.0	0.0	2	1.0183361120607584	-6.7113384869706705	138.0	21	1.05	0.95				
	204	1	34.65291987789474	7.024240515789473	0.0	0.0	2	1.017671316942686	-8.402453927144682	138.0	21	1.05	0.95				
	205	1	33.24807177473684	6.555957814736843	0.0	0.0	2	1.0321220664941233	-8.654735294612177	138.0	21	1.05	0.95				
	206	1	63.6864473431579	13.111915629473685	0.0	-100.0	2	1.0435217894784645	-9.936385879281884	138.0	22	1.05	0.95				
	207	2	58.53533763157894	11.70706752631579	0.0	0.0	2	0.9911153307627384	-16.695239877705212	138.0	22	1.05	0.95				
	208	1	80.07634188	16.389894536842103	0.0	0.0	2	0.996278294860289	-14.547633528262118	138.0	22	1.05	0.95				
	209	1	81.94947268421053	16.858177237894736	0.0	0.0	2	1.0238346278877815	-7.7166401453721365	138.0	23	1.05	0.95				
	210	1	91.31512670526317	18.731308042105265	0.0	0.0	2	1.05	-8.725728806917354	138.0	23	1.05	0.95				
	211	1	0.0	0.0	0.0	0.0	2	1.0065511039986565	-4.750349911312656	230.0	23	1.05	0.95				
	212	1	0.0	0.0	0.0	0.0	2	1.0098916640907956	-3.2369653497340054	230.0	23	1.05	0.95				
	213	2	124.09491577894735	25.287265856842104	0.0	0.0	2	1.0016184721490733	-3.3415374523647086	230.0	24	1.05	0.95				
	214	2	90.84684400421052	18.263025341052632	0.0	0.0	2	1.0081860780845455	-2.4061678976990186	230.0	26	1.05	0.95				
	215	2	148.4456162336842	29.970092867368418	0.0	0.0	2	1.0302824241641948	3.8566288665908206	230.0	26	1.05	0.95				
	216	2	46.82827010526316	9.365654021052633	0.0	0.0	2	1.0299165529369616	3.7278745669775724	230.0	26	1.05	0.95				
	217	1	0.0	0.0	0.0	0.0	2	1.035348457496117	5.953870992832222	230.0	27	1.05	0.95				
	218	2	155.93813945052634	31.84322367157895	0.0	0.0	2	1.0365717570771384	6.3251113430454575	230.0	27	1.05	0.95				
	219	1	84.75916889052631	17.32645993894737	0.0	0.0	2	1.0284048099598733	3.374449244069556	230.0	25	1.05	0.95				
	220	1	59.940185734736836	12.17535022736842	0.0	0.0	2	1.0304133964230417	3.9756262426655296	230.0	25	1.05	0.95				
	221	2	0.0	0.0	0.0	0.0	2	1.037044327155081	6.2638550396400765	230.0	27	1.05	0.95				
	222	2	0.0	0.0	0.0	0.0	2	1.05	12.641185504466941	230.0	27	1.05	0.95				
	223	2	0.0	0.0	0.0	0.0	2	1.0324012973655639	4.661106836876489	230.0	25	1.05	0.95				
	224	1	0.0	0.0	0.0	0.0	2	1.0127552221362386	-0.0959813952151073	230.0	26	1.05	0.95				
	301	2	56.01581776421053	11.410629544561404	0.0	0.0	3	1.0071510373193107	-13.82621882872435	138.0	31	1.05	0.95				
	302	2	50.31050299192983	10.373299585964912	0.0	0.0	3	1.006784822993616	-13.922742042887783	138.0	32	1.05	0.95				
	303	1	93.35969627368421	19.19060423403509	0.0	0.0	3	1.0182366516453298	-8.910950041939069	138.0	31	1.05	0.95				
	304	1	38.38120846807018	7.7799746894736845	0.0	0.0	3	1.0071898064315905	-12.265790737291736	138.0	31	1.05	0.95				
	305	1	36.82521353017544	7.26130971017544	0.0	0.0	3	1.0212851188479202	-12.59450203793781	138.0	31	1.05	0.95				
	306	1	70.5384371845614	14.52261942035088	0.0	-100.0	3	1.0373458221553937	-12.503607525429187	138.0	32	1.05	0.95				
	307	2	64.8331224122807	12.96662448245614	0.0	0.0	3	0.9952121114487582	-18.038260363716034	138.0	32	1.05	0.95				
	308	1	88.69171146	18.153274275438598	0.0	0.0	3	0.9985779128279638	-15.638072305236914	138.0	32	1.05	0.95				
	309	1	90.766371377193	18.67193925473684	0.0	0.0	3	1.024827195749105	-8.784676712790334	138.0	33	1.05	0.95				
	310	1	101.1396709631579	20.746599171929823	0.0	0.0	3	1.05	-9.699037110405467	138.0	33	1.05	0.95				
	311	1	0.0	0.0	0.0	0.0	3	1.0101084559587887	-3.594268226189547	230.0	33	1.05	0.95				
	312	1	0.0	0.0	0.0	0.0	3	1.0127561090903607	-3.078355119409981	230.0	33	1.05	0.95				
	313	2	137.44621951403508	28.007908882105266	0.0	0.0	3	1.0176743963206916	0.9729736252095148	230.0	34	1.05	0.95				
	314	2	100.62100598385966	20.22793419263158	0.0	0.0	3	1.013056524645219	-1.9084138498969774	230.0	36	1.05	0.95				
	315	2	164.41679843754386	33.19455867508772	0.0	0.0	3	1.0288929558029556	-1.1830255483317424	230.0	36	1.05	0.95				
	316	2	51.86649792982456	10.373299585964912	0.0	0.0	3	1.0289045045788896	0.014246473944284285	230.0	36	1.05	0.95				
	317	1	0.0	0.0	0.0	0.0	3	1.03261783377878	0.27702557090503227	230.0	37	1.05	0.95				
	318	2	172.7154381063158	35.2692185922807	0.0	0.0	3	1.0309827035782542	-0.16123390959147763	230.0	37	1.05	0.95				
	319	1	93.87836125298246	19.19060423403509	0.0	0.0	3	1.0269985039343856	0.584012513760342	230.0	35	1.05	0.95				
	320	1	66.38911735017544	13.485289461754387	0.0	0.0	3	1.026643708452528	0.959046518338429	230.0	35	1.05	0.95				
	321	2	0.0	0.0	0.0	0.0	3	1.0323608716055885	0.04000583100167755	230.0	37	1.05	0.95				
	322	2	0.0	0.0	0.0	0.0	3	1.0456766147390835	4.475930462607812	230.0	37	1.05	0.95				
	323	2	0.0	0.0	0.0	0.0	3	1.0268153174162669	1.2919303908432775	230.0	35	1.05	0.95				
	324	1	0.0	0.0	0.0	0.0	3	1.016974963919529	-2.730335800179851	230.0	36	1.05	0.95				
	325	1	0.0	0.0	0.0	0.0	3	1.0269497557168938	2.0033709707024028	230.0	35	1.05	0.95				
];
