%% MATPOWER Case Format : Version 2
function mpc = RTS_GMLC
mpc.version = '2';

%%-----  Power Flow Data  -----%%
%% system MVA base
mpc.baseMVA = 100.0;
%% bus data
%    bus_i    type    Pd    Qd    Gs    Bs    area    Vm    Va    baseKV    zone    Vmax    Vmin
mpc.bus = [
	101	2	65.08857001263159	13.258782780350877	0.0	0.0	1	1.05	2.0277487225565705	138.0	11	1.05	0.95				
	102	2	58.45917862245614	12.05343889122807	0.0	0.0	1	1.0492375266530707	1.6486069987776302	138.0	12	1.05	0.95				
	103	1	108.48095002105262	22.29886194877193	0.0	0.0	1	1.032987812441135	0.16411381912757986	138.0	11	1.05	0.95				
	104	1	44.59772389754386	9.040079168421052	0.0	0.0	1	1.0283225676215066	-1.9678865210440144	138.0	11	1.05	0.95				
	105	1	42.78970806385964	8.43740722385965	0.0	0.0	1	1.0409103711047039	-2.345805227320587	138.0	11	1.05	0.95				
	106	1	81.96338446035088	16.8748144477193	0.0	-100.0	1	1.0434677460911403	-5.43794882940557	138.0	12	1.05	0.95				
	107	2	75.33399307017544	15.066798614035088	0.0	0.0	1	0.9994934810467854	-12.537050027467975	138.0	12	1.05	0.95				
	108	1	103.05690252	21.09351805964912	0.0	0.0	1	0.9976508282994123	-10.9449713641702	138.0	12	1.05	0.95				
	109	1	105.46759029824561	21.696190004210525	0.0	0.0	1	1.0256450360022673	-3.6962679319409375	138.0	13	1.05	0.95				
	110	1	117.52102918947367	24.10687778245614	0.0	0.0	1	1.05	-4.969271595697004	138.0	13	1.05	0.95				
	111	1	0.0	0.0	0.0	0.0	1	1.0106898028981468	-1.403241163881131	230.0	13	1.05	0.95				
	112	1	0.0	0.0	0.0	0.0	1	1.0131556601517853	-1.354269404673444	230.0	13	1.05	0.95				
	113	3	159.70806530877192	32.544285006315796	0.0	0.0	1	1.0074394259727968	-1.0347082974628371e-30	230.0	14	1.05	0.95				
	114	2	116.91835724491229	23.504205837894737	0.0	0.0	1	1.0123341563842274	0.3754274699515026	230.0	16	1.05	0.95				
	115	2	191.0470064259649	38.571004451929824	0.0	0.0	1	1.0426166538048771	7.688608073832411	230.0	16	1.05	0.95				
	116	2	60.26719445614035	12.05343889122807	0.0	0.0	1	1.0385384382395897	6.512790250930508	230.0	16	1.05	0.95				
	117	1	0.0	0.0	0.0	0.0	1	1.04380391613207	10.637318046465996	230.0	17	1.05	0.95				
	118	2	200.6897575389474	40.98169223017544	0.0	0.0	1	1.0481293244299124	11.532289883002969	230.0	17	1.05	0.95				
	119	1	109.08362196561403	22.29886194877193	0.0	0.0	1	1.028870056032248	4.3977097938298275	230.0	15	1.05	0.95				
	120	1	77.14200890385965	15.66947055859649	0.0	0.0	1	1.0250445777132906	3.1531306313834886	230.0	15	1.05	0.95				
	121	2	0.0	0.0	0.0	0.0	1	1.05	13.231176221364795	230.0	17	1.05	0.95				
	122	2	0.0	0.0	0.0	0.0	1	1.05	20.565056435006493	230.0	17	1.05	0.95				
	123	2	0.0	0.0	0.0	0.0	1	1.024297596202979	2.9272102722957407	230.0	15	1.05	0.95				
	124	1	0.0	0.0	0.0	0.0	1	1.0292563243229604	4.872735725191529	230.0	16	1.05	0.95				
	201	2	55.82748308210527	11.372265072280701	0.0	0.0	2	1.0169763418119333	-11.600538205575626	138.0	21	1.05	0.95				
	202	2	50.14135054596491	10.338422792982456	0.0	0.0	2	1.0167677793372047	-11.681896193010969	138.0	22	1.05	0.95				
	203	1	93.0458051368421	19.126082167017543	0.0	0.0	2	1.0146780085277387	-9.460257481000424	138.0	21	1.05	0.95				
	204	1	38.252164334035086	7.753817094736841	0.0	0.0	2	1.0125504151460623	-11.424120612111535	138.0	21	1.05	0.95				
	205	1	36.70140091508772	7.2368959550877205	0.0	0.0	2	1.0269855255402351	-11.773955383466854	138.0	21	1.05	0.95				
	206	1	70.30127499228071	14.473791910175441	0.0	-100.0	2	1.0400432072893075	-12.423616736504464	138.0	22	1.05	0.95				
	207	2	64.61514245614035	12.92302849122807	0.0	0.0	2	0.994183046382739	-19.164048478397632	138.0	22	1.05	0.95				
	208	1	88.39351487999998	18.0922398877193	0.0	0.0	2	0.9961291030648344	-16.742007664833018	138.0	22	1.05	0.95				
	209	1	90.46119943859648	18.60916102736842	0.0	0.0	2	1.0248576335991513	-9.08580608717813	138.0	23	1.05	0.95				
	210	1	100.79962223157895	20.676845585964912	0.0	0.0	2	1.05	-10.291217832065719	138.0	23	1.05	0.95				
	211	1	0.0	0.0	0.0	0.0	2	1.0102489176494747	-5.883268568451492	230.0	23	1.05	0.95				
	212	1	0.0	0.0	0.0	0.0	2	1.014450401168179	-1.6884952801650845	230.0	23	1.05	0.95				
	213	2	136.98410200701753	27.913741541052634	0.0	0.0	2	1.0108090956119524	-3.2075655179835154	230.0	24	1.05	0.95				
	214	2	100.28270109192982	20.159924446315788	0.0	0.0	2	1.011575209105297	-4.346578598854619	230.0	26	1.05	0.95				
	215	2	163.86400126877191	33.08295293754386	0.0	0.0	2	1.028674491072525	0.9499354539190704	230.0	26	1.05	0.95				
	216	2	51.69211396491228	10.338422792982456	0.0	0.0	2	1.0287743618627967	1.0026139556197702	230.0	26	1.05	0.95				
	217	1	0.0	0.0	0.0	0.0	2	1.0321793203791436	1.90738851074285	230.0	27	1.05	0.95				
	218	2	172.1347395031579	35.150637496140355	0.0	0.0	2	1.0309307384830781	1.337203553290632	230.0	27	1.05	0.95				
	219	1	93.56272627649122	19.126082167017543	0.0	0.0	2	1.0287029221583446	1.8362539739656367	230.0	25	1.05	0.95				
	220	1	66.16590587508772	13.439949630877193	0.0	0.0	2	1.0329120470225908	3.5565718666710273	230.0	25	1.05	0.95				
	221	2	0.0	0.0	0.0	0.0	2	1.0330966444267573	2.0096190231334994	230.0	27	1.05	0.95				
	222	2	0.0	0.0	0.0	0.0	2	1.05	8.464770839401542	230.0	27	1.05	0.95				
	223	2	0.0	0.0	0.0	0.0	2	1.0368806882425046	4.884610721486288	230.0	25	1.05	0.95				
	224	1	0.0	0.0	0.0	0.0	2	1.010594612970977	-2.9353568421829364	230.0	26	1.05	0.95				
	301	2	70.58778866526318	14.378993987368421	0.0	0.0	3	0.9942361372305902	4.139200249676373	138.0	31	1.05	0.95				
	302	2	63.39829167157895	13.071812715789473	0.0	0.0	3	0.9964191281532006	4.0929559188924145	138.0	32	1.05	0.95				
	303	1	117.64631444210526	24.18285352421053	0.0	0.0	3	1.008050034670578	6.892328613716192	138.0	31	1.05	0.95				
	304	1	48.36570704842106	9.803859536842106	0.0	0.0	3	0.9958166357710699	6.554423845712075	138.0	31	1.05	0.95				
	305	1	46.40493514105263	9.150268901052632	0.0	0.0	3	1.007604665419612	6.552652888088781	138.0	31	1.05	0.95				
	306	1	88.88832646736844	18.300537802105264	0.0	-100.0	3	1.0240306127779868	7.164880922086217	138.0	32	1.05	0.95				
	307	2	81.69882947368421	16.339765894736843	0.0	0.0	3	0.9727935299742112	3.4489489352010088	138.0	32	1.05	0.95				
	308	1	111.76399872	22.875672252631578	0.0	0.0	3	0.9867685780614532	6.4371753801580525	138.0	32	1.05	0.95				
	309	1	114.3783612631579	23.529262888421055	0.0	0.0	3	1.0196540894300063	11.264563254458736	138.0	33	1.05	0.95				
	310	1	127.45017397894738	26.143625431578947	0.0	0.0	3	1.0422268319551868	11.08291023142386	138.0	33	1.05	0.95				
	311	1	0.0	0.0	0.0	0.0	3	1.0103761290288542	17.93138306787507	230.0	33	1.05	0.95				
	312	1	0.0	0.0	0.0	0.0	3	1.0169605436458935	19.61315085855682	230.0	33	1.05	0.95				
	313	2	173.20151848421054	35.29389433263159	0.0	0.0	3	1.043707987438149	27.93354487487744	230.0	34	1.05	0.95				
	314	2	126.7965833431579	25.49003479578948	0.0	0.0	3	1.01314724912769	15.667743254609269	230.0	36	1.05	0.95				
	315	2	207.18823154526316	41.82980069052632	0.0	0.0	3	1.0352995994041037	9.438782951777565	230.0	36	1.05	0.95				
	316	2	65.35906357894737	13.071812715789473	0.0	0.0	3	1.0366637159350973	10.961664874792607	230.0	36	1.05	0.95				
	317	1	0.0	0.0	0.0	0.0	3	1.039339592859342	9.940094495780524	230.0	37	1.05	0.95				
	318	2	217.64568171789475	44.44416323368422	0.0	0.0	3	1.037016219733906	8.685452479296314	230.0	37	1.05	0.95				
	319	1	118.29990507789473	24.18285352421053	0.0	0.0	3	1.0361247499066775	14.259068482982036	230.0	35	1.05	0.95				
	320	1	83.65960138105264	16.99335653052632	0.0	0.0	3	1.0397008784271822	16.814752095691105	230.0	35	1.05	0.95				
	321	2	0.0	0.0	0.0	0.0	3	1.0382211469979676	9.50622631407258	230.0	37	1.05	0.95				
	322	2	0.0	0.0	0.0	0.0	3	1.0499999983058108	13.989289579233935	230.0	37	1.05	0.95				
	323	2	0.0	0.0	0.0	0.0	3	1.0419195723462191	17.777607462169225	230.0	35	1.05	0.95				
	324	1	0.0	0.0	0.0	0.0	3	1.0221362766734126	10.526032972850164	230.0	36	1.05	0.95				
	325	1	0.0	0.0	0.0	0.0	3	1.0440066615332968	17.396357646957988	230.0	35	1.05	0.95				
];
