%% MATPOWER Case Format : Version 2
function mpc = RTS_GMLC
mpc.version = '2';

%%-----  Power Flow Data  -----%%
%% system MVA base
mpc.baseMVA = 100.0;
%% bus data
%    bus_i    type    Pd    Qd    Gs    Bs    area    Vm    Va    baseKV    zone    Vmax    Vmin
mpc.bus = [
	101	2	40.18604650105264	8.186046509473686	0.0	0.0	1	1.0428765848792854	5.415125243158534	138.0	11	1.05	0.95				
	102	2	36.093023246315795	7.441860463157895	0.0	0.0	1	1.0419083642010978	5.129048987008717	138.0	12	1.05	0.95				
	103	1	66.97674416842106	13.767441856842105	0.0	0.0	1	1.0307442272548073	2.465234140933658	138.0	11	1.05	0.95				
	104	1	27.53488371368421	5.581395347368422	0.0	0.0	1	1.0267596221861806	1.463312177597644	138.0	11	1.05	0.95				
	105	1	26.418604644210532	5.209302324210528	0.0	0.0	1	1.0406901556230586	1.5703968998790139	138.0	11	1.05	0.95				
	106	1	50.60465114947369	10.418604648421056	0.0	-100.0	1	1.0485188509832613	-1.0184977732664735	138.0	12	1.05	0.95				
	107	2	46.51162789473685	9.30232557894737	0.0	0.0	1	1.0007948136277995	-7.629754653986279	138.0	12	1.05	0.95				
	108	1	63.627906960000004	13.023255810526315	0.0	0.0	1	1.0058220292144582	-5.916273481966735	138.0	12	1.05	0.95				
	109	1	65.11627905263158	13.395348833684212	0.0	0.0	1	1.024044001506304	-0.5558354669247666	138.0	13	1.05	0.95				
	110	1	72.55813951578948	14.88372092631579	0.0	0.0	1	1.05	-1.1967159691900517	138.0	13	1.05	0.95				
	111	1	0.0	0.0	0.0	0.0	1	1.0008341222848667	0.5401072115543397	230.0	13	1.05	0.95				
	112	1	0.0	0.0	0.0	0.0	1	1.0063353559651422	0.4663546167183522	230.0	13	1.05	0.95				
	113	3	98.60465113684211	20.09302325052632	0.0	0.0	1	0.9902299441435912	2.1743686251442467e-31	230.0	14	1.05	0.95				
	114	2	72.18604649263159	14.511627903157898	0.0	0.0	1	0.9959468314734969	2.564617980928839	230.0	16	1.05	0.95				
	115	2	117.95348834105263	23.813953482105266	0.0	0.0	1	1.0319367042704497	8.097167019647896	230.0	16	1.05	0.95				
	116	2	37.20930231578948	7.441860463157895	0.0	0.0	1	1.028073732421744	7.547358953229242	230.0	16	1.05	0.95				
	117	1	0.0	0.0	0.0	0.0	1	1.0363025049903185	10.015240521784584	230.0	17	1.05	0.95				
	118	2	123.90697671157895	25.302325574736845	0.0	0.0	1	1.0388674861071272	10.353090848897766	230.0	17	1.05	0.95				
	119	1	67.34883719157895	13.767441856842105	0.0	0.0	1	1.0204987754510428	5.817406041977993	230.0	15	1.05	0.95				
	120	1	47.62790696421053	9.674418602105264	0.0	0.0	1	1.0164893620917066	4.919795901943503	230.0	15	1.05	0.95				
	121	2	0.0	0.0	0.0	0.0	1	1.0419349931208106	11.437470960472714	230.0	17	1.05	0.95				
	122	2	0.0	0.0	0.0	0.0	1	1.05	17.38267208594825	230.0	17	1.05	0.95				
	123	2	0.0	0.0	0.0	0.0	1	1.0145653385754883	4.718011578306911	230.0	15	1.05	0.95				
	124	1	0.0	0.0	0.0	0.0	1	1.023642353336879	5.972364995649872	230.0	16	1.05	0.95				
	201	2	43.46859751578948	8.85471430877193	0.0	0.0	2	1.0222911660155662	-10.02083171310634	138.0	21	1.05	0.95				
	202	2	39.04124036140351	8.049740280701755	0.0	0.0	2	1.0225374722535785	-10.017093006821847	138.0	22	1.05	0.95				
	203	1	72.4476625263158	14.892019519298247	0.0	0.0	2	1.0157750731771338	-7.995110432090371	138.0	21	1.05	0.95				
	204	1	29.784039038596493	6.037305210526315	0.0	0.0	2	1.0163410495486258	-10.941254015768944	138.0	21	1.05	0.95				
	205	1	28.576577996491224	5.634818196491229	0.0	0.0	2	1.0313599695794837	-11.271966522851368	138.0	21	1.05	0.95				
	206	1	54.73823390877194	11.269636392982457	0.0	-100.0	2	1.0445453109821867	-12.391197727909905	138.0	22	1.05	0.95				
	207	2	50.31087675438597	10.062175350877194	0.0	0.0	2	0.9952084649824642	-17.839084298839534	138.0	22	1.05	0.95				
	208	1	68.8252794	14.08704549122807	0.0	0.0	2	1.0010519597900096	-16.0326168464722	138.0	22	1.05	0.95				
	209	1	70.43522745614035	14.489532505263158	0.0	0.0	2	1.022321092046347	-10.032268068843564	138.0	23	1.05	0.95				
	210	1	78.48496773684211	16.09948056140351	0.0	0.0	2	1.05	-11.242653855922363	138.0	23	1.05	0.95				
	211	1	0.0	0.0	0.0	0.0	2	1.0040702774782515	-7.424568241071206	230.0	23	1.05	0.95				
	212	1	0.0	0.0	0.0	0.0	2	1.00643407150777	-6.685998992974197	230.0	23	1.05	0.95				
	213	2	106.65905871929824	21.73429875789474	0.0	0.0	2	0.9984831106062416	-6.224720970300795	230.0	24	1.05	0.95				
	214	2	78.08248072280702	15.696993547368423	0.0	0.0	2	1.0037202202914146	-5.134226040812453	230.0	26	1.05	0.95				
	215	2	127.58838344912282	25.759168898245616	0.0	0.0	2	1.0183781464981625	0.7996118811843235	230.0	26	1.05	0.95				
	216	2	40.248701403508775	8.049740280701755	0.0	0.0	2	1.01951688132378	0.5721503914449234	230.0	26	1.05	0.95				
	217	1	0.0	0.0	0.0	0.0	2	1.024037152856571	2.1812469078833177	230.0	27	1.05	0.95				
	218	2	134.02817567368422	27.36911695438597	0.0	0.0	2	1.0234186617751502	1.7019815219275352	230.0	27	1.05	0.95				
	219	1	72.85014954035088	14.892019519298247	0.0	0.0	2	1.0195301237895609	0.38209302857468463	230.0	25	1.05	0.95				
	220	1	51.51833779649123	10.464662364912282	0.0	0.0	2	1.0221399807158122	1.0133462557101003	230.0	25	1.05	0.95				
	221	2	0.0	0.0	0.0	0.0	2	1.0253485657093353	2.208155236520901	230.0	27	1.05	0.95				
	222	2	0.0	0.0	0.0	0.0	2	1.047297213840967	8.721724911048973	230.0	27	1.05	0.95				
	223	2	0.0	0.0	0.0	0.0	2	1.0241799121335755	1.6711671924361398	230.0	25	1.05	0.95				
	224	1	0.0	0.0	0.0	0.0	2	1.0065495420213308	-2.5189709246215117	230.0	26	1.05	0.95				
	301	2	50.42961087157896	10.272698510877193	0.0	0.0	3	1.006266206065909	-10.216511992832565	138.0	31	1.05	0.95				
	302	2	45.29326161614035	9.338816828070176	0.0	0.0	3	1.0060017689103413	-10.288868820684765	138.0	32	1.05	0.95				
	303	1	84.04935145263158	17.276811131929826	0.0	0.0	3	1.0167568074488174	-6.284671245425766	138.0	31	1.05	0.95				
	304	1	34.55362226385965	7.004112621052632	0.0	0.0	3	1.007912745111592	-8.7729018050808	138.0	31	1.05	0.95				
	305	1	33.15279973964912	6.537171779649123	0.0	0.0	3	1.021663570628495	-9.04813389819192	138.0	31	1.05	0.95				
	306	1	63.503954430877194	13.074343559298246	0.0	-100.0	3	1.0387147477600354	-8.946011005322468	138.0	32	1.05	0.95				
	307	2	58.3676051754386	11.67352103508772	0.0	0.0	3	0.9965155371927484	-13.472374415099354	138.0	32	1.05	0.95				
	308	1	79.84688388	16.342929449122806	0.0	0.0	3	1.00220906327513	-11.363979233516245	138.0	32	1.05	0.95				
	309	1	81.71464724561403	16.809870290526316	0.0	0.0	3	1.024549409684529	-5.61643753996381	138.0	33	1.05	0.95				
	310	1	91.05346407368421	18.67763365614035	0.0	0.0	3	1.05	-6.381357346093453	138.0	33	1.05	0.95				
	311	1	0.0	0.0	0.0	0.0	3	1.00678236692432	-0.9807865518619371	230.0	33	1.05	0.95				
	312	1	0.0	0.0	0.0	0.0	3	1.0110990736805223	-0.14354016195940733	230.0	33	1.05	0.95				
	313	2	123.73932297192982	25.21480543578948	0.0	0.0	3	1.0143665596895801	4.1400726019849134	230.0	34	1.05	0.95				
	314	2	90.5865232322807	18.21069281473684	0.0	0.0	3	1.0047988069931775	-0.36832614581204504	230.0	36	1.05	0.95				
	315	2	148.02024672491228	29.884213849824565	0.0	0.0	3	1.0200521619541403	-0.6072674713844902	230.0	36	1.05	0.95				
	316	2	46.69408414035088	9.338816828070176	0.0	0.0	3	1.0200784827996583	0.43413457016236234	230.0	36	1.05	0.95				
	317	1	0.0	0.0	0.0	0.0	3	1.0241843265116175	0.6614597624693765	230.0	37	1.05	0.95				
	318	2	155.49130018736844	31.751977215438597	0.0	0.0	3	1.0224285376754947	0.05380352396536178	230.0	37	1.05	0.95				
	319	1	84.51629229403508	17.276811131929826	0.0	0.0	3	1.0193076143411635	1.3958936443885352	230.0	35	1.05	0.95				
	320	1	59.76842769964913	12.14046187649123	0.0	0.0	3	1.0204811357412953	2.4190066674305246	230.0	35	1.05	0.95				
	321	2	0.0	0.0	0.0	0.0	3	1.0237095602202897	0.3908595711854863	230.0	37	1.05	0.95				
	322	2	0.0	0.0	0.0	0.0	3	1.0373073667083341	4.9107749185221135	230.0	37	1.05	0.95				
	323	2	0.0	0.0	0.0	0.0	3	1.021455310552449	3.064553626384663	230.0	35	1.05	0.95				
	324	1	0.0	0.0	0.0	0.0	3	1.012642171470596	-1.6219802505416108	230.0	36	1.05	0.95				
	325	1	0.0	0.0	0.0	0.0	3	1.0217367128947095	3.782908944891056	230.0	35	1.05	0.95				
];
