%% MATPOWER Case Format : Version 2
function mpc = RTS_GMLC
mpc.version = '2';

%%-----  Power Flow Data  -----%%
%% system MVA base
mpc.baseMVA = 100.0;
%% bus data
%    bus_i    type    Pd    Qd    Gs    Bs    area    Vm    Va    baseKV    zone    Vmax    Vmin
mpc.bus = [
	101	2	66.4646214694737	13.539089558596492	0.0	0.0	1	1.0452358226595515	1.3881957494812873	138.0	11	1.05	0.95				
	102	2	59.69507669017544	12.30826323508772	0.0	0.0	1	1.0446223574776954	1.1752801156255124	138.0	12	1.05	0.95				
	103	1	110.77436911578948	22.770286984912282	0.0	0.0	1	1.0276073451658585	-0.8097933349786185	138.0	11	1.05	0.95				
	104	1	45.540573969824564	9.23119742631579	0.0	0.0	1	1.024985514554017	-2.3369637075055163	138.0	11	1.05	0.95				
	105	1	43.6943344845614	8.615784264561405	0.0	0.0	1	1.0388288909611265	-2.493571398244946	138.0	11	1.05	0.95				
	106	1	83.69618999859651	17.23156852912281	0.0	-100.0	1	1.042376156833993	-5.278806881313073	138.0	12	1.05	0.95				
	107	2	76.92664521929825	15.385329043859649	0.0	0.0	1	1.007406798509342	-9.395275693410646	138.0	12	1.05	0.95				
	108	1	105.23565066	21.53946066140351	0.0	0.0	1	1.0033592381926184	-9.051716704765784	138.0	12	1.05	0.95				
	109	1	107.69730330701755	22.154873823157896	0.0	0.0	1	1.0255903640348962	-3.457109840194808	138.0	13	1.05	0.95				
	110	1	120.00556654210526	24.61652647017544	0.0	0.0	1	1.05	-4.547115646964653	138.0	13	1.05	0.95				
	111	1	0.0	0.0	0.0	0.0	1	1.010025827878004	-1.0939566397778	230.0	13	1.05	0.95				
	112	1	0.0	0.0	0.0	0.0	1	1.0131072714328995	-0.5086592983698328	230.0	13	1.05	0.95				
	113	3	163.08448786491226	33.23231073473685	0.0	0.0	1	1.006894486175544	-2.903818218124766e-29	230.0	14	1.05	0.95				
	114	2	119.39015338035088	24.001113308421054	0.0	0.0	1	1.0108692047176464	0.9376947656795093	230.0	16	1.05	0.95				
	115	2	195.08597227614035	39.3864423522807	0.0	0.0	1	1.0426450369074045	7.98127001266597	230.0	16	1.05	0.95				
	116	2	61.541316175438595	12.30826323508772	0.0	0.0	1	1.039651971959382	7.483488579500152	230.0	16	1.05	0.95				
	117	1	0.0	0.0	0.0	0.0	1	1.0440864317889718	10.16450802574405	230.0	17	1.05	0.95				
	118	2	204.93258286421053	41.848094999298254	0.0	0.0	1	1.0468322253452775	10.234321583756559	230.0	17	1.05	0.95				
	119	1	111.38978227754386	22.770286984912282	0.0	0.0	1	1.0329291669783045	6.204044929188849	230.0	15	1.05	0.95				
	120	1	78.7728847045614	16.000742205614035	0.0	0.0	1	1.0320363669211732	6.1453598001783005	230.0	15	1.05	0.95				
	121	2	0.0	0.0	0.0	0.0	1	1.05	11.58162113242675	230.0	17	1.05	0.95				
	122	2	0.0	0.0	0.0	0.0	1	1.05	20.527876981012074	230.0	17	1.05	0.95				
	123	2	0.0	0.0	0.0	0.0	1	1.0329536721284536	6.577235200117019	230.0	15	1.05	0.95				
	124	1	0.0	0.0	0.0	0.0	1	1.0259007852324653	4.706786880078927	230.0	16	1.05	0.95				
	201	2	65.17739648842105	13.27687706245614	0.0	0.0	2	1.0306351965360339	-8.442502823982041	138.0	21	1.05	0.95				
	202	2	58.538957957192984	12.069888238596493	0.0	0.0	2	1.0310769443205445	-8.407461822470083	138.0	22	1.05	0.95				
	203	1	108.62899414736842	22.32929324140351	0.0	0.0	2	1.0184507202325896	-7.877160932695316	138.0	21	1.05	0.95				
	204	1	44.65858648280702	9.052416178947368	0.0	0.0	2	1.0174555437558848	-10.145671823671622	138.0	21	1.05	0.95				
	205	1	42.84810324701754	8.448921767017545	0.0	0.0	2	1.0327262724541102	-10.339393888073452	138.0	21	1.05	0.95				
	206	1	82.07524002245614	16.89784353403509	0.0	-100.0	2	1.040631777536577	-11.959378754112326	138.0	22	1.05	0.95				
	207	2	75.43680149122807	15.087360298245613	0.0	0.0	2	0.9902717517831365	-20.97701457255849	138.0	22	1.05	0.95				
	208	1	103.19754444	21.12230441754386	0.0	0.0	2	0.9897554823331134	-18.073565065063885	138.0	22	1.05	0.95				
	209	1	105.6115220877193	21.725798829473682	0.0	0.0	2	1.0246860010635883	-9.112006857240186	138.0	23	1.05	0.95				
	210	1	117.68141032631578	24.139776477192985	0.0	0.0	2	1.05	-10.348092150435544	138.0	23	1.05	0.95				
	211	1	0.0	0.0	0.0	0.0	2	1.013110031752054	-5.920726384019013	230.0	23	1.05	0.95				
	212	1	0.0	0.0	0.0	0.0	2	1.0162783915864737	-2.566537273806859	230.0	23	1.05	0.95				
	213	2	159.9260191614035	32.588698244210526	0.0	0.0	2	1.0125014513589214	-4.043788171827316	230.0	24	1.05	0.95				
	214	2	117.07791591438597	23.53628206526316	0.0	0.0	2	1.018242890266198	-3.7151791977719713	230.0	26	1.05	0.95				
	215	2	191.3077285817544	38.62364236350877	0.0	0.0	2	1.0352427007831018	3.1205143789003493	230.0	26	1.05	0.95				
	216	2	60.349441192982454	12.069888238596493	0.0	0.0	2	1.03614231648875	3.091178723552956	230.0	26	1.05	0.95				
	217	1	0.0	0.0	0.0	0.0	2	1.0405286572823036	5.750829746038401	230.0	27	1.05	0.95				
	218	2	200.9636391726316	41.03762001122807	0.0	0.0	2	1.041818258771622	6.159763953634801	230.0	27	1.05	0.95				
	219	1	109.23248855929826	22.32929324140351	0.0	0.0	2	1.0339927756684224	2.5634848191207427	230.0	25	1.05	0.95				
	220	1	77.24728472701754	15.69085471017544	0.0	0.0	2	1.037020551636006	3.257682260371335	230.0	25	1.05	0.95				
	221	2	0.0	0.0	0.0	0.0	2	1.0416964899632604	5.904395100086866	230.0	27	1.05	0.95				
	222	2	0.0	0.0	0.0	0.0	2	1.05	12.34808972488603	230.0	27	1.05	0.95				
	223	2	0.0	0.0	0.0	0.0	2	1.04022609259923	4.086571721832019	230.0	25	1.05	0.95				
	224	1	0.0	0.0	0.0	0.0	2	1.015305721384268	-0.9742875852677803	230.0	26	1.05	0.95				
	301	2	63.959506484210536	13.028788357894738	0.0	0.0	3	1.0056526894630338	-14.422667936506418	138.0	31	1.05	0.95				
	302	2	57.44511230526316	11.84435305263158	0.0	0.0	3	1.0053040455633397	-14.523424923221915	138.0	32	1.05	0.95				
	303	1	106.59917747368422	21.912053147368425	0.0	0.0	3	1.0178513032068757	-9.117262233129102	138.0	31	1.05	0.95				
	304	1	43.82410629473685	8.883264789473683	0.0	0.0	3	1.0051443887133258	-12.578055595635893	138.0	31	1.05	0.95				
	305	1	42.0474533368421	8.291047136842106	0.0	0.0	3	1.019165854071664	-12.905220935452883	138.0	31	1.05	0.95				
	306	1	80.54160075789476	16.582094273684213	0.0	-100.0	3	1.0346598339901167	-12.721730378080386	138.0	32	1.05	0.95				
	307	2	74.02720657894737	14.805441315789475	0.0	0.0	3	0.994710995433865	-18.720086918962064	138.0	32	1.05	0.95				
	308	1	101.2692186	20.727617842105264	0.0	0.0	3	0.9968014286268175	-15.943972389693942	138.0	32	1.05	0.95				
	309	1	103.63808921052633	21.319835494736843	0.0	0.0	3	1.0257169591186066	-8.567234268357922	138.0	33	1.05	0.95				
	310	1	115.48244226315789	23.68870610526316	0.0	0.0	3	1.05	-9.490582713411538	138.0	33	1.05	0.95				
	311	1	0.0	0.0	0.0	0.0	3	1.0147000684507217	-2.7095867439167867	230.0	33	1.05	0.95				
	312	1	0.0	0.0	0.0	0.0	3	1.0169354258667733	-1.936746432065898	230.0	33	1.05	0.95				
	313	2	156.93767794736843	31.979753242105268	0.0	0.0	3	1.028543160548962	2.818638593122709	230.0	34	1.05	0.95				
	314	2	114.89022461052632	23.09648845263158	0.0	0.0	3	1.020016307703144	-1.2832993880278747	230.0	36	1.05	0.95				
	315	2	187.73299588421054	37.901929768421056	0.0	0.0	3	1.0349451106645078	-1.0687605323355875	230.0	36	1.05	0.95				
	316	2	59.2217652631579	11.84435305263158	0.0	0.0	3	1.0353346508462393	0.2709900119929462	230.0	36	1.05	0.95				
	317	1	0.0	0.0	0.0	0.0	3	1.0391666594368736	0.6707150794879168	230.0	37	1.05	0.95				
	318	2	197.2084783263158	40.27080037894738	0.0	0.0	3	1.0370131737196957	-0.02683993609685885	230.0	37	1.05	0.95				
	319	1	107.1913951263158	21.912053147368425	0.0	0.0	3	1.033540416471326	1.1263717595594591	230.0	35	1.05	0.95				
	320	1	75.80385953684211	15.397658968421055	0.0	0.0	3	1.0342317580580305	1.9041942993964702	230.0	35	1.05	0.95				
	321	2	0.0	0.0	0.0	0.0	3	1.0381985571931416	0.17523972194493334	230.0	37	1.05	0.95				
	322	2	0.0	0.0	0.0	0.0	3	1.0499999981966277	4.682249998178377	230.0	37	1.05	0.95				
	323	2	0.0	0.0	0.0	0.0	3	1.0351560535167945	2.4092759948128335	230.0	35	1.05	0.95				
	324	1	0.0	0.0	0.0	0.0	3	1.0205025812282873	-2.480764644065348	230.0	36	1.05	0.95				
	325	1	0.0	0.0	0.0	0.0	3	1.0346478029827886	3.1872095471704576	230.0	35	1.05	0.95				
];
