%% MATPOWER Case Format : Version 2
function mpc = RTS_GMLC
mpc.version = '2';

%%-----  Power Flow Data  -----%%
%% system MVA base
mpc.baseMVA = 100.0;
%% bus data
%    bus_i    type    Pd    Qd    Gs    Bs    area    Vm    Va    baseKV    zone    Vmax    Vmin
mpc.bus = [
	101	2	68.50865906526316	13.955467587368423	0.0	0.0	1	1.0362025266410824	1.6623822549334473	138.0	11	1.05	0.95				
	102	2	61.53092527157895	12.686788715789474	0.0	0.0	1	1.0361403389911175	1.5905231179868593	138.0	12	1.05	0.95				
	103	1	114.18109844210527	23.470559124210528	0.0	0.0	1	1.0243171371841058	0.12837835657306335	138.0	11	1.05	0.95				
	104	1	46.941118248421056	9.515091536842107	0.0	0.0	1	1.0197943693226597	-1.7874081304082259	138.0	11	1.05	0.95				
	105	1	45.038099941052636	8.880752101052632	0.0	0.0	1	1.0343441513722866	-1.7829422342509202	138.0	11	1.05	0.95				
	106	1	86.27016326736843	17.761504202105264	0.0	-100.0	1	1.040075101505688	-4.2986526559594065	138.0	12	1.05	0.95				
	107	2	79.29242947368421	15.858485894736843	0.0	0.0	1	1.040742395720759	-1.4546132811930437	138.0	12	1.05	0.95				
	108	1	108.47204352	22.20188025263158	0.0	0.0	1	1.023458740632407	-3.964543369283011	138.0	12	1.05	0.95				
	109	1	111.0094012631579	22.836219688421053	0.0	0.0	1	1.0259924391445914	-2.164162908544994	138.0	13	1.05	0.95				
	110	1	123.69618997894737	25.373577431578948	0.0	0.0	1	1.05	-3.2895789746244795	138.0	13	1.05	0.95				
	111	1	0.0	0.0	0.0	0.0	1	1.009590396304829	-0.21793712724169073	230.0	13	1.05	0.95				
	112	1	0.0	0.0	0.0	0.0	1	1.0131532423393506	0.29280505712207855	230.0	13	1.05	0.95				
	113	3	168.09995048421052	34.25432953263158	0.0	0.0	1	1.0048874044555198	1.3196159586469406e-28	230.0	14	1.05	0.95				
	114	2	123.0618505431579	24.739237995789477	0.0	0.0	1	1.0101924145086187	2.183830196498645	230.0	16	1.05	0.95				
	115	2	201.08560114526318	40.59772389052632	0.0	0.0	1	1.0436893562479028	9.984343641615329	230.0	16	1.05	0.95				
	116	2	63.43394357894737	12.686788715789474	0.0	0.0	1	1.0410584680995854	9.342428929316563	230.0	16	1.05	0.95				
	117	1	0.0	0.0	0.0	0.0	1	1.0445471699622388	12.49230305018824	230.0	17	1.05	0.95				
	118	2	211.23503211789478	43.135081633684216	0.0	0.0	1	1.0479271210792909	12.60494290294247	230.0	17	1.05	0.95				
	119	1	114.81543787789474	23.470559124210528	0.0	0.0	1	1.0340949763372933	7.722481153573678	230.0	15	1.05	0.95				
	120	1	81.19544778105264	16.492825330526315	0.0	0.0	1	1.0336383139987895	7.516993034323429	230.0	15	1.05	0.95				
	121	2	0.0	0.0	0.0	0.0	1	1.05	13.65405121927697	230.0	17	1.05	0.95				
	122	2	0.0	0.0	0.0	0.0	1	1.05	24.458254373869224	230.0	17	1.05	0.95				
	123	2	0.0	0.0	0.0	0.0	1	1.0348551739938465	7.88028639926172	230.0	15	1.05	0.95				
	124	1	0.0	0.0	0.0	0.0	1	1.0240837901772075	6.326254989145722	230.0	16	1.05	0.95				
	201	2	63.783409414736845	12.99291673263158	0.0	0.0	2	1.0324121188237732	-8.488197579843376	138.0	21	1.05	0.95				
	202	2	57.28695104842105	11.811742484210527	0.0	0.0	2	1.032516799690762	-8.574345948479651	138.0	22	1.05	0.95				
	203	1	106.30568235789472	21.851723595789473	0.0	0.0	2	1.026286757376788	-6.164843252095605	138.0	21	1.05	0.95				
	204	1	43.703447191578945	8.858806863157893	0.0	0.0	2	1.0181433754459082	-10.821406809941193	138.0	21	1.05	0.95				
	205	1	41.931685818947365	8.26821973894737	0.0	0.0	2	1.033504303771624	-11.1345864305034	138.0	21	1.05	0.95				
	206	1	80.31984889263158	16.53643947789474	0.0	-100.0	2	1.0410015816429712	-13.18058636193663	138.0	22	1.05	0.95				
	207	2	73.82339052631579	14.764678105263156	0.0	0.0	2	0.987110756632516	-22.074533038932646	138.0	22	1.05	0.95				
	208	1	100.99039824	20.670549347368418	0.0	0.0	2	0.9884680766970944	-19.24948933129755	138.0	22	1.05	0.95				
	209	1	103.3527467368421	21.261136471578943	0.0	0.0	2	1.024435722111863	-10.262543331312001	138.0	23	1.05	0.95				
	210	1	115.16448922105262	23.623484968421053	0.0	0.0	2	1.05	-11.951177266952856	138.0	23	1.05	0.95				
	211	1	0.0	0.0	0.0	0.0	2	1.0149588559765887	-7.103917374745527	230.0	23	1.05	0.95				
	212	1	0.0	0.0	0.0	0.0	2	1.015007383460481	-6.208209476168531	230.0	23	1.05	0.95				
	213	2	156.50558791578945	31.891704707368422	0.0	0.0	2	1.0144583751575604	-5.873768285468488	230.0	24	1.05	0.95				
	214	2	114.5739020968421	23.032897844210527	0.0	0.0	2	1.0228488289468831	-4.16629319960595	230.0	26	1.05	0.95				
	215	2	187.21611837473682	37.79757594947368	0.0	0.0	2	1.0385520481463937	3.677489861734665	230.0	26	1.05	0.95				
	216	2	59.058712421052626	11.811742484210527	0.0	0.0	2	1.0409398791817688	3.5590685477273714	230.0	26	1.05	0.95				
	217	1	0.0	0.0	0.0	0.0	2	1.0439506032066956	6.606859746839345	230.0	27	1.05	0.95				
	218	2	196.66551236210526	40.15992444631579	0.0	0.0	2	1.0455948082973954	7.129492784822369	230.0	27	1.05	0.95				
	219	1	106.89626948210527	21.851723595789473	0.0	0.0	2	1.0405265952470981	2.9278207965066154	230.0	25	1.05	0.95				
	220	1	75.59515189894736	15.355265229473684	0.0	0.0	2	1.0448580793836375	3.4945156701187154	230.0	25	1.05	0.95				
	221	2	0.0	0.0	0.0	0.0	2	1.0454484590928734	6.956402097382197	230.0	27	1.05	0.95				
	222	2	0.0	0.0	0.0	0.0	2	1.05	13.32680789958112	230.0	27	1.05	0.95				
	223	2	0.0	0.0	0.0	0.0	2	1.048642198040123	4.23659785162347	230.0	25	1.05	0.95				
	224	1	0.0	0.0	0.0	0.0	2	1.0216820707003949	-0.0016439508168359475	230.0	26	1.05	0.95				
	301	2	58.09996837894737	11.83517874385965	0.0	0.0	3	1.0076409296373872	-18.002574906890263	138.0	31	1.05	0.95				
	302	2	52.182379007017545	10.759253403508772	0.0	0.0	3	1.0070768806795227	-18.140988858966434	138.0	32	1.05	0.95				
	303	1	96.83328063157896	19.90461879649123	0.0	0.0	3	1.022964021033174	-11.455329055083142	138.0	31	1.05	0.95				
	304	1	39.80923759298246	8.06944005263158	0.0	0.0	3	1.0073858883760485	-16.45126217673049	138.0	31	1.05	0.95				
	305	1	38.19534958245614	7.531477382456142	0.0	0.0	3	1.0214260681973197	-17.06415406045076	138.0	31	1.05	0.95				
	306	1	73.16292314385966	15.062954764912284	0.0	-100.0	3	1.0369127668021128	-17.153672649024685	138.0	32	1.05	0.95				
	307	2	67.24533377192982	13.449066754385965	0.0	0.0	3	0.9922712713243232	-23.513835818172158	138.0	32	1.05	0.95				
	308	1	91.9916166	18.828693456140353	0.0	0.0	3	0.9942640563128976	-20.982349994575237	138.0	32	1.05	0.95				
	309	1	94.14346728070177	19.36665612631579	0.0	0.0	3	1.02574937663341	-12.868743430284074	138.0	33	1.05	0.95				
	310	1	104.90272068421054	21.518506807017545	0.0	0.0	3	1.05	-14.39895897523161	138.0	33	1.05	0.95				
	311	1	0.0	0.0	0.0	0.0	3	1.0141482422807457	-7.689839594570426	230.0	33	1.05	0.95				
	312	1	0.0	0.0	0.0	0.0	3	1.0147733994448676	-7.324087891045955	230.0	33	1.05	0.95				
	313	2	142.56010759649124	29.049984189473687	0.0	0.0	3	1.0192010790687378	-4.1261774370131015	230.0	34	1.05	0.95				
	314	2	104.36475801403509	20.98054413684211	0.0	0.0	3	1.0235940458607833	-4.875910389744536	230.0	36	1.05	0.95				
	315	2	170.53416644561406	34.42961089122807	0.0	0.0	3	1.0453218822723056	-0.18725108744208702	230.0	36	1.05	0.95				
	316	2	53.79626701754386	10.759253403508772	0.0	0.0	3	1.0442358076946128	0.42239686113998554	230.0	36	1.05	0.95				
	317	1	0.0	0.0	0.0	0.0	3	1.0486285327838387	2.475073725952977	230.0	37	1.05	0.95				
	318	2	179.14156916842109	36.58146157192983	0.0	0.0	3	1.0478222061869036	2.2045358572475693	230.0	37	1.05	0.95				
	319	1	97.37124330175439	19.90461879649123	0.0	0.0	3	1.0392061555866636	-0.529967794452104	230.0	35	1.05	0.95				
	320	1	68.85922178245615	13.987029424561406	0.0	0.0	3	1.0380875727306331	-0.7376342783799965	230.0	35	1.05	0.95				
	321	2	0.0	0.0	0.0	0.0	3	1.0499504573485647	2.9125904557907476	230.0	37	1.05	0.95				
	322	2	0.0	0.0	0.0	0.0	3	1.05	7.0865476234738365	230.0	37	1.05	0.95				
	323	2	0.0	0.0	0.0	0.0	3	1.038294737948944	-0.5175698066819733	230.0	35	1.05	0.95				
	324	1	0.0	0.0	0.0	0.0	3	1.0235908171478951	-3.874037008949901	230.0	36	1.05	0.95				
	325	1	0.0	0.0	0.0	0.0	3	1.0352444631400957	0.6650809998718589	230.0	35	1.05	0.95				
];
