%% MATPOWER Case Format : Version 2
function mpc = RTS_GMLC
mpc.version = '2';

%%-----  Power Flow Data  -----%%
%% system MVA base
mpc.baseMVA = 100.0;
%% bus data
%    bus_i    type    Pd    Qd    Gs    Bs    area    Vm    Va    baseKV    zone    Vmax    Vmin
mpc.bus = [
	101	2	38.97031172210526	7.938396832280701	0.0	0.0	1	1.0342543458183497	3.0351678509989486	138.0	11	1.05	0.95				
	102	2	35.00111330596491	7.216724392982456	0.0	0.0	1	1.033378702751203	2.793496957823579	138.0	12	1.05	0.95				
	103	1	64.9505195368421	13.350940127017541	0.0	0.0	1	1.0285160611670978	0.8211313277715379	138.0	11	1.05	0.95				
	104	1	26.701880254035082	5.4125432947368415	0.0	0.0	1	1.0225114869217202	-0.27135723327232397	138.0	11	1.05	0.95				
	105	1	25.619371595087713	5.0517070750877195	0.0	0.0	1	1.0371894153209325	0.014461715562202725	138.0	11	1.05	0.95				
	106	1	49.0737258722807	10.103414150175439	0.0	-100.0	1	1.0474455593354912	-2.0956311129358585	138.0	12	1.05	0.95				
	107	2	45.104527456140346	9.020905491228069	0.0	0.0	1	1.0012004521228983	-6.791411467482211	138.0	12	1.05	0.95				
	108	1	61.702993559999996	12.629267687719295	0.0	0.0	1	1.0071477621688254	-5.723025849276588	138.0	12	1.05	0.95				
	109	1	63.14633843859648	12.99010390736842	0.0	0.0	1	1.0242620936750442	-1.3151609910501305	138.0	13	1.05	0.95				
	110	1	70.36306283157894	14.433448785964911	0.0	0.0	1	1.05	-1.9118056005363004	138.0	13	1.05	0.95				
	111	1	0.0	0.0	0.0	0.0	1	1.0007604940176533	0.03249589579020477	230.0	13	1.05	0.95				
	112	1	0.0	0.0	0.0	0.0	1	1.005997887130073	0.3448105016966922	230.0	13	1.05	0.95				
	113	3	95.62159820701753	19.48515586105263	0.0	0.0	1	0.9903442513941879	-1.4013520287809318e-29	230.0	14	1.05	0.95				
	114	2	70.00222661192981	14.07261256631579	0.0	0.0	1	0.995908530581193	1.8499911091151484	230.0	16	1.05	0.95				
	115	2	114.38508162877193	23.093518057543857	0.0	0.0	1	1.0321507900001161	6.624104186536668	230.0	16	1.05	0.95				
	116	2	36.083621964912275	7.216724392982456	0.0	0.0	1	1.028140374168252	6.473630860178175	230.0	16	1.05	0.95				
	117	1	0.0	0.0	0.0	0.0	1	1.0370069306677547	8.42329021591787	230.0	17	1.05	0.95				
	118	2	120.1584611431579	24.53686293614035	0.0	0.0	1	1.0396741162627026	8.478631652158514	230.0	17	1.05	0.95				
	119	1	65.31135575649122	13.350940127017541	0.0	0.0	1	1.0219541558984426	5.586050121111513	230.0	15	1.05	0.95				
	120	1	46.187036115087714	9.381741710877192	0.0	0.0	1	1.0187737576093439	5.52205238571372	230.0	15	1.05	0.95				
	121	2	0.0	0.0	0.0	0.0	1	1.043495999065847	9.361188584786184	230.0	17	1.05	0.95				
	122	2	0.0	0.0	0.0	0.0	1	1.05	15.831546192327032	230.0	17	1.05	0.95				
	123	2	0.0	0.0	0.0	0.0	1	1.0172724671949098	5.771947855999846	230.0	15	1.05	0.95				
	124	1	0.0	0.0	0.0	0.0	1	1.0227832441043228	4.441201450922249	230.0	16	1.05	0.95				
	201	2	38.606642526315795	7.864316070175439	0.0	0.0	2	1.0205391572456521	-6.734262633845786	138.0	21	1.05	0.95				
	202	2	34.67448449122807	7.149378245614035	0.0	0.0	2	1.0206850826144684	-6.726055242605595	138.0	22	1.05	0.95				
	203	1	64.34440421052632	13.226349754385966	0.0	0.0	2	1.0168983112194794	-5.6701081226287195	138.0	21	1.05	0.95				
	204	1	26.452699508771932	5.362033684210527	0.0	0.0	2	1.0166353422793117	-7.67870207240761	138.0	21	1.05	0.95				
	205	1	25.380292771929824	5.004564771929825	0.0	0.0	2	1.031094735057103	-7.906902751875231	138.0	21	1.05	0.95				
	206	1	48.615772070175446	10.00912954385965	0.0	-100.0	2	1.045384271185275	-8.948234404745227	138.0	22	1.05	0.95				
	207	2	44.68361403508772	8.936722807017544	0.0	0.0	2	0.9948188784369457	-13.749874001838037	138.0	22	1.05	0.95				
	208	1	61.127184	12.511411929824561	0.0	0.0	2	1.0027176124778132	-12.189188808446971	138.0	22	1.05	0.95				
	209	1	62.55705964912281	12.868880842105263	0.0	0.0	2	1.0227481832646486	-6.973322882074497	138.0	23	1.05	0.95				
	210	1	69.70643789473684	14.29875649122807	0.0	0.0	2	1.05	-7.937474200008114	138.0	23	1.05	0.95				
	211	1	0.0	0.0	0.0	0.0	2	1.0015228089225519	-4.579978917736748	230.0	23	1.05	0.95				
	212	1	0.0	0.0	0.0	0.0	2	1.0060869108250046	-3.845814184720102	230.0	23	1.05	0.95				
	213	2	94.72926175438596	19.303321263157898	0.0	0.0	2	0.9946601800345198	-3.409223316259084	230.0	24	1.05	0.95				
	214	2	69.34896898245614	13.941287578947371	0.0	0.0	2	0.9984204015333401	-2.575991803243454	230.0	26	1.05	0.95				
	215	2	113.31764519298247	22.878010385964913	0.0	0.0	2	1.0176661623124288	2.311950521258463	230.0	26	1.05	0.95				
	216	2	35.746891228070176	7.149378245614035	0.0	0.0	2	1.0188297389738024	2.3968455175725247	230.0	26	1.05	0.95				
	217	1	0.0	0.0	0.0	0.0	2	1.0242278178082618	3.861449393111156	230.0	27	1.05	0.95				
	218	2	119.03714778947369	24.307886035087723	0.0	0.0	2	1.0234914716892014	3.422451396928244	230.0	27	1.05	0.95				
	219	1	64.70187312280702	13.226349754385966	0.0	0.0	2	1.0200787327772545	2.398951210351216	230.0	25	1.05	0.95				
	220	1	45.756020771929826	9.294191719298246	0.0	0.0	2	1.0232281191362	3.1086514363741946	230.0	25	1.05	0.95				
	221	2	0.0	0.0	0.0	0.0	2	1.025176142242139	3.8584227159130466	230.0	27	1.05	0.95				
	222	2	0.0	0.0	0.0	0.0	2	1.0472185660111708	10.384802973510322	230.0	27	1.05	0.95				
	223	2	0.0	0.0	0.0	0.0	2	1.0253707941631374	3.7747196889221666	230.0	25	1.05	0.95				
	224	1	0.0	0.0	0.0	0.0	2	1.0074005063917348	-0.7052114489859206	230.0	26	1.05	0.95				
	301	2	45.04840241684211	9.176526418245615	0.0	0.0	3	1.0105209822974581	-16.170708104351686	138.0	31	1.05	0.95				
	302	2	40.4601392077193	8.34229674385965	0.0	0.0	3	1.0101724622489672	-16.358475209756925	138.0	32	1.05	0.95				
	303	1	75.08067069473685	15.433248976140352	0.0	0.0	3	1.033757987002279	-8.513658913492948	138.0	31	1.05	0.95				
	304	1	30.866497952280703	6.2567225578947365	0.0	0.0	3	1.0116573915412344	-15.206566745793701	138.0	31	1.05	0.95				
	305	1	29.615153440701754	5.839607720701755	0.0	0.0	3	1.025075575137651	-16.129983717506803	138.0	31	1.05	0.95				
	306	1	56.727617858245615	11.67921544140351	0.0	-100.0	3	1.0413328496016314	-16.61437134427049	138.0	32	1.05	0.95				
	307	2	52.13935464912281	10.427870929824563	0.0	0.0	3	0.99389824805127	-21.100309638318073	138.0	32	1.05	0.95				
	308	1	71.32663716	14.599019301754385	0.0	0.0	3	1.0003550952120777	-19.230047786233364	138.0	32	1.05	0.95				
	309	1	72.99509650877194	15.016134138947368	0.0	0.0	3	1.0255476580290024	-12.549767426271288	138.0	33	1.05	0.95				
	310	1	81.33739325263159	16.6845934877193	0.0	0.0	3	1.05	-14.74515695096584	138.0	33	1.05	0.95				
	311	1	0.0	0.0	0.0	0.0	3	1.0065682717308582	-9.665059988964156	230.0	33	1.05	0.95				
	312	1	0.0	0.0	0.0	0.0	3	1.0106202523799606	-9.105390986576634	230.0	33	1.05	0.95				
	313	2	110.53543185614035	22.524201208421054	0.0	0.0	3	1.0089161042045343	-6.358344388003602	230.0	34	1.05	0.95				
	314	2	80.9202784154386	16.267478650526318	0.0	0.0	3	1.003413660494709	-8.456794404153955	230.0	36	1.05	0.95				
	315	2	132.22540339017544	26.69534958035088	0.0	0.0	3	1.02609077091021	-4.713898366186668	230.0	36	1.05	0.95				
	316	2	41.71148371929825	8.34229674385965	0.0	0.0	3	1.0249193575817361	-4.234583434549021	230.0	36	1.05	0.95				
	317	1	0.0	0.0	0.0	0.0	3	1.0305565224767197	-2.609648280959768	230.0	37	1.05	0.95				
	318	2	138.89924078526317	28.363808929122808	0.0	0.0	3	1.0290795533363575	-2.8653944253388977	230.0	37	1.05	0.95				
	319	1	75.49778553192982	15.433248976140352	0.0	0.0	3	1.0215622989178885	-4.806328985672798	230.0	35	1.05	0.95				
	320	1	53.39069916070176	10.844985767017546	0.0	0.0	3	1.0214260922630423	-4.482373531663735	230.0	35	1.05	0.95				
	321	2	0.0	0.0	0.0	0.0	3	1.030246513721276	-2.943877591179214	230.0	37	1.05	0.95				
	322	2	0.0	0.0	0.0	0.0	3	1.0436889708376447	1.546723080266597	230.0	37	1.05	0.95				
	323	2	0.0	0.0	0.0	0.0	3	1.0219375624057652	-3.9794491956983653	230.0	35	1.05	0.95				
	324	1	0.0	0.0	0.0	0.0	3	1.022667506047531	-6.163812596420534	230.0	36	1.05	0.95				
	325	1	0.0	0.0	0.0	0.0	3	1.0201516628347331	-2.8487978627807915	230.0	35	1.05	0.95				
];
