%% MATPOWER Case Format : Version 2
function mpc = RTS_GMLC
mpc.version = '2';

%%-----  Power Flow Data  -----%%
%% system MVA base
mpc.baseMVA = 100.0;
%% bus data
%    bus_i    type    Pd    Qd    Gs    Bs    area    Vm    Va    baseKV    zone    Vmax    Vmin
mpc.bus = [
	101	2	54.975259781052635	11.198664029473685	0.0	0.0	1	1.0302189246042295	-0.14616092136351844	138.0	11	1.05	0.95				
	102	2	49.37592776631578	10.180603663157894	0.0	0.0	1	1.0291986272057316	-0.4582308096451113	138.0	12	1.05	0.95				
	103	1	91.62543296842105	18.834116776842105	0.0	0.0	1	1.0255404445913234	0.5412671293005783	138.0	11	1.05	0.95				
	104	1	37.66823355368421	7.63545274736842	0.0	0.0	1	1.017995898488739	-3.1371560608920146	138.0	11	1.05	0.95				
	105	1	36.14114300421053	7.126422564210527	0.0	0.0	1	1.0332348048885447	-3.152324745057934	138.0	11	1.05	0.95				
	106	1	69.22810490947369	14.252845128421054	0.0	-100.0	1	1.0423482690538166	-5.3819675301539736	138.0	12	1.05	0.95				
	107	2	63.62877289473684	12.725754578947369	0.0	0.0	1	0.998185147194353	-12.120400990017362	138.0	12	1.05	0.95				
	108	1	87.04416131999999	17.816056410526315	0.0	0.0	1	0.9994300948593041	-10.225928001683343	138.0	12	1.05	0.95				
	109	1	89.08028205263157	18.32508659368421	0.0	0.0	1	1.0242631488016436	-3.2536342802658584	138.0	13	1.05	0.95				
	110	1	99.26088571578947	20.36120732631579	0.0	0.0	1	1.05	-4.583620234633778	138.0	13	1.05	0.95				
	111	1	0.0	0.0	0.0	0.0	1	1.010192860386665	-0.4068355481176984	230.0	13	1.05	0.95				
	112	1	0.0	0.0	0.0	0.0	1	1.0121069644917546	-0.8929192446697903	230.0	13	1.05	0.95				
	113	3	134.8929985368421	27.487629890526318	0.0	0.0	1	1.0045217802448072	-1.3389249084638766e-29	230.0	14	1.05	0.95				
	114	2	98.75185553263157	19.852177143157896	0.0	0.0	1	1.0164758600316584	2.8073668299108587	230.0	16	1.05	0.95				
	115	2	161.36256806105263	32.57793172210526	0.0	0.0	1	1.0402995096286671	11.900885508580162	230.0	16	1.05	0.95				
	116	2	50.903018315789474	10.180603663157894	0.0	0.0	1	1.0358545453789916	10.4179075231953	230.0	16	1.05	0.95				
	117	1	0.0	0.0	0.0	0.0	1	1.039931805738476	16.00619669280867	230.0	17	1.05	0.95				
	118	2	169.50705099157895	34.61405245473684	0.0	0.0	1	1.05	16.486500731427007	230.0	17	1.05	0.95				
	119	1	92.13446315157896	18.834116776842105	0.0	0.0	1	1.0278465474546112	7.054200209261035	230.0	15	1.05	0.95				
	120	1	65.15586344421052	13.234784762105264	0.0	0.0	1	1.0270167905801508	5.095834913490399	230.0	15	1.05	0.95				
	121	2	0.0	0.0	0.0	0.0	1	1.05	18.161272237534085	230.0	17	1.05	0.95				
	122	2	0.0	0.0	0.0	0.0	1	1.05	35.08150698166207	230.0	17	1.05	0.95				
	123	2	0.0	0.0	0.0	0.0	1	1.0276604374179326	4.406689464765611	230.0	15	1.05	0.95				
	124	1	0.0	0.0	0.0	0.0	1	1.0205891519104913	7.661980049169125	230.0	16	1.05	0.95				
	201	2	53.124508117894734	10.821659061052632	0.0	0.0	2	1.019497482505519	-13.062439357330813	138.0	21	1.05	0.95				
	202	2	47.71367858736841	9.837871873684211	0.0	0.0	2	1.0200473780938155	-12.987614324950195	138.0	22	1.05	0.95				
	203	1	88.54084686315788	18.200062966315787	0.0	0.0	2	1.0155223845028838	-11.13282603616047	138.0	21	1.05	0.95				
	204	1	36.400125932631575	7.378403905263157	0.0	0.0	2	1.0142450299437755	-13.909691730235101	138.0	21	1.05	0.95				
	205	1	34.924445151578944	6.886510311578947	0.0	0.0	2	1.0286953251335416	-14.277068937999795	138.0	21	1.05	0.95				
	206	1	66.89752874105262	13.773020623157894	0.0	-100.0	2	1.041387543244107	-15.427925117626895	138.0	22	1.05	0.95				
	207	2	61.48669921052631	12.297339842105263	0.0	0.0	2	0.9900265591623345	-22.228871099516294	138.0	22	1.05	0.95				
	208	1	84.11380451999999	17.216275778947367	0.0	0.0	2	0.9946087433613324	-19.953108439489252	138.0	22	1.05	0.95				
	209	1	86.08137889473684	17.708169372631577	0.0	0.0	2	1.0238437790930468	-12.63553714266943	138.0	23	1.05	0.95				
	210	1	95.91925076842104	19.675743747368422	0.0	0.0	2	1.05	-13.923374990403623	138.0	23	1.05	0.95				
	211	1	0.0	0.0	0.0	0.0	2	1.0104627776131123	-9.291707965080747	230.0	23	1.05	0.95				
	212	1	0.0	0.0	0.0	0.0	2	1.0122969550548566	-7.924585634565236	230.0	23	1.05	0.95				
	213	2	130.35180232631578	26.562254058947367	0.0	0.0	2	1.0112590196943556	-7.368131967129932	230.0	24	1.05	0.95				
	214	2	95.42735717473683	19.183850153684208	0.0	0.0	2	1.0127910152741826	-6.924581362743469	230.0	26	1.05	0.95				
	215	2	155.93026919789472	31.48118999578947	0.0	0.0	2	1.028714217886318	-0.7641910079430053	230.0	26	1.05	0.95				
	216	2	49.18935936842105	9.837871873684211	0.0	0.0	2	1.031427154603696	-0.5958776223749193	230.0	26	1.05	0.95				
	217	1	0.0	0.0	0.0	0.0	2	1.0338276814838732	0.8873481973636607	230.0	27	1.05	0.95				
	218	2	163.80056669684208	33.44876437052631	0.0	0.0	2	1.032447357394384	0.18587387152401236	230.0	27	1.05	0.95				
	219	1	89.03274045684209	18.200062966315787	0.0	0.0	2	1.0348299753882757	0.233263513388229	230.0	25	1.05	0.95				
	220	1	62.96237999157894	12.789233435789473	0.0	0.0	2	1.0416878848599946	1.8853163332606966	230.0	25	1.05	0.95				
	221	2	0.0	0.0	0.0	0.0	2	1.0340315403306037	0.6778288540892176	230.0	27	1.05	0.95				
	222	2	0.0	0.0	0.0	0.0	2	1.05	7.256736444986687	230.0	27	1.05	0.95				
	223	2	0.0	0.0	0.0	0.0	2	1.046918352011007	3.1470551258089055	230.0	25	1.05	0.95				
	224	1	0.0	0.0	0.0	0.0	2	1.010985037830296	-4.637017473944515	230.0	26	1.05	0.95				
	301	2	48.22587788210526	9.823789938947368	0.0	0.0	3	1.0083748057680455	1.6996891770421088	138.0	31	1.05	0.95				
	302	2	43.31398291263157	8.93071812631579	0.0	0.0	3	1.0081319520297463	1.554374430108476	138.0	32	1.05	0.95				
	303	1	80.3764631368421	16.521828533684207	0.0	0.0	3	1.037832303693173	9.541853531833093	138.0	31	1.05	0.95				
	304	1	33.043657067368414	6.698038594736841	0.0	0.0	3	1.012744677372196	3.5712937393520816	138.0	31	1.05	0.95				
	305	1	31.704049348421048	6.251502688421053	0.0	0.0	3	1.0236002429756152	1.5055802636960582	138.0	31	1.05	0.95				
	306	1	60.72888325894736	12.503005376842106	0.0	-100.0	3	1.039971629716981	0.8832982253399015	138.0	32	1.05	0.95				
	307	2	55.81698828947368	11.163397657894736	0.0	0.0	3	0.990180596723384	-3.0769342417818493	138.0	32	1.05	0.95				
	308	1	76.35763997999999	15.628756721052628	0.0	0.0	3	0.9980304669842012	-1.0756905237917476	138.0	32	1.05	0.95				
	309	1	78.14378360526315	16.075292627368416	0.0	0.0	3	1.0313180766841012	7.020583148635707	138.0	33	1.05	0.95				
	310	1	87.07450173157893	17.86143625263158	0.0	0.0	3	1.05	2.751363571347336	138.0	33	1.05	0.95				
	311	1	0.0	0.0	0.0	0.0	3	1.009116818550896	7.85665072032248	230.0	33	1.05	0.95				
	312	1	0.0	0.0	0.0	0.0	3	1.0145806834432916	8.186175350132	230.0	33	1.05	0.95				
	313	2	118.3320151736842	24.11293894105263	0.0	0.0	3	1.0113724642615112	10.50368608044423	230.0	34	1.05	0.95				
	314	2	86.62796582526315	17.41490034631579	0.0	0.0	3	1.0028396416149077	8.640299708828396	230.0	36	1.05	0.95				
	315	2	141.55188230210524	28.578298004210524	0.0	0.0	3	1.0368062580003368	12.266831428165291	230.0	36	1.05	0.95				
	316	2	44.65359063157894	8.93071812631579	0.0	0.0	3	1.0342457441154695	12.359170901851048	230.0	36	1.05	0.95				
	317	1	0.0	0.0	0.0	0.0	3	1.05	17.38673219746694	230.0	37	1.05	0.95				
	318	2	148.69645680315787	30.36444162947368	0.0	0.0	3	1.0476526463164169	14.586431570986035	230.0	37	1.05	0.95				
	319	1	80.82299904315789	16.521828533684207	0.0	0.0	3	1.026227968490053	11.213058036486041	230.0	35	1.05	0.95				
	320	1	57.15659600842105	11.609933564210525	0.0	0.0	3	1.0225220238342259	11.079262894528679	230.0	35	1.05	0.95				
	321	2	0.0	0.0	0.0	0.0	3	1.0450404585320547	14.464894826420473	230.0	37	1.05	0.95				
	322	2	0.0	0.0	0.0	0.0	3	1.05	19.953842618686775	230.0	37	1.05	0.95				
	323	2	0.0	0.0	0.0	0.0	3	1.021115824479583	11.353040923817163	230.0	35	1.05	0.95				
	324	1	0.0	0.0	0.0	0.0	3	1.0315719289325949	11.241126685456123	230.0	36	1.05	0.95				
	325	1	0.0	0.0	0.0	0.0	3	1.0226464878819745	11.949105915095812	230.0	35	1.05	0.95				
];
