%% MATPOWER Case Format : Version 2
function mpc = RTS_GMLC
mpc.version = '2';

%%-----  Power Flow Data  -----%%
%% system MVA base
mpc.baseMVA = 100.0;
%% bus data
%    bus_i    type    Pd    Qd    Gs    Bs    area    Vm    Va    baseKV    zone    Vmax    Vmin
mpc.bus = [
	101	2	40.466600677894746	8.243196434385966	0.0	0.0	1	1.033343006290359	3.046933628896879	138.0	11	1.05	0.95				
	102	2	36.34500246070176	7.493814940350878	0.0	0.0	1	1.0324376777477546	2.79361405050419	138.0	12	1.05	0.95				
	103	1	67.4443344631579	13.863557639649123	0.0	0.0	1	1.0301965531530843	1.2328335927507048	138.0	11	1.05	0.95				
	104	1	27.727115279298246	5.620361205263158	0.0	0.0	1	1.0220421304414042	-0.25727884613945445	138.0	11	1.05	0.95				
	105	1	26.603043038245616	5.245670458245615	0.0	0.0	1	1.0365180348318739	-0.013111131522898903	138.0	11	1.05	0.95				
	106	1	50.95794159438597	10.49134091649123	0.0	-100.0	1	1.0468121416195824	-2.1570658319461606	138.0	12	1.05	0.95				
	107	2	46.83634337719299	9.367268675438597	0.0	0.0	1	1.0005134516506435	-7.142661167718046	138.0	12	1.05	0.95				
	108	1	64.07211774	13.114176145614037	0.0	0.0	1	1.0062644252084865	-5.952994147033581	138.0	12	1.05	0.95				
	109	1	65.57088072807018	13.48886689263158	0.0	0.0	1	1.0246344020615918	-1.2309758767446775	138.0	13	1.05	0.95				
	110	1	73.06469566842107	14.987629880701755	0.0	0.0	1	1.05	-1.9328149939101158	138.0	13	1.05	0.95				
	111	1	0.0	0.0	0.0	0.0	1	1.0019447581821888	0.2361631850088086	230.0	13	1.05	0.95				
	112	1	0.0	0.0	0.0	0.0	1	1.0068828210230243	0.40893228073418364	230.0	13	1.05	0.95				
	113	3	99.29304795964913	20.233300338947373	0.0	0.0	1	0.9914647098120614	1.2003909887490987e-29	230.0	14	1.05	0.95				
	114	2	72.69000492140351	14.612939133684213	0.0	0.0	1	0.9987379326824025	2.395979917534305	230.0	16	1.05	0.95				
	115	2	118.77696680456143	23.98020780912281	0.0	0.0	1	1.0372858031103769	7.825496926207917	230.0	16	1.05	0.95				
	116	2	37.46907470175439	7.493814940350878	0.0	0.0	1	1.0330582293260782	7.558770043558875	230.0	16	1.05	0.95				
	117	1	0.0	0.0	0.0	0.0	1	1.041144087487222	10.0182526642665	230.0	17	1.05	0.95				
	118	2	124.77201875684212	25.478970797192986	0.0	0.0	1	1.0450824456145962	10.032944925974876	230.0	17	1.05	0.95				
	119	1	67.81902521017544	13.863557639649123	0.0	0.0	1	1.0256589901372175	6.2993192772848765	230.0	15	1.05	0.95				
	120	1	47.96041561824562	9.741959422456143	0.0	0.0	1	1.0217243031525478	5.929095322436916	230.0	15	1.05	0.95				
	121	2	0.0	0.0	0.0	0.0	1	1.049142872027214	10.908841570735163	230.0	17	1.05	0.95				
	122	2	0.0	0.0	0.0	0.0	1	1.05	19.817021555394177	230.0	17	1.05	0.95				
	123	2	0.0	0.0	0.0	0.0	1	1.0198325640597956	6.018540837006015	230.0	15	1.05	0.95				
	124	1	0.0	0.0	0.0	0.0	1	1.0258483440901602	5.35368441298217	230.0	16	1.05	0.95				
	201	2	40.34062648421053	8.217535024561402	0.0	0.0	2	1.0236046612220127	-6.791021619702286	138.0	21	1.05	0.95				
	202	2	36.23185897192982	7.470486385964913	0.0	0.0	2	1.0241679281663454	-6.6863394442750055	138.0	22	1.05	0.95				
	203	1	67.2343774736842	13.820399814035087	0.0	0.0	2	1.0169580872694561	-6.16715397426069	138.0	21	1.05	0.95				
	204	1	27.640799628070173	5.602864789473683	0.0	0.0	2	1.0177827585713577	-8.063228626747465	138.0	21	1.05	0.95				
	205	1	26.520226670175433	5.229340470175439	0.0	0.0	2	1.0323756362675045	-8.280031849726425	138.0	21	1.05	0.95				
	206	1	50.799307424561405	10.458680940350877	0.0	-100.0	2	1.0456489323728304	-9.481335551310394	138.0	22	1.05	0.95				
	207	2	46.6905399122807	9.33810798245614	0.0	0.0	2	0.994115271248915	-14.723383166261444	138.0	22	1.05	0.95				
	208	1	63.8726586	13.073351175438594	0.0	0.0	2	1.0016522681033435	-13.078492479185405	138.0	22	1.05	0.95				
	209	1	65.36675587719299	13.44687549473684	0.0	0.0	2	1.022604331062669	-7.645416310704932	138.0	23	1.05	0.95				
	210	1	72.83724226315789	14.940972771929825	0.0	0.0	2	1.05	-8.584404840864169	138.0	23	1.05	0.95				
	211	1	0.0	0.0	0.0	0.0	2	1.0019505109121865	-5.294074903518735	230.0	23	1.05	0.95				
	212	1	0.0	0.0	0.0	0.0	2	1.0063216535109456	-4.594694643184911	230.0	23	1.05	0.95				
	213	2	98.98394461403508	20.170313242105266	0.0	0.0	2	0.994964026067627	-4.2131516273154475	230.0	24	1.05	0.95				
	214	2	72.46371794385963	14.567448452631579	0.0	0.0	2	0.9992872594855187	-3.272185143633625	230.0	26	1.05	0.95				
	215	2	118.40720921754384	23.905556435087718	0.0	0.0	2	1.0184089940474217	1.8177428383007235	230.0	26	1.05	0.95				
	216	2	37.35243192982456	7.470486385964913	0.0	0.0	2	1.0195961786668972	1.8308598163859338	230.0	26	1.05	0.95				
	217	1	0.0	0.0	0.0	0.0	2	1.0252218130574526	3.434803009495203	230.0	27	1.05	0.95				
	218	2	124.38359832631578	25.399653712280703	0.0	0.0	2	1.024454073975346	2.9490276041693306	230.0	27	1.05	0.95				
	219	1	67.60790179298245	13.820399814035087	0.0	0.0	2	1.0203558477649781	1.6862747614160394	230.0	25	1.05	0.95				
	220	1	47.811112870175435	9.711632301754387	0.0	0.0	2	1.0232610426188913	2.2997046333538145	230.0	25	1.05	0.95				
	221	2	0.0	0.0	0.0	0.0	2	1.0260731902506144	3.3789496570905015	230.0	27	1.05	0.95				
	222	2	0.0	0.0	0.0	0.0	2	1.0481762961556365	9.91389881435716	230.0	27	1.05	0.95				
	223	2	0.0	0.0	0.0	0.0	2	1.025314524745245	2.9252356297530735	230.0	25	1.05	0.95				
	224	1	0.0	0.0	0.0	0.0	2	1.0078766833361192	-1.198225096458074	230.0	26	1.05	0.95				
	301	2	41.46093007578948	8.445745015438597	0.0	0.0	3	1.0089301229519072	-18.45988651186405	138.0	31	1.05	0.95				
	302	2	37.238057568070175	7.677950014035089	0.0	0.0	3	1.008933711885743	-18.540430241027313	138.0	32	1.05	0.95				
	303	1	69.10155012631579	14.204207525964913	0.0	0.0	3	1.01931895085149	-14.229370332295968	138.0	31	1.05	0.95				
	304	1	28.408415051929826	5.758462510526315	0.0	0.0	3	1.011450507720468	-17.187483626318656	138.0	31	1.05	0.95				
	305	1	27.25672254982456	5.374565009824562	0.0	0.0	3	1.0245593080392381	-17.84708153514989	138.0	31	1.05	0.95				
	306	1	52.21006009543861	10.749130019649124	0.0	-100.0	3	1.0419652376968715	-17.977136185272254	138.0	32	1.05	0.95				
	307	2	47.9871875877193	9.59743751754386	0.0	0.0	3	0.9935639813238366	-22.03480590585477	138.0	32	1.05	0.95				
	308	1	65.64647262	13.436412524561403	0.0	0.0	3	1.0014520674806544	-20.344841868115527	138.0	32	1.05	0.95				
	309	1	67.18206262280701	13.820310025263158	0.0	0.0	3	1.0251067527807103	-14.502153656816716	138.0	33	1.05	0.95				
	310	1	74.8600126368421	15.355900028070177	0.0	0.0	3	1.05	-15.997030965909277	138.0	33	1.05	0.95				
	311	1	0.0	0.0	0.0	0.0	3	1.004240246294749	-10.829935971180488	230.0	33	1.05	0.95				
	312	1	0.0	0.0	0.0	0.0	3	1.00935506637467	-10.2081880710143	230.0	33	1.05	0.95				
	313	2	101.73283768596491	20.73046503789474	0.0	0.0	3	1.007933839499556	-7.23666644485337	230.0	34	1.05	0.95				
	314	2	74.47611513614035	14.972002527368423	0.0	0.0	3	0.999353274606063	-9.420750571358283	230.0	36	1.05	0.95				
	315	2	121.69550772245614	24.56944004491228	0.0	0.0	3	1.022766622223418	-6.080557833660393	230.0	36	1.05	0.95				
	316	2	38.38975007017544	7.677950014035089	0.0	0.0	3	1.0226740219238546	-5.1452532911903	230.0	36	1.05	0.95				
	317	1	0.0	0.0	0.0	0.0	3	1.027265782699855	-4.161454196990184	230.0	37	1.05	0.95				
	318	2	127.83786773368422	26.105030047719303	0.0	0.0	3	1.0262371892246787	-4.259692432868451	230.0	37	1.05	0.95				
	319	1	69.48544762701755	14.204207525964913	0.0	0.0	3	1.0209369970529454	-5.452620364262006	230.0	35	1.05	0.95				
	320	1	49.13888008982456	9.981335018245614	0.0	0.0	3	1.0217925338839269	-4.961218413203532	230.0	35	1.05	0.95				
	321	2	0.0	0.0	0.0	0.0	3	1.0272370914767737	-4.333234237638972	230.0	37	1.05	0.95				
	322	2	0.0	0.0	0.0	0.0	3	1.0405754078420844	0.11999098909192966	230.0	37	1.05	0.95				
	323	2	0.0	0.0	0.0	0.0	3	1.0227347199519587	-4.3921223819742	230.0	35	1.05	0.95				
	324	1	0.0	0.0	0.0	0.0	3	1.011270261551434	-9.151937609562644	230.0	36	1.05	0.95				
	325	1	0.0	0.0	0.0	0.0	3	1.0203193068068257	-3.093852954287799	230.0	35	1.05	0.95				
];
