%% MATPOWER Case Format : Version 2
function mpc = RTS_GMLC
mpc.version = '2';

%%-----  Power Flow Data  -----%%
%% system MVA base
mpc.baseMVA = 100.0;
%% bus data
%    bus_i    type    Pd    Qd    Gs    Bs    area    Vm    Va    baseKV    zone    Vmax    Vmin
mpc.bus = [
	101	2	86.70460168421053	17.66204849122807	0.0	0.0	1	1.0435357503355054	-1.7959782801485897	138.0	11	1.05	0.95				
	102	2	77.8735774385965	16.05640771929825	0.0	0.0	1	1.0434033114840606	-1.898545638004369	138.0	12	1.05	0.95				
	103	1	144.50766947368422	29.704354280701757	0.0	0.0	1	1.0213221819639404	-3.7743191773986173	138.0	11	1.05	0.95				
	104	1	59.408708561403515	12.042305789473684	0.0	0.0	1	1.021675075296103	-5.238065960796356	138.0	11	1.05	0.95				
	105	1	57.00024740350877	11.239485403508773	0.0	0.0	1	1.0357172651460798	-5.478044222006791	138.0	11	1.05	0.95				
	106	1	109.18357249122808	22.478970807017546	0.0	-100.0	1	1.036789966582604	-8.276479752773362	138.0	12	1.05	0.95				
	107	2	100.35254824561403	20.07050964912281	0.0	0.0	1	1.0459115173105618	-5.491567593226783	138.0	12	1.05	0.95				
	108	1	137.282286	28.098713508771926	0.0	0.0	1	1.021683885077344	-8.21990506229993	138.0	12	1.05	0.95				
	109	1	140.49356754385965	28.901533894736843	0.0	0.0	1	1.0270011698251509	-5.418357121127197	138.0	13	1.05	0.95				
	110	1	156.5499752631579	32.1128154385965	0.0	0.0	1	1.05	-6.728587266344898	138.0	13	1.05	0.95				
	111	1	0.0	0.0	0.0	0.0	1	1.01449884881139	-2.4707104076004036	230.0	13	1.05	0.95				
	112	1	0.0	0.0	0.0	0.0	1	1.0170660248478074	-1.442396796889085	230.0	13	1.05	0.95				
	113	3	212.74740228070175	43.352300842105265	0.0	0.0	1	1.017573813665385	-1.2882778006466143e-27	230.0	14	1.05	0.95				
	114	2	155.747154877193	31.309995052631585	0.0	0.0	1	1.0160931740344386	-0.992058905253399	230.0	16	1.05	0.95				
	115	2	254.49406235087721	51.38050470175439	0.0	0.0	1	1.044161610339867	6.36137159755725	230.0	16	1.05	0.95				
	116	2	80.28203859649123	16.05640771929825	0.0	0.0	1	1.0422481905290926	5.971607856290823	230.0	16	1.05	0.95				
	117	1	0.0	0.0	0.0	0.0	1	1.0466412372061749	9.017761806121134	230.0	17	1.05	0.95				
	118	2	267.3391885263158	54.59178624561404	0.0	0.0	1	1.0489851709663425	9.683731840787276	230.0	17	1.05	0.95				
	119	1	145.31048985964915	29.704354280701757	0.0	0.0	1	1.0360586386022677	4.921485703109014	230.0	15	1.05	0.95				
	120	1	102.76100940350878	20.873330035087722	0.0	0.0	1	1.0376728902969736	5.396990954821226	230.0	15	1.05	0.95				
	121	2	0.0	0.0	0.0	0.0	1	1.05	10.410658584960402	230.0	17	1.05	0.95				
	122	2	0.0	0.0	0.0	0.0	1	1.05	16.37569227642317	230.0	17	1.05	0.95				
	123	2	0.0	0.0	0.0	0.0	1	1.0409759070053306	6.251134988343924	230.0	15	1.05	0.95				
	124	1	0.0	0.0	0.0	0.0	1	1.022918419593518	2.611748233615128	230.0	16	1.05	0.95				
	201	2	84.13222100210525	17.138045018947366	0.0	0.0	2	1.0406154828330123	-12.586549717277826	138.0	21	1.05	0.95				
	202	2	75.56319849263157	15.580040926315789	0.0	0.0	2	1.040843949145834	-12.679520034587666	138.0	22	1.05	0.95				
	203	1	140.2203683368421	28.82307571368421	0.0	0.0	2	1.025966167296571	-9.086524397962359	138.0	21	1.05	0.95				
	204	1	57.64615142736842	11.68503069473684	0.0	0.0	2	1.0189929105615159	-14.049864834210824	138.0	21	1.05	0.95				
	205	1	55.30914528842105	10.906028648421053	0.0	0.0	2	1.0354122605416207	-14.520298961454877	138.0	21	1.05	0.95				
	206	1	105.94427829894737	21.812057296842106	0.0	-100.0	2	1.0378770845341005	-16.33836169868477	138.0	22	1.05	0.95				
	207	2	97.37525578947368	19.475051157894736	0.0	0.0	2	0.9520432375448549	-27.962879441770358	138.0	22	1.05	0.95				
	208	1	133.20934991999997	27.265071621052627	0.0	0.0	2	0.9582952834489997	-24.035610678896173	138.0	22	1.05	0.95				
	209	1	136.32535810526315	28.04407366736842	0.0	0.0	2	1.025902330524424	-12.027422529493206	138.0	23	1.05	0.95				
	210	1	151.90539903157892	31.160081852631578	0.0	0.0	2	1.05	-14.041209216382102	138.0	23	1.05	0.95				
	211	1	0.0	0.0	0.0	0.0	2	1.030182711003385	-7.6827881751228775	230.0	23	1.05	0.95				
	212	1	0.0	0.0	0.0	0.0	2	1.0252701748994582	-4.234876250661375	230.0	23	1.05	0.95				
	213	2	206.43554227368418	42.06611050105263	0.0	0.0	2	1.041292770404956	-4.668415348689079	230.0	24	1.05	0.95				
	214	2	151.12639698526314	30.381079806315785	0.0	0.0	2	1.0475800466952179	-5.170348546752331	230.0	26	1.05	0.95				
	215	2	246.94364868210522	49.85613096421052	0.0	0.0	2	1.0452581150644724	3.4503463151628964	230.0	26	1.05	0.95				
	216	2	77.90020463157894	15.580040926315789	0.0	0.0	2	1.0490969579438143	3.1933593727754865	230.0	26	1.05	0.95				
	217	1	0.0	0.0	0.0	0.0	2	1.049149565662461	6.35554583739836	230.0	27	1.05	0.95				
	218	2	259.4076814231579	52.97213914947368	0.0	0.0	2	1.0499999980663384	7.13488859035205	230.0	27	1.05	0.95				
	219	1	140.9993703831579	28.82307571368421	0.0	0.0	2	1.043905626657221	2.4758553998836947	230.0	25	1.05	0.95				
	220	1	99.71226192842104	20.254053204210525	0.0	0.0	2	1.0462914905338518	3.306309405368322	230.0	25	1.05	0.95				
	221	2	0.0	0.0	0.0	0.0	2	1.05	7.627737657235964	230.0	27	1.05	0.95				
	222	2	0.0	0.0	0.0	0.0	2	1.05	13.64042164602728	230.0	27	1.05	0.95				
	223	2	0.0	0.0	0.0	0.0	2	1.05	4.327480248562475	230.0	25	1.05	0.95				
	224	1	0.0	0.0	0.0	0.0	2	1.0222068501355153	-1.210163911720051	230.0	26	1.05	0.95				
	301	2	66.31698831157895	13.509016137543858	0.0	0.0	3	1.0068084244771358	-13.821843302096612	138.0	31	1.05	0.95				
	302	2	59.56248024280701	12.280923761403509	0.0	0.0	3	1.0063156627818108	-13.954253673905473	138.0	32	1.05	0.95				
	303	1	110.52831385263158	22.71970895859649	0.0	0.0	3	1.022731622699014	-7.326510170237836	138.0	31	1.05	0.95				
	304	1	45.43941791719298	9.21069282105263	0.0	0.0	3	1.005543504293635	-11.97187562324541	138.0	31	1.05	0.95				
	305	1	43.597279352982454	8.596646632982456	0.0	0.0	3	1.019547215350551	-12.47128634320571	138.0	31	1.05	0.95				
	306	1	83.51028157754386	17.19329326596491	0.0	-100.0	3	1.0343000255027557	-12.400146330951804	138.0	32	1.05	0.95				
	307	2	76.75577350877192	15.351154701754385	0.0	0.0	3	0.994580805509313	-18.60763609082043	138.0	32	1.05	0.95				
	308	1	105.00189815999998	21.49161658245614	0.0	0.0	3	0.9959602893570111	-15.713527857140798	138.0	32	1.05	0.95				
	309	1	107.4580829122807	22.105662770526312	0.0	0.0	3	1.0265450278581862	-7.845334943318637	138.0	33	1.05	0.95				
	310	1	119.7390066736842	24.561847522807017	0.0	0.0	3	1.05	-9.15215078735519	138.0	33	1.05	0.95				
	311	1	0.0	0.0	0.0	0.0	3	1.015723102614349	-2.2535681519360717	230.0	33	1.05	0.95				
	312	1	0.0	0.0	0.0	0.0	3	1.0177633953922651	-1.5384762636609268	230.0	33	1.05	0.95				
	313	2	162.7222398385965	33.15849415578948	0.0	0.0	3	1.02948084804805	3.1883440964261616	230.0	34	1.05	0.95				
	314	2	119.12496048561403	23.947801334736845	0.0	0.0	3	1.0213818722678008	-0.8284624510149955	230.0	36	1.05	0.95				
	315	2	194.6526416182456	39.29895603649123	0.0	0.0	3	1.0381645817328804	0.30938955631060433	230.0	36	1.05	0.95				
	316	2	61.40461880701754	12.280923761403509	0.0	0.0	3	1.0364009637569698	0.7533338835131939	230.0	36	1.05	0.95				
	317	1	0.0	0.0	0.0	0.0	3	1.041482152507568	1.9019958120904046	230.0	37	1.05	0.95				
	318	2	204.4773806273684	41.75514078877193	0.0	0.0	3	1.0417284944934568	1.8373494678222995	230.0	37	1.05	0.95				
	319	1	111.14236004070175	22.71970895859649	0.0	0.0	3	1.0339722611598456	1.4174745045643744	230.0	35	1.05	0.95				
	320	1	78.59791207298245	15.96520088982456	0.0	0.0	3	1.034343746040511	2.0844778564756057	230.0	35	1.05	0.95				
	321	2	0.0	0.0	0.0	0.0	3	1.0441482515664957	2.865904058659409	230.0	37	1.05	0.95				
	322	2	0.0	0.0	0.0	0.0	3	1.05	7.077362187565937	230.0	37	1.05	0.95				
	323	2	0.0	0.0	0.0	0.0	3	1.035104245076312	2.523708754744668	230.0	35	1.05	0.95				
	324	1	0.0	0.0	0.0	0.0	3	1.0247018743886434	-0.9963015208515739	230.0	36	1.05	0.95				
	325	1	0.0	0.0	0.0	0.0	3	1.0350903507171554	3.1949773674013504	230.0	35	1.05	0.95				
];
