%% MATPOWER Case Format : Version 2
function mpc = RTS_GMLC
mpc.version = '2';

%%-----  Power Flow Data  -----%%
%% system MVA base
mpc.baseMVA = 100.0;
%% bus data
%    bus_i    type    Pd    Qd    Gs    Bs    area    Vm    Va    baseKV    zone    Vmax    Vmin
mpc.bus = [
	101	2	44.43443840842106	9.051459675789474	0.0	0.0	1	1.0380514583504667	3.436479869764562	138.0	11	1.05	0.95				
	102	2	39.908708570526315	8.228599705263157	0.0	0.0	1	1.0377504372539261	3.333069405056147	138.0	12	1.05	0.95				
	103	1	74.05739734736842	15.222909454736842	0.0	0.0	1	1.0299195901849902	0.45471549450081056	138.0	11	1.05	0.95				
	104	1	30.445818909473683	6.171449778947368	0.0	0.0	1	1.024234977736794	-0.18086783657739322	138.0	11	1.05	0.95				
	105	1	29.21152895368421	5.760019793684211	0.0	0.0	1	1.0381220544888614	-0.021362264771849056	138.0	11	1.05	0.95				
	106	1	55.954477995789475	11.520039587368421	0.0	-100.0	1	1.0467128140158086	-2.378801228138831	138.0	12	1.05	0.95				
	107	2	51.42874815789473	10.285749631578947	0.0	0.0	1	1.000375812155654	-7.61988567585815	138.0	12	1.05	0.95				
	108	1	70.35452748	14.400049484210525	0.0	0.0	1	1.0051303451048625	-6.5008379367453	138.0	12	1.05	0.95				
	109	1	72.00024742105263	14.811479469473685	0.0	0.0	1	1.0249708052323006	-1.6515623445240462	138.0	13	1.05	0.95				
	110	1	80.22884712631578	16.457199410526314	0.0	0.0	1	1.05	-2.2491761492103337	138.0	13	1.05	0.95				
	111	1	0.0	0.0	0.0	0.0	1	1.0028702315069393	-0.22755108613437627	230.0	13	1.05	0.95				
	112	1	0.0	0.0	0.0	0.0	1	1.0080795934045133	0.24356364611361267	230.0	13	1.05	0.95				
	113	3	109.02894609473684	22.21721920421053	0.0	0.0	1	0.9938682620912892	-2.51547296962059e-27	230.0	14	1.05	0.95				
	114	2	79.81741714105263	16.045769425263156	0.0	0.0	1	0.9986589655819338	1.4271597842439288	230.0	16	1.05	0.95				
	115	2	130.42330532842104	26.331519056842108	0.0	0.0	1	1.0384542104110648	6.363167568696785	230.0	16	1.05	0.95				
	116	2	41.142998526315786	8.228599705263157	0.0	0.0	1	1.0334527286476907	6.123274732478424	230.0	16	1.05	0.95				
	117	1	0.0	0.0	0.0	0.0	1	1.0421517898481631	7.642807002070494	230.0	17	1.05	0.95				
	118	2	137.0061850926316	27.977238997894737	0.0	0.0	1	1.0452091881579861	7.457578428625307	230.0	17	1.05	0.95				
	119	1	74.46882733263158	15.222909454736842	0.0	0.0	1	1.026679412520252	5.392299686534753	230.0	15	1.05	0.95				
	120	1	52.663038113684216	10.697179616842105	0.0	0.0	1	1.0235036493909149	5.555998197057353	230.0	15	1.05	0.95				
	121	2	0.0	0.0	0.0	0.0	1	1.05	8.222749031956733	230.0	17	1.05	0.95				
	122	2	0.0	0.0	0.0	0.0	1	1.05	15.171763053218864	230.0	17	1.05	0.95				
	123	2	0.0	0.0	0.0	0.0	1	1.022270342274037	5.9671818578694324	230.0	15	1.05	0.95				
	124	1	0.0	0.0	0.0	0.0	1	1.0270974317445358	4.153940507291042	230.0	16	1.05	0.95				
	201	2	45.25358096842106	9.218322049122808	0.0	0.0	2	1.0271497001474408	-6.039280258763247	138.0	21	1.05	0.95				
	202	2	40.64441994385965	8.380292771929826	0.0	0.0	2	1.0278979941564461	-5.899527602656588	138.0	22	1.05	0.95				
	203	1	75.42263494736842	15.503541628070176	0.0	0.0	2	1.0186206288820583	-5.998708829635102	138.0	21	1.05	0.95				
	204	1	31.00708325614035	6.285219578947368	0.0	0.0	2	1.018675838724098	-7.951135843660125	138.0	21	1.05	0.95				
	205	1	29.750039340350874	5.866204940350878	0.0	0.0	2	1.0333747923465966	-8.111532190914142	138.0	21	1.05	0.95				
	206	1	56.985990849122814	11.732409880701756	0.0	-100.0	2	1.0449982130052426	-9.655024056276796	138.0	22	1.05	0.95				
	207	2	52.3768298245614	10.475365964912282	0.0	0.0	2	0.9900773708410269	-15.870316066242944	138.0	22	1.05	0.95				
	208	1	71.6515032	14.665512350877192	0.0	0.0	2	0.9975775840430338	-13.99397050787359	138.0	22	1.05	0.95				
	209	1	73.32756175438597	15.084526989473684	0.0	0.0	2	1.0230214562010003	-7.911430553497948	138.0	23	1.05	0.95				
	210	1	81.7078545263158	16.76058554385965	0.0	0.0	2	1.05	-8.87034900572491	138.0	23	1.05	0.95				
	211	1	0.0	0.0	0.0	0.0	2	1.0044179455888693	-5.386761436520852	230.0	23	1.05	0.95				
	212	1	0.0	0.0	0.0	0.0	2	1.0091647044939551	-4.942145268591632	230.0	23	1.05	0.95				
	213	2	111.03887922807016	22.62679048421053	0.0	0.0	2	0.9978137225058425	-4.606805488562579	230.0	24	1.05	0.95				
	214	2	81.2888398877193	16.341570905263158	0.0	0.0	2	1.0043481369846061	-2.9434137592131533	230.0	26	1.05	0.95				
	215	2	132.82764043508772	26.81693687017544	0.0	0.0	2	1.0262344950266964	3.192561017718238	230.0	26	1.05	0.95				
	216	2	41.90146385964913	8.380292771929826	0.0	0.0	2	1.0276429912869929	3.0033015828944123	230.0	26	1.05	0.95				
	217	1	0.0	0.0	0.0	0.0	2	1.0331829803612487	5.630968929894088	230.0	27	1.05	0.95				
	218	2	139.5318746526316	28.492995424561407	0.0	0.0	2	1.0347560626362482	6.098523782377478	230.0	27	1.05	0.95				
	219	1	75.84164958596492	15.503541628070176	0.0	0.0	2	1.0280157903853437	2.076357118111246	230.0	25	1.05	0.95				
	220	1	53.63387374035088	10.894380603508774	0.0	0.0	2	1.0311842137360296	2.088045635419829	230.0	25	1.05	0.95				
	221	2	0.0	0.0	0.0	0.0	2	1.0348473224913723	5.890738765815995	230.0	27	1.05	0.95				
	222	2	0.0	0.0	0.0	0.0	2	1.05	12.285541267663396	230.0	27	1.05	0.95				
	223	2	0.0	0.0	0.0	0.0	2	1.0334262614187422	2.412850866592838	230.0	25	1.05	0.95				
	224	1	0.0	0.0	0.0	0.0	2	1.0120013937442196	-0.25809149966678135	230.0	26	1.05	0.95				
	301	2	51.57418539789474	10.50585258105263	0.0	0.0	3	1.0071669945113921	-27.47517590123465	138.0	31	1.05	0.95				
	302	2	46.32125910736842	9.55077507368421	0.0	0.0	3	1.006676276702691	-27.591863583270506	138.0	32	1.05	0.95				
	303	1	85.95697566315789	17.668933886315788	0.0	0.0	3	1.0226544828613615	-21.546362010792496	138.0	31	1.05	0.95				
	304	1	35.337867772631576	7.163081305263157	0.0	0.0	3	1.009006770746399	-25.958821570856305	138.0	31	1.05	0.95				
	305	1	33.905251511578946	6.685542551578948	0.0	0.0	3	1.0222282907474531	-26.782999130743377	138.0	31	1.05	0.95				
	306	1	64.94527050105263	13.371085103157895	0.0	-100.0	3	1.0386616703634013	-26.951869009869938	138.0	32	1.05	0.95				
	307	2	59.692344210526315	11.938468842105262	0.0	0.0	3	0.9928108747577876	-32.261321840742	138.0	32	1.05	0.95				
	308	1	81.65912688	16.713856378947366	0.0	0.0	3	0.9974137912602288	-30.06734718588465	138.0	32	1.05	0.95				
	309	1	83.56928189473683	17.191395132631577	0.0	0.0	3	1.0265189456856967	-22.672656385504617	138.0	33	1.05	0.95				
	310	1	93.12005696842105	19.10155014736842	0.0	0.0	3	1.05	-24.555922362732847	138.0	33	1.05	0.95				
	311	1	0.0	0.0	0.0	0.0	3	1.0120144141910168	-18.171009147974516	230.0	33	1.05	0.95				
	312	1	0.0	0.0	0.0	0.0	3	1.0136383911931501	-17.625981089345615	230.0	33	1.05	0.95				
	313	2	126.54776972631578	25.78709269894737	0.0	0.0	3	1.0157422790398511	-14.53055270050374	230.0	34	1.05	0.95				
	314	2	92.64251821473684	18.62401139368421	0.0	0.0	3	1.0181096807094796	-15.873650127012615	230.0	36	1.05	0.95				
	315	2	151.3797849178947	30.562480235789476	0.0	0.0	3	1.0418926355522384	-10.353148137391866	230.0	36	1.05	0.95				
	316	2	47.75387536842105	9.55077507368421	0.0	0.0	3	1.041155818197348	-9.789091015999734	230.0	36	1.05	0.95				
	317	1	0.0	0.0	0.0	0.0	3	1.0445759874927798	-7.6961852345279995	230.0	37	1.05	0.95				
	318	2	159.02040497684212	32.47263525052632	0.0	0.0	3	1.0441976419226884	-7.391330614065137	230.0	37	1.05	0.95				
	319	1	86.4345144168421	17.668933886315788	0.0	0.0	3	1.0380032757563498	-10.676005264657483	230.0	35	1.05	0.95				
	320	1	61.12496047157895	12.416007595789473	0.0	0.0	3	1.0387045583110381	-10.538699408137836	230.0	35	1.05	0.95				
	321	2	0.0	0.0	0.0	0.0	3	1.04620942818738	-7.207131916973229	230.0	37	1.05	0.95				
	322	2	0.0	0.0	0.0	0.0	3	1.05	-3.06528194481488	230.0	37	1.05	0.95				
	323	2	0.0	0.0	0.0	0.0	3	1.0398611203531447	-10.105580415111703	230.0	35	1.05	0.95				
	324	1	0.0	0.0	0.0	0.0	3	1.0207049951831415	-14.511705355423814	230.0	36	1.05	0.95				
	325	1	0.0	0.0	0.0	0.0	3	1.0343376398978918	-8.59402122108926	230.0	35	1.05	0.95				
];
