%% MATPOWER Case Format : Version 2
function mpc = RTS_GMLC
mpc.version = '2';

%%-----  Power Flow Data  -----%%
%% system MVA base
mpc.baseMVA = 100.0;
%% bus data
%    bus_i    type    Pd    Qd    Gs    Bs    area    Vm    Va    baseKV    zone    Vmax    Vmin
mpc.bus = [
	101	2	62.389905991578956	12.709054924210527	0.0	0.0	1	1.0480583497360738	1.5692221309456027	138.0	11	1.05	0.95				
	102	2	56.03537852947369	11.553686294736842	0.0	0.0	1	1.047496105657363	1.3749384572226546	138.0	12	1.05	0.95				
	103	1	103.9831766526316	21.37431964526316	0.0	0.0	1	1.0268260540202334	-1.4197472908858255	138.0	11	1.05	0.95				
	104	1	42.74863929052632	8.665264721052631	0.0	0.0	1	1.0265445679340255	-2.293225220595833	138.0	11	1.05	0.95				
	105	1	41.01558634631579	8.08758040631579	0.0	0.0	1	1.040698023910488	-2.361267497831701	138.0	11	1.05	0.95				
	106	1	78.56506680421053	16.17516081263158	0.0	-100.0	1	1.0440869758833646	-5.142592314397778	138.0	12	1.05	0.95				
	107	2	72.21053934210526	14.442107868421052	0.0	0.0	1	1.0044123126138977	-10.155484707521161	138.0	12	1.05	0.95				
	108	1	98.78401782	20.218951015789475	0.0	0.0	1	1.0023620521131047	-9.428730875885114	138.0	12	1.05	0.95				
	109	1	101.09475507894736	20.796635330526318	0.0	0.0	1	1.02499872888198	-3.704771058049667	138.0	13	1.05	0.95				
	110	1	112.64844137368422	23.107372589473684	0.0	0.0	1	1.05	-4.596500831721971	138.0	13	1.05	0.95				
	111	1	0.0	0.0	0.0	0.0	1	1.0074890891771977	-1.4818155572748835	230.0	13	1.05	0.95				
	112	1	0.0	0.0	0.0	0.0	1	1.011353215775767	-0.8547769658948011	230.0	13	1.05	0.95				
	113	3	153.08634340526314	31.194952995789478	0.0	0.0	1	1.004145388025072	1.9716787200221535e-29	230.0	14	1.05	0.95				
	114	2	112.07075705894738	22.52968827473684	0.0	0.0	1	1.005507346910582	-0.006484003051358796	230.0	16	1.05	0.95				
	115	2	183.12592777157894	36.971796143157896	0.0	0.0	1	1.0365068494327838	5.9660120584587135	230.0	16	1.05	0.95				
	116	2	57.76843147368421	11.553686294736842	0.0	0.0	1	1.0331535303394908	5.559945420909651	230.0	16	1.05	0.95				
	117	1	0.0	0.0	0.0	0.0	1	1.0393218243090216	7.58853750910533	230.0	17	1.05	0.95				
	118	2	192.36887680736842	39.282533402105265	0.0	0.0	1	1.0408857263723377	7.694422012907255	230.0	17	1.05	0.95				
	119	1	104.56086096736843	21.37431964526316	0.0	0.0	1	1.0267661324306374	4.533277431281941	230.0	15	1.05	0.95				
	120	1	73.94359228631579	15.019792183157895	0.0	0.0	1	1.0257037582606103	4.647247356585446	230.0	15	1.05	0.95				
	121	2	0.0	0.0	0.0	0.0	1	1.0442464566484835	9.04439601714894	230.0	17	1.05	0.95				
	122	2	0.0	0.0	0.0	0.0	1	1.05	14.987540508601134	230.0	17	1.05	0.95				
	123	2	0.0	0.0	0.0	0.0	1	1.0264087940596156	5.151892249456319	230.0	15	1.05	0.95				
	124	1	0.0	0.0	0.0	0.0	1	1.0233246343692868	3.20279042089666	230.0	16	1.05	0.95				
	201	2	57.221470155789476	11.656225402105264	0.0	0.0	2	1.0317421110206968	-7.623809235671844	138.0	21	1.05	0.95				
	202	2	51.393357454736844	10.596568547368422	0.0	0.0	2	1.0321349666210138	-7.5797526820428756	138.0	22	1.05	0.95				
	203	1	95.36911692631578	19.60365181263158	0.0	0.0	2	1.0187434558087605	-7.665585418489935	138.0	21	1.05	0.95				
	204	1	39.20730362526316	7.947426410526316	0.0	0.0	2	1.018893405188484	-9.59787875182695	138.0	21	1.05	0.95				
	205	1	37.61781834315789	7.417597983157896	0.0	0.0	2	1.034231987163331	-9.715146673859282	138.0	21	1.05	0.95				
	206	1	72.05666612210527	14.835195966315792	0.0	-100.0	2	1.0429193624363633	-11.380869730188891	138.0	22	1.05	0.95				
	207	2	66.22855342105262	13.245710684210527	0.0	0.0	2	0.990317528661201	-19.35327052055241	138.0	22	1.05	0.95				
	208	1	90.60066108	18.543994957894736	0.0	0.0	2	0.9930808689880231	-16.864571791647737	138.0	22	1.05	0.95				
	209	1	92.7199747894737	19.073823385263157	0.0	0.0	2	1.0238374693152323	-9.094159694134545	138.0	23	1.05	0.95				
	210	1	103.3165433368421	21.193137094736844	0.0	0.0	2	1.05	-10.156834501154682	138.0	23	1.05	0.95				
	211	1	0.0	0.0	0.0	0.0	2	1.0090285453313705	-6.053298659389534	230.0	23	1.05	0.95				
	212	1	0.0	0.0	0.0	0.0	2	1.0116531078060205	-4.164183575604977	230.0	23	1.05	0.95				
	213	2	140.40453325263158	28.610735077894738	0.0	0.0	2	1.0054426897925153	-4.592480970401138	230.0	24	1.05	0.95				
	214	2	102.78671490947369	20.663308667368423	0.0	0.0	2	1.0122951904948043	-3.68056981388126	230.0	26	1.05	0.95				
	215	2	167.95561147578948	33.90901935157895	0.0	0.0	2	1.0314374483028699	3.024978232842095	230.0	26	1.05	0.95				
	216	2	52.98284273684211	10.596568547368422	0.0	0.0	2	1.0316320674043318	2.9007826665356955	230.0	26	1.05	0.95				
	217	1	0.0	0.0	0.0	0.0	2	1.036352375855108	5.167420778023305	230.0	27	1.05	0.95				
	218	2	176.43286631368423	36.028333061052635	0.0	0.0	2	1.0374655492124254	5.510150551245802	230.0	27	1.05	0.95				
	219	1	95.89894535368421	19.60365181263158	0.0	0.0	2	1.0295590451232925	2.4208678453525767	230.0	25	1.05	0.95				
	220	1	67.8180387031579	13.775539111578949	0.0	0.0	2	1.0318102261783595	3.0267995884392023	230.0	25	1.05	0.95				
	221	2	0.0	0.0	0.0	0.0	2	1.0379168850704894	5.443918565460943	230.0	27	1.05	0.95				
	222	2	0.0	0.0	0.0	0.0	2	1.05	11.835337364910092	230.0	27	1.05	0.95				
	223	2	0.0	0.0	0.0	0.0	2	1.034223574847638	3.7587562945377933	230.0	25	1.05	0.95				
	224	1	0.0	0.0	0.0	0.0	2	1.0134647044919005	-0.9707839137037557	230.0	26	1.05	0.95				
	301	2	55.48623851368421	11.30275228982456	0.0	0.0	3	1.0073685880425827	-11.950514601663203	138.0	31	1.05	0.95				
	302	2	49.83486236877192	10.275229354385965	0.0	0.0	3	1.0069719786811997	-12.052881396846573	138.0	32	1.05	0.95				
	303	1	92.47706418947368	19.00917430561403	0.0	0.0	3	1.0210019982717558	-6.718328810960181	138.0	31	1.05	0.95				
	304	1	38.01834861122806	7.706422015789473	0.0	0.0	3	1.007835102898717	-10.364204641916006	138.0	31	1.05	0.95				
	305	1	36.47706420807017	7.192660548070176	0.0	0.0	3	1.0215597066604198	-10.854312545142264	138.0	31	1.05	0.95				
	306	1	69.87155960982456	14.385321096140352	0.0	-100.0	3	1.0375755646651914	-10.832894671939583	138.0	32	1.05	0.95				
	307	2	64.22018346491227	12.844036692982455	0.0	0.0	3	0.9953589633852108	-16.12786990433077	138.0	32	1.05	0.95				
	308	1	87.85321098	17.981651370175435	0.0	0.0	3	0.9992036047856361	-13.760141021255743	138.0	32	1.05	0.95				
	309	1	89.9082568508772	18.495412837894733	0.0	0.0	3	1.0256774703664842	-6.881354225506229	138.0	33	1.05	0.95				
	310	1	100.18348620526314	20.55045870877193	0.0	0.0	3	1.05	-8.109378233250764	138.0	33	1.05	0.95				
	311	1	0.0	0.0	0.0	0.0	3	1.009285450274492	-2.2858294772215646	230.0	33	1.05	0.95				
	312	1	0.0	0.0	0.0	0.0	3	1.0126183308945627	-1.7140714048631696	230.0	33	1.05	0.95				
	313	2	136.14678894561402	27.743119256842103	0.0	0.0	3	1.0160960854290346	2.313708980144667	230.0	34	1.05	0.95				
	314	2	99.66972473754385	20.036697241052632	0.0	0.0	3	1.01006482504528	-1.0407988556896142	230.0	36	1.05	0.95				
	315	2	162.86238526701752	32.880733934035085	0.0	0.0	3	1.0258491295353664	-0.8902493178218025	230.0	36	1.05	0.95				
	316	2	51.37614677192982	10.275229354385965	0.0	0.0	3	1.025531885696427	0.12488288824582014	230.0	36	1.05	0.95				
	317	1	0.0	0.0	0.0	0.0	3	1.0299789032624185	0.4443655641937704	230.0	37	1.05	0.95				
	318	2	171.0825687505263	34.93577980491228	0.0	0.0	3	1.0285566592053823	-0.04963473014918106	230.0	37	1.05	0.95				
	319	1	92.99082565719297	19.00917430561403	0.0	0.0	3	1.0238825295456404	0.8919499740225861	230.0	35	1.05	0.95				
	320	1	65.76146786807017	13.357798160701753	0.0	0.0	3	1.0237794878566786	1.4392287357700948	230.0	35	1.05	0.95				
	321	2	0.0	0.0	0.0	0.0	3	1.0297012203397244	0.2168709860375945	230.0	37	1.05	0.95				
	322	2	0.0	0.0	0.0	0.0	3	1.0430989274218645	4.6706245766749355	230.0	37	1.05	0.95				
	323	2	0.0	0.0	0.0	0.0	3	1.0240804483645114	1.8487200309674494	230.0	35	1.05	0.95				
	324	1	0.0	0.0	0.0	0.0	3	1.0180432300342224	-1.6688901783940475	230.0	36	1.05	0.95				
	325	1	0.0	0.0	0.0	0.0	3	1.024757770373745	2.4681704667782283	230.0	35	1.05	0.95				
];
