%% MATPOWER Case Format : Version 2
function mpc = RTS_GMLC
mpc.version = '2';

%%-----  Power Flow Data  -----%%
%% system MVA base
mpc.baseMVA = 100.0;
%% bus data
%    bus_i    type    Pd    Qd    Gs    Bs    area    Vm    Va    baseKV    zone    Vmax    Vmin
mpc.bus = [
	101	2	46.85254825263158	9.544037607017545	0.0	0.0	1	1.0159589080943598	2.504984056328665	138.0	11	1.05	0.95				
	102	2	42.08052944912281	8.676397824561406	0.0	0.0	1	1.0148727687556072	2.178467870060715	138.0	12	1.05	0.95				
	103	1	78.08758042105264	16.051335975438597	0.0	0.0	1	1.024067397635954	2.8870524103926205	138.0	11	1.05	0.95				
	104	1	32.102671950877195	6.507298368421052	0.0	0.0	1	1.0129435132539097	-1.0151572988962416	138.0	11	1.05	0.95				
	105	1	30.80121227719298	6.0734784771929835	0.0	0.0	1	1.0265473402569267	-0.9813687182196338	138.0	11	1.05	0.95				
	106	1	58.999505207017556	12.146956954385967	0.0	-100.0	1	1.0406076510077287	-3.398561467567719	138.0	12	1.05	0.95				
	107	2	54.22748640350877	10.845497280701755	0.0	0.0	1	0.9858094454069807	-11.955298694407588	138.0	12	1.05	0.95				
	108	1	74.1832014	15.183696192982454	0.0	0.0	1	0.9936998145609259	-9.240115072864679	138.0	12	1.05	0.95				
	109	1	75.91848096491228	15.617516084210525	0.0	0.0	1	1.0247352729850163	-1.8104675201465248	138.0	13	1.05	0.95				
	110	1	84.59487878947368	17.35279564912281	0.0	0.0	1	1.05	-3.0790670355501493	138.0	13	1.05	0.95				
	111	1	0.0	0.0	0.0	0.0	1	1.0186924836507616	0.652071250083133	230.0	13	1.05	0.95				
	112	1	0.0	0.0	0.0	0.0	1	1.015086268552472	-0.5372347562604761	230.0	13	1.05	0.95				
	113	3	114.9622711754386	23.42627412631579	0.0	0.0	1	1.0005617733918186	-2.889897470289345e-29	230.0	14	1.05	0.95				
	114	2	84.16105889824561	16.91897575789474	0.0	0.0	1	1.0433714596514665	4.232393228383666	230.0	16	1.05	0.95				
	115	2	137.52090551929825	27.764473038596492	0.0	0.0	1	1.037943906682144	14.153432031011468	230.0	16	1.05	0.95				
	116	2	43.38198912280702	8.676397824561406	0.0	0.0	1	1.037972556809557	12.117639578513948	230.0	16	1.05	0.95				
	117	1	0.0	0.0	0.0	0.0	1	1.036897639351655	18.469122538682864	230.0	17	1.05	0.95				
	118	2	144.46202377894735	29.499752603508778	0.0	0.0	1	1.0459418027198732	19.190732485669006	230.0	17	1.05	0.95				
	119	1	78.5214003122807	16.051335975438597	0.0	0.0	1	1.0338324179839546	7.47047133991334	230.0	15	1.05	0.95				
	120	1	55.528946077192984	11.279317171929826	0.0	0.0	1	1.0379936785580297	4.2673225330589	230.0	15	1.05	0.95				
	121	2	0.0	0.0	0.0	0.0	1	1.0406954281547673	20.958325014295518	230.0	17	1.05	0.95				
	122	2	0.0	0.0	0.0	0.0	1	1.05	38.9406011057297	230.0	17	1.05	0.95				
	123	2	0.0	0.0	0.0	0.0	1	1.0416672767793194	2.840963971838772	230.0	15	1.05	0.95				
	124	1	0.0	0.0	0.0	0.0	1	1.018715436802381	9.946022015751563	230.0	16	1.05	0.95				
	201	2	53.974500252631586	10.994805607017543	0.0	0.0	2	1.0089843143382455	-19.879072772169117	138.0	21	1.05	0.95				
	202	2	48.47709744912281	9.995277824561406	0.0	0.0	2	1.0082581111558315	-20.20146598337401	138.0	22	1.05	0.95				
	203	1	89.95750042105264	18.491263975438596	0.0	0.0	2	1.009583896826355	-14.239823674888044	138.0	21	1.05	0.95				
	204	1	36.98252795087719	7.496458368421052	0.0	0.0	2	1.0078364593537765	-19.460217160096338	138.0	21	1.05	0.95				
	205	1	35.48323627719298	6.996694477192983	0.0	0.0	2	1.02313950003019	-20.071997947759563	138.0	21	1.05	0.95				
	206	1	67.96788920701755	13.993388954385965	0.0	-100.0	2	1.0384531815048377	-20.7761407410806	138.0	22	1.05	0.95				
	207	2	62.47048640350877	12.494097280701755	0.0	0.0	2	0.9916687763493987	-26.860637397982607	138.0	22	1.05	0.95				
	208	1	85.45962540000001	17.491736192982454	0.0	0.0	2	0.995002728639687	-24.53294585474644	138.0	22	1.05	0.95				
	209	1	87.45868096491229	17.991500084210525	0.0	0.0	2	1.0230636961003885	-16.789038716299547	138.0	23	1.05	0.95				
	210	1	97.45395878947369	19.99055564912281	0.0	0.0	2	1.05	-18.65611272352175	138.0	23	1.05	0.95				
	211	1	0.0	0.0	0.0	0.0	2	1.0146962518619262	-13.03056556746333	230.0	23	1.05	0.95				
	212	1	0.0	0.0	0.0	0.0	2	1.0143548343704962	-11.74634540546291	230.0	23	1.05	0.95				
	213	2	132.4374311754386	26.987250126315793	0.0	0.0	2	1.0199764277767691	-11.000274657245638	230.0	24	1.05	0.95				
	214	2	96.95419489824562	19.490791757894737	0.0	0.0	2	1.0204547110234967	-10.115972296832453	230.0	26	1.05	0.95				
	215	2	158.42515351929825	31.984889038596492	0.0	0.0	2	1.0307022055042308	-2.8356463926620807	230.0	26	1.05	0.95				
	216	2	49.97638912280702	9.995277824561406	0.0	0.0	2	1.0348016037500984	-2.9502431046353403	230.0	26	1.05	0.95				
	217	1	0.0	0.0	0.0	0.0	2	1.0378275514917559	-1.244247194207523	230.0	27	1.05	0.95				
	218	2	166.42137577894738	33.983944603508775	0.0	0.0	2	1.03565334985434	-1.9396043365774458	230.0	27	1.05	0.95				
	219	1	90.4572643122807	18.491263975438596	0.0	0.0	2	1.0381503706022808	-2.3509425571011953	230.0	25	1.05	0.95				
	220	1	63.969778077192984	12.993861171929824	0.0	0.0	2	1.0449085638336224	-0.8877539497913675	230.0	25	1.05	0.95				
	221	2	0.0	0.0	0.0	0.0	2	1.036435540316006	-1.4314426478235114	230.0	27	1.05	0.95				
	222	2	0.0	0.0	0.0	0.0	2	1.05	5.141893672982464	230.0	27	1.05	0.95				
	223	2	0.0	0.0	0.0	0.0	2	1.05	0.274965834145027	230.0	25	1.05	0.95				
	224	1	0.0	0.0	0.0	0.0	2	1.008694194059915	-7.064410292744116	230.0	26	1.05	0.95				
	301	2	64.26700412210526	13.091426765614036	0.0	0.0	3	1.036265641838239	7.5461670649636154	138.0	31	1.05	0.95				
	302	2	57.72129073929825	11.901297059649124	0.0	0.0	3	1.0321942957708192	7.191401148877562	138.0	32	1.05	0.95				
	303	1	107.1116735368421	22.017399560350878	0.0	0.0	3	1.05	24.962839612061153	138.0	31	1.05	0.95				
	304	1	44.034799120701756	8.925972794736841	0.0	0.0	3	1.009438835391923	9.410155341937916	138.0	31	1.05	0.95				
	305	1	42.24960456175438	8.330907941754386	0.0	0.0	3	1.0302308496057746	6.433201521062924	138.0	31	1.05	0.95				
	306	1	80.92882000561404	16.661815883508773	0.0	-100.0	3	1.032571333078916	5.130786663697685	138.0	32	1.05	0.95				
	307	2	74.38310662280702	14.876621324561404	0.0	0.0	3	0.95	5.484966225556552	138.0	32	1.05	0.95				
	308	1	101.75608986	20.827269854385964	0.0	0.0	3	0.9643693844862451	5.6028818073251525	138.0	32	1.05	0.95				
	309	1	104.13634927192983	21.42233470736842	0.0	0.0	3	1.0120509294066768	13.747721311600424	138.0	33	1.05	0.95				
	310	1	116.03764633157894	23.80259411929825	0.0	0.0	3	1.0386436181239953	7.2026892127757645	138.0	33	1.05	0.95				
	311	1	0.0	0.0	0.0	0.0	3	0.9986432824388138	12.287894903781773	230.0	33	1.05	0.95				
	312	1	0.0	0.0	0.0	0.0	3	1.0032770969875713	12.735764477648663	230.0	33	1.05	0.95				
	313	2	157.69218604035086	32.13350206105263	0.0	0.0	3	0.9991583418964252	14.398416106257155	230.0	34	1.05	0.95				
	314	2	115.4425814785965	23.20752926631579	0.0	0.0	3	0.9960357975995442	12.36888451105386	230.0	36	1.05	0.95				
	315	2	188.6355583954386	38.0841505908772	0.0	0.0	3	1.05	16.369607652743436	230.0	36	1.05	0.95				
	316	2	59.506485298245615	11.901297059649124	0.0	0.0	3	1.0386483602841663	16.066416797169758	230.0	36	1.05	0.95				
	317	1	0.0	0.0	0.0	0.0	3	1.05	21.054653448664123	230.0	37	1.05	0.95				
	318	2	198.1565960431579	40.46441000280702	0.0	0.0	3	1.0441164163939634	17.57460614989117	230.0	37	1.05	0.95				
	319	1	107.70673838982457	22.017399560350878	0.0	0.0	3	1.0242941547604758	14.581084308539362	230.0	35	1.05	0.95				
	320	1	76.1683011817544	15.47168617754386	0.0	0.0	3	1.0169784754113362	14.429441444257302	230.0	35	1.05	0.95				
	321	2	0.0	0.0	0.0	0.0	3	1.049140976651468	17.83235060505944	230.0	37	1.05	0.95				
	322	2	0.0	0.0	0.0	0.0	3	1.05	23.44407830931144	230.0	37	1.05	0.95				
	323	2	0.0	0.0	0.0	0.0	3	1.0143108681128454	14.811248278651076	230.0	35	1.05	0.95				
	324	1	0.0	0.0	0.0	0.0	3	1.0471729039705007	19.65488618909533	230.0	36	1.05	0.95				
	325	1	0.0	0.0	0.0	0.0	3	1.0158584940132245	15.349033729622613	230.0	35	1.05	0.95				
];
