%% MATPOWER Case Format : Version 2
function mpc = RTS_GMLC
mpc.version = '2';

%%-----  Power Flow Data  -----%%
%% system MVA base
mpc.baseMVA = 100.0;
%% bus data
%    bus_i    type    Pd    Qd    Gs    Bs    area    Vm    Va    baseKV    zone    Vmax    Vmin
mpc.bus = [
	101	2	94.45324096421054	19.24047501122807	0.0	0.0	1	1.0499999660060562	-0.7555865015939454	138.0	11	1.05	0.95				
	102	2	84.8330034585965	17.49134091929825	0.0	0.0	1	1.0497498833841572	-0.9359591950699031	138.0	12	1.05	0.95				
	103	1	157.4220682736842	32.35898070070176	0.0	0.0	1	1.0232871897052775	-1.5579504950790983	138.0	11	1.05	0.95				
	104	1	64.71796140140351	13.118505689473684	0.0	0.0	1	1.0237043772218435	-4.551837366448747	138.0	11	1.05	0.95				
	105	1	62.09426026350877	12.243938643508773	0.0	0.0	1	1.0375651326836248	-5.048811642367498	138.0	11	1.05	0.95				
	106	1	118.94111825122809	24.487877287017547	0.0	-100.0	1	1.0357422306540873	-8.270497044895624	138.0	12	1.05	0.95				
	107	2	109.32088074561403	21.86417614912281	0.0	0.0	1	1.0431716590677467	-6.551954976523506	138.0	12	1.05	0.95				
	108	1	149.55096486	30.609846608771928	0.0	0.0	1	1.0178063425240724	-8.977121013497065	138.0	12	1.05	0.95				
	109	1	153.04923304385966	31.48441365473684	0.0	0.0	1	1.026848268642018	-4.994610742941762	138.0	13	1.05	0.95				
	110	1	170.5405739631579	34.9826818385965	0.0	0.0	1	1.05	-6.734839299340406	138.0	13	1.05	0.95				
	111	1	0.0	0.0	0.0	0.0	1	1.0183221814821717	-2.0070631806953134	230.0	13	1.05	0.95				
	112	1	0.0	0.0	0.0	0.0	1	1.0189334993207186	-1.3455618244543268	230.0	13	1.05	0.95				
	113	3	231.76026718070176	47.22662048210527	0.0	0.0	1	1.0211916103696252	-8.948220362942757e-28	230.0	14	1.05	0.95				
	114	2	169.666006917193	34.10811479263158	0.0	0.0	1	1.0248001174936656	0.08901409209226377	230.0	16	1.05	0.95				
	115	2	277.2377535708772	55.97229094175439	0.0	0.0	1	1.0422672468714504	9.563012750521871	230.0	16	1.05	0.95				
	116	2	87.45670459649124	17.49134091929825	0.0	0.0	1	1.0421873061378366	8.419209002167989	230.0	16	1.05	0.95				
	117	1	0.0	0.0	0.0	0.0	1	1.0459471549312789	12.068462076524995	230.0	17	1.05	0.95				
	118	2	291.2308263063158	59.470559125614045	0.0	0.0	1	1.048812217126259	12.885723956532292	230.0	17	1.05	0.95				
	119	1	158.2966353196491	32.35898070070176	0.0	0.0	1	1.0364387845407717	6.457467391964469	230.0	15	1.05	0.95				
	120	1	111.94458188350877	22.73874319508772	0.0	0.0	1	1.0388959174713306	5.906366123219054	230.0	15	1.05	0.95				
	121	2	0.0	0.0	0.0	0.0	1	1.05	15.1572337312531	230.0	17	1.05	0.95				
	122	2	0.0	0.0	0.0	0.0	1	1.05	20.723676783366923	230.0	17	1.05	0.95				
	123	2	0.0	0.0	0.0	0.0	1	1.0427825612786565	6.248106291766587	230.0	15	1.05	0.95				
	124	1	0.0	0.0	0.0	0.0	1	1.021263566273484	5.430394914430136	230.0	16	1.05	0.95				
	201	2	82.60223517473685	16.826381239298247	0.0	0.0	2	1.0403575319046066	-13.559621483403216	138.0	21	1.05	0.95				
	202	2	74.18904455508772	15.296710217543863	0.0	0.0	2	1.040600239398785	-13.65128120127634	138.0	22	1.05	0.95				
	203	1	137.67039195789474	28.298913902456142	0.0	0.0	2	1.0260161495244706	-10.178211480321783	138.0	21	1.05	0.95				
	204	1	56.597827804912285	11.472532663157894	0.0	0.0	2	1.01910343385742	-15.08052753495729	138.0	21	1.05	0.95				
	205	1	54.303321272280705	10.707697152280705	0.0	0.0	2	1.0354676594610295	-15.536237908992236	138.0	21	1.05	0.95				
	206	1	104.01762947929826	21.41539430456141	0.0	-100.0	2	1.0382241219676025	-17.365578256468236	138.0	22	1.05	0.95				
	207	2	95.60443885964914	19.120887771929826	0.0	0.0	2	0.9554971718153543	-28.769857548983683	138.0	22	1.05	0.95				
	208	1	130.78687236000002	26.769242880701754	0.0	0.0	2	0.96111333173704	-24.932246955338037	138.0	22	1.05	0.95				
	209	1	133.84621440350878	27.534078391578948	0.0	0.0	2	1.0257616121751496	-13.163459122507223	138.0	23	1.05	0.95				
	210	1	149.14292462105263	30.593420435087726	0.0	0.0	2	1.05	-15.145047665715687	138.0	23	1.05	0.95				
	211	1	0.0	0.0	0.0	0.0	2	1.030164555527383	-9.04181586307278	230.0	23	1.05	0.95				
	212	1	0.0	0.0	0.0	0.0	2	1.0226332094891137	-5.477543838597997	230.0	23	1.05	0.95				
	213	2	202.68141038245614	41.301117587368424	0.0	0.0	2	1.0403667849975984	-6.465751425553095	230.0	24	1.05	0.95				
	214	2	148.37808911017544	29.828584924210528	0.0	0.0	2	1.047354333257764	-6.376005699258883	230.0	26	1.05	0.95				
	215	2	242.45285694807018	48.949472696140354	0.0	0.0	2	1.0463561054841577	2.138904086188965	230.0	26	1.05	0.95				
	216	2	76.4835510877193	15.296710217543863	0.0	0.0	2	1.048521217191072	2.121982220474944	230.0	26	1.05	0.95				
	217	1	0.0	0.0	0.0	0.0	2	1.0494768190868446	4.816930374014704	230.0	27	1.05	0.95				
	218	2	254.69022512210532	52.00881473964913	0.0	0.0	2	1.0499997111641788	5.129620315979677	230.0	27	1.05	0.95				
	219	1	138.43522746877196	28.298913902456142	0.0	0.0	2	1.0433036036236902	2.5375534264708355	230.0	25	1.05	0.95				
	220	1	97.89894539228071	19.885723282807017	0.0	0.0	2	1.0457694684159338	4.330756272476263	230.0	25	1.05	0.95				
	221	2	0.0	0.0	0.0	0.0	2	1.05	5.157133996909692	230.0	27	1.05	0.95				
	222	2	0.0	0.0	0.0	0.0	2	1.05	11.536096021335986	230.0	27	1.05	0.95				
	223	2	0.0	0.0	0.0	0.0	2	1.05	5.868512759741713	230.0	25	1.05	0.95				
	224	1	0.0	0.0	0.0	0.0	2	1.023201600277075	-2.435151068830248	230.0	26	1.05	0.95				
	301	2	70.9977855031579	14.462511861754384	0.0	0.0	3	0.990766446563396	19.579506334704583	138.0	31	1.05	0.95				
	302	2	63.766529572280696	13.147738056140351	0.0	0.0	3	0.9901074668708973	19.411957507642754	138.0	32	1.05	0.95				
	303	1	118.32964250526314	24.323315403859645	0.0	0.0	3	1.0357363263926942	26.842768084184797	138.0	31	1.05	0.95				
	304	1	48.64663080771929	9.860803542105263	0.0	0.0	3	0.9996690795646068	21.342635613622846	138.0	31	1.05	0.95				
	305	1	46.67447009929824	9.203416639298245	0.0	0.0	3	1.0107001331697256	20.8357241304486	138.0	31	1.05	0.95				
	306	1	89.40461878175438	18.40683327859649	0.0	-100.0	3	1.0289908566211328	20.804064508228528	138.0	32	1.05	0.95				
	307	2	82.17336285087718	16.434672570175437	0.0	0.0	3	0.9842858215580177	17.05387378486579	138.0	32	1.05	0.95				
	308	1	112.41316038	23.00854159824561	0.0	0.0	3	0.99701944748535	20.01117502033025	138.0	32	1.05	0.95				
	309	1	115.04270799122807	23.66592850105263	0.0	0.0	3	1.0309401592313638	25.57577746201943	138.0	33	1.05	0.95				
	310	1	128.1904460473684	26.295476112280703	0.0	0.0	3	1.05	24.195854380489116	138.0	33	1.05	0.95				
	311	1	0.0	0.0	0.0	0.0	3	1.0217733219306544	30.29439410444443	230.0	33	1.05	0.95				
	312	1	0.0	0.0	0.0	0.0	3	1.0279257464743894	31.52984501292035	230.0	33	1.05	0.95				
	313	2	174.20752924385963	35.49889275157895	0.0	0.0	3	1.05	39.13160824676612	230.0	34	1.05	0.95				
	314	2	127.53305914456139	25.638089209473687	0.0	0.0	3	1.0236482315398088	27.767384034184293	230.0	36	1.05	0.95				
	315	2	208.39164818982456	42.07276177964912	0.0	0.0	3	1.0481665046598856	21.11527405999214	230.0	36	1.05	0.95				
	316	2	65.73869028070175	13.147738056140351	0.0	0.0	3	1.0475599044209396	22.506599999468765	230.0	36	1.05	0.95				
	317	1	0.0	0.0	0.0	0.0	3	1.05	20.282958640714494	230.0	37	1.05	0.95				
	318	2	218.90983863473684	44.70230939087719	0.0	0.0	3	1.0495808927131016	18.508020607171204	230.0	37	1.05	0.95				
	319	1	118.98702940807017	24.323315403859645	0.0	0.0	3	1.0460802872410133	24.92414411526988	230.0	35	1.05	0.95				
	320	1	84.14552355929824	17.092059472982456	0.0	0.0	3	1.047901001979668	26.804434618036552	230.0	35	1.05	0.95				
	321	2	0.0	0.0	0.0	0.0	3	1.0494802952691502	19.959935777273902	230.0	37	1.05	0.95				
	322	2	0.0	0.0	0.0	0.0	3	1.05	24.433517780857407	230.0	37	1.05	0.95				
	323	2	0.0	0.0	0.0	0.0	3	1.0487355047815483	27.41117676458253	230.0	35	1.05	0.95				
	324	1	0.0	0.0	0.0	0.0	3	1.043330450132791	25.139447040267527	230.0	36	1.05	0.95				
	325	1	0.0	0.0	0.0	0.0	3	1.05	26.378575943259488	230.0	35	1.05	0.95				
];
