%% MATPOWER Case Format : Version 2
function mpc = RTS_GMLC
mpc.version = '2';

%%-----  Power Flow Data  -----%%
%% system MVA base
mpc.baseMVA = 100.0;
%% bus data
%    bus_i    type    Pd    Qd    Gs    Bs    area    Vm    Va    baseKV    zone    Vmax    Vmin
mpc.bus = [
	101	2	54.18703610526316	11.038099947368421	0.0	0.0	1	1.034522215993402	1.2103352387511421	138.0	11	1.05	0.95				
	102	2	48.66798613157894	10.034636315789475	0.0	0.0	1	1.0340949632635787	1.0630120371231653	138.0	12	1.05	0.95				
	103	1	90.31172684210527	18.564077184210525	0.0	0.0	1	1.0254340347620965	-0.4085464206963124	138.0	11	1.05	0.95				
	104	1	37.12815436842105	7.525977236842104	0.0	0.0	1	1.0205065450334188	-2.0466432976542315	138.0	11	1.05	0.95				
	105	1	35.62295892105263	7.024245421052633	0.0	0.0	1	1.0354661897771416	-1.8846976453364777	138.0	11	1.05	0.95				
	106	1	68.23552694736843	14.048490842105267	0.0	-100.0	1	1.043628084342077	-4.121585732861966	138.0	12	1.05	0.95				
	107	2	62.71647697368421	12.543295394736841	0.0	0.0	1	1.0125243956188283	-6.67558844712437	138.0	12	1.05	0.95				
	108	1	85.79614049999999	17.560613552631576	0.0	0.0	1	1.010223128923898	-6.703026818829747	138.0	12	1.05	0.95				
	109	1	87.8030677631579	18.062345368421052	0.0	0.0	1	1.024880653593696	-2.563021712314972	138.0	13	1.05	0.95				
	110	1	97.83770407894737	20.06927263157895	0.0	0.0	1	1.05	-3.4452641099395733	138.0	13	1.05	0.95				
	111	1	0.0	0.0	0.0	0.0	1	1.0054817565360792	-0.5961946862890891	230.0	13	1.05	0.95				
	112	1	0.0	0.0	0.0	0.0	1	1.0100612253529002	-0.03099255268075937	230.0	13	1.05	0.95				
	113	3	132.9589311842105	27.09351805263158	0.0	0.0	1	0.9999924875022321	-2.8235980880486132e-30	230.0	14	1.05	0.95				
	114	2	97.33597226315788	19.567540815789474	0.0	0.0	1	1.0027376273568933	1.4085908490219954	230.0	16	1.05	0.95				
	115	2	159.04898560526314	32.110836210526315	0.0	0.0	1	1.0355242968515268	7.588900692029342	230.0	16	1.05	0.95				
	116	2	50.173181578947364	10.034636315789475	0.0	0.0	1	1.032500582605515	7.207787862492442	230.0	16	1.05	0.95				
	117	1	0.0	0.0	0.0	0.0	1	1.0386900413419984	9.165237040677587	230.0	17	1.05	0.95				
	118	2	167.07669465789473	34.117763473684214	0.0	0.0	1	1.0401718713316086	9.21692552945208	230.0	17	1.05	0.95				
	119	1	90.81345865789474	18.564077184210525	0.0	0.0	1	1.0274906530538965	6.265021173294801	230.0	15	1.05	0.95				
	120	1	64.22167242105263	13.045027210526317	0.0	0.0	1	1.0269551852305596	6.416571665669871	230.0	15	1.05	0.95				
	121	2	0.0	0.0	0.0	0.0	1	1.0433412113732767	10.418526388736373	230.0	17	1.05	0.95				
	122	2	0.0	0.0	0.0	0.0	1	1.05	16.680185990582142	230.0	17	1.05	0.95				
	123	2	0.0	0.0	0.0	0.0	1	1.027591279155991	6.884229014399974	230.0	15	1.05	0.95				
	124	1	0.0	0.0	0.0	0.0	1	1.0215678100502754	4.596474842457138	230.0	16	1.05	0.95				
	201	2	55.65748464000001	11.337635760000001	0.0	0.0	2	1.0323516703903608	-7.944947122515331	138.0	21	1.05	0.95				
	202	2	49.98866676000001	10.306941600000002	0.0	0.0	2	1.0327422044907828	-7.93223979771841	138.0	22	1.05	0.95				
	203	1	92.76247440000002	19.067841960000003	0.0	0.0	2	1.0209000752549284	-7.057415563769427	138.0	21	1.05	0.95				
	204	1	38.135683920000005	7.7302062000000005	0.0	0.0	2	1.0191818021227674	-10.09236469324735	138.0	21	1.05	0.95				
	205	1	36.58964268	7.214859120000002	0.0	0.0	2	1.0346297570268619	-10.288588976216671	138.0	21	1.05	0.95				
	206	1	70.08720288	14.429718240000003	0.0	-100.0	2	1.0433530596426173	-12.087428036646525	138.0	22	1.05	0.95				
	207	2	64.41838500000001	12.883677000000002	0.0	0.0	2	0.9902786207295813	-19.83713507850331	138.0	22	1.05	0.95				
	208	1	88.12435068	18.0371478	0.0	0.0	2	0.9936106192182255	-17.42794281323758	138.0	22	1.05	0.95				
	209	1	90.18573900000001	18.55249488	0.0	0.0	2	1.0234073390700322	-9.765265671405702	138.0	23	1.05	0.95				
	210	1	100.4926806	20.613883200000004	0.0	0.0	2	1.05	-11.034216234697235	138.0	23	1.05	0.95				
	211	1	0.0	0.0	0.0	0.0	2	1.009654273766518	-6.749283740476197	230.0	23	1.05	0.95				
	212	1	0.0	0.0	0.0	0.0	2	1.0101621160218994	-6.03610360311046	230.0	23	1.05	0.95				
	213	2	136.56697620000003	27.828742320000003	0.0	0.0	2	1.005608848076693	-5.675546850291662	230.0	24	1.05	0.95				
	214	2	99.97733352000002	20.098536120000006	0.0	0.0	2	1.0145568991549878	-3.971602114042177	230.0	26	1.05	0.95				
	215	2	163.36502436000004	32.982213120000004	0.0	0.0	2	1.031041831708461	3.1077070289432935	230.0	26	1.05	0.95				
	216	2	51.53470800000001	10.306941600000002	0.0	0.0	2	1.0324600407896465	3.0927034574693706	230.0	26	1.05	0.95				
	217	1	0.0	0.0	0.0	0.0	2	1.037439940498466	5.97243418155296	230.0	27	1.05	0.95				
	218	2	171.61057764000003	35.04360144	0.0	0.0	2	1.0392489001088017	6.480829127496337	230.0	27	1.05	0.95				
	219	1	93.27782148000001	19.067841960000003	0.0	0.0	2	1.0301947543307937	2.3733928208544963	230.0	25	1.05	0.95				
	220	1	65.96442624000001	13.399024080000002	0.0	0.0	2	1.0321291371693766	2.7425373128933725	230.0	25	1.05	0.95				
	221	2	0.0	0.0	0.0	0.0	2	1.0390083424998464	6.1131853031627585	230.0	27	1.05	0.95				
	222	2	0.0	0.0	0.0	0.0	2	1.05	12.559023723553791	230.0	27	1.05	0.95				
	223	2	0.0	0.0	0.0	0.0	2	1.0342243753712195	3.334149317172781	230.0	25	1.05	0.95				
	224	1	0.0	0.0	0.0	0.0	2	1.0146701524327113	-0.700484488787402	230.0	26	1.05	0.95				
	301	2	40.4871876	8.247390066666666	0.0	0.0	3	1.0122557165262125	-9.95898585680766	138.0	31	1.05	0.95				
	302	2	36.363492566666665	7.497627333333333	0.0	0.0	3	1.0121309404208405	-10.117225202124045	138.0	32	1.05	0.95				
	303	1	67.478646	13.870610566666667	0.0	0.0	3	1.0315104269623698	-3.2529672330833197	138.0	31	1.05	0.95				
	304	1	27.741221133333333	5.6232205	0.0	0.0	3	1.013447788152343	-8.964457362721083	138.0	31	1.05	0.95				
	305	1	26.616577033333332	5.248339133333333	0.0	0.0	3	1.0265803975888426	-9.9427549463096	138.0	31	1.05	0.95				
	306	1	50.98386586666667	10.496678266666667	0.0	-100.0	3	1.0430285064922047	-10.400617731418283	138.0	32	1.05	0.95				
	307	2	46.86017083333333	9.372034166666667	0.0	0.0	3	0.9932237539571069	-14.202018820488199	138.0	32	1.05	0.95				
	308	1	64.10471369999999	13.120847833333332	0.0	0.0	3	1.0016620891547419	-12.562770747243203	138.0	32	1.05	0.95				
	309	1	65.60423916666667	13.495729200000001	0.0	0.0	3	1.025549788607875	-6.477974011891561	138.0	33	1.05	0.95				
	310	1	73.1018665	14.995254666666666	0.0	0.0	3	1.05	-8.7172476179478	138.0	33	1.05	0.95				
	311	1	0.0	0.0	0.0	0.0	3	1.0030144893690711	-4.164048855370871	230.0	33	1.05	0.95				
	312	1	0.0	0.0	0.0	0.0	3	1.0087871194796791	-3.6724580718563784	230.0	33	1.05	0.95				
	313	2	99.34356216666667	20.2435938	0.0	0.0	3	1.0056725913951245	-1.0220835062092115	230.0	34	1.05	0.95				
	314	2	72.72698513333333	14.6203733	0.0	0.0	3	0.9942115825847108	-3.3269976711714335	230.0	36	1.05	0.95				
	315	2	118.83739323333333	23.992407466666666	0.0	0.0	3	1.019032336981848	-0.5197057817780195	230.0	36	1.05	0.95				
	316	2	37.48813666666667	7.497627333333333	0.0	0.0	3	1.0176862419481538	0.08850425621499675	230.0	36	1.05	0.95				
	317	1	0.0	0.0	0.0	0.0	3	1.0238474020132147	0.8489887593920538	230.0	37	1.05	0.95				
	318	2	124.8354951	25.491932933333334	0.0	0.0	3	1.0232784301393334	0.50178565352232	230.0	37	1.05	0.95				
	319	1	67.85352736666667	13.870610566666667	0.0	0.0	3	1.0137943648816288	-0.43696249469020565	230.0	35	1.05	0.95				
	320	1	47.98481493333333	9.746915533333333	0.0	0.0	3	1.012736307624569	-0.14342570311050937	230.0	35	1.05	0.95				
	321	2	0.0	0.0	0.0	0.0	3	1.0238766201208584	0.7079532864414404	230.0	37	1.05	0.95				
	322	2	0.0	0.0	0.0	0.0	3	1.0373050647704838	5.176847357190321	230.0	37	1.05	0.95				
	323	2	0.0	0.0	0.0	0.0	3	1.0125578202853267	0.31664968330316895	230.0	35	1.05	0.95				
	324	1	0.0	0.0	0.0	0.0	3	1.0182193585673724	-1.5724662972539714	230.0	36	1.05	0.95				
	325	1	0.0	0.0	0.0	0.0	3	1.013011954909125	1.1924577108458982	230.0	35	1.05	0.95				
];
