%% MATPOWER Case Format : Version 2
function mpc = RTS_GMLC
mpc.version = '2';

%%-----  Power Flow Data  -----%%
%% system MVA base
mpc.baseMVA = 100.0;
%% bus data
%    bus_i    type    Pd    Qd    Gs    Bs    area    Vm    Va    baseKV    zone    Vmax    Vmin
mpc.bus = [
	101	2	47.56061357052632	9.688273134736843	0.0	0.0	1	1.0452760265290695	2.4422409226485144	138.0	11	1.05	0.95				
	102	2	42.71647700315789	8.807521031578949	0.0	0.0	1	1.043595401164483	1.9910970916868471	138.0	12	1.05	0.95				
	103	1	79.26768928421053	16.293913908421054	0.0	0.0	1	1.0284503071203994	-0.3398180848501892	138.0	11	1.05	0.95				
	104	1	32.58782781684211	6.60564077368421	0.0	0.0	1	1.0274742014009628	-1.1888107147269913	138.0	11	1.05	0.95				
	105	1	31.266699662105264	6.165264722105264	0.0	0.0	1	1.041229569890109	-1.2449798775658756	138.0	11	1.05	0.95				
	106	1	59.89114301473685	12.330529444210528	0.0	-100.0	1	1.0472841904955201	-3.8440385986143437	138.0	12	1.05	0.95				
	107	2	55.04700644736842	11.009401289473685	0.0	0.0	1	1.0013351460546311	-9.682171091040608	138.0	12	1.05	0.95				
	108	1	75.30430482	15.413161805263156	0.0	0.0	1	1.0042969642479032	-8.334753541066256	138.0	12	1.05	0.95				
	109	1	77.06580902631579	15.853537856842106	0.0	0.0	1	1.0240947147564183	-2.8829749944448952	138.0	13	1.05	0.95				
	110	1	85.87333005789473	17.615042063157897	0.0	0.0	1	1.05	-3.646980304940511	138.0	13	1.05	0.95				
	111	1	0.0	0.0	0.0	0.0	1	1.0022568887952075	-1.1368359338812926	230.0	13	1.05	0.95				
	112	1	0.0	0.0	0.0	0.0	1	1.0067090402914123	-1.279485574550721	230.0	13	1.05	0.95				
	113	3	116.69965366842105	23.78030678526316	0.0	0.0	1	0.9950253366893084	3.283616855818045e-30	230.0	14	1.05	0.95				
	114	2	85.43295400631578	17.17466601157895	0.0	0.0	1	0.9973245628587079	0.13975827052001533	230.0	16	1.05	0.95				
	115	2	139.59920835052634	28.184067301052636	0.0	0.0	1	1.0300886516586019	5.626010004625817	230.0	16	1.05	0.95				
	116	2	44.03760515789474	8.807521031578949	0.0	0.0	1	1.025556688252477	4.565742359572282	230.0	16	1.05	0.95				
	117	1	0.0	0.0	0.0	0.0	1	1.0336756629663608	7.908677359268662	230.0	17	1.05	0.95				
	118	2	146.64522517578948	29.945571507368424	0.0	0.0	1	1.0368868095359929	8.562569724084412	230.0	17	1.05	0.95				
	119	1	79.70806533578948	16.293913908421054	0.0	0.0	1	1.0156735490165272	2.4233807566764525	230.0	15	1.05	0.95				
	120	1	56.36813460210527	11.449777341052632	0.0	0.0	1	1.0107891879657789	1.2865790921088065	230.0	15	1.05	0.95				
	121	2	0.0	0.0	0.0	0.0	1	1.039403285787016	10.071288002422907	230.0	17	1.05	0.95				
	122	2	0.0	0.0	0.0	0.0	1	1.05	16.37891183765697	230.0	17	1.05	0.95				
	123	2	0.0	0.0	0.0	0.0	1	1.008745298840476	1.0077223829909159	230.0	15	1.05	0.95				
	124	1	0.0	0.0	0.0	0.0	1	1.021343060410354	3.375806828138169	230.0	16	1.05	0.95				
	201	2	46.12057294736842	9.394931526315789	0.0	0.0	2	1.0159879059283456	-11.032905864551443	138.0	21	1.05	0.95				
	202	2	41.42310718421052	8.540846842105264	0.0	0.0	2	1.015154264916571	-11.277098353576513	138.0	22	1.05	0.95				
	203	1	76.86762157894736	15.800566657894736	0.0	0.0	2	1.014303528214674	-8.151247369520451	138.0	21	1.05	0.95				
	204	1	31.601133315789472	6.405635131578948	0.0	0.0	2	1.0128627101334806	-10.615722879107041	138.0	21	1.05	0.95				
	205	1	30.32000628947368	5.9785927894736846	0.0	0.0	2	1.0277258221704295	-10.9658409940796	138.0	21	1.05	0.95				
	206	1	58.07775852631579	11.957185578947369	0.0	-100.0	2	1.0422690515437831	-11.456069432670546	138.0	22	1.05	0.95				
	207	2	53.3802927631579	10.676058552631579	0.0	0.0	2	0.9983378204697826	-16.621616909477563	138.0	22	1.05	0.95				
	208	1	73.02424049999999	14.94648197368421	0.0	0.0	2	1.0021367925540516	-14.676473980406064	138.0	22	1.05	0.95				
	209	1	74.73240986842104	15.373524315789473	0.0	0.0	2	1.0236041372902431	-8.309910754105122	138.0	23	1.05	0.95				
	210	1	83.27325671052631	17.081693684210528	0.0	0.0	2	1.05	-9.526074897690384	138.0	23	1.05	0.95				
	211	1	0.0	0.0	0.0	0.0	2	1.004586978435328	-5.6319445683834655	230.0	23	1.05	0.95				
	212	1	0.0	0.0	0.0	0.0	2	1.0088598123498493	-2.175553785924777	230.0	23	1.05	0.95				
	213	2	113.16622065789473	23.06028647368421	0.0	0.0	2	1.0004233889240435	-3.5087022783079505	230.0	24	1.05	0.95				
	214	2	82.84621436842104	16.654651342105264	0.0	0.0	2	1.0031466350555651	-4.071995858634243	230.0	26	1.05	0.95				
	215	2	135.37242244736842	27.33070989473684	0.0	0.0	2	1.0178312110791772	0.9377854848080749	230.0	26	1.05	0.95				
	216	2	42.704234210526316	8.540846842105264	0.0	0.0	2	1.0173317710296417	0.7862349743913086	230.0	26	1.05	0.95				
	217	1	0.0	0.0	0.0	0.0	2	1.0217254097125141	1.6093304995059172	230.0	27	1.05	0.95				
	218	2	142.20509992105264	29.038879263157895	0.0	0.0	2	1.0212438235994643	1.2658079856228626	230.0	27	1.05	0.95				
	219	1	77.29466392105263	15.800566657894736	0.0	0.0	2	1.0157730465253774	1.0949421535594286	230.0	25	1.05	0.95				
	220	1	54.66141978947368	11.103100894736842	0.0	0.0	2	1.0174292582576754	2.21335000733171	230.0	25	1.05	0.95				
	221	2	0.0	0.0	0.0	0.0	2	1.0236416454252633	1.957942829603631	230.0	27	1.05	0.95				
	222	2	0.0	0.0	0.0	0.0	2	1.045298694500075	8.370743742508878	230.0	27	1.05	0.95				
	223	2	0.0	0.0	0.0	0.0	2	1.019271910317353	3.160651311250269	230.0	25	1.05	0.95				
	224	1	0.0	0.0	0.0	0.0	2	1.005336442220999	-2.4887996157252736	230.0	26	1.05	0.95				
	301	2	41.99050932631579	8.553622270175438	0.0	0.0	3	1.0067490919376438	0.31010055322419755	138.0	31	1.05	0.95				
	302	2	37.71369819122807	7.776020245614035	0.0	0.0	3	1.0067683147773177	0.26654289362779915	138.0	32	1.05	0.95				
	303	1	69.98418221052631	14.385637454385963	0.0	0.0	3	1.0139478562995834	2.7977796985803893	138.0	31	1.05	0.95				
	304	1	28.771274908771925	5.832015184210526	0.0	0.0	3	1.0093256883478896	1.4904792744697624	138.0	31	1.05	0.95				
	305	1	27.60487187192982	5.443214171929825	0.0	0.0	3	1.0231220553942642	1.429494756671468	138.0	31	1.05	0.95				
	306	1	52.87693767017544	10.88642834385965	0.0	-100.0	3	1.0412147206556448	1.5722732882465784	138.0	32	1.05	0.95				
	307	2	48.60012653508772	9.720025307017544	0.0	0.0	3	0.9935588855715233	-1.8788891526777685	138.0	32	1.05	0.95				
	308	1	66.4849731	13.608035429824561	0.0	0.0	3	1.0034593774187084	-0.19954305132361622	138.0	32	1.05	0.95				
	309	1	68.0401771491228	13.996836442105263	0.0	0.0	3	1.023114866091096	4.097680391407765	138.0	33	1.05	0.95				
	310	1	75.81619739473683	15.55204049122807	0.0	0.0	3	1.05	3.798735919795084	138.0	33	1.05	0.95				
	311	1	0.0	0.0	0.0	0.0	3	1.0007616559508037	8.038042930339653	230.0	33	1.05	0.95				
	312	1	0.0	0.0	0.0	0.0	3	1.008175215820285	8.64725504240293	230.0	33	1.05	0.95				
	313	2	103.03226825438597	20.995254663157894	0.0	0.0	3	1.0073357705029282	12.872715497470862	230.0	34	1.05	0.95				
	314	2	75.42739638245614	15.163239478947368	0.0	0.0	3	0.9909475655981792	8.023924906583513	230.0	36	1.05	0.95				
	315	2	123.24992089298246	24.88326478596491	0.0	0.0	3	1.0088769362813328	5.806617903569785	230.0	36	1.05	0.95				
	316	2	38.880101228070174	7.776020245614035	0.0	0.0	3	1.0080166586572294	6.386990216517098	230.0	36	1.05	0.95				
	317	1	0.0	0.0	0.0	0.0	3	1.014597853759035	6.852993267053293	230.0	37	1.05	0.95				
	318	2	129.4707370894737	26.43846883508772	0.0	0.0	3	1.0134037797859219	6.005947290915944	230.0	37	1.05	0.95				
	319	1	70.37298322280702	14.385637454385963	0.0	0.0	3	1.009165056749835	7.937653521953328	230.0	35	1.05	0.95				
	320	1	49.76652957192982	10.108826319298245	0.0	0.0	3	1.0102159862978093	8.846821419003518	230.0	35	1.05	0.95				
	321	2	0.0	0.0	0.0	0.0	3	1.0139424299081596	6.516610797226985	230.0	37	1.05	0.95				
	322	2	0.0	0.0	0.0	0.0	3	1.027888389336502	11.144015419908103	230.0	37	1.05	0.95				
	323	2	0.0	0.0	0.0	0.0	3	1.010574234792544	9.311762952814414	230.0	35	1.05	0.95				
	324	1	0.0	0.0	0.0	0.0	3	1.0071798639331169	6.137961311311404	230.0	36	1.05	0.95				
	325	1	0.0	0.0	0.0	0.0	3	1.0137019899484592	9.392032913547613	230.0	35	1.05	0.95				
];
