%% MATPOWER Case Format : Version 2
function mpc = RTS_GMLC
mpc.version = '2';

%%-----  Power Flow Data  -----%%
%% system MVA base
mpc.baseMVA = 100.0;
%% bus data
%    bus_i    type    Pd    Qd    Gs    Bs    area    Vm    Va    baseKV    zone    Vmax    Vmin
mpc.bus = [
	101	2	56.618505701052634	11.533399309473683	0.0	0.0	1	1.0322098451495276	1.5759491513488093	138.0	11	1.05	0.95				
	102	2	50.85180604631579	10.484908463157893	0.0	0.0	1	1.03185788692126	1.4470777388821343	138.0	12	1.05	0.95				
	103	1	94.36417616842104	19.397080656842103	0.0	0.0	1	1.0256180652793425	-0.06292047037044253	138.0	11	1.05	0.95				
	104	1	38.79416131368421	7.86368134736842	0.0	0.0	1	1.0193838056858466	-1.703998056206644	138.0	11	1.05	0.95				
	105	1	37.22142504421052	7.339435924210526	0.0	0.0	1	1.0339666235515659	-1.5550512575757265	138.0	11	1.05	0.95				
	106	1	71.29737754947368	14.678871848421052	0.0	-100.0	1	1.0424159879812807	-3.822180271764968	138.0	12	1.05	0.95				
	107	2	65.53067789473684	13.106135578947367	0.0	0.0	1	1.027834375170509	-3.71448226036352	138.0	12	1.05	0.95				
	108	1	89.64596735999999	18.348589810526313	0.0	0.0	1	1.0190988426056613	-4.895778317111332	138.0	12	1.05	0.95				
	109	1	91.74294905263157	18.872835233684206	0.0	0.0	1	1.0255002000654225	-2.156455670829054	138.0	13	1.05	0.95				
	110	1	102.22785751578947	20.969816926315787	0.0	0.0	1	1.05	-3.0725947466374977	138.0	13	1.05	0.95				
	111	1	0.0	0.0	0.0	0.0	1	1.0056695937998774	-0.3751289581627943	230.0	13	1.05	0.95				
	112	1	0.0	0.0	0.0	0.0	1	1.0107826318484154	0.11472483570523677	230.0	13	1.05	0.95				
	113	3	138.92503713684206	28.309252850526317	0.0	0.0	1	0.999948746107106	3.733321560858907e-30	230.0	14	1.05	0.95				
	114	2	101.70361209263157	20.445571503157893	0.0	0.0	1	1.0025791514492841	1.6541365694673342	230.0	16	1.05	0.95				
	115	2	166.1857991410526	33.55170708210526	0.0	0.0	1	1.0390315863229393	8.140596325063283	230.0	16	1.05	0.95				
	116	2	52.424542315789466	10.484908463157893	0.0	0.0	1	1.0353366454094581	7.599922392936393	230.0	16	1.05	0.95				
	117	1	0.0	0.0	0.0	0.0	1	1.0416538626453675	9.697718116355711	230.0	17	1.05	0.95				
	118	2	174.57372591157895	35.64868877473684	0.0	0.0	1	1.0439713057921751	9.705001344791107	230.0	17	1.05	0.95				
	119	1	94.88842159157895	19.397080656842103	0.0	0.0	1	1.0293602885408932	6.401606194618426	230.0	15	1.05	0.95				
	120	1	67.10341416421052	13.630381002105263	0.0	0.0	1	1.0283248130944673	6.368202366180005	230.0	15	1.05	0.95				
	121	2	0.0	0.0	0.0	0.0	1	1.0477708647332316	10.910525319331827	230.0	17	1.05	0.95				
	122	2	0.0	0.0	0.0	0.0	1	1.05	18.128159623436574	230.0	17	1.05	0.95				
	123	2	0.0	0.0	0.0	0.0	1	1.028751417535076	6.749938327585455	230.0	15	1.05	0.95				
	124	1	0.0	0.0	0.0	0.0	1	1.0235747119566507	5.081501975116518	230.0	16	1.05	0.95				
	201	2	63.05241618947369	12.844010705263159	0.0	0.0	2	1.0326256230747737	-9.804016389087732	138.0	21	1.05	0.95				
	202	2	56.6304108368421	11.676373368421054	0.0	0.0	2	1.032825562341122	-9.88087131283745	138.0	22	1.05	0.95				
	203	1	105.0873603157895	21.60129073157895	0.0	0.0	2	1.0222377437472652	-7.787584545788726	138.0	21	1.05	0.95				
	204	1	43.2025814631579	8.75728002631579	0.0	0.0	2	1.0180263032876251	-12.12188182840872	138.0	21	1.05	0.95				
	205	1	41.45112545789474	8.17346135789474	0.0	0.0	2	1.0337302974922151	-12.400734994705461	138.0	21	1.05	0.95				
	206	1	79.39933890526318	16.34692271578948	0.0	-100.0	2	1.0412986059161982	-14.412279143535056	138.0	22	1.05	0.95				
	207	2	72.97733355263159	14.595466710526317	0.0	0.0	2	0.9881470078545577	-23.22843279997129	138.0	22	1.05	0.95				
	208	1	99.8329923	20.433653394736844	0.0	0.0	2	0.9892399441373443	-20.437331626289858	138.0	22	1.05	0.95				
	209	1	102.16826697368421	21.017472063157896	0.0	0.0	2	1.023729028701314	-11.58506167603867	138.0	23	1.05	0.95				
	210	1	113.84464034210527	23.352746736842107	0.0	0.0	2	1.05	-13.188895948984808	138.0	23	1.05	0.95				
	211	1	0.0	0.0	0.0	0.0	2	1.0143123645989953	-8.409928232229005	230.0	23	1.05	0.95				
	212	1	0.0	0.0	0.0	0.0	2	1.0142672789785427	-7.446267898983156	230.0	23	1.05	0.95				
	213	2	154.71194713157897	31.526208094736845	0.0	0.0	2	1.0143214824828155	-7.107872615716071	230.0	24	1.05	0.95				
	214	2	113.2608216736842	22.768928068421054	0.0	0.0	2	1.0213176420512575	-5.556156474691888	230.0	26	1.05	0.95				
	215	2	185.07051788947368	37.36439477894737	0.0	0.0	2	1.0337705158294157	2.0793494130466725	230.0	26	1.05	0.95				
	216	2	58.38186684210527	11.676373368421054	0.0	0.0	2	1.0369684555839924	2.045103006291715	230.0	26	1.05	0.95				
	217	1	0.0	0.0	0.0	0.0	2	1.0399175443911617	4.963750980572729	230.0	27	1.05	0.95				
	218	2	194.41161658421055	39.69966945263159	0.0	0.0	2	1.041253899659511	5.343315647002659	230.0	27	1.05	0.95				
	219	1	105.67117898421054	21.60129073157895	0.0	0.0	2	1.0373139305297014	1.5841496726972366	230.0	25	1.05	0.95				
	220	1	74.72878955789474	15.179285378947371	0.0	0.0	2	1.0422430835843508	2.292482964417773	230.0	25	1.05	0.95				
	221	2	0.0	0.0	0.0	0.0	2	1.0409668584325784	5.015923118218724	230.0	27	1.05	0.95				
	222	2	0.0	0.0	0.0	0.0	2	1.05	11.498747950637524	230.0	27	1.05	0.95				
	223	2	0.0	0.0	0.0	0.0	2	1.0463852086350636	3.108499660768944	230.0	25	1.05	0.95				
	224	1	0.0	0.0	0.0	0.0	2	1.0172019974576185	-1.6115584280294968	230.0	26	1.05	0.95				
	301	2	50.10503005894738	10.206580197192983	0.0	0.0	3	1.011087737869349	-12.713275717075398	138.0	31	1.05	0.95				
	302	2	45.001739960350875	9.278709270175439	0.0	0.0	3	1.010313670807083	-12.933022105019216	138.0	32	1.05	0.95				
	303	1	83.50838343157896	17.165612149824565	0.0	0.0	3	1.040168998003962	-3.4707946089036597	138.0	31	1.05	0.95				
	304	1	34.33122429964913	6.959031952631579	0.0	0.0	3	1.0114187897948794	-11.567757996984673	138.0	31	1.05	0.95				
	305	1	32.93941790912281	6.495096489122807	0.0	0.0	3	1.0247270543163705	-12.848774604149943	138.0	31	1.05	0.95				
	306	1	63.095223037192994	12.990192978245615	0.0	-100.0	3	1.0400062305668087	-13.470612141287488	138.0	32	1.05	0.95				
	307	2	57.99193293859649	11.598386587719299	0.0	0.0	3	0.9920690677667119	-18.392526985526146	138.0	32	1.05	0.95				
	308	1	79.33296426000001	16.237741222807017	0.0	0.0	3	0.997597354719266	-16.27621257914989	138.0	32	1.05	0.95				
	309	1	81.18870611403509	16.70167668631579	0.0	0.0	3	1.0270347236739918	-8.553742593046065	138.0	33	1.05	0.95				
	310	1	90.46741538421053	18.557418540350877	0.0	0.0	3	1.05	-11.491413956910385	138.0	33	1.05	0.95				
	311	1	0.0	0.0	0.0	0.0	3	1.0099604966180622	-5.984488829382318	230.0	33	1.05	0.95				
	312	1	0.0	0.0	0.0	0.0	3	1.0128388318046004	-5.580846377638819	230.0	33	1.05	0.95				
	313	2	122.94289782982457	25.05251502947369	0.0	0.0	3	1.011451546082383	-2.926746396090854	230.0	34	1.05	0.95				
	314	2	90.00347992070175	18.093483076842105	0.0	0.0	3	1.0104252033537444	-4.525279961647988	230.0	36	1.05	0.95				
	315	2	147.0675419322807	29.691869664561406	0.0	0.0	3	1.0378488193110773	0.29323854089898166	230.0	36	1.05	0.95				
	316	2	46.393546350877195	9.278709270175439	0.0	0.0	3	1.035072425055214	0.3054549700680978	230.0	36	1.05	0.95				
	317	1	0.0	0.0	0.0	0.0	3	1.041099688445634	1.87431200458386	230.0	37	1.05	0.95				
	318	2	154.49050934842106	31.547611518596497	0.0	0.0	3	1.0416073023087107	1.9261112902367645	230.0	37	1.05	0.95				
	319	1	83.97231889508772	17.165612149824565	0.0	0.0	3	1.0287919488731567	-0.7950269294932447	230.0	35	1.05	0.95				
	320	1	59.38373932912281	12.06232205122807	0.0	0.0	3	1.026759054679833	-0.8574652869745818	230.0	35	1.05	0.95				
	321	2	0.0	0.0	0.0	0.0	3	1.0439212995795217	2.8843962819784	230.0	37	1.05	0.95				
	322	2	0.0	0.0	0.0	0.0	3	1.05	6.813300047234222	230.0	37	1.05	0.95				
	323	2	0.0	0.0	0.0	0.0	3	1.0263519544086044	-0.5348274955008884	230.0	35	1.05	0.95				
	324	1	0.0	0.0	0.0	0.0	3	1.0323604531911519	-1.1306232632587927	230.0	36	1.05	0.95				
	325	1	0.0	0.0	0.0	0.0	3	1.025434262604653	0.43971917010702166	230.0	35	1.05	0.95				
];
