%% MATPOWER Case Format : Version 2
function mpc = RTS_GMLC
mpc.version = '2';

%%-----  Power Flow Data  -----%%
%% system MVA base
mpc.baseMVA = 100.0;
%% bus data
%    bus_i    type    Pd    Qd    Gs    Bs    area    Vm    Va    baseKV    zone    Vmax    Vmin
mpc.bus = [
	101	2	49.72488866526316	10.12914398736842	0.0	0.0	1	1.0307140020259846	0.32717829196792786	138.0	11	1.05	0.95				
	102	2	44.66031667157894	9.208312715789473	0.0	0.0	1	1.0297887771904468	0.04865283922852085	138.0	12	1.05	0.95				
	103	1	82.87481444210526	17.035378524210522	0.0	0.0	1	1.0283812131939292	-0.3439057269765186	138.0	11	1.05	0.95				
	104	1	34.070757048421044	6.9062345368421045	0.0	0.0	1	1.019563829911893	-2.738061176464985	138.0	11	1.05	0.95				
	105	1	32.68951014105262	6.445818901052632	0.0	0.0	1	1.0341593538480638	-2.6205333721784143	138.0	11	1.05	0.95				
	106	1	62.616526467368416	12.891637802105263	0.0	-100.0	1	1.0438857368147023	-4.773060932478138	138.0	12	1.05	0.95				
	107	2	57.551954473684205	11.51039089473684	0.0	0.0	1	0.999437506759611	-11.346829425158338	138.0	12	1.05	0.95				
	108	1	78.73107371999998	16.114547252631574	0.0	0.0	1	1.0020925779837009	-9.507980530281984	138.0	12	1.05	0.95				
	109	1	80.57273626315788	16.574962888421048	0.0	0.0	1	1.0250026299696278	-3.1416742397011332	138.0	13	1.05	0.95				
	110	1	89.78104897894735	18.416625431578947	0.0	0.0	1	1.05	-4.147426386399578	138.0	13	1.05	0.95				
	111	1	0.0	0.0	0.0	0.0	1	1.0061826876836446	-0.6928124375001761	230.0	13	1.05	0.95				
	112	1	0.0	0.0	0.0	0.0	1	1.0106047379319594	-0.6625268487793708	230.0	13	1.05	0.95				
	113	3	122.01014348421052	24.86244433263158	0.0	0.0	1	1.000858121013758	-3.9179721258847905e-31	230.0	14	1.05	0.95				
	114	2	89.32063334315788	17.956209795789473	0.0	0.0	1	1.0056537071917837	1.7666415925278312	230.0	16	1.05	0.95				
	115	2	145.95175654526312	29.466600690526313	0.0	0.0	1	1.040888889332687	8.427216073754506	230.0	16	1.05	0.95				
	116	2	46.04156357894736	9.208312715789473	0.0	0.0	1	1.0380448549489765	7.896211978491134	230.0	16	1.05	0.95				
	117	1	0.0	0.0	0.0	0.0	1	1.042788220832244	11.320706525045622	230.0	17	1.05	0.95				
	118	2	153.31840671789473	31.308263233684208	0.0	0.0	1	1.047316658349506	11.449749823843607	230.0	17	1.05	0.95				
	119	1	83.33523007789474	17.035378524210522	0.0	0.0	1	1.030235130502596	5.944833382967566	230.0	15	1.05	0.95				
	120	1	58.933201381052626	11.970806530526316	0.0	0.0	1	1.027355739524818	5.124588814299864	230.0	15	1.05	0.95				
	121	2	0.0	0.0	0.0	0.0	1	1.05	12.637399260990913	230.0	17	1.05	0.95				
	122	2	0.0	0.0	0.0	0.0	1	1.05	24.23661740407894	230.0	17	1.05	0.95				
	123	2	0.0	0.0	0.0	0.0	1	1.0264231425308652	5.0256856276881425	230.0	15	1.05	0.95				
	124	1	0.0	0.0	0.0	0.0	1	1.0251338719922896	5.151538663552338	230.0	16	1.05	0.95				
	201	2	50.948528248421056	10.37840390245614	0.0	0.0	2	1.0246065903873112	-12.206283218060685	138.0	21	1.05	0.95				
	202	2	45.759326297192985	9.434912638596492	0.0	0.0	2	1.0255570040164848	-12.036386834439716	138.0	22	1.05	0.95				
	203	1	84.91421374736842	17.454588381403507	0.0	0.0	2	1.0161608641471938	-10.874538668399365	138.0	21	1.05	0.95				
	204	1	34.909176762807014	7.0761844789473685	0.0	0.0	2	1.016721425308674	-13.516270341208086	138.0	21	1.05	0.95				
	205	1	33.493939867017545	6.604438847017545	0.0	0.0	2	1.031511504789388	-13.846182200730064	138.0	21	1.05	0.95				
	206	1	64.15740594245615	13.20887769403509	0.0	-100.0	2	1.043142489185592	-15.188810538487079	138.0	22	1.05	0.95				
	207	2	58.968203991228066	11.793640798245614	0.0	0.0	2	0.991271069241777	-21.949161195751433	138.0	22	1.05	0.95				
	208	1	80.66850305999999	16.51109711754386	0.0	0.0	2	0.9960431108105784	-19.778883065305454	138.0	22	1.05	0.95				
	209	1	82.5554855877193	16.982842749473683	0.0	0.0	2	1.0230843405732444	-12.788733327351446	138.0	23	1.05	0.95				
	210	1	91.99039822631579	18.869825277192984	0.0	0.0	2	1.05	-13.995391337038063	138.0	23	1.05	0.95				
	211	1	0.0	0.0	0.0	0.0	2	1.0079504679331122	-9.812619605682492	230.0	23	1.05	0.95				
	212	1	0.0	0.0	0.0	0.0	2	1.010021595742363	-8.791448079844203	230.0	23	1.05	0.95				
	213	2	125.0125924614035	25.474264124210528	0.0	0.0	2	1.0054914997638094	-8.34748326971824	230.0	24	1.05	0.95				
	214	2	91.51865259438597	18.398079645263156	0.0	0.0	2	1.0095661363212869	-7.426314444346473	230.0	26	1.05	0.95				
	215	2	149.54336532175438	30.191720443508775	0.0	0.0	2	1.0253992312900417	-1.0983828255026036	230.0	26	1.05	0.95				
	216	2	47.174563192982454	9.434912638596492	0.0	0.0	2	1.0273771029511523	-1.1768104245801838	230.0	26	1.05	0.95				
	217	1	0.0	0.0	0.0	0.0	2	1.0310731323960576	0.6360405139058191	230.0	27	1.05	0.95				
	218	2	157.0912954326316	32.078702971228076	0.0	0.0	2	1.030097183587118	-0.054849636237956974	230.0	27	1.05	0.95				
	219	1	85.38595937929824	17.454588381403507	0.0	0.0	2	1.0287160370948458	-1.0335276732734042	230.0	25	1.05	0.95				
	220	1	60.38344088701755	12.265386430175438	0.0	0.0	2	1.0332962334770104	0.0029666557837470875	230.0	25	1.05	0.95				
	221	2	0.0	0.0	0.0	0.0	2	1.0316745734733108	0.40766121681976125	230.0	27	1.05	0.95				
	222	2	0.0	0.0	0.0	0.0	2	1.05	6.991359789618376	230.0	27	1.05	0.95				
	223	2	0.0	0.0	0.0	0.0	2	1.0368761319165594	0.9241538023187267	230.0	25	1.05	0.95				
	224	1	0.0	0.0	0.0	0.0	2	1.0098947965538094	-4.763408407017109	230.0	26	1.05	0.95				
	301	2	51.335020572631585	10.457133820350878	0.0	0.0	3	1.0119706387504195	-8.581156907566134	138.0	31	1.05	0.95				
	302	2	46.10645366245614	9.50648529122807	0.0	0.0	3	1.0110577801655622	-8.834004841954908	138.0	32	1.05	0.95				
	303	1	85.55836762105264	17.58699778877193	0.0	0.0	3	1.0464705702120662	2.6008145541691476	138.0	31	1.05	0.95				
	304	1	35.17399557754386	7.129863968421053	0.0	0.0	3	1.012160529446615	-7.168290012731124	138.0	31	1.05	0.95				
	305	1	33.748022783859646	6.65453970385965	0.0	0.0	3	1.025086189409001	-9.236488843502304	138.0	31	1.05	0.95				
	306	1	64.64409998035089	13.3090794077193	0.0	-100.0	3	1.0398165804446986	-10.15208090360248	138.0	32	1.05	0.95				
	307	2	59.41553307017544	11.88310661403509	0.0	0.0	3	0.9904422289978695	-14.705031855437445	138.0	32	1.05	0.95				
	308	1	81.28044924	16.636349259649123	0.0	0.0	3	0.9963014347860827	-12.532892340692815	138.0	32	1.05	0.95				
	309	1	83.18174629824561	17.111673524210527	0.0	0.0	3	1.028556241887016	-3.871368752967471	138.0	33	1.05	0.95				
	310	1	92.68823158947369	19.01297058245614	0.0	0.0	3	1.05	-8.362846931868283	138.0	33	1.05	0.95				
	311	1	0.0	0.0	0.0	0.0	3	1.0104094959341154	-3.4677846363353573	230.0	33	1.05	0.95				
	312	1	0.0	0.0	0.0	0.0	3	1.0151640344389685	-2.7654639510082344	230.0	33	1.05	0.95				
	313	2	125.96093010877195	25.667510286315792	0.0	0.0	3	1.0125514863300125	-0.5945520639621628	230.0	34	1.05	0.95				
	314	2	92.21290732491228	18.537646317894737	0.0	0.0	3	1.0062239824308046	-3.2254159717786983	230.0	36	1.05	0.95				
	315	2	150.6777918659649	30.42075293192983	0.0	0.0	3	1.0382150699087476	0.14503580655216053	230.0	36	1.05	0.95				
	316	2	47.53242645614036	9.50648529122807	0.0	0.0	3	1.0338515988041996	-0.03597373760254031	230.0	36	1.05	0.95				
	317	1	0.0	0.0	0.0	0.0	3	1.0438225160242647	3.374960682183619	230.0	37	1.05	0.95				
	318	2	158.28298009894738	32.322049990175444	0.0	0.0	3	1.0414078783094178	2.009386943602301	230.0	37	1.05	0.95				
	319	1	86.03369188561403	17.58699778877193	0.0	0.0	3	1.0277047141318725	-0.4595727131908505	230.0	35	1.05	0.95				
	320	1	60.84150586385966	12.358430878596492	0.0	0.0	3	1.0257772433797139	0.09458418826888058	230.0	35	1.05	0.95				
	321	2	0.0	0.0	0.0	0.0	3	1.041792594066585	1.9699326445097218	230.0	37	1.05	0.95				
	322	2	0.0	0.0	0.0	0.0	3	1.05	6.847273665173288	230.0	37	1.05	0.95				
	323	2	0.0	0.0	0.0	0.0	3	1.0256332030060766	0.7665396415222104	230.0	35	1.05	0.95				
	324	1	0.0	0.0	0.0	0.0	3	1.0381982388171855	1.0856124859981762	230.0	36	1.05	0.95				
	325	1	0.0	0.0	0.0	0.0	3	1.0247616683467573	1.7803375627017235	230.0	35	1.05	0.95				
];
