%% MATPOWER Case Format : Version 2
function mpc = RTS_GMLC
mpc.version = '2';

%%-----  Power Flow Data  -----%%
%% system MVA base
mpc.baseMVA = 100.0;
%% bus data
%    bus_i    type    Pd    Qd    Gs    Bs    area    Vm    Va    baseKV    zone    Vmax    Vmin
mpc.bus = [
	101	2	40.19940625263159	8.188767940350877	0.0	0.0	1	1.0011843923404318	-1.9163517615577115	138.0	11	1.05	0.95				
	102	2	36.10502228245614	7.44433449122807	0.0	0.0	1	0.9997228713957548	-2.4160160353768445	138.0	12	1.05	0.95				
	103	1	66.99901042105265	13.77201880877193	0.0	0.0	1	1.0229695380312822	2.584850359546559	138.0	11	1.05	0.95				
	104	1	27.54403761754386	5.583250868421053	0.0	0.0	1	1.0076623781010559	-3.1582536928549962	138.0	11	1.05	0.95				
	105	1	26.42738744385965	5.211034143859649	0.0	0.0	1	1.0208840593780928	-3.543423667873262	138.0	11	1.05	0.95				
	106	1	50.62147454035089	10.422068287719298	0.0	-100.0	1	1.0397704448274079	-4.950802142288883	138.0	12	1.05	0.95				
	107	2	46.527090570175446	9.305418114035088	0.0	0.0	1	0.9832405851113655	-11.581838502110417	138.0	12	1.05	0.95				
	108	1	63.649059900000005	13.027585359649125	0.0	0.0	1	0.9946055987860217	-9.099537502393117	138.0	12	1.05	0.95				
	109	1	65.13792679824562	13.399802084210528	0.0	0.0	1	1.0242726287051507	-2.1976303954381984	138.0	13	1.05	0.95				
	110	1	72.58226128947369	14.88866898245614	0.0	0.0	1	1.05	-3.943976810896356	138.0	13	1.05	0.95				
	111	1	0.0	0.0	0.0	0.0	1	1.017266472005788	0.70671838784752	230.0	13	1.05	0.95				
	112	1	0.0	0.0	0.0	0.0	1	1.0126433410726778	-0.7637316518411829	230.0	13	1.05	0.95				
	113	3	98.63743200877192	20.099703126315795	0.0	0.0	1	0.9917742709188145	-1.266038997089747e-28	230.0	14	1.05	0.95				
	114	2	72.21004456491228	14.516452257894738	0.0	0.0	1	1.05	4.9723271514521725	230.0	16	1.05	0.95				
	115	2	117.99270168596492	23.821870371929826	0.0	0.0	1	1.041018933231153	15.706697149937135	230.0	16	1.05	0.95				
	116	2	37.221672456140354	7.44433449122807	0.0	0.0	1	1.0416377434070312	13.474765880628807	230.0	16	1.05	0.95				
	117	1	0.0	0.0	0.0	0.0	1	1.0401183295804952	20.164842915126485	230.0	17	1.05	0.95				
	118	2	123.94816927894739	25.310737270175444	0.0	0.0	1	1.05	21.056724548008575	230.0	17	1.05	0.95				
	119	1	67.37122714561404	13.77201880877193	0.0	0.0	1	1.0392654553478848	8.446223131231635	230.0	15	1.05	0.95				
	120	1	47.64374074385965	9.677634838596493	0.0	0.0	1	1.045260817297903	4.8031548177414285	230.0	15	1.05	0.95				
	121	2	0.0	0.0	0.0	0.0	1	1.0447343382997556	22.837390519963684	230.0	17	1.05	0.95				
	122	2	0.0	0.0	0.0	0.0	1	1.05	40.786034281947664	230.0	17	1.05	0.95				
	123	2	0.0	0.0	0.0	0.0	1	1.05	3.092596193601913	230.0	15	1.05	0.95				
	124	1	0.0	0.0	0.0	0.0	1	1.0176729650675724	10.822627229512898	230.0	16	1.05	0.95				
	201	2	47.446560682105265	9.665040138947369	0.0	0.0	2	1.02241488734809	-19.54659597388078	138.0	21	1.05	0.95				
	202	2	42.614040612631584	8.78640012631579	0.0	0.0	2	1.0214663968363813	-19.855239511511865	138.0	22	1.05	0.95				
	203	1	79.07760113684212	16.254840233684213	0.0	0.0	2	1.0115772371538199	-14.22078172134426	138.0	21	1.05	0.95				
	204	1	32.509680467368426	6.589800094736842	0.0	0.0	2	1.014025971031836	-19.276586130830314	138.0	21	1.05	0.95				
	205	1	31.19172044842105	6.1504800884210535	0.0	0.0	2	1.0309170436044177	-19.841059964690885	138.0	21	1.05	0.95				
	206	1	59.747520858947375	12.300960176842107	0.0	-100.0	2	1.0434558708168067	-20.54890414378141	138.0	22	1.05	0.95				
	207	2	54.91500078947369	10.983000157894738	0.0	0.0	2	1.0029215428426543	-25.882207230577468	138.0	22	1.05	0.95				
	208	1	75.12372108000001	15.37620022105263	0.0	0.0	2	1.003651343099987	-23.845278522458955	138.0	22	1.05	0.95				
	209	1	76.88100110526315	15.81552022736842	0.0	0.0	2	1.0209386783202605	-16.981616871669132	138.0	23	1.05	0.95				
	210	1	85.66740123157895	17.57280025263158	0.0	0.0	2	1.0499999970974674	-18.730749979360862	138.0	23	1.05	0.95				
	211	1	0.0	0.0	0.0	0.0	2	1.0092222949044922	-13.78663886991294	230.0	23	1.05	0.95				
	212	1	0.0	0.0	0.0	0.0	2	0.9995076113154209	-12.82866816796893	230.0	23	1.05	0.95				
	213	2	116.41980167368422	23.723280341052632	0.0	0.0	2	0.9991172402220662	-12.16212112754943	230.0	24	1.05	0.95				
	214	2	85.22808122526317	17.13348024631579	0.0	0.0	2	1.0216526547857088	-11.081720691286623	230.0	26	1.05	0.95				
	215	2	139.26444200210526	28.116480404210524	0.0	0.0	2	1.0270546232006994	-3.802682929500874	230.0	26	1.05	0.95				
	216	2	43.93200063157895	8.78640012631579	0.0	0.0	2	1.0263055232037155	-4.45396564193799	230.0	26	1.05	0.95				
	217	1	0.0	0.0	0.0	0.0	2	1.0357808085353968	-2.1502516291862417	230.0	27	1.05	0.95				
	218	2	146.29356210315788	29.873760429473688	0.0	0.0	2	1.0354981033708492	-2.7681527366417726	230.0	27	1.05	0.95				
	219	1	79.5169211431579	16.254840233684213	0.0	0.0	2	1.0135649212190825	-4.189843565708784	230.0	25	1.05	0.95				
	220	1	56.23296080842105	11.422320164210527	0.0	0.0	2	1.0056622512496107	-3.072304153017034	230.0	25	1.05	0.95				
	221	2	0.0	0.0	0.0	0.0	2	1.0353193560977652	-2.30849570908881	230.0	27	1.05	0.95				
	222	2	0.0	0.0	0.0	0.0	2	1.05	4.25188811645712	230.0	27	1.05	0.95				
	223	2	0.0	0.0	0.0	0.0	2	1.0023446747850084	-2.0942125554262074	230.0	25	1.05	0.95				
	224	1	0.0	0.0	0.0	0.0	2	1.0084320094657055	-7.685073662419266	230.0	26	1.05	0.95				
	301	2	54.44416322526317	11.090477694035089	0.0	0.0	3	1.0240069179331097	13.258155049544577	138.0	31	1.05	0.95				
	302	2	48.89892437824562	10.082252449122809	0.0	0.0	3	1.0205169934437552	12.910263635786595	138.0	32	1.05	0.95				
	303	1	90.74027204210527	18.652167030877195	0.0	0.0	3	1.05	29.476004029485395	138.0	31	1.05	0.95				
	304	1	37.30433406175439	7.5616893368421065	0.0	0.0	3	1.0082684330741514	14.682636128586449	138.0	31	1.05	0.95				
	305	1	35.791996194385966	7.057576714385966	0.0	0.0	3	1.0267015382729687	11.822030708785402	138.0	31	1.05	0.95				
	306	1	68.5593166540351	14.115153428771931	0.0	-100.0	3	1.0346778874112423	10.427431657962119	138.0	32	1.05	0.95				
	307	2	63.01407780701756	12.60281556140351	0.0	0.0	3	0.95	5.886498392061084	138.0	32	1.05	0.95				
	308	1	86.20325844000001	17.643941785964916	0.0	0.0	3	0.9663993496520981	8.208374613101803	138.0	32	1.05	0.95				
	309	1	88.21970892982456	18.148054408421054	0.0	0.0	3	1.0151371106918032	18.24870847791782	138.0	33	1.05	0.95				
	310	1	98.30196137894738	20.164504898245617	0.0	0.0	3	1.0417114203823936	11.990224252589421	138.0	33	1.05	0.95				
	311	1	0.0	0.0	0.0	0.0	3	1.00328791923339	16.645056521792068	230.0	33	1.05	0.95				
	312	1	0.0	0.0	0.0	0.0	3	1.0081997046472053	16.935080724781724	230.0	33	1.05	0.95				
	313	2	133.5898449508772	27.222081612631584	0.0	0.0	3	1.004526835424532	18.266700862040317	230.0	34	1.05	0.95				
	314	2	97.79784875649123	19.660392275789476	0.0	0.0	3	1.0006273287362142	16.8512735808961	230.0	36	1.05	0.95				
	315	2	159.80370131859652	32.26320783719299	0.0	0.0	3	1.05	20.466448089900894	230.0	36	1.05	0.95				
	316	2	50.41126224561404	10.082252449122809	0.0	0.0	3	1.0393913981878178	20.134901630851914	230.0	36	1.05	0.95				
	317	1	0.0	0.0	0.0	0.0	3	1.0458832265718154	24.76969273278066	230.0	37	1.05	0.95				
	318	2	167.86950327789475	34.27965832701755	0.0	0.0	3	1.0366719542862095	21.08327092934398	230.0	37	1.05	0.95				
	319	1	91.24438466456142	18.652167030877195	0.0	0.0	3	1.0278083029351366	18.68688852644073	230.0	35	1.05	0.95				
	320	1	64.52641567438597	13.106928183859651	0.0	0.0	3	1.0218063802092636	18.389806576359604	230.0	35	1.05	0.95				
	321	2	0.0	0.0	0.0	0.0	3	1.0471539918513535	21.531164039268663	230.0	37	1.05	0.95				
	322	2	0.0	0.0	0.0	0.0	3	1.05	27.138973583138462	230.0	37	1.05	0.95				
	323	2	0.0	0.0	0.0	0.0	3	1.0193918695667934	18.617633008540086	230.0	35	1.05	0.95				
	324	1	0.0	0.0	0.0	0.0	3	1.0470946520133166	23.910278642360257	230.0	36	1.05	0.95				
	325	1	0.0	0.0	0.0	0.0	3	1.0214259549633145	18.990927757354218	230.0	35	1.05	0.95				
];
