%% MATPOWER Case Format : Version 2
function mpc = RTS_GMLC
mpc.version = '2';

%%-----  Power Flow Data  -----%%
%% system MVA base
mpc.baseMVA = 100.0;
%% bus data
%    bus_i    type    Pd    Qd    Gs    Bs    area    Vm    Va    baseKV    zone    Vmax    Vmin
mpc.bus = [
	101	2	41.829292421052635	8.520781789473684	0.0	0.0	1	0.9864628998936069	-5.216236093854242	138.0	11	1.05	0.95				
	102	2	37.56890152631579	7.746165263157895	0.0	0.0	1	0.9861304878870983	-5.488424175006742	138.0	12	1.05	0.95				
	103	1	69.71548736842107	14.330405736842106	0.0	0.0	1	1.0152880271329214	1.5624830576095967	138.0	11	1.05	0.95				
	104	1	28.660811473684213	5.809623947368421	0.0	0.0	1	1.0010303245947691	-5.015911916541723	138.0	11	1.05	0.95				
	105	1	27.49888668421053	5.422315684210527	0.0	0.0	1	1.0132685784110125	-5.780660470157304	138.0	11	1.05	0.95				
	106	1	52.67392378947369	10.844631368421053	0.0	-100.0	1	1.036249697210622	-6.58319032148055	138.0	12	1.05	0.95				
	107	2	48.413532894736846	9.682706578947368	0.0	0.0	1	0.9892619272360962	-11.193979038981517	138.0	12	1.05	0.95				
	108	1	66.229713	13.555789210526314	0.0	0.0	1	0.9984760593152966	-9.357646988099967	138.0	12	1.05	0.95				
	109	1	67.77894605263158	13.94309747368421	0.0	0.0	1	1.0244186244156972	-3.018284604203062	138.0	13	1.05	0.95				
	110	1	75.52511131578947	15.49233052631579	0.0	0.0	1	1.05	-5.067658818441347	138.0	13	1.05	0.95				
	111	1	0.0	0.0	0.0	0.0	1	1.0206890288016894	0.3263782113269465	230.0	13	1.05	0.95				
	112	1	0.0	0.0	0.0	0.0	1	1.0162292024028403	-1.1043329483843523	230.0	13	1.05	0.95				
	113	3	102.6366897368421	20.914646210526318	0.0	0.0	1	1.0053579921453504	-5.75015126403166e-30	230.0	14	1.05	0.95				
	114	2	75.13780305263158	15.105022263157894	0.0	0.0	1	1.05	4.83246081929912	230.0	16	1.05	0.95				
	115	2	122.77671942105263	24.787728842105263	0.0	0.0	1	1.0347147084541606	16.10526767019101	230.0	16	1.05	0.95				
	116	2	38.73082631578947	7.746165263157895	0.0	0.0	1	1.0364379217927298	13.825850252727466	230.0	16	1.05	0.95				
	117	1	0.0	0.0	0.0	0.0	1	1.034971221877635	20.748147511136764	230.0	17	1.05	0.95				
	118	2	128.97365163157895	26.336961894736845	0.0	0.0	1	1.0447322928093674	21.71987906219808	230.0	17	1.05	0.95				
	119	1	70.10279563157896	14.330405736842106	0.0	0.0	1	1.0346394066098625	8.76982504051332	230.0	15	1.05	0.95				
	120	1	49.57545768421053	10.070014842105264	0.0	0.0	1	1.0413308238808807	5.142666184554678	230.0	15	1.05	0.95				
	121	2	0.0	0.0	0.0	0.0	1	1.039543270294765	23.617186474034874	230.0	17	1.05	0.95				
	122	2	0.0	0.0	0.0	0.0	1	1.05	41.60858373304927	230.0	17	1.05	0.95				
	123	2	0.0	0.0	0.0	0.0	1	1.0465088133517981	3.455524354715829	230.0	15	1.05	0.95				
	124	1	0.0	0.0	0.0	0.0	1	1.0088743283875117	10.69822492990694	230.0	16	1.05	0.95				
	201	2	40.30662679578948	8.210609162105262	0.0	0.0	2	1.0063272010598665	-15.78762332857656	138.0	21	1.05	0.95				
	202	2	36.201322214736834	7.46419014736842	0.0	0.0	2	1.0052231474995064	-16.075160862627556	138.0	22	1.05	0.95				
	203	1	67.17771132631579	13.808751772631577	0.0	0.0	2	1.0140111325196255	-11.911042938705528	138.0	21	1.05	0.95				
	204	1	27.617503545263155	5.598142610526315	0.0	0.0	2	1.0094140137235654	-15.846472935906656	138.0	21	1.05	0.95				
	205	1	26.497875023157892	5.224933103157895	0.0	0.0	2	1.0236379256134787	-16.27091860546645	138.0	21	1.05	0.95				
	206	1	50.756493002105266	10.44986620631579	0.0	-100.0	2	1.0413471195158222	-17.02466016331497	138.0	22	1.05	0.95				
	207	2	46.65118842105262	9.330237684210525	0.0	0.0	2	0.9892839429714834	-21.380610732976894	138.0	22	1.05	0.95				
	208	1	63.81882575999999	13.062332757894735	0.0	0.0	2	0.9989921690975289	-19.75709941151721	138.0	22	1.05	0.95				
	209	1	65.31166378947367	13.435542265263155	0.0	0.0	2	1.0232245454601827	-14.105426167302493	138.0	23	1.05	0.95				
	210	1	72.7758539368421	14.92838029473684	0.0	0.0	2	1.05	-15.543906394926937	138.0	23	1.05	0.95				
	211	1	0.0	0.0	0.0	0.0	2	1.0059437378615637	-11.341212085516078	230.0	23	1.05	0.95				
	212	1	0.0	0.0	0.0	0.0	2	1.0134594106092996	-10.698828697500531	230.0	23	1.05	0.95				
	213	2	98.90051945263156	20.15331339789474	0.0	0.0	2	1.0042870632719467	-10.100150097642198	230.0	24	1.05	0.95				
	214	2	72.40264442947367	14.555170787368422	0.0	0.0	2	1.0045387869273386	-8.828550086248379	230.0	26	1.05	0.95				
	215	2	118.30741383578946	23.885408471578945	0.0	0.0	2	1.028489869374559	-2.409752426470515	230.0	26	1.05	0.95				
	216	2	37.3209507368421	7.46419014736842	0.0	0.0	2	1.0310541914559137	-3.1250471389787693	230.0	26	1.05	0.95				
	217	1	0.0	0.0	0.0	0.0	2	1.0367184194240113	-0.8607542045297755	230.0	27	1.05	0.95				
	218	2	124.27876595368419	25.378246501052633	0.0	0.0	2	1.0350658047822903	-1.3222861701470834	230.0	27	1.05	0.95				
	219	1	67.5509208336842	13.808751772631577	0.0	0.0	2	1.0375771444611521	-3.4508844514223194	230.0	25	1.05	0.95				
	220	1	47.77081694315789	9.703447191578947	0.0	0.0	2	1.045375477970629	-3.017766316868584	230.0	25	1.05	0.95				
	221	2	0.0	0.0	0.0	0.0	2	1.035408188753831	-0.8869583407992175	230.0	27	1.05	0.95				
	222	2	0.0	0.0	0.0	0.0	2	1.05	5.621966345428297	230.0	27	1.05	0.95				
	223	2	0.0	0.0	0.0	0.0	2	1.05	-2.50693030381343	230.0	25	1.05	0.95				
	224	1	0.0	0.0	0.0	0.0	2	1.0113072854614453	-5.952129219293731	230.0	26	1.05	0.95				
	301	2	50.29294528421053	10.244859224561404	0.0	0.0	3	1.0325308650355218	18.52147189958693	138.0	31	1.05	0.95				
	302	2	45.17051567192982	9.313508385964914	0.0	0.0	3	1.0290099092316616	18.185526443371693	138.0	32	1.05	0.95				
	303	1	83.82157547368422	17.229990514035087	0.0	0.0	3	1.05	34.35110944195313	138.0	31	1.05	0.95				
	304	1	34.459981028070175	6.985131289473684	0.0	0.0	3	1.01456442910652	19.82503015527161	138.0	31	1.05	0.95				
	305	1	33.06295477017544	6.519455870175439	0.0	0.0	3	1.0339645973735379	17.026715664217683	138.0	31	1.05	0.95				
	306	1	63.33185702456141	13.038911740350878	0.0	-100.0	3	1.0415947511788273	15.635424358860869	138.0	32	1.05	0.95				
	307	2	58.209427412280704	11.641885482456141	0.0	0.0	3	0.95	11.736223423168074	138.0	32	1.05	0.95				
	308	1	79.6304967	16.298639675438594	0.0	0.0	3	0.9698318138678987	13.799150172518992	138.0	32	1.05	0.95				
	309	1	81.49319837719298	16.764315094736844	0.0	0.0	3	1.0178133842075598	23.11544448911234	138.0	33	1.05	0.95				
	310	1	90.80670676315789	18.627016771929828	0.0	0.0	3	1.0465127535341008	16.990693509248313	138.0	33	1.05	0.95				
	311	1	0.0	0.0	0.0	0.0	3	1.0046826280004846	20.992045763797673	230.0	33	1.05	0.95				
	312	1	0.0	0.0	0.0	0.0	3	1.0107166801707146	21.409177656090993	230.0	33	1.05	0.95				
	313	2	123.40398611403509	25.146472642105266	0.0	0.0	3	1.0070830810608153	22.99799026463499	230.0	34	1.05	0.95				
	314	2	90.34103134385964	18.16134135263158	0.0	0.0	3	0.9977587859271939	20.28366072060167	230.0	36	1.05	0.95				
	315	2	147.61910791754386	29.80322683508772	0.0	0.0	3	1.0458998986547725	22.386155367352217	230.0	36	1.05	0.95				
	316	2	46.567541929824564	9.313508385964914	0.0	0.0	3	1.0291186134489032	22.105937863357806	230.0	36	1.05	0.95				
	317	1	0.0	0.0	0.0	0.0	3	1.05	25.42589291394142	230.0	37	1.05	0.95				
	318	2	155.0699146263158	31.665928512280704	0.0	0.0	3	1.05	21.876377569434922	230.0	37	1.05	0.95				
	319	1	84.28725089298246	17.229990514035087	0.0	0.0	3	1.0211077007933598	21.116381373959435	230.0	35	1.05	0.95				
	320	1	59.60645367017544	12.107560901754386	0.0	0.0	3	1.0176058916364628	21.16598566149154	230.0	35	1.05	0.95				
	321	2	0.0	0.0	0.0	0.0	3	1.05	22.71189820186715	230.0	37	1.05	0.95				
	322	2	0.0	0.0	0.0	0.0	3	1.05	28.125198578680543	230.0	37	1.05	0.95				
	323	2	0.0	0.0	0.0	0.0	3	1.0164501868323883	21.55888573674377	230.0	35	1.05	0.95				
	324	1	0.0	0.0	0.0	0.0	3	1.0436342650025758	26.960440599596172	230.0	36	1.05	0.95				
	325	1	0.0	0.0	0.0	0.0	3	1.0188337162385808	21.74653281859556	230.0	35	1.05	0.95				
];
