%% MATPOWER Case Format : Version 2
function mpc = RTS_GMLC
mpc.version = '2';

%%-----  Power Flow Data  -----%%
%% system MVA base
mpc.baseMVA = 100.0;
%% bus data
%    bus_i    type    Pd    Qd    Gs    Bs    area    Vm    Va    baseKV    zone    Vmax    Vmin
mpc.bus = [
	101	2	37.88817417094737	7.717961405192981	0.0	0.0	1	1.012132266255106	-4.209360735162998	138.0	11	1.05	0.95				
	102	2	34.02919346835087	7.016328550175438	0.0	0.0	1	1.0121350371123745	-4.3849922787625975	138.0	12	1.05	0.95				
	103	1	63.14695695157895	12.98020781782456	0.0	0.0	1	0.9999824744112278	-0.2763426041255512	138.0	11	1.05	0.95				
	104	1	25.96041563564912	5.262246412631579	0.0	0.0	1	1.0035386667191362	-4.152181095801635	138.0	11	1.05	0.95				
	105	1	24.907966353122806	4.9114299851228065	0.0	0.0	1	1.0177275117205087	-5.042871846473429	138.0	11	1.05	0.95				
	106	1	47.71103414119298	9.822859970245613	0.0	-100.0	1	1.029140678458073	-5.951274289315461	138.0	12	1.05	0.95				
	107	2	43.85205343859649	8.770410687719297	0.0	0.0	1	0.9844421444250876	-8.235422408170914	138.0	12	1.05	0.95				
	108	1	59.989609103999996	12.278574962807015	0.0	0.0	1	0.989332053009362	-7.56434260209451	138.0	12	1.05	0.95				
	109	1	61.39287481403508	12.629391390315789	0.0	0.0	1	1.0026864978383547	-3.1539471088830155	138.0	13	1.05	0.95				
	110	1	68.40920336421051	14.032657100350876	0.0	0.0	1	1.0313854293461626	-4.72562514036265	138.0	13	1.05	0.95				
	111	1	0.0	0.0	0.0	0.0	1	0.9803305990562601	-0.7222860742603375	230.0	13	1.05	0.95				
	112	1	0.0	0.0	0.0	0.0	1	0.9818398354989752	-1.371434239619911	230.0	13	1.05	0.95				
	113	3	92.96635328982455	18.944087085473686	0.0	0.0	1	0.960882308875674	1.0648338079512527e-25	230.0	14	1.05	0.95				
	114	2	68.05838693670174	13.681840672842105	0.0	0.0	1	0.987243151947598	2.0318934068148504	230.0	16	1.05	0.95				
	115	2	111.20880752028069	22.4522513605614	0.0	0.0	1	0.9870855902125927	9.612023081600254	230.0	16	1.05	0.95				
	116	2	35.08164275087719	7.016328550175438	0.0	0.0	1	0.986494687781884	8.351590102046897	230.0	16	1.05	0.95				
	117	1	0.0	0.0	0.0	0.0	1	0.9881360754111521	13.365517534096849	230.0	17	1.05	0.95				
	118	2	116.82187036042104	23.85551707059649	0.0	0.0	1	0.9942878476049117	13.687506995442526	230.0	17	1.05	0.95				
	119	1	63.49777337908772	12.98020781782456	0.0	0.0	1	0.9872485842582718	5.1805853319384445	230.0	15	1.05	0.95				
	120	1	44.9045027211228	9.12122711522807	0.0	0.0	1	0.9920111189342137	3.0662272298245288	230.0	15	1.05	0.95				
	121	2	0.0	0.0	0.0	0.0	1	0.9944762600803501	14.809090313865882	230.0	17	1.05	0.95				
	122	2	0.0	0.0	0.0	0.0	1	1.0033345058020497	31.2633915996802	230.0	17	1.05	0.95				
	123	2	0.0	0.0	0.0	0.0	1	0.9951769431836094	2.1990698902352936	230.0	15	1.05	0.95				
	124	1	0.0	0.0	0.0	0.0	1	0.9801860021255082	5.820129008321556	230.0	16	1.05	0.95				
	201	2	33.67668817894737	6.860066110526317	0.0	0.0	2	1.0131810784019393	-7.827502694481037	138.0	21	1.05	0.95				
	202	2	30.246655123684214	6.236423736842106	0.0	0.0	2	1.012122315897809	-7.9659988360726315	138.0	22	1.05	0.95				
	203	1	56.12781363157896	11.537383913157896	0.0	0.0	2	0.9996789522176596	-6.003986624851214	138.0	21	1.05	0.95				
	204	1	23.074767826315792	4.677317802631579	0.0	0.0	2	1.0053801075837048	-7.286370135413977	138.0	21	1.05	0.95				
	205	1	22.139304265789477	4.365496615789475	0.0	0.0	2	1.0213826691567576	-7.5524928549422805	138.0	21	1.05	0.95				
	206	1	42.40768141052633	8.73099323157895	0.0	-100.0	2	1.034590806637745	-7.821792506274269	138.0	22	1.05	0.95				
	207	2	38.97764835526316	7.795529671052632	0.0	0.0	2	0.9725413303643001	-11.290646259784635	138.0	22	1.05	0.95				
	208	1	53.321422950000006	10.913741539473685	0.0	0.0	2	0.9855409610795496	-9.965657462515193	138.0	22	1.05	0.95				
	209	1	54.568707697368424	11.225562726315792	0.0	0.0	2	1.0082588570443631	-5.3946086513613585	138.0	23	1.05	0.95				
	210	1	60.80513143421054	12.472847473684212	0.0	0.0	2	1.0368074928910205	-6.244814578392931	138.0	23	1.05	0.95				
	211	1	0.0	0.0	0.0	0.0	2	0.9851874523351437	-3.435806457781245	230.0	23	1.05	0.95				
	212	1	0.0	0.0	0.0	0.0	2	0.9878958773279284	-0.157378931486887	230.0	23	1.05	0.95				
	213	2	82.6326145131579	16.838344089473686	0.0	0.0	2	0.9788979098253019	-1.4696301944688583	230.0	24	1.05	0.95				
	214	2	60.49331024736843	12.161026286842107	0.0	0.0	2	0.9774198056082947	-2.5958248119127774	230.0	26	1.05	0.95				
	215	2	98.84731622894738	19.95655595789474	0.0	0.0	2	0.9887701190846676	0.7288649863635924	230.0	26	1.05	0.95				
	216	2	31.18211868421053	6.236423736842106	0.0	0.0	2	0.9859312292846676	0.6057524876476625	230.0	26	1.05	0.95				
	217	1	0.0	0.0	0.0	0.0	2	0.9968867842640637	1.351625313372381	230.0	27	1.05	0.95				
	218	2	103.83645521842107	21.203840705263165	0.0	0.0	2	0.9978390783145668	0.9927398737921066	230.0	27	1.05	0.95				
	219	1	56.439634818421055	11.537383913157896	0.0	0.0	2	0.9793869626824133	1.4315791652961394	230.0	25	1.05	0.95				
	220	1	39.91311191578948	8.107350857894739	0.0	0.0	2	0.9757048835184313	2.830033967295615	230.0	25	1.05	0.95				
	221	2	0.0	0.0	0.0	0.0	2	0.9997667458521806	1.443158723699983	230.0	27	1.05	0.95				
	222	2	0.0	0.0	0.0	0.0	2	1.0167141984363002	5.878036612205529	230.0	27	1.05	0.95				
	223	2	0.0	0.0	0.0	0.0	2	0.974289447585887	3.8738917291263073	230.0	25	1.05	0.95				
	224	1	0.0	0.0	0.0	0.0	2	0.9843853969171285	-1.850945723278551	230.0	26	1.05	0.95				
	301	2	37.63429294357895	7.666244858877193	0.0	0.0	3	1.017182582214947	15.583002994492963	138.0	31	1.05	0.95				
	302	2	33.80117051414035	6.969313508070176	0.0	0.0	3	1.017527260610438	15.49733013612396	138.0	32	1.05	0.95				
	303	1	62.72382157263158	12.893229989929825	0.0	0.0	3	1.0062446129117957	20.5613932138819	138.0	31	1.05	0.95				
	304	1	25.78645997985965	5.226985131052631	0.0	0.0	3	1.009907953329753	17.038981688978343	138.0	31	1.05	0.95				
	305	1	24.74106295364912	4.878519455649124	0.0	0.0	3	1.0252665151959253	15.965083981523758	138.0	31	1.05	0.95				
	306	1	47.391331854877194	9.757038911298247	0.0	-100.0	3	1.0386327507774862	15.740259338879282	138.0	32	1.05	0.95				
	307	2	43.55820942543859	8.711641885087719	0.0	0.0	3	0.9660792422844939	13.384672852494324	138.0	32	1.05	0.95				
	308	1	59.587630493999995	12.196298639122807	0.0	0.0	3	0.9845791653582461	14.817770098519318	138.0	32	1.05	0.95				
	309	1	60.981493195614036	12.544764314526317	0.0	0.0	3	1.0141429649858886	19.77546157980391	138.0	33	1.05	0.95				
	310	1	67.95080670368421	13.938627016140352	0.0	0.0	3	1.0416667479332808	17.488993365893585	138.0	33	1.05	0.95				
	311	1	0.0	0.0	0.0	0.0	3	0.9871181580332263	21.33314024137925	230.0	33	1.05	0.95				
	312	1	0.0	0.0	0.0	0.0	3	0.9976365122576988	20.913091057157466	230.0	33	1.05	0.95				
	313	2	92.34340398192981	18.817146471789474	0.0	0.0	3	0.9912148240066943	22.526380263130626	230.0	34	1.05	0.95				
	314	2	67.6023410282807	13.590161340736842	0.0	0.0	3	0.967984476404823	23.221982352306735	230.0	36	1.05	0.95				
	315	2	110.46361910291228	22.30180322582456	0.0	0.0	3	0.9752150346504443	24.323868586218172	230.0	36	1.05	0.95				
	316	2	34.846567540350875	6.969313508070176	0.0	0.0	3	0.9599944580746778	24.925041375680216	230.0	36	1.05	0.95				
	317	1	0.0	0.0	0.0	0.0	3	0.9833014754394972	28.668148941068228	230.0	37	1.05	0.95				
	318	2	116.03906990936841	23.695665927438597	0.0	0.0	3	0.9815774739673214	25.091767017407452	230.0	37	1.05	0.95				
	319	1	63.07228724803509	12.893229989929825	0.0	0.0	3	0.9715308377105631	23.797656068444955	230.0	35	1.05	0.95				
	320	1	44.60360645164912	9.060107560491227	0.0	0.0	3	0.9817568557113299	22.419841208868373	230.0	35	1.05	0.95				
	321	2	0.0	0.0	0.0	0.0	3	0.9873593402524187	25.294320511992545	230.0	37	1.05	0.95				
	322	2	0.0	0.0	0.0	0.0	3	1.00401699592911	29.291955326228493	230.0	37	1.05	0.95				
	323	2	0.0	0.0	0.0	0.0	3	0.9871266534461348	21.681965915045218	230.0	35	1.05	0.95				
	324	1	0.0	0.0	0.0	0.0	3	0.9826187030119757	24.021913522469813	230.0	36	1.05	0.95				
