%% MATPOWER Case Format : Version 2
function mpc = RTS_GMLC
mpc.version = '2';

%%-----  Power Flow Data  -----%%
%% system MVA base
mpc.baseMVA = 100.0;
%% bus data
%    bus_i    type    Pd    Qd    Gs    Bs    area    Vm    Va    baseKV    zone    Vmax    Vmin
mpc.bus = [
	101	2	47.934685781052636	9.764473029473685	0.0	0.0	1	1.0165348988941307	2.0387366108088467	138.0	11	1.05	0.95				
	102	2	43.05244926631579	8.876793663157894	0.0	0.0	1	1.015387867535793	1.7294000189175247	138.0	12	1.05	0.95				
	103	1	79.89114296842106	16.422068276842104	0.0	0.0	1	1.026618447501275	1.9321223341321994	138.0	11	1.05	0.95				
	104	1	32.84413655368421	6.6575952473684215	0.0	0.0	1	1.0135785434995235	-1.3728551783133949	138.0	11	1.05	0.95				
	105	1	31.512617504210528	6.213755564210527	0.0	0.0	1	1.026834329433145	-1.302837621077603	138.0	11	1.05	0.95				
	106	1	60.36219690947369	12.427511128421054	0.0	-100.0	1	1.0405617431028684	-3.646929617610073	138.0	12	1.05	0.95				
	107	2	55.479960394736835	11.095992078947368	0.0	0.0	1	0.985487607171102	-10.34966948183435	138.0	12	1.05	0.95				
	108	1	75.89658582	15.534388910526314	0.0	0.0	1	0.9946002267795852	-8.450207013526011	138.0	12	1.05	0.95				
	109	1	77.67194455263157	15.97822859368421	0.0	0.0	1	1.025710303420114	-2.0555604715847426	138.0	13	1.05	0.95				
	110	1	86.54873821578947	17.753587326315788	0.0	0.0	1	1.05	-3.226225907136601	138.0	13	1.05	0.95				
	111	1	0.0	0.0	0.0	0.0	1	1.0188628365098376	0.27723354908438846	230.0	13	1.05	0.95				
	112	1	0.0	0.0	0.0	0.0	1	1.0143141136382066	-0.5291777167968733	230.0	13	1.05	0.95				
	113	3	117.61751603684209	23.967342890526318	0.0	0.0	1	0.9972517372326107	4.5810006621605654e-32	230.0	14	1.05	0.95				
	114	2	86.10489853263158	17.3097476431579	0.0	0.0	1	1.0452722869110682	3.3657357840685735	230.0	16	1.05	0.95				
	115	2	140.69717956105262	28.405739722105267	0.0	0.0	1	1.0433162954400044	12.201563947997204	230.0	16	1.05	0.95				
	116	2	44.383968315789474	8.876793663157894	0.0	0.0	1	1.043839224661707	10.574474584073672	230.0	16	1.05	0.95				
	117	1	0.0	0.0	0.0	0.0	1	1.0418168529093303	16.277453505029463	230.0	17	1.05	0.95				
	118	2	147.79861449157897	30.181098454736844	0.0	0.0	1	1.049708709121082	16.735464356195294	230.0	17	1.05	0.95				
	119	1	80.33498265157894	16.422068276842104	0.0	0.0	1	1.0398107831232644	6.7912407165554045	230.0	15	1.05	0.95				
	120	1	56.81147944421053	11.539831762105264	0.0	0.0	1	1.0424126302465138	4.3434275739683885	230.0	15	1.05	0.95				
	121	2	0.0	0.0	0.0	0.0	1	1.0435256537618727	18.274546100109703	230.0	17	1.05	0.95				
	122	2	0.0	0.0	0.0	0.0	1	1.05	36.23352464838406	230.0	17	1.05	0.95				
	123	2	0.0	0.0	0.0	0.0	1	1.04481389729772	3.3315709429720712	230.0	15	1.05	0.95				
	124	1	0.0	0.0	0.0	0.0	1	1.0242167423380883	8.378616238728121	230.0	16	1.05	0.95				
	201	2	47.93955612631579	9.765465136842105	0.0	0.0	2	1.0142378922271331	-14.004937183172805	138.0	21	1.05	0.95				
	202	2	43.05682355789473	8.87769557894737	0.0	0.0	2	1.0138619347637725	-14.180383420639286	138.0	22	1.05	0.95				
	203	1	79.89926021052631	16.423736821052632	0.0	0.0	2	1.0120937763248428	-10.520036412915504	138.0	21	1.05	0.95				
	204	1	32.847473642105264	6.658271684210526	0.0	0.0	2	1.0117440373577333	-14.112893155191932	138.0	21	1.05	0.95				
	205	1	31.515819305263154	6.214386905263158	0.0	0.0	2	1.0266890495633239	-14.543976314130399	138.0	21	1.05	0.95				
	206	1	60.3683299368421	12.428773810526316	0.0	-100.0	2	1.0414252424745591	-15.354881823866528	138.0	22	1.05	0.95				
	207	2	55.48559736842105	11.09711947368421	0.0	0.0	2	0.9933825647097376	-20.95072088149633	138.0	22	1.05	0.95				
	208	1	75.90429719999999	15.535967263157893	0.0	0.0	2	0.9984066996650862	-18.926749901676192	138.0	22	1.05	0.95				
	209	1	77.67983631578946	15.97985204210526	0.0	0.0	2	1.0229173753992231	-12.218646346461792	138.0	23	1.05	0.95				
	210	1	86.55753189473683	17.75539115789474	0.0	0.0	2	1.05	-13.656660056401826	138.0	23	1.05	0.95				
	211	1	0.0	0.0	0.0	0.0	2	1.0093427036170048	-8.947754252603387	230.0	23	1.05	0.95				
	212	1	0.0	0.0	0.0	0.0	2	1.009594158580136	-7.741452857763758	230.0	23	1.05	0.95				
	213	2	117.62946642105261	23.969778063157896	0.0	0.0	2	1.0076981933338145	-7.095216996398821	230.0	24	1.05	0.95				
	214	2	86.11364711578946	17.311506378947367	0.0	0.0	2	1.0131705441651644	-6.507491817095524	230.0	26	1.05	0.95				
	215	2	140.71147492631576	28.408625852631573	0.0	0.0	2	1.027215391933285	-0.4481369927904991	230.0	26	1.05	0.95				
	216	2	44.38847789473684	8.87769557894737	0.0	0.0	2	1.030114726926358	-0.35990703955536174	230.0	26	1.05	0.95				
	217	1	0.0	0.0	0.0	0.0	2	1.0361840859999076	1.0047140847749076	230.0	27	1.05	0.95				
	218	2	147.81363138947367	30.18416496842105	0.0	0.0	2	1.0340514263511764	0.4419473552075395	230.0	27	1.05	0.95				
	219	1	80.34314498947369	16.423736821052632	0.0	0.0	2	1.0308516204548916	0.3322988378905864	230.0	25	1.05	0.95				
	220	1	56.817251705263146	11.541004252631579	0.0	0.0	2	1.0347519045178142	1.7878540389164201	230.0	25	1.05	0.95				
	221	2	0.0	0.0	0.0	0.0	2	1.0344633179274085	0.9475514300477164	230.0	27	1.05	0.95				
	222	2	0.0	0.0	0.0	0.0	2	1.05	7.4678592427416595	230.0	27	1.05	0.95				
	223	2	0.0	0.0	0.0	0.0	2	1.0380284294207396	2.917741507410672	230.0	25	1.05	0.95				
	224	1	0.0	0.0	0.0	0.0	2	1.009139789244856	-4.202113235187818	230.0	26	1.05	0.95				
	301	2	59.82537171789474	12.186649794385964	0.0	0.0	3	1.0167682600990176	-4.849551840553458	138.0	31	1.05	0.95				
	302	2	53.732046820701754	11.078772540350878	0.0	0.0	3	1.0153216209411264	-5.12214014505613	138.0	32	1.05	0.95				
	303	1	99.70895286315789	20.49572919964912	0.0	0.0	3	1.0477745142509665	7.629351262954751	138.0	31	1.05	0.95				
	304	1	40.99145839929824	8.309079405263157	0.0	0.0	3	1.0122174773988875	-3.1577057755210274	138.0	31	1.05	0.95				
	305	1	39.32964251824561	7.7551407782456145	0.0	0.0	3	1.0264033769506846	-5.3545188239694	138.0	31	1.05	0.95				
	306	1	75.33565327438596	15.510281556491229	0.0	-100.0	3	1.038586130010502	-6.256398248401394	138.0	32	1.05	0.95				
	307	2	69.24232837719298	13.848465675438595	0.0	0.0	3	0.9933579558261791	-11.910901699257458	138.0	32	1.05	0.95				
	308	1	94.72350521999999	19.38785194561403	0.0	0.0	3	0.9944384762262782	-9.292223402213983	138.0	32	1.05	0.95				
	309	1	96.93925972807017	19.941790572631575	0.0	0.0	3	1.0286993534630713	0.7020613875910368	138.0	33	1.05	0.95				
	310	1	108.01803226842104	22.157545080701755	0.0	0.0	3	1.05	-4.086819643976903	138.0	33	1.05	0.95				
	311	1	0.0	0.0	0.0	0.0	3	1.0147157794705743	2.013349095010783	230.0	33	1.05	0.95				
	312	1	0.0	0.0	0.0	0.0	3	1.0144837881081519	2.3981777082627365	230.0	33	1.05	0.95				
	313	2	146.79373615964911	29.91268585894737	0.0	0.0	3	1.0135570488814825	4.756586199453502	230.0	34	1.05	0.95				
	314	2	107.46409364140351	21.60360645368421	0.0	0.0	3	1.0207689942313742	3.3890820686766956	230.0	36	1.05	0.95				
	315	2	175.59854476456138	35.452072129122804	0.0	0.0	3	1.0437554314120068	8.668780659018747	230.0	36	1.05	0.95				
	316	2	55.39386270175438	11.078772540350878	0.0	0.0	3	1.0408260014145285	8.696684619987938	230.0	36	1.05	0.95				
	317	1	0.0	0.0	0.0	0.0	3	1.05	14.173755928530394	230.0	37	1.05	0.95				
	318	2	184.4615627968421	37.66782663719298	0.0	0.0	3	1.0440058583466547	11.405942027560315	230.0	37	1.05	0.95				
	319	1	100.26289149017545	20.49572919964912	0.0	0.0	3	1.0314402120455017	7.200811025337813	230.0	35	1.05	0.95				
	320	1	70.90414425824561	14.40240430245614	0.0	0.0	3	1.0279151425282858	6.953858316792428	230.0	35	1.05	0.95				
	321	2	0.0	0.0	0.0	0.0	3	1.045369032224728	11.13824758000791	230.0	37	1.05	0.95				
	322	2	0.0	0.0	0.0	0.0	3	1.05	16.67229391296609	230.0	37	1.05	0.95				
	323	2	0.0	0.0	0.0	0.0	3	1.0270817786880166	7.241124070750961	230.0	35	1.05	0.95				
	324	1	0.0	0.0	0.0	0.0	3	1.040648406932677	8.279559365692228	230.0	36	1.05	0.95				
	325	1	0.0	0.0	0.0	0.0	3	1.0259428728245172	8.17493637398131	230.0	35	1.05	0.95				
];
