%% MATPOWER Case Format : Version 2
function mpc = RTS_GMLC
mpc.version = '2';

%%-----  Power Flow Data  -----%%
%% system MVA base
mpc.baseMVA = 100.0;
%% bus data
%    bus_i    type    Pd    Qd    Gs    Bs    area    Vm    Va    baseKV    zone    Vmax    Vmin
mpc.bus = [
	101	2	37.8347352783158	7.707075704842106	0.0	0.0	1	1.0153388950332878	-0.02574592237942264	138.0	11	1.05	0.95				
	102	2	33.981197425894734	7.006432458947369	0.0	0.0	1	1.0130224449959453	-0.648411281354212	138.0	12	1.05	0.95				
	103	1	63.05789213052633	12.961900049052632	0.0	0.0	1	1.0288032140727839	2.209205792541765	138.0	11	1.05	0.95				
	104	1	25.923800098105264	5.254824344210527	0.0	0.0	1	1.0141503689045281	-2.1544762953959964	138.0	11	1.05	0.95				
	105	1	24.87283522926316	4.904502721263159	0.0	0.0	1	1.0281949116328677	-2.2143481714150304	138.0	11	1.05	0.95				
	106	1	47.64374072084212	9.809005442526319	0.0	-100.0	1	1.0434172105417565	-3.9423611247229187	138.0	12	1.05	0.95				
	107	2	43.790202868421055	8.758040573684212	0.0	0.0	1	0.9993973779899749	-10.741695285814794	138.0	12	1.05	0.95				
	108	1	59.904997524	12.261256803157895	0.0	0.0	1	1.0049151696971677	-8.357103023521455	138.0	12	1.05	0.95				
	109	1	61.30628401578948	12.611578426105263	0.0	0.0	1	1.0243948202774555	-1.9177352842466804	138.0	13	1.05	0.95				
	110	1	68.31271647473685	14.012864917894738	0.0	0.0	1	1.05	-3.2760206472970563	138.0	13	1.05	0.95				
	111	1	0.0	0.0	0.0	0.0	1	1.0055146036573819	0.4883294756174616	230.0	13	1.05	0.95				
	112	1	0.0	0.0	0.0	0.0	1	1.0096272804262192	-0.653537930691112	230.0	13	1.05	0.95				
	113	3	92.83523008105264	18.9173676391579	0.0	0.0	1	0.9969101519119463	2.1287412414921452e-29	230.0	14	1.05	0.95				
	114	2	67.96239485178947	13.66254329494737	0.0	0.0	1	1.008815069392919	4.103715750844018	230.0	16	1.05	0.95				
	115	2	111.05195447431579	22.42058386863158	0.0	0.0	1	1.041822183829552	12.899070951155787	230.0	16	1.05	0.95				
	116	2	35.03216229473685	7.006432458947369	0.0	0.0	1	1.034747906747727	11.200811917210718	230.0	16	1.05	0.95				
	117	1	0.0	0.0	0.0	0.0	1	1.0395045874482929	16.864056882903125	230.0	17	1.05	0.95				
	118	2	116.6571004414737	23.82187036042106	0.0	0.0	1	1.05	17.37631437225958	230.0	17	1.05	0.95				
	119	1	63.408213753473696	12.961900049052632	0.0	0.0	1	1.0244058739991122	7.047275655363934	230.0	15	1.05	0.95				
	120	1	44.84116773726316	9.108362196631582	0.0	0.0	1	1.0213713178700734	4.0827963790613335	230.0	15	1.05	0.95				
	121	2	0.0	0.0	0.0	0.0	1	1.05	18.72025493233113	230.0	17	1.05	0.95				
	122	2	0.0	0.0	0.0	0.0	1	1.05	35.970635318999996	230.0	17	1.05	0.95				
	123	2	0.0	0.0	0.0	0.0	1	1.0206079082818866	2.7198519056983614	230.0	15	1.05	0.95				
	124	1	0.0	0.0	0.0	0.0	1	1.0235957238616349	8.904341255833163	230.0	16	1.05	0.95				
	201	2	44.31858965052632	9.027860854736842	0.0	0.0	2	1.0126768460519693	-18.102183499778146	138.0	21	1.05	0.95				
	202	2	39.8046592231579	8.20714623157895	0.0	0.0	2	1.011761638456951	-18.415516271625343	138.0	22	1.05	0.95				
	203	1	73.86431608421053	15.183220528421055	0.0	0.0	2	1.0144025186765169	-13.105404860883198	138.0	21	1.05	0.95				
	204	1	30.36644105684211	6.15535967368421	0.0	0.0	2	1.011097701165953	-18.041498638666315	138.0	21	1.05	0.95				
	205	1	29.135369122105264	5.745002362105264	0.0	0.0	2	1.0263611833656758	-18.57412791418442	138.0	21	1.05	0.95				
	206	1	55.808594374736856	11.490004724210529	0.0	-100.0	2	1.0418906581772682	-19.356049470592847	138.0	22	1.05	0.95				
	207	2	51.29466394736843	10.258932789473684	0.0	0.0	2	0.994229483960269	-24.233004184632993	138.0	22	1.05	0.95				
	208	1	70.17110028	14.362505905263156	0.0	0.0	2	1.0001547321835325	-22.386984792950138	138.0	22	1.05	0.95				
	209	1	71.8125295263158	14.772863216842106	0.0	0.0	2	1.0223795824959694	-16.032269992757783	138.0	23	1.05	0.95				
	210	1	80.01967575789473	16.4142924631579	0.0	0.0	2	1.05	-17.724312970320728	138.0	23	1.05	0.95				
	211	1	0.0	0.0	0.0	0.0	2	1.0074241821136922	-13.044869013443583	230.0	23	1.05	0.95				
	212	1	0.0	0.0	0.0	0.0	2	1.0090476555099042	-12.505293401167902	230.0	23	1.05	0.95				
	213	2	108.74468756842106	22.15929482526316	0.0	0.0	2	1.0037052643971882	-11.881038687171879	230.0	24	1.05	0.95				
	214	2	79.6093184463158	16.00393515157895	0.0	0.0	2	1.011034004000535	-10.139875788350194	230.0	26	1.05	0.95				
	215	2	130.08326777052633	26.26286794105263	0.0	0.0	2	1.0245598480630538	-2.954971523981389	230.0	26	1.05	0.95				
	216	2	41.03573115789474	8.20714623157895	0.0	0.0	2	1.02643197485703	-3.5325577732207734	230.0	26	1.05	0.95				
	217	1	0.0	0.0	0.0	0.0	2	1.0296668577251753	-1.4575585605329306	230.0	27	1.05	0.95				
	218	2	136.64898475578948	27.904297187368428	0.0	0.0	2	1.0291923628715511	-1.9793991808354983	230.0	27	1.05	0.95				
	219	1	74.27467339578948	15.183220528421055	0.0	0.0	2	1.0269085059560292	-4.226452397815273	230.0	25	1.05	0.95				
	220	1	52.52573588210526	10.669290101052633	0.0	0.0	2	1.030009391581126	-4.027701197486233	230.0	25	1.05	0.95				
	221	2	0.0	0.0	0.0	0.0	2	1.0308819158548914	-1.501684093816935	230.0	27	1.05	0.95				
	222	2	0.0	0.0	0.0	0.0	2	1.05	5.0085401650919135	230.0	27	1.05	0.95				
	223	2	0.0	0.0	0.0	0.0	2	1.032213315519165	-3.60604696272285	230.0	25	1.05	0.95				
	224	1	0.0	0.0	0.0	0.0	2	1.0082790041088112	-6.7573328845384655	230.0	26	1.05	0.95				
	301	2	54.8541600631579	11.173995568421052	0.0	0.0	3	1.0127812109558516	-3.1660543226103295	138.0	31	1.05	0.95				
	302	2	49.26716227894736	10.158177789473683	0.0	0.0	3	1.0114967228111882	-3.4230976587536577	138.0	32	1.05	0.95				
	303	1	91.42360010526316	18.792628910526314	0.0	0.0	3	1.0481713237927772	8.671250451458514	138.0	31	1.05	0.95				
	304	1	37.58525782105263	7.618633342105261	0.0	0.0	3	1.0119549050635739	-1.539412648590187	138.0	31	1.05	0.95				
	305	1	36.061531152631574	7.11072445263158	0.0	0.0	3	1.0250375479582983	-3.8436334705715622	138.0	31	1.05	0.95				
	306	1	69.07560896842105	14.22144890526316	0.0	-100.0	3	1.0389743134864005	-4.797761727517685	138.0	32	1.05	0.95				
	307	2	63.48861118421052	12.697722236842104	0.0	0.0	3	0.9905092047611818	-9.660916346125422	138.0	32	1.05	0.95				
	308	1	86.85242009999999	17.776811131578945	0.0	0.0	3	0.9950183400229643	-7.309378147988079	138.0	32	1.05	0.95				
	309	1	88.88405565789473	18.28472002105263	0.0	0.0	3	1.0294004400194854	2.0622801086765237	138.0	33	1.05	0.95				
	310	1	99.04223344736842	20.316355578947366	0.0	0.0	3	1.05	-2.889754899506603	138.0	33	1.05	0.95				
	311	1	0.0	0.0	0.0	0.0	3	1.0123175172338652	2.3511598220603305	230.0	33	1.05	0.95				
	312	1	0.0	0.0	0.0	0.0	3	1.0162252050608103	3.0156669542363854	230.0	33	1.05	0.95				
	313	2	134.5958557105263	27.42708003157895	0.0	0.0	3	1.013883772297678	5.15670136531039	230.0	34	1.05	0.95				
	314	2	98.53432455789472	19.808446689473683	0.0	0.0	3	1.0105613562022124	2.759192172050437	230.0	36	1.05	0.95				
	315	2	161.00711796315787	32.50616892631579	0.0	0.0	3	1.042158554950117	6.392117302723206	230.0	36	1.05	0.95				
	316	2	50.790888947368416	10.158177789473683	0.0	0.0	3	1.0377399419267623	6.382598499081698	230.0	36	1.05	0.95				
	317	1	0.0	0.0	0.0	0.0	3	1.05	10.735572742129861	230.0	37	1.05	0.95				
	318	2	169.13366019473685	34.537804484210525	0.0	0.0	3	1.0462184945208641	8.028050453068769	230.0	37	1.05	0.95				
	319	1	91.93150899473684	18.792628910526314	0.0	0.0	3	1.0309792869636618	5.7351385617533595	230.0	35	1.05	0.95				
	320	1	65.01233785263157	13.20563112631579	0.0	0.0	3	1.0289016888923161	6.149126523367862	230.0	35	1.05	0.95				
	321	2	0.0	0.0	0.0	0.0	3	1.045767534755614	8.125421209209836	230.0	37	1.05	0.95				
	322	2	0.0	0.0	0.0	0.0	3	1.05	13.492656614634779	230.0	37	1.05	0.95				
	323	2	0.0	0.0	0.0	0.0	3	1.028777258788743	6.765798653644089	230.0	35	1.05	0.95				
	324	1	0.0	0.0	0.0	0.0	3	1.0412263063747855	7.267164444484562	230.0	36	1.05	0.95				
	325	1	0.0	0.0	0.0	0.0	3	1.0276049965134182	7.781970448343622	230.0	35	1.05	0.95				
];
