%% MATPOWER Case Format : Version 2
function mpc = RTS_GMLC
mpc.version = '2';

%%-----  Power Flow Data  -----%%
%% system MVA base
mpc.baseMVA = 100.0;
%% bus data
%    bus_i    type    Pd    Qd    Gs    Bs    area    Vm    Va    baseKV    zone    Vmax    Vmin
mpc.bus = [
	101	2	40.640277107368426	8.27857496631579	0.0	0.0	1	1.0459501686799115	4.897064036149014	138.0	11	1.05	0.95				
	102	2	36.500989624210526	7.525977242105264	0.0	0.0	1	1.044540918050883	4.504443226897576	138.0	12	1.05	0.95				
	103	1	67.73379517894737	13.923057897894738	0.0	0.0	1	1.029754023420855	1.1216048366885711	138.0	11	1.05	0.95				
	104	1	27.846115795789476	5.644482931578948	0.0	0.0	1	1.0286746277382888	0.7779420369394644	138.0	11	1.05	0.95				
	105	1	26.717219209473686	5.268184069473685	0.0	0.0	1	1.0419164326357515	0.7913674847883772	138.0	11	1.05	0.95				
	106	1	51.1766452463158	10.53636813894737	0.0	-100.0	1	1.0488348020016403	-1.974231234648825	138.0	12	1.05	0.95				
	107	2	47.0373577631579	9.40747155263158	0.0	0.0	1	1.0009741960157985	-9.657530493347965	138.0	12	1.05	0.95				
	108	1	64.34710542	13.170460173684212	0.0	0.0	1	1.0052831152063768	-7.5505172417171895	138.0	12	1.05	0.95				
	109	1	65.85230086842107	13.546759035789474	0.0	0.0	1	1.024023855019785	-1.6809870332763297	138.0	13	1.05	0.95				
	110	1	73.37827811052632	15.051954484210528	0.0	0.0	1	1.05	-2.244462961185268	138.0	13	1.05	0.95				
	111	1	0.0	0.0	0.0	0.0	1	1.00076280869739	-0.4891057734483366	230.0	13	1.05	0.95				
	112	1	0.0	0.0	0.0	0.0	1	1.0062736837270456	-0.6711472027183136	230.0	13	1.05	0.95				
	113	3	99.71919845789475	20.320138553684213	0.0	0.0	1	0.9919264373960089	-6.802054981376542e-29	230.0	14	1.05	0.95				
	114	2	73.00197924842105	14.675655622105266	0.0	0.0	1	0.9940618399634562	0.6991737979150746	230.0	16	1.05	0.95				
	115	2	119.28673928736843	24.083127174736845	0.0	0.0	1	1.0281205786301284	5.535510271650804	230.0	16	1.05	0.95				
	116	2	37.62988621052632	7.525977242105264	0.0	0.0	1	1.0234187692312013	4.577749971902931	230.0	16	1.05	0.95				
	117	1	0.0	0.0	0.0	0.0	1	1.0325909005198248	7.4830791399712515	230.0	17	1.05	0.95				
	118	2	125.30752108105266	25.5883226231579	0.0	0.0	1	1.0355773929431467	8.018499778078166	230.0	17	1.05	0.95				
	119	1	68.11009404105263	13.923057897894738	0.0	0.0	1	1.0151139263317595	2.6560357486038066	230.0	15	1.05	0.95				
	120	1	48.16625434947369	9.783770414736843	0.0	0.0	1	1.0105902073381403	1.5401492878536145	230.0	15	1.05	0.95				
	121	2	0.0	0.0	0.0	0.0	1	1.03843996557045	9.277202565815644	230.0	17	1.05	0.95				
	122	2	0.0	0.0	0.0	0.0	1	1.05	15.07311649017059	230.0	17	1.05	0.95				
	123	2	0.0	0.0	0.0	0.0	1	1.0084442642139688	1.2237730154564257	230.0	15	1.05	0.95				
	124	1	0.0	0.0	0.0	0.0	1	1.0219353006118617	3.866012738780042	230.0	16	1.05	0.95				
	201	2	42.97560207157895	8.754289310877192	0.0	0.0	2	1.0149140797910048	-15.454376049407601	138.0	21	1.05	0.95				
	202	2	38.59845741614035	7.958444828070175	0.0	0.0	2	1.013994773183844	-15.753004124700283	138.0	22	1.05	0.95				
	203	1	71.62600345263156	14.723122931929822	0.0	0.0	2	1.0147965518453197	-10.940862040823031	138.0	21	1.05	0.95				
	204	1	29.446245863859644	5.968833621052631	0.0	0.0	2	1.0123432160893486	-15.380939875541806	138.0	21	1.05	0.95				
	205	1	28.252479139649118	5.570911379649123	0.0	0.0	2	1.0276788179230099	-15.867013165920477	138.0	21	1.05	0.95				
	206	1	54.11742483087719	11.141822759298247	0.0	-100.0	2	1.0428008966102889	-16.604321761534287	138.0	22	1.05	0.95				
	207	2	49.74028017543859	9.948056035087719	0.0	0.0	2	0.9965444766767559	-21.337350727659775	138.0	22	1.05	0.95				
	208	1	68.04470328	13.927278449122804	0.0	0.0	2	1.0019910713071039	-19.55066121621099	138.0	22	1.05	0.95				
	209	1	69.63639224561403	14.325200690526312	0.0	0.0	2	1.022324645581665	-13.424736896818706	138.0	23	1.05	0.95				
	210	1	77.5948370736842	15.91688965614035	0.0	0.0	2	1.05	-14.999476210385135	138.0	23	1.05	0.95				
	211	1	0.0	0.0	0.0	0.0	2	1.0058000636961513	-10.479889737076586	230.0	23	1.05	0.95				
	212	1	0.0	0.0	0.0	0.0	2	1.0067721254478001	-9.82443416556623	230.0	23	1.05	0.95				
	213	2	105.44939397192981	21.487801035789474	0.0	0.0	2	1.0013730732142603	-9.181125804945335	230.0	24	1.05	0.95				
	214	2	77.1969148322807	15.518967414736842	0.0	0.0	2	1.0080069397460178	-7.7746871162662385	230.0	26	1.05	0.95				
	215	2	126.14135052491227	25.46702344982456	0.0	0.0	2	1.0205536794827363	-0.8741441817478227	230.0	26	1.05	0.95				
	216	2	39.792224140350875	7.958444828070175	0.0	0.0	2	1.0212316737579843	-1.4960538509230967	230.0	26	1.05	0.95				
	217	1	0.0	0.0	0.0	0.0	2	1.0244117425416455	-0.030573715419338565	230.0	27	1.05	0.95				
	218	2	132.5081063873684	27.058712415438595	0.0	0.0	2	1.0240937040910538	-0.36420981307970574	230.0	27	1.05	0.95				
	219	1	72.02392569403509	14.723122931929822	0.0	0.0	2	1.0209837814410248	-1.8654910713058037	230.0	25	1.05	0.95				
	220	1	50.93404689964912	10.345978276491227	0.0	0.0	2	1.023303658392446	-1.4007789873242509	230.0	25	1.05	0.95				
	221	2	0.0	0.0	0.0	0.0	2	1.0264460301993579	0.263227296846362	230.0	27	1.05	0.95				
	222	2	0.0	0.0	0.0	0.0	2	1.0479953320357436	6.663269927723818	230.0	27	1.05	0.95				
	223	2	0.0	0.0	0.0	0.0	2	1.0251069559914892	-0.838051762826635	230.0	25	1.05	0.95				
	224	1	0.0	0.0	0.0	0.0	2	1.0060665861707156	-4.6616991457174874	230.0	26	1.05	0.95				
	301	2	46.46630811789475	9.465359061052633	0.0	0.0	3	1.0054888509701805	-6.5597960577749115	138.0	31	1.05	0.95				
	302	2	41.73362858736842	8.60487187368421	0.0	0.0	3	1.0053129288498404	-6.639125834883926	138.0	32	1.05	0.95				
	303	1	77.4438468631579	15.91901296631579	0.0	0.0	3	1.0194006592242877	-2.7832860337690946	138.0	31	1.05	0.95				
	304	1	31.83802593263158	6.453653905263159	0.0	0.0	3	1.0083921909294484	-5.359071947508715	138.0	31	1.05	0.95				
	305	1	30.547295151578947	6.023410311578949	0.0	0.0	3	1.021905423448813	-5.533113384236412	138.0	31	1.05	0.95				
	306	1	58.51312874105265	12.046820623157897	0.0	-100.0	3	1.0396606329448963	-5.480243974636533	138.0	32	1.05	0.95				
	307	2	53.780449210526314	10.756089842105263	0.0	0.0	3	0.9956523145490185	-9.676526507401988	138.0	32	1.05	0.95				
	308	1	73.57165452000001	15.058525778947368	0.0	0.0	3	1.0028637805599718	-7.763888221491758	138.0	32	1.05	0.95				
	309	1	75.29262889473685	15.48876937263158	0.0	0.0	3	1.0242826678046641	-2.5419120351042914	138.0	33	1.05	0.95				
	310	1	83.89750076842105	17.20974374736842	0.0	0.0	3	1.05	-3.124620984179827	138.0	33	1.05	0.95				
	311	1	0.0	0.0	0.0	0.0	3	1.0043604726136075	1.516999134206711	230.0	33	1.05	0.95				
	312	1	0.0	0.0	0.0	0.0	3	1.0096653326637397	2.3462169827023716	230.0	33	1.05	0.95				
	313	2	114.0145523263158	23.233154058947374	0.0	0.0	3	1.0098029612061856	6.507561546826771	230.0	34	1.05	0.95				
	314	2	83.46725717473684	16.77950015368421	0.0	0.0	3	0.9995912592466496	1.6066384243394345	230.0	36	1.05	0.95				
	315	2	136.38721919789475	27.53558999578948	0.0	0.0	3	1.0156611385772325	-0.10758444791908035	230.0	36	1.05	0.95				
	316	2	43.02435936842105	8.60487187368421	0.0	0.0	3	1.0148182849964986	0.5552369235930709	230.0	36	1.05	0.95				
	317	1	0.0	0.0	0.0	0.0	3	1.0203604258493801	0.8349082572216714	230.0	37	1.05	0.95				
	318	2	143.2711166968421	29.256564370526323	0.0	0.0	3	1.0191037113732977	0.12521147700669114	230.0	37	1.05	0.95				
	319	1	77.87409045684211	15.91901296631579	0.0	0.0	3	1.0147968304491601	2.288079333150737	230.0	35	1.05	0.95				
	320	1	55.07117999157896	11.186333435789475	0.0	0.0	3	1.0154357074364073	3.441136661857351	230.0	35	1.05	0.95				
	321	2	0.0	0.0	0.0	0.0	3	1.019979214081489	0.6123136503831622	230.0	37	1.05	0.95				
	322	2	0.0	0.0	0.0	0.0	3	1.0336638756795202	5.144601323801085	230.0	37	1.05	0.95				
	323	2	0.0	0.0	0.0	0.0	3	1.015908980119675	4.095713762084123	230.0	35	1.05	0.95				
	324	1	0.0	0.0	0.0	0.0	3	1.0135976091485266	0.3024864353055799	230.0	36	1.05	0.95				
	325	1	0.0	0.0	0.0	0.0	3	1.017435291648284	4.548108199373812	230.0	35	1.05	0.95				
];
