%% MATPOWER Case Format : Version 2
function mpc = RTS_GMLC
mpc.version = '2';

%%-----  Power Flow Data  -----%%
%% system MVA base
mpc.baseMVA = 100.0;
%% bus data
%    bus_i    type    Pd    Qd    Gs    Bs    area    Vm    Va    baseKV    zone    Vmax    Vmin
mpc.bus = [
	101	2	66.90549232421054	13.628896584561403	0.0	0.0	1	1.05	1.2975678693127548	138.0	11	1.05	0.95				
	102	2	60.09104403192983	12.389905985964914	0.0	0.0	1	1.0490825255029737	0.9327608776102586	138.0	12	1.05	0.95				
	103	1	111.50915387368423	22.92132607403509	0.0	0.0	1	1.0306963887943101	-0.7676097357326231	138.0	11	1.05	0.95				
	104	1	45.84265214807018	9.292429489473685	0.0	0.0	1	1.0278428744100019	-2.567498733482324	138.0	11	1.05	0.95				
	105	1	43.98416625017544	8.67293419017544	0.0	0.0	1	1.0409011362445373	-2.8930180991929415	138.0	11	1.05	0.95				
	106	1	84.25136070456142	17.34586838035088	0.0	-100.0	1	1.0431295358638417	-5.894839318441645	138.0	12	1.05	0.95				
	107	2	77.4369124122807	15.487382482456141	0.0	0.0	1	0.9995914183453183	-12.512119468241757	138.0	12	1.05	0.95				
	108	1	105.93369618000001	21.682335475438595	0.0	0.0	1	0.997403300167079	-11.131053044268457	138.0	12	1.05	0.95				
	109	1	108.411677377193	22.301830774736842	0.0	0.0	1	1.0255798932848872	-4.063219014344483	138.0	13	1.05	0.95				
	110	1	120.80158336315789	24.779811971929828	0.0	0.0	1	1.05	-5.274925954360554	138.0	13	1.05	0.95				
	111	1	0.0	0.0	0.0	0.0	1	1.010598119576246	-1.6683642335308524	230.0	13	1.05	0.95				
	112	1	0.0	0.0	0.0	0.0	1	1.0133652279478544	-1.1699475361897953	230.0	13	1.05	0.95				
	113	3	164.1662543140351	33.45274616210527	0.0	0.0	1	1.0085362244012452	-3.1431199979229978e-30	230.0	14	1.05	0.95				
	114	2	120.18208806385967	24.16031667263158	0.0	0.0	1	1.0113708601767906	-0.049927938855474446	230.0	16	1.05	0.95				
	115	2	196.38000987754387	39.64769915508772	0.0	0.0	1	1.0399568129230843	6.6745488411194644	230.0	16	1.05	0.95				
	116	2	61.949529929824564	12.389905985964914	0.0	0.0	1	1.0367210441321746	5.983399229054464	230.0	16	1.05	0.95				
	117	1	0.0	0.0	0.0	0.0	1	1.0420427220302049	8.535778440026467	230.0	17	1.05	0.95				
	118	2	206.29193466631583	42.12568035228071	0.0	0.0	1	1.0439345503013937	8.897853843006681	230.0	17	1.05	0.95				
	119	1	112.12864917298246	22.92132607403509	0.0	0.0	1	1.0299758540731005	4.737960210442149	230.0	15	1.05	0.95				
	120	1	79.29539831017544	16.106877781754385	0.0	0.0	1	1.0283483138537413	4.368982700652663	230.0	15	1.05	0.95				
	121	2	0.0	0.0	0.0	0.0	1	1.0467691360268918	10.35001794443782	230.0	17	1.05	0.95				
	122	2	0.0	0.0	0.0	0.0	1	1.05	16.14649812569678	230.0	17	1.05	0.95				
	123	2	0.0	0.0	0.0	0.0	1	1.028854400867781	4.636445792535807	230.0	15	1.05	0.95				
	124	1	0.0	0.0	0.0	0.0	1	1.026843617776089	3.888636852341937	230.0	16	1.05	0.95				
	201	2	60.70643791578948	12.366126242105263	0.0	0.0	2	1.0258854819461893	-8.642443878913214	138.0	21	1.05	0.95				
	202	2	54.52337479473683	11.241932947368422	0.0	0.0	2	1.026930172749865	-8.403667167215726	138.0	22	1.05	0.95				
	203	1	101.17739652631579	20.79757595263158	0.0	0.0	2	1.0147065759052025	-8.659521997854476	138.0	21	1.05	0.95				
	204	1	41.59515190526316	8.431449710526314	0.0	0.0	2	1.0163840990320905	-9.423431900819441	138.0	21	1.05	0.95				
	205	1	39.90886196315789	7.869353063157895	0.0	0.0	2	1.0309990122669401	-9.665217958823913	138.0	21	1.05	0.95				
	206	1	76.44514404210526	15.73870612631579	0.0	-100.0	2	1.0410807559962811	-10.730110848431467	138.0	22	1.05	0.95				
	207	2	70.26208092105263	14.052416184210525	0.0	0.0	2	0.9929914434820623	-18.831621167837145	138.0	22	1.05	0.95				
	208	1	96.11852669999999	19.673382657894734	0.0	0.0	2	0.9933147013644377	-16.15823378587485	138.0	22	1.05	0.95				
	209	1	98.36691328947367	20.23547930526316	0.0	0.0	2	1.0246201317952728	-7.957919164399999	138.0	23	1.05	0.95				
	210	1	109.60884623684211	22.483865894736844	0.0	0.0	2	1.05	-8.907652440808125	138.0	23	1.05	0.95				
	211	1	0.0	0.0	0.0	0.0	2	1.0102241027362424	-5.083522059652772	230.0	23	1.05	0.95				
	212	1	0.0	0.0	0.0	0.0	2	1.0153663323508262	-0.08914781977829392	230.0	23	1.05	0.95				
	213	2	148.95561155263158	30.35321895789474	0.0	0.0	2	1.0099341307386327	-2.531233144133643	230.0	24	1.05	0.95				
	214	2	109.04674958947366	21.92176924736842	0.0	0.0	2	1.0108371580017506	-3.8941080906706222	230.0	26	1.05	0.95				
	215	2	178.18463721578945	35.974185431578945	0.0	0.0	2	1.0287115552775636	1.223101189496326	230.0	26	1.05	0.95				
	216	2	56.2096647368421	11.241932947368422	0.0	0.0	2	1.0284370973286967	1.2582502348275038	230.0	26	1.05	0.95				
	217	1	0.0	0.0	0.0	0.0	2	1.032911615824352	2.574026117939342	230.0	27	1.05	0.95				
	218	2	187.1781835736842	38.22257202105263	0.0	0.0	2	1.0318426825641043	2.0359689899377957	230.0	27	1.05	0.95				
	219	1	101.73949317368421	20.79757595263158	0.0	0.0	2	1.0270155833068162	1.6823597233301417	230.0	25	1.05	0.95				
	220	1	71.94837086315789	14.614512831578946	0.0	0.0	2	1.0304209605941221	3.1388418381795686	230.0	25	1.05	0.95				
	221	2	0.0	0.0	0.0	0.0	2	1.0336630064831733	2.5659134478383825	230.0	27	1.05	0.95				
	222	2	0.0	0.0	0.0	0.0	2	1.05	9.06506424100617	230.0	27	1.05	0.95				
	223	2	0.0	0.0	0.0	0.0	2	1.0340197904356971	4.3591767292976185	230.0	25	1.05	0.95				
	224	1	0.0	0.0	0.0	0.0	2	1.0112597154821639	-2.4641818288968564	230.0	26	1.05	0.95				
	301	2	77.13065485894737	15.711800063859648	0.0	0.0	3	0.971367052193624	-10.621550490146587	138.0	31	1.05	0.95				
	302	2	69.27475482701753	14.283454603508773	0.0	0.0	3	0.9732322393089808	-10.706101451796037	138.0	32	1.05	0.95				
	303	1	128.55109143157895	26.424391016491228	0.0	0.0	3	0.9855871432392318	-6.1650041753821	138.0	31	1.05	0.95				
	304	1	52.848782032982456	10.71259095263158	0.0	0.0	3	0.968960332958659	-7.910195545299928	138.0	31	1.05	0.95				
	305	1	50.70626384245613	9.998418222456142	0.0	0.0	3	0.9808483311679642	-8.036534034402983	138.0	31	1.05	0.95				
	306	1	97.12749130385966	19.996836444912283	0.0	-100.0	3	0.9944210740122343	-7.4184730059499655	138.0	32	1.05	0.95				
	307	2	89.27159127192982	17.854318254385966	0.0	0.0	3	0.950000018834297	-12.89501092429972	138.0	32	1.05	0.95				
	308	1	122.12353685999999	24.99604555614035	0.0	0.0	3	0.9575737308108452	-9.3164705062062	138.0	32	1.05	0.95				
	309	1	124.98022778070175	25.71021828631579	0.0	0.0	3	0.9939033217056358	-2.5167150525145345	138.0	33	1.05	0.95				
	310	1	139.2636823842105	28.566909207017545	0.0	0.0	3	1.0145489343032168	-3.0017619611879045	138.0	33	1.05	0.95				
	311	1	0.0	0.0	0.0	0.0	3	0.989155391633917	5.059024769520423	230.0	33	1.05	0.95				
	312	1	0.0	0.0	0.0	0.0	3	0.9940949189008783	6.764148093797304	230.0	33	1.05	0.95				
	313	2	189.2557734964912	38.56532742947368	0.0	0.0	3	1.0250773111937819	14.950725500414054	230.0	34	1.05	0.95				
	314	2	138.54950965403506	27.852736476842104	0.0	0.0	3	0.997103735283238	3.843800600150091	230.0	36	1.05	0.95				
	315	2	226.39275546561404	45.70705473122807	0.0	0.0	3	1.0211455116255836	-0.8966195703197313	230.0	36	1.05	0.95				
	316	2	71.41727301754386	14.283454603508773	0.0	0.0	3	1.0207936443668308	0.4500970395992135	230.0	36	1.05	0.95				
	317	1	0.0	0.0	0.0	0.0	3	1.025974243547561	0.6858760007084008	230.0	37	1.05	0.95				
	318	2	237.81951914842105	48.56374565192983	0.0	0.0	3	1.0241417260755064	-0.16993571555084597	230.0	37	1.05	0.95				
	319	1	129.2652641617544	26.424391016491228	0.0	0.0	3	1.0178941070817176	2.8079747553239294	230.0	35	1.05	0.95				
	320	1	91.41410946245614	18.568490984561404	0.0	0.0	3	1.02202994024834	5.655854533159245	230.0	35	1.05	0.95				
	321	2	0.0	0.0	0.0	0.0	3	1.0252634601529216	0.155213579622133	230.0	37	1.05	0.95				
	322	2	0.0	0.0	0.0	0.0	3	1.0389762463669463	4.762932205711309	230.0	37	1.05	0.95				
	323	2	0.0	0.0	0.0	0.0	3	1.025521960716436	6.9590943692563245	230.0	35	1.05	0.95				
	324	1	0.0	0.0	0.0	0.0	3	1.0030788134879047	-0.5969423705084077	230.0	36	1.05	0.95				
	325	1	0.0	0.0	0.0	0.0	3	1.0274358648356905	7.258569971122718	230.0	35	1.05	0.95				
];
