%% MATPOWER Case Format : Version 2
function mpc = RTS_GMLC
mpc.version = '2';

%%-----  Power Flow Data  -----%%
%% system MVA base
mpc.baseMVA = 100.0;
%% bus data
%    bus_i    type    Pd    Qd    Gs    Bs    area    Vm    Va    baseKV    zone    Vmax    Vmin
mpc.bus = [
	101	2	37.96833251368421	7.734289956491228	0.0	0.0	1	1.0284956244119883	2.063724467470588	138.0	11	1.05	0.95				
	102	2	34.10118753543859	7.031172687719299	0.0	0.0	1	1.0267757260142847	1.5614315717442058	138.0	12	1.05	0.95				
	103	1	63.28055418947368	13.0076694722807	0.0	0.0	1	1.0280260084836839	3.070313750309104	138.0	11	1.05	0.95				
	104	1	26.0153389445614	5.273379515789474	0.0	0.0	1	1.0193012667703476	-0.8065991365125154	138.0	11	1.05	0.95				
	105	1	24.960663041403507	4.921820881403509	0.0	0.0	1	1.0345182604539673	-0.7567486067670621	138.0	11	1.05	0.95				
	106	1	47.811974276491235	9.843641762807017	0.0	-100.0	1	1.0463293378732488	-2.8080980180876414	138.0	12	1.05	0.95				
	107	2	43.944829298245615	8.788965859649123	0.0	0.0	1	0.9987504388996263	-10.7835265023577	138.0	12	1.05	0.95				
	108	1	60.11652648	12.304552203508772	0.0	0.0	1	1.0037130618013403	-8.08168185842788	138.0	12	1.05	0.95				
	109	1	61.52276101754386	12.656110837894735	0.0	0.0	1	1.0229288858079033	-1.2961799731296646	138.0	13	1.05	0.95				
	110	1	68.55393370526316	14.062345375438598	0.0	0.0	1	1.05	-2.4894102844044688	138.0	13	1.05	0.95				
	111	1	0.0	0.0	0.0	0.0	1	1.0018675218748467	0.8223137556801428	230.0	13	1.05	0.95				
	112	1	0.0	0.0	0.0	0.0	1	1.0073364097467736	-0.36434954575212347	230.0	13	1.05	0.95				
	113	3	93.16303811228069	18.984166256842105	0.0	0.0	1	0.9951368492869589	1.6401519650634562e-30	230.0	14	1.05	0.95				
	114	2	68.20237507087718	13.710786741052633	0.0	0.0	1	0.9995895996912013	4.399134480520567	230.0	16	1.05	0.95				
	115	2	111.44408710035087	22.499752600701754	0.0	0.0	1	1.033208948368229	13.288252430955396	230.0	16	1.05	0.95				
	116	2	35.15586343859649	7.031172687719299	0.0	0.0	1	1.0264997544731094	11.453517204879615	230.0	16	1.05	0.95				
	117	1	0.0	0.0	0.0	0.0	1	1.0330828108406445	17.03345725883462	230.0	17	1.05	0.95				
	118	2	117.06902525052631	23.905987138245617	0.0	0.0	1	1.0422048975802842	17.72548877212154	230.0	17	1.05	0.95				
	119	1	63.63211282385966	13.0076694722807	0.0	0.0	1	1.0153097641480238	7.164913342330278	230.0	15	1.05	0.95				
	120	1	44.99950520140351	9.140524494035088	0.0	0.0	1	1.0118421674616038	4.091259616582934	230.0	15	1.05	0.95				
	121	2	0.0	0.0	0.0	0.0	1	1.0439146046601877	19.227244080575346	230.0	17	1.05	0.95				
	122	2	0.0	0.0	0.0	0.0	1	1.05	34.22733795273325	230.0	17	1.05	0.95				
	123	2	0.0	0.0	0.0	0.0	1	1.0109363813347043	2.67310918997311	230.0	15	1.05	0.95				
	124	1	0.0	0.0	0.0	0.0	1	1.0186008413491046	9.441199938061867	230.0	16	1.05	0.95				
	201	2	44.097591675789474	8.98284274877193	0.0	0.0	2	1.0073864566688775	-19.14530651218028	138.0	21	1.05	0.95				
	202	2	39.60617030140351	8.166220680701755	0.0	0.0	2	1.0065546768195206	-19.47124594530725	138.0	22	1.05	0.95				
	203	1	73.4959861263158	15.107508259298246	0.0	0.0	2	1.0125325055601087	-13.897094544181249	138.0	21	1.05	0.95				
	204	1	30.215016518596492	6.124665510526316	0.0	0.0	2	1.0088147973558999	-19.16870716924438	138.0	21	1.05	0.95				
	205	1	28.990083416491224	5.716354476491229	0.0	0.0	2	1.0236868733434077	-19.721801700824273	138.0	21	1.05	0.95				
	206	1	55.53030062877193	11.432708952982457	0.0	-100.0	2	1.0406592713527176	-20.5605069320508	138.0	22	1.05	0.95				
	207	2	51.038879254385975	10.207775850877193	0.0	0.0	2	0.9898857052103807	-25.37741247031044	138.0	22	1.05	0.95				
	208	1	69.82118682000001	14.290886191228068	0.0	0.0	2	0.9977335306691034	-23.55732091318869	138.0	22	1.05	0.95				
	209	1	71.45443095614034	14.699197225263157	0.0	0.0	2	1.022413658894078	-17.223378780559536	138.0	23	1.05	0.95				
	210	1	79.62065163684211	16.33244136140351	0.0	0.0	2	1.05	-18.976960457095277	138.0	23	1.05	0.95				
	211	1	0.0	0.0	0.0	0.0	2	1.0075193249272374	-14.311037840771146	230.0	23	1.05	0.95				
	212	1	0.0	0.0	0.0	0.0	2	1.0145890195992602	-13.938690670055964	230.0	23	1.05	0.95				
	213	2	108.20242401929825	22.048795837894737	0.0	0.0	2	1.008130085509974	-13.338974611631992	230.0	24	1.05	0.95				
	214	2	79.21234060280702	15.924130327368422	0.0	0.0	2	1.0073465516800642	-11.277309446935941	230.0	26	1.05	0.95				
	215	2	129.43459778912282	26.131906178245618	0.0	0.0	2	1.0228403081200816	-3.7630868047269597	230.0	26	1.05	0.95				
	216	2	40.83110340350877	8.166220680701755	0.0	0.0	2	1.0262722293173312	-4.5446212228293845	230.0	26	1.05	0.95				
	217	1	0.0	0.0	0.0	0.0	2	1.0271037710817845	-2.2380972580748373	230.0	27	1.05	0.95				
	218	2	135.96757433368424	27.765150314385966	0.0	0.0	2	1.0266596844635298	-2.76305252545657	230.0	27	1.05	0.95				
	219	1	73.90429716035088	15.107508259298246	0.0	0.0	2	1.0342523897790883	-5.6873074556924	230.0	25	1.05	0.95				
	220	1	52.263812356491236	10.616086884912281	0.0	0.0	2	1.0439494948509913	-5.881715432916634	230.0	25	1.05	0.95				
	221	2	0.0	0.0	0.0	0.0	2	1.028878915982848	-2.291726017535656	230.0	27	1.05	0.95				
	222	2	0.0	0.0	0.0	0.0	2	1.0499999625720602	4.219906904875115	230.0	27	1.05	0.95				
	223	2	0.0	0.0	0.0	0.0	2	1.0496662920255337	-5.687177926997279	230.0	25	1.05	0.95				
	224	1	0.0	0.0	0.0	0.0	2	1.0065437482534902	-7.55862618164456	230.0	26	1.05	0.95				
	301	2	54.1537488	11.031319199999999	0.0	0.0	3	1.0341769115075738	6.579394872936486	138.0	31	1.05	0.95				
	302	2	48.638089199999996	10.028471999999999	0.0	0.0	3	1.0298985595618517	6.244953478458738	138.0	32	1.05	0.95				
	303	1	90.256248	18.5526732	0.0	0.0	3	1.05	22.81910718761002	138.0	31	1.05	0.95				
	304	1	37.1053464	7.521354	0.0	0.0	3	1.012875346637174	8.025607151088145	138.0	31	1.05	0.95				
	305	1	35.6010756	7.019930400000001	0.0	0.0	3	1.0330377087175473	5.212004710374661	138.0	31	1.05	0.95				
	306	1	68.1936096	14.039860800000001	0.0	-100.0	3	1.0387715578337746	3.857595360417062	138.0	32	1.05	0.95				
	307	2	62.677949999999996	12.53559	0.0	0.0	3	0.95	-0.6360108195915745	138.0	32	1.05	0.95				
	308	1	85.7434356	17.549826	0.0	0.0	3	0.9671435991170894	1.6585470070493378	138.0	32	1.05	0.95				
	309	1	87.74913	18.0512496	0.0	0.0	3	1.0156506391911053	11.590048690833761	138.0	33	1.05	0.95				
	310	1	97.777602	20.056943999999998	0.0	0.0	3	1.0438786266369264	5.41832572957432	138.0	33	1.05	0.95				
	311	1	0.0	0.0	0.0	0.0	3	1.0020896332933709	9.855656985772743	230.0	33	1.05	0.95				
	312	1	0.0	0.0	0.0	0.0	3	1.0073995260892266	10.517023571010231	230.0	33	1.05	0.95				
	313	2	132.877254	27.0768744	0.0	0.0	3	1.0037632537494459	12.20844502618909	230.0	34	1.05	0.95				
	314	2	97.27617839999999	19.5555204	0.0	0.0	3	0.9966301225249606	9.262362003696907	230.0	36	1.05	0.95				
	315	2	158.95128119999998	32.0911104	0.0	0.0	3	1.0469572869849313	11.747845700047247	230.0	36	1.05	0.95				
	316	2	50.14236	10.028471999999999	0.0	0.0	3	1.0313846781223812	11.470918565997124	230.0	36	1.05	0.95				
	317	1	0.0	0.0	0.0	0.0	3	1.05	14.623932973350167	230.0	37	1.05	0.95				
	318	2	166.9740588	34.0968048	0.0	0.0	3	1.05	11.716085470943028	230.0	37	1.05	0.95				
	319	1	90.7576716	18.5526732	0.0	0.0	3	1.021401011013907	10.870224128695126	230.0	35	1.05	0.95				
	320	1	64.1822208	13.0370136	0.0	0.0	3	1.0165159599801132	11.329573658917738	230.0	35	1.05	0.95				
	321	2	0.0	0.0	0.0	0.0	3	1.05	12.366829468694139	230.0	37	1.05	0.95				
	322	2	0.0	0.0	0.0	0.0	3	1.05	17.600850957488777	230.0	37	1.05	0.95				
	323	2	0.0	0.0	0.0	0.0	3	1.0148743609800124	11.978243009900668	230.0	35	1.05	0.95				
	324	1	0.0	0.0	0.0	0.0	3	1.0446369279859469	15.979975632263512	230.0	36	1.05	0.95				
	325	1	0.0	0.0	0.0	0.0	3	1.0162720095108824	12.611921479404273	230.0	35	1.05	0.95				
];

%% generator data
%    bus    Pg    Qg    Qmax    Qmin    Vg    mBase    status    Pmax    Pmin    Pc1    Pc2    Qc1min    Qc1max    Qc2min    Qc2max    ramp_agc    ramp_10    ramp_30    ramp_q    apf
