%% MATPOWER Case Format : Version 2
function mpc = RTS_GMLC
mpc.version = '2';

%%-----  Power Flow Data  -----%%
%% system MVA base
mpc.baseMVA = 100.0;
%% bus data
%    bus_i    type    Pd    Qd    Gs    Bs    area    Vm    Va    baseKV    zone    Vmax    Vmin
mpc.bus = [
	101	2	38.35576447578948	7.8132112821052635	0.0	0.0	1	1.0357498863161396	3.5001059207865186	138.0	11	1.05	0.95				
	102	2	34.44915883473684	7.102919347368422	0.0	0.0	1	1.0349060744819099	3.26832198217545	138.0	12	1.05	0.95				
	103	1	63.926274126315796	13.14040079263158	0.0	0.0	1	1.0284467993002053	0.9061745865175305	138.0	11	1.05	0.95				
	104	1	26.28080158526316	5.327189510526316	0.0	0.0	1	1.02361191270959	0.12622202779413877	138.0	11	1.05	0.95				
	105	1	25.215363683157893	4.972043543157896	0.0	0.0	1	1.0379251936321074	0.35542317868163104	138.0	11	1.05	0.95				
	106	1	48.299851562105275	9.944087086315792	0.0	-100.0	1	1.0478720014066711	-1.8168617589865852	138.0	12	1.05	0.95				
	107	2	44.39324592105264	8.878649184210527	0.0	0.0	1	1.001227745343147	-6.724029168969983	138.0	12	1.05	0.95				
	108	1	60.729960420000005	12.430108857894737	0.0	0.0	1	1.0072806024886165	-5.593290793063118	138.0	12	1.05	0.95				
	109	1	62.150544289473686	12.78525482526316	0.0	0.0	1	1.0242149627907247	-1.1685579757782745	138.0	13	1.05	0.95				
	110	1	69.2534636368421	14.205838694736844	0.0	0.0	1	1.05	-1.7203134294796714	138.0	13	1.05	0.95				
	111	1	0.0	0.0	0.0	0.0	1	1.0004592850994634	0.06383162633667744	230.0	13	1.05	0.95				
	112	1	0.0	0.0	0.0	0.0	1	1.005618980522357	0.39785273380264824	230.0	13	1.05	0.95				
	113	3	94.11368135263159	19.17788223789474	0.0	0.0	1	0.9894378256004525	-1.481208176939306e-30	230.0	14	1.05	0.95				
	114	2	68.89831766947368	13.850692727368422	0.0	0.0	1	0.9954942998908569	1.770237917995475	230.0	16	1.05	0.95				
	115	2	112.58127165578948	22.72934191157895	0.0	0.0	1	1.0312192543009882	6.32181539066564	230.0	16	1.05	0.95				
	116	2	35.51459673684211	7.102919347368422	0.0	0.0	1	1.0271460449580108	6.210259831975167	230.0	16	1.05	0.95				
	117	1	0.0	0.0	0.0	0.0	1	1.0362461583113387	8.042534382627396	230.0	17	1.05	0.95				
	118	2	118.26360713368422	24.149925781052637	0.0	0.0	1	1.0387948462891132	8.06931211557703	230.0	17	1.05	0.95				
	119	1	64.28142009368422	13.14040079263158	0.0	0.0	1	1.0210112076453424	5.39903226622092	230.0	15	1.05	0.95				
	120	1	45.4586838231579	9.233795151578947	0.0	0.0	1	1.0177901174973627	5.392250786588564	230.0	15	1.05	0.95				
	121	2	0.0	0.0	0.0	0.0	1	1.0426169429047107	8.912966648125646	230.0	17	1.05	0.95				
	122	2	0.0	0.0	0.0	0.0	1	1.05	15.18850695829448	230.0	17	1.05	0.95				
	123	2	0.0	0.0	0.0	0.0	1	1.0162509258614956	5.670043643981078	230.0	15	1.05	0.95				
	124	1	0.0	0.0	0.0	0.0	1	1.0225233667534246	4.283331798104829	230.0	16	1.05	0.95				
	201	2	35.68266960631579	7.268691956842105	0.0	0.0	2	1.0185196317176497	-7.529018173719254	138.0	21	1.05	0.95				
	202	2	32.04832362789474	6.607901778947369	0.0	0.0	2	1.0182304237550204	-7.62280421057704	138.0	22	1.05	0.95				
	203	1	59.471116010526316	12.224618291052632	0.0	0.0	2	1.0169351596089256	-5.839495433949346	138.0	21	1.05	0.95				
	204	1	24.449236582105264	4.955926334210526	0.0	0.0	2	1.0159318494074878	-8.218514939501318	138.0	21	1.05	0.95				
	205	1	23.458051315263155	4.625531245263159	0.0	0.0	2	1.030465858853252	-8.471557495362282	138.0	21	1.05	0.95				
	206	1	44.93373209684211	9.251062490526317	0.0	-100.0	2	1.0456290582448498	-9.392881126864452	138.0	22	1.05	0.95				
	207	2	41.29938611842105	8.25987722368421	0.0	0.0	2	0.9962828113970112	-13.616699773068339	138.0	22	1.05	0.95				
	208	1	56.497560209999996	11.563828113157895	0.0	0.0	2	1.0045466221833061	-12.19406613304439	138.0	22	1.05	0.95				
	209	1	57.819140565789475	11.894223202105263	0.0	0.0	2	1.0225158230659537	-7.32795499864386	138.0	23	1.05	0.95				
	210	1	64.42704234473683	13.215803557894738	0.0	0.0	2	1.05	-8.353080440452402	138.0	23	1.05	0.95				
	211	1	0.0	0.0	0.0	0.0	2	1.000526941079454	-5.014389512356531	230.0	23	1.05	0.95				
	212	1	0.0	0.0	0.0	0.0	2	1.0049916933788638	-4.505370288138297	230.0	23	1.05	0.95				
	213	2	87.55469857105263	17.841334803157896	0.0	0.0	2	0.9927366229842601	-4.045023905502636	230.0	24	1.05	0.95				
	214	2	64.09664725578948	12.885408468947368	0.0	0.0	2	0.9972426328254378	-2.8752414206777295	230.0	26	1.05	0.95				
	215	2	104.73524319631578	21.145285692631578	0.0	0.0	2	1.0164689500245558	2.207881789903064	230.0	26	1.05	0.95				
	216	2	33.03950889473684	6.607901778947369	0.0	0.0	2	1.017170023444407	2.1163384016735223	230.0	26	1.05	0.95				
	217	1	0.0	0.0	0.0	0.0	2	1.0229135574905392	3.7179750223261876	230.0	27	1.05	0.95				
	218	2	110.02156461947368	22.466866048421053	0.0	0.0	2	1.0223671676127735	3.337786834676193	230.0	27	1.05	0.95				
	219	1	59.80151109947368	12.224618291052632	0.0	0.0	2	1.0173327356589794	1.728632902503282	230.0	25	1.05	0.95				
	220	1	42.290571385263156	8.59027231263158	0.0	0.0	2	1.0192281309979596	2.051839820327766	230.0	25	1.05	0.95				
	221	2	0.0	0.0	0.0	0.0	2	1.0240277416612056	3.766375762208556	230.0	27	1.05	0.95				
	222	2	0.0	0.0	0.0	0.0	2	1.0460698826025174	10.287120362391065	230.0	27	1.05	0.95				
	223	2	0.0	0.0	0.0	0.0	2	1.0204491852286535	2.4888955101995585	230.0	25	1.05	0.95				
	224	1	0.0	0.0	0.0	0.0	2	1.0066103867272598	-0.8381557589348099	230.0	26	1.05	0.95				
	301	2	39.71844352421053	8.09079405122807	0.0	0.0	3	1.0100129023075344	-18.626393244298605	138.0	31	1.05	0.95				
	302	2	35.67304649859649	7.355267319298246	0.0	0.0	3	1.0100394340875336	-18.707962656767698	138.0	32	1.05	0.95				
	303	1	66.19740587368422	13.607244540701755	0.0	0.0	3	1.0187309257357624	-14.524475201221803	138.0	31	1.05	0.95				
	304	1	27.21448908140351	5.516450489473684	0.0	0.0	3	1.011935791286926	-17.462073986906645	138.0	31	1.05	0.95				
	305	1	26.11119898350877	5.148687123508773	0.0	0.0	3	1.0253591045431905	-18.03352080393129	138.0	31	1.05	0.95				
	306	1	50.01581777122808	10.297374247017546	0.0	-100.0	3	1.042704270589098	-18.16166780466567	138.0	32	1.05	0.95				
	307	2	45.970420745614035	9.194084149122807	0.0	0.0	3	0.9944583978328119	-22.070063366223234	138.0	32	1.05	0.95				
	308	1	62.88753558	12.87171780877193	0.0	0.0	3	1.002446879294941	-20.461109868411036	138.0	32	1.05	0.95				
	309	1	64.35858904385965	13.239481174736841	0.0	0.0	3	1.0243519097520193	-14.925889535895893	138.0	33	1.05	0.95				
	310	1	71.71385636315789	14.710534638596492	0.0	0.0	3	1.05	-16.25447752211204	138.0	33	1.05	0.95				
	311	1	0.0	0.0	0.0	0.0	3	1.00290534397628	-11.255019188493115	230.0	33	1.05	0.95				
	312	1	0.0	0.0	0.0	0.0	3	1.0079546122343215	-10.689675372359105	230.0	33	1.05	0.95				
	313	2	97.45729198070174	19.859221762105264	0.0	0.0	3	1.0061705713202047	-7.711520404749177	230.0	34	1.05	0.95				
	314	2	71.34609299719298	14.34277127263158	0.0	0.0	3	0.997075713732861	-9.875971338171304	230.0	36	1.05	0.95				
	315	2	116.58098701087718	23.536855421754385	0.0	0.0	3	1.0196051123154806	-6.510651039534546	230.0	36	1.05	0.95				
	316	2	36.77633659649123	7.355267319298246	0.0	0.0	3	1.0191315077381171	-5.7328776242723265	230.0	36	1.05	0.95				
	317	1	0.0	0.0	0.0	0.0	3	1.0244616758294474	-4.316594598588054	230.0	37	1.05	0.95				
	318	2	122.46520086631578	25.00790888561404	0.0	0.0	3	1.0232597163016919	-4.478730863108894	230.0	37	1.05	0.95				
	319	1	66.56516923964912	13.607244540701755	0.0	0.0	3	1.0170433726465236	-6.098377573274471	230.0	35	1.05	0.95				
	320	1	47.07371084350877	9.56184751508772	0.0	0.0	3	1.0174292328456191	-5.683342115508217	230.0	35	1.05	0.95				
	321	2	0.0	0.0	0.0	0.0	3	1.0242624399654199	-4.616216592556536	230.0	37	1.05	0.95				
	322	2	0.0	0.0	0.0	0.0	3	1.037757470110142	-0.0888172634955907	230.0	37	1.05	0.95				
	323	2	0.0	0.0	0.0	0.0	3	1.0180274223697918	-5.165528298419985	230.0	35	1.05	0.95				
	324	1	0.0	0.0	0.0	0.0	3	1.009247457589995	-9.539501418591332	230.0	36	1.05	0.95				
	325	1	0.0	0.0	0.0	0.0	3	1.0161282831950955	-3.969701824918752	230.0	35	1.05	0.95				
];
