%% MATPOWER Case Format : Version 2
function mpc = RTS_GMLC
mpc.version = '2';

%%-----  Power Flow Data  -----%%
%% system MVA base
mpc.baseMVA = 100.0;
%% bus data
%    bus_i    type    Pd    Qd    Gs    Bs    area    Vm    Va    baseKV    zone    Vmax    Vmin
mpc.bus = [
	101	2	35.49678376926316	7.2308263233684205	0.0	0.0	1	1.0063782493536937	-0.766915261382267	138.0	11	1.05	0.95				
	102	2	31.881370607578948	6.573478475789473	0.0	0.0	1	1.004849380341773	-1.242965988286576	138.0	12	1.05	0.95				
	103	1	59.161306282105265	12.160935180210526	0.0	0.0	1	1.0273359979324417	2.927822433579986	138.0	11	1.05	0.95				
	104	1	24.32187036042105	4.930108856842105	0.0	0.0	1	1.0109633307474812	-2.0872855256568	138.0	11	1.05	0.95				
	105	1	23.33584858905263	4.601434933052632	0.0	0.0	1	1.024133344703468	-2.3918891791716446	138.0	11	1.05	0.95				
	106	1	44.69965363536843	9.202869866105264	0.0	-100.0	1	1.042242140436998	-3.7623962193880294	138.0	12	1.05	0.95				
	107	2	41.08424047368421	8.216848094736843	0.0	0.0	1	0.982910607194316	-8.992667319348428	138.0	12	1.05	0.95				
	108	1	56.203240968	11.503587332631577	0.0	0.0	1	0.9967233684832071	-7.101734310210048	138.0	12	1.05	0.95				
	109	1	57.5179366631579	11.832261256421052	0.0	0.0	1	1.0244450924253796	-1.392289021753109	138.0	13	1.05	0.95				
	110	1	64.09141513894737	13.146956951578947	0.0	0.0	1	1.05	-2.9395698581090457	138.0	13	1.05	0.95				
	111	1	0.0	0.0	0.0	0.0	1	1.012548030694732	0.9743514915883138	230.0	13	1.05	0.95				
	112	1	0.0	0.0	0.0	0.0	1	1.009673347955073	-0.34117304187409925	230.0	13	1.05	0.95				
	113	3	87.09858980421052	17.74839188463158	0.0	0.0	1	0.9869803903336184	1.6351368417175182e-27	230.0	14	1.05	0.95				
	114	2	63.762741215157895	12.818283027789473	0.0	0.0	1	1.0383424657844338	4.910969203130088	230.0	16	1.05	0.95				
	115	2	104.18963384126316	21.035131122526316	0.0	0.0	1	1.0423461263067917	14.46702811595299	230.0	16	1.05	0.95				
	116	2	32.86739237894737	6.573478475789473	0.0	0.0	1	1.0412143625519215	12.565681890420821	230.0	16	1.05	0.95				
	117	1	0.0	0.0	0.0	0.0	1	1.0408281516185232	18.62151121307175	230.0	17	1.05	0.95				
	118	2	109.44841662189475	22.349826817684214	0.0	0.0	1	1.0499999797125898	19.248741131885676	230.0	17	1.05	0.95				
	119	1	59.489980205894746	12.160935180210526	0.0	0.0	1	1.0363135955474199	8.104992667847641	230.0	15	1.05	0.95				
	120	1	42.07026224505263	8.545522018526317	0.0	0.0	1	1.0383983882293508	4.8527278470036235	230.0	15	1.05	0.95				
	121	2	0.0	0.0	0.0	0.0	1	1.0433908799447682	20.690626963071875	230.0	17	1.05	0.95				
	122	2	0.0	0.0	0.0	0.0	1	1.05	38.65074361338102	230.0	17	1.05	0.95				
	123	2	0.0	0.0	0.0	0.0	1	1.0405168864472	3.3178871020321052	230.0	15	1.05	0.95				
	124	1	0.0	0.0	0.0	0.0	1	1.0222793284703855	10.161739036829536	230.0	16	1.05	0.95				
	201	2	33.99968518863158	6.9258617976842105	0.0	0.0	2	1.0147010865990118	-14.54837772836413	138.0	21	1.05	0.95				
	202	2	30.536754289789474	6.296237997894736	0.0	0.0	2	1.0138778891355424	-14.836387845384753	138.0	22	1.05	0.95				
	203	1	56.66614198105263	11.648040296105263	0.0	0.0	2	1.0122874918287788	-10.78064488630853	138.0	21	1.05	0.95				
	204	1	23.296080592210526	4.722178498421052	0.0	0.0	2	1.0133484279683787	-14.799391253633386	138.0	21	1.05	0.95				
	205	1	22.351644892526316	4.407366598526316	0.0	0.0	2	1.028747993716318	-15.190797800172732	138.0	21	1.05	0.95				
	206	1	42.81441838568421	8.814733197052632	0.0	-100.0	2	1.0450949724933118	-15.98520466303618	138.0	22	1.05	0.95				
	207	2	39.35148748684211	7.870297497368421	0.0	0.0	2	0.9982215036070352	-19.64172213020284	138.0	22	1.05	0.95				
	208	1	53.832834882	11.018416496315789	0.0	0.0	2	1.005899935965818	-18.288165071978586	138.0	22	1.05	0.95				
	209	1	55.092082481578956	11.333228396210526	0.0	0.0	2	1.0209842995086569	-13.450480405154106	138.0	23	1.05	0.95				
	210	1	61.38832047947368	12.592475995789473	0.0	0.0	2	1.05	-14.815919868845143	138.0	23	1.05	0.95				
	211	1	0.0	0.0	0.0	0.0	2	1.0017924167273478	-11.239209420300536	230.0	23	1.05	0.95				
	212	1	0.0	0.0	0.0	0.0	2	1.0038742377875416	-11.084979064700937	230.0	23	1.05	0.95				
	213	2	83.42515347210526	16.99984259431579	0.0	0.0	2	0.9920670749088147	-10.596832516533903	230.0	24	1.05	0.95				
	214	2	61.07350857957895	12.277664095894737	0.0	0.0	2	1.0025584803851046	-8.768053443357115	230.0	26	1.05	0.95				
	215	2	99.79537226663157	20.147961593263158	0.0	0.0	2	1.0197764026931309	-2.375937816202644	230.0	26	1.05	0.95				
	216	2	31.481189989473684	6.296237997894736	0.0	0.0	2	1.020862096806489	-3.3963913149909204	230.0	26	1.05	0.95				
	217	1	0.0	0.0	0.0	0.0	2	1.0299646110144818	-0.9080759277354375	230.0	27	1.05	0.95				
	218	2	104.83236266494738	21.407209192842107	0.0	0.0	2	1.0292586522343345	-1.2526667659211683	230.0	27	1.05	0.95				
	219	1	56.98095388094737	11.648040296105263	0.0	0.0	2	1.0169419466387362	-4.4969232358436395	230.0	25	1.05	0.95				
	220	1	40.295923186526316	8.185109397263158	0.0	0.0	2	1.0153123336954815	-4.82773308831126	230.0	25	1.05	0.95				
	221	2	0.0	0.0	0.0	0.0	2	1.0294359014312626	-0.8298137401841176	230.0	27	1.05	0.95				
	222	2	0.0	0.0	0.0	0.0	2	1.05	5.631544271795272	230.0	27	1.05	0.95				
	223	2	0.0	0.0	0.0	0.0	2	1.0144301049324755	-4.7589779563016785	230.0	25	1.05	0.95				
	224	1	0.0	0.0	0.0	0.0	2	1.0065227380083341	-5.530211285649328	230.0	26	1.05	0.95				
	301	2	44.38215754105263	9.040809869473684	0.0	0.0	3	1.0113690069800476	-0.4778405481822258	138.0	31	1.05	0.95				
	302	2	39.86175260631579	8.218918063157894	0.0	0.0	3	1.0111142860660842	-0.6665961458906261	138.0	32	1.05	0.95				
	303	1	73.97026256842105	15.204998416842102	0.0	0.0	3	1.040574749628364	7.707020047168785	138.0	31	1.05	0.95				
	304	1	30.409996833684204	6.16418854736842	0.0	0.0	3	1.0135087125296307	0.7293094502259586	138.0	31	1.05	0.95				
	305	1	29.177159124210522	5.753242644210527	0.0	0.0	3	1.025657105172516	-0.7290357709426316	138.0	31	1.05	0.95				
	306	1	55.88864282947368	11.506485288421054	0.0	-100.0	3	1.0417299295491338	-1.364246116676212	138.0	32	1.05	0.95				
	307	2	51.368237894736836	10.273647578947367	0.0	0.0	3	0.9909292774507751	-5.336075907232429	138.0	32	1.05	0.95				
	308	1	70.27174943999998	14.383106610526314	0.0	0.0	3	0.9993662476920356	-3.5174232345695335	138.0	32	1.05	0.95				
	309	1	71.91553305263157	14.794052513684209	0.0	0.0	3	1.028114823592957	3.5492771808827914	138.0	33	1.05	0.95				
	310	1	80.13445111578946	16.437836126315787	0.0	0.0	3	1.05	0.34432743414721656	138.0	33	1.05	0.95				
	311	1	0.0	0.0	0.0	0.0	3	1.006630502499925	4.9655617924343405	230.0	33	1.05	0.95				
	312	1	0.0	0.0	0.0	0.0	3	1.0109874108875798	5.556444565846169	230.0	33	1.05	0.95				
	313	2	108.90066433684208	22.191078770526314	0.0	0.0	3	1.007751156975302	7.8991995939674755	230.0	34	1.05	0.95				
	314	2	79.72350521263158	16.026890223157896	0.0	0.0	3	1.0004094901904874	5.553057945439439	230.0	36	1.05	0.95				
	315	2	130.26985130105263	26.30053780210526	0.0	0.0	3	1.0336283524795986	8.44623806936088	230.0	36	1.05	0.95				
	316	2	41.09459031578947	8.218918063157894	0.0	0.0	3	1.0308459543923907	8.794660005137924	230.0	36	1.05	0.95				
	317	1	0.0	0.0	0.0	0.0	3	1.0442887785745614	12.13261833499474	230.0	37	1.05	0.95				
	318	2	136.84498575157892	27.94432141473684	0.0	0.0	3	1.0411380991828327	9.50977232182689	230.0	37	1.05	0.95				
	319	1	74.38120847157894	15.204998416842102	0.0	0.0	3	1.022045545058952	8.391750951062477	230.0	35	1.05	0.95				
	320	1	52.60107560421052	10.684593482105264	0.0	0.0	3	1.0170840094972133	8.849087118914367	230.0	35	1.05	0.95				
	321	2	0.0	0.0	0.0	0.0	3	1.0402325069870784	9.794528945650645	230.0	37	1.05	0.95				
	322	2	0.0	0.0	0.0	0.0	3	1.05	15.037312179482527	230.0	37	1.05	0.95				
	323	2	0.0	0.0	0.0	0.0	3	1.0149593420533	9.427813825536953	230.0	35	1.05	0.95				
	324	1	0.0	0.0	0.0	0.0	3	1.0318354090412059	8.166753150998485	230.0	36	1.05	0.95				
	325	1	0.0	0.0	0.0	0.0	3	1.0147188186518008	10.39725702802284	230.0	35	1.05	0.95				
];
