%% MATPOWER Case Format : Version 2
function mpc = RTS_GMLC
mpc.version = '2';

%%-----  Power Flow Data  -----%%
%% system MVA base
mpc.baseMVA = 100.0;
%% bus data
%    bus_i    type    Pd    Qd    Gs    Bs    area    Vm    Va    baseKV    zone    Vmax    Vmin
mpc.bus = [
	101	2	39.02375061473685	7.94928253263158	0.0	0.0	1	1.0320463921588154	3.704062899396627	138.0	11	1.05	0.95				
	102	2	35.049109348421055	7.226620484210526	0.0	0.0	1	1.0311424209535458	3.4423276282288566	138.0	12	1.05	0.95				
	103	1	65.03958435789474	13.369247895789474	0.0	0.0	1	1.0310945760214867	2.046543188695511	138.0	11	1.05	0.95				
	104	1	26.73849579157895	5.419965363157895	0.0	0.0	1	1.0216837512766255	0.2972891022562132	138.0	11	1.05	0.95				
	105	1	25.65450271894737	5.0586343389473685	0.0	0.0	1	1.035935692284904	0.5311322558305258	138.0	11	1.05	0.95				
	106	1	49.14101929263158	10.117268677894737	0.0	-100.0	1	1.046778996234416	-1.6644668242199765	138.0	12	1.05	0.95				
	107	2	45.16637802631579	9.033275605263158	0.0	0.0	1	0.9997272126693245	-7.528715504802329	138.0	12	1.05	0.95				
	108	1	61.787605140000004	12.646585847368423	0.0	0.0	1	1.005852952582954	-5.951417909314626	138.0	12	1.05	0.95				
	109	1	63.232929236842104	13.007916871578947	0.0	0.0	1	1.0246985700468136	-0.8034650022274847	138.0	13	1.05	0.95				
	110	1	70.45954972105262	14.453240968421053	0.0	0.0	1	1.05	-1.5406967992977725	138.0	13	1.05	0.95				
	111	1	0.0	0.0	0.0	0.0	1	1.0021459718492418	0.6314037182247957	230.0	13	1.05	0.95				
	112	1	0.0	0.0	0.0	0.0	1	1.0074706005620808	0.5984596844221034	230.0	13	1.05	0.95				
	113	3	95.75272141578948	19.511875307368424	0.0	0.0	1	0.9916250758796493	-4.2743903247193945e-29	230.0	14	1.05	0.95				
	114	2	70.09821869684211	14.091909944210526	0.0	0.0	1	0.9993561147098744	3.117792985042804	230.0	16	1.05	0.95				
	115	2	114.54193467473684	23.125185549473684	0.0	0.0	1	1.038834520388866	8.998125191027583	230.0	16	1.05	0.95				
	116	2	36.133102421052634	7.226620484210526	0.0	0.0	1	1.0351367718832885	8.628141965051544	230.0	16	1.05	0.95				
	117	1	0.0	0.0	0.0	0.0	1	1.0418577395950088	11.543225095602304	230.0	17	1.05	0.95				
	118	2	120.32323106210528	24.57050964631579	0.0	0.0	1	1.0466367286435896	11.465660836596735	230.0	17	1.05	0.95				
	119	1	65.40091538210527	13.369247895789474	0.0	0.0	1	1.0273874025205627	6.957984727017463	230.0	15	1.05	0.95				
	120	1	46.25037109894737	9.394606629473683	0.0	0.0	1	1.0232509195885182	6.198242611487306	230.0	15	1.05	0.95				
	121	2	0.0	0.0	0.0	0.0	1	1.05	12.234863468919466	230.0	17	1.05	0.95				
	122	2	0.0	0.0	0.0	0.0	1	1.05	23.914803094928498	230.0	17	1.05	0.95				
	123	2	0.0	0.0	0.0	0.0	1	1.021177438057764	6.061010308620859	230.0	15	1.05	0.95				
	124	1	0.0	0.0	0.0	0.0	1	1.0267923442139857	6.392662621380256	230.0	16	1.05	0.95				
	201	2	42.465606783157895	8.650401381754385	0.0	0.0	2	1.0213389686992413	-9.233569107816114	138.0	21	1.05	0.95				
	202	2	38.1404060922807	7.864001256140352	0.0	0.0	2	1.0217798531512927	-9.179349420588158	138.0	22	1.05	0.95				
	203	1	70.77601130526315	14.54840232385965	0.0	0.0	2	1.0163067472760003	-7.733558623426213	138.0	21	1.05	0.95				
	204	1	29.0968046477193	5.898000942105262	0.0	0.0	2	1.0163208604832046	-10.375357039398967	138.0	21	1.05	0.95				
	205	1	27.917204459298244	5.504800879298246	0.0	0.0	2	1.0309621533087427	-10.668340414401492	138.0	21	1.05	0.95				
	206	1	53.475208541754384	11.009601758596492	0.0	-100.0	2	1.0445451312878302	-11.866759612525845	138.0	22	1.05	0.95				
	207	2	49.150007850877195	9.830001570175439	0.0	0.0	2	0.9928732109988981	-17.28042319655473	138.0	22	1.05	0.95				
	208	1	67.23721074	13.762002198245613	0.0	0.0	2	1.000141973236498	-15.533476643137064	138.0	22	1.05	0.95				
	209	1	68.81001099122807	14.15520226105263	0.0	0.0	2	1.0225912479495416	-9.725752180162415	138.0	23	1.05	0.95				
	210	1	76.67401224736842	15.728002512280703	0.0	0.0	2	1.05	-10.851582741957822	138.0	23	1.05	0.95				
	211	1	0.0	0.0	0.0	0.0	2	1.0037831257903171	-7.247248762242192	230.0	23	1.05	0.95				
	212	1	0.0	0.0	0.0	0.0	2	1.008117838871154	-6.600959029420736	230.0	23	1.05	0.95				
	213	2	104.19801664385963	21.232803391578948	0.0	0.0	2	0.9980683066654967	-6.191597199914145	230.0	24	1.05	0.95				
	214	2	76.2808121845614	15.334802449473683	0.0	0.0	2	1.00257616303057	-4.999169834410023	230.0	26	1.05	0.95				
	215	2	124.64441990982455	25.16480401964912	0.0	0.0	2	1.0204329764067497	0.6866948963478627	230.0	26	1.05	0.95				
	216	2	39.320006280701755	7.864001256140352	0.0	0.0	2	1.022434159082732	0.545741146192942	230.0	26	1.05	0.95				
	217	1	0.0	0.0	0.0	0.0	2	1.0272977615400982	2.3966492936325325	230.0	27	1.05	0.95				
	218	2	130.93562091473683	26.737604270877192	0.0	0.0	2	1.026587473117153	1.850982145811145	230.0	27	1.05	0.95				
	219	1	71.16921136807018	14.54840232385965	0.0	0.0	2	1.0240259051503997	0.18076837803386456	230.0	25	1.05	0.95				
	220	1	50.32960803929824	10.223201632982457	0.0	0.0	2	1.0278670539123618	0.6360781661727803	230.0	25	1.05	0.95				
	221	2	0.0	0.0	0.0	0.0	2	1.0281405000693942	2.2698652429131334	230.0	27	1.05	0.95				
	222	2	0.0	0.0	0.0	0.0	2	1.0499999295656715	8.809871991762119	230.0	27	1.05	0.95				
	223	2	0.0	0.0	0.0	0.0	2	1.0304680209889194	1.186204732744741	230.0	25	1.05	0.95				
	224	1	0.0	0.0	0.0	0.0	2	1.0084173627282267	-2.485003578188271	230.0	26	1.05	0.95				
	301	2	51.540018972631586	10.498892753684212	0.0	0.0	3	1.0074010800615174	-24.245032345293367	138.0	31	1.05	0.95				
	302	2	46.29057259578948	9.544447957894738	0.0	0.0	3	1.006843399988	-24.38172329216215	138.0	32	1.05	0.95				
	303	1	85.90003162105265	17.657228722105263	0.0	0.0	3	1.0265699617581903	-17.734267524970267	138.0	31	1.05	0.95				
	304	1	35.314457444210525	7.158335968421052	0.0	0.0	3	1.0092926748207796	-22.8185956517497	138.0	31	1.05	0.95				
	305	1	33.88279025052632	6.681113570526316	0.0	0.0	3	1.0224141040424626	-23.68562175385691	138.0	31	1.05	0.95				
	306	1	64.90224611368421	13.362227141052632	0.0	-100.0	3	1.0387297382810334	-23.929385645690374	138.0	32	1.05	0.95				
	307	2	59.65279973684211	11.93055994736842	0.0	0.0	3	0.9924359041308615	-29.226661836575367	138.0	32	1.05	0.95				
	308	1	81.60503004	16.70278392631579	0.0	0.0	3	0.997265103807848	-27.036453946650827	138.0	32	1.05	0.95				
	309	1	83.51391963157894	17.180006324210524	0.0	0.0	3	1.0267981855024886	-19.591122429056853	138.0	33	1.05	0.95				
	310	1	93.05836758947369	19.088895915789475	0.0	0.0	3	1.05	-21.591688426106213	138.0	33	1.05	0.95				
	311	1	0.0	0.0	0.0	0.0	3	1.0116582072662852	-15.390897969987384	230.0	33	1.05	0.95				
	312	1	0.0	0.0	0.0	0.0	3	1.0140500012243117	-14.72139565023642	230.0	33	1.05	0.95				
	313	2	126.46393544210525	25.770009486315793	0.0	0.0	3	1.015519953596809	-11.697368938741214	230.0	34	1.05	0.95				
	314	2	92.58114519157895	18.61167351789474	0.0	0.0	3	1.0162283742099993	-13.370925938076837	230.0	36	1.05	0.95				
	315	2	151.2795001326316	30.54223346526316	0.0	0.0	3	1.0386636789716532	-8.540386318733987	230.0	36	1.05	0.95				
	316	2	47.72223978947368	9.544447957894738	0.0	0.0	3	1.0393249400119102	-7.670951598621376	230.0	36	1.05	0.95				
	317	1	0.0	0.0	0.0	0.0	3	1.0440633395201935	-5.175616225843497	230.0	37	1.05	0.95				
	318	2	158.9150584989474	32.45112305684211	0.0	0.0	3	1.0411697035364733	-5.817103051328339	230.0	37	1.05	0.95				
	319	1	86.37725401894737	17.657228722105263	0.0	0.0	3	1.0373762419815669	-8.278198037017999	230.0	35	1.05	0.95				
	320	1	61.08446693052632	12.40778234526316	0.0	0.0	3	1.0390633715527915	-7.896288911928924	230.0	35	1.05	0.95				
	321	2	0.0	0.0	0.0	0.0	3	1.0419806708697241	-6.175570691572334	230.0	37	1.05	0.95				
	322	2	0.0	0.0	0.0	0.0	3	1.05	-1.4568386987163797	230.0	37	1.05	0.95				
	323	2	0.0	0.0	0.0	0.0	3	1.0408196008044925	-7.33002249236735	230.0	35	1.05	0.95				
	324	1	0.0	0.0	0.0	0.0	3	1.0226117187133406	-11.976395189025169	230.0	36	1.05	0.95				
	325	1	0.0	0.0	0.0	0.0	3	1.0344423864149865	-5.723354301698152	230.0	35	1.05	0.95				
];
