%% MATPOWER Case Format : Version 2
function mpc = RTS_GMLC
mpc.version = '2';

%%-----  Power Flow Data  -----%%
%% system MVA base
mpc.baseMVA = 100.0;
%% bus data
%    bus_i    type    Pd    Qd    Gs    Bs    area    Vm    Va    baseKV    zone    Vmax    Vmin
mpc.bus = [
	101	2	77.31271648421053	15.748886691228067	0.0	0.0	1	1.0462643085430492	2.210785692717901	138.0	11	1.05	0.95				
	102	2	69.43827313859649	14.317169719298246	0.0	0.0	1	1.045545099781794	1.9091654159149147	138.0	12	1.05	0.95				
	103	1	128.8545274736842	26.48676398070175	0.0	0.0	1	1.0293586822942207	1.0601996983950719	138.0	11	1.05	0.95				
	104	1	52.9735279614035	10.737877289473682	0.0	0.0	1	1.0246877939921477	-1.9857443625748532	138.0	11	1.05	0.95				
	105	1	50.825952503508766	10.022018803508772	0.0	0.0	1	1.0372524724405439	-2.4698741610324997	138.0	11	1.05	0.95				
	106	1	97.35675409122807	20.044037607017543	0.0	-100.0	1	1.0390083036366584	-5.797393778969032	138.0	12	1.05	0.95				
	107	2	89.48231074561403	17.896462149122804	0.0	0.0	1	1.0216896140234435	-11.326366824065483	138.0	12	1.05	0.95				
	108	1	122.41180109999999	25.055047008771925	0.0	0.0	1	1.0080031593757715	-10.56928093781659	138.0	12	1.05	0.95				
	109	1	125.27523504385965	25.77090549473684	0.0	0.0	1	1.0263229907865556	-3.451784557821518	138.0	13	1.05	0.95				
	110	1	139.59240476315787	28.63433943859649	0.0	0.0	1	1.05	-5.033907032130476	138.0	13	1.05	0.95				
	111	1	0.0	0.0	0.0	0.0	1	1.0142905100528359	-0.886635779859378	230.0	13	1.05	0.95				
	112	1	0.0	0.0	0.0	0.0	1	1.0182247094188897	-0.6991505027980401	230.0	13	1.05	0.95				
	113	3	189.70249878070175	38.65635824210526	0.0	0.0	1	1.0156359387504916	4.346048408619944e-30	230.0	14	1.05	0.95				
	114	2	138.87654627719297	27.918480952631576	0.0	0.0	1	1.0167329185989606	1.7348928712834206	230.0	16	1.05	0.95				
	115	2	226.92714005087717	45.81494310175438	0.0	0.0	1	1.044805460370451	10.936298611869773	230.0	16	1.05	0.95				
	116	2	71.58584859649122	14.317169719298246	0.0	0.0	1	1.0429893109548214	9.732022552770724	230.0	16	1.05	0.95				
	117	1	0.0	0.0	0.0	0.0	1	1.0462682502129548	13.411624588830911	230.0	17	1.05	0.95				
	118	2	238.3808758263158	48.678377045614035	0.0	0.0	1	1.0489116270195795	14.26312081516975	230.0	17	1.05	0.95				
	119	1	129.57038595964912	26.48676398070175	0.0	0.0	1	1.0376019692381584	7.371141585658508	230.0	15	1.05	0.95				
	120	1	91.62988620350876	18.612320635087716	0.0	0.0	1	1.0389422069812992	6.147619102384423	230.0	15	1.05	0.95				
	121	2	0.0	0.0	0.0	0.0	1	1.05	16.181487980844405	230.0	17	1.05	0.95				
	122	2	0.0	0.0	0.0	0.0	1	1.05	21.944431426967224	230.0	17	1.05	0.95				
	123	2	0.0	0.0	0.0	0.0	1	1.0414968006887733	6.005761442017374	230.0	15	1.05	0.95				
	124	1	0.0	0.0	0.0	0.0	1	1.0266310253648137	7.25600265046234	230.0	16	1.05	0.95				
	201	2	80.78325199578947	16.455847628771927	0.0	0.0	2	1.0405208492263853	-21.388214872746364	138.0	21	1.05	0.95				
	202	2	72.5553281814035	14.959861480701752	0.0	0.0	2	1.0408078314545686	-21.525006858363394	138.0	22	1.05	0.95				
	203	1	134.6387533263158	27.67574373929824	0.0	0.0	2	1.0177702397773558	-16.459364881752666	138.0	21	1.05	0.95				
	204	1	55.35148747859648	11.219896110526314	0.0	0.0	2	1.0177741864585983	-23.14123719422549	138.0	21	1.05	0.95				
	205	1	53.10750825649122	10.471903036491229	0.0	0.0	2	1.0356815633873797	-23.71093194262553	138.0	21	1.05	0.95				
	206	1	101.72705806877194	20.943806072982458	0.0	-100.0	2	1.0386383155779093	-25.725925327905973	138.0	22	1.05	0.95				
	207	2	93.49913425438595	18.69982685087719	0.0	0.0	2	0.9577136407633997	-36.88461955761543	138.0	22	1.05	0.95				
	208	1	127.90681565999998	26.179757591228064	0.0	0.0	2	0.9626022683379426	-33.13759217672061	138.0	22	1.05	0.95				
	209	1	130.89878795614032	26.927750665263154	0.0	0.0	2	1.0225765132366387	-21.438005512775536	138.0	23	1.05	0.95				
	210	1	145.8586494368421	29.919722961403505	0.0	0.0	2	1.05	-23.72822449027604	138.0	23	1.05	0.95				
	211	1	0.0	0.0	0.0	0.0	2	1.0303646122396168	-16.9425519439151	230.0	23	1.05	0.95				
	212	1	0.0	0.0	0.0	0.0	2	1.0197002878905974	-15.760925196447987	230.0	23	1.05	0.95				
	213	2	198.21816461929822	40.391625997894735	0.0	0.0	2	1.042649053869386	-15.236229669065114	230.0	24	1.05	0.95				
	214	2	145.110656362807	29.171729887368418	0.0	0.0	2	1.05	-13.040983570867525	230.0	26	1.05	0.95				
	215	2	237.11380446912278	47.87155673824561	0.0	0.0	2	1.044528881578929	-2.1943213899254395	230.0	26	1.05	0.95				
	216	2	74.79930740350876	14.959861480701752	0.0	0.0	2	1.0479456476392788	-2.8640394322389726	230.0	26	1.05	0.95				
	217	1	0.0	0.0	0.0	0.0	2	1.0484911821892557	0.6782442216052158	230.0	27	1.05	0.95				
	218	2	249.0816936536842	50.86352903438597	0.0	0.0	2	1.05	0.7546054008648788	230.0	27	1.05	0.95				
	219	1	135.38674640035086	27.67574373929824	0.0	0.0	2	1.0435374241860478	-3.4278491975828773	230.0	25	1.05	0.95				
	220	1	95.74311347649122	19.44781992491228	0.0	0.0	2	1.0462343812237802	-2.5196000208401	230.0	25	1.05	0.95				
	221	2	0.0	0.0	0.0	0.0	2	1.05	0.5328766115087002	230.0	27	1.05	0.95				
	222	2	0.0	0.0	0.0	0.0	2	1.05	7.102195886874783	230.0	27	1.05	0.95				
	223	2	0.0	0.0	0.0	0.0	2	1.05	-1.4782305371933186	230.0	25	1.05	0.95				
	224	1	0.0	0.0	0.0	0.0	2	1.0162185878047978	-7.463830646995955	230.0	26	1.05	0.95				
	301	2	74.2265106063158	15.120215123508773	0.0	0.0	3	0.9949855132204983	15.466861879993948	138.0	31	1.05	0.95				
	302	2	66.6664030445614	13.745650112280702	0.0	0.0	3	0.9947044895642734	15.26603942266404	138.0	32	1.05	0.95				
	303	1	123.71085101052633	25.429452707719303	0.0	0.0	3	1.038510342831055	23.915876066807748	138.0	31	1.05	0.95				
	304	1	50.858905415438606	10.309237584210527	0.0	0.0	3	1.0010616409065973	17.322942095811747	138.0	31	1.05	0.95				
	305	1	48.79705789859649	9.621955078596493	0.0	0.0	3	1.0124723964859799	16.619272172818913	138.0	31	1.05	0.95				
	306	1	93.47042076350878	19.243910157192985	0.0	-100.0	3	1.0292331436735436	16.504499093776133	138.0	32	1.05	0.95				
	307	2	85.91031320175439	17.18206264035088	0.0	0.0	3	0.9835633689411541	12.536846855224152	138.0	32	1.05	0.95				
	308	1	117.52530846	24.054887696491228	0.0	0.0	3	0.995610005400102	15.656005082891248	138.0	32	1.05	0.95				
	309	1	120.27443848245616	24.742170202105264	0.0	0.0	3	1.031104264394359	21.780071452384274	138.0	33	1.05	0.95				
	310	1	134.02008859473685	27.491300224561403	0.0	0.0	3	1.05	19.97492894061891	138.0	33	1.05	0.95				
	311	1	0.0	0.0	0.0	0.0	3	1.0221373615717342	25.96114932502595	230.0	33	1.05	0.95				
	312	1	0.0	0.0	0.0	0.0	3	1.0275451298785467	27.68659845951804	230.0	33	1.05	0.95				
	313	2	182.12986398771932	37.1132553031579	0.0	0.0	3	1.05	35.40232973762157	230.0	34	1.05	0.95				
	314	2	133.3328060891228	26.80401771894737	0.0	0.0	3	1.02597582579683	22.588646940723738	230.0	36	1.05	0.95				
	315	2	217.86855427964915	43.98608035929825	0.0	0.0	3	1.05	14.979447294592436	230.0	36	1.05	0.95				
	316	2	68.72825056140351	13.745650112280702	0.0	0.0	3	1.047787091617651	16.192624118449235	230.0	36	1.05	0.95				
	317	1	0.0	0.0	0.0	0.0	3	1.05	13.839793643103956	230.0	37	1.05	0.95				
	318	2	228.8650743694737	46.73521038175439	0.0	0.0	3	1.0495708436475846	12.011889195591262	230.0	37	1.05	0.95				
	319	1	124.39813351614038	25.429452707719303	0.0	0.0	3	1.044546442355965	19.61052768580815	230.0	35	1.05	0.95				
	320	1	87.9721607185965	17.869345145964914	0.0	0.0	3	1.046640788442045	22.429640596843118	230.0	35	1.05	0.95				
	321	2	0.0	0.0	0.0	0.0	3	1.049999967183416	13.586018164648408	230.0	37	1.05	0.95				
	322	2	0.0	0.0	0.0	0.0	3	1.05	18.033311296299914	230.0	37	1.05	0.95				
	323	2	0.0	0.0	0.0	0.0	3	1.0483723092548982	23.55890486210663	230.0	35	1.05	0.95				
	324	1	0.0	0.0	0.0	0.0	3	1.0454408820851475	20.37318888835606	230.0	36	1.05	0.95				
	325	1	0.0	0.0	0.0	0.0	3	1.05	22.937466715631192	230.0	35	1.05	0.95				
];
