%% MATPOWER Case Format : Version 2
function mpc = RTS_GMLC
mpc.version = '2';

%%-----  Power Flow Data  -----%%
%% system MVA base
mpc.baseMVA = 100.0;
%% bus data
%    bus_i    type    Pd    Qd    Gs    Bs    area    Vm    Va    baseKV    zone    Vmax    Vmin
mpc.bus = [
	101	2	59.58436418526317	12.137555667368423	0.0	0.0	1	1.0499999986167188	3.629283602745226	138.0	11	1.05	0.95				
	102	2	53.515586351578946	11.034141515789475	0.0	0.0	1	1.049028783239226	3.2478081891781425	138.0	12	1.05	0.95				
	103	1	99.30727364210527	20.413161804210528	0.0	0.0	1	1.0346274444625727	1.557841445289558	138.0	11	1.05	0.95				
	104	1	40.826323608421056	8.275606136842107	0.0	0.0	1	1.028629390963516	-0.664160493924998	138.0	11	1.05	0.95				
	105	1	39.17120238105263	7.7238990610526335	0.0	0.0	1	1.0412550958901823	-0.9811731689865854	138.0	11	1.05	0.95				
	106	1	75.03216230736844	15.447798122105267	0.0	-100.0	1	1.0445905448318904	-4.164303890401088	138.0	12	1.05	0.95				
	107	2	68.96338447368421	13.792676894736843	0.0	0.0	1	0.9983285276896137	-12.977133991453043	138.0	12	1.05	0.95				
	108	1	94.34190996000001	19.309747652631582	0.0	0.0	1	0.9975263562707531	-10.628238551001978	138.0	12	1.05	0.95				
	109	1	96.5487382631579	19.861454728421055	0.0	0.0	1	1.0253279837308706	-2.8023828228342205	138.0	13	1.05	0.95				
	110	1	107.58287977894739	22.06828303157895	0.0	0.0	1	1.05	-4.008768310098137	138.0	13	1.05	0.95				
	111	1	0.0	0.0	0.0	0.0	1	1.0090372752693095	-0.7799499688915965	230.0	13	1.05	0.95				
	112	1	0.0	0.0	0.0	0.0	1	1.0129680598454782	-1.0194780422097434	230.0	13	1.05	0.95				
	113	3	146.20237508421056	29.792182092631585	0.0	0.0	1	1.0051260780188869	1.7557666549493238e-29	230.0	14	1.05	0.95				
	114	2	107.03117270315789	21.516575955789477	0.0	0.0	1	1.0088891513393892	1.2532093217467335	230.0	16	1.05	0.95				
	115	2	174.89114302526318	35.30925285052632	0.0	0.0	1	1.0427386266691838	8.824551540787562	230.0	16	1.05	0.95				
	116	2	55.17070757894737	11.034141515789475	0.0	0.0	1	1.0381434947019594	7.3961048869305355	230.0	16	1.05	0.95				
	117	1	0.0	0.0	0.0	0.0	1	1.0440622812951372	11.555081749255836	230.0	17	1.05	0.95				
	118	2	183.71845623789477	37.51608115368422	0.0	0.0	1	1.0482947978634878	12.67892397579139	230.0	17	1.05	0.95				
	119	1	99.85898071789475	20.413161804210528	0.0	0.0	1	1.028428104277453	4.831727364569889	230.0	15	1.05	0.95				
	120	1	70.61850570105264	14.344383970526318	0.0	0.0	1	1.0245536471820624	3.108536965121898	230.0	15	1.05	0.95				
	121	2	0.0	0.0	0.0	0.0	1	1.05	14.480177845933417	230.0	17	1.05	0.95				
	122	2	0.0	0.0	0.0	0.0	1	1.05	19.87937058612392	230.0	17	1.05	0.95				
	123	2	0.0	0.0	0.0	0.0	1	1.0236492213495096	2.58005163654956	230.0	15	1.05	0.95				
	124	1	0.0	0.0	0.0	0.0	1	1.0302091241568496	6.101170172519645	230.0	16	1.05	0.95				
	201	2	53.345506054736845	10.866677159298247	0.0	0.0	2	1.0142765989288487	-16.35957876069046	138.0	21	1.05	0.95				
	202	2	47.91216747508772	9.878797417543861	0.0	0.0	2	1.0140025453585406	-16.496578115703187	138.0	22	1.05	0.95				
	203	1	88.90917675789474	18.27577522245614	0.0	0.0	2	1.0151082573309167	-12.541309089704468	138.0	21	1.05	0.95				
	204	1	36.55155044491228	7.409098063157894	0.0	0.0	2	1.01135687243773	-16.52095725186333	138.0	21	1.05	0.95				
	205	1	35.0697308322807	6.915158192280703	0.0	0.0	2	1.0260028422539582	-17.012937128619352	138.0	21	1.05	0.95				
	206	1	67.17582243929824	13.830316384561407	0.0	-100.0	2	1.0399926808101623	-17.914491581829424	138.0	22	1.05	0.95				
	207	2	61.74248385964912	12.348496771929824	0.0	0.0	2	0.9906847070544713	-24.2881129385506	138.0	22	1.05	0.95				
	208	1	84.46371792000001	17.287895480701753	0.0	0.0	2	0.994906650592444	-21.99929479194415	138.0	22	1.05	0.95				
	209	1	86.43947740350877	17.78183535157895	0.0	0.0	2	1.0239436433626892	-14.50044338344389	138.0	23	1.05	0.95				
	210	1	96.31827482105263	19.757594835087723	0.0	0.0	2	1.05	-16.081258793702204	138.0	23	1.05	0.95				
	211	1	0.0	0.0	0.0	0.0	2	1.012260284437724	-10.869786352901537	230.0	23	1.05	0.95				
	212	1	0.0	0.0	0.0	0.0	2	1.0130413837724161	-9.667859146260266	230.0	23	1.05	0.95				
	213	2	130.89406578245615	26.672753027368422	0.0	0.0	2	1.013990650018349	-8.912658519356706	230.0	24	1.05	0.95				
	214	2	95.82433495017544	19.263654964210527	0.0	0.0	2	1.0171783771639755	-8.124254311462002	230.0	26	1.05	0.95				
	215	2	156.57893906807016	31.612151736140355	0.0	0.0	2	1.0318786937373459	-0.9053688720995443	230.0	26	1.05	0.95				
	216	2	49.393987087719296	9.878797417543861	0.0	0.0	2	1.0337914539988025	-1.2431707324155197	230.0	26	1.05	0.95				
	217	1	0.0	0.0	0.0	0.0	2	1.0348934759105473	0.16218771594138406	230.0	27	1.05	0.95				
	218	2	164.48197700210528	33.58791121964912	0.0	0.0	2	1.0337227078339404	-0.39242618243108407	230.0	27	1.05	0.95				
	219	1	89.40311662877193	18.27577522245614	0.0	0.0	2	1.0369648480381954	-0.8050527936791859	230.0	25	1.05	0.95				
	220	1	63.22430347228071	12.842436642807018	0.0	0.0	2	1.0434379638889175	0.5110080554034769	230.0	25	1.05	0.95				
	221	2	0.0	0.0	0.0	0.0	2	1.0356903246801428	0.23579142757747917	230.0	27	1.05	0.95				
	222	2	0.0	0.0	0.0	0.0	2	1.05	6.704906977605882	230.0	27	1.05	0.95				
	223	2	0.0	0.0	0.0	0.0	2	1.048268708065732	1.5910149595922423	230.0	25	1.05	0.95				
	224	1	0.0	0.0	0.0	0.0	2	1.0111749308627047	-5.238917361858222	230.0	26	1.05	0.95				
	301	2	68.74280291368422	14.003163556491227	0.0	0.0	3	0.9965842960369486	12.698469127887419	138.0	31	1.05	0.95				
	302	2	61.74122113543859	12.730148687719298	0.0	0.0	3	0.9973754231068563	12.649565595909893	138.0	32	1.05	0.95				
	303	1	114.57133818947369	23.550775072280704	0.0	0.0	3	1.0209908040234765	15.949133451687075	138.0	31	1.05	0.95				
	304	1	47.10155014456141	9.547611515789473	0.0	0.0	3	1.0020333165891164	14.945201623751812	138.0	31	1.05	0.95				
	305	1	45.1920278414035	8.91110408140351	0.0	0.0	3	1.0132992563698802	14.787704716041862	138.0	31	1.05	0.95				
	306	1	86.56501107649123	17.82220816280702	0.0	-100.0	3	1.0310923115034627	15.243482043129386	138.0	32	1.05	0.95				
	307	2	79.56342929824561	15.912685859649123	0.0	0.0	3	0.978697743337087	12.00535626882869	138.0	32	1.05	0.95				
	308	1	108.84277128	22.27776020350877	0.0	0.0	3	0.994825289035215	14.833756537899983	138.0	32	1.05	0.95				
	309	1	111.38880101754384	22.914267637894735	0.0	0.0	3	1.02897059628054	19.396874676890803	138.0	33	1.05	0.95				
	310	1	124.11894970526316	25.460297375438596	0.0	0.0	3	1.05	18.903778735329276	138.0	33	1.05	0.95				
	311	1	0.0	0.0	0.0	0.0	3	1.0179961567618752	25.184092332148523	230.0	33	1.05	0.95				
	312	1	0.0	0.0	0.0	0.0	3	1.0252361261968124	26.688584771178192	230.0	33	1.05	0.95				
	313	2	168.6744701122807	34.37140145684211	0.0	0.0	3	1.0486286211219278	34.79022547873764	230.0	34	1.05	0.95				
	314	2	123.48244227087719	24.82378994105263	0.0	0.0	3	1.0190890014780578	22.592916758648332	230.0	36	1.05	0.95				
	315	2	201.77285670035084	40.736475800701754	0.0	0.0	3	1.0435857905979444	15.371943610399821	230.0	36	1.05	0.95				
	316	2	63.65074343859649	12.730148687719298	0.0	0.0	3	1.045279404288679	16.885490827029276	230.0	36	1.05	0.95				
	317	1	0.0	0.0	0.0	0.0	3	1.0498650337645943	15.500688257089513	230.0	37	1.05	0.95				
	318	2	211.95697565052632	43.282505538245616	0.0	0.0	3	1.0489431520737158	13.57706790994407	230.0	37	1.05	0.95				
	319	1	115.20784562385967	23.550775072280704	0.0	0.0	3	1.0443077147043345	20.065625439223965	230.0	35	1.05	0.95				
	320	1	81.47295160140351	16.54919329403509	0.0	0.0	3	1.0469616885802433	22.455416347284093	230.0	35	1.05	0.95				
	321	2	0.0	0.0	0.0	0.0	3	1.0476019919932305	14.768167134509838	230.0	37	1.05	0.95				
	322	2	0.0	0.0	0.0	0.0	3	1.05	19.399337553457677	230.0	37	1.05	0.95				
	323	2	0.0	0.0	0.0	0.0	3	1.048413045747417	23.30354855772388	230.0	35	1.05	0.95				
	324	1	0.0	0.0	0.0	0.0	3	1.0338683419534769	17.64255273335076	230.0	36	1.05	0.95				
	325	1	0.0	0.0	0.0	0.0	3	1.0499998883562753	22.560041267949188	230.0	35	1.05	0.95				
];
