%% MATPOWER Case Format : Version 2
function mpc = RTS_GMLC
mpc.version = '2';

%%-----  Power Flow Data  -----%%
%% system MVA base
mpc.baseMVA = 100.0;
%% bus data
%    bus_i    type    Pd    Qd    Gs    Bs    area    Vm    Va    baseKV    zone    Vmax    Vmin
mpc.bus = [
	101	2	34.48144482821053	7.023998020561403	0.0	0.0	1	1.0171002967695197	2.115210352160977	138.0	11	1.05	0.95				
	102	2	30.969445817929824	6.385452745964913	0.0	0.0	1	1.0146528253850937	1.4649153336580754	138.0	12	1.05	0.95				
	103	1	57.46907471368421	11.813087580035088	0.0	0.0	1	1.0318189798438562	3.271503839993147	138.0	11	1.05	0.95				
	104	1	23.626175160070176	4.789089559473684	0.0	0.0	1	1.0157226814201736	-0.35331019544198133	138.0	11	1.05	0.95				
	105	1	22.66835724817544	4.469816922175439	0.0	0.0	1	1.0293936982997207	-0.2778069058997012	138.0	11	1.05	0.95				
	106	1	43.42107867256141	8.939633844350878	0.0	-100.0	1	1.0445737851312396	-2.0997487003857778	138.0	12	1.05	0.95				
	107	2	39.9090796622807	7.981815932456141	0.0	0.0	1	0.9855391461993138	-6.350151277126008	138.0	12	1.05	0.95				
	108	1	54.59562097800001	11.174542305438596	0.0	0.0	1	0.9993530906917093	-5.10435072293091	138.0	12	1.05	0.95				
	109	1	55.87271152719298	11.493814942736842	0.0	0.0	1	1.02493513450614	-0.49829411897632475	138.0	13	1.05	0.95				
	110	1	62.25816427315789	12.770905491929826	0.0	0.0	1	1.05	-1.647039115681073	138.0	13	1.05	0.95				
	111	1	0.0	0.0	0.0	0.0	1	1.0099139633659118	1.1815267667399623	230.0	13	1.05	0.95				
	112	1	0.0	0.0	0.0	0.0	1	1.0072861778842448	0.2350592612625759	230.0	13	1.05	0.95				
	113	3	84.60724888403509	17.240722414105264	0.0	0.0	1	0.9826498023044495	-1.6857982981214573e-28	230.0	14	1.05	0.95				
	114	2	61.93889163585965	12.45163285463158	0.0	0.0	1	1.0313124081880705	4.45644612181137	230.0	16	1.05	0.95				
	115	2	101.20942602354386	20.43344878708772	0.0	0.0	1	1.0443624140283958	12.490078481335818	230.0	16	1.05	0.95				
	116	2	31.927263729824563	6.385452745964913	0.0	0.0	1	1.0422928787887669	11.0486304464915	230.0	16	1.05	0.95				
	117	1	0.0	0.0	0.0	0.0	1	1.042156053635838	16.264050261610834	230.0	17	1.05	0.95				
	118	2	106.31778822031579	21.710539336280704	0.0	0.0	1	1.05	16.534768583318357	230.0	17	1.05	0.95				
	119	1	57.78834735098246	11.813087580035088	0.0	0.0	1	1.0352435348127476	7.501934848280928	230.0	15	1.05	0.95				
	120	1	40.86689757417544	8.301088569754386	0.0	0.0	1	1.033579709501878	5.012408997604747	230.0	15	1.05	0.95				
	121	2	0.0	0.0	0.0	0.0	1	1.0420124197645602	17.626701403440087	230.0	17	1.05	0.95				
	122	2	0.0	0.0	0.0	0.0	1	1.05	35.59829391909096	230.0	17	1.05	0.95				
	123	2	0.0	0.0	0.0	0.0	1	1.0331347610266375	3.8846651375975814	230.0	15	1.05	0.95				
	124	1	0.0	0.0	0.0	0.0	1	1.0280504471270513	9.046147226640159	230.0	16	1.05	0.95				
	201	2	32.588698251789474	6.63843853277193	0.0	0.0	2	1.0133156939891252	-9.461439384930305	138.0	21	1.05	0.95				
	202	2	29.26947898540351	6.034944120701755	0.0	0.0	2	1.0124941884307808	-9.725459982326647	138.0	22	1.05	0.95				
	203	1	54.31449708631578	11.164646623298244	0.0	0.0	2	1.0128131967510299	-6.5865658581485995	138.0	21	1.05	0.95				
	204	1	22.32929324659649	4.526208090526315	0.0	0.0	2	1.0133654407952837	-9.692066599097698	138.0	21	1.05	0.95				
	205	1	21.424051628491224	4.224460884491228	0.0	0.0	2	1.0282224897913408	-10.00121633507326	138.0	21	1.05	0.95				
	206	1	41.03762002077193	8.448921768982457	0.0	-100.0	2	1.0451400518176812	-10.725328750949982	138.0	22	1.05	0.95				
	207	2	37.71840075438596	7.543680150877193	0.0	0.0	2	0.9973035919778958	-14.21524195537771	138.0	22	1.05	0.95				
	208	1	51.598772232	10.561152211228068	0.0	0.0	2	1.0060126550828654	-12.937162747726143	138.0	22	1.05	0.95				
	209	1	52.80576105614034	10.862899417263156	0.0	0.0	2	1.0216662452986307	-8.399757912411102	138.0	23	1.05	0.95				
	210	1	58.8407051768421	12.06988824140351	0.0	0.0	2	1.05	-9.563558012156768	138.0	23	1.05	0.95				
	211	1	0.0	0.0	0.0	0.0	2	1.0008087099264982	-6.135929354470914	230.0	23	1.05	0.95				
	212	1	0.0	0.0	0.0	0.0	2	1.0045769909965587	-5.796136488037555	230.0	23	1.05	0.95				
	213	2	79.96300959929825	16.294349125894737	0.0	0.0	2	0.9927173128513933	-5.286007052937707	230.0	24	1.05	0.95				
	214	2	58.53895797080702	11.768141035368421	0.0	0.0	2	0.9985861517364385	-3.879218512078227	230.0	26	1.05	0.95				
	215	2	95.6538643131228	19.311821186245616	0.0	0.0	2	1.0168368916740718	1.3520857737524081	230.0	26	1.05	0.95				
	216	2	30.17472060350877	6.034944120701755	0.0	0.0	2	1.0187232612692116	1.087095001526935	230.0	26	1.05	0.95				
	217	1	0.0	0.0	0.0	0.0	2	1.0273568862388684	2.653065602400433	230.0	27	1.05	0.95				
	218	2	100.48181960968421	20.518810010385966	0.0	0.0	2	1.0260953087375724	2.378433905291282	230.0	27	1.05	0.95				
	219	1	54.61624429235088	11.164646623298244	0.0	0.0	2	1.017207688849295	0.45365761996680476	230.0	25	1.05	0.95				
	220	1	38.62364237249123	7.845427356912281	0.0	0.0	2	1.0173480563795534	0.5068328471361333	230.0	25	1.05	0.95				
	221	2	0.0	0.0	0.0	0.0	2	1.0266307650015432	2.832528250805572	230.0	27	1.05	0.95				
	222	2	0.0	0.0	0.0	0.0	2	1.0493221836147064	9.260517809996907	230.0	27	1.05	0.95				
	223	2	0.0	0.0	0.0	0.0	2	1.017416768667236	0.7758179066929994	230.0	25	1.05	0.95				
	224	1	0.0	0.0	0.0	0.0	2	1.0054019718266205	-1.6378062044607675	230.0	26	1.05	0.95				
	301	2	44.16007592842106	8.99557102245614	0.0	0.0	3	1.008950969099588	-16.70649651685222	138.0	31	1.05	0.95				
	302	2	39.66229041719298	8.177791838596491	0.0	0.0	3	1.008758367667019	-16.80380856722124	138.0	32	1.05	0.95				
	303	1	73.60012654736842	15.128914901403508	0.0	0.0	3	1.0229809423011	-11.811898417380839	138.0	31	1.05	0.95				
	304	1	30.257829802807017	6.133343878947368	0.0	0.0	3	1.0112103205723588	-15.399559542291225	138.0	31	1.05	0.95				
	305	1	29.031161027017543	5.724454287017544	0.0	0.0	3	1.0242132779295525	-16.12373541972892	138.0	31	1.05	0.95				
	306	1	55.60898450245614	11.448908574035087	0.0	-100.0	3	1.0411996347483479	-16.29274867058388	138.0	32	1.05	0.95				
	307	2	51.111198991228065	10.222239798245614	0.0	0.0	3	0.9957904814019936	-20.694435847160623	138.0	32	1.05	0.95				
	308	1	69.92012021999999	14.311135717543857	0.0	0.0	3	1.0018847806379876	-18.864151189635567	138.0	32	1.05	0.95				
	309	1	71.5556785877193	14.720025309473684	0.0	0.0	3	1.0258360248521021	-12.573866483716309	138.0	33	1.05	0.95				
	310	1	79.73347042631579	16.355583677192982	0.0	0.0	3	1.05	-14.224196084231009	138.0	33	1.05	0.95				
	311	1	0.0	0.0	0.0	0.0	3	1.00655009805306	-8.88399853665793	230.0	33	1.05	0.95				
	312	1	0.0	0.0	0.0	0.0	3	1.0091275387709369	-8.068420705801152	230.0	33	1.05	0.95				
	313	2	108.35574186140352	22.08003796421053	0.0	0.0	3	1.008293971689462	-5.097834128474853	230.0	34	1.05	0.95				
	314	2	79.32458083438596	15.946694085263157	0.0	0.0	3	1.005811025822054	-7.565597113408813	230.0	36	1.05	0.95				
	315	2	129.61800064175438	26.16893388350877	0.0	0.0	3	1.0280501513158193	-4.021447507230338	230.0	36	1.05	0.95				
	316	2	40.888959192982455	8.177791838596491	0.0	0.0	3	1.0271640142757619	-3.2365688390589646	230.0	36	1.05	0.95				
	317	1	0.0	0.0	0.0	0.0	3	1.03421150728861	-1.0287250919869515	230.0	37	1.05	0.95				
	318	2	136.16023411263157	27.80449225122807	0.0	0.0	3	1.0314845773724544	-1.8726164024379754	230.0	37	1.05	0.95				
	319	1	74.00901613929824	15.128914901403508	0.0	0.0	3	1.0235710990671514	-3.1990448113281937	230.0	35	1.05	0.95				
	320	1	52.33786776701754	10.631129390175438	0.0	0.0	3	1.0231181162442256	-2.3626730668381906	230.0	35	1.05	0.95				
	321	2	0.0	0.0	0.0	0.0	3	1.0328034264420802	-2.026826736231557	230.0	37	1.05	0.95				
	322	2	0.0	0.0	0.0	0.0	3	1.0467496505805527	2.6988460330850708	230.0	37	1.05	0.95				
	323	2	0.0	0.0	0.0	0.0	3	1.0235735478214034	-1.584560608505907	230.0	35	1.05	0.95				
	324	1	0.0	0.0	0.0	0.0	3	1.0162670086529577	-6.952027252014916	230.0	36	1.05	0.95				
	325	1	0.0	0.0	0.0	0.0	3	1.018248499781569	0.012727933543404624	230.0	35	1.05	0.95				
];
