%% MATPOWER Case Format : Version 2
function mpc = RTS_GMLC
mpc.version = '2';

%%-----  Power Flow Data  -----%%
%% system MVA base
mpc.baseMVA = 100.0;
%% bus data
%    bus_i    type    Pd    Qd    Gs    Bs    area    Vm    Va    baseKV    zone    Vmax    Vmin
mpc.bus = [
	101	2	43.619495305263165	8.885452747368422	0.0	0.0	1	1.020327804655922	-3.1053191014322685	138.0	11	1.05	0.95				
	102	2	39.17676893157895	8.077684315789474	0.0	0.0	1	1.0194727305081785	-3.319986246589881	138.0	12	1.05	0.95				
	103	1	72.69915884210528	14.943715984210526	0.0	0.0	1	1.0315621753876634	-0.28424065307165103	138.0	11	1.05	0.95				
	104	1	29.88743196842105	6.058263236842105	0.0	0.0	1	1.0195595455630257	-3.742249804605588	138.0	11	1.05	0.95				
	105	1	28.67577932105263	5.654379021052632	0.0	0.0	1	1.0302441419176132	-4.747207592409014	138.0	11	1.05	0.95				
	106	1	54.928253347368425	11.308758042105264	0.0	-100.0	1	1.0436501397076046	-6.129081053320206	138.0	12	1.05	0.95				
	107	2	50.485526973684216	10.097105394736843	0.0	0.0	1	1.0022081650078933	-9.858626789086173	138.0	12	1.05	0.95				
	108	1	69.0642009	14.135947552631578	0.0	0.0	1	1.006539958150178	-8.766209533189325	138.0	12	1.05	0.95				
	109	1	70.6797377631579	14.539831768421053	0.0	0.0	1	1.0254660038103536	-3.5017474456343383	138.0	13	1.05	0.95				
	110	1	78.75742207894737	16.15536863157895	0.0	0.0	1	1.05	-5.103121094579358	138.0	13	1.05	0.95				
	111	1	0.0	0.0	0.0	0.0	1	1.0044568942901584	-1.2660476281069906	230.0	13	1.05	0.95				
	112	1	0.0	0.0	0.0	0.0	1	1.0078930488924767	-1.6454389219387873	230.0	13	1.05	0.95				
	113	3	107.02931718421054	21.809747652631582	0.0	0.0	1	0.9977238651137452	-4.9219036966614295e-33	230.0	14	1.05	0.95				
	114	2	78.3535378631579	15.751484415789474	0.0	0.0	1	1.0034368030689456	0.8042195208419637	230.0	16	1.05	0.95				
	115	2	128.03129640526316	25.848589810526317	0.0	0.0	1	1.0360433163400384	7.060887841862381	230.0	16	1.05	0.95				
	116	2	40.38842157894737	8.077684315789474	0.0	0.0	1	1.0324812465509068	6.07638101299606	230.0	16	1.05	0.95				
	117	1	0.0	0.0	0.0	0.0	1	1.0382983078404817	10.035277741623275	230.0	17	1.05	0.95				
	118	2	134.49344385789473	27.464126673684213	0.0	0.0	1	1.0430604688447025	10.503815132727082	230.0	17	1.05	0.95				
	119	1	73.10304305789475	14.943715984210526	0.0	0.0	1	1.022173973904257	3.795204908654696	230.0	15	1.05	0.95				
	120	1	51.69717962105263	10.500989610526316	0.0	0.0	1	1.0159936863431482	2.087967030375102	230.0	15	1.05	0.95				
	121	2	0.0	0.0	0.0	0.0	1	1.0443821523055454	11.471214366022009	230.0	17	1.05	0.95				
	122	2	0.0	0.0	0.0	0.0	1	1.05	22.45794826646018	230.0	17	1.05	0.95				
	123	2	0.0	0.0	0.0	0.0	1	1.013171547509564	1.460314087789149	230.0	15	1.05	0.95				
	124	1	0.0	0.0	0.0	0.0	1	1.0248601946285079	4.296699044853256	230.0	16	1.05	0.95				
	201	2	43.82559420631579	8.927435856842106	0.0	0.0	2	1.0148301901186383	-10.52801211298446	138.0	21	1.05	0.95				
	202	2	39.36187627789474	8.11585077894737	0.0	0.0	2	1.0140066927811058	-10.760588772238439	138.0	22	1.05	0.95				
	203	1	73.04265701052633	15.014323941052632	0.0	0.0	2	1.0147975394079778	-8.166275971510421	138.0	21	1.05	0.95				
	204	1	30.028647882105265	6.086888084210526	0.0	0.0	2	1.0129149974548368	-10.170061666625315	138.0	21	1.05	0.95				
	205	1	28.811270265263154	5.681095545263159	0.0	0.0	2	1.0274423435125293	-10.467866047481788	138.0	21	1.05	0.95				
	206	1	55.18778529684211	11.362191090526318	0.0	-100.0	2	1.0426013908288607	-10.943045878433143	138.0	22	1.05	0.95				
	207	2	50.72406736842105	10.144813473684211	0.0	0.0	2	0.9975826468797958	-15.82430350409204	138.0	22	1.05	0.95				
	208	1	69.39052416	14.202738863157894	0.0	0.0	2	1.002616617179007	-13.997379377548606	138.0	22	1.05	0.95				
	209	1	71.01369431578948	14.608531402105262	0.0	0.0	2	1.023780188359253	-8.008496706689384	138.0	23	1.05	0.95				
	210	1	79.12954509473684	16.23170155789474	0.0	0.0	2	1.05	-9.101760574746509	138.0	23	1.05	0.95				
	211	1	0.0	0.0	0.0	0.0	2	1.0028934063238024	-5.802616971684466	230.0	23	1.05	0.95				
	212	1	0.0	0.0	0.0	0.0	2	1.0098341953257155	-1.6715044006131303	230.0	23	1.05	0.95				
	213	2	107.53502282105262	21.912797103157896	0.0	0.0	2	0.9975857062896315	-3.758869114009708	230.0	24	1.05	0.95				
	214	2	78.72375255578947	15.825909018947371	0.0	0.0	2	0.9990278440148386	-4.692024311179938	230.0	26	1.05	0.95				
	215	2	128.6362348463158	25.97072249263158	0.0	0.0	2	1.0173746757488793	0.09046683264592877	230.0	26	1.05	0.95				
	216	2	40.579253894736844	8.11585077894737	0.0	0.0	2	1.0158859140296395	-0.6209293056196101	230.0	26	1.05	0.95				
	217	1	0.0	0.0	0.0	0.0	2	1.0216640177574468	0.7468901101985929	230.0	27	1.05	0.95				
	218	2	135.1289154694737	27.593892648421054	0.0	0.0	2	1.0212897778808536	0.4452758610130314	230.0	27	1.05	0.95				
	219	1	73.4484495494737	15.014323941052632	0.0	0.0	2	1.0147819362561485	-0.7073319800652641	230.0	25	1.05	0.95				
	220	1	51.94144498526316	10.55060601263158	0.0	0.0	2	1.0165012254999406	0.027820736557332318	230.0	25	1.05	0.95				
	221	2	0.0	0.0	0.0	0.0	2	1.0235163850960043	1.1267994253876972	230.0	27	1.05	0.95				
	222	2	0.0	0.0	0.0	0.0	2	1.0452602213885764	7.527739054441379	230.0	27	1.05	0.95				
	223	2	0.0	0.0	0.0	0.0	2	1.0181208123275052	0.7494002298843001	230.0	25	1.05	0.95				
	224	1	0.0	0.0	0.0	0.0	2	1.0061452164658873	-3.024635267135473	230.0	26	1.05	0.95				
	301	2	48.687124319999995	9.917747546666664	0.0	0.0	3	1.003180065145582	13.574177455738319	138.0	31	1.05	0.95				
	302	2	43.72825054666666	9.016134133333333	0.0	0.0	3	1.00298950443004	13.540908173213278	138.0	32	1.05	0.95				
	303	1	81.14520719999999	16.679848146666664	0.0	0.0	3	1.0192369770543186	15.817313019384224	138.0	31	1.05	0.95				
	304	1	33.35969629333333	6.762100599999998	0.0	0.0	3	1.00721535985336	14.974133200070638	138.0	31	1.05	0.95				
	305	1	32.007276173333324	6.311293893333334	0.0	0.0	3	1.0201391508768298	15.029763611021284	138.0	31	1.05	0.95				
	306	1	61.30971210666666	12.622587786666667	0.0	-100.0	3	1.0383766622660449	15.303400114445099	138.0	32	1.05	0.95				
	307	2	56.35083833333333	11.270167666666666	0.0	0.0	3	0.9849454792842066	13.020976349329514	138.0	32	1.05	0.95				
	308	1	77.08794683999999	15.77823473333333	0.0	0.0	3	1.0012865386365022	14.918713384895414	138.0	32	1.05	0.95				
	309	1	78.89117366666666	16.229041439999996	0.0	0.0	3	1.0250302041755286	17.99501284086944	138.0	33	1.05	0.95				
	310	1	87.90730779999998	18.032268266666666	0.0	0.0	3	1.05	17.928238274927928	138.0	33	1.05	0.95				
	311	1	0.0	0.0	0.0	0.0	3	1.0052622725946174	22.4266024522357	230.0	33	1.05	0.95				
	312	1	0.0	0.0	0.0	0.0	3	1.0124846523645998	23.113396693070396	230.0	33	1.05	0.95				
	313	2	119.46377726666664	24.343562159999998	0.0	0.0	3	1.0137535531852435	28.390094359951245	230.0	34	1.05	0.95				
	314	2	87.45650109333332	17.581461559999997	0.0	0.0	3	1.0002965955546461	21.749453584293555	230.0	36	1.05	0.95				
	315	2	142.90572601333332	28.851629226666663	0.0	0.0	3	1.027607929464047	16.96783115537845	230.0	36	1.05	0.95				
	316	2	45.08067066666666	9.016134133333333	0.0	0.0	3	1.0270299800525238	17.96507390249732	230.0	36	1.05	0.95				
	317	1	0.0	0.0	0.0	0.0	3	1.0383044414987295	17.874962818654364	230.0	37	1.05	0.95				
	318	2	150.11863332	30.65485605333333	0.0	0.0	3	1.037445144968267	15.784615293920893	230.0	37	1.05	0.95				
	319	1	81.59601390666667	16.679848146666664	0.0	0.0	3	1.0251612181049565	19.80034856574807	230.0	35	1.05	0.95				
	320	1	57.703258453333326	11.720974373333332	0.0	0.0	3	1.0238518394388083	20.849525368171797	230.0	35	1.05	0.95				
	321	2	0.0	0.0	0.0	0.0	3	1.0360781171022326	16.784283147396504	230.0	37	1.05	0.95				
	322	2	0.0	0.0	0.0	0.0	3	1.0499999163529539	21.520470903931386	230.0	37	1.05	0.95				
	323	2	0.0	0.0	0.0	0.0	3	1.022095885159188	20.99734242703109	230.0	35	1.05	0.95				
	324	1	0.0	0.0	0.0	0.0	3	1.0222509566786224	18.346992132216794	230.0	36	1.05	0.95				
	325	1	0.0	0.0	0.0	0.0	3	1.0253567395041738	20.190662285827933	230.0	35	1.05	0.95				
];
