%% MATPOWER Case Format : Version 2
function mpc = RTS_GMLC
mpc.version = '2';

%%-----  Power Flow Data  -----%%
%% system MVA base
mpc.baseMVA = 100.0;
%% bus data
%    bus_i    type    Pd    Qd    Gs    Bs    area    Vm    Va    baseKV    zone    Vmax    Vmin
mpc.bus = [
	101	2	38.64967836631579	7.873082630175439	0.0	0.0	1	1.033024178947654	3.915866834898296	138.0	11	1.05	0.95				
	102	2	34.71313705122807	7.157347845614035	0.0	0.0	1	1.0321038903538169	3.6500385588895945	138.0	12	1.05	0.95				
	103	1	64.41613061052631	13.241093514385966	0.0	0.0	1	1.0315728664079908	2.4041673345293213	138.0	11	1.05	0.95				
	104	1	26.482187028771932	5.368010884210526	0.0	0.0	1	1.0220813797593478	0.4895109629678995	138.0	11	1.05	0.95				
	105	1	25.40858485192982	5.010143491929825	0.0	0.0	1	1.0364514384115946	0.7109515925838923	138.0	11	1.05	0.95				
	106	1	48.669965350175445	10.02028698385965	0.0	-100.0	1	1.0470831309157134	-1.5013958820162117	138.0	12	1.05	0.95				
	107	2	44.73342403508772	8.946684807017544	0.0	0.0	1	1.0000634042526146	-7.2542070135370365	138.0	12	1.05	0.95				
	108	1	61.19532408	12.525358729824559	0.0	0.0	1	1.0061739252754727	-5.721028025396678	138.0	12	1.05	0.95				
	109	1	62.6267936491228	12.883226122105263	0.0	0.0	1	1.024531871680713	-0.6409663716052009	138.0	13	1.05	0.95				
	110	1	69.78414149473684	14.31469569122807	0.0	0.0	1	1.05	-1.407810595002582	138.0	13	1.05	0.95				
	111	1	0.0	0.0	0.0	0.0	1	1.0019817920491276	0.7708289562802458	230.0	13	1.05	0.95				
	112	1	0.0	0.0	0.0	0.0	1	1.0068594561504955	0.5482035790046793	230.0	13	1.05	0.95				
	113	3	94.83485895438596	19.324839183157895	0.0	0.0	1	0.9906016903264011	1.641098616635553e-30	230.0	14	1.05	0.95				
	114	2	69.42627410245613	13.956828298947368	0.0	0.0	1	0.9999441599796286	3.368559311330585	230.0	16	1.05	0.95				
	115	2	113.44396335298245	22.90351310596491	0.0	0.0	1	1.0391561172640578	9.614525288273747	230.0	16	1.05	0.95				
	116	2	35.786739228070175	7.157347845614035	0.0	0.0	1	1.0352473062063474	9.016235211826851	230.0	16	1.05	0.95				
	117	1	0.0	0.0	0.0	0.0	1	1.041773020461363	12.267037549008123	230.0	17	1.05	0.95				
	118	2	119.16984162947368	24.334982675087723	0.0	0.0	1	1.0468668469587126	12.325610332337664	230.0	17	1.05	0.95				
	119	1	64.77399800280702	13.241093514385966	0.0	0.0	1	1.0259845850083418	6.94150831956228	230.0	15	1.05	0.95				
	120	1	45.80702621192982	9.304552199298245	0.0	0.0	1	1.0208496314253712	5.817365379401162	230.0	15	1.05	0.95				
	121	2	0.0	0.0	0.0	0.0	1	1.05	13.21519063356218	230.0	17	1.05	0.95				
	122	2	0.0	0.0	0.0	0.0	1	1.05	24.96699503098832	230.0	17	1.05	0.95				
	123	2	0.0	0.0	0.0	0.0	1	1.0182514589105625	5.476424725466103	230.0	15	1.05	0.95				
	124	1	0.0	0.0	0.0	0.0	1	1.0269140074133747	6.910865706313542	230.0	16	1.05	0.95				
	201	2	41.36061702315789	8.42531087508772	0.0	0.0	2	1.0196798958566091	-9.254075369928112	138.0	21	1.05	0.95				
	202	2	37.147961585614034	7.659373522807017	0.0	0.0	2	1.0197936331241442	-9.276862398909154	138.0	22	1.05	0.95				
	203	1	68.93436170526316	14.16984101719298	0.0	0.0	2	1.0160041160188231	-7.379568495274304	138.0	21	1.05	0.95				
	204	1	28.33968203438596	5.744530142105263	0.0	0.0	2	1.0156357425550158	-10.114776374057119	138.0	21	1.05	0.95				
	205	1	27.190776005964914	5.361561465964913	0.0	0.0	2	1.0303057885757387	-10.419278165641257	138.0	21	1.05	0.95				
	206	1	52.083739955087715	10.723122931929826	0.0	-100.0	2	1.0444567703806347	-11.483156290529994	138.0	22	1.05	0.95				
	207	2	47.871084517543856	9.574216903508772	0.0	0.0	2	0.9941310587813763	-16.584427899681074	138.0	22	1.05	0.95				
	208	1	65.48764361999999	13.403903664912278	0.0	0.0	2	1.0012767203566764	-14.888360808252033	138.0	22	1.05	0.95				
	209	1	67.0195183245614	13.78687234105263	0.0	0.0	2	1.022592003599249	-9.210977081120088	138.0	23	1.05	0.95				
	210	1	74.6788918473684	15.318747045614034	0.0	0.0	2	1.05	-10.360516684726617	138.0	23	1.05	0.95				
	211	1	0.0	0.0	0.0	0.0	2	1.0034170348999174	-6.683224833332918	230.0	23	1.05	0.95				
	212	1	0.0	0.0	0.0	0.0	2	1.0073131222068574	-5.965004115722312	230.0	23	1.05	0.95				
	213	2	101.48669917719297	20.680308511578946	0.0	0.0	2	0.9977444183223878	-5.510059919664001	230.0	24	1.05	0.95				
	214	2	74.29592317122807	14.935778369473685	0.0	0.0	2	1.0019906877766491	-4.472098779065172	230.0	26	1.05	0.95				
	215	2	121.40107033649122	24.509995272982454	0.0	0.0	2	1.0190328303479803	1.0323090839505713	230.0	26	1.05	0.95				
	216	2	38.29686761403509	7.659373522807017	0.0	0.0	2	1.0208041021891112	0.9666051318913504	230.0	26	1.05	0.95				
	217	1	0.0	0.0	0.0	0.0	2	1.0256666891334263	2.631895462378369	230.0	27	1.05	0.95				
	218	2	127.52856915473683	26.041869977543858	0.0	0.0	2	1.0249311830595302	2.1332185538532826	230.0	27	1.05	0.95				
	219	1	69.31733038140351	14.16984101719298	0.0	0.0	2	1.0222527518161721	0.8106527137717463	230.0	25	1.05	0.95				
	220	1	49.01999054596491	9.957185579649122	0.0	0.0	2	1.0258572721128842	1.4296244712789121	230.0	25	1.05	0.95				
	221	2	0.0	0.0	0.0	0.0	2	1.0265960385591972	2.5729522896032084	230.0	27	1.05	0.95				
	222	2	0.0	0.0	0.0	0.0	2	1.048669231221067	9.10286618436608	230.0	27	1.05	0.95				
	223	2	0.0	0.0	0.0	0.0	2	1.0283349492292342	2.0630813665127796	230.0	25	1.05	0.95				
	224	1	0.0	0.0	0.0	0.0	2	1.007452232600286	-2.139967741672903	230.0	26	1.05	0.95				
	301	2	51.8133502231579	10.554571341754386	0.0	0.0	3	1.007288407974235	-20.99544864662005	138.0	31	1.05	0.95				
	302	2	46.5360645522807	9.59506485614035	0.0	0.0	3	1.0067590981781587	-21.12120579838944	138.0	32	1.05	0.95				
	303	1	86.35558370526316	17.750869983859648	0.0	0.0	3	1.0241903219003083	-14.802223891169008	138.0	31	1.05	0.95				
	304	1	35.501739967719296	7.196298642105263	0.0	0.0	3	1.0090527499887998	-19.516657086303248	138.0	31	1.05	0.95				
	305	1	34.062480239298246	6.716545399298246	0.0	0.0	3	1.0222782494824207	-20.34731113711365	138.0	31	1.05	0.95				
	306	1	65.24644102175439	13.433090798596492	0.0	-100.0	3	1.0386227641547994	-20.543360000351242	138.0	32	1.05	0.95				
	307	2	59.96915535087719	11.993831070175439	0.0	0.0	3	0.992568962972443	-25.890410279224294	138.0	32	1.05	0.95				
	308	1	82.03780452000001	16.791363498245612	0.0	0.0	3	0.997190680333894	-23.68511236235895	138.0	32	1.05	0.95				
	309	1	83.95681749122807	17.27111674105263	0.0	0.0	3	1.0265860591912608	-16.24464962414133	138.0	33	1.05	0.95				
	310	1	93.55188234736842	19.1901297122807	0.0	0.0	3	1.05	-18.156998335991766	138.0	33	1.05	0.95				
	311	1	0.0	0.0	0.0	0.0	3	1.0123559257501265	-11.742469119301711	230.0	33	1.05	0.95				
	312	1	0.0	0.0	0.0	0.0	3	1.0135837675601371	-11.27724319206964	230.0	33	1.05	0.95				
	313	2	127.13460934385965	25.90667511157895	0.0	0.0	3	1.0154857665608534	-8.184488305742024	230.0	34	1.05	0.95				
	314	2	93.0721291045614	18.710376469473687	0.0	0.0	3	1.0193120690966735	-9.361535182520509	230.0	36	1.05	0.95				
	315	2	152.08177796982457	30.704207539649126	0.0	0.0	3	1.0429064280292466	-3.8554942450664114	230.0	36	1.05	0.95				
	316	2	47.975324280701756	9.59506485614035	0.0	0.0	3	1.0432655361096972	-3.1589262126350333	230.0	36	1.05	0.95				
	317	1	0.0	0.0	0.0	0.0	3	1.05	1.1143902091671976	230.0	37	1.05	0.95				
	318	2	159.75782985473683	32.623220510877196	0.0	0.0	3	1.0457769908765777	-0.36284612973049685	230.0	37	1.05	0.95				
	319	1	86.83533694807018	17.750869983859648	0.0	0.0	3	1.038873471233948	-4.223287352764368	230.0	35	1.05	0.95				
	320	1	61.40841507929825	12.473584312982457	0.0	0.0	3	1.0385768602398562	-4.239290306604661	230.0	35	1.05	0.95				
	321	2	0.0	0.0	0.0	0.0	3	1.0461439590876973	-0.9393225679647261	230.0	37	1.05	0.95				
	322	2	0.0	0.0	0.0	0.0	3	1.05	4.20953604447897	230.0	37	1.05	0.95				
	323	2	0.0	0.0	0.0	0.0	3	1.039165538012048	-3.8882436391107813	230.0	35	1.05	0.95				
	324	1	0.0	0.0	0.0	0.0	3	1.0222148839297192	-7.924066759642693	230.0	36	1.05	0.95				
	325	1	0.0	0.0	0.0	0.0	3	1.0344319628790484	-2.4722623641911086	230.0	35	1.05	0.95				
];
