%% MATPOWER Case Format : Version 2
function mpc = RTS_GMLC
mpc.version = '2';

%%-----  Power Flow Data  -----%%
%% system MVA base
mpc.baseMVA = 100.0;
%% bus data
%    bus_i    type    Pd    Qd    Gs    Bs    area    Vm    Va    baseKV    zone    Vmax    Vmin
mpc.bus = [
	101	2	50.125680341052636	10.210786736140351	0.0	0.0	1	1.0166010937283219	-3.6641999834628125	138.0	11	1.05	0.95				
	102	2	45.020286972982454	9.282533396491228	0.0	0.0	1	1.0161678023144853	-3.9319081687221726	138.0	12	1.05	0.95				
	103	1	83.54280056842106	17.172686783508773	0.0	0.0	1	1.0113451830996214	0.6936238817457612	138.0	11	1.05	0.95				
	104	1	34.345373567017546	6.96190004736842	0.0	0.0	1	1.0072549917469171	-4.188262172817829	138.0	11	1.05	0.95				
	105	1	32.952993557543856	6.49777337754386	0.0	0.0	1	1.0195432949681287	-5.431669460348762	138.0	11	1.05	0.95				
	106	1	63.12122709614035	12.99554675508772	0.0	-100.0	1	1.0285906830416869	-6.95701425104965	138.0	12	1.05	0.95				
	107	2	58.01583372807018	11.603166745614036	0.0	0.0	1	0.9871669202759263	-12.060730264527743	138.0	12	1.05	0.95				
	108	1	79.36566054000001	16.24443344385965	0.0	0.0	1	0.9877251611247135	-10.437167115924117	138.0	12	1.05	0.95				
	109	1	81.22216721929824	16.70856011368421	0.0	0.0	1	1.0073926016840038	-3.7025272961884093	138.0	13	1.05	0.95				
	110	1	90.50470061578947	18.565066792982456	0.0	0.0	1	1.0339608113998804	-5.706657074029379	138.0	13	1.05	0.95				
	111	1	0.0	0.0	0.0	0.0	1	0.9894687728088438	-0.9204851553078931	230.0	13	1.05	0.95				
	112	1	0.0	0.0	0.0	0.0	1	0.9898701061553294	-1.6606338234164075	230.0	13	1.05	0.95				
	113	3	122.99356750350876	25.062840170526318	0.0	0.0	1	0.9763340754043414	2.4665907341536097e-32	230.0	14	1.05	0.95				
	114	2	90.04057394596491	18.100940123157898	0.0	0.0	1	0.9984342489737659	2.169841292527499	230.0	16	1.05	0.95				
	115	2	147.12815433438598	29.70410686877193	0.0	0.0	1	1.0111455584006128	11.053821610703846	230.0	16	1.05	0.95				
	116	2	46.412666982456145	9.282533396491228	0.0	0.0	1	1.007486898750114	9.565109469754075	230.0	16	1.05	0.95				
	117	1	0.0	0.0	0.0	0.0	1	1.0157965868613836	15.12393129545147	230.0	17	1.05	0.95				
	118	2	154.55418105157895	31.560613548070176	0.0	0.0	1	1.0248130806006561	15.764048293312827	230.0	17	1.05	0.95				
	119	1	84.00692723824562	17.172686783508773	0.0	0.0	1	1.0013368680657613	6.077158265709015	230.0	15	1.05	0.95				
	120	1	59.40821373754386	12.067293415438597	0.0	0.0	1	1.0011318699632508	3.4203100624630567	230.0	15	1.05	0.95				
	121	2	0.0	0.0	0.0	0.0	1	1.0259645584912045	17.01258542869502	230.0	17	1.05	0.95				
	122	2	0.0	0.0	0.0	0.0	1	1.04020763288917	32.45051305487832	230.0	17	1.05	0.95				
	123	2	0.0	0.0	0.0	0.0	1	1.002302228233742	2.3324394093442713	230.0	15	1.05	0.95				
	124	1	0.0	0.0	0.0	0.0	1	0.9986500822005144	7.1324497287001725	230.0	16	1.05	0.95				
	201	2	41.46261608842105	8.44608846245614	0.0	0.0	2	1.0127053667427586	-14.22035611052053	138.0	21	1.05	0.95				
	202	2	37.23957185719298	7.678262238596491	0.0	0.0	2	1.0114314941957654	-14.476975880149253	138.0	22	1.05	0.95				
	203	1	69.10436014736841	14.204785141403505	0.0	0.0	2	1.0006352933660492	-10.703763489629361	138.0	21	1.05	0.95				
	204	1	28.40957028280701	5.758696678947368	0.0	0.0	2	1.0038562037286975	-13.957836365825138	138.0	21	1.05	0.95				
	205	1	27.257830947017542	5.374783567017544	0.0	0.0	2	1.020312199344058	-14.351686691861904	138.0	21	1.05	0.95				
	206	1	52.21218322245614	10.749567134035088	0.0	-100.0	2	1.0325308520812613	-14.92427031627417	138.0	22	1.05	0.95				
	207	2	47.98913899122807	9.597827798245612	0.0	0.0	2	0.9757790933254993	-19.535123676579545	138.0	22	1.05	0.95				
	208	1	65.64914214	13.436958917543857	0.0	0.0	2	0.9847054199934854	-17.7985229515753	138.0	22	1.05	0.95				
	209	1	67.18479458771928	13.820872029473682	0.0	0.0	2	1.0087070112654066	-11.899680300673786	138.0	23	1.05	0.95				
	210	1	74.86305682631578	15.356524477192982	0.0	0.0	2	1.0370607040147746	-13.223123175734049	138.0	23	1.05	0.95				
	211	1	0.0	0.0	0.0	0.0	2	0.9889301609178912	-9.159817987613133	230.0	23	1.05	0.95				
	212	1	0.0	0.0	0.0	0.0	2	0.9921196597471521	-7.281013774468608	230.0	23	1.05	0.95				
	213	2	101.73697466140351	20.731308044210525	0.0	0.0	2	0.9864961603770801	-7.545759605673076	230.0	24	1.05	0.95				
	214	2	74.47914371438596	14.972611365263159	0.0	0.0	2	0.9842235406920781	-7.013912786266089	230.0	26	1.05	0.95				
	215	2	121.70045648175439	24.57043916350877	0.0	0.0	2	0.9959697413262666	-0.5807624700273961	230.0	26	1.05	0.95				
	216	2	38.39131119298245	7.678262238596491	0.0	0.0	2	0.994164777065174	-1.5010863805536765	230.0	26	1.05	0.95				
	217	1	0.0	0.0	0.0	0.0	2	1.0026389735147938	0.29513534027336835	230.0	27	1.05	0.95				
	218	2	127.84306627263157	26.10609161122807	0.0	0.0	2	1.0028877037105213	-0.04521341177028962	230.0	27	1.05	0.95				
	219	1	69.48827325929824	14.204785141403505	0.0	0.0	2	0.9923799584896744	-1.716421020651658	230.0	25	1.05	0.95				
	220	1	49.14087832701754	9.981740910175438	0.0	0.0	2	0.9933893665833995	-1.1016744312108202	230.0	25	1.05	0.95				
	221	2	0.0	0.0	0.0	0.0	2	1.0051570132562004	0.5864191920631484	230.0	27	1.05	0.95				
	222	2	0.0	0.0	0.0	0.0	2	1.0235774757679965	7.183199893392579	230.0	27	1.05	0.95				
	223	2	0.0	0.0	0.0	0.0	2	0.9945446572192906	-0.44832426657590035	230.0	25	1.05	0.95				
	224	1	0.0	0.0	0.0	0.0	2	0.9856119739862643	-4.42978678445453	230.0	26	1.05	0.95				
	301	2	63.89117367157895	13.014868710877192	0.0	0.0	3	1.0055777563554813	21.441479489332583	138.0	31	1.05	0.95				
	302	2	57.38373931614035	11.831698828070175	0.0	0.0	3	1.00551539291502	21.346836084690025	138.0	32	1.05	0.95				
	303	1	106.48528945263156	21.888642831929822	0.0	0.0	3	1.0108447784735162	26.51357773960163	138.0	31	1.05	0.95				
	304	1	43.777285663859644	8.87377412105263	0.0	0.0	3	0.9991805803484382	23.40025715704845	138.0	31	1.05	0.95				
	305	1	42.00253083964912	8.282189179649123	0.0	0.0	3	1.013860778376358	23.12917361093482	138.0	31	1.05	0.95				
	306	1	80.45555203087719	16.564378359298246	0.0	-100.0	3	1.0265653742420908	23.404227022043756	138.0	32	1.05	0.95				
	307	2	73.94811767543858	14.789623535087717	0.0	0.0	3	0.9745687418459625	20.489139050089097	138.0	32	1.05	0.95				
	308	1	101.16102498	20.705472949122804	0.0	0.0	3	0.9884088183745618	23.163699340043923	138.0	32	1.05	0.95				
	309	1	103.52736474561401	21.297057890526315	0.0	0.0	3	1.015025284275823	27.55310487151517	138.0	33	1.05	0.95				
	310	1	115.3590635736842	23.66339765614035	0.0	0.0	3	1.0396701617131643	26.756954905981075	138.0	33	1.05	0.95				
	311	1	0.0	0.0	0.0	0.0	3	0.9977562467409861	32.32640264676994	230.0	33	1.05	0.95				
	312	1	0.0	0.0	0.0	0.0	3	1.0038300849426796	33.282565792115626	230.0	33	1.05	0.95				
	313	2	156.7700094719298	31.945586835789474	0.0	0.0	3	1.0116603684847645	39.747761487443704	230.0	34	1.05	0.95				
	314	2	114.7674786322807	23.07181271473684	0.0	0.0	3	0.9956231920483124	31.024905346054474	230.0	36	1.05	0.95				
	315	2	187.53242642491225	37.86143624982456	0.0	0.0	3	1.0043755129041851	24.698966524668524	230.0	36	1.05	0.95				
	316	2	59.15849414035087	11.831698828070175	0.0	0.0	3	0.9993309898350432	26.109487265339563	230.0	36	1.05	0.95				
	317	1	0.0	0.0	0.0	0.0	3	1.0092030265283467	25.681899030289355	230.0	37	1.05	0.95				
	318	2	196.9977854873684	40.22777601543859	0.0	0.0	3	1.0053216833993932	22.554542436905116	230.0	37	1.05	0.95				
	319	1	107.07687439403509	21.888642831929822	0.0	0.0	3	1.0048924345460215	28.36426543391534	230.0	35	1.05	0.95				
	320	1	75.72287249964911	15.381208476491226	0.0	0.0	3	1.0113719005063482	29.692128411807435	230.0	35	1.05	0.95				
	321	2	0.0	0.0	0.0	0.0	3	1.0116188473121182	23.90873127468501	230.0	37	1.05	0.95				
	322	2	0.0	0.0	0.0	0.0	3	1.0276174943253094	28.99784094782905	230.0	37	1.05	0.95				
	323	2	0.0	0.0	0.0	0.0	3	1.0142480044134394	29.903278748505564	230.0	35	1.05	0.95				
	324	1	0.0	0.0	0.0	0.0	3	1.0065029795647613	27.71531980498445	230.0	36	1.05	0.95				
