%% MATPOWER Case Format : Version 2
function mpc = RTS_GMLC
mpc.version = '2';

%%-----  Power Flow Data  -----%%
%% system MVA base
mpc.baseMVA = 100.0;
%% bus data
%    bus_i    type    Pd    Qd    Gs    Bs    area    Vm    Va    baseKV    zone    Vmax    Vmin
mpc.bus = [
	101	2	34.80207818021053	7.089312221894736	0.0	0.0	1	0.9912262772458307	-5.344794273960028	138.0	11	1.05	0.95				
	102	2	31.257422069263157	6.444829292631579	0.0	0.0	1	0.9910614112473631	-5.505621960753289	138.0	12	1.05	0.95				
	103	1	58.003463633684206	11.92293419136842	0.0	0.0	1	1.0227589124438201	0.7893200414590845	138.0	11	1.05	0.95				
	104	1	23.84586838273684	4.8336219694736835	0.0	0.0	1	1.0049735288506827	-4.815524342302209	138.0	11	1.05	0.95				
	105	1	22.879143988842106	4.511380504842105	0.0	0.0	1	1.016612833103276	-5.567526566160759	138.0	11	1.05	0.95				
	106	1	43.82483918989474	9.02276100968421	0.0	-100.0	1	1.0393526475367934	-6.116441952587917	138.0	12	1.05	0.95				
	107	2	40.28018307894737	8.056036615789473	0.0	0.0	1	0.988311235490312	-9.962041205997881	138.0	12	1.05	0.95				
	108	1	55.103290451999996	11.278451262105262	0.0	0.0	1	1.000522670357155	-8.352790668547295	138.0	12	1.05	0.95				
	109	1	56.392256310526314	11.600692726736842	0.0	0.0	1	1.0251547051766547	-2.9151319272897838	138.0	13	1.05	0.95				
	110	1	62.837085603157895	12.889658585263158	0.0	0.0	1	1.05	-4.7337554756463796	138.0	13	1.05	0.95				
	111	1	0.0	0.0	0.0	0.0	1	1.0146521312706995	0.027641956035029516	230.0	13	1.05	0.95				
	112	1	0.0	0.0	0.0	0.0	1	1.0112801160490272	-1.1575172672171723	230.0	13	1.05	0.95				
	113	3	85.39398812736842	17.401039090105265	0.0	0.0	1	0.9953599825026233	2.0285931438372915e-28	230.0	14	1.05	0.95				
	114	2	62.514844138526314	12.56741712063158	0.0	0.0	1	1.0385626979468179	3.860505496850156	230.0	16	1.05	0.95				
	115	2	102.15054428821051	20.62345373642105	0.0	0.0	1	1.0398302661373353	13.072052366679836	230.0	16	1.05	0.95				
	116	2	32.22414646315789	6.444829292631579	0.0	0.0	1	1.039607654070261	11.344123800455572	230.0	16	1.05	0.95				
	117	1	0.0	0.0	0.0	0.0	1	1.0389037414316586	17.237967741262853	230.0	17	1.05	0.95				
	118	2	107.30640772231578	21.91241959494737	0.0	0.0	1	1.0473220648180266	17.791493490816777	230.0	17	1.05	0.95				
	119	1	58.32570509831578	11.92293419136842	0.0	0.0	1	1.034469541544679	7.200578918412017	230.0	15	1.05	0.95				
	120	1	41.2469074728421	8.378278080421051	0.0	0.0	1	1.035615451684899	4.210611489266864	230.0	15	1.05	0.95				
	121	2	0.0	0.0	0.0	0.0	1	1.0398825410415415	19.155827016122718	230.0	17	1.05	0.95				
	122	2	0.0	0.0	0.0	0.0	1	1.05	37.144560280179526	230.0	17	1.05	0.95				
	123	2	0.0	0.0	0.0	0.0	1	1.0370159931178802	2.814038797122564	230.0	15	1.05	0.95				
	124	1	0.0	0.0	0.0	0.0	1	1.0180362710692188	8.497306105660028	230.0	16	1.05	0.95				
	201	2	37.365654020210535	7.611522115228071	0.0	0.0	2	1.0073973158877236	-14.66881303316137	138.0	21	1.05	0.95				
	202	2	33.55989296259649	6.919565559298246	0.0	0.0	2	1.006236804644433	-14.951434175845325	138.0	22	1.05	0.95				
	203	1	62.27609003368422	12.801196284701755	0.0	0.0	2	1.0129737940271861	-11.013491897921632	138.0	21	1.05	0.95				
	204	1	25.60239256940351	5.189674169473685	0.0	0.0	2	1.0101106952489187	-14.825569945342895	138.0	21	1.05	0.95				
	205	1	24.564457735508775	4.843695891508773	0.0	0.0	2	1.024573861898648	-15.22081931697118	138.0	21	1.05	0.95				
	206	1	47.05304580322808	9.687391783017546	0.0	-100.0	2	1.0423599863743267	-15.989339504532444	138.0	22	1.05	0.95				
	207	2	43.24728474561404	8.649456949122808	0.0	0.0	2	0.9907930059747478	-19.997886252381484	138.0	22	1.05	0.95				
	208	1	59.162285532000006	12.10923972877193	0.0	0.0	2	1.0007867766927254	-18.5135180779242	138.0	22	1.05	0.95				
	209	1	60.54619864385966	12.455218006736843	0.0	0.0	2	1.02258785368569	-13.277326575949658	138.0	23	1.05	0.95				
	210	1	67.4657642031579	13.839131118596493	0.0	0.0	2	1.05	-14.649593951059535	138.0	23	1.05	0.95				
	211	1	0.0	0.0	0.0	0.0	2	1.0039395694575841	-10.767618652478983	230.0	23	1.05	0.95				
	212	1	0.0	0.0	0.0	0.0	2	1.0119978773837128	-10.258349420876943	230.0	23	1.05	0.95				
	213	2	91.68424366070175	18.682827010105267	0.0	0.0	2	1.0015314142384981	-9.71145977118994	230.0	24	1.05	0.95				
	214	2	67.11978592519299	13.49315284063158	0.0	0.0	2	1.000549773519031	-8.362236320266172	230.0	26	1.05	0.95				
	215	2	109.6751141148772	22.14260978975439	0.0	0.0	2	1.0229782408091017	-2.1733463307039838	230.0	26	1.05	0.95				
	216	2	34.59782779649123	6.919565559298246	0.0	0.0	2	1.0256491889961876	-2.964209488787028	230.0	26	1.05	0.95				
	217	1	0.0	0.0	0.0	0.0	2	1.0318020150032254	-0.7791674892595934	230.0	27	1.05	0.95				
	218	2	115.21076656231581	23.52652290161404	0.0	0.0	2	1.0304314994882442	-1.1553816495509537	230.0	27	1.05	0.95				
	219	1	62.62206831164912	12.801196284701755	0.0	0.0	2	1.0319795095061337	-3.4691911159756623	230.0	25	1.05	0.95				
	220	1	44.28521957950878	8.995435227087722	0.0	0.0	2	1.039344907776569	-3.2333498622713317	230.0	25	1.05	0.95				
	221	2	0.0	0.0	0.0	0.0	2	1.031048786399461	-0.6976840409760933	230.0	27	1.05	0.95				
	222	2	0.0	0.0	0.0	0.0	2	1.0499999944736436	5.764169770558173	230.0	27	1.05	0.95				
	223	2	0.0	0.0	0.0	0.0	2	1.0435726697822278	-2.8461428378487987	230.0	25	1.05	0.95				
	224	1	0.0	0.0	0.0	0.0	2	1.008276278972865	-5.483070984799743	230.0	26	1.05	0.95				
	301	2	46.02214489263158	9.374881367017544	0.0	0.0	3	1.017386229443865	10.468119639015708	138.0	31	1.05	0.95				
	302	2	41.334704209122805	8.522619424561404	0.0	0.0	3	1.0151998233991995	10.1160447379803	138.0	32	1.05	0.95				
	303	1	76.70357482105263	15.766845935438594	0.0	0.0	3	1.05	25.699213192115323	138.0	31	1.05	0.95				
	304	1	31.53369187087719	6.391964568421052	0.0	0.0	3	1.0073008134956858	11.5273151587376	138.0	31	1.05	0.95				
	305	1	30.255298957192977	5.965833597192983	0.0	0.0	3	1.0239237205381078	8.81342448075821	138.0	31	1.05	0.95				
	306	1	57.95381208701754	11.931667194385966	0.0	-100.0	3	1.0348975290882472	7.365068798623205	138.0	32	1.05	0.95				
	307	2	53.26637140350877	10.653274280701753	0.0	0.0	3	0.95	3.9095721956653997	138.0	32	1.05	0.95				
	308	1	72.86839608	14.914583992982456	0.0	0.0	3	0.9695309676805233	5.775437280941424	138.0	32	1.05	0.95				
	309	1	74.57291996491227	15.340714964210525	0.0	0.0	3	1.0142269326075326	14.475226338635075	138.0	33	1.05	0.95				
	310	1	83.09553938947367	17.045238849122807	0.0	0.0	3	1.0408822884521496	8.525274956071545	138.0	33	1.05	0.95				
	311	1	0.0	0.0	0.0	0.0	3	1.0014937536768682	12.220435902331946	230.0	33	1.05	0.95				
	312	1	0.0	0.0	0.0	0.0	3	1.0062252003365162	12.253713801301224	230.0	33	1.05	0.95				
	313	2	112.92470737543859	23.01107244631579	0.0	0.0	3	0.9992555764074705	12.095572322671096	230.0	34	1.05	0.95				
	314	2	82.66940841824561	16.619107877894738	0.0	0.0	3	0.9987653589240367	13.155402321423955	230.0	36	1.05	0.95				
	315	2	135.08351787929826	27.272382158596493	0.0	0.0	3	1.05	17.468445231238206	230.0	36	1.05	0.95				
	316	2	42.61309712280701	8.522619424561404	0.0	0.0	3	1.035121777217979	16.958942996473592	230.0	36	1.05	0.95				
	317	1	0.0	0.0	0.0	0.0	3	1.05	21.617297743975953	230.0	37	1.05	0.95				
	318	2	141.90161341894736	28.97690604350877	0.0	0.0	3	1.0462933732343687	18.2092004590588	230.0	37	1.05	0.95				
	319	1	77.1297057922807	15.766845935438594	0.0	0.0	3	1.024339921221874	15.23252777295276	230.0	35	1.05	0.95				
	320	1	54.544764317192985	11.079405251929824	0.0	0.0	3	1.0183557114776471	14.54628875928422	230.0	35	1.05	0.95				
	321	2	0.0	0.0	0.0	0.0	3	1.0499991888333189	18.61992064851914	230.0	37	1.05	0.95				
	322	2	0.0	0.0	0.0	0.0	3	1.0499999871434447	24.14438729956492	230.0	37	1.05	0.95				
	323	2	0.0	0.0	0.0	0.0	3	1.0155802162547498	14.501435801440543	230.0	35	1.05	0.95				
	324	1	0.0	0.0	0.0	0.0	3	1.0472304113496589	20.6156781082363	230.0	36	1.05	0.95				
	325	1	0.0	0.0	0.0	0.0	3	1.0174067253332046	14.910805640355784	230.0	35	1.05	0.95				
];
