%% MATPOWER Case Format : Version 2
function mpc = RTS_GMLC
mpc.version = '2';

%%-----  Power Flow Data  -----%%
%% system MVA base
mpc.baseMVA = 100.0;
%% bus data
%    bus_i    type    Pd    Qd    Gs    Bs    area    Vm    Va    baseKV    zone    Vmax    Vmin
mpc.bus = [
	101	2	52.31667490105264	10.657100442807018	0.0	0.0	1	1.0333640801668316	1.5913392684187857	138.0	11	1.05	0.95				
	102	2	46.988124679649125	9.688273129824562	0.0	0.0	1	1.032935921748889	1.4676971945842874	138.0	12	1.05	0.95				
	103	1	87.19445816842105	17.92330529017544	0.0	0.0	1	1.0268960652643795	-0.9047185518431973	138.0	11	1.05	0.95				
	104	1	35.84661058035088	7.266204847368421	0.0	0.0	1	1.0206898451875002	-1.6641209346153079	138.0	11	1.05	0.95				
	105	1	34.393369610877194	6.781791190877194	0.0	0.0	1	1.0351566613092011	-1.4223678324240927	138.0	11	1.05	0.95				
	106	1	65.88025728280702	13.563582381754388	0.0	-100.0	1	1.0438814734368917	-3.5947850569621487	138.0	12	1.05	0.95				
	107	2	60.55170706140351	12.110341412280702	0.0	0.0	1	1.0184890843569159	-3.3316122318464307	138.0	12	1.05	0.95				
	108	1	82.83473526	16.954477977192983	0.0	0.0	1	1.0148613371832986	-4.5625257787396665	138.0	12	1.05	0.95				
	109	1	84.77238988596491	17.43889163368421	0.0	0.0	1	1.025586953932427	-2.264970955038284	138.0	13	1.05	0.95				
	110	1	94.46066301578946	19.376546259649125	0.0	0.0	1	1.05	-2.950335520334518	138.0	13	1.05	0.95				
	111	1	0.0	0.0	0.0	0.0	1	1.0045845123795876	-0.7290628673631588	230.0	13	1.05	0.95				
	112	1	0.0	0.0	0.0	0.0	1	1.0098672490632552	0.08707113310768637	230.0	13	1.05	0.95				
	113	3	128.36961897017545	26.15833745052632	0.0	0.0	1	0.9978596408807741	-5.705858360147028e-29	230.0	14	1.05	0.95				
	114	2	93.97624935929825	18.892132603157897	0.0	0.0	1	1.000126557776248	0.6356668794026274	230.0	16	1.05	0.95				
	115	2	153.5591291077193	31.002474015438597	0.0	0.0	1	1.0392590120591825	5.435311993847186	230.0	16	1.05	0.95				
	116	2	48.44136564912281	9.688273129824562	0.0	0.0	1	1.0348301342716864	5.396324292282733	230.0	16	1.05	0.95				
	117	1	0.0	0.0	0.0	0.0	1	1.0430463949660116	6.626981996827453	230.0	17	1.05	0.95				
	118	2	161.30974761157896	32.94012864140351	0.0	0.0	1	1.0455948621954432	6.395995250531065	230.0	17	1.05	0.95				
	119	1	87.67887182491229	17.92330529017544	0.0	0.0	1	1.0289575486448406	5.13243646106052	230.0	15	1.05	0.95				
	120	1	62.004948030877195	12.594755068771931	0.0	0.0	1	1.0273666809000253	5.841538611355971	230.0	15	1.05	0.95				
	121	2	0.0	0.0	0.0	0.0	1	1.05	6.980679154064262	230.0	17	1.05	0.95				
	122	2	0.0	0.0	0.0	0.0	1	1.05	13.352245792182261	230.0	17	1.05	0.95				
	123	2	0.0	0.0	0.0	0.0	1	1.0274992571479358	6.604205699819389	230.0	15	1.05	0.95				
	124	1	0.0	0.0	0.0	0.0	1	1.0260586460080137	3.0742069971351973	230.0	16	1.05	0.95				
	201	2	47.36156146105263	9.647725482807017	0.0	0.0	2	1.0301780473833837	-3.9354036647087036	138.0	21	1.05	0.95				
	202	2	42.53769871964912	8.770659529824561	0.0	0.0	2	1.0305093702662886	-3.9076698010626956	138.0	22	1.05	0.95				
	203	1	78.93593576842105	16.225720130175436	0.0	0.0	2	1.0240120023962838	-3.933225993732036	138.0	21	1.05	0.95				
	204	1	32.45144026035087	6.57799464736842	0.0	0.0	2	1.019735321134789	-6.38322863827242	138.0	21	1.05	0.95				
	205	1	31.13584133087719	6.139461670877193	0.0	0.0	2	1.034426044647146	-6.482249173347429	138.0	21	1.05	0.95				
	206	1	59.640484802807016	12.278923341754385	0.0	-100.0	2	1.0448406294335342	-8.3262457531023	138.0	22	1.05	0.95				
	207	2	54.8166220614035	10.9633244122807	0.0	0.0	2	0.9878094729211728	-14.992047209613128	138.0	22	1.05	0.95				
	208	1	74.98913897999999	15.34865417719298	0.0	0.0	2	0.9956092865460219	-13.018391818135235	138.0	22	1.05	0.95				
	209	1	76.7432708859649	15.78718715368421	0.0	0.0	2	1.0237304328033974	-6.620615529846432	138.0	23	1.05	0.95				
	210	1	85.51393041578946	17.541319059649123	0.0	0.0	2	1.05	-7.669357833818008	138.0	23	1.05	0.95				
	211	1	0.0	0.0	0.0	0.0	2	1.0054489996094262	-4.274978990654193	230.0	23	1.05	0.95				
	212	1	0.0	0.0	0.0	0.0	2	1.0108382246641434	-3.9573016760839548	230.0	23	1.05	0.95				
	213	2	116.21123877017543	23.680780730526315	0.0	0.0	2	0.9988122814126048	-3.714192530134279	230.0	24	1.05	0.95				
	214	2	85.07539743929824	17.10278608315789	0.0	0.0	2	1.0057352491932119	-1.7820326606170147	230.0	26	1.05	0.95				
	215	2	139.0149535477193	28.066110495438597	0.0	0.0	2	1.030336268766229	4.464333382080558	230.0	26	1.05	0.95				
	216	2	43.8532976491228	8.770659529824561	0.0	0.0	2	1.0318463237461795	4.324614122411824	230.0	26	1.05	0.95				
	217	1	0.0	0.0	0.0	0.0	2	1.0373302884268643	7.103198354935603	230.0	27	1.05	0.95				
	218	2	146.03148117157895	29.820242401403508	0.0	0.0	2	1.0394047539015496	7.804332893015258	230.0	27	1.05	0.95				
	219	1	79.37446874491228	16.225720130175436	0.0	0.0	2	1.031640358080697	3.0369536342853922	230.0	25	1.05	0.95				
	220	1	56.132220990877194	11.401857388771928	0.0	0.0	2	1.034658140060891	2.7668910101823507	230.0	25	1.05	0.95				
	221	2	0.0	0.0	0.0	0.0	2	1.0388468665216517	7.439586227856753	230.0	27	1.05	0.95				
	222	2	0.0	0.0	0.0	0.0	2	1.05	13.80845330767534	230.0	27	1.05	0.95				
	223	2	0.0	0.0	0.0	0.0	2	1.036859690879444	2.949566903097436	230.0	25	1.05	0.95				
	224	1	0.0	0.0	0.0	0.0	2	1.0174190317187382	1.308536474310502	230.0	26	1.05	0.95				
	301	2	58.0828851663158	11.831698830175439	0.0	0.0	3	1.007105879844035	-32.737192749247136	138.0	31	1.05	0.95				
	302	2	52.16703575122808	10.756089845614037	0.0	0.0	3	1.0065245778150445	-32.87841434227423	138.0	32	1.05	0.95				
	303	1	96.80480861052632	19.89876621438597	0.0	0.0	3	1.0217691716501294	-25.70419798800744	138.0	31	1.05	0.95				
	304	1	39.79753242877194	8.067067384210528	0.0	0.0	3	1.0075477464081977	-31.055644298267282	138.0	31	1.05	0.95				
	305	1	38.18411895192983	7.529262891929826	0.0	0.0	3	1.0212487701512796	-31.96709833158344	138.0	31	1.05	0.95				
	306	1	73.14141095017546	15.058525783859652	0.0	-100.0	3	1.036818219986152	-32.14692381311359	138.0	32	1.05	0.95				
	307	2	67.22556153508773	13.445112307017546	0.0	0.0	3	0.9924373632876878	-37.873785191124504	138.0	32	1.05	0.95				
	308	1	91.96456818	18.823157229824563	0.0	0.0	3	0.9948340579573254	-35.528569877054956	138.0	32	1.05	0.95				
	309	1	94.11578614912281	19.360961722105266	0.0	0.0	3	1.026662602370674	-27.37106612228736	138.0	33	1.05	0.95				
	310	1	104.87187599473687	21.512179691228074	0.0	0.0	3	1.05	-29.470054444123058	138.0	33	1.05	0.95				
	311	1	0.0	0.0	0.0	0.0	3	1.016567338148598	-22.338822961383126	230.0	33	1.05	0.95				
	312	1	0.0	0.0	0.0	0.0	3	1.0165402169316209	-21.84561383025889	230.0	33	1.05	0.95				
	313	2	142.51819045438597	29.0414425831579	0.0	0.0	3	1.023119245520632	-18.697125263735117	230.0	34	1.05	0.95				
	314	2	104.33407150245615	20.97437519894737	0.0	0.0	3	1.0273958148759068	-19.484955726168586	230.0	36	1.05	0.95				
	315	2	170.48402405298248	34.419487505964916	0.0	0.0	3	1.048278277658652	-12.552995703948719	230.0	36	1.05	0.95				
	316	2	53.78044922807018	10.756089845614037	0.0	0.0	3	1.0480126411997692	-12.253418657420783	230.0	36	1.05	0.95				
	317	1	0.0	0.0	0.0	0.0	3	1.0487468552712915	-9.495810273023029	230.0	37	1.05	0.95				
	318	2	179.0888959294737	36.57070547508773	0.0	0.0	3	1.0489197472566796	-8.848081574306887	230.0	37	1.05	0.95				
	319	1	97.34261310280704	19.89876621438597	0.0	0.0	3	1.0449203782046672	-13.516696443319622	230.0	35	1.05	0.95				
	320	1	68.83897501192983	13.982916799298248	0.0	0.0	3	1.0464543825565173	-13.607269662773316	230.0	35	1.05	0.95				
	321	2	0.0	0.0	0.0	0.0	3	1.05	-8.442945564620695	230.0	37	1.05	0.95				
	322	2	0.0	0.0	0.0	0.0	3	1.05	-3.080398026875094	230.0	37	1.05	0.95				
	323	2	0.0	0.0	0.0	0.0	3	1.0482805319571624	-13.261891690088468	230.0	35	1.05	0.95				
	324	1	0.0	0.0	0.0	0.0	3	1.0216321078046602	-17.41066345895384	230.0	36	1.05	0.95				
	325	1	0.0	0.0	0.0	0.0	3	1.0408400200071726	-11.617264611735635	230.0	35	1.05	0.95				
];
