%% MATPOWER Case Format : Version 2
function mpc = RTS_GMLC
mpc.version = '2';

%%-----  Power Flow Data  -----%%
%% system MVA base
mpc.baseMVA = 100.0;
%% bus data
%    bus_i    type    Pd    Qd    Gs    Bs    area    Vm    Va    baseKV    zone    Vmax    Vmin
mpc.bus = [
	101	2	37.393864423578954	7.617268678877194	0.0	0.0	1	1.003643485090629	-1.260935880513816	138.0	11	1.05	0.95				
	102	2	33.58523008414035	6.924789708070176	0.0	0.0	1	1.0021778068685285	-1.754182912214206	138.0	12	1.05	0.95				
	103	1	62.32310737263158	12.810860959929826	0.0	0.0	1	1.024172615045945	2.9882820455600223	138.0	11	1.05	0.95				
	104	1	25.621721919859652	5.193592281052632	0.0	0.0	1	1.0091340202098742	-2.5798538227829932	138.0	11	1.05	0.95				
	105	1	24.58300346364912	4.847352795649123	0.0	0.0	1	1.0224810585162765	-2.9351430932392724	138.0	11	1.05	0.95				
	106	1	47.0885700148772	9.694705591298247	0.0	-100.0	1	1.0410822419394994	-4.347594403428536	138.0	12	1.05	0.95				
	107	2	43.279935675438594	8.65598713508772	0.0	0.0	1	0.9801293233280602	-11.15073358160029	138.0	12	1.05	0.95				
	108	1	59.206952004	12.118381989122808	0.0	0.0	1	0.9935032170932456	-8.577450551493126	138.0	12	1.05	0.95				
	109	1	60.59190994561404	12.464621474526316	0.0	0.0	1	1.0239683100257908	-1.7944389223527193	138.0	13	1.05	0.95				
	110	1	67.51669965368421	13.849579416140353	0.0	0.0	1	1.05	-3.4701380897874317	138.0	13	1.05	0.95				
	111	1	0.0	0.0	0.0	0.0	1	1.0144924477136747	0.9120414813553639	230.0	13	1.05	0.95				
	112	1	0.0	0.0	0.0	0.0	1	1.0123207578754947	-0.5994954871605125	230.0	13	1.05	0.95				
	113	3	91.75346363192983	18.696932211789477	0.0	0.0	1	0.9910500112524541	-8.699287829550562e-31	230.0	14	1.05	0.95				
	114	2	67.1704601682807	13.503339930736843	0.0	0.0	1	1.0421317071710707	5.166572851418082	230.0	16	1.05	0.95				
	115	2	109.75791687291228	22.159327065824563	0.0	0.0	1	1.0396552844886389	15.628928543046312	230.0	16	1.05	0.95				
	116	2	34.62394854035088	6.924789708070176	0.0	0.0	1	1.0396290976926554	13.43337711384605	230.0	16	1.05	0.95				
	117	1	0.0	0.0	0.0	0.0	1	1.0385316559850823	20.011993032190727	230.0	17	1.05	0.95				
	118	2	115.29774863936844	23.5442850074386	0.0	0.0	1	1.0481471442471852	20.855001833382225	230.0	17	1.05	0.95				
	119	1	62.66934685803509	12.810860959929826	0.0	0.0	1	1.0374938186602207	8.406315860524467	230.0	15	1.05	0.95				
	120	1	44.318654131649126	9.002226620491228	0.0	0.0	1	1.0434455291831286	4.719220337442458	230.0	15	1.05	0.95				
	121	2	0.0	0.0	0.0	0.0	1	1.0422247837359515	22.537288838174938	230.0	17	1.05	0.95				
	122	2	0.0	0.0	0.0	0.0	1	1.05	40.507132950781696	230.0	17	1.05	0.95				
	123	2	0.0	0.0	0.0	0.0	1	1.0480914103085055	2.9667744842394472	230.0	15	1.05	0.95				
	124	1	0.0	0.0	0.0	0.0	1	1.0179621166432131	10.913429856503102	230.0	16	1.05	0.95				
	201	2	43.63859592000001	8.889343613333335	0.0	0.0	2	1.0122963466609582	-19.615063322082964	138.0	21	1.05	0.95				
	202	2	39.19392411333333	8.081221466666667	0.0	0.0	2	1.0114611859792386	-19.93413094487246	138.0	22	1.05	0.95				
	203	1	72.7309932	14.950259713333333	0.0	0.0	2	1.0102009427898655	-14.424492233584985	138.0	21	1.05	0.95				
	204	1	29.900519426666666	6.0609161	0.0	0.0	2	1.0105261088653112	-19.59832376048424	138.0	21	1.05	0.95				
	205	1	28.688336206666666	5.656855026666667	0.0	0.0	2	1.0262595526928497	-20.140722648653593	138.0	21	1.05	0.95				
	206	1	54.95230597333334	11.313710053333335	0.0	-100.0	2	1.04199136639661	-20.947748663007584	138.0	22	1.05	0.95				
	207	2	50.50763416666667	10.101526833333335	0.0	0.0	2	0.9945268949296425	-25.747674163640365	138.0	22	1.05	0.95				
	208	1	69.09444354	14.142137566666666	0.0	0.0	2	1.0003503521240231	-23.93087183962887	138.0	22	1.05	0.95				
	209	1	70.71068783333334	14.54619864	0.0	0.0	2	1.0213372691879403	-17.642727757005822	138.0	23	1.05	0.95				
	210	1	78.7919093	16.162442933333335	0.0	0.0	2	1.05	-19.36413530552724	138.0	23	1.05	0.95				
	211	1	0.0	0.0	0.0	0.0	2	1.0080974358340173	-14.791413541340688	230.0	23	1.05	0.95				
	212	1	0.0	0.0	0.0	0.0	2	1.0082426209153974	-14.277697462861916	230.0	23	1.05	0.95				
	213	2	107.07618443333334	21.819297960000004	0.0	0.0	2	1.0025940377036628	-13.682266202351975	230.0	24	1.05	0.95				
	214	2	78.38784822666666	15.75838186	0.0	0.0	2	1.0140066912731298	-11.974211915574163	230.0	26	1.05	0.95				
	215	2	128.08736024666666	25.859908693333335	0.0	0.0	2	1.027762001666979	-4.528976661703409	230.0	26	1.05	0.95				
	216	2	40.40610733333334	8.081221466666667	0.0	0.0	2	1.0302420176420017	-5.541868311246759	230.0	26	1.05	0.95				
	217	1	0.0	0.0	0.0	0.0	2	1.0367354657569916	-2.8934600332807716	230.0	27	1.05	0.95				
	218	2	134.55233742000001	27.47615298666667	0.0	0.0	2	1.0359320217521237	-3.4396662917839778	230.0	27	1.05	0.95				
	219	1	73.13505427333334	14.950259713333333	0.0	0.0	2	1.0280299757436853	-6.231625842749072	230.0	25	1.05	0.95				
	220	1	51.71981738666667	10.505587906666667	0.0	0.0	2	1.028712557634656	-6.044825852842873	230.0	25	1.05	0.95				
	221	2	0.0	0.0	0.0	0.0	2	1.035726638117305	-3.0013084131446806	230.0	27	1.05	0.95				
	222	2	0.0	0.0	0.0	0.0	2	1.05	3.5399227894849266	230.0	27	1.05	0.95				
	223	2	0.0	0.0	0.0	0.0	2	1.0295566223333652	-5.632003004846195	230.0	25	1.05	0.95				
	224	1	0.0	0.0	0.0	0.0	2	1.0089761019052337	-8.207603955895948	230.0	26	1.05	0.95				
	301	2	51.11293896	10.411894973333332	0.0	0.0	3	1.0207653062393707	11.17158939095273	138.0	31	1.05	0.95				
	302	2	45.90699147333333	9.465359066666668	0.0	0.0	3	1.0179580388602527	10.820412918540413	138.0	32	1.05	0.95				
	303	1	85.1882316	17.510914273333334	0.0	0.0	3	1.05	26.99192232051883	138.0	31	1.05	0.95				
	304	1	35.02182854666667	7.099019299999999	0.0	0.0	3	1.0082484281454345	12.44757762712291	138.0	31	1.05	0.95				
	305	1	33.60202468666667	6.625751346666667	0.0	0.0	3	1.0257898476901912	9.63524116288182	138.0	31	1.05	0.95				
	306	1	64.36444165333334	13.251502693333334	0.0	-100.0	3	1.035450298298874	8.213196439890268	138.0	32	1.05	0.95				
	307	2	59.158494166666664	11.831698833333332	0.0	0.0	3	0.95	4.13152826651282	138.0	32	1.05	0.95				
	308	1	80.92882001999999	16.564378366666666	0.0	0.0	3	0.9681177676666121	6.263958182737684	138.0	32	1.05	0.95				
	309	1	82.82189183333332	17.03764632	0.0	0.0	3	1.0157788412665594	15.7624353578608	138.0	33	1.05	0.95				
	310	1	92.28725089999999	18.930718133333336	0.0	0.0	3	1.0424046144963797	9.609443373449492	138.0	33	1.05	0.95				
	311	1	0.0	0.0	0.0	0.0	3	1.0045627136718955	13.807798078302325	230.0	33	1.05	0.95				
	312	1	0.0	0.0	0.0	0.0	3	1.0087576965651766	14.11690089032434	230.0	33	1.05	0.95				
	313	2	125.41600763333334	25.55646948	0.0	0.0	3	1.0040330983653738	14.783903451405504	230.0	34	1.05	0.95				
	314	2	91.81398294666666	18.457450180000002	0.0	0.0	3	1.0029029419369482	14.172122521536764	230.0	36	1.05	0.95				
	315	2	150.02594120666666	30.289149013333333	0.0	0.0	3	1.05	17.816794617961595	230.0	36	1.05	0.95				
	316	2	47.32679533333333	9.465359066666668	0.0	0.0	3	1.041849055728279	17.467317353654632	230.0	36	1.05	0.95				
	317	1	0.0	0.0	0.0	0.0	3	1.05	21.8385681933709	230.0	37	1.05	0.95				
	318	2	157.59822846	32.18222082666667	0.0	0.0	3	1.042342424518415	18.173602385964735	230.0	37	1.05	0.95				
	319	1	85.66149955333333	17.510914273333334	0.0	0.0	3	1.029647440591998	16.197484180549026	230.0	35	1.05	0.95				
	320	1	60.578298026666666	12.304966786666666	0.0	0.0	3	1.0226482663304308	15.994228719031875	230.0	35	1.05	0.95				
	321	2	0.0	0.0	0.0	0.0	3	1.0481901633625916	18.72151950824997	230.0	37	1.05	0.95				
	322	2	0.0	0.0	0.0	0.0	3	1.05	24.290860886185442	230.0	37	1.05	0.95				
	323	2	0.0	0.0	0.0	0.0	3	1.0195456278579555	16.250753702875112	230.0	35	1.05	0.95				
	324	1	0.0	0.0	0.0	0.0	3	1.0470599081998202	21.32367903536394	230.0	36	1.05	0.95				
	325	1	0.0	0.0	0.0	0.0	3	1.0207390096950961	16.796487180212207	230.0	35	1.05	0.95				
];
