%% MATPOWER Case Format : Version 2
function mpc = RTS_GMLC
mpc.version = '2';

%%-----  Power Flow Data  -----%%
%% system MVA base
mpc.baseMVA = 100.0;
%% bus data
%    bus_i    type    Pd    Qd    Gs    Bs    area    Vm    Va    baseKV    zone    Vmax    Vmin
mpc.bus = [
	101	2	80.30529439578949	16.358485895438598	0.0	0.0	1	1.031663004446189	-3.1355279198700963	138.0	11	1.05	0.95				
	102	2	72.12605144807019	14.87135081403509	0.0	0.0	1	1.031689159558156	-3.18811698127287	138.0	12	1.05	0.95				
	103	1	133.84215732631583	27.511999005964917	0.0	0.0	1	1.019754437380971	-3.7292385870836577	138.0	11	1.05	0.95				
	104	1	55.023998011929834	11.153513110526317	0.0	0.0	1	1.01591962730726	-5.947622598013817	138.0	11	1.05	0.95				
	105	1	52.79329538982457	10.409945569824563	0.0	0.0	1	1.0309600699468349	-5.980887718990993	138.0	11	1.05	0.95				
	106	1	101.12518553543862	20.819891139649126	0.0	-100.0	1	1.0362164619146095	-8.24907319459054	138.0	12	1.05	0.95				
	107	2	92.94594258771932	18.58918851754386	0.0	0.0	1	1.05	-4.7878269747591915	138.0	12	1.05	0.95				
	108	1	127.15004946000002	26.0248639245614	0.0	0.0	1	1.0258241077555317	-7.524486046586121	138.0	12	1.05	0.95				
	109	1	130.12431962280704	26.76843146526316	0.0	0.0	1	1.026850489457549	-5.192113089301754	138.0	13	1.05	0.95				
	110	1	144.99567043684212	29.74270162807018	0.0	0.0	1	1.05	-6.513256153995598	138.0	13	1.05	0.95				
	111	1	0.0	0.0	0.0	0.0	1	1.0136210060843636	-2.123275040643118	230.0	13	1.05	0.95				
	112	1	0.0	0.0	0.0	0.0	1	1.016285900492143	-1.1473224458252245	230.0	13	1.05	0.95				
	113	3	197.04539828596492	40.152647197894744	0.0	0.0	1	1.015982644000197	8.485574464396427e-29	230.0	14	1.05	0.95				
	114	2	144.25210289614037	28.99913408736842	0.0	0.0	1	1.015375464968015	-0.20603549703015714	230.0	16	1.05	0.95				
	115	2	235.71091040245616	47.588322604912285	0.0	0.0	1	1.0446699556724925	7.23159921322915	230.0	16	1.05	0.95				
	116	2	74.35675407017544	14.87135081403509	0.0	0.0	1	1.0427906118121555	6.982440819685998	230.0	16	1.05	0.95				
	117	1	0.0	0.0	0.0	0.0	1	1.0469399367691739	9.796256217425784	230.0	17	1.05	0.95				
	118	2	247.60799105368423	50.56259276771931	0.0	0.0	1	1.0489684192566961	10.349651163054128	230.0	17	1.05	0.95				
	119	1	134.58572486701757	27.511999005964917	0.0	0.0	1	1.037383996807733	5.957419109191594	230.0	15	1.05	0.95				
	120	1	95.17664520982457	19.332756058245618	0.0	0.0	1	1.0392765515283149	6.471712907378901	230.0	15	1.05	0.95				
	121	2	0.0	0.0	0.0	0.0	1	1.05	10.976535491987644	230.0	17	1.05	0.95				
	122	2	0.0	0.0	0.0	0.0	1	1.05	17.072695776270603	230.0	17	1.05	0.95				
	123	2	0.0	0.0	0.0	0.0	1	1.0424539763068907	7.302358756565731	230.0	15	1.05	0.95				
	124	1	0.0	0.0	0.0	0.0	1	1.0216235425292524	3.1823249781893357	230.0	16	1.05	0.95				
	201	2	87.02219425263158	17.72674327368421	0.0	0.0	2	1.0450816637862999	-11.970945067966463	138.0	21	1.05	0.95				
	202	2	78.15882261578948	16.115221157894737	0.0	0.0	2	1.0463784363169495	-12.048314141093593	138.0	22	1.05	0.95				
	203	1	145.03699042105262	29.81315914210526	0.0	0.0	2	1.0264254678529643	-8.901177570867311	138.0	21	1.05	0.95				
	204	1	59.62631828421052	12.086415868421053	0.0	0.0	2	1.0208242042050026	-14.013031501270417	138.0	21	1.05	0.95				
	205	1	57.209035110526315	11.280654810526316	0.0	0.0	2	1.037182963939266	-14.430715670585597	138.0	21	1.05	0.95				
	206	1	109.58350387368424	22.561309621052633	0.0	-100.0	2	1.0382174451430586	-16.555623888618893	138.0	22	1.05	0.95				
	207	2	100.7201322368421	20.14402644736842	0.0	0.0	2	0.95	-28.343369507532977	138.0	22	1.05	0.95				
	208	1	137.78514090000002	28.20163702631579	0.0	0.0	2	0.9561367803356247	-24.507858338072033	138.0	22	1.05	0.95				
	209	1	141.00818513157895	29.00739808421052	0.0	0.0	2	1.0256127908900492	-12.391385899850384	138.0	23	1.05	0.95				
	210	1	157.12340628947368	32.230442315789475	0.0	0.0	2	1.05	-14.42248098164869	138.0	23	1.05	0.95				
	211	1	0.0	0.0	0.0	0.0	2	1.0322424243420094	-7.19759269146631	230.0	23	1.05	0.95				
	212	1	0.0	0.0	0.0	0.0	2	1.0237809674210578	-5.900956853997869	230.0	23	1.05	0.95				
	213	2	213.52668034210524	43.51109712631579	0.0	0.0	2	1.05	-3.222224987876273	230.0	24	1.05	0.95				
	214	2	156.31764523157895	31.424681257894736	0.0	0.0	2	1.05	-4.746086902873848	230.0	26	1.05	0.95				
	215	2	255.42625535263159	51.568707705263165	0.0	0.0	2	1.0448771162004833	3.8509531221757816	230.0	26	1.05	0.95				
	216	2	80.57610578947369	16.115221157894737	0.0	0.0	2	1.0491942008500987	3.705461621091201	230.0	26	1.05	0.95				
	217	1	0.0	0.0	0.0	0.0	2	1.0493432220327972	6.8871134267166685	230.0	27	1.05	0.95				
	218	2	268.31843227894734	54.79175193684212	0.0	0.0	2	1.05	7.586918099716331	230.0	27	1.05	0.95				
	219	1	145.84275147894738	29.81315914210526	0.0	0.0	2	1.0436444225089516	3.198600970678814	230.0	25	1.05	0.95				
	220	1	103.13741541052633	20.94978750526316	0.0	0.0	2	1.0460440947587082	4.262601993969689	230.0	25	1.05	0.95				
	221	2	0.0	0.0	0.0	0.0	2	1.05	8.066069706692275	230.0	27	1.05	0.95				
	222	2	0.0	0.0	0.0	0.0	2	1.05	14.115414213422776	230.0	27	1.05	0.95				
	223	2	0.0	0.0	0.0	0.0	2	1.05	5.430730794835018	230.0	25	1.05	0.95				
	224	1	0.0	0.0	0.0	0.0	2	1.02184382298008	-0.8935712158383337	230.0	26	1.05	0.95				
	301	2	57.416640290526324	11.69598228140351	0.0	0.0	3	1.009371110127601	-14.841080247379058	138.0	31	1.05	0.95				
	302	2	51.568649149824566	10.632711164912282	0.0	0.0	3	1.0085633225371917	-15.012384780758023	138.0	32	1.05	0.95				
	303	1	95.69440048421053	19.67051565508772	0.0	0.0	3	1.0319451843315022	-6.890295179555297	138.0	31	1.05	0.95				
	304	1	39.34103131017544	7.97453337368421	0.0	0.0	3	1.009288546457366	-13.289061094579779	138.0	31	1.05	0.95				
	305	1	37.74612463543859	7.442897815438597	0.0	0.0	3	1.0226314301977546	-14.328702140557946	138.0	31	1.05	0.95				
	306	1	72.30243592140351	14.885795630877194	0.0	-100.0	3	1.0375464222558237	-14.646985496268083	138.0	32	1.05	0.95				
	307	2	66.45444478070175	13.290888956140352	0.0	0.0	3	1.0081980953460918	-14.951736231789992	138.0	32	1.05	0.95				
	308	1	90.90968046	18.60724453859649	0.0	0.0	3	1.007228285889518	-14.920547003951446	138.0	32	1.05	0.95				
	309	1	93.03622269298246	19.138880096842104	0.0	0.0	3	1.027738255423523	-9.71397858599577	138.0	33	1.05	0.95				
	310	1	103.66893385789473	21.265422329824563	0.0	0.0	3	1.05	-12.108444781941577	138.0	33	1.05	0.95				
	311	1	0.0	0.0	0.0	0.0	3	1.0119816822963177	-6.149408520835061	230.0	33	1.05	0.95				
	312	1	0.0	0.0	0.0	0.0	3	1.0137554219748761	-5.438692264591462	230.0	33	1.05	0.95				
	313	2	140.8834229350877	28.708320145263162	0.0	0.0	3	1.015284353123844	-2.212964477705608	230.0	34	1.05	0.95				
	314	2	103.13729829964913	20.73378677157895	0.0	0.0	3	1.015506620160416	-4.768305953938689	230.0	36	1.05	0.95				
	315	2	168.52847196385966	34.0246757277193	0.0	0.0	3	1.041570487308483	0.8385247308358703	230.0	36	1.05	0.95				
	316	2	53.163555824561406	10.632711164912282	0.0	0.0	3	1.0382007687481414	0.39585318357359844	230.0	36	1.05	0.95				
	317	1	0.0	0.0	0.0	0.0	3	1.0437082540917069	2.689274614533522	230.0	37	1.05	0.95				
	318	2	177.0346408957895	36.15121796070176	0.0	0.0	3	1.0453726660466387	2.997205593988486	230.0	37	1.05	0.95				
	319	1	96.22603604245614	19.67051565508772	0.0	0.0	3	1.032976312377005	-0.3063370643083265	230.0	35	1.05	0.95				
	320	1	68.0493514554386	13.822524514385965	0.0	0.0	3	1.032505992285006	0.1016634653855693	230.0	35	1.05	0.95				
	321	2	0.0	0.0	0.0	0.0	3	1.0481843727674645	4.188180937891853	230.0	37	1.05	0.95				
	322	2	0.0	0.0	0.0	0.0	3	1.05	9.371283361970178	230.0	37	1.05	0.95				
	323	2	0.0	0.0	0.0	0.0	3	1.0333645486470173	0.7283682999380865	230.0	35	1.05	0.95				
	324	1	0.0	0.0	0.0	0.0	3	1.0280106817279153	-2.0543595402390697	230.0	36	1.05	0.95				
	325	1	0.0	0.0	0.0	0.0	3	1.032564990843134	1.5975439280563528	230.0	35	1.05	0.95				
];
