%% MATPOWER Case Format : Version 2
function mpc = RTS_GMLC
mpc.version = '2';

%%-----  Power Flow Data  -----%%
%% system MVA base
mpc.baseMVA = 100.0;
%% bus data
%    bus_i    type    Pd    Qd    Gs    Bs    area    Vm    Va    baseKV    zone    Vmax    Vmin
mpc.bus = [
	101	2	42.964868880000004	8.75210292	0.0	0.0	1	1.0330743120978214	2.1391232332855448	138.0	11	1.05	0.95				
	102	2	38.58881742	7.9564572	0.0	0.0	1	1.0321462333659144	1.8714105723421144	138.0	12	1.05	0.95				
	103	1	71.6081148	14.719445819999999	0.0	0.0	1	1.0303324311478412	0.8879724413047819	138.0	11	1.05	0.95				
	104	1	29.438891639999998	5.9673429	0.0	0.0	1	1.0215052378346825	-1.125491677440161	138.0	11	1.05	0.95				
	105	1	28.245423059999997	5.5695200400000004	0.0	0.0	1	1.03607291403193	-0.9385595390900462	138.0	11	1.05	0.95				
	106	1	54.103908960000005	11.139040080000001	0.0	-100.0	1	1.0460978375459997	-3.113027400460155	138.0	12	1.05	0.95				
	107	2	49.7278575	9.9455715	0.0	0.0	1	1.0002617871509898	-8.97765353988195	138.0	12	1.05	0.95				
	108	1	68.02770905999999	13.9238001	0.0	0.0	1	1.0049558741309246	-7.414961736537154	138.0	12	1.05	0.95				
	109	1	69.6190005	14.32162296	0.0	0.0	1	1.0246292613776564	-1.9609111559695833	138.0	13	1.05	0.95				
	110	1	77.5754577	15.9129144	0.0	0.0	1	1.05	-2.8026660448572085	138.0	13	1.05	0.95				
	111	1	0.0	0.0	0.0	0.0	1	1.0030764755035817	-0.1093071613657528	230.0	13	1.05	0.95				
	112	1	0.0	0.0	0.0	0.0	1	1.0076361143871833	-0.29318563493555816	230.0	13	1.05	0.95				
	113	3	105.42305789999999	21.482434440000002	0.0	0.0	1	0.9938757727735789	5.4333931774487146e-30	230.0	14	1.05	0.95				
	114	2	77.17763484	15.51509154	0.0	0.0	1	1.001078120228416	2.20071655526884	230.0	16	1.05	0.95				
	115	2	126.10984662	25.460663039999996	0.0	0.0	1	1.0392812127816151	8.551271545134952	230.0	16	1.05	0.95				
	116	2	39.782286	7.9564572	0.0	0.0	1	1.0350291567304262	7.719964934704588	230.0	16	1.05	0.95				
	117	1	0.0	0.0	0.0	0.0	1	1.0414494471772966	11.364450565159657	230.0	17	1.05	0.95				
	118	2	132.47501238	27.051954480000003	0.0	0.0	1	1.046931845935735	11.595686328688185	230.0	17	1.05	0.95				
	119	1	72.00593766	14.719445819999999	0.0	0.0	1	1.0252221407996398	5.572233651238209	230.0	15	1.05	0.95				
	120	1	50.92132607999999	10.343394360000001	0.0	0.0	1	1.0201272730680702	4.460948381266788	230.0	15	1.05	0.95				
	121	2	0.0	0.0	0.0	0.0	1	1.05	12.738287380741575	230.0	17	1.05	0.95				
	122	2	0.0	0.0	0.0	0.0	1	1.05	24.343994474861542	230.0	17	1.05	0.95				
	123	2	0.0	0.0	0.0	0.0	1	1.0177357828079099	4.1577893979252645	230.0	15	1.05	0.95				
	124	1	0.0	0.0	0.0	0.0	1	1.0260650662644313	5.680988101033108	230.0	16	1.05	0.95				
	201	2	42.924602538947376	8.743900517192984	0.0	0.0	2	1.0197150324693167	-10.675350401175187	138.0	21	1.05	0.95				
	202	2	38.55265228035088	7.94900047017544	0.0	0.0	2	1.0197546719646198	-10.713493019304206	138.0	22	1.05	0.95				
	203	1	71.54100423157895	14.705650869824563	0.0	0.0	2	1.0160376486194935	-8.633362665756808	138.0	21	1.05	0.95				
	204	1	29.411301739649126	5.961750352631579	0.0	0.0	2	1.0154163998329169	-11.40702588844889	138.0	21	1.05	0.95				
	205	1	28.218951669122806	5.564300329122808	0.0	0.0	2	1.030138760787148	-11.727240408966976	138.0	21	1.05	0.95				
	206	1	54.05320319719299	11.128600658245617	0.0	-100.0	2	1.0440750569977997	-12.74510325533631	138.0	22	1.05	0.95				
	207	2	49.681252938596494	9.936250587719298	0.0	0.0	2	0.9944986906833571	-18.007087023737785	138.0	22	1.05	0.95				
	208	1	67.96395402	13.910750822807017	0.0	0.0	2	1.0009447517667245	-16.232027632444346	138.0	22	1.05	0.95				
	209	1	69.55375411403509	14.308200846315792	0.0	0.0	2	1.022761928866287	-10.326884637684143	138.0	23	1.05	0.95				
	210	1	77.50275458421054	15.89800094035088	0.0	0.0	2	1.05	-11.508861329042999	138.0	23	1.05	0.95				
	211	1	0.0	0.0	0.0	0.0	2	1.0042580344275134	-7.621800225785777	230.0	23	1.05	0.95				
	212	1	0.0	0.0	0.0	0.0	2	1.0071563665677776	-6.781841678389586	230.0	23	1.05	0.95				
	213	2	105.32425622982457	21.462301269473688	0.0	0.0	2	0.9992763276771163	-6.286286248284777	230.0	24	1.05	0.95				
	214	2	77.10530456070175	15.500550916842107	0.0	0.0	2	1.0036070732105957	-5.36625274891618	230.0	26	1.05	0.95				
	215	2	125.99165745228072	25.43680150456141	0.0	0.0	2	1.0200147967606492	0.2963742322382711	230.0	26	1.05	0.95				
	216	2	39.74500235087719	7.94900047017544	0.0	0.0	2	1.0213958017983493	0.2365559647598588	230.0	26	1.05	0.95				
	217	1	0.0	0.0	0.0	0.0	2	1.026123120647414	1.7636406237233113	230.0	27	1.05	0.95				
	218	2	132.35085782842106	27.026601598596496	0.0	0.0	2	1.0253688497492004	1.2728139345396199	230.0	27	1.05	0.95				
	219	1	71.93845425508772	14.705650869824563	0.0	0.0	2	1.022299273854799	0.2959129862055378	230.0	25	1.05	0.95				
	220	1	50.87360300912282	10.333700611228071	0.0	0.0	2	1.025626598510773	1.1290255618328162	230.0	25	1.05	0.95				
	221	2	0.0	0.0	0.0	0.0	2	1.0271923621333643	1.7523558858138588	230.0	27	1.05	0.95				
	222	2	0.0	0.0	0.0	0.0	2	1.0491465849046726	8.257572734063556	230.0	27	1.05	0.95				
	223	2	0.0	0.0	0.0	0.0	2	1.0280980328706808	1.890833259502077	230.0	25	1.05	0.95				
	224	1	0.0	0.0	0.0	0.0	2	1.0075048778955402	-3.0684235688856485	230.0	26	1.05	0.95				
	301	2	44.7238215663158	9.110408096842106	0.0	0.0	3	1.0099261906343002	-10.86816045664255	138.0	31	1.05	0.95				
	302	2	40.16861751789474	8.28218917894737	0.0	0.0	3	1.009709868613871	-11.06540450501417	138.0	32	1.05	0.95				
	303	1	74.53970261052632	15.322049981052633	0.0	0.0	3	1.0370431869836092	-2.8962455797326445	138.0	31	1.05	0.95				
	304	1	30.644099962105265	6.211641884210526	0.0	0.0	3	1.0119513742930355	-9.894734540794824	138.0	31	1.05	0.95				
	305	1	29.40177158526316	5.797532425263159	0.0	0.0	3	1.0248431408674281	-10.955019697639194	138.0	31	1.05	0.95				
	306	1	56.31888641684212	11.595064850526319	0.0	-100.0	3	1.0413034603734483	-11.507267116599389	138.0	32	1.05	0.95				
	307	2	51.76368236842106	10.352736473684212	0.0	0.0	3	0.9915029270140325	-15.837554804388455	138.0	32	1.05	0.95				
	308	1	70.81271748	14.493831063157895	0.0	0.0	3	0.9992518273435604	-13.994339696059939	138.0	32	1.05	0.95				
	309	1	72.46915531578948	14.907940522105264	0.0	0.0	3	1.0263565427392518	-7.2378970386579615	138.0	33	1.05	0.95				
	310	1	80.75134449473684	16.56437835789474	0.0	0.0	3	1.05	-9.70661663300115	138.0	33	1.05	0.95				
	311	1	0.0	0.0	0.0	0.0	3	1.006692403120945	-4.803091098949347	230.0	33	1.05	0.95				
	312	1	0.0	0.0	0.0	0.0	3	1.011657941922047	-4.235938232805603	230.0	33	1.05	0.95				
	313	2	109.73900662105262	22.3619107831579	0.0	0.0	3	1.0096049644091842	-1.5938554987235065	230.0	34	1.05	0.95				
	314	2	80.33723503578948	16.15026889894737	0.0	0.0	3	1.0017640676820547	-3.8200132300652956	230.0	36	1.05	0.95				
	315	2	131.2726984863158	26.503005372631584	0.0	0.0	3	1.0303911045449554	-0.11895578200164703	230.0	36	1.05	0.95				
	316	2	41.41094589473685	8.28218917894737	0.0	0.0	3	1.028303992685498	0.022099014387107273	230.0	36	1.05	0.95				
	317	1	0.0	0.0	0.0	0.0	3	1.0383948548023894	3.2943837182096587	230.0	37	1.05	0.95				
	318	2	137.8984498294737	28.15944320842106	0.0	0.0	3	1.035751876996472	2.0714319681015474	230.0	37	1.05	0.95				
	319	1	74.95381206947368	15.322049981052633	0.0	0.0	3	1.0236409643141722	-0.4918284499308285	230.0	35	1.05	0.95				
	320	1	53.00601074526317	10.76684593263158	0.0	0.0	3	1.022311889716033	-0.1270189639384191	230.0	35	1.05	0.95				
	321	2	0.0	0.0	0.0	0.0	3	1.036212956963785	1.9197032559028337	230.0	37	1.05	0.95				
	322	2	0.0	0.0	0.0	0.0	3	1.0499999786915903	6.767921204036593	230.0	37	1.05	0.95				
	323	2	0.0	0.0	0.0	0.0	3	1.022159676358714	0.39658522304555	230.0	35	1.05	0.95				
	324	1	0.0	0.0	0.0	0.0	3	1.0272838995791178	-1.1762528635798448	230.0	36	1.05	0.95				
	325	1	0.0	0.0	0.0	0.0	3	1.0213583464755058	1.454365404293745	230.0	35	1.05	0.95				
];
