%% MATPOWER Case Format : Version 2
function mpc = RTS_GMLC
mpc.version = '2';

%%-----  Power Flow Data  -----%%
%% system MVA base
mpc.baseMVA = 100.0;
%% bus data
%    bus_i    type    Pd    Qd    Gs    Bs    area    Vm    Va    baseKV    zone    Vmax    Vmin
mpc.bus = [
	101	2	46.224641254736845	9.416130625964913	0.0	0.0	1	1.0390066771794046	1.2650495295126953	138.0	11	1.05	0.95				
	102	2	41.51657594175438	8.560118750877194	0.0	0.0	1	1.0364508545756568	0.6006397832964327	138.0	12	1.05	0.95				
	103	1	77.04106875789473	15.836219689122805	0.0	0.0	1	1.0308631933462202	-0.277498616612164	138.0	11	1.05	0.95				
	104	1	31.67243937824561	6.420089063157894	0.0	0.0	1	1.0254378399137116	-1.84599897206703	138.0	11	1.05	0.95				
	105	1	30.38842156561403	5.992083125614036	0.0	0.0	1	1.0385632431486242	-2.004210125847048	138.0	11	1.05	0.95				
	106	1	58.20880750596491	11.984166251228071	0.0	-100.0	1	1.0463134677445936	-4.409133171804693	138.0	12	1.05	0.95				
	107	2	53.50074219298245	10.700148438596491	0.0	0.0	1	1.001251359510799	-9.589694772177223	138.0	12	1.05	0.95				
	108	1	73.18901532	14.980207814035085	0.0	0.0	1	1.0049078453666163	-8.349267694112095	138.0	12	1.05	0.95				
	109	1	74.90103907017543	15.408213751578945	0.0	0.0	1	1.0247274660283394	-3.0353805928052404	138.0	13	1.05	0.95				
	110	1	83.46115782105262	17.12023750175439	0.0	0.0	1	1.05	-3.9909621491479066	138.0	13	1.05	0.95				
	111	1	0.0	0.0	0.0	0.0	1	1.002727217992973	-1.2424851176206009	230.0	13	1.05	0.95				
	112	1	0.0	0.0	0.0	0.0	1	1.0070419830794515	-1.390986828975609	230.0	13	1.05	0.95				
	113	3	113.4215734491228	23.112320627368423	0.0	0.0	1	0.9954172572374985	9.433653621793885e-30	230.0	14	1.05	0.95				
	114	2	83.03315188350876	16.692231564210527	0.0	0.0	1	0.9984446300308093	0.08626420177143576	230.0	16	1.05	0.95				
	115	2	135.6778822014035	27.392380002807016	0.0	0.0	1	1.0333604243637353	5.47108679095066	230.0	16	1.05	0.95				
	116	2	42.800593754385964	8.560118750877194	0.0	0.0	1	1.0283388981501362	4.487430414735158	230.0	16	1.05	0.95				
	117	1	0.0	0.0	0.0	0.0	1	1.0372202523753968	7.720312028006004	230.0	17	1.05	0.95				
	118	2	142.52597720210528	29.104403752982456	0.0	0.0	1	1.0410790219490793	8.376147591015679	230.0	17	1.05	0.95				
	119	1	77.4690746954386	15.836219689122805	0.0	0.0	1	1.0182373041145103	2.509765255664007	230.0	15	1.05	0.95				
	120	1	54.78476000561403	11.128154376140351	0.0	0.0	1	1.0125324755598863	1.3143975171751539	230.0	15	1.05	0.95				
	121	2	0.0	0.0	0.0	0.0	1	1.044214505513551	9.689322648092018	230.0	17	1.05	0.95				
	122	2	0.0	0.0	0.0	0.0	1	1.05	15.747747230925222	230.0	17	1.05	0.95				
	123	2	0.0	0.0	0.0	0.0	1	1.0099815099355685	0.9920063433735253	230.0	15	1.05	0.95				
	124	1	0.0	0.0	0.0	0.0	1	1.0244604400593256	3.3056290326141142	230.0	16	1.05	0.95				
	201	2	44.182590896842115	9.000157404912281	0.0	0.0	2	1.0152973629601476	-10.599612101196902	138.0	21	1.05	0.95				
	202	2	39.682512194385964	8.181961277192984	0.0	0.0	2	1.0144588568912682	-10.839469494361275	138.0	22	1.05	0.95				
	203	1	73.63765149473684	15.136628362807016	0.0	0.0	2	1.0146209476782753	-7.9654788015246005	138.0	21	1.05	0.95				
	204	1	30.273256725614033	6.136470957894737	0.0	0.0	2	1.0129514713425363	-10.251505498983867	138.0	21	1.05	0.95				
	205	1	29.045962534035084	5.7273728940350885	0.0	0.0	2	1.027642323359448	-10.574392344407622	138.0	21	1.05	0.95				
	206	1	55.637336684912285	11.454745788070177	0.0	-100.0	2	1.0426169114492096	-11.072380590384382	138.0	22	1.05	0.95				
	207	2	51.13725798245614	10.227451596491228	0.0	0.0	2	0.9978364445637178	-15.995665928422033	138.0	22	1.05	0.95				
	208	1	69.95576892000001	14.31843223508772	0.0	0.0	2	1.0025861333374062	-14.149305411288331	138.0	22	1.05	0.95				
	209	1	71.59216117543859	14.72753029894737	0.0	0.0	2	1.0235992249227457	-8.07815986037545	138.0	23	1.05	0.95				
	210	1	79.77412245263157	16.36392255438597	0.0	0.0	2	1.05	-9.233056739477579	138.0	23	1.05	0.95				
	211	1	0.0	0.0	0.0	0.0	2	1.0032380151615647	-5.700978645817789	230.0	23	1.05	0.95				
	212	1	0.0	0.0	0.0	0.0	2	1.009237364217763	-2.0208851607070772	230.0	23	1.05	0.95				
	213	2	108.41098692280701	22.091295448421057	0.0	0.0	2	0.9976057966985323	-3.8261735827559864	230.0	24	1.05	0.95				
	214	2	79.36502438877193	15.954824490526317	0.0	0.0	2	1.0006474668081422	-4.24278030383113	230.0	26	1.05	0.95				
	215	2	129.68408624350877	26.18227608701755	0.0	0.0	2	1.0175885620578886	0.7579344408713586	230.0	26	1.05	0.95				
	216	2	40.90980638596491	8.181961277192984	0.0	0.0	2	1.0167416189300325	0.34260804585805005	230.0	26	1.05	0.95				
	217	1	0.0	0.0	0.0	0.0	2	1.0216252592340707	1.354550889812969	230.0	27	1.05	0.95				
	218	2	136.22965526526315	27.818668342456142	0.0	0.0	2	1.0212226111770353	1.0625627962570439	230.0	27	1.05	0.95				
	219	1	74.04674955859649	15.136628362807016	0.0	0.0	2	1.0148711342046273	-0.010200370793687269	230.0	25	1.05	0.95				
	220	1	52.3645521740351	10.636549660350877	0.0	0.0	2	1.015956886974991	0.49981179935360326	230.0	25	1.05	0.95				
	221	2	0.0	0.0	0.0	0.0	2	1.0235365097277247	1.760199322056095	230.0	27	1.05	0.95				
	222	2	0.0	0.0	0.0	0.0	2	1.0452156398321995	8.151649203167072	230.0	27	1.05	0.95				
	223	2	0.0	0.0	0.0	0.0	2	1.0171718005614554	1.101281954130653	230.0	25	1.05	0.95				
	224	1	0.0	0.0	0.0	0.0	2	1.0057096230443598	-2.5323856873463777	230.0	26	1.05	0.95				
	301	2	71.25403354105264	14.514710536140353	0.0	0.0	3	1.0031387844192914	-8.71183578040203	138.0	31	1.05	0.95				
	302	2	63.99667827298246	13.195191396491229	0.0	0.0	3	1.002882385250566	-8.801335850369242	138.0	32	1.05	0.95				
	303	1	118.75672256842105	24.41110408350877	0.0	0.0	3	1.0179424540259148	-3.2332215354917997	138.0	31	1.05	0.95				
	304	1	48.82220816701754	9.89639354736842	0.0	0.0	3	1.0033996797149423	-6.407338349769118	138.0	31	1.05	0.95				
	305	1	46.84292945754386	9.23663397754386	0.0	0.0	3	1.0166165784445353	-6.969063703966701	138.0	31	1.05	0.95				
	306	1	89.72730149614036	18.47326795508772	0.0	-100.0	3	1.031891840345509	-6.71837982895057	138.0	32	1.05	0.95				
	307	2	82.46994622807019	16.493989245614035	0.0	0.0	3	0.9946390760189782	-12.588830751507661	138.0	32	1.05	0.95				
	308	1	112.81888644	23.091584943859647	0.0	0.0	3	0.99664078254263	-9.487788435946364	138.0	32	1.05	0.95				
	309	1	115.45792471929826	23.75134451368421	0.0	0.0	3	1.0280551715971211	-1.771882590688562	138.0	33	1.05	0.95				
	310	1	128.65311611578946	26.390382792982457	0.0	0.0	3	1.05	-3.114925672528635	138.0	33	1.05	0.95				
	311	1	0.0	0.0	0.0	0.0	3	1.0186181811090949	4.038095924073733	230.0	33	1.05	0.95				
	312	1	0.0	0.0	0.0	0.0	3	1.0213979862166536	5.067858661486862	230.0	33	1.05	0.95				
	313	2	174.83628600350877	35.62701677052632	0.0	0.0	3	1.0401696695807723	10.960538832721998	230.0	34	1.05	0.95				
	314	2	127.99335654596491	25.730623223157895	0.0	0.0	3	1.0229080764816414	4.3254153524232635	230.0	36	1.05	0.95				
	315	2	209.14378363438595	42.22461246877193	0.0	0.0	3	1.033969494425504	2.5534783249233772	230.0	36	1.05	0.95				
	316	2	65.97595698245614	13.195191396491229	0.0	0.0	3	1.034416006733611	3.6150159682047427	230.0	36	1.05	0.95				
	317	1	0.0	0.0	0.0	0.0	3	1.0407902659345865	5.535434728351512	230.0	37	1.05	0.95				
	318	2	219.69993675157897	44.86365074807018	0.0	0.0	3	1.0361256838207067	3.7558919013818355	230.0	37	1.05	0.95				
	319	1	119.41648213824563	24.41110408350877	0.0	0.0	3	1.0332102488061032	5.149589773090406	230.0	35	1.05	0.95				
	320	1	84.44922493754386	17.153748815438597	0.0	0.0	3	1.0349704960117911	6.403851422994113	230.0	35	1.05	0.95				
	321	2	0.0	0.0	0.0	0.0	3	1.0374628612656671	3.955529233696287	230.0	37	1.05	0.95				
	322	2	0.0	0.0	0.0	0.0	3	1.0499999994731668	8.890192150295793	230.0	37	1.05	0.95				
	323	2	0.0	0.0	0.0	0.0	3	1.0363209514465774	6.96783749355231	230.0	35	1.05	0.95				
	324	1	0.0	0.0	0.0	0.0	3	1.0224319105964905	2.262406185227319	230.0	36	1.05	0.95				
	325	1	0.0	0.0	0.0	0.0	3	1.0372901343412237	7.200638958552944	230.0	35	1.05	0.95				
];
