%% MATPOWER Case Format : Version 2
function mpc = RTS_GMLC
mpc.version = '2';

%%-----  Power Flow Data  -----%%
%% system MVA base
mpc.baseMVA = 100.0;
%% bus data
%    bus_i    type    Pd    Qd    Gs    Bs    area    Vm    Va    baseKV    zone    Vmax    Vmin
mpc.bus = [
	101	2	71.07372587368421	14.477981196491227	0.0	0.0	1	1.0482718118182424	0.4762522374422013	138.0	11	1.05	0.95				
	102	2	63.83473527543859	13.161801087719299	0.0	0.0	1	1.0470954208476098	0.08674375349325386	138.0	12	1.05	0.95				
	103	1	118.45620978947369	24.3493320122807	0.0	0.0	1	1.0310138374717785	-0.7413719507794485	138.0	11	1.05	0.95				
	104	1	48.6986640245614	9.871350815789473	0.0	0.0	1	1.0264386868131998	-3.338407583861741	138.0	11	1.05	0.95				
	105	1	46.724393861403506	9.21326076140351	0.0	0.0	1	1.0394994132320758	-3.749917588466147	138.0	11	1.05	0.95				
	106	1	89.50024739649123	18.42652152280702	0.0	-100.0	1	1.0415293241496055	-6.80607850299247	138.0	12	1.05	0.95				
	107	2	82.26125679824561	16.45225135964912	0.0	0.0	1	1.0000094098303818	-15.292576782565293	138.0	12	1.05	0.95				
	108	1	112.53339929999999	23.03315190350877	0.0	0.0	1	0.9950561985598609	-13.122189131512865	138.0	12	1.05	0.95				
	109	1	115.16575951754386	23.691241957894736	0.0	0.0	1	1.0258501434524794	-4.610506555643941	138.0	13	1.05	0.95				
	110	1	128.32756060526316	26.323602175438598	0.0	0.0	1	1.05	-6.0387476745624316	138.0	13	1.05	0.95				
	111	1	0.0	0.0	0.0	0.0	1	1.0132424825903126	-1.7334458283619274	230.0	13	1.05	0.95				
	112	1	0.0	0.0	0.0	0.0	1	1.0159516818754282	-1.3670375576344758	230.0	13	1.05	0.95				
	113	3	174.3938644122807	35.536862936842105	0.0	0.0	1	1.0141379406818538	-6.538786648322174e-29	230.0	14	1.05	0.95				
	114	2	127.66947055087718	25.66551212105263	0.0	0.0	1	1.0158970517388286	0.3882734665300607	230.0	16	1.05	0.95				
	115	2	208.6145472403509	42.117763480701754	0.0	0.0	1	1.0444462948926247	8.246250455905997	230.0	16	1.05	0.95				
	116	2	65.80900543859649	13.161801087719299	0.0	0.0	1	1.0419199262343861	7.3347046367951805	230.0	16	1.05	0.95				
	117	1	0.0	0.0	0.0	0.0	1	1.045693845069469	10.561274624020237	230.0	17	1.05	0.95				
	118	2	219.14398811052632	44.750123698245616	0.0	0.0	1	1.0479080887699643	11.245312961979764	230.0	17	1.05	0.95				
	119	1	119.11429984385965	24.3493320122807	0.0	0.0	1	1.0352346859010952	5.613410370173958	230.0	15	1.05	0.95				
	120	1	84.23552696140351	17.110341414035087	0.0	0.0	1	1.034379834184373	4.904878724865248	230.0	15	1.05	0.95				
	121	2	0.0	0.0	0.0	0.0	1	1.05	12.936556472946178	230.0	17	1.05	0.95				
	122	2	0.0	0.0	0.0	0.0	1	1.05	18.516248299110824	230.0	17	1.05	0.95				
	123	2	0.0	0.0	0.0	0.0	1	1.0354488351727973	5.008022244700493	230.0	15	1.05	0.95				
	124	1	0.0	0.0	0.0	0.0	1	1.0280636234218108	4.892255807907535	230.0	16	1.05	0.95				
	201	2	63.37541319157896	12.909806390877193	0.0	0.0	2	1.0263827503787348	-14.825653833540729	138.0	21	1.05	0.95				
	202	2	56.92050999614035	11.736187628070176	0.0	0.0	2	1.027010368983433	-14.745957943275776	138.0	22	1.05	0.95				
	203	1	105.62568865263158	21.711947111929824	0.0	0.0	2	1.0173232772602574	-12.944101044086628	138.0	21	1.05	0.95				
	204	1	43.42389422385965	8.80214072105263	0.0	0.0	2	1.0156800395696894	-16.308038770456587	138.0	21	1.05	0.95				
	205	1	41.663466079649126	8.215331339649124	0.0	0.0	2	1.0307898300192457	-16.66472986448367	138.0	21	1.05	0.95				
	206	1	79.80607587087721	16.430662679298248	0.0	-100.0	2	1.0401305036809854	-18.22715585567294	138.0	22	1.05	0.95				
	207	2	73.3511726754386	14.67023453508772	0.0	0.0	2	0.9882580421401405	-26.81763041542551	138.0	22	1.05	0.95				
	208	1	100.34440422	20.538328349122807	0.0	0.0	2	0.9892744433436605	-24.011279188746595	138.0	22	1.05	0.95				
	209	1	102.69164174561405	21.125137730526315	0.0	0.0	2	1.0241975909276708	-15.186490900701084	138.0	23	1.05	0.95				
	210	1	114.4278293736842	23.472375256140353	0.0	0.0	2	1.05	-16.656113048855772	138.0	23	1.05	0.95				
	211	1	0.0	0.0	0.0	0.0	2	1.0160646496978094	-11.244526638593301	230.0	23	1.05	0.95				
	212	1	0.0	0.0	0.0	0.0	2	1.0143984593350903	-10.201512915306619	230.0	23	1.05	0.95				
	213	2	155.50448607192985	31.68770659578948	0.0	0.0	2	1.017685388922922	-9.568806709520901	230.0	24	1.05	0.95				
	214	2	113.8410199922807	22.885565874736844	0.0	0.0	2	1.0257900604493235	-8.052902643238841	230.0	26	1.05	0.95				
	215	2	186.01857390491227	37.55580040982456	0.0	0.0	2	1.0412386155061204	0.45200005531730736	230.0	26	1.05	0.95				
	216	2	58.68093814035088	11.736187628070176	0.0	0.0	2	1.042331610891608	0.011013455967718943	230.0	26	1.05	0.95				
	217	1	0.0	0.0	0.0	0.0	2	1.044216359589958	2.750372024019404	230.0	27	1.05	0.95				
	218	2	195.40752400736844	39.903037935438604	0.0	0.0	2	1.0449975169341823	2.944033965777435	230.0	27	1.05	0.95				
	219	1	106.2124980340351	21.711947111929824	0.0	0.0	2	1.0419081010270896	-0.2743145763750669	230.0	25	1.05	0.95				
	220	1	75.11160081964913	15.257043916491227	0.0	0.0	2	1.0461684091076096	0.5819874007992822	230.0	25	1.05	0.95				
	221	2	0.0	0.0	0.0	0.0	2	1.0452651402551079	2.875883879135071	230.0	27	1.05	0.95				
	222	2	0.0	0.0	0.0	0.0	2	1.05	9.334253434768605	230.0	27	1.05	0.95				
	223	2	0.0	0.0	0.0	0.0	2	1.0499999752969997	1.478590923534272	230.0	25	1.05	0.95				
	224	1	0.0	0.0	0.0	0.0	2	1.0153180435771951	-4.507686509960922	230.0	26	1.05	0.95				
	301	2	65.17241378526316	13.275862067368422	0.0	0.0	3	0.9905573418609045	4.994009366977297	138.0	31	1.05	0.95				
	302	2	58.53448275157894	12.068965515789474	0.0	0.0	3	0.990312933967577	4.942043360323728	138.0	32	1.05	0.95				
	303	1	108.62068964210528	22.327586204210526	0.0	0.0	3	1.0191056637580094	8.446045375208392	138.0	31	1.05	0.95				
	304	1	44.65517240842105	9.051724136842106	0.0	0.0	3	0.9995315581893521	6.963941523874	138.0	31	1.05	0.95				
	305	1	42.84482758105263	8.448275861052633	0.0	0.0	3	1.0109508354150887	6.8601278417893745	138.0	31	1.05	0.95				
	306	1	82.06896550736843	16.896551722105265	0.0	-100.0	3	1.0304818520016086	7.217549505581789	138.0	32	1.05	0.95				
	307	2	75.4310344736842	15.086206894736842	0.0	0.0	3	0.9869391842352516	3.292685730888069	138.0	32	1.05	0.95				
	308	1	103.18965516	21.120689652631576	0.0	0.0	3	0.9983193155994973	5.998959131016229	138.0	32	1.05	0.95				
	309	1	105.6034482631579	21.724137928421055	0.0	0.0	3	1.028464641273324	11.060266601541043	138.0	33	1.05	0.95				
	310	1	117.67241377894737	24.137931031578947	0.0	0.0	3	1.05	10.643500495029556	138.0	33	1.05	0.95				
	311	1	0.0	0.0	0.0	0.0	3	1.0186759969917296	16.649721792602275	230.0	33	1.05	0.95				
	312	1	0.0	0.0	0.0	0.0	3	1.0244095101338464	18.154615527794693	230.0	33	1.05	0.95				
	313	2	159.9137930842105	32.58620689263158	0.0	0.0	3	1.0459499456971053	25.383811607560276	230.0	34	1.05	0.95				
	314	2	117.06896550315788	23.534482755789472	0.0	0.0	3	1.0200589650067542	14.616455779622259	230.0	36	1.05	0.95				
	315	2	191.29310342526315	38.620689650526316	0.0	0.0	3	1.0369877787661614	8.601109291202606	230.0	36	1.05	0.95				
	316	2	60.34482757894737	12.068965515789474	0.0	0.0	3	1.0385159708339462	9.909674476336432	230.0	36	1.05	0.95				
	317	1	0.0	0.0	0.0	0.0	3	1.0418946462430314	8.609046755952969	230.0	37	1.05	0.95				
	318	2	200.94827583789476	41.034482753684216	0.0	0.0	3	1.0407245705862815	7.36262528539879	230.0	37	1.05	0.95				
	319	1	109.22413791789474	22.327586204210526	0.0	0.0	3	1.03813972435147	13.071416320423413	230.0	35	1.05	0.95				
	320	1	77.24137930105263	15.689655170526319	0.0	0.0	3	1.0410141295023851	15.422486940375684	230.0	35	1.05	0.95				
	321	2	0.0	0.0	0.0	0.0	3	1.0408394388144158	8.341718636516164	230.0	37	1.05	0.95				
	322	2	0.0	0.0	0.0	0.0	3	1.05	12.76739476939514	230.0	37	1.05	0.95				
	323	2	0.0	0.0	0.0	0.0	3	1.0428213418463745	16.369242721834556	230.0	35	1.05	0.95				
	324	1	0.0	0.0	0.0	0.0	3	1.0286767831253036	10.527837600950129	230.0	36	1.05	0.95				
	325	1	0.0	0.0	0.0	0.0	3	1.0447492889868657	16.08222058101516	230.0	35	1.05	0.95				
];
