%% MATPOWER Case Format : Version 2
function mpc = RTS_GMLC
mpc.version = '2';

%%-----  Power Flow Data  -----%%
%% system MVA base
mpc.baseMVA = 100.0;
%% bus data
%    bus_i    type    Pd    Qd    Gs    Bs    area    Vm    Va    baseKV    zone    Vmax    Vmin
mpc.bus = [
	101	2	41.05442849684211	8.362939138245613	0.0	0.0	1	1.0327902377155842	1.9980526777993592	138.0	11	1.05	0.95				
	102	2	36.872958927719296	7.60267194385965	0.0	0.0	1	1.030576665477877	1.4129013045964343	138.0	12	1.05	0.95				
	103	1	68.42404749473684	14.06494309614035	0.0	0.0	1	1.0319491103548077	1.2313337983962607	138.0	11	1.05	0.95				
	104	1	28.1298861922807	5.702003957894736	0.0	0.0	1	1.0238963509861658	-0.8203070679549159	138.0	11	1.05	0.95				
	105	1	26.989485400701753	5.321870360701754	0.0	0.0	1	1.0361126299888457	-1.1308525043853468	138.0	11	1.05	0.95				
	106	1	51.69816921824562	10.643740721403509	0.0	-100.0	1	1.0462799881067468	-3.395987279520716	138.0	12	1.05	0.95				
	107	2	47.516699649122806	9.50333992982456	0.0	0.0	1	1.0007821393137941	-9.711973005514853	138.0	12	1.05	0.95				
	108	1	65.00284512	13.304675901754385	0.0	0.0	1	1.0055266634911006	-7.8593793326222725	138.0	12	1.05	0.95				
	109	1	66.52337950877192	13.684809498947367	0.0	0.0	1	1.0247890847341703	-2.0517263052012855	138.0	13	1.05	0.95				
	110	1	74.12605145263159	15.2053438877193	0.0	0.0	1	1.05	-3.1015773328412806	138.0	13	1.05	0.95				
	111	1	0.0	0.0	0.0	0.0	1	1.0025304559431762	-0.3085266928672328	230.0	13	1.05	0.95				
	112	1	0.0	0.0	0.0	0.0	1	1.0071988474450946	-0.9027670508931414	230.0	13	1.05	0.95				
	113	3	100.73540325614034	20.527214248421053	0.0	0.0	1	0.993626542581122	-1.5410325053016407e-29	230.0	14	1.05	0.95				
	114	2	73.74591785543859	14.825210290526316	0.0	0.0	1	0.9995727587131972	1.8326911844324532	230.0	16	1.05	0.95				
	115	2	120.50235031017544	24.328550220350877	0.0	0.0	1	1.0374361887872594	8.327018779796898	230.0	16	1.05	0.95				
	116	2	38.01335971929824	7.60267194385965	0.0	0.0	1	1.0325873512143946	7.015749670572232	230.0	16	1.05	0.95				
	117	1	0.0	0.0	0.0	0.0	1	1.0395967810552806	11.049615420325074	230.0	17	1.05	0.95				
	118	2	126.58448786526316	25.84908460912281	0.0	0.0	1	1.0447585251542353	11.697926783674447	230.0	17	1.05	0.95				
	119	1	68.80418109192983	14.06494309614035	0.0	0.0	1	1.020835446860832	4.138621134205295	230.0	15	1.05	0.95				
	120	1	48.657100440701754	9.883473527017545	0.0	0.0	1	1.014478830948085	2.192079010123715	230.0	15	1.05	0.95				
	121	2	0.0	0.0	0.0	0.0	1	1.0471088353047362	13.055074453967473	230.0	17	1.05	0.95				
	122	2	0.0	0.0	0.0	0.0	1	1.05	22.396782996211627	230.0	17	1.05	0.95				
	123	2	0.0	0.0	0.0	0.0	1	1.0115336913038533	1.4140005647008864	230.0	15	1.05	0.95				
	124	1	0.0	0.0	0.0	0.0	1	1.0261115246074768	5.660257490138842	230.0	16	1.05	0.95				
	201	2	36.39666299494736	7.414135054526315	0.0	0.0	2	1.0172925406331235	-13.759624834666141	138.0	21	1.05	0.95				
	202	2	32.68959546768421	6.740122776842104	0.0	0.0	2	1.0163867897944738	-14.032715182787193	138.0	22	1.05	0.95				
	203	1	60.66110499157894	12.469227137157892	0.0	0.0	2	1.0157094330801735	-10.326304238846602	138.0	21	1.05	0.95				
	204	1	24.938454274315784	5.055092082631578	0.0	0.0	2	1.0145338981585517	-13.846537534796791	138.0	21	1.05	0.95				
	205	1	23.92743585778947	4.7180859437894735	0.0	0.0	2	1.0297607197180272	-14.218573329927308	138.0	21	1.05	0.95				
	206	1	45.83283488252631	9.436171887578947	0.0	-100.0	2	1.0451129625709716	-14.928259114496042	138.0	22	1.05	0.95				
	207	2	42.12576735526316	8.425153471052631	0.0	0.0	2	0.9998560449236347	-18.890423219264083	138.0	22	1.05	0.95				
	208	1	57.628049742	11.795214859473683	0.0	0.0	2	1.0062203523672593	-17.41623640220303	138.0	22	1.05	0.95				
	209	1	58.97607429736842	12.132220998315788	0.0	0.0	2	1.0219459578847656	-12.28927876535565	138.0	23	1.05	0.95				
	210	1	65.71619707421051	13.480245553684208	0.0	0.0	2	1.05	-13.592225285856019	138.0	23	1.05	0.95				
	211	1	0.0	0.0	0.0	0.0	2	1.0000947595103513	-10.245997849366509	230.0	23	1.05	0.95				
	212	1	0.0	0.0	0.0	0.0	2	1.0042162282498333	-8.796531839804631	230.0	23	1.05	0.95				
	213	2	89.30662679315789	18.19833149747368	0.0	0.0	2	0.9899947618179762	-9.4250749606827	230.0	24	1.05	0.95				
	214	2	65.37919093536841	13.143239414842103	0.0	0.0	2	0.9983247580934222	-8.107428631168462	230.0	26	1.05	0.95				
	215	2	106.83094601294736	21.568392885894735	0.0	0.0	2	1.0154026379815664	-1.7673624813600868	230.0	26	1.05	0.95				
	216	2	33.700613884210526	6.740122776842104	0.0	0.0	2	1.0137154505871948	-3.0231960141646304	230.0	26	1.05	0.95				
	217	1	0.0	0.0	0.0	0.0	2	1.0197552768587619	-0.9325273595945651	230.0	27	1.05	0.95				
	218	2	112.22304423442104	22.916417441263157	0.0	0.0	2	1.0199152711025135	-1.1558322679492308	230.0	27	1.05	0.95				
	219	1	60.99811113042105	12.469227137157892	0.0	0.0	2	1.0090524491657054	-4.468860915018038	230.0	25	1.05	0.95				
	220	1	43.13678577178947	8.762159609894736	0.0	0.0	2	1.0072645581448776	-5.048580201067249	230.0	25	1.05	0.95				
	221	2	0.0	0.0	0.0	0.0	2	1.0219646043455086	-0.5603215895125825	230.0	27	1.05	0.95				
	222	2	0.0	0.0	0.0	0.0	2	1.0437754373011412	5.8624977084785375	230.0	27	1.05	0.95				
	223	2	0.0	0.0	0.0	0.0	2	1.0064157738337323	-5.096237269700449	230.0	25	1.05	0.95				
	224	1	0.0	0.0	0.0	0.0	2	1.0049527509314502	-5.0068126315323696	230.0	26	1.05	0.95				
	301	2	42.605504602105256	8.678899085614034	0.0	0.0	3	1.007135983685393	-2.3997382367574573	138.0	31	1.05	0.95				
	302	2	38.266055059298246	7.889908259649123	0.0	0.0	3	1.00710300758941	-2.4445202580080485	138.0	32	1.05	0.95				
	303	1	71.0091743368421	14.596330280350875	0.0	0.0	3	1.0164207907226819	0.2278173307632632	138.0	31	1.05	0.95				
	304	1	29.19266056070175	5.917431194736841	0.0	0.0	3	1.0097501983739263	-1.1663039291350732	138.0	31	1.05	0.95				
	305	1	28.009174321754383	5.522935781754386	0.0	0.0	3	1.0232484771997317	-1.3050822026495896	138.0	31	1.05	0.95				
	306	1	53.65137616561404	11.045871563508772	0.0	-100.0	3	1.0411358272413243	-1.1797964201168505	138.0	32	1.05	0.95				
	307	2	49.311926622807015	9.862385324561403	0.0	0.0	3	0.9928423215676215	-4.7499898813346615	138.0	32	1.05	0.95				
	308	1	67.45871561999999	13.807339454385964	0.0	0.0	3	1.0027426524794096	-3.041181616190678	138.0	32	1.05	0.95				
	309	1	69.03669727192981	14.201834867368419	0.0	0.0	3	1.0238772914885566	1.5054302539910072	138.0	33	1.05	0.95				
	310	1	76.92660553157894	15.779816519298246	0.0	0.0	3	1.05	1.0578880383157858	138.0	33	1.05	0.95				
	311	1	0.0	0.0	0.0	0.0	3	1.0019507760071407	5.56830145969263	230.0	33	1.05	0.95				
	312	1	0.0	0.0	0.0	0.0	3	1.0087454216624128	6.381657053478114	230.0	33	1.05	0.95				
	313	2	104.54128444035086	21.302752301052628	0.0	0.0	3	1.008643113590127	10.68088302565695	230.0	34	1.05	0.95				
	314	2	76.53211011859649	15.38532110631579	0.0	0.0	3	0.9938485654246662	5.500912276437346	230.0	36	1.05	0.95				
	315	2	125.05504591543858	25.247706430877194	0.0	0.0	3	1.0151442555544847	3.5953805292437986	230.0	36	1.05	0.95				
	316	2	39.44954129824561	7.889908259649123	0.0	0.0	3	1.014469752558827	4.36408248414117	230.0	36	1.05	0.95				
	317	1	0.0	0.0	0.0	0.0	3	1.0225624942420817	5.03417326247361	230.0	37	1.05	0.95				
	318	2	131.36697252315787	26.82568808280702	0.0	0.0	3	1.0204155788864608	3.5262348664782315	230.0	37	1.05	0.95				
	319	1	71.40366974982456	14.596330280350875	0.0	0.0	3	1.0141243407786962	6.180732052951485	230.0	35	1.05	0.95				
	320	1	50.49541286175439	10.25688073754386	0.0	0.0	3	1.0142821996458429	7.4081332687353605	230.0	35	1.05	0.95				
	321	2	0.0	0.0	0.0	0.0	3	1.020761152746249	4.148714490608964	230.0	37	1.05	0.95				
	322	2	0.0	0.0	0.0	0.0	3	1.0351682187431912	8.928203150721751	230.0	37	1.05	0.95				
	323	2	0.0	0.0	0.0	0.0	3	1.0143702498061475	8.08446448346438	230.0	35	1.05	0.95				
	324	1	0.0	0.0	0.0	0.0	3	1.0116147304111975	3.6931157475295233	230.0	36	1.05	0.95				
	325	1	0.0	0.0	0.0	0.0	3	1.0168051620181882	8.528318580726209	230.0	35	1.05	0.95				
];
