%% MATPOWER Case Format : Version 2
function mpc = RTS_GMLC
mpc.version = '2';

%%-----  Power Flow Data  -----%%
%% system MVA base
mpc.baseMVA = 100.0;
%% bus data
%    bus_i    type    Pd    Qd    Gs    Bs    area    Vm    Va    baseKV    zone    Vmax    Vmin
mpc.bus = [
	101	2	72.66353290105263	14.801830776140351	0.0	0.0	1	1.0499999793217034	-0.06348634178896725	138.0	11	1.05	0.95				
	102	2	65.26261751298246	13.456209796491228	0.0	0.0	1	1.049397124815509	-0.2943931615128801	138.0	12	1.05	0.95				
	103	1	121.10588816842105	24.89398812350877	0.0	0.0	1	1.0276870346702358	-2.509278301969265	138.0	11	1.05	0.95				
	104	1	49.78797624701754	10.09215734736842	0.0	0.0	1	1.0266392585759587	-3.8424305916266643	138.0	11	1.05	0.95				
	105	1	47.76954477754386	9.41934685754386	0.0	0.0	1	1.0404170169164861	-4.070836403691636	138.0	11	1.05	0.95				
	106	1	91.50222661614036	18.83869371508772	0.0	-100.0	1	1.0418036493462428	-6.982238959688363	138.0	12	1.05	0.95				
	107	2	84.10131122807017	16.820262245614035	0.0	0.0	1	1.0056323726199499	-11.380609705433038	138.0	12	1.05	0.95				
	108	1	115.05059376	23.548367143859647	0.0	0.0	1	1.0004197780583333	-11.02642758798848	138.0	12	1.05	0.95				
	109	1	117.74183571929824	24.22117763368421	0.0	0.0	1	1.0258661183069155	-4.95609209667638	138.0	13	1.05	0.95				
	110	1	131.19804551578946	26.912419592982456	0.0	0.0	1	1.05	-6.0964610550166	138.0	13	1.05	0.95				
	111	1	0.0	0.0	0.0	0.0	1	1.0116562148843775	-2.2244678367669284	230.0	13	1.05	0.95				
	112	1	0.0	0.0	0.0	0.0	1	1.014133885236028	-1.5281230768939251	230.0	13	1.05	0.95				
	113	3	178.29477980350876	36.33176645052632	0.0	0.0	1	1.011329444953989	-2.143393726980954e-28	230.0	14	1.05	0.95				
	114	2	130.52523502596492	26.239609103157896	0.0	0.0	1	1.0128748510714933	-0.8029302183542454	230.0	16	1.05	0.95				
	115	2	213.28092527438596	43.05987134877193	0.0	0.0	1	1.0424314365135432	5.828893164365317	230.0	16	1.05	0.95				
	116	2	67.28104898245614	13.456209796491228	0.0	0.0	1	1.0390187830422248	5.281189450117398	230.0	16	1.05	0.95				
	117	1	0.0	0.0	0.0	0.0	1	1.043858233480432	8.008975293924063	230.0	17	1.05	0.95				
	118	2	224.04589311157898	45.75111330807018	0.0	0.0	1	1.0466205322440068	8.170429489188438	230.0	17	1.05	0.95				
	119	1	121.77869865824562	24.89398812350877	0.0	0.0	1	1.0315568541819893	4.119135661737181	230.0	15	1.05	0.95				
	120	1	86.11974269754386	17.4930727354386	0.0	0.0	1	1.0303590247016152	4.145898153883597	230.0	15	1.05	0.95				
	121	2	0.0	0.0	0.0	0.0	1	1.0499999925989147	9.662468121008116	230.0	17	1.05	0.95				
	122	2	0.0	0.0	0.0	0.0	1	1.05	17.85901595730677	230.0	17	1.05	0.95				
	123	2	0.0	0.0	0.0	0.0	1	1.0314044606434922	4.668726234411881	230.0	15	1.05	0.95				
	124	1	0.0	0.0	0.0	0.0	1	1.026296251622723	2.7235007212271234	230.0	16	1.05	0.95				
	201	2	62.23642374315791	12.677790021754387	0.0	0.0	2	1.0296413568473122	-7.841012195932888	138.0	21	1.05	0.95				
	202	2	55.89752873228071	11.525263656140353	0.0	0.0	2	1.0301899428168582	-7.741641006729312	138.0	22	1.05	0.95				
	203	1	103.72737290526317	21.32173776385965	0.0	0.0	2	1.0180553846436469	-8.001649305766913	138.0	21	1.05	0.95				
	204	1	42.6434755277193	8.643947742105263	0.0	0.0	2	1.0176759328180578	-9.340084467585282	138.0	21	1.05	0.95				
	205	1	40.91468597929825	8.067684559298247	0.0	0.0	2	1.0326542427633902	-9.488893482395923	138.0	21	1.05	0.95				
	206	1	78.3717928617544	16.135369118596493	0.0	-100.0	2	1.0412922444691384	-10.936869399027486	138.0	22	1.05	0.95				
	207	2	72.03289785087719	14.40657957017544	0.0	0.0	2	0.990819750661534	-19.492103764900147	138.0	22	1.05	0.95				
	208	1	98.54100426000001	20.169211398245615	0.0	0.0	2	0.9914222997753595	-16.743682593910993	138.0	22	1.05	0.95				
	209	1	100.84605699122808	20.745474581052633	0.0	0.0	2	1.0247972892705526	-8.299876604523325	138.0	23	1.05	0.95				
	210	1	112.37132064736844	23.050527312280707	0.0	0.0	2	1.05	-9.32814529015359	138.0	23	1.05	0.95				
	211	1	0.0	0.0	0.0	0.0	2	1.0108908880751515	-5.273020190257379	230.0	23	1.05	0.95				
	212	1	0.0	0.0	0.0	0.0	2	1.0153109177036626	-1.410042900371218	230.0	23	1.05	0.95				
	213	2	152.70974344385965	31.118211871578954	0.0	0.0	2	1.0095136562024591	-3.186788597244618	230.0	24	1.05	0.95				
	214	2	111.79505746456142	22.47426412947369	0.0	0.0	2	1.0135095761180863	-3.4910571974419273	230.0	26	1.05	0.95				
	215	2	182.67542894982458	36.88084369964913	0.0	0.0	2	1.0337143583433912	2.6637630923565974	230.0	26	1.05	0.95				
	216	2	57.62631828070176	11.525263656140353	0.0	0.0	2	1.0332280155634026	2.5496921377585258	230.0	26	1.05	0.95				
	217	1	0.0	0.0	0.0	0.0	2	1.0382081065091133	4.701605353560597	230.0	27	1.05	0.95				
	218	2	191.89563987473684	39.1858964308772	0.0	0.0	2	1.0390319623957691	4.987374833133941	230.0	27	1.05	0.95				
	219	1	104.30363608807018	21.32173776385965	0.0	0.0	2	1.0311497956155407	2.392765578732607	230.0	25	1.05	0.95				
	220	1	73.76168739929825	14.982842752982458	0.0	0.0	2	1.0339562784607705	3.3637801448279303	230.0	25	1.05	0.95				
	221	2	0.0	0.0	0.0	0.0	2	1.0394821770151534	4.975848684204868	230.0	27	1.05	0.95				
	222	2	0.0	0.0	0.0	0.0	2	1.05	11.369853484400762	230.0	27	1.05	0.95				
	223	2	0.0	0.0	0.0	0.0	2	1.037034579393178	4.32717186819108	230.0	25	1.05	0.95				
	224	1	0.0	0.0	0.0	0.0	2	1.0146362861362779	-1.3109990792694306	230.0	26	1.05	0.95				
	301	2	65.5824106231579	13.359379941754387	0.0	0.0	3	1.0034009973355733	-11.860369586365193	138.0	31	1.05	0.95				
	302	2	58.902720652280706	12.144890856140352	0.0	0.0	3	1.0031277929862363	-11.949316093216012	138.0	32	1.05	0.95				
	303	1	109.30401770526316	22.46804808385965	0.0	0.0	3	1.016886123191615	-7.037443275010117	138.0	31	1.05	0.95				
	304	1	44.9360961677193	9.108668142105262	0.0	0.0	3	1.0038337465379825	-9.959810386371004	138.0	31	1.05	0.95				
	305	1	43.11436253929825	8.501423599298247	0.0	0.0	3	1.0176186693548492	-10.155453957662179	138.0	31	1.05	0.95				
	306	1	82.5852578217544	17.002847198596495	0.0	-100.0	3	1.0335887044959886	-9.88326279523849	138.0	32	1.05	0.95				
	307	2	75.9055678508772	15.18111357017544	0.0	0.0	3	0.9941551827002354	-15.670235979022499	138.0	32	1.05	0.95				
	308	1	103.83881682	21.253558998245616	0.0	0.0	3	0.9971841859650852	-12.836175054799872	138.0	32	1.05	0.95				
	309	1	106.26779499122807	21.860803541052633	0.0	0.0	3	1.0258215831054502	-5.853175372449895	138.0	33	1.05	0.95				
	310	1	118.41268584736841	24.289781712280703	0.0	0.0	3	1.05	-6.507776509599484	138.0	33	1.05	0.95				
	311	1	0.0	0.0	0.0	0.0	3	1.0152051452895572	0.14975350712383406	230.0	33	1.05	0.95				
	312	1	0.0	0.0	0.0	0.0	3	1.018378618089515	1.1395062833826168	230.0	33	1.05	0.95				
	313	2	160.91980384385965	32.79120531157895	0.0	0.0	3	1.0330243710541789	6.56369167907751	230.0	34	1.05	0.95				
	314	2	117.80544130456141	23.682537169473687	0.0	0.0	3	1.018813297008048	0.7810050324874797	230.0	36	1.05	0.95				
	315	2	192.49652006982456	38.863650739649124	0.0	0.0	3	1.031115853586002	-1.076660455570475	230.0	36	1.05	0.95				
	316	2	60.72445428070176	12.144890856140352	0.0	0.0	3	1.031551296046425	0.12857396983702762	230.0	36	1.05	0.95				
	317	1	0.0	0.0	0.0	0.0	3	1.0349360960596081	0.1474066565673938	230.0	37	1.05	0.95				
	318	2	202.21243275473685	41.2926289108772	0.0	0.0	3	1.0331474478582416	-0.39489607388114734	230.0	37	1.05	0.95				
	319	1	109.91126224807017	22.46804808385965	0.0	0.0	3	1.0311819030541898	1.9060144618885915	230.0	35	1.05	0.95				
	320	1	77.72730147929825	15.788358112982456	0.0	0.0	3	1.0330189967102381	3.199005619891172	230.0	35	1.05	0.95				
	321	2	0.0	0.0	0.0	0.0	3	1.0345116462129624	-0.07851367604849582	230.0	37	1.05	0.95				
	322	2	0.0	0.0	0.0	0.0	3	1.0478608992104443	4.334813947520748	230.0	37	1.05	0.95				
	323	2	0.0	0.0	0.0	0.0	3	1.0344303095347545	3.838263834420331	230.0	35	1.05	0.95				
	324	1	0.0	0.0	0.0	0.0	3	1.0201648418766098	-1.392414324782784	230.0	36	1.05	0.95				
	325	1	0.0	0.0	0.0	0.0	3	1.0351757227774807	4.337913023533983	230.0	35	1.05	0.95				
];
