%% MATPOWER Case Format : Version 2
function mpc = RTS_GMLC
mpc.version = '2';

%%-----  Power Flow Data  -----%%
%% system MVA base
mpc.baseMVA = 100.0;
%% bus data
%    bus_i    type    Pd    Qd    Gs    Bs    area    Vm    Va    baseKV    zone    Vmax    Vmin
mpc.bus = [
	101	2	62.26966849263158	12.684562100350878	0.0	0.0	1	1.0496351433770166	1.3766611819768155	138.0	11	1.05	0.95				
	102	2	55.927387442456144	11.531420091228071	0.0	0.0	1	1.048500220571109	1.0345312267558897	138.0	12	1.05	0.95				
	103	1	103.78278082105264	21.33312716877193	0.0	0.0	1	1.0287474538584993	-1.4093694394738445	138.0	11	1.05	0.95				
	104	1	42.66625433754386	8.648565068421053	0.0	0.0	1	1.0280390540893407	-2.456544353554389	138.0	11	1.05	0.95				
	105	1	40.93654132385965	8.07199406385965	0.0	0.0	1	1.0413802303090638	-2.6887769414347673	138.0	11	1.05	0.95				
	106	1	78.41365662035089	16.1439881277193	0.0	-100.0	1	1.0443029666994115	-5.581993256674343	138.0	12	1.05	0.95				
	107	2	72.07137557017545	14.414275114035089	0.0	0.0	1	0.9993593886955996	-12.449769632333156	138.0	12	1.05	0.95				
	108	1	98.59364178000001	20.17998515964912	0.0	0.0	1	0.9984725779144862	-10.915605015754934	138.0	12	1.05	0.95				
	109	1	100.89992579824563	20.756556164210526	0.0	0.0	1	1.0251345475924083	-4.080126789239945	138.0	13	1.05	0.95				
	110	1	112.43134588947368	23.062840182456142	0.0	0.0	1	1.05	-5.074167052643154	138.0	13	1.05	0.95				
	111	1	0.0	0.0	0.0	0.0	1	1.0079401966158317	-1.7573812445078163	230.0	13	1.05	0.95				
	112	1	0.0	0.0	0.0	0.0	1	1.0118472845405044	-1.2421881415748472	230.0	13	1.05	0.95				
	113	3	152.79131620877195	31.13483424631579	0.0	0.0	1	1.00543877769389	-3.3767978932139986e-32	230.0	14	1.05	0.95				
	114	2	111.85477488491229	22.486269177894737	0.0	0.0	1	1.006103837687347	-0.3747803018337993	230.0	16	1.05	0.95				
	115	2	182.7730084459649	36.900544291929826	0.0	0.0	1	1.0361745572663037	5.414675126800275	230.0	16	1.05	0.95				
	116	2	57.657100456140356	11.531420091228071	0.0	0.0	1	1.0331466635559325	5.059277976473137	230.0	16	1.05	0.95				
	117	1	0.0	0.0	0.0	0.0	1	1.0395733996916492	7.697816981333638	230.0	17	1.05	0.95				
	118	2	191.99814451894738	39.206828310175446	0.0	0.0	1	1.0418037067304098	8.099059499507815	230.0	17	1.05	0.95				
	119	1	104.35935182561404	21.33312716877193	0.0	0.0	1	1.0266524858862547	3.8979710859131775	230.0	15	1.05	0.95				
	120	1	73.80108858385965	14.990846118596494	0.0	0.0	1	1.0251812199936439	3.7320305164902825	230.0	15	1.05	0.95				
	121	2	0.0	0.0	0.0	0.0	1	1.0447852114480218	9.54167018076755	230.0	17	1.05	0.95				
	122	2	0.0	0.0	0.0	0.0	1	1.05	15.324545113447373	230.0	17	1.05	0.95				
	123	2	0.0	0.0	0.0	0.0	1	1.0256077083731208	4.0822584586041	230.0	15	1.05	0.95				
	124	1	0.0	0.0	0.0	0.0	1	1.0243974217254446	2.8564884270243343	230.0	16	1.05	0.95				
	201	2	58.02046275789474	11.818983154385965	0.0	0.0	2	1.024388226623813	-10.317222716623167	138.0	21	1.05	0.95				
	202	2	52.110971180701746	10.744530140350877	0.0	0.0	2	1.0252171552102296	-10.14542179004371	138.0	22	1.05	0.95				
	203	1	96.70077126315789	19.87738075964912	0.0	0.0	2	1.0148749519210634	-9.589182275051344	138.0	21	1.05	0.95				
	204	1	39.75476151929824	8.058397605263156	0.0	0.0	2	1.0159092987535938	-11.072647397306348	138.0	21	1.05	0.95				
	205	1	38.143081998245606	7.521171098245614	0.0	0.0	2	1.0305811480812381	-11.361113370332012	138.0	21	1.05	0.95				
	206	1	73.06280495438597	15.042342196491228	0.0	-100.0	2	1.04138483860901	-12.433614757522461	138.0	22	1.05	0.95				
	207	2	67.15331337719299	13.430662675438596	0.0	0.0	2	0.9929679535747276	-20.055897638926595	138.0	22	1.05	0.95				
	208	1	91.8657327	18.80292774561403	0.0	0.0	2	0.9943729538149466	-17.521028904384632	138.0	22	1.05	0.95				
	209	1	94.01463872807017	19.340154252631578	0.0	0.0	2	1.024265722145963	-9.628202553410699	138.0	23	1.05	0.95				
	210	1	104.75916886842104	21.489060280701754	0.0	0.0	2	1.05	-10.700861666276666	138.0	23	1.05	0.95				
	211	1	0.0	0.0	0.0	0.0	2	1.009541879485124	-6.625877032911902	230.0	23	1.05	0.95				
	212	1	0.0	0.0	0.0	0.0	2	1.0137242167869693	-2.7722626909084362	230.0	23	1.05	0.95				
	213	2	142.3650243596491	29.01023137894737	0.0	0.0	2	1.0089009259666024	-4.272190635725217	230.0	24	1.05	0.95				
	214	2	104.22194236140349	20.951833773684207	0.0	0.0	2	1.0104919204452911	-5.067898602979192	230.0	26	1.05	0.95				
	215	2	170.30080272456138	34.382496449122804	0.0	0.0	2	1.0271687384385702	0.4778364897073838	230.0	26	1.05	0.95				
	216	2	53.72265070175438	10.744530140350877	0.0	0.0	2	1.027421941767555	0.4486745091149485	230.0	26	1.05	0.95				
	217	1	0.0	0.0	0.0	0.0	2	1.0313260663877404	1.6543683903367346	230.0	27	1.05	0.95				
	218	2	178.8964268368421	36.531402477192984	0.0	0.0	2	1.0300635082141816	0.9900252252494937	230.0	27	1.05	0.95				
	219	1	97.23799777017544	19.87738075964912	0.0	0.0	2	1.0268343002030924	0.9948007457549086	230.0	25	1.05	0.95				
	220	1	68.76499289824561	13.967889182456139	0.0	0.0	2	1.0307100051794174	2.5091302345828064	230.0	25	1.05	0.95				
	221	2	0.0	0.0	0.0	0.0	2	1.0321515726282287	1.626249633107195	230.0	27	1.05	0.95				
	222	2	0.0	0.0	0.0	0.0	2	1.05	8.131667941996641	230.0	27	1.05	0.95				
	223	2	0.0	0.0	0.0	0.0	2	1.0344773971171315	3.7418241962339316	230.0	25	1.05	0.95				
	224	1	0.0	0.0	0.0	0.0	2	1.0101569241924253	-3.285103296278206	230.0	26	1.05	0.95				
	301	2	58.80037964210526	11.9778551122807	0.0	0.0	3	1.0013906929947238	-5.100958033953567	138.0	31	1.05	0.95				
	302	2	52.8114520859649	10.888959192982457	0.0	0.0	3	1.0012002832813278	-5.1603293732406	138.0	32	1.05	0.95				
	303	1	98.00063273684209	20.14457450701754	0.0	0.0	3	1.0152067430027587	-1.4245909324282835	138.0	31	1.05	0.95				
	304	1	40.28914901403508	8.166719394736841	0.0	0.0	3	1.0044111793756827	-3.330943681936054	138.0	31	1.05	0.95				
	305	1	38.65580513508771	7.622271435087718	0.0	0.0	3	1.0176637696392834	-3.502124681836742	138.0	31	1.05	0.95				
	306	1	74.04492251228069	15.244542870175437	0.0	-100.0	3	1.0350765762550338	-3.2321038595587903	138.0	32	1.05	0.95				
	307	2	68.05599495614034	13.611198991228068	0.0	0.0	3	0.9941540902810209	-7.826650590946552	138.0	32	1.05	0.95				
	308	1	93.10060109999999	19.055678587719292	0.0	0.0	3	1.000577421564687	-5.352647736650766	138.0	32	1.05	0.95				
	309	1	95.27839293859648	19.60012654736842	0.0	0.0	3	1.0256612003337962	0.38844378361834164	138.0	33	1.05	0.95				
	310	1	106.16735213157892	21.777918385964913	0.0	0.0	3	1.05	-0.16305678386469635	138.0	33	1.05	0.95				
	311	1	0.0	0.0	0.0	0.0	3	1.011683905389139	5.761827264453893	230.0	33	1.05	0.95				
	312	1	0.0	0.0	0.0	0.0	3	1.0160680834004836	6.701409378758694	230.0	33	1.05	0.95				
	313	2	144.27870930701752	29.40018982105263	0.0	0.0	3	1.027269269558799	12.284490223651748	230.0	34	1.05	0.95				
	314	2	105.6229041719298	21.233470426315787	0.0	0.0	3	1.011499427948912	5.676798582717086	230.0	36	1.05	0.95				
	315	2	172.59000320877192	34.844669417543855	0.0	0.0	3	1.0264697593007581	3.389699160707237	230.0	36	1.05	0.95				
	316	2	54.444795964912274	10.888959192982457	0.0	0.0	3	1.026331311388823	4.2896816072287605	230.0	36	1.05	0.95				
	317	1	0.0	0.0	0.0	0.0	3	1.0328322532626077	5.188999313428793	230.0	37	1.05	0.95				
	318	2	181.30117056315785	37.022461256140346	0.0	0.0	3	1.0305283165296097	4.122772632493823	230.0	37	1.05	0.95				
	319	1	98.54508069649121	20.14457450701754	0.0	0.0	3	1.025930069360326	6.134180328200506	230.0	35	1.05	0.95				
	320	1	69.68933883508771	14.155646950877191	0.0	0.0	3	1.0270968178005804	7.384828065626587	230.0	35	1.05	0.95				
	321	2	0.0	0.0	0.0	0.0	3	1.0312858023674925	4.449700006083854	230.0	37	1.05	0.95				
	322	2	0.0	0.0	0.0	0.0	3	1.045254478950898	9.086342053134615	230.0	37	1.05	0.95				
	323	2	0.0	0.0	0.0	0.0	3	1.027831659962822	7.953125475717338	230.0	35	1.05	0.95				
	324	1	0.0	0.0	0.0	0.0	3	1.017466394124556	3.332241451517503	230.0	36	1.05	0.95				
	325	1	0.0	0.0	0.0	0.0	3	1.029809480958262	8.09657771450701	230.0	35	1.05	0.95				
];
