%% MATPOWER Case Format : Version 2
function mpc = RTS_GMLC
mpc.version = '2';

%%-----  Power Flow Data  -----%%
%% system MVA base
mpc.baseMVA = 100.0;
%% bus data
%    bus_i    type    Pd    Qd    Gs    Bs    area    Vm    Va    baseKV    zone    Vmax    Vmin
mpc.bus = [
	101	2	37.19346857810527	7.5764473029473685	0.0	0.0	1	1.033055169208981	4.230969262039358	138.0	11	1.05	0.95				
	102	2	33.405244926631575	6.88767936631579	0.0	0.0	1	1.0321440673390136	3.9682176840118677	138.0	12	1.05	0.95				
	103	1	61.989114296842104	12.74220682768421	0.0	0.0	1	1.0318453045940477	2.5541786778658326	138.0	11	1.05	0.95				
	104	1	25.48441365536842	5.165759524736843	0.0	0.0	1	1.0223131336180855	0.7599828804448859	138.0	11	1.05	0.95				
	105	1	24.451261750421054	4.821375556421054	0.0	0.0	1	1.0366152163706868	1.0002537949828727	138.0	11	1.05	0.95				
	106	1	46.836219690947374	9.642751112842108	0.0	-100.0	1	1.0474381658301664	-1.2150827974687615	138.0	12	1.05	0.95				
	107	2	43.04799603947369	8.609599207894737	0.0	0.0	1	1.0001516109829471	-7.0652741347958585	138.0	12	1.05	0.95				
	108	1	58.889658582	12.05343889105263	0.0	0.0	1	1.0066137915928077	-5.484349764611323	138.0	12	1.05	0.95				
	109	1	60.267194455263166	12.397822859368421	0.0	0.0	1	1.0245213032668208	-0.4640108566906744	138.0	13	1.05	0.95				
	110	1	67.15487382157896	13.77535873263158	0.0	0.0	1	1.05	-1.1871630568823786	138.0	13	1.05	0.95				
	111	1	0.0	0.0	0.0	0.0	1	1.0014422743366225	0.8555406379905167	230.0	13	1.05	0.95				
	112	1	0.0	0.0	0.0	0.0	1	1.0065503342027915	0.6119414630339265	230.0	13	1.05	0.95				
	113	3	91.26175160368422	18.596734289052634	0.0	0.0	1	0.9897183157025335	6.929339519522179e-29	230.0	14	1.05	0.95				
	114	2	66.81048985326315	13.43097476431579	0.0	0.0	1	0.9988944709294391	3.4155807830972797	230.0	16	1.05	0.95				
	115	2	109.16971795610526	22.040573972210527	0.0	0.0	1	1.0387979158024114	9.460849184036237	230.0	16	1.05	0.95				
	116	2	34.43839683157895	6.88767936631579	0.0	0.0	1	1.0348065733045544	8.919475265451501	230.0	16	1.05	0.95				
	117	1	0.0	0.0	0.0	0.0	1	1.0416383623473746	12.050419810247163	230.0	17	1.05	0.95				
	118	2	114.6798614491579	23.418109845473687	0.0	0.0	1	1.046731017113663	12.057192076923574	230.0	17	1.05	0.95				
	119	1	62.33349826515791	12.74220682768421	0.0	0.0	1	1.0255166751797449	6.857467405696982	230.0	15	1.05	0.95				
	120	1	44.081147944421055	8.953983176210526	0.0	0.0	1	1.0202005917768358	5.718840105083731	230.0	15	1.05	0.95				
	121	2	0.0	0.0	0.0	0.0	1	1.05	12.867640304866201	230.0	17	1.05	0.95				
	122	2	0.0	0.0	0.0	0.0	1	1.05	24.65128170315267	230.0	17	1.05	0.95				
	123	2	0.0	0.0	0.0	0.0	1	1.01744463875925	5.35991113716361	230.0	15	1.05	0.95				
	124	1	0.0	0.0	0.0	0.0	1	1.0270960489349035	6.869963603349778	230.0	16	1.05	0.95				
	201	2	40.30662679578948	8.210609162105262	0.0	0.0	2	1.020259266446899	-9.358568884953465	138.0	21	1.05	0.95				
	202	2	36.201322214736834	7.46419014736842	0.0	0.0	2	1.0204058412593218	-9.375723542369414	138.0	22	1.05	0.95				
	203	1	67.17771132631579	13.808751772631577	0.0	0.0	2	1.0160298012033275	-7.492419270902469	138.0	21	1.05	0.95				
	204	1	27.617503545263155	5.598142610526315	0.0	0.0	2	1.015978137465922	-10.300257877894287	138.0	21	1.05	0.95				
	205	1	26.497875023157892	5.224933103157895	0.0	0.0	2	1.03072302817631	-10.602774593027982	138.0	21	1.05	0.95				
	206	1	50.756493002105266	10.44986620631579	0.0	-100.0	2	1.0448540215867264	-11.700367654478699	138.0	22	1.05	0.95				
	207	2	46.65118842105262	9.330237684210525	0.0	0.0	2	0.9944494453768398	-16.691141746148023	138.0	22	1.05	0.95				
	208	1	63.81882575999999	13.062332757894735	0.0	0.0	2	1.0017952740795768	-15.045676621231943	138.0	22	1.05	0.95				
	209	1	65.31166378947367	13.435542265263155	0.0	0.0	2	1.0223565250299325	-9.507214250148131	138.0	23	1.05	0.95				
	210	1	72.7758539368421	14.92838029473684	0.0	0.0	2	1.05	-10.65525872836661	138.0	23	1.05	0.95				
	211	1	0.0	0.0	0.0	0.0	2	1.002785108472652	-7.0974565161079255	230.0	23	1.05	0.95				
	212	1	0.0	0.0	0.0	0.0	2	1.0069153874577936	-6.517372678843132	230.0	23	1.05	0.95				
	213	2	98.90051945263156	20.15331339789474	0.0	0.0	2	0.996343866372094	-6.090669256454276	230.0	24	1.05	0.95				
	214	2	72.40264442947367	14.555170787368422	0.0	0.0	2	1.0011590311476979	-4.855273799470255	230.0	26	1.05	0.95				
	215	2	118.30741383578946	23.885408471578945	0.0	0.0	2	1.0181441042345623	0.7492666633276959	230.0	26	1.05	0.95				
	216	2	37.3209507368421	7.46419014736842	0.0	0.0	2	1.0198463443995525	0.5668126240307341	230.0	26	1.05	0.95				
	217	1	0.0	0.0	0.0	0.0	2	1.0247729908868415	2.337395204528579	230.0	27	1.05	0.95				
	218	2	124.27876595368419	25.378246501052633	0.0	0.0	2	1.024130415838972	1.858814698204582	230.0	27	1.05	0.95				
	219	1	67.5509208336842	13.808751772631577	0.0	0.0	2	1.02095873979076	0.14059969177119108	230.0	25	1.05	0.95				
	220	1	47.77081694315789	9.703447191578947	0.0	0.0	2	1.0241703888261513	0.5088305812359681	230.0	25	1.05	0.95				
	221	2	0.0	0.0	0.0	0.0	2	1.0257690586869752	2.296010745858773	230.0	27	1.05	0.95				
	222	2	0.0	0.0	0.0	0.0	2	1.0478708744343714	8.829090893048479	230.0	27	1.05	0.95				
	223	2	0.0	0.0	0.0	0.0	2	1.026317363820571	0.9990392416701317	230.0	25	1.05	0.95				
	224	1	0.0	0.0	0.0	0.0	2	1.0070964653836905	-2.361712538982846	230.0	26	1.05	0.95				
	301	2	46.63714013052632	9.500158174736843	0.0	0.0	3	1.0065943372456603	-20.806268305860716	138.0	31	1.05	0.95				
	302	2	41.88706104315789	8.636507431578949	0.0	0.0	3	1.0064757520262873	-20.92118158185997	138.0	32	1.05	0.95				
	303	1	77.72856688421052	15.977538748421052	0.0	0.0	3	1.0256298548446783	-15.142632322426419	138.0	31	1.05	0.95				
	304	1	31.955077496842105	6.4773805736842105	0.0	0.0	3	1.0103493364338871	-19.395559223972068	138.0	31	1.05	0.95				
	305	1	30.65960138210526	6.045555202105263	0.0	0.0	3	1.022713835207048	-20.34074833947344	138.0	31	1.05	0.95				
	306	1	58.728250534736844	12.091110404210527	0.0	-100.0	3	1.0399816650070761	-20.594616640350157	138.0	32	1.05	0.95				
	307	2	53.97817144736842	10.795634289473684	0.0	0.0	3	0.9927701126971399	-25.152040154273863	138.0	32	1.05	0.95				
	308	1	73.84213854	15.113888005263156	0.0	0.0	3	0.9994644828699518	-23.21158544456115	138.0	32	1.05	0.95				
	309	1	75.56944002631579	15.545713376842105	0.0	0.0	3	1.0271761141072338	-16.38481621123545	138.0	33	1.05	0.95				
	310	1	84.20594745789474	17.273014863157897	0.0	0.0	3	1.05	-18.484760335009877	138.0	33	1.05	0.95				
	311	1	0.0	0.0	0.0	0.0	3	1.0082278943356726	-12.998005147666058	230.0	33	1.05	0.95				
	312	1	0.0	0.0	0.0	0.0	3	1.0128754334783676	-12.200191815446981	230.0	33	1.05	0.95				
	313	2	114.43372346842105	23.31857006526316	0.0	0.0	3	1.0122307510511546	-9.322695385278061	230.0	34	1.05	0.95				
	314	2	83.77412208631578	16.841189491578948	0.0	0.0	3	1.0062683176319407	-11.67453583619577	230.0	36	1.05	0.95				
	315	2	136.88864279052632	27.636823781052634	0.0	0.0	3	1.0307333467599582	-7.889252666919543	230.0	36	1.05	0.95				
	316	2	43.182537157894735	8.636507431578949	0.0	0.0	3	1.030510670514454	-7.228447969747301	230.0	36	1.05	0.95				
	317	1	0.0	0.0	0.0	0.0	3	1.0369223936697618	-4.966329198986024	230.0	37	1.05	0.95				
	318	2	143.79784873578947	29.364125267368422	0.0	0.0	3	1.0346550334934288	-5.471108144784451	230.0	37	1.05	0.95				
	319	1	78.16039225578947	15.977538748421052	0.0	0.0	3	1.029391956009972	-7.336330301095984	230.0	35	1.05	0.95				
	320	1	55.27364756210527	11.227459661052631	0.0	0.0	3	1.031306573335194	-6.592792328829886	230.0	35	1.05	0.95				
	321	2	0.0	0.0	0.0	0.0	3	1.0356798100933982	-5.732094790917993	230.0	37	1.05	0.95				
	322	2	0.0	0.0	0.0	0.0	3	1.0494659428227062	-1.120224317597098	230.0	37	1.05	0.95				
	323	2	0.0	0.0	0.0	0.0	3	1.0331143865336794	-5.856451400669515	230.0	35	1.05	0.95				
	324	1	0.0	0.0	0.0	0.0	3	1.0194566691897247	-10.61672015839966	230.0	36	1.05	0.95				
	325	1	0.0	0.0	0.0	0.0	3	1.0279115351064476	-4.300912052899009	230.0	35	1.05	0.95				
];
