%% MATPOWER Case Format : Version 2
function mpc = RTS_GMLC
mpc.version = '2';

%%-----  Power Flow Data  -----%%
%% system MVA base
mpc.baseMVA = 100.0;
%% bus data
%    bus_i    type    Pd    Qd    Gs    Bs    area    Vm    Va    baseKV    zone    Vmax    Vmin
mpc.bus = [
	101	2	74.6274121768421	15.201880258245613	0.0	0.0	1	1.0438034090031456	-0.36319347122672996	138.0	11	1.05	0.95				
	102	2	67.02647204771928	13.81989114385965	0.0	0.0	1	1.042608234311802	-0.7619406691302646	138.0	12	1.05	0.95				
	103	1	124.37902029473685	25.566798616140353	0.0	0.0	1	1.0253671004513394	-0.47454260655618	138.0	11	1.05	0.95				
	104	1	51.13359723228071	10.364918357894735	0.0	0.0	1	1.0232216049842637	-3.9195969177386427	138.0	11	1.05	0.95				
	105	1	49.060613560701746	9.673923800701754	0.0	0.0	1	1.0370206219594675	-4.36827933026322	138.0	11	1.05	0.95				
	106	1	93.97525977824561	19.347847601403508	0.0	-100.0	1	1.039698850838394	-7.325026766216799	138.0	12	1.05	0.95				
	107	2	86.3743196491228	17.274863929824562	0.0	0.0	1	1.001057512425169	-15.445715426503584	138.0	12	1.05	0.95				
	108	1	118.16006928	24.184809501754383	0.0	0.0	1	0.9945001407864476	-13.392064048451354	138.0	12	1.05	0.95				
	109	1	120.92404750877192	24.875804058947367	0.0	0.0	1	1.0251445650317357	-4.6800498022574635	138.0	13	1.05	0.95				
	110	1	134.74393865263156	27.6397822877193	0.0	0.0	1	1.05	-6.303968626238706	138.0	13	1.05	0.95				
	111	1	0.0	0.0	0.0	0.0	1	1.016752477561043	-1.3225467612618007	230.0	13	1.05	0.95				
	112	1	0.0	0.0	0.0	0.0	1	1.0173332693194126	-1.2957004575218816	230.0	13	1.05	0.95				
	113	3	183.11355765614033	37.31370608842105	0.0	0.0	1	1.0174388990454586	2.9497786677591598e-30	230.0	14	1.05	0.95				
	114	2	134.05294409543856	26.948787730526313	0.0	0.0	1	1.0256393422137116	1.6800439717870521	230.0	16	1.05	0.95				
	115	2	219.0452746301754	44.223651660350875	0.0	0.0	1	1.0428176199014172	11.378700083059286	230.0	16	1.05	0.95				
	116	2	69.09945571929825	13.81989114385965	0.0	0.0	1	1.0412938695833074	10.146534144561059	230.0	16	1.05	0.95				
	117	1	0.0	0.0	0.0	0.0	1	1.043669899516705	14.85222919941525	230.0	17	1.05	0.95				
	118	2	230.10118754526317	46.98762988912281	0.0	0.0	1	1.05	15.295179782384851	230.0	17	1.05	0.95				
	119	1	125.07001485192981	25.566798616140353	0.0	0.0	1	1.0355056449610882	7.34261389751247	230.0	15	1.05	0.95				
	120	1	88.44730332070175	17.965858487017545	0.0	0.0	1	1.0372437170098094	5.951595663031021	230.0	15	1.05	0.95				
	121	2	0.0	0.0	0.0	0.0	1	1.05	17.057874590399756	230.0	17	1.05	0.95				
	122	2	0.0	0.0	0.0	0.0	1	1.05	30.673295505393913	230.0	17	1.05	0.95				
	123	2	0.0	0.0	0.0	0.0	1	1.0399367760244684	5.701642748165512	230.0	15	1.05	0.95				
	124	1	0.0	0.0	0.0	0.0	1	1.0214186002083638	6.9659559264764646	230.0	16	1.05	0.95				
	201	2	75.9212970063158	15.46544939017544	0.0	0.0	2	1.0333817595001145	-14.459712892099878	138.0	21	1.05	0.95				
	202	2	68.18857231122809	14.059499445614037	0.0	0.0	2	1.033918993418338	-14.433930021650385	138.0	22	1.05	0.95				
	203	1	126.53549501052632	26.010073974385968	0.0	0.0	2	1.0159941127141277	-13.106274546364798	138.0	21	1.05	0.95				
	204	1	52.020147948771935	10.544624584210528	0.0	0.0	2	1.0168948888962328	-15.733583982944833	138.0	21	1.05	0.95				
	205	1	49.91122303192982	9.841649611929828	0.0	0.0	2	1.0328216664646563	-16.023833550178146	138.0	21	1.05	0.95				
	206	1	95.60459623017546	19.683299223859656	0.0	-100.0	2	1.0385374661660434	-17.546631950790594	138.0	22	1.05	0.95				
	207	2	87.87187153508773	17.574374307017546	0.0	0.0	2	0.9699543819606951	-27.95019912791325	138.0	22	1.05	0.95				
	208	1	120.20872026	24.60412402982456	0.0	0.0	2	0.9728772164936842	-24.487326431893806	138.0	22	1.05	0.95				
	209	1	123.02062014912283	25.307099002105264	0.0	0.0	2	1.0249955093351295	-13.941855469939101	138.0	23	1.05	0.95				
	210	1	137.08011959473686	28.118998891228074	0.0	0.0	2	1.05	-15.386868529952725	138.0	23	1.05	0.95				
	211	1	0.0	0.0	0.0	0.0	2	1.0232519001383755	-10.041058213533201	230.0	23	1.05	0.95				
	212	1	0.0	0.0	0.0	0.0	2	1.021988094856794	-5.637688976575501	230.0	23	1.05	0.95				
	213	2	186.28836765438598	37.9606485031579	0.0	0.0	2	1.0305133336628742	-7.439983412110621	230.0	24	1.05	0.95				
	214	2	136.37714462245617	27.416023918947374	0.0	0.0	2	1.034508316762019	-7.7887553814812955	230.0	26	1.05	0.95				
	215	2	222.84306621298248	44.99039822596492	0.0	0.0	2	1.0419845730511275	-0.13875155967592454	230.0	26	1.05	0.95				
	216	2	70.29749722807018	14.059499445614037	0.0	0.0	2	1.0435095248016457	-0.276003512263917	230.0	26	1.05	0.95				
	217	1	0.0	0.0	0.0	0.0	2	1.0452900569326478	2.3471909430317215	230.0	27	1.05	0.95				
	218	2	234.09066576947373	47.80229811508773	0.0	0.0	2	1.0455426218284964	2.2896665005822032	230.0	27	1.05	0.95				
	219	1	127.23846998280703	26.010073974385968	0.0	0.0	2	1.0412027970821454	-0.09092879287077836	230.0	25	1.05	0.95				
	220	1	89.98079645192983	18.27734927929825	0.0	0.0	2	1.0453491838537299	1.3898936961828454	230.0	25	1.05	0.95				
	221	2	0.0	0.0	0.0	0.0	2	1.0459011242419738	2.252945528752665	230.0	27	1.05	0.95				
	222	2	0.0	0.0	0.0	0.0	2	1.05	8.79846274396865	230.0	27	1.05	0.95				
	223	2	0.0	0.0	0.0	0.0	2	1.05	2.7105675423346125	230.0	25	1.05	0.95				
	224	1	0.0	0.0	0.0	0.0	2	1.0158918003659898	-4.929799789115998	230.0	26	1.05	0.95				
	301	2	69.32363176421053	14.121480544561404	0.0	0.0	3	1.0010260812335903	-1.6794323683760715	138.0	31	1.05	0.95				
	302	2	62.26289149192983	12.837709585964916	0.0	0.0	3	1.0006663589227003	-1.7886931469492573	138.0	32	1.05	0.95				
	303	1	115.53938627368423	23.74976273403509	0.0	0.0	3	1.0232674080877375	3.9227425024101916	138.0	31	1.05	0.95				
	304	1	47.49952546807018	9.628282189473685	0.0	0.0	3	1.0029798582141327	0.31021423324961567	138.0	31	1.05	0.95				
	305	1	45.57386903017544	8.98639671017544	0.0	0.0	3	1.0158941613409609	-0.02427887443760543	138.0	31	1.05	0.95				
	306	1	87.29642518456143	17.97279342035088	0.0	-100.0	3	1.0319325932639654	0.18766686198964755	138.0	32	1.05	0.95				
	307	2	80.23568491228072	16.04713698245614	0.0	0.0	3	0.9926476142142677	-5.226501476593359	138.0	32	1.05	0.95				
	308	1	109.76241696000002	22.4659917754386	0.0	0.0	3	0.9972919484309101	-2.247232901701758	138.0	32	1.05	0.95				
	309	1	112.329958877193	23.107877254736845	0.0	0.0	3	1.0278811152804488	4.634910323443043	138.0	33	1.05	0.95				
	310	1	125.1676684631579	25.675419171929832	0.0	0.0	3	1.05	3.683809573937421	138.0	33	1.05	0.95				
	311	1	0.0	0.0	0.0	0.0	3	1.0179302128627548	10.426624544889098	230.0	33	1.05	0.95				
	312	1	0.0	0.0	0.0	0.0	3	1.0213888497000208	11.593581727855538	230.0	33	1.05	0.95				
	313	2	170.0996520140351	34.661815882105266	0.0	0.0	3	1.0389614237259936	17.608090711424918	230.0	34	1.05	0.95				
	314	2	124.52578298385966	25.033533692631583	0.0	0.0	3	1.021751599583242	10.282875969696	230.0	36	1.05	0.95				
	315	2	203.4776969375439	41.080670675087724	0.0	0.0	3	1.0379650035423669	7.736505127445713	230.0	36	1.05	0.95				
	316	2	64.18854792982457	12.837709585964916	0.0	0.0	3	1.0381615662896906	8.849506349996373	230.0	36	1.05	0.95				
	317	1	0.0	0.0	0.0	0.0	3	1.045873919938637	9.94536562052418	230.0	37	1.05	0.95				
	318	2	213.74786460631583	43.648212592280714	0.0	0.0	3	1.0432852877075975	8.127396811464367	230.0	37	1.05	0.95				
	319	1	116.18127175298247	23.74976273403509	0.0	0.0	3	1.0363333534913708	10.879560244312778	230.0	35	1.05	0.95				
	320	1	82.16134135017545	16.689022461754387	0.0	0.0	3	1.037569972473316	12.481678847582282	230.0	35	1.05	0.95				
	321	2	0.0	0.0	0.0	0.0	3	1.0426605428703637	8.59604854219048	230.0	37	1.05	0.95				
	322	2	0.0	0.0	0.0	0.0	3	1.05	13.456003695744837	230.0	37	1.05	0.95				
	323	2	0.0	0.0	0.0	0.0	3	1.038733814545223	13.235538039979048	230.0	35	1.05	0.95				
	324	1	0.0	0.0	0.0	0.0	3	1.028558394373203	8.216659866822367	230.0	36	1.05	0.95				
	325	1	0.0	0.0	0.0	0.0	3	1.0397053914871757	13.563352188864437	230.0	35	1.05	0.95				
];
