%% MATPOWER Case Format : Version 2
function mpc = RTS_GMLC
mpc.version = '2';

%%-----  Power Flow Data  -----%%
%% system MVA base
mpc.baseMVA = 100.0;
%% bus data
%    bus_i    type    Pd    Qd    Gs    Bs    area    Vm    Va    baseKV    zone    Vmax    Vmin
mpc.bus = [
	101	2	44.514596728421054	9.06778822245614	0.0	0.0	1	1.0306816843902977	2.0584021757938684	138.0	11	1.05	0.95				
	102	2	39.98070261719298	8.243443838596493	0.0	0.0	1	1.0297240633825708	1.7639519608984418	138.0	12	1.05	0.95				
	103	1	74.19099454736843	15.250371101403509	0.0	0.0	1	1.030488636729136	1.6609644769772174	138.0	11	1.05	0.95				
	104	1	30.500742202807018	6.182582878947368	0.0	0.0	1	1.0200687136928661	-1.2727780179721566	138.0	11	1.05	0.95				
	105	1	29.26422562701754	5.770410687017544	0.0	0.0	1	1.0345530268667318	-1.1661985257757361	138.0	11	1.05	0.95				
	106	1	56.055418102456144	11.540821374035088	0.0	-100.0	1	1.0450111441873986	-3.4351823892862456	138.0	12	1.05	0.95				
	107	2	51.521523991228065	10.304304798245614	0.0	0.0	1	0.9989065822646964	-10.867156986654079	138.0	12	1.05	0.95				
	108	1	70.48144482000001	14.426026717543857	0.0	0.0	1	1.0027750044331964	-8.62856276880098	138.0	12	1.05	0.95				
	109	1	72.1301335877193	14.838198909473684	0.0	0.0	1	1.0245443958511389	-2.0756616250555937	138.0	13	1.05	0.95				
	110	1	80.37357742631579	16.486887677192986	0.0	0.0	1	1.05	-3.125773442669847	138.0	13	1.05	0.95				
	111	1	0.0	0.0	0.0	0.0	1	1.0053705839278844	0.1097869475709812	230.0	13	1.05	0.95				
	112	1	0.0	0.0	0.0	0.0	1	1.009562723119407	-0.6432610830830379	230.0	13	1.05	0.95				
	113	3	109.22563086140352	22.257298364210527	0.0	0.0	1	0.997392801943816	1.7674091323193907e-34	230.0	14	1.05	0.95				
	114	2	79.96140523438596	16.07471548526316	0.0	0.0	1	1.0062027003085814	3.027548058682922	230.0	16	1.05	0.95				
	115	2	130.6585848417544	26.379020283508776	0.0	0.0	1	1.0425114924811145	11.021634223817177	230.0	16	1.05	0.95				
	116	2	41.217219192982455	8.243443838596493	0.0	0.0	1	1.0357311827667421	9.515514271940827	230.0	16	1.05	0.95				
	117	1	0.0	0.0	0.0	0.0	1	1.0411386327835346	14.5617183606974	230.0	17	1.05	0.95				
	118	2	137.2533399126316	28.027709051228072	0.0	0.0	1	1.0494994958600412	15.099859765508052	230.0	17	1.05	0.95				
	119	1	74.60316673929826	15.250371101403509	0.0	0.0	1	1.0247692272563929	6.00676761314835	230.0	15	1.05	0.95				
	120	1	52.75804056701755	10.716476990175439	0.0	0.0	1	1.0206287077997742	3.72361039102096	230.0	15	1.05	0.95				
	121	2	0.0	0.0	0.0	0.0	1	1.05	16.591653032141203	230.0	17	1.05	0.95				
	122	2	0.0	0.0	0.0	0.0	1	1.05	30.924717801523137	230.0	17	1.05	0.95				
	123	2	0.0	0.0	0.0	0.0	1	1.0191646196189932	2.782556708362053	230.0	15	1.05	0.95				
	124	1	0.0	0.0	0.0	0.0	1	1.026251369803534	7.522498845473098	230.0	16	1.05	0.95				
	201	2	47.65055877473684	9.706595305964912	0.0	0.0	2	1.0129232996967128	-16.414039697488988	138.0	21	1.05	0.95				
	202	2	42.79726112175438	8.824177550877193	0.0	0.0	2	1.0122190279559322	-16.669335327788794	138.0	22	1.05	0.95				
	203	1	79.41759795789474	16.324728469122807	0.0	0.0	2	1.0142036369396898	-12.036634104126838	138.0	21	1.05	0.95				
	204	1	32.64945693824561	6.618133163157894	0.0	0.0	2	1.0110819494306162	-16.340540029186833	138.0	21	1.05	0.95				
	205	1	31.325830305614033	6.176924285614035	0.0	0.0	2	1.0260426162317673	-16.837830589225845	138.0	21	1.05	0.95				
	206	1	60.004407345964914	12.35384857122807	0.0	-100.0	2	1.0411167631921863	-17.60403003898781	138.0	22	1.05	0.95				
	207	2	55.151109692982445	11.03022193859649	0.0	0.0	2	0.9933547743302953	-23.00127796649406	138.0	22	1.05	0.95				
	208	1	75.44671806	15.442310714035084	0.0	0.0	2	0.9985387311280391	-20.992668277488463	138.0	22	1.05	0.95				
	209	1	77.21155357017544	15.883519591578946	0.0	0.0	2	1.0231143925934854	-14.244588480803413	138.0	23	1.05	0.95				
	210	1	86.03573112105263	17.648355101754387	0.0	0.0	2	1.05	-15.842290254947507	138.0	23	1.05	0.95				
	211	1	0.0	0.0	0.0	0.0	2	1.009072610313086	-10.985658840466726	230.0	23	1.05	0.95				
	212	1	0.0	0.0	0.0	0.0	2	1.0103563336402088	-9.960494721234177	230.0	23	1.05	0.95				
	213	2	116.92035254912278	23.82527938736842	0.0	0.0	2	1.0083217437684109	-9.299188811704495	230.0	24	1.05	0.95				
	214	2	85.59452224350876	17.207146224210526	0.0	0.0	2	1.01205275359909	-8.327933796130228	230.0	26	1.05	0.95				
	215	2	139.8632141814035	28.237368162807012	0.0	0.0	2	1.0249208779329984	-1.7176588830315374	230.0	26	1.05	0.95				
	216	2	44.12088775438596	8.824177550877193	0.0	0.0	2	1.0273276174717718	-1.874565657150134	230.0	26	1.05	0.95				
	217	1	0.0	0.0	0.0	0.0	2	1.029970115121746	-0.27096994366569105	230.0	27	1.05	0.95				
	218	2	146.92255622210527	30.002203672982457	0.0	0.0	2	1.0290717344529503	-0.8331524777285222	230.0	27	1.05	0.95				
	219	1	79.85880683543859	16.324728469122807	0.0	0.0	2	1.0297989183215974	-1.6072353109886393	230.0	25	1.05	0.95				
	220	1	56.474736325614025	11.47143081614035	0.0	0.0	2	1.0350138908640707	-0.5240047760917452	230.0	25	1.05	0.95				
	221	2	0.0	0.0	0.0	0.0	2	1.0309200482136307	-0.3235944700534181	230.0	27	1.05	0.95				
	222	2	0.0	0.0	0.0	0.0	2	1.05	6.190121888249554	230.0	27	1.05	0.95				
	223	2	0.0	0.0	0.0	0.0	2	1.0388109031057216	0.3985231280252587	230.0	25	1.05	0.95				
	224	1	0.0	0.0	0.0	0.0	2	1.0082237602047088	-5.581257935963775	230.0	26	1.05	0.95				
	301	2	43.476747877894745	8.856374567719298	0.0	0.0	3	1.0093566990972112	4.664680494629617	138.0	31	1.05	0.95				
	302	2	39.04856059403509	8.051249607017546	0.0	0.0	3	1.0092873763483508	4.364133241694115	138.0	32	1.05	0.95				
	303	1	72.4612464631579	14.894811772982457	0.0	0.0	3	1.0467631195474636	16.66803532730061	138.0	31	1.05	0.95				
	304	1	29.789623545964915	6.038437205263158	0.0	0.0	3	1.0117144350838365	5.593857924197828	138.0	31	1.05	0.95				
	305	1	28.58193610491228	5.635874724912282	0.0	0.0	3	1.0247475247070816	3.484746582515049	138.0	31	1.05	0.95				
	306	1	54.748497327719306	11.271749449824563	0.0	-100.0	3	1.041365695824361	2.3358142389412904	138.0	32	1.05	0.95				
	307	2	50.32031004385965	10.06406200877193	0.0	0.0	3	0.9832764092499878	-1.1667279171655516	138.0	32	1.05	0.95				
	308	1	68.83818414000001	14.089686812280702	0.0	0.0	3	0.9945958809622201	0.5916579880939579	138.0	32	1.05	0.95				
	309	1	70.4484340614035	14.492249292631579	0.0	0.0	3	1.0258886217368235	8.252984778660634	138.0	33	1.05	0.95				
	310	1	78.49968366842106	16.10249921403509	0.0	0.0	3	1.05	3.60825209123478	138.0	33	1.05	0.95				
	311	1	0.0	0.0	0.0	0.0	3	1.0095236131341425	7.1617489036663065	230.0	33	1.05	0.95				
	312	1	0.0	0.0	0.0	0.0	3	1.0154621768140983	7.917432041430806	230.0	33	1.05	0.95				
	313	2	106.67905729298246	21.738373938947372	0.0	0.0	3	1.0125183485640028	9.736737971708482	230.0	34	1.05	0.95				
	314	2	78.09712118807018	15.699936733684211	0.0	0.0	3	1.0016794948272827	6.232643508908877	230.0	36	1.05	0.95				
	315	2	127.61230627122808	25.76399874245614	0.0	0.0	3	1.0387311307430382	7.676147160847976	230.0	36	1.05	0.95				
	316	2	40.25624803508772	8.051249607017546	0.0	0.0	3	1.0294329784702843	7.339018070720766	230.0	36	1.05	0.95				
	317	1	0.0	0.0	0.0	0.0	3	1.0413911675338305	9.147921958492535	230.0	37	1.05	0.95				
	318	2	134.0533059568421	27.374248663859653	0.0	0.0	3	1.0409165697576679	7.744861955575758	230.0	37	1.05	0.95				
	319	1	72.86380894350877	14.894811772982457	0.0	0.0	3	1.023401827489811	7.3987875464914445	230.0	35	1.05	0.95				
	320	1	51.52799748491228	10.466624489122808	0.0	0.0	3	1.020758011667882	8.243912219557878	230.0	35	1.05	0.95				
	321	2	0.0	0.0	0.0	0.0	3	1.041505108091378	8.300482089594222	230.0	37	1.05	0.95				
	322	2	0.0	0.0	0.0	0.0	3	1.05	12.954616366443426	230.0	37	1.05	0.95				
	323	2	0.0	0.0	0.0	0.0	3	1.019987817824035	9.026195244195533	230.0	35	1.05	0.95				
	324	1	0.0	0.0	0.0	0.0	3	1.038910871767828	11.118138867920832	230.0	36	1.05	0.95				
	325	1	0.0	0.0	0.0	0.0	3	1.0213484492763327	9.687499411962524	230.0	35	1.05	0.95				
];
