%% MATPOWER Case Format : Version 2
function mpc = RTS_GMLC
mpc.version = '2';

%%-----  Power Flow Data  -----%%
%% system MVA base
mpc.baseMVA = 100.0;
%% bus data
%    bus_i    type    Pd    Qd    Gs    Bs    area    Vm    Va    baseKV    zone    Vmax    Vmin
mpc.bus = [
	101	2	48.73626917052632	9.927758534736842	0.0	0.0	1	1.0145471239877129	2.0171166608092603	138.0	11	1.05	0.95				
	102	2	43.772389903157894	9.025235031578948	0.0	0.0	1	1.0134645975521195	1.6908820279002355	138.0	12	1.05	0.95				
	103	1	81.22711528421053	16.696684808421054	0.0	0.0	1	1.0231635582079113	2.4368547753539382	138.0	11	1.05	0.95				
	104	1	33.39336961684211	6.76892627368421	0.0	0.0	1	1.0121351593926764	-1.4416374626953847	138.0	11	1.05	0.95				
	105	1	32.03958436210526	6.317664522105264	0.0	0.0	1	1.025648868043255	-1.416400246038682	138.0	11	1.05	0.95				
	106	1	61.37159821473684	12.635329044210527	0.0	-100.0	1	1.0398222335298013	-3.8169086127060536	138.0	12	1.05	0.95				
	107	2	56.40771894736842	11.281543789473684	0.0	0.0	1	0.9866263056301539	-11.781935278526188	138.0	12	1.05	0.95				
	108	1	77.16575952	15.794161305263158	0.0	0.0	1	0.994041121913666	-9.335444902722076	138.0	12	1.05	0.95				
	109	1	78.9708065263158	16.245423056842103	0.0	0.0	1	1.0249666394106838	-2.112170710946105	138.0	13	1.05	0.95				
	110	1	87.99604155789473	18.050470063157896	0.0	0.0	1	1.05	-3.4002832469694857	138.0	13	1.05	0.95				
	111	1	0.0	0.0	0.0	0.0	1	1.019985237293156	0.4395842479465112	230.0	13	1.05	0.95				
	112	1	0.0	0.0	0.0	0.0	1	1.0156790794874346	-0.6680520452838813	230.0	13	1.05	0.95				
	113	3	119.58436416842105	24.36813458526316	0.0	0.0	1	1.0023190484337163	1.7403531284603189e-28	230.0	14	1.05	0.95				
	114	2	87.54477980631579	17.59920831157895	0.0	0.0	1	1.0455879151808778	3.924792836956331	230.0	16	1.05	0.95				
	115	2	143.04997525052633	28.880752101052632	0.0	0.0	1	1.037853835674869	13.791362782303343	230.0	16	1.05	0.95				
	116	2	45.126175157894735	9.025235031578948	0.0	0.0	1	1.038357766835791	11.799642309191185	230.0	16	1.05	0.95				
	117	1	0.0	0.0	0.0	0.0	1	1.0369326427017902	18.120526939805345	230.0	17	1.05	0.95				
	118	2	150.27016327578949	30.68579910736842	0.0	0.0	1	1.045757522077335	18.826316490474493	230.0	17	1.05	0.95				
	119	1	81.67837703578947	16.696684808421054	0.0	0.0	1	1.034353363701705	7.266416178416581	230.0	15	1.05	0.95				
	120	1	57.761504202105264	11.732805541052633	0.0	0.0	1	1.0385485204952651	4.194759290242898	230.0	15	1.05	0.95				
	121	2	0.0	0.0	0.0	0.0	1	1.040554495736824	20.618303634443226	230.0	17	1.05	0.95				
	122	2	0.0	0.0	0.0	0.0	1	1.05	38.601706723654374	230.0	17	1.05	0.95				
	123	2	0.0	0.0	0.0	0.0	1	1.042225689707113	2.852584607673831	230.0	15	1.05	0.95				
	124	1	0.0	0.0	0.0	0.0	1	1.0182091504853588	9.554233294018657	230.0	16	1.05	0.95				
	201	2	51.390524160000005	10.468440106666668	0.0	0.0	2	1.008466104617076	-18.236211703751255	138.0	21	1.05	0.95				
	202	2	46.15630410666667	9.516763733333335	0.0	0.0	2	1.007720180549896	-18.54589578432408	138.0	22	1.05	0.95				
	203	1	85.65087360000001	17.606012906666667	0.0	0.0	2	1.0108636528371417	-13.162338217994867	138.0	21	1.05	0.95				
	204	1	35.212025813333334	7.1375728	0.0	0.0	2	1.0082904143885043	-17.883553022483557	138.0	21	1.05	0.95				
	205	1	33.784511253333335	6.661734613333335	0.0	0.0	2	1.0232240935149677	-18.44007644950772	138.0	21	1.05	0.95				
	206	1	64.71399338666669	13.32346922666667	0.0	-100.0	2	1.0390206341880923	-19.128648654819422	138.0	22	1.05	0.95				
	207	2	59.47977333333334	11.895954666666668	0.0	0.0	2	0.9911829272521175	-24.884317909913754	138.0	22	1.05	0.95				
	208	1	81.36832992000001	16.654336533333332	0.0	0.0	2	0.9958423160536033	-22.692111018738423	138.0	22	1.05	0.95				
	209	1	83.27168266666668	17.130174720000003	0.0	0.0	2	1.0233315629094777	-15.374927459304336	138.0	23	1.05	0.95				
	210	1	92.78844640000001	19.03352746666667	0.0	0.0	2	1.05	-17.11082270587043	138.0	23	1.05	0.95				
	211	1	0.0	0.0	0.0	0.0	2	1.012874286296172	-11.753214930884235	230.0	23	1.05	0.95				
	212	1	0.0	0.0	0.0	0.0	2	1.013990014048333	-10.513270413883488	230.0	23	1.05	0.95				
	213	2	126.09711946666668	25.695262080000003	0.0	0.0	2	1.0168743378978609	-9.780317676638889	230.0	24	1.05	0.95				
	214	2	92.31260821333333	18.55768928	0.0	0.0	2	1.0170005139794194	-8.963181823842396	230.0	26	1.05	0.95				
	215	2	150.84070517333333	30.45364394666667	0.0	0.0	2	1.0305321927703874	-2.0869735064103936	230.0	26	1.05	0.95				
	216	2	47.58381866666667	9.516763733333335	0.0	0.0	2	1.0343017905067733	-2.146871312425901	230.0	26	1.05	0.95				
	217	1	0.0	0.0	0.0	0.0	2	1.0378287505214037	-0.5582603079863647	230.0	27	1.05	0.95				
	218	2	158.45411616	32.35699669333334	0.0	0.0	2	1.0356178709304682	-1.1944973170522517	230.0	27	1.05	0.95				
	219	1	86.12671178666668	17.606012906666667	0.0	0.0	2	1.038118966183274	-1.54838730632571	230.0	25	1.05	0.95				
	220	1	60.90728789333334	12.371792853333336	0.0	0.0	2	1.0449886890249818	-0.13070502617463983	230.0	25	1.05	0.95				
	221	2	0.0	0.0	0.0	0.0	2	1.036356235642996	-0.6877764187357268	230.0	27	1.05	0.95				
	222	2	0.0	0.0	0.0	0.0	2	1.05	5.8628271412690545	230.0	27	1.05	0.95				
	223	2	0.0	0.0	0.0	0.0	2	1.05	0.9900495396029952	230.0	25	1.05	0.95				
	224	1	0.0	0.0	0.0	0.0	2	1.0094860134303512	-6.1988819490101985	230.0	26	1.05	0.95				
	301	2	62.76368239578948	12.785194562105263	0.0	0.0	3	1.0349989902883527	7.881280764914314	138.0	31	1.05	0.95				
	302	2	56.37108511473684	11.622904147368422	0.0	0.0	3	1.0304830977876576	7.533190325151607	138.0	32	1.05	0.95				
	303	1	104.60613732631579	21.50237267263158	0.0	0.0	3	1.05	25.041408792728536	138.0	31	1.05	0.95				
	304	1	43.00474534526316	8.717178110526316	0.0	0.0	3	1.0092328538159538	9.641013625158285	138.0	31	1.05	0.95				
	305	1	41.26130972315789	8.136032903157894	0.0	0.0	3	1.030007477533791	6.756368189542985	138.0	31	1.05	0.95				
	306	1	79.03574820210525	16.272065806315787	0.0	-100.0	3	1.0329218554203174	5.460822074212249	138.0	32	1.05	0.95				
	307	2	72.64315092105262	14.528630184210526	0.0	0.0	3	0.95	5.95918281606077	138.0	32	1.05	0.95				
	308	1	99.37583045999999	20.340082257894736	0.0	0.0	3	0.965120554874884	5.9943912680655735	138.0	32	1.05	0.95				
	309	1	101.70041128947366	20.921227465263158	0.0	0.0	3	1.0123286514007706	13.82508309400607	138.0	33	1.05	0.95				
	310	1	113.32331543684208	23.245808294736843	0.0	0.0	3	1.0391086181378406	7.470689391960258	138.0	33	1.05	0.95				
	311	1	0.0	0.0	0.0	0.0	3	0.9991614227276023	12.393452520566594	230.0	33	1.05	0.95				
	312	1	0.0	0.0	0.0	0.0	3	1.0038980589665034	12.843253086764248	230.0	33	1.05	0.95				
	313	2	154.00347995263158	31.38184119789474	0.0	0.0	3	0.9999034387776132	14.507385967714713	230.0	34	1.05	0.95				
	314	2	112.74217022947369	22.66466308736842	0.0	0.0	3	0.9962648493086038	12.401450783355948	230.0	36	1.05	0.95				
	315	2	184.22303073578945	37.193293271578945	0.0	0.0	3	1.05	16.2407356718761	230.0	36	1.05	0.95				
	316	2	58.1145207368421	11.622904147368422	0.0	0.0	3	1.0378511180054244	15.914838596113013	230.0	36	1.05	0.95				
	317	1	0.0	0.0	0.0	0.0	3	1.05	20.679936486106303	230.0	37	1.05	0.95				
	318	2	193.5213540536842	39.51787410105263	0.0	0.0	3	1.044919248928791	17.370129218410632	230.0	37	1.05	0.95				
	319	1	105.18728253368421	21.50237267263158	0.0	0.0	3	1.0241068462775706	14.49337179973505	230.0	35	1.05	0.95				
	320	1	74.38658654315789	15.109775391578948	0.0	0.0	3	1.0171282527437402	14.372723977929958	230.0	35	1.05	0.95				
	321	2	0.0	0.0	0.0	0.0	3	1.0499999572485148	17.642296204749993	230.0	37	1.05	0.95				
	322	2	0.0	0.0	0.0	0.0	3	1.05	23.182556438134785	230.0	37	1.05	0.95				
	323	2	0.0	0.0	0.0	0.0	3	1.0145837144764278	14.760913214762233	230.0	35	1.05	0.95				
	324	1	0.0	0.0	0.0	0.0	3	1.0471355429475826	19.60501662401929	230.0	36	1.05	0.95				
	325	1	0.0	0.0	0.0	0.0	3	1.016188874605121	15.273773253070521	230.0	35	1.05	0.95				
];
