%% MATPOWER Case Format : Version 2
function mpc = RTS_GMLC
mpc.version = '2';

%%-----  Power Flow Data  -----%%
%% system MVA base
mpc.baseMVA = 100.0;
%% bus data
%    bus_i    type    Pd    Qd    Gs    Bs    area    Vm    Va    baseKV    zone    Vmax    Vmin
mpc.bus = [
	101	2	43.68629391157896	8.899059870877194	0.0	0.0	1	1.0300324257388813	0.4245658562736233	138.0	11	1.05	0.95				
	102	2	39.23676397614035	8.090054428070175	0.0	0.0	1	1.0278194164535972	-0.15864653905492454	138.0	12	1.05	0.95				
	103	1	72.81048985263159	14.966600691929823	0.0	0.0	1	1.0312486861987242	0.1423307408531698	138.0	11	1.05	0.95				
	104	1	29.933201383859647	6.067540821052632	0.0	0.0	1	1.021483214810175	-2.2481085390358513	138.0	11	1.05	0.95				
	105	1	28.719693219649123	5.663038099649124	0.0	0.0	1	1.0346254198153424	-2.3904736479127515	138.0	11	1.05	0.95				
	106	1	55.01237011087719	11.326076199298248	0.0	-100.0	1	1.0451514762903382	-4.500781650356766	138.0	12	1.05	0.95				
	107	2	50.562840175438595	10.112568035087719	0.0	0.0	1	1.001271306100426	-10.158648808698166	138.0	12	1.05	0.95				
	108	1	69.16996535999999	14.157595249122807	0.0	0.0	1	1.005355525511224	-8.554426025968791	138.0	12	1.05	0.95				
	109	1	70.78797624561403	14.562097970526317	0.0	0.0	1	1.0250491858966537	-2.8765502432316197	138.0	13	1.05	0.95				
	110	1	78.87803067368421	16.18010885614035	0.0	0.0	1	1.05	-3.9562699241958597	138.0	13	1.05	0.95				
	111	1	0.0	0.0	0.0	0.0	1	1.003592489042712	-0.7884446433695299	230.0	13	1.05	0.95				
	112	1	0.0	0.0	0.0	0.0	1	1.0079245319592984	-1.23289193548531	230.0	13	1.05	0.95				
	113	3	107.19322117192982	21.84314695578948	0.0	0.0	1	0.9959487818470155	-8.993905288309877e-29	230.0	14	1.05	0.95				
	114	2	78.4735279522807	15.775606134736844	0.0	0.0	1	1.0014235901295176	1.2895665044597626	230.0	16	1.05	0.95				
	115	2	128.2273626849123	25.888174169824563	0.0	0.0	1	1.0395311409105246	7.723668251103088	230.0	16	1.05	0.95				
	116	2	40.450272140350876	8.090054428070175	0.0	0.0	1	1.0346371451674068	6.537588546224774	230.0	16	1.05	0.95				
	117	1	0.0	0.0	0.0	0.0	1	1.041534116329397	10.55692705533324	230.0	17	1.05	0.95				
	118	2	134.69940622736843	27.506185055438596	0.0	0.0	1	1.0471867190648434	11.110329484026902	230.0	17	1.05	0.95				
	119	1	73.2149925740351	14.966600691929823	0.0	0.0	1	1.0230308053899881	3.8984702404989697	230.0	15	1.05	0.95				
	120	1	51.776348339649125	10.51707075649123	0.0	0.0	1	1.016731569949167	2.2076678993019496	230.0	15	1.05	0.95				
	121	2	0.0	0.0	0.0	0.0	1	1.0499999821641521	12.443432528438763	230.0	17	1.05	0.95				
	122	2	0.0	0.0	0.0	0.0	1	1.05	22.588825154759736	230.0	17	1.05	0.95				
	123	2	0.0	0.0	0.0	0.0	1	1.0138397639269017	1.5890646147024683	230.0	15	1.05	0.95				
	124	1	0.0	0.0	0.0	0.0	1	1.026647233311952	4.882169690329073	230.0	16	1.05	0.95				
	201	2	38.72564143578948	7.888556588771929	0.0	0.0	2	1.0144185714256144	-13.49444024355428	138.0	21	1.05	0.95				
	202	2	34.7813631414035	7.171415080701754	0.0	0.0	2	1.013469194543125	-13.774261706644221	138.0	22	1.05	0.95				
	203	1	64.5427357263158	13.267117899298245	0.0	0.0	2	1.0168101586274436	-9.82051666915512	138.0	21	1.05	0.95				
	204	1	26.53423579859649	5.378561310526315	0.0	0.0	2	1.0131685125481642	-13.533063518523207	138.0	21	1.05	0.95				
	205	1	25.458523536491224	5.019990556491228	0.0	0.0	2	1.027984948699443	-13.935116197683064	138.0	21	1.05	0.95				
	206	1	48.76562254877193	10.039981112982456	0.0	-100.0	2	1.0437901092928195	-14.653061603742042	138.0	22	1.05	0.95				
	207	2	44.82134425438596	8.964268850877193	0.0	0.0	2	0.9963755974556237	-18.86666713205159	138.0	22	1.05	0.95				
	208	1	61.315598939999994	12.549976391228068	0.0	0.0	2	1.003545446449018	-17.293723626436712	138.0	22	1.05	0.95				
	209	1	62.74988195614035	12.908547145263158	0.0	0.0	2	1.022698956808195	-11.843966229865698	138.0	23	1.05	0.95				
	210	1	69.9212970368421	14.342830161403509	0.0	0.0	2	1.05	-13.21971086641401	138.0	23	1.05	0.95				
	211	1	0.0	0.0	0.0	0.0	2	1.003353562931581	-9.09671268946506	230.0	23	1.05	0.95				
	212	1	0.0	0.0	0.0	0.0	2	1.0059514829105825	-8.63009538525228	230.0	23	1.05	0.95				
	213	2	95.02124981929823	19.36282071789474	0.0	0.0	2	0.9967012100232184	-7.995051610295414	230.0	24	1.05	0.95				
	214	2	69.562726282807	13.984259407368421	0.0	0.0	2	1.0038590577896904	-6.488825563683441	230.0	26	1.05	0.95				
	215	2	113.66692902912281	22.948528258245613	0.0	0.0	2	1.0217402680845817	-0.003119308009058306	230.0	26	1.05	0.95				
	216	2	35.85707540350877	7.171415080701754	0.0	0.0	2	1.0216592027580855	-0.6425544626251787	230.0	26	1.05	0.95				
	217	1	0.0	0.0	0.0	0.0	2	1.0261788067563158	0.8119505361219205	230.0	27	1.05	0.95				
	218	2	119.4040610936842	24.382811274385965	0.0	0.0	2	1.0258908986879223	0.557325682847027	230.0	27	1.05	0.95				
	219	1	64.90130648035087	13.267117899298245	0.0	0.0	2	1.0209191759424636	-1.259575866870666	230.0	25	1.05	0.95				
	220	1	45.897056516491226	9.32283960491228	0.0	0.0	2	1.0223767904178072	-1.085832290412527	230.0	25	1.05	0.95				
	221	2	0.0	0.0	0.0	0.0	2	1.0280181481550226	1.1621425430255812	230.0	27	1.05	0.95				
	222	2	0.0	0.0	0.0	0.0	2	1.049588397624949	7.519928046910811	230.0	27	1.05	0.95				
	223	2	0.0	0.0	0.0	0.0	2	1.0234488382922708	-0.7110056982263572	230.0	25	1.05	0.95				
	224	1	0.0	0.0	0.0	0.0	2	1.0078425821842127	-3.6997493528210263	230.0	26	1.05	0.95				
	301	2	52.052515010526314	10.603290094736842	0.0	0.0	3	1.0104284042653036	-5.559859322754241	138.0	31	1.05	0.95				
	302	2	46.750869963157896	9.639354631578948	0.0	0.0	3	1.0095416636828038	-5.760074365177026	138.0	32	1.05	0.95				
	303	1	86.75419168421053	17.83280606842105	0.0	0.0	3	1.0391344469403248	2.835726621797802	138.0	31	1.05	0.95				
	304	1	35.6656121368421	7.22951597368421	0.0	0.0	3	1.0106690549932709	-4.405769147226407	138.0	31	1.05	0.95				
	305	1	34.21970894210526	6.747548242105264	0.0	0.0	3	1.024038618527068	-5.373721953687247	138.0	31	1.05	0.95				
	306	1	65.54761149473684	13.495096484210528	0.0	-100.0	3	1.0392852026529464	-5.833732834655756	138.0	32	1.05	0.95				
	307	2	60.24596644736842	12.049193289473683	0.0	0.0	3	0.99257309604909	-11.132197553006593	138.0	32	1.05	0.95				
	308	1	82.4164821	16.868870605263155	0.0	0.0	3	0.9973819841150289	-8.919626141981837	138.0	32	1.05	0.95				
	309	1	84.34435302631579	17.350838336842102	0.0	0.0	3	1.0270100068621995	-1.3273266160026962	138.0	33	1.05	0.95				
	310	1	93.98370765789473	19.278709263157896	0.0	0.0	3	1.05	-3.637589751092268	138.0	33	1.05	0.95				
	311	1	0.0	0.0	0.0	0.0	3	1.0102363238909378	2.1500113427185075	230.0	33	1.05	0.95				
	312	1	0.0	0.0	0.0	0.0	3	1.0133539874080024	2.7331636750102892	230.0	33	1.05	0.95				
	313	2	127.72144886842105	26.026257505263157	0.0	0.0	3	1.014792185783117	6.67397747264503	230.0	34	1.05	0.95				
	314	2	93.50173992631579	18.79674153157895	0.0	0.0	3	1.0113655821975072	2.901037849222501	230.0	36	1.05	0.95				
	315	2	152.7837709105263	30.84593482105263	0.0	0.0	3	1.0370390597979902	5.213123193429693	230.0	36	1.05	0.95				
	316	2	48.19677315789473	9.639354631578948	0.0	0.0	3	1.0351249230876773	5.51722143372224	230.0	36	1.05	0.95				
	317	1	0.0	0.0	0.0	0.0	3	1.0461329005095241	8.988670469428882	230.0	37	1.05	0.95				
	318	2	160.49525461578946	32.77380574736842	0.0	0.0	3	1.04278702557185	6.853325473451082	230.0	37	1.05	0.95				
	319	1	87.23615941578947	17.83280606842105	0.0	0.0	3	1.0305434269024558	5.688577642676501	230.0	35	1.05	0.95				
	320	1	61.69186964210526	12.53116102105263	0.0	0.0	3	1.0279826246485542	5.908007493522481	230.0	35	1.05	0.95				
	321	2	0.0	0.0	0.0	0.0	3	1.0422211409055633	6.924491630200107	230.0	37	1.05	0.95				
	322	2	0.0	0.0	0.0	0.0	3	1.05	12.065449391912818	230.0	37	1.05	0.95				
	323	2	0.0	0.0	0.0	0.0	3	1.0269818057070794	6.2286110091803675	230.0	35	1.05	0.95				
	324	1	0.0	0.0	0.0	0.0	3	1.0333861449502453	4.925770532329594	230.0	36	1.05	0.95				
	325	1	0.0	0.0	0.0	0.0	3	1.028221606010915	6.768472339201361	230.0	35	1.05	0.95				
];
