%% MATPOWER Case Format : Version 2
function mpc = RTS_GMLC
mpc.version = '2';

%%-----  Power Flow Data  -----%%
%% system MVA base
mpc.baseMVA = 100.0;
%% bus data
%    bus_i    type    Pd    Qd    Gs    Bs    area    Vm    Va    baseKV    zone    Vmax    Vmin
mpc.bus = [
	101	2	52.55714993684211	10.706086098245613	0.0	0.0	1	1.032069882493794	0.9448791393580966	138.0	11	1.05	0.95				
	102	2	47.2041068877193	9.73280554385965	0.0	0.0	1	1.0310747675986296	0.6499661993537204	138.0	12	1.05	0.95				
	103	1	87.59524989473685	18.00569025614035	0.0	0.0	1	1.0286511955640916	0.986118423157903	138.0	11	1.05	0.95				
	104	1	36.0113805122807	7.299604157894738	0.0	0.0	1	1.0195606013866292	-2.05836812894168	138.0	11	1.05	0.95				
	105	1	34.551459680701754	6.812963880701756	0.0	0.0	1	1.0345051085944283	-2.0133848090070727	138.0	11	1.05	0.95				
	106	1	66.18307769824561	13.625927761403512	0.0	-100.0	1	1.0434633998791722	-4.197404144694173	138.0	12	1.05	0.95				
	107	2	60.83003464912281	12.166006929824562	0.0	0.0	1	1.0002880703069867	-9.385328445662816	138.0	12	1.05	0.95				
	108	1	83.2154874	17.032409701754386	0.0	0.0	1	1.002402496260151	-8.151851549093188	138.0	12	1.05	0.95				
	109	1	85.16204850877193	17.51904997894737	0.0	0.0	1	1.024787951666343	-2.295581198767192	138.0	13	1.05	0.95				
	110	1	94.89485405263159	19.4656110877193	0.0	0.0	1	1.05	-3.473290507622732	138.0	13	1.05	0.95				
	111	1	0.0	0.0	0.0	0.0	1	1.0077206434409105	0.028776783681710834	230.0	13	1.05	0.95				
	112	1	0.0	0.0	0.0	0.0	1	1.0103213358771495	0.05812805646255044	230.0	13	1.05	0.95				
	113	3	128.95967345614034	26.278574968421054	0.0	0.0	1	1.0003638371615056	5.704467347166313e-27	230.0	14	1.05	0.95				
	114	2	94.4082137754386	18.978970810526317	0.0	0.0	1	1.0108818475347112	3.0553480771731154	230.0	16	1.05	0.95				
	115	2	154.26496787017544	31.144977740350875	0.0	0.0	1	1.0437410360090815	11.055437622004742	230.0	16	1.05	0.95				
	116	2	48.66402771929825	9.73280554385965	0.0	0.0	1	1.04056027669575	10.156990984846102	230.0	16	1.05	0.95				
	117	1	0.0	0.0	0.0	0.0	1	1.043787159127161	13.636732118317264	230.0	17	1.05	0.95				
	118	2	162.05121230526316	33.091538849122806	0.0	0.0	1	1.0479914374128962	13.724635944156619	230.0	17	1.05	0.95				
	119	1	88.08189017192983	18.00569025614035	0.0	0.0	1	1.0322300113717457	8.079010357622876	230.0	15	1.05	0.95				
	120	1	62.28995548070175	12.652647207017544	0.0	0.0	1	1.029287007062963	7.193113636546951	230.0	15	1.05	0.95				
	121	2	0.0	0.0	0.0	0.0	1	1.05	14.935879235092264	230.0	17	1.05	0.95				
	122	2	0.0	0.0	0.0	0.0	1	1.05	27.136359184004277	230.0	17	1.05	0.95				
	123	2	0.0	0.0	0.0	0.0	1	1.0284373755112903	7.0760667052161805	230.0	15	1.05	0.95				
	124	1	0.0	0.0	0.0	0.0	1	1.0254806024647263	7.301394436406674	230.0	16	1.05	0.95				
	201	2	47.66755861894737	9.710058237192982	0.0	0.0	2	1.0261405319993357	-7.541078946489812	138.0	21	1.05	0.95				
	202	2	42.81252950035088	8.82732567017544	0.0	0.0	2	1.027097662084174	-7.3366389215869825	138.0	22	1.05	0.95				
	203	1	79.44593103157895	16.330552489824562	0.0	0.0	2	1.0181338577867494	-7.025258173539543	138.0	21	1.05	0.95				
	204	1	32.661104979649124	6.620494252631579	0.0	0.0	2	1.0181108021933831	-8.976504567272041	138.0	21	1.05	0.95				
	205	1	31.33700612912281	6.179127969122808	0.0	0.0	2	1.0326969820266745	-9.230616090729326	138.0	21	1.05	0.95				
	206	1	60.025814557192994	12.358255938245616	0.0	-100.0	2	1.0443507820786797	-10.56899395426298	138.0	22	1.05	0.95				
	207	2	55.17078543859649	11.034157087719299	0.0	0.0	2	0.991764431680494	-16.959135229935534	138.0	22	1.05	0.95				
	208	1	75.47363448	15.447819922807016	0.0	0.0	2	0.9976760180622044	-14.95573232630115	138.0	22	1.05	0.95				
	209	1	77.23909961403508	15.88918620631579	0.0	0.0	2	1.0232779342348193	-8.506720942596854	138.0	23	1.05	0.95				
	210	1	86.06642528421052	17.65465134035088	0.0	0.0	2	1.05	-9.529285620241525	138.0	23	1.05	0.95				
	211	1	0.0	0.0	0.0	0.0	2	1.0057647409743982	-5.631285366556509	230.0	23	1.05	0.95				
	212	1	0.0	0.0	0.0	0.0	2	1.008111539365098	-4.862770759070402	230.0	23	1.05	0.95				
	213	2	116.96206512982457	23.833779309473684	0.0	0.0	2	1.0003400971759928	-4.428780866188482	230.0	24	1.05	0.95				
	214	2	85.62505900070175	17.213285056842107	0.0	0.0	2	1.0070673094335056	-3.185733147688774	230.0	26	1.05	0.95				
	215	2	139.9131118722807	28.2474421445614	0.0	0.0	2	1.0272732292425668	2.8696811927275943	230.0	26	1.05	0.95				
	216	2	44.136628350877196	8.82732567017544	0.0	0.0	2	1.027895126743637	2.9292012500603897	230.0	26	1.05	0.95				
	217	1	0.0	0.0	0.0	0.0	2	1.0337990135012038	5.31329662610076	230.0	27	1.05	0.95				
	218	2	146.97497240842105	30.012907278596497	0.0	0.0	2	1.0344125615242183	5.401542547028158	230.0	27	1.05	0.95				
	219	1	79.88729731508772	16.330552489824562	0.0	0.0	2	1.0268684910282362	2.6492660786414906	230.0	25	1.05	0.95				
	220	1	56.4948842891228	11.475523371228071	0.0	0.0	2	1.0289877316997917	3.265624911336488	230.0	25	1.05	0.95				
	221	2	0.0	0.0	0.0	0.0	2	1.0349090292792393	5.3343228433170955	230.0	27	1.05	0.95				
	222	2	0.0	0.0	0.0	0.0	2	1.05	11.82316141678968	230.0	27	1.05	0.95				
	223	2	0.0	0.0	0.0	0.0	2	1.030917312826621	3.9404487821880103	230.0	25	1.05	0.95				
	224	1	0.0	0.0	0.0	0.0	2	1.0116440394747421	-0.8404988987430851	230.0	26	1.05	0.95				
	301	2	46.46630811789475	9.465359061052633	0.0	0.0	3	1.0088463498697189	-11.370687403527993	138.0	31	1.05	0.95				
	302	2	41.73362858736842	8.60487187368421	0.0	0.0	3	1.0086040294070382	-11.515244002273578	138.0	32	1.05	0.95				
	303	1	77.4438468631579	15.91901296631579	0.0	0.0	3	1.0315763276321597	-4.3324676094886545	138.0	31	1.05	0.95				
	304	1	31.83802593263158	6.453653905263159	0.0	0.0	3	1.0119090428914934	-9.895049386287189	138.0	31	1.05	0.95				
	305	1	30.547295151578947	6.023410311578949	0.0	0.0	3	1.0240156461349972	-11.287282781737783	138.0	31	1.05	0.95				
	306	1	58.51312874105265	12.046820623157897	0.0	-100.0	3	1.040567377429033	-11.749249756166863	138.0	32	1.05	0.95				
	307	2	53.780449210526314	10.756089842105263	0.0	0.0	3	0.993756169072752	-16.006067787038475	138.0	32	1.05	0.95				
	308	1	73.57165452000001	15.058525778947368	0.0	0.0	3	1.000266520759473	-14.073920472197244	138.0	32	1.05	0.95				
	309	1	75.29262889473685	15.48876937263158	0.0	0.0	3	1.0282887069560025	-6.817912805071323	138.0	33	1.05	0.95				
	310	1	83.89750076842105	17.20974374736842	0.0	0.0	3	1.05	-9.817309722483486	138.0	33	1.05	0.95				
	311	1	0.0	0.0	0.0	0.0	3	1.007388362590259	-4.706957066838312	230.0	33	1.05	0.95				
	312	1	0.0	0.0	0.0	0.0	3	1.0123971594398429	-4.02761010472909	230.0	33	1.05	0.95				
	313	2	114.0145523263158	23.233154058947374	0.0	0.0	3	1.0101876553763338	-1.428213049610253	230.0	34	1.05	0.95				
	314	2	83.46725717473684	16.77950015368421	0.0	0.0	3	1.002313790598633	-3.838783542104843	230.0	36	1.05	0.95				
	315	2	136.38721919789475	27.53558999578948	0.0	0.0	3	1.0253124996769816	-0.8251330141515558	230.0	36	1.05	0.95				
	316	2	43.02435936842105	8.60487187368421	0.0	0.0	3	1.0248443524130213	-0.02093773328058185	230.0	36	1.05	0.95				
	317	1	0.0	0.0	0.0	0.0	3	1.0297108004315838	0.7294183201426976	230.0	37	1.05	0.95				
	318	2	143.2711166968421	29.256564370526323	0.0	0.0	3	1.0282585946588034	0.3116957667108741	230.0	37	1.05	0.95				
	319	1	77.87409045684211	15.91901296631579	0.0	0.0	3	1.022124464582261	-0.3632822860363236	230.0	35	1.05	0.95				
	320	1	55.07117999157896	11.186333435789475	0.0	0.0	3	1.0226742313280348	0.18518419413894138	230.0	35	1.05	0.95				
	321	2	0.0	0.0	0.0	0.0	3	1.0293428269009335	0.4771844233840736	230.0	37	1.05	0.95				
	322	2	0.0	0.0	0.0	0.0	3	1.042781067989219	4.943351698261024	230.0	37	1.05	0.95				
	323	2	0.0	0.0	0.0	0.0	3	1.023685660989081	0.8200372352641772	230.0	35	1.05	0.95				
	324	1	0.0	0.0	0.0	0.0	3	1.0215783794495363	-2.1602533357044433	230.0	36	1.05	0.95				
	325	1	0.0	0.0	0.0	0.0	3	1.0218833456280854	2.0214109048402524	230.0	35	1.05	0.95				
];
