%% MATPOWER Case Format : Version 2
function mpc = RTS_GMLC
mpc.version = '2';

%%-----  Power Flow Data  -----%%
%% system MVA base
mpc.baseMVA = 100.0;
%% bus data
%    bus_i    type    Pd    Qd    Gs    Bs    area    Vm    Va    baseKV    zone    Vmax    Vmin
mpc.bus = [
	101	2	44.74171201263158	9.114052447017542	0.0	0.0	1	1.0356806512591825	2.886712293668855	138.0	11	1.05	0.95				
	102	2	40.1846857891228	8.285502224561403	0.0	0.0	1	1.0352790830232317	2.7519053849881927	138.0	12	1.05	0.95				
	103	1	74.56952002105263	15.328179115438594	0.0	0.0	1	1.0297176317011048	0.4375970100485362	138.0	11	1.05	0.95				
	104	1	30.65635823087719	6.214126668421052	0.0	0.0	1	1.0225316899773784	-0.6788316228412034	138.0	11	1.05	0.95				
	105	1	29.41353289719298	5.799851557192983	0.0	0.0	1	1.037011063861131	-0.41723392298136946	138.0	11	1.05	0.95				
	106	1	56.34141512701755	11.599703114385965	0.0	-100.0	1	1.046177511363493	-2.6979546226808924	138.0	12	1.05	0.95				
	107	2	51.78438890350877	10.356877780701753	0.0	0.0	1	1.0009081240165665	-8.070764240056288	138.0	12	1.05	0.95				
	108	1	70.84104402	14.499628892982455	0.0	0.0	1	1.0052357932826999	-6.849182687516928	138.0	12	1.05	0.95				
	109	1	72.49814446491227	14.913904004210524	0.0	0.0	1	1.0249437717567076	-1.8157845156417403	138.0	13	1.05	0.95				
	110	1	80.78364668947367	16.571004449122807	0.0	0.0	1	1.05	-2.469799284092244	138.0	13	1.05	0.95				
	111	1	0.0	0.0	0.0	0.0	1	1.003113476259921	-0.22230331494121278	230.0	13	1.05	0.95				
	112	1	0.0	0.0	0.0	0.0	1	1.0084525705674108	0.2085883379347331	230.0	13	1.05	0.95				
	113	3	109.78290447543858	22.37085600631579	0.0	0.0	1	0.9949249206577527	-4.7520771059920205e-29	230.0	14	1.05	0.95				
	114	2	80.3693715782456	16.15672933789474	0.0	0.0	1	0.9990039210276825	1.635708828761323	230.0	16	1.05	0.95				
	115	2	131.32521025929825	26.51360711859649	0.0	0.0	1	1.0387792543998087	6.890185550937607	230.0	16	1.05	0.95				
	116	2	41.42751112280701	8.285502224561403	0.0	0.0	1	1.0340679353172921	6.625694266833083	230.0	16	1.05	0.95				
	117	1	0.0	0.0	0.0	0.0	1	1.042502792237777	8.15565125455664	230.0	17	1.05	0.95				
	118	2	137.95361203894737	28.170707563508774	0.0	0.0	1	1.0453086341738795	8.049764302201599	230.0	17	1.05	0.95				
	119	1	74.98379513228069	15.328179115438594	0.0	0.0	1	1.0275548563061907	5.7831078505574105	230.0	15	1.05	0.95				
	120	1	53.02721423719298	10.771152891929823	0.0	0.0	1	1.0246623586042185	5.853248923339633	230.0	15	1.05	0.95				
	121	2	0.0	0.0	0.0	0.0	1	1.0499999994288853	8.892868256695666	230.0	17	1.05	0.95				
	122	2	0.0	0.0	0.0	0.0	1	1.05	15.135864468279996	230.0	17	1.05	0.95				
	123	2	0.0	0.0	0.0	0.0	1	1.0235762857326745	6.213950796873936	230.0	15	1.05	0.95				
	124	1	0.0	0.0	0.0	0.0	1	1.026719774570053	4.477034024224564	230.0	16	1.05	0.95				
	201	2	49.588540863157895	10.10136943508772	0.0	0.0	2	1.0309745991090058	-6.5012437508094205	138.0	21	1.05	0.95				
	202	2	44.537856145614036	9.183063122807019	0.0	0.0	2	1.0313919250212245	-6.464152059902614	138.0	22	1.05	0.95				
	203	1	82.64756810526318	16.988666777192986	0.0	0.0	2	1.0187132465669468	-6.662169627841386	138.0	21	1.05	0.95				
	204	1	33.97733355438597	6.887297342105263	0.0	0.0	2	1.0193685813142241	-8.809700397996757	138.0	21	1.05	0.95				
	205	1	32.59987408596491	6.428144185964914	0.0	0.0	2	1.0346461570763648	-8.894719176852773	138.0	21	1.05	0.95				
	206	1	62.44482923508773	12.856288371929828	0.0	-100.0	2	1.044572024224056	-10.669955609229545	138.0	22	1.05	0.95				
	207	2	57.394144517543864	11.478828903508772	0.0	0.0	2	0.9893536873957179	-17.647474912968153	138.0	22	1.05	0.95				
	208	1	78.5151897	16.07036046491228	0.0	0.0	2	0.9954611326271258	-15.552256193309137	138.0	22	1.05	0.95				
	209	1	80.3518023245614	16.529513621052633	0.0	0.0	2	1.0229783744016478	-8.858563345722246	138.0	23	1.05	0.95				
	210	1	89.53486544736843	18.366126245614037	0.0	0.0	2	1.05	-9.863678597523494	138.0	23	1.05	0.95				
	211	1	0.0	0.0	0.0	0.0	2	1.006265311797083	-6.159256017169116	230.0	23	1.05	0.95				
	212	1	0.0	0.0	0.0	0.0	2	1.0098799446751854	-5.696484106905004	230.0	23	1.05	0.95				
	213	2	121.67558637719299	24.794270431578948	0.0	0.0	2	1.0004867004976592	-5.37964965346718	230.0	24	1.05	0.95				
	214	2	89.07571229122807	17.906973089473684	0.0	0.0	2	1.0080083332943472	-3.5380187784849912	230.0	26	1.05	0.95				
	215	2	145.55155049649125	29.385801992982458	0.0	0.0	2	1.0280635893920604	3.0484487271819285	230.0	26	1.05	0.95				
	216	2	45.91531561403509	9.183063122807019	0.0	0.0	2	1.0297649943764415	2.9236268082134016	230.0	26	1.05	0.95				
	217	1	0.0	0.0	0.0	0.0	2	1.0348184992752458	5.6560810189637865	230.0	27	1.05	0.95				
	218	2	152.89800099473686	31.222414617543865	0.0	0.0	2	1.0364786299886213	6.144038252200382	230.0	27	1.05	0.95				
	219	1	83.10672126140352	16.988666777192986	0.0	0.0	2	1.0292992133359247	1.8645827767271888	230.0	25	1.05	0.95				
	220	1	58.771603985964916	11.937982059649125	0.0	0.0	2	1.0322424505007386	1.8352788554724644	230.0	25	1.05	0.95				
	221	2	0.0	0.0	0.0	0.0	2	1.0364388504533772	5.8713035219422505	230.0	27	1.05	0.95				
	222	2	0.0	0.0	0.0	0.0	2	1.05	12.285249683721462	230.0	27	1.05	0.95				
	223	2	0.0	0.0	0.0	0.0	2	1.0345390657631128	2.1665341136984417	230.0	25	1.05	0.95				
	224	1	0.0	0.0	0.0	0.0	2	1.0125626860038681	-0.5915751807227893	230.0	26	1.05	0.95				
	301	2	60.78203101894737	12.381524837192982	0.0	0.0	3	1.015316969110038	-18.81395978366851	138.0	31	1.05	0.95				
	302	2	54.59126860035087	11.255931670175439	0.0	0.0	3	1.0136689097932186	-19.20339011981825	138.0	32	1.05	0.95				
	303	1	101.30338503157894	20.823473589824562	0.0	0.0	3	1.05	-3.222014469039817	138.0	31	1.05	0.95				
	304	1	41.646947179649125	8.441948752631578	0.0	0.0	3	1.008464408683648	-17.862334177151443	138.0	31	1.05	0.95				
	305	1	39.958557429122806	7.879152169122808	0.0	0.0	3	1.025563947346639	-19.741790221983017	138.0	31	1.05	0.95				
	306	1	76.54033535719299	15.758304338245615	0.0	-100.0	3	1.0378759756280562	-20.904231482500634	138.0	32	1.05	0.95				
	307	2	70.3495729385965	14.069914587719298	0.0	0.0	3	0.9897662438307052	-27.119719425137944	138.0	32	1.05	0.95				
	308	1	96.23821578	19.697880422807014	0.0	0.0	3	0.99067642978177	-24.43599726830843	138.0	32	1.05	0.95				
	309	1	98.48940211403509	20.260677006315788	0.0	0.0	3	1.0228489297206744	-14.445668675861198	138.0	33	1.05	0.95				
	310	1	109.74533378421052	22.511863340350878	0.0	0.0	3	1.05	-18.86775311608916	138.0	33	1.05	0.95				
	311	1	0.0	0.0	0.0	0.0	3	1.0163135774015704	-13.082545498782821	230.0	33	1.05	0.95				
	312	1	0.0	0.0	0.0	0.0	3	1.0178012624908068	-12.359914347684866	230.0	33	1.05	0.95				
	313	2	149.14109462982458	30.391015509473686	0.0	0.0	3	1.020004479265903	-10.081805214749917	230.0	34	1.05	0.95				
	314	2	109.18253720070174	21.949066756842107	0.0	0.0	3	1.0221357793057506	-12.109009010913207	230.0	36	1.05	0.95				
	315	2	178.40651697228068	36.0189813445614	0.0	0.0	3	1.0452227343668625	-7.508098383475859	230.0	36	1.05	0.95				
	316	2	56.27965835087719	11.255931670175439	0.0	0.0	3	1.0426109794164644	-7.31524348034834	230.0	36	1.05	0.95				
	317	1	0.0	0.0	0.0	0.0	3	1.044113584086543	-6.33798603971052	230.0	37	1.05	0.95				
	318	2	187.41126230842107	38.27016767859649	0.0	0.0	3	1.042560383409343	-6.387130705603998	230.0	37	1.05	0.95				
	319	1	101.86618161508771	20.823473589824562	0.0	0.0	3	1.0380746075949492	-8.098374956463815	230.0	35	1.05	0.95				
	320	1	72.0379626891228	14.632711171228072	0.0	0.0	3	1.0385404517971528	-7.71218482076261	230.0	35	1.05	0.95				
	321	2	0.0	0.0	0.0	0.0	3	1.0445845841940877	-6.193461980164142	230.0	37	1.05	0.95				
	322	2	0.0	0.0	0.0	0.0	3	1.05	-1.9199446278951942	230.0	37	1.05	0.95				
	323	2	0.0	0.0	0.0	0.0	3	1.040032970069476	-7.080265355715627	230.0	35	1.05	0.95				
	324	1	0.0	0.0	0.0	0.0	3	1.044267247313932	-5.865488837535899	230.0	36	1.05	0.95				
	325	1	0.0	0.0	0.0	0.0	3	1.0358715141669206	-5.755785693909726	230.0	35	1.05	0.95				
];
