%% MATPOWER Case Format : Version 2
function mpc = RTS_GMLC
mpc.version = '2';

%%-----  Power Flow Data  -----%%
%% system MVA base
mpc.baseMVA = 100.0;
%% bus data
%    bus_i    type    Pd    Qd    Gs    Bs    area    Vm    Va    baseKV    zone    Vmax    Vmin
mpc.bus = [
	101	2	41.45522017263158	8.444581887017543	0.0	0.0	1	1.0325286222724777	3.156240853918547	138.0	11	1.05	0.95				
	102	2	37.23292922912281	7.676892624561404	0.0	0.0	1	1.0316079909303286	2.8876054097303125	138.0	12	1.05	0.95				
	103	1	69.09203362105262	14.202251355438596	0.0	0.0	1	1.030656082952549	1.8475684382801822	138.0	11	1.05	0.95				
	104	1	28.404502710877193	5.757669468421052	0.0	0.0	1	1.0214758523979042	-0.1764451808193557	138.0	11	1.05	0.95				
	105	1	27.25296881719298	5.373824837192983	0.0	0.0	1	1.0359258974005678	0.019577107177591934	138.0	11	1.05	0.95				
	106	1	52.20286984701754	10.747649674385967	0.0	-100.0	1	1.0463066265413599	-2.1757798516967766	138.0	12	1.05	0.95				
	107	2	47.98057890350877	9.596115780701755	0.0	0.0	1	0.9999898673098112	-8.005897596101772	138.0	12	1.05	0.95				
	108	1	65.63743194	13.434562092982455	0.0	0.0	1	1.0052678115583353	-6.451699564044341	138.0	12	1.05	0.95				
	109	1	67.17281046491227	13.818406724210524	0.0	0.0	1	1.024612597499473	-1.1216279282254855	138.0	13	1.05	0.95				
	110	1	74.84970308947368	15.353785249122808	0.0	0.0	1	1.05	-1.946448172831944	138.0	13	1.05	0.95				
	111	1	0.0	0.0	0.0	0.0	1	1.0028975394740618	0.49502307678913765	230.0	13	1.05	0.95				
	112	1	0.0	0.0	0.0	0.0	1	1.0076974317952418	0.4259686208891764	230.0	13	1.05	0.95				
	113	3	101.7188272754386	20.72761008631579	0.0	0.0	1	0.9928207266116538	4.878857004837614e-30	230.0	14	1.05	0.95				
	114	2	74.46585845824562	14.969940617894736	0.0	0.0	1	1.0011060147215614	3.0841806227483324	230.0	16	1.05	0.95				
	115	2	121.67874809929825	24.56605639859649	0.0	0.0	1	1.039206581164712	9.432724293944036	230.0	16	1.05	0.95				
	116	2	38.38446312280702	7.676892624561404	0.0	0.0	1	1.0353876096541743	8.894805497242075	230.0	16	1.05	0.95				
	117	1	0.0	0.0	0.0	0.0	1	1.0422164464808616	11.917220533235469	230.0	17	1.05	0.95				
	118	2	127.82026219894738	26.10143492350877	0.0	0.0	1	1.0465226817319835	12.081965466379593	230.0	17	1.05	0.95				
	119	1	69.4758782522807	14.202251355438596	0.0	0.0	1	1.0272439297495877	7.043869106747665	230.0	15	1.05	0.95				
	120	1	49.13211279719298	9.979960411929826	0.0	0.0	1	1.0231591293205873	6.168110615489274	230.0	15	1.05	0.95				
	121	2	0.0	0.0	0.0	0.0	1	1.05	13.12094155153169	230.0	17	1.05	0.95				
	122	2	0.0	0.0	0.0	0.0	1	1.05	22.882337674461386	230.0	17	1.05	0.95				
	123	2	0.0	0.0	0.0	0.0	1	1.0212254976569226	5.983571111898967	230.0	15	1.05	0.95				
	124	1	0.0	0.0	0.0	0.0	1	1.0262211214048962	6.590646629102106	230.0	16	1.05	0.95				
	201	2	43.31559891789475	8.8235479277193	0.0	0.0	2	1.0218227950166319	-9.444382339860677	138.0	21	1.05	0.95				
	202	2	38.90382495403509	8.021407207017544	0.0	0.0	2	1.0221738880094382	-9.40859736750701	138.0	22	1.05	0.95				
	203	1	72.1926648631579	14.839603332982456	0.0	0.0	2	1.0162623423823343	-7.839319225322073	138.0	21	1.05	0.95				
	204	1	29.679206665964912	6.016055405263159	0.0	0.0	2	1.0163796060577106	-10.452036963056687	138.0	21	1.05	0.95				
	205	1	28.475995584912283	5.614985044912282	0.0	0.0	2	1.0311294057005866	-10.7516183849011	138.0	21	1.05	0.95				
	206	1	54.54556900771931	11.229970089824564	0.0	-100.0	2	1.0444711454659608	-11.892144896522158	138.0	22	1.05	0.95				
	207	2	50.13379504385965	10.026759008771931	0.0	0.0	2	0.9940121065213054	-17.3729425349997	138.0	22	1.05	0.95				
	208	1	68.58303162	14.037462612280702	0.0	0.0	2	1.0004926007655102	-15.579531585342936	138.0	22	1.05	0.95				
	209	1	70.18731306140351	14.43853297263158	0.0	0.0	2	1.0226413709036157	-9.64643970177292	138.0	23	1.05	0.95				
	210	1	78.20872026842106	16.04281441403509	0.0	0.0	2	1.05	-10.782473278613056	138.0	23	1.05	0.95				
	211	1	0.0	0.0	0.0	0.0	2	1.0040995378039295	-7.0394870542608565	230.0	23	1.05	0.95				
	212	1	0.0	0.0	0.0	0.0	2	1.00719606522704	-6.2680455689885415	230.0	23	1.05	0.95				
	213	2	106.28364549298246	21.657799458947373	0.0	0.0	2	0.9986078003407213	-5.824491083691099	230.0	24	1.05	0.95				
	214	2	77.80764990807018	15.641744053684212	0.0	0.0	2	1.0034012709984628	-4.799543217925713	230.0	26	1.05	0.95				
	215	2	127.13930423122808	25.668503062456143	0.0	0.0	2	1.020286339845395	0.8415294173857478	230.0	26	1.05	0.95				
	216	2	40.107036035087724	8.021407207017544	0.0	0.0	2	1.0217899091120621	0.7996633092807861	230.0	26	1.05	0.95				
	217	1	0.0	0.0	0.0	0.0	2	1.0269852527792431	2.5472628205065604	230.0	27	1.05	0.95				
	218	2	133.55642999684213	27.272784503859654	0.0	0.0	2	1.0262477779237076	1.9885260472037427	230.0	27	1.05	0.95				
	219	1	72.59373522350879	14.839603332982456	0.0	0.0	2	1.02229703733362	0.6917238556593086	230.0	25	1.05	0.95				
	220	1	51.337006124912286	10.427829369122808	0.0	0.0	2	1.02530425493249	1.3871103465432661	230.0	25	1.05	0.95				
	221	2	0.0	0.0	0.0	0.0	2	1.0278989719894829	2.4138730031132383	230.0	27	1.05	0.95				
	222	2	0.0	0.0	0.0	0.0	2	1.0499859448604258	8.95638168127587	230.0	27	1.05	0.95				
	223	2	0.0	0.0	0.0	0.0	2	1.0275676880725915	2.0767508795388605	230.0	25	1.05	0.95				
	224	1	0.0	0.0	0.0	0.0	2	1.0080292232009138	-2.4290329157942514	230.0	26	1.05	0.95				
	301	2	48.27712748210527	9.834229672280703	0.0	0.0	3	1.012961382374679	-9.317746179166244	138.0	31	1.05	0.95				
	302	2	43.360012645964915	8.940208792982457	0.0	0.0	3	1.012104062250658	-9.611336583827372	138.0	32	1.05	0.95				
	303	1	80.46187913684211	16.539386267017544	0.0	0.0	3	1.046063662525335	1.984711686887864	138.0	31	1.05	0.95				
	304	1	33.07877253403509	6.705156594736843	0.0	0.0	3	1.0114182396315303	-8.603110313712136	138.0	31	1.05	0.95				
	305	1	31.737741215087723	6.258146155087721	0.0	0.0	3	1.0259943292695108	-9.916265331560385	138.0	31	1.05	0.95				
	306	1	60.79341979228071	12.516292310175443	0.0	-100.0	3	1.0409031458460845	-10.789227643708427	138.0	32	1.05	0.95				
	307	2	55.87630495614035	11.175260991228072	0.0	0.0	3	0.9901877975612665	-15.555439237841885	138.0	32	1.05	0.95				
	308	1	76.43878518	15.645365387719298	0.0	0.0	3	0.9966560667993184	-13.52812977889677	138.0	32	1.05	0.95				
	309	1	78.22682693859649	16.09237582736842	0.0	0.0	3	1.0245549159251248	-5.937271267746526	138.0	33	1.05	0.95				
	310	1	87.16703573157896	17.880417585964913	0.0	0.0	3	1.05	-9.077018673343014	138.0	33	1.05	0.95				
	311	1	0.0	0.0	0.0	0.0	3	1.0086331919879543	-4.287474093738703	230.0	33	1.05	0.95				
	312	1	0.0	0.0	0.0	0.0	3	1.013079101416548	-3.6356030443367766	230.0	33	1.05	0.95				
	313	2	118.45776650701755	24.138563741052636	0.0	0.0	3	1.011233917469211	-1.2160108626322508	230.0	34	1.05	0.95				
	314	2	86.72002529192983	17.43340714631579	0.0	0.0	3	1.0054986176350202	-3.654632759580257	230.0	36	1.05	0.95				
	315	2	141.70230936877195	28.608668137543862	0.0	0.0	3	1.0358509516356669	-0.2344008522861888	230.0	36	1.05	0.95				
	316	2	44.70104396491229	8.940208792982457	0.0	0.0	3	1.031745365167628	-0.08561780313756565	230.0	36	1.05	0.95				
	317	1	0.0	0.0	0.0	0.0	3	1.0382326069496992	1.6275143221455226	230.0	37	1.05	0.95				
	318	2	148.85447640315792	30.396709896140354	0.0	0.0	3	1.0360030344516462	0.8748567193188379	230.0	37	1.05	0.95				
	319	1	80.90888957649123	16.539386267017544	0.0	0.0	3	1.0266498362773353	-0.5303970160029241	230.0	35	1.05	0.95				
	320	1	57.217336275087725	11.622271430877195	0.0	0.0	3	1.0253076941954606	-0.04692223549944897	230.0	35	1.05	0.95				
	321	2	0.0	0.0	0.0	0.0	3	1.0378794663879036	1.0570554678431192	230.0	37	1.05	0.95				
	322	2	0.0	0.0	0.0	0.0	3	1.05	5.591697205014094	230.0	37	1.05	0.95				
	323	2	0.0	0.0	0.0	0.0	3	1.0253294151334433	0.5647708865728301	230.0	35	1.05	0.95				
	324	1	0.0	0.0	0.0	0.0	3	1.036514211695222	0.6137953596965182	230.0	36	1.05	0.95				
	325	1	0.0	0.0	0.0	0.0	3	1.024162045681501	1.6355362996070992	230.0	35	1.05	0.95				
];
