%% MATPOWER Case Format : Version 2
function mpc = RTS_GMLC
mpc.version = '2';

%%-----  Power Flow Data  -----%%
%% system MVA base
mpc.baseMVA = 100.0;
%% bus data
%    bus_i    type    Pd    Qd    Gs    Bs    area    Vm    Va    baseKV    zone    Vmax    Vmin
mpc.bus = [
	101	2	39.11726868631579	7.968332510175438	0.0	0.0	1	1.0135816246195692	-4.187788608849848	138.0	11	1.05	0.95				
	102	2	35.13310243122806	7.243938645614034	0.0	0.0	1	1.0134534827691655	-4.373070950417405	138.0	12	1.05	0.95				
	103	1	65.1954478105263	13.401286494385964	0.0	0.0	1	1.0030396121063072	-0.6992735533476854	138.0	11	1.05	0.95				
	104	1	26.802572988771928	5.432953984210526	0.0	0.0	1	1.004721967996488	-4.311771553205797	138.0	11	1.05	0.95				
	105	1	25.71598219192982	5.070757051929824	0.0	0.0	1	1.0182746866778951	-5.2441333759846	138.0	11	1.05	0.95				
	106	1	49.25878279017544	10.141514103859649	0.0	-100.0	1	1.0290585829824992	-6.284729488772528	138.0	12	1.05	0.95				
	107	2	45.274616535087716	9.054923307017543	0.0	0.0	1	0.9859678767511654	-9.05525569828207	138.0	12	1.05	0.95				
	108	1	61.93567541999999	12.67689262982456	0.0	0.0	1	0.9898825835128696	-8.240159526005657	138.0	12	1.05	0.95				
	109	1	63.38446314912281	13.03908956210526	0.0	0.0	1	1.0033695845935138	-3.564624548968288	138.0	13	1.05	0.95				
	110	1	70.62840179473683	14.487877291228068	0.0	0.0	1	1.0313561673769678	-5.118608919704556	138.0	13	1.05	0.95				
	111	1	0.0	0.0	0.0	0.0	1	0.9801916514645163	-1.2454861525149292	230.0	13	1.05	0.95				
	112	1	0.0	0.0	0.0	0.0	1	0.9821033656348421	-1.6626679711541497	230.0	13	1.05	0.95				
	113	3	95.98218705438595	19.558634343157895	0.0	0.0	1	0.9612216147550839	-1.7417583030566035e-31	230.0	14	1.05	0.95				
	114	2	70.26620486245612	14.125680358947367	0.0	0.0	1	0.985669342513599	0.947341695973715	230.0	16	1.05	0.95				
	115	2	114.81642753298244	23.18060366596491	0.0	0.0	1	0.9891924571512255	7.633645944322817	230.0	16	1.05	0.95				
	116	2	36.21969322807017	7.243938645614034	0.0	0.0	1	0.9892202988949601	6.50515981900436	230.0	16	1.05	0.95				
	117	1	0.0	0.0	0.0	0.0	1	0.9940785720705548	10.598703264857221	230.0	17	1.05	0.95				
	118	2	120.61157844947368	24.62939139508772	0.0	0.0	1	0.9968947651814508	11.15490240703712	230.0	17	1.05	0.95				
	119	1	65.55764474280701	13.401286494385964	0.0	0.0	1	0.9898441242073982	4.004379377991308	230.0	15	1.05	0.95				
	120	1	46.36120733192982	9.417120239298244	0.0	0.0	1	0.9933520069100552	2.2538600614068898	230.0	15	1.05	0.95				
	121	2	0.0	0.0	0.0	0.0	1	0.9966507340714293	12.395142787695297	230.0	17	1.05	0.95				
	122	2	0.0	0.0	0.0	0.0	1	1.015911752835106	22.79863040097516	230.0	17	1.05	0.95				
	123	2	0.0	0.0	0.0	0.0	1	0.9957520563260411	1.5924581194917318	230.0	15	1.05	0.95				
	124	1	0.0	0.0	0.0	0.0	1	0.9843313535514135	4.432648667025937	230.0	16	1.05	0.95				
	201	2	40.20462773052632	8.189831574736841	0.0	0.0	2	1.0119028345640733	-9.212989149826914	138.0	21	1.05	0.95				
	202	2	36.10971194315789	7.445301431578947	0.0	0.0	2	1.0107620122476055	-9.391936256701355	138.0	22	1.05	0.95				
	203	1	67.00771288421052	13.773807648421052	0.0	0.0	2	0.9979620477390909	-6.9750873754092035	138.0	21	1.05	0.95				
	204	1	27.547615296842103	5.58397607368421	0.0	0.0	2	1.002428649725635	-8.609358811866894	138.0	21	1.05	0.95				
	205	1	26.43082008210526	5.211711002105264	0.0	0.0	2	1.0185912988241086	-8.910519140144382	138.0	21	1.05	0.95				
	206	1	50.62804973473685	10.423422004210527	0.0	-100.0	2	1.030547146063419	-9.222814601662401	138.0	22	1.05	0.95				
	207	2	46.53313394736841	9.306626789473684	0.0	0.0	2	0.9724490688381325	-13.636138022701378	138.0	22	1.05	0.95				
	208	1	63.657327239999994	13.029277505263156	0.0	0.0	2	0.9821510061247486	-11.95793067310594	138.0	22	1.05	0.95				
	209	1	65.14638752631579	13.401542576842104	0.0	0.0	2	1.0064253316588874	-6.376111032086135	138.0	23	1.05	0.95				
	210	1	72.59168895789473	14.890602863157895	0.0	0.0	2	1.0342838316856522	-7.374428283142657	138.0	23	1.05	0.95				
	211	1	0.0	0.0	0.0	0.0	2	0.9859008920877633	-4.08164598725975	230.0	23	1.05	0.95				
	212	1	0.0	0.0	0.0	0.0	2	0.9871010806745905	-0.1555732305859222	230.0	23	1.05	0.95				
	213	2	98.65024396842104	20.10231386526316	0.0	0.0	2	0.980683623519927	-1.7462403836562113	230.0	24	1.05	0.95				
	214	2	72.21942388631578	14.518337791578947	0.0	0.0	2	0.9813111864716836	-3.175002677286987	230.0	26	1.05	0.95				
	215	2	118.00802769052629	23.82496458105263	0.0	0.0	2	0.9901539416994879	0.7460531181629906	230.0	26	1.05	0.95				
	216	2	37.22650715789474	7.445301431578947	0.0	0.0	2	0.9878790258560185	0.5613646614206752	230.0	26	1.05	0.95				
	217	1	0.0	0.0	0.0	0.0	2	0.9985618852214609	1.3291987400448646	230.0	27	1.05	0.95				
	218	2	123.96426883578945	25.314024867368424	0.0	0.0	2	0.999598360218042	0.9532102852360926	230.0	27	1.05	0.95				
	219	1	67.37997795578947	13.773807648421052	0.0	0.0	2	0.9806208911990345	1.588741724960346	230.0	25	1.05	0.95				
	220	1	47.64992916210526	9.678891861052632	0.0	0.0	2	0.9772190107028641	3.2900914702438193	230.0	25	1.05	0.95				
	221	2	0.0	0.0	0.0	0.0	2	1.0017639018966036	1.5360107735994084	230.0	27	1.05	0.95				
	222	2	0.0	0.0	0.0	0.0	2	1.019660352267334	6.87834454792089	230.0	27	1.05	0.95				
	223	2	0.0	0.0	0.0	0.0	2	0.9764326599379093	4.549308947464328	230.0	25	1.05	0.95				
	224	1	0.0	0.0	0.0	0.0	2	0.9836401579506171	-2.2008411317681147	230.0	26	1.05	0.95				
	301	2	43.66466306526316	8.894653587368422	0.0	0.0	3	1.0144928809683365	22.294633653898746	138.0	31	1.05	0.95				
	302	2	39.21733627157895	8.086048715789476	0.0	0.0	3	1.0146851082289563	22.120031956712552	138.0	32	1.05	0.95				
	303	1	72.77443844210526	14.959190124210528	0.0	0.0	3	1.0120484105355616	29.21050247226209	138.0	31	1.05	0.95				
	304	1	29.918380248421055	6.064536536842105	0.0	0.0	3	1.0054593502326632	23.190884260075503	138.0	31	1.05	0.95				
	305	1	28.705472941052633	5.660234101052632	0.0	0.0	3	1.0221337222275702	22.74028878063556	138.0	31	1.05	0.95				
	306	1	54.98513126736842	11.320468202105264	0.0	-100.0	3	1.034870475235917	22.48389057788632	138.0	32	1.05	0.95				
	307	2	50.53780447368421	10.107560894736842	0.0	0.0	3	0.967005085975545	19.16412748771314	138.0	32	1.05	0.95				
	308	1	69.13571652	14.15058525263158	0.0	0.0	3	0.9828571307303342	20.915336703623318	138.0	32	1.05	0.95				
	309	1	70.7529262631579	14.554887688421053	0.0	0.0	3	1.0101456394750483	25.783077880685692	138.0	33	1.05	0.95				
	310	1	78.83897497894738	16.17209743157895	0.0	0.0	3	1.039816096167414	24.511986703136174	138.0	33	1.05	0.95				
	311	1	0.0	0.0	0.0	0.0	3	0.9876391405998963	28.812795981697437	230.0	33	1.05	0.95				
	312	1	0.0	0.0	0.0	0.0	3	0.9967929269882901	28.367057662996668	230.0	33	1.05	0.95				
	313	2	107.14014548421054	21.83233153263158	0.0	0.0	3	0.9939468528845291	31.260005012503367	230.0	34	1.05	0.95				
	314	2	78.4346725431579	15.767794995789474	0.0	0.0	3	0.9729425176607496	30.52231285742704	230.0	36	1.05	0.95				
	315	2	128.16387214526316	25.87535589052632	0.0	0.0	3	0.9790512767270896	30.349958753127055	230.0	36	1.05	0.95				
	316	2	40.43024357894737	8.086048715789476	0.0	0.0	3	0.966444130981647	30.91104620498531	230.0	36	1.05	0.95				
	317	1	0.0	0.0	0.0	0.0	3	0.9845446108759334	34.44632678570589	230.0	37	1.05	0.95				
	318	2	134.63271111789476	27.49256563368421	0.0	0.0	3	0.9797091112667471	30.470723656471534	230.0	37	1.05	0.95				
	319	1	73.17874087789474	14.959190124210528	0.0	0.0	3	0.9757785808405239	29.904848968231118	230.0	35	1.05	0.95				
	320	1	51.75071178105264	10.511863330526317	0.0	0.0	3	0.9839769677628183	28.369403897566585	230.0	35	1.05	0.95				
	321	2	0.0	0.0	0.0	0.0	3	0.9875513148951566	30.978336350810675	230.0	37	1.05	0.95				
	322	2	0.0	0.0	0.0	0.0	3	1.005585488148386	35.61024076453563	230.0	37	1.05	0.95				
	323	2	0.0	0.0	0.0	0.0	3	0.9880767715689235	27.37314560284078	230.0	35	1.05	0.95				
	324	1	0.0	0.0	0.0	0.0	3	0.9892294787201689	31.404172558666772	230.0	36	1.05	0.95				
	325	1	0.0	0.0	0.0	0.0	3	0.9894706895217461	26.107209480796364	230.0	35	1.05	0.95				
];
