%% MATPOWER Case Format : Version 2
function mpc = RTS_GMLC
mpc.version = '2';

%%-----  Power Flow Data  -----%%
%% system MVA base
mpc.baseMVA = 100.0;
%% bus data
%    bus_i    type    Pd    Qd    Gs    Bs    area    Vm    Va    baseKV    zone    Vmax    Vmin
mpc.bus = [
	101	2	49.76496784421053	10.137308264561403	0.0	0.0	1	0.9972452216291806	-3.629160536944223	138.0	11	1.05	0.95				
	102	2	44.69631371192982	9.215734785964912	0.0	0.0	1	0.9965087123226273	-3.8919521875080876	138.0	12	1.05	0.95				
	103	1	82.94161307368421	17.049109354035085	0.0	0.0	1	1.019396586471044	1.6942261927815179	138.0	11	1.05	0.95				
	104	1	34.09821870807017	6.911801089473683	0.0	0.0	1	1.0074080400387881	-4.074626745932792	138.0	11	1.05	0.95				
	105	1	32.715858490175435	6.45101435017544	0.0	0.0	1	1.0176484604195977	-5.253125221699881	138.0	11	1.05	0.95				
	106	1	62.66699654456141	12.90202870035088	0.0	-100.0	1	1.0364218676658772	-6.669120135723614	138.0	12	1.05	0.95				
	107	2	57.5983424122807	11.51966848245614	0.0	0.0	1	0.990264027507286	-13.031961087026321	138.0	12	1.05	0.95				
	108	1	78.79453242	16.127535875438596	0.0	0.0	1	0.9960677736357585	-10.747839490231259	138.0	12	1.05	0.95				
	109	1	80.63767937719298	16.588322614736843	0.0	0.0	1	1.0251583242287816	-3.2378426614221727	138.0	13	1.05	0.95				
	110	1	89.85341416315788	18.431469571929824	0.0	0.0	1	1.05	-5.359298906244743	138.0	13	1.05	0.95				
	111	1	0.0	0.0	0.0	0.0	1	1.0215478148619195	0.029014756325665886	230.0	13	1.05	0.95				
	112	1	0.0	0.0	0.0	0.0	1	1.0176785255040521	-1.2878499164345465	230.0	13	1.05	0.95				
	113	3	122.10848591403507	24.882483922105266	0.0	0.0	1	1.007192660076896	7.43950672443367e-27	230.0	14	1.05	0.95				
	114	2	89.39262742385964	17.970682832631578	0.0	0.0	1	1.0499997576711069	4.24416132684283	230.0	16	1.05	0.95				
	115	2	146.06939635754387	29.49035131508772	0.0	0.0	1	1.0389613089191634	15.493297401887409	230.0	16	1.05	0.95				
	116	2	46.07867392982456	9.215734785964912	0.0	0.0	1	1.0397359004293436	13.23452883287414	230.0	16	1.05	0.95				
	117	1	0.0	0.0	0.0	0.0	1	1.0391542519398989	20.177702257720718	230.0	17	1.05	0.95				
	118	2	153.44198418631578	31.333498272280703	0.0	0.0	1	1.05	21.16606006817632	230.0	17	1.05	0.95				
	119	1	83.40239981298245	17.049109354035085	0.0	0.0	1	1.037674825061299	8.248533404418424	230.0	15	1.05	0.95				
	120	1	58.98070263017544	11.980455221754385	0.0	0.0	1	1.044485063999383	4.660436955581091	230.0	15	1.05	0.95				
	121	2	0.0	0.0	0.0	0.0	1	1.046621815932848	23.108694688273722	230.0	17	1.05	0.95				
	122	2	0.0	0.0	0.0	0.0	1	1.05	41.04073978625763	230.0	17	1.05	0.95				
	123	2	0.0	0.0	0.0	0.0	1	1.0499999921400178	3.046102442682092	230.0	15	1.05	0.95				
	124	1	0.0	0.0	0.0	0.0	1	1.0141064610893205	10.36367574650936	230.0	16	1.05	0.95				
	201	2	45.32158034526316	9.232173774035088	0.0	0.0	2	1.0055400361112055	-18.644457590091818	138.0	21	1.05	0.95				
	202	2	40.70549345824561	8.392885249122807	0.0	0.0	2	1.0042360132568517	-18.950471386656424	138.0	22	1.05	0.95				
	203	1	75.53596724210526	15.526837710877192	0.0	0.0	2	1.0031818299526585	-13.689149465758193	138.0	21	1.05	0.95				
	204	1	31.053675421754384	6.294663936842104	0.0	0.0	2	0.9949954118978802	-18.374849699710985	138.0	21	1.05	0.95				
	205	1	29.794742634385962	5.875019674385965	0.0	0.0	2	1.010742137735357	-18.91818305806895	138.0	21	1.05	0.95				
	206	1	57.07161969403509	11.75003934877193	0.0	-100.0	2	1.0212087713526439	-19.61417731346291	138.0	22	1.05	0.95				
	207	2	52.45553280701755	10.491106561403509	0.0	0.0	2	0.9830011191522522	-24.962248774911263	138.0	22	1.05	0.95				
	208	1	71.75916888	14.68754918596491	0.0	0.0	2	0.9830178513151697	-22.92477794080597	138.0	22	1.05	0.95				
	209	1	73.43774592982456	15.107193448421052	0.0	0.0	2	1.0000606276198574	-16.091567017108016	138.0	23	1.05	0.95				
	210	1	81.83063117894737	16.785770498245615	0.0	0.0	2	1.0261340964793786	-17.792400931442526	138.0	23	1.05	0.95				
	211	1	0.0	0.0	0.0	0.0	2	0.9859888618294627	-12.892501320870638	230.0	23	1.05	0.95				
	212	1	0.0	0.0	0.0	0.0	2	0.970937364663446	-11.84597033852346	230.0	23	1.05	0.95				
	213	2	111.20572955087718	22.66079017263158	0.0	0.0	2	0.9675192950867969	-11.36150834967631	230.0	24	1.05	0.95				
	214	2	81.41098691649123	16.366126235789473	0.0	0.0	2	1.0041815770244575	-10.11791344662668	230.0	26	1.05	0.95				
	215	2	133.02723119859647	26.85723279719298	0.0	0.0	2	1.022237259109306	-2.5561041139013083	230.0	26	1.05	0.95				
	216	2	41.964426245614035	8.392885249122807	0.0	0.0	2	1.0145960573956145	-3.457799156625901	230.0	26	1.05	0.95				
	217	1	0.0	0.0	0.0	0.0	2	1.029761948036205	-1.228541613426165	230.0	27	1.05	0.95				
	218	2	139.74153939789474	28.535809847017546	0.0	0.0	2	1.0303224883106248	-1.7348078262780817	230.0	27	1.05	0.95				
	219	1	75.9556115045614	15.526837710877192	0.0	0.0	2	0.9883783581822504	-3.490093217961115	230.0	25	1.05	0.95				
	220	1	53.71446559438596	10.91075082385965	0.0	0.0	2	0.9686475291773532	-2.6250536624278062	230.0	25	1.05	0.95				
	221	2	0.0	0.0	0.0	0.0	2	1.0308637588821736	-1.2068966804969699	230.0	27	1.05	0.95				
	222	2	0.0	0.0	0.0	0.0	2	1.049999999950336	5.2775246807392	230.0	27	1.05	0.95				
	223	2	0.0	0.0	0.0	0.0	2	0.9587395907639897	-1.7610189844832829	230.0	25	1.05	0.95				
	224	1	0.0	0.0	0.0	0.0	2	1.001457830359521	-6.69143204977386	230.0	26	1.05	0.95				
	301	2	56.04998418947369	11.417589371929823	0.0	0.0	3	1.0366313607475803	24.94646959685768	138.0	31	1.05	0.95				
	302	2	50.341189503508765	10.379626701754386	0.0	0.0	3	1.032304191695693	24.604470480045986	138.0	32	1.05	0.95				
	303	1	93.41664031578946	19.202309398245614	0.0	0.0	3	1.05	40.65900436992587	138.0	31	1.05	0.95				
	304	1	38.40461879649123	7.784720026315789	0.0	0.0	3	1.01457950018851	26.06287590371993	138.0	31	1.05	0.95				
	305	1	36.847674791228066	7.26573869122807	0.0	0.0	3	1.0360389001669266	23.919630430619534	138.0	31	1.05	0.95				
	306	1	70.58146157192982	14.53147738245614	0.0	-100.0	3	1.0420178674642782	22.73881456108664	138.0	32	1.05	0.95				
	307	2	64.87266688596492	12.974533377192982	0.0	0.0	3	0.95	18.40745491431487	138.0	32	1.05	0.95				
	308	1	88.7458083	18.164346728070175	0.0	0.0	3	0.9700478647869097	20.739578349628413	138.0	32	1.05	0.95				
	309	1	90.82173364035087	18.68332806315789	0.0	0.0	3	1.0170149665264145	29.42562459629709	138.0	33	1.05	0.95				
	310	1	101.20136034210525	20.759253403508772	0.0	0.0	3	1.047818644218184	24.521203820055614	138.0	33	1.05	0.95				
	311	1	0.0	0.0	0.0	0.0	3	1.0034780597782722	28.53971770790499	230.0	33	1.05	0.95				
	312	1	0.0	0.0	0.0	0.0	3	1.0106136260003493	28.502882345372	230.0	33	1.05	0.95				
	313	2	137.5300537982456	28.024992094736845	0.0	0.0	3	1.0048729381652863	29.669973570045148	230.0	34	1.05	0.95				
	314	2	100.68237900701753	20.240272068421053	0.0	0.0	3	0.9962919372060156	29.24246896420453	230.0	36	1.05	0.95				
	315	2	164.517083222807	33.21480544561403	0.0	0.0	3	1.0379831418598442	29.53163694963242	230.0	36	1.05	0.95				
	316	2	51.89813350877193	10.379626701754386	0.0	0.0	3	1.0215161200022103	29.453458324497284	230.0	36	1.05	0.95				
	317	1	0.0	0.0	0.0	0.0	3	1.029884155253503	32.06692625618446	230.0	37	1.05	0.95				
	318	2	172.82078458421054	35.29073078596491	0.0	0.0	3	1.0207208667741727	28.26344137559095	230.0	37	1.05	0.95				
	319	1	93.93562165087718	19.202309398245614	0.0	0.0	3	1.0177369910312901	28.92282952441475	230.0	35	1.05	0.95				
	320	1	66.42961089122807	13.493514712280701	0.0	0.0	3	1.015868161259788	28.306643253095153	230.0	35	1.05	0.95				
	321	2	0.0	0.0	0.0	0.0	3	1.0411634946851118	29.30143734833816	230.0	37	1.05	0.95				
	322	2	0.0	0.0	0.0	0.0	3	1.05	34.68643159670463	230.0	37	1.05	0.95				
	323	2	0.0	0.0	0.0	0.0	3	1.0150192325617653	28.043426265359813	230.0	35	1.05	0.95				
	324	1	0.0	0.0	0.0	0.0	3	1.041084807438884	35.18111034146173	230.0	36	1.05	0.95				
	325	1	0.0	0.0	0.0	0.0	3	1.0190766655217103	27.633033496818456	230.0	35	1.05	0.95				
];
