%% MATPOWER Case Format : Version 2
function mpc = RTS_GMLC
mpc.version = '2';

%%-----  Power Flow Data  -----%%
%% system MVA base
mpc.baseMVA = 100.0;
%% bus data
%    bus_i    type    Pd    Qd    Gs    Bs    area    Vm    Va    baseKV    zone    Vmax    Vmin
mpc.bus = [
	101	2	66.58485896842106	13.56358238245614	0.0	0.0	1	1.0472406022253309	-0.11553779669586199	138.0	11	1.05	0.95				
	102	2	59.803067777192986	12.330529438596493	0.0	0.0	1	1.0461113584589155	-0.46103889851892016	138.0	12	1.05	0.95				
	103	1	110.97476494736841	22.811479461403508	0.0	0.0	1	1.0278258428745612	-2.294295671504164	138.0	11	1.05	0.95				
	104	1	45.622958922807015	9.24789707894737	0.0	0.0	1	1.0262787677317908	-3.738565584556959	138.0	11	1.05	0.95				
	105	1	43.77337950701754	8.631370607017546	0.0	0.0	1	1.0398596904864794	-3.975364485910002	138.0	11	1.05	0.95				
	106	1	83.84760018245615	17.262741214035092	0.0	-100.0	1	1.042784097786366	-6.784757822416535	138.0	12	1.05	0.95				
	107	2	77.06580899122807	15.413161798245614	0.0	0.0	1	1.0007072980991594	-13.470461965551005	138.0	12	1.05	0.95				
	108	1	105.42602670000001	21.578426517543857	0.0	0.0	1	0.9980217395356908	-12.004670034178467	138.0	12	1.05	0.95				
	109	1	107.8921325877193	22.194952989473684	0.0	0.0	1	1.0254636259756422	-4.8971915216379935	138.0	13	1.05	0.95				
	110	1	120.2226620263158	24.661058877192986	0.0	0.0	1	1.05	-6.012225154375601	138.0	13	1.05	0.95				
	111	1	0.0	0.0	0.0	0.0	1	1.009982018901237	-2.1865911106001246	230.0	13	1.05	0.95				
	112	1	0.0	0.0	0.0	0.0	1	1.013279518552622	-1.5335486435334367	230.0	13	1.05	0.95				
	113	3	163.3795150614035	33.29242948421053	0.0	0.0	1	1.0097608564017944	1.2501345958478266e-28	230.0	14	1.05	0.95				
	114	2	119.60613555438597	24.04453240526316	0.0	0.0	1	1.0095157153922003	-0.7507526352531679	230.0	16	1.05	0.95				
	115	2	195.4388916017544	39.45769420350877	0.0	0.0	1	1.038755034639685	5.583311970793766	230.0	16	1.05	0.95				
	116	2	61.65264719298246	12.330529438596493	0.0	0.0	1	1.035479584281284	5.009586527278025	230.0	16	1.05	0.95				
	117	1	0.0	0.0	0.0	0.0	1	1.0410710500757534	7.385935814335793	230.0	17	1.05	0.95				
	118	2	205.3033151526316	41.923800091228074	0.0	0.0	1	1.0428441343934272	7.654904717344922	230.0	17	1.05	0.95				
	119	1	111.59129141929824	22.811479461403508	0.0	0.0	1	1.0292985460531174	3.9647340744819313	230.0	15	1.05	0.95				
	120	1	78.91538840701755	16.02968827017544	0.0	0.0	1	1.0285703032992108	4.007784515474618	230.0	15	1.05	0.95				
	121	2	0.0	0.0	0.0	0.0	1	1.0460003079402849	9.15228589648278	230.0	17	1.05	0.95				
	122	2	0.0	0.0	0.0	0.0	1	1.05	14.977649062163055	230.0	17	1.05	0.95				
	123	2	0.0	0.0	0.0	0.0	1	1.0296176352633368	4.499452388696074	230.0	15	1.05	0.95				
	124	1	0.0	0.0	0.0	0.0	1	1.0245777210545994	2.6386726824587092	230.0	16	1.05	0.95				
	201	2	63.59641112842106	12.954824489122807	0.0	0.0	2	1.0255720629346818	-10.955343379846791	138.0	21	1.05	0.95				
	202	2	57.11899888385965	11.777113171929827	0.0	0.0	2	1.0265607904616931	-10.746375943362837	138.0	22	1.05	0.95				
	203	1	105.99401854736843	21.787659368070177	0.0	0.0	2	1.0158676962019795	-9.872938877741214	138.0	21	1.05	0.95				
	204	1	43.57531873614035	8.832834878947368	0.0	0.0	2	1.0157654897384865	-11.739372526525939	138.0	21	1.05	0.95				
	205	1	41.80875176035087	8.243979220350878	0.0	0.0	2	1.0304561293821008	-12.087909431977586	138.0	21	1.05	0.95				
	206	1	80.08436956912281	16.487958440701757	0.0	-100.0	2	1.0401837442608324	-13.240024111168113	138.0	22	1.05	0.95				
	207	2	73.6069573245614	14.721391464912282	0.0	0.0	2	0.992115473701994	-21.698765674106095	138.0	22	1.05	0.95				
	208	1	100.69431762	20.609948050877193	0.0	0.0	2	0.9915641420793032	-18.87601775419471	138.0	22	1.05	0.95				
	209	1	103.04974025438595	21.198803709473683	0.0	0.0	2	1.0248042442231269	-10.143095128577375	138.0	23	1.05	0.95				
	210	1	114.82685342631581	23.554226343859654	0.0	0.0	2	1.05	-11.356190257036602	138.0	23	1.05	0.95				
	211	1	0.0	0.0	0.0	0.0	2	1.0129406096672977	-6.778538726889065	230.0	23	1.05	0.95				
	212	1	0.0	0.0	0.0	0.0	2	1.015937792452538	-2.8537307837753163	230.0	23	1.05	0.95				
	213	2	156.0467495280702	31.79820556421053	0.0	0.0	2	1.0133230516088518	-4.521349252893393	230.0	24	1.05	0.95				
	214	2	114.2379977677193	22.96537068526316	0.0	0.0	2	1.0175804603617966	-4.7426305081168705	230.0	26	1.05	0.95				
	215	2	186.6672437750877	37.68676215017544	0.0	0.0	2	1.0345782640155756	1.897737578665794	230.0	26	1.05	0.95				
	216	2	58.88556585964913	11.777113171929827	0.0	0.0	2	1.0344502149283024	1.7473460759185502	230.0	26	1.05	0.95				
	217	1	0.0	0.0	0.0	0.0	2	1.0385486599914313	4.001184897846034	230.0	27	1.05	0.95				
	218	2	196.08893431263158	40.04218478456141	0.0	0.0	2	1.0393927552466964	4.247547304915341	230.0	27	1.05	0.95				
	219	1	106.58287420596493	21.787659368070177	0.0	0.0	2	1.032463847195634	1.652734809381009	230.0	25	1.05	0.95				
	220	1	75.37352430035088	15.310247123508772	0.0	0.0	2	1.035500992780423	2.6987055990636715	230.0	25	1.05	0.95				
	221	2	0.0	0.0	0.0	0.0	2	1.039972460847822	4.228501034253259	230.0	27	1.05	0.95				
	222	2	0.0	0.0	0.0	0.0	2	1.05	10.641382416942925	230.0	27	1.05	0.95				
	223	2	0.0	0.0	0.0	0.0	2	1.0387953683663245	3.7106584021670947	230.0	25	1.05	0.95				
	224	1	0.0	0.0	0.0	0.0	2	1.012936635841946	-2.4782521243673146	230.0	26	1.05	0.95				
	301	2	59.65453970526317	12.151850680701754	0.0	0.0	3	1.002928522892374	-8.003157903584137	138.0	31	1.05	0.95				
	302	2	53.57861436491228	11.047136982456141	0.0	0.0	3	1.0026881094920597	-8.07577966268603	138.0	32	1.05	0.95				
	303	1	99.42423284210527	20.43720341754386	0.0	0.0	3	1.017213710573435	-3.7588895825915776	138.0	31	1.05	0.95				
	304	1	40.87440683508772	8.285352736842105	0.0	0.0	3	1.005118591580899	-6.20357544569607	138.0	31	1.05	0.95				
	305	1	39.2173362877193	7.732995887719299	0.0	0.0	3	1.0184033153418601	-6.49991144758395	138.0	31	1.05	0.95				
	306	1	75.12053148070176	15.465991775438598	0.0	-100.0	3	1.0352368486000219	-6.288491887848872	138.0	32	1.05	0.95				
	307	2	69.04460614035088	13.808921228070176	0.0	0.0	3	0.9944711771210377	-11.193745559983176	138.0	32	1.05	0.95				
	308	1	94.4530212	19.332489719298245	0.0	0.0	3	0.9998225056251463	-8.664764798191799	138.0	32	1.05	0.95				
	309	1	96.66244859649123	19.884846568421054	0.0	0.0	3	1.0260916535450584	-2.4186832911972806	138.0	33	1.05	0.95				
	310	1	107.70958557894737	22.094273964912283	0.0	0.0	3	1.05	-3.2290878776288863	138.0	33	1.05	0.95				
	311	1	0.0	0.0	0.0	0.0	3	1.0119259314487083	2.8195828707337927	230.0	33	1.05	0.95				
	312	1	0.0	0.0	0.0	0.0	3	1.016013714278759	3.7351625192655096	230.0	33	1.05	0.95				
	313	2	146.37456501754386	29.827269852631584	0.0	0.0	3	1.0263967505488532	9.047809537037223	230.0	34	1.05	0.95				
	314	2	107.15722872982457	21.541917115789474	0.0	0.0	3	1.0122126279588441	2.996695555270329	230.0	36	1.05	0.95				
	315	2	175.0971211719298	35.35083834385965	0.0	0.0	3	1.0263365882418665	0.8664355014540499	230.0	36	1.05	0.95				
	316	2	55.2356849122807	11.047136982456141	0.0	0.0	3	1.0264232451849944	1.9233206226517847	230.0	36	1.05	0.95				
	317	1	0.0	0.0	0.0	0.0	3	1.0308158244165577	1.922463476549718	230.0	37	1.05	0.95				
	318	2	183.93483075789473	37.56026574035088	0.0	0.0	3	1.0294120812157312	1.2985804101173386	230.0	37	1.05	0.95				
	319	1	99.97658969122809	20.43720341754386	0.0	0.0	3	1.0260345225413232	3.741974613882133	230.0	35	1.05	0.95				
	320	1	70.7016766877193	14.361278077192981	0.0	0.0	3	1.027292892161192	4.986388715015271	230.0	35	1.05	0.95				
	321	2	0.0	0.0	0.0	0.0	3	1.0303968143481932	1.7053812712660477	230.0	37	1.05	0.95				
	322	2	0.0	0.0	0.0	0.0	3	1.0438597710969342	6.148569180038296	230.0	37	1.05	0.95				
	323	2	0.0	0.0	0.0	0.0	3	1.0281866798425958	5.58505009375978	230.0	35	1.05	0.95				
	324	1	0.0	0.0	0.0	0.0	3	1.0182942028074513	0.8738079009387065	230.0	36	1.05	0.95				
	325	1	0.0	0.0	0.0	0.0	3	1.0297695784227614	5.896715019816222	230.0	35	1.05	0.95				
];
