%% MATPOWER Case Format : Version 2
function mpc = RTS_GMLC
mpc.version = '2';

%%-----  Power Flow Data  -----%%
%% system MVA base
mpc.baseMVA = 100.0;
%% bus data
%    bus_i    type    Pd    Qd    Gs    Bs    area    Vm    Va    baseKV    zone    Vmax    Vmin
mpc.bus = [
	101	2	49.631370593684224	10.110094009824563	0.0	0.0	1	1.0310359847780846	1.992613465616624	138.0	11	1.05	0.95				
	102	2	44.576323588771935	9.190994554385966	0.0	0.0	1	1.0286861364497373	1.3402726098259012	138.0	12	1.05	0.95				
	103	1	82.7189509894737	17.003339925614036	0.0	0.0	1	1.031701431726248	2.636523851661125	138.0	11	1.05	0.95				
	104	1	34.00667985122807	6.893245915789474	0.0	0.0	1	1.0220216012475802	-0.9794264202198328	138.0	11	1.05	0.95				
	105	1	32.62803066807018	6.4336961880701775	0.0	0.0	1	1.0338754939910195	-1.5353748160588214	138.0	11	1.05	0.95				
	106	1	62.498762969824575	12.867392376140355	0.0	-100.0	1	1.0433460518534972	-4.092451238952662	138.0	12	1.05	0.95				
	107	2	57.443715964912286	11.488743192982458	0.0	0.0	1	0.9976816889584205	-12.408450072964165	138.0	12	1.05	0.95				
	108	1	78.58300344000001	16.08424047017544	0.0	0.0	1	0.9998604913646193	-9.789071080426412	138.0	12	1.05	0.95				
	109	1	80.42120235087721	16.54379019789474	0.0	0.0	1	1.0248442462623402	-2.154176551742114	138.0	13	1.05	0.95				
	110	1	89.61219690526316	18.381989108771933	0.0	0.0	1	1.05	-3.655151358437266	138.0	13	1.05	0.95				
	111	1	0.0	0.0	0.0	0.0	1	1.0087106016993195	0.08068995971440583	230.0	13	1.05	0.95				
	112	1	0.0	0.0	0.0	0.0	1	1.0123905111085796	-0.8819747874672026	230.0	13	1.05	0.95				
	113	3	121.78067784561404	24.815685296842112	0.0	0.0	1	1.0026174979192268	3.440686930019135e-29	230.0	14	1.05	0.95				
	114	2	89.15264717754387	17.922439381052634	0.0	0.0	1	1.0120602664679377	3.2183592786901287	230.0	16	1.05	0.95				
	115	2	145.67726368701756	29.411182574035095	0.0	0.0	1	1.041529110185683	12.187993454996846	230.0	16	1.05	0.95				
	116	2	45.95497277192983	9.190994554385966	0.0	0.0	1	1.035765563616464	10.364628035506778	230.0	16	1.05	0.95				
	117	1	0.0	0.0	0.0	0.0	1	1.041595261471483	15.826527208075566	230.0	17	1.05	0.95				
	118	2	153.03005933052634	31.249381484912288	0.0	0.0	1	1.05	16.747900342615743	230.0	17	1.05	0.95				
	119	1	83.17850071719299	17.003339925614036	0.0	0.0	1	1.0258537083350556	6.376899822425664	230.0	15	1.05	0.95				
	120	1	58.82236514807019	11.948292920701755	0.0	0.0	1	1.023497535063251	3.4391577991344953	230.0	15	1.05	0.95				
	121	2	0.0	0.0	0.0	0.0	1	1.05	18.43855985332401	230.0	17	1.05	0.95				
	122	2	0.0	0.0	0.0	0.0	1	1.05	30.91881850242574	230.0	17	1.05	0.95				
	123	2	0.0	0.0	0.0	0.0	1	1.0235623505210845	2.173637043556083	230.0	15	1.05	0.95				
	124	1	0.0	0.0	0.0	0.0	1	1.025879807179097	8.609179731805252	230.0	16	1.05	0.95				
	201	2	48.109554530526324	9.800094441403509	0.0	0.0	2	1.0125605626119436	-18.920110411056246	138.0	21	1.05	0.95				
	202	2	43.209507309824566	8.909176764912281	0.0	0.0	2	1.011640245069289	-19.228747595367473	138.0	22	1.05	0.95				
	203	1	80.18259088421054	16.481977015087722	0.0	0.0	2	1.0144327680715246	-13.909605005190045	138.0	21	1.05	0.95				
	204	1	32.963954030175444	6.68188257368421	0.0	0.0	2	1.010602168299294	-18.686023050274947	138.0	21	1.05	0.95				
	205	1	31.6275775154386	6.236423735438597	0.0	0.0	2	1.025780965916918	-19.231070639610444	138.0	21	1.05	0.95				
	206	1	60.582402001403516	12.472847470877195	0.0	-100.0	2	1.0408629374276037	-19.952938329394406	138.0	22	1.05	0.95				
	207	2	55.68235478070176	11.136470956140352	0.0	0.0	2	0.9938405388133973	-25.303459118625934	138.0	22	1.05	0.95				
	208	1	76.17346134	15.59105933859649	0.0	0.0	2	0.9986144191412826	-23.26960006017538	138.0	22	1.05	0.95				
	209	1	77.95529669298246	16.036518176842105	0.0	0.0	2	1.0230277048998881	-16.39868778177247	138.0	23	1.05	0.95				
	210	1	86.86447345789475	17.818353529824563	0.0	0.0	2	1.05	-18.10890951409723	138.0	23	1.05	0.95				
	211	1	0.0	0.0	0.0	0.0	2	1.0082143075601717	-13.493282924092794	230.0	23	1.05	0.95				
	212	1	0.0	0.0	0.0	0.0	2	1.0117376388922945	-11.708403430357427	230.0	23	1.05	0.95				
	213	2	118.04659213508772	24.054777265263162	0.0	0.0	2	1.0039904566076165	-12.220841711475881	230.0	24	1.05	0.95				
	214	2	86.41901461964913	17.37289469157895	0.0	0.0	2	1.0124325790997704	-10.760782598570605	230.0	26	1.05	0.95				
	215	2	141.21045172385965	28.5093656477193	0.0	0.0	2	1.0284173169333588	-3.0990662376007245	230.0	26	1.05	0.95				
	216	2	44.54588382456141	8.909176764912281	0.0	0.0	2	1.0288767260077505	-4.183661925874433	230.0	26	1.05	0.95				
	217	1	0.0	0.0	0.0	0.0	2	1.031874589210535	-2.0081524713667656	230.0	27	1.05	0.95				
	218	2	148.33779313578947	30.291201000701758	0.0	0.0	2	1.0315037038085517	-2.488354892140277	230.0	27	1.05	0.95				
	219	1	80.62804972245614	16.481977015087722	0.0	0.0	2	1.0270618966565364	-5.520373257524704	230.0	25	1.05	0.95				
	220	1	57.0187312954386	11.581929794385966	0.0	0.0	2	1.0288172514658704	-5.814864342172938	230.0	25	1.05	0.95				
	221	2	0.0	0.0	0.0	0.0	2	1.0333540217590196	-1.8940648335840828	230.0	27	1.05	0.95				
	222	2	0.0	0.0	0.0	0.0	2	1.05	4.556474470722248	230.0	27	1.05	0.95				
	223	2	0.0	0.0	0.0	0.0	2	1.0303737878663732	-5.636463776498493	230.0	25	1.05	0.95				
	224	1	0.0	0.0	0.0	0.0	2	1.0098524940378149	-7.13457282589365	230.0	26	1.05	0.95				
	301	2	56.64789625263157	11.539386273684208	0.0	0.0	3	1.0002076401474826	8.253393861388403	138.0	31	1.05	0.95				
	302	2	50.87820311578947	10.490351157894736	0.0	0.0	3	0.9997993250544835	8.164067673812173	138.0	32	1.05	0.95				
	303	1	94.41316042105262	19.40714964210526	0.0	0.0	3	1.029599457862108	12.869033003402992	138.0	31	1.05	0.95				
	304	1	38.81429928421052	7.86776336842105	0.0	0.0	3	1.0060142820469302	9.887406007927689	138.0	31	1.05	0.95				
	305	1	37.24074661052631	7.343245810526315	0.0	0.0	3	1.0176676884689835	9.436954198099441	138.0	31	1.05	0.95				
	306	1	71.33438787368421	14.68649162105263	0.0	-100.0	3	1.0354655408948488	9.494787879166015	138.0	32	1.05	0.95				
	307	2	65.5646947368421	13.112938947368418	0.0	0.0	3	0.9879452569544878	5.3426233925442865	138.0	32	1.05	0.95				
	308	1	89.69250239999998	18.358114526315784	0.0	0.0	3	0.9983227543789795	7.682804945946071	138.0	32	1.05	0.95				
	309	1	91.79057263157893	18.88263208421052	0.0	0.0	3	1.0287361584437968	13.425073105954617	138.0	33	1.05	0.95				
	310	1	102.28092378947366	20.980702315789472	0.0	0.0	3	1.05	12.300313811948671	138.0	33	1.05	0.95				
	311	1	0.0	0.0	0.0	0.0	3	1.0112757010144022	17.446850188481733	230.0	33	1.05	0.95				
	312	1	0.0	0.0	0.0	0.0	3	1.0168586258382613	18.567223061210086	230.0	33	1.05	0.95				
	313	2	138.99715284210524	28.323948126315784	0.0	0.0	3	1.0214578087645023	23.836391030433905	230.0	34	1.05	0.95				
	314	2	101.75640623157894	20.456184757894736	0.0	0.0	3	1.0103648806721905	16.475048397891467	230.0	36	1.05	0.95				
	315	2	166.27206585263156	33.56912370526315	0.0	0.0	3	1.0392571096679912	12.223811911667596	230.0	36	1.05	0.95				
	316	2	52.45175578947367	10.490351157894736	0.0	0.0	3	1.0381483669702636	13.340374537193	230.0	36	1.05	0.95				
	317	1	0.0	0.0	0.0	0.0	3	1.048675060423397	13.08861837736331	230.0	37	1.05	0.95				
	318	2	174.66434677894733	35.667193936842104	0.0	0.0	3	1.0484204700145099	10.753490454767741	230.0	37	1.05	0.95				
	319	1	94.93767797894735	19.40714964210526	0.0	0.0	3	1.0340315736553882	15.812118381466755	230.0	35	1.05	0.95				
	320	1	67.1382474105263	13.637456505263156	0.0	0.0	3	1.0319622134899336	17.47705280437059	230.0	35	1.05	0.95				
	321	2	0.0	0.0	0.0	0.0	3	1.0459567381495636	11.856158653655429	230.0	37	1.05	0.95				
	322	2	0.0	0.0	0.0	0.0	3	1.05	16.679575626189468	230.0	37	1.05	0.95				
	323	2	0.0	0.0	0.0	0.0	3	1.030924855501993	18.233471056351764	230.0	35	1.05	0.95				
	324	1	0.0	0.0	0.0	0.0	3	1.0342089650415354	14.237916323614895	230.0	36	1.05	0.95				
	325	1	0.0	0.0	0.0	0.0	3	1.0333526701405389	18.26050067036346	230.0	35	1.05	0.95				
];
