%% MATPOWER Case Format : Version 2
function mpc = RTS_GMLC
mpc.version = '2';

%%-----  Power Flow Data  -----%%
%% system MVA base
mpc.baseMVA = 100.0;
%% bus data
%    bus_i    type    Pd    Qd    Gs    Bs    area    Vm    Va    baseKV    zone    Vmax    Vmin
mpc.bus = [
	101	2	62.20286984842106	12.670954969122809	0.0	0.0	1	1.05	2.7406109713873095	138.0	11	1.05	0.95				
	102	2	55.86739236385965	11.519049971929824	0.0	0.0	1	1.0492540970596942	2.3600386265696187	138.0	12	1.05	0.95				
	103	1	103.67144974736841	21.310242448070174	0.0	0.0	1	1.0333166384945847	0.5300307486460993	138.0	11	1.05	0.95				
	104	1	42.62048489614035	8.639287478947368	0.0	0.0	1	1.028491371991796	-1.4269904586023845	138.0	11	1.05	0.95				
	105	1	40.892627400350875	8.063334980350877	0.0	0.0	1	1.0411281734062734	-1.7293342177300597	138.0	11	1.05	0.95				
	106	1	78.32953980912282	16.126669960701754	0.0	-100.0	1	1.0441209583812407	-4.85356580211857	138.0	12	1.05	0.95				
	107	2	71.9940623245614	14.39881246491228	0.0	0.0	1	0.9994265106611097	-12.260055292084784	138.0	12	1.05	0.95				
	108	1	98.48787726	20.15833745087719	0.0	0.0	1	0.9983346772856473	-10.532506438011037	138.0	12	1.05	0.95				
	109	1	100.79168725438596	20.734289949473684	0.0	0.0	1	1.0255260163236986	-3.3534715337641576	138.0	13	1.05	0.95				
	110	1	112.3107372263158	23.03809994385965	0.0	0.0	1	1.05	-4.535985259086668	138.0	13	1.05	0.95				
	111	1	0.0	0.0	0.0	0.0	1	1.0096140999038812	-1.2313677399497447	230.0	13	1.05	0.95				
	112	1	0.0	0.0	0.0	0.0	1	1.0127609458851603	-1.2775847591993206	230.0	13	1.05	0.95				
	113	3	152.62741212807015	31.10143492421053	0.0	0.0	1	1.0059982208631073	1.3458712241516255e-28	230.0	14	1.05	0.95				
	114	2	111.7347847277193	22.46214744526316	0.0	0.0	1	1.0098891348443446	0.4911503074980011	230.0	16	1.05	0.95				
	115	2	182.57694205508773	36.86095991017544	0.0	0.0	1	1.0419772621757892	7.662322375995596	230.0	16	1.05	0.95				
	116	2	57.59524985964912	11.519049971929824	0.0	0.0	1	1.0378538830034538	6.369795724638287	230.0	16	1.05	0.95				
	117	1	0.0	0.0	0.0	0.0	1	1.043788041808486	10.330181237624519	230.0	17	1.05	0.95				
	118	2	191.7921820326316	39.16476990456141	0.0	0.0	1	1.0477442596647086	11.358200373385639	230.0	17	1.05	0.95				
	119	1	104.24740224596492	21.310242448070174	0.0	0.0	1	1.0277614565924582	4.103307273790532	230.0	15	1.05	0.95				
	120	1	73.72191982035088	14.974764963508772	0.0	0.0	1	1.0235970255973248	2.7579617695037175	230.0	15	1.05	0.95				
	121	2	0.0	0.0	0.0	0.0	1	1.05	13.188124081784634	230.0	17	1.05	0.95				
	122	2	0.0	0.0	0.0	0.0	1	1.05	18.578985381849797	230.0	17	1.05	0.95				
	123	2	0.0	0.0	0.0	0.0	1	1.0225621083153527	2.457335056731428	230.0	15	1.05	0.95				
	124	1	0.0	0.0	0.0	0.0	1	1.0293826268571564	4.991383705251739	230.0	16	1.05	0.95				
	201	2	61.65842907789474	12.560050367719297	0.0	0.0	2	1.0163099608049257	-12.468433982117734	138.0	21	1.05	0.95				
	202	2	55.37840389403509	11.418227607017545	0.0	0.0	2	1.016131176368249	-12.56659352580517	138.0	22	1.05	0.95				
	203	1	102.76404846315789	21.123721072982455	0.0	0.0	2	1.0134319779498997	-9.877276673704369	138.0	21	1.05	0.95				
	204	1	42.24744214596491	8.563670705263156	0.0	0.0	2	1.0112793378420466	-12.01277010963496	138.0	21	1.05	0.95				
	205	1	40.534708004912275	7.9927593249122815	0.0	0.0	2	1.0257881398093573	-12.41577232789652	138.0	21	1.05	0.95				
	206	1	77.6439477277193	15.985518649824563	0.0	-100.0	2	1.0382911511648105	-12.990623149896148	138.0	22	1.05	0.95				
	207	2	71.36392254385964	14.27278450877193	0.0	0.0	2	0.994580473098716	-20.457312534197627	138.0	22	1.05	0.95				
	208	1	97.62584604	19.9818983122807	0.0	0.0	2	0.9939798973595	-17.73367287771421	138.0	22	1.05	0.95				
	209	1	99.90949156140351	20.552809692631577	0.0	0.0	2	1.025391827754092	-9.21506684141551	138.0	23	1.05	0.95				
	210	1	111.32771916842105	22.83645521403509	0.0	0.0	2	1.05	-10.533926630803226	138.0	23	1.05	0.95				
	211	1	0.0	0.0	0.0	0.0	2	1.0141480085788424	-5.840338761393804	230.0	23	1.05	0.95				
	212	1	0.0	0.0	0.0	0.0	2	1.0180968099826038	-0.5457535781408723	230.0	23	1.05	0.95				
	213	2	151.29151579298247	30.82921453894737	0.0	0.0	2	1.0187336854245017	-2.68117922713239	230.0	24	1.05	0.95				
	214	2	110.75680778807018	22.265543833684212	0.0	0.0	2	1.016599178843577	-4.544232733131132	230.0	26	1.05	0.95				
	215	2	180.97890757122806	36.53832834245614	0.0	0.0	2	1.0299552685788471	0.6289201550390662	230.0	26	1.05	0.95				
	216	2	57.09113803508772	11.418227607017545	0.0	0.0	2	1.0312101304084802	0.8162656255081799	230.0	26	1.05	0.95				
	217	1	0.0	0.0	0.0	0.0	2	1.0331105031423597	1.5294169785559548	230.0	27	1.05	0.95				
	218	2	190.11348965684212	38.82197386385965	0.0	0.0	2	1.031607459715706	0.8784068468412375	230.0	27	1.05	0.95				
	219	1	103.33495984350878	21.123721072982455	0.0	0.0	2	1.0323674262328808	2.0887587218815735	230.0	25	1.05	0.95				
	220	1	73.07665668491228	14.843695889122808	0.0	0.0	2	1.0386213928181312	4.278858478743241	230.0	25	1.05	0.95				
	221	2	0.0	0.0	0.0	0.0	2	1.0338752167610752	1.599478218546856	230.0	27	1.05	0.95				
	222	2	0.0	0.0	0.0	0.0	2	1.05	8.068131159715895	230.0	27	1.05	0.95				
	223	2	0.0	0.0	0.0	0.0	2	1.0442919519822473	5.892779831141767	230.0	25	1.05	0.95				
	224	1	0.0	0.0	0.0	0.0	2	1.0107981233449508	-3.2825650987424595	230.0	26	1.05	0.95				
	301	2	60.3207845431579	12.287567221754388	0.0	0.0	3	0.9918218552454143	12.085690761637572	138.0	31	1.05	0.95				
	302	2	54.177000932280706	11.170515656140353	0.0	0.0	3	0.9915968584968045	12.080807129457202	138.0	32	1.05	0.95				
	303	1	100.53464090526316	20.66545396385965	0.0	0.0	3	1.0134962014595803	13.89014685732893	138.0	31	1.05	0.95				
	304	1	41.3309079277193	8.377886742105263	0.0	0.0	3	1.0002764676399627	14.023196610932002	138.0	31	1.05	0.95				
	305	1	39.65533057929825	7.819360959298247	0.0	0.0	3	1.0121694049534202	14.113343630304831	138.0	31	1.05	0.95				
	306	1	75.9595064617544	15.638721918596493	0.0	-100.0	3	1.0321126685364965	14.602500328237138	138.0	32	1.05	0.95				
	307	2	69.81572285087721	13.963144570175439	0.0	0.0	3	0.983088900718119	11.407246287872132	138.0	32	1.05	0.95				
	308	1	95.50790886	19.548402398245614	0.0	0.0	3	0.9978910168993366	13.857240952189343	138.0	32	1.05	0.95				
	309	1	97.74201199122807	20.106928181052634	0.0	0.0	3	1.026812199408371	17.880256285588093	138.0	33	1.05	0.95				
	310	1	108.91252764736844	22.341031312280705	0.0	0.0	3	1.05	17.91123893799941	138.0	33	1.05	0.95				
	311	1	0.0	0.0	0.0	0.0	3	1.01514603719842	23.56173342046953	230.0	33	1.05	0.95				
	312	1	0.0	0.0	0.0	0.0	3	1.0222888293019596	24.82355781137523	230.0	33	1.05	0.95				
	313	2	148.00933244385965	30.16039227157895	0.0	0.0	3	1.040764342029005	32.22228414833527	230.0	34	1.05	0.95				
	314	2	108.35400186456141	21.782505529473685	0.0	0.0	3	1.0145450432544352	21.49765083259464	230.0	36	1.05	0.95				
	315	2	177.05267314982459	35.745650099649126	0.0	0.0	3	1.034701756092607	14.807619330698358	230.0	36	1.05	0.95				
	316	2	55.852578280701756	11.170515656140353	0.0	0.0	3	1.0367049618797353	16.11096523052406	230.0	36	1.05	0.95				
	317	1	0.0	0.0	0.0	0.0	3	1.040525110431093	14.711928859732186	230.0	37	1.05	0.95				
	318	2	185.98908567473686	37.9797532308772	0.0	0.0	3	1.0394227595908558	13.408831214653391	230.0	37	1.05	0.95				
	319	1	101.09316668807018	20.66545396385965	0.0	0.0	3	1.0374584843590253	19.047134417340704	230.0	35	1.05	0.95				
	320	1	71.49130019929825	14.521670352982458	0.0	0.0	3	1.0404287094742302	21.11428196600703	230.0	35	1.05	0.95				
	321	2	0.0	0.0	0.0	0.0	3	1.0393903932402995	14.443272242542097	230.0	37	1.05	0.95				
	322	2	0.0	0.0	0.0	0.0	3	1.05	18.865053547526234	230.0	37	1.05	0.95				
	323	2	0.0	0.0	0.0	0.0	3	1.0417273750811715	21.81238424884092	230.0	35	1.05	0.95				
	324	1	0.0	0.0	0.0	0.0	3	1.0248819484481346	16.5842563848705	230.0	36	1.05	0.95				
	325	1	0.0	0.0	0.0	0.0	3	1.0438774715955548	21.08490384631518	230.0	35	1.05	0.95				
];
