%% MATPOWER Case Format : Version 2
function mpc = RTS_GMLC
mpc.version = '2';

%%-----  Power Flow Data  -----%%
%% system MVA base
mpc.baseMVA = 100.0;
%% bus data
%    bus_i    type    Pd    Qd    Gs    Bs    area    Vm    Va    baseKV    zone    Vmax    Vmin
mpc.bus = [
	101	2	76.27065809684211	15.536615538245616	0.0	0.0	1	1.0485584903929972	0.38309051947758394	138.0	11	1.05	0.95				
	102	2	68.5023503277193	14.124195943859648	0.0	0.0	1	1.0472578792957765	-0.04672659628523433	138.0	12	1.05	0.95				
	103	1	127.11776349473685	26.12976249614035	0.0	0.0	1	1.0255978752154313	0.6959263293940146	138.0	11	1.05	0.95				
	104	1	52.2595249922807	10.593146957894737	0.0	0.0	1	1.0247878744507946	-3.373752217211287	138.0	11	1.05	0.95				
	105	1	50.140895600701754	9.886937160701756	0.0	0.0	1	1.0389723469076795	-3.909474682245882	138.0	11	1.05	0.95				
	106	1	96.04453241824562	19.77387432140351	0.0	-100.0	1	1.0401500687149605	-7.051375727503608	138.0	12	1.05	0.95				
	107	2	88.27622464912281	17.655244929824562	0.0	0.0	1	0.9989713493530914	-14.866800627147173	138.0	12	1.05	0.95				
	108	1	120.76187532	24.717342901754385	0.0	0.0	1	0.9928620545957969	-13.002760373105128	138.0	12	1.05	0.95				
	109	1	123.58671450877195	25.423552698947372	0.0	0.0	1	1.0243584351587662	-4.343823070785561	138.0	13	1.05	0.95				
	110	1	137.71091045263157	28.248391887719297	0.0	0.0	1	1.05	-6.117046864215184	138.0	13	1.05	0.95				
	111	1	0.0	0.0	0.0	0.0	1	1.0176018139607046	-1.1699333178370954	230.0	13	1.05	0.95				
	112	1	0.0	0.0	0.0	0.0	1	1.0167430556391988	-1.438670480888832	230.0	13	1.05	0.95				
	113	3	187.14559625614035	38.135329048421056	0.0	0.0	1	1.016212207257008	3.3562611387225675e-30	230.0	14	1.05	0.95				
	114	2	137.0047006554386	27.542182090526317	0.0	0.0	1	1.029181572706601	1.842912636014633	230.0	16	1.05	0.95				
	115	2	223.8685057101754	45.19742702035088	0.0	0.0	1	1.0371851616704477	12.422985172231865	230.0	16	1.05	0.95				
	116	2	70.62097971929825	14.124195943859648	0.0	0.0	1	1.0362409100043952	10.517243301659718	230.0	16	1.05	0.95				
	117	1	0.0	0.0	0.0	0.0	1	1.0421310522979073	16.29762570894597	230.0	17	1.05	0.95				
	118	2	235.16786246526317	48.02226620912281	0.0	0.0	1	1.05	17.658900835517386	230.0	17	1.05	0.95				
	119	1	127.82397329192983	26.12976249614035	0.0	0.0	1	1.029970342192132	7.1000459913047145	230.0	15	1.05	0.95				
	120	1	90.39485404070176	18.361454727017545	0.0	0.0	1	1.032010555923181	5.012165060904627	230.0	15	1.05	0.95				
	121	2	0.0	0.0	0.0	0.0	1	1.05	20.153799941582875	230.0	17	1.05	0.95				
	122	2	0.0	0.0	0.0	0.0	1	1.05	29.309415750061277	230.0	17	1.05	0.95				
	123	2	0.0	0.0	0.0	0.0	1	1.035146168624053	4.39687112649922	230.0	15	1.05	0.95				
	124	1	0.0	0.0	0.0	0.0	1	1.0182186136898435	8.03336808898621	230.0	16	1.05	0.95				
	201	2	71.55233746105264	14.575476149473685	0.0	0.0	2	1.0247324567478013	-12.652426723374157	138.0	21	1.05	0.95				
	202	2	64.2645993863158	13.250432863157895	0.0	0.0	2	1.0254047059008815	-12.543494720190678	138.0	22	1.05	0.95				
	203	1	119.25389576842105	24.513300796842106	0.0	0.0	2	1.014000300766929	-11.019418076269382	138.0	21	1.05	0.95				
	204	1	49.02660159368421	9.937824647368421	0.0	0.0	2	1.0139826675992862	-12.561772125890089	138.0	21	1.05	0.95				
	205	1	47.03903666421053	9.275303004210528	0.0	0.0	2	1.0288695634669411	-12.954144133366755	138.0	21	1.05	0.95				
	206	1	90.1029434694737	18.550606008421056	0.0	-100.0	2	1.037849838840013	-13.74114288400178	138.0	22	1.05	0.95				
	207	2	82.81520539473685	16.563041078947368	0.0	0.0	2	0.9795929948620582	-22.938703546727204	138.0	22	1.05	0.95				
	208	1	113.29120098000001	23.188257510526313	0.0	0.0	2	0.9808173752773746	-19.712167257398956	138.0	22	1.05	0.95				
	209	1	115.94128755263158	23.850779153684208	0.0	0.0	2	1.0257420859505753	-9.867468369320184	138.0	23	1.05	0.95				
	210	1	129.1917204157895	26.50086572631579	0.0	0.0	2	1.05	-11.146834494783587	138.0	23	1.05	0.95				
	211	1	0.0	0.0	0.0	0.0	2	1.021776539802076	-5.944263667830898	230.0	23	1.05	0.95				
	212	1	0.0	0.0	0.0	0.0	2	1.0209586845971703	-0.11678658835681803	230.0	23	1.05	0.95				
	213	2	175.5682354368421	35.77616873052632	0.0	0.0	2	1.0317310645134525	-2.2636611756346645	230.0	24	1.05	0.95				
	214	2	128.5291987726316	25.838344083157892	0.0	0.0	2	1.0291196806682499	-4.678034941089397	230.0	26	1.05	0.95				
	215	2	210.01936088105265	42.401385162105264	0.0	0.0	2	1.0377169739314152	0.6534367661104619	230.0	26	1.05	0.95				
	216	2	66.25216431578947	13.250432863157895	0.0	0.0	2	1.039116225996347	1.209802118126022	230.0	26	1.05	0.95				
	217	1	0.0	0.0	0.0	0.0	2	1.0399684997963552	1.9394319924041048	230.0	27	1.05	0.95				
	218	2	220.61970717157897	45.05147173473685	0.0	0.0	2	1.0378510462343	1.0368631990244177	230.0	27	1.05	0.95				
	219	1	119.91641741157895	24.513300796842106	0.0	0.0	2	1.0374189498831328	3.332942730900173	230.0	25	1.05	0.95				
	220	1	84.80277032421053	17.225562722105263	0.0	0.0	2	1.0432879019284398	6.423802649186495	230.0	25	1.05	0.95				
	221	2	0.0	0.0	0.0	0.0	2	1.0398646289049853	1.7207111385948335	230.0	27	1.05	0.95				
	222	2	0.0	0.0	0.0	0.0	2	1.05	8.309349952414857	230.0	27	1.05	0.95				
	223	2	0.0	0.0	0.0	0.0	2	1.05	8.588380072998712	230.0	25	1.05	0.95				
	224	1	0.0	0.0	0.0	0.0	2	1.0142942687544094	-3.665323682776613	230.0	26	1.05	0.95				
	301	2	52.32584626105263	10.658968682807018	0.0	0.0	3	0.9999917468331988	33.679777780335215	138.0	31	1.05	0.95				
	302	2	46.99636191964912	9.689971529824563	0.0	0.0	3	0.9997277348256074	33.69550482469233	138.0	32	1.05	0.95				
	303	1	87.20974376842105	17.92644733017544	0.0	0.0	3	1.0188558618261936	34.51180721109572	138.0	31	1.05	0.95				
	304	1	35.85289466035088	7.267478647368421	0.0	0.0	3	1.0054097912276534	35.393326793159716	138.0	31	1.05	0.95				
	305	1	34.39939893087719	6.782980070877194	0.0	0.0	3	1.017636374620287	35.58109491349133	138.0	31	1.05	0.95				
	306	1	65.89180640280702	13.565960141754388	0.0	-100.0	3	1.0364159421730044	36.07342031927768	138.0	32	1.05	0.95				
	307	2	60.562322061403506	12.112464412280701	0.0	0.0	3	0.9662143430444975	34.43597064397095	138.0	32	1.05	0.95				
	308	1	82.84925658	16.95745017719298	0.0	0.0	3	0.9916779800686978	36.42055124069382	138.0	32	1.05	0.95				
	309	1	84.78725088596491	17.441948753684212	0.0	0.0	3	1.0260903894770528	38.75854381254252	138.0	33	1.05	0.95				
	310	1	94.47722241578947	19.379943059649126	0.0	0.0	3	1.05	39.02577363459625	138.0	33	1.05	0.95				
	311	1	0.0	0.0	0.0	0.0	3	1.0083287262777685	43.704581140221265	230.0	33	1.05	0.95				
	312	1	0.0	0.0	0.0	0.0	3	1.0190239570307826	44.6885338320766	230.0	33	1.05	0.95				
	313	2	128.39212277017543	26.162923130526316	0.0	0.0	3	1.0280737209121718	52.500622015434686	230.0	34	1.05	0.95				
	314	2	93.99272383929824	18.895444483157895	0.0	0.0	3	1.0044357081384572	40.77316935815308	230.0	36	1.05	0.95				
	315	2	153.5860487477193	31.007908895438597	0.0	0.0	3	1.039803207583129	32.200813635188695	230.0	36	1.05	0.95				
	316	2	48.449857649122805	9.689971529824563	0.0	0.0	3	1.042257603204997	33.554797525277465	230.0	36	1.05	0.95				
	317	1	0.0	0.0	0.0	0.0	3	1.049610344865593	31.678689163958232	230.0	37	1.05	0.95				
	318	2	161.33802597157896	32.94590320140351	0.0	0.0	3	1.05	29.328166720142413	230.0	37	1.05	0.95				
	319	1	87.69424234491228	17.92644733017544	0.0	0.0	3	1.0440549925414704	36.22689907845417	230.0	35	1.05	0.95				
	320	1	62.01581779087719	12.596962988771931	0.0	0.0	3	1.0467384552107257	37.95941776263985	230.0	35	1.05	0.95				
	321	2	0.0	0.0	0.0	0.0	3	1.047115775732595	30.889206087462316	230.0	37	1.05	0.95				
	322	2	0.0	0.0	0.0	0.0	3	1.05	35.541612419626105	230.0	37	1.05	0.95				
	323	2	0.0	0.0	0.0	0.0	3	1.047279800377879	38.40370120566521	230.0	35	1.05	0.95				
	324	1	0.0	0.0	0.0	0.0	3	1.0313225587139354	35.1065707854274	230.0	36	1.05	0.95				
	325	1	0.0	0.0	0.0	0.0	3	1.0474532248449213	36.86789895006549	230.0	35	1.05	0.95				
];
