%% MATPOWER Case Format : Version 2
function mpc = RTS_GMLC
mpc.version = '2';

%%-----  Power Flow Data  -----%%
%% system MVA base
mpc.baseMVA = 100.0;
%% bus data
%    bus_i    type    Pd    Qd    Gs    Bs    area    Vm    Va    baseKV    zone    Vmax    Vmin
mpc.bus = [
	101	2	37.04651162905264	7.546511628140353	0.0	0.0	1	0.9887610864534082	-5.580110299619891	138.0	11	1.05	0.95				
	102	2	33.27325581498246	6.86046511649123	0.0	0.0	1	0.9886262047374135	-5.753632525063686	138.0	12	1.05	0.95				
	103	1	61.74418604842106	12.691860465508773	0.0	0.0	1	1.021406773965808	1.0378750701011308	138.0	11	1.05	0.95				
	104	1	25.383720931017546	5.145348837368421	0.0	0.0	1	1.0034198964304495	-5.014837650036282	138.0	11	1.05	0.95				
	105	1	24.35465116354386	4.802325581543861	0.0	0.0	1	1.015054289055847	-5.81617721644264	138.0	11	1.05	0.95				
	106	1	46.65116279214036	9.604651163087722	0.0	-100.0	1	1.0381631528129853	-6.390843797594141	138.0	12	1.05	0.95				
	107	2	42.87790697807018	8.575581395614035	0.0	0.0	1	0.9853899804765701	-10.481661283357417	138.0	12	1.05	0.95				
	108	1	58.65697674600001	12.005813953859649	0.0	0.0	1	0.9980262734593085	-8.7716964733036	138.0	12	1.05	0.95				
	109	1	60.029069769298246	12.348837209684211	0.0	0.0	1	1.0251664888763745	-2.990931511104061	138.0	13	1.05	0.95				
	110	1	66.88953488578949	13.72093023298246	0.0	0.0	1	1.05	-4.927255716119532	138.0	13	1.05	0.95				
	111	1	0.0	0.0	0.0	0.0	1	1.017753292432394	0.13123208125306587	230.0	13	1.05	0.95				
	112	1	0.0	0.0	0.0	0.0	1	1.0129872918173874	-1.1662046712876215	230.0	13	1.05	0.95				
	113	3	90.90116279350879	18.52325581452632	0.0	0.0	1	0.9957759849159118	1.4088880767688418e-29	230.0	14	1.05	0.95				
	114	2	66.54651162996493	13.377906977157897	0.0	0.0	1	1.048168495011109	4.230454852175975	230.0	16	1.05	0.95				
	115	2	108.73837209638597	21.953488372771936	0.0	0.0	1	1.0416040166069016	14.22992587030897	230.0	16	1.05	0.95				
	116	2	34.30232558245614	6.86046511649123	0.0	0.0	1	1.0425368428890822	12.283882923231799	230.0	16	1.05	0.95				
	117	1	0.0	0.0	0.0	0.0	1	1.040814102314563	18.562412245216066	230.0	17	1.05	0.95				
	118	2	114.22674418957897	23.32558139607018	0.0	0.0	1	1.0497625730144884	19.285853195812358	230.0	17	1.05	0.95				
	119	1	62.087209304245626	12.691860465508773	0.0	0.0	1	1.0394038528898881	7.785566109230125	230.0	15	1.05	0.95				
	120	1	43.90697674554387	8.918604651438597	0.0	0.0	1	1.043229787376573	4.536306353165621	230.0	15	1.05	0.95				
	121	2	0.0	0.0	0.0	0.0	1	1.0431659221593579	20.848518494139675	230.0	17	1.05	0.95				
	122	2	0.0	0.0	0.0	0.0	1	1.05	38.81052843891217	230.0	17	1.05	0.95				
	123	2	0.0	0.0	0.0	0.0	1	1.0463549053879821	3.0150629375409155	230.0	15	1.05	0.95				
	124	1	0.0	0.0	0.0	0.0	1	1.0173507194496199	9.329287517380845	230.0	16	1.05	0.95				
	201	2	38.980639061052635	7.9405005494736836	0.0	0.0	2	1.0119652339143326	-15.479409854006004	138.0	21	1.05	0.95				
	202	2	35.01038878631579	7.2186368631578945	0.0	0.0	2	1.0111252231171697	-15.767395211075367	138.0	22	1.05	0.95				
	203	1	64.96773176842106	13.354478196842104	0.0	0.0	2	1.0130225089343718	-11.574351441638647	138.0	21	1.05	0.95				
	204	1	26.708956393684208	5.413977647368421	0.0	0.0	2	1.0117425853430568	-15.545700375915013	138.0	21	1.05	0.95				
	205	1	25.626160864210522	5.053045804210527	0.0	0.0	2	1.0266983731767925	-15.96500656944999	138.0	21	1.05	0.95				
	206	1	49.08673066947369	10.106091608421053	0.0	-100.0	2	1.043143184573461	-16.710569085767766	138.0	22	1.05	0.95				
	207	2	45.11648039473684	9.023296078947368	0.0	0.0	2	0.9948382549153126	-20.947163923615634	138.0	22	1.05	0.95				
	208	1	61.71934518	12.632614510526317	0.0	0.0	2	1.0024380830422308	-19.365221629388042	138.0	22	1.05	0.95				
	209	1	63.16307255263158	12.99354635368421	0.0	0.0	2	1.0221268164206214	-13.860392253426244	138.0	23	1.05	0.95				
	210	1	70.38170941578947	14.437273726315789	0.0	0.0	2	1.05	-15.284730793900238	138.0	23	1.05	0.95				
	211	1	0.0	0.0	0.0	0.0	2	1.0047359136054692	-11.220372833010641	230.0	23	1.05	0.95				
	212	1	0.0	0.0	0.0	0.0	2	1.0074134261796388	-10.638993694255772	230.0	23	1.05	0.95				
	213	2	95.6469384368421	19.490319530526317	0.0	0.0	2	0.9983558538054514	-10.062539852258372	230.0	24	1.05	0.95				
	214	2	70.02077757263157	14.076341883157895	0.0	0.0	2	1.006348953025348	-8.761793982788063	230.0	26	1.05	0.95				
	215	2	114.41539428105263	23.099637962105263	0.0	0.0	2	1.0248740850576936	-2.3837209506157744	230.0	26	1.05	0.95				
	216	2	36.09318431578947	7.2186368631578945	0.0	0.0	2	1.0265092661142974	-3.1372947631028474	230.0	26	1.05	0.95				
	217	1	0.0	0.0	0.0	0.0	2	1.0343994553534093	-0.9169168654024061	230.0	27	1.05	0.95				
	218	2	120.19030377157895	24.543365334736844	0.0	0.0	2	1.033120951984195	-1.3400725293199525	230.0	27	1.05	0.95				
	219	1	65.32866361157895	13.354478196842104	0.0	0.0	2	1.0261106234203703	-3.494117171900697	230.0	25	1.05	0.95				
	220	1	46.199275924210525	9.384227922105264	0.0	0.0	2	1.0278243829623852	-3.0968303945148836	230.0	25	1.05	0.95				
	221	2	0.0	0.0	0.0	0.0	2	1.0332084741735792	-0.8903564188617389	230.0	27	1.05	0.95				
	222	2	0.0	0.0	0.0	0.0	2	1.05	5.595504060122094	230.0	27	1.05	0.95				
	223	2	0.0	0.0	0.0	0.0	2	1.029084316222895	-2.600508640071269	230.0	25	1.05	0.95				
	224	1	0.0	0.0	0.0	0.0	2	1.0090694518352097	-5.818802400229	230.0	26	1.05	0.95				
	301	2	38.64220184842105	7.871559635789474	0.0	0.0	3	1.011282531069593	15.950369661475742	138.0	31	1.05	0.95				
	302	2	34.70642203052631	7.155963305263158	0.0	0.0	3	1.011324214001307	15.605300024825876	138.0	32	1.05	0.95				
	303	1	64.40366974736843	13.238532114736842	0.0	0.0	3	1.05	29.34225107982073	138.0	31	1.05	0.95				
	304	1	26.477064229473683	5.3669724789473685	0.0	0.0	3	1.0123375488841386	16.617088228431935	138.0	31	1.05	0.95				
	305	1	25.403669733684207	5.009174313684211	0.0	0.0	3	1.0262243230401489	14.255692743516704	138.0	31	1.05	0.95				
	306	1	48.66055047578948	10.018348627368422	0.0	-100.0	3	1.0429566099095047	12.8557525579919	138.0	32	1.05	0.95				
	307	2	44.72477065789474	8.944954131578948	0.0	0.0	3	0.9778110497388519	10.135567232213008	138.0	32	1.05	0.95				
	308	1	61.183486259999995	12.522935784210526	0.0	0.0	3	0.9925846741064236	11.638596844156885	138.0	32	1.05	0.95				
	309	1	62.614678921052636	12.880733949473683	0.0	0.0	3	1.023436086874386	18.92647168223106	138.0	33	1.05	0.95				
	310	1	69.77064222631579	14.311926610526315	0.0	0.0	3	1.05	13.720727154447134	138.0	33	1.05	0.95				
	311	1	0.0	0.0	0.0	0.0	3	1.009479750741498	16.60463381757332	230.0	33	1.05	0.95				
	312	1	0.0	0.0	0.0	0.0	3	1.0151068797561178	16.648962230996748	230.0	33	1.05	0.95				
	313	2	94.81651379473684	19.321100924210526	0.0	0.0	3	1.0083181004540323	16.473958084093862	230.0	34	1.05	0.95				
	314	2	69.41284406105262	13.954128445263159	0.0	0.0	3	1.003579503193652	17.103350887554424	230.0	36	1.05	0.95				
	315	2	113.42201838842105	22.899082576842105	0.0	0.0	3	1.0424737452429067	20.388545187291843	230.0	36	1.05	0.95				
	316	2	35.77981652631579	7.155963305263158	0.0	0.0	3	1.032198877565269	19.88334382085445	230.0	36	1.05	0.95				
	317	1	0.0	0.0	0.0	0.0	3	1.05	23.648963063119364	230.0	37	1.05	0.95				
	318	2	119.14678903263159	24.33027523789474	0.0	0.0	3	1.0485877604334433	20.399498076575483	230.0	37	1.05	0.95				
	319	1	64.76146791263157	13.238532114736842	0.0	0.0	3	1.025609464041703	18.480902591825103	230.0	35	1.05	0.95				
	320	1	45.79816515368421	9.302752296842105	0.0	0.0	3	1.022267963760618	17.954061041398482	230.0	35	1.05	0.95				
	321	2	0.0	0.0	0.0	0.0	3	1.0471111187156474	21.05763385709102	230.0	37	1.05	0.95				
	322	2	0.0	0.0	0.0	0.0	3	1.05	26.41916449765665	230.0	37	1.05	0.95				
	323	2	0.0	0.0	0.0	0.0	3	1.0206158533952983	17.943712012931833	230.0	35	1.05	0.95				
	324	1	0.0	0.0	0.0	0.0	3	1.0424587253406439	23.815607631461532	230.0	36	1.05	0.95				
	325	1	0.0	0.0	0.0	0.0	3	1.0227586612809063	18.202975575269157	230.0	35	1.05	0.95				
];
