%% MATPOWER Case Format : Version 2
function mpc = RTS_GMLC
mpc.version = '2';

%%-----  Power Flow Data  -----%%
%% system MVA base
mpc.baseMVA = 100.0;
%% bus data
%    bus_i    type    Pd    Qd    Gs    Bs    area    Vm    Va    baseKV    zone    Vmax    Vmin
mpc.bus = [
	101	2	50.84710541052632	10.357743694736842	0.0	0.0	1	1.0307036416886801	-1.0726286528183377	138.0	11	1.05	0.95				
	102	2	45.6682335631579	9.416130631578948	0.0	0.0	1	1.0288214444018262	-1.5678172616892732	138.0	12	1.05	0.95				
	103	1	84.74517568421052	17.41984166842105	0.0	0.0	1	1.0332294539122047	0.3816076723199209	138.0	11	1.05	0.95				
	104	1	34.8396833368421	7.06209797368421	0.0	0.0	1	1.0223945638762943	-3.0005624061049265	138.0	11	1.05	0.95				
	105	1	33.42726374210526	6.591291442105264	0.0	0.0	1	1.0342187115629589	-3.7099531337991687	138.0	11	1.05	0.95				
	106	1	64.02968829473684	13.182582884210529	0.0	-100.0	1	1.0436261748678368	-5.754835693501386	138.0	12	1.05	0.95				
	107	2	58.85081644736842	11.770163289473684	0.0	0.0	1	1.0005206182245838	-10.458953910961753	138.0	12	1.05	0.95				
	108	1	80.5079169	16.478228605263155	0.0	0.0	1	1.0032130317130137	-9.242907624024703	138.0	12	1.05	0.95				
	109	1	82.39114302631579	16.949035136842106	0.0	0.0	1	1.0254360230281196	-3.3450650563226416	138.0	13	1.05	0.95				
	110	1	91.80727365789474	18.832261263157896	0.0	0.0	1	1.05	-4.889027520293162	138.0	13	1.05	0.95				
	111	1	0.0	0.0	0.0	0.0	1	1.0066464024465531	-1.0681530204237377	230.0	13	1.05	0.95				
	112	1	0.0	0.0	0.0	0.0	1	1.009226789776272	-1.5135223485972003	230.0	13	1.05	0.95				
	113	3	124.76373086842105	25.42355270526316	0.0	0.0	1	0.9997821325839755	1.4075054231810595e-31	230.0	14	1.05	0.95				
	114	2	91.3364671263158	18.361454731578945	0.0	0.0	1	1.0079961422636332	1.1623555950834321	230.0	16	1.05	0.95				
	115	2	149.2456705105263	30.13161802105263	0.0	0.0	1	1.04166454824482	8.496727070466239	230.0	16	1.05	0.95				
	116	2	47.08065315789474	9.416130631578948	0.0	0.0	1	1.0366373709380543	7.080998715357966	230.0	16	1.05	0.95				
	117	1	0.0	0.0	0.0	0.0	1	1.0433376052109187	11.222362702837936	230.0	17	1.05	0.95				
	118	2	156.77857501578947	32.01484414736842	0.0	0.0	1	1.047963647282567	12.291609413790935	230.0	17	1.05	0.95				
	119	1	85.21598221578948	17.41984166842105	0.0	0.0	1	1.0246618341281608	4.362497571854629	230.0	15	1.05	0.95				
	120	1	60.26323604210526	12.240969821052632	0.0	0.0	1	1.018317493231734	2.4117352472139872	230.0	15	1.05	0.95				
	121	2	0.0	0.0	0.0	0.0	1	1.05	13.941275733171084	230.0	17	1.05	0.95				
	122	2	0.0	0.0	0.0	0.0	1	1.05	19.861898451726706	230.0	17	1.05	0.95				
	123	2	0.0	0.0	0.0	0.0	1	1.0157793905995354	1.6982361899679401	230.0	15	1.05	0.95				
	124	1	0.0	0.0	0.0	0.0	1	1.028143972222706	5.454304832288622	230.0	16	1.05	0.95				
	201	2	42.907602694736845	8.740437585964912	0.0	0.0	2	1.0156633619513171	-10.348040813258493	138.0	21	1.05	0.95				
	202	2	38.53738390175438	7.945852350877193	0.0	0.0	2	1.0148384665071035	-10.574172908041781	138.0	22	1.05	0.95				
	203	1	71.51267115789473	14.699826849122807	0.0	0.0	2	1.0147563547019616	-8.212602660280055	138.0	21	1.05	0.95				
	204	1	29.399653698245615	5.959389263157894	0.0	0.0	2	1.0134059175126378	-9.998500546034824	138.0	21	1.05	0.95				
	205	1	28.20777584561403	5.5620966456140355	0.0	0.0	2	1.0279883896511113	-10.273314857148765	138.0	21	1.05	0.95				
	206	1	54.03179598596491	11.124193291228071	0.0	-100.0	2	1.0430505088437967	-10.73251445629581	138.0	22	1.05	0.95				
	207	2	49.661577192982456	9.932315438596492	0.0	0.0	2	0.998497919248218	-15.510324599967216	138.0	22	1.05	0.95				
	208	1	67.9370376	13.905241614035086	0.0	0.0	2	1.0034625680861688	-13.725612501122898	138.0	22	1.05	0.95				
	209	1	69.52620807017543	14.302534231578948	0.0	0.0	2	1.02365193163223	-7.88336364836987	138.0	23	1.05	0.95				
	210	1	77.47206042105262	15.891704701754387	0.0	0.0	2	1.05	-8.919914944003676	138.0	23	1.05	0.95				
	211	1	0.0	0.0	0.0	0.0	2	1.0022182672501472	-5.780587460388515	230.0	23	1.05	0.95				
	212	1	0.0	0.0	0.0	0.0	2	1.008747765008794	-1.5085092102996287	230.0	23	1.05	0.95				
	213	2	105.2825436491228	21.453801347368422	0.0	0.0	2	0.9957266079756216	-3.835052416560177	230.0	24	1.05	0.95				
	214	2	77.07476780350876	15.494412084210527	0.0	0.0	2	0.9983633728986816	-4.710446307465636	230.0	26	1.05	0.95				
	215	2	125.94175976140349	25.42672752280702	0.0	0.0	2	1.0174908706555421	0.05182922672846468	230.0	26	1.05	0.95				
	216	2	39.729261754385966	7.945852350877193	0.0	0.0	2	1.0151962134818253	-0.7477795873646399	230.0	26	1.05	0.95				
	217	1	0.0	0.0	0.0	0.0	2	1.0218493590275683	0.7297137819648015	230.0	27	1.05	0.95				
	218	2	132.29844164210527	27.015897992982456	0.0	0.0	2	1.0215423345073436	0.43788770081243783	230.0	27	1.05	0.95				
	219	1	71.9099637754386	14.699826849122807	0.0	0.0	2	1.012246882419954	-1.105528541925671	230.0	25	1.05	0.95				
	220	1	50.85345504561404	10.329608056140351	0.0	0.0	2	1.0122712410792472	-0.6190204174274639	230.0	25	1.05	0.95				
	221	2	0.0	0.0	0.0	0.0	2	1.0237235013262111	1.108329439196408	230.0	27	1.05	0.95				
	222	2	0.0	0.0	0.0	0.0	2	1.0454794266234337	7.50695565010681	230.0	27	1.05	0.95				
	223	2	0.0	0.0	0.0	0.0	2	1.0128496702499992	-0.03621535310957103	230.0	25	1.05	0.95				
	224	1	0.0	0.0	0.0	0.0	2	1.0061930615453047	-3.065649054179156	230.0	26	1.05	0.95				
	301	2	50.10503005894738	10.206580197192983	0.0	0.0	3	1.0011442429559705	12.047263512298759	138.0	31	1.05	0.95				
	302	2	45.001739960350875	9.278709270175439	0.0	0.0	3	1.000976391478685	12.029386635161979	138.0	32	1.05	0.95				
	303	1	83.50838343157896	17.165612149824565	0.0	0.0	3	1.0166464617752735	13.80050698337898	138.0	31	1.05	0.95				
	304	1	34.33122429964913	6.959031952631579	0.0	0.0	3	1.005885331423452	13.529977101241633	138.0	31	1.05	0.95				
	305	1	32.93941790912281	6.495096489122807	0.0	0.0	3	1.0187657572418614	13.678351486491968	138.0	31	1.05	0.95				
	306	1	63.095223037192994	12.990192978245615	0.0	-100.0	3	1.0374359838273337	14.036754170407251	138.0	32	1.05	0.95				
	307	2	57.99193293859649	11.598386587719299	0.0	0.0	3	0.9879154024703768	11.787449439791855	138.0	32	1.05	0.95				
	308	1	79.33296426000001	16.237741222807017	0.0	0.0	3	1.003146451408209	13.754418504848942	138.0	32	1.05	0.95				
	309	1	81.18870611403509	16.70167668631579	0.0	0.0	3	1.0248763501235312	16.658575572225583	138.0	33	1.05	0.95				
	310	1	90.46741538421053	18.557418540350877	0.0	0.0	3	1.05	16.790940877567166	138.0	33	1.05	0.95				
	311	1	0.0	0.0	0.0	0.0	3	1.0056183706478952	21.17609833058292	230.0	33	1.05	0.95				
	312	1	0.0	0.0	0.0	0.0	3	1.013138353096528	22.2206762123022	230.0	33	1.05	0.95				
	313	2	122.94289782982457	25.05251502947369	0.0	0.0	3	1.0151940755385735	27.762593884900614	230.0	34	1.05	0.95				
	314	2	90.00347992070175	18.093483076842105	0.0	0.0	3	1.0013746357055695	19.924887412115798	230.0	36	1.05	0.95				
	315	2	147.0675419322807	29.691869664561406	0.0	0.0	3	1.0254059829460966	13.571130763150162	230.0	36	1.05	0.95				
	316	2	46.393546350877195	9.278709270175439	0.0	0.0	3	1.0260355050853072	14.723120356552949	230.0	36	1.05	0.95				
	317	1	0.0	0.0	0.0	0.0	3	1.0309390191219876	13.08364051802492	230.0	37	1.05	0.95				
	318	2	154.49050934842106	31.547611518596497	0.0	0.0	3	1.0300011630683945	11.644697949577031	230.0	37	1.05	0.95				
	319	1	83.97231889508772	17.165612149824565	0.0	0.0	3	1.025623137139341	17.66669976734736	230.0	35	1.05	0.95				
	320	1	59.38373932912281	12.06232205122807	0.0	0.0	3	1.0262678095212219	19.502039609190614	230.0	35	1.05	0.95				
	321	2	0.0	0.0	0.0	0.0	3	1.0304992089234355	12.864864788429049	230.0	37	1.05	0.95				
	322	2	0.0	0.0	0.0	0.0	3	1.0442984510314104	17.303984075912947	230.0	37	1.05	0.95				
	323	2	0.0	0.0	0.0	0.0	3	1.025855850441445	20.04569830136373	230.0	35	1.05	0.95				
	324	1	0.0	0.0	0.0	0.0	3	1.0208785454211513	15.752632988134453	230.0	36	1.05	0.95				
	325	1	0.0	0.0	0.0	0.0	3	1.0293429609175841	19.53335087268458	230.0	35	1.05	0.95				
];
