%% MATPOWER Case Format : Version 2
function mpc = RTS_GMLC
mpc.version = '2';

%%-----  Power Flow Data  -----%%
%% system MVA base
mpc.baseMVA = 100.0;
%% bus data
%    bus_i    type    Pd    Qd    Gs    Bs    area    Vm    Va    baseKV    zone    Vmax    Vmin
mpc.bus = [
	101	2	73.5987135031579	14.992330528421052	0.0	0.0	1	1.0320151286826713	-0.24353807791781054	138.0	11	1.05	0.95				
	102	2	66.10254823894736	13.629391389473685	0.0	0.0	1	1.0320205675142289	-0.29869902387819536	138.0	12	1.05	0.95				
	103	1	122.66452250526316	25.21437407052631	0.0	0.0	1	1.0222683197232658	-1.056204424740804	138.0	11	1.05	0.95				
	104	1	50.42874814105262	10.222043542105261	0.0	0.0	1	1.0170012699832398	-3.327563167595452	138.0	11	1.05	0.95				
	105	1	48.38433943263157	9.54057397263158	0.0	0.0	1	1.0318376123267206	-3.324119905882595	138.0	11	1.05	0.95				
	106	1	92.67986144842105	19.08114794526316	0.0	-100.0	1	1.0379668891653984	-5.6706254561069125	138.0	12	1.05	0.95				
	107	2	85.18369618421052	17.036739236842106	0.0	0.0	1	1.045924824236851	-1.7606513931009287	138.0	12	1.05	0.95				
	108	1	116.53129637999999	23.851434931578947	0.0	0.0	1	1.0251068621962527	-4.673527023941608	138.0	12	1.05	0.95				
	109	1	119.25717465789474	24.53290450105263	0.0	0.0	1	1.0264676855759787	-3.045601285591203	138.0	13	1.05	0.95				
	110	1	132.8865660473684	27.25878277894737	0.0	0.0	1	1.05	-4.293360865216303	138.0	13	1.05	0.95				
	111	1	0.0	0.0	0.0	0.0	1	1.0120288104479767	-0.6784392409883963	230.0	13	1.05	0.95				
	112	1	0.0	0.0	0.0	0.0	1	1.0149024252056509	0.06460397362079974	230.0	13	1.05	0.95				
	113	3	180.5894359105263	36.79935675157895	0.0	0.0	1	1.0098571475312519	-3.427525912561347e-28	230.0	14	1.05	0.95				
	114	2	132.20509647789473	26.577313209473687	0.0	0.0	1	1.0140055391354443	1.7825249799242122	230.0	16	1.05	0.95				
	115	2	216.02585352315788	43.61405244631579	0.0	0.0	1	1.045047067463216	9.541668416936583	230.0	16	1.05	0.95				
	116	2	68.14695694736842	13.629391389473685	0.0	0.0	1	1.0436908963744918	9.315837680922	230.0	16	1.05	0.95				
	117	1	0.0	0.0	0.0	0.0	1	1.0465651926356596	12.560517114595203	230.0	17	1.05	0.95				
	118	2	226.92936663473685	46.339930724210525	0.0	0.0	1	1.0498516900237649	12.759011473091052	230.0	17	1.05	0.95				
	119	1	123.34599207473684	25.21437407052631	0.0	0.0	1	1.0379433224717332	8.013560005848417	230.0	15	1.05	0.95				
	120	1	87.22810489263158	17.71820880631579	0.0	0.0	1	1.0388950409439324	8.168082168874143	230.0	15	1.05	0.95				
	121	2	0.0	0.0	0.0	0.0	1	1.05	12.931776948631827	230.0	17	1.05	0.95				
	122	2	0.0	0.0	0.0	0.0	1	1.05	24.29228289532067	230.0	17	1.05	0.95				
	123	2	0.0	0.0	0.0	0.0	1	1.0411549592863867	8.757855481290528	230.0	15	1.05	0.95				
	124	1	0.0	0.0	0.0	0.0	1	1.0232491076628754	5.619251001532099	230.0	16	1.05	0.95				
	201	2	72.86132535157896	14.842121830877192	0.0	0.0	2	1.034218614913024	-9.344506714496914	138.0	21	1.05	0.95				
	202	2	65.44026443614035	13.492838028070175	0.0	0.0	2	1.0343245225989852	-9.438566865304198	138.0	22	1.05	0.95				
	203	1	121.43554225263158	24.961750351929823	0.0	0.0	2	1.027064784178422	-6.358473766698262	138.0	21	1.05	0.95				
	204	1	49.923500703859645	10.11962852105263	0.0	0.0	2	1.0178508962348602	-11.33035762313254	138.0	21	1.05	0.95				
	205	1	47.89957499964912	9.444986619649123	0.0	0.0	2	1.0334233953258147	-11.727802837325699	138.0	21	1.05	0.95				
	206	1	91.7512985908772	18.889973239298246	0.0	-100.0	2	1.0391587783407683	-13.701579681583851	138.0	22	1.05	0.95				
	207	2	84.3302376754386	16.86604753508772	0.0	0.0	2	0.9765728423267434	-23.7734634812177	138.0	22	1.05	0.95				
	208	1	115.36376514	23.612466549122804	0.0	0.0	2	0.9783016974185765	-20.4760528103162	138.0	22	1.05	0.95				
	209	1	118.06233274561404	24.287108450526315	0.0	0.0	2	1.0253497363833006	-10.144802343241112	138.0	23	1.05	0.95				
	210	1	131.5551707736842	26.98567605614035	0.0	0.0	2	1.05	-12.017453145489071	138.0	23	1.05	0.95				
	211	1	0.0	0.0	0.0	0.0	2	1.0207061541731026	-5.862416503301441	230.0	23	1.05	0.95				
	212	1	0.0	0.0	0.0	0.0	2	1.0193314241414575	-5.15964243852266	230.0	23	1.05	0.95				
	213	2	178.7801038719298	36.43066267578948	0.0	0.0	2	1.027170246804688	-2.94152430119956	230.0	24	1.05	0.95				
	214	2	130.8805288722807	26.311034154736845	0.0	0.0	2	1.0324430681928198	-3.2775139134264886	230.0	26	1.05	0.95				
	215	2	213.86148274491225	43.17708168982456	0.0	0.0	2	1.0436144441416964	4.6514300335514465	230.0	26	1.05	0.95				
	216	2	67.46419014035088	13.492838028070175	0.0	0.0	2	1.0465434107609093	4.481443137051664	230.0	26	1.05	0.95				
	217	1	0.0	0.0	0.0	0.0	2	1.0482592102818509	8.031748654952503	230.0	27	1.05	0.95				
	218	2	224.65575316736843	45.8756492954386	0.0	0.0	2	1.049999995041946	8.867959919905731	230.0	27	1.05	0.95				
	219	1	122.1101841540351	24.961750351929823	0.0	0.0	2	1.043454380607315	3.1191591399333034	230.0	25	1.05	0.95				
	220	1	86.35416337964912	17.540689436491228	0.0	0.0	2	1.0466104450149754	3.1987643420855396	230.0	25	1.05	0.95				
	221	2	0.0	0.0	0.0	0.0	2	1.05	9.180992630120514	230.0	27	1.05	0.95				
	222	2	0.0	0.0	0.0	0.0	2	1.05	15.241856745170965	230.0	27	1.05	0.95				
	223	2	0.0	0.0	0.0	0.0	2	1.05	3.7338655396989417	230.0	25	1.05	0.95				
	224	1	0.0	0.0	0.0	0.0	2	1.0236417591161004	0.5505432857541551	230.0	26	1.05	0.95				
	301	2	69.88737740210527	14.236317618947366	0.0	0.0	3	1.010727997529204	-30.998421557335178	138.0	31	1.05	0.95				
	302	2	62.76921859263157	12.942106926315788	0.0	0.0	3	1.0097258544178527	-31.248920749541387	138.0	32	1.05	0.95				
	303	1	116.4789623368421	23.94289781368421	0.0	0.0	3	1.0205213269997786	-23.925799425946416	138.0	31	1.05	0.95				
	304	1	47.88579562736842	9.70658019473684	0.0	0.0	3	1.0073173684522778	-29.409645853185985	138.0	31	1.05	0.95				
	305	1	45.944479588421046	9.059474848421052	0.0	0.0	3	1.0215378828493906	-30.39944941984145	138.0	31	1.05	0.95				
	306	1	88.00632709894737	18.118949696842105	0.0	-100.0	3	1.0343353586473076	-30.78026246918143	138.0	32	1.05	0.95				
	307	2	80.88816828947367	16.177633657894734	0.0	0.0	3	1.0050317568921778	-32.75883258503859	138.0	32	1.05	0.95				
	308	1	110.65501422	22.648687121052628	0.0	0.0	3	1.0010648209183255	-32.14563299351778	138.0	32	1.05	0.95				
	309	1	113.24343560526316	23.29579246736842	0.0	0.0	3	1.0280571588664	-25.26972399383859	138.0	33	1.05	0.95				
	310	1	126.18554253157895	25.884213852631575	0.0	0.0	3	1.05	-27.724130453776535	138.0	33	1.05	0.95				
	311	1	0.0	0.0	0.0	0.0	3	1.02026750460422	-20.29602679942029	230.0	33	1.05	0.95				
	312	1	0.0	0.0	0.0	0.0	3	1.0188194379299473	-19.572599774800707	230.0	33	1.05	0.95				
	313	2	171.4829167736842	34.943688701052636	0.0	0.0	3	1.0298560312008367	-16.261391403763575	230.0	34	1.05	0.95				
	314	2	125.53843718526313	25.237108506315785	0.0	0.0	3	1.0322025931726875	-17.713770708846727	230.0	36	1.05	0.95				
	315	2	205.13239478210522	41.41474216421052	0.0	0.0	3	1.0487368094282181	-10.652368693154624	230.0	36	1.05	0.95				
	316	2	64.71053463157894	12.942106926315788	0.0	0.0	3	1.0487217549043342	-10.15644873729598	230.0	36	1.05	0.95				
	317	1	0.0	0.0	0.0	0.0	3	1.05	-6.8785578612782325	230.0	37	1.05	0.95				
	318	2	215.4860803231579	44.00316354947368	0.0	0.0	3	1.0488274084362386	-6.7005752955991404	230.0	37	1.05	0.95				
	319	1	117.1260676831579	23.94289781368421	0.0	0.0	3	1.0450163404048203	-11.344361752763863	230.0	35	1.05	0.95				
	320	1	82.82948432842105	16.824739004210524	0.0	0.0	3	1.0472358405958555	-11.168438804143621	230.0	35	1.05	0.95				
	321	2	0.0	0.0	0.0	0.0	3	1.05	-6.355642418750546	230.0	37	1.05	0.95				
	322	2	0.0	0.0	0.0	0.0	3	1.05	-0.7842056049994192	230.0	37	1.05	0.95				
	323	2	0.0	0.0	0.0	0.0	3	1.05	-10.6000844287835	230.0	35	1.05	0.95				
	324	1	0.0	0.0	0.0	0.0	3	1.0212743710690546	-15.547761835382605	230.0	36	1.05	0.95				
	325	1	0.0	0.0	0.0	0.0	3	1.0401385021792138	-8.70840886102693	230.0	35	1.05	0.95				
];
