%% MATPOWER Case Format : Version 2
function mpc = RTS_GMLC
mpc.version = '2';

%%-----  Power Flow Data  -----%%
%% system MVA base
mpc.baseMVA = 100.0;
%% bus data
%    bus_i    type    Pd    Qd    Gs    Bs    area    Vm    Va    baseKV    zone    Vmax    Vmin
mpc.bus = [
	101	2	57.580405730526316	11.729341908070175	0.0	0.0	1	1.0363126702979102	-0.09476109920375307	138.0	11	1.05	0.95				
	102	2	51.71573477649123	10.663038098245615	0.0	0.0	1	1.0359829229186754	-0.25210023797598574	138.0	12	1.05	0.95				
	103	1	95.96734288421052	19.726620481754388	0.0	0.0	1	1.019044303079189	-1.1687178386176424	138.0	11	1.05	0.95				
	104	1	39.453240963508776	7.997278573684211	0.0	0.0	1	1.0200591621241186	-3.22772099076801	138.0	11	1.05	0.95				
	105	1	37.85378524877193	7.4641266687719305	0.0	0.0	1	1.036026949692407	-3.11597513394856	138.0	11	1.05	0.95				
	106	1	72.50865906807019	14.928253337543861	0.0	-100.0	1	1.0432619713546518	-5.34143589341193	138.0	12	1.05	0.95				
	107	2	66.6439881140351	13.328797622807018	0.0	0.0	1	1.018381029974763	-8.73999380457749	138.0	12	1.05	0.95				
	108	1	91.16897574000001	18.660316671929824	0.0	0.0	1	1.0120703867430807	-8.410559852014512	138.0	12	1.05	0.95				
	109	1	93.30158335964911	19.193468576842104	0.0	0.0	1	1.0234935389207798	-3.511995147411685	138.0	13	1.05	0.95				
	110	1	103.96462145789474	21.32607619649123	0.0	0.0	1	1.05	-4.509171596959106	138.0	13	1.05	0.95				
	111	1	0.0	0.0	0.0	0.0	1	1.0040783357706997	-1.1003373310700935	230.0	13	1.05	0.95				
	112	1	0.0	0.0	0.0	0.0	1	1.0102593159466224	-0.6878205380716279	230.0	13	1.05	0.95				
	113	3	141.28525480175438	28.790202865263158	0.0	0.0	1	1.0041354123620254	-9.440662302469733e-29	230.0	14	1.05	0.95				
	114	2	103.43146955298246	20.79292429157895	0.0	0.0	1	0.9972313528254422	0.9808352851689832	230.0	16	1.05	0.95				
	115	2	169.00915385719298	34.121721914385965	0.0	0.0	1	1.0216473323089725	7.846567944967487	230.0	16	1.05	0.95				
	116	2	53.31519049122807	10.663038098245615	0.0	0.0	1	1.020112907788437	7.173462308008176	230.0	16	1.05	0.95				
	117	1	0.0	0.0	0.0	0.0	1	1.0262817577635879	9.481836477741556	230.0	17	1.05	0.95				
	118	2	177.53958433578947	36.254329534035094	0.0	0.0	1	1.02635767898597	9.700495956749704	230.0	17	1.05	0.95				
	119	1	96.50049478912281	19.726620481754388	0.0	0.0	1	1.0180162798506	5.689840406285248	230.0	15	1.05	0.95				
	120	1	68.24344382877193	13.8619495277193	0.0	0.0	1	1.0206795630254097	5.453435367507251	230.0	15	1.05	0.95				
	121	2	0.0	0.0	0.0	0.0	1	1.0284479521553012	11.017907077597958	230.0	17	1.05	0.95				
	122	2	0.0	0.0	0.0	0.0	1	1.0499999873629968	17.068478229126395	230.0	17	1.05	0.95				
	123	2	0.0	0.0	0.0	0.0	1	1.023186137940596	5.73446482247411	230.0	15	1.05	0.95				
	124	1	0.0	0.0	0.0	0.0	1	1.0095395880641473	4.44452068377957	230.0	16	1.05	0.95				
	201	2	65.68739177684212	13.380764991578948	0.0	0.0	2	1.0291553472837052	-15.463138318867536	138.0	21	1.05	0.95				
	202	2	58.997009281052634	12.164331810526317	0.0	0.0	2	1.0296347661936232	-15.504362993600902	138.0	22	1.05	0.95				
	203	1	109.47898629473684	22.504013849473687	0.0	0.0	2	1.0181110382513376	-12.41314207424871	138.0	21	1.05	0.95				
	204	1	45.00802769894737	9.123248857894737	0.0	0.0	2	1.0158594348225567	-17.446038190424577	138.0	21	1.05	0.95				
	205	1	43.18337792736842	8.515032267368422	0.0	0.0	2	1.0317217512654306	-17.857187460306825	138.0	21	1.05	0.95				
	206	1	82.71745631157896	17.030064534736844	0.0	-100.0	2	1.0399176919844573	-19.766649562077642	138.0	22	1.05	0.95				
	207	2	76.02707381578948	15.205414763157895	0.0	0.0	2	0.9884035002331281	-28.816382984374457	138.0	22	1.05	0.95				
	208	1	104.00503698000001	21.287580668421054	0.0	0.0	2	0.9880737151620892	-25.882394254528585	138.0	22	1.05	0.95				
	209	1	106.43790334210527	21.89579725894737	0.0	0.0	2	1.0232210832533186	-16.553765849677536	138.0	23	1.05	0.95				
	210	1	118.60223515263158	24.328663621052634	0.0	0.0	2	1.05	-18.351063245455393	138.0	23	1.05	0.95				
	211	1	0.0	0.0	0.0	0.0	2	1.0163891233722544	-13.026886283510045	230.0	23	1.05	0.95				
	212	1	0.0	0.0	0.0	0.0	2	1.0165980268864665	-12.23510550406112	230.0	23	1.05	0.95				
	213	2	161.1773964894737	32.84369588842106	0.0	0.0	2	1.0207585784799174	-11.822535128642299	230.0	24	1.05	0.95				
	214	2	117.99401856210527	23.72044703052632	0.0	0.0	2	1.0237169706010456	-9.672883999554221	230.0	26	1.05	0.95				
	215	2	192.80465919684212	38.92586179368421	0.0	0.0	2	1.0332394442713484	-0.7901610390396905	230.0	26	1.05	0.95				
	216	2	60.82165905263158	12.164331810526317	0.0	0.0	2	1.0360750356574338	-1.1881520688041562	230.0	26	1.05	0.95				
	217	1	0.0	0.0	0.0	0.0	2	1.0377329797326982	2.1984070655120087	230.0	27	1.05	0.95				
	218	2	202.5361246452632	41.35872815578948	0.0	0.0	2	1.0393112622652325	2.5115697352791937	230.0	27	1.05	0.95				
	219	1	110.08720288526317	22.504013849473687	0.0	0.0	2	1.038116853342191	-2.1794997564159573	230.0	25	1.05	0.95				
	220	1	77.85172358736843	15.813631353684213	0.0	0.0	2	1.0448777360030796	-1.8845034018336775	230.0	25	1.05	0.95				
	221	2	0.0	0.0	0.0	0.0	2	1.0396420630322216	2.175150311203281	230.0	27	1.05	0.95				
	222	2	0.0	0.0	0.0	0.0	2	1.05	8.685894110809953	230.0	27	1.05	0.95				
	223	2	0.0	0.0	0.0	0.0	2	1.05	-1.280258965643174	230.0	25	1.05	0.95				
	224	1	0.0	0.0	0.0	0.0	2	1.0131455988363431	-5.125796147791116	230.0	26	1.05	0.95				
	301	2	52.85542551157894	10.76684593754386	0.0	0.0	3	1.041096777019118	-2.2736450060442577	138.0	31	1.05	0.95				
	302	2	47.47200254280702	9.788041761403509	0.0	0.0	3	1.0363787293163855	-2.6068179120694963	138.0	32	1.05	0.95				
	303	1	88.09237585263158	18.107877258596492	0.0	0.0	3	1.05	13.005980825363974	138.0	31	1.05	0.95				
	304	1	36.215754517192984	7.341031321052631	0.0	0.0	3	1.0157550587780648	-1.3247012408336256	138.0	31	1.05	0.95				
	305	1	34.747548252982455	6.851629232982456	0.0	0.0	3	1.037479147993692	-3.255496398986533	138.0	31	1.05	0.95				
	306	1	66.55868397754386	13.703258465964913	0.0	-100.0	3	1.0418904913045568	-4.390214467869298	138.0	32	1.05	0.95				
	307	2	61.17526100877193	12.235052201754385	0.0	0.0	3	0.95	-1.1492677511542053	138.0	32	1.05	0.95				
	308	1	83.68775706	17.129073082456138	0.0	0.0	3	0.9709010242190166	-2.554799302640944	138.0	32	1.05	0.95				
	309	1	85.64536541228071	17.618475170526317	0.0	0.0	3	1.0144339136823584	1.7812208562899894	138.0	33	1.05	0.95				
	310	1	95.4334071736842	19.576083522807018	0.0	0.0	3	1.0452634972242718	-2.705005242762385	138.0	33	1.05	0.95				
	311	1	0.0	0.0	0.0	0.0	3	1.0015830330127122	0.8431950123206168	230.0	33	1.05	0.95				
	312	1	0.0	0.0	0.0	0.0	3	1.006418682636229	1.7499185327194493	230.0	33	1.05	0.95				
	313	2	129.69155333859646	26.42771275578947	0.0	0.0	3	1.0033838395583088	3.9275043866977506	230.0	34	1.05	0.95				
	314	2	94.94400508561404	19.086681434736843	0.0	0.0	3	0.9953940866663453	-0.4478688257043578	230.0	36	1.05	0.95				
	315	2	155.14046191824562	31.321733636491228	0.0	0.0	3	1.0456670685499274	0.9105787675657571	230.0	36	1.05	0.95				
	316	2	48.94020880701754	9.788041761403509	0.0	0.0	3	1.02911205013367	0.7421686767696641	230.0	36	1.05	0.95				
	317	1	0.0	0.0	0.0	0.0	3	1.0427063491008024	1.2252395049767082	230.0	37	1.05	0.95				
	318	2	162.97089532736842	33.27934198877193	0.0	0.0	3	1.046254376195491	0.48622396578014304	230.0	37	1.05	0.95				
	319	1	88.58177794070176	18.107877258596492	0.0	0.0	3	1.01804461959287	0.7632193099102972	230.0	35	1.05	0.95				
	320	1	62.643467272982456	12.72445428982456	0.0	0.0	3	1.012121106001491	1.754411715765563	230.0	35	1.05	0.95				
	321	2	0.0	0.0	0.0	0.0	3	1.05	1.1497104261481148	230.0	37	1.05	0.95				
	322	2	0.0	0.0	0.0	0.0	3	1.05	5.517932102249098	230.0	37	1.05	0.95				
	323	2	0.0	0.0	0.0	0.0	3	1.0100616238494375	2.6932845303981567	230.0	35	1.05	0.95				
	324	1	0.0	0.0	0.0	0.0	3	1.0434344875027586	5.534939152876891	230.0	36	1.05	0.95				
	325	1	0.0	0.0	0.0	0.0	3	1.0102049953457373	3.405435488492682	230.0	35	1.05	0.95				
];
