%% MATPOWER Case Format : Version 2
function mpc = RTS_GMLC
mpc.version = '2';

%%-----  Power Flow Data  -----%%
%% system MVA base
mpc.baseMVA = 100.0;
%% bus data
%    bus_i    type    Pd    Qd    Gs    Bs    area    Vm    Va    baseKV    zone    Vmax    Vmin
mpc.bus = [
	101	2	43.17862445052632	8.795645721403508	0.0	0.0	1	1.0357047792055123	3.4857706472883376	138.0	11	1.05	0.95				
	102	2	38.78080158982456	7.996041564912282	0.0	0.0	1	1.0353028680204697	3.3464337783913427	138.0	12	1.05	0.95				
	103	1	71.96437408421052	14.79267689508772	0.0	0.0	1	1.0303652264374998	1.1091647825619113	138.0	11	1.05	0.95				
	104	1	29.58535379017544	5.99703117368421	0.0	0.0	1	1.0227066436630294	-0.15722798917363934	138.0	11	1.05	0.95				
	105	1	28.385947555438594	5.597229095438597	0.0	0.0	1	1.0371373641838737	0.10212700997491167	138.0	11	1.05	0.95				
	106	1	54.37308264140351	11.194458190877194	0.0	-100.0	1	1.0465159040398195	-2.2118777776295313	138.0	12	1.05	0.95				
	107	2	49.975259780701755	9.995051956140351	0.0	0.0	1	1.0006177914320067	-8.027572845617208	138.0	12	1.05	0.95				
	108	1	68.36615538	13.99307273859649	0.0	0.0	1	1.005308345289218	-6.606004008111278	138.0	12	1.05	0.95				
	109	1	69.96536369298245	14.392874816842106	0.0	0.0	1	1.0248456615066632	-1.412550846300386	138.0	13	1.05	0.95				
	110	1	77.96140525789474	15.992083129824564	0.0	0.0	1	1.05	-2.077205592917276	138.0	13	1.05	0.95				
	111	1	0.0	0.0	0.0	0.0	1	1.002791221952303	0.08686512156726033	230.0	13	1.05	0.95				
	112	1	0.0	0.0	0.0	0.0	1	1.0082428732630815	0.37444047407745734	230.0	13	1.05	0.95				
	113	3	105.94755073508773	21.58931222526316	0.0	0.0	1	0.9939548559569985	6.462545626071318e-29	230.0	14	1.05	0.95				
	114	2	77.56160317964913	15.592281051578949	0.0	0.0	1	0.9988477642408734	2.1261359791538856	230.0	16	1.05	0.95				
	115	2	126.73725880385965	25.587333007719298	0.0	0.0	1	1.0390054032208287	7.719544005706046	230.0	16	1.05	0.95				
	116	2	39.980207824561404	7.996041564912282	0.0	0.0	1	1.0342624019574322	7.269916750388193	230.0	16	1.05	0.95				
	117	1	0.0	0.0	0.0	0.0	1	1.0421866993374287	9.299801759796685	230.0	17	1.05	0.95				
	118	2	133.13409205578947	27.186541320701757	0.0	0.0	1	1.0456747931627335	9.165815039807542	230.0	17	1.05	0.95				
	119	1	72.36417616245615	14.79267689508772	0.0	0.0	1	1.0274542032889231	6.162960672702976	230.0	15	1.05	0.95				
	120	1	51.174666015438596	10.394854034385965	0.0	0.0	1	1.0242355629932838	5.973274549546578	230.0	15	1.05	0.95				
	121	2	0.0	0.0	0.0	0.0	1	1.05	9.956893673790736	230.0	17	1.05	0.95				
	122	2	0.0	0.0	0.0	0.0	1	1.05	18.5033484920627	230.0	17	1.05	0.95				
	123	2	0.0	0.0	0.0	0.0	1	1.0228640974547576	6.179874367062232	230.0	15	1.05	0.95				
	124	1	0.0	0.0	0.0	0.0	1	1.0269530130350204	5.245591074426027	230.0	16	1.05	0.95				
	201	2	49.418542421052635	10.066740122807017	0.0	0.0	2	1.0310635197768072	-7.348637240954999	138.0	21	1.05	0.95				
	202	2	44.385172359649125	9.151581929824562	0.0	0.0	2	1.0314987167254506	-7.317475033416805	138.0	22	1.05	0.95				
	203	1	82.36423736842106	16.930426570175438	0.0	0.0	2	1.0182655033060883	-7.324872008416583	138.0	21	1.05	0.95				
	204	1	33.860853140350876	6.863686447368421	0.0	0.0	2	1.0193077831131654	-9.683627705719092	138.0	21	1.05	0.95				
	205	1	32.48811585087719	6.4061073508771935	0.0	0.0	2	1.0346904668728099	-9.783857664743563	138.0	21	1.05	0.95				
	206	1	62.23075712280702	12.812214701754387	0.0	-100.0	2	1.0446187193588699	-11.58190367182562	138.0	22	1.05	0.95				
	207	2	57.19738706140352	11.439477412280702	0.0	0.0	2	0.9894883980345988	-18.536995977200302	138.0	22	1.05	0.95				
	208	1	78.2460255	16.01526837719298	0.0	0.0	2	0.9955516789168577	-16.449132970472473	138.0	22	1.05	0.95				
	209	1	80.07634188596491	16.47284747368421	0.0	0.0	2	1.0227396186361	-9.755906735988615	138.0	23	1.05	0.95				
	210	1	89.22792381578948	18.303163859649125	0.0	0.0	2	1.05	-10.800439264108647	138.0	23	1.05	0.95				
	211	1	0.0	0.0	0.0	0.0	2	1.0062145188656964	-7.13681691541077	230.0	23	1.05	0.95				
	212	1	0.0	0.0	0.0	0.0	2	1.0099463544911456	-6.706803168236103	230.0	23	1.05	0.95				
	213	2	121.25846057017544	24.709271210526317	0.0	0.0	2	1.0004385388997405	-6.410341147433008	230.0	24	1.05	0.95				
	214	2	88.77034471929825	17.845584763157895	0.0	0.0	2	1.0078358528867661	-4.529875882443701	230.0	26	1.05	0.95				
	215	2	145.0525735877193	29.285062175438597	0.0	0.0	2	1.0268591147993233	2.1797730410115723	230.0	26	1.05	0.95				
	216	2	45.75790964912281	9.151581929824562	0.0	0.0	2	1.0288030207269403	1.9107373058576342	230.0	26	1.05	0.95				
	217	1	0.0	0.0	0.0	0.0	2	1.0337159147983992	4.728019215202093	230.0	27	1.05	0.95				
	218	2	152.37383913157896	31.11537856140351	0.0	0.0	2	1.0351487912536275	5.09811882004389	230.0	27	1.05	0.95				
	219	1	82.82181646491227	16.930426570175438	0.0	0.0	2	1.0286070904918945	0.7809635523617019	230.0	25	1.05	0.95				
	220	1	58.570124350877194	11.89705650877193	0.0	0.0	2	1.0317995867589422	0.6888893254097878	230.0	25	1.05	0.95				
	221	2	0.0	0.0	0.0	0.0	2	1.0352729598025305	4.890279009727907	230.0	27	1.05	0.95				
	222	2	0.0	0.0	0.0	0.0	2	1.05	11.323848478625727	230.0	27	1.05	0.95				
	223	2	0.0	0.0	0.0	0.0	2	1.0342179602147383	0.9847709799685894	230.0	25	1.05	0.95				
	224	1	0.0	0.0	0.0	0.0	2	1.0118944145048931	-1.3854388804273354	230.0	26	1.05	0.95				
	301	2	55.827902576842106	11.372350524912282	0.0	0.0	3	1.0119775451472082	-23.619820270187283	138.0	31	1.05	0.95				
	302	2	50.14172731438597	10.338500477192984	0.0	0.0	3	1.0107516603157252	-23.88530271875622	138.0	32	1.05	0.95				
	303	1	93.04650429473685	19.126225882807017	0.0	0.0	3	1.0432593215987445	-12.768193041705336	138.0	31	1.05	0.95				
	304	1	38.25245176561403	7.753875357894737	0.0	0.0	3	1.010021164935575	-22.52730926779847	138.0	31	1.05	0.95				
	305	1	36.701676694035086	7.236950334035089	0.0	0.0	3	1.0244181341942362	-23.78275687776349	138.0	31	1.05	0.95				
	306	1	70.30180324491229	14.473900668070177	0.0	-100.0	3	1.0385632255782178	-24.47113769969309	138.0	32	1.05	0.95				
	307	2	64.61562798245613	12.923125596491229	0.0	0.0	3	0.9906611229665432	-30.24360823439817	138.0	32	1.05	0.95				
	308	1	88.39417908	18.09237583508772	0.0	0.0	3	0.9942670165892991	-27.83359064000895	138.0	32	1.05	0.95				
	309	1	90.4618791754386	18.609300858947368	0.0	0.0	3	1.026232301124437	-19.299944282939766	138.0	33	1.05	0.95				
	310	1	100.80037965263158	20.677000954385967	0.0	0.0	3	1.05	-22.28500626505788	138.0	33	1.05	0.95				
	311	1	0.0	0.0	0.0	0.0	3	1.0131341207843132	-16.31983764710794	230.0	33	1.05	0.95				
	312	1	0.0	0.0	0.0	0.0	3	1.0156140695918068	-15.566331686332642	230.0	33	1.05	0.95				
	313	2	136.985131322807	27.913951288421053	0.0	0.0	3	1.0164576126544278	-12.867017516991963	230.0	34	1.05	0.95				
	314	2	100.28345462877193	20.160075930526318	0.0	0.0	3	1.017285639975653	-14.817993435205485	230.0	36	1.05	0.95				
	315	2	163.86523256350875	33.08320152701754	0.0	0.0	3	1.040676327768478	-10.10237808278609	230.0	36	1.05	0.95				
	316	2	51.692502385964914	10.338500477192984	0.0	0.0	3	1.0397443172853802	-9.584781110221215	230.0	36	1.05	0.95				
	317	1	0.0	0.0	0.0	0.0	3	1.0424917360504025	-8.25411888749329	230.0	37	1.05	0.95				
	318	2	172.13603294526317	35.150901622456146	0.0	0.0	3	1.0411500195079844	-8.260045529927554	230.0	37	1.05	0.95				
	319	1	93.56342931859649	19.126225882807017	0.0	0.0	3	1.0372116634638264	-10.145061481977601	230.0	35	1.05	0.95				
	320	1	66.16640305403509	13.440050620350878	0.0	0.0	3	1.0388535998127892	-9.647981697032863	230.0	35	1.05	0.95				
	321	2	0.0	0.0	0.0	0.0	3	1.0426839274175925	-8.20936986413629	230.0	37	1.05	0.95				
	322	2	0.0	0.0	0.0	0.0	3	1.05	-3.902202874325197	230.0	37	1.05	0.95				
	323	2	0.0	0.0	0.0	0.0	3	1.0408078612865246	-8.98964606820007	230.0	35	1.05	0.95				
	324	1	0.0	0.0	0.0	0.0	3	1.0360494551060695	-11.108732972148518	230.0	36	1.05	0.95				
	325	1	0.0	0.0	0.0	0.0	3	1.0348228095548317	-7.431311492257222	230.0	35	1.05	0.95				
];
