%% MATPOWER Case Format : Version 2
function mpc = RTS_GMLC
mpc.version = '2';

%%-----  Power Flow Data  -----%%
%% system MVA base
mpc.baseMVA = 100.0;
%% bus data
%    bus_i    type    Pd    Qd    Gs    Bs    area    Vm    Va    baseKV    zone    Vmax    Vmin
mpc.bus = [
	101	2	48.46907470736842	9.873330032982455	0.0	0.0	1	1.0295049101522435	-0.06971100305974146	138.0	11	1.05	0.95				
	102	2	43.53240969087719	8.975754575438597	0.0	0.0	1	1.027549216547795	-0.5911262779656977	138.0	12	1.05	0.95				
	103	1	80.78179117894736	16.6051459645614	0.0	0.0	1	1.0323286646455734	0.9060266036315321	138.0	11	1.05	0.95				
	104	1	33.2102919291228	6.7318159315789465	0.0	0.0	1	1.022008510742753	-2.266952216190429	138.0	11	1.05	0.95				
	105	1	31.863928742807012	6.283028202807017	0.0	0.0	1	1.033780678831561	-2.8871674293726	138.0	11	1.05	0.95				
	106	1	61.035131112982455	12.566056405614034	0.0	-100.0	1	1.043830519234507	-5.017616039975284	138.0	12	1.05	0.95				
	107	2	56.09846609649123	11.219693219298245	0.0	0.0	1	0.9994738074511631	-10.73915133278935	138.0	12	1.05	0.95				
	108	1	76.74270161999999	15.707570507017543	0.0	0.0	1	1.0028171058044082	-9.103226694863684	138.0	12	1.05	0.95				
	109	1	78.53785253508772	16.156358235789472	0.0	0.0	1	1.0252819006273755	-2.8685344078199733	138.0	13	1.05	0.95				
	110	1	87.51360711052631	17.951509150877193	0.0	0.0	1	1.05	-4.314329766534397	138.0	13	1.05	0.95				
	111	1	0.0	0.0	0.0	0.0	1	1.0064643382390952	-0.6164172033660223	230.0	13	1.05	0.95				
	112	1	0.0	0.0	0.0	0.0	1	1.0097166739458177	-1.2519804177824319	230.0	13	1.05	0.95				
	113	3	118.9287481245614	24.23453735368421	0.0	0.0	1	0.9994214996840015	8.552417059838616e-28	230.0	14	1.05	0.95				
	114	2	87.06481938175438	17.502721422105264	0.0	0.0	1	1.0077471831787295	1.9324082600379713	230.0	16	1.05	0.95				
	115	2	142.26571002070173	28.72241464140351	0.0	0.0	1	1.0427390846786946	9.680419559448667	230.0	16	1.05	0.95				
	116	2	44.87877287719298	8.975754575438597	0.0	0.0	1	1.0366171475801598	8.147689600878106	230.0	16	1.05	0.95				
	117	1	0.0	0.0	0.0	0.0	1	1.0427105413275854	12.728024696717934	230.0	17	1.05	0.95				
	118	2	149.44631368105263	30.517565556491228	0.0	0.0	1	1.0485255733101007	13.639821268292803	230.0	17	1.05	0.95				
	119	1	81.23057890771929	16.6051459645614	0.0	0.0	1	1.024834521649284	4.959071721984352	230.0	15	1.05	0.95				
	120	1	57.44482928280702	11.668480948070176	0.0	0.0	1	1.01940851514104	2.7382742677894076	230.0	15	1.05	0.95				
	121	2	0.0	0.0	0.0	0.0	1	1.05	15.336380579044459	230.0	17	1.05	0.95				
	122	2	0.0	0.0	0.0	0.0	1	1.05	24.330733419187947	230.0	17	1.05	0.95				
	123	2	0.0	0.0	0.0	0.0	1	1.0173773323539184	1.8585778852880521	230.0	15	1.05	0.95				
	124	1	0.0	0.0	0.0	0.0	1	1.0277469156654693	6.3961895744563195	230.0	16	1.05	0.95				
	201	2	45.95057454315789	9.360302221754385	0.0	0.0	2	1.0132849270913176	-12.947499596694595	138.0	21	1.05	0.95				
	202	2	41.270423432280694	8.50936565614035	0.0	0.0	2	1.012456766618638	-13.199786292163916	138.0	22	1.05	0.95				
	203	1	76.58429090526315	15.742326463859646	0.0	0.0	2	1.014475417415881	-9.88670137905479	138.0	21	1.05	0.95				
	204	1	31.484652927719292	6.382024242105262	0.0	0.0	2	1.0118236047254683	-12.58497644072174	138.0	21	1.05	0.95				
	205	1	30.20824807929824	5.956555959298245	0.0	0.0	2	1.0263812723614851	-12.951113055348367	138.0	21	1.05	0.95				
	206	1	57.863686461754384	11.91311191859649	0.0	-100.0	2	1.041652117136225	-13.480323451186402	138.0	22	1.05	0.95				
	207	2	53.183535350877186	10.636707070175436	0.0	0.0	2	0.9957687382177999	-18.60287387957733	138.0	22	1.05	0.95				
	208	1	72.75507635999999	14.89138989824561	0.0	0.0	2	1.0007702156972633	-16.675539208700588	138.0	22	1.05	0.95				
	209	1	74.45694949122806	15.316858181052629	0.0	0.0	2	1.0238475482874456	-10.323491466436353	138.0	23	1.05	0.95				
	210	1	82.9663151473684	17.0187313122807	0.0	0.0	2	1.05	-11.585627032532784	138.0	23	1.05	0.95				
	211	1	0.0	0.0	0.0	0.0	2	1.0048356462028418	-7.9131275441368825	230.0	23	1.05	0.95				
	212	1	0.0	0.0	0.0	0.0	2	1.0116868253799405	-4.169928954732466	230.0	23	1.05	0.95				
	213	2	112.74909494385963	22.975287271578946	0.0	0.0	2	1.0007400536157836	-5.959497917281552	230.0	24	1.05	0.95				
	214	2	82.54084686456139	16.593263029473682	0.0	0.0	2	1.0026673816520764	-6.4514485098337255	230.0	26	1.05	0.95				
	215	2	134.87344564982453	27.22997009964912	0.0	0.0	2	1.0212562624449277	-0.9469039263994947	230.0	26	1.05	0.95				
	216	2	42.546828280701746	8.50936565614035	0.0	0.0	2	1.0204861424537268	-1.7778593754067762	230.0	26	1.05	0.95				
	217	1	0.0	0.0	0.0	0.0	2	1.0257893923875068	-0.13300901317420744	230.0	27	1.05	0.95				
	218	2	141.6809381747368	28.931843230877192	0.0	0.0	2	1.0253466860284557	-0.5095885228610415	230.0	27	1.05	0.95				
	219	1	77.00975918807018	15.742326463859646	0.0	0.0	2	1.020413349434437	-2.014875211922955	230.0	25	1.05	0.95				
	220	1	54.45994019929824	11.062175352982456	0.0	0.0	2	1.0232181710343653	-1.3813368468322207	230.0	25	1.05	0.95				
	221	2	0.0	0.0	0.0	0.0	2	1.0275113662952187	0.14216616548125516	230.0	27	1.05	0.95				
	222	2	0.0	0.0	0.0	0.0	2	1.049219281250708	6.533967977849026	230.0	27	1.05	0.95				
	223	2	0.0	0.0	0.0	0.0	2	1.025473650031264	-0.7059864248664175	230.0	25	1.05	0.95				
	224	1	0.0	0.0	0.0	0.0	2	1.0076710549554595	-4.305565118444196	230.0	26	1.05	0.95				
	301	2	57.63872194105264	11.74122113614035	0.0	0.0	3	1.00486520865364	10.123787573766664	138.0	31	1.05	0.95				
	302	2	51.76811137298245	10.673837396491228	0.0	0.0	3	1.0039958480592983	9.86600843851224	138.0	32	1.05	0.95				
	303	1	96.06453656842106	19.746599183508774	0.0	0.0	3	1.044424160423192	19.880070519215437	138.0	31	1.05	0.95				
	304	1	39.49319836701755	8.00537804736842	0.0	0.0	3	1.0067273498110738	11.0572086283063	138.0	31	1.05	0.95				
	305	1	37.89212275754386	7.47168617754386	0.0	0.0	3	1.0204189069397687	10.31150568870632	138.0	31	1.05	0.95				
	306	1	72.58209429614035	14.94337235508772	0.0	-100.0	3	1.0363906663931568	9.797581711970462	138.0	32	1.05	0.95				
	307	2	66.71148372807018	13.342296745614036	0.0	0.0	3	0.9881289293871194	5.4588974987512735	138.0	32	1.05	0.95				
	308	1	91.26130974	18.679215443859647	0.0	0.0	3	0.9974289807592416	7.861127407619798	138.0	32	1.05	0.95				
	309	1	93.39607721929825	19.21290731368421	0.0	0.0	3	1.026315362391737	14.217799256073128	138.0	33	1.05	0.95				
	310	1	104.06991461578947	21.347674792982456	0.0	0.0	3	1.05	12.217211297458048	138.0	33	1.05	0.95				
	311	1	0.0	0.0	0.0	0.0	3	1.0104255508358415	16.903775136281883	230.0	33	1.05	0.95				
	312	1	0.0	0.0	0.0	0.0	3	1.0166464540105984	17.267584102802388	230.0	33	1.05	0.95				
	313	2	141.42834550350875	28.81936097052632	0.0	0.0	3	1.0152001468583967	20.218465758578795	230.0	34	1.05	0.95				
	314	2	103.5362227459649	20.813982923157894	0.0	0.0	3	1.0076498345802518	17.765475260185074	230.0	36	1.05	0.95				
	315	2	169.18032273438598	34.15627966877193	0.0	0.0	3	1.0421443924093772	16.61435768226342	230.0	36	1.05	0.95				
	316	2	53.36918698245614	10.673837396491228	0.0	0.0	3	1.0370456718896204	17.03308797323058	230.0	36	1.05	0.95				
	317	1	0.0	0.0	0.0	0.0	3	1.05	18.60992514092579	230.0	37	1.05	0.95				
	318	2	177.71939265157894	36.29104714807018	0.0	0.0	3	1.0486449813638912	15.963140398656392	230.0	37	1.05	0.95				
	319	1	96.59822843824561	19.746599183508774	0.0	0.0	3	1.0325215518838062	17.79313712480887	230.0	35	1.05	0.95				
	320	1	68.31255933754386	13.875988615438597	0.0	0.0	3	1.0291900063723762	17.989057395168736	230.0	35	1.05	0.95				
	321	2	0.0	0.0	0.0	0.0	3	1.0469910426336733	16.811689490854498	230.0	37	1.05	0.95				
	322	2	0.0	0.0	0.0	0.0	3	1.05	21.861262933044365	230.0	37	1.05	0.95				
	323	2	0.0	0.0	0.0	0.0	3	1.0270011915250732	17.934015584595397	230.0	35	1.05	0.95				
	324	1	0.0	0.0	0.0	0.0	3	1.042556662919107	19.6782593827265	230.0	36	1.05	0.95				
	325	1	0.0	0.0	0.0	0.0	3	1.0301594944987573	17.72303084528485	230.0	35	1.05	0.95				
];
