%% MATPOWER Case Format : Version 2
function mpc = RTS_GMLC
mpc.version = '2';

%%-----  Power Flow Data  -----%%
%% system MVA base
mpc.baseMVA = 100.0;
%% bus data
%    bus_i    type    Pd    Qd    Gs    Bs    area    Vm    Va    baseKV    zone    Vmax    Vmin
mpc.bus = [
	101	2	36.33844631494737	7.4022761011929825	0.0	0.0	1	1.0185501351898156	-0.3792980551928595	138.0	11	1.05	0.95				
	102	2	32.63730826435087	6.729341910175439	0.0	0.0	1	1.0162930019945138	-0.9724609405655271	138.0	12	1.05	0.95				
	103	1	60.564077191578946	12.44928253382456	0.0	0.0	1	1.0304248864876226	1.1691481928448562	138.0	11	1.05	0.95				
	104	1	24.89856506764912	5.047006432631578	0.0	0.0	1	1.016074592914687	-2.4241029282265054	138.0	11	1.05	0.95				
	105	1	23.889163781122804	4.710539337122807	0.0	0.0	1	1.030087560124918	-2.423942593330618	138.0	11	1.05	0.95				
	106	1	45.75952498919298	9.421078674245614	0.0	-100.0	1	1.044663152616387	-4.059573632663084	138.0	12	1.05	0.95				
	107	2	42.058386938596485	8.411677387719298	0.0	0.0	1	1.0010111986163903	-9.529936523078362	138.0	12	1.05	0.95				
	108	1	57.535873332	11.776348342807017	0.0	0.0	1	1.0071238157928832	-7.712490127186313	138.0	12	1.05	0.95				
	109	1	58.88174171403509	12.112815438315788	0.0	0.0	1	1.024681066225989	-2.2053581190231983	138.0	13	1.05	0.95				
	110	1	65.61108362421052	13.458683820350878	0.0	0.0	1	1.05	-3.3932390547585474	138.0	13	1.05	0.95				
	111	1	0.0	0.0	0.0	0.0	1	1.0028688971056112	-0.010337591223160011	230.0	13	1.05	0.95				
	112	1	0.0	0.0	0.0	0.0	1	1.0074192595193234	-0.8434438211019899	230.0	13	1.05	0.95				
	113	3	89.16378030982455	18.169223157473684	0.0	0.0	1	0.9937597061002842	-3.6481185002889203e-31	230.0	14	1.05	0.95				
	114	2	65.27461652870174	13.122216724842106	0.0	0.0	1	1.0023465154468747	2.908946694366137	230.0	16	1.05	0.95				
	115	2	106.6600692762807	21.533894112561402	0.0	0.0	1	1.0414534961253379	10.418390136194576	230.0	16	1.05	0.95				
	116	2	33.64670955087719	6.729341910175439	0.0	0.0	1	1.035269043823868	8.884052530809706	230.0	16	1.05	0.95				
	117	1	0.0	0.0	0.0	0.0	1	1.0419444687592005	13.372624834765553	230.0	17	1.05	0.95				
	118	2	112.04354280442104	22.87976249459649	0.0	0.0	1	1.048117111320978	14.156993322988194	230.0	17	1.05	0.95				
	119	1	60.90054428708772	12.44928253382456	0.0	0.0	1	1.023426797464371	5.534242267260236	230.0	15	1.05	0.95				
	120	1	43.067788225122804	8.748144483228069	0.0	0.0	1	1.017490645778393	3.239507163108351	230.0	15	1.05	0.95				
	121	2	0.0	0.0	0.0	0.0	1	1.0499999810488525	15.678846255357753	230.0	17	1.05	0.95				
	122	2	0.0	0.0	0.0	0.0	1	1.05	25.550876658050356	230.0	17	1.05	0.95				
	123	2	0.0	0.0	0.0	0.0	1	1.01471427154743	2.2335893026090834	230.0	15	1.05	0.95				
	124	1	0.0	0.0	0.0	0.0	1	1.0257060585708109	6.957647489192499	230.0	16	1.05	0.95				
	201	2	36.61766094694737	7.459153155859649	0.0	0.0	2	1.0135534014808065	-14.486829696610759	138.0	21	1.05	0.95				
	202	2	32.88808436901754	6.781048323508772	0.0	0.0	2	1.012627116984251	-14.775365488033454	138.0	22	1.05	0.95				
	203	1	61.02943491157895	12.544939398491229	0.0	0.0	2	1.0161961134212343	-10.645523268567429	138.0	21	1.05	0.95				
	204	1	25.089878796982457	5.0857862426315785	0.0	0.0	2	1.0129617175851175	-14.648581628606177	138.0	21	1.05	0.95				
	205	1	24.072721548456137	4.746733826456141	0.0	0.0	2	1.0278220942765472	-15.058857496724077	138.0	21	1.05	0.95				
	206	1	46.111128599859654	9.493467652912281	0.0	-100.0	2	1.0441182451805198	-15.834156806900403	138.0	22	1.05	0.95				
	207	2	42.38155202192983	8.476310404385965	0.0	0.0	2	0.9959363991617406	-19.783133680442383	138.0	22	1.05	0.95				
	208	1	57.97796316599999	11.86683456614035	0.0	0.0	2	1.0039412399302692	-18.314482920409162	138.0	22	1.05	0.95				
	209	1	59.334172830701746	12.20588698231579	0.0	0.0	2	1.0222396069837276	-13.130212416817423	138.0	23	1.05	0.95				
	210	1	66.11522115421053	13.562096647017544	0.0	0.0	2	1.05	-14.535761156476694	138.0	23	1.05	0.95				
	211	1	0.0	0.0	0.0	0.0	2	1.0025247813783913	-10.647681831195419	230.0	23	1.05	0.95				
	212	1	0.0	0.0	0.0	0.0	2	1.006406905627217	-10.40502602751824	230.0	23	1.05	0.95				
	213	2	89.84889028649123	18.308830473473684	0.0	0.0	2	0.9951495765731863	-9.859909290798859	230.0	24	1.05	0.95				
	214	2	65.77616873803508	13.223044230842104	0.0	0.0	2	1.0022997595498515	-8.00996869894985	230.0	26	1.05	0.95				
	215	2	107.47961592761403	21.69935463522807	0.0	0.0	2	1.0197007790271944	-1.630542805021476	230.0	26	1.05	0.95				
	216	2	33.90524161754386	6.781048323508772	0.0	0.0	2	1.0207961235845233	-2.2544746607945636	230.0	26	1.05	0.95				
	217	1	0.0	0.0	0.0	0.0	2	1.0252802351455597	-0.3523125613170867	230.0	27	1.05	0.95				
	218	2	112.90445458642104	23.055564299929827	0.0	0.0	2	1.0249971555755188	-0.6903308541550308	230.0	27	1.05	0.95				
	219	1	61.36848732775439	12.544939398491229	0.0	0.0	2	1.02086554352888	-3.3028766508728955	230.0	25	1.05	0.95				
	220	1	43.39870927045614	8.815362820561404	0.0	0.0	2	1.0229356342239837	-3.540304834840248	230.0	25	1.05	0.95				
	221	2	0.0	0.0	0.0	0.0	2	1.0268098210631131	-0.20526386233591226	230.0	27	1.05	0.95				
	222	2	0.0	0.0	0.0	0.0	2	1.0486535956304905	6.243937234784991	230.0	27	1.05	0.95				
	223	2	0.0	0.0	0.0	0.0	2	1.0241901532988273	-3.406448195313763	230.0	25	1.05	0.95				
	224	1	0.0	0.0	0.0	0.0	2	1.0072767223199661	-5.029239799814748	230.0	26	1.05	0.95				
	301	2	43.69882949052632	8.901613414736842	0.0	0.0	3	1.0075786186351567	12.266295422719471	138.0	31	1.05	0.95				
	302	2	39.24802278315789	8.092375831578948	0.0	0.0	3	1.0075425080694889	11.906435754260832	138.0	32	1.05	0.95				
	303	1	72.83138248421052	14.970895288421051	0.0	0.0	3	1.0483939769786503	26.330326084864424	138.0	31	1.05	0.95				
	304	1	29.941790576842102	6.0692818736842105	0.0	0.0	3	1.0097337929199004	13.047580983715703	138.0	31	1.05	0.95				
	305	1	28.72793420210526	5.664663082105264	0.0	0.0	3	1.0237143534112099	10.64348083520029	138.0	31	1.05	0.95				
	306	1	55.02815565473684	11.329326164210528	0.0	-100.0	3	1.0407448556418255	9.244460528373981	138.0	32	1.05	0.95				
	307	2	50.577348947368414	10.115469789473684	0.0	0.0	3	0.9796058092499375	5.847154221697457	138.0	32	1.05	0.95				
	308	1	69.18981336	14.161657705263156	0.0	0.0	3	0.9918010931096202	7.614383960293358	138.0	32	1.05	0.95				
	309	1	70.80828852631579	14.566276496842104	0.0	0.0	3	1.0237467016316846	15.650523313703538	138.0	33	1.05	0.95				
	310	1	78.90066435789474	16.184751663157897	0.0	0.0	3	1.05	10.336550154590434	138.0	33	1.05	0.95				
	311	1	0.0	0.0	0.0	0.0	3	1.0121375946254971	13.642312737055923	230.0	33	1.05	0.95				
	312	1	0.0	0.0	0.0	0.0	3	1.018120608275736	14.140034711002746	230.0	33	1.05	0.95				
	313	2	107.22397976842105	21.84941474526316	0.0	0.0	3	1.0158688565041702	15.718458699407293	230.0	34	1.05	0.95				
	314	2	78.49604556631579	15.780132871578948	0.0	0.0	3	1.0061111272835985	12.54923769787101	230.0	36	1.05	0.95				
	315	2	128.2641569305263	25.89560266105263	0.0	0.0	3	1.04981329478206	13.856942749812223	230.0	36	1.05	0.95				
	316	2	40.461879157894735	8.092375831578948	0.0	0.0	3	1.036406336106862	13.428175140962363	230.0	36	1.05	0.95				
	317	1	0.0	0.0	0.0	0.0	3	1.05	15.560526800015529	230.0	37	1.05	0.95				
	318	2	134.73805759578948	27.51407782736842	0.0	0.0	3	1.049197601584843	13.22977428108406	230.0	37	1.05	0.95				
	319	1	73.23600127578948	14.970895288421051	0.0	0.0	3	1.029876674663583	12.918877822935366	230.0	35	1.05	0.95				
	320	1	51.79120532210526	10.520088581052631	0.0	0.0	3	1.026770044239553	13.25928815749999	230.0	35	1.05	0.95				
	321	2	0.0	0.0	0.0	0.0	3	1.0496996156229783	14.055741723643623	230.0	37	1.05	0.95				
	322	2	0.0	0.0	0.0	0.0	3	1.05	18.993987696505755	230.0	37	1.05	0.95				
	323	2	0.0	0.0	0.0	0.0	3	1.0255726760784913	13.761121848829369	230.0	35	1.05	0.95				
	324	1	0.0	0.0	0.0	0.0	3	1.045214285950749	18.617532063365918	230.0	36	1.05	0.95				
	325	1	0.0	0.0	0.0	0.0	3	1.0281030175656298	13.937540127991321	230.0	35	1.05	0.95				
];
