%% MATPOWER Case Format : Version 2
function mpc = RTS_GMLC
mpc.version = '2';

%%-----  Power Flow Data  -----%%
%% system MVA base
mpc.baseMVA = 100.0;
%% bus data
%    bus_i    type    Pd    Qd    Gs    Bs    area    Vm    Va    baseKV    zone    Vmax    Vmin
mpc.bus = [
	101	2	48.7897080631579	9.93864423508772	0.0	0.0	1	1.0321056519184297	1.3238838748232726	138.0	11	1.05	0.95				
	102	2	43.820385945614035	9.035131122807018	0.0	0.0	1	1.0296191226266074	0.6460752988515641	138.0	12	1.05	0.95				
	103	1	81.31618010526316	16.714992577192984	0.0	0.0	1	1.0349939890714437	1.9934440761452445	138.0	11	1.05	0.95				
	104	1	33.42998515438597	6.776348342105262	0.0	0.0	1	1.0228628688530093	-1.4993098350943428	138.0	11	1.05	0.95				
	105	1	32.07471548596491	6.324591785964913	0.0	0.0	1	1.0346718598205127	-2.0277144105582745	138.0	11	1.05	0.95				
	106	1	61.43889163508772	12.649183571929825	0.0	-100.0	1	1.0439350709821684	-4.490569931847129	138.0	12	1.05	0.95				
	107	2	56.46956951754386	11.293913903508772	0.0	0.0	1	0.9996180080094412	-12.029602705557766	138.0	12	1.05	0.95				
	108	1	77.2503711	15.811479464912278	0.0	0.0	1	1.0018454809116297	-9.702342090164416	138.0	12	1.05	0.95				
	109	1	79.0573973245614	16.26323602105263	0.0	0.0	1	1.02536127167776	-2.523741522818257	138.0	13	1.05	0.95				
	110	1	88.09252844736842	18.070262245614035	0.0	0.0	1	1.05	-3.997202513887507	138.0	13	1.05	0.95				
	111	1	0.0	0.0	0.0	0.0	1	1.0067285178474195	-0.45532061598444756	230.0	13	1.05	0.95				
	112	1	0.0	0.0	0.0	0.0	1	1.0110112704935508	-1.1108927920149088	230.0	13	1.05	0.95				
	113	3	119.71548737719297	24.39485403157895	0.0	0.0	1	1.0009326144587962	-1.609763231777708e-29	230.0	14	1.05	0.95				
	114	2	87.64077189122807	17.618505689473686	0.0	0.0	1	1.006649791634091	2.0636358891035553	230.0	16	1.05	0.95				
	115	2	143.20682829649124	28.91241959298246	0.0	0.0	1	1.0427550938483605	9.81272039641659	230.0	16	1.05	0.95				
	116	2	45.17565561403509	9.035131122807018	0.0	0.0	1	1.0372382836305276	8.236206608154905	230.0	16	1.05	0.95				
	117	1	0.0	0.0	0.0	0.0	1	1.043608135134574	12.648283287092474	230.0	17	1.05	0.95				
	118	2	150.43493319473683	30.71944581754386	0.0	0.0	1	1.0486937716294298	13.74496308215412	230.0	17	1.05	0.95				
	119	1	81.76793666140351	16.714992577192984	0.0	0.0	1	1.0264557087198793	5.122504585322578	230.0	15	1.05	0.95				
	120	1	57.82483918596492	11.745670459649123	0.0	0.0	1	1.0214880804348085	2.7689521795034513	230.0	15	1.05	0.95				
	121	2	0.0	0.0	0.0	0.0	1	1.05	15.370947681313805	230.0	17	1.05	0.95				
	122	2	0.0	0.0	0.0	0.0	1	1.05	22.17512505944325	230.0	17	1.05	0.95				
	123	2	0.0	0.0	0.0	0.0	1	1.0197747272123678	1.8172098705095519	230.0	15	1.05	0.95				
	124	1	0.0	0.0	0.0	0.0	1	1.0297896438457042	6.879685086007752	230.0	16	1.05	0.95				
	201	2	45.71257672421053	9.311821184561403	0.0	0.0	2	1.012727999090716	-17.75647384843169	138.0	21	1.05	0.95				
	202	2	41.05666613192982	8.465291985964912	0.0	0.0	2	1.0117730631784003	-18.064026633288332	138.0	22	1.05	0.95				
	203	1	76.18762787368422	15.660790174035089	0.0	0.0	2	1.0154291793976775	-12.888607286174187	138.0	21	1.05	0.95				
	204	1	31.321580348070178	6.3489689894736845	0.0	0.0	2	1.0110991994851457	-17.61911974696797	138.0	21	1.05	0.95				
	205	1	30.051786550175436	5.925704390175439	0.0	0.0	2	1.026195283741053	-18.145873538542546	138.0	21	1.05	0.95				
	206	1	57.56398550456141	11.851408780350878	0.0	-100.0	2	1.041530449675002	-18.8923203476084	138.0	22	1.05	0.95				
	207	2	52.9080749122807	10.58161498245614	0.0	0.0	2	0.9938636020452187	-23.94098961969794	138.0	22	1.05	0.95				
	208	1	72.37824648	14.814260975438595	0.0	0.0	2	0.9995303584073801	-22.027943571945038	138.0	22	1.05	0.95				
	209	1	74.07130487719297	15.237525574736841	0.0	0.0	2	1.022904362212155	-15.501302155154487	138.0	23	1.05	0.95				
	210	1	82.5365968631579	16.930583971929824	0.0	0.0	2	1.05	-17.172686577784056	138.0	23	1.05	0.95				
	211	1	0.0	0.0	0.0	0.0	2	1.008197204645189	-12.29544846817737	230.0	23	1.05	0.95				
	212	1	0.0	0.0	0.0	0.0	2	1.009333250538275	-11.698711388401922	230.0	23	1.05	0.95				
	213	2	112.16511881403508	22.856288362105264	0.0	0.0	2	1.0049788230750138	-10.963883338275142	230.0	24	1.05	0.95				
	214	2	82.11333226385965	16.507319372631578	0.0	0.0	2	1.0126100107364415	-9.337083970626354	230.0	26	1.05	0.95				
	215	2	134.17487797754387	27.08893435508772	0.0	0.0	2	1.0276633749876636	-1.805608637068072	230.0	26	1.05	0.95				
	216	2	42.32645992982456	8.465291985964912	0.0	0.0	2	1.028446647642734	-2.5805728881919454	230.0	26	1.05	0.95				
	217	1	0.0	0.0	0.0	0.0	2	1.0311437854916097	-0.8133472371878091	230.0	27	1.05	0.95				
	218	2	140.94711156631578	28.781992752280704	0.0	0.0	2	1.030580163819848	-1.2269888210260866	230.0	27	1.05	0.95				
	219	1	76.61089247298246	15.660790174035089	0.0	0.0	2	1.0285516005424806	-3.1964618462715837	230.0	25	1.05	0.95				
	220	1	54.17786871017544	11.004879581754386	0.0	0.0	2	1.031454776764035	-2.9083213216413837	230.0	25	1.05	0.95				
	221	2	0.0	0.0	0.0	0.0	2	1.0325895091189023	-0.6246184918682726	230.0	27	1.05	0.95				
	222	2	0.0	0.0	0.0	0.0	2	1.05	5.7958324229800535	230.0	27	1.05	0.95				
	223	2	0.0	0.0	0.0	0.0	2	1.0336268040422472	-2.428924095098913	230.0	25	1.05	0.95				
	224	1	0.0	0.0	0.0	0.0	2	1.0094198985490845	-5.950349180098257	230.0	26	1.05	0.95				
	301	2	59.82537171789474	12.186649794385964	0.0	0.0	3	0.992450295557606	9.57714269237243	138.0	31	1.05	0.95				
	302	2	53.732046820701754	11.078772540350878	0.0	0.0	3	0.9922037238875233	9.578053212562695	138.0	32	1.05	0.95				
	303	1	99.70895286315789	20.49572919964912	0.0	0.0	3	1.014383557173232	11.134653657170984	138.0	31	1.05	0.95				
	304	1	40.99145839929824	8.309079405263157	0.0	0.0	3	1.0006367557889069	11.499390468164568	138.0	31	1.05	0.95				
	305	1	39.32964251824561	7.7551407782456145	0.0	0.0	3	1.0125281313461294	11.643891675063186	138.0	31	1.05	0.95				
	306	1	75.33565327438596	15.510281556491229	0.0	-100.0	3	1.0323849677485288	12.15911879822396	138.0	32	1.05	0.95				
	307	2	69.24232837719298	13.848465675438595	0.0	0.0	3	0.9829554830283882	8.87627616412154	138.0	32	1.05	0.95				
	308	1	94.72350521999999	19.38785194561403	0.0	0.0	3	0.9976874390812798	11.306100978506027	138.0	32	1.05	0.95				
	309	1	96.93925972807017	19.941790572631575	0.0	0.0	3	1.0267472914666536	15.321450779970652	138.0	33	1.05	0.95				
	310	1	108.01803226842104	22.157545080701755	0.0	0.0	3	1.05	15.466115913575521	138.0	33	1.05	0.95				
	311	1	0.0	0.0	0.0	0.0	3	1.0151136467441129	21.031380975340827	230.0	33	1.05	0.95				
	312	1	0.0	0.0	0.0	0.0	3	1.021673951122878	22.58040537563581	230.0	33	1.05	0.95				
	313	2	146.79373615964911	29.91268585894737	0.0	0.0	3	1.0396661653822796	29.86250083783957	230.0	34	1.05	0.95				
	314	2	107.46409364140351	21.60360645368421	0.0	0.0	3	1.0158716839107587	18.798350059228547	230.0	36	1.05	0.95				
	315	2	175.59854476456138	35.452072129122804	0.0	0.0	3	1.0378904077276665	11.836360207408344	230.0	36	1.05	0.95				
	316	2	55.39386270175438	11.078772540350878	0.0	0.0	3	1.039942575673826	13.339141215779321	230.0	36	1.05	0.95				
	317	1	0.0	0.0	0.0	0.0	3	1.0444953490120228	11.723877263527395	230.0	37	1.05	0.95				
	318	2	184.4615627968421	37.66782663719298	0.0	0.0	3	1.0435662427317631	9.96616417186458	230.0	37	1.05	0.95				
	319	1	100.26289149017545	20.49572919964912	0.0	0.0	3	1.0386144890477642	16.723700980130676	230.0	35	1.05	0.95				
	320	1	70.90414425824561	14.40240430245614	0.0	0.0	3	1.0405162660506457	19.23343416962176	230.0	35	1.05	0.95				
	321	2	0.0	0.0	0.0	0.0	3	1.0427764493320686	11.1752516734269	230.0	37	1.05	0.95				
	322	2	0.0	0.0	0.0	0.0	3	1.05	15.718448256323457	230.0	37	1.05	0.95				
	323	2	0.0	0.0	0.0	0.0	3	1.041512102036609	20.17922828095927	230.0	35	1.05	0.95				
	324	1	0.0	0.0	0.0	0.0	3	1.027172896126998	13.568601217198092	230.0	36	1.05	0.95				
	325	1	0.0	0.0	0.0	0.0	3	1.0436483849374023	19.7758260386414	230.0	35	1.05	0.95				
];
