%% MATPOWER Case Format : Version 2
function mpc = RTS_GMLC
mpc.version = '2';

%%-----  Power Flow Data  -----%%
%% system MVA base
mpc.baseMVA = 100.0;
%% bus data
%    bus_i    type    Pd    Qd    Gs    Bs    area    Vm    Va    baseKV    zone    Vmax    Vmin
mpc.bus = [
	101	2	37.14002968926315	7.565561603368421	0.0	0.0	1	1.032679362048298	3.634579232840534	138.0	11	1.05	0.95				
	102	2	33.35724888757895	6.877783275789473	0.0	0.0	1	1.0317643984884919	3.3661185707928176	138.0	12	1.05	0.95				
	103	1	61.90004948210526	12.723899060210526	0.0	0.0	1	1.0321462534247452	2.1231836913008975	138.0	11	1.05	0.95				
	104	1	25.44779812042105	5.158337456842105	0.0	0.0	1	1.0221277812032015	0.135580372558199	138.0	11	1.05	0.95				
	105	1	24.416130629052628	4.8144482930526316	0.0	0.0	1	1.0363935013044554	0.3613412613611377	138.0	11	1.05	0.95				
	106	1	46.76892627536842	9.628896586105263	0.0	-100.0	1	1.0473272554828277	-1.877641171794425	138.0	12	1.05	0.95				
	107	2	42.9861454736842	8.597229094736841	0.0	0.0	1	1.0001990673917682	-8.55201670338312	138.0	12	1.05	0.95				
	108	1	58.80504700799999	12.036120732631577	0.0	0.0	1	1.0062363569509576	-6.613105273348025	138.0	12	1.05	0.95				
	109	1	60.180603663157896	12.38000989642105	0.0	0.0	1	1.024506028952987	-1.1075579264357356	138.0	13	1.05	0.95				
	110	1	67.05838693894735	13.755566551578946	0.0	0.0	1	1.05	-1.869511713417464	138.0	13	1.05	0.95				
	111	1	0.0	0.0	0.0	0.0	1	1.0015810348171728	0.42812690376639306	230.0	13	1.05	0.95				
	112	1	0.0	0.0	0.0	0.0	1	1.0067450115277503	-0.16972524374907538	230.0	13	1.05	0.95				
	113	3	91.13062840421051	18.570014844631576	0.0	0.0	1	0.9908751127843382	-2.2012401615298274e-27	230.0	14	1.05	0.95				
	114	2	66.7144977751579	13.411677387789473	0.0	0.0	1	0.9986863977435633	2.8568996524307524	230.0	16	1.05	0.95				
	115	2	109.01286492126314	22.008906482526314	0.0	0.0	1	1.039592263060956	9.362530538222247	230.0	16	1.05	0.95				
	116	2	34.388916378947364	6.877783275789473	0.0	0.0	1	1.0340799034672414	8.181298004057751	230.0	16	1.05	0.95				
	117	1	0.0	0.0	0.0	0.0	1	1.0406969581620553	12.374619094971077	230.0	17	1.05	0.95				
	118	2	114.51509154189472	23.38446313768421	0.0	0.0	1	1.0476661335940305	12.671779659346411	230.0	17	1.05	0.95				
	119	1	62.24393864589474	12.723899060210526	0.0	0.0	1	1.0226744285864513	5.342327546174414	230.0	15	1.05	0.95				
	120	1	44.01781296505263	8.941118258526314	0.0	0.0	1	1.0164326135936075	3.5147415138172664	230.0	15	1.05	0.95				
	121	2	0.0	0.0	0.0	0.0	1	1.05	13.765847090722536	230.0	17	1.05	0.95				
	122	2	0.0	0.0	0.0	0.0	1	1.05	27.069842459278235	230.0	17	1.05	0.95				
	123	2	0.0	0.0	0.0	0.0	1	1.0133401960911885	2.7740394742428043	230.0	15	1.05	0.95				
	124	1	0.0	0.0	0.0	0.0	1	1.0273687933875497	6.647490298067956	230.0	16	1.05	0.95				
	201	2	41.71761371368421	8.498032423157895	0.0	0.0	2	1.0131117686133704	-13.962492030660881	138.0	21	1.05	0.95				
	202	2	37.46859750210526	7.725484021052631	0.0	0.0	2	1.012230687951687	-14.251817206090486	138.0	22	1.05	0.95				
	203	1	69.52935618947367	14.292145438947369	0.0	0.0	2	1.0145911431009453	-9.870931664696213	138.0	21	1.05	0.95				
	204	1	28.584290877894738	5.794113015789473	0.0	0.0	2	1.0119478288758954	-13.916510496945527	138.0	21	1.05	0.95				
	205	1	27.425468274736836	5.407838814736842	0.0	0.0	2	1.0269200928628661	-14.361803584226273	138.0	21	1.05	0.95				
	206	1	52.5332913431579	10.815677629473685	0.0	-100.0	2	1.0427023873624313	-15.080945868160669	138.0	22	1.05	0.95				
	207	2	48.284275131578944	9.656855026315789	0.0	0.0	2	0.9953203597158181	-19.654836233004048	138.0	22	1.05	0.95				
	208	1	66.05288838	13.519597036842104	0.0	0.0	2	1.0018176899495683	-17.93643747426755	138.0	22	1.05	0.95				
	209	1	67.59798518421051	13.905871237894734	0.0	0.0	2	1.0225980212712904	-12.03759217405981	138.0	23	1.05	0.95				
	210	1	75.32346920526315	15.450968042105263	0.0	0.0	2	1.05	-13.516132148034904	138.0	23	1.05	0.95				
	211	1	0.0	0.0	0.0	0.0	2	1.0052853629725529	-9.179782275540804	230.0	23	1.05	0.95				
	212	1	0.0	0.0	0.0	0.0	2	1.0078701834756116	-8.396285111249712	230.0	23	1.05	0.95				
	213	2	102.36266327894737	20.858806856842104	0.0	0.0	2	1.0014584238666278	-7.783588011864416	230.0	24	1.05	0.95				
	214	2	74.93719500421052	15.064693841052632	0.0	0.0	2	1.0057993980046542	-6.686297563842836	230.0	26	1.05	0.95				
	215	2	122.4489217336842	24.72154886736842	0.0	0.0	2	1.0197093095479524	-0.6029075930425257	230.0	26	1.05	0.95				
	216	2	38.627420105263155	7.725484021052631	0.0	0.0	2	1.0216928414989384	-0.8078347570037926	230.0	26	1.05	0.95				
	217	1	0.0	0.0	0.0	0.0	2	1.0253998536919922	0.7179510716608662	230.0	27	1.05	0.95				
	218	2	128.6293089505263	26.26664567157895	0.0	0.0	2	1.0247477208414768	0.2845757525380265	230.0	27	1.05	0.95				
	219	1	69.91563039052632	14.292145438947369	0.0	0.0	2	1.0235954864486838	-0.8445565187944762	230.0	25	1.05	0.95				
	220	1	49.44309773473684	10.043129227368421	0.0	0.0	2	1.0276340074172001	-0.11823570231392132	230.0	25	1.05	0.95				
	221	2	0.0	0.0	0.0	0.0	2	1.0266604294683943	0.7916150872058073	230.0	27	1.05	0.95				
	222	2	0.0	0.0	0.0	0.0	2	1.0485325616119543	7.2712441621602615	230.0	27	1.05	0.95				
	223	2	0.0	0.0	0.0	0.0	2	1.0303973832882607	0.5749519173267825	230.0	25	1.05	0.95				
	224	1	0.0	0.0	0.0	0.0	2	1.0063969086906162	-4.091397642756619	230.0	26	1.05	0.95				
	301	2	54.32458081263158	11.066118313684212	0.0	0.0	3	1.0091400414512368	-15.426859965162475	138.0	31	1.05	0.95				
	302	2	48.791521655789474	10.060107557894737	0.0	0.0	3	1.0084926573471988	-15.569984159326957	138.0	32	1.05	0.95				
	303	1	90.54096802105263	18.611198982105265	0.0	0.0	3	1.0318241534704002	-7.751806257696548	138.0	31	1.05	0.95				
	304	1	37.22239796421053	7.545080668421053	0.0	0.0	3	1.0108242754509684	-13.560566720166806	138.0	31	1.05	0.95				
	305	1	35.713381830526316	7.042075290526317	0.0	0.0	3	1.0230383798852365	-15.156848983603519	138.0	31	1.05	0.95				
	306	1	68.40873139368422	14.084150581052635	0.0	-100.0	3	1.0384046841255634	-15.575371407298476	138.0	32	1.05	0.95				
	307	2	62.87567223684211	12.575134447368422	0.0	0.0	3	0.9932536876632352	-20.714394457872856	138.0	32	1.05	0.95				
	308	1	86.01391962	17.60518822631579	0.0	0.0	3	0.9971476691252299	-18.38862797855901	138.0	32	1.05	0.95				
	309	1	88.02594113157896	18.108193604210527	0.0	0.0	3	1.0298040903190808	-9.881294227446185	138.0	33	1.05	0.95				
	310	1	98.0860486894737	20.120215115789474	0.0	0.0	3	1.05	-13.269456490614093	138.0	33	1.05	0.95				
	311	1	0.0	0.0	0.0	0.0	3	1.0127247057013593	-7.054525365333712	230.0	33	1.05	0.95				
	312	1	0.0	0.0	0.0	0.0	3	1.0146709485458694	-6.59151184641339	230.0	33	1.05	0.95				
	313	2	133.29642514210528	27.16229040631579	0.0	0.0	3	1.0140394762300355	-3.8500165607947894	230.0	34	1.05	0.95				
	314	2	97.58304331157895	19.61720973789474	0.0	0.0	3	1.0166534561800011	-5.260941112900446	230.0	36	1.05	0.95				
	315	2	159.45270479263158	32.19234418526316	0.0	0.0	3	1.0407959529410067	-0.07886169600160065	230.0	36	1.05	0.95				
	316	2	50.30053778947369	10.060107557894737	0.0	0.0	3	1.0404793839728879	0.27552468957449866	230.0	36	1.05	0.95				
	317	1	0.0	0.0	0.0	0.0	3	1.05	5.587154209952827	230.0	37	1.05	0.95				
	318	2	167.50079083894738	34.20436569684211	0.0	0.0	3	1.04535329507696	3.3978698164269803	230.0	37	1.05	0.95				
	319	1	91.04397339894737	18.611198982105265	0.0	0.0	3	1.0348305632688128	-0.8651620899063013	230.0	35	1.05	0.95				
	320	1	64.38468837052632	13.078139825263161	0.0	0.0	3	1.0337691287239388	-0.8984088972271133	230.0	35	1.05	0.95				
	321	2	0.0	0.0	0.0	0.0	3	1.0452457454749584	2.8611519468783126	230.0	37	1.05	0.95				
	322	2	0.0	0.0	0.0	0.0	3	1.05	8.273307243557227	230.0	37	1.05	0.95				
	323	2	0.0	0.0	0.0	0.0	3	1.0340604930681088	-0.536198578203656	230.0	35	1.05	0.95				
	324	1	0.0	0.0	0.0	0.0	3	1.0275468308952118	-2.952750941380624	230.0	36	1.05	0.95				
	325	1	0.0	0.0	0.0	0.0	3	1.0312962261314156	0.663708544820882	230.0	35	1.05	0.95				
];
