%% MATPOWER Case Format : Version 2
function mpc = RTS_GMLC
mpc.version = '2';

%%-----  Power Flow Data  -----%%
%% system MVA base
mpc.baseMVA = 100.0;
%% bus data
%    bus_i    type    Pd    Qd    Gs    Bs    area    Vm    Va    baseKV    zone    Vmax    Vmin
mpc.bus = [
	101	2	35.67046016842106	7.266204849122808	0.0	0.0	1	1.011211349450481	-4.737048073736255	138.0	11	1.05	0.95				
	102	2	32.03735774385965	6.605640771929826	0.0	0.0	1	1.0112861971078002	-4.897899954290487	138.0	12	1.05	0.95				
	103	1	59.45076694736843	12.220435428070175	0.0	0.0	1	1.0039440425535575	-0.06606937634949794	138.0	11	1.05	0.95				
	104	1	24.44087085614035	4.954230578947368	0.0	0.0	1	1.004579488023181	-4.482706700150474	138.0	11	1.05	0.95				
	105	1	23.450024740350877	4.623948540350878	0.0	0.0	1	1.018961259308526	-5.339097349376694	138.0	11	1.05	0.95				
	106	1	44.91835724912281	9.247897080701756	0.0	-100.0	1	1.0317829861698022	-6.101143099447461	138.0	12	1.05	0.95				
	107	2	41.285254824561406	8.257050964912281	0.0	0.0	1	0.9878634480253299	-10.16264667743667	138.0	12	1.05	0.95				
	108	1	56.4782286	11.559871350877193	0.0	0.0	1	0.992452813787518	-8.626810122425251	138.0	12	1.05	0.95				
	109	1	57.79935675438597	11.890153389473685	0.0	0.0	1	1.00556545771178	-3.219944623806662	138.0	13	1.05	0.95				
	110	1	64.40499752631578	13.211281543859652	0.0	0.0	1	1.0342374349854262	-4.855310066494566	138.0	13	1.05	0.95				
	111	1	0.0	0.0	0.0	0.0	1	0.9825757449658941	-0.493333121584291	230.0	13	1.05	0.95				
	112	1	0.0	0.0	0.0	0.0	1	0.9841738013957588	-1.394558437598607	230.0	13	1.05	0.95				
	113	3	87.52474022807017	17.83523008421053	0.0	0.0	1	0.9631794783868658	-1.86533191866815e-28	230.0	14	1.05	0.95				
	114	2	64.0747154877193	12.880999505263159	0.0	0.0	1	0.9902100005038171	2.7869066503350948	230.0	16	1.05	0.95				
	115	2	104.69940623508774	21.13805047017544	0.0	0.0	1	0.9971082482552606	11.0846347054212	230.0	16	1.05	0.95				
	116	2	33.028203859649125	6.605640771929826	0.0	0.0	1	0.9945331737471845	9.639207913924222	230.0	16	1.05	0.95				
	117	1	0.0	0.0	0.0	0.0	1	0.9981972138317512	15.13005541465245	230.0	17	1.05	0.95				
	118	2	109.98391885263159	22.459178624561407	0.0	0.0	1	1.0072726785715391	15.447958048103542	230.0	17	1.05	0.95				
	119	1	59.781048985964915	12.220435428070175	0.0	0.0	1	0.9921470381663936	5.942419868768482	230.0	15	1.05	0.95				
	120	1	42.27610094035088	8.587333003508773	0.0	0.0	1	0.9949659221433304	3.4234936396165154	230.0	15	1.05	0.95				
	121	2	0.0	0.0	0.0	0.0	1	1.0076298242105972	16.623463047710512	230.0	17	1.05	0.95				
	122	2	0.0	0.0	0.0	0.0	1	1.01492671875431	34.9517480763514	230.0	17	1.05	0.95				
	123	2	0.0	0.0	0.0	0.0	1	0.9971398576543988	2.3143193716403303	230.0	15	1.05	0.95				
	124	1	0.0	0.0	0.0	0.0	1	0.9863045200226457	6.836616146241751	230.0	16	1.05	0.95				
	201	2	37.34865417978948	7.60805918477193	0.0	0.0	2	1.0136879352928074	-14.217264216576543	138.0	21	1.05	0.95				
	202	2	33.54462458740351	6.916417440701754	0.0	0.0	2	1.012478625017845	-14.478652652614562	138.0	22	1.05	0.95				
	203	1	62.24775696631579	12.795372265298246	0.0	0.0	2	0.999423755157402	-10.405385797212025	138.0	21	1.05	0.95				
	204	1	25.590744530596492	5.187313080526316	0.0	0.0	2	1.0032559166345185	-14.096546189296966	138.0	21	1.05	0.95				
	205	1	24.553281914491226	4.841492208491228	0.0	0.0	2	1.020098974406937	-14.509646239858482	138.0	21	1.05	0.95				
	206	1	47.03163859677193	9.682984416982457	0.0	-100.0	2	1.0318519224498004	-15.141267323538106	138.0	22	1.05	0.95				
	207	2	43.22760900438596	8.645521800877193	0.0	0.0	2	0.9746115366128325	-19.23351426947011	138.0	22	1.05	0.95				
	208	1	59.135369118	12.10373052122807	0.0	0.0	2	0.9842202504468439	-17.69120836718256	138.0	22	1.05	0.95				
	209	1	60.51865260614036	12.449551393263157	0.0	0.0	2	1.0052446488330242	-12.300900593137207	138.0	23	1.05	0.95				
	210	1	67.4350700468421	13.832834881403508	0.0	0.0	2	1.0344569452327117	-13.664052630908893	138.0	23	1.05	0.95				
	211	1	0.0	0.0	0.0	0.0	2	0.9851370267292735	-9.657591008772002	230.0	23	1.05	0.95				
	212	1	0.0	0.0	0.0	0.0	2	0.9846244155163386	-8.88734691006133	230.0	23	1.05	0.95				
	213	2	91.64253108929825	18.67432708989474	0.0	0.0	2	0.9806467299499595	-8.326481262416872	230.0	24	1.05	0.95				
	214	2	67.08924917480702	13.48701400936842	0.0	0.0	2	0.981171527569878	-7.331365119005423	230.0	26	1.05	0.95				
	215	2	109.6252164351228	22.132535810245614	0.0	0.0	2	0.9907901333010072	-1.1068204250825098	230.0	26	1.05	0.95				
	216	2	34.58208720350877	6.916417440701754	0.0	0.0	2	0.98908645157728	-1.7840070949051923	230.0	26	1.05	0.95				
	217	1	0.0	0.0	0.0	0.0	2	0.9990052397318762	-0.007299850198175726	230.0	27	1.05	0.95				
	218	2	115.15835038768421	23.515819298385964	0.0	0.0	2	1.0001774368007843	-0.36840138623495383	230.0	27	1.05	0.95				
	219	1	62.593577838350875	12.795372265298246	0.0	0.0	2	0.9846269161952813	-1.6738389596799768	230.0	25	1.05	0.95				
	220	1	44.26507162049123	8.99134267291228	0.0	0.0	2	0.9829196874522379	-0.8410705431202506	230.0	25	1.05	0.95				
	221	2	0.0	0.0	0.0	0.0	2	1.0021072770297184	0.16338286717490222	230.0	27	1.05	0.95				
	222	2	0.0	0.0	0.0	0.0	2	1.0205810372089916	6.542570941400955	230.0	27	1.05	0.95				
	223	2	0.0	0.0	0.0	0.0	2	0.9824964004452963	-0.08885561098500647	230.0	25	1.05	0.95				
	224	1	0.0	0.0	0.0	0.0	2	0.9829180328120389	-4.65755667505869	230.0	26	1.05	0.95				
	301	2	41.905093338947374	8.536222717192983	0.0	0.0	3	1.0107908017327905	22.608813397804116	138.0	31	1.05	0.95				
	302	2	37.63698198035088	7.7602024701754395	0.0	0.0	3	1.0113450119165703	22.227316253199486	138.0	32	1.05	0.95				
	303	1	69.84182223157896	14.356374569824562	0.0	0.0	3	1.0249923433867172	37.83629403569988	138.0	31	1.05	0.95				
	304	1	28.712749139649123	5.820151852631579	0.0	0.0	3	1.0002356166577688	23.43457004517963	138.0	31	1.05	0.95				
	305	1	27.54871876912281	5.432141729122808	0.0	0.0	3	1.0180602786872182	20.96295334688019	138.0	31	1.05	0.95				
	306	1	52.76937679719299	10.864283458245616	0.0	-100.0	3	1.030309515550631	19.54234336001994	138.0	32	1.05	0.95				
	307	2	48.5012654385965	9.700253087719299	0.0	0.0	3	0.9631544048211196	16.230568247081887	138.0	32	1.05	0.95				
	308	1	66.34973112	13.580354322807016	0.0	0.0	3	0.9749816022826806	17.98492348505585	138.0	32	1.05	0.95				
	309	1	67.90177161403508	13.968364446315789	0.0	0.0	3	1.0029777530059163	26.095673874406625	138.0	33	1.05	0.95				
	310	1	75.66197408421053	15.520404940350879	0.0	0.0	3	1.0347887282034887	20.577693141025243	138.0	33	1.05	0.95				
	311	1	0.0	0.0	0.0	0.0	3	0.9893131620184896	23.634048254810345	230.0	33	1.05	0.95				
	312	1	0.0	0.0	0.0	0.0	3	0.9968414119780429	23.1664255010571	230.0	33	1.05	0.95				
	313	2	102.82268272982455	20.952546669473687	0.0	0.0	3	0.9901624283138072	22.92981382152928	230.0	34	1.05	0.95				
	314	2	75.27396396070176	15.132394816842107	0.0	0.0	3	0.9792722216089644	24.685387131732792	230.0	36	1.05	0.95				
	315	2	122.99920915228071	24.832647904561405	0.0	0.0	3	0.9986766423419148	27.86466927815914	230.0	36	1.05	0.95				
	316	2	38.801012350877194	7.7602024701754395	0.0	0.0	3	0.9879001747704375	27.289865678419858	230.0	36	1.05	0.95				
	317	1	0.0	0.0	0.0	0.0	3	1.0032402771154665	31.721812155819215	230.0	37	1.05	0.95				
	318	2	129.20737112842107	26.384688398596495	0.0	0.0	3	0.996895728561083	27.804864436664417	230.0	37	1.05	0.95				
	319	1	70.22983235508772	14.356374569824562	0.0	0.0	3	0.9899067518233696	25.085425371708673	230.0	35	1.05	0.95				
	320	1	49.66529580912281	10.088263211228071	0.0	0.0	3	0.9942757873239007	23.477003052803465	230.0	35	1.05	0.95				
	321	2	0.0	0.0	0.0	0.0	3	1.0055709116086256	28.470840803543535	230.0	37	1.05	0.95				
	322	2	0.0	0.0	0.0	0.0	3	1.0232367168717815	33.864737019141764	230.0	37	1.05	0.95				
	323	2	0.0	0.0	0.0	0.0	3	0.997070255832372	22.841715265580703	230.0	35	1.05	0.95				
	324	1	0.0	0.0	0.0	0.0	3	1.0063221643436897	32.1086035054945	230.0	36	1.05	0.95				
	325	1	0.0	0.0	0.0	0.0	3	0.9993722051302909	22.31873327823662	230.0	35	1.05	0.95				
];
