%% MATPOWER Case Format : Version 2
function mpc = RTS_GMLC
mpc.version = '2';

%%-----  Power Flow Data  -----%%
%% system MVA base
mpc.baseMVA = 100.0;
%% bus data
%    bus_i    type    Pd    Qd    Gs    Bs    area    Vm    Va    baseKV    zone    Vmax    Vmin
mpc.bus = [
	101	2	35.75061850736843	7.282533399649123	0.0	0.0	1	1.041314781282993	2.49482221578793	138.0	11	1.05	0.95				
	102	2	32.10935180754386	6.62048490877193	0.0	0.0	1	1.0405387410110603	2.2586099113282616	138.0	12	1.05	0.95				
	103	1	59.58436417894737	12.24789708122807	0.0	0.0	1	1.0201172782680736	0.23461113545819254	138.0	11	1.05	0.95				
	104	1	24.49579416245614	4.965363681578947	0.0	0.0	1	1.0246982527480948	-0.8265807509520395	138.0	11	1.05	0.95				
	105	1	23.50272142614035	4.634339436140351	0.0	0.0	1	1.0411725455370622	-0.5182376007231599	138.0	11	1.05	0.95				
	106	1	45.019297379649124	9.268678872280702	0.0	-100.0	1	1.0499999515661038	-2.6069079137408786	138.0	12	1.05	0.95				
	107	2	41.37803067982456	8.275606135964912	0.0	0.0	1	1.0042010654406475	-8.69228800402036	138.0	12	1.05	0.95				
	108	1	56.605145969999995	11.585848590350876	0.0	0.0	1	1.0086102131583758	-7.003643094123523	138.0	12	1.05	0.95				
	109	1	57.92924295175439	11.916872835789473	0.0	0.0	1	1.0213875150291885	-2.029894444716471	138.0	13	1.05	0.95				
	110	1	64.54972786052632	13.24096981754386	0.0	0.0	1	1.05	-2.554120329991343	138.0	13	1.05	0.95				
	111	1	0.0	0.0	0.0	0.0	1	0.9957553731643717	-0.555724478366552	230.0	13	1.05	0.95				
	112	1	0.0	0.0	0.0	0.0	1	1.0022247102128867	-0.6730553946259243	230.0	13	1.05	0.95				
	113	3	87.72142504122806	17.875309253684215	0.0	0.0	1	0.9888955250377871	-1.2046243411409431e-26	230.0	14	1.05	0.95				
	114	2	64.21870361508772	12.909945572105263	0.0	0.0	1	0.9842852706704049	0.8753035046463361	230.0	16	1.05	0.95				
	115	2	104.93468580403508	21.185551708070175	0.0	0.0	1	1.005623368899319	5.748970676296817	230.0	16	1.05	0.95				
	116	2	33.10242454385965	6.62048490877193	0.0	0.0	1	1.0028654703046704	4.891741187102533	230.0	16	1.05	0.95				
	117	1	0.0	0.0	0.0	0.0	1	1.011023439278078	7.801188466344396	230.0	17	1.05	0.95				
	118	2	110.23107373105263	22.509648689824562	0.0	0.0	1	1.0122031970237415	8.223594550778804	230.0	17	1.05	0.95				
	119	1	59.91538842438596	12.24789708122807	0.0	0.0	1	0.9991865002196608	3.113670092362365	230.0	15	1.05	0.95				
	120	1	42.37110341614035	8.606630381403509	0.0	0.0	1	0.9984704215709947	2.247177447325403	230.0	15	1.05	0.95				
	121	2	0.0	0.0	0.0	0.0	1	1.0141105123232952	9.42050776326849	230.0	17	1.05	0.95				
	122	2	0.0	0.0	0.0	0.0	1	1.0396573119333903	16.180597980709393	230.0	17	1.05	0.95				
	123	2	0.0	0.0	0.0	0.0	1	0.9982203059032072	2.0413078131267026	230.0	15	1.05	0.95				
	124	1	0.0	0.0	0.0	0.0	1	1.0035408941259745	3.625482092447406	230.0	16	1.05	0.95				
	201	2	34.679678892631586	7.064379033684211	0.0	0.0	2	1.0154795564242431	-12.919546654994157	138.0	21	1.05	0.95				
	202	2	31.147489375789473	6.422162757894738	0.0	0.0	2	1.0146223230251716	-13.19843276460763	138.0	22	1.05	0.95				
	203	1	57.79946482105264	11.881001102105264	0.0	0.0	2	1.0150264223439365	-9.430992840503995	138.0	21	1.05	0.95				
	204	1	23.76200220421053	4.816622068421053	0.0	0.0	2	1.0139626183476271	-13.108000004440584	138.0	21	1.05	0.95				
	205	1	22.798677790526316	4.495513930526316	0.0	0.0	2	1.0290588331962498	-13.479467878714358	138.0	21	1.05	0.95				
	206	1	43.670706753684215	8.991027861052633	0.0	-100.0	2	1.0451141354877551	-14.232461210070726	138.0	22	1.05	0.95				
	207	2	40.138517236842105	8.027703447368422	0.0	0.0	2	0.9987780122628229	-17.97631591384562	138.0	22	1.05	0.95				
	208	1	54.90949158	11.23878482631579	0.0	0.0	2	1.0061522791520419	-16.58989865505472	138.0	22	1.05	0.95				
	209	1	56.19392413157895	11.559892964210526	0.0	0.0	2	1.0217338946725347	-11.69193899098409	138.0	23	1.05	0.95				
	210	1	62.616086889473685	12.844325515789476	0.0	0.0	2	1.05	-13.002871414505146	138.0	23	1.05	0.95				
	211	1	0.0	0.0	0.0	0.0	2	0.9999057455959436	-9.335722696183538	230.0	23	1.05	0.95				
	212	1	0.0	0.0	0.0	0.0	2	1.0050672763746318	-9.07173065186365	230.0	23	1.05	0.95				
	213	2	85.09365654210526	17.339839446315793	0.0	0.0	2	0.9940449553833102	-8.555205381392778	230.0	24	1.05	0.95				
	214	2	62.294978751578945	12.523217377894738	0.0	0.0	2	0.9953969677858345	-6.837758626116382	230.0	26	1.05	0.95				
	215	2	101.79127971263158	20.55092082526316	0.0	0.0	2	1.010032484896956	-0.8117952188767853	230.0	26	1.05	0.95				
	216	2	32.11081378947369	6.422162757894738	0.0	0.0	2	1.0102513419710397	-1.3548533829875604	230.0	26	1.05	0.95				
	217	1	0.0	0.0	0.0	0.0	2	1.0137832009676133	0.37635617905830065	230.0	27	1.05	0.95				
	218	2	106.92900991894739	21.835353376842107	0.0	0.0	2	1.0137193007627223	0.09549823440455048	230.0	27	1.05	0.95				
	219	1	58.12057295894737	11.881001102105264	0.0	0.0	2	1.0124515339692133	-2.30212862354827	230.0	25	1.05	0.95				
	220	1	41.10184165052632	8.348811585263158	0.0	0.0	2	1.0161709029634698	-2.4736733848789303	230.0	25	1.05	0.95				
	221	2	0.0	0.0	0.0	0.0	2	1.0160691039670817	0.6052395718224188	230.0	27	1.05	0.95				
	222	2	0.0	0.0	0.0	0.0	2	1.037827248903934	7.161423660792249	230.0	27	1.05	0.95				
	223	2	0.0	0.0	0.0	0.0	2	1.0182757199579366	-2.314426012151931	230.0	25	1.05	0.95				
	224	1	0.0	0.0	0.0	0.0	2	1.0013314546018441	-4.0904646224832915	230.0	26	1.05	0.95				
	301	2	44.22840874105264	9.009490669473685	0.0	0.0	3	1.0414096722174713	-2.8107688561874604	138.0	31	1.05	0.95				
	302	2	39.723663406315794	8.190446063157896	0.0	0.0	3	1.0377349679352192	-3.141016957538113	138.0	32	1.05	0.95				
	303	1	73.71401456842106	15.152325216842108	0.0	0.0	3	1.05	11.490847498137388	138.0	31	1.05	0.95				
	304	1	30.304650433684216	6.142834547368421	0.0	0.0	3	1.0194614413298089	-2.214794887390085	138.0	31	1.05	0.95				
	305	1	29.076083524210528	5.733312244210528	0.0	0.0	3	1.0404839188010322	-3.9739905635676847	138.0	31	1.05	0.95				
	306	1	55.69503322947369	11.466624488421056	0.0	-100.0	3	1.0472321705085634	-5.1401900762825905	138.0	32	1.05	0.95				
	307	2	51.190287894736855	10.23805757894737	0.0	0.0	3	0.9522116401667412	-3.2788101623525536	138.0	32	1.05	0.95				
	308	1	70.02831384000001	14.333280610526316	0.0	0.0	3	0.9758763065794399	-4.050320813968087	138.0	32	1.05	0.95				
	309	1	71.6664030526316	14.74280291368421	0.0	0.0	3	1.0165593837016298	0.2588522493058129	138.0	33	1.05	0.95				
	310	1	79.85684911578949	16.380892126315793	0.0	0.0	3	1.0488215867945028	-3.8654306652422012	138.0	33	1.05	0.95				
	311	1	0.0	0.0	0.0	0.0	3	1.0026348132249083	-1.131896845783388	230.0	33	1.05	0.95				
	312	1	0.0	0.0	0.0	0.0	3	1.0074993423392906	-0.1909062445164922	230.0	33	1.05	0.95				
	313	2	108.52341033684212	22.11420437052632	0.0	0.0	3	1.0033329221224774	1.4676903790938418	230.0	34	1.05	0.95				
	314	2	79.44732681263159	15.971369823157897	0.0	0.0	3	0.9939635347605729	-2.6296781306807344	230.0	36	1.05	0.95				
	315	2	129.81857010105264	26.209427402105266	0.0	0.0	3	1.0421129301371894	-1.6746165949653178	230.0	36	1.05	0.95				
	316	2	40.95223031578948	8.190446063157896	0.0	0.0	3	1.0217525753064576	-2.225916656314535	230.0	36	1.05	0.95				
	317	1	0.0	0.0	0.0	0.0	3	1.0371670025608333	-1.5516365153651979	230.0	37	1.05	0.95				
	318	2	136.37092695157898	27.847516614736843	0.0	0.0	3	1.0415978965726107	-1.9841764836823599	230.0	37	1.05	0.95				
	319	1	74.12353687157895	15.152325216842108	0.0	0.0	3	1.0124262281022218	-1.7780307571184428	230.0	35	1.05	0.95				
	320	1	52.41885480421053	10.647579882105266	0.0	0.0	3	1.0071871020163847	-0.558402074552564	230.0	35	1.05	0.95				
	321	2	0.0	0.0	0.0	0.0	3	1.05	-1.3977216664105296	230.0	37	1.05	0.95				
	322	2	0.0	0.0	0.0	0.0	3	1.05	2.874107383559268	230.0	37	1.05	0.95				
	323	2	0.0	0.0	0.0	0.0	3	1.0052299942360332	0.4482761963955083	230.0	35	1.05	0.95				
	324	1	0.0	0.0	0.0	0.0	3	1.0407335959447943	3.363522850011607	230.0	36	1.05	0.95				
	325	1	0.0	0.0	0.0	0.0	3	1.0043609892952525	1.2028776561888859	230.0	35	1.05	0.95				
];
