%% MATPOWER Case Format : Version 2
function mpc = RTS_GMLC
mpc.version = '2';

%%-----  Power Flow Data  -----%%
%% system MVA base
mpc.baseMVA = 100.0;
%% bus data
%    bus_i    type    Pd    Qd    Gs    Bs    area    Vm    Va    baseKV    zone    Vmax    Vmin
mpc.bus = [
	101	2	40.61355764210526	8.2731321122807	0.0	0.0	1	1.0124857274479193	-3.573608279057806	138.0	11	1.05	0.95				
	102	2	36.47699158596491	7.521029192982456	0.0	0.0	1	1.012486875469384	-3.7912835038299413	138.0	12	1.05	0.95				
	103	1	67.68926273684211	13.913904007017544	0.0	0.0	1	1.0017895009561715	1.6300279738350631	138.0	11	1.05	0.95				
	104	1	27.82780801403509	5.640771894736842	0.0	0.0	1	1.0033641178181203	-3.665386088519035	138.0	11	1.05	0.95				
	105	1	26.699653635087717	5.26472043508772	0.0	0.0	1	1.017561147165337	-4.7438994022065115	138.0	11	1.05	0.95				
	106	1	51.1429985122807	10.52944087017544	0.0	-100.0	1	1.0284856399907116	-5.864299995491981	138.0	12	1.05	0.95				
	107	2	47.006432456140345	9.40128649122807	0.0	0.0	1	0.9867701518414098	-10.526588335418785	138.0	12	1.05	0.95				
	108	1	64.3047996	13.161801087719297	0.0	0.0	1	0.9888374492444125	-8.861538798280346	138.0	12	1.05	0.95				
	109	1	65.80900543859649	13.53785254736842	0.0	0.0	1	1.0023831529891847	-2.7734890770465066	138.0	13	1.05	0.95				
	110	1	73.33003463157894	15.042058385964912	0.0	0.0	1	1.0314708765036702	-4.687511989957524	138.0	13	1.05	0.95				
	111	1	0.0	0.0	0.0	0.0	1	0.9814964497803977	-0.22036809480231748	230.0	13	1.05	0.95				
	112	1	0.0	0.0	0.0	0.0	1	0.9832438402387573	-1.2048191063092595	230.0	13	1.05	0.95				
	113	3	99.65363680701753	20.30677882105263	0.0	0.0	1	0.9635921115089757	1.8122745021028012e-27	230.0	14	1.05	0.95				
	114	2	72.95398317192982	14.666006926315788	0.0	0.0	1	0.9897281527238215	3.241696146781858	230.0	16	1.05	0.95				
	115	2	119.20831270877193	24.06729341754386	0.0	0.0	1	0.9889343021410097	12.41556014592759	230.0	16	1.05	0.95				
	116	2	37.60514596491228	7.521029192982456	0.0	0.0	1	0.987809370351689	10.747436676258745	230.0	16	1.05	0.95				
	117	1	0.0	0.0	0.0	0.0	1	0.9908101953756095	16.46800380959189	230.0	17	1.05	0.95				
	118	2	125.22513606315788	25.57149925614035	0.0	0.0	1	0.9983875641096136	17.143535543020395	230.0	17	1.05	0.95				
	119	1	68.06531419649122	13.913904007017544	0.0	0.0	1	0.9881037469219748	6.894176842790258	230.0	15	1.05	0.95				
	120	1	48.13458683508772	9.777337950877193	0.0	0.0	1	0.9933834378355572	3.8947440956640036	230.0	15	1.05	0.95				
	121	2	0.0	0.0	0.0	0.0	1	0.9985294466220377	18.45815672759892	230.0	17	1.05	0.95				
	122	2	0.0	0.0	0.0	0.0	1	1.0078611565941238	34.460013438885746	230.0	17	1.05	0.95				
	123	2	0.0	0.0	0.0	0.0	1	0.9973871243371006	2.5651599539611625	230.0	15	1.05	0.95				
	124	1	0.0	0.0	0.0	0.0	1	0.9809351952235512	8.281564334607406	230.0	16	1.05	0.95				
	201	2	42.49960647157896	8.657327244210528	0.0	0.0	2	1.0110039667041162	-14.02234111566468	138.0	21	1.05	0.95				
	202	2	38.17094284947369	7.870297494736844	0.0	0.0	2	1.0099845804069572	-14.223150038532683	138.0	22	1.05	0.95				
	203	1	70.83267745263159	14.56005036526316	0.0	0.0	2	0.9974403333192315	-10.399698289636003	138.0	21	1.05	0.95				
	204	1	29.12010073052632	5.902723121052632	0.0	0.0	2	1.0009749917894328	-13.362469109655882	138.0	21	1.05	0.95				
	205	1	27.939556106315795	5.509208246315791	0.0	0.0	2	1.0174009812665739	-13.803402898735722	138.0	21	1.05	0.95				
	206	1	53.51802296421053	11.018416492631582	0.0	-100.0	2	1.0290408936064501	-14.183193621367334	138.0	22	1.05	0.95				
	207	2	49.18935934210527	9.837871868421054	0.0	0.0	2	0.9722254690120381	-18.8528912109918	138.0	22	1.05	0.95				
	208	1	67.29104358000001	13.773020615789475	0.0	0.0	2	0.9806962394909575	-17.04778144945546	138.0	22	1.05	0.95				
	209	1	68.86510307894737	14.166535490526316	0.0	0.0	2	1.0053230835756173	-10.972517420510204	138.0	23	1.05	0.95				
	210	1	76.73540057368422	15.740594989473689	0.0	0.0	2	1.0333872401541264	-12.280879669185278	138.0	23	1.05	0.95				
	211	1	0.0	0.0	0.0	0.0	2	0.9866712086735464	-8.403272028808702	230.0	23	1.05	0.95				
	212	1	0.0	0.0	0.0	0.0	2	0.986581379277081	-5.284657528529804	230.0	23	1.05	0.95				
	213	2	104.28144180526317	21.24980323578948	0.0	0.0	2	0.982522271324224	-6.2689428977644965	230.0	24	1.05	0.95				
	214	2	76.34188569894738	15.347080114736844	0.0	0.0	2	0.9841118725133926	-6.9035317680836235	230.0	26	1.05	0.95				
	215	2	124.74421529157895	25.184951983157898	0.0	0.0	2	0.9913880109496603	-1.7701821831274218	230.0	26	1.05	0.95				
	216	2	39.351487473684216	7.870297494736844	0.0	0.0	2	0.9896420855650384	-2.1755591763937367	230.0	26	1.05	0.95				
	217	1	0.0	0.0	0.0	0.0	2	1.0001982080083764	-0.8579121362086547	230.0	27	1.05	0.95				
	218	2	131.04045328736845	26.759011482105265	0.0	0.0	2	1.0015203933261565	-1.4203674902728054	230.0	27	1.05	0.95				
	219	1	71.22619232736844	14.56005036526316	0.0	0.0	2	0.9827111296853555	-1.5242459710027914	230.0	25	1.05	0.95				
	220	1	50.369903966315796	10.231386743157897	0.0	0.0	2	0.9796513896840391	-0.11265959053218119	230.0	25	1.05	0.95				
	221	2	0.0	0.0	0.0	0.0	2	1.00383101451493	-0.9580515809584711	230.0	27	1.05	0.95				
	222	2	0.0	0.0	0.0	0.0	2	1.0212566378680517	3.8390055290138734	230.0	27	1.05	0.95				
	223	2	0.0	0.0	0.0	0.0	2	0.9789945003855951	1.0016669174997583	230.0	25	1.05	0.95				
	224	1	0.0	0.0	0.0	0.0	2	0.9832681356000647	-5.056862904373998	230.0	26	1.05	0.95				
	301	2	49.490034783157896	10.081303381754385	0.0	0.0	3	1.0109185762787372	28.757931127494242	138.0	31	1.05	0.95				
	302	2	44.4493830922807	9.16482125614035	0.0	0.0	3	1.0111492857297686	28.518801351440946	138.0	32	1.05	0.95				
	303	1	82.48339130526315	16.954919323859645	0.0	0.0	3	1.016683300554424	38.575826575675414	138.0	31	1.05	0.95				
	304	1	33.90983864771929	6.873615942105261	0.0	0.0	3	1.0024962225481049	29.907624388873824	138.0	31	1.05	0.95				
	305	1	32.53511545929824	6.415374879298246	0.0	0.0	3	1.0187299301567816	28.724406669872174	138.0	31	1.05	0.95				
	306	1	62.32078454175438	12.830749758596491	0.0	-100.0	3	1.0309786306191822	28.151109515911962	138.0	32	1.05	0.95				
	307	2	57.28013285087719	11.456026570175437	0.0	0.0	3	0.9682339738931194	25.957515513967248	138.0	32	1.05	0.95				
	308	1	78.35922173999998	16.03843719824561	0.0	0.0	3	0.9844791646515448	27.963888195652753	138.0	32	1.05	0.95				
	309	1	80.19218599122806	16.49667826105263	0.0	0.0	3	1.0101380591633138	32.985224749921116	138.0	33	1.05	0.95				
	310	1	89.3570072473684	18.3296425122807	0.0	0.0	3	1.0379414351097795	30.19152740638851	138.0	33	1.05	0.95				
	311	1	0.0	0.0	0.0	0.0	3	0.9897928173491555	34.09920595112075	230.0	33	1.05	0.95				
	312	1	0.0	0.0	0.0	0.0	3	0.9987204782103082	34.35703852308749	230.0	33	1.05	0.95				
	313	2	121.43388164385962	24.745017391578948	0.0	0.0	3	0.9976581912271237	37.6940717907913	230.0	34	1.05	0.95				
	314	2	88.8987661845614	17.87140144947368	0.0	0.0	3	0.9746994357211263	33.583443057024496	230.0	36	1.05	0.95				
	315	2	145.26241690982454	29.327428019649123	0.0	0.0	3	0.9804056904924802	30.79565079940137	230.0	36	1.05	0.95				
	316	2	45.82410628070175	9.16482125614035	0.0	0.0	3	0.9686118725081081	31.467465095433298	230.0	36	1.05	0.95				
	317	1	0.0	0.0	0.0	0.0	3	0.9844735385184011	32.59501146405946	230.0	37	1.05	0.95				
	318	2	152.59427391473685	31.16039227087719	0.0	0.0	3	0.9802301852203108	28.851521629591737	230.0	37	1.05	0.95				
	319	1	82.94163236807016	16.954919323859645	0.0	0.0	3	0.9788693144655684	31.79782745979828	230.0	35	1.05	0.95				
	320	1	58.654856039298245	11.914267632982455	0.0	0.0	3	0.9882949192317592	31.68375634534264	230.0	35	1.05	0.95				
	321	2	0.0	0.0	0.0	0.0	3	0.9890655914543146	29.939525451776813	230.0	37	1.05	0.95				
	322	2	0.0	0.0	0.0	0.0	3	1.0059465440814506	33.55780767873735	230.0	37	1.05	0.95				
	323	2	0.0	0.0	0.0	0.0	3	0.9929352392183237	31.418305310055082	230.0	35	1.05	0.95				
	324	1	0.0	0.0	0.0	0.0	3	0.9935646194083625	35.16490859035977	230.0	36	1.05	0.95				
