%% MATPOWER Case Format : Version 2
function mpc = RTS_GMLC
mpc.version = '2';

%%-----  Power Flow Data  -----%%
%% system MVA base
mpc.baseMVA = 100.0;
%% bus data
%    bus_i    type    Pd    Qd    Gs    Bs    area    Vm    Va    baseKV    zone    Vmax    Vmin
mpc.bus = [
	101	2	91.71449776421055	18.68258287789474	0.0	0.0	1	1.0468949818193856	-1.0514917671291482	138.0	11	1.05	0.95				
	102	2	82.37320632526315	16.98416625263158	0.0	0.0	1	1.0467092072941935	-1.185962191324015	138.0	12	1.05	0.95				
	103	1	152.85749627368423	31.42070756736842	0.0	0.0	1	1.0220521566042335	-2.9674294409873707	138.0	11	1.05	0.95				
	104	1	62.84141513473684	12.738124689473684	0.0	0.0	1	1.0229877038792983	-4.706480771369043	138.0	11	1.05	0.95				
	105	1	60.29379019684211	11.888916376842108	0.0	0.0	1	1.03654296999628	-5.08306066909262	138.0	11	1.05	0.95				
	106	1	115.49233051789476	23.777832753684216	0.0	-100.0	1	1.0359580931210377	-8.123923291427129	138.0	12	1.05	0.95				
	107	2	106.15103907894738	21.230207815789477	0.0	0.0	1	1.05	-5.338013009297969	138.0	12	1.05	0.95				
	108	1	145.21462146000002	29.72229094210526	0.0	0.0	1	1.0227438504127393	-8.16357433027633	138.0	12	1.05	0.95				
	109	1	148.61145471052632	30.571499254736846	0.0	0.0	1	1.0273113025427996	-5.1088980870397975	138.0	13	1.05	0.95				
	110	1	165.5956209631579	33.96833250526316	0.0	0.0	1	1.05	-6.563011916286608	138.0	13	1.05	0.95				
	111	1	0.0	0.0	0.0	0.0	1	1.0162180958615454	-2.2015408204311235	230.0	13	1.05	0.95				
	112	1	0.0	0.0	0.0	0.0	1	1.018003596188609	-1.1262339541996855	230.0	13	1.05	0.95				
	113	3	225.04020284736845	45.857248882105274	0.0	0.0	1	1.0192936375845958	-4.7936629544044944e-29	230.0	14	1.05	0.95				
	114	2	164.7464126505263	33.11912419263158	0.0	0.0	1	1.0194191045654037	-0.47157504641121	230.0	16	1.05	0.95				
	115	2	269.1990351042105	54.34933200842106	0.0	0.0	1	1.044801587356934	7.431895287205752	230.0	16	1.05	0.95				
	116	2	84.92083126315791	16.98416625263158	0.0	0.0	1	1.0443165943646167	7.127930481129763	230.0	16	1.05	0.95				
	117	1	0.0	0.0	0.0	0.0	1	1.0475833765003286	10.24250675448998	230.0	17	1.05	0.95				
	118	2	282.7863681063158	57.74616525894738	0.0	0.0	1	1.049618626093095	10.895178145501054	230.0	17	1.05	0.95				
	119	1	153.70670458631582	31.42070756736842	0.0	0.0	1	1.038561067857384	6.077792476210821	230.0	15	1.05	0.95				
	120	1	108.69866401684212	22.079416128421055	0.0	0.0	1	1.0407198682492755	6.488408323320431	230.0	15	1.05	0.95				
	121	2	0.0	0.0	0.0	0.0	1	1.05	11.588412456876236	230.0	17	1.05	0.95				
	122	2	0.0	0.0	0.0	0.0	1	1.05	18.005173688965424	230.0	17	1.05	0.95				
	123	2	0.0	0.0	0.0	0.0	1	1.0445073620573273	7.336379673870193	230.0	15	1.05	0.95				
	124	1	0.0	0.0	0.0	0.0	1	1.0232629933392856	3.5834774269690963	230.0	16	1.05	0.95				
	201	2	91.57815204631581	18.65480875017544	0.0	0.0	2	1.0442506098103688	-10.475773529534344	138.0	21	1.05	0.95				
	202	2	82.25074767122807	16.95891704561404	0.0	0.0	2	1.0456936994858608	-10.608195135075727	138.0	22	1.05	0.95				
	203	1	152.63025341052634	31.373996534385967	0.0	0.0	2	1.0265742019806423	-7.933017149407266	138.0	21	1.05	0.95				
	204	1	62.74799306877193	12.71918778421053	0.0	0.0	2	1.0204935920753748	-11.825397661443168	138.0	21	1.05	0.95				
	205	1	60.20415551192983	11.871241931929827	0.0	0.0	2	1.036347812584366	-12.192258441143005	138.0	21	1.05	0.95				
	206	1	115.32063591017545	23.742483863859654	0.0	-100.0	2	1.037077779567695	-13.958090212119044	138.0	22	1.05	0.95				
	207	2	105.99323153508773	21.198646307017547	0.0	0.0	2	0.95	-25.0112364729674	138.0	22	1.05	0.95				
	208	1	144.99874074000002	29.678104829824566	0.0	0.0	2	0.9554033313668691	-21.440852799740888	138.0	22	1.05	0.95				
	209	1	148.39052414912283	30.526050682105264	0.0	0.0	2	1.027240052705109	-9.412765945408948	138.0	23	1.05	0.95				
	210	1	165.34944119473687	33.91783409122808	0.0	0.0	2	1.05	-11.283012033546706	138.0	23	1.05	0.95				
	211	1	0.0	0.0	0.0	0.0	2	1.0332298347997124	-4.699777907925557	230.0	23	1.05	0.95				
	212	1	0.0	0.0	0.0	0.0	2	1.0281617314660383	-0.13048493784796444	230.0	23	1.05	0.95				
	213	2	224.70565085438596	45.789076023157904	0.0	0.0	2	1.05	-0.30992396819209855	230.0	24	1.05	0.95				
	214	2	164.50149534245614	33.06988823894738	0.0	0.0	2	1.05	-3.143961126496509	230.0	26	1.05	0.95				
	215	2	268.7988351729825	54.26853454596492	0.0	0.0	2	1.0449099450423676	4.04696566865752	230.0	26	1.05	0.95				
	216	2	84.79458522807019	16.95891704561404	0.0	0.0	2	1.049501227264084	4.294703735954254	230.0	26	1.05	0.95				
	217	1	0.0	0.0	0.0	0.0	2	1.0497830151020375	7.186508121044061	230.0	27	1.05	0.95				
	218	2	282.3659688094737	57.66031795508773	0.0	0.0	2	1.05	7.788271380558456	230.0	27	1.05	0.95				
	219	1	153.47819926280704	31.373996534385967	0.0	0.0	2	1.0432172036768834	4.235017711651052	230.0	25	1.05	0.95				
	220	1	108.53706909192984	22.046592159298246	0.0	0.0	2	1.045586420183491	5.768074812358239	230.0	25	1.05	0.95				
	221	2	0.0	0.0	0.0	0.0	2	1.05	8.27017547191922	230.0	27	1.05	0.95				
	222	2	0.0	0.0	0.0	0.0	2	1.05	14.357034259176976	230.0	27	1.05	0.95				
	223	2	0.0	0.0	0.0	0.0	2	1.05	7.222978379946985	230.0	25	1.05	0.95				
	224	1	0.0	0.0	0.0	0.0	2	1.0229811167169578	-0.40959410436453253	230.0	26	1.05	0.95				
	301	2	94.28218916210527	19.205631125614037	0.0	0.0	3	0.9811130821206685	-16.702413702602172	138.0	31	1.05	0.95				
	302	2	84.67937359929824	17.459664659649125	0.0	0.0	3	0.9823466196993009	-17.208684277747974	138.0	32	1.05	0.95				
	303	1	157.13698193684212	32.300379620350874	0.0	0.0	3	0.9866493180802729	-11.063420073033361	138.0	31	1.05	0.95				
	304	1	64.60075924070175	13.09474849473684	0.0	0.0	3	0.9664180702288285	-15.488130351555135	138.0	31	1.05	0.95				
	305	1	61.98180954175439	12.221765261754387	0.0	0.0	3	0.980482686721092	-15.586565406434568	138.0	31	1.05	0.95				
	306	1	118.72571968561405	24.443530523508773	0.0	-100.0	3	0.985501417300931	-15.990385350053428	138.0	32	1.05	0.95				
	307	2	109.12290412280703	21.824580824561405	0.0	0.0	3	0.9542390336095035	-19.160357549234075	138.0	32	1.05	0.95				
	308	1	149.28013284000002	30.554413154385962	0.0	0.0	3	0.95	-17.557565786156903	138.0	32	1.05	0.95				
	309	1	152.77206577192985	31.42739638736842	0.0	0.0	3	0.9869442816100824	-10.208280412951275	138.0	33	1.05	0.95				
	310	1	170.23173043157897	34.91932931929825	0.0	0.0	3	1.0062085169283377	-11.421185210726275	138.0	33	1.05	0.95				
	311	1	0.0	0.0	0.0	0.0	3	0.9854392429242932	-2.5296019996054855	230.0	33	1.05	0.95				
	312	1	0.0	0.0	0.0	0.0	3	0.9865831796405157	-1.382771522780994	230.0	33	1.05	0.95				
	313	2	231.34055674035085	47.141094581052634	0.0	0.0	3	1.0116079220805498	5.021019129543909	230.0	34	1.05	0.95				
	314	2	169.3587471985965	34.04634608631579	0.0	0.0	3	1.0016422180181326	-1.2078925803941136	230.0	36	1.05	0.95				
	315	2	276.7356848554386	55.870926910877195	0.0	0.0	3	1.0397070283207375	-0.19498736289790436	230.0	36	1.05	0.95				
	316	2	87.29832329824562	17.459664659649125	0.0	0.0	3	1.0363281780942923	0.7654822452696137	230.0	36	1.05	0.95				
	317	1	0.0	0.0	0.0	0.0	3	1.0427107947503147	2.2765036791467423	230.0	37	1.05	0.95				
	318	2	290.7034165831579	59.362859842807026	0.0	0.0	3	1.0435382367355712	1.9890768120211866	230.0	37	1.05	0.95				
	319	1	158.00996516982457	32.300379620350874	0.0	0.0	3	1.027800392067089	1.5197859238011089	230.0	35	1.05	0.95				
	320	1	111.74185382175439	22.69756405754386	0.0	0.0	3	1.0255225207611844	2.5441112374344272	230.0	35	1.05	0.95				
	321	2	0.0	0.0	0.0	0.0	3	1.0474787317107859	3.059732362282938	230.0	37	1.05	0.95				
	322	2	0.0	0.0	0.0	0.0	3	1.05	8.522127649002764	230.0	37	1.05	0.95				
	323	2	0.0	0.0	0.0	0.0	3	1.0256086617805371	3.14432748257057	230.0	35	1.05	0.95				
	324	1	0.0	0.0	0.0	0.0	3	1.008859366985055	-2.19080558422006	230.0	36	1.05	0.95				
	325	1	0.0	0.0	0.0	0.0	3	1.0261778094862195	3.8730459217369155	230.0	35	1.05	0.95				
];
