%% MATPOWER Case Format : Version 2
function mpc = RTS_GMLC
mpc.version = '2';

%%-----  Power Flow Data  -----%%
%% system MVA base
mpc.baseMVA = 100.0;
%% bus data
%    bus_i    type    Pd    Qd    Gs    Bs    area    Vm    Va    baseKV    zone    Vmax    Vmin
mpc.bus = [
	101	2	67.306284	13.710539333333333	0.0	0.0	1	1.05	0.9478132989692222	138.0	11	1.05	0.95				
	102	2	60.45101433333333	12.464126666666667	0.0	0.0	1	1.0491809186521086	0.5795459036762254	138.0	12	1.05	0.95				
	103	1	112.17714000000001	23.058634333333334	0.0	0.0	1	1.0298675557959875	-1.1521735290261228	138.0	11	1.05	0.95				
	104	1	46.11726866666667	9.348094999999999	0.0	0.0	1	1.0278194254273416	-2.8651836989832886	138.0	11	1.05	0.95				
	105	1	44.24764966666666	8.724888666666669	0.0	0.0	1	1.0409128819622147	-3.1872162121251817	138.0	11	1.05	0.95				
	106	1	84.75606133333334	17.449777333333337	0.0	-100.0	1	1.04310346998717	-6.162026885419567	138.0	12	1.05	0.95				
	107	2	77.90079166666666	15.580158333333333	0.0	0.0	1	1.0000672520743772	-11.779901275534296	138.0	12	1.05	0.95				
	108	1	106.56828299999998	21.812221666666666	0.0	0.0	1	0.9980963422951118	-10.826812917127063	138.0	12	1.05	0.95				
	109	1	109.06110833333334	22.435427999999998	0.0	0.0	1	1.025507273861573	-4.30009306964454	138.0	13	1.05	0.95				
	110	1	121.52523499999998	24.928253333333334	0.0	0.0	1	1.05	-5.500149769342887	138.0	13	1.05	0.95				
	111	1	0.0	0.0	0.0	0.0	1	1.0109707020014205	-1.763942174516813	230.0	13	1.05	0.95				
	112	1	0.0	0.0	0.0	0.0	1	1.0127653263319345	-1.6298332127746933	230.0	13	1.05	0.95				
	113	3	165.14967833333333	33.653142	0.0	0.0	1	1.0081071756006161	3.617723085919658e-30	230.0	14	1.05	0.95				
	114	2	120.90202866666667	24.305047	0.0	0.0	1	1.0132846915040208	-0.09803586765636829	230.0	16	1.05	0.95				
	115	2	197.55640766666664	39.88520533333333	0.0	0.0	1	1.0421393318522456	7.20448641319656	230.0	16	1.05	0.95				
	116	2	62.32063333333333	12.464126666666667	0.0	0.0	1	1.0382920463497556	6.024678598922218	230.0	16	1.05	0.95				
	117	1	0.0	0.0	0.0	0.0	1	1.0439230077421238	10.062612151526679	230.0	17	1.05	0.95				
	118	2	207.52770900000002	42.37803066666667	0.0	0.0	1	1.0479009491231828	11.096711768826477	230.0	17	1.05	0.95				
	119	1	112.80034633333334	23.058634333333334	0.0	0.0	1	1.0281414596141003	4.003527657786601	230.0	15	1.05	0.95				
	120	1	79.77041066666666	16.203364666666666	0.0	0.0	1	1.0240772868991035	2.90349398224449	230.0	15	1.05	0.95				
	121	2	0.0	0.0	0.0	0.0	1	1.05	12.981165853603692	230.0	17	1.05	0.95				
	122	2	0.0	0.0	0.0	0.0	1	1.05	18.584724970007567	230.0	17	1.05	0.95				
	123	2	0.0	0.0	0.0	0.0	1	1.023280110279557	2.773696186682	230.0	15	1.05	0.95				
	124	1	0.0	0.0	0.0	0.0	1	1.0269146764942831	4.083842035027933	230.0	16	1.05	0.95				
	201	2	51.78152053894737	10.548087517192982	0.0	0.0	2	1.0131378283494559	-8.565073475304661	138.0	21	1.05	0.95				
	202	2	46.50747678035088	9.58917047017544	0.0	0.0	2	1.0123167462463198	-8.770917902314949	138.0	22	1.05	0.95				
	203	1	86.30253423157896	17.73996536982456	0.0	0.0	2	1.014701048732682	-6.758428224091606	138.0	21	1.05	0.95				
	204	1	35.47993073964912	7.1918778526315785	0.0	0.0	2	1.0112588726531773	-7.785040633058403	138.0	21	1.05	0.95				
	205	1	34.04155516912281	6.712419329122808	0.0	0.0	2	1.0253441829260688	-8.057466703053835	138.0	21	1.05	0.95				
	206	1	65.20635919719298	13.424838658245616	0.0	-100.0	2	1.0400126879031188	-8.344504946770948	138.0	22	1.05	0.95				
	207	2	59.9323154385965	11.986463087719299	0.0	0.0	2	0.9954361114381252	-14.221856501657912	138.0	22	1.05	0.95				
	208	1	81.98740752	16.781048322807017	0.0	0.0	2	0.998626318790896	-12.005947904365561	138.0	22	1.05	0.95				
	209	1	83.90524161403509	17.26050684631579	0.0	0.0	2	1.02532534833532	-5.00797040916754	138.0	23	1.05	0.95				
	210	1	93.49441208421052	19.17834094035088	0.0	0.0	2	1.05	-6.008971928213788	138.0	23	1.05	0.95				
	211	1	0.0	0.0	0.0	0.0	2	1.0085789884249459	-1.9791332575020872	230.0	23	1.05	0.95				
	212	1	0.0	0.0	0.0	0.0	2	1.0141388005566003	3.246711501738978	230.0	23	1.05	0.95				
	213	2	127.05650872982457	25.890760269473684	0.0	0.0	2	1.008339256585499	1.0203886198203793	230.0	24	1.05	0.95				
	214	2	93.01495356070176	18.698882416842107	0.0	0.0	2	1.007972319207698	-0.9809665447756126	230.0	26	1.05	0.95				
	215	2	151.9883519522807	30.685345504561408	0.0	0.0	2	1.0285608276265317	2.996494027451314	230.0	26	1.05	0.95				
	216	2	47.945852350877196	9.58917047017544	0.0	0.0	2	1.0278655123961864	3.3619657940383707	230.0	26	1.05	0.95				
	217	1	0.0	0.0	0.0	0.0	2	1.0318092069123321	3.7832380648663886	230.0	27	1.05	0.95				
	218	2	159.65968832842105	32.60317959859649	0.0	0.0	2	1.030798033954691	3.323206746486435	230.0	27	1.05	0.95				
	219	1	86.78199275508773	17.73996536982456	0.0	0.0	2	1.0271100103962132	4.608447769588272	230.0	25	1.05	0.95				
	220	1	61.370691009122815	12.46592161122807	0.0	0.0	2	1.0305542380732284	6.619794486212667	230.0	25	1.05	0.95				
	221	2	0.0	0.0	0.0	0.0	2	1.0329702621753016	4.010663182539939	230.0	27	1.05	0.95				
	222	2	0.0	0.0	0.0	0.0	2	1.05	10.416415159606021	230.0	27	1.05	0.95				
	223	2	0.0	0.0	0.0	0.0	2	1.0341200786891072	8.082550969042995	230.0	25	1.05	0.95				
	224	1	0.0	0.0	0.0	0.0	2	1.0113149625131532	-0.6433904696230396	230.0	26	1.05	0.95				
	301	2	68.53780447578947	13.961404615438596	0.0	0.0	3	1.000543020081956	11.28994101344856	138.0	31	1.05	0.95				
	302	2	61.55710216807017	12.692186014035087	0.0	0.0	3	1.0023377845778663	11.250581946049138	138.0	32	1.05	0.95				
	303	1	114.2296741263158	23.48054412596491	0.0	0.0	3	1.013716868983294	13.771829202312427	138.0	31	1.05	0.95				
	304	1	46.96108825192982	9.519139510526315	0.0	0.0	3	1.0028734846883742	13.543258085619227	138.0	31	1.05	0.95				
	305	1	45.05726034982456	8.884530209824563	0.0	0.0	3	1.015096197763168	13.63366777656526	138.0	31	1.05	0.95				
	306	1	86.3068648954386	17.769060419649126	0.0	-100.0	3	1.032235799874635	14.231855098489484	138.0	32	1.05	0.95				
	307	2	79.3261625877193	15.865232517543859	0.0	0.0	3	0.9789597777657777	10.63616355583269	138.0	32	1.05	0.95				
	308	1	108.51819042	22.211325524561403	0.0	0.0	3	0.9939223146053725	13.474951663062862	138.0	32	1.05	0.95				
	309	1	111.05662762280701	22.845934825263157	0.0	0.0	3	1.0263513940707498	18.003155770485197	138.0	33	1.05	0.95				
	310	1	123.74881363684209	25.384372028070175	0.0	0.0	3	1.05	18.000293804955973	138.0	33	1.05	0.95				
	311	1	0.0	0.0	0.0	0.0	3	1.015949942289718	24.53578866102205	230.0	33	1.05	0.95				
	312	1	0.0	0.0	0.0	0.0	3	1.023441813969834	25.884695203754877	230.0	33	1.05	0.95				
	313	2	168.1714646859649	34.268902237894736	0.0	0.0	3	1.0478600953996806	34.08276826504906	230.0	34	1.05	0.95				
	314	2	123.11420433614035	24.74976272736842	0.0	0.0	3	1.0163627048470238	22.4818341569854	230.0	36	1.05	0.95				
	315	2	201.17114832245613	40.61499524491228	0.0	0.0	3	1.0362950334476246	15.569158625133575	230.0	36	1.05	0.95				
	316	2	63.460930070175436	12.692186014035087	0.0	0.0	3	1.0383107217268623	17.01259947710573	230.0	36	1.05	0.95				
	317	1	0.0	0.0	0.0	0.0	3	1.0408925684426453	15.892000497626569	230.0	37	1.05	0.95				
	318	2	211.3248971336842	43.1534324477193	0.0	0.0	3	1.0384718468029854	14.468033779684585	230.0	37	1.05	0.95				
	319	1	114.86428342701754	23.48054412596491	0.0	0.0	3	1.0396960719480792	19.94611032638179	230.0	35	1.05	0.95				
	320	1	81.22999048982456	16.499841818245613	0.0	0.0	3	1.043984082789999	22.08747055461463	230.0	35	1.05	0.95				
	321	2	0.0	0.0	0.0	0.0	3	1.0393575870738276	15.41094690639279	230.0	37	1.05	0.95				
	322	2	0.0	0.0	0.0	0.0	3	1.05	19.916678753545064	230.0	37	1.05	0.95				
	323	2	0.0	0.0	0.0	0.0	3	1.0461301536253573	22.778674160833788	230.0	35	1.05	0.95				
	324	1	0.0	0.0	0.0	0.0	3	1.0256029257850834	17.16874800529596	230.0	36	1.05	0.95				
	325	1	0.0	0.0	0.0	0.0	3	1.0478521459383972	21.952502660069793	230.0	35	1.05	0.95				
];
