%% MATPOWER Case Format : Version 2
function mpc = RTS_GMLC
mpc.version = '2';

%%-----  Power Flow Data  -----%%
%% system MVA base
mpc.baseMVA = 100.0;
%% bus data
%    bus_i    type    Pd    Qd    Gs    Bs    area    Vm    Va    baseKV    zone    Vmax    Vmin
mpc.bus = [
	101	2	42.48391884631579	8.654131616842104	0.0	0.0	1	1.0237491380357755	-3.678109597916047	138.0	11	1.05	0.95				
	102	2	38.156853037894734	7.867392378947368	0.0	0.0	1	1.0231363968702756	-3.88982170685057	138.0	12	1.05	0.95				
	103	1	70.8065314105263	14.55467590105263	0.0	0.0	1	1.0072066026176258	-0.8276009431369643	138.0	11	1.05	0.95				
	104	1	29.10935180210526	5.900544284210525	0.0	0.0	1	1.0164373578987056	-4.113266231575511	138.0	11	1.05	0.95				
	105	1	27.929242945263155	5.5071746652631575	0.0	0.0	1	1.03008182056397	-5.110311800168636	138.0	11	1.05	0.95				
	106	1	53.4982681768421	11.014349330526315	0.0	-100.0	1	1.0415990823929535	-6.375890795371061	138.0	12	1.05	0.95				
	107	2	49.17120236842105	9.83424047368421	0.0	0.0	1	1.0048873946265768	-9.441501401284132	138.0	12	1.05	0.95				
	108	1	67.26620483999999	13.767936663157892	0.0	0.0	1	1.0057871610942433	-8.609909972742166	138.0	12	1.05	0.95				
	109	1	68.83968331578947	14.16130628210526	0.0	0.0	1	1.0163429455894997	-3.7721037500383576	138.0	13	1.05	0.95				
	110	1	76.70707569473684	15.734784757894737	0.0	0.0	1	1.0457263254033382	-5.293112537959979	138.0	13	1.05	0.95				
	111	1	0.0	0.0	0.0	0.0	1	0.9944847012546366	-1.5725609540589136	230.0	13	1.05	0.95				
	112	1	0.0	0.0	0.0	0.0	1	1.000627153408297	-1.7800401409308855	230.0	13	1.05	0.95				
	113	3	104.24294902105262	21.241959423157894	0.0	0.0	1	0.9959284496814499	1.5712148621188025e-28	230.0	14	1.05	0.95				
	114	2	76.31370607578947	15.341415138947367	0.0	0.0	1	0.9826127981363226	0.19116518689605871	230.0	16	1.05	0.95				
	115	2	124.69816920631578	25.175655612631576	0.0	0.0	1	0.9782573356480047	6.3734079574343765	230.0	16	1.05	0.95				
	116	2	39.33696189473684	7.867392378947368	0.0	0.0	1	0.9809427419302543	5.304681608222366	230.0	16	1.05	0.95				
	117	1	0.0	0.0	0.0	0.0	1	0.9796202522696477	8.950663354837392	230.0	17	1.05	0.95				
	118	2	130.99208310947367	26.74913408842105	0.0	0.0	1	0.9772998175488631	9.78851535053685	230.0	17	1.05	0.95				
	119	1	71.19990102947368	14.55467590105263	0.0	0.0	1	0.9844615896221881	3.2251734244691526	230.0	15	1.05	0.95				
	120	1	50.35131122526315	10.22761009263158	0.0	0.0	1	0.9901558040041312	1.7794055414684296	230.0	15	1.05	0.95				
	121	2	0.0	0.0	0.0	0.0	1	0.9751223112293191	11.14073752271483	230.0	17	1.05	0.95				
	122	2	0.0	0.0	0.0	0.0	1	1.0011330928589028	17.429712203938145	230.0	17	1.05	0.95				
	123	2	0.0	0.0	0.0	0.0	1	0.9938386319451148	1.3131775046285576	230.0	15	1.05	0.95				
	124	1	0.0	0.0	0.0	0.0	1	0.9803079556058567	3.5563377551471587	230.0	16	1.05	0.95				
	201	2	44.21659058526316	9.007083267368422	0.0	0.0	2	1.0077955135296188	-8.943063201362156	138.0	21	1.05	0.95				
	202	2	39.71304895157895	8.188257515789475	0.0	0.0	2	1.0069970938914423	-9.167189088389593	138.0	22	1.05	0.95				
	203	1	73.69431764210526	15.14827640421053	0.0	0.0	2	1.014777097367534	-7.027240187021711	138.0	21	1.05	0.95				
	204	1	30.29655280842106	6.141193136842105	0.0	0.0	2	1.010282648963986	-8.58215670641845	138.0	21	1.05	0.95				
	205	1	29.068314181052635	5.7317802610526325	0.0	0.0	2	1.023776042838775	-8.842324001965343	138.0	21	1.05	0.95				
	206	1	55.680151107368424	11.463560522105265	0.0	-100.0	2	1.040775850002755	-9.298236397005757	138.0	22	1.05	0.95				
	207	2	51.17660947368421	10.235321894736844	0.0	0.0	2	0.9910498727480043	-14.188207623436403	138.0	22	1.05	0.95				
	208	1	70.00960176000001	14.329450652631579	0.0	0.0	2	0.9989504854299801	-12.368186545451962	138.0	22	1.05	0.95				
	209	1	71.6472532631579	14.738863528421053	0.0	0.0	2	1.0249108708041321	-6.411917233235375	138.0	23	1.05	0.95				
	210	1	79.83551077894737	16.37651503157895	0.0	0.0	2	1.05	-7.42081068130847	138.0	23	1.05	0.95				
	211	1	0.0	0.0	0.0	0.0	2	1.0039038022364724	-4.116617805256839	230.0	23	1.05	0.95				
	212	1	0.0	0.0	0.0	0.0	2	1.01666055032488	0.18987785083654946	230.0	23	1.05	0.95				
	213	2	108.49441208421054	22.10829529263158	0.0	0.0	2	1.0036247281481334	-1.8309929167972443	230.0	24	1.05	0.95				
	214	2	79.4260979031579	15.967102155789476	0.0	0.0	2	0.9963246813687402	-3.1823108773311115	230.0	26	1.05	0.95				
	215	2	129.78388162526318	26.202424050526318	0.0	0.0	2	1.0190474477073985	1.0672874876728082	230.0	26	1.05	0.95				
	216	2	40.941287578947374	8.188257515789475	0.0	0.0	2	1.0198461442805704	0.5939048287078144	230.0	26	1.05	0.95				
	217	1	0.0	0.0	0.0	0.0	2	1.0205277453634027	1.6324010628185524	230.0	27	1.05	0.95				
	218	2	136.33448763789474	27.840075553684212	0.0	0.0	2	1.020632233876934	1.3477610374337066	230.0	27	1.05	0.95				
	219	1	74.10373051789475	15.14827640421053	0.0	0.0	2	1.027887171539313	0.9987688359488802	230.0	25	1.05	0.95				
	220	1	52.404848101052636	10.644734770526316	0.0	0.0	2	1.0376079923562749	2.137793144093531	230.0	25	1.05	0.95				
	221	2	0.0	0.0	0.0	0.0	2	1.0235853588703565	2.053352550301769	230.0	27	1.05	0.95				
	222	2	0.0	0.0	0.0	0.0	2	1.0447876341155256	8.44439563565229	230.0	27	1.05	0.95				
	223	2	0.0	0.0	0.0	0.0	2	1.0437483584361633	3.05979065534126	230.0	25	1.05	0.95				
	224	1	0.0	0.0	0.0	0.0	2	1.0073362921190319	-1.980754140904916	230.0	26	1.05	0.95				
	301	2	60.679531781052646	12.360645362807018	0.0	0.0	3	1.05	29.666313949080234	138.0	31	1.05	0.95				
	302	2	54.49920909964913	11.236950329824563	0.0	0.0	3	1.047011849400875	29.29666177097554	138.0	32	1.05	0.95				
	303	1	101.13255296842105	20.78835811017544	0.0	0.0	3	1.0425105286478153	45.4483354770609	138.0	31	1.05	0.95				
	304	1	41.57671622035088	8.427712747368421	0.0	0.0	3	1.016381747320094	30.602559189792053	138.0	31	1.05	0.95				
	305	1	39.891173670877194	7.865865230877195	0.0	0.0	3	1.0408857347873905	29.193027999981112	138.0	31	1.05	0.95				
	306	1	76.41126224280703	15.73173046175439	0.0	-100.0	3	1.0422940522333695	28.271544077984796	138.0	32	1.05	0.95				
	307	2	70.23093956140352	14.046187912280702	0.0	0.0	3	0.95	25.020809586166877	138.0	32	1.05	0.95				
	308	1	96.07592532	19.66466307719298	0.0	0.0	3	0.9720336589688129	27.53644809877003	138.0	32	1.05	0.95				
	309	1	98.32331538596492	20.22651059368421	0.0	0.0	3	1.0097357061269112	34.048312229835076	138.0	33	1.05	0.95				
	310	1	109.56026571578947	22.473900659649125	0.0	0.0	3	1.0450380205764325	30.486345105479877	138.0	33	1.05	0.95				
	311	1	0.0	0.0	0.0	0.0	3	0.9961128053840055	34.10269844095437	230.0	33	1.05	0.95				
	312	1	0.0	0.0	0.0	0.0	3	0.997347337182439	34.81756722694479	230.0	33	1.05	0.95				
	313	2	148.88959187017545	30.339765890526323	0.0	0.0	3	0.9944025835454359	38.95776514934339	230.0	34	1.05	0.95				
	314	2	108.99841819929826	21.912053143157898	0.0	0.0	3	0.9933013532093846	31.833065826017435	230.0	36	1.05	0.95				
	315	2	178.1056627277193	35.9582410554386	0.0	0.0	3	1.0429653799818734	25.81549559234133	230.0	36	1.05	0.95				
	316	2	56.18475164912281	11.236950329824563	0.0	0.0	3	1.0315195077641957	25.88480906623369	230.0	36	1.05	0.95				
	317	1	0.0	0.0	0.0	0.0	3	1.0454163195763118	23.844326299698043	230.0	37	1.05	0.95				
	318	2	187.09522299157896	38.20563112140351	0.0	0.0	3	1.0499999888694629	21.891343665589652	230.0	37	1.05	0.95				
	319	1	101.6944004849123	20.78835811017544	0.0	0.0	3	1.0122384344064361	27.611656748427155	230.0	35	1.05	0.95				
	320	1	71.9164821108772	14.608035428771931	0.0	0.0	3	0.9966179760949946	28.5912917602488	230.0	35	1.05	0.95				
	321	2	0.0	0.0	0.0	0.0	3	1.05	23.766344567103573	230.0	37	1.05	0.95				
	322	2	0.0	0.0	0.0	0.0	3	1.05	28.13888627708802	230.0	37	1.05	0.95				
	323	2	0.0	0.0	0.0	0.0	3	0.9875935001317165	28.801922235462914	230.0	35	1.05	0.95				
	324	1	0.0	0.0	0.0	0.0	3	1.0363012697653102	35.358901995980325	230.0	36	1.05	0.95				
	325	1	0.0	0.0	0.0	0.0	3	0.9866546095631474	27.327634658862017	230.0	35	1.05	0.95				
];
