%% MATPOWER Case Format : Version 2
function mpc = RTS_GMLC
mpc.version = '2';

%%-----  Power Flow Data  -----%%
%% system MVA base
mpc.baseMVA = 100.0;
%% bus data
%    bus_i    type    Pd    Qd    Gs    Bs    area    Vm    Va    baseKV    zone    Vmax    Vmin
mpc.bus = [
	101	2	63.15141020210526	12.8641761522807	0.0	0.0	1	1.0358233521474969	0.78556639065409	138.0	11	1.05	0.95				
	102	2	56.71932212596491	11.694705592982455	0.0	0.0	1	1.035856968372544	0.7537480467765694	138.0	12	1.05	0.95				
	103	1	105.2523503368421	21.635205347017543	0.0	0.0	1	1.024927784801806	-1.200481902689288	138.0	11	1.05	0.95				
	104	1	43.270410694035085	8.771029194736842	0.0	0.0	1	1.0201028320116508	-2.5724430567526997	138.0	11	1.05	0.95				
	105	1	41.516204855087715	8.18629391508772	0.0	0.0	1	1.0349649793773648	-2.4340022790535314	138.0	11	1.05	0.95				
	106	1	79.5239980322807	16.37258783017544	0.0	-100.0	1	1.0415796785477667	-4.777328758313047	138.0	12	1.05	0.95				
	107	2	73.09190995614034	14.61838199122807	0.0	0.0	1	1.0309961256250038	-3.3843194229766302	138.0	12	1.05	0.95				
	108	1	99.98973281999999	20.465734787719295	0.0	0.0	1	1.0192530758385683	-5.226954636314357	138.0	12	1.05	0.95				
	109	1	102.32867393859648	21.05047006736842	0.0	0.0	1	1.0257690058418174	-2.939389750446508	138.0	13	1.05	0.95				
	110	1	114.02337953157893	23.38941118596491	0.0	0.0	1	1.05	-3.8652642654226885	138.0	13	1.05	0.95				
	111	1	0.0	0.0	0.0	0.0	1	1.0073712200980152	-0.9479083166079234	230.0	13	1.05	0.95				
	112	1	0.0	0.0	0.0	0.0	1	1.0117170042158878	-0.2897243913385806	230.0	13	1.05	0.95				
	113	3	154.95484910701754	31.57570510105263	0.0	0.0	1	1.0028164163435769	3.441091150712309e-30	230.0	14	1.05	0.95				
	114	2	113.43864425192982	22.80467590631579	0.0	0.0	1	1.0053327326683064	0.7832945730247748	230.0	16	1.05	0.95				
	115	2	185.3610836487719	37.423057897543856	0.0	0.0	1	1.0409983052439848	7.145022766332029	230.0	16	1.05	0.95				
	116	2	58.47352796491228	11.694705592982455	0.0	0.0	1	1.0371470237356062	6.705989285762068	230.0	16	1.05	0.95				
	117	1	0.0	0.0	0.0	0.0	1	1.0433093751366203	8.887375996904751	230.0	17	1.05	0.95				
	118	2	194.7168481231579	39.76199901614035	0.0	0.0	1	1.0460254828300852	8.861274483618093	230.0	17	1.05	0.95				
	119	1	105.83708561649121	21.635205347017543	0.0	0.0	1	1.0304350748131732	5.646534294875663	230.0	15	1.05	0.95				
	120	1	74.84611579508771	15.203117270877192	0.0	0.0	1	1.0294037199958745	5.846910238266014	230.0	15	1.05	0.95				
	121	2	0.0	0.0	0.0	0.0	1	1.05	10.040606530018106	230.0	17	1.05	0.95				
	122	2	0.0	0.0	0.0	0.0	1	1.05	17.921394106723902	230.0	17	1.05	0.95				
	123	2	0.0	0.0	0.0	0.0	1	1.0301640161500452	6.4012451226455935	230.0	15	1.05	0.95				
	124	1	0.0	0.0	0.0	0.0	1	1.0243723248007943	4.041414358284348	230.0	16	1.05	0.95				
	201	2	59.856445781052635	12.192979696140352	0.0	0.0	2	1.0331257046786884	-8.000963789285505	138.0	21	1.05	0.95				
	202	2	53.759955932982464	11.084526996491228	0.0	0.0	2	1.0332856460912225	-8.063680289516553	138.0	22	1.05	0.95				
	203	1	99.76074296842106	20.506374943508774	0.0	0.0	2	1.0244147257743335	-6.590107045960845	138.0	21	1.05	0.95				
	204	1	41.01274988701755	8.31339524736842	0.0	0.0	2	1.0189800087796412	-10.389295267695575	138.0	21	1.05	0.95				
	205	1	39.35007083754386	7.759168897543861	0.0	0.0	2	1.0343743382636141	-10.608686145959606	138.0	21	1.05	0.95				
	206	1	75.37478357614036	15.518337795087723	0.0	-100.0	2	1.0422466027356574	-12.599986778828253	138.0	22	1.05	0.95				
	207	2	69.27829372807017	13.855658745614036	0.0	0.0	2	0.9881747776182574	-20.992674945297814	138.0	22	1.05	0.95				
	208	1	94.77270582	19.39792224385965	0.0	0.0	2	0.9907423407364766	-18.37165781674556	138.0	22	1.05	0.95				
	209	1	96.98961121929825	19.95214859368421	0.0	0.0	2	1.0240554867943445	-10.043930803723352	138.0	23	1.05	0.95				
	210	1	108.07413821578949	22.169053992982455	0.0	0.0	2	1.05	-11.502994031958997	138.0	23	1.05	0.95				
	211	1	0.0	0.0	0.0	0.0	2	1.0120364990816928	-7.057914501793431	230.0	23	1.05	0.95				
	212	1	0.0	0.0	0.0	0.0	2	1.0130549697031694	-6.159258335392352	230.0	23	1.05	0.95				
	213	2	146.86998270350878	29.928222890526317	0.0	0.0	2	1.0101829316034165	-5.845466532360286	230.0	24	1.05	0.95				
	214	2	107.51991186596493	21.614827643157895	0.0	0.0	2	1.0172911552581796	-4.356922689913307	230.0	26	1.05	0.95				
	215	2	175.68975289438598	35.47048638877193	0.0	0.0	2	1.0335107011848295	2.818034118218911	230.0	26	1.05	0.95				
	216	2	55.422634982456145	11.084526996491228	0.0	0.0	2	1.0357987464783212	2.8262907983003016	230.0	26	1.05	0.95				
	217	1	0.0	0.0	0.0	0.0	2	1.0397428009985419	5.581731873603039	230.0	27	1.05	0.95				
	218	2	184.55737449157897	37.68739178807018	0.0	0.0	2	1.0411452298490942	6.04461973624882	230.0	27	1.05	0.95				
	219	1	100.31496931824562	20.506374943508774	0.0	0.0	2	1.0356228295014382	2.3508140986931005	230.0	25	1.05	0.95				
	220	1	70.94097277754386	14.409885095438598	0.0	0.0	2	1.039761797097781	2.9947970915742843	230.0	25	1.05	0.95				
	221	2	0.0	0.0	0.0	0.0	2	1.0408056299460924	5.726050813109217	230.0	27	1.05	0.95				
	222	2	0.0	0.0	0.0	0.0	2	1.05	12.172511691153971	230.0	27	1.05	0.95				
	223	2	0.0	0.0	0.0	0.0	2	1.0433139184100437	3.757253207225247	230.0	25	1.05	0.95				
	224	1	0.0	0.0	0.0	0.0	2	1.018393432333637	-0.709201620855985	230.0	26	1.05	0.95				
	301	2	53.86333437473685	10.972160705964912	0.0	0.0	3	1.0109976463430468	-16.50585396542285	138.0	31	1.05	0.95				
	302	2	48.37725402175438	9.974691550877193	0.0	0.0	3	1.0100419997267824	-16.71680385416938	138.0	32	1.05	0.95				
	303	1	89.77222395789474	18.453179369122807	0.0	0.0	3	1.0370052459609789	-7.4675087473271455	138.0	31	1.05	0.95				
	304	1	36.906358738245615	7.4810186631578945	0.0	0.0	3	1.0103265563699335	-15.263157682859646	138.0	31	1.05	0.95				
	305	1	35.41015500561403	6.982284085614035	0.0	0.0	3	1.0241022784877603	-16.377566571356684	138.0	31	1.05	0.95				
	306	1	67.82790254596492	13.96456817122807	0.0	-100.0	3	1.0389184014113342	-16.88378206976015	138.0	32	1.05	0.95				
	307	2	62.341822192982455	12.468364438596492	0.0	0.0	3	0.9922499138243243	-22.418966799316795	138.0	32	1.05	0.95				
	308	1	85.28361276	17.455710214035086	0.0	0.0	3	0.9961548687054598	-20.109015541724563	138.0	32	1.05	0.95				
	309	1	87.27855107017544	17.954444791578947	0.0	0.0	3	1.0267567950732908	-12.035038169477764	138.0	33	1.05	0.95				
	310	1	97.25324262105262	19.949383101754385	0.0	0.0	3	1.05	-14.64611637239362	138.0	33	1.05	0.95				
	311	1	0.0	0.0	0.0	0.0	3	1.0128207453904159	-8.372550656189645	230.0	33	1.05	0.95				
	312	1	0.0	0.0	0.0	0.0	3	1.0133715887461985	-8.142748968520293	230.0	33	1.05	0.95				
	313	2	132.1646630491228	26.931667187368426	0.0	0.0	3	1.0135144960721392	-5.258047506106035	230.0	34	1.05	0.95				
	314	2	96.75450804350876	19.450648524210525	0.0	0.0	3	1.0203044905463219	-6.082303569378063	230.0	36	1.05	0.95				
	315	2	158.0988610814035	31.91901296280702	0.0	0.0	3	1.0450936411972618	0.13723875487849455	230.0	36	1.05	0.95				
	316	2	49.87345775438597	9.974691550877193	0.0	0.0	3	1.043545207855415	0.11982759983930485	230.0	36	1.05	0.95				
	317	1	0.0	0.0	0.0	0.0	3	1.0497052232715043	3.5292736775390483	230.0	37	1.05	0.95				
	318	2	166.07861432210527	33.91395127298246	0.0	0.0	3	1.0483690832218946	3.0165771159799197	230.0	37	1.05	0.95				
	319	1	90.2709585354386	18.453179369122807	0.0	0.0	3	1.0361925709557465	-1.5265282793401223	230.0	35	1.05	0.95				
	320	1	63.83802592561404	12.967099016140352	0.0	0.0	3	1.0338666305883135	-2.0157707482721343	230.0	35	1.05	0.95				
	321	2	0.0	0.0	0.0	0.0	3	1.05	3.5760233607036995	230.0	37	1.05	0.95				
	322	2	0.0	0.0	0.0	0.0	3	1.05	7.904855879393389	230.0	37	1.05	0.95				
	323	2	0.0	0.0	0.0	0.0	3	1.0333925649482898	-1.9079290521482215	230.0	35	1.05	0.95				
	324	1	0.0	0.0	0.0	0.0	3	1.032206162852532	-2.7138484010082506	230.0	36	1.05	0.95				
	325	1	0.0	0.0	0.0	0.0	3	1.0318382392678347	-0.8988460626365798	230.0	35	1.05	0.95				
];
