%% MATPOWER Case Format : Version 2
function mpc = RTS_GMLC
mpc.version = '2';

%%-----  Power Flow Data  -----%%
%% system MVA base
mpc.baseMVA = 100.0;
%% bus data
%    bus_i    type    Pd    Qd    Gs    Bs    area    Vm    Va    baseKV    zone    Vmax    Vmin
mpc.bus = [
	101	2	79.66402772210526	16.22785749894737	0.0	0.0	1	1.0440153629244868	-0.3020337610810893	138.0	11	1.05	0.95				
	102	2	71.55009897263157	14.75259772631579	0.0	0.0	1	1.043563689377314	-0.476788949229014	138.0	12	1.05	0.95				
	103	1	132.7733795368421	27.292305793684207	0.0	0.0	1	1.0237071411330596	-2.3434410687261855	138.0	11	1.05	0.95				
	104	1	54.584611587368414	11.064448294736842	0.0	0.0	1	1.0229917507923807	-3.8494702309951356	138.0	11	1.05	0.95				
	105	1	52.371721928421046	10.326818408421053	0.0	0.0	1	1.0367164838067908	-4.100756831694828	138.0	11	1.05	0.95				
	106	1	100.31766453894737	20.653636816842106	0.0	-100.0	1	1.0386688379114193	-6.928075685925522	138.0	12	1.05	0.95				
	107	2	92.20373578947367	18.440747157894734	0.0	0.0	1	1.0379863774436702	-5.189613445324326	138.0	12	1.05	0.95				
	108	1	126.13471055999999	25.817046021052626	0.0	0.0	1	1.0189217203181238	-7.4296372654835325	138.0	12	1.05	0.95				
	109	1	129.08523010526315	26.55467590736842	0.0	0.0	1	1.0265614432547485	-4.422494896700529	138.0	13	1.05	0.95				
	110	1	143.83782783157892	29.50519545263158	0.0	0.0	1	1.05	-5.678858702115301	138.0	13	1.05	0.95				
	111	1	0.0	0.0	0.0	0.0	1	1.0122906903643194	-1.8429844625065808	230.0	13	1.05	0.95				
	112	1	0.0	0.0	0.0	0.0	1	1.015401134191359	-1.1455434669718623	230.0	13	1.05	0.95				
	113	3	195.4719198736842	39.83201386105263	0.0	0.0	1	1.0123451681513116	-2.8198021674496645e-28	230.0	14	1.05	0.95				
	114	2	143.10019794526315	28.76756556631579	0.0	0.0	1	1.0131027949182645	-0.18429277669412933	230.0	16	1.05	0.95				
	115	2	233.82867396210526	47.20831272421052	0.0	0.0	1	1.0436959413796325	7.339959580920552	230.0	16	1.05	0.95				
	116	2	73.76298863157893	14.75259772631579	0.0	0.0	1	1.0407188619210108	6.619825819538137	230.0	16	1.05	0.95				
	117	1	0.0	0.0	0.0	0.0	1	1.0444283252045583	9.520315001531626	230.0	17	1.05	0.95				
	118	2	245.63075214315785	50.158832269473685	0.0	0.0	1	1.0468453365926722	9.759596255425729	230.0	17	1.05	0.95				
	119	1	133.51100942315787	27.292305793684207	0.0	0.0	1	1.0333917082701514	5.105337377074198	230.0	15	1.05	0.95				
	120	1	94.41662544842104	19.178377044210528	0.0	0.0	1	1.0334374298227844	5.047063296959212	230.0	15	1.05	0.95				
	121	2	0.0	0.0	0.0	0.0	1	1.0499456608176754	11.525682947977012	230.0	17	1.05	0.95				
	122	2	0.0	0.0	0.0	0.0	1	1.05	19.505893303280974	230.0	17	1.05	0.95				
	123	2	0.0	0.0	0.0	0.0	1	1.0354443780177511	5.566784560333598	230.0	15	1.05	0.95				
	124	1	0.0	0.0	0.0	0.0	1	1.0240638012857235	3.748711172237356	230.0	16	1.05	0.95				
	201	2	75.25830315789473	15.330395087719298	0.0	0.0	2	1.0356706778939686	-11.217017973295311	138.0	21	1.05	0.95				
	202	2	67.59310561403508	13.936722807017542	0.0	0.0	2	1.0359050036715363	-11.287086369519127	138.0	22	1.05	0.95				
	203	1	125.43050526315788	25.782937192982452	0.0	0.0	2	1.0243885820284275	-8.899014859245808	138.0	21	1.05	0.95				
	204	1	51.565874385964904	10.452542105263158	0.0	0.0	2	1.0182244754158518	-12.99492543832041	138.0	21	1.05	0.95				
	205	1	49.47536596491228	9.75570596491228	0.0	0.0	2	1.0339607474245793	-13.337039267797246	138.0	21	1.05	0.95				
	206	1	94.76971508771929	19.51141192982456	0.0	-100.0	2	1.0390168249813068	-15.180950744651092	138.0	22	1.05	0.95				
	207	2	87.10451754385964	17.42090350877193	0.0	0.0	2	0.9716284984363991	-25.583895967266614	138.0	22	1.05	0.95				
	208	1	119.15897999999999	24.389264912280698	0.0	0.0	2	0.9742888194652416	-22.15887797044705	138.0	22	1.05	0.95				
	209	1	121.94632456140351	25.086101052631577	0.0	0.0	2	1.025512061549884	-11.571997984150448	138.0	23	1.05	0.95				
	210	1	135.88304736842105	27.873445614035084	0.0	0.0	2	1.05	-13.292818596818194	138.0	23	1.05	0.95				
	211	1	0.0	0.0	0.0	0.0	2	1.0215318175436614	-8.237732006727498	230.0	23	1.05	0.95				
	212	1	0.0	0.0	0.0	0.0	2	1.021755760759122	-4.360828616425987	230.0	23	1.05	0.95				
	213	2	184.66157719298243	37.629151578947365	0.0	0.0	2	1.0265219192032362	-6.05535784900666	230.0	24	1.05	0.95				
	214	2	135.18621122807016	27.17660947368421	0.0	0.0	2	1.031205519058999	-6.009661721879175	230.0	26	1.05	0.95				
	215	2	220.89705649122803	44.59751298245614	0.0	0.0	2	1.0396542554938615	1.5461466445130727	230.0	26	1.05	0.95				
	216	2	69.68361403508771	13.936722807017542	0.0	0.0	2	1.041724923000095	1.4304749349906336	230.0	26	1.05	0.95				
	217	1	0.0	0.0	0.0	0.0	2	1.043967893187977	4.0552214054693	230.0	27	1.05	0.95				
	218	2	232.0464347368421	47.384857543859646	0.0	0.0	2	1.0447181580551075	4.327880003601251	230.0	27	1.05	0.95				
	219	1	126.12734140350877	25.782937192982452	0.0	0.0	2	1.0400592366762293	1.2180334803533286	230.0	25	1.05	0.95				
	220	1	89.19502596491228	18.117739649122807	0.0	0.0	2	1.044591725055767	2.3452492907196874	230.0	25	1.05	0.95				
	221	2	0.0	0.0	0.0	0.0	2	1.0446493767821585	4.161261098405277	230.0	27	1.05	0.95				
	222	2	0.0	0.0	0.0	0.0	2	1.05	10.626799470240233	230.0	27	1.05	0.95				
	223	2	0.0	0.0	0.0	0.0	2	1.049232998203151	3.468834858445059	230.0	25	1.05	0.95				
	224	1	0.0	0.0	0.0	0.0	2	1.020919954886991	-2.3479399323528902	230.0	26	1.05	0.95				
	301	2	51.779183797894746	10.547611514385965	0.0	0.0	3	1.0015830660063776	-1.542114341752283	138.0	31	1.05	0.95				
	302	2	46.50537804070176	9.588737740350878	0.0	0.0	3	1.0013575586349182	-1.5970734112435658	138.0	32	1.05	0.95				
	303	1	86.2986396631579	17.739164819649123	0.0	0.0	3	1.0175809472451722	1.6820307097170404	138.0	31	1.05	0.95				
	304	1	35.478329639298245	7.191553305263159	0.0	0.0	3	1.0059701805970283	-0.04929679057861156	138.0	31	1.05	0.95				
	305	1	34.04001897824561	6.712116418245614	0.0	0.0	3	1.0189483384691251	-0.182826052485203	138.0	31	1.05	0.95				
	306	1	65.20341663438597	13.424232836491228	0.0	-100.0	3	1.0371507684417518	0.011636308247545489	138.0	32	1.05	0.95				
	307	2	59.929610877192985	11.985922175438597	0.0	0.0	3	0.9934164638310782	-4.246204149148518	138.0	32	1.05	0.95				
	308	1	81.98370768000001	16.780291045614035	0.0	0.0	3	1.001344917588612	-2.1037129442689104	138.0	32	1.05	0.95				
	309	1	83.90145522807018	17.25972793263158	0.0	0.0	3	1.0253824810862209	3.1787088551749942	138.0	33	1.05	0.95				
	310	1	93.49019296842106	19.177475480701755	0.0	0.0	3	1.05	2.7106643848202	138.0	33	1.05	0.95				
	311	1	0.0	0.0	0.0	0.0	3	1.008118787027301	7.949679591317925	230.0	33	1.05	0.95				
	312	1	0.0	0.0	0.0	0.0	3	1.013147493005135	8.683590791652222	230.0	33	1.05	0.95				
	313	2	127.05077505964913	25.889591898947373	0.0	0.0	3	1.0170729784932093	13.538604834492501	230.0	34	1.05	0.95				
	314	2	93.01075608140351	18.698038593684213	0.0	0.0	3	1.0064830701485643	8.118199000826953	230.0	36	1.05	0.95				
	315	2	151.9814931845614	30.68396076912281	0.0	0.0	3	1.0266832287090883	5.832017366520193	230.0	36	1.05	0.95				
	316	2	47.94368870175439	9.588737740350878	0.0	0.0	3	1.0261764692816786	6.837996373624767	230.0	36	1.05	0.95				
	317	1	0.0	0.0	0.0	0.0	3	1.0325453417416282	6.547631646128358	230.0	37	1.05	0.95				
	318	2	159.65248337684213	32.60170831719299	0.0	0.0	3	1.03208239237276	5.735599002065505	230.0	37	1.05	0.95				
	319	1	86.77807655017544	17.739164819649123	0.0	0.0	3	1.024490602893739	8.288697486203578	230.0	35	1.05	0.95				
	320	1	61.36792153824562	12.465359062456141	0.0	0.0	3	1.0241101419007357	9.31627139484645	230.0	35	1.05	0.95				
	321	2	0.0	0.0	0.0	0.0	3	1.032344014306792	6.386910036240959	230.0	37	1.05	0.95				
	322	2	0.0	0.0	0.0	0.0	3	1.0457773333263864	10.791560479487565	230.0	37	1.05	0.95				
	323	2	0.0	0.0	0.0	0.0	3	1.0239128862037448	9.834592670556756	230.0	35	1.05	0.95				
	324	1	0.0	0.0	0.0	0.0	3	1.0189094802885401	5.92022021964107	230.0	36	1.05	0.95				
	325	1	0.0	0.0	0.0	0.0	3	1.02662599214773	9.992740072463997	230.0	35	1.05	0.95				
];
