%% MATPOWER Case Format : Version 2
function mpc = RTS_GMLC
mpc.version = '2';

%%-----  Power Flow Data  -----%%
%% system MVA base
mpc.baseMVA = 100.0;
%% bus data
%    bus_i    type    Pd    Qd    Gs    Bs    area    Vm    Va    baseKV    zone    Vmax    Vmin
mpc.bus = [
	101	2	38.79663533052632	7.903018308070177	0.0	0.0	1	1.0188726174348375	-3.403098106392564	138.0	11	1.05	0.95				
	102	2	34.845126176491235	7.184562098245616	0.0	0.0	1	1.0181425810763454	-3.5787423779933563	138.0	12	1.05	0.95				
	103	1	64.66105888421053	13.291439881754389	0.0	0.0	1	1.029007979773096	-0.8841801460413594	138.0	11	1.05	0.95				
	104	1	26.582879763508778	5.3884215736842105	0.0	0.0	1	1.0190973790799598	-3.829332096095318	138.0	11	1.05	0.95				
	105	1	25.505195448771932	5.029193468771931	0.0	0.0	1	1.0301910277054904	-4.716532253637571	138.0	11	1.05	0.95				
	106	1	48.855022268070186	10.058386937543862	0.0	-100.0	1	1.0446958893868947	-5.87820391545761	138.0	12	1.05	0.95				
	107	2	44.90351311403509	8.98070262280702	0.0	0.0	1	1.0037400899517799	-8.899371214359732	138.0	12	1.05	0.95				
	108	1	61.428005940000006	12.572983671929824	0.0	0.0	1	1.0089565553372235	-8.021518089349431	138.0	12	1.05	0.95				
	109	1	62.86491835964914	12.932211776842106	0.0	0.0	1	1.0249262885152017	-3.4615381728564194	138.0	13	1.05	0.95				
	110	1	70.04948045789475	14.369124196491232	0.0	0.0	1	1.05	-4.880303004291246	138.0	13	1.05	0.95				
	111	1	0.0	0.0	0.0	0.0	1	1.0019505828392403	-1.350716350207302	230.0	13	1.05	0.95				
	112	1	0.0	0.0	0.0	0.0	1	1.0058083496192205	-1.644697930943785	230.0	13	1.05	0.95				
	113	3	95.1954478017544	19.39831766526316	0.0	0.0	1	0.9943953708989245	1.4201705699137222e-31	230.0	14	1.05	0.95				
	114	2	69.69025235298247	14.00989609157895	0.0	0.0	1	0.9986963115044589	0.45067730704466014	230.0	16	1.05	0.95				
	115	2	113.87530925719301	22.990598714385968	0.0	0.0	1	1.0304116230778142	6.06842899109905	230.0	16	1.05	0.95				
	116	2	35.92281049122808	7.184562098245616	0.0	0.0	1	1.0261437960574225	5.084900451217345	230.0	16	1.05	0.95				
	117	1	0.0	0.0	0.0	0.0	1	1.0343933340832623	8.340140216529882	230.0	17	1.05	0.95				
	118	2	119.6229589357895	24.427511134035093	0.0	0.0	1	1.0374814339152298	9.042238209409128	230.0	17	1.05	0.95				
	119	1	65.02028698912282	13.291439881754389	0.0	0.0	1	1.0169619864285966	3.0994988665620964	230.0	15	1.05	0.95				
	120	1	45.981197428771935	9.339930727719299	0.0	0.0	1	1.011190026732029	1.6949204743869153	230.0	15	1.05	0.95				
	121	2	0.0	0.0	0.0	0.0	1	1.0395120368085817	10.233575707679098	230.0	17	1.05	0.95				
	122	2	0.0	0.0	0.0	0.0	1	1.05	16.10555655222386	230.0	17	1.05	0.95				
	123	2	0.0	0.0	0.0	0.0	1	1.0083261205503125	1.2041502180282055	230.0	15	1.05	0.95				
	124	1	0.0	0.0	0.0	0.0	1	1.0208251132620878	3.4434126304446107	230.0	16	1.05	0.95				
	201	2	39.201637035789474	7.985518655438597	0.0	0.0	2	1.0163180787604837	-9.233590693096103	138.0	21	1.05	0.95				
	202	2	35.208877708070176	7.259562414035088	0.0	0.0	2	1.0154787136797987	-9.46050995318877	138.0	22	1.05	0.95				
	203	1	65.33606172631579	13.43019046596491	0.0	0.0	2	1.015188294934961	-7.219709597107344	138.0	21	1.05	0.95				
	204	1	26.86038093192982	5.444671810526316	0.0	0.0	2	1.0142179421172441	-9.036852814787604	138.0	21	1.05	0.95				
	205	1	25.771446569824562	5.0816936898245615	0.0	0.0	2	1.0288459018564873	-9.290311809316087	138.0	21	1.05	0.95				
	206	1	49.365024415438604	10.163387379649123	0.0	-100.0	2	1.0441883420907536	-9.793723361539035	138.0	22	1.05	0.95				
	207	2	45.3722650877193	9.07445301754386	0.0	0.0	2	0.9994193322770558	-14.12152322737644	138.0	22	1.05	0.95				
	208	1	62.06925864	12.704234224561404	0.0	0.0	2	1.005257469981494	-12.515694831845478	138.0	22	1.05	0.95				
	209	1	63.52117112280702	13.067212345263158	0.0	0.0	2	1.0232060802938132	-7.183563519280302	138.0	23	1.05	0.95				
	210	1	70.7807335368421	14.519124828070176	0.0	0.0	2	1.05	-8.177615747624655	138.0	23	1.05	0.95				
	211	1	0.0	0.0	0.0	0.0	2	0.9999620200366597	-5.280323260130626	230.0	23	1.05	0.95				
	212	1	0.0	0.0	0.0	0.0	2	1.006869205217303	-1.5809735524973094	230.0	23	1.05	0.95				
	213	2	96.18920198596491	19.600818517894737	0.0	0.0	2	0.9920711953177606	-3.584075636343452	230.0	24	1.05	0.95				
	214	2	70.41775541614035	14.156146707368421	0.0	0.0	2	0.9946052485133913	-4.196375628371922	230.0	26	1.05	0.95				
	215	2	115.06406426245614	23.23059972491228	0.0	0.0	2	1.0128633834049532	0.3866727906721309	230.0	26	1.05	0.95				
	216	2	36.29781207017544	7.259562414035088	0.0	0.0	2	1.0107681723070452	-0.42876318267697255	230.0	26	1.05	0.95				
	217	1	0.0	0.0	0.0	0.0	2	1.0169764195282953	0.9751407348360019	230.0	27	1.05	0.95				
	218	2	120.87171419368421	24.682512207719302	0.0	0.0	2	1.01686854143495	0.768003348792668	230.0	27	1.05	0.95				
	219	1	65.69903984701754	13.43019046596491	0.0	0.0	2	1.0084015220789642	-0.8582139066989477	230.0	25	1.05	0.95				
	220	1	46.46119944982456	9.437431138245614	0.0	0.0	2	1.0085494074941124	-0.4960863386628591	230.0	25	1.05	0.95				
	221	2	0.0	0.0	0.0	0.0	2	1.0190775730437591	1.443151656556536	230.0	27	1.05	0.95				
	222	2	0.0	0.0	0.0	0.0	2	1.0408963368965714	7.8655287398102205	230.0	27	1.05	0.95				
	223	2	0.0	0.0	0.0	0.0	2	1.0090072869569147	-0.0059507622494136036	230.0	25	1.05	0.95				
	224	1	0.0	0.0	0.0	0.0	2	1.0041896446972909	-2.498148425138764	230.0	26	1.05	0.95				
	301	2	52.4966782736842	10.693767796491226	0.0	0.0	3	1.0004843424524208	4.391735174183076	138.0	31	1.05	0.95				
	302	2	47.14979437543859	9.721607087719297	0.0	0.0	3	1.0002871228887829	4.353925498935208	138.0	32	1.05	0.95				
	303	1	87.49446378947367	17.9849731122807	0.0	0.0	3	1.0171894852243712	7.507635734151899	138.0	31	1.05	0.95				
	304	1	35.9699462245614	7.2912053157894725	0.0	0.0	3	1.0060140073472708	6.144961473268329	138.0	31	1.05	0.95				
	305	1	34.511705161403505	6.805124961403508	0.0	0.0	3	1.018306697325828	5.716814082837548	138.0	31	1.05	0.95				
	306	1	66.10692819649122	13.610249922807016	0.0	-100.0	3	1.0367023143709426	5.891242949262285	138.0	32	1.05	0.95				
	307	2	60.76004429824561	12.152008859649122	0.0	0.0	3	0.994946250100535	2.6373954516993967	138.0	32	1.05	0.95				
	308	1	83.11974059999999	17.01281240350877	0.0	0.0	3	1.004405866008588	4.778053608568581	138.0	32	1.05	0.95				
	309	1	85.06406201754385	17.498892757894737	0.0	0.0	3	1.0268996907749266	9.587986315005416	138.0	33	1.05	0.95				
	310	1	94.78566910526315	19.443214175438595	0.0	0.0	3	1.05	8.597032997846398	138.0	33	1.05	0.95				
	311	1	0.0	0.0	0.0	0.0	3	1.0078980319316848	13.550505082537324	230.0	33	1.05	0.95				
	312	1	0.0	0.0	0.0	0.0	3	1.0133969888944656	14.170065748286943	230.0	33	1.05	0.95				
	313	2	128.8112939122807	26.2483391368421	0.0	0.0	3	1.0139146940883756	18.52438654249992	230.0	34	1.05	0.95				
	314	2	94.29958875087718	18.95713382105263	0.0	0.0	3	1.0052573221789434	13.740722338218829	230.0	36	1.05	0.95				
	315	2	154.08747234035084	31.10914268070175	0.0	0.0	3	1.0260072264869993	10.691368875528191	230.0	36	1.05	0.95				
	316	2	48.60803543859649	9.721607087719297	0.0	0.0	3	1.0253840370873637	11.57918306541467	230.0	36	1.05	0.95				
	317	1	0.0	0.0	0.0	0.0	3	1.0342991480631947	12.421405132855677	230.0	37	1.05	0.95				
	318	2	161.86475801052632	33.05346409824561	0.0	0.0	3	1.0314616137084218	10.505825968255296	230.0	37	1.05	0.95				
	319	1	87.98054414385965	17.9849731122807	0.0	0.0	3	1.0235983434471991	13.093305975464022	230.0	35	1.05	0.95				
	320	1	62.2182853614035	12.638089214035087	0.0	0.0	3	1.0225305099565887	13.902440929331393	230.0	35	1.05	0.95				
	321	2	0.0	0.0	0.0	0.0	3	1.0317784435086517	11.174277445886622	230.0	37	1.05	0.95				
	322	2	0.0	0.0	0.0	0.0	3	1.046387883923029	16.000504587985727	230.0	37	1.05	0.95				
	323	2	0.0	0.0	0.0	0.0	3	1.0213186189139176	14.069582892618525	230.0	35	1.05	0.95				
	324	1	0.0	0.0	0.0	0.0	3	1.0192839458278147	11.359246988837956	230.0	36	1.05	0.95				
	325	1	0.0	0.0	0.0	0.0	3	1.024181479372599	13.751093560851583	230.0	35	1.05	0.95				
];
