%% MATPOWER Case Format : Version 2
function mpc = RTS_GMLC
mpc.version = '2';

%%-----  Power Flow Data  -----%%
%% system MVA base
mpc.baseMVA = 100.0;
%% bus data
%    bus_i    type    Pd    Qd    Gs    Bs    area    Vm    Va    baseKV    zone    Vmax    Vmin
mpc.bus = [
	101	2	63.69915884210528	12.975754578947369	0.0	0.0	1	1.0366240405798017	-2.203281010679918	138.0	11	1.05	0.95				
	102	2	57.211281552631576	11.79614052631579	0.0	0.0	1	1.0355348000550226	-2.531768440493802	138.0	12	1.05	0.95				
	103	1	106.16526473684212	21.82285997368421	0.0	0.0	1	1.028502661270538	-2.367698946550688	138.0	11	1.05	0.95				
	104	1	43.64571994736842	8.847105394736843	0.0	0.0	1	1.0206440442109586	-5.174157131800548	138.0	11	1.05	0.95				
	105	1	41.87629886842105	8.257298368421054	0.0	0.0	1	1.035443401397903	-5.229697559179245	138.0	11	1.05	0.95				
	106	1	80.21375557894737	16.51459673684211	0.0	-100.0	1	1.0415968641281916	-7.54484629255087	138.0	12	1.05	0.95				
	107	2	73.72587828947368	14.745175657894737	0.0	0.0	1	1.0006751441410102	-13.265194402703354	138.0	12	1.05	0.95				
	108	1	100.85700150000001	20.643245921052632	0.0	0.0	1	0.9991856402453624	-11.953709368246493	138.0	12	1.05	0.95				
	109	1	103.21622960526318	21.23305294736842	0.0	0.0	1	1.0256521579433389	-5.167313167936179	138.0	13	1.05	0.95				
	110	1	115.01237013157895	23.59228105263158	0.0	0.0	1	1.05	-6.451117491115519	138.0	13	1.05	0.95				
	111	1	0.0	0.0	0.0	0.0	1	1.0106694166371528	-2.132534603898912	230.0	13	1.05	0.95				
	112	1	0.0	0.0	0.0	0.0	1	1.0132137766720666	-1.6697413406116857	230.0	13	1.05	0.95				
	113	3	156.2988619736842	31.84957942105264	0.0	0.0	1	1.0100344205912866	3.851153940867113e-31	230.0	14	1.05	0.95				
	114	2	114.42256310526315	23.00247402631579	0.0	0.0	1	1.0125030604989225	-0.24811249334065916	230.0	16	1.05	0.95				
	115	2	186.96882734210527	37.74764968421053	0.0	0.0	1	1.0425679233611123	6.585835735460289	230.0	16	1.05	0.95				
	116	2	58.98070263157895	11.79614052631579	0.0	0.0	1	1.039242241472212	5.947739816502189	230.0	16	1.05	0.95				
	117	1	0.0	0.0	0.0	0.0	1	1.0441617255536024	8.73208649392911	230.0	17	1.05	0.95				
	118	2	196.40573976315792	40.106877789473685	0.0	0.0	1	1.046931752358424	8.96532118183143	230.0	17	1.05	0.95				
	119	1	106.7550717631579	21.82285997368421	0.0	0.0	1	1.0321317095463303	4.599929271675203	230.0	15	1.05	0.95				
	120	1	75.49529936842106	15.334982684210527	0.0	0.0	1	1.03036365242854	4.303346823299304	230.0	15	1.05	0.95				
	121	2	0.0	0.0	0.0	0.0	1	1.05	10.314043982116038	230.0	17	1.05	0.95				
	122	2	0.0	0.0	0.0	0.0	1	1.05	18.269385504968593	230.0	17	1.05	0.95				
	123	2	0.0	0.0	0.0	0.0	1	1.0306513483999564	4.587095356018693	230.0	15	1.05	0.95				
	124	1	0.0	0.0	0.0	0.0	1	1.0260069833381276	3.2469517240749277	230.0	16	1.05	0.95				
	201	2	61.13143398315789	12.452699515087719	0.0	0.0	2	1.025164669836556	-10.258469594903726	138.0	21	1.05	0.95				
	202	2	54.90508422561403	11.320635922807016	0.0	0.0	2	1.026169108490588	-10.038568528647415	138.0	22	1.05	0.95				
	203	1	101.88572330526316	20.94317645719298	0.0	0.0	2	1.0157561489935087	-9.642553436789008	138.0	21	1.05	0.95				
	204	1	41.88635291438596	8.49047694210526	0.0	0.0	2	1.0160062863544674	-11.104460350579687	138.0	21	1.05	0.95				
	205	1	40.18825752596491	7.924445145964912	0.0	0.0	2	1.030568565932131	-11.40470128767616	138.0	21	1.05	0.95				
	206	1	76.98032427508772	15.848890291929823	0.0	-100.0	2	1.0407478234818837	-12.543518849578716	138.0	22	1.05	0.95				
	207	2	70.75397451754385	14.150794903508771	0.0	0.0	2	0.9917912657049787	-20.682155406382712	138.0	22	1.05	0.95				
	208	1	96.79143713999999	19.81111286491228	0.0	0.0	2	0.9924475052342172	-17.989338972807897	138.0	22	1.05	0.95				
	209	1	99.0555643245614	20.37714466105263	0.0	0.0	2	1.0247054629499084	-9.65966077825062	138.0	23	1.05	0.95				
	210	1	110.3762002473684	22.641271845614032	0.0	0.0	2	1.05	-10.75823657458347	138.0	23	1.05	0.95				
	211	1	0.0	0.0	0.0	0.0	2	1.0111735718992192	-6.511390053140734	230.0	23	1.05	0.95				
	212	1	0.0	0.0	0.0	0.0	2	1.0155001966081736	-2.4874232883285203	230.0	23	1.05	0.95				
	213	2	149.99842597719294	30.565716991578945	0.0	0.0	2	1.011020630505353	-4.216063765016858	230.0	24	1.05	0.95				
	214	2	109.81016845122807	22.07524004947368	0.0	0.0	2	1.0136219473627794	-4.760321582638966	230.0	26	1.05	0.95				
	215	2	179.4320793764912	36.22603495298245	0.0	0.0	2	1.0318600168835899	1.292530942761874	230.0	26	1.05	0.95				
	216	2	56.603179614035085	11.320635922807016	0.0	0.0	2	1.0318393948560198	1.1859379976191278	230.0	26	1.05	0.95				
	217	1	0.0	0.0	0.0	0.0	2	1.0359944039592974	2.9577154256174314	230.0	27	1.05	0.95				
	218	2	188.48858811473684	38.49016213754386	0.0	0.0	2	1.0355800903202912	2.741862318990676	230.0	27	1.05	0.95				
	219	1	102.45175510140349	20.94317645719298	0.0	0.0	2	1.0308902175975323	1.3290661429630133	230.0	25	1.05	0.95				
	220	1	72.4520699059649	14.716826699649122	0.0	0.0	2	1.0346189014368063	2.5408937202512782	230.0	25	1.05	0.95				
	221	2	0.0	0.0	0.0	0.0	2	1.036823157990815	3.0442592101642285	230.0	27	1.05	0.95				
	222	2	0.0	0.0	0.0	0.0	2	1.05	9.509440628975824	230.0	27	1.05	0.95				
	223	2	0.0	0.0	0.0	0.0	2	1.0382670856123224	3.626619168648257	230.0	25	1.05	0.95				
	224	1	0.0	0.0	0.0	0.0	2	1.012303306860207	-2.7813788950467724	230.0	26	1.05	0.95				
	301	2	64.43783613473684	13.126225879298245	0.0	0.0	3	1.0052403947566102	-13.195265309953012	138.0	31	1.05	0.95				
	302	2	57.87472319508772	11.932932617543859	0.0	0.0	3	1.0049183469260294	-13.29526258189174	138.0	32	1.05	0.95				
	303	1	107.39639355789474	22.075925342456138	0.0	0.0	3	1.017810368449365	-8.01936624144113	138.0	31	1.05	0.95				
	304	1	44.151850684912276	8.949699463157893	0.0	0.0	3	1.0047609456829902	-11.371572303724523	138.0	31	1.05	0.95				
	305	1	42.361910792280696	8.353052832280703	0.0	0.0	3	1.0188305205248673	-11.610702478703248	138.0	31	1.05	0.95				
	306	1	81.14394179929825	16.706105664561406	0.0	-100.0	3	1.0344029942733723	-11.395164540318792	138.0	32	1.05	0.95				
	307	2	74.58082885964912	14.916165771929823	0.0	0.0	3	0.9929747722575766	-18.237862872059843	138.0	32	1.05	0.95				
	308	1	102.02657387999999	20.88263208070175	0.0	0.0	3	0.9935529951194894	-15.403183042912431	138.0	32	1.05	0.95				
	309	1	104.41316040350877	21.479278711578946	0.0	0.0	3	1.025492454437648	-7.358999975843055	138.0	33	1.05	0.95				
	310	1	116.34609302105261	23.865865235087718	0.0	0.0	3	1.05	-8.115344428268044	138.0	33	1.05	0.95				
	311	1	0.0	0.0	0.0	0.0	3	1.015142973215633	-1.3333676751249361	230.0	33	1.05	0.95				
	312	1	0.0	0.0	0.0	0.0	3	1.0176014737657875	-0.5162367721423967	230.0	33	1.05	0.95				
	313	2	158.11135718245612	32.21891806736842	0.0	0.0	3	1.030284584637825	4.3980540648452	230.0	34	1.05	0.95				
	314	2	115.74944639017544	23.269218604210526	0.0	0.0	3	1.0204584024626706	-0.01693210414919794	230.0	36	1.05	0.95				
	315	2	189.13698198807018	38.18538437614035	0.0	0.0	3	1.034446044666054	-0.5974559892221019	230.0	36	1.05	0.95				
	316	2	59.66466308771929	11.932932617543859	0.0	0.0	3	1.0342004567568606	0.3449693698082916	230.0	36	1.05	0.95				
	317	1	0.0	0.0	0.0	0.0	3	1.040451584305791	1.9803640808010976	230.0	37	1.05	0.95				
	318	2	198.68332808210525	40.57197089964912	0.0	0.0	3	1.0376305796984489	0.9278966910588958	230.0	37	1.05	0.95				
	319	1	107.99304018877191	22.075925342456138	0.0	0.0	3	1.0333031554383274	1.7834983543617662	230.0	35	1.05	0.95				
	320	1	76.3707687522807	15.512812402807016	0.0	0.0	3	1.0342632234709526	2.7444382623040693	230.0	35	1.05	0.95				
	321	2	0.0	0.0	0.0	0.0	3	1.0384712310857311	0.9867526290934934	230.0	37	1.05	0.95				
	322	2	0.0	0.0	0.0	0.0	3	1.05	5.6919029310709	230.0	37	1.05	0.95				
	323	2	0.0	0.0	0.0	0.0	3	1.035039190149965	3.2078667388934194	230.0	35	1.05	0.95				
	324	1	0.0	0.0	0.0	0.0	3	1.0211587044235522	-1.4714535030195341	230.0	36	1.05	0.95				
	325	1	0.0	0.0	0.0	0.0	3	1.0353089761465353	3.8141357225680155	230.0	35	1.05	0.95				
];
