%% MATPOWER Case Format : Version 2
function mpc = RTS_GMLC
mpc.version = '2';

%%-----  Power Flow Data  -----%%
%% system MVA base
mpc.baseMVA = 100.0;
%% bus data
%    bus_i    type    Pd    Qd    Gs    Bs    area    Vm    Va    baseKV    zone    Vmax    Vmin
mpc.bus = [
	101	2	34.882236515368426	7.1056407716491226	0.0	0.0	1	0.9921110205963597	-5.960123330461099	138.0	11	1.05	0.95				
	102	2	31.329416129543862	6.459673428771931	0.0	0.0	1	0.9918834061485106	-6.101605839320925	138.0	12	1.05	0.95				
	103	1	58.13706085894738	11.95039584322807	0.0	0.0	1	1.024293552860513	-0.43045529430199997	138.0	11	1.05	0.95				
	104	1	23.90079168645614	4.844755071578947	0.0	0.0	1	1.0057018526612533	-5.3551155075391605	138.0	11	1.05	0.95				
	105	1	22.931840672140353	4.521771400140351	0.0	0.0	1	1.0170376276422761	-6.0552940161711	138.0	11	1.05	0.95				
	106	1	43.92577931564913	9.043542800280703	0.0	-100.0	1	1.039543158459237	-6.533285484744194	138.0	12	1.05	0.95				
	107	2	40.37295892982456	8.074591785964913	0.0	0.0	1	0.9891315398766803	-9.217413088947865	138.0	12	1.05	0.95				
	108	1	55.230207816	11.304428500350877	0.0	0.0	1	1.0016249740427974	-8.12046118679879	138.0	12	1.05	0.95				
	109	1	56.52214250175439	11.627412171789473	0.0	0.0	1	1.0258598487470871	-3.408813180457581	138.0	13	1.05	0.95				
	110	1	62.98181593052632	12.919346857543863	0.0	0.0	1	1.05	-5.094835684249208	138.0	13	1.05	0.95				
	111	1	0.0	0.0	0.0	0.0	1	1.0139164033655763	-0.5345521637335764	230.0	13	1.05	0.95				
	112	1	0.0	0.0	0.0	0.0	1	1.0108769814504508	-1.4145554122371078	230.0	13	1.05	0.95				
	113	3	85.59067293122807	17.441118257684213	0.0	0.0	1	0.99528901678936	-4.594030142777817e-28	230.0	14	1.05	0.95				
	114	2	62.658832259087724	12.596363186105265	0.0	0.0	1	1.0351886363171363	2.711082499875308	230.0	16	1.05	0.95				
	115	2	102.3858238460351	20.670954972070177	0.0	0.0	1	1.0408310086514845	10.679247014444199	230.0	16	1.05	0.95				
	116	2	32.29836714385965	6.459673428771931	0.0	0.0	1	1.040823752569549	9.329731888813386	230.0	16	1.05	0.95				
	117	1	0.0	0.0	0.0	0.0	1	1.039574060276142	14.612507173803019	230.0	17	1.05	0.95				
	118	2	107.55356258905265	21.962889657824565	0.0	0.0	1	1.0466233711787565	14.905788053981748	230.0	17	1.05	0.95				
	119	1	58.46004453038597	11.95039584322807	0.0	0.0	1	1.035447352460127	5.895003415721536	230.0	15	1.05	0.95				
	120	1	41.341909944140355	8.39757545740351	0.0	0.0	1	1.03507365880186	3.518477289160989	230.0	15	1.05	0.95				
	121	2	0.0	0.0	0.0	0.0	1	1.0379097563060173	16.03215482014671	230.0	17	1.05	0.95				
	122	2	0.0	0.0	0.0	0.0	1	1.05	34.036122896892316	230.0	17	1.05	0.95				
	123	2	0.0	0.0	0.0	0.0	1	1.0352945650910732	2.4570026638342726	230.0	15	1.05	0.95				
	124	1	0.0	0.0	0.0	0.0	1	1.0207723044597865	6.541119892015598	230.0	16	1.05	0.95				
	201	2	35.97166692757895	7.327561781543859	0.0	0.0	2	1.005752832176642	-11.808469802965543	138.0	21	1.05	0.95				
	202	2	32.30788603680701	6.661419801403509	0.0	0.0	2	1.004120941400496	-12.064410466537465	138.0	22	1.05	0.95				
	203	1	59.95277821263157	12.32362663259649	0.0	0.0	2	1.0137399298401772	-8.95296360983922	138.0	21	1.05	0.95				
	204	1	24.64725326519298	4.9960648510526315	0.0	0.0	2	1.0097900639676873	-11.955581802054136	138.0	21	1.05	0.95				
	205	1	23.648040294982454	4.662993860982456	0.0	0.0	2	1.023911683359063	-12.279219511216724	138.0	21	1.05	0.95				
	206	1	45.29765464954386	9.325987721964912	0.0	-100.0	2	1.0422179650706027	-12.988975285572353	138.0	22	1.05	0.95				
	207	2	41.63387375877193	8.326774751754385	0.0	0.0	2	0.987677971669242	-16.810044355772416	138.0	22	1.05	0.95				
	208	1	56.955139302	11.657484652456139	0.0	0.0	2	0.9996371633991403	-15.410005015406162	138.0	22	1.05	0.95				
	209	1	58.287423262280704	11.990555642526315	0.0	0.0	2	1.023255679671218	-10.474010490003462	138.0	23	1.05	0.95				
	210	1	64.94884306368421	13.322839602807019	0.0	0.0	2	1.05	-11.666677349628399	138.0	23	1.05	0.95				
	211	1	0.0	0.0	0.0	0.0	2	1.0033603619081668	-7.979911307936778	230.0	23	1.05	0.95				
	212	1	0.0	0.0	0.0	0.0	2	1.0134076999730874	-7.23092454318786	230.0	23	1.05	0.95				
	213	2	88.26381236859649	17.985833463789476	0.0	0.0	2	1.0030545616151596	-6.679828311171016	230.0	24	1.05	0.95				
	214	2	64.61577207361402	12.989768612736844	0.0	0.0	2	0.9968117863233937	-5.8850014587093336	230.0	26	1.05	0.95				
	215	2	105.58350385224561	21.316543364491228	0.0	0.0	2	1.023024620165342	-0.5644019016124098	230.0	26	1.05	0.95				
	216	2	33.30709900701754	6.661419801403509	0.0	0.0	2	1.0260266454348597	-1.0463093787286823	230.0	26	1.05	0.95				
	217	1	0.0	0.0	0.0	0.0	2	1.0320440033310831	0.6500198883342618	230.0	27	1.05	0.95				
	218	2	110.91263969336842	22.64882732477193	0.0	0.0	2	1.030482705233264	0.34400938945172954	230.0	27	1.05	0.95				
	219	1	60.285849202701755	12.32362663259649	0.0	0.0	2	1.0344772309392771	-0.9468957611523076	230.0	25	1.05	0.95				
	220	1	42.633086728982455	8.659845741824562	0.0	0.0	2	1.0435126501249339	-0.22091372147455338	230.0	25	1.05	0.95				
	221	2	0.0	0.0	0.0	0.0	2	1.031076195501477	0.8345695265379298	230.0	27	1.05	0.95				
	222	2	0.0	0.0	0.0	0.0	2	1.0499999941109384	7.256005568363932	230.0	27	1.05	0.95				
	223	2	0.0	0.0	0.0	0.0	2	1.0487260778961565	0.42019878884718004	230.0	25	1.05	0.95				
	224	1	0.0	0.0	0.0	0.0	2	1.009081315411849	-3.70651865148327	230.0	26	1.05	0.95				
	301	2	39.75260994947369	8.097753878596492	0.0	0.0	3	1.0125982402358114	19.377588810245847	138.0	31	1.05	0.95				
	302	2	35.70373301017543	7.361594435087719	0.0	0.0	3	1.0116672236934188	19.020854012416105	138.0	32	1.05	0.95				
	303	1	66.25434991578948	13.61894970491228	0.0	0.0	3	1.05	33.906444314320495	138.0	31	1.05	0.95				
	304	1	27.23789940982456	5.52119582631579	0.0	0.0	3	1.0082941974495543	20.180858171690122	138.0	31	1.05	0.95				
	305	1	26.1336602445614	5.153116104561404	0.0	0.0	3	1.0233993167562372	17.518745212317615	138.0	31	1.05	0.95				
	306	1	50.0588421585965	10.306232209122808	0.0	-100.0	3	1.0374913745774663	16.01156537765695	138.0	32	1.05	0.95				
	307	2	46.009965219298245	9.20199304385965	0.0	0.0	3	0.95	13.443918997764328	138.0	32	1.05	0.95				
	308	1	62.941632420000005	12.88279026140351	0.0	0.0	3	0.9729755415872113	14.953844268030386	138.0	32	1.05	0.95				
	309	1	64.41395130701754	13.250869983157894	0.0	0.0	3	1.0163990199638577	22.674950332422398	138.0	33	1.05	0.95				
	310	1	71.77554574210527	14.723188870175438	0.0	0.0	3	1.0433187086117561	16.84944566322759	138.0	33	1.05	0.95				
	311	1	0.0	0.0	0.0	0.0	3	1.004747683003899	19.879872962703274	230.0	33	1.05	0.95				
	312	1	0.0	0.0	0.0	0.0	3	1.009963155901241	19.5162969757915	230.0	33	1.05	0.95				
	313	2	97.54112626491228	19.876304974736843	0.0	0.0	3	1.0034125770231839	19.229660522472827	230.0	34	1.05	0.95				
	314	2	71.40746602035087	14.355109148421052	0.0	0.0	3	1.0010386633868975	20.66268686957057	230.0	36	1.05	0.95				
	315	2	116.68127179614034	23.557102192280702	0.0	0.0	3	1.0494820889902523	24.57572649678917	230.0	36	1.05	0.95				
	316	2	36.8079721754386	7.361594435087719	0.0	0.0	3	1.033452455073707	23.898378749079857	230.0	36	1.05	0.95				
	317	1	0.0	0.0	0.0	0.0	3	1.05	28.650713871431076	230.0	37	1.05	0.95				
	318	2	122.57054734421054	25.02942107929825	0.0	0.0	3	1.0468117298370914	25.020959927432262	230.0	37	1.05	0.95				
	319	1	66.62242963754387	13.61894970491228	0.0	0.0	3	1.0239761758091397	21.53336410485377	230.0	35	1.05	0.95				
	320	1	47.114204384561404	9.570072765614036	0.0	0.0	3	1.0190758126121366	20.17587275955842	230.0	35	1.05	0.95				
	321	2	0.0	0.0	0.0	0.0	3	1.05	25.540669483294597	230.0	37	1.05	0.95				
	322	2	0.0	0.0	0.0	0.0	3	1.0499999250502943	31.109329361314316	230.0	37	1.05	0.95				
	323	2	0.0	0.0	0.0	0.0	3	1.0166992553434466	19.714291207930348	230.0	35	1.05	0.95				
	324	1	0.0	0.0	0.0	0.0	3	1.0467055979955873	28.14221465436082	230.0	36	1.05	0.95				
	325	1	0.0	0.0	0.0	0.0	3	1.0197981653626895	19.409761079461248	230.0	35	1.05	0.95				
];
