%% MATPOWER Case Format : Version 2
function mpc = RTS_GMLC
mpc.version = '2';

%%-----  Power Flow Data  -----%%
%% system MVA base
mpc.baseMVA = 100.0;
%% bus data
%    bus_i    type    Pd    Qd    Gs    Bs    area    Vm    Va    baseKV    zone    Vmax    Vmin
mpc.bus = [
	101	2	40.266204858947376	8.20237506385965	0.0	0.0	1	1.0336440011880772	3.1164110431473304	138.0	11	1.05	0.95				
	102	2	36.165017327017544	7.456704603508772	0.0	0.0	1	1.0327488507019085	2.861748856316415	138.0	12	1.05	0.95				
	103	1	67.11034143157896	13.79490351649123	0.0	0.0	1	1.0293318168540924	1.3515390240821366	138.0	11	1.05	0.95				
	104	1	27.58980703298246	5.59252845263158	0.0	0.0	1	1.0220671622347122	-0.1962238059221283	138.0	11	1.05	0.95				
	105	1	26.471301342456144	5.219693222456141	0.0	0.0	1	1.03668633149554	0.045102783313416085	138.0	11	1.05	0.95				
	106	1	50.705591303859656	10.439386444912282	0.0	-100.0	1	1.0469305518498466	-2.1041520227746826	138.0	12	1.05	0.95				
	107	2	46.604403771929825	9.320880754385966	0.0	0.0	1	1.00086143767158	-7.2747157040561365	138.0	12	1.05	0.95				
	108	1	63.75482436000001	13.049233056140352	0.0	0.0	1	1.0063894615272926	-6.003518539258813	138.0	12	1.05	0.95				
	109	1	65.24616528070176	13.422068286315792	0.0	0.0	1	1.0243704218538523	-1.1842104455270621	138.0	13	1.05	0.95				
	110	1	72.70286988421053	14.913409207017544	0.0	0.0	1	1.05	-1.892946044937653	138.0	13	1.05	0.95				
	111	1	0.0	0.0	0.0	0.0	1	1.0016726276131165	0.28106838171097326	230.0	13	1.05	0.95				
	112	1	0.0	0.0	0.0	0.0	1	1.0067259058144522	0.43276244289567756	230.0	13	1.05	0.95				
	113	3	98.80133599649123	20.133102429473688	0.0	0.0	1	0.9914620869822329	1.5655638952402276e-30	230.0	14	1.05	0.95				
	114	2	72.33003465403509	14.540573976842106	0.0	0.0	1	0.9981175260080668	2.483449352672832	230.0	16	1.05	0.95				
	115	2	118.18876796561403	23.861454731228072	0.0	0.0	1	1.0347954818389675	8.034119098313017	230.0	16	1.05	0.95				
	116	2	37.283523017543864	7.456704603508772	0.0	0.0	1	1.030976375171187	7.707702267381942	230.0	16	1.05	0.95				
	117	1	0.0	0.0	0.0	0.0	1	1.0388539364126566	10.154209274751244	230.0	17	1.05	0.95				
	118	2	124.15413164842106	25.352795651929828	0.0	0.0	1	1.0420742759620703	10.263712283678906	230.0	17	1.05	0.95				
	119	1	67.4831766617544	13.79490351649123	0.0	0.0	1	1.0241905588526947	6.398436256849565	230.0	15	1.05	0.95				
	120	1	47.722909462456144	9.693715984561404	0.0	0.0	1	1.0208030586043189	5.9839940912241705	230.0	15	1.05	0.95				
	121	2	0.0	0.0	0.0	0.0	1	1.0456396439135283	11.225708950952496	230.0	17	1.05	0.95				
	122	2	0.0	0.0	0.0	0.0	1	1.05	19.170090911096235	230.0	17	1.05	0.95				
	123	2	0.0	0.0	0.0	0.0	1	1.019204444841162	6.047970509485072	230.0	15	1.05	0.95				
	124	1	0.0	0.0	0.0	0.0	1	1.0239048993658122	5.523535693813217	230.0	16	1.05	0.95				
	201	2	42.44860693894737	8.646938450526315	0.0	0.0	2	1.024207007572533	-7.292856830807936	138.0	21	1.05	0.95				
	202	2	38.12513771368421	7.860853136842105	0.0	0.0	2	1.0248265351455814	-7.180278673470695	138.0	22	1.05	0.95				
	203	1	70.74767823157894	14.542578303157894	0.0	0.0	2	1.0166342415697507	-6.517255240943733	138.0	21	1.05	0.95				
	204	1	29.08515660631579	5.895639852631579	0.0	0.0	2	1.0177096692091738	-8.53895253058582	138.0	21	1.05	0.95				
	205	1	27.906028635789472	5.502597195789474	0.0	0.0	2	1.0324199646226413	-8.777497793000148	138.0	21	1.05	0.95				
	206	1	53.45380133052632	11.005194391578948	0.0	-100.0	2	1.0452634504464464	-9.989660397343208	138.0	22	1.05	0.95				
	207	2	49.13033210526316	9.826066421052632	0.0	0.0	2	0.994153948303605	-15.521010989805786	138.0	22	1.05	0.95				
	208	1	67.21029432	13.756492989473685	0.0	0.0	2	1.0008997581538577	-13.770619046043034	138.0	22	1.05	0.95				
	209	1	68.78246494736841	14.149535646315789	0.0	0.0	2	1.0226227718267367	-8.028484845623076	138.0	23	1.05	0.95				
	210	1	76.64331808421052	15.72170627368421	0.0	0.0	2	1.05	-9.01718107585648	138.0	23	1.05	0.95				
	211	1	0.0	0.0	0.0	0.0	2	1.0029337233548878	-5.553407089161056	230.0	23	1.05	0.95				
	212	1	0.0	0.0	0.0	0.0	2	1.0065139326568298	-4.726780881770308	230.0	23	1.05	0.95				
	213	2	104.1563040631579	21.224303469473686	0.0	0.0	2	0.9968371520120405	-4.330405164308176	230.0	24	1.05	0.95				
	214	2	76.25027542736842	15.328663616842105	0.0	0.0	2	1.0009210061047495	-3.5153970955044156	230.0	26	1.05	0.95				
	215	2	124.59452221894736	25.154730037894733	0.0	0.0	2	1.018551445370453	1.6754609993640441	230.0	26	1.05	0.95				
	216	2	39.30426568421053	7.860853136842105	0.0	0.0	2	1.0198506503106757	1.748167782967108	230.0	26	1.05	0.95				
	217	1	0.0	0.0	0.0	0.0	2	1.0251962013931684	3.318323018196587	230.0	27	1.05	0.95				
	218	2	130.88320472842105	26.72690066526316	0.0	0.0	2	1.0243905643634614	2.7904641410727664	230.0	27	1.05	0.95				
	219	1	71.14072088842104	14.542578303157894	0.0	0.0	2	1.020488808494822	1.8060311657699921	230.0	25	1.05	0.95				
	220	1	50.30946007578947	10.219109077894737	0.0	0.0	2	1.0235442928186065	2.6322043398061292	230.0	25	1.05	0.95				
	221	2	0.0	0.0	0.0	0.0	2	1.0260833843941874	3.227650797859362	230.0	27	1.05	0.95				
	222	2	0.0	0.0	0.0	0.0	2	1.0481767582176669	9.776266171488928	230.0	27	1.05	0.95				
	223	2	0.0	0.0	0.0	0.0	2	1.0258486154456963	3.388452517401925	230.0	25	1.05	0.95				
	224	1	0.0	0.0	0.0	0.0	2	1.007625333702316	-1.4176478440723121	230.0	26	1.05	0.95				
	301	2	42.72508701473684	8.703258465964913	0.0	0.0	3	1.0101510567274867	-13.523898184876412	138.0	31	1.05	0.95				
	302	2	38.37345778175438	7.912053150877194	0.0	0.0	3	1.0100355973833668	-13.669737858892814	138.0	32	1.05	0.95				
	303	1	71.20847835789473	14.637298329122808	0.0	0.0	3	1.0293084119759306	-7.0918677353194335	138.0	31	1.05	0.95				
	304	1	29.274596658245617	5.934039863157895	0.0	0.0	3	1.0122814507874829	-12.39119239467659	138.0	31	1.05	0.95				
	305	1	28.087788685614036	5.538437205614036	0.0	0.0	3	1.025168283159339	-13.366533607026906	138.0	31	1.05	0.95				
	306	1	53.80196142596492	11.076874411228072	0.0	-100.0	3	1.041920414318872	-13.762600300385593	138.0	32	1.05	0.95				
	307	2	49.45033219298246	9.890066438596492	0.0	0.0	3	0.9940986255530129	-17.845498797784703	138.0	32	1.05	0.95				
	308	1	67.64805444	13.846093014035088	0.0	0.0	3	1.0014607816558323	-16.093206822811545	138.0	32	1.05	0.95				
	309	1	69.23046507017544	14.241695671578947	0.0	0.0	3	1.0260774179786838	-9.721340236485128	138.0	33	1.05	0.95				
	310	1	77.14251822105263	15.824106301754387	0.0	0.0	3	1.05	-11.933496052341129	138.0	33	1.05	0.95				
	311	1	0.0	0.0	0.0	0.0	3	1.0048438539158058	-7.050499049820522	230.0	33	1.05	0.95				
	312	1	0.0	0.0	0.0	0.0	3	1.009987714512596	-6.462705639087276	230.0	33	1.05	0.95				
	313	2	104.83470424912281	21.36254350736842	0.0	0.0	3	1.0076745760218946	-3.7358565441165994	230.0	34	1.05	0.95				
	314	2	76.74691556350876	15.428503644210526	0.0	0.0	3	0.9986377123195619	-6.035887815221221	230.0	36	1.05	0.95				
	315	2	125.4060424414035	25.318570082807017	0.0	0.0	3	1.0212990862281732	-2.8177606533429227	230.0	36	1.05	0.95				
	316	2	39.560265754385966	7.912053150877194	0.0	0.0	3	1.0204695415136198	-2.224803519982184	230.0	36	1.05	0.95				
	317	1	0.0	0.0	0.0	0.0	3	1.0262769044044435	-0.854282566426637	230.0	37	1.05	0.95				
	318	2	131.73568496210527	26.90098071298246	0.0	0.0	3	1.0248575185373434	-1.223935656091417	230.0	37	1.05	0.95				
	319	1	71.60408101543861	14.637298329122808	0.0	0.0	3	1.01780008894088	-2.6374344343001206	230.0	35	1.05	0.95				
	320	1	50.637140165614035	10.285669096140351	0.0	0.0	3	1.0180126416711222	-2.2104755156750504	230.0	35	1.05	0.95				
	321	2	0.0	0.0	0.0	0.0	3	1.0258114777819904	-1.208228231415734	230.0	37	1.05	0.95				
	322	2	0.0	0.0	0.0	0.0	3	1.039394369773781	3.3265156961945395	230.0	37	1.05	0.95				
	323	2	0.0	0.0	0.0	0.0	3	1.0186510241245559	-1.6652825654135195	230.0	35	1.05	0.95				
	324	1	0.0	0.0	0.0	0.0	3	1.0176744561728732	-4.44967223822078	230.0	36	1.05	0.95				
	325	1	0.0	0.0	0.0	0.0	3	1.0175301375621477	-0.5632733441434625	230.0	35	1.05	0.95				
];
