%% MATPOWER Case Format : Version 2
function mpc = RTS_GMLC
mpc.version = '2';

%%-----  Power Flow Data  -----%%
%% system MVA base
mpc.baseMVA = 100.0;
%% bus data
%    bus_i    type    Pd    Qd    Gs    Bs    area    Vm    Va    baseKV    zone    Vmax    Vmin
mpc.bus = [
	101	2	44.88866897684211	9.14398812491228	0.0	0.0	1	1.0183651502778608	2.620184096271347	138.0	11	1.05	0.95				
	102	2	40.31667491438596	8.312716477192982	0.0	0.0	1	1.0172404218459916	2.308947111618908	138.0	12	1.05	0.95				
	103	1	74.81444829473685	15.378525482807017	0.0	0.0	1	1.02677706209723	2.489848615283169	138.0	11	1.05	0.95				
	104	1	30.757050965614035	6.234537357894737	0.0	0.0	1	1.014565786235823	-0.8985308231994935	138.0	11	1.05	0.95				
	105	1	29.51014349403509	5.8189015340350885	0.0	0.0	1	1.0280491219049086	-0.8163506353686955	138.0	11	1.05	0.95				
	106	1	56.52647204491229	11.637803068070177	0.0	-100.0	1	1.0417203465747678	-3.1922902861844724	138.0	12	1.05	0.95				
	107	2	51.95447798245614	10.390895596491228	0.0	0.0	1	0.9855126662424996	-11.149641834558972	138.0	12	1.05	0.95				
	108	1	71.07372588000001	14.54725383508772	0.0	0.0	1	0.9946580016542476	-8.686706316372765	138.0	12	1.05	0.95				
	109	1	72.73626917543861	14.962889658947368	0.0	0.0	1	1.025118627293942	-1.786588542417976	138.0	13	1.05	0.95				
	110	1	81.04898565263157	16.625432954385964	0.0	0.0	1	1.05	-2.9313908530216795	138.0	13	1.05	0.95				
	111	1	0.0	0.0	0.0	0.0	1	1.0164724623775963	0.48848064548597614	230.0	13	1.05	0.95				
	112	1	0.0	0.0	0.0	0.0	1	1.013652305183996	-0.5634441857654997	230.0	13	1.05	0.95				
	113	3	110.14349332280702	22.444334488421056	0.0	0.0	1	0.997676836200941	-4.954441494537146e-29	230.0	14	1.05	0.95				
	114	2	80.63334982877193	16.20979713052632	0.0	0.0	1	1.0382664620092434	3.7161323812314557	230.0	16	1.05	0.95				
	115	2	131.75655616350878	26.600692727017545	0.0	0.0	1	1.0405908425095205	12.712318485147435	230.0	16	1.05	0.95				
	116	2	41.563582385964914	8.312716477192982	0.0	0.0	1	1.0397508704648213	10.923538949561218	230.0	16	1.05	0.95				
	117	1	0.0	0.0	0.0	0.0	1	1.039154955910694	16.81794554995058	230.0	17	1.05	0.95				
	118	2	138.40672934526316	28.263236022456145	0.0	0.0	1	1.0477868734568545	17.352627861046614	230.0	17	1.05	0.95				
	119	1	75.2300841185965	15.378525482807017	0.0	0.0	1	1.034335381350856	6.69660729419759	230.0	15	1.05	0.95				
	120	1	53.20138545403509	10.806531420350877	0.0	0.0	1	1.036324497945195	3.811951977404581	230.0	15	1.05	0.95				
	121	2	0.0	0.0	0.0	0.0	1	1.041876774356873	18.904271026936456	230.0	17	1.05	0.95				
	122	2	0.0	0.0	0.0	0.0	1	1.05	36.876976584208094	230.0	17	1.05	0.95				
	123	2	0.0	0.0	0.0	0.0	1	1.0385228172594532	2.543005870837579	230.0	15	1.05	0.95				
	124	1	0.0	0.0	0.0	0.0	1	1.0226601244807976	8.89615071381578	230.0	16	1.05	0.95				
	201	2	47.97355581473685	9.772390999298246	0.0	0.0	2	1.0075335102643426	-18.084745608984456	138.0	21	1.05	0.95				
	202	2	43.087360315087714	8.88399181754386	0.0	0.0	2	1.0067828895985733	-18.397385114928685	138.0	22	1.05	0.95				
	203	1	79.95592635789474	16.43538486245614	0.0	0.0	2	1.0104240958260546	-13.084952989945222	138.0	21	1.05	0.95				
	204	1	32.87076972491228	6.662993863157894	0.0	0.0	2	1.008322387408714	-17.89121883560976	138.0	21	1.05	0.95				
	205	1	31.538170952280698	6.218794272280702	0.0	0.0	2	1.0232274627466074	-18.430917439606596	138.0	21	1.05	0.95				
	206	1	60.411144359298255	12.437588544561404	0.0	-100.0	2	1.0397035147785403	-19.17154543859786	138.0	22	1.05	0.95				
	207	2	55.524948859649115	11.104989771929825	0.0	0.0	2	0.9904529539803624	-24.48969184180172	138.0	22	1.05	0.95				
	208	1	75.95813004	15.546985680701752	0.0	0.0	2	0.9966658317575492	-22.47251321019505	138.0	22	1.05	0.95				
	209	1	77.73492840350877	15.991185271578946	0.0	0.0	2	1.0228290916227345	-15.63615232839293	138.0	23	1.05	0.95				
	210	1	86.61892022105263	17.76798363508772	0.0	0.0	2	1.05	-17.343105019582957	138.0	23	1.05	0.95				
	211	1	0.0	0.0	0.0	0.0	2	1.010591230167561	-12.319361896226896	230.0	23	1.05	0.95				
	212	1	0.0	0.0	0.0	0.0	2	1.0141507866475097	-11.404883683813782	230.0	23	1.05	0.95				
	213	2	117.71289158245612	23.986777907368424	0.0	0.0	2	1.0127327138266298	-10.724765175158073	230.0	24	1.05	0.95				
	214	2	86.17472063017543	17.323784044210527	0.0	0.0	2	1.0131476865577471	-9.48792922755822	230.0	26	1.05	0.95				
	215	2	140.81127030807016	28.42877381614035	0.0	0.0	2	1.0280054896374626	-2.5112352615149875	230.0	26	1.05	0.95				
	216	2	44.4199590877193	8.88399181754386	0.0	0.0	2	1.0320365414835446	-2.821529300829577	230.0	26	1.05	0.95				
	217	1	0.0	0.0	0.0	0.0	2	1.03572221573088	-1.036916916838783	230.0	27	1.05	0.95				
	218	2	147.91846376210526	30.205572179649128	0.0	0.0	2	1.0337572333870448	-1.605365229561078	230.0	27	1.05	0.95				
	219	1	80.40012594877193	16.43538486245614	0.0	0.0	2	1.037376800550676	-2.8449753757706455	230.0	25	1.05	0.95				
	220	1	56.8575476322807	11.549189362807018	0.0	0.0	2	1.0450034235786683	-2.0202626132991277	230.0	25	1.05	0.95				
	221	2	0.0	0.0	0.0	0.0	2	1.0345090969528734	-1.1047073525814344	230.0	27	1.05	0.95				
	222	2	0.0	0.0	0.0	0.0	2	1.05	5.419609290513197	230.0	27	1.05	0.95				
	223	2	0.0	0.0	0.0	0.0	2	1.0499999716278408	-1.2455128351904232	230.0	25	1.05	0.95				
	224	1	0.0	0.0	0.0	0.0	2	1.0083951029031184	-6.443714451301722	230.0	26	1.05	0.95				
	301	2	64.33533693473686	13.10534641263158	0.0	0.0	3	1.0365355319271294	-0.7102185091051977	138.0	31	1.05	0.95				
	302	2	57.782663728421056	11.913951284210528	0.0	0.0	3	1.0324783851378494	-1.0689116016833389	138.0	32	1.05	0.95				
	303	1	107.22556155789474	22.040809875789474	0.0	0.0	3	1.05	16.38932387841991	138.0	31	1.05	0.95				
	304	1	44.08161975157895	8.935463463157895	0.0	0.0	3	1.0088995600422743	0.9773191310946368	138.0	31	1.05	0.95				
	305	1	42.29452705894737	8.33976589894737	0.0	0.0	3	1.0298223363342462	-1.6722593836505404	138.0	31	1.05	0.95				
	306	1	81.01486873263158	16.67953179789474	0.0	-100.0	3	1.0317984773894437	-2.8946390384290663	138.0	32	1.05	0.95				
	307	2	74.46219552631578	14.892439105263158	0.0	0.0	3	0.95	-2.802923590290265	138.0	32	1.05	0.95				
	308	1	101.86428348000001	20.84941474736842	0.0	0.0	3	0.9639168431199113	-2.6746654824030323	138.0	32	1.05	0.95				
	309	1	104.2470737368421	21.44511231157895	0.0	0.0	3	1.0105985212190722	5.180881652546478	138.0	33	1.05	0.95				
	310	1	116.16102502105264	23.827902568421056	0.0	0.0	3	1.037555612995424	-0.7432315748622383	138.0	33	1.05	0.95				
	311	1	0.0	0.0	0.0	0.0	3	0.9972169097981851	4.454419198210114	230.0	33	1.05	0.95				
	312	1	0.0	0.0	0.0	0.0	3	1.0006394633295708	5.109784552935196	230.0	33	1.05	0.95				
	313	2	157.85985451578946	32.16766846736843	0.0	0.0	3	0.9968187011061995	6.940142933724894	230.0	34	1.05	0.95				
	314	2	115.56532745684211	23.232205004210527	0.0	0.0	3	0.9961495637485489	4.631019208547753	230.0	36	1.05	0.95				
	315	2	188.83612785473684	38.124644109473685	0.0	0.0	3	1.05	8.754478854231847	230.0	36	1.05	0.95				
	316	2	59.56975642105263	11.913951284210528	0.0	0.0	3	1.0410145996561804	8.455979126373387	230.0	36	1.05	0.95				
	317	1	0.0	0.0	0.0	0.0	3	1.05	13.044740880330101	230.0	37	1.05	0.95				
	318	2	198.36728888210527	40.50743436631579	0.0	0.0	3	1.044157789937783	10.22812028314704	230.0	37	1.05	0.95				
	319	1	107.82125912210527	22.040809875789474	0.0	0.0	3	1.0247289369489587	7.4335215200491955	230.0	35	1.05	0.95				
	320	1	76.24928821894737	15.488136669473684	0.0	0.0	3	1.0155470722926934	7.691055611064892	230.0	35	1.05	0.95				
	321	2	0.0	0.0	0.0	0.0	3	1.045842617282168	10.388973412742503	230.0	37	1.05	0.95				
	322	2	0.0	0.0	0.0	0.0	3	1.05	15.774243958304107	230.0	37	1.05	0.95				
	323	2	0.0	0.0	0.0	0.0	3	1.0119446580010023	8.303691132534913	230.0	35	1.05	0.95				
	324	1	0.0	0.0	0.0	0.0	3	1.0473034907882761	11.674743380442361	230.0	36	1.05	0.95				
	325	1	0.0	0.0	0.0	0.0	3	1.012120874711433	9.220104895268795	230.0	35	1.05	0.95				
];
