%% MATPOWER Case Format : Version 2
function mpc = RTS_GMLC
mpc.version = '2';

%%-----  Power Flow Data  -----%%
%% system MVA base
mpc.baseMVA = 100.0;
%% bus data
%    bus_i    type    Pd    Qd    Gs    Bs    area    Vm    Va    baseKV    zone    Vmax    Vmin
mpc.bus = [
	101	2	55.68332509894738	11.342899557192982	0.0	0.0	1	1.0459018897577737	3.4526328847151047	138.0	11	1.05	0.95				
	102	2	50.01187532035088	10.31172687017544	0.0	0.0	1	1.0447679912904864	3.0932625973763788	138.0	12	1.05	0.95				
	103	1	92.80554183157895	19.07669470982456	0.0	0.0	1	1.0309041590103436	1.5399445354595416	138.0	11	1.05	0.95				
	104	1	38.15338941964912	7.73379515263158	0.0	0.0	1	1.0266426038932177	-0.6319486205471122	138.0	11	1.05	0.95				
	105	1	36.606630389122806	7.2182088091228085	0.0	0.0	1	1.039974660123316	-0.8484399627995358	138.0	11	1.05	0.95				
	106	1	70.11974271719299	14.436417618245617	0.0	-100.0	1	1.044871545057497	-3.8213069234071013	138.0	12	1.05	0.95				
	107	2	64.4482929385965	12.8896585877193	0.0	0.0	1	0.9977175031579953	-12.232937366698849	138.0	12	1.05	0.95				
	108	1	88.16526474	18.045522022807017	0.0	0.0	1	0.9984239328140242	-9.951366478555125	138.0	12	1.05	0.95				
	109	1	90.2276101140351	18.56110836631579	0.0	0.0	1	1.0246373263899728	-2.528719483798189	138.0	13	1.05	0.95				
	110	1	100.53933698421054	20.62345374035088	0.0	0.0	1	1.05	-3.6493955079628635	138.0	13	1.05	0.95				
	111	1	0.0	0.0	0.0	0.0	1	1.0084225414558348	-0.33621923583417185	230.0	13	1.05	0.95				
	112	1	0.0	0.0	0.0	0.0	1	1.0115843409803953	-0.9721272719019354	230.0	13	1.05	0.95				
	113	3	136.63038102982458	27.84166254947369	0.0	0.0	1	1.0021502955966644	-1.3683003719837596e-30	230.0	14	1.05	0.95				
	114	2	100.02375064070176	20.107867396842106	0.0	0.0	1	1.0106257637977787	2.2085658872523632	230.0	16	1.05	0.95				
	115	2	163.4408708922807	32.997525984561406	0.0	0.0	1	1.0410633319436973	10.470697880152146	230.0	16	1.05	0.95				
	116	2	51.5586343508772	10.31172687017544	0.0	0.0	1	1.035206014970619	8.882979118010446	230.0	16	1.05	0.95				
	117	1	0.0	0.0	0.0	0.0	1	1.04114663631342	14.123285094969223	230.0	17	1.05	0.95				
	118	2	171.69025238842107	35.059871358596496	0.0	0.0	1	1.0499805602926349	14.772954244435937	230.0	17	1.05	0.95				
	119	1	93.32112817508774	19.07669470982456	0.0	0.0	1	1.0244074369039529	5.300922054621576	230.0	15	1.05	0.95				
	120	1	65.99505196912281	13.405244931228072	0.0	0.0	1	1.021357428255223	3.001085560146771	230.0	15	1.05	0.95				
	121	2	0.0	0.0	0.0	0.0	1	1.05	16.499257321302732	230.0	17	1.05	0.95				
	122	2	0.0	0.0	0.0	0.0	1	1.05	30.401815733600603	230.0	17	1.05	0.95				
	123	2	0.0	0.0	0.0	0.0	1	1.020960688007012	2.130126600991765	230.0	15	1.05	0.95				
	124	1	0.0	0.0	0.0	0.0	1	1.0260080727617469	7.126777715739695	230.0	16	1.05	0.95				
	201	2	48.874547444210535	9.95592633122807	0.0	0.0	2	1.0106807342088302	-16.706932424255346	138.0	21	1.05	0.95				
	202	2	43.89658427859649	9.050842119298247	0.0	0.0	2	1.009772787922102	-17.00325608157753	138.0	22	1.05	0.95				
	203	1	81.45757907368423	16.744057920701756	0.0	0.0	2	1.0146717362677564	-12.126864091489317	138.0	21	1.05	0.95				
	204	1	33.48811584140351	6.788131589473685	0.0	0.0	2	1.0099713915845872	-16.40673984025473	138.0	21	1.05	0.95				
	205	1	32.13048952350878	6.335589483508773	0.0	0.0	2	1.0246983530960723	-16.9169965663362	138.0	21	1.05	0.95				
	206	1	61.54572641122809	12.671178967017546	0.0	-100.0	2	1.0402033985704247	-17.587759857034367	138.0	22	1.05	0.95				
	207	2	56.567763245614046	11.313552649122808	0.0	0.0	2	0.9921356997154125	-23.02880057731655	138.0	22	1.05	0.95				
	208	1	77.38470012	15.838973708771931	0.0	0.0	2	0.9974907833373685	-20.964083127949927	138.0	22	1.05	0.95				
	209	1	79.19486854385967	16.291515814736844	0.0	0.0	2	1.023730300336155	-14.04855707704606	138.0	23	1.05	0.95				
	210	1	88.24571066315791	18.101684238596494	0.0	0.0	2	1.05	-15.669927170064131	138.0	23	1.05	0.95				
	211	1	0.0	0.0	0.0	0.0	2	1.0104798517088969	-10.533568910932487	230.0	23	1.05	0.95				
	212	1	0.0	0.0	0.0	0.0	2	1.0117360571324667	-9.427431029050402	230.0	23	1.05	0.95				
	213	2	119.92365808070178	24.437273722105267	0.0	0.0	2	1.0110183136114632	-8.677188708034487	230.0	24	1.05	0.95				
	214	2	87.79316855719298	17.64914213263158	0.0	0.0	2	1.0144287233694094	-7.773145504683409	230.0	26	1.05	0.95				
	215	2	143.45584759087723	28.96269478175439	0.0	0.0	2	1.0293059227386503	-0.8425988554055966	230.0	26	1.05	0.95				
	216	2	45.254210596491234	9.050842119298247	0.0	0.0	2	1.0312221411836784	-1.1279727681230542	230.0	26	1.05	0.95				
	217	1	0.0	0.0	0.0	0.0	2	1.0329364843387003	0.23502865169070672	230.0	27	1.05	0.95				
	218	2	150.6965212863158	30.772863205614044	0.0	0.0	2	1.0318988272809433	-0.24980873326407216	230.0	27	1.05	0.95				
	219	1	81.91012117964914	16.744057920701756	0.0	0.0	2	1.0344082452178827	-0.7322638469697331	230.0	25	1.05	0.95				
	220	1	57.92538956350878	11.766094755087721	0.0	0.0	2	1.0403890100520665	0.4746657093535737	230.0	25	1.05	0.95				
	221	2	0.0	0.0	0.0	0.0	2	1.0338547797649387	0.3502237120853519	230.0	27	1.05	0.95				
	222	2	0.0	0.0	0.0	0.0	2	1.05	6.801064266215345	230.0	27	1.05	0.95				
	223	2	0.0	0.0	0.0	0.0	2	1.044703492777328	1.4683857027093297	230.0	25	1.05	0.95				
	224	1	0.0	0.0	0.0	0.0	2	1.0098888943565143	-5.053137140528842	230.0	26	1.05	0.95				
	301	2	57.89496994105264	11.793419802807017	0.0	0.0	3	1.0092820658966708	3.845595842442098	138.0	31	1.05	0.95				
	302	2	51.998260039649125	10.721290729824561	0.0	0.0	3	1.00819802317454	3.6263080447800693	138.0	32	1.05	0.95				
	303	1	96.49161656842105	19.83438785017544	0.0	0.0	3	1.0437474835259668	13.5567549456257	138.0	31	1.05	0.95				
	304	1	39.66877570035088	8.040968047368422	0.0	0.0	3	1.0097421071760087	5.347424665616721	138.0	31	1.05	0.95				
	305	1	38.06058209087719	7.5049035108771935	0.0	0.0	3	1.0226943098878336	3.901232261382222	138.0	31	1.05	0.95				
	306	1	72.90477696280703	15.009807021754387	0.0	-100.0	3	1.0373655258047763	3.3249451810981223	138.0	32	1.05	0.95				
	307	2	67.00806706140351	13.401613412280703	0.0	0.0	3	0.990972764307061	-1.791109895016075	138.0	32	1.05	0.95				
	308	1	91.66703574	18.762258777192983	0.0	0.0	3	0.9961034428853133	0.6820152770041795	138.0	32	1.05	0.95				
	309	1	93.81129388596491	19.29832331368421	0.0	0.0	3	1.0290213430492492	8.93267641017318	138.0	33	1.05	0.95				
	310	1	104.53258461578947	21.442581459649123	0.0	0.0	3	1.05	5.680264135107719	138.0	33	1.05	0.95				
	311	1	0.0	0.0	0.0	0.0	3	1.0117179389388133	11.118619785857403	230.0	33	1.05	0.95				
	312	1	0.0	0.0	0.0	0.0	3	1.0156964698386342	11.545485516537338	230.0	33	1.05	0.95				
	313	2	142.05710217017545	28.94748497052632	0.0	0.0	3	1.0148964264947622	14.763714120743979	230.0	34	1.05	0.95				
	314	2	103.99652007929825	20.9065169231579	0.0	0.0	3	1.011265595705152	11.827233552363321	230.0	36	1.05	0.95				
	315	2	169.9324580677193	34.3081303354386	0.0	0.0	3	1.0410225799545523	12.433989932158479	230.0	36	1.05	0.95				
	316	2	53.60645364912281	10.721290729824561	0.0	0.0	3	1.037257769187286	12.761029834365912	230.0	36	1.05	0.95				
	317	1	0.0	0.0	0.0	0.0	3	1.05	15.455043578559831	230.0	37	1.05	0.95				
	318	2	178.50949065157894	36.45238848140352	0.0	0.0	3	1.0480045712435944	13.022044645261012	230.0	37	1.05	0.95				
	319	1	97.02768110491229	19.83438785017544	0.0	0.0	3	1.0310926088848669	13.053718753480661	230.0	35	1.05	0.95				
	320	1	68.6162606708772	13.937677948771931	0.0	0.0	3	1.0272903226708794	13.266485680389275	230.0	35	1.05	0.95				
	321	2	0.0	0.0	0.0	0.0	3	1.0463077905607046	13.453221750482586	230.0	37	1.05	0.95				
	322	2	0.0	0.0	0.0	0.0	3	1.05	18.58189619312601	230.0	37	1.05	0.95				
	323	2	0.0	0.0	0.0	0.0	3	1.0256106954408994	13.525412403168264	230.0	35	1.05	0.95				
	324	1	0.0	0.0	0.0	0.0	3	1.0401560129139744	14.021309321624578	230.0	36	1.05	0.95				
	325	1	0.0	0.0	0.0	0.0	3	1.0278911753041102	13.79184270865846	230.0	35	1.05	0.95				
];
