%% MATPOWER Case Format : Version 2
function mpc = RTS_GMLC
mpc.version = '2';

%%-----  Power Flow Data  -----%%
%% system MVA base
mpc.baseMVA = 100.0;
%% bus data
%    bus_i    type    Pd    Qd    Gs    Bs    area    Vm    Va    baseKV    zone    Vmax    Vmin
mpc.bus = [
	101	2	46.05096486315791	9.380752101754387	0.0	0.0	1	1.0189837146425487	2.8649384193038996	138.0	11	1.05	0.95				
	102	2	41.36058881228071	8.527956456140352	0.0	0.0	1	1.0177920087733316	2.5714019746326993	138.0	12	1.05	0.95				
	103	1	76.75160810526317	15.776719443859651	0.0	0.0	1	1.0296619129271918	2.2340059032799973	138.0	11	1.05	0.95				
	104	1	31.553438887719302	6.395967342105263	0.0	0.0	1	1.0152410948233488	-0.5403726995719473	138.0	11	1.05	0.95				
	105	1	30.274245419298246	5.969569519298247	0.0	0.0	1	1.0283529093355575	-0.420856349194465	138.0	11	1.05	0.95				
	106	1	57.990103901754395	11.939139038596494	0.0	-100.0	1	1.0416681042376248	-2.720819308769836	138.0	12	1.05	0.95				
	107	2	53.2997278508772	10.65994557017544	0.0	0.0	1	0.9867438272783275	-9.296773523290708	138.0	12	1.05	0.95				
	108	1	72.9140277	14.923923798245614	0.0	0.0	1	0.9960942417355165	-7.445139531760047	138.0	12	1.05	0.95				
	109	1	74.61961899122808	15.350321621052634	0.0	0.0	1	1.0261534852099905	-1.309246792477618	138.0	13	1.05	0.95				
	110	1	83.14757544736842	17.055912912280704	0.0	0.0	1	1.05	-2.353068302791363	138.0	13	1.05	0.95				
	111	1	0.0	0.0	0.0	0.0	1	1.0153844913200336	0.6896763379459493	230.0	13	1.05	0.95				
	112	1	0.0	0.0	0.0	0.0	1	1.013659520717034	0.4747856352422147	230.0	13	1.05	0.95				
	113	3	112.99542304385966	23.025482431578954	0.0	0.0	1	0.9956898265751489	3.135914448136871e-29	230.0	14	1.05	0.95				
	114	2	82.72117762456142	16.62951508947369	0.0	0.0	1	1.035419364702784	3.783954260328273	230.0	16	1.05	0.95				
	115	2	135.16810982982457	27.28946065964913	0.0	0.0	1	1.0473121755271022	11.438755397710715	230.0	16	1.05	0.95				
	116	2	42.63978228070176	8.527956456140352	0.0	0.0	1	1.0485401364184728	10.743729860013088	230.0	16	1.05	0.95				
	117	1	0.0	0.0	0.0	0.0	1	1.045196844357527	14.84900510937976	230.0	17	1.05	0.95				
	118	2	141.99047499473687	28.995051950877198	0.0	0.0	1	1.05	14.631519111775319	230.0	17	1.05	0.95				
	119	1	77.17800592807019	15.776719443859651	0.0	0.0	1	1.0458977156948788	8.357792199930655	230.0	15	1.05	0.95				
	120	1	54.57892131929826	11.086343392982458	0.0	0.0	1	1.047465925217395	7.08445233996355	230.0	15	1.05	0.95				
	121	2	0.0	0.0	0.0	0.0	1	1.040761448805386	15.505174749253644	230.0	17	1.05	0.95				
	122	2	0.0	0.0	0.0	0.0	1	1.05	33.48692181867055	230.0	17	1.05	0.95				
	123	2	0.0	0.0	0.0	0.0	1	1.0488119421987934	6.700039037415757	230.0	15	1.05	0.95				
	124	1	0.0	0.0	0.0	0.0	1	1.0290705871135792	8.018015497498459	230.0	16	1.05	0.95				
	201	2	50.23453486736843	10.232960806315791	0.0	0.0	2	1.0233019251704862	-11.262962155845905	138.0	21	1.05	0.95				
	202	2	45.11805446421053	9.302691642105266	0.0	0.0	2	1.0243651636335334	-11.090180204203424	138.0	22	1.05	0.95				
	203	1	83.72422477894737	17.20997953789474	0.0	0.0	2	1.0143474221490403	-9.596784263685441	138.0	21	1.05	0.95				
	204	1	34.41995907578948	6.977018731578948	0.0	0.0	2	1.015966895059531	-12.739667398537968	138.0	21	1.05	0.95				
	205	1	33.024555329473685	6.511884149473686	0.0	0.0	2	1.0308747820496298	-13.09958918919474	138.0	21	1.05	0.95				
	206	1	63.2583031663158	13.023768298947372	0.0	-100.0	2	1.0429483327081208	-14.541524779729036	138.0	22	1.05	0.95				
	207	2	58.141822763157904	11.62836455263158	0.0	0.0	2	0.9894251565760699	-21.23702252731529	138.0	22	1.05	0.95				
	208	1	79.53801354000001	16.27971037368421	0.0	0.0	2	0.9951284625777184	-19.106428551710408	138.0	22	1.05	0.95				
	209	1	81.39855186842107	16.744844955789475	0.0	0.0	2	1.0225063147745377	-12.174605472022435	138.0	23	1.05	0.95				
	210	1	90.70124351052633	18.605383284210532	0.0	0.0	2	1.05	-13.46516066765112	138.0	23	1.05	0.95				
	211	1	0.0	0.0	0.0	0.0	2	1.008892964616035	-9.292423230561544	230.0	23	1.05	0.95				
	212	1	0.0	0.0	0.0	0.0	2	1.0109396439565137	-8.739133350385769	230.0	23	1.05	0.95				
	213	2	123.26066425789475	25.117267433684216	0.0	0.0	2	1.0039584665048717	-8.32215450610624	230.0	24	1.05	0.95				
	214	2	90.23610892842106	18.140248702105268	0.0	0.0	2	1.0138445345016929	-6.543111576093045	230.0	26	1.05	0.95				
	215	2	147.44766252736844	29.76861325473685	0.0	0.0	2	1.0308753575789589	0.4596730836301661	230.0	26	1.05	0.95				
	216	2	46.51345821052632	9.302691642105266	0.0	0.0	2	1.0344027139841176	0.1336926693702168	230.0	26	1.05	0.95				
	217	1	0.0	0.0	0.0	0.0	2	1.0405876534609464	2.9094815117679387	230.0	27	1.05	0.95				
	218	2	154.88981584105267	31.6291515831579	0.0	0.0	2	1.0402192195892417	2.8304448557494686	230.0	27	1.05	0.95				
	219	1	84.18935936105264	17.20997953789474	0.0	0.0	2	1.03364125709577	-0.7379898023165692	230.0	25	1.05	0.95				
	220	1	59.5372265094737	12.093499134736843	0.0	0.0	2	1.0363035570533616	-0.6012037568035786	230.0	25	1.05	0.95				
	221	2	0.0	0.0	0.0	0.0	2	1.039327539002895	2.821904398911319	230.0	27	1.05	0.95				
	222	2	0.0	0.0	0.0	0.0	2	1.05	9.358952143189292	230.0	27	1.05	0.95				
	223	2	0.0	0.0	0.0	0.0	2	1.0384900756533417	-0.17704345042951689	230.0	25	1.05	0.95				
	224	1	0.0	0.0	0.0	0.0	2	1.0122480537476533	-3.283362477326939	230.0	26	1.05	0.95				
	301	2	65.06991458526315	13.254982600701753	0.0	0.0	3	1.010240723784989	-32.73101210279821	138.0	31	1.05	0.95				
	302	2	58.44242328491227	12.04998418245614	0.0	0.0	3	1.009627665744684	-32.88404780441294	138.0	32	1.05	0.95				
	303	1	108.44985764210526	22.29247073754386	0.0	0.0	3	1.019494784574544	-24.782150637092073	138.0	31	1.05	0.95				
	304	1	44.58494147508772	9.037488136842105	0.0	0.0	3	1.0073507069930936	-30.738497389271238	138.0	31	1.05	0.95				
	305	1	42.77744384771929	8.4349889277193	0.0	0.0	3	1.021788197299679	-31.817249022978373	138.0	31	1.05	0.95				
	306	1	81.93989244070175	16.8699778554386	0.0	-100.0	3	1.0356023664901772	-31.972330675669745	138.0	32	1.05	0.95				
	307	2	75.31240114035087	15.062480228070175	0.0	0.0	3	0.9930223328267852	-38.96881328664461	138.0	32	1.05	0.95				
	308	1	103.02736475999998	21.087472319298243	0.0	0.0	3	0.9918177981143216	-36.07371634224311	138.0	32	1.05	0.95				
	309	1	105.43736159649121	21.68997152842105	0.0	0.0	3	1.0268641163005894	-26.527511885043126	138.0	33	1.05	0.95				
	310	1	117.48734577894734	24.09996836491228	0.0	0.0	3	1.05	-28.970061302123064	138.0	33	1.05	0.95				
	311	1	0.0	0.0	0.0	0.0	3	1.0216104228296496	-20.974824365111076	230.0	33	1.05	0.95				
	312	1	0.0	0.0	0.0	0.0	3	1.0176588088455	-20.369587010058527	230.0	33	1.05	0.95				
	313	2	159.66229041754386	32.534957292631574	0.0	0.0	3	1.0312204726018037	-17.154064613813418	230.0	34	1.05	0.95				
	314	2	116.88484656982455	23.49746915578947	0.0	0.0	3	1.0379674870895963	-17.686000008240367	230.0	36	1.05	0.95				
	315	2	190.9922492919298	38.559949383859646	0.0	0.0	3	1.0479848764826387	-10.484390349809686	230.0	36	1.05	0.95				
	316	2	60.2499209122807	12.04998418245614	0.0	0.0	3	1.0481688579841928	-9.361767969405431	230.0	36	1.05	0.95				
	317	1	0.0	0.0	0.0	0.0	3	1.05	-4.725109150819312	230.0	37	1.05	0.95				
	318	2	200.63223663789472	40.96994622035088	0.0	0.0	3	1.0428048860572288	-6.245308788310038	230.0	37	1.05	0.95				
	319	1	109.05235685122807	22.29247073754386	0.0	0.0	3	1.0451153450037396	-10.651300935736824	230.0	35	1.05	0.95				
	320	1	77.11989876771929	15.664979437192983	0.0	0.0	3	1.0474299140293446	-10.64550304241344	230.0	35	1.05	0.95				
	321	2	0.0	0.0	0.0	0.0	3	1.0465156782204543	-7.076970460657519	230.0	37	1.05	0.95				
	322	2	0.0	0.0	0.0	0.0	3	1.05	-1.8103472369904063	230.0	37	1.05	0.95				
	323	2	0.0	0.0	0.0	0.0	3	1.05	-10.202334910402497	230.0	35	1.05	0.95				
	324	1	0.0	0.0	0.0	0.0	3	1.018923044735717	-15.758195499766622	230.0	36	1.05	0.95				
	325	1	0.0	0.0	0.0	0.0	3	1.0378262992853031	-8.170116466593807	230.0	35	1.05	0.95				
];
