%% MATPOWER Case Format : Version 2
function mpc = RTS_GMLC
mpc.version = '2';

%%-----  Power Flow Data  -----%%
%% system MVA base
mpc.baseMVA = 100.0;
%% bus data
%    bus_i    type    Pd    Qd    Gs    Bs    area    Vm    Va    baseKV    zone    Vmax    Vmin
mpc.bus = [
	101	2	42.871350808421056	8.73305294245614	0.0	0.0	1	1.0131661018414255	-3.908043248061979	138.0	11	1.05	0.95				
	102	2	38.504824337192986	7.939139038596492	0.0	0.0	1	1.013000695120776	-4.134156371704676	138.0	12	1.05	0.95				
	103	1	71.45225134736842	14.68740722140351	0.0	0.0	1	1.00311202209058	0.5669636820593357	138.0	11	1.05	0.95				
	104	1	29.37481444280702	5.954354278947368	0.0	0.0	1	1.003586775793425	-4.084770638520787	138.0	11	1.05	0.95				
	105	1	28.18394358701754	5.5573973270175445	0.0	0.0	1	1.0171510896485665	-5.166788928892046	138.0	11	1.05	0.95				
	106	1	53.98614546245615	11.114794654035089	0.0	-100.0	1	1.0272730599414335	-6.354894472278258	138.0	12	1.05	0.95				
	107	2	49.61961899122807	9.923923798245614	0.0	0.0	1	0.9856563496262755	-10.128509757752246	138.0	12	1.05	0.95				
	108	1	67.87963878	13.893493317543859	0.0	0.0	1	0.987808011788354	-8.915393443993876	138.0	12	1.05	0.95				
	109	1	69.4674665877193	14.290450269473684	0.0	0.0	1	1.0024741671897155	-3.302139245820359	138.0	13	1.05	0.95				
	110	1	77.40660562631578	15.878278077192984	0.0	0.0	1	1.030555449265819	-5.132879381851871	138.0	13	1.05	0.95				
	111	1	0.0	0.0	0.0	0.0	1	0.9815431632874099	-0.7815942902115868	230.0	13	1.05	0.95				
	112	1	0.0	0.0	0.0	0.0	1	0.9827276127478204	-1.4913185695489426	230.0	13	1.05	0.95				
	113	3	105.1935922614035	21.435675404210528	0.0	0.0	1	0.9633140259132763	4.505809657897812e-27	230.0	14	1.05	0.95				
	114	2	77.00964867438597	15.48132112526316	0.0	0.0	1	0.9898790363207982	2.1224071907020163	230.0	16	1.05	0.95				
	115	2	125.83535376175439	25.405244923508775	0.0	0.0	1	0.9918723102821798	10.280347176807688	230.0	16	1.05	0.95				
	116	2	39.695695192982456	7.939139038596492	0.0	0.0	1	0.990374157967939	8.950768562694405	230.0	16	1.05	0.95				
	117	1	0.0	0.0	0.0	0.0	1	0.9931147770715304	14.259087051994165	230.0	17	1.05	0.95				
	118	2	132.1866649926316	26.993072731228075	0.0	0.0	1	1.000752590976258	14.635626329339395	230.0	17	1.05	0.95				
	119	1	71.84920829929825	14.68740722140351	0.0	0.0	1	0.9901774414554065	5.6704912045667495	230.0	15	1.05	0.95				
	120	1	50.81048984701755	10.320880750175439	0.0	0.0	1	0.9942554554491266	3.2022537128102417	230.0	15	1.05	0.95				
	121	2	0.0	0.0	0.0	0.0	1	1.0017852718890408	15.717922756406214	230.0	17	1.05	0.95				
	122	2	0.0	0.0	0.0	0.0	1	1.008406746483293	32.91739221005419	230.0	17	1.05	0.95				
	123	2	0.0	0.0	0.0	0.0	1	0.9974025076441336	2.176299276835538	230.0	15	1.05	0.95				
	124	1	0.0	0.0	0.0	0.0	1	0.9844966799516632	6.56177824086961	230.0	16	1.05	0.95				
	201	2	42.601605536842115	8.678104831578947	0.0	0.0	2	1.0107990570232843	-11.247562519436718	138.0	21	1.05	0.95				
	202	2	38.26255312105263	7.889186210526317	0.0	0.0	2	1.009674238536722	-11.438976032683424	138.0	22	1.05	0.95				
	203	1	71.00267589473685	14.594994489473686	0.0	0.0	2	0.997218787727976	-8.568277584225738	138.0	21	1.05	0.95				
	204	1	29.189988978947373	5.916889657894737	0.0	0.0	2	1.0014077916274322	-10.597236040832417	138.0	21	1.05	0.95				
	205	1	28.006611047368423	5.522430347368422	0.0	0.0	2	1.0176078959152075	-10.943163327745888	138.0	21	1.05	0.95				
	206	1	53.64646623157896	11.044860694736844	0.0	-100.0	2	1.0294878695105536	-11.27530409382856	138.0	22	1.05	0.95				
	207	2	49.30741381578948	9.861482763157897	0.0	0.0	2	0.9714190007211059	-15.993046103813988	138.0	22	1.05	0.95				
	208	1	67.4525421	13.806075868421052	0.0	0.0	2	0.9805907242963352	-14.19229415296925	138.0	22	1.05	0.95				
	209	1	69.03037934210528	14.200535178947367	0.0	0.0	2	1.0063764174908114	-8.222336894341069	138.0	23	1.05	0.95				
	210	1	76.91956555263158	15.778372421052634	0.0	0.0	2	1.0340993100803186	-9.33242618582285	138.0	23	1.05	0.95				
	211	1	0.0	0.0	0.0	0.0	2	0.9865585163521627	-5.9351270705683445	230.0	23	1.05	0.95				
	212	1	0.0	0.0	0.0	0.0	2	0.9896500709367673	-1.6650775395481678	230.0	23	1.05	0.95				
	213	2	104.5317172894737	21.300802768421057	0.0	0.0	2	0.9827966467684928	-3.6932920863659344	230.0	24	1.05	0.95				
	214	2	76.52510624210527	15.383913110526318	0.0	0.0	2	0.98157441032637	-4.905972470367799	230.0	26	1.05	0.95				
	215	2	125.04360143684212	25.245395873684213	0.0	0.0	2	0.9906063905444651	-0.3982065170537198	230.0	26	1.05	0.95				
	216	2	39.445931052631586	7.889186210526317	0.0	0.0	2	0.9888125664891525	-0.855633138423238	230.0	26	1.05	0.95				
	217	1	0.0	0.0	0.0	0.0	2	0.9988951123913558	0.3283629788089499	230.0	27	1.05	0.95				
	218	2	131.35495040526317	26.82323311578948	0.0	0.0	2	0.9996118416524961	-0.12119842186732062	230.0	27	1.05	0.95				
	219	1	71.39713520526317	14.594994489473686	0.0	0.0	2	0.9836539019328346	-0.432098312357171	230.0	25	1.05	0.95				
	220	1	50.49079174736843	10.255942073684212	0.0	0.0	2	0.9820469668740407	0.7779007204112995	230.0	25	1.05	0.95				
	221	2	0.0	0.0	0.0	0.0	2	1.0018781599949056	0.44644538672300643	230.0	27	1.05	0.95				
	222	2	0.0	0.0	0.0	0.0	2	1.0198269049517366	5.856584181744026	230.0	27	1.05	0.95				
	223	2	0.0	0.0	0.0	0.0	2	0.9820865525432158	1.777788933159366	230.0	25	1.05	0.95				
	224	1	0.0	0.0	0.0	0.0	2	0.9831846528642687	-3.5120231478674175	230.0	26	1.05	0.95				
	301	2	61.82410630736842	12.593799432982456	0.0	0.0	3	1.0036116504692691	10.169935190237833	138.0	31	1.05	0.95				
	302	2	55.527206590877185	11.448908575438598	0.0	0.0	3	1.0038686425899432	10.077859951088609	138.0	32	1.05	0.95				
	303	1	103.04017717894737	21.180480864561403	0.0	0.0	3	0.9959061601265244	15.94825212928416	138.0	31	1.05	0.95				
	304	1	42.360961729122806	8.586681431578947	0.0	0.0	3	0.9948902452958797	12.423116280730756	138.0	31	1.05	0.95				
	305	1	40.64362544280702	8.014236002807017	0.0	0.0	3	1.0102095526076034	11.580991883075473	138.0	31	1.05	0.95				
	306	1	77.85257831298247	16.028472005614034	0.0	-100.0	3	1.021862478034202	11.721490043312564	138.0	32	1.05	0.95				
	307	2	71.55567859649123	14.311135719298246	0.0	0.0	3	0.9677090599834779	8.003045160204532	138.0	32	1.05	0.95				
	308	1	97.88816832	20.035590007017543	0.0	0.0	3	0.9788240202707938	10.671562117913176	138.0	32	1.05	0.95				
	309	1	100.17795003508772	20.608035435789475	0.0	0.0	3	1.0083842753222994	16.769453388412554	138.0	33	1.05	0.95				
	310	1	111.62685861052633	22.897817150877195	0.0	0.0	3	1.033293139467685	14.893812528788246	138.0	33	1.05	0.95				
	311	1	0.0	0.0	0.0	0.0	3	0.991031415949917	21.217547233191148	230.0	33	1.05	0.95				
	312	1	0.0	0.0	0.0	0.0	3	0.9978294983037658	21.55023674704017	230.0	33	1.05	0.95				
	313	2	151.6980386245614	30.91205315368421	0.0	0.0	3	1.002884036489376	26.159985445714135	230.0	34	1.05	0.95				
	314	2	111.05441318175437	22.325371722105263	0.0	0.0	3	0.9866777470957905	22.343987893116974	230.0	36	1.05	0.95				
	315	2	181.46520092070176	36.63650744140351	0.0	0.0	3	0.9862142201467344	21.398017562493344	230.0	36	1.05	0.95				
	316	2	57.244542877192984	11.448908575438598	0.0	0.0	3	0.9795991758392727	22.622479090390293	230.0	36	1.05	0.95				
	317	1	0.0	0.0	0.0	0.0	3	0.9948374179030768	26.051392744356512	230.0	37	1.05	0.95				
	318	2	190.6243277810526	38.92628915649124	0.0	0.0	3	0.9888464873622036	22.14759643871346	230.0	37	1.05	0.95				
	319	1	103.6126226077193	21.180480864561403	0.0	0.0	3	0.9900306232577395	22.771836218432664	230.0	35	1.05	0.95				
	320	1	73.27301488280702	14.883581148070176	0.0	0.0	3	1.0004733726729091	22.532755063804228	230.0	35	1.05	0.95				
	321	2	0.0	0.0	0.0	0.0	3	0.9952950102902725	22.458914813640508	230.0	37	1.05	0.95				
	322	2	0.0	0.0	0.0	0.0	3	1.0130912866059412	27.22662915716709	230.0	37	1.05	0.95				
	323	2	0.0	0.0	0.0	0.0	3	1.0060026873276302	22.216718608357418	230.0	35	1.05	0.95				
	324	1	0.0	0.0	0.0	0.0	3	0.9848222290852645	21.061651767365287	230.0	36	1.05	0.95				
