%% MATPOWER Case Format : Version 2
function mpc = RTS_GMLC
mpc.version = '2';

%%-----  Power Flow Data  -----%%
%% system MVA base
mpc.baseMVA = 100.0;
%% bus data
%    bus_i    type    Pd    Qd    Gs    Bs    area    Vm    Va    baseKV    zone    Vmax    Vmin
mpc.bus = [
	101	2	40.96091042526316	8.343889160701755	0.0	0.0	1	0.9839875608713278	-6.2061400644628435	138.0	11	1.05	0.95				
	102	2	36.78896584491228	7.58535378245614	0.0	0.0	1	0.9839353832411956	-6.394414252769273	138.0	12	1.05	0.95				
	103	1	68.26818404210526	14.032904497543857	0.0	0.0	1	1.0172461541785398	1.0388490878479877	138.0	11	1.05	0.95				
	104	1	28.065808995087714	5.689015336842105	0.0	0.0	1	1.000444168098409	-5.5489573490667015	138.0	11	1.05	0.95				
	105	1	26.928005927719294	5.309747647719298	0.0	0.0	1	1.0120826902541316	-6.414748047689519	138.0	11	1.05	0.95				
	106	1	51.58040572070176	10.619495295438597	0.0	-100.0	1	1.0359761432317165	-7.0061550422356005	138.0	12	1.05	0.95				
	107	2	47.40846114035088	9.481692228070175	0.0	0.0	1	0.9911027541126849	-11.136051707929088	138.0	12	1.05	0.95				
	108	1	64.85477483999999	13.274369119298242	0.0	0.0	1	1.0001148920119967	-9.425600565516952	138.0	12	1.05	0.95				
	109	1	66.37184559649123	13.653636808421052	0.0	0.0	1	1.025105706548605	-3.292055601990264	138.0	13	1.05	0.95				
	110	1	73.95719937894737	15.17070756491228	0.0	0.0	1	1.05	-5.379355136462788	138.0	13	1.05	0.95				
	111	1	0.0	0.0	0.0	0.0	1	1.0202225539793803	0.11426269158308518	230.0	13	1.05	0.95				
	112	1	0.0	0.0	0.0	0.0	1	1.0161384255123547	-1.2458285302683376	230.0	13	1.05	0.95				
	113	3	100.50593761754385	20.48045521263158	0.0	0.0	1	1.0035882757918777	1.7935269599493995e-30	230.0	14	1.05	0.95				
	114	2	73.57793168982457	14.791439875789475	0.0	0.0	1	1.05	4.525449422864494	230.0	16	1.05	0.95				
	115	2	120.22785745192981	24.27313210385965	0.0	0.0	1	1.0399148564635796	15.429479794634567	230.0	16	1.05	0.95				
	116	2	37.9267689122807	7.58535378245614	0.0	0.0	1	1.041182415372445	13.272328665568148	230.0	16	1.05	0.95				
	117	1	0.0	0.0	0.0	0.0	1	1.0399461035781246	19.979835024582467	230.0	17	1.05	0.95				
	118	2	126.29614047789472	25.79020286035088	0.0	0.0	1	1.05	20.876424425063988	230.0	17	1.05	0.95				
	119	1	68.64745173122807	14.032904497543857	0.0	0.0	1	1.039324133382378	8.438496927991968	230.0	15	1.05	0.95				
	120	1	48.5462642077193	9.860959917192982	0.0	0.0	1	1.0453569833156382	4.979044832196969	230.0	15	1.05	0.95				
	121	2	0.0	0.0	0.0	0.0	1	1.0449969732672462	22.676650717658603	230.0	17	1.05	0.95				
	122	2	0.0	0.0	0.0	0.0	1	1.05	40.623018405761115	230.0	17	1.05	0.95				
	123	2	0.0	0.0	0.0	0.0	1	1.05	3.373399677364412	230.0	15	1.05	0.95				
	124	1	0.0	0.0	0.0	0.0	1	1.013011475220018	10.09424089507489	230.0	16	1.05	0.95				
	201	2	39.59263341473684	8.065166065964911	0.0	0.0	2	1.0126434760039615	-15.515970267753833	138.0	21	1.05	0.95				
	202	2	35.56005038175438	7.331969150877192	0.0	0.0	2	1.011517071476257	-15.799213783236684	138.0	22	1.05	0.95				
	203	1	65.98772235789473	13.564142929122806	0.0	0.0	2	1.0090916269161971	-11.538823599236421	138.0	21	1.05	0.95				
	204	1	27.12828585824561	5.498976863157894	0.0	0.0	2	1.004788237122974	-15.43993577742086	138.0	21	1.05	0.95				
	205	1	26.028490485614032	5.132378405614036	0.0	0.0	2	1.020422999896163	-15.874671761705617	138.0	21	1.05	0.95				
	206	1	49.857390225964906	10.264756811228072	0.0	-100.0	2	1.0328190127059458	-16.562462404978344	138.0	22	1.05	0.95				
	207	2	45.824807192982455	9.16496143859649	0.0	0.0	2	0.9924037869887918	-21.07246482413737	138.0	22	1.05	0.95				
	208	1	62.68833624	12.830946014035085	0.0	0.0	2	0.9951221161977583	-19.373318203038547	138.0	22	1.05	0.95				
	209	1	64.15473007017543	13.197544471578945	0.0	0.0	2	1.0095630852666275	-13.587480601817687	138.0	23	1.05	0.95				
	210	1	71.48669922105262	14.663938301754383	0.0	0.0	2	1.0367818224460854	-15.031618911111597	138.0	23	1.05	0.95				
	211	1	0.0	0.0	0.0	0.0	2	0.9919993567106201	-10.79390646128923	230.0	23	1.05	0.95				
	212	1	0.0	0.0	0.0	0.0	2	0.982118019035589	-10.072230131765295	230.0	23	1.05	0.95				
	213	2	97.1485912491228	19.79631670736842	0.0	0.0	2	0.9752689520443143	-9.453378979760283	230.0	24	1.05	0.95				
	214	2	71.12010076350876	14.297339844210525	0.0	0.0	2	1.0030039383565785	-8.335696954490693	230.0	26	1.05	0.95				
	215	2	116.21171104140349	23.462301282807015	0.0	0.0	2	1.0202185802585992	-1.9232299021179846	230.0	26	1.05	0.95				
	216	2	36.65984575438596	7.331969150877192	0.0	0.0	2	1.0152491106134278	-2.5198188517533815	230.0	26	1.05	0.95				
	217	1	0.0	0.0	0.0	0.0	2	1.0296674304580637	-0.3931777055467009	230.0	27	1.05	0.95				
	218	2	122.07728636210527	24.928695112982453	0.0	0.0	2	1.0296074947873197	-0.8519806465667835	230.0	27	1.05	0.95				
	219	1	66.3543208154386	13.564142929122806	0.0	0.0	2	0.9961302442967015	-2.4623724375887033	230.0	25	1.05	0.95				
	220	1	46.92460256561403	9.53155989614035	0.0	0.0	2	0.9818598983285243	-1.6427347071039828	230.0	25	1.05	0.95				
	221	2	0.0	0.0	0.0	0.0	2	1.0298556815969275	-0.4076015178583271	230.0	27	1.05	0.95				
	222	2	0.0	0.0	0.0	0.0	2	1.049999993480629	6.090328204890747	230.0	27	1.05	0.95				
	223	2	0.0	0.0	0.0	0.0	2	0.9746254053327027	-0.8645502329525616	230.0	25	1.05	0.95				
	224	1	0.0	0.0	0.0	0.0	2	1.0042541770906077	-5.52058932435006	230.0	26	1.05	0.95				
	301	2	42.16134133894737	8.588421383859648	0.0	0.0	3	1.0122071066952643	20.174477688422126	138.0	31	1.05	0.95				
	302	2	37.86713064701755	7.807655803508773	0.0	0.0	3	1.0111576648794454	19.81496402764174	138.0	32	1.05	0.95				
	303	1	70.26890223157895	14.444163236491228	0.0	0.0	3	1.05	34.92492013313344	138.0	31	1.05	0.95				
	304	1	28.888326472982456	5.855741852631578	0.0	0.0	3	1.0079130641035519	21.04821027065385	138.0	31	1.05	0.95				
	305	1	27.717178102456135	5.46535906245614	0.0	0.0	3	1.0231196423452842	18.37459406720795	138.0	31	1.05	0.95				
	306	1	53.092059463859655	10.93071812491228	0.0	-100.0	3	1.0370798951881615	16.881641875355307	138.0	32	1.05	0.95				
	307	2	48.79784877192982	9.759569754385964	0.0	0.0	3	0.95	13.993417913193596	138.0	32	1.05	0.95				
	308	1	66.75545711999999	13.663397656140349	0.0	0.0	3	0.9723005439195668	15.628514351751326	138.0	32	1.05	0.95				
	309	1	68.31698828070175	14.05378044631579	0.0	0.0	3	1.0170575436508715	23.69141397629068	138.0	33	1.05	0.95				
	310	1	76.12464408421053	15.615311607017546	0.0	0.0	3	1.0437251851445963	17.836703583282304	138.0	33	1.05	0.95				
	311	1	0.0	0.0	0.0	0.0	3	1.006219309435466	21.073083551801986	230.0	33	1.05	0.95				
	312	1	0.0	0.0	0.0	0.0	3	1.0113225615719894	20.947113608696952	230.0	33	1.05	0.95				
	313	2	103.45143939649122	21.080670669473687	0.0	0.0	3	1.0051214299383693	20.701767946393172	230.0	34	1.05	0.95				
	314	2	75.7342612940351	15.224928816842107	0.0	0.0	3	1.003574509030113	21.79764449561627	230.0	36	1.05	0.95				
	315	2	123.75134448561403	24.98449857122807	0.0	0.0	3	1.05	25.638497208406374	230.0	36	1.05	0.95				
	316	2	39.03827901754386	7.807655803508773	0.0	0.0	3	1.0381677642248497	25.07667183791802	230.0	36	1.05	0.95				
	317	1	0.0	0.0	0.0	0.0	3	1.044583878780919	29.6928068000411	230.0	37	1.05	0.95				
	318	2	129.99746912842105	26.546029731929828	0.0	0.0	3	1.0351857072498623	25.99816145793793	230.0	37	1.05	0.95				
	319	1	70.65928502175439	14.444163236491228	0.0	0.0	3	1.0287467420358691	23.162194574808534	230.0	35	1.05	0.95				
	320	1	49.96899714245614	10.149952544561405	0.0	0.0	3	1.0236716622970037	22.23770596621344	230.0	35	1.05	0.95				
	321	2	0.0	0.0	0.0	0.0	3	1.048661935725408	26.516022490544685	230.0	37	1.05	0.95				
	322	2	0.0	0.0	0.0	0.0	3	1.05	32.09881566670272	230.0	37	1.05	0.95				
	323	2	0.0	0.0	0.0	0.0	3	1.0212250412308495	22.030527156280197	230.0	35	1.05	0.95				
	324	1	0.0	0.0	0.0	0.0	3	1.0470353936830745	29.187764873362795	230.0	36	1.05	0.95				
	325	1	0.0	0.0	0.0	0.0	3	1.0239581569694856	22.097952395227292	230.0	35	1.05	0.95				
];
