%% MATPOWER Case Format : Version 2
function mpc = RTS_GMLC
mpc.version = '2';

%%-----  Power Flow Data  -----%%
%% system MVA base
mpc.baseMVA = 100.0;
%% bus data
%    bus_i    type    Pd    Qd    Gs    Bs    area    Vm    Va    baseKV    zone    Vmax    Vmin
mpc.bus = [
	101	2	55.60316674105263	11.326571002807018	0.0	0.0	1	1.0351667877501032	2.6004194745562534	138.0	11	1.05	0.95				
	102	2	49.93988123964912	10.296882729824562	0.0	0.0	1	1.035110111289188	2.5517552768414142	138.0	12	1.05	0.95				
	103	1	92.67194456842105	19.049233050175438	0.0	0.0	1	1.0267603229548858	0.14222988136225112	138.0	11	1.05	0.95				
	104	1	38.098466100350876	7.722662047368421	0.0	0.0	1	1.020906863277239	-0.920782065799287	138.0	11	1.05	0.95				
	105	1	36.55393369087719	7.2078179108771945	0.0	0.0	1	1.0354599173970271	-0.7135438670458065	138.0	11	1.05	0.95				
	106	1	70.01880256280702	14.415635821754389	0.0	-100.0	1	1.0433029925950932	-3.056494974046069	138.0	12	1.05	0.95				
	107	2	64.35551706140352	12.871103412280702	0.0	0.0	1	1.027356090241888	-2.2067768604999594	138.0	12	1.05	0.95				
	108	1	88.03834734	18.01954477719298	0.0	0.0	1	1.0191589997953028	-3.7718356809811913	138.0	12	1.05	0.95				
	109	1	90.09772388596491	18.53438891368421	0.0	0.0	1	1.0255870412114103	-1.6872040157633617	138.0	13	1.05	0.95				
	110	1	100.39460661578947	20.593765459649124	0.0	0.0	1	1.05	-2.45838195711306	138.0	13	1.05	0.95				
	111	1	0.0	0.0	0.0	0.0	1	1.0051699348406025	-0.2065389650735512	230.0	13	1.05	0.95				
	112	1	0.0	0.0	0.0	0.0	1	1.0103316400246205	0.384433988321732	230.0	13	1.05	0.95				
	113	3	136.4336961701754	27.801583370526316	0.0	0.0	1	0.998130214620815	-7.73477511883193e-31	230.0	14	1.05	0.95				
	114	2	99.87976247929824	20.078921323157893	0.0	0.0	1	1.0016510149332147	1.5965698092075722	230.0	16	1.05	0.95				
	115	2	163.20559126771929	32.950024735438596	0.0	0.0	1	1.0401532316209214	7.402632333502173	230.0	16	1.05	0.95				
	116	2	51.48441364912281	10.296882729824562	0.0	0.0	1	1.0361153303047619	7.155502838272865	230.0	16	1.05	0.95				
	117	1	0.0	0.0	0.0	0.0	1	1.0442158586357202	9.191513024670035	230.0	17	1.05	0.95				
	118	2	171.44309745157895	35.00940128140351	0.0	0.0	1	1.0472955990543644	9.389015616714525	230.0	17	1.05	0.95				
	119	1	93.18678870491229	19.049233050175438	0.0	0.0	1	1.0296844134398184	6.240338499798009	230.0	15	1.05	0.95				
	120	1	65.90004947087719	13.38594754877193	0.0	0.0	1	1.0280426317821136	6.435671925163771	230.0	15	1.05	0.95				
	121	2	0.0	0.0	0.0	0.0	1	1.05	9.53734396538968	230.0	17	1.05	0.95				
	122	2	0.0	0.0	0.0	0.0	1	1.05	15.936229454634088	230.0	17	1.05	0.95				
	123	2	0.0	0.0	0.0	0.0	1	1.0281376986071062	6.937137219752232	230.0	15	1.05	0.95				
	124	1	0.0	0.0	0.0	0.0	1	1.0256685598244577	4.698126937149944	230.0	16	1.05	0.95				
	201	2	54.926491414736844	11.18872973263158	0.0	0.0	2	1.032185715628661	-6.4744648483081635	138.0	21	1.05	0.95				
	202	2	49.33212654842106	10.171572484210529	0.0	0.0	2	1.032353424725029	-6.5317527719481525	138.0	22	1.05	0.95				
	203	1	91.54415235789475	18.817409095789476	0.0	0.0	2	1.0240891667057992	-5.463587803908082	138.0	21	1.05	0.95				
	204	1	37.63481819157895	7.628679363157895	0.0	0.0	2	1.0191683773729054	-9.046037298181336	138.0	21	1.05	0.95				
	205	1	36.10908231894737	7.12010073894737	0.0	0.0	2	1.034418459311516	-9.216306363909522	138.0	21	1.05	0.95				
	206	1	69.16669289263159	14.24020147789474	0.0	-100.0	2	1.043226164587521	-11.242359747539332	138.0	22	1.05	0.95				
	207	2	63.572328026315795	12.71446560526316	0.0	0.0	2	0.987064146254511	-18.986431425519577	138.0	22	1.05	0.95				
	208	1	86.96694474	17.800251847368422	0.0	0.0	2	0.9921080640630264	-16.624396339603344	138.0	22	1.05	0.95				
	209	1	89.00125923684212	18.30883047157895	0.0	0.0	2	1.0236625684188443	-9.037641751835569	138.0	23	1.05	0.95				
	210	1	99.17283172105263	20.343144968421058	0.0	0.0	2	1.05	-10.387592211044023	138.0	23	1.05	0.95				
	211	1	0.0	0.0	0.0	0.0	2	1.0094052258629584	-6.425428546726894	230.0	23	1.05	0.95				
	212	1	0.0	0.0	0.0	0.0	2	1.0130010614472178	-5.879121125604563	230.0	23	1.05	0.95				
	213	2	134.7733354157895	27.463245707368422	0.0	0.0	2	1.0053680522734723	-5.6303246449576045	230.0	24	1.05	0.95				
	214	2	98.66425309684212	19.83456634421053	0.0	0.0	2	1.0127459103963121	-3.7595878440456656	230.0	26	1.05	0.95				
	215	2	161.21942387473683	32.54903194947369	0.0	0.0	2	1.0319248005697743	3.2294458426415056	230.0	26	1.05	0.95				
	216	2	50.85786242105264	10.171572484210529	0.0	0.0	2	1.034565033814515	3.0627295438970323	230.0	26	1.05	0.95				
	217	1	0.0	0.0	0.0	0.0	2	1.0386563852546624	6.009086445450493	230.0	27	1.05	0.95				
	218	2	169.3566818621053	34.583346446315794	0.0	0.0	2	1.040337827238842	6.549255379143712	230.0	27	1.05	0.95				
	219	1	92.05273098210527	18.817409095789476	0.0	0.0	2	1.0351683422944193	1.977821553372308	230.0	25	1.05	0.95				
	220	1	65.09806389894737	13.223044229473684	0.0	0.0	2	1.0395780898532554	2.0103857247726262	230.0	25	1.05	0.95				
	221	2	0.0	0.0	0.0	0.0	2	1.0398740561855917	6.197415782402152	230.0	27	1.05	0.95				
	222	2	0.0	0.0	0.0	0.0	2	1.05	12.625583958491722	230.0	27	1.05	0.95				
	223	2	0.0	0.0	0.0	0.0	2	1.0428986712975827	2.405698496809138	230.0	25	1.05	0.95				
	224	1	0.0	0.0	0.0	0.0	2	1.0181025588115327	-0.03269962579613776	230.0	26	1.05	0.95				
	301	2	59.27870925473685	12.075292625964913	0.0	0.0	3	1.0066165651318597	-31.710554443306663	138.0	31	1.05	0.95				
	302	2	53.24106294175439	10.977538750877194	0.0	0.0	3	1.0060359453535763	-31.849053565367385	138.0	32	1.05	0.95				
	303	1	98.79784875789474	20.308446689122807	0.0	0.0	3	1.0211513520456161	-24.70628660546438	138.0	31	1.05	0.95				
	304	1	40.616893378245614	8.233154063157896	0.0	0.0	3	1.0071389693058317	-29.96924206187797	138.0	31	1.05	0.95				
	305	1	38.970262565614036	7.684277125614036	0.0	0.0	3	1.0207975907939102	-30.88210467467453	138.0	31	1.05	0.95				
	306	1	74.64726350596493	15.368554251228073	0.0	-100.0	3	1.036354371233317	-31.03913122613637	138.0	32	1.05	0.95				
	307	2	68.60961719298247	13.721923438596493	0.0	0.0	3	0.994374437940664	-35.792071308271495	138.0	32	1.05	0.95				
	308	1	93.85795632	19.210692814035088	0.0	0.0	3	0.9962911519938544	-33.87497583515586	138.0	32	1.05	0.95				
	309	1	96.05346407017544	19.759569751578947	0.0	0.0	3	1.0268509922359341	-26.19453181379186	138.0	33	1.05	0.95				
	310	1	107.03100282105265	21.95507750175439	0.0	0.0	3	1.05	-28.2915842233086	138.0	33	1.05	0.95				
	311	1	0.0	0.0	0.0	0.0	3	1.0169043268128712	-21.16759917781709	230.0	33	1.05	0.95				
	312	1	0.0	0.0	0.0	0.0	3	1.0170229964641686	-20.609736548708625	230.0	33	1.05	0.95				
	313	2	145.4523884491228	29.639354627368427	0.0	0.0	3	1.0238867464999606	-17.48447070497991	230.0	34	1.05	0.95				
	314	2	106.48212588350879	21.40620056421053	0.0	0.0	3	1.027585678861647	-18.359805103096008	230.0	36	1.05	0.95				
	315	2	173.9939892014035	35.12812400280702	0.0	0.0	3	1.0484670430680259	-11.497231608249566	230.0	36	1.05	0.95				
	316	2	54.88769375438597	10.977538750877194	0.0	0.0	3	1.0484832788437892	-11.128198027259513	230.0	36	1.05	0.95				
	317	1	0.0	0.0	0.0	0.0	3	1.0493593394770806	-8.358047722300395	230.0	37	1.05	0.95				
	318	2	182.7760202021053	37.323631752982465	0.0	0.0	3	1.0491674245099079	-7.877090352262872	230.0	37	1.05	0.95				
	319	1	99.34672569543861	20.308446689122807	0.0	0.0	3	1.0458450588836017	-12.294542142518655	230.0	35	1.05	0.95				
	320	1	70.25624800561404	14.270800376140352	0.0	0.0	3	1.0478503916760602	-12.281562126984603	230.0	35	1.05	0.95				
	321	2	0.0	0.0	0.0	0.0	3	1.05	-7.435103128280977	230.0	37	1.05	0.95				
	322	2	0.0	0.0	0.0	0.0	3	1.05	-2.0212260708954823	230.0	37	1.05	0.95				
	323	2	0.0	0.0	0.0	0.0	3	1.0499999914862543	-11.872744937769337	230.0	35	1.05	0.95				
	324	1	0.0	0.0	0.0	0.0	3	1.021435479420423	-16.372770053330253	230.0	36	1.05	0.95				
	325	1	0.0	0.0	0.0	0.0	3	1.0416349783416607	-10.141918490534955	230.0	35	1.05	0.95				
];
