%% MATPOWER Case Format : Version 2
function mpc = RTS_GMLC
mpc.version = '2';

%%-----  Power Flow Data  -----%%
%% system MVA base
mpc.baseMVA = 100.0;
%% bus data
%    bus_i    type    Pd    Qd    Gs    Bs    area    Vm    Va    baseKV    zone    Vmax    Vmin
mpc.bus = [
	101	2	70.79317169684211	14.420831271578946	0.0	0.0	1	1.049164731243823	-0.0835774742684305	138.0	11	1.05	0.95				
	102	2	63.58275606105263	13.109846610526315	0.0	0.0	1	1.0480067938989044	-0.44980558208994575	138.0	12	1.05	0.95				
	103	1	117.98861949473682	24.253216229473683	0.0	0.0	1	1.030113430570819	-1.8041835459705295	138.0	11	1.05	0.95				
	104	1	48.506432458947366	9.832384957894735	0.0	0.0	1	1.0269460794932355	-3.7814418720315457	138.0	11	1.05	0.95				
	105	1	46.539955467368415	9.17689262736842	0.0	0.0	1	1.0401591788358557	-4.141670604856811	138.0	11	1.05	0.95				
	106	1	89.14695695157894	18.35378525473684	0.0	-100.0	1	1.0419713209768255	-7.09911214217057	138.0	12	1.05	0.95				
	107	2	81.93654131578947	16.387308263157895	0.0	0.0	1	1.000406130636697	-14.146681468719335	138.0	12	1.05	0.95				
	108	1	112.08918851999998	22.942231568421047	0.0	0.0	1	0.9964091154134969	-12.588576644526011	138.0	12	1.05	0.95				
	109	1	114.71115784210527	23.597723898947365	0.0	0.0	1	1.0258922792955785	-4.971945286752323	138.0	13	1.05	0.95				
	110	1	127.82100445263156	26.21969322105263	0.0	0.0	1	1.05	-6.269871971633749	138.0	13	1.05	0.95				
	111	1	0.0	0.0	0.0	0.0	1	1.0120551473376758	-2.1734819096383506	230.0	13	1.05	0.95				
	112	1	0.0	0.0	0.0	0.0	1	1.0147005014703177	-1.5616709633721975	230.0	13	1.05	0.95				
	113	3	173.70546758947367	35.396585848421054	0.0	0.0	1	1.0125291636971923	3.611867874803118e-31	230.0	14	1.05	0.95				
	114	2	127.16551212210526	25.564200890526312	0.0	0.0	1	1.0134291218753075	-0.5662422244474152	230.0	16	1.05	0.95				
	115	2	207.79106877684205	41.951509153684206	0.0	0.0	1	1.0422484380927068	6.315461059814356	230.0	16	1.05	0.95				
	116	2	65.54923305263158	13.109846610526315	0.0	0.0	1	1.0390915150801388	5.666190992610686	230.0	16	1.05	0.95				
	117	1	0.0	0.0	0.0	0.0	1	1.044126141463959	8.315262796413082	230.0	17	1.05	0.95				
	118	2	218.2789460652631	44.57347847578947	0.0	0.0	1	1.0462262887044043	8.726143639807164	230.0	17	1.05	0.95				
	119	1	118.64411182526315	24.253216229473683	0.0	0.0	1	1.032607076892117	4.516866291378771	230.0	15	1.05	0.95				
	120	1	83.90301830736841	17.04280059368421	0.0	0.0	1	1.031578373133269	4.311251725642367	230.0	15	1.05	0.95				
	121	2	0.0	0.0	0.0	0.0	1	1.0491115896974401	10.192432717789805	230.0	17	1.05	0.95				
	122	2	0.0	0.0	0.0	0.0	1	1.05	15.96659789122511	230.0	17	1.05	0.95				
	123	2	0.0	0.0	0.0	0.0	1	1.0325889957971839	4.692116679501011	230.0	15	1.05	0.95				
	124	1	0.0	0.0	0.0	0.0	1	1.0273286857185209	3.2835343097858827	230.0	16	1.05	0.95				
	201	2	66.87738075789474	13.623170154385967	0.0	0.0	2	1.0257196165390186	-11.342751016201616	138.0	21	1.05	0.95				
	202	2	60.06579568070175	12.384700140350878	0.0	0.0	2	1.0267336665083913	-11.12996342898074	138.0	22	1.05	0.95				
	203	1	111.4623012631579	22.91169525964912	0.0	0.0	2	1.0155045581293678	-10.246398513491918	138.0	21	1.05	0.95				
	204	1	45.82339051929824	9.288525105263158	0.0	0.0	2	1.015404794248777	-11.97682007729674	138.0	21	1.05	0.95				
	205	1	43.96568549824561	8.669290098245614	0.0	0.0	2	1.030101943815384	-12.335890090910723	138.0	21	1.05	0.95				
	206	1	84.21596095438598	17.33858019649123	0.0	-100.0	2	1.0393689242620083	-13.436026108134893	138.0	22	1.05	0.95				
	207	2	77.40437587719298	15.480875175438596	0.0	0.0	2	0.9887356867914795	-22.315014613155974	138.0	22	1.05	0.95				
	208	1	105.88918620000001	21.673225245614034	0.0	0.0	2	0.9882002690965531	-19.325769392308057	138.0	22	1.05	0.95				
	209	1	108.36612622807019	22.292460252631578	0.0	0.0	2	1.0251746384869787	-10.138584104262577	138.0	23	1.05	0.95				
	210	1	120.75082636842104	24.769400280701756	0.0	0.0	2	1.05	-11.367172395005888	138.0	23	1.05	0.95				
	211	1	0.0	0.0	0.0	0.0	2	1.0153064108863026	-6.694118070027789	230.0	23	1.05	0.95				
	212	1	0.0	0.0	0.0	0.0	2	1.0183353718868082	-2.0010435711501056	230.0	23	1.05	0.95				
	213	2	164.09727685964913	33.43869037894737	0.0	0.0	2	1.017635049739817	-4.173260673644886	230.0	24	1.05	0.95				
	214	2	120.1315913614035	24.150165273684213	0.0	0.0	2	1.0207838881393798	-4.827508054212509	230.0	26	1.05	0.95				
	215	2	196.2974972245614	39.63104044912281	0.0	0.0	2	1.0367570206085435	1.7352895592670146	230.0	26	1.05	0.95				
	216	2	61.923500701754385	12.384700140350878	0.0	0.0	2	1.036723198539754	1.6120088788037898	230.0	26	1.05	0.95				
	217	1	0.0	0.0	0.0	0.0	2	1.040384829986292	3.8597434346051895	230.0	27	1.05	0.95				
	218	2	206.20525733684212	42.10798047719299	0.0	0.0	2	1.0410091899366798	4.045928609206404	230.0	27	1.05	0.95				
	219	1	112.08153627017545	22.91169525964912	0.0	0.0	2	1.0348615238116818	1.5837591794783066	230.0	25	1.05	0.95				
	220	1	79.26208089824561	16.10011018245614	0.0	0.0	2	1.0383679763279465	2.738890850095355	230.0	25	1.05	0.95				
	221	2	0.0	0.0	0.0	0.0	2	1.0415660523686645	4.041212214456711	230.0	27	1.05	0.95				
	222	2	0.0	0.0	0.0	0.0	2	1.05	10.473809688385966	230.0	27	1.05	0.95				
	223	2	0.0	0.0	0.0	0.0	2	1.0421092984264613	3.829355793399692	230.0	25	1.05	0.95				
	224	1	0.0	0.0	0.0	0.0	2	1.013857505040065	-2.7089057075042127	230.0	26	1.05	0.95				
	301	2	75.20025308210528	15.318570072280705	0.0	0.0	3	0.9847934117892139	-9.417541985086837	138.0	31	1.05	0.95				
	302	2	67.54096804596492	13.925972792982458	0.0	0.0	3	0.9862095794148908	-9.499508865804748	138.0	32	1.05	0.95				
	303	1	125.33375513684213	25.763049667017548	0.0	0.0	3	0.9985797678777071	-4.977576600542482	138.0	31	1.05	0.95				
	304	1	51.526099334035095	10.444479594736842	0.0	0.0	3	0.9829006617862207	-6.877169035730451	138.0	31	1.05	0.95				
	305	1	49.43720341508772	9.74818095508772	0.0	0.0	3	0.9952536569282291	-7.034341064126636	138.0	31	1.05	0.95				
	306	1	94.69661499228071	19.49636191017544	0.0	-100.0	3	1.0093713872766097	-6.491614986052763	138.0	32	1.05	0.95				
	307	2	87.03732995614035	17.407465991228072	0.0	0.0	3	0.9654396681955708	-11.845141527841687	138.0	32	1.05	0.95				
	308	1	119.06706738000001	24.3704523877193	0.0	0.0	3	0.9725834611519857	-8.464822850945547	138.0	32	1.05	0.95				
	309	1	121.85226193859651	25.066751027368422	0.0	0.0	3	1.0070432907499418	-1.7828761880264024	138.0	33	1.05	0.95				
	310	1	135.77823473157895	27.851945585964916	0.0	0.0	3	1.0285270114269913	-2.327894601860043	138.0	33	1.05	0.95				
	311	1	0.0	0.0	0.0	0.0	3	1.000578529023318	5.431766871758787	230.0	33	1.05	0.95				
	312	1	0.0	0.0	0.0	0.0	3	1.004845108427794	6.954702169560393	230.0	33	1.05	0.95				
	313	2	184.51913950701754	37.60012654105264	0.0	0.0	3	1.0318598164262067	14.55233922285989	230.0	34	1.05	0.95				
	314	2	135.08193609192983	27.15564694631579	0.0	0.0	3	1.0075724389148268	4.645260255460888	230.0	36	1.05	0.95				
	315	2	220.72666876877193	44.56311293754386	0.0	0.0	3	1.030369350793383	0.6640578463230394	230.0	36	1.05	0.95				
	316	2	69.62986396491229	13.925972792982458	0.0	0.0	3	1.0301133608111994	2.072578597907987	230.0	36	1.05	0.95				
	317	1	0.0	0.0	0.0	0.0	3	1.035603193177471	2.3479945151400354	230.0	37	1.05	0.95				
	318	2	231.8674470031579	47.34830749614036	0.0	0.0	3	1.0334462259251898	1.3216243827233944	230.0	37	1.05	0.95				
	319	1	126.03005377649123	25.763049667017548	0.0	0.0	3	1.0282101326600441	4.828956773627746	230.0	35	1.05	0.95				
	320	1	89.12622587508773	18.103764630877194	0.0	0.0	3	1.0305727832816438	7.043325953852828	230.0	35	1.05	0.95				
	321	2	0.0	0.0	0.0	0.0	3	1.0345244150437287	1.668297261180858	230.0	37	1.05	0.95				
	322	2	0.0	0.0	0.0	0.0	3	1.0482279584551368	6.2566981024251165	230.0	37	1.05	0.95				
	323	2	0.0	0.0	0.0	0.0	3	1.032444570119609	7.967690766031494	230.0	35	1.05	0.95				
	324	1	0.0	0.0	0.0	0.0	3	1.0131379689462998	0.5800828102893789	230.0	36	1.05	0.95				
	325	1	0.0	0.0	0.0	0.0	3	1.0342607370130537	8.164839688234832	230.0	35	1.05	0.95				
];
