%% MATPOWER Case Format : Version 2
function mpc = RTS_GMLC
mpc.version = '2';

%%-----  Power Flow Data  -----%%
%% system MVA base
mpc.baseMVA = 100.0;
%% bus data
%    bus_i    type    Pd    Qd    Gs    Bs    area    Vm    Va    baseKV    zone    Vmax    Vmin
mpc.bus = [
	101	2	50.86046512421053	10.360465117894737	0.0	0.0	1	1.02723878236558	1.3968261047548347	138.0	11	1.05	0.95				
	102	2	45.680232565263154	9.41860465263158	0.0	0.0	1	1.0248900218662904	0.7410736601579233	138.0	12	1.05	0.95				
	103	1	84.76744187368422	17.424418607368423	0.0	0.0	1	1.0287709525892215	2.8406184547133475	138.0	11	1.05	0.95				
	104	1	34.84883721473685	7.063953489473684	0.0	0.0	1	1.0195865102524404	-1.4107244921856863	138.0	11	1.05	0.95				
	105	1	33.436046516842104	6.593023256842106	0.0	0.0	1	1.0319295191035514	-1.971211678937714	138.0	11	1.05	0.95				
	106	1	64.04651163789474	13.186046513684213	0.0	-100.0	1	1.0422283376427706	-4.446428790637772	138.0	12	1.05	0.95				
	107	2	58.86627907894737	11.773255815789474	0.0	0.0	1	0.9970717538030103	-12.955277669501369	138.0	12	1.05	0.95				
	108	1	80.52906978	16.482558142105262	0.0	0.0	1	0.9987792656620177	-10.206752397516297	138.0	12	1.05	0.95				
	109	1	82.41279071052632	16.953488374736843	0.0	0.0	1	1.0244120390633513	-2.2517618034351385	138.0	13	1.05	0.95				
	110	1	91.8313953631579	18.83720930526316	0.0	0.0	1	1.05	-3.877745038385422	138.0	13	1.05	0.95				
	111	1	0.0	0.0	0.0	0.0	1	1.0105859028980753	0.2378490717507681	230.0	13	1.05	0.95				
	112	1	0.0	0.0	0.0	0.0	1	1.0136082200494292	-0.8706388360340855	230.0	13	1.05	0.95				
	113	3	124.79651164736842	25.430232562105264	0.0	0.0	1	1.0049611868773258	-2.6149936363925246e-30	230.0	14	1.05	0.95				
	114	2	91.36046513052631	18.36627907263158	0.0	0.0	1	1.0169118092895921	3.8016630810849525	230.0	16	1.05	0.95				
	115	2	149.2848837442105	30.139534888421053	0.0	0.0	1	1.039731235320494	13.712190903473038	230.0	16	1.05	0.95				
	116	2	47.093023263157896	9.41860465263158	0.0	0.0	1	1.034695716934559	11.673960790968831	230.0	16	1.05	0.95				
	117	1	0.0	0.0	0.0	0.0	1	1.040391200329698	17.659073827809845	230.0	17	1.05	0.95				
	118	2	156.8197674663158	32.02325581894737	0.0	0.0	1	1.05	18.70190505518996	230.0	17	1.05	0.95				
	119	1	85.2383721063158	17.424418607368423	0.0	0.0	1	1.0259611036184746	7.242138143219059	230.0	15	1.05	0.95				
	120	1	60.27906977684211	12.244186048421053	0.0	0.0	1	1.025709705651684	3.992560934551738	230.0	15	1.05	0.95				
	121	2	0.0	0.0	0.0	0.0	1	1.05	20.53731499839671	230.0	17	1.05	0.95				
	122	2	0.0	0.0	0.0	0.0	1	1.05	33.931542392894265	230.0	17	1.05	0.95				
	123	2	0.0	0.0	0.0	0.0	1	1.0271790322237562	2.566918064506788	230.0	15	1.05	0.95				
	124	1	0.0	0.0	0.0	0.0	1	1.0220717249090092	9.641221752756493	230.0	16	1.05	0.95				
	201	2	46.12057294736842	9.394931526315789	0.0	0.0	2	1.0103139054181227	-20.026122927828286	138.0	21	1.05	0.95				
	202	2	41.42310718421052	8.540846842105264	0.0	0.0	2	1.009339281216254	-20.35078576948389	138.0	22	1.05	0.95				
	203	1	76.86762157894736	15.800566657894736	0.0	0.0	2	1.015167295796605	-14.636941676708982	138.0	21	1.05	0.95				
	204	1	31.601133315789472	6.405635131578948	0.0	0.0	2	1.0098791455054148	-19.950801882306397	138.0	21	1.05	0.95				
	205	1	30.32000628947368	5.9785927894736846	0.0	0.0	2	1.024915042599584	-20.525093269352748	138.0	21	1.05	0.95				
	206	1	58.07775852631579	11.957185578947369	0.0	-100.0	2	1.0408137678516018	-21.336834047950514	138.0	22	1.05	0.95				
	207	2	53.3802927631579	10.676058552631579	0.0	0.0	2	0.9912658626972424	-26.410851159213422	138.0	22	1.05	0.95				
	208	1	73.02424049999999	14.94648197368421	0.0	0.0	2	0.997845883595894	-24.485170760893013	138.0	22	1.05	0.95				
	209	1	74.73240986842104	15.373524315789473	0.0	0.0	2	1.0228155058578183	-17.852681727904482	138.0	23	1.05	0.95				
	210	1	83.27325671052631	17.081693684210528	0.0	0.0	2	1.05	-19.64681278227813	138.0	23	1.05	0.95				
	211	1	0.0	0.0	0.0	0.0	2	1.0093897147504771	-14.672258987408643	230.0	23	1.05	0.95				
	212	1	0.0	0.0	0.0	0.0	2	1.0115843440823729	-14.360916086776744	230.0	23	1.05	0.95				
	213	2	113.16622065789473	23.06028647368421	0.0	0.0	2	1.0060516864938762	-13.6588953354172	230.0	24	1.05	0.95				
	214	2	82.84621436842104	16.654651342105264	0.0	0.0	2	1.0154266255538118	-11.41731747723719	230.0	26	1.05	0.95				
	215	2	135.37242244736842	27.33070989473684	0.0	0.0	2	1.0323558336523129	-3.177086557924176	230.0	26	1.05	0.95				
	216	2	42.704234210526316	8.540846842105264	0.0	0.0	2	1.0338097335452758	-4.258394129317464	230.0	26	1.05	0.95				
	217	1	0.0	0.0	0.0	0.0	2	1.0354863917456674	-1.9659212523013725	230.0	27	1.05	0.95				
	218	2	142.20509992105264	29.038879263157895	0.0	0.0	2	1.0350284975640176	-2.4408725716252637	230.0	27	1.05	0.95				
	219	1	77.29466392105263	15.800566657894736	0.0	0.0	2	1.0343048021421812	-5.5438078432086835	230.0	25	1.05	0.95				
	220	1	54.66141978947368	11.103100894736842	0.0	0.0	2	1.0377822162805979	-5.83677956871281	230.0	25	1.05	0.95				
	221	2	0.0	0.0	0.0	0.0	2	1.0365918303209953	-1.8907127453306156	230.0	27	1.05	0.95				
	222	2	0.0	0.0	0.0	0.0	2	1.05	4.578574373664168	230.0	27	1.05	0.95				
	223	2	0.0	0.0	0.0	0.0	2	1.0401707462756795	-5.67704742576275	230.0	25	1.05	0.95				
	224	1	0.0	0.0	0.0	0.0	2	1.011718554878426	-7.4430486331348	230.0	26	1.05	0.95				
	301	2	58.40746597894737	11.89781714385965	0.0	0.0	3	1.0001986037924073	14.048663514149451	138.0	31	1.05	0.95				
	302	2	52.45855740701754	10.816197403508772	0.0	0.0	3	0.9997117620636109	13.885408570915768	138.0	32	1.05	0.95				
	303	1	97.34577663157896	20.009965196491226	0.0	0.0	3	1.0370681093441467	20.789510324041345	138.0	31	1.05	0.95				
	304	1	40.01993039298245	8.112148052631579	0.0	0.0	3	1.005669631689323	15.389007557386151	138.0	31	1.05	0.95				
	305	1	38.39750078245614	7.57133818245614	0.0	0.0	3	1.017629334620341	14.874200756442377	138.0	31	1.05	0.95				
	306	1	73.55014234385965	15.14267636491228	0.0	-100.0	3	1.0350352281767496	14.712988485054112	138.0	32	1.05	0.95				
	307	2	67.60123377192983	13.520246754385964	0.0	0.0	3	0.9884095175880085	10.430700514230253	138.0	32	1.05	0.95				
	308	1	92.4784878	18.92834545614035	0.0	0.0	3	0.9982718041353479	12.855688843593422	138.0	32	1.05	0.95				
	309	1	94.64172728070174	19.469155326315786	0.0	0.0	3	1.0285589361819008	18.818649270316943	138.0	33	1.05	0.95				
	310	1	105.45792468421051	21.632394807017544	0.0	0.0	3	1.05	17.435821392744877	138.0	33	1.05	0.95				
	311	1	0.0	0.0	0.0	0.0	3	1.0124667034353338	22.593547379461274	230.0	33	1.05	0.95				
	312	1	0.0	0.0	0.0	0.0	3	1.0180070640612342	23.564742486411514	230.0	33	1.05	0.95				
	313	2	143.31461559649122	29.203732989473686	0.0	0.0	3	1.0240392361946502	28.94308373814316	230.0	34	1.05	0.95				
	314	2	104.91711481403507	21.091584936842107	0.0	0.0	3	1.0112568617454483	21.520502382670728	230.0	36	1.05	0.95				
	315	2	171.43672884561403	34.61183169122807	0.0	0.0	3	1.0411988644896186	17.44441181970729	230.0	36	1.05	0.95				
	316	2	54.080987017543855	10.816197403508772	0.0	0.0	3	1.0374667690428327	18.466697982891755	230.0	36	1.05	0.95				
	317	1	0.0	0.0	0.0	0.0	3	1.05	18.46410321197925	230.0	37	1.05	0.95				
	318	2	180.08968676842105	36.775071171929824	0.0	0.0	3	1.049651564404285	15.59474526060488	230.0	37	1.05	0.95				
	319	1	97.88658650175438	20.009965196491226	0.0	0.0	3	1.0337364498229655	20.59752204266896	230.0	35	1.05	0.95				
	320	1	69.22366338245614	14.061056624561402	0.0	0.0	3	1.0320354820984476	22.053105376759316	230.0	35	1.05	0.95				
	321	2	0.0	0.0	0.0	0.0	3	1.0478025271272708	16.842612292956208	230.0	37	1.05	0.95				
	322	2	0.0	0.0	0.0	0.0	3	1.05	21.82387928456225	230.0	37	1.05	0.95				
	323	2	0.0	0.0	0.0	0.0	3	1.0311575588495039	22.699541253857735	230.0	35	1.05	0.95				
	324	1	0.0	0.0	0.0	0.0	3	1.0390517360545295	20.419223113917063	230.0	36	1.05	0.95				
	325	1	0.0	0.0	0.0	0.0	3	1.033920547242863	22.52437656352027	230.0	35	1.05	0.95				
];
