%% MATPOWER Case Format : Version 2
function mpc = RTS_GMLC
mpc.version = '2';

%%-----  Power Flow Data  -----%%
%% system MVA base
mpc.baseMVA = 100.0;
%% bus data
%    bus_i    type    Pd    Qd    Gs    Bs    area    Vm    Va    baseKV    zone    Vmax    Vmin
mpc.bus = [
	101	2	42.711034130526315	8.700395841403509	0.0	0.0	1	1.032825500250331	2.154102716420115	138.0	11	1.05	0.95				
	102	2	38.360836209824555	7.909450764912281	0.0	0.0	1	1.0319252507139567	1.9053704655737576	138.0	12	1.05	0.95				
	103	1	71.18505688421052	14.632483915087718	0.0	0.0	1	1.0291509656598157	0.2824275779287068	138.0	11	1.05	0.95				
	104	1	29.264967830175436	5.93208807368421	0.0	0.0	1	1.0215604961861053	-1.0504531596097475	138.0	11	1.05	0.95				
	105	1	28.07855021543859	5.536615535438597	0.0	0.0	1	1.0360639076311409	-0.8070781614023517	138.0	11	1.05	0.95				
	106	1	53.784265201403514	11.073231070877194	0.0	-100.0	1	1.0461881741873233	-2.9117364808450406	138.0	12	1.05	0.95				
	107	2	49.434067280701754	9.88681345614035	0.0	0.0	1	1.0012775756572623	-7.410101428980013	138.0	12	1.05	0.95				
	108	1	67.62580403999999	13.84153883859649	0.0	0.0	1	1.0062784785043317	-6.443156274718719	138.0	12	1.05	0.95				
	109	1	69.20769419298244	14.237011376842105	0.0	0.0	1	1.0247896858730032	-1.8608440707535592	138.0	13	1.05	0.95				
	110	1	77.11714495789474	15.818901529824561	0.0	0.0	1	1.05	-2.559166974958442	138.0	13	1.05	0.95				
	111	1	0.0	0.0	0.0	0.0	1	1.0024562052078345	-0.27921324602205255	230.0	13	1.05	0.95				
	112	1	0.0	0.0	0.0	0.0	1	1.0075418298201693	0.13890218051998593	230.0	13	1.05	0.95				
	113	3	104.8002226350877	21.355517065263157	0.0	0.0	1	0.9936075871617239	-7.4460153440184045e-28	230.0	14	1.05	0.95				
	114	2	76.72167241964911	15.423428991578946	0.0	0.0	1	0.9983586291413572	1.5448336494487365	230.0	16	1.05	0.95				
	115	2	125.36479462385964	25.3102424477193	0.0	0.0	1	1.0368341417839906	6.751332258673873	230.0	16	1.05	0.95				
	116	2	39.5472538245614	7.909450764912281	0.0	0.0	1	1.0320471862583722	6.382808797536433	230.0	16	1.05	0.95				
	117	1	0.0	0.0	0.0	0.0	1	1.0406166592408235	8.03662878496241	230.0	17	1.05	0.95				
	118	2	131.69235523578945	26.892132600701757	0.0	0.0	1	1.0433390580837834	7.981509479514437	230.0	17	1.05	0.95				
	119	1	71.58052942245614	14.632483915087718	0.0	0.0	1	1.0256144530756361	5.590270348383334	230.0	15	1.05	0.95				
	120	1	50.6204848954386	10.282285994385965	0.0	0.0	1	1.0225709765015933	5.671150710576217	230.0	15	1.05	0.95				
	121	2	0.0	0.0	0.0	0.0	1	1.047706904102761	8.833138735622626	230.0	17	1.05	0.95				
	122	2	0.0	0.0	0.0	0.0	1	1.05	15.118171998142772	230.0	17	1.05	0.95				
	123	2	0.0	0.0	0.0	0.0	1	1.0213212839607098	6.025057853051245	230.0	15	1.05	0.95				
	124	1	0.0	0.0	0.0	0.0	1	1.0252942140934864	4.328030175763968	230.0	16	1.05	0.95				
	201	2	42.82260351157895	8.72312293754386	0.0	0.0	2	1.025848523357167	-5.746285457105368	138.0	21	1.05	0.95				
	202	2	38.46104204280701	7.9301117614035075	0.0	0.0	2	1.0268146501327642	-5.537565277023651	138.0	22	1.05	0.95				
	203	1	71.37100585263157	14.670706758596488	0.0	0.0	2	1.0185954100193104	-5.589339768793251	138.0	21	1.05	0.95				
	204	1	29.341413517192976	5.947583821052631	0.0	0.0	2	1.0186576413107042	-7.361704540738827	138.0	21	1.05	0.95				
	205	1	28.151896752982452	5.551078232982456	0.0	0.0	2	1.0331085272432776	-7.570754697911063	138.0	21	1.05	0.95				
	206	1	53.92475997754386	11.102156465964912	0.0	-100.0	2	1.0454750676525986	-8.9461855012941	138.0	22	1.05	0.95				
	207	2	49.56319850877192	9.912639701754385	0.0	0.0	2	0.9917159823970773	-14.726562187640608	138.0	22	1.05	0.95				
	208	1	67.80245555999998	13.877695582456138	0.0	0.0	2	0.9994335387648893	-12.96729483412771	138.0	22	1.05	0.95				
	209	1	69.38847791228069	14.274201170526313	0.0	0.0	2	1.0229781359304926	-7.223559948490639	138.0	23	1.05	0.95				
	210	1	77.3185896736842	15.860223522807015	0.0	0.0	2	1.05	-8.146505445949282	138.0	23	1.05	0.95				
	211	1	0.0	0.0	0.0	0.0	2	1.0031197292807694	-4.770738034531506	230.0	23	1.05	0.95				
	212	1	0.0	0.0	0.0	0.0	2	1.007714493835175	-4.270760972321417	230.0	23	1.05	0.95				
	213	2	105.07398083859647	21.411301755789474	0.0	0.0	2	0.9958614126637286	-3.915199878519593	230.0	24	1.05	0.95				
	214	2	76.92208408561402	15.46371793473684	0.0	0.0	2	1.002027101492345	-2.470009958078453	230.0	26	1.05	0.95				
	215	2	125.6922714182456	25.376357636491225	0.0	0.0	2	1.0239115633196734	3.2413921664441863	230.0	26	1.05	0.95				
	216	2	39.65055880701754	7.9301117614035075	0.0	0.0	2	1.0248511814798793	3.14257164002836	230.0	26	1.05	0.95				
	217	1	0.0	0.0	0.0	0.0	2	1.0308512699838153	5.461888287703342	230.0	27	1.05	0.95				
	218	2	132.0363608273684	26.96237998877193	0.0	0.0	2	1.0318621216828026	5.723987237252043	230.0	27	1.05	0.95				
	219	1	71.76751144070175	14.670706758596488	0.0	0.0	2	1.024876367995445	2.4445741067717686	230.0	25	1.05	0.95				
	220	1	50.75271527298245	10.30914528982456	0.0	0.0	2	1.0274370275173401	2.6160190205250515	230.0	25	1.05	0.95				
	221	2	0.0	0.0	0.0	0.0	2	1.0323938842269982	5.667301809881024	230.0	27	1.05	0.95				
	222	2	0.0	0.0	0.0	0.0	2	1.05	12.080962215509185	230.0	27	1.05	0.95				
	223	2	0.0	0.0	0.0	0.0	2	1.0292803811172242	3.0143269917750475	230.0	25	1.05	0.95				
	224	1	0.0	0.0	0.0	0.0	2	1.0109672745159495	-0.08133301619240219	230.0	26	1.05	0.95				
	301	2	45.355900016842114	9.239164818245614	0.0	0.0	3	1.0065494118144558	-21.532189230283436	138.0	31	1.05	0.95				
	302	2	40.7363176077193	8.39924074385965	0.0	0.0	3	1.0065207641675926	-21.602517443596348	138.0	32	1.05	0.95				
	303	1	75.59316669473685	15.538595376140352	0.0	0.0	3	1.0203697632526467	-16.934030888957057	138.0	31	1.05	0.95				
	304	1	31.077190752280703	6.299430557894736	0.0	0.0	3	1.0107612306615317	-19.85181787145644	138.0	31	1.05	0.95				
	305	1	29.817304640701753	5.879468520701756	0.0	0.0	3	1.0228210342698094	-20.953394611919133	138.0	31	1.05	0.95				
	306	1	57.11483705824561	11.758937041403511	0.0	-100.0	3	1.0403298212860779	-21.127688165728454	138.0	32	1.05	0.95				
	307	2	52.49525464912281	10.499050929824563	0.0	0.0	3	0.9943177178527106	-25.354057819175146	138.0	32	1.05	0.95				
	308	1	71.81350836	14.698671301754384	0.0	0.0	3	1.000944790870427	-23.474834948827535	138.0	32	1.05	0.95				
	309	1	73.49335650877194	15.118633338947369	0.0	0.0	3	1.0276817842940074	-16.710270393870257	138.0	33	1.05	0.95				
	310	1	81.89259725263159	16.7984814877193	0.0	0.0	3	1.05	-19.022571087801463	138.0	33	1.05	0.95				
	311	1	0.0	0.0	0.0	0.0	3	1.0074087527138156	-13.552310870869222	230.0	33	1.05	0.95				
	312	1	0.0	0.0	0.0	0.0	3	1.0117510596837032	-12.900127472670812	230.0	33	1.05	0.95				
	313	2	111.28993985614035	22.677950008421057	0.0	0.0	3	1.0105187263452182	-10.042176005593879	230.0	34	1.05	0.95				
	314	2	81.4726352154386	16.378519450526316	0.0	0.0	3	1.0046731428065787	-12.190977327739832	230.0	36	1.05	0.95				
	315	2	133.12796579017544	26.87757038035088	0.0	0.0	3	1.0283751694291052	-8.673229365993555	230.0	36	1.05	0.95				
	316	2	41.99620371929825	8.39924074385965	0.0	0.0	3	1.0280441437714125	-7.758535133058006	230.0	36	1.05	0.95				
	317	1	0.0	0.0	0.0	0.0	3	1.033008618465069	-6.575184521621854	230.0	37	1.05	0.95				
	318	2	139.84735838526316	28.557418529122806	0.0	0.0	3	1.032244544802629	-6.563361443956173	230.0	37	1.05	0.95				
	319	1	76.01312873192984	15.538595376140352	0.0	0.0	3	1.025511937497905	-8.139203022664319	230.0	35	1.05	0.95				
	320	1	53.75514076070176	10.919012967017546	0.0	0.0	3	1.0260791365166502	-7.649237401860428	230.0	35	1.05	0.95				
	321	2	0.0	0.0	0.0	0.0	3	1.0331338542532877	-6.743481822959956	230.0	37	1.05	0.95				
	322	2	0.0	0.0	0.0	0.0	3	1.0463116687107448	-2.3399713971805123	230.0	37	1.05	0.95				
	323	2	0.0	0.0	0.0	0.0	3	1.0270215346627714	-7.056309362031444	230.0	35	1.05	0.95				
	324	1	0.0	0.0	0.0	0.0	3	1.014993642731497	-11.771680572965813	230.0	36	1.05	0.95				
	325	1	0.0	0.0	0.0	0.0	3	1.0238127377509858	-5.720126412936128	230.0	35	1.05	0.95				
];
