%% MATPOWER Case Format : Version 2
function mpc = RTS_GMLC
mpc.version = '2';

%%-----  Power Flow Data  -----%%
%% system MVA base
mpc.baseMVA = 100.0;
%% bus data
%    bus_i    type    Pd    Qd    Gs    Bs    area    Vm    Va    baseKV    zone    Vmax    Vmin
mpc.bus = [
	101	2	39.798614538947376	8.10712518385965	0.0	0.0	1	1.0340628790165485	3.8400505887400924	138.0	11	1.05	0.95				
	102	2	35.745051947017544	7.370113803508772	0.0	0.0	1	1.03310369649236	3.562448181030148	138.0	12	1.05	0.95				
	103	1	66.33102423157895	13.634710536491228	0.0	0.0	1	1.0321708345384144	2.792909542402763	138.0	11	1.05	0.95				
	104	1	27.269421072982457	5.527585352631579	0.0	0.0	1	1.0222442470748954	0.42451050086420594	138.0	11	1.05	0.95				
	105	1	26.16390400245614	5.159079662456141	0.0	0.0	1	1.036817850733703	0.6004619889804205	138.0	11	1.05	0.95				
	106	1	50.116773863859656	10.318159324912282	0.0	-100.0	1	1.0470122926047056	-1.6428422611902418	138.0	12	1.05	0.95				
	107	2	46.06321127192983	9.212642254385965	0.0	0.0	1	1.0002293422076092	-7.255145862143686	138.0	12	1.05	0.95				
	108	1	63.01447302	12.89769915614035	0.0	0.0	1	1.0059430168035166	-5.783043743891723	138.0	12	1.05	0.95				
	109	1	64.48849578070175	13.266204846315791	0.0	0.0	1	1.0243400257035724	-0.647852138953863	138.0	13	1.05	0.95				
	110	1	71.85860958421053	14.740227607017545	0.0	0.0	1	1.05	-1.524024081725025	138.0	13	1.05	0.95				
	111	1	0.0	0.0	0.0	0.0	1	1.0026357809580364	0.8498221646985119	230.0	13	1.05	0.95				
	112	1	0.0	0.0	0.0	0.0	1	1.0065213065797534	0.3321779908653441	230.0	13	1.05	0.95				
	113	3	97.65400789649122	19.899307269473688	0.0	0.0	1	0.9903853185390913	-7.990545831077615e-31	230.0	14	1.05	0.95				
	114	2	71.49010389403509	14.371721916842105	0.0	0.0	1	1.002610565855554	3.648071849025105	230.0	16	1.05	0.95				
	115	2	116.81630378561402	23.58436417122807	0.0	0.0	1	1.040940185855182	10.858543624116626	230.0	16	1.05	0.95				
	116	2	36.85056901754386	7.370113803508772	0.0	0.0	1	1.0350587602319488	9.669955628471342	230.0	16	1.05	0.95				
	117	1	0.0	0.0	0.0	0.0	1	1.0407979450823055	14.125872652893383	230.0	17	1.05	0.95				
	118	2	122.71239482842107	25.058386931929828	0.0	0.0	1	1.048368899341183	14.399494258901004	230.0	17	1.05	0.95				
	119	1	66.69952992175439	13.634710536491228	0.0	0.0	1	1.0238784987403813	6.890320608528122	230.0	15	1.05	0.95				
	120	1	47.16872834245614	9.581147944561403	0.0	0.0	1	1.018008181669803	5.162611636163786	230.0	15	1.05	0.95				
	121	2	0.0	0.0	0.0	0.0	1	1.05	15.536591548020033	230.0	17	1.05	0.95				
	122	2	0.0	0.0	0.0	0.0	1	1.05	30.101322605963993	230.0	17	1.05	0.95				
	123	2	0.0	0.0	0.0	0.0	1	1.01519589785528	4.495714250664441	230.0	15	1.05	0.95				
	124	1	0.0	0.0	0.0	0.0	1	1.0273540475667695	7.8359042726913986	230.0	16	1.05	0.95				
	201	2	37.79065008757895	7.698095388210527	0.0	0.0	2	1.0139871174417798	-10.185516191247926	138.0	21	1.05	0.95				
	202	2	33.94160239347369	6.998268534736843	0.0	0.0	2	1.0131216647966665	-10.446589342144973	138.0	22	1.05	0.95				
	203	1	62.98441681263158	12.946796789263157	0.0	0.0	2	1.0157262359988641	-7.070941980099527	138.0	21	1.05	0.95				
	204	1	25.893593578526314	5.248701401052632	0.0	0.0	2	1.0132229641815278	-10.225934419958314	138.0	21	1.05	0.95				
	205	1	24.84385329831579	4.89878797431579	0.0	0.0	2	1.0278828444805503	-10.575298389599464	138.0	21	1.05	0.95				
	206	1	47.58822603621053	9.79757594863158	0.0	-100.0	2	1.0439560613570762	-11.255068858963272	138.0	22	1.05	0.95				
	207	2	43.73917834210527	8.747835668421052	0.0	0.0	2	0.9966060463739631	-15.376184024457967	138.0	22	1.05	0.95				
	208	1	59.835195972	12.246969935789473	0.0	0.0	2	1.0040305033126173	-13.848935642148941	138.0	22	1.05	0.95				
	209	1	61.23484967894737	12.596883362526315	0.0	0.0	2	1.022749755298494	-8.588644079094564	138.0	23	1.05	0.95				
	210	1	68.23311821368421	13.996537069473685	0.0	0.0	2	1.05	-9.83596056308342	138.0	23	1.05	0.95				
	211	1	0.0	0.0	0.0	0.0	2	1.0026551584928831	-5.916352039699163	230.0	23	1.05	0.95				
	212	1	0.0	0.0	0.0	0.0	2	1.0059139066255993	-5.149268459184246	230.0	23	1.05	0.95				
	213	2	92.72705808526315	18.895325043789477	0.0	0.0	2	0.9968334395525449	-4.556897423604662	230.0	24	1.05	0.95				
	214	2	67.88320478694737	13.646623642736843	0.0	0.0	2	1.0011577601672463	-3.6638911331951367	230.0	26	1.05	0.95				
	215	2	110.92255627557894	22.394459311157895	0.0	0.0	2	1.0179360930690493	1.5995927282417024	230.0	26	1.05	0.95				
	216	2	34.99134267368421	6.998268534736843	0.0	0.0	2	1.0191718521872901	1.6275276774277134	230.0	26	1.05	0.95				
	217	1	0.0	0.0	0.0	0.0	2	1.0241376814190568	3.0283564982680953	230.0	27	1.05	0.95				
	218	2	116.52117110336843	23.794113018105264	0.0	0.0	2	1.0234757296092492	2.6339106408476782	230.0	27	1.05	0.95				
	219	1	63.33433023936842	12.946796789263157	0.0	0.0	2	1.0202227016903558	1.7286807282845056	230.0	25	1.05	0.95				
	220	1	44.78891862231579	9.097749095157894	0.0	0.0	2	1.0231203797370076	2.509422009605685	230.0	25	1.05	0.95				
	221	2	0.0	0.0	0.0	0.0	2	1.025238637418103	3.092865792791458	230.0	27	1.05	0.95				
	222	2	0.0	0.0	0.0	0.0	2	1.047195779509417	9.593032861572262	230.0	27	1.05	0.95				
	223	2	0.0	0.0	0.0	0.0	2	1.0251134649887466	3.209109357397551	230.0	25	1.05	0.95				
	224	1	0.0	0.0	0.0	0.0	2	1.0063951568097498	-1.673375757149843	230.0	26	1.05	0.95				
	301	2	42.16134133894737	8.588421383859648	0.0	0.0	3	1.0093969683082755	-12.942368083427198	138.0	31	1.05	0.95				
	302	2	37.86713064701755	7.807655803508773	0.0	0.0	3	1.009332852548586	-13.043563319610918	138.0	32	1.05	0.95				
	303	1	70.26890223157895	14.444163236491228	0.0	0.0	3	1.023234044538249	-8.086904317886274	138.0	31	1.05	0.95				
	304	1	28.888326472982456	5.855741852631578	0.0	0.0	3	1.0117052693776307	-11.73702111598668	138.0	31	1.05	0.95				
	305	1	27.717178102456135	5.46535906245614	0.0	0.0	3	1.0247433300245263	-12.432223145927127	138.0	31	1.05	0.95				
	306	1	53.092059463859655	10.93071812491228	0.0	-100.0	3	1.0418839441193979	-12.626433452884562	138.0	32	1.05	0.95				
	307	2	48.79784877192982	9.759569754385964	0.0	0.0	3	0.992192849945385	-16.76324969036745	138.0	32	1.05	0.95				
	308	1	66.75545711999999	13.663397656140349	0.0	0.0	3	1.0004701143303267	-15.044241944308757	138.0	32	1.05	0.95				
	309	1	68.31698828070175	14.05378044631579	0.0	0.0	3	1.0254420738090928	-9.0638073459355	138.0	33	1.05	0.95				
	310	1	76.12464408421053	15.615311607017546	0.0	0.0	3	1.05	-10.663869358145384	138.0	33	1.05	0.95				
	311	1	0.0	0.0	0.0	0.0	3	1.0047026142945705	-5.4969518802374155	230.0	33	1.05	0.95				
	312	1	0.0	0.0	0.0	0.0	3	1.0098083022597508	-4.903111871287983	230.0	33	1.05	0.95				
	313	2	103.45143939649122	21.080670669473687	0.0	0.0	3	1.0083283582771885	-1.9662744835679409	230.0	34	1.05	0.95				
	314	2	75.7342612940351	15.224928816842107	0.0	0.0	3	0.9999649565325104	-4.088052145640106	230.0	36	1.05	0.95				
	315	2	123.75134448561403	24.98449857122807	0.0	0.0	3	1.0264493933127077	-0.44078152986846114	230.0	36	1.05	0.95				
	316	2	39.03827901754386	7.807655803508773	0.0	0.0	3	1.0258016175706708	0.2048410225660352	230.0	36	1.05	0.95				
	317	1	0.0	0.0	0.0	0.0	3	1.0342469682808069	2.8249345828471353	230.0	37	1.05	0.95				
	318	2	129.99746912842105	26.546029731929828	0.0	0.0	3	1.031617329217873	1.829433412112785	230.0	37	1.05	0.95				
	319	1	70.65928502175439	14.444163236491228	0.0	0.0	3	1.0228458459595318	-0.18093189450300629	230.0	35	1.05	0.95				
	320	1	49.96899714245614	10.149952544561405	0.0	0.0	3	1.022711076315836	0.2517309226380422	230.0	35	1.05	0.95				
	321	2	0.0	0.0	0.0	0.0	3	1.032262901355601	1.643962218176269	230.0	37	1.05	0.95				
	322	2	0.0	0.0	0.0	0.0	3	1.0465688530242536	6.442784543009495	230.0	37	1.05	0.95				
	323	2	0.0	0.0	0.0	0.0	3	1.0231195840149034	0.793731545415605	230.0	35	1.05	0.95				
	324	1	0.0	0.0	0.0	0.0	3	1.015525905332165	-3.3227612758808123	230.0	36	1.05	0.95				
	325	1	0.0	0.0	0.0	0.0	3	1.0210380944625355	2.047280825556349	230.0	35	1.05	0.95				
];
