%% MATPOWER Case Format : Version 2
function mpc = RTS_GMLC
mpc.version = '2';

%%-----  Power Flow Data  -----%%
%% system MVA base
mpc.baseMVA = 100.0;
%% bus data
%    bus_i    type    Pd    Qd    Gs    Bs    area    Vm    Va    baseKV    zone    Vmax    Vmin
mpc.bus = [
	101	2	36.73923800210527	7.483918852280702	0.0	0.0	1	1.0338036801739123	3.371505265127178	138.0	11	1.05	0.95				
	102	2	32.99727857596491	6.803562592982456	0.0	0.0	1	1.0329371716278997	3.1383524698755587	138.0	12	1.05	0.95				
	103	1	61.2320633368421	12.586590797017545	0.0	0.0	1	1.0289509308356608	0.770151401856941	138.0	11	1.05	0.95				
	104	1	25.17318159403509	5.102671944736842	0.0	0.0	1	1.0227218618840048	0.004848817836773013	138.0	11	1.05	0.95				
	105	1	24.152647205087717	4.76249381508772	0.0	0.0	1	1.037206174122808	0.33144728215810515	138.0	11	1.05	0.95				
	106	1	46.264225632280706	9.52498763017544	0.0	-100.0	1	1.047883995706063	-1.770877945936443	138.0	12	1.05	0.95				
	107	2	42.52226620614035	8.50445324122807	0.0	0.0	1	1.000722123901321	-6.481345059620217	138.0	12	1.05	0.95				
	108	1	58.17046016999999	11.906234537719298	0.0	0.0	1	1.007549710043913	-5.399892144460976	138.0	12	1.05	0.95				
	109	1	59.53117268859649	12.246412667368421	0.0	0.0	1	1.0243867851803405	-1.1770237859072523	138.0	13	1.05	0.95				
	110	1	66.33473528157894	13.607125185964913	0.0	0.0	1	1.05	-1.6777248423136955	138.0	13	1.05	0.95				
	111	1	0.0	0.0	0.0	0.0	1	1.0005391886892263	0.019380506194612956	230.0	13	1.05	0.95				
	112	1	0.0	0.0	0.0	0.0	1	1.0053515601123968	0.3845474914101952	230.0	13	1.05	0.95				
	113	3	90.14720435701754	18.369619001052634	0.0	0.0	1	0.9885730697408125	-1.5883225986125077e-30	230.0	14	1.05	0.95				
	114	2	65.99455715192983	13.26694705631579	0.0	0.0	1	0.9962137497688074	1.6231928133829574	230.0	16	1.05	0.95				
	115	2	107.83646709877192	21.77140029754386	0.0	0.0	1	1.0324727158616085	5.856514638157653	230.0	16	1.05	0.95				
	116	2	34.01781296491228	6.803562592982456	0.0	0.0	1	1.0279290863807615	5.825524792167516	230.0	16	1.05	0.95				
	117	1	0.0	0.0	0.0	0.0	1	1.0376999539698621	7.491496421543456	230.0	17	1.05	0.95				
	118	2	113.27931717315789	23.132112816140353	0.0	0.0	1	1.0406589577371186	7.454274884971763	230.0	17	1.05	0.95				
	119	1	61.57224146649123	12.586590797017545	0.0	0.0	1	1.0215461950832052	5.156870990578849	230.0	15	1.05	0.95				
	120	1	43.54280059508772	8.844631370877194	0.0	0.0	1	1.017892238105072	5.24512974704498	230.0	15	1.05	0.95				
	121	2	0.0	0.0	0.0	0.0	1	1.0450262520348668	8.200704610211902	230.0	17	1.05	0.95				
	122	2	0.0	0.0	0.0	0.0	1	1.05	14.454155221342887	230.0	17	1.05	0.95				
	123	2	0.0	0.0	0.0	0.0	1	1.0160589543335388	5.564373686973691	230.0	15	1.05	0.95				
	124	1	0.0	0.0	0.0	0.0	1	1.0237654145895863	3.944811183635447	230.0	16	1.05	0.95				
	201	2	34.74767826189474	7.078230757052633	0.0	0.0	2	1.0166351919267431	-7.4044184913627955	138.0	21	1.05	0.95				
	202	2	31.20856288336842	6.4347552336842115	0.0	0.0	2	1.0160398979613754	-7.514772435147132	138.0	22	1.05	0.95				
	203	1	57.9127971031579	11.90429718231579	0.0	0.0	2	1.0166716203412853	-5.682334091324127	138.0	21	1.05	0.95				
	204	1	23.80859436463158	4.826066425263158	0.0	0.0	2	1.0151573712173665	-8.060237922372485	138.0	21	1.05	0.95				
	205	1	22.843381079578947	4.5043286635789475	0.0	0.0	2	1.029625223431864	-8.310094237361149	138.0	21	1.05	0.95				
	206	1	43.75633558905264	9.008657327157895	0.0	-100.0	2	1.045348127241989	-9.209020302621752	138.0	22	1.05	0.95				
	207	2	40.217220210526314	8.043444042105264	0.0	0.0	2	0.9950765460065076	-13.263369098920801	138.0	22	1.05	0.95				
	208	1	55.017157248000004	11.260821658947368	0.0	0.0	2	1.0041964768455516	-11.891981596156608	138.0	22	1.05	0.95				
	209	1	56.30410829473684	11.58255942063158	0.0	0.0	2	1.0226034927564294	-7.1616781326800005	138.0	23	1.05	0.95				
	210	1	62.73886352842105	12.869510467368423	0.0	0.0	2	1.05	-8.179401618728686	138.0	23	1.05	0.95				
	211	1	0.0	0.0	0.0	0.0	2	1.0004623716582808	-4.892856699401724	230.0	23	1.05	0.95				
	212	1	0.0	0.0	0.0	0.0	2	1.0060997834225858	-4.411961262963379	230.0	23	1.05	0.95				
	213	2	85.26050684631579	17.37383913094737	0.0	0.0	2	0.9939329085802703	-3.9557527209516996	230.0	24	1.05	0.95				
	214	2	62.41712576673684	12.547772705684213	0.0	0.0	2	0.9958204663548106	-2.7724301464871624	230.0	26	1.05	0.95				
	215	2	101.99087045389474	20.591216747789474	0.0	0.0	2	1.0162411886116354	2.1969308685167137	230.0	26	1.05	0.95				
	216	2	32.17377616842106	6.4347552336842115	0.0	0.0	2	1.0173326878534872	2.1176313210463698	230.0	26	1.05	0.95				
	217	1	0.0	0.0	0.0	0.0	2	1.022937091909428	3.712243494191039	230.0	27	1.05	0.95				
	218	2	107.1386746408421	21.87816779452632	0.0	0.0	2	1.0223534748618597	3.3467132007283498	230.0	27	1.05	0.95				
	219	1	58.23453486484211	11.90429718231579	0.0	0.0	2	1.0185764676641846	1.6995570407740739	230.0	25	1.05	0.95				
	220	1	41.18243349557895	8.365181803789474	0.0	0.0	2	1.0213042003891206	1.978463579907797	230.0	25	1.05	0.95				
	221	2	0.0	0.0	0.0	0.0	2	1.0239436667878785	3.7682182575643695	230.0	27	1.05	0.95				
	222	2	0.0	0.0	0.0	0.0	2	1.0460200810007232	10.286631421124405	230.0	27	1.05	0.95				
	223	2	0.0	0.0	0.0	0.0	2	1.0229258168996287	2.3831132548202856	230.0	25	1.05	0.95				
	224	1	0.0	0.0	0.0	0.0	2	1.0065455989480676	-0.7852333894417007	230.0	26	1.05	0.95				
	301	2	45.57798166736842	9.284403672982455	0.0	0.0	3	1.0081384152011446	-21.893412121611416	138.0	31	1.05	0.95				
	302	2	40.93577983087719	8.440366975438597	0.0	0.0	3	1.0079314962732133	-22.009501012584437	138.0	32	1.05	0.95				
	303	1	75.96330277894737	15.614678904561401	0.0	0.0	3	1.0245999795627458	-16.271899412897795	138.0	31	1.05	0.95				
	304	1	31.229357809122803	6.330275231578947	0.0	0.0	3	1.0107873352124555	-20.568023571390647	138.0	31	1.05	0.95				
	305	1	29.963302762807015	5.908256882807017	0.0	0.0	3	1.0236497338939825	-21.42786673343796	138.0	31	1.05	0.95				
	306	1	57.39449543298245	11.816513765614035	0.0	-100.0	3	1.0406249712624152	-21.67393998446338	138.0	32	1.05	0.95				
	307	2	52.75229359649123	10.550458719298245	0.0	0.0	3	0.9944564819948029	-26.175927049856703	138.0	32	1.05	0.95				
	308	1	72.16513763999998	14.770642207017543	0.0	0.0	3	1.0006611639328744	-24.280305873573788	138.0	32	1.05	0.95				
	309	1	73.85321103508771	15.192660555789473	0.0	0.0	3	1.026299736007527	-17.660959644005633	138.0	33	1.05	0.95				
	310	1	82.2935780105263	16.880733950877193	0.0	0.0	3	1.05	-19.603279366669977	138.0	33	1.05	0.95				
	311	1	0.0	0.0	0.0	0.0	3	1.0073430325316883	-14.117432141359172	230.0	33	1.05	0.95				
	312	1	0.0	0.0	0.0	0.0	3	1.011015203647414	-13.52108260021865	230.0	33	1.05	0.95				
	313	2	111.8348624245614	22.78899083368421	0.0	0.0	3	1.0100950741784824	-10.60191020930299	230.0	34	1.05	0.95				
	314	2	81.87155966175438	16.45871560210526	0.0	0.0	3	1.0061530651018844	-12.568867167631424	230.0	36	1.05	0.95				
	315	2	133.77981656070176	27.009174321403506	0.0	0.0	3	1.028024186902227	-8.680984348863156	230.0	36	1.05	0.95				
	316	2	42.20183487719298	8.440366975438597	0.0	0.0	3	1.0278917366342566	-7.8451182379283795	230.0	36	1.05	0.95				
	317	1	0.0	0.0	0.0	0.0	3	1.0323986922601547	-6.48410919480542	230.0	37	1.05	0.95				
	318	2	140.5321101410526	28.697247716491226	0.0	0.0	3	1.0309926993459444	-6.563321285108651	230.0	37	1.05	0.95				
	319	1	76.3853211277193	15.614678904561401	0.0	0.0	3	1.02536916158958	-8.372307254005692	230.0	35	1.05	0.95				
	320	1	54.01834864280701	10.972477068070175	0.0	0.0	3	1.0259834149682985	-8.005735257641833	230.0	35	1.05	0.95				
	321	2	0.0	0.0	0.0	0.0	3	1.03221551074299	-6.741242703149584	230.0	37	1.05	0.95				
	322	2	0.0	0.0	0.0	0.0	3	1.0455232021630565	-2.2961906797466125	230.0	37	1.05	0.95				
	323	2	0.0	0.0	0.0	0.0	3	1.026927323868887	-7.479101389618777	230.0	35	1.05	0.95				
	324	1	0.0	0.0	0.0	0.0	3	1.0170636767030368	-11.541415471209143	230.0	36	1.05	0.95				
	325	1	0.0	0.0	0.0	0.0	3	1.0236303832474285	-6.164180095305032	230.0	35	1.05	0.95				
];
