%% MATPOWER Case Format : Version 2
function mpc = RTS_GMLC
mpc.version = '2';

%%-----  Power Flow Data  -----%%
%% system MVA base
mpc.baseMVA = 100.0;
%% bus data
%    bus_i    type    Pd    Qd    Gs    Bs    area    Vm    Va    baseKV    zone    Vmax    Vmin
mpc.bus = [
	101	2	45.27610093894737	9.222909450526316	0.0	0.0	1	1.0327755219880677	2.0404519010364215	138.0	11	1.05	0.95				
	102	2	40.66464621368421	8.384463136842106	0.0	0.0	1	1.03180221980921	1.7556769566094914	138.0	12	1.05	0.95				
	103	1	75.46016823157895	15.511256803157893	0.0	0.0	1	1.0308002680085062	1.434902240256541	138.0	11	1.05	0.95				
	104	1	31.022513606315787	6.288347352631579	0.0	0.0	1	1.0209550922651924	-1.2027584771512043	138.0	11	1.05	0.95				
	105	1	29.76484413578947	5.869124195789474	0.0	0.0	1	1.0356137798575877	-1.0807514503781248	138.0	11	1.05	0.95				
	106	1	57.014349330526315	11.738248391578948	0.0	-100.0	1	1.0453973415551052	-3.299130515607073	138.0	12	1.05	0.95				
	107	2	52.402894605263164	10.480578921052631	0.0	0.0	1	0.9994849135381724	-9.178435955752247	138.0	12	1.05	0.95				
	108	1	71.68715982	14.672810489473683	0.0	0.0	1	1.0037792186701808	-7.614994815664236	138.0	12	1.05	0.95				
	109	1	73.36405244736842	15.09203364631579	0.0	0.0	1	1.0246066123651725	-1.9193968640271226	138.0	13	1.05	0.95				
	110	1	81.74851558421052	16.76892627368421	0.0	0.0	1	1.05	-2.9208440405557243	138.0	13	1.05	0.95				
	111	1	0.0	0.0	0.0	0.0	1	1.0048662903393575	0.10933242427974438	230.0	13	1.05	0.95				
	112	1	0.0	0.0	0.0	0.0	1	1.0083334888409905	-0.3827422787571818	230.0	13	1.05	0.95				
	113	3	111.0941365631579	22.638050469473686	0.0	0.0	1	0.99519169521635	-4.447068467239905e-29	230.0	14	1.05	0.95				
	114	2	81.32929242736842	16.349703116842107	0.0	0.0	1	1.0060355747226388	2.8477404264150183	230.0	16	1.05	0.95				
	115	2	132.89374071894738	26.830282037894737	0.0	0.0	1	1.0425158440596658	10.324310725633284	230.0	16	1.05	0.95				
	116	2	41.922315684210524	8.384463136842106	0.0	0.0	1	1.0359793703381566	9.131426285449532	230.0	16	1.05	0.95				
	117	1	0.0	0.0	0.0	0.0	1	1.0406516789194926	13.952729688186807	230.0	17	1.05	0.95				
	118	2	139.60131122842105	28.507174665263157	0.0	0.0	1	1.0493788432491884	14.169360375840734	230.0	17	1.05	0.95				
	119	1	75.87939138842106	15.511256803157893	0.0	0.0	1	1.025082965617132	6.189443631887124	230.0	15	1.05	0.95				
	120	1	53.66056407578947	10.899802077894737	0.0	0.0	1	1.0202088178604065	4.417495343699904	230.0	15	1.05	0.95				
	121	2	0.0	0.0	0.0	0.0	1	1.05	15.384055538335398	230.0	17	1.05	0.95				
	122	2	0.0	0.0	0.0	0.0	1	1.05	31.90649528231665	230.0	17	1.05	0.95				
	123	2	0.0	0.0	0.0	0.0	1	1.0181818888336187	3.764276058714303	230.0	15	1.05	0.95				
	124	1	0.0	0.0	0.0	0.0	1	1.026908124397201	7.001327106012105	230.0	16	1.05	0.95				
	201	2	42.22760900210527	8.601920352280702	0.0	0.0	2	1.0176965706638297	-10.748227810497399	138.0	21	1.05	0.95				
	202	2	37.92664882596492	7.819927592982456	0.0	0.0	2	1.0175504844847212	-10.828854718720335	138.0	22	1.05	0.95				
	203	1	70.37934833684211	14.466866047017543	0.0	0.0	2	1.0160499386564699	-8.563471495153587	138.0	21	1.05	0.95				
	204	1	28.933732094035086	5.864945694736842	0.0	0.0	2	1.0146456626305869	-11.326341222145802	138.0	21	1.05	0.95				
	205	1	27.760742955087718	5.47394931508772	0.0	0.0	2	1.0292083334160258	-11.647256051923264	138.0	21	1.05	0.95				
	206	1	53.175507632280706	10.94789863017544	0.0	-100.0	2	1.0437644884842066	-12.58805995659755	138.0	22	1.05	0.95				
	207	2	48.87454745614035	9.77490949122807	0.0	0.0	2	0.9941229323883676	-17.655996159976137	138.0	22	1.05	0.95				
	208	1	66.86038092	13.684873287719299	0.0	0.0	2	1.0010334842937618	-15.917958539782326	138.0	22	1.05	0.95				
	209	1	68.4243664385965	14.075869667368421	0.0	0.0	2	1.0229700202888914	-10.110277138491744	138.0	23	1.05	0.95				
	210	1	76.24429403157895	15.639855185964912	0.0	0.0	2	1.05	-11.292636597726354	138.0	23	1.05	0.95				
	211	1	0.0	0.0	0.0	0.0	2	1.0043044881219148	-7.363968463928158	230.0	23	1.05	0.95				
	212	1	0.0	0.0	0.0	0.0	2	1.0076081453246033	-6.490439318548707	230.0	23	1.05	0.95				
	213	2	103.61404060701753	21.113804501052634	0.0	0.0	2	0.9995958689447608	-5.963928555420981	230.0	24	1.05	0.95				
	214	2	75.85329765192984	15.248858806315791	0.0	0.0	2	1.0034923256955983	-5.122595229747179	230.0	26	1.05	0.95				
	215	2	123.94585234877194	25.023768297543857	0.0	0.0	2	1.021005703042593	0.42940097342665645	230.0	26	1.05	0.95				
	216	2	39.09963796491228	7.819927592982456	0.0	0.0	2	1.0224372724522648	0.4059774222537746	230.0	26	1.05	0.95				
	217	1	0.0	0.0	0.0	0.0	2	1.0270840044279204	1.8297086623493757	230.0	27	1.05	0.95				
	218	2	130.20179442315788	26.587753816140353	0.0	0.0	2	1.0262960909425454	1.3682669069644249	230.0	27	1.05	0.95				
	219	1	70.77034471649122	14.466866047017543	0.0	0.0	2	1.0239397916841417	0.5670507209243292	230.0	25	1.05	0.95				
	220	1	50.04753659508771	10.165905870877195	0.0	0.0	2	1.0277161975621947	1.4730238896622907	230.0	25	1.05	0.95				
	221	2	0.0	0.0	0.0	0.0	2	1.0281221057515246	1.857506776100562	230.0	27	1.05	0.95				
	222	2	0.0	0.0	0.0	0.0	2	1.0499986830893993	8.336705721156067	230.0	27	1.05	0.95				
	223	2	0.0	0.0	0.0	0.0	2	1.0304257208607077	2.2681985867867915	230.0	25	1.05	0.95				
	224	1	0.0	0.0	0.0	0.0	2	1.0080482719235135	-2.955786302432437	230.0	26	1.05	0.95				
	301	2	51.50585258526317	10.491932934035088	0.0	0.0	3	1.006913915296277	-14.661599133818376	138.0	31	1.05	0.95				
	302	2	46.25988611824561	9.538120849122809	0.0	0.0	3	1.0064449020820816	-14.760705902431457	138.0	32	1.05	0.95				
	303	1	85.84308764210526	17.645523570877195	0.0	0.0	3	1.0274484728428108	-8.395967495179962	138.0	31	1.05	0.95				
	304	1	35.29104714175439	7.153590636842106	0.0	0.0	3	1.0106317185629805	-12.686184716118285	138.0	31	1.05	0.95				
	305	1	33.86032901438597	6.676684594385966	0.0	0.0	3	1.0222337036529325	-14.258140549689966	138.0	31	1.05	0.95				
	306	1	64.85922177403509	13.353369188771932	0.0	-100.0	3	1.0386600862986866	-14.575938601042612	138.0	32	1.05	0.95				
	307	2	59.613255307017546	11.92265106140351	0.0	0.0	3	0.9928734898843254	-19.29180685307356	138.0	32	1.05	0.95				
	308	1	81.55093326000001	16.691711485964912	0.0	0.0	3	0.998172352630922	-17.11325732322637	138.0	32	1.05	0.95				
	309	1	83.45855742982457	17.168617528421056	0.0	0.0	3	1.0301834686216427	-9.063929739216574	138.0	33	1.05	0.95				
	310	1	92.99667827894737	19.076241698245617	0.0	0.0	3	1.05	-12.320271402919143	138.0	33	1.05	0.95				
	311	1	0.0	0.0	0.0	0.0	3	1.0114432004208513	-6.3658912870328646	230.0	33	1.05	0.95				
	312	1	0.0	0.0	0.0	0.0	3	1.0145444452774741	-5.788686267930998	230.0	33	1.05	0.95				
	313	2	126.3801012508772	25.752926292631585	0.0	0.0	3	1.0136254727053746	-3.0537823948579006	230.0	34	1.05	0.95				
	314	2	92.51977223649122	18.599335655789474	0.0	0.0	3	1.012479511918239	-4.844439724691959	230.0	36	1.05	0.95				
	315	2	151.1792154585965	30.521986717192984	0.0	0.0	3	1.0392428724132823	-0.2975142628210637	230.0	36	1.05	0.95				
	316	2	47.69060424561404	9.538120849122809	0.0	0.0	3	1.0388426142563332	0.13085439710817467	230.0	36	1.05	0.95				
	317	1	0.0	0.0	0.0	0.0	3	1.0486370153212676	4.795078696531266	230.0	37	1.05	0.95				
	318	2	158.80971213789473	32.429610887017546	0.0	0.0	3	1.045015777660298	2.989761584755279	230.0	37	1.05	0.95				
	319	1	86.31999368456141	17.645523570877195	0.0	0.0	3	1.033648013643628	-0.6351545421318054	230.0	35	1.05	0.95				
	320	1	61.04397343438597	12.39955710385965	0.0	0.0	3	1.0325685961635696	-0.38762014836925746	230.0	35	1.05	0.95				
	321	2	0.0	0.0	0.0	0.0	3	1.044520379608423	2.4991658465325948	230.0	37	1.05	0.95				
	322	2	0.0	0.0	0.0	0.0	3	1.05	7.73874736104002	230.0	37	1.05	0.95				
	323	2	0.0	0.0	0.0	0.0	3	1.0327884919404442	0.11105807621006383	230.0	35	1.05	0.95				
	324	1	0.0	0.0	0.0	0.0	3	1.0245033480167545	-3.322478496424324	230.0	36	1.05	0.95				
	325	1	0.0	0.0	0.0	0.0	3	1.0296164166250752	1.3915388072758463	230.0	35	1.05	0.95				
];
