%% MATPOWER Case Format : Version 2
function mpc = RTS_GMLC
mpc.version = '2';

%%-----  Power Flow Data  -----%%
%% system MVA base
mpc.baseMVA = 100.0;
%% bus data
%    bus_i    type    Pd    Qd    Gs    Bs    area    Vm    Va    baseKV    zone    Vmax    Vmin
mpc.bus = [
	101	2	42.02968827789474	8.5616031677193	0.0	0.0	1	1.0121272829676966	-3.923780320564573	138.0	11	1.05	0.95				
	102	2	37.748886694035086	7.783275607017545	0.0	0.0	1	1.0120703061319072	-4.147585331457787	138.0	12	1.05	0.95				
	103	1	70.04948046315789	14.399059872982459	0.0	0.0	1	1.0014758524168685	1.1397052414225832	138.0	11	1.05	0.95				
	104	1	28.798119745964918	5.8374567052631585	0.0	0.0	1	1.0026531775158953	-4.003986061414123	138.0	11	1.05	0.95				
	105	1	27.630628404912283	5.448292924912282	0.0	0.0	1	1.0168435185222846	-5.055145903791128	138.0	11	1.05	0.95				
	106	1	52.92627412771931	10.896585849824564	0.0	-100.0	1	1.0274579464287108	-6.166972128337484	138.0	12	1.05	0.95				
	107	2	48.645472543859654	9.729094508771931	0.0	0.0	1	0.986642584621971	-9.9798605351045	138.0	12	1.05	0.95				
	108	1	66.54700644	13.620732312280703	0.0	0.0	1	0.9885148415740517	-8.697650795420797	138.0	12	1.05	0.95				
	109	1	68.10366156140351	14.00989609263158	0.0	0.0	1	1.0020341446471794	-3.0197746298430235	138.0	13	1.05	0.95				
	110	1	75.88693716842106	15.56655121403509	0.0	0.0	1	1.0307494563234507	-4.915343669153225	138.0	13	1.05	0.95				
	111	1	0.0	0.0	0.0	0.0	1	0.9813182518165071	-0.44864412078660126	230.0	13	1.05	0.95				
	112	1	0.0	0.0	0.0	0.0	1	0.9828124895708533	-1.3156110966503343	230.0	13	1.05	0.95				
	113	3	103.12840179298246	21.01484413894737	0.0	0.0	1	0.9635617564567395	3.2005467516966513e-28	230.0	14	1.05	0.95				
	114	2	75.49777338807017	15.177387433684212	0.0	0.0	1	0.989631533096344	2.823712497383095	230.0	16	1.05	0.95				
	115	2	123.36491837122807	24.906481942456143	0.0	0.0	1	0.989525586832091	11.695339260629973	230.0	16	1.05	0.95				
	116	2	38.916378035087725	7.783275607017545	0.0	0.0	1	0.988295295659926	10.143892158124086	230.0	16	1.05	0.95				
	117	1	0.0	0.0	0.0	0.0	1	0.991365383824476	15.735267110278771	230.0	17	1.05	0.95				
	118	2	129.5915388568421	26.463137063859655	0.0	0.0	1	0.9989797658830265	16.324089761667107	230.0	17	1.05	0.95				
	119	1	70.43864424350879	14.399059872982459	0.0	0.0	1	0.9885104673498689	6.50225022192737	230.0	15	1.05	0.95				
	120	1	49.812963884912286	10.118258289122808	0.0	0.0	1	0.9934877369995455	3.7231285716230875	230.0	15	1.05	0.95				
	121	2	0.0	0.0	0.0	0.0	1	0.9997327952285101	17.576478056514723	230.0	17	1.05	0.95				
	122	2	0.0	0.0	0.0	0.0	1	1.0079570919311496	33.875017788064056	230.0	17	1.05	0.95				
	123	2	0.0	0.0	0.0	0.0	1	0.9972557122981923	2.523376290692322	230.0	15	1.05	0.95				
	124	1	0.0	0.0	0.0	0.0	1	0.9814583597022145	7.652703395388936	230.0	16	1.05	0.95				
	201	2	43.893593583157894	8.941287581754386	0.0	0.0	2	1.0100517359359564	-11.46311236526184	138.0	21	1.05	0.95				
	202	2	39.4229497922807	8.12844325614035	0.0	0.0	2	1.0090192102170796	-11.63117336759452	138.0	22	1.05	0.95				
	203	1	73.15598930526316	15.037620023859649	0.0	0.0	2	0.9970122752369843	-8.676480065439527	138.0	21	1.05	0.95				
	204	1	30.075240047719298	6.096332442105263	0.0	0.0	2	1.0006931864681805	-10.618187046289398	138.0	21	1.05	0.95				
	205	1	28.855973559298242	5.689910279298246	0.0	0.0	2	1.0167634848736864	-10.992994304648377	138.0	21	1.05	0.95				
	206	1	55.27341414175439	11.379820558596492	0.0	-100.0	2	1.0286090073354608	-11.240116088775455	138.0	22	1.05	0.95				
	207	2	50.80277035087719	10.160554070175438	0.0	0.0	2	0.9713039080497764	-16.084072171084973	138.0	22	1.05	0.95				
	208	1	69.49818984000001	14.224775698245612	0.0	0.0	2	0.9798920520548654	-14.213550830254817	138.0	22	1.05	0.95				
	209	1	71.12387849122807	14.63119786105263	0.0	0.0	2	1.0062348637955536	-8.051865925574523	138.0	23	1.05	0.95				
	210	1	79.25232174736841	16.2568865122807	0.0	0.0	2	1.0336421248371646	-9.17423706993753	138.0	23	1.05	0.95				
	211	1	0.0	0.0	0.0	0.0	2	0.9873258203982238	-5.70828990455597	230.0	23	1.05	0.95				
	212	1	0.0	0.0	0.0	0.0	2	0.989403935088573	-0.9946664044314143	230.0	23	1.05	0.95				
	213	2	107.70187314385964	21.946796791578947	0.0	0.0	2	0.9837100604013975	-3.1770682872093197	230.0	24	1.05	0.95				
	214	2	78.8458995845614	15.850464349473684	0.0	0.0	2	0.9835840378354518	-4.879429037082636	230.0	26	1.05	0.95				
	215	2	128.83582560982455	26.011018419649123	0.0	0.0	2	0.9913085332341208	-0.8042762445866958	230.0	26	1.05	0.95				
	216	2	40.64221628070175	8.12844325614035	0.0	0.0	2	0.9897613023568422	-1.01981596667489	230.0	26	1.05	0.95				
	217	1	0.0	0.0	0.0	0.0	2	0.9999257319192556	-0.035668240429203614	230.0	27	1.05	0.95				
	218	2	135.33858021473685	27.636707070877193	0.0	0.0	2	1.0007833559658488	-0.5966677894056936	230.0	27	1.05	0.95				
	219	1	73.56241146807018	15.037620023859649	0.0	0.0	2	0.9839010457613044	-0.1378331751191812	230.0	25	1.05	0.95				
	220	1	52.022036839298245	10.566976232982457	0.0	0.0	2	0.9820509308701034	1.4987760794636538	230.0	25	1.05	0.95				
	221	2	0.0	0.0	0.0	0.0	2	1.0031537457272381	-0.103382972733848	230.0	27	1.05	0.95				
	222	2	0.0	0.0	0.0	0.0	2	1.0204813241543034	4.543090530053108	230.0	27	1.05	0.95				
	223	2	0.0	0.0	0.0	0.0	2	0.9822424771198243	2.74375619039728	230.0	25	1.05	0.95				
	224	1	0.0	0.0	0.0	0.0	2	0.9838419589166054	-3.801613541167258	230.0	26	1.05	0.95				
	301	2	64.07908889684212	13.053147738245615	0.0	0.0	3	1.0026833392999819	24.936902486307368	138.0	31	1.05	0.95				
	302	2	57.55251502771931	11.86649794385965	0.0	0.0	3	1.0032281181889848	24.587206959076003	138.0	32	1.05	0.95				
	303	1	106.79848149473685	21.953021196140355	0.0	0.0	3	1.0151401700075917	39.511971171483914	138.0	31	1.05	0.95				
	304	1	43.90604239228071	8.899873457894737	0.0	0.0	3	0.9929236083697334	26.531901393621993	138.0	31	1.05	0.95				
	305	1	42.12606770070176	8.306548560701756	0.0	0.0	3	1.0101686999600588	24.514855578957714	138.0	31	1.05	0.95				
	306	1	80.69218601824562	16.613097121403513	0.0	-100.0	3	1.0211606847164663	23.594646075815	138.0	32	1.05	0.95				
	307	2	74.16561214912282	14.833122429824563	0.0	0.0	3	0.9662152221259807	20.265935718124528	138.0	32	1.05	0.95				
	308	1	101.45855742	20.766371401754387	0.0	0.0	3	0.9767060303244678	23.059187944320534	138.0	32	1.05	0.95				
	309	1	103.83185700877195	21.35969629894737	0.0	0.0	3	1.0056132817446084	30.653352127908583	138.0	33	1.05	0.95				
	310	1	115.69835495263159	23.7329958877193	0.0	0.0	3	1.0330425943696102	26.050413278729014	138.0	33	1.05	0.95				
	311	1	0.0	0.0	0.0	0.0	3	0.9946625407702105	30.95786647557981	230.0	33	1.05	0.95				
	312	1	0.0	0.0	0.0	0.0	3	1.0011653074200677	31.385606672854724	230.0	33	1.05	0.95				
	313	2	157.23109775614037	32.03954444842106	0.0	0.0	3	1.0048952607590618	34.77329532745929	230.0	34	1.05	0.95				
	314	2	115.10503005543862	23.13967099052632	0.0	0.0	3	0.9880235185761341	30.275949047709414	230.0	36	1.05	0.95				
	315	2	188.08399241017545	37.97279342035088	0.0	0.0	3	0.9873616512210269	28.353860755017912	230.0	36	1.05	0.95				
	316	2	59.33248971929825	11.86649794385965	0.0	0.0	3	0.9798489526133284	28.84477437122751	230.0	36	1.05	0.95				
	317	1	0.0	0.0	0.0	0.0	3	0.9934034336892267	30.474154655984346	230.0	37	1.05	0.95				
	318	2	197.5771907652632	40.34609300912281	0.0	0.0	3	0.98776537237134	26.761328842232654	230.0	37	1.05	0.95				
	319	1	107.39180639192985	21.953021196140355	0.0	0.0	3	0.9888819256941479	28.88570881362124	230.0	35	1.05	0.95				
	320	1	75.94558684070176	15.426447327017549	0.0	0.0	3	0.9989131996523258	28.847191299335748	230.0	35	1.05	0.95				
	321	2	0.0	0.0	0.0	0.0	3	0.9957336813087111	27.73566244484153	230.0	37	1.05	0.95				
	322	2	0.0	0.0	0.0	0.0	3	1.0123133989382809	31.385755970317117	230.0	37	1.05	0.95				
	323	2	0.0	0.0	0.0	0.0	3	1.004435226796771	28.702027667486078	230.0	35	1.05	0.95				
	324	1	0.0	0.0	0.0	0.0	3	0.9964680853922865	33.99318016391715	230.0	36	1.05	0.95				
