%% MATPOWER Case Format : Version 2
function mpc = RTS_GMLC
mpc.version = '2';

%%-----  Power Flow Data  -----%%
%% system MVA base
mpc.baseMVA = 100.0;
%% bus data
%    bus_i    type    Pd    Qd    Gs    Bs    area    Vm    Va    baseKV    zone    Vmax    Vmin
mpc.bus = [
	101	2	65.44928254736843	13.332261259649123	0.0	0.0	1	1.049999992316348	1.4131575345968197	138.0	11	1.05	0.95				
	102	2	58.783151917543854	12.12023750877193	0.0	0.0	1	1.0489081978986954	1.0386446151585413	138.0	12	1.05	0.95				
	103	1	109.08213757894735	22.422439391228068	0.0	0.0	1	1.0314554019922768	-0.46632929936484363	138.0	11	1.05	0.95				
	104	1	44.844878782456135	9.090178131578947	0.0	0.0	1	1.0277816543394125	-2.477899546239344	138.0	11	1.05	0.95				
	105	1	43.02684315614035	8.484166256140352	0.0	0.0	1	1.0410637255577895	-2.7823586552222	138.0	11	1.05	0.95				
	106	1	82.41761505964914	16.968332512280703	0.0	-100.0	1	1.0434664873350288	-5.778797464650102	138.0	12	1.05	0.95				
	107	2	75.75148442982456	15.150296885964911	0.0	0.0	1	0.9992918753890981	-12.585543590964337	138.0	12	1.05	0.95				
	108	1	103.6280307	21.210415640350874	0.0	0.0	1	0.9975195761791135	-11.098191165990693	138.0	12	1.05	0.95				
	109	1	106.05207820175437	21.81642751578947	0.0	0.0	1	1.0254278407629507	-3.983796884626337	138.0	13	1.05	0.95				
	110	1	118.1723157105263	24.24047501754386	0.0	0.0	1	1.05	-5.211601492497531	138.0	13	1.05	0.95				
	111	1	0.0	0.0	0.0	0.0	1	1.010193515105607	-1.519391580131144	230.0	13	1.05	0.95				
	112	1	0.0	0.0	0.0	0.0	1	1.0127730565895225	-1.4183587131629771	230.0	13	1.05	0.95				
	113	3	160.59314699122805	32.72464127368421	0.0	0.0	1	1.0072404444010026	-8.845617709082784e-32	230.0	14	1.05	0.95				
	114	2	117.56630383508771	23.634463142105265	0.0	0.0	1	1.011655272445013	0.3096915794360783	230.0	16	1.05	0.95				
	115	2	192.10576451403506	38.784760028070174	0.0	0.0	1	1.042377635525858	7.621163776773977	230.0	16	1.05	0.95				
	116	2	60.601187543859645	12.12023750877193	0.0	0.0	1	1.0385726687004013	6.534129768214623	230.0	16	1.05	0.95				
	117	1	0.0	0.0	0.0	0.0	1	1.0440423301907809	10.303324751642599	230.0	17	1.05	0.95				
	118	2	201.80195452105264	41.20880752982457	0.0	0.0	1	1.0475719356012554	11.23268328880091	230.0	17	1.05	0.95				
	119	1	109.68814945438596	22.422439391228068	0.0	0.0	1	1.0287860661978994	4.396699573086511	230.0	15	1.05	0.95				
	120	1	77.56952005614035	15.75630876140351	0.0	0.0	1	1.0252632239111175	3.323810141739917	230.0	15	1.05	0.95				
	121	2	0.0	0.0	0.0	0.0	1	1.05	13.144929183836938	230.0	17	1.05	0.95				
	122	2	0.0	0.0	0.0	0.0	1	1.05	18.542129902144616	230.0	17	1.05	0.95				
	123	2	0.0	0.0	0.0	0.0	1	1.0246768345807495	3.195268634358363	230.0	15	1.05	0.95				
	124	1	0.0	0.0	0.0	0.0	1	1.0279459977023535	4.597331907789275	230.0	16	1.05	0.95				
	201	2	58.95545411368421	12.009444356491228	0.0	0.0	2	1.0159534829778791	-11.396681398686251	138.0	21	1.05	0.95				
	202	2	52.95073193543859	10.917676687719299	0.0	0.0	2	1.015713157923818	-11.490726983027914	138.0	22	1.05	0.95				
	203	1	98.25909018947368	20.197701872280703	0.0	0.0	2	1.014033748456987	-9.185439430128675	138.0	21	1.05	0.95				
	204	1	40.395403744561406	8.188257515789472	0.0	0.0	2	1.0116244920671051	-11.003276113507589	138.0	21	1.05	0.95				
	205	1	38.7577522414035	7.64237368140351	0.0	0.0	2	1.0259809589883546	-11.364317678091826	138.0	21	1.05	0.95				
	206	1	74.24020147649124	15.28474736280702	0.0	-100.0	2	1.0389308692121453	-11.929598625659139	138.0	22	1.05	0.95				
	207	2	68.23547929824561	13.647095859649122	0.0	0.0	2	0.994052228725018	-19.034442057332505	138.0	22	1.05	0.95				
	208	1	93.34613568	19.10593420350877	0.0	0.0	2	0.9948367957188311	-16.45267225296702	138.0	22	1.05	0.95				
	209	1	95.52967101754386	19.651818037894735	0.0	0.0	2	1.0253329280484749	-8.361166990503861	138.0	23	1.05	0.95				
	210	1	106.44734770526314	21.835353375438597	0.0	0.0	2	1.05	-9.582174599687994	138.0	23	1.05	0.95				
	211	1	0.0	0.0	0.0	0.0	2	1.0126123158321165	-4.961075853598466	230.0	23	1.05	0.95				
	212	1	0.0	0.0	0.0	0.0	2	1.0165498002735909	-0.1452615745427385	230.0	23	1.05	0.95				
	213	2	144.6592161122807	29.477727056842106	0.0	0.0	2	1.0159366344483958	-1.8957076336806074	230.0	24	1.05	0.95				
	214	2	105.90146387087718	21.28946954105263	0.0	0.0	2	1.0145193214661938	-3.5886298353470147	230.0	26	1.05	0.95				
	215	2	173.04517550035087	34.93656540070175	0.0	0.0	2	1.0302810956230206	1.397039412349619	230.0	26	1.05	0.95				
	216	2	54.58838343859649	10.917676687719299	0.0	0.0	2	1.031211367873053	1.7077658510496307	230.0	26	1.05	0.95				
	217	1	0.0	0.0	0.0	0.0	2	1.0336121735680235	2.4043228121963307	230.0	27	1.05	0.95				
	218	2	181.7793168505263	37.12010073824562	0.0	0.0	2	1.0321222190442045	1.771697041490488	230.0	27	1.05	0.95				
	219	1	98.80497402385964	20.197701872280703	0.0	0.0	2	1.0320671639002739	3.1024250436085192	230.0	25	1.05	0.95				
	220	1	69.8731308014035	14.192979694035088	0.0	0.0	2	1.0378484176254283	5.352672194750609	230.0	25	1.05	0.95				
	221	2	0.0	0.0	0.0	0.0	2	1.03427611968174	2.450275438839128	230.0	27	1.05	0.95				
	222	2	0.0	0.0	0.0	0.0	2	1.05	8.92885356367847	230.0	27	1.05	0.95				
	223	2	0.0	0.0	0.0	0.0	2	1.0431840252838955	6.983029702512629	230.0	25	1.05	0.95				
	224	1	0.0	0.0	0.0	0.0	2	1.0111293933209453	-2.544124228462148	230.0	26	1.05	0.95				
	301	2	50.275862071578956	10.241379310877194	0.0	0.0	3	1.0013346765744733	15.423370171772923	138.0	31	1.05	0.95				
	302	2	45.15517241614035	9.310344828070177	0.0	0.0	3	1.0011532966193815	15.408848268058447	138.0	32	1.05	0.95				
	303	1	83.79310345263158	17.224137931929825	0.0	0.0	3	1.0173848885537382	17.18205264595855	138.0	31	1.05	0.95				
	304	1	34.44827586385965	6.982758621052632	0.0	0.0	3	1.006166132810663	16.968966274702773	138.0	31	1.05	0.95				
	305	1	33.051724139649124	6.517241379649123	0.0	0.0	3	1.0188507761457166	17.038649403699484	138.0	31	1.05	0.95				
	306	1	63.310344830877206	13.034482759298246	0.0	-100.0	3	1.0374384402440087	17.388418405293496	138.0	32	1.05	0.95				
	307	2	58.1896551754386	11.63793103508772	0.0	0.0	3	0.9825810679342671	14.6030481241362	138.0	32	1.05	0.95				
	308	1	79.60344828	16.293103449122807	0.0	0.0	3	0.9986960388291061	16.5850311975332	138.0	32	1.05	0.95				
	309	1	81.46551724561404	16.758620690526314	0.0	0.0	3	1.0253674967068143	20.149829083951577	138.0	33	1.05	0.95				
	310	1	90.77586207368421	18.620689656140353	0.0	0.0	3	1.05	20.14083356983434	138.0	33	1.05	0.95				
	311	1	0.0	0.0	0.0	0.0	3	1.0063140260366275	24.843120049648746	230.0	33	1.05	0.95				
	312	1	0.0	0.0	0.0	0.0	3	1.014708769453754	25.746361538547987	230.0	33	1.05	0.95				
	313	2	123.36206897192983	25.137931035789478	0.0	0.0	3	1.0203171937906312	32.136839085659425	230.0	34	1.05	0.95				
	314	2	90.3103448322807	18.155172414736846	0.0	0.0	3	1.001032446923423	23.183168539288324	230.0	36	1.05	0.95				
	315	2	147.5689655249123	29.793103449824564	0.0	0.0	3	1.0278944666073868	17.203879635563094	230.0	36	1.05	0.95				
	316	2	46.55172414035088	9.310344828070177	0.0	0.0	3	1.0283870927268883	18.212339967549873	230.0	36	1.05	0.95				
	317	1	0.0	0.0	0.0	0.0	3	1.0350452763188291	16.99690331219888	230.0	37	1.05	0.95				
	318	2	155.01724138736844	31.655172415438603	0.0	0.0	3	1.0349049223860058	15.751917601516514	230.0	37	1.05	0.95				
	319	1	84.25862069403509	17.224137931929825	0.0	0.0	3	1.0286381887048106	20.653282342021672	230.0	35	1.05	0.95				
	320	1	59.58620689964913	12.10344827649123	0.0	0.0	3	1.0295614630347414	22.14557977814372	230.0	35	1.05	0.95				
	321	2	0.0	0.0	0.0	0.0	3	1.0344790577723217	16.80277688341323	230.0	37	1.05	0.95				
	322	2	0.0	0.0	0.0	0.0	3	1.0481867823354385	21.199939373874095	230.0	37	1.05	0.95				
	323	2	0.0	0.0	0.0	0.0	3	1.0295038126529603	22.643404717232716	230.0	35	1.05	0.95				
	324	1	0.0	0.0	0.0	0.0	3	1.0224447731154123	19.15492500715311	230.0	36	1.05	0.95				
	325	1	0.0	0.0	0.0	0.0	3	1.0326253203794118	21.83945768563921	230.0	35	1.05	0.95				
];
