%% MATPOWER Case Format : Version 2
function mpc = RTS_GMLC
mpc.version = '2';

%%-----  Power Flow Data  -----%%
%% system MVA base
mpc.baseMVA = 100.0;
%% bus data
%    bus_i    type    Pd    Qd    Gs    Bs    area    Vm    Va    baseKV    zone    Vmax    Vmin
mpc.bus = [
	101	2	59.691241970526306	12.159327068070173	0.0	0.0	1	1.0156917898157878	-0.014483044488967768	138.0	11	1.05	0.95				
	102	2	53.61157843649123	11.053933698245613	0.0	0.0	1	1.0147494275076039	-0.37558062226025707	138.0	12	1.05	0.95				
	103	1	99.48540328421052	20.449777341754384	0.0	0.0	1	1.015486835793916	1.6769432748186563	138.0	11	1.05	0.95				
	104	1	40.89955468350877	8.29045027368421	0.0	0.0	1	1.010471861661288	-3.157944994999617	138.0	11	1.05	0.95				
	105	1	39.24146462877192	7.7377535887719295	0.0	0.0	1	1.025040839052567	-3.294224656352943	138.0	11	1.05	0.95				
	106	1	75.16674914807017	15.475507177543859	0.0	-100.0	1	1.037406356064355	-5.700471069611377	138.0	12	1.05	0.95				
	107	2	69.08708561403508	13.817417122807015	0.0	0.0	1	0.9895408920578804	-13.361043058969523	138.0	12	1.05	0.95				
	108	1	94.51113312	19.344383971929823	0.0	0.0	1	0.99218596064266	-11.108539263938518	138.0	12	1.05	0.95				
	109	1	96.7219198596491	19.897080656842103	0.0	0.0	1	1.0238937010696023	-3.1937458979800666	138.0	13	1.05	0.95				
	110	1	107.77585355789472	22.107867396491226	0.0	0.0	1	1.05	-4.806854392505889	138.0	13	1.05	0.95				
	111	1	0.0	0.0	0.0	0.0	1	1.023104780092423	0.06174545823606607	230.0	13	1.05	0.95				
	112	1	0.0	0.0	0.0	0.0	1	1.0188603348843017	-0.9169740048735543	230.0	13	1.05	0.95				
	113	3	146.46462150175438	29.845620985263153	0.0	0.0	1	1.0116295259183508	3.2667697207011216e-29	230.0	14	1.05	0.95				
	114	2	107.22315687298246	21.555170711578945	0.0	0.0	1	1.05	4.031249864700624	230.0	16	1.05	0.95				
	115	2	175.20484911719296	35.37258783438596	0.0	0.0	1	1.0312774635775876	15.56525741887551	230.0	16	1.05	0.95				
	116	2	55.26966849122806	11.053933698245613	0.0	0.0	1	1.0338946359651595	13.319743874270571	230.0	16	1.05	0.95				
	117	1	0.0	0.0	0.0	0.0	1	1.0320400242394205	20.351732570255678	230.0	17	1.05	0.95				
	118	2	184.04799607578946	37.58337457403508	0.0	0.0	1	1.041681658720521	21.327312013331383	230.0	17	1.05	0.95				
	119	1	100.03809996912281	20.449777341754384	0.0	0.0	1	1.0339689056437071	8.554748530196742	230.0	15	1.05	0.95				
	120	1	70.74517566877192	14.370113807719298	0.0	0.0	1	1.0431653266960659	5.5061010619052295	230.0	15	1.05	0.95				
	121	2	0.0	0.0	0.0	0.0	1	1.0387893655464753	23.600109496033454	230.0	17	1.05	0.95				
	122	2	0.0	0.0	0.0	0.0	1	1.05	41.59736113164259	230.0	17	1.05	0.95				
	123	2	0.0	0.0	0.0	0.0	1	1.05	4.256547128424917	230.0	15	1.05	0.95				
	124	1	0.0	0.0	0.0	0.0	1	1.0078216394020314	10.385247421643918	230.0	16	1.05	0.95				
	201	2	57.81646466526317	11.777427987368421	0.0	0.0	2	1.010013572321922	-17.48437215637642	138.0	21	1.05	0.95				
	202	2	51.92775067157894	10.706752715789476	0.0	0.0	2	1.009279496952439	-17.77304432526527	138.0	22	1.05	0.95				
	203	1	96.36077444210527	19.807492524210527	0.0	0.0	2	1.0120843386397005	-12.792936091005124	138.0	21	1.05	0.95				
	204	1	39.614985048421055	8.030064536842104	0.0	0.0	2	1.0083239701322644	-16.77551767921118	138.0	21	1.05	0.95				
	205	1	38.008972141052624	7.4947269010526325	0.0	0.0	2	1.0230444139782187	-17.31884605564556	138.0	21	1.05	0.95				
	206	1	72.80591846736843	14.989453802105265	0.0	-100.0	2	1.0376448199261357	-17.851801522697787	138.0	22	1.05	0.95				
	207	2	66.91720447368421	13.383440894736843	0.0	0.0	2	0.9926143485198241	-24.444838805897863	138.0	22	1.05	0.95				
	208	1	91.54273572	18.736817252631578	0.0	0.0	2	0.994328854531167	-21.92272734277808	138.0	22	1.05	0.95				
	209	1	93.6840862631579	19.272154888421053	0.0	0.0	2	1.0247236583036965	-13.758100509816066	138.0	23	1.05	0.95				
	210	1	104.39083897894736	21.41350543157895	0.0	0.0	2	1.05	-15.433033156143132	138.0	23	1.05	0.95				
	211	1	0.0	0.0	0.0	0.0	2	1.015879482560948	-9.83759626171058	230.0	23	1.05	0.95				
	212	1	0.0	0.0	0.0	0.0	2	1.0160437216841263	-7.025619065454354	230.0	23	1.05	0.95				
	213	2	141.86447348421052	28.908232332631584	0.0	0.0	2	1.0220945388813214	-7.163895898261447	230.0	24	1.05	0.95				
	214	2	103.85550134315788	20.878167795789473	0.0	0.0	2	1.0214316317345693	-7.428291234649003	230.0	26	1.05	0.95				
	215	2	169.70203054526317	34.261608690526316	0.0	0.0	2	1.0352798042609113	-1.0683177810753353	230.0	26	1.05	0.95				
	216	2	53.53376357894737	10.706752715789476	0.0	0.0	2	1.038165020060539	-0.7772338346464576	230.0	26	1.05	0.95				
	217	1	0.0	0.0	0.0	0.0	2	1.041637966134075	0.6128010690492255	230.0	27	1.05	0.95				
	218	2	178.26743271789474	36.402959233684214	0.0	0.0	2	1.0390993262719306	-0.1633874418526495	230.0	27	1.05	0.95				
	219	1	96.89611207789474	19.807492524210527	0.0	0.0	2	1.0392347643144173	0.5019834203228544	230.0	25	1.05	0.95				
	220	1	68.52321738105263	13.918778530526316	0.0	0.0	2	1.044903063278484	2.6188321945454844	230.0	25	1.05	0.95				
	221	2	0.0	0.0	0.0	0.0	2	1.0398234142753187	0.34285287467673176	230.0	27	1.05	0.95				
	222	2	0.0	0.0	0.0	0.0	2	1.05	6.952395324910464	230.0	27	1.05	0.95				
	223	2	0.0	0.0	0.0	0.0	2	1.05	4.1643166620797265	230.0	25	1.05	0.95				
	224	1	0.0	0.0	0.0	0.0	2	1.0120177548931062	-5.408319616113319	230.0	26	1.05	0.95				
	301	2	52.56501108631579	10.707687443508771	0.0	0.0	3	1.0297277226809682	25.519369076930644	138.0	31	1.05	0.95				
	302	2	47.211167364561405	9.734261312280703	0.0	0.0	3	1.0264015538543148	25.17419468336286	138.0	32	1.05	0.95				
	303	1	87.60835181052632	18.0083834277193	0.0	0.0	3	1.05	41.27842071652695	138.0	31	1.05	0.95				
	304	1	36.0167668554386	7.300695984210526	0.0	0.0	3	1.0133826442613534	26.734339873114177	138.0	31	1.05	0.95				
	305	1	34.55662765859649	6.813982918596492	0.0	0.0	3	1.032896746399079	24.16168645128404	138.0	31	1.05	0.95				
	306	1	66.19297692350878	13.627965837192985	0.0	-100.0	3	1.0413908952033433	22.82894579000264	138.0	32	1.05	0.95				
	307	2	60.83913320175439	12.167826640350878	0.0	0.0	3	0.95	18.486252428909566	138.0	32	1.05	0.95				
	308	1	83.22793422	17.03495729649123	0.0	0.0	3	0.9695040431178495	20.662789204924398	138.0	32	1.05	0.95				
	309	1	85.17478648245614	17.52167036210526	0.0	0.0	3	1.0185457623762963	30.04081710000634	138.0	33	1.05	0.95				
	310	1	94.90904779473685	19.468522624561405	0.0	0.0	3	1.0477880462808515	24.336611524464324	138.0	33	1.05	0.95				
	311	1	0.0	0.0	0.0	0.0	3	1.0070143609236817	28.148178747069263	230.0	33	1.05	0.95				
	312	1	0.0	0.0	0.0	0.0	3	1.0128381341274444	28.32882555394075	230.0	33	1.05	0.95				
	313	2	128.9789623877193	26.282505543157896	0.0	0.0	3	1.0093498915851984	29.960383019201913	230.0	34	1.05	0.95				
	314	2	94.42233472912281	18.98180955894737	0.0	0.0	3	1.0011850958051887	27.620727452147097	230.0	36	1.05	0.95				
	315	2	154.28804179964914	31.149636199298246	0.0	0.0	3	1.046511088984742	28.28023340445101	230.0	36	1.05	0.95				
	316	2	48.67130656140351	9.734261312280703	0.0	0.0	3	1.0310501163817831	27.94567862570218	230.0	36	1.05	0.95				
	317	1	0.0	0.0	0.0	0.0	3	1.0499967028041386	30.495507164242444	230.0	37	1.05	0.95				
	318	2	162.0754508494737	33.09648846175439	0.0	0.0	3	1.05	27.242409501848147	230.0	37	1.05	0.95				
	319	1	88.09506487614036	18.0083834277193	0.0	0.0	3	1.0232666667217238	27.045589759128656	230.0	35	1.05	0.95				
	320	1	62.29927239859649	12.654539705964913	0.0	0.0	3	1.0193039166600935	26.82213054517605	230.0	35	1.05	0.95				
	321	2	0.0	0.0	0.0	0.0	3	1.05	28.239572237739676	230.0	37	1.05	0.95				
	322	2	0.0	0.0	0.0	0.0	3	1.05	33.47312937254714	230.0	37	1.05	0.95				
	323	2	0.0	0.0	0.0	0.0	3	1.017738673663141	26.995031049134322	230.0	35	1.05	0.95				
	324	1	0.0	0.0	0.0	0.0	3	1.044673673345183	33.980390647155645	230.0	36	1.05	0.95				
	325	1	0.0	0.0	0.0	0.0	3	1.0208008126972126	26.715094646369085	230.0	35	1.05	0.95				
];
