%% MATPOWER Case Format : Version 2
function mpc = RTS_GMLC
mpc.version = '2';

%%-----  Power Flow Data  -----%%
%% system MVA base
mpc.baseMVA = 100.0;
%% bus data
%    bus_i    type    Pd    Qd    Gs    Bs    area    Vm    Va    baseKV    zone    Vmax    Vmin
mpc.bus = [
	101	2	40.45324096421052	8.24047501122807	0.0	0.0	1	1.0334350552171454	2.0555930632992214	138.0	11	1.05	0.95				
	102	2	36.33300345859649	7.491340919298245	0.0	0.0	1	1.0325331722799744	1.796003111238913	138.0	12	1.05	0.95				
	103	1	67.4220682736842	13.858980700701753	0.0	0.0	1	1.0301132543775893	0.4424031186649661	138.0	11	1.05	0.95				
	104	1	27.717961401403507	5.618505689473683	0.0	0.0	1	1.021989910917314	-1.2715469329894573	138.0	11	1.05	0.95				
	105	1	26.59426026350877	5.243938643508772	0.0	0.0	1	1.036535172398918	-1.0443762282603046	138.0	11	1.05	0.95				
	106	1	50.94111825122807	10.487877287017543	0.0	-100.0	1	1.0468106275999467	-3.2114800870055995	138.0	12	1.05	0.95				
	107	2	46.820880745614026	9.364176149122807	0.0	0.0	1	1.0007129647915514	-9.484338063462765	138.0	12	1.05	0.95				
	108	1	64.05096486	13.109846608771928	0.0	0.0	1	1.005741577666791	-7.736012998370471	138.0	12	1.05	0.95				
	109	1	65.54923304385964	13.48441365473684	0.0	0.0	1	1.0244754630481583	-2.2597782361027114	138.0	13	1.05	0.95				
	110	1	73.04057396315788	14.98268183859649	0.0	0.0	1	1.05	-3.0054292560255265	138.0	13	1.05	0.95				
	111	1	0.0	0.0	0.0	0.0	1	1.0017582631998876	-0.4422321036846937	230.0	13	1.05	0.95				
	112	1	0.0	0.0	0.0	0.0	1	1.0068330686876927	-0.7671880688404316	230.0	13	1.05	0.95				
	113	3	99.26026718070175	20.22662048210526	0.0	0.0	1	0.9929963870476259	1.660074706264216e-28	230.0	14	1.05	0.95				
	114	2	72.66600691719297	14.608114792631577	0.0	0.0	1	0.9977496610862905	1.507909288114606	230.0	16	1.05	0.95				
	115	2	118.73775357087717	23.972290941754384	0.0	0.0	1	1.0368190682892893	7.424313045516422	230.0	16	1.05	0.95				
	116	2	37.45670459649123	7.491340919298245	0.0	0.0	1	1.0319076168149612	6.3825985523616815	230.0	16	1.05	0.95				
	117	1	0.0	0.0	0.0	0.0	1	1.0395249274529428	10.08701130439402	230.0	17	1.05	0.95				
	118	2	124.73082630631578	25.470559125614034	0.0	0.0	1	1.0449719787131888	10.47083944599163	230.0	17	1.05	0.95				
	119	1	67.79663531964913	13.858980700701753	0.0	0.0	1	1.0213155832238832	4.030883278736583	230.0	15	1.05	0.95				
	120	1	47.94458188350877	9.73874319508772	0.0	0.0	1	1.015516090830904	2.697668894244245	230.0	15	1.05	0.95				
	121	2	0.0	0.0	0.0	0.0	1	1.0482721708857525	11.701429644098406	230.0	17	1.05	0.95				
	122	2	0.0	0.0	0.0	0.0	1	1.05	22.098492438595226	230.0	17	1.05	0.95				
	123	2	0.0	0.0	0.0	0.0	1	1.0126801105505308	2.2559080610584408	230.0	15	1.05	0.95				
	124	1	0.0	0.0	0.0	0.0	1	1.0251537635888608	4.804291815489452	230.0	16	1.05	0.95				
	201	2	39.49063434947369	8.044388478596492	0.0	0.0	2	1.0139313449980358	-13.604537388611636	138.0	21	1.05	0.95				
	202	2	35.468440110175436	7.31308043508772	0.0	0.0	2	1.0130319623447124	-13.88438107716362	138.0	22	1.05	0.95				
	203	1	65.81772391578947	13.52919880491228	0.0	0.0	2	1.0154590859954742	-9.905866329747832	138.0	21	1.05	0.95				
	204	1	27.05839760982456	5.484810326315789	0.0	0.0	2	1.0127553671033989	-13.61155719602631	138.0	21	1.05	0.95				
	205	1	25.9614355445614	5.119156304561404	0.0	0.0	2	1.0276333052149682	-14.01647301397631	138.0	21	1.05	0.95				
	206	1	49.728946958596495	10.238312609122808	0.0	-100.0	2	1.0434851076411533	-14.724432814207718	138.0	22	1.05	0.95				
	207	2	45.706752719298244	9.141350543859648	0.0	0.0	2	0.9962478213208101	-19.03389615434051	138.0	22	1.05	0.95				
	208	1	62.526837719999996	12.797890761403508	0.0	0.0	2	1.0031716184089567	-17.423083197829367	138.0	22	1.05	0.95				
	209	1	63.98945380701754	13.163544783157894	0.0	0.0	2	1.0225921175127297	-11.86754645657658	138.0	23	1.05	0.95				
	210	1	71.30253424210525	14.62616087017544	0.0	0.0	2	1.05	-13.249455174143709	138.0	23	1.05	0.95				
	211	1	0.0	0.0	0.0	0.0	2	1.0037331165335388	-9.112890789678227	230.0	23	1.05	0.95				
	212	1	0.0	0.0	0.0	0.0	2	1.006560404594551	-8.448329806360517	230.0	23	1.05	0.95				
	213	2	96.89831576491227	19.745317174736844	0.0	0.0	2	0.9984364714885726	-7.847825636937458	230.0	24	1.05	0.95				
	214	2	70.93688022035087	14.260506848421054	0.0	0.0	2	1.0034746140712354	-6.640194059063406	230.0	26	1.05	0.95				
	215	2	115.91232489614033	23.4018573922807	0.0	0.0	2	1.0188939842895606	-0.6570873059386931	230.0	26	1.05	0.95				
	216	2	36.56540217543859	7.31308043508772	0.0	0.0	2	1.0200869453131576	-0.9266727809465953	230.0	26	1.05	0.95				
	217	1	0.0	0.0	0.0	0.0	2	1.0242875858814708	0.5856768708873074	230.0	27	1.05	0.95				
	218	2	121.76278924421051	24.864473479298248	0.0	0.0	2	1.0237681414422248	0.2094584942473593	230.0	27	1.05	0.95				
	219	1	66.18337793754385	13.52919880491228	0.0	0.0	2	1.0210528729182986	-1.136003121070669	230.0	25	1.05	0.95				
	220	1	46.8037147845614	9.507004565614034	0.0	0.0	2	1.0240363981302034	-0.5947866043282246	230.0	25	1.05	0.95				
	221	2	0.0	0.0	0.0	0.0	2	1.0257254357442314	0.722195672346396	230.0	27	1.05	0.95				
	222	2	0.0	0.0	0.0	0.0	2	1.0475464728210724	7.189631759760304	230.0	27	1.05	0.95				
	223	2	0.0	0.0	0.0	0.0	2	1.0260702694710653	-0.015166366882143154	230.0	25	1.05	0.95				
	224	1	0.0	0.0	0.0	0.0	2	1.0062428911603196	-4.144404709389237	230.0	26	1.05	0.95				
	301	2	46.67130655578947	9.507118002105262	0.0	0.0	3	1.0142734697001994	-2.754249512931402	138.0	31	1.05	0.95				
	302	2	41.917747554736835	8.642834547368421	0.0	0.0	3	1.0133605156015142	-3.0916978439014806	138.0	32	1.05	0.95				
	303	1	77.78551092631578	15.989243912631576	0.0	0.0	3	1.048773029547881	10.867923403388799	138.0	31	1.05	0.95				
	304	1	31.97848782526315	6.482125910526316	0.0	0.0	3	1.0117919252949303	-1.891718079096677	138.0	31	1.05	0.95				
	305	1	30.682062643157888	6.049984183157894	0.0	0.0	3	1.026837640887282	-4.0483539189255175	138.0	31	1.05	0.95				
	306	1	58.771274922105256	12.099968366315789	0.0	-100.0	3	1.0414944679830498	-5.291891093253589	138.0	32	1.05	0.95				
	307	2	54.01771592105262	10.803543184210525	0.0	0.0	3	0.9872519958123877	-9.298558805562012	138.0	32	1.05	0.95				
	308	1	73.89623537999998	15.124960457894735	0.0	0.0	3	0.9951831747621885	-7.355537141722399	138.0	32	1.05	0.95				
	309	1	75.62480228947366	15.557102185263155	0.0	0.0	3	1.0238109357449856	0.8719486064196773	138.0	33	1.05	0.95				
	310	1	84.2676368368421	17.285669094736843	0.0	0.0	3	1.05	-3.953794218437193	138.0	33	1.05	0.95				
	311	1	0.0	0.0	0.0	0.0	3	1.0090156306544693	-0.1962700235598609	230.0	33	1.05	0.95				
	312	1	0.0	0.0	0.0	0.0	3	1.014530825368142	0.6424876901546038	230.0	33	1.05	0.95				
	313	2	114.51755775263155	23.335653277894735	0.0	0.0	3	1.0116046925722921	2.454298644999075	230.0	34	1.05	0.95				
	314	2	83.83549510947367	16.85352736736842	0.0	0.0	3	1.0023845995076954	-1.074663849786913	230.0	36	1.05	0.95				
	315	2	136.98892757578943	27.657070551578943	0.0	0.0	3	1.0431848474326795	0.7813129452230217	230.0	36	1.05	0.95				
	316	2	43.2141727368421	8.642834547368421	0.0	0.0	3	1.0328027810439027	0.28379962387126173	230.0	36	1.05	0.95				
	317	1	0.0	0.0	0.0	0.0	3	1.040182847927472	1.9581714113858728	230.0	37	1.05	0.95				
	318	2	143.9031952136842	29.385637461052628	0.0	0.0	3	1.038728395409052	1.1802160379777726	230.0	37	1.05	0.95				
	319	1	78.2176526536842	15.989243912631576	0.0	0.0	3	1.0253092645187738	0.4040545883319848	230.0	35	1.05	0.95				
	320	1	55.31414110315789	11.235684911578945	0.0	0.0	3	1.0217525761390691	1.3569354429614353	230.0	35	1.05	0.95				
	321	2	0.0	0.0	0.0	0.0	3	1.0416621276520635	1.5973038159398911	230.0	37	1.05	0.95				
	322	2	0.0	0.0	0.0	0.0	3	1.05	6.058976342411749	230.0	37	1.05	0.95				
	323	2	0.0	0.0	0.0	0.0	3	1.0206646646268538	2.2214578560720963	230.0	35	1.05	0.95				
	324	1	0.0	0.0	0.0	0.0	3	1.0421585178268191	4.640057915646605	230.0	36	1.05	0.95				
	325	1	0.0	0.0	0.0	0.0	3	1.0210994173193746	3.040902132782536	230.0	35	1.05	0.95				
];
