%% MATPOWER Case Format : Version 2
function mpc = RTS_GMLC
mpc.version = '2';

%%-----  Power Flow Data  -----%%
%% system MVA base
mpc.baseMVA = 100.0;
%% bus data
%    bus_i    type    Pd    Qd    Gs    Bs    area    Vm    Va    baseKV    zone    Vmax    Vmin
mpc.bus = [
	101	2	45.40969815157895	9.25012369754386	0.0	0.0	1	1.0185109423058132	3.358067872458876	138.0	11	1.05	0.95				
	102	2	40.784636302807016	8.40920336140351	0.0	0.0	1	1.0173547290714995	3.048822308446277	138.0	12	1.05	0.95				
	103	1	75.68283025263159	15.557026218596492	0.0	0.0	1	1.0280586926129376	3.188958951693179	138.0	11	1.05	0.95				
	104	1	31.114052437192985	6.306902521052632	0.0	0.0	1	1.0147298852478799	-0.132677927860637	138.0	11	1.05	0.95				
	105	1	29.852671932982457	5.886442352982456	0.0	0.0	1	1.0280853849377094	-0.051156977769746446	138.0	11	1.05	0.95				
	106	1	57.18258285754386	11.772884705964913	0.0	-100.0	1	1.0416357535113776	-2.415904531901602	138.0	12	1.05	0.95				
	107	2	52.557521008771936	10.511504201754386	0.0	0.0	1	0.9850357605965779	-8.607511046734658	138.0	12	1.05	0.95				
	108	1	71.89868874	14.71610588245614	0.0	0.0	1	0.9953492288517034	-6.916342459064864	138.0	12	1.05	0.95				
	109	1	73.5805294122807	15.136566050526316	0.0	0.0	1	1.0254579367206198	-0.9805530032596174	138.0	13	1.05	0.95				
	110	1	81.98973277368421	16.81840672280702	0.0	0.0	1	1.05	-2.1241216350056216	138.0	13	1.05	0.95				
	111	1	0.0	0.0	0.0	0.0	1	1.0174475106974012	0.9910357605461284	230.0	13	1.05	0.95				
	112	1	0.0	0.0	0.0	0.0	1	1.013074085339175	0.20092460086412695	230.0	13	1.05	0.95				
	113	3	111.42194453859648	22.704849075789475	0.0	0.0	1	0.9936039979079507	-3.518066932342726e-34	230.0	14	1.05	0.95				
	114	2	81.56927260561403	16.39794655473684	0.0	0.0	1	1.0438662218576342	4.321001063301816	230.0	16	1.05	0.95				
	115	2	133.28587327824562	26.909450756491225	0.0	0.0	1	1.0439317720863348	13.312799190909917	230.0	16	1.05	0.95				
	116	2	42.046016807017544	8.40920336140351	0.0	0.0	1	1.044206533829792	11.70842233467105	230.0	16	1.05	0.95				
	117	1	0.0	0.0	0.0	0.0	1	1.042211676136436	17.33992376564247	230.0	17	1.05	0.95				
	118	2	140.01323596736844	28.59129142877193	0.0	0.0	1	1.05	17.773123888844193	230.0	17	1.05	0.95				
	119	1	76.10329042070175	15.557026218596492	0.0	0.0	1	1.0403017023795582	8.054222785736002	230.0	15	1.05	0.95				
	120	1	53.81890151298245	10.931964369824563	0.0	0.0	1	1.0425453930264432	5.673732588989945	230.0	15	1.05	0.95				
	121	2	0.0	0.0	0.0	0.0	1	1.0433886568058381	19.237484951114816	230.0	17	1.05	0.95				
	122	2	0.0	0.0	0.0	0.0	1	1.05	37.19762035364494	230.0	17	1.05	0.95				
	123	2	0.0	0.0	0.0	0.0	1	1.0446148369445338	4.6812062928117335	230.0	15	1.05	0.95				
	124	1	0.0	0.0	0.0	0.0	1	1.0253101798788833	9.541252141375457	230.0	16	1.05	0.95				
	201	2	49.65654020210527	10.115221152280702	0.0	0.0	2	1.022220667414585	-10.106068063372765	138.0	21	1.05	0.95				
	202	2	44.598929625964914	9.195655592982458	0.0	0.0	2	1.0229821213094967	-10.000786098218331	138.0	22	1.05	0.95				
	203	1	82.76090033684211	17.011962847017546	0.0	0.0	2	1.0122787240988993	-8.58878732674768	138.0	21	1.05	0.95				
	204	1	34.02392569403509	6.896741694736843	0.0	0.0	2	1.015501478126977	-11.15892078450309	138.0	21	1.05	0.95				
	205	1	32.64457735508772	6.43695891508772	0.0	0.0	2	1.0305126809362668	-11.48132494246212	138.0	21	1.05	0.95				
	206	1	62.53045803228071	12.87391783017544	0.0	-100.0	2	1.042968372773006	-12.686920516460441	138.0	22	1.05	0.95				
	207	2	57.47284745614035	11.494569491228072	0.0	0.0	2	0.9924824439377116	-19.133651681845713	138.0	22	1.05	0.95				
	208	1	78.62285532000001	16.092397287719297	0.0	0.0	2	0.9971349998482926	-17.023734036895217	138.0	22	1.05	0.95				
	209	1	80.4619864385965	16.552180067368422	0.0	0.0	2	1.0225261800462382	-10.210294763943413	138.0	23	1.05	0.95				
	210	1	89.65764203157896	18.391311185964916	0.0	0.0	2	1.05	-11.396172869347975	138.0	23	1.05	0.95				
	211	1	0.0	0.0	0.0	0.0	2	1.0081798514772802	-7.23815628884269	230.0	23	1.05	0.95				
	212	1	0.0	0.0	0.0	0.0	2	1.0091038362429385	-5.982323525749085	230.0	23	1.05	0.95				
	213	2	121.84243660701755	24.828270101052635	0.0	0.0	2	1.005538699586996	-5.505873613223888	230.0	24	1.05	0.95				
	214	2	89.19785925192983	17.931528406315792	0.0	0.0	2	1.0103746572738694	-5.104316120346493	230.0	26	1.05	0.95				
	215	2	145.75114114877195	29.426097897543862	0.0	0.0	2	1.024746125527093	0.5172082904514298	230.0	26	1.05	0.95				
	216	2	45.97827796491229	9.195655592982458	0.0	0.0	2	1.0278069701449906	0.7189960737747167	230.0	26	1.05	0.95				
	217	1	0.0	0.0	0.0	0.0	2	1.0345878780557975	2.0733120250530157	230.0	27	1.05	0.95				
	218	2	153.1076656231579	31.265229016140356	0.0	0.0	2	1.032394824089786	1.4541138395557653	230.0	27	1.05	0.95				
	219	1	83.22068311649123	17.011962847017546	0.0	0.0	2	1.0282567762055144	1.4641451023473497	230.0	25	1.05	0.95				
	220	1	58.852195795087724	11.954352270877195	0.0	0.0	2	1.0321534167450408	3.000148214383439	230.0	25	1.05	0.95				
	221	2	0.0	0.0	0.0	0.0	2	1.0327623956519878	1.9482854121895723	230.0	27	1.05	0.95				
	222	2	0.0	0.0	0.0	0.0	2	1.05	8.493588693935026	230.0	27	1.05	0.95				
	223	2	0.0	0.0	0.0	0.0	2	1.0355595742732189	4.187158750771005	230.0	25	1.05	0.95				
	224	1	0.0	0.0	0.0	0.0	2	1.0088071973116153	-2.883826787090547	230.0	26	1.05	0.95				
	301	2	55.503321726315804	11.306232203508774	0.0	0.0	3	1.0121607792097527	-8.343590743877257	138.0	31	1.05	0.95				
	302	2	49.850205624561404	10.278392912280705	0.0	0.0	3	1.0113527933859463	-8.514440141315763	138.0	32	1.05	0.95				
	303	1	92.50553621052633	19.0150268877193	0.0	0.0	3	1.0330307629763287	0.030616692200414818	138.0	31	1.05	0.95				
	304	1	38.0300537754386	7.708794684210527	0.0	0.0	3	1.011197064904516	-6.658899525884044	138.0	31	1.05	0.95				
	305	1	36.48829483859649	7.194875038596493	0.0	0.0	3	1.0244282245378644	-8.078967119985498	138.0	31	1.05	0.95				
	306	1	69.89307180350879	14.389750077192986	0.0	-100.0	3	1.0387863819187106	-8.514518157935806	138.0	32	1.05	0.95				
	307	2	64.2399557017544	12.847991140350878	0.0	0.0	3	0.9946851704357027	-13.995525571908034	138.0	32	1.05	0.95				
	308	1	87.8802594	17.98718759649123	0.0	0.0	3	0.9971962825369357	-11.600254760783235	138.0	32	1.05	0.95				
	309	1	89.93593798245615	18.501107242105263	0.0	0.0	3	1.0283591613133694	-3.0507849889228886	138.0	33	1.05	0.95				
	310	1	100.21433089473686	20.55678582456141	0.0	0.0	3	1.05	-6.163579439678391	138.0	33	1.05	0.95				
	311	1	0.0	0.0	0.0	0.0	3	1.0134912832406036	0.3286148890433165	230.0	33	1.05	0.95				
	312	1	0.0	0.0	0.0	0.0	3	1.0124772040651173	0.5695328047021487	230.0	33	1.05	0.95				
	313	2	136.1887060877193	27.751660863157902	0.0	0.0	3	1.013134621757801	3.4182299730750483	230.0	34	1.05	0.95				
	314	2	99.70041124912281	20.04286617894737	0.0	0.0	3	1.0217835984632728	2.6132860882911033	230.0	36	1.05	0.95				
	315	2	162.91252765964913	32.89085731929825	0.0	0.0	3	1.0418364631391464	8.372069463464987	230.0	36	1.05	0.95				
	316	2	51.39196456140351	10.278392912280705	0.0	0.0	3	1.041342074259732	8.939131400241134	230.0	36	1.05	0.95				
	317	1	0.0	0.0	0.0	0.0	3	1.05	14.332293606687696	230.0	37	1.05	0.95				
	318	2	171.13524198947368	34.946535901754395	0.0	0.0	3	1.0438083333109829	11.620521747189411	230.0	37	1.05	0.95				
	319	1	93.01945585614037	19.0150268877193	0.0	0.0	3	1.0323739741773845	7.260284626918992	230.0	35	1.05	0.95				
	320	1	65.7817146385965	13.361910785964914	0.0	0.0	3	1.028864852957769	6.775083761117807	230.0	35	1.05	0.95				
	321	2	0.0	0.0	0.0	0.0	3	1.044839568495916	11.181060071131691	230.0	37	1.05	0.95				
	322	2	0.0	0.0	0.0	0.0	3	1.05	16.760015225612424	230.0	37	1.05	0.95				
	323	2	0.0	0.0	0.0	0.0	3	1.0278288325778004	6.900151212356868	230.0	35	1.05	0.95				
	324	1	0.0	0.0	0.0	0.0	3	1.0279316321300658	5.24552815073079	230.0	36	1.05	0.95				
	325	1	0.0	0.0	0.0	0.0	3	1.0260251244015142	7.939706568693955	230.0	35	1.05	0.95				
];
