%% MATPOWER Case Format : Version 2
function mpc = RTS_GMLC
mpc.version = '2';

%%-----  Power Flow Data  -----%%
%% system MVA base
mpc.baseMVA = 100.0;
%% bus data
%    bus_i    type    Pd    Qd    Gs    Bs    area    Vm    Va    baseKV    zone    Vmax    Vmin
mpc.bus = [
	101	2	46.90598714526316	9.554923307368421	0.0	0.0	1	1.016593960447865	2.24474819690585	138.0	11	1.05	0.95				
	102	2	42.12852549157894	8.686293915789474	0.0	0.0	1	1.0154828037203176	1.929448573908238	138.0	12	1.05	0.95				
	103	1	78.17664524210527	16.069643744210527	0.0	0.0	1	1.0253037491939356	2.287344623057243	138.0	11	1.05	0.95				
	104	1	32.139287488421054	6.514720436842104	0.0	0.0	1	1.0134813403455005	-1.2267702156302518	138.0	11	1.05	0.95				
	105	1	30.83634340105263	6.080405741052632	0.0	0.0	1	1.026930240318022	-1.1649244684755564	138.0	11	1.05	0.95				
	106	1	59.06679862736842	12.160811482105265	0.0	-100.0	1	1.0407988626430456	-3.539592497003637	138.0	12	1.05	0.95				
	107	2	54.28933697368421	10.857867394736843	0.0	0.0	1	0.986285319052572	-11.071146144111726	138.0	12	1.05	0.95				
	108	1	74.26781298	15.201014352631578	0.0	0.0	1	0.9947629494434257	-8.804742039954995	138.0	12	1.05	0.95				
	109	1	76.0050717631579	15.63532904842105	0.0	0.0	1	1.0251848131271712	-1.9919029416132206	138.0	13	1.05	0.95				
	110	1	84.69136567894736	17.372587831578947	0.0	0.0	1	1.05	-3.1868833562944134	138.0	13	1.05	0.95				
	111	1	0.0	0.0	0.0	0.0	1	1.018154598499187	0.38974430040461977	230.0	13	1.05	0.95				
	112	1	0.0	0.0	0.0	0.0	1	1.0144439259804547	-0.6435966006188671	230.0	13	1.05	0.95				
	113	3	115.09339438421051	23.45299357263158	0.0	0.0	1	0.9997076515253013	-1.2775711302229958e-28	230.0	14	1.05	0.95				
	114	2	84.25705098315788	16.938273135789476	0.0	0.0	1	1.0416681970207136	3.644470155359991	230.0	16	1.05	0.95				
	115	2	137.67775856526316	27.796140530526316	0.0	0.0	1	1.0396996529233833	12.87064053030389	230.0	16	1.05	0.95				
	116	2	43.43146957894737	8.686293915789474	0.0	0.0	1	1.0394686688698123	11.0404596200828	230.0	16	1.05	0.95				
	117	1	0.0	0.0	0.0	0.0	1	1.0384642283701162	17.0482682604742	230.0	17	1.05	0.95				
	118	2	144.62679369789473	29.53339931368421	0.0	0.0	1	1.0470437143455904	17.62663900769816	230.0	17	1.05	0.95				
	119	1	78.61095993789475	16.069643744210527	0.0	0.0	1	1.0344178644539177	6.770152139992698	230.0	15	1.05	0.95				
	120	1	55.59228106105263	11.292182090526316	0.0	0.0	1	1.0369926585654026	3.8859170667884895	230.0	15	1.05	0.95				
	121	2	0.0	0.0	0.0	0.0	1	1.0413524619574759	19.261227900694777	230.0	17	1.05	0.95				
	122	2	0.0	0.0	0.0	0.0	1	1.05	37.23820836654506	230.0	17	1.05	0.95				
	123	2	0.0	0.0	0.0	0.0	1	1.0395917588779704	2.6315873676318313	230.0	15	1.05	0.95				
	124	1	0.0	0.0	0.0	0.0	1	1.0211189307944712	8.92137766152724	230.0	16	1.05	0.95				
	201	2	44.28458996210527	9.020934992280703	0.0	0.0	2	1.0079243904317925	-16.7358923789986	138.0	21	1.05	0.95				
	202	2	39.774122465964915	8.200849992982457	0.0	0.0	2	1.007144860318782	-17.03760386981953	138.0	22	1.05	0.95				
	203	1	73.80764993684211	15.171572487017542	0.0	0.0	2	1.0117979880368537	-12.262054930985466	138.0	21	1.05	0.95				
	204	1	30.343144974035084	6.150637494736842	0.0	0.0	2	1.0092452519547221	-16.655879633943584	138.0	21	1.05	0.95				
	205	1	29.113017475087716	5.74059499508772	0.0	0.0	2	1.0239248017903728	-17.14016546884211	138.0	21	1.05	0.95				
	206	1	55.7657799522807	11.48118999017544	0.0	-100.0	2	1.0407730957708805	-17.883003948286508	138.0	22	1.05	0.95				
	207	2	51.25531245614036	10.25106249122807	0.0	0.0	2	0.9909292632223399	-22.744172307218545	138.0	22	1.05	0.95				
	208	1	70.11726743999999	14.351487487719297	0.0	0.0	2	0.9983650465631968	-20.91278387239228	138.0	22	1.05	0.95				
	209	1	71.7574374385965	14.761529987368421	0.0	0.0	2	1.0228165539269323	-14.640965717822763	138.0	23	1.05	0.95				
	210	1	79.95828743157894	16.401699985964914	0.0	0.0	2	1.05	-16.219137412184594	138.0	23	1.05	0.95				
	211	1	0.0	0.0	0.0	0.0	2	1.0081236704596017	-11.553200333843403	230.0	23	1.05	0.95				
	212	1	0.0	0.0	0.0	0.0	2	1.0127864761312317	-10.835696172700423	230.0	23	1.05	0.95				
	213	2	108.66126240701755	22.142294981052636	0.0	0.0	2	1.0078229007198705	-10.187370968978314	230.0	24	1.05	0.95				
	214	2	79.54824493192983	15.991657486315791	0.0	0.0	2	1.0093060896954666	-8.7845253970295	230.0	26	1.05	0.95				
	215	2	129.98347238877193	26.24271997754386	0.0	0.0	2	1.0272735434537226	-2.063964757633463	230.0	26	1.05	0.95				
	216	2	41.00424996491228	8.200849992982457	0.0	0.0	2	1.0304689267246154	-2.438357766159818	230.0	26	1.05	0.95				
	217	1	0.0	0.0	0.0	0.0	2	1.0351780466035536	-0.6249380343876964	230.0	27	1.05	0.95				
	218	2	136.5441523831579	27.88288997614035	0.0	0.0	2	1.0333438388052891	-1.1238864394106316	230.0	27	1.05	0.95				
	219	1	74.21769243649123	15.171572487017542	0.0	0.0	2	1.0350896609099274	-2.7530734689855123	230.0	25	1.05	0.95				
	220	1	52.48543995508772	10.661104990877194	0.0	0.0	2	1.0416852601162145	-2.2385034242493176	230.0	25	1.05	0.95				
	221	2	0.0	0.0	0.0	0.0	2	1.034043974699246	-0.6373137790627965	230.0	27	1.05	0.95				
	222	2	0.0	0.0	0.0	0.0	2	1.05	5.864696592742002	230.0	27	1.05	0.95				
	223	2	0.0	0.0	0.0	0.0	2	1.045855952998092	-1.6539797837846364	230.0	25	1.05	0.95				
	224	1	0.0	0.0	0.0	0.0	2	1.0089142525917842	-5.863902053308104	230.0	26	1.05	0.95				
	301	2	60.50869976842106	12.325846249122808	0.0	0.0	3	1.0324728629055373	2.0681382485886393	138.0	31	1.05	0.95				
	302	2	54.345776643859644	11.205314771929825	0.0	0.0	3	1.0273025834535103	1.7252125744835505	138.0	32	1.05	0.95				
	303	1	100.8478329473684	20.729832328070174	0.0	0.0	3	1.05	18.438761438648953	138.0	31	1.05	0.95				
	304	1	41.45966465614035	8.403986078947367	0.0	0.0	3	1.0078660802318467	3.4479003770947836	138.0	31	1.05	0.95				
	305	1	39.77886744035087	7.8437203403508775	0.0	0.0	3	1.0287230540555976	1.1014843793298212	138.0	31	1.05	0.95				
	306	1	76.19614044912281	15.687440680701755	0.0	-100.0	3	1.0323309402960397	-0.0897853958811474	138.0	32	1.05	0.95				
	307	2	70.0332173245614	14.00664346491228	0.0	0.0	3	0.95	0.3141755275312072	138.0	32	1.05	0.95				
	308	1	95.8054413	19.60930085087719	0.0	0.0	3	0.9657245806468006	0.2337064701476987	138.0	32	1.05	0.95				
	309	1	98.04650425438595	20.169566589473682	0.0	0.0	3	1.011054391192171	7.228158283600483	138.0	33	1.05	0.95				
	310	1	109.25181902631577	22.41062954385965	0.0	0.0	3	1.0385292222170426	1.9177557404747367	138.0	33	1.05	0.95				
	311	1	0.0	0.0	0.0	0.0	3	0.9983619190352251	6.782955781758387	230.0	33	1.05	0.95				
	312	1	0.0	0.0	0.0	0.0	3	1.0022618146379156	7.362911002521935	230.0	33	1.05	0.95				
	313	2	148.47042072807017	30.25434988421053	0.0	0.0	3	0.9988435053784676	9.239970249428453	230.0	34	1.05	0.95				
	314	2	108.69155328771929	21.850363805263157	0.0	0.0	3	0.9966141862062479	6.949854789636439	230.0	36	1.05	0.95				
	315	2	177.6042391350877	35.85700727017544	0.0	0.0	3	1.05	10.823661087315122	230.0	36	1.05	0.95				
	316	2	56.02657385964912	11.205314771929825	0.0	0.0	3	1.0390719415413965	10.544707553850182	230.0	36	1.05	0.95				
	317	1	0.0	0.0	0.0	0.0	3	1.05	14.994061017320313	230.0	37	1.05	0.95				
	318	2	186.56849095263158	38.098070224561404	0.0	0.0	3	1.0450366711970434	12.050636317168648	230.0	37	1.05	0.95				
	319	1	101.40809868596492	20.729832328070174	0.0	0.0	3	1.0245696425431907	9.500055188594311	230.0	35	1.05	0.95				
	320	1	71.71401454035087	14.566909203508771	0.0	0.0	3	1.0165285023428168	9.671215401263353	230.0	35	1.05	0.95				
	321	2	0.0	0.0	0.0	0.0	3	1.0474174353106491	12.291770533995404	230.0	37	1.05	0.95				
	322	2	0.0	0.0	0.0	0.0	3	1.05	17.69728813728217	230.0	37	1.05	0.95				
	323	2	0.0	0.0	0.0	0.0	3	1.0133574321234482	10.207070350137892	230.0	35	1.05	0.95				
	324	1	0.0	0.0	0.0	0.0	3	1.047305453077501	13.736405329526214	230.0	36	1.05	0.95				
	325	1	0.0	0.0	0.0	0.0	3	1.0140050567317944	10.991561080225928	230.0	35	1.05	0.95				
];
