%% MATPOWER Case Format : Version 2
function mpc = RTS_GMLC
mpc.version = '2';

%%-----  Power Flow Data  -----%%
%% system MVA base
mpc.baseMVA = 100.0;
%% bus data
%    bus_i    type    Pd    Qd    Gs    Bs    area    Vm    Va    baseKV    zone    Vmax    Vmin
mpc.bus = [
	101	2	54.32063335578948	11.065314202105265	0.0	0.0	1	1.0126707956290308	-5.2301328438856824	138.0	11	1.05	0.95				
	102	2	48.78797625473684	10.059376547368421	0.0	0.0	1	1.0123607661336051	-5.497486671544774	138.0	12	1.05	0.95				
	103	1	90.5343889263158	18.609846612631582	0.0	0.0	1	1.004246098942897	-0.19488421006031922	138.0	11	1.05	0.95				
	104	1	37.219693225263164	7.544532410526315	0.0	0.0	1	1.0023187219029006	-5.427311876325636	138.0	11	1.05	0.95				
	105	1	35.7107867431579	7.041563583157896	0.0	0.0	1	1.015143432233698	-6.710779494027752	138.0	11	1.05	0.95				
	106	1	68.40376052210527	14.083127166315792	0.0	-100.0	1	1.023609047405992	-8.114833475505455	138.0	12	1.05	0.95				
	107	2	62.87110342105263	12.574220684210527	0.0	0.0	1	0.9876815980053907	-11.690463106873572	138.0	12	1.05	0.95				
	108	1	86.00766948	17.60390895789474	0.0	0.0	1	0.9857341648379015	-10.707342085164328	138.0	12	1.05	0.95				
	109	1	88.01954478947368	18.10687778526316	0.0	0.0	1	1.0034443422343788	-4.426188662333961	138.0	13	1.05	0.95				
	110	1	98.0789213368421	20.118753094736842	0.0	0.0	1	1.030090266815482	-6.555251578503669	138.0	13	1.05	0.95				
	111	1	0.0	0.0	0.0	0.0	1	0.9870153968337411	-1.367943374051524	230.0	13	1.05	0.95				
	112	1	0.0	0.0	0.0	0.0	1	0.98678893820077	-1.9565709732870809	230.0	13	1.05	0.95				
	113	3	133.2867392526316	27.16031667789474	0.0	0.0	1	0.9748669936509735	-3.109627571530377e-27	230.0	14	1.05	0.95				
	114	2	97.57595250947368	19.615784267368422	0.0	0.0	1	0.9975684268214277	1.6580223980114612	230.0	16	1.05	0.95				
	115	2	159.44111827578948	32.19000495157895	0.0	0.0	1	1.0030260661898285	10.823545072145844	230.0	16	1.05	0.95				
	116	2	50.29688273684211	10.059376547368421	0.0	0.0	1	1.0012476413057534	9.305085550851963	230.0	16	1.05	0.95				
	117	1	0.0	0.0	0.0	0.0	1	1.0088349676809776	14.843861868993741	230.0	17	1.05	0.95				
	118	2	167.48861951368423	34.20188026105264	0.0	0.0	1	1.0165940138310974	15.64683823317875	230.0	17	1.05	0.95				
	119	1	91.03735775368422	18.609846612631582	0.0	0.0	1	0.9974637957260117	5.976756668408075	230.0	15	1.05	0.95				
	120	1	64.3800099031579	13.077189511578949	0.0	0.0	1	0.9993759970957028	3.5002504731619597	230.0	15	1.05	0.95				
	121	2	0.0	0.0	0.0	0.0	1	1.0171876309654868	17.146768745351693	230.0	17	1.05	0.95				
	122	2	0.0	0.0	0.0	0.0	1	1.032920771292594	30.86707865699613	230.0	17	1.05	0.95				
	123	2	0.0	0.0	0.0	0.0	1	1.0018033696926179	2.546667304775001	230.0	15	1.05	0.95				
	124	1	0.0	0.0	0.0	0.0	1	0.9902119366251314	6.648889320350023	230.0	16	1.05	0.95				
	201	2	49.40154257684211	10.063277191578948	0.0	0.0	2	1.0108052186143086	-10.207599385337602	138.0	21	1.05	0.95				
	202	2	44.36990398105263	9.148433810526317	0.0	0.0	2	1.009587949517075	-10.410559049152933	138.0	22	1.05	0.95				
	203	1	82.33590429473685	16.924602549473686	0.0	0.0	2	0.9973871259578269	-7.993659570669369	138.0	21	1.05	0.95				
	204	1	33.84920509894737	6.861325357894738	0.0	0.0	2	1.0007831233349267	-9.386819090321955	138.0	21	1.05	0.95				
	205	1	32.47694002736842	6.403903667368422	0.0	0.0	2	1.0168389680788346	-9.691631555345285	138.0	21	1.05	0.95				
	206	1	62.20934991157896	12.807807334736845	0.0	-100.0	2	1.0279706153012904	-9.962370279070612	138.0	22	1.05	0.95				
	207	2	57.17771131578948	11.435542263157895	0.0	0.0	2	0.971685706016479	-15.641348899313753	138.0	22	1.05	0.95				
	208	1	78.21910908000001	16.009759168421052	0.0	0.0	2	0.9785106542662432	-13.488674303367306	138.0	22	1.05	0.95				
	209	1	80.04879584210526	16.46718085894737	0.0	0.0	2	1.007926304763388	-6.604225956864446	138.0	23	1.05	0.95				
	210	1	89.19722965263158	18.296867621052634	0.0	0.0	2	1.034588076194863	-7.663063439907139	138.0	23	1.05	0.95				
	211	1	0.0	0.0	0.0	0.0	2	0.9911410021242356	-3.8924085409461116	230.0	23	1.05	0.95				
	212	1	0.0	0.0	0.0	0.0	2	0.9939595273534442	1.5933897901658591	230.0	23	1.05	0.95				
	213	2	121.21674798947369	24.700771288421056	0.0	0.0	2	0.9902527055861542	-0.9790542496173382	230.0	24	1.05	0.95				
	214	2	88.73980796210526	17.839445930526317	0.0	0.0	2	0.9887168041878897	-3.0898683108218004	230.0	26	1.05	0.95				
	215	2	145.0026758968421	29.274988193684216	0.0	0.0	2	0.995627680958143	1.289123839497051	230.0	26	1.05	0.95				
	216	2	45.74216905263158	9.148433810526317	0.0	0.0	2	0.9946468602367882	1.063206869742009	230.0	26	1.05	0.95				
	217	1	0.0	0.0	0.0	0.0	2	1.0029569761745665	2.0481075214950346	230.0	27	1.05	0.95				
	218	2	152.32142294526315	31.10467495578948	0.0	0.0	2	1.002797177760876	1.5865870536056508	230.0	27	1.05	0.95				
	219	1	82.79332598526317	16.924602549473686	0.0	0.0	2	0.991429942443833	2.105991698105245	230.0	25	1.05	0.95				
	220	1	58.54997638736843	11.892963953684212	0.0	0.0	2	0.9925882064407525	3.9683012236891755	230.0	25	1.05	0.95				
	221	2	0.0	0.0	0.0	0.0	2	1.0053215591108131	2.2853588718044544	230.0	27	1.05	0.95				
	222	2	0.0	0.0	0.0	0.0	2	1.0237700196333452	8.777685010123271	230.0	27	1.05	0.95				
	223	2	0.0	0.0	0.0	0.0	2	0.9948024203551991	5.364310651859256	230.0	25	1.05	0.95				
	224	1	0.0	0.0	0.0	0.0	2	0.9851440695908138	-2.2300405345483094	230.0	26	1.05	0.95				
	301	2	74.55109141894737	15.186333437192982	0.0	0.0	3	1.0041016977867463	32.01347105635473	138.0	31	1.05	0.95				
	302	2	66.95792470035087	13.805757670175439	0.0	0.0	3	1.004367386974568	31.679869627917984	138.0	32	1.05	0.95				
	303	1	124.25181903157893	25.54065168982456	0.0	0.0	3	1.0219618141183933	45.757828030289026	138.0	31	1.05	0.95				
	304	1	51.08130337964912	10.354318252631579	0.0	0.0	3	0.9937946708796022	33.80803693937882	138.0	31	1.05	0.95				
	305	1	49.0104397291228	9.664030369122807	0.0	0.0	3	1.0104279784587478	32.30058572014556	138.0	31	1.05	0.95				
	306	1	93.87915215719299	19.328060738245615	0.0	-100.0	3	1.0203608585246342	31.68678228732926	138.0	32	1.05	0.95				
	307	2	86.2859854385965	17.257197087719298	0.0	0.0	3	0.9658679453714278	27.92006568970151	138.0	32	1.05	0.95				
	308	1	118.03922808	24.160075922807014	0.0	0.0	3	0.9773101710370287	31.184862054227924	138.0	32	1.05	0.95				
	309	1	120.8003796140351	24.850363806315787	0.0	0.0	3	1.0105413210162353	38.46320145672427	138.0	33	1.05	0.95				
	310	1	134.60613728421052	27.611515340350877	0.0	0.0	3	1.0355224561220944	34.85920301881407	138.0	33	1.05	0.95				
	311	1	0.0	0.0	0.0	0.0	3	1.0019643779182235	40.72719644375781	230.0	33	1.05	0.95				
	312	1	0.0	0.0	0.0	0.0	3	1.0056896718216632	41.36794866609064	230.0	33	1.05	0.95				
	313	2	182.92628912982454	37.27554570947368	0.0	0.0	3	1.0164894149621264	47.225095009973955	230.0	34	1.05	0.95				
	314	2	133.91584940070175	26.921227456842107	0.0	0.0	3	1.0031985556042584	39.078008482252336	230.0	36	1.05	0.95				
	315	2	218.82125907228067	44.1784245445614	0.0	0.0	3	1.0052657608956725	34.278853351232605	230.0	36	1.05	0.95				
	316	2	69.02878835087719	13.805757670175439	0.0	0.0	3	1.0025979299989147	34.99837577859866	230.0	36	1.05	0.95				
	317	1	0.0	0.0	0.0	0.0	3	1.009988588464222	35.43124305217233	230.0	37	1.05	0.95				
	318	2	229.86586520842104	46.939576078596495	0.0	0.0	3	1.002929757846068	31.77526598316464	230.0	37	1.05	0.95				
	319	1	124.94210691508772	25.54065168982456	0.0	0.0	3	1.006548296554027	35.99098051977924	230.0	35	1.05	0.95				
	320	1	88.3568490891228	17.94748497122807	0.0	0.0	3	1.0122830477746125	36.50868960116062	230.0	35	1.05	0.95				
	321	2	0.0	0.0	0.0	0.0	3	1.0113565816580243	33.25656888538405	230.0	37	1.05	0.95				
	322	2	0.0	0.0	0.0	0.0	3	1.028206385429777	38.39176610008929	230.0	37	1.05	0.95				
	323	2	0.0	0.0	0.0	0.0	3	1.0150547258403955	36.379035181304474	230.0	35	1.05	0.95				
	324	1	0.0	0.0	0.0	0.0	3	1.0108396470646561	40.786046072727125	230.0	36	1.05	0.95				
	325	1	0.0	0.0	0.0	0.0	3	1.0149073946252134	34.76198471504977	230.0	35	1.05	0.95				
];
