%% MATPOWER Case Format : Version 2
function mpc = RTS_GMLC
mpc.version = '2';

%%-----  Power Flow Data  -----%%
%% system MVA base
mpc.baseMVA = 100.0;
%% bus data
%    bus_i    type    Pd    Qd    Gs    Bs    area    Vm    Va    baseKV    zone    Vmax    Vmin
mpc.bus = [
	101	2	40.05244928842106	8.15883226245614	0.0	0.0	1	1.0121867458753742	-3.884875537379629	138.0	11	1.05	0.95				
	102	2	35.97303315719299	7.417120238596492	0.0	0.0	1	1.01213539220815	-4.0956898752983975	138.0	12	1.05	0.95				
	103	1	66.75408214736844	13.72167244140351	0.0	0.0	1	1.0015868223254554	0.8635275663328716	138.0	11	1.05	0.95				
	104	1	27.44334488280702	5.5628401789473685	0.0	0.0	1	1.003052054038612	-3.930391441901095	138.0	11	1.05	0.95				
	105	1	26.330776847017546	5.191984167017545	0.0	0.0	1	1.017241867862767	-4.927782980265898	138.0	11	1.05	0.95				
	106	1	50.436417622456155	10.38396833403509	0.0	-100.0	1	1.0281811126384937	-5.973961945840347	138.0	12	1.05	0.95				
	107	2	46.357001491228075	9.271400298245615	0.0	0.0	1	0.9860961316651301	-9.261516344121867	138.0	12	1.05	0.95				
	108	1	63.41637804	12.97996041754386	0.0	0.0	1	0.989097991511928	-8.181028475764263	138.0	12	1.05	0.95				
	109	1	64.89980208771931	13.350816429473685	0.0	0.0	1	1.0022390122349283	-2.962642193638332	138.0	13	1.05	0.95				
	110	1	72.31692232631579	14.834240477192983	0.0	0.0	1	1.0309527319702656	-4.757920353177997	138.0	13	1.05	0.95				
	111	1	0.0	0.0	0.0	0.0	1	0.9805129613121265	-0.5239976130955499	230.0	13	1.05	0.95				
	112	1	0.0	0.0	0.0	0.0	1	0.9823547226079765	-1.3042390561673818	230.0	13	1.05	0.95				
	113	3	98.27684316140352	20.02622464421053	0.0	0.0	1	0.9622616393931146	1.5136915673016844e-25	230.0	14	1.05	0.95				
	114	2	71.94606631438597	14.46338446526316	0.0	0.0	1	0.9875374085667906	2.513790677695651	230.0	16	1.05	0.95				
	115	2	117.5613557817544	23.734784763508774	0.0	0.0	1	0.9879236035428566	10.833725337535865	230.0	16	1.05	0.95				
	116	2	37.08560119298246	7.417120238596492	0.0	0.0	1	0.9872561003148645	9.366715348115061	230.0	16	1.05	0.95				
	117	1	0.0	0.0	0.0	0.0	1	0.9908318953044857	14.555491505862692	230.0	17	1.05	0.95				
	118	2	123.4950519726316	25.218208811228077	0.0	0.0	1	0.9966475853538431	15.178181326251893	230.0	17	1.05	0.95				
	119	1	67.12493815929825	13.72167244140351	0.0	0.0	1	0.9879033683182864	5.9804552764002565	230.0	15	1.05	0.95				
	120	1	47.46956952701755	9.64225631017544	0.0	0.0	1	0.9927031316898143	3.437225302755122	230.0	15	1.05	0.95				
	121	2	0.0	0.0	0.0	0.0	1	0.9968637354879881	16.419383446438996	230.0	17	1.05	0.95				
	122	2	0.0	0.0	0.0	0.0	1	1.0097723535261949	30.734268049387445	230.0	17	1.05	0.95				
	123	2	0.0	0.0	0.0	0.0	1	0.9961687313377118	2.351667586189925	230.0	15	1.05	0.95				
	124	1	0.0	0.0	0.0	0.0	1	0.9812063496546379	7.007672950784175	230.0	16	1.05	0.95				
	201	2	41.343617178947376	8.42184794385965	0.0	0.0	2	1.0103910323880076	-10.173514183188562	138.0	21	1.05	0.95				
	202	2	37.132693207017546	7.656225403508773	0.0	0.0	2	1.009376175935584	-10.320536573976145	138.0	22	1.05	0.95				
	203	1	68.90602863157895	14.16401699649123	0.0	0.0	2	0.99757927619359	-7.722767087283171	138.0	21	1.05	0.95				
	204	1	28.32803399298246	5.74216905263158	0.0	0.0	2	1.001734268579867	-9.334845817559723	138.0	21	1.05	0.95				
	205	1	27.17960018245614	5.359357782456142	0.0	0.0	2	1.017692475099355	-9.680563477646185	138.0	21	1.05	0.95				
	206	1	52.06233274385966	10.718715564912284	0.0	-100.0	2	1.0300395297756408	-9.891425949046264	138.0	22	1.05	0.95				
	207	2	47.85140877192983	9.570281754385967	0.0	0.0	2	0.9718078323492593	-14.37062068450036	138.0	22	1.05	0.95				
	208	1	65.46072720000001	13.398394456140354	0.0	0.0	2	0.9814933390822319	-12.63776100843178	138.0	22	1.05	0.95				
	209	1	66.99197228070176	13.78120572631579	0.0	0.0	2	1.0068783179958392	-6.8918755848726825	138.0	23	1.05	0.95				
	210	1	74.64819768421054	15.312450807017546	0.0	0.0	2	1.0344784755234422	-7.917441152621087	138.0	23	1.05	0.95				
	211	1	0.0	0.0	0.0	0.0	2	0.9868210771988263	-4.690758606309508	230.0	23	1.05	0.95				
	212	1	0.0	0.0	0.0	0.0	2	0.9892279364144648	-0.06505949691082688	230.0	23	1.05	0.95				
	213	2	101.44498659649123	20.671808589473688	0.0	0.0	2	0.9825043619567689	-2.191472742438463	230.0	24	1.05	0.95				
	214	2	74.26538641403509	14.929639536842107	0.0	0.0	2	0.9819165709436625	-4.014963675429491	230.0	26	1.05	0.95				
	215	2	121.35117264561406	24.499921291228073	0.0	0.0	2	0.9906851158985501	-0.4322033432711839	230.0	26	1.05	0.95				
	216	2	38.28112701754387	7.656225403508773	0.0	0.0	2	0.9888457633549386	-0.5394788611929224	230.0	26	1.05	0.95				
	217	1	0.0	0.0	0.0	0.0	2	0.9992400931179658	0.25038533129661794	230.0	27	1.05	0.95				
	218	2	127.47615296842108	26.03116637192983	0.0	0.0	2	1.0001624825453121	-0.2786706898543501	230.0	27	1.05	0.95				
	219	1	69.2888399017544	14.16401699649123	0.0	0.0	2	0.9827201803458708	0.48097679363312573	230.0	25	1.05	0.95				
	220	1	48.99984258245615	9.953093024561404	0.0	0.0	2	0.9804215210791112	2.1923807149932686	230.0	25	1.05	0.95				
	221	2	0.0	0.0	0.0	0.0	2	1.0024424859349177	0.18713772172383977	230.0	27	1.05	0.95				
	222	2	0.0	0.0	0.0	0.0	2	1.0193957674549103	4.466336510969675	230.0	27	1.05	0.95				
	223	2	0.0	0.0	0.0	0.0	2	0.980293147430386	3.461445851224625	230.0	25	1.05	0.95				
	224	1	0.0	0.0	0.0	0.0	2	0.9842456628085339	-3.212029655831318	230.0	26	1.05	0.95				
	301	2	52.44542867368421	10.683328063157894	0.0	0.0	3	1.0080625594139843	27.222635030596038	138.0	31	1.05	0.95				
	302	2	47.10376464210526	9.712116421052631	0.0	0.0	3	1.008453975410508	26.9263434767715	138.0	32	1.05	0.95				
	303	1	87.40904778947368	17.96741537894737	0.0	0.0	3	1.0164735026006335	39.35746828873467	138.0	31	1.05	0.95				
	304	1	35.93483075789474	7.284087315789472	0.0	0.0	3	0.9992561154610399	28.433634210066753	138.0	31	1.05	0.95				
	305	1	34.47801329473684	6.798481494736842	0.0	0.0	3	1.0160183797320577	26.795775646435693	138.0	31	1.05	0.95				
	306	1	66.0423916631579	13.596962989473685	0.0	-100.0	3	1.0280412659199976	25.974770843096486	138.0	32	1.05	0.95				
	307	2	60.70072763157894	12.14014552631579	0.0	0.0	3	0.9684875301730863	23.450023454404334	138.0	32	1.05	0.95				
	308	1	83.03859539999999	16.9962037368421	0.0	0.0	3	0.9821999646972834	25.635354841130795	138.0	32	1.05	0.95				
	309	1	84.98101868421053	17.481809557894735	0.0	0.0	3	1.0077444176813375	31.732392433042325	138.0	33	1.05	0.95				
	310	1	94.69313510526315	19.424232842105262	0.0	0.0	3	1.0360769997984676	27.961198506931485	138.0	33	1.05	0.95				
	311	1	0.0	0.0	0.0	0.0	3	0.9908199057290439	31.931286601454303	230.0	33	1.05	0.95				
	312	1	0.0	0.0	0.0	0.0	3	0.9990065849246395	32.17118645011208	230.0	33	1.05	0.95				
	313	2	128.68554257894735	26.222714336842106	0.0	0.0	3	0.9988695795898891	35.22650479211525	230.0	34	1.05	0.95				
	314	2	94.20752928421052	18.938627021052632	0.0	0.0	3	0.9776577207845027	31.231910011032884	230.0	36	1.05	0.95				
	315	2	153.9370452736842	31.078772547368423	0.0	0.0	3	0.9820624861728501	28.958134137679195	230.0	36	1.05	0.95				
	316	2	48.56058210526316	9.712116421052631	0.0	0.0	3	0.970725421339442	29.401006142941856	230.0	36	1.05	0.95				
	317	1	0.0	0.0	0.0	0.0	3	0.9876337728822457	30.470954964042466	230.0	37	1.05	0.95				
	318	2	161.70673841052633	33.02119583157895	0.0	0.0	3	0.9846449910530066	27.111699919975518	230.0	37	1.05	0.95				
	319	1	87.89465361052632	17.96741537894737	0.0	0.0	3	0.9804020737136656	29.40548174760793	230.0	35	1.05	0.95				
	320	1	62.15754509473685	12.625751347368421	0.0	0.0	3	0.9901296534540431	29.289449014023067	230.0	35	1.05	0.95				
	321	2	0.0	0.0	0.0	0.0	3	0.9920030380288635	28.131972988220323	230.0	37	1.05	0.95				
	322	2	0.0	0.0	0.0	0.0	3	1.0081342851414863	31.47331520402432	230.0	37	1.05	0.95				
	323	2	0.0	0.0	0.0	0.0	3	0.9950953763591845	29.05986400441266	230.0	35	1.05	0.95				
	324	1	0.0	0.0	0.0	0.0	3	0.9938183572704569	34.20672523618151	230.0	36	1.05	0.95				
	325	1	0.0	0.0	0.0	0.0	3	0.9962941441450929	27.994499219911983	230.0	35	1.05	0.95				
];
