%% MATPOWER Case Format : Version 2
function mpc = RTS_GMLC
mpc.version = '2';

%%-----  Power Flow Data  -----%%
%% system MVA base
mpc.baseMVA = 100.0;
%% bus data
%    bus_i    type    Pd    Qd    Gs    Bs    area    Vm    Va    baseKV    zone    Vmax    Vmin
mpc.bus = [
	101	2	44.11380505263158	8.986145473684209	0.0	0.0	1	1.0358226608293521	3.168722376810849	138.0	11	1.05	0.95				
	102	2	39.62073231578947	8.169223157894736	0.0	0.0	1	1.0354155204467819	3.0319738813771373	138.0	12	1.05	0.95				
	103	1	73.52300842105262	15.113062842105263	0.0	0.0	1	1.0301002773000254	0.7567272093544343	138.0	11	1.05	0.95				
	104	1	30.226125684210526	6.126917368421052	0.0	0.0	1	1.0226623222141649	-0.4270166853391118	138.0	11	1.05	0.95				
	105	1	29.000742210526308	5.718456210526316	0.0	0.0	1	1.0371297220835545	-0.16723267409378584	138.0	11	1.05	0.95				
	106	1	55.55071747368421	11.436912421052632	0.0	-100.0	1	1.0463447084315576	-2.4615038064932286	138.0	12	1.05	0.95				
	107	2	51.0576447368421	10.21152894736842	0.0	0.0	1	1.0004589683019003	-7.852410205500075	138.0	12	1.05	0.95				
	108	1	69.84685799999998	14.296140526315787	0.0	0.0	1	1.0051455590134846	-6.619405756952466	138.0	12	1.05	0.95				
	109	1	71.48070263157894	14.704601684210525	0.0	0.0	1	1.0249075922279274	-1.6111002119571933	138.0	13	1.05	0.95				
	110	1	79.64992578947367	16.338446315789472	0.0	0.0	1	1.05	-2.2712238787594092	138.0	13	1.05	0.95				
	111	1	0.0	0.0	0.0	0.0	1	1.0030603511762837	-0.07088579105607862	230.0	13	1.05	0.95				
	112	1	0.0	0.0	0.0	0.0	1	1.008335725814917	0.28275988953799924	230.0	13	1.05	0.95				
	113	3	108.24220684210526	22.05690252631579	0.0	0.0	1	0.9943861552383539	-2.3241525368367382e-30	230.0	14	1.05	0.95				
	114	2	79.24146463157894	15.929985157894736	0.0	0.0	1	0.9992536890270706	1.8680049534131276	230.0	16	1.05	0.95				
	115	2	129.48218705263156	26.14151410526316	0.0	0.0	1	1.0390926104365346	7.2840466638328705	230.0	16	1.05	0.95				
	116	2	40.84611578947368	8.169223157894736	0.0	0.0	1	1.0344628607058488	6.930853479640919	230.0	16	1.05	0.95				
	117	1	0.0	0.0	0.0	0.0	1	1.0420943950392483	8.96074395631337	230.0	17	1.05	0.95				
	118	2	136.01756557894734	27.775358736842104	0.0	0.0	1	1.0457819297037514	8.70390998979083	230.0	17	1.05	0.95				
	119	1	73.93146957894736	15.113062842105263	0.0	0.0	1	1.0276109114165506	5.9395177581725065	230.0	15	1.05	0.95				
	120	1	52.28302821052632	10.619990105263158	0.0	0.0	1	1.0244060263729653	5.86760292234253	230.0	15	1.05	0.95				
	121	2	0.0	0.0	0.0	0.0	1	1.05	9.404318687271052	230.0	17	1.05	0.95				
	122	2	0.0	0.0	0.0	0.0	1	1.05	19.09605312371234	230.0	17	1.05	0.95				
	123	2	0.0	0.0	0.0	0.0	1	1.023097731973674	6.145720431516809	230.0	15	1.05	0.95				
	124	1	0.0	0.0	0.0	0.0	1	1.0269859715608576	4.8424802048111	230.0	16	1.05	0.95				
	201	2	46.88556586105264	9.550763416140352	0.0	0.0	2	1.0292788805236812	-6.372256394350758	138.0	21	1.05	0.95				
	202	2	42.11018415298246	8.68251219649123	0.0	0.0	2	1.0298014689772925	-6.3032331678628175	138.0	22	1.05	0.95				
	203	1	78.14260976842105	16.062647563508772	0.0	0.0	2	1.018724301712068	-6.562585332317309	138.0	21	1.05	0.95				
	204	1	32.125295127017544	6.511884147368422	0.0	0.0	2	1.019118085177971	-8.617832666776177	138.0	21	1.05	0.95				
	205	1	30.82291829754386	6.07775853754386	0.0	0.0	2	1.034136043602897	-8.714133974589155	138.0	21	1.05	0.95				
	206	1	59.04108293614036	12.15551707508772	0.0	-100.0	2	1.0449058807944622	-10.433197817956628	138.0	22	1.05	0.95				
	207	2	54.265701228070185	10.853140245614036	0.0	0.0	2	0.989101202606672	-16.998699840930048	138.0	22	1.05	0.95				
	208	1	74.23547928	15.194396343859651	0.0	0.0	2	0.996367206054158	-15.04225132722607	138.0	22	1.05	0.95				
	209	1	75.97198171929826	15.62852195368421	0.0	0.0	2	1.022938241230848	-8.738056708384544	138.0	23	1.05	0.95				
	210	1	84.65449391578947	17.36502439298246	0.0	0.0	2	1.05	-9.704461628535732	138.0	23	1.05	0.95				
	211	1	0.0	0.0	0.0	0.0	2	1.0050825415414353	-6.221378433417942	230.0	23	1.05	0.95				
	212	1	0.0	0.0	0.0	0.0	2	1.0099660076363468	-5.838207396115772	230.0	23	1.05	0.95				
	213	2	115.04328660350878	23.44278293052632	0.0	0.0	2	0.9987199966599025	-5.54005435865452	230.0	24	1.05	0.95				
	214	2	84.22036830596493	16.930898783157897	0.0	0.0	2	1.0055243053191254	-3.703961155788723	230.0	26	1.05	0.95				
	215	2	137.61781831438597	27.784039028771936	0.0	0.0	2	1.0269739564778064	2.6960196211132885	230.0	26	1.05	0.95				
	216	2	43.41256098245614	8.68251219649123	0.0	0.0	2	1.0287879130350646	2.4408624811648467	230.0	26	1.05	0.95				
	217	1	0.0	0.0	0.0	0.0	2	1.033884110330851	5.1935634591871045	230.0	27	1.05	0.95				
	218	2	144.56382807157897	29.52054146807018	0.0	0.0	2	1.0353703479002592	5.618118376258103	230.0	27	1.05	0.95				
	219	1	78.57673537824562	16.062647563508772	0.0	0.0	2	1.0292910255201129	1.3061996535169416	230.0	25	1.05	0.95				
	220	1	55.56807805754387	11.287265855438598	0.0	0.0	2	1.0328179564317659	1.165022114273863	230.0	25	1.05	0.95				
	221	2	0.0	0.0	0.0	0.0	2	1.0354321586698723	5.406476628545645	230.0	27	1.05	0.95				
	222	2	0.0	0.0	0.0	0.0	2	1.05	11.820322324186948	230.0	27	1.05	0.95				
	223	2	0.0	0.0	0.0	0.0	2	1.0353001447633874	1.4160334604608555	230.0	25	1.05	0.95				
	224	1	0.0	0.0	0.0	0.0	2	1.0124182202068193	-0.7777427786586409	230.0	26	1.05	0.95				
	301	2	59.12496045473684	12.04397342596491	0.0	0.0	3	1.007768604631241	-31.706873223683687	138.0	31	1.05	0.95				
	302	2	53.102973741754376	10.949066750877193	0.0	0.0	3	1.0070755361879276	-31.8772610152578	138.0	32	1.05	0.95				
	303	1	98.54160075789473	20.255773489122806	0.0	0.0	3	1.0274592348167015	-23.7189963205881	138.0	31	1.05	0.95				
	304	1	40.51154697824561	8.211800063157893	0.0	0.0	3	1.0079383675206124	-30.09119689116	138.0	31	1.05	0.95				
	305	1	38.86918696561403	7.664346725614035	0.0	0.0	3	1.0215312832146117	-31.10948171806034	138.0	31	1.05	0.95				
	306	1	74.45365390596491	15.32869345122807	0.0	-100.0	3	1.0366949020144927	-31.39517756122804	138.0	32	1.05	0.95				
	307	2	68.43166719298245	13.68633343859649	0.0	0.0	3	0.9912340395535331	-37.63747114681681	138.0	32	1.05	0.95				
	308	1	93.61452071999999	19.160866814035085	0.0	0.0	3	0.9934920726423868	-35.05979013497615	138.0	32	1.05	0.95				
	309	1	95.80433407017543	19.708320151578945	0.0	0.0	3	1.0272473275077	-26.39924631329854	138.0	33	1.05	0.95				
	310	1	106.75340082105262	21.898133501754387	0.0	0.0	3	1.05	-28.753624492720466	138.0	33	1.05	0.95				
	311	1	0.0	0.0	0.0	0.0	3	1.0170322221391928	-21.675424320466867	230.0	33	1.05	0.95				
	312	1	0.0	0.0	0.0	0.0	3	1.0173814954142588	-21.05538706664153	230.0	33	1.05	0.95				
	313	2	145.0751344491228	29.56248022736842	0.0	0.0	3	1.0239391697940134	-17.981466453137575	230.0	34	1.05	0.95				
	314	2	106.20594748350875	21.350680164210527	0.0	0.0	3	1.0270137330614182	-19.042986462998485	230.0	36	1.05	0.95				
	315	2	173.5427080014035	35.037013602807015	0.0	0.0	3	1.0475712325768052	-12.446132827437609	230.0	36	1.05	0.95				
	316	2	54.74533375438596	10.949066750877193	0.0	0.0	3	1.0476713729951828	-12.06053100350207	230.0	36	1.05	0.95				
	317	1	0.0	0.0	0.0	0.0	3	1.0490665934633634	-9.553074566458868	230.0	37	1.05	0.95				
	318	2	182.30196140210526	37.22682695298246	0.0	0.0	3	1.048318786166822	-9.120414712954863	230.0	37	1.05	0.95				
	319	1	99.08905409543858	20.255773489122806	0.0	0.0	3	1.0454149264132786	-13.07920807301268	230.0	35	1.05	0.95				
	320	1	70.07402720561403	14.23378677614035	0.0	0.0	3	1.047684858647576	-12.939281748077576	230.0	35	1.05	0.95				
	321	2	0.0	0.0	0.0	0.0	3	1.05	-8.749838460585957	230.0	37	1.05	0.95				
	322	2	0.0	0.0	0.0	0.0	3	1.05	-4.719004518889493	230.0	37	1.05	0.95				
	323	2	0.0	0.0	0.0	0.0	3	1.05	-12.461897583647444	230.0	35	1.05	0.95				
	324	1	0.0	0.0	0.0	0.0	3	1.0258781347445836	-16.631352809514553	230.0	36	1.05	0.95				
	325	1	0.0	0.0	0.0	0.0	3	1.0413217303139581	-10.696275754802032	230.0	35	1.05	0.95				
];
