%% MATPOWER Case Format : Version 2
function mpc = RTS_GMLC
mpc.version = '2';

%%-----  Power Flow Data  -----%%
%% system MVA base
mpc.baseMVA = 100.0;
%% bus data
%    bus_i    type    Pd    Qd    Gs    Bs    area    Vm    Va    baseKV    zone    Vmax    Vmin
mpc.bus = [
	101	2	73.5185551831579	14.976001981754386	0.0	0.0	1	1.0487984795734944	0.27883522525637794	138.0	11	1.05	0.95				
	102	2	66.0305541922807	13.61454725614035	0.0	0.0	1	1.0475997265728396	-0.11662287301893652	138.0	12	1.05	0.95				
	103	1	122.53092530526315	25.18691242385965	0.0	0.0	1	1.0300714111220803	-0.35517973925610913	138.0	11	1.05	0.95				
	104	1	50.3738248477193	10.210910442105263	0.0	0.0	1	1.0260654221646988	-3.4483027619269833	138.0	11	1.05	0.95				
	105	1	48.33164275929824	9.530183079298245	0.0	0.0	1	1.0395314631730486	-3.901408102627492	138.0	11	1.05	0.95				
	106	1	92.57892134175438	19.06036615859649	0.0	-100.0	1	1.0410528016388834	-6.952876099336575	138.0	12	1.05	0.95				
	107	2	85.09092035087718	17.018184070175437	0.0	0.0	1	0.9991988731088879	-14.576651147252688	138.0	12	1.05	0.95				
	108	1	116.40437903999998	23.82545769824561	0.0	0.0	1	0.9943186799014581	-12.778628895868383	138.0	12	1.05	0.95				
	109	1	119.12728849122807	24.50618506105263	0.0	0.0	1	1.0255532639674718	-4.519680206633384	138.0	13	1.05	0.95				
	110	1	132.7418357473684	27.2290945122807	0.0	0.0	1	1.05	-6.074519772552451	138.0	13	1.05	0.95				
	111	1	0.0	0.0	0.0	0.0	1	1.0146400144294743	-1.55357388420697	230.0	13	1.05	0.95				
	112	1	0.0	0.0	0.0	0.0	1	1.0160663404739414	-1.3392398120987146	230.0	13	1.05	0.95				
	113	3	180.39275114385964	36.75927759157895	0.0	0.0	1	1.0145766453605571	7.045977576538043e-31	230.0	14	1.05	0.95				
	114	2	132.0611083845614	26.548367149473684	0.0	0.0	1	1.020231112732139	0.8584191291494578	230.0	16	1.05	0.95				
	115	2	215.79057400982452	43.56655121964912	0.0	0.0	1	1.043182418226305	9.365119773980126	230.0	16	1.05	0.95				
	116	2	68.07273628070175	13.61454725614035	0.0	0.0	1	1.0419219946035496	8.385768738018815	230.0	16	1.05	0.95				
	117	1	0.0	0.0	0.0	0.0	1	1.045818744637394	12.301277896325931	230.0	17	1.05	0.95				
	118	2	226.68221181473683	46.28946067087719	0.0	0.0	1	1.0489318671244068	13.300949991291557	230.0	17	1.05	0.95				
	119	1	123.21165266807017	25.18691242385965	0.0	0.0	1	1.0348792321738975	6.232383016123378	230.0	15	1.05	0.95				
	120	1	87.13310243929824	17.698911432982456	0.0	0.0	1	1.0342920773673017	5.1651543120023655	230.0	15	1.05	0.95				
	121	2	0.0	0.0	0.0	0.0	1	1.05	15.321635061301789	230.0	17	1.05	0.95				
	122	2	0.0	0.0	0.0	0.0	1	1.05	20.64829332099955	230.0	17	1.05	0.95				
	123	2	0.0	0.0	0.0	0.0	1	1.0356282333293478	5.087512977882028	230.0	15	1.05	0.95				
	124	1	0.0	0.0	0.0	0.0	1	1.0260863028031089	5.7347546734159325	230.0	16	1.05	0.95				
	201	2	70.22634976421052	14.305367544561404	0.0	0.0	2	1.0261016242550736	-11.808408989578636	138.0	21	1.05	0.95				
	202	2	63.07366599192983	13.004879585964913	0.0	0.0	2	1.0272161548182508	-11.585066616522102	138.0	22	1.05	0.95				
	203	1	117.04391627368422	24.05902723403509	0.0	0.0	2	1.014299381830375	-10.932843435833663	138.0	21	1.05	0.95				
	204	1	48.11805446807018	9.753659689473684	0.0	0.0	2	1.0151006276062737	-12.257177095854972	138.0	21	1.05	0.95				
	205	1	46.16732253017544	9.10341571017544	0.0	0.0	2	1.0298418711244481	-12.605242618443002	138.0	21	1.05	0.95				
	206	1	88.43318118456142	18.20683142035088	0.0	-100.0	2	1.0386086512085226	-13.621703461552556	138.0	22	1.05	0.95				
	207	2	81.28049741228071	16.25609948245614	0.0	0.0	2	0.9821603338294327	-22.92934609601083	138.0	22	1.05	0.95				
	208	1	111.19172046000001	22.758539275438594	0.0	0.0	2	0.982880676034925	-19.770705505832538	138.0	22	1.05	0.95				
	209	1	113.79269637719298	23.408783254736843	0.0	0.0	2	1.0254512830217972	-10.151113556776039	138.0	23	1.05	0.95				
	210	1	126.79757596315788	26.009759171929826	0.0	0.0	2	1.05	-11.340192383411853	138.0	23	1.05	0.95				
	211	1	0.0	0.0	0.0	0.0	2	1.01890398382833	-6.4969774992716225	230.0	23	1.05	0.95				
	212	1	0.0	0.0	0.0	0.0	2	1.02052917945642	-1.074600524586794	230.0	23	1.05	0.95				
	213	2	172.31465451403508	35.11317488210526	0.0	0.0	2	1.0263346054149818	-3.2020867815370666	230.0	24	1.05	0.95				
	214	2	126.14733198385966	25.359515192631584	0.0	0.0	2	1.0243681179369768	-5.165712886239224	230.0	26	1.05	0.95				
	215	2	206.12734143754386	41.61561467508772	0.0	0.0	2	1.0360861037882725	0.35977168258586084	230.0	26	1.05	0.95				
	216	2	65.02439792982456	13.004879585964913	0.0	0.0	2	1.0375200697398597	0.7263144459479314	230.0	26	1.05	0.95				
	217	1	0.0	0.0	0.0	0.0	2	1.0389906606465462	1.7764156072638992	230.0	27	1.05	0.95				
	218	2	216.5312451063158	44.21659059228071	0.0	0.0	2	1.0370521497949818	0.8867172936630129	230.0	27	1.05	0.95				
	219	1	117.69416025298247	24.05902723403509	0.0	0.0	2	1.0373086289652949	2.271498520420191	230.0	25	1.05	0.95				
	220	1	83.23122935017544	16.906343461754386	0.0	0.0	2	1.0436133032269581	4.836402308596706	230.0	25	1.05	0.95				
	221	2	0.0	0.0	0.0	0.0	2	1.0389133808340814	1.5232456409329047	230.0	27	1.05	0.95				
	222	2	0.0	0.0	0.0	0.0	2	1.05	8.124442358556912	230.0	27	1.05	0.95				
	223	2	0.0	0.0	0.0	0.0	2	1.05	6.705866757150013	230.0	25	1.05	0.95				
	224	1	0.0	0.0	0.0	0.0	2	1.0138986288267977	-3.8250694072258855	230.0	26	1.05	0.95				
	301	2	55.91331856421052	11.389750077894737	0.0	0.0	3	0.9954003573031598	19.843668027643385	138.0	31	1.05	0.95				
	302	2	50.218443525263154	10.354318252631579	0.0	0.0	3	0.9952011004243052	19.864281051080468	138.0	32	1.05	0.95				
	303	1	93.1888642736842	19.15548876736842	0.0	0.0	3	1.013810163959273	20.68844044066323	138.0	31	1.05	0.95				
	304	1	38.31097753473684	7.765738689473683	0.0	0.0	3	1.0025085043549053	21.716085864515442	138.0	31	1.05	0.95				
	305	1	36.7578297968421	7.248022776842106	0.0	0.0	3	1.0146332772616975	21.89085086295828	138.0	31	1.05	0.95				
	306	1	70.40936411789474	14.496045553684212	0.0	-100.0	3	1.0342384338296085	22.431230975799007	138.0	32	1.05	0.95				
	307	2	64.71448907894737	12.942897815789472	0.0	0.0	3	0.9761635456226508	20.234001869597588	138.0	32	1.05	0.95				
	308	1	88.52942105999999	18.12005694210526	0.0	0.0	3	0.9961876713666399	22.429402190231194	138.0	32	1.05	0.95				
	309	1	90.6002847105263	18.637772854736838	0.0	0.0	3	1.02610415890297	25.338289867417977	138.0	33	1.05	0.95				
	310	1	100.95460296315788	20.708636505263158	0.0	0.0	3	1.05	25.580665703384167	138.0	33	1.05	0.95				
	311	1	0.0	0.0	0.0	0.0	3	1.0115132538263678	30.752819609750052	230.0	33	1.05	0.95				
	312	1	0.0	0.0	0.0	0.0	3	1.0206014938434893	32.02602887049105	230.0	33	1.05	0.95				
	313	2	137.19471684736843	27.95665928210526	0.0	0.0	3	1.0361764231536699	39.81577883961031	230.0	34	1.05	0.95				
	314	2	100.43688705052631	20.190920592631578	0.0	0.0	3	1.0086744345842262	27.99680280668828	230.0	36	1.05	0.95				
	315	2	164.1159443042105	33.13381840842105	0.0	0.0	3	1.0361819798406613	20.24744119135594	230.0	36	1.05	0.95				
	316	2	51.77159126315789	10.354318252631579	0.0	0.0	3	1.0386245714495854	21.630301230567955	230.0	36	1.05	0.95				
	317	1	0.0	0.0	0.0	0.0	3	1.043661589011585	19.779540659725047	230.0	37	1.05	0.95				
	318	2	172.39939890631578	35.20468205894737	0.0	0.0	3	1.043751712331788	18.241686827078293	230.0	37	1.05	0.95				
	319	1	93.70658018631578	19.15548876736842	0.0	0.0	3	1.0393890973557853	24.679783204153296	230.0	35	1.05	0.95				
	320	1	66.2676368168421	13.460613728421054	0.0	0.0	3	1.0422338027864542	26.85239060184553	230.0	35	1.05	0.95				
	321	2	0.0	0.0	0.0	0.0	3	1.0423299495537433	19.484376728281735	230.0	37	1.05	0.95				
	322	2	0.0	0.0	0.0	0.0	3	1.05	23.925994354902542	230.0	37	1.05	0.95				
	323	2	0.0	0.0	0.0	0.0	3	1.0432296079465355	27.54311350871028	230.0	35	1.05	0.95				
	324	1	0.0	0.0	0.0	0.0	3	1.0262486661671546	22.22868788816713	230.0	36	1.05	0.95				
	325	1	0.0	0.0	0.0	0.0	3	1.044955485247924	26.51113850425406	230.0	35	1.05	0.95				
];
