%% MATPOWER Case Format : Version 2
function mpc = RTS_GMLC
mpc.version = '2';

%%-----  Power Flow Data  -----%%
%% system MVA base
mpc.baseMVA = 100.0;
%% bus data
%    bus_i    type    Pd    Qd    Gs    Bs    area    Vm    Va    baseKV    zone    Vmax    Vmin
mpc.bus = [
	101	2	44.80851065684211	9.127659578245614	0.0	0.0	1	1.0190406521761988	3.4438326060922697	138.0	11	1.05	0.95				
	102	2	40.244680867719296	8.29787234385965	0.0	0.0	1	1.0178864491797837	3.1390929273296577	138.0	12	1.05	0.95				
	103	1	74.68085109473684	15.35106383614035	0.0	0.0	1	1.0282716923620776	3.119452929571408	138.0	11	1.05	0.95				
	104	1	30.7021276722807	6.223404257894736	0.0	0.0	1	1.0150852657420377	-0.04843850981162731	138.0	11	1.05	0.95				
	105	1	29.457446820701755	5.808510640701755	0.0	0.0	1	1.02843842060607	0.04868989473346516	138.0	11	1.05	0.95				
	106	1	56.42553193824562	11.61702128140351	0.0	-100.0	1	1.041928347295548	-2.303792497989202	138.0	12	1.05	0.95				
	107	2	51.8617021491228	10.372340429824561	0.0	0.0	1	0.9905366119170467	-8.62592502734173	138.0	12	1.05	0.95				
	108	1	70.94680853999999	14.521276601754385	0.0	0.0	1	0.9986754540398801	-6.876823974236186	138.0	12	1.05	0.95				
	109	1	72.60638300877193	14.936170218947368	0.0	0.0	1	1.0254809221371939	-0.9254575982263981	138.0	13	1.05	0.95				
	110	1	80.90425535263158	16.5957446877193	0.0	0.0	1	1.05	-2.029846558597135	138.0	13	1.05	0.95				
	111	1	0.0	0.0	0.0	0.0	1	1.0149724144357015	0.9846684724196756	230.0	13	1.05	0.95				
	112	1	0.0	0.0	0.0	0.0	1	1.0129575932649646	0.3280715037438797	230.0	13	1.05	0.95				
	113	3	109.94680855614034	22.404255328421055	0.0	0.0	1	0.9962360334020905	8.041135112601095e-32	230.0	14	1.05	0.95				
	114	2	80.48936173543859	16.180851070526316	0.0	0.0	1	1.0341804816914413	4.274534347123275	230.0	16	1.05	0.95				
	115	2	131.52127665017542	26.553191500350877	0.0	0.0	1	1.043443402477341	12.938902369178036	230.0	16	1.05	0.95				
	116	2	41.489361719298245	8.29787234385965	0.0	0.0	1	1.0424475719835242	11.492357690028664	230.0	16	1.05	0.95				
	117	1	0.0	0.0	0.0	0.0	1	1.0419387347393807	16.87968904146263	230.0	17	1.05	0.95				
	118	2	138.15957452526314	28.21276596912281	0.0	0.0	1	1.05	17.204626251125326	230.0	17	1.05	0.95				
	119	1	75.09574471192983	15.35106383614035	0.0	0.0	1	1.0375503793402263	8.159941252157427	230.0	15	1.05	0.95				
	120	1	53.106383000701754	10.787234047017543	0.0	0.0	1	1.0383520833841804	6.0468744315469145	230.0	15	1.05	0.95				
	121	2	0.0	0.0	0.0	0.0	1	1.0435547933667568	18.556682591256607	230.0	17	1.05	0.95				
	122	2	0.0	0.0	0.0	0.0	1	1.05	36.515414692397464	230.0	17	1.05	0.95				
	123	2	0.0	0.0	0.0	0.0	1	1.0394975223469	5.197542882890534	230.0	15	1.05	0.95				
	124	1	0.0	0.0	0.0	0.0	1	1.02545554260504	9.278909410711856	230.0	16	1.05	0.95				
	201	2	49.469541953684214	10.077128916491228	0.0	0.0	2	1.0223534225974935	-10.313175147062555	138.0	21	1.05	0.95				
	202	2	44.4309774954386	9.161026287719299	0.0	0.0	2	1.0230781952878818	-10.210299898998665	138.0	22	1.05	0.95				
	203	1	82.44923658947368	16.947898632280705	0.0	0.0	2	1.013794310807967	-8.72433351469302	138.0	21	1.05	0.95				
	204	1	33.89579726456141	6.870769715789474	0.0	0.0	2	1.0156985905925973	-11.386493977836073	138.0	21	1.05	0.95				
	205	1	32.52164332140351	6.4127184014035095	0.0	0.0	2	1.030599292911	-11.716349777788745	138.0	21	1.05	0.95				
	206	1	62.29497875649124	12.825436802807019	0.0	-100.0	2	1.043031494212845	-12.936257739566688	138.0	22	1.05	0.95				
	207	2	57.256414298245616	11.451282859649123	0.0	0.0	2	0.9922814625544848	-19.353847519729815	138.0	22	1.05	0.95				
	208	1	78.32677475999999	16.031796003508774	0.0	0.0	2	0.9971399983606721	-17.254889496553805	138.0	22	1.05	0.95				
	209	1	80.15898001754385	16.48984731789474	0.0	0.0	2	1.0227405542250605	-10.460260201500647	138.0	23	1.05	0.95				
	210	1	89.32000630526315	18.322052575438597	0.0	0.0	2	1.05	-11.665075823905996	138.0	23	1.05	0.95				
	211	1	0.0	0.0	0.0	0.0	2	1.0079407484890675	-7.515964307236226	230.0	23	1.05	0.95				
	212	1	0.0	0.0	0.0	0.0	2	1.009222035928003	-6.336992945399218	230.0	23	1.05	0.95				
	213	2	121.3835983122807	24.734770976842107	0.0	0.0	2	1.0051220140152204	-5.866721698292185	230.0	24	1.05	0.95				
	214	2	88.8619549908772	17.864001261052632	0.0	0.0	2	1.0098925293759138	-5.324176273010603	230.0	26	1.05	0.95				
	215	2	145.2022666603509	29.315284120701758	0.0	0.0	2	1.0250296017166416	0.4163004506809092	230.0	26	1.05	0.95				
	216	2	45.80513143859649	9.161026287719299	0.0	0.0	2	1.027677830826464	0.5661462043920739	230.0	26	1.05	0.95				
	217	1	0.0	0.0	0.0	0.0	2	1.033648786412113	2.0596239533899654	230.0	27	1.05	0.95				
	218	2	152.53108769052633	31.14748937824562	0.0	0.0	2	1.0318314397617294	1.4200424629008852	230.0	27	1.05	0.95				
	219	1	82.90728790385965	16.947898632280705	0.0	0.0	2	1.028242525887358	1.1415234608336406	230.0	25	1.05	0.95				
	220	1	58.630568241403516	11.909334174035088	0.0	0.0	2	1.0321336718892304	2.5272831253809938	230.0	25	1.05	0.95				
	221	2	0.0	0.0	0.0	0.0	2	1.0325398099400347	1.893104373349689	230.0	27	1.05	0.95				
	222	2	0.0	0.0	0.0	0.0	2	1.05	8.454176037456273	230.0	27	1.05	0.95				
	223	2	0.0	0.0	0.0	0.0	2	1.0354442906831212	3.6310110539179736	230.0	25	1.05	0.95				
	224	1	0.0	0.0	0.0	0.0	2	1.009510296866258	-3.0022062673645262	230.0	26	1.05	0.95				
	301	2	65.46282821052631	13.335020561403507	0.0	0.0	3	1.0150123673539326	-12.39379939156204	138.0	31	1.05	0.95				
	302	2	58.795317929824556	12.12274596491228	0.0	0.0	3	1.0138532249118994	-12.636258247782122	138.0	32	1.05	0.95				
	303	1	109.10471368421054	22.42708003508772	0.0	0.0	3	1.0396373147496338	-0.8094290962969283	138.0	31	1.05	0.95				
	304	1	44.85416007017544	9.092059473684209	0.0	0.0	3	1.010514535646003	-10.422287571252868	138.0	31	1.05	0.95				
	305	1	43.03574817543859	8.485922175438597	0.0	0.0	3	1.0246219133943302	-12.408278516932985	138.0	31	1.05	0.95				
	306	1	82.43467256140352	16.971844350877195	0.0	-100.0	3	1.0366774820846756	-13.08148257947257	138.0	32	1.05	0.95				
	307	2	75.76716228070175	15.15343245614035	0.0	0.0	3	0.9930550504680024	-19.59873182508736	138.0	32	1.05	0.95				
	308	1	103.64947799999999	21.21480543859649	0.0	0.0	3	0.9919928190818894	-16.688933416547158	138.0	32	1.05	0.95				
	309	1	106.07402719298244	21.820942736842103	0.0	0.0	3	1.02933551100986	-6.151737292466297	138.0	33	1.05	0.95				
	310	1	118.19677315789474	24.24549192982456	0.0	0.0	3	1.05	-10.480542544358029	138.0	33	1.05	0.95				
	311	1	0.0	0.0	0.0	0.0	3	1.0191177009422943	-3.245357083578518	230.0	33	1.05	0.95				
	312	1	0.0	0.0	0.0	0.0	3	1.016943759675926	-2.95568983157202	230.0	33	1.05	0.95				
	313	2	160.6263840350877	32.731414105263156	0.0	0.0	3	1.0220610794619567	-0.2851238190193186	230.0	34	1.05	0.95				
	314	2	117.59063585964911	23.63935463157895	0.0	0.0	3	1.0305261972611806	-0.7792835517945988	230.0	36	1.05	0.95				
	315	2	192.14552354385964	38.7927870877193	0.0	0.0	3	1.0441960508973998	5.931163379849676	230.0	36	1.05	0.95				
	316	2	60.6137298245614	12.12274596491228	0.0	0.0	3	1.043940028709972	6.406937977572933	230.0	36	1.05	0.95				
	317	1	0.0	0.0	0.0	0.0	3	1.05	12.381089681445136	230.0	37	1.05	0.95				
	318	2	201.84372031578945	41.21733628070176	0.0	0.0	3	1.0420266437628278	9.541092092312754	230.0	37	1.05	0.95				
	319	1	109.71085098245614	22.42708003508772	0.0	0.0	3	1.0363271587774021	4.440126366524726	230.0	35	1.05	0.95				
	320	1	77.5855741754386	15.759569754385966	0.0	0.0	3	1.0352103062774545	3.8724981755726073	230.0	35	1.05	0.95				
	321	2	0.0	0.0	0.0	0.0	3	1.0446151776641512	8.984696117518702	230.0	37	1.05	0.95				
	322	2	0.0	0.0	0.0	0.0	3	1.05	14.659839956507197	230.0	37	1.05	0.95				
	323	2	0.0	0.0	0.0	0.0	3	1.035893018569251	4.014539560955735	230.0	35	1.05	0.95				
	324	1	0.0	0.0	0.0	0.0	3	1.0335094309503141	3.3958091604478655	230.0	36	1.05	0.95				
	325	1	0.0	0.0	0.0	0.0	3	1.032338645190732	5.220710927366971	230.0	35	1.05	0.95				
];
