%% MATPOWER Case Format : Version 2
function mpc = RTS_GMLC
mpc.version = '2';

%%-----  Power Flow Data  -----%%
%% system MVA base
mpc.baseMVA = 100.0;
%% bus data
%    bus_i    type    Pd    Qd    Gs    Bs    area    Vm    Va    baseKV    zone    Vmax    Vmin
mpc.bus = [
	101	2	41.72241463578948	8.49901038877193	0.0	0.0	1	1.0122327136859905	-3.8528566796760697	138.0	11	1.05	0.95				
	102	2	37.472909441403516	7.726373080701755	0.0	0.0	1	1.012178267320818	-4.076679108912234	138.0	12	1.05	0.95				
	103	1	69.53735772631579	14.293790199298245	0.0	0.0	1	1.001954919509542	1.2633096241270172	138.0	11	1.05	0.95				
	104	1	28.58758039859649	5.794779810526316	0.0	0.0	1	1.002763441067238	-3.961740384266303	138.0	11	1.05	0.95				
	105	1	27.428624436491226	5.408461156491229	0.0	0.0	1	1.017064613797053	-4.990421052807063	138.0	11	1.05	0.95				
	106	1	52.53933694877194	10.816922312982458	0.0	-100.0	1	1.0277661850062567	-6.1031367165043795	138.0	12	1.05	0.95				
	107	2	48.28983175438597	9.657966350877194	0.0	0.0	1	0.9868347043797508	-10.080623483986665	138.0	12	1.05	0.95				
	108	1	66.06048984	13.52115289122807	0.0	0.0	1	0.9887455751733862	-8.723362498906022	138.0	12	1.05	0.95				
	109	1	67.60576445614036	13.907471545263158	0.0	0.0	1	1.0022487963199989	-2.968624755493298	138.0	13	1.05	0.95				
	110	1	75.33213753684211	15.45274616140351	0.0	0.0	1	1.0310087188477073	-4.866573137778443	138.0	13	1.05	0.95				
	111	1	0.0	0.0	0.0	0.0	1	0.9814903449127885	-0.40003849986400924	230.0	13	1.05	0.95				
	112	1	0.0	0.0	0.0	0.0	1	0.9829872888272612	-1.2939818183771299	230.0	13	1.05	0.95				
	113	3	102.37444331929825	20.86120731789474	0.0	0.0	1	0.9635710950919368	2.827965148482668e-27	230.0	14	1.05	0.95				
	114	2	74.94581888280703	15.066427507368424	0.0	0.0	1	0.9899149580130401	2.91270691809369	230.0	16	1.05	0.95				
	115	2	122.46301332912282	24.724393858245616	0.0	0.0	1	0.9900630049082196	11.831061833968345	230.0	16	1.05	0.95				
	116	2	38.631865403508776	7.726373080701755	0.0	0.0	1	0.988594412030578	10.269452105127122	230.0	16	1.05	0.95				
	117	1	0.0	0.0	0.0	0.0	1	0.9913952662784336	15.933450509885747	230.0	17	1.05	0.95				
	118	2	128.64411179368423	26.26966847438597	0.0	0.0	1	0.9995030037536464	16.487206109531602	230.0	17	1.05	0.95				
	119	1	69.92367638035088	14.293790199298245	0.0	0.0	1	0.9886704470608855	6.561840739134965	230.0	15	1.05	0.95				
	120	1	49.44878771649123	10.044285004912282	0.0	0.0	1	0.9936498507515767	3.7459576139900377	230.0	15	1.05	0.95				
	121	2	0.0	0.0	0.0	0.0	1	1.000371958181254	17.71450350653163	230.0	17	1.05	0.95				
	122	2	0.0	0.0	0.0	0.0	1	1.0069883694454358	34.67194088204922	230.0	17	1.05	0.95				
	123	2	0.0	0.0	0.0	0.0	1	0.9974262672015737	2.5238026865264684	230.0	15	1.05	0.95				
	124	1	0.0	0.0	0.0	0.0	1	0.9819526216853658	7.784064900893886	230.0	16	1.05	0.95				
	201	2	44.62458680842105	9.090193609122807	0.0	0.0	2	1.0099687729763704	-11.930618741769251	138.0	21	1.05	0.95				
	202	2	40.07949000385965	8.263812371929824	0.0	0.0	2	1.0089309761751717	-12.10719238782788	138.0	22	1.05	0.95				
	203	1	74.37431134736842	15.288052888070174	0.0	0.0	2	0.9967923805975125	-9.006063396646434	138.0	21	1.05	0.95				
	204	1	30.57610577614035	6.197859278947368	0.0	0.0	2	1.0003863977995535	-11.095454543053869	138.0	21	1.05	0.95				
	205	1	29.33653392035087	5.784668660350877	0.0	0.0	2	1.016511081948367	-11.481450093653043	138.0	21	1.05	0.95				
	206	1	56.193924129122806	11.569337320701754	0.0	-100.0	2	1.0282048879863022	-11.747338959346862	138.0	22	1.05	0.95				
	207	2	51.648827324561395	10.32976546491228	0.0	0.0	2	0.9711100671676566	-16.697763622538382	138.0	22	1.05	0.95				
	208	1	70.65559577999998	14.461671650877191	0.0	0.0	2	0.9793924687764105	-14.787608783631319	138.0	22	1.05	0.95				
	209	1	72.30835825438596	14.874862269473683	0.0	0.0	2	1.0060169146772473	-8.50105180307456	138.0	23	1.05	0.95				
	210	1	80.57217062631578	16.527624743859647	0.0	0.0	2	1.0334050179275314	-9.661304065001302	138.0	23	1.05	0.95				
	211	1	0.0	0.0	0.0	0.0	2	0.9874725802428642	-6.127775250044797	230.0	23	1.05	0.95				
	212	1	0.0	0.0	0.0	0.0	2	0.9894948523050093	-1.4121664150218025	230.0	23	1.05	0.95				
	213	2	109.49551392807015	22.312293404210525	0.0	0.0	2	0.9840822357192086	-3.606051824279327	230.0	24	1.05	0.95				
	214	2	80.1589800077193	16.11443412526316	0.0	0.0	2	0.9840373592273621	-5.245129804401426	230.0	26	1.05	0.95				
	215	2	130.98142609508773	26.444199590175437	0.0	0.0	2	0.9913124185289914	-1.004461950532662	230.0	26	1.05	0.95				
	216	2	41.31906185964912	8.263812371929824	0.0	0.0	2	0.9899095793664195	-1.2608648086730896	230.0	26	1.05	0.95				
	217	1	0.0	0.0	0.0	0.0	2	0.9999822802461662	-0.19766153429539227	230.0	27	1.05	0.95				
	218	2	137.5924759926316	28.096962064561403	0.0	0.0	2	1.0008280409406036	-0.7673851100661211	230.0	27	1.05	0.95				
	219	1	74.7875019659649	15.288052888070174	0.0	0.0	2	0.984203178536205	-0.4470448340750271	230.0	25	1.05	0.95				
	220	1	52.88839918035087	10.742956083508771	0.0	0.0	2	0.9825347090431394	1.1431144803440114	230.0	25	1.05	0.95				
	221	2	0.0	0.0	0.0	0.0	2	1.0032151893271224	-0.26545970841873495	230.0	27	1.05	0.95				
	222	2	0.0	0.0	0.0	0.0	2	1.0206984269282784	4.530478821885621	230.0	27	1.05	0.95				
	223	2	0.0	0.0	0.0	0.0	2	0.9828328592076249	2.367293789957163	230.0	25	1.05	0.95				
	224	1	0.0	0.0	0.0	0.0	2	0.9836308443639775	-4.050274966120775	230.0	26	1.05	0.95				
	301	2	65.20658021052633	13.282821894736841	0.0	0.0	3	1.002360178819	23.500285507063822	138.0	31	1.05	0.95				
	302	2	58.56516926315789	12.075292631578947	0.0	0.0	3	1.002977974170287	23.132809165989787	138.0	32	1.05	0.95				
	303	1	108.67763368421053	22.33929136842105	0.0	0.0	3	1.0154137755269872	38.82103703350749	138.0	31	1.05	0.95				
	304	1	44.6785827368421	9.05646947368421	0.0	0.0	3	0.9922406114274461	25.126741183592245	138.0	31	1.05	0.95				
	305	1	42.86728884210525	8.452704842105263	0.0	0.0	3	1.0097539914214972	22.965722468090856	138.0	31	1.05	0.95				
	306	1	82.11198989473685	16.905409684210525	0.0	-100.0	3	1.0205986092418682	21.972386560068802	138.0	32	1.05	0.95				
	307	2	75.47057894736841	15.094115789473683	0.0	0.0	3	0.9651751699362252	18.287350045085315	138.0	32	1.05	0.95				
	308	1	103.243752	21.131762105263157	0.0	0.0	3	0.9747487105984781	21.156373465629787	138.0	32	1.05	0.95				
	309	1	105.65881052631579	21.735526736842104	0.0	0.0	3	1.0051012369288574	29.33573636626197	138.0	33	1.05	0.95				
	310	1	117.73410315789472	24.150585263157893	0.0	0.0	3	1.032812442715321	24.423393882658985	138.0	33	1.05	0.95				
	311	1	0.0	0.0	0.0	0.0	3	0.9957453434336192	29.48922886747212	230.0	33	1.05	0.95				
	312	1	0.0	0.0	0.0	0.0	3	1.0019455460164464	29.910948779114257	230.0	33	1.05	0.95				
	313	2	159.99762736842104	32.60329010526316	0.0	0.0	3	1.006273160811643	33.135325380669585	230.0	34	1.05	0.95				
	314	2	117.13033852631578	23.546820631578946	0.0	0.0	3	0.9902112317122781	28.95164487972614	230.0	36	1.05	0.95				
	315	2	191.3933882105263	38.64093642105263	0.0	0.0	3	0.9884530302334414	27.665742611308573	230.0	36	1.05	0.95				
	316	2	60.37646315789473	12.075292631578947	0.0	0.0	3	0.9813472979999587	28.09116915642763	230.0	36	1.05	0.95				
	317	1	0.0	0.0	0.0	0.0	3	0.9946549858343853	30.067815885328404	230.0	37	1.05	0.95				
	318	2	201.05362231578945	41.055994947368426	0.0	0.0	3	0.988554688366012	26.286118418862177	230.0	37	1.05	0.95				
	319	1	109.28139831578947	22.33929136842105	0.0	0.0	3	0.9905522049446173	28.009219653935034	230.0	35	1.05	0.95				
	320	1	77.28187284210526	15.697880421052632	0.0	0.0	3	1.0008090464630355	27.863777152852485	230.0	35	1.05	0.95				
	321	2	0.0	0.0	0.0	0.0	3	0.9965440728884855	27.2046258300634	230.0	37	1.05	0.95				
	322	2	0.0	0.0	0.0	0.0	3	1.013258076529329	30.98847717247884	230.0	37	1.05	0.95				
	323	2	0.0	0.0	0.0	0.0	3	1.0065666304902363	27.70086368603395	230.0	35	1.05	0.95				
	324	1	0.0	0.0	0.0	0.0	3	0.9971919438644299	33.25616964012401	230.0	36	1.05	0.95				
