%% MATPOWER Case Format : Version 2
function mpc = RTS_GMLC
mpc.version = '2';

%%-----  Power Flow Data  -----%%
%% system MVA base
mpc.baseMVA = 100.0;
%% bus data
%    bus_i    type    Pd    Qd    Gs    Bs    area    Vm    Va    baseKV    zone    Vmax    Vmin
mpc.bus = [
	101	2	47.32013853473684	9.639287479298247	0.0	0.0	1	1.034808702983023	3.133185401005423	138.0	11	1.05	0.95				
	102	2	42.50049479508772	8.76298861754386	0.0	0.0	1	1.0343734234867967	2.9707865603062467	138.0	12	1.05	0.95				
	103	1	78.86689755789475	16.21152894245614	0.0	0.0	1	1.0302692696895226	1.659501553126913	138.0	11	1.05	0.95				
	104	1	32.42305788491228	6.572241463157895	0.0	0.0	1	1.0216305856866195	-0.4476615047110187	138.0	11	1.05	0.95				
	105	1	31.1086095922807	6.134092032280702	0.0	0.0	1	1.0361706248474776	-0.2807485831769294	138.0	11	1.05	0.95				
	106	1	59.58832259929825	12.268184064561405	0.0	-100.0	1	1.0452200813138468	-2.6453281017330625	138.0	12	1.05	0.95				
	107	2	54.76867885964912	10.953735771929825	0.0	0.0	1	0.999726333542825	-8.95704652664038	138.0	12	1.05	0.95				
	108	1	74.92355268	15.335230080701754	0.0	0.0	1	1.003267189469522	-7.334181692168244	138.0	12	1.05	0.95				
	109	1	76.67615040350877	15.773379511578947	0.0	0.0	1	1.0248443366664994	-1.4754162616212858	138.0	13	1.05	0.95				
	110	1	85.43913902105264	17.52597723508772	0.0	0.0	1	1.05	-2.367083824198184	138.0	13	1.05	0.95				
	111	1	0.0	0.0	0.0	0.0	1	1.005270650916942	0.354245192865377	230.0	13	1.05	0.95				
	112	1	0.0	0.0	0.0	0.0	1	1.0097570782239702	0.4070578936235853	230.0	13	1.05	0.95				
	113	3	116.10959918245614	23.66006926736842	0.0	0.0	1	0.9971429246711375	4.3924109593577145e-27	230.0	14	1.05	0.95				
	114	2	85.00098959017544	17.08782780421053	0.0	0.0	1	1.0047044086129242	3.050350027854596	230.0	16	1.05	0.95				
	115	2	138.89336958807016	28.041563576140355	0.0	0.0	1	1.0419215084817115	9.997523052375499	230.0	16	1.05	0.95				
	116	2	43.8149430877193	8.76298861754386	0.0	0.0	1	1.0387837429971412	9.349605646571092	230.0	16	1.05	0.95				
	117	1	0.0	0.0	0.0	0.0	1	1.0427563758086495	12.484006681902999	230.0	17	1.05	0.95				
	118	2	145.90376048210527	29.794161299649126	0.0	0.0	1	1.0476893085198629	12.216509012842103	230.0	17	1.05	0.95				
	119	1	79.30504698877193	16.21152894245614	0.0	0.0	1	1.0310644784241434	7.5367311929098095	230.0	15	1.05	0.95				
	120	1	56.08312715228071	11.39188520280702	0.0	0.0	1	1.0278983215749162	6.79411732445999	230.0	15	1.05	0.95				
	121	2	0.0	0.0	0.0	0.0	1	1.05	12.994219785064159	230.0	17	1.05	0.95				
	122	2	0.0	0.0	0.0	0.0	1	1.05	27.270524568016263	230.0	17	1.05	0.95				
	123	2	0.0	0.0	0.0	0.0	1	1.0266997171105927	6.721191130086136	230.0	15	1.05	0.95				
	124	1	0.0	0.0	0.0	0.0	1	1.0269516586340903	6.881818968872327	230.0	16	1.05	0.95				
	201	2	50.72753031157895	10.333385804210526	0.0	0.0	2	1.0302285699586102	-8.512794631396835	138.0	21	1.05	0.95				
	202	2	45.560837409473685	9.393987094736843	0.0	0.0	2	1.0306598040112178	-8.487009568862476	138.0	22	1.05	0.95				
	203	1	84.54588385263158	17.378876125263158	0.0	0.0	2	1.0182285654465595	-8.265694862263906	138.0	21	1.05	0.95				
	204	1	34.757752250526316	7.045490321052632	0.0	0.0	2	1.0187708174561174	-10.826450694322356	138.0	21	1.05	0.95				
	205	1	33.348654186315784	6.5757909663157905	0.0	0.0	2	1.0341020414231243	-10.950340204161655	138.0	21	1.05	0.95				
	206	1	63.87911224421053	13.151581932631581	0.0	-100.0	2	1.044073661345119	-12.75970061254765	138.0	22	1.05	0.95				
	207	2	58.71241934210526	11.742483868421052	0.0	0.0	2	0.9886125212832141	-19.87471369554773	138.0	22	1.05	0.95				
	208	1	80.31858966	16.439477415789472	0.0	0.0	2	0.9945496502614845	-17.72270192579643	138.0	22	1.05	0.95				
	209	1	82.19738707894737	16.909176770526315	0.0	0.0	2	1.022865704531294	-10.825579652168564	138.0	23	1.05	0.95				
	210	1	91.5913741736842	18.787974189473687	0.0	0.0	2	1.05	-11.928608311239218	138.0	23	1.05	0.95				
	211	1	0.0	0.0	0.0	0.0	2	1.007272440832445	-8.100464594138225	230.0	23	1.05	0.95				
	212	1	0.0	0.0	0.0	0.0	2	1.0108959632838446	-7.7031213706095985	230.0	23	1.05	0.95				
	213	2	124.47032900526315	25.363765155789476	0.0	0.0	2	1.0019609898211688	-7.387854454073823	230.0	24	1.05	0.95				
	214	2	91.12167481894737	18.31827483473684	0.0	0.0	2	1.0099618206222916	-5.3574224981969705	230.0	26	1.05	0.95				
	215	2	148.89469545157894	30.060758703157898	0.0	0.0	2	1.0291594857330923	1.669390797138694	230.0	26	1.05	0.95				
	216	2	46.96993547368421	9.393987094736843	0.0	0.0	2	1.031337882258177	1.3403263547748931	230.0	26	1.05	0.95				
	217	1	0.0	0.0	0.0	0.0	2	1.03582742494569	4.3516776365266345	230.0	27	1.05	0.95				
	218	2	156.40988512736843	31.939556122105266	0.0	0.0	2	1.0371921304413703	4.662596256476009	230.0	27	1.05	0.95				
	219	1	85.01558320736842	17.378876125263158	0.0	0.0	2	1.0311923341883795	0.08270655579509108	230.0	25	1.05	0.95				
	220	1	60.121517406315796	12.212183223157895	0.0	0.0	2	1.034606933729842	-0.10139516508427457	230.0	25	1.05	0.95				
	221	2	0.0	0.0	0.0	0.0	2	1.0371716381265674	4.431137831299207	230.0	27	1.05	0.95				
	222	2	0.0	0.0	0.0	0.0	2	1.05	10.899254340168833	230.0	27	1.05	0.95				
	223	2	0.0	0.0	0.0	0.0	2	1.0371821534449992	0.15102350706771783	230.0	25	1.05	0.95				
	224	1	0.0	0.0	0.0	0.0	2	1.012790193194461	-2.0492138112902496	230.0	26	1.05	0.95				
	301	2	65.4115786105263	13.324580828070173	0.0	0.0	3	1.0115134095710012	-30.741415708071756	138.0	31	1.05	0.95				
	302	2	58.74928819649122	12.113255298245614	0.0	0.0	3	1.0104588234032685	-30.983614828510063	138.0	32	1.05	0.95				
	303	1	109.01929768421053	22.409522301754382	0.0	0.0	3	1.0378127131412296	-19.892934281104015	138.0	31	1.05	0.95				
	304	1	44.819044603508765	9.084941473684209	0.0	0.0	3	1.0086336421165525	-29.041598379574292	138.0	31	1.05	0.95				
	305	1	43.00205630877193	8.479278708771929	0.0	0.0	3	1.0227405592486678	-30.507074040257635	138.0	31	1.05	0.95				
	306	1	82.37013602807018	16.958557417543858	0.0	-100.0	3	1.0358316462593355	-31.047488169512068	138.0	32	1.05	0.95				
	307	2	75.70784561403508	15.141569122807017	0.0	0.0	3	0.9916853996833559	-37.92710711966041	138.0	32	1.05	0.95				
	308	1	103.5683328	21.198196771929823	0.0	0.0	3	0.9911199375454698	-35.02062797613012	138.0	32	1.05	0.95				
	309	1	105.9909838596491	21.8038595368421	0.0	0.0	3	1.0282921875944424	-24.98940397750469	138.0	33	1.05	0.95				
	310	1	118.10423915789472	24.226510596491227	0.0	0.0	3	1.05	-28.329070080785797	138.0	33	1.05	0.95				
	311	1	0.0	0.0	0.0	0.0	3	1.0200771780721698	-21.0220180456277	230.0	33	1.05	0.95				
	312	1	0.0	0.0	0.0	0.0	3	1.0190633455940572	-20.239167945873856	230.0	33	1.05	0.95				
	313	2	160.50063270175437	32.70578930526315	0.0	0.0	3	1.0276899782490678	-17.37539755340347	230.0	34	1.05	0.95				
	314	2	117.49857639298244	23.62084783157895	0.0	0.0	3	1.0310760121970215	-18.632544743374012	230.0	36	1.05	0.95				
	315	2	191.99509647719296	38.76241695438596	0.0	0.0	3	1.0483921213447074	-11.931582461041017	230.0	36	1.05	0.95				
	316	2	60.56627649122807	12.113255298245614	0.0	0.0	3	1.048433955284792	-11.607924955372072	230.0	36	1.05	0.95				
	317	1	0.0	0.0	0.0	0.0	3	1.0494404584995771	-9.242265285327028	230.0	37	1.05	0.95				
	318	2	201.68570071578947	41.18506801403509	0.0	0.0	3	1.0481511304646303	-8.981403171245988	230.0	37	1.05	0.95				
	319	1	109.6249604491228	22.409522301754382	0.0	0.0	3	1.0452916926926836	-12.484318783201218	230.0	35	1.05	0.95				
	320	1	77.52483390877192	15.747231887719298	0.0	0.0	3	1.0474263786537996	-12.113924531605212	230.0	35	1.05	0.95				
	321	2	0.0	0.0	0.0	0.0	3	1.05	-8.478177469501462	230.0	37	1.05	0.95				
	322	2	0.0	0.0	0.0	0.0	3	1.05	-4.431568555917729	230.0	37	1.05	0.95				
	323	2	0.0	0.0	0.0	0.0	3	1.05	-11.46852929957345	230.0	35	1.05	0.95				
	324	1	0.0	0.0	0.0	0.0	3	1.0341640279099005	-14.909226849715164	230.0	36	1.05	0.95				
	325	1	0.0	0.0	0.0	0.0	3	1.0394505427472527	-9.507119171447082	230.0	35	1.05	0.95				
];
