%% MATPOWER Case Format : Version 2
function mpc = RTS_GMLC
mpc.version = '2';

%%-----  Power Flow Data  -----%%
%% system MVA base
mpc.baseMVA = 100.0;
%% bus data
%    bus_i    type    Pd    Qd    Gs    Bs    area    Vm    Va    baseKV    zone    Vmax    Vmin
mpc.bus = [
	101	2	36.28500742231579	7.391390400842106	0.0	0.0	1	1.0332283002416927	4.1321111696499555	138.0	11	1.05	0.95				
	102	2	32.58931222189474	6.719445818947369	0.0	0.0	1	1.0323323385411705	3.8798314420430033	138.0	12	1.05	0.95				
	103	1	60.475012370526315	12.430974765052632	0.0	0.0	1	1.0314596742629878	2.087514560578631	138.0	11	1.05	0.95				
	104	1	24.861949530105264	5.039584364210526	0.0	0.0	1	1.0225737929100203	0.6674325331386571	138.0	11	1.05	0.95				
	105	1	23.854032657263154	4.703612073263158	0.0	0.0	1	1.0368448351209483	0.9435993482006524	138.0	11	1.05	0.95				
	106	1	45.692231568842104	9.407224146526316	0.0	-100.0	1	1.0477422959576068	-1.2400932801984401	138.0	12	1.05	0.95				
	107	2	41.99653636842105	8.39930727368421	0.0	0.0	1	1.0004743294442084	-6.8354903540822125	138.0	12	1.05	0.95				
	108	1	57.45126175199999	11.759030183157893	0.0	0.0	1	1.0072028768720147	-5.363796156157898	138.0	12	1.05	0.95				
	109	1	58.79515091578947	12.095002474105263	0.0	0.0	1	1.0245630095936633	-0.5943098600689788	138.0	13	1.05	0.95				
	110	1	65.51459673473684	13.438891637894738	0.0	0.0	1	1.05	-1.2278702389884013	138.0	13	1.05	0.95				
	111	1	0.0	0.0	0.0	0.0	1	1.0010293611852057	0.6389554432975503	230.0	13	1.05	0.95				
	112	1	0.0	0.0	0.0	0.0	1	1.0058791444576867	0.575368544411832	230.0	13	1.05	0.95				
	113	3	89.03265710105262	18.142503711157897	0.0	0.0	1	0.9885999544954711	-1.6241018828667253e-31	230.0	14	1.05	0.95				
	114	2	65.17862444378947	13.10291934694737	0.0	0.0	1	0.9981161994396544	2.880904908678716	230.0	16	1.05	0.95				
	115	2	106.50321623031577	21.50222662063158	0.0	0.0	1	1.0374479624078494	8.285528463780603	230.0	16	1.05	0.95				
	116	2	33.59722909473684	6.719445818947369	0.0	0.0	1	1.0327831557465166	7.906779293456798	230.0	16	1.05	0.95				
	117	1	0.0	0.0	0.0	0.0	1	1.0413472755393904	10.479695138299366	230.0	17	1.05	0.95				
	118	2	111.87877288547368	22.846115784421052	0.0	0.0	1	1.0458124052318714	10.50022049612933	230.0	17	1.05	0.95				
	119	1	60.81098466147369	12.430974765052632	0.0	0.0	1	1.0242406633519454	6.2896407498724605	230.0	15	1.05	0.95				
	120	1	43.00445324126316	8.735279564631579	0.0	0.0	1	1.0191096504693773	5.5296119442557075	230.0	15	1.05	0.95				
	121	2	0.0	0.0	0.0	0.0	1	1.05	11.294361344458695	230.0	17	1.05	0.95				
	122	2	0.0	0.0	0.0	0.0	1	1.05	20.685315177377028	230.0	17	1.05	0.95				
	123	2	0.0	0.0	0.0	0.0	1	1.0163830843997117	5.375072644045884	230.0	15	1.05	0.95				
	124	1	0.0	0.0	0.0	0.0	1	1.0267936463545253	5.959684862570089	230.0	16	1.05	0.95				
	201	2	38.18164645894737	7.777742797192983	0.0	0.0	2	1.0197205146500015	-9.076418643775199	138.0	21	1.05	0.95				
	202	2	34.29277506035088	7.070675270175439	0.0	0.0	2	1.019661407183072	-9.13902558408852	138.0	22	1.05	0.95				
	203	1	63.63607743157894	13.08074924982456	0.0	0.0	2	1.016152850411872	-7.092491013183901	138.0	21	1.05	0.95				
	204	1	26.16149849964912	5.303006452631578	0.0	0.0	2	1.0159638442161223	-9.895379411062432	138.0	21	1.05	0.95				
	205	1	25.100897209122802	4.949472689122807	0.0	0.0	2	1.0307392051751887	-10.19117382015319	138.0	21	1.05	0.95				
	206	1	48.08059183719298	9.898945378245614	0.0	-100.0	2	1.0452745707471842	-11.2150713398374	138.0	22	1.05	0.95				
	207	2	44.19172043859649	8.838344087719298	0.0	0.0	2	0.995725142852763	-15.841294935833181	138.0	22	1.05	0.95				
	208	1	60.45427355999999	12.373681722807016	0.0	0.0	2	1.0032728421297223	-14.296244332272076	138.0	22	1.05	0.95				
	209	1	61.86840861403509	12.727215486315787	0.0	0.0	2	1.0222297955367743	-9.043442075189827	138.0	23	1.05	0.95				
	210	1	68.93908388421052	14.141350540350878	0.0	0.0	2	1.05	-10.174602957970384	138.0	23	1.05	0.95				
	211	1	0.0	0.0	0.0	0.0	2	1.0017302409442355	-6.702376802531253	230.0	23	1.05	0.95				
	212	1	0.0	0.0	0.0	0.0	2	1.0057610982439023	-6.207186203042856	230.0	23	1.05	0.95				
	213	2	93.68644732982455	19.090823229473685	0.0	0.0	2	0.9943453496453697	-5.77030474639056	230.0	24	1.05	0.95				
	214	2	68.58555012070175	13.787816776842105	0.0	0.0	2	0.9997062238188058	-4.4627428697705005	230.0	26	1.05	0.95				
	215	2	112.0702030322807	22.626160864561403	0.0	0.0	2	1.0166953977609758	1.0358006209716626	230.0	26	1.05	0.95				
	216	2	35.35337635087719	7.070675270175439	0.0	0.0	2	1.0180511629191151	0.834288477595292	230.0	26	1.05	0.95				
	217	1	0.0	0.0	0.0	0.0	2	1.023314925551376	2.604019644937255	230.0	27	1.05	0.95				
	218	2	117.72674324842104	24.04029591859649	0.0	0.0	2	1.02273969382352	2.166219176416401	230.0	27	1.05	0.95				
	219	1	63.98961119508771	13.08074924982456	0.0	0.0	2	1.0184693895533163	0.3058398173218186	230.0	25	1.05	0.95				
	220	1	45.252321729122805	9.19187785122807	0.0	0.0	2	1.02087311467985	0.5506264089802667	230.0	25	1.05	0.95				
	221	2	0.0	0.0	0.0	0.0	2	1.0243629024821266	2.5967671713960727	230.0	27	1.05	0.95				
	222	2	0.0	0.0	0.0	0.0	2	1.04648016662319	9.134090837526678	230.0	27	1.05	0.95				
	223	2	0.0	0.0	0.0	0.0	2	1.0224618329339281	0.9608286813713677	230.0	25	1.05	0.95				
	224	1	0.0	0.0	0.0	0.0	2	1.0063714040682494	-2.037528840058353	230.0	26	1.05	0.95				
	301	2	43.886744715789476	8.939892442105263	0.0	0.0	3	1.0079021372136048	-19.38287192133484	138.0	31	1.05	0.95				
	302	2	39.41679849473684	8.12717494736842	0.0	0.0	3	1.0078803355783283	-19.457040912390962	138.0	32	1.05	0.95				
	303	1	73.1445745263158	15.035273652631579	0.0	0.0	3	1.0212239220894792	-14.651401660362597	138.0	31	1.05	0.95				
	304	1	30.070547305263158	6.095381210526315	0.0	0.0	3	1.0116315888380387	-17.7417605227042	138.0	31	1.05	0.95				
	305	1	28.85147106315789	5.689022463157896	0.0	0.0	3	1.0237542368129702	-18.90313889713217	138.0	31	1.05	0.95				
	306	1	55.264789642105264	11.378044926315791	0.0	-100.0	3	1.0410680587022227	-19.119991515063685	138.0	32	1.05	0.95				
	307	2	50.794843421052626	10.158968684210526	0.0	0.0	3	0.9936932565534716	-23.111501301847248	138.0	32	1.05	0.95				
	308	1	69.4873458	14.222556157894736	0.0	0.0	3	1.0011032587872146	-21.307615217317828	138.0	32	1.05	0.95				
	309	1	71.11278078947369	14.628914905263157	0.0	0.0	3	1.027562691232539	-14.682592051100366	138.0	33	1.05	0.95				
	310	1	79.2399557368421	16.25434989473684	0.0	0.0	3	1.05	-17.114212157346532	138.0	33	1.05	0.95				
	311	1	0.0	0.0	0.0	0.0	3	1.0055495658978102	-11.988619297108865	230.0	33	1.05	0.95				
	312	1	0.0	0.0	0.0	0.0	3	1.0115039911646757	-11.1772993330364	230.0	33	1.05	0.95				
	313	2	107.68506805263156	21.943372357894738	0.0	0.0	3	1.0095650309182698	-8.416308850284125	230.0	34	1.05	0.95				
	314	2	78.83359698947368	15.84799114736842	0.0	0.0	3	0.9989581025890606	-11.069455779482874	230.0	36	1.05	0.95				
	315	2	128.81572291578948	26.006959831578946	0.0	0.0	3	1.0217806582036202	-8.052987705449363	230.0	36	1.05	0.95				
	316	2	40.635874736842105	8.12717494736842	0.0	0.0	3	1.0215691224590588	-7.331859122942788	230.0	36	1.05	0.95				
	317	1	0.0	0.0	0.0	0.0	3	1.0269518230293222	-5.805355063759811	230.0	37	1.05	0.95				
	318	2	135.3174628736842	27.632394821052632	0.0	0.0	3	1.025478708681943	-6.0459544576620905	230.0	37	1.05	0.95				
	319	1	73.55093327368421	15.035273652631579	0.0	0.0	3	1.0210563041642866	-7.289827226427309	230.0	35	1.05	0.95				
	320	1	52.01391966315789	10.565327431578947	0.0	0.0	3	1.0232674590331698	-6.452033850869371	230.0	35	1.05	0.95				
	321	2	0.0	0.0	0.0	0.0	3	1.0264683322232129	-6.173779676095124	230.0	37	1.05	0.95				
	322	2	0.0	0.0	0.0	0.0	3	1.040037497083556	-1.6387927633448196	230.0	37	1.05	0.95				
	323	2	0.0	0.0	0.0	0.0	3	1.0251769659620098	-5.678340628798253	230.0	35	1.05	0.95				
	324	1	0.0	0.0	0.0	0.0	3	1.0129266659984784	-10.546228856489174	230.0	36	1.05	0.95				
	325	1	0.0	0.0	0.0	0.0	3	1.0216886170512995	-4.247641906216751	230.0	35	1.05	0.95				
];
