%% MATPOWER Case Format : Version 2
function mpc = RTS_GMLC
mpc.version = '2';

%%-----  Power Flow Data  -----%%
%% system MVA base
mpc.baseMVA = 100.0;
%% bus data
%    bus_i    type    Pd    Qd    Gs    Bs    area    Vm    Va    baseKV    zone    Vmax    Vmin
mpc.bus = [
	101	2	39.67837704000001	8.08263236	0.0	0.0	1	1.0073319852740343	-0.8116986072084696	138.0	11	1.05	0.95				
	102	2	35.637060860000005	7.3478476	0.0	0.0	1	1.005372885852062	-1.3928584354636464	138.0	12	1.05	0.95				
	103	1	66.1306284	13.593518060000001	0.0	0.0	1	1.0260663533549226	2.18740621469219	138.0	11	1.05	0.95				
	104	1	27.187036120000002	5.5108857	0.0	0.0	1	1.010574337560384	-2.610229333908067	138.0	11	1.05	0.95				
	105	1	26.084858979999996	5.14349332	0.0	0.0	1	1.0239716633432043	-2.785176518536944	138.0	11	1.05	0.95				
	106	1	49.96536368000001	10.28698664	0.0	-100.0	1	1.0411642228300686	-4.3956808774045015	138.0	12	1.05	0.95				
	107	2	45.9240475	9.1848095	0.0	0.0	1	0.983962232429151	-10.31795872828807	138.0	12	1.05	0.95				
	108	1	62.82409698	12.858733299999999	0.0	0.0	1	0.9958880948416685	-8.25578604854607	138.0	12	1.05	0.95				
	109	1	64.2936665	13.22612568	0.0	0.0	1	1.0247475102122987	-2.0587786918725453	138.0	13	1.05	0.95				
	110	1	71.64151410000001	14.6956952	0.0	0.0	1	1.05	-3.5580308959116183	138.0	13	1.05	0.95				
	111	1	0.0	0.0	0.0	0.0	1	1.014765533708224	0.5160760910684068	230.0	13	1.05	0.95				
	112	1	0.0	0.0	0.0	0.0	1	1.0114193894473475	-0.6921872529033437	230.0	13	1.05	0.95				
	113	3	97.3589807	19.839188520000004	0.0	0.0	1	0.9913210660185986	4.814852036725268e-29	230.0	14	1.05	0.95				
	114	2	71.27412172000001	14.328302820000003	0.0	0.0	1	1.0409478748602963	4.23154184677816	230.0	16	1.05	0.95				
	115	2	116.46338446	23.51311232	0.0	0.0	1	1.041667109140384	13.71409805389674	230.0	16	1.05	0.95				
	116	2	36.739238	7.3478476	0.0	0.0	1	1.0412605890276039	11.840744248659375	230.0	16	1.05	0.95				
	117	1	0.0	0.0	0.0	0.0	1	1.040325494346267	17.90543561640864	230.0	17	1.05	0.95				
	118	2	122.34166254	24.982681840000005	0.0	0.0	1	1.0492126470579768	18.52813365205254	230.0	17	1.05	0.95				
	119	1	66.49802078	13.593518060000001	0.0	0.0	1	1.036962830231495	7.454889330845047	230.0	15	1.05	0.95				
	120	1	47.02622464	9.552201880000002	0.0	0.0	1	1.0397753991686005	4.3442315005326675	230.0	15	1.05	0.95				
	121	2	0.0	0.0	0.0	0.0	1	1.0428806972945461	20.05222704463028	230.0	17	1.05	0.95				
	122	2	0.0	0.0	0.0	0.0	1	1.05	38.016626005886955	230.0	17	1.05	0.95				
	123	2	0.0	0.0	0.0	0.0	1	1.0423570381553167	2.9160122122254735	230.0	15	1.05	0.95				
	124	1	0.0	0.0	0.0	0.0	1	1.021405978354266	9.415964295058266	230.0	16	1.05	0.95				
	201	2	38.453643966315795	7.8331496968421055	0.0	0.0	2	1.0147569779164958	-16.327758570066866	138.0	21	1.05	0.95				
	202	2	34.53706911789474	7.1210451789473685	0.0	0.0	2	1.0138983636427579	-16.627005902378773	138.0	22	1.05	0.95				
	203	1	64.08940661052631	13.173933581052633	0.0	0.0	2	1.0124096747329163	-11.980624062537817	138.0	21	1.05	0.95				
	204	1	26.347867162105267	5.340783884210526	0.0	0.0	2	1.0126352494952517	-16.438681412429457	138.0	21	1.05	0.95				
	205	1	25.279710385263154	4.984731625263159	0.0	0.0	2	1.0281992476365325	-16.894147889172014	138.0	21	1.05	0.95				
	206	1	48.42310721684211	9.969463250526317	0.0	-100.0	2	1.0439501006832073	-17.681814637649232	138.0	22	1.05	0.95				
	207	2	44.506532368421055	8.90130647368421	0.0	0.0	2	0.9973416527516182	-21.86806506320897	138.0	22	1.05	0.95				
	208	1	60.884936280000005	12.461829063157893	0.0	0.0	2	1.0038786347004396	-20.299568045708966	138.0	22	1.05	0.95				
	209	1	62.30914531578947	12.817881322105261	0.0	0.0	2	1.0212682553788783	-14.799584646547272	138.0	23	1.05	0.95				
	210	1	69.43019049473685	14.242090357894737	0.0	0.0	2	1.05	-16.31288808017808	138.0	23	1.05	0.95				
	211	1	0.0	0.0	0.0	0.0	2	1.004390041615413	-12.181996384413232	230.0	23	1.05	0.95				
	212	1	0.0	0.0	0.0	0.0	2	1.0047552484233737	-12.0181041729371	230.0	23	1.05	0.95				
	213	2	94.35384862105263	19.226821983157897	0.0	0.0	2	0.995503110459558	-11.454115389635456	230.0	24	1.05	0.95				
	214	2	69.07413823578948	13.886038098947367	0.0	0.0	2	1.0085120305879367	-9.332272758295673	230.0	26	1.05	0.95				
	215	2	112.8685660863158	22.78734457263158	0.0	0.0	2	1.0234326711611077	-2.419950216800415	230.0	26	1.05	0.95				
	216	2	35.60522589473684	7.1210451789473685	0.0	0.0	2	1.0250430208590429	-3.1517335690110224	230.0	26	1.05	0.95				
	217	1	0.0	0.0	0.0	0.0	2	1.0328170762154958	-0.9461875051297428	230.0	27	1.05	0.95				
	218	2	118.56540222947369	24.211553608421056	0.0	0.0	2	1.0316995834184666	-1.3633889887500812	230.0	27	1.05	0.95				
	219	1	64.44545886947368	13.173933581052633	0.0	0.0	2	1.0200483339685211	-4.410222883499553	230.0	25	1.05	0.95				
	220	1	45.57468914526316	9.257358732631578	0.0	0.0	2	1.0180210469804936	-4.804080737391333	230.0	25	1.05	0.95				
	221	2	0.0	0.0	0.0	0.0	2	1.0319586957770035	-0.917313359751384	230.0	27	1.05	0.95				
	222	2	0.0	0.0	0.0	0.0	2	1.05	5.56621087226142	230.0	27	1.05	0.95				
	223	2	0.0	0.0	0.0	0.0	2	1.0171024674959923	-4.740117676196736	230.0	25	1.05	0.95				
	224	1	0.0	0.0	0.0	0.0	2	1.0075333322252156	-5.997170341596723	230.0	26	1.05	0.95				
	301	2	38.864283461052636	7.9167984828070175	0.0	0.0	3	1.0142364016723757	0.9391350694034447	138.0	31	1.05	0.95				
	302	2	34.905884219649124	7.197089529824561	0.0	0.0	3	1.014098388226786	0.7932657975401675	138.0	32	1.05	0.95				
	303	1	64.77380576842106	13.314615630175439	0.0	0.0	3	1.0332596735038515	7.531082033258446	138.0	31	1.05	0.95				
	304	1	26.629231260350878	5.397817147368421	0.0	0.0	3	1.0150969776826892	2.063628488798249	138.0	31	1.05	0.95				
	305	1	25.549667830877194	5.037962670877194	0.0	0.0	3	1.0278309937481203	0.8495625432953222	138.0	31	1.05	0.95				
	306	1	48.94020880280702	10.075925341754388	0.0	-100.0	3	1.04393516912682	0.3499425154996083	138.0	32	1.05	0.95				
	307	2	44.981809561403516	8.996361912280703	0.0	0.0	3	0.9826491912641754	-2.9518528119954595	138.0	32	1.05	0.95				
	308	1	61.53511548	12.594906677192983	0.0	0.0	3	0.9963082022752634	-1.4361518549252106	138.0	32	1.05	0.95				
	309	1	62.97453338596492	12.95476115368421	0.0	0.0	3	1.0264469629799509	4.582273785066066	138.0	33	1.05	0.95				
	310	1	70.17162291578948	14.394179059649122	0.0	0.0	3	1.05	1.9206205590611434	138.0	33	1.05	0.95				
	311	1	0.0	0.0	0.0	0.0	3	1.003209520167184	6.066050878972123	230.0	33	1.05	0.95				
	312	1	0.0	0.0	0.0	0.0	3	1.0091144933842098	6.691921579582025	230.0	33	1.05	0.95				
	313	2	95.36143627017543	19.432141730526318	0.0	0.0	3	1.005546221161961	9.16823569868443	230.0	34	1.05	0.95				
	314	2	69.81176843929825	14.034324583157895	0.0	0.0	3	0.9927584146996138	6.315407280296152	230.0	36	1.05	0.95				
	315	2	114.0738690477193	23.030686495438598	0.0	0.0	3	1.0189631693760797	8.533714331051414	230.0	36	1.05	0.95				
	316	2	35.98544764912281	7.197089529824561	0.0	0.0	3	1.0155019334910882	8.815583589664191	230.0	36	1.05	0.95				
	317	1	0.0	0.0	0.0	0.0	3	1.0321944163805838	12.023784817519953	230.0	37	1.05	0.95				
	318	2	119.83154067157895	24.47010440140351	0.0	0.0	3	1.0303642479078368	9.51489265625368	230.0	37	1.05	0.95				
	319	1	65.13366024491228	13.314615630175439	0.0	0.0	3	1.011297680763979	8.689907647472097	230.0	35	1.05	0.95				
	320	1	46.061372990877196	9.35621638877193	0.0	0.0	3	1.0097843596161655	9.306618875683647	230.0	35	1.05	0.95				
	321	2	0.0	0.0	0.0	0.0	3	1.0288712605365953	9.829469285826779	230.0	37	1.05	0.95				
	322	2	0.0	0.0	0.0	0.0	3	1.0445428298146369	15.041759421187818	230.0	37	1.05	0.95				
	323	2	0.0	0.0	0.0	0.0	3	1.009381466503219	9.935464012053052	230.0	35	1.05	0.95				
	324	1	0.0	0.0	0.0	0.0	3	1.0198785078577102	8.141087137226462	230.0	36	1.05	0.95				
	325	1	0.0	0.0	0.0	0.0	3	1.0100566224664278	10.816163123347275	230.0	35	1.05	0.95				
];

%% generator data
%    bus    Pg    Qg    Qmax    Qmin    Vg    mBase    status    Pmax    Pmin    Pc1    Pc2    Qc1min    Qc1max    Qc2min    Qc2max    ramp_agc    ramp_10    ramp_30    ramp_q    apf
