%% MATPOWER Case Format : Version 2
function mpc = RTS_GMLC
mpc.version = '2';

%%-----  Power Flow Data  -----%%
%% system MVA base
mpc.baseMVA = 100.0;
%% bus data
%    bus_i    type    Pd    Qd    Gs    Bs    area    Vm    Va    baseKV    zone    Vmax    Vmin
mpc.bus = [
	101	2	54.053438892631576	11.010885700350876	0.0	0.0	1	1.0111732011380976	-6.144802126288309	138.0	11	1.05	0.95				
	102	2	48.547996042456134	10.009896091228072	0.0	0.0	1	1.0110417782354484	-6.390521676085304	138.0	12	1.05	0.95				
	103	1	90.08906482105263	18.51830776877193	0.0	0.0	1	0.9989374001871179	-0.8758605115973302	138.0	11	1.05	0.95				
	104	1	37.03661553754386	7.507422068421052	0.0	0.0	1	1.0003645782194923	-6.0898573912457	138.0	11	1.05	0.95				
	105	1	35.53513112385965	7.00692726385965	0.0	0.0	1	1.013986708830596	-7.309196581665968	138.0	11	1.05	0.95				
	106	1	68.06729342035088	14.0138545277193	0.0	-100.0	1	1.022707223390808	-8.535248254137544	138.0	12	1.05	0.95				
	107	2	62.56185057017544	12.512370114035088	0.0	0.0	1	0.9877198502847673	-11.34803732410933	138.0	12	1.05	0.95				
	108	1	85.58461157999999	17.517318159649122	0.0	0.0	1	0.9855574555157974	-10.635213315795434	138.0	12	1.05	0.95				
	109	1	87.58659079824561	18.017812964210524	0.0	0.0	1	1.0018071273160372	-4.7381304360049254	138.0	13	1.05	0.95				
	110	1	97.59648688947368	20.019792182456143	0.0	0.0	1	1.0291465709504755	-6.835729822781361	138.0	13	1.05	0.95				
	111	1	0.0	0.0	0.0	0.0	1	0.9860959186180401	-1.4887644587821063	230.0	13	1.05	0.95				
	112	1	0.0	0.0	0.0	0.0	1	0.9848201620201752	-2.086262593224871	230.0	13	1.05	0.95				
	113	3	132.63112320877192	27.026719446315788	0.0	0.0	1	0.9710744161217668	-2.4259058992031562e-29	230.0	14	1.05	0.95				
	114	2	97.09599208491227	19.519297377894738	0.0	0.0	1	1.0001161943698444	1.5983069459074895	230.0	16	1.05	0.95				
	115	2	158.6568530459649	32.031667491929824	0.0	0.0	1	0.9962249907574849	11.01112530663875	230.0	16	1.05	0.95				
	116	2	50.04948045614035	10.009896091228072	0.0	0.0	1	0.9962913571351676	9.412158262007633	230.0	16	1.05	0.95				
	117	1	0.0	0.0	0.0	0.0	1	1.0006728962412634	15.179926899137536	230.0	17	1.05	0.95				
	118	2	166.66476991894737	34.03364671017544	0.0	0.0	1	1.0082402636629562	15.957850467133756	230.0	17	1.05	0.95				
	119	1	90.58955962561403	18.51830776877193	0.0	0.0	1	0.9949031322251546	5.89765080088035	230.0	15	1.05	0.95				
	120	1	64.06333498385965	13.012864918596492	0.0	0.0	1	0.9994602852048694	3.473083918364338	230.0	15	1.05	0.95				
	121	2	0.0	0.0	0.0	0.0	1	1.0077049718622981	17.65134694504996	230.0	17	1.05	0.95				
	122	2	0.0	0.0	0.0	0.0	1	1.0210531070328248	32.47724778976377	230.0	17	1.05	0.95				
	123	2	0.0	0.0	0.0	0.0	1	1.0033074290221624	2.5498728020590593	230.0	15	1.05	0.95				
	124	1	0.0	0.0	0.0	0.0	1	0.9829603989038979	6.501270672279101	230.0	16	1.05	0.95				
	201	2	45.72957656842106	9.315284115789474	0.0	0.0	2	1.0110487404479542	-8.69801510046893	138.0	21	1.05	0.95				
	202	2	41.07193451052632	8.46844010526316	0.0	0.0	2	1.009887628044192	-8.870696957568093	138.0	22	1.05	0.95				
	203	1	76.21596094736843	15.666614194736844	0.0	0.0	2	0.9966348340178804	-6.941775733943374	138.0	21	1.05	0.95				
	204	1	31.33322838947369	6.351330078947369	0.0	0.0	2	1.00010319316587	-7.852381035552386	138.0	21	1.05	0.95				
	205	1	30.06296237368421	5.927908073684211	0.0	0.0	2	1.0161508148921998	-8.119206024351719	138.0	21	1.05	0.95				
	206	1	57.58539271578948	11.855816147368422	0.0	-100.0	2	1.027008681621517	-8.322324214688779	138.0	22	1.05	0.95				
	207	2	52.92775065789475	10.585550131578948	0.0	0.0	2	0.9715475006078004	-13.52945212087623	138.0	22	1.05	0.95				
	208	1	72.40516290000001	14.819770184210526	0.0	0.0	2	0.9787030908034652	-11.550675742809274	138.0	22	1.05	0.95				
	209	1	74.09885092105264	15.243192189473683	0.0	0.0	2	1.005129709962882	-5.206456871587333	138.0	23	1.05	0.95				
	210	1	82.56729102631579	16.93688021052632	0.0	0.0	2	1.0319731709908069	-6.130599275412118	138.0	23	1.05	0.95				
	211	1	0.0	0.0	0.0	0.0	2	0.9872302988291888	-2.580005148305169	230.0	23	1.05	0.95				
	212	1	0.0	0.0	0.0	0.0	2	0.9858790264033372	2.6631678982552844	230.0	23	1.05	0.95				
	213	2	112.20683139473684	22.86478828421053	0.0	0.0	2	0.9823061458964901	0.3558466277865981	230.0	24	1.05	0.95				
	214	2	82.14386902105264	16.51345820526316	0.0	0.0	2	0.9866250962506983	-1.9301842896864991	230.0	26	1.05	0.95				
	215	2	134.22477566842105	27.099008336842108	0.0	0.0	2	0.993148084445568	1.802351809972584	230.0	26	1.05	0.95				
	216	2	42.34220052631579	8.46844010526316	0.0	0.0	2	0.9904373189083475	1.824687718436804	230.0	26	1.05	0.95				
	217	1	0.0	0.0	0.0	0.0	2	1.0018424511930044	2.4876177377904436	230.0	27	1.05	0.95				
	218	2	140.9995277526316	28.79269635789474	0.0	0.0	2	1.0025152658367402	2.034933463862729	230.0	27	1.05	0.95				
	219	1	76.63938295263158	15.666614194736844	0.0	0.0	2	0.9804083284119414	3.3222888717829657	230.0	25	1.05	0.95				
	220	1	54.198016673684215	11.008972136842106	0.0	0.0	2	0.9756477830059459	5.551280832726835	230.0	25	1.05	0.95				
	221	2	0.0	0.0	0.0	0.0	2	1.0047914844365264	2.665940146177984	230.0	27	1.05	0.95				
	222	2	0.0	0.0	0.0	0.0	2	1.0229631849564647	8.464357694684193	230.0	27	1.05	0.95				
	223	2	0.0	0.0	0.0	0.0	2	0.9747374418091256	7.147765109658629	230.0	25	1.05	0.95				
	224	1	0.0	0.0	0.0	0.0	2	0.9839255342945965	-1.5187126880976676	230.0	26	1.05	0.95				
	301	2	54.47832965052633	11.09743752140351	0.0	0.0	3	1.0093206475392726	36.30140611309095	138.0	31	1.05	0.95				
	302	2	48.92961088982456	10.088579564912282	0.0	0.0	3	1.0094625779114978	36.1135729317315	138.0	32	1.05	0.95				
	303	1	90.79721608421053	18.66387219508772	0.0	0.0	3	1.014689928241046	44.84094775995	138.0	31	1.05	0.95				
	304	1	37.32774439017544	7.566434673684211	0.0	0.0	3	1.0017205197964902	37.906097115771125	138.0	31	1.05	0.95				
	305	1	35.8144574554386	7.0620056954385975	0.0	0.0	3	1.017047505764855	36.70975912532528	138.0	31	1.05	0.95				
	306	1	68.60234104140352	14.124011390877195	0.0	-100.0	3	1.029118937224622	36.34866375058384	138.0	32	1.05	0.95				
	307	2	63.05362228070176	12.610724456140352	0.0	0.0	3	0.9684285490633012	34.07565646119151	138.0	32	1.05	0.95				
	308	1	86.25735528	17.655014238596493	0.0	0.0	3	0.9844661955701419	36.313392028953814	138.0	32	1.05	0.95				
	309	1	88.27507119298245	18.159443216842106	0.0	0.0	3	1.0124546487946189	41.496782666170326	138.0	33	1.05	0.95				
	310	1	98.36365075789473	20.177159129824563	0.0	0.0	3	1.0378758250930704	38.77342954056151	138.0	33	1.05	0.95				
	311	1	0.0	0.0	0.0	0.0	3	0.9914629800755954	43.274472867145576	230.0	33	1.05	0.95				
	312	1	0.0	0.0	0.0	0.0	3	0.9995495860630419	43.29962426576425	230.0	33	1.05	0.95				
	313	2	133.67367923508772	27.239164825263163	0.0	0.0	3	0.999921201978093	47.59554147976759	230.0	34	1.05	0.95				
	314	2	97.85922177964912	19.67273015157895	0.0	0.0	3	0.9788398682240814	42.74533708611951	230.0	36	1.05	0.95				
	315	2	159.90398610385967	32.2834546077193	0.0	0.0	3	0.9831525947944785	39.092161443724976	230.0	36	1.05	0.95				
	316	2	50.442897824561406	10.088579564912282	0.0	0.0	3	0.9750277710944172	39.812087464311546	230.0	36	1.05	0.95				
	317	1	0.0	0.0	0.0	0.0	3	0.9851540411915402	41.47269832035946	230.0	37	1.05	0.95				
	318	2	167.97484975578948	34.30117052070176	0.0	0.0	3	0.9771872285203156	37.39206587842358	230.0	37	1.05	0.95				
	319	1	91.30164506245615	18.66387219508772	0.0	0.0	3	0.9837207199441926	39.85544659037386	230.0	35	1.05	0.95				
	320	1	64.5669092154386	13.115153434385965	0.0	0.0	3	0.9916520996148964	39.25737722848427	230.0	35	1.05	0.95				
	321	2	0.0	0.0	0.0	0.0	3	0.9878481801527781	38.51786774290382	230.0	37	1.05	0.95				
	322	2	0.0	0.0	0.0	0.0	3	1.0064566783960889	43.052496692102864	230.0	37	1.05	0.95				
	323	2	0.0	0.0	0.0	0.0	3	0.9954700819236367	38.66824202669485	230.0	35	1.05	0.95				
	324	1	0.0	0.0	0.0	0.0	3	0.9950785710426061	43.128064687988946	230.0	36	1.05	0.95				
	325	1	0.0	0.0	0.0	0.0	3	0.9956164556671723	36.89250152536893	230.0	35	1.05	0.95				
];
