%% MATPOWER Case Format : Version 2
function mpc = RTS_GMLC
mpc.version = '2';

%%-----  Power Flow Data  -----%%
%% system MVA base
mpc.baseMVA = 100.0;
%% bus data
%    bus_i    type    Pd    Qd    Gs    Bs    area    Vm    Va    baseKV    zone    Vmax    Vmin
mpc.bus = [
	101	2	40.68035624842105	8.286739235789474	0.0	0.0	1	1.0344348696190846	3.0012208504352147	138.0	11	1.05	0.95				
	102	2	36.536986630526314	7.533399305263158	0.0	0.0	1	1.0335415576432923	2.74677567735829	138.0	12	1.05	0.95				
	103	1	67.80059374736842	13.936788714736842	0.0	0.0	1	1.0284701250647612	1.2801641891494218	138.0	11	1.05	0.95				
	104	1	27.873577429473684	5.650049478947368	0.0	0.0	1	1.0222328023361316	-0.28492680101250073	138.0	11	1.05	0.95				
	105	1	26.74356753368421	5.273379513684211	0.0	0.0	1	1.0370583384709824	-0.04796372276840821	138.0	11	1.05	0.95				
	106	1	51.22711527578947	10.546759027368422	0.0	-100.0	1	1.0470348296884944	-2.188900692291511	138.0	12	1.05	0.95				
	107	2	47.08374565789474	9.416749131578946	0.0	0.0	1	1.0014226966945075	-7.109697366097179	138.0	12	1.05	0.95				
	108	1	64.41056406	13.183448784210524	0.0	0.0	1	1.0066449837218483	-5.947530051895513	138.0	12	1.05	0.95				
	109	1	65.91724392105263	13.560118749473682	0.0	0.0	1	1.0241231548148693	-1.2383435865035202	138.0	13	1.05	0.95				
	110	1	73.45064322631578	15.066798610526316	0.0	0.0	1	1.05	-1.9542333003862986	138.0	13	1.05	0.95				
	111	1	0.0	0.0	0.0	0.0	1	1.0014638498670612	0.21987076976490358	230.0	13	1.05	0.95				
	112	1	0.0	0.0	0.0	0.0	1	1.0064024323453502	0.4033730202262329	230.0	13	1.05	0.95				
	113	3	99.81754079473684	20.340178124210524	0.0	0.0	1	0.9913593013923179	-1.790545058280983e-29	230.0	14	1.05	0.95				
	114	2	73.07397326105263	14.69012864526316	0.0	0.0	1	0.9976847335823509	2.3667709979660265	230.0	16	1.05	0.95				
	115	2	119.40437898842104	24.106877776842104	0.0	0.0	1	1.0325731279966726	8.02070884022468	230.0	16	1.05	0.95				
	116	2	37.666996526315785	7.533399305263158	0.0	0.0	1	1.0287762237554674	7.557472895784053	230.0	16	1.05	0.95				
	117	1	0.0	0.0	0.0	0.0	1	1.0365967357515407	9.725071778797432	230.0	17	1.05	0.95				
	118	2	125.43109843263159	25.613557637894736	0.0	0.0	1	1.0388351717758484	9.874158480639267	230.0	17	1.05	0.95				
	119	1	68.17726371263157	13.936788714736842	0.0	0.0	1	1.0224455946527826	6.297357572460809	230.0	15	1.05	0.95				
	120	1	48.21375555368421	9.793419096842106	0.0	0.0	1	1.0194809877322162	5.936677062174802	230.0	15	1.05	0.95				
	121	2	0.0	0.0	0.0	0.0	1	1.0420276740746865	10.882536326542372	230.0	17	1.05	0.95				
	122	2	0.0	0.0	0.0	0.0	1	1.05	17.31398463553445	230.0	17	1.05	0.95				
	123	2	0.0	0.0	0.0	0.0	1	1.0181406244426188	6.033950506359398	230.0	15	1.05	0.95				
	124	1	0.0	0.0	0.0	0.0	1	1.0221578444406276	5.48415816053094	230.0	16	1.05	0.95				
	201	2	42.73760429052631	8.705808281403508	0.0	0.0	2	1.027766702918478	-6.054506284854698	138.0	21	1.05	0.95				
	202	2	38.38470014982456	7.914371164912282	0.0	0.0	2	1.028753013366446	-5.848111952256616	138.0	22	1.05	0.95				
	203	1	71.22934048421052	14.641586655087718	0.0	0.0	2	1.0169040525935968	-6.008714703490303	138.0	21	1.05	0.95				
	204	1	29.283173310175435	5.93577837368421	0.0	0.0	2	1.0192936406665865	-7.598365681608584	138.0	21	1.05	0.95				
	205	1	28.096017635438596	5.540059815438597	0.0	0.0	2	1.0341304847637114	-7.792993823785563	138.0	21	1.05	0.95				
	206	1	53.81772392140351	11.080119630877194	0.0	-100.0	2	1.046014040434239	-9.122825548675399	138.0	22	1.05	0.95				
	207	2	49.46481978070175	9.89296395614035	0.0	0.0	2	0.9943362486488939	-14.901485510116261	138.0	22	1.05	0.95				
	208	1	67.66787346	13.85014953859649	0.0	0.0	2	1.0008689730378197	-13.135490607773585	138.0	22	1.05	0.95				
	209	1	69.25074769298246	14.245868096842104	0.0	0.0	2	1.022479005194366	-7.406271840373883	138.0	23	1.05	0.95				
	210	1	77.16511885789473	15.828742329824564	0.0	0.0	2	1.05	-8.28858071461829	138.0	23	1.05	0.95				
	211	1	0.0	0.0	0.0	0.0	2	1.0022974563393774	-5.031332246036361	230.0	23	1.05	0.95				
	212	1	0.0	0.0	0.0	0.0	2	1.0057845717323735	-4.182086885202943	230.0	23	1.05	0.95				
	213	2	104.86541793508772	21.368802145263157	0.0	0.0	2	0.9956128132124576	-3.841483625439239	230.0	24	1.05	0.95				
	214	2	76.76940029964912	15.433023771578947	0.0	0.0	2	0.9997401999762842	-3.113643873078789	230.0	26	1.05	0.95				
	215	2	125.44278296385964	25.325987727719294	0.0	0.0	2	1.0174401137973663	1.8977095875384418	230.0	26	1.05	0.95				
	216	2	39.5718558245614	7.914371164912282	0.0	0.0	2	1.0184121421545826	2.00455199970166	230.0	26	1.05	0.95				
	217	1	0.0	0.0	0.0	0.0	2	1.0239398401374622	3.5123029178937606	230.0	27	1.05	0.95				
	218	2	131.77427989578948	26.908861960701756	0.0	0.0	2	1.023136547487202	2.986557377436834	230.0	27	1.05	0.95				
	219	1	71.62505904245614	14.641586655087718	0.0	0.0	2	1.018503442222058	2.109185245936455	230.0	25	1.05	0.95				
	220	1	50.65197545543859	10.288682514385965	0.0	0.0	2	1.021138144084322	2.9842861052122394	230.0	25	1.05	0.95				
	221	2	0.0	0.0	0.0	0.0	2	1.0248801031291628	3.4340642374592565	230.0	27	1.05	0.95				
	222	2	0.0	0.0	0.0	0.0	2	1.0469806561002748	9.992959180347933	230.0	27	1.05	0.95				
	223	2	0.0	0.0	0.0	0.0	2	1.023250303060605	3.7712113024086364	230.0	25	1.05	0.95				
	224	1	0.0	0.0	0.0	0.0	2	1.0073419854206986	-1.091556552228261	230.0	26	1.05	0.95				
	301	2	35.92597279452632	7.3182537174035085	0.0	0.0	3	1.0125995463389703	-13.059798197096237	138.0	31	1.05	0.95				
	302	2	32.26684593582456	6.652957924912281	0.0	0.0	3	1.0126748600258315	-13.129413362808995	138.0	32	1.05	0.95				
	303	1	59.87662132421052	12.307972161087719	0.0	0.0	3	1.0175518507180483	-9.476388258850468	138.0	31	1.05	0.95				
	304	1	24.615944322175437	4.98971844368421	0.0	0.0	3	1.0134669848587632	-11.98897883498665	138.0	31	1.05	0.95				
	305	1	23.618000633438598	4.657070547438597	0.0	0.0	3	1.0272097950532448	-12.500768850472669	138.0	31	1.05	0.95				
	306	1	45.24011388940351	9.314141094877193	0.0	-100.0	3	1.0443617079321057	-12.616386401420773	138.0	32	1.05	0.95				
	307	2	41.580987030701756	8.31619740614035	0.0	0.0	3	0.9939654286439099	-16.06039327303456	138.0	32	1.05	0.95				
	308	1	56.88279025799999	11.64267636859649	0.0	0.0	3	1.0033387944510916	-14.638531355709054	138.0	32	1.05	0.95				
	309	1	58.21338184298246	11.975324264842104	0.0	0.0	3	1.0235202164514965	-9.677324040035806	138.0	33	1.05	0.95				
	310	1	64.86633976789473	13.305915849824562	0.0	0.0	3	1.05	-10.866564547031972	138.0	33	1.05	0.95				
	311	1	0.0	0.0	0.0	0.0	3	0.9995932315133099	-6.300820405711319	230.0	33	1.05	0.95				
	312	1	0.0	0.0	0.0	0.0	3	1.0059609617797163	-5.776608303724976	230.0	33	1.05	0.95				
	313	2	88.15169250508772	17.96298639726316	0.0	0.0	3	1.003103800765173	-2.8436030766697638	230.0	34	1.05	0.95				
	314	2	64.53369187164913	12.973267953578949	0.0	0.0	3	0.9893507638205741	-5.18247292699864	230.0	36	1.05	0.95				
	315	2	105.44938310985965	21.289465359719298	0.0	0.0	3	1.0124811268677252	-2.4600918829099085	230.0	36	1.05	0.95				
	316	2	33.2647896245614	6.652957924912281	0.0	0.0	3	1.0119677323630505	-1.6383776239007448	230.0	36	1.05	0.95				
	317	1	0.0	0.0	0.0	0.0	3	1.0172676795794406	-0.8417415721715986	230.0	37	1.05	0.95				
	318	2	110.77174944978947	22.620056944701755	0.0	0.0	3	1.0167027138779856	-0.9960071586048419	230.0	37	1.05	0.95				
	319	1	60.20926922045614	12.307972161087719	0.0	0.0	3	1.0098877590554098	-1.9337779024837862	230.0	35	1.05	0.95				
	320	1	42.578930719438596	8.648845302385965	0.0	0.0	3	1.0098997351065349	-1.5169273174817872	230.0	35	1.05	0.95				
	321	2	0.0	0.0	0.0	0.0	3	1.0174011787752322	-0.938590319058705	230.0	37	1.05	0.95				
	322	2	0.0	0.0	0.0	0.0	3	1.030894942857427	3.5684799095451116	230.0	37	1.05	0.95				
	323	2	0.0	0.0	0.0	0.0	3	1.0101455956466465	-1.0205533074202595	230.0	35	1.05	0.95				
	324	1	0.0	0.0	0.0	0.0	3	1.0054254895204555	-5.129304303002157	230.0	36	1.05	0.95				
	325	1	0.0	0.0	0.0	0.0	3	1.0099079803037805	0.007164886166711956	230.0	35	1.05	0.95				
];
