%% MATPOWER Case Format : Version 2
function mpc = RTS_GMLC
mpc.version = '2';

%%-----  Power Flow Data  -----%%
%% system MVA base
mpc.baseMVA = 100.0;
%% bus data
%    bus_i    type    Pd    Qd    Gs    Bs    area    Vm    Va    baseKV    zone    Vmax    Vmin
mpc.bus = [
	101	2	49.41761502315789	10.066551208421052	0.0	0.0	1	1.0148725126404123	1.5433729158739333	138.0	11	1.05	0.95				
	102	2	44.38433941894736	9.151410189473683	0.0	0.0	1	1.0137535322920723	1.2278473739604856	138.0	12	1.05	0.95				
	103	1	82.36269170526315	16.930108850526313	0.0	0.0	1	1.024661596978401	1.6573065063253951	138.0	11	1.05	0.95				
	104	1	33.860217701052626	6.863557642105262	0.0	0.0	1	1.012506472539747	-1.8479523118037393	138.0	11	1.05	0.95				
	105	1	32.487506172631576	6.405987132631578	0.0	0.0	1	1.0258082293952442	-1.7994542638260373	138.0	11	1.05	0.95				
	106	1	62.22958928842105	12.811974265263157	0.0	-100.0	1	1.0397825858529643	-4.15423365760628	138.0	12	1.05	0.95				
	107	2	57.19631368421052	11.439262736842103	0.0	0.0	1	0.9868759943566291	-11.844562401543543	138.0	12	1.05	0.95				
	108	1	78.24455712	16.014967831578943	0.0	0.0	1	0.99429084365234	-9.523172552248365	138.0	12	1.05	0.95				
	109	1	80.07483915789473	16.47253834105263	0.0	0.0	1	1.025561865342807	-2.4482396022824924	138.0	13	1.05	0.95				
	110	1	89.22624934736841	18.302820378947366	0.0	0.0	1	1.05	-3.6740243980650136	138.0	13	1.05	0.95				
	111	1	0.0	0.0	0.0	0.0	1	1.0194274972737671	0.10617610288222407	230.0	13	1.05	0.95				
	112	1	0.0	0.0	0.0	0.0	1	1.0157205122760333	-0.6810201352477229	230.0	13	1.05	0.95				
	113	3	121.25618501052631	24.708807511578947	0.0	0.0	1	1.0025907901554993	2.4899569662079235e-30	230.0	14	1.05	0.95				
	114	2	88.76867883789473	17.845249869473683	0.0	0.0	1	1.0430640584906845	3.2959494738391664	230.0	16	1.05	0.95				
	115	2	145.04985150315787	29.284512606315786	0.0	0.0	1	1.0409360392758167	12.389160513432087	230.0	16	1.05	0.95				
	116	2	45.75705094736841	9.151410189473683	0.0	0.0	1	1.0415366202208485	10.730384162606645	230.0	16	1.05	0.95				
	117	1	0.0	0.0	0.0	0.0	1	1.0398292193994978	16.543929667455263	230.0	17	1.05	0.95				
	118	2	152.37097965473683	31.114794644210527	0.0	0.0	1	1.0478618773131378	17.039688152471694	230.0	17	1.05	0.95				
	119	1	82.82026221473684	16.930108850526313	0.0	0.0	1	1.0378316962515146	6.913229777564018	230.0	15	1.05	0.95				
	120	1	58.56902521263157	11.896833246315788	0.0	0.0	1	1.0409170556897587	4.467072778595313	230.0	15	1.05	0.95				
	121	2	0.0	0.0	0.0	0.0	1	1.0419919505940094	18.647682913358437	230.0	17	1.05	0.95				
	122	2	0.0	0.0	0.0	0.0	1	1.05	36.61944357346683	230.0	17	1.05	0.95				
	123	2	0.0	0.0	0.0	0.0	1	1.043647543781568	3.4677450261391813	230.0	15	1.05	0.95				
	124	1	0.0	0.0	0.0	0.0	1	1.0214526076559627	8.391488987639088	230.0	16	1.05	0.95				
	201	2	50.57453171368421	10.302219423157895	0.0	0.0	2	1.010084825393919	-17.166607211792762	138.0	21	1.05	0.95				
	202	2	45.42342200210526	9.365654021052633	0.0	0.0	2	1.009658373200647	-17.38622569794564	138.0	22	1.05	0.95				
	203	1	84.2908861894737	17.32645993894737	0.0	0.0	2	1.0115578494754138	-12.837256770205187	138.0	21	1.05	0.95				
	204	1	34.65291987789474	7.024240515789473	0.0	0.0	2	1.0094721900948507	-17.171371229196755	138.0	21	1.05	0.95				
	205	1	33.24807177473684	6.555957814736843	0.0	0.0	2	1.0242090137660884	-17.679553423560833	138.0	21	1.05	0.95				
	206	1	63.6864473431579	13.111915629473685	0.0	-100.0	2	1.0396925493046651	-18.5055489088623	138.0	22	1.05	0.95				
	207	2	58.53533763157894	11.70706752631579	0.0	0.0	2	0.9902926806901737	-24.350881460507146	138.0	22	1.05	0.95				
	208	1	80.07634188	16.389894536842103	0.0	0.0	2	0.9956482067693759	-22.20298579267943	138.0	22	1.05	0.95				
	209	1	81.94947268421053	16.858177237894736	0.0	0.0	2	1.0232727086894842	-15.056198637226897	138.0	23	1.05	0.95				
	210	1	91.31512670526317	18.731308042105265	0.0	0.0	2	1.05	-16.683894428411303	138.0	23	1.05	0.95				
	211	1	0.0	0.0	0.0	0.0	2	1.011623631608573	-11.604457977019694	230.0	23	1.05	0.95				
	212	1	0.0	0.0	0.0	0.0	2	1.0140457435224488	-10.501609732426544	230.0	23	1.05	0.95				
	213	2	124.09491577894735	25.287265856842104	0.0	0.0	2	1.0143724550069515	-9.829676349935973	230.0	24	1.05	0.95				
	214	2	90.84684400421052	18.263025341052632	0.0	0.0	2	1.0147748579157063	-8.847304443465768	230.0	26	1.05	0.95				
	215	2	148.4456162336842	29.970092867368418	0.0	0.0	2	1.030153695673739	-2.0083739056069323	230.0	26	1.05	0.95				
	216	2	46.82827010526316	9.365654021052633	0.0	0.0	2	1.0338164719895058	-2.1375967000339626	230.0	26	1.05	0.95				
	217	1	0.0	0.0	0.0	0.0	2	1.037708267033853	-0.4015296438856722	230.0	27	1.05	0.95				
	218	2	155.93813945052634	31.84322367157895	0.0	0.0	2	1.0355524931589621	-1.044739224251103	230.0	27	1.05	0.95				
	219	1	84.75916889052631	17.32645993894737	0.0	0.0	2	1.0380474720102781	-1.822312113856926	230.0	25	1.05	0.95				
	220	1	59.940185734736836	12.17535022736842	0.0	0.0	2	1.0450731368045767	-0.6624026218900598	230.0	25	1.05	0.95				
	221	2	0.0	0.0	0.0	0.0	2	1.0362083413157308	-0.5610285404526082	230.0	27	1.05	0.95				
	222	2	0.0	0.0	0.0	0.0	2	1.05	6.001229890213569	230.0	27	1.05	0.95				
	223	2	0.0	0.0	0.0	0.0	2	1.05	0.31250838646795176	230.0	25	1.05	0.95				
	224	1	0.0	0.0	0.0	0.0	2	1.0098218310500056	-6.032438790458797	230.0	26	1.05	0.95				
	301	2	70.10945901473684	14.281556465964911	0.0	0.0	3	1.0409920961702939	-0.8009740094241864	138.0	31	1.05	0.95				
	302	2	62.96868078175437	12.98323315087719	0.0	0.0	3	1.0385087273190796	-1.183406527928186	138.0	32	1.05	0.95				
	303	1	116.84909835789472	24.018981329122806	0.0	0.0	3	1.05	17.258561506978854	138.0	31	1.05	0.95				
	304	1	48.03796265824561	9.737424863157894	0.0	0.0	3	1.0099205329666399	1.2733097926597314	138.0	31	1.05	0.95				
	305	1	46.090477685614026	9.088263205614036	0.0	0.0	3	1.0308859440472882	-1.720141798200633	138.0	31	1.05	0.95				
	306	1	88.28598542596491	18.17652641122807	0.0	-100.0	3	1.030972797065899	-2.969212669548121	138.0	32	1.05	0.95				
	307	2	81.14520719298245	16.22904143859649	0.0	0.0	3	0.95	-1.3702029237034536	138.0	32	1.05	0.95				
	308	1	111.00664343999998	22.720658014035084	0.0	0.0	3	0.962122063431797	-1.8392009254086137	138.0	32	1.05	0.95				
	309	1	113.60329007017542	23.36981967157894	0.0	0.0	3	1.0104100172541481	6.051030365943158	138.0	33	1.05	0.95				
	310	1	126.58652322105262	25.96646630175438	0.0	0.0	3	1.0366283381412442	-0.5815291886325114	138.0	33	1.05	0.95				
	311	1	0.0	0.0	0.0	0.0	3	0.9969579235838357	5.002982869927797	230.0	33	1.05	0.95				
	312	1	0.0	0.0	0.0	0.0	3	1.0002666587296456	5.5705835494503	230.0	33	1.05	0.95				
	313	2	172.02783924912276	35.05472950736842	0.0	0.0	3	0.9960244489249643	7.303142237851858	230.0	34	1.05	0.95				
	314	2	125.93736156350874	25.317304644210527	0.0	0.0	3	0.9969573233814393	5.376516728854328	230.0	36	1.05	0.95				
	315	2	205.78424544140347	41.54634608280701	0.0	0.0	3	1.05	10.114390704523919	230.0	36	1.05	0.95				
	316	2	64.91616575438596	12.98323315087719	0.0	0.0	3	1.0456520717689792	9.779222830252417	230.0	36	1.05	0.95				
	317	1	0.0	0.0	0.0	0.0	3	1.05	15.187554495632181	230.0	37	1.05	0.95				
	318	2	216.17083196210524	44.142992712982455	0.0	0.0	3	1.0408086506614755	12.071739981618812	230.0	37	1.05	0.95				
	319	1	117.49826001543859	24.018981329122806	0.0	0.0	3	1.027369290254032	8.346173791538567	230.0	35	1.05	0.95				
	320	1	83.09269216561403	16.87820309614035	0.0	0.0	3	1.0172142185966915	8.332547053979491	230.0	35	1.05	0.95				
	321	2	0.0	0.0	0.0	0.0	3	1.0438057905811622	12.086487031534505	230.0	37	1.05	0.95				
	322	2	0.0	0.0	0.0	0.0	3	1.0499999933948425	17.644518133215588	230.0	37	1.05	0.95				
	323	2	0.0	0.0	0.0	0.0	3	1.013265432791795	8.833626001335853	230.0	35	1.05	0.95				
	324	1	0.0	0.0	0.0	0.0	3	1.047343603990751	12.847766578887471	230.0	36	1.05	0.95				
	325	1	0.0	0.0	0.0	0.0	3	1.0136694494551166	9.682683951376605	230.0	35	1.05	0.95				
];
