%% MATPOWER Case Format : Version 2
function mpc = RTS_GMLC
mpc.version = '2';

%%-----  Power Flow Data  -----%%
%% system MVA base
mpc.baseMVA = 100.0;
%% bus data
%    bus_i    type    Pd    Qd    Gs    Bs    area    Vm    Va    baseKV    zone    Vmax    Vmin
mpc.bus = [
	101	2	50.27263730526316	10.240722414035087	0.0	0.0	1	1.0429601343464312	1.6797628017469572	138.0	11	1.05	0.95				
	102	2	45.152276098245615	9.309747649122807	0.0	0.0	1	1.0407737811772078	1.1019476164826667	138.0	12	1.05	0.95				
	103	1	83.78772884210527	17.223033150877193	0.0	0.0	1	1.0311604460410642	-0.2921997085554728	138.0	11	1.05	0.95				
	104	1	34.446066301754385	6.982310736842106	0.0	0.0	1	1.0267656416571218	-1.7202514604723154	138.0	11	1.05	0.95				
	105	1	33.04960415438597	6.5168233543859655	0.0	0.0	1	1.0398223578131038	-1.9156885530214018	138.0	11	1.05	0.95				
	106	1	63.3062840140351	13.033646708771931	0.0	-100.0	1	1.046037024079472	-4.511931508270119	138.0	12	1.05	0.95				
	107	2	58.18592280701754	11.637184561403508	0.0	0.0	1	1.0006018275346946	-10.190235367247803	138.0	12	1.05	0.95				
	108	1	79.59834239999999	16.29205838596491	0.0	0.0	1	1.0032205679477417	-8.870885992991017	138.0	12	1.05	0.95				
	109	1	81.46029192982456	16.757545768421053	0.0	0.0	1	1.024856256071101	-3.1671017925472724	138.0	13	1.05	0.95				
	110	1	90.77003957894738	18.619495298245614	0.0	0.0	1	1.05	-4.135088695179982	138.0	13	1.05	0.95				
	111	1	0.0	0.0	0.0	0.0	1	1.0041008876629358	-1.257989159841696	230.0	13	1.05	0.95				
	112	1	0.0	0.0	0.0	0.0	1	1.0080414084286562	-1.4282722714093705	230.0	13	1.05	0.95				
	113	3	123.35415635087719	25.13631865263158	0.0	0.0	1	0.9972989651447698	4.600278542670893e-30	230.0	14	1.05	0.95				
	114	2	90.30455219649123	18.154007915789474	0.0	0.0	1	1.001028088211303	0.1685762503961458	230.0	16	1.05	0.95				
	115	2	147.55950023859648	29.791192477192986	0.0	0.0	1	1.0360159410547336	5.978460086854586	230.0	16	1.05	0.95				
	116	2	46.54873824561403	9.309747649122807	0.0	0.0	1	1.031190440280515	4.93965752995492	230.0	16	1.05	0.95				
	117	1	0.0	0.0	0.0	0.0	1	1.0388319821599201	8.573137036057778	230.0	17	1.05	0.95				
	118	2	155.00729835789474	31.65314200701755	0.0	0.0	1	1.0434000659568419	9.142278516864742	230.0	17	1.05	0.95				
	119	1	84.25321622456141	17.223033150877193	0.0	0.0	1	1.0202269573069598	2.7336916785148966	230.0	15	1.05	0.95				
	120	1	59.58238495438597	12.102671943859649	0.0	0.0	1	1.014463853426232	1.440541751743755	230.0	15	1.05	0.95				
	121	2	0.0	0.0	0.0	0.0	1	1.0463793751960648	10.521904830025603	230.0	17	1.05	0.95				
	122	2	0.0	0.0	0.0	0.0	1	1.05	18.889617829714723	230.0	17	1.05	0.95				
	123	2	0.0	0.0	0.0	0.0	1	1.012063720315285	1.0912816354140848	230.0	15	1.05	0.95				
	124	1	0.0	0.0	0.0	0.0	1	1.0257324128093601	3.62190284709702	230.0	16	1.05	0.95				
	201	2	45.117582252631586	9.190618607017544	0.0	0.0	2	1.0153072440759539	-11.014557359667315	138.0	21	1.05	0.95				
	202	2	40.52227294912281	8.355107824561404	0.0	0.0	2	1.0144576284640214	-11.25629106439783	138.0	22	1.05	0.95				
	203	1	75.19597042105264	15.456949475438597	0.0	0.0	2	1.014790371161433	-8.27648335403167	138.0	21	1.05	0.95				
	204	1	30.913898950877194	6.266330868421052	0.0	0.0	2	1.0128188762057686	-10.635293379266457	138.0	21	1.05	0.95				
	205	1	29.660632777192987	5.848575477192983	0.0	0.0	2	1.0275175192948647	-10.970381951345303	138.0	21	1.05	0.95				
	206	1	56.814733207017554	11.697150954385966	0.0	-100.0	2	1.0423667213867651	-11.465308009375589	138.0	22	1.05	0.95				
	207	2	52.219423903508776	10.443884780701755	0.0	0.0	2	0.997654371023835	-16.501837087827475	138.0	22	1.05	0.95				
	208	1	71.4361719	14.621438692982455	0.0	0.0	2	1.002150872445169	-14.609684201825253	138.0	22	1.05	0.95				
	209	1	73.10719346491229	15.039194084210529	0.0	0.0	2	1.0237129271946097	-8.400251433152503	138.0	23	1.05	0.95				
	210	1	81.46230128947369	16.71021564912281	0.0	0.0	2	1.05	-9.582629049200877	138.0	23	1.05	0.95				
	211	1	0.0	0.0	0.0	0.0	2	1.004011349630583	-5.846984674357333	230.0	23	1.05	0.95				
	212	1	0.0	0.0	0.0	0.0	2	1.0092720500962766	-2.333383751814215	230.0	23	1.05	0.95				
	213	2	110.7051786754386	22.558791126315793	0.0	0.0	2	0.9988818025696755	-3.887814774223696	230.0	24	1.05	0.95				
	214	2	81.04454589824562	16.29246025789474	0.0	0.0	2	1.0023032202146698	-4.279096712572151	230.0	26	1.05	0.95				
	215	2	132.42845901929826	26.736345038596493	0.0	0.0	2	1.0194784274307362	0.8705469108817004	230.0	26	1.05	0.95				
	216	2	41.77553912280702	8.355107824561404	0.0	0.0	2	1.0185241731503487	0.5125085020311203	230.0	26	1.05	0.95				
	217	1	0.0	0.0	0.0	0.0	2	1.0234596834032224	1.4760551722603688	230.0	27	1.05	0.95				
	218	2	139.11254527894738	28.407366603508777	0.0	0.0	2	1.0230181622218713	1.1666847771233386	230.0	27	1.05	0.95				
	219	1	75.6137258122807	15.456949475438597	0.0	0.0	2	1.0165498469935565	0.37397116701815186	230.0	25	1.05	0.95				
	220	1	53.472690077192986	10.861640171929826	0.0	0.0	2	1.01764157578525	1.084551998469243	230.0	25	1.05	0.95				
	221	2	0.0	0.0	0.0	0.0	2	1.0253538934084572	1.8652118795513863	230.0	27	1.05	0.95				
	222	2	0.0	0.0	0.0	0.0	2	1.0469722616463784	8.240793019662254	230.0	27	1.05	0.95				
	223	2	0.0	0.0	0.0	0.0	2	1.0189615356282118	1.8016741663059481	230.0	25	1.05	0.95				
	224	1	0.0	0.0	0.0	0.0	2	1.0064659071213415	-2.5738014573767156	230.0	26	1.05	0.95				
	301	2	58.88579562947369	11.995254665263158	0.0	0.0	3	1.0026167817910991	-7.329509264354812	138.0	31	1.05	0.95				
	302	2	52.88816829684211	10.904776968421054	0.0	0.0	3	1.002423228604641	-7.394292450601528	138.0	32	1.05	0.95				
	303	1	98.14299271578948	20.173837391578946	0.0	0.0	3	1.0141382968971415	-3.5594637903064927	138.0	31	1.05	0.95				
	304	1	40.34767478315789	8.178582726315788	0.0	0.0	3	1.0045453427086761	-5.615226984105407	138.0	31	1.05	0.95				
	305	1	38.711958237894734	7.633343877894738	0.0	0.0	3	1.0182629855247198	-5.7097103033524865	138.0	31	1.05	0.95				
	306	1	74.15248338526317	15.266687755789476	0.0	-100.0	3	1.03534456654604	-5.429431355861433	138.0	32	1.05	0.95				
	307	2	68.15485605263159	13.630971210526315	0.0	0.0	3	0.9944255910377178	-10.45325519091384	138.0	32	1.05	0.95				
	308	1	93.23584308000001	19.08335969473684	0.0	0.0	3	0.9996337440915208	-7.955350881574478	138.0	32	1.05	0.95				
	309	1	95.41679847368421	19.628598543157892	0.0	0.0	3	1.024867240495079	-1.9286143978856647	138.0	33	1.05	0.95				
	310	1	106.32157544210526	21.809553936842107	0.0	0.0	3	1.05	-2.3463423197741844	138.0	33	1.05	0.95				
	311	1	0.0	0.0	0.0	0.0	3	1.0111940822237904	3.56690942094796	230.0	33	1.05	0.95				
	312	1	0.0	0.0	0.0	0.0	3	1.0154754123074254	4.556313531187368	230.0	33	1.05	0.95				
	313	2	144.48829483157894	29.442897814736845	0.0	0.0	3	1.0261940552458007	9.860608612867509	230.0	34	1.05	0.95				
	314	2	105.77633659368422	21.264315088421053	0.0	0.0	3	1.0111697736036882	3.741895474775193	230.0	36	1.05	0.95				
	315	2	172.8407149494737	34.89528629894737	0.0	0.0	3	1.0232821345063627	1.4799644049003804	230.0	36	1.05	0.95				
	316	2	54.52388484210526	10.904776968421054	0.0	0.0	3	1.0235010521979468	2.411496776364847	230.0	36	1.05	0.95				
	317	1	0.0	0.0	0.0	0.0	3	1.028569893448929	3.287305677247737	230.0	37	1.05	0.95				
	318	2	181.56453652421055	37.076241692631584	0.0	0.0	3	1.025521106382462	2.210070813971886	230.0	37	1.05	0.95				
	319	1	98.68823156421053	20.173837391578946	0.0	0.0	3	1.023947491122238	4.352512595450715	230.0	35	1.05	0.95				
	320	1	69.79057259789474	14.176210058947369	0.0	0.0	3	1.0260307643800173	5.717423976956687	230.0	35	1.05	0.95				
	321	2	0.0	0.0	0.0	0.0	3	1.0269481885974425	2.5425567922220997	230.0	37	1.05	0.95				
	322	2	0.0	0.0	0.0	0.0	3	1.040995648252119	7.2173591727709905	230.0	37	1.05	0.95				
	323	2	0.0	0.0	0.0	0.0	3	1.0274131908982695	6.3803282770354475	230.0	35	1.05	0.95				
	324	1	0.0	0.0	0.0	0.0	3	1.014945052358318	1.3641544335682627	230.0	36	1.05	0.95				
	325	1	0.0	0.0	0.0	0.0	3	1.0289385112645777	6.741486469566032	230.0	35	1.05	0.95				
];
