%% MATPOWER Case Format : Version 2
function mpc = RTS_GMLC
mpc.version = '2';

%%-----  Power Flow Data  -----%%
%% system MVA base
mpc.baseMVA = 100.0;
%% bus data
%    bus_i    type    Pd    Qd    Gs    Bs    area    Vm    Va    baseKV    zone    Vmax    Vmin
mpc.bus = [
	101	2	36.24492825473685	7.383226125964912	0.0	0.0	1	1.0120235445695736	-4.028874539967887	138.0	11	1.05	0.95				
	102	2	32.553315191754386	6.712023750877193	0.0	0.0	1	1.0120859667437905	-4.213604941049898	138.0	12	1.05	0.95				
	103	1	60.408213757894735	12.417243939122807	0.0	0.0	1	1.001436596780673	0.6633048546516197	138.0	11	1.05	0.95				
	104	1	24.834487878245614	5.034017813157895	0.0	0.0	1	1.00424197279353	-3.941256496768402	138.0	11	1.05	0.95				
	105	1	23.827684315614032	4.698416625614035	0.0	0.0	1	1.0188452270624104	-4.830418558565052	138.0	11	1.05	0.95				
	106	1	45.641761505964915	9.39683325122807	0.0	-100.0	1	1.031078103975747	-5.710406465077619	138.0	12	1.05	0.95				
	107	2	41.95014844298245	8.390029688596492	0.0	0.0	1	0.9868006275309326	-9.909379482776014	138.0	12	1.05	0.95				
	108	1	57.38780307	11.746041564035087	0.0	0.0	1	0.9911111064273581	-8.354174309494562	138.0	12	1.05	0.95				
	109	1	58.73020782017544	12.081642751578947	0.0	0.0	1	1.0040496802417544	-2.8521702558263122	138.0	13	1.05	0.95				
	110	1	65.44223157105263	13.424047501754385	0.0	0.0	1	1.0333239227879645	-4.5316924485591406	138.0	13	1.05	0.95				
	111	1	0.0	0.0	0.0	0.0	1	0.9817255089469478	-0.2292889235256871	230.0	13	1.05	0.95				
	112	1	0.0	0.0	0.0	0.0	1	0.9834320972544207	-1.2117691830044717	230.0	13	1.05	0.95				
	113	3	88.93431469912281	18.122464127368424	0.0	0.0	1	0.961854925709323	2.0530954839899933e-28	230.0	14	1.05	0.95				
	114	2	65.10663038350877	13.088446314210527	0.0	0.0	1	0.9899824987890652	3.1897846647011	230.0	16	1.05	0.95				
	115	2	106.3855764514035	21.478476002807017	0.0	0.0	1	0.9907271988191523	11.924634896490568	230.0	16	1.05	0.95				
	116	2	33.56011875438597	6.712023750877193	0.0	0.0	1	0.989096767419077	10.34206415648002	230.0	16	1.05	0.95				
	117	1	0.0	0.0	0.0	0.0	1	0.9906594358249853	16.05931166407177	230.0	17	1.05	0.95				
	118	2	111.75519545210526	22.820880752982458	0.0	0.0	1	0.9995076524116944	16.476140626546055	230.0	17	1.05	0.95				
	119	1	60.7438149454386	12.417243939122807	0.0	0.0	1	0.9888715371021056	6.422497388777251	230.0	15	1.05	0.95				
	120	1	42.956952005614035	8.725630876140352	0.0	0.0	1	0.9939383686093014	3.687702714437064	230.0	15	1.05	0.95				
	121	2	0.0	0.0	0.0	0.0	1	0.9997248644161619	17.744139999406407	230.0	17	1.05	0.95				
	122	2	0.0	0.0	0.0	0.0	1	1.0037299872642413	36.18192034266618	230.0	17	1.05	0.95				
	123	2	0.0	0.0	0.0	0.0	1	0.9974880500611145	2.4693173943875557	230.0	15	1.05	0.95				
	124	1	0.0	0.0	0.0	0.0	1	0.9813168809895998	7.618217717703979	230.0	16	1.05	0.95				
	201	2	35.44467181010526	7.2202109242807015	0.0	0.0	2	1.0138723148833861	-13.832713525468366	138.0	21	1.05	0.95				
	202	2	31.83456634796491	6.563828112982456	0.0	0.0	2	1.0127708288348785	-14.058900637237363	138.0	22	1.05	0.95				
	203	1	59.074453016842114	12.143082009017544	0.0	0.0	2	0.9995045642881586	-10.13216925965622	138.0	21	1.05	0.95				
	204	1	24.286164018035088	4.922871084736842	0.0	0.0	2	1.003413550351075	-13.583787719633257	138.0	21	1.05	0.95				
	205	1	23.30158980108772	4.59467967908772	0.0	0.0	2	1.0201657111250109	-14.00257650273054	138.0	21	1.05	0.95				
	206	1	44.6340311682807	9.18935935817544	0.0	-100.0	2	1.0320235408094447	-14.545959638009984	138.0	22	1.05	0.95				
	207	2	41.02392570614035	8.20478514122807	0.0	0.0	2	0.9746365638244738	-18.337744484652536	138.0	22	1.05	0.95				
	208	1	56.120730366	11.486699197719297	0.0	0.0	2	0.9846848046720323	-16.889364170678903	138.0	22	1.05	0.95				
	209	1	57.4334959885965	11.81489060336842	0.0	0.0	2	1.004676575850736	-11.783536361357767	138.0	23	1.05	0.95				
	210	1	63.99732410157895	13.127656225964913	0.0	0.0	2	1.0339210148764972	-13.088934848646948	138.0	23	1.05	0.95				
	211	1	0.0	0.0	0.0	0.0	2	0.9841489951348595	-9.238796119479003	230.0	23	1.05	0.95				
	212	1	0.0	0.0	0.0	0.0	2	0.9818216982458725	-8.40175368996541	230.0	23	1.05	0.95				
	213	2	86.97072249701753	17.72233590505263	0.0	0.0	2	0.9779395389291377	-7.838394899133054	230.0	24	1.05	0.95				
	214	2	63.66913269592982	12.799464820315789	0.0	0.0	2	0.9807983179205737	-7.097340580808678	230.0	26	1.05	0.95				
	215	2	104.03667559077192	21.00424996154386	0.0	0.0	2	0.9905775662876634	-1.4017145097936212	230.0	26	1.05	0.95				
	216	2	32.81914056491228	6.563828112982456	0.0	0.0	2	0.9880759141305956	-1.9200944267228148	230.0	26	1.05	0.95				
	217	1	0.0	0.0	0.0	0.0	2	0.9994227068739182	-0.37925752275878316	230.0	27	1.05	0.95				
	218	2	109.2877380811579	22.31701558414035	0.0	0.0	2	1.00108318478286	-0.7977358095603567	230.0	27	1.05	0.95				
	219	1	59.40264442249122	12.143082009017544	0.0	0.0	2	0.9803600245170655	-1.5430080937121096	230.0	25	1.05	0.95				
	220	1	42.00849992308772	8.532976546877192	0.0	0.0	2	0.9756882535675365	-0.5042903988328798	230.0	25	1.05	0.95				
	221	2	0.0	0.0	0.0	0.0	2	1.0029931397245433	-0.3604298631551994	230.0	27	1.05	0.95				
	222	2	0.0	0.0	0.0	0.0	2	1.0207261368133802	4.9182521195612	230.0	27	1.05	0.95				
	223	2	0.0	0.0	0.0	0.0	2	0.9736462403107528	0.35547474146313124	230.0	25	1.05	0.95				
	224	1	0.0	0.0	0.0	0.0	2	0.9834366657729834	-4.7370888326398095	230.0	26	1.05	0.95				
	301	2	36.985131288	7.5340082253333325	0.0	0.0	3	1.0133366528379117	26.949983065354555	138.0	31	1.05	0.95				
	302	2	33.218127175333336	6.849098386666667	0.0	0.0	3	1.0139764104658955	26.598564766795864	138.0	32	1.05	0.95				
	303	1	61.64188548	12.670832015333334	0.0	0.0	3	1.0203039004207113	40.93308801789086	138.0	31	1.05	0.95				
	304	1	25.341664030666667	5.136823789999999	0.0	0.0	3	1.0033328955208782	27.63274848035336	138.0	31	1.05	0.95				
	305	1	24.314299272666666	4.794368870666667	0.0	0.0	3	1.0212571764493557	25.382184400398245	138.0	31	1.05	0.95				
	306	1	46.57386902933334	9.588737741333334	0.0	-100.0	3	1.0342342462044132	24.047891835131338	138.0	32	1.05	0.95				
	307	2	42.80686491666666	8.561372983333333	0.0	0.0	3	0.9676676580781226	21.346295603011665	138.0	32	1.05	0.95				
	308	1	58.559791206	11.985922176666666	0.0	0.0	3	0.9805291694184224	22.839735174255438	138.0	32	1.05	0.95				
	309	1	59.929610883333325	12.328377096	0.0	0.0	3	1.0044840836294318	29.95544818750311	138.0	33	1.05	0.95				
	310	1	66.77870927000001	13.698196773333335	0.0	0.0	3	1.0373154457596385	24.922741454103694	138.0	33	1.05	0.95				
	311	1	0.0	0.0	0.0	0.0	3	0.9885976975888208	27.476946568763005	230.0	33	1.05	0.95				
	312	1	0.0	0.0	0.0	0.0	3	0.997596846656227	26.97281117684541	230.0	33	1.05	0.95				
	313	2	90.75055362333333	18.492565644	0.0	0.0	3	0.9909985588036613	26.725028369098666	230.0	34	1.05	0.95				
	314	2	66.43625435066667	13.355741854	0.0	0.0	3	0.9738045059596714	28.322703635201986	230.0	36	1.05	0.95				
	315	2	108.55820942866666	21.917114837333333	0.0	0.0	3	0.9816368645169017	30.34376869429797	230.0	36	1.05	0.95				
	316	2	34.245491933333334	6.849098386666667	0.0	0.0	3	0.9686640634217094	29.95472384325888	230.0	36	1.05	0.95				
	317	1	0.0	0.0	0.0	0.0	3	0.9859073118869357	33.4767204028995	230.0	37	1.05	0.95				
	318	2	114.03748813800001	23.28693451466667	0.0	0.0	3	0.9805866585264964	29.556720173451062	230.0	37	1.05	0.95				
	319	1	61.984340399333334	12.670832015333334	0.0	0.0	3	0.9781210941911446	28.12582859694996	230.0	35	1.05	0.95				
	320	1	43.834229674666666	8.903827902666666	0.0	0.0	3	0.9877528297310564	26.559314400970717	230.0	35	1.05	0.95				
	321	2	0.0	0.0	0.0	0.0	3	0.9895553147602898	30.310994887628357	230.0	37	1.05	0.95				
	322	2	0.0	0.0	0.0	0.0	3	1.0070165032112512	34.43723945798933	230.0	37	1.05	0.95				
	323	2	0.0	0.0	0.0	0.0	3	0.9931735621003772	25.88741158917289	230.0	35	1.05	0.95				
	324	1	0.0	0.0	0.0	0.0	3	0.9941232412331058	35.03799530479888	230.0	36	1.05	0.95				
	325	1	0.0	0.0	0.0	0.0	3	0.9951257626952487	25.200886309142575	230.0	35	1.05	0.95				
];
