%% MATPOWER Case Format : Version 2
function mpc = RTS_GMLC
mpc.version = '2';

%%-----  Power Flow Data  -----%%
%% system MVA base
mpc.baseMVA = 100.0;
%% bus data
%    bus_i    type    Pd    Qd    Gs    Bs    area    Vm    Va    baseKV    zone    Vmax    Vmin
mpc.bus = [
	101	2	35.87085601010527	7.307026224280702	0.0	0.0	1	1.0174568719064456	-0.5471158338656191	138.0	11	1.05	0.95				
	102	2	32.21734289796491	6.642751112982458	0.0	0.0	1	1.0152870253088815	-1.1157758651585081	138.0	12	1.05	0.95				
	103	1	59.78476001684211	12.289089559017546	0.0	0.0	1	1.0305604023007306	1.2057928705159748	138.0	11	1.05	0.95				
	104	1	24.57817911803509	4.982063334736842	0.0	0.0	1	1.0157482251851324	-2.4625143054899707	138.0	11	1.05	0.95				
	105	1	23.58176645108772	4.64992577908772	0.0	0.0	1	1.0296274966166088	-2.498864262164219	138.0	11	1.05	0.95				
	106	1	45.17070756828071	9.29985155817544	0.0	-100.0	1	1.0445755784391615	-4.074843234949964	138.0	12	1.05	0.95				
	107	2	41.51719445614035	8.30343889122807	0.0	0.0	1	1.001203815964259	-9.4665270048639	138.0	12	1.05	0.95				
	108	1	56.795522016	11.624814447719299	0.0	0.0	1	1.0073945712122283	-7.654431084160393	138.0	12	1.05	0.95				
	109	1	58.124072238596504	11.956952003368421	0.0	0.0	1	1.0247320989326727	-2.174481094629134	138.0	13	1.05	0.95				
	110	1	64.76682335157895	13.285502225964915	0.0	0.0	1	1.05	-3.3859666641098336	138.0	13	1.05	0.95				
	111	1	0.0	0.0	0.0	0.0	1	1.0029509388764777	0.04038130829729225	230.0	13	1.05	0.95				
	112	1	0.0	0.0	0.0	0.0	1	1.0072559861225518	-0.8293314562756571	230.0	13	1.05	0.95				
	113	3	88.01645224701755	17.935428005052636	0.0	0.0	1	0.9933239643815605	-3.590523384588118e-30	230.0	14	1.05	0.95				
	114	2	64.43468579592982	12.953364670315793	0.0	0.0	1	1.0030854573246635	3.033536489518721	230.0	16	1.05	0.95				
	115	2	105.28760514077193	21.25680356154386	0.0	0.0	1	1.0420153760049404	10.53333318997176	230.0	16	1.05	0.95				
	116	2	33.21375556491228	6.642751112982458	0.0	0.0	1	1.0352881520740347	9.09065185334348	230.0	16	1.05	0.95				
	117	1	0.0	0.0	0.0	0.0	1	1.0413030926575402	13.825141840757432	230.0	17	1.05	0.95				
	118	2	110.6018060311579	22.585353784140356	0.0	0.0	1	1.0488361481938506	14.364950282636839	230.0	17	1.05	0.95				
	119	1	60.11689757249123	12.289089559017546	0.0	0.0	1	1.0233670677433016	5.675359541715243	230.0	15	1.05	0.95				
	120	1	42.51360712308772	8.635576446877193	0.0	0.0	1	1.017426360294368	3.3142013766501504	230.0	15	1.05	0.95				
	121	2	0.0	0.0	0.0	0.0	1	1.05	15.665564455029884	230.0	17	1.05	0.95				
	122	2	0.0	0.0	0.0	0.0	1	1.05	28.884350225824107	230.0	17	1.05	0.95				
	123	2	0.0	0.0	0.0	0.0	1	1.0146592832895736	2.268140354139779	230.0	15	1.05	0.95				
	124	1	0.0	0.0	0.0	0.0	1	1.0260117903419712	7.044638491513762	230.0	16	1.05	0.95				
	201	2	34.305682354105265	6.9881945536140355	0.0	0.0	2	1.0152126906236	-14.380770332641202	138.0	21	1.05	0.95				
	202	2	30.811585077298243	6.352904139649122	0.0	0.0	2	1.014273800886795	-14.668338646241509	138.0	22	1.05	0.95				
	203	1	57.17613725684211	11.752872658350878	0.0	0.0	2	1.0164911770431362	-10.626704831360222	138.0	21	1.05	0.95				
	204	1	23.505745316701756	4.764678104736842	0.0	0.0	2	1.0139245321850485	-14.623195472691412	138.0	21	1.05	0.95				
	205	1	22.552809695754384	4.4470328977543865	0.0	0.0	2	1.028970283850536	-15.019110463227022	138.0	21	1.05	0.95				
	206	1	43.19974814961404	8.894065795508773	0.0	-100.0	2	1.0451129171897398	-15.813486174254168	138.0	22	1.05	0.95				
	207	2	39.70565087280702	7.941130174561403	0.0	0.0	2	0.9977300977210443	-19.495165205364593	138.0	22	1.05	0.95				
	208	1	54.317330393999995	11.117582244385964	0.0	0.0	2	1.0056905752813408	-18.131570715721644	138.0	22	1.05	0.95				
	209	1	55.58791122192982	11.43522745136842	0.0	0.0	2	1.0218064066454844	-13.258000398358412	138.0	23	1.05	0.95				
	210	1	61.94081536157895	12.705808279298244	0.0	0.0	2	1.05	-14.631734442174562	138.0	23	1.05	0.95				
	211	1	0.0	0.0	0.0	0.0	2	1.001160347673817	-10.95457732058433	230.0	23	1.05	0.95				
	212	1	0.0	0.0	0.0	0.0	2	1.0044140260894818	-10.934259548282006	230.0	23	1.05	0.95				
	213	2	84.17597985035087	17.152841177052633	0.0	0.0	2	0.9922794222207023	-10.42814137959585	230.0	24	1.05	0.95				
	214	2	61.62317015459649	12.38816307231579	0.0	0.0	2	1.0005438552885209	-8.274382887545142	230.0	26	1.05	0.95				
	215	2	100.6935306134386	20.329293246877192	0.0	0.0	2	1.0178494333028223	-1.8129604736320386	230.0	26	1.05	0.95				
	216	2	31.76452069824561	6.352904139649122	0.0	0.0	2	1.018182792525232	-2.586032111678142	230.0	26	1.05	0.95				
	217	1	0.0	0.0	0.0	0.0	2	1.0234450495083804	-0.5287552038646903	230.0	27	1.05	0.95				
	218	2	105.77585392515789	21.59987407480702	0.0	0.0	2	1.0233474613471285	-0.8301388702458422	230.0	27	1.05	0.95				
	219	1	57.49378246382456	11.752872658350878	0.0	0.0	2	1.0157008862940673	-4.028779097155061	230.0	25	1.05	0.95				
	220	1	40.658586493754385	8.25877538154386	0.0	0.0	2	1.0155488069213647	-4.648369720878583	230.0	25	1.05	0.95				
	221	2	0.0	0.0	0.0	0.0	2	1.025103379900565	-0.3582707185876545	230.0	27	1.05	0.95				
	222	2	0.0	0.0	0.0	0.0	2	1.0470073674839193	6.102515414363635	230.0	27	1.05	0.95				
	223	2	0.0	0.0	0.0	0.0	2	1.0154854120468733	-4.736969042168376	230.0	25	1.05	0.95				
	224	1	0.0	0.0	0.0	0.0	2	1.0064722441017144	-5.1431218052648315	230.0	26	1.05	0.95				
	301	2	44.48465674105264	9.06168933614035	0.0	0.0	3	1.0110537473379484	-2.9318076388287344	138.0	31	1.05	0.95				
	302	2	39.95381207298246	8.237899396491228	0.0	0.0	3	1.0108370804146498	-3.0914256511566927	138.0	32	1.05	0.95				
	303	1	74.14109456842107	15.240113883508771	0.0	0.0	3	1.0379961291080975	4.817386329383972	138.0	31	1.05	0.95				
	304	1	30.480227767017542	6.178424547368421	0.0	0.0	3	1.0138592628845133	-1.421784890500453	138.0	31	1.05	0.95				
	305	1	29.24454285754386	5.766529577543861	0.0	0.0	3	1.025479921086961	-3.169642818390536	138.0	31	1.05	0.95				
	306	1	56.01771589614035	11.533059155087722	0.0	-100.0	3	1.0416344794669408	-3.791680087567859	138.0	32	1.05	0.95				
	307	2	51.48687122807017	10.297374245614035	0.0	0.0	3	0.9851976022556188	-7.475446931344107	138.0	32	1.05	0.95				
	308	1	70.43403984	14.416323943859648	0.0	0.0	3	0.9962226339346066	-5.6744536797882565	138.0	32	1.05	0.95				
	309	1	72.08161971929825	14.82821891368421	0.0	0.0	3	1.0293149413690679	1.6181758567449096	138.0	33	1.05	0.95				
	310	1	80.31951911578948	16.475798792982456	0.0	0.0	3	1.05	-2.0796789928512665	138.0	33	1.05	0.95				
	311	1	0.0	0.0	0.0	0.0	3	1.0070763252599892	2.506115636055979	230.0	33	1.05	0.95				
	312	1	0.0	0.0	0.0	0.0	3	1.0125927288506857	3.0738326629441843	230.0	33	1.05	0.95				
	313	2	109.15216700350878	22.24232837052632	0.0	0.0	3	1.0092811322689434	5.402706680321429	230.0	34	1.05	0.95				
	314	2	79.90762414596492	16.063903823157897	0.0	0.0	3	0.9991170315358041	2.841915810590265	230.0	36	1.05	0.95				
	315	2	130.57070543438596	26.36127806877193	0.0	0.0	3	1.0300169652690072	5.624610923466406	230.0	36	1.05	0.95				
	316	2	41.18949698245614	8.237899396491228	0.0	0.0	3	1.027052081049172	5.754463139905893	230.0	36	1.05	0.95				
	317	1	0.0	0.0	0.0	0.0	3	1.0428614692592395	9.68811999675311	230.0	37	1.05	0.95				
	318	2	137.16102495157895	28.008857948070176	0.0	0.0	3	1.0407023403288385	7.177267427410859	230.0	37	1.05	0.95				
	319	1	74.55298953824561	15.240113883508771	0.0	0.0	3	1.0205627637336432	5.292686420449202	230.0	35	1.05	0.95				
	320	1	52.72255613754386	10.709269215438598	0.0	0.0	3	1.0176360331914749	5.703044429428176	230.0	35	1.05	0.95				
	321	2	0.0	0.0	0.0	0.0	3	1.0388410173757419	7.297289650299501	230.0	37	1.05	0.95				
	322	2	0.0	0.0	0.0	0.0	3	1.05	12.556420203470113	230.0	37	1.05	0.95				
	323	2	0.0	0.0	0.0	0.0	3	1.0166212472080827	6.2543356499489615	230.0	35	1.05	0.95				
	324	1	0.0	0.0	0.0	0.0	3	1.0285950786138731	5.317431203684773	230.0	36	1.05	0.95				
	325	1	0.0	0.0	0.0	0.0	3	1.0175613184795855	7.075289090238144	230.0	35	1.05	0.95				
];
