%% MATPOWER Case Format : Version 2
function mpc = RTS_GMLC
mpc.version = '2';

%%-----  Power Flow Data  -----%%
%% system MVA base
mpc.baseMVA = 100.0;
%% bus data
%    bus_i    type    Pd    Qd    Gs    Bs    area    Vm    Va    baseKV    zone    Vmax    Vmin
mpc.bus = [
	101	2	43.60613559157895	8.882731324210527	0.0	0.0	1	1.0366518216529665	2.8896375981313946	138.0	11	1.05	0.95				
	102	2	39.16476992947368	8.075210294736843	0.0	0.0	1	1.0356119465478506	2.6019653140322725	138.0	12	1.05	0.95				
	103	1	72.67689265263158	14.939139045263158	0.0	0.0	1	1.031598867057286	1.875030697193069	138.0	11	1.05	0.95				
	104	1	29.878278090526315	6.056407721052631	0.0	0.0	1	1.0228012360239893	-0.4326504175945736	138.0	11	1.05	0.95				
	105	1	28.666996546315787	5.652647206315789	0.0	0.0	1	1.0377606774269563	-0.26703533527778395	138.0	11	1.05	0.95				
	106	1	54.91143000421053	11.305294412631579	0.0	-100.0	1	1.0467242818387712	-2.4976987503951387	138.0	12	1.05	0.95				
	107	2	50.47006434210526	10.094012868421052	0.0	0.0	1	0.9998091590879538	-6.627901938323612	138.0	12	1.05	0.95				
	108	1	69.04304802	14.131618015789474	0.0	0.0	1	1.005196422675402	-5.8294032754758875	138.0	12	1.05	0.95				
	109	1	70.65809007894737	14.535378530526316	0.0	0.0	1	1.024321767617345	-1.2974744555736768	138.0	13	1.05	0.95				
	110	1	78.73330037368422	16.150420589473686	0.0	0.0	1	1.05	-2.2059341852130285	138.0	13	1.05	0.95				
	111	1	0.0	0.0	0.0	0.0	1	1.0034842735707838	0.37517809021149595	230.0	13	1.05	0.95				
	112	1	0.0	0.0	0.0	0.0	1	1.0063522951199069	-0.1470800419910118	230.0	13	1.05	0.95				
	113	3	106.99653640526314	21.803067795789474	0.0	0.0	1	0.991394451511233	-6.033730462077183e-29	230.0	14	1.05	0.95				
	114	2	78.32953985894736	15.746660074736843	0.0	0.0	1	1.004402154423597	2.947608212901336	230.0	16	1.05	0.95				
	115	2	127.99208317157895	25.840672943157895	0.0	0.0	1	1.0409464256828476	10.043071026181448	230.0	16	1.05	0.95				
	116	2	40.37605147368421	8.075210294736843	0.0	0.0	1	1.035000793988046	8.902432684097151	230.0	16	1.05	0.95				
	117	1	0.0	0.0	0.0	0.0	1	1.0410179802631734	13.35437410970327	230.0	17	1.05	0.95				
	118	2	134.45225140736844	27.455715002105265	0.0	0.0	1	1.0483471769136585	13.711577803297478	230.0	17	1.05	0.95				
	119	1	73.08065316736842	14.939139045263158	0.0	0.0	1	1.0228697514773388	6.212472706516807	230.0	15	1.05	0.95				
	120	1	51.68134588631579	10.497773383157895	0.0	0.0	1	1.0158419274786636	4.270989258296201	230.0	15	1.05	0.95				
	121	2	0.0	0.0	0.0	0.0	1	1.05	14.817947472619357	230.0	17	1.05	0.95				
	122	2	0.0	0.0	0.0	0.0	1	1.05	28.663254961784638	230.0	17	1.05	0.95				
	123	2	0.0	0.0	0.0	0.0	1	1.0126285424039674	3.512288913248678	230.0	15	1.05	0.95				
	124	1	0.0	0.0	0.0	0.0	1	1.0270340226720642	6.983733066860011	230.0	16	1.05	0.95				
	201	2	41.46261608842105	8.44608846245614	0.0	0.0	2	1.0133395405692396	-5.694853636742392	138.0	21	1.05	0.95				
	202	2	37.23957185719298	7.678262238596491	0.0	0.0	2	1.012562196478029	-5.904791368252043	138.0	22	1.05	0.95				
	203	1	69.10436014736841	14.204785141403505	0.0	0.0	2	1.0137868659317375	-4.209074276655361	138.0	21	1.05	0.95				
	204	1	28.40957028280701	5.758696678947368	0.0	0.0	2	1.0127706508520582	-5.356926148748037	138.0	21	1.05	0.95				
	205	1	27.257830947017542	5.374783567017544	0.0	0.0	2	1.0269788962009625	-5.568832520376986	138.0	21	1.05	0.95				
	206	1	52.21218322245614	10.749567134035088	0.0	-100.0	2	1.0428769306854921	-5.987174067174526	138.0	22	1.05	0.95				
	207	2	47.98913899122807	9.597827798245612	0.0	0.0	2	0.9968968203985072	-10.586954473824688	138.0	22	1.05	0.95				
	208	1	65.64914214	13.436958917543857	0.0	0.0	2	1.003122316327828	-8.880690928248502	138.0	22	1.05	0.95				
	209	1	67.18479458771928	13.820872029473682	0.0	0.0	2	1.0238475287453825	-3.318721936968744	138.0	23	1.05	0.95				
	210	1	74.86305682631578	15.356524477192982	0.0	0.0	2	1.05	-4.205424764642914	138.0	23	1.05	0.95				
	211	1	0.0	0.0	0.0	0.0	2	1.0018545841862871	-1.1708572255176817	230.0	23	1.05	0.95				
	212	1	0.0	0.0	0.0	0.0	2	1.0098874423854904	3.0993169325912158	230.0	23	1.05	0.95				
	213	2	101.73697466140351	20.731308044210525	0.0	0.0	2	0.9964407650525073	0.9694845779369311	230.0	24	1.05	0.95				
	214	2	74.47914371438596	14.972611365263159	0.0	0.0	2	0.9965747905992182	-0.2995196032684426	230.0	26	1.05	0.95				
	215	2	121.70045648175439	24.57043916350877	0.0	0.0	2	1.0154745464929757	2.9846040602659545	230.0	26	1.05	0.95				
	216	2	38.39131119298245	7.678262238596491	0.0	0.0	2	1.0157627095490231	3.2760908978998664	230.0	26	1.05	0.95				
	217	1	0.0	0.0	0.0	0.0	2	1.0212090865500825	4.05751267101843	230.0	27	1.05	0.95				
	218	2	127.84306627263157	26.10609161122807	0.0	0.0	2	1.0204799343325084	3.691121693108017	230.0	27	1.05	0.95				
	219	1	69.48827325929824	14.204785141403505	0.0	0.0	2	1.0159525947606662	3.6550047608195473	230.0	25	1.05	0.95				
	220	1	49.14087832701754	9.981740910175438	0.0	0.0	2	1.018613205357508	4.74861183674838	230.0	25	1.05	0.95				
	221	2	0.0	0.0	0.0	0.0	2	1.0223949955653695	4.261220019616256	230.0	27	1.05	0.95				
	222	2	0.0	0.0	0.0	0.0	2	1.044381048723982	10.742593941891434	230.0	27	1.05	0.95				
	223	2	0.0	0.0	0.0	0.0	2	1.020781695534536	5.647780455488952	230.0	25	1.05	0.95				
	224	1	0.0	0.0	0.0	0.0	2	1.0056787869896993	0.26917571872296153	230.0	26	1.05	0.95				
	301	2	58.2878835663158	11.873457763508773	0.0	0.0	3	1.0067130914267146	-15.41131484344527	138.0	31	1.05	0.95				
	302	2	52.35115468456141	10.794052512280704	0.0	0.0	3	1.006366593424555	-15.507001346093325	138.0	32	1.05	0.95				
	303	1	97.14647261052633	19.9689971477193	0.0	0.0	3	1.01996115640048	-9.92232910865897	138.0	31	1.05	0.95				
	304	1	39.9379942954386	8.095539384210527	0.0	0.0	3	1.0075261672887525	-13.540227549199042	138.0	31	1.05	0.95				
	305	1	38.31888641859649	7.555836758596493	0.0	0.0	3	1.0208236555917864	-14.310471145034702	138.0	31	1.05	0.95				
	306	1	73.39955708350878	15.111673517192987	0.0	-100.0	3	1.0366494162669602	-14.30551565204339	138.0	32	1.05	0.95				
	307	2	67.4628282017544	13.492565640350879	0.0	0.0	3	0.9933895713653912	-20.444356455728112	138.0	32	1.05	0.95				
	308	1	92.28914898000001	18.88959189649123	0.0	0.0	3	0.9952969484746658	-17.90878677927536	138.0	32	1.05	0.95				
	309	1	94.44795948245614	19.429294522105263	0.0	0.0	3	1.0270317052387354	-9.733749269153252	138.0	33	1.05	0.95				
	310	1	105.24201199473686	21.588105024561408	0.0	0.0	3	1.05	-11.478197563142922	138.0	33	1.05	0.95				
	311	1	0.0	0.0	0.0	0.0	3	1.0126694290873373	-5.416450493128741	230.0	33	1.05	0.95				
	312	1	0.0	0.0	0.0	0.0	3	1.0155445942244774	-3.9925854315249705	230.0	33	1.05	0.95				
	313	2	143.0211957877193	29.1439417831579	0.0	0.0	3	1.0207270066058638	-0.5117230594675083	230.0	34	1.05	0.95				
	314	2	104.70230936912282	21.04840239894737	0.0	0.0	3	1.0154239913618655	-4.4912284316423765	230.0	36	1.05	0.95				
	315	2	171.08573231964914	34.54096803929825	0.0	0.0	3	1.0355854470670294	-0.8845895974252396	230.0	36	1.05	0.95				
	316	2	53.970262561403516	10.794052512280704	0.0	0.0	3	1.0356121955668272	-0.0043867004338393875	230.0	36	1.05	0.95				
	317	1	0.0	0.0	0.0	0.0	3	1.0423610666923273	3.1480769221677365	230.0	37	1.05	0.95				
	318	2	179.7209743294737	36.69977854175439	0.0	0.0	3	1.0383943254322974	1.9161223900525277	230.0	37	1.05	0.95				
	319	1	97.68617523614036	19.9689971477193	0.0	0.0	3	1.0331025921689845	0.14244808783713803	230.0	35	1.05	0.95				
	320	1	69.0819360785965	14.032268265964914	0.0	0.0	3	1.034059410525145	0.8855775957341354	230.0	35	1.05	0.95				
	321	2	0.0	0.0	0.0	0.0	3	1.0395103098897696	1.560031430571068	230.0	37	1.05	0.95				
	322	2	0.0	0.0	0.0	0.0	3	1.05	6.503527856956009	230.0	37	1.05	0.95				
	323	2	0.0	0.0	0.0	0.0	3	1.0350569317753242	1.4041438002167934	230.0	35	1.05	0.95				
	324	1	0.0	0.0	0.0	0.0	3	1.0189297675020539	-3.9285511160827253	230.0	36	1.05	0.95				
	325	1	0.0	0.0	0.0	0.0	3	1.032660465497296	2.530409713711542	230.0	35	1.05	0.95				
];
