%% MATPOWER Case Format : Version 2
function mpc = RTS_GMLC
mpc.version = '2';

%%-----  Power Flow Data  -----%%
%% system MVA base
mpc.baseMVA = 100.0;
%% bus data
%    bus_i    type    Pd    Qd    Gs    Bs    area    Vm    Va    baseKV    zone    Vmax    Vmin
mpc.bus = [
	101	2	51.501731797894735	10.491093514385964	0.0	0.0	1	1.036230701998306	1.6648544768194145	138.0	11	1.05	0.95				
	102	2	46.25618504070175	9.537357740350878	0.0	0.0	1	1.0357805373361548	1.5129732552025061	138.0	12	1.05	0.95				
	103	1	85.83621966315789	17.644111819649122	0.0	0.0	1	1.028764396289195	0.08896484297210677	138.0	11	1.05	0.95				
	104	1	35.288223639298245	7.153018305263157	0.0	0.0	1	1.0217333049715047	-1.6968516460965262	138.0	11	1.05	0.95				
	105	1	33.85761997824561	6.676150418245615	0.0	0.0	1	1.0365819364550717	-1.5323467330622051	138.0	11	1.05	0.95				
	106	1	64.85403263438597	13.35230083649123	0.0	-100.0	1	1.0446587417348308	-3.808301171347896	138.0	12	1.05	0.95				
	107	2	59.60848587719298	11.921697175438597	0.0	0.0	1	1.0012164023418022	-8.37595536911482	138.0	12	1.05	0.95				
	108	1	81.54440867999999	16.690376045614034	0.0	0.0	1	1.0037258358634908	-7.527424036137786	138.0	12	1.05	0.95				
	109	1	83.45188022807018	17.167243932631578	0.0	0.0	1	1.0249609393316514	-2.4016841855925155	138.0	13	1.05	0.95				
	110	1	92.98923796842105	19.074715480701755	0.0	0.0	1	1.05	-3.2816525403949086	138.0	13	1.05	0.95				
	111	1	0.0	0.0	0.0	0.0	1	1.0058429673409435	-0.395924760887152	230.0	13	1.05	0.95				
	112	1	0.0	0.0	0.0	0.0	1	1.009586556334122	-0.022338436198956698	230.0	13	1.05	0.95				
	113	3	126.36999005964911	25.750865898947367	0.0	0.0	1	0.9986599010938101	-1.4661087331696996e-29	230.0	14	1.05	0.95				
	114	2	92.5123700814035	18.59784759368421	0.0	0.0	1	1.0050840339325913	1.8158546499382362	230.0	16	1.05	0.95				
	115	2	151.1671201845614	30.51954476912281	0.0	0.0	1	1.0407261738818157	8.141457411702369	230.0	16	1.05	0.95				
	116	2	47.68678870175439	9.537357740350878	0.0	0.0	1	1.0367708553027728	7.719085540697562	230.0	16	1.05	0.95				
	117	1	0.0	0.0	0.0	0.0	1	1.0430866286194722	9.978395596290522	230.0	17	1.05	0.95				
	118	2	158.79700637684212	32.42701631719299	0.0	0.0	1	1.0461681600567914	9.901459126697333	230.0	17	1.05	0.95				
	119	1	86.31308755017544	17.644111819649122	0.0	0.0	1	1.029476261798434	6.471159820454449	230.0	15	1.05	0.95				
	120	1	61.03908953824562	12.398565062456141	0.0	0.0	1	1.0267711082246078	6.301695981495763	230.0	15	1.05	0.95				
	121	2	0.0	0.0	0.0	0.0	1	1.05	10.921206063428864	230.0	17	1.05	0.95				
	122	2	0.0	0.0	0.0	0.0	1	1.05	19.70683145569091	230.0	17	1.05	0.95				
	123	2	0.0	0.0	0.0	0.0	1	1.02603962686931	6.575119198805483	230.0	15	1.05	0.95				
	124	1	0.0	0.0	0.0	0.0	1	1.0259578890022993	5.134288069948281	230.0	16	1.05	0.95				
	201	2	47.75255784	9.727372893333333	0.0	0.0	2	1.029471999156175	-4.876620938365384	138.0	21	1.05	0.95				
	202	2	42.888871393333325	8.843066266666666	0.0	0.0	2	1.030015574562263	-4.7754115487313	138.0	22	1.05	0.95				
	203	1	79.5875964	16.359672593333332	0.0	0.0	2	1.0191764098133074	-5.465203793770165	138.0	21	1.05	0.95				
	204	1	32.719345186666665	6.632299699999999	0.0	0.0	2	1.0193649034094796	-6.930853618265259	138.0	21	1.05	0.95				
	205	1	31.392885246666662	6.190146386666666	0.0	0.0	2	1.0342297228291748	-7.00582727033955	138.0	21	1.05	0.95				
	206	1	60.13285061333333	12.380292773333332	0.0	-100.0	2	1.0448467391675809	-8.60866200698186	138.0	22	1.05	0.95				
	207	2	55.26916416666666	11.053832833333333	0.0	0.0	2	0.9899577469000843	-15.262181586093835	138.0	22	1.05	0.95				
	208	1	75.60821657999999	15.475365966666665	0.0	0.0	2	0.9966297563717758	-13.260640374231267	138.0	22	1.05	0.95				
	209	1	77.37682983333333	15.917519279999997	0.0	0.0	2	1.0233938832107734	-6.888614694459984	138.0	23	1.05	0.95				
	210	1	86.2198961	17.686132533333332	0.0	0.0	2	1.05	-7.75571894506981	138.0	23	1.05	0.95				
	211	1	0.0	0.0	0.0	0.0	2	1.0052128635875812	-4.145445672928483	230.0	23	1.05	0.95				
	212	1	0.0	0.0	0.0	0.0	2	1.0088913776782418	-3.462665331655564	230.0	23	1.05	0.95				
	213	2	117.17062803333332	23.87627892	0.0	0.0	2	0.9992083226597614	-3.1020366850050087	230.0	24	1.05	0.95				
	214	2	85.77774278666665	17.24397922	0.0	0.0	2	1.005720817495601	-1.7658914413827664	230.0	26	1.05	0.95				
	215	2	140.16260032666665	28.29781205333333	0.0	0.0	2	1.0284487619372613	4.1068449787525685	230.0	26	1.05	0.95				
	216	2	44.21533133333333	8.843066266666666	0.0	0.0	2	1.0292269135575105	4.236219138337912	230.0	26	1.05	0.95				
	217	1	0.0	0.0	0.0	0.0	2	1.0349454442765844	6.611037782773887	230.0	27	1.05	0.95				
	218	2	147.23705334	30.066425306666666	0.0	0.0	2	1.0362820818070015	7.01891454927784	230.0	27	1.05	0.95				
	219	1	80.02974971333333	16.359672593333332	0.0	0.0	2	1.0288165860199592	3.7578295365525594	230.0	25	1.05	0.95				
	220	1	56.59562410666666	11.495986146666667	0.0	0.0	2	1.0314749450934189	4.200409976608447	230.0	25	1.05	0.95				
	221	2	0.0	0.0	0.0	0.0	2	1.036406066558948	6.810337609527769	230.0	27	1.05	0.95				
	222	2	0.0	0.0	0.0	0.0	2	1.05	13.230561624314324	230.0	27	1.05	0.95				
	223	2	0.0	0.0	0.0	0.0	2	1.0336428418421166	4.778474413636833	230.0	25	1.05	0.95				
	224	1	0.0	0.0	0.0	0.0	2	1.0131338324816712	0.5186927481974921	230.0	26	1.05	0.95				
	301	2	52.78709269894737	10.752926290526316	0.0	0.0	3	1.0084371978028779	-20.682492392453298	138.0	31	1.05	0.95				
	302	2	47.41062955368421	9.775387536842107	0.0	0.0	3	1.007860092614504	-20.817017337261998	138.0	32	1.05	0.95				
	303	1	87.97848783157895	18.084466943157896	0.0	0.0	3	1.0263892643810775	-13.961492348666717	138.0	31	1.05	0.95				
	304	1	36.16893388631579	7.3315406526315785	0.0	0.0	3	1.009696041966034	-19.112076570723627	138.0	31	1.05	0.95				
	305	1	34.70262575578948	6.842771275789475	0.0	0.0	3	1.02277976049215	-20.13857408711374	138.0	31	1.05	0.95				
	306	1	66.47263525052632	13.68554255157895	0.0	-100.0	3	1.038641561145055	-20.398556351089123	138.0	32	1.05	0.95				
	307	2	61.09617210526316	12.219234421052631	0.0	0.0	3	0.9932175162155435	-25.745587640222453	138.0	32	1.05	0.95				
	308	1	83.57956343999999	17.106928189473685	0.0	0.0	3	0.9973080051690488	-23.490978233346603	138.0	32	1.05	0.95				
	309	1	85.53464094736842	17.59569756631579	0.0	0.0	3	1.0273221528954326	-15.725090110203807	138.0	33	1.05	0.95				
	310	1	95.31002848421052	19.550775073684214	0.0	0.0	3	1.05	-18.02339843739272	138.0	33	1.05	0.95				
	311	1	0.0	0.0	0.0	0.0	3	1.0125417747391596	-11.581820422488464	230.0	33	1.05	0.95				
	312	1	0.0	0.0	0.0	0.0	3	1.0134485781269984	-11.211446787157257	230.0	33	1.05	0.95				
	313	2	129.5238848631579	26.393546349473684	0.0	0.0	3	1.0147437194115965	-8.193624596219175	230.0	34	1.05	0.95				
	314	2	94.82125910736842	19.062005696842103	0.0	0.0	3	1.0194760359045933	-9.209495523694358	230.0	36	1.05	0.95				
	315	2	154.93989245894738	31.281240117894736	0.0	0.0	3	1.0417591927366894	-3.808915742283076	230.0	36	1.05	0.95				
	316	2	48.876937684210525	9.775387536842107	0.0	0.0	3	1.0422006847008767	-2.9497544042933392	230.0	36	1.05	0.95				
	317	1	0.0	0.0	0.0	0.0	3	1.0476981206574678	0.17659689648298796	230.0	37	1.05	0.95				
	318	2	162.76020248842104	33.23631762526316	0.0	0.0	3	1.044433720027956	-0.7735611103575922	230.0	37	1.05	0.95				
	319	1	88.46725720842106	18.084466943157896	0.0	0.0	3	1.0367911216339802	-4.259141114025536	230.0	35	1.05	0.95				
	320	1	62.56248023578947	12.708003797894737	0.0	0.0	3	1.0358372299785554	-4.469906419495449	230.0	35	1.05	0.95				
	321	2	0.0	0.0	0.0	0.0	3	1.0448913877235204	-1.2221394883253935	230.0	37	1.05	0.95				
	322	2	0.0	0.0	0.0	0.0	3	1.05	3.6635281096309913	230.0	37	1.05	0.95				
	323	2	0.0	0.0	0.0	0.0	3	1.0360879421983435	-4.217435816796418	230.0	35	1.05	0.95				
	324	1	0.0	0.0	0.0	0.0	3	1.0233173231401844	-7.593016829316852	230.0	36	1.05	0.95				
	325	1	0.0	0.0	0.0	0.0	3	1.0327127996840928	-2.9532580184895703	230.0	35	1.05	0.95				
];
