%% MATPOWER Case Format : Version 2
function mpc = RTS_GMLC
mpc.version = '2';

%%-----  Power Flow Data  -----%%
%% system MVA base
mpc.baseMVA = 100.0;
%% bus data
%    bus_i    type    Pd    Qd    Gs    Bs    area    Vm    Va    baseKV    zone    Vmax    Vmin
mpc.bus = [
	101	2	38.32904501052632	7.807768428070176	0.0	0.0	1	1.015993304464976	2.386898172286134	138.0	11	1.05	0.95				
	102	2	34.42516079649123	7.097971298245614	0.0	0.0	1	1.0138610096746268	1.8012698296778582	138.0	12	1.05	0.95				
	103	1	63.88174168421054	13.131246901754388	0.0	0.0	1	1.0296123391905347	3.6569690712628	138.0	11	1.05	0.95				
	104	1	26.262493803508775	5.323478473684211	0.0	0.0	1	1.014514831681607	-0.31757165033844215	138.0	11	1.05	0.95				
	105	1	25.19779810877193	4.968579908771931	0.0	0.0	1	1.0281976086810871	-0.2801567710289115	138.0	11	1.05	0.95				
	106	1	48.26620482807018	9.937159817543861	0.0	-100.0	1	1.043218812151615	-2.259641582973724	138.0	12	1.05	0.95				
	107	2	44.36232061403509	8.872464122807019	0.0	0.0	1	0.9847842927924776	-7.31649380274237	138.0	12	1.05	0.95				
	108	1	60.68765460000001	12.421449771929824	0.0	0.0	1	0.9974678010019445	-5.814105812853643	138.0	12	1.05	0.95				
	109	1	62.107248859649125	12.776348336842105	0.0	0.0	1	1.0248093875704023	-0.5601989345748563	138.0	13	1.05	0.95				
	110	1	69.20522015789474	14.195942596491228	0.0	0.0	1	1.05	-1.8080914272630255	138.0	13	1.05	0.95				
	111	1	0.0	0.0	0.0	0.0	1	1.013198669913529	1.3104981423419495	230.0	13	1.05	0.95				
	112	1	0.0	0.0	0.0	0.0	1	1.0093941422089312	0.253561554288029	230.0	13	1.05	0.95				
	113	3	94.04811970175439	19.16452250526316	0.0	0.0	1	0.9863659293407059	1.7599471441472448e-30	230.0	14	1.05	0.95				
	114	2	68.85032159298245	13.841044031578948	0.0	0.0	1	1.0385288465757228	4.891498042337655	230.0	16	1.05	0.95				
	115	2	112.50284507719299	22.713508154385966	0.0	0.0	1	1.0434623786976072	13.898405916435681	230.0	16	1.05	0.95				
	116	2	35.489856491228075	7.097971298245614	0.0	0.0	1	1.0422790948936373	12.2014954426455	230.0	16	1.05	0.95				
	117	1	0.0	0.0	0.0	0.0	1	1.0415802947677975	17.894535108046387	230.0	17	1.05	0.95				
	118	2	118.18122211578948	24.13310241403509	0.0	0.0	1	1.05	18.363112192731048	230.0	17	1.05	0.95				
	119	1	64.23664024912281	13.131246901754388	0.0	0.0	1	1.036447743209727	8.2336877424816	230.0	15	1.05	0.95				
	120	1	45.42701630877193	9.2273626877193	0.0	0.0	1	1.0369635963406858	5.451757501836963	230.0	15	1.05	0.95				
	121	2	0.0	0.0	0.0	0.0	1	1.0430476544876073	19.71624541495264	230.0	17	1.05	0.95				
	122	2	0.0	0.0	0.0	0.0	1	1.05	37.67924751353795	230.0	17	1.05	0.95				
	123	2	0.0	0.0	0.0	0.0	1	1.038026484182397	4.19148871500069	230.0	15	1.05	0.95				
	124	1	0.0	0.0	0.0	0.0	1	1.0254597166024517	10.075112364756096	230.0	16	1.05	0.95				
	201	2	40.187627886315795	8.186368643508773	0.0	0.0	2	1.0132386797544835	-11.231044196409005	138.0	21	1.05	0.95				
	202	2	36.09444356456141	7.442153312280703	0.0	0.0	2	1.0124440458558177	-11.50416082010478	138.0	22	1.05	0.95				
	203	1	66.97937981052632	13.7679836277193	0.0	0.0	2	1.0117605504610205	-7.717554983281346	138.0	21	1.05	0.95				
	204	1	27.5359672554386	5.581614984210527	0.0	0.0	2	1.012107857544493	-11.18080952168273	138.0	21	1.05	0.95				
	205	1	26.41964425859649	5.209507318596493	0.0	0.0	2	1.0271802061979662	-11.567196759985151	138.0	21	1.05	0.95				
	206	1	50.60664252350878	10.419014637192985	0.0	-100.0	2	1.0431650798902512	-12.237994781335763	138.0	22	1.05	0.95				
	207	2	46.513458201754396	9.302691640350877	0.0	0.0	2	0.9964092517008866	-16.645277297478057	138.0	22	1.05	0.95				
	208	1	63.63041082000001	13.023768296491228	0.0	0.0	2	1.0029214610815755	-14.997729706954438	138.0	22	1.05	0.95				
	209	1	65.11884148245615	13.395875962105263	0.0	0.0	2	1.022174401074422	-9.368229182998055	138.0	23	1.05	0.95				
	210	1	72.56099479473684	14.884306624561406	0.0	0.0	2	1.05	-10.703351826226275	138.0	23	1.05	0.95				
	211	1	0.0	0.0	0.0	0.0	2	1.0048546182714604	-6.530708882391748	230.0	23	1.05	0.95				
	212	1	0.0	0.0	0.0	0.0	2	1.006310375527092	-5.639063711797556	230.0	23	1.05	0.95				
	213	2	98.60853138771931	20.093813943157897	0.0	0.0	2	0.9995431843351551	-5.018811767692117	230.0	24	1.05	0.95				
	214	2	72.18888712912282	14.51219895894737	0.0	0.0	2	1.006079889385424	-4.228664148535436	230.0	26	1.05	0.95				
	215	2	117.95812999964915	23.81489059929825	0.0	0.0	2	1.020618779088124	1.2235567759438402	230.0	26	1.05	0.95				
	216	2	37.21076656140351	7.442153312280703	0.0	0.0	2	1.0231759764950867	1.2808867780426487	230.0	26	1.05	0.95				
	217	1	0.0	0.0	0.0	0.0	2	1.030870079988372	2.6421897826484844	230.0	27	1.05	0.95				
	218	2	123.9118526494737	25.30332126175439	0.0	0.0	2	1.0291188506454412	2.2127844292641505	230.0	27	1.05	0.95				
	219	1	67.35148747614036	13.7679836277193	0.0	0.0	2	1.02290760896447	1.5790800883650529	230.0	25	1.05	0.95				
	220	1	47.6297811985965	9.674799305964914	0.0	0.0	2	1.0249538793936797	2.5704256883943777	230.0	25	1.05	0.95				
	221	2	0.0	0.0	0.0	0.0	2	1.0296117128768074	2.683421580313042	230.0	27	1.05	0.95				
	222	2	0.0	0.0	0.0	0.0	2	1.05	9.159820864099297	230.0	27	1.05	0.95				
	223	2	0.0	0.0	0.0	0.0	2	1.0266632606504584	3.402117832804012	230.0	25	1.05	0.95				
	224	1	0.0	0.0	0.0	0.0	2	1.0062605042517672	-2.1281895846259156	230.0	26	1.05	0.95				
	301	2	53.76083517473684	10.951281239298245	0.0	0.0	3	1.0103526125227	-11.07841370742826	138.0	31	1.05	0.95				
	302	2	48.28519455508772	9.95571021754386	0.0	0.0	3	1.0097685769646256	-11.204285570135989	138.0	32	1.05	0.95				
	303	1	89.60139195789473	18.41806390245614	0.0	0.0	3	1.023319957506045	-4.500119786924013	138.0	31	1.05	0.95				
	304	1	36.83612780491228	7.466782663157895	0.0	0.0	3	1.0100025566535797	-9.419077226831218	138.0	31	1.05	0.95				
	305	1	35.3427712722807	6.968997152280703	0.0	0.0	3	1.0235803287160585	-10.43288448577933	138.0	31	1.05	0.95				
	306	1	67.69882947929825	13.937994304561405	0.0	-100.0	3	1.038830959434346	-10.642910573508448	138.0	32	1.05	0.95				
	307	2	62.22318885964913	12.444637771929825	0.0	0.0	3	0.9949817669209647	-16.131830261695356	138.0	32	1.05	0.95				
	308	1	85.12132236	17.422492880701753	0.0	0.0	3	0.9978120376698217	-13.82041285335642	138.0	32	1.05	0.95				
	309	1	87.11246440350877	17.920278391578947	0.0	0.0	3	1.026775844156511	-5.92717724103423	138.0	33	1.05	0.95				
	310	1	97.06817462105263	19.91142043508772	0.0	0.0	3	1.05	-8.187859158367207	138.0	33	1.05	0.95				
	311	1	0.0	0.0	0.0	0.0	3	1.0133070293421589	-1.4701984277116222	230.0	33	1.05	0.95				
	312	1	0.0	0.0	0.0	0.0	3	1.0116348693703916	-1.2626169029594796	230.0	33	1.05	0.95				
	313	2	131.91316038245614	26.88041758736842	0.0	0.0	3	1.0142759233833338	1.8276537877849701	230.0	34	1.05	0.95				
	314	2	96.57038911017544	19.413634924210527	0.0	0.0	3	1.023526204137575	1.2553623712163795	230.0	36	1.05	0.95				
	315	2	157.79800694807017	31.85827269614035	0.0	0.0	3	1.0428361441349658	7.289973171731449	230.0	36	1.05	0.95				
	316	2	49.7785510877193	9.95571021754386	0.0	0.0	3	1.0424842213774783	8.097667838380842	230.0	36	1.05	0.95				
	317	1	0.0	0.0	0.0	0.0	3	1.05	13.579249635683992	230.0	37	1.05	0.95				
	318	2	165.76257512210526	33.84941473964913	0.0	0.0	3	1.0430531900770148	10.820006889251442	230.0	37	1.05	0.95				
	319	1	90.09917746877193	18.41806390245614	0.0	0.0	3	1.0339499367926699	6.399504159415539	230.0	35	1.05	0.95				
	320	1	63.7165453922807	12.942423282807017	0.0	0.0	3	1.0306385008115917	5.864598594063674	230.0	35	1.05	0.95				
	321	2	0.0	0.0	0.0	0.0	3	1.0448418832914825	10.2875089493867	230.0	37	1.05	0.95				
	322	2	0.0	0.0	0.0	0.0	3	1.05	15.921736100540036	230.0	37	1.05	0.95				
	323	2	0.0	0.0	0.0	0.0	3	1.029627398581317	5.948916879369884	230.0	35	1.05	0.95				
	324	1	0.0	0.0	0.0	0.0	3	1.0207514513943825	2.9094698223089233	230.0	36	1.05	0.95				
	325	1	0.0	0.0	0.0	0.0	3	1.0269518922124616	7.101676027036207	230.0	35	1.05	0.95				
];
