%% MATPOWER Case Format : Version 2
function mpc = RTS_GMLC
mpc.version = '2';

%%-----  Power Flow Data  -----%%
%% system MVA base
mpc.baseMVA = 100.0;
%% bus data
%    bus_i    type    Pd    Qd    Gs    Bs    area    Vm    Va    baseKV    zone    Vmax    Vmin
mpc.bus = [
	101	2	86.99851557473683	17.721919839298245	0.0	0.0	1	1.032679553274698	-5.178252045013915	138.0	11	1.05	0.95				
	102	2	78.13755565508771	16.11083621754386	0.0	0.0	1	1.0326856593714857	-5.234788939700924	138.0	12	1.05	0.95				
	103	1	144.99752595789474	29.805047002456135	0.0	0.0	1	1.0175110211406997	-5.305125062417128	138.0	11	1.05	0.95				
	104	1	59.61009400491227	12.083127163157894	0.0	0.0	1	1.0152763352053382	-7.727343551361528	138.0	11	1.05	0.95				
	105	1	57.19346857228069	11.2775853522807	0.0	0.0	1	1.0307342264634325	-7.819449374316979	138.0	11	1.05	0.95				
	106	1	109.55368627929825	22.5551707045614	0.0	-100.0	1	1.0347370595526442	-10.029526552171264	138.0	12	1.05	0.95				
	107	2	100.69272635964911	20.13854527192982	0.0	0.0	1	1.05	-5.966491396089368	138.0	12	1.05	0.95				
	108	1	137.74764965999998	28.193963380701746	0.0	0.0	1	1.0239560849881848	-8.979110596237454	138.0	12	1.05	0.95				
	109	1	140.96981690350876	28.999505191578944	0.0	0.0	1	1.0270191691430965	-6.504382572353734	138.0	13	1.05	0.95				
	110	1	157.08065312105262	32.22167243508772	0.0	0.0	1	1.05	-7.951768282922265	138.0	13	1.05	0.95				
	111	1	0.0	0.0	0.0	0.0	1	1.0166023078030533	-2.918960132196566	230.0	13	1.05	0.95				
	112	1	0.0	0.0	0.0	0.0	1	1.0179485248004105	-1.816380388537461	230.0	13	1.05	0.95				
	113	3	213.46857988245614	43.499257787368414	0.0	0.0	1	1.0220717042511833	-9.936859811729053e-29	230.0	14	1.05	0.95				
	114	2	156.27511131017542	31.416130624210524	0.0	0.0	1	1.0207865386050465	-1.160961157566817	230.0	16	1.05	0.95				
	115	2	255.35675404807012	51.554675896140346	0.0	0.0	1	1.0447338861742002	6.459954774341065	230.0	16	1.05	0.95				
	116	2	80.55418108771929	16.11083621754386	0.0	0.0	1	1.0447202105483175	6.206075969576438	230.0	16	1.05	0.95				
	117	1	0.0	0.0	0.0	0.0	1	1.0476559161732393	9.17268678301069	230.0	17	1.05	0.95				
	118	2	268.24542302210523	54.776843139649124	0.0	0.0	1	1.049329257717756	9.776284696704312	230.0	17	1.05	0.95				
	119	1	145.8030677687719	29.805047002456135	0.0	0.0	1	1.0391804448332695	5.218962302021311	230.0	15	1.05	0.95				
	120	1	103.10935179228069	20.944087082807016	0.0	0.0	1	1.0416632910984145	5.876765998400415	230.0	15	1.05	0.95				
	121	2	0.0	0.0	0.0	0.0	1	1.05	10.591112722244922	230.0	17	1.05	0.95				
	122	2	0.0	0.0	0.0	0.0	1	1.05	16.7151630334067	230.0	17	1.05	0.95				
	123	2	0.0	0.0	0.0	0.0	1	1.0455041297392944	6.827271692678524	230.0	15	1.05	0.95				
	124	1	0.0	0.0	0.0	0.0	1	1.0197842339286574	2.120835625965681	230.0	16	1.05	0.95				
	201	2	86.18920196210527	17.55705965894737	0.0	0.0	2	1.0440655751946326	-10.924762865547525	138.0	21	1.05	0.95				
	202	2	77.41067213263157	15.960963326315792	0.0	0.0	2	1.0453568221776883	-10.960932536187407	138.0	22	1.05	0.95				
	203	1	143.6486699368421	29.527782153684207	0.0	0.0	2	1.027712416222212	-8.613370101290123	138.0	21	1.05	0.95				
	204	1	59.055564307368414	11.97072249473684	0.0	0.0	2	1.0208792300589276	-13.051279482520945	138.0	21	1.05	0.95				
	205	1	56.661419808421044	11.172674328421053	0.0	0.0	2	1.0367566707437397	-13.409300772171088	138.0	21	1.05	0.95				
	206	1	108.53455061894736	22.345348656842106	0.0	-100.0	2	1.0381722409587086	-15.530761752242105	138.0	22	1.05	0.95				
	207	2	99.75602078947368	19.951204157894736	0.0	0.0	2	0.95	-27.546302094531534	138.0	22	1.05	0.95				
	208	1	136.46623644	27.931685821052625	0.0	0.0	2	0.9564272838771222	-23.634903113691227	138.0	22	1.05	0.95				
	209	1	139.65842910526317	28.729733987368416	0.0	0.0	2	1.0262798498174672	-11.564767322197072	138.0	23	1.05	0.95				
	210	1	155.61939243157894	31.921926652631583	0.0	0.0	2	1.05	-13.447207576233106	138.0	23	1.05	0.95				
	211	1	0.0	0.0	0.0	0.0	2	1.0322190265359719	-6.303790144430554	230.0	23	1.05	0.95				
	212	1	0.0	0.0	0.0	0.0	2	1.0238633327972262	-4.970443541832325	230.0	23	1.05	0.95				
	213	2	211.4827640736842	43.094600981052636	0.0	0.0	2	1.0496278048653414	-2.12235444298748	230.0	24	1.05	0.95				
	214	2	154.82134426526315	31.123878486315792	0.0	0.0	2	1.05	-4.035185304719748	230.0	26	1.05	0.95				
	215	2	252.98126872210526	51.075082644210525	0.0	0.0	2	1.0460560488746404	4.166557514175695	230.0	26	1.05	0.95				
	216	2	79.80481663157894	15.960963326315792	0.0	0.0	2	1.05	4.101133810729082	230.0	26	1.05	0.95				
	217	1	0.0	0.0	0.0	0.0	2	1.049940871813554	7.115440945421835	230.0	27	1.05	0.95				
	218	2	265.7500393831579	54.26727530947368	0.0	0.0	2	1.05	7.854786104423047	230.0	27	1.05	0.95				
	219	1	144.4467181031579	29.527782153684207	0.0	0.0	2	1.0441604307450687	3.717377830349563	230.0	25	1.05	0.95				
	220	1	102.15016528842105	20.749252324210527	0.0	0.0	2	1.0462213725590648	4.873155175404662	230.0	25	1.05	0.95				
	221	2	0.0	0.0	0.0	0.0	2	1.05	8.348962962365528	230.0	27	1.05	0.95				
	222	2	0.0	0.0	0.0	0.0	2	1.05	14.376939814091832	230.0	27	1.05	0.95				
	223	2	0.0	0.0	0.0	0.0	2	1.05	6.086338707116236	230.0	25	1.05	0.95				
	224	1	0.0	0.0	0.0	0.0	2	1.0230055843877581	-0.5889132579927101	230.0	26	1.05	0.95				
	301	2	61.55077505684211	12.538120844912282	0.0	0.0	3	1.0106268412626154	-14.837180543044614	138.0	31	1.05	0.95				
	302	2	55.281714634385956	11.398291677192983	0.0	0.0	3	1.0096180909144599	-15.089643025790473	138.0	32	1.05	0.95				
	303	1	102.58462509473685	21.086839602807018	0.0	0.0	3	1.0214108587675654	-9.904209458420251	138.0	31	1.05	0.95				
	304	1	42.173679205614036	8.548718757894736	0.0	0.0	3	1.0089071806765053	-13.776456465991005	138.0	31	1.05	0.95				
	305	1	40.46393545403508	7.978804174035088	0.0	0.0	3	1.0227324365796242	-14.393801052604466	138.0	31	1.05	0.95				
	306	1	77.50838340491228	15.957608348070176	0.0	-100.0	3	1.0366682230315543	-14.797280685702969	138.0	32	1.05	0.95				
	307	2	71.23932298245614	14.247864596491228	0.0	0.0	3	1.0064949363794817	-16.011381099204506	138.0	32	1.05	0.95				
	308	1	97.45539384	19.947010435087716	0.0	0.0	3	1.0047650954252891	-15.79186728730127	138.0	32	1.05	0.95				
	309	1	99.73505217543858	20.516925018947365	0.0	0.0	3	1.0271954155732965	-10.373257728627213	138.0	33	1.05	0.95				
	310	1	111.13334385263158	22.796583354385966	0.0	0.0	3	1.05	-12.120639598544887	138.0	33	1.05	0.95				
	311	1	0.0	0.0	0.0	0.0	3	1.0142020235281306	-5.911285091901228	230.0	33	1.05	0.95				
	312	1	0.0	0.0	0.0	0.0	3	1.0153461490426865	-4.697139577500666	230.0	33	1.05	0.95				
	313	2	151.027364722807	30.775387528421057	0.0	0.0	3	1.0217378417926597	-1.360125822183404	230.0	34	1.05	0.95				
	314	2	110.56342926877191	22.226668770526317	0.0	0.0	3	1.0190220653959494	-4.54784401711815	230.0	36	1.05	0.95				
	315	2	180.66292308350876	36.47453336701754	0.0	0.0	3	1.044286871852465	1.0667104065493913	230.0	36	1.05	0.95				
	316	2	56.99145838596491	11.398291677192983	0.0	0.0	3	1.0412955719326378	0.824216879495171	230.0	36	1.05	0.95				
	317	1	0.0	0.0	0.0	0.0	3	1.045711602632979	2.969226964666077	230.0	37	1.05	0.95				
	318	2	189.78155642526315	38.75419170245614	0.0	0.0	3	1.04702684802544	3.235895864623607	230.0	37	1.05	0.95				
	319	1	103.15453967859649	21.086839602807018	0.0	0.0	3	1.0383546821086966	1.08030041438747	230.0	35	1.05	0.95				
	320	1	72.94906673403509	14.817779180350875	0.0	0.0	3	1.040368627284419	2.3840232269212307	230.0	35	1.05	0.95				
	321	2	0.0	0.0	0.0	0.0	3	1.0499943413389046	4.419287440493104	230.0	37	1.05	0.95				
	322	2	0.0	0.0	0.0	0.0	3	1.05	9.624704417826331	230.0	37	1.05	0.95				
	323	2	0.0	0.0	0.0	0.0	3	1.043118859202869	3.5210148020806034	230.0	35	1.05	0.95				
	324	1	0.0	0.0	0.0	0.0	3	1.0219938742156898	-2.994429205467553	230.0	36	1.05	0.95				
	325	1	0.0	0.0	0.0	0.0	3	1.042728812084221	4.115766414600745	230.0	35	1.05	0.95				
];
