%% MATPOWER Case Format : Version 2
function mpc = RTS_GMLC
mpc.version = '2';

%%-----  Power Flow Data  -----%%
%% system MVA base
mpc.baseMVA = 100.0;
%% bus data
%    bus_i    type    Pd    Qd    Gs    Bs    area    Vm    Va    baseKV    zone    Vmax    Vmin
mpc.bus = [
	101	2	35.20286986736843	7.1709549729824555	0.0	0.0	1	1.0342171966769627	4.110573857537469	138.0	11	1.05	0.95				
	102	2	31.61739238087719	6.519049975438597	0.0	0.0	1	1.0333541984155854	3.866715992913941	138.0	12	1.05	0.95				
	103	1	58.67144977894737	12.060242454561404	0.0	0.0	1	1.029263800053756	1.7933358463653302	138.0	11	1.05	0.95				
	104	1	24.12048490912281	4.889287481578948	0.0	0.0	1	1.022936886267787	0.6492125312662067	138.0	11	1.05	0.95				
	105	1	23.14262741280702	4.563334982807018	0.0	0.0	1	1.0375023553558722	0.955055078337774	138.0	11	1.05	0.95				
	106	1	44.32953983298246	9.126669965614036	0.0	-100.0	1	1.0482851592013496	-1.2020797084876613	138.0	12	1.05	0.95				
	107	2	40.744062346491226	8.148812469298246	0.0	0.0	1	1.001364687186168	-6.708400068892354	138.0	12	1.05	0.95				
	108	1	55.73787729000001	11.408337457017543	0.0	0.0	1	1.0079735557634135	-5.272241646369834	138.0	12	1.05	0.95				
	109	1	57.04168728508772	11.734289955789473	0.0	0.0	1	1.0240574921206553	-0.660421668073724	138.0	13	1.05	0.95				
	110	1	63.56073726052631	13.038099950877195	0.0	0.0	1	1.05	-1.2177368306659617	138.0	13	1.05	0.95				
	111	1	0.0	0.0	0.0	0.0	1	0.9999206446042012	0.4862885016080562	230.0	13	1.05	0.95				
	112	1	0.0	0.0	0.0	0.0	1	1.0050803453584614	0.5592035785522952	230.0	13	1.05	0.95				
	113	3	86.37741217456141	17.601434933684214	0.0	0.0	1	0.9878479084807192	-3.208585892040706e-30	230.0	14	1.05	0.95				
	114	2	63.23478476175438	12.712147452105263	0.0	0.0	1	0.9953895091017736	2.4778723884727216	230.0	16	1.05	0.95				
	115	2	103.32694211070175	20.86095992140351	0.0	0.0	1	1.031155720548715	7.439147424815292	230.0	16	1.05	0.95				
	116	2	32.595249877192984	6.519049975438597	0.0	0.0	1	1.0269746741797698	7.124006733947433	230.0	16	1.05	0.95				
	117	1	0.0	0.0	0.0	0.0	1	1.0361061590145535	9.217666969050116	230.0	17	1.05	0.95				
	118	2	108.54218209105264	22.16476991649123	0.0	0.0	1	1.0388653657125035	9.358270499886038	230.0	17	1.05	0.95				
	119	1	58.9974022777193	12.060242454561404	0.0	0.0	1	1.020229836463292	5.844669050201024	230.0	15	1.05	0.95				
	120	1	41.72191984280702	8.474764968070176	0.0	0.0	1	1.0163490624757308	5.370535068613687	230.0	15	1.05	0.95				
	121	2	0.0	0.0	0.0	0.0	1	1.0425228977670817	10.241170528763702	230.0	17	1.05	0.95				
	122	2	0.0	0.0	0.0	0.0	1	1.05	16.55280392206223	230.0	17	1.05	0.95				
	123	2	0.0	0.0	0.0	0.0	1	1.0142697285251514	5.368330009259627	230.0	15	1.05	0.95				
	124	1	0.0	0.0	0.0	0.0	1	1.0225915685348743	5.311001651502663	230.0	16	1.05	0.95				
	201	2	38.74264128000001	7.89201952	0.0	0.0	2	1.0196180338769483	-9.108935962242978	138.0	21	1.05	0.95				
	202	2	34.79663152	7.174563200000001	0.0	0.0	2	1.0194871259038627	-9.189477748004318	138.0	22	1.05	0.95				
	203	1	64.5710688	13.272941920000001	0.0	0.0	2	1.0159806421443882	-6.980632264293677	138.0	21	1.05	0.95				
	204	1	26.545883840000002	5.3809224	0.0	0.0	2	1.0157902779985992	-9.831578985904404	138.0	21	1.05	0.95				
	205	1	25.469699359999996	5.02219424	0.0	0.0	2	1.0306271491346952	-10.137421468203952	138.0	21	1.05	0.95				
	206	1	48.78702976	10.04438848	0.0	-100.0	2	1.0451149620487892	-11.123256847805786	138.0	22	1.05	0.95				
	207	2	44.84102	8.968204	0.0	0.0	2	0.9961865774671966	-15.780721420779088	138.0	22	1.05	0.95				
	208	1	61.34251536000001	12.555485599999999	0.0	0.0	2	1.0033418887750105	-14.206176974996646	138.0	22	1.05	0.95				
	209	1	62.777428	12.91421376	0.0	0.0	2	1.0222531782460362	-8.865113698717696	138.0	23	1.05	0.95				
	210	1	69.9519912	14.349126400000001	0.0	0.0	2	1.05	-10.017549195452013	138.0	23	1.05	0.95				
	211	1	0.0	0.0	0.0	0.0	2	1.0019406324171867	-6.4542095423689885	230.0	23	1.05	0.95				
	212	1	0.0	0.0	0.0	0.0	2	1.0055565002275333	-5.869744351636627	230.0	23	1.05	0.95				
	213	2	95.0629624	19.371320640000004	0.0	0.0	2	0.9950110921128115	-5.4122116416106385	230.0	24	1.05	0.95				
	214	2	69.59326304	13.990398240000001	0.0	0.0	2	0.9999562458911183	-4.231050512528478	230.0	26	1.05	0.95				
	215	2	113.71682672000001	22.95860224	0.0	0.0	2	1.0159209125104427	1.2177523000208066	230.0	26	1.05	0.95				
	216	2	35.872816	7.174563200000001	0.0	0.0	2	1.0172381322663637	1.0869688486789475	230.0	26	1.05	0.95				
	217	1	0.0	0.0	0.0	0.0	2	1.02225834872252	2.7798144730452483	230.0	27	1.05	0.95				
	218	2	119.45647728000002	24.39351488	0.0	0.0	2	1.021682292452831	2.3342203568669535	230.0	27	1.05	0.95				
	219	1	64.92979696	13.272941920000001	0.0	0.0	2	1.0177190823653801	0.7372676566679058	230.0	25	1.05	0.95				
	220	1	45.91720448	9.326932160000002	0.0	0.0	2	1.0202238025407389	1.1480606640402318	230.0	25	1.05	0.95				
	221	2	0.0	0.0	0.0	0.0	2	1.0234032310163035	2.7711510411328493	230.0	27	1.05	0.95				
	222	2	0.0	0.0	0.0	0.0	2	1.0454914863735065	9.321636508379576	230.0	27	1.05	0.95				
	223	2	0.0	0.0	0.0	0.0	2	1.0219354240877037	1.6534601218617986	230.0	25	1.05	0.95				
	224	1	0.0	0.0	0.0	0.0	2	1.0057570891256584	-1.8841745522929567	230.0	26	1.05	0.95				
	301	2	45.47548242947368	9.26352419859649	0.0	0.0	3	1.0125676445157323	-11.985619787230398	138.0	31	1.05	0.95				
	302	2	40.84372033017543	8.42138563508772	0.0	0.0	3	1.0120255221004142	-12.22404750258835	138.0	32	1.05	0.95				
	303	1	75.79247071578946	15.57956342491228	0.0	0.0	3	1.040513487958675	-2.1776226277243116	138.0	31	1.05	0.95				
	304	1	31.15912684982456	6.316039226315788	0.0	0.0	3	1.0126076777805542	-10.992525485023968	138.0	31	1.05	0.95				
	305	1	29.8959190045614	5.894969944561403	0.0	0.0	3	1.0261535960208583	-12.467806382499674	138.0	31	1.05	0.95				
	306	1	57.26542231859648	11.789939889122806	0.0	-100.0	3	1.041642174991676	-13.24564744245509	138.0	32	1.05	0.95				
	307	2	52.63366021929824	10.526732043859647	0.0	0.0	3	0.9929300478566048	-17.456695378387675	138.0	32	1.05	0.95				
	308	1	72.00284717999999	14.737424861403506	0.0	0.0	3	0.9996165118210245	-15.567824881902155	138.0	32	1.05	0.95				
	309	1	73.68712430701754	15.158494143157892	0.0	0.0	3	1.025972124339503	-8.256380681616024	138.0	33	1.05	0.95				
	310	1	82.10850994210524	16.84277127017544	0.0	0.0	3	1.05	-11.594144963840442	138.0	33	1.05	0.95				
	311	1	0.0	0.0	0.0	0.0	3	1.0063131206959657	-7.123800983447541	230.0	33	1.05	0.95				
	312	1	0.0	0.0	0.0	0.0	3	1.0118377453814558	-6.360345356119471	230.0	33	1.05	0.95				
	313	2	111.58335966491227	22.73774121473684	0.0	0.0	3	1.0089451336846573	-4.013990779873944	230.0	34	1.05	0.95				
	314	2	81.68744066035086	16.42170198842105	0.0	0.0	3	0.9990807957749427	-6.918639286259708	230.0	36	1.05	0.95				
	315	2	133.47896231614033	26.948434032280698	0.0	0.0	3	1.0246561706536002	-4.29136605196537	230.0	36	1.05	0.95				
	316	2	42.10692817543859	8.42138563508772	0.0	0.0	3	1.0213013642666955	-4.07672234035421	230.0	36	1.05	0.95				
	317	1	0.0	0.0	0.0	0.0	3	1.0258610827836023	-3.2512231925230437	230.0	37	1.05	0.95				
	318	2	140.2160708242105	28.63271115929824	0.0	0.0	3	1.0248600063188933	-3.394231605282919	230.0	37	1.05	0.95				
	319	1	76.21353999754386	15.57956342491228	0.0	0.0	3	1.0181615562720283	-4.15956156576268	230.0	35	1.05	0.95				
	320	1	53.896868064561396	10.947801325614034	0.0	0.0	3	1.0182739643299377	-3.3963146480659483	230.0	35	1.05	0.95				
	321	2	0.0	0.0	0.0	0.0	3	1.026803569631749	-3.159841784851429	230.0	37	1.05	0.95				
	322	2	0.0	0.0	0.0	0.0	3	1.0397883898127436	1.196615589454284	230.0	37	1.05	0.95				
	323	2	0.0	0.0	0.0	0.0	3	1.0190878939594095	-2.6470315675477707	230.0	35	1.05	0.95				
	324	1	0.0	0.0	0.0	0.0	3	1.0274643903646676	-3.4890301152812713	230.0	36	1.05	0.95				
	325	1	0.0	0.0	0.0	0.0	3	1.0176819756180493	-1.5505583581675462	230.0	35	1.05	0.95				
];
