%% MATPOWER Case Format : Version 2
function mpc = RTS_GMLC
mpc.version = '2';

%%-----  Power Flow Data  -----%%
%% system MVA base
mpc.baseMVA = 100.0;
%% bus data
%    bus_i    type    Pd    Qd    Gs    Bs    area    Vm    Va    baseKV    zone    Vmax    Vmin
mpc.bus = [
	101	2	75.44235528	15.367887186666668	0.0	0.0	1	1.0370388493571348	0.11803153726362707	138.0	11	1.05	0.95				
	102	2	67.75841168666666	13.970806533333333	0.0	0.0	1	1.0369952374791296	0.05521118448872837	138.0	12	1.05	0.95				
	103	1	125.73725879999999	25.845992086666662	0.0	0.0	1	1.0221757916676033	-1.686203981362693	138.0	11	1.05	0.95				
	104	1	51.691984173333324	10.4781049	0.0	0.0	1	1.0196983541643132	-3.1584573614685585	138.0	11	1.05	0.95				
	105	1	49.59636319333333	9.779564573333333	0.0	0.0	1	1.0340061561024974	-3.230678320737113	138.0	11	1.05	0.95				
	106	1	95.00148442666668	19.559129146666667	0.0	-100.0	1	1.0385046109864162	-5.74423656625901	138.0	12	1.05	0.95				
	107	2	87.31754083333333	17.463508166666667	0.0	0.0	1	1.0455942578925355	-1.4417157532146492	138.0	12	1.05	0.95				
	108	1	119.45039585999999	24.448911433333333	0.0	0.0	1	1.0243220470420524	-4.627138765041972	138.0	12	1.05	0.95				
	109	1	122.24455716666667	25.14745176	0.0	0.0	1	1.026513198424569	-3.293247444058887	138.0	13	1.05	0.95				
	110	1	136.2153637	27.941613066666665	0.0	0.0	1	1.05	-4.439808781637294	138.0	13	1.05	0.95				
	111	1	0.0	0.0	0.0	0.0	1	1.0116761151270712	-1.0684914234504526	230.0	13	1.05	0.95				
	112	1	0.0	0.0	0.0	0.0	1	1.0149456147660514	-0.13414177797063656	230.0	13	1.05	0.95				
	113	3	185.11318656666666	37.72117764	0.0	0.0	1	1.010149917824294	8.589481444917572e-32	230.0	14	1.05	0.95				
	114	2	135.51682337333332	27.243072740000002	0.0	0.0	1	1.0119712268964385	0.8645730067042645	230.0	16	1.05	0.95				
	115	2	221.43728355333332	44.706580906666666	0.0	0.0	1	1.0436027248603632	8.066114499196665	230.0	16	1.05	0.95				
	116	2	69.85403266666667	13.970806533333333	0.0	0.0	1	1.0413070639062505	7.786024127625371	230.0	16	1.05	0.95				
	117	1	0.0	0.0	0.0	0.0	1	1.0460810206298201	10.685612532911614	230.0	17	1.05	0.95				
	118	2	232.61392878000004	47.50074221333334	0.0	0.0	1	1.0488585976142841	11.08078513916644	230.0	17	1.05	0.95				
	119	1	126.43579912666667	25.845992086666662	0.0	0.0	1	1.0357862291630968	6.855658840963836	230.0	15	1.05	0.95				
	120	1	89.41316181333333	18.162048493333334	0.0	0.0	1	1.0370390393196074	7.370153391778118	230.0	15	1.05	0.95				
	121	2	0.0	0.0	0.0	0.0	1	1.05	11.455872497735163	230.0	17	1.05	0.95				
	122	2	0.0	0.0	0.0	0.0	1	1.05	19.483154124657474	230.0	17	1.05	0.95				
	123	2	0.0	0.0	0.0	0.0	1	1.039659125168827	8.171303922844933	230.0	15	1.05	0.95				
	124	1	0.0	0.0	0.0	0.0	1	1.0233523550366683	4.454419798081869	230.0	16	1.05	0.95				
	201	2	71.48433812210527	14.5616244322807	0.0	0.0	2	1.0332754060634066	-7.604014178092839	138.0	21	1.05	0.95				
	202	2	64.20352590596491	13.237840392982456	0.0	0.0	2	1.033370244334413	-7.684614500103293	138.0	22	1.05	0.95				
	203	1	119.14056353684211	24.490004727017546	0.0	0.0	2	1.0278970166342416	-5.139007037099989	138.0	21	1.05	0.95				
	204	1	48.98000945403509	9.928380294736842	0.0	0.0	2	1.0179164971401393	-9.605135290959966	138.0	21	1.05	0.95				
	205	1	46.994333395087715	9.26648827508772	0.0	0.0	2	1.0331259379992506	-9.954903439253888	138.0	21	1.05	0.95				
	206	1	90.01731467228072	18.53297655017544	0.0	-100.0	2	1.0393094924160184	-11.896962853044235	138.0	22	1.05	0.95				
	207	2	82.73650245614034	16.54730049122807	0.0	0.0	2	0.9796964131513862	-21.793387885162506	138.0	22	1.05	0.95				
	208	1	113.18353536	23.166220687719296	0.0	0.0	2	0.9808950019253962	-18.570163049575914	138.0	22	1.05	0.95				
	209	1	115.83110343859649	23.82811270736842	0.0	0.0	2	1.0257904115602832	-8.493519282007778	138.0	23	1.05	0.95				
	210	1	129.06894383157893	26.47568078596491	0.0	0.0	2	1.05	-10.248719579022122	138.0	23	1.05	0.95				
	211	1	0.0	0.0	0.0	0.0	2	1.018701209820271	-5.023080367633616	230.0	23	1.05	0.95				
	212	1	0.0	0.0	0.0	0.0	2	1.0198405232184333	-2.6888442632432703	230.0	23	1.05	0.95				
	213	2	175.40138520701754	35.742169061052635	0.0	0.0	2	1.0205742860193097	-3.1678360878695626	230.0	24	1.05	0.95				
	214	2	128.40705181192982	25.813788766315792	0.0	0.0	2	1.0287516829099266	-2.3272975859458604	230.0	26	1.05	0.95				
	215	2	209.81977022877194	42.36108925754386	0.0	0.0	2	1.0436694570662133	5.647004360441957	230.0	26	1.05	0.95				
	216	2	66.18920196491229	13.237840392982456	0.0	0.0	2	1.0458397707432399	5.48976574081726	230.0	26	1.05	0.95				
	217	1	0.0	0.0	0.0	0.0	2	1.0479869759316198	8.765677603249658	230.0	27	1.05	0.95				
	218	2	220.41004254315789	45.00865733614036	0.0	0.0	2	1.0499999782187002	9.689507084502278	230.0	27	1.05	0.95				
	219	1	119.80245555649122	24.490004727017546	0.0	0.0	2	1.0432135824786843	4.375717788955087	230.0	25	1.05	0.95				
	220	1	84.72217851508772	17.209192510877195	0.0	0.0	2	1.046532852365839	4.648413676356029	230.0	25	1.05	0.95				
	221	2	0.0	0.0	0.0	0.0	2	1.05	10.056074757221419	230.0	27	1.05	0.95				
	222	2	0.0	0.0	0.0	0.0	2	1.05	16.061475357587696	230.0	27	1.05	0.95				
	223	2	0.0	0.0	0.0	0.0	2	1.05	5.280045765862609	230.0	25	1.05	0.95				
	224	1	0.0	0.0	0.0	0.0	2	1.0242701313279188	1.6269048665902415	230.0	26	1.05	0.95				
	301	2	70.8440367031579	14.431192661754386	0.0	0.0	3	1.0098356948752627	-24.04244244847694	138.0	31	1.05	0.95				
	302	2	63.62844037228071	13.119266056140352	0.0	0.0	3	1.0088413021296447	-24.26390060375097	138.0	32	1.05	0.95				
	303	1	118.07339450526315	24.270642203859648	0.0	0.0	3	1.0310712539709201	-14.147732113797797	138.0	31	1.05	0.95				
	304	1	48.541284407719296	9.839449542105262	0.0	0.0	3	1.005981181253629	-22.26970062414797	138.0	31	1.05	0.95				
	305	1	46.573394499298246	9.183486239298247	0.0	0.0	3	1.020824405853737	-23.236480692634743	138.0	31	1.05	0.95				
	306	1	89.21100918175439	18.366972478596495	0.0	-100.0	3	1.0337998970986721	-23.507555198547607	138.0	32	1.05	0.95				
	307	2	81.99541285087719	16.399082570175437	0.0	0.0	3	0.9986372071801469	-27.471022700555128	138.0	32	1.05	0.95				
	308	1	112.16972478	22.958715598245615	0.0	0.0	3	0.9959287425687194	-25.95148639190145	138.0	32	1.05	0.95				
	309	1	114.79357799122806	23.61467890105263	0.0	0.0	3	1.0269909432820232	-17.962556525306148	138.0	33	1.05	0.95				
	310	1	127.91284404736842	26.238532112280705	0.0	0.0	3	1.05	-20.325759949212724	138.0	33	1.05	0.95				
	311	1	0.0	0.0	0.0	0.0	3	1.0193089650430385	-13.090088342588343	230.0	33	1.05	0.95				
	312	1	0.0	0.0	0.0	0.0	3	1.0189871011155882	-12.654538338668283	230.0	33	1.05	0.95				
	313	2	173.83027524385963	35.42201835157895	0.0	0.0	3	1.0274339165648432	-9.553635084909743	230.0	34	1.05	0.95				
	314	2	127.25688074456141	25.58256880947368	0.0	0.0	3	1.0312235588405976	-10.206897453168619	230.0	36	1.05	0.95				
	315	2	207.94036698982455	41.98165137964912	0.0	0.0	3	1.0475811997424433	-4.828226819391341	230.0	36	1.05	0.95				
	316	2	65.59633028070175	13.119266056140352	0.0	0.0	3	1.0472648289627644	-4.462527486048025	230.0	36	1.05	0.95				
	317	1	0.0	0.0	0.0	0.0	3	1.0485287121136921	-2.44876734744776	230.0	37	1.05	0.95				
	318	2	218.43577983473685	44.605504590877196	0.0	0.0	3	1.048364346868154	-2.210275598869847	230.0	37	1.05	0.95				
	319	1	118.72935780807016	24.270642203859648	0.0	0.0	3	1.0434449840843074	-5.411122549093972	230.0	35	1.05	0.95				
	320	1	83.96330275929824	17.055045872982458	0.0	0.0	3	1.0443298541325914	-5.558687701807445	230.0	35	1.05	0.95				
	321	2	0.0	0.0	0.0	0.0	3	1.05	-1.4289885883712286	230.0	37	1.05	0.95				
	322	2	0.0	0.0	0.0	0.0	3	1.05	3.946459513372292	230.0	37	1.05	0.95				
	323	2	0.0	0.0	0.0	0.0	3	1.046068151724798	-5.265886628043249	230.0	35	1.05	0.95				
	324	1	0.0	0.0	0.0	0.0	3	1.0310325373515263	-7.366070846906017	230.0	36	1.05	0.95				
	325	1	0.0	0.0	0.0	0.0	3	1.040978761127761	-3.892273751995152	230.0	35	1.05	0.95				
];
