%% MATPOWER Case Format : Version 2
function mpc = RTS_GMLC
mpc.version = '2';

%%-----  Power Flow Data  -----%%
%% system MVA base
mpc.baseMVA = 100.0;
%% bus data
%    bus_i    type    Pd    Qd    Gs    Bs    area    Vm    Va    baseKV    zone    Vmax    Vmin
mpc.bus = [
	101	2	41.74913410105264	8.504453242807019	0.0	0.0	1	1.035393682066784	2.3322195207491316	138.0	11	1.05	0.95				
	102	2	37.496907479649124	7.731321129824563	0.0	0.0	1	1.03314844231939	1.7356510413686996	138.0	12	1.05	0.95				
	103	1	69.58189016842105	14.30294409017544	0.0	0.0	1	1.0341039883042988	1.5244367615100418	138.0	11	1.05	0.95				
	104	1	28.60588818035088	5.798490847368421	0.0	0.0	1	1.0251435250400163	-0.6305309292073872	138.0	11	1.05	0.95				
	105	1	27.446190010877192	5.411924790877194	0.0	0.0	1	1.0372080428295842	-0.9789904007175452	138.0	11	1.05	0.95				
	106	1	52.57298368280703	10.823849581754388	0.0	-100.0	1	1.0465950150016612	-3.353916304978543	138.0	12	1.05	0.95				
	107	2	48.32075706140351	9.664151412280702	0.0	0.0	1	1.0009669546815791	-9.667390735548448	138.0	12	1.05	0.95				
	108	1	66.10279566	13.529811977192981	0.0	0.0	1	1.0054974254796114	-7.856460663406507	138.0	12	1.05	0.95				
	109	1	67.64905988596493	13.916378033684213	0.0	0.0	1	1.0249176768902166	-2.0362296517989464	138.0	13	1.05	0.95				
	110	1	75.38038101578948	15.462642259649126	0.0	0.0	1	1.05	-3.1247841404043224	138.0	13	1.05	0.95				
	111	1	0.0	0.0	0.0	0.0	1	1.0022546760124547	-0.546263312876347	230.0	13	1.05	0.95				
	112	1	0.0	0.0	0.0	0.0	1	1.0072625786053258	-0.9410415537286281	230.0	13	1.05	0.95				
	113	3	102.44000497017545	20.87456705052632	0.0	0.0	1	0.9939018140902124	1.9343740890574248e-28	230.0	14	1.05	0.95				
	114	2	74.99381495929825	15.076076203157896	0.0	0.0	1	0.9977215923999295	1.1563091097242537	230.0	16	1.05	0.95				
	115	2	122.54143990771931	24.7402276154386	0.0	0.0	1	1.0353663093173557	6.906625877630181	230.0	16	1.05	0.95				
	116	2	38.65660564912281	7.731321129824563	0.0	0.0	1	1.030404855740974	5.7789726443089835	230.0	16	1.05	0.95				
	117	1	0.0	0.0	0.0	0.0	1	1.0392396484405149	9.134632448367409	230.0	17	1.05	0.95				
	118	2	128.72649681157898	26.286491841403514	0.0	0.0	1	1.04336724790217	9.900611229581214	230.0	17	1.05	0.95				
	119	1	69.96845622491229	14.30294409017544	0.0	0.0	1	1.0201581118510459	3.5273914629130223	230.0	15	1.05	0.95				
	120	1	49.4804552308772	10.050717468771932	0.0	0.0	1	1.0138755733711116	1.846730788189858	230.0	15	1.05	0.95				
	121	2	0.0	0.0	0.0	0.0	1	1.0462852790884183	11.083909799732456	230.0	17	1.05	0.95				
	122	2	0.0	0.0	0.0	0.0	1	1.05	16.840110725883747	230.0	17	1.05	0.95				
	123	2	0.0	0.0	0.0	0.0	1	1.0109168822530998	1.2217267760198167	230.0	15	1.05	0.95				
	124	1	0.0	0.0	0.0	0.0	1	1.0272377628713072	4.876756487661643	230.0	16	1.05	0.95				
	201	2	41.95561153263158	8.546513460350878	0.0	0.0	2	1.016246810593588	-13.65294559158887	138.0	21	1.05	0.95				
	202	2	37.68235480245614	7.769557691228071	0.0	0.0	2	1.015367792899034	-13.923737584852935	138.0	22	1.05	0.95				
	203	1	69.92601922105264	14.373681728771931	0.0	0.0	2	1.0148741256806872	-10.074142664846113	138.0	21	1.05	0.95				
	204	1	28.747363457543862	5.827168268421053	0.0	0.0	2	1.0133331168543014	-13.508032292019111	138.0	21	1.05	0.95				
	205	1	27.58192980385965	5.43869038385965	0.0	0.0	2	1.0284775854638912	-13.908276666214324	138.0	21	1.05	0.95				
	206	1	52.83299230035089	10.8773807677193	0.0	-100.0	2	1.043421320627694	-14.547655376550242	138.0	22	1.05	0.95				
	207	2	48.55973557017544	9.711947114035087	0.0	0.0	2	0.9984598323495693	-19.18287220948949	138.0	22	1.05	0.95				
	208	1	66.42971826	13.596725959649122	0.0	0.0	2	1.003560150377309	-17.441742771036758	138.0	22	1.05	0.95				
	209	1	67.98362979824562	13.985203844210526	0.0	0.0	2	1.0226541572714312	-11.556170253703472	138.0	23	1.05	0.95				
	210	1	75.75318748947369	15.539115382456142	0.0	0.0	2	1.05	-12.914117486732538	138.0	23	1.05	0.95				
	211	1	0.0	0.0	0.0	0.0	2	1.0024800099532887	-9.340850855039651	230.0	23	1.05	0.95				
	212	1	0.0	0.0	0.0	0.0	2	1.0074128196926846	-6.745444223072929	230.0	23	1.05	0.95				
	213	2	102.94663940877193	20.97780576631579	0.0	0.0	2	0.994448538932157	-8.154525586231992	230.0	24	1.05	0.95				
	214	2	75.36470960491228	15.15063749789474	0.0	0.0	2	1.0015018607370765	-7.338717784681491	230.0	26	1.05	0.95				
	215	2	123.14748940596492	24.862584611929826	0.0	0.0	2	1.0174094347931222	-1.1302640320383937	230.0	26	1.05	0.95				
	216	2	38.84778845614035	7.769557691228071	0.0	0.0	2	1.0164526011925747	-2.111298386060442	230.0	26	1.05	0.95				
	217	1	0.0	0.0	0.0	0.0	2	1.0215101436969265	-0.4044497986323829	230.0	27	1.05	0.95				
	218	2	129.3631355589474	26.416496150175444	0.0	0.0	2	1.0213328545731868	-0.6927190166344909	230.0	27	1.05	0.95				
	219	1	70.31449710561404	14.373681728771931	0.0	0.0	2	1.0119843905790653	-3.6137657054819665	230.0	25	1.05	0.95				
	220	1	49.72516922385965	10.100424998596493	0.0	0.0	2	1.0109745552808973	-4.144515438812631	230.0	25	1.05	0.95				
	221	2	0.0	0.0	0.0	0.0	2	1.0235629913511215	-0.03919212482010945	230.0	27	1.05	0.95				
	222	2	0.0	0.0	0.0	0.0	2	1.0452781913255882	6.367235182854016	230.0	27	1.05	0.95				
	223	2	0.0	0.0	0.0	0.0	2	1.010786833142161	-4.12756264615861	230.0	25	1.05	0.95				
	224	1	0.0	0.0	0.0	0.0	2	1.005452400435576	-4.5055032768796694	230.0	26	1.05	0.95				
	301	2	67.3590636	13.721290733333333	0.0	0.0	3	0.9947992303620582	-7.162315676944756	138.0	31	1.05	0.95				
	302	2	60.498418233333325	12.473900666666667	0.0	0.0	3	0.9948093883028236	-7.1924615352226615	138.0	32	1.05	0.95				
	303	1	112.26510599999999	23.076716233333332	0.0	0.0	3	1.0107747310730297	-4.2176045539166935	138.0	31	1.05	0.95				
	304	1	46.153432466666665	9.355425499999999	0.0	0.0	3	0.999960055098943	-4.969430405956456	138.0	31	1.05	0.95				
	305	1	44.28234736666666	8.731730466666669	0.0	0.0	3	1.0125413507502747	-5.02320537722773	138.0	31	1.05	0.95				
	306	1	84.82252453333334	17.463460933333337	0.0	-100.0	3	1.030835421682493	-4.528705515694985	138.0	32	1.05	0.95				
	307	2	77.96187916666666	15.592375833333334	0.0	0.0	3	0.9918064124297585	-8.893183228338362	138.0	32	1.05	0.95				
	308	1	106.65185069999998	21.829326166666664	0.0	0.0	3	0.9996312974267053	-6.053804367852983	138.0	32	1.05	0.95				
	309	1	109.14663083333333	22.4530212	0.0	0.0	3	1.026712513042991	-0.6173942217317215	138.0	33	1.05	0.95				
	310	1	121.62053149999998	24.947801333333334	0.0	0.0	3	1.05	-0.9014401032091042	138.0	33	1.05	0.95				
	311	1	0.0	0.0	0.0	0.0	3	1.018680166184168	5.675266257049617	230.0	33	1.05	0.95				
	312	1	0.0	0.0	0.0	0.0	3	1.0232210880390205	7.308641705608486	230.0	33	1.05	0.95				
	313	2	165.27918383333332	33.6795318	0.0	0.0	3	1.0477871577735618	14.407859654655375	230.0	34	1.05	0.95				
	314	2	120.99683646666665	24.3241063	0.0	0.0	3	1.0212634150998636	4.246155504749136	230.0	36	1.05	0.95				
	315	2	197.71132556666666	39.91648213333333	0.0	0.0	3	1.0295698498206547	-0.9239479759006797	230.0	36	1.05	0.95				
	316	2	62.369503333333334	12.473900666666667	0.0	0.0	3	1.0322412901017397	0.5946785664966469	230.0	36	1.05	0.95				
	317	1	0.0	0.0	0.0	0.0	3	1.032348070688537	-0.4192054653904726	230.0	37	1.05	0.95				
	318	2	207.69044609999997	42.41126226666667	0.0	0.0	3	1.028789775315802	-1.5127727002110125	230.0	37	1.05	0.95				
	319	1	112.88880103333334	23.076716233333332	0.0	0.0	3	1.0332995652887358	3.946316503733521	230.0	35	1.05	0.95				
	320	1	79.83296426666666	16.21607086666667	0.0	0.0	3	1.038238603607655	6.574235816286858	230.0	35	1.05	0.95				
	321	2	0.0	0.0	0.0	0.0	3	1.031172503776499	-0.7478968486488978	230.0	37	1.05	0.95				
	322	2	0.0	0.0	0.0	0.0	3	1.0449622276600936	3.729810991709293	230.0	37	1.05	0.95				
	323	2	0.0	0.0	0.0	0.0	3	1.0415417387640953	7.701807405669538	230.0	35	1.05	0.95				
	324	1	0.0	0.0	0.0	0.0	3	1.0189511309924726	-0.3011271659159987	230.0	36	1.05	0.95				
	325	1	0.0	0.0	0.0	0.0	3	1.0420859758814702	7.987578550036331	230.0	35	1.05	0.95				
];
