%% MATPOWER Case Format : Version 2
function mpc = RTS_GMLC
mpc.version = '2';

%%-----  Power Flow Data  -----%%
%% system MVA base
mpc.baseMVA = 100.0;
%% bus data
%    bus_i    type    Pd    Qd    Gs    Bs    area    Vm    Va    baseKV    zone    Vmax    Vmin
mpc.bus = [
	101	2	35.08263236084211	7.146462147578949	0.0	0.0	1	1.0405022778773723	2.8118464816839097	138.0	11	1.05	0.95				
	102	2	31.509401287052636	6.496783770526317	0.0	0.0	1	1.0397206624592539	2.572048664960931	138.0	12	1.05	0.95				
	103	1	58.47105393473685	12.019049975473685	0.0	0.0	1	1.023023833361684	0.5854474243582463	138.0	11	1.05	0.95				
	104	1	24.03809995094737	4.872587827894737	0.0	0.0	1	1.024736786216955	-0.5600657555546356	138.0	11	1.05	0.95				
	105	1	23.063582385368424	4.5477486393684226	0.0	0.0	1	1.0407925914891965	-0.2551910419348262	138.0	11	1.05	0.95				
	106	1	44.178129639578955	9.095497278736845	0.0	-100.0	1	1.0499282366094633	-2.3686531401804984	138.0	12	1.05	0.95				
	107	2	40.604898565789476	8.120979713157896	0.0	0.0	1	1.003314753079314	-8.670354298130356	138.0	12	1.05	0.95				
	108	1	55.54750123800001	11.369371598421054	0.0	0.0	1	1.0083140813734472	-6.8847258749826175	138.0	12	1.05	0.95				
	109	1	56.84685799210527	11.69421078694737	0.0	0.0	1	1.021972736512975	-1.8244275586662164	138.0	13	1.05	0.95				
	110	1	63.343641762631584	12.993567541052634	0.0	0.0	1	1.05	-2.362957425785606	138.0	13	1.05	0.95				
	111	1	0.0	0.0	0.0	0.0	1	0.9962309063393067	-0.3820286467668893	230.0	13	1.05	0.95				
	112	1	0.0	0.0	0.0	0.0	1	1.0024912827615455	-0.611376751590527	230.0	13	1.05	0.95				
	113	3	86.08238495947369	17.541316180421056	0.0	0.0	1	0.9883140627839757	-3.0485847953602236e-27	230.0	14	1.05	0.95				
	114	2	63.01880257410527	12.668728352526317	0.0	0.0	1	0.9858417384999977	1.1738745367659353	230.0	16	1.05	0.95				
	115	2	102.97402276284211	20.789708065684213	0.0	0.0	1	1.0125534646334469	6.206011091621103	230.0	16	1.05	0.95				
	116	2	32.48391885263158	6.496783770526317	0.0	0.0	1	1.0087834142388208	5.285760793650602	230.0	16	1.05	0.95				
	117	1	0.0	0.0	0.0	0.0	1	1.018736422105425	8.34413725017843	230.0	17	1.05	0.95				
	118	2	108.17144977926316	22.089064819789478	0.0	0.0	1	1.0208528862354294	8.759551222092906	230.0	17	1.05	0.95				
	119	1	58.79589312326316	12.019049975473685	0.0	0.0	1	1.0029782184950227	3.301030055901443	230.0	15	1.05	0.95				
	120	1	41.579416131368426	8.445818901684211	0.0	0.0	1	1.0005023330622935	2.2307006000061276	230.0	15	1.05	0.95				
	121	2	0.0	0.0	0.0	0.0	1	1.0233436751065317	9.923559407802971	230.0	17	1.05	0.95				
	122	2	0.0	0.0	0.0	0.0	1	1.049999995782386	17.30714115082047	230.0	17	1.05	0.95				
	123	2	0.0	0.0	0.0	0.0	1	0.9992680860881401	1.9058080019967358	230.0	15	1.05	0.95				
	124	1	0.0	0.0	0.0	0.0	1	1.0088107896536622	4.053214235974534	230.0	16	1.05	0.95				
	201	2	34.424681252210526	7.012435069894736	0.0	0.0	2	1.0155597516594694	-13.379919999968893	138.0	21	1.05	0.95				
	202	2	30.918463717263155	6.374940972631579	0.0	0.0	2	1.0147089300354257	-13.662976145424954	138.0	22	1.05	0.95				
	203	1	57.374468753684205	11.79364079936842	0.0	0.0	2	1.0146439622092398	-9.760454158286317	138.0	21	1.05	0.95				
	204	1	23.58728159873684	4.781205729473684	0.0	0.0	2	1.0139345563026143	-13.592974248277693	138.0	21	1.05	0.95				
	205	1	22.631040452842104	4.462458680842105	0.0	0.0	2	1.0291329309022483	-13.974866389454728	138.0	21	1.05	0.95				
	206	1	43.349598613894734	8.92491736168421	0.0	-100.0	2	1.0451960016989537	-14.74577133456293	138.0	22	1.05	0.95				
	207	2	39.84338107894737	7.968676215789474	0.0	0.0	2	0.9989193770613387	-18.45837117349433	138.0	22	1.05	0.95				
	208	1	54.505745315999995	11.15614670210526	0.0	0.0	2	1.00627359263761	-17.083073608478404	138.0	22	1.05	0.95				
	209	1	55.78073351052632	11.474893750736841	0.0	0.0	2	1.0215177991980695	-12.202722935605918	138.0	23	1.05	0.95				
	210	1	62.15567448315789	12.749881945263159	0.0	0.0	2	1.05	-13.540896692401569	138.0	23	1.05	0.95				
	211	1	0.0	0.0	0.0	0.0	2	0.9998250027418162	-9.89223153068836	230.0	23	1.05	0.95				
	212	1	0.0	0.0	0.0	0.0	2	1.0050194774461547	-9.711468169759845	230.0	23	1.05	0.95				
	213	2	84.46796788736842	17.212340626105263	0.0	0.0	2	0.9937388062282139	-9.206943502996618	230.0	24	1.05	0.95				
	214	2	61.83692743452631	12.43113489663158	0.0	0.0	2	0.9954688217731861	-7.343667861102756	230.0	26	1.05	0.95				
	215	2	101.04281441621052	20.39981111242105	0.0	0.0	2	1.0096979464971498	-1.1671043571222373	230.0	26	1.05	0.95				
	216	2	31.874704863157895	6.374940972631579	0.0	0.0	2	1.009974202128705	-1.801153544039675	230.0	26	1.05	0.95				
	217	1	0.0	0.0	0.0	0.0	2	1.013705187046981	0.018600108622414357	230.0	27	1.05	0.95				
	218	2	106.1427671943158	21.674799306947367	0.0	0.0	2	1.0136091986938822	-0.25729923726397735	230.0	27	1.05	0.95				
	219	1	57.69321580231579	11.79364079936842	0.0	0.0	2	1.0120040069708525	-2.929604532088781	230.0	25	1.05	0.95				
	220	1	40.7996222248421	8.287423264421053	0.0	0.0	2	1.0156277110226883	-3.2619502966798843	230.0	25	1.05	0.95				
	221	2	0.0	0.0	0.0	0.0	2	1.0158859394887234	0.25167154263974967	230.0	27	1.05	0.95				
	222	2	0.0	0.0	0.0	0.0	2	1.0376983665879396	6.807880783168293	230.0	27	1.05	0.95				
	223	2	0.0	0.0	0.0	0.0	2	1.017656532158979	-3.1922747961147553	230.0	25	1.05	0.95				
	224	1	0.0	0.0	0.0	0.0	2	1.0010103198057807	-4.435786586564154	230.0	26	1.05	0.95				
	301	2	44.31382472842106	9.02689022245614	0.0	0.0	3	1.0368262287952759	-3.605522485840725	138.0	31	1.05	0.95				
	302	2	39.80037961719298	8.206263838596492	0.0	0.0	3	1.0334754569692268	-3.943483130076116	138.0	32	1.05	0.95				
	303	1	73.85637454736842	15.18158810140351	0.0	0.0	3	1.05	10.467988551199754	138.0	31	1.05	0.95				
	304	1	30.36317620280702	6.154697878947369	0.0	0.0	3	1.0170374163065585	-3.1391284555887595	138.0	31	1.05	0.95				
	305	1	29.132236627017544	5.744384687017544	0.0	0.0	3	1.037492665811102	-4.708545030739621	138.0	31	1.05	0.95				
	306	1	55.80259410245615	11.488769374035089	0.0	-100.0	3	1.0451732843610204	-5.843904838501867	138.0	32	1.05	0.95				
	307	2	51.289148991228075	10.257829798245615	0.0	0.0	3	0.9510961082631894	-4.104893773249167	138.0	32	1.05	0.95				
	308	1	70.16355582	14.36096171754386	0.0	0.0	3	0.9747652902164792	-4.88722680438342	138.0	32	1.05	0.95				
	309	1	71.80480858771931	14.771274909473684	0.0	0.0	3	1.01560815790831	-0.7609269561210117	138.0	33	1.05	0.95				
	310	1	80.01107242631579	16.412527677192983	0.0	0.0	3	1.0475232656083164	-4.527015800653173	138.0	33	1.05	0.95				
	311	1	0.0	0.0	0.0	0.0	3	1.0024410840710158	-1.6589989476035585	230.0	33	1.05	0.95				
	312	1	0.0	0.0	0.0	0.0	3	1.007249324953842	-0.7356126987853976	230.0	33	1.05	0.95				
	313	2	108.73299586140351	22.15691236421053	0.0	0.0	3	1.0035972203048202	1.0250506578377827	230.0	34	1.05	0.95				
	314	2	79.60075923438596	16.00221448526316	0.0	0.0	3	0.9947397012555231	-2.9221190850890864	230.0	36	1.05	0.95				
	315	2	130.0692818417544	26.260044283508773	0.0	0.0	3	1.0433225933217125	-1.6886092569871445	230.0	36	1.05	0.95				
	316	2	41.03131919298246	8.206263838596492	0.0	0.0	3	1.023598221531257	-2.191809418090157	230.0	36	1.05	0.95				
	317	1	0.0	0.0	0.0	0.0	3	1.0388064394857368	-1.2446212915525445	230.0	37	1.05	0.95				
	318	2	136.6342929126316	27.901297051228074	0.0	0.0	3	1.0425814489241196	-1.851988338389343	230.0	37	1.05	0.95				
	319	1	74.26668773929825	15.18158810140351	0.0	0.0	3	1.01445555504413	-1.7957639822887121	230.0	35	1.05	0.95				
	320	1	52.520088567017545	10.668142990175438	0.0	0.0	3	1.009352681453941	-0.6237138443533413	230.0	35	1.05	0.95				
	321	2	0.0	0.0	0.0	0.0	3	1.05	-1.2994351140392126	230.0	37	1.05	0.95				
	322	2	0.0	0.0	0.0	0.0	3	1.05	3.055852800852172	230.0	37	1.05	0.95				
	323	2	0.0	0.0	0.0	0.0	3	1.00744478595272	0.35563190749515644	230.0	35	1.05	0.95				
	324	1	0.0	0.0	0.0	0.0	3	1.0419609866272497	2.9622066526701114	230.0	36	1.05	0.95				
	325	1	0.0	0.0	0.0	0.0	3	1.0069139419544626	1.1681365797487293	230.0	35	1.05	0.95				
];
