%% MATPOWER Case Format : Version 2
function mpc = RTS_GMLC
mpc.version = '2';

%%-----  Power Flow Data  -----%%
%% system MVA base
mpc.baseMVA = 100.0;
%% bus data
%    bus_i    type    Pd    Qd    Gs    Bs    area    Vm    Va    baseKV    zone    Vmax    Vmin
mpc.bus = [
	101	2	39.15734786526316	7.97649678736842	0.0	0.0	1	1.01215768233202	-4.0927543036826215	138.0	11	1.05	0.95				
	102	2	35.169099471578946	7.251360715789473	0.0	0.0	1	1.0120953920410791	-4.294755512582551	138.0	12	1.05	0.95				
	103	1	65.26224644210527	13.415017324210526	0.0	0.0	1	1.0019784826824532	0.408921139061921	138.0	11	1.05	0.95				
	104	1	26.83003464842105	5.438520536842105	0.0	0.0	1	1.0032818054006356	-4.109014912420759	138.0	11	1.05	0.95				
	105	1	25.742330541052628	5.075952501052631	0.0	0.0	1	1.0174689377413944	-5.055140115474431	138.0	11	1.05	0.95				
	106	1	49.30925286736842	10.151905002105263	0.0	-100.0	1	1.0286137840541756	-6.0489434905824835	138.0	12	1.05	0.95				
	107	2	45.321004473684205	9.064200894736842	0.0	0.0	1	0.9861896471013419	-9.086817005741532	138.0	12	1.05	0.95				
	108	1	61.99913412	12.689881252631578	0.0	0.0	1	0.9896496279014895	-8.100640026815105	138.0	12	1.05	0.95				
	109	1	63.44940626315789	13.05244928842105	0.0	0.0	1	1.002626040429216	-3.110228409865268	138.0	13	1.05	0.95				
	110	1	70.70076697894736	14.502721431578946	0.0	0.0	1	1.0311900731494785	-4.830536596390587	138.0	13	1.05	0.95				
	111	1	0.0	0.0	0.0	0.0	1	0.9802546051972603	-0.692512987774414	230.0	13	1.05	0.95				
	112	1	0.0	0.0	0.0	0.0	1	0.9822198447547235	-1.3823969851249527	230.0	13	1.05	0.95				
	113	3	96.08052948421052	19.57867393263158	0.0	0.0	1	0.9617836852054403	-9.531613266831753e-26	230.0	14	1.05	0.95				
	114	2	70.33819894315789	14.140153395789474	0.0	0.0	1	0.9866087044134307	2.1493056483037054	230.0	16	1.05	0.95				
	115	2	114.93406734526314	23.204354290526314	0.0	0.0	1	0.9883973826333139	10.04069426315409	230.0	16	1.05	0.95				
	116	2	36.25680357894737	7.251360715789473	0.0	0.0	1	0.9879037389822924	8.650220678212634	230.0	16	1.05	0.95				
	117	1	0.0	0.0	0.0	0.0	1	0.9922673926001234	13.507896600155583	230.0	17	1.05	0.95				
	118	2	120.73515591789474	24.65462643368421	0.0	0.0	1	0.9970375406547745	14.144965389051837	230.0	17	1.05	0.95				
	119	1	65.62481447789473	13.415017324210526	0.0	0.0	1	0.9884716321449968	5.499058838342618	230.0	15	1.05	0.95				
	120	1	46.40870858105263	9.426768930526315	0.0	0.0	1	0.9927963146996476	3.175623415006334	230.0	15	1.05	0.95				
	121	2	0.0	0.0	0.0	0.0	1	0.9971877475370734	15.413208092815715	230.0	17	1.05	0.95				
	122	2	0.0	0.0	0.0	0.0	1	1.0129134498947223	28.190173045484926	230.0	17	1.05	0.95				
	123	2	0.0	0.0	0.0	0.0	1	0.9958596500810034	2.2026206329255267	230.0	15	1.05	0.95				
	124	1	0.0	0.0	0.0	0.0	1	0.9820314843932068	6.344236520210097	230.0	16	1.05	0.95				
	201	2	40.90162126736842	8.331811739649122	0.0	0.0	2	1.0109407501971734	-9.802395661956202	138.0	21	1.05	0.95				
	202	2	36.735715397543856	7.57437430877193	0.0	0.0	2	1.0098799933747038	-9.960792132069766	138.0	22	1.05	0.95				
	203	1	68.16936877894737	14.01259247122807	0.0	0.0	2	0.9977744134971323	-7.427393506858304	138.0	21	1.05	0.95				
	204	1	28.02518494245614	5.680780731578946	0.0	0.0	2	1.0020628027924616	-9.050012165956998	138.0	21	1.05	0.95				
	205	1	26.889028796140344	5.3020620161403516	0.0	0.0	2	1.0180899323494081	-9.37975085940184	138.0	21	1.05	0.95				
	206	1	51.50574529964912	10.604124032280703	0.0	-100.0	2	1.0303347626032633	-9.627742007439169	138.0	22	1.05	0.95				
	207	2	47.33983942982456	9.467967885964912	0.0	0.0	2	0.9719692348707516	-14.075788216122788	138.0	22	1.05	0.95				
	208	1	64.76090033999999	13.255155040350875	0.0	0.0	2	0.98175831308637	-12.365505020987532	138.0	22	1.05	0.95				
	209	1	66.27577520175439	13.633873755789471	0.0	0.0	2	1.0068369705189644	-6.685576197859091	138.0	23	1.05	0.95				
	210	1	73.85014951052631	15.14874861754386	0.0	0.0	2	1.0345388266656539	-7.701307760616807	138.0	23	1.05	0.95				
	211	1	0.0	0.0	0.0	0.0	2	0.9865648587690906	-4.455703485946842	230.0	23	1.05	0.95				
	212	1	0.0	0.0	0.0	0.0	2	0.9887318097485015	-0.08474238997330102	230.0	23	1.05	0.95				
	213	2	100.36045959122805	20.45081063368421	0.0	0.0	2	0.9820483362453127	-2.0125661702906816	230.0	24	1.05	0.95				
	214	2	73.47143079508771	14.770029902105264	0.0	0.0	2	0.981602550123539	-3.703966475281773	230.0	26	1.05	0.95				
	215	2	120.05383279403507	24.237997788070174	0.0	0.0	2	0.990415991509611	-0.04120511169058401	230.0	26	1.05	0.95				
	216	2	37.87187154385965	7.57437430877193	0.0	0.0	2	0.988512463336946	-0.14859462564107054	230.0	26	1.05	0.95				
	217	1	0.0	0.0	0.0	0.0	2	0.9989486978194567	0.6492497148174259	230.0	27	1.05	0.95				
	218	2	126.11333224105263	25.75287264982456	0.0	0.0	2	0.999879566930975	0.16462755110348612	230.0	27	1.05	0.95				
	219	1	68.54808749438597	14.01259247122807	0.0	0.0	2	0.982268583419627	0.890910604789064	230.0	25	1.05	0.95				
	220	1	48.47599557614035	9.846686601403508	0.0	0.0	2	0.9798285721639721	2.611487442815255	230.0	25	1.05	0.95				
	221	2	0.0	0.0	0.0	0.0	2	1.002112644764576	0.6619326528921925	230.0	27	1.05	0.95				
	222	2	0.0	0.0	0.0	0.0	2	1.0194472081092012	5.3285990368030465	230.0	27	1.05	0.95				
	223	2	0.0	0.0	0.0	0.0	2	0.9796084621432319	3.8829565777983523	230.0	25	1.05	0.95				
	224	1	0.0	0.0	0.0	0.0	2	0.9840607502312135	-2.858975848691902	230.0	26	1.05	0.95				
	301	2	55.759569764210525	11.358430877894737	0.0	0.0	3	1.0050521501298144	28.482825463464756	138.0	31	1.05	0.95				
	302	2	50.08035432526315	10.32584625263158	0.0	0.0	3	1.0056445483976897	28.124020571058086	138.0	32	1.05	0.95				
	303	1	92.9326162736842	19.10281556736842	0.0	0.0	3	1.0151928440037858	42.850609504285714	138.0	31	1.05	0.95				
	304	1	38.20563113473684	7.744384689473684	0.0	0.0	3	0.9954082631258511	29.629294960991	138.0	31	1.05	0.95				
	305	1	36.6567541968421	7.228092376842106	0.0	0.0	3	1.013266414344307	27.76651315604001	138.0	31	1.05	0.95				
	306	1	70.21575451789474	14.456184753684212	0.0	-100.0	3	1.0251697285415573	26.750045111434524	138.0	32	1.05	0.95				
	307	2	64.53653907894736	12.907307815789473	0.0	0.0	3	0.9682673558200222	23.8435678643933	138.0	32	1.05	0.95				
	308	1	88.28598545999999	18.070230942105262	0.0	0.0	3	0.9797549894186517	26.22220619238555	138.0	32	1.05	0.95				
	309	1	90.35115471052632	18.586523254736843	0.0	0.0	3	1.004361615704732	33.070140952857265	138.0	33	1.05	0.95				
	310	1	100.67700096315788	20.65169250526316	0.0	0.0	3	1.0344804415547697	28.747215969260285	138.0	33	1.05	0.95				
	311	1	0.0	0.0	0.0	0.0	3	0.9923781247033542	32.825673394682426	230.0	33	1.05	0.95				
	312	1	0.0	0.0	0.0	0.0	3	0.9993101563748449	33.01556997238246	230.0	33	1.05	0.95				
	313	2	136.81746284736843	27.879784882105263	0.0	0.0	3	1.000645528732377	35.90914218710183	230.0	34	1.05	0.95				
	314	2	100.1607086505263	20.13540019263158	0.0	0.0	3	0.9826148006441354	32.12247588379142	230.0	36	1.05	0.95				
	315	2	163.66466310421052	33.04270800842105	0.0	0.0	3	0.9852921024062488	30.249936060285382	230.0	36	1.05	0.95				
	316	2	51.62923126315789	10.32584625263158	0.0	0.0	3	0.9761983534216919	30.508549320344905	230.0	36	1.05	0.95				
	317	1	0.0	0.0	0.0	0.0	3	0.9910070409807725	31.808911616297316	230.0	37	1.05	0.95				
	318	2	171.9253401063158	35.10787725894737	0.0	0.0	3	0.9866544730702806	28.348165016402696	230.0	37	1.05	0.95				
	319	1	93.4489085863158	19.10281556736842	0.0	0.0	3	0.9845309972335262	30.292465027716357	230.0	35	1.05	0.95				
	320	1	66.0854160168421	13.423600128421054	0.0	0.0	3	0.9931649263483182	29.90520654016395	230.0	35	1.05	0.95				
	321	2	0.0	0.0	0.0	0.0	3	0.9944426255184554	29.423076103237513	230.0	37	1.05	0.95				
	322	2	0.0	0.0	0.0	0.0	3	1.0110119867118594	33.035909781737516	230.0	37	1.05	0.95				
	323	2	0.0	0.0	0.0	0.0	3	0.9977106722431659	29.575259465854145	230.0	35	1.05	0.95				
	324	1	0.0	0.0	0.0	0.0	3	0.994488382400496	36.3341933334623	230.0	36	1.05	0.95				
	325	1	0.0	0.0	0.0	0.0	3	0.9984929674028438	28.383255406412864	230.0	35	1.05	0.95				
];
