%% MATPOWER Case Format : Version 2
function mpc = RTS_GMLC
mpc.version = '2';

%%-----  Power Flow Data  -----%%
%% system MVA base
mpc.baseMVA = 100.0;
%% bus data
%    bus_i    type    Pd    Qd    Gs    Bs    area    Vm    Va    baseKV    zone    Vmax    Vmin
mpc.bus = [
	101	2	60.82681839157895	12.390648190877192	0.0	0.0	1	1.05	2.3182133475626916	138.0	11	1.05	0.95				
	102	2	54.631494296140346	11.264225628070175	0.0	0.0	1	1.0490979397740128	1.9715752702654454	138.0	12	1.05	0.95				
	103	1	101.37803065263158	20.83881741192982	0.0	0.0	1	1.0302349543180838	-0.5472674043604084	138.0	11	1.05	0.95				
	104	1	41.67763482385964	8.44816922105263	0.0	0.0	1	1.0284353966701183	-1.6798197210175738	138.0	11	1.05	0.95				
	105	1	39.988000979649115	7.884957939649123	0.0	0.0	1	1.0415835579958796	-1.8870495397381588	138.0	11	1.05	0.95				
	106	1	76.59673427087719	15.769915879298246	0.0	-100.0	1	1.0446893995710864	-4.847720054168984	138.0	12	1.05	0.95				
	107	2	70.4014101754386	14.080282035087718	0.0	0.0	1	0.9994738142202794	-11.373758256914913	138.0	12	1.05	0.95				
	108	1	96.30912912	19.712394849122806	0.0	0.0	1	0.9992369794139965	-9.997368277009931	138.0	12	1.05	0.95				
	109	1	98.56197424561402	20.275606130526313	0.0	0.0	1	1.0252185137274326	-3.4755268619664874	138.0	13	1.05	0.95				
	110	1	109.8261998736842	22.52845125614035	0.0	0.0	1	1.05	-4.460372556158701	138.0	13	1.05	0.95				
	111	1	0.0	0.0	0.0	0.0	1	1.007732146926465	-1.460455410567752	230.0	13	1.05	0.95				
	112	1	0.0	0.0	0.0	0.0	1	1.0116347407709516	-0.9330825257560689	230.0	13	1.05	0.95				
	113	3	149.2509895719298	30.413409195789477	0.0	0.0	1	1.0040951974382193	4.869404956661017e-28	230.0	14	1.05	0.95				
	114	2	109.26298859228069	21.965239974736843	0.0	0.0	1	1.005678496949242	-0.12858007315345407	230.0	16	1.05	0.95				
	115	2	178.53797620491227	36.04552200982456	0.0	0.0	1	1.0359622334777063	5.533323158317274	230.0	16	1.05	0.95				
	116	2	56.32112814035087	11.264225628070175	0.0	0.0	1	1.032719786116284	5.150784348039858	230.0	16	1.05	0.95				
	117	1	0.0	0.0	0.0	0.0	1	1.0393814849787126	7.579169078186937	230.0	17	1.05	0.95				
	118	2	187.54935670736842	38.298367135438596	0.0	0.0	1	1.0415225687771792	7.88249659153211	230.0	17	1.05	0.95				
	119	1	101.94124193403509	20.83881741192982	0.0	0.0	1	1.0261921998092998	4.059131272651011	230.0	15	1.05	0.95				
	120	1	72.09104401964912	14.643493316491227	0.0	0.0	1	1.0245688308010021	3.955337892588355	230.0	15	1.05	0.95				
	121	2	0.0	0.0	0.0	0.0	1	1.0447059653290256	9.237855902685524	230.0	17	1.05	0.95				
	122	2	0.0	0.0	0.0	0.0	1	1.05	15.093222916388804	230.0	17	1.05	0.95				
	123	2	0.0	0.0	0.0	0.0	1	1.0248599115805412	4.3304602588112555	230.0	15	1.05	0.95				
	124	1	0.0	0.0	0.0	0.0	1	1.025526034014024	3.251169771831587	230.0	16	1.05	0.95				
	201	2	58.13946166736842	11.843223672982456	0.0	0.0	2	1.0249778130785727	-8.429222865215111	138.0	21	1.05	0.95				
	202	2	52.21784983087719	10.766566975438597	0.0	0.0	2	1.025927672763423	-8.220150017920815	138.0	22	1.05	0.95				
	203	1	96.89910277894737	19.918148904561402	0.0	0.0	2	1.0145172933565205	-8.286334322707045	138.0	21	1.05	0.95				
	204	1	39.836297809122804	8.074925231578947	0.0	0.0	2	1.0162589860503433	-9.222983558372615	138.0	21	1.05	0.95				
	205	1	38.22131276280702	7.536596882807019	0.0	0.0	2	1.0308684486736583	-9.465183295516026	138.0	21	1.05	0.95				
	206	1	73.21265543298246	15.073193765614038	0.0	-100.0	2	1.0415249951088235	-10.525482888814427	138.0	22	1.05	0.95				
	207	2	67.29104359649124	13.458208719298245	0.0	0.0	2	0.9930253254918431	-18.228344363528485	138.0	22	1.05	0.95				
	208	1	92.05414764	18.841492207017545	0.0	0.0	2	0.9943773528516313	-15.687547956583904	138.0	22	1.05	0.95				
	209	1	94.20746103508772	19.379820555789472	0.0	0.0	2	1.0243438977400556	-7.8374995985660005	138.0	23	1.05	0.95				
	210	1	104.97402801052631	21.533133950877193	0.0	0.0	2	1.05	-8.794484024894981	138.0	23	1.05	0.95				
	211	1	0.0	0.0	0.0	0.0	2	1.0088917765739802	-5.078316528103285	230.0	23	1.05	0.95				
	212	1	0.0	0.0	0.0	0.0	2	1.0144485095002282	-0.461386306299887	230.0	23	1.05	0.95				
	213	2	142.6570124245614	29.06973083368421	0.0	0.0	2	1.0079760906376982	-2.6253670434749123	230.0	24	1.05	0.95				
	214	2	104.43569966175438	20.994805602105263	0.0	0.0	2	1.0084717866753583	-3.9004655848993814	230.0	26	1.05	0.95				
	215	2	170.65008656070177	34.45301432140351	0.0	0.0	2	1.025892226870566	1.0658226469356795	230.0	26	1.05	0.95				
	216	2	53.83283487719298	10.766566975438597	0.0	0.0	2	1.026023295492378	1.0913838690017048	230.0	26	1.05	0.95				
	217	1	0.0	0.0	0.0	0.0	2	1.0303483084901048	2.2067050427524886	230.0	27	1.05	0.95				
	218	2	179.26334014105262	36.60632771649123	0.0	0.0	2	1.0290679836424257	1.5483860997737844	230.0	27	1.05	0.95				
	219	1	97.4374311277193	19.918148904561402	0.0	0.0	2	1.025354437321491	1.5848458941529369	230.0	25	1.05	0.95				
	220	1	68.90602864280702	13.996537068070175	0.0	0.0	2	1.029162035945551	3.058720397103788	230.0	25	1.05	0.95				
	221	2	0.0	0.0	0.0	0.0	2	1.0311853034062772	2.1948633929224597	230.0	27	1.05	0.95				
	222	2	0.0	0.0	0.0	0.0	2	1.05	8.692882586009562	230.0	27	1.05	0.95				
	223	2	0.0	0.0	0.0	0.0	2	1.0328795461173594	4.27143191885332	230.0	25	1.05	0.95				
	224	1	0.0	0.0	0.0	0.0	2	1.010071857519032	-2.431776562160485	230.0	26	1.05	0.95				
	301	2	62.319519132631584	12.694716860350876	0.0	0.0	3	1.0014039529904644	-8.85931420071275	138.0	31	1.05	0.95				
	302	2	55.972160702456144	11.54065169122807	0.0	0.0	3	1.0011959486393671	-8.931464736711344	138.0	32	1.05	0.95				
	303	1	103.86586522105263	21.350205628771928	0.0	0.0	3	1.0167974680031509	-4.472571151361324	138.0	31	1.05	0.95				
	304	1	42.700411257543855	8.655488768421051	0.0	0.0	3	1.0041634781498419	-6.925104762154415	138.0	31	1.05	0.95				
	305	1	40.969313503859645	8.07845618385965	0.0	0.0	3	1.0171798664963574	-7.285410174027856	138.0	31	1.05	0.95				
	306	1	78.47643150035088	16.1569123677193	0.0	-100.0	3	1.0340933696830394	-7.056823875232477	138.0	32	1.05	0.95				
	307	2	72.12907307017544	14.425814614035087	0.0	0.0	3	0.9964930374363218	-10.922178175620418	138.0	32	1.05	0.95				
	308	1	98.67257196	20.19614045964912	0.0	0.0	3	1.003532737875613	-8.316825645604885	138.0	32	1.05	0.95				
	309	1	100.9807022982456	20.773173044210523	0.0	0.0	3	1.0267865451271956	-2.93541008651708	138.0	33	1.05	0.95				
	310	1	112.52135398947367	23.08130338245614	0.0	0.0	3	1.05	-3.866337325550746	138.0	33	1.05	0.95				
	311	1	0.0	0.0	0.0	0.0	3	1.0131198090144988	2.074164503971097	230.0	33	1.05	0.95				
	312	1	0.0	0.0	0.0	0.0	3	1.0180952445661835	3.640891436667283	230.0	33	1.05	0.95				
	313	2	152.9136349087719	31.159759566315792	0.0	0.0	3	1.0329475128517065	9.500626430446713	230.0	34	1.05	0.95				
	314	2	111.94432140491229	22.504270797894737	0.0	0.0	3	1.011590431379162	0.9841692003261995	230.0	36	1.05	0.95				
	315	2	182.9193293059649	36.930085411929824	0.0	0.0	3	1.024394735493331	-0.780183390654457	230.0	36	1.05	0.95				
	316	2	57.70325845614035	11.54065169122807	0.0	0.0	3	1.0248691503713345	0.22852146870363307	230.0	36	1.05	0.95				
	317	1	0.0	0.0	0.0	0.0	3	1.028750099012509	0.43937443584148483	230.0	37	1.05	0.95				
	318	2	192.15185065894738	39.23821575017544	0.0	0.0	3	1.0270858048997404	-0.08865683112806004	230.0	37	1.05	0.95				
	319	1	104.44289780561404	21.350205628771928	0.0	0.0	3	1.025527360968204	2.473288385429418	230.0	35	1.05	0.95				
	320	1	73.86017082385965	15.002847198596491	0.0	0.0	3	1.0283478558506196	4.121714975918416	230.0	35	1.05	0.95				
	321	2	0.0	0.0	0.0	0.0	3	1.0282378004314345	0.23013278840663376	230.0	37	1.05	0.95				
	322	2	0.0	0.0	0.0	0.0	3	1.0417490839695507	4.6881423256329375	230.0	37	1.05	0.95				
	323	2	0.0	0.0	0.0	0.0	3	1.0304656945995696	4.977520941118882	230.0	35	1.05	0.95				
	324	1	0.0	0.0	0.0	0.0	3	1.017269178630249	-0.7576200064910174	230.0	36	1.05	0.95				
	325	1	0.0	0.0	0.0	0.0	3	1.0315654944720747	5.344684314552791	230.0	35	1.05	0.95				
];
