%% MATPOWER Case Format : Version 2
function mpc = RTS_GMLC
mpc.version = '2';

%%-----  Power Flow Data  -----%%
%% system MVA base
mpc.baseMVA = 100.0;
%% bus data
%    bus_i    type    Pd    Qd    Gs    Bs    area    Vm    Va    baseKV    zone    Vmax    Vmin
mpc.bus = [
	101	2	81.45423056842105	16.59252844912281	0.0	0.0	1	1.05	-0.3342014378607456	138.0	11	1.05	0.95				
	102	2	73.15796634385964	15.084116771929827	0.0	0.0	1	1.0497397884471513	-0.6071594695632876	138.0	12	1.05	0.95				
	103	1	135.75705094736844	27.905616028070174	0.0	0.0	1	1.027521335978048	-1.9640067730866164	138.0	11	1.05	0.95				
	104	1	55.81123205614035	11.31308757894737	0.0	0.0	1	1.0260910845124513	-4.148153155219294	138.0	11	1.05	0.95				
	105	1	53.54861454035088	10.558881740350879	0.0	0.0	1	1.0391603142779415	-4.570434858298131	138.0	11	1.05	0.95				
	106	1	102.57199404912282	21.117763480701758	0.0	-100.0	1	1.0393565268391591	-7.6831571623334645	138.0	12	1.05	0.95				
	107	2	94.27572982456141	18.855145964912282	0.0	0.0	1	1.0115100295664765	-11.100602671307232	138.0	12	1.05	0.95				
	108	1	128.9691984	26.39720435087719	0.0	0.0	1	1.001738967135828	-11.263777382504543	138.0	12	1.05	0.95				
	109	1	131.98602175438597	27.151410189473683	0.0	0.0	1	1.0264776457672637	-5.124802313124838	138.0	13	1.05	0.95				
	110	1	147.0701385263158	30.168233543859653	0.0	0.0	1	1.05	-6.576634984162611	138.0	13	1.05	0.95				
	111	1	0.0	0.0	0.0	0.0	1	1.0159043374874879	-2.185695598096784	230.0	13	1.05	0.95				
	112	1	0.0	0.0	0.0	0.0	1	1.0171332529847803	-1.5822077035382762	230.0	13	1.05	0.95				
	113	3	199.8645472280702	40.72711528421053	0.0	0.0	1	1.017820566912275	1.880002005242121e-30	230.0	14	1.05	0.95				
	114	2	146.31593268771928	29.414027705263162	0.0	0.0	1	1.0203071394569783	-0.41167631439755176	230.0	16	1.05	0.95				
	115	2	239.08325083508774	48.26917367017544	0.0	0.0	1	1.0445200113376336	7.559531579767884	230.0	16	1.05	0.95				
	116	2	75.42058385964913	15.084116771929827	0.0	0.0	1	1.0426010416269287	6.678486800684961	230.0	16	1.05	0.95				
	117	1	0.0	0.0	0.0	0.0	1	1.0456382594524913	9.958038874354282	230.0	17	1.05	0.95				
	118	2	251.15054425263162	51.28599702456141	0.0	0.0	1	1.047780601627686	10.55086323277813	230.0	17	1.05	0.95				
	119	1	136.51125678596492	27.905616028070174	0.0	0.0	1	1.035128336814201	5.059665098519899	230.0	15	1.05	0.95				
	120	1	96.53834734035088	19.609351803508773	0.0	0.0	1	1.0347274677991722	4.6844407863883335	230.0	15	1.05	0.95				
	121	2	0.0	0.0	0.0	0.0	1	1.05	12.428097476785922	230.0	17	1.05	0.95				
	122	2	0.0	0.0	0.0	0.0	1	1.05	18.829078005414214	230.0	17	1.05	0.95				
	123	2	0.0	0.0	0.0	0.0	1	1.0365130750938978	5.040843598621835	230.0	15	1.05	0.95				
	124	1	0.0	0.0	0.0	0.0	1	1.026184826081712	4.017140853334656	230.0	16	1.05	0.95				
	201	2	72.07933259368421	14.682827009824562	0.0	0.0	2	1.0314897613664373	-8.666902730173083	138.0	21	1.05	0.95				
	202	2	64.73791908877192	13.348024554385965	0.0	0.0	2	1.0319779742523911	-8.612677968891045	138.0	22	1.05	0.95				
	203	1	120.1322209894737	24.693845425614033	0.0	0.0	2	1.0190777449264028	-8.446428779251557	138.0	21	1.05	0.95				
	204	1	49.387690851228065	10.011018415789472	0.0	0.0	2	1.0172203741995458	-10.011587877131507	138.0	21	1.05	0.95				
	205	1	47.38548716807017	9.343617188070176	0.0	0.0	2	1.0323540773519797	-10.19592508875938	138.0	21	1.05	0.95				
	206	1	90.76656696982457	18.687234376140353	0.0	-100.0	2	1.03911782927023	-11.663635246045642	138.0	22	1.05	0.95				
	207	2	83.42515346491228	16.685030692982455	0.0	0.0	2	0.9785686699176723	-21.5674225728262	138.0	22	1.05	0.95				
	208	1	114.12560993999999	23.359042970175437	0.0	0.0	2	0.9799945083477273	-18.313709515867675	138.0	22	1.05	0.95				
	209	1	116.79521485087719	24.026444197894737	0.0	0.0	2	1.0258406590948301	-8.444432285400302	138.0	23	1.05	0.95				
	210	1	130.14323940526316	26.69604910877193	0.0	0.0	2	1.05	-9.630973748315869	138.0	23	1.05	0.95				
	211	1	0.0	0.0	0.0	0.0	2	1.0186275309781443	-4.990569788915837	230.0	23	1.05	0.95				
	212	1	0.0	0.0	0.0	0.0	2	1.021233559289097	0.0788014433633724	230.0	23	1.05	0.95				
	213	2	176.86132534561403	36.03966629684211	0.0	0.0	2	1.0240221238563634	-2.1638913205764476	230.0	24	1.05	0.95				
	214	2	129.47583817754384	26.02864788105263	0.0	0.0	2	1.0244706959341936	-3.438929500045281	230.0	26	1.05	0.95				
	215	2	211.56618918701753	42.713678574035086	0.0	0.0	2	1.039525965997675	2.6629067708625094	230.0	26	1.05	0.95				
	216	2	66.74012277192982	13.348024554385965	0.0	0.0	2	1.040127766996022	2.843242629574304	230.0	26	1.05	0.95				
	217	1	0.0	0.0	0.0	0.0	2	1.0430414412815792	4.749730070930538	230.0	27	1.05	0.95				
	218	2	222.24460883052632	45.38328348491228	0.0	0.0	2	1.043146785773349	4.860476743074872	230.0	27	1.05	0.95				
	219	1	120.79962221719298	24.693845425614033	0.0	0.0	2	1.039344984610992	3.5351665680926048	230.0	25	1.05	0.95				
	220	1	85.42735714807017	17.352431920701754	0.0	0.0	2	1.0446435166076693	5.391635216935298	230.0	25	1.05	0.95				
	221	2	0.0	0.0	0.0	0.0	2	1.0436106240918304	4.895057047183985	230.0	27	1.05	0.95				
	222	2	0.0	0.0	0.0	0.0	2	1.05	11.34415304358382	230.0	27	1.05	0.95				
	223	2	0.0	0.0	0.0	0.0	2	1.05	6.890067367133787	230.0	25	1.05	0.95				
	224	1	0.0	0.0	0.0	0.0	2	1.0180259531697222	-1.4592417989562914	230.0	26	1.05	0.95				
	301	2	87.2951597431579	17.782347355087722	0.0	0.0	3	1.0158347716365497	7.19004502961771	138.0	31	1.05	0.95				
	302	2	78.40398606561403	16.16577032280702	0.0	0.0	3	1.0142904294045918	6.822972555706242	138.0	32	1.05	0.95				
	303	1	145.49193290526316	29.90667509719298	0.0	0.0	3	1.047691533993351	22.777398398345422	138.0	31	1.05	0.95				
	304	1	59.81335019438596	12.124327742105264	0.0	0.0	3	1.0046656260062792	9.162655884762966	138.0	31	1.05	0.95				
	305	1	57.38848464596491	11.316039225964914	0.0	0.0	3	1.0218308676506105	7.532517869931814	138.0	31	1.05	0.95				
	306	1	109.92723819508774	22.63207845192983	0.0	-100.0	3	1.0305362008495706	6.8588030753515055	138.0	32	1.05	0.95				
	307	2	101.03606451754385	20.207212903508772	0.0	0.0	3	0.9724099972951231	0.4625605769309762	138.0	32	1.05	0.95				
	308	1	138.21733626000002	28.29009806491228	0.0	0.0	3	0.9796243723012402	4.351486930683204	138.0	32	1.05	0.95				
	309	1	141.4504903245614	29.098386581052633	0.0	0.0	3	1.0271116743754896	14.380279818921805	138.0	33	1.05	0.95				
	310	1	157.61626064736842	32.33154064561404	0.0	0.0	3	1.05	10.464251321614462	138.0	33	1.05	0.95				
	311	1	0.0	0.0	0.0	0.0	3	1.0256154070140975	17.480207398205366	230.0	33	1.05	0.95				
	312	1	0.0	0.0	0.0	0.0	3	1.0282949993491108	18.809245222175097	230.0	33	1.05	0.95				
	313	2	214.19645677719296	43.64757987157895	0.0	0.0	3	1.05	25.10442192287682	230.0	34	1.05	0.95				
	314	2	156.80797213122807	31.52325212947369	0.0	0.0	3	1.0325765655986197	15.680758961682992	230.0	36	1.05	0.95				
	315	2	256.2274596164913	51.730465032982465	0.0	0.0	3	1.05	12.105465012623094	230.0	36	1.05	0.95				
	316	2	80.82885161403509	16.16577032280702	0.0	0.0	3	1.04611130298381	12.622458109766129	230.0	36	1.05	0.95				
	317	1	0.0	0.0	0.0	0.0	3	1.0495515391766561	12.549766757063646	230.0	37	1.05	0.95				
	318	2	269.1600758747369	54.96361909754387	0.0	0.0	3	1.0471839032921355	11.027241376541351	230.0	37	1.05	0.95				
	319	1	146.3002214214035	29.90667509719298	0.0	0.0	3	1.0428278677691267	14.425897920992051	230.0	35	1.05	0.95				
	320	1	103.46093006596493	21.015501419649123	0.0	0.0	3	1.0445774302175	16.125286884569515	230.0	35	1.05	0.95				
	321	2	0.0	0.0	0.0	0.0	3	1.0485941288649647	11.96606742744074	230.0	37	1.05	0.95				
	322	2	0.0	0.0	0.0	0.0	3	1.05	16.539976005051724	230.0	37	1.05	0.95				
	323	2	0.0	0.0	0.0	0.0	3	1.046384855579124	16.882588464368958	230.0	35	1.05	0.95				
	324	1	0.0	0.0	0.0	0.0	3	1.0483467386446017	18.040332210385383	230.0	36	1.05	0.95				
	325	1	0.0	0.0	0.0	0.0	3	1.048095433672944	16.508278375326558	230.0	35	1.05	0.95				
];
