%% MATPOWER Case Format : Version 2
function mpc = RTS_GMLC
mpc.version = '2';

%%-----  Power Flow Data  -----%%
%% system MVA base
mpc.baseMVA = 100.0;
%% bus data
%    bus_i    type    Pd    Qd    Gs    Bs    area    Vm    Va    baseKV    zone    Vmax    Vmin
mpc.bus = [
	101	2	79.24987629473684	16.143493319298244	0.0	0.0	1	1.0329308908125494	-2.085567204459448	138.0	11	1.05	0.95				
	102	2	71.17812963508771	14.67590301754386	0.0	0.0	1	1.0329237586335531	-2.140380013824185	138.0	12	1.05	0.95				
	103	1	132.08312715789475	27.150420582456135	0.0	0.0	1	1.020589743835309	-2.6273703094062606	138.0	11	1.05	0.95				
	104	1	54.30084116491227	11.006927263157893	0.0	0.0	1	1.016571390316638	-4.933810378399015	138.0	11	1.05	0.95				
	105	1	52.099455712280694	10.2731321122807	0.0	0.0	1	1.0317224118840624	-4.969628903463471	138.0	11	1.05	0.95				
	106	1	99.79614051929825	20.5462642245614	0.0	-100.0	1	1.0367857852204019	-7.2527247661642456	138.0	12	1.05	0.95				
	107	2	91.72439385964913	18.344878771929825	0.0	0.0	1	1.0469825586614934	-2.5563480130735345	138.0	12	1.05	0.95				
	108	1	125.47897079999998	25.68283028070175	0.0	0.0	1	1.0241175828103337	-5.818876412904666	138.0	12	1.05	0.95				
	109	1	128.41415140350875	26.416625431578943	0.0	0.0	1	1.0266736014643234	-4.249807234783108	138.0	13	1.05	0.95				
	110	1	143.09005442105263	29.35180603508772	0.0	0.0	1	1.05	-5.577217082512666	138.0	13	1.05	0.95				
	111	1	0.0	0.0	0.0	0.0	1	1.0140273540171696	-1.492823515971794	230.0	13	1.05	0.95				
	112	1	0.0	0.0	0.0	0.0	1	1.0160446263356213	-0.5334304729144184	230.0	13	1.05	0.95				
	113	3	194.45571498245613	39.62493814736842	0.0	0.0	1	1.0144623407695084	-7.72917222185133e-27	230.0	14	1.05	0.95				
	114	2	142.35625927017543	28.618010884210527	0.0	0.0	1	1.016881804125602	0.6651995029324129	230.0	16	1.05	0.95				
	115	2	232.61306282807018	46.96288965614035	0.0	0.0	1	1.0452778599184411	8.405774255501472	230.0	16	1.05	0.95				
	116	2	73.3795150877193	14.67590301754386	0.0	0.0	1	1.0435485374747722	8.128149345985623	230.0	16	1.05	0.95				
	117	1	0.0	0.0	0.0	0.0	1	1.0472483163279451	11.014558622007355	230.0	17	1.05	0.95				
	118	2	244.35378524210526	49.898070259649124	0.0	0.0	1	1.0492261922597361	11.56466388830037	230.0	17	1.05	0.95				
	119	1	132.81692230877192	27.150420582456135	0.0	0.0	1	1.038179099716157	7.100619519397828	230.0	15	1.05	0.95				
	120	1	93.9257793122807	19.078673922807017	0.0	0.0	1	1.0399809848324744	7.592389790716337	230.0	15	1.05	0.95				
	121	2	0.0	0.0	0.0	0.0	1	1.05	12.1675755413196	230.0	17	1.05	0.95				
	122	2	0.0	0.0	0.0	0.0	1	1.05	18.618900721790105	230.0	17	1.05	0.95				
	123	2	0.0	0.0	0.0	0.0	1	1.0430506640744275	8.403036028814249	230.0	15	1.05	0.95				
	124	1	0.0	0.0	0.0	0.0	1	1.022216424901807	4.328595473386953	230.0	16	1.05	0.95				
	201	2	76.92428773894737	15.669762317192983	0.0	0.0	2	1.0389124021531644	-7.880773042063733	138.0	21	1.05	0.95				
	202	2	69.08940658035088	14.245238470175439	0.0	0.0	2	1.0388738958629127	-8.011450182480518	138.0	22	1.05	0.95				
	203	1	128.20714623157897	26.35369116982456	0.0	0.0	2	1.0281366435219048	-5.5596111468738245	138.0	21	1.05	0.95				
	204	1	52.70738233964912	10.68392885263158	0.0	0.0	2	1.019464566710082	-9.921331905895507	138.0	21	1.05	0.95				
	205	1	50.570596569122806	9.971666929122808	0.0	0.0	2	1.0353331551314473	-10.233391160176701	138.0	21	1.05	0.95				
	206	1	96.867621597193	19.943333858245616	0.0	-100.0	2	1.0392004747850587	-12.233495246514071	138.0	22	1.05	0.95				
	207	2	89.03274043859649	17.8065480877193	0.0	0.0	2	0.9682520298152032	-22.972743440778764	138.0	22	1.05	0.95				
	208	1	121.79678891999998	24.929167322807018	0.0	0.0	2	0.9715676950563888	-19.458177947354663	138.0	22	1.05	0.95				
	209	1	124.6458366140351	25.641429246315788	0.0	0.0	2	1.0258892409371665	-8.612192822294558	138.0	23	1.05	0.95				
	210	1	138.8910750842105	28.490476940350877	0.0	0.0	2	1.05	-10.38861787250245	138.0	23	1.05	0.95				
	211	1	0.0	0.0	0.0	0.0	2	1.0237959601270155	-3.997472666788202	230.0	23	1.05	0.95				
	212	1	0.0	0.0	0.0	0.0	2	1.0196170666419555	-2.8219266530697875	230.0	23	1.05	0.95				
	213	2	188.74940972982455	38.462143869473685	0.0	0.0	2	1.0333188443535632	-0.5835106376181106	230.0	24	1.05	0.95				
	214	2	138.17881316070176	27.778215016842108	0.0	0.0	2	1.0369516357106636	-1.60810117837442	230.0	26	1.05	0.95				
	215	2	225.7870297522807	45.584763104561404	0.0	0.0	2	1.0442236922769637	5.992227725699074	230.0	26	1.05	0.95				
	216	2	71.2261923508772	14.245238470175439	0.0	0.0	2	1.0472321732340195	6.1297320629657515	230.0	26	1.05	0.95				
	217	1	0.0	0.0	0.0	0.0	2	1.0488596581381178	9.155829545075568	230.0	27	1.05	0.95				
	218	2	237.18322052842103	48.4338107985965	0.0	0.0	2	1.05	9.984474869568421	230.0	27	1.05	0.95				
	219	1	128.91940815508772	26.35369116982456	0.0	0.0	2	1.0434710966325145	5.696117875313977	230.0	25	1.05	0.95				
	220	1	91.16952620912281	18.51881001122807	0.0	0.0	2	1.046307773685089	6.6519754589587965	230.0	25	1.05	0.95				
	221	2	0.0	0.0	0.0	0.0	2	1.05	10.372466318800518	230.0	27	1.05	0.95				
	222	2	0.0	0.0	0.0	0.0	2	1.05	16.406941662343463	230.0	27	1.05	0.95				
	223	2	0.0	0.0	0.0	0.0	2	1.05	7.693769014790003	230.0	25	1.05	0.95				
	224	1	0.0	0.0	0.0	0.0	2	1.023712726164776	1.6865159855039382	230.0	26	1.05	0.95				
	301	2	69.71654538947368	14.201518505263158	0.0	0.0	3	1.0140147406081224	-18.00176264056771	138.0	31	1.05	0.95				
	302	2	62.6157861368421	12.910471368421053	0.0	0.0	3	1.012621579503227	-18.364795170009895	138.0	32	1.05	0.95				
	303	1	116.19424231578948	23.884372031578945	0.0	0.0	3	1.0205610586996006	-12.47170406613399	138.0	31	1.05	0.95				
	304	1	47.76874406315789	9.682853526315789	0.0	0.0	3	1.0087477010841972	-17.20988325487998	138.0	31	1.05	0.95				
	305	1	45.83217335789473	9.037329957894737	0.0	0.0	3	1.0234610053760358	-17.849318096868924	138.0	31	1.05	0.95				
	306	1	87.79120530526316	18.074659915789475	0.0	-100.0	3	1.0351664807956429	-18.49293922455704	138.0	32	1.05	0.95				
	307	2	80.69044605263159	16.138089210526317	0.0	0.0	3	1.0053373917282005	-20.608163676362366	138.0	32	1.05	0.95				
	308	1	110.38453020000001	22.593324894736842	0.0	0.0	3	1.0012863413852464	-20.11067586750297	138.0	32	1.05	0.95				
	309	1	112.96662447368422	23.238848463157893	0.0	0.0	3	1.02726573827274	-13.626037860926457	138.0	33	1.05	0.95				
	310	1	125.87709584210526	25.820942736842106	0.0	0.0	3	1.05	-15.62778035670923	138.0	33	1.05	0.95				
	311	1	0.0	0.0	0.0	0.0	3	1.0187398346400052	-8.673713806508697	230.0	33	1.05	0.95				
	312	1	0.0	0.0	0.0	0.0	3	1.0177447041189505	-7.68302917251326	230.0	33	1.05	0.95				
	313	2	171.06374563157894	34.85827269473684	0.0	0.0	3	1.028379479935354	-4.340398666840609	230.0	34	1.05	0.95				
	314	2	125.2315722736842	25.175419168421055	0.0	0.0	3	1.0285161258765305	-6.578182350853357	230.0	36	1.05	0.95				
	315	2	204.63097118947368	41.31350837894737	0.0	0.0	3	1.0479558837753327	0.24202051865015925	230.0	36	1.05	0.95				
	316	2	64.55235684210527	12.910471368421053	0.0	0.0	3	1.0467318375168837	0.2887638627126414	230.0	36	1.05	0.95				
	317	1	0.0	0.0	0.0	0.0	3	1.0481280378109397	2.4371752509137976	230.0	37	1.05	0.95				
	318	2	214.95934828421053	43.89560265263158	0.0	0.0	3	1.0480892855256947	2.7074826607763742	230.0	37	1.05	0.95				
	319	1	116.83976588421052	23.884372031578945	0.0	0.0	3	1.0430981349579513	-0.2837251473239111	230.0	35	1.05	0.95				
	320	1	82.62701675789474	16.78361277894737	0.0	0.0	3	1.0452526651551384	0.4291996327482684	230.0	35	1.05	0.95				
	321	2	0.0	0.0	0.0	0.0	3	1.05	3.800283268926142	230.0	37	1.05	0.95				
	322	2	0.0	0.0	0.0	0.0	3	1.05	9.040710599950307	230.0	37	1.05	0.95				
	323	2	0.0	0.0	0.0	0.0	3	1.0481514236063303	1.292450879040345	230.0	35	1.05	0.95				
	324	1	0.0	0.0	0.0	0.0	3	1.0216040201505738	-4.449190351041345	230.0	36	1.05	0.95				
	325	1	0.0	0.0	0.0	0.0	3	1.0458502188228382	2.193709664159948	230.0	35	1.05	0.95				
];
