%% MATPOWER Case Format : Version 2
function mpc = RTS_GMLC
mpc.version = '2';

%%-----  Power Flow Data  -----%%
%% system MVA base
mpc.baseMVA = 100.0;
%% bus data
%    bus_i    type    Pd    Qd    Gs    Bs    area    Vm    Va    baseKV    zone    Vmax    Vmin
mpc.bus = [
	101	2	43.76645226947369	8.915388425263158	0.0	0.0	1	1.032542059124651	2.1525864621430504	138.0	11	1.05	0.95				
	102	2	39.3087580568421	8.104898568421055	0.0	0.0	1	1.0316343141962419	1.8881736310765942	138.0	12	1.05	0.95				
	103	1	72.94408711578949	14.994062351578947	0.0	0.0	1	1.028951367101979	0.8218566977577313	138.0	11	1.05	0.95				
	104	1	29.988124703157894	6.078673926315789	0.0	0.0	1	1.0211210374083228	-1.0726038320063833	138.0	11	1.05	0.95				
	105	1	28.772389917894735	5.673428997894738	0.0	0.0	1	1.0357412012958869	-0.8797411626423339	138.0	11	1.05	0.95				
	106	1	55.11331026526316	11.346857995789476	0.0	-100.0	1	1.045801393664854	-3.0339532413326413	138.0	12	1.05	0.95				
	107	2	50.65561605263158	10.131123210526315	0.0	0.0	1	1.0007070631818777	-8.68234693509801	138.0	12	1.05	0.95				
	108	1	69.29688276	14.18357249473684	0.0	0.0	1	1.0050695402793273	-7.218621991035283	138.0	12	1.05	0.95				
	109	1	70.91786247368421	14.588817423157893	0.0	0.0	1	1.0245709763956732	-1.8468785895348092	138.0	13	1.05	0.95				
	110	1	79.02276104210526	16.20979713684211	0.0	0.0	1	1.05	-2.672518841918017	138.0	13	1.05	0.95				
	111	1	0.0	0.0	0.0	0.0	1	1.003204084354783	-0.05712723431186214	230.0	13	1.05	0.95				
	112	1	0.0	0.0	0.0	0.0	1	1.0080872922141844	0.09288369648383983	230.0	13	1.05	0.95				
	113	3	107.38990603157895	21.883226134736844	0.0	0.0	1	0.9947967078838933	3.0417130214298764e-30	230.0	14	1.05	0.95				
	114	2	78.6175161136842	15.804552208421056	0.0	0.0	1	1.0004759190381227	2.227522111720883	230.0	16	1.05	0.95				
	115	2	128.4626423094737	25.93567541894737	0.0	0.0	1	1.0367922077903597	8.338895712281813	230.0	16	1.05	0.95				
	116	2	40.52449284210526	8.104898568421055	0.0	0.0	1	1.0328725125726852	7.774014275257456	230.0	16	1.05	0.95				
	117	1	0.0	0.0	0.0	0.0	1	1.0400847516288334	10.21066518372516	230.0	17	1.05	0.95				
	118	2	134.94656116421052	27.55665513263158	0.0	0.0	1	1.04299901894403	10.357185439228944	230.0	17	1.05	0.95				
	119	1	73.34933204421054	14.994062351578947	0.0	0.0	1	1.0260948902978366	6.3193743143741035	230.0	15	1.05	0.95				
	120	1	51.87135083789474	10.536368138947369	0.0	0.0	1	1.0231562391680602	5.8373942199230076	230.0	15	1.05	0.95				
	121	2	0.0	0.0	0.0	0.0	1	1.046483885288326	11.424863397690494	230.0	17	1.05	0.95				
	122	2	0.0	0.0	0.0	0.0	1	1.05	18.92947662437071	230.0	17	1.05	0.95				
	123	2	0.0	0.0	0.0	0.0	1	1.0219463534192927	5.886961184126461	230.0	15	1.05	0.95				
	124	1	0.0	0.0	0.0	0.0	1	1.024165603236537	5.520326066636902	230.0	16	1.05	0.95				
	201	2	48.46655122105263	9.872815989473684	0.0	0.0	2	1.0260648398400967	-8.822632127315044	138.0	21	1.05	0.95				
	202	2	43.530143226315786	8.975287263157895	0.0	0.0	2	1.027080079088279	-8.627179031940523	138.0	22	1.05	0.95				
	203	1	80.77758536842106	16.604281436842104	0.0	0.0	2	1.0166595770352307	-7.983663841685882	138.0	21	1.05	0.95				
	204	1	33.20856287368421	6.731465447368421	0.0	0.0	2	1.0177539623506038	-10.256857577956081	138.0	21	1.05	0.95				
	205	1	31.86226978421053	6.282701084210528	0.0	0.0	2	1.032549447463322	-10.540146737852911	138.0	21	1.05	0.95				
	206	1	61.03195338947369	12.565402168421056	0.0	-100.0	2	1.0441268624731341	-11.901316748028977	138.0	22	1.05	0.95				
	207	2	56.095545394736845	11.219109078947369	0.0	0.0	2	0.9920629997945406	-18.394235198678675	138.0	22	1.05	0.95				
	208	1	76.7387061	15.706752710526315	0.0	0.0	2	0.9974514045427482	-16.347792136004145	138.0	22	1.05	0.95				
	209	1	78.53376355263158	16.155517073684212	0.0	0.0	2	1.022910089867568	-9.748221770376228	138.0	23	1.05	0.95				
	210	1	87.50905081578948	17.95057452631579	0.0	0.0	2	1.05	-10.84363018207382	138.0	23	1.05	0.95				
	211	1	0.0	0.0	0.0	0.0	2	1.0060675854100032	-6.965779681991013	230.0	23	1.05	0.95				
	212	1	0.0	0.0	0.0	0.0	2	1.008661779031907	-6.02964959155737	230.0	23	1.05	0.95				
	213	2	118.92255623684211	24.233275610526317	0.0	0.0	2	1.0020509936338522	-5.624174562213624	230.0	24	1.05	0.95				
	214	2	87.06028645263157	17.501810163157895	0.0	0.0	2	1.0064021433633172	-4.701129756518938	230.0	26	1.05	0.95				
	215	2	142.25830312105262	28.720919242105264	0.0	0.0	2	1.0229047772910416	1.1976832332422227	230.0	26	1.05	0.95				
	216	2	44.876436315789476	8.975287263157895	0.0	0.0	2	1.024654076781697	1.2351289418353248	230.0	26	1.05	0.95				
	217	1	0.0	0.0	0.0	0.0	2	1.0294113729405867	3.1430096922944544	230.0	27	1.05	0.95				
	218	2	149.43853293157895	30.515976694736846	0.0	0.0	2	1.0290378305166237	2.799538119890491	230.0	27	1.05	0.95				
	219	1	81.22634973157895	16.604281436842104	0.0	0.0	2	1.0254952766078045	1.2906792322737028	230.0	25	1.05	0.95				
	220	1	57.44183848421053	11.667873442105265	0.0	0.0	2	1.029369226054262	2.2135445530404265	230.0	25	1.05	0.95				
	221	2	0.0	0.0	0.0	0.0	2	1.0303525281007702	3.0628505196047344	230.0	27	1.05	0.95				
	222	2	0.0	0.0	0.0	0.0	2	1.05	9.586797859905593	230.0	27	1.05	0.95				
	223	2	0.0	0.0	0.0	0.0	2	1.0324134894024968	3.0593411356226516	230.0	25	1.05	0.95				
	224	1	0.0	0.0	0.0	0.0	2	1.0092324679836053	-2.254074647359844	230.0	26	1.05	0.95				
	301	2	44.31382472842106	9.02689022245614	0.0	0.0	3	1.0093819598162868	-12.81790467704284	138.0	31	1.05	0.95				
	302	2	39.80037961719298	8.206263838596492	0.0	0.0	3	1.0092088623246835	-12.977333040882277	138.0	32	1.05	0.95				
	303	1	73.85637454736842	15.18158810140351	0.0	0.0	3	1.0314439970949627	-6.118345096480132	138.0	31	1.05	0.95				
	304	1	30.36317620280702	6.154697878947369	0.0	0.0	3	1.0115977797931486	-11.762437044297942	138.0	31	1.05	0.95				
	305	1	29.132236627017544	5.744384687017544	0.0	0.0	3	1.0245491336685189	-12.621425131835224	138.0	31	1.05	0.95				
	306	1	55.80259410245615	11.488769374035089	0.0	-100.0	3	1.0412918048313409	-13.011296508307872	138.0	32	1.05	0.95				
	307	2	51.289148991228075	10.257829798245615	0.0	0.0	3	0.9925961567327074	-17.391328019006018	138.0	32	1.05	0.95				
	308	1	70.16355582	14.36096171754386	0.0	0.0	3	1.0000007032482576	-15.56446413616883	138.0	32	1.05	0.95				
	309	1	71.80480858771931	14.771274909473684	0.0	0.0	3	1.026026828010447	-9.08428950040332	138.0	33	1.05	0.95				
	310	1	80.01107242631579	16.412527677192983	0.0	0.0	3	1.05	-11.10238115004916	138.0	33	1.05	0.95				
	311	1	0.0	0.0	0.0	0.0	3	1.0066288797894898	-5.89556268291465	230.0	33	1.05	0.95				
	312	1	0.0	0.0	0.0	0.0	3	1.010612145658263	-5.472897747744047	230.0	33	1.05	0.95				
	313	2	108.73299586140351	22.15691236421053	0.0	0.0	3	1.009027072311098	-2.64852194294642	230.0	34	1.05	0.95				
	314	2	79.60075923438596	16.00221448526316	0.0	0.0	3	1.0039141386687958	-4.419396967864177	230.0	36	1.05	0.95				
	315	2	130.0692818417544	26.260044283508773	0.0	0.0	3	1.0305108967114212	-0.39146985621273284	230.0	36	1.05	0.95				
	316	2	41.03131919298246	8.206263838596492	0.0	0.0	3	1.0293713040578474	0.0944827090171837	230.0	36	1.05	0.95				
	317	1	0.0	0.0	0.0	0.0	3	1.0383972529240935	2.866342690219263	230.0	37	1.05	0.95				
	318	2	136.6342929126316	27.901297051228074	0.0	0.0	3	1.0359338647556193	1.826479862723052	230.0	37	1.05	0.95				
	319	1	74.26668773929825	15.18158810140351	0.0	0.0	3	1.024128097933922	-0.7479721277311074	230.0	35	1.05	0.95				
	320	1	52.520088567017545	10.668142990175438	0.0	0.0	3	1.0223155612320547	-0.6788935798726979	230.0	35	1.05	0.95				
	321	2	0.0	0.0	0.0	0.0	3	1.0363650740749355	1.6570038067842234	230.0	37	1.05	0.95				
	322	2	0.0	0.0	0.0	0.0	3	1.0499999768316648	6.440458503336483	230.0	37	1.05	0.95				
	323	2	0.0	0.0	0.0	0.0	3	1.0218130397230938	-0.32094600186985467	230.0	35	1.05	0.95				
	324	1	0.0	0.0	0.0	0.0	3	1.022944387190198	-2.5581562556955686	230.0	36	1.05	0.95				
	325	1	0.0	0.0	0.0	0.0	3	1.0210337896996142	0.6830735169737392	230.0	35	1.05	0.95				
];
