%% MATPOWER Case Format : Version 2
function mpc = RTS_GMLC
mpc.version = '2';

%%-----  Power Flow Data  -----%%
%% system MVA base
mpc.baseMVA = 100.0;
%% bus data
%    bus_i    type    Pd    Qd    Gs    Bs    area    Vm    Va    baseKV    zone    Vmax    Vmin
mpc.bus = [
	101	2	88.12073232000002	17.95051954666667	0.0	0.0	1	1.0334897417362352	-5.244530143151505	138.0	11	1.05	0.95				
	102	2	79.14547254666667	16.318654133333336	0.0	0.0	1	1.033474102614882	-5.303718159861983	138.0	12	1.05	0.95				
	103	1	146.8678872	30.18951014666667	0.0	0.0	1	1.017169822773517	-5.210721603408454	138.0	11	1.05	0.95				
	104	1	60.37902029333334	12.238990600000001	0.0	0.0	1	1.0153850624701792	-7.7501876538588395	138.0	11	1.05	0.95				
	105	1	57.93122217333333	11.423057893333336	0.0	0.0	1	1.0310190558299615	-7.859294450685944	138.0	11	1.05	0.95				
	106	1	110.96684810666669	22.846115786666672	0.0	-100.0	1	1.0346352968113102	-10.064991242758223	138.0	12	1.05	0.95				
	107	2	101.99158833333335	20.398317666666667	0.0	0.0	1	1.0476284250294952	-5.543079591998543	138.0	12	1.05	0.95				
	108	1	139.52449284000002	28.557644733333333	0.0	0.0	1	1.0221702943071107	-8.75978370365045	138.0	12	1.05	0.95				
	109	1	142.78822366666668	29.373577440000005	0.0	0.0	1	1.0269338645933097	-6.449449893158512	138.0	13	1.05	0.95				
	110	1	159.1068778	32.63730826666667	0.0	0.0	1	1.05	-7.934826325112028	138.0	13	1.05	0.95				
	111	1	0.0	0.0	0.0	0.0	1	1.0175637341770596	-2.845652603413399	230.0	13	1.05	0.95				
	112	1	0.0	0.0	0.0	0.0	1	1.0182790640176311	-1.7366111306616625	230.0	13	1.05	0.95				
	113	3	216.22216726666664	44.06036616000001	0.0	0.0	1	1.0229407070876149	-4.468381783622647e-30	230.0	14	1.05	0.95				
	114	2	158.29094509333333	31.821375560000003	0.0	0.0	1	1.022936682810255	-0.9977941871658069	230.0	16	1.05	0.95				
	115	2	258.65066801333336	52.21969322666668	0.0	0.0	1	1.0446758986808753	6.832810933033793	230.0	16	1.05	0.95				
	116	2	81.59327066666667	16.318654133333336	0.0	0.0	1	1.0450863634450314	6.5681043677682736	230.0	16	1.05	0.95				
	117	1	0.0	0.0	0.0	0.0	1	1.0477451453875213	9.663621606036017	230.0	17	1.05	0.95				
	118	2	271.70559132000005	55.483424053333344	0.0	0.0	1	1.0495946598996966	10.245525409255697	230.0	17	1.05	0.95				
	119	1	147.68381990666668	30.18951014666667	0.0	0.0	1	1.039739482951277	5.54915092396927	230.0	15	1.05	0.95				
	120	1	104.43938645333336	21.214250373333336	0.0	0.0	1	1.0425125457890612	6.197012244026382	230.0	15	1.05	0.95				
	121	2	0.0	0.0	0.0	0.0	1	1.05	11.066993632708765	230.0	17	1.05	0.95				
	122	2	0.0	0.0	0.0	0.0	1	1.05	17.896488575256644	230.0	17	1.05	0.95				
	123	2	0.0	0.0	0.0	0.0	1	1.0465548304838652	7.14822740278013	230.0	15	1.05	0.95				
	124	1	0.0	0.0	0.0	0.0	1	1.0192501769610605	2.391409377417335	230.0	16	1.05	0.95				
	201	2	82.60223517473685	16.826381239298247	0.0	0.0	2	1.0436470754681013	-9.93284175526192	138.0	21	1.05	0.95				
	202	2	74.18904455508772	15.296710217543863	0.0	0.0	2	1.043891516315687	-10.009587882491571	138.0	22	1.05	0.95				
	203	1	137.67039195789474	28.298913902456142	0.0	0.0	2	1.0282153412102124	-7.638700967577194	138.0	21	1.05	0.95				
	204	1	56.597827804912285	11.472532663157894	0.0	0.0	2	1.020779298411222	-11.93414757210927	138.0	21	1.05	0.95				
	205	1	54.303321272280705	10.707697152280705	0.0	0.0	2	1.0370519875525275	-12.27083272593558	138.0	21	1.05	0.95				
	206	1	104.01762947929826	21.41539430456141	0.0	-100.0	2	1.0388793883545329	-14.296221762871129	138.0	22	1.05	0.95				
	207	2	95.60443885964914	19.120887771929826	0.0	0.0	2	0.9556995778883733	-25.959021560261405	138.0	22	1.05	0.95				
	208	1	130.78687236000002	26.769242880701754	0.0	0.0	2	0.9613134353662643	-22.123021512325735	138.0	22	1.05	0.95				
	209	1	133.84621440350878	27.534078391578948	0.0	0.0	2	1.026059332308793	-10.43898758462037	138.0	23	1.05	0.95				
	210	1	149.14292462105263	30.593420435087726	0.0	0.0	2	1.05	-12.26129589691035	138.0	23	1.05	0.95				
	211	1	0.0	0.0	0.0	0.0	2	1.0285309789829393	-5.310133455338874	230.0	23	1.05	0.95				
	212	1	0.0	0.0	0.0	0.0	2	1.0217152515068832	-4.0406138792691815	230.0	23	1.05	0.95				
	213	2	202.68141038245614	41.301117587368424	0.0	0.0	2	1.0425375240050319	-1.297626139028575	230.0	24	1.05	0.95				
	214	2	148.37808911017544	29.828584924210528	0.0	0.0	2	1.0449229100780608	-2.995619206307028	230.0	26	1.05	0.95				
	215	2	242.45285694807018	48.949472696140354	0.0	0.0	2	1.0460654525930222	5.013020310008964	230.0	26	1.05	0.95				
	216	2	76.4835510877193	15.296710217543863	0.0	0.0	2	1.0493313338717731	4.984493557622036	230.0	26	1.05	0.95				
	217	1	0.0	0.0	0.0	0.0	2	1.049848354771218	7.944962228288373	230.0	27	1.05	0.95				
	218	2	254.69022512210532	52.00881473964913	0.0	0.0	2	1.05	8.746405503780446	230.0	27	1.05	0.95				
	219	1	138.43522746877196	28.298913902456142	0.0	0.0	2	1.0441303369011017	4.574689767791629	230.0	25	1.05	0.95				
	220	1	97.89894539228071	19.885723282807017	0.0	0.0	2	1.0463424832902903	5.64659552384146	230.0	25	1.05	0.95				
	221	2	0.0	0.0	0.0	0.0	2	1.05	9.222812919719654	230.0	27	1.05	0.95				
	222	2	0.0	0.0	0.0	0.0	2	1.05	15.233353566437811	230.0	27	1.05	0.95				
	223	2	0.0	0.0	0.0	0.0	2	1.05	6.790001697109749	230.0	25	1.05	0.95				
	224	1	0.0	0.0	0.0	0.0	2	1.0233781461342892	0.3032791107991016	230.0	26	1.05	0.95				
	301	2	72.8427712926316	14.83834230035088	0.0	0.0	3	1.0135290149387601	-15.836449002439547	138.0	31	1.05	0.95				
	302	2	65.42360014245614	13.489402091228072	0.0	0.0	3	1.0121223376224702	-16.205417924095446	138.0	32	1.05	0.95				
	303	1	121.40461882105265	24.95539386877193	0.0	0.0	3	1.0213713480236997	-10.30678548948898	138.0	31	1.05	0.95				
	304	1	49.91078773754386	10.117051568421052	0.0	0.0	3	1.0076349849639024	-15.057537250852286	138.0	31	1.05	0.95				
	305	1	47.887377423859654	9.44258146385965	0.0	0.0	3	1.0226922852560465	-15.495618032064527	138.0	31	1.05	0.95				
	306	1	91.72793422035089	18.8851629277193	0.0	-100.0	3	1.0341338629025498	-16.06307373293194	138.0	32	1.05	0.95				
	307	2	84.30876307017544	16.86175261403509	0.0	0.0	3	1.0056853576643583	-18.26690197467638	138.0	32	1.05	0.95				
	308	1	115.33438788000001	23.606453659649123	0.0	0.0	3	1.0004888344271776	-17.813596778743513	138.0	32	1.05	0.95				
	309	1	118.03226829824563	24.280923764210527	0.0	0.0	3	1.026829814870318	-11.358384902535683	138.0	33	1.05	0.95				
	310	1	131.52167038947368	26.978804182456145	0.0	0.0	3	1.05	-12.992465648750212	138.0	33	1.05	0.95				
	311	1	0.0	0.0	0.0	0.0	3	1.0183227290232784	-6.286844841884252	230.0	33	1.05	0.95				
	312	1	0.0	0.0	0.0	0.0	3	1.0184685289336368	-5.084053408913814	230.0	33	1.05	0.95				
	313	2	178.73457770877192	36.4213856463158	0.0	0.0	3	1.0294786616777165	-1.7388643525656085	230.0	34	1.05	0.95				
	314	2	130.84720028491228	26.304334077894744	0.0	0.0	3	1.0264027166609324	-4.44503254859767	230.0	36	1.05	0.95				
	315	2	213.8070231459649	43.16608669192983	0.0	0.0	3	1.0459436409410565	0.7405405274692797	230.0	36	1.05	0.95				
	316	2	67.44701045614036	13.489402091228072	0.0	0.0	3	1.0438375478210191	0.5797585353886295	230.0	36	1.05	0.95				
	317	1	0.0	0.0	0.0	0.0	3	1.046894184819581	2.7050495736020053	230.0	37	1.05	0.95				
	318	2	224.59854481894737	45.863967110175444	0.0	0.0	3	1.047359346299976	2.8780539195855908	230.0	37	1.05	0.95				
	319	1	122.07908892561406	24.95539386877193	0.0	0.0	3	1.041631382942748	0.970285777389652	230.0	35	1.05	0.95				
	320	1	86.33217338385965	17.53622271859649	0.0	0.0	3	1.0447833390636088	2.2809551560458505	230.0	35	1.05	0.95				
	321	2	0.0	0.0	0.0	0.0	3	1.05	4.079195618777894	230.0	37	1.05	0.95				
	322	2	0.0	0.0	0.0	0.0	3	1.05	9.314832203674849	230.0	37	1.05	0.95				
	323	2	0.0	0.0	0.0	0.0	3	1.0484499579483701	3.420240181166289	230.0	35	1.05	0.95				
	324	1	0.0	0.0	0.0	0.0	3	1.024027353944149	-2.602916903688108	230.0	36	1.05	0.95				
	325	1	0.0	0.0	0.0	0.0	3	1.0474124867811385	4.056961511420439	230.0	35	1.05	0.95				
];
