%% MATPOWER Case Format : Version 2
function mpc = RTS_GMLC
mpc.version = '2';

%%-----  Power Flow Data  -----%%
%% system MVA base
mpc.baseMVA = 100.0;
%% bus data
%    bus_i    type    Pd    Qd    Gs    Bs    area    Vm    Va    baseKV    zone    Vmax    Vmin
mpc.bus = [
	101	2	46.55863432421052	9.48416625122807	0.0	0.0	1	1.0182133270236082	2.0024771916381767	138.0	11	1.05	0.95				
	102	2	41.816551198596486	8.621969319298245	0.0	0.0	1	1.0170454744957256	1.707223400562182	138.0	12	1.05	0.95				
	103	1	77.59772387368422	15.950643240701753	0.0	0.0	1	1.0283213736237997	1.4300151277585436	138.0	11	1.05	0.95				
	104	1	31.901286481403506	6.4664769894736835	0.0	0.0	1	1.0147363051515064	-1.395871813330069	138.0	11	1.05	0.95				
	105	1	30.607991083508768	6.035378523508772	0.0	0.0	1	1.027901112427112	-1.2813194646731183	138.0	11	1.05	0.95				
	106	1	58.62939137122807	12.070757047017544	0.0	-100.0	1	1.0413582751424701	-3.5833009164424268	138.0	12	1.05	0.95				
	107	2	53.88730824561403	10.777461649122806	0.0	0.0	1	0.9876222074976958	-10.859666273724638	138.0	12	1.05	0.95				
	108	1	73.71783768	15.088446308771926	0.0	0.0	1	0.9960006168270547	-8.706472537735843	138.0	12	1.05	0.95				
	109	1	75.44223154385963	15.51954477473684	0.0	0.0	1	1.0260060279946226	-2.136275758885488	138.0	13	1.05	0.95				
	110	1	84.0642008631579	17.24393863859649	0.0	0.0	1	1.05	-3.193698944030334	138.0	13	1.05	0.95				
	111	1	0.0	0.0	0.0	0.0	1	1.015884121388806	0.12212668535045909	230.0	13	1.05	0.95				
	112	1	0.0	0.0	0.0	0.0	1	1.013798448086115	-0.3348199590812103	230.0	13	1.05	0.95				
	113	3	114.24109348070175	23.27931716210526	0.0	0.0	1	0.9983369026298805	1.8058726436779985e-27	230.0	14	1.05	0.95				
	114	2	83.63310239719297	16.812840172631578	0.0	0.0	1	1.0350638270798278	2.996782287548285	230.0	16	1.05	0.95				
	115	2	136.6582137108772	27.590301821754387	0.0	0.0	1	1.0448524257984038	10.769404383519609	230.0	16	1.05	0.95				
	116	2	43.109846596491224	8.621969319298245	0.0	0.0	1	1.0448859283207297	9.716465396515634	230.0	16	1.05	0.95				
	117	1	0.0	0.0	0.0	0.0	1	1.0433048542270669	14.549068264416107	230.0	17	1.05	0.95				
	118	2	143.55578916631578	29.314695685614033	0.0	0.0	1	1.05	14.63725065776793	230.0	17	1.05	0.95				
	119	1	78.02882233964911	15.950643240701753	0.0	0.0	1	1.0402895790167452	6.78320930481115	230.0	15	1.05	0.95				
	120	1	55.180603643508775	11.20856011508772	0.0	0.0	1	1.0409178853530792	5.0446559083618085	230.0	15	1.05	0.95				
	121	2	0.0	0.0	0.0	0.0	1	1.042524146256262	15.80578687237074	230.0	17	1.05	0.95				
	122	2	0.0	0.0	0.0	0.0	1	1.05	33.77315421833646	230.0	17	1.05	0.95				
	123	2	0.0	0.0	0.0	0.0	1	1.0418997220233832	4.411217926473696	230.0	15	1.05	0.95				
	124	1	0.0	0.0	0.0	0.0	1	1.026902456619751	7.294338452639308	230.0	16	1.05	0.95				
	201	2	47.68455846315789	9.713521168421051	0.0	0.0	2	1.0191926344891313	-14.40362504075175	138.0	21	1.05	0.95				
	202	2	42.827797878947365	8.830473789473684	0.0	0.0	2	1.0196576373906188	-14.3910291985002	138.0	22	1.05	0.95				
	203	1	79.47426410526316	16.336376510526314	0.0	0.0	2	1.012612845098459	-11.802802291320468	138.0	21	1.05	0.95				
	204	1	32.67275302105263	6.622855342105264	0.0	0.0	2	1.0141837555409199	-15.358249580392208	138.0	21	1.05	0.95				
	205	1	31.348181952631577	6.18133165263158	0.0	0.0	2	1.0292175930159098	-15.755440798977883	138.0	21	1.05	0.95				
	206	1	60.04722176842105	12.36266330526316	0.0	-100.0	2	1.042697244581397	-16.955475585532824	138.0	22	1.05	0.95				
	207	2	55.19046118421053	11.038092236842106	0.0	0.0	2	0.9919451984361037	-22.972433968329625	138.0	22	1.05	0.95				
	208	1	75.5005509	15.453329131578947	0.0	0.0	2	0.9975212418698113	-20.963246667495415	138.0	22	1.05	0.95				
	209	1	77.26664565789474	15.89485282105263	0.0	0.0	2	1.0222107317049633	-14.321534309776599	138.0	23	1.05	0.95				
	210	1	86.09711944736841	17.66094757894737	0.0	0.0	2	1.05	-15.698438343304796	138.0	23	1.05	0.95				
	211	1	0.0	0.0	0.0	0.0	2	1.0074815683125546	-11.45244097911883	230.0	23	1.05	0.95				
	212	1	0.0	0.0	0.0	0.0	2	1.010520659671278	-10.774146848273192	230.0	23	1.05	0.95				
	213	2	117.00377771052631	23.842279231578946	0.0	0.0	2	1.0053100233213375	-10.302190020839761	230.0	24	1.05	0.95				
	214	2	85.65559575789473	17.219423889473685	0.0	0.0	2	1.0088186758980067	-8.811000149486201	230.0	26	1.05	0.95				
	215	2	139.96300956315787	28.25751612631579	0.0	0.0	2	1.0249254231262375	-2.0174908269214145	230.0	26	1.05	0.95				
	216	2	44.15236894736842	8.830473789473684	0.0	0.0	2	1.0272968697888945	-2.405700746427906	230.0	26	1.05	0.95				
	217	1	0.0	0.0	0.0	0.0	2	1.0333371398121236	-0.3176268874489971	230.0	27	1.05	0.95				
	218	2	147.02738859473686	30.023610884210527	0.0	0.0	2	1.031668489196497	-0.942374457341056	230.0	27	1.05	0.95				
	219	1	79.91578779473684	16.336376510526314	0.0	0.0	2	1.0285935879345625	-2.9168776808019907	230.0	25	1.05	0.95				
	220	1	56.51503225263158	11.47961592631579	0.0	0.0	2	1.0327327742336443	-2.502977583469374	230.0	25	1.05	0.95				
	221	2	0.0	0.0	0.0	0.0	2	1.0323860582898248	-0.49322113741004464	230.0	27	1.05	0.95				
	222	2	0.0	0.0	0.0	0.0	2	1.05	6.071188239034416	230.0	27	1.05	0.95				
	223	2	0.0	0.0	0.0	0.0	2	1.0357005996930835	-1.9431489204447925	230.0	25	1.05	0.95				
	224	1	0.0	0.0	0.0	0.0	2	1.0082656238868661	-5.674413999772936	230.0	26	1.05	0.95				
	301	2	65.3774122231579	13.317621008421055	0.0	0.0	3	1.0322520196130482	-14.86237239263302	138.0	31	1.05	0.95				
	302	2	58.71860171894737	12.106928189473685	0.0	0.0	3	1.0272453055537312	-15.219147570768298	138.0	32	1.05	0.95				
	303	1	108.96235370526317	22.39781715052632	0.0	0.0	3	1.05	1.575748013457265	138.0	31	1.05	0.95				
	304	1	44.79563430105264	9.080196142105263	0.0	0.0	3	1.0073535381634415	-13.554061525350795	138.0	31	1.05	0.95				
	305	1	42.979595072631575	8.47484973263158	0.0	0.0	3	1.0285232171118155	-15.543901219623057	138.0	31	1.05	0.95				
	306	1	82.32711168842106	16.94969946526316	0.0	-100.0	3	1.031924592270068	-16.617659810925428	138.0	32	1.05	0.95				
	307	2	75.66830118421053	15.133660236842106	0.0	0.0	3	0.9539892730842195	-15.136709786859145	138.0	32	1.05	0.95				
	308	1	103.51423602	21.187124331578946	0.0	0.0	3	0.9674810126595067	-15.844253791153275	138.0	32	1.05	0.95				
	309	1	105.93562165789474	21.79247074105263	0.0	0.0	3	1.0119101179765502	-9.63874961917465	138.0	33	1.05	0.95				
	310	1	118.04254984736842	24.21385637894737	0.0	0.0	3	1.0396893949754968	-14.291543817035675	138.0	33	1.05	0.95				
	311	1	0.0	0.0	0.0	0.0	3	1.0016959968578039	-9.057547242663297	230.0	33	1.05	0.95				
	312	1	0.0	0.0	0.0	0.0	3	1.005233165678848	-8.012940992736016	230.0	33	1.05	0.95				
	313	2	160.41679851052632	32.68870611157895	0.0	0.0	3	1.0033371925808556	-5.909381422896278	230.0	34	1.05	0.95				
	314	2	117.43720343789474	23.608509969473687	0.0	0.0	3	1.0033195306980238	-8.82526485600391	230.0	36	1.05	0.95				
	315	2	191.8948118031579	38.74217020631579	0.0	0.0	3	1.05	-4.653039896022196	230.0	36	1.05	0.95				
	316	2	60.53464094736842	12.106928189473685	0.0	0.0	3	1.0471004003891058	-4.882926793574839	230.0	36	1.05	0.95				
	317	1	0.0	0.0	0.0	0.0	3	1.05	-1.5303254532726125	230.0	37	1.05	0.95				
	318	2	201.58035435473684	41.16355584421053	0.0	0.0	3	1.044613278113695	-2.8767197367236697	230.0	37	1.05	0.95				
	319	1	109.56770011473684	22.39781715052632	0.0	0.0	3	1.0347838962452565	-5.082972752879249	230.0	35	1.05	0.95				
	320	1	77.48434041263158	15.73900664631579	0.0	0.0	3	1.0290071010562503	-4.098497943776048	230.0	35	1.05	0.95				
	321	2	0.0	0.0	0.0	0.0	3	1.0462039494387343	-2.8848419433874795	230.0	37	1.05	0.95				
	322	2	0.0	0.0	0.0	0.0	3	1.05	1.9889936848604444	230.0	37	1.05	0.95				
	323	2	0.0	0.0	0.0	0.0	3	1.0275298531456023	-3.0903206393371896	230.0	35	1.05	0.95				
	324	1	0.0	0.0	0.0	0.0	3	1.047370020487259	-2.268323984012744	230.0	36	1.05	0.95				
	325	1	0.0	0.0	0.0	0.0	3	1.0221096090285633	-1.5246320781929525	230.0	35	1.05	0.95				
];
