%% MATPOWER Case Format : Version 2
function mpc = RTS_GMLC
mpc.version = '2';

%%-----  Power Flow Data  -----%%
%% system MVA base
mpc.baseMVA = 100.0;
%% bus data
%    bus_i    type    Pd    Qd    Gs    Bs    area    Vm    Va    baseKV    zone    Vmax    Vmin
mpc.bus = [
	101	2	41.69569520842105	8.493567542456141	0.0	0.0	1	1.014312719239648	-3.9546249112464347	138.0	11	1.05	0.95				
	102	2	37.44891143719298	7.721425038596491	0.0	0.0	1	1.014094944654239	-4.14531909986293	138.0	12	1.05	0.95				
	103	1	69.49282534736842	14.284636321403507	0.0	0.0	1	1.0015597003159615	-1.2816792353772577	138.0	11	1.05	0.95				
	104	1	28.569272642807015	5.791068778947368	0.0	0.0	1	1.0044213437910627	-4.244462786088032	138.0	11	1.05	0.95				
	105	1	27.411058887017543	5.404997527017544	0.0	0.0	1	1.0174931240373764	-5.202776444612252	138.0	11	1.05	0.95				
	106	1	52.50569026245614	10.809995054035088	0.0	-100.0	1	1.0272248300327593	-6.369197293168944	138.0	12	1.05	0.95				
	107	2	48.25890649122807	9.651781298245615	0.0	0.0	1	0.9838146183191496	-8.030965022748138	138.0	12	1.05	0.95				
	108	1	66.01818408	13.512493817543858	0.0	0.0	1	0.9876772309432603	-7.791786705877947	138.0	12	1.05	0.95				
	109	1	67.56246908771931	13.898565069473683	0.0	0.0	1	1.0022373536531972	-3.7211244271295123	138.0	13	1.05	0.95				
	110	1	75.28389412631579	15.442850077192983	0.0	0.0	1	1.029749276459892	-5.19507176966385	138.0	13	1.05	0.95				
	111	1	0.0	0.0	0.0	0.0	1	0.9798402592483392	-1.494267133855852	230.0	13	1.05	0.95				
	112	1	0.0	0.0	0.0	0.0	1	0.9812972045453116	-1.7035094433865123	230.0	13	1.05	0.95				
	113	3	102.30888176140351	20.847847604210525	0.0	0.0	1	0.9614030618535624	9.30344204649404e-26	230.0	14	1.05	0.95				
	114	2	74.89782287438597	15.056778825263159	0.0	0.0	1	0.9853779436586518	0.3429851573108599	230.0	16	1.05	0.95				
	115	2	122.38458686175437	24.70856012350877	0.0	0.0	1	0.9890618586744762	6.553369005061623	230.0	16	1.05	0.95				
	116	2	38.60712519298246	7.721425038596491	0.0	0.0	1	0.9892467298900964	5.563819404001815	230.0	16	1.05	0.95				
	117	1	0.0	0.0	0.0	0.0	1	0.9947783233785493	9.350277619205151	230.0	17	1.05	0.95				
	118	2	128.56172689263158	26.25284513122807	0.0	0.0	1	0.9970416448795512	9.910895846087453	230.0	17	1.05	0.95				
	119	1	69.87889659929824	14.284636321403507	0.0	0.0	1	0.9894522434810836	3.418131666697749	230.0	15	1.05	0.95				
	120	1	49.41712024701754	10.037852550175439	0.0	0.0	1	0.9925363459183099	2.058854465198099	230.0	15	1.05	0.95				
	121	2	0.0	0.0	0.0	0.0	1	0.9969621547947187	11.125424110562955	230.0	17	1.05	0.95				
	122	2	0.0	0.0	0.0	0.0	1	1.0171068335399849	20.27264910369456	230.0	17	1.05	0.95				
	123	2	0.0	0.0	0.0	0.0	1	0.9947225302977074	1.6308314558870647	230.0	15	1.05	0.95				
	124	1	0.0	0.0	0.0	0.0	1	0.9842057849846779	3.5472883841659977	230.0	16	1.05	0.95				
	201	2	38.58964268210527	7.86085313894737	0.0	0.0	2	1.0119842858870591	-5.090566477911578	138.0	21	1.05	0.95				
	202	2	34.65921611263158	7.146230126315791	0.0	0.0	2	1.01081689258928	-5.234542648466827	138.0	22	1.05	0.95				
	203	1	64.31607113684211	13.22052573368421	0.0	0.0	2	0.9975285950042176	-4.131739338080006	138.0	21	1.05	0.95				
	204	1	26.44105146736842	5.359672594736843	0.0	0.0	2	1.003660942231494	-4.439930645114228	138.0	21	1.05	0.95				
	205	1	25.369116948421055	5.002361088421053	0.0	0.0	2	1.0195786141622754	-4.6203185879602735	138.0	21	1.05	0.95				
	206	1	48.59436485894737	10.004722176842106	0.0	-100.0	2	1.0322171738032597	-4.821830796210488	138.0	22	1.05	0.95				
	207	2	44.663938289473684	8.932787657894737	0.0	0.0	2	0.971784245625069	-9.021786238703216	138.0	22	1.05	0.95				
	208	1	61.10026758	12.505902721052632	0.0	0.0	2	0.983081200407385	-7.4421621922811685	138.0	22	1.05	0.95				
	209	1	62.52951360526316	12.863214227368422	0.0	0.0	2	1.0080362796054874	-2.2639403948765393	138.0	23	1.05	0.95				
	210	1	69.67574373157895	14.292460252631582	0.0	0.0	2	1.0358652448591597	-2.9660366210899713	138.0	23	1.05	0.95				
	211	1	0.0	0.0	0.0	0.0	2	0.9863042403682587	-0.331268420292866	230.0	23	1.05	0.95				
	212	1	0.0	0.0	0.0	0.0	2	0.9902459904457076	4.83230300192397	230.0	23	1.05	0.95				
	213	2	94.68754917368422	19.294821341052636	0.0	0.0	2	0.981251558638238	2.1806298257156507	230.0	24	1.05	0.95				
	214	2	69.31843222526317	13.935148746315793	0.0	0.0	2	0.9791626504946598	-0.08946968413609406	230.0	26	1.05	0.95				
	215	2	113.26774750210527	22.86793640421053	0.0	0.0	2	0.9894272094936629	2.609122953595171	230.0	26	1.05	0.95				
	216	2	35.73115063157895	7.146230126315791	0.0	0.0	2	0.9871294771901599	2.5876585715622764	230.0	26	1.05	0.95				
	217	1	0.0	0.0	0.0	0.0	2	0.9971673036618081	3.0059104992574066	230.0	27	1.05	0.95				
	218	2	118.9847316031579	24.297182429473686	0.0	0.0	2	0.9978561749636489	2.7213899487564333	230.0	27	1.05	0.95				
	219	1	64.67338264315791	13.22052573368421	0.0	0.0	2	0.9816041073539873	3.705968617971867	230.0	25	1.05	0.95				
	220	1	45.73587280842106	9.290099164210528	0.0	0.0	2	0.9795610042058894	5.450479498642257	230.0	25	1.05	0.95				
	221	2	0.0	0.0	0.0	0.0	2	0.9999945504773563	3.351324943749145	230.0	27	1.05	0.95				
	222	2	0.0	0.0	0.0	0.0	2	1.0178592894343317	8.790803955154452	230.0	27	1.05	0.95				
	223	2	0.0	0.0	0.0	0.0	2	0.9794631245347647	6.71713135872441	230.0	25	1.05	0.95				
	224	1	0.0	0.0	0.0	0.0	2	0.9839732705609084	0.03496979240486362	230.0	26	1.05	0.95				
	301	2	54.5466624631579	11.111357168421053	0.0	0.0	3	1.0082338280427718	20.982711462888638	138.0	31	1.05	0.95				
	302	2	48.99098387894737	10.101233789473685	0.0	0.0	3	1.0083372148109697	20.82979843230581	138.0	32	1.05	0.95				
	303	1	90.91110410526316	18.68728251052632	0.0	0.0	3	1.0085202497078036	27.838599805527362	138.0	31	1.05	0.95				
	304	1	37.37456502105264	7.575925342105264	0.0	0.0	3	0.998884153431175	22.4913923293538	138.0	31	1.05	0.95				
	305	1	35.859379952631585	7.07086365263158	0.0	0.0	3	1.014607965716387	21.90083904298117	138.0	31	1.05	0.95				
	306	1	68.68838976842106	14.14172730526316	0.0	-100.0	3	1.0261831778910016	21.819725995325275	138.0	32	1.05	0.95				
	307	2	63.132711184210535	12.626542236842106	0.0	0.0	3	0.9710348684133753	19.763512043475686	138.0	32	1.05	0.95				
	308	1	86.3655489	17.67715913157895	0.0	0.0	3	0.9859277684872797	22.01198050291454	138.0	32	1.05	0.95				
	309	1	88.38579565789473	18.182220821052635	0.0	0.0	3	1.0081415888568679	25.99684049251778	138.0	33	1.05	0.95				
	310	1	98.48702944736843	20.20246757894737	0.0	0.0	3	1.03460608730994	24.491674371459858	138.0	33	1.05	0.95				
	311	1	0.0	0.0	0.0	0.0	3	0.9876700779522312	29.98830307858101	230.0	33	1.05	0.95				
	312	1	0.0	0.0	0.0	0.0	3	0.9940030163226047	29.684191881384727	230.0	33	1.05	0.95				
	313	2	133.84134771052632	27.27333123157895	0.0	0.0	3	0.99721500068438	35.26122280258113	230.0	34	1.05	0.95				
	314	2	97.98196775789474	19.697405889473686	0.0	0.0	3	0.9796182799686762	30.229617853935206	230.0	36	1.05	0.95				
	315	2	160.1045555631579	32.32394812631579	0.0	0.0	3	0.9844412116193995	27.229236787054074	230.0	36	1.05	0.95				
	316	2	50.50616894736842	10.101233789473685	0.0	0.0	3	0.9734402655985093	28.00817424080688	230.0	36	1.05	0.95				
	317	1	0.0	0.0	0.0	0.0	3	0.9908648844644018	29.905036712083568	230.0	37	1.05	0.95				
	318	2	168.18554259473686	34.34419488421053	0.0	0.0	3	0.9880097721582662	26.67060024900928	230.0	37	1.05	0.95				
	319	1	91.41616579473684	18.68728251052632	0.0	0.0	3	0.9809063878098404	27.686327260823088	230.0	35	1.05	0.95				
	320	1	64.64789625263158	13.13160392631579	0.0	0.0	3	0.9888779414001586	27.269841499252387	230.0	35	1.05	0.95				
	321	2	0.0	0.0	0.0	0.0	3	0.9943136078202791	27.403695305256115	230.0	37	1.05	0.95				
	322	2	0.0	0.0	0.0	0.0	3	1.0114332157077568	31.94750427102114	230.0	37	1.05	0.95				
	323	2	0.0	0.0	0.0	0.0	3	0.9930698575228235	26.93706510055933	230.0	35	1.05	0.95				
	324	1	0.0	0.0	0.0	0.0	3	0.9926017389617982	29.50698718222998	230.0	36	1.05	0.95				
	325	1	0.0	0.0	0.0	0.0	3	0.9939122446591232	25.604059063731782	230.0	35	1.05	0.95				
];
