%% MATPOWER Case Format : Version 2
function mpc = RTS_GMLC
mpc.version = '2';

%%-----  Power Flow Data  -----%%
%% system MVA base
mpc.baseMVA = 100.0;
%% bus data
%    bus_i    type    Pd    Qd    Gs    Bs    area    Vm    Va    baseKV    zone    Vmax    Vmin
mpc.bus = [
	101	2	55.12221670736842	11.228599699649124	0.0	0.0	1	1.047114857530695	2.5284225153911546	138.0	11	1.05	0.95				
	102	2	49.50791685754386	10.207817908771931	0.0	0.0	1	1.046046428675871	2.220410750737462	138.0	12	1.05	0.95				
	103	1	91.87036117894736	18.88446313122807	0.0	0.0	1	1.027831905388844	-0.4377241918672985	138.0	11	1.05	0.95				
	104	1	37.76892626245614	7.655863431578948	0.0	0.0	1	1.0272549257450083	-1.2356374986731389	138.0	11	1.05	0.95				
	105	1	36.23775357614035	7.1454725361403515	0.0	0.0	1	1.041151141015447	-1.3070530411925179	138.0	11	1.05	0.95				
	106	1	69.41316177964913	14.290945072280703	0.0	-100.0	1	1.045750579600403	-4.00964429741843	138.0	12	1.05	0.95				
	107	2	63.798861929824554	12.759772385964913	0.0	0.0	1	1.0003263045110506	-9.549855325650235	138.0	12	1.05	0.95				
	108	1	87.27684312000001	17.863681340350876	0.0	0.0	1	1.001770400659444	-8.475761082661121	138.0	12	1.05	0.95				
	109	1	89.3184067017544	18.374072235789473	0.0	0.0	1	1.0245722749192223	-2.830997534154721	138.0	13	1.05	0.95				
	110	1	99.52622461052631	20.415635817543862	0.0	0.0	1	1.05	-3.6507279527880154	138.0	13	1.05	0.95				
	111	1	0.0	0.0	0.0	0.0	1	1.0052096650111508	-0.94795886168959	230.0	13	1.05	0.95				
	112	1	0.0	0.0	0.0	0.0	1	1.0092728060158405	-0.4800013954197381	230.0	13	1.05	0.95				
	113	3	135.2535872912281	27.56110835368421	0.0	0.0	1	0.9989907892719656	-2.0440361727750667e-27	230.0	14	1.05	0.95				
	114	2	99.01583371508772	19.905244922105265	0.0	0.0	1	1.0025703564788229	0.6349179086277735	230.0	16	1.05	0.95				
	115	2	161.7939138540351	32.665017308070176	0.0	0.0	1	1.0347303314111107	6.494226888344172	230.0	16	1.05	0.95				
	116	2	51.03908954385965	10.207817908771931	0.0	0.0	1	1.0308001162142608	5.924554865976186	230.0	16	1.05	0.95				
	117	1	0.0	0.0	0.0	0.0	1	1.0377516852107007	8.026778372688046	230.0	17	1.05	0.95				
	118	2	169.96016818105264	34.706580889824565	0.0	0.0	1	1.0395683303107264	8.173183592118104	230.0	17	1.05	0.95				
	119	1	92.38075207438598	18.88446313122807	0.0	0.0	1	1.024059184452295	4.7959745919747725	230.0	15	1.05	0.95				
	120	1	65.33003461614035	13.27016328140351	0.0	0.0	1	1.0220581209451238	4.73728970066541	230.0	15	1.05	0.95				
	121	2	0.0	0.0	0.0	0.0	1	1.0429191304824466	9.44957293565149	230.0	17	1.05	0.95				
	122	2	0.0	0.0	0.0	0.0	1	1.05	15.395592311370155	230.0	17	1.05	0.95				
	123	2	0.0	0.0	0.0	0.0	1	1.0219070274261834	5.099983666576752	230.0	15	1.05	0.95				
	124	1	0.0	0.0	0.0	0.0	1	1.0230598078571076	3.8937086819230675	230.0	16	1.05	0.95				
	201	2	43.82559420631579	8.927435856842106	0.0	0.0	2	1.026937988113205	-6.148238499707598	138.0	21	1.05	0.95				
	202	2	39.36187627789474	8.11585077894737	0.0	0.0	2	1.027884593233353	-5.925967691613123	138.0	22	1.05	0.95				
	203	1	73.04265701052633	15.014323941052632	0.0	0.0	2	1.0178906263698333	-6.448426592054929	138.0	21	1.05	0.95				
	204	1	30.028647882105265	6.086888084210526	0.0	0.0	2	1.019053519704042	-7.636969869446319	138.0	21	1.05	0.95				
	205	1	28.811270265263154	5.681095545263159	0.0	0.0	2	1.0335963332261073	-7.806535333262215	138.0	21	1.05	0.95				
	206	1	55.18778529684211	11.362191090526318	0.0	-100.0	2	1.0455541074432435	-9.096827793058887	138.0	22	1.05	0.95				
	207	2	50.72406736842105	10.144813473684211	0.0	0.0	2	0.9930091622755236	-15.015366299278002	138.0	22	1.05	0.95				
	208	1	69.39052416	14.202738863157894	0.0	0.0	2	0.9998335175575419	-13.201657389040516	138.0	22	1.05	0.95				
	209	1	71.01369431578948	14.608531402105262	0.0	0.0	2	1.0230965509847887	-7.370765666022157	138.0	23	1.05	0.95				
	210	1	79.12954509473684	16.23170155789474	0.0	0.0	2	1.05	-8.18737892203713	138.0	23	1.05	0.95				
	211	1	0.0	0.0	0.0	0.0	2	1.0028890771859307	-4.815114631043719	230.0	23	1.05	0.95				
	212	1	0.0	0.0	0.0	0.0	2	1.0066424172720962	-3.7976496396942916	230.0	23	1.05	0.95				
	213	2	107.53502282105262	21.912797103157896	0.0	0.0	2	0.99628607993049	-3.5221330735481433	230.0	24	1.05	0.95				
	214	2	78.72375255578947	15.825909018947371	0.0	0.0	2	1.0010039750467827	-2.842567243707811	230.0	26	1.05	0.95				
	215	2	128.6362348463158	25.97072249263158	0.0	0.0	2	1.0228687915699946	2.454633136687122	230.0	26	1.05	0.95				
	216	2	40.579253894736844	8.11585077894737	0.0	0.0	2	1.0225769340585935	2.387326065400095	230.0	26	1.05	0.95				
	217	1	0.0	0.0	0.0	0.0	2	1.0281144499818033	3.6791847834584193	230.0	27	1.05	0.95				
	218	2	135.1289154694737	27.593892648421054	0.0	0.0	2	1.027337915671407	3.2365398967997026	230.0	27	1.05	0.95				
	219	1	73.4484495494737	15.014323941052632	0.0	0.0	2	1.0221280890093107	2.502005850332469	230.0	25	1.05	0.95				
	220	1	51.94144498526316	10.55060601263158	0.0	0.0	2	1.024392898840261	3.4000546585530187	230.0	25	1.05	0.95				
	221	2	0.0	0.0	0.0	0.0	2	1.029272785887103	3.7757641975497718	230.0	27	1.05	0.95				
	222	2	0.0	0.0	0.0	0.0	2	1.049999989787134	10.229078483981834	230.0	27	1.05	0.95				
	223	2	0.0	0.0	0.0	0.0	2	1.0263493513257944	4.205627791195638	230.0	25	1.05	0.95				
	224	1	0.0	0.0	0.0	0.0	2	1.0099824496345096	-0.8965831792717963	230.0	26	1.05	0.95				
	301	2	52.94084149894738	10.784245490526317	0.0	0.0	3	1.0105106949113765	-10.865454561799698	138.0	31	1.05	0.95				
	302	2	47.54871875368421	9.803859536842106	0.0	0.0	3	1.0098664511879216	-11.014208625544644	138.0	32	1.05	0.95				
	303	1	88.23473583157894	18.137140143157897	0.0	0.0	3	1.0297855063430665	-3.712250971596189	138.0	31	1.05	0.95				
	304	1	36.27428028631579	7.352894652631579	0.0	0.0	3	1.0103976335297127	-9.343993946870086	138.0	31	1.05	0.95				
	305	1	34.80370135578947	6.8627016757894745	0.0	0.0	3	1.0238540164833168	-10.396698474456732	138.0	31	1.05	0.95				
	306	1	66.66624485052633	13.725403351578949	0.0	-100.0	3	1.0391017115846688	-10.700334625955467	138.0	32	1.05	0.95				
	307	2	61.27412210526316	12.254824421052632	0.0	0.0	3	0.9950187041600069	-15.9276706767962	138.0	32	1.05	0.95				
	308	1	83.82299904	17.156754189473684	0.0	0.0	3	0.998613570581233	-13.665930380981942	138.0	32	1.05	0.95				
	309	1	85.78377094736842	17.64694716631579	0.0	0.0	3	1.0269559013201548	-5.976673570855829	138.0	33	1.05	0.95				
	310	1	95.58763048421054	19.607719073684212	0.0	0.0	3	1.05	-8.352346035764025	138.0	33	1.05	0.95				
	311	1	0.0	0.0	0.0	0.0	3	1.0077835948863993	-3.0408107447436623	230.0	33	1.05	0.95				
	312	1	0.0	0.0	0.0	0.0	3	1.0116079522767352	-2.57258630020521	230.0	33	1.05	0.95				
	313	2	129.90113886315788	26.47042074947369	0.0	0.0	3	1.009818552818537	0.3961415176253959	230.0	34	1.05	0.95				
	314	2	95.09743750736843	19.117526096842106	0.0	0.0	3	1.0060277877649157	-1.8101383363701256	230.0	36	1.05	0.95				
	315	2	155.39117365894737	31.372350517894738	0.0	0.0	3	1.0228709037791965	-0.8009454444303656	230.0	36	1.05	0.95				
	316	2	49.01929768421053	9.803859536842106	0.0	0.0	3	1.0218280310478058	-0.08131437960633643	230.0	36	1.05	0.95				
	317	1	0.0	0.0	0.0	0.0	3	1.0258810378123673	0.315969752508589	230.0	37	1.05	0.95				
	318	2	163.23426128842107	33.33312242526316	0.0	0.0	3	1.024519355158588	-0.04425548172723764	230.0	37	1.05	0.95				
	319	1	88.72492880842105	18.137140143157897	0.0	0.0	3	1.019883231799978	0.3003660708721301	230.0	35	1.05	0.95				
	320	1	62.744701035789475	12.745017397894737	0.0	0.0	3	1.0195620829899927	0.6229586916812071	230.0	35	1.05	0.95				
	321	2	0.0	0.0	0.0	0.0	3	1.026008072360622	0.24745335880787397	230.0	37	1.05	0.95				
	322	2	0.0	0.0	0.0	0.0	3	1.0393082979769122	4.670876445740377	230.0	37	1.05	0.95				
	323	2	0.0	0.0	0.0	0.0	3	1.0199202235078972	1.0227762666952467	230.0	35	1.05	0.95				
	324	1	0.0	0.0	0.0	0.0	3	1.0214997271303132	-0.7528963353712557	230.0	36	1.05	0.95				
	325	1	0.0	0.0	0.0	0.0	3	1.020389798703486	1.7485885660157412	230.0	35	1.05	0.95				
];
