%% MATPOWER Case Format : Version 2
function mpc = RTS_GMLC
mpc.version = '2';

%%-----  Power Flow Data  -----%%
%% system MVA base
mpc.baseMVA = 100.0;
%% bus data
%    bus_i    type    Pd    Qd    Gs    Bs    area    Vm    Va    baseKV    zone    Vmax    Vmin
mpc.bus = [
	101	2	51.889163797894746	10.570014847719298	0.0	0.0	1	1.0323504109852533	2.208726061941889	138.0	11	1.05	0.95				
	102	2	46.604156374035085	9.609104407017544	0.0	0.0	1	1.031923629149274	2.0751953154495406	138.0	12	1.05	0.95				
	103	1	86.48193966315789	17.776843152982455	0.0	0.0	1	1.0271563613387318	-0.01640837055657926	138.0	11	1.05	0.95				
	104	1	35.55368630596491	7.206828305263158	0.0	0.0	1	1.0202678131349419	-1.1126301244013537	138.0	11	1.05	0.95				
	105	1	34.11232064491227	6.7263730849122805	0.0	0.0	1	1.0346251707136243	-0.8941085982060528	138.0	11	1.05	0.95				
	106	1	65.3419099677193	13.452746169824561	0.0	-100.0	1	1.0436833973246369	-3.113084289698852	138.0	12	1.05	0.95				
	107	2	60.05690254385965	12.011380508771929	0.0	0.0	1	1.0231269359218902	-3.031973538339622	138.0	12	1.05	0.95				
	108	1	82.15784267999999	16.815932712280702	0.0	0.0	1	1.0176739777635837	-4.17426588278111	138.0	12	1.05	0.95				
	109	1	84.0796635614035	17.29638793263158	0.0	0.0	1	1.0255745477550289	-1.772053683076512	138.0	13	1.05	0.95				
	110	1	93.68876796842105	19.218208814035087	0.0	0.0	1	1.05	-2.521436569926847	138.0	13	1.05	0.95				
	111	1	0.0	0.0	0.0	0.0	1	1.004311178713688	-0.2951555674937673	230.0	13	1.05	0.95				
	112	1	0.0	0.0	0.0	0.0	1	1.0098039872921554	0.3249709035964255	230.0	13	1.05	0.95				
	113	3	127.32063339298246	25.944581898947373	0.0	0.0	1	0.997115758019086	1.0481862614777773e-29	230.0	14	1.05	0.95				
	114	2	93.20831274807017	18.73775359368421	0.0	0.0	1	1.0000098284855998	1.423396662985588	230.0	16	1.05	0.95				
	115	2	152.30430485122807	30.74913410245614	0.0	0.0	1	1.0395200746814868	6.883475853374765	230.0	16	1.05	0.95				
	116	2	48.045522035087714	9.609104407017544	0.0	0.0	1	1.0351912936924916	6.641551420575082	230.0	16	1.05	0.95				
	117	1	0.0	0.0	0.0	0.0	1	1.0426440620612754	8.248822608210498	230.0	17	1.05	0.95				
	118	2	159.99158837684212	32.67095498385965	0.0	0.0	1	1.045487537807217	7.971653409088769	230.0	17	1.05	0.95				
	119	1	86.96239488350878	17.776843152982455	0.0	0.0	1	1.0291544291000414	5.94086935408326	230.0	15	1.05	0.95				
	120	1	61.49826820491228	12.491835729122808	0.0	0.0	1	1.0274050734212812	6.259663603306534	230.0	15	1.05	0.95				
	121	2	0.0	0.0	0.0	0.0	1	1.05	8.80229168604558	230.0	17	1.05	0.95				
	122	2	0.0	0.0	0.0	0.0	1	1.05	16.840015837485875	230.0	17	1.05	0.95				
	123	2	0.0	0.0	0.0	0.0	1	1.027309437103255	6.804306738037569	230.0	15	1.05	0.95				
	124	1	0.0	0.0	0.0	0.0	1	1.0257837077658165	4.3115208349290235	230.0	16	1.05	0.95				
	201	2	55.65748464000001	11.337635760000001	0.0	0.0	2	1.0323436301501006	-6.742342972552473	138.0	21	1.05	0.95				
	202	2	49.98866676000001	10.306941600000002	0.0	0.0	2	1.0325363940802077	-6.79640758978092	138.0	22	1.05	0.95				
	203	1	92.76247440000002	19.067841960000003	0.0	0.0	2	1.0229357868863664	-5.79601798365828	138.0	21	1.05	0.95				
	204	1	38.135683920000005	7.7302062000000005	0.0	0.0	2	1.0190822945359526	-9.269574021737075	138.0	21	1.05	0.95				
	205	1	36.58964268	7.214859120000002	0.0	0.0	2	1.034439867796457	-9.434799687487729	138.0	21	1.05	0.95				
	206	1	70.08720288	14.429718240000003	0.0	-100.0	2	1.043110928327903	-11.438721886183771	138.0	22	1.05	0.95				
	207	2	64.41838500000001	12.883677000000002	0.0	0.0	2	0.9875213512439412	-19.284997579010447	138.0	22	1.05	0.95				
	208	1	88.12435068	18.0371478	0.0	0.0	2	0.9920476038017155	-16.88337402837457	138.0	22	1.05	0.95				
	209	1	90.18573900000001	18.55249488	0.0	0.0	2	1.023568613655726	-9.200341583284812	138.0	23	1.05	0.95				
	210	1	100.4926806	20.613883200000004	0.0	0.0	2	1.05	-10.535106160536058	138.0	23	1.05	0.95				
	211	1	0.0	0.0	0.0	0.0	2	1.0097241409288065	-6.486340509469213	230.0	23	1.05	0.95				
	212	1	0.0	0.0	0.0	0.0	2	1.0127895870513421	-5.863226184849201	230.0	23	1.05	0.95				
	213	2	136.56697620000003	27.828742320000003	0.0	0.0	2	1.0061743774615746	-5.59401015533987	230.0	24	1.05	0.95				
	214	2	99.97733352000002	20.098536120000006	0.0	0.0	2	1.0132921267038268	-3.8154379160197314	230.0	26	1.05	0.95				
	215	2	163.36502436000004	32.982213120000004	0.0	0.0	2	1.031367505545684	3.1847250361688157	230.0	26	1.05	0.95				
	216	2	51.53470800000001	10.306941600000002	0.0	0.0	2	1.034031257151571	3.06760150520724	230.0	26	1.05	0.95				
	217	1	0.0	0.0	0.0	0.0	2	1.0381594723011014	5.963522905950642	230.0	27	1.05	0.95				
	218	2	171.61057764000003	35.04360144	0.0	0.0	2	1.0398145263783318	6.493112743348077	230.0	27	1.05	0.95				
	219	1	93.27782148000001	19.067841960000003	0.0	0.0	2	1.03458222929102	2.12612206570994	230.0	25	1.05	0.95				
	220	1	65.96442624000001	13.399024080000002	0.0	0.0	2	1.0389815865966905	2.296443783010337	230.0	25	1.05	0.95				
	221	2	0.0	0.0	0.0	0.0	2	1.039402531707847	6.1458995134062535	230.0	27	1.05	0.95				
	222	2	0.0	0.0	0.0	0.0	2	1.05	12.575915600057805	230.0	27	1.05	0.95				
	223	2	0.0	0.0	0.0	0.0	2	1.0423586420138249	2.7723692838955674	230.0	25	1.05	0.95				
	224	1	0.0	0.0	0.0	0.0	2	1.0170084887548323	-0.18379121293792627	230.0	26	1.05	0.95				
	301	2	64.95033217263159	13.230623220350878	0.0	0.0	3	1.0115658475818772	-28.05128326356748	138.0	31	1.05	0.95				
	302	2	58.335020562456144	12.027839291228071	0.0	0.0	3	1.0103040600616282	-28.32442997940258	138.0	32	1.05	0.95				
	303	1	108.25055362105265	22.251502688771932	0.0	0.0	3	1.0400588590818816	-16.442689894087728	138.0	31	1.05	0.95				
	304	1	44.503005377543865	9.020879468421054	0.0	0.0	3	1.0080928065544572	-26.60288188545169	138.0	31	1.05	0.95				
	305	1	42.698829483859654	8.419487503859651	0.0	0.0	3	1.022881585640773	-27.948521888504867	138.0	31	1.05	0.95				
	306	1	81.78930718035089	16.838975007719302	0.0	-100.0	3	1.0359333348249744	-28.563122802013186	138.0	32	1.05	0.95				
	307	2	75.17399557017545	15.034799114035089	0.0	0.0	3	0.9926670951784425	-34.02295910467632	138.0	32	1.05	0.95				
	308	1	102.83802594	21.048718759649123	0.0	0.0	3	0.9928176730647749	-31.785748214203277	138.0	32	1.05	0.95				
	309	1	105.24359379824561	21.650110724210528	0.0	0.0	3	1.0269595118736816	-22.739588762968612	138.0	33	1.05	0.95				
	310	1	117.2714330894737	24.055678582456142	0.0	0.0	3	1.05	-25.915694326911527	138.0	33	1.05	0.95				
	311	1	0.0	0.0	0.0	0.0	3	1.019187518046155	-18.801883713303138	230.0	33	1.05	0.95				
	312	1	0.0	0.0	0.0	0.0	3	1.0186885753056265	-18.30384962856403	230.0	33	1.05	0.95				
	313	2	159.36887060877194	32.475166086315795	0.0	0.0	3	1.0252134968462445	-15.475446975432853	230.0	34	1.05	0.95				
	314	2	116.67004112491229	23.454286617894738	0.0	0.0	3	1.0306992385966836	-16.23616771138099	230.0	36	1.05	0.95				
	315	2	190.6412527659649	38.489085731929826	0.0	0.0	3	1.0491282343394046	-9.090795545159102	230.0	36	1.05	0.95				
	316	2	60.139196456140354	12.027839291228071	0.0	0.0	3	1.0491925542955323	-9.001069198938508	230.0	36	1.05	0.95				
	317	1	0.0	0.0	0.0	0.0	3	1.0499999957091315	-6.196217282486654	230.0	37	1.05	0.95				
	318	2	200.2635241989474	40.894653590175444	0.0	0.0	3	1.0487387564560604	-5.946287304355618	230.0	37	1.05	0.95				
	319	1	108.85194558561405	22.251502688771932	0.0	0.0	3	1.045139320331851	-10.497936893957434	230.0	35	1.05	0.95				
	320	1	76.97817146385965	15.636191078596493	0.0	0.0	3	1.0466755674823058	-10.67607779313121	230.0	35	1.05	0.95				
	321	2	0.0	0.0	0.0	0.0	3	1.05	-5.419441055147159	230.0	37	1.05	0.95				
	322	2	0.0	0.0	0.0	0.0	3	1.05	-0.6549580933839887	230.0	37	1.05	0.95				
	323	2	0.0	0.0	0.0	0.0	3	1.0487844366517731	-10.333583029564553	230.0	35	1.05	0.95				
	324	1	0.0	0.0	0.0	0.0	3	1.0360940599748762	-11.843511258910565	230.0	36	1.05	0.95				
	325	1	0.0	0.0	0.0	0.0	3	1.0420131624004803	-8.775629635876712	230.0	35	1.05	0.95				
];
