%% MATPOWER Case Format : Version 2
function mpc = RTS_GMLC
mpc.version = '2';

%%-----  Power Flow Data  -----%%
%% system MVA base
mpc.baseMVA = 100.0;
%% bus data
%    bus_i    type    Pd    Qd    Gs    Bs    area    Vm    Va    baseKV    zone    Vmax    Vmin
mpc.bus = [
	101	2	52.597229077894745	10.714250367719298	0.0	0.0	1	1.0326220316040131	2.089695110460804	138.0	11	1.05	0.95				
	102	2	47.24010389403509	9.740227607017545	0.0	0.0	1	1.0321924540605574	1.9548036922958132	138.0	12	1.05	0.95				
	103	1	87.6620484631579	18.019421072982457	0.0	0.0	1	1.0267954556362933	-0.05054893893182485	138.0	11	1.05	0.95				
	104	1	36.038842145964914	7.305170705263158	0.0	0.0	1	1.0202430746816165	-1.205628319666556	138.0	11	1.05	0.95				
	105	1	34.57780800491228	6.818159324912282	0.0	0.0	1	1.0346916131879333	-0.9965140596784208	138.0	11	1.05	0.95				
	106	1	66.23354772771931	13.636318649824563	0.0	-100.0	1	1.0435784206991665	-3.2121929548658903	138.0	12	1.05	0.95				
	107	2	60.876422543859654	12.17528450877193	0.0	0.0	1	1.024343722528151	-2.8981794093173328	138.0	12	1.05	0.95				
	108	1	83.27894604000001	17.045398312280703	0.0	0.0	1	1.0181870105054294	-4.140394229899968	138.0	12	1.05	0.95				
	109	1	85.22699156140351	17.53240969263158	0.0	0.0	1	1.0255068927662176	-1.8170145112482137	138.0	13	1.05	0.95				
	110	1	94.96721916842105	19.48045521403509	0.0	0.0	1	1.05	-2.587320738792121	138.0	13	1.05	0.95				
	111	1	0.0	0.0	0.0	0.0	1	1.0043925746332485	-0.32098981727495773	230.0	13	1.05	0.95				
	112	1	0.0	0.0	0.0	0.0	1	1.0097215136654478	0.30629264094839964	230.0	13	1.05	0.95				
	113	3	129.05801579298247	26.298614538947373	0.0	0.0	1	0.9972245735958887	-2.414346377020357e-28	230.0	14	1.05	0.95				
	114	2	94.48020778807017	18.99344383368421	0.0	0.0	1	1.0002580192447093	1.4040926341485642	230.0	16	1.05	0.95				
	115	2	154.38260757122808	31.16872834245614	0.0	0.0	1	1.0389653018542253	6.998326977759328	230.0	16	1.05	0.95				
	116	2	48.70113803508772	9.740227607017545	0.0	0.0	1	1.0346035871643946	6.681505891180508	230.0	16	1.05	0.95				
	117	1	0.0	0.0	0.0	0.0	1	1.0423230673291133	8.221271071306155	230.0	17	1.05	0.95				
	118	2	162.1747896568421	33.116773863859656	0.0	0.0	1	1.044738708558519	8.11464239379477	230.0	17	1.05	0.95				
	119	1	88.14905984350878	18.019421072982457	0.0	0.0	1	1.0286340755384666	5.966138119193348	230.0	15	1.05	0.95				
	120	1	62.33745668491228	12.662295889122808	0.0	0.0	1	1.0270272527219546	6.2855617253191465	230.0	15	1.05	0.95				
	121	2	0.0	0.0	0.0	0.0	1	1.0492180699524063	9.080632575819013	230.0	17	1.05	0.95				
	122	2	0.0	0.0	0.0	0.0	1	1.05	15.253465295211639	230.0	17	1.05	0.95				
	123	2	0.0	0.0	0.0	0.0	1	1.0270429778774126	6.835558308381297	230.0	15	1.05	0.95				
	124	1	0.0	0.0	0.0	0.0	1	1.0251608771215406	4.369698528133845	230.0	16	1.05	0.95				
	201	2	55.8444829263158	11.375728003508772	0.0	0.0	2	1.0336065380298343	-6.619686792265707	138.0	21	1.05	0.95				
	202	2	50.1566189245614	10.341570912280702	0.0	0.0	2	1.0337925727903166	-6.6733832965293765	138.0	22	1.05	0.95				
	203	1	93.07413821052633	19.1319061877193	0.0	0.0	2	1.0231901440292657	-5.658603072913264	138.0	21	1.05	0.95				
	204	1	38.2638123754386	7.756178184210525	0.0	0.0	2	1.0195808077049602	-9.124023601352176	138.0	21	1.05	0.95				
	205	1	36.71257673859649	7.2390996385964925	0.0	0.0	2	1.0350758399684807	-9.290840158325384	138.0	21	1.05	0.95				
	206	1	70.32268220350878	14.478199277192985	0.0	-100.0	2	1.0433828069395605	-11.285595047144254	138.0	22	1.05	0.95				
	207	2	64.63481820175438	12.926963640350877	0.0	0.0	2	0.9886601641509701	-19.162185428655768	138.0	22	1.05	0.95				
	208	1	88.4204313	18.097749096491228	0.0	0.0	2	0.9926095780986565	-16.747615345633687	138.0	22	1.05	0.95				
	209	1	90.48874548245614	18.614827642105265	0.0	0.0	2	1.0234838815268903	-9.032718048709098	138.0	23	1.05	0.95				
	210	1	100.83031639473685	20.683141824561403	0.0	0.0	2	1.05	-10.368270829744791	138.0	23	1.05	0.95				
	211	1	0.0	0.0	0.0	0.0	2	1.0095770129921902	-6.305730786749281	230.0	23	1.05	0.95				
	212	1	0.0	0.0	0.0	0.0	2	1.0116710418437656	-5.647587080331028	230.0	23	1.05	0.95				
	213	2	137.0258145877193	27.9222414631579	0.0	0.0	2	1.005598167585231	-5.377103457335518	230.0	24	1.05	0.95				
	214	2	100.3132378491228	20.16606327894737	0.0	0.0	2	1.0134487182064784	-3.6523932114863036	230.0	26	1.05	0.95				
	215	2	163.91389895964912	33.09302691929825	0.0	0.0	2	1.0306991267944368	3.3146211592181904	230.0	26	1.05	0.95				
	216	2	51.70785456140351	10.341570912280702	0.0	0.0	2	1.0328922070494568	3.232941411873048	230.0	26	1.05	0.95				
	217	1	0.0	0.0	0.0	0.0	2	1.0374798318391865	6.09349368492584	230.0	27	1.05	0.95				
	218	2	172.18715568947368	35.16134110175439	0.0	0.0	2	1.0391852932723429	6.621113305105472	230.0	27	1.05	0.95				
	219	1	93.59121675614035	19.1319061877193	0.0	0.0	2	1.03220633406803	2.372536830426847	230.0	25	1.05	0.95				
	220	1	66.1860538385965	13.444042185964914	0.0	0.0	2	1.0355477741669805	2.6197374573669037	230.0	25	1.05	0.95				
	221	2	0.0	0.0	0.0	0.0	2	1.0388379349588364	6.27504516202415	230.0	27	1.05	0.95				
	222	2	0.0	0.0	0.0	0.0	2	1.05	12.704766366320092	230.0	27	1.05	0.95				
	223	2	0.0	0.0	0.0	0.0	2	1.0383813504479191	3.1421897429060754	230.0	25	1.05	0.95				
	224	1	0.0	0.0	0.0	0.0	2	1.0167015581580143	-0.0543018553336935	230.0	26	1.05	0.95				
	301	2	53.00917431157895	10.79816513754386	0.0	0.0	3	1.0089319455931283	-21.8532827181858	138.0	31	1.05	0.95				
	302	2	47.61009174280702	9.81651376140351	0.0	0.0	3	1.008284463482266	-22.00269234836217	138.0	32	1.05	0.95				
	303	1	88.34862385263158	18.160550458596493	0.0	0.0	3	1.0277162682725893	-14.741406412158112	138.0	31	1.05	0.95				
	304	1	36.321100917192986	7.362385321052632	0.0	0.0	3	1.009679207050255	-20.374869253005368	138.0	31	1.05	0.95				
	305	1	34.848623852982456	6.871559632982457	0.0	0.0	3	1.0230246620971917	-21.359896433293418	138.0	31	1.05	0.95				
	306	1	66.75229357754387	13.743119265964914	0.0	-100.0	3	1.0386907318406844	-21.651656709973757	138.0	32	1.05	0.95				
	307	2	61.353211008771936	12.270642201754386	0.0	0.0	3	0.993053317221167	-27.08098497498761	138.0	32	1.05	0.95				
	308	1	83.93119266	17.17889908245614	0.0	0.0	3	0.9970387361131634	-24.813969599759453	138.0	32	1.05	0.95				
	309	1	85.8944954122807	17.669724770526315	0.0	0.0	3	1.026929708536815	-17.0397647982887	138.0	33	1.05	0.95				
	310	1	95.71100917368422	19.63302752280702	0.0	0.0	3	1.05	-19.28861106842187	138.0	33	1.05	0.95				
	311	1	0.0	0.0	0.0	0.0	3	1.0126434601335952	-12.832144609161295	230.0	33	1.05	0.95				
	312	1	0.0	0.0	0.0	0.0	3	1.013356868753261	-12.504722707387792	230.0	33	1.05	0.95				
	313	2	130.06880733859649	26.504587155789476	0.0	0.0	3	1.0148194988453254	-9.481645751706255	230.0	34	1.05	0.95				
	314	2	95.22018348561404	19.142201834736845	0.0	0.0	3	1.020026288297824	-10.392201860954767	230.0	36	1.05	0.95				
	315	2	155.59174311824563	31.41284403649123	0.0	0.0	3	1.0436476081322714	-4.357893343242672	230.0	36	1.05	0.95				
	316	2	49.082568807017545	9.81651376140351	0.0	0.0	3	1.0424720057180352	-4.023541270157434	230.0	36	1.05	0.95				
	317	1	0.0	0.0	0.0	0.0	3	1.0466515787029702	-1.5333163027686827	230.0	37	1.05	0.95				
	318	2	163.44495412736845	33.37614678877193	0.0	0.0	3	1.0459129885722993	-1.5202460348077456	230.0	37	1.05	0.95				
	319	1	88.83944954070176	18.160550458596493	0.0	0.0	3	1.0367696110299938	-5.4377741485144675	230.0	35	1.05	0.95				
	320	1	62.82568807298246	12.761467889824562	0.0	0.0	3	1.0356405129929678	-5.736734685578211	230.0	35	1.05	0.95				
	321	2	0.0	0.0	0.0	0.0	3	1.0484331004908136	-0.9700519231652326	230.0	37	1.05	0.95				
	322	2	0.0	0.0	0.0	0.0	3	1.05	3.1493441591328706	230.0	37	1.05	0.95				
	323	2	0.0	0.0	0.0	0.0	3	1.0357956216284736	-5.531184617060919	230.0	35	1.05	0.95				
	324	1	0.0	0.0	0.0	0.0	3	1.0246905497555292	-8.226537844487657	230.0	36	1.05	0.95				
	325	1	0.0	0.0	0.0	0.0	3	1.032662805391848	-4.310249732053157	230.0	35	1.05	0.95				
];
