%% MATPOWER Case Format : Version 2
function mpc = RTS_GMLC
mpc.version = '2';

%%-----  Power Flow Data  -----%%
%% system MVA base
mpc.baseMVA = 100.0;
%% bus data
%    bus_i    type    Pd    Qd    Gs    Bs    area    Vm    Va    baseKV    zone    Vmax    Vmin
mpc.bus = [
	101	2	42.470559132631585	8.651410193684212	0.0	0.0	1	1.016021179042985	-3.0139829866545096	138.0	11	1.05	0.95				
	102	2	38.14485403578948	7.864918357894739	0.0	0.0	1	1.015642042896768	-3.2438638264975412	138.0	12	1.05	0.95				
	103	1	70.78426522105265	14.550098962105265	0.0	0.0	1	1.007439081048282	0.1350333682955415	138.0	11	1.05	0.95				
	104	1	29.10019792421053	5.898688768421053	0.0	0.0	1	1.0062713656011273	-3.571296771357523	138.0	11	1.05	0.95				
	105	1	27.92046017052632	5.505442850526317	0.0	0.0	1	1.0187940919005225	-4.6461988156586465	138.0	11	1.05	0.95				
	106	1	53.48144483368422	11.010885701052635	0.0	-100.0	1	1.0282358241095533	-6.0355471826584495	138.0	12	1.05	0.95				
	107	2	49.155739736842115	9.831147947368422	0.0	0.0	1	0.9856565541613991	-9.797862958620476	138.0	12	1.05	0.95				
	108	1	67.24505196000001	13.76360712631579	0.0	0.0	1	0.9884537792322692	-8.69708660261977	138.0	12	1.05	0.95				
	109	1	68.81803563157895	14.156853044210527	0.0	0.0	1	1.0038825216275975	-3.354998048330153	138.0	13	1.05	0.95				
	110	1	76.68295398947369	15.729836715789478	0.0	0.0	1	1.0309950524531208	-5.010941846656047	138.0	13	1.05	0.95				
	111	1	0.0	0.0	0.0	0.0	1	0.9814120138288052	-1.1932632384514377	230.0	13	1.05	0.95				
	112	1	0.0	0.0	0.0	0.0	1	0.9832925042414504	-1.5993532754691302	230.0	13	1.05	0.95				
	113	3	104.21016824210527	21.235279566315793	0.0	0.0	1	0.964695292727919	-2.6322769499388703e-27	230.0	14	1.05	0.95				
	114	2	76.28970807157896	15.33659079789474	0.0	0.0	1	0.985739996973473	0.9270544177561078	230.0	16	1.05	0.95				
	115	2	124.65895597263159	25.16773874526316	0.0	0.0	1	0.9957483674598688	7.592146052202703	230.0	16	1.05	0.95				
	116	2	39.324591789473686	7.864918357894739	0.0	0.0	1	0.9939104273273303	6.538569641961596	230.0	16	1.05	0.95				
	117	1	0.0	0.0	0.0	0.0	1	1.0011603408128553	10.70582518648299	230.0	17	1.05	0.95				
	118	2	130.95089065894737	26.74072241684211	0.0	0.0	1	1.0053925992357844	11.205400307347464	230.0	17	1.05	0.95				
	119	1	71.17751113894738	14.550098962105265	0.0	0.0	1	0.9918578852036183	4.101944781850582	230.0	15	1.05	0.95				
	120	1	50.33547749052632	10.22439386526316	0.0	0.0	1	0.9929475554213012	2.240090324492118	230.0	15	1.05	0.95				
	121	2	0.0	0.0	0.0	0.0	1	1.0063368411481577	12.182381030891902	230.0	17	1.05	0.95				
	122	2	0.0	0.0	0.0	0.0	1	1.0250400991901234	23.544044364206208	230.0	17	1.05	0.95				
	123	2	0.0	0.0	0.0	0.0	1	0.9941960579883201	1.540171366500554	230.0	15	1.05	0.95				
	124	1	0.0	0.0	0.0	0.0	1	0.9909023887764798	4.73340800458085	230.0	16	1.05	0.95				
	201	2	43.62159611368422	8.885880689824562	0.0	0.0	2	1.0109161789555932	-10.430119105058495	138.0	21	1.05	0.95				
	202	2	39.17865576877194	8.078073354385968	0.0	0.0	2	1.0096708132430574	-10.646220866002547	138.0	22	1.05	0.95				
	203	1	72.7026601894737	14.944435705614037	0.0	0.0	2	0.9973263912506667	-8.019831231297891	138.0	21	1.05	0.95				
	204	1	29.888871411228074	6.058555015789474	0.0	0.0	2	1.0020519522393927	-9.91155714226444	138.0	21	1.05	0.95				
	205	1	28.67716040807018	5.6546513480701766	0.0	0.0	2	1.0182574736372507	-10.215356352041729	138.0	21	1.05	0.95				
	206	1	54.93089880982457	11.309302696140353	0.0	-100.0	2	1.0303160482855633	-10.608679814428452	138.0	22	1.05	0.95				
	207	2	50.48795846491229	10.097591692982459	0.0	0.0	2	0.9724259460343961	-15.514284935078631	138.0	22	1.05	0.95				
	208	1	69.06752718000001	14.136628370175439	0.0	0.0	2	0.9814142474265176	-13.667614300157897	138.0	22	1.05	0.95				
	209	1	70.6831418508772	14.540532037894739	0.0	0.0	2	1.0078170660285914	-7.589877301524656	138.0	23	1.05	0.95				
	210	1	78.76121520526317	16.156146708771935	0.0	0.0	2	1.0355154972518317	-8.667911799297245	138.0	23	1.05	0.95				
	211	1	0.0	0.0	0.0	0.0	2	0.9878499116513133	-5.477496506285889	230.0	23	1.05	0.95				
	212	1	0.0	0.0	0.0	0.0	2	0.9936428630748679	-0.7117604384956392	230.0	23	1.05	0.95				
	213	2	107.03447194561404	21.81079805684211	0.0	0.0	2	0.9853429898196833	-3.3502751685213337	230.0	24	1.05	0.95				
	214	2	78.35731153754388	15.752243041052635	0.0	0.0	2	0.9810842905521077	-4.5421247164382175	230.0	26	1.05	0.95				
	215	2	128.03746266701756	25.849834734035092	0.0	0.0	2	0.9902943005679625	0.18220888592859177	230.0	26	1.05	0.95				
	216	2	40.390366771929834	8.078073354385968	0.0	0.0	2	0.9888461564317351	-0.5757712720197522	230.0	26	1.05	0.95				
	217	1	0.0	0.0	0.0	0.0	2	0.9971414279041402	0.7903582578114197	230.0	27	1.05	0.95				
	218	2	134.49992135052634	27.465449404912285	0.0	0.0	2	0.9974510979477651	0.4648822302355708	230.0	27	1.05	0.95				
	219	1	73.106563857193	14.944435705614037	0.0	0.0	2	0.9865716561178798	-0.7513084382265092	230.0	25	1.05	0.95				
	220	1	51.699669468070184	10.501495360701757	0.0	0.0	2	0.9874479935726936	-0.051306323961206185	230.0	25	1.05	0.95				
	221	2	0.0	0.0	0.0	0.0	2	0.9998614721039132	1.170503823951135	230.0	27	1.05	0.95				
	222	2	0.0	0.0	0.0	0.0	2	1.0184673518474145	7.668898847766322	230.0	27	1.05	0.95				
	223	2	0.0	0.0	0.0	0.0	2	0.9886774472566056	0.6686708592159335	230.0	25	1.05	0.95				
	224	1	0.0	0.0	0.0	0.0	2	0.9830002919510468	-2.9452330495240697	230.0	26	1.05	0.95				
	301	2	64.07908889684212	13.053147738245615	0.0	0.0	3	1.0061206233377098	16.20849506926155	138.0	31	1.05	0.95				
	302	2	57.55251502771931	11.86649794385965	0.0	0.0	3	1.0061665217482016	15.9858354301373	138.0	32	1.05	0.95				
	303	1	106.79848149473685	21.953021196140355	0.0	0.0	3	1.0153502789249955	25.446144217737675	138.0	31	1.05	0.95				
	304	1	43.90604239228071	8.899873457894737	0.0	0.0	3	0.996713193941338	17.753273743495384	138.0	31	1.05	0.95				
	305	1	42.12606770070176	8.306548560701756	0.0	0.0	3	1.0126919612706788	17.061085669658752	138.0	31	1.05	0.95				
	306	1	80.69218601824562	16.613097121403513	0.0	-100.0	3	1.0237397322321444	16.856426902458388	138.0	32	1.05	0.95				
	307	2	74.16561214912282	14.833122429824563	0.0	0.0	3	0.9706013286984304	13.505549414669428	138.0	32	1.05	0.95				
	308	1	101.45855742	20.766371401754387	0.0	0.0	3	0.9827631373846668	16.24218293170024	138.0	32	1.05	0.95				
	309	1	103.83185700877195	21.35969629894737	0.0	0.0	3	1.0097303670828002	21.708383868098288	138.0	33	1.05	0.95				
	310	1	115.69835495263159	23.7329958877193	0.0	0.0	3	1.0355879269038393	19.870580469085226	138.0	33	1.05	0.95				
	311	1	0.0	0.0	0.0	0.0	3	0.9935856333908986	25.00465958189102	230.0	33	1.05	0.95				
	312	1	0.0	0.0	0.0	0.0	3	0.9995388186972711	26.137987917602942	230.0	33	1.05	0.95				
	313	2	157.23109775614037	32.03954444842106	0.0	0.0	3	1.0064196594012167	32.07434864530613	230.0	34	1.05	0.95				
	314	2	115.10503005543862	23.13967099052632	0.0	0.0	3	0.9894941303232613	23.064842503362836	230.0	36	1.05	0.95				
	315	2	188.08399241017545	37.97279342035088	0.0	0.0	3	0.9928243988662068	16.749026105266374	230.0	36	1.05	0.95				
	316	2	59.33248971929825	11.86649794385965	0.0	0.0	3	0.9862675209290622	17.724961771321347	230.0	36	1.05	0.95				
	317	1	0.0	0.0	0.0	0.0	3	0.9951721727950391	15.79816245943862	230.0	37	1.05	0.95				
	318	2	197.5771907652632	40.34609300912281	0.0	0.0	3	0.9951024767074217	14.011742834783472	230.0	37	1.05	0.95				
	319	1	107.39180639192985	21.953021196140355	0.0	0.0	3	0.9931611181717844	20.34844904044342	230.0	35	1.05	0.95				
	320	1	75.94558684070176	15.426447327017549	0.0	0.0	3	1.0014332421922996	22.05802904030816	230.0	35	1.05	0.95				
	321	2	0.0	0.0	0.0	0.0	3	1.0005677706672753	15.499792005439485	230.0	37	1.05	0.95				
	322	2	0.0	0.0	0.0	0.0	3	1.0165128662657625	20.01629300680314	230.0	37	1.05	0.95				
	323	2	0.0	0.0	0.0	0.0	3	1.0056479357321824	22.533378005234113	230.0	35	1.05	0.95				
	324	1	0.0	0.0	0.0	0.0	3	1.0013929976893345	22.19597382797334	230.0	36	1.05	0.95				
