%% MATPOWER Case Format : Version 2
function mpc = RTS_GMLC
mpc.version = '2';

%%-----  Power Flow Data  -----%%
%% system MVA base
mpc.baseMVA = 100.0;
%% bus data
%    bus_i    type    Pd    Qd    Gs    Bs    area    Vm    Va    baseKV    zone    Vmax    Vmin
mpc.bus = [
	101	2	64.18010887578947	13.073725882105263	0.0	0.0	1	1.0488771170020017	2.539286413282438	138.0	11	1.05	0.95				
	102	2	57.64324593473684	11.885205347368421	0.0	0.0	1	1.0477592183879563	2.1673960035842064	138.0	12	1.05	0.95				
	103	1	106.96684812631581	21.98762989263158	0.0	0.0	1	1.0325603956792613	0.6077566012872309	138.0	11	1.05	0.95				
	104	1	43.97525978526316	8.913904010526316	0.0	0.0	1	1.027756914039792	-1.5389216932508254	138.0	11	1.05	0.95				
	105	1	42.19247898315789	8.319643743157897	0.0	0.0	1	1.0403405606475173	-1.9229086500119068	138.0	11	1.05	0.95				
	106	1	80.81939636210528	16.639287486315794	0.0	-100.0	1	1.0432494875651792	-5.054412787388983	138.0	12	1.05	0.95				
	107	2	74.28253342105263	14.856506684210528	0.0	0.0	1	0.9980022222865845	-13.93493062167619	138.0	12	1.05	0.95				
	108	1	101.61850572	20.79910935789474	0.0	0.0	1	0.9958411731599947	-11.579667470366115	138.0	12	1.05	0.95				
	109	1	103.99554678947369	21.39336962526316	0.0	0.0	1	1.0255951402538768	-3.393449298466764	138.0	13	1.05	0.95				
	110	1	115.8807521368421	23.770410694736842	0.0	0.0	1	1.05	-4.658340258351658	138.0	13	1.05	0.95				
	111	1	0.0	0.0	0.0	0.0	1	1.0106318610145182	-1.0392752666098943	230.0	13	1.05	0.95				
	112	1	0.0	0.0	0.0	0.0	1	1.0147360340583345	-0.9004390913057597	230.0	13	1.05	0.95				
	113	3	157.4789708526316	32.090054437894736	0.0	0.0	1	1.0089953112233327	-4.0407128701532603e-29	230.0	14	1.05	0.95				
	114	2	115.28649186947368	23.176150427368423	0.0	0.0	1	1.0110536827825825	1.1141273924968291	230.0	16	1.05	0.95				
	115	2	188.38050475578947	38.03265711157895	0.0	0.0	1	1.0428398037774453	8.498980529373183	230.0	16	1.05	0.95				
	116	2	59.42602673684211	11.885205347368421	0.0	0.0	1	1.040303441688966	7.683931635392171	230.0	16	1.05	0.95				
	117	1	0.0	0.0	0.0	0.0	1	1.0449801337750357	11.09375276551428	230.0	17	1.05	0.95				
	118	2	197.88866903368424	40.40969818105264	0.0	0.0	1	1.047771824357527	11.867022273553749	230.0	17	1.05	0.95				
	119	1	107.56110839368422	21.98762989263158	0.0	0.0	1	1.0332258192382118	5.698027088092007	230.0	15	1.05	0.95				
	120	1	76.0653142231579	15.450766951578949	0.0	0.0	1	1.0316302836301194	4.672975680887444	230.0	15	1.05	0.95				
	121	2	0.0	0.0	0.0	0.0	1	1.05	13.53649736043557	230.0	17	1.05	0.95				
	122	2	0.0	0.0	0.0	0.0	1	1.05	19.08983848501628	230.0	17	1.05	0.95				
	123	2	0.0	0.0	0.0	0.0	1	1.0320205288031132	4.557165505159569	230.0	15	1.05	0.95				
	124	1	0.0	0.0	0.0	0.0	1	1.028852528970508	5.546962577960262	230.0	16	1.05	0.95				
	201	2	70.37934832421054	14.336533917894739	0.0	0.0	2	1.0254950444019637	-14.77656785251223	138.0	21	1.05	0.95				
	202	2	63.21108136526317	13.033212652631581	0.0	0.0	2	1.0266530007882968	-14.583586832643908	138.0	22	1.05	0.95				
	203	1	117.29891387368423	24.111443407368423	0.0	0.0	2	1.0134587858542672	-12.909457566474815	138.0	21	1.05	0.95				
	204	1	48.222886814736846	9.774909489473686	0.0	0.0	2	1.0145429272565563	-15.338259057621743	138.0	21	1.05	0.95				
	205	1	46.267904916842106	9.123248856842107	0.0	0.0	2	1.0295226806816935	-15.772591153758224	138.0	21	1.05	0.95				
	206	1	88.62584603789475	18.246497713684214	0.0	-100.0	2	1.0383921784727774	-16.90448020077796	138.0	22	1.05	0.95				
	207	2	81.45757907894738	16.291515815789477	0.0	0.0	2	0.9815367214556039	-26.21887607655313	138.0	22	1.05	0.95				
	208	1	111.43396818000002	22.808122142105265	0.0	0.0	2	0.9823166128396753	-23.05032822690368	138.0	22	1.05	0.95				
	209	1	114.04061071052634	23.459782774736844	0.0	0.0	2	1.024938585690616	-13.291491969792585	138.0	23	1.05	0.95				
	210	1	127.07382336315791	26.066425305263163	0.0	0.0	2	1.05	-14.703584208945312	138.0	23	1.05	0.95				
	211	1	0.0	0.0	0.0	0.0	2	1.0190294118547516	-9.79940701217992	230.0	23	1.05	0.95				
	212	1	0.0	0.0	0.0	0.0	2	1.0212970015895322	-4.824351927406209	230.0	23	1.05	0.95				
	213	2	172.69006764736844	35.18967416210527	0.0	0.0	2	1.0258763907281327	-6.912090156504717	230.0	24	1.05	0.95				
	214	2	126.42216273052634	25.414764672631584	0.0	0.0	2	1.0250137813433007	-8.162010476441028	230.0	26	1.05	0.95				
	215	2	206.57642054421052	41.70628048842106	0.0	0.0	2	1.033914191110522	-1.7639909158137457	230.0	26	1.05	0.95				
	216	2	65.16606326315791	13.033212652631581	0.0	0.0	2	1.0361806347398759	-1.813963979395812	230.0	26	1.05	0.95				
	217	1	0.0	0.0	0.0	0.0	2	1.0371275022549429	-0.3101404627765358	230.0	27	1.05	0.95				
	218	2	217.00299066631584	44.31292301894737	0.0	0.0	2	1.0355557017560966	-1.2440205192782956	230.0	27	1.05	0.95				
	219	1	117.9505745063158	24.111443407368423	0.0	0.0	2	1.037193243997311	-1.0569769796145803	230.0	25	1.05	0.95				
	220	1	83.41256097684212	16.943176448421056	0.0	0.0	2	1.0439156014456574	0.8282684551052502	230.0	25	1.05	0.95				
	221	2	0.0	0.0	0.0	0.0	2	1.037390894285463	-0.6019959323474428	230.0	27	1.05	0.95				
	222	2	0.0	0.0	0.0	0.0	2	1.05	6.012685996669977	230.0	27	1.05	0.95				
	223	2	0.0	0.0	0.0	0.0	2	1.0499999157541644	2.328831834335035	230.0	25	1.05	0.95				
	224	1	0.0	0.0	0.0	0.0	2	1.0124405072485403	-5.899156130287763	230.0	26	1.05	0.95				
	301	2	62.387851945263165	12.708636507368421	0.0	0.0	3	0.9929702954860501	8.362742953802687	138.0	31	1.05	0.95				
	302	2	56.03353369157894	11.553305915789474	0.0	0.0	3	0.9926103378853972	8.306272276668752	138.0	32	1.05	0.95				
	303	1	103.97975324210526	21.373615944210524	0.0	0.0	3	1.0216100177970828	11.95515542011049	138.0	31	1.05	0.95				
	304	1	42.74723188842105	8.664979436842104	0.0	0.0	3	1.0012687070519979	10.23543864318274	138.0	31	1.05	0.95				
	305	1	41.01423600105263	8.087314141052632	0.0	0.0	3	1.0127463335310505	10.05789642961014	138.0	31	1.05	0.95				
	306	1	78.56248022736843	16.174628282105264	0.0	-100.0	3	1.0319126713774558	10.34654705696911	138.0	32	1.05	0.95				
	307	2	72.2081619736842	14.441632394736843	0.0	0.0	3	0.9856216042269265	6.712824687215205	138.0	32	1.05	0.95				
	308	1	98.78076558	20.218285352631575	0.0	0.0	3	0.9982894544297991	9.279427224871906	138.0	32	1.05	0.95				
	309	1	101.0914267631579	20.79595064842105	0.0	0.0	3	1.028515714547503	14.152814065059735	138.0	33	1.05	0.95				
	310	1	112.64473267894736	23.10661183157895	0.0	0.0	3	1.05	13.59219718099542	138.0	33	1.05	0.95				
	311	1	0.0	0.0	0.0	0.0	3	1.0162041141616864	19.26391079856978	230.0	33	1.05	0.95				
	312	1	0.0	0.0	0.0	0.0	3	1.0225429589386468	20.662071623555395	230.0	33	1.05	0.95				
	313	2	153.0813033842105	31.193925972631583	0.0	0.0	3	1.0398869123745145	27.6595291897384	230.0	34	1.05	0.95				
	314	2	112.06706738315788	22.528946535789473	0.0	0.0	3	1.0159881415991212	17.180973773585485	230.0	36	1.05	0.95				
	315	2	183.11989876526314	36.970578930526315	0.0	0.0	3	1.0362534481336807	11.070622559647418	230.0	36	1.05	0.95				
	316	2	57.76652957894737	11.553305915789474	0.0	0.0	3	1.037244612186937	12.292150438735769	230.0	36	1.05	0.95				
	317	1	0.0	0.0	0.0	0.0	3	1.041537833417471	10.90113312310205	230.0	37	1.05	0.95				
	318	2	192.36254349789473	39.28124011368421	0.0	0.0	3	1.0408364165266026	9.604946948361897	230.0	37	1.05	0.95				
	319	1	104.55741853789473	21.373615944210524	0.0	0.0	3	1.0364836096096208	15.324698557190812	230.0	35	1.05	0.95				
	320	1	73.94115786105263	15.019297690526315	0.0	0.0	3	1.0385667225056376	17.532630428936287	230.0	35	1.05	0.95				
	321	2	0.0	0.0	0.0	0.0	3	1.0406822050378053	10.660728789144471	230.0	37	1.05	0.95				
	322	2	0.0	0.0	0.0	0.0	3	1.05	15.075070537493602	230.0	37	1.05	0.95				
	323	2	0.0	0.0	0.0	0.0	3	1.0397935338579893	18.407947082652054	230.0	35	1.05	0.95				
	324	1	0.0	0.0	0.0	0.0	3	1.0296001290202552	13.356679771072464	230.0	36	1.05	0.95				
	325	1	0.0	0.0	0.0	0.0	3	1.0420759444681138	17.999462003864167	230.0	35	1.05	0.95				
];
