%% MATPOWER Case Format : Version 2
function mpc = RTS_GMLC
mpc.version = '2';

%%-----  Power Flow Data  -----%%
%% system MVA base
mpc.baseMVA = 100.0;
%% bus data
%    bus_i    type    Pd    Qd    Gs    Bs    area    Vm    Va    baseKV    zone    Vmax    Vmin
mpc.bus = [
	101	2	58.141514084210534	11.843641757894737	0.0	0.0	1	1.0392830474694579	-0.4293684383924878	138.0	11	1.05	0.95				
	102	2	52.21969320526316	10.76694705263158	0.0	0.0	1	1.0382849884252512	-0.7264200942963217	138.0	12	1.05	0.95				
	103	1	96.90252347368421	19.91885204736842	0.0	0.0	1	1.0255166512062823	-2.0704402099268227	138.0	11	1.05	0.95				
	104	1	39.83770409473684	8.075210289473684	0.0	0.0	1	1.0227962025227644	-3.6708177480985844	138.0	11	1.05	0.95				
	105	1	38.2226620368421	7.536862936842106	0.0	0.0	1	1.0373045401423635	-3.688491381457226	138.0	11	1.05	0.95				
	106	1	73.21523995789474	15.073725873684213	0.0	-100.0	1	1.04355339592415	-6.085071078140534	138.0	12	1.05	0.95				
	107	2	67.29341907894737	13.458683815789474	0.0	0.0	1	1.000114978572656	-12.13803484864486	138.0	12	1.05	0.95				
	108	1	92.0573973	18.842157342105263	0.0	0.0	1	1.000331791620089	-10.722003165165969	138.0	12	1.05	0.95				
	109	1	94.21078671052632	19.380504694736842	0.0	0.0	1	1.0248164654217764	-4.334200003304065	138.0	13	1.05	0.95				
	110	1	104.97773376315789	21.53389410526316	0.0	0.0	1	1.05	-5.319816685761488	138.0	13	1.05	0.95				
	111	1	0.0	0.0	0.0	0.0	1	1.0075163576960626	-1.6573619439798886	230.0	13	1.05	0.95				
	112	1	0.0	0.0	0.0	0.0	1	1.0112040975246692	-1.2660818730325731	230.0	13	1.05	0.95				
	113	3	142.66204844736842	29.070757042105267	0.0	0.0	1	1.0049311441872706	-1.911068319845518e-31	230.0	14	1.05	0.95				
	114	2	104.43938641052632	20.99554675263158	0.0	0.0	1	1.0065590473064217	0.16511807625888716	230.0	16	1.05	0.95				
	115	2	170.6561107842105	34.45423056842105	0.0	0.0	1	1.036395246082975	6.465868811333551	230.0	16	1.05	0.95				
	116	2	53.834735263157896	10.76694705263158	0.0	0.0	1	1.0334802745936913	5.965752838708206	230.0	16	1.05	0.95				
	117	1	0.0	0.0	0.0	0.0	1	1.0393412894563157	8.842283170694923	230.0	17	1.05	0.95				
	118	2	179.2696684263158	36.60761997894737	0.0	0.0	1	1.041606575239069	9.291189929822622	230.0	17	1.05	0.95				
	119	1	97.4408708263158	19.91885204736842	0.0	0.0	1	1.0268490703432056	4.495220374908504	230.0	15	1.05	0.95				
	120	1	68.9084611368421	13.997031168421053	0.0	0.0	1	1.0255543804571068	4.252467072747764	230.0	15	1.05	0.95				
	121	2	0.0	0.0	0.0	0.0	1	1.0444894770431015	10.948117675678603	230.0	17	1.05	0.95				
	122	2	0.0	0.0	0.0	0.0	1	1.05	17.07269577242547	230.0	17	1.05	0.95				
	123	2	0.0	0.0	0.0	0.0	1	1.02588569421903	4.531524074406454	230.0	15	1.05	0.95				
	124	1	0.0	0.0	0.0	0.0	1	1.0215569080122577	3.2731088090872555	230.0	16	1.05	0.95				
	201	2	49.333543199999994	10.049425466666666	0.0	0.0	2	1.0177500483610857	-11.251829460070306	138.0	21	1.05	0.95				
	202	2	44.30883046666666	9.135841333333333	0.0	0.0	2	1.017903042430095	-11.243363526913274	138.0	22	1.05	0.95				
	203	1	82.222572	16.901306466666664	0.0	0.0	2	1.016721136667704	-9.516132999042032	138.0	21	1.05	0.95				
	204	1	33.80261293333333	6.851880999999999	0.0	0.0	2	1.0141158866951705	-11.858651033609343	138.0	21	1.05	0.95				
	205	1	32.432236733333326	6.395088933333333	0.0	0.0	2	1.0283135248988131	-12.18043518375199	138.0	21	1.05	0.95				
	206	1	62.12372106666666	12.790177866666665	0.0	-100.0	2	1.0419562700247613	-13.166474087607721	138.0	22	1.05	0.95				
	207	2	57.09900833333332	11.419801666666665	0.0	0.0	2	0.9909040886180175	-19.298006672176538	138.0	22	1.05	0.95				
	208	1	78.11144339999998	15.987722333333329	0.0	0.0	2	0.9967069111975971	-17.215494995343	138.0	22	1.05	0.95				
	209	1	79.93861166666666	16.444514399999996	0.0	0.0	2	1.0241204896805447	-10.47448543844575	138.0	23	1.05	0.95				
	210	1	89.07445299999999	18.271682666666667	0.0	0.0	2	1.05	-11.647481105029602	138.0	23	1.05	0.95				
	211	1	0.0	0.0	0.0	0.0	2	1.0084244282418735	-7.163108042674966	230.0	23	1.05	0.95				
	212	1	0.0	0.0	0.0	0.0	2	1.0108123833637834	-5.84835036966259	230.0	23	1.05	0.95				
	213	2	121.04989766666665	24.666771599999997	0.0	0.0	2	1.0077001574871802	-5.246902038958292	230.0	24	1.05	0.95				
	214	2	88.61766093333333	17.8148906	0.0	0.0	2	1.0095868530169039	-4.854321302514142	230.0	26	1.05	0.95				
	215	2	144.8030851333333	29.234692266666663	0.0	0.0	2	1.028637592751298	0.9834102646901554	230.0	26	1.05	0.95				
	216	2	45.67920666666666	9.135841333333333	0.0	0.0	2	1.030233857131286	1.157128057933684	230.0	26	1.05	0.95				
	217	1	0.0	0.0	0.0	0.0	2	1.0331855005406387	2.4047577042897883	230.0	27	1.05	0.95				
	218	2	152.11175819999997	31.06186053333333	0.0	0.0	2	1.0319178164917082	1.825244453516618	230.0	27	1.05	0.95				
	219	1	82.67936406666666	16.901306466666664	0.0	0.0	2	1.0330307841972928	2.0245072388376526	230.0	25	1.05	0.95				
	220	1	58.469384533333326	11.876593733333332	0.0	0.0	2	1.038960593658135	3.6483325445128374	230.0	25	1.05	0.95				
	221	2	0.0	0.0	0.0	0.0	2	1.0336860251492763	2.3475508280370474	230.0	27	1.05	0.95				
	222	2	0.0	0.0	0.0	0.0	2	1.05	8.866120285615732	230.0	27	1.05	0.95				
	223	2	0.0	0.0	0.0	0.0	2	1.0435008686871632	4.873067157971707	230.0	25	1.05	0.95				
	224	1	0.0	0.0	0.0	0.0	2	1.0112263422464498	-2.9435394602696943	230.0	26	1.05	0.95				
	301	2	51.72793419789474	10.537171781052631	0.0	0.0	3	1.01072765418815	7.9339528428785275	138.0	31	1.05	0.95				
	302	2	46.45934830736842	9.579247073684211	0.0	0.0	3	1.0097282737321591	7.5816542926697	138.0	32	1.05	0.95				
	303	1	86.2132236631579	17.72160708631579	0.0	0.0	3	1.05	21.862270484273186	138.0	31	1.05	0.95				
	304	1	35.44321417263158	7.1844353052631575	0.0	0.0	3	1.0092358463303863	8.796733864260366	138.0	31	1.05	0.95				
	305	1	34.00632711157894	6.7054729515789475	0.0	0.0	3	1.0243905486534102	6.822504356508691	138.0	31	1.05	0.95				
	306	1	65.13888010105264	13.410945903157895	0.0	-100.0	3	1.0393090951834552	5.637945670291825	138.0	32	1.05	0.95				
	307	2	59.87029421052632	11.974058842105263	0.0	0.0	3	0.9872483567611727	0.8114651663971171	138.0	32	1.05	0.95				
	308	1	81.90256248	16.76368237894737	0.0	0.0	3	0.9932920108365161	3.0122903934835206	138.0	32	1.05	0.95				
	309	1	83.81841189473684	17.24264473263158	0.0	0.0	3	1.0240179730474086	11.762357033786566	138.0	33	1.05	0.95				
	310	1	93.39765896842106	19.158494147368422	0.0	0.0	3	1.05	7.254534114633036	138.0	33	1.05	0.95				
	311	1	0.0	0.0	0.0	0.0	3	1.0112732639872835	11.617546203959604	230.0	33	1.05	0.95				
	312	1	0.0	0.0	0.0	0.0	3	1.016443484435878	11.679558463816699	230.0	33	1.05	0.95				
	313	2	126.92502372631577	25.86396709894737	0.0	0.0	3	1.013859815170944	13.67234543804215	230.0	34	1.05	0.95				
	314	2	92.91869661473685	18.679531793684212	0.0	0.0	3	1.007858579746663	12.01597922771497	230.0	36	1.05	0.95				
	315	2	151.83106611789475	30.653590635789474	0.0	0.0	3	1.0441463986274366	14.17247663552568	230.0	36	1.05	0.95				
	316	2	47.89623536842105	9.579247073684211	0.0	0.0	3	1.037890869509362	13.69737304256975	230.0	36	1.05	0.95				
	317	1	0.0	0.0	0.0	0.0	3	1.05	16.92146990226404	230.0	37	1.05	0.95				
	318	2	159.4944637768421	32.56944005052632	0.0	0.0	3	1.0480355957595295	14.818816759657281	230.0	37	1.05	0.95				
	319	1	86.69218601684211	17.72160708631579	0.0	0.0	3	1.030101537580898	12.628491954479069	230.0	35	1.05	0.95				
	320	1	61.30718127157895	12.453021195789473	0.0	0.0	3	1.0258655075569367	12.13474450760047	230.0	35	1.05	0.95				
	321	2	0.0	0.0	0.0	0.0	3	1.0472799691915367	15.214928629451732	230.0	37	1.05	0.95				
	322	2	0.0	0.0	0.0	0.0	3	1.05	20.228864633974407	230.0	37	1.05	0.95				
	323	2	0.0	0.0	0.0	0.0	3	1.0240863208846775	12.153974595133533	230.0	35	1.05	0.95				
	324	1	0.0	0.0	0.0	0.0	3	1.0446312715140091	17.71578037801342	230.0	36	1.05	0.95				
	325	1	0.0	0.0	0.0	0.0	3	1.0268466755006704	12.061264235612102	230.0	35	1.05	0.95				
];
