%% MATPOWER Case Format : Version 2
function mpc = RTS_GMLC
mpc.version = '2';

%%-----  Power Flow Data  -----%%
%% system MVA base
mpc.baseMVA = 100.0;
%% bus data
%    bus_i    type    Pd    Qd    Gs    Bs    area    Vm    Va    baseKV    zone    Vmax    Vmin
mpc.bus = [
	101	2	42.14992577684211	8.586095991578949	0.0	0.0	1	1.0171534351592644	-1.3103736367739571	138.0	11	1.05	0.95				
	102	2	37.85687778105263	7.805541810526318	0.0	0.0	1	1.0162355651975818	-1.5592576365915825	138.0	12	1.05	0.95				
	103	1	70.24987629473685	14.440252349473685	0.0	0.0	1	1.034056920336059	1.8764296981698547	138.0	11	1.05	0.95				
	104	1	28.88050469894737	5.854156357894737	0.0	0.0	1	1.018606570849708	-2.3231177348220253	138.0	11	1.05	0.95				
	105	1	27.70967342736842	5.463879267368422	0.0	0.0	1	1.0286393705419115	-3.3963165938696207	138.0	11	1.05	0.95				
	106	1	53.077684311578956	10.927758534736844	0.0	-100.0	1	1.043046075555792	-5.012256072097459	138.0	12	1.05	0.95				
	107	2	48.78463631578948	9.756927263157895	0.0	0.0	1	1.0002322689132892	-11.249555906001174	138.0	12	1.05	0.95				
	108	1	66.73738248000001	13.659698168421052	0.0	0.0	1	1.0046223376649548	-9.105369991165572	138.0	12	1.05	0.95				
	109	1	68.29849084210527	14.04997525894737	0.0	0.0	1	1.025596405877809	-2.4924907675451426	138.0	13	1.05	0.95				
	110	1	76.10403265263159	15.611083621052636	0.0	0.0	1	1.05	-4.233590116809918	138.0	13	1.05	0.95				
	111	1	0.0	0.0	0.0	0.0	1	1.0059141473733308	-0.31663657826476294	230.0	13	1.05	0.95				
	112	1	0.0	0.0	0.0	0.0	1	1.0103129682696916	-1.147785119848559	230.0	13	1.05	0.95				
	113	3	103.42342898947369	21.074962888421055	0.0	0.0	1	0.9993701917628979	-6.499439703845314e-29	230.0	14	1.05	0.95				
	114	2	75.71375556210526	15.220806530526318	0.0	0.0	1	1.0065097199291508	2.5741770649321527	230.0	16	1.05	0.95				
	115	2	123.71783769684211	24.977733793684212	0.0	0.0	1	1.0431397925549093	10.400441224547183	230.0	16	1.05	0.95				
	116	2	39.02770905263158	7.805541810526318	0.0	0.0	1	1.03744536833354	8.865890491382498	230.0	16	1.05	0.95				
	117	1	0.0	0.0	0.0	0.0	1	1.0434988730499903	13.457271338690457	230.0	17	1.05	0.95				
	118	2	129.96227114526317	26.538842155789478	0.0	0.0	1	1.049240587279283	14.429640247564803	230.0	17	1.05	0.95				
	119	1	70.64015338526316	14.440252349473685	0.0	0.0	1	1.0268169139429923	5.619570105368701	230.0	15	1.05	0.95				
	120	1	49.955467587368425	10.147204353684211	0.0	0.0	1	1.021555510201368	3.0158252034658046	230.0	15	1.05	0.95				
	121	2	0.0	0.0	0.0	0.0	1	1.05	15.770293925051638	230.0	17	1.05	0.95				
	122	2	0.0	0.0	0.0	0.0	1	1.05	24.653159472103194	230.0	17	1.05	0.95				
	123	2	0.0	0.0	0.0	0.0	1	1.019531950563602	1.878424607457457	230.0	15	1.05	0.95				
	124	1	0.0	0.0	0.0	0.0	1	1.0289183843851557	7.205979599003192	230.0	16	1.05	0.95				
	201	2	40.85062173473684	8.321422945964912	0.0	0.0	2	1.0141208405981421	-16.762579297427447	138.0	21	1.05	0.95				
	202	2	36.689910261754385	7.564929950877193	0.0	0.0	2	1.0131817856719376	-17.058055298269135	138.0	22	1.05	0.95				
	203	1	68.08436955789475	13.995120409122809	0.0	0.0	2	1.0160577496017775	-12.483757809431673	138.0	21	1.05	0.95				
	204	1	27.990240818245617	5.673697463157894	0.0	0.0	2	1.0125046180125155	-16.772372760344506	138.0	21	1.05	0.95				
	205	1	26.855501325614036	5.295450965614036	0.0	0.0	2	1.0275562790973856	-17.23330428997099	138.0	21	1.05	0.95				
	206	1	51.441523665964915	10.590901931228071	0.0	-100.0	2	1.0431567629810492	-17.9859197418349	138.0	22	1.05	0.95				
	207	2	47.28081219298246	9.456162438596492	0.0	0.0	2	0.9958619361769145	-22.450511457538624	138.0	22	1.05	0.95				
	208	1	64.68015107999999	13.238627414035086	0.0	0.0	2	1.002424675179367	-20.772997435083806	138.0	22	1.05	0.95				
	209	1	66.19313707017544	13.616873911578947	0.0	0.0	2	1.022494851842235	-14.966539205559464	138.0	23	1.05	0.95				
	210	1	73.75806702105263	15.129859901754386	0.0	0.0	2	1.05	-16.485437532688785	138.0	23	1.05	0.95				
	211	1	0.0	0.0	0.0	0.0	2	1.0039105627687805	-12.481488157309425	230.0	23	1.05	0.95				
	212	1	0.0	0.0	0.0	0.0	2	1.0078509556608517	-11.363199141551338	230.0	23	1.05	0.95				
	213	2	100.23532184912281	20.42531086736842	0.0	0.0	2	0.9967723680685779	-11.463779040820588	230.0	24	1.05	0.95				
	214	2	73.37982052350877	14.751613404210525	0.0	0.0	2	1.004871013012519	-9.997259113524999	230.0	26	1.05	0.95				
	215	2	119.9041397214035	24.207775842807017	0.0	0.0	2	1.0236132469386487	-2.7897944753408552	230.0	26	1.05	0.95				
	216	2	37.824649754385966	7.564929950877193	0.0	0.0	2	1.0227089198826846	-4.197485507244109	230.0	26	1.05	0.95				
	217	1	0.0	0.0	0.0	0.0	2	1.0276689587288113	-1.8527403995995684	230.0	27	1.05	0.95				
	218	2	125.95608368210527	25.720761832982458	0.0	0.0	2	1.0277874683712955	-2.176630716161833	230.0	27	1.05	0.95				
	219	1	68.4626160554386	13.995120409122809	0.0	0.0	2	1.0204444669664317	-5.4471758039466565	230.0	25	1.05	0.95				
	220	1	48.415551685614034	9.83440893614035	0.0	0.0	2	1.0210359167530594	-5.786211914941894	230.0	25	1.05	0.95				
	221	2	0.0	0.0	0.0	0.0	2	1.0297367215989488	-1.5876047099265531	230.0	27	1.05	0.95				
	222	2	0.0	0.0	0.0	0.0	2	1.049999974516585	4.7996602626026945	230.0	27	1.05	0.95				
	223	2	0.0	0.0	0.0	0.0	2	1.0216581100563717	-5.6774336619918335	230.0	25	1.05	0.95				
	224	1	0.0	0.0	0.0	0.0	2	1.0088553426906912	-6.430089067529246	230.0	26	1.05	0.95				
	301	2	65.51407781052632	13.34546029473684	0.0	0.0	3	0.9951021890112586	4.190802809820283	138.0	31	1.05	0.95				
	302	2	58.8413476631579	12.132236631578948	0.0	0.0	3	0.9948441244652538	4.119380925618925	138.0	32	1.05	0.95				
	303	1	109.19012968421053	22.444637768421053	0.0	0.0	3	1.0219107975172197	8.251749411577586	138.0	31	1.05	0.95				
	304	1	44.889275536842106	9.09917747368421	0.0	0.0	3	1.001387317867462	6.107212618483198	138.0	31	1.05	0.95				
	305	1	43.06944004210526	8.492565642105264	0.0	0.0	3	1.013307195029461	5.970978145126002	138.0	31	1.05	0.95				
	306	1	82.49920909473684	16.985131284210528	0.0	-100.0	3	1.031536077600069	6.280330697933017	138.0	32	1.05	0.95				
	307	2	75.82647894736843	15.165295789473685	0.0	0.0	3	0.991528335711119	2.660321672140974	138.0	32	1.05	0.95				
	308	1	103.7306232	21.23141410526316	0.0	0.0	3	1.0017083208516515	5.377331140707845	138.0	32	1.05	0.95				
	309	1	106.1570705263158	21.838025936842104	0.0	0.0	3	1.0281678870593671	10.193363557926567	138.0	33	1.05	0.95				
	310	1	118.28930715789474	24.264473263157896	0.0	0.0	3	1.05	9.684210094541507	138.0	33	1.05	0.95				
	311	1	0.0	0.0	0.0	0.0	3	1.0163989280101215	15.569503012919919	230.0	33	1.05	0.95				
	312	1	0.0	0.0	0.0	0.0	3	1.0212452390411537	16.90438086932951	230.0	33	1.05	0.95				
	313	2	160.75213536842105	32.75703890526316	0.0	0.0	3	1.0350891219486396	22.916622768913584	230.0	34	1.05	0.95				
	314	2	117.6826953263158	23.65786143157895	0.0	0.0	3	1.018755062509377	14.68322062919778	230.0	36	1.05	0.95				
	315	2	192.29595061052632	38.82315722105263	0.0	0.0	3	1.0395338797919271	9.663324411148185	230.0	36	1.05	0.95				
	316	2	60.66118315789474	12.132236631578948	0.0	0.0	3	1.0402617318704632	11.05894461422386	230.0	36	1.05	0.95				
	317	1	0.0	0.0	0.0	0.0	3	1.0473191592585536	10.680581478499565	230.0	37	1.05	0.95				
	318	2	202.0017399157895	41.24960454736842	0.0	0.0	3	1.0452676837258756	8.40000530394562	230.0	37	1.05	0.95				
	319	1	109.79674151578949	22.444637768421053	0.0	0.0	3	1.037878410945167	13.930227858639284	230.0	35	1.05	0.95				
	320	1	77.64631444210526	15.771907621052634	0.0	0.0	3	1.038515926522479	15.994158033140494	230.0	35	1.05	0.95				
	321	2	0.0	0.0	0.0	0.0	3	1.044258922722718	9.433801966916334	230.0	37	1.05	0.95				
	322	2	0.0	0.0	0.0	0.0	3	1.05	14.258129441035823	230.0	37	1.05	0.95				
	323	2	0.0	0.0	0.0	0.0	3	1.0386572295878485	16.689367416109167	230.0	35	1.05	0.95				
	324	1	0.0	0.0	0.0	0.0	3	1.0308136810328292	11.267699617888638	230.0	36	1.05	0.95				
	325	1	0.0	0.0	0.0	0.0	3	1.040628365080434	16.616928725411213	230.0	35	1.05	0.95				
];
