%% MATPOWER Case Format : Version 2
function mpc = RTS_GMLC
mpc.version = '2';

%%-----  Power Flow Data  -----%%
%% system MVA base
mpc.baseMVA = 100.0;
%% bus data
%    bus_i    type    Pd    Qd    Gs    Bs    area    Vm    Va    baseKV    zone    Vmax    Vmin
mpc.bus = [
	101	2	39.22414647157895	7.990103910877193	0.0	0.0	1	1.0346696431254143	3.0121929274624364	138.0	11	1.05	0.95				
	102	2	35.22909451614035	7.263730828070175	0.0	0.0	1	1.0337962747755223	2.7692618955688997	138.0	12	1.05	0.95				
	103	1	65.37357745263158	13.437902031929823	0.0	0.0	1	1.028028003841793	0.8660765029754887	138.0	11	1.05	0.95				
	104	1	26.875804063859647	5.447798121052632	0.0	0.0	1	1.0225746649939007	-0.28402466451849306	138.0	11	1.05	0.95				
	105	1	25.78624443964912	5.084611579649123	0.0	0.0	1	1.0373744829848839	-0.004547092272636529	138.0	11	1.05	0.95				
	106	1	49.393369630877196	10.169223159298246	0.0	-100.0	1	1.0474862130588172	-2.1149957099511507	138.0	12	1.05	0.95				
	107	2	45.39831767543859	9.079663535087718	0.0	0.0	1	1.0015243088080352	-6.787909733598504	138.0	12	1.05	0.95				
	108	1	62.104898580000004	12.711528949122805	0.0	0.0	1	1.0072346995160966	-5.729668996832757	138.0	12	1.05	0.95				
	109	1	63.55764474561403	13.074715490526314	0.0	0.0	1	1.0241014851556491	-1.3101777559260848	138.0	13	1.05	0.95				
	110	1	70.82137557368421	14.52746165614035	0.0	0.0	1	1.05	-1.9208404021234389	138.0	13	1.05	0.95				
	111	1	0.0	0.0	0.0	0.0	1	1.0006098533622243	0.04983624644816986	230.0	13	1.05	0.95				
	112	1	0.0	0.0	0.0	0.0	1	1.0059028285603633	0.35003817543162685	230.0	13	1.05	0.95				
	113	3	96.24443347192981	19.612073235789474	0.0	0.0	1	0.990425142405711	1.1848591723239374e-29	230.0	14	1.05	0.95				
	114	2	70.4581890322807	14.16427511473684	0.0	0.0	1	0.9955449632158604	1.903170523537962	230.0	16	1.05	0.95				
	115	2	115.13013362491226	23.24393864982456	0.0	0.0	1	1.0308316138857478	6.7858158342028165	230.0	16	1.05	0.95				
	116	2	36.31865414035087	7.263730828070175	0.0	0.0	1	1.0270793644748069	6.5981480091049765	230.0	16	1.05	0.95				
	117	1	0.0	0.0	0.0	0.0	1	1.0357172200881637	8.573742500909592	230.0	17	1.05	0.95				
	118	2	120.94111828736843	24.696684815438598	0.0	0.0	1	1.0380288985778034	8.678799566456528	230.0	17	1.05	0.95				
	119	1	65.73676399403509	13.437902031929823	0.0	0.0	1	1.021140465880026	5.66778860810272	230.0	15	1.05	0.95				
	120	1	46.48787729964912	9.44285007649123	0.0	0.0	1	1.0182222571650843	5.572250928656546	230.0	15	1.05	0.95				
	121	2	0.0	0.0	0.0	0.0	1	1.0415225772743362	9.61496433507866	230.0	17	1.05	0.95				
	122	2	0.0	0.0	0.0	0.0	1	1.05	15.709002626614023	230.0	17	1.05	0.95				
	123	2	0.0	0.0	0.0	0.0	1	1.016873917502067	5.80665959835489	230.0	15	1.05	0.95				
	124	1	0.0	0.0	0.0	0.0	1	1.021682851746334	4.556360929494041	230.0	16	1.05	0.95				
	201	2	39.54163388210527	8.054777272280703	0.0	0.0	2	1.022936825512438	-6.2757851323414755	138.0	21	1.05	0.95				
	202	2	35.514245245964915	7.322524792982457	0.0	0.0	2	1.023345789587357	-6.203105827237037	138.0	22	1.05	0.95				
	203	1	65.90272313684211	13.546670867017543	0.0	0.0	2	1.0169531055590197	-5.599978242741625	138.0	21	1.05	0.95				
	204	1	27.093341734035086	5.491893594736842	0.0	0.0	2	1.0175978601495315	-7.417565281912326	138.0	21	1.05	0.95				
	205	1	25.99496301508772	5.12576735508772	0.0	0.0	2	1.0321678382646946	-7.628223853238202	138.0	21	1.05	0.95				
	206	1	49.79316859228071	10.25153471017544	0.0	-100.0	2	1.0457161459208804	-8.757926711075264	138.0	22	1.05	0.95				
	207	2	45.76577995614035	9.15315599122807	0.0	0.0	2	0.9948671805768774	-13.823579418654075	138.0	22	1.05	0.95				
	208	1	62.60758698000001	12.814418387719298	0.0	0.0	2	1.0023868396110063	-12.215884127575555	138.0	22	1.05	0.95				
	209	1	64.0720919385965	13.180544627368421	0.0	0.0	2	1.0226464232304648	-6.895226140439005	138.0	23	1.05	0.95				
	210	1	71.39461673157895	14.645049585964914	0.0	0.0	2	1.05	-7.816826556691407	138.0	23	1.05	0.95				
	211	1	0.0	0.0	0.0	0.0	2	1.0015085028668407	-4.530758148364223	230.0	23	1.05	0.95				
	212	1	0.0	0.0	0.0	0.0	2	1.0057698084411513	-3.7640425461960922	230.0	23	1.05	0.95				
	213	2	97.02345350701755	19.770816941052637	0.0	0.0	2	0.9945415595061631	-3.361325395937556	230.0	24	1.05	0.95				
	214	2	71.02849049192983	14.278923346315791	0.0	0.0	2	0.9983686445337144	-2.576847883427616	230.0	26	1.05	0.95				
	215	2	116.06201796877194	23.43207933754386	0.0	0.0	2	1.0171721447038133	2.2887987584896945	230.0	26	1.05	0.95				
	216	2	36.61262396491228	7.322524792982457	0.0	0.0	2	1.0181887433673111	2.3888617634278364	230.0	26	1.05	0.95				
	217	1	0.0	0.0	0.0	0.0	2	1.0236433768056667	3.841736884017494	230.0	27	1.05	0.95				
	218	2	121.9200378031579	24.896584296140354	0.0	0.0	2	1.0228993567122528	3.385958583590476	230.0	27	1.05	0.95				
	219	1	66.26884937649123	13.546670867017543	0.0	0.0	2	1.0190139467085089	2.4308559785881925	230.0	25	1.05	0.95				
	220	1	46.86415867508772	9.519282230877193	0.0	0.0	2	1.021911997915601	3.1934091786622347	230.0	25	1.05	0.95				
	221	2	0.0	0.0	0.0	0.0	2	1.0246209836426174	3.82792299953456	230.0	27	1.05	0.95				
	222	2	0.0	0.0	0.0	0.0	2	1.0466748536388315	10.365436088419477	230.0	27	1.05	0.95				
	223	2	0.0	0.0	0.0	0.0	2	1.0239807358380735	3.89584616959177	230.0	25	1.05	0.95				
	224	1	0.0	0.0	0.0	0.0	2	1.007213858941383	-0.6948259335295689	230.0	26	1.05	0.95				
	301	2	42.67383737684211	8.69281872491228	0.0	0.0	3	1.0114928350863022	-12.5863231128605	138.0	31	1.05	0.95				
	302	2	38.327428014385966	7.9025624771929825	0.0	0.0	3	1.011263196788678	-12.795935128694149	138.0	32	1.05	0.95				
	303	1	71.12306229473685	14.619740582807017	0.0	0.0	3	1.036208883296	-4.290432938936343	138.0	31	1.05	0.95				
	304	1	29.239481165614034	5.926921857894737	0.0	0.0	3	1.0124701744333129	-11.748768504515354	138.0	31	1.05	0.95				
	305	1	28.05409679403509	5.531793734035088	0.0	0.0	3	1.0259420836285655	-12.802860398108445	138.0	31	1.05	0.95				
	306	1	53.73742484491228	11.063587468070176	0.0	-100.0	3	1.042224333679279	-13.412358991660104	138.0	32	1.05	0.95				
	307	2	49.39101548245614	9.878203096491228	0.0	0.0	3	0.9940424977799676	-17.526817470252045	138.0	32	1.05	0.95				
	308	1	67.56690918	13.829484335087718	0.0	0.0	3	1.001226524789017	-15.77355680972423	138.0	32	1.05	0.95				
	309	1	69.1474216754386	14.22461245894737	0.0	0.0	3	1.0251783345589747	-9.264573581123058	138.0	33	1.05	0.95				
	310	1	77.04998415263158	15.805124954385965	0.0	0.0	3	1.05	-11.745173155188247	138.0	33	1.05	0.95				
	311	1	0.0	0.0	0.0	0.0	3	1.0048782347616678	-7.213144361068079	230.0	33	1.05	0.95				
	312	1	0.0	0.0	0.0	0.0	3	1.010106883995544	-6.582365985982291	230.0	33	1.05	0.95				
	313	2	104.708952822807	21.336918688421054	0.0	0.0	3	1.0074484141345548	-4.019741637851879	230.0	34	1.05	0.95				
	314	2	76.65485602877193	15.409996830526316	0.0	0.0	3	0.9978610318425396	-6.5824148591769545	230.0	36	1.05	0.95				
	315	2	125.25561526350877	25.288199927017548	0.0	0.0	3	1.0212947552428184	-3.6201891137558735	230.0	36	1.05	0.95				
	316	2	39.512812385964914	7.9025624771929825	0.0	0.0	3	1.0190726578723115	-3.3045280240437247	230.0	36	1.05	0.95				
	317	1	0.0	0.0	0.0	0.0	3	1.0240547095714794	-2.3086433098373846	230.0	37	1.05	0.95				
	318	2	131.57766524526315	26.86871242245614	0.0	0.0	3	1.0233676498822253	-2.360214050437574	230.0	37	1.05	0.95				
	319	1	71.51819041859649	14.619740582807017	0.0	0.0	3	1.0160820010449294	-3.5994131296617184	230.0	35	1.05	0.95				
	320	1	50.576399854035095	10.273331220350878	0.0	0.0	3	1.01601575437937	-3.0682315365115858	230.0	35	1.05	0.95				
	321	2	0.0	0.0	0.0	0.0	3	1.0247146408300718	-2.2477960652641866	230.0	37	1.05	0.95				
	322	2	0.0	0.0	0.0	0.0	3	1.0378615258221775	2.137061003962383	230.0	37	1.05	0.95				
	323	2	0.0	0.0	0.0	0.0	3	1.0165349085681068	-2.4646246014783446	230.0	35	1.05	0.95				
	324	1	0.0	0.0	0.0	0.0	3	1.0226088176130885	-3.886192741841961	230.0	36	1.05	0.95				
	325	1	0.0	0.0	0.0	0.0	3	1.0156427187576	-1.4323952635200552	230.0	35	1.05	0.95				
];
