%% MATPOWER Case Format : Version 2
function mpc = RTS_GMLC
mpc.version = '2';

%%-----  Power Flow Data  -----%%
%% system MVA base
mpc.baseMVA = 100.0;
%% bus data
%    bus_i    type    Pd    Qd    Gs    Bs    area    Vm    Va    baseKV    zone    Vmax    Vmin
mpc.bus = [
	101	2	38.222167225263156	7.785997027368421	0.0	0.0	1	1.0328068021814514	3.23982416877785	138.0	11	1.05	0.95				
	102	2	34.329168711578944	7.078179115789474	0.0	0.0	1	1.0319123816610392	2.999436516288461	138.0	12	1.05	0.95				
	103	1	63.70361204210526	13.094631364210526	0.0	0.0	1	1.0305813566372608	0.8949667957550681	138.0	11	1.05	0.95				
	104	1	26.189262728421053	5.308634336842105	0.0	0.0	1	1.0222738109706409	-0.10953241643079697	138.0	11	1.05	0.95				
	105	1	25.12753586105263	4.954725381052632	0.0	0.0	1	1.0365147705158237	0.1880734418117034	138.0	11	1.05	0.95				
	106	1	48.13161798736842	9.909450762105264	0.0	-100.0	1	1.047254531460505	-1.9318418875475085	138.0	12	1.05	0.95				
	107	2	44.23861947368421	8.847723894736841	0.0	0.0	1	1.0001154294874002	-6.4984898720053215	138.0	12	1.05	0.95				
	108	1	60.51843144	12.386813452631577	0.0	0.0	1	1.006914327319988	-5.4847369958428835	138.0	12	1.05	0.95				
	109	1	61.934067263157885	12.740722408421052	0.0	0.0	1	1.0248465360538663	-1.212767787769757	138.0	13	1.05	0.95				
	110	1	69.01224637894737	14.156358231578947	0.0	0.0	1	1.05	-1.7865055672681736	138.0	13	1.05	0.95				
	111	1	0.0	0.0	0.0	0.0	1	1.0016324577361506	0.041480398749210175	230.0	13	1.05	0.95				
	112	1	0.0	0.0	0.0	0.0	1	1.00629709666583	0.38041657761848335	230.0	13	1.05	0.95				
	113	3	93.78587328421052	19.111083612631578	0.0	0.0	1	0.98986702312975	-5.539750740830794e-29	230.0	14	1.05	0.95				
	114	2	68.65833742315789	13.802449275789474	0.0	0.0	1	0.9982606307594316	1.7532826360300067	230.0	16	1.05	0.95				
	115	2	112.18913898526314	22.650173170526315	0.0	0.0	1	1.0375684446302993	6.498422180444563	230.0	16	1.05	0.95				
	116	2	35.390895578947365	7.078179115789474	0.0	0.0	1	1.0319577358422225	6.173348058777974	230.0	16	1.05	0.95				
	117	1	0.0	0.0	0.0	0.0	1	1.0416760294801561	7.630183911807964	230.0	17	1.05	0.95				
	118	2	117.85168227789472	24.06580899368421	0.0	0.0	1	1.04499230206082	7.500366068737514	230.0	17	1.05	0.95				
	119	1	64.05752099789474	13.094631364210526	0.0	0.0	1	1.0247927866932494	5.392779449379721	230.0	15	1.05	0.95				
	120	1	45.30034634105263	9.201632850526316	0.0	0.0	1	1.0206302590586087	5.404482461187972	230.0	15	1.05	0.95				
	121	2	0.0	0.0	0.0	0.0	1	1.05	8.185092547615154	230.0	17	1.05	0.95				
	122	2	0.0	0.0	0.0	0.0	1	1.05	14.477504867230179	230.0	17	1.05	0.95				
	123	2	0.0	0.0	0.0	0.0	1	1.0185608782965494	5.690550233868555	230.0	15	1.05	0.95				
	124	1	0.0	0.0	0.0	0.0	1	1.0270731290231805	4.400181065842441	230.0	16	1.05	0.95				
	201	2	38.94663937263158	7.933574687017543	0.0	0.0	2	1.0249376098893361	-5.125509428895286	138.0	21	1.05	0.95				
	202	2	34.9798520291228	7.212340624561403	0.0	0.0	2	1.0256143751346398	-4.905467651390772	138.0	22	1.05	0.95				
	203	1	64.91106562105263	13.342830155438595	0.0	0.0	2	1.0174223824615534	-5.371107463213466	138.0	21	1.05	0.95				
	204	1	26.68566031087719	5.409255468421052	0.0	0.0	2	1.01855790001139	-6.875218291739288	138.0	21	1.05	0.95				
	205	1	25.60380921719298	5.048638437192983	0.0	0.0	2	1.0330884576473203	-7.038202476510442	138.0	21	1.05	0.95				
	206	1	49.04391624701754	10.097276874385965	0.0	-100.0	2	1.0461312320392997	-8.431012747982622	138.0	22	1.05	0.95				
	207	2	45.077128903508765	9.015425780701754	0.0	0.0	2	0.9911442885636607	-13.729991001582322	138.0	22	1.05	0.95				
	208	1	61.66551233999999	12.621596092982454	0.0	0.0	2	1.0004460882644346	-12.165783098893705	138.0	22	1.05	0.95				
	209	1	63.10798046491227	12.982213124210526	0.0	0.0	2	1.0225975931089897	-6.998565303957005	138.0	23	1.05	0.95				
	210	1	70.32032108947368	14.424681249122806	0.0	0.0	2	1.05	-7.813930516284908	138.0	23	1.05	0.95				
	211	1	0.0	0.0	0.0	0.0	2	1.0012925336962715	-4.917766718114087	230.0	23	1.05	0.95				
	212	1	0.0	0.0	0.0	0.0	2	1.0081232661965744	-4.4640535878791	230.0	23	1.05	0.95				
	213	2	95.56351327543858	19.47331968631579	0.0	0.0	2	0.9955554638639547	-4.190981134543132	230.0	24	1.05	0.95				
	214	2	69.9597040582456	14.064064217894737	0.0	0.0	2	0.9959085545258309	-2.915323834417044	230.0	26	1.05	0.95				
	215	2	114.31559889929824	23.07948999859649	0.0	0.0	2	1.0186050375671252	2.182372916788139	230.0	26	1.05	0.95				
	216	2	36.06170312280702	7.212340624561403	0.0	0.0	2	1.019999839775103	2.0363529063063757	230.0	26	1.05	0.95				
	217	1	0.0	0.0	0.0	0.0	2	1.025832820375635	3.871146284650302	230.0	27	1.05	0.95				
	218	2	120.08547139894736	24.52195812350877	0.0	0.0	2	1.0255614351480442	3.643446794435884	230.0	27	1.05	0.95				
	219	1	65.27168265228069	13.342830155438595	0.0	0.0	2	1.0216750206840428	1.3910406805757751	230.0	25	1.05	0.95				
	220	1	46.15897999719298	9.376042811929825	0.0	0.0	2	1.0252564974205969	1.544783918336485	230.0	25	1.05	0.95				
	221	2	0.0	0.0	0.0	0.0	2	1.0268696494714606	3.9516556309545248	230.0	27	1.05	0.95				
	222	2	0.0	0.0	0.0	0.0	2	1.048848684314343	10.424573040373865	230.0	27	1.05	0.95				
	223	2	0.0	0.0	0.0	0.0	2	1.027494977415815	1.9073257303436313	230.0	25	1.05	0.95				
	224	1	0.0	0.0	0.0	0.0	2	1.0086129770158205	-0.6710224791523287	230.0	26	1.05	0.95				
	301	2	46.34672570526316	9.440999680701754	0.0	0.0	3	1.0062308146656371	-26.495653960237526	138.0	31	1.05	0.95				
	302	2	41.62622586491228	8.58272698245614	0.0	0.0	3	1.0061101941775288	-26.60076009338976	138.0	32	1.05	0.95				
	303	1	77.24454284210526	15.87804491754386	0.0	0.0	3	1.0225376638353132	-21.400494704915346	138.0	31	1.05	0.95				
	304	1	31.75608983508772	6.437045236842105	0.0	0.0	3	1.0096700328552783	-25.17441512199494	138.0	31	1.05	0.95				
	305	1	30.4686807877193	6.0079088877192985	0.0	0.0	3	1.0224975229971627	-25.86040883608081	138.0	31	1.05	0.95				
	306	1	58.36254348070176	12.015817775438597	0.0	-100.0	3	1.0399527770965356	-26.01999874309232	138.0	32	1.05	0.95				
	307	2	53.64204364035088	10.728408728070175	0.0	0.0	3	0.9929820958571633	-30.72194114303449	138.0	32	1.05	0.95				
	308	1	73.3823157	15.019772219298243	0.0	0.0	3	0.9994787899288589	-28.791723491643417	138.0	32	1.05	0.95				
	309	1	75.09886109649123	15.448908568421052	0.0	0.0	3	1.02603911792287	-22.25029436193825	138.0	33	1.05	0.95				
	310	1	83.68158807894737	17.16545396491228	0.0	0.0	3	1.05	-23.844254873811785	138.0	33	1.05	0.95				
	311	1	0.0	0.0	0.0	0.0	3	1.008519421330833	-18.148868770108553	230.0	33	1.05	0.95				
	312	1	0.0	0.0	0.0	0.0	3	1.0122358092623032	-17.437298590326346	230.0	33	1.05	0.95				
	313	2	113.72113251754385	23.17336285263158	0.0	0.0	3	1.0123462203314777	-14.404572434672529	230.0	34	1.05	0.95				
	314	2	83.25245172982456	16.736317615789474	0.0	0.0	3	1.0091687543923709	-16.439920527824576	230.0	36	1.05	0.95				
	315	2	136.03622267192983	27.464726343859653	0.0	0.0	3	1.03339631427076	-12.37052743838196	230.0	36	1.05	0.95				
	316	2	42.9136349122807	8.58272698245614	0.0	0.0	3	1.0333850636201083	-11.474731508911912	230.0	36	1.05	0.95				
	317	1	0.0	0.0	0.0	0.0	3	1.0377274649457975	-10.135183826413689	230.0	37	1.05	0.95				
	318	2	142.90240425789474	29.18127174035088	0.0	0.0	3	1.0370072200084384	-9.971681723626903	230.0	37	1.05	0.95				
	319	1	77.67367919122808	15.87804491754386	0.0	0.0	3	1.031873177785467	-11.779258978436507	230.0	35	1.05	0.95				
	320	1	54.929452687719305	11.157545077192983	0.0	0.0	3	1.0333884929251986	-11.2154969274973	230.0	35	1.05	0.95				
	321	2	0.0	0.0	0.0	0.0	3	1.0378892667540438	-10.258620130363825	230.0	37	1.05	0.95				
	322	2	0.0	0.0	0.0	0.0	3	1.0499999887086124	-5.90029102067313	230.0	37	1.05	0.95				
	323	2	0.0	0.0	0.0	0.0	3	1.0348952249663423	-10.580608708791601	230.0	35	1.05	0.95				
	324	1	0.0	0.0	0.0	0.0	3	1.018050609481104	-15.74906070383725	230.0	36	1.05	0.95				
	325	1	0.0	0.0	0.0	0.0	3	1.0295175619055361	-9.025195707526155	230.0	35	1.05	0.95				
];
