%% MATPOWER Case Format : Version 2
function mpc = RTS_GMLC
mpc.version = '2';

%%-----  Power Flow Data  -----%%
%% system MVA base
mpc.baseMVA = 100.0;
%% bus data
%    bus_i    type    Pd    Qd    Gs    Bs    area    Vm    Va    baseKV    zone    Vmax    Vmin
mpc.bus = [
	101	2	35.60366155452632	7.252597724070176	0.0	0.0	1	0.9898662937445607	-5.334573410485233	138.0	11	1.05	0.95				
	102	2	31.977362692491223	6.593270658245613	0.0	0.0	1	0.9897435337217307	-5.5034882740092534	138.0	12	1.05	0.95				
	103	1	59.33943592421053	12.197550717754385	0.0	0.0	1	1.0210889810737882	1.0890216593835431	138.0	11	1.05	0.95				
	104	1	24.39510143550877	4.94495299368421	0.0	0.0	1	1.0040673164281537	-4.806032236445064	138.0	11	1.05	0.95				
	105	1	23.406110836771926	4.61528946077193	0.0	0.0	1	1.0158135444875764	-5.584601982301071	138.0	11	1.05	0.95				
	106	1	44.83424047607018	9.23057892154386	0.0	-100.0	1	1.038816330756963	-6.155380121294174	138.0	12	1.05	0.95				
	107	2	41.20794161403508	8.241588322807017	0.0	0.0	1	0.9878027326773045	-10.352988787668382	138.0	12	1.05	0.95				
	108	1	56.372464128	11.538223651929822	0.0	0.0	1	0.999754638557083	-8.591929544166012	138.0	12	1.05	0.95				
	109	1	57.69111825964912	11.867887184842104	0.0	0.0	1	1.024884917054984	-2.868756124479251	138.0	13	1.05	0.95				
	110	1	64.28438891789473	13.186541316491226	0.0	0.0	1	1.05	-4.752855556282647	138.0	13	1.05	0.95				
	111	1	0.0	0.0	0.0	0.0	1	1.0157966962778973	0.159160731191994	230.0	13	1.05	0.95				
	112	1	0.0	0.0	0.0	0.0	1	1.0121352915570505	-1.116562294488331	230.0	13	1.05	0.95				
	113	3	87.36083622175438	17.80183077726316	0.0	0.0	1	0.9969122684763064	1.7244501018462258e-28	230.0	14	1.05	0.95				
	114	2	63.954725384982446	12.856877783578947	0.0	0.0	1	1.0412340081779412	4.200331334179091	230.0	16	1.05	0.95				
	115	2	104.50333993319296	21.098466106385963	0.0	0.0	1	1.038323474414494	13.93650407967308	230.0	16	1.05	0.95				
	116	2	32.96635329122807	6.593270658245613	0.0	0.0	1	1.038606781636365	12.061975807440042	230.0	16	1.05	0.95				
	117	1	0.0	0.0	0.0	0.0	1	1.0376158850414057	18.216812423451945	230.0	17	1.05	0.95				
	118	2	109.77795645978946	22.41712023803509	0.0	0.0	1	1.0462516420189292	18.87779590624731	230.0	17	1.05	0.95				
	119	1	59.66909945712281	12.197550717754385	0.0	0.0	1	1.0342921956212552	7.662899026320766	230.0	15	1.05	0.95				
	120	1	42.19693221277193	8.571251855719296	0.0	0.0	1	1.0367565495615365	4.47196665420933	230.0	15	1.05	0.95				
	121	2	0.0	0.0	0.0	0.0	1	1.0391209965410133	20.359490453762085	230.0	17	1.05	0.95				
	122	2	0.0	0.0	0.0	0.0	1	1.05	38.35417797220197	230.0	17	1.05	0.95				
	123	2	0.0	0.0	0.0	0.0	1	1.0390470850399114	2.9729976602221497	230.0	15	1.05	0.95				
	124	1	0.0	0.0	0.0	0.0	1	1.015710756356402	9.151482205531511	230.0	16	1.05	0.95				
	201	2	39.949630105263154	8.137887614035087	0.0	0.0	2	1.0062957093502782	-15.661141269610663	138.0	21	1.05	0.95				
	202	2	35.880686298245614	7.398079649122806	0.0	0.0	2	1.005262198381758	-15.952185236941958	138.0	22	1.05	0.95				
	203	1	66.58271684210526	13.686447350877193	0.0	0.0	2	1.0125730303336535	-11.690268045399918	138.0	21	1.05	0.95				
	204	1	27.372894701754387	5.548559736842105	0.0	0.0	2	1.0092829530647374	-15.743607200060898	138.0	21	1.05	0.95				
	205	1	26.263182754385962	5.178655754385965	0.0	0.0	2	1.0236702677190233	-16.173479485587315	138.0	21	1.05	0.95				
	206	1	50.30694161403508	10.35731150877193	0.0	-100.0	2	1.0414473218102949	-16.940893279636047	138.0	22	1.05	0.95				
	207	2	46.237997807017535	9.247599561403508	0.0	0.0	2	0.9895646340399746	-21.255872094554014	138.0	22	1.05	0.95				
	208	1	63.25358099999999	12.946639385964911	0.0	0.0	2	0.9991951050588569	-19.647749814614723	138.0	22	1.05	0.95				
	209	1	64.73319692982456	13.316543368421051	0.0	0.0	2	1.0228231292514824	-14.031255367694845	138.0	23	1.05	0.95				
	210	1	72.13127657894735	14.796159298245612	0.0	0.0	2	1.05	-15.485775656749135	138.0	23	1.05	0.95				
	211	1	0.0	0.0	0.0	0.0	2	1.0056184533875503	-11.34321095373469	230.0	23	1.05	0.95				
	212	1	0.0	0.0	0.0	0.0	2	1.0135466120609005	-10.70918682346309	230.0	23	1.05	0.95				
	213	2	98.02455535087718	19.974815052631577	0.0	0.0	2	1.004292880074164	-10.128906564577965	230.0	24	1.05	0.95				
	214	2	71.76137259649123	14.426255315789472	0.0	0.0	2	1.0035636525623393	-8.873005232577984	230.0	26	1.05	0.95				
	215	2	117.25956243859648	23.67385487719298	0.0	0.0	2	1.0252556120589282	-2.4870017437479275	230.0	26	1.05	0.95				
	216	2	36.99039824561403	7.398079649122806	0.0	0.0	2	1.028611578581802	-3.234073742913506	230.0	26	1.05	0.95				
	217	1	0.0	0.0	0.0	0.0	2	1.0338076023166631	-1.0279237852801446	230.0	27	1.05	0.95				
	218	2	123.17802615789472	25.15347080701754	0.0	0.0	2	1.0322744076000199	-1.462392885594376	230.0	27	1.05	0.95				
	219	1	66.9526208245614	13.686447350877193	0.0	0.0	2	1.0362022579639658	-3.5736769705713387	230.0	25	1.05	0.95				
	220	1	47.34770975438596	9.617503543859648	0.0	0.0	2	1.0448991378686499	-3.1564703795529856	230.0	25	1.05	0.95				
	221	2	0.0	0.0	0.0	0.0	2	1.032809552984508	-1.005581995217667	230.0	27	1.05	0.95				
	222	2	0.0	0.0	0.0	0.0	2	1.0499999999224425	5.481446918913924	230.0	27	1.05	0.95				
	223	2	0.0	0.0	0.0	0.0	2	1.0499999993000073	-2.657143020617016	230.0	25	1.05	0.95				
	224	1	0.0	0.0	0.0	0.0	2	1.0091212565041106	-5.923844580116142	230.0	26	1.05	0.95				
	301	2	42.12717495157895	8.581461564210526	0.0	0.0	3	1.0183079431633775	16.17025590080494	138.0	31	1.05	0.95				
	302	2	37.83644416947368	7.801328694736842	0.0	0.0	3	1.016631649328302	15.820387513042435	138.0	32	1.05	0.95				
	303	1	70.21195825263158	14.432458085263159	0.0	0.0	3	1.05	31.011414273994706	138.0	31	1.05	0.95				
	304	1	28.864916170526318	5.850996521052632	0.0	0.0	3	1.0099073252801511	17.097818734576144	138.0	31	1.05	0.95				
	305	1	27.694716866315787	5.4609300863157895	0.0	0.0	3	1.0262258779096518	14.405692873569675	138.0	31	1.05	0.95				
	306	1	53.04903512421053	10.921860172631579	0.0	-100.0	3	1.0383908226369882	12.930075236342299	138.0	32	1.05	0.95				
	307	2	48.75830434210526	9.751660868421052	0.0	0.0	3	0.95	10.057843949240818	138.0	32	1.05	0.95				
	308	1	66.70136034	13.652325215789475	0.0	0.0	3	0.9721034022754291	11.694733046878826	138.0	32	1.05	0.95				
	309	1	68.26162607894737	14.042391650526314	0.0	0.0	3	1.0162042380712129	19.780538926587944	138.0	33	1.05	0.95				
	310	1	76.06295477368421	15.602657389473684	0.0	0.0	3	1.043661400344286	13.888295659975112	138.0	33	1.05	0.95				
	311	1	0.0	0.0	0.0	0.0	3	1.0036354247716002	17.053370001682776	230.0	33	1.05	0.95				
	312	1	0.0	0.0	0.0	0.0	3	1.0090044904362758	17.039485279675034	230.0	33	1.05	0.95				
	313	2	103.36760520526316	21.063587475789475	0.0	0.0	3	1.0020787282254464	16.774194101915537	230.0	34	1.05	0.95				
	314	2	75.67288833894736	15.212590954736843	0.0	0.0	3	0.9990873365222374	17.621541021975812	230.0	36	1.05	0.95				
	315	2	123.65105981157893	24.964251823157895	0.0	0.0	3	1.0479831540065259	21.229730656299715	230.0	36	1.05	0.95				
	316	2	39.00664347368421	7.801328694736842	0.0	0.0	3	1.031105465316187	20.71032591366428	230.0	36	1.05	0.95				
	317	1	0.0	0.0	0.0	0.0	3	1.05	24.875326007673497	230.0	37	1.05	0.95				
	318	2	129.89212276736845	26.524517562105267	0.0	0.0	3	1.0485096834025946	21.35426573974917	230.0	37	1.05	0.95				
	319	1	70.60202468736843	14.432458085263159	0.0	0.0	3	1.0226784592817577	19.032588929808128	230.0	35	1.05	0.95				
	320	1	49.92850364631579	10.141727303157895	0.0	0.0	3	1.0183069699207714	18.3269758597664	230.0	35	1.05	0.95				
	321	2	0.0	0.0	0.0	0.0	3	1.05	21.978268290922134	230.0	37	1.05	0.95				
	322	2	0.0	0.0	0.0	0.0	3	1.049999981350331	27.46338461335185	230.0	37	1.05	0.95				
	323	2	0.0	0.0	0.0	0.0	3	1.0162515799093057	18.24415160323414	230.0	35	1.05	0.95				
	324	1	0.0	0.0	0.0	0.0	3	1.0456698242217077	24.969172631424456	230.0	36	1.05	0.95				
	325	1	0.0	0.0	0.0	0.0	3	1.0186036416833038	18.43650889174683	230.0	35	1.05	0.95				
];
