%% MATPOWER Case Format : Version 2
function mpc = RTS_GMLC
mpc.version = '2';

%%-----  Power Flow Data  -----%%
%% system MVA base
mpc.baseMVA = 100.0;
%% bus data
%    bus_i    type    Pd    Qd    Gs    Bs    area    Vm    Va    baseKV    zone    Vmax    Vmin
mpc.bus = [
	101	2	35.617021275789476	7.25531914877193	0.0	0.0	1	1.038180358935635	3.1123895459997866	138.0	11	1.05	0.95				
	102	2	31.989361701403507	6.595744680701754	0.0	0.0	1	1.0373525236971046	2.8589955374836076	138.0	12	1.05	0.95				
	103	1	59.361702126315784	12.202127659298244	0.0	0.0	1	1.0269909565524837	1.2494078050611943	138.0	11	1.05	0.95				
	104	1	24.404255318596487	4.946808510526315	0.0	0.0	1	1.0240431576181348	-0.32043068601972424	138.0	11	1.05	0.95				
	105	1	23.414893616491224	4.617021276491228	0.0	0.0	1	1.0394656364434962	-0.05296112130087814	138.0	11	1.05	0.95				
	106	1	44.85106382877193	9.234042552982457	0.0	-100.0	1	1.0491466818825426	-2.2247245632778427	138.0	12	1.05	0.95				
	107	2	41.22340425438596	8.244680850877192	0.0	0.0	1	1.0016662304945134	-8.982263636266188	138.0	12	1.05	0.95				
	108	1	56.39361702	11.542553191228068	0.0	0.0	1	1.0071514039167748	-6.999854611965818	138.0	12	1.05	0.95				
	109	1	57.712765956140345	11.872340425263156	0.0	0.0	1	1.022872728001444	-1.5963836656623418	138.0	13	1.05	0.95				
	110	1	64.3085106368421	13.191489361403509	0.0	0.0	1	1.05	-2.237813620410037	138.0	13	1.05	0.95				
	111	1	0.0	0.0	0.0	0.0	1	0.9981476766628234	-0.06895519473100081	230.0	13	1.05	0.95				
	112	1	0.0	0.0	0.0	0.0	1	1.0037712398661158	-0.5776172058815982	230.0	13	1.05	0.95				
	113	3	87.39361701929823	17.808510637894738	0.0	0.0	1	0.989207902350213	-2.849967210618106e-29	230.0	14	1.05	0.95				
	114	2	63.97872340280701	12.861702127368421	0.0	0.0	1	0.9906088520423949	1.8860800252985561	230.0	16	1.05	0.95				
	115	2	104.5425531891228	21.106382978245612	0.0	0.0	1	1.0233003862958137	7.6603566004252865	230.0	16	1.05	0.95				
	116	2	32.978723403508766	6.595744680701754	0.0	0.0	1	1.0183184138081613	6.542367389646449	230.0	16	1.05	0.95				
	117	1	0.0	0.0	0.0	0.0	1	1.028014633360229	10.249801064836465	230.0	17	1.05	0.95				
	118	2	109.8191489336842	22.425531914385964	0.0	0.0	1	1.0329607158144813	10.636142475284906	230.0	17	1.05	0.95				
	119	1	59.69148936035088	12.202127659298244	0.0	0.0	1	1.009240158784279	3.926128911205654	230.0	15	1.05	0.95				
	120	1	42.212765956491225	8.574468084912281	0.0	0.0	1	1.004624741771815	2.293053719602058	230.0	15	1.05	0.95				
	121	2	0.0	0.0	0.0	0.0	1	1.0366240818862045	11.77771404668943	230.0	17	1.05	0.95				
	122	2	0.0	0.0	0.0	0.0	1	1.05	22.0822951596508	230.0	17	1.05	0.95				
	123	2	0.0	0.0	0.0	0.0	1	1.0023368138262316	1.6569995246979508	230.0	15	1.05	0.95				
	124	1	0.0	0.0	0.0	0.0	1	1.0162075962459012	5.225755578815277	230.0	16	1.05	0.95				
	201	2	38.92963952842105	7.930111755789472	0.0	0.0	2	1.013781304280351	-14.607028021486077	138.0	21	1.05	0.95				
	202	2	34.96458365052631	7.2091925052631565	0.0	0.0	2	1.0129493140788899	-14.89896324973892	138.0	22	1.05	0.95				
	203	1	64.88273254736842	13.33700613473684	0.0	0.0	2	1.0137425350900597	-10.539702606421285	138.0	21	1.05	0.95				
	204	1	26.67401226947368	5.406894378947367	0.0	0.0	2	1.012471074096586	-14.678327392673635	138.0	21	1.05	0.95				
	205	1	25.592633393684206	5.04643475368421	0.0	0.0	2	1.0276356394014046	-15.112082087661896	138.0	21	1.05	0.95				
	206	1	49.02250903578947	10.09286950736842	0.0	-100.0	2	1.0436011392288667	-15.868589772915481	138.0	22	1.05	0.95				
	207	2	45.05745315789473	9.011490631578946	0.0	0.0	2	0.9967239131394632	-20.110559985152896	138.0	22	1.05	0.95				
	208	1	61.638595919999986	12.616086884210523	0.0	0.0	2	1.0034990851930128	-18.52329155190861	138.0	22	1.05	0.95				
	209	1	63.08043442105262	12.976546509473682	0.0	0.0	2	1.0219283143828688	-12.996161140758725	138.0	23	1.05	0.95				
	210	1	70.28962692631578	14.418385010526313	0.0	0.0	2	1.05	-14.454515719634049	138.0	23	1.05	0.95				
	211	1	0.0	0.0	0.0	0.0	2	1.0028382925808081	-10.376334538289438	230.0	23	1.05	0.95				
	212	1	0.0	0.0	0.0	0.0	2	1.0073547521308923	-9.884328738927595	230.0	23	1.05	0.95				
	213	2	95.52180069473683	19.464819764210525	0.0	0.0	2	0.9993651562403665	-9.325314341847879	230.0	24	1.05	0.95				
	214	2	69.92916730105262	14.057925385263156	0.0	0.0	2	1.0001478188932056	-7.804360011075338	230.0	26	1.05	0.95				
	215	2	114.26570120842104	23.0694160168421	0.0	0.0	2	1.0134030709591542	-1.4809432041128345	230.0	26	1.05	0.95				
	216	2	36.04596252631578	7.2091925052631565	0.0	0.0	2	1.0147330224468147	-1.9637513222875098	230.0	26	1.05	0.95				
	217	1	0.0	0.0	0.0	0.0	2	1.017712810262602	-0.2911027683007678	230.0	27	1.05	0.95				
	218	2	120.03305521263157	24.511254517894734	0.0	0.0	2	1.0173367355393472	-0.6445734187429064	230.0	27	1.05	0.95				
	219	1	65.24319217263157	13.33700613473684	0.0	0.0	2	1.0179621395800709	-2.573136269689135	230.0	25	1.05	0.95				
	220	1	46.1388320336842	9.371950256842105	0.0	0.0	2	1.0229078030803118	-2.3825998587524744	230.0	25	1.05	0.95				
	221	2	0.0	0.0	0.0	0.0	2	1.0195962316562561	-0.1135002765748245	230.0	27	1.05	0.95				
	222	2	0.0	0.0	0.0	0.0	2	1.0413788828248207	6.416740917839993	230.0	27	1.05	0.95				
	223	2	0.0	0.0	0.0	0.0	2	1.0259114690752318	-1.9996921282487816	230.0	25	1.05	0.95				
	224	1	0.0	0.0	0.0	0.0	2	1.0024395330716553	-4.909938210957152	230.0	26	1.05	0.95				
	301	2	44.05757672842106	8.974691555789475	0.0	0.0	3	1.0308515248948222	-4.987191768548979	138.0	31	1.05	0.95				
	302	2	39.57023095052632	8.158810505263158	0.0	0.0	3	1.0280051657432605	-5.333177832737949	138.0	32	1.05	0.95				
	303	1	73.42929454736843	15.093799434736843	0.0	0.0	3	1.05	8.978249403558394	138.0	31	1.05	0.95				
	304	1	30.187598869473685	6.119107878947369	0.0	0.0	3	1.0144005699320018	-4.578362729429611	138.0	31	1.05	0.95				
	305	1	28.963777293684213	5.711167353684211	0.0	0.0	3	1.0338423906910663	-6.1207190787049015	138.0	31	1.05	0.95				
	306	1	55.47991143578949	11.422334707368423	0.0	-100.0	3	1.0429174285253824	-7.271722708535446	138.0	32	1.05	0.95				
	307	2	50.99256565789474	10.198513131578949	0.0	0.0	3	0.95	-9.014066554373256	138.0	32	1.05	0.95				
	308	1	69.75782982000001	14.277918384210528	0.0	0.0	3	0.9730544150359058	-8.259388842400424	138.0	32	1.05	0.95				
	309	1	71.38959192105264	14.685858909473684	0.0	0.0	3	1.0152078055979725	-2.249293275964931	138.0	33	1.05	0.95				
	310	1	79.5484024263158	16.317621010526317	0.0	0.0	3	1.0462701362168394	-5.966916350900256	138.0	33	1.05	0.95				
	311	1	0.0	0.0	0.0	0.0	3	1.0021582115463843	-2.671890118423677	230.0	33	1.05	0.95				
	312	1	0.0	0.0	0.0	0.0	3	1.0066552703713378	-1.6985456197309226	230.0	33	1.05	0.95				
	313	2	108.10423919473683	22.02878836421053	0.0	0.0	3	1.0036273004956275	0.22602537611564424	230.0	34	1.05	0.95				
	314	2	79.14046190105265	15.909680485263161	0.0	0.0	3	0.9957130990675306	-3.670410137139924	230.0	36	1.05	0.95				
	315	2	129.31714650842105	26.108193616842108	0.0	0.0	3	1.0448208550376685	-2.114348066590957	230.0	36	1.05	0.95				
	316	2	40.794052526315795	8.158810505263158	0.0	0.0	3	1.0259541481368908	-2.5939551825306415	230.0	36	1.05	0.95				
	317	1	0.0	0.0	0.0	0.0	3	1.039690498612051	-1.5756829086261073	230.0	37	1.05	0.95				
	318	2	135.8441949126316	27.739955717894745	0.0	0.0	3	1.0430240665503159	-2.061411782041589	230.0	37	1.05	0.95				
	319	1	73.83723507263159	15.093799434736843	0.0	0.0	3	1.0166480859287894	-2.0852300333776346	230.0	35	1.05	0.95				
	320	1	52.216387233684216	10.606453656842106	0.0	0.0	3	1.0113994228144363	-0.8218215497738475	230.0	35	1.05	0.95				
	321	2	0.0	0.0	0.0	0.0	3	1.05	-1.5811260738012	230.0	37	1.05	0.95				
	322	2	0.0	0.0	0.0	0.0	3	1.05	2.7559700742704223	230.0	37	1.05	0.95				
	323	2	0.0	0.0	0.0	0.0	3	1.009437674379971	0.205264566087628	230.0	35	1.05	0.95				
	324	1	0.0	0.0	0.0	0.0	3	1.0433105691721007	2.1282294667061605	230.0	36	1.05	0.95				
	325	1	0.0	0.0	0.0	0.0	3	1.0089728205433353	1.1989011980742792	230.0	35	1.05	0.95				
];
