%% MATPOWER Case Format : Version 2
function mpc = RTS_GMLC
mpc.version = '2';

%%-----  Power Flow Data  -----%%
%% system MVA base
mpc.baseMVA = 100.0;
%% bus data
%    bus_i    type    Pd    Qd    Gs    Bs    area    Vm    Va    baseKV    zone    Vmax    Vmin
mpc.bus = [
	101	2	76.51113309473685	15.585601185964912	0.0	0.0	1	1.0314727878905874	-1.7359204541278357	138.0	11	1.05	0.95				
	102	2	68.71833250175439	14.168728350877194	0.0	0.0	1	1.0315022856171236	-1.7861688730334597	138.0	12	1.05	0.95				
	103	1	127.51855515789474	26.212147449122806	0.0	0.0	1	1.0208529590178765	-2.5845632147894757	138.0	11	1.05	0.95				
	104	1	52.42429489824561	10.626546263157895	0.0	0.0	1	1.0163989360895902	-4.691708420602074	138.0	11	1.05	0.95				
	105	1	50.29898564561404	9.918109845614035	0.0	0.0	1	1.0312744245440182	-4.692513216000135	138.0	11	1.05	0.95				
	106	1	96.34735278596493	19.83621969122807	0.0	-100.0	1	1.0371331468504836	-6.991768753753475	138.0	12	1.05	0.95				
	107	2	88.55455219298246	17.710910438596493	0.0	0.0	1	1.05	-3.2937522775302215	138.0	12	1.05	0.95				
	108	1	121.1426274	24.795274614035087	0.0	0.0	1	1.0267969156722632	-6.117933086930793	138.0	12	1.05	0.95				
	109	1	123.97637307017544	25.503711031578945	0.0	0.0	1	1.0266872368043423	-4.197688844451493	138.0	13	1.05	0.95				
	110	1	138.14510142105263	28.337456701754387	0.0	0.0	1	1.05	-5.448353904286778	138.0	13	1.05	0.95				
	111	1	0.0	0.0	0.0	0.0	1	1.0122496126050038	-1.512584552613507	230.0	13	1.05	0.95				
	112	1	0.0	0.0	0.0	0.0	1	1.0153743425252364	-0.5954119771736825	230.0	13	1.05	0.95				
	113	3	187.73565064912282	38.255566547368424	0.0	0.0	1	1.012471263181897	3.1573636918686673e-27	230.0	14	1.05	0.95				
	114	2	137.43666500350878	27.629020284210526	0.0	0.0	1	1.0131349409813595	0.5376903237705756	230.0	16	1.05	0.95				
	115	2	224.5743443614035	45.33993072280702	0.0	0.0	1	1.044140860079178	7.931791692218117	230.0	16	1.05	0.95				
	116	2	70.84364175438597	14.168728350877194	0.0	0.0	1	1.0421019133973168	7.682781360431358	230.0	16	1.05	0.95				
	117	1	0.0	0.0	0.0	0.0	1	1.046727605598395	10.410047590032477	230.0	17	1.05	0.95				
	118	2	235.90932704210528	48.173676392982465	0.0	0.0	1	1.048878379330277	10.93300802450787	230.0	17	1.05	0.95				
	119	1	128.2269915754386	26.212147449122806	0.0	0.0	1	1.036786602833431	6.6660835879456455	230.0	15	1.05	0.95				
	120	1	90.67986144561404	18.41934685614035	0.0	0.0	1	1.0383486611596071	7.123546327873757	230.0	15	1.05	0.95				
	121	2	0.0	0.0	0.0	0.0	1	1.05	11.45179385957039	230.0	17	1.05	0.95				
	122	2	0.0	0.0	0.0	0.0	1	1.05	17.55678172235025	230.0	17	1.05	0.95				
	123	2	0.0	0.0	0.0	0.0	1	1.0411613329181906	7.898984750437286	230.0	15	1.05	0.95				
	124	1	0.0	0.0	0.0	0.0	1	1.0222652186154881	4.0418480227976525	230.0	16	1.05	0.95				
	201	2	85.96820398736843	17.512041552982456	0.0	0.0	2	1.0434536676894295	-10.274069744563706	138.0	21	1.05	0.95				
	202	2	77.2121832108772	15.920037775438601	0.0	0.0	2	1.0447660559212242	-10.321398420666117	138.0	22	1.05	0.95				
	203	1	143.28033997894738	29.452069884561404	0.0	0.0	2	1.0265991028739272	-7.604194682085777	138.0	21	1.05	0.95				
	204	1	58.90413976912281	11.940028331578947	0.0	0.0	2	1.0204032446107567	-12.456817170533528	138.0	21	1.05	0.95				
	205	1	56.51613410280702	11.14402644280702	0.0	0.0	2	1.0364356014273859	-12.843649140265416	138.0	21	1.05	0.95				
	206	1	108.25625687298248	22.28805288561404	0.0	-100.0	2	1.0380459592540359	-15.011966188442093	138.0	22	1.05	0.95				
	207	2	99.50023609649124	19.900047219298248	0.0	0.0	2	0.95	-27.02601488008967	138.0	22	1.05	0.95				
	208	1	136.11632298	27.860066107017545	0.0	0.0	2	0.9564049457310306	-23.112215084682262	138.0	22	1.05	0.95				
	209	1	139.3003305350877	28.656067995789474	0.0	0.0	2	1.0258459624787388	-11.012969207308716	138.0	23	1.05	0.95				
	210	1	155.2203683105263	31.840075550877202	0.0	0.0	2	1.05	-12.97319034706903	138.0	23	1.05	0.95				
	211	1	0.0	0.0	0.0	0.0	2	1.0322042510603568	-5.869068636701603	230.0	23	1.05	0.95				
	212	1	0.0	0.0	0.0	0.0	2	1.024374489607605	-4.643620471276624	230.0	23	1.05	0.95				
	213	2	210.94050052456143	42.98410199368421	0.0	0.0	2	1.0494328403450577	-1.7118374206046651	230.0	24	1.05	0.95				
	214	2	154.4243664217544	31.044073662105266	0.0	0.0	2	1.0499999980021375	-3.6547253923692335	230.0	26	1.05	0.95				
	215	2	252.33259874070177	50.94412088140351	0.0	0.0	2	1.0447486664049361	4.517468647558386	230.0	26	1.05	0.95				
	216	2	79.60018887719299	15.920037775438601	0.0	0.0	2	1.0493441985196874	4.400969526215206	230.0	26	1.05	0.95				
	217	1	0.0	0.0	0.0	0.0	2	1.0492576657954509	7.572724674553164	230.0	27	1.05	0.95				
	218	2	265.06862896105264	54.12812843649124	0.0	0.0	2	1.05	8.284282564284375	230.0	27	1.05	0.95				
	219	1	144.07634186771932	29.452069884561404	0.0	0.0	2	1.043857679869762	3.7774983997976093	230.0	25	1.05	0.95				
	220	1	101.88824176280701	20.696049108070177	0.0	0.0	2	1.046188305669555	4.721299190939272	230.0	25	1.05	0.95				
	221	2	0.0	0.0	0.0	0.0	2	1.05	8.752586309325844	230.0	27	1.05	0.95				
	222	2	0.0	0.0	0.0	0.0	2	1.05	14.801563327793504	230.0	27	1.05	0.95				
	223	2	0.0	0.0	0.0	0.0	2	1.05	5.816717369425442	230.0	25	1.05	0.95				
	224	1	0.0	0.0	0.0	0.0	2	1.0226999270748645	0.007183396131361448	230.0	26	1.05	0.95				
	301	2	87.43182536842106	17.810186649122805	0.0	0.0	3	1.02400755168237	-26.317125456531585	138.0	31	1.05	0.95				
	302	2	78.52673204385964	16.191078771929824	0.0	0.0	3	1.0223087027348807	-26.780447175156652	138.0	32	1.05	0.95				
	303	1	145.71970894736842	29.953495728070173	0.0	0.0	3	1.0135661731294616	-19.32883990690157	138.0	31	1.05	0.95				
	304	1	59.90699145614035	12.143309078947368	0.0	0.0	3	1.008889910579854	-25.296698771451297	138.0	31	1.05	0.95				
	305	1	57.478329640350864	11.333755140350878	0.0	0.0	3	1.0260652605489882	-26.053503086950112	138.0	31	1.05	0.95				
	306	1	110.09933564912279	22.667510280701755	0.0	-100.0	3	1.0324990702084487	-26.7918759657137	138.0	32	1.05	0.95				
	307	2	101.1942423245614	20.23884846491228	0.0	0.0	3	1.0029536068859508	-29.546229925527964	138.0	32	1.05	0.95				
	308	1	138.43372349999999	28.334387850877192	0.0	0.0	3	0.9937968614926483	-28.912340640583697	138.0	32	1.05	0.95				
	309	1	141.67193925438596	29.143941789473683	0.0	0.0	3	1.0266774559156837	-20.770369055072813	138.0	33	1.05	0.95				
	310	1	157.86301802631579	32.38215754385965	0.0	0.0	3	1.05	-23.20468666268382	138.0	33	1.05	0.95				
	311	1	0.0	0.0	0.0	0.0	3	1.0303681696220939	-14.675154102495876	230.0	33	1.05	0.95				
	312	1	0.0	0.0	0.0	0.0	3	1.0203645347927326	-13.266743349692046	230.0	33	1.05	0.95				
	313	2	214.53179372807014	43.71591268421053	0.0	0.0	3	1.0496749605874556	-9.895955974629791	230.0	34	1.05	0.95				
	314	2	157.05346408771928	31.572603605263154	0.0	0.0	3	1.05	-11.855539937179488	230.0	36	1.05	0.95				
	315	2	256.6285985350877	51.811452070175434	0.0	0.0	3	1.0489989605979704	-3.0369869012869946	230.0	36	1.05	0.95				
	316	2	80.95539385964912	16.191078771929824	0.0	0.0	3	1.05	-2.8611276026407855	230.0	36	1.05	0.95				
	317	1	0.0	0.0	0.0	0.0	3	1.0493039107882556	-0.17049932168011925	230.0	37	1.05	0.95				
	318	2	269.58146155263154	55.049667824561396	0.0	0.0	3	1.048762570930138	0.42086919938593975	230.0	37	1.05	0.95				
	319	1	146.5292628859649	29.953495728070173	0.0	0.0	3	1.0440051111140842	-3.1381692581465193	230.0	35	1.05	0.95				
	320	1	103.62290414035087	21.04840240350877	0.0	0.0	3	1.0460896220063798	-1.8676773149460335	230.0	35	1.05	0.95				
	321	2	0.0	0.0	0.0	0.0	3	1.05	1.1734695125155012	230.0	37	1.05	0.95				
	322	2	0.0	0.0	0.0	0.0	3	1.05	6.4218557328419505	230.0	37	1.05	0.95				
	323	2	0.0	0.0	0.0	0.0	3	1.05	-0.5835005747982711	230.0	35	1.05	0.95				
	324	1	0.0	0.0	0.0	0.0	3	1.0142022253797796	-9.01255005959511	230.0	36	1.05	0.95				
	325	1	0.0	0.0	0.0	0.0	3	1.0470208670499663	0.4092778096345428	230.0	35	1.05	0.95				
];
