%% MATPOWER Case Format : Version 2
function mpc = RTS_GMLC
mpc.version = '2';

%%-----  Power Flow Data  -----%%
%% system MVA base
mpc.baseMVA = 100.0;
%% bus data
%    bus_i    type    Pd    Qd    Gs    Bs    area    Vm    Va    baseKV    zone    Vmax    Vmin
mpc.bus = [
	101	2	47.28005939368421	9.631123209824562	0.0	0.0	1	1.017207934265451	3.0632788291834956	138.0	11	1.05	0.95				
	102	2	42.46449778877193	8.755566554385966	0.0	0.0	1	1.0160475283550707	2.7537658034694052	138.0	12	1.05	0.95				
	103	1	78.80009898947368	16.197798125614035	0.0	0.0	1	1.0275022819056372	2.9498799683565915	138.0	11	1.05	0.95				
	104	1	32.39559625122807	6.5666749157894735	0.0	0.0	1	1.0139872307698172	-0.36856155856907735	138.0	11	1.05	0.95				
	105	1	31.082261268070177	6.128896588070177	0.0	0.0	1	1.0272401230237018	-0.29714413829802816	138.0	11	1.05	0.95				
	106	1	59.537852569824565	12.257793176140353	0.0	-100.0	1	1.0408762570258387	-2.647536923755103	138.0	12	1.05	0.95				
	107	2	54.722290964912276	10.944458192982456	0.0	0.0	1	0.9853905479945859	-8.924298399981389	138.0	12	1.05	0.95				
	108	1	74.86009404	15.322241470175438	0.0	0.0	1	0.994989190968235	-7.20635694080069	138.0	12	1.05	0.95				
	109	1	76.6112073508772	15.760019797894737	0.0	0.0	1	1.025719326403851	-1.0942015722038196	138.0	13	1.05	0.95				
	110	1	85.36677390526316	17.511133108771933	0.0	0.0	1	1.05	-2.2612449689669503	138.0	13	1.05	0.95				
	111	1	0.0	0.0	0.0	0.0	1	1.0181853475475224	0.9393195457793547	230.0	13	1.05	0.95				
	112	1	0.0	0.0	0.0	0.0	1	1.0141809115556903	0.4563017292651951	230.0	13	1.05	0.95				
	113	3	116.01125684561404	23.640029696842106	0.0	0.0	1	0.9960413670444952	-2.057722217629271e-30	230.0	14	1.05	0.95				
	114	2	84.92899557754386	17.073354781052632	0.0	0.0	1	1.0439340503669465	4.296200992592145	230.0	16	1.05	0.95				
	115	2	138.77572988701755	28.01781297403509	0.0	0.0	1	1.0446616793815495	13.190727351935005	230.0	16	1.05	0.95				
	116	2	43.77783277192982	8.755566554385966	0.0	0.0	1	1.0459123020251988	11.804963350184046	230.0	16	1.05	0.95				
	117	1	0.0	0.0	0.0	0.0	1	1.0430418034819544	17.173269407861152	230.0	17	1.05	0.95				
	118	2	145.78018313052632	29.768926284912283	0.0	0.0	1	1.05	17.49349670573305	230.0	17	1.05	0.95				
	119	1	79.23787731719298	16.197798125614035	0.0	0.0	1	1.043995986777768	8.751125653584703	230.0	15	1.05	0.95				
	120	1	56.03562594807018	11.382236520701754	0.0	0.0	1	1.0471674124991723	6.9261705956489825	230.0	15	1.05	0.95				
	121	2	0.0	0.0	0.0	0.0	1	1.0428574315815367	18.891530936421958	230.0	17	1.05	0.95				
	122	2	0.0	0.0	0.0	0.0	1	1.05	36.856124203269665	230.0	17	1.05	0.95				
	123	2	0.0	0.0	0.0	0.0	1	1.049586931612295	6.248791815728606	230.0	15	1.05	0.95				
	124	1	0.0	0.0	0.0	0.0	1	1.0254079645826961	9.38016576400333	230.0	16	1.05	0.95				
	201	2	52.359515204210524	10.66582717122807	0.0	0.0	2	1.0244319004580795	-9.857514499294915	138.0	21	1.05	0.95				
	202	2	47.026601618596494	9.696206519298247	0.0	0.0	2	1.0255644162516395	-9.66530751968455	138.0	22	1.05	0.95				
	203	1	87.26585867368422	17.937982060701753	0.0	0.0	2	1.0126954196684737	-8.733801577872123	138.0	21	1.05	0.95				
	204	1	35.875964121403506	7.272154889473684	0.0	0.0	2	1.0162429816324423	-11.159470657918272	138.0	21	1.05	0.95				
	205	1	34.42153314350877	6.787344563508772	0.0	0.0	2	1.0312488695458242	-11.475355159939875	138.0	21	1.05	0.95				
	206	1	65.93420433122807	13.574689127017544	0.0	-100.0	2	1.0427772447249435	-12.8106942069697	138.0	22	1.05	0.95				
	207	2	60.60129074561404	12.120258149122808	0.0	0.0	2	0.9913696598069212	-19.804107297084524	138.0	22	1.05	0.95				
	208	1	82.90256574	16.96836140877193	0.0	0.0	2	0.9954438005439035	-17.55959330653938	138.0	22	1.05	0.95				
	209	1	84.84180704385965	17.45317173473684	0.0	0.0	2	1.0226900029770616	-10.39000190640754	138.0	23	1.05	0.95				
	210	1	94.5380135631579	19.392413038596494	0.0	0.0	2	1.05	-11.560647173289214	138.0	23	1.05	0.95				
	211	1	0.0	0.0	0.0	0.0	2	1.0093486641418385	-7.336423975862862	230.0	23	1.05	0.95				
	212	1	0.0	0.0	0.0	0.0	2	1.009974738049975	-6.031575483175401	230.0	23	1.05	0.95				
	213	2	128.47473638070176	26.179757602105262	0.0	0.0	2	1.007353333272789	-5.579858067236856	230.0	24	1.05	0.95				
	214	2	94.05320323719299	18.90760271263158	0.0	0.0	2	1.0123134419678044	-5.162908762589747	230.0	26	1.05	0.95				
	215	2	153.6848733308772	31.027860861754387	0.0	0.0	2	1.0268959445610706	0.6125694209001896	230.0	26	1.05	0.95				
	216	2	48.48103259649123	9.696206519298247	0.0	0.0	2	1.0301723205394593	0.8658597817598236	230.0	26	1.05	0.95				
	217	1	0.0	0.0	0.0	0.0	2	1.0367633028355019	2.4260791499482925	230.0	27	1.05	0.95				
	218	2	161.4418385463158	32.96710216561404	0.0	0.0	2	1.0345331507097326	1.6975824503512982	230.0	27	1.05	0.95				
	219	1	87.75066899964912	17.937982060701753	0.0	0.0	2	1.0305003892388478	1.6154697345341698	230.0	25	1.05	0.95				
	220	1	62.055721723508775	12.60506847508772	0.0	0.0	2	1.034589114512374	3.198760156271377	230.0	25	1.05	0.95				
	221	2	0.0	0.0	0.0	0.0	2	1.034670716312728	2.1465148905701374	230.0	27	1.05	0.95				
	222	2	0.0	0.0	0.0	0.0	2	1.05	8.754709858021343	230.0	27	1.05	0.95				
	223	2	0.0	0.0	0.0	0.0	2	1.0382436634199828	4.427816248532255	230.0	25	1.05	0.95				
	224	1	0.0	0.0	0.0	0.0	2	1.010012802665276	-2.87259039609691	230.0	26	1.05	0.95				
	301	2	69.76779498947369	14.211958238596493	0.0	0.0	3	1.0195906056520168	-10.147265485367443	138.0	31	1.05	0.95				
	302	2	62.66181587017544	12.919962035087721	0.0	0.0	3	1.0179315467769101	-10.460241691332685	138.0	32	1.05	0.95				
	303	1	116.27965831578948	23.901929764912282	0.0	0.0	3	1.0480110053244618	4.330184583873248	138.0	31	1.05	0.95				
	304	1	47.803859529824564	9.689971526315789	0.0	0.0	3	1.01094613187407	-8.164827628169064	138.0	31	1.05	0.95				
	305	1	45.865865224561404	9.043973424561406	0.0	0.0	3	1.0265026523006082	-10.593871288022974	138.0	31	1.05	0.95				
	306	1	87.8557418385965	18.08794684912281	0.0	-100.0	3	1.0364981103292967	-11.547029731339485	138.0	32	1.05	0.95				
	307	2	80.74976271929825	16.14995254385965	0.0	0.0	3	0.9836305005311036	-18.42367945537582	138.0	32	1.05	0.95				
	308	1	110.46567540000001	22.60993356140351	0.0	0.0	3	0.984174802205732	-15.292076201985752	138.0	32	1.05	0.95				
	309	1	113.04966780701756	23.255931663157895	0.0	0.0	3	1.0285444561844286	-3.6580786093594897	138.0	33	1.05	0.95				
	310	1	125.96962984210526	25.839924070175442	0.0	0.0	3	1.05	-8.978557283388875	138.0	33	1.05	0.95				
	311	1	0.0	0.0	0.0	0.0	3	1.0220898984939726	-1.7375002673629685	230.0	33	1.05	0.95				
	312	1	0.0	0.0	0.0	0.0	3	1.019015083061396	-1.4160306350124454	230.0	33	1.05	0.95				
	313	2	171.18949696491228	34.88389749473684	0.0	0.0	3	1.0255546498917312	0.9934866108716571	230.0	34	1.05	0.95				
	314	2	125.32363174035088	25.193925968421055	0.0	0.0	3	1.0348076890544762	0.4173905614358591	230.0	36	1.05	0.95				
	315	2	204.78139825614033	41.3438785122807	0.0	0.0	3	1.0472441995216208	7.075624206668666	230.0	36	1.05	0.95				
	316	2	64.5998101754386	12.919962035087721	0.0	0.0	3	1.0456133171305686	7.4246979766899095	230.0	36	1.05	0.95				
	317	1	0.0	0.0	0.0	0.0	3	1.05	12.899030293361347	230.0	37	1.05	0.95				
	318	2	215.11736788421052	43.92787091929825	0.0	0.0	3	1.041455636132411	10.171568461376687	230.0	37	1.05	0.95				
	319	1	116.92565641754386	23.901929764912282	0.0	0.0	3	1.0371421320502063	5.385264019681951	230.0	35	1.05	0.95				
	320	1	82.6877570245614	16.795950645614035	0.0	0.0	3	1.0357766987901444	4.8254215707923285	230.0	35	1.05	0.95				
	321	2	0.0	0.0	0.0	0.0	3	1.0451189603572228	9.77892805509657	230.0	37	1.05	0.95				
	322	2	0.0	0.0	0.0	0.0	3	1.05	15.345956821136493	230.0	37	1.05	0.95				
	323	2	0.0	0.0	0.0	0.0	3	1.036505845597715	5.0003955181234625	230.0	35	1.05	0.95				
	324	1	0.0	0.0	0.0	0.0	3	1.0418413751497624	6.042685145764964	230.0	36	1.05	0.95				
	325	1	0.0	0.0	0.0	0.0	3	1.0331788455520174	6.152170449110325	230.0	35	1.05	0.95				
];
