%% MATPOWER Case Format : Version 2
function mpc = RTS_GMLC
mpc.version = '2';

%%-----  Power Flow Data  -----%%
%% system MVA base
mpc.baseMVA = 100.0;
%% bus data
%    bus_i    type    Pd    Qd    Gs    Bs    area    Vm    Va    baseKV    zone    Vmax    Vmin
mpc.bus = [
	101	2	47.86788717473685	9.750865905964913	0.0	0.0	1	1.0310841570205662	1.1615912327597502	138.0	11	1.05	0.95				
	102	2	42.992454221754386	8.864423550877195	0.0	0.0	1	1.0301139836042594	0.8670956555989198	138.0	12	1.05	0.95				
	103	1	79.77981195789475	16.39918356912281	0.0	0.0	1	1.0294549507851216	0.938560788386027	138.0	11	1.05	0.95				
	104	1	32.79836713824562	6.648317663157894	0.0	0.0	1	1.0197672530893798	-2.034152785847968	138.0	11	1.05	0.95				
	105	1	31.468703605614035	6.205096485614037	0.0	0.0	1	1.034449140745736	-1.951960406196053	138.0	11	1.05	0.95				
	106	1	60.27808014596492	12.410192971228074	0.0	-100.0	1	1.0443306518403255	-4.185231837029745	138.0	12	1.05	0.95				
	107	2	55.40264719298247	11.080529438596493	0.0	0.0	1	0.998980581441501	-11.114519186483198	138.0	12	1.05	0.95				
	108	1	75.79082136000001	15.512741214035088	0.0	0.0	1	1.0020966303555583	-9.108256644955906	138.0	12	1.05	0.95				
	109	1	77.56370607017544	15.955962391578948	0.0	0.0	1	1.0246117634419674	-2.6019264434898197	138.0	13	1.05	0.95				
	110	1	86.42812962105265	17.72884710175439	0.0	0.0	1	1.05	-3.7026437912841255	138.0	13	1.05	0.95				
	111	1	0.0	0.0	0.0	0.0	1	1.0063287097446958	-0.22852675511417292	230.0	13	1.05	0.95				
	112	1	0.0	0.0	0.0	0.0	1	1.010037841648941	-0.7840834250181747	230.0	13	1.05	0.95				
	113	3	117.45361204912281	23.933943587368425	0.0	0.0	1	0.9992335580337808	-3.3717670640222125e-33	230.0	14	1.05	0.95				
	114	2	85.98490844350877	17.285625924210528	0.0	0.0	1	1.007823600380987	2.6005172577183067	230.0	16	1.05	0.95				
	115	2	140.50111328140352	28.36615536280702	0.0	0.0	1	1.042419516225059	10.585350436108122	230.0	16	1.05	0.95				
	116	2	44.32211775438597	8.864423550877195	0.0	0.0	1	1.036347967459209	9.171965619071607	230.0	16	1.05	0.95				
	117	1	0.0	0.0	0.0	0.0	1	1.0414754593190862	14.09944077550842	230.0	17	1.05	0.95				
	118	2	147.59265212210528	30.13904007298246	0.0	0.0	1	1.0492882252376323	14.637423144020099	230.0	17	1.05	0.95				
	119	1	80.2230331354386	16.39918356912281	0.0	0.0	1	1.0260450578509361	5.973940876826615	230.0	15	1.05	0.95				
	120	1	56.73231072561404	11.523750616140353	0.0	0.0	1	1.0222998978975435	4.02509412357006	230.0	15	1.05	0.95				
	121	2	0.0	0.0	0.0	0.0	1	1.05	16.195205292460667	230.0	17	1.05	0.95				
	122	2	0.0	0.0	0.0	0.0	1	1.05	29.98932843364577	230.0	17	1.05	0.95				
	123	2	0.0	0.0	0.0	0.0	1	1.021054658306978	3.2919173246356426	230.0	15	1.05	0.95				
	124	1	0.0	0.0	0.0	0.0	1	1.0254738757531061	6.982098325902891	230.0	16	1.05	0.95				
	201	2	50.31953408842106	10.250275462456141	0.0	0.0	2	1.0157134689155178	-14.501252366612345	138.0	21	1.05	0.95				
	202	2	45.194396357192986	9.318432238596492	0.0	0.0	2	1.0155747052567345	-14.60630900452548	138.0	22	1.05	0.95				
	203	1	83.86589014736843	17.239099641403506	0.0	0.0	2	1.014743583736506	-11.284202515672542	138.0	21	1.05	0.95				
	204	1	34.47819928280701	6.988824178947368	0.0	0.0	2	1.0124719364370864	-14.824825808077003	138.0	21	1.05	0.95				
	205	1	33.080434447017545	6.522902567017544	0.0	0.0	2	1.0271427069415338	-15.25878011275385	138.0	21	1.05	0.95				
	206	1	63.36533922245614	13.045805134035088	0.0	-100.0	2	1.0411703542659683	-16.18687824074049	138.0	22	1.05	0.95				
	207	2	58.24020149122807	11.648040298245615	0.0	0.0	2	0.9919350064440914	-22.239573964823542	138.0	22	1.05	0.95				
	208	1	79.67259564	16.307256417543858	0.0	0.0	2	0.9967655609884485	-20.101075451564082	138.0	22	1.05	0.95				
	209	1	81.5362820877193	16.773178029473684	0.0	0.0	2	1.0235234983217925	-13.076489165776609	138.0	23	1.05	0.95				
	210	1	90.85471432631579	18.636864477192983	0.0	0.0	2	1.05	-14.522294031247206	138.0	23	1.05	0.95				
	211	1	0.0	0.0	0.0	0.0	2	1.0097840247559384	-9.763406560498437	230.0	23	1.05	0.95				
	212	1	0.0	0.0	0.0	0.0	2	1.0112909242679857	-8.50282324489043	230.0	23	1.05	0.95				
	213	2	123.46922716140352	25.15976704421053	0.0	0.0	2	1.0101627549883891	-7.88545819956115	230.0	24	1.05	0.95				
	214	2	90.38879271438597	18.17094286526316	0.0	0.0	2	1.0121587116599786	-7.301283048804453	230.0	26	1.05	0.95				
	215	2	147.6971509817544	29.818983163508772	0.0	0.0	2	1.0259420691721464	-1.038505563833227	230.0	26	1.05	0.95				
	216	2	46.59216119298246	9.318432238596492	0.0	0.0	2	1.0286631263236017	-0.9796741181360077	230.0	26	1.05	0.95				
	217	1	0.0	0.0	0.0	0.0	2	1.0310615930449194	0.44602449958996887	230.0	27	1.05	0.95				
	218	2	155.1518967726316	31.68266961122807	0.0	0.0	2	1.0299035413813549	-0.16871325059001877	230.0	27	1.05	0.95				
	219	1	84.33181175929825	17.239099641403506	0.0	0.0	2	1.0319082937846946	-0.2836899246920376	230.0	25	1.05	0.95				
	220	1	59.637966327017544	12.113961910175439	0.0	0.0	2	1.0382549556469134	1.210751397653936	230.0	25	1.05	0.95				
	221	2	0.0	0.0	0.0	0.0	2	1.031711498364453	0.34752553197242264	230.0	27	1.05	0.95				
	222	2	0.0	0.0	0.0	0.0	2	1.05	6.880213942826517	230.0	27	1.05	0.95				
	223	2	0.0	0.0	0.0	0.0	2	1.0429951609827943	2.3713371305695627	230.0	25	1.05	0.95				
	224	1	0.0	0.0	0.0	0.0	2	1.0091408063349696	-4.872737878774298	230.0	26	1.05	0.95				
	301	2	41.40968047578947	8.435305282105263	0.0	0.0	3	1.0126796998055312	2.92341888555934	138.0	31	1.05	0.95				
	302	2	37.19202783473684	7.6684593473684215	0.0	0.0	3	1.0124776101187325	2.6796991614386996	138.0	32	1.05	0.95				
	303	1	69.01613412631579	14.186649792631577	0.0	0.0	3	1.0427795099399286	12.32786147692672	138.0	31	1.05	0.95				
	304	1	28.373299585263155	5.751344510526315	0.0	0.0	3	1.0134096973302507	3.6570851568684812	138.0	31	1.05	0.95				
	305	1	27.22303068315789	5.367921543157895	0.0	0.0	3	1.026749429466992	2.3734364839671622	138.0	31	1.05	0.95				
	306	1	52.14552356210527	10.73584308631579	0.0	-100.0	3	1.042821999226944	1.5872259423398316	138.0	32	1.05	0.95				
	307	2	47.92787092105263	9.585574184210525	0.0	0.0	3	0.9779190739641859	-2.1024911192809803	138.0	32	1.05	0.95				
	308	1	65.56532742	13.419803857894735	0.0	0.0	3	0.9923791404561779	-0.47032509281314633	138.0	32	1.05	0.95				
	309	1	67.09901928947369	13.803226825263156	0.0	0.0	3	1.0253693068865841	6.036836463737668	138.0	33	1.05	0.95				
	310	1	74.7674786368421	15.336918694736843	0.0	0.0	3	1.05	3.0599113425780753	138.0	33	1.05	0.95				
	311	1	0.0	0.0	0.0	0.0	3	1.0062875924136094	7.239531890778375	230.0	33	1.05	0.95				
	312	1	0.0	0.0	0.0	0.0	3	1.0126211245585617	7.61504050181527	230.0	33	1.05	0.95				
	313	2	101.60708635263155	20.704840237894736	0.0	0.0	3	1.009763814592859	9.960034958386583	230.0	34	1.05	0.95				
	314	2	74.38405566947368	14.953495727368422	0.0	0.0	3	0.9978900711542728	7.670022948648067	230.0	36	1.05	0.95				
	315	2	121.54508065578946	24.539069911578945	0.0	0.0	3	1.0294964498465569	10.715348062399423	230.0	36	1.05	0.95				
	316	2	38.3422967368421	7.6684593473684215	0.0	0.0	3	1.024234797152211	10.542600895316335	230.0	36	1.05	0.95				
	317	1	0.0	0.0	0.0	0.0	3	1.041782348038751	14.274854030312166	230.0	37	1.05	0.95				
	318	2	127.6798481336842	26.072761781052634	0.0	0.0	3	1.041305473232403	12.127560855773151	230.0	37	1.05	0.95				
	319	1	69.39955709368421	14.186649792631577	0.0	0.0	3	1.019674752680782	9.75458686800442	230.0	35	1.05	0.95				
	320	1	49.07813982315789	9.968997151578947	0.0	0.0	3	1.0181544883291116	9.826457249685332	230.0	35	1.05	0.95				
	321	2	0.0	0.0	0.0	0.0	3	1.038961622252796	12.277229664456586	230.0	37	1.05	0.95				
	322	2	0.0	0.0	0.0	0.0	3	1.05	17.38001929943493	230.0	37	1.05	0.95				
	323	2	0.0	0.0	0.0	0.0	3	1.0176988875455835	10.167987563855288	230.0	35	1.05	0.95				
	324	1	0.0	0.0	0.0	0.0	3	1.0311470263803215	11.32785060844192	230.0	36	1.05	0.95				
	325	1	0.0	0.0	0.0	0.0	3	1.0197715337200488	10.701361256234136	230.0	35	1.05	0.95				
];
