%% MATPOWER Case Format : Version 2
function mpc = RTS_GMLC
mpc.version = '2';

%%-----  Power Flow Data  -----%%
%% system MVA base
mpc.baseMVA = 100.0;
%% bus data
%    bus_i    type    Pd    Qd    Gs    Bs    area    Vm    Va    baseKV    zone    Vmax    Vmin
mpc.bus = [
	101	2	40.23948539368421	8.196932209824562	0.0	0.0	1	1.015223858012285	-2.945975788372355	138.0	11	1.05	0.95				
	102	2	36.14101928877193	7.451756554385966	0.0	0.0	1	1.0149500398273028	-3.1676990491191357	138.0	12	1.05	0.95				
	103	1	67.06580898947368	13.785749625614036	0.0	0.0	1	1.0070523650245569	0.7964966916065577	138.0	11	1.05	0.95				
	104	1	27.571499251228072	5.588817415789474	0.0	0.0	1	1.0058202270058167	-3.3773124360464384	138.0	11	1.05	0.95				
	105	1	26.453735768070175	5.216229588070177	0.0	0.0	1	1.0190512699623864	-4.383075180760252	138.0	11	1.05	0.95				
	106	1	50.67194456982457	10.432459176140354	0.0	-100.0	1	1.0292472599728422	-5.647093858271066	138.0	12	1.05	0.95				
	107	2	46.573478464912284	9.314695692982458	0.0	0.0	1	0.9852885525478584	-9.76885920341633	138.0	12	1.05	0.95				
	108	1	63.712518540000005	13.04057397017544	0.0	0.0	1	0.9888460813240785	-8.432577984650488	138.0	12	1.05	0.95				
	109	1	65.20286985087719	13.413161797894738	0.0	0.0	1	1.00393796460239	-2.924573010373523	138.0	13	1.05	0.95				
	110	1	72.65462640526316	14.903513108771932	0.0	0.0	1	1.0316603603542565	-4.614601230849913	138.0	13	1.05	0.95				
	111	1	0.0	0.0	0.0	0.0	1	0.9814294823159795	-0.6606027147262438	230.0	13	1.05	0.95				
	112	1	0.0	0.0	0.0	0.0	1	0.9830673003822334	-1.3278247884100027	230.0	13	1.05	0.95				
	113	3	98.73577434561403	20.119742696842106	0.0	0.0	1	0.9625301338345896	1.3071125876837462e-25	230.0	14	1.05	0.95				
	114	2	72.28203857754386	14.530925281052633	0.0	0.0	1	0.9878895366028209	2.0354102597536343	230.0	16	1.05	0.95				
	115	2	118.11034138701754	23.84562097403509	0.0	0.0	1	0.9964513561860762	9.508767868100795	230.0	16	1.05	0.95				
	116	2	37.25878277192983	7.451756554385966	0.0	0.0	1	0.993757724590297	8.341040833101172	230.0	16	1.05	0.95				
	117	1	0.0	0.0	0.0	0.0	1	0.9981500179773533	13.336255227668488	230.0	17	1.05	0.95				
	118	2	124.07174663052633	25.335972284912284	0.0	0.0	1	1.005985836187824	13.559212532743572	230.0	17	1.05	0.95				
	119	1	67.438396817193	13.785749625614036	0.0	0.0	1	0.9918429236542684	5.285248406213843	230.0	15	1.05	0.95				
	120	1	47.69124194807018	9.687283520701756	0.0	0.0	1	0.9938801383642514	2.9853808630227148	230.0	15	1.05	0.95				
	121	2	0.0	0.0	0.0	0.0	1	1.0071020354326765	14.401448856837826	230.0	17	1.05	0.95				
	122	2	0.0	0.0	0.0	0.0	1	1.0153517181148635	31.816488118647634	230.0	17	1.05	0.95				
	123	2	0.0	0.0	0.0	0.0	1	0.9957175190083516	2.029284413407011	230.0	15	1.05	0.95				
	124	1	0.0	0.0	0.0	0.0	1	0.9898955241542694	6.174578161523267	230.0	16	1.05	0.95				
	201	2	42.80560366736842	8.71966000631579	0.0	0.0	2	1.0109170803976228	-11.779920147639908	138.0	21	1.05	0.95				
	202	2	38.44577366421053	7.926963642105264	0.0	0.0	2	1.00971196957461	-12.004401932928454	138.0	22	1.05	0.95				
	203	1	71.34267277894737	14.664882737894738	0.0	0.0	2	0.9970861595371353	-8.898968519385466	138.0	21	1.05	0.95				
	204	1	29.329765475789475	5.945222731578948	0.0	0.0	2	1.001809112719443	-11.308092210226935	138.0	21	1.05	0.95				
	205	1	28.140720929473684	5.548874549473685	0.0	0.0	2	1.0181654739334522	-11.65508510889547	138.0	21	1.05	0.95				
	206	1	53.90335276631579	11.09774909894737	0.0	-100.0	2	1.0301893247899376	-12.092998329197444	138.0	22	1.05	0.95				
	207	2	49.543522763157895	9.90870455263158	0.0	0.0	2	0.9715036699264906	-16.87147120003093	138.0	22	1.05	0.95				
	208	1	67.77553914	13.872186373684212	0.0	0.0	2	0.980914436935877	-15.065843930457133	138.0	22	1.05	0.95				
	209	1	69.36093186842106	14.268534555789476	0.0	0.0	2	1.0070275824529233	-9.046998961810692	138.0	23	1.05	0.95				
	210	1	77.28789551052631	15.853927284210528	0.0	0.0	2	1.0350531088772799	-10.222188556369442	138.0	23	1.05	0.95				
	211	1	0.0	0.0	0.0	0.0	2	0.9870321541814732	-6.876917287029496	230.0	23	1.05	0.95				
	212	1	0.0	0.0	0.0	0.0	2	0.9923986365569532	-2.7730533117365077	230.0	23	1.05	0.95				
	213	2	105.03226825789473	21.40280183368421	0.0	0.0	2	0.9844228678186503	-4.93783603625878	230.0	24	1.05	0.95				
	214	2	76.89154732842105	15.457579102105266	0.0	0.0	2	0.9803946359357907	-5.665597995467994	230.0	26	1.05	0.95				
	215	2	125.64237372736842	25.366283654736844	0.0	0.0	2	0.9896241017556887	-0.5803766731970363	230.0	26	1.05	0.95				
	216	2	39.63481821052632	7.926963642105264	0.0	0.0	2	0.9882758686480477	-1.3587267366741287	230.0	26	1.05	0.95				
	217	1	0.0	0.0	0.0	0.0	2	0.9972389617178432	0.2045224428676948	230.0	27	1.05	0.95				
	218	2	131.98394464105266	26.951676383157896	0.0	0.0	2	0.9977181171640791	-0.17610266718188533	230.0	27	1.05	0.95				
	219	1	71.73902096105263	14.664882737894738	0.0	0.0	2	0.9857329768295293	-1.616147475584533	230.0	25	1.05	0.95				
	220	1	50.73256730947369	10.305052734736844	0.0	0.0	2	0.9862848731396464	-1.0016111113391468	230.0	25	1.05	0.95				
	221	2	0.0	0.0	0.0	0.0	2	0.9999869723372642	0.4615452386320239	230.0	27	1.05	0.95				
	222	2	0.0	0.0	0.0	0.0	2	1.0185182884902777	6.760662825464918	230.0	27	1.05	0.95				
	223	2	0.0	0.0	0.0	0.0	2	0.9872735954792169	-0.33353098792267655	230.0	25	1.05	0.95				
	224	1	0.0	0.0	0.0	0.0	2	0.9823776410765168	-3.7537089331946225	230.0	26	1.05	0.95				
	301	2	63.0028471831579	12.83391331508772	0.0	0.0	3	1.0022495414227293	1.9649648884067346	138.0	31	1.05	0.95				
	302	2	56.58589052561403	11.667193922807018	0.0	0.0	3	1.0025039223270567	1.8873371425811416	138.0	32	1.05	0.95				
	303	1	105.00474530526316	21.584308757192982	0.0	0.0	3	0.9922228011127286	6.914559376159713	138.0	31	1.05	0.95				
	304	1	43.168617514385964	8.750395442105264	0.0	0.0	3	0.9928758313966473	4.152398088257305	138.0	31	1.05	0.95				
	305	1	41.41853842596491	8.167035745964913	0.0	0.0	3	1.008614153546853	3.700356512574553	138.0	31	1.05	0.95				
	306	1	79.33691867508773	16.334071491929826	0.0	-100.0	3	1.0203373125425292	4.008246299079144	138.0	32	1.05	0.95				
	307	2	72.91996201754387	14.583992403508772	0.0	0.0	3	0.9683948486204519	-0.050607374916889256	138.0	32	1.05	0.95				
	308	1	99.75450804	20.41758936491228	0.0	0.0	3	0.9783793028721156	2.689231543274877	138.0	32	1.05	0.95				
	309	1	102.08794682456141	21.00094906105263	0.0	0.0	3	1.0062128936972052	8.490485487084605	138.0	33	1.05	0.95				
	310	1	113.75514074736842	23.334387845614035	0.0	0.0	3	1.032370786435233	7.379451455611445	138.0	33	1.05	0.95				
	311	1	0.0	0.0	0.0	0.0	3	0.9914543268538211	14.000987388378425	230.0	33	1.05	0.95				
	312	1	0.0	0.0	0.0	0.0	3	0.9967054707896861	14.59374734854428	230.0	33	1.05	0.95				
	313	2	154.59031947719296	31.50142359157895	0.0	0.0	3	1.0048676433004482	19.78347675585254	230.0	34	1.05	0.95				
	314	2	113.17178105122807	22.751028149473683	0.0	0.0	3	0.9911004010450842	15.023038014103072	230.0	36	1.05	0.95				
	315	2	184.9250236764912	37.335020552982456	0.0	0.0	3	0.9901461771449936	13.596151501348062	230.0	36	1.05	0.95				
	316	2	58.335969614035086	11.667193922807018	0.0	0.0	3	0.9837101400296087	14.927543376618644	230.0	36	1.05	0.95				
	317	1	0.0	0.0	0.0	0.0	3	1.000007957212398	17.480447351532888	230.0	37	1.05	0.95				
	318	2	194.25877881473684	39.668459337543865	0.0	0.0	3	0.9966325969214685	14.35769039340762	230.0	37	1.05	0.95				
	319	1	105.58810500140352	21.584308757192982	0.0	0.0	3	0.9935783547346984	15.757026810360466	230.0	35	1.05	0.95				
	320	1	74.67004110596491	15.167352099649122	0.0	0.0	3	1.0038962294132527	16.212364895353247	230.0	35	1.05	0.95				
	321	2	0.0	0.0	0.0	0.0	3	1.0011847459908283	14.732372087472221	230.0	37	1.05	0.95				
	322	2	0.0	0.0	0.0	0.0	3	1.0185144841482343	20.013110332195982	230.0	37	1.05	0.95				
	323	2	0.0	0.0	0.0	0.0	3	1.0093365814131046	16.226605054857323	230.0	35	1.05	0.95				
	324	1	0.0	0.0	0.0	0.0	3	0.9847864685919416	12.824107960444943	230.0	36	1.05	0.95				
