%% MATPOWER Case Format : Version 2
function mpc = RTS_GMLC
mpc.version = '2';

%%-----  Power Flow Data  -----%%
%% system MVA base
mpc.baseMVA = 100.0;
%% bus data
%    bus_i    type    Pd    Qd    Gs    Bs    area    Vm    Va    baseKV    zone    Vmax    Vmin
mpc.bus = [
	101	2	41.70905492210527	8.496288965614035	0.0	0.0	1	0.9997751663820217	-2.242563381335994	138.0	11	1.05	0.95				
	102	2	37.460910439298246	7.723899059649124	0.0	0.0	1	0.9983222221112026	-2.7441533813802748	138.0	12	1.05	0.95				
	103	1	69.5150915368421	14.289213260350877	0.0	0.0	1	1.021954973892972	2.3464507963078365	138.0	11	1.05	0.95				
	104	1	28.578426520701754	5.792924294736842	0.0	0.0	1	1.0068229201288046	-3.4369286931898873	138.0	11	1.05	0.95				
	105	1	27.419841661754386	5.406729341754387	0.0	0.0	1	1.0199818262082554	-3.833700198361391	138.0	11	1.05	0.95				
	106	1	52.52251360561404	10.813458683508774	0.0	-100.0	1	1.0390458821106419	-5.23241017740081	138.0	12	1.05	0.95				
	107	2	48.27436912280702	9.654873824561404	0.0	0.0	1	0.984845136083766	-11.41622855485644	138.0	12	1.05	0.95				
	108	1	66.03933696	13.516823354385965	0.0	0.0	1	0.9953794411797843	-9.137653290611448	138.0	12	1.05	0.95				
	109	1	67.58411677192983	13.90301830736842	0.0	0.0	1	1.0244221547802925	-2.378295297249234	138.0	13	1.05	0.95				
	110	1	75.30801583157894	15.447798119298248	0.0	0.0	1	1.05	-4.1512921940311225	138.0	13	1.05	0.95				
	111	1	0.0	0.0	0.0	0.0	1	1.0180776655302086	0.5955062174990206	230.0	13	1.05	0.95				
	112	1	0.0	0.0	0.0	0.0	1	1.013575967227619	-0.834871201556508	230.0	13	1.05	0.95				
	113	3	102.34166254035088	20.854527461052633	0.0	0.0	1	0.9945993617682084	6.705637279135664e-24	230.0	14	1.05	0.95				
	114	2	74.92182087859649	15.06160316631579	0.0	0.0	1	1.05	4.8461333196842675	230.0	16	1.05	0.95				
	115	2	122.42380009543861	24.716476990877194	0.0	0.0	1	1.0406719672738218	15.641961635585687	230.0	16	1.05	0.95				
	116	2	38.61949529824562	7.723899059649124	0.0	0.0	1	1.041367034573976	13.414707935718123	230.0	16	1.05	0.95				
	117	1	0.0	0.0	0.0	0.0	1	1.0399874875103188	20.132257569615316	230.0	17	1.05	0.95				
	118	2	128.6029193431579	26.26125680280702	0.0	0.0	1	1.05	21.032798433949605	230.0	17	1.05	0.95				
	119	1	69.90128648982457	14.289213260350877	0.0	0.0	1	1.0390584520829012	8.41182705014415	230.0	15	1.05	0.95				
	120	1	49.43295398175439	10.04106877754386	0.0	0.0	1	1.0451754462497174	4.81797740702467	230.0	15	1.05	0.95				
	121	2	0.0	0.0	0.0	0.0	1	1.0450455026268026	22.84642147310218	230.0	17	1.05	0.95				
	122	2	0.0	0.0	0.0	0.0	1	1.05	40.7923673977263	230.0	17	1.05	0.95				
	123	2	0.0	0.0	0.0	0.0	1	1.05	3.1445922921974994	230.0	15	1.05	0.95				
	124	1	0.0	0.0	0.0	0.0	1	1.016835156539759	10.696108926155135	230.0	16	1.05	0.95				
	201	2	43.65559576421053	8.892806544561402	0.0	0.0	2	1.0216136097949042	-18.134968442371555	138.0	21	1.05	0.95				
	202	2	39.20919249192983	8.084369585964913	0.0	0.0	2	1.0206402608977263	-18.433714799353602	138.0	22	1.05	0.95				
	203	1	72.75932627368421	14.956083734035088	0.0	0.0	2	1.0124471031163753	-13.334195883291473	138.0	21	1.05	0.95				
	204	1	29.912167468070177	6.063277189473684	0.0	0.0	2	1.0138207890621853	-17.980515477113546	138.0	21	1.05	0.95				
	205	1	28.699512030175438	5.659058710175439	0.0	0.0	2	1.0303871982585204	-18.490608159831098	138.0	21	1.05	0.95				
	206	1	54.97371318456141	11.318117420350879	0.0	-100.0	2	1.0432691996462395	-19.20276652787331	138.0	22	1.05	0.95				
	207	2	50.52730991228071	10.10546198245614	0.0	0.0	2	1.0022617886709795	-24.085042689471635	138.0	22	1.05	0.95				
	208	1	69.12135995999999	14.147646775438597	0.0	0.0	2	1.0042004461350447	-22.23055091058464	138.0	22	1.05	0.95				
	209	1	70.73823387719298	14.551865254736843	0.0	0.0	2	1.0198332344537409	-15.927890313464616	138.0	23	1.05	0.95				
	210	1	78.82260346315789	16.168739171929825	0.0	0.0	2	1.0487305670751716	-17.550118775120318	138.0	23	1.05	0.95				
	211	1	0.0	0.0	0.0	0.0	2	1.0056157824248704	-12.970992271145787	230.0	23	1.05	0.95				
	212	1	0.0	0.0	0.0	0.0	2	0.9968301001746878	-12.211350617865564	230.0	23	1.05	0.95				
	213	2	107.1178970140351	21.827797882105266	0.0	0.0	2	0.9931040940577579	-11.580251397534843	230.0	24	1.05	0.95				
	214	2	78.41838498385965	15.764520692631578	0.0	0.0	2	1.016631691201925	-10.335048969281516	230.0	26	1.05	0.95				
	215	2	128.13725793754384	25.869982675087723	0.0	0.0	2	1.0256089080926818	-3.322871321706564	230.0	26	1.05	0.95				
	216	2	40.42184792982456	8.084369585964913	0.0	0.0	2	1.0240305638928517	-4.041394593371061	230.0	26	1.05	0.95				
	217	1	0.0	0.0	0.0	0.0	2	1.0345428454468133	-1.7177757011489676	230.0	27	1.05	0.95				
	218	2	134.6047536063158	27.486856592280706	0.0	0.0	2	1.0343244317910132	-2.2612466946485354	230.0	27	1.05	0.95				
	219	1	73.16354475298246	14.956083734035088	0.0	0.0	2	1.009916971188005	-4.071398867793514	230.0	25	1.05	0.95				
	220	1	51.739965350175446	10.509680461754387	0.0	0.0	2	1.000353102258402	-3.277612310471662	230.0	25	1.05	0.95				
	221	2	0.0	0.0	0.0	0.0	2	1.0342018378576787	-1.8130636944534633	230.0	27	1.05	0.95				
	222	2	0.0	0.0	0.0	0.0	2	1.05	4.721369115538144	230.0	27	1.05	0.95				
	223	2	0.0	0.0	0.0	0.0	2	0.9958284470842351	-2.5014589318512397	230.0	25	1.05	0.95				
	224	1	0.0	0.0	0.0	0.0	2	1.0083574475468455	-7.0615107083039605	230.0	26	1.05	0.95				
	301	2	50.89085730947369	10.366656118596493	0.0	0.0	3	1.0168263647261535	14.980051469585682	138.0	31	1.05	0.95				
	302	2	45.70752925017544	9.42423283508772	0.0	0.0	3	1.0143714161099664	14.62188714028024	138.0	32	1.05	0.95				
	303	1	84.81809551578948	17.434830744912283	0.0	0.0	3	1.05	30.587506960712123	138.0	31	1.05	0.95				
	304	1	34.869661489824566	7.06817462631579	0.0	0.0	3	1.0064234805609715	16.141247224149414	138.0	31	1.05	0.95				
	305	1	33.456026564561405	6.596962984561405	0.0	0.0	3	1.023559955929986	13.478534103163781	138.0	31	1.05	0.95				
	306	1	64.0847832785965	13.19392596912281	0.0	-100.0	3	1.0342518532334994	12.076926090699313	138.0	32	1.05	0.95				
	307	2	58.90145521929825	11.78029104385965	0.0	0.0	3	0.95	7.954573025133096	138.0	32	1.05	0.95				
	308	1	80.57719074	16.49240746140351	0.0	0.0	3	0.9681586851664864	10.075721101618415	138.0	32	1.05	0.95				
	309	1	82.46203730701755	16.963619103157896	0.0	0.0	3	1.0152181255163233	19.35992830692478	138.0	33	1.05	0.95				
	310	1	91.88627014210527	18.84846567017544	0.0	0.0	3	1.0419042919818482	13.490374793812384	138.0	33	1.05	0.95				
	311	1	0.0	0.0	0.0	0.0	3	1.004106347580097	17.464077137846434	230.0	33	1.05	0.95				
	312	1	0.0	0.0	0.0	0.0	3	1.0088408231830086	17.48078261608231	230.0	33	1.05	0.95				
	313	2	124.8710850649123	25.445428654736844	0.0	0.0	3	1.002703261268947	17.578747997570243	230.0	34	1.05	0.95				
	314	2	91.41505850035088	18.377254028421056	0.0	0.0	3	1.0029087570543218	18.496829442206106	230.0	36	1.05	0.95				
	315	2	149.37409043614036	30.157545072280705	0.0	0.0	3	1.05	21.883848847005677	230.0	36	1.05	0.95				
	316	2	47.1211641754386	9.42423283508772	0.0	0.0	3	1.0398486908583513	21.457716421778056	230.0	36	1.05	0.95				
	317	1	0.0	0.0	0.0	0.0	3	1.0461624459528915	25.912386740749028	230.0	37	1.05	0.95				
	318	2	156.91347670421055	32.04239163929825	0.0	0.0	3	1.0369760111635613	22.22781665674662	230.0	37	1.05	0.95				
	319	1	85.28930715754387	17.434830744912283	0.0	0.0	3	1.0287994703682972	19.874526237485092	230.0	35	1.05	0.95				
	320	1	60.31509014456141	12.251502685614037	0.0	0.0	3	1.0227399472960446	19.285978375196866	230.0	35	1.05	0.95				
	321	2	0.0	0.0	0.0	0.0	3	1.0489974743704293	22.755012094541925	230.0	37	1.05	0.95				
	322	2	0.0	0.0	0.0	0.0	3	1.05	28.333660214088088	230.0	37	1.05	0.95				
	323	2	0.0	0.0	0.0	0.0	3	1.0199762390833447	19.267926826155083	230.0	35	1.05	0.95				
	324	1	0.0	0.0	0.0	0.0	3	1.0479313032708089	25.696392329784913	230.0	36	1.05	0.95				
	325	1	0.0	0.0	0.0	0.0	3	1.022159279908071	19.586457673868896	230.0	35	1.05	0.95				
];
