%% MATPOWER Case Format : Version 2
function mpc = RTS_GMLC
mpc.version = '2';

%%-----  Power Flow Data  -----%%
%% system MVA base
mpc.baseMVA = 100.0;
%% bus data
%    bus_i    type    Pd    Qd    Gs    Bs    area    Vm    Va    baseKV    zone    Vmax    Vmin
mpc.bus = [
	101	2	42.06976745684211	8.569767444912282	0.0	0.0	1	1.0130909884722208	-3.738363131995428	138.0	11	1.05	0.95				
	102	2	37.784883734385964	7.790697677192983	0.0	0.0	1	1.012979001437069	-3.967422832270249	138.0	12	1.05	0.95				
	103	1	70.11627909473684	14.412790702807019	0.0	0.0	1	1.0030251547315545	1.1105093799982577	138.0	11	1.05	0.95				
	104	1	28.825581405614038	5.843023257894737	0.0	0.0	1	1.0036253695261612	-3.933824608003042	138.0	11	1.05	0.95				
	105	1	27.656976754035085	5.453488374035088	0.0	0.0	1	1.0175648256776295	-4.9962761617356035	138.0	11	1.05	0.95				
	106	1	52.976744204912286	10.906976748070177	0.0	-100.0	1	1.0280306263142978	-6.177970805420042	138.0	12	1.05	0.95				
	107	2	48.69186048245614	9.738372096491227	0.0	0.0	1	0.9878161502468128	-10.663358101068964	138.0	12	1.05	0.95				
	108	1	66.61046514	13.633720935087718	0.0	0.0	1	0.9891603803942505	-9.119856189470942	138.0	12	1.05	0.95				
	109	1	68.16860467543859	14.02325581894737	0.0	0.0	1	1.0027196113860595	-3.1050683384930227	138.0	13	1.05	0.95				
	110	1	75.95930235263157	15.581395354385966	0.0	0.0	1	1.031260749208451	-4.986039359947237	138.0	13	1.05	0.95				
	111	1	0.0	0.0	0.0	0.0	1	0.9816257134614327	-0.5439052372732592	230.0	13	1.05	0.95				
	112	1	0.0	0.0	0.0	0.0	1	0.9833400342892294	-1.3972016161518106	230.0	13	1.05	0.95				
	113	3	103.22674422280701	21.034883728421054	0.0	0.0	1	0.9638759212455985	-7.830061058987135e-29	230.0	14	1.05	0.95				
	114	2	75.56976746877193	15.191860470526317	0.0	0.0	1	0.9895370182301958	2.6334991020958056	230.0	16	1.05	0.95				
	115	2	123.48255818350877	24.930232567017544	0.0	0.0	1	0.9912652113042926	11.36178099601494	230.0	16	1.05	0.95				
	116	2	38.95348838596491	7.790697677192983	0.0	0.0	1	0.9899422046900139	9.79844706806236	230.0	16	1.05	0.95				
	117	1	0.0	0.0	0.0	0.0	1	0.9940862309678492	15.24581733426774	230.0	17	1.05	0.95				
	118	2	129.71511632526315	26.488372102456143	0.0	0.0	1	1.001097918431266	15.893468933929338	230.0	17	1.05	0.95				
	119	1	70.50581397859649	14.412790702807019	0.0	0.0	1	0.9897808900938933	6.191397104143675	230.0	15	1.05	0.95				
	120	1	49.86046513403509	10.127906980350877	0.0	0.0	1	0.9943916325203538	3.4529850412371563	230.0	15	1.05	0.95				
	121	2	0.0	0.0	0.0	0.0	1	1.0018530519693527	17.195802716943344	230.0	17	1.05	0.95				
	122	2	0.0	0.0	0.0	0.0	1	1.012845109756429	32.27187358412916	230.0	17	1.05	0.95				
	123	2	0.0	0.0	0.0	0.0	1	0.997935126952626	2.274483298776251	230.0	15	1.05	0.95				
	124	1	0.0	0.0	0.0	0.0	1	0.9834671275194854	7.4360456661227685	230.0	16	1.05	0.95				
	201	2	48.17755390736843	9.81394616631579	0.0	0.0	2	1.0097800268838308	-13.37456077570093	138.0	21	1.05	0.95				
	202	2	43.270580824210526	8.921769242105263	0.0	0.0	2	1.0087498317378276	-13.577065722917261	138.0	22	1.05	0.95				
	203	1	80.29592317894738	16.505273097894737	0.0	0.0	2	0.995863182007823	-9.988748640916356	138.0	21	1.05	0.95				
	204	1	33.01054619578947	6.691326931578947	0.0	0.0	2	0.9989779105310529	-12.507152547250387	138.0	21	1.05	0.95				
	205	1	31.67228080947368	6.245238469473684	0.0	0.0	2	1.0152911809783196	-12.934657416165164	138.0	21	1.05	0.95				
	206	1	60.66803084631579	12.490476938947369	0.0	-100.0	2	1.0261846109980615	-13.23835152052463	138.0	22	1.05	0.95				
	207	2	55.76105776315789	11.152211552631579	0.0	0.0	2	0.9700954645383391	-18.697575101445842	138.0	22	1.05	0.95				
	208	1	76.28112702	15.61309617368421	0.0	0.0	2	0.9768664464417521	-16.593122340939455	138.0	22	1.05	0.95				
	209	1	78.06548086842106	16.05918463578947	0.0	0.0	2	1.0049705397752033	-9.722951118060404	138.0	23	1.05	0.95				
	210	1	86.98725011052632	17.843538484210526	0.0	0.0	2	1.0321188628110651	-11.013359996286207	138.0	23	1.05	0.95				
	211	1	0.0	0.0	0.0	0.0	2	0.9885509739265554	-7.1391355672162975	230.0	23	1.05	0.95				
	212	1	0.0	0.0	0.0	0.0	2	0.989036155196028	-2.272631546330993	230.0	23	1.05	0.95				
	213	2	118.21344245789473	24.088776953684214	0.0	0.0	2	0.985866098043836	-4.5016145660781195	230.0	24	1.05	0.95				
	214	2	86.54116164842105	17.39745002210526	0.0	0.0	2	0.9875787605367815	-6.102417957739654	230.0	26	1.05	0.95				
	215	2	141.4100424873684	28.549661574736838	0.0	0.0	2	0.9918966327394273	-1.295883188668067	230.0	26	1.05	0.95				
	216	2	44.608846210526316	8.921769242105263	0.0	0.0	2	0.9908822708700866	-1.6534619719742663	230.0	26	1.05	0.95				
	217	1	0.0	0.0	0.0	0.0	2	1.0007429782741444	-0.48645655275107574	230.0	27	1.05	0.95				
	218	2	148.54745788105262	30.334015423157894	0.0	0.0	2	1.0015924229020696	-1.0755216256555207	230.0	27	1.05	0.95				
	219	1	80.74201164105264	16.505273097894737	0.0	0.0	2	0.9846196749654256	-0.8340805178770605	230.0	25	1.05	0.95				
	220	1	57.099323149473676	11.598300014736843	0.0	0.0	2	0.9828998730501024	0.8292835361206243	230.0	25	1.05	0.95				
	221	2	0.0	0.0	0.0	0.0	2	1.004097010951375	-0.5114325100922077	230.0	27	1.05	0.95				
	222	2	0.0	0.0	0.0	0.0	2	1.0220080393367152	4.73829287655503	230.0	27	1.05	0.95				
	223	2	0.0	0.0	0.0	0.0	2	0.9833812667753636	2.120102595488705	230.0	25	1.05	0.95				
	224	1	0.0	0.0	0.0	0.0	2	0.9829219220143605	-4.599208884883355	230.0	26	1.05	0.95				
	301	2	66.35115469894738	13.515975957192982	0.0	0.0	3	1.0017854598298026	27.275270225227462	138.0	31	1.05	0.95				
	302	2	59.59316672035088	12.28725087017544	0.0	0.0	3	1.0025128168842838	26.87901606411447	138.0	32	1.05	0.95				
	303	1	110.58525783157896	22.731414109824563	0.0	0.0	3	1.014307995420664	43.450132725181675	138.0	31	1.05	0.95				
	304	1	45.462828219649126	9.21543815263158	0.0	0.0	3	0.9909311899959544	28.78103239430518	138.0	31	1.05	0.95				
	305	1	43.619740589122806	8.601075609122809	0.0	0.0	3	1.0092765201236478	26.669480306528847	138.0	31	1.05	0.95				
	306	1	83.55330591719299	17.202151218245618	0.0	-100.0	3	1.0201018086974025	25.622671857037357	138.0	32	1.05	0.95				
	307	2	76.7953179385965	15.359063587719298	0.0	0.0	3	0.9646593091102881	21.8130926916416	138.0	32	1.05	0.95				
	308	1	105.05599493999999	21.50268902280702	0.0	0.0	3	0.973909304142453	24.744752423042563	138.0	32	1.05	0.95				
	309	1	107.5134451140351	22.11705156631579	0.0	0.0	3	1.003437468865946	32.96883402033516	138.0	33	1.05	0.95				
	310	1	119.80069598421052	24.57450174035088	0.0	0.0	3	1.0327391871599074	28.09140419999227	138.0	33	1.05	0.95				
	311	1	0.0	0.0	0.0	0.0	3	0.9967895442968069	33.11086867684023	230.0	33	1.05	0.95				
	312	1	0.0	0.0	0.0	0.0	3	1.0021041025791921	33.49788769369718	230.0	33	1.05	0.95				
	313	2	162.80607402982457	33.17557734947369	0.0	0.0	3	1.00757536961415	36.98810938036346	230.0	34	1.05	0.95				
	314	2	119.18633344070176	23.960139196842107	0.0	0.0	3	0.993138677641729	32.326284695569804	230.0	36	1.05	0.95				
	315	2	194.7529262922807	39.319202784561405	0.0	0.0	3	0.9907234844264811	30.323184561105002	230.0	36	1.05	0.95				
	316	2	61.43625435087719	12.28725087017544	0.0	0.0	3	0.9858188530416416	30.680955788379524	230.0	36	1.05	0.95				
	317	1	0.0	0.0	0.0	0.0	3	0.996027905300886	32.41751537018674	230.0	37	1.05	0.95				
	318	2	204.58272698842106	41.77665295859649	0.0	0.0	3	0.9883484998224156	28.50821861225398	230.0	37	1.05	0.95				
	319	1	111.19962037508773	22.731414109824563	0.0	0.0	3	0.993347063722183	30.624637680641165	230.0	35	1.05	0.95				
	320	1	78.63840556912281	15.973426131228072	0.0	0.0	3	1.002164091013327	30.481581110866042	230.0	35	1.05	0.95				
	321	2	0.0	0.0	0.0	0.0	3	0.9973875274421078	29.605802192180438	230.0	37	1.05	0.95				
	322	2	0.0	0.0	0.0	0.0	3	1.0146821653069913	33.609746932117254	230.0	37	1.05	0.95				
	323	2	0.0	0.0	0.0	0.0	3	1.0070521918032158	30.276305425893955	230.0	35	1.05	0.95				
	324	1	0.0	0.0	0.0	0.0	3	0.9974464902887427	36.756022437258004	230.0	36	1.05	0.95				
