%% MATPOWER Case Format : Version 2
function mpc = RTS_GMLC
mpc.version = '2';

%%-----  Power Flow Data  -----%%
%% system MVA base
mpc.baseMVA = 100.0;
%% bus data
%    bus_i    type    Pd    Qd    Gs    Bs    area    Vm    Va    baseKV    zone    Vmax    Vmin
mpc.bus = [
	101	2	58.11479465684211	11.838198911578948	0.0	0.0	1	1.037602635513605	-0.37080571559633974	138.0	11	1.05	0.95				
	102	2	52.19569520105263	10.761999010526315	0.0	0.0	1	1.0350804580406872	-1.0440019860104388	138.0	12	1.05	0.95				
	103	1	96.85799109473685	19.909698169473682	0.0	0.0	1	1.0328718362378349	0.5272227425880172	138.0	11	1.05	0.95				
	104	1	39.819396338947364	8.071499257894736	0.0	0.0	1	1.023693353923234	-3.049677923649875	138.0	11	1.05	0.95				
	105	1	38.205096487368415	7.533399307368422	0.0	0.0	1	1.0364749706173881	-3.595559969260833	138.0	11	1.05	0.95				
	106	1	73.18159327157895	15.066798614736843	0.0	-100.0	1	1.042935043097546	-6.062732229841864	138.0	12	1.05	0.95				
	107	2	67.26249381578947	13.452498763157895	0.0	0.0	1	0.999588908383305	-11.261191773241892	138.0	12	1.05	0.95				
	108	1	92.01509154	18.83349826842105	0.0	0.0	1	1.0003533802596876	-10.037248340003352	138.0	12	1.05	0.95				
	109	1	94.16749134210527	19.371598218947366	0.0	0.0	1	1.0253066927075325	-3.602267741632705	138.0	13	1.05	0.95				
	110	1	104.92949035263157	21.52399802105263	0.0	0.0	1	1.05	-5.185904196970344	138.0	13	1.05	0.95				
	111	1	0.0	0.0	0.0	0.0	1	1.0091820225348478	-1.1537396909021294	230.0	13	1.05	0.95				
	112	1	0.0	0.0	0.0	0.0	1	1.0110100048168897	-1.566323247015694	230.0	13	1.05	0.95				
	113	3	142.59648688947365	29.057397328421054	0.0	0.0	1	1.003651055294464	1.6974819627748817e-29	230.0	14	1.05	0.95				
	114	2	104.39139040210526	20.985898070526314	0.0	0.0	1	1.012575481914763	1.1659415429287763	230.0	16	1.05	0.95				
	115	2	170.5776843168421	34.43839683368421	0.0	0.0	1	1.0422074988822971	9.235930703596157	230.0	16	1.05	0.95				
	116	2	53.80999505263158	10.761999010526315	0.0	0.0	1	1.037362464231892	7.664810861113965	230.0	16	1.05	0.95				
	117	1	0.0	0.0	0.0	0.0	1	1.0438720539473534	12.116128882223078	230.0	17	1.05	0.95				
	118	2	179.18728352526315	36.590796635789474	0.0	0.0	1	1.0487812420378946	13.376668811522645	230.0	17	1.05	0.95				
	119	1	97.39609104526316	19.909698169473682	0.0	0.0	1	1.0259370377256438	4.769836171042152	230.0	15	1.05	0.95				
	120	1	68.87679366736842	13.99059871368421	0.0	0.0	1	1.020896086306163	2.7239334855143302	230.0	15	1.05	0.95				
	121	2	0.0	0.0	0.0	0.0	1	1.05	15.298254653346392	230.0	17	1.05	0.95				
	122	2	0.0	0.0	0.0	0.0	1	1.05	20.562082209601797	230.0	17	1.05	0.95				
	123	2	0.0	0.0	0.0	0.0	1	1.0194048235917308	2.008300711856703	230.0	15	1.05	0.95				
	124	1	0.0	0.0	0.0	0.0	1	1.0276970030439159	5.972757446420806	230.0	16	1.05	0.95				
	201	2	46.78356683368421	9.529985836491226	0.0	0.0	2	1.0138586313798004	-10.302218297488883	138.0	21	1.05	0.95				
	202	2	42.01857391543859	8.663623487719297	0.0	0.0	2	1.0130310120088661	-10.525584489171674	138.0	22	1.05	0.95				
	203	1	77.97261138947368	16.0277034522807	0.0	0.0	2	1.0148352145307058	-8.131921646732792	138.0	21	1.05	0.95				
	204	1	32.0554069045614	6.4977176157894725	0.0	0.0	2	1.0121885327893128	-9.793207830555597	138.0	21	1.05	0.95				
	205	1	30.755863381403504	6.064536441403509	0.0	0.0	2	1.0265018926217035	-10.08299270659649	138.0	21	1.05	0.95				
	206	1	58.91263971649122	12.129072882807018	0.0	-100.0	2	1.0415655355683462	-10.4922561063348	138.0	22	1.05	0.95				
	207	2	54.14764679824561	10.829529359649122	0.0	0.0	2	0.9963840785892465	-15.737956127449298	138.0	22	1.05	0.95				
	208	1	74.07398082	15.161341103508768	0.0	0.0	2	1.0009398313623201	-13.768978782531061	138.0	22	1.05	0.95				
	209	1	75.80670551754385	15.594522277894734	0.0	0.0	2	1.0244162159452468	-7.406929231677348	138.0	23	1.05	0.95				
	210	1	84.47032900526314	17.327246975438594	0.0	0.0	2	1.05	-8.470322324219024	138.0	23	1.05	0.95				
	211	1	0.0	0.0	0.0	0.0	2	1.0049493638413989	-4.949643024975327	230.0	23	1.05	0.95				
	212	1	0.0	0.0	0.0	0.0	2	1.0117304080210308	-0.3216928868350549	230.0	23	1.05	0.95				
	213	2	114.79301121228069	23.391783416842106	0.0	0.0	2	1.0007402573379693	-2.7094069483544136	230.0	24	1.05	0.95				
	214	2	84.03714783087717	16.89406580105263	0.0	0.0	2	1.0026227990704661	-3.790967855863727	230.0	26	1.05	0.95				
	215	2	137.31843228035086	27.723595160701752	0.0	0.0	2	1.0229649486342696	0.8842742317876877	230.0	26	1.05	0.95				
	216	2	43.31811743859649	8.663623487719297	0.0	0.0	2	1.021545861927569	0.5005919144630725	230.0	26	1.05	0.95				
	217	1	0.0	0.0	0.0	0.0	2	1.027218586754541	1.610057336626351	230.0	27	1.05	0.95				
	218	2	144.2493310705263	29.45631985824561	0.0	0.0	2	1.0266127897800743	1.243756513793872	230.0	27	1.05	0.95				
	219	1	78.40579256385965	16.0277034522807	0.0	0.0	2	1.0197689854156453	0.3866005264397051	230.0	25	1.05	0.95				
	220	1	55.447190321403504	11.262710534035088	0.0	0.0	2	1.021198220723902	1.1431612149761181	230.0	25	1.05	0.95				
	221	2	0.0	0.0	0.0	0.0	2	1.0288482396363379	1.9191219872323544	230.0	27	1.05	0.95				
	222	2	0.0	0.0	0.0	0.0	2	1.0499999559340734	8.288370913207116	230.0	27	1.05	0.95				
	223	2	0.0	0.0	0.0	0.0	2	1.022783705285738	1.8944922831680029	230.0	25	1.05	0.95				
	224	1	0.0	0.0	0.0	0.0	2	1.0087709068148911	-2.4984373395465043	230.0	26	1.05	0.95				
	301	2	55.05915850105263	11.215754509473683	0.0	0.0	3	0.9972136966624041	20.235158061625445	138.0	31	1.05	0.95				
	302	2	49.45128124631579	10.196140463157894	0.0	0.0	3	0.9969596087360456	20.239994393246874	138.0	32	1.05	0.95				
	303	1	91.76526416842106	18.862859856842103	0.0	0.0	3	1.0171071417175095	21.458121660697756	138.0	31	1.05	0.95				
	304	1	37.72571971368421	7.64710534736842	0.0	0.0	3	1.0035783482333676	21.984614959936813	138.0	31	1.05	0.95				
	305	1	36.19629864421052	7.137298324210526	0.0	0.0	3	1.0157803240089402	22.177952441499546	138.0	31	1.05	0.95				
	306	1	69.33375514947369	14.274596648421053	0.0	-100.0	3	1.0349533133533306	22.667532987896983	138.0	32	1.05	0.95				
	307	2	63.72587789473684	12.745175578947368	0.0	0.0	3	0.9760943682744225	20.638433823753022	138.0	32	1.05	0.95				
	308	1	87.17700096	17.843245810526316	0.0	0.0	3	0.9966398589752454	22.786693731399115	138.0	32	1.05	0.95				
	309	1	89.21622905263158	18.35305283368421	0.0	0.0	3	1.0261293540697505	25.489589246303495	138.0	33	1.05	0.95				
	310	1	99.41236951578946	20.392280926315788	0.0	0.0	3	1.05	25.741626938096736	138.0	33	1.05	0.95				
	311	1	0.0	0.0	0.0	0.0	3	1.0102037791436573	30.64044846442974	230.0	33	1.05	0.95				
	312	1	0.0	0.0	0.0	0.0	3	1.019251111672495	31.9063621024673	230.0	33	1.05	0.95				
	313	2	135.09886113684212	27.529579250526314	0.0	0.0	3	1.0311598699258135	39.31479201133788	230.0	34	1.05	0.95				
	314	2	98.90256249263157	19.882473903157898	0.0	0.0	3	1.0072697869839844	28.00369723310229	230.0	36	1.05	0.95				
	315	2	161.60882634105263	32.62764948210526	0.0	0.0	3	1.0363931867993337	19.73622672527254	230.0	36	1.05	0.95				
	316	2	50.98070231578947	10.196140463157894	0.0	0.0	3	1.0385537695578964	21.13801736209498	230.0	36	1.05	0.95				
	317	1	0.0	0.0	0.0	0.0	3	1.0430122656848602	18.87460365120939	230.0	37	1.05	0.95				
	318	2	169.76573871157893	34.666877574736844	0.0	0.0	3	1.0428552745697468	17.11484699833563	230.0	37	1.05	0.95				
	319	1	92.27507119157895	18.862859856842103	0.0	0.0	3	1.038646615069918	24.400085948225183	230.0	35	1.05	0.95				
	320	1	65.25529896421052	13.254982602105263	0.0	0.0	3	1.040683754300833	26.602518849952176	230.0	35	1.05	0.95				
	321	2	0.0	0.0	0.0	0.0	3	1.0419585367298838	18.569765837239167	230.0	37	1.05	0.95				
	322	2	0.0	0.0	0.0	0.0	3	1.05	23.013671355917854	230.0	37	1.05	0.95				
	323	2	0.0	0.0	0.0	0.0	3	1.0411969281303843	27.29631289074355	230.0	35	1.05	0.95				
	324	1	0.0	0.0	0.0	0.0	3	1.028400790388834	22.458320752220715	230.0	36	1.05	0.95				
	325	1	0.0	0.0	0.0	0.0	3	1.0431194979089924	26.282483023931995	230.0	35	1.05	0.95				
];
