%% MATPOWER Case Format : Version 2
function mpc = RTS_GMLC
mpc.version = '2';

%%-----  Power Flow Data  -----%%
%% system MVA base
mpc.baseMVA = 100.0;
%% bus data
%    bus_i    type    Pd    Qd    Gs    Bs    area    Vm    Va    baseKV    zone    Vmax    Vmin
mpc.bus = [
	101	2	45.18258286736842	9.203859472982456	0.0	0.0	1	1.011110942252361	-0.14276132536471695	138.0	11	1.05	0.95				
	102	2	40.580653130877195	8.367144975438597	0.0	0.0	1	1.0090832489076635	-0.7104728167165066	138.0	12	1.05	0.95				
	103	1	75.30430477894737	15.479218204561404	0.0	0.0	1	1.025978508981327	1.3048524222813005	138.0	11	1.05	0.95				
	104	1	30.958436409122807	6.2753587315789465	0.0	0.0	1	1.011492803314861	-2.736660480034809	138.0	11	1.05	0.95				
	105	1	29.703364662807015	5.857001482807018	0.0	0.0	1	1.024916924987881	-2.7368581814797945	138.0	11	1.05	0.95				
	106	1	56.89658583298246	11.714002965614036	0.0	-100.0	1	1.040324107002262	-4.717012373080189	138.0	12	1.05	0.95				
	107	2	52.294656096491224	10.458931219298245	0.0	0.0	1	0.9852437766159469	-10.957194431002442	138.0	12	1.05	0.95				
	108	1	71.53908954	14.642503707017543	0.0	0.0	1	0.9951917924751238	-8.999851418182185	138.0	12	1.05	0.95				
	109	1	73.21251853508772	15.060860955789474	0.0	0.0	1	1.025445238543657	-2.63673210090485	138.0	13	1.05	0.95				
	110	1	81.57966351052632	16.734289950877194	0.0	0.0	1	1.05	-3.975677621784747	138.0	13	1.05	0.95				
	111	1	0.0	0.0	0.0	0.0	1	1.0173873982544848	-0.007867981034498239	230.0	13	1.05	0.95				
	112	1	0.0	0.0	0.0	0.0	1	1.0132242995204417	-0.963918331247169	230.0	13	1.05	0.95				
	113	3	110.86467092456141	22.59129143368421	0.0	0.0	1	0.9959280543392316	1.0995609108351426e-28	230.0	14	1.05	0.95				
	114	2	81.16130626175439	16.31593270210526	0.0	0.0	1	1.0435044240903066	3.224139670240791	230.0	16	1.05	0.95				
	115	2	132.61924786070173	26.774863921403508	0.0	0.0	1	1.0426444583176864	12.175931875726825	230.0	16	1.05	0.95				
	116	2	41.83572487719298	8.367144975438597	0.0	0.0	1	1.0427929789135788	10.47487967855006	230.0	16	1.05	0.95				
	117	1	0.0	0.0	0.0	0.0	1	1.0413099615982284	16.30407325850401	230.0	17	1.05	0.95				
	118	2	139.31296384105264	28.44829291649123	0.0	0.0	1	1.0496331286759881	16.81905579084567	230.0	17	1.05	0.95				
	119	1	75.7226620277193	15.479218204561404	0.0	0.0	1	1.0383916084486327	6.459442232160044	230.0	15	1.05	0.95				
	120	1	53.549727842807016	10.877288468070176	0.0	0.0	1	1.0408552521241037	3.762773433126193	230.0	15	1.05	0.95				
	121	2	0.0	0.0	0.0	0.0	1	1.043493050286868	18.354901389143137	230.0	17	1.05	0.95				
	122	2	0.0	0.0	0.0	0.0	1	1.05	36.31415551874847	230.0	17	1.05	0.95				
	123	2	0.0	0.0	0.0	0.0	1	1.0432050821404895	2.5969031950854276	230.0	15	1.05	0.95				
	124	1	0.0	0.0	0.0	0.0	1	1.02281746263912	8.127552804047314	230.0	16	1.05	0.95				
	201	2	46.63056823578948	9.498819455438596	0.0	0.0	2	1.0119147198670038	-16.025248342984863	138.0	21	1.05	0.95				
	202	2	41.88115850807018	8.635290414035088	0.0	0.0	2	1.011094965465279	-16.317577972009452	138.0	22	1.05	0.95				
	203	1	77.71761372631579	15.975287265964914	0.0	0.0	2	1.011630877080096	-11.621405891440796	138.0	21	1.05	0.95				
	204	1	31.950574531929828	6.476467810526317	0.0	0.0	2	1.0104849643134184	-15.788975280154391	138.0	21	1.05	0.95				
	205	1	30.65528096982456	6.044703289824562	0.0	0.0	2	1.0256370344217922	-16.272908046558733	138.0	21	1.05	0.95				
	206	1	58.719974815438604	12.089406579649124	0.0	-100.0	2	1.0411284717431377	-16.94665656302156	138.0	22	1.05	0.95				
	207	2	53.9705650877193	10.79411301754386	0.0	0.0	2	0.9942215410634617	-22.12811376672357	138.0	22	1.05	0.95				
	208	1	73.83173304	15.111758224561402	0.0	0.0	2	0.9993520618982339	-20.166980696057205	138.0	22	1.05	0.95				
	209	1	75.55879112280702	15.543522745263157	0.0	0.0	2	1.0227324371096254	-13.567847321375508	138.0	23	1.05	0.95				
	210	1	84.19408153684212	17.270580828070177	0.0	0.0	2	1.05	-15.130398914560665	138.0	23	1.05	0.95				
	211	1	0.0	0.0	0.0	0.0	2	1.0093053059050885	-10.25707430017837	230.0	23	1.05	0.95				
	212	1	0.0	0.0	0.0	0.0	2	1.0092570806593384	-9.186315653276841	230.0	23	1.05	0.95				
	213	2	114.41759798596492	23.31528411789474	0.0	0.0	2	1.0073411361060418	-8.489860925378636	230.0	24	1.05	0.95				
	214	2	83.76231701614036	16.838816307368422	0.0	0.0	2	1.0138704469673792	-7.641617626184162	230.0	26	1.05	0.95				
	215	2	136.86935306245616	27.632929324912283	0.0	0.0	2	1.0269934289485396	-1.2439660833715938	230.0	26	1.05	0.95				
	216	2	43.17645207017544	8.635290414035088	0.0	0.0	2	1.0298301137859331	-1.31637777331558	230.0	26	1.05	0.95				
	217	1	0.0	0.0	0.0	0.0	2	1.0357550324204996	0.15698384297288606	230.0	27	1.05	0.95				
	218	2	143.7775853936842	29.359987407719302	0.0	0.0	2	1.0337794806406613	-0.3716586004070137	230.0	27	1.05	0.95				
	219	1	78.14937824701755	15.975287265964914	0.0	0.0	2	1.030254361801029	-0.88179914455328	230.0	25	1.05	0.95				
	220	1	55.265858649824565	11.225877538245616	0.0	0.0	2	1.0336259708387547	0.3294584827056622	230.0	25	1.05	0.95				
	221	2	0.0	0.0	0.0	0.0	2	1.0342352982332645	0.13839365274517015	230.0	27	1.05	0.95				
	222	2	0.0	0.0	0.0	0.0	2	1.05	6.643207233184431	230.0	27	1.05	0.95				
	223	2	0.0	0.0	0.0	0.0	2	1.0364281768917403	1.3185725650981417	230.0	25	1.05	0.95				
	224	1	0.0	0.0	0.0	0.0	2	1.0084637852607092	-5.11156023090688	230.0	26	1.05	0.95				
	301	2	58.40746597894737	11.89781714385965	0.0	0.0	3	1.0169255702900784	-3.8106781335910336	138.0	31	1.05	0.95				
	302	2	52.45855740701754	10.816197403508772	0.0	0.0	3	1.015447170456107	-4.088015155320786	138.0	32	1.05	0.95				
	303	1	97.34577663157896	20.009965196491226	0.0	0.0	3	1.0482177364303378	8.661733023219908	138.0	31	1.05	0.95				
	304	1	40.01993039298245	8.112148052631579	0.0	0.0	3	1.012347763184378	-2.2375936701806776	138.0	31	1.05	0.95				
	305	1	38.39750078245614	7.57133818245614	0.0	0.0	3	1.0266793127745546	-4.357785957822113	138.0	31	1.05	0.95				
	306	1	73.55014234385965	15.14267636491228	0.0	-100.0	3	1.0389999914249375	-5.273101104092332	138.0	32	1.05	0.95				
	307	2	67.60123377192983	13.520246754385964	0.0	0.0	3	0.993233396095523	-10.801250971272225	138.0	32	1.05	0.95				
	308	1	92.4784878	18.92834545614035	0.0	0.0	3	0.9948716154979502	-8.25476726785371	138.0	32	1.05	0.95				
	309	1	94.64172728070174	19.469155326315786	0.0	0.0	3	1.0281435205541953	1.4790130863106667	138.0	33	1.05	0.95				
	310	1	105.45792468421051	21.632394807017544	0.0	0.0	3	1.05	-3.174291141625872	138.0	33	1.05	0.95				
	311	1	0.0	0.0	0.0	0.0	3	1.01383971811719	2.7455137294428233	230.0	33	1.05	0.95				
	312	1	0.0	0.0	0.0	0.0	3	1.0139049882003077	3.134699018996936	230.0	33	1.05	0.95				
	313	2	143.31461559649122	29.203732989473686	0.0	0.0	3	1.0122962898853625	5.486407698134222	230.0	34	1.05	0.95				
	314	2	104.91711481403507	21.091584936842107	0.0	0.0	3	1.0192075744900633	4.01905480600463	230.0	36	1.05	0.95				
	315	2	171.43672884561403	34.61183169122807	0.0	0.0	3	1.0433872621086588	9.185507415582423	230.0	36	1.05	0.95				
	316	2	54.080987017543855	10.816197403508772	0.0	0.0	3	1.0399462745529007	9.101530738617527	230.0	36	1.05	0.95				
	317	1	0.0	0.0	0.0	0.0	3	1.05	14.944611291611608	230.0	37	1.05	0.95				
	318	2	180.08968676842105	36.775071171929824	0.0	0.0	3	1.0439533902206972	11.93128630103409	230.0	37	1.05	0.95				
	319	1	97.88658650175438	20.009965196491226	0.0	0.0	3	1.0305952161673004	7.671731506189896	230.0	35	1.05	0.95				
	320	1	69.22366338245614	14.061056624561402	0.0	0.0	3	1.0269204323020813	7.459561526381757	230.0	35	1.05	0.95				
	321	2	0.0	0.0	0.0	0.0	3	1.0452342152760652	11.672237572340444	230.0	37	1.05	0.95				
	322	2	0.0	0.0	0.0	0.0	3	1.05	17.299282724500234	230.0	37	1.05	0.95				
	323	2	0.0	0.0	0.0	0.0	3	1.0259508249431935	7.7571662648547886	230.0	35	1.05	0.95				
	324	1	0.0	0.0	0.0	0.0	3	1.0408628746800535	8.991690513019034	230.0	36	1.05	0.95				
	325	1	0.0	0.0	0.0	0.0	3	1.0250922166656398	8.656544218753911	230.0	35	1.05	0.95				
];
