%% MATPOWER Case Format : Version 2
function mpc = RTS_GMLC
mpc.version = '2';

%%-----  Power Flow Data  -----%%
%% system MVA base
mpc.baseMVA = 100.0;
%% bus data
%    bus_i    type    Pd    Qd    Gs    Bs    area    Vm    Va    baseKV    zone    Vmax    Vmin
mpc.bus = [
	101	2	46.21128154105263	9.413409202807017	0.0	0.0	1	1.0473870601808675	4.586192916966323	138.0	11	1.05	0.95				
	102	2	41.50457693964912	8.557644729824561	0.0	0.0	1	1.0463410019352677	4.288668212897392	138.0	12	1.05	0.95				
	103	1	77.01880256842105	15.831642750175437	0.0	0.0	1	1.028912263401052	0.9784781167360032	138.0	11	1.05	0.95				
	104	1	31.663285500350874	6.41823354736842	0.0	0.0	1	1.0283665273667209	0.5912857670757148	138.0	11	1.05	0.95				
	105	1	30.379638790877188	5.990351310877193	0.0	0.0	1	1.0421709044120617	0.6168437564961642	138.0	11	1.05	0.95				
	106	1	58.19198416280702	11.980702621754386	0.0	-100.0	1	1.0479607449210326	-2.092594923582752	138.0	12	1.05	0.95				
	107	2	53.4852795614035	10.697055912280701	0.0	0.0	1	1.000538071233359	-8.201583205746688	138.0	12	1.05	0.95				
	108	1	73.16786244	14.975878277192981	0.0	0.0	1	1.0042283349899177	-6.8269167532675885	138.0	12	1.05	0.95				
	109	1	74.87939138596491	15.403760513684208	0.0	0.0	1	1.0241270160264675	-1.5076193149027597	138.0	13	1.05	0.95				
	110	1	83.43703611578947	17.115289459649123	0.0	0.0	1	1.05	-2.1239233418164756	138.0	13	1.05	0.95				
	111	1	0.0	0.0	0.0	0.0	1	1.0019571436260166	-0.18963288955001295	230.0	13	1.05	0.95				
	112	1	0.0	0.0	0.0	0.0	1	1.0070052224753185	0.054260097725755956	230.0	13	1.05	0.95				
	113	3	113.38879267017543	23.105640770526314	0.0	0.0	1	0.9928603997143964	-3.6644227728175836e-28	230.0	14	1.05	0.95				
	114	2	83.00915387929824	16.687407223157894	0.0	0.0	1	0.9970789558674227	1.404980169441653	230.0	16	1.05	0.95				
	115	2	135.63866896771927	27.384463135438597	0.0	0.0	1	1.031262258256601	6.507954412972473	230.0	16	1.05	0.95				
	116	2	42.788223649122806	8.557644729824561	0.0	0.0	1	1.0274386889099971	6.170168382398579	230.0	16	1.05	0.95				
	117	1	0.0	0.0	0.0	0.0	1	1.0355884166760962	8.43280428957989	230.0	17	1.05	0.95				
	118	2	142.48478475157893	29.09599208140351	0.0	0.0	1	1.0379448512657155	8.626105135208576	230.0	17	1.05	0.95				
	119	1	77.44668480491228	15.831642750175437	0.0	0.0	1	1.020354032772224	4.898033713883744	230.0	15	1.05	0.95				
	120	1	54.768926270877195	11.124938148771928	0.0	0.0	1	1.0171778888237395	4.551143424555515	230.0	15	1.05	0.95				
	121	2	0.0	0.0	0.0	0.0	1	1.0412917964201995	9.762821141996618	230.0	17	1.05	0.95				
	122	2	0.0	0.0	0.0	0.0	1	1.05	16.05840049178788	230.0	17	1.05	0.95				
	123	2	0.0	0.0	0.0	0.0	1	1.0159714690585098	4.696226793587729	230.0	15	1.05	0.95				
	124	1	0.0	0.0	0.0	0.0	1	1.022626564239047	4.4251717570335645	230.0	16	1.05	0.95				
	201	2	38.70864159157895	7.88509365754386	0.0	0.0	2	1.0167563451557946	-9.378203966180463	138.0	21	1.05	0.95				
	202	2	34.766094762807015	7.168266961403509	0.0	0.0	2	1.0162272945909094	-9.540510696430829	138.0	22	1.05	0.95				
	203	1	64.51440265263159	13.261293878596492	0.0	0.0	2	1.0167583021349673	-6.969800185119726	138.0	21	1.05	0.95				
	204	1	26.522587757192984	5.376200221052631	0.0	0.0	2	1.0146122999359557	-9.725863938706611	138.0	21	1.05	0.95				
	205	1	25.447347712982456	5.017786872982457	0.0	0.0	2	1.0291904026028744	-10.03720628879535	138.0	21	1.05	0.95				
	206	1	48.744215337543864	10.035573745964914	0.0	-100.0	2	1.0444254083330067	-10.844037068414956	138.0	22	1.05	0.95				
	207	2	44.80166850877193	8.960333701754386	0.0	0.0	2	0.9961006335498008	-15.290112367879315	138.0	22	1.05	0.95				
	208	1	61.28868252	12.54446718245614	0.0	0.0	2	1.0034406307734776	-13.719846799829858	138.0	22	1.05	0.95				
	209	1	62.722335912280705	12.902880530526314	0.0	0.0	2	1.0228719140743623	-8.386290653788318	138.0	23	1.05	0.95				
	210	1	69.8906028736842	14.336533922807018	0.0	0.0	2	1.05	-9.543462997933654	138.0	23	1.05	0.95				
	211	1	0.0	0.0	0.0	0.0	2	1.002550752430518	-5.717970281763369	230.0	23	1.05	0.95				
	212	1	0.0	0.0	0.0	0.0	2	1.0056511159965718	-5.019158191579614	230.0	23	1.05	0.95				
	213	2	94.97953723859649	19.354320795789477	0.0	0.0	2	0.996018401591138	-4.4536874791341985	230.0	24	1.05	0.95				
	214	2	69.53218952561403	13.978120574736844	0.0	0.0	2	1.0013502661453686	-3.431218492519069	230.0	26	1.05	0.95				
	215	2	113.61703133824561	22.93845427649123	0.0	0.0	2	1.0198559090774637	2.0961390193276728	230.0	26	1.05	0.95				
	216	2	35.841334807017546	7.168266961403509	0.0	0.0	2	1.0202006989932155	1.9562515624922305	230.0	26	1.05	0.95				
	217	1	0.0	0.0	0.0	0.0	2	1.0253156126354528	3.363643304759405	230.0	27	1.05	0.95				
	218	2	119.35164490736842	24.372107668771932	0.0	0.0	2	1.0247885407960464	2.994589483648552	230.0	27	1.05	0.95				
	219	1	64.87281600070176	13.261293878596492	0.0	0.0	2	1.0202207835790806	1.872149390416867	230.0	25	1.05	0.95				
	220	1	45.87690855298246	9.318747049824562	0.0	0.0	2	1.0223052217336688	2.509146911065746	230.0	25	1.05	0.95				
	221	2	0.0	0.0	0.0	0.0	2	1.026721499554989	3.49499450566803	230.0	27	1.05	0.95				
	222	2	0.0	0.0	0.0	0.0	2	1.048511148917187	9.952267132406696	230.0	27	1.05	0.95				
	223	2	0.0	0.0	0.0	0.0	2	1.0238445789027697	3.1376732965903438	230.0	25	1.05	0.95				
	224	1	0.0	0.0	0.0	0.0	2	1.0075258667422136	-1.3232812259650266	230.0	26	1.05	0.95				
	301	2	50.275862071578956	10.241379310877194	0.0	0.0	3	1.0100104167362804	-11.821211470410404	138.0	31	1.05	0.95				
	302	2	45.15517241614035	9.310344828070177	0.0	0.0	3	1.0093796817664475	-11.973730949228445	138.0	32	1.05	0.95				
	303	1	83.79310345263158	17.224137931929825	0.0	0.0	3	1.0273918272991442	-5.342447428826317	138.0	31	1.05	0.95				
	304	1	34.44827586385965	6.982758621052632	0.0	0.0	3	1.009574927811138	-10.70671917474334	138.0	31	1.05	0.95				
	305	1	33.051724139649124	6.517241379649123	0.0	0.0	3	1.0238946024726299	-11.191186013849851	138.0	31	1.05	0.95				
	306	1	63.310344830877206	13.034482759298246	0.0	-100.0	3	1.0396873922153844	-11.390970578047556	138.0	32	1.05	0.95				
	307	2	58.1896551754386	11.63793103508772	0.0	0.0	3	0.9944721662116855	-16.82207245228545	138.0	32	1.05	0.95				
	308	1	79.60344828	16.293103449122807	0.0	0.0	3	0.9985298753820775	-14.683202727599438	138.0	32	1.05	0.95				
	309	1	81.46551724561404	16.758620690526314	0.0	0.0	3	1.024442624806705	-7.755726316355471	138.0	33	1.05	0.95				
	310	1	90.77586207368421	18.620689656140353	0.0	0.0	3	1.05	-9.064383843298705	138.0	33	1.05	0.95				
	311	1	0.0	0.0	0.0	0.0	3	1.006663957061026	-3.827930205492137	230.0	33	1.05	0.95				
	312	1	0.0	0.0	0.0	0.0	3	1.0101018771473091	-3.3977247738553835	230.0	33	1.05	0.95				
	313	2	123.36206897192983	25.137931035789478	0.0	0.0	3	1.0087978883798612	-0.3592525885710445	230.0	34	1.05	0.95				
	314	2	90.3103448322807	18.155172414736846	0.0	0.0	3	1.006343027164096	-2.1769350811923944	230.0	36	1.05	0.95				
	315	2	147.5689655249123	29.793103449824564	0.0	0.0	3	1.02383133995937	-0.5778475103798738	230.0	36	1.05	0.95				
	316	2	46.55172414035088	9.310344828070177	0.0	0.0	3	1.0228652851483269	0.08618681904531152	230.0	36	1.05	0.95				
	317	1	0.0	0.0	0.0	0.0	3	1.0283678476269584	1.2676500811261544	230.0	37	1.05	0.95				
	318	2	155.01724138736844	31.655172415438603	0.0	0.0	3	1.026226433856268	0.605436928506925	230.0	37	1.05	0.95				
	319	1	84.25862069403509	17.224137931929825	0.0	0.0	3	1.0209789016207218	0.4242172856748741	230.0	35	1.05	0.95				
	320	1	59.58620689964913	12.10344827649123	0.0	0.0	3	1.0202248855904672	0.5818777280046562	230.0	35	1.05	0.95				
	321	2	0.0	0.0	0.0	0.0	3	1.0275663729701305	0.7684198180056582	230.0	37	1.05	0.95				
	322	2	0.0	0.0	0.0	0.0	3	1.0412464395340435	5.344564565186225	230.0	37	1.05	0.95				
	323	2	0.0	0.0	0.0	0.0	3	1.0201963728424208	0.8747178083458998	230.0	35	1.05	0.95				
	324	1	0.0	0.0	0.0	0.0	3	1.019811568725565	-1.2228464031274302	230.0	36	1.05	0.95				
	325	1	0.0	0.0	0.0	0.0	3	1.0203339997306689	1.636819492930827	230.0	35	1.05	0.95				
];
