%% MATPOWER Case Format : Version 2
function mpc = RTS_GMLC
mpc.version = '2';

%%-----  Power Flow Data  -----%%
%% system MVA base
mpc.baseMVA = 100.0;
%% bus data
%    bus_i    type    Pd    Qd    Gs    Bs    area    Vm    Va    baseKV    zone    Vmax    Vmin
mpc.bus = [
	101	2	55.00197920842106	11.204106875789474	0.0	0.0	1	1.0337007070664834	2.0550760543473023	138.0	11	1.05	0.95				
	102	2	49.399925770526316	10.185551705263158	0.0	0.0	1	1.0334361531469696	1.9538020524066277	138.0	12	1.05	0.95				
	103	1	91.66996534736843	18.843270654736845	0.0	0.0	1	1.0258335228562208	-0.04320146166569659	138.0	11	1.05	0.95				
	104	1	37.68654130947369	7.639163778947368	0.0	0.0	1	1.0202629810847657	-1.3099374006617899	138.0	11	1.05	0.95				
	105	1	36.15870855368421	7.129886193684211	0.0	0.0	1	1.0348897405352915	-1.1199265170022206	138.0	11	1.05	0.95				
	106	1	69.26175159578948	14.259772387368422	0.0	-100.0	1	1.0431790204393872	-3.394155697559593	138.0	12	1.05	0.95				
	107	2	63.65969815789474	12.731939631578948	0.0	0.0	1	1.0270846078655969	-2.9408401637135206	138.0	12	1.05	0.95				
	108	1	87.08646708	17.824715484210525	0.0	0.0	1	1.0191098153632223	-4.2843636286440985	138.0	12	1.05	0.95				
	109	1	89.12357742105263	18.333993069473685	0.0	0.0	1	1.0253880662178307	-1.920792161283512	138.0	13	1.05	0.95				
	110	1	99.30912912631578	20.371103410526317	0.0	0.0	1	1.05	-2.7350515153036343	138.0	13	1.05	0.95				
	111	1	0.0	0.0	0.0	0.0	1	1.0048585173270395	-0.3420582867018736	230.0	13	1.05	0.95				
	112	1	0.0	0.0	0.0	0.0	1	1.0100914141365014	0.2503994377445687	230.0	13	1.05	0.95				
	113	3	134.95856009473684	27.50098960421053	0.0	0.0	1	0.9983436044190226	-6.641432905630981e-29	230.0	14	1.05	0.95				
	114	2	98.79985154105263	19.86182582526316	0.0	0.0	1	1.0009677977403018	1.4664319112177395	230.0	16	1.05	0.95				
	115	2	161.44099452842107	32.59376545684211	0.0	0.0	1	1.0378512017287445	7.438599427581194	230.0	16	1.05	0.95				
	116	2	50.92775852631579	10.185551705263158	0.0	0.0	1	1.0339028971804347	7.014081932452579	230.0	16	1.05	0.95				
	117	1	0.0	0.0	0.0	0.0	1	1.0409730783226785	8.746935702731738	230.0	17	1.05	0.95				
	118	2	169.58943589263157	34.63087579789474	0.0	0.0	1	1.0430197923798277	8.716539374751878	230.0	17	1.05	0.95				
	119	1	92.1792429326316	18.843270654736845	0.0	0.0	1	1.0281421051727877	6.116631575167647	230.0	15	1.05	0.95				
	120	1	65.18753091368421	13.241217216842106	0.0	0.0	1	1.0270245592842109	6.320336145133056	230.0	15	1.05	0.95				
	121	2	0.0	0.0	0.0	0.0	1	1.0470736787147839	9.851233371620518	230.0	17	1.05	0.95				
	122	2	0.0	0.0	0.0	0.0	1	1.05	15.980513123525073	230.0	17	1.05	0.95				
	123	2	0.0	0.0	0.0	0.0	1	1.027387551570595	6.822669910997086	230.0	15	1.05	0.95				
	124	1	0.0	0.0	0.0	0.0	1	1.0236813990485465	4.646535137784659	230.0	16	1.05	0.95				
	201	2	59.533448778947374	12.127184010526317	0.0	0.0	2	1.0331955888844002	-7.765009357861371	138.0	21	1.05	0.95				
	202	2	53.469856773684214	11.024712736842107	0.0	0.0	2	1.0333853667988115	-7.82850094594247	138.0	22	1.05	0.95				
	203	1	99.22241463157896	20.395718563157896	0.0	0.0	2	1.022959457383408	-6.332434020437844	138.0	21	1.05	0.95				
	204	1	40.79143712631579	8.268534552631579	0.0	0.0	2	1.0188795583200794	-10.165741275292708	138.0	21	1.05	0.95				
	205	1	39.137730215789475	7.717298915789475	0.0	0.0	2	1.034443518801798	-10.384245228258385	138.0	21	1.05	0.95				
	206	1	74.96804661052633	15.43459783157895	0.0	-100.0	2	1.0423494676859868	-12.37962495788278	138.0	22	1.05	0.95				
	207	2	68.90445460526317	13.780890921052633	0.0	0.0	2	0.9884423462776892	-20.73484682296791	138.0	22	1.05	0.95				
	208	1	94.26129390000001	19.293247289473683	0.0	0.0	2	0.9909553063274483	-18.128727370674643	138.0	22	1.05	0.95				
	209	1	96.46623644736843	19.84448292631579	0.0	0.0	2	1.0236937654895926	-9.841808166160652	138.0	23	1.05	0.95				
	210	1	107.49094918421054	22.049425473684213	0.0	0.0	2	1.05	-11.299923612540232	138.0	23	1.05	0.95				
	211	1	0.0	0.0	0.0	0.0	2	1.0118596556663948	-6.885788580812662	230.0	23	1.05	0.95				
	212	1	0.0	0.0	0.0	0.0	2	1.0128793087843113	-6.016658618328473	230.0	23	1.05	0.95				
	213	2	146.0774437631579	29.766724389473687	0.0	0.0	2	1.0099655652496597	-5.710146977420531	230.0	24	1.05	0.95				
	214	2	106.93971354736843	21.49818983684211	0.0	0.0	2	1.0170479810006596	-4.182684920788741	230.0	26	1.05	0.95				
	215	2	174.74169687894738	35.27908075789474	0.0	0.0	2	1.0319881989001403	2.992176822401688	230.0	26	1.05	0.95				
	216	2	55.12356368421053	11.024712736842107	0.0	0.0	2	1.0346324372577294	2.996517511928067	230.0	26	1.05	0.95				
	217	1	0.0	0.0	0.0	0.0	2	1.0384589466683622	5.807306329628702	230.0	27	1.05	0.95				
	218	2	183.56146706842108	37.484023305263165	0.0	0.0	2	1.0399538647386375	6.264297109042646	230.0	27	1.05	0.95				
	219	1	99.77365026842106	20.395718563157896	0.0	0.0	2	1.0345963104767393	2.4635189846376244	230.0	25	1.05	0.95				
	220	1	70.55816151578948	14.332126557894739	0.0	0.0	2	1.038833034445328	3.0541903843121987	230.0	25	1.05	0.95				
	221	2	0.0	0.0	0.0	0.0	2	1.0396718101419138	5.9319090960060015	230.0	27	1.05	0.95				
	222	2	0.0	0.0	0.0	0.0	2	1.05	12.384902332961747	230.0	27	1.05	0.95				
	223	2	0.0	0.0	0.0	0.0	2	1.0424097308656064	3.7859682377815087	230.0	25	1.05	0.95				
	224	1	0.0	0.0	0.0	0.0	2	1.017009261258887	-0.5037915892381076	230.0	26	1.05	0.95				
	301	2	51.13002213473684	10.415374879298247	0.0	0.0	3	1.0085105913105576	-18.059523603162525	138.0	31	1.05	0.95				
	302	2	45.92233469508772	9.46852261754386	0.0	0.0	3	1.0079229686952182	-18.191700285726437	138.0	32	1.05	0.95				
	303	1	85.21670355789473	17.516766842456143	0.0	0.0	3	1.0247434760901848	-11.663064221699884	138.0	31	1.05	0.95				
	304	1	35.033533684912285	7.101391963157895	0.0	0.0	3	1.0095722646960523	-16.631583968153397	138.0	31	1.05	0.95				
	305	1	33.613255292280705	6.627965832280703	0.0	0.0	3	1.0230283379897684	-17.474861658564198	138.0	31	1.05	0.95				
	306	1	64.38595379929825	13.255931664561405	0.0	-100.0	3	1.0391041009641033	-17.7007750593133	138.0	32	1.05	0.95				
	307	2	59.17826635964912	11.835653271929825	0.0	0.0	3	0.9933054667487583	-22.96495845017537	138.0	32	1.05	0.95				
	308	1	80.95586838	16.569914580701752	0.0	0.0	3	0.9978171210622873	-20.7912040689338	138.0	32	1.05	0.95				
	309	1	82.84957290350877	17.043340711578946	0.0	0.0	3	1.0262663139670938	-13.419371623525018	138.0	33	1.05	0.95				
	310	1	92.31809552105264	18.93704523508772	0.0	0.0	3	1.05	-15.368005122202288	138.0	33	1.05	0.95				
	311	1	0.0	0.0	0.0	0.0	3	1.011962432858956	-8.921687951649165	230.0	33	1.05	0.95				
	312	1	0.0	0.0	0.0	0.0	3	1.0121406975347638	-8.784872422564591	230.0	33	1.05	0.95				
	313	2	125.45792468245614	25.56501106736842	0.0	0.0	3	1.0130168646762234	-5.683830524244749	230.0	34	1.05	0.95				
	314	2	91.84466939017544	18.463619104210526	0.0	0.0	3	1.0204543399548895	-6.243454617130188	230.0	36	1.05	0.95				
	315	2	150.07608348807017	30.29927237614035	0.0	0.0	3	1.045376237066405	0.0003409119956358493	230.0	36	1.05	0.95				
	316	2	47.3426130877193	9.46852261754386	0.0	0.0	3	1.044105213254442	0.3353865044700083	230.0	36	1.05	0.95				
	317	1	0.0	0.0	0.0	0.0	3	1.049750127356558	3.513387096235611	230.0	37	1.05	0.95				
	318	2	157.65090158210526	32.192976899649125	0.0	0.0	3	1.0483030791699415	3.017429695856163	230.0	37	1.05	0.95				
	319	1	85.69012968877193	17.516766842456143	0.0	0.0	3	1.036439210370928	-1.421088624810495	230.0	35	1.05	0.95				
	320	1	60.5985447522807	12.309079402807017	0.0	0.0	3	1.033634994628221	-2.055870906267128	230.0	35	1.05	0.95				
	321	2	0.0	0.0	0.0	0.0	3	1.05	3.5306344040387563	230.0	37	1.05	0.95				
	322	2	0.0	0.0	0.0	0.0	3	1.05	7.87111467629034	230.0	37	1.05	0.95				
	323	2	0.0	0.0	0.0	0.0	3	1.0327775140394655	-2.0468303971169797	230.0	35	1.05	0.95				
	324	1	0.0	0.0	0.0	0.0	3	1.0230076187057928	-4.328414206020766	230.0	36	1.05	0.95				
	325	1	0.0	0.0	0.0	0.0	3	1.0310619430641008	-1.0451066599276968	230.0	35	1.05	0.95				
];
