%% MATPOWER Case Format : Version 2
function mpc = RTS_GMLC
mpc.version = '2';

%%-----  Power Flow Data  -----%%
%% system MVA base
mpc.baseMVA = 100.0;
%% bus data
%    bus_i    type    Pd    Qd    Gs    Bs    area    Vm    Va    baseKV    zone    Vmax    Vmin
mpc.bus = [
	101	2	42.36368134736842	8.629638792982455	0.0	0.0	1	1.0335240442258098	2.9471439611434382	138.0	11	1.05	0.95				
	102	2	38.04886195087719	7.845126175438597	0.0	0.0	1	1.033150562127483	2.832129303030465	138.0	12	1.05	0.95				
	103	1	70.60613557894736	14.513483424561402	0.0	0.0	1	1.029081755014261	-0.28740784911844725	138.0	11	1.05	0.95				
	104	1	29.026966849122804	5.883844631578946	0.0	0.0	1	1.0221128166706015	-0.66221813431958	138.0	11	1.05	0.95				
	105	1	27.850197922807013	5.491588322807018	0.0	0.0	1	1.03621744004917	-0.3233904029346372	138.0	11	1.05	0.95				
	106	1	53.34685799298246	10.983176645614035	0.0	-100.0	1	1.0462843317955217	-2.5618892105352633	138.0	12	1.05	0.95				
	107	2	49.032038596491226	9.806407719298244	0.0	0.0	1	0.9999581004408331	-7.659265617762841	138.0	12	1.05	0.95				
	108	1	67.0758288	13.728970807017543	0.0	0.0	1	1.0055942379896696	-6.554759316322599	138.0	12	1.05	0.95				
	109	1	68.6448540350877	14.121227115789473	0.0	0.0	1	1.0252695860341003	-1.9325025217505558	138.0	13	1.05	0.95				
	110	1	76.48998021052631	15.690252350877193	0.0	0.0	1	1.05	-2.4028590881917595	138.0	13	1.05	0.95				
	111	1	0.0	0.0	0.0	0.0	1	1.0033000784575072	-0.5239847446083363	230.0	13	1.05	0.95				
	112	1	0.0	0.0	0.0	0.0	1	1.0083592841535185	0.21979063863315496	230.0	13	1.05	0.95				
	113	3	103.94792182456139	21.18184067368421	0.0	0.0	1	0.9939213369006726	-1.5751747365266523e-28	230.0	14	1.05	0.95				
	114	2	76.09772390175438	15.297996042105263	0.0	0.0	1	0.999421480086616	0.788888801956574	230.0	16	1.05	0.95				
	115	2	124.34524988070174	25.10440376140351	0.0	0.0	1	1.0380118008112815	4.7319214011709745	230.0	16	1.05	0.95				
	116	2	39.22563087719298	7.845126175438597	0.0	0.0	1	1.033272711274189	4.899758823183347	230.0	16	1.05	0.95				
	117	1	0.0	0.0	0.0	0.0	1	1.0422599637448233	5.762531432125925	230.0	17	1.05	0.95				
	118	2	130.62135082105263	26.67342899649123	0.0	0.0	1	1.0450481441576471	5.3016556347717065	230.0	17	1.05	0.95				
	119	1	70.9983918877193	14.513483424561402	0.0	0.0	1	1.027945367871999	4.869050537804689	230.0	15	1.05	0.95				
	120	1	50.20880752280702	10.198664028070176	0.0	0.0	1	1.0257445712882547	5.608122603929576	230.0	15	1.05	0.95				
	121	2	0.0	0.0	0.0	0.0	1	1.05	5.767601605103367	230.0	17	1.05	0.95				
	122	2	0.0	0.0	0.0	0.0	1	1.05	12.726718750686429	230.0	17	1.05	0.95				
	123	2	0.0	0.0	0.0	0.0	1	1.025112819391247	6.320740974974776	230.0	15	1.05	0.95				
	124	1	0.0	0.0	0.0	0.0	1	1.0272819447209318	2.8595852598458036	230.0	16	1.05	0.95				
	201	2	46.68156776842105	9.509208249122807	0.0	0.0	2	1.0282887840156854	-6.160422085010526	138.0	21	1.05	0.95				
	202	2	41.926963643859644	8.644734771929825	0.0	0.0	2	1.0286050814382892	-6.1242824916185725	138.0	22	1.05	0.95				
	203	1	77.80261294736842	15.992759328070175	0.0	0.0	2	1.0193105297278995	-6.413178514228854	138.0	21	1.05	0.95				
	204	1	31.98551865614035	6.483551078947368	0.0	0.0	2	1.0186313439307846	-8.623721611389346	138.0	21	1.05	0.95				
	205	1	30.688808440350872	6.051314340350878	0.0	0.0	2	1.0335501074653561	-8.694436340535635	138.0	21	1.05	0.95				
	206	1	58.7841964491228	12.102628680701756	0.0	-100.0	2	1.0445570634091632	-10.523195124889442	138.0	22	1.05	0.95				
	207	2	54.029592324561406	10.80591846491228	0.0	0.0	2	0.9865383098744637	-17.108360730139342	138.0	22	1.05	0.95				
	208	1	73.9124823	15.128285850877191	0.0	0.0	2	0.9950003422027608	-15.171118303777417	138.0	22	1.05	0.95				
	209	1	75.64142925438595	15.560522589473683	0.0	0.0	2	1.0230990043398034	-8.900503454362939	138.0	23	1.05	0.95				
	210	1	84.28616402631577	17.28946954385965	0.0	0.0	2	1.05	-9.882492599608252	138.0	23	1.05	0.95				
	211	1	0.0	0.0	0.0	0.0	2	1.0056771615792455	-6.42933182558172	230.0	23	1.05	0.95				
	212	1	0.0	0.0	0.0	0.0	2	1.011902482753323	-6.324433658704021	230.0	23	1.05	0.95				
	213	2	114.54273572807017	23.340783884210524	0.0	0.0	2	1.0001094189157447	-6.055806851344437	230.0	24	1.05	0.95				
	214	2	83.85392728771929	16.85723280526316	0.0	0.0	2	1.0059543755782134	-3.68656738208688	230.0	26	1.05	0.95				
	215	2	137.0190461350877	27.66315127017544	0.0	0.0	2	1.0298113431755744	3.0902385408253514	230.0	26	1.05	0.95				
	216	2	43.22367385964912	8.644734771929825	0.0	0.0	2	1.0322822573063524	2.722143626815464	230.0	26	1.05	0.95				
	217	1	0.0	0.0	0.0	0.0	2	1.0369553288256752	5.819889551957202	230.0	27	1.05	0.95				
	218	2	143.93483395263158	29.3920982245614	0.0	0.0	2	1.0391332241820663	6.509197149508987	230.0	27	1.05	0.95				
	219	1	78.23484968596492	15.992759328070175	0.0	0.0	2	1.032718135308695	0.9649975980125579	230.0	25	1.05	0.95				
	220	1	55.32630254035088	11.238155203508772	0.0	0.0	2	1.0365114442828476	0.2762625290686228	230.0	25	1.05	0.95				
	221	2	0.0	0.0	0.0	0.0	2	1.0385666046538011	6.119105093418889	230.0	27	1.05	0.95				
	222	2	0.0	0.0	0.0	0.0	2	1.05	12.502250928964864	230.0	27	1.05	0.95				
	223	2	0.0	0.0	0.0	0.0	2	1.039088322647068	0.2237999910156049	230.0	25	1.05	0.95				
	224	1	0.0	0.0	0.0	0.0	2	1.014100312919087	-0.46761274017509274	230.0	26	1.05	0.95				
	301	2	63.49826004631579	12.934830750175438	0.0	0.0	3	1.0091949052840643	-39.59547718353144	138.0	31	1.05	0.95				
	302	2	57.03084467122807	11.758937045614037	0.0	0.0	3	1.0084813224039606	-39.771681194238994	138.0	32	1.05	0.95				
	303	1	105.83043341052631	21.754033534385965	0.0	0.0	3	1.024750732659894	-31.156960462203784	138.0	31	1.05	0.95				
	304	1	43.50806706877193	8.819202784210527	0.0	0.0	3	1.0073882344292975	-37.81696057370375	138.0	31	1.05	0.95				
	305	1	41.744226511929824	8.231255931929825	0.0	0.0	3	1.0215798544159589	-38.863553251881775	138.0	31	1.05	0.95				
	306	1	79.96077191017544	16.46251186385965	0.0	-100.0	3	1.0357998037303318	-39.110045341564074	138.0	32	1.05	0.95				
	307	2	73.49335653508771	14.698671307017545	0.0	0.0	3	0.9939284091224667	-45.090385173349325	138.0	32	1.05	0.95				
	308	1	100.53891174	20.57813982982456	0.0	0.0	3	0.9937687521336663	-42.649683753225524	138.0	32	1.05	0.95				
	309	1	102.89069914912281	21.166086682105263	0.0	0.0	3	1.0269820379141086	-33.821157416219364	138.0	33	1.05	0.95				
	310	1	114.64963619473684	23.517874091228073	0.0	0.0	3	1.05	-36.244388668402486	138.0	33	1.05	0.95				
	311	1	0.0	0.0	0.0	0.0	3	1.019702014673502	-28.70288225524275	230.0	33	1.05	0.95				
	312	1	0.0	0.0	0.0	0.0	3	1.0177055291065706	-28.055767383813016	230.0	33	1.05	0.95				
	313	2	155.80591585438597	31.749130023157896	0.0	0.0	3	1.0282925194922963	-24.940910952556603	230.0	34	1.05	0.95				
	314	2	114.06168934245613	22.92992723894737	0.0	0.0	3	1.0329192720449396	-25.757161191502846	230.0	36	1.05	0.95				
	315	2	186.37915217298243	37.62859854596491	0.0	0.0	3	1.048680265548403	-18.41368831581257	230.0	36	1.05	0.95				
	316	2	58.79468522807018	11.758937045614037	0.0	0.0	3	1.0492718938820482	-18.058724654868296	230.0	36	1.05	0.95				
	317	1	0.0	0.0	0.0	0.0	3	1.0499432113849314	-15.080113208525916	230.0	37	1.05	0.95				
	318	2	195.78630180947368	39.98038595508772	0.0	0.0	3	1.0493674228817214	-14.430520325341814	230.0	37	1.05	0.95				
	319	1	106.418380262807	21.754033534385965	0.0	0.0	3	1.0459265970132168	-19.181307960821066	230.0	35	1.05	0.95				
	320	1	75.25719709192983	15.286618159298246	0.0	0.0	3	1.0477472322998929	-19.059219995817994	230.0	35	1.05	0.95				
	321	2	0.0	0.0	0.0	0.0	3	1.05	-14.249501113468002	230.0	37	1.05	0.95				
	322	2	0.0	0.0	0.0	0.0	3	1.05	-9.945267474677093	230.0	37	1.05	0.95				
	323	2	0.0	0.0	0.0	0.0	3	1.05	-18.562584460885827	230.0	35	1.05	0.95				
	324	1	0.0	0.0	0.0	0.0	3	1.0235640790870721	-23.131191571350577	230.0	36	1.05	0.95				
	325	1	0.0	0.0	0.0	0.0	3	1.0395496721047732	-16.611072793611896	230.0	35	1.05	0.95				
];
