%% MATPOWER Case Format : Version 2
function mpc = RTS_GMLC
mpc.version = '2';

%%-----  Power Flow Data  -----%%
%% system MVA base
mpc.baseMVA = 100.0;
%% bus data
%    bus_i    type    Pd    Qd    Gs    Bs    area    Vm    Va    baseKV    zone    Vmax    Vmin
mpc.bus = [
	101	2	38.36912418947369	7.815932705263158	0.0	0.0	1	1.0071949302234953	-0.17201802882000553	138.0	11	1.05	0.95				
	102	2	34.461157836842105	7.105393368421052	0.0	0.0	1	1.00530181128334	-0.7659423031882372	138.0	12	1.05	0.95				
	103	1	63.94854031578947	13.144977731578948	0.0	0.0	1	1.0239590883561898	3.179196165730856	138.0	11	1.05	0.95				
	104	1	26.289955463157895	5.329045026315789	0.0	0.0	1	1.0102699567052733	-2.067278026161123	138.0	11	1.05	0.95				
	105	1	25.224146457894737	4.973775357894737	0.0	0.0	1	1.0240118766833513	-2.266260444882815	138.0	11	1.05	0.95				
	106	1	48.316674905263156	9.947550715789474	0.0	-100.0	1	1.041433937437423	-3.934576574691496	138.0	12	1.05	0.95				
	107	2	44.40870855263157	8.881741710526315	0.0	0.0	1	0.9832140364934404	-11.128616614270861	138.0	12	1.05	0.95				
	108	1	60.75111329999999	12.43443839473684	0.0	0.0	1	0.9948776385006056	-8.501910492937698	138.0	12	1.05	0.95				
	109	1	62.17219197368421	12.789708063157896	0.0	0.0	1	1.0238389580404303	-1.631295981283045	138.0	13	1.05	0.95				
	110	1	69.27758534210527	14.210786736842104	0.0	0.0	1	1.05	-3.197153572992452	138.0	13	1.05	0.95				
	111	1	0.0	0.0	0.0	0.0	1	1.0142344093654312	0.9589685579847449	230.0	13	1.05	0.95				
	112	1	0.0	0.0	0.0	0.0	1	1.01191961948092	-0.5091719854336851	230.0	13	1.05	0.95				
	113	3	94.14646213157894	19.184562094736844	0.0	0.0	1	0.9941891928100858	7.842382525541154e-30	230.0	14	1.05	0.95				
	114	2	68.92231567368421	13.855517068421053	0.0	0.0	1	1.03807105619988	5.104188497236248	230.0	16	1.05	0.95				
	115	2	112.62048488947367	22.737258778947368	0.0	0.0	1	1.0371565286519107	15.426120670198435	230.0	16	1.05	0.95				
	116	2	35.52696684210526	7.105393368421052	0.0	0.0	1	1.0361917460602363	13.270141217814626	230.0	16	1.05	0.95				
	117	1	0.0	0.0	0.0	0.0	1	1.0362140414199614	19.782699074152323	230.0	17	1.05	0.95				
	118	2	118.30479958421051	24.158337452631578	0.0	0.0	1	1.0459775314969	20.58495831478993	230.0	17	1.05	0.95				
	119	1	64.30380998421053	13.144977731578948	0.0	0.0	1	1.0316328775873673	8.309473227193212	230.0	15	1.05	0.95				
	120	1	45.474517557894735	9.237011378947368	0.0	0.0	1	1.035419004958485	4.685991175329867	230.0	15	1.05	0.95				
	121	2	0.0	0.0	0.0	0.0	1	1.0402853485491168	22.253211935944407	230.0	17	1.05	0.95				
	122	2	0.0	0.0	0.0	0.0	1	1.05	40.23875857909114	230.0	17	1.05	0.95				
	123	2	0.0	0.0	0.0	0.0	1	1.0388738209708923	2.973392403654658	230.0	15	1.05	0.95				
	124	1	0.0	0.0	0.0	0.0	1	1.0168928376970057	10.84831138159045	230.0	16	1.05	0.95				
	201	2	43.04360144842106	8.768141035789474	0.0	0.0	2	1.0062435320526402	-19.44150281642538	138.0	21	1.05	0.95				
	202	2	38.659530930526316	7.971037305263158	0.0	0.0	2	1.0054822393352936	-19.764910934794266	138.0	22	1.05	0.95				
	203	1	71.73933574736843	14.746419014736842	0.0	0.0	2	1.0097705049485188	-14.333235002560672	138.0	21	1.05	0.95				
	204	1	29.492838029473685	5.978277978947368	0.0	0.0	2	1.008279875841842	-19.50094850641926	138.0	21	1.05	0.95				
	205	1	28.29718243368421	5.5797261136842105	0.0	0.0	2	1.023240764648733	-20.03542861993658	138.0	21	1.05	0.95				
	206	1	54.203053675789484	11.159452227368421	0.0	-100.0	2	1.0406733544356879	-20.87523455739476	138.0	22	1.05	0.95				
	207	2	49.818983157894735	9.963796631578948	0.0	0.0	2	0.9894690347587457	-25.564257779888298	138.0	22	1.05	0.95				
	208	1	68.15236896	13.949315284210526	0.0	0.0	2	0.9977871758507212	-23.7971518233368	138.0	22	1.05	0.95				
	209	1	69.74657642105264	14.347867149473684	0.0	0.0	2	1.0219398179141796	-17.624803579245516	138.0	23	1.05	0.95				
	210	1	77.71761372631578	15.942074610526316	0.0	0.0	2	1.05	-19.337630674514948	138.0	23	1.05	0.95				
	211	1	0.0	0.0	0.0	0.0	2	1.007830763937844	-14.811515746164604	230.0	23	1.05	0.95				
	212	1	0.0	0.0	0.0	0.0	2	1.014448980354163	-14.409635861250248	230.0	23	1.05	0.95				
	213	2	105.61624429473684	21.52180072421053	0.0	0.0	2	1.0073104465983	-13.825657684944414	230.0	24	1.05	0.95				
	214	2	77.31906186105263	15.543522745263157	0.0	0.0	2	1.00872191996087	-11.916317497768103	230.0	26	1.05	0.95				
	215	2	126.34094128842104	25.50731937684211	0.0	0.0	2	1.0261770971662334	-4.441535603955642	230.0	26	1.05	0.95				
	216	2	39.85518652631579	7.971037305263158	0.0	0.0	2	1.0301431683337705	-5.469630761374135	230.0	26	1.05	0.95				
	217	1	0.0	0.0	0.0	0.0	2	1.034215630016116	-2.825010362642624	230.0	27	1.05	0.95				
	218	2	132.71777113263158	27.101526837894742	0.0	0.0	2	1.033013254863238	-3.353034207498512	230.0	27	1.05	0.95				
	219	1	72.13788761263157	14.746419014736842	0.0	0.0	2	1.0367543116835882	-6.473363348219839	230.0	25	1.05	0.95				
	220	1	51.01463875368422	10.362348496842106	0.0	0.0	2	1.045077121992247	-6.572610739920187	230.0	25	1.05	0.95				
	221	2	0.0	0.0	0.0	0.0	2	1.0335314576111763	-2.913594351063069	230.0	27	1.05	0.95				
	222	2	0.0	0.0	0.0	0.0	2	1.05	3.6176632130424347	230.0	27	1.05	0.95				
	223	2	0.0	0.0	0.0	0.0	2	1.0499999639934123	-6.3334559907933015	230.0	25	1.05	0.95				
	224	1	0.0	0.0	0.0	0.0	2	1.007846341066476	-8.123005933296549	230.0	26	1.05	0.95				
	301	2	47.57671621894737	9.69155330385965	0.0	0.0	3	1.0244422812357201	9.910691944745894	138.0	31	1.05	0.95				
	302	2	42.730939567017536	8.810503003508773	0.0	0.0	3	1.0217327411410793	9.557634826949126	138.0	32	1.05	0.95				
	303	1	79.29452703157894	16.299430556491227	0.0	0.0	3	1.05	24.524246295942355	138.0	31	1.05	0.95				
	304	1	32.598861112982455	6.607877252631579	0.0	0.0	3	1.0106116806643237	10.597581941639804	138.0	31	1.05	0.95				
	305	1	31.27728566245614	6.167352102456141	0.0	0.0	3	1.0289491116636669	8.679490749731649	138.0	31	1.05	0.95				
	306	1	59.91142042385965	12.334704204912281	0.0	-100.0	3	1.038617829083006	7.448271337104381	138.0	32	1.05	0.95				
	307	2	55.065643771929814	11.013128754385965	0.0	0.0	3	0.95	3.249691110024217	138.0	32	1.05	0.95				
	308	1	75.32980067999999	15.418380256140349	0.0	0.0	3	0.9700439259883569	5.180157632808307	138.0	32	1.05	0.95				
	309	1	77.09190128070176	15.858905406315788	0.0	0.0	3	1.0150174664967104	13.29737224556417	138.0	33	1.05	0.95				
	310	1	85.90240428421052	17.621006007017545	0.0	0.0	3	1.0439513703954482	8.850317269804629	138.0	33	1.05	0.95				
	311	1	0.0	0.0	0.0	0.0	3	1.0024293295564437	12.925661756111845	230.0	33	1.05	0.95				
	312	1	0.0	0.0	0.0	0.0	3	1.007490758836215	13.500604729619164	230.0	33	1.05	0.95				
	313	2	116.73916479649122	23.788358109473684	0.0	0.0	3	1.0048363386108974	15.468621831552765	230.0	34	1.05	0.95				
	314	2	85.46187913403507	17.180480856842106	0.0	0.0	3	0.9973909238898574	12.650966241935528	230.0	36	1.05	0.95				
	315	2	139.64647260561404	28.19360961122807	0.0	0.0	3	1.0472449593968158	15.08404138111936	230.0	36	1.05	0.95				
	316	2	44.05251501754386	8.810503003508773	0.0	0.0	3	1.0304106942479903	14.911753894399729	230.0	36	1.05	0.95				
	317	1	0.0	0.0	0.0	0.0	3	1.05	18.074096436303197	230.0	37	1.05	0.95				
	318	2	146.69487500842104	29.955710211929826	0.0	0.0	3	1.05	14.881697266951475	230.0	37	1.05	0.95				
	319	1	79.73505218175438	16.299430556491227	0.0	0.0	3	1.0214938759642174	14.365111268769365	230.0	35	1.05	0.95				
	320	1	56.38721922245614	11.453653904561403	0.0	0.0	3	1.0168019065189857	14.754112733074766	230.0	35	1.05	0.95				
	321	2	0.0	0.0	0.0	0.0	3	1.05	15.602321603365855	230.0	37	1.05	0.95				
	322	2	0.0	0.0	0.0	0.0	3	1.05	20.920584766653544	230.0	37	1.05	0.95				
	323	2	0.0	0.0	0.0	0.0	3	1.0149504639225781	15.317303443686843	230.0	35	1.05	0.95				
	324	1	0.0	0.0	0.0	0.0	3	1.0452989587166783	18.693815738773147	230.0	36	1.05	0.95				
	325	1	0.0	0.0	0.0	0.0	3	1.0161507181354419	15.920609338650271	230.0	35	1.05	0.95				
];
