%% MATPOWER Case Format : Version 2
function mpc = RTS_GMLC
mpc.version = '2';

%%-----  Power Flow Data  -----%%
%% system MVA base
mpc.baseMVA = 100.0;
%% bus data
%    bus_i    type    Pd    Qd    Gs    Bs    area    Vm    Va    baseKV    zone    Vmax    Vmin
mpc.bus = [
	101	2	47.37357742736842	9.650173179649121	0.0	0.0	1	1.0306122059773206	2.0497507067877025	138.0	11	1.05	0.95				
	102	2	42.54849083754385	8.77288470877193	0.0	0.0	1	1.029665692881346	1.7638723458670287	138.0	12	1.05	0.95				
	103	1	78.95596237894736	16.229836711228067	0.0	0.0	1	1.0295644677461415	1.5053730086457817	138.0	11	1.05	0.95				
	104	1	32.459673422456135	6.579663531578945	0.0	0.0	1	1.019786378014548	-1.1373449226257226	138.0	11	1.05	0.95				
	105	1	31.143740716140343	6.1410192961403505	0.0	0.0	1	1.0342955254321524	-1.025850439744257	138.0	11	1.05	0.95				
	106	1	59.655616019649116	12.282038592280701	0.0	-100.0	1	1.0443734545099623	-3.2324407873650314	138.0	12	1.05	0.95				
	107	2	54.83052942982456	10.966105885964911	0.0	0.0	1	0.9998788155395899	-9.326769745478671	138.0	12	1.05	0.95				
	108	1	75.00816425999999	15.352548240350874	0.0	0.0	1	1.0033105835550866	-7.6823178876947145	138.0	12	1.05	0.95				
	109	1	76.76274120175437	15.79119247578947	0.0	0.0	1	1.0248561882019362	-1.7222416610924216	138.0	13	1.05	0.95				
	110	1	85.5356259105263	17.54576941754386	0.0	0.0	1	1.05	-2.7506870128939473	138.0	13	1.05	0.95				
	111	1	0.0	0.0	0.0	0.0	1	1.005926311520113	0.3273036715522915	230.0	13	1.05	0.95				
	112	1	0.0	0.0	0.0	0.0	1	1.0099598870445448	0.30908948899975347	230.0	13	1.05	0.95				
	113	3	116.24072239122805	23.68678871368421	0.0	0.0	1	0.9981277558566866	4.429088092858414e-28	230.0	14	1.05	0.95				
	114	2	85.0969816750877	17.10712518210526	0.0	0.0	1	1.0066636745549828	3.282894528376393	230.0	16	1.05	0.95				
	115	2	139.05022263403507	28.07323106807017	0.0	0.0	1	1.04217543691207	10.54919028270681	230.0	16	1.05	0.95				
	116	2	43.864423543859644	8.77288470877193	0.0	0.0	1	1.0393534279221814	9.955205741870936	230.0	16	1.05	0.95				
	117	1	0.0	0.0	0.0	0.0	1	1.0427173324199999	13.538626102037007	230.0	17	1.05	0.95				
	118	2	146.0685304010526	29.827808009824558	0.0	0.0	1	1.0482524119525616	13.394338172209553	230.0	17	1.05	0.95				
	119	1	79.39460661438595	16.229836711228067	0.0	0.0	1	1.0317046852492144	7.9709291259267365	230.0	15	1.05	0.95				
	120	1	56.14646213614034	11.404750121403508	0.0	0.0	1	1.0287438477405868	7.078121924452905	230.0	15	1.05	0.95				
	121	2	0.0	0.0	0.0	0.0	1	1.05	14.29350905826148	230.0	17	1.05	0.95				
	122	2	0.0	0.0	0.0	0.0	1	1.05	29.237616709290208	230.0	17	1.05	0.95				
	123	2	0.0	0.0	0.0	0.0	1	1.0276653301032919	6.921995879777103	230.0	15	1.05	0.95				
	124	1	0.0	0.0	0.0	0.0	1	1.0260616813791494	7.171288104374059	230.0	16	1.05	0.95				
	201	2	49.38454273263158	10.059814260350878	0.0	0.0	2	1.0244367955005282	-10.1309183431062	138.0	21	1.05	0.95				
	202	2	44.35463560245614	9.145285691228072	0.0	0.0	2	1.0254044838221237	-9.95323671949113	138.0	22	1.05	0.95				
	203	1	82.30757122105263	16.91877852877193	0.0	0.0	2	1.0177617871732585	-8.672562194201786	138.0	21	1.05	0.95				
	204	1	33.83755705754386	6.858964268421053	0.0	0.0	2	1.016902595859096	-11.61693266784515	138.0	21	1.05	0.95				
	205	1	32.46576420385965	6.4016999838596504	0.0	0.0	2	1.0315652915173543	-11.959559669094942	138.0	21	1.05	0.95				
	206	1	62.18794270035089	12.803399967719301	0.0	-100.0	2	1.0434282248399451	-13.390643832940457	138.0	22	1.05	0.95				
	207	2	57.158035570175436	11.431607114035087	0.0	0.0	2	0.9898812459313675	-19.974640033739377	138.0	22	1.05	0.95				
	208	1	78.19219265999999	16.004249959649123	0.0	0.0	2	0.9958561574585713	-17.888447373199575	138.0	22	1.05	0.95				
	209	1	80.0212497982456	16.461514244210527	0.0	0.0	2	1.0230623688595997	-11.098488107058937	138.0	23	1.05	0.95				
	210	1	89.16653548947367	18.290571382456143	0.0	0.0	2	1.05	-12.344687647366218	138.0	23	1.05	0.95				
	211	1	0.0	0.0	0.0	0.0	2	1.0075124373631335	-8.21382397467554	230.0	23	1.05	0.95				
	212	1	0.0	0.0	0.0	0.0	2	1.0104609984543218	-7.7659292189838345	230.0	23	1.05	0.95				
	213	2	121.17503540877192	24.69227136631579	0.0	0.0	2	1.0026237613711537	-7.34522695733185	230.0	24	1.05	0.95				
	214	2	88.70927120491228	17.83330709789474	0.0	0.0	2	1.0107538088089798	-5.377155454655264	230.0	26	1.05	0.95				
	215	2	144.9527782059649	29.264914211929828	0.0	0.0	2	1.0294680697221625	1.6991648293002446	230.0	26	1.05	0.95				
	216	2	45.72642845614035	9.145285691228072	0.0	0.0	2	1.0313328358864244	1.3783964427939006	230.0	26	1.05	0.95				
	217	1	0.0	0.0	0.0	0.0	2	1.0360333685299103	4.4221313908482065	230.0	27	1.05	0.95				
	218	2	152.26900675894737	31.093971350175444	0.0	0.0	2	1.0374323869019342	4.72674014874299	230.0	27	1.05	0.95				
	219	1	82.76483550561403	16.91877852877193	0.0	0.0	2	1.0310240132080142	0.2875069075831582	230.0	25	1.05	0.95				
	220	1	58.529828423859655	11.888871398596491	0.0	0.0	2	1.03408205609169	0.22429557819311596	230.0	25	1.05	0.95				
	221	2	0.0	0.0	0.0	0.0	2	1.0374113108759873	4.483976822896793	230.0	27	1.05	0.95				
	222	2	0.0	0.0	0.0	0.0	2	1.05	10.959243025445314	230.0	27	1.05	0.95				
	223	2	0.0	0.0	0.0	0.0	2	1.036421174496032	0.5343433678342504	230.0	25	1.05	0.95				
	224	1	0.0	0.0	0.0	0.0	2	1.0122809247397333	-2.1806199976957137	230.0	26	1.05	0.95				
	301	2	65.20658021052633	13.282821894736841	0.0	0.0	3	1.0133624066938247	-20.804691754932357	138.0	31	1.05	0.95				
	302	2	58.56516926315789	12.075292631578947	0.0	0.0	3	1.011827790119078	-21.153009591004604	138.0	32	1.05	0.95				
	303	1	108.67763368421053	22.33929136842105	0.0	0.0	3	1.05	-5.9370355055582085	138.0	31	1.05	0.95				
	304	1	44.6785827368421	9.05646947368421	0.0	0.0	3	1.0085991129509604	-19.308719801528532	138.0	31	1.05	0.95				
	305	1	42.86728884210525	8.452704842105263	0.0	0.0	3	1.0239587058916497	-21.520612967596566	138.0	31	1.05	0.95				
	306	1	82.11198989473685	16.905409684210525	0.0	-100.0	3	1.036235249535521	-22.591911612824664	138.0	32	1.05	0.95				
	307	2	75.47057894736841	15.094115789473683	0.0	0.0	3	0.9891912868856544	-29.079577648269456	138.0	32	1.05	0.95				
	308	1	103.243752	21.131762105263157	0.0	0.0	3	0.9892018415071749	-26.178115735813343	138.0	32	1.05	0.95				
	309	1	105.65881052631579	21.735526736842104	0.0	0.0	3	1.0268940146687489	-15.335481313448394	138.0	33	1.05	0.95				
	310	1	117.73410315789472	24.150585263157893	0.0	0.0	3	1.05	-20.300814622975484	138.0	33	1.05	0.95				
	311	1	0.0	0.0	0.0	0.0	3	1.0187598557997806	-14.040235421619393	230.0	33	1.05	0.95				
	312	1	0.0	0.0	0.0	0.0	3	1.0210964835665055	-13.074053812136759	230.0	33	1.05	0.95				
	313	2	159.99762736842104	32.60329010526316	0.0	0.0	3	1.0244761443020227	-10.804471779894207	230.0	34	1.05	0.95				
	314	2	117.13033852631578	23.546820631578946	0.0	0.0	3	1.0243014803863173	-13.081997134397493	230.0	36	1.05	0.95				
	315	2	191.3933882105263	38.64093642105263	0.0	0.0	3	1.0467571096032267	-8.54244702189856	230.0	36	1.05	0.95				
	316	2	60.37646315789473	12.075292631578947	0.0	0.0	3	1.0455327440648994	-8.077668618514803	230.0	36	1.05	0.95				
	317	1	0.0	0.0	0.0	0.0	3	1.0466490313032646	-6.94065329318034	230.0	37	1.05	0.95				
	318	2	201.05362231578945	41.055994947368426	0.0	0.0	3	1.0442314375769417	-7.2731575655823	230.0	37	1.05	0.95				
	319	1	109.28139831578947	22.33929136842105	0.0	0.0	3	1.0434092474000682	-8.490345929818222	230.0	35	1.05	0.95				
	320	1	77.28187284210526	15.697880421052632	0.0	0.0	3	1.0463751250020938	-7.716134882708788	230.0	35	1.05	0.95				
	321	2	0.0	0.0	0.0	0.0	3	1.0459379147328034	-7.165689982610381	230.0	37	1.05	0.95				
	322	2	0.0	0.0	0.0	0.0	3	1.05	-2.7412756221077483	230.0	37	1.05	0.95				
	323	2	0.0	0.0	0.0	0.0	3	1.049540804247667	-6.850941454988257	230.0	35	1.05	0.95				
	324	1	0.0	0.0	0.0	0.0	3	1.0448539268528942	-7.540399365751819	230.0	36	1.05	0.95				
	325	1	0.0	0.0	0.0	0.0	3	1.0413945387122687	-5.1395008089725	230.0	35	1.05	0.95				
];
