%% MATPOWER Case Format : Version 2
function mpc = RTS_GMLC
mpc.version = '2';

%%-----  Power Flow Data  -----%%
%% system MVA base
mpc.baseMVA = 100.0;
%% bus data
%    bus_i    type    Pd    Qd    Gs    Bs    area    Vm    Va    baseKV    zone    Vmax    Vmin
mpc.bus = [
	101	2	44.07372587368422	8.977981196491228	0.0	0.0	1	1.032165615093476	1.8699026376417571	138.0	11	1.05	0.95				
	102	2	39.5847352754386	8.1618010877193	0.0	0.0	1	1.0312556055581943	1.6173675895086848	138.0	12	1.05	0.95				
	103	1	73.45620978947369	15.099332012280703	0.0	0.0	1	1.0294943670670638	0.15683592478296596	138.0	11	1.05	0.95				
	104	1	30.198664024561406	6.121350815789474	0.0	0.0	1	1.0211574428750128	-1.3035886877067129	138.0	11	1.05	0.95				
	105	1	28.974393861403513	5.71326076140351	0.0	0.0	1	1.0355745071813385	-1.0787499020110343	138.0	11	1.05	0.95				
	106	1	55.50024739649124	11.42652152280702	0.0	-100.0	1	1.0456873871871333	-3.186592740574948	138.0	12	1.05	0.95				
	107	2	51.01125679824562	10.202251359649123	0.0	0.0	1	1.001022199927332	-7.774938944422186	138.0	12	1.05	0.95				
	108	1	69.7833993	14.283151903508774	0.0	0.0	1	1.005734841474859	-6.774768627388875	138.0	12	1.05	0.95				
	109	1	71.41575951754386	14.691241957894738	0.0	0.0	1	1.0250045677040391	-2.03257047679487	138.0	13	1.05	0.95				
	110	1	79.57756060526316	16.3236021754386	0.0	0.0	1	1.05	-2.7761990057115167	138.0	13	1.05	0.95				
	111	1	0.0	0.0	0.0	0.0	1	1.003240644680115	-0.33959904892024906	230.0	13	1.05	0.95				
	112	1	0.0	0.0	0.0	0.0	1	1.0081634712208305	0.08010221674267812	230.0	13	1.05	0.95				
	113	3	108.14386441228072	22.03686293684211	0.0	0.0	1	0.9948560087501622	-9.372791868405103e-29	230.0	14	1.05	0.95				
	114	2	79.1694705508772	15.915512121052632	0.0	0.0	1	0.9997836119761995	1.5615915202375008	230.0	16	1.05	0.95				
	115	2	129.3645472403509	26.117763480701754	0.0	0.0	1	1.038874811568184	6.93603732132735	230.0	16	1.05	0.95				
	116	2	40.80900543859649	8.1618010877193	0.0	0.0	1	1.0340669515566216	6.5789344865313515	230.0	16	1.05	0.95				
	117	1	0.0	0.0	0.0	0.0	1	1.0422790614383768	8.407297709813866	230.0	17	1.05	0.95				
	118	2	135.89398811052632	27.75012369824562	0.0	0.0	1	1.0454972436134955	8.285935537984164	230.0	17	1.05	0.95				
	119	1	73.86429984385965	15.099332012280703	0.0	0.0	1	1.0273710464568835	5.7372603081134805	230.0	15	1.05	0.95				
	120	1	52.23552696140351	10.610341414035089	0.0	0.0	1	1.024248635616024	5.796443035100503	230.0	15	1.05	0.95				
	121	2	0.0	0.0	0.0	0.0	1	1.05	9.104675592672846	230.0	17	1.05	0.95				
	122	2	0.0	0.0	0.0	0.0	1	1.05	16.702134169341537	230.0	17	1.05	0.95				
	123	2	0.0	0.0	0.0	0.0	1	1.0230059516893764	6.14684758814892	230.0	15	1.05	0.95				
	124	1	0.0	0.0	0.0	0.0	1	1.0263830144382324	4.400587074178111	230.0	16	1.05	0.95				
	201	2	44.862584589473684	9.138674638596491	0.0	0.0	2	1.0249244526649945	-6.254163698089683	138.0	21	1.05	0.95				
	202	2	40.293247270175435	8.30788603508772	0.0	0.0	2	1.025885555917337	-6.049453065736779	138.0	22	1.05	0.95				
	203	1	74.77097431578947	15.36958916491228	0.0	0.0	2	1.0185677773343238	-5.8767021276700255	138.0	21	1.05	0.95				
	204	1	30.73917832982456	6.2309145263157895	0.0	0.0	2	1.018014640385348	-7.81489827300826	138.0	21	1.05	0.95				
	205	1	29.492995424561403	5.8155202245614035	0.0	0.0	2	1.0323918525278626	-8.04972498907385	138.0	21	1.05	0.95				
	206	1	56.4936250385965	11.631040449122807	0.0	-100.0	2	1.0447345937750605	-9.424613677780668	138.0	22	1.05	0.95				
	207	2	51.92428771929825	10.384857543859649	0.0	0.0	2	0.9906713171911187	-15.45182973773541	138.0	22	1.05	0.95				
	208	1	71.0324256	14.538800561403509	0.0	0.0	2	0.9981130499341901	-13.59405750358883	138.0	22	1.05	0.95				
	209	1	72.69400280701754	14.954194863157893	0.0	0.0	2	1.0232207833324451	-7.550539150812148	138.0	23	1.05	0.95				
	210	1	81.00188884210526	16.61577207017544	0.0	0.0	2	1.05	-8.534613726277886	138.0	23	1.05	0.95				
	211	1	0.0	0.0	0.0	0.0	2	1.0044535047479914	-4.929071786699376	230.0	23	1.05	0.95				
	212	1	0.0	0.0	0.0	0.0	2	1.0088796242045968	-4.374340946262929	230.0	23	1.05	0.95				
	213	2	110.07948996491228	22.431292294736842	0.0	0.0	2	0.9981997251472091	-3.987508195987854	230.0	24	1.05	0.95				
	214	2	80.58649454035087	16.200377768421053	0.0	0.0	2	1.0043358464257512	-2.515732438444247	230.0	26	1.05	0.95				
	215	2	131.67999365614034	26.5852353122807	0.0	0.0	2	1.0262237106539038	3.441376830229383	230.0	26	1.05	0.95				
	216	2	41.539430175438596	8.30788603508772	0.0	0.0	2	1.027443938850731	3.3675560938154585	230.0	26	1.05	0.95				
	217	1	0.0	0.0	0.0	0.0	2	1.0330722884242038	5.835634642211441	230.0	27	1.05	0.95				
	218	2	138.32630248421054	28.24681251929825	0.0	0.0	2	1.034391872137417	6.225094774039066	230.0	27	1.05	0.95				
	219	1	75.18636861754386	15.36958916491228	0.0	0.0	2	1.0279260871207605	2.705679465833199	230.0	25	1.05	0.95				
	220	1	53.1704706245614	10.800251845614035	0.0	0.0	2	1.0310773741232748	2.9402003494795625	230.0	25	1.05	0.95				
	221	2	0.0	0.0	0.0	0.0	2	1.034611226048152	6.061363137363464	230.0	27	1.05	0.95				
	222	2	0.0	0.0	0.0	0.0	2	1.05	12.469335200718232	230.0	27	1.05	0.95				
	223	2	0.0	0.0	0.0	0.0	2	1.0333373466755753	3.384490299011516	230.0	25	1.05	0.95				
	224	1	0.0	0.0	0.0	0.0	2	1.011831098249141	-0.056931789893896204	230.0	26	1.05	0.95				
	301	2	55.7766529768421	11.361910791578946	0.0	0.0	3	1.007876936962577	-26.521964404524073	138.0	31	1.05	0.95				
	302	2	50.095697581052626	10.329009810526316	0.0	0.0	3	1.0072989873838698	-26.66156502293054	138.0	32	1.05	0.95				
	303	1	92.96108829473684	19.108668149473683	0.0	0.0	3	1.02446889186222	-19.575072291232043	138.0	31	1.05	0.95				
	304	1	38.217336298947366	7.746757357894736	0.0	0.0	3	1.0086482313180352	-24.88595953197884	138.0	31	1.05	0.95				
	305	1	36.667984827368414	7.230306867368422	0.0	0.0	3	1.0220255142519066	-25.866290963462955	138.0	31	1.05	0.95				
	306	1	70.23726671157895	14.460613734736844	0.0	-100.0	3	1.0376666533195944	-26.089651735413394	138.0	32	1.05	0.95				
	307	2	64.55631131578947	12.911262263157894	0.0	0.0	3	0.992480881495654	-31.87300321399302	138.0	32	1.05	0.95				
	308	1	88.31303387999999	18.07576716842105	0.0	0.0	3	0.9956053211332162	-29.465700791218172	138.0	32	1.05	0.95				
	309	1	90.37883584210526	18.592217658947366	0.0	0.0	3	1.0270888747091453	-21.32831767902171	138.0	33	1.05	0.95				
	310	1	100.70784565263158	20.65801962105263	0.0	0.0	3	1.05	-23.5514225362519	138.0	33	1.05	0.95				
	311	1	0.0	0.0	0.0	0.0	3	1.014857484575191	-16.68860854706695	230.0	33	1.05	0.95				
	312	1	0.0	0.0	0.0	0.0	3	1.0150832465052635	-16.280986312699625	230.0	33	1.05	0.95				
	313	2	136.85937998947367	27.88832648842105	0.0	0.0	3	1.0192744616632055	-13.185460823700517	230.0	34	1.05	0.95				
	314	2	100.19139516210525	20.141569130526314	0.0	0.0	3	1.0241978452992255	-14.00460620855554	230.0	36	1.05	0.95				
	315	2	163.7148054968421	33.05283139368421	0.0	0.0	3	1.0449229015077248	-8.018800204236232	230.0	36	1.05	0.95				
	316	2	51.64504905263158	10.329009810526316	0.0	0.0	3	1.0455962576443902	-7.139211989759817	230.0	36	1.05	0.95				
	317	1	0.0	0.0	0.0	0.0	3	1.05	-3.605734659819212	230.0	37	1.05	0.95				
	318	2	171.97801334526315	35.11863335578948	0.0	0.0	3	1.0463151458149722	-4.495332560437473	230.0	37	1.05	0.95				
	319	1	93.47753878526316	19.108668149473683	0.0	0.0	3	1.0411025521491537	-8.492465839352384	230.0	35	1.05	0.95				
	320	1	66.10566278736842	13.42771275368421	0.0	0.0	3	1.0412495910429087	-8.695990803046628	230.0	35	1.05	0.95				
	321	2	0.0	0.0	0.0	0.0	3	1.047073141683503	-5.110571178453474	230.0	37	1.05	0.95				
	322	2	0.0	0.0	0.0	0.0	3	1.05	-0.17626622402168426	230.0	37	1.05	0.95				
	323	2	0.0	0.0	0.0	0.0	3	1.0422165124320775	-8.42365429703767	230.0	35	1.05	0.95				
	324	1	0.0	0.0	0.0	0.0	3	1.0227685074293955	-12.308259775810527	230.0	36	1.05	0.95				
	325	1	0.0	0.0	0.0	0.0	3	1.0369779624860405	-6.979498102591771	230.0	35	1.05	0.95				
];
