%% MATPOWER Case Format : Version 2
function mpc = RTS_GMLC
mpc.version = '2';

%%-----  Power Flow Data  -----%%
%% system MVA base
mpc.baseMVA = 100.0;
%% bus data
%    bus_i    type    Pd    Qd    Gs    Bs    area    Vm    Va    baseKV    zone    Vmax    Vmin
mpc.bus = [
	101	2	40.974270176842104	8.346610591578948	0.0	0.0	1	1.012225957780425	-3.8434362373650948	138.0	11	1.05	0.95				
	102	2	36.80096488105263	7.587827810526315	0.0	0.0	1	1.0121792679834876	-4.059953290026806	138.0	12	1.05	0.95				
	103	1	68.29045029473684	14.037481449473683	0.0	0.0	1	1.0014079527885154	1.0539676081549691	138.0	11	1.05	0.95				
	104	1	28.074962898947366	5.690870857894737	0.0	0.0	1	1.0028920959870777	-3.9198277720359456	138.0	11	1.05	0.95				
	105	1	26.936788727368416	5.311479467368422	0.0	0.0	1	1.0170954897300009	-4.9443008445678025	138.0	11	1.05	0.95				
	106	1	51.59722911157895	10.622958934736843	0.0	-100.0	1	1.0278687764734231	-6.030029960799714	138.0	12	1.05	0.95				
	107	2	47.42392381578947	9.484784763157894	0.0	0.0	1	0.9865242649915617	-9.62470267406522	138.0	12	1.05	0.95				
	108	1	64.87592778	13.278698668421052	0.0	0.0	1	0.988902245246789	-8.426250642808009	138.0	12	1.05	0.95				
	109	1	66.39349334210526	13.658090058947367	0.0	0.0	1	1.0021066219357933	-2.9607250863415824	138.0	13	1.05	0.95				
	110	1	73.98132115263158	15.17565562105263	0.0	0.0	1	1.0308721445443045	-4.805578151919627	138.0	13	1.05	0.95				
	111	1	0.0	0.0	0.0	0.0	1	0.980851156942006	-0.4661148036696413	230.0	13	1.05	0.95				
	112	1	0.0	0.0	0.0	0.0	1	0.9826004451967835	-1.2942380757346998	230.0	13	1.05	0.95				
	113	3	100.53871848947367	20.487135088421052	0.0	0.0	1	0.9629134214300378	3.297991887711059e-27	230.0	14	1.05	0.95				
	114	2	73.60192976210526	14.796264230526315	0.0	0.0	1	0.9883726424755442	2.6967192214473514	230.0	16	1.05	0.95				
	115	2	120.26707079684209	24.28104899368421	0.0	0.0	1	0.9882636049476808	11.318167796652522	230.0	16	1.05	0.95				
	116	2	37.939139052631575	7.587827810526315	0.0	0.0	1	0.9874975400213283	9.7911949465698	230.0	16	1.05	0.95				
	117	1	0.0	0.0	0.0	0.0	1	0.9909629552138557	15.15504561922241	230.0	17	1.05	0.95				
	118	2	126.33733304526315	25.798614555789474	0.0	0.0	1	0.9973301428493276	15.800329249992537	230.0	17	1.05	0.95				
	119	1	68.66984168526315	14.037481449473683	0.0	0.0	1	0.9880647750153204	6.278735257187197	230.0	15	1.05	0.95				
	120	1	48.56209798736842	9.86417615368421	0.0	0.0	1	0.9930342960699758	3.6010304255824317	230.0	15	1.05	0.95				
	121	2	0.0	0.0	0.0	0.0	1	0.9975970960224729	17.07867512485739	230.0	17	1.05	0.95				
	122	2	0.0	0.0	0.0	0.0	1	1.0094575794789142	31.88326670061909	230.0	17	1.05	0.95				
	123	2	0.0	0.0	0.0	0.0	1	0.9967000331456339	2.449037616346198	230.0	15	1.05	0.95				
	124	1	0.0	0.0	0.0	0.0	1	0.9810048795558772	7.3819094197930015	230.0	16	1.05	0.95				
	201	2	42.99260191578947	8.757752242105262	0.0	0.0	2	1.010109219978963	-10.910892139346993	138.0	21	1.05	0.95				
	202	2	38.613725794736844	7.9615929473684215	0.0	0.0	2	1.0090956270217755	-11.067151742161784	138.0	22	1.05	0.95				
	203	1	71.65433652631579	14.728946952631578	0.0	0.0	2	0.997223551623158	-8.251482666253137	138.0	21	1.05	0.95				
	204	1	29.457893905263155	5.971194710526316	0.0	0.0	2	1.0010278134931032	-10.043370322769883	138.0	21	1.05	0.95				
	205	1	28.26365496315789	5.573115063157895	0.0	0.0	2	1.0170358086942333	-10.40968346288168	138.0	21	1.05	0.95				
	206	1	54.138832042105264	11.14623012631579	0.0	-100.0	2	1.0290768190063362	-10.630564435927713	138.0	22	1.05	0.95				
	207	2	49.75995592105264	9.951991184210526	0.0	0.0	2	0.9715662101534751	-15.33872717055149	138.0	22	1.05	0.95				
	208	1	68.0716197	13.932787657894735	0.0	0.0	2	0.9805023999168347	-13.516562960005198	138.0	22	1.05	0.95				
	209	1	69.66393828947368	14.330867305263157	0.0	0.0	2	1.006460485673332	-7.503862645799189	138.0	23	1.05	0.95				
	210	1	77.62553123684211	15.923185894736843	0.0	0.0	2	1.033906800605749	-8.587208691639443	138.0	23	1.05	0.95				
	211	1	0.0	0.0	0.0	0.0	2	0.9872136599754636	-5.206090749437785	230.0	23	1.05	0.95				
	212	1	0.0	0.0	0.0	0.0	2	0.989177890564823	-0.48413100101214035	230.0	23	1.05	0.95				
	213	2	105.49110655263159	21.496300957894736	0.0	0.0	2	0.9832856430770421	-2.6426071741762986	230.0	24	1.05	0.95				
	214	2	77.22745158947369	15.525106247368422	0.0	0.0	2	0.9832268088347589	-4.46781266295622	230.0	26	1.05	0.95				
	215	2	126.19124821578947	25.477097431578947	0.0	0.0	2	0.9911628010349299	-0.6583597467645375	230.0	26	1.05	0.95				
	216	2	39.8079647368421	7.9615929473684215	0.0	0.0	2	0.9895047401673744	-0.7935237677492147	230.0	26	1.05	0.95				
	217	1	0.0	0.0	0.0	0.0	2	0.9998040681375882	0.06476854179386367	230.0	27	1.05	0.95				
	218	2	132.5605225736842	27.069416021052632	0.0	0.0	2	1.0007290643366646	-0.4936231136553561	230.0	27	1.05	0.95				
	219	1	72.05241617368421	14.728946952631578	0.0	0.0	2	0.9833074281999554	0.22859886839691865	230.0	25	1.05	0.95				
	220	1	50.954194863157895	10.350070831578947	0.0	0.0	2	0.9811449176874149	1.9723087292843215	230.0	25	1.05	0.95				
	221	2	0.0	0.0	0.0	0.0	2	1.0030750769704495	-0.018026738757043807	230.0	27	1.05	0.95				
	222	2	0.0	0.0	0.0	0.0	2	1.0201536667327253	4.373198827010241	230.0	27	1.05	0.95				
	223	2	0.0	0.0	0.0	0.0	2	0.9811878815172286	3.270774994323652	230.0	25	1.05	0.95				
	224	1	0.0	0.0	0.0	0.0	2	0.9841101203362891	-3.550672201196081	230.0	26	1.05	0.95				
	301	2	54.10249920000001	11.020879466666669	0.0	0.0	3	1.007049908323861	28.442256981686285	138.0	31	1.05	0.95				
	302	2	48.59205946666667	10.018981333333334	0.0	0.0	3	1.0074619664495708	28.141393389935935	138.0	32	1.05	0.95				
	303	1	90.17083200000002	18.535115466666667	0.0	0.0	3	1.0159923928610666	40.88147582833108	138.0	31	1.05	0.95				
	304	1	37.070230933333335	7.514236	0.0	0.0	3	0.9983098774019435	29.740688250270406	138.0	31	1.05	0.95				
	305	1	35.56738373333334	7.013286933333335	0.0	0.0	3	1.0150457504954322	28.012195057228315	138.0	31	1.05	0.95				
	306	1	68.12907306666668	14.02657386666667	0.0	-100.0	3	1.026980694458453	27.175811387436482	138.0	32	1.05	0.95				
	307	2	62.61863333333334	12.523726666666668	0.0	0.0	3	0.9686617912583092	24.800292711659168	138.0	32	1.05	0.95				
	308	1	85.6622904	17.533217333333333	0.0	0.0	3	0.9822909796627197	27.062401233874073	138.0	32	1.05	0.95				
	309	1	87.66608666666667	18.0341664	0.0	0.0	3	1.007582158959782	33.17989261210471	138.0	33	1.05	0.95				
	310	1	97.685068	20.03796266666667	0.0	0.0	3	1.0356125240817027	29.22638293497614	138.0	33	1.05	0.95				
	311	1	0.0	0.0	0.0	0.0	3	0.9912982017649659	33.24697342273438	230.0	33	1.05	0.95				
	312	1	0.0	0.0	0.0	0.0	3	0.9992378863578149	33.53393146613225	230.0	33	1.05	0.95				
	313	2	132.75150266666665	27.051249600000006	0.0	0.0	3	0.9995742218762356	36.69118242164382	230.0	34	1.05	0.95				
	314	2	97.18411893333334	19.5370136	0.0	0.0	3	0.9788765276965605	32.368395448687814	230.0	36	1.05	0.95				
	315	2	158.80085413333333	32.06074026666667	0.0	0.0	3	0.9829021852454203	29.89237531473876	230.0	36	1.05	0.95				
	316	2	50.094906666666674	10.018981333333334	0.0	0.0	3	0.9724666601201752	30.337450957049217	230.0	36	1.05	0.95				
	317	1	0.0	0.0	0.0	0.0	3	0.9883817758703387	31.42081185083655	230.0	37	1.05	0.95				
	318	2	166.81603920000003	34.06453653333334	0.0	0.0	3	0.9846791203951488	27.940763544300953	230.0	37	1.05	0.95				
	319	1	90.67178106666668	18.535115466666667	0.0	0.0	3	0.9816308391884836	30.351579732839674	230.0	35	1.05	0.95				
	320	1	64.12148053333334	13.024675733333336	0.0	0.0	3	0.9911374042282673	30.297643754535255	230.0	35	1.05	0.95				
	321	2	0.0	0.0	0.0	0.0	3	0.9924037853838282	29.003187741353923	230.0	37	1.05	0.95				
	322	2	0.0	0.0	0.0	0.0	3	1.0087025017833773	32.39022085691972	230.0	37	1.05	0.95				
	323	2	0.0	0.0	0.0	0.0	3	0.9960520830169834	30.11279996947941	230.0	35	1.05	0.95				
	324	1	0.0	0.0	0.0	0.0	3	0.9940182238768597	35.410114323531545	230.0	36	1.05	0.95				
	325	1	0.0	0.0	0.0	0.0	3	0.9971796483074009	29.01442329302355	230.0	35	1.05	0.95				
];
