%% MATPOWER Case Format : Version 2
function mpc = RTS_GMLC
mpc.version = '2';

%%-----  Power Flow Data  -----%%
%% system MVA base
mpc.baseMVA = 100.0;
%% bus data
%    bus_i    type    Pd    Qd    Gs    Bs    area    Vm    Va    baseKV    zone    Vmax    Vmin
mpc.bus = [
	101	2	58.756061368421065	11.968827315789474	0.0	0.0	1	1.03650869275648	2.1196630521294595	138.0	11	1.05	0.95				
	102	2	52.77164771052632	10.88075210526316	0.0	0.0	1	1.0365478109734398	2.095473620346295	138.0	12	1.05	0.95				
	103	1	97.92676894736843	20.129391394736842	0.0	0.0	1	1.026207098939515	-0.30067636672856074	138.0	11	1.05	0.95				
	104	1	40.258782789473685	8.160564078947369	0.0	0.0	1	1.0210343584476613	-1.3720462415028571	138.0	11	1.05	0.95				
	105	1	38.62666997368421	7.616526473684211	0.0	0.0	1	1.0357791912429695	-1.183241324287559	138.0	11	1.05	0.95				
	106	1	73.98911431578948	15.233052947368423	0.0	-100.0	1	1.0428327925248102	-3.5386901132151714	138.0	12	1.05	0.95				
	107	2	68.00470065789474	13.600940131578948	0.0	0.0	1	1.027462625146661	-2.030286333727017	138.0	12	1.05	0.95				
	108	1	93.03043050000001	19.041316184210526	0.0	0.0	1	1.0183566448545331	-3.9135669364426224	138.0	12	1.05	0.95				
	109	1	95.20658092105263	19.585353789473682	0.0	0.0	1	1.0256282381941284	-2.022073726196414	138.0	13	1.05	0.95				
	110	1	106.08733302631579	21.76150421052632	0.0	0.0	1	1.05	-2.8303377597470445	138.0	13	1.05	0.95				
	111	1	0.0	0.0	0.0	0.0	1	1.0062407633220842	-0.41643437250017745	230.0	13	1.05	0.95				
	112	1	0.0	0.0	0.0	0.0	1	1.010862246058112	0.24509384654380037	230.0	13	1.05	0.95				
	113	3	144.16996539473686	29.378030684210533	0.0	0.0	1	0.9998273157452916	-1.663233141692474e-29	230.0	14	1.05	0.95				
	114	2	105.54329542105263	21.217466605263162	0.0	0.0	1	1.0035662996555261	1.339521094768612	230.0	16	1.05	0.95				
	115	2	172.45992086842105	34.81840673684211	0.0	0.0	1	1.0405970804172129	7.229686322658247	230.0	16	1.05	0.95				
	116	2	54.40376052631579	10.88075210526316	0.0	0.0	1	1.036777110372149	7.027874443850804	230.0	16	1.05	0.95				
	117	1	0.0	0.0	0.0	0.0	1	1.0446952883162017	9.195343322171366	230.0	17	1.05	0.95				
	118	2	181.1645225526316	36.99455715789474	0.0	0.0	1	1.0478167471948958	9.469203610238761	230.0	17	1.05	0.95				
	119	1	98.47080655263159	20.129391394736842	0.0	0.0	1	1.0302197620779512	6.14910828950581	230.0	15	1.05	0.95				
	120	1	69.63681347368421	14.144977736842106	0.0	0.0	1	1.0287963489290421	6.430789379050701	230.0	15	1.05	0.95				
	121	2	0.0	0.0	0.0	0.0	1	1.05	9.469380744432348	230.0	17	1.05	0.95				
	122	2	0.0	0.0	0.0	0.0	1	1.05	15.898719250974992	230.0	17	1.05	0.95				
	123	2	0.0	0.0	0.0	0.0	1	1.029169162089579	7.000695250730093	230.0	15	1.05	0.95				
	124	1	0.0	0.0	0.0	0.0	1	1.0254610729965932	4.4267781919394	230.0	16	1.05	0.95				
	201	2	51.7985203831579	10.551550448421052	0.0	0.0	2	1.0309953016957982	-4.916251204026269	138.0	21	1.05	0.95				
	202	2	46.522745158947366	9.592318589473685	0.0	0.0	2	1.031220326564613	-4.9378862365515515	138.0	22	1.05	0.95				
	203	1	86.33086730526315	17.745789390526316	0.0	0.0	2	1.0252655370825505	-4.341247317035032	138.0	21	1.05	0.95				
	204	1	35.49157878105263	7.1942389421052635	0.0	0.0	2	1.019401259431675	-7.439257010671872	138.0	21	1.05	0.95				
	205	1	34.052730992631574	6.714623012631579	0.0	0.0	2	1.0342364112418034	-7.580343949462462	138.0	21	1.05	0.95				
	206	1	65.22776640842105	13.429246025263158	0.0	-100.0	2	1.0438039508158492	-9.532141985715665	138.0	22	1.05	0.95				
	207	2	59.95199118421053	11.990398236842106	0.0	0.0	2	0.9868634449949478	-16.820443437306103	138.0	22	1.05	0.95				
	208	1	82.01432394	16.786557531578946	0.0	0.0	2	0.9933534769833056	-14.6225358438812	138.0	22	1.05	0.95				
	209	1	83.93278765789474	17.26617346105263	0.0	0.0	2	1.0239904270716278	-7.53429522243331	138.0	23	1.05	0.95				
	210	1	93.52510624736841	19.18463717894737	0.0	0.0	2	1.05	-8.759823331603265	138.0	23	1.05	0.95				
	211	1	0.0	0.0	0.0	0.0	2	1.0077417000014461	-5.050737064735078	230.0	23	1.05	0.95				
	212	1	0.0	0.0	0.0	0.0	2	1.0124879418916342	-4.564074655883781	230.0	23	1.05	0.95				
	213	2	127.0982213105263	25.89926019157895	0.0	0.0	2	1.002578381956477	-4.318803692631804	230.0	24	1.05	0.95				
	214	2	93.04549031789473	18.705021249473685	0.0	0.0	2	1.009605838042804	-2.501417310355785	230.0	26	1.05	0.95				
	215	2	152.03824964315788	30.69541948631579	0.0	0.0	2	1.0321624388374906	4.057301657707557	230.0	26	1.05	0.95				
	216	2	47.96159294736842	9.592318589473685	0.0	0.0	2	1.0342753381903773	3.951428961306961	230.0	26	1.05	0.95				
	217	1	0.0	0.0	0.0	0.0	2	1.0388890104059314	6.78155019820193	230.0	27	1.05	0.95				
	218	2	159.71210451473686	32.613883204210524	0.0	0.0	2	1.040658638324504	7.386322660780007	230.0	27	1.05	0.95				
	219	1	86.81048323473685	17.745789390526316	0.0	0.0	2	1.0350389004232363	2.860429856436218	230.0	25	1.05	0.95				
	220	1	61.39083897263158	12.470014166315789	0.0	0.0	2	1.039257424082844	2.833740609647839	230.0	25	1.05	0.95				
	221	2	0.0	0.0	0.0	0.0	2	1.0401261540211895	7.028359349186531	230.0	27	1.05	0.95				
	222	2	0.0	0.0	0.0	0.0	2	1.05	13.4338085162699	230.0	27	1.05	0.95				
	223	2	0.0	0.0	0.0	0.0	2	1.0423278130102074	3.176062807696651	230.0	25	1.05	0.95				
	224	1	0.0	0.0	0.0	0.0	2	1.0190106362555094	0.9030346856523677	230.0	26	1.05	0.95				
	301	2	60.577032581052634	12.339765896140351	0.0	0.0	3	1.0069199198140424	-32.92266680803515	138.0	31	1.05	0.95				
	302	2	54.40714963298245	11.217968996491228	0.0	0.0	3	1.0063073736271657	-33.066751733622134	138.0	32	1.05	0.95				
	303	1	100.96172096842105	20.75324264350877	0.0	0.0	3	1.0215610261493064	-25.686418822606125	138.0	31	1.05	0.95				
	304	1	41.50648528701754	8.41347674736842	0.0	0.0	3	1.0070082282885375	-31.154381054525583	138.0	31	1.05	0.95				
	305	1	39.82378993754386	7.852578297543861	0.0	0.0	3	1.0207616447834662	-32.07917032194874	138.0	31	1.05	0.95				
	306	1	76.28218917614036	15.705156595087722	0.0	-100.0	3	1.036056490169137	-32.23872160362747	138.0	32	1.05	0.95				
	307	2	70.11230622807018	14.022461245614034	0.0	0.0	3	0.9961828687340786	-36.37792026166002	138.0	32	1.05	0.95				
	308	1	95.91363491999999	19.631445743859647	0.0	0.0	3	0.997338320967064	-34.734371823155314	138.0	32	1.05	0.95				
	309	1	98.15722871929825	20.192344193684207	0.0	0.0	3	1.0269239748465286	-27.30441385372133	138.0	33	1.05	0.95				
	310	1	109.37519771578947	22.435937992982456	0.0	0.0	3	1.05	-29.43521177742327	138.0	33	1.05	0.95				
	311	1	0.0	0.0	0.0	0.0	3	1.0173335186591745	-22.285861428931028	230.0	33	1.05	0.95				
	312	1	0.0	0.0	0.0	0.0	3	1.017123132613408	-21.686988641396894	230.0	33	1.05	0.95				
	313	2	148.63808920350877	30.288516290526317	0.0	0.0	3	1.024521103951536	-18.583159253048102	230.0	34	1.05	0.95				
	314	2	108.8142992659649	21.875039543157897	0.0	0.0	3	1.0282768107107545	-19.492413365804442	230.0	36	1.05	0.95				
	315	2	177.80480859438597	35.89750078877193	0.0	0.0	3	1.0485493407381163	-12.554314637820346	230.0	36	1.05	0.95				
	316	2	56.089844982456135	11.217968996491228	0.0	0.0	3	1.04855731901577	-12.201484077263158	230.0	36	1.05	0.95				
	317	1	0.0	0.0	0.0	0.0	3	1.0493074576037291	-9.46002363315814	230.0	37	1.05	0.95				
	318	2	186.77918379157893	38.14109458807018	0.0	0.0	3	1.049501318210495	-8.834750242700373	230.0	37	1.05	0.95				
	319	1	101.52261941824561	20.75324264350877	0.0	0.0	3	1.0457787218136987	-13.324266492075582	230.0	35	1.05	0.95				
	320	1	71.79500157754386	14.583359695438597	0.0	0.0	3	1.0477829952742044	-13.251286283793442	230.0	35	1.05	0.95				
	321	2	0.0	0.0	0.0	0.0	3	1.05	-8.431025782788794	230.0	37	1.05	0.95				
	322	2	0.0	0.0	0.0	0.0	3	1.05	-3.0588508588149743	230.0	37	1.05	0.95				
	323	2	0.0	0.0	0.0	0.0	3	1.05	-12.80095958920161	230.0	35	1.05	0.95				
	324	1	0.0	0.0	0.0	0.0	3	1.021748153267811	-17.402766903394372	230.0	36	1.05	0.95				
	325	1	0.0	0.0	0.0	0.0	3	1.0410403139758015	-11.004607254593783	230.0	35	1.05	0.95				
];
