%% MATPOWER Case Format : Version 2
function mpc = RTS_GMLC
mpc.version = '2';

%%-----  Power Flow Data  -----%%
%% system MVA base
mpc.baseMVA = 100.0;
%% bus data
%    bus_i    type    Pd    Qd    Gs    Bs    area    Vm    Va    baseKV    zone    Vmax    Vmin
mpc.bus = [
	101	2	51.14101930105264	10.417615042807018	0.0	0.0	1	1.0320755962011239	-0.4802428129895647	138.0	11	1.05	0.95				
	102	2	45.93221177964912	9.470559129824563	0.0	0.0	1	1.031159294985229	-0.747500523334576	138.0	12	1.05	0.95				
	103	1	85.23503216842106	17.52053439017544	0.0	0.0	1	1.0272197846739566	-1.3991335422785527	138.0	11	1.05	0.95				
	104	1	35.04106878035088	7.102919347368421	0.0	0.0	1	1.0199507525750684	-3.4320649032445187	138.0	11	1.05	0.95				
	105	1	33.62048491087719	6.629391390877195	0.0	0.0	1	1.0347740182434908	-3.2958363942506548	138.0	11	1.05	0.95				
	106	1	64.39980208280703	13.25878278175439	0.0	-100.0	1	1.0439391361746437	-5.385626037168049	138.0	12	1.05	0.95				
	107	2	59.19099456140351	11.838198912280703	0.0	0.0	1	1.0008325629636832	-10.997374851479819	138.0	12	1.05	0.95				
	108	1	80.97328056	16.57347847719298	0.0	0.0	1	1.0029930555820203	-9.58249781267834	138.0	12	1.05	0.95				
	109	1	82.8673923859649	17.04700643368421	0.0	0.0	1	1.024949397977968	-3.7029836987257174	138.0	13	1.05	0.95				
	110	1	92.33795151578947	18.941118259649127	0.0	0.0	1	1.05	-4.652019366749483	138.0	13	1.05	0.95				
	111	1	0.0	0.0	0.0	0.0	1	1.0057408480720826	-1.2481087729099847	230.0	13	1.05	0.95				
	112	1	0.0	0.0	0.0	0.0	1	1.0099653741605146	-0.911471034754368	230.0	13	1.05	0.95				
	113	3	125.48490847017544	25.57050965052632	0.0	0.0	1	1.0010806302765562	1.2629392955311831e-27	230.0	14	1.05	0.95				
	114	2	91.86442355929825	18.467590303157895	0.0	0.0	1	1.0040051973750668	0.7098565342683978	230.0	16	1.05	0.95				
	115	2	150.1083622077193	30.3057892154386	0.0	0.0	1	1.0384058445608375	6.841404840757044	230.0	16	1.05	0.95				
	116	2	47.35279564912281	9.470559129824563	0.0	0.0	1	1.0344367518354909	6.254592913715358	230.0	16	1.05	0.95				
	117	1	0.0	0.0	0.0	0.0	1	1.0410906906738808	8.603656786310106	230.0	17	1.05	0.95				
	118	2	157.68480951157895	32.199901041403514	0.0	0.0	1	1.0437798927404789	8.70443999818375	230.0	17	1.05	0.95				
	119	1	85.70856012491228	17.52053439017544	0.0	0.0	1	1.027630074025266	4.939946202464565	230.0	15	1.05	0.95				
	120	1	60.6115784308772	12.31172686877193	0.0	0.0	1	1.0253561163506761	4.709579538468744	230.0	15	1.05	0.95				
	121	2	0.0	0.0	0.0	0.0	1	1.0474083153702753	9.883400056166591	230.0	17	1.05	0.95				
	122	2	0.0	0.0	0.0	0.0	1	1.05	17.331502149570937	230.0	17	1.05	0.95				
	123	2	0.0	0.0	0.0	0.0	1	1.0248441987935788	4.947687617553323	230.0	15	1.05	0.95				
	124	1	0.0	0.0	0.0	0.0	1	1.0237514370703062	3.760962263994124	230.0	16	1.05	0.95				
	201	2	50.14953564631579	10.215646150175438	0.0	0.0	2	1.0252875244702078	-10.116263172287795	138.0	21	1.05	0.95				
	202	2	45.04171257122807	9.286951045614035	0.0	0.0	2	1.0262680980354733	-9.919070863707041	138.0	22	1.05	0.95				
	203	1	83.58255941052631	17.180859434385965	0.0	0.0	2	1.0172789500378643	-9.25516989345884	138.0	21	1.05	0.95				
	204	1	34.36171886877193	6.965213284210526	0.0	0.0	2	1.017327107185935	-11.488256774582416	138.0	21	1.05	0.95				
	205	1	32.96867621192982	6.500865731929825	0.0	0.0	2	1.0319550304841916	-11.779470435822624	138.0	21	1.05	0.95				
	206	1	63.15126711017543	13.00173146385965	0.0	-100.0	2	1.043510843813603	-13.122748346116007	138.0	22	1.05	0.95				
	207	2	58.043444035087724	11.608688807017543	0.0	0.0	2	0.9910448127544342	-19.822304854884347	138.0	22	1.05	0.95				
	208	1	79.40343143999999	16.25216432982456	0.0	0.0	2	0.9962941392660912	-17.694696876145336	138.0	22	1.05	0.95				
	209	1	81.2608216491228	16.716511882105262	0.0	0.0	2	1.023346408556543	-10.865849087430261	138.0	23	1.05	0.95				
	210	1	90.54777269473684	18.57390209122807	0.0	0.0	2	1.05	-11.977123430308767	138.0	23	1.05	0.95				
	211	1	0.0	0.0	0.0	0.0	2	1.0072408619081632	-7.868398737070391	230.0	23	1.05	0.95				
	212	1	0.0	0.0	0.0	0.0	2	1.0095961134488312	-6.916258093896878	230.0	23	1.05	0.95				
	213	2	123.05210135438595	25.074767823157895	0.0	0.0	2	1.0039262151504735	-6.466238960513238	230.0	24	1.05	0.95				
	214	2	90.08342514245614	18.109554538947368	0.0	0.0	2	1.0086808929658317	-5.445300850649161	230.0	26	1.05	0.95				
	215	2	147.19817407298245	29.71824334596491	0.0	0.0	2	1.0265853530574154	0.8037274450894322	230.0	26	1.05	0.95				
	216	2	46.43475522807017	9.286951045614035	0.0	0.0	2	1.028009702405659	0.795156289703022	230.0	26	1.05	0.95				
	217	1	0.0	0.0	0.0	0.0	2	1.0324874499060164	2.829299073706535	230.0	27	1.05	0.95				
	218	2	154.62773490947367	31.575633555087716	0.0	0.0	2	1.0324011009954817	2.6669440998245912	230.0	27	1.05	0.95				
	219	1	84.04690696280703	17.180859434385965	0.0	0.0	2	1.0288631738739502	0.8166863900360606	230.0	25	1.05	0.95				
	220	1	59.43648669192982	12.073036359298246	0.0	0.0	2	1.0329054013375694	1.734013351282226	230.0	25	1.05	0.95				
	221	2	0.0	0.0	0.0	0.0	2	1.0334398915182756	2.8330663450545486	230.0	27	1.05	0.95				
	222	2	0.0	0.0	0.0	0.0	2	1.05	9.32723609540182	230.0	27	1.05	0.95				
	223	2	0.0	0.0	0.0	0.0	2	1.0361033708378962	2.5856944735579783	230.0	25	1.05	0.95				
	224	1	0.0	0.0	0.0	0.0	2	1.0107073946774998	-2.967516547064526	230.0	26	1.05	0.95				
	301	2	50.44669408421053	10.276178424561405	0.0	0.0	3	1.0112728962601059	-12.472209469561895	138.0	31	1.05	0.95				
	302	2	45.308604871929816	9.341980385964913	0.0	0.0	3	1.0104668559005154	-12.706549335517145	138.0	32	1.05	0.95				
	303	1	84.0778234736842	17.28266371403509	0.0	0.0	3	1.04243186283245	-2.663412683793633	138.0	31	1.05	0.95				
	304	1	34.56532742807018	7.006485289473684	0.0	0.0	3	1.011521947628032	-11.326155518525988	138.0	31	1.05	0.95				
	305	1	33.16403037017543	6.539386270175439	0.0	0.0	3	1.0248012545267589	-12.736378819630245	138.0	31	1.05	0.95				
	306	1	63.52546662456141	13.078772540350878	0.0	-100.0	3	1.0399469648374096	-13.43264019013832	138.0	32	1.05	0.95				
	307	2	58.387377412280706	11.67747548245614	0.0	0.0	3	0.9914227700021141	-18.32232987437294	138.0	32	1.05	0.95				
	308	1	79.87393229999999	16.348465675438597	0.0	0.0	3	0.9971029097666549	-16.190730480485346	138.0	32	1.05	0.95				
	309	1	81.74232837719298	16.81556469473684	0.0	0.0	3	1.0272347248610192	-8.287809990163213	138.0	33	1.05	0.95				
	310	1	91.08430876315789	18.683960771929826	0.0	0.0	3	1.05	-11.497557791138506	138.0	33	1.05	0.95				
	311	1	0.0	0.0	0.0	0.0	3	1.0102767555322987	-6.089652262295331	230.0	33	1.05	0.95				
	312	1	0.0	0.0	0.0	0.0	3	1.0132783257511375	-5.6786712652588065	230.0	33	1.05	0.95				
	313	2	123.78124011403509	25.223347042105264	0.0	0.0	3	1.0116873125323587	-3.1121839917188048	230.0	34	1.05	0.95				
	314	2	90.61720974385963	18.21686175263158	0.0	0.0	3	1.0102773797794609	-4.794457919935847	230.0	36	1.05	0.95				
	315	2	148.07038911754384	29.89433723508772	0.0	0.0	3	1.0385186462612	-0.20631111648333889	230.0	36	1.05	0.95				
	316	2	46.70990192982456	9.341980385964913	0.0	0.0	3	1.0363567820649067	-0.1855728226823211	230.0	36	1.05	0.95				
	317	1	0.0	0.0	0.0	0.0	3	1.0461034072159234	3.912752567106906	230.0	37	1.05	0.95				
	318	2	155.54397342631577	31.762733312280705	0.0	0.0	3	1.0432198200446194	2.453316714415725	230.0	37	1.05	0.95				
	319	1	84.54492249298245	17.28266371403509	0.0	0.0	3	1.0292908839321473	-1.2681277886305673	230.0	35	1.05	0.95				
	320	1	59.78867447017544	12.144574501754386	0.0	0.0	3	1.026601581767372	-1.3106262008963085	230.0	35	1.05	0.95				
	321	2	0.0	0.0	0.0	0.0	3	1.0430721880409122	2.154973941316909	230.0	37	1.05	0.95				
	322	2	0.0	0.0	0.0	0.0	3	1.05	7.176583009038922	230.0	37	1.05	0.95				
	323	2	0.0	0.0	0.0	0.0	3	1.0258516698599953	-0.9741952105094576	230.0	35	1.05	0.95				
	324	1	0.0	0.0	0.0	0.0	3	1.0345442576475878	-1.1358415996576396	230.0	36	1.05	0.95				
	325	1	0.0	0.0	0.0	0.0	3	1.0252064844196467	-0.04802611130832367	230.0	35	1.05	0.95				
];
