%% MATPOWER Case Format : Version 2
function mpc = RTS_GMLC
mpc.version = '2';

%%-----  Power Flow Data  -----%%
%% system MVA base
mpc.baseMVA = 100.0;
%% bus data
%    bus_i    type    Pd    Qd    Gs    Bs    area    Vm    Va    baseKV    zone    Vmax    Vmin
mpc.bus = [
	101	2	37.24690747073684	7.587333003298245	0.0	0.0	1	1.0341741141523972	3.400755348848305	138.0	11	1.05	0.95				
	102	2	33.453240969087716	6.89757545754386	0.0	0.0	1	1.0333099708113762	3.1621114701893607	138.0	12	1.05	0.95				
	103	1	62.07817911789474	12.76051459645614	0.0	0.0	1	1.0284930096101115	1.0108045850814236	138.0	11	1.05	0.95				
	104	1	25.52102919291228	5.173181593157895	0.0	0.0	1	1.0226952319208842	0.038049725441109294	138.0	11	1.05	0.95				
	105	1	24.486392874280703	4.828302820280702	0.0	0.0	1	1.0373230110665912	0.3448053171983212	138.0	11	1.05	0.95				
	106	1	46.90351311129825	9.656605640561404	0.0	-100.0	1	1.0478363238336528	-1.7714080093446418	138.0	12	1.05	0.95				
	107	2	43.109846609649125	8.621969321929825	0.0	0.0	1	1.0013160129805354	-6.7096725344878125	138.0	12	1.05	0.95				
	108	1	58.974270161999996	12.070757050701754	0.0	0.0	1	1.0076096719085628	-5.529848110857719	138.0	12	1.05	0.95				
	109	1	60.353785253508775	12.415635823578947	0.0	0.0	1	1.024180524706565	-1.1184226389371572	138.0	13	1.05	0.95				
	110	1	67.25136071105263	13.79515091508772	0.0	0.0	1	1.05	-1.6671016583652012	138.0	13	1.05	0.95				
	111	1	0.0	0.0	0.0	0.0	1	1.0003296351283766	0.1254939554262245	230.0	13	1.05	0.95				
	112	1	0.0	0.0	0.0	0.0	1	1.0054828669872857	0.42380577539984887	230.0	13	1.05	0.95				
	113	3	91.39287481245614	18.62345373536842	0.0	0.0	1	0.9890857597092315	-2.4826750789165662e-30	230.0	14	1.05	0.95				
	114	2	66.90648193817543	13.450272142210526	0.0	0.0	1	0.9954977520453787	1.8962747391489474	230.0	16	1.05	0.95				
	115	2	109.32657100207017	22.07224146414035	0.0	0.0	1	1.0310871756574636	6.491721381869276	230.0	16	1.05	0.95				
	116	2	34.4878772877193	6.89757545754386	0.0	0.0	1	1.0270252289916508	6.359973789567783	230.0	16	1.05	0.95				
	117	1	0.0	0.0	0.0	0.0	1	1.0361742919173618	8.199058700640165	230.0	17	1.05	0.95				
	118	2	114.84463136810528	23.451756555649126	0.0	0.0	1	1.0387140350147055	8.243692890359414	230.0	17	1.05	0.95				
	119	1	62.42305789077193	12.76051459645614	0.0	0.0	1	1.0209860939416664	5.509953331617346	230.0	15	1.05	0.95				
	120	1	44.1444829282807	8.966848094807018	0.0	0.0	1	1.0177409362209606	5.449315807996503	230.0	15	1.05	0.95				
	121	2	0.0	0.0	0.0	0.0	1	1.0425009041414466	9.080186146177573	230.0	17	1.05	0.95				
	122	2	0.0	0.0	0.0	0.0	1	1.05	15.237829325579321	230.0	17	1.05	0.95				
	123	2	0.0	0.0	0.0	0.0	1	1.016131811740583	5.689570257530277	230.0	15	1.05	0.95				
	124	1	0.0	0.0	0.0	0.0	1	1.0224029959528973	4.428012231542164	230.0	16	1.05	0.95				
	201	2	37.22965528168422	7.5838186684912285	0.0	0.0	2	1.0197518699942287	-7.657527348373265	138.0	21	1.05	0.95				
	202	2	33.43774594743859	6.894380607719299	0.0	0.0	2	1.019669412403125	-7.711639723113503	138.0	22	1.05	0.95				
	203	1	62.04942546947368	12.754604124280702	0.0	0.0	2	1.0167136683502631	-6.083838241101581	138.0	21	1.05	0.95				
	204	1	25.509208248561404	5.170785455789473	0.0	0.0	2	1.0162804002202275	-8.45706334064274	138.0	21	1.05	0.95				
	205	1	24.475051157403506	4.82606642540351	0.0	0.0	2	1.0308849749704836	-8.713486162302832	138.0	21	1.05	0.95				
	206	1	46.88178813249123	9.65213285080702	0.0	-100.0	2	1.0455406973179642	-9.697194124264088	138.0	22	1.05	0.95				
	207	2	43.089878798245614	8.617975759649124	0.0	0.0	2	0.9959947480741903	-14.20565790762677	138.0	22	1.05	0.95				
	208	1	58.946954196	12.065166063508771	0.0	0.0	2	1.0038258938305231	-12.707657547385681	138.0	22	1.05	0.95				
	209	1	60.32583031754386	12.409885093894736	0.0	0.0	2	1.0224763453813603	-7.63227589653952	138.0	23	1.05	0.95				
	210	1	67.22021092526316	13.788761215438598	0.0	0.0	2	1.05	-8.665621189639205	138.0	23	1.05	0.95				
	211	1	0.0	0.0	0.0	0.0	2	1.00104298139886	-5.289749961848776	230.0	23	1.05	0.95				
	212	1	0.0	0.0	0.0	0.0	2	1.0052820278272574	-4.707767267301159	230.0	23	1.05	0.95				
	213	2	91.3505430522807	18.61482764084211	0.0	0.0	2	0.9934315324996739	-4.2607270957288215	230.0	24	1.05	0.95				
	214	2	66.87549189487719	13.444042185052632	0.0	0.0	2	0.9982285676481746	-3.174692431494152	230.0	26	1.05	0.95				
	215	2	109.27593263235087	22.062017944701754	0.0	0.0	2	1.0164372070922618	1.931338045876871	230.0	26	1.05	0.95				
	216	2	34.471903038596494	6.894380607719299	0.0	0.0	2	1.0174644962878452	1.8832482478286863	230.0	26	1.05	0.95				
	217	1	0.0	0.0	0.0	0.0	2	1.0229704390203473	3.4914894310934526	230.0	27	1.05	0.95				
	218	2	114.7914371185263	23.440894066245615	0.0	0.0	2	1.0223585826928703	3.072415519399407	230.0	27	1.05	0.95				
	219	1	62.39414449985965	12.754604124280702	0.0	0.0	2	1.0179721662651484	1.5954860602924634	230.0	25	1.05	0.95				
	220	1	44.12403588940351	8.962694790035087	0.0	0.0	2	1.020327434430018	2.032416894644523	230.0	25	1.05	0.95				
	221	2	0.0	0.0	0.0	0.0	2	1.0240205515564285	3.499105467665659	230.0	27	1.05	0.95				
	222	2	0.0	0.0	0.0	0.0	2	1.0460970978271444	10.035513413954387	230.0	27	1.05	0.95				
	223	2	0.0	0.0	0.0	0.0	2	1.0218961742471804	2.541717486526069	230.0	25	1.05	0.95				
	224	1	0.0	0.0	0.0	0.0	2	1.006541250676395	-1.1018552478890238	230.0	26	1.05	0.95				
	301	2	41.37551408842105	8.42834546245614	0.0	0.0	3	1.0098120788067169	-17.71680396370804	138.0	31	1.05	0.95				
	302	2	37.16134135719298	7.662132238596492	0.0	0.0	3	1.009789518930933	-17.811032849493934	138.0	32	1.05	0.95				
	303	1	68.95919014736842	14.174944641403508	0.0	0.0	3	1.0222622614932142	-12.847670698248857	138.0	31	1.05	0.95				
	304	1	28.349889282807016	5.746599178947368	0.0	0.0	3	1.0122477008314619	-16.407512524764183	138.0	31	1.05	0.95				
	305	1	27.200569447017543	5.363492567017544	0.0	0.0	3	1.0250920840009428	-17.287069929718818	138.0	31	1.05	0.95				
	306	1	52.102499222456146	10.726985134035088	0.0	-100.0	3	1.04221219182826	-17.516725759859888	138.0	32	1.05	0.95				
	307	2	47.888326491228064	9.577665298245613	0.0	0.0	3	0.9945974461790934	-21.427909004629793	138.0	32	1.05	0.95				
	308	1	65.51123064	13.408731417543857	0.0	0.0	3	1.0022208280955809	-19.740865947953615	138.0	32	1.05	0.95				
	309	1	67.04365708771928	13.791838029473682	0.0	0.0	3	1.0258632355034887	-13.68680873026959	138.0	33	1.05	0.95				
	310	1	74.70578932631578	15.324264477192983	0.0	0.0	3	1.05	-15.622013994884934	138.0	33	1.05	0.95				
	311	1	0.0	0.0	0.0	0.0	3	1.0038486965514177	-10.663435610110378	230.0	33	1.05	0.95				
	312	1	0.0	0.0	0.0	0.0	3	1.0091063189160168	-10.046903916150718	230.0	33	1.05	0.95				
	313	2	101.5232521614035	20.687757044210525	0.0	0.0	3	1.0069006898786361	-7.215419944933492	230.0	34	1.05	0.95				
	314	2	74.32268271438596	14.941157865263158	0.0	0.0	3	0.9972917179230563	-9.543973112045967	230.0	36	1.05	0.95				
	315	2	121.44479598175437	24.51882316350877	0.0	0.0	3	1.0197121129234532	-6.26358631734883	230.0	36	1.05	0.95				
	316	2	38.31066119298245	7.662132238596492	0.0	0.0	3	1.0189784127830817	-5.664111545998589	230.0	36	1.05	0.95				
	317	1	0.0	0.0	0.0	0.0	3	1.0251891991626552	-3.87102602479929	230.0	37	1.05	0.95				
	318	2	127.57450177263156	26.051249611228073	0.0	0.0	3	1.023862102465362	-4.137338061850048	230.0	37	1.05	0.95				
	319	1	69.34229675929824	14.174944641403508	0.0	0.0	3	1.016844062473142	-5.967192862400662	230.0	35	1.05	0.95				
	320	1	49.03764632701754	9.960771910175438	0.0	0.0	3	1.0173721541294516	-5.467659752160833	230.0	35	1.05	0.95				
	321	2	0.0	0.0	0.0	0.0	3	1.0247239665858998	-4.301537879385744	230.0	37	1.05	0.95				
	322	2	0.0	0.0	0.0	0.0	3	1.0383609733355752	0.27201406819100543	230.0	37	1.05	0.95				
	323	2	0.0	0.0	0.0	0.0	3	1.0181465877903413	-4.891890774349822	230.0	35	1.05	0.95				
	324	1	0.0	0.0	0.0	0.0	3	1.0120580707239557	-8.760673150919356	230.0	36	1.05	0.95				
	325	1	0.0	0.0	0.0	0.0	3	1.0162822749862934	-3.705139776763869	230.0	35	1.05	0.95				
];
