%% MATPOWER Case Format : Version 2
function mpc = RTS_GMLC
mpc.version = '2';

%%-----  Power Flow Data  -----%%
%% system MVA base
mpc.baseMVA = 100.0;
%% bus data
%    bus_i    type    Pd    Qd    Gs    Bs    area    Vm    Va    baseKV    zone    Vmax    Vmin
mpc.bus = [
	101	2	53.29193468210527	10.855764472280702	0.0	0.0	1	1.0104539162946184	-6.183177973734186	138.0	11	1.05	0.95				
	102	2	47.864052445964916	9.868876792982457	0.0	0.0	1	1.0103676081706392	-6.420875385817824	138.0	12	1.05	0.95				
	103	1	88.81989113684212	18.257422067017544	0.0	0.0	1	0.9975442697153781	-0.864116132093896	138.0	11	1.05	0.95				
	104	1	36.51484413403509	7.401657594736842	0.0	0.0	1	0.999449014463468	-6.071234998680535	138.0	11	1.05	0.95				
	105	1	35.03451261508772	6.90821375508772	0.0	0.0	1	1.0131938696552591	-7.2864239583111345	138.0	11	1.05	0.95				
	106	1	67.10836219228071	13.81642751017544	0.0	-100.0	1	1.0219286905486937	-8.472622841092184	138.0	12	1.05	0.95				
	107	2	61.68047995614035	12.336095991228072	0.0	0.0	1	0.98701279816618	-10.825866794171208	138.0	12	1.05	0.95				
	108	1	84.37889658	17.270534387719298	0.0	0.0	1	0.9850485161516199	-10.291776467629274	138.0	12	1.05	0.95				
	109	1	86.3526719385965	17.763978227368423	0.0	0.0	1	1.0005833524664989	-4.682546791255373	138.0	13	1.05	0.95				
	110	1	96.22154873157895	19.737753585964914	0.0	0.0	1	1.028077739891456	-6.771090594738463	138.0	13	1.05	0.95				
	111	1	0.0	0.0	0.0	0.0	1	0.9841894635496381	-1.5366049473428178	230.0	13	1.05	0.95				
	112	1	0.0	0.0	0.0	0.0	1	0.9835772393639061	-2.065137285641163	230.0	13	1.05	0.95				
	113	3	130.76261750701755	26.645967341052636	0.0	0.0	1	0.9700037943137546	4.12475924810206e-29	230.0	14	1.05	0.95				
	114	2	95.72810489192983	19.244309746315793	0.0	0.0	1	0.9962622971455802	1.4154062236859057	230.0	16	1.05	0.95				
	115	2	156.42169716877194	31.580405737543867	0.0	0.0	1	0.991667015544369	10.543180137979702	230.0	16	1.05	0.95				
	116	2	49.34438396491229	9.868876792982457	0.0	0.0	1	0.9922736851822913	9.007909356810222	230.0	16	1.05	0.95				
	117	1	0.0	0.0	0.0	0.0	1	0.9964942471538706	14.530717830995503	230.0	17	1.05	0.95				
	118	2	164.3167986031579	33.554181096140354	0.0	0.0	1	1.0027818028647144	15.332633911942374	230.0	17	1.05	0.95				
	119	1	89.31333497649125	18.257422067017544	0.0	0.0	1	0.992007004604312	5.704869690110707	230.0	15	1.05	0.95				
	120	1	63.16081147508773	12.829539830877195	0.0	0.0	1	0.9970407612009854	3.394256353613908	230.0	15	1.05	0.95				
	121	2	0.0	0.0	0.0	0.0	1	1.0021291573812594	17.00576168098417	230.0	17	1.05	0.95				
	122	2	0.0	0.0	0.0	0.0	1	1.0176310144336318	30.64254894408075	230.0	17	1.05	0.95				
	123	2	0.0	0.0	0.0	0.0	1	1.0010759883038398	2.5302432293967914	230.0	15	1.05	0.95				
	124	1	0.0	0.0	0.0	0.0	1	0.9802581644947771	6.201581027367133	230.0	16	1.05	0.95				
	201	2	44.25059027368422	9.014009129824561	0.0	0.0	2	1.0111243985298646	-7.441878244916404	138.0	21	1.05	0.95				
	202	2	39.74358570877193	8.194553754385964	0.0	0.0	2	1.0099704026295493	-7.595515093622579	138.0	22	1.05	0.95				
	203	1	73.7509837894737	15.159924445614035	0.0	0.0	2	0.9970397682368005	-6.055571062064878	138.0	21	1.05	0.95				
	204	1	30.31984889122807	6.145915315789473	0.0	0.0	2	1.0011017601152565	-6.578785373000118	138.0	21	1.05	0.95				
	205	1	29.090665828070172	5.736187628070176	0.0	0.0	2	1.0170228747791914	-6.813567378229396	138.0	21	1.05	0.95				
	206	1	55.72296552982456	11.472375256140351	0.0	-100.0	2	1.028451515236988	-6.974250232455684	138.0	22	1.05	0.95				
	207	2	51.21596096491228	10.243192192982455	0.0	0.0	2	0.9717826506817168	-11.953853884132446	138.0	22	1.05	0.95				
	208	1	70.0634346	14.340469070175438	0.0	0.0	2	0.9799803622506719	-10.062093422268061	138.0	22	1.05	0.95				
	209	1	71.7023453508772	14.750196757894738	0.0	0.0	2	1.0063236951206125	-3.9957811934529186	138.0	23	1.05	0.95				
	210	1	79.89689910526316	16.38910750877193	0.0	0.0	2	1.0332862891466539	-4.822768169970336	138.0	23	1.05	0.95				
	211	1	0.0	0.0	0.0	0.0	2	0.9874522534886615	-1.4966505471359905	230.0	23	1.05	0.95				
	212	1	0.0	0.0	0.0	0.0	2	0.987803445976741	3.9144267081555415	230.0	23	1.05	0.95				
	213	2	108.57783724561403	22.12529513684211	0.0	0.0	2	0.9829475997873696	1.475142607443646	230.0	24	1.05	0.95				
	214	2	79.48717141754386	15.97937982105263	0.0	0.0	2	0.9850181900268212	-1.047785785541145	230.0	26	1.05	0.95				
	215	2	129.88367700701752	26.22257201403509	0.0	0.0	2	0.993086789908922	2.1880876595686805	230.0	26	1.05	0.95				
	216	2	40.97276877192982	8.194553754385964	0.0	0.0	2	0.9905708676510095	2.3100245007745412	230.0	26	1.05	0.95				
	217	1	0.0	0.0	0.0	0.0	2	1.0014661510617873	2.8076465515711093	230.0	27	1.05	0.95				
	218	2	136.43932001052633	27.86148276491228	0.0	0.0	2	1.0021365917431444	2.371066579222457	230.0	27	1.05	0.95				
	219	1	74.16071147719299	15.159924445614035	0.0	0.0	2	0.9821659594692493	3.9089877633979646	230.0	25	1.05	0.95				
	220	1	52.44514402807018	10.652919880701754	0.0	0.0	2	0.9787080140201215	6.190437588199131	230.0	25	1.05	0.95				
	221	2	0.0	0.0	0.0	0.0	2	1.0044285184971031	2.9833064333075443	230.0	27	1.05	0.95				
	222	2	0.0	0.0	0.0	0.0	2	1.0223346615770048	8.493632489561628	230.0	27	1.05	0.95				
	223	2	0.0	0.0	0.0	0.0	2	0.9784709104160491	7.799266948980972	230.0	25	1.05	0.95				
	224	1	0.0	0.0	0.0	0.0	2	0.9845662191074792	-0.9444939151190168	230.0	26	1.05	0.95				
	301	2	54.2049984	11.041758933333332	0.0	0.0	3	1.0093407063251048	36.63440384394959	138.0	31	1.05	0.95				
	302	2	48.68411893333333	10.037962666666667	0.0	0.0	3	1.0094522386408014	36.45201520027005	138.0	32	1.05	0.95				
	303	1	90.341664	18.570230933333335	0.0	0.0	3	1.0141984582900487	44.85114221005279	138.0	31	1.05	0.95				
	304	1	37.14046186666667	7.528472	0.0	0.0	3	1.0011000370021528	38.197240121534406	138.0	31	1.05	0.95				
	305	1	35.634767466666666	7.026573866666667	0.0	0.0	3	1.0164784141785486	37.13459631682979	138.0	31	1.05	0.95				
	306	1	68.25814613333334	14.053147733333335	0.0	-100.0	3	1.0282697047638498	36.825617424234956	138.0	32	1.05	0.95				
	307	2	62.73726666666667	12.547453333333333	0.0	0.0	3	0.9696500372724846	34.95807785323857	138.0	32	1.05	0.95				
	308	1	85.82458079999999	17.566434666666666	0.0	0.0	3	0.9858623477840085	37.174293397949725	138.0	32	1.05	0.95				
	309	1	87.83217333333333	18.0683328	0.0	0.0	3	1.01118657404478	41.74448980013226	138.0	33	1.05	0.95				
	310	1	97.870136	20.075925333333334	0.0	0.0	3	1.036709177460298	39.2860975440006	138.0	33	1.05	0.95				
	311	1	0.0	0.0	0.0	0.0	3	0.9899793707920173	43.76529117731105	230.0	33	1.05	0.95				
	312	1	0.0	0.0	0.0	0.0	3	0.9968857043724647	43.91392215019821	230.0	33	1.05	0.95				
	313	2	133.00300533333333	27.1024992	0.0	0.0	3	0.9978789518410894	48.69403125664114	230.0	34	1.05	0.95				
	314	2	97.36823786666666	19.5740272	0.0	0.0	3	0.9786698548303463	42.812632364017624	230.0	36	1.05	0.95				
	315	2	159.10170826666666	32.12148053333333	0.0	0.0	3	0.9847448359869959	38.598851205162866	230.0	36	1.05	0.95				
	316	2	50.18981333333333	10.037962666666667	0.0	0.0	3	0.9757216843075788	39.39385721791382	230.0	36	1.05	0.95				
	317	1	0.0	0.0	0.0	0.0	3	0.9879318571424648	40.5868587695074	230.0	37	1.05	0.95				
	318	2	167.13207839999998	34.12907306666667	0.0	0.0	3	0.9817201469277779	36.706846245722346	230.0	37	1.05	0.95				
	319	1	90.84356213333334	18.570230933333335	0.0	0.0	3	0.9823626997432079	39.63845975858013	230.0	35	1.05	0.95				
	320	1	64.24296106666667	13.049351466666668	0.0	0.0	3	0.9886560630672995	39.304178992564395	230.0	35	1.05	0.95				
	321	2	0.0	0.0	0.0	0.0	3	0.9912911052416652	37.86997415570809	230.0	37	1.05	0.95				
	322	2	0.0	0.0	0.0	0.0	3	1.0091240864356497	42.190071181801684	230.0	37	1.05	0.95				
	323	2	0.0	0.0	0.0	0.0	3	0.9914731038667036	38.81925827744918	230.0	35	1.05	0.95				
	324	1	0.0	0.0	0.0	0.0	3	0.9957537053261717	42.70319400615026	230.0	36	1.05	0.95				
	325	1	0.0	0.0	0.0	0.0	3	0.9912252890921097	36.97895892065754	230.0	35	1.05	0.95				
];
