%% MATPOWER Case Format : Version 2
function mpc = RTS_GMLC
mpc.version = '2';

%%-----  Power Flow Data  -----%%
%% system MVA base
mpc.baseMVA = 100.0;
%% bus data
%    bus_i    type    Pd    Qd    Gs    Bs    area    Vm    Va    baseKV    zone    Vmax    Vmin
mpc.bus = [
	101	2	38.27560611789474	7.796882727719298	0.0	0.0	1	1.0321650121800228	3.6324027133395833	138.0	11	1.05	0.95				
	102	2	34.377164754035086	7.088075207017544	0.0	0.0	1	1.0312696777044943	3.3794511140317396	138.0	12	1.05	0.95				
	103	1	63.792676863157894	13.112939132982454	0.0	0.0	1	1.0309326872111513	1.6660914606655104	138.0	11	1.05	0.95				
	104	1	26.22587826596491	5.316056405263157	0.0	0.0	1	1.0219051699007935	0.23089783645690795	138.0	11	1.05	0.95				
	105	1	25.16266698491228	4.961652644912281	0.0	0.0	1	1.0361123562580599	0.4945245974159286	138.0	11	1.05	0.95				
	106	1	48.198911407719294	9.923305289824562	0.0	-100.0	1	1.0470231207582859	-1.6748006287653256	138.0	12	1.05	0.95				
	107	2	44.30047004385965	8.860094008771929	0.0	0.0	1	1.0000649150752283	-7.1220788019755235	138.0	12	1.05	0.95				
	108	1	60.603043019999994	12.4041316122807	0.0	0.0	1	1.0064849007547692	-5.7244254770095235	138.0	12	1.05	0.95				
	109	1	62.02065806140351	12.758535372631577	0.0	0.0	1	1.024766318936737	-0.9009355739981394	138.0	13	1.05	0.95				
	110	1	69.10873326842105	14.176150414035089	0.0	0.0	1	1.05	-1.5638356864409395	138.0	13	1.05	0.95				
	111	1	0.0	0.0	0.0	0.0	1	1.0018211845509675	0.4327692032655799	230.0	13	1.05	0.95				
	112	1	0.0	0.0	0.0	0.0	1	1.0069635276239286	0.551673792208059	230.0	13	1.05	0.95				
	113	3	93.91699649298245	19.13780305894737	0.0	0.0	1	0.9907386355476204	-4.694567084804616e-27	230.0	14	1.05	0.95				
	114	2	68.75432950807017	13.821746653684212	0.0	0.0	1	0.9986211257924585	2.608981046073813	230.0	16	1.05	0.95				
	115	2	112.34599203122806	22.68184066245614	0.0	0.0	1	1.038120900369327	8.02371408681386	230.0	16	1.05	0.95				
	116	2	35.440376035087716	7.088075207017544	0.0	0.0	1	1.0334988202087294	7.658056296611004	230.0	16	1.05	0.95				
	117	1	0.0	0.0	0.0	0.0	1	1.0417498581342404	9.919526134216662	230.0	17	1.05	0.95				
	118	2	118.0164521968421	24.099455703859647	0.0	0.0	1	1.0457742618984016	9.81357134736173	230.0	17	1.05	0.95				
	119	1	64.14708062350877	13.112939132982454	0.0	0.0	1	1.0262321898018887	6.365878060512781	230.0	15	1.05	0.95				
	120	1	45.36368132491228	9.214497769122806	0.0	0.0	1	1.0221962679379266	5.9271621318332945	230.0	15	1.05	0.95				
	121	2	0.0	0.0	0.0	0.0	1	1.05	10.530702645119446	230.0	17	1.05	0.95				
	122	2	0.0	0.0	0.0	0.0	1	1.05	19.835778987311887	230.0	17	1.05	0.95				
	123	2	0.0	0.0	0.0	0.0	1	1.0201485896338243	5.963165283133371	230.0	15	1.05	0.95				
	124	1	0.0	0.0	0.0	0.0	1	1.0268610482251308	5.640982531882324	230.0	16	1.05	0.95				
	201	2	42.65260506947369	8.688493625263158	0.0	0.0	2	1.0258046660685807	-7.400419626042748	138.0	21	1.05	0.95				
	202	2	38.3083582568421	7.898630568421053	0.0	0.0	2	1.0268305424312114	-7.200588996710906	138.0	22	1.05	0.95				
	203	1	71.08767511578947	14.612466551578946	0.0	0.0	2	1.0169401293575904	-6.96499744577145	138.0	21	1.05	0.95				
	204	1	29.22493310315789	5.9239729263157885	0.0	0.0	2	1.018402696902918	-9.052084605909497	138.0	21	1.05	0.95				
	205	1	28.040138517894736	5.529041397894737	0.0	0.0	2	1.0330853720592645	-9.283554204608723	138.0	21	1.05	0.95				
	206	1	53.71068786526316	11.058082795789474	0.0	-100.0	2	1.0454951872428948	-10.691374712397511	138.0	22	1.05	0.95				
	207	2	49.36644105263158	9.873288210526315	0.0	0.0	2	0.9920758463871147	-16.452691217810237	138.0	22	1.05	0.95				
	208	1	67.53329135999999	13.82260349473684	0.0	0.0	2	0.9995887551248575	-14.698753563253119	138.0	22	1.05	0.95				
	209	1	69.11301747368421	14.217535023157893	0.0	0.0	2	1.0224625823440205	-8.942309765264593	138.0	23	1.05	0.95				
	210	1	77.01164804210526	15.797261136842106	0.0	0.0	2	1.05	-9.923478638433478	138.0	23	1.05	0.95				
	211	1	0.0	0.0	0.0	0.0	2	1.0029906826963817	-6.6531304260862	230.0	23	1.05	0.95				
	212	1	0.0	0.0	0.0	0.0	2	1.0080199353876413	-6.084905317271115	230.0	23	1.05	0.95				
	213	2	104.65685503157893	21.326302534736843	0.0	0.0	2	0.9964618884800782	-5.770761096733126	230.0	24	1.05	0.95				
	214	2	76.6167165136842	15.402329608421054	0.0	0.0	2	1.000942392595229	-4.5104666650932055	230.0	26	1.05	0.95				
	215	2	125.19329450947367	25.275617818947367	0.0	0.0	2	1.0199716681993203	1.0695935432216757	230.0	26	1.05	0.95				
	216	2	39.49315284210526	7.898630568421053	0.0	0.0	2	1.021846741809205	0.8909744717837829	230.0	26	1.05	0.95				
	217	1	0.0	0.0	0.0	0.0	2	1.0270375902402877	2.822781445378595	230.0	27	1.05	0.95				
	218	2	131.5121989642105	26.85534393263158	0.0	0.0	2	1.0265607717542289	2.413025196186694	230.0	27	1.05	0.95				
	219	1	71.48260664421052	14.612466551578946	0.0	0.0	2	1.023328897446145	0.3463770498409066	230.0	25	1.05	0.95				
	220	1	50.551235637894735	10.268219738947368	0.0	0.0	2	1.0271186011795945	0.6507280213761377	230.0	25	1.05	0.95				
	221	2	0.0	0.0	0.0	0.0	2	1.0279957358180212	2.766687139652212	230.0	27	1.05	0.95				
	222	2	0.0	0.0	0.0	0.0	2	1.049999492734331	9.278729948844553	230.0	27	1.05	0.95				
	223	2	0.0	0.0	0.0	0.0	2	1.029662240253926	1.1199941210042152	230.0	25	1.05	0.95				
	224	1	0.0	0.0	0.0	0.0	2	1.008778931596464	-1.9599340632215683	230.0	26	1.05	0.95				
	301	2	54.2049984	11.041758933333332	0.0	0.0	3	1.0095144707589077	-25.0519159141356	138.0	31	1.05	0.95				
	302	2	48.68411893333333	10.037962666666667	0.0	0.0	3	1.008672574655407	-25.250003041197182	138.0	32	1.05	0.95				
	303	1	90.341664	18.570230933333335	0.0	0.0	3	1.035055512244793	-16.44490541126281	138.0	31	1.05	0.95				
	304	1	37.14046186666667	7.528472	0.0	0.0	3	1.0097575436649557	-23.748043277592814	138.0	31	1.05	0.95				
	305	1	35.634767466666666	7.026573866666667	0.0	0.0	3	1.0232619053328114	-24.824383494136658	138.0	31	1.05	0.95				
	306	1	68.25814613333334	14.053147733333335	0.0	-100.0	3	1.0384826977001278	-25.277468794402882	138.0	32	1.05	0.95				
	307	2	62.73726666666667	12.547453333333333	0.0	0.0	3	0.9917898994156473	-30.86113054575586	138.0	32	1.05	0.95				
	308	1	85.82458079999999	17.566434666666666	0.0	0.0	3	0.9958197878915697	-28.536069386966975	138.0	32	1.05	0.95				
	309	1	87.83217333333333	18.0683328	0.0	0.0	3	1.0270354905733332	-20.469607541580572	138.0	33	1.05	0.95				
	310	1	97.870136	20.075925333333334	0.0	0.0	3	1.05	-22.983042458845755	138.0	33	1.05	0.95				
	311	1	0.0	0.0	0.0	0.0	3	1.0126445786780065	-16.82019492204451	230.0	33	1.05	0.95				
	312	1	0.0	0.0	0.0	0.0	3	1.0150492187898774	-16.109530703251036	230.0	33	1.05	0.95				
	313	2	133.00300533333333	27.1024992	0.0	0.0	3	1.0164751630993667	-13.235777237740749	230.0	34	1.05	0.95				
	314	2	97.36823786666666	19.5740272	0.0	0.0	3	1.0170247321936796	-15.001250088521127	230.0	36	1.05	0.95				
	315	2	159.10170826666666	32.12148053333333	0.0	0.0	3	1.0384798937796402	-10.188333882486257	230.0	36	1.05	0.95				
	316	2	50.18981333333333	10.037962666666667	0.0	0.0	3	1.038978920467444	-9.417002329785937	230.0	36	1.05	0.95				
	317	1	0.0	0.0	0.0	0.0	3	1.0426021692645346	-7.509831229531471	230.0	37	1.05	0.95				
	318	2	167.13207839999998	34.12907306666667	0.0	0.0	3	1.040234279985501	-7.842808879861755	230.0	37	1.05	0.95				
	319	1	90.84356213333334	18.570230933333335	0.0	0.0	3	1.0370888718013287	-10.029021482847071	230.0	35	1.05	0.95				
	320	1	64.24296106666667	13.049351466666668	0.0	0.0	3	1.0391194374318795	-9.604565368731123	230.0	35	1.05	0.95				
	321	2	0.0	0.0	0.0	0.0	3	1.0412858498270534	-8.090279565781715	230.0	37	1.05	0.95				
	322	2	0.0	0.0	0.0	0.0	3	1.05	-3.53974950884798	230.0	37	1.05	0.95				
	323	2	0.0	0.0	0.0	0.0	3	1.0411934573242008	-8.997464232040908	230.0	35	1.05	0.95				
	324	1	0.0	0.0	0.0	0.0	3	1.028728071461637	-12.543700589853785	230.0	36	1.05	0.95				
	325	1	0.0	0.0	0.0	0.0	3	1.034808427037847	-7.39438995198482	230.0	35	1.05	0.95				
];
