%% MATPOWER Case Format : Version 2
function mpc = RTS_GMLC
mpc.version = '2';

%%-----  Power Flow Data  -----%%
%% system MVA base
mpc.baseMVA = 100.0;
%% bus data
%    bus_i    type    Pd    Qd    Gs    Bs    area    Vm    Va    baseKV    zone    Vmax    Vmin
mpc.bus = [
	101	2	48.37555667368421	9.854280063157894	0.0	0.0	1	1.0329712972825198	0.5636343775842828	138.0	11	1.05	0.95				
	102	2	43.44841664210526	8.958436421052632	0.0	0.0	1	1.032008433985098	0.2845677555848893	138.0	12	1.05	0.95				
	103	1	80.62592778947368	16.57310737894737	0.0	0.0	1	1.0295297739629499	-0.07625807178283252	138.0	11	1.05	0.95				
	104	1	33.14621475789474	6.718827315789473	0.0	0.0	1	1.020660053022862	-2.5341529791976245	138.0	11	1.05	0.95				
	105	1	31.80244929473684	6.270905494736842	0.0	0.0	1	1.0354508276253231	-2.416797908703243	138.0	11	1.05	0.95				
	106	1	60.9173676631579	12.541810989473683	0.0	-100.0	1	1.0447525085522564	-4.579841586524111	138.0	12	1.05	0.95				
	107	2	55.990227631578946	11.19804552631579	0.0	0.0	1	0.9999062926205112	-10.333752923852364	138.0	12	1.05	0.95				
	108	1	76.5946314	15.677263736842104	0.0	0.0	1	1.003178286264893	-8.84016736626834	138.0	12	1.05	0.95				
	109	1	78.38631868421052	16.125185557894735	0.0	0.0	1	1.024759517982403	-3.0210042738226	138.0	13	1.05	0.95				
	110	1	87.34475510526315	17.916872842105263	0.0	0.0	1	1.05	-4.024234608895577	138.0	13	1.05	0.95				
	111	1	0.0	0.0	0.0	0.0	1	1.0053948443467013	-0.6854200180030889	230.0	13	1.05	0.95				
	112	1	0.0	0.0	0.0	0.0	1	1.00884095592135	-1.0025096308026955	230.0	13	1.05	0.95				
	113	3	118.69928257894735	24.187778336842104	0.0	0.0	1	0.9978682009049561	9.462001437972683e-30	230.0	14	1.05	0.95				
	114	2	86.89683328421052	17.468951021052632	0.0	0.0	1	1.0057478969743763	1.6707602608962049	230.0	16	1.05	0.95				
	115	2	141.9912172736842	28.666996547368424	0.0	0.0	1	1.041570968288025	8.706562539686713	230.0	16	1.05	0.95				
	116	2	44.79218210526316	8.958436421052632	0.0	0.0	1	1.0358381218111736	7.606880174642322	230.0	16	1.05	0.95				
	117	1	0.0	0.0	0.0	0.0	1	1.040897996395371	12.147441328010826	230.0	17	1.05	0.95				
	118	2	149.1579664105263	30.45868383157895	0.0	0.0	1	1.0485066349086516	12.409211733575725	230.0	17	1.05	0.95				
	119	1	81.07384961052631	16.57310737894737	0.0	0.0	1	1.025025268333022	4.94735834590966	230.0	15	1.05	0.95				
	120	1	57.33399309473685	11.64596734736842	0.0	0.0	1	1.0201638802578952	3.4801979730450947	230.0	15	1.05	0.95				
	121	2	0.0	0.0	0.0	0.0	1	1.05	13.718284787168058	230.0	17	1.05	0.95				
	122	2	0.0	0.0	0.0	0.0	1	1.05	28.581771638771457	230.0	17	1.05	0.95				
	123	2	0.0	0.0	0.0	0.0	1	1.0181942570141649	3.017711181150294	230.0	15	1.05	0.95				
	124	1	0.0	0.0	0.0	0.0	1	1.0259705340669127	5.42484224957823	230.0	16	1.05	0.95				
	201	2	41.41161655578948	8.43569966877193	0.0	0.0	2	1.014715919833891	-11.901885607047832	138.0	21	1.05	0.95				
	202	2	37.193766721403506	7.668817880701756	0.0	0.0	2	1.0141068269736322	-12.09119606292666	138.0	22	1.05	0.95				
	203	1	69.0193609263158	14.187313079298248	0.0	0.0	2	1.0162481564882715	-9.144676561278006	138.0	21	1.05	0.95				
	204	1	28.374626158596495	5.751613410526316	0.0	0.0	2	1.0133192637390886	-12.069730161489838	138.0	21	1.05	0.95				
	205	1	27.22430347649123	5.368172516491229	0.0	0.0	2	1.0277900255126065	-12.414382287335908	138.0	21	1.05	0.95				
	206	1	52.14796158877194	10.736345032982458	0.0	-100.0	2	1.0432224638853822	-13.168254300372096	138.0	22	1.05	0.95				
	207	2	47.93011175438597	9.586022350877194	0.0	0.0	2	0.9946772599713697	-17.88167479720009	138.0	22	1.05	0.95				
	208	1	65.56839288	13.420431291228068	0.0	0.0	2	1.0017206228176465	-16.183577975103933	138.0	22	1.05	0.95				
	209	1	67.10215645614035	13.803872185263158	0.0	0.0	2	1.0232748333439774	-10.459825684272287	138.0	23	1.05	0.95				
	210	1	74.77097433684212	15.337635761403511	0.0	0.0	2	1.05	-11.692484296534746	138.0	23	1.05	0.95				
	211	1	0.0	0.0	0.0	0.0	2	1.0045356663307805	-7.550519927480851	230.0	23	1.05	0.95				
	212	1	0.0	0.0	0.0	0.0	2	1.0074810518941264	-6.620810588368686	230.0	23	1.05	0.95				
	213	2	101.61183691929824	20.70580827789474	0.0	0.0	2	1.0002230033199206	-6.011623482937435	230.0	24	1.05	0.95				
	214	2	74.38753344280701	14.954194867368424	0.0	0.0	2	1.0040971181854348	-5.242792517415553	230.0	26	1.05	0.95				
	215	2	121.55076340912281	24.540217218245616	0.0	0.0	2	1.0221168738212971	0.3145346604618772	230.0	26	1.05	0.95				
	216	2	38.344089403508775	7.668817880701756	0.0	0.0	2	1.0232481559078326	0.3262967877070932	230.0	26	1.05	0.95				
	217	1	0.0	0.0	0.0	0.0	2	1.027729512732312	1.6311632366760698	230.0	27	1.05	0.95				
	218	2	127.68581771368422	26.07398079438597	0.0	0.0	2	1.026961647670165	1.2054842139577207	230.0	27	1.05	0.95				
	219	1	69.40280182035087	14.187313079298248	0.0	0.0	2	1.024704692666547	0.6465109402878924	230.0	25	1.05	0.95				
	220	1	49.08043443649123	9.969463244912282	0.0	0.0	2	1.0283823948328583	1.6745716761453313	230.0	25	1.05	0.95				
	221	2	0.0	0.0	0.0	0.0	2	1.0288387777385177	1.7082777770130475	230.0	27	1.05	0.95				
	222	2	0.0	0.0	0.0	0.0	2	1.0499999751118905	8.168805677585558	230.0	27	1.05	0.95				
	223	2	0.0	0.0	0.0	0.0	2	1.0310500401066947	2.5307116403041676	230.0	25	1.05	0.95				
	224	1	0.0	0.0	0.0	0.0	2	1.0082786755017188	-3.2434300117948647	230.0	26	1.05	0.95				
	301	2	44.36507432842106	9.037329955789474	0.0	0.0	3	1.0095120878539074	-11.281567682596854	138.0	31	1.05	0.95				
	302	2	39.846409350526315	8.215754505263158	0.0	0.0	3	1.0093370173517804	-11.42109582382234	138.0	32	1.05	0.95				
	303	1	73.94179054736843	15.199145834736841	0.0	0.0	3	1.0306954730114797	-5.033213472584532	138.0	31	1.05	0.95				
	304	1	30.398291669473682	6.161815878947368	0.0	0.0	3	1.0119773867539321	-10.07994526357204	138.0	31	1.05	0.95				
	305	1	29.165928493684206	5.751028153684211	0.0	0.0	3	1.024589009831117	-11.019412188738606	138.0	31	1.05	0.95				
	306	1	55.86713063578947	11.502056307368422	0.0	-100.0	3	1.0413078517174488	-11.37003392931821	138.0	32	1.05	0.95				
	307	2	51.348465657894735	10.269693131578947	0.0	0.0	3	0.9905876791610823	-15.64976999811343	138.0	32	1.05	0.95				
	308	1	70.24470102	14.377570384210525	0.0	0.0	3	0.9989731984799316	-13.829696226934747	138.0	32	1.05	0.95				
	309	1	71.88785192105263	14.788358109473684	0.0	0.0	3	1.0267498266387114	-7.300529180129094	138.0	33	1.05	0.95				
	310	1	80.10360642631579	16.431509010526316	0.0	0.0	3	1.05	-9.433446631866328	138.0	33	1.05	0.95				
	311	1	0.0	0.0	0.0	0.0	3	1.0064896475902754	-4.211552107474371	230.0	33	1.05	0.95				
	312	1	0.0	0.0	0.0	0.0	3	1.0110933197429528	-3.744137382441703	230.0	33	1.05	0.95				
	313	2	108.85874719473682	22.18253716421053	0.0	0.0	3	1.0093847795100812	-0.9329538829315019	230.0	34	1.05	0.95				
	314	2	79.69281870105263	16.020721285263157	0.0	0.0	3	1.002749289519202	-2.8004594793652178	230.0	36	1.05	0.95				
	315	2	130.21970890842104	26.290414416842108	0.0	0.0	3	1.0337944170977966	1.4824306227433222	230.0	36	1.05	0.95				
	316	2	41.07877252631579	8.215754505263158	0.0	0.0	3	1.0323527382584246	1.5873184609090367	230.0	36	1.05	0.95				
	317	1	0.0	0.0	0.0	0.0	3	1.0446322050153674	6.446506900885613	230.0	37	1.05	0.95				
	318	2	136.79231251263158	27.933565317894736	0.0	0.0	3	1.0418326582017516	4.650535391985848	230.0	37	1.05	0.95				
	319	1	74.35257827263158	15.199145834736841	0.0	0.0	3	1.0263380743988526	0.8586103729249263	230.0	35	1.05	0.95				
	320	1	52.580828833684215	10.680480856842104	0.0	0.0	3	1.0238157206317342	1.024147333234681	230.0	35	1.05	0.95				
	321	2	0.0	0.0	0.0	0.0	3	1.0409658845457304	4.201661871377978	230.0	37	1.05	0.95				
	322	2	0.0	0.0	0.0	0.0	3	1.05	9.409364272549514	230.0	37	1.05	0.95				
	323	2	0.0	0.0	0.0	0.0	3	1.022938519192086	1.435251403661581	230.0	35	1.05	0.95				
	324	1	0.0	0.0	0.0	0.0	3	1.0239608076101128	-0.971963005492477	230.0	36	1.05	0.95				
	325	1	0.0	0.0	0.0	0.0	3	1.0220998637924645	2.4870297777337007	230.0	35	1.05	0.95				
];
