%% MATPOWER Case Format : Version 2
function mpc = RTS_GMLC
mpc.version = '2';

%%-----  Power Flow Data  -----%%
%% system MVA base
mpc.baseMVA = 100.0;
%% bus data
%    bus_i    type    Pd    Qd    Gs    Bs    area    Vm    Va    baseKV    zone    Vmax    Vmin
mpc.bus = [
	101	2	52.12963879578948	10.619000495438597	0.0	0.0	1	1.03810110991913	0.44404248564447196	138.0	11	1.05	0.95				
	102	2	46.820138548070176	9.653636814035089	0.0	0.0	1	1.0355660852775046	-0.2246443594416909	138.0	12	1.05	0.95				
	103	1	86.88273132631579	17.859228105964913	0.0	0.0	1	1.0337465894730167	0.5288432194880783	138.0	11	1.05	0.95				
	104	1	35.718456211929826	7.240227610526316	0.0	0.0	1	1.0238423352682897	-2.501604069788234	138.0	11	1.05	0.95				
	105	1	34.27041068982456	6.757545769824562	0.0	0.0	1	1.0374805509594818	-2.730292032155474	138.0	11	1.05	0.95				
	106	1	65.64473033543861	13.515091539649124	0.0	-100.0	1	1.0446468994925284	-5.1259650859527435	138.0	12	1.05	0.95				
	107	2	60.3352300877193	12.067046017543861	0.0	0.0	1	1.0001235280456362	-9.865656272549293	138.0	12	1.05	0.95				
	108	1	82.53859476000001	16.893864424561404	0.0	0.0	1	1.0026920973268563	-8.803575715235649	138.0	12	1.05	0.95				
	109	1	84.46932212280703	17.37654626526316	0.0	0.0	1	1.025105850905842	-3.1367032482414756	138.0	13	1.05	0.95				
	110	1	94.12295893684211	19.307273628070178	0.0	0.0	1	1.05	-4.445102670113053	138.0	13	1.05	0.95				
	111	1	0.0	0.0	0.0	0.0	1	1.005970583158231	-1.0422631834799116	230.0	13	1.05	0.95				
	112	1	0.0	0.0	0.0	0.0	1	1.0086828122735536	-1.3528912732866492	230.0	13	1.05	0.95				
	113	3	127.91068778596491	26.06481939789474	0.0	0.0	1	0.9985661196988028	3.545960130026566e-30	230.0	14	1.05	0.95				
	114	2	93.64027709614035	18.824591787368423	0.0	0.0	1	1.0062828560221142	0.9143237706045223	230.0	16	1.05	0.95				
	115	2	153.01014350245615	30.891637804912282	0.0	0.0	1	1.0404658056957168	7.835353779788374	230.0	16	1.05	0.95				
	116	2	48.268184070175444	9.653636814035089	0.0	0.0	1	1.0355127161745767	6.528636366631391	230.0	16	1.05	0.95				
	117	1	0.0	0.0	0.0	0.0	1	1.0427674061493781	10.38143923493146	230.0	17	1.05	0.95				
	118	2	160.73305295368422	32.822365167719305	0.0	0.0	1	1.0471881887494983	11.34213989719206	230.0	17	1.05	0.95				
	119	1	87.36541316701755	17.859228105964913	0.0	0.0	1	1.0236986408278665	4.1095384256605385	230.0	15	1.05	0.95				
	120	1	61.783275609824564	12.549727858245616	0.0	0.0	1	1.0171316952521223	2.3834323025310353	230.0	15	1.05	0.95				
	121	2	0.0	0.0	0.0	0.0	1	1.0499999673990486	13.017329981941785	230.0	17	1.05	0.95				
	122	2	0.0	0.0	0.0	0.0	1	1.05	18.666841756669907	230.0	17	1.05	0.95				
	123	2	0.0	0.0	0.0	0.0	1	1.0144577621354074	1.804382185948607	230.0	15	1.05	0.95				
	124	1	0.0	0.0	0.0	0.0	1	1.0284400627428023	5.092671654914256	230.0	16	1.05	0.95				
	201	2	42.380607600000005	8.633086733333334	0.0	0.0	2	1.0151242065913832	-8.80349057578916	138.0	21	1.05	0.95				
	202	2	38.06406423333333	7.848260666666667	0.0	0.0	2	1.0143124803626624	-9.018630515620664	138.0	22	1.05	0.95				
	203	1	70.63434600000001	14.519282233333334	0.0	0.0	2	1.0144194979302996	-7.06035834665545	138.0	21	1.05	0.95				
	204	1	29.038564466666667	5.8861954999999995	0.0	0.0	2	1.0133283185920319	-8.437181576322123	138.0	21	1.05	0.95				
	205	1	27.861325366666666	5.493782466666667	0.0	0.0	2	1.0277691912570606	-8.675235252345383	138.0	21	1.05	0.95				
	206	1	53.368172533333336	10.987564933333333	0.0	-100.0	2	1.0430617849309907	-9.099644733833781	138.0	22	1.05	0.95				
	207	2	49.051629166666665	9.810325833333334	0.0	0.0	2	0.9981997949489534	-13.817273042153444	138.0	22	1.05	0.95				
	208	1	67.1026287	13.734456166666664	0.0	0.0	2	1.0035141620774988	-12.060320684840722	138.0	22	1.05	0.95				
	209	1	68.67228083333333	14.1268692	0.0	0.0	2	1.0237622975113247	-6.337364809394946	138.0	23	1.05	0.95				
	210	1	76.5205415	15.696521333333335	0.0	0.0	2	1.05	-7.283389016015152	138.0	23	1.05	0.95				
	211	1	0.0	0.0	0.0	0.0	2	1.0019894662587538	-4.251572097923237	230.0	23	1.05	0.95				
	212	1	0.0	0.0	0.0	0.0	2	1.008958343090328	0.21981589942117422	230.0	23	1.05	0.95				
	213	2	103.98945383333333	21.190303800000002	0.0	0.0	2	0.9952986598869835	-2.350592053990897	230.0	24	1.05	0.95				
	214	2	76.12812846666667	15.3041083	0.0	0.0	2	0.9978286163240113	-3.2035268718789287	230.0	26	1.05	0.95				
	215	2	124.39493156666666	25.114434133333337	0.0	0.0	2	1.016846483331787	0.9068158941313433	230.0	26	1.05	0.95				
	216	2	39.241303333333335	7.848260666666667	0.0	0.0	2	1.015578275253678	0.6885997613761318	230.0	26	1.05	0.95				
	217	1	0.0	0.0	0.0	0.0	2	1.021737385293083	1.7623262825303172	230.0	27	1.05	0.95				
	218	2	130.6735401	26.684086266666668	0.0	0.0	2	1.0212199403023268	1.435144944763561	230.0	27	1.05	0.95				
	219	1	71.02675903333333	14.519282233333334	0.0	0.0	2	1.0127026039401072	0.25059192163855604	230.0	25	1.05	0.95				
	220	1	50.22886826666667	10.202738866666666	0.0	0.0	2	1.0127346069226557	0.6568823106901635	230.0	25	1.05	0.95				
	221	2	0.0	0.0	0.0	0.0	2	1.023315822561821	2.0608609206133326	230.0	27	1.05	0.95				
	222	2	0.0	0.0	0.0	0.0	2	1.0451449254323435	8.495231303311105	230.0	27	1.05	0.95				
	223	2	0.0	0.0	0.0	0.0	2	1.0132696426397325	1.1915460677159042	230.0	25	1.05	0.95				
	224	1	0.0	0.0	0.0	0.0	2	1.0059814276637653	-2.0991827356029584	230.0	26	1.05	0.95				
	301	2	56.61372982736842	11.532426446315789	0.0	0.0	3	1.0018868870215842	10.709229024789817	138.0	31	1.05	0.95				
	302	2	50.84751660421052	10.484024042105263	0.0	0.0	3	1.0014432421559714	10.526295120200576	138.0	32	1.05	0.95				
	303	1	94.35621637894737	19.395444477894735	0.0	0.0	3	1.0390574422743075	18.265758232745057	138.0	31	1.05	0.95				
	304	1	38.79088895578947	7.863018031578946	0.0	0.0	3	1.0069770155509967	12.025038488285574	138.0	31	1.05	0.95				
	305	1	37.21828534947368	7.338816829473684	0.0	0.0	3	1.0188982737040286	11.232636614096661	138.0	31	1.05	0.95				
	306	1	71.29136348631579	14.677633658947368	0.0	-100.0	3	1.0360106284709898	10.920668397415481	138.0	32	1.05	0.95				
	307	2	65.52515026315788	13.105030052631578	0.0	0.0	3	0.983315903598016	5.122784911920226	138.0	32	1.05	0.95				
	308	1	89.63840556	18.347042073684207	0.0	0.0	3	0.9909440169346861	7.533074290392558	138.0	32	1.05	0.95				
	309	1	91.73521036842105	18.87124327578947	0.0	0.0	3	1.028825180268308	15.382120370741196	138.0	33	1.05	0.95				
	310	1	102.2192344105263	20.968048084210526	0.0	0.0	3	1.05	13.441954526946454	138.0	33	1.05	0.95				
	311	1	0.0	0.0	0.0	0.0	3	1.0139501915258118	19.326772189677875	230.0	33	1.05	0.95				
	312	1	0.0	0.0	0.0	0.0	3	1.0192408318288038	19.6951123101323	230.0	33	1.05	0.95				
	313	2	138.91331855789474	28.30686491368421	0.0	0.0	3	1.0299322426397897	26.152470310463226	230.0	34	1.05	0.95				
	314	2	101.69503320842104	20.443846882105262	0.0	0.0	3	1.0126729160264225	18.244861722086995	230.0	36	1.05	0.95				
	315	2	166.1717810673684	33.54887693473684	0.0	0.0	3	1.037705097337819	13.230337307783188	230.0	36	1.05	0.95				
	316	2	52.42012021052631	10.484024042105263	0.0	0.0	3	1.0350136317365901	13.951721993078449	230.0	36	1.05	0.95				
	317	1	0.0	0.0	0.0	0.0	3	1.038516852011141	12.545714983935188	230.0	37	1.05	0.95				
	318	2	174.55900030105263	35.645681743157894	0.0	0.0	3	1.0370141414135332	11.2271223688012	230.0	37	1.05	0.95				
	319	1	94.88041758105263	19.395444477894735	0.0	0.0	3	1.0339099164219836	16.464670740293435	230.0	35	1.05	0.95				
	320	1	67.09775386947368	13.62923125473684	0.0	0.0	3	1.0341871415352044	18.04502072774944	230.0	35	1.05	0.95				
	321	2	0.0	0.0	0.0	0.0	3	1.0390304299616357	12.462645389430252	230.0	37	1.05	0.95				
	322	2	0.0	0.0	0.0	0.0	3	1.049999998688222	16.808243032478337	230.0	37	1.05	0.95				
	323	2	0.0	0.0	0.0	0.0	3	1.0338178485636187	18.535667188707084	230.0	35	1.05	0.95				
	324	1	0.0	0.0	0.0	0.0	3	1.0384814258579327	17.390360717465224	230.0	36	1.05	0.95				
	325	1	0.0	0.0	0.0	0.0	3	1.0366260250838994	18.07286029365025	230.0	35	1.05	0.95				
];
