%% MATPOWER Case Format : Version 2
function mpc = RTS_GMLC
mpc.version = '2';

%%-----  Power Flow Data  -----%%
%% system MVA base
mpc.baseMVA = 100.0;
%% bus data
%    bus_i    type    Pd    Qd    Gs    Bs    area    Vm    Va    baseKV    zone    Vmax    Vmin
mpc.bus = [
	101	2	35.60366155452632	7.252597724070176	0.0	0.0	1	1.0265071046395347	5.4485426281438665	138.0	11	1.05	0.95				
	102	2	31.977362692491223	6.593270658245613	0.0	0.0	1	1.0253278451014745	5.162471308229744	138.0	12	1.05	0.95				
	103	1	59.33943592421053	12.197550717754385	0.0	0.0	1	1.0334411541775084	4.324149109032591	138.0	11	1.05	0.95				
	104	1	24.39510143550877	4.94495299368421	0.0	0.0	1	1.0196347444816796	1.7429577381132462	138.0	11	1.05	0.95				
	105	1	23.406110836771926	4.61528946077193	0.0	0.0	1	1.0332106120163778	1.9346775651196975	138.0	11	1.05	0.95				
	106	1	44.83424047607018	9.23057892154386	0.0	-100.0	1	1.0459579424275847	-0.42127354328952993	138.0	12	1.05	0.95				
	107	2	41.20794161403508	8.241588322807017	0.0	0.0	1	0.984754902656204	-6.793653734583137	138.0	12	1.05	0.95				
	108	1	56.372464128	11.538223651929822	0.0	0.0	1	0.9979943971966471	-4.973653418120646	138.0	12	1.05	0.95				
	109	1	57.69111825964912	11.867887184842104	0.0	0.0	1	1.025015737895059	0.30887469118747174	138.0	13	1.05	0.95				
	110	1	64.28438891789473	13.186541316491226	0.0	0.0	1	1.05	-0.5614939389514483	138.0	13	1.05	0.95				
	111	1	0.0	0.0	0.0	0.0	1	1.0101601499258612	1.5860802364950777	230.0	13	1.05	0.95				
	112	1	0.0	0.0	0.0	0.0	1	1.0084980351995823	0.6267295916222257	230.0	13	1.05	0.95				
	113	3	87.36083622175438	17.80183077726316	0.0	0.0	1	0.9835473265152241	-1.2497484772885378e-23	230.0	14	1.05	0.95				
	114	2	63.954725384982446	12.856877783578947	0.0	0.0	1	1.0298363028403212	4.667359833146954	230.0	16	1.05	0.95				
	115	2	104.50333993319296	21.098466106385963	0.0	0.0	1	1.0448276673762886	12.50361748853343	230.0	16	1.05	0.95				
	116	2	32.96635329122807	6.593270658245613	0.0	0.0	1	1.0425198764722645	11.03563183377547	230.0	16	1.05	0.95				
	117	1	0.0	0.0	0.0	0.0	1	1.0422749138200418	16.201115912336807	230.0	17	1.05	0.95				
	118	2	109.77795645978946	22.41712023803509	0.0	0.0	1	1.05	16.448698607330872	230.0	17	1.05	0.95				
	119	1	59.66909945712281	12.197550717754385	0.0	0.0	1	1.0357618191856772	7.418242176253066	230.0	15	1.05	0.95				
	120	1	42.19693221277193	8.571251855719296	0.0	0.0	1	1.0345771527246639	4.888020353201756	230.0	15	1.05	0.95				
	121	2	0.0	0.0	0.0	0.0	1	1.0420486336482988	17.542051566375914	230.0	17	1.05	0.95				
	122	2	0.0	0.0	0.0	0.0	1	1.05	35.51334643528829	230.0	17	1.05	0.95				
	123	2	0.0	0.0	0.0	0.0	1	1.0344600522454106	3.745836822287188	230.0	15	1.05	0.95				
	124	1	0.0	0.0	0.0	0.0	1	1.030099072790019	9.446601526218046	230.0	16	1.05	0.95				
	201	2	38.91263968421053	7.926648824561404	0.0	0.0	2	1.0123931490593183	-12.164336188322086	138.0	21	1.05	0.95				
	202	2	34.94931527192983	7.206044385964913	0.0	0.0	2	1.0115933974167866	-12.449166600772609	138.0	22	1.05	0.95				
	203	1	64.85439947368421	13.331182114035089	0.0	0.0	2	1.0114006571159284	-8.340791001926636	138.0	21	1.05	0.95				
	204	1	26.662364228070178	5.404533289473684	0.0	0.0	2	1.0117847447995711	-12.215549420196476	138.0	21	1.05	0.95				
	205	1	25.581457570175438	5.04423107017544	0.0	0.0	2	1.0269249532463205	-12.625445638563415	138.0	21	1.05	0.95				
	206	1	49.00110182456141	10.08846214035088	0.0	-100.0	2	1.0432789061050134	-13.356704445409894	138.0	22	1.05	0.95				
	207	2	45.037777412280704	9.00755548245614	0.0	0.0	2	0.9956255583545424	-17.59575695617746	138.0	22	1.05	0.95				
	208	1	61.61167950000001	12.610577675438597	0.0	0.0	2	1.0028464883684265	-16.01305289755839	138.0	22	1.05	0.95				
	209	1	63.052888377192986	12.970879894736843	0.0	0.0	2	1.021801874348349	-10.52256094754809	138.0	23	1.05	0.95				
	210	1	70.2589327631579	14.412088771929826	0.0	0.0	2	1.05	-11.923114700227362	138.0	23	1.05	0.95				
	211	1	0.0	0.0	0.0	0.0	2	1.004426161958958	-7.871834239758388	230.0	23	1.05	0.95				
	212	1	0.0	0.0	0.0	0.0	2	1.0070207079582167	-7.237159487024454	230.0	23	1.05	0.95				
	213	2	95.48008811403508	19.456319842105266	0.0	0.0	2	0.9984827697381048	-6.6590538310945195	230.0	24	1.05	0.95				
	214	2	69.89863054385965	14.05178655263158	0.0	0.0	2	1.005485427438314	-5.460148478612756	230.0	26	1.05	0.95				
	215	2	114.21580351754386	23.05934203508772	0.0	0.0	2	1.020059487471863	0.32614846116639923	230.0	26	1.05	0.95				
	216	2	36.03022192982456	7.206044385964913	0.0	0.0	2	1.02313255857758	0.12143807150445897	230.0	26	1.05	0.95				
	217	1	0.0	0.0	0.0	0.0	2	1.0301388192568879	1.7107908791283688	230.0	27	1.05	0.95				
	218	2	119.9806390263158	24.500550912280705	0.0	0.0	2	1.0286136875749883	1.3100914267331296	230.0	27	1.05	0.95				
	219	1	65.21470169298246	13.331182114035089	0.0	0.0	2	1.0235939453476668	-0.12142490524255023	230.0	25	1.05	0.95				
	220	1	46.11868407017544	9.367857701754387	0.0	0.0	2	1.026058671918002	0.37698586726926653	230.0	25	1.05	0.95				
	221	2	0.0	0.0	0.0	0.0	2	1.0291510218580529	1.7814658289453629	230.0	27	1.05	0.95				
	222	2	0.0	0.0	0.0	0.0	2	1.0499999981885664	8.245696814237494	230.0	27	1.05	0.95				
	223	2	0.0	0.0	0.0	0.0	2	1.0277624485969443	0.9285922364989119	230.0	25	1.05	0.95				
	224	1	0.0	0.0	0.0	0.0	2	1.006082095681158	-2.9229610959807495	230.0	26	1.05	0.95				
	301	2	45.33881684210527	9.235684912280702	0.0	0.0	3	1.0085059758941248	-17.544866138271246	138.0	31	1.05	0.95				
	302	2	40.720974385964915	8.396077192982457	0.0	0.0	3	1.0082703520757994	-17.644643298977442	138.0	32	1.05	0.95				
	303	1	75.56469473684211	15.532742807017543	0.0	0.0	3	1.0240082253778975	-12.500358734779208	138.0	31	1.05	0.95				
	304	1	31.065485614035087	6.297057894736842	0.0	0.0	3	1.0109688358682265	-16.192979286779284	138.0	31	1.05	0.95				
	305	1	29.806074035087722	5.87725403508772	0.0	0.0	3	1.023820359101313	-16.953714529406547	138.0	31	1.05	0.95				
	306	1	57.09332491228071	11.75450807017544	0.0	-100.0	3	1.0407611545430493	-17.127380721319845	138.0	32	1.05	0.95				
	307	2	52.475482456140355	10.49509649122807	0.0	0.0	3	0.9950686156564942	-21.651616122256385	138.0	32	1.05	0.95				
	308	1	71.78645999999999	14.693135087719297	0.0	0.0	3	1.001114277905657	-19.766152894077724	138.0	32	1.05	0.95				
	309	1	73.46567543859649	15.11293894736842	0.0	0.0	3	1.0262744154831305	-13.286476706053458	138.0	33	1.05	0.95				
	310	1	81.86175263157894	16.792154385964913	0.0	0.0	3	1.05	-15.011110170872389	138.0	33	1.05	0.95				
	311	1	0.0	0.0	0.0	0.0	3	1.0075478085131613	-9.53656144331094	230.0	33	1.05	0.95				
	312	1	0.0	0.0	0.0	0.0	3	1.009852191095476	-8.724461310868007	230.0	33	1.05	0.95				
	313	2	111.24802280701753	22.669408421052633	0.0	0.0	3	1.0092939941079424	-5.746562069217794	230.0	34	1.05	0.95				
	314	2	81.44194877192983	16.372350526315792	0.0	0.0	3	1.0079467319245246	-8.133327765633107	230.0	36	1.05	0.95				
	315	2	133.07782350877193	26.86744701754386	0.0	0.0	3	1.0318790094514638	-4.415510734034786	230.0	36	1.05	0.95				
	316	2	41.98038596491228	8.396077192982457	0.0	0.0	3	1.030867487275807	-3.6334369082166886	230.0	36	1.05	0.95				
	317	1	0.0	0.0	0.0	0.0	3	1.0386417278502857	-1.280107036011399	230.0	37	1.05	0.95				
	318	2	139.7946852631579	28.546662456140353	0.0	0.0	3	1.0362816978433769	-2.135804330557462	230.0	37	1.05	0.95				
	319	1	75.98449859649124	15.532742807017543	0.0	0.0	3	1.026682410992808	-3.645997595322678	230.0	35	1.05	0.95				
	320	1	53.73489403508772	10.914900350877193	0.0	0.0	3	1.0258177671181838	-2.836995069731277	230.0	35	1.05	0.95				
	321	2	0.0	0.0	0.0	0.0	3	1.037131321195158	-2.3359027751062893	230.0	37	1.05	0.95				
	322	2	0.0	0.0	0.0	0.0	3	1.0499999897399717	2.388805124071491	230.0	37	1.05	0.95				
	323	2	0.0	0.0	0.0	0.0	3	1.0260803087586947	-2.066966663208776	230.0	35	1.05	0.95				
	324	1	0.0	0.0	0.0	0.0	3	1.0186994782113927	-7.4481273332901	230.0	36	1.05	0.95				
	325	1	0.0	0.0	0.0	0.0	3	1.020297299149517	-0.4432741326145459	230.0	35	1.05	0.95				
];
