%% MATPOWER Case Format : Version 2
function mpc = RTS_GMLC
mpc.version = '2';

%%-----  Power Flow Data  -----%%
%% system MVA base
mpc.baseMVA = 100.0;
%% bus data
%    bus_i    type    Pd    Qd    Gs    Bs    area    Vm    Va    baseKV    zone    Vmax    Vmin
mpc.bus = [
	101	2	42.49727856	8.65685304	0.0	0.0	1	1.0133373962063643	0.8827751860327894	138.0	11	1.05	0.95				
	102	2	38.16885204	7.8698664	0.0	0.0	1	1.0119683242971218	0.4876040235260597	138.0	12	1.05	0.95				
	103	1	70.82879759999999	14.559252840000001	0.0	0.0	1	1.0308022651302642	4.457703077302428	138.0	11	1.05	0.95				
	104	1	29.118505680000002	5.9023997999999995	0.0	0.0	1	1.0158080965096434	-0.8039536335475033	138.0	11	1.05	0.95				
	105	1	27.93802572	5.50890648	0.0	0.0	1	1.0263276735696394	-1.8002907311397855	138.0	11	1.05	0.95				
	106	1	53.51509152	11.01781296	0.0	-100.0	1	1.041618894435701	-3.769987869705459	138.0	12	1.05	0.95				
	107	2	49.186665	9.837333	0.0	0.0	1	0.9962877763859375	-12.488621334723538	138.0	12	1.05	0.95				
	108	1	67.28735772	13.772266199999999	0.0	0.0	1	1.0004067723027301	-9.344180156076352	138.0	12	1.05	0.95				
	109	1	68.86133099999999	14.165759519999998	0.0	0.0	1	1.0246128009629878	-1.3207142090659525	138.0	13	1.05	0.95				
	110	1	76.7311974	15.7397328	0.0	0.0	1	1.05	-3.2137189576214307	138.0	13	1.05	0.95				
	111	1	0.0	0.0	0.0	0.0	1	1.0099032786297222	0.9269766041964197	230.0	13	1.05	0.95				
	112	1	0.0	0.0	0.0	0.0	1	1.0144650179291896	-0.5019678326288133	230.0	13	1.05	0.95				
	113	3	104.2757298	21.24863928	0.0	0.0	1	1.0042637302521589	7.76483069785739e-29	230.0	14	1.05	0.95				
	114	2	76.33770408	15.346239479999998	0.0	0.0	1	1.01584679902602	4.990115205334401	230.0	16	1.05	0.95				
	115	2	124.73738243999999	25.18357248	0.0	0.0	1	1.0413219441640642	15.074815402976746	230.0	16	1.05	0.95				
	116	2	39.349332	7.8698664	0.0	0.0	1	1.0353718439694022	13.046414544346998	230.0	16	1.05	0.95				
	117	1	0.0	0.0	0.0	0.0	1	1.039486419799284	19.299579963187306	230.0	17	1.05	0.95				
	118	2	131.03327556	26.75754576	0.0	0.0	1	1.05	20.204650643561507	230.0	17	1.05	0.95				
	119	1	71.22229091999999	14.559252840000001	0.0	0.0	1	1.0278919339363695	8.36781418336627	230.0	15	1.05	0.95				
	120	1	50.36714496	10.23082632	0.0	0.0	1	1.0282607143638434	4.498330871857415	230.0	15	1.05	0.95				
	121	2	0.0	0.0	0.0	0.0	1	1.05	21.53529114459104	230.0	17	1.05	0.95				
	122	2	0.0	0.0	0.0	0.0	1	1.05	37.78435182744979	230.0	17	1.05	0.95				
	123	2	0.0	0.0	0.0	0.0	1	1.0302193848279608	2.674759302975514	230.0	15	1.05	0.95				
	124	1	0.0	0.0	0.0	0.0	1	1.0241264060642834	11.097702844928824	230.0	16	1.05	0.95				
	201	2	43.94459311578947	8.951676375438597	0.0	0.0	2	1.0131024366431676	-21.774108170399096	138.0	21	1.05	0.95				
	202	2	39.46875492807017	8.137887614035089	0.0	0.0	2	1.012164914339006	-22.104626245414675	138.0	22	1.05	0.95				
	203	1	73.24098852631579	15.05509208596491	0.0	0.0	2	1.014388818801224	-16.20848610921561	138.0	21	1.05	0.95				
	204	1	30.11018417192982	6.103415710526315	0.0	0.0	2	1.011058821122218	-21.790407481198134	138.0	21	1.05	0.95				
	205	1	28.88950102982456	5.696521329824562	0.0	0.0	2	1.026635941714393	-22.37176507063767	138.0	21	1.05	0.95				
	206	1	55.3376357754386	11.393042659649124	0.0	-100.0	2	1.0420739321626935	-23.22216297805046	138.0	22	1.05	0.95				
	207	2	50.861797587719295	10.172359517543859	0.0	0.0	2	0.9943918736216835	-28.0456673523121	138.0	22	1.05	0.95				
	208	1	69.57893909999999	14.241303324561402	0.0	0.0	2	1.0002569000654857	-26.215645067049802	138.0	22	1.05	0.95				
	209	1	71.20651662280702	14.648197705263158	0.0	0.0	2	1.021814391331717	-19.84243139958756	138.0	23	1.05	0.95				
	210	1	79.34440423684211	16.275775228070177	0.0	0.0	2	1.05	-21.659036660943595	138.0	23	1.05	0.95				
	211	1	0.0	0.0	0.0	0.0	2	1.0069970181058756	-17.240025203788292	230.0	23	1.05	0.95				
	212	1	0.0	0.0	0.0	0.0	2	1.0092863948382427	-16.492165454647004	230.0	23	1.05	0.95				
	213	2	107.82701088596491	21.972296557894737	0.0	0.0	2	1.0002474319260692	-16.496588481813184	230.0	24	1.05	0.95				
	214	2	78.93750985614034	15.868880847368422	0.0	0.0	2	1.012109937675434	-14.290502280455879	230.0	26	1.05	0.95				
	215	2	128.98551868245613	26.041240364912284	0.0	0.0	2	1.0295108613549782	-6.0402095262400275	230.0	26	1.05	0.95				
	216	2	40.689438070175434	8.137887614035089	0.0	0.0	2	1.0293720651584912	-7.66181660165056	230.0	26	1.05	0.95				
	217	1	0.0	0.0	0.0	0.0	2	1.0330530868877583	-4.528906272214803	230.0	27	1.05	0.95				
	218	2	135.4958287736842	27.6688178877193	0.0	0.0	2	1.0337759498381605	-5.053374637469684	230.0	27	1.05	0.95				
	219	1	73.64788290701755	15.05509208596491	0.0	0.0	2	1.025081952708083	-9.516401353247675	230.0	25	1.05	0.95				
	220	1	52.08248072982457	10.579253898245614	0.0	0.0	2	1.0246122161808766	-10.337776359599486	230.0	25	1.05	0.95				
	221	2	0.0	0.0	0.0	0.0	2	1.0350249900764315	-4.582448125087419	230.0	27	1.05	0.95				
	222	2	0.0	0.0	0.0	0.0	2	1.05	1.9354278184641953	230.0	27	1.05	0.95				
	223	2	0.0	0.0	0.0	0.0	2	1.0247683383951065	-10.475112818540415	230.0	25	1.05	0.95				
	224	1	0.0	0.0	0.0	0.0	2	1.0112921182966927	-9.83045561786093	230.0	26	1.05	0.95				
	301	2	63.31034482105263	12.896551722807018	0.0	0.0	3	0.9946264006021465	0.6319894457229848	138.0	31	1.05	0.95				
	302	2	56.862068959649115	11.724137929824561	0.0	0.0	3	0.9943033477020241	0.5464006936832242	138.0	32	1.05	0.95				
	303	1	105.51724136842104	21.68965517017544	0.0	0.0	3	1.0259375923026564	4.954064997210962	138.0	31	1.05	0.95				
	304	1	43.37931034035088	8.79310344736842	0.0	0.0	3	1.0019034480380915	2.373048008346577	138.0	31	1.05	0.95				
	305	1	41.62068965087719	8.206896550877193	0.0	0.0	3	1.0135309097754068	2.241716899736812	138.0	31	1.05	0.95				
	306	1	79.72413792280702	16.413793101754386	0.0	-100.0	3	1.0320975556846772	2.473450081969454	138.0	32	1.05	0.95				
	307	2	73.2758620614035	14.6551724122807	0.0	0.0	3	0.9904453707416724	-0.9985282555935031	138.0	32	1.05	0.95				
	308	1	100.24137929999999	20.51724137719298	0.0	0.0	3	1.0016605624748063	1.6087028213879504	138.0	32	1.05	0.95				
	309	1	102.58620688596491	21.103448273684208	0.0	0.0	3	1.0284701980642776	6.2451389473618555	138.0	33	1.05	0.95				
	310	1	114.31034481578945	23.448275859649122	0.0	0.0	3	1.05	5.720860125162384	138.0	33	1.05	0.95				
	311	1	0.0	0.0	0.0	0.0	3	1.0154502288978504	11.033481719592265	230.0	33	1.05	0.95				
	312	1	0.0	0.0	0.0	0.0	3	1.0210935747685121	12.958746501513218	230.0	33	1.05	0.95				
	313	2	155.34482757017543	31.655172410526315	0.0	0.0	3	1.0319070607982321	18.492962898219343	230.0	34	1.05	0.95				
	314	2	113.72413791929823	22.862068963157895	0.0	0.0	3	1.0171866236008662	9.500872246782423	230.0	36	1.05	0.95				
	315	2	185.82758618771928	37.517241375438594	0.0	0.0	3	1.0402967895756032	3.9121648134450933	230.0	36	1.05	0.95				
	316	2	58.6206896491228	11.724137929824561	0.0	0.0	3	1.0413142869898757	5.381427720595764	230.0	36	1.05	0.95				
	317	1	0.0	0.0	0.0	0.0	3	1.0450458434839445	3.684430852451252	230.0	37	1.05	0.95				
	318	2	195.20689653157893	39.86206896140351	0.0	0.0	3	1.0438378788468257	1.9103339400120336	230.0	37	1.05	0.95				
	319	1	106.10344826491227	21.68965517017544	0.0	0.0	3	1.0384970552801795	9.357764673894565	230.0	35	1.05	0.95				
	320	1	75.03448275087719	15.24137930877193	0.0	0.0	3	1.0405782929019898	12.457222121320765	230.0	35	1.05	0.95				
	321	2	0.0	0.0	0.0	0.0	3	1.0437161148196366	3.16384310434246	230.0	37	1.05	0.95				
	322	2	0.0	0.0	0.0	0.0	3	1.05	7.698400352226315	230.0	37	1.05	0.95				
	323	2	0.0	0.0	0.0	0.0	3	1.0422740619193267	13.740460231843139	230.0	35	1.05	0.95				
	324	1	0.0	0.0	0.0	0.0	3	1.0337600438252708	6.2104459912289744	230.0	36	1.05	0.95				
	325	1	0.0	0.0	0.0	0.0	3	1.0416969889716368	14.396124352560053	230.0	35	1.05	0.95				
];

%% generator data
%    bus    Pg    Qg    Qmax    Qmin    Vg    mBase    status    Pmax    Pmin    Pc1    Pc2    Qc1min    Qc1max    Qc2min    Qc2max    ramp_agc    ramp_10    ramp_30    ramp_q    apf
