%% MATPOWER Case Format : Version 2
function mpc = RTS_GMLC
mpc.version = '2';

%%-----  Power Flow Data  -----%%
%% system MVA base
mpc.baseMVA = 100.0;
%% bus data
%    bus_i    type    Pd    Qd    Gs    Bs    area    Vm    Va    baseKV    zone    Vmax    Vmin
mpc.bus = [
	101	2	93.6650173263158	19.079910936842108	0.0	0.0	1	1.0331631901254104	-6.95242706961398	138.0	11	1.05	0.95				
	102	2	84.12506185789475	17.34537357894737	0.0	0.0	1	1.0331444167594113	-7.01590692070221	138.0	12	1.05	0.95				
	103	1	156.10836221052634	32.088941121052635	0.0	0.0	1	1.0145017510182144	-6.510602265530929	138.0	11	1.05	0.95				
	104	1	64.17788224210527	13.009030184210527	0.0	0.0	1	1.0142882177336723	-9.256168260462958	138.0	11	1.05	0.95				
	105	1	61.57607620526316	12.14176150526316	0.0	0.0	1	1.0301963741142182	-9.415112298462775	138.0	11	1.05	0.95				
	106	1	117.94854033684213	24.28352301052632	0.0	-100.0	1	1.0330801845619413	-11.581454388179422	138.0	12	1.05	0.95				
	107	2	108.40858486842106	21.68171697368421	0.0	0.0	1	1.05	-6.880936432636569	138.0	12	1.05	0.95				
	108	1	148.3029441	30.354403763157894	0.0	0.0	1	1.022047027905311	-10.184299934973279	138.0	12	1.05	0.95				
	109	1	151.77201881578947	31.221672442105262	0.0	0.0	1	1.0270957461302512	-7.575829086608951	138.0	13	1.05	0.95				
	110	1	169.11739239473684	34.69074715789474	0.0	0.0	1	1.05	-9.171696138535662	138.0	13	1.05	0.95				
	111	1	0.0	0.0	0.0	0.0	1	1.0201642064995413	-3.5056334440437835	230.0	13	1.05	0.95				
	112	1	0.0	0.0	0.0	0.0	1	1.0200600447687083	-2.316061367288378	230.0	13	1.05	0.95				
	113	3	229.82619992105265	46.8325086631579	0.0	0.0	1	1.0289534720866491	3.395374509657983e-29	230.0	14	1.05	0.95				
	114	2	168.2501237157895	33.82347847894737	0.0	0.0	1	1.0273000638814418	-1.7589880028849882	230.0	16	1.05	0.95				
	115	2	274.92417122631576	55.50519545263158	0.0	0.0	1	1.0436946378751635	6.284217254274413	230.0	16	1.05	0.95				
	116	2	86.72686789473684	17.34537357894737	0.0	0.0	1	1.0452594329139855	6.007788588864773	230.0	16	1.05	0.95				
	117	1	0.0	0.0	0.0	0.0	1	1.0478093101998054	9.295159813488526	230.0	17	1.05	0.95				
	118	2	288.8004700894737	58.974270168421064	0.0	0.0	1	1.0499810480359892	9.897779719221264	230.0	17	1.05	0.95				
	119	1	156.9756308894737	32.088941121052635	0.0	0.0	1	1.0407209944662856	4.9553808002815725	230.0	15	1.05	0.95				
	120	1	111.01039090526316	22.548985652631583	0.0	0.0	1	1.0448002095597155	5.6668155373763796	230.0	15	1.05	0.95				
	121	2	0.0	0.0	0.0	0.0	1	1.05	10.860321433327941	230.0	17	1.05	0.95				
	122	2	0.0	0.0	0.0	0.0	1	1.05	18.150373539161613	230.0	17	1.05	0.95				
	123	2	0.0	0.0	0.0	0.0	1	1.0498216433136685	6.685134391873449	230.0	15	1.05	0.95				
	124	1	0.0	0.0	0.0	0.0	1	1.0166271605658994	1.5713661576206062	230.0	16	1.05	0.95				
	201	2	94.04312922947369	19.156933731929822	0.0	0.0	2	1.05	-13.627553605706037	138.0	21	1.05	0.95				
	202	2	84.46466236350876	17.415394301754386	0.0	0.0	2	1.05	-13.661430844855724	138.0	22	1.05	0.95				
	203	1	156.73854871578948	32.21847945824561	0.0	0.0	2	1.0248878026833534	-10.432025086358156	138.0	21	1.05	0.95				
	204	1	64.43695891649122	13.061545726315787	0.0	0.0	2	1.0197867781579832	-15.404988574772007	138.0	21	1.05	0.95				
	205	1	61.82464977122807	12.190776011228072	0.0	0.0	2	1.0374496120331622	-15.864660058225468	138.0	21	1.05	0.95				
	206	1	118.42468125192983	24.381552022456145	0.0	-100.0	2	1.0349667939161213	-17.923672485683877	138.0	22	1.05	0.95				
	207	2	108.84621438596491	21.769242877192983	0.0	0.0	2	0.95	-28.440204853140067	138.0	22	1.05	0.95				
	208	1	148.90162128	30.47694002807017	0.0	0.0	2	0.9537837319167757	-25.240795485537554	138.0	22	1.05	0.95				
	209	1	152.38470014035087	31.347709743157893	0.0	0.0	2	1.023210463887237	-13.335812457803629	138.0	23	1.05	0.95				
	210	1	169.80009444210526	34.83078860350877	0.0	0.0	2	1.0471073785676919	-15.43405874139138	138.0	23	1.05	0.95				
	211	1	0.0	0.0	0.0	0.0	2	1.0304375822542555	-7.6923840540343145	230.0	23	1.05	0.95				
	212	1	0.0	0.0	0.0	0.0	2	1.0205623270695914	-6.092942852367852	230.0	23	1.05	0.95				
	213	2	230.75397449824558	47.021564614736846	0.0	0.0	2	1.05	-2.935440299056381	230.0	24	1.05	0.95				
	214	2	168.92932472701753	33.960018888421054	0.0	0.0	2	1.05	-5.4828381084160025	230.0	26	1.05	0.95				
	215	2	276.033999682807	55.729261765614034	0.0	0.0	2	1.0456335012131717	3.044678541816967	230.0	26	1.05	0.95				
	216	2	87.07697150877193	17.415394301754386	0.0	0.0	2	1.0492907571387573	3.036471825954744	230.0	26	1.05	0.95				
	217	1	0.0	0.0	0.0	0.0	2	1.05	6.077921581743287	230.0	27	1.05	0.95				
	218	2	289.96631512421055	59.21234062596491	0.0	0.0	2	1.0496288742285749	6.6710952871658815	230.0	27	1.05	0.95				
	219	1	157.6093184308772	32.21847945824561	0.0	0.0	2	1.042863095669431	2.942313174170611	230.0	25	1.05	0.95				
	220	1	111.45852353122807	22.640012592280705	0.0	0.0	2	1.0453825314172787	4.488422387196061	230.0	25	1.05	0.95				
	221	2	0.0	0.0	0.0	0.0	2	1.05	7.190680541362914	230.0	27	1.05	0.95				
	222	2	0.0	0.0	0.0	0.0	2	1.05	13.266137754518356	230.0	27	1.05	0.95				
	223	2	0.0	0.0	0.0	0.0	2	1.05	5.966559441946613	230.0	25	1.05	0.95				
	224	1	0.0	0.0	0.0	0.0	2	1.0207004900603087	-1.9599349274374969	230.0	26	1.05	0.95				
	301	2	77.60898450947369	15.809237585263158	0.0	0.0	3	1.015836866694333	-13.725293099582808	138.0	31	1.05	0.95				
	302	2	69.7043657168421	14.372034168421052	0.0	0.0	3	1.0142182478488073	-14.14131760942157	138.0	32	1.05	0.95				
	303	1	129.3483075157895	26.58826321157895	0.0	0.0	3	1.02569759430364	-6.2694836004358345	138.0	31	1.05	0.95				
	304	1	53.1765264231579	10.77902562631579	0.0	0.0	3	1.0078255220921872	-12.885319390919884	138.0	31	1.05	0.95				
	305	1	51.02072129789473	10.060423917894738	0.0	0.0	3	1.023300982217516	-13.583332181006853	138.0	31	1.05	0.95				
	306	1	97.72983234526316	20.120847835789476	0.0	-100.0	3	1.0333323202896338	-14.303263092035946	138.0	32	1.05	0.95				
	307	2	89.82521355263158	17.965042710526316	0.0	0.0	3	1.0077425020179058	-16.200791103230664	138.0	32	1.05	0.95				
	308	1	122.88089214	25.15105979473684	0.0	0.0	3	1.0003775976212061	-15.855915174789956	138.0	32	1.05	0.95				
	309	1	125.7552989736842	25.869661503157893	0.0	0.0	3	1.0273651628124192	-8.920672745513581	138.0	33	1.05	0.95				
	310	1	140.12733314210527	28.744068336842105	0.0	0.0	3	1.05	-11.140333551286883	138.0	33	1.05	0.95				
	311	1	0.0	0.0	0.0	0.0	3	1.020736702158149	-3.9947726106357093	230.0	33	1.05	0.95				
	312	1	0.0	0.0	0.0	0.0	3	1.0194328802761712	-3.1549201768650876	230.0	33	1.05	0.95				
	313	2	190.42945273157895	38.80449225473684	0.0	0.0	3	1.0312865422336042	0.1053706124232997	230.0	34	1.05	0.95				
	314	2	139.4087314336842	28.025466628421054	0.0	0.0	3	1.03189631065224	-1.642021760483808	230.0	36	1.05	0.95				
	315	2	227.79674156947368	45.99050933894737	0.0	0.0	3	1.0475875693802716	4.8479406990706275	230.0	36	1.05	0.95				
	316	2	71.86017084210526	14.372034168421052	0.0	0.0	3	1.0458513654347898	4.570597667614901	230.0	36	1.05	0.95				
	317	1	0.0	0.0	0.0	0.0	3	1.05	8.335408641191062	230.0	37	1.05	0.95				
	318	2	239.29436890421053	48.86491617263158	0.0	0.0	3	1.047581897089338	7.53456384944193	230.0	37	1.05	0.95				
	319	1	130.06690922421055	26.58826321157895	0.0	0.0	3	1.0418609610690295	3.8720513109394816	230.0	35	1.05	0.95				
	320	1	91.98101867789474	18.68364441894737	0.0	0.0	3	1.0440212665399893	4.382891814188728	230.0	35	1.05	0.95				
	321	2	0.0	0.0	0.0	0.0	3	1.05	8.601231082264889	230.0	37	1.05	0.95				
	322	2	0.0	0.0	0.0	0.0	3	1.05	14.27372501925539	230.0	37	1.05	0.95				
	323	2	0.0	0.0	0.0	0.0	3	1.047037426978147	5.128283490840316	230.0	35	1.05	0.95				
	324	1	0.0	0.0	0.0	0.0	3	1.0264453663003232	1.3848353087038565	230.0	36	1.05	0.95				
	325	1	0.0	0.0	0.0	0.0	3	1.0467632326097787	5.60821208096141	230.0	35	1.05	0.95				
];

%% generator data
%    bus    Pg    Qg    Qmax    Qmin    Vg    mBase    status    Pmax    Pmin    Pc1    Pc2    Qc1min    Qc1max    Qc2min    Qc2max    ramp_agc    ramp_10    ramp_30    ramp_q    apf
