%% MATPOWER Case Format : Version 2
function mpc = RTS_GMLC
mpc.version = '2';

%%-----  Power Flow Data  -----%%
%% system MVA base
mpc.baseMVA = 100.0;
%% bus data
%    bus_i    type    Pd    Qd    Gs    Bs    area    Vm    Va    baseKV    zone    Vmax    Vmin
mpc.bus = [
	101	2	41.97624938526316	8.550717467368422	0.0	0.0	1	0.9944577587829991	-5.014526963611653	138.0	11	1.05	0.95				
	102	2	37.700890651578945	7.7733795157894745	0.0	0.0	1	0.9940671753172969	-5.208493153797665	138.0	12	1.05	0.95				
	103	1	69.96041564210526	14.380752104210526	0.0	0.0	1	1.0239700707280681	0.1575954408481508	138.0	11	1.05	0.95				
	104	1	28.76150420842105	5.830034636842105	0.0	0.0	1	1.0069840944241195	-4.886058309626886	138.0	11	1.05	0.95				
	105	1	27.595497281052626	5.441365661052632	0.0	0.0	1	1.0173454804614908	-5.8164590563262815	138.0	11	1.05	0.95				
	106	1	52.85898070736842	10.882731322105265	0.0	-100.0	1	1.038109203868284	-6.727388631591219	138.0	12	1.05	0.95				
	107	2	48.58362197368421	9.716724394736842	0.0	0.0	1	0.9815105649662443	-10.760982554180764	138.0	12	1.05	0.95				
	108	1	66.46239485999999	13.603414152631576	0.0	0.0	1	0.9947164643070779	-9.27580231431357	138.0	12	1.05	0.95				
	109	1	68.01707076315789	13.99208312842105	0.0	0.0	1	1.0261384790052883	-3.4902891226824697	138.0	13	1.05	0.95				
	110	1	75.79045027894736	15.546759031578949	0.0	0.0	1	1.05	-5.340920121106678	138.0	13	1.05	0.95				
	111	1	0.0	0.0	0.0	0.0	1	1.019359523117795	-0.46064394607969894	230.0	13	1.05	0.95				
	112	1	0.0	0.0	0.0	0.0	1	1.0142288704394327	-1.4590456831020242	230.0	13	1.05	0.95				
	113	3	102.99727858421053	20.98812469263158	0.0	0.0	1	0.9971678421152966	1.319800873189693e-29	230.0	14	1.05	0.95				
	114	2	75.40178130315789	15.158090055789476	0.0	0.0	1	1.05	3.0037154047027066	230.0	16	1.05	0.95				
	115	2	123.20806532526316	24.874814450526316	0.0	0.0	1	1.043546364828845	12.096197933229982	230.0	16	1.05	0.95				
	116	2	38.866897578947366	7.7733795157894745	0.0	0.0	1	1.045389660748393	10.431180633987516	230.0	16	1.05	0.95				
	117	1	0.0	0.0	0.0	0.0	1	1.0423505215658628	16.308719441627733	230.0	17	1.05	0.95				
	118	2	129.42676893789474	26.42949035368421	0.0	0.0	1	1.05	16.865929272216633	230.0	17	1.05	0.95				
	119	1	70.34908461789475	14.380752104210526	0.0	0.0	1	1.043186807294175	6.484253774293837	230.0	15	1.05	0.95				
	120	1	49.74962890105263	10.105393370526317	0.0	0.0	1	1.0470083544574889	3.7216103511888075	230.0	15	1.05	0.95				
	121	2	0.0	0.0	0.0	0.0	1	1.042607649536305	18.29124075680232	230.0	17	1.05	0.95				
	122	2	0.0	0.0	0.0	0.0	1	1.05	36.25791472190871	230.0	17	1.05	0.95				
	123	2	0.0	0.0	0.0	0.0	1	1.05	2.4970723609750443	230.0	15	1.05	0.95				
	124	1	0.0	0.0	0.0	0.0	1	1.0212307995056014	7.660425476677088	230.0	16	1.05	0.95				
	201	2	41.95561153263158	8.546513460350878	0.0	0.0	2	0.9912667130434791	-13.997060375631799	138.0	21	1.05	0.95				
	202	2	37.68235480245614	7.769557691228071	0.0	0.0	2	0.9899857848305286	-14.271547749576833	138.0	22	1.05	0.95				
	203	1	69.92601922105264	14.373681728771931	0.0	0.0	2	0.992641459161587	-10.454304851248008	138.0	21	1.05	0.95				
	204	1	28.747363457543862	5.827168268421053	0.0	0.0	2	0.9830203593862977	-13.733821911691194	138.0	21	1.05	0.95				
	205	1	27.58192980385965	5.43869038385965	0.0	0.0	2	0.9976663096493164	-14.143978880722068	138.0	21	1.05	0.95				
	206	1	52.83299230035089	10.8773807677193	0.0	-100.0	2	1.0088805439155792	-14.746911848437344	138.0	22	1.05	0.95				
	207	2	48.55973557017544	9.711947114035087	0.0	0.0	2	0.9695629366046471	-19.809132912517825	138.0	22	1.05	0.95				
	208	1	66.42971826	13.596725959649122	0.0	0.0	2	0.9713454919313582	-17.901952083797216	138.0	22	1.05	0.95				
	209	1	67.98362979824562	13.985203844210526	0.0	0.0	2	0.9889438292749935	-11.575607775144709	138.0	23	1.05	0.95				
	210	1	75.75318748947369	15.539115382456142	0.0	0.0	2	1.0136025669571336	-12.958788210362327	138.0	23	1.05	0.95				
	211	1	0.0	0.0	0.0	0.0	2	0.9711516055629763	-8.912898199991304	230.0	23	1.05	0.95				
	212	1	0.0	0.0	0.0	0.0	2	0.9614924813135824	-6.433989753143994	230.0	23	1.05	0.95				
	213	2	102.94663940877193	20.97780576631579	0.0	0.0	2	0.9513651612181698	-7.123411208659869	230.0	24	1.05	0.95				
	214	2	75.36470960491228	15.15063749789474	0.0	0.0	2	0.9847187362160933	-7.000489853477031	230.0	26	1.05	0.95				
	215	2	123.14748940596492	24.862584611929826	0.0	0.0	2	1.0089988973977213	-1.1340876104864832	230.0	26	1.05	0.95				
	216	2	38.84778845614035	7.769557691228071	0.0	0.0	2	1.001690885612076	-1.7332938788934895	230.0	26	1.05	0.95				
	217	1	0.0	0.0	0.0	0.0	2	1.0202707723262172	0.05995397068248928	230.0	27	1.05	0.95				
	218	2	129.3631355589474	26.416496150175444	0.0	0.0	2	1.019924652567081	-0.35636390144497687	230.0	27	1.05	0.95				
	219	1	70.31449710561404	14.373681728771931	0.0	0.0	2	0.9774635941131283	-1.5666339361148605	230.0	25	1.05	0.95				
	220	1	49.72516922385965	10.100424998596493	0.0	0.0	2	0.9591844886546486	-0.5689382372998304	230.0	25	1.05	0.95				
	221	2	0.0	0.0	0.0	0.0	2	1.0201042743249946	0.1949151726700057	230.0	27	1.05	0.95				
	222	2	0.0	0.0	0.0	0.0	2	1.0435807987188093	6.7126070454898175	230.0	27	1.05	0.95				
	223	2	0.0	0.0	0.0	0.0	2	0.95	0.3487814824265046	230.0	25	1.05	0.95				
	224	1	0.0	0.0	0.0	0.0	2	0.991538846079013	-4.600502299159789	230.0	26	1.05	0.95				
	301	2	62.45618475789474	12.722556154385964	0.0	0.0	3	1.0252397243630298	14.17607543252893	138.0	31	1.05	0.95				
	302	2	56.09490668070175	11.565960140350878	0.0	0.0	3	1.0207267097851782	13.822931507126256	138.0	32	1.05	0.95				
	303	1	104.0936412631579	21.39702625964912	0.0	0.0	3	1.05	30.95885690700661	138.0	31	1.05	0.95				
	304	1	42.79405251929824	8.674470105263158	0.0	0.0	3	1.0054609443216453	15.737619885203967	138.0	31	1.05	0.95				
	305	1	41.059158498245615	8.096172098245615	0.0	0.0	3	1.0254831301337113	13.074577585939277	138.0	31	1.05	0.95				
	306	1	78.64852895438597	16.19234419649123	0.0	-100.0	3	1.0313081132947455	11.79708627478699	138.0	32	1.05	0.95				
	307	2	72.28725087719299	14.457450175438597	0.0	0.0	3	0.95	6.746536067734502	138.0	32	1.05	0.95				
	308	1	98.88895919999999	20.240430245614032	0.0	0.0	3	0.9644327013940305	9.48710350268262	138.0	32	1.05	0.95				
	309	1	101.20215122807016	20.818728252631576	0.0	0.0	3	1.013113622758544	19.739238136171767	138.0	33	1.05	0.95				
	310	1	112.76811136842105	23.131920280701756	0.0	0.0	3	1.0400071217842792	13.821344314425714	138.0	33	1.05	0.95				
	311	1	0.0	0.0	0.0	0.0	3	1.0012256064403353	18.80929669365792	230.0	33	1.05	0.95				
	312	1	0.0	0.0	0.0	0.0	3	1.006626594488772	18.73955707022795	230.0	33	1.05	0.95				
	313	2	153.24897185964912	31.22809237894737	0.0	0.0	3	1.0014650497743964	19.773504493997823	230.0	34	1.05	0.95				
	314	2	112.1898133614035	22.553622273684212	0.0	0.0	3	1.0001133196623346	20.096407463865148	230.0	36	1.05	0.95				
	315	2	183.3204682245614	37.01107244912281	0.0	0.0	3	1.05	22.791731139233473	230.0	36	1.05	0.95				
	316	2	57.82980070175439	11.565960140350878	0.0	0.0	3	1.037871805463042	22.514609689632493	230.0	36	1.05	0.95				
	317	1	0.0	0.0	0.0	0.0	3	1.0428487800063813	27.02062095596845	230.0	37	1.05	0.95				
	318	2	192.57323633684211	39.32426447719298	0.0	0.0	3	1.032924796449	23.3166607331955	230.0	37	1.05	0.95				
	319	1	104.67193927017544	21.39702625964912	0.0	0.0	3	1.0268229921610477	21.019590961746953	230.0	35	1.05	0.95				
	320	1	74.02214489824561	15.03574818245614	0.0	0.0	3	1.0207353167287847	20.130194222050257	230.0	35	1.05	0.95				
	321	2	0.0	0.0	0.0	0.0	3	1.049466637629948	23.764944999644037	230.0	37	1.05	0.95				
	322	2	0.0	0.0	0.0	0.0	3	1.046644817450073	29.414242950877732	230.0	37	1.05	0.95				
	323	2	0.0	0.0	0.0	0.0	3	1.018038524169641	19.843834068586915	230.0	35	1.05	0.95				
	324	1	0.0	0.0	0.0	0.0	3	1.0487306826962395	26.89277773901514	230.0	36	1.05	0.95				
	325	1	0.0	0.0	0.0	0.0	3	1.0211910864984426	19.72324563062512	230.0	35	1.05	0.95				
];
