%% MATPOWER Case Format : Version 2
function mpc = RTS_GMLC
mpc.version = '2';

%%-----  Power Flow Data  -----%%
%% system MVA base
mpc.baseMVA = 100.0;
%% bus data
%    bus_i    type    Pd    Qd    Gs    Bs    area    Vm    Va    baseKV    zone    Vmax    Vmin
mpc.bus = [
	101	2	56.805541806315794	11.571499256842106	0.0	0.0	1	1.0499999805542006	2.828000614792463	138.0	11	1.05	0.95				
	102	2	51.01979217789474	10.51954477894737	0.0	0.0	1	1.0489275344848055	2.480514850356912	138.0	12	1.05	0.95				
	103	1	94.67590301052633	19.461157841052636	0.0	0.0	1	1.031380583763724	-0.0002599058367138074	138.0	11	1.05	0.95				
	104	1	38.92231568210527	7.889658584210527	0.0	0.0	1	1.028751289657383	-1.2448813799475802	138.0	11	1.05	0.95				
	105	1	37.34438396526316	7.363681345263159	0.0	0.0	1	1.0419811214925572	-1.4318737726585422	138.0	11	1.05	0.95				
	106	1	71.53290449684212	14.727362690526318	0.0	-100.0	1	1.0456281308590534	-4.393714461002925	138.0	12	1.05	0.95				
	107	2	65.74715486842106	13.149430973684211	0.0	0.0	1	0.9994756389946338	-11.719973063890873	138.0	12	1.05	0.95				
	108	1	89.94210786000001	18.409203363157893	0.0	0.0	1	0.9999461744891073	-9.957160488036925	138.0	12	1.05	0.95				
	109	1	92.04601681578947	18.935180602105266	0.0	0.0	1	1.0249486352098827	-3.22216009309728	138.0	13	1.05	0.95				
	110	1	102.56556159473685	21.03908955789474	0.0	0.0	1	1.05	-4.178072758416198	138.0	13	1.05	0.95				
	111	1	0.0	0.0	0.0	0.0	1	1.0063637903167109	-1.222780625311898	230.0	13	1.05	0.95				
	112	1	0.0	0.0	0.0	0.0	1	1.0104278330041514	-1.2336784776095877	230.0	13	1.05	0.95				
	113	3	139.38396832105263	28.402770903157897	0.0	0.0	1	1.001477104335996	-1.3987847879192426e-28	230.0	14	1.05	0.95				
	114	2	102.03958435578949	20.51311231894737	0.0	0.0	1	1.0040650835838851	0.2979424824114247	230.0	16	1.05	0.95				
	115	2	166.7347847463158	33.66254329263158	0.0	0.0	1	1.0383226226333708	6.75065038921762	230.0	16	1.05	0.95				
	116	2	52.597723894736845	10.51954477894737	0.0	0.0	1	1.0336584204230603	5.581852082037019	230.0	16	1.05	0.95				
	117	1	0.0	0.0	0.0	0.0	1	1.0409039066977077	9.208036591066392	230.0	17	1.05	0.95				
	118	2	175.1504205694737	35.76645224842106	0.0	0.0	1	1.0447779495197282	10.071508557308707	230.0	17	1.05	0.95				
	119	1	95.20188024947369	19.461157841052636	0.0	0.0	1	1.0238481015500587	3.475340184282497	230.0	15	1.05	0.95				
	120	1	67.32508658526316	13.675408212631583	0.0	0.0	1	1.0196045514653627	2.3747805996975475	230.0	15	1.05	0.95				
	121	2	0.0	0.0	0.0	0.0	1	1.0476919364406652	11.823346570800355	230.0	17	1.05	0.95				
	122	2	0.0	0.0	0.0	0.0	1	1.05	17.30705957410573	230.0	17	1.05	0.95				
	123	2	0.0	0.0	0.0	0.0	1	1.0182755312641127	2.175222091751847	230.0	15	1.05	0.95				
	124	1	0.0	0.0	0.0	0.0	1	1.0267800427170692	4.21858964356286	230.0	16	1.05	0.95				
	201	2	51.81552022736843	10.555013379649123	0.0	0.0	2	1.0128574479438264	-13.81643909872871	138.0	21	1.05	0.95				
	202	2	46.53801353754386	9.595466708771932	0.0	0.0	2	1.01200412256819	-14.080074218960144	138.0	22	1.05	0.95				
	203	1	86.35920037894738	17.75161341122807	0.0	0.0	2	1.0144212021436527	-10.127533349658583	138.0	21	1.05	0.95				
	204	1	35.50322682245614	7.196600031578948	0.0	0.0	2	1.0106984481935282	-13.25569363187108	138.0	21	1.05	0.95				
	205	1	34.063906816140346	6.716826696140352	0.0	0.0	2	1.025336809163824	-13.695067934286126	138.0	21	1.05	0.95				
	206	1	65.24917361964913	13.433653392280704	0.0	-100.0	2	1.0399570678953278	-14.202107246642797	138.0	22	1.05	0.95				
	207	2	59.971666929824565	11.994333385964913	0.0	0.0	2	0.9946743906831208	-20.047897874439055	138.0	22	1.05	0.95				
	208	1	82.04124036	16.79206674035088	0.0	0.0	2	0.997955543375043	-17.828634069590763	138.0	22	1.05	0.95				
	209	1	83.96033370175438	17.271840075789473	0.0	0.0	2	1.0244398556840553	-10.604919179456235	138.0	23	1.05	0.95				
	210	1	93.55580041052632	19.190933417543864	0.0	0.0	2	1.05	-12.031898305286573	138.0	23	1.05	0.95				
	211	1	0.0	0.0	0.0	0.0	2	1.0096726509212868	-7.2856823588070565	230.0	23	1.05	0.95				
	212	1	0.0	0.0	0.0	0.0	2	1.0129085365167336	-4.175601979263321	230.0	23	1.05	0.95				
	213	2	127.13993389122807	25.907760113684215	0.0	0.0	2	1.0099816373094073	-4.868077197848461	230.0	24	1.05	0.95				
	214	2	93.07602707508772	18.711160082105266	0.0	0.0	2	1.0115807200598195	-5.291824062556892	230.0	26	1.05	0.95				
	215	2	152.08814733403509	30.705493468070177	0.0	0.0	2	1.0267678930456594	0.5380735526426931	230.0	26	1.05	0.95				
	216	2	47.97733354385965	9.595466708771932	0.0	0.0	2	1.0275635413582813	0.4715242044889731	230.0	26	1.05	0.95				
	217	1	0.0	0.0	0.0	0.0	2	1.030361018851866	1.4368793630080459	230.0	27	1.05	0.95				
	218	2	159.76452070105265	32.624586809824564	0.0	0.0	2	1.029358454472314	0.9464521381140898	230.0	27	1.05	0.95				
	219	1	86.83897371438597	17.75161341122807	0.0	0.0	2	1.028644768542497	1.2032204780696796	230.0	25	1.05	0.95				
	220	1	61.410986936140354	12.474106721403508	0.0	0.0	2	1.0333296869697852	2.763556835046288	230.0	25	1.05	0.95				
	221	2	0.0	0.0	0.0	0.0	2	1.0316077417855385	1.6093144874574066	230.0	27	1.05	0.95				
	222	2	0.0	0.0	0.0	0.0	2	1.05	8.035223987960782	230.0	27	1.05	0.95				
	223	2	0.0	0.0	0.0	0.0	2	1.037277796093604	3.9761950836957753	230.0	25	1.05	0.95				
	224	1	0.0	0.0	0.0	0.0	2	1.0090155727509815	-3.4494662151028472	230.0	26	1.05	0.95				
	301	2	52.88959189894737	10.773805757192983	0.0	0.0	3	1.0016283658099792	9.52894139742473	138.0	31	1.05	0.95				
	302	2	47.50268902035088	9.79436887017544	0.0	0.0	3	1.0013354853001373	9.451055427951243	138.0	32	1.05	0.95				
	303	1	88.14931983157895	18.119582409824563	0.0	0.0	3	1.0247889286035896	13.50787627881861	138.0	31	1.05	0.95				
	304	1	36.239164819649126	7.345776652631579	0.0	0.0	3	1.0065402508431982	10.998578351097246	138.0	31	1.05	0.95				
	305	1	34.77000948912281	6.856058209122809	0.0	0.0	3	1.018913645964538	10.738263098680461	138.0	31	1.05	0.95				
	306	1	66.601708317193	13.712116418245618	0.0	-100.0	3	1.0368788815759524	10.840167990130105	138.0	32	1.05	0.95				
	307	2	61.2148054385965	12.2429610877193	0.0	0.0	3	0.9882681978081389	7.10990079259491	138.0	32	1.05	0.95				
	308	1	83.74185384	17.140145522807018	0.0	0.0	3	0.9996572123280729	9.264431241158322	138.0	32	1.05	0.95				
	309	1	85.7007276140351	17.62986396631579	0.0	0.0	3	1.0268279222679135	14.262360882603858	138.0	33	1.05	0.95				
	310	1	95.49509648421053	19.58873774035088	0.0	0.0	3	1.05	13.516211192739496	138.0	33	1.05	0.95				
	311	1	0.0	0.0	0.0	0.0	3	1.0081021089040332	18.430796832047335	230.0	33	1.05	0.95				
	312	1	0.0	0.0	0.0	0.0	3	1.0147418507678945	19.167707370354627	230.0	33	1.05	0.95				
	313	2	129.77538752982457	26.444795949473686	0.0	0.0	3	1.0183579326830163	24.611887577547723	230.0	34	1.05	0.95				
	314	2	95.00537804070176	19.09901929684211	0.0	0.0	3	1.0042724225770567	17.616303440407865	230.0	36	1.05	0.95				
	315	2	155.24074659228071	31.341980384561406	0.0	0.0	3	1.029529397327155	13.627559220594755	230.0	36	1.05	0.95				
	316	2	48.9718443508772	9.79436887017544	0.0	0.0	3	1.0285515705626422	14.43462869901632	230.0	36	1.05	0.95				
	317	1	0.0	0.0	0.0	0.0	3	1.0374169640628328	14.402503953729292	230.0	37	1.05	0.95				
	318	2	163.07624168842108	33.3008541585965	0.0	0.0	3	1.0362963931993527	12.863011805006938	230.0	37	1.05	0.95				
	319	1	88.63903827508773	18.119582409824563	0.0	0.0	3	1.02704359822779	16.231927086959526	230.0	35	1.05	0.95				
	320	1	62.68396076912281	12.732679531228072	0.0	0.0	3	1.0263876882752607	17.28335767103581	230.0	35	1.05	0.95				
	321	2	0.0	0.0	0.0	0.0	3	1.0360067494693803	13.700385995168322	230.0	37	1.05	0.95				
	322	2	0.0	0.0	0.0	0.0	3	1.049993114463207	18.282451049760418	230.0	37	1.05	0.95				
	323	2	0.0	0.0	0.0	0.0	3	1.0257399321092733	17.68733057279112	230.0	35	1.05	0.95				
	324	1	0.0	0.0	0.0	0.0	3	1.0260837962123621	15.401105255504184	230.0	36	1.05	0.95				
	325	1	0.0	0.0	0.0	0.0	3	1.0290354755525242	17.195494539670623	230.0	35	1.05	0.95				
];
