%% MATPOWER Case Format : Version 2
function mpc = RTS_GMLC
mpc.version = '2';

%%-----  Power Flow Data  -----%%
%% system MVA base
mpc.baseMVA = 100.0;
%% bus data
%    bus_i    type    Pd    Qd    Gs    Bs    area    Vm    Va    baseKV    zone    Vmax    Vmin
mpc.bus = [
	101	2	35.49678376926316	7.2308263233684205	0.0	0.0	1	0.9902473191616867	-4.927584256704956	138.0	11	1.05	0.95				
	102	2	31.881370607578948	6.573478475789473	0.0	0.0	1	0.9900979863860525	-5.113375344310593	138.0	12	1.05	0.95				
	103	1	59.161306282105265	12.160935180210526	0.0	0.0	1	1.0213538143086172	1.6772257651327314	138.0	11	1.05	0.95				
	104	1	24.32187036042105	4.930108856842105	0.0	0.0	1	1.0041414193088392	-4.485071786656983	138.0	11	1.05	0.95				
	105	1	23.33584858905263	4.601434933052632	0.0	0.0	1	1.0160318689171424	-5.273110134082911	138.0	11	1.05	0.95				
	106	1	44.69965363536843	9.202869866105264	0.0	-100.0	1	1.038921431146112	-5.897041190923276	138.0	12	1.05	0.95				
	107	2	41.08424047368421	8.216848094736843	0.0	0.0	1	0.9858224498863489	-10.62570410856337	138.0	12	1.05	0.95				
	108	1	56.203240968	11.503587332631577	0.0	0.0	1	0.9983179786214662	-8.637962971010126	138.0	12	1.05	0.95				
	109	1	57.5179366631579	11.832261256421052	0.0	0.0	1	1.0246473958411748	-2.606010219628123	138.0	13	1.05	0.95				
	110	1	64.09141513894737	13.146956951578947	0.0	0.0	1	1.05	-4.538112334970371	138.0	13	1.05	0.95				
	111	1	0.0	0.0	0.0	0.0	1	1.0161157494285458	0.4298371726973527	230.0	13	1.05	0.95				
	112	1	0.0	0.0	0.0	0.0	1	1.0123121213098452	-0.9881638563137503	230.0	13	1.05	0.95				
	113	3	87.09858980421052	17.74839188463158	0.0	0.0	1	0.9954621260222444	7.266684084655958e-29	230.0	14	1.05	0.95				
	114	2	63.762741215157895	12.818283027789473	0.0	0.0	1	1.043962476816816	4.715694993585838	230.0	16	1.05	0.95				
	115	2	104.18963384126316	21.035131122526316	0.0	0.0	1	1.0399663392860081	14.974224084871897	230.0	16	1.05	0.95				
	116	2	32.86739237894737	6.573478475789473	0.0	0.0	1	1.0399928142825379	12.928870476537528	230.0	16	1.05	0.95				
	117	1	0.0	0.0	0.0	0.0	1	1.039299172875549	19.33950961122863	230.0	17	1.05	0.95				
	118	2	109.44841662189475	22.349826817684214	0.0	0.0	1	1.048844693237488	20.115312531403813	230.0	17	1.05	0.95				
	119	1	59.489980205894746	12.160935180210526	0.0	0.0	1	1.0359835299837674	8.208717415304847	230.0	15	1.05	0.95				
	120	1	42.07026224505263	8.545522018526317	0.0	0.0	1	1.039422976915679	4.739486470433885	230.0	15	1.05	0.95				
	121	2	0.0	0.0	0.0	0.0	1	1.0425964523936575	21.69596205983918	230.0	17	1.05	0.95				
	122	2	0.0	0.0	0.0	0.0	1	1.05	39.66272906043862	230.0	17	1.05	0.95				
	123	2	0.0	0.0	0.0	0.0	1	1.042446350403975	3.088695481259754	230.0	15	1.05	0.95				
	124	1	0.0	0.0	0.0	0.0	1	1.0161776324274883	10.027399450829277	230.0	16	1.05	0.95				
	201	2	39.26963637473684	7.99937037263158	0.0	0.0	2	1.0095207267643886	-16.877290987695556	138.0	21	1.05	0.95				
	202	2	35.269951188421054	7.2721548842105275	0.0	0.0	2	1.008712195821798	-17.17879258292662	138.0	22	1.05	0.95				
	203	1	65.44939395789474	13.453486535789475	0.0	0.0	2	1.0122108302847956	-12.586014466665757	138.0	21	1.05	0.95				
	204	1	26.90697307157895	5.454116163157894	0.0	0.0	2	1.0105462592583918	-16.99568811532599	138.0	21	1.05	0.95				
	205	1	25.816149838947368	5.090508418947369	0.0	0.0	2	1.0254126303673092	-17.449506489887572	138.0	21	1.05	0.95				
	206	1	49.450653212631586	10.181016837894738	0.0	-100.0	2	1.0424641550068716	-18.246316722144464	138.0	22	1.05	0.95				
	207	2	45.45096802631579	9.090193605263158	0.0	0.0	2	0.9926843293635802	-22.497067688206766	138.0	22	1.05	0.95				
	208	1	62.17692426	12.72627104736842	0.0	0.0	2	1.0010642473398605	-20.908376639385928	138.0	22	1.05	0.95				
	209	1	63.63135523684211	13.089878791578947	0.0	0.0	2	1.0220280957013077	-15.329336581326936	138.0	23	1.05	0.95				
	210	1	70.90351012105263	14.544309768421055	0.0	0.0	2	1.05	-16.84466427735583	138.0	23	1.05	0.95				
	211	1	0.0	0.0	0.0	0.0	2	1.005111368415141	-12.731333721133389	230.0	23	1.05	0.95				
	212	1	0.0	0.0	0.0	0.0	2	1.0102078775765242	-12.319728353590035	230.0	23	1.05	0.95				
	213	2	96.35605221578948	19.63481818736842	0.0	0.0	2	1.0008162733830501	-11.761851100492523	230.0	24	1.05	0.95				
	214	2	70.53990237684211	14.180702024210529	0.0	0.0	2	1.0054043962201387	-10.10754629595451	230.0	26	1.05	0.95				
	215	2	115.26365491473685	23.270895629473685	0.0	0.0	2	1.0246185759835436	-3.297200317175243	230.0	26	1.05	0.95				
	216	2	36.36077442105263	7.2721548842105275	0.0	0.0	2	1.0269783774362873	-4.254349703053317	230.0	26	1.05	0.95				
	217	1	0.0	0.0	0.0	0.0	2	1.0335163806661516	-1.761924300828958	230.0	27	1.05	0.95				
	218	2	121.08137882210528	24.725326606315793	0.0	0.0	2	1.0323596860421718	-2.2074505115299017	230.0	27	1.05	0.95				
	219	1	65.81300170210527	13.453486535789475	0.0	0.0	2	1.029721846016089	-5.039608155691704	230.0	25	1.05	0.95				
	220	1	46.54179125894737	9.453801349473686	0.0	0.0	2	1.034252116411006	-5.011040201437446	230.0	25	1.05	0.95				
	221	2	0.0	0.0	0.0	0.0	2	1.0326805874759688	-1.7714740344628643	230.0	27	1.05	0.95				
	222	2	0.0	0.0	0.0	0.0	2	1.05	4.727895259493496	230.0	27	1.05	0.95				
	223	2	0.0	0.0	0.0	0.0	2	1.0369767421067682	-4.719969670026652	230.0	25	1.05	0.95				
	224	1	0.0	0.0	0.0	0.0	2	1.0084976638733698	-6.767165933758009	230.0	26	1.05	0.95				
	301	2	45.03131920421053	9.173046504561405	0.0	0.0	3	1.0211945858376998	7.262848147035785	138.0	31	1.05	0.95				
	302	2	40.44479595192983	8.339133185964915	0.0	0.0	3	1.0190502085266138	6.9032076244635645	138.0	32	1.05	0.95				
	303	1	75.05219867368422	15.427396394035089	0.0	0.0	3	1.05	21.245384573330206	138.0	31	1.05	0.95				
	304	1	30.854792788070178	6.254349889473684	0.0	0.0	3	1.0099171337263264	7.654040363583782	138.0	31	1.05	0.95				
	305	1	29.603922810175444	5.837393230175439	0.0	0.0	3	1.0277724524687126	6.090176198647156	138.0	31	1.05	0.95				
	306	1	56.70610566456141	11.674786460350878	0.0	-100.0	3	1.038890620683103	4.9094164148141965	138.0	32	1.05	0.95				
	307	2	52.11958241228071	10.423916482456141	0.0	0.0	3	0.950184200841666	0.8162031300324447	138.0	32	1.05	0.95				
	308	1	71.29958874	14.593483075438595	0.0	0.0	3	0.9712722724267394	2.607144279274555	138.0	32	1.05	0.95				
	309	1	72.96741537719299	15.010439734736844	0.0	0.0	3	1.0148060332257558	10.019265309852072	138.0	33	1.05	0.95				
	310	1	81.3065485631579	16.67826637192983	0.0	0.0	3	1.0442584162928459	6.250919863898639	138.0	33	1.05	0.95				
	311	1	0.0	0.0	0.0	0.0	3	1.0030893577123328	10.295333498369388	230.0	33	1.05	0.95				
	312	1	0.0	0.0	0.0	0.0	3	1.0074024712618388	10.624869137870586	230.0	33	1.05	0.95				
	313	2	110.4935147140351	22.515659602105266	0.0	0.0	3	1.0037580111745699	12.001575623204742	230.0	34	1.05	0.95				
	314	2	80.88959190385965	16.26130971263158	0.0	0.0	3	1.0001879431013083	11.059207271235369	230.0	36	1.05	0.95				
	315	2	132.17526099754386	26.685226195087726	0.0	0.0	3	1.0444018613498987	14.860276186899258	230.0	36	1.05	0.95				
	316	2	41.695665929824564	8.339133185964915	0.0	0.0	3	1.0356751799277684	14.569104034021407	230.0	36	1.05	0.95				
	317	1	0.0	0.0	0.0	0.0	3	1.05	18.69843457111745	230.0	37	1.05	0.95				
	318	2	138.8465675463158	28.353052832280706	0.0	0.0	3	1.0465213466488081	15.466626691623212	230.0	37	1.05	0.95				
	319	1	75.46915533298247	15.427396394035089	0.0	0.0	3	1.0254991580692876	13.551611676355977	230.0	35	1.05	0.95				
	320	1	53.37045239017545	10.840873141754386	0.0	0.0	3	1.0195287022596644	13.472390625147325	230.0	35	1.05	0.95				
	321	2	0.0	0.0	0.0	0.0	3	1.0458054114361828	15.932930311096078	230.0	37	1.05	0.95				
	322	2	0.0	0.0	0.0	0.0	3	1.05	21.361311676373916	230.0	37	1.05	0.95				
	323	2	0.0	0.0	0.0	0.0	3	1.0167528890000816	13.757073058791587	230.0	35	1.05	0.95				
	324	1	0.0	0.0	0.0	0.0	3	1.043912795002854	17.30463698255798	230.0	36	1.05	0.95				
	325	1	0.0	0.0	0.0	0.0	3	1.0176402550572303	14.445307403222476	230.0	35	1.05	0.95				
];
