%% MATPOWER Case Format : Version 2
function mpc = RTS_GMLC
mpc.version = '2';

%%-----  Power Flow Data  -----%%
%% system MVA base
mpc.baseMVA = 100.0;
%% bus data
%    bus_i    type    Pd    Qd    Gs    Bs    area    Vm    Va    baseKV    zone    Vmax    Vmin
mpc.bus = [
	101	2	49.29737752421053	10.042058384561404	0.0	0.0	1	1.036350802317492	1.90776261722831	138.0	11	1.05	0.95				
	102	2	44.276348331929825	9.129143985964912	0.0	0.0	1	1.0359179230819808	1.7663416034559236	138.0	12	1.05	0.95				
	103	1	82.16229587368422	16.888916374035087	0.0	0.0	1	1.0289894651442815	-0.10212767052849131	138.0	11	1.05	0.95				
	104	1	33.777832748070175	6.846857989473684	0.0	0.0	1	1.0221619317270472	-1.4984005480999496	138.0	11	1.05	0.95				
	105	1	32.40846115017544	6.390400790175439	0.0	0.0	1	1.0369045265616437	-1.2890718005999993	138.0	11	1.05	0.95				
	106	1	62.078179104561414	12.780801580350879	0.0	-100.0	1	1.0452560889176605	-3.5465607646112582	138.0	12	1.05	0.95				
	107	2	57.0571499122807	11.411429982456141	0.0	0.0	1	1.0006609341465962	-8.037398307652365	138.0	12	1.05	0.95				
	108	1	78.05418107999999	15.976001975438598	0.0	0.0	1	1.0041063972904258	-7.215188408826973	138.0	12	1.05	0.95				
	109	1	79.88000987719298	16.43245917473684	0.0	0.0	1	1.0249861977089927	-2.33111202149975	138.0	13	1.05	0.95				
	110	1	89.00915386315789	18.258287971929825	0.0	0.0	1	1.05	-3.102545583063441	138.0	13	1.05	0.95				
	111	1	0.0	0.0	0.0	0.0	1	1.0048050634982684	-0.47751782608001975	230.0	13	1.05	0.95				
	112	1	0.0	0.0	0.0	0.0	1	1.0090759258016118	-0.016785332513025684	230.0	13	1.05	0.95				
	113	3	120.96115781403509	24.648688762105266	0.0	0.0	1	0.9972903838304191	1.4771114999534584e-28	230.0	14	1.05	0.95				
	114	2	88.55269666385965	17.80183077263158	0.0	0.0	1	1.002624525189776	1.4654054925534161	230.0	16	1.05	0.95				
	115	2	144.69693217754386	29.213260755087724	0.0	0.0	1	1.0397619547880992	7.1308286321182095	230.0	16	1.05	0.95				
	116	2	45.645719929824565	9.129143985964912	0.0	0.0	1	1.0354736300244922	6.859927206262759	230.0	16	1.05	0.95				
	117	1	0.0	0.0	0.0	0.0	1	1.0426989291628417	8.761958303151593	230.0	17	1.05	0.95				
	118	2	152.0002473663158	31.039089552280707	0.0	0.0	1	1.0457449806730519	8.582739317095697	230.0	17	1.05	0.95				
	119	1	82.61875307298247	16.888916374035087	0.0	0.0	1	1.028458669332257	5.9027203822919985	230.0	15	1.05	0.95				
	120	1	58.42652151017545	11.867887181754387	0.0	0.0	1	1.0256507142157447	5.95126442115964	230.0	15	1.05	0.95				
	121	2	0.0	0.0	0.0	0.0	1	1.05	9.4593919931283	230.0	17	1.05	0.95				
	122	2	0.0	0.0	0.0	0.0	1	1.05	17.805296255162414	230.0	17	1.05	0.95				
	123	2	0.0	0.0	0.0	0.0	1	1.024804127768852	6.3307932286908795	230.0	15	1.05	0.95				
	124	1	0.0	0.0	0.0	0.0	1	1.0262930995137443	4.428517558874987	230.0	16	1.05	0.95				
	201	2	44.13159136421053	8.989768611228069	0.0	0.0	2	1.0270952233851076	-4.549506218852782	138.0	21	1.05	0.95				
	202	2	39.636707058596485	8.172516919298245	0.0	0.0	2	1.0278101063287859	-4.393085740090324	138.0	22	1.05	0.95				
	203	1	73.5526522736842	15.119156300701754	0.0	0.0	2	1.019368362815014	-5.0449176157527775	138.0	21	1.05	0.95				
	204	1	30.238312601403507	6.129387689473684	0.0	0.0	2	1.0190209810177755	-6.4439007780236	138.0	21	1.05	0.95				
	205	1	29.012435063508768	5.720761843508772	0.0	0.0	2	1.0335136191252783	-6.555301526837597	138.0	21	1.05	0.95				
	206	1	55.57311505122807	11.441523687017543	0.0	-100.0	2	1.0452986675867224	-8.051048774280398	138.0	22	1.05	0.95				
	207	2	51.07823074561403	10.215646149122806	0.0	0.0	2	0.9900394155920824	-14.127600605704782	138.0	22	1.05	0.95				
	208	1	69.87501965999999	14.30190460877193	0.0	0.0	2	0.9980590057199534	-12.309516075519193	138.0	22	1.05	0.95				
	209	1	71.50952304385964	14.710530454736839	0.0	0.0	2	1.0233516714556894	-6.445577064245338	138.0	23	1.05	0.95				
	210	1	79.68203996315789	16.34503383859649	0.0	0.0	2	1.05	-7.279400810258169	138.0	23	1.05	0.95				
	211	1	0.0	0.0	0.0	0.0	2	1.0037012993744208	-3.8879322625267427	230.0	23	1.05	0.95				
	212	1	0.0	0.0	0.0	0.0	2	1.008628631131268	-3.3878003225468505	230.0	23	1.05	0.95				
	213	2	108.28584918070175	22.065795682105264	0.0	0.0	2	0.9966339827638051	-3.0344347027857688	230.0	24	1.05	0.95				
	214	2	79.27341411719297	15.93640799263158	0.0	0.0	2	1.0030303692406484	-1.530211332046573	230.0	26	1.05	0.95				
	215	2	129.5343931708772	26.152054141754384	0.0	0.0	2	1.027626983741648	4.204567021433416	230.0	26	1.05	0.95				
	216	2	40.862584596491224	8.172516919298245	0.0	0.0	2	1.028322282421962	4.212320674053524	230.0	26	1.05	0.95				
	217	1	0.0	0.0	0.0	0.0	2	1.034275611027024	6.644747695817942	230.0	27	1.05	0.95				
	218	2	136.07240670631577	27.786557525614036	0.0	0.0	2	1.0358279843528206	7.128815369578641	230.0	27	1.05	0.95				
	219	1	73.96127811964912	15.119156300701754	0.0	0.0	2	1.0282699836358755	3.464974183487361	230.0	25	1.05	0.95				
	220	1	52.30410828350877	10.624271995087717	0.0	0.0	2	1.0308943715216226	3.6116693060123497	230.0	25	1.05	0.95				
	221	2	0.0	0.0	0.0	0.0	2	1.0358896720863993	6.91329318232215	230.0	27	1.05	0.95				
	222	2	0.0	0.0	0.0	0.0	2	1.05	13.305739285180735	230.0	27	1.05	0.95				
	223	2	0.0	0.0	0.0	0.0	2	1.0328138466040027	4.003315114997346	230.0	25	1.05	0.95				
	224	1	0.0	0.0	0.0	0.0	2	1.0130709559878064	0.7342552053390107	230.0	26	1.05	0.95				
	301	2	56.95539385263157	11.602024673684209	0.0	0.0	3	1.0099652451386854	-24.578288206493358	138.0	31	1.05	0.95				
	302	2	51.154381515789474	10.547295157894737	0.0	0.0	3	1.0091213758908741	-24.773218197692252	138.0	32	1.05	0.95				
	303	1	94.92565642105262	19.512496042105262	0.0	0.0	3	1.0345595072818132	-15.71528840454773	138.0	31	1.05	0.95				
	304	1	39.024992084210524	7.910471368421051	0.0	0.0	3	1.0097218105784935	-23.05915535653736	138.0	31	1.05	0.95				
	305	1	37.44289781052631	7.383106610526316	0.0	0.0	3	1.023102825793691	-24.315008155114146	138.0	31	1.05	0.95				
	306	1	71.72160707368421	14.766213221052633	0.0	-100.0	3	1.0378380014841815	-24.767958743440385	138.0	32	1.05	0.95				
	307	2	65.92059473684209	13.18411894736842	0.0	0.0	3	0.9921214374849573	-30.583195446751365	138.0	32	1.05	0.95				
	308	1	90.17937359999999	18.457766526315787	0.0	0.0	3	0.9950247121700829	-28.117948659831615	138.0	32	1.05	0.95				
	309	1	92.28883263157894	18.985131284210524	0.0	0.0	3	1.0278777018184488	-19.50937156943002	138.0	33	1.05	0.95				
	310	1	102.83612778947366	21.094590315789475	0.0	0.0	3	1.05	-22.357067479547155	138.0	33	1.05	0.95				
	311	1	0.0	0.0	0.0	0.0	3	1.0145719304272345	-15.804033126301483	230.0	33	1.05	0.95				
	312	1	0.0	0.0	0.0	0.0	3	1.0155941492988751	-15.276714680790507	230.0	33	1.05	0.95				
	313	2	139.75166084210525	28.477696926315787	0.0	0.0	3	1.018064110605148	-12.396586510730796	230.0	34	1.05	0.95				
	314	2	102.30876303157895	20.567225557894737	0.0	0.0	3	1.0216106114802168	-13.628695605209488	230.0	36	1.05	0.95				
	315	2	167.17462825263155	33.751344505263155	0.0	0.0	3	1.042465438641079	-8.091629622997022	230.0	36	1.05	0.95				
	316	2	52.73647578947368	10.547295157894737	0.0	0.0	3	1.042929657191105	-7.395217829809275	230.0	36	1.05	0.95				
	317	1	0.0	0.0	0.0	0.0	3	1.0470949334791007	-4.680499983897927	230.0	37	1.05	0.95				
	318	2	175.61246437894735	35.860803536842106	0.0	0.0	3	1.0445166343979353	-5.1779888366321964	230.0	37	1.05	0.95				
	319	1	95.45302117894737	19.512496042105262	0.0	0.0	3	1.0388361254846736	-8.516551385238133	230.0	35	1.05	0.95				
	320	1	67.50268901052631	13.711483705263158	0.0	0.0	3	1.0393677233794285	-8.492675268239788	230.0	35	1.05	0.95				
	321	2	0.0	0.0	0.0	0.0	3	1.0452100395558013	-5.551382773021302	230.0	37	1.05	0.95				
	322	2	0.0	0.0	0.0	0.0	3	1.05	-0.8736930705592281	230.0	37	1.05	0.95				
	323	2	0.0	0.0	0.0	0.0	3	1.0406398724439068	-8.086207701324172	230.0	35	1.05	0.95				
	324	1	0.0	0.0	0.0	0.0	3	1.0296517568761094	-10.950369084311458	230.0	36	1.05	0.95				
	325	1	0.0	0.0	0.0	0.0	3	1.0355228757030388	-6.637840984346871	230.0	35	1.05	0.95				
];
