%% MATPOWER Case Format : Version 2
function mpc = RTS_GMLC
mpc.version = '2';

%%-----  Power Flow Data  -----%%
%% system MVA base
mpc.baseMVA = 100.0;
%% bus data
%    bus_i    type    Pd    Qd    Gs    Bs    area    Vm    Va    baseKV    zone    Vmax    Vmin
mpc.bus = [
	101	2	38.75655615157895	7.894854030877192	0.0	0.0	1	1.0128260387560364	1.2073089269155461	138.0	11	1.05	0.95				
	102	2	34.80912913614035	7.177140028070175	0.0	0.0	1	1.0104097590046144	0.5332478728296605	138.0	12	1.05	0.95				
	103	1	64.59426025263157	13.277709051929824	0.0	0.0	1	1.028503540933653	3.112604390163933	138.0	11	1.05	0.95				
	104	1	26.555418103859648	5.382855021052631	0.0	0.0	1	1.0129772339319745	-1.2032757896034412	138.0	11	1.05	0.95				
	105	1	25.478847099649123	5.023998019649123	0.0	0.0	1	1.026682112192246	-1.2031569932539479	138.0	11	1.05	0.95				
	106	1	48.804552190877196	10.047996039298246	0.0	-100.0	1	1.0424407575070473	-3.0664383638337576	138.0	12	1.05	0.95				
	107	2	44.8571251754386	8.971425035087718	0.0	0.0	1	0.9845478407788161	-8.37818540858032	138.0	12	1.05	0.95				
	108	1	61.364547239999986	12.559995049122804	0.0	0.0	1	0.9969869345025094	-6.6869125859222756	138.0	12	1.05	0.95				
	109	1	62.79997524561403	12.918852050526313	0.0	0.0	1	1.0248049058880033	-1.1135344497455952	138.0	13	1.05	0.95				
	110	1	69.9771152736842	14.35428005614035	0.0	0.0	1	1.05	-2.452656436876092	138.0	13	1.05	0.95				
	111	1	0.0	0.0	0.0	0.0	1	1.0137057988408025	1.0177169081508368	230.0	13	1.05	0.95				
	112	1	0.0	0.0	0.0	0.0	1	1.00998044833837	-0.08430190339148047	230.0	13	1.05	0.95				
	113	3	95.09710537192981	19.378278075789474	0.0	0.0	1	0.9878615454491306	-1.320427358630331e-28	230.0	14	1.05	0.95				
	114	2	69.6182582722807	13.995423054736841	0.0	0.0	1	1.039455637937272	4.649756699915275	230.0	16	1.05	0.95				
	115	2	113.75766944491225	22.96684808982456	0.0	0.0	1	1.0430927129176482	13.815647816854781	230.0	16	1.05	0.95				
	116	2	35.88570014035087	7.177140028070175	0.0	0.0	1	1.042138571300097	12.06585125789249	230.0	16	1.05	0.95				
	117	1	0.0	0.0	0.0	0.0	1	1.041393413185808	17.87658101648292	230.0	17	1.05	0.95				
	118	2	119.49938146736841	24.402276095438598	0.0	0.0	1	1.05	18.394581109895473	230.0	17	1.05	0.95				
	119	1	64.95311725403509	13.277709051929824	0.0	0.0	1	1.036747207778708	7.9732857482704125	230.0	15	1.05	0.95				
	120	1	45.93369617964912	9.330282036491228	0.0	0.0	1	1.037926910280766	5.093103202064621	230.0	15	1.05	0.95				
	121	2	0.0	0.0	0.0	0.0	1	1.043281283379824	19.802000124194016	230.0	17	1.05	0.95				
	122	2	0.0	0.0	0.0	0.0	1	1.05	37.76304015596055	230.0	17	1.05	0.95				
	123	2	0.0	0.0	0.0	0.0	1	1.0394291078531153	3.7825656143943247	230.0	15	1.05	0.95				
	124	1	0.0	0.0	0.0	0.0	1	1.0242470076846297	9.822044400715152	230.0	16	1.05	0.95				
	201	2	41.08861955368422	8.369903983157895	0.0	0.0	2	1.013362946026654	-13.085610559547435	138.0	21	1.05	0.95				
	202	2	36.90366756210526	7.609003621052633	0.0	0.0	2	1.01255456416307	-13.368391415417157	138.0	22	1.05	0.95				
	203	1	68.48103258947368	14.076656698947371	0.0	0.0	2	1.0116331964746519	-9.205481888544094	138.0	21	1.05	0.95				
	204	1	28.153313397894742	5.706752715789474	0.0	0.0	2	1.011900996177525	-13.033587130195958	138.0	21	1.05	0.95				
	205	1	27.011962854736844	5.326302534736843	0.0	0.0	2	1.027128620084936	-13.454826756390732	138.0	21	1.05	0.95				
	206	1	51.7412246231579	10.652605069473687	0.0	-100.0	2	1.0429511136766878	-14.151879899261786	138.0	22	1.05	0.95				
	207	2	47.556272631578956	9.51125452631579	0.0	0.0	2	0.996255791185196	-18.66408943333068	138.0	22	1.05	0.95				
	208	1	65.05698096	13.315756336842105	0.0	0.0	2	1.0024669774742674	-16.971650415195693	138.0	22	1.05	0.95				
	209	1	66.57878168421053	13.696206517894737	0.0	0.0	2	1.0220300651893952	-11.177416195742829	138.0	23	1.05	0.95				
	210	1	74.18778530526316	15.218007242105266	0.0	0.0	2	1.05	-12.597734863742305	138.0	23	1.05	0.95				
	211	1	0.0	0.0	0.0	0.0	2	1.0055164563925565	-8.300948117695096	230.0	23	1.05	0.95				
	212	1	0.0	0.0	0.0	0.0	2	1.0065257155750833	-7.520628264292986	230.0	23	1.05	0.95				
	213	2	100.81929797894738	20.54430977684211	0.0	0.0	2	1.0001283011351256	-6.898653920673915	230.0	24	1.05	0.95				
	214	2	73.80733512421052	14.837557061052634	0.0	0.0	2	1.0078504115368458	-5.830296215740278	230.0	26	1.05	0.95				
	215	2	120.60270739368421	24.348811587368424	0.0	0.0	2	1.0217221099828921	0.09474615081749543	230.0	26	1.05	0.95				
	216	2	38.04501810526316	7.609003621052633	0.0	0.0	2	1.0242587820696314	-0.025948581827087654	230.0	26	1.05	0.95				
	217	1	0.0	0.0	0.0	0.0	2	1.0317393246754247	1.5380166105882835	230.0	27	1.05	0.95				
	218	2	126.68991029052634	25.87061231157895	0.0	0.0	2	1.0300491429006196	1.0871632176490742	230.0	27	1.05	0.95				
	219	1	68.86148277052632	14.076656698947371	0.0	0.0	2	1.0234091635678453	-0.017084802149460194	230.0	25	1.05	0.95				
	220	1	48.69762317473685	9.891704707368422	0.0	0.0	2	1.0249921173774272	0.7388106857670964	230.0	25	1.05	0.95				
	221	2	0.0	0.0	0.0	0.0	2	1.0304849141653327	1.557058635055291	230.0	27	1.05	0.95				
	222	2	0.0	0.0	0.0	0.0	2	1.05	8.043089022957894	230.0	27	1.05	0.95				
	223	2	0.0	0.0	0.0	0.0	2	1.0263944863285828	1.4480811290837567	230.0	25	1.05	0.95				
	224	1	0.0	0.0	0.0	0.0	2	1.0064891320659908	-3.387845558973058	230.0	26	1.05	0.95				
	301	2	51.13002213473684	10.415374879298247	0.0	0.0	3	1.0106074792062538	-8.160791453341925	138.0	31	1.05	0.95				
	302	2	45.92233469508772	9.46852261754386	0.0	0.0	3	1.009965507525382	-8.296848095920907	138.0	32	1.05	0.95				
	303	1	85.21670355789473	17.516766842456143	0.0	0.0	3	1.0278228623166608	-1.415719084012633	138.0	31	1.05	0.95				
	304	1	35.033533684912285	7.101391963157895	0.0	0.0	3	1.0108902723880446	-6.650567657959889	138.0	31	1.05	0.95				
	305	1	33.613255292280705	6.627965832280703	0.0	0.0	3	1.0241511614578538	-7.687962884215537	138.0	31	1.05	0.95				
	306	1	64.38595379929825	13.255931664561405	0.0	-100.0	3	1.0396198307748914	-7.973498267943147	138.0	32	1.05	0.95				
	307	2	59.17826635964912	11.835653271929825	0.0	0.0	3	0.9948988230898351	-13.10826048097227	138.0	32	1.05	0.95				
	308	1	80.95586838	16.569914580701752	0.0	0.0	3	0.998889921520697	-10.932543906258612	138.0	32	1.05	0.95				
	309	1	82.84957290350877	17.043340711578946	0.0	0.0	3	1.0270694979016008	-3.371296472505981	138.0	33	1.05	0.95				
	310	1	92.31809552105264	18.93704523508772	0.0	0.0	3	1.05	-5.692943182792114	138.0	33	1.05	0.95				
	311	1	0.0	0.0	0.0	0.0	3	1.0113416101199357	0.5579590629952199	230.0	33	1.05	0.95				
	312	1	0.0	0.0	0.0	0.0	3	1.0107379990787848	0.8086209663613148	230.0	33	1.05	0.95				
	313	2	125.45792468245614	25.56501106736842	0.0	0.0	3	1.0106336520926436	3.802138500646543	230.0	34	1.05	0.95				
	314	2	91.84466939017544	18.463619104210526	0.0	0.0	3	1.0188922045401703	2.874862214277	230.0	36	1.05	0.95				
	315	2	150.07608348807017	30.29927237614035	0.0	0.0	3	1.041042246569429	8.329049614327596	230.0	36	1.05	0.95				
	316	2	47.3426130877193	9.46852261754386	0.0	0.0	3	1.0404524326156046	8.980684709404834	230.0	36	1.05	0.95				
	317	1	0.0	0.0	0.0	0.0	3	1.05	14.412283559588579	230.0	37	1.05	0.95				
	318	2	157.65090158210526	32.192976899649125	0.0	0.0	3	1.043885379564432	11.491659497278047	230.0	37	1.05	0.95				
	319	1	85.69012968877193	17.516766842456143	0.0	0.0	3	1.0317005568457716	7.49111448494703	230.0	35	1.05	0.95				
	320	1	60.5985447522807	12.309079402807017	0.0	0.0	3	1.0278050848579858	7.096591430425819	230.0	35	1.05	0.95				
	321	2	0.0	0.0	0.0	0.0	3	1.0446288255451839	11.090965115353494	230.0	37	1.05	0.95				
	322	2	0.0	0.0	0.0	0.0	3	1.05	16.736591755305977	230.0	37	1.05	0.95				
	323	2	0.0	0.0	0.0	0.0	3	1.0263759679361784	7.242621793940641	230.0	35	1.05	0.95				
	324	1	0.0	0.0	0.0	0.0	3	1.0239016611108511	4.689992127340864	230.0	36	1.05	0.95				
	325	1	0.0	0.0	0.0	0.0	3	1.0245800964105976	8.30231665681206	230.0	35	1.05	0.95				
];
