%% MATPOWER Case Format : Version 2
function mpc = RTS_GMLC
mpc.version = '2';

%%-----  Power Flow Data  -----%%
%% system MVA base
mpc.baseMVA = 100.0;
%% bus data
%    bus_i    type    Pd    Qd    Gs    Bs    area    Vm    Va    baseKV    zone    Vmax    Vmin
mpc.bus = [
	101	2	36.64571994189474	7.4648688770526315	0.0	0.0	1	1.035521224917971	3.9385254296506957	138.0	11	1.05	0.95				
	102	2	32.91328550336842	6.786244433684212	0.0	0.0	1	1.0345976935756998	3.6854306195796176	138.0	12	1.05	0.95				
	103	1	61.0761999031579	12.554552202315792	0.0	0.0	1	1.03172964675493	2.0135169818767875	138.0	11	1.05	0.95				
	104	1	25.109104404631584	5.089683325263158	0.0	0.0	1	1.0234152889982824	0.5098206473627215	138.0	11	1.05	0.95				
	105	1	24.091167739578946	4.7503711035789475	0.0	0.0	1	1.0379912580881805	0.7736421583949511	138.0	11	1.05	0.95				
	106	1	46.14646214905264	9.500742207157895	0.0	-100.0	1	1.0482202381844734	-1.4024306131132023	138.0	12	1.05	0.95				
	107	2	42.41402771052632	8.482805542105263	0.0	0.0	1	1.0012719934082304	-6.117202249055453	138.0	12	1.05	0.95				
	108	1	58.02238990800001	11.87592775894737	0.0	0.0	1	1.0078658409441623	-5.024927863950154	138.0	12	1.05	0.95				
	109	1	59.37963879473684	12.215239980631578	0.0	0.0	1	1.0243006611823913	-0.7154374553028395	138.0	13	1.05	0.95				
	110	1	66.16588322842105	13.572488867368424	0.0	0.0	1	1.05	-1.3714767710335158	138.0	13	1.05	0.95				
	111	1	0.0	0.0	0.0	0.0	1	1.0004872843488481	0.4917592516849279	230.0	13	1.05	0.95				
	112	1	0.0	0.0	0.0	0.0	1	1.0049211134324738	0.25309949094986406	230.0	13	1.05	0.95				
	113	3	89.91773874631579	18.32285997094737	0.0	0.0	1	0.9876615021119791	-1.239893567971255e-28	230.0	14	1.05	0.95				
	114	2	65.82657100673684	13.23317664568421	0.0	0.0	1	0.9973751858191368	2.59465501374755	230.0	16	1.05	0.95				
	115	2	107.56197427389473	21.715982187789475	0.0	0.0	1	1.0371436305992314	8.371754382507135	230.0	16	1.05	0.95				
	116	2	33.93122216842105	6.786244433684212	0.0	0.0	1	1.0316357649753995	7.456912659267537	230.0	16	1.05	0.95				
	117	1	0.0	0.0	0.0	0.0	1	1.0401597087534458	10.878268178568211	230.0	17	1.05	0.95				
	118	2	112.99096982084211	23.07323107452632	0.0	0.0	1	1.0457617776277275	11.154321654600949	230.0	17	1.05	0.95				
	119	1	61.41551212484211	12.554552202315792	0.0	0.0	1	1.0210345482722496	5.447934149208511	230.0	15	1.05	0.95				
	120	1	43.43196437557895	8.822117763789475	0.0	0.0	1	1.0144962502360937	4.347960001199124	230.0	15	1.05	0.95				
	121	2	0.0	0.0	0.0	0.0	1	1.0495537440165783	12.201236081347542	230.0	17	1.05	0.95				
	122	2	0.0	0.0	0.0	0.0	1	1.05	22.55442604238067	230.0	17	1.05	0.95				
	123	2	0.0	0.0	0.0	0.0	1	1.011055026050474	4.009000746283455	230.0	15	1.05	0.95				
	124	1	0.0	0.0	0.0	0.0	1	1.0265590161358362	5.983661630087609	230.0	16	1.05	0.95				
	201	2	34.781677946526315	7.085156618736842	0.0	0.0	2	1.013807300149208	-7.861274835769574	138.0	21	1.05	0.95				
	202	2	31.239099637157892	6.441051471578947	0.0	0.0	2	1.0129294251635412	-8.112120207992978	138.0	22	1.05	0.95				
	203	1	57.96946324421053	11.915945222421051	0.0	0.0	2	1.0161466780003998	-5.334705150384325	138.0	21	1.05	0.95				
	204	1	23.831890444842102	4.83078860368421	0.0	0.0	2	1.0137520981222734	-7.9554856416639455	138.0	21	1.05	0.95				
	205	1	22.86573272410526	4.508736030105263	0.0	0.0	2	1.0281834809858792	-8.243257241680023	138.0	21	1.05	0.95				
	206	1	43.799150006736845	9.017472060210526	0.0	-100.0	2	1.0446980540607715	-8.895404131435075	138.0	22	1.05	0.95				
	207	2	40.256571697368415	8.051314339473684	0.0	0.0	2	0.9970793660441901	-12.650773100835506	138.0	22	1.05	0.95				
	208	1	55.070990081999994	11.271840075263157	0.0	0.0	2	1.0053799919656279	-11.270237527178184	138.0	22	1.05	0.95				
	209	1	56.35920037631579	11.593892648842104	0.0	0.0	2	1.0228008520482235	-6.483241944418821	138.0	23	1.05	0.95				
	210	1	62.80025184789473	12.882102943157895	0.0	0.0	2	1.05	-7.584055501495336	138.0	23	1.05	0.95				
	211	1	0.0	0.0	0.0	0.0	2	1.000806290842751	-3.9947466556344855	230.0	23	1.05	0.95				
	212	1	0.0	0.0	0.0	0.0	2	1.0052258749445784	-3.2163265509790673	230.0	23	1.05	0.95				
	213	2	85.34393199842104	17.390838973263158	0.0	0.0	2	0.9941241372694354	-2.647549293374071	230.0	24	1.05	0.95				
	214	2	62.478199274315784	12.560050369578946	0.0	0.0	2	0.9973306414577625	-1.9708575100269232	230.0	26	1.05	0.95				
	215	2	102.09066582452631	20.61136470905263	0.0	0.0	2	1.0156094974055554	2.6727035313349536	230.0	26	1.05	0.95				
	216	2	32.20525735789474	6.441051471578947	0.0	0.0	2	1.016740225460838	2.8086373452593985	230.0	26	1.05	0.95				
	217	1	0.0	0.0	0.0	0.0	2	1.0216146061097724	3.928137868478935	230.0	27	1.05	0.95				
	218	2	107.24350700178947	21.899575003368422	0.0	0.0	2	1.0210560371884911	3.628769901588927	230.0	27	1.05	0.95				
	219	1	58.291515817789474	11.915945222421051	0.0	0.0	2	1.0185348645735601	3.0620504528453476	230.0	25	1.05	0.95				
	220	1	41.22272941810526	8.373366913052632	0.0	0.0	2	1.0217780252998419	3.922459160424823	230.0	25	1.05	0.95				
	221	2	0.0	0.0	0.0	0.0	2	1.0228375231773792	4.112798631118098	230.0	27	1.05	0.95				
	222	2	0.0	0.0	0.0	0.0	2	1.0447877969760744	10.596463401691834	230.0	27	1.05	0.95				
	223	2	0.0	0.0	0.0	0.0	2	1.0238597979650448	4.645256330793299	230.0	25	1.05	0.95				
	224	1	0.0	0.0	0.0	0.0	2	1.0058276252958023	-0.3584149194603971	230.0	26	1.05	0.95				
	301	2	45.748813680000005	9.319202786666667	0.0	0.0	3	1.006996976508189	-14.67443672189536	138.0	31	1.05	0.95				
	302	2	41.089212286666665	8.472002533333335	0.0	0.0	3	1.0068983998996914	-14.773945202040935	138.0	32	1.05	0.95				
	303	1	76.2480228	15.673204686666667	0.0	0.0	3	1.0233594891959288	-9.417629202787166	138.0	31	1.05	0.95				
	304	1	31.346409373333334	6.3540019	0.0	0.0	3	1.0106280728612844	-13.201929223339683	138.0	31	1.05	0.95				
	305	1	30.075608993333336	5.930401773333334	0.0	0.0	3	1.0230261084903471	-14.168868654180843	138.0	31	1.05	0.95				
	306	1	57.60961722666668	11.860803546666668	0.0	-100.0	3	1.040322353645796	-14.391439093042793	138.0	32	1.05	0.95				
	307	2	52.95001583333334	10.590003166666667	0.0	0.0	3	0.9937190815837824	-18.80442286948351	138.0	32	1.05	0.95				
	308	1	72.43562166000001	14.826004433333335	0.0	0.0	3	1.0003276678428605	-16.905308265205303	138.0	32	1.05	0.95				
	309	1	74.13002216666666	15.24960456	0.0	0.0	3	1.027064454551053	-10.186679573091453	138.0	33	1.05	0.95				
	310	1	82.6020247	16.94400506666667	0.0	0.0	3	1.05	-12.29929722089707	138.0	33	1.05	0.95				
	311	1	0.0	0.0	0.0	0.0	3	1.008091469370243	-6.691849379604386	230.0	33	1.05	0.95				
	312	1	0.0	0.0	0.0	0.0	3	1.011416805495948	-6.281820669825728	230.0	33	1.05	0.95				
	313	2	112.25403356666668	22.874406840000002	0.0	0.0	3	1.0104341980785987	-3.3674260600689623	230.0	34	1.05	0.95				
	314	2	82.17842457333333	16.520404940000002	0.0	0.0	3	1.0076913404443728	-4.942281416431723	230.0	36	1.05	0.95				
	315	2	134.28124015333333	27.110408106666668	0.0	0.0	3	1.0331150667549909	-0.5572761937531899	230.0	36	1.05	0.95				
	316	2	42.36001266666667	8.472002533333335	0.0	0.0	3	1.0324637935414298	0.038557001133643236	230.0	36	1.05	0.95				
	317	1	0.0	0.0	0.0	0.0	3	1.040864850523693	3.4786192490272687	230.0	37	1.05	0.95				
	318	2	141.05884218	28.80480861333334	0.0	0.0	3	1.0376165135985687	2.3191186477163264	230.0	37	1.05	0.95				
	319	1	76.67162292666667	15.673204686666667	0.0	0.0	3	1.0274974672604442	-0.898606454190994	230.0	35	1.05	0.95				
	320	1	54.220816213333336	11.013603293333334	0.0	0.0	3	1.026087548804571	-0.8917746987129874	230.0	35	1.05	0.95				
	321	2	0.0	0.0	0.0	0.0	3	1.0383010772748074	1.9358611077590995	230.0	37	1.05	0.95				
	322	2	0.0	0.0	0.0	0.0	3	1.05	6.857313464451194	230.0	37	1.05	0.95				
	323	2	0.0	0.0	0.0	0.0	3	1.0258461966251304	-0.5607730949492784	230.0	35	1.05	0.95				
	324	1	0.0	0.0	0.0	0.0	3	1.018375401615476	-3.875829305013368	230.0	36	1.05	0.95				
	325	1	0.0	0.0	0.0	0.0	3	1.0245012851043191	0.5255026919923231	230.0	35	1.05	0.95				
];
