%% MATPOWER Case Format : Version 2
function mpc = RTS_GMLC
mpc.version = '2';

%%-----  Power Flow Data  -----%%
%% system MVA base
mpc.baseMVA = 100.0;
%% bus data
%    bus_i    type    Pd    Qd    Gs    Bs    area    Vm    Va    baseKV    zone    Vmax    Vmin
mpc.bus = [
	101	2	45.570014829473685	9.282780798596493	0.0	0.0	1	1.0447106862812823	4.590153108736881	138.0	11	1.05	0.95				
	102	2	40.92862443017544	8.43889163508772	0.0	0.0	1	1.0436698365773962	4.2861088139754955	138.0	12	1.05	0.95				
	103	1	75.95002471578948	15.61194952491228	0.0	0.0	1	1.0305594310255284	1.6483694417836916	138.0	11	1.05	0.95				
	104	1	31.22389904982456	6.32916872631579	0.0	0.0	1	1.0272338649938098	0.6653644648639941	138.0	11	1.05	0.95				
	105	1	29.958065304561405	5.907224144561404	0.0	0.0	1	1.0409392675958133	0.6755704409230889	138.0	11	1.05	0.95				
	106	1	57.38446311859649	11.814448289122808	0.0	-100.0	1	1.0475322042890192	-1.997008034091223	138.0	12	1.05	0.95				
	107	2	52.74307271929825	10.54861454385965	0.0	0.0	1	1.000106547769738	-8.520741675502183	138.0	12	1.05	0.95				
	108	1	72.15252348	14.76806036140351	0.0	0.0	1	1.0039534092623759	-6.917806076335058	138.0	12	1.05	0.95				
	109	1	73.84030180701755	15.190004943157895	0.0	0.0	1	1.0243415899796824	-1.2876114663532918	138.0	13	1.05	0.95				
	110	1	82.27919344210527	16.87778327017544	0.0	0.0	1	1.05	-2.0154479318012104	138.0	13	1.05	0.95				
	111	1	0.0	0.0	0.0	0.0	1	1.0026219937752068	0.1140477780483341	230.0	13	1.05	0.95				
	112	1	0.0	0.0	0.0	0.0	1	1.0074700969919306	0.10153556357036912	230.0	13	1.05	0.95				
	113	3	111.81531416491228	22.785007414736842	0.0	0.0	1	0.9931562359702417	-6.779819220431779e-30	230.0	14	1.05	0.95				
	114	2	81.85724886035088	16.455838688421053	0.0	0.0	1	0.9991322029047087	2.1091838741297577	230.0	16	1.05	0.95				
	115	2	133.75643241614034	27.004453232280706	0.0	0.0	1	1.0348066809286345	7.925410853768126	230.0	16	1.05	0.95				
	116	2	42.1944581754386	8.43889163508772	0.0	0.0	1	1.030892771378314	7.37321049854526	230.0	16	1.05	0.95				
	117	1	0.0	0.0	0.0	0.0	1	1.0385218416007898	10.124792346312894	230.0	17	1.05	0.95				
	118	2	140.50754572421053	28.692231559298246	0.0	0.0	1	1.0416883183653936	10.436169600428903	230.0	17	1.05	0.95				
	119	1	76.37196929754386	15.61194952491228	0.0	0.0	1	1.0225438357530776	5.570640816984166	230.0	15	1.05	0.95				
	120	1	54.00890646456141	10.970559125614036	0.0	0.0	1	1.0184762474566513	4.707657662133789	230.0	15	1.05	0.95				
	121	2	0.0	0.0	0.0	0.0	1	1.044921691106372	11.584649771861036	230.0	17	1.05	0.95				
	122	2	0.0	0.0	0.0	0.0	1	1.05	18.847679786055775	230.0	17	1.05	0.95				
	123	2	0.0	0.0	0.0	0.0	1	1.0167434372774713	4.5617445876255225	230.0	15	1.05	0.95				
	124	1	0.0	0.0	0.0	0.0	1	1.024756055960968	5.564699743923091	230.0	16	1.05	0.95				
	201	2	43.94459311578947	8.951676375438597	0.0	0.0	2	1.0199623560496383	-10.084042224496272	138.0	21	1.05	0.95				
	202	2	39.46875492807017	8.137887614035089	0.0	0.0	2	1.0199446954802316	-10.133204025382543	138.0	22	1.05	0.95				
	203	1	73.24098852631579	15.05509208596491	0.0	0.0	2	1.0158974999973507	-7.949994033239373	138.0	21	1.05	0.95				
	204	1	30.11018417192982	6.103415710526315	0.0	0.0	2	1.015343641513786	-10.716013283814505	138.0	21	1.05	0.95				
	205	1	28.88950102982456	5.696521329824562	0.0	0.0	2	1.0301428709250444	-11.044237769918364	138.0	21	1.05	0.95				
	206	1	55.3376357754386	11.393042659649124	0.0	-100.0	2	1.0438806215778134	-12.022837902013714	138.0	22	1.05	0.95				
	207	2	50.861797587719295	10.172359517543859	0.0	0.0	2	0.995046146368229	-17.387894759214802	138.0	22	1.05	0.95				
	208	1	69.57893909999999	14.241303324561402	0.0	0.0	2	1.0008932897600777	-15.560036871314924	138.0	22	1.05	0.95				
	209	1	71.20651662280702	14.648197705263158	0.0	0.0	2	1.0228336378327199	-9.50752514038524	138.0	23	1.05	0.95				
	210	1	79.34440423684211	16.275775228070177	0.0	0.0	2	1.05	-10.704178304748746	138.0	23	1.05	0.95				
	211	1	0.0	0.0	0.0	0.0	2	1.0042010631154266	-6.833908138918466	230.0	23	1.05	0.95				
	212	1	0.0	0.0	0.0	0.0	2	1.0074225601565339	-5.579115316819269	230.0	23	1.05	0.95				
	213	2	107.82701088596491	21.972296557894737	0.0	0.0	2	0.9987623663181496	-5.457995687504607	230.0	24	1.05	0.95				
	214	2	78.93750985614034	15.868880847368422	0.0	0.0	2	1.003773103036981	-4.636697356388342	230.0	26	1.05	0.95				
	215	2	128.98551868245613	26.041240364912284	0.0	0.0	2	1.020326423217295	1.1912373003904912	230.0	26	1.05	0.95				
	216	2	40.689438070175434	8.137887614035089	0.0	0.0	2	1.0209479780097233	0.953298963809656	230.0	26	1.05	0.95				
	217	1	0.0	0.0	0.0	0.0	2	1.025754917155712	2.4566693439317238	230.0	27	1.05	0.95				
	218	2	135.4958287736842	27.6688178877193	0.0	0.0	2	1.0251074522246582	1.9997772006813939	230.0	27	1.05	0.95				
	219	1	73.64788290701755	15.05509208596491	0.0	0.0	2	1.020676911822246	0.8001559200024968	230.0	25	1.05	0.95				
	220	1	52.08248072982457	10.579253898245614	0.0	0.0	2	1.0230866385619954	1.4702032815654476	230.0	25	1.05	0.95				
	221	2	0.0	0.0	0.0	0.0	2	1.0270959496409588	2.533305762406413	230.0	27	1.05	0.95				
	222	2	0.0	0.0	0.0	0.0	2	1.0489382806213132	9.006629896938007	230.0	27	1.05	0.95				
	223	2	0.0	0.0	0.0	0.0	2	1.0250476619605984	2.1522261206148596	230.0	25	1.05	0.95				
	224	1	0.0	0.0	0.0	0.0	2	1.0074081259314702	-2.251867475704419	230.0	26	1.05	0.95				
	301	2	58.37329959157894	11.890857324210526	0.0	0.0	3	1.0069051642215865	-10.573565712101182	138.0	31	1.05	0.95				
	302	2	52.42787092947368	10.809870294736841	0.0	0.0	3	1.006453833022552	-10.696806804183542	138.0	32	1.05	0.95				
	303	1	97.28883265263157	19.998260045263155	0.0	0.0	3	1.0229068280440445	-4.804565948728443	138.0	31	1.05	0.95				
	304	1	39.99652009052631	8.10740272105263	0.0	0.0	3	1.0069140251142659	-9.047622896934097	138.0	31	1.05	0.95				
	305	1	38.37503954631578	7.566909206315789	0.0	0.0	3	1.0208774479682807	-9.422559461784576	138.0	31	1.05	0.95				
	306	1	73.50711800421053	15.133818412631578	0.0	-100.0	3	1.0366292011572722	-9.397883741365002	138.0	32	1.05	0.95				
	307	2	67.56168934210525	13.512337868421051	0.0	0.0	3	0.9950329076177401	-14.827755637611329	138.0	32	1.05	0.95				
	308	1	92.42439101999999	18.91727301578947	0.0	0.0	3	0.9987566054169611	-12.329186444312315	138.0	32	1.05	0.95				
	309	1	94.58636507894735	19.457766530526314	0.0	0.0	3	1.0254598737513734	-5.486306735861714	138.0	33	1.05	0.95				
	310	1	105.39623537368419	21.619740589473682	0.0	0.0	3	1.05	-6.537756398214761	138.0	33	1.05	0.95				
	311	1	0.0	0.0	0.0	0.0	3	1.0103098203560419	-0.6920162797878734	230.0	33	1.05	0.95				
	312	1	0.0	0.0	0.0	0.0	3	1.0141219838207411	0.1588434105994579	230.0	33	1.05	0.95				
	313	2	143.23078140526314	29.18664979578947	0.0	0.0	3	1.0204339779159093	4.558617538456595	230.0	34	1.05	0.95				
	314	2	104.85574185894735	21.07924707473684	0.0	0.0	3	1.0104573169240108	0.06346832146412262	230.0	36	1.05	0.95				
	315	2	171.3364441715789	34.59158494315789	0.0	0.0	3	1.0239104114540798	-0.6993292966255537	230.0	36	1.05	0.95				
	316	2	54.049351473684204	10.809870294736841	0.0	0.0	3	1.023839386237153	0.2937116599361493	230.0	36	1.05	0.95				
	317	1	0.0	0.0	0.0	0.0	3	1.0273363648413028	0.42615022471565783	230.0	37	1.05	0.95				
	318	2	179.9843404073684	36.75355900210526	0.0	0.0	3	1.0252926245628933	-0.20562591069602204	230.0	37	1.05	0.95				
	319	1	97.82932616736841	19.998260045263155	0.0	0.0	3	1.02330470863054	1.5429829855117683	230.0	35	1.05	0.95				
	320	1	69.18316988631578	14.052831383157894	0.0	0.0	3	1.0248844530886614	2.634302387316684	230.0	35	1.05	0.95				
	321	2	0.0	0.0	0.0	0.0	3	1.0268950075660457	0.1846026899448849	230.0	37	1.05	0.95				
	322	2	0.0	0.0	0.0	0.0	3	1.0404059261223286	4.666691048122264	230.0	37	1.05	0.95				
	323	2	0.0	0.0	0.0	0.0	3	1.0262571747891065	3.297214036392891	230.0	35	1.05	0.95				
	324	1	0.0	0.0	0.0	0.0	3	1.019170539256512	-0.6806673919904949	230.0	36	1.05	0.95				
	325	1	0.0	0.0	0.0	0.0	3	1.0264153893503727	4.006245031810694	230.0	35	1.05	0.95				
];
