%% MATPOWER Case Format : Version 2
function mpc = RTS_GMLC
mpc.version = '2';

%%-----  Power Flow Data  -----%%
%% system MVA base
mpc.baseMVA = 100.0;
%% bus data
%    bus_i    type    Pd    Qd    Gs    Bs    area    Vm    Va    baseKV    zone    Vmax    Vmin
mpc.bus = [
	101	2	53.21177636210527	10.839435925614033	0.0	0.0	1	1.0327599673720333	1.9276691114911835	138.0	11	1.05	0.95				
	102	2	47.79205839929824	9.854032659649123	0.0	0.0	1	1.0323449974428647	1.7988590469329608	138.0	12	1.05	0.95				
	103	1	88.68629393684209	18.229960420350878	0.0	0.0	1	1.0268695950357025	-0.26821360504895414	138.0	11	1.05	0.95				
	104	1	36.459920840701756	7.390524494736842	0.0	0.0	1	1.0202615806750441	-1.3530564983897437	138.0	11	1.05	0.95				
	105	1	34.981815941754384	6.897822861754387	0.0	0.0	1	1.0347006038405995	-1.142030050706989	138.0	11	1.05	0.95				
	106	1	67.00742208561404	13.795645723508773	0.0	-100.0	1	1.0434662330425193	-3.351881121728566	138.0	12	1.05	0.95				
	107	2	61.58770412280702	12.317540824561403	0.0	0.0	1	1.023749290883063	-2.8300339626923603	138.0	12	1.05	0.95				
	108	1	84.25197924	17.244557154385966	0.0	0.0	1	1.017700081619676	-4.169328342241273	138.0	12	1.05	0.95				
	109	1	86.22278577192982	17.73725878736842	0.0	0.0	1	1.025601490927368	-1.9350792725735728	138.0	13	1.05	0.95				
	110	1	96.07681843157894	19.708065319298246	0.0	0.0	1	1.05	-2.6986556884692954	138.0	13	1.05	0.95				
	111	1	0.0	0.0	0.0	0.0	1	1.0047091808553104	-0.4072379332879848	230.0	13	1.05	0.95				
	112	1	0.0	0.0	0.0	0.0	1	1.0099300292761304	0.254248079901086	230.0	13	1.05	0.95				
	113	3	130.56593274035086	26.605888181052634	0.0	0.0	1	0.9976829129542841	-5.818326191160773e-28	230.0	14	1.05	0.95				
	114	2	95.58411679859648	19.21536368631579	0.0	0.0	1	1.0007760118608888	1.2689424395314977	230.0	16	1.05	0.95				
	115	2	156.1864176554386	31.53290451087719	0.0	0.0	1	1.0396461968602435	6.706049331406301	230.0	16	1.05	0.95				
	116	2	49.27016329824561	9.854032659649123	0.0	0.0	1	1.0353654157472387	6.511781905104552	230.0	16	1.05	0.95				
	117	1	0.0	0.0	0.0	0.0	1	1.0433868277206284	8.16950916685573	230.0	17	1.05	0.95				
	118	2	164.0696437831579	33.50371104280702	0.0	0.0	1	1.046184483029169	8.11823035308766	230.0	17	1.05	0.95				
	119	1	89.17899556982456	18.229960420350878	0.0	0.0	1	1.0292388398887609	5.853397459081231	230.0	15	1.05	0.95				
	120	1	63.06580902175438	12.810242457543861	0.0	0.0	1	1.0275479483118284	6.232381090950552	230.0	15	1.05	0.95				
	121	2	0.0	0.0	0.0	0.0	1	1.05	8.621103856933903	230.0	17	1.05	0.95				
	122	2	0.0	0.0	0.0	0.0	1	1.05	15.262491507824931	230.0	17	1.05	0.95				
	123	2	0.0	0.0	0.0	0.0	1	1.0275587190442779	6.819139795837901	230.0	15	1.05	0.95				
	124	1	0.0	0.0	0.0	0.0	1	1.0256808591958462	4.10734345068419	230.0	16	1.05	0.95				
	201	2	53.37950574315789	10.873603021754386	0.0	0.0	2	1.0318261889771223	-6.04516533881763	138.0	21	1.05	0.95				
	202	2	47.9427042322807	9.88509365614035	0.0	0.0	2	1.03209764179618	-6.065588393223993	138.0	22	1.05	0.95				
	203	1	88.96584290526314	18.287423263859647	0.0	0.0	2	1.0236491466170892	-5.1936549110939705	138.0	21	1.05	0.95				
	204	1	36.574846527719295	7.413820242105262	0.0	0.0	2	1.0193434377985011	-8.475621946185672	138.0	21	1.05	0.95				
	205	1	35.09208247929824	6.919565559298246	0.0	0.0	2	1.0345050688591955	-8.647457534210146	138.0	21	1.05	0.95				
	206	1	67.21863686175439	13.839131118596493	0.0	-100.0	2	1.0436459609606406	-10.577531919708898	138.0	22	1.05	0.95				
	207	2	61.78183535087719	12.356367070175438	0.0	0.0	2	0.9881288062685466	-18.06684079336891	138.0	22	1.05	0.95				
	208	1	84.51755075999999	17.298913898245612	0.0	0.0	2	0.9933564514454161	-15.782172690136969	138.0	22	1.05	0.95				
	209	1	86.49456949122806	17.79316858105263	0.0	0.0	2	1.0236204514618976	-8.438403511186916	138.0	23	1.05	0.95				
	210	1	96.3796631473684	19.7701873122807	0.0	0.0	2	1.05	-9.720794076507456	138.0	23	1.05	0.95				
	211	1	0.0	0.0	0.0	0.0	2	1.0084746363122512	-5.820761676840668	230.0	23	1.05	0.95				
	212	1	0.0	0.0	0.0	0.0	2	1.0117539536803657	-5.27263464064315	230.0	23	1.05	0.95				
	213	2	130.97749094385964	26.689752871578946	0.0	0.0	2	1.0037393858094124	-5.003849125581246	230.0	24	1.05	0.95				
	214	2	95.8854084645614	19.275932629473683	0.0	0.0	2	1.0114057038290822	-3.193104265698243	230.0	26	1.05	0.95				
	215	2	156.67873444982453	31.63229969964912	0.0	0.0	2	1.0309394549178348	3.604329105790551	230.0	26	1.05	0.95				
	216	2	49.42546828070175	9.88509365614035	0.0	0.0	2	1.0330734898761944	3.4917195021401843	230.0	26	1.05	0.95				
	217	1	0.0	0.0	0.0	0.0	2	1.0377790284249602	6.351535501240729	230.0	27	1.05	0.95				
	218	2	164.58680937473684	33.609318430877195	0.0	0.0	2	1.0395577841094368	6.9267628189542645	230.0	27	1.05	0.95				
	219	1	89.46009758807017	18.287423263859647	0.0	0.0	2	1.0328813649800095	2.4781349685475016	230.0	25	1.05	0.95				
	220	1	63.26459939929824	12.850621752982455	0.0	0.0	2	1.0364262453888498	2.5487545152495654	230.0	25	1.05	0.95				
	221	2	0.0	0.0	0.0	0.0	2	1.0391240708641856	6.573117770999148	230.0	27	1.05	0.95				
	222	2	0.0	0.0	0.0	0.0	2	1.05	12.98741441743603	230.0	27	1.05	0.95				
	223	2	0.0	0.0	0.0	0.0	2	1.039222144674988	2.9572096190560027	230.0	25	1.05	0.95				
	224	1	0.0	0.0	0.0	0.0	2	1.017216300612981	0.3007284441775229	230.0	26	1.05	0.95				
	301	2	69.80196141473685	14.21891806596491	0.0	0.0	3	1.0109557816357033	-30.675214683561066	138.0	31	1.05	0.95				
	302	2	62.69250238175438	12.926289150877194	0.0	0.0	3	1.0099675077492756	-30.893429620606167	138.0	32	1.05	0.95				
	303	1	116.33660235789473	23.913634929122807	0.0	0.0	3	1.0322454365602314	-19.981110923111842	138.0	31	1.05	0.95				
	304	1	47.827269858245614	9.694716863157895	0.0	0.0	3	1.0078017432082487	-28.55886690825706	138.0	31	1.05	0.95				
	305	1	45.88832648561404	9.048402405614036	0.0	0.0	3	1.0217575184367136	-30.252989985704417	138.0	31	1.05	0.95				
	306	1	87.89876622596492	18.096804811228072	0.0	-100.0	3	1.0344565790832885	-30.719821364695676	138.0	32	1.05	0.95				
	307	2	80.78930719298245	16.15786143859649	0.0	0.0	3	0.9969919440176431	-35.23398601659855	138.0	32	1.05	0.95				
	308	1	110.51977224000001	22.621006014035085	0.0	0.0	3	0.994708438576455	-33.29448917102839	138.0	32	1.05	0.95				
	309	1	113.10503007017543	23.267320471578945	0.0	0.0	3	1.0294905989824419	-24.030035780232026	138.0	33	1.05	0.95				
	310	1	126.03131922105261	25.852578301754388	0.0	0.0	3	1.05	-27.756933777316195	138.0	33	1.05	0.95				
	311	1	0.0	0.0	0.0	0.0	3	1.0217681337414666	-20.066360385243417	230.0	33	1.05	0.95				
	312	1	0.0	0.0	0.0	0.0	3	1.020162992120233	-19.625116500324758	230.0	33	1.05	0.95				
	313	2	171.2733312491228	34.900980707368426	0.0	0.0	3	1.0290236910018489	-16.802175651101567	230.0	34	1.05	0.95				
	314	2	125.38500476350876	25.206263844210525	0.0	0.0	3	1.0349906723562379	-17.17493327897272	230.0	36	1.05	0.95				
	315	2	204.88168304140348	41.36412528280702	0.0	0.0	3	1.0492209698155595	-9.428143555211978	230.0	36	1.05	0.95				
	316	2	64.63144575438596	12.926289150877194	0.0	0.0	3	1.0492551493906215	-9.178587856861213	230.0	36	1.05	0.95				
	317	1	0.0	0.0	0.0	0.0	3	1.05	-5.355366118896941	230.0	37	1.05	0.95				
	318	2	215.22271436210528	43.94938311298246	0.0	0.0	3	1.0467980125882705	-5.5071229660765795	230.0	37	1.05	0.95				
	319	1	116.9829168154386	23.913634929122807	0.0	0.0	3	1.045148097865609	-11.00032767968306	230.0	35	1.05	0.95				
	320	1	82.72825056561403	16.80417589614035	0.0	0.0	3	1.0473451341839046	-11.37816623580824	230.0	35	1.05	0.95				
	321	2	0.0	0.0	0.0	0.0	3	1.05	-5.237161859015623	230.0	37	1.05	0.95				
	322	2	0.0	0.0	0.0	0.0	3	1.05	-0.30469745592875214	230.0	37	1.05	0.95				
	323	2	0.0	0.0	0.0	0.0	3	1.05	-11.114001447224183	230.0	35	1.05	0.95				
	324	1	0.0	0.0	0.0	0.0	3	1.0295936555664478	-13.356594850222104	230.0	36	1.05	0.95				
	325	1	0.0	0.0	0.0	0.0	3	1.0427452385629161	-9.511925637552855	230.0	35	1.05	0.95				
];
