%% MATPOWER Case Format : Version 2
function mpc = RTS_GMLC
mpc.version = '2';

%%-----  Power Flow Data  -----%%
%% system MVA base
mpc.baseMVA = 100.0;
%% bus data
%    bus_i    type    Pd    Qd    Gs    Bs    area    Vm    Va    baseKV    zone    Vmax    Vmin
mpc.bus = [
	101	2	35.1895101423158	7.1682335475087715	0.0	0.0	1	0.9909731401108	-5.531275062389317	138.0	11	1.05	0.95				
	102	2	31.6053933685614	6.516575952280703	0.0	0.0	1	0.9908023329540295	-5.689518268401151	138.0	12	1.05	0.95				
	103	1	58.64918357052632	12.0556655117193	0.0	0.0	1	1.0226954934154717	0.5373643374153133	138.0	11	1.05	0.95				
	104	1	24.1113310234386	4.887431964210527	0.0	0.0	1	1.0048517333503129	-4.977914965648023	138.0	11	1.05	0.95				
	105	1	23.133844630596492	4.561603166596492	0.0	0.0	1	1.0164283721200411	-5.725393424664101	138.0	11	1.05	0.95				
	106	1	44.31271647550878	9.123206333192984	0.0	-100.0	1	1.0391897925029139	-6.261431290146701	138.0	12	1.05	0.95				
	107	2	40.72859970175438	8.145719940350878	0.0	0.0	1	0.9885224696661221	-9.871066660496547	138.0	12	1.05	0.95				
	108	1	55.716724392	11.404007916491228	0.0	0.0	1	1.0006690795903033	-8.36732981722908	138.0	12	1.05	0.95				
	109	1	57.020039582456135	11.729836714105263	0.0	0.0	1	1.0252965876924132	-3.0461949257454113	138.0	13	1.05	0.95				
	110	1	63.53661553473684	13.033151904561405	0.0	0.0	1	1.05	-4.852002450879171	138.0	13	1.05	0.95				
	111	1	0.0	0.0	0.0	0.0	1	1.0148826992902054	-0.09049245888143854	230.0	13	1.05	0.95				
	112	1	0.0	0.0	0.0	0.0	1	1.011452668900948	-1.2190774844955647	230.0	13	1.05	0.95				
	113	3	86.3446313677193	17.5947550711579	0.0	0.0	1	0.995905415475911	7.666723612926935e-30	230.0	14	1.05	0.95				
	114	2	63.2107867371228	12.707323106947369	0.0	0.0	1	1.0385954208778965	3.6485019319265417	230.0	16	1.05	0.95				
	115	2	103.28772884364912	20.853043047298247	0.0	0.0	1	1.0397666818041607	12.691758897730722	230.0	16	1.05	0.95				
	116	2	32.58287976140351	6.516575952280703	0.0	0.0	1	1.0397521835088508	11.021129626806301	230.0	16	1.05	0.95				
	117	1	0.0	0.0	0.0	0.0	1	1.0388168770947734	16.832123840183463	230.0	17	1.05	0.95				
	118	2	108.50098960547369	22.15635823775439	0.0	0.0	1	1.0469430399696134	17.349489104900467	230.0	17	1.05	0.95				
	119	1	58.975012368140355	12.0556655117193	0.0	0.0	1	1.0347491749293332	6.991870137996799	230.0	15	1.05	0.95				
	120	1	41.70608609459649	8.471548737964913	0.0	0.0	1	1.0358164194914226	4.108154748640835	230.0	15	1.05	0.95				
	121	2	0.0	0.0	0.0	0.0	1	1.0392757679560172	18.689011290022258	230.0	17	1.05	0.95				
	122	2	0.0	0.0	0.0	0.0	1	1.05	36.68249615801471	230.0	17	1.05	0.95				
	123	2	0.0	0.0	0.0	0.0	1	1.037121230197552	2.772242836233497	230.0	15	1.05	0.95				
	124	1	0.0	0.0	0.0	0.0	1	1.0181480705513533	8.165005526555253	230.0	16	1.05	0.95				
	201	2	37.48465291831579	7.635762631508772	0.0	0.0	2	1.006529844167232	-14.101988459847936	138.0	21	1.05	0.95				
	202	2	33.666771602561404	6.941602392280702	0.0	0.0	2	1.0052301184670387	-14.378729974899933	138.0	22	1.05	0.95				
	203	1	62.474421530526314	12.841964425719295	0.0	0.0	2	1.0131815680193517	-10.605514518232798	138.0	21	1.05	0.95				
	204	1	25.68392885143859	5.206201794210526	0.0	0.0	2	1.0097794469265489	-14.24380221743621	138.0	21	1.05	0.95				
	205	1	24.642688492596488	4.859121674596492	0.0	0.0	2	1.0241135378332311	-14.62642851425279	138.0	21	1.05	0.95				
	206	1	47.20289626750877	9.718243349192983	0.0	-100.0	2	1.0420859461295826	-15.379861674683585	138.0	22	1.05	0.95				
	207	2	43.385014951754385	8.677002990350877	0.0	0.0	2	0.9898397345608224	-19.397648276778625	138.0	22	1.05	0.95				
	208	1	59.35070045399999	12.147804186491227	0.0	0.0	2	1.0002556264847549	-17.91206187897256	138.0	22	1.05	0.95				
	209	1	60.739020932456135	12.494884306105263	0.0	0.0	2	1.022859605719539	-12.683867142680615	138.0	23	1.05	0.95				
	210	1	67.68062332473683	13.883204784561403	0.0	0.0	2	1.05	-14.023453586375796	138.0	23	1.05	0.95				
	211	1	0.0	0.0	0.0	0.0	2	1.0041314736469538	-10.143222123571835	230.0	23	1.05	0.95				
	212	1	0.0	0.0	0.0	0.0	2	1.0127862291381813	-9.548600700846999	230.0	23	1.05	0.95				
	213	2	91.97623169771929	18.742326459157894	0.0	0.0	2	1.0024835472504272	-8.993541791850438	230.0	24	1.05	0.95				
	214	2	67.33354320512281	13.53612466494737	0.0	0.0	2	1.0001586698474323	-7.805569405893557	230.0	26	1.05	0.95				
	215	2	110.02439791764911	22.213127655298244	0.0	0.0	2	1.0235999543192178	-1.807473999427422	230.0	26	1.05	0.95				
	216	2	34.70801196140351	6.941602392280702	0.0	0.0	2	1.0265217381245333	-2.508945527675596	230.0	26	1.05	0.95				
	217	1	0.0	0.0	0.0	0.0	2	1.0324077598166077	-0.4446473754100324	230.0	27	1.05	0.95				
	218	2	115.57767983147369	23.601448133754385	0.0	0.0	2	1.0309275083587717	-0.8140698862988427	230.0	27	1.05	0.95				
	219	1	62.82150165014034	12.841964425719295	0.0	0.0	2	1.0337913131434537	-2.8277929166874887	230.0	25	1.05	0.95				
	220	1	44.42625531059649	9.024083109964911	0.0	0.0	2	1.0419544376281789	-2.432375718131889	230.0	25	1.05	0.95				
	221	2	0.0	0.0	0.0	0.0	2	1.0315209481484526	-0.3489556162951596	230.0	27	1.05	0.95				
	222	2	0.0	0.0	0.0	0.0	2	1.0499999962684214	6.10785279363885	230.0	27	1.05	0.95				
	223	2	0.0	0.0	0.0	0.0	2	1.046657276145788	-1.9593534750007386	230.0	25	1.05	0.95				
	224	1	0.0	0.0	0.0	0.0	2	1.0087824312431526	-5.099906743347969	230.0	26	1.05	0.95				
	301	2	44.89465357894738	9.145207210526317	0.0	0.0	3	1.0162024823022935	13.29342541390936	138.0	31	1.05	0.95				
	302	2	40.32204997368421	8.313824736842108	0.0	0.0	3	1.014292099069248	12.940419961376449	138.0	32	1.05	0.95				
	303	1	74.82442263157895	15.380575763157895	0.0	0.0	3	1.05	28.446576272860234	138.0	31	1.05	0.95				
	304	1	30.76115152631579	6.235368552631579	0.0	0.0	3	1.0074941061891014	14.33329717636149	138.0	31	1.05	0.95				
	305	1	29.514077815789474	5.819677315789475	0.0	0.0	3	1.023755911037036	11.575734161944155	138.0	31	1.05	0.95				
	306	1	56.53400821052632	11.63935463157895	0.0	-100.0	3	1.035443568073872	10.103052640440763	138.0	32	1.05	0.95				
	307	2	51.96140460526316	10.392280921052633	0.0	0.0	3	0.95	6.850363227755066	138.0	32	1.05	0.95				
	308	1	71.0832015	14.549193289473683	0.0	0.0	3	0.9702452703941584	8.650323849223005	138.0	32	1.05	0.95				
	309	1	72.74596644736843	14.964884526315789	0.0	0.0	3	1.0148887522825192	17.22016018471162	138.0	33	1.05	0.95				
	310	1	81.05979118421052	16.627649473684215	0.0	0.0	3	1.0415180306770122	11.192892458560253	138.0	33	1.05	0.95				
	311	1	0.0	0.0	0.0	0.0	3	1.002456533263656	14.756717493528352	230.0	33	1.05	0.95				
	312	1	0.0	0.0	0.0	0.0	3	1.0074623749565288	14.676415759366472	230.0	33	1.05	0.95				
	313	2	110.15817776315791	22.44732678947369	0.0	0.0	3	1.000576655907458	14.470603350036988	230.0	34	1.05	0.95				
	314	2	80.64409994736842	16.211958236842108	0.0	0.0	3	0.9994445379002321	15.66046560237276	230.0	36	1.05	0.95				
	315	2	131.77412207894736	26.60423915789474	0.0	0.0	3	1.0499474813740055	19.903690261463034	230.0	36	1.05	0.95				
	316	2	41.56912368421053	8.313824736842108	0.0	0.0	3	1.0349145282356602	19.355922082479974	230.0	36	1.05	0.95				
	317	1	0.0	0.0	0.0	0.0	3	1.05	24.121295669594055	230.0	37	1.05	0.95				
	318	2	138.42518186842108	28.26700410526316	0.0	0.0	3	1.0461333398801593	20.572463002551988	230.0	37	1.05	0.95				
	319	1	75.24011386842106	15.380575763157895	0.0	0.0	3	1.0245965812028095	17.420373573906602	230.0	35	1.05	0.95				
	320	1	53.20847831578948	10.807972157894739	0.0	0.0	3	1.0190644566503106	16.530178854157228	230.0	35	1.05	0.95				
	321	2	0.0	0.0	0.0	0.0	3	1.05	21.012801627008773	230.0	37	1.05	0.95				
	322	2	0.0	0.0	0.0	0.0	3	1.0499999694869722	26.580852927297546	230.0	37	1.05	0.95				
	323	2	0.0	0.0	0.0	0.0	3	1.016495750388373	16.363757480531106	230.0	35	1.05	0.95				
	324	1	0.0	0.0	0.0	0.0	3	1.0471490476936351	23.169821088660736	230.0	36	1.05	0.95				
	325	1	0.0	0.0	0.0	0.0	3	1.01879305448249	16.57393214495439	230.0	35	1.05	0.95				
];
