%% MATPOWER Case Format : Version 2
function mpc = RTS_GMLC
mpc.version = '2';

%%-----  Power Flow Data  -----%%
%% system MVA base
mpc.baseMVA = 100.0;
%% bus data
%    bus_i    type    Pd    Qd    Gs    Bs    area    Vm    Va    baseKV    zone    Vmax    Vmin
mpc.bus = [
	101	2	62.76397823999999	12.785254826666664	0.0	0.0	1	1.038052050517262	0.45136537890403916	138.0	11	1.05	0.95				
	102	2	56.37135082666666	11.622958933333333	0.0	0.0	1	1.035468222918326	-0.26150218550681636	138.0	12	1.05	0.95				
	103	1	104.60663039999997	21.50247402666666	0.0	0.0	1	1.0267146428992564	1.5162166674961	138.0	11	1.05	0.95				
	104	1	43.00494805333332	8.717219199999999	0.0	0.0	1	1.0222591304859638	-2.663044481268078	138.0	11	1.05	0.95				
	105	1	41.261504213333325	8.136071253333332	0.0	0.0	1	1.0358130882954404	-3.1895004312578976	138.0	11	1.05	0.95				
	106	1	79.03612074666665	16.272142506666665	0.0	-100.0	1	1.0415179738590405	-5.927711159509355	138.0	12	1.05	0.95				
	107	2	72.64349333333332	14.528698666666665	0.0	0.0	1	0.9976890911450546	-12.950746098519813	138.0	12	1.05	0.95				
	108	1	99.37629887999998	20.34017813333333	0.0	0.0	1	0.9965742394637604	-11.06448101664148	138.0	12	1.05	0.95				
	109	1	101.70089066666665	20.921326079999996	0.0	0.0	1	1.0241850183615835	-3.3654997940123113	138.0	13	1.05	0.95				
	110	1	113.32384959999997	23.245917866666666	0.0	0.0	1	1.05	-5.071268698304266	138.0	13	1.05	0.95				
	111	1	0.0	0.0	0.0	0.0	1	1.0133110792085263	-0.516703999608587	230.0	13	1.05	0.95				
	112	1	0.0	0.0	0.0	0.0	1	1.013697917194751	-1.311390700744235	230.0	13	1.05	0.95				
	113	3	154.00420586666664	31.381989119999997	0.0	0.0	1	1.008275483176495	2.8190445463431835e-29	230.0	14	1.05	0.95				
	114	2	112.74270165333331	22.664769919999998	0.0	0.0	1	1.022867452943262	2.7549858468120445	230.0	16	1.05	0.95				
	115	2	184.2238990933333	37.19346858666666	0.0	0.0	1	1.037892641730653	13.006631616137325	230.0	16	1.05	0.95				
	116	2	58.11479466666666	11.622958933333333	0.0	0.0	1	1.0346264880213074	10.97593184465451	230.0	16	1.05	0.95				
	117	1	0.0	0.0	0.0	0.0	1	1.0413957247485472	16.85519400986973	230.0	17	1.05	0.95				
	118	2	193.52226623999996	39.51806037333333	0.0	0.0	1	1.05	18.203810933459092	230.0	17	1.05	0.95				
	119	1	105.18777834666666	21.50247402666666	0.0	0.0	1	1.025600405621736	6.938651470105613	230.0	15	1.05	0.95				
	120	1	74.38693717333332	15.10984661333333	0.0	0.0	1	1.025076132452553	4.026797560901426	230.0	15	1.05	0.95				
	121	2	0.0	0.0	0.0	0.0	1	1.05	20.368982086827245	230.0	17	1.05	0.95				
	122	2	0.0	0.0	0.0	0.0	1	1.05	30.32320806543621	230.0	17	1.05	0.95				
	123	2	0.0	0.0	0.0	0.0	1	1.0266609507766113	2.869241766841877	230.0	15	1.05	0.95				
	124	1	0.0	0.0	0.0	0.0	1	1.0193802389034528	8.704139859419724	230.0	16	1.05	0.95				
	201	2	58.25846057684211	11.867464191578948	0.0	0.0	2	1.0116108846572367	-14.545485402382438	138.0	21	1.05	0.95				
	202	2	52.32472848105263	10.788603810526316	0.0	0.0	2	1.0108363305075425	-14.799753213230128	138.0	22	1.05	0.95				
	203	1	97.09743429473686	19.958917049473683	0.0	0.0	2	1.0133896704076493	-10.920466847220608	138.0	21	1.05	0.95				
	204	1	39.91783409894737	8.091452857894737	0.0	0.0	2	1.0092729160496763	-13.682341408466172	138.0	21	1.05	0.95				
	205	1	38.29954352736842	7.552022667368422	0.0	0.0	2	1.0237085726049133	-14.13449568274018	138.0	21	1.05	0.95				
	206	1	73.36250591157895	15.104045334736844	0.0	-100.0	2	1.037883064627907	-14.53140352365222	138.0	22	1.05	0.95				
	207	2	67.42877381578948	13.485754763157894	0.0	0.0	2	0.993940770573965	-21.202510845374476	138.0	22	1.05	0.95				
	208	1	92.24256258	18.88005666842105	0.0	0.0	2	0.9950834089492125	-18.65743084782818	138.0	22	1.05	0.95				
	209	1	94.40028334210527	19.41948685894737	0.0	0.0	2	1.0254371449703483	-10.554345363776806	138.0	23	1.05	0.95				
	210	1	105.18888715263157	21.577207621052633	0.0	0.0	2	1.05	-11.991307378566283	138.0	23	1.05	0.95				
	211	1	0.0	0.0	0.0	0.0	2	1.0131925879197747	-7.254364807495426	230.0	23	1.05	0.95				
	212	1	0.0	0.0	0.0	0.0	2	1.0185925001442642	-2.20854025433557	230.0	23	1.05	0.95				
	213	2	142.9490004894737	29.129230288421056	0.0	0.0	2	1.0165358306907952	-4.387417474444014	230.0	24	1.05	0.95				
	214	2	104.64945696210526	21.037777430526315	0.0	0.0	2	1.0155672375714275	-5.704496272505319	230.0	26	1.05	0.95				
	215	2	170.9993703968421	34.52353219368421	0.0	0.0	2	1.0310498232604715	-0.12774109996492997	230.0	26	1.05	0.95				
	216	2	53.94301905263158	10.788603810526316	0.0	0.0	2	1.0321743121084381	-0.20530400367264878	230.0	26	1.05	0.95				
	217	1	0.0	0.0	0.0	0.0	2	1.0344334492382028	0.9069183945196698	230.0	27	1.05	0.95				
	218	2	179.63025344526315	36.681252955789475	0.0	0.0	2	1.0329907494796031	0.2792494073951808	230.0	27	1.05	0.95				
	219	1	97.63686448526316	19.958917049473683	0.0	0.0	2	1.0341213698727763	0.3580742897674686	230.0	25	1.05	0.95				
	220	1	69.04706438736842	14.02518495368421	0.0	0.0	2	1.0401703408518144	1.8734110915878635	230.0	25	1.05	0.95				
	221	2	0.0	0.0	0.0	0.0	2	1.0350084617018527	0.9463934116690706	230.0	27	1.05	0.95				
	222	2	0.0	0.0	0.0	0.0	2	1.05	7.428306194286965	230.0	27	1.05	0.95				
	223	2	0.0	0.0	0.0	0.0	2	1.0451107346187691	3.097323973463834	230.0	25	1.05	0.95				
	224	1	0.0	0.0	0.0	0.0	2	1.0111006707944736	-4.142078926550748	230.0	26	1.05	0.95				
	301	2	67.49572918736844	13.749130019649126	0.0	0.0	3	0.991375247357775	28.849760670805544	138.0	31	1.05	0.95				
	302	2	60.62116417754386	12.499209108771932	0.0	0.0	3	0.9909367390795479	28.58589611336929	138.0	32	1.05	0.95				
	303	1	112.49288197894738	23.123536851228074	0.0	0.0	3	1.0397937012041518	38.79041978215016	138.0	31	1.05	0.95				
	304	1	46.24707370245615	9.374406831578948	0.0	0.0	3	0.9997263320197886	30.07679105088238	138.0	31	1.05	0.95				
	305	1	44.37219233614035	8.749446376140353	0.0	0.0	3	1.0119600002616977	29.393639835861823	138.0	31	1.05	0.95				
	306	1	84.99462193964914	17.498892752280707	0.0	-100.0	3	1.0303728002678219	28.991584938010224	138.0	32	1.05	0.95				
	307	2	78.12005692982457	15.624011385964915	0.0	0.0	3	0.9772308541593356	25.369620451434262	138.0	32	1.05	0.95				
	308	1	106.86823788000001	21.87361594035088	0.0	0.0	3	0.9927855412431168	28.160959724646766	138.0	32	1.05	0.95				
	309	1	109.3680797017544	22.498576395789478	0.0	0.0	3	1.0284323873096073	33.8416359325308	138.0	33	1.05	0.95				
	310	1	121.86728881052633	24.998418217543865	0.0	0.0	3	1.05	31.95054475146399	138.0	33	1.05	0.95				
	311	1	0.0	0.0	0.0	0.0	3	1.0202405336874403	36.941464321925416	230.0	33	1.05	0.95				
	312	1	0.0	0.0	0.0	0.0	3	1.0278329342249124	38.360259443555265	230.0	33	1.05	0.95				
	313	2	165.61452069122808	33.74786459368422	0.0	0.0	3	1.0457131095273742	45.32892643478773	230.0	34	1.05	0.95				
	314	2	121.24232835508772	24.373457762105268	0.0	0.0	3	1.0196727058605006	33.4882180169349	230.0	36	1.05	0.95				
	315	2	198.1124643740351	39.99746914807018	0.0	0.0	3	1.05	25.62038248926133	230.0	36	1.05	0.95				
	316	2	62.49604554385966	12.499209108771932	0.0	0.0	3	1.0472516726161945	26.5334753851505	230.0	36	1.05	0.95				
	317	1	0.0	0.0	0.0	0.0	3	1.05	23.82648002476689	230.0	37	1.05	0.95				
	318	2	208.11183166105266	42.49731096982457	0.0	0.0	3	1.05	21.777512530859646	230.0	37	1.05	0.95				
	319	1	113.11784243438598	23.123536851228074	0.0	0.0	3	1.0456989273888204	29.571262364126454	230.0	35	1.05	0.95				
	320	1	79.99493829614036	16.248971841403513	0.0	0.0	3	1.0476254347986296	31.863121294714226	230.0	35	1.05	0.95				
	321	2	0.0	0.0	0.0	0.0	3	1.05	23.650930535484807	230.0	37	1.05	0.95				
	322	2	0.0	0.0	0.0	0.0	3	1.05	28.067483305492132	230.0	37	1.05	0.95				
	323	2	0.0	0.0	0.0	0.0	3	1.048749407404342	32.721307138565635	230.0	35	1.05	0.95				
	324	1	0.0	0.0	0.0	0.0	3	1.0444927525736885	32.6851529884376	230.0	36	1.05	0.95				
	325	1	0.0	0.0	0.0	0.0	3	1.0499999946484688	31.68043380135099	230.0	35	1.05	0.95				
];
