%% MATPOWER Case Format : Version 2
function mpc = RTS_GMLC
mpc.version = '2';

%%-----  Power Flow Data  -----%%
%% system MVA base
mpc.baseMVA = 100.0;
%% bus data
%    bus_i    type    Pd    Qd    Gs    Bs    area    Vm    Va    baseKV    zone    Vmax    Vmin
mpc.bus = [
	101	2	51.07422069473685	10.404007919298246	0.0	0.0	1	1.032403168468331	2.210292807095166	138.0	11	1.05	0.95				
	102	2	45.87221673508772	9.45818901754386	0.0	0.0	1	1.0319817340195323	2.0826626574159652	138.0	12	1.05	0.95				
	103	1	85.12370115789474	17.49764968245614	0.0	0.0	1	1.0272144354580155	-0.23902658635838064	138.0	11	1.05	0.95				
	104	1	34.99529936491228	7.093641763157894	0.0	0.0	1	1.0204454525726192	-1.1200538919453022	138.0	11	1.05	0.95				
	105	1	33.576571012280695	6.620732312280703	0.0	0.0	1	1.0347592327922086	-0.8792041541172118	138.0	11	1.05	0.95				
	106	1	64.31568531929825	13.241464624561406	0.0	-100.0	1	1.0439160804885927	-3.0837230612414457	138.0	12	1.05	0.95				
	107	2	59.11368135964913	11.822736271929825	0.0	0.0	1	1.0216441697653793	-2.970260624676825	138.0	12	1.05	0.95				
	108	1	80.8675161	16.551830780701753	0.0	0.0	1	1.017042755704502	-4.127095722447734	138.0	12	1.05	0.95				
	109	1	82.75915390350877	17.024740231578946	0.0	0.0	1	1.0256049531011349	-1.8223025781122446	138.0	13	1.05	0.95				
	110	1	92.21734292105263	18.91637803508772	0.0	0.0	1	1.05	-2.516912834493719	138.0	13	1.05	0.95				
	111	1	0.0	0.0	0.0	0.0	1	1.0041011953600705	-0.3869051060726052	230.0	13	1.05	0.95				
	112	1	0.0	0.0	0.0	0.0	1	1.009758579512792	0.29154755697835183	230.0	13	1.05	0.95				
	113	3	125.32100448245613	25.537110347368426	0.0	0.0	1	0.9969003443914822	1.2474421814776643e-27	230.0	14	1.05	0.95				
	114	2	91.74443347017544	18.443468584210525	0.0	0.0	1	0.9993630215511428	1.1835879966716452	230.0	16	1.05	0.95				
	115	2	149.9122959280702	30.266204856140348	0.0	0.0	1	1.0393456801977456	6.234109720185397	230.0	16	1.05	0.95				
	116	2	47.2909450877193	9.45818901754386	0.0	0.0	1	1.0350131797936188	6.145811565322615	230.0	16	1.05	0.95				
	117	1	0.0	0.0	0.0	0.0	1	1.0435492751341047	7.668564376310065	230.0	17	1.05	0.95				
	118	2	157.47884714210528	32.15784265964913	0.0	0.0	1	1.0464429398877528	7.609430790494819	230.0	17	1.05	0.95				
	119	1	85.59661060877194	17.49764968245614	0.0	0.0	1	1.0290846922505013	5.614721003295786	230.0	15	1.05	0.95				
	120	1	60.532409712280696	12.295645722807018	0.0	0.0	1	1.0273159393538671	6.067770172434806	230.0	15	1.05	0.95				
	121	2	0.0	0.0	0.0	0.0	1	1.05	7.825459554053399	230.0	17	1.05	0.95				
	122	2	0.0	0.0	0.0	0.0	1	1.05	14.274253748171882	230.0	17	1.05	0.95				
	123	2	0.0	0.0	0.0	0.0	1	1.0272110230810512	6.680956083037196	230.0	15	1.05	0.95				
	124	1	0.0	0.0	0.0	0.0	1	1.0261070368472829	3.8221870795862607	230.0	16	1.05	0.95				
	201	2	51.543522757894735	10.499606487719298	0.0	0.0	2	1.0292994391393335	-6.233567392770546	138.0	21	1.05	0.95				
	202	2	46.29371951403509	9.545096807017545	0.0	0.0	2	1.0296533547367286	-6.231342945001621	138.0	22	1.05	0.95				
	203	1	85.90587126315789	17.658429092982455	0.0	0.0	2	1.0233514898499365	-5.323995884769685	138.0	21	1.05	0.95				
	204	1	35.31685818596491	7.158822605263157	0.0	0.0	2	1.0185832638406966	-8.625586296865231	138.0	21	1.05	0.95				
	205	1	33.88509366491228	6.681567764912281	0.0	0.0	2	1.0334483655086935	-8.814638577754167	138.0	21	1.05	0.95				
	206	1	64.9066582877193	13.363135529824563	0.0	-100.0	2	1.0435333769302135	-10.712436468673541	138.0	22	1.05	0.95				
	207	2	59.65685504385965	11.93137100877193	0.0	0.0	2	0.9867390574784332	-17.90375052110222	138.0	22	1.05	0.95				
	208	1	81.6105777	16.703919412280698	0.0	0.0	2	0.9933059528872373	-15.717992275764313	138.0	22	1.05	0.95				
	209	1	83.5195970614035	17.18117425263158	0.0	0.0	2	1.0236490530744367	-8.637315745125335	138.0	23	1.05	0.95				
	210	1	93.06469386842105	19.09019361403509	0.0	0.0	2	1.05	-9.911805377680803	138.0	23	1.05	0.95				
	211	1	0.0	0.0	0.0	0.0	2	1.008009481324678	-6.116880057061118	230.0	23	1.05	0.95				
	212	1	0.0	0.0	0.0	0.0	2	1.0129127819749528	-5.722765790131266	230.0	23	1.05	0.95				
	213	2	126.47253269298244	25.771761378947367	0.0	0.0	2	1.0031298351372617	-5.459144553239626	230.0	24	1.05	0.95				
	214	2	92.58743902807018	18.61293877368421	0.0	0.0	2	1.010304785001668	-3.4461992758468734	230.0	26	1.05	0.95				
	215	2	151.28978439122807	30.544309782456143	0.0	0.0	2	1.0314873030284841	3.393643518390487	230.0	26	1.05	0.95				
	216	2	47.72548403508772	9.545096807017545	0.0	0.0	2	1.0342354789152965	3.166546577619075	230.0	26	1.05	0.95				
	217	1	0.0	0.0	0.0	0.0	2	1.038384860335568	6.121737682960404	230.0	27	1.05	0.95				
	218	2	158.9258618368421	32.45332914385965	0.0	0.0	2	1.040207739317749	6.730397309421782	230.0	27	1.05	0.95				
	219	1	86.38312610350877	17.658429092982455	0.0	0.0	2	1.035439770079335	1.867433496182043	230.0	25	1.05	0.95				
	220	1	61.088619564912285	12.408625849122807	0.0	0.0	2	1.0401035441841997	1.6563779859623018	230.0	25	1.05	0.95				
	221	2	0.0	0.0	0.0	0.0	2	1.0396668455894271	6.3701407820557225	230.0	27	1.05	0.95				
	222	2	0.0	0.0	0.0	0.0	2	1.05	12.774479945239852	230.0	27	1.05	0.95				
	223	2	0.0	0.0	0.0	0.0	2	1.043379098779142	1.895445346064462	230.0	25	1.05	0.95				
	224	1	0.0	0.0	0.0	0.0	2	1.0175300636938964	0.12327200643354658	230.0	26	1.05	0.95				
	301	2	62.507434357894745	12.732995887719298	0.0	0.0	3	1.0072415574293003	-36.20566716358106	138.0	31	1.05	0.95				
	302	2	56.14093641403509	11.575450807017546	0.0	0.0	3	1.0066257218040386	-36.348974643093186	138.0	32	1.05	0.95				
	303	1	104.1790572631579	21.414583992982454	0.0	0.0	3	1.0202151544650906	-28.864162649878722	138.0	31	1.05	0.95				
	304	1	42.82916798596491	8.681588105263158	0.0	0.0	3	1.0066895718034576	-34.34530788527977	138.0	31	1.05	0.95				
	305	1	41.09285036491228	8.102815564912282	0.0	0.0	3	1.0206109071066278	-35.28952954232717	138.0	31	1.05	0.95				
	306	1	78.7130654877193	16.205631129824564	0.0	-100.0	3	1.0355794479654814	-35.42406852696452	138.0	32	1.05	0.95				
	307	2	72.34656754385965	14.469313508771931	0.0	0.0	3	0.9987506944814761	-38.849787247481	138.0	32	1.05	0.95				
	308	1	98.9701044	20.2570389122807	0.0	0.0	3	0.998647458136173	-37.51970602096787	138.0	32	1.05	0.95				
	309	1	101.2851945614035	20.835811452631578	0.0	0.0	3	1.026947688399423	-30.348441974377153	138.0	33	1.05	0.95				
	310	1	112.86064536842106	23.150901614035092	0.0	0.0	3	1.05	-32.516029761510836	138.0	33	1.05	0.95				
	311	1	0.0	0.0	0.0	0.0	3	1.0181946048860724	-25.24108954437902	230.0	33	1.05	0.95				
	312	1	0.0	0.0	0.0	0.0	3	1.0172684157164387	-24.618205911666234	230.0	33	1.05	0.95				
	313	2	153.37472319298246	31.253717178947372	0.0	0.0	3	1.025890573611895	-21.519536128968234	230.0	34	1.05	0.95				
	314	2	112.28187282807018	22.572129073684213	0.0	0.0	3	1.0300250539663562	-22.373028957639015	230.0	36	1.05	0.95				
	315	2	183.47089529122806	37.04144258245614	0.0	0.0	3	1.048871909744256	-15.224014002457126	230.0	36	1.05	0.95				
	316	2	57.877254035087724	11.575450807017546	0.0	0.0	3	1.0490188456043315	-14.858835526825395	230.0	36	1.05	0.95				
	317	1	0.0	0.0	0.0	0.0	3	1.0496179036478495	-11.945796690989239	230.0	37	1.05	0.95				
	318	2	192.73125593684213	39.35653274385965	0.0	0.0	3	1.0497276363376458	-11.29047184901648	230.0	37	1.05	0.95				
	319	1	104.75782980350878	21.414583992982454	0.0	0.0	3	1.045867209039506	-16.000355219957687	230.0	35	1.05	0.95				
	320	1	74.08288516491228	15.048086049122809	0.0	0.0	3	1.0477584140872305	-15.911313902064018	230.0	35	1.05	0.95				
	321	2	0.0	0.0	0.0	0.0	3	1.05	-10.957906729570633	230.0	37	1.05	0.95				
	322	2	0.0	0.0	0.0	0.0	3	1.05	-5.569435039632132	230.0	37	1.05	0.95				
	323	2	0.0	0.0	0.0	0.0	3	1.05	-15.439381213087255	230.0	35	1.05	0.95				
	324	1	0.0	0.0	0.0	0.0	3	1.0207113349213346	-20.253410491943306	230.0	36	1.05	0.95				
	325	1	0.0	0.0	0.0	0.0	3	1.0403323219645468	-13.567804555400219	230.0	35	1.05	0.95				
];
