%% MATPOWER Case Format : Version 2
function mpc = RTS_GMLC
mpc.version = '2';

%%-----  Power Flow Data  -----%%
%% system MVA base
mpc.baseMVA = 100.0;
%% bus data
%    bus_i    type    Pd    Qd    Gs    Bs    area    Vm    Va    baseKV    zone    Vmax    Vmin
mpc.bus = [
	101	2	54.60118753263158	11.122464127017544	0.0	0.0	1	1.0347986175309676	0.9041180219549799	138.0	11	1.05	0.95				
	102	2	49.0399554691228	10.111331024561403	0.0	0.0	1	1.0343642604018977	0.7678152908511227	138.0	12	1.05	0.95				
	103	1	91.00197922105264	18.705962395438593	0.0	0.0	1	1.0258803957374076	-1.0456852085043646	138.0	11	1.05	0.95				
	104	1	37.41192479087719	7.583498268421051	0.0	0.0	1	1.0207448198284221	-2.292541150675404	138.0	11	1.05	0.95				
	105	1	35.89522513719297	7.077931717192983	0.0	0.0	1	1.0356202078846408	-2.1036411185458217	138.0	11	1.05	0.95				
	106	1	68.75705096701753	14.155863434385966	0.0	-100.0	1	1.043645619739264	-4.2938113420361885	138.0	12	1.05	0.95				
	107	2	63.19581890350877	12.639163780701754	0.0	0.0	1	1.0114336515897702	-5.724578581544251	138.0	12	1.05	0.95				
	108	1	86.45188026	17.694829292982455	0.0	0.0	1	1.0097968594034494	-6.241048212849905	138.0	12	1.05	0.95				
	109	1	88.47414646491228	18.200395844210522	0.0	0.0	1	1.025174907200584	-2.7539154370449923	138.0	13	1.05	0.95				
	110	1	98.58547748947367	20.222662049122807	0.0	0.0	1	1.05	-3.56426906797819	138.0	13	1.05	0.95				
	111	1	0.0	0.0	0.0	0.0	1	1.0057278370327898	-0.8616309885244651	230.0	13	1.05	0.95				
	112	1	0.0	0.0	0.0	0.0	1	1.0101721219709192	-0.09068433066176727	230.0	13	1.05	0.95				
	113	3	133.97513607543857	27.30059376631579	0.0	0.0	1	1.0001840570334728	-8.893931055181794e-29	230.0	14	1.05	0.95				
	114	2	98.0799109382456	19.71709549789474	0.0	0.0	1	1.002743805288279	0.7989427917474347	230.0	16	1.05	0.95				
	115	2	160.2645967392982	32.35625927859649	0.0	0.0	1	1.0371030418169311	6.291196809389206	230.0	16	1.05	0.95				
	116	2	50.556655122807015	10.111331024561403	0.0	0.0	1	1.033590261351265	6.135059638623913	230.0	16	1.05	0.95				
	117	1	0.0	0.0	0.0	0.0	1	1.0405272831625132	7.713149649914124	230.0	17	1.05	0.95				
	118	2	168.35366155894735	34.37852548350877	0.0	0.0	1	1.0423219666062233	7.61790764688975	230.0	17	1.05	0.95				
	119	1	91.5075457722807	18.705962395438593	0.0	0.0	1	1.028376941976724	5.658005304151062	230.0	15	1.05	0.95				
	120	1	64.71251855719298	13.144730331929825	0.0	0.0	1	1.027619205363564	6.222042166319798	230.0	15	1.05	0.95				
	121	2	0.0	0.0	0.0	0.0	1	1.0462494618285654	8.685098512878097	230.0	17	1.05	0.95				
	122	2	0.0	0.0	0.0	0.0	1	1.05	14.811081946278478	230.0	17	1.05	0.95				
	123	2	0.0	0.0	0.0	0.0	1	1.028261227980238	6.919357532388556	230.0	15	1.05	0.95				
	124	1	0.0	0.0	0.0	0.0	1	1.0233851455731164	3.5512241682715016	230.0	16	1.05	0.95				
	201	2	49.89453802105263	10.163702189473684	0.0	0.0	2	1.0314817651729715	-4.010370123355963	138.0	21	1.05	0.95				
	202	2	44.812686926315784	9.239729263157894	0.0	0.0	2	1.0318457831683148	-3.9679762481354452	138.0	22	1.05	0.95				
	203	1	83.15756336842105	17.093499136842105	0.0	0.0	2	1.0222478703308946	-4.348358935734623	138.0	21	1.05	0.95				
	204	1	34.18699827368421	6.929796947368421	0.0	0.0	2	1.0199694855917067	-6.286036773344398	138.0	21	1.05	0.95				
	205	1	32.80103888421052	6.467810484210526	0.0	0.0	2	1.034890689754588	-6.359769354319979	138.0	21	1.05	0.95				
	206	1	62.83015898947368	12.935620968421052	0.0	-100.0	2	1.0446281347539208	-8.112541973942792	138.0	22	1.05	0.95				
	207	2	57.74830789473684	11.549661578947369	0.0	0.0	2	0.9894537720989626	-15.123847066470297	138.0	22	1.05	0.95				
	208	1	78.99968519999999	16.169526210526314	0.0	0.0	2	0.9955754824015723	-13.015740463564073	138.0	22	1.05	0.95				
	209	1	80.84763105263157	16.63151267368421	0.0	0.0	2	1.0237705516152433	-6.302764545082005	138.0	23	1.05	0.95				
	210	1	90.08736031578947	18.47945852631579	0.0	0.0	2	1.05	-7.276541852097677	138.0	23	1.05	0.95				
	211	1	0.0	0.0	0.0	0.0	2	1.0062473991320084	-3.593429363737554	230.0	23	1.05	0.95				
	212	1	0.0	0.0	0.0	0.0	2	1.0094162140825063	-2.9502666584539092	230.0	23	1.05	0.95				
	213	2	122.4264127368421	24.947269010526316	0.0	0.0	2	1.000137597060273	-2.6265428476266077	230.0	24	1.05	0.95				
	214	2	89.62537385263157	18.017472063157893	0.0	0.0	2	1.0077924210571252	-1.1366689559499914	230.0	26	1.05	0.95				
	215	2	146.4497088210526	29.567133642105265	0.0	0.0	2	1.0307704710077399	4.950083237602171	230.0	26	1.05	0.95				
	216	2	46.198646315789475	9.239729263157894	0.0	0.0	2	1.0314617337495011	5.093762336976685	230.0	26	1.05	0.95				
	217	1	0.0	0.0	0.0	0.0	2	1.0373418114175967	7.6648503584505105	230.0	27	1.05	0.95				
	218	2	153.84149223157894	31.41507949473684	0.0	0.0	2	1.0393330596829615	8.305631056737903	230.0	27	1.05	0.95				
	219	1	83.61954983157894	17.093499136842105	0.0	0.0	2	1.0300951593410135	4.448145877793482	230.0	25	1.05	0.95				
	220	1	59.13426728421053	12.011648042105264	0.0	0.0	2	1.0321694906402152	4.780755829662481	230.0	25	1.05	0.95				
	221	2	0.0	0.0	0.0	0.0	2	1.0389552961631014	7.938043655580108	230.0	27	1.05	0.95				
	222	2	0.0	0.0	0.0	0.0	2	1.05	14.33180413407871	230.0	27	1.05	0.95				
	223	2	0.0	0.0	0.0	0.0	2	1.034077783194443	5.3131101783739085	230.0	25	1.05	0.95				
	224	1	0.0	0.0	0.0	0.0	2	1.0160246758420974	1.4621829254534795	230.0	26	1.05	0.95				
	301	2	46.551724143157905	9.482758621754387	0.0	0.0	3	1.0080399431895783	-18.80352446492882	138.0	31	1.05	0.95				
	302	2	41.810344832280705	8.620689656140351	0.0	0.0	3	1.0077272161632913	-18.917165183327697	138.0	32	1.05	0.95				
	303	1	77.58620690526317	15.948275863859648	0.0	0.0	3	1.0232083977744197	-13.296428083654591	138.0	31	1.05	0.95				
	304	1	31.896551727719295	6.465517242105263	0.0	0.0	3	1.0102493780882988	-17.48824085943473	138.0	31	1.05	0.95				
	305	1	30.603448279298245	6.034482759298246	0.0	0.0	3	1.0234261405285858	-18.23848894138323	138.0	31	1.05	0.95				
	306	1	58.62068966175439	12.068965518596492	0.0	-100.0	3	1.0403023433599874	-18.438083366381072	138.0	32	1.05	0.95				
	307	2	53.8793103508772	10.775862070175439	0.0	0.0	3	0.9940583581560569	-23.144875878908802	138.0	32	1.05	0.95				
	308	1	73.70689656	15.086206898245614	0.0	0.0	3	0.9999685165323602	-21.199913576229385	138.0	32	1.05	0.95				
	309	1	75.43103449122808	15.517241381052632	0.0	0.0	3	1.0258363599415776	-14.552937079991722	138.0	33	1.05	0.95				
	310	1	84.05172414736842	17.241379312280703	0.0	0.0	3	1.05	-16.2861478987465	138.0	33	1.05	0.95				
	311	1	0.0	0.0	0.0	0.0	3	1.0086607454193206	-10.438553975939492	230.0	33	1.05	0.95				
	312	1	0.0	0.0	0.0	0.0	3	1.010719864198953	-10.130991989306018	230.0	33	1.05	0.95				
	313	2	114.22413794385966	23.275862071578953	0.0	0.0	3	1.010402545653482	-7.091631697747896	230.0	34	1.05	0.95				
	314	2	83.62068966456141	16.810344829473685	0.0	0.0	3	1.011496806138117	-8.298606757557515	230.0	36	1.05	0.95				
	315	2	136.63793104982454	27.586206899649124	0.0	0.0	3	1.0367855633419283	-3.0748755868211672	230.0	36	1.05	0.95				
	316	2	43.103448280701755	8.620689656140351	0.0	0.0	3	1.034937926881964	-2.715578404190434	230.0	36	1.05	0.95				
	317	1	0.0	0.0	0.0	0.0	3	1.039828948495148	-0.8936847248293304	230.0	37	1.05	0.95				
	318	2	143.53448277473686	29.310344830877195	0.0	0.0	3	1.0400626465269218	-0.5575134576295744	230.0	37	1.05	0.95				
	319	1	78.01724138807018	15.948275863859648	0.0	0.0	3	1.0293212879295697	-3.924191481878449	230.0	35	1.05	0.95				
	320	1	55.17241379929825	11.206896552982457	0.0	0.0	3	1.02753037516563	-4.144215438438413	230.0	35	1.05	0.95				
	321	2	0.0	0.0	0.0	0.0	3	1.0427383165568376	0.02069860013581922	230.0	37	1.05	0.95				
	322	2	0.0	0.0	0.0	0.0	3	1.05	3.9834056967845775	230.0	37	1.05	0.95				
	323	2	0.0	0.0	0.0	0.0	3	1.0270778674037044	-3.9335966586509117	230.0	35	1.05	0.95				
	324	1	0.0	0.0	0.0	0.0	3	1.0189910954694277	-6.891409609606224	230.0	36	1.05	0.95				
	325	1	0.0	0.0	0.0	0.0	3	1.0254336421850316	-2.86576156305044	230.0	35	1.05	0.95				
];
