%% MATPOWER Case Format : Version 2
function mpc = RTS_GMLC
mpc.version = '2';

%%-----  Power Flow Data  -----%%
%% system MVA base
mpc.baseMVA = 100.0;
%% bus data
%    bus_i    type    Pd    Qd    Gs    Bs    area    Vm    Va    baseKV    zone    Vmax    Vmin
mpc.bus = [
	101	2	39.86541314526316	8.12073230736842	0.0	0.0	1	1.013865228818529	-2.9981350882320794	138.0	11	1.05	0.95				
	102	2	35.80504699157895	7.382483915789474	0.0	0.0	1	1.013774936043845	-3.228099961863553	138.0	12	1.05	0.95				
	103	1	66.44235524210526	13.657595244210526	0.0	0.0	1	1.0035849705149604	1.8932831057244075	138.0	11	1.05	0.95				
	104	1	27.315190488421052	5.536862936842105	0.0	0.0	1	1.0044551264737058	-3.285416056567302	138.0	11	1.05	0.95				
	105	1	26.207817901052632	5.167738741052632	0.0	0.0	1	1.0184283215713348	-4.361140802061595	138.0	11	1.05	0.95				
	106	1	50.20089062736842	10.335477482105263	0.0	-100.0	1	1.0290979792823545	-5.583519614077616	138.0	12	1.05	0.95				
	107	2	46.140524473684216	9.228104894736843	0.0	0.0	1	0.9860232976530299	-11.037385456620733	138.0	12	1.05	0.95				
	108	1	63.12023748	12.919346852631577	0.0	0.0	1	0.9883716706186662	-9.065058362300606	138.0	12	1.05	0.95				
	109	1	64.5967342631579	13.288471048421052	0.0	0.0	1	1.0026831158788432	-2.6432701580984856	138.0	13	1.05	0.95				
	110	1	71.97921817894736	14.764967831578948	0.0	0.0	1	1.0316753125079263	-4.5258661484439715	138.0	13	1.05	0.95				
	111	1	0.0	0.0	0.0	0.0	1	0.9813043133158323	-0.19409868848131695	230.0	13	1.05	0.95				
	112	1	0.0	0.0	0.0	0.0	1	0.9833107365266701	-1.178394743267789	230.0	13	1.05	0.95				
	113	3	97.81791188421053	19.93270657263158	0.0	0.0	1	0.9630584991223219	4.382018578592156e-28	230.0	14	1.05	0.95				
	114	2	71.6100939831579	14.395843635789474	0.0	0.0	1	0.9889694342549674	3.17624401151046	230.0	16	1.05	0.95				
	115	2	117.01237006526316	23.623948530526317	0.0	0.0	1	0.9900176019100733	12.141323606972566	230.0	16	1.05	0.95				
	116	2	36.91241957894737	7.382483915789474	0.0	0.0	1	0.9886872624262263	10.484613675759531	230.0	16	1.05	0.95				
	117	1	0.0	0.0	0.0	0.0	1	0.9924283459890361	16.055375232892757	230.0	17	1.05	0.95				
	118	2	122.91835719789475	25.10044531368421	0.0	0.0	1	0.9995165735737844	16.7519871695614	230.0	17	1.05	0.95				
	119	1	66.81147943789473	13.657595244210526	0.0	0.0	1	0.9886924331934878	6.678331150952485	230.0	15	1.05	0.95				
	120	1	47.24789706105263	9.597229090526316	0.0	0.0	1	0.993558762006973	3.698383765863745	230.0	15	1.05	0.95				
	121	2	0.0	0.0	0.0	0.0	1	0.9996730431445012	18.0347343508246	230.0	17	1.05	0.95				
	122	2	0.0	0.0	0.0	0.0	1	1.0107522949005603	33.226777054402966	230.0	17	1.05	0.95				
	123	2	0.0	0.0	0.0	0.0	1	0.9972918524960381	2.3729417364266783	230.0	15	1.05	0.95				
	124	1	0.0	0.0	0.0	0.0	1	0.9829145083494333	8.209664470659618	230.0	16	1.05	0.95				
	201	2	38.24964583578947	7.791594522105262	0.0	0.0	2	1.0127633834304	-16.197405727724743	138.0	21	1.05	0.95				
	202	2	34.35384857473684	7.08326774736842	0.0	0.0	2	1.0117370290218484	-16.435847237817175	138.0	22	1.05	0.95				
	203	1	63.74940972631579	13.104045332631578	0.0	0.0	2	0.9981280939201022	-11.818419126765615	138.0	21	1.05	0.95				
	204	1	26.208090665263157	5.3124508105263155	0.0	0.0	2	1.0018586867612902	-15.862769215766875	138.0	21	1.05	0.95				
	205	1	25.14560050315789	4.958287423157895	0.0	0.0	2	1.0187866844776379	-16.35174490598452	138.0	21	1.05	0.95				
	206	1	48.16622068210526	9.91657484631579	0.0	-100.0	2	1.0303380572114063	-16.910537531426048	138.0	22	1.05	0.95				
	207	2	44.27042342105263	8.854084684210525	0.0	0.0	2	0.9742022235535609	-21.056633465192103	138.0	22	1.05	0.95				
	208	1	60.561939239999994	12.395718557894735	0.0	0.0	2	0.9830092318722953	-19.458369493371848	138.0	22	1.05	0.95				
	209	1	61.97859278947367	12.749881945263155	0.0	0.0	2	1.003764030849703	-13.870401958671977	138.0	23	1.05	0.95				
	210	1	69.0618605368421	14.16653549473684	0.0	0.0	2	1.0330386048246374	-15.336137173834837	138.0	23	1.05	0.95				
	211	1	0.0	0.0	0.0	0.0	2	0.9848793440054419	-11.125209128058055	230.0	23	1.05	0.95				
	212	1	0.0	0.0	0.0	0.0	2	0.9819440917150708	-10.329210402669032	230.0	23	1.05	0.95				
	213	2	93.85329765263157	19.124822917894736	0.0	0.0	2	0.979716882903873	-9.687422613685737	230.0	24	1.05	0.95				
	214	2	68.70769714947367	13.81237210736842	0.0	0.0	2	0.9831636138299378	-8.75106994036877	230.0	26	1.05	0.95				
	215	2	112.26979379578945	22.666456791578945	0.0	0.0	2	0.9914950909995792	-2.2948253833433925	230.0	26	1.05	0.95				
	216	2	35.4163387368421	7.08326774736842	0.0	0.0	2	0.9892048112627388	-3.0537028291572375	230.0	26	1.05	0.95				
	217	1	0.0	0.0	0.0	0.0	2	1.000234579287255	-1.3602695383720471	230.0	27	1.05	0.95				
	218	2	117.93640799368418	24.08311034105263	0.0	0.0	2	1.002069125173261	-1.828382308643106	230.0	27	1.05	0.95				
	219	1	64.1035731136842	13.104045332631578	0.0	0.0	2	0.981572310672942	-2.898932062259537	230.0	25	1.05	0.95				
	220	1	45.33291358315789	9.208248071578947	0.0	0.0	2	0.9772424384786708	-2.003148853629307	230.0	25	1.05	0.95				
	221	2	0.0	0.0	0.0	0.0	2	1.0042057340583568	-1.3735576192588166	230.0	27	1.05	0.95				
	222	2	0.0	0.0	0.0	0.0	2	1.0217299225135743	3.681757229532288	230.0	27	1.05	0.95				
	223	2	0.0	0.0	0.0	0.0	2	0.9754590081279266	-1.2026331282463723	230.0	25	1.05	0.95				
	224	1	0.0	0.0	0.0	0.0	2	0.9826143829248687	-5.923710649804735	230.0	26	1.05	0.95				
	301	2	48.875039545263164	9.95602657403509	0.0	0.0	3	1.0104019538125564	29.60211296480432	138.0	31	1.05	0.95				
	302	2	43.89702625824562	9.050933249122808	0.0	0.0	3	1.010716616576426	29.33412290606233	138.0	32	1.05	0.95				
	303	1	81.45839924210527	16.744226510877194	0.0	0.0	3	1.016716380364909	40.46915899147387	138.0	31	1.05	0.95				
	304	1	33.48845302175439	6.788199936842106	0.0	0.0	3	1.001667062157508	30.68324652402292	138.0	31	1.05	0.95				
	305	1	32.130813034385966	6.335653274385966	0.0	0.0	3	1.018195665164998	29.31150256388176	138.0	31	1.05	0.95				
	306	1	61.5463460940351	12.671306548771932	0.0	-100.0	3	1.0303940461055068	28.597322340506224	138.0	32	1.05	0.95				
	307	2	56.568332807017555	11.31366656140351	0.0	0.0	3	0.9691599195944849	26.73560417541211	138.0	32	1.05	0.95				
	308	1	77.38547928	15.839133185964913	0.0	0.0	3	0.9851089161749904	28.714962891158493	138.0	32	1.05	0.95				
	309	1	79.19566592982457	16.291679848421055	0.0	0.0	3	1.008734713489167	33.70998463268577	138.0	33	1.05	0.95				
	310	1	88.24659917894738	18.101866498245617	0.0	0.0	3	1.037122525187562	30.502711836754255	138.0	33	1.05	0.95				
	311	1	0.0	0.0	0.0	0.0	3	0.9896816159621444	34.33074693855684	230.0	33	1.05	0.95				
	312	1	0.0	0.0	0.0	0.0	3	0.998237555219571	34.659824228887594	230.0	33	1.05	0.95				
	313	2	119.9248655508772	24.437519772631582	0.0	0.0	3	0.9982061345790476	38.37521324261199	230.0	34	1.05	0.95				
	314	2	87.79405251649123	17.649319835789477	0.0	0.0	3	0.9750800481615802	33.11458688125894	230.0	36	1.05	0.95				
	315	2	143.4572919985965	28.962986397192985	0.0	0.0	3	0.9812023124428058	30.50254638596893	230.0	36	1.05	0.95				
	316	2	45.25466624561404	9.050933249122808	0.0	0.0	3	0.9706102148926999	31.024416405228756	230.0	36	1.05	0.95				
	317	1	0.0	0.0	0.0	0.0	3	0.9845938987346581	32.24201711284634	230.0	37	1.05	0.95				
	318	2	150.69803859789474	30.77317304701755	0.0	0.0	3	0.9791454954656122	28.394410510307775	230.0	37	1.05	0.95				
	319	1	81.91094590456142	16.744226510877194	0.0	0.0	3	0.9798120572414534	31.199451322354445	230.0	35	1.05	0.95				
	320	1	57.92597279438597	11.766213223859651	0.0	0.0	3	0.9891437407745096	31.35584860495551	230.0	35	1.05	0.95				
	321	2	0.0	0.0	0.0	0.0	3	0.9887979515670596	29.55117098354538	230.0	37	1.05	0.95				
	322	2	0.0	0.0	0.0	0.0	3	1.0060489373980106	33.26102111166063	230.0	37	1.05	0.95				
	323	2	0.0	0.0	0.0	0.0	3	0.9937146896584953	31.229151818451072	230.0	35	1.05	0.95				
	324	1	0.0	0.0	0.0	0.0	3	0.9933557091298146	35.467172311753984	230.0	36	1.05	0.95				
	325	1	0.0	0.0	0.0	0.0	3	0.9951880300784857	30.115193761458972	230.0	35	1.05	0.95				
];
