%% MATPOWER Case Format : Version 2
function mpc = RTS_GMLC
mpc.version = '2';

%%-----  Power Flow Data  -----%%
%% system MVA base
mpc.baseMVA = 100.0;
%% bus data
%    bus_i    type    Pd    Qd    Gs    Bs    area    Vm    Va    baseKV    zone    Vmax    Vmin
mpc.bus = [
	101	2	44.35428005052632	9.03513112140351	0.0	0.0	1	1.036856517916351	2.486825760287125	138.0	11	1.05	0.95				
	102	2	39.83671448982456	8.213755564912281	0.0	0.0	1	1.0357939547025534	2.1726871533566046	138.0	12	1.05	0.95				
	103	1	73.92380008421053	15.195447795087718	0.0	0.0	1	1.0317905431894376	1.1820229200881216	138.0	11	1.05	0.95				
	104	1	30.390895590175436	6.1603166736842105	0.0	0.0	1	1.02318536538983	-1.0424928521877277	138.0	11	1.05	0.95				
	105	1	29.158832255438593	5.7496288954385975	0.0	0.0	1	1.0375539195224432	-0.9353099346226612	138.0	11	1.05	0.95				
	106	1	55.85353784140351	11.499257790877195	0.0	-100.0	1	1.0463757738949655	-3.32239036672285	138.0	12	1.05	0.95				
	107	2	51.33597228070176	10.26719445614035	0.0	0.0	1	1.000203837949558	-10.052343276561631	138.0	12	1.05	0.95				
	108	1	70.22761008	14.374072238596492	0.0	0.0	1	1.0040981328322482	-8.18930901669226	138.0	12	1.05	0.95				
	109	1	71.87036119298246	14.784760016842105	0.0	0.0	1	1.0245288359046822	-2.2060758646804803	138.0	13	1.05	0.95				
	110	1	80.08411675789473	16.427511129824563	0.0	0.0	1	1.05	-3.124267243330468	138.0	13	1.05	0.95				
	111	1	0.0	0.0	0.0	0.0	1	1.0032501065531214	-0.3775518308913482	230.0	13	1.05	0.95				
	112	1	0.0	0.0	0.0	0.0	1	1.007965402932922	-0.8101725870536615	230.0	13	1.05	0.95				
	113	3	108.83226123508771	22.17714002526316	0.0	0.0	1	0.9952275744846993	4.637518797508407e-33	230.0	14	1.05	0.95				
	114	2	79.67342897964912	16.01682335157895	0.0	0.0	1	1.0003815462471286	1.7148555901588953	230.0	16	1.05	0.95				
	115	2	130.18802570385967	26.2840178077193	0.0	0.0	1	1.0377291158639204	8.318926718625065	230.0	16	1.05	0.95				
	116	2	41.0687778245614	8.213755564912281	0.0	0.0	1	1.0331337599994443	7.02781012463009	230.0	16	1.05	0.95				
	117	1	0.0	0.0	0.0	0.0	1	1.0404320049141478	10.87144908847045	230.0	17	1.05	0.95				
	118	2	136.75903015578947	27.926768920701754	0.0	0.0	1	1.044902585094526	11.67803815655109	230.0	17	1.05	0.95				
	119	1	74.33448786245614	15.195447795087718	0.0	0.0	1	1.0223123613123106	4.431463650194709	230.0	15	1.05	0.95				
	120	1	52.5680356154386	10.677882234385965	0.0	0.0	1	1.016571729120041	2.713670769961207	230.0	15	1.05	0.95				
	121	2	0.0	0.0	0.0	0.0	1	1.0474969435648989	13.149806464431439	230.0	17	1.05	0.95				
	122	2	0.0	0.0	0.0	0.0	1	1.05	20.261765320722	230.0	17	1.05	0.95				
	123	2	0.0	0.0	0.0	0.0	1	1.0140239475181456	2.0854124110305077	230.0	15	1.05	0.95				
	124	1	0.0	0.0	0.0	0.0	1	1.0261912300014453	5.63796685351311	230.0	16	1.05	0.95				
	201	2	42.49960647157896	8.657327244210528	0.0	0.0	2	1.0134893697991332	-14.133421734079205	138.0	21	1.05	0.95				
	202	2	38.17094284947369	7.870297494736844	0.0	0.0	2	1.0125968230623774	-14.414165576000448	138.0	22	1.05	0.95				
	203	1	70.83267745263159	14.56005036526316	0.0	0.0	2	1.0152181556589301	-10.282691950960979	138.0	21	1.05	0.95				
	204	1	29.12010073052632	5.902723121052632	0.0	0.0	2	1.01214771650501	-14.022000438923069	138.0	21	1.05	0.95				
	205	1	27.939556106315795	5.509208246315791	0.0	0.0	2	1.0270013979446548	-14.448931242661308	138.0	21	1.05	0.95				
	206	1	53.51802296421053	11.018416492631582	0.0	-100.0	2	1.0425927353572162	-15.126855776582918	138.0	22	1.05	0.95				
	207	2	49.18935934210527	9.837871868421054	0.0	0.0	2	0.9955574066766942	-19.802320953341564	138.0	22	1.05	0.95				
	208	1	67.29104358000001	13.773020615789475	0.0	0.0	2	1.001747666229697	-18.045401451255053	138.0	22	1.05	0.95				
	209	1	68.86510307894737	14.166535490526316	0.0	0.0	2	1.0229626881109473	-12.068612373533844	138.0	23	1.05	0.95				
	210	1	76.73540057368422	15.740594989473689	0.0	0.0	2	1.05	-13.49685702571328	138.0	23	1.05	0.95				
	211	1	0.0	0.0	0.0	0.0	2	1.0056237847861884	-9.062215371775089	230.0	23	1.05	0.95				
	212	1	0.0	0.0	0.0	0.0	2	1.0075548732753643	-8.155149435433662	230.0	23	1.05	0.95				
	213	2	104.28144180526317	21.24980323578948	0.0	0.0	2	1.002129330628734	-7.477444406851673	230.0	24	1.05	0.95				
	214	2	76.34188569894738	15.347080114736844	0.0	0.0	2	1.0064088513133336	-6.612512287549528	230.0	26	1.05	0.95				
	215	2	124.74421529157895	25.184951983157898	0.0	0.0	2	1.0212184385176029	-0.6229850125231009	230.0	26	1.05	0.95				
	216	2	39.351487473684216	7.870297494736844	0.0	0.0	2	1.0225709191703019	-0.7522683252460901	230.0	26	1.05	0.95				
	217	1	0.0	0.0	0.0	0.0	2	1.026423082410864	0.6003810705313013	230.0	27	1.05	0.95				
	218	2	131.04045328736845	26.759011482105265	0.0	0.0	2	1.0257794907779094	0.1792613291046692	230.0	27	1.05	0.95				
	219	1	71.22619232736844	14.56005036526316	0.0	0.0	2	1.0238073398459153	-0.5316387467010003	230.0	25	1.05	0.95				
	220	1	50.369903966315796	10.231386743157897	0.0	0.0	2	1.0273973951496145	0.4310162079354881	230.0	25	1.05	0.95				
	221	2	0.0	0.0	0.0	0.0	2	1.027830562126019	0.712133773113548	230.0	27	1.05	0.95				
	222	2	0.0	0.0	0.0	0.0	2	1.0495669942973582	7.163803423899243	230.0	27	1.05	0.95				
	223	2	0.0	0.0	0.0	0.0	2	1.0300407605584754	1.2594640995454882	230.0	25	1.05	0.95				
	224	1	0.0	0.0	0.0	0.0	2	1.0071102172199011	-4.256094763585931	230.0	26	1.05	0.95				
	301	2	60.54286619368422	12.332806076491229	0.0	0.0	3	1.0013886957383271	2.230985737875507	138.0	31	1.05	0.95				
	302	2	54.3764631554386	11.2116418877193	0.0	0.0	3	1.000854643107576	2.0934444707982602	138.0	32	1.05	0.95				
	303	1	100.90477698947369	20.741537492280703	0.0	0.0	3	1.028840021241832	8.185190490170925	138.0	31	1.05	0.95				
	304	1	41.483074984561405	8.408731415789473	0.0	0.0	3	1.0047247032890962	3.672401135739491	138.0	31	1.05	0.95				
	305	1	39.80132870140351	7.848149321403509	0.0	0.0	3	1.0177175907679408	3.413526931950263	138.0	31	1.05	0.95				
	306	1	76.23916483649124	15.696298642807019	0.0	-100.0	3	1.0346325719028855	3.4324485182607902	138.0	32	1.05	0.95				
	307	2	70.07276179824562	14.014552359649123	0.0	0.0	3	0.9908684436887363	-1.4786345866752024	138.0	32	1.05	0.95				
	308	1	95.85953814000001	19.620373303508774	0.0	0.0	3	0.9980704882934094	1.0754921891656573	138.0	32	1.05	0.95				
	309	1	98.10186651754387	20.18095539789474	0.0	0.0	3	1.0268155230988723	7.251692925959929	138.0	33	1.05	0.95				
	310	1	109.31350840526318	22.4232837754386	0.0	0.0	3	1.05	6.3920708122142464	138.0	33	1.05	0.95				
	311	1	0.0	0.0	0.0	0.0	3	1.0121849204155042	11.764484448095128	230.0	33	1.05	0.95				
	312	1	0.0	0.0	0.0	0.0	3	1.0173707613448253	12.931593920683646	230.0	33	1.05	0.95				
	313	2	148.5542550122807	30.27143309684211	0.0	0.0	3	1.0259465991635033	18.207252482445888	230.0	34	1.05	0.95				
	314	2	108.7529263108772	21.862701681052634	0.0	0.0	3	1.0111382105563804	11.06169353309283	230.0	36	1.05	0.95				
	315	2	177.7045239203509	35.87725404070176	0.0	0.0	3	1.0308481098222304	7.783470168403701	230.0	36	1.05	0.95				
	316	2	56.05820943859649	11.2116418877193	0.0	0.0	3	1.02963960373389	8.610680777644875	230.0	36	1.05	0.95				
	317	1	0.0	0.0	0.0	0.0	3	1.0361328970179118	8.583362013604576	230.0	37	1.05	0.95				
	318	2	186.67383743052633	38.11958241824562	0.0	0.0	3	1.0340865962521175	7.204601571133039	230.0	37	1.05	0.95				
	319	1	101.46535908385965	20.741537492280703	0.0	0.0	3	1.0281292631802095	10.794075535096617	230.0	35	1.05	0.95				
	320	1	71.75450808140351	14.575134454035087	0.0	0.0	3	1.0287329625387036	12.34470353139078	230.0	35	1.05	0.95				
	321	2	0.0	0.0	0.0	0.0	3	1.035033280259394	7.975043247176603	230.0	37	1.05	0.95				
	322	2	0.0	0.0	0.0	0.0	3	1.0488298538055183	12.53009098638112	230.0	37	1.05	0.95				
	323	2	0.0	0.0	0.0	0.0	3	1.0291329603864543	13.001797475390731	230.0	35	1.05	0.95				
	324	1	0.0	0.0	0.0	0.0	3	1.0288332987807327	9.89950980167954	230.0	36	1.05	0.95				
	325	1	0.0	0.0	0.0	0.0	3	1.0315098327544878	13.023597728646374	230.0	35	1.05	0.95				
];
