%% MATPOWER Case Format : Version 2
function mpc = RTS_GMLC
mpc.version = '2';

%%-----  Power Flow Data  -----%%
%% system MVA base
mpc.baseMVA = 100.0;
%% bus data
%    bus_i    type    Pd    Qd    Gs    Bs    area    Vm    Va    baseKV    zone    Vmax    Vmin
mpc.bus = [
	101	2	50.47303316210526	10.281543792280702	0.0	0.0	1	1.0009401052879061	-4.722173702032472	138.0	11	1.05	0.95				
	102	2	45.33226126596491	9.346857992982455	0.0	0.0	1	0.9998453859008082	-4.953467752894484	138.0	12	1.05	0.95				
	103	1	84.1217219368421	17.29168728701754	0.0	0.0	1	1.024532202536804	0.02881085184103823	138.0	11	1.05	0.95				
	104	1	34.58337457403508	7.010143494736841	0.0	0.0	1	1.0095376661487356	-4.954765001834601	138.0	11	1.05	0.95				
	105	1	33.181345875087715	6.542800595087719	0.0	0.0	1	1.0195003344994273	-6.110188880947897	138.0	11	1.05	0.95				
	106	1	63.558634352280706	13.085601190175439	0.0	-100.0	1	1.03712542087118	-7.401383250908153	138.0	12	1.05	0.95				
	107	2	58.41786245614035	11.68357249122807	0.0	0.0	1	0.9840287072889008	-11.702166294892622	138.0	12	1.05	0.95				
	108	1	79.91563584	16.357001487719298	0.0	0.0	1	0.9936890335215245	-10.308289553295793	138.0	12	1.05	0.95				
	109	1	81.7850074385965	16.82434438736842	0.0	0.0	1	1.0264281219259672	-3.9732628947041317	138.0	13	1.05	0.95				
	110	1	91.13186543157894	18.69371598596491	0.0	0.0	1	1.05	-5.970902970156003	138.0	13	1.05	0.95				
	111	1	0.0	0.0	0.0	0.0	1	1.021311418381885	-0.8555892731532687	230.0	13	1.05	0.95				
	112	1	0.0	0.0	0.0	0.0	1	1.0163648059839745	-1.7028302732227685	230.0	13	1.05	0.95				
	113	3	123.84586840701755	25.23651658105263	0.0	0.0	1	1.0038829251940165	5.3120664994730846e-30	230.0	14	1.05	0.95				
	114	2	90.66452253192982	18.22637308631579	0.0	0.0	1	1.05	2.421710331183462	230.0	16	1.05	0.95				
	115	2	148.14769918877192	29.909945577543862	0.0	0.0	1	1.0427122760477163	11.701840569236154	230.0	16	1.05	0.95				
	116	2	46.73428996491228	9.346857992982455	0.0	0.0	1	1.0445507637275429	10.071970301840453	230.0	16	1.05	0.95				
	117	1	0.0	0.0	0.0	0.0	1	1.041963582317158	16.055313991391095	230.0	17	1.05	0.95				
	118	2	155.6251855831579	31.779317176140353	0.0	0.0	1	1.05	16.657822571576094	230.0	17	1.05	0.95				
	119	1	84.58906483649122	17.29168728701754	0.0	0.0	1	1.042422618291187	6.261348162710952	230.0	15	1.05	0.95				
	120	1	59.819891155087724	12.150915390877193	0.0	0.0	1	1.046543510935425	3.566966668636079	230.0	15	1.05	0.95				
	121	2	0.0	0.0	0.0	0.0	1	1.043611291667046	18.11159344959322	230.0	17	1.05	0.95				
	122	2	0.0	0.0	0.0	0.0	1	1.05	36.0698473427844	230.0	17	1.05	0.95				
	123	2	0.0	0.0	0.0	0.0	1	1.05	2.437034291813409	230.0	15	1.05	0.95				
	124	1	0.0	0.0	0.0	0.0	1	1.02128240396173	7.359528977554975	230.0	16	1.05	0.95				
	201	2	47.344561616842114	9.644262551578949	0.0	0.0	2	0.9883108881078118	-13.131208400819089	138.0	21	1.05	0.95				
	202	2	42.52243034105263	8.767511410526318	0.0	0.0	2	0.9870075206144351	-13.388003654270278	138.0	22	1.05	0.95				
	203	1	78.90760269473685	16.219896109473687	0.0	0.0	2	0.9899112566441949	-9.940123594351423	138.0	21	1.05	0.95				
	204	1	32.439792218947375	6.575633557894737	0.0	0.0	2	0.9789082865767763	-12.547482220277182	138.0	21	1.05	0.95				
	205	1	31.12466550736842	6.137257987368422	0.0	0.0	2	0.9932991222264079	-12.944887500769582	138.0	21	1.05	0.95				
	206	1	59.61907759157895	12.274515974736843	0.0	-100.0	2	1.003462737797919	-13.407970482222256	138.0	22	1.05	0.95				
	207	2	54.79694631578948	10.959389263157895	0.0	0.0	2	0.9661956785045388	-19.25393727112214	138.0	22	1.05	0.95				
	208	1	74.96222256	15.343144968421052	0.0	0.0	2	0.9656980515505933	-17.040624546686534	138.0	22	1.05	0.95				
	209	1	76.71572484210527	15.781520538947369	0.0	0.0	2	0.9861802189335346	-9.913258327475585	138.0	23	1.05	0.95				
	210	1	85.48323625263158	17.535022821052635	0.0	0.0	2	1.0095160476447491	-11.241549598402639	138.0	23	1.05	0.95				
	211	1	0.0	0.0	0.0	0.0	2	0.9694001008087421	-7.114024223600423	230.0	23	1.05	0.95				
	212	1	0.0	0.0	0.0	0.0	2	0.9604917999336711	-2.813624517784811	230.0	23	1.05	0.95				
	213	2	116.16952618947369	23.672280808421057	0.0	0.0	2	0.9515508592027296	-4.648223086720108	230.0	24	1.05	0.95				
	214	2	85.04486068210527	17.096647250526317	0.0	0.0	2	0.9833214631897487	-5.6852964885830835	230.0	26	1.05	0.95				
	215	2	138.9650558568421	28.056036513684212	0.0	0.0	2	1.0077564554467993	-0.23699101311609527	230.0	26	1.05	0.95				
	216	2	43.83755705263158	8.767511410526318	0.0	0.0	2	0.9990074633844327	-0.7201285135088024	230.0	26	1.05	0.95				
	217	1	0.0	0.0	0.0	0.0	2	1.0181256039873998	0.7465613575938946	230.0	27	1.05	0.95				
	218	2	145.97906498526316	29.809538795789475	0.0	0.0	2	1.0174513839502726	0.29321337630141936	230.0	27	1.05	0.95				
	219	1	79.34597826526316	16.219896109473687	0.0	0.0	2	0.9751858439952037	-0.1596312919824537	230.0	25	1.05	0.95				
	220	1	56.112073027368425	11.397764833684212	0.0	0.0	2	0.9580592909884311	1.3057760160576966	230.0	25	1.05	0.95				
	221	2	0.0	0.0	0.0	0.0	2	1.0180364786853289	0.930712955325694	230.0	27	1.05	0.95				
	222	2	0.0	0.0	0.0	0.0	2	1.0413737374261425	7.4576541815668485	230.0	27	1.05	0.95				
	223	2	0.0	0.0	0.0	0.0	2	0.95	2.5294914664277863	230.0	25	1.05	0.95				
	224	1	0.0	0.0	0.0	0.0	2	0.9893224454650369	-3.8411776925836465	230.0	26	1.05	0.95				
	301	2	73.69693135578947	15.01233786877193	0.0	0.0	3	1.0095178105305596	24.054626499574145	138.0	31	1.05	0.95				
	302	2	66.1907624214035	13.647579880701755	0.0	0.0	3	1.0090003712760673	23.654304651821807	138.0	32	1.05	0.95				
	303	1	122.82821892631578	25.248022779298246	0.0	0.0	3	1.0158629401488883	41.81900255493274	138.0	31	1.05	0.95				
	304	1	50.49604555859649	10.235684910526317	0.0	0.0	3	1.000350866370415	25.847166076714725	138.0	31	1.05	0.95				
	305	1	48.44890857649123	9.55330591649123	0.0	0.0	3	1.0208349190915724	23.344765619961137	138.0	31	1.05	0.95				
	306	1	92.80354318877194	19.10661183298246	0.0	-100.0	3	1.0331836960920702	22.2039972356894	138.0	32	1.05	0.95				
	307	2	85.29737425438597	17.059474850877194	0.0	0.0	3	0.9868957682145362	17.06681151392353	138.0	32	1.05	0.95				
	308	1	116.68680798	23.88326479122807	0.0	0.0	3	0.9888707511548054	20.327816734893627	138.0	32	1.05	0.95				
	309	1	119.41632395614035	24.56564378526316	0.0	0.0	3	1.0182340261215033	30.476715971814176	138.0	33	1.05	0.95				
	310	1	133.0639038368421	27.29515976140351	0.0	0.0	3	1.05	24.828058326667353	138.0	33	1.05	0.95				
	311	1	0.0	0.0	0.0	0.0	3	1.0147449876558456	30.454660568173793	230.0	33	1.05	0.95				
	312	1	0.0	0.0	0.0	0.0	3	1.029135445769907	30.542696369481355	230.0	33	1.05	0.95				
	313	2	180.83043341929823	36.84846567789474	0.0	0.0	3	1.0393798518984467	33.38176855340499	230.0	34	1.05	0.95				
	314	2	132.381524842807	26.61278076736842	0.0	0.0	3	1.0011943479482166	30.68606702924454	230.0	36	1.05	0.95				
	315	2	216.31414110912283	43.672255618245615	0.0	0.0	3	0.971206801028838	30.447705557599317	230.0	36	1.05	0.95				
	316	2	68.23789940350878	13.647579880701755	0.0	0.0	3	0.9567364233359035	30.603361372362777	230.0	36	1.05	0.95				
	317	1	0.0	0.0	0.0	0.0	3	0.9599722256201094	34.09115321357262	230.0	37	1.05	0.95				
	318	2	227.23220501368422	46.40177159438597	0.0	0.0	3	0.95	29.711052464325682	230.0	37	1.05	0.95				
	319	1	123.51059792035089	25.248022779298246	0.0	0.0	3	0.9937270292948002	29.654531349347568	230.0	35	1.05	0.95				
	320	1	87.34451123649123	17.74185384491228	0.0	0.0	3	1.029255841450018	28.955801921472023	230.0	35	1.05	0.95				
	321	2	0.0	0.0	0.0	0.0	3	0.9690763377240417	30.68858215580228	230.0	37	1.05	0.95				
	322	2	0.0	0.0	0.0	0.0	3	0.9634967308472171	37.182400722558754	230.0	37	1.05	0.95				
	323	2	0.0	0.0	0.0	0.0	3	1.049109926650343	28.51738269372006	230.0	35	1.05	0.95				
	324	1	0.0	0.0	0.0	0.0	3	0.9871262846263303	36.592770643465514	230.0	36	1.05	0.95				
	325	1	0.0	0.0	0.0	0.0	3	1.05	27.642118835206958	230.0	35	1.05	0.95				
];
