%% MATPOWER Case Format : Version 2
function mpc = RTS_GMLC
mpc.version = '2';

%%-----  Power Flow Data  -----%%
%% system MVA base
mpc.baseMVA = 100.0;
%% bus data
%    bus_i    type    Pd    Qd    Gs    Bs    area    Vm    Va    baseKV    zone    Vmax    Vmin
mpc.bus = [
	101	2	39.82533400421053	8.112568037894736	0.0	0.0	1	1.0319350665628368	2.7077549510074106	138.0	11	1.05	0.95				
	102	2	35.76904998526316	7.37506185263158	0.0	0.0	1	1.0310453966613569	2.4671346977337656	138.0	12	1.05	0.95				
	103	1	66.37555667368422	13.64386442736842	0.0	0.0	1	1.0299930781218605	0.41587793969035686	138.0	11	1.05	0.95				
	104	1	27.28772885473684	5.531296389473684	0.0	0.0	1	1.0217136029814733	-0.5893389036648478	138.0	11	1.05	0.95				
	105	1	26.181469576842105	5.162543296842106	0.0	0.0	1	1.0359151321117075	-0.30069072558604587	138.0	11	1.05	0.95				
	106	1	50.15042059789474	10.325086593684212	0.0	-100.0	1	1.0466706981264526	-2.407649325534934	138.0	12	1.05	0.95				
	107	2	46.09413657894737	9.218827315789474	0.0	0.0	1	1.0004225397627893	-7.029502720814178	138.0	12	1.05	0.95				
	108	1	63.05677884000001	12.906358242105261	0.0	0.0	1	1.0066316578128318	-5.999991375254039	138.0	12	1.05	0.95				
	109	1	64.53179121052632	13.275111334736842	0.0	0.0	1	1.0249856435925804	-1.5871140345880794	138.0	13	1.05	0.95				
	110	1	71.9068530631579	14.75012370526316	0.0	0.0	1	1.05	-2.1816383601520988	138.0	13	1.05	0.95				
	111	1	0.0	0.0	0.0	0.0	1	1.0021919813354654	-0.19724722578860562	230.0	13	1.05	0.95				
	112	1	0.0	0.0	0.0	0.0	1	1.0070200049579443	0.23753710690073257	230.0	13	1.05	0.95				
	113	3	97.71956954736842	19.912667002105266	0.0	0.0	1	0.9916571429753274	1.1009278465410367e-30	230.0	14	1.05	0.95				
	114	2	71.53809997052632	14.38137061263158	0.0	0.0	1	0.9985503413891098	1.4523194678713756	230.0	16	1.05	0.95				
	115	2	116.89473036421052	23.600197928421053	0.0	0.0	1	1.037726174265113	6.128924507454544	230.0	16	1.05	0.95				
	116	2	36.875309263157895	7.37506185263158	0.0	0.0	1	1.0323596828828427	5.878925204117586	230.0	16	1.05	0.95				
	117	1	0.0	0.0	0.0	0.0	1	1.0417920201106519	7.3076049718857705	230.0	17	1.05	0.95				
	118	2	122.79477984631579	25.07521029894737	0.0	0.0	1	1.0450441446217063	7.121562972817063	230.0	17	1.05	0.95				
	119	1	66.7443097663158	13.64386442736842	0.0	0.0	1	1.0256790482591531	5.2494953068367805	230.0	15	1.05	0.95				
	120	1	47.20039585684211	9.587580408421054	0.0	0.0	1	1.0220673748151103	5.421720853634453	230.0	15	1.05	0.95				
	121	2	0.0	0.0	0.0	0.0	1	1.05	7.788657105512244	230.0	17	1.05	0.95				
	122	2	0.0	0.0	0.0	0.0	1	1.05	14.468142860955606	230.0	17	1.05	0.95				
	123	2	0.0	0.0	0.0	0.0	1	1.0203970117044605	5.806762767036965	230.0	15	1.05	0.95				
	124	1	0.0	0.0	0.0	0.0	1	1.026851774636983	3.99130344958066	230.0	16	1.05	0.95				
	201	2	41.46261608842105	8.44608846245614	0.0	0.0	2	1.02422595687213	-5.961747699848146	138.0	21	1.05	0.95				
	202	2	37.23957185719298	7.678262238596491	0.0	0.0	2	1.0249686247544407	-5.753684850442115	138.0	22	1.05	0.95				
	203	1	69.10436014736841	14.204785141403505	0.0	0.0	2	1.0182494786116785	-5.748837022155967	138.0	21	1.05	0.95				
	204	1	28.40957028280701	5.758696678947368	0.0	0.0	2	1.0179955286126146	-7.662688821800186	138.0	21	1.05	0.95				
	205	1	27.257830947017542	5.374783567017544	0.0	0.0	2	1.032413862735385	-7.874271838963125	138.0	21	1.05	0.95				
	206	1	52.21218322245614	10.749567134035088	0.0	-100.0	2	1.0453297642175392	-9.287163784290122	138.0	22	1.05	0.95				
	207	2	47.98913899122807	9.597827798245612	0.0	0.0	2	0.9900343839315034	-14.883894397243395	138.0	22	1.05	0.95				
	208	1	65.64914214	13.436958917543857	0.0	0.0	2	0.9989486014403238	-13.198675614140276	138.0	22	1.05	0.95				
	209	1	67.18479458771928	13.820872029473682	0.0	0.0	2	1.0228935752257016	-7.64093629526075	138.0	23	1.05	0.95				
	210	1	74.86305682631578	15.356524477192982	0.0	0.0	2	1.05	-8.574801035897378	138.0	23	1.05	0.95				
	211	1	0.0	0.0	0.0	0.0	2	1.0029505235805058	-5.336322149850208	230.0	23	1.05	0.95				
	212	1	0.0	0.0	0.0	0.0	2	1.0091806615545462	-5.001871356279915	230.0	23	1.05	0.95				
	213	2	101.73697466140351	20.731308044210525	0.0	0.0	2	0.9970249029820224	-4.685247975057918	230.0	24	1.05	0.95				
	214	2	74.47914371438596	14.972611365263159	0.0	0.0	2	1.0001658931148616	-2.9978116120125855	230.0	26	1.05	0.95				
	215	2	121.70045648175439	24.57043916350877	0.0	0.0	2	1.023276044093004	2.8132072438024385	230.0	26	1.05	0.95				
	216	2	38.39131119298245	7.678262238596491	0.0	0.0	2	1.0247857510985774	2.5651182485843567	230.0	26	1.05	0.95				
	217	1	0.0	0.0	0.0	0.0	2	1.0304991027072024	4.986291929027928	230.0	27	1.05	0.95				
	218	2	127.84306627263157	26.10609161122807	0.0	0.0	2	1.0314920170085027	5.253519781799342	230.0	27	1.05	0.95				
	219	1	69.48827325929824	14.204785141403505	0.0	0.0	2	1.0258335786762394	1.5402078518296165	230.0	25	1.05	0.95				
	220	1	49.14087832701754	9.981740910175438	0.0	0.0	2	1.0292319799445253	1.404065078451505	230.0	25	1.05	0.95				
	221	2	0.0	0.0	0.0	0.0	2	1.0319756343602913	5.211027497472924	230.0	27	1.05	0.95				
	222	2	0.0	0.0	0.0	0.0	2	1.05	11.616692005786316	230.0	27	1.05	0.95				
	223	2	0.0	0.0	0.0	0.0	2	1.0314203478174715	1.6230568782716732	230.0	25	1.05	0.95				
	224	1	0.0	0.0	0.0	0.0	2	1.0107407043562748	-0.4090231343730909	230.0	26	1.05	0.95				
	301	2	48.22587788210526	9.823789938947368	0.0	0.0	3	1.0061906637684417	-28.47762124245989	138.0	31	1.05	0.95				
	302	2	43.31398291263157	8.93071812631579	0.0	0.0	3	1.005909923784593	-28.577666693493597	138.0	32	1.05	0.95				
	303	1	80.3764631368421	16.521828533684207	0.0	0.0	3	1.021983247720243	-23.31133914680676	138.0	31	1.05	0.95				
	304	1	33.043657067368414	6.698038594736841	0.0	0.0	3	1.0093542554524952	-27.033046075834893	138.0	31	1.05	0.95				
	305	1	31.704049348421048	6.251502688421053	0.0	0.0	3	1.0221921391383204	-27.785920688312267	138.0	31	1.05	0.95				
	306	1	60.72888325894736	12.503005376842106	0.0	-100.0	3	1.0393868487854103	-27.92775465689405	138.0	32	1.05	0.95				
	307	2	55.81698828947368	11.163397657894736	0.0	0.0	3	0.9928522134980162	-32.82106326478138	138.0	32	1.05	0.95				
	308	1	76.35763997999999	15.628756721052628	0.0	0.0	3	0.9987593386960955	-30.79749422042623	138.0	32	1.05	0.95				
	309	1	78.14378360526315	16.075292627368416	0.0	0.0	3	1.0264465092215869	-23.94452395748725	138.0	33	1.05	0.95				
	310	1	87.07450173157893	17.86143625263158	0.0	0.0	3	1.05	-25.65820545637885	138.0	33	1.05	0.95				
	311	1	0.0	0.0	0.0	0.0	3	1.009785503494924	-19.721196138702677	230.0	33	1.05	0.95				
	312	1	0.0	0.0	0.0	0.0	3	1.0129557658374937	-19.006051722790342	230.0	33	1.05	0.95				
	313	2	118.3320151736842	24.11293894105263	0.0	0.0	3	1.0134873652250989	-15.94939661058584	230.0	34	1.05	0.95				
	314	2	86.62796582526315	17.41490034631579	0.0	0.0	3	1.0123306747980532	-17.868631436333576	230.0	36	1.05	0.95				
	315	2	141.55188230210524	28.578298004210524	0.0	0.0	3	1.0365391765476708	-13.513227069277498	230.0	36	1.05	0.95				
	316	2	44.65359063157894	8.93071812631579	0.0	0.0	3	1.0366375851678284	-12.598684365950172	230.0	36	1.05	0.95				
	317	1	0.0	0.0	0.0	0.0	3	1.0409233056599114	-10.978418572483617	230.0	37	1.05	0.95				
	318	2	148.69645680315787	30.36444162947368	0.0	0.0	3	1.0401801246976912	-10.863355084082855	230.0	37	1.05	0.95				
	319	1	80.82299904315789	16.521828533684207	0.0	0.0	3	1.0350608473054566	-12.971973991991725	230.0	35	1.05	0.95				
	320	1	57.15659600842105	11.609933564210525	0.0	0.0	3	1.0367050518192853	-12.440285779944995	230.0	35	1.05	0.95				
	321	2	0.0	0.0	0.0	0.0	3	1.0407244490247813	-11.231884130888087	230.0	37	1.05	0.95				
	322	2	0.0	0.0	0.0	0.0	3	1.05	-6.813126769425004	230.0	37	1.05	0.95				
	323	2	0.0	0.0	0.0	0.0	3	1.0383443974187476	-11.81249392862922	230.0	35	1.05	0.95				
	324	1	0.0	0.0	0.0	0.0	3	1.0188883632103791	-17.167134507221608	230.0	36	1.05	0.95				
	325	1	0.0	0.0	0.0	0.0	3	1.0321511314225158	-10.198151563966626	230.0	35	1.05	0.95				
];
