%% MATPOWER Case Format : Version 2
function mpc = RTS_GMLC
mpc.version = '2';

%%-----  Power Flow Data  -----%%
%% system MVA base
mpc.baseMVA = 100.0;
%% bus data
%    bus_i    type    Pd    Qd    Gs    Bs    area    Vm    Va    baseKV    zone    Vmax    Vmin
mpc.bus = [
	101	2	69.76447302315789	14.211281541754387	0.0	0.0	1	1.0322795517813301	0.15031440274582075	138.0	11	1.05	0.95				
	102	2	62.658832252280696	12.91934685614035	0.0	0.0	1	1.032323021598951	0.11366123437355459	138.0	12	1.05	0.95				
	103	1	116.27412170526314	23.900791683859648	0.0	0.0	1	1.0226911983386815	-1.4358876466640373	138.0	11	1.05	0.95				
	104	1	47.801583367719296	9.689510142105263	0.0	0.0	1	1.0177690641383161	-3.0098798391234594	138.0	11	1.05	0.95				
	105	1	45.86368133929824	9.043542799298246	0.0	0.0	1	1.0324454852036138	-2.9274978711185065	138.0	11	1.05	0.95				
	106	1	87.85155862175439	18.08708559859649	0.0	-100.0	1	1.0390648295210958	-5.239879536475752	138.0	12	1.05	0.95				
	107	2	80.74591785087719	16.14918357017544	0.0	0.0	1	1.046931355090133	-0.9997143513701463	138.0	12	1.05	0.95				
	108	1	110.46041561999999	22.60885699824561	0.0	0.0	1	1.0266513786351774	-4.041032412696926	138.0	12	1.05	0.95				
	109	1	113.04428499122807	23.25482434105263	0.0	0.0	1	1.02641867493998	-2.9504805368178713	138.0	13	1.05	0.95				
	110	1	125.9636318473684	25.8386937122807	0.0	0.0	1	1.05	-4.007223101283752	138.0	13	1.05	0.95				
	111	1	0.0	0.0	0.0	0.0	1	1.009801915221223	-0.8938468490901416	230.0	13	1.05	0.95				
	112	1	0.0	0.0	0.0	0.0	1	1.0139333070098873	0.040124324995761414	230.0	13	1.05	0.95				
	113	3	171.18134584385965	34.882236511578945	0.0	0.0	1	1.007307152851089	4.232685293670173e-28	230.0	14	1.05	0.95				
	114	2	125.31766450456139	25.192726369473682	0.0	0.0	1	1.0084820282716664	0.9964482458856279	230.0	16	1.05	0.95				
	115	2	204.77164766982457	41.34190993964913	0.0	0.0	1	1.0424937885585726	7.709148845368469	230.0	16	1.05	0.95				
	116	2	64.59673428070175	12.91934685614035	0.0	0.0	1	1.0398782141696519	7.517244477370608	230.0	16	1.05	0.95				
	117	1	0.0	0.0	0.0	0.0	1	1.045813906436202	10.040478411373247	230.0	17	1.05	0.95				
	118	2	215.10712515473682	43.925779310877196	0.0	0.0	1	1.0484732427375478	10.408297095499893	230.0	17	1.05	0.95				
	119	1	116.92008904807017	23.900791683859648	0.0	0.0	1	1.0349212436584403	6.803286535197313	230.0	15	1.05	0.95				
	120	1	82.68381987929826	16.795150912982457	0.0	0.0	1	1.0360208984779937	7.4123881572311765	230.0	15	1.05	0.95				
	121	2	0.0	0.0	0.0	0.0	1	1.05	10.642297280779971	230.0	17	1.05	0.95				
	122	2	0.0	0.0	0.0	0.0	1	1.05	17.50480676676791	230.0	17	1.05	0.95				
	123	2	0.0	0.0	0.0	0.0	1	1.0383420415293931	8.2284547053749	230.0	15	1.05	0.95				
	124	1	0.0	0.0	0.0	0.0	1	1.0235675729344735	4.318738651983585	230.0	16	1.05	0.95				
	201	2	71.14434123789474	14.492365807719299	0.0	0.0	2	1.0337095840843387	-8.49678909470334	138.0	21	1.05	0.95				
	202	2	63.89815833403508	13.174878007017544	0.0	0.0	2	1.0337989216700918	-8.589210945403826	138.0	22	1.05	0.95				
	203	1	118.5739020631579	24.373524312982454	0.0	0.0	2	1.0275523717304227	-5.64693490447715	138.0	21	1.05	0.95				
	204	1	48.74704862596491	9.881158505263157	0.0	0.0	2	1.0179118923090427	-10.550847114063458	138.0	21	1.05	0.95				
	205	1	46.770816924912275	9.22241460491228	0.0	0.0	2	1.0333559345270817	-10.932370929804048	138.0	21	1.05	0.95				
	206	1	89.5891704477193	18.44482920982456	0.0	-100.0	2	1.0394660479512519	-12.92098826395062	138.0	22	1.05	0.95				
	207	2	82.34298754385965	16.46859750877193	0.0	0.0	2	0.98012372099046	-22.76973625191129	138.0	22	1.05	0.95				
	208	1	112.64520696	23.0560365122807	0.0	0.0	2	0.9811939472775565	-19.56246647939439	138.0	22	1.05	0.95				
	209	1	115.2801825614035	23.714780412631576	0.0	0.0	2	1.0253260443242178	-9.485912372733772	138.0	23	1.05	0.95				
	210	1	128.45506056842103	26.349756014035087	0.0	0.0	2	1.05	-11.323781635457848	138.0	23	1.05	0.95				
	211	1	0.0	0.0	0.0	0.0	2	1.0193382736826777	-5.42606074494866	230.0	23	1.05	0.95				
	212	1	0.0	0.0	0.0	0.0	2	1.0183526257614273	-4.666107831229947	230.0	23	1.05	0.95				
	213	2	174.56713359298243	35.57217061894737	0.0	0.0	2	1.0241327849446036	-2.8253891987308424	230.0	24	1.05	0.95				
	214	2	127.79631666807016	25.69101211368421	0.0	0.0	2	1.0301681823853848	-2.7765550765967197	230.0	26	1.05	0.95				
	215	2	208.82181641122804	42.15960962245614	0.0	0.0	2	1.0431358445052135	5.087728152395491	230.0	26	1.05	0.95				
	216	2	65.87439003508771	13.174878007017544	0.0	0.0	2	1.0457405517213456	4.968071221944199	230.0	26	1.05	0.95				
	217	1	0.0	0.0	0.0	0.0	2	1.047801662858286	8.344410676542601	230.0	27	1.05	0.95				
	218	2	219.36171881684209	44.79458522385965	0.0	0.0	2	1.049999356872902	9.23743138119478	230.0	27	1.05	0.95				
	219	1	119.23264596350877	24.373524312982454	0.0	0.0	2	1.0431794873060143	3.7899906416285694	230.0	25	1.05	0.95				
	220	1	84.31921924491228	17.127341409122806	0.0	0.0	2	1.0465406694467623	4.00142161882181	230.0	25	1.05	0.95				
	221	2	0.0	0.0	0.0	0.0	2	1.05	9.569559918599186	230.0	27	1.05	0.95				
	222	2	0.0	0.0	0.0	0.0	2	1.05	15.600556981844113	230.0	27	1.05	0.95				
	223	2	0.0	0.0	0.0	0.0	2	1.05	4.59726034721914	230.0	25	1.05	0.95				
	224	1	0.0	0.0	0.0	0.0	2	1.023878579864952	1.0861606144173854	230.0	26	1.05	0.95				
	301	2	57.16039229052632	11.643783614736842	0.0	0.0	3	1.0071776128818315	-25.974817848559514	138.0	31	1.05	0.95				
	302	2	51.33850048315789	10.585257831578948	0.0	0.0	3	1.006578560427386	-26.11047233494818	138.0	32	1.05	0.95				
	303	1	95.26732048421053	19.58272698842105	0.0	0.0	3	1.0220673485679654	-19.183788622279906	138.0	31	1.05	0.95				
	304	1	39.1654539768421	7.93894337368421	0.0	0.0	3	1.0077773781625148	-24.32023768668308	138.0	31	1.05	0.95				
	305	1	37.57766530210526	7.409680482105263	0.0	0.0	3	1.0214092374820312	-25.193989507481778	138.0	31	1.05	0.95				
	306	1	71.97975325473685	14.819360964210526	0.0	-100.0	3	1.037085036890582	-25.360159011861978	138.0	32	1.05	0.95				
	307	2	66.15786144736842	13.231572289473684	0.0	0.0	3	0.9968571763633823	-29.131715103721266	138.0	32	1.05	0.95				
	308	1	90.50395445999999	18.524201205263154	0.0	0.0	3	0.9989821402885188	-27.636456818872105	138.0	32	1.05	0.95				
	309	1	92.62100602631578	19.053464096842106	0.0	0.0	3	1.0266450330748695	-20.696720465771136	138.0	33	1.05	0.95				
	310	1	103.20626385789473	21.170515663157897	0.0	0.0	3	1.05	-22.71355845192071	138.0	33	1.05	0.95				
	311	1	0.0	0.0	0.0	0.0	3	1.0149962960796057	-15.892521548458571	230.0	33	1.05	0.95				
	312	1	0.0	0.0	0.0	0.0	3	1.015175920596934	-15.469457707990106	230.0	33	1.05	0.95				
	313	2	140.25466626842103	28.58019614526316	0.0	0.0	3	1.0196491549539513	-12.380041706838536	230.0	34	1.05	0.95				
	314	2	102.67700096631577	20.641252771578948	0.0	0.0	3	1.0247047896025663	-13.16340213191428	230.0	36	1.05	0.95				
	315	2	167.77633663052632	33.87282506105263	0.0	0.0	3	1.047182901035939	-6.49781211781192	230.0	36	1.05	0.95				
	316	2	52.926289157894736	10.585257831578948	0.0	0.0	3	1.0466171281105785	-6.1621604450622	230.0	36	1.05	0.95				
	317	1	0.0	0.0	0.0	0.0	3	1.0490564270042648	-3.3543044854618222	230.0	37	1.05	0.95				
	318	2	176.2445428957895	35.989876627368425	0.0	0.0	3	1.0490582771461394	-3.0733353997947432	230.0	37	1.05	0.95				
	319	1	95.79658337578947	19.58272698842105	0.0	0.0	3	1.0420773624664668	-7.534643004653795	230.0	35	1.05	0.95				
	320	1	67.74565012210526	13.76083518105263	0.0	0.0	3	1.0423322897262168	-7.732935552521537	230.0	35	1.05	0.95				
	321	2	0.0	0.0	0.0	0.0	3	1.05	-2.5589936273960054	230.0	37	1.05	0.95				
	322	2	0.0	0.0	0.0	0.0	3	1.05	2.904890313020853	230.0	37	1.05	0.95				
	323	2	0.0	0.0	0.0	0.0	3	1.0434147845961719	-7.449309933633735	230.0	35	1.05	0.95				
	324	1	0.0	0.0	0.0	0.0	3	1.0217290694039696	-11.188638672768205	230.0	36	1.05	0.95				
	325	1	0.0	0.0	0.0	0.0	3	1.0377382461198474	-5.962955939784858	230.0	35	1.05	0.95				
];
