%% MATPOWER Case Format : Version 2
function mpc = RTS_GMLC
mpc.version = '2';

%%-----  Power Flow Data  -----%%
%% system MVA base
mpc.baseMVA = 100.0;
%% bus data
%    bus_i    type    Pd    Qd    Gs    Bs    area    Vm    Va    baseKV    zone    Vmax    Vmin
mpc.bus = [
	101	2	35.53686294063158	7.238990599017543	0.0	0.0	1	1.035094938045308	4.0465288087041955	138.0	11	1.05	0.95				
	102	2	31.91736764112281	6.580900544561404	0.0	0.0	1	1.0342305033874146	3.8012579188208186	138.0	12	1.05	0.95				
	103	1	59.22810490105264	12.174666007438596	0.0	0.0	1	1.0288150214612894	1.8206454102009144	138.0	11	1.05	0.95				
	104	1	24.34933201487719	4.935675408421052	0.0	0.0	1	1.0231687352164118	0.6031909554531075	138.0	11	1.05	0.95				
	105	1	23.36219693319298	4.606630381192982	0.0	0.0	1	1.037918571459443	0.9003017616941057	138.0	11	1.05	0.95				
	106	1	44.75012370301755	9.213260762385964	0.0	-100.0	1	1.0484217914197487	-1.2553946604602304	138.0	12	1.05	0.95				
	107	2	41.13062840350877	8.226125680701754	0.0	0.0	1	1.0018686428748034	-6.651449731824674	138.0	12	1.05	0.95				
	108	1	56.266699656	11.516575952982455	0.0	0.0	1	1.0081668600237135	-5.263044644192695	138.0	12	1.05	0.95				
	109	1	57.58287976491228	11.845620980210525	0.0	0.0	1	1.0238404560642531	-0.6808740769877567	138.0	13	1.05	0.95				
	110	1	64.16378030947368	13.161801089122807	0.0	0.0	1	1.05	-1.2564324341743525	138.0	13	1.05	0.95				
	111	1	0.0	0.0	0.0	0.0	1	0.9995635291370272	0.48758753191240845	230.0	13	1.05	0.95				
	112	1	0.0	0.0	0.0	0.0	1	1.0048335250176446	0.5122520333706652	230.0	13	1.05	0.95				
	113	3	87.1969322154386	17.76843147031579	0.0	0.0	1	0.9878086622356963	1.1234223833615333e-31	230.0	14	1.05	0.95				
	114	2	63.83473528224562	12.832756061894738	0.0	0.0	1	0.9945915336251353	2.5147058917853653	230.0	16	1.05	0.95				
	115	2	104.30727363129823	21.05888174259649	0.0	0.0	1	1.029735984116864	7.613854362002265	230.0	16	1.05	0.95				
	116	2	32.90450272280702	6.580900544561404	0.0	0.0	1	1.025801957219652	7.23378120412345	230.0	16	1.05	0.95				
	117	1	0.0	0.0	0.0	0.0	1	1.0346364678396647	9.408098333625391	230.0	17	1.05	0.95				
	118	2	109.57199406694738	22.375061851508775	0.0	0.0	1	1.0370557996640397	9.609132451557555	230.0	17	1.05	0.95				
	119	1	59.55714992828071	12.174666007438596	0.0	0.0	1	1.0189281997975292	5.8290233873860355	230.0	15	1.05	0.95				
	120	1	42.11776348519298	8.555170707929824	0.0	0.0	1	1.0150516418572082	5.25227040673137	230.0	15	1.05	0.95				
	121	2	0.0	0.0	0.0	0.0	1	1.0403079817660583	10.55793812283077	230.0	17	1.05	0.95				
	122	2	0.0	0.0	0.0	0.0	1	1.05	16.608205156732904	230.0	17	1.05	0.95				
	123	2	0.0	0.0	0.0	0.0	1	1.0129915071308255	5.196204909453118	230.0	15	1.05	0.95				
	124	1	0.0	0.0	0.0	0.0	1	1.0214180715088335	5.4271206148873485	230.0	16	1.05	0.95				
	201	2	38.385644589473685	7.819297971929825	0.0	0.0	2	1.019075590964464	-9.027307996021444	138.0	21	1.05	0.95				
	202	2	34.47599560350877	7.108452701754386	0.0	0.0	2	1.018784243221597	-9.144331019443436	138.0	22	1.05	0.95				
	203	1	63.976074315789475	13.150637498245615	0.0	0.0	2	1.0159666766415374	-6.745242787093799	138.0	21	1.05	0.95				
	204	1	26.30127499649123	5.33133952631579	0.0	0.0	2	1.0155493147693042	-9.598216701496286	138.0	21	1.05	0.95				
	205	1	25.235007091228066	4.975916891228071	0.0	0.0	2	1.030410054291677	-9.90771833209443	138.0	21	1.05	0.95				
	206	1	48.33747837192983	9.951833782456141	0.0	-100.0	2	1.045081282691957	-10.820257521547225	138.0	22	1.05	0.95				
	207	2	44.42782938596491	8.885565877192983	0.0	0.0	2	0.9969789380660103	-15.35049636879754	138.0	22	1.05	0.95				
	208	1	60.7772706	12.439792228070175	0.0	0.0	2	1.0039368284816528	-13.790790124631453	138.0	22	1.05	0.95				
	209	1	62.19896114035088	12.795214863157895	0.0	0.0	2	1.0222970991355451	-8.490789575099667	138.0	23	1.05	0.95				
	210	1	69.30741384210528	14.216905403508772	0.0	0.0	2	1.05	-9.64861815763839	138.0	23	1.05	0.95				
	211	1	0.0	0.0	0.0	0.0	2	1.0017970330661088	-6.0304890628972165	230.0	23	1.05	0.95				
	212	1	0.0	0.0	0.0	0.0	2	1.004976697238369	-5.3820131159324	230.0	23	1.05	0.95				
	213	2	94.18699829824561	19.192822294736843	0.0	0.0	2	0.9948847451474251	-4.896310050730728	230.0	24	1.05	0.95				
	214	2	68.95199120701754	13.861482768421055	0.0	0.0	2	0.9997869266745976	-3.8334588548248214	230.0	26	1.05	0.95				
	215	2	112.66897532280701	22.747048645614036	0.0	0.0	2	1.0153168232002454	1.4960730115130725	230.0	26	1.05	0.95				
	216	2	35.54226350877193	7.108452701754386	0.0	0.0	2	1.0164008459455252	1.4336568079397742	230.0	26	1.05	0.95				
	217	1	0.0	0.0	0.0	0.0	2	1.0214552658133655	3.0189530992081277	230.0	27	1.05	0.95				
	218	2	118.35573748421054	24.168739185964917	0.0	0.0	2	1.0208841660520949	2.5895903913799247	230.0	27	1.05	0.95				
	219	1	64.3314969508772	13.150637498245615	0.0	0.0	2	1.0165864509875504	1.2465952623377594	230.0	25	1.05	0.95				
	220	1	45.49409729122807	9.240988512280703	0.0	0.0	2	1.0187978644547326	1.793441514798873	230.0	25	1.05	0.95				
	221	2	0.0	0.0	0.0	0.0	2	1.0226677123257935	3.0344465336531106	230.0	27	1.05	0.95				
	222	2	0.0	0.0	0.0	0.0	2	1.044723503734893	9.585275820321996	230.0	27	1.05	0.95				
	223	2	0.0	0.0	0.0	0.0	2	1.0203749683020422	2.37198218201749	230.0	25	1.05	0.95				
	224	1	0.0	0.0	0.0	0.0	2	1.0053352814313619	-1.624130291009601	230.0	26	1.05	0.95				
	301	2	39.95760834947369	8.139512811929825	0.0	0.0	3	1.0126488159732323	-10.167296072747074	138.0	31	1.05	0.95				
	302	2	35.88785194350877	7.399557101754387	0.0	0.0	3	1.0125265189234278	-10.363898249098453	138.0	32	1.05	0.95				
	303	1	66.59601391578947	13.689180638245613	0.0	0.0	3	1.0345667094232964	-2.3500973764800195	138.0	31	1.05	0.95				
	304	1	27.378361276491226	5.5496678263157895	0.0	0.0	3	1.0133970478522036	-9.359987896071107	138.0	31	1.05	0.95				
	305	1	26.26842771122807	5.179689971228071	0.0	0.0	3	1.026895770494659	-10.398032199954674	138.0	31	1.05	0.95				
	306	1	50.31698829192983	10.359379942456142	0.0	-100.0	3	1.0432523783420646	-10.992725174302477	138.0	32	1.05	0.95				
	307	2	46.247231885964915	9.249446377192982	0.0	0.0	3	0.9939929407909166	-14.747855198577362	138.0	32	1.05	0.95				
	308	1	63.26621322	12.949224928070175	0.0	0.0	3	1.002122472486143	-13.129235246884422	138.0	32	1.05	0.95				
	309	1	64.74612464035087	13.319202783157893	0.0	0.0	3	1.0248173860164462	-7.011551227863849	138.0	33	1.05	0.95				
	310	1	72.14568174210527	14.799114203508774	0.0	0.0	3	1.05	-9.435091218284093	138.0	33	1.05	0.95				
	311	1	0.0	0.0	0.0	0.0	3	1.0027203939265736	-5.247456022890418	230.0	33	1.05	0.95				
	312	1	0.0	0.0	0.0	0.0	3	1.0090069703392366	-4.5745951332081125	230.0	33	1.05	0.95				
	313	2	98.04413159824561	19.978804174736844	0.0	0.0	3	1.0056708589693555	-2.0611201497886267	230.0	34	1.05	0.95				
	314	2	71.77570388701754	14.429136348421054	0.0	0.0	3	0.9924856351602077	-4.913600441522283	230.0	36	1.05	0.95				
	315	2	117.28298006280701	23.678582725614035	0.0	0.0	3	1.0159928120963657	-2.5097581898820738	230.0	36	1.05	0.95				
	316	2	36.997785508771926	7.399557101754387	0.0	0.0	3	1.013646538361581	-2.2146482572271484	230.0	36	1.05	0.95				
	317	1	0.0	0.0	0.0	0.0	3	1.0186818959606319	-1.4198563445154617	230.0	37	1.05	0.95				
	318	2	123.20262574421052	25.158494145964916	0.0	0.0	3	1.017949135582271	-1.5864614479131394	230.0	37	1.05	0.95				
	319	1	66.9659917708772	13.689180638245613	0.0	0.0	3	1.0112814265730607	-2.294698457685922	230.0	35	1.05	0.95				
	320	1	47.35716545122807	9.619424232280702	0.0	0.0	3	1.011492616131369	-1.6185961571477334	230.0	35	1.05	0.95				
	321	2	0.0	0.0	0.0	0.0	3	1.0193208833634013	-1.351843119519469	230.0	37	1.05	0.95				
	322	2	0.0	0.0	0.0	0.0	3	1.0325841339373092	3.075712260821956	230.0	37	1.05	0.95				
	323	2	0.0	0.0	0.0	0.0	3	1.0121027222221257	-0.9520588101511032	230.0	35	1.05	0.95				
	324	1	0.0	0.0	0.0	0.0	3	1.0191163909825662	-2.4623814570822566	230.0	36	1.05	0.95				
	325	1	0.0	0.0	0.0	0.0	3	1.0117411057805576	0.037719553246478264	230.0	35	1.05	0.95				
];
