%% MATPOWER Case Format : Version 2
function mpc = RTS_GMLC
mpc.version = '2';

%%-----  Power Flow Data  -----%%
%% system MVA base
mpc.baseMVA = 100.0;
%% bus data
%    bus_i    type    Pd    Qd    Gs    Bs    area    Vm    Va    baseKV    zone    Vmax    Vmin
mpc.bus = [
	101	2	42.06976745684211	8.569767444912282	0.0	0.0	1	0.9998353447200499	-3.4438542664716016	138.0	11	1.05	0.95				
	102	2	37.784883734385964	7.790697677192983	0.0	0.0	1	0.99933049171144	-3.6638950569674362	138.0	12	1.05	0.95				
	103	1	70.11627909473684	14.412790702807019	0.0	0.0	1	1.02379356046933	0.7960043867721966	138.0	11	1.05	0.95				
	104	1	28.825581405614038	5.843023257894737	0.0	0.0	1	1.0100138595129038	-3.7915511173424257	138.0	11	1.05	0.95				
	105	1	27.656976754035085	5.453488374035088	0.0	0.0	1	1.0200250932168902	-4.788483944188264	138.0	11	1.05	0.95				
	106	1	52.976744204912286	10.906976748070177	0.0	-100.0	1	1.039233865565813	-5.993587203617208	138.0	12	1.05	0.95				
	107	2	48.69186048245614	9.738372096491227	0.0	0.0	1	0.9873931865444218	-11.195837755254292	138.0	12	1.05	0.95				
	108	1	66.61046514	13.633720935087718	0.0	0.0	1	0.9975519649321455	-9.326875861960561	138.0	12	1.05	0.95				
	109	1	68.16860467543859	14.02325581894737	0.0	0.0	1	1.025622829415647	-3.0689963257983695	138.0	13	1.05	0.95				
	110	1	75.95930235263157	15.581395354385966	0.0	0.0	1	1.05	-4.852529775682124	138.0	13	1.05	0.95				
	111	1	0.0	0.0	0.0	0.0	1	1.016625254936746	-0.2545840212600715	230.0	13	1.05	0.95				
	112	1	0.0	0.0	0.0	0.0	1	1.01322239543741	-1.2953314267315452	230.0	13	1.05	0.95				
	113	3	103.22674422280701	21.034883728421054	0.0	0.0	1	0.9991333450237416	7.261419454617074e-30	230.0	14	1.05	0.95				
	114	2	75.56976746877193	15.191860470526317	0.0	0.0	1	1.0398662787029562	3.18489511031904	230.0	16	1.05	0.95				
	115	2	123.48255818350877	24.930232567017544	0.0	0.0	1	1.038743608193019	12.247129420136737	230.0	16	1.05	0.95				
	116	2	38.95348838596491	7.790697677192983	0.0	0.0	1	1.0390681094490082	10.551756262093184	230.0	16	1.05	0.95				
	117	1	0.0	0.0	0.0	0.0	1	1.0377548017459455	16.43532940446339	230.0	17	1.05	0.95				
	118	2	129.71511632526315	26.488372102456143	0.0	0.0	1	1.0457400848920166	16.972987386419266	230.0	17	1.05	0.95				
	119	1	70.50581397859649	14.412790702807019	0.0	0.0	1	1.0346748194219701	6.510757909912767	230.0	15	1.05	0.95				
	120	1	49.86046513403509	10.127906980350877	0.0	0.0	1	1.0367840156053023	3.6448875086956494	230.0	15	1.05	0.95				
	121	2	0.0	0.0	0.0	0.0	1	1.038708571413293	18.424296727087473	230.0	17	1.05	0.95				
	122	2	0.0	0.0	0.0	0.0	1	1.05	36.42217043040417	230.0	17	1.05	0.95				
	123	2	0.0	0.0	0.0	0.0	1	1.0389231675809025	2.367028865156418	230.0	15	1.05	0.95				
	124	1	0.0	0.0	0.0	0.0	1	1.0188643077702038	7.974806789149015	230.0	16	1.05	0.95				
	201	2	40.663623486315785	8.283330710175438	0.0	0.0	2	1.0063550503482317	-16.123934458257935	138.0	21	1.05	0.95				
	202	2	36.52195813122807	7.530300645614036	0.0	0.0	2	1.0053767733619496	-16.419360994768734	138.0	22	1.05	0.95				
	203	1	67.77270581052632	13.931056194385963	0.0	0.0	2	1.0130240047005772	-12.006416395525251	138.0	21	1.05	0.95				
	204	1	27.862112388771926	5.647725484210525	0.0	0.0	2	1.009242953994762	-16.19077189170942	138.0	21	1.05	0.95				
	205	1	26.732567291929822	5.271210451929824	0.0	0.0	2	1.0236068782400836	-16.635881184546697	138.0	21	1.05	0.95				
	206	1	51.20604439017543	10.542420903859648	0.0	-100.0	2	1.0412871414313325	-17.40908164657465	138.0	22	1.05	0.95				
	207	2	47.06437903508771	9.412875807017542	0.0	0.0	2	0.9893397622980672	-21.807854865101987	138.0	22	1.05	0.95				
	208	1	64.38407052	13.178026129824557	0.0	0.0	2	0.998822609681909	-20.16500558641478	138.0	22	1.05	0.95				
	209	1	65.8901306491228	13.55454116210526	0.0	0.0	2	1.0229144640681225	-14.435621888987383	138.0	23	1.05	0.95				
	210	1	73.42043129473683	15.060601291228071	0.0	0.0	2	1.05	-15.926845185508505	138.0	23	1.05	0.95				
	211	1	0.0	0.0	0.0	0.0	2	1.006089006641689	-11.661569857538904	230.0	23	1.05	0.95				
	212	1	0.0	0.0	0.0	0.0	2	1.013682087205005	-11.116557027182358	230.0	23	1.05	0.95				
	213	2	99.77648355438595	20.331811743157893	0.0	0.0	2	1.0046360714988312	-10.507621617804409	230.0	24	1.05	0.95				
	214	2	73.04391626245614	14.684086258947367	0.0	0.0	2	1.0049594412789353	-9.039370323896211	230.0	26	1.05	0.95				
	215	2	119.35526523298243	24.09696206596491	0.0	0.0	2	1.0275363601915926	-2.1130588561014543	230.0	26	1.05	0.95				
	216	2	37.65150322807017	7.530300645614036	0.0	0.0	2	1.0300687837688929	-3.1482129356936785	230.0	26	1.05	0.95				
	217	1	0.0	0.0	0.0	0.0	2	1.0349415547919794	-1.0013878653447061	230.0	27	1.05	0.95				
	218	2	125.37950574947368	25.603022195087714	0.0	0.0	2	1.0334763763218928	-1.3585339571292565	230.0	27	1.05	0.95				
	219	1	68.14922084280701	13.931056194385963	0.0	0.0	2	1.0369794254087235	-3.7192926135689555	230.0	25	1.05	0.95				
	220	1	48.19392413192982	9.789390839298246	0.0	0.0	2	1.045185409963189	-3.4891853913200057	230.0	25	1.05	0.95				
	221	2	0.0	0.0	0.0	0.0	2	1.034169221504801	-0.8173706736089696	230.0	27	1.05	0.95				
	222	2	0.0	0.0	0.0	0.0	2	1.05	5.607392357584908	230.0	27	1.05	0.95				
	223	2	0.0	0.0	0.0	0.0	2	1.0499999810139165	-3.086633026629497	230.0	25	1.05	0.95				
	224	1	0.0	0.0	0.0	0.0	2	1.009896046728587	-5.802394042444693	230.0	26	1.05	0.95				
	301	2	52.94084149894738	10.784245490526317	0.0	0.0	3	1.0222969411596678	15.215811077889416	138.0	31	1.05	0.95				
	302	2	47.54871875368421	9.803859536842106	0.0	0.0	3	1.0192563682638236	14.860325876333087	138.0	32	1.05	0.95				
	303	1	88.23473583157894	18.137140143157897	0.0	0.0	3	1.05	30.778519653805485	138.0	31	1.05	0.95				
	304	1	36.27428028631579	7.352894652631579	0.0	0.0	3	1.0082594039222652	16.30972773120889	138.0	31	1.05	0.95				
	305	1	34.80370135578947	6.8627016757894745	0.0	0.0	3	1.0269647986951227	13.921684386965643	138.0	31	1.05	0.95				
	306	1	66.66624485052633	13.725403351578949	0.0	-100.0	3	1.036269482394678	12.61665099563211	138.0	32	1.05	0.95				
	307	2	61.27412210526316	12.254824421052632	0.0	0.0	3	0.95	7.975921921037858	138.0	32	1.05	0.95				
	308	1	83.82299904	17.156754189473684	0.0	0.0	3	0.9676481543848083	10.203664906367404	138.0	32	1.05	0.95				
	309	1	85.78377094736842	17.64694716631579	0.0	0.0	3	1.0151886680615463	19.551043722287233	138.0	33	1.05	0.95				
	310	1	95.58763048421054	19.607719073684212	0.0	0.0	3	1.0435766739404413	14.191315131831171	138.0	33	1.05	0.95				
	311	1	0.0	0.0	0.0	0.0	3	1.003196619260917	17.95139725393372	230.0	33	1.05	0.95				
	312	1	0.0	0.0	0.0	0.0	3	1.0088529352026723	17.87513685406793	230.0	33	1.05	0.95				
	313	2	129.90113886315788	26.47042074947369	0.0	0.0	3	1.0018790818711092	17.958673554164825	230.0	34	1.05	0.95				
	314	2	95.09743750736843	19.117526096842106	0.0	0.0	3	1.0001028356137986	19.131389297053058	230.0	36	1.05	0.95				
	315	2	155.39117365894737	31.372350517894738	0.0	0.0	3	1.0467021183434075	20.507974281626662	230.0	36	1.05	0.95				
	316	2	49.01929768421053	9.803859536842106	0.0	0.0	3	1.0305347289986015	20.23102202110316	230.0	36	1.05	0.95				
	317	1	0.0	0.0	0.0	0.0	3	1.05	23.02252469367449	230.0	37	1.05	0.95				
	318	2	163.23426128842107	33.33312242526316	0.0	0.0	3	1.05	19.713339292301303	230.0	37	1.05	0.95				
	319	1	88.72492880842105	18.137140143157897	0.0	0.0	3	1.023401833904208	19.48241211499115	230.0	35	1.05	0.95				
	320	1	62.744701035789475	12.745017397894737	0.0	0.0	3	1.018730324755493	18.800159014759817	230.0	35	1.05	0.95				
	321	2	0.0	0.0	0.0	0.0	3	1.05	20.633397687420008	230.0	37	1.05	0.95				
	322	2	0.0	0.0	0.0	0.0	3	1.049999999226461	25.91922962518432	230.0	37	1.05	0.95				
	323	2	0.0	0.0	0.0	0.0	3	1.0165399521688385	18.62327983485415	230.0	35	1.05	0.95				
	324	1	0.0	0.0	0.0	0.0	3	1.0465995634884773	25.692964933661617	230.0	36	1.05	0.95				
	325	1	0.0	0.0	0.0	0.0	3	1.0192851500305085	18.617602423874164	230.0	35	1.05	0.95				
];
