%% MATPOWER Case Format : Version 2
function mpc = RTS_GMLC
mpc.version = '2';

%%-----  Power Flow Data  -----%%
%% system MVA base
mpc.baseMVA = 100.0;
%% bus data
%    bus_i    type    Pd    Qd    Gs    Bs    area    Vm    Va    baseKV    zone    Vmax    Vmin
mpc.bus = [
	101	2	37.18010885684211	7.5737258782456145	0.0	0.0	1	1.0376797928681074	2.273029495301541	138.0	11	1.05	0.95				
	102	2	33.3932459177193	6.88520534385965	0.0	0.0	1	1.0369059755829082	2.03174851848563	138.0	12	1.05	0.95				
	103	1	61.96684809473685	12.73762988614035	0.0	0.0	1	1.0233238001791387	0.08976910151736846	138.0	11	1.05	0.95				
	104	1	25.4752597722807	5.163904007894737	0.0	0.0	1	1.023471253040043	-1.055719397545568	138.0	11	1.05	0.95				
	105	1	24.442478970701753	4.819643740701755	0.0	0.0	1	1.0391359989289615	-0.7606642629355413	138.0	11	1.05	0.95				
	106	1	46.81939633824562	9.63928748140351	0.0	-100.0	1	1.0487444656438079	-2.8682998520247653	138.0	12	1.05	0.95				
	107	2	43.032533399122805	8.606506679824562	0.0	0.0	1	1.0017805582631243	-10.003708453853188	138.0	12	1.05	0.95				
	108	1	58.868505690000006	12.049109351754387	0.0	0.0	1	1.0064806182779695	-7.8699471179006055	138.0	12	1.05	0.95				
	109	1	60.24554675877193	12.393369618947368	0.0	0.0	1	1.0225831452003287	-2.1961511619031846	138.0	13	1.05	0.95				
	110	1	67.13075210263159	13.7704106877193	0.0	0.0	1	1.05	-2.763894366434645	138.0	13	1.05	0.95				
	111	1	0.0	0.0	0.0	0.0	1	0.9977952654532494	-0.5281772130531186	230.0	13	1.05	0.95				
	112	1	0.0	0.0	0.0	0.0	1	1.0043661508660056	-0.5217451374802876	230.0	13	1.05	0.95				
	113	3	91.22897080614035	18.590054428421055	0.0	0.0	1	0.9911315916326776	1.2135359369775535e-27	230.0	14	1.05	0.95				
	114	2	66.7864918354386	13.426150420526318	0.0	0.0	1	0.9882018407440074	1.1343895843576237	230.0	16	1.05	0.95				
	115	2	109.13050470017545	22.032657100350878	0.0	0.0	1	1.0162395101062407	5.862595739499617	230.0	16	1.05	0.95				
	116	2	34.42602671929825	6.88520534385965	0.0	0.0	1	1.0132250329556138	5.501429334841476	230.0	16	1.05	0.95				
	117	1	0.0	0.0	0.0	0.0	1	1.0226272733746393	7.690150254399783	230.0	17	1.05	0.95				
	118	2	114.63866897526316	23.40969816912281	0.0	0.0	1	1.0240404522807869	7.880960987193656	230.0	17	1.05	0.95				
	119	1	62.31110836192983	12.73762988614035	0.0	0.0	1	1.0087263324722764	3.963575990911395	230.0	15	1.05	0.95				
	120	1	44.065314200701756	8.950766947017545	0.0	0.0	1	1.0072254795891795	3.3185808088972886	230.0	15	1.05	0.95				
	121	2	0.0	0.0	0.0	0.0	1	1.0270508124161486	8.87091972076923	230.0	17	1.05	0.95				
	122	2	0.0	0.0	0.0	0.0	1	1.0481010959901973	14.94820954449118	230.0	17	1.05	0.95				
	123	2	0.0	0.0	0.0	0.0	1	1.0065696205423655	3.2405246647562964	230.0	15	1.05	0.95				
	124	1	0.0	0.0	0.0	0.0	1	1.0110596258727238	3.6611803956629143	230.0	16	1.05	0.95				
	201	2	41.326617334736845	8.41838501263158	0.0	0.0	2	1.0140372203270194	-16.189517126274897	138.0	21	1.05	0.95				
	202	2	37.11742482842105	7.653077284210527	0.0	0.0	2	1.0132380714464762	-16.482288619916385	138.0	22	1.05	0.95				
	203	1	68.87769555789474	14.158192975789474	0.0	0.0	2	1.0134485534646007	-11.737528409308492	138.0	21	1.05	0.95				
	204	1	28.316385951578948	5.739807963157895	0.0	0.0	2	1.0121208454945534	-16.234834788747317	138.0	21	1.05	0.95				
	205	1	27.16842435894737	5.357154098947369	0.0	0.0	2	1.027454095083287	-16.711078850607727	138.0	21	1.05	0.95				
	206	1	52.04092553263159	10.714308197894738	0.0	-100.0	2	1.0430379633869231	-17.493467604485765	138.0	22	1.05	0.95				
	207	2	47.831733026315796	9.566346605263158	0.0	0.0	2	0.9963573723393472	-22.044473375243452	138.0	22	1.05	0.95				
	208	1	65.43381078	13.392885247368422	0.0	0.0	2	1.002402629545236	-20.33921181405879	138.0	22	1.05	0.95				
	209	1	66.96442623684212	13.775539111578947	0.0	0.0	2	1.021902684930884	-14.440627912350978	138.0	23	1.05	0.95				
	210	1	74.61750352105263	15.306154568421054	0.0	0.0	2	1.05	-16.0000460559787	138.0	23	1.05	0.95				
	211	1	0.0	0.0	0.0	0.0	2	1.0041920690932478	-11.652062866662023	230.0	23	1.05	0.95				
	212	1	0.0	0.0	0.0	0.0	2	1.0080394436023636	-11.19934448458144	230.0	23	1.05	0.95				
	213	2	101.40327401578948	20.663308667368423	0.0	0.0	2	1.0017084578915485	-10.61917959784342	230.0	24	1.05	0.95				
	214	2	74.2348496568421	14.923500704210527	0.0	0.0	2	1.0027962106811197	-8.859340829097537	230.0	26	1.05	0.95				
	215	2	121.30127495473684	24.489847309473685	0.0	0.0	2	1.0149227561206113	-2.0127702547158175	230.0	26	1.05	0.95				
	216	2	38.26538642105263	7.653077284210527	0.0	0.0	2	1.0162081158667358	-2.5545205607727857	230.0	26	1.05	0.95				
	217	1	0.0	0.0	0.0	0.0	2	1.0192344200674237	-0.5103456894273092	230.0	27	1.05	0.95				
	218	2	127.42373678210528	26.020462766315795	0.0	0.0	2	1.0188155219671085	-0.9842051197631151	230.0	27	1.05	0.95				
	219	1	69.26034942210528	14.158192975789474	0.0	0.0	2	1.019050460657596	-3.35806813916422	230.0	25	1.05	0.95				
	220	1	48.97969461894737	9.949000469473685	0.0	0.0	2	1.0239609356340778	-3.293751199341404	230.0	25	1.05	0.95				
	221	2	0.0	0.0	0.0	0.0	2	1.0211125389469544	-0.5133651923226588	230.0	27	1.05	0.95				
	222	2	0.0	0.0	0.0	0.0	2	1.0428885135444543	6.0683116530751855	230.0	27	1.05	0.95				
	223	2	0.0	0.0	0.0	0.0	2	1.0270231783301529	-2.963823371286252	230.0	25	1.05	0.95				
	224	1	0.0	0.0	0.0	0.0	2	1.0025063336234548	-5.687276446561558	230.0	26	1.05	0.95				
	301	2	47.11546978105263	9.59759569614035	0.0	0.0	3	1.041011777041127	-7.490948645385553	138.0	31	1.05	0.95				
	302	2	42.31667193298245	8.725086996491228	0.0	0.0	3	1.0369408277743306	-7.82276693060354	138.0	32	1.05	0.95				
	303	1	78.52578296842105	16.14141094350877	0.0	0.0	3	1.05	7.062311134416142	138.0	31	1.05	0.95				
	304	1	32.28282188701754	6.54381524736842	0.0	0.0	3	1.0176462069329517	-6.8181254069219435	138.0	31	1.05	0.95				
	305	1	30.97405883754386	6.10756089754386	0.0	0.0	3	1.0389621736835701	-8.55840987199805	138.0	31	1.05	0.95				
	306	1	59.33059157614036	12.21512179508772	0.0	-100.0	3	1.0447880823542997	-9.69553329761301	138.0	32	1.05	0.95				
	307	2	54.53179372807018	10.906358745614035	0.0	0.0	3	0.9505946379395112	-7.173264696430013	138.0	32	1.05	0.95				
	308	1	74.59949381999999	15.268902243859648	0.0	0.0	3	0.9734101804612764	-8.271146773429837	138.0	32	1.05	0.95				
	309	1	76.34451121929825	15.705156593684212	0.0	0.0	3	1.0150343494012075	-4.164622649954948	138.0	33	1.05	0.95				
	310	1	85.06959821578948	17.450173992982457	0.0	0.0	3	1.0468733949726923	-8.26513140627287	138.0	33	1.05	0.95				
	311	1	0.0	0.0	0.0	0.0	3	1.001570234817635	-5.311666522217712	230.0	33	1.05	0.95				
	312	1	0.0	0.0	0.0	0.0	3	1.0060182317111264	-4.2449969041111855	230.0	33	1.05	0.95				
	313	2	115.60740270350878	23.557734890526316	0.0	0.0	3	1.0020330949607992	-2.545449960208147	230.0	34	1.05	0.95				
	314	2	84.6333438659649	17.013919643157895	0.0	0.0	3	0.9942759314965007	-6.722729020893016	230.0	36	1.05	0.95				
	315	2	138.29262889438596	27.92027838877193	0.0	0.0	3	1.0436433905160292	-5.4949056916746075	230.0	36	1.05	0.95				
	316	2	43.62543498245614	8.725086996491228	0.0	0.0	3	1.0247782229152564	-6.0275089056954805	230.0	36	1.05	0.95				
	317	1	0.0	0.0	0.0	0.0	3	1.0379140298026832	-5.303284664690484	230.0	37	1.05	0.95				
	318	2	145.27269849157895	29.66529578807018	0.0	0.0	3	1.0417383450604996	-5.517154670857278	230.0	37	1.05	0.95				
	319	1	78.96203731824562	16.14141094350877	0.0	0.0	3	1.0141608872219463	-5.417981799427357	230.0	35	1.05	0.95				
	320	1	55.84055677754386	11.342613095438598	0.0	0.0	3	1.0081906404027898	-4.004436498836011	230.0	35	1.05	0.95				
	321	2	0.0	0.0	0.0	0.0	3	1.05	-5.031901818781725	230.0	37	1.05	0.95				
	322	2	0.0	0.0	0.0	0.0	3	1.05	-0.8050307706108208	230.0	37	1.05	0.95				
	323	2	0.0	0.0	0.0	0.0	3	1.00606156105471	-2.869178618981357	230.0	35	1.05	0.95				
	324	1	0.0	0.0	0.0	0.0	3	1.0419769943566803	-0.6914731451349099	230.0	36	1.05	0.95				
	325	1	0.0	0.0	0.0	0.0	3	1.005030597359898	-1.8703291003122176	230.0	35	1.05	0.95				
];
