%% MATPOWER Case Format : Version 2
function mpc = RTS_GMLC
mpc.version = '2';

%%-----  Power Flow Data  -----%%
%% system MVA base
mpc.baseMVA = 100.0;
%% bus data
%    bus_i    type    Pd    Qd    Gs    Bs    area    Vm    Va    baseKV    zone    Vmax    Vmin
mpc.bus = [
	101	2	49.952003949473685	10.175408211929824	0.0	0.0	1	1.0443504517090643	2.225175651355963	138.0	11	1.05	0.95				
	102	2	44.86429984350877	9.250371101754386	0.0	0.0	1	1.0420817468766772	1.6210643852590685	138.0	12	1.05	0.95				
	103	1	83.25333991578947	17.11318653824561	0.0	0.0	1	1.0324557534184071	0.2463506781965929	138.0	11	1.05	0.95				
	104	1	34.22637307649122	6.937778326315788	0.0	0.0	1	1.0276221135947585	-1.2923142458919883	138.0	11	1.05	0.95				
	105	1	32.838817411228064	6.47525977122807	0.0	0.0	1	1.0404075648219193	-1.539007828640123	138.0	11	1.05	0.95				
	106	1	62.90252349192983	12.95051954245614	0.0	-100.0	1	1.0463042899286175	-4.233615581728735	138.0	12	1.05	0.95				
	107	2	57.81481938596491	11.562963877192981	0.0	0.0	1	1.0005228360091014	-10.24481708351314	138.0	12	1.05	0.95				
	108	1	79.09067291999999	16.188149428070172	0.0	0.0	1	1.0031329192878735	-8.803344291864091	138.0	12	1.05	0.95				
	109	1	80.94074714035088	16.650667983157895	0.0	0.0	1	1.02487079236405	-2.9435946957943826	138.0	13	1.05	0.95				
	110	1	90.19111824210526	18.50074220350877	0.0	0.0	1	1.05	-3.94692931707057	138.0	13	1.05	0.95				
	111	1	0.0	0.0	0.0	0.0	1	1.0038574212233153	-1.2350093165355198	230.0	13	1.05	0.95				
	112	1	0.0	0.0	0.0	0.0	1	1.0082441581672081	-1.3557502616273278	230.0	13	1.05	0.95				
	113	3	122.56741709824561	24.976001974736842	0.0	0.0	1	0.9974124181920841	2.4112092670705383e-29	230.0	14	1.05	0.95				
	114	2	89.72859968701754	18.038223648421052	0.0	0.0	1	0.9997107373119103	0.029746815712340856	230.0	16	1.05	0.95				
	115	2	146.618381962807	29.601187525614037	0.0	0.0	1	1.0343476308592332	5.576902000074066	230.0	16	1.05	0.95				
	116	2	46.251855508771925	9.250371101754386	0.0	0.0	1	1.0294864247673934	4.561891568672786	230.0	16	1.05	0.95				
	117	1	0.0	0.0	0.0	0.0	1	1.0380155741318202	7.8450931062148435	230.0	17	1.05	0.95				
	118	2	154.0186788442105	31.451261745964914	0.0	0.0	1	1.0417780692142289	8.557275114478553	230.0	17	1.05	0.95				
	119	1	83.7158584708772	17.11318653824561	0.0	0.0	1	1.019601875539196	2.593135008488259	230.0	15	1.05	0.95				
	120	1	59.202375051228074	12.025482432280702	0.0	0.0	1	1.0141898355410086	1.3316930501749302	230.0	15	1.05	0.95				
	121	2	0.0	0.0	0.0	0.0	1	1.0447590862388674	9.911414011125006	230.0	17	1.05	0.95				
	122	2	0.0	0.0	0.0	0.0	1	1.05	15.66385986188048	230.0	17	1.05	0.95				
	123	2	0.0	0.0	0.0	0.0	1	1.0119649351540556	0.998136465821605	230.0	15	1.05	0.95				
	124	1	0.0	0.0	0.0	0.0	1	1.0260338106133198	3.5683053339754585	230.0	16	1.05	0.95				
	201	2	48.95954666526316	9.973240987368422	0.0	0.0	2	1.014660282520888	-11.683331490899382	138.0	21	1.05	0.95				
	202	2	43.97292617157895	9.066582715789474	0.0	0.0	2	1.013843265717125	-11.928726142515494	138.0	22	1.05	0.95				
	203	1	81.59924444210527	16.773178024210527	0.0	0.0	2	1.01412842365018	-8.67557343104824	138.0	21	1.05	0.95				
	204	1	33.54635604842105	6.799937036842104	0.0	0.0	2	1.0119309454470233	-11.160268796774325	138.0	21	1.05	0.95				
	205	1	32.18636864105263	6.346607901052632	0.0	0.0	2	1.0266385033644707	-11.5300088859377	138.0	21	1.05	0.95				
	206	1	61.652762467368426	12.693215802105264	0.0	-100.0	2	1.041181158179053	-11.994896507063915	138.0	22	1.05	0.95				
	207	2	56.66614197368421	11.333228394736842	0.0	0.0	2	0.9969742506995444	-17.505900523456507	138.0	22	1.05	0.95				
	208	1	77.51928222	15.866519752631577	0.0	0.0	2	1.0003519270869003	-15.42382453011949	138.0	22	1.05	0.95				
	209	1	79.3325987631579	16.319848888421053	0.0	0.0	2	1.0240876927619227	-8.661760529559976	138.0	23	1.05	0.95				
	210	1	88.39918147894737	18.13316543157895	0.0	0.0	2	1.05	-9.919765312118042	138.0	23	1.05	0.95				
	211	1	0.0	0.0	0.0	0.0	2	1.0063424763884758	-5.936523981832759	230.0	23	1.05	0.95				
	212	1	0.0	0.0	0.0	0.0	2	1.0115642877141522	-1.877354904659945	230.0	23	1.05	0.95				
	213	2	120.13222098421052	24.47977333263158	0.0	0.0	2	1.0036264232629353	-3.6501336746093735	230.0	24	1.05	0.95				
	214	2	87.9458523431579	17.679836295789475	0.0	0.0	2	1.0054171840738428	-4.467465876577572	230.0	26	1.05	0.95				
	215	2	143.70533604526315	29.01306469052632	0.0	0.0	2	1.0210538535221285	0.6657613068296675	230.0	26	1.05	0.95				
	216	2	45.33291357894737	9.066582715789474	0.0	0.0	2	1.0207564392441641	0.41547239426580007	230.0	26	1.05	0.95				
	217	1	0.0	0.0	0.0	0.0	2	1.0249161541955591	1.2794955260701641	230.0	27	1.05	0.95				
	218	2	150.95860221789474	30.826381233684213	0.0	0.0	2	1.0243115927879605	0.9042057564864072	230.0	27	1.05	0.95				
	219	1	82.05257357789473	16.773178024210527	0.0	0.0	2	1.0198776261580027	0.5996277426551546	230.0	25	1.05	0.95				
	220	1	58.02612938105264	11.786557530526316	0.0	0.0	2	1.0223840333704657	1.6532896686447356	230.0	25	1.05	0.95				
	221	2	0.0	0.0	0.0	0.0	2	1.0267405884974437	1.6227441158446168	230.0	27	1.05	0.95				
	222	2	0.0	0.0	0.0	0.0	2	1.0483165575926037	7.999344416134033	230.0	27	1.05	0.95				
	223	2	0.0	0.0	0.0	0.0	2	1.0247777326996856	2.5803739816759883	230.0	25	1.05	0.95				
	224	1	0.0	0.0	0.0	0.0	2	1.0069664854138134	-2.8438409552674933	230.0	26	1.05	0.95				
	301	2	64.59158493473684	13.157545079298247	0.0	0.0	3	0.9975990328854866	-5.486925818726015	138.0	31	1.05	0.95				
	302	2	58.01281239508772	11.961404617543861	0.0	0.0	3	0.9975364576867711	-5.530538500085181	138.0	32	1.05	0.95				
	303	1	107.65264155789475	22.12859854245614	0.0	0.0	3	1.011792167120947	-2.2440761078109177	138.0	31	1.05	0.95				
	304	1	44.25719708491228	8.971053463157896	0.0	0.0	3	1.0014932801357672	-3.476352830797348	138.0	31	1.05	0.95				
	305	1	42.462986392280705	8.372983232280703	0.0	0.0	3	1.0145490732239706	-3.5143796497495314	138.0	31	1.05	0.95				
	306	1	81.33755139929826	16.745966464561405	0.0	-100.0	3	1.0323794903423182	-3.0881117118223993	138.0	32	1.05	0.95				
	307	2	74.75877885964913	14.951755771929825	0.0	0.0	3	0.9925284454492397	-7.8279872446334915	138.0	32	1.05	0.95				
	308	1	102.27000948	20.932458080701753	0.0	0.0	3	0.9991721781670637	-5.093803254142025	138.0	32	1.05	0.95				
	309	1	104.66229040350879	21.530528311578948	0.0	0.0	3	1.02591848533694	0.64088882676964	138.0	33	1.05	0.95				
	310	1	116.62369502105263	23.922809235087723	0.0	0.0	3	1.05	0.36343037175718945	138.0	33	1.05	0.95				
	311	1	0.0	0.0	0.0	0.0	3	1.0159346115150203	6.7118715552192025	230.0	33	1.05	0.95				
	312	1	0.0	0.0	0.0	0.0	3	1.0204341867801567	8.086897614931349	230.0	33	1.05	0.95				
	313	2	158.48861118245614	32.29579246736842	0.0	0.0	3	1.04026797132357	14.623115337773147	230.0	34	1.05	0.95				
	314	2	116.02562479017544	23.324739004210528	0.0	0.0	3	1.0172657108390857	5.849700753517099	230.0	36	1.05	0.95				
	315	2	189.5882631880702	38.27649477614035	0.0	0.0	3	1.0267089259503779	1.6496761447450299	230.0	36	1.05	0.95				
	316	2	59.8070230877193	11.961404617543861	0.0	0.0	3	1.0281685624627026	2.864883599051228	230.0	36	1.05	0.95				
	317	1	0.0	0.0	0.0	0.0	3	1.0305129645408873	2.5752215980776456	230.0	37	1.05	0.95				
	318	2	199.15738688210527	40.66877569964913	0.0	0.0	3	1.0278770941244546	1.7478733956464627	230.0	37	1.05	0.95				
	319	1	108.25071178877195	22.12859854245614	0.0	0.0	3	1.029271908000157	5.657043368902595	230.0	35	1.05	0.95				
	320	1	76.5529895522807	15.549826002807018	0.0	0.0	3	1.0329348270712568	7.67886439492181	230.0	35	1.05	0.95				
	321	2	0.0	0.0	0.0	0.0	3	1.0295620953274434	2.275065908954347	230.0	37	1.05	0.95				
	322	2	0.0	0.0	0.0	0.0	3	1.0432353157916303	6.756240745064092	230.0	37	1.05	0.95				
	323	2	0.0	0.0	0.0	0.0	3	1.0352028949500418	8.527449852016838	230.0	35	1.05	0.95				
	324	1	0.0	0.0	0.0	0.0	3	1.017140633937253	2.0426623073621806	230.0	36	1.05	0.95				
	325	1	0.0	0.0	0.0	0.0	3	1.0366088820166781	8.648827975353013	230.0	35	1.05	0.95				
];
