%% MATPOWER Case Format : Version 2
function mpc = RTS_GMLC
mpc.version = '2';

%%-----  Power Flow Data  -----%%
%% system MVA base
mpc.baseMVA = 100.0;
%% bus data
%    bus_i    type    Pd    Qd    Gs    Bs    area    Vm    Va    baseKV    zone    Vmax    Vmin
mpc.bus = [
	101	2	51.90252351157895	10.572736270877193	0.0	0.0	1	1.0326286535636113	2.4910241991744635	138.0	11	1.05	0.95				
	102	2	46.61615537614035	9.611578428070176	0.0	0.0	1	1.0323155026400075	2.3906177505863173	138.0	12	1.05	0.95				
	103	1	86.50420585263157	17.781420091929824	0.0	0.0	1	1.027135867463288	-0.11669687890495639	138.0	11	1.05	0.95				
	104	1	35.56284018385965	7.208683821052632	0.0	0.0	1	1.020455003150822	-0.9087736066796989	138.0	11	1.05	0.95				
	105	1	34.121103419649124	6.728104899649123	0.0	0.0	1	1.034727385850588	-0.6630654576071693	138.0	11	1.05	0.95				
	106	1	65.3587333108772	13.456209799298247	0.0	-100.0	1	1.0437246123545847	-2.9022502960189795	138.0	12	1.05	0.95				
	107	2	60.07236517543859	12.01447303508772	0.0	0.0	1	1.0245810195997012	-2.0722370567126234	138.0	12	1.05	0.95				
	108	1	82.17899556	16.820262249122806	0.0	0.0	1	1.0185747023053489	-3.561456737197535	138.0	12	1.05	0.95				
	109	1	84.10131124561404	17.300841170526315	0.0	0.0	1	1.02570916928225	-1.66076177204138	138.0	13	1.05	0.95				
	110	1	93.7128896736842	19.223156856140353	0.0	0.0	1	1.05	-2.34314909284508	138.0	13	1.05	0.95				
	111	1	0.0	0.0	0.0	0.0	1	1.0044039350606082	-0.29492061478803316	230.0	13	1.05	0.95				
	112	1	0.0	0.0	0.0	0.0	1	1.0100669829481108	0.3645713042194652	230.0	13	1.05	0.95				
	113	3	127.35341417192983	25.951261755789474	0.0	0.0	1	0.9970473131000286	7.527623628858992e-31	230.0	14	1.05	0.95				
	114	2	93.2323107522807	18.742577934736843	0.0	0.0	1	0.9998683595141397	1.2768257776520149	230.0	16	1.05	0.95				
	115	2	152.3435180849123	30.75705096982456	0.0	0.0	1	1.0398377405685706	6.3101553826707235	230.0	16	1.05	0.95				
	116	2	48.05789214035088	9.611578428070176	0.0	0.0	1	1.0357629790688088	6.286450664241355	230.0	16	1.05	0.95				
	117	1	0.0	0.0	0.0	0.0	1	1.0444667748300633	8.02484517018943	230.0	17	1.05	0.95				
	118	2	160.0327808273684	32.6793666554386	0.0	0.0	1	1.0476356743620607	8.109310448292701	230.0	17	1.05	0.95				
	119	1	86.98478477403509	17.781420091929824	0.0	0.0	1	1.0296705046769923	5.681981304325785	230.0	15	1.05	0.95				
	120	1	61.51410193964912	12.495051956491228	0.0	0.0	1	1.027854570520139	6.08430620455663	230.0	15	1.05	0.95				
	121	2	0.0	0.0	0.0	0.0	1	1.05	7.8340122803967	230.0	17	1.05	0.95				
	122	2	0.0	0.0	0.0	0.0	1	1.05	14.419375480281017	230.0	17	1.05	0.95				
	123	2	0.0	0.0	0.0	0.0	1	1.027743865176491	6.6748612001034315	230.0	15	1.05	0.95				
	124	1	0.0	0.0	0.0	0.0	1	1.0264238101936412	3.9173190235510895	230.0	16	1.05	0.95				
	201	2	50.11553595789474	10.208720287719299	0.0	0.0	2	1.0293257914526501	-5.4425902515065445	138.0	21	1.05	0.95				
	202	2	45.011175814035084	9.280654807017545	0.0	0.0	2	1.029341475704056	-5.490090330114603	138.0	22	1.05	0.95				
	203	1	83.5258932631579	17.169211392982454	0.0	0.0	2	1.0244839741329999	-4.94439958509815	138.0	21	1.05	0.95				
	204	1	34.33842278596491	6.960491105263158	0.0	0.0	2	1.018636863877252	-8.20684984662191	138.0	21	1.05	0.95				
	205	1	32.94632456491228	6.496458364912281	0.0	0.0	2	1.033450672511999	-8.320648908517809	138.0	21	1.05	0.95				
	206	1	63.10845268771931	12.992916729824563	0.0	-100.0	2	1.0436451936069457	-10.381073667075908	138.0	22	1.05	0.95				
	207	2	58.004092543859656	11.60081850877193	0.0	0.0	2	0.984022014485496	-17.485693104472116	138.0	22	1.05	0.95				
	208	1	79.34959860000001	16.241145912280704	0.0	0.0	2	0.9923362080379312	-15.382077692680372	138.0	22	1.05	0.95				
	209	1	81.20572956140352	16.70517865263158	0.0	0.0	2	1.0237682729430875	-8.536306069301613	138.0	23	1.05	0.95				
	210	1	90.48638436842106	18.56130961403509	0.0	0.0	2	1.05	-9.760632042421756	138.0	23	1.05	0.95				
	211	1	0.0	0.0	0.0	0.0	2	1.0076476548695605	-6.259037477987756	230.0	23	1.05	0.95				
	212	1	0.0	0.0	0.0	0.0	2	1.0147155338079499	-6.058342399766114	230.0	23	1.05	0.95				
	213	2	122.96867619298246	25.05776797894737	0.0	0.0	2	1.0032443233348876	-5.870645714227417	230.0	24	1.05	0.95				
	214	2	90.02235162807017	18.097276873684212	0.0	0.0	2	1.008311746798034	-3.615747735481624	230.0	26	1.05	0.95				
	215	2	147.09837869122808	29.698095382456142	0.0	0.0	2	1.0324638076333053	3.2119897486019178	230.0	26	1.05	0.95				
	216	2	46.40327403508772	9.280654807017545	0.0	0.0	2	1.0358874337112447	2.835552640564209	230.0	26	1.05	0.95				
	217	1	0.0	0.0	0.0	0.0	2	1.039438440867832	5.9130319756228	230.0	27	1.05	0.95				
	218	2	154.5229025368421	31.554226343859654	0.0	0.0	2	1.0412840400844872	6.549377178062227	230.0	27	1.05	0.95				
	219	1	83.98992600350877	17.169211392982454	0.0	0.0	2	1.0381437047176876	1.1552894409593548	230.0	25	1.05	0.95				
	220	1	59.396190764912284	12.064851249122809	0.0	0.0	2	1.0437819327779323	0.5879630469447822	230.0	25	1.05	0.95				
	221	2	0.0	0.0	0.0	0.0	2	1.0405872642477505	6.187003141628322	230.0	27	1.05	0.95				
	222	2	0.0	0.0	0.0	0.0	2	1.05	12.582284316717407	230.0	27	1.05	0.95				
	223	2	0.0	0.0	0.0	0.0	2	1.0474961466490784	0.6203234570961125	230.0	25	1.05	0.95				
	224	1	0.0	0.0	0.0	0.0	2	1.0191618179876352	0.15273195452141927	230.0	26	1.05	0.95				
	301	2	69.6482125768421	14.187598858245615	0.0	0.0	3	1.0107110403445168	-42.352966726314726	138.0	31	1.05	0.95				
	302	2	62.5544131477193	12.89781714385965	0.0	0.0	3	1.0097847426303528	-42.579856356629314	138.0	32	1.05	0.95				
	303	1	116.08035429473685	23.86096171614035	0.0	0.0	3	1.017896971446631	-35.080225644953735	138.0	31	1.05	0.95				
	304	1	47.7219234322807	9.673362857894736	0.0	0.0	3	1.006718458771806	-40.6881616470498	138.0	31	1.05	0.95				
	305	1	45.787250860701754	9.028472000701756	0.0	0.0	3	1.0214640989556727	-41.57954986258379	138.0	31	1.05	0.95				
	306	1	87.70515657824562	18.05694400140351	0.0	-100.0	3	1.0343791919381449	-41.86004031744303	138.0	32	1.05	0.95				
	307	2	80.61135714912281	16.12227142982456	0.0	0.0	3	1.0057442256121236	-43.86012429261199	138.0	32	1.05	0.95				
	308	1	110.27633658	22.571180001754385	0.0	0.0	3	1.0013360867319838	-43.25113982587256	138.0	32	1.05	0.95				
	309	1	112.85590000877193	23.21607085894737	0.0	0.0	3	1.0269297599832068	-36.50875093989449	138.0	33	1.05	0.95				
	310	1	125.75371715263157	25.7956342877193	0.0	0.0	3	1.05	-38.736970541638925	138.0	33	1.05	0.95				
	311	1	0.0	0.0	0.0	0.0	3	1.0210161313092425	-31.210393166590777	230.0	33	1.05	0.95				
	312	1	0.0	0.0	0.0	0.0	3	1.0176661452176823	-30.40685356265587	230.0	33	1.05	0.95				
	313	2	170.89607715614034	34.82410628842105	0.0	0.0	3	1.0302332867462847	-27.375800831985142	230.0	34	1.05	0.95				
	314	2	125.1088262954386	25.15074343052632	0.0	0.0	3	1.0353683680464825	-28.269669214839816	230.0	36	1.05	0.95				
	315	2	204.43040173017542	41.27301486035088	0.0	0.0	3	1.0487479969569586	-20.63629281615206	230.0	36	1.05	0.95				
	316	2	64.48908571929825	12.89781714385965	0.0	0.0	3	1.0497620659259197	-20.21195317124406	230.0	36	1.05	0.95				
	317	1	0.0	0.0	0.0	0.0	3	1.0499175685052216	-17.008174205202522	230.0	37	1.05	0.95				
	318	2	214.74865544526315	43.85257828912281	0.0	0.0	3	1.049999958684175	-16.2241964270877	230.0	37	1.05	0.95				
	319	1	116.72524515192984	23.86096171614035	0.0	0.0	3	1.045660709060991	-21.213342052842176	230.0	35	1.05	0.95				
	320	1	82.54602972070175	16.767162287017545	0.0	0.0	3	1.0474453305605487	-20.880997633304368	230.0	35	1.05	0.95				
	321	2	0.0	0.0	0.0	0.0	3	1.05	-16.05522180014257	230.0	37	1.05	0.95				
	322	2	0.0	0.0	0.0	0.0	3	1.05	-10.652878461622509	230.0	37	1.05	0.95				
	323	2	0.0	0.0	0.0	0.0	3	1.05	-20.228311458934776	230.0	35	1.05	0.95				
	324	1	0.0	0.0	0.0	0.0	3	1.0185769242399538	-25.953000261915566	230.0	36	1.05	0.95				
	325	1	0.0	0.0	0.0	0.0	3	1.0366133822883068	-18.00238969614193	230.0	35	1.05	0.95				
];
