%% MATPOWER Case Format : Version 2
function mpc = RTS_GMLC
mpc.version = '2';

%%-----  Power Flow Data  -----%%
%% system MVA base
mpc.baseMVA = 100.0;
%% bus data
%    bus_i    type    Pd    Qd    Gs    Bs    area    Vm    Va    baseKV    zone    Vmax    Vmin
mpc.bus = [
	101	2	37.92825333473684	7.726125679298244	0.0	0.0	1	0.9975055683017309	-4.166731954488905	138.0	11	1.05	0.95				
	102	2	34.06519049508772	7.02375061754386	0.0	0.0	1	0.9972197346503134	-4.328627211830207	138.0	12	1.05	0.95				
	103	1	63.213755557894736	12.99393864245614	0.0	0.0	1	1.0238238415332102	0.5352042308032643	138.0	11	1.05	0.95				
	104	1	25.98787728491228	5.267812963157894	0.0	0.0	1	1.0088277548938915	-4.119038322239931	138.0	11	1.05	0.95				
	105	1	24.934314692280697	4.916625432280702	0.0	0.0	1	1.0194329177181418	-5.002535390117129	138.0	11	1.05	0.95				
	106	1	47.761504199298244	9.833250864561403	0.0	-100.0	1	1.0399374144763462	-5.895895481158527	138.0	12	1.05	0.95				
	107	2	43.89844135964912	8.779688271929825	0.0	0.0	1	0.9876719556647405	-10.171439573536341	138.0	12	1.05	0.95				
	108	1	60.05306777999999	12.291563580701753	0.0	0.0	1	0.9992722005921719	-8.564313009132059	138.0	12	1.05	0.95				
	109	1	61.45781790350877	12.642751111578946	0.0	0.0	1	1.0254579994986508	-2.964727791462771	138.0	13	1.05	0.95				
	110	1	68.48156852105262	14.04750123508772	0.0	0.0	1	1.05	-4.683974459098398	138.0	13	1.05	0.95				
	111	1	0.0	0.0	0.0	0.0	1	1.0145137131848674	-0.1773032408252719	230.0	13	1.05	0.95				
	112	1	0.0	0.0	0.0	0.0	1	1.0115074469263465	-1.2124365429438866	230.0	13	1.05	0.95				
	113	3	93.06469568245613	18.96412666736842	0.0	0.0	1	0.9957402992095786	4.8143027369051885e-28	230.0	14	1.05	0.95				
	114	2	68.13038099017544	13.696313704210525	0.0	0.0	1	1.0366838589334624	3.2911200805559044	230.0	16	1.05	0.95				
	115	2	111.32644728807017	22.47600197614035	0.0	0.0	1	1.039312327633389	12.039949044953506	230.0	16	1.05	0.95				
	116	2	35.1187530877193	7.02375061754386	0.0	0.0	1	1.0391842481444231	10.429724824784351	230.0	16	1.05	0.95				
	117	1	0.0	0.0	0.0	0.0	1	1.0382420338585723	16.135419420925974	230.0	17	1.05	0.95				
	118	2	116.94544778210525	23.880752099649122	0.0	0.0	1	1.0461154476018972	16.60041274692794	230.0	17	1.05	0.95				
	119	1	63.56494308877193	12.99393864245614	0.0	0.0	1	1.0341331954237323	6.511279542352218	230.0	15	1.05	0.95				
	120	1	44.9520039522807	9.130875802807017	0.0	0.0	1	1.035186213394497	3.76716232210261	230.0	15	1.05	0.95				
	121	2	0.0	0.0	0.0	0.0	1	1.0385556938569893	17.9476345624762	230.0	17	1.05	0.95				
	122	2	0.0	0.0	0.0	0.0	1	1.05	35.94668243977336	230.0	17	1.05	0.95				
	123	2	0.0	0.0	0.0	0.0	1	1.0365102007509894	2.5267714260283696	230.0	15	1.05	0.95				
	124	1	0.0	0.0	0.0	0.0	1	1.0191544210289898	7.7497179008638515	230.0	16	1.05	0.95				
	201	2	38.91263968421053	7.926648824561404	0.0	0.0	2	1.0062473575240531	-14.497268764222095	138.0	21	1.05	0.95				
	202	2	34.94931527192983	7.206044385964913	0.0	0.0	2	1.005061053963028	-14.778486206456858	138.0	22	1.05	0.95				
	203	1	64.85439947368421	13.331182114035089	0.0	0.0	2	1.0129501769503424	-10.839949702110982	138.0	21	1.05	0.95				
	204	1	26.662364228070178	5.404533289473684	0.0	0.0	2	1.0094716640410104	-14.593418415525763	138.0	21	1.05	0.95				
	205	1	25.581457570175438	5.04423107017544	0.0	0.0	2	1.0237807858979582	-14.993696795698392	138.0	21	1.05	0.95				
	206	1	49.00110182456141	10.08846214035088	0.0	-100.0	2	1.0416730964471543	-15.743216535035714	138.0	22	1.05	0.95				
	207	2	45.037777412280704	9.00755548245614	0.0	0.0	2	0.9894978732328024	-19.933091218239905	138.0	22	1.05	0.95				
	208	1	61.61167950000001	12.610577675438597	0.0	0.0	2	0.9995659362468722	-18.377756641716925	138.0	22	1.05	0.95				
	209	1	63.052888377192986	12.970879894736843	0.0	0.0	2	1.0229579951781036	-12.939375345127825	138.0	23	1.05	0.95				
	210	1	70.2589327631579	14.412088771929826	0.0	0.0	2	1.05	-14.320646670080503	138.0	23	1.05	0.95				
	211	1	0.0	0.0	0.0	0.0	2	1.00494925772384	-10.287784115204825	230.0	23	1.05	0.95				
	212	1	0.0	0.0	0.0	0.0	2	1.013351427890311	-9.633229805778287	230.0	23	1.05	0.95				
	213	2	95.48008811403508	19.456319842105266	0.0	0.0	2	1.0033693998714763	-9.053583529028755	230.0	24	1.05	0.95				
	214	2	69.89863054385965	14.05178655263158	0.0	0.0	2	1.0021190933555308	-7.900523775541696	230.0	26	1.05	0.95				
	215	2	114.21580351754386	23.05934203508772	0.0	0.0	2	1.024940607887906	-1.6933178440357057	230.0	26	1.05	0.95				
	216	2	36.03022192982456	7.206044385964913	0.0	0.0	2	1.0280825880511415	-2.4465632303714315	230.0	26	1.05	0.95				
	217	1	0.0	0.0	0.0	0.0	2	1.033274899685402	-0.45097106634904666	230.0	27	1.05	0.95				
	218	2	119.9806390263158	24.500550912280705	0.0	0.0	2	1.0317406320383762	-0.8128234443618892	230.0	27	1.05	0.95				
	219	1	65.21470169298246	13.331182114035089	0.0	0.0	2	1.0359869411008407	-2.6957860183737923	230.0	25	1.05	0.95				
	220	1	46.11868407017544	9.367857701754387	0.0	0.0	2	1.0448409140860004	-2.218838766987537	230.0	25	1.05	0.95				
	221	2	0.0	0.0	0.0	0.0	2	1.0323887431761216	-0.3115614071663134	230.0	27	1.05	0.95				
	222	2	0.0	0.0	0.0	0.0	2	1.05	6.12895133403164	230.0	27	1.05	0.95				
	223	2	0.0	0.0	0.0	0.0	2	1.05	-1.6940007147140217	230.0	25	1.05	0.95				
	224	1	0.0	0.0	0.0	0.0	2	1.009132677605314	-5.1113563579948815	230.0	26	1.05	0.95				
	301	2	42.520088576842106	8.66149952491228	0.0	0.0	3	1.015229422067476	15.989600493553278	138.0	31	1.05	0.95				
	302	2	38.18933881438596	7.874090477192983	0.0	0.0	3	1.0137260927278684	15.635582311248308	138.0	32	1.05	0.95				
	303	1	70.86681429473684	14.567067382807016	0.0	0.0	3	1.05	30.84372758253623	138.0	31	1.05	0.95				
	304	1	29.134134765614032	5.905567857894736	0.0	0.0	3	1.0082210130878881	16.914659321769044	138.0	31	1.05	0.95				
	305	1	27.95302119403508	5.5118633340350875	0.0	0.0	3	1.0240676090718766	14.21763175450526	138.0	31	1.05	0.95				
	306	1	53.54381524491229	11.023726668070175	0.0	-100.0	3	1.036738767239	12.734893568826958	138.0	32	1.05	0.95				
	307	2	49.21306548245614	9.842613096491228	0.0	0.0	3	0.95	9.792346751870765	138.0	32	1.05	0.95				
	308	1	67.32347358	13.779658335087719	0.0	0.0	3	0.9716000680734711	11.45648748830303	138.0	32	1.05	0.95				
	309	1	68.8982916754386	14.173362858947366	0.0	0.0	3	1.015686786598149	19.614547803340752	138.0	33	1.05	0.95				
	310	1	76.77238215263156	15.748180954385965	0.0	0.0	3	1.0425863445225372	13.711620543094304	138.0	33	1.05	0.95				
	311	1	0.0	0.0	0.0	0.0	3	1.0034462246031657	17.02057232870271	230.0	33	1.05	0.95				
	312	1	0.0	0.0	0.0	0.0	3	1.0087141139784568	16.83961474058576	230.0	33	1.05	0.95				
	313	2	104.33169882280701	21.260044288421053	0.0	0.0	3	1.001927104485139	16.60148885590145	230.0	34	1.05	0.95				
	314	2	76.37867762877192	15.354476430526315	0.0	0.0	3	0.9997626058659381	17.846326490128344	230.0	36	1.05	0.95				
	315	2	124.80433406350878	25.197089527017543	0.0	0.0	3	1.0492365251226548	21.881430583315467	230.0	36	1.05	0.95				
	316	2	39.37045238596491	7.874090477192983	0.0	0.0	3	1.0333212436347423	21.302473832235602	230.0	36	1.05	0.95				
	317	1	0.0	0.0	0.0	0.0	3	1.05	26.00809806472362	230.0	37	1.05	0.95				
	318	2	131.10360644526315	26.771907622456144	0.0	0.0	3	1.0468749405956808	22.367012281151762	230.0	37	1.05	0.95				
	319	1	71.26051881859648	14.567067382807016	0.0	0.0	3	1.0238671555929568	19.23314154756631	230.0	35	1.05	0.95				
	320	1	50.394179054035085	10.236317620350876	0.0	0.0	3	1.0189652678932606	18.185864527269384	230.0	35	1.05	0.95				
	321	2	0.0	0.0	0.0	0.0	3	1.05	22.87364153497517	230.0	37	1.05	0.95				
	322	2	0.0	0.0	0.0	0.0	3	1.0499999865378478	28.451875443633796	230.0	37	1.05	0.95				
	323	2	0.0	0.0	0.0	0.0	3	1.0166567564342368	17.915850201675518	230.0	35	1.05	0.95				
	324	1	0.0	0.0	0.0	0.0	3	1.0466327686076766	25.30771978866442	230.0	36	1.05	0.95				
	325	1	0.0	0.0	0.0	0.0	3	1.0193402299063792	17.929761542898795	230.0	35	1.05	0.95				
];
