%% MATPOWER Case Format : Version 2
function mpc = RTS_GMLC
mpc.version = '2';

%%-----  Power Flow Data  -----%%
%% system MVA base
mpc.baseMVA = 100.0;
%% bus data
%    bus_i    type    Pd    Qd    Gs    Bs    area    Vm    Va    baseKV    zone    Vmax    Vmin
mpc.bus = [
	101	2	47.66749135578948	9.710044535438596	0.0	0.0	1	1.032322104884444	1.7647912041821796	138.0	11	1.05	0.95				
	102	2	42.81246908807017	8.827313214035089	0.0	0.0	1	1.0313683961422824	1.4863471400994035	138.0	12	1.05	0.95				
	103	1	79.44581892631581	16.330529445964913	0.0	0.0	1	1.0294143684738917	1.0533797197190027	138.0	11	1.05	0.95				
	104	1	32.66105889192983	6.620484910526316	0.0	0.0	1	1.020485694987341	-1.3646815428559214	138.0	11	1.05	0.95				
	105	1	31.336961909824563	6.179119249824563	0.0	0.0	1	1.0351866123769975	-1.239237078337767	138.0	11	1.05	0.95				
	106	1	60.025729855438605	12.358238499649126	0.0	-100.0	1	1.0447618577628601	-3.4091743260292224	138.0	12	1.05	0.95				
	107	2	55.170707587719306	11.03414151754386	0.0	0.0	1	1.0000351425302598	-8.64450778580468	138.0	12	1.05	0.95				
	108	1	75.47352798000001	15.447798124561404	0.0	0.0	1	1.003730760653302	-7.372908412759615	138.0	12	1.05	0.95				
	109	1	77.23899062280702	15.889163785263158	0.0	0.0	1	1.024772304855713	-1.9025680123708448	138.0	13	1.05	0.95				
	110	1	86.06630383684211	17.654626428070177	0.0	0.0	1	1.05	-2.8889675293853947	138.0	13	1.05	0.95				
	111	1	0.0	0.0	0.0	0.0	1	1.0053653411243955	0.10610136725580084	230.0	13	1.05	0.95				
	112	1	0.0	0.0	0.0	0.0	1	1.0090707566739046	0.16503873872070532	230.0	13	1.05	0.95				
	113	3	116.96190008596491	23.83374567789474	0.0	0.0	1	0.9969059261119725	-1.340548833190132e-27	230.0	14	1.05	0.95				
	114	2	85.62493817614035	17.213260767368425	0.0	0.0	1	1.0057934378184663	2.812160755012882	230.0	16	1.05	0.95				
	115	2	139.91291444245616	28.247402284912283	0.0	0.0	1	1.041040898475625	9.72480401605616	230.0	16	1.05	0.95				
	116	2	44.13656607017544	8.827313214035089	0.0	0.0	1	1.0378760394544744	9.167413376796413	230.0	16	1.05	0.95				
	117	1	0.0	0.0	0.0	0.0	1	1.0427282671728515	12.463102943701278	230.0	17	1.05	0.95				
	118	2	146.97476501368422	30.012864927719303	0.0	0.0	1	1.0472915929811415	12.499648231172571	230.0	17	1.05	0.95				
	119	1	79.88718458701756	16.330529445964913	0.0	0.0	1	1.0298211814173253	7.354580789291154	230.0	15	1.05	0.95				
	120	1	56.494804569824566	11.475507178245616	0.0	0.0	1	1.0264070528617144	6.619372407100236	230.0	15	1.05	0.95				
	121	2	0.0	0.0	0.0	0.0	1	1.05	13.558832832988216	230.0	17	1.05	0.95				
	122	2	0.0	0.0	0.0	0.0	1	1.05	25.558052789149876	230.0	17	1.05	0.95				
	123	2	0.0	0.0	0.0	0.0	1	1.025091681272982	6.553866421579893	230.0	15	1.05	0.95				
	124	1	0.0	0.0	0.0	0.0	1	1.025725146680049	6.483582294903712	230.0	16	1.05	0.95				
	201	2	46.749567145263164	9.523059974035089	0.0	0.0	2	1.0254286576265734	-7.371061296296376	138.0	21	1.05	0.95				
	202	2	41.98803715824562	8.65732724912281	0.0	0.0	2	1.026426920139005	-7.16379111508215	138.0	22	1.05	0.95				
	203	1	77.91594524210528	16.016055410877193	0.0	0.0	2	1.0172691262774087	-6.991416772292852	138.0	21	1.05	0.95				
	204	1	32.03211082175439	6.492995436842105	0.0	0.0	2	1.0178958796948891	-8.838482406100972	138.0	21	1.05	0.95				
	205	1	30.733511734385964	6.060129074385967	0.0	0.0	2	1.0324427612299634	-9.07727185548112	138.0	21	1.05	0.95				
	206	1	58.8698252940351	12.120258148771933	0.0	-100.0	2	1.0444179124725093	-10.417060294302761	138.0	22	1.05	0.95				
	207	2	54.10829530701755	10.82165906140351	0.0	0.0	2	0.99147640495055	-16.692635443807593	138.0	22	1.05	0.95				
	208	1	74.02014798	15.150322685964912	0.0	0.0	2	0.9978385284071464	-14.736309711117691	138.0	22	1.05	0.95				
	209	1	75.75161342982457	15.583189048421053	0.0	0.0	2	1.0231493504557105	-8.43008387800993	138.0	23	1.05	0.95				
	210	1	84.40894067894737	17.31465449824562	0.0	0.0	2	1.05	-9.417968595701694	138.0	23	1.05	0.95				
	211	1	0.0	0.0	0.0	0.0	2	1.0051687775724305	-5.699417637544142	230.0	23	1.05	0.95				
	212	1	0.0	0.0	0.0	0.0	2	1.0086684080646384	-4.796447678973017	230.0	23	1.05	0.95				
	213	2	114.70958605087719	23.374783572631582	0.0	0.0	2	1.0005117866079487	-4.391250619449896	230.0	24	1.05	0.95				
	214	2	83.97607431649124	16.881788135789478	0.0	0.0	2	1.004691915570789	-3.501076106794709	230.0	26	1.05	0.95				
	215	2	137.21863689859651	27.703447197192986	0.0	0.0	2	1.0240641507825838	2.099490479940109	230.0	26	1.05	0.95				
	216	2	43.28663624561404	8.65732724912281	0.0	0.0	2	1.025515220792388	2.2166898473736856	230.0	26	1.05	0.95				
	217	1	0.0	0.0	0.0	0.0	2	1.0307023401802256	4.123996669037399	230.0	27	1.05	0.95				
	218	2	144.14449869789476	29.43491264701755	0.0	0.0	2	1.0303348036863142	3.8379138223530322	230.0	27	1.05	0.95				
	219	1	78.34881160456142	16.016055410877193	0.0	0.0	2	1.0265809711501275	2.268562113321244	230.0	25	1.05	0.95				
	220	1	55.40689439438597	11.25452542385965	0.0	0.0	2	1.030447871419078	3.1561083431056427	230.0	25	1.05	0.95				
	221	2	0.0	0.0	0.0	0.0	2	1.031464655379643	4.052672688819792	230.0	27	1.05	0.95				
	222	2	0.0	0.0	0.0	0.0	2	1.05	10.574380310094377	230.0	27	1.05	0.95				
	223	2	0.0	0.0	0.0	0.0	2	1.033393420808739	3.970271980543583	230.0	25	1.05	0.95				
	224	1	0.0	0.0	0.0	0.0	2	1.010274707408938	-1.3161957051097994	230.0	26	1.05	0.95				
	301	2	64.11325528421054	13.060107557894737	0.0	0.0	3	1.0146741623613948	-15.98748201245222	138.0	31	1.05	0.95				
	302	2	57.58320150526316	11.87282505263158	0.0	0.0	3	1.0132160455147077	-16.27941841966544	138.0	32	1.05	0.95				
	303	1	106.8554254736842	21.964726347368423	0.0	0.0	3	1.0472358997778215	-2.9665480713504757	138.0	31	1.05	0.95				
	304	1	43.929452694736845	8.904618789473684	0.0	0.0	3	1.010275146739281	-14.306453751150366	138.0	31	1.05	0.95				
	305	1	42.148528936842105	8.310977536842106	0.0	0.0	3	1.0247302341786824	-16.37435998590531	138.0	31	1.05	0.95				
	306	1	80.73521035789474	16.621955073684212	0.0	-100.0	3	1.036897841509052	-17.24870008217166	138.0	32	1.05	0.95				
	307	2	74.20515657894737	14.841031315789474	0.0	0.0	3	0.9912235168593143	-23.597203274886617	138.0	32	1.05	0.95				
	308	1	101.5126542	20.77744384210526	0.0	0.0	3	0.9913159993720888	-20.75802418397645	138.0	32	1.05	0.95				
	309	1	103.88721921052633	21.37108509473684	0.0	0.0	3	1.0285433901784726	-10.278321695745602	138.0	33	1.05	0.95				
	310	1	115.7600442631579	23.74565010526316	0.0	0.0	3	1.05	-14.85929922434338	138.0	33	1.05	0.95				
	311	1	0.0	0.0	0.0	0.0	3	1.0178497143961798	-8.191560642027941	230.0	33	1.05	0.95				
	312	1	0.0	0.0	0.0	0.0	3	1.0181761955775301	-7.7077648443699465	230.0	33	1.05	0.95				
	313	2	157.31493194736842	32.05662764210527	0.0	0.0	3	1.0207390853113916	-5.22722525739322	230.0	34	1.05	0.95				
	314	2	115.16640301052632	23.15200885263158	0.0	0.0	3	1.0258803745429026	-6.39054635098634	230.0	36	1.05	0.95				
	315	2	188.18427708421052	37.993040168421054	0.0	0.0	3	1.0466509657890417	-0.720387402223987	230.0	36	1.05	0.95				
	316	2	59.364125263157895	11.87282505263158	0.0	0.0	3	1.0456880804970934	-0.2650314245660993	230.0	36	1.05	0.95				
	317	1	0.0	0.0	0.0	0.0	3	1.05	3.13473564880745	230.0	37	1.05	0.95				
	318	2	197.6825371263158	40.36760517894737	0.0	0.0	3	1.0451587441721546	1.7350416226465086	230.0	37	1.05	0.95				
	319	1	107.4490667263158	21.964726347368423	0.0	0.0	3	1.0396085624529756	-1.7271709232316277	230.0	35	1.05	0.95				
	320	1	75.98608033684211	15.434672568421053	0.0	0.0	3	1.0393235993855605	-1.8809850158288783	230.0	35	1.05	0.95				
	321	2	0.0	0.0	0.0	0.0	3	1.0466691363267633	1.4977095551404198	230.0	37	1.05	0.95				
	322	2	0.0	0.0	0.0	0.0	3	1.05	6.483406134203685	230.0	37	1.05	0.95				
	323	2	0.0	0.0	0.0	0.0	3	1.0404271928687072	-1.5238482109165992	230.0	35	1.05	0.95				
	324	1	0.0	0.0	0.0	0.0	3	1.0415117862370824	-1.563050845240609	230.0	36	1.05	0.95				
	325	1	0.0	0.0	0.0	0.0	3	1.0367198071637513	-0.27128930425827225	230.0	35	1.05	0.95				
];
