%% MATPOWER Case Format : Version 2
function mpc = RTS_GMLC
mpc.version = '2';

%%-----  Power Flow Data  -----%%
%% system MVA base
mpc.baseMVA = 100.0;
%% bus data
%    bus_i    type    Pd    Qd    Gs    Bs    area    Vm    Va    baseKV    zone    Vmax    Vmin
mpc.bus = [
	101	2	45.6902523663158	9.30727363017544	0.0	0.0	1	1.0167868482743718	-3.0226098814705464	138.0	11	1.05	0.95				
	102	2	41.036615551228074	8.461157845614037	0.0	0.0	1	1.016519832655201	-3.287465615096748	138.0	12	1.05	0.95				
	103	1	76.15042061052633	15.653142014385965	0.0	0.0	1	1.013108866578364	2.3214309545774374	138.0	11	1.05	0.95				
	104	1	31.30628402877193	6.345868384210526	0.0	0.0	1	1.0089297050688923	-3.461535910045424	138.0	11	1.05	0.95				
	105	1	30.037110351929826	5.922810491929825	0.0	0.0	1	1.0219525033239836	-4.685452062517678	138.0	11	1.05	0.95				
	106	1	57.53587335017545	11.84562098385965	0.0	-100.0	1	1.0326061889813538	-6.1165243051399605	138.0	12	1.05	0.95				
	107	2	52.88223653508772	10.576447307017546	0.0	0.0	1	0.9889202997841975	-13.17180279750722	138.0	12	1.05	0.95				
	108	1	72.34289958000001	14.80702622982456	0.0	0.0	1	0.9900280482685132	-10.593265018461393	138.0	12	1.05	0.95				
	109	1	74.03513114912282	15.230084122105264	0.0	0.0	1	1.0095713857713455	-2.8856230378622167	138.0	13	1.05	0.95				
	110	1	82.49628899473684	16.922315691228075	0.0	0.0	1	1.0374360169555414	-4.988924084249573	138.0	13	1.05	0.95				
	111	1	0.0	0.0	0.0	0.0	1	0.9928635098795865	-0.04555538605323704	230.0	13	1.05	0.95				
	112	1	0.0	0.0	0.0	0.0	1	0.9916395015835339	-1.2583206500116448	230.0	13	1.05	0.95				
	113	3	112.11034145438596	22.8451261831579	0.0	0.0	1	0.9715364189976087	-4.743525415235135e-30	230.0	14	1.05	0.95				
	114	2	82.07323110245615	16.49925779894737	0.0	0.0	1	1.0106693979540893	3.8649147844873974	230.0	16	1.05	0.95				
	115	2	134.10935185298248	27.075705105964914	0.0	0.0	1	1.0132522021145673	14.13082088360538	230.0	16	1.05	0.95				
	116	2	42.30578922807018	8.461157845614037	0.0	0.0	1	1.010638022911792	12.226830706657958	230.0	16	1.05	0.95				
	117	1	0.0	0.0	0.0	0.0	1	1.0150615225954673	18.67099591268877	230.0	17	1.05	0.95				
	118	2	140.8782781294737	28.767936675087725	0.0	0.0	1	1.0263362210718285	19.394439543698738	230.0	17	1.05	0.95				
	119	1	76.57347850280702	15.653142014385965	0.0	0.0	1	1.00633969219555	7.781361433057076	230.0	15	1.05	0.95				
	120	1	54.15141021192983	10.999505199298246	0.0	0.0	1	1.0092603691793207	4.279088239099986	230.0	15	1.05	0.95				
	121	2	0.0	0.0	0.0	0.0	1	1.0260815508536894	20.781038990595697	230.0	17	1.05	0.95				
	122	2	0.0	0.0	0.0	0.0	1	1.0333761575028815	39.21099317611807	230.0	17	1.05	0.95				
	123	2	0.0	0.0	0.0	0.0	1	1.0124833338551489	2.6969602887710598	230.0	15	1.05	0.95				
	124	1	0.0	0.0	0.0	0.0	1	0.9987812975720088	9.662656801766644	230.0	16	1.05	0.95				
	201	2	45.25358096842106	9.218322049122808	0.0	0.0	2	1.0115931130439104	-20.269266042908356	138.0	21	1.05	0.95				
	202	2	40.64441994385965	8.380292771929826	0.0	0.0	2	1.0105567804169613	-20.574384844145186	138.0	22	1.05	0.95				
	203	1	75.42263494736842	15.503541628070176	0.0	0.0	2	0.9960157475586031	-14.745159710225208	138.0	21	1.05	0.95				
	204	1	31.00708325614035	6.285219578947368	0.0	0.0	2	0.9980977245127681	-19.94585539861567	138.0	21	1.05	0.95				
	205	1	29.750039340350874	5.866204940350878	0.0	0.0	2	1.0154972257373458	-20.531323590807613	138.0	21	1.05	0.95				
	206	1	56.985990849122814	11.732409880701756	0.0	-100.0	2	1.0253717258049324	-21.21769854855443	138.0	22	1.05	0.95				
	207	2	52.3768298245614	10.475365964912282	0.0	0.0	2	0.9724583524896983	-26.39066616589575	138.0	22	1.05	0.95				
	208	1	71.6515032	14.665512350877192	0.0	0.0	2	0.9777846731412021	-24.40545481776731	138.0	22	1.05	0.95				
	209	1	73.32756175438597	15.084526989473684	0.0	0.0	2	1.0004833865563336	-17.624762379060744	138.0	23	1.05	0.95				
	210	1	81.7078545263158	16.76058554385965	0.0	0.0	2	1.0294608611619624	-19.407105334406545	138.0	23	1.05	0.95				
	211	1	0.0	0.0	0.0	0.0	2	0.9867369975134072	-14.40794202017635	230.0	23	1.05	0.95				
	212	1	0.0	0.0	0.0	0.0	2	0.9780689293622711	-13.68247690830268	230.0	23	1.05	0.95				
	213	2	111.03887922807016	22.62679048421053	0.0	0.0	2	0.9800817057186955	-12.973326704603323	230.0	24	1.05	0.95				
	214	2	81.2888398877193	16.341570905263158	0.0	0.0	2	0.9937919632093918	-11.467948947246223	230.0	26	1.05	0.95				
	215	2	132.82764043508772	26.81693687017544	0.0	0.0	2	0.9952488652211255	-3.329438815738029	230.0	26	1.05	0.95				
	216	2	41.90146385964913	8.380292771929826	0.0	0.0	2	0.9929292096345539	-4.450831603765032	230.0	26	1.05	0.95				
	217	1	0.0	0.0	0.0	0.0	2	1.0056211044698244	-2.1316614468556754	230.0	27	1.05	0.95				
	218	2	139.5318746526316	28.492995424561407	0.0	0.0	2	1.0073207638280985	-2.663817326298333	230.0	27	1.05	0.95				
	219	1	75.84164958596492	15.503541628070176	0.0	0.0	2	0.9804942740356506	-4.720557375434908	230.0	25	1.05	0.95				
	220	1	53.63387374035088	10.894380603508774	0.0	0.0	2	0.9727728900138333	-4.059762437638549	230.0	25	1.05	0.95				
	221	2	0.0	0.0	0.0	0.0	2	1.0092620316396084	-2.116234885564023	230.0	27	1.05	0.95				
	222	2	0.0	0.0	0.0	0.0	2	1.0276597342707892	4.2332021170539464	230.0	27	1.05	0.95				
	223	2	0.0	0.0	0.0	0.0	2	0.9693830781294936	-3.3291868469754866	230.0	25	1.05	0.95				
	224	1	0.0	0.0	0.0	0.0	2	0.981874123722592	-7.652603563940322	230.0	26	1.05	0.95				
	301	2	71.45903194105264	14.556469469473685	0.0	0.0	3	1.0039673713640287	31.038088411149992	138.0	31	1.05	0.95				
	302	2	64.18079720631579	13.233154063157896	0.0	0.0	3	1.0050042377171593	30.59945857523247	138.0	32	1.05	0.95				
	303	1	119.09838656842106	24.481335016842102	0.0	0.0	3	1.008265224086903	48.994792946243436	138.0	31	1.05	0.95				
	304	1	48.962670033684205	9.924865547368421	0.0	0.0	3	0.9893452087130788	32.600106115041456	138.0	31	1.05	0.95				
	305	1	46.97769692421052	9.263207844210527	0.0	0.0	3	1.0098335210819993	30.411564806751574	138.0	31	1.05	0.95				
	306	1	89.9854476294737	18.526415688421054	0.0	-100.0	3	1.019486907248436	29.305100061798893	138.0	32	1.05	0.95				
	307	2	82.70721289473684	16.54144257894737	0.0	0.0	3	0.9618279201033726	25.141503246032137	138.0	32	1.05	0.95				
	308	1	113.14346723999999	23.158019610526313	0.0	0.0	3	0.9705030725346201	28.342039462981226	138.0	32	1.05	0.95				
	309	1	115.79009805263158	23.81967731368421	0.0	0.0	3	1.000693276417098	37.08878104355084	138.0	33	1.05	0.95				
	310	1	129.02325211578946	26.46630812631579	0.0	0.0	3	1.0330083226873916	31.964036377139802	138.0	33	1.05	0.95				
	311	1	0.0	0.0	0.0	0.0	3	0.9979364794229733	37.11296707865934	230.0	33	1.05	0.95				
	312	1	0.0	0.0	0.0	0.0	3	1.0051531532875497	37.79669910609735	230.0	33	1.05	0.95				
	313	2	175.3392913368421	35.72951597052632	0.0	0.0	3	1.0133051819452397	41.95990592061102	230.0	34	1.05	0.95				
	314	2	128.36159441263158	25.804650423157895	0.0	0.0	3	0.9943127348394434	35.44259360627722	230.0	36	1.05	0.95				
	315	2	209.74549190105262	42.34609300210526	0.0	0.0	3	0.9894840631891734	31.59499503988618	230.0	36	1.05	0.95				
	316	2	66.16577031578947	13.233154063157896	0.0	0.0	3	0.9893874701303551	32.02777774043268	230.0	36	1.05	0.95				
	317	1	0.0	0.0	0.0	0.0	3	0.9902653120298172	32.56525892882198	230.0	37	1.05	0.95				
	318	2	220.33201515157893	44.99272381473685	0.0	0.0	3	0.9786674708445294	28.494794731462566	230.0	37	1.05	0.95				
	319	1	119.76004427157896	24.481335016842102	0.0	0.0	3	1.0002234013937785	32.87639402089763	230.0	35	1.05	0.95				
	320	1	84.69218600421053	17.203100282105265	0.0	0.0	3	1.0121709182779277	33.449335280404654	230.0	35	1.05	0.95				
	321	2	0.0	0.0	0.0	0.0	3	0.99225345858643	30.12837915487695	230.0	37	1.05	0.95				
	322	2	0.0	0.0	0.0	0.0	3	1.010704831458211	34.87417796149874	230.0	37	1.05	0.95				
	323	2	0.0	0.0	0.0	0.0	3	1.0188032792492943	33.55692968561876	230.0	35	1.05	0.95				
	324	1	0.0	0.0	0.0	0.0	3	0.9919412869097259	39.931884470454094	230.0	36	1.05	0.95				
