%% MATPOWER Case Format : Version 2
function mpc = RTS_GMLC
mpc.version = '2';

%%-----  Power Flow Data  -----%%
%% system MVA base
mpc.baseMVA = 100.0;
%% bus data
%    bus_i    type    Pd    Qd    Gs    Bs    area    Vm    Va    baseKV    zone    Vmax    Vmin
mpc.bus = [
	101	2	36.191489362105266	7.372340425614035	0.0	0.0	1	1.0331349420761171	3.6038371610164823	138.0	11	1.05	0.95				
	102	2	32.505319149298245	6.702127659649124	0.0	0.0	1	1.0322672902814558	3.368209174251777	138.0	12	1.05	0.95				
	103	1	60.319148936842105	12.398936170350877	0.0	0.0	1	1.029552410962276	1.0321576272961017	138.0	11	1.05	0.95				
	104	1	24.797872340701755	5.026595744736842	0.0	0.0	1	1.0225592263836918	0.19858900267750856	138.0	11	1.05	0.95				
	105	1	23.792553191754386	4.691489361754386	0.0	0.0	1	1.0368973437536937	0.5237172695456317	138.0	11	1.05	0.95				
	106	1	45.574468085614036	9.382978723508772	0.0	-100.0	1	1.0478293374531868	-1.5963982275552278	138.0	12	1.05	0.95				
	107	2	41.888297872807016	8.377659574561404	0.0	0.0	1	1.0005064496531357	-6.600095400520022	138.0	12	1.05	0.95				
	108	1	57.30319149	11.728723404385963	0.0	0.0	1	1.0074970828324932	-5.389391176307781	138.0	12	1.05	0.95				
	109	1	58.64361702192983	12.063829787368421	0.0	0.0	1	1.0245120949602504	-1.031236072529092	138.0	13	1.05	0.95				
	110	1	65.34574468157895	13.404255319298247	0.0	0.0	1	1.05	-1.5398243872047896	138.0	13	1.05	0.95				
	111	1	0.0	0.0	0.0	0.0	1	1.0007464047825128	0.1463763558035679	230.0	13	1.05	0.95				
	112	1	0.0	0.0	0.0	0.0	1	1.0055319190315009	0.4538166619279522	230.0	13	1.05	0.95				
	113	3	88.80319149035087	18.095744681052633	0.0	0.0	1	0.9884835759547328	-2.356793792374663e-27	230.0	14	1.05	0.95				
	114	2	65.01063829859649	13.069148936315791	0.0	0.0	1	0.9968338696200085	1.843675250599706	230.0	16	1.05	0.95				
	115	2	106.22872340543861	21.446808510877194	0.0	0.0	1	1.0337330046089293	6.204615924524698	230.0	16	1.05	0.95				
	116	2	33.51063829824562	6.702127659649124	0.0	0.0	1	1.0290447098301765	6.137421745827096	230.0	16	1.05	0.95				
	117	1	0.0	0.0	0.0	0.0	1	1.038832168367142	7.902851697681931	230.0	17	1.05	0.95				
	118	2	111.5904255331579	22.787234042807018	0.0	0.0	1	1.0421305837410484	7.860144937410015	230.0	17	1.05	0.95				
	119	1	60.65425531982457	12.398936170350877	0.0	0.0	1	1.0224728518772097	5.360303556395337	230.0	15	1.05	0.95				
	120	1	42.89361702175439	8.71276595754386	0.0	0.0	1	1.018619326073277	5.342185000827019	230.0	15	1.05	0.95				
	121	2	0.0	0.0	0.0	0.0	1	1.0466570651369405	8.588975211665744	230.0	17	1.05	0.95				
	122	2	0.0	0.0	0.0	0.0	1	1.05	15.31016338909685	230.0	17	1.05	0.95				
	123	2	0.0	0.0	0.0	0.0	1	1.016632235508667	5.598418431147871	230.0	15	1.05	0.95				
	124	1	0.0	0.0	0.0	0.0	1	1.0246957102183043	4.262009333537255	230.0	16	1.05	0.95				
	201	2	36.80465921431579	7.497245395508773	0.0	0.0	2	1.0178602293292311	-7.939459860143504	138.0	21	1.05	0.95				
	202	2	33.056036516561406	6.815677632280702	0.0	0.0	2	1.0175981865479722	-8.013631272412994	138.0	22	1.05	0.95				
	203	1	61.341098690526316	12.6090036197193	0.0	0.0	2	1.0164816095938152	-6.205221014982584	138.0	21	1.05	0.95				
	204	1	25.2180072394386	5.111758224210527	0.0	0.0	2	1.015462976945999	-8.704391905340776	138.0	21	1.05	0.95				
	205	1	24.19565559459649	4.770974342596492	0.0	0.0	2	1.029974724227031	-8.970284959599525	138.0	21	1.05	0.95				
	206	1	46.34660789950878	9.541948685192985	0.0	-100.0	2	1.0451549141774419	-9.942062640112606	138.0	22	1.05	0.95				
	207	2	42.59798520175439	8.519597040350877	0.0	0.0	2	0.9947593768370777	-14.344205472990321	138.0	22	1.05	0.95				
	208	1	58.274043756000005	11.927435856491227	0.0	0.0	2	1.0032809192677572	-12.872332926834103	138.0	22	1.05	0.95				
	209	1	59.637179282456145	12.268219738105264	0.0	0.0	2	1.022557905175995	-7.848632402463804	138.0	23	1.05	0.95				
	210	1	66.45285691473684	13.631355264561403	0.0	0.0	2	1.05	-8.906770396898802	138.0	23	1.05	0.95				
	211	1	0.0	0.0	0.0	0.0	2	1.0012768202059616	-5.525707100901119	230.0	23	1.05	0.95				
	212	1	0.0	0.0	0.0	0.0	2	1.006507068147634	-4.993839084801981	230.0	23	1.05	0.95				
	213	2	90.3077286277193	18.402329607157895	0.0	0.0	2	0.9945115617280199	-4.545589071137808	230.0	24	1.05	0.95				
	214	2	66.11207303312281	13.29057138294737	0.0	0.0	2	0.9979053760782146	-3.376570905838711	230.0	26	1.05	0.95				
	215	2	108.02849047164914	21.810168423298247	0.0	0.0	2	1.0170677166536242	1.7836183494100146	230.0	26	1.05	0.95				
	216	2	34.07838816140351	6.815677632280702	0.0	0.0	2	1.0185592461836313	1.686801320028955	230.0	26	1.05	0.95				
	217	1	0.0	0.0	0.0	0.0	2	1.0238191454281997	3.3340673914526575	230.0	27	1.05	0.95				
	218	2	113.48103257747368	23.17330394975439	0.0	0.0	2	1.0231756441314277	2.9247304129672487	230.0	27	1.05	0.95				
	219	1	61.68188257214035	12.6090036197193	0.0	0.0	2	1.020157289391286	1.295393049688232	230.0	25	1.05	0.95				
	220	1	43.620336846596494	8.860380921964914	0.0	0.0	2	1.0234068213069885	1.632372437385375	230.0	25	1.05	0.95				
	221	2	0.0	0.0	0.0	0.0	2	1.0247699231363676	3.3498584454182962	230.0	27	1.05	0.95				
	222	2	0.0	0.0	0.0	0.0	2	1.0468600630318445	9.873358839388274	230.0	27	1.05	0.95				
	223	2	0.0	0.0	0.0	0.0	2	1.0254142091464904	2.0816807128700616	230.0	25	1.05	0.95				
	224	1	0.0	0.0	0.0	0.0	2	1.0068691198283715	-1.2367167954892335	230.0	26	1.05	0.95				
	301	2	46.158810517894736	9.402720661052632	0.0	0.0	3	1.0077067176463808	-22.597960513672852	138.0	31	1.05	0.95				
	302	2	41.457450187368416	8.54792787368421	0.0	0.0	3	1.0074821970754604	-22.716375051898872	138.0	32	1.05	0.95				
	303	1	76.93135086315789	15.81366656631579	0.0	0.0	3	1.024619123619434	-16.986451813328475	138.0	31	1.05	0.95				
	304	1	31.62733313263158	6.410945905263158	0.0	0.0	3	1.0103863335249648	-21.304109434797486	138.0	31	1.05	0.95				
	305	1	30.345143951578947	5.983549511578948	0.0	0.0	3	1.0233314579251187	-22.087161634089878	138.0	31	1.05	0.95				
	306	1	58.125909541052636	11.967099023157896	0.0	-100.0	3	1.0403537046359623	-22.314012943076406	138.0	32	1.05	0.95				
	307	2	53.424549210526315	10.684909842105263	0.0	0.0	3	0.9938920441080763	-26.947242006117	138.0	32	1.05	0.95				
	308	1	73.08478331999999	14.958873778947368	0.0	0.0	3	1.0000828708638443	-25.023672084584966	138.0	32	1.05	0.95				
	309	1	74.79436889473683	15.386270172631578	0.0	0.0	3	1.0261230661400833	-18.39821622589595	138.0	33	1.05	0.95				
	310	1	83.34229676842104	17.09585574736842	0.0	0.0	3	1.05	-20.200366917060546	138.0	33	1.05	0.95				
	311	1	0.0	0.0	0.0	0.0	3	1.0079871774086215	-14.59118860849182	230.0	33	1.05	0.95				
	312	1	0.0	0.0	0.0	0.0	3	1.0113781296915585	-13.999405532091222	230.0	33	1.05	0.95				
	313	2	113.26004432631578	23.079405258947368	0.0	0.0	3	1.0108844638221	-11.028959362188038	230.0	34	1.05	0.95				
	314	2	82.91490037473683	16.66845935368421	0.0	0.0	3	1.0080980046950931	-12.901117665611086	230.0	36	1.05	0.95				
	315	2	135.48465679789473	27.353369195789472	0.0	0.0	3	1.0309085766217538	-8.809158481774574	230.0	36	1.05	0.95				
	316	2	42.73963936842105	8.54792787368421	0.0	0.0	3	1.030802969364679	-7.956866430130409	230.0	36	1.05	0.95				
	317	1	0.0	0.0	0.0	0.0	3	1.0357060171674823	-6.386035796518218	230.0	37	1.05	0.95				
	318	2	142.3229990968421	29.062954770526318	0.0	0.0	3	1.0340611432113511	-6.5582669988976345	230.0	37	1.05	0.95				
	319	1	77.35874725684211	15.81366656631579	0.0	0.0	3	1.028126958661874	-8.518763796701407	230.0	35	1.05	0.95				
	320	1	54.706738391578945	11.112306235789474	0.0	0.0	3	1.0286568066410737	-8.17655140027154	230.0	35	1.05	0.95				
	321	2	0.0	0.0	0.0	0.0	3	1.0352565569720265	-6.779008146308193	230.0	37	1.05	0.95				
	322	2	0.0	0.0	0.0	0.0	3	1.048627435792756	-2.306467167063152	230.0	37	1.05	0.95				
	323	2	0.0	0.0	0.0	0.0	3	1.0295645928162973	-7.660896375403711	230.0	35	1.05	0.95				
	324	1	0.0	0.0	0.0	0.0	3	1.0182342839433958	-11.88191508297544	230.0	36	1.05	0.95				
	325	1	0.0	0.0	0.0	0.0	3	1.025859723384924	-6.3019249912922986	230.0	35	1.05	0.95				
];
