%% MATPOWER Case Format : Version 2
function mpc = RTS_GMLC
mpc.version = '2';

%%-----  Power Flow Data  -----%%
%% system MVA base
mpc.baseMVA = 100.0;
%% bus data
%    bus_i    type    Pd    Qd    Gs    Bs    area    Vm    Va    baseKV    zone    Vmax    Vmin
mpc.bus = [
	101	2	53.091538825263164	10.814943094035087	0.0	0.0	1	1.030507742515988	-0.7721587098336725	138.0	11	1.05	0.95				
	102	2	47.68406727824561	9.831766449122807	0.0	0.0	1	1.0272007143636157	-1.3088892676956898	138.0	12	1.05	0.95				
	103	1	88.48589804210526	18.18876793087719	0.0	0.0	1	1.0227687317391907	2.6864790769099782	138.0	11	1.05	0.95				
	104	1	36.37753586175438	7.373824836842105	0.0	0.0	1	1.018895388927555	-2.6738875524161654	138.0	11	1.05	0.95				
	105	1	34.90277089438596	6.882236514385966	0.0	0.0	1	1.033837599115853	-3.4229578285155493	138.0	11	1.05	0.95				
	106	1	66.85601185403509	13.764473028771931	0.0	-100.0	1	1.0426463055091675	-5.5031844859027546	138.0	12	1.05	0.95				
	107	2	61.44854030701754	12.289708061403507	0.0	0.0	1	1.0001657400831938	-13.299414744579595	138.0	12	1.05	0.95				
	108	1	84.06160314	17.20559128596491	0.0	0.0	1	0.9996116049941526	-10.707359828996305	138.0	12	1.05	0.95				
	109	1	86.02795642982456	17.697179608421052	0.0	0.0	1	1.0221911527901688	-2.6471645451772954	138.0	13	1.05	0.95				
	110	1	95.85972287894737	19.663532898245613	0.0	0.0	1	1.05	-4.549640464299503	138.0	13	1.05	0.95				
	111	1	0.0	0.0	0.0	0.0	1	1.0073265752611256	0.35481095438787685	230.0	13	1.05	0.95				
	112	1	0.0	0.0	0.0	0.0	1	1.011581971922677	-0.9871807754566965	230.0	13	1.05	0.95				
	113	3	130.2709054508772	26.545769412631582	0.0	0.0	1	1.0030978255968974	-3.994713050332113e-30	230.0	14	1.05	0.95				
	114	2	95.36813455649121	19.171944575789475	0.0	0.0	1	1.0130598043296113	4.693007262508431	230.0	16	1.05	0.95				
	115	2	155.83349821859647	31.461652637192984	0.0	0.0	1	1.0325602781440648	16.20398462404818	230.0	16	1.05	0.95				
	116	2	49.15883224561403	9.831766449122807	0.0	0.0	1	1.0259579711357523	13.87396642815722	230.0	16	1.05	0.95				
	117	1	0.0	0.0	0.0	0.0	1	1.0307477409740693	20.94632410893713	230.0	17	1.05	0.95				
	118	2	163.69891137789472	33.428005927017544	0.0	0.0	1	1.0435390764633317	21.94992318916245	230.0	17	1.05	0.95				
	119	1	88.9774863645614	18.18876793087719	0.0	0.0	1	1.0188223621574133	8.632685975689466	230.0	15	1.05	0.95				
	120	1	62.92330527438597	12.78129638385965	0.0	0.0	1	1.0221875141020145	4.870886206613106	230.0	15	1.05	0.95				
	121	2	0.0	0.0	0.0	0.0	1	1.05	23.95256193905177	230.0	17	1.05	0.95				
	122	2	0.0	0.0	0.0	0.0	1	1.05	41.85350304021335	230.0	17	1.05	0.95				
	123	2	0.0	0.0	0.0	0.0	1	1.0261275279864588	3.191740690106352	230.0	15	1.05	0.95				
	124	1	0.0	0.0	0.0	0.0	1	1.0118494356705572	11.134807442679179	230.0	16	1.05	0.95				
	201	2	45.83157563368422	9.336061703157895	0.0	0.0	2	1.0181552643288538	-19.2116754312595	138.0	21	1.05	0.95				
	202	2	41.16354478210526	8.487328821052632	0.0	0.0	2	1.0171096822494397	-19.51702344613463	138.0	22	1.05	0.95				
	203	1	76.38595938947368	15.70155831894737	0.0	0.0	2	1.0166832505477594	-14.244427491670237	138.0	21	1.05	0.95				
	204	1	31.40311663789474	6.365496615789473	0.0	0.0	2	1.0132336229680694	-19.031889955021537	138.0	21	1.05	0.95				
	205	1	30.13001731473684	5.941130174736843	0.0	0.0	2	1.0289564493716026	-19.568020047236764	138.0	21	1.05	0.95				
	206	1	57.7138359831579	11.882260349473686	0.0	-100.0	2	1.042811962535424	-20.29705175461426	138.0	22	1.05	0.95				
	207	2	53.04580513157895	10.60916102631579	0.0	0.0	2	0.9982212508392669	-25.38840803091055	138.0	22	1.05	0.95				
	208	1	72.56666142	14.852825436842105	0.0	0.0	2	1.0018989403636114	-23.453342011125187	138.0	22	1.05	0.95				
	209	1	74.26412718421052	15.277191877894738	0.0	0.0	2	1.022445839604989	-16.877520292170164	138.0	23	1.05	0.95				
	210	1	82.75145600526315	16.974657642105264	0.0	0.0	2	1.05	-18.563385738975736	138.0	23	1.05	0.95				
	211	1	0.0	0.0	0.0	0.0	2	1.008006075872794	-13.714823561979486	230.0	23	1.05	0.95				
	212	1	0.0	0.0	0.0	0.0	2	1.0039873381492108	-13.012597882847208	230.0	23	1.05	0.95				
	213	2	112.45710687894737	22.91578781684211	0.0	0.0	2	1.0001910862006254	-12.326334680666085	230.0	24	1.05	0.95				
	214	2	82.32708956421052	16.550291201052634	0.0	0.0	2	1.0163142095583775	-10.845813433972754	230.0	26	1.05	0.95				
	215	2	134.5241618136842	27.159452227368426	0.0	0.0	2	1.028941178226471	-3.1372679267644354	230.0	26	1.05	0.95				
	216	2	42.43664410526316	8.487328821052632	0.0	0.0	2	1.0276911500690185	-4.154776275838898	230.0	26	1.05	0.95				
	217	1	0.0	0.0	0.0	0.0	2	1.0322309006698531	-1.778191883391494	230.0	27	1.05	0.95				
	218	2	141.31402487052634	28.85691799157895	0.0	0.0	2	1.0326323489461937	-2.2933050938103277	230.0	27	1.05	0.95				
	219	1	76.81032583052632	15.70155831894737	0.0	0.0	2	1.0209829278649936	-4.468468723005092	230.0	25	1.05	0.95				
	220	1	54.31890445473685	11.033527467368422	0.0	0.0	2	1.0180040137147477	-3.904738504244627	230.0	25	1.05	0.95				
	221	2	0.0	0.0	0.0	0.0	2	1.0341990851483398	-1.7751687471147144	230.0	27	1.05	0.95				
	222	2	0.0	0.0	0.0	0.0	2	1.05	4.71965225488301	230.0	27	1.05	0.95				
	223	2	0.0	0.0	0.0	0.0	2	1.0170649067244901	-3.2594449073227243	230.0	25	1.05	0.95				
	224	1	0.0	0.0	0.0	0.0	2	1.0106412162418439	-7.2910437269335295	230.0	26	1.05	0.95				
	301	2	55.70832016421052	11.347991144561401	0.0	0.0	3	1.022793231271823	21.648797391718464	138.0	31	1.05	0.95				
	302	2	50.034324591929824	10.316355585964912	0.0	0.0	3	1.019578197376464	21.291313555045324	138.0	32	1.05	0.95				
	303	1	92.84720027368421	19.085257834035087	0.0	0.0	3	1.05	37.488460941750034	138.0	31	1.05	0.95				
	304	1	38.17051566807017	7.7372666894736835	0.0	0.0	3	1.0084380796436394	22.83627015895152	138.0	31	1.05	0.95				
	305	1	36.62306233017543	7.221448910175439	0.0	0.0	3	1.0274376750554441	20.418014405874654	138.0	31	1.05	0.95				
	306	1	70.1512179845614	14.442897820350877	0.0	-100.0	3	1.0365183022395636	19.127363809861745	138.0	32	1.05	0.95				
	307	2	64.4772224122807	12.895444482456139	0.0	0.0	3	0.95	14.141857620824265	138.0	32	1.05	0.95				
	308	1	88.20484026	18.053622275438595	0.0	0.0	3	0.9670155078510312	16.512749145943957	138.0	32	1.05	0.95				
	309	1	90.26811137719297	18.56944005473684	0.0	0.0	3	1.0163736201158677	26.257047006210843	138.0	33	1.05	0.95				
	310	1	100.58446696315788	20.632711171929824	0.0	0.0	3	1.044725273561118	20.831304045963716	138.0	33	1.05	0.95				
	311	1	0.0	0.0	0.0	0.0	3	1.005324310602921	24.794134268526086	230.0	33	1.05	0.95				
	312	1	0.0	0.0	0.0	0.0	3	1.0114851009679928	24.835986428915422	230.0	33	1.05	0.95				
	313	2	136.69171151403506	27.85416008210526	0.0	0.0	3	1.0055793392797447	25.26541045340335	230.0	34	1.05	0.95				
	314	2	100.06864918385965	20.116893392631578	0.0	0.0	3	1.002209243420389	25.73101232557557	230.0	36	1.05	0.95				
	315	2	163.51423603754384	33.01233787508772	0.0	0.0	3	1.0474905914544541	26.363681947857607	230.0	36	1.05	0.95				
	316	2	51.581777929824554	10.316355585964912	0.0	0.0	3	1.0327005269659528	26.269157139895146	230.0	36	1.05	0.95				
	317	1	0.0	0.0	0.0	0.0	3	1.0396284839749097	28.837848130134994	230.0	37	1.05	0.95				
	318	2	171.76732050631577	35.0756089922807	0.0	0.0	3	1.0310200318201301	25.103198847849338	230.0	37	1.05	0.95				
	319	1	93.36301805298245	19.085257834035087	0.0	0.0	3	1.0268912408580828	25.886511762561494	230.0	35	1.05	0.95				
	320	1	66.02467575017543	13.411262261754386	0.0	0.0	3	1.0231517959891578	25.40973105833347	230.0	35	1.05	0.95				
	321	2	0.0	0.0	0.0	0.0	3	1.05	26.132823526008593	230.0	37	1.05	0.95				
	322	2	0.0	0.0	0.0	0.0	3	1.05	31.523534768931004	230.0	37	1.05	0.95				
	323	2	0.0	0.0	0.0	0.0	3	1.021279837796222	25.240085089031428	230.0	35	1.05	0.95				
	324	1	0.0	0.0	0.0	0.0	3	1.0469294708498356	31.97276653668427	230.0	36	1.05	0.95				
	325	1	0.0	0.0	0.0	0.0	3	1.0247482263252525	25.14402174324893	230.0	35	1.05	0.95				
];
