%% MATPOWER Case Format : Version 2
function mpc = RTS_GMLC
mpc.version = '2';

%%-----  Power Flow Data  -----%%
%% system MVA base
mpc.baseMVA = 100.0;
%% bus data
%    bus_i    type    Pd    Qd    Gs    Bs    area    Vm    Va    baseKV    zone    Vmax    Vmin
mpc.bus = [
	101	2	84.58040573052631	17.22934190807017	0.0	0.0	1	1.0336655045805567	-3.184620539003822	138.0	11	1.05	0.95				
	102	2	75.96573477649122	15.663038098245613	0.0	0.0	1	1.033559610499638	-3.2758807987838563	138.0	12	1.05	0.95				
	103	1	140.96734288421052	28.976620481754384	0.0	0.0	1	1.0202281265017121	-3.4120105073143	138.0	11	1.05	0.95				
	104	1	57.95324096350877	11.74727857368421	0.0	0.0	1	1.0171069808349944	-5.922596013260939	138.0	11	1.05	0.95				
	105	1	55.60378524877192	10.96412666877193	0.0	0.0	1	1.0313682292056876	-6.187357971419881	138.0	11	1.05	0.95				
	106	1	106.50865906807016	21.92825333754386	0.0	-100.0	1	1.0354221651311606	-8.584639521013491	138.0	12	1.05	0.95				
	107	2	97.89398811403507	19.578797622807016	0.0	0.0	1	1.05	-5.04520668968001	138.0	12	1.05	0.95				
	108	1	133.91897573999998	27.41031667192982	0.0	0.0	1	1.0246946749407264	-7.863156774719041	138.0	12	1.05	0.95				
	109	1	137.0515833596491	28.1934685768421	0.0	0.0	1	1.0271649986763256	-5.260267227569915	138.0	13	1.05	0.95				
	110	1	152.7146214578947	31.326076196491226	0.0	0.0	1	1.05	-6.762241711245608	138.0	13	1.05	0.95				
	111	1	0.0	0.0	0.0	0.0	1	1.0155404827093304	-2.1186844052328517	230.0	13	1.05	0.95				
	112	1	0.0	0.0	0.0	0.0	1	1.0174271930730354	-1.1754212390348995	230.0	13	1.05	0.95				
	113	3	207.53525480175435	42.290202865263154	0.0	0.0	1	1.0186770517046084	4.535756507695984e-28	230.0	14	1.05	0.95				
	114	2	151.93146955298243	30.54292429157894	0.0	0.0	1	1.0189655204018084	-0.055091031578929486	230.0	16	1.05	0.95				
	115	2	248.25915385719296	50.121721914385965	0.0	0.0	1	1.0452256617114766	7.910044231779629	230.0	16	1.05	0.95				
	116	2	78.31519049122807	15.663038098245613	0.0	0.0	1	1.0446266184719077	7.5864001552544025	230.0	16	1.05	0.95				
	117	1	0.0	0.0	0.0	0.0	1	1.0475725721858158	10.752838583464465	230.0	17	1.05	0.95				
	118	2	260.7895843357894	53.25432953403508	0.0	0.0	1	1.0496632607008478	11.352096725019917	230.0	17	1.05	0.95				
	119	1	141.7504947891228	28.976620481754384	0.0	0.0	1	1.039060559824364	6.3985255214329095	230.0	15	1.05	0.95				
	120	1	100.24344382877193	20.361949527719297	0.0	0.0	1	1.0410332620726803	6.7267639084927895	230.0	15	1.05	0.95				
	121	2	0.0	0.0	0.0	0.0	1	1.05	11.983712220717841	230.0	17	1.05	0.95				
	122	2	0.0	0.0	0.0	0.0	1	1.05	19.13434289561743	230.0	17	1.05	0.95				
	123	2	0.0	0.0	0.0	0.0	1	1.044375211182718	7.482031150408853	230.0	15	1.05	0.95				
	124	1	0.0	0.0	0.0	0.0	1	1.0216785933267578	3.7265093453405096	230.0	16	1.05	0.95				
	201	2	89.53817093052632	18.23925704140351	0.0	0.0	2	1.0413271613038946	-11.495672045636953	138.0	21	1.05	0.95				
	202	2	80.41854240982455	16.581142764912283	0.0	0.0	2	1.043212098535755	-11.652330608719167	138.0	22	1.05	0.95				
	203	1	149.23028488421053	30.675114115087716	0.0	0.0	2	1.026107349484719	-8.4609577592744	138.0	21	1.05	0.95				
	204	1	61.35022823017543	12.43585707368421	0.0	0.0	2	1.0195647085180903	-13.02821414275892	138.0	21	1.05	0.95				
	205	1	58.86305681543858	11.606799935438596	0.0	0.0	2	1.0350762148075043	-13.429674887310405	138.0	21	1.05	0.95				
	206	1	112.75177080140351	23.213599870877193	0.0	-100.0	2	1.0369695638143088	-15.301773921737835	138.0	22	1.05	0.95				
	207	2	103.63214228070174	20.72642845614035	0.0	0.0	2	0.95	-26.611770188608954	138.0	22	1.05	0.95				
	208	1	141.76877063999999	29.016999838596487	0.0	0.0	2	0.9557843049040308	-22.912688953399094	138.0	22	1.05	0.95				
	209	1	145.08499919298245	29.8460569768421	0.0	0.0	2	1.0268611755211658	-10.816735052530277	138.0	23	1.05	0.95				
	210	1	161.66614195789472	33.162285529824565	0.0	0.0	2	1.05	-12.794898575979891	138.0	23	1.05	0.95				
	211	1	0.0	0.0	0.0	0.0	2	1.0331501476719631	-6.073966331796154	230.0	23	1.05	0.95				
	212	1	0.0	0.0	0.0	0.0	2	1.027955297676763	-2.442063632068897	230.0	23	1.05	0.95				
	213	2	219.7001416350877	44.76908546526316	0.0	0.0	2	1.05	-2.080803977439888	230.0	24	1.05	0.95				
	214	2	160.8370848196491	32.33322839157895	0.0	0.0	2	1.05	-4.092770520052831	230.0	26	1.05	0.95				
	215	2	262.8111128238596	53.059656847719296	0.0	0.0	2	1.045189542117022	3.885985633368733	230.0	26	1.05	0.95				
	216	2	82.9057138245614	16.581142764912283	0.0	0.0	2	1.0495276002784983	3.8287751751393695	230.0	26	1.05	0.95				
	217	1	0.0	0.0	0.0	0.0	2	1.0496687510991327	6.95479289452602	230.0	27	1.05	0.95				
	218	2	276.0760270357895	56.375885400701755	0.0	0.0	2	1.05	7.607284426401427	230.0	27	1.05	0.95				
	219	1	150.05934202245615	30.675114115087716	0.0	0.0	2	1.0435944651295896	3.3123035294745184	230.0	25	1.05	0.95				
	220	1	106.11931369543859	21.555485594385964	0.0	0.0	2	1.045941910711278	4.411003262941323	230.0	25	1.05	0.95				
	221	2	0.0	0.0	0.0	0.0	2	1.05	8.09372657001112	230.0	27	1.05	0.95				
	222	2	0.0	0.0	0.0	0.0	2	1.05	14.158845911766454	230.0	27	1.05	0.95				
	223	2	0.0	0.0	0.0	0.0	2	1.05	5.614809931969113	230.0	25	1.05	0.95				
	224	1	0.0	0.0	0.0	0.0	2	1.0224795341815067	-0.704510474743039	230.0	26	1.05	0.95				
	301	2	72.22777601684211	14.71306548491228	0.0	0.0	3	1.0069596803329843	-17.296571360434267	138.0	31	1.05	0.95				
	302	2	64.87124327438596	13.375514077192982	0.0	0.0	3	1.0064588945163306	-17.425089117784463	138.0	32	1.05	0.95				
	303	1	120.37962669473686	24.74470104280702	0.0	0.0	3	1.0180827596296058	-10.6240227649198	138.0	31	1.05	0.95				
	304	1	49.48940208561404	10.031635557894738	0.0	0.0	3	1.0040364073534647	-15.194831840443527	138.0	31	1.05	0.95				
	305	1	47.483074974035084	9.362859854035088	0.0	0.0	3	1.0185453020829727	-15.678808134064102	138.0	31	1.05	0.95				
	306	1	90.95349572491229	18.725719708070176	0.0	-100.0	3	1.0325441975976648	-15.507668101804342	138.0	32	1.05	0.95				
	307	2	83.59696298245613	16.71939259649123	0.0	0.0	3	0.9995371619824406	-19.94389510791236	138.0	32	1.05	0.95				
	308	1	114.36064535999999	23.407149635087716	0.0	0.0	3	0.9981019922991643	-17.87638694034407	138.0	32	1.05	0.95				
	309	1	117.0357481754386	24.075925338947368	0.0	0.0	3	1.026371599400027	-10.64173515647213	138.0	33	1.05	0.95				
	310	1	130.4112622526316	26.751028154385963	0.0	0.0	3	1.05	-11.917474938557104	138.0	33	1.05	0.95				
	311	1	0.0	0.0	0.0	0.0	3	1.0190279134202616	-4.424953098544138	230.0	33	1.05	0.95				
	312	1	0.0	0.0	0.0	0.0	3	1.0196168123615412	-3.7524323114084597	230.0	33	1.05	0.95				
	313	2	177.22556152280703	36.11388800842106	0.0	0.0	3	1.0349353618332204	0.9489062265212262	230.0	34	1.05	0.95				
	314	2	129.74248654877192	26.082252450526315	0.0	0.0	3	1.0286856663656	-2.402027345092791	230.0	36	1.05	0.95				
	315	2	212.0018981235088	42.801645047017544	0.0	0.0	3	1.04405917937587	-0.10748435173963271	230.0	36	1.05	0.95				
	316	2	66.87757038596492	13.375514077192982	0.0	0.0	3	1.0426395163134539	0.48218752754354194	230.0	36	1.05	0.95				
	317	1	0.0	0.0	0.0	0.0	3	1.0460784973189117	2.1073608502820167	230.0	37	1.05	0.95				
	318	2	222.7023093852632	45.47674786245614	0.0	0.0	3	1.0461256769766674	1.998803347384535	230.0	37	1.05	0.95				
	319	1	121.0484023985965	24.74470104280702	0.0	0.0	3	1.0397486484732723	0.7564291552362385	230.0	35	1.05	0.95				
	320	1	85.60329009403509	17.388168300350877	0.0	0.0	3	1.0403058055778507	1.2086207705180927	230.0	35	1.05	0.95				
	321	2	0.0	0.0	0.0	0.0	3	1.0487921144073857	2.9627839814763375	230.0	37	1.05	0.95				
	322	2	0.0	0.0	0.0	0.0	3	1.05	8.400127974908697	230.0	37	1.05	0.95				
	323	2	0.0	0.0	0.0	0.0	3	1.041387352422324	1.5841147070277237	230.0	35	1.05	0.95				
	324	1	0.0	0.0	0.0	0.0	3	1.0232907937718458	-2.484817684357093	230.0	36	1.05	0.95				
	325	1	0.0	0.0	0.0	0.0	3	1.0398551400052243	2.4553562034284404	230.0	35	1.05	0.95				
];
