%% MATPOWER Case Format : Version 2
function mpc = RTS_GMLC
mpc.version = '2';

%%-----  Power Flow Data  -----%%
%% system MVA base
mpc.baseMVA = 100.0;
%% bus data
%    bus_i    type    Pd    Qd    Gs    Bs    area    Vm    Va    baseKV    zone    Vmax    Vmin
mpc.bus = [
	101	2	48.95002474105263	9.971301336140352	0.0	0.0	1	1.0360927860705038	-0.02677091371479578	138.0	11	1.05	0.95				
	102	2	43.96437407298245	9.06481939649123	0.0	0.0	1	1.0352812664593685	-0.2957222632660665	138.0	12	1.05	0.95				
	103	1	81.58337456842105	16.76991588350877	0.0	0.0	1	1.0216468407150003	-0.834424554080938	138.0	11	1.05	0.95				
	104	1	33.53983176701754	6.798614547368421	0.0	0.0	1	1.0211066011230852	-3.019391754173467	138.0	11	1.05	0.95				
	105	1	32.18010885754386	6.34537357754386	0.0	0.0	1	1.037066122627162	-2.879279954132566	138.0	11	1.05	0.95				
	106	1	61.64077189614036	12.69074715508772	0.0	-100.0	1	1.045488236311863	-4.977402990597386	138.0	12	1.05	0.95				
	107	2	56.65512122807017	11.331024245614035	0.0	0.0	1	1.001071196565743	-11.51299410085704	138.0	12	1.05	0.95				
	108	1	77.50420584	15.863433943859647	0.0	0.0	1	1.0028702598081314	-9.685427499857015	138.0	12	1.05	0.95				
	109	1	79.31716971929825	16.31667491368421	0.0	0.0	1	1.0229912371240297	-3.415306417041079	138.0	13	1.05	0.95				
	110	1	88.38198911578947	18.12963879298246	0.0	0.0	1	1.05	-4.350574648567711	138.0	13	1.05	0.95				
	111	1	0.0	0.0	0.0	0.0	1	1.0026824495093338	-1.0041485105514467	230.0	13	1.05	0.95				
	112	1	0.0	0.0	0.0	0.0	1	1.0083827569897774	-0.8281176880998321	230.0	13	1.05	0.95				
	113	3	120.10885700350877	24.475012370526315	0.0	0.0	1	1.0006584751015721	1.0962196507932302e-26	230.0	14	1.05	0.95				
	114	2	87.9287481459649	17.676397823157895	0.0	0.0	1	0.9964208994306789	1.1403655743602354	230.0	16	1.05	0.95				
	115	2	143.67738743438596	29.00742206877193	0.0	0.0	1	1.0210515757203973	7.573506194567526	230.0	16	1.05	0.95				
	116	2	45.32409698245614	9.06481939649123	0.0	0.0	1	1.0189615911860552	6.9072052939690005	230.0	16	1.05	0.95				
	117	1	0.0	0.0	0.0	0.0	1	1.0262148295234281	9.565235615084092	230.0	17	1.05	0.95				
	118	2	150.92924295157894	30.82038594807018	0.0	0.0	1	1.0271740130384521	9.943305943959713	230.0	17	1.05	0.95				
	119	1	82.03661553824561	16.76991588350877	0.0	0.0	1	1.0156402159355893	5.245905573307708	230.0	15	1.05	0.95				
	120	1	58.01484413754386	11.784265215438596	0.0	0.0	1	1.0164475468172272	4.700904215847738	230.0	15	1.05	0.95				
	121	2	0.0	0.0	0.0	0.0	1	1.0297039567885635	11.360893577615549	230.0	17	1.05	0.95				
	122	2	0.0	0.0	0.0	0.0	1	1.04999999804461	17.337246823268643	230.0	17	1.05	0.95				
	123	2	0.0	0.0	0.0	0.0	1	1.0175476186499814	4.75580900135538	230.0	15	1.05	0.95				
	124	1	0.0	0.0	0.0	0.0	1	1.0108139909884815	4.390321993225034	230.0	16	1.05	0.95				
	201	2	49.45254210947368	10.073665985263156	0.0	0.0	2	1.0141633023320067	-13.735370921060564	138.0	21	1.05	0.95				
	202	2	44.4157091168421	9.157878168421052	0.0	0.0	2	1.014229439145413	-13.790821087587936	138.0	22	1.05	0.95				
	203	1	82.42090351578946	16.942074611578946	0.0	0.0	2	1.0153154652937626	-11.041018154184274	138.0	21	1.05	0.95				
	204	1	33.88414922315789	6.868408626315789	0.0	0.0	2	1.0122595950308177	-14.279453539025715	138.0	21	1.05	0.95				
	205	1	32.51046749789474	6.4105147178947375	0.0	0.0	2	1.0264591121157316	-14.676330989655318	138.0	21	1.05	0.95				
	206	1	62.27357154526316	12.821029435789475	0.0	-100.0	2	1.041027104440109	-15.684263300028203	138.0	22	1.05	0.95				
	207	2	57.23673855263157	11.447347710526316	0.0	0.0	2	0.9893899703375834	-21.717494316707267	138.0	22	1.05	0.95				
	208	1	78.29985834	16.02628679473684	0.0	0.0	2	0.9957175263321242	-19.632285281084457	138.0	22	1.05	0.95				
	209	1	80.13143397368421	16.484180703157893	0.0	0.0	2	1.0238586921957558	-12.782617192090308	138.0	23	1.05	0.95				
	210	1	89.28931214210526	18.315756336842103	0.0	0.0	2	1.05	-14.146672813051381	138.0	23	1.05	0.95				
	211	1	0.0	0.0	0.0	0.0	2	1.0088419057919316	-9.556777518009513	230.0	23	1.05	0.95				
	212	1	0.0	0.0	0.0	0.0	2	1.0138926744286527	-8.44194608740163	230.0	23	1.05	0.95				
	213	2	121.34188573157894	24.72627105473684	0.0	0.0	2	1.0112754161375237	-7.860630403558261	230.0	24	1.05	0.95				
	214	2	88.8314182336842	17.85786242842105	0.0	0.0	2	1.0078603047206804	-7.04942607483888	230.0	26	1.05	0.95				
	215	2	145.15236896947368	29.30521013894737	0.0	0.0	2	1.0256059023516095	-0.7717834799575103	230.0	26	1.05	0.95				
	216	2	45.78939084210526	9.157878168421052	0.0	0.0	2	1.0285847890270574	-0.7583271196791072	230.0	26	1.05	0.95				
	217	1	0.0	0.0	0.0	0.0	2	1.0299463644622777	0.9215776822167533	230.0	27	1.05	0.95				
	218	2	152.47867150421052	31.13678577263158	0.0	0.0	2	1.0288305235338226	0.2686273161271089	230.0	27	1.05	0.95				
	219	1	82.87879742421053	16.942074611578946	0.0	0.0	2	1.0351155791446198	-0.3883894468113658	230.0	25	1.05	0.95				
	220	1	58.61042027789474	11.905241618947368	0.0	0.0	2	1.0440531829433932	0.8016630040760669	230.0	25	1.05	0.95				
	221	2	0.0	0.0	0.0	0.0	2	1.0309831099987263	0.7308725469062125	230.0	27	1.05	0.95				
	222	2	0.0	0.0	0.0	0.0	2	1.05	7.29885191556076	230.0	27	1.05	0.95				
	223	2	0.0	0.0	0.0	0.0	2	1.05	1.7833917373359236	230.0	25	1.05	0.95				
	224	1	0.0	0.0	0.0	0.0	2	1.009119865868659	-4.618356983408718	230.0	26	1.05	0.95				
	301	2	66.24865549894737	13.495096490526315	0.0	0.0	3	1.0360596925376089	-0.40301784893405274	138.0	31	1.05	0.95				
	302	2	59.501107253684204	12.268269536842105	0.0	0.0	3	1.0323859157817794	-0.7661684605210105	138.0	32	1.05	0.95				
	303	1	110.41442583157894	22.696298643157895	0.0	0.0	3	1.0494021703588563	17.277391234626414	138.0	31	1.05	0.95				
	304	1	45.39259728631579	9.201202152631579	0.0	0.0	3	1.008358986266857	1.549508129976382	138.0	31	1.05	0.95				
	305	1	43.55235685578947	8.587788675789474	0.0	0.0	3	1.0291074966101759	-1.4723477503431035	138.0	31	1.05	0.95				
	306	1	83.42423285052631	17.175577351578948	0.0	-100.0	3	1.0308855330166928	-2.7692802202060585	138.0	32	1.05	0.95				
	307	2	76.67668460526316	15.335336921052631	0.0	0.0	3	0.95	-0.6947486914505769	138.0	32	1.05	0.95				
	308	1	104.89370454	21.469471689473682	0.0	0.0	3	0.9636581655649687	-1.3381283016415384	138.0	32	1.05	0.95				
	309	1	107.34735844736842	22.082885166315787	0.0	0.0	3	1.010880122015528	6.051659378197931	138.0	33	1.05	0.95				
	310	1	119.61562798421053	24.53653907368421	0.0	0.0	3	1.0371151476451952	-0.5958077074915727	138.0	33	1.05	0.95				
	311	1	0.0	0.0	0.0	0.0	3	0.9979149222762724	4.55462623895165	230.0	33	1.05	0.95				
	312	1	0.0	0.0	0.0	0.0	3	1.002037768599241	4.881852307573083	230.0	33	1.05	0.95				
	313	2	162.55457136315786	33.124327749473686	0.0	0.0	3	0.9978070363651055	6.506925910106761	230.0	34	1.05	0.95				
	314	2	119.00221450736841	23.923125596842105	0.0	0.0	3	0.9964326889066745	4.785125902857457	230.0	36	1.05	0.95				
	315	2	194.45207215894735	39.258462517894735	0.0	0.0	3	1.05	9.307148054944177	230.0	36	1.05	0.95				
	316	2	61.341347684210525	12.268269536842105	0.0	0.0	3	1.0414667058421814	8.789234399163366	230.0	36	1.05	0.95				
	317	1	0.0	0.0	0.0	0.0	3	1.05	14.044777258105725	230.0	37	1.05	0.95				
	318	2	204.26668778842102	41.712116425263154	0.0	0.0	3	1.043773698113109	11.277157726138526	230.0	37	1.05	0.95				
	319	1	111.02783930842106	22.696298643157895	0.0	0.0	3	1.0249951018234706	6.965279398923222	230.0	35	1.05	0.95				
	320	1	78.51692503578947	15.948750397894736	0.0	0.0	3	1.0162549691518523	6.54283719759975	230.0	35	1.05	0.95				
	321	2	0.0	0.0	0.0	0.0	3	1.0457817845839532	11.269739888559062	230.0	37	1.05	0.95				
	322	2	0.0	0.0	0.0	0.0	3	1.05	16.701841370935032	230.0	37	1.05	0.95				
	323	2	0.0	0.0	0.0	0.0	3	1.0128625094941648	6.788981982158483	230.0	35	1.05	0.95				
	324	1	0.0	0.0	0.0	0.0	3	1.0470385449447417	12.354932511470954	230.0	36	1.05	0.95				
	325	1	0.0	0.0	0.0	0.0	3	1.0140936947216574	7.184849414118871	230.0	35	1.05	0.95				
];
