%% MATPOWER Case Format : Version 2
function mpc = RTS_GMLC
mpc.version = '2';

%%-----  Power Flow Data  -----%%
%% system MVA base
mpc.baseMVA = 100.0;
%% bus data
%    bus_i    type    Pd    Qd    Gs    Bs    area    Vm    Va    baseKV    zone    Vmax    Vmin
mpc.bus = [
	101	2	41.909450778947374	8.53711034385965	0.0	0.0	1	1.0464869461348898	4.533248014581038	138.0	11	1.05	0.95				
	102	2	37.64089560701754	7.761009403508773	0.0	0.0	1	1.0454733301851284	4.256848903400142	138.0	12	1.05	0.95				
	103	1	69.84908463157895	14.357867396491228	0.0	0.0	1	1.0293371494647865	0.9859225825700275	138.0	11	1.05	0.95				
	104	1	28.715734792982456	5.820757052631579	0.0	0.0	1	1.0282227046600716	0.651843225783342	138.0	11	1.05	0.95				
	105	1	27.55158338245614	5.432706582456141	0.0	0.0	1	1.0424143151252216	0.7676018092305048	138.0	11	1.05	0.95				
	106	1	52.77486394385965	10.865413164912281	0.0	-100.0	1	1.0490194920247986	-1.7928145561050153	138.0	12	1.05	0.95				
	107	2	48.506308771929824	9.701261754385964	0.0	0.0	1	1.001149568619155	-6.778304453248558	138.0	12	1.05	0.95				
	108	1	66.3566304	13.581766456140349	0.0	0.0	1	1.0062410550642515	-5.804936790702109	138.0	12	1.05	0.95				
	109	1	67.90883228070174	13.96981692631579	0.0	0.0	1	1.0238619854980608	-1.3503563884326977	138.0	13	1.05	0.95				
	110	1	75.66984168421052	15.522018807017545	0.0	0.0	1	1.05	-1.8836911188977208	138.0	13	1.05	0.95				
	111	1	0.0	0.0	0.0	0.0	1	1.000240615178484	-0.2446883536262253	230.0	13	1.05	0.95				
	112	1	0.0	0.0	0.0	0.0	1	1.005151320094632	-0.17714047091773816	230.0	13	1.05	0.95				
	113	3	102.83337459649123	20.954725389473687	0.0	0.0	1	0.9896674248947193	6.0698134067911894e-30	230.0	14	1.05	0.95				
	114	2	75.28179121403508	15.133968336842104	0.0	0.0	1	0.9943952438798874	1.0561481498238507	230.0	16	1.05	0.95				
	115	2	123.01199904561403	24.83523009122807	0.0	0.0	1	1.029883708776174	5.88911189349727	230.0	16	1.05	0.95				
	116	2	38.805047017543856	7.761009403508773	0.0	0.0	1	1.0247719012358578	5.162769152633829	230.0	16	1.05	0.95				
	117	1	0.0	0.0	0.0	0.0	1	1.0342578243332563	7.894649324225147	230.0	17	1.05	0.95				
	118	2	129.22080656842104	26.387431971929825	0.0	0.0	1	1.0376360177255255	8.273090037925929	230.0	17	1.05	0.95				
	119	1	70.23713510175439	14.357867396491228	0.0	0.0	1	1.0161062414712034	3.696058174262627	230.0	15	1.05	0.95				
	120	1	49.67046018245614	10.089312224561404	0.0	0.0	1	1.0112051702899292	3.0852515425815485	230.0	15	1.05	0.95				
	121	2	0.0	0.0	0.0	0.0	1	1.041105869580319	9.424608414186816	230.0	17	1.05	0.95				
	122	2	0.0	0.0	0.0	0.0	1	1.05	15.972188084993663	230.0	17	1.05	0.95				
	123	2	0.0	0.0	0.0	0.0	1	1.008870497509719	3.057596051580064	230.0	15	1.05	0.95				
	124	1	0.0	0.0	0.0	0.0	1	1.0224691121650635	4.039184911435167	230.0	16	1.05	0.95				
	201	2	40.61262395368421	8.272941916491229	0.0	0.0	2	1.013867889993264	-7.16640584804679	138.0	21	1.05	0.95				
	202	2	36.476152995438596	7.520856287719299	0.0	0.0	2	1.0130342393705922	-7.397769023427343	138.0	22	1.05	0.95				
	203	1	67.68770658947368	13.913584132280702	0.0	0.0	2	1.0148144854004286	-5.006933548317167	138.0	21	1.05	0.95				
	204	1	27.827168264561404	5.640642215789474	0.0	0.0	2	1.0130181744096662	-6.943843648415705	138.0	21	1.05	0.95				
	205	1	26.69903982140351	5.264599401403509	0.0	0.0	2	1.027402487587487	-7.214403443980009	138.0	21	1.05	0.95				
	206	1	51.14182275649123	10.529198802807018	0.0	-100.0	2	1.0432157953542092	-7.7245747529058315	138.0	22	1.05	0.95				
	207	2	47.00535179824561	9.401070359649124	0.0	0.0	2	0.9969184052855112	-12.205099319799913	138.0	22	1.05	0.95				
	208	1	64.30332126	13.161498503508772	0.0	0.0	2	1.0033765222212443	-10.539862476524602	138.0	22	1.05	0.95				
	209	1	65.80749251754386	13.537541317894735	0.0	0.0	2	1.0235524268374203	-5.0131160822656184	138.0	23	1.05	0.95				
	210	1	73.32834880526316	15.041712575438599	0.0	0.0	2	1.05	-6.050289244733079	138.0	23	1.05	0.95				
	211	1	0.0	0.0	0.0	0.0	2	1.0018845825682763	-2.6169472344909686	230.0	23	1.05	0.95				
	212	1	0.0	0.0	0.0	0.0	2	1.0084933626669987	0.3550140493491636	230.0	23	1.05	0.95				
	213	2	99.6513458122807	20.306311976842107	0.0	0.0	2	0.9963056589426835	-0.7140809976048238	230.0	24	1.05	0.95				
	214	2	72.95230599087719	14.665669761052632	0.0	0.0	2	0.9977944794844095	-1.2112524775033262	230.0	26	1.05	0.95				
	215	2	119.20557216035088	24.06674012070176	0.0	0.0	2	1.0160474702179958	2.989084564643588	230.0	26	1.05	0.95				
	216	2	37.604281438596495	7.520856287719299	0.0	0.0	2	1.016285670168033	3.0649135123970157	230.0	26	1.05	0.95				
	217	1	0.0	0.0	0.0	0.0	2	1.0209270158446335	3.878257828472652	230.0	27	1.05	0.95				
	218	2	125.22225719052634	25.570911378245615	0.0	0.0	2	1.020428932963582	3.572656052127399	230.0	27	1.05	0.95				
	219	1	68.06374940385965	13.913584132280702	0.0	0.0	2	1.0168832687355638	3.3861502321889922	230.0	25	1.05	0.95				
	220	1	48.13348024140352	9.777113174035089	0.0	0.0	2	1.0197772287711084	4.412814099213294	230.0	25	1.05	0.95				
	221	2	0.0	0.0	0.0	0.0	2	1.0225270776630728	4.180349922130522	230.0	27	1.05	0.95				
	222	2	0.0	0.0	0.0	0.0	2	1.0443474085132414	10.62353933272596	230.0	27	1.05	0.95				
	223	2	0.0	0.0	0.0	0.0	2	1.0220026895954384	5.268458811074911	230.0	25	1.05	0.95				
	224	1	0.0	0.0	0.0	0.0	2	1.0056085993874175	-0.03181179706756282	230.0	26	1.05	0.95				
	301	2	60.696614993684214	12.364125276491228	0.0	0.0	3	1.0091216037814328	-13.08106967304411	138.0	31	1.05	0.95				
	302	2	54.514552355438596	11.2401138877193	0.0	0.0	3	1.0085487971704414	-13.230305727900928	138.0	32	1.05	0.95				
	303	1	101.16102498947367	20.7942106922807	0.0	0.0	3	1.025397764160521	-6.227544027909156	138.0	31	1.05	0.95				
	304	1	41.5884213845614	8.430085415789474	0.0	0.0	3	1.007496201711196	-11.509550024025357	138.0	31	1.05	0.95				
	305	1	39.90240430140351	7.868079721403509	0.0	0.0	3	1.0217693115113942	-12.062322257860222	138.0	31	1.05	0.95				
	306	1	76.43277443649123	15.736159442807018	0.0	-100.0	3	1.0365317515321815	-12.129496872315814	138.0	32	1.05	0.95				
	307	2	70.25071179824562	14.050142359649124	0.0	0.0	3	0.9954691986213371	-18.006331439199002	138.0	32	1.05	0.95				
	308	1	96.10297374	19.67019930350877	0.0	0.0	3	0.9974979257334458	-15.377387491144857	138.0	32	1.05	0.95				
	309	1	98.35099651754386	20.232204997894737	0.0	0.0	3	1.0257464100036537	-7.802870909449796	138.0	33	1.05	0.95				
	310	1	109.59111040526315	22.4802277754386	0.0	0.0	3	1.05	-9.239936198899015	138.0	33	1.05	0.95				
	311	1	0.0	0.0	0.0	0.0	3	1.011845453582352	-2.971643078173562	230.0	33	1.05	0.95				
	312	1	0.0	0.0	0.0	0.0	3	1.0143950333376723	-2.3196274426556776	230.0	33	1.05	0.95				
	313	2	148.93150901228069	30.348307496842107	0.0	0.0	3	1.0213286539190558	1.8840784341921781	230.0	34	1.05	0.95				
	314	2	109.02910471087719	21.918222081052633	0.0	0.0	3	1.0143769460449092	-1.6529755869172011	230.0	36	1.05	0.95				
	315	2	178.15580512035086	35.968364440701755	0.0	0.0	3	1.027952315122516	-0.7953078961873004	230.0	36	1.05	0.95				
	316	2	56.200569438596496	11.2401138877193	0.0	0.0	3	1.0274150406872251	0.011834378200266614	230.0	36	1.05	0.95				
	317	1	0.0	0.0	0.0	0.0	3	1.0325045078398338	1.4358741140509004	230.0	37	1.05	0.95				
	318	2	187.14789623052633	38.216387218245615	0.0	0.0	3	1.0296922733307032	0.695261615201957	230.0	37	1.05	0.95				
	319	1	101.72303068385966	20.7942106922807	0.0	0.0	3	1.025421611201683	0.513320328081458	230.0	35	1.05	0.95				
	320	1	71.93672888140351	14.612148054035087	0.0	0.0	3	1.0259002520682539	1.0781673516358006	230.0	35	1.05	0.95				
	321	2	0.0	0.0	0.0	0.0	3	1.0313303102992322	0.7561304770393829	230.0	37	1.05	0.95				
	322	2	0.0	0.0	0.0	0.0	3	1.0450873428400367	5.370905802063059	230.0	37	1.05	0.95				
	323	2	0.0	0.0	0.0	0.0	3	1.0266940644463174	1.5107403876062564	230.0	35	1.05	0.95				
	324	1	0.0	0.0	0.0	0.0	3	1.0213144757231039	-1.457169413768808	230.0	36	1.05	0.95				
	325	1	0.0	0.0	0.0	0.0	3	1.0266407344394932	2.183844168844487	230.0	35	1.05	0.95				
];
