%% MATPOWER Case Format : Version 2
function mpc = RTS_GMLC
mpc.version = '2';

%%-----  Power Flow Data  -----%%
%% system MVA base
mpc.baseMVA = 100.0;
%% bus data
%    bus_i    type    Pd    Qd    Gs    Bs    area    Vm    Va    baseKV    zone    Vmax    Vmin
mpc.bus = [
	101	2	61.120732320000016	12.450519546666667	0.0	0.0	1	1.0326517449615267	1.8310346128236072	138.0	11	1.05	0.95				
	102	2	54.89547254666667	11.318654133333334	0.0	0.0	1	1.0327283240248846	1.8115064955504956	138.0	12	1.05	0.95				
	103	1	101.86788720000001	20.939510146666667	0.0	0.0	1	1.02455429047363	-0.6983796422319015	138.0	11	1.05	0.95				
	104	1	41.87902029333333	8.4889906	0.0	0.0	1	1.0191987448003117	-1.598355766004623	138.0	11	1.05	0.95				
	105	1	40.18122217333334	7.923057893333335	0.0	0.0	1	1.0335726088026993	-1.4078332617156095	138.0	11	1.05	0.95				
	106	1	76.96684810666669	15.84611578666667	0.0	-100.0	1	1.0413295803440508	-3.7402866661858756	138.0	12	1.05	0.95				
	107	2	70.74158833333334	14.148317666666669	0.0	0.0	1	1.0427726543753038	-0.4091652911917513	138.0	12	1.05	0.95				
	108	1	96.77449284000001	19.807644733333333	0.0	0.0	1	1.026603066837555	-3.049395475568379	138.0	12	1.05	0.95				
	109	1	99.03822366666668	20.373577440000002	0.0	0.0	1	1.026137680911562	-2.0987638022651467	138.0	13	1.05	0.95				
	110	1	110.3568778	22.63730826666667	0.0	0.0	1	1.05	-2.9053263149522714	138.0	13	1.05	0.95				
	111	1	0.0	0.0	0.0	0.0	1	1.0064364830017118	-0.5433619471093712	230.0	13	1.05	0.95				
	112	1	0.0	0.0	0.0	0.0	1	1.01209736155401	0.2636595574573418	230.0	13	1.05	0.95				
	113	3	149.97216726666667	30.560366160000008	0.0	0.0	1	1.0016826286768437	-2.3420635283003616e-28	230.0	14	1.05	0.95				
	114	2	109.79094509333333	22.071375560000003	0.0	0.0	1	1.0020863456529125	1.052019207870835	230.0	16	1.05	0.95				
	115	2	179.40066801333333	36.21969322666667	0.0	0.0	1	1.0404776010947752	6.709394192248393	230.0	16	1.05	0.95				
	116	2	56.593270666666676	11.318654133333334	0.0	0.0	1	1.037027415439826	6.6408802283776245	230.0	16	1.05	0.95				
	117	1	0.0	0.0	0.0	0.0	1	1.0448154423789906	8.735392643006705	230.0	17	1.05	0.95				
	118	2	188.45559132000002	38.483424053333344	0.0	0.0	1	1.0479123857476405	8.930458581862098	230.0	17	1.05	0.95				
	119	1	102.43381990666668	20.939510146666667	0.0	0.0	1	1.0315721886990175	5.995873362605629	230.0	15	1.05	0.95				
	120	1	72.43938645333334	14.714250373333334	0.0	0.0	1	1.0313108733094183	6.5214525800267165	230.0	15	1.05	0.95				
	121	2	0.0	0.0	0.0	0.0	1	1.05	8.8222074337932	230.0	17	1.05	0.95				
	122	2	0.0	0.0	0.0	0.0	1	1.05	15.741225066066507	230.0	17	1.05	0.95				
	123	2	0.0	0.0	0.0	0.0	1	1.0324895852113785	7.2387157635643975	230.0	15	1.05	0.95				
	124	1	0.0	0.0	0.0	0.0	1	1.0248910350136193	3.9574138052938705	230.0	16	1.05	0.95				
	201	2	62.50842121263157	12.733196913684209	0.0	0.0	2	1.0310529226255374	-8.13534353740085	138.0	21	1.05	0.95				
	202	2	56.14182275578946	11.575633557894736	0.0	0.0	2	1.0311150001149845	-8.229280893794394	138.0	22	1.05	0.95				
	203	1	104.18070202105262	21.41492208210526	0.0	0.0	2	1.027361989775186	-5.635211943767564	138.0	21	1.05	0.95				
	204	1	42.82984416421052	8.681725168421051	0.0	0.0	2	1.0177291206285222	-10.565504644841429	138.0	21	1.05	0.95				
	205	1	41.09349913052631	8.102943490526314	0.0	0.0	2	1.0329031858627031	-10.892634519160529	138.0	21	1.05	0.95				
	206	1	78.71430819368422	16.20588698105263	0.0	-100.0	2	1.040930077374404	-12.990053916791787	138.0	22	1.05	0.95				
	207	2	72.3477097368421	14.46954194736842	0.0	0.0	2	0.9852430197713997	-21.699487486899564	138.0	22	1.05	0.95				
	208	1	98.97166691999999	20.257358726315786	0.0	0.0	2	0.9879560969320412	-18.945880719513095	138.0	22	1.05	0.95				
	209	1	101.28679363157893	20.836140404210525	0.0	0.0	2	1.0244607568441404	-10.123915673497228	138.0	23	1.05	0.95				
	210	1	112.86242718947368	23.151267115789473	0.0	0.0	2	1.05	-11.854399433129752	138.0	23	1.05	0.95				
	211	1	0.0	0.0	0.0	0.0	2	1.0141648473392197	-6.961961118728022	230.0	23	1.05	0.95				
	212	1	0.0	0.0	0.0	0.0	2	1.0166851859308563	-6.621681607842023	230.0	23	1.05	0.95				
	213	2	153.37714464210524	31.254210606315784	0.0	0.0	2	1.0129005817124024	-5.691428365169915	230.0	24	1.05	0.95				
	214	2	112.28364551157892	22.572485437894734	0.0	0.0	2	1.0220093384154232	-4.026471196046511	230.0	26	1.05	0.95				
	215	2	183.47379189263157	37.042027385263154	0.0	0.0	2	1.0415254929094304	4.152702973991436	230.0	26	1.05	0.95				
	216	2	57.87816778947368	11.575633557894736	0.0	0.0	2	1.044014493462151	3.579184964699258	230.0	26	1.05	0.95				
	217	1	0.0	0.0	0.0	0.0	2	1.0463380133745948	7.223313704912183	230.0	27	1.05	0.95				
	218	2	192.73429873894733	39.35715409684211	0.0	0.0	2	1.0495841374581143	8.22898982282715	230.0	27	1.05	0.95				
	219	1	104.75948369894736	21.41492208210526	0.0	0.0	2	1.0427630715393386	1.7594542938500182	230.0	25	1.05	0.95				
	220	1	74.08405477052631	15.048323625263157	0.0	0.0	2	1.0467024788089063	1.2694136462697274	230.0	25	1.05	0.95				
	221	2	0.0	0.0	0.0	0.0	2	1.0499999983069639	8.486034059971596	230.0	27	1.05	0.95				
	222	2	0.0	0.0	0.0	0.0	2	1.05	14.502106992668612	230.0	27	1.05	0.95				
	223	2	0.0	0.0	0.0	0.0	2	1.05	1.4241687012201536	230.0	25	1.05	0.95				
	224	1	0.0	0.0	0.0	0.0	2	1.0239748819044054	0.5009102936316145	230.0	26	1.05	0.95				
	301	2	64.67700096000002	13.17494464	0.0	0.0	3	1.0071191486573334	-36.62395462229008	138.0	31	1.05	0.95				
	302	2	58.08952864	11.9772224	0.0	0.0	3	1.0064590402738869	-36.772101927481806	138.0	32	1.05	0.95				
	303	1	107.79500160000002	22.15786144	0.0	0.0	3	1.0209639492192033	-29.03295898766136	138.0	31	1.05	0.95				
	304	1	44.31572288	8.9829168	0.0	0.0	3	1.0063163334930685	-34.69552465459856	138.0	31	1.05	0.95				
	305	1	42.519139519999996	8.384055680000001	0.0	0.0	3	1.0202126755129584	-35.66390070735075	138.0	31	1.05	0.95				
	306	1	81.44511232	16.768111360000002	0.0	-100.0	3	1.0349186103317265	-35.792026446027286	138.0	32	1.05	0.95				
	307	2	74.85764	14.971528000000001	0.0	0.0	3	1.005569345236295	-36.993943624472145	138.0	32	1.05	0.95				
	308	1	102.40525152	20.9601392	0.0	0.0	3	1.0031309585805797	-36.62908840055473	138.0	32	1.05	0.95				
	309	1	104.80069599999999	21.55900032	0.0	0.0	3	1.0273391294736662	-30.559623157442346	138.0	33	1.05	0.95				
	310	1	116.7779184	23.9544448	0.0	0.0	3	1.05	-32.78233729769664	138.0	33	1.05	0.95				
	311	1	0.0	0.0	0.0	0.0	3	1.0182823603660034	-25.63102725932	230.0	33	1.05	0.95				
	312	1	0.0	0.0	0.0	0.0	3	1.0174455931460864	-24.916987844616685	230.0	33	1.05	0.95				
	313	2	158.6981968	32.33850048000001	0.0	0.0	3	1.0258606193093445	-21.901128528175427	230.0	34	1.05	0.95				
	314	2	116.17905728	23.355583680000002	0.0	0.0	3	1.0294617662489043	-22.91397963512688	230.0	36	1.05	0.95				
	315	2	189.83897504	38.32711168	0.0	0.0	3	1.0483215022257566	-15.87801233482506	230.0	36	1.05	0.95				
	316	2	59.886112000000004	11.9772224	0.0	0.0	3	1.0485688716205195	-15.485024785457437	230.0	36	1.05	0.95				
	317	1	0.0	0.0	0.0	0.0	3	1.0495436285029958	-12.683318254806046	230.0	37	1.05	0.95				
	318	2	199.42075296000002	40.72255616	0.0	0.0	3	1.0499864452654692	-12.009947283328811	230.0	37	1.05	0.95				
	319	1	108.39386272	22.15786144	0.0	0.0	3	1.0454267765304368	-16.503094031383117	230.0	35	1.05	0.95				
	320	1	76.65422336	15.57038912	0.0	0.0	3	1.0475190323701344	-16.268733747594506	230.0	35	1.05	0.95				
	321	2	0.0	0.0	0.0	0.0	3	1.05	-11.656028971149105	230.0	37	1.05	0.95				
	322	2	0.0	0.0	0.0	0.0	3	1.05	-6.283076868329602	230.0	37	1.05	0.95				
	323	2	0.0	0.0	0.0	0.0	3	1.05	-15.70278176645809	230.0	35	1.05	0.95				
	324	1	0.0	0.0	0.0	0.0	3	1.021354193304445	-20.73325864869792	230.0	36	1.05	0.95				
	325	1	0.0	0.0	0.0	0.0	3	1.0394038675407589	-13.736727893644538	230.0	35	1.05	0.95				
];

%% generator data
%    bus    Pg    Qg    Qmax    Qmin    Vg    mBase    status    Pmax    Pmin    Pc1    Pc2    Qc1min    Qc1max    Qc2min    Qc2max    ramp_agc    ramp_10    ramp_30    ramp_q    apf
