%% MATPOWER Case Format : Version 2
function mpc = RTS_GMLC
mpc.version = '2';

%%-----  Power Flow Data  -----%%
%% system MVA base
mpc.baseMVA = 100.0;
%% bus data
%    bus_i    type    Pd    Qd    Gs    Bs    area    Vm    Va    baseKV    zone    Vmax    Vmin
mpc.bus = [
	101	2	42.777832774736844	8.71400297263158	0.0	0.0	1	1.0330877067377717	2.523118611098564	138.0	11	1.05	0.95				
	102	2	38.420831288421056	7.921820884210527	0.0	0.0	1	1.032128558153746	2.2425492360768744	138.0	12	1.05	0.95				
	103	1	71.29638795789474	14.655368635789474	0.0	0.0	1	1.0313381512798734	1.6752758100368337	138.0	11	1.05	0.95				
	104	1	29.310737271578947	5.941365663157894	0.0	0.0	1	1.0214479014890283	-0.7981835372823043	138.0	11	1.05	0.95				
	105	1	28.122464138947368	5.545274618947369	0.0	0.0	1	1.0360283320663528	-0.6476419609445981	138.0	11	1.05	0.95				
	106	1	53.868382012631585	11.090549237894738	0.0	-100.0	1	1.046074922347924	-2.8744000932495024	138.0	12	1.05	0.95				
	107	2	49.51138052631579	9.902276105263159	0.0	0.0	1	0.9998269977725253	-8.987477356825728	138.0	12	1.05	0.95				
	108	1	67.73156856	13.86318654736842	0.0	0.0	1	1.0046029282670832	-7.312510220837699	138.0	12	1.05	0.95				
	109	1	69.31593273684211	14.259277591578948	0.0	0.0	1	1.024525736387843	-1.6765834315292922	138.0	13	1.05	0.95				
	110	1	77.23775362105263	15.843641768421055	0.0	0.0	1	1.05	-2.6119309858834785	138.0	13	1.05	0.95				
	111	1	0.0	0.0	0.0	0.0	1	1.0037746887766186	0.2108699787913568	230.0	13	1.05	0.95				
	112	1	0.0	0.0	0.0	0.0	1	1.0076033322421225	-0.36242374971384406	230.0	13	1.05	0.95				
	113	3	104.96412671578948	21.388916387368422	0.0	0.0	1	0.9935014847913056	-5.3940083857297676e-30	230.0	14	1.05	0.95				
	114	2	76.84166257684211	15.447550724210526	0.0	0.0	1	1.0039135987743082	2.8721543878282056	230.0	16	1.05	0.95				
	115	2	125.56086101473684	25.349826829473688	0.0	0.0	1	1.0416686087588727	10.118588889430445	230.0	16	1.05	0.95				
	116	2	39.609104421052635	7.921820884210527	0.0	0.0	1	1.0351659012369896	8.890961371501843	230.0	16	1.05	0.95				
	117	1	0.0	0.0	0.0	0.0	1	1.0405372325249973	13.592939240500755	230.0	17	1.05	0.95				
	118	2	131.89831772210528	26.934191006315793	0.0	0.0	1	1.0488989308134162	13.851171000446202	230.0	17	1.05	0.95				
	119	1	71.69247900210527	14.655368635789474	0.0	0.0	1	1.0236890147353777	5.872027963157163	230.0	15	1.05	0.95				
	120	1	50.699653658947376	10.298367149473684	0.0	0.0	1	1.018182063756347	3.986742538311782	230.0	15	1.05	0.95				
	121	2	0.0	0.0	0.0	0.0	1	1.05	15.04582827118254	230.0	17	1.05	0.95				
	122	2	0.0	0.0	0.0	0.0	1	1.05	30.707031294568257	230.0	17	1.05	0.95				
	123	2	0.0	0.0	0.0	0.0	1	1.0157447934457293	3.253673365217432	230.0	15	1.05	0.95				
	124	1	0.0	0.0	0.0	0.0	1	1.027082799448309	6.958800430733526	230.0	16	1.05	0.95				
	201	2	38.84464034526316	7.912797107368422	0.0	0.0	2	1.013606233101689	-12.401095756647932	138.0	21	1.05	0.95				
	202	2	34.88824179157894	7.193451915789474	0.0	0.0	2	1.0127094726664059	-12.674455543620226	138.0	22	1.05	0.95				
	203	1	64.74106724210526	13.307886044210527	0.0	0.0	2	1.015715741431641	-8.956279371750615	138.0	21	1.05	0.95				
	204	1	26.615772088421053	5.3950889368421056	0.0	0.0	2	1.012825169998387	-12.413079932693746	138.0	21	1.05	0.95				
	205	1	25.536754301052632	5.035416341052632	0.0	0.0	2	1.0275500506895865	-12.793958366066118	138.0	21	1.05	0.95				
	206	1	48.91547302736843	10.070832682105264	0.0	-100.0	2	1.0435781526868118	-13.48568566543402	138.0	22	1.05	0.95				
	207	2	44.95907447368421	8.991814894736843	0.0	0.0	2	0.9960702591173892	-17.717461171927614	138.0	22	1.05	0.95				
	208	1	61.504013879999995	12.588540852631578	0.0	0.0	2	1.0033407805792056	-16.140010307821456	138.0	22	1.05	0.95				
	209	1	62.9427042631579	12.948213448421054	0.0	0.0	2	1.0227530344975664	-10.702927969802833	138.0	23	1.05	0.95				
	210	1	70.13615617894737	14.386903831578948	0.0	0.0	2	1.05	-12.026500098044968	138.0	23	1.05	0.95				
	211	1	0.0	0.0	0.0	0.0	2	1.0034495283190865	-7.957425912351701	230.0	23	1.05	0.95				
	212	1	0.0	0.0	0.0	0.0	2	1.00650500848991	-7.262827179480882	230.0	23	1.05	0.95				
	213	2	95.31323788421052	19.42232017263158	0.0	0.0	2	0.9978980550566324	-6.658821674849604	230.0	24	1.05	0.95				
	214	2	69.77648358315788	14.027231235789476	0.0	0.0	2	1.0029059578876356	-5.5487869737551385	230.0	26	1.05	0.95				
	215	2	114.01621286526316	23.019046130526316	0.0	0.0	2	1.0196087935485527	0.1811987625260326	230.0	26	1.05	0.95				
	216	2	35.96725957894737	7.193451915789474	0.0	0.0	2	1.020771332326112	0.02402295297282689	230.0	26	1.05	0.95				
	217	1	0.0	0.0	0.0	0.0	2	1.0254723405218649	1.5232841402599384	230.0	27	1.05	0.95				
	218	2	119.77097439789475	24.457736513684214	0.0	0.0	2	1.0248742162689475	1.1329497848215548	230.0	27	1.05	0.95				
	219	1	65.10073983789474	13.307886044210527	0.0	0.0	2	1.0216977270962053	-0.08674571325902922	230.0	25	1.05	0.95				
	220	1	46.03809226105263	9.351487490526317	0.0	0.0	2	1.0245737707684384	0.5274007162077627	230.0	25	1.05	0.95				
	221	2	0.0	0.0	0.0	0.0	2	1.0267086206852416	1.6167600959905137	230.0	27	1.05	0.95				
	222	2	0.0	0.0	0.0	0.0	2	1.0485795149060657	8.088024338437302	230.0	27	1.05	0.95				
	223	2	0.0	0.0	0.0	0.0	2	1.0265407822652473	1.142354795399422	230.0	25	1.05	0.95				
	224	1	0.0	0.0	0.0	0.0	2	1.0069033784676236	-3.2624061087835132	230.0	26	1.05	0.95				
	301	2	49.951281258947375	10.175260997192982	0.0	0.0	3	1.0085277570283164	-13.141039555477873	138.0	31	1.05	0.95				
	302	2	44.86365076035088	9.25023727017544	0.0	0.0	3	1.0080298261887226	-13.307508203936123	138.0	32	1.05	0.95				
	303	1	83.25213543157895	17.11293894982456	0.0	0.0	3	1.034820440967926	-5.3899083084883	138.0	31	1.05	0.95				
	304	1	34.22587789964912	6.937677952631578	0.0	0.0	3	1.0110778776079317	-11.688615394861772	138.0	31	1.05	0.95				
	305	1	32.8383423091228	6.475166089122808	0.0	0.0	3	1.0233736467285195	-13.032170263183401	138.0	31	1.05	0.95				
	306	1	62.901613437192985	12.950332178245617	0.0	-100.0	3	1.039486425103042	-13.510679061216704	138.0	32	1.05	0.95				
	307	2	57.813982938596496	11.562796587719298	0.0	0.0	3	0.9921037215316549	-18.280068569028053	138.0	32	1.05	0.95				
	308	1	79.08952866	16.187915222807018	0.0	0.0	3	0.9980094602677009	-16.177236745128106	138.0	32	1.05	0.95				
	309	1	80.93957611403508	16.650427086315787	0.0	0.0	3	1.028524014019968	-8.482771281498254	138.0	33	1.05	0.95				
	310	1	90.18981338421052	18.50047454035088	0.0	0.0	3	1.05	-11.434001412276926	138.0	33	1.05	0.95				
	311	1	0.0	0.0	0.0	0.0	3	1.0101611507015313	-5.8554860132202275	230.0	33	1.05	0.95				
	312	1	0.0	0.0	0.0	0.0	3	1.0137794370573736	-5.255226449129902	230.0	33	1.05	0.95				
	313	2	122.56564382982455	24.975640629473688	0.0	0.0	3	1.0125865324724996	-2.5655539642624476	230.0	34	1.05	0.95				
	314	2	89.72730152070176	18.037962676842106	0.0	0.0	3	1.009646291329586	-4.532172182842765	230.0	36	1.05	0.95				
	315	2	146.6162607322807	29.600759264561404	0.0	0.0	3	1.0363706168430054	-0.18932691262254295	230.0	36	1.05	0.95				
	316	2	46.25118635087719	9.25023727017544	0.0	0.0	3	1.0355387301898744	0.08761034776514852	230.0	36	1.05	0.95				
	317	1	0.0	0.0	0.0	0.0	3	1.0453059928708286	4.291906159431593	230.0	37	1.05	0.95				
	318	2	154.01645054842106	31.450806718596493	0.0	0.0	3	1.0417190591783727	2.595566687047231	230.0	37	1.05	0.95				
	319	1	83.71464729508772	17.11293894982456	0.0	0.0	3	1.0307962153582066	-0.5657107487499233	230.0	35	1.05	0.95				
	320	1	59.20151852912281	12.02530845122807	0.0	0.0	3	1.029939450300946	-0.24179255292792295	230.0	35	1.05	0.95				
	321	2	0.0	0.0	0.0	0.0	3	1.0416063456734135	2.2673947113060504	230.0	37	1.05	0.95				
	322	2	0.0	0.0	0.0	0.0	3	1.05	7.390481239519809	230.0	37	1.05	0.95				
	323	2	0.0	0.0	0.0	0.0	3	1.0302419343042095	0.28998451470945713	230.0	35	1.05	0.95				
	324	1	0.0	0.0	0.0	0.0	3	1.0282820559777053	-2.149533199396126	230.0	36	1.05	0.95				
	325	1	0.0	0.0	0.0	0.0	3	1.0275589514086674	1.5328460282667837	230.0	35	1.05	0.95				
];
