%% MATPOWER Case Format : Version 2
function mpc = RTS_GMLC
mpc.version = '2';

%%-----  Power Flow Data  -----%%
%% system MVA base
mpc.baseMVA = 100.0;
%% bus data
%    bus_i    type    Pd    Qd    Gs    Bs    area    Vm    Va    baseKV    zone    Vmax    Vmin
mpc.bus = [
	101	2	35.683819889684216	7.268926273824563	0.0	0.0	1	1.0108615947352197	0.4926665636524146	138.0	11	1.05	0.95				
	102	2	32.04935675277193	6.608114794385965	0.0	0.0	1	1.0088874389330627	-0.08329559987351433	138.0	12	1.05	0.95				
	103	1	59.473033149473686	12.225012369614035	0.0	0.0	1	1.0285629440060318	3.281105416909109	138.0	11	1.05	0.95				
	104	1	24.45002473922807	4.956086095789474	0.0	0.0	1	1.012679940329991	-1.4275798467083725	138.0	11	1.05	0.95				
	105	1	23.458807520070177	4.625680356070176	0.0	0.0	1	1.0262292908160422	-1.5744052678848899	138.0	11	1.05	0.95				
	106	1	44.93518060182456	9.251360712140352	0.0	-100.0	1	1.0430099593414421	-3.2078819209759235	138.0	12	1.05	0.95				
	107	2	41.30071746491228	8.260143492982456	0.0	0.0	1	0.9825731434964958	-9.293019144614485	138.0	12	1.05	0.95				
	108	1	56.499381492	11.564200890175439	0.0	0.0	1	0.9961357681013769	-7.138004470204477	138.0	12	1.05	0.95				
	109	1	57.8210044508772	11.894606629894737	0.0	0.0	1	1.0243741751831643	-1.1336233975108334	138.0	13	1.05	0.95				
	110	1	64.42911924526315	13.21622958877193	0.0	0.0	1	1.05	-2.566309865643698	138.0	13	1.05	0.95				
	111	1	0.0	0.0	0.0	0.0	1	1.0117170606788937	1.0984757588513305	230.0	13	1.05	0.95				
	112	1	0.0	0.0	0.0	0.0	1	1.0095604099490352	-0.1967722861381053	230.0	13	1.05	0.95				
	113	3	87.55752102561404	17.841909944842108	0.0	0.0	1	0.9862252427671168	4.85962630551241e-31	230.0	14	1.05	0.95				
	114	2	64.09871350554386	12.885823849052633	0.0	0.0	1	1.0360572842512714	4.962326453847763	230.0	16	1.05	0.95				
	115	2	104.73861949101754	21.14596734203509	0.0	0.0	1	1.0425742105755966	14.382285349762874	230.0	16	1.05	0.95				
	116	2	33.040573971929824	6.608114794385965	0.0	0.0	1	1.041143257184667	12.503082467130465	230.0	16	1.05	0.95				
	117	1	0.0	0.0	0.0	0.0	1	1.0408863343833232	18.491777578468497	230.0	17	1.05	0.95				
	118	2	110.02511132652633	22.46759030091228	0.0	0.0	1	1.0499999809841665	19.089620025721604	230.0	17	1.05	0.95				
	119	1	59.80343888919298	12.225012369614035	0.0	0.0	1	1.0362821296863614	8.08101694682097	230.0	15	1.05	0.95				
	120	1	42.29193468407018	8.590549232701756	0.0	0.0	1	1.0383329188463728	4.865690760183846	230.0	15	1.05	0.95				
	121	2	0.0	0.0	0.0	0.0	1	1.0433573330563033	20.50820066429619	230.0	17	1.05	0.95				
	122	2	0.0	0.0	0.0	0.0	1	1.05	38.46860016108731	230.0	17	1.05	0.95				
	123	2	0.0	0.0	0.0	0.0	1	1.0404137897645371	3.3522873706098366	230.0	15	1.05	0.95				
	124	1	0.0	0.0	0.0	0.0	1	1.0234458033366147	10.237118020744779	230.0	16	1.05	0.95				
	201	2	38.997638905263166	7.943963480701754	0.0	0.0	2	1.0136970883510876	-16.270703781529285	138.0	21	1.05	0.95				
	202	2	35.02565716491228	7.221784982456141	0.0	0.0	2	1.0128582482086703	-16.576228598119222	138.0	22	1.05	0.95				
	203	1	64.99606484210527	13.36030221754386	0.0	0.0	2	1.0112462638922473	-11.710617806202372	138.0	21	1.05	0.95				
	204	1	26.72060443508772	5.416338736842106	0.0	0.0	2	1.0119615153302894	-16.38745038247922	138.0	21	1.05	0.95				
	205	1	25.637336687719298	5.055249487719299	0.0	0.0	2	1.0275864406142767	-16.86207660848716	138.0	21	1.05	0.95				
	206	1	49.10813788070176	10.110498975438597	0.0	-100.0	2	1.0435489134604532	-17.668322670736696	138.0	22	1.05	0.95				
	207	2	45.13615614035088	9.027231228070177	0.0	0.0	2	0.9963890061972215	-21.91306155910344	138.0	22	1.05	0.95				
	208	1	61.74626160000001	12.638123719298248	0.0	0.0	2	1.0030918625913048	-20.32051997683952	138.0	22	1.05	0.95				
	209	1	63.190618596491234	12.999212968421054	0.0	0.0	2	1.021093260607036	-14.72655916338825	138.0	23	1.05	0.95				
	210	1	70.41240357894736	14.443569964912282	0.0	0.0	2	1.05	-16.288770400634753	138.0	23	1.05	0.95				
	211	1	0.0	0.0	0.0	0.0	2	1.0049230045994657	-12.120730793188205	230.0	23	1.05	0.95				
	212	1	0.0	0.0	0.0	0.0	2	1.0059252548174915	-11.946986366686533	230.0	23	1.05	0.95				
	213	2	95.68865101754386	19.498819452631583	0.0	0.0	2	0.9968840576997322	-11.389672787493257	230.0	24	1.05	0.95				
	214	2	70.05131432982456	14.082480715789474	0.0	0.0	2	1.0089676935105119	-9.26654990739813	230.0	26	1.05	0.95				
	215	2	114.46529197192983	23.10971194385965	0.0	0.0	2	1.022776015890818	-2.3195052007610233	230.0	26	1.05	0.95				
	216	2	36.108924912280706	7.221784982456141	0.0	0.0	2	1.0254016916016075	-3.048529595925602	230.0	26	1.05	0.95				
	217	1	0.0	0.0	0.0	0.0	2	1.0325077761817552	-0.793532713735587	230.0	27	1.05	0.95				
	218	2	120.24271995789475	24.55406894035088	0.0	0.0	2	1.0313887485717623	-1.233612355176303	230.0	27	1.05	0.95				
	219	1	65.35715409122808	13.36030221754386	0.0	0.0	2	1.0218619572604188	-4.319400584857212	230.0	25	1.05	0.95				
	220	1	46.2194238877193	9.388320477192984	0.0	0.0	2	1.0211520512492636	-4.714298259697537	230.0	25	1.05	0.95				
	221	2	0.0	0.0	0.0	0.0	2	1.0315837258639504	-0.7958071554142064	230.0	27	1.05	0.95				
	222	2	0.0	0.0	0.0	0.0	2	1.05	5.699605644620982	230.0	27	1.05	0.95				
	223	2	0.0	0.0	0.0	0.0	2	1.0209729863579027	-4.64899149983885	230.0	25	1.05	0.95				
	224	1	0.0	0.0	0.0	0.0	2	1.0068885194706005	-5.831060899890354	230.0	26	1.05	0.95				
	301	2	42.22967415157895	8.602341030877191	0.0	0.0	3	1.010332914499739	-4.8282784300097985	138.0	31	1.05	0.95				
	302	2	37.92850363614034	7.820310028070175	0.0	0.0	3	1.0102035438571624	-4.924692955862599	138.0	32	1.05	0.95				
	303	1	70.38279025263157	14.46757355192982	0.0	0.0	3	1.0260246393804873	-0.09782182233219479	138.0	31	1.05	0.95				
	304	1	28.93514710385964	5.86523252105263	0.0	0.0	3	1.0124262694293251	-3.5873914689408464	138.0	31	1.05	0.95				
	305	1	27.76210059964912	5.474217019649123	0.0	0.0	3	1.025206612288313	-4.3008819122533035	138.0	31	1.05	0.95				
	306	1	53.1781081908772	10.948434039298245	0.0	-100.0	3	1.0420780221079862	-4.484905643517233	138.0	32	1.05	0.95				
	307	2	48.87693767543859	9.775387535087718	0.0	0.0	3	0.990812586165164	-8.59354402033828	138.0	32	1.05	0.95				
	308	1	66.86365074	13.685542549122804	0.0	0.0	3	0.9997881666919151	-6.878354819863058	138.0	32	1.05	0.95				
	309	1	68.42771274561402	14.076558050526314	0.0	0.0	3	1.026083075772692	-0.8886624436036987	138.0	33	1.05	0.95				
	310	1	76.2480227736842	15.64062005614035	0.0	0.0	3	1.05	-2.5133363623274585	138.0	33	1.05	0.95				
	311	1	0.0	0.0	0.0	0.0	3	1.00554993865155	2.7718725163536586	230.0	33	1.05	0.95				
	312	1	0.0	0.0	0.0	0.0	3	1.0085803795815012	3.1563102094238147	230.0	33	1.05	0.95				
	313	2	103.6191078719298	21.114837075789474	0.0	0.0	3	1.0070247700711976	6.121976604749943	230.0	34	1.05	0.95				
	314	2	75.85700727228068	15.24960455473684	0.0	0.0	3	1.0034963125611962	4.4434201160237485	230.0	36	1.05	0.95				
	315	2	123.95191394491225	25.02499208982456	0.0	0.0	3	1.0370323982626604	8.380955885430053	230.0	36	1.05	0.95				
	316	2	39.101550140350874	7.820310028070175	0.0	0.0	3	1.0356396938977595	9.047423371039583	230.0	36	1.05	0.95				
	317	1	0.0	0.0	0.0	0.0	3	1.05	13.72387991556615	230.0	37	1.05	0.95				
	318	2	130.2081619673684	26.5890540954386	0.0	0.0	3	1.0464350574755823	10.6236259847874	230.0	37	1.05	0.95				
	319	1	70.77380575403508	14.46757355192982	0.0	0.0	3	1.0260258565484686	8.234166673368605	230.0	35	1.05	0.95				
	320	1	50.04998417964912	10.166403036491227	0.0	0.0	3	1.0201698094064373	8.284802835906406	230.0	35	1.05	0.95				
	321	2	0.0	0.0	0.0	0.0	3	1.04456604070566	10.539976698560977	230.0	37	1.05	0.95				
	322	2	0.0	0.0	0.0	0.0	3	1.05	16.131473715162276	230.0	37	1.05	0.95				
	323	2	0.0	0.0	0.0	0.0	3	1.0173523351668246	8.621590976951007	230.0	35	1.05	0.95				
	324	1	0.0	0.0	0.0	0.0	3	1.022201697280051	5.210271937674909	230.0	36	1.05	0.95				
	325	1	0.0	0.0	0.0	0.0	3	1.0166285435476121	9.63929076769169	230.0	35	1.05	0.95				
];
