%% MATPOWER Case Format : Version 2
function mpc = RTS_GMLC
mpc.version = '2';

%%-----  Power Flow Data  -----%%
%% system MVA base
mpc.baseMVA = 100.0;
%% bus data
%    bus_i    type    Pd    Qd    Gs    Bs    area    Vm    Va    baseKV    zone    Vmax    Vmin
mpc.bus = [
	101	2	43.258782770526324	8.811974268070175	0.0	0.0	1	1.0100956434764239	-0.10486275093355192	138.0	11	1.05	0.95				
	102	2	38.85279563649123	8.010885698245614	0.0	0.0	1	1.0078101673112387	-0.7506964079461806	138.0	12	1.05	0.95				
	103	1	72.09797128421053	14.820138541754387	0.0	0.0	1	1.0261166529846093	1.8282809430691118	138.0	11	1.05	0.95				
	104	1	29.640277083508774	6.00816427368421	0.0	0.0	1	1.0111870241865086	-2.503839494715742	138.0	11	1.05	0.95				
	105	1	28.43864422877193	5.607619988771931	0.0	0.0	1	1.0247311951951388	-2.524457861999148	138.0	11	1.05	0.95				
	106	1	54.47402274807018	11.215239977543861	0.0	-100.0	1	1.0406298698691558	-4.415393198622019	138.0	12	1.05	0.95				
	107	2	50.06803561403509	10.013607122807018	0.0	0.0	1	0.9850101427615972	-10.279823669661042	138.0	12	1.05	0.95				
	108	1	68.49307272	14.019049971929826	0.0	0.0	1	0.9957108092843968	-8.403670802345422	138.0	12	1.05	0.95				
	109	1	70.09524985964913	14.419594256842105	0.0	0.0	1	1.025187253575738	-2.253429699534839	138.0	13	1.05	0.95				
	110	1	78.10613555789475	16.02177139649123	0.0	0.0	1	1.05	-3.6429894112437027	138.0	13	1.05	0.95				
	111	1	0.0	0.0	0.0	0.0	1	1.016633045299145	0.2965923357664513	230.0	13	1.05	0.95				
	112	1	0.0	0.0	0.0	0.0	1	1.0123873984723564	-0.735503686852574	230.0	13	1.05	0.95				
	113	3	106.14423550175438	21.629391385263162	0.0	0.0	1	0.9938271115957898	-1.4455678972092782e-27	230.0	14	1.05	0.95				
	114	2	77.70559127298246	15.621227111578948	0.0	0.0	1	1.0433641894445576	3.7349100104895196	230.0	16	1.05	0.95				
	115	2	126.972538317193	25.634834234385966	0.0	0.0	1	1.0423670660375046	12.93032092726463	230.0	16	1.05	0.95				
	116	2	40.05442849122807	8.010885698245614	0.0	0.0	1	1.0423625133997632	11.170157719020835	230.0	16	1.05	0.95				
	117	1	0.0	0.0	0.0	0.0	1	1.0410131161497589	17.08032591404545	230.0	17	1.05	0.95				
	118	2	133.3812468757895	27.23701137403509	0.0	0.0	1	1.0495052603716792	17.63269170991168	230.0	17	1.05	0.95				
	119	1	72.49851556912282	14.820138541754387	0.0	0.0	1	1.0378809885286058	7.053278806815862	230.0	15	1.05	0.95				
	120	1	51.26966846877193	10.414151407719299	0.0	0.0	1	1.0403002204652703	4.235419294892937	230.0	15	1.05	0.95				
	121	2	0.0	0.0	0.0	0.0	1	1.043271925012341	19.164194712520626	230.0	17	1.05	0.95				
	122	2	0.0	0.0	0.0	0.0	1	1.05	37.12531350666639	230.0	17	1.05	0.95				
	123	2	0.0	0.0	0.0	0.0	1	1.0426202044616937	2.9904900293109944	230.0	15	1.05	0.95				
	124	1	0.0	0.0	0.0	0.0	1	1.0224047919586212	8.793813699805082	230.0	16	1.05	0.95				
	201	2	44.43758852210527	9.052101365614035	0.0	0.0	2	1.0125729004979733	-15.22752200374143	138.0	21	1.05	0.95				
	202	2	39.91153783929825	8.229183059649124	0.0	0.0	2	1.0117505587541817	-15.517198792794389	138.0	22	1.05	0.95				
	203	1	74.0626475368421	15.223988660350878	0.0	0.0	2	1.0117714418155286	-10.991570424708252	138.0	21	1.05	0.95				
	204	1	30.447977320701757	6.171887294736842	0.0	0.0	2	1.0110778702167167	-15.068424184246947	138.0	21	1.05	0.95				
	205	1	29.213599861754386	5.760428141754387	0.0	0.0	2	1.0262740098611887	-15.53115671381209	138.0	21	1.05	0.95				
	206	1	55.958444805614036	11.520856283508774	0.0	-100.0	2	1.041871187950986	-16.218543832901577	138.0	22	1.05	0.95				
	207	2	51.432394122807025	10.286478824561405	0.0	0.0	2	0.9950218030499278	-21.132891805131106	138.0	22	1.05	0.95				
	208	1	70.35951516	14.401070354385965	0.0	0.0	2	1.0005906730066545	-19.27861238915416	138.0	22	1.05	0.95				
	209	1	72.00535177192982	14.81252950736842	0.0	0.0	2	1.022440584612652	-12.994219999574948	138.0	23	1.05	0.95				
	210	1	80.23453483157896	16.458366119298248	0.0	0.0	2	1.05	-14.509552374717856	138.0	23	1.05	0.95				
	211	1	0.0	0.0	0.0	0.0	2	1.0077889945310448	-9.853404751775434	230.0	23	1.05	0.95				
	212	1	0.0	0.0	0.0	0.0	2	1.008084184222575	-8.933561895570602	230.0	23	1.05	0.95				
	213	2	109.03667554035088	22.218794261052636	0.0	0.0	2	1.0042277375012316	-8.266010956491524	230.0	24	1.05	0.95				
	214	2	79.8230756785965	16.04690696631579	0.0	0.0	2	1.0116892701023805	-7.257247700356869	230.0	26	1.05	0.95				
	215	2	130.4325514954386	26.333385790877195	0.0	0.0	2	1.025311171073776	-0.9508038640169526	230.0	26	1.05	0.95				
	216	2	41.14591529824562	8.229183059649124	0.0	0.0	2	1.0278887809107908	-1.0847287763462348	230.0	26	1.05	0.95				
	217	1	0.0	0.0	0.0	0.0	2	1.034502799381598	0.47463994777246904	230.0	27	1.05	0.95				
	218	2	137.0158979431579	27.979222402807018	0.0	0.0	2	1.03265936524728	-0.02529343775088339	230.0	27	1.05	0.95				
	219	1	74.47410668982457	15.223988660350878	0.0	0.0	2	1.0275156645295183	-0.898965035620497	230.0	25	1.05	0.95				
	220	1	52.66677158175439	10.69793797754386	0.0	0.0	2	1.0298919901697654	0.06329852380468697	230.0	25	1.05	0.95				
	221	2	0.0	0.0	0.0	0.0	2	1.0330793615187834	0.46683392126606993	230.0	27	1.05	0.95				
	222	2	0.0	0.0	0.0	0.0	2	1.05	6.966175312349922	230.0	27	1.05	0.95				
	223	2	0.0	0.0	0.0	0.0	2	1.0319463924727885	0.9048883046015381	230.0	25	1.05	0.95				
	224	1	0.0	0.0	0.0	0.0	2	1.0078870657888475	-4.699041009235507	230.0	26	1.05	0.95				
	301	2	43.767162303157896	8.915533061754386	0.0	0.0	3	1.0113390706439678	-2.2905143810589075	138.0	31	1.05	0.95				
	302	2	39.3093957722807	8.105030056140352	0.0	0.0	3	1.0110907031245662	-2.4652200832126265	138.0	32	1.05	0.95				
	303	1	72.94527050526315	14.994305603859647	0.0	0.0	3	1.037425818800598	5.057011332272695	138.0	31	1.05	0.95				
	304	1	29.988611207719295	6.078772542105263	0.0	0.0	3	1.0130874537613952	-1.2190495999549706	138.0	31	1.05	0.95				
	305	1	28.772856699298245	5.673521039298246	0.0	0.0	3	1.0256796472302327	-2.3057790901317117	138.0	31	1.05	0.95				
	306	1	55.1142043817544	11.347042078596491	0.0	-100.0	3	1.041899791250358	-2.807658102692617	138.0	32	1.05	0.95				
	307	2	50.65643785087719	10.131287570175438	0.0	0.0	3	0.9908216266807466	-6.951088308680514	138.0	32	1.05	0.95				
	308	1	69.29800698000001	14.183802598245613	0.0	0.0	3	0.9993622297437222	-5.160877980785782	138.0	32	1.05	0.95				
	309	1	70.91901299122807	14.589054101052632	0.0	0.0	3	1.0270041080229935	1.4608986075053056	138.0	33	1.05	0.95				
	310	1	79.02404304736842	16.210060112280704	0.0	0.0	3	1.05	-1.014940291883849	138.0	33	1.05	0.95				
	311	1	0.0	0.0	0.0	0.0	3	1.0062358048403839	3.8841564993892352	230.0	33	1.05	0.95				
	312	1	0.0	0.0	0.0	0.0	3	1.010030517367292	4.333081420890593	230.0	33	1.05	0.95				
	313	2	107.39164824385965	21.883581151578948	0.0	0.0	3	1.0075747643224593	6.992778329545891	230.0	34	1.05	0.95				
	314	2	78.6187915445614	15.804808609473685	0.0	0.0	3	1.0018239981527204	4.958601161249172	230.0	36	1.05	0.95				
	315	2	128.46472638982456	25.936096179649127	0.0	0.0	3	1.0347197426101074	8.618166687279627	230.0	36	1.05	0.95				
	316	2	40.52515028070175	8.105030056140352	0.0	0.0	3	1.0324886066085968	8.837996759601667	230.0	36	1.05	0.95				
	317	1	0.0	0.0	0.0	0.0	3	1.0460810013323578	13.067394829040554	230.0	37	1.05	0.95				
	318	2	134.94875043473684	27.5571021908772	0.0	0.0	3	1.0431991707724408	10.678892393704041	230.0	37	1.05	0.95				
	319	1	73.35052200807017	14.994305603859647	0.0	0.0	3	1.0233392456930261	8.123684848006363	230.0	35	1.05	0.95				
	320	1	51.87219235929825	10.536539072982457	0.0	0.0	3	1.0180450598912323	8.29348402210148	230.0	35	1.05	0.95				
	321	2	0.0	0.0	0.0	0.0	3	1.0419160498886353	10.623137311511057	230.0	37	1.05	0.95				
	322	2	0.0	0.0	0.0	0.0	3	1.05	15.91310344321055	230.0	37	1.05	0.95				
	323	2	0.0	0.0	0.0	0.0	3	1.0156350755130723	8.708096327757094	230.0	35	1.05	0.95				
	324	1	0.0	0.0	0.0	0.0	3	1.0295462338305674	7.27063026516271	230.0	36	1.05	0.95				
	325	1	0.0	0.0	0.0	0.0	3	1.0156784429714039	9.609284493795794	230.0	35	1.05	0.95				
];
