%% MATPOWER Case Format : Version 2
function mpc = RTS_GMLC
mpc.version = '2';

%%-----  Power Flow Data  -----%%
%% system MVA base
mpc.baseMVA = 100.0;
%% bus data
%    bus_i    type    Pd    Qd    Gs    Bs    area    Vm    Va    baseKV    zone    Vmax    Vmin
mpc.bus = [
	101	2	47.48045521263158	9.671944580350878	0.0	0.0	1	1.044002828946898	4.163406890524339	138.0	11	1.05	0.95				
	102	2	42.64448292245614	8.792676891228071	0.0	0.0	1	1.0435094025581473	4.007640094242353	138.0	12	1.05	0.95				
	103	1	79.13409202105264	16.26645224877193	0.0	0.0	1	1.0299215555814087	0.27510190207392204	138.0	11	1.05	0.95				
	104	1	32.53290449754386	6.594507668421053	0.0	0.0	1	1.0265734418626893	0.12386481702398229	138.0	11	1.05	0.95				
	105	1	31.21400296385965	6.15487382385965	0.0	0.0	1	1.040389264091142	0.27576584839561297	138.0	11	1.05	0.95				
	106	1	59.79020286035088	12.3097476477193	0.0	-100.0	1	1.0469668602865478	-2.358641322528744	138.0	12	1.05	0.95				
	107	2	54.95423057017545	10.990846114035088	0.0	0.0	1	1.000095637375014	-8.121053455054065	138.0	12	1.05	0.95				
	108	1	75.17738742	15.387184559649123	0.0	0.0	1	1.0039595095048135	-6.924228997997843	138.0	12	1.05	0.95				
	109	1	76.93592279824561	15.826818404210528	0.0	0.0	1	1.0249725782978132	-1.794163828009596	138.0	13	1.05	0.95				
	110	1	85.72859968947368	17.585353782456142	0.0	0.0	1	1.05	-2.3291021092868927	138.0	13	1.05	0.95				
	111	1	0.0	0.0	0.0	0.0	1	1.0032508889332243	-0.391746414957505	230.0	13	1.05	0.95				
	112	1	0.0	0.0	0.0	0.0	1	1.0086200165501176	0.14591269195964277	230.0	13	1.05	0.95				
	113	3	116.50296880877194	23.74022760631579	0.0	0.0	1	0.994952140043602	1.6258596350017766e-28	230.0	14	1.05	0.95				
	114	2	85.28896584491228	17.14571993789474	0.0	0.0	1	0.9986163249921527	1.0631114464424334	230.0	16	1.05	0.95				
	115	2	139.3639287259649	28.13656605192983	0.0	0.0	1	1.038600775282849	5.827249213153307	230.0	16	1.05	0.95				
	116	2	43.96338445614035	8.792676891228071	0.0	0.0	1	1.0336359520778855	5.662511401049734	230.0	16	1.05	0.95				
	117	1	0.0	0.0	0.0	0.0	1	1.0422522648488217	7.0462470317013475	230.0	17	1.05	0.95				
	118	2	146.39807023894738	29.89510143017544	0.0	0.0	1	1.045115044752385	6.832571789474613	230.0	17	1.05	0.95				
	119	1	79.57372586561404	16.26645224877193	0.0	0.0	1	1.0266953126804774	4.968118256093941	230.0	15	1.05	0.95				
	120	1	56.27313210385966	11.430479958596493	0.0	0.0	1	1.023697008624346	5.217945080376464	230.0	15	1.05	0.95				
	121	2	0.0	0.0	0.0	0.0	1	1.05	7.634452673296479	230.0	17	1.05	0.95				
	122	2	0.0	0.0	0.0	0.0	1	1.05	14.246043669094574	230.0	17	1.05	0.95				
	123	2	0.0	0.0	0.0	0.0	1	1.0227145728087426	5.69758597574119	230.0	15	1.05	0.95				
	124	1	0.0	0.0	0.0	0.0	1	1.0275051162888849	3.752981722078557	230.0	16	1.05	0.95				
	201	2	47.66755861894737	9.710058237192982	0.0	0.0	2	1.029962168844278	-6.032970183245389	138.0	21	1.05	0.95				
	202	2	42.81252950035088	8.82732567017544	0.0	0.0	2	1.0304499814887051	-5.967657236370021	138.0	22	1.05	0.95				
	203	1	79.44593103157895	16.330552489824562	0.0	0.0	2	1.0187371314910998	-6.3251390542866455	138.0	21	1.05	0.95				
	204	1	32.661104979649124	6.620494252631579	0.0	0.0	2	1.0193122350775998	-8.270349903759186	138.0	21	1.05	0.95				
	205	1	31.33700612912281	6.179127969122808	0.0	0.0	2	1.0344000263381987	-8.354797432778838	138.0	21	1.05	0.95				
	206	1	60.025814557192994	12.358255938245616	0.0	-100.0	2	1.0448748372935497	-10.070017706996179	138.0	22	1.05	0.95				
	207	2	55.17078543859649	11.034157087719299	0.0	0.0	2	0.9894031889857401	-16.75398206425276	138.0	22	1.05	0.95				
	208	1	75.47363448	15.447819922807016	0.0	0.0	2	0.9962524083812686	-14.756958590884084	138.0	22	1.05	0.95				
	209	1	77.23909961403508	15.88918620631579	0.0	0.0	2	1.0230017210537512	-8.353274228831175	138.0	23	1.05	0.95				
	210	1	86.06642528421052	17.65465134035088	0.0	0.0	2	1.05	-9.303985069054212	138.0	23	1.05	0.95				
	211	1	0.0	0.0	0.0	0.0	2	1.005302896348678	-5.760593144366015	230.0	23	1.05	0.95				
	212	1	0.0	0.0	0.0	0.0	2	1.0096299579302137	-5.288325261994937	230.0	23	1.05	0.95				
	213	2	116.96206512982457	23.833779309473684	0.0	0.0	2	0.9991069294097723	-4.977094186231653	230.0	24	1.05	0.95				
	214	2	85.62505900070175	17.213285056842107	0.0	0.0	2	1.005977497320474	-3.26602001525821	230.0	26	1.05	0.95				
	215	2	139.9131118722807	28.2474421445614	0.0	0.0	2	1.0275839972279437	3.2036042396905233	230.0	26	1.05	0.95				
	216	2	44.136628350877196	8.82732567017544	0.0	0.0	2	1.028800499212017	2.897684604655539	230.0	26	1.05	0.95				
	217	1	0.0	0.0	0.0	0.0	2	1.0339587077523456	5.485195666878562	230.0	27	1.05	0.95				
	218	2	146.97497240842105	30.012907278596497	0.0	0.0	2	1.0354718372667282	5.951671234293683	230.0	27	1.05	0.95				
	219	1	79.88729731508772	16.330552489824562	0.0	0.0	2	1.0289093614103935	1.9369113754669411	230.0	25	1.05	0.95				
	220	1	56.4948842891228	11.475523371228071	0.0	0.0	2	1.0321131455848023	1.9601830059304262	230.0	25	1.05	0.95				
	221	2	0.0	0.0	0.0	0.0	2	1.0356367578940773	5.795282158270531	230.0	27	1.05	0.95				
	222	2	0.0	0.0	0.0	0.0	2	1.05	12.171134090073025	230.0	27	1.05	0.95				
	223	2	0.0	0.0	0.0	0.0	2	1.0344787979808525	2.307150070906364	230.0	25	1.05	0.95				
	224	1	0.0	0.0	0.0	0.0	2	1.0124883810119008	-0.3697771723103283	230.0	26	1.05	0.95				
	301	2	53.180006324210524	10.83296425122807	0.0	0.0	3	1.0072761572409465	-27.802289724640133	138.0	31	1.05	0.95				
	302	2	47.76352419859649	9.848149319298246	0.0	0.0	3	1.0067661785663087	-27.9234048324519	138.0	32	1.05	0.95				
	303	1	88.63334387368421	18.219076240701757	0.0	0.0	3	1.0226794981170286	-21.610298084084704	138.0	31	1.05	0.95				
	304	1	36.43815248140351	7.386111989473684	0.0	0.0	3	1.0087959274526548	-26.21957414458182	138.0	31	1.05	0.95				
	305	1	34.96093008350877	6.893704523508773	0.0	0.0	3	1.0220554596186984	-27.09861715234121	138.0	31	1.05	0.95				
	306	1	66.96741537122807	13.787409047017546	0.0	-100.0	3	1.0382421087701728	-27.27381935636354	138.0	32	1.05	0.95				
	307	2	61.55093324561404	12.310186649122807	0.0	0.0	3	0.9926409491963624	-32.760713652417266	138.0	32	1.05	0.95				
	308	1	84.20167668	17.23426130877193	0.0	0.0	3	0.996707608116443	-30.48565710380897	138.0	32	1.05	0.95				
	309	1	86.17130654385964	17.726668774736844	0.0	0.0	3	1.026742368434056	-22.816636199323295	138.0	33	1.05	0.95				
	310	1	96.0194558631579	19.69629863859649	0.0	0.0	3	1.05	-24.81266590480549	138.0	33	1.05	0.95				
	311	1	0.0	0.0	0.0	0.0	3	1.0132161027827842	-18.209400401051887	230.0	33	1.05	0.95				
	312	1	0.0	0.0	0.0	0.0	3	1.0141642161398041	-17.744503179859784	230.0	33	1.05	0.95				
	313	2	130.48797848070174	26.590003162105262	0.0	0.0	3	1.0171122229065541	-14.635949032635553	230.0	34	1.05	0.95				
	314	2	95.52704839719298	19.20389117263158	0.0	0.0	3	1.0209111306033456	-15.709493054127625	230.0	36	1.05	0.95				
	315	2	156.0931667108772	31.514077821754388	0.0	0.0	3	1.0440865820787895	-9.908744554129234	230.0	36	1.05	0.95				
	316	2	49.24074659649123	9.848149319298246	0.0	0.0	3	1.0437402920862573	-9.255528154616037	230.0	36	1.05	0.95				
	317	1	0.0	0.0	0.0	0.0	3	1.0476315684622743	-6.557867164498961	230.0	37	1.05	0.95				
	318	2	163.9716861663158	33.483707685614036	0.0	0.0	3	1.0461536987868343	-6.671840115009387	230.0	37	1.05	0.95				
	319	1	89.12575133964913	18.219076240701757	0.0	0.0	3	1.039692864280313	-10.380308259577708	230.0	35	1.05	0.95				
	320	1	63.028155643508775	12.80259411508772	0.0	0.0	3	1.0398585583940354	-10.426347075491188	230.0	35	1.05	0.95				
	321	2	0.0	0.0	0.0	0.0	3	1.0476622372393152	-6.748347794850855	230.0	37	1.05	0.95				
	322	2	0.0	0.0	0.0	0.0	3	1.05	-2.333144620134968	230.0	37	1.05	0.95				
	323	2	0.0	0.0	0.0	0.0	3	1.04075139369435	-10.083769091310131	230.0	35	1.05	0.95				
	324	1	0.0	0.0	0.0	0.0	3	1.0213970819957987	-14.248415352056128	230.0	36	1.05	0.95				
	325	1	0.0	0.0	0.0	0.0	3	1.0355222712473922	-8.621963558349238	230.0	35	1.05	0.95				
];
