%% MATPOWER Case Format : Version 2
function mpc = RTS_GMLC
mpc.version = '2';

%%-----  Power Flow Data  -----%%
%% system MVA base
mpc.baseMVA = 100.0;
%% bus data
%    bus_i    type    Pd    Qd    Gs    Bs    area    Vm    Va    baseKV    zone    Vmax    Vmin
mpc.bus = [
	101	2	67.39980207157895	13.729589310877193	0.0	0.0	1	1.018921495767633	-1.230956159885722	138.0	11	1.05	0.95				
	102	2	60.53500741614035	12.481444828070176	0.0	0.0	1	1.0185373560000428	-1.4426959134203106	138.0	12	1.05	0.95				
	103	1	112.3330034526316	23.090672931929827	0.0	0.0	1	1.0195387338436397	-0.5444943035672409	138.0	11	1.05	0.95				
	104	1	46.181345863859654	9.361083621052632	0.0	0.0	1	1.0117105173141938	-4.38430741913164	138.0	11	1.05	0.95				
	105	1	44.30912913964912	8.737011379649125	0.0	0.0	1	1.0257904745662565	-4.461061053885263	138.0	11	1.05	0.95				
	106	1	84.87382483087721	17.47402275929825	0.0	-100.0	1	1.0362710693813995	-6.865062087401291	138.0	12	1.05	0.95				
	107	2	78.0090301754386	15.601806035087721	0.0	0.0	1	0.9979346558893285	-12.347169639973389	138.0	12	1.05	0.95				
	108	1	106.71635327999999	21.84252844912281	0.0	0.0	1	0.9966200982209611	-11.180272074310768	138.0	12	1.05	0.95				
	109	1	109.21264224561405	22.466600690526317	0.0	0.0	1	1.0259185753266153	-4.215688551157318	138.0	13	1.05	0.95				
	110	1	121.69408707368422	24.96288965614035	0.0	0.0	1	1.05	-5.710151988483413	138.0	13	1.05	0.95				
	111	1	0.0	0.0	0.0	0.0	1	1.0244215600289435	-0.8552748172158734	230.0	13	1.05	0.95				
	112	1	0.0	0.0	0.0	0.0	1	1.018486613515279	-0.9921297652410334	230.0	13	1.05	0.95				
	113	3	165.37914397192984	33.69990103578947	0.0	0.0	1	1.0142142922565573	1.1718134514928944e-29	230.0	14	1.05	0.95				
	114	2	121.0700148322807	24.338817414736845	0.0	0.0	1	1.05	2.3823053228260007	230.0	16	1.05	0.95				
	115	2	197.83090052491227	39.940623449824564	0.0	0.0	1	1.0426502562323552	12.187797677482537	230.0	16	1.05	0.95				
	116	2	62.407224140350884	12.481444828070176	0.0	0.0	1	1.045199705561258	10.918268529521315	230.0	16	1.05	0.95				
	117	1	0.0	0.0	0.0	0.0	1	1.0421355894046496	15.920818477115855	230.0	17	1.05	0.95				
	118	2	207.8160563873684	42.436912415438606	0.0	0.0	1	1.0484496618650347	16.041108562422817	230.0	17	1.05	0.95				
	119	1	112.9570756940351	23.090672931929827	0.0	0.0	1	1.042151729922848	7.863075249158865	230.0	15	1.05	0.95				
	120	1	79.88124689964913	16.22587827649123	0.0	0.0	1	1.046302067310192	6.383808111227454	230.0	15	1.05	0.95				
	121	2	0.0	0.0	0.0	0.0	1	1.0433396004572433	17.66674298975998	230.0	17	1.05	0.95				
	122	2	0.0	0.0	0.0	0.0	1	1.05	35.627291922576596	230.0	17	1.05	0.95				
	123	2	0.0	0.0	0.0	0.0	1	1.05	6.0303566169106	230.0	15	1.05	0.95				
	124	1	0.0	0.0	0.0	0.0	1	1.0179467549819896	7.4713784632429805	230.0	16	1.05	0.95				
	201	2	64.25940501473684	13.089878799298244	0.0	0.0	2	1.0281930640149095	-14.135715668671217	138.0	21	1.05	0.95				
	202	2	57.714465615087704	11.899889817543858	0.0	0.0	2	1.0287053440372154	-14.13940199630973	138.0	22	1.05	0.95				
	203	1	107.09900835789472	22.014796162456136	0.0	0.0	2	1.0163576757690955	-12.37399182555834	138.0	21	1.05	0.95				
	204	1	44.02959232491227	8.924917363157894	0.0	0.0	2	1.0159751998235769	-16.043235939508065	138.0	21	1.05	0.95				
	205	1	42.2446088522807	8.3299228722807	0.0	0.0	2	1.0314873758783176	-16.336961417928734	138.0	21	1.05	0.95				
	206	1	80.91925075929825	16.6598457445614	0.0	-100.0	2	1.0401619417291799	-18.122181771347805	138.0	22	1.05	0.95				
	207	2	74.37431135964911	14.874862271929823	0.0	0.0	2	0.9880302047056021	-26.997333036225527	138.0	22	1.05	0.95				
	208	1	101.74405793999999	20.82480718070175	0.0	0.0	2	0.9886311999032541	-24.142391102251814	138.0	22	1.05	0.95				
	209	1	104.12403590350876	21.419801671578945	0.0	0.0	2	1.0237018516866445	-15.172191802739315	138.0	23	1.05	0.95				
	210	1	116.02392572105262	23.799779635087717	0.0	0.0	2	1.05	-16.67423860775016	138.0	23	1.05	0.95				
	211	1	0.0	0.0	0.0	0.0	2	1.0161785828925134	-11.449342162054956	230.0	23	1.05	0.95				
	212	1	0.0	0.0	0.0	0.0	2	1.0153377851692356	-10.410507370593228	230.0	23	1.05	0.95				
	213	2	157.6735400824561	32.12970250736842	0.0	0.0	2	1.0192672338881348	-9.934857981421722	230.0	24	1.05	0.95				
	214	2	115.42893123017541	23.204785144210526	0.0	0.0	2	1.0242045754039961	-8.317039624283483	230.0	26	1.05	0.95				
	215	2	188.61325360807015	38.07964741614035	0.0	0.0	2	1.038911152531581	-0.21201416502275305	230.0	26	1.05	0.95				
	216	2	59.49944908771929	11.899889817543858	0.0	0.0	2	1.0412906087734375	-0.2883404010510948	230.0	26	1.05	0.95				
	217	1	0.0	0.0	0.0	0.0	2	1.045484797918062	2.6135874473269265	230.0	27	1.05	0.95				
	218	2	198.13316546210524	40.459625379649125	0.0	0.0	2	1.0454099036627902	2.685912810520797	230.0	27	1.05	0.95				
	219	1	107.69400284877193	22.014796162456136	0.0	0.0	2	1.0412312421674195	-0.6211683947960231	230.0	25	1.05	0.95				
	220	1	76.1592948322807	15.469856762807016	0.0	0.0	2	1.0459089039152916	0.21047939413385727	230.0	25	1.05	0.95				
	221	2	0.0	0.0	0.0	0.0	2	1.0448187590503561	2.490793222271877	230.0	27	1.05	0.95				
	222	2	0.0	0.0	0.0	0.0	2	1.05	9.046993908730212	230.0	27	1.05	0.95				
	223	2	0.0	0.0	0.0	0.0	2	1.05	1.0991234375001016	230.0	25	1.05	0.95				
	224	1	0.0	0.0	0.0	0.0	2	1.0152539736351502	-4.718062499884879	230.0	26	1.05	0.95				
	301	2	74.27776020631579	15.130654856842105	0.0	0.0	3	1.0445687216549808	-6.627810737975967	138.0	31	1.05	0.95				
	302	2	66.71243277789473	13.75514077894737	0.0	0.0	3	1.0431342896484066	-7.028482893449225	138.0	32	1.05	0.95				
	303	1	123.79626701052631	25.44701044105263	0.0	0.0	3	1.05	11.843710742551302	138.0	31	1.05	0.95				
	304	1	50.89402088210526	10.316355584210525	0.0	0.0	3	1.010920889621803	-4.428252655087552	138.0	31	1.05	0.95				
	305	1	48.83074976526316	9.62859854526316	0.0	0.0	3	1.0320615770085484	-7.400568167142108	138.0	31	1.05	0.95				
	306	1	93.53495729684211	19.25719709052632	0.0	-100.0	3	1.0308222792604025	-8.605221174320238	138.0	32	1.05	0.95				
	307	2	85.96962986842105	17.19392597368421	0.0	0.0	3	0.95	-7.592762028191516	138.0	32	1.05	0.95				
	308	1	117.60645366	24.071496363157895	0.0	0.0	3	0.9605463269040235	-7.8407420497336355	138.0	32	1.05	0.95				
	309	1	120.35748181578947	24.759253402105262	0.0	0.0	3	1.0103058946358614	0.6366872993675629	138.0	33	1.05	0.95				
	310	1	134.11262259473685	27.51028155789474	0.0	0.0	3	1.0364398997123598	-5.991596019188665	138.0	33	1.05	0.95				
	311	1	0.0	0.0	0.0	0.0	3	0.997824833875289	0.06653211381048617	230.0	33	1.05	0.95				
	312	1	0.0	0.0	0.0	0.0	3	0.9993022517940358	0.8897614963424052	230.0	33	1.05	0.95				
	313	2	182.2556153210526	37.138880103157895	0.0	0.0	3	0.9964620688044327	3.195807540729146	230.0	34	1.05	0.95				
	314	2	133.42486555578947	26.822524518947365	0.0	0.0	3	1.0010199620260152	0.1847131412680091	230.0	36	1.05	0.95				
	315	2	218.01898134631577	44.01645049263158	0.0	0.0	3	1.05	4.734765367027253	230.0	36	1.05	0.95				
	316	2	68.77570389473684	13.75514077894737	0.0	0.0	3	1.0473210933485162	4.507171926050795	230.0	36	1.05	0.95				
	317	1	0.0	0.0	0.0	0.0	3	1.05	9.151828756491028	230.0	37	1.05	0.95				
	318	2	229.02309396947368	46.767478648421054	0.0	0.0	3	1.0414583316066366	6.726945329810138	230.0	37	1.05	0.95				
	319	1	124.48402404947367	25.44701044105263	0.0	0.0	3	1.0281065895786567	3.4823642939499844	230.0	35	1.05	0.95				
	320	1	88.03290098526315	17.88168301263158	0.0	0.0	3	1.017437148802068	3.905179710133134	230.0	35	1.05	0.95				
	321	2	0.0	0.0	0.0	0.0	3	1.0442436304511082	6.697772364468515	230.0	37	1.05	0.95				
	322	2	0.0	0.0	0.0	0.0	3	1.05	12.00163234204228	230.0	37	1.05	0.95				
	323	2	0.0	0.0	0.0	0.0	3	1.0135027805707306	4.679415071466622	230.0	35	1.05	0.95				
	324	1	0.0	0.0	0.0	0.0	3	1.0473457872916256	7.454724376582845	230.0	36	1.05	0.95				
	325	1	0.0	0.0	0.0	0.0	3	1.0125804229819133	5.793847130475461	230.0	35	1.05	0.95				
];
