%% MATPOWER Case Format : Version 2
function mpc = RTS_GMLC
mpc.version = '2';

%%-----  Power Flow Data  -----%%
%% system MVA base
mpc.baseMVA = 100.0;
%% bus data
%    bus_i    type    Pd    Qd    Gs    Bs    area    Vm    Va    baseKV    zone    Vmax    Vmin
mpc.bus = [
	101	2	46.705591288421054	9.514101929122807	0.0	0.0	1	1.049999880516776	4.11727955973823	138.0	11	1.05	0.95				
	102	2	41.94854032385965	8.649183571929825	0.0	0.0	1	1.0491837378410165	3.85246272635715	138.0	12	1.05	0.95				
	103	1	77.84265214736843	16.000989608070178	0.0	0.0	1	1.0321555330633398	1.184381957148401	138.0	11	1.05	0.95				
	104	1	32.001979216140356	6.486887678947369	0.0	0.0	1	1.0275045876414715	-0.24063210412571562	138.0	11	1.05	0.95				
	105	1	30.70460168035088	6.054428500350878	0.0	0.0	1	1.043431566371752	0.1353390476923079	138.0	11	1.05	0.95				
	106	1	58.81444828912281	12.108857000701756	0.0	-100.0	1	1.0484963470347695	-2.5800159058413152	138.0	12	1.05	0.95				
	107	2	54.05739732456141	10.811479464912281	0.0	0.0	1	1.0009021447924582	-7.566379486051116	138.0	12	1.05	0.95				
	108	1	73.95051954	15.136071250877192	0.0	0.0	1	1.0047400831723652	-6.683074551948925	138.0	12	1.05	0.95				
	109	1	75.68035625438597	15.568530429473684	0.0	0.0	1	1.0238893026471594	-1.9469221949770001	138.0	13	1.05	0.95				
	110	1	84.3295398263158	17.29836714385965	0.0	0.0	1	1.05	-2.6158802555995053	138.0	13	1.05	0.95				
	111	1	0.0	0.0	0.0	0.0	1	1.001685057611859	-0.7184846591747247	230.0	13	1.05	0.95				
	112	1	0.0	0.0	0.0	0.0	1	1.0060731487563719	-0.7165244156197355	230.0	13	1.05	0.95				
	113	3	114.60168232807018	23.352795644210527	0.0	0.0	1	0.9925704872568645	1.208740597167013e-26	230.0	14	1.05	0.95				
	114	2	83.8970806477193	16.865907965263162	0.0	0.0	1	0.996430821525652	0.35340819146057617	230.0	16	1.05	0.95				
	115	2	137.08955961508772	27.677387430175443	0.0	0.0	1	1.030002617373179	5.3354195729211495	230.0	16	1.05	0.95				
	116	2	43.245917859649126	8.649183571929825	0.0	0.0	1	1.0249957978130486	4.444864689980769	230.0	16	1.05	0.95				
	117	1	0.0	0.0	0.0	0.0	1	1.0341266815059629	7.415505842480557	230.0	17	1.05	0.95				
	118	2	144.0089064726316	29.407224144561404	0.0	0.0	1	1.0374014164818814	7.9628408009972595	230.0	17	1.05	0.95				
	119	1	78.27511132596491	16.000989608070178	0.0	0.0	1	1.0154518078296495	2.713274764287763	230.0	15	1.05	0.95				
	120	1	55.35477486035089	11.243938643508773	0.0	0.0	1	1.0102866178571042	1.8564821142299843	230.0	15	1.05	0.95				
	121	2	0.0	0.0	0.0	0.0	1	1.0403158891916797	9.168989598096005	230.0	17	1.05	0.95				
	122	2	0.0	0.0	0.0	0.0	1	1.05	15.186357948333747	230.0	17	1.05	0.95				
	123	2	0.0	0.0	0.0	0.0	1	1.0080259602713293	1.727091800074965	230.0	15	1.05	0.95				
	124	1	0.0	0.0	0.0	0.0	1	1.0242062165748818	3.7646547248010798	230.0	16	1.05	0.95				
	201	2	43.97859280421053	8.958602237894736	0.0	0.0	2	1.014519908861996	-6.728621219643092	138.0	21	1.05	0.95				
	202	2	39.49929168526315	8.144183852631578	0.0	0.0	2	1.0137262342051117	-6.943205908900242	138.0	22	1.05	0.95				
	203	1	73.29765467368419	15.06674012736842	0.0	0.0	2	1.0140513487886853	-4.949880291552948	138.0	21	1.05	0.95				
	204	1	30.13348025473684	6.108137889473683	0.0	0.0	2	1.0128381072091093	-6.296751327218249	138.0	21	1.05	0.95				
	205	1	28.9118526768421	5.700928696842105	0.0	0.0	2	1.0272290984915164	-6.54238383009075	138.0	21	1.05	0.95				
	206	1	55.38045019789474	11.40185739368421	0.0	-100.0	2	1.0424901786293954	-6.947126887490871	138.0	22	1.05	0.95				
	207	2	50.90114907894736	10.180229815789472	0.0	0.0	2	0.9976055595875437	-11.859237324019873	138.0	22	1.05	0.95				
	208	1	69.63277194	14.252321742105261	0.0	0.0	2	1.002617847926114	-10.025358688129383	138.0	22	1.05	0.95				
	209	1	71.2616087105263	14.65953093473684	0.0	0.0	2	1.023964341961078	-4.084505953874585	138.0	23	1.05	0.95				
	210	1	79.40579256315789	16.288367705263155	0.0	0.0	2	1.05	-5.045343249374913	138.0	23	1.05	0.95				
	211	1	0.0	0.0	0.0	0.0	2	1.0030012172964724	-1.7981293338623865	230.0	23	1.05	0.95				
	212	1	0.0	0.0	0.0	0.0	2	1.0099978020494333	2.701617217194937	230.0	23	1.05	0.95				
	213	2	107.9104360473684	21.989296402105264	0.0	0.0	2	0.998235062269778	0.47013666995982045	230.0	24	1.05	0.95				
	214	2	78.9985833705263	15.881158512631577	0.0	0.0	2	0.9987952396442416	-0.8713371819828397	230.0	26	1.05	0.95				
	215	2	129.0853140642105	26.06138832842105	0.0	0.0	2	1.0167166513155157	2.9179082592340966	230.0	26	1.05	0.95				
	216	2	40.72091926315789	8.144183852631578	0.0	0.0	2	1.016147745293858	2.9474984376916447	230.0	26	1.05	0.95				
	217	1	0.0	0.0	0.0	0.0	2	1.0208182821866962	3.4920408536065417	230.0	27	1.05	0.95				
	218	2	135.60066114631576	27.69022509894737	0.0	0.0	2	1.0204566110593698	3.2086501792852027	230.0	27	1.05	0.95				
	219	1	73.70486386631579	15.06674012736842	0.0	0.0	2	1.01531487369621	3.311451963000076	230.0	25	1.05	0.95				
	220	1	52.1227766568421	10.58743900842105	0.0	0.0	2	1.017375865625415	4.439311548409349	230.0	25	1.05	0.95				
	221	2	0.0	0.0	0.0	0.0	2	1.0227386535096248	3.9116565341435594	230.0	27	1.05	0.95				
	222	2	0.0	0.0	0.0	0.0	2	1.0444652613766114	10.30718146954575	230.0	27	1.05	0.95				
	223	2	0.0	0.0	0.0	0.0	2	1.0193481915499822	5.376322324578098	230.0	25	1.05	0.95				
	224	1	0.0	0.0	0.0	0.0	2	1.00586588257465	-0.04967636318806092	230.0	26	1.05	0.95				
	301	2	53.47042074947369	10.89212274526316	0.0	0.0	3	1.0039704584446065	-8.943405592214313	138.0	31	1.05	0.95				
	302	2	48.024359376842106	9.901929768421054	0.0	0.0	3	1.0037952299660506	-8.999576848048047	138.0	32	1.05	0.95				
	303	1	89.11736791578949	18.31857007157895	0.0	0.0	3	1.012911931771517	-5.519573839015168	138.0	31	1.05	0.95				
	304	1	36.6371401431579	7.42644732631579	0.0	0.0	3	1.0060760366454498	-7.362395020120394	138.0	31	1.05	0.95				
	305	1	35.15185067789474	6.931350837894739	0.0	0.0	3	1.0198782548594743	-7.510650556579819	138.0	31	1.05	0.95				
	306	1	67.33312242526317	13.862701675789477	0.0	-100.0	3	1.0372592924087158	-7.287736509629221	138.0	32	1.05	0.95				
	307	2	61.88706105263159	12.377412210526318	0.0	0.0	3	0.9979603941250005	-11.084397482407224	138.0	32	1.05	0.95				
	308	1	84.66149952	17.328377094736844	0.0	0.0	3	1.0048573529585156	-8.87046146791318	138.0	32	1.05	0.95				
	309	1	86.64188547368423	17.823473583157895	0.0	0.0	3	1.0243106578940644	-3.992790437731751	138.0	33	1.05	0.95				
	310	1	96.54381524210527	19.803859536842108	0.0	0.0	3	1.05	-4.4925615773761685	138.0	33	1.05	0.95				
	311	1	0.0	0.0	0.0	0.0	3	1.007261456826493	0.5564824251227461	230.0	33	1.05	0.95				
	312	1	0.0	0.0	0.0	0.0	3	1.0128004367022632	2.14964809988692	230.0	33	1.05	0.95				
	313	2	131.20056943157897	26.735210374736845	0.0	0.0	3	1.0197653837984577	6.910115630812677	230.0	34	1.05	0.95				
	314	2	96.04871875368421	19.308763048421056	0.0	0.0	3	1.0029221803013375	-0.1708771771650091	230.0	36	1.05	0.95				
	315	2	156.9455868294737	31.686175258947376	0.0	0.0	3	1.0158152179368778	-0.7920829788372639	230.0	36	1.05	0.95				
	316	2	49.50964884210527	9.901929768421054	0.0	0.0	3	1.0158281121075612	0.036437807519644476	230.0	36	1.05	0.95				
	317	1	0.0	0.0	0.0	0.0	3	1.0195870032224694	0.49858925659124903	230.0	37	1.05	0.95				
	318	2	164.86713064421053	33.666561212631585	0.0	0.0	3	1.0181071852412629	0.16877300326794922	230.0	37	1.05	0.95				
	319	1	89.61246440421054	18.31857007157895	0.0	0.0	3	1.0167591539569159	1.757032884688984	230.0	35	1.05	0.95				
	320	1	63.37235051789475	12.872508698947371	0.0	0.0	3	1.018792272028429	2.938416030567982	230.0	35	1.05	0.95				
	321	2	0.0	0.0	0.0	0.0	3	1.0194410776839713	0.398179354155567	230.0	37	1.05	0.95				
	322	2	0.0	0.0	0.0	0.0	3	1.0329690263501625	4.888697335760392	230.0	37	1.05	0.95				
	323	2	0.0	0.0	0.0	0.0	3	1.020548542098024	3.729187853496295	230.0	35	1.05	0.95				
	324	1	0.0	0.0	0.0	0.0	3	1.009594107126088	-1.2698948897759397	230.0	36	1.05	0.95				
	325	1	0.0	0.0	0.0	0.0	3	1.0217667256306358	4.200724420095411	230.0	35	1.05	0.95				
];
