%% MATPOWER Case Format : Version 2
function mpc = RTS_GMLC
mpc.version = '2';

%%-----  Power Flow Data  -----%%
%% system MVA base
mpc.baseMVA = 100.0;
%% bus data
%    bus_i    type    Pd    Qd    Gs    Bs    area    Vm    Va    baseKV    zone    Vmax    Vmin
mpc.bus = [
	101	2	67.90747153263159	13.833003460350879	0.0	0.0	1	1.031760547474521	1.2562932498522794	138.0	11	1.05	0.95				
	102	2	60.99096980245614	12.575457691228072	0.0	0.0	1	1.0317795528444427	1.1996614389013986	138.0	12	1.05	0.95				
	103	1	113.17911922105264	23.264596728771934	0.0	0.0	1	1.0238171120462298	0.21959483332654708	138.0	11	1.05	0.95				
	104	1	46.52919345754387	9.431593268421052	0.0	0.0	1	1.0176428837714317	-2.060428505210402	138.0	11	1.05	0.95				
	105	1	44.64287480385965	8.80282038385965	0.0	0.0	1	1.0322690779347177	-2.021130533783335	138.0	11	1.05	0.95				
	106	1	85.5131123003509	17.6056407677193	0.0	-100.0	1	1.0392901502007885	-4.432201130838738	138.0	12	1.05	0.95				
	107	2	78.59661057017544	15.719322114035089	0.0	0.0	1	1.0449900281585234	-1.6789629507163255	138.0	12	1.05	0.95				
	108	1	107.52016326	22.007050959649124	0.0	0.0	1	1.0261674103141782	-4.083415364047371	138.0	12	1.05	0.95				
	109	1	110.03525479824563	22.635823844210528	0.0	0.0	1	1.026149796194529	-2.180377039494887	138.0	13	1.05	0.95				
	110	1	122.61071248947368	25.150915382456144	0.0	0.0	1	1.05	-3.355811970699882	138.0	13	1.05	0.95				
	111	1	0.0	0.0	0.0	0.0	1	1.0097178062401917	-0.12846457138759326	230.0	13	1.05	0.95				
	112	1	0.0	0.0	0.0	0.0	1	1.0135476783494284	0.3203331962714358	230.0	13	1.05	0.95				
	113	3	166.62481440877195	33.953735766315795	0.0	0.0	1	1.0055244611181622	1.6147982473975833e-28	230.0	14	1.05	0.95				
	114	2	121.98193960491228	24.522142497894738	0.0	0.0	1	1.0104044500424214	2.481824974516519	230.0	16	1.05	0.95				
	115	2	199.3210044059649	40.24146461192983	0.0	0.0	1	1.0442914566812236	10.458276908255401	230.0	16	1.05	0.95				
	116	2	62.877288456140356	12.575457691228072	0.0	0.0	1	1.0416342424549587	9.888063158299483	230.0	16	1.05	0.95				
	117	1	0.0	0.0	0.0	0.0	1	1.0446873877438638	13.392778424347863	230.0	17	1.05	0.95				
	118	2	209.3813705589474	42.75655615017545	0.0	0.0	1	1.0491181720397653	13.453986467436302	230.0	17	1.05	0.95				
	119	1	113.80789210561404	23.264596728771934	0.0	0.0	1	1.035110067536964	8.141227901643878	230.0	15	1.05	0.95				
	120	1	80.48292922385966	16.348094998596494	0.0	0.0	1	1.0350442088549614	7.813861037906306	230.0	15	1.05	0.95				
	121	2	0.0	0.0	0.0	0.0	1	1.05	14.072630175206246	230.0	17	1.05	0.95				
	122	2	0.0	0.0	0.0	0.0	1	1.05	27.214871010061135	230.0	17	1.05	0.95				
	123	2	0.0	0.0	0.0	0.0	1	1.0364292387322944	8.104627302978088	230.0	15	1.05	0.95				
	124	1	0.0	0.0	0.0	0.0	1	1.0238058564892265	6.66117514486377	230.0	16	1.05	0.95				
	201	2	72.21533134736842	14.71053045964912	0.0	0.0	2	1.0343938442257454	-11.303590895794521	138.0	21	1.05	0.95				
	202	2	64.86006611754385	13.37320950877193	0.0	0.0	2	1.0344990917887547	-11.416793508353729	138.0	22	1.05	0.95				
	203	1	120.35888557894737	24.74043759122807	0.0	0.0	2	1.025569826850972	-7.691079775223717	138.0	21	1.05	0.95				
	204	1	49.48087518245614	10.029907131578945	0.0	0.0	2	1.0175266707332868	-13.383554843624033	138.0	21	1.05	0.95				
	205	1	47.47489375614034	9.36124665614035	0.0	0.0	2	1.0335316829881565	-13.83102566123084	138.0	21	1.05	0.95				
	206	1	90.93782465964911	18.7224933122807	0.0	-100.0	2	1.0393054426745043	-15.882890896621555	138.0	22	1.05	0.95				
	207	2	83.58255942982456	16.71651188596491	0.0	0.0	2	0.9773757351079496	-25.867678672479236	138.0	22	1.05	0.95				
	208	1	114.34094129999998	23.403116640350873	0.0	0.0	2	0.9788590317602287	-22.600768533330818	138.0	22	1.05	0.95				
	209	1	117.01558320175438	24.07177711578947	0.0	0.0	2	1.0244238343657006	-12.282296803399973	138.0	23	1.05	0.95				
	210	1	130.3887927105263	26.74641901754386	0.0	0.0	2	1.05	-14.286993287326254	138.0	23	1.05	0.95				
	211	1	0.0	0.0	0.0	0.0	2	1.0210767283047615	-8.341813955474022	230.0	23	1.05	0.95				
	212	1	0.0	0.0	0.0	0.0	2	1.0185187809054232	-7.619649803306071	230.0	23	1.05	0.95				
	213	2	177.19502599122805	36.10766567368421	0.0	0.0	2	1.0255898186791592	-6.202823623344935	230.0	24	1.05	0.95				
	214	2	129.7201322350877	26.07775854210526	0.0	0.0	2	1.0342040042486447	-5.352206517144516	230.0	26	1.05	0.95				
	215	2	211.96537071403506	42.79427042807017	0.0	0.0	2	1.043054650585347	3.380127249278117	230.0	26	1.05	0.95				
	216	2	66.86604754385964	13.37320950877193	0.0	0.0	2	1.046183790174962	2.955081993380568	230.0	26	1.05	0.95				
	217	1	0.0	0.0	0.0	0.0	2	1.0475146381401927	6.724739205619527	230.0	27	1.05	0.95				
	218	2	222.6639383210526	45.468912329824555	0.0	0.0	2	1.0499207288244097	7.5577153192953785	230.0	27	1.05	0.95				
	219	1	121.02754605438595	24.74043759122807	0.0	0.0	2	1.0433160862932966	1.6462195334495826	230.0	25	1.05	0.95				
	220	1	85.58854085614034	17.38517236140351	0.0	0.0	2	1.0465741285741754	1.761767897214063	230.0	25	1.05	0.95				
	221	2	0.0	0.0	0.0	0.0	2	1.05	7.857821497523035	230.0	27	1.05	0.95				
	222	2	0.0	0.0	0.0	0.0	2	1.05	13.924922448051218	230.0	27	1.05	0.95				
	223	2	0.0	0.0	0.0	0.0	2	1.05	2.3122466140825124	230.0	25	1.05	0.95				
	224	1	0.0	0.0	0.0	0.0	2	1.022662079348919	-0.7399360148971542	230.0	26	1.05	0.95				
	301	2	66.77823474947368	13.602973745263158	0.0	0.0	3	1.010267521643078	-26.09140115671076	138.0	31	1.05	0.95				
	302	2	59.976747876842104	12.366339768421053	0.0	0.0	3	1.0092167822684033	-26.32103664812611	138.0	32	1.05	0.95				
	303	1	111.29705791578948	22.87772857157895	0.0	0.0	3	1.0358438223338657	-15.488001022104205	138.0	31	1.05	0.95				
	304	1	45.7554571431579	9.274754826315789	0.0	0.0	3	1.0080106131659106	-24.257049607306154	138.0	31	1.05	0.95				
	305	1	43.90050617789474	8.656437837894739	0.0	0.0	3	1.0218703820012818	-25.762574250021743	138.0	31	1.05	0.95				
	306	1	84.09111042526317	17.312875675789478	0.0	-100.0	3	1.0351322605373356	-26.259963518852548	138.0	32	1.05	0.95				
	307	2	77.28962355263158	15.457924710526317	0.0	0.0	3	0.996653326169238	-30.24701835226603	138.0	32	1.05	0.95				
	308	1	105.73220502000001	21.641094594736842	0.0	0.0	3	0.995861402630894	-28.581832386006926	138.0	32	1.05	0.95				
	309	1	108.20547297368421	22.259411583157895	0.0	0.0	3	1.0288891628325578	-20.058383510274272	138.0	33	1.05	0.95				
	310	1	120.57181274210527	24.732679536842106	0.0	0.0	3	1.05	-23.448981721743866	138.0	33	1.05	0.95				
	311	1	0.0	0.0	0.0	0.0	3	1.0196381513644355	-16.26218431523672	230.0	33	1.05	0.95				
	312	1	0.0	0.0	0.0	0.0	3	1.0193528239599607	-15.631320570402108	230.0	33	1.05	0.95				
	313	2	163.85400193157895	33.38911737473684	0.0	0.0	3	1.0261307807664974	-12.840067090883634	230.0	34	1.05	0.95				
	314	2	119.95349575368421	24.114362548421052	0.0	0.0	3	1.030215983126641	-13.807241988690137	230.0	36	1.05	0.95				
	315	2	196.0064853294737	39.57228725894737	0.0	0.0	3	1.0483921317368297	-6.8801469942579825	230.0	36	1.05	0.95				
	316	2	61.83169884210527	12.366339768421053	0.0	0.0	3	1.0487278118401417	-6.622611481328167	230.0	36	1.05	0.95				
	317	1	0.0	0.0	0.0	0.0	3	1.05	-3.82090042692271	230.0	37	1.05	0.95				
	318	2	205.89955714421055	42.045555212631584	0.0	0.0	3	1.0487185150644174	-3.811606524294693	230.0	37	1.05	0.95				
	319	1	111.91537490421052	22.87772857157895	0.0	0.0	3	1.0452876301330396	-7.894442819382577	230.0	35	1.05	0.95				
	320	1	79.14457451789474	16.07624169894737	0.0	0.0	3	1.0474379203414856	-7.8449274913965645	230.0	35	1.05	0.95				
	321	2	0.0	0.0	0.0	0.0	3	1.05	-3.166871293449297	230.0	37	1.05	0.95				
	322	2	0.0	0.0	0.0	0.0	3	1.05	2.353024621442503	230.0	37	1.05	0.95				
	323	2	0.0	0.0	0.0	0.0	3	1.05	-7.366454540465293	230.0	35	1.05	0.95				
	324	1	0.0	0.0	0.0	0.0	3	1.0327240047939517	-10.094594178727371	230.0	36	1.05	0.95				
	325	1	0.0	0.0	0.0	0.0	3	1.0416152161903027	-5.6334127406246175	230.0	35	1.05	0.95				
];
