%% MATPOWER Case Format : Version 2
function mpc = RTS_GMLC
mpc.version = '2';

%%-----  Power Flow Data  -----%%
%% system MVA base
mpc.baseMVA = 100.0;
%% bus data
%    bus_i    type    Pd    Qd    Gs    Bs    area    Vm    Va    baseKV    zone    Vmax    Vmin
mpc.bus = [
	101	2	66.93221178947368	13.634339438596491	0.0	0.0	1	1.0321037573819571	0.46713145681054347	138.0	11	1.05	0.95				
	102	2	60.11504207017544	12.39485403508772	0.0	0.0	1	1.0321730549812616	0.4457642339465493	138.0	12	1.05	0.95				
	103	1	111.55368631578948	22.93047996491228	0.0	0.0	1	1.022987876227062	-1.7457156830412428	138.0	11	1.05	0.95				
	104	1	45.86095992982456	9.29614052631579	0.0	0.0	1	1.0181976760937026	-2.7478995454960478	138.0	11	1.05	0.95				
	105	1	44.0017318245614	8.676397824561404	0.0	0.0	1	1.0327070049773956	-2.6023230098960886	138.0	11	1.05	0.95				
	106	1	84.2850074385965	17.352795649122807	0.0	-100.0	1	1.0397834182299428	-4.885410750590371	138.0	12	1.05	0.95				
	107	2	77.46783771929825	15.49356754385965	0.0	0.0	1	1.0468815910723897	-0.3270489745718445	138.0	12	1.05	0.95				
	108	1	105.976002	21.690994561403507	0.0	0.0	1	1.0273022590360177	-3.4978987351655153	138.0	12	1.05	0.95				
	109	1	108.45497280701754	22.310737263157893	0.0	0.0	1	1.0264519368745837	-2.8516632725556574	138.0	13	1.05	0.95				
	110	1	120.84982684210526	24.78970807017544	0.0	0.0	1	1.05	-3.75570862570828	138.0	13	1.05	0.95				
	111	1	0.0	0.0	0.0	0.0	1	1.0085326961838725	-1.011219994145008	230.0	13	1.05	0.95				
	112	1	0.0	0.0	0.0	0.0	1	1.013489133079699	0.058599470354188686	230.0	13	1.05	0.95				
	113	3	164.23181596491227	33.46610589473684	0.0	0.0	1	1.0056913129601148	4.5572701364745895e-28	230.0	14	1.05	0.95				
	114	2	120.23008414035088	24.169965368421053	0.0	0.0	1	1.0053411744247385	0.49446840902527267	230.0	16	1.05	0.95				
	115	2	196.45843645614033	39.6635329122807	0.0	0.0	1	1.041372405695239	6.225065425088093	230.0	16	1.05	0.95				
	116	2	61.9742701754386	12.39485403508772	0.0	0.0	1	1.0385517376238846	6.308311504648606	230.0	16	1.05	0.95				
	117	1	0.0	0.0	0.0	0.0	1	1.0454859551057207	8.268943938833823	230.0	17	1.05	0.95				
	118	2	206.37431968421055	42.14250371929825	0.0	0.0	1	1.048024136018088	8.446535411507707	230.0	17	1.05	0.95				
	119	1	112.17342901754385	22.93047996491228	0.0	0.0	1	1.0339388889727108	6.024027407031372	230.0	15	1.05	0.95				
	120	1	79.3270658245614	16.113310245614034	0.0	0.0	1	1.0350287896535806	6.960849269938301	230.0	15	1.05	0.95				
	121	2	0.0	0.0	0.0	0.0	1	1.05	8.441955858024324	230.0	17	1.05	0.95				
	122	2	0.0	0.0	0.0	0.0	1	1.05	14.885150287119725	230.0	17	1.05	0.95				
	123	2	0.0	0.0	0.0	0.0	1	1.0373536539094055	7.938542201637821	230.0	15	1.05	0.95				
	124	1	0.0	0.0	0.0	0.0	1	1.0242732277444924	3.2697063562541824	230.0	16	1.05	0.95				
	201	2	68.86636234105264	14.028333069473684	0.0	0.0	2	1.0319878279683756	-7.455475435799859	138.0	21	1.05	0.95				
	202	2	61.85219580631579	12.753030063157897	0.0	0.0	2	1.0320667677757502	-7.541019079384986	138.0	22	1.05	0.95				
	203	1	114.77727056842106	23.593105616842106	0.0	0.0	2	1.0279207060031192	-4.955897863180441	138.0	21	1.05	0.95				
	204	1	47.18621123368421	9.56477254736842	0.0	0.0	2	1.017630523470325	-9.593252250350567	138.0	21	1.05	0.95				
	205	1	45.273256724210526	8.927121044210526	0.0	0.0	2	1.0327364518738449	-9.939034027675872	138.0	21	1.05	0.95				
	206	1	86.7206044294737	17.854242088421053	0.0	-100.0	2	1.0396258420193563	-11.93376739431106	138.0	22	1.05	0.95				
	207	2	79.70643789473685	15.94128757894737	0.0	0.0	2	0.9848718687345303	-21.49475471750471	138.0	22	1.05	0.95				
	208	1	109.03840704000001	22.317802610526314	0.0	0.0	2	0.9850790510724377	-18.40562320995623	138.0	22	1.05	0.95				
	209	1	111.58901305263159	22.95545411368421	0.0	0.0	2	1.0255006942364373	-8.68412624601471	138.0	23	1.05	0.95				
	210	1	124.34204311578947	25.506060126315795	0.0	0.0	2	1.05	-10.44009357175606	138.0	23	1.05	0.95				
	211	1	0.0	0.0	0.0	0.0	2	1.0169661661189873	-4.719939509672447	230.0	23	1.05	0.95				
	212	1	0.0	0.0	0.0	0.0	2	1.0183813094046335	-4.160540263526141	230.0	23	1.05	0.95				
	213	2	168.9776483368421	34.43318117052632	0.0	0.0	2	1.021051589073273	-1.9747945351330596	230.0	24	1.05	0.95				
	214	2	123.70439161263158	24.868408623157897	0.0	0.0	2	1.0254413913176037	-2.298255444742509	230.0	26	1.05	0.95				
	215	2	202.13552650105262	40.809696202105265	0.0	0.0	2	1.0427660593773036	5.187318466225709	230.0	26	1.05	0.95				
	216	2	63.76515031578948	12.753030063157897	0.0	0.0	2	1.0449374818680779	4.972844748725875	230.0	26	1.05	0.95				
	217	1	0.0	0.0	0.0	0.0	2	1.0473869597848602	8.36067584926588	230.0	27	1.05	0.95				
	218	2	212.33795055157896	43.36030221473685	0.0	0.0	2	1.0498977853315563	9.310477437194642	230.0	27	1.05	0.95				
	219	1	115.41492207157896	23.593105616842106	0.0	0.0	2	1.0428405977542186	3.431354190121154	230.0	25	1.05	0.95				
	220	1	81.61939240421053	16.578939082105265	0.0	0.0	2	1.0465304159393893	3.289841852822911	230.0	25	1.05	0.95				
	221	2	0.0	0.0	0.0	0.0	2	1.05	9.64809921775461	230.0	27	1.05	0.95				
	222	2	0.0	0.0	0.0	0.0	2	1.05	15.654599890258588	230.0	27	1.05	0.95				
	223	2	0.0	0.0	0.0	0.0	2	1.05	3.6774101000230677	230.0	25	1.05	0.95				
	224	1	0.0	0.0	0.0	0.0	2	1.0245193968741078	1.404687324529673	230.0	26	1.05	0.95				
	301	2	64.0278392968421	13.04270800491228	0.0	0.0	3	1.0066010720664194	-34.63532134886664	138.0	31	1.05	0.95				
	302	2	57.50648529438595	11.857007277192983	0.0	0.0	3	1.0059655048465148	-34.776542553218114	138.0	32	1.05	0.95				
	303	1	106.71306549473682	21.935463462807014	0.0	0.0	3	1.0192703010449142	-27.282564209468788	138.0	31	1.05	0.95				
	304	1	43.87092692561403	8.892755457894735	0.0	0.0	3	1.0061038036225094	-32.70777433365337	138.0	31	1.05	0.95				
	305	1	42.09237583403508	8.299905094035086	0.0	0.0	3	1.0200244898948962	-33.65190238736258	138.0	31	1.05	0.95				
	306	1	80.62764948491228	16.599810188070173	0.0	-100.0	3	1.0349735510864864	-33.7615580972187	138.0	32	1.05	0.95				
	307	2	74.10629548245613	14.821259096491227	0.0	0.0	3	1.0054201939859044	-34.889670927721255	138.0	32	1.05	0.95				
	308	1	101.37741221999998	20.749762735087714	0.0	0.0	3	1.0032269433476928	-34.556350516689164	138.0	32	1.05	0.95				
	309	1	103.74881367543858	21.342613098947368	0.0	0.0	3	1.027105730058107	-28.601881570504517	138.0	33	1.05	0.95				
	310	1	115.60582095263156	23.714014554385965	0.0	0.0	3	1.05	-30.7663796793469	138.0	33	1.05	0.95				
	311	1	0.0	0.0	0.0	0.0	3	1.0180378817489395	-23.600989969200622	230.0	33	1.05	0.95				
	312	1	0.0	0.0	0.0	0.0	3	1.0174117382632157	-23.01051535472675	230.0	33	1.05	0.95				
	313	2	157.105346422807	32.01391964842105	0.0	0.0	3	1.0252349841186872	-19.973027995781635	230.0	34	1.05	0.95				
	314	2	115.0129705887719	23.121164190526315	0.0	0.0	3	1.0295633045896215	-20.751658455178028	230.0	36	1.05	0.95				
	315	2	187.93356534350875	37.94242328701754	0.0	0.0	3	1.0486119204941315	-13.538012032068265	230.0	36	1.05	0.95				
	316	2	59.28503638596491	11.857007277192983	0.0	0.0	3	1.049044265461543	-13.179923069517432	230.0	36	1.05	0.95				
	317	1	0.0	0.0	0.0	0.0	3	1.0499352829220943	-10.083707928924593	230.0	37	1.05	0.95				
	318	2	197.41917116526315	40.31382474245614	0.0	0.0	3	1.0499298889459663	-9.487677421555718	230.0	37	1.05	0.95				
	319	1	107.30591585859648	21.935463462807014	0.0	0.0	3	1.0457187034047355	-14.45262460873298	230.0	35	1.05	0.95				
	320	1	75.88484657403508	15.414109460350875	0.0	0.0	3	1.0476744373565094	-14.451626799976621	230.0	35	1.05	0.95				
	321	2	0.0	0.0	0.0	0.0	3	1.05	-9.19055510121226	230.0	37	1.05	0.95				
	322	2	0.0	0.0	0.0	0.0	3	1.05	-3.7646948284432735	230.0	37	1.05	0.95				
	323	2	0.0	0.0	0.0	0.0	3	1.05	-14.017947240487212	230.0	35	1.05	0.95				
	324	1	0.0	0.0	0.0	0.0	3	1.0200484815115263	-18.60290121329536	230.0	36	1.05	0.95				
	325	1	0.0	0.0	0.0	0.0	3	1.040907056230736	-12.20721217677648	230.0	35	1.05	0.95				
];
