%% MATPOWER Case Format : Version 2
function mpc = RTS_GMLC
mpc.version = '2';

%%-----  Power Flow Data  -----%%
%% system MVA base
mpc.baseMVA = 100.0;
%% bus data
%    bus_i    type    Pd    Qd    Gs    Bs    area    Vm    Va    baseKV    zone    Vmax    Vmin
mpc.bus = [
	101	2	73.30479961263158	14.932459180350877	0.0	0.0	1	1.0464488207117364	0.1431609624752779	138.0	11	1.05	0.95				
	102	2	65.83857002245614	13.57496289122807	0.0	0.0	1	1.0457370906304317	-0.07907108406838742	138.0	12	1.05	0.95				
	103	1	122.17466602105264	25.113681348771934	0.0	0.0	1	1.0257712620805735	-2.2280794378022	138.0	11	1.05	0.95				
	104	1	50.22736269754387	10.181222168421053	0.0	0.0	1	1.024921559485798	-3.3674093279027266	138.0	11	1.05	0.95				
	105	1	48.19111826385965	9.50247402385965	0.0	0.0	1	1.038797108507518	-3.5666804186785037	138.0	11	1.05	0.95				
	106	1	92.30974766035088	19.0049480477193	0.0	-100.0	1	1.0409946173401057	-6.312606862792254	138.0	12	1.05	0.95				
	107	2	84.84351807017543	16.96870361403509	0.0	0.0	1	1.0198764567053906	-5.825227091609816	138.0	12	1.05	0.95				
	108	1	116.06593272	23.75618505964912	0.0	0.0	1	1.0099104169590656	-7.4975346258213635	138.0	12	1.05	0.95				
	109	1	118.78092529824562	24.434933204210527	0.0	0.0	1	1.0260651711518343	-4.136892812093231	138.0	13	1.05	0.95				
	110	1	132.3558881894737	27.14992578245614	0.0	0.0	1	1.05	-5.250149875323253	138.0	13	1.05	0.95				
	111	1	0.0	0.0	0.0	0.0	1	1.0108094343021283	-1.8806136074985413	230.0	13	1.05	0.95				
	112	1	0.0	0.0	0.0	0.0	1	1.013845099257915	-0.8868437179783344	230.0	13	1.05	0.95				
	113	3	179.86825830877194	36.65239980631579	0.0	0.0	1	1.0095425061140104	-5.901782730445619e-30	230.0	14	1.05	0.95				
	114	2	131.67714004491228	26.471177637894737	0.0	0.0	1	1.0103216889026652	-0.6357655238950911	230.0	16	1.05	0.95				
	115	2	215.16316182596492	43.439881251929826	0.0	0.0	1	1.0392277494451578	5.469417013635034	230.0	16	1.05	0.95				
	116	2	67.87481445614036	13.57496289122807	0.0	0.0	1	1.036436079059736	5.250592147056458	230.0	16	1.05	0.95				
	117	1	0.0	0.0	0.0	0.0	1	1.0417104163368323	7.279728153321589	230.0	17	1.05	0.95				
	118	2	226.02313213894737	46.15487383017544	0.0	0.0	1	1.0432348407528043	7.333150096031748	230.0	17	1.05	0.95				
	119	1	122.85341416561404	25.113681348771934	0.0	0.0	1	1.0308537837689307	4.741980641396768	230.0	15	1.05	0.95				
	120	1	86.87976250385965	17.647451758596493	0.0	0.0	1	1.0311363823533215	5.320934556789842	230.0	15	1.05	0.95				
	121	2	0.0	0.0	0.0	0.0	1	1.0466665148411631	8.745892796927489	230.0	17	1.05	0.95				
	122	2	0.0	0.0	0.0	0.0	1	1.05	15.10284125074736	230.0	17	1.05	0.95				
	123	2	0.0	0.0	0.0	0.0	1	1.0331764875971896	6.149801636427197	230.0	15	1.05	0.95				
	124	1	0.0	0.0	0.0	0.0	1	1.0242839067849996	2.600735808523308	230.0	16	1.05	0.95				
	201	2	63.358413347368426	12.906343459649122	0.0	0.0	2	1.0307020316080202	-4.128856802464562	138.0	21	1.05	0.95				
	202	2	56.90524161754386	11.733039508771931	0.0	0.0	2	1.031104694477439	-4.072397298090777	138.0	22	1.05	0.95				
	203	1	105.59735557894736	21.70612309122807	0.0	0.0	2	1.0221017843131932	-4.366660526210341	138.0	21	1.05	0.95				
	204	1	43.41224618245614	8.799779631578946	0.0	0.0	2	1.0182994509345842	-5.827556071681857	138.0	21	1.05	0.95				
	205	1	41.652290256140354	8.213127656140351	0.0	0.0	2	1.033013308610013	-5.949246748977526	138.0	21	1.05	0.95				
	206	1	79.78466865964913	16.426255312280702	0.0	-100.0	2	1.0411551155620797	-7.509552388032727	138.0	22	1.05	0.95				
	207	2	73.33149692982455	14.666299385964912	0.0	0.0	2	0.9901096423759003	-16.285187146235977	138.0	22	1.05	0.95				
	208	1	100.31748780000001	20.532819140350874	0.0	0.0	2	0.990687931186747	-13.482196823658194	138.0	22	1.05	0.95				
	209	1	102.66409570175439	21.119471115789473	0.0	0.0	2	1.0255712593429644	-4.878107179194602	138.0	23	1.05	0.95				
	210	1	114.3971352105263	23.466079017543862	0.0	0.0	2	1.05	-5.933580053390143	138.0	23	1.05	0.95				
	211	1	0.0	0.0	0.0	0.0	2	1.0111268489579905	-2.1063094834919402	230.0	23	1.05	0.95				
	212	1	0.0	0.0	0.0	0.0	2	1.0164752065221683	2.17937212662832	230.0	23	1.05	0.95				
	213	2	155.46277349122806	31.679206673684213	0.0	0.0	2	1.0094224068107578	-0.03656648445114038	230.0	24	1.05	0.95				
	214	2	113.81048323508772	22.879427042105263	0.0	0.0	2	1.0131069275179365	-0.5476576910859142	230.0	26	1.05	0.95				
	215	2	185.96867621403507	37.545726428070175	0.0	0.0	2	1.0347635715824952	5.015617135738201	230.0	26	1.05	0.95				
	216	2	58.66519754385965	11.733039508771931	0.0	0.0	2	1.0346451044518763	5.228839786836542	230.0	26	1.05	0.95				
	217	1	0.0	0.0	0.0	0.0	2	1.0399995857866495	7.378854957422143	230.0	27	1.05	0.95				
	218	2	195.35510782105263	39.892334329824564	0.0	0.0	2	1.0413718720181695	7.886250637232879	230.0	27	1.05	0.95				
	219	1	106.18400755438597	21.70612309122807	0.0	0.0	2	1.032415679534097	5.0425281616649125	230.0	25	1.05	0.95				
	220	1	75.09145285614035	15.252951361403507	0.0	0.0	2	1.035201305516765	6.004955045162362	230.0	25	1.05	0.95				
	221	2	0.0	0.0	0.0	0.0	2	1.0412360400729157	7.6827129031510415	230.0	27	1.05	0.95				
	222	2	0.0	0.0	0.0	0.0	2	1.05	14.066884619865842	230.0	27	1.05	0.95				
	223	2	0.0	0.0	0.0	0.0	2	1.0383097087198432	6.970209695142356	230.0	25	1.05	0.95				
	224	1	0.0	0.0	0.0	0.0	2	1.0183267607948454	1.5109979096004027	230.0	26	1.05	0.95				
	301	2	80.15438152421052	16.327744384561402	0.0	0.0	3	0.9858596202780535	-16.558577101194043	138.0	31	1.05	0.95				
	302	2	71.99050933192981	14.843403985964912	0.0	0.0	3	0.9861137968089269	-16.70819729030798	138.0	32	1.05	0.95				
	303	1	133.5906358736842	27.460297374035086	0.0	0.0	3	1.0013328036460705	-9.25277873696268	138.0	31	1.05	0.95				
	304	1	54.92059474807017	11.132552989473684	0.0	0.0	3	0.9794828668050226	-14.047779405912431	138.0	31	1.05	0.95				
	305	1	52.694084150175435	10.390382790175439	0.0	0.0	3	0.9930114837151696	-14.501235618488264	138.0	31	1.05	0.95				
	306	1	100.9351471045614	20.780765580350877	0.0	-100.0	3	1.004285244597019	-14.186276151240879	138.0	32	1.05	0.95				
	307	2	92.7712749122807	18.55425498245614	0.0	0.0	3	0.954017079896174	-21.318500352778496	138.0	32	1.05	0.95				
	308	1	126.91110407999999	25.975956975438592	0.0	0.0	3	0.9587007461532561	-17.568075246823714	138.0	32	1.05	0.95				
	309	1	129.87978487719298	26.71812717473684	0.0	0.0	3	1.0030884782790737	-8.696811746864524	138.0	33	1.05	0.95				
	310	1	144.7231888631579	29.686807971929824	0.0	0.0	3	1.0237720621796327	-9.936809978152189	138.0	33	1.05	0.95				
	311	1	0.0	0.0	0.0	0.0	3	1.000776271456159	-1.2799467985767286	230.0	33	1.05	0.95				
	312	1	0.0	0.0	0.0	0.0	3	1.0022537909869025	-0.3514341558334012	230.0	33	1.05	0.95				
	313	2	196.67510281403506	40.07719076210526	0.0	0.0	3	1.0295793581414336	6.379101812250222	230.0	34	1.05	0.95				
	314	2	143.98101866385963	28.944637772631577	0.0	0.0	3	1.0131198454948747	-0.28285676421257755	230.0	36	1.05	0.95				
	315	2	235.26795317754386	47.49889275508772	0.0	0.0	3	1.0354278607062204	-0.8146795378747445	230.0	36	1.05	0.95				
	316	2	74.21701992982456	14.843403985964912	0.0	0.0	3	1.0329542536889713	0.15242847228199993	230.0	36	1.05	0.95				
	317	1	0.0	0.0	0.0	0.0	3	1.0379112645955946	0.9640034842934689	230.0	37	1.05	0.95				
	318	2	247.14267636631578	50.4675735522807	0.0	0.0	3	1.0372707009430908	0.7470125006150102	230.0	37	1.05	0.95				
	319	1	134.33280607298246	27.460297374035086	0.0	0.0	3	1.0267956723364902	0.17215204082943272	230.0	35	1.05	0.95				
	320	1	94.99778551017543	19.296425181754383	0.0	0.0	3	1.0281756764318306	1.6208805712632155	230.0	35	1.05	0.95				
	321	2	0.0	0.0	0.0	0.0	3	1.0401760191364164	1.4848700848042409	230.0	37	1.05	0.95				
	322	2	0.0	0.0	0.0	0.0	3	1.05	5.594766962571533	230.0	37	1.05	0.95				
	323	2	0.0	0.0	0.0	0.0	3	1.0300697700025399	2.444337689524202	230.0	35	1.05	0.95				
	324	1	0.0	0.0	0.0	0.0	3	1.0146130363454762	-1.9080725423737839	230.0	36	1.05	0.95				
	325	1	0.0	0.0	0.0	0.0	3	1.0307492690181426	2.9850651629225053	230.0	35	1.05	0.95				
];
