%% MATPOWER Case Format : Version 2
function mpc = RTS_GMLC
mpc.version = '2';

%%-----  Power Flow Data  -----%%
%% system MVA base
mpc.baseMVA = 100.0;
%% bus data
%    bus_i    type    Pd    Qd    Gs    Bs    area    Vm    Va    baseKV    zone    Vmax    Vmin
mpc.bus = [
	101	2	45.75705097263159	9.32088075368421	0.0	0.0	1	1.0151503583408559	2.233869660603569	138.0	11	1.05	0.95				
	102	2	41.09661059578947	8.473527957894738	0.0	0.0	1	1.0138731854819651	1.8506244360768234	138.0	12	1.05	0.95				
	103	1	76.26175162105264	15.676026722105263	0.0	0.0	1	1.0239156938984475	2.91286019864305	138.0	11	1.05	0.95				
	104	1	31.352053444210526	6.355145968421053	0.0	0.0	1	1.0127255387658387	-1.1107823341891019	138.0	11	1.05	0.95				
	105	1	30.081024250526315	5.931469570526317	0.0	0.0	1	1.0264035151041078	-1.0866768966852516	138.0	11	1.05	0.95				
	106	1	57.61999011368422	11.862939141052633	0.0	-100.0	1	1.0407981423278128	-3.419712359333847	138.0	12	1.05	0.95				
	107	2	52.95954973684211	10.591909947368421	0.0	0.0	1	0.9852506263251333	-11.550564562517307	138.0	12	1.05	0.95				
	108	1	72.44866404	14.828673926315789	0.0	0.0	1	0.9939022684068135	-8.959396655499203	138.0	12	1.05	0.95				
	109	1	74.14336963157895	15.252350324210525	0.0	0.0	1	1.024588579445766	-1.756218258737051	138.0	13	1.05	0.95				
	110	1	82.6168975894737	16.947055915789477	0.0	0.0	1	1.05	-3.047575209752459	138.0	13	1.05	0.95				
	111	1	0.0	0.0	0.0	0.0	1	1.018052968722102	0.6897673460468166	230.0	13	1.05	0.95				
	112	1	0.0	0.0	0.0	0.0	1	1.0145350934198665	-0.5238542532574788	230.0	13	1.05	0.95				
	113	3	112.27424544210527	22.878525486315795	0.0	0.0	1	0.9996195701990745	-5.121559600087008e-30	230.0	14	1.05	0.95				
	114	2	82.19322119157894	16.52337951789474	0.0	0.0	1	1.0424568216491745	4.302439730552544	230.0	16	1.05	0.95				
	115	2	134.3054181326316	27.11528946526316	0.0	0.0	1	1.0370926174194022	14.209003486251587	230.0	16	1.05	0.95				
	116	2	42.367639789473685	8.473527957894738	0.0	0.0	1	1.0371304958086054	12.172659287694877	230.0	16	1.05	0.95				
	117	1	0.0	0.0	0.0	0.0	1	1.0360396088532087	18.5210522739442	230.0	17	1.05	0.95				
	118	2	141.0842404989474	28.80999505684211	0.0	0.0	1	1.0449422139044289	19.240736850375797	230.0	17	1.05	0.95				
	119	1	76.68542801894738	15.676026722105263	0.0	0.0	1	1.032947903074002	7.510101242987095	230.0	15	1.05	0.95				
	120	1	54.23057893052632	11.01558634526316	0.0	0.0	1	1.037010146694269	4.275353634154474	230.0	15	1.05	0.95				
	121	2	0.0	0.0	0.0	0.0	1	1.039407028266412	20.98640151540864	230.0	17	1.05	0.95				
	122	2	0.0	0.0	0.0	0.0	1	1.05	38.97886342796369	230.0	17	1.05	0.95				
	123	2	0.0	0.0	0.0	0.0	1	1.0406101421729406	2.8247276145773124	230.0	15	1.05	0.95				
	124	1	0.0	0.0	0.0	0.0	1	1.0180982286636815	9.98763321184399	230.0	16	1.05	0.95				
	201	2	47.42956083789475	9.661577207719299	0.0	0.0	2	1.0072843291438027	-18.82489091589679	138.0	21	1.05	0.95				
	202	2	42.598772234035096	8.783252007017545	0.0	0.0	2	1.006518054914252	-19.142417377893363	138.0	22	1.05	0.95				
	203	1	79.04926806315791	16.249016212982458	0.0	0.0	2	1.0105477642989216	-13.693005922499513	138.0	21	1.05	0.95				
	204	1	32.498032425964915	6.587439005263159	0.0	0.0	2	1.0082478255011769	-18.67443662171699	138.0	21	1.05	0.95				
	205	1	31.180544624912283	6.148276404912282	0.0	0.0	2	1.0231790296149996	-19.224406476423084	138.0	21	1.05	0.95				
	206	1	59.7261136477193	12.296552809824563	0.0	-100.0	2	1.03978031948581	-19.990668196582646	138.0	22	1.05	0.95				
	207	2	54.89532504385966	10.979065008771931	0.0	0.0	2	0.9900989606110359	-25.235218665276896	138.0	22	1.05	0.95				
	208	1	75.09680466	15.370691012280702	0.0	0.0	2	0.9966417076480746	-23.246325734612114	138.0	22	1.05	0.95				
	209	1	76.85345506140352	15.80985361263158	0.0	0.0	2	1.0226939762274987	-16.470265835554088	138.0	23	1.05	0.95				
	210	1	85.63670706842106	17.56650401403509	0.0	0.0	2	1.05	-18.20541360725424	138.0	23	1.05	0.95				
	211	1	0.0	0.0	0.0	0.0	2	1.010358370322589	-13.206330069049569	230.0	23	1.05	0.95				
	212	1	0.0	0.0	0.0	0.0	2	1.0143123352672732	-12.45480353373529	230.0	23	1.05	0.95				
	213	2	116.37808909298246	23.714780418947374	0.0	0.0	2	1.0117948978325082	-11.784950151122686	230.0	24	1.05	0.95				
	214	2	85.19754446807019	17.127341413684213	0.0	0.0	2	1.0132695920341745	-10.259994426703756	230.0	26	1.05	0.95				
	215	2	139.21454431122808	28.106406422456143	0.0	0.0	2	1.0288449318124813	-3.0157962905181073	230.0	26	1.05	0.95				
	216	2	43.916260035087724	8.783252007017545	0.0	0.0	2	1.0326899515735037	-3.4703921053280196	230.0	26	1.05	0.95				
	217	1	0.0	0.0	0.0	0.0	2	1.036409826393226	-1.4619203197882746	230.0	27	1.05	0.95				
	218	2	146.24114591684213	29.86305682385965	0.0	0.0	2	1.0345653353060793	-2.0418055131703112	230.0	27	1.05	0.95				
	219	1	79.48843066350878	16.249016212982458	0.0	0.0	2	1.037860710940853	-3.8443989250612516	230.0	25	1.05	0.95				
	220	1	56.212812844912285	11.418227609122807	0.0	0.0	2	1.0452609156822579	-3.3306814316805986	230.0	25	1.05	0.95				
	221	2	0.0	0.0	0.0	0.0	2	1.0352368008149844	-1.5636559675570803	230.0	27	1.05	0.95				
	222	2	0.0	0.0	0.0	0.0	2	1.05	4.974741043959636	230.0	27	1.05	0.95				
	223	2	0.0	0.0	0.0	0.0	2	1.05	-2.728606697532001	230.0	25	1.05	0.95				
	224	1	0.0	0.0	0.0	0.0	2	1.008829355507585	-6.984226644999318	230.0	26	1.05	0.95				
	301	2	49.729199608421055	10.130022142456141	0.0	0.0	3	1.0316065092867694	10.195362830175473	138.0	31	1.05	0.95				
	302	2	44.664188537192985	9.209111038596491	0.0	0.0	3	1.0282020294812015	9.854795458204636	138.0	32	1.05	0.95				
	303	1	82.88199934736843	17.03685542140351	0.0	0.0	3	1.05	25.575802297494235	138.0	31	1.05	0.95				
	304	1	34.07371084280702	6.906833278947368	0.0	0.0	3	1.0140313526832034	11.262677949949861	138.0	31	1.05	0.95				
	305	1	32.69234418701754	6.446377727017545	0.0	0.0	3	1.0333921623401547	8.845545069384922	138.0	31	1.05	0.95				
	306	1	62.621955062456145	12.89275545403509	0.0	-100.0	3	1.041278720741335	7.536171111294977	138.0	32	1.05	0.95				
	307	2	57.556943991228074	11.511388798245614	0.0	0.0	3	0.95	4.968796156936001	138.0	32	1.05	0.95				
	308	1	78.73789938	16.11594431754386	0.0	0.0	3	0.9707881523629434	6.322903695721178	138.0	32	1.05	0.95				
	309	1	80.5797215877193	16.576399869473686	0.0	0.0	3	1.017033325449623	14.342368039261796	138.0	33	1.05	0.95				
	310	1	89.78883262631578	18.418222077192983	0.0	0.0	3	1.0461088762584587	8.943255837706868	138.0	33	1.05	0.95				
	311	1	0.0	0.0	0.0	0.0	3	1.0042100006715917	12.750090730410584	230.0	33	1.05	0.95				
	312	1	0.0	0.0	0.0	0.0	3	1.0096121507746707	13.435541134191261	230.0	33	1.05	0.95				
	313	2	122.02072126140351	24.864599804210528	0.0	0.0	3	1.0062398868217928	15.114524341836605	230.0	34	1.05	0.95				
	314	2	89.32837707438597	17.957766525263157	0.0	0.0	3	0.9979950711250318	11.891366395409117	230.0	36	1.05	0.95				
	315	2	145.9644099617544	29.469155323508772	0.0	0.0	3	1.0465736232320408	13.786688026690511	230.0	36	1.05	0.95				
	316	2	46.045555192982455	9.209111038596491	0.0	0.0	3	1.0302124770735537	13.475633623554879	230.0	36	1.05	0.95				
	317	1	0.0	0.0	0.0	0.0	3	1.0489149561493893	15.97003137713501	230.0	37	1.05	0.95				
	318	2	153.33169879263158	31.310977531228072	0.0	0.0	3	1.05	13.422668554044758	230.0	37	1.05	0.95				
	319	1	83.34245489929825	17.03685542140351	0.0	0.0	3	1.0213307957859596	13.116820942667736	230.0	35	1.05	0.95				
	320	1	58.938310647017545	11.97184435017544	0.0	0.0	3	1.016895428861472	13.710157122384004	230.0	35	1.05	0.95				
	321	2	0.0	0.0	0.0	0.0	3	1.05	14.165425689790098	230.0	37	1.05	0.95				
	322	2	0.0	0.0	0.0	0.0	3	1.05	19.220070771993694	230.0	37	1.05	0.95				
	323	2	0.0	0.0	0.0	0.0	3	1.0153431200698269	14.401315287659058	230.0	35	1.05	0.95				
	324	1	0.0	0.0	0.0	0.0	3	1.0441236500456417	18.29304720493703	230.0	36	1.05	0.95				
	325	1	0.0	0.0	0.0	0.0	3	1.0165558932236722	14.973714567459542	230.0	35	1.05	0.95				
];
