%% MATPOWER Case Format : Version 2
function mpc = RTS_GMLC
mpc.version = '2';

%%-----  Power Flow Data  -----%%
%% system MVA base
mpc.baseMVA = 100.0;
%% bus data
%    bus_i    type    Pd    Qd    Gs    Bs    area    Vm    Va    baseKV    zone    Vmax    Vmin
mpc.bus = [
	101	2	36.33844631494737	7.4022761011929825	0.0	0.0	1	1.0305764466175518	2.7137050537299188	138.0	11	1.05	0.95				
	102	2	32.63730826435087	6.729341910175439	0.0	0.0	1	1.0291945432619511	2.3412837009205294	138.0	12	1.05	0.95				
	103	1	60.564077191578946	12.44928253382456	0.0	0.0	1	1.0319351856066998	1.7816856099623772	138.0	11	1.05	0.95				
	104	1	24.89856506764912	5.047006432631578	0.0	0.0	1	1.021350254071609	-0.41139091650626813	138.0	11	1.05	0.95				
	105	1	23.889163781122804	4.710539337122807	0.0	0.0	1	1.0356968037120995	-0.21057485276106683	138.0	11	1.05	0.95				
	106	1	45.75952498919298	9.421078674245614	0.0	-100.0	1	1.0472134877567656	-2.2776264122658003	138.0	12	1.05	0.95				
	107	2	42.058386938596485	8.411677387719298	0.0	0.0	1	1.0011869653457917	-7.792345192895005	138.0	12	1.05	0.95				
	108	1	57.535873332	11.776348342807017	0.0	0.0	1	1.0074958527161577	-6.247483325965593	138.0	12	1.05	0.95				
	109	1	58.88174171403509	12.112815438315788	0.0	0.0	1	1.0244551766560952	-1.283933027448525	138.0	13	1.05	0.95				
	110	1	65.61108362421052	13.458683820350878	0.0	0.0	1	1.05	-2.1027454770717795	138.0	13	1.05	0.95				
	111	1	0.0	0.0	0.0	0.0	1	1.0011319670600376	0.29766802448896845	230.0	13	1.05	0.95				
	112	1	0.0	0.0	0.0	0.0	1	1.0056655084951174	-0.3117665292123292	230.0	13	1.05	0.95				
	113	3	89.16378030982455	18.169223157473684	0.0	0.0	1	0.9895011852962852	-7.019534814939452e-29	230.0	14	1.05	0.95				
	114	2	65.27461652870174	13.122216724842106	0.0	0.0	1	0.998770780451262	2.6911573340892763	230.0	16	1.05	0.95				
	115	2	106.6600692762807	21.533894112561402	0.0	0.0	1	1.0391784494337493	9.115535604155511	230.0	16	1.05	0.95				
	116	2	33.64670955087719	6.729341910175439	0.0	0.0	1	1.033619269861704	7.927302515650051	230.0	16	1.05	0.95				
	117	1	0.0	0.0	0.0	0.0	1	1.040651150189568	12.04665001215519	230.0	17	1.05	0.95				
	118	2	112.04354280442104	22.87976249459649	0.0	0.0	1	1.0473672050358367	12.393065782876088	230.0	17	1.05	0.95				
	119	1	60.90054428708772	12.44928253382456	0.0	0.0	1	1.0213467085254324	5.101294106958427	230.0	15	1.05	0.95				
	120	1	43.067788225122804	8.748144483228069	0.0	0.0	1	1.0142629456576338	3.2685203184106557	230.0	15	1.05	0.95				
	121	2	0.0	0.0	0.0	0.0	1	1.05	13.511790901700676	230.0	17	1.05	0.95				
	122	2	0.0	0.0	0.0	0.0	1	1.05	26.05136983651736	230.0	17	1.05	0.95				
	123	2	0.0	0.0	0.0	0.0	1	1.0106810105947024	2.519456575231292	230.0	15	1.05	0.95				
	124	1	0.0	0.0	0.0	0.0	1	1.0269399838079336	6.364188451991188	230.0	16	1.05	0.95				
	201	2	37.722650714526324	7.684243664070175	0.0	0.0	2	1.0144685245597531	-11.573772612925747	138.0	21	1.05	0.95				
	202	2	33.88052888249123	6.985676058245614	0.0	0.0	2	1.0135839544789143	-11.845740744333872	138.0	22	1.05	0.95				
	203	1	62.87108452421053	12.923500707754387	0.0	0.0	2	1.0153857707875624	-8.199265102005427	138.0	21	1.05	0.95				
	204	1	25.847001415508775	5.239257043684211	0.0	0.0	2	1.0132843947729913	-11.620138795490567	138.0	21	1.05	0.95				
	205	1	24.79915000677193	4.889973240771931	0.0	0.0	2	1.028140115896417	-11.990955573826753	138.0	21	1.05	0.95				
	206	1	47.502597196070184	9.779946481543861	0.0	-100.0	2	1.044084418541581	-12.687419066127234	138.0	22	1.05	0.95				
	207	2	43.660475364035086	8.732095072807018	0.0	0.0	2	0.9971434977165535	-16.79144161728942	138.0	22	1.05	0.95				
	208	1	59.727530298	12.224933101929825	0.0	0.0	2	1.004298941660428	-15.264391513053988	138.0	22	1.05	0.95				
	209	1	61.12466550964912	12.574216904842107	0.0	0.0	2	1.0224610259083802	-9.980913278243555	138.0	23	1.05	0.95				
	210	1	68.11034156789474	13.971352116491229	0.0	0.0	2	1.05	-11.281447813805578	138.0	23	1.05	0.95				
	211	1	0.0	0.0	0.0	0.0	2	1.002484733203473	-7.363698389861434	230.0	23	1.05	0.95				
	212	1	0.0	0.0	0.0	0.0	2	1.0056284292015703	-6.663773869393834	230.0	23	1.05	0.95				
	213	2	92.56020777175439	18.861325357263162	0.0	0.0	2	0.9965350526343295	-6.085567405243611	230.0	24	1.05	0.95				
	214	2	67.76105776498245	13.62206831357895	0.0	0.0	2	1.0009925802769695	-5.068069736537481	230.0	26	1.05	0.95				
	215	2	110.72296552319298	22.354163386385967	0.0	0.0	2	1.0162517736792722	0.44409464031890833	230.0	26	1.05	0.95				
	216	2	34.92838029122807	6.985676058245614	0.0	0.0	2	1.017475442154266	0.2956948207582353	230.0	26	1.05	0.95				
	217	1	0.0	0.0	0.0	0.0	2	1.0219310858689454	1.6325436500772952	230.0	27	1.05	0.95				
	218	2	116.31150636978948	23.751298598035092	0.0	0.0	2	1.0213728285283765	1.300079446985564	230.0	27	1.05	0.95				
	219	1	63.22036832712281	12.923500707754387	0.0	0.0	2	1.0185464005611844	0.24320035652226754	230.0	25	1.05	0.95				
	220	1	44.70832677277193	9.081378875719299	0.0	0.0	2	1.0214466900471102	0.8919437524483382	230.0	25	1.05	0.95				
	221	2	0.0	0.0	0.0	0.0	2	1.023255852968667	1.8179986115851199	230.0	27	1.05	0.95				
	222	2	0.0	0.0	0.0	0.0	2	1.0451738902313565	8.29640532279984	230.0	27	1.05	0.95				
	223	2	0.0	0.0	0.0	0.0	2	1.023397521506901	1.5196931578716715	230.0	25	1.05	0.95				
	224	1	0.0	0.0	0.0	0.0	2	1.0052619419909519	-2.823265177318785	230.0	26	1.05	0.95				
	301	2	41.905093338947374	8.536222717192983	0.0	0.0	3	1.0100915881599462	-12.628321340913192	138.0	31	1.05	0.95				
	302	2	37.63698198035088	7.7602024701754395	0.0	0.0	3	1.0100085754108583	-12.728936816401525	138.0	32	1.05	0.95				
	303	1	69.84182223157896	14.356374569824562	0.0	0.0	3	1.0246834873717436	-7.6812086034090665	138.0	31	1.05	0.95				
	304	1	28.712749139649123	5.820151852631579	0.0	0.0	3	1.0123132909628896	-11.378028336021586	138.0	31	1.05	0.95				
	305	1	27.54871876912281	5.432141729122808	0.0	0.0	3	1.0251543648524557	-12.173509805311111	138.0	31	1.05	0.95				
	306	1	52.76937679719299	10.864283458245616	0.0	-100.0	3	1.042122517769638	-12.39494760650734	138.0	32	1.05	0.95				
	307	2	48.5012654385965	9.700253087719299	0.0	0.0	3	0.9910655466194099	-16.41193850898214	138.0	32	1.05	0.95				
	308	1	66.34973112	13.580354322807016	0.0	0.0	3	1.0000124464891649	-14.711452762204859	138.0	32	1.05	0.95				
	309	1	67.90177161403508	13.968364446315789	0.0	0.0	3	1.025937208415933	-8.680076023610305	138.0	33	1.05	0.95				
	310	1	75.66197408421053	15.520404940350879	0.0	0.0	3	1.05	-10.467902961651191	138.0	33	1.05	0.95				
	311	1	0.0	0.0	0.0	0.0	3	1.004407355129491	-5.364609373506669	230.0	33	1.05	0.95				
	312	1	0.0	0.0	0.0	0.0	3	1.0097476444902076	-4.844315445185353	230.0	33	1.05	0.95				
	313	2	102.82268272982455	20.952546669473687	0.0	0.0	3	1.0078461937825367	-1.959397351577062	230.0	34	1.05	0.95				
	314	2	75.27396396070176	15.132394816842107	0.0	0.0	3	0.9987081380740056	-3.9954813129021525	230.0	36	1.05	0.95				
	315	2	122.99920915228071	24.832647904561405	0.0	0.0	3	1.0284206180938407	-0.18995693489797644	230.0	36	1.05	0.95				
	316	2	38.801012350877194	7.7602024701754395	0.0	0.0	3	1.0271841173101934	0.20233801089012518	230.0	36	1.05	0.95				
	317	1	0.0	0.0	0.0	0.0	3	1.0382884484325492	3.9691397772491728	230.0	37	1.05	0.95				
	318	2	129.20737112842107	26.384688398596495	0.0	0.0	3	1.0353340593229432	2.522868989385765	230.0	37	1.05	0.95				
	319	1	70.22983235508772	14.356374569824562	0.0	0.0	3	1.0226576883724794	-0.32353826628693244	230.0	35	1.05	0.95				
	320	1	49.66529580912281	10.088263211228071	0.0	0.0	3	1.0211461231103345	-0.017989156405038554	230.0	35	1.05	0.95				
	321	2	0.0	0.0	0.0	0.0	3	1.0355010726077438	2.2094077176768483	230.0	37	1.05	0.95				
	322	2	0.0	0.0	0.0	0.0	3	1.049999958480624	7.2077653019800785	230.0	37	1.05	0.95				
	323	2	0.0	0.0	0.0	0.0	3	1.0207571091940577	0.45420768680323675	230.0	35	1.05	0.95				
	324	1	0.0	0.0	0.0	0.0	3	1.0174399824363773	-3.011679166156822	230.0	36	1.05	0.95				
	325	1	0.0	0.0	0.0	0.0	3	1.019729176540587	1.573232001028701	230.0	35	1.05	0.95				
];
