%% MATPOWER Case Format : Version 2
function mpc = RTS_GMLC
mpc.version = '2';

%%-----  Power Flow Data  -----%%
%% system MVA base
mpc.baseMVA = 100.0;
%% bus data
%    bus_i    type    Pd    Qd    Gs    Bs    area    Vm    Va    baseKV    zone    Vmax    Vmin
mpc.bus = [
	101	2	53.61256803789474	10.921078674385964	0.0	0.0	1	1.0446345641871753	2.208881749538477	138.0	11	1.05	0.95				
	102	2	48.15202870070175	9.928253340350878	0.0	0.0	1	1.0427157422484352	1.6823111622896691	138.0	12	1.05	0.95				
	103	1	89.35428006315789	18.367268679649122	0.0	0.0	1	1.0323362339452773	0.46140383573589855	138.0	11	1.05	0.95				
	104	1	36.734537359298244	7.4461900052631576	0.0	0.0	1	1.0270083303867332	-1.41729173154419	138.0	11	1.05	0.95				
	105	1	35.24529935824561	6.949777338245615	0.0	0.0	1	1.0400236468953727	-1.6635195838173853	138.0	11	1.05	0.95				
	106	1	67.51212271438597	13.89955467649123	0.0	-100.0	1	1.045391524473658	-4.425382690754297	138.0	12	1.05	0.95				
	107	2	62.051583377192976	12.410316675438596	0.0	0.0	1	0.9997315055618823	-10.959976239180001	138.0	12	1.05	0.95				
	108	1	84.88656605999999	17.374443345614033	0.0	0.0	1	1.001341446428177	-9.357313766831917	138.0	12	1.05	0.95				
	109	1	86.87221672807017	17.870856012631577	0.0	0.0	1	1.0249975095594734	-2.987934559625344	138.0	13	1.05	0.95				
	110	1	96.80047006842103	19.856506680701756	0.0	0.0	1	1.05	-4.077811214292004	138.0	13	1.05	0.95				
	111	1	0.0	0.0	0.0	0.0	1	1.0059693399410288	-0.955692382769294	230.0	13	1.05	0.95				
	112	1	0.0	0.0	0.0	0.0	1	1.0095567116990667	-1.2877235462052135	230.0	13	1.05	0.95				
	113	3	131.54935675964913	26.80628401894737	0.0	0.0	1	0.9995556186657202	1.9316926020729107e-31	230.0	14	1.05	0.95				
	114	2	96.3040574014035	19.360094013684208	0.0	0.0	1	1.0049216709369757	0.9026454976125535	230.0	16	1.05	0.95				
	115	2	157.3628154445614	31.77041068912281	0.0	0.0	1	1.0402544846872552	7.845703387812978	230.0	16	1.05	0.95				
	116	2	49.64126670175438	9.928253340350878	0.0	0.0	1	1.0352108656418637	6.458025874791223	230.0	16	1.05	0.95				
	117	1	0.0	0.0	0.0	0.0	1	1.0420711782515983	10.501760015321802	230.0	17	1.05	0.95				
	118	2	165.3054181168421	33.75606135719298	0.0	0.0	1	1.0466553259062632	11.45254796442953	230.0	17	1.05	0.95				
	119	1	89.85069273017544	18.367268679649122	0.0	0.0	1	1.0234010428822073	3.7552414033429042	230.0	15	1.05	0.95				
	120	1	63.54082137824562	12.906729342456142	0.0	0.0	1	1.017792147833481	2.074568039430201	230.0	15	1.05	0.95				
	121	2	0.0	0.0	0.0	0.0	1	1.049181614025808	13.224637590520095	230.0	17	1.05	0.95				
	122	2	0.0	0.0	0.0	0.0	1	1.05	19.629905307533264	230.0	17	1.05	0.95				
	123	2	0.0	0.0	0.0	0.0	1	1.0156934485958413	1.5315679681924819	230.0	15	1.05	0.95				
	124	1	0.0	0.0	0.0	0.0	1	1.0277015227123008	5.077396594746863	230.0	16	1.05	0.95				
	201	2	52.002518513684215	10.593105623157896	0.0	0.0	2	1.0147259200883054	-12.625196041027236	138.0	21	1.05	0.95				
	202	2	46.70596570210526	9.630096021052632	0.0	0.0	2	1.013921391345498	-12.874560292180012	138.0	22	1.05	0.95				
	203	1	86.67086418947369	17.81567763894737	0.0	0.0	2	1.0138306912051003	-9.3520020096307	138.0	21	1.05	0.95				
	204	1	35.63135527789474	7.222572015789473	0.0	0.0	2	1.0114505607903221	-11.98900390785188	138.0	21	1.05	0.95				
	205	1	34.18684087473684	6.741067214736843	0.0	0.0	2	1.0262330781677789	-12.390979837076497	138.0	21	1.05	0.95				
	206	1	65.48465294315791	13.482134429473685	0.0	-100.0	2	1.040372100892967	-12.835277294464431	138.0	22	1.05	0.95				
	207	2	60.18810013157895	12.03762002631579	0.0	0.0	2	0.9969263641306526	-18.727464964491485	138.0	22	1.05	0.95				
	208	1	82.33732098	16.852668036842104	0.0	0.0	2	0.9991656989474801	-16.492002738723762	138.0	22	1.05	0.95				
	209	1	84.26334018421053	17.334172837894737	0.0	0.0	2	1.0243442929215767	-9.281512355773534	138.0	23	1.05	0.95				
	210	1	93.89343620526316	19.260192042105263	0.0	0.0	2	1.05	-10.610270578670118	138.0	23	1.05	0.95				
	211	1	0.0	0.0	0.0	0.0	2	1.0084630393083123	-6.313804080394307	230.0	23	1.05	0.95				
	212	1	0.0	0.0	0.0	0.0	2	1.0125820464905664	-2.069333721879345	230.0	23	1.05	0.95				
	213	2	127.59877227894738	26.001259256842108	0.0	0.0	2	1.0074281115466215	-3.8078904057992333	230.0	24	1.05	0.95				
	214	2	93.41193140421052	18.778687241052634	0.0	0.0	2	1.0090332472689034	-4.781372318185642	230.0	26	1.05	0.95				
	215	2	152.63702193368422	30.816307267368426	0.0	0.0	2	1.0234452107171788	0.4850665065278932	230.0	26	1.05	0.95				
	216	2	48.15048010526316	9.630096021052632	0.0	0.0	2	1.023437435949351	0.3716131534752903	230.0	26	1.05	0.95				
	217	1	0.0	0.0	0.0	0.0	2	1.027439763955844	1.247479377420451	230.0	27	1.05	0.95				
	218	2	160.34109875052633	32.742326471578956	0.0	0.0	2	1.0266077548764403	0.7851874348330848	230.0	27	1.05	0.95				
	219	1	87.15236899052631	17.81567763894737	0.0	0.0	2	1.0224956467714317	0.8801249765068826	230.0	25	1.05	0.95				
	220	1	61.63261453473685	12.519124827368422	0.0	0.0	2	1.0253866824496023	2.2646097331708277	230.0	25	1.05	0.95				
	221	2	0.0	0.0	0.0	0.0	2	1.0290003341993734	1.4844370151011266	230.0	27	1.05	0.95				
	222	2	0.0	0.0	0.0	0.0	2	1.049999969952567	7.882183805646848	230.0	27	1.05	0.95				
	223	2	0.0	0.0	0.0	0.0	2	1.0282837014896518	3.3910101761469136	230.0	25	1.05	0.95				
	224	1	0.0	0.0	0.0	0.0	2	1.0077517299856766	-3.201408596509168	230.0	26	1.05	0.95				
	301	2	44.63840557894736	9.093008543859648	0.0	0.0	3	1.0050469066254166	12.198699519068336	138.0	31	1.05	0.95				
	302	2	40.09190130701754	8.26637140350877	0.0	0.0	3	1.0049772253759481	12.189338604675811	138.0	32	1.05	0.95				
	303	1	74.39734263157895	15.292787096491226	0.0	0.0	3	1.0151071678370598	13.615586405016526	138.0	31	1.05	0.95				
	304	1	30.585574192982453	6.199778552631578	0.0	0.0	3	1.008380612303994	13.569378006382138	138.0	31	1.05	0.95				
	305	1	29.34561848245614	5.78645998245614	0.0	0.0	3	1.021664818730377	13.659767406244091	138.0	31	1.05	0.95				
	306	1	56.211325543859644	11.57291996491228	0.0	-100.0	3	1.0399740914095805	13.97194056636671	138.0	32	1.05	0.95				
	307	2	51.66482127192982	10.332964254385963	0.0	0.0	3	0.9850385059256115	11.177959398256602	138.0	32	1.05	0.95				
	308	1	70.67747549999999	14.466149956140347	0.0	0.0	3	1.0001144481409472	12.917639299483469	138.0	32	1.05	0.95				
	309	1	72.33074978070174	14.879468526315787	0.0	0.0	3	1.0239830180777985	16.39891510605205	138.0	33	1.05	0.95				
	310	1	80.59712118421052	16.53274280701754	0.0	0.0	3	1.05	16.44552097386349	138.0	33	1.05	0.95				
	311	1	0.0	0.0	0.0	0.0	3	1.0024219818010598	20.648030099139447	230.0	33	1.05	0.95				
	312	1	0.0	0.0	0.0	0.0	3	1.0104739235870963	21.484149804534844	230.0	33	1.05	0.95				
	313	2	109.52942109649122	22.31920278947368	0.0	0.0	3	1.0115918682462692	27.054008702884346	230.0	34	1.05	0.95				
	314	2	80.18380261403507	16.119424236842104	0.0	0.0	3	0.9947527700878851	19.35456711410586	230.0	36	1.05	0.95				
	315	2	131.02198674561402	26.452388491228067	0.0	0.0	3	1.0190520768167879	14.13180138392167	230.0	36	1.05	0.95				
	316	2	41.331857017543854	8.26637140350877	0.0	0.0	3	1.0190344041831527	15.052687953286465	230.0	36	1.05	0.95				
	317	1	0.0	0.0	0.0	0.0	3	1.025991391664579	14.049445005700107	230.0	37	1.05	0.95				
	318	2	137.63508386842105	28.105662771929822	0.0	0.0	3	1.0257507458817237	12.801073902191252	230.0	37	1.05	0.95				
	319	1	74.81066120175439	15.292787096491226	0.0	0.0	3	1.0189633600516317	17.392028258680032	230.0	35	1.05	0.95				
	320	1	52.904776982456134	10.746282824561403	0.0	0.0	3	1.0192150488754113	18.809591870967303	230.0	35	1.05	0.95				
	321	2	0.0	0.0	0.0	0.0	3	1.0254642520547317	13.821361877400081	230.0	37	1.05	0.95				
	322	2	0.0	0.0	0.0	0.0	3	1.039313270585533	18.306587241944833	230.0	37	1.05	0.95				
	323	2	0.0	0.0	0.0	0.0	3	1.0188617451731035	19.353858229151683	230.0	35	1.05	0.95				
	324	1	0.0	0.0	0.0	0.0	3	1.015717568052923	15.738486758166395	230.0	36	1.05	0.95				
	325	1	0.0	0.0	0.0	0.0	3	1.022860952869482	18.83981664420619	230.0	35	1.05	0.95				
];
