%% MATPOWER Case Format : Version 2
function mpc = RTS_GMLC
mpc.version = '2';

%%-----  Power Flow Data  -----%%
%% system MVA base
mpc.baseMVA = 100.0;
%% bus data
%    bus_i    type    Pd    Qd    Gs    Bs    area    Vm    Va    baseKV    zone    Vmax    Vmin
mpc.bus = [
	101	2	42.89807027368421	8.738495796491227	0.0	0.0	1	1.0122723227644708	-4.431365938149375	138.0	11	1.05	0.95				
	102	2	38.528822375438594	7.944087087719298	0.0	0.0	1	1.0121621625670005	-4.6453059492901625	138.0	12	1.05	0.95				
	103	1	71.49678378947368	14.696561112280701	0.0	0.0	1	1.0021528214740543	0.15225175086077392	138.0	11	1.05	0.95				
	104	1	29.393122224561402	5.958065315789474	0.0	0.0	1	1.0028155608359541	-4.49070348783672	138.0	11	1.05	0.95				
	105	1	28.20150916140351	5.560860961403509	0.0	0.0	1	1.0166036938630627	-5.537336983030608	138.0	11	1.05	0.95				
	106	1	54.01979219649123	11.121721922807017	0.0	-100.0	1	1.0269323071904282	-6.639970557961683	138.0	12	1.05	0.95				
	107	2	49.65054429824561	9.930108859649122	0.0	0.0	1	0.9864149976660543	-9.847669492283767	138.0	12	1.05	0.95				
	108	1	67.92194459999999	13.902152403508772	0.0	0.0	1	0.9883572716868365	-8.851209694904416	138.0	12	1.05	0.95				
	109	1	69.51076201754385	14.299356757894735	0.0	0.0	1	1.002247766537362	-3.5268327567173205	138.0	13	1.05	0.95				
	110	1	77.45484910526315	15.888174175438596	0.0	0.0	1	1.0303353880081192	-5.345394162626547	138.0	13	1.05	0.95				
	111	1	0.0	0.0	0.0	0.0	1	0.9810897900199834	-0.9764304721895887	230.0	13	1.05	0.95				
	112	1	0.0	0.0	0.0	0.0	1	0.9824847542538185	-1.6001889968810903	230.0	13	1.05	0.95				
	113	3	105.2591539122807	21.449035136842106	0.0	0.0	1	0.9633759171660573	-2.42222323898019e-28	230.0	14	1.05	0.95				
	114	2	77.05764475087719	15.490969821052634	0.0	0.0	1	0.9887426505049466	1.788770375937994	230.0	16	1.05	0.95				
	115	2	125.91378034035088	25.421078680701754	0.0	0.0	1	0.9902522806980473	9.781502102489098	230.0	16	1.05	0.95				
	116	2	39.72043543859649	7.944087087719298	0.0	0.0	1	0.9897258362628726	8.419324835704089	230.0	16	1.05	0.95				
	117	1	0.0	0.0	0.0	0.0	1	0.9940955107721291	13.360612948653486	230.0	17	1.05	0.95				
	118	2	132.2690500105263	27.009896098245616	0.0	0.0	1	0.9993194663245437	13.970188717805303	230.0	17	1.05	0.95				
	119	1	71.89398814385966	14.696561112280701	0.0	0.0	1	0.989975244637973	5.33050827776442	230.0	15	1.05	0.95				
	120	1	50.84215736140351	10.327313214035087	0.0	0.0	1	0.9941568266016502	3.036175391205654	230.0	15	1.05	0.95				
	121	2	0.0	0.0	0.0	0.0	1	0.9996985850416623	15.25705730379046	230.0	17	1.05	0.95				
	122	2	0.0	0.0	0.0	0.0	1	1.0144737823531813	28.593324188630685	230.0	17	1.05	0.95				
	123	2	0.0	0.0	0.0	0.0	1	0.9972837349026481	2.1056188418655157	230.0	15	1.05	0.95				
	124	1	0.0	0.0	0.0	0.0	1	0.9832386202988082	6.092452482884371	230.0	16	1.05	0.95				
	201	2	43.24759954105264	8.809696202807018	0.0	0.0	2	1.0106866419400358	-10.05761132204914	138.0	21	1.05	0.95				
	202	2	38.84275143964912	8.008814729824563	0.0	0.0	2	1.0095878248587105	-10.229129719483032	138.0	22	1.05	0.95				
	203	1	72.07933256842105	14.81630725017544	0.0	0.0	2	0.9971472673341831	-7.700355033247169	138.0	21	1.05	0.95				
	204	1	29.63261450035088	6.006611047368421	0.0	0.0	2	1.0011057755363038	-9.282734232130892	138.0	21	1.05	0.95				
	205	1	28.43129229087719	5.606170310877193	0.0	0.0	2	1.0171771432894958	-9.60813362099182	138.0	21	1.05	0.95				
	206	1	54.459940162807015	11.212340621754386	0.0	-100.0	2	1.0289135062645687	-9.862239733012755	138.0	22	1.05	0.95				
	207	2	50.055092061403506	10.011018412280702	0.0	0.0	2	0.971586473837337	-14.661347100427554	138.0	22	1.05	0.95				
	208	1	68.47536594	14.015425777192982	0.0	0.0	2	0.9803023509675006	-12.823763656698915	138.0	22	1.05	0.95				
	209	1	70.07712888596491	14.415866513684211	0.0	0.0	2	1.0062219102310102	-6.796173446938529	138.0	23	1.05	0.95				
	210	1	78.08594361578947	16.017629459649125	0.0	0.0	2	1.0336258236896787	-7.8297827688678785	138.0	23	1.05	0.95				
	211	1	0.0	0.0	0.0	0.0	2	0.9868887243808466	-4.457369401040628	230.0	23	1.05	0.95				
	212	1	0.0	0.0	0.0	0.0	2	0.9885954704486459	0.27712285898502254	230.0	23	1.05	0.95				
	213	2	106.11679517017542	21.62379977052632	0.0	0.0	2	0.9826956114959221	-1.8931117080810533	230.0	24	1.05	0.95				
	214	2	77.68550287929824	15.617188723157897	0.0	0.0	2	0.983101631265941	-3.7027581589471734	230.0	26	1.05	0.95				
	215	2	126.9397134677193	25.628207135438597	0.0	0.0	2	0.9911094873791243	0.19214905444096345	230.0	26	1.05	0.95				
	216	2	40.04407364912281	8.008814729824563	0.0	0.0	2	0.9892305029162797	0.014329098052940411	230.0	26	1.05	0.95				
	217	1	0.0	0.0	0.0	0.0	2	0.9996448548821356	0.8560319516305409	230.0	27	1.05	0.95				
	218	2	133.34676525157897	27.229970081403508	0.0	0.0	2	1.0004691054931818	0.3817994599386856	230.0	27	1.05	0.95				
	219	1	72.47977330491229	14.81630725017544	0.0	0.0	2	0.9826067986749962	1.014186226240429	230.0	25	1.05	0.95				
	220	1	51.256414270877194	10.41145914877193	0.0	0.0	2	0.9800962859587227	2.7454037861511313	230.0	25	1.05	0.95				
	221	2	0.0	0.0	0.0	0.0	2	1.0027688972618953	0.9406933899799124	230.0	27	1.05	0.95				
	222	2	0.0	0.0	0.0	0.0	2	1.0205020077358438	6.050970173880079	230.0	27	1.05	0.95				
	223	2	0.0	0.0	0.0	0.0	2	0.9799557598043007	4.040310763460898	230.0	25	1.05	0.95				
	224	1	0.0	0.0	0.0	0.0	2	0.983749808234394	-2.8140448147680166	230.0	26	1.05	0.95				
	301	2	59.43245809263158	12.106611833684209	0.0	0.0	3	1.0063946517627687	23.740528132065474	138.0	31	1.05	0.95				
	302	2	53.37915217578947	11.006010757894735	0.0	0.0	3	1.0065723116860388	23.513356300899645	138.0	32	1.05	0.95				
	303	1	99.05409682105261	20.36111990210526	0.0	0.0	3	1.0143403018870978	33.77915772075009	138.0	31	1.05	0.95				
	304	1	40.72223980421052	8.254508068421051	0.0	0.0	3	0.9977041327931566	25.429629498475176	138.0	31	1.05	0.95				
	305	1	39.071338190526305	7.704207530526315	0.0	0.0	3	1.0132550924993913	24.07491752484165	138.0	31	1.05	0.95				
	306	1	74.8408731536842	15.40841506105263	0.0	-100.0	3	1.0244633752355066	23.62550819190685	138.0	32	1.05	0.95				
	307	2	68.7875672368421	13.757513447368419	0.0	0.0	3	0.9679267168573115	20.625876606626562	138.0	32	1.05	0.95				
	308	1	94.10139197999999	19.26051882631579	0.0	0.0	3	0.9808113048992158	23.150496667621812	138.0	32	1.05	0.95				
	309	1	96.30259413157893	19.810819364210523	0.0	0.0	3	1.0096395253507002	29.326162327169435	138.0	33	1.05	0.95				
	310	1	107.30860488947367	22.01202151578947	0.0	0.0	3	1.034586517271744	26.224149125019746	138.0	33	1.05	0.95				
	311	1	0.0	0.0	0.0	0.0	3	0.9912172623836712	31.417238426438868	230.0	33	1.05	0.95				
	312	1	0.0	0.0	0.0	0.0	3	0.9986260896404389	31.635889989581642	230.0	33	1.05	0.95				
	313	2	145.82964254210523	29.71622904631579	0.0	0.0	3	1.0007691704572854	35.785333301628306	230.0	34	1.05	0.95				
	314	2	106.75830435157894	21.461720977894736	0.0	0.0	3	0.9818357152060968	31.331308141675947	230.0	36	1.05	0.95				
	315	2	174.44527051263154	35.21923442526315	0.0	0.0	3	0.9847237094176576	29.426796712122286	230.0	36	1.05	0.95				
	316	2	55.030053789473676	11.006010757894735	0.0	0.0	3	0.9754942058266477	30.19022687335619	230.0	36	1.05	0.95				
	317	1	0.0	0.0	0.0	0.0	3	0.9900305072099294	32.58419030147857	230.0	37	1.05	0.95				
	318	2	183.25007911894735	37.4204365768421	0.0	0.0	3	0.9840931512948301	28.668979800926213	230.0	37	1.05	0.95				
	319	1	99.60439735894737	20.36111990210526	0.0	0.0	3	0.9845064519650049	30.08479339205038	230.0	35	1.05	0.95				
	320	1	70.4384688505263	14.307813985263158	0.0	0.0	3	0.9937117282614104	29.66828829248233	230.0	35	1.05	0.95				
	321	2	0.0	0.0	0.0	0.0	3	0.9922627086557342	29.429529186484007	230.0	37	1.05	0.95				
	322	2	0.0	0.0	0.0	0.0	3	1.0096657236821307	33.6538400971884	230.0	37	1.05	0.95				
	323	2	0.0	0.0	0.0	0.0	3	0.9985153329628714	29.253796828587085	230.0	35	1.05	0.95				
	324	1	0.0	0.0	0.0	0.0	3	0.9953658854461258	32.53255238806392	230.0	36	1.05	0.95				
