%% MATPOWER Case Format : Version 2
function mpc = RTS_GMLC
mpc.version = '2';

%%-----  Power Flow Data  -----%%
%% system MVA base
mpc.baseMVA = 100.0;
%% bus data
%    bus_i    type    Pd    Qd    Gs    Bs    area    Vm    Va    baseKV    zone    Vmax    Vmin
mpc.bus = [
	101	2	52.43691243789475	10.681593274385966	0.0	0.0	1	1.0341637986606835	1.5945525295987617	138.0	11	1.05	0.95				
	102	2	47.09611580070175	9.710539340350879	0.0	0.0	1	1.0337248895283062	1.4472319512213283	138.0	12	1.05	0.95				
	103	1	87.39485406315791	17.964497779649125	0.0	0.0	1	1.0279992670255158	-0.13207528736259833	138.0	11	1.05	0.95				
	104	1	35.92899555929825	7.282904505263158	0.0	0.0	1	1.0208264751478804	-1.7373625812599198	138.0	11	1.05	0.95				
	105	1	34.47241465824561	6.797377538245615	0.0	0.0	1	1.0354456770372955	-1.5626452783255997	138.0	11	1.05	0.95				
	106	1	66.03166751438597	13.59475507649123	0.0	-100.0	1	1.043945045070414	-3.8202807985742218	138.0	12	1.05	0.95				
	107	2	60.69087087719298	12.138174175438596	0.0	0.0	1	1.0061941266460033	-7.405176274893325	138.0	12	1.05	0.95				
	108	1	83.02511136	16.993443845614035	0.0	0.0	1	1.0068034642175294	-6.986244274119392	138.0	12	1.05	0.95				
	109	1	84.96721922807018	17.478970812631577	0.0	0.0	1	1.0252776474757672	-2.3796893797746703	138.0	13	1.05	0.95				
	110	1	94.67775856842105	19.421078680701758	0.0	0.0	1	1.05	-3.2361261950715337	138.0	13	1.05	0.95				
	111	1	0.0	0.0	0.0	0.0	1	1.0059474288756725	-0.43783289131695674	230.0	13	1.05	0.95				
	112	1	0.0	0.0	0.0	0.0	1	1.0103606460928676	0.10345052171422355	230.0	13	1.05	0.95				
	113	3	128.66464625964912	26.218456218947374	0.0	0.0	1	0.9996208363950586	1.1201421178247347e-30	230.0	14	1.05	0.95				
	114	2	94.1922316014035	18.935551713684212	0.0	0.0	1	1.0041387759575533	1.6629746037416238	230.0	16	1.05	0.95				
	115	2	153.91204854456143	31.073725889122812	0.0	0.0	1	1.0406560083237562	7.676858287325366	230.0	16	1.05	0.95				
	116	2	48.552696701754385	9.710539340350879	0.0	0.0	1	1.0371689601685148	7.453831805333375	230.0	16	1.05	0.95				
	117	1	0.0	0.0	0.0	0.0	1	1.0430247092276905	9.605947714062282	230.0	17	1.05	0.95				
	118	2	161.68048001684213	33.015833757192986	0.0	0.0	1	1.0462941838391364	9.313894773997326	230.0	17	1.05	0.95				
	119	1	87.88038103017544	17.964497779649125	0.0	0.0	1	1.0311097046101707	6.542084967321273	230.0	15	1.05	0.95				
	120	1	62.147451778245625	12.623701142456142	0.0	0.0	1	1.0294366733724172	6.682269389915193	230.0	15	1.05	0.95				
	121	2	0.0	0.0	0.0	0.0	1	1.05	10.158163521691224	230.0	17	1.05	0.95				
	122	2	0.0	0.0	0.0	0.0	1	1.05	20.536187026628973	230.0	17	1.05	0.95				
	123	2	0.0	0.0	0.0	0.0	1	1.0293576511210234	7.130670388992002	230.0	15	1.05	0.95				
	124	1	0.0	0.0	0.0	0.0	1	1.0258833447335405	4.7636152241905725	230.0	16	1.05	0.95				
	201	2	51.441523692631584	10.478828900350877	0.0	0.0	2	1.030487103856062	-6.572342809259424	138.0	21	1.05	0.95				
	202	2	46.20210924245614	9.52620809122807	0.0	0.0	2	1.0308760487814976	-6.5430981843035285	138.0	22	1.05	0.95				
	203	1	85.73587282105262	17.62348496877193	0.0	0.0	2	1.0205214163084686	-6.417484073206476	138.0	21	1.05	0.95				
	204	1	35.24696993754386	7.144656068421053	0.0	0.0	2	1.0190761797018992	-8.84558239912674	138.0	21	1.05	0.95				
	205	1	33.818038723859644	6.668345663859649	0.0	0.0	2	1.0341696858833425	-8.96579643753161	138.0	21	1.05	0.95				
	206	1	64.77821502035088	13.336691327719299	0.0	-100.0	2	1.043965973276919	-10.75588538681842	138.0	22	1.05	0.95				
	207	2	59.53880057017544	11.907760114035087	0.0	0.0	2	0.9885659327808457	-17.95830713757953	138.0	22	1.05	0.95				
	208	1	81.44907918	16.67086415964912	0.0	0.0	2	0.994366372220314	-15.771960876248471	138.0	22	1.05	0.95				
	209	1	83.35432079824561	17.147174564210527	0.0	0.0	2	1.0234474459084504	-8.788729173739023	138.0	23	1.05	0.95				
	210	1	92.88052888947368	19.05241618245614	0.0	0.0	2	1.05	-9.879282043024213	138.0	23	1.05	0.95				
	211	1	0.0	0.0	0.0	0.0	2	1.0075697198386708	-5.978331748513646	230.0	23	1.05	0.95				
	212	1	0.0	0.0	0.0	0.0	2	1.0107197353530355	-5.494467662492116	230.0	23	1.05	0.95				
	213	2	126.22225720877192	25.720761846315792	0.0	0.0	2	1.002142573875041	-5.158756302824882	230.0	24	1.05	0.95				
	214	2	92.40421848491228	18.576105777894735	0.0	0.0	2	1.0106080413759457	-3.250374503442313	230.0	26	1.05	0.95				
	215	2	150.99039824596488	30.483865891929824	0.0	0.0	2	1.031596768638826	3.5421062577120703	230.0	26	1.05	0.95				
	216	2	47.63104045614035	9.52620809122807	0.0	0.0	2	1.0332039791476366	3.453352761097918	230.0	26	1.05	0.95				
	217	1	0.0	0.0	0.0	0.0	2	1.038307248596006	6.402396167125177	230.0	27	1.05	0.95				
	218	2	158.61136471894736	32.38910751017544	0.0	0.0	2	1.0401937606351754	6.978910531309408	230.0	27	1.05	0.95				
	219	1	86.21218322561404	17.62348496877193	0.0	0.0	2	1.0322600230238745	2.374212848678184	230.0	25	1.05	0.95				
	220	1	60.96773178385965	12.384070518596491	0.0	0.0	2	1.034972619846578	2.3543810830776284	230.0	25	1.05	0.95				
	221	2	0.0	0.0	0.0	0.0	2	1.0397319051434355	6.586766922464438	230.0	27	1.05	0.95				
	222	2	0.0	0.0	0.0	0.0	2	1.05	13.016268240640297	230.0	27	1.05	0.95				
	223	2	0.0	0.0	0.0	0.0	2	1.0372147288884617	2.7016848386649963	230.0	25	1.05	0.95				
	224	1	0.0	0.0	0.0	0.0	2	1.0151152467738618	-0.18526650676427242	230.0	26	1.05	0.95				
	301	2	62.81493199578948	12.795634295438596	0.0	0.0	3	1.0092097700258649	-30.0104566592196	138.0	31	1.05	0.95				
	302	2	56.41711484807017	11.632394814035088	0.0	0.0	3	1.0084454815048318	-30.198348742830753	138.0	32	1.05	0.95				
	303	1	104.69155332631578	21.519930405964914	0.0	0.0	3	1.0264524923405849	-21.181785704542854	138.0	31	1.05	0.95				
	304	1	43.03986081192983	8.724296110526316	0.0	0.0	3	1.0075733467501389	-28.2881093864597	138.0	31	1.05	0.95				
	305	1	41.29500158982456	8.142676369824562	0.0	0.0	3	1.0217509545227121	-29.405808468926733	138.0	31	1.05	0.95				
	306	1	79.10028473543859	16.285352739649124	0.0	-100.0	3	1.0360058490075228	-29.717859083721542	138.0	32	1.05	0.95				
	307	2	72.7024675877193	14.54049351754386	0.0	0.0	3	0.991953762211288	-36.42255035283288	138.0	32	1.05	0.95				
	308	1	99.45697566	20.356690924561402	0.0	0.0	3	0.9922295381013188	-33.648767913353616	138.0	32	1.05	0.95				
	309	1	101.78345462280703	20.938310665263156	0.0	0.0	3	1.0270219073329567	-24.35437789561882	138.0	33	1.05	0.95				
	310	1	113.41584943684211	23.264789628070176	0.0	0.0	3	1.05	-26.933845077345147	138.0	33	1.05	0.95				
	311	1	0.0	0.0	0.0	0.0	3	1.0194688587248832	-19.35582313350567	230.0	33	1.05	0.95				
	312	1	0.0	0.0	0.0	0.0	3	1.0180961072582209	-18.937886808043427	230.0	33	1.05	0.95				
	313	2	154.1292312859649	31.40746599789474	0.0	0.0	3	1.0272876214848254	-15.8328113507981	230.0	34	1.05	0.95				
	314	2	112.83422969614034	22.68316988736842	0.0	0.0	3	1.0328956892137056	-16.23691577864756	230.0	36	1.05	0.95				
	315	2	184.37345780245613	37.22366340491228	0.0	0.0	3	1.0489162733202229	-8.706019216320723	230.0	36	1.05	0.95				
	316	2	58.16197407017544	11.632394814035088	0.0	0.0	3	1.0488283359439936	-8.330503638384759	230.0	36	1.05	0.95				
	317	1	0.0	0.0	0.0	0.0	3	1.05	-4.686077456576366	230.0	37	1.05	0.95				
	318	2	193.67937365368422	39.550142367719296	0.0	0.0	3	1.0467248762324057	-4.85370634095584	230.0	37	1.05	0.95				
	319	1	105.27317306701754	21.519930405964914	0.0	0.0	3	1.0455981649812878	-9.950687217765184	230.0	35	1.05	0.95				
	320	1	74.44732680982456	15.122113258245614	0.0	0.0	3	1.0476952382675266	-10.272171518413924	230.0	35	1.05	0.95				
	321	2	0.0	0.0	0.0	0.0	3	1.05	-4.63465647600171	230.0	37	1.05	0.95				
	322	2	0.0	0.0	0.0	0.0	3	1.05	-0.30730432885145076	230.0	37	1.05	0.95				
	323	2	0.0	0.0	0.0	0.0	3	1.0499999980991608	-10.023431904524083	230.0	35	1.05	0.95				
	324	1	0.0	0.0	0.0	0.0	3	1.0247144711747624	-13.33031237086605	230.0	36	1.05	0.95				
	325	1	0.0	0.0	0.0	0.0	3	1.0424554661311385	-8.386888898585177	230.0	35	1.05	0.95				
];
