%% MATPOWER Case Format : Version 2
function mpc = RTS_GMLC
mpc.version = '2';

%%-----  Power Flow Data  -----%%
%% system MVA base
mpc.baseMVA = 100.0;
%% bus data
%    bus_i    type    Pd    Qd    Gs    Bs    area    Vm    Va    baseKV    zone    Vmax    Vmin
mpc.bus = [
	101	2	59.811479469473696	12.183819891929826	0.0	0.0	1	1.0499999557425657	1.892449936702623	138.0	11	1.05	0.95				
	102	2	53.71956952350877	11.076199901754388	0.0	0.0	1	1.0489056375376422	1.5513184740114143	138.0	12	1.05	0.95				
	103	1	99.6857991157895	20.490969818245617	0.0	0.0	1	1.0294330109203316	-0.7240535348008952	138.0	11	1.05	0.95				
	104	1	40.981939636491234	8.30714992631579	0.0	0.0	1	1.0282216565791318	-1.9976765778574976	138.0	11	1.05	0.95				
	105	1	39.32050965122807	7.753339931228072	0.0	0.0	1	1.0418282334211582	-2.1928466102259923	138.0	11	1.05	0.95				
	106	1	75.31815933192983	15.506679862456144	0.0	-100.0	1	1.0450185168283415	-5.0791261892425235	138.0	12	1.05	0.95				
	107	2	69.2262493859649	13.845249877192984	0.0	0.0	1	0.9998228292990162	-11.71317097066948	138.0	12	1.05	0.95				
	108	1	94.70150916000001	19.383349828070177	0.0	0.0	1	0.9995641913765853	-10.249256301621093	138.0	12	1.05	0.95				
	109	1	96.91674914035089	19.937159823157895	0.0	0.0	1	1.0248204066671027	-3.676986143684368	138.0	13	1.05	0.95				
	110	1	107.99294904210525	22.152399803508775	0.0	0.0	1	1.05	-4.67172083738555	138.0	13	1.05	0.95				
	111	1	0.0	0.0	0.0	0.0	1	1.0071117098832842	-1.4333802756655485	230.0	13	1.05	0.95				
	112	1	0.0	0.0	0.0	0.0	1	1.0105332729652763	-1.3346138047592155	230.0	13	1.05	0.95				
	113	3	146.75964869824563	29.905739734736848	0.0	0.0	1	1.0028092884664643	-1.7704361781630104e-31	230.0	14	1.05	0.95				
	114	2	107.43913904701753	21.598589808421053	0.0	0.0	1	1.0059020983313387	0.16047611063029985	230.0	16	1.05	0.95				
	115	2	175.557768442807	35.44383968561404	0.0	0.0	1	1.0364479807729798	6.455722348697586	230.0	16	1.05	0.95				
	116	2	55.380999508771936	11.076199901754388	0.0	0.0	1	1.0329616364158547	5.745757410372834	230.0	16	1.05	0.95				
	117	1	0.0	0.0	0.0	0.0	1	1.0393866543354568	8.838289044603211	230.0	17	1.05	0.95				
	118	2	184.41872836421055	37.65907966596492	0.0	0.0	1	1.042037816533045	9.450230686092329	230.0	17	1.05	0.95				
	119	1	100.2396091108772	20.490969818245617	0.0	0.0	1	1.0236861918516453	3.736663160624354	230.0	15	1.05	0.95				
	120	1	70.88767937122807	14.399059872280704	0.0	0.0	1	1.0201792858424292	2.8062886346083333	230.0	15	1.05	0.95				
	121	2	0.0	0.0	0.0	0.0	1	1.0447382418388733	11.069512705999786	230.0	17	1.05	0.95				
	122	2	0.0	0.0	0.0	0.0	1	1.05	16.700519915517777	230.0	17	1.05	0.95				
	123	2	0.0	0.0	0.0	0.0	1	1.0193681575146274	2.721695085264298	230.0	15	1.05	0.95				
	124	1	0.0	0.0	0.0	0.0	1	1.0244743885827727	3.7619116177804175	230.0	16	1.05	0.95				
	201	2	53.20950730105264	10.838973709473684	0.0	0.0	2	1.016287682110164	-11.44221363087278	138.0	21	1.05	0.95				
	202	2	47.790020446315786	9.853612463157896	0.0	0.0	2	1.015814234969038	-11.592314171297069	138.0	22	1.05	0.95				
	203	1	88.68251216842106	18.229183056842103	0.0	0.0	2	1.0144317795785511	-8.966829025782763	138.0	21	1.05	0.95				
	204	1	36.45836611368421	7.390209347368421	0.0	0.0	2	1.0123680869816043	-11.092918635078574	138.0	21	1.05	0.95				
	205	1	34.98032424421053	6.897528724210527	0.0	0.0	2	1.0269438793215222	-11.44882035435976	138.0	21	1.05	0.95				
	206	1	67.0045647494737	13.795057448421055	0.0	-100.0	2	1.040521341651418	-12.00678048615361	138.0	22	1.05	0.95				
	207	2	61.58507789473684	12.317015578947368	0.0	0.0	2	0.995649526671107	-18.260527684767702	138.0	22	1.05	0.95				
	208	1	84.24838656	17.243821810526313	0.0	0.0	2	0.9979895059607783	-15.967907997580705	138.0	22	1.05	0.95				
	209	1	86.21910905263158	17.73650243368421	0.0	0.0	2	1.02455503312368	-8.655119648365753	138.0	23	1.05	0.95				
	210	1	96.07272151578947	19.707224926315792	0.0	0.0	2	1.05	-9.87502748781471	138.0	23	1.05	0.95				
	211	1	0.0	0.0	0.0	0.0	2	1.008903285840994	-5.539763298252759	230.0	23	1.05	0.95				
	212	1	0.0	0.0	0.0	0.0	2	1.012739546528333	-1.5014241783470887	230.0	23	1.05	0.95				
	213	2	130.5603651368421	26.60475365052632	0.0	0.0	2	1.0084237170805677	-2.952869411887855	230.0	24	1.05	0.95				
	214	2	95.58004089263157	19.214544303157897	0.0	0.0	2	1.0096470517877965	-3.9905740107198975	230.0	26	1.05	0.95				
	215	2	156.17975754105262	31.531559882105263	0.0	0.0	2	1.025591912318123	1.1557675577957827	230.0	26	1.05	0.95				
	216	2	49.26806231578947	9.853612463157896	0.0	0.0	2	1.0256307045991246	1.2398921939373413	230.0	26	1.05	0.95				
	217	1	0.0	0.0	0.0	0.0	2	1.0294258344651808	2.0979247668724965	230.0	27	1.05	0.95				
	218	2	164.06264751157894	33.50228237473685	0.0	0.0	2	1.0284092036911237	1.5721014268973332	230.0	27	1.05	0.95				
	219	1	89.17519279157895	18.229183056842103	0.0	0.0	2	1.0250059376369356	2.0791030212220885	230.0	25	1.05	0.95				
	220	1	63.063119764210526	12.809696202105265	0.0	0.0	2	1.0284628583872122	3.7663488633923934	230.0	25	1.05	0.95				
	221	2	0.0	0.0	0.0	0.0	2	1.0307050943423288	2.234649181033892	230.0	27	1.05	0.95				
	222	2	0.0	0.0	0.0	0.0	2	1.05	8.673636131691255	230.0	27	1.05	0.95				
	223	2	0.0	0.0	0.0	0.0	2	1.031892100371129	5.063264945863768	230.0	25	1.05	0.95				
	224	1	0.0	0.0	0.0	0.0	2	1.0089568260342798	-2.6323227265311147	230.0	26	1.05	0.95				
	301	2	48.037962656842105	9.785510911578948	0.0	0.0	3	1.0027175801935664	4.317623487886229	138.0	31	1.05	0.95				
	302	2	43.14520720105263	8.895919010526315	0.0	0.0	3	1.0026228337723075	4.2774156025923915	138.0	32	1.05	0.95				
	303	1	80.06327109473685	16.457450169473685	0.0	0.0	3	1.0159820724458932	6.9073859951746535	138.0	31	1.05	0.95				
	304	1	32.91490033894737	6.671939257894737	0.0	0.0	3	1.0069909556010213	5.7264678546295595	138.0	31	1.05	0.95				
	305	1	31.580512487368416	6.227143307368421	0.0	0.0	3	1.0200773851616045	5.651881822853842	138.0	31	1.05	0.95				
	306	1	60.49224927157895	12.454286614736843	0.0	-100.0	3	1.0384997499447584	5.86388511854754	138.0	32	1.05	0.95				
	307	2	55.59949381578947	11.119898763157893	0.0	0.0	3	0.992429437075007	2.3978920919777766	138.0	32	1.05	0.95				
	308	1	76.06010754	15.56785826842105	0.0	0.0	3	1.0027771951075384	4.338770330021377	138.0	32	1.05	0.95				
	309	1	77.83929134210526	16.012654218947368	0.0	0.0	3	1.024709193960249	8.736599042089882	138.0	33	1.05	0.95				
	310	1	86.73521035263157	17.79183802105263	0.0	0.0	3	1.05	8.410513583078021	138.0	33	1.05	0.95				
	311	1	0.0	0.0	0.0	0.0	3	1.0051870943464367	13.114048243971027	230.0	33	1.05	0.95				
	312	1	0.0	0.0	0.0	0.0	3	1.0115378401761856	13.889263794147846	230.0	33	1.05	0.95				
	313	2	117.87092688947367	24.018981328421052	0.0	0.0	3	1.0141915801287815	19.069084772997474	230.0	34	1.05	0.95				
	314	2	86.29041440210526	17.347042070526317	0.0	0.0	3	1.000068071671495	12.519130739114459	230.0	36	1.05	0.95				
	315	2	141.0003163168421	28.466940833684212	0.0	0.0	3	1.0178945024549817	8.713975186433947	230.0	36	1.05	0.95				
	316	2	44.47959505263157	8.895919010526315	0.0	0.0	3	1.0176171883006744	9.485666979467025	230.0	36	1.05	0.95				
	317	1	0.0	0.0	0.0	0.0	3	1.0230015458338837	9.102216948724408	230.0	37	1.05	0.95				
	318	2	148.11705152526315	30.246124635789474	0.0	0.0	3	1.0221663638238925	8.286386889887687	230.0	37	1.05	0.95				
	319	1	80.50806704526316	16.457450169473685	0.0	0.0	3	1.018050287548381	11.576807567354688	230.0	35	1.05	0.95				
	320	1	56.933881667368425	11.564694713684212	0.0	0.0	3	1.0189272386603034	12.84081823018134	230.0	35	1.05	0.95				
	321	2	0.0	0.0	0.0	0.0	3	1.0227067465598694	8.993241645158818	230.0	37	1.05	0.95				
	322	2	0.0	0.0	0.0	0.0	3	1.0363507314093192	13.45752946117485	230.0	37	1.05	0.95				
	323	2	0.0	0.0	0.0	0.0	3	1.019125167176168	13.370027889319134	230.0	35	1.05	0.95				
	324	1	0.0	0.0	0.0	0.0	3	1.0146469171310328	9.841747473145483	230.0	36	1.05	0.95				
	325	1	0.0	0.0	0.0	0.0	3	1.0224607336048317	13.185545829276466	230.0	35	1.05	0.95				
];
