%% MATPOWER Case Format : Version 2
function mpc = RTS_GMLC
mpc.version = '2';

%%-----  Power Flow Data  -----%%
%% system MVA base
mpc.baseMVA = 100.0;
%% bus data
%    bus_i    type    Pd    Qd    Gs    Bs    area    Vm    Va    baseKV    zone    Vmax    Vmin
mpc.bus = [
	101	2	35.49678376926316	7.2308263233684205	0.0	0.0	1	1.0171472129133547	0.17076867306701793	138.0	11	1.05	0.95				
	102	2	31.881370607578948	6.573478475789473	0.0	0.0	1	1.0148849301296057	-0.4278198412234362	138.0	12	1.05	0.95				
	103	1	59.161306282105265	12.160935180210526	0.0	0.0	1	1.0310632922684935	1.867880191987689	138.0	11	1.05	0.95				
	104	1	24.32187036042105	4.930108856842105	0.0	0.0	1	1.0156156254715027	-1.9336462603486255	138.0	11	1.05	0.95				
	105	1	23.33584858905263	4.601434933052632	0.0	0.0	1	1.0294398372123745	-1.9464888461329903	138.0	11	1.05	0.95				
	106	1	44.69965363536843	9.202869866105264	0.0	-100.0	1	1.0445018187761195	-3.6154551971019466	138.0	12	1.05	0.95				
	107	2	41.08424047368421	8.216848094736843	0.0	0.0	1	1.0006321758517795	-9.542347083722984	138.0	12	1.05	0.95				
	108	1	56.203240968	11.503587332631577	0.0	0.0	1	1.0069271574121288	-7.521050188161256	138.0	12	1.05	0.95				
	109	1	57.5179366631579	11.832261256421052	0.0	0.0	1	1.024748981743755	-1.787893196158537	138.0	13	1.05	0.95				
	110	1	64.09141513894737	13.146956951578947	0.0	0.0	1	1.05	-3.009733206436764	138.0	13	1.05	0.95				
	111	1	0.0	0.0	0.0	0.0	1	1.0034199928534913	0.37472247036680323	230.0	13	1.05	0.95				
	112	1	0.0	0.0	0.0	0.0	1	1.0078017466080929	-0.5989088724169978	230.0	13	1.05	0.95				
	113	3	87.09858980421052	17.74839188463158	0.0	0.0	1	0.9934465166287272	2.247780036480942e-30	230.0	14	1.05	0.95				
	114	2	63.762741215157895	12.818283027789473	0.0	0.0	1	1.0044134784262724	3.6037662819451968	230.0	16	1.05	0.95				
	115	2	104.18963384126316	21.035131122526316	0.0	0.0	1	1.0433874071944775	11.41704120481124	230.0	16	1.05	0.95				
	116	2	32.86739237894737	6.573478475789473	0.0	0.0	1	1.0357132074295448	9.97275378285666	230.0	16	1.05	0.95				
	117	1	0.0	0.0	0.0	0.0	1	1.0406674011164534	15.094852214954836	230.0	17	1.05	0.95				
	118	2	109.44841662189475	22.349826817684214	0.0	0.0	1	1.0499999611696405	15.451494089840818	230.0	17	1.05	0.95				
	119	1	59.489980205894746	12.160935180210526	0.0	0.0	1	1.0241063025180008	6.327161161545681	230.0	15	1.05	0.95				
	120	1	42.07026224505263	8.545522018526317	0.0	0.0	1	1.018797238014909	3.757676975193656	230.0	15	1.05	0.95				
	121	2	0.0	0.0	0.0	0.0	1	1.05	16.595330428938635	230.0	17	1.05	0.95				
	122	2	0.0	0.0	0.0	0.0	1	1.05	33.192040512746054	230.0	17	1.05	0.95				
	123	2	0.0	0.0	0.0	0.0	1	1.0164638481791302	2.5937879555599457	230.0	15	1.05	0.95				
	124	1	0.0	0.0	0.0	0.0	1	1.026784992009765	7.848097193243127	230.0	16	1.05	0.95				
	201	2	38.84464034526316	7.912797107368422	0.0	0.0	2	1.0145896244645847	-15.546917605088932	138.0	21	1.05	0.95				
	202	2	34.88824179157894	7.193451915789474	0.0	0.0	2	1.0136673002520191	-15.844327309378205	138.0	22	1.05	0.95				
	203	1	64.74106724210526	13.307886044210527	0.0	0.0	2	1.015508266621364	-11.277551015688648	138.0	21	1.05	0.95				
	204	1	26.615772088421053	5.3950889368421056	0.0	0.0	2	1.0128677639571118	-15.642005444791653	138.0	21	1.05	0.95				
	205	1	25.536754301052632	5.035416341052632	0.0	0.0	2	1.0280621744360798	-16.095505224580585	138.0	21	1.05	0.95				
	206	1	48.91547302736843	10.070832682105264	0.0	-100.0	2	1.0437933989255785	-16.876025814078147	138.0	22	1.05	0.95				
	207	2	44.95907447368421	8.991814894736843	0.0	0.0	2	0.9966415270869896	-21.099907883477275	138.0	22	1.05	0.95				
	208	1	61.504013879999995	12.588540852631578	0.0	0.0	2	1.0034993616343364	-19.517449931273585	138.0	22	1.05	0.95				
	209	1	62.9427042631579	12.948213448421054	0.0	0.0	2	1.0220174404970015	-13.978471251306665	138.0	23	1.05	0.95				
	210	1	70.13615617894737	14.386903831578948	0.0	0.0	2	1.05	-15.4848027189807	138.0	23	1.05	0.95				
	211	1	0.0	0.0	0.0	0.0	2	1.0036983603803646	-11.368644640373828	230.0	23	1.05	0.95				
	212	1	0.0	0.0	0.0	0.0	2	1.0059887489338741	-11.058220373959195	230.0	23	1.05	0.95				
	213	2	95.31323788421052	19.42232017263158	0.0	0.0	2	0.9967260637825686	-10.495979898742823	230.0	24	1.05	0.95				
	214	2	69.77648358315788	14.027231235789476	0.0	0.0	2	1.0049971297041385	-8.640658149851461	230.0	26	1.05	0.95				
	215	2	114.01621286526316	23.019046130526316	0.0	0.0	2	1.020090906395846	-1.9822850178468376	230.0	26	1.05	0.95				
	216	2	35.96725957894737	7.193451915789474	0.0	0.0	2	1.0210840289537997	-2.6017115794156305	230.0	26	1.05	0.95				
	217	1	0.0	0.0	0.0	0.0	2	1.025772070960093	-0.6100441796319798	230.0	27	1.05	0.95				
	218	2	119.77097439789475	24.457736513684214	0.0	0.0	2	1.0254912386644408	-1.010049230241903	230.0	27	1.05	0.95				
	219	1	65.10073983789474	13.307886044210527	0.0	0.0	2	1.0198696569467607	-3.579999272026298	230.0	25	1.05	0.95				
	220	1	46.03809226105263	9.351487490526317	0.0	0.0	2	1.0210404885358009	-3.7168969020567983	230.0	25	1.05	0.95				
	221	2	0.0	0.0	0.0	0.0	2	1.027283796334889	-0.5334333532636875	230.0	27	1.05	0.95				
	222	2	0.0	0.0	0.0	0.0	2	1.0491834173220815	5.936672843855321	230.0	27	1.05	0.95				
	223	2	0.0	0.0	0.0	0.0	2	1.0219134972780226	-3.5110912041037974	230.0	25	1.05	0.95				
	224	1	0.0	0.0	0.0	0.0	2	1.006943984666636	-5.483016161772997	230.0	26	1.05	0.95				
	301	2	43.30591586526316	8.821575454035088	0.0	0.0	3	1.0094794428342746	-12.994922988453846	138.0	31	1.05	0.95				
	302	2	38.89512813824562	8.019614049122808	0.0	0.0	3	1.009340065398069	-13.108484782779323	138.0	32	1.05	0.95				
	303	1	72.17652644210527	14.836285990877194	0.0	0.0	3	1.0267375051552263	-7.784714340493476	138.0	31	1.05	0.95				
	304	1	29.672571981754388	6.014710536842105	0.0	0.0	3	1.0117385331621485	-11.819044843504765	138.0	31	1.05	0.95				
	305	1	28.469629874385966	5.613729834385966	0.0	0.0	3	1.024639069490973	-12.50959749236366	138.0	31	1.05	0.95				
	306	1	54.53337553403509	11.227459668771932	0.0	-100.0	3	1.0415803220102877	-12.727952111268248	138.0	32	1.05	0.95				
	307	2	50.12258780701755	10.02451756140351	0.0	0.0	3	0.9893078794575724	-17.00649478631259	138.0	32	1.05	0.95				
	308	1	68.56770012	14.03432458596491	0.0	0.0	3	0.998475353721962	-15.241616263106714	138.0	32	1.05	0.95				
	309	1	70.17162292982457	14.435305288421052	0.0	0.0	3	1.025887018188498	-9.118122572540795	138.0	33	1.05	0.95				
	310	1	78.19123697894736	16.039228098245616	0.0	0.0	3	1.05	-10.732322109156655	138.0	33	1.05	0.95				
	311	1	0.0	0.0	0.0	0.0	3	1.0056401497767757	-5.4687620813545275	230.0	33	1.05	0.95				
	312	1	0.0	0.0	0.0	0.0	3	1.0107839304959612	-4.851609446852962	230.0	33	1.05	0.95				
	313	2	106.25988615087721	21.65295793263158	0.0	0.0	3	1.0095974730161876	-1.909195210848205	230.0	34	1.05	0.95				
	314	2	77.79025627649123	15.638247395789476	0.0	0.0	3	1.0016666467770636	-4.0046169016253454	230.0	36	1.05	0.95				
	315	2	127.1108826785965	25.662764957192984	0.0	0.0	3	1.0339883564597734	-0.02056355818495644	230.0	36	1.05	0.95				
	316	2	40.09807024561404	8.019614049122808	0.0	0.0	3	1.0331667160882123	0.37947285387197044	230.0	36	1.05	0.95				
	317	1	0.0	0.0	0.0	0.0	3	1.0455828764569672	4.906657144093191	230.0	37	1.05	0.95				
	318	2	133.52657391789475	27.266687767017544	0.0	0.0	3	1.0423053438091319	2.743918284132483	230.0	37	1.05	0.95				
	319	1	72.57750714456141	14.836285990877194	0.0	0.0	3	1.0284514357982337	0.020659071833814532	230.0	35	1.05	0.95				
	320	1	51.32552991438597	10.42549826385965	0.0	0.0	3	1.0268742018271284	0.4885486380062991	230.0	35	1.05	0.95				
	321	2	0.0	0.0	0.0	0.0	3	1.0412150897089518	2.4458409412753666	230.0	37	1.05	0.95				
	322	2	0.0	0.0	0.0	0.0	3	1.05	7.740509963461912	230.0	37	1.05	0.95				
	323	2	0.0	0.0	0.0	0.0	3	1.026535945303689	1.056727522979127	230.0	35	1.05	0.95				
	324	1	0.0	0.0	0.0	0.0	3	1.0213561491417515	-2.9342363376059684	230.0	36	1.05	0.95				
	325	1	0.0	0.0	0.0	0.0	3	1.0237416553305019	2.369238185302003	230.0	35	1.05	0.95				
];
