%% MATPOWER Case Format : Version 2
function mpc = RTS_GMLC
mpc.version = '2';

%%-----  Power Flow Data  -----%%
%% system MVA base
mpc.baseMVA = 100.0;
%% bus data
%    bus_i    type    Pd    Qd    Gs    Bs    area    Vm    Va    baseKV    zone    Vmax    Vmin
mpc.bus = [
	101	2	46.986145465263164	9.571251854035088	0.0	0.0	1	1.0089333418708573	-0.46914915881800856	138.0	11	1.05	0.95				
	102	2	42.200519538245615	8.70113804912281	0.0	0.0	1	1.0068914803085574	-1.0552798886968828	138.0	12	1.05	0.95				
	103	1	78.31024244210528	16.097105390877193	0.0	0.0	1	1.024246560162244	1.3186637235393057	138.0	11	1.05	0.95				
	104	1	32.194210781754386	6.525853536842105	0.0	0.0	1	1.010163955893238	-2.999978636682903	138.0	11	1.05	0.95				
	105	1	30.889040074385964	6.090796634385966	0.0	0.0	1	1.0236006861119187	-3.031847987061041	138.0	11	1.05	0.95				
	106	1	59.16773873403509	12.181593268771932	0.0	-100.0	1	1.0393419846012104	-5.010368677959588	138.0	12	1.05	0.95				
	107	2	54.38211280701755	10.876422561403508	0.0	0.0	1	0.9853969318613587	-11.082881859404349	138.0	12	1.05	0.95				
	108	1	74.39473032000001	15.22699158596491	0.0	0.0	1	0.9947900896280897	-9.197718134703669	138.0	12	1.05	0.95				
	109	1	76.13495792982457	15.662048488421052	0.0	0.0	1	1.0254001446884642	-2.761504501608461	138.0	13	1.05	0.95				
	110	1	84.83609597894737	17.40227609824562	0.0	0.0	1	1.05	-4.179551618045777	138.0	13	1.05	0.95				
	111	1	0.0	0.0	0.0	0.0	1	1.0193410863437937	-0.004225127003162738	230.0	13	1.05	0.95				
	112	1	0.0	0.0	0.0	0.0	1	1.0142241145391948	-1.0009224696416632	230.0	13	1.05	0.95				
	113	3	115.29007915087719	23.493072732631582	0.0	0.0	1	0.9981229712786609	6.331184974194327e-29	230.0	14	1.05	0.95				
	114	2	84.40103907649123	16.967219195789475	0.0	0.0	1	1.0478454452837103	3.3698171654388545	230.0	16	1.05	0.95				
	115	2	137.9130380785965	27.843641757192984	0.0	0.0	1	1.0416411551937335	12.779345454496813	230.0	16	1.05	0.95				
	116	2	43.50569024561403	8.70113804912281	0.0	0.0	1	1.042447696942516	10.966953057121346	230.0	16	1.05	0.95				
	117	1	0.0	0.0	0.0	0.0	1	1.0405513760058405	17.020841874076368	230.0	17	1.05	0.95				
	118	2	144.87394851789475	29.583869367017545	0.0	0.0	1	1.0490320568651887	17.627832953899002	230.0	17	1.05	0.95				
	119	1	78.74529934456142	16.097105390877193	0.0	0.0	1	1.0386359782182326	6.7782690685291485	230.0	15	1.05	0.95				
	120	1	55.68728351438597	11.31147946385965	0.0	0.0	1	1.042113424801134	3.966881717624839	230.0	15	1.05	0.95				
	121	2	0.0	0.0	0.0	0.0	1	1.0432866701023231	19.286351884985848	230.0	17	1.05	0.95				
	122	2	0.0	0.0	0.0	0.0	1	1.05	37.24734657943078	230.0	17	1.05	0.95				
	123	2	0.0	0.0	0.0	0.0	1	1.045155652778963	2.751412358432128	230.0	15	1.05	0.95				
	124	1	0.0	0.0	0.0	0.0	1	1.0207979928707158	8.51328509821894	230.0	16	1.05	0.95				
	201	2	44.607586964210526	9.086730677894737	0.0	0.0	2	1.012228157924643	-15.491817353112591	138.0	21	1.05	0.95				
	202	2	40.06422162526316	8.26066425263158	0.0	0.0	2	1.0113927248122405	-15.779101098722304	138.0	22	1.05	0.95				
	203	1	74.34597827368421	15.282228867368419	0.0	0.0	2	1.0123901220685159	-11.341949109148626	138.0	21	1.05	0.95				
	204	1	30.564457734736838	6.195498189473684	0.0	0.0	2	1.0110169022955515	-15.320205033187117	138.0	21	1.05	0.95				
	205	1	29.325358096842102	5.782464976842105	0.0	0.0	2	1.0260722574978514	-15.77669286664405	138.0	21	1.05	0.95				
	206	1	56.17251691789475	11.56492995368421	0.0	-100.0	2	1.0417393571916809	-16.454751139014604	138.0	22	1.05	0.95				
	207	2	51.629151578947365	10.325830315789473	0.0	0.0	2	0.9945815758993879	-21.387130564661295	138.0	22	1.05	0.95				
	208	1	70.62867936	14.456162442105262	0.0	0.0	2	1.0003280917552955	-19.52673838303663	138.0	22	1.05	0.95				
	209	1	72.2808122105263	14.869195654736842	0.0	0.0	2	1.0226895486554406	-13.231968955693489	138.0	23	1.05	0.95				
	210	1	80.54147646315789	16.52132850526316	0.0	0.0	2	1.05	-14.731056803557893	138.0	23	1.05	0.95				
	211	1	0.0	0.0	0.0	0.0	2	1.0079942093760772	-10.04503289637418	230.0	23	1.05	0.95				
	212	1	0.0	0.0	0.0	0.0	2	1.0083643451930415	-9.112033106381606	230.0	23	1.05	0.95				
	213	2	109.45380134736841	22.303793482105263	0.0	0.0	2	1.0044943510325164	-8.432994950953644	230.0	24	1.05	0.95				
	214	2	80.12844325052632	16.10829529263158	0.0	0.0	2	1.012058255416133	-7.433983053860858	230.0	26	1.05	0.95				
	215	2	130.93152840421052	26.434125608421056	0.0	0.0	2	1.027021527339124	-1.1091127347112226	230.0	26	1.05	0.95				
	216	2	41.30332126315789	8.26066425263158	0.0	0.0	2	1.0292905864847988	-1.242705127907383	230.0	26	1.05	0.95				
	217	1	0.0	0.0	0.0	0.0	2	1.0358872908906076	0.2992178759996932	230.0	27	1.05	0.95				
	218	2	137.54005980631578	28.086258458947373	0.0	0.0	2	1.0339819565095922	-0.19795368494841736	230.0	27	1.05	0.95				
	219	1	74.75901148631579	15.282228867368419	0.0	0.0	2	1.0288691098628817	-1.0326723949451204	230.0	25	1.05	0.95				
	220	1	52.86825121684211	10.738863528421053	0.0	0.0	2	1.031218647992437	-0.048400749507785154	230.0	25	1.05	0.95				
	221	2	0.0	0.0	0.0	0.0	2	1.0343601943190062	0.2977747272856399	230.0	27	1.05	0.95				
	222	2	0.0	0.0	0.0	0.0	2	1.05	6.795974500838238	230.0	27	1.05	0.95				
	223	2	0.0	0.0	0.0	0.0	2	1.0332710989491536	0.8056632246228239	230.0	25	1.05	0.95				
	224	1	0.0	0.0	0.0	0.0	2	1.008939200016927	-4.925321112489693	230.0	26	1.05	0.95				
	301	2	46.67130655578947	9.507118002105262	0.0	0.0	3	1.0097966846948574	2.4749238997338634	138.0	31	1.05	0.95				
	302	2	41.917747554736835	8.642834547368421	0.0	0.0	3	1.0095348971797973	2.264806071151365	138.0	32	1.05	0.95				
	303	1	77.78551092631578	15.989243912631576	0.0	0.0	3	1.0436905248429007	11.726730477690374	138.0	31	1.05	0.95				
	304	1	31.97848782526315	6.482125910526316	0.0	0.0	3	1.0128475313470033	3.830482983881971	138.0	31	1.05	0.95				
	305	1	30.682062643157888	6.049984183157894	0.0	0.0	3	1.0245739987146048	2.0119486712485575	138.0	31	1.05	0.95				
	306	1	58.771274922105256	12.099968366315789	0.0	-100.0	3	1.0407124794798064	1.2426838751010876	138.0	32	1.05	0.95				
	307	2	54.01771592105262	10.803543184210525	0.0	0.0	3	0.9889017740166702	-2.780680282072748	138.0	32	1.05	0.95				
	308	1	73.89623537999998	15.124960457894735	0.0	0.0	3	0.99747802490394	-0.8554127176831098	138.0	32	1.05	0.95				
	309	1	75.62480228947366	15.557102185263155	0.0	0.0	3	1.0292252978868937	6.868244430971553	138.0	33	1.05	0.95				
	310	1	84.2676368368421	17.285669094736843	0.0	0.0	3	1.05	2.942859479073786	138.0	33	1.05	0.95				
	311	1	0.0	0.0	0.0	0.0	3	1.008710013946489	7.637817251193578	230.0	33	1.05	0.95				
	312	1	0.0	0.0	0.0	0.0	3	1.0136474840269947	8.107242769645994	230.0	33	1.05	0.95				
	313	2	114.51755775263155	23.335653277894735	0.0	0.0	3	1.0105951792799743	10.381589241067525	230.0	34	1.05	0.95				
	314	2	83.83549510947367	16.85352736736842	0.0	0.0	3	1.0026511895823806	8.091365376767618	230.0	36	1.05	0.95				
	315	2	136.98892757578943	27.657070551578943	0.0	0.0	3	1.037529726651236	11.267586272918237	230.0	36	1.05	0.95				
	316	2	43.2141727368421	8.642834547368421	0.0	0.0	3	1.0339202884235004	11.268866501911765	230.0	36	1.05	0.95				
	317	1	0.0	0.0	0.0	0.0	3	1.04834976541556	15.476318573393076	230.0	37	1.05	0.95				
	318	2	143.9031952136842	29.385637461052628	0.0	0.0	3	1.0458243874488096	12.880123341944794	230.0	37	1.05	0.95				
	319	1	78.2176526536842	15.989243912631576	0.0	0.0	3	1.025320566244915	10.51349762490892	230.0	35	1.05	0.95				
	320	1	55.31414110315789	11.235684911578945	0.0	0.0	3	1.0208159663279193	10.696419306540488	230.0	35	1.05	0.95				
	321	2	0.0	0.0	0.0	0.0	3	1.0441876396211258	12.981312801480135	230.0	37	1.05	0.95				
	322	2	0.0	0.0	0.0	0.0	3	1.05	18.29826231696271	230.0	37	1.05	0.95				
	323	2	0.0	0.0	0.0	0.0	3	1.0189630059914518	11.13633500715088	230.0	35	1.05	0.95				
	324	1	0.0	0.0	0.0	0.0	3	1.0359982031646704	11.447092900774935	230.0	36	1.05	0.95				
	325	1	0.0	0.0	0.0	0.0	3	1.0196455415590546	11.84050992834707	230.0	35	1.05	0.95				
];
