%% MATPOWER Case Format : Version 2
function mpc = RTS_GMLC
mpc.version = '2';

%%-----  Power Flow Data  -----%%
%% system MVA base
mpc.baseMVA = 100.0;
%% bus data
%    bus_i    type    Pd    Qd    Gs    Bs    area    Vm    Va    baseKV    zone    Vmax    Vmin
mpc.bus = [
	101	2	48.228599709473684	9.824344385263158	0.0	0.0	1	1.0357018390469788	2.0084371369920833	138.0	11	1.05	0.95				
	102	2	43.316427516842104	8.931222168421053	0.0	0.0	1	1.0352879438637677	1.8730704279327426	138.0	12	1.05	0.95				
	103	1	80.38099951578947	16.522761011578947	0.0	0.0	1	1.0288680889529307	-0.26152248189283167	138.0	11	1.05	0.95				
	104	1	33.04552202315789	6.698416626315789	0.0	0.0	1	1.0220889172255494	-1.4236939162725863	138.0	11	1.05	0.95				
	105	1	31.705838697894734	6.251855517894738	0.0	0.0	1	1.0366998168471022	-1.1879557579273545	138.0	11	1.05	0.95				
	106	1	60.73231074526316	12.503711035789475	0.0	-100.0	1	1.0453751747068472	-3.4353540822646917	138.0	12	1.05	0.95				
	107	2	55.82013855263158	11.164027710526316	0.0	0.0	1	1.0010207187391584	-8.102834937981902	138.0	12	1.05	0.95				
	108	1	76.36194954	15.629638794736842	0.0	0.0	1	1.0045862523757316	-7.20183396043019	138.0	12	1.05	0.95				
	109	1	78.14819397368422	16.076199903157896	0.0	0.0	1	1.0250698103896447	-2.3204674545308905	138.0	13	1.05	0.95				
	110	1	87.07941614210526	17.862444336842106	0.0	0.0	1	1.05	-3.029599940733746	138.0	13	1.05	0.95				
	111	1	0.0	0.0	0.0	0.0	1	1.004302308237784	-0.5460690101925049	230.0	13	1.05	0.95				
	112	1	0.0	0.0	0.0	0.0	1	1.0091259551992706	0.058472937250091846	230.0	13	1.05	0.95				
	113	3	118.33869373157894	24.114299854736842	0.0	0.0	1	0.9970507776813309	-5.256786715917921e-29	230.0	14	1.05	0.95				
	114	2	86.63285503368421	17.415883228421052	0.0	0.0	1	1.0010039206388208	1.231043345368616	230.0	16	1.05	0.95				
	115	2	141.55987136947368	28.579910938947368	0.0	0.0	1	1.0392323593023496	6.498436098295967	230.0	16	1.05	0.95				
	116	2	44.656110842105264	8.931222168421053	0.0	0.0	1	1.0348285399973045	6.325510686541244	230.0	16	1.05	0.95				
	117	1	0.0	0.0	0.0	0.0	1	1.042796320636304	7.810493833682453	230.0	17	1.05	0.95				
	118	2	148.70484910421052	30.36615537263158	0.0	0.0	1	1.0453854263656588	7.672525223217426	230.0	17	1.05	0.95				
	119	1	80.82756062421052	16.522761011578947	0.0	0.0	1	1.0287659361259625	5.734020279057519	230.0	15	1.05	0.95				
	120	1	57.159821877894736	11.610588818947368	0.0	0.0	1	1.0265790254573797	6.084390820909912	230.0	15	1.05	0.95				
	121	2	0.0	0.0	0.0	0.0	1	1.0499998504448436	8.559095349829635	230.0	17	1.05	0.95				
	122	2	0.0	0.0	0.0	0.0	1	1.05	14.858459367241721	230.0	17	1.05	0.95				
	123	2	0.0	0.0	0.0	0.0	1	1.026091640223191	6.622238806740644	230.0	15	1.05	0.95				
	124	1	0.0	0.0	0.0	0.0	1	1.0263860140071444	3.9731835796081887	230.0	16	1.05	0.95				
	201	2	47.225562707368425	9.620022032982456	0.0	0.0	2	1.031114321869068	-4.7639357670168945	138.0	21	1.05	0.95				
	202	2	42.41555169087719	8.745474575438598	0.0	0.0	2	1.0315128319034854	-4.708713539685622	138.0	22	1.05	0.95				
	203	1	78.70927117894738	16.179127964561406	0.0	0.0	2	1.0193675351129639	-5.566113966381916	138.0	21	1.05	0.95				
	204	1	32.35825592912281	6.559105931578947	0.0	0.0	2	1.0199410325621647	-7.094771039570382	138.0	21	1.05	0.95				
	205	1	31.046434742807016	6.121832202807019	0.0	0.0	2	1.035026941383045	-7.1179851457607555	138.0	21	1.05	0.95				
	206	1	59.46922711298246	12.243664405614037	0.0	-100.0	2	1.0452325890271106	-8.850789933357918	138.0	22	1.05	0.95				
	207	2	54.65921609649123	10.931843219298246	0.0	0.0	2	0.9895676887070768	-15.531842767894158	138.0	22	1.05	0.95				
	208	1	74.77380762	15.304580507017542	0.0	0.0	2	0.9965613881633227	-13.557559838512681	138.0	22	1.05	0.95				
	209	1	76.52290253508772	15.741854235789473	0.0	0.0	2	1.0231755345762916	-7.265848294291757	138.0	23	1.05	0.95				
	210	1	85.26837711052632	17.490949150877196	0.0	0.0	2	1.05	-8.116106646273918	138.0	23	1.05	0.95				
	211	1	0.0	0.0	0.0	0.0	2	1.0047752502695393	-4.65923480550003	230.0	23	1.05	0.95				
	212	1	0.0	0.0	0.0	0.0	2	1.0090079634350921	-4.15618022160975	230.0	23	1.05	0.95				
	213	2	115.87753812456141	23.612781353684213	0.0	0.0	2	0.998080715466647	-3.845216783542236	230.0	24	1.05	0.95				
	214	2	84.83110338175437	17.053675422105265	0.0	0.0	2	1.0051347285897985	-2.222165917495028	230.0	26	1.05	0.95				
	215	2	138.61577202070174	27.985518641403512	0.0	0.0	2	1.0279544775733298	3.8112766238578684	230.0	26	1.05	0.95				
	216	2	43.727372877192984	8.745474575438598	0.0	0.0	2	1.0290065945389413	3.8265340277188824	230.0	26	1.05	0.95				
	217	1	0.0	0.0	0.0	0.0	2	1.0347388759909038	6.327927433780088	230.0	27	1.05	0.95				
	218	2	145.61215168105264	29.73461355649123	0.0	0.0	2	1.0360868926222333	6.741501611766145	230.0	27	1.05	0.95				
	219	1	79.1465449077193	16.179127964561406	0.0	0.0	2	1.0284448078906658	2.9615455927605727	230.0	25	1.05	0.95				
	220	1	55.971037282807025	11.369116948070177	0.0	0.0	2	1.0309913549451637	3.060129683140681	230.0	25	1.05	0.95				
	221	2	0.0	0.0	0.0	0.0	2	1.0361430888334344	6.527030385259342	230.0	27	1.05	0.95				
	222	2	0.0	0.0	0.0	0.0	2	1.05	12.947082733321219	230.0	27	1.05	0.95				
	223	2	0.0	0.0	0.0	0.0	2	1.0329934840836124	3.446438731691552	230.0	25	1.05	0.95				
	224	1	0.0	0.0	0.0	0.0	2	1.0131260018191772	0.2939483154368482	230.0	26	1.05	0.95				
	301	2	56.101233789473696	11.428029105263157	0.0	0.0	3	1.0140150977704665	-20.278751394614428	138.0	31	1.05	0.95				
	302	2	50.38721923684211	10.389117368421052	0.0	0.0	3	1.0126047591254115	-20.569529364706504	138.0	32	1.05	0.95				
	303	1	93.50205631578947	19.219867131578948	0.0	0.0	3	1.046042566924967	-8.46006047815434	138.0	31	1.05	0.95				
	304	1	38.439734263157895	7.791838026315789	0.0	0.0	3	1.0105104523693804	-19.239033229808705	138.0	31	1.05	0.95				
	305	1	36.88136665789473	7.272382157894737	0.0	0.0	3	1.0254655709291909	-20.63223111312789	138.0	31	1.05	0.95				
	306	1	70.64599810526316	14.544764315789473	0.0	-100.0	3	1.0389402820771978	-21.43026751372133	138.0	32	1.05	0.95				
	307	2	64.93198355263158	12.986396710526316	0.0	0.0	3	0.9909669048206619	-27.187036106634512	138.0	32	1.05	0.95				
	308	1	88.82695349999999	18.18095539473684	0.0	0.0	3	0.9941668704269564	-24.759188735318766	138.0	32	1.05	0.95				
	309	1	90.9047769736842	18.700411263157893	0.0	0.0	3	1.0256645105439857	-16.020910863272007	138.0	33	1.05	0.95				
	310	1	101.29389434210525	20.778234736842105	0.0	0.0	3	1.05	-19.319010517444422	138.0	33	1.05	0.95				
	311	1	0.0	0.0	0.0	0.0	3	1.013049143227526	-13.428849653808497	230.0	33	1.05	0.95				
	312	1	0.0	0.0	0.0	0.0	3	1.0148050178500945	-12.84155150339442	230.0	33	1.05	0.95				
	313	2	137.65580513157894	28.050616894736848	0.0	0.0	3	1.0148581812534752	-10.229717994140469	230.0	34	1.05	0.95				
	314	2	100.77443847368421	20.258778868421054	0.0	0.0	3	1.0178400251337658	-11.930531141186318	230.0	36	1.05	0.95				
	315	2	164.66751028947368	33.24517557894737	0.0	0.0	3	1.0417412164815303	-7.130362026031884	230.0	36	1.05	0.95				
	316	2	51.945586842105264	10.389117368421052	0.0	0.0	3	1.0400099087376609	-6.682211649107105	230.0	36	1.05	0.95				
	317	1	0.0	0.0	0.0	0.0	3	1.0433762619350821	-5.027233589532282	230.0	37	1.05	0.95				
	318	2	172.97880418421053	35.32299905263158	0.0	0.0	3	1.0414945236198525	-5.26446624757276	230.0	37	1.05	0.95				
	319	1	94.02151218421054	19.219867131578948	0.0	0.0	3	1.0352637530358588	-7.611851396482464	230.0	35	1.05	0.95				
	320	1	66.49035115789474	13.50585257894737	0.0	0.0	3	1.0350998359431836	-7.429524278621383	230.0	35	1.05	0.95				
	321	2	0.0	0.0	0.0	0.0	3	1.0429113049164693	-5.358288929708716	230.0	37	1.05	0.95				
	322	2	0.0	0.0	0.0	0.0	3	1.05	-0.9018860891138912	230.0	37	1.05	0.95				
	323	2	0.0	0.0	0.0	0.0	3	1.036000819405661	-6.938083399924026	230.0	35	1.05	0.95				
	324	1	0.0	0.0	0.0	0.0	3	1.0385875253997217	-7.630769058912498	230.0	36	1.05	0.95				
	325	1	0.0	0.0	0.0	0.0	3	1.032438667424934	-5.644925330302142	230.0	35	1.05	0.95				
];
