%% MATPOWER Case Format : Version 2
function mpc = RTS_GMLC
mpc.version = '2';

%%-----  Power Flow Data  -----%%
%% system MVA base
mpc.baseMVA = 100.0;
%% bus data
%    bus_i    type    Pd    Qd    Gs    Bs    area    Vm    Va    baseKV    zone    Vmax    Vmin
mpc.bus = [
	101	2	47.26669964210527	9.628401778947369	0.0	0.0	1	1.031627659474709	1.7948428174416202	138.0	11	1.05	0.95				
	102	2	42.45249875263158	8.753092526315791	0.0	0.0	1	1.0306814376269997	1.5168036146817834	138.0	12	1.05	0.95				
	103	1	78.77783273684211	16.19322117368421	0.0	0.0	1	1.029528536710356	1.0275301559022334	138.0	11	1.05	0.95				
	104	1	32.38644234736842	6.564819394736842	0.0	0.0	1	1.020285604674778	-1.3561849392202425	138.0	11	1.05	0.95				
	105	1	31.07347846842105	6.1271647684210535	0.0	0.0	1	1.0348683908378884	-1.2246457157487927	138.0	11	1.05	0.95				
	106	1	59.52102917894737	12.254329536842107	0.0	-100.0	1	1.04468635640025	-3.399270868520254	138.0	12	1.05	0.95				
	107	2	54.706828289473684	10.941365657894737	0.0	0.0	1	1.0005402422795873	-8.934642306490005	138.0	12	1.05	0.95				
	108	1	74.8389411	15.317911921052632	0.0	0.0	1	1.0040231165149232	-7.532415515665329	138.0	12	1.05	0.95				
	109	1	76.58955960526316	15.75556654736842	0.0	0.0	1	1.0248660029957188	-1.9250052783195815	138.0	13	1.05	0.95				
	110	1	85.34265213157894	17.506185052631583	0.0	0.0	1	1.05	-2.8992769806316088	138.0	13	1.05	0.95				
	111	1	0.0	0.0	0.0	0.0	1	1.005257579668317	0.05637193505435121	230.0	13	1.05	0.95				
	112	1	0.0	0.0	0.0	0.0	1	1.0092909903842369	0.18693626538417757	230.0	13	1.05	0.95				
	113	3	115.9784759736842	23.633349821052636	0.0	0.0	1	0.99728387342566	5.810203631715584e-29	230.0	14	1.05	0.95				
	114	2	84.90499750526315	17.068530426315792	0.0	0.0	1	1.0049669410116306	2.6885433203225286	230.0	16	1.05	0.95				
	115	2	138.73651654210525	28.009896084210528	0.0	0.0	1	1.0413400460496407	9.614380562904483	230.0	16	1.05	0.95				
	116	2	43.76546263157895	8.753092526315791	0.0	0.0	1	1.037544221780099	8.912984790903002	230.0	16	1.05	0.95				
	117	1	0.0	0.0	0.0	0.0	1	1.0431013087690815	11.711263804954147	230.0	17	1.05	0.95				
	118	2	145.7389905631579	29.760514589473686	0.0	0.0	1	1.0468146379374021	11.716928680970891	230.0	17	1.05	0.95				
	119	1	79.2154873631579	16.19322117368421	0.0	0.0	1	1.0300873007724605	7.274955302177047	230.0	15	1.05	0.95				
	120	1	56.019792168421056	11.379020284210526	0.0	0.0	1	1.0270197733301314	6.686914521028012	230.0	15	1.05	0.95				
	121	2	0.0	0.0	0.0	0.0	1	1.05	12.73059401064809	230.0	17	1.05	0.95				
	122	2	0.0	0.0	0.0	0.0	1	1.05	23.008294923657534	230.0	17	1.05	0.95				
	123	2	0.0	0.0	0.0	0.0	1	1.0258747314941739	6.699675335073511	230.0	15	1.05	0.95				
	124	1	0.0	0.0	0.0	0.0	1	1.0260450446253622	6.405603059829277	230.0	16	1.05	0.95				
	201	2	50.8465291831579	10.35762631508772	0.0	0.0	2	1.0251362833847042	-8.76815005827034	138.0	21	1.05	0.95				
	202	2	45.66771602561403	9.416023922807017	0.0	0.0	2	1.0261200828986132	-8.577830807537039	138.0	22	1.05	0.95				
	203	1	84.74421530526315	17.419644257192978	0.0	0.0	2	1.0173175953726554	-7.655665109011945	138.0	21	1.05	0.95				
	204	1	34.839288514385956	7.062017942105261	0.0	0.0	2	1.0171166919646843	-10.139625502438617	138.0	21	1.05	0.95				
	205	1	33.426884925964906	6.591216745964912	0.0	0.0	2	1.0317829449786353	-10.455099520729739	138.0	21	1.05	0.95				
	206	1	64.02896267508773	13.182433491929824	0.0	-100.0	2	1.0432824608390063	-11.817708693689097	138.0	22	1.05	0.95				
	207	2	58.85014951754385	11.770029903508771	0.0	0.0	2	0.9908440908369216	-18.601696587150347	138.0	22	1.05	0.95				
	208	1	80.50700454	16.478041864912278	0.0	0.0	2	0.9958908731905889	-16.438820570253586	138.0	22	1.05	0.95				
	209	1	82.3902093245614	16.948843061052628	0.0	0.0	2	1.0233181392383537	-9.484669184666487	138.0	23	1.05	0.95				
	210	1	91.80623324736841	18.832047845614035	0.0	0.0	2	1.05	-10.656042205437409	138.0	23	1.05	0.95				
	211	1	0.0	0.0	0.0	0.0	2	1.0078741456845344	-6.450668352134752	230.0	23	1.05	0.95				
	212	1	0.0	0.0	0.0	0.0	2	1.0098768416150055	-5.579747904577855	230.0	23	1.05	0.95				
	213	2	124.76231697719295	25.42326459157895	0.0	0.0	2	1.0044465419449444	-5.126149279624064	230.0	24	1.05	0.95				
	214	2	91.33543205122805	18.361246649473685	0.0	0.0	2	1.010315069471972	-3.901003341789479	230.0	26	1.05	0.95				
	215	2	149.24397917649122	30.131276552982456	0.0	0.0	2	1.0277827658436351	2.5121374847055145	230.0	26	1.05	0.95				
	216	2	47.080119614035084	9.416023922807017	0.0	0.0	2	1.0294734417352223	2.5559386310248864	230.0	26	1.05	0.95				
	217	1	0.0	0.0	0.0	0.0	2	1.0343236635664068	5.01683583633266	230.0	27	1.05	0.95				
	218	2	156.77679831473682	32.01448133754386	0.0	0.0	2	1.0350729360606479	5.163219496790606	230.0	27	1.05	0.95				
	219	1	85.2150165014035	17.419644257192978	0.0	0.0	2	1.0297969078454148	2.367215385816406	230.0	25	1.05	0.95				
	220	1	60.26255310596491	12.240831099649121	0.0	0.0	2	1.03342403168273	3.1134224778681268	230.0	25	1.05	0.95				
	221	2	0.0	0.0	0.0	0.0	2	1.0354698139524474	5.053483327112042	230.0	27	1.05	0.95				
	222	2	0.0	0.0	0.0	0.0	2	1.05	11.53674806569208	230.0	27	1.05	0.95				
	223	2	0.0	0.0	0.0	0.0	2	1.0363554797219257	3.8764192987659394	230.0	25	1.05	0.95				
	224	1	0.0	0.0	0.0	0.0	2	1.011326717100228	-1.2957008277826028	230.0	26	1.05	0.95				
	301	2	66.2144890736842	13.488136663157896	0.0	0.0	3	1.010249154518514	-22.553274074777736	138.0	31	1.05	0.95				
	302	2	59.47042074210527	12.261942421052632	0.0	0.0	3	1.0097140325047127	-22.684245517980724	138.0	32	1.05	0.95				
	303	1	110.3574817894737	22.684593478947367	0.0	0.0	3	1.0222800459607766	-14.149027302897666	138.0	31	1.05	0.95				
	304	1	45.36918695789473	9.196456815789473	0.0	0.0	3	1.0087993022096398	-19.948912647756536	138.0	31	1.05	0.95				
	305	1	43.52989559473684	8.583359694736844	0.0	0.0	3	1.0217936423151948	-21.923314692014404	138.0	31	1.05	0.95				
	306	1	83.38120846315789	17.166719389473688	0.0	-100.0	3	1.0353704531954826	-22.232783799683123	138.0	32	1.05	0.95				
	307	2	76.63714013157895	15.32742802631579	0.0	0.0	3	0.9924937218399924	-28.680976366713676	138.0	32	1.05	0.95				
	308	1	104.8396077	21.458399236842105	0.0	0.0	3	0.9917056389394997	-25.73938566357664	138.0	32	1.05	0.95				
	309	1	107.29199618421052	22.071496357894738	0.0	0.0	3	1.0308337101731648	-15.240677560427105	138.0	33	1.05	0.95				
	310	1	119.55393860526316	24.523884842105264	0.0	0.0	3	1.05	-19.325707721243855	138.0	33	1.05	0.95				
	311	1	0.0	0.0	0.0	0.0	3	1.0209545589892894	-11.446572634628263	230.0	33	1.05	0.95				
	312	1	0.0	0.0	0.0	0.0	3	1.0192958654522486	-11.221670942295209	230.0	33	1.05	0.95				
	313	2	162.47073707894737	33.1072445368421	0.0	0.0	3	1.0272706981898174	-8.33524110954625	230.0	34	1.05	0.95				
	314	2	118.94084148421054	23.910787721052632	0.0	0.0	3	1.0336894908936936	-8.392486830479543	230.0	36	1.05	0.95				
	315	2	194.3517873736842	39.23821574736842	0.0	0.0	3	1.0457565279825909	-1.34191614166833	230.0	36	1.05	0.95				
	316	2	61.30971210526316	12.261942421052632	0.0	0.0	3	1.0465400075421978	-0.35104097596009004	230.0	36	1.05	0.95				
	317	1	0.0	0.0	0.0	0.0	3	1.05	4.965962185249294	230.0	37	1.05	0.95				
	318	2	204.16134131052632	41.690604231578945	0.0	0.0	3	1.0420847849666606	2.816807619166888	230.0	37	1.05	0.95				
	319	1	110.97057891052633	22.684593478947367	0.0	0.0	3	1.0414223519958252	-2.5244004812936094	230.0	35	1.05	0.95				
	320	1	78.47643149473684	15.940525147368422	0.0	0.0	3	1.0426821317004344	-3.264106427775039	230.0	35	1.05	0.95				
	321	2	0.0	0.0	0.0	0.0	3	1.045195383419894	2.0442570927803514	230.0	37	1.05	0.95				
	322	2	0.0	0.0	0.0	0.0	3	1.05	7.533337334675711	230.0	37	1.05	0.95				
	323	2	0.0	0.0	0.0	0.0	3	1.044672454062773	-3.218131343005152	230.0	35	1.05	0.95				
	324	1	0.0	0.0	0.0	0.0	3	1.0207644984183009	-6.08488516851087	230.0	36	1.05	0.95				
	325	1	0.0	0.0	0.0	0.0	3	1.0401370777345975	-1.903438145545498	230.0	35	1.05	0.95				
];
