%% MATPOWER Case Format : Version 2
function mpc = RTS_GMLC
mpc.version = '2';

%%-----  Power Flow Data  -----%%
%% system MVA base
mpc.baseMVA = 100.0;
%% bus data
%    bus_i    type    Pd    Qd    Gs    Bs    area    Vm    Va    baseKV    zone    Vmax    Vmin
mpc.bus = [
	101	2	48.04156356631579	9.786244430175438	0.0	0.0	1	1.0157741009268322	1.9037553779535679	138.0	11	1.05	0.95				
	102	2	43.148441351228065	8.896585845614036	0.0	0.0	1	1.0146617688804427	1.5880304914842485	138.0	12	1.05	0.95				
	103	1	80.06927261052631	16.458683814385964	0.0	0.0	1	1.0249022708518556	1.9880423429585805	138.0	11	1.05	0.95				
	104	1	32.91736762877193	6.672439384210525	0.0	0.0	1	1.0130092502988772	-1.5330240498080323	138.0	11	1.05	0.95				
	105	1	31.58287975192982	6.227610091929825	0.0	0.0	1	1.0264005069020479	-1.4779499637160576	138.0	11	1.05	0.95				
	106	1	60.49678375017544	12.45522018385965	0.0	-100.0	1	1.0403289744031563	-3.8448385654928314	138.0	12	1.05	0.95				
	107	2	55.60366153508771	11.120732307017542	0.0	0.0	1	0.986734443520089	-11.411196127352994	138.0	12	1.05	0.95				
	108	1	76.06580898	15.56902522982456	0.0	0.0	1	0.9946753979044417	-9.136088244126551	138.0	12	1.05	0.95				
	109	1	77.8451261491228	16.013854522105262	0.0	0.0	1	1.0253305796621446	-2.2244381883581914	138.0	13	1.05	0.95				
	110	1	86.74171199473683	17.79317169122807	0.0	0.0	1	1.05	-3.435353438707875	138.0	13	1.05	0.95				
	111	1	0.0	0.0	0.0	0.0	1	1.0187614465142067	0.24439843569096106	230.0	13	1.05	0.95				
	112	1	0.0	0.0	0.0	0.0	1	1.014979037474785	-0.7132660129001407	230.0	13	1.05	0.95				
	113	3	117.87976245438597	24.020781783157894	0.0	0.0	1	1.0010145103232642	3.0267805997450866e-31	230.0	14	1.05	0.95				
	114	2	86.29688270245613	17.348342398947366	0.0	0.0	1	1.042416412096356	3.4646930996157366	230.0	16	1.05	0.95				
	115	2	141.01088565298247	28.469074705964907	0.0	0.0	1	1.0400298663032819	12.658933151405062	230.0	16	1.05	0.95				
	116	2	44.48292922807017	8.896585845614036	0.0	0.0	1	1.0400915499026948	10.875985452478298	230.0	16	1.05	0.95				
	117	1	0.0	0.0	0.0	0.0	1	1.0388702341039093	16.838998934853084	230.0	17	1.05	0.95				
	118	2	148.1281543294737	30.24839187508772	0.0	0.0	1	1.0473130638639097	17.397684633662763	230.0	17	1.05	0.95				
	119	1	80.51410190280701	16.458683814385964	0.0	0.0	1	1.035438913435395	6.73116029695429	230.0	15	1.05	0.95				
	120	1	56.938149411929814	11.565561599298245	0.0	0.0	1	1.0382058976419701	3.976206585981659	230.0	15	1.05	0.95				
	121	2	0.0	0.0	0.0	0.0	1	1.041645371924458	19.036738082618818	230.0	17	1.05	0.95				
	122	2	0.0	0.0	0.0	0.0	1	1.05	37.011335707288495	230.0	17	1.05	0.95				
	123	2	0.0	0.0	0.0	0.0	1	1.0408769087193661	2.7998812559464925	230.0	15	1.05	0.95				
	124	1	0.0	0.0	0.0	0.0	1	1.0210625890349736	8.679662536258682	230.0	16	1.05	0.95				
	201	2	48.84054775578947	9.94900046877193	0.0	0.0	2	1.0078856780447527	-17.188095771751385	138.0	21	1.05	0.95				
	202	2	43.86604752140351	9.044545880701754	0.0	0.0	2	1.007129331651736	-17.49126753341403	138.0	22	1.05	0.95				
	203	1	81.4009129263158	16.732409879298245	0.0	0.0	2	1.0113453253544702	-12.463449938741592	138.0	21	1.05	0.95				
	204	1	33.46481975859649	6.783409410526316	0.0	0.0	2	1.0085515728537717	-16.92235230880341	138.0	21	1.05	0.95				
	205	1	32.10813787649123	6.331182116491228	0.0	0.0	2	1.0232778109291087	-17.44147500799027	138.0	21	1.05	0.95				
	206	1	61.502911988771935	12.662364232982457	0.0	-100.0	2	1.0395609944142599	-18.136734989767035	138.0	22	1.05	0.95				
	207	2	56.528411754385964	11.305682350877193	0.0	0.0	2	0.9907240789116946	-23.568805075317837	138.0	22	1.05	0.95				
	208	1	77.33086727999999	15.827955291228069	0.0	0.0	2	0.9965924330288165	-21.508463558047694	138.0	22	1.05	0.95				
	209	1	79.13977645614035	16.280182585263155	0.0	0.0	2	1.0233083641121408	-14.58547365980439	138.0	23	1.05	0.95				
	210	1	88.1843223368421	18.08909176140351	0.0	0.0	2	1.05	-16.236146773578028	138.0	23	1.05	0.95				
	211	1	0.0	0.0	0.0	0.0	2	1.0111218163335307	-11.137927183374712	230.0	23	1.05	0.95				
	212	1	0.0	0.0	0.0	0.0	2	1.0138408003656763	-10.020431301666891	230.0	23	1.05	0.95				
	213	2	119.84023291929824	24.420273877894736	0.0	0.0	2	1.013878840926144	-9.311828924005205	230.0	24	1.05	0.95				
	214	2	87.73209504280702	17.636864467368422	0.0	0.0	2	1.013775000128566	-8.41190111846901	230.0	26	1.05	0.95				
	215	2	143.3560522091228	28.942546818245614	0.0	0.0	2	1.0293889478041318	-1.74913109915562	230.0	26	1.05	0.95				
	216	2	45.22272940350877	9.044545880701754	0.0	0.0	2	1.033120016006174	-1.8490498246339178	230.0	26	1.05	0.95				
	217	1	0.0	0.0	0.0	0.0	2	1.036950647219388	-0.27083426948244443	230.0	27	1.05	0.95				
	218	2	150.5916889136842	30.751455994385967	0.0	0.0	2	1.0348117720403816	-0.8528913999616571	230.0	27	1.05	0.95				
	219	1	81.85314022035087	16.732409879298245	0.0	0.0	2	1.0377745417670983	-1.4345941920137182	230.0	25	1.05	0.95				
	220	1	57.88509363649123	11.75790964491228	0.0	0.0	2	1.0450083090557645	-0.21917551283558573	230.0	25	1.05	0.95				
	221	2	0.0	0.0	0.0	0.0	2	1.0355379869851382	-0.34923417209380236	230.0	27	1.05	0.95				
	222	2	0.0	0.0	0.0	0.0	2	1.05	6.180398032989596	230.0	27	1.05	0.95				
	223	2	0.0	0.0	0.0	0.0	2	1.05	0.774248430697181	230.0	25	1.05	0.95				
	224	1	0.0	0.0	0.0	0.0	2	1.0094152696932717	-5.732489838090254	230.0	26	1.05	0.95				
	301	2	61.22619424421053	12.47200253122807	0.0	0.0	3	1.0318318062689145	1.315118229973133	138.0	31	1.05	0.95				
	302	2	54.99019297859648	11.338184119298244	0.0	0.0	3	1.0266353440228857	0.9701153224035158	138.0	32	1.05	0.95				
	303	1	102.04365707368422	20.975640620701753	0.0	0.0	3	1.05	17.67009946550259	138.0	31	1.05	0.95				
	304	1	41.95128124140351	8.503638089473684	0.0	0.0	3	1.0072939016095812	2.6704407124787215	138.0	31	1.05	0.95				
	305	1	40.250553623508765	7.9367288835087715	0.0	0.0	3	1.0281510319597	0.399075198154921	138.0	31	1.05	0.95				
	306	1	77.09965201122807	15.873457767017543	0.0	-100.0	3	1.0317451518108005	-0.7705996293373252	138.0	32	1.05	0.95				
	307	2	70.86365074561402	14.172730149122806	0.0	0.0	3	0.95	-0.5248006736857057	138.0	32	1.05	0.95				
	308	1	96.94147421999999	19.841822208771926	0.0	0.0	3	0.965376459364598	-0.5660662622249093	138.0	32	1.05	0.95				
	309	1	99.20911104385965	20.408731414736838	0.0	0.0	3	1.0108088816141192	6.460652626072896	138.0	33	1.05	0.95				
	310	1	110.54729516315788	22.67636823859649	0.0	0.0	3	1.0382306060456006	1.2904050949826384	138.0	33	1.05	0.95				
	311	1	0.0	0.0	0.0	0.0	3	0.9985339378133122	6.3298723461704025	230.0	33	1.05	0.95				
	312	1	0.0	0.0	0.0	0.0	3	1.0021355060258064	6.856722376473356	230.0	33	1.05	0.95				
	313	2	150.23093958070172	30.613097122105266	0.0	0.0	3	0.9989541891028311	8.800128704290376	230.0	34	1.05	0.95				
	314	2	109.98038595719296	22.10945903263158	0.0	0.0	3	0.9978311539266187	6.725215653994059	230.0	36	1.05	0.95				
	315	2	179.71021829087718	36.28218918175438	0.0	0.0	3	1.05	10.982232707305938	230.0	36	1.05	0.95				
	316	2	56.690920596491225	11.338184119298244	0.0	0.0	3	1.042149722631376	10.656379592487433	230.0	36	1.05	0.95				
	317	1	0.0	0.0	0.0	0.0	3	1.05	15.405420826113446	230.0	37	1.05	0.95				
	318	2	188.78076558631577	38.54982600561404	0.0	0.0	3	1.0434589537471517	12.578879463503432	230.0	37	1.05	0.95				
	319	1	102.6105662796491	20.975640620701753	0.0	0.0	3	1.0267302583858304	9.468966132383542	230.0	35	1.05	0.95				
	320	1	72.56437836350877	14.73963935508772	0.0	0.0	3	1.0180035263624	9.520529768160122	230.0	35	1.05	0.95				
	321	2	0.0	0.0	0.0	0.0	3	1.0454213915237762	12.699519298377249	230.0	37	1.05	0.95				
	322	2	0.0	0.0	0.0	0.0	3	1.05	18.103984628862523	230.0	37	1.05	0.95				
	323	2	0.0	0.0	0.0	0.0	3	1.0144550214950028	9.994020568806864	230.0	35	1.05	0.95				
	324	1	0.0	0.0	0.0	0.0	3	1.0473646501928198	13.54180773677309	230.0	36	1.05	0.95				
	325	1	0.0	0.0	0.0	0.0	3	1.0150396222839542	10.776540769527745	230.0	35	1.05	0.95				
];
