%% MATPOWER Case Format : Version 2
function mpc = RTS_GMLC
mpc.version = '2';

%%-----  Power Flow Data  -----%%
%% system MVA base
mpc.baseMVA = 100.0;
%% bus data
%    bus_i    type    Pd    Qd    Gs    Bs    area    Vm    Va    baseKV    zone    Vmax    Vmin
mpc.bus = [
	101	2	48.60267195789474	9.900544287719299	0.0	0.0	1	1.0357713633703693	2.5750950126311594	138.0	11	1.05	0.95				
	102	2	43.652399814035086	9.000494807017546	0.0	0.0	1	1.0353312889322637	2.4194230188300305	138.0	12	1.05	0.95				
	103	1	81.0044532631579	16.65091539298246	0.0	0.0	1	1.0297246428714906	0.9721979998905097	138.0	11	1.05	0.95				
	104	1	33.30183078596492	6.750371105263158	0.0	0.0	1	1.0219043668073144	-0.9190464137077344	138.0	11	1.05	0.95				
	105	1	31.95175656491228	6.300346364912281	0.0	0.0	1	1.0365916759130047	-0.7441093476538858	138.0	11	1.05	0.95				
	106	1	61.20336468771931	12.600692729824562	0.0	-100.0	1	1.0451998887565614	-3.0659127505419197	138.0	12	1.05	0.95				
	107	2	56.25309254385965	11.25061850877193	0.0	0.0	1	1.0001268290318475	-8.559615499635136	138.0	12	1.05	0.95				
	108	1	76.95423059999999	15.750865912280702	0.0	0.0	1	1.003529834376102	-7.297178016430946	138.0	12	1.05	0.95				
	109	1	78.75432956140351	16.20089065263158	0.0	0.0	1	1.0248643574656293	-1.8364310503873236	138.0	13	1.05	0.95				
	110	1	87.75482436842104	18.000989614035092	0.0	0.0	1	1.05	-2.7003792065663554	138.0	13	1.05	0.95				
	111	1	0.0	0.0	0.0	0.0	1	1.0051862097641762	0.02350099263826861	230.0	13	1.05	0.95				
	112	1	0.0	0.0	0.0	0.0	1	1.0094002913579803	0.2316026726772262	230.0	13	1.05	0.95				
	113	3	119.25655619298246	24.30133597894737	0.0	0.0	1	0.9972137780103197	3.0084951825857495e-30	230.0	14	1.05	0.95				
	114	2	87.30479962807017	17.55096487368421	0.0	0.0	1	1.0042283529677054	2.4502307662495837	230.0	16	1.05	0.95				
	115	2	142.65784269122807	28.80158338245614	0.0	0.0	1	1.0410718025207966	9.01824449850911	230.0	16	1.05	0.95				
	116	2	45.00247403508772	9.000494807017546	0.0	0.0	1	1.0373979356593241	8.464880227692637	230.0	16	1.05	0.95				
	117	1	0.0	0.0	0.0	0.0	1	1.042568995104532	11.276972243325211	230.0	17	1.05	0.95				
	118	2	149.8582385368421	30.601682343859654	0.0	0.0	1	1.0469508147126425	11.044768413862393	230.0	17	1.05	0.95				
	119	1	81.45447800350878	16.65091539298246	0.0	0.0	1	1.0298689126593532	6.955883600379666	230.0	15	1.05	0.95				
	120	1	57.60316676491228	11.700643249122807	0.0	0.0	1	1.0267945525733118	6.504943140694195	230.0	15	1.05	0.95				
	121	2	0.0	0.0	0.0	0.0	1	1.05	11.87415183422073	230.0	17	1.05	0.95				
	122	2	0.0	0.0	0.0	0.0	1	1.05	24.445489612864495	230.0	17	1.05	0.95				
	123	2	0.0	0.0	0.0	0.0	1	1.0257084389946673	6.602880709609739	230.0	15	1.05	0.95				
	124	1	0.0	0.0	0.0	0.0	1	1.0265376206912173	6.01146462608365	230.0	16	1.05	0.95				
	201	2	47.41256099368422	9.658114276491228	0.0	0.0	2	1.0294066366004089	-6.5426051654411745	138.0	21	1.05	0.95				
	202	2	42.5835038554386	8.780103887719298	0.0	0.0	2	1.0299234685121026	-6.4692299500406305	138.0	22	1.05	0.95				
	203	1	79.02093498947369	16.243192192280702	0.0	0.0	2	1.0188398169404946	-6.789932939538955	138.0	21	1.05	0.95				
	204	1	32.486384384561404	6.585077915789474	0.0	0.0	2	1.0191559722661159	-8.74676826935176	138.0	21	1.05	0.95				
	205	1	31.169368801403508	6.14607272140351	0.0	0.0	2	1.0341589783649308	-8.840684057363037	138.0	21	1.05	0.95				
	206	1	59.70470643649123	12.29214544280702	0.0	-100.0	2	1.0448239857508488	-10.53891578463104	138.0	22	1.05	0.95				
	207	2	54.87564929824561	10.975129859649122	0.0	0.0	2	0.98925085004426	-17.170152465282225	138.0	22	1.05	0.95				
	208	1	75.06988824	15.36518180350877	0.0	0.0	2	0.9962751275111705	-15.18681218695098	138.0	22	1.05	0.95				
	209	1	76.82590901754386	15.804186997894737	0.0	0.0	2	1.0230535515072114	-8.817191412912335	138.0	23	1.05	0.95				
	210	1	85.60601290526316	17.560207775438595	0.0	0.0	2	1.05	-9.771605644175777	138.0	23	1.05	0.95				
	211	1	0.0	0.0	0.0	0.0	2	1.0053008133833643	-6.221066641822	230.0	23	1.05	0.95				
	212	1	0.0	0.0	0.0	0.0	2	1.00976277653559	-5.780628072139713	230.0	23	1.05	0.95				
	213	2	116.33637651228071	23.70628049684211	0.0	0.0	2	0.9990423094872631	-5.464234917924644	230.0	24	1.05	0.95				
	214	2	85.1670077108772	17.121202581052632	0.0	0.0	2	1.0060314812785671	-3.6978253032117827	230.0	26	1.05	0.95				
	215	2	139.16464662035088	28.096332440701755	0.0	0.0	2	1.0279459657340004	2.7148098956837945	230.0	26	1.05	0.95				
	216	2	43.90051943859649	8.780103887719298	0.0	0.0	2	1.02934036968297	2.4851901062467925	230.0	26	1.05	0.95				
	217	1	0.0	0.0	0.0	0.0	2	1.0347131913178822	5.296387989959659	230.0	27	1.05	0.95				
	218	2	146.18872973052632	29.852353218245614	0.0	0.0	2	1.0361662556700884	5.689537051666201	230.0	27	1.05	0.95				
	219	1	79.45994018385966	16.243192192280702	0.0	0.0	2	1.029419198762014	1.4628317872436194	230.0	25	1.05	0.95				
	220	1	56.19266488140351	11.414135054035087	0.0	0.0	2	1.0325879025484275	1.4274172451307645	230.0	25	1.05	0.95				
	221	2	0.0	0.0	0.0	0.0	2	1.0361992891330585	5.461260880269545	230.0	27	1.05	0.95				
	222	2	0.0	0.0	0.0	0.0	2	1.05	11.894782751684652	230.0	27	1.05	0.95				
	223	2	0.0	0.0	0.0	0.0	2	1.0349117204907365	1.7402288661676644	230.0	25	1.05	0.95				
	224	1	0.0	0.0	0.0	0.0	2	1.012776845599373	-0.8485915361442968	230.0	26	1.05	0.95				
	301	2	66.48782032421052	13.54381525122807	0.0	0.0	3	1.013667562848931	-27.50745279506229	138.0	31	1.05	0.95				
	302	2	59.71591269859648	12.312559319298245	0.0	0.0	3	1.01218517837462	-27.817766195947833	138.0	32	1.05	0.95				
	303	1	110.81303387368419	22.778234740701752	0.0	0.0	3	1.0459485751160513	-14.383321776655388	138.0	31	1.05	0.95				
	304	1	45.556469481403504	9.234419489473684	0.0	0.0	3	1.0086698627541015	-26.04949521785484	138.0	31	1.05	0.95				
	305	1	43.70958558350876	8.618791523508772	0.0	0.0	3	1.0238417735347405	-27.69276925950978	138.0	31	1.05	0.95				
	306	1	83.72540337122807	17.237583047017544	0.0	-100.0	3	1.0359868127573382	-28.481037434898965	138.0	32	1.05	0.95				
	307	2	76.95349574561403	15.390699149122804	0.0	0.0	3	0.9899941408728948	-35.49047557176433	138.0	32	1.05	0.95				
	308	1	105.27238218	21.54697880877193	0.0	0.0	3	0.9893134971074434	-32.523653404631624	138.0	32	1.05	0.95				
	309	1	107.73489404385963	22.16260677473684	0.0	0.0	3	1.0270957234077556	-22.090192888823413	138.0	33	1.05	0.95				
	310	1	120.04745336315787	24.62511863859649	0.0	0.0	3	1.05	-25.90460632521443	138.0	33	1.05	0.95				
	311	1	0.0	0.0	0.0	0.0	3	1.0201172795382476	-18.831144669826948	230.0	33	1.05	0.95				
	312	1	0.0	0.0	0.0	0.0	3	1.0197401384204046	-18.099251159904185	230.0	33	1.05	0.95				
	313	2	163.14141098070175	33.24391016210526	0.0	0.0	3	1.0268652421478996	-15.412843632538785	230.0	34	1.05	0.95				
	314	2	119.43182539719297	24.009490672631575	0.0	0.0	3	1.0306232357197769	-16.70097892487315	230.0	36	1.05	0.95				
	315	2	195.15406521087718	39.40018982175438	0.0	0.0	3	1.049460666864526	-10.371059650617134	230.0	36	1.05	0.95				
	316	2	61.56279659649122	12.312559319298245	0.0	0.0	3	1.0487407146043053	-9.98229478625564	230.0	36	1.05	0.95				
	317	1	0.0	0.0	0.0	0.0	3	1.05	-7.480690627357105	230.0	37	1.05	0.95				
	318	2	205.00411266631576	41.862701685614034	0.0	0.0	3	1.0472664447148594	-7.700183079438464	230.0	37	1.05	0.95				
	319	1	111.4286618396491	22.778234740701752	0.0	0.0	3	1.04535968813861	-11.00327420917638	230.0	35	1.05	0.95				
	320	1	78.80037964350876	16.006327115087718	0.0	0.0	3	1.0474395258889684	-10.74061412030597	230.0	35	1.05	0.95				
	321	2	0.0	0.0	0.0	0.0	3	1.0496122920021724	-7.662596387619371	230.0	37	1.05	0.95				
	322	2	0.0	0.0	0.0	0.0	3	1.05	-3.2442459956440093	230.0	37	1.05	0.95				
	323	2	0.0	0.0	0.0	0.0	3	1.05	-10.14715833114065	230.0	35	1.05	0.95				
	324	1	0.0	0.0	0.0	0.0	3	1.041508768086852	-11.87576524517304	230.0	36	1.05	0.95				
	325	1	0.0	0.0	0.0	0.0	3	1.0412141639927048	-8.36973187666887	230.0	35	1.05	0.95				
];
