%% MATPOWER Case Format : Version 2
function mpc = RTS_GMLC
mpc.version = '2';

%%-----  Power Flow Data  -----%%
%% system MVA base
mpc.baseMVA = 100.0;
%% bus data
%    bus_i    type    Pd    Qd    Gs    Bs    area    Vm    Va    baseKV    zone    Vmax    Vmin
mpc.bus = [
	101	2	36.659079663157904	7.467590301754387	0.0	0.0	1	1.0315585398198424	4.238063334084437	138.0	11	1.05	0.95				
	102	2	32.9252845122807	6.788718456140351	0.0	0.0	1	1.0306319734382785	3.9558413028039734	138.0	12	1.05	0.95				
	103	1	61.098466105263164	12.559129143859648	0.0	0.0	1	1.0328750848092425	3.1052224166521283	138.0	11	1.05	0.95				
	104	1	25.118258287719296	5.091538842105264	0.0	0.0	1	1.0216230225865086	0.6559295329196606	138.0	11	1.05	0.95				
	105	1	24.099950519298247	4.752102919298246	0.0	0.0	1	1.0357756641802394	0.8485741211859397	138.0	11	1.05	0.95				
	106	1	46.163285501754395	9.504205838596492	0.0	-100.0	1	1.047082766427752	-1.452083470826288	138.0	12	1.05	0.95				
	107	2	42.429490350877195	8.48589807017544	0.0	0.0	1	0.9995355821875971	-8.79815500649371	138.0	12	1.05	0.95				
	108	1	58.043542800000004	11.880257298245613	0.0	0.0	1	1.0056031238113994	-6.563483373252657	138.0	12	1.05	0.95				
	109	1	59.40128649122808	12.219693221052632	0.0	0.0	1	1.024453070438584	-0.6585385016792852	138.0	13	1.05	0.95				
	110	1	66.19000494736842	13.577436912280701	0.0	0.0	1	1.05	-1.5102420800436556	138.0	13	1.05	0.95				
	111	1	0.0	0.0	0.0	0.0	1	1.0023965447867738	0.8875160832370305	230.0	13	1.05	0.95				
	112	1	0.0	0.0	0.0	0.0	1	1.0074669280303516	0.0043877310755308105	230.0	13	1.05	0.95				
	113	3	89.95051954385966	18.329539831578952	0.0	0.0	1	0.9914758272020993	3.1131284109905364e-27	230.0	14	1.05	0.95				
	114	2	65.8505690245614	13.238000989473687	0.0	0.0	1	1.001064387769875	3.7612600522925375	230.0	16	1.05	0.95				
	115	2	107.60118752982457	21.723899059649124	0.0	0.0	1	1.0416060165603307	11.114306608938808	230.0	16	1.05	0.95				
	116	2	33.94359228070176	6.788718456140351	0.0	0.0	1	1.0346043124445172	9.687105284963751	230.0	16	1.05	0.95				
	117	1	0.0	0.0	0.0	0.0	1	1.0406037853411996	14.464942282248188	230.0	17	1.05	0.95				
	118	2	113.03216229473685	23.081642750877197	0.0	0.0	1	1.0489664569087447	14.84364857059096	230.0	17	1.05	0.95				
	119	1	61.43790202807018	12.559129143859648	0.0	0.0	1	1.022858512952125	6.20971051051684	230.0	15	1.05	0.95				
	120	1	43.44779811929825	8.825333992982456	0.0	0.0	1	1.017249137876435	3.8098683943714646	230.0	15	1.05	0.95				
	121	2	0.0	0.0	0.0	0.0	1	1.05	16.019545820889675	230.0	17	1.05	0.95				
	122	2	0.0	0.0	0.0	0.0	1	1.05	30.938583784755913	230.0	17	1.05	0.95				
	123	2	0.0	0.0	0.0	0.0	1	1.0147157983898252	2.7485193344652794	230.0	15	1.05	0.95				
	124	1	0.0	0.0	0.0	0.0	1	1.0280877370004675	8.11284781189409	230.0	16	1.05	0.95				
	201	2	43.60459626947369	8.882417758596493	0.0	0.0	2	1.0130536085616437	-15.506685035664576	138.0	21	1.05	0.95				
	202	2	39.163387390175444	8.07492523508772	0.0	0.0	2	1.0121770523647315	-15.808120904949709	138.0	22	1.05	0.95				
	203	1	72.67432711578948	14.938611684912281	0.0	0.0	2	1.0139379490842333	-10.927188793329869	138.0	21	1.05	0.95				
	204	1	29.877223369824563	6.056193926315789	0.0	0.0	2	1.0114530543135718	-15.427067169926868	138.0	21	1.05	0.95				
	205	1	28.665984584561404	5.652447664561405	0.0	0.0	2	1.0266430813833545	-15.92011322234115	138.0	21	1.05	0.95				
	206	1	54.909491598596496	11.30489532912281	0.0	-100.0	2	1.042188024810287	-16.662949771121326	138.0	22	1.05	0.95				
	207	2	50.46828271929825	10.09365654385965	0.0	0.0	2	0.9950522619848136	-21.463929553144567	138.0	22	1.05	0.95				
	208	1	69.04061075999999	14.131119161403507	0.0	0.0	2	1.0009169441749557	-19.651283445884065	138.0	22	1.05	0.95				
	209	1	70.65559580701755	14.534865423157894	0.0	0.0	2	1.0224342481873068	-13.439402896133432	138.0	23	1.05	0.95				
	210	1	78.73052104210527	16.14985047017544	0.0	0.0	2	1.05	-15.033141329275969	138.0	23	1.05	0.95				
	211	1	0.0	0.0	0.0	0.0	2	1.00661207884614	-10.49594543292098	230.0	23	1.05	0.95				
	212	1	0.0	0.0	0.0	0.0	2	1.0084562104906305	-9.724907255865299	230.0	23	1.05	0.95				
	213	2	106.99275936491229	21.802298134736844	0.0	0.0	2	1.0034762248395364	-9.104883422135062	230.0	24	1.05	0.95				
	214	2	78.32677478035089	15.746104208421055	0.0	0.0	2	1.008450836821738	-7.870685703323609	230.0	26	1.05	0.95				
	215	2	127.98756497614036	25.839760752280704	0.0	0.0	2	1.021059445525867	-1.390821145427127	230.0	26	1.05	0.95				
	216	2	40.3746261754386	8.07492523508772	0.0	0.0	2	1.0231904780087107	-1.6870866241420965	230.0	26	1.05	0.95				
	217	1	0.0	0.0	0.0	0.0	2	1.0267024955867905	-0.013914681119297766	230.0	27	1.05	0.95				
	218	2	134.44750516421053	27.454745799298248	0.0	0.0	2	1.026079253631335	-0.49353762082180913	230.0	27	1.05	0.95				
	219	1	73.07807337754386	14.938611684912281	0.0	0.0	2	1.0247198380992588	-1.828959757170999	230.0	25	1.05	0.95				
	220	1	51.67952150456141	10.497402805614037	0.0	0.0	2	1.0286284277793112	-1.1616716339863955	230.0	25	1.05	0.95				
	221	2	0.0	0.0	0.0	0.0	2	1.0279992123584543	0.010391604131559158	230.0	27	1.05	0.95				
	222	2	0.0	0.0	0.0	0.0	2	1.0498660695818254	6.492537409971171	230.0	27	1.05	0.95				
	223	2	0.0	0.0	0.0	0.0	2	1.0313806706137911	-0.4883101832559488	230.0	25	1.05	0.95				
	224	1	0.0	0.0	0.0	0.0	2	1.006675772382572	-4.973249148831021	230.0	26	1.05	0.95				
	301	2	49.52420120842106	10.088263209122807	0.0	0.0	3	1.011896074776749	-6.878311665275538	138.0	31	1.05	0.95				
	302	2	44.480069603859654	9.171148371929826	0.0	0.0	3	1.011107838817484	-7.153471124821442	138.0	32	1.05	0.95				
	303	1	82.54033534736843	16.966624488070174	0.0	0.0	3	1.0467453863358211	4.6248363710515195	138.0	31	1.05	0.95				
	304	1	33.93324897614035	6.878361278947369	0.0	0.0	3	1.0118855541345728	-5.727381996223215	138.0	31	1.05	0.95				
	305	1	32.55757672035088	6.4198038603508785	0.0	0.0	3	1.025289992966031	-7.6263596054275204	138.0	31	1.05	0.95				
	306	1	62.36380892912281	12.839607720701757	0.0	-100.0	3	1.0403015870818182	-8.583529774922305	138.0	32	1.05	0.95				
	307	2	57.319677324561404	11.46393546491228	0.0	0.0	3	0.9894734900163991	-13.049063493920363	138.0	32	1.05	0.95				
	308	1	78.41331858000001	16.04950965087719	0.0	0.0	3	0.9961766556968356	-10.967554879091345	138.0	32	1.05	0.95				
	309	1	80.24754825438598	16.508067069473682	0.0	0.0	3	1.02708259299498	-2.686045846768402	138.0	33	1.05	0.95				
	310	1	89.41869662631578	18.342296743859652	0.0	0.0	3	1.05	-6.89845194323046	138.0	33	1.05	0.95				
	311	1	0.0	0.0	0.0	0.0	3	1.009413368301525	-2.3337237404928417	230.0	33	1.05	0.95				
	312	1	0.0	0.0	0.0	0.0	3	1.015139707963789	-1.4536842471468907	230.0	33	1.05	0.95				
	313	2	121.51771592807017	24.76210060421053	0.0	0.0	3	1.0126036737148523	0.6942701580878772	230.0	34	1.05	0.95				
	314	2	88.96013920771931	17.88373932526316	0.0	0.0	3	1.0035878668140963	-2.4204843182383966	230.0	36	1.05	0.95				
	315	2	145.3627016950877	29.34767479017544	0.0	0.0	3	1.0371289135871855	0.2117683196609976	230.0	36	1.05	0.95				
	316	2	45.85574185964912	9.171148371929826	0.0	0.0	3	1.03197235936872	0.2043971009680468	230.0	36	1.05	0.95				
	317	1	0.0	0.0	0.0	0.0	3	1.0400572531024488	2.192340900483533	230.0	37	1.05	0.95				
	318	2	152.69962039263157	31.181904464561406	0.0	0.0	3	1.0379084268317516	1.1219990508438682	230.0	37	1.05	0.95				
	319	1	82.99889276596491	16.966624488070174	0.0	0.0	3	1.0271628837034346	0.260855463986103	230.0	35	1.05	0.95				
	320	1	58.69534958035088	11.922492883508774	0.0	0.0	3	1.0262335664643818	1.2036174861516002	230.0	35	1.05	0.95				
	321	2	0.0	0.0	0.0	0.0	3	1.0393460038515723	1.3846542288109374	230.0	37	1.05	0.95				
	322	2	0.0	0.0	0.0	0.0	3	1.05	6.017612815869708	230.0	37	1.05	0.95				
	323	2	0.0	0.0	0.0	0.0	3	1.0267009214881568	2.0758321293091675	230.0	35	1.05	0.95				
	324	1	0.0	0.0	0.0	0.0	3	1.0380515732300193	1.900793173320264	230.0	36	1.05	0.95				
	325	1	0.0	0.0	0.0	0.0	3	1.024734968167142	3.258305725562036	230.0	35	1.05	0.95				
];
