%% MATPOWER Case Format : Version 2
function mpc = RTS_GMLC
mpc.version = '2';

%%-----  Power Flow Data  -----%%
%% system MVA base
mpc.baseMVA = 100.0;
%% bus data
%    bus_i    type    Pd    Qd    Gs    Bs    area    Vm    Va    baseKV    zone    Vmax    Vmin
mpc.bus = [
	101	2	44.90202869052632	9.146709548070175	0.0	0.0	1	1.042615056826111	4.359133656956942	138.0	11	1.05	0.95				
	102	2	40.328673916491226	8.315190498245615	0.0	0.0	1	1.041584605008468	4.058853663164374	138.0	12	1.05	0.95				
	103	1	74.83671448421052	15.383102421754385	0.0	0.0	1	1.0318248672030712	1.75485065780911	138.0	11	1.05	0.95				
	104	1	30.76620484350877	6.23639287368421	0.0	0.0	1	1.0264484350666851	0.4957354360654293	138.0	11	1.05	0.95				
	105	1	29.518926268771928	5.82063334877193	0.0	0.0	1	1.0400076481996063	0.5015037571173653	138.0	11	1.05	0.95				
	106	1	56.54329538807018	11.64126669754386	0.0	-100.0	1	1.0472485371254128	-2.131297358006346	138.0	12	1.05	0.95				
	107	2	51.96994061403508	10.393988122807016	0.0	0.0	1	0.9996863186890965	-8.79698858838096	138.0	12	1.05	0.95				
	108	1	71.09487875999999	14.551583371929825	0.0	0.0	1	1.0038525528267808	-7.098035848456663	138.0	12	1.05	0.95				
	109	1	72.75791685964911	14.967342896842103	0.0	0.0	1	1.024594333894547	-1.3642907519204313	138.0	13	1.05	0.95				
	110	1	81.07310735789474	16.63038099649123	0.0	0.0	1	1.05	-2.1411561701555613	138.0	13	1.05	0.95				
	111	1	0.0	0.0	0.0	0.0	1	1.0031960134343636	0.16371809456225353	230.0	13	1.05	0.95				
	112	1	0.0	0.0	0.0	0.0	1	1.007640007508583	-0.15343117841211124	230.0	13	1.05	0.95				
	113	3	110.17627410175437	22.45101434526316	0.0	0.0	1	0.9931599915532892	-5.892242276894332e-29	230.0	14	1.05	0.95				
	114	2	80.65734783298245	16.214621471578948	0.0	0.0	1	1.0011195882225774	2.3491595845012823	230.0	16	1.05	0.95				
	115	2	131.79576939719297	26.608609594385964	0.0	0.0	1	1.0398837103849783	8.897722954081829	230.0	16	1.05	0.95				
	116	2	41.575952491228065	8.315190498245615	0.0	0.0	1	1.0346432063913407	7.816555495432545	230.0	16	1.05	0.95				
	117	1	0.0	0.0	0.0	0.0	1	1.040798927530142	11.957626047933378	230.0	17	1.05	0.95				
	118	2	138.44792179578945	28.27164769403509	0.0	0.0	1	1.0475107087242725	12.222019575720243	230.0	17	1.05	0.95				
	119	1	75.2524740091228	15.383102421754385	0.0	0.0	1	1.0236187088289026	5.311738493010047	230.0	15	1.05	0.95				
	120	1	53.21721918877193	10.809747647719298	0.0	0.0	1	1.0180257716169343	3.905123006288253	230.0	15	1.05	0.95				
	121	2	0.0	0.0	0.0	0.0	1	1.05	13.440428368248394	230.0	17	1.05	0.95				
	122	2	0.0	0.0	0.0	0.0	1	1.05	26.70404164867001	230.0	17	1.05	0.95				
	123	2	0.0	0.0	0.0	0.0	1	1.0154998357568599	3.452680850820984	230.0	15	1.05	0.95				
	124	1	0.0	0.0	0.0	0.0	1	1.0275235375935878	6.220992152166097	230.0	16	1.05	0.95				
	201	2	39.966629949473685	8.141350545263158	0.0	0.0	2	1.0134516961489692	-12.134137902417853	138.0	21	1.05	0.95				
	202	2	35.89595467684211	7.401227768421053	0.0	0.0	2	1.0125429472650205	-12.409836607115352	138.0	22	1.05	0.95				
	203	1	66.61104991578948	13.692271371578949	0.0	0.0	2	1.0158546597498144	-8.565556398088077	138.0	21	1.05	0.95				
	204	1	27.384542743157898	5.55092082631579	0.0	0.0	2	1.0125984954737137	-12.110183455418515	138.0	21	1.05	0.95				
	205	1	26.274358577894734	5.180859437894737	0.0	0.0	2	1.027321813909962	-12.50552354201241	138.0	21	1.05	0.95				
	206	1	50.328348825263156	10.361718875789474	0.0	-100.0	2	1.0432441087978714	-13.194242805051772	138.0	22	1.05	0.95				
	207	2	46.25767355263158	9.251534710526316	0.0	0.0	2	0.9956793955456961	-17.559308960541735	138.0	22	1.05	0.95				
	208	1	63.28049742	12.952148594736842	0.0	0.0	2	1.0027372236056735	-15.928061582866096	138.0	22	1.05	0.95				
	209	1	64.76074297368422	13.322209983157896	0.0	0.0	2	1.0228880834650267	-10.327018850294296	138.0	23	1.05	0.95				
	210	1	72.16197074210527	14.802455536842105	0.0	0.0	2	1.05	-11.683570936179256	138.0	23	1.05	0.95				
	211	1	0.0	0.0	0.0	0.0	2	1.0041794326222944	-7.4863661083381485	230.0	23	1.05	0.95				
	212	1	0.0	0.0	0.0	0.0	2	1.0069043709765737	-6.761670180480592	230.0	23	1.05	0.95				
	213	2	98.06626793157895	19.983314974736842	0.0	0.0	2	0.9990691451795296	-6.139065914860987	230.0	24	1.05	0.95				
	214	2	71.79190935368422	14.432394148421052	0.0	0.0	2	1.0042948127921725	-5.015808935097191	230.0	26	1.05	0.95				
	215	2	117.30946012947368	23.683928858947368	0.0	0.0	2	1.0212246039557746	0.9602320784319036	230.0	26	1.05	0.95				
	216	2	37.006138842105265	7.401227768421053	0.0	0.0	2	1.0221350633207928	0.7091330221502381	230.0	26	1.05	0.95				
	217	1	0.0	0.0	0.0	0.0	2	1.0265648074741474	2.1242108960357715	230.0	27	1.05	0.95				
	218	2	123.23044234421052	25.164174412631578	0.0	0.0	2	1.0260031361314355	1.7605742697747475	230.0	27	1.05	0.95				
	219	1	66.98111130421053	13.692271371578949	0.0	0.0	2	1.0229586537651727	0.6205823690442972	230.0	25	1.05	0.95				
	220	1	47.367857717894736	9.621596098947368	0.0	0.0	2	1.0258636459034138	1.2722126086874557	230.0	25	1.05	0.95				
	221	2	0.0	0.0	0.0	0.0	2	1.0279685214947538	2.291258178957382	230.0	27	1.05	0.95				
	222	2	0.0	0.0	0.0	0.0	2	1.0497077139780964	8.719434891827989	230.0	27	1.05	0.95				
	223	2	0.0	0.0	0.0	0.0	2	1.027904879741404	1.9147038102127043	230.0	25	1.05	0.95				
	224	1	0.0	0.0	0.0	0.0	2	1.007506896491746	-2.6246772150776474	230.0	26	1.05	0.95				
	301	2	50.73710850947369	10.335336918596493	0.0	0.0	3	1.0084506981516017	-13.510795156211785	138.0	31	1.05	0.95				
	302	2	45.569440050175444	9.39576083508772	0.0	0.0	3	1.0078523936031907	-13.653588788242837	138.0	32	1.05	0.95				
	303	1	84.56184751578948	17.382157544912282	0.0	0.0	3	1.027944437983903	-7.1115096714854795	138.0	31	1.05	0.95				
	304	1	34.764315089824564	7.046820626315789	0.0	0.0	3	1.0094692511110617	-12.24621164795124	138.0	31	1.05	0.95				
	305	1	33.354950964561404	6.577032584561405	0.0	0.0	3	1.0230444648248544	-12.90946681957425	138.0	31	1.05	0.95				
	306	1	63.8911736785965	13.15406516912281	0.0	-100.0	3	1.0391908562185392	-13.12621560196662	138.0	32	1.05	0.95				
	307	2	58.72350521929825	11.74470104385965	0.0	0.0	3	0.9932022078536167	-18.468017994462553	138.0	32	1.05	0.95				
	308	1	80.33375514000001	16.442581461403506	0.0	0.0	3	0.9978759261117528	-16.31394917707931	138.0	32	1.05	0.95				
	309	1	82.21290730701755	16.912369503157894	0.0	0.0	3	1.0258195555462546	-9.170220340502759	138.0	33	1.05	0.95				
	310	1	91.60866814210526	18.79152167017544	0.0	0.0	3	1.05	-10.797593377953163	138.0	33	1.05	0.95				
	311	1	0.0	0.0	0.0	0.0	3	1.008877037281471	-5.127709148598108	230.0	33	1.05	0.95				
	312	1	0.0	0.0	0.0	0.0	3	1.0119820574467253	-4.652944271525612	230.0	33	1.05	0.95				
	313	2	124.49383106491227	25.368554254736846	0.0	0.0	3	1.0115969477580908	-1.5831176084599472	230.0	34	1.05	0.95				
	314	2	91.13888010035089	18.321733628421054	0.0	0.0	3	1.0106832966517372	-3.2888037154433984	230.0	36	1.05	0.95				
	315	2	148.92280923614035	30.066434672280707	0.0	0.0	3	1.0326619630654503	-0.41944879957072967	230.0	36	1.05	0.95				
	316	2	46.9788041754386	9.39576083508772	0.0	0.0	3	1.031987281064008	0.19692892092107306	230.0	36	1.05	0.95				
	317	1	0.0	0.0	0.0	0.0	3	1.04009005721148	2.9033057918100553	230.0	37	1.05	0.95				
	318	2	156.43941790421053	31.94558683929825	0.0	0.0	3	1.0368672796844833	1.650472056026266	230.0	37	1.05	0.95				
	319	1	85.03163555754386	17.382157544912282	0.0	0.0	3	1.0292843788385375	0.1993593003358285	230.0	35	1.05	0.95				
	320	1	60.13286934456141	12.214489085614035	0.0	0.0	3	1.0286160019976114	0.4192221164348814	230.0	35	1.05	0.95				
	321	2	0.0	0.0	0.0	0.0	3	1.0375577308988235	1.5390838968213059	230.0	37	1.05	0.95				
	322	2	0.0	0.0	0.0	0.0	3	1.0499999988962332	6.387952590083723	230.0	37	1.05	0.95				
	323	2	0.0	0.0	0.0	0.0	3	1.0288005323702556	0.8087767007380129	230.0	35	1.05	0.95				
	324	1	0.0	0.0	0.0	0.0	3	1.023108140522449	-2.253359203406924	230.0	36	1.05	0.95				
	325	1	0.0	0.0	0.0	0.0	3	1.0273076092092774	1.88058087901185	230.0	35	1.05	0.95				
];
