%% MATPOWER Case Format : Version 2
function mpc = RTS_GMLC
mpc.version = '2';

%%-----  Power Flow Data  -----%%
%% system MVA base
mpc.baseMVA = 100.0;
%% bus data
%    bus_i    type    Pd    Qd    Gs    Bs    area    Vm    Va    baseKV    zone    Vmax    Vmin
mpc.bus = [
	101	2	44.19396337263158	9.002474020350878	0.0	0.0	1	1.0445181486727846	4.384729265924725	138.0	11	1.05	0.95				
	102	2	39.692726362456135	8.18406729122807	0.0	0.0	1	1.043526305220033	4.109961757574956	138.0	12	1.05	0.95				
	103	1	73.65660562105263	15.140524488771929	0.0	0.0	1	1.0282121823635828	0.6780609370743834	138.0	11	1.05	0.95				
	104	1	30.281048977543858	6.138050468421053	0.0	0.0	1	1.0273001954222818	0.520632308330477	138.0	11	1.05	0.95				
	105	1	29.053438883859645	5.72884710385965	0.0	0.0	1	1.0411464985395253	0.6140741732260455	138.0	11	1.05	0.95				
	106	1	55.65165758035088	11.4576942077193	0.0	-100.0	1	1.047967454870404	-1.9624422526865815	138.0	12	1.05	0.95				
	107	2	51.150420570175434	10.230084114035087	0.0	0.0	1	1.0004860690403274	-7.592634064677332	138.0	12	1.05	0.95				
	108	1	69.97377534	14.322117759649123	0.0	0.0	1	1.0050011115740407	-6.3710572233450575	138.0	12	1.05	0.95				
	109	1	71.61058879824562	14.731321124210526	0.0	0.0	1	1.0242137964298454	-1.434009762431067	138.0	13	1.05	0.95				
	110	1	79.79465608947368	16.36813458245614	0.0	0.0	1	1.05	-1.96795589195813	138.0	13	1.05	0.95				
	111	1	0.0	0.0	0.0	0.0	1	1.0014357283810897	-0.1786707111328052	230.0	13	1.05	0.95				
	112	1	0.0	0.0	0.0	0.0	1	1.00684135078862	0.2358387051425643	230.0	13	1.05	0.95				
	113	3	108.43889160877191	22.09698168631579	0.0	0.0	1	0.9920951539380002	2.966595960211346e-32	230.0	14	1.05	0.95				
	114	2	79.38545272491227	15.958931217894737	0.0	0.0	1	0.995931858168126	1.3241418036786288	230.0	16	1.05	0.95				
	115	2	129.7174665659649	26.18901533192982	0.0	0.0	1	1.0314023335802789	5.976341491059066	230.0	16	1.05	0.95				
	116	2	40.92033645614035	8.18406729122807	0.0	0.0	1	1.0275082696469837	5.83115832364582	230.0	16	1.05	0.95				
	117	1	0.0	0.0	0.0	0.0	1	1.0360869972254838	7.767790360568532	230.0	17	1.05	0.95				
	118	2	136.26472039894736	27.82582879017544	0.0	0.0	1	1.0384327456176154	7.833036608930438	230.0	17	1.05	0.95				
	119	1	74.06580898561404	15.140524488771929	0.0	0.0	1	1.0213091161624226	4.981584433548641	230.0	15	1.05	0.95				
	120	1	52.37803066385964	10.639287478596492	0.0	0.0	1	1.018646869931735	5.033641164364966	230.0	15	1.05	0.95				
	121	2	0.0	0.0	0.0	0.0	1	1.0421305410412647	8.827341968921807	230.0	17	1.05	0.95				
	122	2	0.0	0.0	0.0	0.0	1	1.05	15.048086035531338	230.0	17	1.05	0.95				
	123	2	0.0	0.0	0.0	0.0	1	1.0176802885865588	5.384057208176585	230.0	15	1.05	0.95				
	124	1	0.0	0.0	0.0	0.0	1	1.0226483949669505	3.9834591137551554	230.0	16	1.05	0.95				
	201	2	40.119628509473685	8.172516918596491	0.0	0.0	2	1.0203679088608255	-7.583906909765288	138.0	21	1.05	0.95				
	202	2	36.033370050175435	7.4295608350877185	0.0	0.0	2	1.020428811102483	-7.596443204165453	138.0	22	1.05	0.95				
	203	1	66.86604751578948	13.74468754491228	0.0	0.0	2	1.0168607889249834	-6.226568171280834	138.0	21	1.05	0.95				
	204	1	27.48937508982456	5.572170626315788	0.0	0.0	2	1.0162927384039369	-8.409766531461893	138.0	21	1.05	0.95				
	205	1	26.3749409645614	5.200692584561403	0.0	0.0	2	1.0308284626070103	-8.664311715443835	138.0	21	1.05	0.95				
	206	1	50.521013678596496	10.401385169122806	0.0	-100.0	2	1.0449610658680393	-9.671736451672547	138.0	22	1.05	0.95				
	207	2	46.43475521929824	9.286951043859649	0.0	0.0	2	0.9949657263502792	-14.619009724586688	138.0	22	1.05	0.95				
	208	1	63.52274513999999	13.001731461403507	0.0	0.0	2	1.0022730339914163	-12.982836462641595	138.0	22	1.05	0.95				
	209	1	65.00865730701754	13.373209503157893	0.0	0.0	2	1.022840953989242	-7.533671804275033	138.0	23	1.05	0.95				
	210	1	72.43821814210524	14.859121670175437	0.0	0.0	2	1.05	-8.557605046073412	138.0	23	1.05	0.95				
	211	1	0.0	0.0	0.0	0.0	2	1.002061691735361	-5.086764970603223	230.0	23	1.05	0.95				
	212	1	0.0	0.0	0.0	0.0	2	1.006469268125399	-4.086450530479969	230.0	23	1.05	0.95				
	213	2	98.44168106491227	20.059814254736843	0.0	0.0	2	0.9949954324249315	-3.9101938278512534	230.0	24	1.05	0.95				
	214	2	72.06674010035087	14.48764362842105	0.0	0.0	2	0.9999018091187133	-3.0087560423382964	230.0	26	1.05	0.95				
	215	2	117.75853923614032	23.7745946722807	0.0	0.0	2	1.0193720997767999	2.3265856562203386	230.0	26	1.05	0.95				
	216	2	37.147804175438594	7.4295608350877185	0.0	0.0	2	1.019786493084329	2.163636562851201	230.0	26	1.05	0.95				
	217	1	0.0	0.0	0.0	0.0	2	1.0252206565275455	3.6427213425975116	230.0	27	1.05	0.95				
	218	2	123.70218790421052	25.260506839298248	0.0	0.0	2	1.0245963686913644	3.2373857024106125	230.0	27	1.05	0.95				
	219	1	67.23752555754385	13.74468754491228	0.0	0.0	2	1.0198001306174642	1.915692042030987	230.0	25	1.05	0.95				
	220	1	47.5491893445614	9.658429085614035	0.0	0.0	2	1.022034293888243	2.4364385692218224	230.0	25	1.05	0.95				
	221	2	0.0	0.0	0.0	0.0	2	1.0264426500628696	3.7357992240751057	230.0	27	1.05	0.95				
	222	2	0.0	0.0	0.0	0.0	2	1.0483372057229294	10.210271087860134	230.0	27	1.05	0.95				
	223	2	0.0	0.0	0.0	0.0	2	1.023683616902361	3.0109540150132488	230.0	25	1.05	0.95				
	224	1	0.0	0.0	0.0	0.0	2	1.0078302747176233	-0.9009282779177924	230.0	26	1.05	0.95				
	301	2	48.44795949473685	9.869028785964913	0.0	0.0	3	1.0085701963576477	-16.632604196467902	138.0	31	1.05	0.95				
	302	2	43.513445101754385	8.971844350877195	0.0	0.0	3	1.008155272740074	-16.73561848078837	138.0	32	1.05	0.95				
	303	1	80.74659915789475	16.597912049122808	0.0	0.0	3	1.0205741034489901	-11.643181899979767	138.0	31	1.05	0.95				
	304	1	33.195824098245616	6.728883263157895	0.0	0.0	3	1.0093724554757242	-15.333107694813966	138.0	31	1.05	0.95				
	305	1	31.850047445614038	6.280291045614036	0.0	0.0	3	1.023308540981613	-15.793779522723364	138.0	31	1.05	0.95				
	306	1	61.00854158596493	12.560582091228072	0.0	-100.0	3	1.0398542265162807	-15.858530233851349	138.0	32	1.05	0.95				
	307	2	56.07402719298247	11.214805438596493	0.0	0.0	3	0.9952440679075761	-20.970154013754538	138.0	32	1.05	0.95				
	308	1	76.70926920000001	15.700727614035086	0.0	0.0	3	0.9998105541620462	-18.923722023916035	138.0	32	1.05	0.95				
	309	1	78.50363807017544	16.14931983157895	0.0	0.0	3	1.0245660103592664	-12.342498747606504	138.0	33	1.05	0.95				
	310	1	87.47548242105265	17.94368870175439	0.0	0.0	3	1.05	-13.512788171900107	138.0	33	1.05	0.95				
	311	1	0.0	0.0	0.0	0.0	3	1.006238711252225	-8.180413013866264	230.0	33	1.05	0.95				
	312	1	0.0	0.0	0.0	0.0	3	1.009864317505552	-7.675257047812093	230.0	33	1.05	0.95				
	313	2	118.87693764912282	24.223979747368425	0.0	0.0	3	1.0089206279076137	-4.540173914047928	230.0	34	1.05	0.95				
	314	2	87.02689020350877	17.495096484210528	0.0	0.0	3	1.0056414220978782	-6.512213332174307	230.0	36	1.05	0.95				
	315	2	142.20373296140352	28.709901922807017	0.0	0.0	3	1.0229313200188717	-4.737212356610751	230.0	36	1.05	0.95				
	316	2	44.85922175438597	8.971844350877195	0.0	0.0	3	1.0223787013363652	-3.968736528553383	230.0	36	1.05	0.95				
	317	1	0.0	0.0	0.0	0.0	3	1.0271796810517808	-2.8657022116098156	230.0	37	1.05	0.95				
	318	2	149.38120844210528	30.504270792982464	0.0	0.0	3	1.025642160889159	-3.163252347385494	230.0	37	1.05	0.95				
	319	1	81.1951913754386	16.597912049122808	0.0	0.0	3	1.0211921489359912	-3.619862326319438	230.0	35	1.05	0.95				
	320	1	57.419803845614034	11.663397656140353	0.0	0.0	3	1.0214352765291757	-3.230799338870483	230.0	35	1.05	0.95				
	321	2	0.0	0.0	0.0	0.0	3	1.0268938766101756	-3.1457245749402634	230.0	37	1.05	0.95				
	322	2	0.0	0.0	0.0	0.0	3	1.0403479304147	1.3519577109377388	230.0	37	1.05	0.95				
	323	2	0.0	0.0	0.0	0.0	3	1.021991145752826	-2.7972208029664105	230.0	35	1.05	0.95				
	324	1	0.0	0.0	0.0	0.0	3	1.0145426348066213	-6.361272365560681	230.0	36	1.05	0.95				
	325	1	0.0	0.0	0.0	0.0	3	1.0209008183754906	-1.8095438948619027	230.0	35	1.05	0.95				
];
