%% MATPOWER Case Format : Version 2
function mpc = RTS_GMLC
mpc.version = '2';

%%-----  Power Flow Data  -----%%
%% system MVA base
mpc.baseMVA = 100.0;
%% bus data
%    bus_i    type    Pd    Qd    Gs    Bs    area    Vm    Va    baseKV    zone    Vmax    Vmin
mpc.bus = [
	101	2	47.720930248421055	9.720930235789474	0.0	0.0	1	1.029380681518081	2.279170909306196	138.0	11	1.05	0.95				
	102	2	42.860465130526315	8.837209305263158	0.0	0.0	1	1.0284265912330957	1.9828387286844742	138.0	12	1.05	0.95				
	103	1	79.53488374736843	16.348837214736843	0.0	0.0	1	1.0296402684633839	2.0466383261030083	138.0	11	1.05	0.95				
	104	1	32.697674429473686	6.627906978947369	0.0	0.0	1	1.0191412942659221	-0.9469156878565971	138.0	11	1.05	0.95				
	105	1	31.372093033684212	6.186046513684212	0.0	0.0	1	1.033574079176378	-0.8641109531970191	138.0	11	1.05	0.95				
	106	1	60.093023275789484	12.372093027368424	0.0	-100.0	1	1.0439361660575357	-3.1109977567846503	138.0	12	1.05	0.95				
	107	2	55.23255815789474	11.046511631578948	0.0	0.0	1	0.9995024099455119	-9.89667757951665	138.0	12	1.05	0.95				
	108	1	75.55813956	15.465116284210525	0.0	0.0	1	1.002584539218312	-7.9533389237730665	138.0	12	1.05	0.95				
	109	1	77.32558142105263	15.906976749473683	0.0	0.0	1	1.0248428923258897	-1.5384190276541427	138.0	13	1.05	0.95				
	110	1	86.16279072631579	17.674418610526317	0.0	0.0	1	1.05	-2.6429511074590115	138.0	13	1.05	0.95				
	111	1	0.0	0.0	0.0	0.0	1	1.006875056114011	0.5942576071652578	230.0	13	1.05	0.95				
	112	1	0.0	0.0	0.0	0.0	1	1.0107174339736624	0.41849364924928045	230.0	13	1.05	0.95				
	113	3	117.09302329473685	23.860465124210528	0.0	0.0	1	0.9991482742674281	5.185060679302529e-29	230.0	14	1.05	0.95				
	114	2	85.72093026105263	17.23255814526316	0.0	0.0	1	1.0091545530010422	3.8914318852022682	230.0	16	1.05	0.95				
	115	2	140.06976748842106	28.279069776842107	0.0	0.0	1	1.043632295056375	11.719698928254099	230.0	16	1.05	0.95				
	116	2	44.18604652631579	8.837209305263158	0.0	0.0	1	1.0400054723076857	11.072036390588508	230.0	16	1.05	0.95				
	117	1	0.0	0.0	0.0	0.0	1	1.0425273758956008	15.232528224088641	230.0	17	1.05	0.95				
	118	2	147.1395349326316	30.046511637894742	0.0	0.0	1	1.0495220592530463	15.133737186290587	230.0	17	1.05	0.95				
	119	1	79.97674421263159	16.348837214736843	0.0	0.0	1	1.0326679789354318	8.703977286062699	230.0	15	1.05	0.95				
	120	1	56.558139553684214	11.488372096842106	0.0	0.0	1	1.0303805827596855	7.48057184761473	230.0	15	1.05	0.95				
	121	2	0.0	0.0	0.0	0.0	1	1.05	16.09931727145555	230.0	17	1.05	0.95				
	122	2	0.0	0.0	0.0	0.0	1	1.05	32.991124811936956	230.0	17	1.05	0.95				
	123	2	0.0	0.0	0.0	0.0	1	1.029720270515225	7.143333518228668	230.0	15	1.05	0.95				
	124	1	0.0	0.0	0.0	0.0	1	1.0262570885559976	8.110287549305314	230.0	16	1.05	0.95				
	201	2	55.11348970105263	11.226821976140352	0.0	0.0	2	1.0270392070542365	-11.550835153995674	138.0	21	1.05	0.95				
	202	2	49.50007871298246	10.206201796491229	0.0	0.0	2	1.0277836265343123	-11.457367233248227	138.0	22	1.05	0.95				
	203	1	91.85581616842106	18.88147332350877	0.0	0.0	2	1.0168796136531826	-9.948235272456705	138.0	21	1.05	0.95				
	204	1	37.76294664701754	7.65465134736842	0.0	0.0	2	1.0168870477326153	-13.266293155125851	138.0	21	1.05	0.95				
	205	1	36.23201637754386	7.14434125754386	0.0	0.0	2	1.032108298174813	-13.583464236788561	138.0	21	1.05	0.95				
	206	1	69.40217221614036	14.28868251508772	0.0	-100.0	2	1.0424262170663694	-15.187171412359225	138.0	22	1.05	0.95				
	207	2	63.78876122807018	12.757752245614034	0.0	0.0	2	0.9894505529831292	-22.670175153196592	138.0	22	1.05	0.95				
	208	1	87.26302535999999	17.860853143859647	0.0	0.0	2	0.9932677533276186	-20.28972143465711	138.0	22	1.05	0.95				
	209	1	89.30426571929824	18.37116323368421	0.0	0.0	2	1.0230240544874916	-12.657397007173358	138.0	23	1.05	0.95				
	210	1	99.51046751578947	20.412403592982457	0.0	0.0	2	1.05	-14.014148549613676	138.0	23	1.05	0.95				
	211	1	0.0	0.0	0.0	0.0	2	1.0105271068542225	-9.50825206387456	230.0	23	1.05	0.95				
	212	1	0.0	0.0	0.0	0.0	2	1.011696739153807	-8.84466371455898	230.0	23	1.05	0.95				
	213	2	135.23217380350877	27.556744850526314	0.0	0.0	2	1.007817125892099	-8.419234921424177	230.0	24	1.05	0.95				
	214	2	99.00015742596491	19.902093503157893	0.0	0.0	2	1.01597433435284	-6.579737900548206	230.0	26	1.05	0.95				
	215	2	161.76829847438597	32.65984574877193	0.0	0.0	2	1.0311588360407973	0.9384246887282546	230.0	26	1.05	0.95				
	216	2	51.031008982456136	10.206201796491229	0.0	0.0	2	1.0335630029515823	0.660571043592212	230.0	26	1.05	0.95				
	217	1	0.0	0.0	0.0	0.0	2	1.0375140441734791	3.7809695816260778	230.0	27	1.05	0.95				
	218	2	169.93325991157894	34.70108610807018	0.0	0.0	2	1.0387591763890163	3.976356532352766	230.0	27	1.05	0.95				
	219	1	92.36612625824561	18.88147332350877	0.0	0.0	2	1.033210355039622	-0.1695260272093016	230.0	25	1.05	0.95				
	220	1	65.31969149754386	13.268062335438596	0.0	0.0	2	1.0367467943791262	0.08953600230719824	230.0	25	1.05	0.95				
	221	2	0.0	0.0	0.0	0.0	2	1.0387027432649003	3.733987266760798	230.0	27	1.05	0.95				
	222	2	0.0	0.0	0.0	0.0	2	1.05	10.253392612644346	230.0	27	1.05	0.95				
	223	2	0.0	0.0	0.0	0.0	2	1.039654117685472	0.6125576456789708	230.0	25	1.05	0.95				
	224	1	0.0	0.0	0.0	0.0	2	1.0123532081163888	-3.124602821838188	230.0	26	1.05	0.95				
	301	2	65.5824106231579	13.359379941754387	0.0	0.0	3	1.0123094233593966	-21.732117176454597	138.0	31	1.05	0.95				
	302	2	58.902720652280706	12.144890856140352	0.0	0.0	3	1.0110216365617735	-22.009679732221855	138.0	32	1.05	0.95				
	303	1	109.30401770526316	22.46804808385965	0.0	0.0	3	1.0434603624937309	-9.495998637009597	138.0	31	1.05	0.95				
	304	1	44.9360961677193	9.108668142105262	0.0	0.0	3	1.0089633937739413	-20.075458268060803	138.0	31	1.05	0.95				
	305	1	43.11436253929825	8.501423599298247	0.0	0.0	3	1.0232437069138998	-21.83314317532981	138.0	31	1.05	0.95				
	306	1	82.5852578217544	17.002847198596495	0.0	-100.0	3	1.0359480391205844	-22.562060970670142	138.0	32	1.05	0.95				
	307	2	75.9055678508772	15.18111357017544	0.0	0.0	3	0.9904490201661407	-29.305022461556124	138.0	32	1.05	0.95				
	308	1	103.83881682	21.253558998245616	0.0	0.0	3	0.9902844905302948	-26.390957218302983	138.0	32	1.05	0.95				
	309	1	106.26779499122807	21.860803541052633	0.0	0.0	3	1.0284750804612606	-16.023802489168002	138.0	33	1.05	0.95				
	310	1	118.41268584736841	24.289781712280703	0.0	0.0	3	1.05	-19.985993997696117	138.0	33	1.05	0.95				
	311	1	0.0	0.0	0.0	0.0	3	1.0194351307368856	-12.946638411061922	230.0	33	1.05	0.95				
	312	1	0.0	0.0	0.0	0.0	3	1.0199800760167281	-12.264662986267982	230.0	33	1.05	0.95				
	313	2	160.91980384385965	32.79120531157895	0.0	0.0	3	1.0257606357138154	-9.593074337839017	230.0	34	1.05	0.95				
	314	2	117.80544130456141	23.682537169473687	0.0	0.0	3	1.028567478864056	-10.848055005768156	230.0	36	1.05	0.95				
	315	2	192.49652006982456	38.863650739649124	0.0	0.0	3	1.0465005735333681	-4.9726020500122905	230.0	36	1.05	0.95				
	316	2	60.72445428070176	12.144890856140352	0.0	0.0	3	1.0470409022450826	-4.2231179898576805	230.0	36	1.05	0.95				
	317	1	0.0	0.0	0.0	0.0	3	1.05	-1.1393025119404319	230.0	37	1.05	0.95				
	318	2	202.21243275473685	41.2926289108772	0.0	0.0	3	1.0447718045338181	-2.4692929980704847	230.0	37	1.05	0.95				
	319	1	109.91126224807017	22.46804808385965	0.0	0.0	3	1.0444501648515478	-5.330031387806076	230.0	35	1.05	0.95				
	320	1	77.72730147929825	15.788358112982456	0.0	0.0	3	1.047155233905832	-5.154820087035431	230.0	35	1.05	0.95				
	321	2	0.0	0.0	0.0	0.0	3	1.0464135033128996	-2.7257787529376265	230.0	37	1.05	0.95				
	322	2	0.0	0.0	0.0	0.0	3	1.05	2.239650963950473	230.0	37	1.05	0.95				
	323	2	0.0	0.0	0.0	0.0	3	1.049999973307097	-4.615473746204746	230.0	35	1.05	0.95				
	324	1	0.0	0.0	0.0	0.0	3	1.038341788059126	-6.672228901895584	230.0	36	1.05	0.95				
	325	1	0.0	0.0	0.0	0.0	3	1.042103504765606	-2.9379089505174822	230.0	35	1.05	0.95				
];
