%% MATPOWER Case Format : Version 2
function mpc = RTS_GMLC
mpc.version = '2';

%%-----  Power Flow Data  -----%%
%% system MVA base
mpc.baseMVA = 100.0;
%% bus data
%    bus_i    type    Pd    Qd    Gs    Bs    area    Vm    Va    baseKV    zone    Vmax    Vmin
mpc.bus = [
	101	2	68.86937160000001	14.028946066666666	0.0	0.0	1	1.0322003980519752	0.19194450211278014	138.0	11	1.05	0.95				
	102	2	61.85489856666667	12.753587333333336	0.0	0.0	1	1.0322553039454805	0.1625650874560356	138.0	12	1.05	0.95				
	103	1	114.782286	23.59413656666667	0.0	0.0	1	1.0227600947647402	-1.6721748022661787	138.0	11	1.05	0.95				
	104	1	47.18827313333334	9.5651905	0.0	0.0	1	1.0179203987965375	-2.9765071123952	138.0	11	1.05	0.95				
	105	1	45.27523503333333	8.927511133333335	0.0	0.0	1	1.032526562957374	-2.8672111182121323	138.0	11	1.05	0.95				
	106	1	86.72439386666667	17.85502226666667	0.0	-100.0	1	1.0392976301044718	-5.161033571550728	138.0	12	1.05	0.95				
	107	2	79.70992083333334	15.941984166666668	0.0	0.0	1	1.0467956517563817	-0.6921207557160838	138.0	12	1.05	0.95				
	108	1	109.0431717	22.318777833333332	0.0	0.0	1	1.0267694243554313	-3.829762825988234	138.0	12	1.05	0.95				
	109	1	111.59388916666666	22.9564572	0.0	0.0	1	1.02646779863722	-2.9632229122947096	138.0	13	1.05	0.95				
	110	1	124.3474765	25.50717466666667	0.0	0.0	1	1.05	-3.9538570507712603	138.0	13	1.05	0.95				
	111	1	0.0	0.0	0.0	0.0	1	1.0094130199029654	-0.9762196725049115	230.0	13	1.05	0.95				
	112	1	0.0	0.0	0.0	0.0	1	1.0138415584792195	0.03174875218910045	230.0	13	1.05	0.95				
	113	3	168.98503216666668	34.434685800000004	0.0	0.0	1	1.0068842577427632	-5.107150238435703e-29	230.0	14	1.05	0.95				
	114	2	123.70979713333334	24.869495300000004	0.0	0.0	1	1.0073826976786613	0.7429078336359536	230.0	16	1.05	0.95				
	115	2	202.14435923333332	40.81147946666667	0.0	0.0	1	1.0420717520199576	6.947893966812126	230.0	16	1.05	0.95				
	116	2	63.76793666666667	12.753587333333336	0.0	0.0	1	1.0395170730959844	6.969968125182101	230.0	16	1.05	0.95				
	117	1	0.0	0.0	0.0	0.0	1	1.0458415986515537	9.09547441755504	230.0	17	1.05	0.95				
	118	2	212.34722910000002	43.36219693333334	0.0	0.0	1	1.0482437415360795	9.34246172755871	230.0	17	1.05	0.95				
	119	1	115.41996536666667	23.59413656666667	0.0	0.0	1	1.0347332063496164	6.463490154985137	230.0	15	1.05	0.95				
	120	1	81.62295893333334	16.579663533333335	0.0	0.0	1	1.035873356429616	7.238447113473446	230.0	15	1.05	0.95				
	121	2	0.0	0.0	0.0	0.0	1	1.05	9.443118407077257	230.0	17	1.05	0.95				
	122	2	0.0	0.0	0.0	0.0	1	1.05	15.863484867957258	230.0	17	1.05	0.95				
	123	2	0.0	0.0	0.0	0.0	1	1.0382406154719837	8.139569782156974	230.0	15	1.05	0.95				
	124	1	0.0	0.0	0.0	0.0	1	1.0239204053553312	3.752327312802448	230.0	16	1.05	0.95				
	201	2	70.36234848000001	14.333070986666668	0.0	0.0	2	1.0328841405650981	-7.79529555621826	138.0	21	1.05	0.95				
	202	2	63.19581298666667	13.030064533333336	0.0	0.0	2	1.032974477333278	-7.881616663622966	138.0	22	1.05	0.95				
	203	1	117.27058080000002	24.105619386666667	0.0	0.0	2	1.027780517856491	-5.1946394486073455	138.0	21	1.05	0.95				
	204	1	48.211238773333335	9.7725484	0.0	0.0	2	1.0177933335689213	-9.86650834239299	138.0	21	1.05	0.95				
	205	1	46.256729093333334	9.121045173333336	0.0	0.0	2	1.0330331255149163	-10.224810985706304	138.0	21	1.05	0.95				
	206	1	88.60443882666668	18.24209034666667	0.0	-100.0	2	1.0394757011328026	-12.202226186331231	138.0	22	1.05	0.95				
	207	2	81.43790333333334	16.287580666666667	0.0	0.0	2	0.9818500837926326	-21.952837593818266	138.0	22	1.05	0.95				
	208	1	111.40705176	22.802612933333332	0.0	0.0	2	0.9826221684725192	-18.786959476285432	138.0	22	1.05	0.95				
	209	1	114.01306466666668	23.45411616	0.0	0.0	2	1.0255317593213842	-8.84834375565245	138.0	23	1.05	0.95				
	210	1	127.04312920000001	26.060129066666672	0.0	0.0	2	1.05	-10.630160198043237	138.0	23	1.05	0.95				
	211	1	0.0	0.0	0.0	0.0	2	1.0182737019804198	-4.7587099591328315	230.0	23	1.05	0.95				
	212	1	0.0	0.0	0.0	0.0	2	1.0186509628585607	-4.093399285663141	230.0	23	1.05	0.95				
	213	2	172.64835506666668	35.181174240000004	0.0	0.0	2	1.0233734483993018	-1.8931567796886088	230.0	24	1.05	0.95				
	214	2	126.39162597333333	25.408625840000003	0.0	0.0	2	1.0277180846506526	-2.3239877917204725	230.0	26	1.05	0.95				
	215	2	206.52652285333332	41.69620650666667	0.0	0.0	2	1.0430152433114723	5.207668181781516	230.0	26	1.05	0.95				
	216	2	65.15032266666667	13.030064533333336	0.0	0.0	2	1.045293538206925	5.063092519710378	230.0	26	1.05	0.95				
	217	1	0.0	0.0	0.0	0.0	2	1.0476360160926912	8.42623366832672	230.0	27	1.05	0.95				
	218	2	216.95057448000003	44.30221941333334	0.0	0.0	2	1.0499573154653894	9.34110795216401	230.0	27	1.05	0.95				
	219	1	117.92208402666668	24.105619386666667	0.0	0.0	2	1.042960119035424	3.7056061227666093	230.0	25	1.05	0.95				
	220	1	83.39241301333334	16.939083893333333	0.0	0.0	2	1.0465095614526645	3.7487249564657	230.0	25	1.05	0.95				
	221	2	0.0	0.0	0.0	0.0	2	1.05	9.677354617877544	230.0	27	1.05	0.95				
	222	2	0.0	0.0	0.0	0.0	2	1.05	15.698134833595295	230.0	27	1.05	0.95				
	223	2	0.0	0.0	0.0	0.0	2	1.05	4.247239667389355	230.0	25	1.05	0.95				
	224	1	0.0	0.0	0.0	0.0	2	1.024303242298428	1.3293400102642006	230.0	26	1.05	0.95				
	301	2	61.73869028210527	12.576399872280703	0.0	0.0	3	1.006552668940921	-30.06485469140992	138.0	31	1.05	0.95				
	302	2	55.45049034596491	11.433090792982457	0.0	0.0	3	1.0058652177625744	-30.21512528856582	138.0	32	1.05	0.95				
	303	1	102.89781713684212	21.151217967017544	0.0	0.0	3	1.0233291652922663	-22.585899867270363	138.0	31	1.05	0.95				
	304	1	42.30243593403509	8.574818094736843	0.0	0.0	3	1.0067979701169647	-28.27723631372075	138.0	31	1.05	0.95				
	305	1	40.587472315087716	8.00316355508772	0.0	0.0	3	1.0204139891511068	-29.22993506102829	138.0	31	1.05	0.95				
	306	1	77.74501739228072	16.00632711017544	0.0	-100.0	3	1.0356250862163003	-29.404094070872354	138.0	32	1.05	0.95				
	307	2	71.45681745614036	14.29136349122807	0.0	0.0	3	1.0054418529302458	-30.250715698688587	138.0	32	1.05	0.95				
	308	1	97.75292628	20.007908887719296	0.0	0.0	3	1.0040970693415527	-30.028565632560287	138.0	32	1.05	0.95				
	309	1	100.03954443859651	20.579563427368424	0.0	0.0	3	1.0273770081809077	-24.365144447755117	138.0	33	1.05	0.95				
	310	1	111.47263523157895	22.866181585964913	0.0	0.0	3	1.05	-26.56009222815024	138.0	33	1.05	0.95				
	311	1	0.0	0.0	0.0	0.0	3	1.016245390277699	-19.755926416300063	230.0	33	1.05	0.95				
	312	1	0.0	0.0	0.0	0.0	3	1.0167365893644182	-19.198532337435914	230.0	33	1.05	0.95				
	313	2	151.48845300701754	30.869345141052634	0.0	0.0	3	1.0217315027181202	-16.228237965500835	230.0	34	1.05	0.95				
	314	2	110.90098069192982	22.29452704631579	0.0	0.0	3	1.0257018967344802	-17.154672650355977	230.0	36	1.05	0.95				
	315	2	181.21448906877194	36.58589053754386	0.0	0.0	3	1.0475421391096993	-10.390862818443262	230.0	36	1.05	0.95				
	316	2	57.16545396491228	11.433090792982457	0.0	0.0	3	1.0474372356198092	-10.070687028179472	230.0	36	1.05	0.95				
	317	1	0.0	0.0	0.0	0.0	3	1.0492139396165467	-7.319751091080708	230.0	37	1.05	0.95				
	318	2	190.3609617031579	38.87250869614036	0.0	0.0	3	1.0496736834069407	-6.786191491214895	230.0	37	1.05	0.95				
	319	1	103.46947167649122	21.151217967017544	0.0	0.0	3	1.0439175700719976	-11.323459792780923	230.0	35	1.05	0.95				
	320	1	73.17178107508772	14.863018030877196	0.0	0.0	3	1.0454689150036636	-11.340853573467113	230.0	35	1.05	0.95				
	321	2	0.0	0.0	0.0	0.0	3	1.05	-6.340500878910928	230.0	37	1.05	0.95				
	322	2	0.0	0.0	0.0	0.0	3	1.05	-0.9488183523266177	230.0	37	1.05	0.95				
	323	2	0.0	0.0	0.0	0.0	3	1.047478449709254	-10.930401712494128	230.0	35	1.05	0.95				
	324	1	0.0	0.0	0.0	0.0	3	1.0230954643901922	-14.90295018751572	230.0	36	1.05	0.95				
	325	1	0.0	0.0	0.0	0.0	3	1.0400190800608067	-9.274084710628117	230.0	35	1.05	0.95				
];
