%% MATPOWER Case Format : Version 2
function mpc = RTS_GMLC
mpc.version = '2';

%%-----  Power Flow Data  -----%%
%% system MVA base
mpc.baseMVA = 100.0;
%% bus data
%    bus_i    type    Pd    Qd    Gs    Bs    area    Vm    Va    baseKV    zone    Vmax    Vmin
mpc.bus = [
	101	2	45.89064818526317	9.348095000701756	0.0	0.0	1	1.018567875575292	1.9113805849457626	138.0	11	1.05	0.95				
	102	2	41.21660068491229	8.498268182456142	0.0	0.0	1	1.017407940361812	1.615545268629734	138.0	12	1.05	0.95				
	103	1	76.48441364210528	15.721796137543862	0.0	0.0	1	1.02821642662783	1.3380994012442446	138.0	11	1.05	0.95				
	104	1	31.443592275087724	6.373701136842105	0.0	0.0	1	1.0149197592116526	-1.5112529130399053	138.0	11	1.05	0.95				
	105	1	30.1688520477193	5.948787727719299	0.0	0.0	1	1.0281434989113463	-1.394430450969749	138.0	11	1.05	0.95				
	106	1	57.788223640701766	11.897575455438599	0.0	-100.0	1	1.0416013535795412	-3.7040033888349075	138.0	12	1.05	0.95				
	107	2	53.11417614035088	10.622835228070176	0.0	0.0	1	0.9868507573574875	-11.019692909298154	138.0	12	1.05	0.95				
	108	1	72.66019296	14.871969319298245	0.0	0.0	1	0.9957026474250903	-8.845393575919786	138.0	12	1.05	0.95				
	109	1	74.35984659649124	15.296882728421055	0.0	0.0	1	1.025852786886541	-2.297011790257248	138.0	13	1.05	0.95				
	110	1	82.85811477894738	16.996536364912284	0.0	0.0	1	1.05	-3.3498221315950483	138.0	13	1.05	0.95				
	111	1	0.0	0.0	0.0	0.0	1	1.0158494442442303	-0.018521464472047246	230.0	13	1.05	0.95				
	112	1	0.0	0.0	0.0	0.0	1	1.0134608542992984	-0.6630442643007929	230.0	13	1.05	0.95				
	113	3	112.60205341754386	22.945324092631584	0.0	0.0	1	0.9977483156599434	5.7183534683764574e-33	230.0	14	1.05	0.95				
	114	2	82.43320136982457	16.571622955789476	0.0	0.0	1	1.0355176608050367	2.7533119893777145	230.0	16	1.05	0.95				
	115	2	134.69755069192985	27.194458183859656	0.0	0.0	1	1.0439319220880778	10.677179678617534	230.0	16	1.05	0.95				
	116	2	42.491340912280705	8.498268182456142	0.0	0.0	1	1.0431835430994545	9.316342921466509	230.0	16	1.05	0.95				
	117	1	0.0	0.0	0.0	0.0	1	1.0423311335819674	14.554691374296603	230.0	17	1.05	0.95				
	118	2	141.49616523789476	28.894111820350883	0.0	0.0	1	1.05	14.81515096085483	230.0	17	1.05	0.95				
	119	1	76.90932705122808	15.721796137543862	0.0	0.0	1	1.0377950249517705	5.993763357761594	230.0	15	1.05	0.95				
	120	1	54.38891636771931	11.047748637192983	0.0	0.0	1	1.038258128214975	3.905530792411431	230.0	15	1.05	0.95				
	121	2	0.0	0.0	0.0	0.0	1	1.0433315877399192	16.12962005698595	230.0	17	1.05	0.95				
	122	2	0.0	0.0	0.0	0.0	1	1.05	34.090236499417756	230.0	17	1.05	0.95				
	123	2	0.0	0.0	0.0	0.0	1	1.039251732919338	3.076806790233244	230.0	15	1.05	0.95				
	124	1	0.0	0.0	0.0	0.0	1	1.0262980526323549	7.199351186284224	230.0	16	1.05	0.95				
	201	2	47.837557061052635	9.744687549473683	0.0	0.0	2	1.0129226803586928	-15.865033821697414	138.0	21	1.05	0.95				
	202	2	42.96521328631579	8.858806863157895	0.0	0.0	2	1.0126935817415448	-16.029641450703576	138.0	22	1.05	0.95				
	203	1	79.72926176842104	16.388792696842106	0.0	0.0	2	1.0116192344014452	-12.103092399288013	138.0	21	1.05	0.95				
	204	1	32.77758539368421	6.64410514736842	0.0	0.0	2	1.0111463816114477	-16.148568030574406	138.0	21	1.05	0.95				
	205	1	31.448764364210525	6.201164804210527	0.0	0.0	2	1.0260374437141078	-16.609269429775686	138.0	21	1.05	0.95				
	206	1	60.239886669473684	12.402329608421054	0.0	-100.0	2	1.041132196438652	-17.52624354696891	138.0	22	1.05	0.95				
	207	2	55.36754289473684	11.073508578947369	0.0	0.0	2	0.991686390012348	-23.152653079471882	138.0	22	1.05	0.95				
	208	1	75.74279867999999	15.502912010526316	0.0	0.0	2	0.997409090879465	-21.138167157650166	138.0	22	1.05	0.95				
	209	1	77.51456005263158	15.94585235368421	0.0	0.0	2	1.022679641709535	-14.407957145787117	138.0	23	1.05	0.95				
	210	1	86.37336691578946	17.71761372631579	0.0	0.0	2	1.05	-15.928526157020206	138.0	23	1.05	0.95				
	211	1	0.0	0.0	0.0	0.0	2	1.0090634164971886	-11.257397790461935	230.0	23	1.05	0.95				
	212	1	0.0	0.0	0.0	0.0	2	1.0119495248602504	-10.343131666581288	230.0	23	1.05	0.95				
	213	2	117.37919093684211	23.918778530526318	0.0	0.0	2	1.0093057162532912	-9.744621101703443	230.0	24	1.05	0.95				
	214	2	85.93042657263157	17.274673383157893	0.0	0.0	2	1.0108482422908578	-8.595473425163439	230.0	26	1.05	0.95				
	215	2	140.41208878105263	28.34818196210526	0.0	0.0	2	1.0261621883579608	-1.917631386463305	230.0	26	1.05	0.95				
	216	2	44.294034315789474	8.858806863157895	0.0	0.0	2	1.0292975049508442	-2.160628467922161	230.0	26	1.05	0.95				
	217	1	0.0	0.0	0.0	0.0	2	1.034273543593376	-0.4138113237905722	230.0	27	1.05	0.95				
	218	2	147.49913427157895	30.119943334736842	0.0	0.0	2	1.0323636710271122	-0.9889514247872021	230.0	27	1.05	0.95				
	219	1	80.17220211157895	16.388792696842106	0.0	0.0	2	1.0324377921588743	-2.155769099568882	230.0	25	1.05	0.95				
	220	1	56.69636392421052	11.516448922105264	0.0	0.0	2	1.038178277749416	-1.3002159057467717	230.0	25	1.05	0.95				
	221	2	0.0	0.0	0.0	0.0	2	1.0331474969857308	-0.4944324238089366	230.0	27	1.05	0.95				
	222	2	0.0	0.0	0.0	0.0	2	1.05	6.0334915007992835	230.0	27	1.05	0.95				
	223	2	0.0	0.0	0.0	0.0	2	1.0421652673325592	-0.5032135735344168	230.0	25	1.05	0.95				
	224	1	0.0	0.0	0.0	0.0	2	1.0081802559668442	-5.716363179818322	230.0	26	1.05	0.95				
	301	2	66.47073711157894	13.540335337543857	0.0	0.0	3	1.0355724347564714	-11.665861577601133	138.0	31	1.05	0.95				
	302	2	59.70056944280701	12.309395761403508	0.0	0.0	3	1.030759445046061	-12.024900176220216	138.0	32	1.05	0.95				
	303	1	110.78456185263157	22.77238215859649	0.0	0.0	3	1.05	4.737943251632637	138.0	31	1.05	0.95				
	304	1	45.54476431719298	9.23204682105263	0.0	0.0	3	1.0107110549491218	-10.39813870982087	138.0	31	1.05	0.95				
	305	1	43.69835495298245	8.616577032982455	0.0	0.0	3	1.0323365692338549	-12.270201396740264	138.0	31	1.05	0.95				
	306	1	83.70389117754385	17.23315406596491	0.0	-100.0	3	1.0360712908051006	-13.305795970261254	138.0	32	1.05	0.95				
	307	2	76.93372350877192	15.386744701754385	0.0	0.0	3	0.9518250046001051	-11.972719160788353	138.0	32	1.05	0.95				
	308	1	105.24533375999998	21.54144258245614	0.0	0.0	3	0.967647806834379	-12.666200397989678	138.0	32	1.05	0.95				
	309	1	107.7072129122807	22.156912370526314	0.0	0.0	3	1.0153981640513918	-6.4902578418331505	138.0	33	1.05	0.95				
	310	1	120.0166086736842	24.618791522807015	0.0	0.0	3	1.0442525352823835	-10.921378865114256	138.0	33	1.05	0.95				
	311	1	0.0	0.0	0.0	0.0	3	1.0094270629380517	-5.365776760173864	230.0	33	1.05	0.95				
	312	1	0.0	0.0	0.0	0.0	3	1.0093002531106765	-4.637706374980501	230.0	33	1.05	0.95				
	313	2	163.0994938385965	33.23536855578947	0.0	0.0	3	1.00843801904302	-2.4977732957903487	230.0	34	1.05	0.95				
	314	2	119.40113888561402	24.00332173473684	0.0	0.0	3	1.0180762950983702	-4.491310909158856	230.0	36	1.05	0.95				
	315	2	195.1039228182456	39.390066436491225	0.0	0.0	3	1.0434949557074311	0.7971704700622846	230.0	36	1.05	0.95				
	316	2	61.54697880701754	12.309395761403508	0.0	0.0	3	1.05	0.4402949918989281	230.0	36	1.05	0.95				
	317	1	0.0	0.0	0.0	0.0	3	1.05	5.557055853220918	230.0	37	1.05	0.95				
	318	2	204.95143942736843	41.851945588771926	0.0	0.0	3	1.0402639674362089	3.3456455901925124	230.0	37	1.05	0.95				
	319	1	111.40003164070176	22.77238215859649	0.0	0.0	3	1.0378408939643338	-0.5124850352327746	230.0	35	1.05	0.95				
	320	1	78.78013287298245	16.00221448982456	0.0	0.0	3	1.0323401834615917	-0.18112418076867254	230.0	35	1.05	0.95				
	321	2	0.0	0.0	0.0	0.0	3	1.0414725675929006	3.125932194913158	230.0	37	1.05	0.95				
	322	2	0.0	0.0	0.0	0.0	3	1.05	8.417144355169755	230.0	37	1.05	0.95				
	323	2	0.0	0.0	0.0	0.0	3	1.0308083636392031	0.4692776597785169	230.0	35	1.05	0.95				
	324	1	0.0	0.0	0.0	0.0	3	1.0431435983986974	2.3069736471468656	230.0	36	1.05	0.95				
	325	1	0.0	0.0	0.0	0.0	3	1.0270641709184851	1.7731874298346502	230.0	35	1.05	0.95				
];
