%% MATPOWER Case Format : Version 2
function mpc = RTS_GMLC
mpc.version = '2';

%%-----  Power Flow Data  -----%%
%% system MVA base
mpc.baseMVA = 100.0;
%% bus data
%    bus_i    type    Pd    Qd    Gs    Bs    area    Vm    Va    baseKV    zone    Vmax    Vmin
mpc.bus = [
	101	2	48.61603167157895	9.903265710877193	0.0	0.0	1	1.05	3.43043164469683	138.0	11	1.05	0.95				
	102	2	43.664398816140356	9.002968828070177	0.0	0.0	1	1.0499900412654353	3.1093440419660294	138.0	12	1.05	0.95				
	103	1	81.02671945263158	16.655492331929825	0.0	0.0	1	1.013267522024964	0.6224486074234995	138.0	11	1.05	0.95				
	104	1	33.31098466385965	6.752226621052632	0.0	0.0	1	1.0277685606538949	-0.4925855021206083	138.0	11	1.05	0.95				
	105	1	31.960539339649124	6.302078179649123	0.0	0.0	1	1.043212601686787	-0.5539305296339461	138.0	11	1.05	0.95				
	106	1	61.220188030877196	12.604156359298246	0.0	-100.0	1	1.0482350887737455	-3.2961187955158824	138.0	12	1.05	0.95				
	107	2	56.26855517543859	11.25371103508772	0.0	0.0	1	1.004519107220364	-11.164678495902736	138.0	12	1.05	0.95				
	108	1	76.97538348	15.755195449122809	0.0	0.0	1	1.0040284410420948	-9.044749669235824	138.0	12	1.05	0.95				
	109	1	78.77597724561404	16.205343890526315	0.0	0.0	1	1.0204656611394842	-2.485794401277884	138.0	13	1.05	0.95				
	110	1	87.77894607368421	18.005937656140354	0.0	0.0	1	1.05	-3.2524577547025024	138.0	13	1.05	0.95				
	111	1	0.0	0.0	0.0	0.0	1	1.000428184409121	-0.6721545491993701	230.0	13	1.05	0.95				
	112	1	0.0	0.0	0.0	0.0	1	1.0068350252186737	-0.8496091743355724	230.0	13	1.05	0.95				
	113	3	119.28933697192983	24.308015835789476	0.0	0.0	1	1.0005427345650906	-4.8446605437959353e-29	230.0	14	1.05	0.95				
	114	2	87.32879763228071	17.555789214736844	0.0	0.0	1	0.9892348565302402	1.0857216965849077	230.0	16	1.05	0.95				
	115	2	142.6970559249123	28.809500249824566	0.0	0.0	1	0.992118381141765	7.698783557003368	230.0	16	1.05	0.95				
	116	2	45.01484414035088	9.002968828070177	0.0	0.0	1	0.9933726432933383	6.48746986822293	230.0	16	1.05	0.95				
	117	1	0.0	0.0	0.0	0.0	1	0.9942295780717729	10.177560756882011	230.0	17	1.05	0.95				
	118	2	149.89943098736842	30.610094015438598	0.0	0.0	1	0.9928978959184558	10.99466183209565	230.0	17	1.05	0.95				
	119	1	81.4768678940351	16.655492331929825	0.0	0.0	1	0.9943096607539864	4.015445444890152	230.0	15	1.05	0.95				
	120	1	57.61900049964913	11.70385947649123	0.0	0.0	1	0.9994148140061639	2.7050061415659923	230.0	15	1.05	0.95				
	121	2	0.0	0.0	0.0	0.0	1	0.9960807430910518	12.784356060514957	230.0	17	1.05	0.95				
	122	2	0.0	0.0	0.0	0.0	1	1.0181733784811755	18.916132155591523	230.0	17	1.05	0.95				
	123	2	0.0	0.0	0.0	0.0	1	1.002983818003945	2.35096255945193	230.0	15	1.05	0.95				
	124	1	0.0	0.0	0.0	0.0	1	0.991231589869465	4.955585794314519	230.0	16	1.05	0.95				
	201	2	47.03856445894737	9.58192979719298	0.0	0.0	2	1.008564340343735	-15.795442543531887	138.0	21	1.05	0.95				
	202	2	42.24759956035087	8.710845270175438	0.0	0.0	2	1.0076898598346533	-16.09214328303437	138.0	22	1.05	0.95				
	203	1	78.39760743157895	16.11506374982456	0.0	0.0	2	1.015571029043172	-11.373537564367883	138.0	21	1.05	0.95				
	204	1	32.23012749964912	6.533133952631578	0.0	0.0	2	1.0095527434013563	-15.586025770044984	138.0	21	1.05	0.95				
	205	1	30.923500709122802	6.097591689122807	0.0	0.0	2	1.023871236039298	-16.078347380671634	138.0	21	1.05	0.95				
	206	1	59.233747837192986	12.195183378245614	0.0	-100.0	2	1.0401807419087277	-16.775044133171104	138.0	22	1.05	0.95				
	207	2	54.44278293859649	10.888556587719297	0.0	0.0	2	0.9905476373620827	-21.97330616369939	138.0	22	1.05	0.95				
	208	1	74.47772705999999	15.243979222807017	0.0	0.0	2	0.9973454311608966	-20.007931958627726	138.0	22	1.05	0.95				
	209	1	76.21989611403508	15.679521486315787	0.0	0.0	2	1.0239695609649178	-13.370286528699141	138.0	23	1.05	0.95				
	210	1	84.93074138421052	17.421690540350877	0.0	0.0	2	1.05	-14.956080636711976	138.0	23	1.05	0.95				
	211	1	0.0	0.0	0.0	0.0	2	1.0089005912393523	-10.033953012511683	230.0	23	1.05	0.95				
	212	1	0.0	0.0	0.0	0.0	2	1.0138083787299184	-9.01892027919493	230.0	23	1.05	0.95				
	213	2	115.41869982982456	23.519282229473685	0.0	0.0	2	1.0115663150461012	-8.310743478028863	230.0	24	1.05	0.95				
	214	2	84.49519912070174	16.986148276842105	0.0	0.0	2	1.008574532435475	-7.329207768543541	230.0	26	1.05	0.95				
	215	2	138.0668975322807	27.8747048645614	0.0	0.0	2	1.025879268926066	-0.5897486098308217	230.0	26	1.05	0.95				
	216	2	43.55422635087719	8.710845270175438	0.0	0.0	2	1.0280198446417108	-0.8931265794444804	230.0	26	1.05	0.95				
	217	1	0.0	0.0	0.0	0.0	2	1.0276867982335258	0.4974762155728309	230.0	27	1.05	0.95				
	218	2	145.03557374842103	29.616873918596493	0.0	0.0	2	1.0272746269920559	0.03729458024600618	230.0	27	1.05	0.95				
	219	1	78.83314969508771	16.11506374982456	0.0	0.0	2	1.035077774935648	-0.6668729668414715	230.0	25	1.05	0.95				
	220	1	55.7494097291228	11.324098851228069	0.0	0.0	2	1.044158474342995	0.3582938998996543	230.0	25	1.05	0.95				
	221	2	0.0	0.0	0.0	0.0	2	1.0301431337334042	0.6275737000015451	230.0	27	1.05	0.95				
	222	2	0.0	0.0	0.0	0.0	2	1.0499999918835226	7.068120106887162	230.0	27	1.05	0.95				
	223	2	0.0	0.0	0.0	0.0	2	1.05	1.2344268170316601	230.0	25	1.05	0.95				
	224	1	0.0	0.0	0.0	0.0	2	1.0087533172085301	-4.629743823808996	230.0	26	1.05	0.95				
	301	2	53.38500476210527	10.874723192280701	0.0	0.0	3	1.0470566991701338	13.00454312976524	138.0	31	1.05	0.95				
	302	2	47.94764316596491	9.886111992982457	0.0	0.0	3	1.0420972747034734	12.676609174137814	138.0	32	1.05	0.95				
	303	1	88.9750079368421	18.289307187017542	0.0	0.0	3	1.0486494981135945	28.3948373515688	138.0	31	1.05	0.95				
	304	1	36.578614374035084	7.414583994736841	0.0	0.0	3	1.0195010818869217	13.987298040886202	138.0	31	1.05	0.95				
	305	1	35.09569757508771	6.9202783950877205	0.0	0.0	3	1.0428122987807553	12.053395146777444	138.0	31	1.05	0.95				
	306	1	67.22556155228071	13.840556790175441	0.0	-100.0	3	1.0468557876673663	10.935909902105823	138.0	32	1.05	0.95				
	307	2	61.78819995614035	12.35763999122807	0.0	0.0	3	0.95	7.035250940713211	138.0	32	1.05	0.95				
	308	1	84.52625753999999	17.300695987719298	0.0	0.0	3	0.9700276860738136	8.79965707365607	138.0	32	1.05	0.95				
	309	1	86.50347993859648	17.795001587368418	0.0	0.0	3	1.0167092780126064	17.12885009483416	138.0	33	1.05	0.95				
	310	1	96.38959193157895	19.772223985964914	0.0	0.0	3	1.05	12.634991435545077	138.0	33	1.05	0.95				
	311	1	0.0	0.0	0.0	0.0	3	1.002516871477684	16.103816207094486	230.0	33	1.05	0.95				
	312	1	0.0	0.0	0.0	0.0	3	1.0078396875416906	16.737363114651533	230.0	33	1.05	0.95				
	313	2	130.99098390701752	26.692502381052634	0.0	0.0	3	1.0038239259604957	19.075237539370573	230.0	34	1.05	0.95				
	314	2	95.89528633192982	19.27791838631579	0.0	0.0	3	0.9939785057046903	14.8459781416429	230.0	36	1.05	0.95				
	315	2	156.6948750887719	31.63555837754386	0.0	0.0	3	1.0393172827045234	12.685531925808517	230.0	36	1.05	0.95				
	316	2	49.43055996491228	9.886111992982457	0.0	0.0	3	1.0197292082477145	12.443970158124978	230.0	36	1.05	0.95				
	317	1	0.0	0.0	0.0	0.0	3	1.040928119363032	11.830706070842009	230.0	37	1.05	0.95				
	318	2	164.6037646831579	33.612780776140355	0.0	0.0	3	1.0484890524236286	10.599854359348512	230.0	37	1.05	0.95				
	319	1	89.46931353649123	18.289307187017542	0.0	0.0	3	1.0118419306431734	13.489977489232624	230.0	35	1.05	0.95				
	320	1	63.27111675508772	12.851945590877193	0.0	0.0	3	1.006316254630213	14.276828113021221	230.0	35	1.05	0.95				
	321	2	0.0	0.0	0.0	0.0	3	1.05	11.824853915908554	230.0	37	1.05	0.95				
	322	2	0.0	0.0	0.0	0.0	3	1.05	16.16362831965124	230.0	37	1.05	0.95				
	323	2	0.0	0.0	0.0	0.0	3	1.0037132985797321	14.832297568333827	230.0	35	1.05	0.95				
	324	1	0.0	0.0	0.0	0.0	3	1.0388382791414608	19.992934050605733	230.0	36	1.05	0.95				
	325	1	0.0	0.0	0.0	0.0	3	1.0042030425198203	14.656919726585015	230.0	35	1.05	0.95				
];
