%% MATPOWER Case Format : Version 2
function mpc = RTS_GMLC
mpc.version = '2';

%%-----  Power Flow Data  -----%%
%% system MVA base
mpc.baseMVA = 100.0;
%% bus data
%    bus_i    type    Pd    Qd    Gs    Bs    area    Vm    Va    baseKV    zone    Vmax    Vmin
mpc.bus = [
	101	2	34.908955961684214	7.111083621824561	0.0	0.0	1	0.991190952072083	-5.3473718330048525	138.0	11	1.05	0.95				
	102	2	31.35341415077193	6.464621474385966	0.0	0.0	1	0.9910222147466117	-5.507961418018775	138.0	12	1.05	0.95				
	103	1	58.18159326947369	11.959549727614036	0.0	0.0	1	1.0228779124663792	0.7827880261666931	138.0	11	1.05	0.95				
	104	1	23.91909945522807	4.848466105789473	0.0	0.0	1	1.0049613820744314	-4.8131693723528635	138.0	11	1.05	0.95				
	105	1	22.949406234070178	4.525235032070176	0.0	0.0	1	1.016580020027896	-5.565413472340305	138.0	11	1.05	0.95				
	106	1	43.95942602582457	9.050470064140352	0.0	-100.0	1	1.0393153610749264	-6.112561333148263	138.0	12	1.05	0.95				
	107	2	40.40388421491228	8.080776842982457	0.0	0.0	1	0.9890403459574826	-9.803497326471792	138.0	12	1.05	0.95				
	108	1	55.272513606000004	11.31308758017544	0.0	0.0	1	1.0009957436909236	-8.262385728499737	138.0	12	1.05	0.95				
	109	1	56.5654379008772	11.636318653894737	0.0	0.0	1	1.0252052746049616	-2.9051444881878625	138.0	13	1.05	0.95				
	110	1	63.03005937526316	12.929242948771932	0.0	0.0	1	1.05	-4.723867088502105	138.0	13	1.05	0.95				
	111	1	0.0	0.0	0.0	0.0	1	1.014785108355083	0.028540989090236633	230.0	13	1.05	0.95				
	112	1	0.0	0.0	0.0	0.0	1	1.0110725992213399	-1.1549282324260548	230.0	13	1.05	0.95				
	113	3	85.65623453561403	17.454477980842107	0.0	0.0	1	0.9951277950468261	6.050102204421468e-29	230.0	14	1.05	0.95				
	114	2	62.70682830154386	12.606011875052634	0.0	0.0	1	1.0390858059977548	3.85103783943556	230.0	16	1.05	0.95				
	115	2	102.46425036901753	20.68678871803509	0.0	0.0	1	1.0401925542143426	13.054937250673767	230.0	16	1.05	0.95				
	116	2	32.32310737192983	6.464621474385966	0.0	0.0	1	1.0398403359177057	11.329367384384726	230.0	16	1.05	0.95				
	117	1	0.0	0.0	0.0	0.0	1	1.039273855698641	17.2179817797978	230.0	17	1.05	0.95				
	118	2	107.63594754852632	21.979713012912285	0.0	0.0	1	1.047803807455697	17.769877464811582	230.0	17	1.05	0.95				
	119	1	58.504824343192986	11.959549727614036	0.0	0.0	1	1.0342829251037362	7.191256274195132	230.0	15	1.05	0.95				
	120	1	41.37357743607018	8.404007916701756	0.0	0.0	1	1.0350662152497827	4.205496882480312	230.0	15	1.05	0.95				
	121	2	0.0	0.0	0.0	0.0	1	1.040487281575143	19.134065009055536	230.0	17	1.05	0.95				
	122	2	0.0	0.0	0.0	0.0	1	1.05	37.11800449596215	230.0	17	1.05	0.95				
	123	2	0.0	0.0	0.0	0.0	1	1.0362700282113952	2.811493813616529	230.0	15	1.05	0.95				
	124	1	0.0	0.0	0.0	0.0	1	1.0183170614774162	8.485167552881123	230.0	16	1.05	0.95				
	201	2	33.98268534442106	6.922398866456141	0.0	0.0	2	1.0098010119525578	-14.060350246188635	138.0	21	1.05	0.95				
	202	2	30.521485911192986	6.293089878596492	0.0	0.0	2	1.0086223002339927	-14.337786699237569	138.0	22	1.05	0.95				
	203	1	56.637808907368424	11.64221627540351	0.0	0.0	2	1.0135645127943782	-10.659696029912984	138.0	21	1.05	0.95				
	204	1	23.28443255080702	4.719817408947369	0.0	0.0	2	1.0115781702653588	-14.32267228729052	138.0	21	1.05	0.95				
	205	1	22.340469069017544	4.405162915017544	0.0	0.0	2	1.0262439305288031	-14.68576435880484	138.0	21	1.05	0.95				
	206	1	42.79301117445615	8.810325830035088	0.0	-100.0	2	1.043815802442844	-15.46856273418531	138.0	22	1.05	0.95				
	207	2	39.33181174122807	7.866362348245614	0.0	0.0	2	0.9934186504470691	-19.085606257333115	138.0	22	1.05	0.95				
	208	1	53.805918462	11.01290728754386	0.0	0.0	2	1.003379297718566	-17.756641808959536	138.0	22	1.05	0.95				
	209	1	55.064536437719305	11.327561781473685	0.0	0.0	2	1.0220803492342847	-12.991513761886466	138.0	23	1.05	0.95				
	210	1	61.357626316315795	12.586179757192983	0.0	0.0	2	1.05	-14.289315817015586	138.0	23	1.05	0.95				
	211	1	0.0	0.0	0.0	0.0	2	1.0018019118387174	-10.725729610386225	230.0	23	1.05	0.95				
	212	1	0.0	0.0	0.0	0.0	2	1.0090802293666905	-10.474629687557293	230.0	23	1.05	0.95				
	213	2	83.38344089140351	16.99134267221053	0.0	0.0	2	0.997657785819707	-9.979994898832325	230.0	24	1.05	0.95				
	214	2	61.04297182238597	12.27152526326316	0.0	0.0	2	0.9971924726218768	-8.312194834618598	230.0	26	1.05	0.95				
	215	2	99.74547457575439	20.137887611508773	0.0	0.0	2	1.0200815375879337	-2.151470035575662	230.0	26	1.05	0.95				
	216	2	31.465449392982457	6.293089878596492	0.0	0.0	2	1.0212440300530785	-3.0910114457727182	230.0	26	1.05	0.95				
	217	1	0.0	0.0	0.0	0.0	2	1.0291727706946021	-0.7775757886887306	230.0	27	1.05	0.95				
	218	2	104.77994647863159	21.396505587228074	0.0	0.0	2	1.028139014922901	-1.0942365715289235	230.0	27	1.05	0.95				
	219	1	56.952463401298246	11.64221627540351	0.0	0.0	2	1.024142145712777	-4.019551057539241	230.0	25	1.05	0.95				
	220	1	40.27577522301755	8.18101684217544	0.0	0.0	2	1.0283209702467206	-4.200847860026129	230.0	25	1.05	0.95				
	221	2	0.0	0.0	0.0	0.0	2	1.0288446212262272	-0.6504961893615552	230.0	27	1.05	0.95				
	222	2	0.0	0.0	0.0	0.0	2	1.049999967819009	5.790976387534955	230.0	27	1.05	0.95				
	223	2	0.0	0.0	0.0	0.0	2	1.0306120806593606	-4.057560611986695	230.0	25	1.05	0.95				
	224	1	0.0	0.0	0.0	0.0	2	1.0070784461036408	-5.348164131747667	230.0	26	1.05	0.95				
	301	2	44.98006960421053	9.16260677122807	0.0	0.0	3	1.0194044142519998	5.86857457324154	138.0	31	1.05	0.95				
	302	2	40.398766218596485	8.329642519298245	0.0	0.0	3	1.0172224665993956	5.519014935595202	138.0	32	1.05	0.95				
	303	1	74.96678267368421	15.409838660701752	0.0	0.0	3	1.05	20.969749960198353	138.0	31	1.05	0.95				
	304	1	30.819677321403503	6.247231889473683	0.0	0.0	3	1.0088261869477655	6.879090798186092	138.0	31	1.05	0.95				
	305	1	29.57023094350877	5.830749763508772	0.0	0.0	3	1.0256816987893385	4.212515378925594	138.0	31	1.05	0.95				
	306	1	56.64156913122807	11.661499527017543	0.0	-100.0	3	1.0366012484183578	2.771947110794624	138.0	32	1.05	0.95				
	307	2	52.06026574561403	10.412053149122807	0.0	0.0	3	0.95	-0.5485273009590214	138.0	32	1.05	0.95				
	308	1	71.21844353999998	14.576874408771928	0.0	0.0	3	0.9703715429022234	1.2532665128225058	138.0	32	1.05	0.95				
	309	1	72.88437204385964	14.99335653473684	0.0	0.0	3	1.0148855357928774	9.743345384265433	138.0	33	1.05	0.95				
	310	1	81.21401456315789	16.65928503859649	0.0	0.0	3	1.042082158971752	3.8871082124996135	138.0	33	1.05	0.95				
	311	1	0.0	0.0	0.0	0.0	3	1.0024102967922215	7.285790057815907	230.0	33	1.05	0.95				
	312	1	0.0	0.0	0.0	0.0	3	1.0064084282081138	7.654023058202592	230.0	33	1.05	0.95				
	313	2	110.36776338070173	22.490034802105264	0.0	0.0	3	0.9995342764122689	7.4548244098591425	230.0	34	1.05	0.95				
	314	2	80.79753243719297	16.24280291263158	0.0	0.0	3	0.9996574380960315	7.712748872279376	230.0	36	1.05	0.95				
	315	2	132.02483393087718	26.654856061754383	0.0	0.0	3	1.0499206896354893	11.275409254077873	230.0	36	1.05	0.95				
	316	2	41.64821259649123	8.329642519298245	0.0	0.0	3	1.0350832128498497	10.7652895969736	230.0	36	1.05	0.95				
	317	1	0.0	0.0	0.0	0.0	3	1.05	14.187215280277185	230.0	37	1.05	0.95				
	318	2	138.68854794631577	28.320784565614034	0.0	0.0	3	1.048483961061406	11.617446461581942	230.0	37	1.05	0.95				
	319	1	75.38326479964911	15.409838660701752	0.0	0.0	3	1.024172611023973	9.848080601961872	230.0	35	1.05	0.95				
	320	1	53.30971212350877	10.828535275087718	0.0	0.0	3	1.01753135680564	9.857756483022516	230.0	35	1.05	0.95				
	321	2	0.0	0.0	0.0	0.0	3	1.05	12.129639443720702	230.0	37	1.05	0.95				
	322	2	0.0	0.0	0.0	0.0	3	1.05	17.285350838385092	230.0	37	1.05	0.95				
	323	2	0.0	0.0	0.0	0.0	3	1.0144046089801613	10.193060683938615	230.0	35	1.05	0.95				
	324	1	0.0	0.0	0.0	0.0	3	1.0468886129721593	14.980074287643902	230.0	36	1.05	0.95				
	325	1	0.0	0.0	0.0	0.0	3	1.0149383378513162	10.965723376777401	230.0	35	1.05	0.95				
];
