%% MATPOWER Case Format : Version 2
function mpc = RTS_GMLC
mpc.version = '2';

%%-----  Power Flow Data  -----%%
%% system MVA base
mpc.baseMVA = 100.0;
%% bus data
%    bus_i    type    Pd    Qd    Gs    Bs    area    Vm    Va    baseKV    zone    Vmax    Vmin
mpc.bus = [
	101	2	39.344383970526316	8.014596734736841	0.0	0.0	1	1.0159139255793124	-3.5234319051117216	138.0	11	1.05	0.95				
	102	2	35.33708560315789	7.2859970315789475	0.0	0.0	1	1.015125480776231	-3.709400609567862	138.0	12	1.05	0.95				
	103	1	65.57397328421052	13.479094508421053	0.0	0.0	1	1.0317274993066472	-0.01202087848512567	138.0	11	1.05	0.95				
	104	1	26.958189016842105	5.46449777368421	0.0	0.0	1	1.0172602228001748	-3.8675032423287	138.0	11	1.05	0.95				
	105	1	25.865289462105263	5.100197922105263	0.0	0.0	1	1.0286284331650568	-4.729675847185093	138.0	11	1.05	0.95				
	106	1	49.54477981473684	10.200395844210526	0.0	-100.0	1	1.043852448400235	-5.839407843975542	138.0	12	1.05	0.95				
	107	2	45.537481447368414	9.107496289473684	0.0	0.0	1	1.0024217560096946	-9.136648346400392	138.0	12	1.05	0.95				
	108	1	62.295274619999994	12.750494805263157	0.0	0.0	1	1.0079587351754642	-8.086756952888983	138.0	12	1.05	0.95				
	109	1	63.75247402631579	13.114794656842104	0.0	0.0	1	1.0253363155464201	-3.180272367454009	138.0	13	1.05	0.95				
	110	1	71.03847105789472	14.571994063157895	0.0	0.0	1	1.05	-4.764773023789432	138.0	13	1.05	0.95				
	111	1	0.0	0.0	0.0	0.0	1	1.0035307917631602	-0.9178132896029151	230.0	13	1.05	0.95				
	112	1	0.0	0.0	0.0	0.0	1	1.006767952761904	-1.4558646488441433	230.0	13	1.05	0.95				
	113	3	96.53946066842104	19.672191985263158	0.0	0.0	1	0.994939047397841	-4.756145824704992e-30	230.0	14	1.05	0.95				
	114	2	70.67417120631578	14.207694211578946	0.0	0.0	1	1.0034115501648717	1.4810281076574636	230.0	16	1.05	0.95				
	115	2	115.4830529505263	23.31519050105263	0.0	0.0	1	1.0387600090328892	8.067035336254762	230.0	16	1.05	0.95				
	116	2	36.429985157894734	7.2859970315789475	0.0	0.0	1	1.0343674351048038	6.93721119491801	230.0	16	1.05	0.95				
	117	1	0.0	0.0	0.0	0.0	1	1.0408180784446086	10.944525039923866	230.0	17	1.05	0.95				
	118	2	121.31185057578946	24.77238990736842	0.0	0.0	1	1.046019189420401	11.521515287040419	230.0	17	1.05	0.95				
	119	1	65.93827313578947	13.479094508421053	0.0	0.0	1	1.0228113936165026	4.425056034765091	230.0	15	1.05	0.95				
	120	1	46.63038100210526	9.47179614105263	0.0	0.0	1	1.0155360449302782	2.505444932010114	230.0	15	1.05	0.95				
	121	2	0.0	0.0	0.0	0.0	1	1.0481123121734213	12.637655390057311	230.0	17	1.05	0.95				
	122	2	0.0	0.0	0.0	0.0	1	1.05	22.751659342914557	230.0	17	1.05	0.95				
	123	2	0.0	0.0	0.0	0.0	1	1.0120009989695469	1.7285656385383443	230.0	15	1.05	0.95				
	124	1	0.0	0.0	0.0	0.0	1	1.025833068326493	5.033666860605114	230.0	16	1.05	0.95				
	201	2	39.11663781473685	7.968203999298247	0.0	0.0	2	1.0167300003433377	-9.90381462041081	138.0	21	1.05	0.95				
	202	2	35.13253581508772	7.243821817543861	0.0	0.0	2	1.0159149895434838	-10.131408167562583	138.0	22	1.05	0.95				
	203	1	65.19439635789475	13.40107036245614	0.0	0.0	2	1.0146522875185224	-7.862318898783437	138.0	21	1.05	0.95				
	204	1	26.80214072491228	5.4328663631578955	0.0	0.0	2	1.014331239827235	-9.708751827780453	138.0	21	1.05	0.95				
	205	1	25.715567452280702	5.070675272280703	0.0	0.0	2	1.0290686394931248	-9.963771144859818	138.0	21	1.05	0.95				
	206	1	49.25798835929825	10.141350544561407	0.0	-100.0	2	1.044317624835494	-10.468382743170949	138.0	22	1.05	0.95				
	207	2	45.273886359649126	9.054777271929826	0.0	0.0	2	1.0000286952104824	-14.79122001996109	138.0	22	1.05	0.95				
	208	1	61.93467654000001	12.676688180701756	0.0	0.0	2	1.005599275770699	-13.186628357823151	138.0	22	1.05	0.95				
	209	1	63.383440903508784	13.03887927157895	0.0	0.0	2	1.023023206640238	-7.859128506768519	138.0	23	1.05	0.95				
	210	1	70.62726272105265	14.487643635087721	0.0	0.0	2	1.05	-8.857032739838488	138.0	23	1.05	0.95				
	211	1	0.0	0.0	0.0	0.0	2	0.9998368211417884	-6.113782254431667	230.0	23	1.05	0.95				
	212	1	0.0	0.0	0.0	0.0	2	1.0065961708270232	-2.133766573321525	230.0	23	1.05	0.95				
	213	2	95.98063908245615	19.558318907368424	0.0	0.0	2	0.9914038471937131	-4.529040616546166	230.0	24	1.05	0.95				
	214	2	70.26507163017544	14.125452544210528	0.0	0.0	2	0.9944653332192265	-5.08994848695992	230.0	26	1.05	0.95				
	215	2	114.8145758080702	23.180229816140354	0.0	0.0	2	1.012091437977994	-0.5403340710306695	230.0	26	1.05	0.95				
	216	2	36.2191090877193	7.243821817543861	0.0	0.0	2	1.0099963068646376	-1.405415819215087	230.0	26	1.05	0.95				
	217	1	0.0	0.0	0.0	0.0	2	1.016985775549106	0.2927879896918704	230.0	27	1.05	0.95				
	218	2	120.60963326210528	24.628994179649126	0.0	0.0	2	1.0167859143855276	0.024510699381729072	230.0	27	1.05	0.95				
	219	1	65.55658744877194	13.40107036245614	0.0	0.0	2	1.0063256930573965	-2.1945956111439267	230.0	25	1.05	0.95				
	220	1	46.36045963228071	9.416968362807019	0.0	0.0	2	1.0054127210405734	-2.145489651292003	230.0	25	1.05	0.95				
	221	2	0.0	0.0	0.0	0.0	2	1.0187968854505198	0.6422866159432116	230.0	27	1.05	0.95				
	222	2	0.0	0.0	0.0	0.0	2	1.0407895015887059	7.112495583577947	230.0	27	1.05	0.95				
	223	2	0.0	0.0	0.0	0.0	2	1.0052263046325154	-1.8259068559451843	230.0	25	1.05	0.95				
	224	1	0.0	0.0	0.0	0.0	2	1.0037971874176561	-3.3178964684264463	230.0	26	1.05	0.95				
	301	2	50.1904460463158	10.223979750175438	0.0	0.0	3	1.0059782127996855	-4.2667279333011	138.0	31	1.05	0.95				
	302	2	45.07845617122807	9.294527045614036	0.0	0.0	3	1.0056390405738138	-4.3456491254923115	138.0	32	1.05	0.95				
	303	1	83.65074341052632	17.194875034385966	0.0	0.0	3	1.02208907441358	0.4042557168310381	138.0	31	1.05	0.95				
	304	1	34.38975006877193	6.970895284210527	0.0	0.0	3	1.0091102156922327	-2.629495455942358	138.0	31	1.05	0.95				
	305	1	32.995571011929826	6.506168931929825	0.0	0.0	3	1.0217251004926196	-3.4030529014534645	138.0	31	1.05	0.95				
	306	1	63.20278391017544	13.01233786385965	0.0	-100.0	3	1.0387582771077266	-3.462753283765749	138.0	32	1.05	0.95				
	307	2	58.090794035087725	11.618158807017544	0.0	0.0	3	0.9976416913797315	-6.893385216087037	138.0	32	1.05	0.95				
	308	1	79.46820624	16.26542232982456	0.0	0.0	3	1.0052452115525725	-4.8331389676080745	138.0	32	1.05	0.95				
	309	1	81.32711164912281	16.730148682105263	0.0	0.0	3	1.0271497528177966	0.6681050545314524	138.0	33	1.05	0.95				
	310	1	90.62163869473684	18.58905409122807	0.0	0.0	3	1.05	-1.0464066036710653	138.0	33	1.05	0.95				
	311	1	0.0	0.0	0.0	0.0	3	1.0067852667962698	4.126789044595257	230.0	33	1.05	0.95				
	312	1	0.0	0.0	0.0	0.0	3	1.0117374176571203	4.825712752987305	230.0	33	1.05	0.95				
	313	2	123.15248335438595	25.0952230231579	0.0	0.0	3	1.011385461884622	8.535696196441831	230.0	34	1.05	0.95				
	314	2	90.15691234245614	18.12432773894737	0.0	0.0	3	1.003084476590848	4.6953356418467145	230.0	36	1.05	0.95				
	315	2	147.31825367298245	29.742486545964912	0.0	0.0	3	1.0216025315289854	3.9739255451073214	230.0	36	1.05	0.95				
	316	2	46.472635228070175	9.294527045614036	0.0	0.0	3	1.0212796690861994	4.846790008035602	230.0	36	1.05	0.95				
	317	1	0.0	0.0	0.0	0.0	3	1.0287281083803363	6.213328745985694	230.0	37	1.05	0.95				
	318	2	154.7538753094737	31.60139195508772	0.0	0.0	3	1.0252668803806673	4.597051645789551	230.0	37	1.05	0.95				
	319	1	84.11546976280701	17.194875034385966	0.0	0.0	3	1.0215080774303282	6.743852560200461	230.0	35	1.05	0.95				
	320	1	59.484973091929824	12.082885159298245	0.0	0.0	3	1.0219519296775947	7.749793916066943	230.0	35	1.05	0.95				
	321	2	0.0	0.0	0.0	0.0	3	1.0262679783794606	4.990536630947213	230.0	37	1.05	0.95				
	322	2	0.0	0.0	0.0	0.0	3	1.040852584211596	9.854115117388472	230.0	37	1.05	0.95				
	323	2	0.0	0.0	0.0	0.0	3	1.0214320302954953	7.967787974075263	230.0	35	1.05	0.95				
	324	1	0.0	0.0	0.0	0.0	3	1.0167985528038206	3.378228100609053	230.0	36	1.05	0.95				
	325	1	0.0	0.0	0.0	0.0	3	1.0234502997233055	8.380437493160285	230.0	35	1.05	0.95				
];
