%% MATPOWER Case Format : Version 2
function mpc = RTS_GMLC
mpc.version = '2';

%%-----  Power Flow Data  -----%%
%% system MVA base
mpc.baseMVA = 100.0;
%% bus data
%    bus_i    type    Pd    Qd    Gs    Bs    area    Vm    Va    baseKV    zone    Vmax    Vmin
mpc.bus = [
	101	2	38.20880751157895	7.783275604210525	0.0	0.0	1	1.033957121662554	3.4109404080909713	138.0	11	1.05	0.95				
	102	2	34.31716970947368	7.0757050947368425	0.0	0.0	1	1.033083763260293	3.163292856940854	138.0	12	1.05	0.95				
	103	1	63.68134585263158	13.090054425263157	0.0	0.0	1	1.028878217223919	1.3414840887219546	138.0	11	1.05	0.95				
	104	1	26.180108850526313	5.306778821052631	0.0	0.0	1	1.022442276159714	0.04904519628436956	138.0	11	1.05	0.95				
	105	1	25.118753086315788	4.952993566315789	0.0	0.0	1	1.0370751734623964	0.32417584742704897	138.0	11	1.05	0.95				
	106	1	48.11479464421053	9.905987132631578	0.0	-100.0	1	1.0475181944188063	-1.8175059579943906	138.0	12	1.05	0.95				
	107	2	44.22315684210526	8.844631368421052	0.0	0.0	1	1.0010668414513195	-7.128502870575375	138.0	12	1.05	0.95				
	108	1	60.49727855999999	12.382483915789471	0.0	0.0	1	1.0070242906895222	-5.789252774989923	138.0	12	1.05	0.95				
	109	1	61.912419578947365	12.736269170526315	0.0	0.0	1	1.024195436899291	-1.0628848475908408	138.0	13	1.05	0.95				
	110	1	68.9881246736842	14.151410189473685	0.0	0.0	1	1.05	-1.6904469959229176	138.0	13	1.05	0.95				
	111	1	0.0	0.0	0.0	0.0	1	1.0006745540557502	0.27224270653722016	230.0	13	1.05	0.95				
	112	1	0.0	0.0	0.0	0.0	1	1.0061051281307039	0.46628776909165925	230.0	13	1.05	0.95				
	113	3	93.75309250526314	19.104403755789473	0.0	0.0	1	0.9902257919653739	-3.659874241530139e-30	230.0	14	1.05	0.95				
	114	2	68.63433941894736	13.797624934736842	0.0	0.0	1	0.9959182634009548	2.3018040200189835	230.0	16	1.05	0.95				
	115	2	112.14992575157893	22.642256303157893	0.0	0.0	1	1.032307182621817	7.444830453109024	230.0	16	1.05	0.95				
	116	2	35.378525473684206	7.0757050947368425	0.0	0.0	1	1.0284134115455656	7.169562936519066	230.0	16	1.05	0.95				
	117	1	0.0	0.0	0.0	0.0	1	1.0370351825998898	9.29969127054915	230.0	17	1.05	0.95				
	118	2	117.81048982736841	24.057397322105263	0.0	0.0	1	1.0397115701238033	9.440271693004924	230.0	17	1.05	0.95				
	119	1	64.03513110736841	13.090054425263157	0.0	0.0	1	1.0222273924150116	6.038040456989153	230.0	15	1.05	0.95				
	120	1	45.284512606315786	9.198416623157895	0.0	0.0	1	1.0190632190419648	5.746123104666251	230.0	15	1.05	0.95				
	121	2	0.0	0.0	0.0	0.0	1	1.0433457881820032	10.386114225100174	230.0	17	1.05	0.95				
	122	2	0.0	0.0	0.0	0.0	1	1.05	16.79384771280962	230.0	17	1.05	0.95				
	123	2	0.0	0.0	0.0	0.0	1	1.0175113238725038	5.864419324837394	230.0	15	1.05	0.95				
	124	1	0.0	0.0	0.0	0.0	1	1.0227447957157072	5.147570763979206	230.0	16	1.05	0.95				
	201	2	38.75964112421053	7.8954824512280695	0.0	0.0	2	1.0184148632207672	-8.818713941262532	138.0	21	1.05	0.95				
	202	2	34.81189989859649	7.177711319298245	0.0	0.0	2	1.018222533929964	-8.90705698950284	138.0	22	1.05	0.95				
	203	1	64.59940187368422	13.278765940701753	0.0	0.0	2	1.0164798999654068	-6.793739499800118	138.0	21	1.05	0.95				
	204	1	26.557531881403506	5.383283489473684	0.0	0.0	2	1.0154062258278946	-9.479900437348723	138.0	21	1.05	0.95				
	205	1	25.480875183508772	5.024397923508772	0.0	0.0	2	1.0300173055753332	-9.774501251495986	138.0	21	1.05	0.95				
	206	1	48.808436971228076	10.048795847017544	0.0	-100.0	2	1.0448226156129152	-10.723175359049964	138.0	22	1.05	0.95				
	207	2	44.86069574561403	8.972139149122807	0.0	0.0	2	0.9954239841378578	-15.348501575045763	138.0	22	1.05	0.95				
	208	1	61.36943177999999	12.56099480877193	0.0	0.0	2	1.0029752005540642	-13.777320768204333	138.0	22	1.05	0.95				
	209	1	62.80497404385965	12.919880374736842	0.0	0.0	2	1.0226087185555237	-8.45547737161757	138.0	23	1.05	0.95				
	210	1	69.9826853631579	14.35542263859649	0.0	0.0	2	1.05	-9.579308061593673	138.0	23	1.05	0.95				
	211	1	0.0	0.0	0.0	0.0	2	1.002198348233187	-5.971234033033536	230.0	23	1.05	0.95				
	212	1	0.0	0.0	0.0	0.0	2	1.006134404719428	-5.336286248844147	230.0	23	1.05	0.95				
	213	2	95.10467498070176	19.379820562105266	0.0	0.0	2	0.9955470851483303	-4.853788736122144	230.0	24	1.05	0.95				
	214	2	69.62379979719297	13.996537072631579	0.0	0.0	2	1.000230632224836	-3.7556400203220472	230.0	26	1.05	0.95				
	215	2	113.76672441087719	22.968676221754386	0.0	0.0	2	1.0179807558928238	1.5828521954720411	230.0	26	1.05	0.95				
	216	2	35.88855659649123	7.177711319298245	0.0	0.0	2	1.01925406177558	1.5341857823315976	230.0	26	1.05	0.95				
	217	1	0.0	0.0	0.0	0.0	2	1.024506682388402	3.2092950420443533	230.0	27	1.05	0.95				
	218	2	119.5088934663158	24.404218485614038	0.0	0.0	2	1.0238721578042023	2.7474788725010244	230.0	27	1.05	0.95				
	219	1	64.95828743964913	13.278765940701753	0.0	0.0	2	1.0200579040877282	1.2989742125658044	230.0	25	1.05	0.95				
	220	1	45.93735244350877	9.33102471508772	0.0	0.0	2	1.02282581101324	1.8060889676940932	230.0	25	1.05	0.95				
	221	2	0.0	0.0	0.0	0.0	2	1.0255442289708074	3.1660761464019127	230.0	27	1.05	0.95				
	222	2	0.0	0.0	0.0	0.0	2	1.0475981349417203	9.703371081697552	230.0	27	1.05	0.95				
	223	2	0.0	0.0	0.0	0.0	2	1.0247020259795543	2.3628173760784152	230.0	25	1.05	0.95				
	224	1	0.0	0.0	0.0	0.0	2	1.0070217542175743	-1.5812927412436402	230.0	26	1.05	0.95				
	301	2	47.696298631578955	9.715912684210528	0.0	0.0	3	1.0150740926142103	-9.905748659343079	138.0	31	1.05	0.95				
	302	2	42.83834228947369	8.832647894736843	0.0	0.0	3	1.0139921346201253	-10.237991682097197	138.0	32	1.05	0.95				
	303	1	79.49383105263158	16.34039860526316	0.0	0.0	3	1.0481943148996835	2.682132349736639	138.0	31	1.05	0.95				
	304	1	32.68079721052632	6.624485921052632	0.0	0.0	3	1.0114466969823628	-9.37534700816541	138.0	31	1.05	0.95				
	305	1	31.35590002631579	6.182853526315791	0.0	0.0	3	1.0271576492485928	-10.763700694036459	138.0	31	1.05	0.95				
	306	1	60.062005684210526	12.365707052631581	0.0	-100.0	3	1.0414829768993386	-11.780585010370842	138.0	32	1.05	0.95				
	307	2	55.204049342105264	11.040809868421054	0.0	0.0	3	0.9896313938818344	-16.48563502161761	138.0	32	1.05	0.95				
	308	1	75.5191395	15.457133815789472	0.0	0.0	3	0.9961293039500065	-14.482225161992956	138.0	32	1.05	0.95				
	309	1	77.28566907894738	15.898766210526317	0.0	0.0	3	1.022726857715785	-6.843320805419811	138.0	33	1.05	0.95				
	310	1	86.11831697368422	17.665295789473685	0.0	0.0	3	1.05	-10.20388925047682	138.0	33	1.05	0.95				
	311	1	0.0	0.0	0.0	0.0	3	1.008215737306714	-5.731507023534037	230.0	33	1.05	0.95				
	312	1	0.0	0.0	0.0	0.0	3	1.0126417155446004	-5.041671215533759	230.0	33	1.05	0.95				
	313	2	117.03258460526315	23.848149315789477	0.0	0.0	3	1.0105864806757785	-2.7554082485045885	230.0	34	1.05	0.95				
	314	2	85.67668457894737	17.223663394736842	0.0	0.0	3	1.0045567181361754	-5.444248495714437	230.0	36	1.05	0.95				
	315	2	139.99746913157895	28.264473263157896	0.0	0.0	3	1.0378686498178344	-2.3992957321029094	230.0	36	1.05	0.95				
	316	2	44.163239473684214	8.832647894736843	0.0	0.0	3	1.031531296466429	-2.3897611548296838	230.0	36	1.05	0.95				
	317	1	0.0	0.0	0.0	0.0	3	1.0362459812776177	-1.481194249372427	230.0	37	1.05	0.95				
	318	2	147.06358744736843	30.031002842105263	0.0	0.0	3	1.0349702936209197	-1.7161734996332034	230.0	37	1.05	0.95				
	319	1	79.93546344736842	16.34039860526316	0.0	0.0	3	1.0255378912976187	-2.707966793013617	230.0	35	1.05	0.95				
	320	1	56.52894652631579	11.482442263157894	0.0	0.0	3	1.0233541889038003	-2.1222991268164595	230.0	35	1.05	0.95				
	321	2	0.0	0.0	0.0	0.0	3	1.0378699280555523	-1.4175264038366011	230.0	37	1.05	0.95				
	322	2	0.0	0.0	0.0	0.0	3	1.0499999510349192	2.865414613667741	230.0	37	1.05	0.95				
	323	2	0.0	0.0	0.0	0.0	3	1.0229253125442905	-1.4561570685784548	230.0	35	1.05	0.95				
	324	1	0.0	0.0	0.0	0.0	3	1.0391365468678186	-0.45444924748092064	230.0	36	1.05	0.95				
	325	1	0.0	0.0	0.0	0.0	3	1.021756230181331	-0.45018326419686594	230.0	35	1.05	0.95				
];
