%% MATPOWER Case Format : Version 2
function mpc = RTS_GMLC
mpc.version = '2';

%%-----  Power Flow Data  -----%%
%% system MVA base
mpc.baseMVA = 100.0;
%% bus data
%    bus_i    type    Pd    Qd    Gs    Bs    area    Vm    Va    baseKV    zone    Vmax    Vmin
mpc.bus = [
	101	2	48.05492331789474	9.78896586105263	0.0	0.0	1	1.0169225234605521	2.7137914983888094	138.0	11	1.05	0.95				
	102	2	43.16044038736842	8.89905987368421	0.0	0.0	1	1.0157499277286726	2.4080789425923608	138.0	12	1.05	0.95				
	103	1	80.09153886315788	16.463260766315788	0.0	0.0	1	1.0277984990027207	2.5046969190309234	138.0	11	1.05	0.95				
	104	1	32.926521532631575	6.6742949052631575	0.0	0.0	1	1.0138874481198026	-0.6773797334656675	138.0	11	1.05	0.95				
	105	1	31.591662551578942	6.229341911578947	0.0	0.0	1	1.0270404661188626	-0.5998411894614164	138.0	11	1.05	0.95				
	106	1	60.51360714105263	12.458683823157894	0.0	-100.0	1	1.0406388823463761	-2.929463164782897	138.0	12	1.05	0.95				
	107	2	55.61912421052631	11.123824842105263	0.0	0.0	1	0.9865696974836239	-9.635870154000672	138.0	12	1.05	0.95				
	108	1	76.08696192	15.573354778947365	0.0	0.0	1	0.9952537946065589	-7.735950043810425	138.0	12	1.05	0.95				
	109	1	77.86677389473684	16.018307772631577	0.0	0.0	1	1.0259927069079529	-1.3432538060848969	138.0	13	1.05	0.95				
	110	1	86.76583376842105	17.79811974736842	0.0	0.0	1	1.05	-2.4932445972643236	138.0	13	1.05	0.95				
	111	1	0.0	0.0	0.0	0.0	1	1.0180235594123441	0.8028295406028964	230.0	13	1.05	0.95				
	112	1	0.0	0.0	0.0	0.0	1	1.0143695281524112	0.47582535073913923	230.0	13	1.05	0.95				
	113	3	117.91254332631578	24.02746165894737	0.0	0.0	1	0.9975146765223891	-4.10697552124468e-30	230.0	14	1.05	0.95				
	114	2	86.32088077473684	17.35316675368421	0.0	0.0	1	1.0422802558997968	4.154168376310592	230.0	16	1.05	0.95				
	115	2	141.0500989978947	28.47699159578947	0.0	0.0	1	1.0458822968442607	12.555503944758826	230.0	16	1.05	0.95				
	116	2	44.49529936842105	8.89905987368421	0.0	0.0	1	1.0478459371182463	11.658234645089157	230.0	16	1.05	0.95				
	117	1	0.0	0.0	0.0	0.0	1	1.0443698819571754	16.362252950730248	230.0	17	1.05	0.95				
	118	2	148.1693468968421	30.256803570526316	0.0	0.0	1	1.05	16.398371875171247	230.0	17	1.05	0.95				
	119	1	80.53649185684209	16.463260766315788	0.0	0.0	1	1.0455514282606904	8.931949742099741	230.0	15	1.05	0.95				
	120	1	56.95398319157894	11.568777835789474	0.0	0.0	1	1.0480214176523037	7.399814943032197	230.0	15	1.05	0.95				
	121	2	0.0	0.0	0.0	0.0	1	1.041737452784841	17.548799976419897	230.0	17	1.05	0.95				
	122	2	0.0	0.0	0.0	0.0	1	1.05	35.5226457165644	230.0	17	1.05	0.95				
	123	2	0.0	0.0	0.0	0.0	1	1.05	6.886903322929341	230.0	15	1.05	0.95				
	124	1	0.0	0.0	0.0	0.0	1	1.026498841269632	8.81952484211701	230.0	16	1.05	0.95				
	201	2	53.294506522105266	10.856288365614034	0.0	0.0	2	1.0243999304310554	-11.46246123762368	138.0	21	1.05	0.95				
	202	2	47.86636233929824	9.869353059649121	0.0	0.0	2	1.0254926065529724	-11.285678645660116	138.0	22	1.05	0.95				
	203	1	88.8241775368421	18.258303160350874	0.0	0.0	2	1.0134241956337655	-9.789607770320409	138.0	21	1.05	0.95				
	204	1	36.51660632070175	7.402014794736841	0.0	0.0	2	1.0160046673911707	-12.787223710547593	138.0	21	1.05	0.95				
	205	1	35.03620336175438	6.908547141754386	0.0	0.0	2	1.031094516911427	-13.15482479685516	138.0	21	1.05	0.95				
	206	1	67.11160080561403	13.817094283508771	0.0	-100.0	2	1.0424842263389587	-14.540655146090618	138.0	22	1.05	0.95				
	207	2	61.68345662280701	12.336691324561402	0.0	0.0	2	0.9908319525910579	-21.641854721455765	138.0	22	1.05	0.95				
	208	1	84.38296865999999	17.271367854385964	0.0	0.0	2	0.9947330160175744	-19.350346001750093	138.0	22	1.05	0.95				
	209	1	86.35683927192981	17.764835507368417	0.0	0.0	2	1.0226332595294507	-11.988430902347693	138.0	23	1.05	0.95				
	210	1	96.22619233157894	19.738706119298243	0.0	0.0	2	1.05	-13.287967913284751	138.0	23	1.05	0.95				
	211	1	0.0	0.0	0.0	0.0	2	1.0102431113426027	-8.869975945358911	230.0	23	1.05	0.95				
	212	1	0.0	0.0	0.0	0.0	2	1.0104401266294667	-7.882978104295712	230.0	23	1.05	0.95				
	213	2	130.76892804035086	26.647253261052633	0.0	0.0	2	1.0073600640458302	-7.423912142820788	230.0	24	1.05	0.95				
	214	2	95.73272467859648	19.24523846631579	0.0	0.0	2	1.0154109586600113	-6.308814453823111	230.0	26	1.05	0.95				
	215	2	156.42924599543858	31.58192979087719	0.0	0.0	2	1.0297539983139279	0.33451438520397714	230.0	26	1.05	0.95				
	216	2	49.34676529824561	9.869353059649121	0.0	0.0	2	1.032956880857601	0.3135919840114455	230.0	26	1.05	0.95				
	217	1	0.0	0.0	0.0	0.0	2	1.0392401144477479	2.593513004988871	230.0	27	1.05	0.95				
	218	2	164.32472844315788	33.555800402807016	0.0	0.0	2	1.0380383307108185	2.162385466185	230.0	27	1.05	0.95				
	219	1	89.31764518982456	18.258303160350874	0.0	0.0	2	1.0322190293153752	0.3054859712940876	230.0	25	1.05	0.95				
	220	1	63.16385958175438	12.83015897754386	0.0	0.0	2	1.0351999794376407	1.2470304920010509	230.0	25	1.05	0.95				
	221	2	0.0	0.0	0.0	0.0	2	1.037651939084345	2.350275622693351	230.0	27	1.05	0.95				
	222	2	0.0	0.0	0.0	0.0	2	1.05	8.94699087022674	230.0	27	1.05	0.95				
	223	2	0.0	0.0	0.0	0.0	2	1.0379566393830806	2.1329782806143656	230.0	25	1.05	0.95				
	224	1	0.0	0.0	0.0	0.0	2	1.011133611638493	-3.4345646861142107	230.0	26	1.05	0.95				
	301	2	66.82948434947369	13.613413478596492	0.0	0.0	3	1.0129537534216126	-21.841886179400678	138.0	31	1.05	0.95				
	302	2	60.02277761017544	12.375830435087721	0.0	0.0	3	1.0121817172299208	-22.020637985059203	138.0	32	1.05	0.95				
	303	1	111.38247391578948	22.895286304912283	0.0	0.0	3	1.0267785168052728	-12.444234078031869	138.0	31	1.05	0.95				
	304	1	45.790572609824565	9.28187282631579	0.0	0.0	3	1.009079214106927	-19.64999539741054	138.0	31	1.05	0.95				
	305	1	43.934198044561406	8.663081304561405	0.0	0.0	3	1.0231237132676798	-21.263821172895305	138.0	31	1.05	0.95				
	306	1	84.1556469585965	17.32616260912281	0.0	-100.0	3	1.0358135170531497	-21.615694576860275	138.0	32	1.05	0.95				
	307	2	77.34894021929826	15.46978804385965	0.0	0.0	3	0.990417570711973	-28.478870669195516	138.0	32	1.05	0.95				
	308	1	105.81335022	21.657703261403512	0.0	0.0	3	0.9898593426005126	-25.5015610679269	138.0	32	1.05	0.95				
	309	1	108.28851630701755	22.276494783157897	0.0	0.0	3	1.0289081773564634	-15.19967730124762	138.0	33	1.05	0.95				
	310	1	120.66434674210527	24.751660870175442	0.0	0.0	3	1.05	-18.700727084359563	138.0	33	1.05	0.95				
	311	1	0.0	0.0	0.0	0.0	3	1.0219514467669832	-10.770053561118006	230.0	33	1.05	0.95				
	312	1	0.0	0.0	0.0	0.0	3	1.0178142757248567	-10.437787669439237	230.0	33	1.05	0.95				
	313	2	163.9797532649123	33.414742174736844	0.0	0.0	3	1.028421780743452	-7.450359853811265	230.0	34	1.05	0.95				
	314	2	120.04555522035088	24.132869348421053	0.0	0.0	3	1.037836154160629	-7.595940563868935	230.0	36	1.05	0.95				
	315	2	196.15691239614037	39.602657392280705	0.0	0.0	3	1.0462202594424737	-0.3548708784391693	230.0	36	1.05	0.95				
	316	2	61.8791521754386	12.375830435087721	0.0	0.0	3	1.0469262451480377	0.6818738216983994	230.0	36	1.05	0.95				
	317	1	0.0	0.0	0.0	0.0	3	1.05	5.938250587544678	230.0	37	1.05	0.95				
	318	2	206.05757674421054	42.07782347929825	0.0	0.0	3	1.0414102920166797	3.552880871122231	230.0	37	1.05	0.95				
	319	1	112.00126543754388	22.895286304912283	0.0	0.0	3	1.0407285249549236	-1.2613712745129462	230.0	35	1.05	0.95				
	320	1	79.20531478456141	16.088579565614037	0.0	0.0	3	1.0409283202039528	-1.7909679864422643	230.0	35	1.05	0.95				
	321	2	0.0	0.0	0.0	0.0	3	1.0448306051941918	2.8748281413723205	230.0	37	1.05	0.95				
	322	2	0.0	0.0	0.0	0.0	3	1.05	8.419228980810496	230.0	37	1.05	0.95				
	323	2	0.0	0.0	0.0	0.0	3	1.0423725304276557	-1.6238717975665367	230.0	35	1.05	0.95				
	324	1	0.0	0.0	0.0	0.0	3	1.0237127289717216	-4.847723421732379	230.0	36	1.05	0.95				
	325	1	0.0	0.0	0.0	0.0	3	1.0354774860074996	-0.06657173646294409	230.0	35	1.05	0.95				
];
