%% MATPOWER Case Format : Version 2
function mpc = RTS_GMLC
mpc.version = '2';

%%-----  Power Flow Data  -----%%
%% system MVA base
mpc.baseMVA = 100.0;
%% bus data
%    bus_i    type    Pd    Qd    Gs    Bs    area    Vm    Va    baseKV    zone    Vmax    Vmin
mpc.bus = [
	101	2	49.751608130526314	10.134586841403507	0.0	0.0	1	1.0443237175287439	2.2670215115774504	138.0	11	1.05	0.95				
	102	2	44.684314709824555	9.213260764912281	0.0	0.0	1	1.043389737586421	1.9631529716125664	138.0	12	1.05	0.95				
	103	1	82.91934688421053	17.04453241508772	0.0	0.0	1	1.0245087865798772	0.7764075714199037	138.0	11	1.05	0.95				
	104	1	34.08906483017544	6.909945573684209	0.0	0.0	1	1.025432218281572	-1.2448477641556523	138.0	11	1.05	0.95				
	105	1	32.70707571543859	6.449282535438597	0.0	0.0	1	1.0406220928240133	-1.2807406148786296	138.0	11	1.05	0.95				
	106	1	62.650173201403504	12.898565070877194	0.0	-100.0	1	1.046734760777603	-3.7816646219262977	138.0	12	1.05	0.95				
	107	2	57.582879780701745	11.51657595614035	0.0	0.0	1	1.0000582356552232	-10.773490748703477	138.0	12	1.05	0.95				
	108	1	78.77337954	16.12320633859649	0.0	0.0	1	1.001935159952879	-8.903514542381709	138.0	12	1.05	0.95				
	109	1	80.61603169298245	16.583869376842102	0.0	0.0	1	1.0228434109131148	-2.5063853543730232	138.0	13	1.05	0.95				
	110	1	89.82929245789472	18.426521529824562	0.0	0.0	1	1.05	-3.4719108776472347	138.0	13	1.05	0.95				
	111	1	0.0	0.0	0.0	0.0	1	1.0027306563232155	-0.377761425488076	230.0	13	1.05	0.95				
	112	1	0.0	0.0	0.0	0.0	1	1.0077501196142524	-0.7600596204505351	230.0	13	1.05	0.95				
	113	3	122.0757051350877	24.875804065263157	0.0	0.0	1	0.9984419905315421	5.902964866870115e-29	230.0	14	1.05	0.95				
	114	2	89.36862941964911	17.965858491578945	0.0	0.0	1	0.9979153783727533	2.0430380918445006	230.0	16	1.05	0.95				
	115	2	146.03018312385962	29.482434447719296	0.0	0.0	1	1.0250571586151425	9.581676722577905	230.0	16	1.05	0.95				
	116	2	46.0663038245614	9.213260764912281	0.0	0.0	1	1.0217885442476529	8.23071822665766	230.0	16	1.05	0.95				
	117	1	0.0	0.0	0.0	0.0	1	1.0278789337077137	12.84766107138359	230.0	17	1.05	0.95				
	118	2	153.40079173578945	31.325086600701752	0.0	0.0	1	1.0330056890068928	13.416451112124943	230.0	17	1.05	0.95				
	119	1	83.38000992245614	17.04453241508772	0.0	0.0	1	1.0136243108761769	5.2956446464615095	230.0	15	1.05	0.95				
	120	1	58.96486889543859	11.977238994385965	0.0	0.0	1	1.011599343538415	3.6420300384826225	230.0	15	1.05	0.95				
	121	2	0.0	0.0	0.0	0.0	1	1.0353022411511013	15.04574288508921	230.0	17	1.05	0.95				
	122	2	0.0	0.0	0.0	0.0	1	1.05	27.026557070779486	230.0	17	1.05	0.95				
	123	2	0.0	0.0	0.0	0.0	1	1.011324042164508	3.094157169569706	230.0	15	1.05	0.95				
	124	1	0.0	0.0	0.0	0.0	1	1.0139159797583364	6.251860017531437	230.0	16	1.05	0.95				
	201	2	43.43459782736842	8.847788446315787	0.0	0.0	2	1.0075317244592892	-14.011055132464802	138.0	21	1.05	0.95				
	202	2	39.01070360421052	8.043444042105264	0.0	0.0	2	1.0066916225938665	-14.29106434253148	138.0	22	1.05	0.95				
	203	1	72.39099637894736	14.880371477894736	0.0	0.0	2	1.0151295223462635	-10.326084425930048	138.0	21	1.05	0.95				
	204	1	29.76074295578947	6.032583031578946	0.0	0.0	2	1.0098128987327792	-13.894725703597487	138.0	21	1.05	0.95				
	205	1	28.554226349473677	5.630410829473684	0.0	0.0	2	1.023824079544105	-14.310819199341587	138.0	21	1.05	0.95				
	206	1	54.695419486315785	11.260821658947368	0.0	-100.0	2	1.0408965116741353	-14.987123975044726	138.0	22	1.05	0.95				
	207	2	50.27152526315789	10.054305052631578	0.0	0.0	2	0.9902389274390196	-19.741986632390276	138.0	22	1.05	0.95				
	208	1	68.77144655999999	14.076027073684209	0.0	0.0	2	0.998540294926605	-17.96019724574177	138.0	22	1.05	0.95				
	209	1	70.38013536842105	14.478199275789471	0.0	0.0	2	1.0239204264940152	-11.903063532136375	138.0	23	1.05	0.95				
	210	1	78.4235794105263	16.08688808421053	0.0	0.0	2	1.05	-13.310510971256061	138.0	23	1.05	0.95				
	211	1	0.0	0.0	0.0	0.0	2	1.0068242169633688	-8.777265117736956	230.0	23	1.05	0.95				
	212	1	0.0	0.0	0.0	0.0	2	1.0133946545890793	-7.794129935428846	230.0	23	1.05	0.95				
	213	2	106.57563355789472	21.71729891368421	0.0	0.0	2	1.0081847325131383	-7.1267916528128445	230.0	24	1.05	0.95				
	214	2	78.02140720842104	15.684715882105262	0.0	0.0	2	1.0044767235889398	-6.283591500107634	230.0	26	1.05	0.95				
	215	2	127.4885880673684	25.73902093473684	0.0	0.0	2	1.0243482284152026	-0.3533739629122876	230.0	26	1.05	0.95				
	216	2	40.217220210526314	8.043444042105264	0.0	0.0	2	1.0272261102116402	-0.3847261968753272	230.0	26	1.05	0.95				
	217	1	0.0	0.0	0.0	0.0	2	1.0285168128256477	1.037142155368133	230.0	27	1.05	0.95				
	218	2	133.92334330105263	27.347709743157893	0.0	0.0	2	1.0276865899690768	0.5609204672973084	230.0	27	1.05	0.95				
	219	1	72.79316858105263	14.880371477894736	0.0	0.0	2	1.0349424581333633	-0.08086910935409222	230.0	25	1.05	0.95				
	220	1	51.47804186947368	10.456477254736841	0.0	0.0	2	1.0442121926739816	0.9482986084250652	230.0	25	1.05	0.95				
	221	2	0.0	0.0	0.0	0.0	2	1.029917667625189	1.0574999039935222	230.0	27	1.05	0.95				
	222	2	0.0	0.0	0.0	0.0	2	1.0499999943256109	7.5413206138305755	230.0	27	1.05	0.95				
	223	2	0.0	0.0	0.0	0.0	2	1.0499999859238283	1.8025756227108607	230.0	25	1.05	0.95				
	224	1	0.0	0.0	0.0	0.0	2	1.0086323270197166	-4.0924326936186555	230.0	26	1.05	0.95				
	301	2	50.668775696842104	10.321417271578946	0.0	0.0	3	1.0224146831170382	5.271032236698527	138.0	31	1.05	0.95				
	302	2	45.50806706105263	9.383106610526315	0.0	0.0	3	1.0194453511536195	4.91282333973929	138.0	32	1.05	0.95				
	303	1	84.44795949473684	17.358747229473686	0.0	0.0	3	1.05	20.045517941476973	138.0	31	1.05	0.95				
	304	1	34.71749445894737	7.037329957894737	0.0	0.0	3	1.0080957431076405	5.9791311297558	138.0	31	1.05	0.95				
	305	1	33.31002846736842	6.568174627368421	0.0	0.0	3	1.0265331872179555	4.174131161424761	138.0	31	1.05	0.95				
	306	1	63.805124951578954	13.136349254736842	0.0	-100.0	3	1.035701179773652	2.990187554730163	138.0	32	1.05	0.95				
	307	2	58.64441631578947	11.728883263157893	0.0	0.0	3	0.95	2.806198405220863	138.0	32	1.05	0.95				
	308	1	80.22556151999999	16.420436568421053	0.0	0.0	3	0.9701212282737103	2.8929652260487813	138.0	32	1.05	0.95				
	309	1	82.10218284210525	16.88959189894737	0.0	0.0	3	1.0135010966764593	8.82433880449002	138.0	33	1.05	0.95				
	310	1	91.48528945263156	18.76621322105263	0.0	0.0	3	1.0419424747512787	4.578417858204083	138.0	33	1.05	0.95				
	311	1	0.0	0.0	0.0	0.0	3	1.002082918286056	8.657668491421191	230.0	33	1.05	0.95				
	312	1	0.0	0.0	0.0	0.0	3	1.0068799473033798	9.028521688374655	230.0	33	1.05	0.95				
	313	2	124.32616258947367	25.334387848421052	0.0	0.0	3	1.0042757105361784	10.959490766943773	230.0	34	1.05	0.95				
	314	2	91.01613412210526	18.297057890526315	0.0	0.0	3	0.9985821652712639	8.688402836536486	230.0	36	1.05	0.95				
	315	2	148.7222397768421	30.02594115368421	0.0	0.0	3	1.0494631580129792	11.976592956483975	230.0	36	1.05	0.95				
	316	2	46.915533052631574	9.383106610526315	0.0	0.0	3	1.0348363788494612	11.533564208702986	230.0	36	1.05	0.95				
	317	1	0.0	0.0	0.0	0.0	3	1.05	15.27630357463182	230.0	37	1.05	0.95				
	318	2	156.22872506526315	31.902562475789477	0.0	0.0	3	1.048871711929217	12.93451507696902	230.0	37	1.05	0.95				
	319	1	84.91711482526316	17.358747229473686	0.0	0.0	3	1.0241194670034137	10.40746384863735	230.0	35	1.05	0.95				
	320	1	60.05188230736842	12.19803859368421	0.0	0.0	3	1.0183369589860776	10.335084095158166	230.0	35	1.05	0.95				
	321	2	0.0	0.0	0.0	0.0	3	1.05	13.233028838422241	230.0	37	1.05	0.95				
	322	2	0.0	0.0	0.0	0.0	3	1.05	18.383126914787407	230.0	37	1.05	0.95				
	323	2	0.0	0.0	0.0	0.0	3	1.0159184931742733	10.663726268526297	230.0	35	1.05	0.95				
	324	1	0.0	0.0	0.0	0.0	3	1.0469213906359909	15.062398937194747	230.0	36	1.05	0.95				
	325	1	0.0	0.0	0.0	0.0	3	1.0174131793767753	11.045739109013951	230.0	35	1.05	0.95				
];
