%% MATPOWER Case Format : Version 2
function mpc = RTS_GMLC
mpc.version = '2';

%%-----  Power Flow Data  -----%%
%% system MVA base
mpc.baseMVA = 100.0;
%% bus data
%    bus_i    type    Pd    Qd    Gs    Bs    area    Vm    Va    baseKV    zone    Vmax    Vmin
mpc.bus = [
	101	2	61.64176149473685	12.556655119298247	0.0	0.0	1	1.0356324437073048	-0.8382566512930368	138.0	11	1.05	0.95				
	102	2	55.36343393508771	11.41514101754386	0.0	0.0	1	1.035267187869125	-1.002621410969547	138.0	12	1.05	0.95				
	103	1	102.73626915789474	21.11801088245614	0.0	0.0	1	1.0193051472655157	-1.5168945844259853	138.0	11	1.05	0.95				
	104	1	42.23602176491228	8.561355763157895	0.0	0.0	1	1.019307949952766	-3.84842475016203	138.0	11	1.05	0.95				
	105	1	40.5237506122807	7.990598712280702	0.0	0.0	1	1.0352381914915239	-3.7844441615183237	138.0	11	1.05	0.95				
	106	1	77.62295891929824	15.981197424561405	0.0	-100.0	1	1.0420750021387335	-5.999805876604654	138.0	12	1.05	0.95				
	107	2	71.34463135964913	14.268926271929825	0.0	0.0	1	1.0201776378614005	-8.525206150690796	138.0	12	1.05	0.95				
	108	1	97.5994557	19.97649678070175	0.0	0.0	1	1.0123013417224644	-8.583298466381306	138.0	12	1.05	0.95				
	109	1	99.88248390350877	20.547253831578946	0.0	0.0	1	1.023930796156174	-3.8714841458628775	138.0	13	1.05	0.95				
	110	1	111.29762492105262	22.83028203508772	0.0	0.0	1	1.05	-4.9802764980857015	138.0	13	1.05	0.95				
	111	1	0.0	0.0	0.0	0.0	1	1.00605160386517	-1.2544226008360013	230.0	13	1.05	0.95				
	112	1	0.0	0.0	0.0	0.0	1	1.0113362136595576	-0.8268617578637087	230.0	13	1.05	0.95				
	113	3	151.25061848245613	30.820880747368424	0.0	0.0	1	1.006555478412995	-2.0873579211830013e-30	230.0	14	1.05	0.95				
	114	2	110.72686787017543	22.259524984210525	0.0	0.0	1	1.0014072705776145	0.935781976164942	230.0	16	1.05	0.95				
	115	2	180.92998512807017	36.52845125614035	0.0	0.0	1	1.0260257548191465	8.237956036456353	230.0	16	1.05	0.95				
	116	2	57.0757050877193	11.41514101754386	0.0	0.0	1	1.0243590811139625	7.5123532907574635	230.0	16	1.05	0.95				
	117	1	0.0	0.0	0.0	0.0	1	1.029583647957059	10.117447161478657	230.0	17	1.05	0.95				
	118	2	190.06209794210525	38.81147945964912	0.0	0.0	1	1.0303282258527784	10.281086712573158	230.0	17	1.05	0.95				
	119	1	103.30702620877193	21.11801088245614	0.0	0.0	1	1.0213258500917013	5.909744996879331	230.0	15	1.05	0.95				
	120	1	73.0569025122807	14.839683322807018	0.0	0.0	1	1.0236515271680906	5.634418944782651	230.0	15	1.05	0.95				
	121	2	0.0	0.0	0.0	0.0	1	1.032737982567442	11.772127629176588	230.0	17	1.05	0.95				
	122	2	0.0	0.0	0.0	0.0	1	1.05	19.328456828635854	230.0	17	1.05	0.95				
	123	2	0.0	0.0	0.0	0.0	1	1.026134095108474	5.9199544026663045	230.0	15	1.05	0.95				
	124	1	0.0	0.0	0.0	0.0	1	1.011480997537417	4.571532544422242	230.0	16	1.05	0.95				
	201	2	65.55139306105264	13.353061549473685	0.0	0.0	2	1.0292908718952563	-14.368818937144482	138.0	21	1.05	0.95				
	202	2	58.87486228631579	12.139146863157896	0.0	0.0	2	1.0297435897153224	-14.401818092239793	138.0	22	1.05	0.95				
	203	1	109.25232176842106	22.457421696842104	0.0	0.0	2	1.0194739760611529	-11.603808936028605	138.0	21	1.05	0.95				
	204	1	44.91484339368421	9.104360147368421	0.0	0.0	2	1.016188764191174	-16.327157158638258	138.0	21	1.05	0.95				
	205	1	43.093971364210525	8.497402804210527	0.0	0.0	2	1.0318290935586727	-16.715077980979355	138.0	21	1.05	0.95				
	206	1	82.5461986694737	16.994805608421053	0.0	-100.0	2	1.0400041261737851	-18.595922894635514	138.0	22	1.05	0.95				
	207	2	75.86966789473684	15.173933578947368	0.0	0.0	2	0.9883733443708355	-27.626196713386555	138.0	22	1.05	0.95				
	208	1	103.78970567999998	21.243507010526315	0.0	0.0	2	0.9882252817366607	-24.701486020175118	138.0	22	1.05	0.95				
	209	1	106.21753505263159	21.85046435368421	0.0	0.0	2	1.0236728332643026	-15.427829396857888	138.0	23	1.05	0.95				
	210	1	118.35668191578948	24.27829372631579	0.0	0.0	2	1.05	-17.16491591540919	138.0	23	1.05	0.95				
	211	1	0.0	0.0	0.0	0.0	2	1.0163102689884125	-11.871430270859308	230.0	23	1.05	0.95				
	212	1	0.0	0.0	0.0	0.0	2	1.016200772690608	-10.96481499231416	230.0	23	1.05	0.95				
	213	2	160.8436959368421	32.77569653052632	0.0	0.0	2	1.020320454875047	-10.540664830375697	230.0	24	1.05	0.95				
	214	2	117.74972457263158	23.671336383157897	0.0	0.0	2	1.0235872312195187	-8.625513910807491	230.0	26	1.05	0.95				
	215	2	192.40547778105264	38.84526996210526	0.0	0.0	2	1.0346134871053736	-0.06882553405643921	230.0	26	1.05	0.95				
	216	2	60.69573431578947	12.139146863157896	0.0	0.0	2	1.0372256370307429	-0.31685441997457875	230.0	26	1.05	0.95				
	217	1	0.0	0.0	0.0	0.0	2	1.0391902949979046	2.9016707400459727	230.0	27	1.05	0.95				
	218	2	202.11679527157895	41.27309933473685	0.0	0.0	2	1.0406207047461722	3.219926247131527	230.0	27	1.05	0.95				
	219	1	109.85927911157896	22.457421696842104	0.0	0.0	2	1.038801466606813	-1.0299125283266706	230.0	25	1.05	0.95				
	220	1	77.69053992421053	15.780890922105264	0.0	0.0	2	1.0450796071910453	-0.499155835980468	230.0	25	1.05	0.95				
	221	2	0.0	0.0	0.0	0.0	2	1.0408179374235853	2.886633049985499	230.0	27	1.05	0.95				
	222	2	0.0	0.0	0.0	0.0	2	1.05	9.395465243868914	230.0	27	1.05	0.95				
	223	2	0.0	0.0	0.0	0.0	2	1.05	0.23283425724749796	230.0	25	1.05	0.95				
	224	1	0.0	0.0	0.0	0.0	2	1.0146113157021548	-4.371536496831125	230.0	26	1.05	0.95				
	301	2	53.94875040000001	10.989560266666668	0.0	0.0	3	1.0329412651911327	-0.6216643606519192	138.0	31	1.05	0.95				
	302	2	48.453970266666666	9.990509333333335	0.0	0.0	3	1.0287790659733054	-0.9646304159192288	138.0	32	1.05	0.95				
	303	1	89.914584	18.48244226666667	0.0	0.0	3	1.05	14.874409617108109	138.0	31	1.05	0.95				
	304	1	36.96488453333334	7.492882000000001	0.0	0.0	3	1.011957657959634	0.418822679453563	138.0	31	1.05	0.95				
	305	1	35.466308133333335	6.993356533333335	0.0	0.0	3	1.0322463991910715	-1.699025899457653	138.0	31	1.05	0.95				
	306	1	67.93546346666668	13.98671306666667	0.0	-100.0	3	1.038284149124547	-2.8955754380546708	138.0	32	1.05	0.95				
	307	2	62.44068333333333	12.488136666666668	0.0	0.0	3	0.95	0.31504005973165305	138.0	32	1.05	0.95				
	308	1	85.4188548	17.483391333333334	0.0	0.0	3	0.9701017488485894	-1.028352902906485	138.0	32	1.05	0.95				
	309	1	87.41695666666666	17.9829168	0.0	0.0	3	1.014337752637326	3.650007316672859	138.0	33	1.05	0.95				
	310	1	97.407466	19.98101866666667	0.0	0.0	3	1.043437335001546	-1.1984159955622156	138.0	33	1.05	0.95				
	311	1	0.0	0.0	0.0	0.0	3	1.0029124043476356	2.4912420796451147	230.0	33	1.05	0.95				
	312	1	0.0	0.0	0.0	0.0	3	1.00739490953306	3.218151424311335	230.0	33	1.05	0.95				
	313	2	132.37424866666666	26.974375200000004	0.0	0.0	3	1.0042961564156005	5.00292584503956	230.0	34	1.05	0.95				
	314	2	96.90794053333333	19.481493200000003	0.0	0.0	3	0.9987876772264913	1.6526024142211433	230.0	36	1.05	0.95				
	315	2	158.34957293333335	31.969629866666672	0.0	0.0	3	1.0491113286727756	3.736415355528402	230.0	36	1.05	0.95				
	316	2	49.95254666666667	9.990509333333335	0.0	0.0	3	1.0352916306017312	3.504842441219122	230.0	36	1.05	0.95				
	317	1	0.0	0.0	0.0	0.0	3	1.0472328142422758	4.79617774506835	230.0	37	1.05	0.95				
	318	2	166.3419804	33.96773173333334	0.0	0.0	3	1.0487155080006743	3.699564725455343	230.0	37	1.05	0.95				
	319	1	90.41410946666667	18.48244226666667	0.0	0.0	3	1.0234029212128148	3.077032321567745	230.0	35	1.05	0.95				
	320	1	63.939259733333344	12.987662133333336	0.0	0.0	3	1.0168099394970258	3.6811322926871917	230.0	35	1.05	0.95				
	321	2	0.0	0.0	0.0	0.0	3	1.05	4.26816185670695	230.0	37	1.05	0.95				
	322	2	0.0	0.0	0.0	0.0	3	1.05	8.81950889829443	230.0	37	1.05	0.95				
	323	2	0.0	0.0	0.0	0.0	3	1.0142639677039567	4.410170761006084	230.0	35	1.05	0.95				
	324	1	0.0	0.0	0.0	0.0	3	1.0459424115190374	7.9916501709827905	230.0	36	1.05	0.95				
	325	1	0.0	0.0	0.0	0.0	3	1.014754100370919	5.041925993570769	230.0	35	1.05	0.95				
];
