%% MATPOWER Case Format : Version 2
function mpc = RTS_GMLC
mpc.version = '2';

%%-----  Power Flow Data  -----%%
%% system MVA base
mpc.baseMVA = 100.0;
%% bus data
%    bus_i    type    Pd    Qd    Gs    Bs    area    Vm    Va    baseKV    zone    Vmax    Vmin
mpc.bus = [
	101	2	60.14547253894737	12.251855517192983	0.0	0.0	1	1.0356718822704838	2.3244243650846554	138.0	11	1.05	0.95				
	102	2	54.01954478035087	11.138050470175438	0.0	0.0	1	1.0357037055616267	2.2873029050024174	138.0	12	1.05	0.95				
	103	1	100.24245423157893	20.605393369824558	0.0	0.0	1	1.026047271187614	0.3679553696226739	138.0	11	1.05	0.95				
	104	1	41.210786739649116	8.353537852631577	0.0	0.0	1	1.0204053930743706	-1.1728420322497506	138.0	11	1.05	0.95				
	105	1	39.540079169122805	7.796635329122807	0.0	0.0	1	1.035145877099179	-1.0293389670410837	138.0	11	1.05	0.95				
	106	1	75.73874319719297	15.593270658245615	0.0	-100.0	1	1.0422287977127969	-3.4247161171766862	138.0	12	1.05	0.95				
	107	2	69.61281543859648	13.922563087719297	0.0	0.0	1	1.0321569150197278	-1.893334588585044	138.0	12	1.05	0.95				
	108	1	95.23033152	19.491588322807015	0.0	0.0	1	1.0207201200365665	-3.7794894984460905	138.0	12	1.05	0.95				
	109	1	97.45794161403508	20.048490846315786	0.0	0.0	1	1.0256180191215207	-1.7617873166140323	138.0	13	1.05	0.95				
	110	1	108.59599208421051	22.276100940350876	0.0	0.0	1	1.05	-2.6844186869954587	138.0	13	1.05	0.95				
	111	1	0.0	0.0	0.0	0.0	1	1.0066711575720484	-0.10614182470594116	230.0	13	1.05	0.95				
	112	1	0.0	0.0	0.0	0.0	1	1.0111106357640471	0.38644733058184066	230.0	13	1.05	0.95				
	113	3	147.57916872982454	30.072736269473683	0.0	0.0	1	1.0001638194903655	1.2819473027988616e-30	230.0	14	1.05	0.95				
	114	2	108.03908956070174	21.719198416842104	0.0	0.0	1	1.0049470413551829	2.0242852741438004	230.0	16	1.05	0.95				
	115	2	176.5380999522807	35.6417615045614	0.0	0.0	1	1.0413749570312048	8.806160513242057	230.0	16	1.05	0.95				
	116	2	55.69025235087719	11.138050470175438	0.0	0.0	1	1.0377756298602359	8.312548771329382	230.0	16	1.05	0.95				
	117	1	0.0	0.0	0.0	0.0	1	1.0435347160565651	10.835699763892682	230.0	17	1.05	0.95				
	118	2	185.44854032842105	37.86937159859649	0.0	0.0	1	1.0468006646285706	10.8200501183097	230.0	17	1.05	0.95				
	119	1	100.79935675508771	20.605393369824558	0.0	0.0	1	1.030862546325543	6.986733029409285	230.0	15	1.05	0.95				
	120	1	71.2835230091228	14.47946561122807	0.0	0.0	1	1.0294354292658576	6.899769009541823	230.0	15	1.05	0.95				
	121	2	0.0	0.0	0.0	0.0	1	1.05	11.682188675891643	230.0	17	1.05	0.95				
	122	2	0.0	0.0	0.0	0.0	1	1.05	21.180093976349124	230.0	17	1.05	0.95				
	123	2	0.0	0.0	0.0	0.0	1	1.0297876882187562	7.275453890001528	230.0	15	1.05	0.95				
	124	1	0.0	0.0	0.0	0.0	1	1.024923409738974	5.665220924412073	230.0	16	1.05	0.95				
	201	2	58.921454425263164	12.002518494035087	0.0	0.0	2	1.0327842033630705	-7.232862800729597	138.0	21	1.05	0.95				
	202	2	52.92019517824561	10.911380449122808	0.0	0.0	2	1.0329446888225295	-7.299018396801886	138.0	22	1.05	0.95				
	203	1	98.20242404210526	20.186053830877192	0.0	0.0	2	1.0244066463731347	-5.755677909603778	138.0	21	1.05	0.95				
	204	1	40.372107661754384	8.183535336842105	0.0	0.0	2	1.0188960459448497	-9.674527776203979	138.0	21	1.05	0.95				
	205	1	38.735400594385965	7.637966314385966	0.0	0.0	2	1.0342828215175561	-9.897170895828074	138.0	21	1.05	0.95				
	206	1	74.19738705403509	15.275932628771931	0.0	-100.0	2	1.0423756486336768	-11.912851135056082	138.0	22	1.05	0.95				
	207	2	68.19612780701755	13.639225561403508	0.0	0.0	2	0.9877358090210788	-20.178953984505043	138.0	22	1.05	0.95				
	208	1	93.29230283999999	19.09491578596491	0.0	0.0	2	0.9908567089612402	-17.60739765456728	138.0	22	1.05	0.95				
	209	1	95.47457892982456	19.640484808421053	0.0	0.0	2	1.0239044452079549	-9.404145931214332	138.0	23	1.05	0.95				
	210	1	106.38595937894738	21.822760898245615	0.0	0.0	2	1.05	-10.875164736918236	138.0	23	1.05	0.95				
	211	1	0.0	0.0	0.0	0.0	2	1.0115813969223806	-6.5402394657066365	230.0	23	1.05	0.95				
	212	1	0.0	0.0	0.0	0.0	2	1.0133343497120242	-5.725864888671599	230.0	23	1.05	0.95				
	213	2	144.57579095087718	29.460727212631582	0.0	0.0	2	1.009384594692081	-5.4370888002243785	230.0	24	1.05	0.95				
	214	2	105.84039035649123	21.277191875789477	0.0	0.0	2	1.0163716183870877	-3.854286579215303	230.0	26	1.05	0.95				
	215	2	172.9453801185965	34.91641743719298	0.0	0.0	2	1.0330293637090038	3.2560060514679927	230.0	26	1.05	0.95				
	216	2	54.55690224561403	10.911380449122808	0.0	0.0	2	1.0355827672524047	3.247933480814426	230.0	26	1.05	0.95				
	217	1	0.0	0.0	0.0	0.0	2	1.0394869719231363	6.107477606045527	230.0	27	1.05	0.95				
	218	2	181.67448447789474	37.098693527017545	0.0	0.0	2	1.040939643359701	6.56347251338102	230.0	27	1.05	0.95				
	219	1	98.74799306456141	20.186053830877192	0.0	0.0	2	1.0358310881227177	2.6150458752784145	230.0	25	1.05	0.95				
	220	1	69.83283487438597	14.18479458385965	0.0	0.0	2	1.0402469828786431	3.1063139037310155	230.0	25	1.05	0.95				
	221	2	0.0	0.0	0.0	0.0	2	1.040557546313778	6.218779313451357	230.0	27	1.05	0.95				
	222	2	0.0	0.0	0.0	0.0	2	1.05	12.677953841890305	230.0	27	1.05	0.95				
	223	2	0.0	0.0	0.0	0.0	2	1.043857387145905	3.7784572976207436	230.0	25	1.05	0.95				
	224	1	0.0	0.0	0.0	0.0	2	1.0185459942030644	-0.12354475762479111	230.0	26	1.05	0.95				
	301	2	67.49572918736844	13.749130019649126	0.0	0.0	3	1.0155959298421124	-21.18633830548854	138.0	31	1.05	0.95				
	302	2	60.62116417754386	12.499209108771932	0.0	0.0	3	1.0138160087923496	-21.534872287760056	138.0	32	1.05	0.95				
	303	1	112.49288197894738	23.123536851228074	0.0	0.0	3	1.0480336643249737	-6.6884129026036625	138.0	31	1.05	0.95				
	304	1	46.24707370245615	9.374406831578948	0.0	0.0	3	1.0083983604469389	-19.856352187204887	138.0	31	1.05	0.95				
	305	1	44.37219233614035	8.749446376140353	0.0	0.0	3	1.0247460891214673	-21.577965816845253	138.0	31	1.05	0.95				
	306	1	84.99462193964914	17.498892752280707	0.0	-100.0	3	1.0361119574547737	-22.493151295923596	138.0	32	1.05	0.95				
	307	2	78.12005692982457	15.624011385964915	0.0	0.0	3	0.9910246008888991	-28.623729095111603	138.0	32	1.05	0.95				
	308	1	106.86823788000001	21.87361594035088	0.0	0.0	3	0.9899519996117365	-26.046050602537132	138.0	32	1.05	0.95				
	309	1	109.3680797017544	22.498576395789478	0.0	0.0	3	1.025528527729124	-15.923047550767201	138.0	33	1.05	0.95				
	310	1	121.86728881052633	24.998418217543865	0.0	0.0	3	1.05	-19.96905749976826	138.0	33	1.05	0.95				
	311	1	0.0	0.0	0.0	0.0	3	1.0200273009103713	-12.977680962808115	230.0	33	1.05	0.95				
	312	1	0.0	0.0	0.0	0.0	3	1.019218185254391	-12.509609797952205	230.0	33	1.05	0.95				
	313	2	165.61452069122808	33.74786459368422	0.0	0.0	3	1.0253227340399464	-9.919230465309754	230.0	34	1.05	0.95				
	314	2	121.24232835508772	24.373457762105268	0.0	0.0	3	1.0316306558916366	-10.729640068128964	230.0	36	1.05	0.95				
	315	2	198.1124643740351	39.99746914807018	0.0	0.0	3	1.05	-3.742292300761505	230.0	36	1.05	0.95				
	316	2	62.49604554385966	12.499209108771932	0.0	0.0	3	1.048913629269559	-3.7807146843120485	230.0	36	1.05	0.95				
	317	1	0.0	0.0	0.0	0.0	3	1.05	-1.1080378014138255	230.0	37	1.05	0.95				
	318	2	208.11183166105266	42.49731096982457	0.0	0.0	3	1.0475237178795551	-1.2323148068501648	230.0	37	1.05	0.95				
	319	1	113.11784243438598	23.123536851228074	0.0	0.0	3	1.0436614603581365	-5.422926331117416	230.0	35	1.05	0.95				
	320	1	79.99493829614036	16.248971841403513	0.0	0.0	3	1.044519339236925	-5.682905786547973	230.0	35	1.05	0.95				
	321	2	0.0	0.0	0.0	0.0	3	1.05	-0.5657016486165871	230.0	37	1.05	0.95				
	322	2	0.0	0.0	0.0	0.0	3	1.05	3.568677232006381	230.0	37	1.05	0.95				
	323	2	0.0	0.0	0.0	0.0	3	1.0463623831125186	-5.36643011521351	230.0	35	1.05	0.95				
	324	1	0.0	0.0	0.0	0.0	3	1.0434109426272873	-4.845865465538865	230.0	36	1.05	0.95				
	325	1	0.0	0.0	0.0	0.0	3	1.0410592869932696	-3.9675123421673053	230.0	35	1.05	0.95				
];
