%% MATPOWER Case Format : Version 2
function mpc = RTS_GMLC
mpc.version = '2';

%%-----  Power Flow Data  -----%%
%% system MVA base
mpc.baseMVA = 100.0;
%% bus data
%    bus_i    type    Pd    Qd    Gs    Bs    area    Vm    Va    baseKV    zone    Vmax    Vmin
mpc.bus = [
	101	2	43.40573973473685	8.841909945964913	0.0	0.0	1	1.05	5.91295742834435	138.0	11	1.05	0.95				
	102	2	38.98478476175439	8.038099950877193	0.0	0.0	1	1.0483109855547441	5.391401478975641	138.0	12	1.05	0.95				
	103	1	72.34289955789475	14.870484909122808	0.0	0.0	1	1.03425144220984	2.6233634597867224	138.0	11	1.05	0.95				
	104	1	29.740969818245617	6.028574963157895	0.0	0.0	1	1.0308805800137877	1.8026257970595283	138.0	11	1.05	0.95				
	105	1	28.535254825614036	5.626669965614036	0.0	0.0	1	1.0434828995256369	1.6494461271629666	138.0	11	1.05	0.95				
	106	1	54.65907966596492	11.253339931228073	0.0	-100.0	1	1.0489560685142145	-1.2599589679187975	138.0	12	1.05	0.95				
	107	2	50.23812469298245	10.047624938596492	0.0	0.0	1	1.0011258025446295	-6.554548556501795	138.0	12	1.05	0.95				
	108	1	68.72575458	14.066674914035088	0.0	0.0	1	1.0058241925921847	-5.5034867382310955	138.0	12	1.05	0.95				
	109	1	70.33337457017545	14.468579911578946	0.0	0.0	1	1.0244321050991545	-0.733485568802604	138.0	13	1.05	0.95				
	110	1	78.37147452105263	16.076199901754386	0.0	0.0	1	1.05	-1.4880233877258673	138.0	13	1.05	0.95				
	111	1	0.0	0.0	0.0	0.0	1	1.0016373714729168	-0.01307737561962609	230.0	13	1.05	0.95				
	112	1	0.0	0.0	0.0	0.0	1	1.006227014841596	-0.10922899909610599	230.0	13	1.05	0.95				
	113	3	106.5048243491228	21.702869867368424	0.0	0.0	1	0.9909186112542661	4.120261009256201e-31	230.0	14	1.05	0.95				
	114	2	77.96956952350878	15.674294904210528	0.0	0.0	1	0.9964237232678861	1.2029709605968706	230.0	16	1.05	0.95				
	115	2	127.40388422140352	25.72191984280702	0.0	0.0	1	1.032307762338651	6.129101645435683	230.0	16	1.05	0.95				
	116	2	40.19049975438597	8.038099950877193	0.0	0.0	1	1.0269601998487896	5.2768393360844215	230.0	16	1.05	0.95				
	117	1	0.0	0.0	0.0	0.0	1	1.0365225126610995	8.129171373173154	230.0	17	1.05	0.95				
	118	2	133.83436418210528	27.32953983298246	0.0	0.0	1	1.0402211521083866	8.62762193865392	230.0	17	1.05	0.95				
	119	1	72.7448045554386	14.870484909122808	0.0	0.0	1	1.0174880220347704	3.6488674363035467	230.0	15	1.05	0.95				
	120	1	51.44383968561404	10.449529936140351	0.0	0.0	1	1.0114056315509548	2.533988859136005	230.0	15	1.05	0.95				
	121	2	0.0	0.0	0.0	0.0	1	1.0435369975214213	9.647072896357232	230.0	17	1.05	0.95				
	122	2	0.0	0.0	0.0	0.0	1	1.05	15.803037103026549	230.0	17	1.05	0.95				
	123	2	0.0	0.0	0.0	0.0	1	1.0085177232079758	2.236760229379486	230.0	15	1.05	0.95				
	124	1	0.0	0.0	0.0	0.0	1	1.0269009846696484	4.804356070746727	230.0	16	1.05	0.95				
	201	2	42.34660791157896	8.626160870877193	0.0	0.0	2	1.0137590278719029	-7.001214725554504	138.0	21	1.05	0.95				
	202	2	38.03352747614036	7.841964428070177	0.0	0.0	2	1.0129340591038212	-7.231653013329069	138.0	22	1.05	0.95				
	203	1	70.57767985263159	14.507634191929824	0.0	0.0	2	1.014797074968961	-4.80106062923447	138.0	21	1.05	0.95				
	204	1	29.01526838385965	5.881473321052632	0.0	0.0	2	1.0127401406931558	-6.7036947572338175	138.0	21	1.05	0.95				
	205	1	27.838973719649125	5.4893750996491235	0.0	0.0	2	1.0271015249903184	-6.982934157370068	138.0	21	1.05	0.95				
	206	1	53.3253581108772	10.978750199298247	0.0	-100.0	2	1.0427321631598199	-7.469747885565327	138.0	22	1.05	0.95				
	207	2	49.0122776754386	9.80245553508772	0.0	0.0	2	0.9967048990500427	-12.163127535676136	138.0	22	1.05	0.95				
	208	1	67.04879586000001	13.723437749122807	0.0	0.0	2	1.0026648936275018	-10.41315457041859	138.0	22	1.05	0.95				
	209	1	68.61718874561404	14.115535970526317	0.0	0.0	2	1.0237839028976379	-4.648297900120959	138.0	23	1.05	0.95				
	210	1	76.45915317368421	15.683928856140353	0.0	0.0	2	1.05	-5.701586538299516	138.0	23	1.05	0.95				
	211	1	0.0	0.0	0.0	0.0	2	1.0025120959872578	-2.3524069173669733	230.0	23	1.05	0.95				
	212	1	0.0	0.0	0.0	0.0	2	1.0097415712912063	1.2859833737808655	230.0	23	1.05	0.95				
	213	2	103.90602867192985	21.17330395578948	0.0	0.0	2	0.9970950181518513	-0.3783103778328582	230.0	24	1.05	0.95				
	214	2	76.06705495228071	15.291830634736844	0.0	0.0	2	0.9985383524844443	-1.1069933771830103	230.0	26	1.05	0.95				
	215	2	124.29513618491228	25.094286169824564	0.0	0.0	2	1.017570592261944	3.2336005862666846	230.0	26	1.05	0.95				
	216	2	39.20982214035088	7.841964428070177	0.0	0.0	2	1.0171334946040709	3.047997194929954	230.0	26	1.05	0.95				
	217	1	0.0	0.0	0.0	0.0	2	1.0216865935889805	3.7570461155852737	230.0	27	1.05	0.95				
	218	2	130.56870772736843	26.6626790554386	0.0	0.0	2	1.0213663637580879	3.514501122085735	230.0	27	1.05	0.95				
	219	1	70.96977807403509	14.507634191929824	0.0	0.0	2	1.0169716445165689	3.0824488166115542	230.0	25	1.05	0.95				
	220	1	50.18857233964913	10.194553756491228	0.0	0.0	2	1.0193413530070128	3.89213043168522	230.0	25	1.05	0.95				
	221	2	0.0	0.0	0.0	0.0	2	1.0236155683989616	4.217570615716919	230.0	27	1.05	0.95				
	222	2	0.0	0.0	0.0	0.0	2	1.0452985016915621	10.586406720589062	230.0	27	1.05	0.95				
	223	2	0.0	0.0	0.0	0.0	2	1.0212705317551214	4.64185423955806	230.0	25	1.05	0.95				
	224	1	0.0	0.0	0.0	0.0	2	1.0064983054044934	0.20320737762264862	230.0	26	1.05	0.95				
	301	2	62.74659918315789	12.781714648421053	0.0	0.0	3	1.008181153867515	-14.783287345599126	138.0	31	1.05	0.95				
	302	2	56.35574185894736	11.619740589473684	0.0	0.0	3	1.0077524216791602	-14.910201943558537	138.0	32	1.05	0.95				
	303	1	104.57766530526315	21.496520090526314	0.0	0.0	3	1.0235635421553233	-8.281340283773465	138.0	31	1.05	0.95				
	304	1	42.99304018105263	8.714805442105263	0.0	0.0	3	1.0072858044498076	-12.913118543389547	138.0	31	1.05	0.95				
	305	1	41.25007909263157	8.13381841263158	0.0	0.0	3	1.0209267912625406	-13.659502236482856	138.0	31	1.05	0.95				
	306	1	79.01423600842105	16.26763682526316	0.0	-100.0	3	1.0357357575019652	-13.680886829091863	138.0	32	1.05	0.95				
	307	2	72.62337868421052	14.524675736842104	0.0	0.0	3	0.9945465336453151	-20.185354581858487	138.0	32	1.05	0.95				
	308	1	99.34878203999999	20.334546031578945	0.0	0.0	3	0.9949168776548906	-17.43086850310845	138.0	32	1.05	0.95				
	309	1	101.67273015789473	20.91553306105263	0.0	0.0	3	1.0271755789479236	-8.913037535380441	138.0	33	1.05	0.95				
	310	1	113.29247074736841	23.23948117894737	0.0	0.0	3	1.05	-10.671842705835145	138.0	33	1.05	0.95				
	311	1	0.0	0.0	0.0	0.0	3	1.0147946119467892	-3.6760410805687544	230.0	33	1.05	0.95				
	312	1	0.0	0.0	0.0	0.0	3	1.016721224409404	-3.1710886210813993	230.0	33	1.05	0.95				
	313	2	153.96156281052632	31.373299591578945	0.0	0.0	3	1.0295795757612973	2.0307937580016686	230.0	34	1.05	0.95				
	314	2	112.71148371789472	22.658494149473686	0.0	0.0	3	1.018224846605073	-2.5952972391497533	230.0	36	1.05	0.95				
	315	2	184.1728883431579	37.18316988631579	0.0	0.0	3	1.0293749296143506	-2.395434723326125	230.0	36	1.05	0.95				
	316	2	58.098702947368416	11.619740589473684	0.0	0.0	3	1.0299510883676808	-1.1914853834786223	230.0	36	1.05	0.95				
	317	1	0.0	0.0	0.0	0.0	3	1.032125174852267	-0.9281194509605155	230.0	37	1.05	0.95				
	318	2	193.46868081473684	39.507118004210525	0.0	0.0	3	1.0296546609499202	-1.374866060094595	230.0	37	1.05	0.95				
	319	1	105.15865233473684	21.496520090526314	0.0	0.0	3	1.0302907795358278	0.2406726856743588	230.0	35	1.05	0.95				
	320	1	74.36633977263158	15.105662766315788	0.0	0.0	3	1.0314977423174165	0.9032224650964354	230.0	35	1.05	0.95				
	321	2	0.0	0.0	0.0	0.0	3	1.0316798942652692	-1.1724612204429705	230.0	37	1.05	0.95				
	322	2	0.0	0.0	0.0	0.0	3	1.0450429832944603	3.271781138143802	230.0	37	1.05	0.95				
	323	2	0.0	0.0	0.0	0.0	3	1.032619886655352	1.3347885729873683	230.0	35	1.05	0.95				
	324	1	0.0	0.0	0.0	0.0	3	1.0208623915945239	-3.4129608942030116	230.0	36	1.05	0.95				
	325	1	0.0	0.0	0.0	0.0	3	1.0321256960133467	2.036938023416187	230.0	35	1.05	0.95				
];
