%% MATPOWER Case Format : Version 2
function mpc = RTS_GMLC
mpc.version = '2';

%%-----  Power Flow Data  -----%%
%% system MVA base
mpc.baseMVA = 100.0;
%% bus data
%    bus_i    type    Pd    Qd    Gs    Bs    area    Vm    Va    baseKV    zone    Vmax    Vmin
mpc.bus = [
	101	2	40.934190997894746	8.338446314385966	0.0	0.0	1	1.0155673621890013	3.333674681162879	138.0	11	1.05	0.95				
	102	2	36.76496784070176	7.580405740350877	0.0	0.0	1	1.0136920608268218	2.781273747952185	138.0	12	1.05	0.95				
	103	1	68.22365166315791	14.023750619649123	0.0	0.0	1	1.0304480349077956	5.528489641760376	138.0	11	1.05	0.95				
	104	1	28.047501239298246	5.685304305263158	0.0	0.0	1	1.0161044216166688	0.8781065804237792	138.0	11	1.05	0.95				
	105	1	26.910440378245614	5.306284018245615	0.0	0.0	1	1.0273891813580356	0.2673918780528884	138.0	11	1.05	0.95				
	106	1	51.54675903438597	10.61256803649123	0.0	-100.0	1	1.0422381590869028	-1.935905640918819	138.0	12	1.05	0.95				
	107	2	47.37753587719298	9.475507175438597	0.0	0.0	1	0.9815402645822018	-8.617426588974725	138.0	12	1.05	0.95				
	108	1	64.81246908	13.265710045614036	0.0	0.0	1	0.9939124693460001	-6.444380883813466	138.0	12	1.05	0.95				
	109	1	66.32855022807018	13.64473033263158	0.0	0.0	1	1.0246615429856287	0.046474401634351056	138.0	13	1.05	0.95				
	110	1	73.90895596842105	15.160811480701755	0.0	0.0	1	1.05	-1.5822913780370946	138.0	13	1.05	0.95				
	111	1	0.0	0.0	0.0	0.0	1	1.0159703216946339	1.820200459988026	230.0	13	1.05	0.95				
	112	1	0.0	0.0	0.0	0.0	1	1.0122825922873995	0.4221108361291863	230.0	13	1.05	0.95				
	113	3	100.44037605964913	20.467095498947373	0.0	0.0	1	0.9899545634847671	3.8278657792164503e-29	230.0	14	1.05	0.95				
	114	2	73.52993568140351	14.78179119368421	0.0	0.0	1	1.044475139921366	5.8868211715796726	230.0	16	1.05	0.95				
	115	2	120.1494309845614	24.257298369122807	0.0	0.0	1	1.042421134414109	16.164714501865106	230.0	16	1.05	0.95				
	116	2	37.90202870175439	7.580405740350877	0.0	0.0	1	1.0417074892050193	14.090534006094167	230.0	16	1.05	0.95				
	117	1	0.0	0.0	0.0	0.0	1	1.0406321114009598	20.4743437021707	230.0	17	1.05	0.95				
	118	2	126.21375557684212	25.773379517192986	0.0	0.0	1	1.05	21.259357205603447	230.0	17	1.05	0.95				
	119	1	68.60267195017545	14.023750619649123	0.0	0.0	1	1.0378176510208184	9.40560135773855	230.0	15	1.05	0.95				
	120	1	48.514596738245615	9.85452746245614	0.0	0.0	1	1.0414250650747527	5.77545292712614	230.0	15	1.05	0.95				
	121	2	0.0	0.0	0.0	0.0	1	1.0436357999753236	22.692811508953834	230.0	17	1.05	0.95				
	122	2	0.0	0.0	0.0	0.0	1	1.05	40.650857795055416	230.0	17	1.05	0.95				
	123	2	0.0	0.0	0.0	0.0	1	1.0448775175621599	4.073004987328655	230.0	15	1.05	0.95				
	124	1	0.0	0.0	0.0	0.0	1	1.0246447957888045	12.186022317813983	230.0	16	1.05	0.95				
	201	2	43.570596581052634	8.875491896140351	0.0	0.0	2	1.0146397988042728	-14.35080904926177	138.0	21	1.05	0.95				
	202	2	39.13285063298246	8.068628996491228	0.0	0.0	2	1.0138903486389024	-14.630567118311875	138.0	22	1.05	0.95				
	203	1	72.61766096842106	14.926963643508772	0.0	0.0	2	1.0102550403932555	-10.422541113254681	138.0	21	1.05	0.95				
	204	1	29.853927287017545	6.051471747368422	0.0	0.0	2	1.0119488069011982	-14.172857961099048	138.0	21	1.05	0.95				
	205	1	28.643632937543863	5.648040297543861	0.0	0.0	2	1.0274405107572535	-14.603509253095424	138.0	21	1.05	0.95				
	206	1	54.86667717614036	11.296080595087721	0.0	-100.0	2	1.0426305323990537	-15.255049919581074	138.0	22	1.05	0.95				
	207	2	50.42893122807017	10.085786245614035	0.0	0.0	2	0.9977864286021192	-20.08988025444442	138.0	22	1.05	0.95				
	208	1	68.98677792	14.120100743859648	0.0	0.0	2	1.00241163359212	-18.26790939309491	138.0	22	1.05	0.95				
	209	1	70.60050371929825	14.523532193684211	0.0	0.0	2	1.0219597854326294	-12.123497055371734	138.0	23	1.05	0.95				
	210	1	78.66913271578947	16.137257992982455	0.0	0.0	2	1.05	-13.558114498072833	138.0	23	1.05	0.95				
	211	1	0.0	0.0	0.0	0.0	2	1.0046038832500082	-9.943957289233632	230.0	23	1.05	0.95				
	212	1	0.0	0.0	0.0	0.0	2	1.008422209310778	-7.0552357892561055	230.0	23	1.05	0.95				
	213	2	106.90933420350876	21.785298290526317	0.0	0.0	2	0.9968225007562749	-8.611458676041133	230.0	24	1.05	0.95				
	214	2	78.26570126596492	15.733826543157894	0.0	0.0	2	1.0058580968868553	-8.09044146260227	230.0	26	1.05	0.95				
	215	2	127.88776959438597	25.819612788771927	0.0	0.0	2	1.0218372917435912	-1.8599409900987136	230.0	26	1.05	0.95				
	216	2	40.34314498245614	8.068628996491228	0.0	0.0	2	1.0222258942424363	-2.9933018974709342	230.0	26	1.05	0.95				
	217	1	0.0	0.0	0.0	0.0	2	1.0314246276550976	-0.5693944881720027	230.0	27	1.05	0.95				
	218	2	134.34267279157896	27.43333858807018	0.0	0.0	2	1.0304844516374214	-1.0283450854608023	230.0	27	1.05	0.95				
	219	1	73.02109241824562	14.926963643508772	0.0	0.0	2	1.0163373474738002	-4.178924130549285	230.0	25	1.05	0.95				
	220	1	51.639225577543854	10.489217695438597	0.0	0.0	2	1.0140657744025028	-4.412310422020007	230.0	25	1.05	0.95				
	221	2	0.0	0.0	0.0	0.0	2	1.0307437520518274	-0.5052253997161875	230.0	27	1.05	0.95				
	222	2	0.0	0.0	0.0	0.0	2	1.05	5.963091372114803	230.0	27	1.05	0.95				
	223	2	0.0	0.0	0.0	0.0	2	1.013262149640114	-4.221389150171556	230.0	25	1.05	0.95				
	224	1	0.0	0.0	0.0	0.0	2	1.0068579029267577	-5.059622194439877	230.0	26	1.05	0.95				
	301	2	66.00949067368421	13.446377729824563	0.0	0.0	3	1.003685919048845	-4.334399512481332	138.0	31	1.05	0.95				
	302	2	59.286301808771924	12.223979754385967	0.0	0.0	3	1.0034768305982793	-4.401670902623226	138.0	32	1.05	0.95				
	303	1	110.01581778947369	22.614362545614036	0.0	0.0	3	1.015905666694506	-0.04576075958311438	138.0	31	1.05	0.95				
	304	1	45.22872509122807	9.167984815789474	0.0	0.0	3	1.0041109234052428	-2.2684398061517994	138.0	31	1.05	0.95				
	305	1	43.395128128070176	8.556785828070176	0.0	0.0	3	1.0176070497395207	-2.521600347147805	138.0	31	1.05	0.95				
	306	1	83.12306232982458	17.11357165614035	0.0	-100.0	3	1.0335099369302483	-2.189973889129986	138.0	32	1.05	0.95				
	307	2	76.39987346491228	15.279974692982456	0.0	0.0	3	0.9958625748416848	-7.566546926952542	138.0	32	1.05	0.95				
	308	1	104.51502690000001	21.391964570175436	0.0	0.0	3	0.9991915208867731	-4.728938581137163	138.0	32	1.05	0.95				
	309	1	106.9598228508772	22.003163557894737	0.0	0.0	3	1.0264165146875686	1.9670591887968012	138.0	33	1.05	0.95				
	310	1	119.18380260526315	24.447959508771934	0.0	0.0	3	1.05	1.2462076883139435	138.0	33	1.05	0.95				
	311	1	0.0	0.0	0.0	0.0	3	1.0162751702309907	8.09348721091836	230.0	33	1.05	0.95				
	312	1	0.0	0.0	0.0	0.0	3	1.018318417498286	9.39916184396719	230.0	33	1.05	0.95				
	313	2	161.96773174561403	33.004745336842106	0.0	0.0	3	1.0359501853504642	15.157676540644738	230.0	34	1.05	0.95				
	314	2	118.57260361754385	23.836760521052632	0.0	0.0	3	1.0208508930516995	8.285952691538292	230.0	36	1.05	0.95				
	315	2	193.75007910701754	39.11673521403509	0.0	0.0	3	1.0337383812816714	6.130123221224256	230.0	36	1.05	0.95				
	316	2	61.119898771929826	12.223979754385967	0.0	0.0	3	1.034758881877061	7.961670116821824	230.0	36	1.05	0.95				
	317	1	0.0	0.0	0.0	0.0	3	1.0391815517553329	7.744365978242021	230.0	37	1.05	0.95				
	318	2	203.5292629105263	41.56153116491229	0.0	0.0	3	1.034927427252233	5.707076208883535	230.0	37	1.05	0.95				
	319	1	110.627016777193	22.614362545614036	0.0	0.0	3	1.0324052539664017	10.067350496374683	230.0	35	1.05	0.95				
	320	1	78.23347042807018	15.891173680701757	0.0	0.0	3	1.0334871204297038	11.889503566044219	230.0	35	1.05	0.95				
	321	2	0.0	0.0	0.0	0.0	3	1.036597138512014	6.455887192925721	230.0	37	1.05	0.95				
	322	2	0.0	0.0	0.0	0.0	3	1.0499999821697876	11.272038016365165	230.0	37	1.05	0.95				
	323	2	0.0	0.0	0.0	0.0	3	1.0347449430030609	12.812617291882523	230.0	35	1.05	0.95				
	324	1	0.0	0.0	0.0	0.0	3	1.020771095457134	5.340452068040337	230.0	36	1.05	0.95				
	325	1	0.0	0.0	0.0	0.0	3	1.0334663560584503	13.641657774755942	230.0	35	1.05	0.95				
];
