%% MATPOWER Case Format : Version 2
function mpc = RTS_GMLC
mpc.version = '2';

%%-----  Power Flow Data  -----%%
%% system MVA base
mpc.baseMVA = 100.0;
%% bus data
%    bus_i    type    Pd    Qd    Gs    Bs    area    Vm    Va    baseKV    zone    Vmax    Vmin
mpc.bus = [
	101	2	40.82731321263158	8.31667491368421	0.0	0.0	1	1.0195972487950797	-0.430043364412798	138.0	11	1.05	0.95				
	102	2	36.66897575578947	7.560613557894737	0.0	0.0	1	1.0171160691578496	-1.0884256784125372	138.0	12	1.05	0.95				
	103	1	68.04552202105263	13.987135082105262	0.0	0.0	1	1.0290100684610777	1.439236508048759	138.0	11	1.05	0.95				
	104	1	27.974270164210523	5.6704601684210525	0.0	0.0	1	1.0154838310460355	-2.6555523466610484	138.0	11	1.05	0.95				
	105	1	26.840178130526315	5.292429490526316	0.0	0.0	1	1.029984882724514	-2.6582211528556856	138.0	11	1.05	0.95				
	106	1	51.41217219368421	10.584858981052632	0.0	-100.0	1	1.043633482606807	-4.440363051395218	138.0	12	1.05	0.95				
	107	2	47.2538347368421	9.45076694736842	0.0	0.0	1	0.9997669936935588	-10.329907801146968	138.0	12	1.05	0.95				
	108	1	64.64324592	13.231073726315786	0.0	0.0	1	1.0048213042707776	-8.397514885165004	138.0	12	1.05	0.95				
	109	1	66.15536863157895	13.609104404210527	0.0	0.0	1	1.0244482275872964	-2.3639215655636234	138.0	13	1.05	0.95				
	110	1	73.71598218947368	15.121227115789473	0.0	0.0	1	1.05	-3.683401930858659	138.0	13	1.05	0.95				
	111	1	0.0	0.0	0.0	0.0	1	1.005379372915932	0.08437268589265429	230.0	13	1.05	0.95				
	112	1	0.0	0.0	0.0	0.0	1	1.0089589786932	-0.861892686144386	230.0	13	1.05	0.95				
	113	3	100.17812964210526	20.41365660631579	0.0	0.0	1	0.9968563560872397	-6.366000173656177e-30	230.0	14	1.05	0.95				
	114	2	73.33795151157894	14.743196437894737	0.0	0.0	1	1.0081636870308177	3.3756625056376235	230.0	16	1.05	0.95				
	115	2	119.83572489263156	24.193963385263157	0.0	0.0	1	1.0420635762818107	11.886210851899586	230.0	16	1.05	0.95				
	116	2	37.80306778947368	7.560613557894737	0.0	0.0	1	1.035599612002628	10.184880967665848	230.0	16	1.05	0.95				
	117	1	0.0	0.0	0.0	0.0	1	1.04171855807435	15.357221498298856	230.0	17	1.05	0.95				
	118	2	125.88421573894738	25.706086096842107	0.0	0.0	1	1.0498379801151456	16.142062824981444	230.0	17	1.05	0.95				
	119	1	68.42355269894736	13.987135082105262	0.0	0.0	1	1.0242945985301317	6.377967487517977	230.0	15	1.05	0.95				
	120	1	48.38792677052631	9.828797625263158	0.0	0.0	1	1.0200352632555256	3.7653806328012465	230.0	15	1.05	0.95				
	121	2	0.0	0.0	0.0	0.0	1	1.05	17.78295348164244	230.0	17	1.05	0.95				
	122	2	0.0	0.0	0.0	0.0	1	1.05	30.315884690818002	230.0	17	1.05	0.95				
	123	2	0.0	0.0	0.0	0.0	1	1.0185172958625068	2.6163299729386917	230.0	15	1.05	0.95				
	124	1	0.0	0.0	0.0	0.0	1	1.02412341878529	7.982785945886187	230.0	16	1.05	0.95				
	201	2	40.47662520000001	8.245238466666667	0.0	0.0	2	1.0120063325733986	-15.252626881777722	138.0	21	1.05	0.95				
	202	2	36.35400596666667	7.495671333333334	0.0	0.0	2	1.0110896710054424	-15.543756379414686	138.0	22	1.05	0.95				
	203	1	67.461042	13.866991966666667	0.0	0.0	2	1.0156798821126052	-11.193784821382948	138.0	21	1.05	0.95				
	204	1	27.733983933333334	5.6217535	0.0	0.0	2	1.0117844133678533	-15.274438263047477	138.0	21	1.05	0.95				
	205	1	26.609633233333334	5.246969933333334	0.0	0.0	2	1.0265220750918684	-15.71487956767606	138.0	21	1.05	0.95				
	206	1	50.97056506666667	10.493939866666668	0.0	-100.0	2	1.0427433808398678	-16.459312312487047	138.0	22	1.05	0.95				
	207	2	46.84794583333334	9.369589166666668	0.0	0.0	2	0.9940755888518471	-20.867481446029842	138.0	22	1.05	0.95				
	208	1	64.0879899	13.117424833333333	0.0	0.0	2	1.001594278339005	-19.216194862790573	138.0	22	1.05	0.95				
	209	1	65.58712416666667	13.492208399999999	0.0	0.0	2	1.0227719164530273	-13.495746062758148	138.0	23	1.05	0.95				
	210	1	73.0827955	14.991342666666668	0.0	0.0	2	1.05	-14.96745699886964	138.0	23	1.05	0.95				
	211	1	0.0	0.0	0.0	0.0	2	1.0049540110569608	-10.694356284816237	230.0	23	1.05	0.95				
	212	1	0.0	0.0	0.0	0.0	2	1.008547842679916	-10.162782109394676	230.0	23	1.05	0.95				
	213	2	99.31764516666667	20.238312600000004	0.0	0.0	2	1.0000998788155422	-9.55713827997182	230.0	24	1.05	0.95				
	214	2	72.70801193333334	14.616559100000002	0.0	0.0	2	1.0058063568359554	-8.031238211041112	230.0	26	1.05	0.95				
	215	2	118.80639063333334	23.986148266666667	0.0	0.0	2	1.0229189582518639	-1.5828107450861704	230.0	26	1.05	0.95				
	216	2	37.47835666666667	7.495671333333334	0.0	0.0	2	1.0245815449456241	-2.0195440690425555	230.0	26	1.05	0.95				
	217	1	0.0	0.0	0.0	0.0	2	1.0284066314529416	-0.21393582735811967	230.0	27	1.05	0.95				
	218	2	124.80292770000001	25.485282533333336	0.0	0.0	2	1.027841544787838	-0.6381561666341588	230.0	27	1.05	0.95				
	219	1	67.83582556666667	13.866991966666667	0.0	0.0	2	1.0262933603539468	-2.57989729914895	230.0	25	1.05	0.95				
	220	1	47.972296533333335	9.744372733333334	0.0	0.0	2	1.0300279100198146	-2.3318853891288147	230.0	25	1.05	0.95				
	221	2	0.0	0.0	0.0	0.0	2	1.0295930719822521	-0.1537139767820769	230.0	27	1.05	0.95				
	222	2	0.0	0.0	0.0	0.0	2	1.049999993710178	6.314201834234042	230.0	27	1.05	0.95				
	223	2	0.0	0.0	0.0	0.0	2	1.0324230532851582	-1.9098739583456572	230.0	25	1.05	0.95				
	224	1	0.0	0.0	0.0	0.0	2	1.0083838189372796	-5.1929800100623185	230.0	26	1.05	0.95				
	301	2	41.73426132631579	8.501423603508771	0.0	0.0	3	1.0088906918922644	12.207215373647827	138.0	31	1.05	0.95				
	302	2	37.4835495245614	7.7285669122807015	0.0	0.0	3	1.0088626685133335	11.83138574864472	138.0	32	1.05	0.95				
	303	1	69.55710221052631	14.297848787719298	0.0	0.0	3	1.0494675604537802	25.514778413514648	138.0	31	1.05	0.95				
	304	1	28.595697575438596	5.796425184210525	0.0	0.0	3	1.0097404884663268	12.390190296757691	138.0	31	1.05	0.95				
	305	1	27.43641253859649	5.409996838596491	0.0	0.0	3	1.0247040809864632	10.866481122860742	138.0	31	1.05	0.95				
	306	1	52.55425500350878	10.819993677192983	0.0	-100.0	3	1.0416826158847619	9.6270286903685	138.0	32	1.05	0.95				
	307	2	48.30354320175439	9.660708640350876	0.0	0.0	3	0.9790806540866285	5.8393579970680545	138.0	32	1.05	0.95				
	308	1	66.07924709999999	13.524992096491225	0.0	0.0	3	0.991999147362352	7.508051276730398	138.0	32	1.05	0.95				
	309	1	67.62496048245613	13.91142044210526	0.0	0.0	3	1.0215212018736763	14.454976737932146	138.0	33	1.05	0.95				
	310	1	75.35352739473683	15.457133824561403	0.0	0.0	3	1.05	10.779584133443471	138.0	33	1.05	0.95				
	311	1	0.0	0.0	0.0	0.0	3	1.0099016874250202	14.36890770525386	230.0	33	1.05	0.95				
	312	1	0.0	0.0	0.0	0.0	3	1.015869478113752	14.679025430441465	230.0	33	1.05	0.95				
	313	2	102.40351158771928	20.867130663157894	0.0	0.0	3	1.0139698402873112	16.66392798274952	230.0	34	1.05	0.95				
	314	2	74.9670990491228	15.07070547894737	0.0	0.0	3	1.0040795131942821	14.190519353204524	230.0	36	1.05	0.95				
	315	2	122.49778555964912	24.731414119298243	0.0	0.0	3	1.0452230952303552	16.592818564139876	230.0	36	1.05	0.95				
	316	2	38.642834561403504	7.7285669122807015	0.0	0.0	3	1.0336701249493816	16.21753841412896	230.0	36	1.05	0.95				
	317	1	0.0	0.0	0.0	0.0	3	1.05	19.33088841191636	230.0	37	1.05	0.95				
	318	2	128.68063908947366	26.27712750175439	0.0	0.0	3	1.049091727939595	16.579862991642095	230.0	37	1.05	0.95				
	319	1	69.94353055614035	14.297848787719298	0.0	0.0	3	1.0277370060038988	15.318532096635973	230.0	35	1.05	0.95				
	320	1	49.46282823859649	10.047136985964912	0.0	0.0	3	1.0250416190189438	15.286089708196664	230.0	35	1.05	0.95				
	321	2	0.0	0.0	0.0	0.0	3	1.0482147694675947	17.222707703785204	230.0	37	1.05	0.95				
	322	2	0.0	0.0	0.0	0.0	3	1.05	22.39583576592361	230.0	37	1.05	0.95				
	323	2	0.0	0.0	0.0	0.0	3	1.0239135409009237	15.568978325870349	230.0	35	1.05	0.95				
	324	1	0.0	0.0	0.0	0.0	3	1.0439604101459392	20.00579432892341	230.0	36	1.05	0.95				
	325	1	0.0	0.0	0.0	0.0	3	1.0265153109301097	15.771854231238875	230.0	35	1.05	0.95				
];
