%% MATPOWER Case Format : Version 2
function mpc = RTS_GMLC
mpc.version = '2';

%%-----  Power Flow Data  -----%%
%% system MVA base
mpc.baseMVA = 100.0;
%% bus data
%    bus_i    type    Pd    Qd    Gs    Bs    area    Vm    Va    baseKV    zone    Vmax    Vmin
mpc.bus = [
	101	2	76.52449280842106	15.588322609122807	0.0	0.0	1	1.0305972868305155	-1.5531880766690769	138.0	11	1.05	0.95				
	102	2	68.73033150385966	14.171202371929825	0.0	0.0	1	1.0306226029787238	-1.614483999829643	138.0	12	1.05	0.95				
	103	1	127.54082134736844	26.21672438807018	0.0	0.0	1	1.0208196299112395	-2.058768020772028	138.0	11	1.05	0.95				
	104	1	52.43344877614036	10.628401778947369	0.0	0.0	1	1.015933312937325	-4.5614027132390405	138.0	11	1.05	0.95				
	105	1	50.307768420350875	9.919841660350878	0.0	0.0	1	1.030775265972618	-4.591724324887162	138.0	11	1.05	0.95				
	106	1	96.36417612912281	19.839683320701756	0.0	-100.0	1	1.0368636524832593	-6.937160602625743	138.0	12	1.05	0.95				
	107	2	88.57001482456141	17.714002964912282	0.0	0.0	1	1.05	-4.388653450790809	138.0	12	1.05	0.95				
	108	1	121.16378028000001	24.79960415087719	0.0	0.0	1	1.0268678772606086	-6.724865934595715	138.0	12	1.05	0.95				
	109	1	123.99802075438598	25.50816426947368	0.0	0.0	1	1.0266036629255106	-4.097499845344484	138.0	13	1.05	0.95				
	110	1	138.16922312631579	28.34240474385965	0.0	0.0	1	1.05	-5.426836991045393	138.0	13	1.05	0.95				
	111	1	0.0	0.0	0.0	0.0	1	1.012398319051809	-1.2949893949031708	230.0	13	1.05	0.95				
	112	1	0.0	0.0	0.0	0.0	1	1.0155367883521527	-0.5674613241122329	230.0	13	1.05	0.95				
	113	3	187.7684314280702	38.26224640421053	0.0	0.0	1	1.0126426099438444	-4.404324485665241e-26	230.0	14	1.05	0.95				
	114	2	137.46066300771932	27.63384462526316	0.0	0.0	1	1.0140262116266798	1.099130993756984	230.0	16	1.05	0.95				
	115	2	224.61355759508774	45.34784759017544	0.0	0.0	1	1.0449485067439817	9.143874694046966	230.0	16	1.05	0.95				
	116	2	70.85601185964913	14.171202371929825	0.0	0.0	1	1.0432030530654806	8.716201311122637	230.0	16	1.05	0.95				
	117	1	0.0	0.0	0.0	0.0	1	1.046919487810435	11.881818180137657	230.0	17	1.05	0.95				
	118	2	235.9505194926316	48.182088064561405	0.0	0.0	1	1.0493655533920005	12.465738561858611	230.0	17	1.05	0.95				
	119	1	128.24938146596492	26.21672438807018	0.0	0.0	1	1.037507519944566	7.263303472822847	230.0	15	1.05	0.95				
	120	1	90.69569518035088	18.422563083508773	0.0	0.0	1	1.0388870431482535	7.338327938588673	230.0	15	1.05	0.95				
	121	2	0.0	0.0	0.0	0.0	1	1.05	13.046264326982127	230.0	17	1.05	0.95				
	122	2	0.0	0.0	0.0	0.0	1	1.05	20.355290063257367	230.0	17	1.05	0.95				
	123	2	0.0	0.0	0.0	0.0	1	1.0414923659271536	7.9037549392682935	230.0	15	1.05	0.95				
	124	1	0.0	0.0	0.0	0.0	1	1.021883215879201	5.00132084441283	230.0	16	1.05	0.95				
	201	2	92.2411459326316	18.789863060350882	0.0	0.0	2	1.05	-13.697317540052229	138.0	21	1.05	0.95				
	202	2	82.84621440245616	17.08169369122807	0.0	0.0	2	1.05	-13.74947703617245	138.0	22	1.05	0.95				
	203	1	153.73524322105266	31.601133328771937	0.0	0.0	2	1.0238415954772062	-9.952646333768474	138.0	21	1.05	0.95				
	204	1	63.20226665754387	12.811270268421055	0.0	0.0	2	1.0202874290446717	-15.62377105737063	138.0	21	1.05	0.95				
	205	1	60.64001260385965	11.957185583859651	0.0	0.0	2	1.0382978243244114	-16.12101409786292	138.0	21	1.05	0.95				
	206	1	116.1555171003509	23.914371167719302	0.0	-100.0	2	1.0364629308331101	-18.270107910038046	138.0	22	1.05	0.95				
	207	2	106.76058557017545	21.352117114035092	0.0	0.0	2	0.95	-29.137567946583324	138.0	22	1.05	0.95				
	208	1	146.04848106	29.892963959649126	0.0	0.0	2	0.954423648033946	-25.76590827206322	138.0	22	1.05	0.95				
	209	1	149.46481979824563	30.74704864421053	0.0	0.0	2	1.0234748568884102	-13.733438526652902	138.0	23	1.05	0.95				
	210	1	166.5465134894737	34.16338738245614	0.0	0.0	2	1.0484638382379965	-15.938759551876682	138.0	23	1.05	0.95				
	211	1	0.0	0.0	0.0	0.0	2	1.0311763977448931	-8.374518220788229	230.0	23	1.05	0.95				
	212	1	0.0	0.0	0.0	0.0	2	1.022259633651407	-7.024013833803657	230.0	23	1.05	0.95				
	213	2	226.33244140877196	46.1205729663158	0.0	0.0	2	1.05	-4.108758682229932	230.0	24	1.05	0.95				
	214	2	165.6924288049123	33.30930269789474	0.0	0.0	2	1.05	-5.9494176093126185	230.0	26	1.05	0.95				
	215	2	270.7448450059649	54.66141981192983	0.0	0.0	2	1.0433447053722975	2.9857321017862617	230.0	26	1.05	0.95				
	216	2	85.40846845614037	17.08169369122807	0.0	0.0	2	1.0479041162732818	2.7850528518339566	230.0	26	1.05	0.95				
	217	1	0.0	0.0	0.0	0.0	2	1.0487778604228477	6.174151970694814	230.0	27	1.05	0.95				
	218	2	284.41019995894743	58.07775855017545	0.0	0.0	2	1.0499999991254507	6.746484848678531	230.0	27	1.05	0.95				
	219	1	154.58932790561406	31.601133328771937	0.0	0.0	2	1.0424090607783496	2.1865977286206415	230.0	25	1.05	0.95				
	220	1	109.32283962385966	22.206201798596496	0.0	0.0	2	1.04544864370883	3.263364797404912	230.0	25	1.05	0.95				
	221	2	0.0	0.0	0.0	0.0	2	1.05	7.221925875403959	230.0	27	1.05	0.95				
	222	2	0.0	0.0	0.0	0.0	2	1.05	13.322724803479092	230.0	27	1.05	0.95				
	223	2	0.0	0.0	0.0	0.0	2	1.05	4.472427023440106	230.0	25	1.05	0.95				
	224	1	0.0	0.0	0.0	0.0	2	1.0196821757078156	-1.8235462791417314	230.0	26	1.05	0.95				
	301	2	68.48655487578948	13.950964882105263	0.0	0.0	3	1.0147433245437298	-14.987147184125988	138.0	31	1.05	0.95				
	302	2	61.51107243473683	12.68269534736842	0.0	0.0	3	1.0131335022785064	-15.344795669831173	138.0	32	1.05	0.95				
	303	1	114.14425812631579	23.462986392631578	0.0	0.0	3	1.0427042433301568	-3.850097817523392	138.0	31	1.05	0.95				
	304	1	46.925972785263156	9.512021510526315	0.0	0.0	3	1.0092142151457473	-13.908348307543353	138.0	31	1.05	0.95				
	305	1	45.02356848315789	8.877886743157895	0.0	0.0	3	1.0241191442945463	-15.166236380508318	138.0	31	1.05	0.95				
	306	1	86.24232836210525	17.75577348631579	0.0	-100.0	3	1.03566468040827	-15.97694473683672	138.0	32	1.05	0.95				
	307	2	79.26684592105262	15.853369184210525	0.0	0.0	3	1.0037084720347398	-17.733900799685753	138.0	32	1.05	0.95				
	308	1	108.43704521999999	22.194716857894733	0.0	0.0	3	1.0006357878144092	-17.1936392463499	138.0	32	1.05	0.95				
	309	1	110.97358428947368	22.828851625263155	0.0	0.0	3	1.0275803006004574	-10.14457831257521	138.0	33	1.05	0.95				
	310	1	123.65627963684209	25.36539069473684	0.0	0.0	3	1.05	-13.313979034960278	138.0	33	1.05	0.95				
	311	1	0.0	0.0	0.0	0.0	3	1.0175999326019982	-6.845414767053918	230.0	33	1.05	0.95				
	312	1	0.0	0.0	0.0	0.0	3	1.018021912387423	-5.9086264755502835	230.0	33	1.05	0.95				
	313	2	168.04571335263157	34.24327743789474	0.0	0.0	3	1.0242180995544348	-2.8804869466727325	230.0	34	1.05	0.95				
	314	2	123.02214486947366	24.73125592736842	0.0	0.0	3	1.0245561768186482	-5.4375879660929884	230.0	36	1.05	0.95				
	315	2	201.02072125578948	40.584625111578944	0.0	0.0	3	1.046935908569966	0.8087711787046615	230.0	36	1.05	0.95				
	316	2	63.4134767368421	12.68269534736842	0.0	0.0	3	1.0443029689523466	0.4004246133743579	230.0	36	1.05	0.95				
	317	1	0.0	0.0	0.0	0.0	3	1.0470187403277114	2.3693386909141676	230.0	37	1.05	0.95				
	318	2	211.16687753368421	43.12116418105263	0.0	0.0	3	1.0474495552561442	2.529225294017375	230.0	37	1.05	0.95				
	319	1	114.77839289368421	23.462986392631578	0.0	0.0	3	1.0397222111164528	-0.2184327143684986	230.0	35	1.05	0.95				
	320	1	81.16925022315789	16.487503951578947	0.0	0.0	3	1.040953657698455	0.44051734090030675	230.0	35	1.05	0.95				
	321	2	0.0	0.0	0.0	0.0	3	1.05	3.870434674285323	230.0	37	1.05	0.95				
	322	2	0.0	0.0	0.0	0.0	3	1.05	9.056286925637236	230.0	37	1.05	0.95				
	323	2	0.0	0.0	0.0	0.0	3	1.0432877088985655	1.2708570719022765	230.0	35	1.05	0.95				
	324	1	0.0	0.0	0.0	0.0	3	1.038214394739417	-0.9392701744197877	230.0	36	1.05	0.95				
	325	1	0.0	0.0	0.0	0.0	3	1.0409882313305212	2.2518917056107064	230.0	35	1.05	0.95				
];
