%% MATPOWER Case Format : Version 2
function mpc = RTS_GMLC
mpc.version = '2';

%%-----  Power Flow Data  -----%%
%% system MVA base
mpc.baseMVA = 100.0;
%% bus data
%    bus_i    type    Pd    Qd    Gs    Bs    area    Vm    Va    baseKV    zone    Vmax    Vmin
mpc.bus = [
	101	2	68.06778821052633	13.865660561403509	0.0	0.0	1	1.02901858723968	-1.2427286218465803	138.0	11	1.05	0.95				
	102	2	61.134957929824566	12.605145964912282	0.0	0.0	1	1.0285120657685503	-1.4274801707718108	138.0	12	1.05	0.95				
	103	1	113.44631368421054	23.31952003508772	0.0	0.0	1	1.0230330532655665	-1.1385545133282484	138.0	11	1.05	0.95				
	104	1	46.63904007017544	9.45385947368421	0.0	0.0	1	1.016213008349332	-4.160259370387718	138.0	11	1.05	0.95				
	105	1	44.7482681754386	8.823602175438598	0.0	0.0	1	1.0310637186213099	-4.192033263822506	138.0	11	1.05	0.95				
	106	1	85.71499256140352	17.647204350877196	0.0	-100.0	1	1.0387178004490365	-6.454635827363787	138.0	12	1.05	0.95				
	107	2	78.78216228070175	15.75643245614035	0.0	0.0	1	1.0276316417937235	-7.159881904140694	138.0	12	1.05	0.95				
	108	1	107.773998	22.05900543859649	0.0	0.0	1	1.0156770080125934	-8.011837625151784	138.0	12	1.05	0.95				
	109	1	110.29502719298246	22.689262736842107	0.0	0.0	1	1.0259157784411888	-3.8300124126585655	138.0	13	1.05	0.95				
	110	1	122.90017315789474	25.210291929824564	0.0	0.0	1	1.05	-5.1783969899597935	138.0	13	1.05	0.95				
	111	1	0.0	0.0	0.0	0.0	1	1.0115687260792505	-0.9724896150092814	230.0	13	1.05	0.95				
	112	1	0.0	0.0	0.0	0.0	1	1.0147287882626683	-0.7537211385531575	230.0	13	1.05	0.95				
	113	3	167.01818403508773	34.033894105263165	0.0	0.0	1	1.0100330480414388	-3.421575348522585e-26	230.0	14	1.05	0.95				
	114	2	122.26991585964913	24.580034631578947	0.0	0.0	1	1.0145880067430224	1.7708159722409804	230.0	16	1.05	0.95				
	115	2	199.79156354385964	40.3364670877193	0.0	0.0	1	1.0445116588206744	10.166247928633052	230.0	16	1.05	0.95				
	116	2	63.0257298245614	12.605145964912282	0.0	0.0	1	1.041557326201653	9.403755916518989	230.0	16	1.05	0.95				
	117	1	0.0	0.0	0.0	0.0	1	1.0434145508248165	13.323055838733247	230.0	17	1.05	0.95				
	118	2	209.87568031578948	42.85749628070176	0.0	0.0	1	1.0490998860198977	13.252771691380515	230.0	17	1.05	0.95				
	119	1	114.07657098245613	23.31952003508772	0.0	0.0	1	1.0349944412710983	7.129819506584755	230.0	15	1.05	0.95				
	120	1	80.6729341754386	16.386689754385966	0.0	0.0	1	1.0353298512416285	6.345140869269	230.0	15	1.05	0.95				
	121	2	0.0	0.0	0.0	0.0	1	1.05	14.663743844171124	230.0	17	1.05	0.95				
	122	2	0.0	0.0	0.0	0.0	1	1.05	29.882597178903104	230.0	17	1.05	0.95				
	123	2	0.0	0.0	0.0	0.0	1	1.036921763899785	6.385192427251395	230.0	15	1.05	0.95				
	124	1	0.0	0.0	0.0	0.0	1	1.022308971798507	5.974886985925103	230.0	16	1.05	0.95				
	201	2	68.52636549473685	13.959074452631578	0.0	0.0	2	1.0326975422059725	-14.5657106344359	138.0	21	1.05	0.95				
	202	2	61.54682826842105	12.690067684210526	0.0	0.0	2	1.0328935631644642	-14.66380875789783	138.0	22	1.05	0.95				
	203	1	114.21060915789474	23.476625215789472	0.0	0.0	2	1.0219449006931827	-11.611975038895755	138.0	21	1.05	0.95				
	204	1	46.953250431578944	9.517550763157894	0.0	0.0	2	1.0171301841551075	-16.746499225367874	138.0	21	1.05	0.95				
	205	1	45.04974027894736	8.883047378947369	0.0	0.0	2	1.0331085222763268	-17.122034751295224	138.0	21	1.05	0.95				
	206	1	86.29246025263159	17.766094757894738	0.0	-100.0	2	1.0398835842691527	-19.157044655157755	138.0	22	1.05	0.95				
	207	2	79.31292302631579	15.862584605263159	0.0	0.0	2	0.984614203362383	-28.683364338490314	138.0	22	1.05	0.95				
	208	1	108.5000787	22.207618447368418	0.0	0.0	2	0.9846974771944402	-25.60568998373696	138.0	22	1.05	0.95				
	209	1	111.03809223684212	22.842121831578947	0.0	0.0	2	1.0238225078996295	-15.873796151938802	138.0	23	1.05	0.95				
	210	1	123.72815992105264	25.38013536842105	0.0	0.0	2	1.05	-17.70942718518898	138.0	23	1.05	0.95				
	211	1	0.0	0.0	0.0	0.0	2	1.0189075251504527	-12.296750288889022	230.0	23	1.05	0.95				
	212	1	0.0	0.0	0.0	0.0	2	1.0160938159832067	-11.330914558619185	230.0	23	1.05	0.95				
	213	2	168.14339681578946	34.263182747368425	0.0	0.0	2	1.0210956029518765	-10.931933684801022	230.0	24	1.05	0.95				
	214	2	123.0936565368421	24.74563198421053	0.0	0.0	2	1.030560435877669	-9.046596418444585	230.0	26	1.05	0.95				
	215	2	201.13757279473683	40.608216589473685	0.0	0.0	2	1.0397580076195427	-0.3199198195752812	230.0	26	1.05	0.95				
	216	2	63.450338421052635	12.690067684210526	0.0	0.0	2	1.042983984736315	-0.5730034636617543	230.0	26	1.05	0.95				
	217	1	0.0	0.0	0.0	0.0	2	1.0447786522321556	2.7173109438801846	230.0	27	1.05	0.95				
	218	2	211.28962694210526	43.14623012631579	0.0	0.0	2	1.0460277610387243	2.9598499275225083	230.0	27	1.05	0.95				
	219	1	114.84511254210528	23.476625215789472	0.0	0.0	2	1.041846619804003	-1.2230733287568736	230.0	25	1.05	0.95				
	220	1	81.21643317894737	16.497087989473684	0.0	0.0	2	1.046057133095795	-0.5945130178613866	230.0	25	1.05	0.95				
	221	2	0.0	0.0	0.0	0.0	2	1.0455524995505916	2.629335479770897	230.0	27	1.05	0.95				
	222	2	0.0	0.0	0.0	0.0	2	1.05	9.17196844576526	230.0	27	1.05	0.95				
	223	2	0.0	0.0	0.0	0.0	2	1.05	0.2117424908731371	230.0	25	1.05	0.95				
	224	1	0.0	0.0	0.0	0.0	2	1.0190034616382133	-4.52106018303134	230.0	26	1.05	0.95				
	301	2	60.71369820631579	12.36760519017544	0.0	0.0	3	1.0136470563837179	-10.395832788735193	138.0	31	1.05	0.95				
	302	2	54.52989561122806	11.243277445614035	0.0	0.0	3	1.0123617002515917	-10.722970819570037	138.0	32	1.05	0.95				
	303	1	101.18949701052631	20.800063274385963	0.0	0.0	3	1.05	3.897062236716452	138.0	31	1.05	0.95				
	304	1	41.600126548771925	8.432458084210525	0.0	0.0	3	1.0101015259348338	-8.827422982712681	138.0	31	1.05	0.95				
	305	1	39.91363493192982	7.870294211929825	0.0	0.0	3	1.0247146237706881	-11.274773859282847	138.0	31	1.05	0.95				
	306	1	76.45428663017543	15.74058842385965	0.0	-100.0	3	1.0375750719618237	-12.3952821863325	138.0	32	1.05	0.95				
	307	2	70.27048403508772	14.054096807017544	0.0	0.0	3	0.9915395018727087	-18.072883218231027	138.0	32	1.05	0.95				
	308	1	96.13002216	19.67573552982456	0.0	0.0	3	0.9926349997999633	-15.405226922645417	138.0	32	1.05	0.95				
	309	1	98.3786776491228	20.23789940210526	0.0	0.0	3	1.0275524984046798	-4.985893272855316	138.0	33	1.05	0.95				
	310	1	109.62195509473685	22.48655489122807	0.0	0.0	3	1.05	-10.350974911053534	138.0	33	1.05	0.95				
	311	1	0.0	0.0	0.0	0.0	3	1.016099704612824	-4.6635016456361384	230.0	33	1.05	0.95				
	312	1	0.0	0.0	0.0	0.0	3	1.0182430655435852	-3.9394703457457734	230.0	33	1.05	0.95				
	313	2	148.97342615438595	30.356849103157895	0.0	0.0	3	1.0178877487911304	-1.8359751133048607	230.0	34	1.05	0.95				
	314	2	109.05979122245613	21.92439101894737	0.0	0.0	3	1.0196727014746765	-4.072768731838706	230.0	36	1.05	0.95				
	315	2	178.20594751298245	35.97848782596491	0.0	0.0	3	1.0446073718811881	0.46489215695738056	230.0	36	1.05	0.95				
	316	2	56.216387228070175	11.243277445614035	0.0	0.0	3	1.041844280256883	0.1732727443278556	230.0	36	1.05	0.95				
	317	1	0.0	0.0	0.0	0.0	3	1.048890578757897	2.8266712157284455	230.0	37	1.05	0.95				
	318	2	187.20056946947366	38.227143315087716	0.0	0.0	3	1.0474047156146957	1.9344476644247943	230.0	37	1.05	0.95				
	319	1	101.75166088280703	20.800063274385963	0.0	0.0	3	1.0362200501406538	-0.5815400924416853	230.0	35	1.05	0.95				
	320	1	71.95697565192982	14.616260679298247	0.0	0.0	3	1.0357436590972042	-0.16865939092359394	230.0	35	1.05	0.95				
	321	2	0.0	0.0	0.0	0.0	3	1.0483921038743023	2.5958466330291263	230.0	37	1.05	0.95				
	322	2	0.0	0.0	0.0	0.0	3	1.05	7.029821587860543	230.0	37	1.05	0.95				
	323	2	0.0	0.0	0.0	0.0	3	1.0367332812282914	0.4805189408895224	230.0	35	1.05	0.95				
	324	1	0.0	0.0	0.0	0.0	3	1.0437305842534375	1.780978881722418	230.0	36	1.05	0.95				
	325	1	0.0	0.0	0.0	0.0	3	1.0338073405081367	1.6665683533365652	230.0	35	1.05	0.95				
];
