%% MATPOWER Case Format : Version 2
function mpc = RTS_GMLC
mpc.version = '2';

%%-----  Power Flow Data  -----%%
%% system MVA base
mpc.baseMVA = 100.0;
%% bus data
%    bus_i    type    Pd    Qd    Gs    Bs    area    Vm    Va    baseKV    zone    Vmax    Vmin
mpc.bus = [
	101	2	35.17615042105264	7.1655121228070175	0.0	0.0	1	1.0345569497927052	4.842351124396806	138.0	11	1.05	0.95				
	102	2	31.593394359649125	6.5141019298245615	0.0	0.0	1	1.0336295984565103	4.575687959497609	138.0	12	1.05	0.95				
	103	1	58.62691736842106	12.05108857017544	0.0	0.0	1	1.032933092746594	3.2459897244379676	138.0	11	1.05	0.95				
	104	1	24.10217714035088	4.885576447368421	0.0	0.0	1	1.0231371420811377	1.2945422661349337	138.0	11	1.05	0.95				
	105	1	23.125061850877195	4.559871350877193	0.0	0.0	1	1.0375456590738532	1.5325141561836073	138.0	11	1.05	0.95				
	106	1	44.29589312280702	9.119742701754387	0.0	-100.0	1	1.048241437383935	-0.7141551365087775	138.0	12	1.05	0.95				
	107	2	40.71313706140351	8.142627412280703	0.0	0.0	1	1.0008276284123632	-6.509120133258498	138.0	12	1.05	0.95				
	108	1	55.6955715	11.399678377192982	0.0	0.0	1	1.0075724176571326	-4.940114431183705	138.0	12	1.05	0.95				
	109	1	56.998391885964914	11.72538347368421	0.0	0.0	1	1.0242612499606547	-0.06929119343010741	138.0	13	1.05	0.95				
	110	1	63.51249381578947	13.028203859649123	0.0	0.0	1	1.05	-0.7995128049899413	138.0	13	1.05	0.95				
	111	1	0.0	0.0	0.0	0.0	1	1.0006882046480132	1.0941425883968896	230.0	13	1.05	0.95				
	112	1	0.0	0.0	0.0	0.0	1	1.0053886019156326	0.5836064742974206	230.0	13	1.05	0.95				
	113	3	86.31185057017544	17.58807521052632	0.0	0.0	1	0.9874885677089875	1.8508043410149903e-30	230.0	14	1.05	0.95				
	114	2	63.18678871929825	12.702498763157896	0.0	0.0	1	0.9985539417416806	3.708602455000678	230.0	16	1.05	0.95				
	115	2	103.2485155877193	20.845126175438597	0.0	0.0	1	1.0391642442392408	10.288645487313762	230.0	16	1.05	0.95				
	116	2	32.57050964912281	6.5141019298245615	0.0	0.0	1	1.034056425185854	9.174153967045244	230.0	16	1.05	0.95				
	117	1	0.0	0.0	0.0	0.0	1	1.0407518587806526	13.206074338121159	230.0	17	1.05	0.95				
	118	2	108.45979713157897	22.14794656140351	0.0	0.0	1	1.0473960296912563	13.464950060743044	230.0	17	1.05	0.95				
	119	1	58.95262246491229	12.05108857017544	0.0	0.0	1	1.0227853347691092	6.604159688480323	230.0	15	1.05	0.95				
	120	1	41.690252350877195	8.468332508771931	0.0	0.0	1	1.016118052749653	4.9782881379854445	230.0	15	1.05	0.95				
	121	2	0.0	0.0	0.0	0.0	1	1.05	14.478439979531016	230.0	17	1.05	0.95				
	122	2	0.0	0.0	0.0	0.0	1	1.05	27.536051327829504	230.0	17	1.05	0.95				
	123	2	0.0	0.0	0.0	0.0	1	1.0126481478973728	4.335538067379979	230.0	15	1.05	0.95				
	124	1	0.0	0.0	0.0	0.0	1	1.0275968895118643	7.644177431936988	230.0	16	1.05	0.95				
	201	2	37.96064852210527	7.732724698947369	0.0	0.0	2	1.017270438441013	-9.912683013766864	138.0	21	1.05	0.95				
	202	2	34.09428617263158	7.0297497263157895	0.0	0.0	2	1.0167667407436545	-10.090500572020492	138.0	22	1.05	0.95				
	203	1	63.2677475368421	13.005036993684211	0.0	0.0	2	1.0153923018178292	-7.1299275553002435	138.0	21	1.05	0.95				
	204	1	26.010073987368422	5.2723122947368415	0.0	0.0	2	1.0146342574235194	-10.30693728377655	138.0	21	1.05	0.95				
	205	1	24.955611528421052	4.920824808421053	0.0	0.0	2	1.0295489173124295	-10.646657493653525	138.0	21	1.05	0.95				
	206	1	47.80229813894737	9.841649616842107	0.0	-100.0	2	1.0447395172418636	-11.491985404167739	138.0	22	1.05	0.95				
	207	2	43.93593578947368	8.787187157894737	0.0	0.0	2	0.9970878077014731	-15.840839361452678	138.0	22	1.05	0.95				
	208	1	60.10436015999999	12.302062021052631	0.0	0.0	2	1.0041289893105187	-14.30136153100578	138.0	22	1.05	0.95				
	209	1	61.51031010526316	12.65354950736842	0.0	0.0	2	1.0222069587698526	-9.0198345247593	138.0	23	1.05	0.95				
	210	1	68.54005983157894	14.059499452631579	0.0	0.0	2	1.05	-10.250606923539463	138.0	23	1.05	0.95				
	211	1	0.0	0.0	0.0	0.0	2	1.0020303121907588	-6.545458598611257	230.0	23	1.05	0.95				
	212	1	0.0	0.0	0.0	0.0	2	1.005240826770847	-5.91314226929816	230.0	23	1.05	0.95				
	213	2	93.1441838736842	18.980324261052633	0.0	0.0	2	0.9953742391746808	-5.403940648630251	230.0	24	1.05	0.95				
	214	2	68.18857234526315	13.708011966315789	0.0	0.0	2	1.0002462920313346	-4.306262788789617	230.0	26	1.05	0.95				
	215	2	111.42153316210526	22.495199124210526	0.0	0.0	2	1.015362978296717	1.116889648821461	230.0	26	1.05	0.95				
	216	2	35.14874863157895	7.0297497263157895	0.0	0.0	2	1.016630045527012	0.995592407474995	230.0	26	1.05	0.95				
	217	1	0.0	0.0	0.0	0.0	2	1.0215617829520267	2.52726978940313	230.0	27	1.05	0.95				
	218	2	117.04533294315789	23.901149069473686	0.0	0.0	2	1.0209602838396883	2.133939557265764	230.0	27	1.05	0.95				
	219	1	63.61923502315789	13.005036993684211	0.0	0.0	2	1.017121902475075	0.7855489853018182	230.0	25	1.05	0.95				
	220	1	44.99039824842105	9.138674644210527	0.0	0.0	2	1.0195484332889215	1.3040958919302545	230.0	25	1.05	0.95				
	221	2	0.0	0.0	0.0	0.0	2	1.0227188716884028	2.602309244029111	230.0	27	1.05	0.95				
	222	2	0.0	0.0	0.0	0.0	2	1.044771561605224	9.129160494661434	230.0	27	1.05	0.95				
	223	2	0.0	0.0	0.0	0.0	2	1.0212143237988793	1.8635683949678237	230.0	25	1.05	0.95				
	224	1	0.0	0.0	0.0	0.0	2	1.005142315269252	-2.0032940847291543	230.0	26	1.05	0.95				
	301	2	42.05884213894737	8.567541917192981	0.0	0.0	3	1.0105982699464708	-13.033190099473774	138.0	31	1.05	0.95				
	302	2	37.77507118035088	7.7886744701754385	0.0	0.0	3	1.0104992327654079	-13.171548950413634	138.0	32	1.05	0.95				
	303	1	70.09807023157894	14.409047769824562	0.0	0.0	3	1.028700856399941	-6.753108014290608	138.0	31	1.05	0.95				
	304	1	28.818095539649125	5.841505852631579	0.0	0.0	3	1.0126798971444286	-11.8536908798109	138.0	31	1.05	0.95				
	305	1	27.649794369122805	5.452072129122808	0.0	0.0	3	1.0254901730668204	-12.888024447154365	138.0	31	1.05	0.95				
	306	1	52.96298639719299	10.904144258245616	0.0	-100.0	3	1.0422120088066495	-13.284017420654633	138.0	32	1.05	0.95				
	307	2	48.67921543859649	9.735843087719298	0.0	0.0	3	0.993006348321362	-17.21701817752239	138.0	32	1.05	0.95				
	308	1	66.59316672	13.630180322807018	0.0	0.0	3	1.001100674728568	-15.502339745337201	138.0	32	1.05	0.95				
	309	1	68.15090161403509	14.01961404631579	0.0	0.0	3	1.026217319355695	-9.177437929534111	138.0	33	1.05	0.95				
	310	1	75.93957608421053	15.577348940350877	0.0	0.0	3	1.05	-11.486907896060044	138.0	33	1.05	0.95				
	311	1	0.0	0.0	0.0	0.0	3	1.0037776470893802	-6.82324702750595	230.0	33	1.05	0.95				
	312	1	0.0	0.0	0.0	0.0	3	1.010468814321137	-6.001834369513074	230.0	33	1.05	0.95				
	313	2	103.19993672982454	21.029421069473685	0.0	0.0	3	1.0078663242473762	-3.339458139233825	230.0	34	1.05	0.95				
	314	2	75.55014236070176	15.187915216842104	0.0	0.0	3	0.994672166229243	-6.219880938427368	230.0	36	1.05	0.95				
	315	2	123.45049035228071	24.923758304561403	0.0	0.0	3	1.0174733837799241	-3.5750485089838295	230.0	36	1.05	0.95				
	316	2	38.94337235087719	7.7886744701754385	0.0	0.0	3	1.0168096246265057	-3.026852060544704	230.0	36	1.05	0.95				
	317	1	0.0	0.0	0.0	0.0	3	1.0220731637960083	-1.8579313216656548	230.0	37	1.05	0.95				
	318	2	129.68142992842104	26.481493198596496	0.0	0.0	3	1.0206318067541404	-2.2073041383141474	230.0	37	1.05	0.95				
	319	1	70.48750395508772	14.409047769824562	0.0	0.0	3	1.0164166254794176	-2.8752938957364647	230.0	35	1.05	0.95				
	320	1	49.847516609122806	10.12527681122807	0.0	0.0	3	1.018577040104844	-1.9682710555061609	230.0	35	1.05	0.95				
	321	2	0.0	0.0	0.0	0.0	3	1.0216970043549631	-2.113630586048655	230.0	37	1.05	0.95				
	322	2	0.0	0.0	0.0	0.0	3	1.0353077727739726	2.417577099626163	230.0	37	1.05	0.95				
	323	2	0.0	0.0	0.0	0.0	3	1.0204181784321589	-1.1664963236311976	230.0	35	1.05	0.95				
	324	1	0.0	0.0	0.0	0.0	3	1.0158940606099023	-4.7954992946687	230.0	36	1.05	0.95				
	325	1	0.0	0.0	0.0	0.0	3	1.0180766535283114	0.1651778737656221	230.0	35	1.05	0.95				
];
