%% MATPOWER Case Format : Version 2
function mpc = RTS_GMLC
mpc.version = '2';

%%-----  Power Flow Data  -----%%
%% system MVA base
mpc.baseMVA = 100.0;
%% bus data
%    bus_i    type    Pd    Qd    Gs    Bs    area    Vm    Va    baseKV    zone    Vmax    Vmin
mpc.bus = [
	101	2	49.49777338105264	10.08287976280702	0.0	0.0	1	1.035730655877709	1.8071741485302637	138.0	11	1.05	0.95				
	102	2	44.456333499649126	9.166254329824564	0.0	0.0	1	1.035313291107491	1.6689616219969674	138.0	12	1.05	0.95				
	103	1	82.49628896842106	16.95757051017544	0.0	0.0	1	1.028217868137945	-0.3092123004446866	138.0	11	1.05	0.95				
	104	1	33.91514102035088	6.874690747368422	0.0	0.0	1	1.021864815628191	-1.5856346112368085	138.0	11	1.05	0.95				
	105	1	32.540202870877195	6.416378030877194	0.0	0.0	1	1.0365820329444733	-1.366833888195587	138.0	11	1.05	0.95				
	106	1	62.33052944280703	12.832756061754388	0.0	-100.0	1	1.0450738990976727	-3.611896642185576	138.0	12	1.05	0.95				
	107	2	57.289089561403514	11.457817912280703	0.0	0.0	1	1.001921266549777	-8.053545568495693	138.0	12	1.05	0.95				
	108	1	78.37147452	16.040945077192983	0.0	0.0	1	1.00480615275494	-7.254790570135536	138.0	12	1.05	0.95				
	109	1	80.20472538596492	16.49925779368421	0.0	0.0	1	1.0249971000222273	-2.400462597818156	138.0	13	1.05	0.95				
	110	1	89.37097971578947	18.33250865964913	0.0	0.0	1	1.05	-3.148863169495572	138.0	13	1.05	0.95				
	111	1	0.0	0.0	0.0	0.0	1	1.0046831582479208	-0.5646903221184524	230.0	13	1.05	0.95				
	112	1	0.0	0.0	0.0	0.0	1	1.0093116343741064	0.05018943149293458	230.0	13	1.05	0.95				
	113	3	121.45286987017545	24.74888669052632	0.0	0.0	1	0.9977611941981134	-2.900477141090726e-29	230.0	14	1.05	0.95				
	114	2	88.91266699929825	17.874195943157897	0.0	0.0	1	1.001745300191053	1.2744303059448159	230.0	16	1.05	0.95				
	115	2	145.2851311277193	29.3320138554386	0.0	0.0	1	1.0384444589204473	6.734413590656974	230.0	16	1.05	0.95				
	116	2	45.83127164912281	9.166254329824564	0.0	0.0	1	1.0344157442644741	6.539666607224187	230.0	16	1.05	0.95				
	117	1	0.0	0.0	0.0	0.0	1	1.0418566112409327	8.123443712175076	230.0	17	1.05	0.95				
	118	2	152.61813459157895	31.165264721403513	0.0	0.0	1	1.0441697871641102	8.000121584981853	230.0	17	1.05	0.95				
	119	1	82.95460168491229	16.95757051017544	0.0	0.0	1	1.0286611966966224	5.914631284086485	230.0	15	1.05	0.95				
	120	1	58.6640277108772	11.916130628771931	0.0	0.0	1	1.0268866101930172	6.258394052824735	230.0	15	1.05	0.95				
	121	2	0.0	0.0	0.0	0.0	1	1.0483919919659412	8.930326567800389	230.0	17	1.05	0.95				
	122	2	0.0	0.0	0.0	0.0	1	1.05	15.457537406713044	230.0	17	1.05	0.95				
	123	2	0.0	0.0	0.0	0.0	1	1.0266796236194808	6.800773745118555	230.0	15	1.05	0.95				
	124	1	0.0	0.0	0.0	0.0	1	1.0253803990457695	4.1018203556617765	230.0	16	1.05	0.95				
	201	2	47.616559124210525	9.69966945122807	0.0	0.0	2	1.0315684657600714	-4.8255342020632535	138.0	21	1.05	0.95				
	202	2	42.76672439859649	8.817881319298246	0.0	0.0	2	1.0319590451758966	-4.7725523232445894	138.0	22	1.05	0.95				
	203	1	79.36093187368421	16.313080440701754	0.0	0.0	2	1.0196012278616153	-5.579305744462217	138.0	21	1.05	0.95				
	204	1	32.62616088140351	6.613410989473683	0.0	0.0	2	1.020083390627898	-7.146979329535447	138.0	21	1.05	0.95				
	205	1	31.303478683508768	6.1725169235087725	0.0	0.0	2	1.0352138937374797	-7.174840235148718	138.0	21	1.05	0.95				
	206	1	59.96159297122807	12.345033847017545	0.0	-100.0	2	1.045243887943398	-8.908737474120844	138.0	22	1.05	0.95				
	207	2	55.11175824561403	11.022351649122806	0.0	0.0	2	0.989891545030389	-15.643197060871996	138.0	22	1.05	0.95				
	208	1	75.39288528	15.43129230877193	0.0	0.0	2	0.9965980881393216	-13.647995410844917	138.0	22	1.05	0.95				
	209	1	77.15646154385965	15.872186374736842	0.0	0.0	2	1.023184783837696	-7.295060360723929	138.0	23	1.05	0.95				
	210	1	85.97434286315789	17.635762638596493	0.0	0.0	2	1.05	-8.158086622999113	138.0	23	1.05	0.95				
	211	1	0.0	0.0	0.0	0.0	2	1.0049177775123	-4.665337361743156	230.0	23	1.05	0.95				
	212	1	0.0	0.0	0.0	0.0	2	1.0087042371114727	-4.143619063397561	230.0	23	1.05	0.95				
	213	2	116.83692748070173	23.808279562105263	0.0	0.0	2	0.9981242000687056	-3.829548154206412	230.0	24	1.05	0.95				
	214	2	85.53344879719297	17.194868572631577	0.0	0.0	2	1.0055942071534119	-2.2192652421465375	230.0	26	1.05	0.95				
	215	2	139.7634189108772	28.217220221754385	0.0	0.0	2	1.0280688945087526	3.8394859360512497	230.0	26	1.05	0.95				
	216	2	44.08940659649122	8.817881319298246	0.0	0.0	2	1.0289700130383876	3.8701372533393212	230.0	26	1.05	0.95				
	217	1	0.0	0.0	0.0	0.0	2	1.034828233314983	6.38533501054392	230.0	27	1.05	0.95				
	218	2	146.81772396631578	29.980796485614036	0.0	0.0	2	1.036165664388472	6.784889642522757	230.0	27	1.05	0.95				
	219	1	79.80182593964912	16.313080440701754	0.0	0.0	2	1.0279090475120147	3.035073616425553	230.0	25	1.05	0.95				
	220	1	56.43444044350877	11.46324571508772	0.0	0.0	2	1.0300593947709265	3.1669531536100815	230.0	25	1.05	0.95				
	221	2	0.0	0.0	0.0	0.0	2	1.0362293469936728	6.5659431613747605	230.0	27	1.05	0.95				
	222	2	0.0	0.0	0.0	0.0	2	1.05	12.993348475127657	230.0	27	1.05	0.95				
	223	2	0.0	0.0	0.0	0.0	2	1.0318702873006624	3.575011058564784	230.0	25	1.05	0.95				
	224	1	0.0	0.0	0.0	0.0	2	1.0132363248843346	0.30612113328490975	230.0	26	1.05	0.95				
	301	2	43.90382789052632	8.943372348070175	0.0	0.0	3	1.007535535405024	-20.941158696639583	138.0	31	1.05	0.95				
	302	2	39.43214171649122	8.130338498245615	0.0	0.0	3	1.007482723562506	-21.038190661819208	138.0	32	1.05	0.95				
	303	1	73.17304648421053	15.041126221754386	0.0	0.0	3	1.0214351242556596	-16.204145899247667	138.0	31	1.05	0.95				
	304	1	30.08225244350877	6.09775387368421	0.0	0.0	3	1.0105105463358575	-19.680835066628042	138.0	31	1.05	0.95				
	305	1	28.86270166877193	5.69123694877193	0.0	0.0	3	1.0235098178044475	-20.325466197380027	138.0	31	1.05	0.95				
	306	1	55.28630178807018	11.38247389754386	0.0	-100.0	3	1.0409519160568041	-20.47568779851913	138.0	32	1.05	0.95				
	307	2	50.814615614035084	10.162923122807017	0.0	0.0	3	0.9934450197571753	-24.882451583582483	138.0	32	1.05	0.95				
	308	1	69.51439416	14.228092371929824	0.0	0.0	3	1.000556004224887	-23.071812705995317	138.0	32	1.05	0.95				
	309	1	71.14046185964912	14.634609296842104	0.0	0.0	3	1.0254787748091352	-16.90180954441779	138.0	33	1.05	0.95				
	310	1	79.27080035789473	16.26067699649123	0.0	0.0	3	1.05	-18.400719601286944	138.0	33	1.05	0.95				
	311	1	0.0	0.0	0.0	0.0	3	1.0067146310643427	-12.89894613547764	230.0	33	1.05	0.95				
	312	1	0.0	0.0	0.0	0.0	3	1.0104021808869479	-12.371964229075553	230.0	33	1.05	0.95				
	313	2	107.72698510175438	21.95191394526316	0.0	0.0	3	1.0097796765019884	-9.345925532674467	230.0	34	1.05	0.95				
	314	2	78.86428343298245	15.85416007157895	0.0	0.0	3	1.0058302416919398	-11.147915323837708	230.0	36	1.05	0.95				
	315	2	128.865865197193	26.017083194385965	0.0	0.0	3	1.0311812175298096	-7.000489190683688	230.0	36	1.05	0.95				
	316	2	40.65169249122807	8.130338498245615	0.0	0.0	3	1.0302956446224314	-6.265923578870145	230.0	36	1.05	0.95				
	317	1	0.0	0.0	0.0	0.0	3	1.0356168763722946	-4.908406800298433	230.0	37	1.05	0.95				
	318	2	135.37013599578947	27.64315089403509	0.0	0.0	3	1.0352501653292987	-4.765352785910082	230.0	37	1.05	0.95				
	319	1	73.57956340912281	15.041126221754386	0.0	0.0	3	1.0268873310381454	-6.881110927655771	230.0	35	1.05	0.95				
	320	1	52.03416638877193	10.569440047719299	0.0	0.0	3	1.0265519942354422	-6.623679765704805	230.0	35	1.05	0.95				
	321	2	0.0	0.0	0.0	0.0	3	1.036714407759848	-4.712925609662841	230.0	37	1.05	0.95				
	322	2	0.0	0.0	0.0	0.0	3	1.0494888865442953	-0.47888009576861407	230.0	37	1.05	0.95				
	323	2	0.0	0.0	0.0	0.0	3	1.026870062454865	-6.168204933064139	230.0	35	1.05	0.95				
	324	1	0.0	0.0	0.0	0.0	3	1.016080516361535	-10.44829525883261	230.0	36	1.05	0.95				
	325	1	0.0	0.0	0.0	0.0	3	1.0241587946012274	-4.894584610182987	230.0	35	1.05	0.95				
];
