%% MATPOWER Case Format : Version 2
function mpc = RTS_GMLC
mpc.version = '2';

%%-----  Power Flow Data  -----%%
%% system MVA base
mpc.baseMVA = 100.0;
%% bus data
%    bus_i    type    Pd    Qd    Gs    Bs    area    Vm    Va    baseKV    zone    Vmax    Vmin
mpc.bus = [
	101	2	35.483424048	7.2281048986666665	0.0	0.0	1	0.9900124367210366	-5.2998221668699195	138.0	11	1.05	0.95				
	102	2	31.869371598666667	6.571004453333333	0.0	0.0	1	0.9898870928465783	-5.468841920509563	138.0	12	1.05	0.95				
	103	1	59.13904008000001	12.156358238666666	0.0	0.0	1	1.0212620839458153	1.1216243674868775	138.0	11	1.05	0.95				
	104	1	24.312716477333332	4.92825334	0.0	0.0	1	1.0041555430031073	-4.776134800259166	138.0	11	1.05	0.95				
	105	1	23.327065809333334	4.599703117333334	0.0	0.0	1	1.0159047908715335	-5.554285207012612	138.0	11	1.05	0.95				
	106	1	44.68283028266667	9.199406234666668	0.0	-100.0	1	1.0388827348604515	-6.126562299447383	138.0	12	1.05	0.95				
	107	2	41.068777833333336	8.213755566666666	0.0	0.0	1	0.9876895376100256	-10.363631778104715	138.0	12	1.05	0.95				
	108	1	56.182088076	11.499257793333333	0.0	0.0	1	0.9997047730545036	-8.584690093812256	138.0	12	1.05	0.95				
	109	1	57.49628896666666	11.827808015999999	0.0	0.0	1	1.024881269386378	-2.8471652317204947	138.0	13	1.05	0.95				
	110	1	64.06729342	13.142008906666666	0.0	0.0	1	1.05	-4.730534921075954	138.0	13	1.05	0.95				
	111	1	0.0	0.0	0.0	0.0	1	1.0156804880481598	0.17471211056000974	230.0	13	1.05	0.95				
	112	1	0.0	0.0	0.0	0.0	1	1.0120732185726669	-1.1073046668302924	230.0	13	1.05	0.95				
	113	3	87.06580900666665	17.741712024	0.0	0.0	1	0.9967188801517863	-4.8890743411197193e-29	230.0	14	1.05	0.95				
	114	2	63.738743197333335	12.813458684	0.0	0.0	1	1.0410614831359613	4.2239724144358295	230.0	16	1.05	0.95				
	115	2	104.15042058533332	21.027214250666667	0.0	0.0	1	1.0385867850907764	13.96390888689126	230.0	16	1.05	0.95				
	116	2	32.855022266666666	6.571004453333333	0.0	0.0	1	1.0387655510428095	12.086378503526273	230.0	16	1.05	0.95				
	117	1	0.0	0.0	0.0	0.0	1	1.0378693083552983	18.24195476754113	230.0	17	1.05	0.95				
	118	2	109.407224148	22.341415141333336	0.0	0.0	1	1.046588119095377	18.904045145881174	230.0	17	1.05	0.95				
	119	1	59.46759030266667	12.156358238666666	0.0	0.0	1	1.0343639720375803	7.679084276642194	230.0	15	1.05	0.95				
	120	1	42.054428501333334	8.542305789333334	0.0	0.0	1	1.0367605455510234	4.478271124607085	230.0	15	1.05	0.95				
	121	2	0.0	0.0	0.0	0.0	1	1.0395227001657432	20.38370200646466	230.0	17	1.05	0.95				
	122	2	0.0	0.0	0.0	0.0	1	1.05	38.375260209251984	230.0	17	1.05	0.95				
	123	2	0.0	0.0	0.0	0.0	1	1.0390160403466442	2.9729326171550228	230.0	15	1.05	0.95				
	124	1	0.0	0.0	0.0	0.0	1	1.0159437162241665	9.181210115667131	230.0	16	1.05	0.95				
	201	2	40.068628976842106	8.16212812491228	0.0	0.0	2	1.0062980305245017	-15.768368113962604	138.0	21	1.05	0.95				
	202	2	35.98756491438596	7.420116477192982	0.0	0.0	2	1.005285029219558	-16.060515048635683	138.0	22	1.05	0.95				
	203	1	66.78104829473685	13.727215482807017	0.0	0.0	2	1.012477718914784	-11.762602116791253	138.0	21	1.05	0.95				
	204	1	27.454430965614034	5.565087357894737	0.0	0.0	2	1.0092559349176013	-15.849019094172212	138.0	21	1.05	0.95				
	205	1	26.341413494035088	5.194081534035089	0.0	0.0	2	1.0236559059717807	-16.28211604529387	138.0	21	1.05	0.95				
	206	1	50.45679204491229	10.388163068070178	0.0	-100.0	2	1.0414213803863521	-17.051354797662317	138.0	22	1.05	0.95				
	207	2	46.37572798245614	9.275145596491228	0.0	0.0	2	0.9895770282563985	-21.38086662760544	138.0	22	1.05	0.95				
	208	1	63.44199588	12.985203835087718	0.0	0.0	2	0.9991530192858719	-19.766628280873494	138.0	22	1.05	0.95				
	209	1	64.9260191754386	13.356209658947368	0.0	0.0	2	1.0227983909999732	-14.12977321163481	138.0	23	1.05	0.95				
	210	1	72.34613565263159	14.840232954385964	0.0	0.0	2	1.05	-15.59231393770148	138.0	23	1.05	0.95				
	211	1	0.0	0.0	0.0	0.0	2	1.0056918331693268	-11.436946152354164	230.0	23	1.05	0.95				
	212	1	0.0	0.0	0.0	0.0	2	1.0135727096383504	-10.804906429826664	230.0	23	1.05	0.95				
	213	2	98.31654332280702	20.034314488421053	0.0	0.0	2	1.0044182189030335	-10.224406644957877	230.0	24	1.05	0.95				
	214	2	71.97512982877193	14.469227130526315	0.0	0.0	2	1.003708670302224	-8.957278612263982	230.0	26	1.05	0.95				
	215	2	117.60884616350877	23.744372727017545	0.0	0.0	2	1.0252253969444194	-2.5424241439914237	230.0	26	1.05	0.95				
	216	2	37.10058238596491	7.420116477192982	0.0	0.0	2	1.0286091341670218	-3.296776312856288	230.0	26	1.05	0.95				
	217	1	0.0	0.0	0.0	0.0	2	1.0337828681491101	-1.078996468578087	230.0	27	1.05	0.95				
	218	2	123.54493934526316	25.228396022456145	0.0	0.0	2	1.0322538706300164	-1.5166115188825036	230.0	27	1.05	0.95				
	219	1	67.1520541185965	13.727215482807017	0.0	0.0	2	1.036190349858001	-3.6461884611733866	230.0	25	1.05	0.95				
	220	1	47.48874545403509	9.646151420350877	0.0	0.0	2	1.0448926657939586	-3.235306885580759	230.0	25	1.05	0.95				
	221	2	0.0	0.0	0.0	0.0	2	1.0327887926219366	-1.0600354948283934	230.0	27	1.05	0.95				
	222	2	0.0	0.0	0.0	0.0	2	1.0499999998929848	5.428299909775044	230.0	27	1.05	0.95				
	223	2	0.0	0.0	0.0	0.0	2	1.0499999990045503	-2.7386321857094136	230.0	25	1.05	0.95				
	224	1	0.0	0.0	0.0	0.0	2	1.009047938401358	-5.985385775230984	230.0	26	1.05	0.95				
	301	2	44.125909541052636	8.988611202807018	0.0	0.0	3	1.0175755579895451	14.724116871761836	138.0	31	1.05	0.95				
	302	2	39.631603939649125	8.171464729824562	0.0	0.0	3	1.015656855898236	14.372878381621144	138.0	32	1.05	0.95				
	303	1	73.54318256842105	15.117209750175439	0.0	0.0	3	1.05	29.77269234302941	138.0	31	1.05	0.95				
	304	1	30.234419500350878	6.12859854736842	0.0	0.0	3	1.0084492751376704	15.723217457906353	138.0	31	1.05	0.95				
	305	1	29.00869979087719	5.720025310877194	0.0	0.0	3	1.024877235731324	13.010030190756618	138.0	31	1.05	0.95				
	306	1	55.565960162807016	11.440050621754388	0.0	-100.0	3	1.036485627183712	11.545289787754237	138.0	32	1.05	0.95				
	307	2	51.07165456140351	10.214330912280701	0.0	0.0	3	0.95	8.380685159312785	138.0	32	1.05	0.95				
	308	1	69.86602344	14.300063277192981	0.0	0.0	3	0.9707678536815904	10.135159612434457	138.0	32	1.05	0.95				
	309	1	71.50031638596491	14.708636513684208	0.0	0.0	3	1.0151692676994055	18.545284190777046	138.0	33	1.05	0.95				
	310	1	79.67178111578947	16.342929459649124	0.0	0.0	3	1.0421660660780634	12.60471919084474	138.0	33	1.05	0.95				
	311	1	0.0	0.0	0.0	0.0	3	1.002474802480012	16.0600569467785	230.0	33	1.05	0.95				
	312	1	0.0	0.0	0.0	0.0	3	1.0076339223301223	16.022065843192408	230.0	33	1.05	0.95				
	313	2	108.27190767017542	22.062954770526318	0.0	0.0	3	1.0006611027165329	15.81114582979195	230.0	34	1.05	0.95				
	314	2	79.26320787929825	15.934356223157895	0.0	0.0	3	0.9987829509606505	16.86872496135463	230.0	36	1.05	0.95				
	315	2	129.5177159677193	26.148687135438596	0.0	0.0	3	1.048924691801267	20.897876862185115	230.0	36	1.05	0.95				
	316	2	40.857323649122804	8.171464729824562	0.0	0.0	3	1.032950894356175	20.397083260924113	230.0	36	1.05	0.95				
	317	1	0.0	0.0	0.0	0.0	3	1.05	24.98819280139043	230.0	37	1.05	0.95				
	318	2	136.05488775157895	27.782980081403508	0.0	0.0	3	1.0470852624633789	21.32750736285433	230.0	37	1.05	0.95				
	319	1	73.95175580491228	15.117209750175439	0.0	0.0	3	1.0233769014914393	18.582996361074027	230.0	35	1.05	0.95				
	320	1	52.29737427087719	10.62290414877193	0.0	0.0	3	1.0183175894854386	17.789718391163603	230.0	35	1.05	0.95				
	321	2	0.0	0.0	0.0	0.0	3	1.05	21.853726686131267	230.0	37	1.05	0.95				
	322	2	0.0	0.0	0.0	0.0	3	1.049999949731938	27.43196476039725	230.0	37	1.05	0.95				
	323	2	0.0	0.0	0.0	0.0	3	1.0159729005015175	17.672233092660736	230.0	35	1.05	0.95				
	324	1	0.0	0.0	0.0	0.0	3	1.0464574305797942	24.291015541212655	230.0	36	1.05	0.95				
	325	1	0.0	0.0	0.0	0.0	3	1.0182442726554115	17.915864782418385	230.0	35	1.05	0.95				
];
