%% MATPOWER Case Format : Version 2
function mpc = RTS_GMLC
mpc.version = '2';

%%-----  Power Flow Data  -----%%
%% system MVA base
mpc.baseMVA = 100.0;
%% bus data
%    bus_i    type    Pd    Qd    Gs    Bs    area    Vm    Va    baseKV    zone    Vmax    Vmin
mpc.bus = [
	101	2	35.51014349431579	7.2335477488421045	0.0	0.0	1	0.9902140469327612	-5.415895083886266	138.0	11	1.05	0.95				
	102	2	31.893369619894735	6.575952498947368	0.0	0.0	1	0.9900741313284553	-5.580644271706526	138.0	12	1.05	0.95				
	103	1	59.183572490526316	12.16551212305263	0.0	0.0	1	1.0216121701393368	0.8721983506387492	138.0	11	1.05	0.95				
	104	1	24.33102424610526	4.931964374210526	0.0	0.0	1	1.0043222607794964	-4.875129089404689	138.0	11	1.05	0.95				
	105	1	23.344631371263155	4.603166749263158	0.0	0.0	1	1.0160011978375403	-5.642004501157172	138.0	11	1.05	0.95				
	106	1	44.71647699284211	9.206333498526316	0.0	-100.0	1	1.0389241612276678	-6.198612881410242	138.0	12	1.05	0.95				
	107	2	41.09970311842105	8.219940623684211	0.0	0.0	1	0.9883703154322563	-10.101654150295891	138.0	12	1.05	0.95				
	108	1	56.224393866	11.507916873157892	0.0	0.0	1	1.000292015443074	-8.469824841925567	138.0	12	1.05	0.95				
	109	1	57.53958436578947	11.836714498105263	0.0	0.0	1	1.025046391916073	-2.935441061037977	138.0	13	1.05	0.95				
	110	1	64.11553686473684	13.151904997894736	0.0	0.0	1	1.05	-4.789896600757301	138.0	13	1.05	0.95				
	111	1	0.0	0.0	0.0	0.0	1	1.0155263427392311	0.0623754987049584	230.0	13	1.05	0.95				
	112	1	0.0	0.0	0.0	0.0	1	1.0118276728197098	-1.155644332503832	230.0	13	1.05	0.95				
	113	3	87.13137061105263	17.755071747157896	0.0	0.0	1	0.996555273438885	3.5110177759268195e-29	230.0	14	1.05	0.95				
	114	2	63.78673923978947	12.823107372947367	0.0	0.0	1	1.0404082828754835	3.9836709285199903	230.0	16	1.05	0.95				
	115	2	104.22884710831579	21.04304799663158	0.0	0.0	1	1.0387048174537048	13.455535643183586	230.0	16	1.05	0.95				
	116	2	32.879762494736845	6.575952498947368	0.0	0.0	1	1.038905899438337	11.65929528134476	230.0	16	1.05	0.95				
	117	1	0.0	0.0	0.0	0.0	1	1.0379118818617001	17.683957234281458	230.0	17	1.05	0.95				
	118	2	109.4896091074737	22.358238496421055	0.0	0.0	1	1.046318614250831	18.290028399127056	230.0	17	1.05	0.95				
	119	1	59.512370115473686	12.16551212305263	0.0	0.0	1	1.0342555302424157	7.403028346193209	230.0	15	1.05	0.95				
	120	1	42.08609599326316	8.54873824863158	0.0	0.0	1	1.0361184402855694	4.331534721040799	230.0	15	1.05	0.95				
	121	2	0.0	0.0	0.0	0.0	1	1.0389558420579894	19.719061643204814	230.0	17	1.05	0.95				
	122	2	0.0	0.0	0.0	0.0	1	1.05	37.71502830366514	230.0	17	1.05	0.95				
	123	2	0.0	0.0	0.0	0.0	1	1.0379939961327085	2.896330439096087	230.0	15	1.05	0.95				
	124	1	0.0	0.0	0.0	0.0	1	1.0165069159892244	8.768580453663105	230.0	16	1.05	0.95				
	201	2	37.637651504842104	7.666929010245614	0.0	0.0	2	1.007044789952095	-14.795658123496784	138.0	21	1.05	0.95				
	202	2	33.8041869997193	6.969935463859649	0.0	0.0	2	1.005853547339469	-15.078540891702492	138.0	22	1.05	0.95				
	203	1	62.72941917473685	12.894380608140352	0.0	0.0	2	1.013087521209433	-11.119586259691465	138.0	21	1.05	0.95				
	204	1	25.788761216280705	5.227451597894737	0.0	0.0	2	1.0099340413390256	-14.945837294706736	138.0	21	1.05	0.95				
	205	1	24.743270896701752	4.878954824701755	0.0	0.0	2	1.0243578241388613	-15.34407125291092	138.0	21	1.05	0.95				
	206	1	47.39556115424561	9.75790964940351	0.0	-100.0	2	1.042195248677467	-16.112663797719577	138.0	22	1.05	0.95				
	207	2	43.56209664912281	8.712419329824561	0.0	0.0	2	0.9903659548757632	-20.150836530053148	138.0	22	1.05	0.95				
	208	1	59.592948215999996	12.197387061754386	0.0	0.0	2	1.0004632925252275	-18.654891488482868	138.0	22	1.05	0.95				
	209	1	60.986935308771926	12.545883834947368	0.0	0.0	2	1.0226796788228978	-13.381832658025962	138.0	23	1.05	0.95				
	210	1	67.95687077263158	13.939870927719298	0.0	0.0	2	1.05	-14.760927509500354	138.0	23	1.05	0.95				
	211	1	0.0	0.0	0.0	0.0	2	1.0041779883736193	-10.84829410724328	230.0	23	1.05	0.95				
	212	1	0.0	0.0	0.0	0.0	2	1.0123796126843572	-10.331513966697608	230.0	23	1.05	0.95				
	213	2	92.35164489614036	18.818825752421052	0.0	0.0	2	1.0020060415584677	-9.780042650384326	230.0	24	1.05	0.95				
	214	2	67.6083739994386	13.591374154526314	0.0	0.0	2	1.000864864854517	-8.42815651246813	230.0	26	1.05	0.95				
	215	2	110.47347710217544	22.303793484350876	0.0	0.0	2	1.0236895094415728	-2.2106293450643815	230.0	26	1.05	0.95				
	216	2	34.849677319298245	6.969935463859649	0.0	0.0	2	1.0264061237683528	-2.9985793072370304	230.0	26	1.05	0.95				
	217	1	0.0	0.0	0.0	0.0	2	1.032423068417715	-0.7974375845598871	230.0	27	1.05	0.95				
	218	2	116.04942547326316	23.697780577122806	0.0	0.0	2	1.031022273873018	-1.1826756618719854	230.0	27	1.05	0.95				
	219	1	63.07791594792982	12.894380608140352	0.0	0.0	2	1.0329695416968365	-3.499390588799668	230.0	25	1.05	0.95				
	220	1	44.60758696870175	9.060916103017544	0.0	0.0	2	1.0405602999449528	-3.2563838760280723	230.0	25	1.05	0.95				
	221	2	0.0	0.0	0.0	0.0	2	1.0316072440027548	-0.7282890381617213	230.0	27	1.05	0.95				
	222	2	0.0	0.0	0.0	0.0	2	1.0499999966964109	5.739017825406349	230.0	27	1.05	0.95				
	223	2	0.0	0.0	0.0	0.0	2	1.0449219405844496	-2.864190670382747	230.0	25	1.05	0.95				
	224	1	0.0	0.0	0.0	0.0	2	1.0086801162260748	-5.5441693774102445	230.0	26	1.05	0.95				
	301	2	41.20468207578948	8.393546348771931	0.0	0.0	3	1.019640611980188	14.365386409138994	138.0	31	1.05	0.95				
	302	2	37.00790890140351	7.630496680701755	0.0	0.0	3	1.018024278131721	14.017413506137538	138.0	32	1.05	0.95				
	303	1	68.6744701263158	14.116418859298246	0.0	0.0	3	1.05	29.132070751903665	138.0	31	1.05	0.95				
	304	1	28.232837718596492	5.722872510526316	0.0	0.0	3	1.011187646446003	15.272056139201785	138.0	31	1.05	0.95				
	305	1	27.088263216491228	5.341347676491229	0.0	0.0	3	1.0276042334907047	12.5764621118217	138.0	31	1.05	0.95				
	306	1	51.88737742877194	10.682695352982458	0.0	-100.0	3	1.0398893281727941	11.095459072825578	138.0	32	1.05	0.95				
	307	2	47.690604254385974	9.538120850877194	0.0	0.0	3	0.95	8.37570044078738	138.0	32	1.05	0.95				
	308	1	65.24074662	13.35336919122807	0.0	0.0	3	0.972894061001968	9.95545515586217	138.0	32	1.05	0.95				
	309	1	66.76684595614036	13.73489402526316	0.0	0.0	3	1.0170183179723915	17.898681071714034	138.0	33	1.05	0.95				
	310	1	74.39734263684211	15.26099336140351	0.0	0.0	3	1.044854480264852	12.004071229067243	138.0	33	1.05	0.95				
	311	1	0.0	0.0	0.0	0.0	3	1.0046433126328518	14.961124213029636	230.0	33	1.05	0.95				
	312	1	0.0	0.0	0.0	0.0	3	1.0099292558555406	15.085021962242877	230.0	33	1.05	0.95				
	313	2	101.10408101929823	20.60234103789474	0.0	0.0	3	1.0030658600042779	14.774721822058266	230.0	34	1.05	0.95				
	314	2	74.01581780280702	14.879468527368422	0.0	0.0	3	0.9997419166190491	15.237306680820476	230.0	36	1.05	0.95				
	315	2	120.9433723891228	24.417589378245616	0.0	0.0	3	1.0477279769186787	18.416720613755675	230.0	36	1.05	0.95				
	316	2	38.152483403508775	7.630496680701755	0.0	0.0	3	1.0307380254120289	17.8732753857815	230.0	36	1.05	0.95				
	317	1	0.0	0.0	0.0	0.0	3	1.05	21.39190935864368	230.0	37	1.05	0.95				
	318	2	127.04776973368422	25.94368871438597	0.0	0.0	3	1.0498397819239755	18.31925209135018	230.0	37	1.05	0.95				
	319	1	69.05599496035089	14.116418859298246	0.0	0.0	3	1.022843895375513	16.55163461553401	230.0	35	1.05	0.95				
	320	1	48.83517875649123	9.919645684912282	0.0	0.0	3	1.0186078089067825	16.1431862459766	230.0	35	1.05	0.95				
	321	2	0.0	0.0	0.0	0.0	3	1.05	19.000214115298395	230.0	37	1.05	0.95				
	322	2	0.0	0.0	0.0	0.0	3	1.0499999985241864	24.287053874850173	230.0	37	1.05	0.95				
	323	2	0.0	0.0	0.0	0.0	3	1.0165899916854941	16.218411231091924	230.0	35	1.05	0.95				
	324	1	0.0	0.0	0.0	0.0	3	1.0452354123628493	22.51234074302578	230.0	36	1.05	0.95				
	325	1	0.0	0.0	0.0	0.0	3	1.0185677696945166	16.528232202437206	230.0	35	1.05	0.95				
];
