%% MATPOWER Case Format : Version 2
function mpc = RTS_GMLC
mpc.version = '2';

%%-----  Power Flow Data  -----%%
%% system MVA base
mpc.baseMVA = 100.0;
%% bus data
%    bus_i    type    Pd    Qd    Gs    Bs    area    Vm    Va    baseKV    zone    Vmax    Vmin
mpc.bus = [
	101	2	45.44977733052632	9.258287974736842	0.0	0.0	1	1.0399365561894847	2.302288861047656	138.0	11	1.05	0.95				
	102	2	40.820633343157894	8.416625431578948	0.0	0.0	1	1.0376451936056983	1.6957619142343627	138.0	12	1.05	0.95				
	103	1	75.74962888421052	15.570757048421052	0.0	0.0	1	1.0330383744316305	0.9808394502838896	138.0	11	1.05	0.95				
	104	1	31.141514096842105	6.312469073684211	0.0	0.0	1	1.0270308032591176	-0.7766128024332277	138.0	11	1.05	0.95				
	105	1	29.879020282105262	5.891637802105264	0.0	0.0	1	1.03891270377358	-1.2136940234390736	138.0	11	1.05	0.95				
	106	1	57.23305293473685	11.783275604210528	0.0	-100.0	1	1.04658642655304	-3.7347775296179138	138.0	12	1.05	0.95				
	107	2	52.603908947368424	10.520781789473684	0.0	0.0	1	1.0004375641737133	-9.85835884450996	138.0	12	1.05	0.95				
	108	1	71.96214744	14.729094505263157	0.0	0.0	1	1.0042465466542079	-8.23040212672048	138.0	12	1.05	0.95				
	109	1	73.64547252631579	15.149925776842105	0.0	0.0	1	1.0248225045887807	-2.398601596794554	138.0	13	1.05	0.95				
	110	1	82.06209795789474	16.833250863157897	0.0	0.0	1	1.05	-3.479058032889876	138.0	13	1.05	0.95				
	111	1	0.0	0.0	0.0	0.0	1	1.0029018769303608	-0.8280913260675278	230.0	13	1.05	0.95				
	112	1	0.0	0.0	0.0	0.0	1	1.0074966482804237	-1.145958233176576	230.0	13	1.05	0.95				
	113	3	111.52028696842106	22.72488866526316	0.0	0.0	1	0.9952780924712604	5.1392657860215405e-31	230.0	14	1.05	0.95				
	114	2	81.64126668631579	16.41241959157895	0.0	0.0	1	0.9985922546921209	0.7001588411142619	230.0	16	1.05	0.95				
	115	2	133.4035130905263	26.933201381052633	0.0	0.0	1	1.0340100954346452	6.4207623519143056	230.0	16	1.05	0.95				
	116	2	42.08312715789474	8.416625431578948	0.0	0.0	1	1.0292717107722165	5.321257188288558	230.0	16	1.05	0.95				
	117	1	0.0	0.0	0.0	0.0	1	1.03751723134565	8.765863496740714	230.0	17	1.05	0.95				
	118	2	140.13681343578946	28.616526467368423	0.0	0.0	1	1.0415353245805423	9.422638621981866	230.0	17	1.05	0.95				
	119	1	76.17046015578947	15.570757048421052	0.0	0.0	1	1.0189688767	3.0803318613368846	230.0	15	1.05	0.95				
	120	1	53.86640276210527	10.941613061052632	0.0	0.0	1	1.0130372548385036	1.5006211876953996	230.0	15	1.05	0.95				
	121	2	0.0	0.0	0.0	0.0	1	1.0443851711844312	10.721278200328737	230.0	17	1.05	0.95				
	122	2	0.0	0.0	0.0	0.0	1	1.05	17.644543220058697	230.0	17	1.05	0.95				
	123	2	0.0	0.0	0.0	0.0	1	1.0104040896130997	0.9588315161187396	230.0	15	1.05	0.95				
	124	1	0.0	0.0	0.0	0.0	1	1.0259511275113844	4.368210915372251	230.0	16	1.05	0.95				
	201	2	41.9726113768421	8.549976391578948	0.0	0.0	2	1.0158480858515182	-12.247279407649435	138.0	21	1.05	0.95				
	202	2	37.697623181052634	7.7727058105263165	0.0	0.0	2	1.0150100947469285	-12.498013082100826	138.0	22	1.05	0.95				
	203	1	69.95435229473685	14.379505749473683	0.0	0.0	2	1.0145385988061213	-9.341842520206223	138.0	21	1.05	0.95				
	204	1	28.759011498947366	5.829529357894737	0.0	0.0	2	1.013366307449398	-12.02754305601533	138.0	21	1.05	0.95				
	205	1	27.59310562736842	5.440894067368421	0.0	0.0	2	1.028249547083293	-12.36779703545266	138.0	21	1.05	0.95				
	206	1	52.854399511578954	10.881788134736842	0.0	-100.0	2	1.0433368453508842	-12.930518936096123	138.0	22	1.05	0.95				
	207	2	48.57941131578947	9.715882263157894	0.0	0.0	2	0.9985375111709316	-17.580037420986056	138.0	22	1.05	0.95				
	208	1	66.45663468000001	13.60223516842105	0.0	0.0	2	1.003692088288592	-15.839359599833108	138.0	22	1.05	0.95				
	209	1	68.01117584210526	13.990870458947368	0.0	0.0	2	1.0230458045144644	-10.031441761127661	138.0	23	1.05	0.95				
	210	1	75.78388165263158	15.545411621052633	0.0	0.0	2	1.05	-11.237662393382676	138.0	23	1.05	0.95				
	211	1	0.0	0.0	0.0	0.0	2	1.0018904880951456	-8.057308737255287	230.0	23	1.05	0.95				
	212	1	0.0	0.0	0.0	0.0	2	1.0083039207905606	-4.42801867195538	230.0	23	1.05	0.95				
	213	2	102.9883519894737	20.98630568842105	0.0	0.0	2	0.9942636256628521	-6.6507437568851016	230.0	24	1.05	0.95				
	214	2	75.39524636210527	15.156776330526316	0.0	0.0	2	0.9987836952267927	-6.558994390461828	230.0	26	1.05	0.95				
	215	2	123.19738709684209	24.87265859368421	0.0	0.0	2	1.016160595079573	-0.9606845671436349	230.0	26	1.05	0.95				
	216	2	38.86352905263158	7.7727058105263165	0.0	0.0	2	1.0145262950849447	-2.0431915202737594	230.0	26	1.05	0.95				
	217	1	0.0	0.0	0.0	0.0	2	1.0200623252481211	-0.3650825482595383	230.0	27	1.05	0.95				
	218	2	129.41555174526314	26.427199755789477	0.0	0.0	2	1.0199341499225303	-0.6209368846985126	230.0	27	1.05	0.95				
	219	1	70.34298758526316	14.379505749473683	0.0	0.0	2	1.0105580271825096	-3.4102392968355333	230.0	25	1.05	0.95				
	220	1	49.74531718736842	10.104517553684211	0.0	0.0	2	1.0099122610390208	-3.8193885102661898	230.0	25	1.05	0.95				
	221	2	0.0	0.0	0.0	0.0	2	1.0222067709184324	0.06543625903044258	230.0	27	1.05	0.95				
	222	2	0.0	0.0	0.0	0.0	2	1.0439279078638255	6.463513394271033	230.0	27	1.05	0.95				
	223	2	0.0	0.0	0.0	0.0	2	1.0099338573973202	-3.7346932010676803	230.0	25	1.05	0.95				
	224	1	0.0	0.0	0.0	0.0	2	1.005169874494126	-4.126134272588486	230.0	26	1.05	0.95				
	301	2	62.319519132631584	12.694716860350876	0.0	0.0	3	1.0118063444948493	-0.016762150439598243	138.0	31	1.05	0.95				
	302	2	55.972160702456144	11.54065169122807	0.0	0.0	3	1.0100577199428895	-0.3413042083676338	138.0	32	1.05	0.95				
	303	1	103.86586522105263	21.350205628771928	0.0	0.0	3	1.0456038339096287	12.973429592839624	138.0	31	1.05	0.95				
	304	1	42.700411257543855	8.655488768421051	0.0	0.0	3	1.0070807464832159	1.0130366173469898	138.0	31	1.05	0.95				
	305	1	40.969313503859645	8.07845618385965	0.0	0.0	3	1.023473847310649	-0.2806703252578104	138.0	31	1.05	0.95				
	306	1	78.47643150035088	16.1569123677193	0.0	-100.0	3	1.0366142512703682	-1.0841034116939225	138.0	32	1.05	0.95				
	307	2	72.12907307017544	14.425814614035087	0.0	0.0	3	0.9861190473276449	-7.6964160221542315	138.0	32	1.05	0.95				
	308	1	98.67257196	20.19614045964912	0.0	0.0	3	0.988591660822545	-4.951879377700761	138.0	32	1.05	0.95				
	309	1	100.9807022982456	20.773173044210523	0.0	0.0	3	1.023898570235225	4.493932452249737	138.0	33	1.05	0.95				
	310	1	112.52135398947367	23.08130338245614	0.0	0.0	3	1.05	1.307837048822828	138.0	33	1.05	0.95				
	311	1	0.0	0.0	0.0	0.0	3	1.0125548566083369	5.801334331092178	230.0	33	1.05	0.95				
	312	1	0.0	0.0	0.0	0.0	3	1.0173375047050708	7.2261233011740345	230.0	33	1.05	0.95				
	313	2	152.9136349087719	31.159759566315792	0.0	0.0	3	1.0187283682417658	10.599342437463271	230.0	34	1.05	0.95				
	314	2	111.94432140491229	22.504270797894737	0.0	0.0	3	1.0118894676714836	4.552207690226855	230.0	36	1.05	0.95				
	315	2	182.9193293059649	36.930085411929824	0.0	0.0	3	1.0448418043310093	2.248126018086672	230.0	36	1.05	0.95				
	316	2	57.70325845614035	11.54065169122807	0.0	0.0	3	1.0362246554912506	2.6217676383142146	230.0	36	1.05	0.95				
	317	1	0.0	0.0	0.0	0.0	3	1.0393739516696328	2.1598021721957386	230.0	37	1.05	0.95				
	318	2	192.15185065894738	39.23821575017544	0.0	0.0	3	1.0371479940930863	1.1037310032530048	230.0	37	1.05	0.95				
	319	1	104.44289780561404	21.350205628771928	0.0	0.0	3	1.0314727556032068	4.773256874196488	230.0	35	1.05	0.95				
	320	1	73.86017082385965	15.002847198596491	0.0	0.0	3	1.0286166261982261	6.038596274025196	230.0	35	1.05	0.95				
	321	2	0.0	0.0	0.0	0.0	3	1.041307804112237	2.045298766134659	230.0	37	1.05	0.95				
	322	2	0.0	0.0	0.0	0.0	3	1.05	6.408563073758096	230.0	37	1.05	0.95				
	323	2	0.0	0.0	0.0	0.0	3	1.0280569989280035	6.928075410007785	230.0	35	1.05	0.95				
	324	1	0.0	0.0	0.0	0.0	3	1.0426609745523219	6.9008956698590564	230.0	36	1.05	0.95				
	325	1	0.0	0.0	0.0	0.0	3	1.0294569473216706	7.257636985619268	230.0	35	1.05	0.95				
];
