%% MATPOWER Case Format : Version 2
function mpc = RTS_GMLC
mpc.version = '2';

%%-----  Power Flow Data  -----%%
%% system MVA base
mpc.baseMVA = 100.0;
%% bus data
%    bus_i    type    Pd    Qd    Gs    Bs    area    Vm    Va    baseKV    zone    Vmax    Vmin
mpc.bus = [
	101	2	43.151904985263165	8.790202867368421	0.0	0.0	1	1.0133860821345577	-4.04089043568719	138.0	11	1.05	0.95				
	102	2	38.75680355157895	7.9910935157894745	0.0	0.0	1	1.013237072578681	-4.251430165780611	138.0	12	1.05	0.95				
	103	1	71.91984164210527	14.783523004210524	0.0	0.0	1	1.0025990911284939	0.003963280624064323	138.0	11	1.05	0.95				
	104	1	29.56704600842105	5.9933201368421045	0.0	0.0	1	1.0038131971658097	-4.239622370147802	138.0	11	1.05	0.95				
	105	1	28.368381981052632	5.593765461052632	0.0	0.0	1	1.0172668801545053	-5.289001121025357	138.0	11	1.05	0.95				
	106	1	54.339435907368426	11.187530922105264	0.0	-100.0	1	1.0273162550502086	-6.469728841631938	138.0	12	1.05	0.95				
	107	2	49.94433447368421	9.988866894736843	0.0	0.0	1	0.9851265753099541	-9.92663751660623	138.0	12	1.05	0.95				
	108	1	68.32384956	13.984413652631577	0.0	0.0	1	0.9876443813590889	-8.871119993779834	138.0	12	1.05	0.95				
	109	1	69.9220682631579	14.383968328421052	0.0	0.0	1	1.0027258994371833	-3.4882497208581036	138.0	13	1.05	0.95				
	110	1	77.91316177894737	15.982187031578949	0.0	0.0	1	1.0306314559030973	-5.236257442240955	138.0	13	1.05	0.95				
	111	1	0.0	0.0	0.0	0.0	1	0.9819579272680855	-0.925577624775242	230.0	13	1.05	0.95				
	112	1	0.0	0.0	0.0	0.0	1	0.9827387838366146	-1.5699704338870966	230.0	13	1.05	0.95				
	113	3	105.88198908421052	21.575952492631583	0.0	0.0	1	0.9631498737967202	-6.9553002773105805e-28	230.0	14	1.05	0.95				
	114	2	77.5136071031579	15.582632355789475	0.0	0.0	1	0.9909806207272099	1.8520660598071566	230.0	16	1.05	0.95				
	115	2	126.65883222526315	25.571499250526315	0.0	0.0	1	0.9926250880526174	9.743706063443454	230.0	16	1.05	0.95				
	116	2	39.95546757894737	7.9910935157894745	0.0	0.0	1	0.9912263611212856	8.52046446649243	230.0	16	1.05	0.95				
	117	1	0.0	0.0	0.0	0.0	1	0.9927624586259371	13.842228095720168	230.0	17	1.05	0.95				
	118	2	133.05170703789472	27.169717953684213	0.0	0.0	1	1.0012049201840236	14.043754497674293	230.0	17	1.05	0.95				
	119	1	72.31939631789473	14.783523004210524	0.0	0.0	1	0.9908745236850882	5.326330184538319	230.0	15	1.05	0.95				
	120	1	51.14299850105263	10.388421570526315	0.0	0.0	1	0.9948415474676899	3.0275707916793997	230.0	15	1.05	0.95				
	121	2	0.0	0.0	0.0	0.0	1	1.0018692437531185	15.047022892171741	230.0	17	1.05	0.95				
	122	2	0.0	0.0	0.0	0.0	1	1.0056377963335101	34.01395724773842	230.0	17	1.05	0.95				
	123	2	0.0	0.0	0.0	0.0	1	0.9978611277854172	2.095718019818209	230.0	15	1.05	0.95				
	124	1	0.0	0.0	0.0	0.0	1	0.9847367957620549	6.019927974091031	230.0	16	1.05	0.95				
	201	2	41.66661418105264	8.487643629473684	0.0	0.0	2	1.0111816984899242	-10.362221181410838	138.0	21	1.05	0.95				
	202	2	37.4227923663158	7.716039663157896	0.0	0.0	2	1.0100319355105765	-10.550399248964613	138.0	22	1.05	0.95				
	203	1	69.44435696842106	14.274673376842106	0.0	0.0	2	0.9975027141359508	-7.944893977998282	138.0	21	1.05	0.95				
	204	1	28.549346753684212	5.787029747368421	0.0	0.0	2	1.002021562583045	-9.749351933435639	138.0	21	1.05	0.95				
	205	1	27.39194080421053	5.401227764210527	0.0	0.0	2	1.0181887630577684	-10.066984748282428	138.0	21	1.05	0.95				
	206	1	52.46906970947369	10.802455528421055	0.0	-100.0	2	1.0302298803910863	-10.396203928089452	138.0	22	1.05	0.95				
	207	2	48.225247894736846	9.645049578947368	0.0	0.0	2	0.9715570611324378	-14.995273747144687	138.0	22	1.05	0.95				
	208	1	65.97213912000001	13.503069410526317	0.0	0.0	2	0.9812427764272713	-13.246712073570418	138.0	22	1.05	0.95				
	209	1	67.51534705263158	13.88887139368421	0.0	0.0	2	1.0068230198732309	-7.44556168985055	138.0	23	1.05	0.95				
	210	1	75.23138671578948	15.432079326315792	0.0	0.0	2	1.034613960550885	-8.494862862137236	138.0	23	1.05	0.95				
	211	1	0.0	0.0	0.0	0.0	2	0.9864919391481959	-5.193357553501259	230.0	23	1.05	0.95				
	212	1	0.0	0.0	0.0	0.0	2	0.9899308323794683	-0.9656948791377384	230.0	23	1.05	0.95				
	213	2	102.23752553684211	20.83330709052632	0.0	0.0	2	0.9826177980289026	-2.965279951587251	230.0	24	1.05	0.95				
	214	2	74.8455847326316	15.046277343157897	0.0	0.0	2	0.980875551929652	-4.213609910489012	230.0	26	1.05	0.95				
	215	2	122.29922866105262	24.691326922105265	0.0	0.0	2	0.9904936160229004	0.10926243941298043	230.0	26	1.05	0.95				
	216	2	38.580198315789474	7.716039663157896	0.0	0.0	2	0.9886560653468884	-0.298563862101608	230.0	26	1.05	0.95				
	217	1	0.0	0.0	0.0	0.0	2	0.998756622173434	0.8063825210350292	230.0	27	1.05	0.95				
	218	2	128.47206039157896	26.234534854736847	0.0	0.0	2	0.9993502591015748	0.3954523413954339	230.0	27	1.05	0.95				
	219	1	69.83015895157895	14.274673376842106	0.0	0.0	2	0.9837909511466826	0.1960420881820188	230.0	25	1.05	0.95				
	220	1	49.38265384421053	10.030851562105264	0.0	0.0	2	0.982352175329187	1.4496330960431159	230.0	25	1.05	0.95				
	221	2	0.0	0.0	0.0	0.0	2	1.0015321648921205	0.9769998182195948	230.0	27	1.05	0.95				
	222	2	0.0	0.0	0.0	0.0	2	1.0195537907605383	6.516054946150611	230.0	27	1.05	0.95				
	223	2	0.0	0.0	0.0	0.0	2	0.982459775742574	2.466074737832814	230.0	25	1.05	0.95				
	224	1	0.0	0.0	0.0	0.0	2	0.9833406332913828	-2.961784312452606	230.0	26	1.05	0.95				
	301	2	58.937045229473696	12.005694398596493	0.0	0.0	3	1.0065679393495812	11.536433025117978	138.0	31	1.05	0.95				
	302	2	52.93419803017544	10.914267635087722	0.0	0.0	3	1.0072764846100533	11.128987931442804	138.0	32	1.05	0.95				
	303	1	98.22840871578948	20.191395124912283	0.0	0.0	3	1.0206594664196278	28.14615823471768	138.0	31	1.05	0.95				
	304	1	40.382790249824566	8.185700726315789	0.0	0.0	3	0.9945736530938242	12.870646243874724	138.0	31	1.05	0.95				
	305	1	38.7456501045614	7.639987344561405	0.0	0.0	3	1.0131684724613934	10.431663805284831	138.0	31	1.05	0.95				
	306	1	74.2170199185965	15.27997468912281	0.0	-100.0	3	1.023922973413878	9.170353653123703	138.0	32	1.05	0.95				
	307	2	68.21417271929825	13.64283454385965	0.0	0.0	3	0.9623433902099556	3.413728213517068	138.0	32	1.05	0.95				
	308	1	93.31698828	19.09996836140351	0.0	0.0	3	0.9672221481348592	6.092906297260493	138.0	32	1.05	0.95				
	309	1	95.49984180701755	19.645681743157894	0.0	0.0	3	1.0030309654787442	16.637961430753993	138.0	33	1.05	0.95				
	310	1	106.41410944210527	21.828535270175443	0.0	0.0	3	1.0335621508907775	11.116022734647856	138.0	33	1.05	0.95				
	311	1	0.0	0.0	0.0	0.0	3	0.9949238001385793	15.959685749088164	230.0	33	1.05	0.95				
	312	1	0.0	0.0	0.0	0.0	3	1.0007374904573163	15.664561169052527	230.0	33	1.05	0.95				
	313	2	144.61404616491228	29.468522614736848	0.0	0.0	3	0.9991487903404795	15.810792827418897	230.0	34	1.05	0.95				
	314	2	105.86839606035088	21.282821888421054	0.0	0.0	3	0.9923651770135872	18.267370619890357	230.0	36	1.05	0.95				
	315	2	172.99114201614037	34.925656432280704	0.0	0.0	3	0.9933311688466203	21.91798121314955	230.0	36	1.05	0.95				
	316	2	54.5713381754386	10.914267635087722	0.0	0.0	3	0.9847922905623687	21.87811024880199	230.0	36	1.05	0.95				
	317	1	0.0	0.0	0.0	0.0	3	1.0002257991181889	26.648502086810414	230.0	37	1.05	0.95				
	318	2	181.72255612421054	37.10850995929825	0.0	0.0	3	0.9939500370523905	22.80736429911412	230.0	37	1.05	0.95				
	319	1	98.77412209754387	20.191395124912283	0.0	0.0	3	0.9934013278226148	20.410288297816663	230.0	35	1.05	0.95				
	320	1	69.85131286456141	14.188547925614037	0.0	0.0	3	1.0027170492232007	18.721990290159088	230.0	35	1.05	0.95				
	321	2	0.0	0.0	0.0	0.0	3	1.0005842377602965	23.078152502864643	230.0	37	1.05	0.95				
	322	2	0.0	0.0	0.0	0.0	3	1.0176596694838544	27.892972391762083	230.0	37	1.05	0.95				
	323	2	0.0	0.0	0.0	0.0	3	1.0082851911983068	17.85616029549608	230.0	35	1.05	0.95				
	324	1	0.0	0.0	0.0	0.0	3	1.0020746052390976	24.859491709743306	230.0	36	1.05	0.95				
