%% MATPOWER Case Format : Version 2
function mpc = RTS_GMLC
mpc.version = '2';

%%-----  Power Flow Data  -----%%
%% system MVA base
mpc.baseMVA = 100.0;
%% bus data
%    bus_i    type    Pd    Qd    Gs    Bs    area    Vm    Va    baseKV    zone    Vmax    Vmin
mpc.bus = [
	101	2	51.38149429894737	10.466600690526317	0.0	0.0	1	1.0363333404309625	1.2070086186543083	138.0	11	1.05	0.95				
	102	2	46.14819395368421	9.515091536842107	0.0	0.0	1	1.0359193017480637	1.058839771009293	138.0	12	1.05	0.95				
	103	1	85.63582383157896	17.602919343157897	0.0	0.0	1	1.0266487474916526	-0.4811833536092162	138.0	11	1.05	0.95				
	104	1	35.20583868631579	7.136318652631579	0.0	0.0	1	1.0216117036661796	-2.14158579898848	138.0	11	1.05	0.95				
	105	1	33.77857495578947	6.660564075789475	0.0	0.0	1	1.0366686998296126	-1.964236448596102	138.0	11	1.05	0.95				
	106	1	64.70262245052632	13.32112815157895	0.0	-100.0	1	1.0447421920240216	-4.224368790890872	138.0	12	1.05	0.95				
	107	2	59.46932210526317	11.893864421052633	0.0	0.0	1	1.0030963658427676	-9.312009133441137	138.0	12	1.05	0.95				
	108	1	81.35403264000001	16.651410189473683	0.0	0.0	1	1.0045507254291717	-8.239047863870466	138.0	12	1.05	0.95				
	109	1	83.25705094736843	17.12716476631579	0.0	0.0	1	1.0245814301528275	-2.843490301371036	138.0	13	1.05	0.95				
	110	1	92.77214248421053	19.030183073684213	0.0	0.0	1	1.05	-3.69094666359525	138.0	13	1.05	0.95				
	111	1	0.0	0.0	0.0	0.0	1	1.0050070984259312	-0.7389533241904851	230.0	13	1.05	0.95				
	112	1	0.0	0.0	0.0	0.0	1	1.0094049547095072	-0.3313444119301408	230.0	13	1.05	0.95				
	113	3	126.07496286315791	25.690747149473687	0.0	0.0	1	0.9992579394904382	-1.7628342128828743e-29	230.0	14	1.05	0.95				
	114	2	92.29638790736843	18.554428496842107	0.0	0.0	1	1.0024904774711796	1.264979085708851	230.0	16	1.05	0.95				
	115	2	150.8142008589474	30.448292917894744	0.0	0.0	1	1.0354391016867155	7.361860385883821	230.0	16	1.05	0.95				
	116	2	47.575457684210534	9.515091536842107	0.0	0.0	1	1.0320203520468452	6.900344873614971	230.0	16	1.05	0.95				
	117	1	0.0	0.0	0.0	0.0	1	1.0386232999719496	8.889900473937692	230.0	17	1.05	0.95				
	118	2	158.42627408842108	32.35131122526316	0.0	0.0	1	1.040273983874355	8.987958531708694	230.0	17	1.05	0.95				
	119	1	86.11157840842107	17.602919343157897	0.0	0.0	1	1.0260422064475754	5.721823147108869	230.0	15	1.05	0.95				
	120	1	60.89658583578949	12.369618997894738	0.0	0.0	1	1.0244608161615494	5.618947262728482	230.0	15	1.05	0.95				
	121	2	0.0	0.0	0.0	0.0	1	1.0435323708671547	10.172254997416756	230.0	17	1.05	0.95				
	122	2	0.0	0.0	0.0	0.0	1	1.05	16.180514727419926	230.0	17	1.05	0.95				
	123	2	0.0	0.0	0.0	0.0	1	1.0243605472326096	5.9294257628546365	230.0	15	1.05	0.95				
	124	1	0.0	0.0	0.0	0.0	1	1.022132983200038	4.423382966287988	230.0	16	1.05	0.95				
	201	2	53.17550765052632	10.832047854736842	0.0	0.0	2	1.0320983016067902	-7.60609302764805	138.0	21	1.05	0.95				
	202	2	47.75948372315789	9.847316231578947	0.0	0.0	2	1.0325023871474526	-7.570411583143509	138.0	22	1.05	0.95				
	203	1	88.62584608421052	18.217535028421054	0.0	0.0	2	1.0188371909945821	-7.551439956155192	138.0	21	1.05	0.95				
	204	1	36.43507005684211	7.3854871736842105	0.0	0.0	2	1.0194043825275536	-9.766231359928023	138.0	21	1.05	0.95				
	205	1	34.95797262210526	6.893121362105265	0.0	0.0	2	1.0348391374119221	-9.880190252945255	138.0	21	1.05	0.95				
	206	1	66.96175037473685	13.78624272421053	0.0	-100.0	2	1.043978175964368	-11.617775690838451	138.0	22	1.05	0.95				
	207	2	61.54572644736842	12.309145289473685	0.0	0.0	2	0.9903898653424663	-19.061778806939223	138.0	22	1.05	0.95				
	208	1	84.19455378	17.23280340526316	0.0	0.0	2	0.9946655266586143	-16.7800646331701	138.0	22	1.05	0.95				
	209	1	86.16401702631579	17.725169216842104	0.0	0.0	2	1.0232117002067067	-9.560604118254215	138.0	23	1.05	0.95				
	210	1	96.01133325789473	19.694632463157895	0.0	0.0	2	1.05	-10.626661157180411	138.0	23	1.05	0.95				
	211	1	0.0	0.0	0.0	0.0	2	1.0079799196430792	-6.561876911473999	230.0	23	1.05	0.95				
	212	1	0.0	0.0	0.0	0.0	2	1.009406265805584	-5.824200143746565	230.0	23	1.05	0.95				
	213	2	130.47694006842104	26.58775382526316	0.0	0.0	2	1.0034870569572383	-5.452412136498378	230.0	24	1.05	0.95				
	214	2	95.51896744631578	19.20226665157895	0.0	0.0	2	1.0112400591654318	-3.9161565553461535	230.0	26	1.05	0.95				
	215	2	156.07996227052632	31.511411941052632	0.0	0.0	2	1.0292039833194433	2.78722432126225	230.0	26	1.05	0.95				
	216	2	49.23658115789474	9.847316231578947	0.0	0.0	2	1.0303401983496225	2.8137021767473986	230.0	26	1.05	0.95				
	217	1	0.0	0.0	0.0	0.0	2	1.035325853597834	5.397217678651175	230.0	27	1.05	0.95				
	218	2	163.95781525578948	33.480875187368426	0.0	0.0	2	1.0368402835354271	5.814495463472947	230.0	27	1.05	0.95				
	219	1	89.11821189578947	18.217535028421054	0.0	0.0	2	1.028813383372218	2.242322330723907	230.0	25	1.05	0.95				
	220	1	63.022823882105264	12.801511101052633	0.0	0.0	2	1.0311067729919006	2.6992562140091847	230.0	25	1.05	0.95				
	221	2	0.0	0.0	0.0	0.0	2	1.0369889650803241	5.566750587705899	230.0	27	1.05	0.95				
	222	2	0.0	0.0	0.0	0.0	2	1.05	11.999185717579795	230.0	27	1.05	0.95				
	223	2	0.0	0.0	0.0	0.0	2	1.0333189249737946	3.322576171930757	230.0	25	1.05	0.95				
	224	1	0.0	0.0	0.0	0.0	2	1.0125609145775913	-1.085305026297176	230.0	26	1.05	0.95				
	301	2	42.74217018947369	8.706738371929825	0.0	0.0	3	1.0120852054314453	-8.451567485707363	138.0	31	1.05	0.95				
	302	2	38.388801003508775	7.915216701754386	0.0	0.0	3	1.0117862908042095	-8.707291947572449	138.0	32	1.05	0.95				
	303	1	71.23695031578949	14.643150898245613	0.0	0.0	3	1.0415176752371307	1.1731560226242639	138.0	31	1.05	0.95				
	304	1	29.286301796491227	5.93641252631579	0.0	0.0	3	1.012352930520627	-7.8260657066512005	138.0	31	1.05	0.95				
	305	1	28.09901929122807	5.540651691228071	0.0	0.0	3	1.0262662643282563	-8.932585400909286	138.0	31	1.05	0.95				
	306	1	53.823473571929824	11.081303382456142	0.0	-100.0	3	1.0423104674771786	-9.694290924807476	138.0	32	1.05	0.95				
	307	2	49.470104385964916	9.894020877192983	0.0	0.0	3	0.9921698351890201	-13.834118872450551	138.0	32	1.05	0.95				
	308	1	67.67510279999999	13.851629228070175	0.0	0.0	3	0.999935976123865	-12.080872462342374	138.0	32	1.05	0.95				
	309	1	69.25814614035089	14.247390063157894	0.0	0.0	3	1.0244228588899777	-5.471181620480379	138.0	33	1.05	0.95				
	310	1	77.17336284210526	15.830433403508772	0.0	0.0	3	1.05	-8.137502698816153	138.0	33	1.05	0.95				
	311	1	0.0	0.0	0.0	0.0	3	1.0054609100665184	-3.7847742600501935	230.0	33	1.05	0.95				
	312	1	0.0	0.0	0.0	0.0	3	1.0106650164085036	-3.235168925101336	230.0	33	1.05	0.95				
	313	2	104.87662129824562	21.371085094736845	0.0	0.0	3	1.0079527673686282	-0.7780798953216578	230.0	34	1.05	0.95				
	314	2	76.77760200701755	15.434672568421053	0.0	0.0	3	0.9985841314189768	-3.270978008919148	230.0	36	1.05	0.95				
	315	2	125.45618472280702	25.328693445614036	0.0	0.0	3	1.0269309407391574	-0.4721807691000813	230.0	36	1.05	0.95				
	316	2	39.57608350877193	7.915216701754386	0.0	0.0	3	1.0233610418671468	-0.1812934154351911	230.0	36	1.05	0.95				
	317	1	0.0	0.0	0.0	0.0	3	1.0289322486305985	0.45219939894360095	230.0	37	1.05	0.95				
	318	2	131.78835808421053	26.911736785964912	0.0	0.0	3	1.0283960400048453	0.20761901409606962	230.0	37	1.05	0.95				
	319	1	71.6327111508772	14.643150898245613	0.0	0.0	3	1.018393601034701	-0.6396269123854028	230.0	35	1.05	0.95				
	320	1	50.65738689122807	10.289781712280702	0.0	0.0	3	1.0166113006025987	-0.25380926746716836	230.0	35	1.05	0.95				
	321	2	0.0	0.0	0.0	0.0	3	1.0298625416330218	0.5157498546476592	230.0	37	1.05	0.95				
	322	2	0.0	0.0	0.0	0.0	3	1.0428154219753665	4.85742083511821	230.0	37	1.05	0.95				
	323	2	0.0	0.0	0.0	0.0	3	1.016145522569802	0.27136779707524744	230.0	35	1.05	0.95				
	324	1	0.0	0.0	0.0	0.0	3	1.0290960336277006	0.15150160495276127	230.0	36	1.05	0.95				
	325	1	0.0	0.0	0.0	0.0	3	1.0163993909849083	1.125881376769905	230.0	35	1.05	0.95				
];
