%% MATPOWER Case Format : Version 2
function mpc = RTS_GMLC
mpc.version = '2';

%%-----  Power Flow Data  -----%%
%% system MVA base
mpc.baseMVA = 100.0;
%% bus data
%    bus_i    type    Pd    Qd    Gs    Bs    area    Vm    Va    baseKV    zone    Vmax    Vmin
mpc.bus = [
	101	2	35.05591291452632	7.141019297403509	0.0	0.0	1	1.0341171595394218	3.7435118704438866	138.0	11	1.05	0.95				
	102	2	31.48540326582456	6.4918357249122804	0.0	0.0	1	1.0332537955041527	3.512526707433454	138.0	12	1.05	0.95				
	103	1	58.42652152421053	12.009896091087718	0.0	0.0	1	1.0292595139464855	1.0072710162080076	138.0	11	1.05	0.95				
	104	1	24.019792182175436	4.86887679368421	0.0	0.0	1	1.0230729621832693	0.32304390942887634	138.0	11	1.05	0.95				
	105	1	23.046016823438595	4.544285007438597	0.0	0.0	1	1.0375331057456245	0.666472146433641	138.0	11	1.05	0.95				
	106	1	44.14448292940351	9.088570014877194	0.0	-100.0	1	1.048354875536073	-1.443849129850095	138.0	12	1.05	0.95				
	107	2	40.57397328070175	8.11479465614035	0.0	0.0	1	1.000817886737561	-6.2633645770407425	138.0	12	1.05	0.95				
	108	1	55.505195448	11.36071251859649	0.0	0.0	1	1.008039231437685	-5.1275484780588085	138.0	12	1.05	0.95				
	109	1	56.803562592982445	11.685304304842106	0.0	0.0	1	1.0243073186119842	-0.9684877912919448	138.0	13	1.05	0.95				
	110	1	63.29539831789474	12.983671449824561	0.0	0.0	1	1.05	-1.4302822433437707	138.0	13	1.05	0.95				
	111	1	0.0	0.0	0.0	0.0	1	1.0000912558786736	0.12784877152030524	230.0	13	1.05	0.95				
	112	1	0.0	0.0	0.0	0.0	1	1.004693620033215	0.41300420400717575	230.0	13	1.05	0.95				
	113	3	86.01682335508771	17.52795645726316	0.0	0.0	1	0.9871428582575051	-2.415938212225325e-24	230.0	14	1.05	0.95				
	114	2	62.97080653164912	12.659079663578948	0.0	0.0	1	0.9959411830769666	1.7064581197819704	230.0	16	1.05	0.95				
	115	2	102.89559623985964	20.773874319719297	0.0	0.0	1	1.0320493558449324	5.8398386830810045	230.0	16	1.05	0.95				
	116	2	32.4591786245614	6.4918357249122804	0.0	0.0	1	1.0272365849604919	5.778750711598419	230.0	16	1.05	0.95				
	117	1	0.0	0.0	0.0	0.0	1	1.037379925605966	7.438967758931657	230.0	17	1.05	0.95				
	118	2	108.08906481978948	22.072241464701754	0.0	0.0	1	1.0404820927098408	7.4038712445238355	230.0	17	1.05	0.95				
	119	1	58.75111331045614	12.009896091087718	0.0	0.0	1	1.0203507186110117	5.001148197787224	230.0	15	1.05	0.95				
	120	1	41.547748639438595	8.439386442385965	0.0	0.0	1	1.0161141788327293	4.96450551132952	230.0	15	1.05	0.95				
	121	2	0.0	0.0	0.0	0.0	1	1.044942007568499	8.116815982384203	230.0	17	1.05	0.95				
	122	2	0.0	0.0	0.0	0.0	1	1.05	14.356231045130496	230.0	17	1.05	0.95				
	123	2	0.0	0.0	0.0	0.0	1	1.0138708507133742	5.203917465443241	230.0	15	1.05	0.95				
	124	1	0.0	0.0	0.0	0.0	1	1.0238316818588789	4.022452867175368	230.0	16	1.05	0.95				
	201	2	32.28270108631579	6.5761057768421045	0.0	0.0	2	1.0133771475570723	-8.313918774347444	138.0	21	1.05	0.95				
	202	2	28.994648197894733	5.978277978947369	0.0	0.0	2	1.0122713318861454	-8.551784373616071	138.0	22	1.05	0.95				
	203	1	53.80450181052632	11.059814261052631	0.0	0.0	2	1.0163560091392299	-5.806347278905614	138.0	21	1.05	0.95				
	204	1	22.119628522105263	4.483708484210526	0.0	0.0	2	1.0137963737687845	-8.60358251458305	138.0	21	1.05	0.95				
	205	1	21.222886825263156	4.184794585263158	0.0	0.0	2	1.0282934529564016	-8.888010678195672	138.0	21	1.05	0.95				
	206	1	40.65229025684211	8.369589170526316	0.0	-100.0	2	1.045156468425077	-9.622415062671559	138.0	22	1.05	0.95				
	207	2	37.36423736842105	7.472847473684211	0.0	0.0	2	0.9960389774832229	-13.099215533275123	138.0	22	1.05	0.95				
	208	1	51.11427671999999	10.461986463157894	0.0	0.0	2	1.0055715038974051	-11.844449920099098	138.0	22	1.05	0.95				
	209	1	52.309932315789474	10.760900362105263	0.0	0.0	2	1.022495903388039	-7.393318104895628	138.0	23	1.05	0.95				
	210	1	58.28821029473684	11.956555957894738	0.0	0.0	2	1.05	-8.493668030792117	138.0	23	1.05	0.95				
	211	1	0.0	0.0	0.0	0.0	2	0.9999149543994791	-5.138765146649141	230.0	23	1.05	0.95				
	212	1	0.0	0.0	0.0	0.0	2	1.0057107925584694	-4.777450265472092	230.0	23	1.05	0.95				
	213	2	79.21218322105263	16.141350543157895	0.0	0.0	2	0.9935695642398398	-4.275613116749046	230.0	24	1.05	0.95				
	214	2	57.98929639578947	11.657642058947369	0.0	0.0	2	0.9947349673101225	-2.92029235471576	230.0	26	1.05	0.95				
	215	2	94.75570596631579	19.13048953263158	0.0	0.0	2	1.015004772806194	2.1198761281522875	230.0	26	1.05	0.95				
	216	2	29.891389894736843	5.978277978947369	0.0	0.0	2	1.0159821923373795	1.9590027685942641	230.0	26	1.05	0.95				
	217	1	0.0	0.0	0.0	0.0	2	1.0215567603458366	3.585045662387158	230.0	27	1.05	0.95				
	218	2	99.53832834947369	20.326145128421054	0.0	0.0	2	1.02110189195012	3.2739168819942814	230.0	27	1.05	0.95				
	219	1	54.10341570947369	11.059814261052631	0.0	0.0	2	1.017006764496639	1.3675189864818469	230.0	25	1.05	0.95				
	220	1	38.26097906526316	7.771761372631579	0.0	0.0	2	1.019312383130846	1.4536572518766526	230.0	25	1.05	0.95				
	221	2	0.0	0.0	0.0	0.0	2	1.0226957566230117	3.6933965812946803	230.0	27	1.05	0.95				
	222	2	0.0	0.0	0.0	0.0	2	1.0447602898603583	10.20730372076514	230.0	27	1.05	0.95				
	223	2	0.0	0.0	0.0	0.0	2	1.020560065982009	1.736597412122448	230.0	25	1.05	0.95				
	224	1	0.0	0.0	0.0	0.0	2	1.0056185100825081	-0.8831538607576672	230.0	26	1.05	0.95				
	301	2	44.50173995368421	9.065169249824562	0.0	0.0	3	1.0084283422759757	-21.964201752539314	138.0	31	1.05	0.95				
	302	2	39.969155328771926	8.241062954385965	0.0	0.0	3	1.0082931937862658	-22.094910706611262	138.0	32	1.05	0.95				
	303	1	74.16956658947369	15.245966465614035	0.0	0.0	3	1.0262168900856337	-16.05480986103274	138.0	31	1.05	0.95				
	304	1	30.49193293122807	6.1807972157894735	0.0	0.0	3	1.0110349636454963	-20.768670308058528	138.0	31	1.05	0.95				
	305	1	29.255773488070176	5.768744068070176	0.0	0.0	3	1.0239797256853882	-21.59406006760836	138.0	31	1.05	0.95				
	306	1	56.03922808982457	11.537488136140352	0.0	-100.0	3	1.0410098197803237	-21.88650314532794	138.0	32	1.05	0.95				
	307	2	51.50664346491228	10.301328692982455	0.0	0.0	3	0.9944218381645354	-26.293007734552553	138.0	32	1.05	0.95				
	308	1	70.46108826	14.421860170175439	0.0	0.0	3	1.0009731326449929	-24.450337621673615	138.0	32	1.05	0.95				
	309	1	72.10930085087719	14.833913317894737	0.0	0.0	3	1.0259415714612734	-17.993589818461157	138.0	33	1.05	0.95				
	310	1	80.35036380526316	16.48212590877193	0.0	0.0	3	1.05	-19.896208817785812	138.0	33	1.05	0.95				
	311	1	0.0	0.0	0.0	0.0	3	1.0064459341301857	-14.644646492407539	230.0	33	1.05	0.95				
	312	1	0.0	0.0	0.0	0.0	3	1.0108227254734643	-13.96464190942426	230.0	33	1.05	0.95				
	313	2	109.19408414561403	22.250869976842104	0.0	0.0	3	1.0096140914526703	-11.09233410082674	230.0	34	1.05	0.95				
	314	2	79.93831065754385	16.070072761052632	0.0	0.0	3	1.0034399917625525	-13.335119729554346	230.0	36	1.05	0.95				
	315	2	130.62084782701754	26.371401454035087	0.0	0.0	3	1.0247739286975888	-9.731418889013602	230.0	36	1.05	0.95				
	316	2	41.20531477192982	8.241062954385965	0.0	0.0	3	1.0245592645908368	-9.000890925160403	230.0	36	1.05	0.95				
	317	1	0.0	0.0	0.0	0.0	3	1.0287009662559108	-7.823930496977641	230.0	37	1.05	0.95				
	318	2	137.21369819052632	28.019614044912284	0.0	0.0	3	1.0276639949932023	-7.763306042310552	230.0	37	1.05	0.95				
	319	1	74.58161973719298	15.245966465614035	0.0	0.0	3	1.0230468828559514	-9.295255339507872	230.0	35	1.05	0.95				
	320	1	52.742802908070175	10.713381840701755	0.0	0.0	3	1.024420237002414	-8.741445123171317	230.0	35	1.05	0.95				
	321	2	0.0	0.0	0.0	0.0	3	1.028863869946392	-7.894749429321404	230.0	37	1.05	0.95				
	322	2	0.0	0.0	0.0	0.0	3	1.042096009378656	-3.49408703894195	230.0	37	1.05	0.95				
	323	2	0.0	0.0	0.0	0.0	3	1.0257933371509196	-8.119081143266461	230.0	35	1.05	0.95				
	324	1	0.0	0.0	0.0	0.0	3	1.0169043509473459	-12.126160551771868	230.0	36	1.05	0.95				
	325	1	0.0	0.0	0.0	0.0	3	1.022276501252527	-6.7575827507772	230.0	35	1.05	0.95				
];
