%% MATPOWER Case Format : Version 2
function mpc = RTS_GMLC
mpc.version = '2';

%%-----  Power Flow Data  -----%%
%% system MVA base
mpc.baseMVA = 100.0;
%% bus data
%    bus_i    type    Pd    Qd    Gs    Bs    area    Vm    Va    baseKV    zone    Vmax    Vmin
mpc.bus = [
	101	2	53.31865414736843	10.86120732631579	0.0	0.0	1	1.011812876538383	0.7276192783453838	138.0	11	1.05	0.95				
	102	2	47.88805048421053	9.873824842105265	0.0	0.0	1	1.0106966534068071	0.4063671888804007	138.0	12	1.05	0.95				
	103	1	88.86442357894738	18.26657595789474	0.0	0.0	1	1.0229300416396812	1.1163096971239252	138.0	11	1.05	0.95				
	104	1	36.53315191578948	7.405368631578948	0.0	0.0	1	1.010686178438888	-2.560376783908069	138.0	11	1.05	0.95				
	105	1	35.05207818947368	6.911677389473686	0.0	0.0	1	1.0238314099525343	-2.547192196644573	138.0	11	1.05	0.95				
	106	1	67.1420089263158	13.823354778947373	0.0	-100.0	1	1.0380774406016804	-4.891259679307152	138.0	12	1.05	0.95				
	107	2	61.7114052631579	12.34228105263158	0.0	0.0	1	0.9874014192764206	-11.738575336416636	138.0	12	1.05	0.95				
	108	1	84.42120240000001	17.279193473684213	0.0	0.0	1	0.9939812658681599	-9.804388940725293	138.0	12	1.05	0.95				
	109	1	86.39596736842107	17.772884715789473	0.0	0.0	1	1.0259370823426972	-2.916321018919278	138.0	13	1.05	0.95				
	110	1	96.26979221052633	19.74764968421053	0.0	0.0	1	1.05	-4.2271249440614	138.0	13	1.05	0.95				
	111	1	0.0	0.0	0.0	0.0	1	1.0224577800671364	-0.15309236437169596	230.0	13	1.05	0.95				
	112	1	0.0	0.0	0.0	0.0	1	1.0175406784968992	-0.8740667412352819	230.0	13	1.05	0.95				
	113	3	130.82817915789477	26.659327073684214	0.0	0.0	1	1.0052263221231723	-2.37939764967193e-31	230.0	14	1.05	0.95				
	114	2	95.77610096842106	19.253958442105265	0.0	0.0	1	1.05	3.027162616595079	230.0	16	1.05	0.95				
	115	2	156.50012374736843	31.596239494736842	0.0	0.0	1	1.0417372599386794	12.407280766229675	230.0	16	1.05	0.95				
	116	2	49.36912421052632	9.873824842105265	0.0	0.0	1	1.0435812818309078	10.709719560629699	230.0	16	1.05	0.95				
	117	1	0.0	0.0	0.0	0.0	1	1.0408461252004704	16.66135854157799	230.0	17	1.05	0.95				
	118	2	164.39918362105266	33.5710044631579	0.0	0.0	1	1.048796643077455	17.21492599257726	230.0	17	1.05	0.95				
	119	1	89.35811482105265	18.26657595789474	0.0	0.0	1	1.04142820874964	6.884519996100205	230.0	15	1.05	0.95				
	120	1	63.192478989473685	12.835972294736845	0.0	0.0	1	1.0462194819172317	4.501890842682367	230.0	15	1.05	0.95				
	121	2	0.0	0.0	0.0	0.0	1	1.0433899828066127	18.95344891352087	230.0	17	1.05	0.95				
	122	2	0.0	0.0	0.0	0.0	1	1.05	36.91357313247327	230.0	17	1.05	0.95				
	123	2	0.0	0.0	0.0	0.0	1	1.05	3.562301859014938	230.0	15	1.05	0.95				
	124	1	0.0	0.0	0.0	0.0	1	1.0205864721022528	8.210446914122478	230.0	16	1.05	0.95				
	201	2	53.82150165473685	10.963639225964913	0.0	0.0	2	1.020173921374503	-13.355329471705076	138.0	21	1.05	0.95				
	202	2	48.339682041754386	9.966944750877193	0.0	0.0	2	1.0208088290961883	-13.279261042748711	138.0	22	1.05	0.95				
	203	1	89.70250275789475	18.438847789122807	0.0	0.0	2	1.013361849002524	-11.282699956522206	138.0	21	1.05	0.95				
	204	1	36.877695578245614	7.475208563157895	0.0	0.0	2	1.014174647406753	-14.200946762885515	138.0	21	1.05	0.95				
	205	1	35.38265386561403	6.976861325614037	0.0	0.0	2	1.028950739359472	-14.581334162227945	138.0	21	1.05	0.95				
	206	1	67.77522430596493	13.953722651228073	0.0	-100.0	2	1.0413853834001667	-15.743090005461307	138.0	22	1.05	0.95				
	207	2	62.293404692982456	12.458680938596492	0.0	0.0	2	0.9909137141216111	-22.654918624425136	138.0	22	1.05	0.95				
	208	1	85.21737762000001	17.44215331403509	0.0	0.0	2	0.9947196560647295	-20.338739442668288	138.0	22	1.05	0.95				
	209	1	87.21076657017545	17.940500551578946	0.0	0.0	2	1.023330582930677	-12.900285646100144	138.0	23	1.05	0.95				
	210	1	97.17771132105264	19.933889501754386	0.0	0.0	2	1.05	-14.219935650575417	138.0	23	1.05	0.95				
	211	1	0.0	0.0	0.0	0.0	2	1.0113991081162506	-9.543427828518395	230.0	23	1.05	0.95				
	212	1	0.0	0.0	0.0	0.0	2	1.0113281976707746	-8.13334915491623	230.0	23	1.05	0.95				
	213	2	132.0620179491228	26.910750827368425	0.0	0.0	2	1.0111799293473578	-7.5794382766809365	230.0	24	1.05	0.95				
	214	2	96.67936408350877	19.43554226421053	0.0	0.0	2	1.0158992015009483	-7.19646726583319	230.0	26	1.05	0.95				
	215	2	157.97607430140351	31.89422320280702	0.0	0.0	2	1.0310283864620196	-1.0110954541629609	230.0	26	1.05	0.95				
	216	2	49.83472375438597	9.966944750877193	0.0	0.0	2	1.03388621682382	-0.8529926530482576	230.0	26	1.05	0.95				
	217	1	0.0	0.0	0.0	0.0	2	1.0393098448873828	0.5278844764370643	230.0	27	1.05	0.95				
	218	2	165.9496301021053	33.88761215298246	0.0	0.0	2	1.0369601038105474	-0.1511148213444495	230.0	27	1.05	0.95				
	219	1	90.2008499954386	18.438847789122807	0.0	0.0	2	1.0347543277170768	0.07098390596090874	230.0	25	1.05	0.95				
	220	1	63.78844640561404	12.957028176140353	0.0	0.0	2	1.0395517349538508	1.8216780227336629	230.0	25	1.05	0.95				
	221	2	0.0	0.0	0.0	0.0	2	1.0373056206948645	0.36752484121350976	230.0	27	1.05	0.95				
	222	2	0.0	0.0	0.0	0.0	2	1.05	6.931471762283473	230.0	27	1.05	0.95				
	223	2	0.0	0.0	0.0	0.0	2	1.0437501578677633	3.147083378065232	230.0	25	1.05	0.95				
	224	1	0.0	0.0	0.0	0.0	2	1.0117156011994166	-4.83035382343213	230.0	26	1.05	0.95				
	301	2	48.22587788210526	9.823789938947368	0.0	0.0	3	1.0108515997149279	1.7169583902780168	138.0	31	1.05	0.95				
	302	2	43.31398291263157	8.93071812631579	0.0	0.0	3	1.0103055179158693	1.4884931462049968	138.0	32	1.05	0.95				
	303	1	80.3764631368421	16.521828533684207	0.0	0.0	3	1.0434196877126036	11.262786517946898	138.0	31	1.05	0.95				
	304	1	33.043657067368414	6.698038594736841	0.0	0.0	3	1.0121707620200677	2.8622665156837264	138.0	31	1.05	0.95				
	305	1	31.704049348421048	6.251502688421053	0.0	0.0	3	1.024894822208946	1.369258063326739	138.0	31	1.05	0.95				
	306	1	60.72888325894736	12.503005376842106	0.0	-100.0	3	1.040498190664145	0.645858600049504	138.0	32	1.05	0.95				
	307	2	55.81698828947368	11.163397657894736	0.0	0.0	3	0.9910177816000125	-3.8710661123478696	138.0	32	1.05	0.95				
	308	1	76.35763997999999	15.628756721052628	0.0	0.0	3	0.9978378564565683	-1.8555711898468423	138.0	32	1.05	0.95				
	309	1	78.14378360526315	16.075292627368416	0.0	0.0	3	1.02772478852956	5.8097910861824715	138.0	33	1.05	0.95				
	310	1	87.07450173157893	17.86143625263158	0.0	0.0	3	1.05	2.459772127230933	138.0	33	1.05	0.95				
	311	1	0.0	0.0	0.0	0.0	3	1.0094722127546751	7.604078836014693	230.0	33	1.05	0.95				
	312	1	0.0	0.0	0.0	0.0	3	1.0125223887081354	7.863451840139098	230.0	33	1.05	0.95				
	313	2	118.3320151736842	24.11293894105263	0.0	0.0	3	1.0102449027680438	10.350478062010652	230.0	34	1.05	0.95				
	314	2	86.62796582526315	17.41490034631579	0.0	0.0	3	1.0078415740868671	8.781209990149616	230.0	36	1.05	0.95				
	315	2	141.55188230210524	28.578298004210524	0.0	0.0	3	1.0395007354001637	13.10323068976474	230.0	36	1.05	0.95				
	316	2	44.65359063157894	8.93071812631579	0.0	0.0	3	1.0364352274853472	13.074858407576846	230.0	36	1.05	0.95				
	317	1	0.0	0.0	0.0	0.0	3	1.05	18.374801602859772	230.0	37	1.05	0.95				
	318	2	148.69645680315787	30.36444162947368	0.0	0.0	3	1.0461840634838542	15.465909446351429	230.0	37	1.05	0.95				
	319	1	80.82299904315789	16.521828533684207	0.0	0.0	3	1.0267847322395336	11.761335796103912	230.0	35	1.05	0.95				
	320	1	57.15659600842105	11.609933564210525	0.0	0.0	3	1.0217369437620665	11.476905160031643	230.0	35	1.05	0.95				
	321	2	0.0	0.0	0.0	0.0	3	1.0451864725716145	15.332363805012232	230.0	37	1.05	0.95				
	322	2	0.0	0.0	0.0	0.0	3	1.05	20.868923102319187	230.0	37	1.05	0.95				
	323	2	0.0	0.0	0.0	0.0	3	1.0195772493352377	11.668214332942393	230.0	35	1.05	0.95				
	324	1	0.0	0.0	0.0	0.0	3	1.0359120400397324	12.408747418548748	230.0	36	1.05	0.95				
	325	1	0.0	0.0	0.0	0.0	3	1.0205277307658585	12.299189542180168	230.0	35	1.05	0.95				
];
