%% MATPOWER Case Format : Version 2
function mpc = RTS_GMLC
mpc.version = '2';

%%-----  Power Flow Data  -----%%
%% system MVA base
mpc.baseMVA = 100.0;
%% bus data
%    bus_i    type    Pd    Qd    Gs    Bs    area    Vm    Va    baseKV    zone    Vmax    Vmin
mpc.bus = [
	101	2	36.017812962947374	7.3369618998596495	0.0	0.0	1	1.0105078854350653	0.26991288736501556	138.0	11	1.05	0.95				
	102	2	32.349332013017545	6.669965363508772	0.0	0.0	1	1.0085377345746869	-0.3076386000612989	138.0	12	1.05	0.95				
	103	1	60.02968827157895	12.339435922491228	0.0	0.0	1	1.0282542269116697	3.1101962076055942	138.0	11	1.05	0.95				
	104	1	24.678871844982456	5.002474022631579	0.0	0.0	1	1.012454618773981	-1.6448040310591272	138.0	11	1.05	0.95				
	105	1	23.678377040456137	4.668975754456141	0.0	0.0	1	1.0260076838027647	-1.7966484274147296	138.0	11	1.05	0.95				
	106	1	45.35576447185965	9.337951508912282	0.0	-100.0	1	1.0428393638844136	-3.4323172066072853	138.0	12	1.05	0.95				
	107	2	41.68728352192982	8.337456704385964	0.0	0.0	1	0.9823051200595241	-9.935116176170835	138.0	12	1.05	0.95				
	108	1	57.028203858000005	11.67243938614035	0.0	0.0	1	0.995633380757524	-7.599022590106567	138.0	12	1.05	0.95				
	109	1	58.36219693070175	12.005937654315789	0.0	0.0	1	1.0243619757444709	-1.3319872219971929	138.0	13	1.05	0.95				
	110	1	65.03216229421052	13.339930727017544	0.0	0.0	1	1.05	-2.777374187906397	138.0	13	1.05	0.95				
	111	1	0.0	0.0	0.0	0.0	1	1.0118252064955964	0.9882308423984165	230.0	13	1.05	0.95				
	112	1	0.0	0.0	0.0	0.0	1	1.0099885783953806	-0.3240867471128549	230.0	13	1.05	0.95				
	113	3	88.37704106649123	18.008906481473687	0.0	0.0	1	0.987137988451317	-3.37608729533639e-30	230.0	14	1.05	0.95				
	114	2	64.69866402603509	13.006432458842104	0.0	0.0	1	1.0358051475396233	4.8534218048150235	230.0	16	1.05	0.95				
	115	2	105.71895101161404	21.34388916322807	0.0	0.0	1	1.0424030010235315	14.31470772650897	230.0	16	1.05	0.95				
	116	2	33.34982681754386	6.669965363508772	0.0	0.0	1	1.0410114203655345	12.4134784346843	230.0	16	1.05	0.95				
	117	1	0.0	0.0	0.0	0.0	1	1.0407705989311253	18.444825239987633	230.0	17	1.05	0.95				
	118	2	111.05492330242106	22.677882235929825	0.0	0.0	1	1.0499676324906508	19.059977425312326	230.0	17	1.05	0.95				
	119	1	60.36318653975439	12.339435922491228	0.0	0.0	1	1.0364315154214692	7.935400555229302	230.0	15	1.05	0.95				
	120	1	42.68777832645614	8.670954972561404	0.0	0.0	1	1.0388768509318593	4.679363756522419	230.0	15	1.05	0.95				
	121	2	0.0	0.0	0.0	0.0	1	1.0434480782192281	20.501331272727462	230.0	17	1.05	0.95				
	122	2	0.0	0.0	0.0	0.0	1	1.05	38.46096526224014	230.0	17	1.05	0.95				
	123	2	0.0	0.0	0.0	0.0	1	1.0412157856985031	3.1465566215792826	230.0	15	1.05	0.95				
	124	1	0.0	0.0	0.0	0.0	1	1.0230925906726407	10.131354087130303	230.0	16	1.05	0.95				
	201	2	42.261608690526316	8.608846214736841	0.0	0.0	2	1.0130796922503786	-17.74241641277486	138.0	21	1.05	0.95				
	202	2	37.957185583157894	7.826223831578948	0.0	0.0	2	1.0122445000178992	-18.056600960253874	138.0	22	1.05	0.95				
	203	1	70.43601448421052	14.478514088421052	0.0	0.0	2	1.0104593097300134	-12.75643773406799	138.0	21	1.05	0.95				
	204	1	28.957028176842105	5.86966787368421	0.0	0.0	2	1.0110964885850244	-17.75973422325266	138.0	21	1.05	0.95				
	205	1	27.78309460210526	5.478356682105264	0.0	0.0	2	1.0268421337382077	-18.2803321260808	138.0	21	1.05	0.95				
	206	1	53.218322054736845	10.956713364210527	0.0	-100.0	2	1.042546401194985	-19.083048542563922	138.0	22	1.05	0.95				
	207	2	48.913898947368416	9.782779789473683	0.0	0.0	2	0.9954410266906099	-23.72055037308104	138.0	22	1.05	0.95				
	208	1	66.91421376	13.695891705263156	0.0	0.0	2	1.001370867358342	-21.96921900015362	138.0	22	1.05	0.95				
	209	1	68.47945852631578	14.087202896842104	0.0	0.0	2	1.021221892363164	-15.887839411358343	138.0	23	1.05	0.95				
	210	1	76.30568235789474	15.652447663157895	0.0	0.0	2	1.05	-17.557234950088446	138.0	23	1.05	0.95				
	211	1	0.0	0.0	0.0	0.0	2	1.006924640622204	-13.059937457038744	230.0	23	1.05	0.95				
	212	1	0.0	0.0	0.0	0.0	2	1.0073208989465003	-12.725690306857768	230.0	23	1.05	0.95				
	213	2	103.69746576842105	21.130804345263158	0.0	0.0	2	1.0007082648368986	-12.131638173306877	230.0	24	1.05	0.95				
	214	2	75.91437116631579	15.261136471578945	0.0	0.0	2	1.012232478606886	-10.123164220497895	230.0	26	1.05	0.95				
	215	2	124.04564773052631	25.04391626105263	0.0	0.0	2	1.0244503191688772	-2.897366535838644	230.0	26	1.05	0.95				
	216	2	39.13111915789473	7.826223831578948	0.0	0.0	2	1.0274538807908276	-3.5893763838663983	230.0	26	1.05	0.95				
	217	1	0.0	0.0	0.0	0.0	2	1.033783282865824	-1.3404037672078386	230.0	27	1.05	0.95				
	218	2	130.30662679578947	26.609161027368422	0.0	0.0	2	1.0325803914762803	-1.8419723278837532	230.0	27	1.05	0.95				
	219	1	70.82732567578947	14.478514088421052	0.0	0.0	2	1.024830989723588	-4.635927708229688	230.0	25	1.05	0.95				
	220	1	50.08783252210526	10.174090981052633	0.0	0.0	2	1.0251411098993164	-4.779788481745379	230.0	25	1.05	0.95				
	221	2	0.0	0.0	0.0	0.0	2	1.032781766617429	-1.3922611540850052	230.0	27	1.05	0.95				
	222	2	0.0	0.0	0.0	0.0	2	1.05	5.123919942932911	230.0	27	1.05	0.95				
	223	2	0.0	0.0	0.0	0.0	2	1.0256755974746212	-4.556069599815469	230.0	25	1.05	0.95				
	224	1	0.0	0.0	0.0	0.0	2	1.007081910510405	-6.575642953445063	230.0	26	1.05	0.95				
	301	2	46.14172730526317	9.399240747368422	0.0	0.0	3	1.010064202322802	-1.5725113605850594	138.0	31	1.05	0.95				
	302	2	41.44210693157895	8.544764315789473	0.0	0.0	3	1.009771335950025	-1.7889646821034433	138.0	32	1.05	0.95				
	303	1	76.90287884210527	15.807813984210526	0.0	0.0	3	1.0426286895588874	7.168116748935551	138.0	31	1.05	0.95				
	304	1	31.61562796842105	6.408573236842105	0.0	0.0	3	1.0122650796712798	-0.5526912505441725	138.0	31	1.05	0.95				
	305	1	30.33391332105263	5.981335021052632	0.0	0.0	3	1.0247523331925414	-1.8105902498847062	138.0	31	1.05	0.95				
	306	1	58.10439734736843	11.962670042105264	0.0	-100.0	3	1.0409324336918697	-2.457875240229617	138.0	32	1.05	0.95				
	307	2	53.40477697368421	10.680955394736841	0.0	0.0	3	0.9910431032760858	-6.848101877252115	138.0	32	1.05	0.95				
	308	1	73.0577349	14.953337552631579	0.0	0.0	3	0.9986476938964435	-4.938148970985444	138.0	32	1.05	0.95				
	309	1	74.76668776315789	15.380575768421052	0.0	0.0	3	1.0274403372773298	2.2065351783019214	138.0	33	1.05	0.95				
	310	1	83.31145207894737	17.089528631578947	0.0	0.0	3	1.05	-0.6713457752117635	138.0	33	1.05	0.95				
	311	1	0.0	0.0	0.0	0.0	3	1.0084793569989292	4.242554894530207	230.0	33	1.05	0.95				
	312	1	0.0	0.0	0.0	0.0	3	1.0116790324871912	4.774744079342406	230.0	33	1.05	0.95				
	313	2	113.21812718421052	23.070863652631584	0.0	0.0	3	1.0095587006255622	7.324019908530978	230.0	34	1.05	0.95				
	314	2	82.8842138631579	16.662290415789474	0.0	0.0	3	1.0058196026995072	5.136709144819981	230.0	36	1.05	0.95				
	315	2	135.43451440526314	27.34324581052632	0.0	0.0	3	1.0390468192690698	8.6045120131951	230.0	36	1.05	0.95				
	316	2	42.723821578947366	8.544764315789473	0.0	0.0	3	1.036373567966944	8.904452129404087	230.0	36	1.05	0.95				
	317	1	0.0	0.0	0.0	0.0	3	1.05	12.854277814757069	230.0	37	1.05	0.95				
	318	2	142.27032585789473	29.052198673684217	0.0	0.0	3	1.0469121797005518	10.02805462600797	230.0	37	1.05	0.95				
	319	1	77.33011705789474	15.807813984210526	0.0	0.0	3	1.0268812181288818	8.296784513945758	230.0	35	1.05	0.95				
	320	1	54.68649162105264	11.108193610526316	0.0	0.0	3	1.0215021784003058	8.597280979912291	230.0	35	1.05	0.95				
	321	2	0.0	0.0	0.0	0.0	3	1.0452528909846897	10.201883749129863	230.0	37	1.05	0.95				
	322	2	0.0	0.0	0.0	0.0	3	1.05	15.5850895063556	230.0	37	1.05	0.95				
	323	2	0.0	0.0	0.0	0.0	3	1.0191692482933221	9.098903616225295	230.0	35	1.05	0.95				
	324	1	0.0	0.0	0.0	0.0	3	1.0355719360571787	8.064657194925976	230.0	36	1.05	0.95				
	325	1	0.0	0.0	0.0	0.0	3	1.0185203039066564	10.074060546730653	230.0	35	1.05	0.95				
];
