%% MATPOWER Case Format : Version 2
function mpc = RTS_GMLC
mpc.version = '2';

%%-----  Power Flow Data  -----%%
%% system MVA base
mpc.baseMVA = 100.0;
%% bus data
%    bus_i    type    Pd    Qd    Gs    Bs    area    Vm    Va    baseKV    zone    Vmax    Vmin
mpc.bus = [
	101	2	47.68085106947368	9.71276595859649	0.0	0.0	1	1.0321313443353637	2.6848158389672494	138.0	11	1.05	0.95				
	102	2	42.82446809017543	8.82978723508772	0.0	0.0	1	1.0317275319058716	2.5647541412819255	138.0	12	1.05	0.95				
	103	1	79.46808511578946	16.33510638491228	0.0	0.0	1	1.0276734806092933	-0.16767220016321058	138.0	11	1.05	0.95				
	104	1	32.67021276982456	6.622340426315788	0.0	0.0	1	1.0208266525472867	-0.7528516133714	138.0	11	1.05	0.95				
	105	1	31.3457446845614	6.180851064561403	0.0	0.0	1	1.0349775826624399	-0.4657929192345679	138.0	11	1.05	0.95				
	106	1	60.042553198596494	12.361702129122806	0.0	-100.0	1	1.0446789334358184	-2.67696100004558	138.0	12	1.05	0.95				
	107	2	55.18617021929823	11.037234043859648	0.0	0.0	1	1.0177284222646255	-3.544536745382102	138.0	12	1.05	0.95				
	108	1	75.49468085999999	15.452127661403505	0.0	0.0	1	1.015605693287027	-4.274749739940467	138.0	12	1.05	0.95				
	109	1	77.26063830701754	15.89361702315789	0.0	0.0	1	1.0255561254748475	-1.6750497488274865	138.0	13	1.05	0.95				
	110	1	86.09042554210525	17.65957447017544	0.0	0.0	1	1.05	-2.2634310448248143	138.0	13	1.05	0.95				
	111	1	0.0	0.0	0.0	0.0	1	1.0035539980440935	-0.37410657100959904	230.0	13	1.05	0.95				
	112	1	0.0	0.0	0.0	0.0	1	1.009058326686856	0.33713527893414796	230.0	13	1.05	0.95				
	113	3	116.99468086491227	23.84042553473684	0.0	0.0	1	0.995042540300535	2.8200673396164412e-28	230.0	14	1.05	0.95				
	114	2	85.64893618035086	17.218085108421054	0.0	0.0	1	0.998934995586965	1.0205680029740958	230.0	16	1.05	0.95				
	115	2	139.95212767614035	28.2553191522807	0.0	0.0	1	1.0386328662163786	5.571520644746356	230.0	16	1.05	0.95				
	116	2	44.14893617543859	8.82978723508772	0.0	0.0	1	1.0339325190044213	5.5480441320346	230.0	16	1.05	0.95				
	117	1	0.0	0.0	0.0	0.0	1	1.042636284671661	6.692248753527574	230.0	17	1.05	0.95				
	118	2	147.01595746421052	30.021276599298247	0.0	0.0	1	1.0454600385387824	6.366032256423219	230.0	17	1.05	0.95				
	119	1	79.90957447754386	16.33510638491228	0.0	0.0	1	1.0281966851535769	5.231099981779578	230.0	15	1.05	0.95				
	120	1	56.5106383045614	11.478723405614035	0.0	0.0	1	1.0262155298464353	5.8132314928590105	230.0	15	1.05	0.95				
	121	2	0.0	0.0	0.0	0.0	1	1.05	6.8087078960401355	230.0	17	1.05	0.95				
	122	2	0.0	0.0	0.0	0.0	1	1.05	13.778565107027237	230.0	17	1.05	0.95				
	123	2	0.0	0.0	0.0	0.0	1	1.0258865775684336	6.475269472483107	230.0	15	1.05	0.95				
	124	1	0.0	0.0	0.0	0.0	1	1.0265129218272604	3.4329097871089687	230.0	16	1.05	0.95				
	201	2	51.560522602105266	10.50306941894737	0.0	0.0	2	1.0290392443008889	-6.704386652464469	138.0	21	1.05	0.95				
	202	2	46.30898789263158	9.54824492631579	0.0	0.0	2	1.029422390868319	-6.700284408338092	138.0	22	1.05	0.95				
	203	1	85.93420433684211	17.66425311368421	0.0	0.0	2	1.0221801759304043	-5.767547848332903	138.0	21	1.05	0.95				
	204	1	35.32850622736842	7.161183694736842	0.0	0.0	2	1.0183618130711147	-9.084887915225545	138.0	21	1.05	0.95				
	205	1	33.896269488421055	6.683771448421054	0.0	0.0	2	1.033318180989793	-9.276656264601119	138.0	21	1.05	0.95				
	206	1	64.92806549894738	13.367542896842108	0.0	-100.0	2	1.0434775244017518	-11.16911671156275	138.0	22	1.05	0.95				
	207	2	59.67653078947368	11.935306157894738	0.0	0.0	2	0.9867682942720406	-18.360792366021194	138.0	22	1.05	0.95				
	208	1	81.63749412	16.70942862105263	0.0	0.0	2	0.9932689264554312	-16.173248800821	138.0	22	1.05	0.95				
	209	1	83.54714310526316	17.18684086736842	0.0	0.0	2	1.0234391005158672	-9.087208161215782	138.0	23	1.05	0.95				
	210	1	93.09538803157895	19.09648985263158	0.0	0.0	2	1.05	-10.363571669434002	138.0	23	1.05	0.95				
	211	1	0.0	0.0	0.0	0.0	2	1.008097196307203	-6.545071027614316	230.0	23	1.05	0.95				
	212	1	0.0	0.0	0.0	0.0	2	1.0129977185240284	-6.176597890442967	230.0	23	1.05	0.95				
	213	2	126.5142452736842	25.780261301052633	0.0	0.0	2	1.0033712081906028	-5.9082935740869775	230.0	24	1.05	0.95				
	214	2	92.61797578526316	18.61907760631579	0.0	0.0	2	1.0105348259734501	-3.8355903996653358	230.0	26	1.05	0.95				
	215	2	151.33968208210527	30.55438376421053	0.0	0.0	2	1.0308966362412926	3.1074031020930892	230.0	26	1.05	0.95				
	216	2	47.74122463157895	9.54824492631579	0.0	0.0	2	1.0339246441789125	2.8376164019689503	230.0	26	1.05	0.95				
	217	1	0.0	0.0	0.0	0.0	2	1.0378985519218598	5.828350234645747	230.0	27	1.05	0.95				
	218	2	158.97827802315788	32.46403274947369	0.0	0.0	2	1.0397507573812192	6.439398939518288	230.0	27	1.05	0.95				
	219	1	86.41161658315791	17.66425311368421	0.0	0.0	2	1.0352972610856557	1.4758820488322433	230.0	25	1.05	0.95				
	220	1	61.10876752842106	12.412718404210526	0.0	0.0	2	1.0401421374932187	1.2115621449482445	230.0	25	1.05	0.95				
	221	2	0.0	0.0	0.0	0.0	2	1.039225073237619	6.080998400685962	230.0	27	1.05	0.95				
	222	2	0.0	0.0	0.0	0.0	2	1.05	12.48320394087805	230.0	27	1.05	0.95				
	223	2	0.0	0.0	0.0	0.0	2	1.0435122294950787	1.421548290337051	230.0	25	1.05	0.95				
	224	1	0.0	0.0	0.0	0.0	2	1.016554018495235	-0.2202244819346244	230.0	26	1.05	0.95				
	301	2	67.20531476210526	13.689971525614034	0.0	0.0	3	1.0089675042037094	-38.078240168159496	138.0	31	1.05	0.95				
	302	2	60.36032899929824	12.445428659649123	0.0	0.0	3	1.008186300627321	-38.25631381137568	138.0	32	1.05	0.95				
	303	1	112.0088579368421	23.024043020350877	0.0	0.0	3	1.0238394227355467	-29.326735145246282	138.0	31	1.05	0.95				
	304	1	46.048086040701754	9.334071494736842	0.0	0.0	3	1.0066133503508483	-36.136076914460766	138.0	31	1.05	0.95				
	305	1	44.18127174175439	8.711800061754387	0.0	0.0	3	1.0208815636181905	-37.24772364522153	138.0	31	1.05	0.95				
	306	1	84.62891488561404	17.423600123508773	0.0	-100.0	3	1.0346644787087165	-37.46926500209726	138.0	32	1.05	0.95				
	307	2	77.78392912280701	15.556785824561404	0.0	0.0	3	1.0018631061558188	-40.18312465056469	138.0	32	1.05	0.95				
	308	1	106.40841504000001	21.779500154385964	0.0	0.0	3	0.9994381730316815	-39.15756811682205	138.0	32	1.05	0.95				
	309	1	108.89750077192981	22.40177158736842	0.0	0.0	3	1.0274822600653868	-31.868643437632905	138.0	33	1.05	0.95				
	310	1	121.34292943157894	24.890857319298245	0.0	0.0	3	1.05	-34.42031679310432	138.0	33	1.05	0.95				
	311	1	0.0	0.0	0.0	0.0	3	1.0202985863401204	-26.89356300481389	230.0	33	1.05	0.95				
	312	1	0.0	0.0	0.0	0.0	3	1.018172635021051	-26.28861122906133	230.0	33	1.05	0.95				
	313	2	164.90192974035088	33.60265738105263	0.0	0.0	3	1.0285313386909043	-23.269009649195727	230.0	34	1.05	0.95				
	314	2	120.72065799859648	24.26858588631579	0.0	0.0	3	1.0338130161437602	-23.908036466820807	230.0	36	1.05	0.95				
	315	2	197.2600442554386	39.82537171087719	0.0	0.0	3	1.049507435680136	-16.250597088155505	230.0	36	1.05	0.95				
	316	2	62.227143298245615	12.445428659649123	0.0	0.0	3	1.0495474928587372	-15.937934826262357	230.0	36	1.05	0.95				
	317	1	0.0	0.0	0.0	0.0	3	1.05	-12.587565027357442	230.0	37	1.05	0.95				
	318	2	207.2163871831579	42.31445744280702	0.0	0.0	3	1.049341805529561	-12.073405972437687	230.0	37	1.05	0.95				
	319	1	112.63112936982455	23.024043020350877	0.0	0.0	3	1.0457032195596023	-17.296533460081235	230.0	35	1.05	0.95				
	320	1	79.65074342175438	16.17905725754386	0.0	0.0	3	1.0475827875697439	-17.31665331881634	230.0	35	1.05	0.95				
	321	2	0.0	0.0	0.0	0.0	3	1.05	-11.81606890548812	230.0	37	1.05	0.95				
	322	2	0.0	0.0	0.0	0.0	3	1.05	-6.342350974272206	230.0	37	1.05	0.95				
	323	2	0.0	0.0	0.0	0.0	3	1.05	-16.87351521956118	230.0	35	1.05	0.95				
	324	1	0.0	0.0	0.0	0.0	3	1.0232612478801664	-21.084283610319986	230.0	36	1.05	0.95				
	325	1	0.0	0.0	0.0	0.0	3	1.0400286686848252	-14.970540430468747	230.0	35	1.05	0.95				
];
