%% MATPOWER Case Format : Version 2
function mpc = RTS_GMLC
mpc.version = '2';

%%-----  Power Flow Data  -----%%
%% system MVA base
mpc.baseMVA = 100.0;
%% bus data
%    bus_i    type    Pd    Qd    Gs    Bs    area    Vm    Va    baseKV    zone    Vmax    Vmin
mpc.bus = [
	101	2	72.23602176000001	14.714745173333336	0.0	0.0	1	1.05	1.4836770107822466	138.0	11	1.05	0.95				
	102	2	64.87864917333333	13.37704106666667	0.0	0.0	1	1.0499742379812806	1.2231008299866222	138.0	12	1.05	0.95				
	103	1	120.39336960000003	24.747525973333335	0.0	0.0	1	1.0293708227448581	-1.2086545359792014	138.0	11	1.05	0.95				
	104	1	49.49505194666667	10.032780800000001	0.0	0.0	1	1.027539049986445	-2.636997646886769	138.0	11	1.05	0.95				
	105	1	47.48849578666667	9.36392874666667	0.0	0.0	1	1.0399984161541203	-2.9726197343760252	138.0	11	1.05	0.95				
	106	1	90.96387925333335	18.72785749333334	0.0	-100.0	1	1.0416383649271663	-6.133615996173429	138.0	12	1.05	0.95				
	107	2	83.60650666666668	16.721301333333336	0.0	0.0	1	1.0079740183231172	-11.346189262146426	138.0	12	1.05	0.95				
	108	1	114.37370112	23.409821866666668	0.0	0.0	1	1.00170377120839	-10.712580283413287	138.0	12	1.05	0.95				
	109	1	117.04910933333335	24.07867392	0.0	0.0	1	1.0262256596039332	-4.284462542648268	138.0	13	1.05	0.95				
	110	1	130.4261504	26.75408213333334	0.0	0.0	1	1.05	-5.473930064748797	138.0	13	1.05	0.95				
	111	1	0.0	0.0	0.0	0.0	1	1.01231044148747	-1.9000533316433619	230.0	13	1.05	0.95				
	112	1	0.0	0.0	0.0	0.0	1	1.0153315028140846	-1.249959499443251	230.0	13	1.05	0.95				
	113	3	177.24579413333333	36.11801088000001	0.0	0.0	1	1.0123098922408984	2.8796152332086347e-30	230.0	14	1.05	0.95				
	114	2	129.75729834666666	26.085230080000006	0.0	0.0	1	1.0126430153201122	-0.5206149610616096	230.0	16	1.05	0.95				
	115	2	212.02610090666667	42.80653141333334	0.0	0.0	1	1.040612263496114	6.064392813386251	230.0	16	1.05	0.95				
	116	2	66.88520533333335	13.37704106666667	0.0	0.0	1	1.0377444454893232	5.486462554573284	230.0	16	1.05	0.95				
	117	1	0.0	0.0	0.0	0.0	1	1.0428822261838928	7.9935318236406125	230.0	17	1.05	0.95				
	118	2	222.72773376000004	45.48193962666667	0.0	0.0	1	1.044741424309774	8.337500918017188	230.0	17	1.05	0.95				
	119	1	121.06222165333335	24.747525973333335	0.0	0.0	1	1.0315074115720246	4.37986564950164	230.0	15	1.05	0.95				
	120	1	85.61306282666668	17.39015338666667	0.0	0.0	1	1.0308082684602664	4.226118452503392	230.0	15	1.05	0.95				
	121	2	0.0	0.0	0.0	0.0	1	1.0475815342923378	9.744935655878141	230.0	17	1.05	0.95				
	122	2	0.0	0.0	0.0	0.0	1	1.05	15.566868693455259	230.0	17	1.05	0.95				
	123	2	0.0	0.0	0.0	0.0	1	1.0320747610177599	4.645936782116114	230.0	15	1.05	0.95				
	124	1	0.0	0.0	0.0	0.0	1	1.0269193135065149	3.348407044800541	230.0	16	1.05	0.95				
	201	2	70.05635132210527	14.270738232280703	0.0	0.0	2	1.032170385884372	-10.264968129198248	138.0	21	1.05	0.95				
	202	2	62.92098220596492	12.973398392982457	0.0	0.0	2	1.0326550784755972	-10.225984814443624	138.0	22	1.05	0.95				
	203	1	116.7605855368421	24.00078702701754	0.0	0.0	2	1.017941326989934	-9.612850907534233	138.0	21	1.05	0.95				
	204	1	48.00157405403508	9.730048794736842	0.0	0.0	2	1.0174671590017197	-11.73980971460175	138.0	21	1.05	0.95				
	205	1	46.05556429508771	9.08137887508772	0.0	0.0	2	1.0329394008606998	-11.954292787643263	138.0	21	1.05	0.95				
	206	1	88.21910907228072	18.16275775017544	0.0	-100.0	2	1.039783788959878	-13.497717098606712	138.0	22	1.05	0.95				
	207	2	81.08373995614035	16.21674799122807	0.0	0.0	2	0.9822679837281156	-23.13583731253069	138.0	22	1.05	0.95				
	208	1	110.92255626000001	22.7034471877193	0.0	0.0	2	0.9829250372987536	-19.984443335380856	138.0	22	1.05	0.95				
	209	1	113.51723593859649	23.35211710736842	0.0	0.0	2	1.0250382563742475	-10.342675685122959	138.0	23	1.05	0.95				
	210	1	126.49063433157895	25.946796785964914	0.0	0.0	2	1.05	-11.61335792736738	138.0	23	1.05	0.95				
	211	1	0.0	0.0	0.0	0.0	2	1.0166280205641616	-7.0798743041595005	230.0	23	1.05	0.95				
	212	1	0.0	0.0	0.0	0.0	2	1.019339081781732	-2.52687488103226	230.0	23	1.05	0.95				
	213	2	171.89752870701753	35.028175661052636	0.0	0.0	2	1.0190016555160943	-4.78300157153214	230.0	24	1.05	0.95				
	214	2	125.84196441192984	25.29812686631579	0.0	0.0	2	1.022837122613824	-5.190559993053439	230.0	26	1.05	0.95				
	215	2	205.62836452877193	41.51487485754386	0.0	0.0	2	1.0365547302123201	1.6212106495709115	230.0	26	1.05	0.95				
	216	2	64.86699196491227	12.973398392982457	0.0	0.0	2	1.037150384430403	1.4742929614888538	230.0	26	1.05	0.95				
	217	1	0.0	0.0	0.0	0.0	2	1.0404763512730772	3.7605341427376504	230.0	27	1.05	0.95				
	218	2	216.0070832431579	44.10955453614036	0.0	0.0	2	1.0410739243984752	3.9580392257848223	230.0	27	1.05	0.95				
	219	1	117.40925545649124	24.00078702701754	0.0	0.0	2	1.0348574429643782	1.1301072771079406	230.0	25	1.05	0.95				
	220	1	83.02974971508772	16.86541791087719	0.0	0.0	2	1.038298677504426	2.066304841245543	230.0	25	1.05	0.95				
	221	2	0.0	0.0	0.0	0.0	2	1.0415396622453665	3.944293778474091	230.0	27	1.05	0.95				
	222	2	0.0	0.0	0.0	0.0	2	1.05	10.3760082578653	230.0	27	1.05	0.95				
	223	2	0.0	0.0	0.0	0.0	2	1.042043309503927	3.0585045135763687	230.0	25	1.05	0.95				
	224	1	0.0	0.0	0.0	0.0	2	1.0156196306170104	-2.554756101058973	230.0	26	1.05	0.95				
	301	2	80.64979438736843	16.428661819649122	0.0	0.0	3	0.978908411146469	-12.582947928431436	138.0	31	1.05	0.95				
	302	2	72.43546347754386	14.935147108771933	0.0	0.0	3	0.9801574966528462	-12.721823009454187	138.0	32	1.05	0.95				
	303	1	134.4163239789474	27.630022151228072	0.0	0.0	3	0.9983115613692075	-5.816258822128947	138.0	31	1.05	0.95				
	304	1	55.260044302456144	11.201360331578949	0.0	0.0	3	0.9741930032602235	-9.847305590627805	138.0	31	1.05	0.95				
	305	1	53.01977223614035	10.454602976140352	0.0	0.0	3	0.9862133619883289	-10.40814349991126	138.0	31	1.05	0.95				
	306	1	101.55900033964913	20.909205952280704	0.0	-100.0	3	0.9978108344067772	-10.040270714647058	138.0	32	1.05	0.95				
	307	2	93.34466942982456	18.668933885964915	0.0	0.0	3	0.9535480615026937	-16.31267405007611	138.0	32	1.05	0.95				
	308	1	127.69550778	26.136507440350876	0.0	0.0	3	0.9584285609874023	-12.53851952588964	138.0	32	1.05	0.95				
	309	1	130.6825372017544	26.883264795789476	0.0	0.0	3	0.9991579292133942	-4.278889274874254	138.0	33	1.05	0.95				
	310	1	145.61768431052633	29.870294217543865	0.0	0.0	3	1.017718528561127	-5.681185097044543	138.0	33	1.05	0.95				
	311	1	0.0	0.0	0.0	0.0	3	0.9937611829988752	2.7581628427304046	230.0	33	1.05	0.95				
	312	1	0.0	0.0	0.0	0.0	3	0.9974244279512725	4.295310504180685	230.0	33	1.05	0.95				
	313	2	197.8906991912281	40.324897193684215	0.0	0.0	3	1.0262414624124145	11.8618291863401	230.0	34	1.05	0.95				
	314	2	144.87092695508773	29.123536862105265	0.0	0.0	3	1.0027952919312049	2.194024473077213	230.0	36	1.05	0.95				
	315	2	236.7220816740351	47.79247074807018	0.0	0.0	3	1.0276953914376419	-1.1099991787092809	230.0	36	1.05	0.95				
	316	2	74.67573554385966	14.935147108771933	0.0	0.0	3	1.0272995668023637	0.5260527538056271	230.0	36	1.05	0.95				
	317	1	0.0	0.0	0.0	0.0	3	1.0314852309740499	0.034863330308758475	230.0	37	1.05	0.95				
	318	2	248.67019936105268	50.779500169824566	0.0	0.0	3	1.0299253567587674	-0.8197943404302527	230.0	37	1.05	0.95				
	319	1	135.16308133438596	27.630022151228072	0.0	0.0	3	1.0245283210548894	3.035110729967433	230.0	35	1.05	0.95				
	320	1	95.58494149614036	19.41569124140351	0.0	0.0	3	1.0264264281556044	5.104501620114712	230.0	35	1.05	0.95				
	321	2	0.0	0.0	0.0	0.0	3	1.0312200467187203	-0.35637070787792874	230.0	37	1.05	0.95				
	322	2	0.0	0.0	0.0	0.0	3	1.0446641269639536	4.148315672675699	230.0	37	1.05	0.95				
	323	2	0.0	0.0	0.0	0.0	3	1.0282866846431595	6.0156194222318895	230.0	35	1.05	0.95				
	324	1	0.0	0.0	0.0	0.0	3	1.0121575780541596	-0.8569833070240485	230.0	36	1.05	0.95				
	325	1	0.0	0.0	0.0	0.0	3	1.029950336263126	6.342173941307068	230.0	35	1.05	0.95				
];
