%% MATPOWER Case Format : Version 2
function mpc = RTS_GMLC
mpc.version = '2';

%%-----  Power Flow Data  -----%%
%% system MVA base
mpc.baseMVA = 100.0;
%% bus data
%    bus_i    type    Pd    Qd    Gs    Bs    area    Vm    Va    baseKV    zone    Vmax    Vmin
mpc.bus = [
	101	2	49.67144977263158	10.118258287017543	0.0	0.0	1	1.0471917421750703	3.754519833067888	138.0	11	1.05	0.95				
	102	2	44.612320629122806	9.198416624561403	0.0	0.0	1	1.046152894952653	3.450740607593601	138.0	12	1.05	0.95				
	103	1	82.78574962105263	17.017070755438596	0.0	0.0	1	1.0305278783689582	0.7787632400228786	138.0	11	1.05	0.95				
	104	1	34.03414151087719	6.898812468421052	0.0	0.0	1	1.0277414423663307	-0.2146549766921849	138.0	11	1.05	0.95				
	105	1	32.65437901719298	6.438891637192983	0.0	0.0	1	1.041681055037236	-0.21227997738131363	138.0	11	1.05	0.95				
	106	1	62.54923304701755	12.877783274385965	0.0	-100.0	1	1.0470442995766178	-2.9464728229675794	138.0	12	1.05	0.95				
	107	2	57.49010390350877	11.498020780701754	0.0	0.0	1	0.9996474730101369	-9.199283807786395	138.0	12	1.05	0.95				
	108	1	78.64646214	16.097229092982452	0.0	0.0	1	1.0026494275980289	-7.777208107116026	138.0	12	1.05	0.95				
	109	1	80.48614546491227	16.557149924210524	0.0	0.0	1	1.0244538048906684	-2.0786106167500793	138.0	13	1.05	0.95				
	110	1	89.68456208947367	18.396833249122807	0.0	0.0	1	1.05	-2.849434519113084	138.0	13	1.05	0.95				
	111	1	0.0	0.0	0.0	0.0	1	1.0036935827098725	-0.43505860469707514	230.0	13	1.05	0.95				
	112	1	0.0	0.0	0.0	0.0	1	1.0079360265705415	-0.45383516903014215	230.0	13	1.05	0.95				
	113	3	121.87902027543858	24.83572488631579	0.0	0.0	1	0.9952572639548276	-3.1362707458035416e-32	230.0	14	1.05	0.95				
	114	2	89.22464125824561	17.93691241789474	0.0	0.0	1	1.000868644848602	1.340557590786134	230.0	16	1.05	0.95				
	115	2	145.79490349929821	29.43493319859649	0.0	0.0	1	1.0356531477810804	7.124314420647656	230.0	16	1.05	0.95				
	116	2	45.99208312280702	9.198416624561403	0.0	0.0	1	1.031631558544834	6.553234371938783	230.0	16	1.05	0.95				
	117	1	0.0	0.0	0.0	0.0	1	1.0389709679343817	9.480718876104604	230.0	17	1.05	0.95				
	118	2	153.15363679894736	31.274616523508776	0.0	0.0	1	1.0424703593461597	9.777909726118084	230.0	17	1.05	0.95				
	119	1	83.24567045228069	17.017070755438596	0.0	0.0	1	1.0221043838437225	4.60500731519406	230.0	15	1.05	0.95				
	120	1	58.86986639719298	11.957941611929824	0.0	0.0	1	1.0175127048677395	3.6602740361247412	230.0	15	1.05	0.95				
	121	2	0.0	0.0	0.0	0.0	1	1.0457158055222626	10.981245055345966	230.0	17	1.05	0.95				
	122	2	0.0	0.0	0.0	0.0	1	1.05	19.023399865523583	230.0	17	1.05	0.95				
	123	2	0.0	0.0	0.0	0.0	1	1.0156773533049095	3.49839831422331	230.0	15	1.05	0.95				
	124	1	0.0	0.0	0.0	0.0	1	1.0252013276606615	4.740205460389661	230.0	16	1.05	0.95				
	201	2	46.9875649263158	9.571541003508772	0.0	0.0	2	1.0150667557280673	-10.207877457226015	138.0	21	1.05	0.95				
	202	2	42.201794424561406	8.701400912280704	0.0	0.0	2	1.0144367666042937	-10.402150999107386	138.0	22	1.05	0.95				
	203	1	78.31260821052632	16.097591687719298	0.0	0.0	2	1.0143509943462572	-7.636530686322763	138.0	21	1.05	0.95				
	204	1	32.195183375438596	6.526050684210527	0.0	0.0	2	1.012596252687619	-9.972035366258824	138.0	21	1.05	0.95				
	205	1	30.88997323859649	6.090980638596492	0.0	0.0	2	1.0271772534374493	-10.308896223143849	138.0	21	1.05	0.95				
	206	1	59.16952620350878	12.181961277192984	0.0	-100.0	2	1.0418581875271753	-10.883534765082764	138.0	22	1.05	0.95				
	207	2	54.38375570175439	10.876751140350878	0.0	0.0	2	0.9959891928633451	-16.25907572981729	138.0	22	1.05	0.95				
	208	1	74.3969778	15.227451596491228	0.0	0.0	2	1.0005029406011516	-14.27884796532945	138.0	22	1.05	0.95				
	209	1	76.13725798245613	15.662521642105265	0.0	0.0	2	1.0238545490572737	-7.822110941555283	138.0	23	1.05	0.95				
	210	1	84.83865889473685	17.402801824561408	0.0	0.0	2	1.05	-9.011638621149688	138.0	23	1.05	0.95				
	211	1	0.0	0.0	0.0	0.0	2	1.005350505538709	-5.108343837012327	230.0	23	1.05	0.95				
	212	1	0.0	0.0	0.0	0.0	2	1.010665597544813	-1.7535384892404915	230.0	23	1.05	0.95				
	213	2	115.29356208771931	23.4937824631579	0.0	0.0	2	1.0019451742081966	-3.0073379943922296	230.0	24	1.05	0.95				
	214	2	84.40358884912281	16.96773177894737	0.0	0.0	2	1.0039494489488217	-3.5140650285220993	230.0	26	1.05	0.95				
	215	2	137.91720445964913	27.844482919298247	0.0	0.0	2	1.0204567614355287	1.4146323770387619	230.0	26	1.05	0.95				
	216	2	43.50700456140351	8.701400912280704	0.0	0.0	2	1.0208788685819818	1.4139029014922162	230.0	26	1.05	0.95				
	217	1	0.0	0.0	0.0	0.0	2	1.0255432766995052	2.516398522205795	230.0	27	1.05	0.95				
	218	2	144.8783251894737	29.58476310175439	0.0	0.0	2	1.0247353788363243	2.050698973640831	230.0	27	1.05	0.95				
	219	1	78.74767825614036	16.097591687719298	0.0	0.0	2	1.0208105414459296	1.7158246084781203	230.0	25	1.05	0.95				
	220	1	55.688965838596495	11.311821185964915	0.0	0.0	2	1.0238212172451047	2.8341924759498864	230.0	25	1.05	0.95				
	221	2	0.0	0.0	0.0	0.0	2	1.0268754431498242	2.641890825073463	230.0	27	1.05	0.95				
	222	2	0.0	0.0	0.0	0.0	2	1.0486551194576204	9.09967979215059	230.0	27	1.05	0.95				
	223	2	0.0	0.0	0.0	0.0	2	1.0264278467322618	3.781483662124183	230.0	25	1.05	0.95				
	224	1	0.0	0.0	0.0	0.0	2	1.0070095145977416	-1.9884439174558497	230.0	26	1.05	0.95				
	301	2	54.409996837894745	11.083517874385965	0.0	0.0	3	1.0055976746323496	-11.354600262534495	138.0	31	1.05	0.95				
	302	2	48.86823790070176	10.075925340350878	0.0	0.0	3	1.0053352149038015	-11.42954901609286	138.0	32	1.05	0.95				
	303	1	90.6833280631579	18.640461879649123	0.0	0.0	3	1.0159665198157861	-7.254411674353873	138.0	31	1.05	0.95				
	304	1	37.28092375929825	7.5569440052631585	0.0	0.0	3	1.0067694742793254	-9.79236314936579	138.0	31	1.05	0.95				
	305	1	35.769534958245615	7.053147738245615	0.0	0.0	3	1.0206505150415734	-10.024631591743075	138.0	31	1.05	0.95				
	306	1	68.51629231438598	14.10629547649123	0.0	-100.0	3	1.0374075963180656	-9.86611046305717	138.0	32	1.05	0.95				
	307	2	62.974533377192984	12.594906675438597	0.0	0.0	3	0.9956720942741399	-14.846164619279383	138.0	32	1.05	0.95				
	308	1	86.14916165999999	17.632869345614036	0.0	0.0	3	1.0004542854594483	-12.543683622024687	138.0	32	1.05	0.95				
	309	1	88.16434672807017	18.136665612631578	0.0	0.0	3	1.0246419752614317	-6.38789618900817	138.0	33	1.05	0.95				
	310	1	98.24027206842105	20.151850680701756	0.0	0.0	3	1.05	-7.079770271330597	138.0	33	1.05	0.95				
	311	1	0.0	0.0	0.0	0.0	3	1.0088182864320712	-1.3171626659032962	230.0	33	1.05	0.95				
	312	1	0.0	0.0	0.0	0.0	3	1.0126115067633379	-0.5821387450786811	230.0	33	1.05	0.95				
	313	2	133.50601075964912	27.204998418947373	0.0	0.0	3	1.018045298935653	3.8626390504916452	230.0	34	1.05	0.95				
	314	2	97.73647580140351	19.648054413684214	0.0	0.0	3	1.0088696673688975	-0.39026615728053876	230.0	36	1.05	0.95				
	315	2	159.7034166445614	32.24296108912281	0.0	0.0	3	1.0239666920153438	-0.6597767107577107	230.0	36	1.05	0.95				
	316	2	50.37962670175439	10.075925340350878	0.0	0.0	3	1.0237265877595658	0.26948557962978054	230.0	36	1.05	0.95				
	317	1	0.0	0.0	0.0	0.0	3	1.0294644103994974	1.4970787661151836	230.0	37	1.05	0.95				
	318	2	167.76415691684213	34.25814615719299	0.0	0.0	3	1.0271528570826964	0.7366636879906442	230.0	37	1.05	0.95				
	319	1	91.18712433017544	18.640461879649123	0.0	0.0	3	1.0229058590095892	1.2921411068209492	230.0	35	1.05	0.95				
	320	1	64.48592217824562	13.098702942456143	0.0	0.0	3	1.024079838770769	2.2750771113956656	230.0	35	1.05	0.95				
	321	2	0.0	0.0	0.0	0.0	3	1.0282817614081114	0.8329942546459482	230.0	37	1.05	0.95				
	322	2	0.0	0.0	0.0	0.0	3	1.0421139974789448	5.46659830536286	230.0	37	1.05	0.95				
	323	2	0.0	0.0	0.0	0.0	3	1.025031068423091	2.858950695205752	230.0	35	1.05	0.95				
	324	1	0.0	0.0	0.0	0.0	3	1.0138451069061458	-2.0700837850251173	230.0	36	1.05	0.95				
	325	1	0.0	0.0	0.0	0.0	3	1.0254178005462955	3.5565185040505565	230.0	35	1.05	0.95				
];
