%% MATPOWER Case Format : Version 2
function mpc = RTS_GMLC
mpc.version = '2';

%%-----  Power Flow Data  -----%%
%% system MVA base
mpc.baseMVA = 100.0;
%% bus data
%    bus_i    type    Pd    Qd    Gs    Bs    area    Vm    Va    baseKV    zone    Vmax    Vmin
mpc.bus = [
	101	2	46.41167739789474	9.454230581052633	0.0	0.0	1	1.0114508119301242	-4.710580585661699	138.0	11	1.05	0.95				
	102	2	41.684562107368414	8.594755073684212	0.0	0.0	1	1.0113781422602748	-4.948018017027359	138.0	12	1.05	0.95				
	103	1	77.35279566315789	15.90029688631579	0.0	0.0	1	1.0007965877997749	0.7291670922053374	138.0	11	1.05	0.95				
	104	1	31.80059377263158	6.446066305263158	0.0	0.0	1	1.0014886774759575	-4.7353129441725885	138.0	11	1.05	0.95				
	105	1	30.511380511578945	6.0163285515789475	0.0	0.0	1	1.0156083144887695	-5.857773874998976	138.0	11	1.05	0.95				
	106	1	58.44433450105263	12.032657103157895	0.0	-100.0	1	1.0256133602158393	-7.014300856784638	138.0	12	1.05	0.95				
	107	2	53.71721921052631	10.743443842105263	0.0	0.0	1	0.9871660917927367	-10.805066463446481	138.0	12	1.05	0.95				
	108	1	73.48515588	15.040821378947367	0.0	0.0	1	0.9873013286708975	-9.571401502868364	138.0	12	1.05	0.95				
	109	1	75.20410689473684	15.470559132631578	0.0	0.0	1	1.0017691369785429	-3.574884953068665	138.0	13	1.05	0.95				
	110	1	83.79886196842105	17.189510147368424	0.0	0.0	1	1.0301082355679814	-5.599956712889411	138.0	13	1.05	0.95				
	111	1	0.0	0.0	0.0	0.0	1	0.9830381181522322	-0.7303983012200153	230.0	13	1.05	0.95				
	112	1	0.0	0.0	0.0	0.0	1	0.9834967089344958	-1.5717249294256812	230.0	13	1.05	0.95				
	113	3	113.88050472631579	23.20583869894737	0.0	0.0	1	0.96615242296509	1.2555991030398249e-26	230.0	14	1.05	0.95				
	114	2	83.36912421473683	16.759772393684212	0.0	0.0	1	0.9938517783001122	2.611052388514519	230.0	16	1.05	0.95				
	115	2	136.22686791789474	27.503216235789473	0.0	0.0	1	0.9921092889742659	11.904896285717921	230.0	16	1.05	0.95				
	116	2	42.97377536842105	8.594755073684212	0.0	0.0	1	0.9907716052382102	10.318380822817543	230.0	16	1.05	0.95				
	117	1	0.0	0.0	0.0	0.0	1	0.993280213133522	16.227319946298696	230.0	17	1.05	0.95				
	118	2	143.1026719768421	29.222167250526315	0.0	0.0	1	1.0023854129964065	16.78814799914323	230.0	17	1.05	0.95				
	119	1	77.7825334168421	15.90029688631579	0.0	0.0	1	0.9904238679171813	6.566826665004048	230.0	15	1.05	0.95				
	120	1	55.00643247157895	11.173181595789474	0.0	0.0	1	0.9955008492739338	3.7551553934155204	230.0	15	1.05	0.95				
	121	2	0.0	0.0	0.0	0.0	1	1.0033898754650892	18.11088276349193	230.0	17	1.05	0.95				
	122	2	0.0	0.0	0.0	0.0	1	1.0080639361431953	35.950960632088815	230.0	17	1.05	0.95				
	123	2	0.0	0.0	0.0	0.0	1	0.9995198769066977	2.5687911239883157	230.0	15	1.05	0.95				
	124	1	0.0	0.0	0.0	0.0	1	0.9820324388538079	7.639532197922546	230.0	16	1.05	0.95				
	201	2	45.64457734736842	9.297969459649122	0.0	0.0	2	1.0101402230581067	-11.438589081193163	138.0	21	1.05	0.95				
	202	2	40.995592617543856	8.45269950877193	0.0	0.0	2	1.00905591352923	-11.618803008860167	138.0	22	1.05	0.95				
	203	1	76.07429557894736	15.637494091228069	0.0	0.0	2	0.9967696969267217	-8.779622589693695	138.0	21	1.05	0.95				
	204	1	31.274988182456138	6.339524631578946	0.0	0.0	2	1.0001400643993998	-10.596606001842748	138.0	21	1.05	0.95				
	205	1	30.007083256140348	5.916889656140351	0.0	0.0	2	1.0162373925153805	-10.954709193096745	138.0	21	1.05	0.95				
	206	1	57.47835665964912	11.833779312280702	0.0	-100.0	2	1.0276267437412008	-11.210316475298528	138.0	22	1.05	0.95				
	207	2	52.82937192982455	10.56587438596491	0.0	0.0	2	0.9708866535389294	-16.32959921665887	138.0	22	1.05	0.95				
	208	1	72.27058079999999	14.792224140350877	0.0	0.0	2	0.9787334179339098	-14.36407641146982	138.0	22	1.05	0.95				
	209	1	73.96112070175438	15.214859115789473	0.0	0.0	2	1.0058485966306563	-7.953399538010527	138.0	23	1.05	0.95				
	210	1	82.41382021052631	16.90539901754386	0.0	0.0	2	1.0329856774507191	-9.06759136532076	138.0	23	1.05	0.95				
	211	1	0.0	0.0	0.0	0.0	2	0.9875914749152618	-5.501838154592564	230.0	23	1.05	0.95				
	212	1	0.0	0.0	0.0	0.0	2	0.9892585439445752	-0.532573582664811	230.0	23	1.05	0.95				
	213	2	111.99826849122805	22.82228867368421	0.0	0.0	2	0.9841753233937566	-2.88118828383869	230.0	24	1.05	0.95				
	214	2	81.99118523508771	16.482764042105263	0.0	0.0	2	0.9847874182996851	-4.654320386083189	230.0	26	1.05	0.95				
	215	2	133.97528721403506	27.048638428070177	0.0	0.0	2	0.9920949393392866	-0.4015062209707307	230.0	26	1.05	0.95				
	216	2	42.26349754385964	8.45269950877193	0.0	0.0	2	0.9904758555668887	-0.6521870414696554	230.0	26	1.05	0.95				
	217	1	0.0	0.0	0.0	0.0	2	1.000710703579126	0.38751653129443747	230.0	27	1.05	0.95				
	218	2	140.73744682105263	28.73917832982456	0.0	0.0	2	1.0013763089901098	-0.1553941685065955	230.0	27	1.05	0.95				
	219	1	76.49693055438597	15.637494091228069	0.0	0.0	2	0.9843041034330045	0.21077767080027623	230.0	25	1.05	0.95				
	220	1	54.097276856140354	10.988509361403509	0.0	0.0	2	0.9823824588420966	1.8641988617565435	230.0	25	1.05	0.95				
	221	2	0.0	0.0	0.0	0.0	2	1.0037551960658133	0.39229437137770623	230.0	27	1.05	0.95				
	222	2	0.0	0.0	0.0	0.0	2	1.0215297814050202	5.570286451815783	230.0	27	1.05	0.95				
	223	2	0.0	0.0	0.0	0.0	2	0.9826273172090287	3.1314267372734297	230.0	25	1.05	0.95				
	224	1	0.0	0.0	0.0	0.0	2	0.9837155715777856	-3.587716835237246	230.0	26	1.05	0.95				
	301	2	71.37361595368422	14.53906991649123	0.0	0.0	3	1.0015525559815774	24.43017330205042	138.0	31	1.05	0.95				
	302	2	64.1040809954386	13.2173362877193	0.0	0.0	3	1.0022762355684995	24.039972652478315	138.0	32	1.05	0.95				
	303	1	118.95602658947368	24.4520721322807	0.0	0.0	3	1.0149554943388606	40.82278674982972	138.0	31	1.05	0.95				
	304	1	48.9041442645614	9.913002215789474	0.0	0.0	3	0.9903846474571504	26.253122270756133	138.0	31	1.05	0.95				
	305	1	46.92154382140351	9.25213540140351	0.0	0.0	3	1.0083938029288644	23.96721183305842	138.0	31	1.05	0.95				
	306	1	89.87788675649125	18.50427080280702	0.0	-100.0	3	1.018557196239663	22.959975809212725	138.0	32	1.05	0.95				
	307	2	82.60835179824562	16.521670359649125	0.0	0.0	3	0.9623611428701401	18.83203602345045	138.0	32	1.05	0.95				
	308	1	113.00822526	23.13033850350877	0.0	0.0	3	0.9713758653081552	22.01845460860635	138.0	32	1.05	0.95				
	309	1	115.65169251754386	23.791205317894736	0.0	0.0	3	1.0050847345803633	30.88547059594291	138.0	33	1.05	0.95				
	310	1	128.86902880526316	26.4346725754386	0.0	0.0	3	1.0326505269174795	25.686460398556186	138.0	33	1.05	0.95				
	311	1	0.0	0.0	0.0	0.0	3	0.9994761415256629	31.19059121050918	230.0	33	1.05	0.95				
	312	1	0.0	0.0	0.0	0.0	3	1.0042865175044646	31.724529099982856	230.0	33	1.05	0.95				
	313	2	175.12970581228072	35.68680797684211	0.0	0.0	3	1.0116409308141523	35.351231214803406	230.0	34	1.05	0.95				
	314	2	128.2081619908772	25.773805761052632	0.0	0.0	3	0.9978146772918676	30.458734731465615	230.0	36	1.05	0.95				
	315	2	209.49478016035087	42.29547612070176	0.0	0.0	3	0.9915102521998838	28.797385686621777	230.0	36	1.05	0.95				
	316	2	66.0866814385965	13.2173362877193	0.0	0.0	3	0.986937481327325	29.247417397428332	230.0	36	1.05	0.95				
	317	1	0.0	0.0	0.0	0.0	3	0.9974355592735177	31.272824606029726	230.0	37	1.05	0.95				
	318	2	220.06864919052634	44.938943378245625	0.0	0.0	3	0.9897518624259756	27.37566698245364	230.0	37	1.05	0.95				
	319	1	119.61689340385966	24.4520721322807	0.0	0.0	3	0.9954571150963835	29.250452100261498	230.0	35	1.05	0.95				
	320	1	84.59095224140351	17.18253717403509	0.0	0.0	3	1.0055610903815844	29.202800670235355	230.0	35	1.05	0.95				
	321	2	0.0	0.0	0.0	0.0	3	0.9982761053211004	28.344936459784883	230.0	37	1.05	0.95				
	322	2	0.0	0.0	0.0	0.0	3	1.0154534154642871	32.39877030847496	230.0	37	1.05	0.95				
	323	2	0.0	0.0	0.0	0.0	3	1.011376706984564	29.087179495924314	230.0	35	1.05	0.95				
	324	1	0.0	0.0	0.0	0.0	3	0.9986771467301795	34.80450078207935	230.0	36	1.05	0.95				
	325	1	0.0	0.0	0.0	0.0	3	1.0119592400927866	28.164921753369054	230.0	35	1.05	0.95				
