%% MATPOWER Case Format : Version 2
function mpc = RTS_GMLC
mpc.version = '2';

%%-----  Power Flow Data  -----%%
%% system MVA base
mpc.baseMVA = 100.0;
%% bus data
%    bus_i    type    Pd    Qd    Gs    Bs    area    Vm    Va    baseKV    zone    Vmax    Vmin
mpc.bus = [
	101	2	39.477981183157894	8.041810981754386	0.0	0.0	1	1.01223536464977	-3.7759689044955422	138.0	11	1.05	0.95				
	102	2	35.457075692280696	7.310737256140351	0.0	0.0	1	1.0122495924998904	-3.9740599296018067	138.0	12	1.05	0.95				
	103	1	65.79663530526315	13.524863923859648	0.0	0.0	1	1.0009239006765338	0.9416216012158974	138.0	11	1.05	0.95				
	104	1	27.049727847719296	5.483052942105263	0.0	0.0	1	1.0033138438596618	-3.8003486913010076	138.0	11	1.05	0.95				
	105	1	25.953117259298242	5.117516079298246	0.0	0.0	1	1.017548054773052	-4.797442257752597	138.0	11	1.05	0.95				
	106	1	49.71301334175438	10.235032158596493	0.0	-100.0	1	1.0286873205954414	-5.8244293720223785	138.0	12	1.05	0.95				
	107	2	45.69210785087719	9.138421570175439	0.0	0.0	1	0.9860683349947917	-9.336333798895117	138.0	12	1.05	0.95				
	108	1	62.50680354	12.793790198245613	0.0	0.0	1	0.9892909540395302	-8.151029470210144	138.0	12	1.05	0.95				
	109	1	63.96895099122807	13.15932706105263	0.0	0.0	1	1.0024336503067337	-2.8464077235752763	138.0	13	1.05	0.95				
	110	1	71.27968824736841	14.621474512280702	0.0	0.0	1	1.0313662948841986	-4.623505200332136	138.0	13	1.05	0.95				
	111	1	0.0	0.0	0.0	0.0	1	0.9808108432471582	-0.35893254358620064	230.0	13	1.05	0.95				
	112	1	0.0	0.0	0.0	0.0	1	0.9825931789709688	-1.2166016893411202	230.0	13	1.05	0.95				
	113	3	96.86726864385963	19.738990591578947	0.0	0.0	1	0.9623326317533849	-2.268645590660395e-23	230.0	14	1.05	0.95				
	114	2	70.91415138456139	14.255937649473685	0.0	0.0	1	0.9882747775508776	2.8581485196210017	230.0	16	1.05	0.95				
	115	2	115.87518550982456	23.39435921964912	0.0	0.0	1	0.9882239070236836	11.47831371067869	230.0	16	1.05	0.95				
	116	2	36.553686280701754	7.310737256140351	0.0	0.0	1	0.987288481797253	9.935647895274167	230.0	16	1.05	0.95				
	117	1	0.0	0.0	0.0	0.0	1	0.9903477767096123	15.365123387595569	230.0	17	1.05	0.95				
	118	2	121.72377531473684	24.85650667087719	0.0	0.0	1	0.9971554753836369	15.959266209176208	230.0	17	1.05	0.95				
	119	1	66.16217216807017	13.524863923859648	0.0	0.0	1	0.9877069333811213	6.3226407929037896	230.0	15	1.05	0.95				
	120	1	46.78871843929824	9.503958432982456	0.0	0.0	1	0.9927702670295826	3.67275669507334	230.0	15	1.05	0.95				
	121	2	0.0	0.0	0.0	0.0	1	0.9974457265536226	17.249220715919186	230.0	17	1.05	0.95				
	122	2	0.0	0.0	0.0	0.0	1	1.0077813011343546	32.78495463333199	230.0	17	1.05	0.95				
	123	2	0.0	0.0	0.0	0.0	1	0.9964107802589901	2.5251984836203634	230.0	15	1.05	0.95				
	124	1	0.0	0.0	0.0	0.0	1	0.9804760179652152	7.439835404049984	230.0	16	1.05	0.95				
	201	2	39.69463244210527	8.085943645614035	0.0	0.0	2	1.011360321846983	-10.870766712456136	138.0	21	1.05	0.95				
	202	2	35.65166061929824	7.350857859649122	0.0	0.0	2	1.0103235025112614	-11.03457853167073	138.0	22	1.05	0.95				
	203	1	66.15772073684211	13.599087040350877	0.0	0.0	2	0.998255318738559	-8.159732542578233	138.0	21	1.05	0.95				
	204	1	27.198174080701754	5.513143394736842	0.0	0.0	2	1.0024294553275037	-10.175099716146025	138.0	21	1.05	0.95				
	205	1	26.095545401754382	5.145600501754386	0.0	0.0	2	1.018550113325669	-10.53492564194857	138.0	21	1.05	0.95				
	206	1	49.985833445614034	10.291201003508773	0.0	-100.0	2	1.0308556132970201	-10.821990790217212	138.0	22	1.05	0.95				
	207	2	45.942861622807015	9.188572324561402	0.0	0.0	2	0.9724428906945918	-15.09697774081206	138.0	22	1.05	0.95				
	208	1	62.849834699999995	12.864001254385965	0.0	0.0	2	0.9824673908471667	-13.447541553790353	138.0	22	1.05	0.95				
	209	1	64.32000627192981	13.231544147368421	0.0	0.0	2	1.006663708689923	-7.898978437343089	138.0	23	1.05	0.95				
	210	1	71.67086413157895	14.701715719298244	0.0	0.0	2	1.0346433322255568	-8.980970544572761	138.0	23	1.05	0.95				
	211	1	0.0	0.0	0.0	0.0	2	0.9861860202231914	-5.604831358539216	230.0	23	1.05	0.95				
	212	1	0.0	0.0	0.0	0.0	2	0.987587534590959	-1.9394196796551524	230.0	23	1.05	0.95				
	213	2	97.39886664035086	19.847316221052633	0.0	0.0	2	0.981257886193157	-3.35474648252224	230.0	24	1.05	0.95				
	214	2	71.30332123859648	14.334172826315788	0.0	0.0	2	0.9814254975474996	-4.581216167432521	230.0	26	1.05	0.95				
	215	2	116.51109707543858	23.522745150877192	0.0	0.0	2	0.9905738075903616	-0.559625946506444	230.0	26	1.05	0.95				
	216	2	36.75428929824561	7.350857859649122	0.0	0.0	2	0.9884774574037253	-0.7191146967208913	230.0	26	1.05	0.95				
	217	1	0.0	0.0	0.0	0.0	2	0.9992016501489562	0.23247957152164664	230.0	27	1.05	0.95				
	218	2	122.3917833631579	24.992916722807017	0.0	0.0	2	1.0003244076568707	-0.27625607957905074	230.0	27	1.05	0.95				
	219	1	66.52526362982456	13.599087040350877	0.0	0.0	2	0.9817224106791086	0.2166045400021955	230.0	25	1.05	0.95				
	220	1	47.045490301754384	9.556115217543859	0.0	0.0	2	0.9786314523166005	1.8249029432442123	230.0	25	1.05	0.95				
	221	2	0.0	0.0	0.0	0.0	2	1.0025118997678226	0.17186982073540352	230.0	27	1.05	0.95				
	222	2	0.0	0.0	0.0	0.0	2	1.019645870765258	4.664356307325968	230.0	27	1.05	0.95				
	223	2	0.0	0.0	0.0	0.0	2	0.9779335242609766	3.0274124182356696	230.0	25	1.05	0.95				
	224	1	0.0	0.0	0.0	0.0	2	0.9841286514206408	-3.4599668071335077	230.0	26	1.05	0.95				
	301	2	49.370452370526316	10.056944001403508	0.0	0.0	3	1.0089591106500397	28.406667612972107	138.0	31	1.05	0.95				
	302	2	44.34198036982456	9.142676364912282	0.0	0.0	3	1.00943540339471	28.088752781843365	138.0	32	1.05	0.95				
	303	1	82.28408728421053	16.91395127508772	0.0	0.0	3	1.0175254904287236	41.27495798036381	138.0	31	1.05	0.95				
	304	1	33.82790255017544	6.857007273684211	0.0	0.0	3	1.0001402016056835	29.479266078150708	138.0	31	1.05	0.95				
	305	1	32.4565010954386	6.3998734554385965	0.0	0.0	3	1.0173190008437398	27.6683086055137	138.0	31	1.05	0.95				
	306	1	62.17019928140351	12.799746910877193	0.0	-100.0	3	1.0297218989050334	26.69832478335575	138.0	32	1.05	0.95				
	307	2	57.14172728070176	11.42834545614035	0.0	0.0	3	0.9678886698393728	23.87121892941193	138.0	32	1.05	0.95				
	308	1	78.16988292	15.99968363859649	0.0	0.0	3	0.9810676865601791	25.927356662478353	138.0	32	1.05	0.95				
	309	1	79.99841819298246	16.456817456842103	0.0	0.0	3	1.0072663288685162	32.56485564268898	138.0	33	1.05	0.95				
	310	1	89.14109455789475	18.285352729824563	0.0	0.0	3	1.0368944847708925	28.4247198803215	138.0	33	1.05	0.95				
	311	1	0.0	0.0	0.0	0.0	3	0.991142887429065	32.039560816586	230.0	33	1.05	0.95				
	312	1	0.0	0.0	0.0	0.0	3	0.9996581022806379	32.06514352992258	230.0	33	1.05	0.95				
	313	2	121.1404618350877	24.685226185263158	0.0	0.0	3	0.9979004720691445	34.17038040813333	230.0	34	1.05	0.95				
	314	2	88.68396073964912	17.82821891157895	0.0	0.0	3	0.9771726568433851	31.834240690762364	230.0	36	1.05	0.95				
	315	2	144.91142038385965	29.2565643677193	0.0	0.0	3	0.9815465016883449	30.463917948169925	230.0	36	1.05	0.95				
	316	2	45.7133818245614	9.142676364912282	0.0	0.0	3	0.9699422989364848	30.719266985264362	230.0	36	1.05	0.95				
	317	1	0.0	0.0	0.0	0.0	3	0.9867800000469319	32.27183219455999	230.0	37	1.05	0.95				
	318	2	152.22556147578948	31.085099640701756	0.0	0.0	3	0.9830297753369526	28.7193274951555	230.0	37	1.05	0.95				
	319	1	82.74122110245614	16.91395127508772	0.0	0.0	3	0.9801472437213784	30.368043818800206	230.0	35	1.05	0.95				
	320	1	58.5131287354386	11.885479274385965	0.0	0.0	3	0.9898509731009947	29.782747483887487	230.0	35	1.05	0.95				
	321	2	0.0	0.0	0.0	0.0	3	0.9910093599731262	29.721400544943293	230.0	37	1.05	0.95				
	322	2	0.0	0.0	0.0	0.0	3	1.0074901686536382	33.2012039831969	230.0	37	1.05	0.95				
	323	2	0.0	0.0	0.0	0.0	3	0.9949136691506271	29.382621113166895	230.0	35	1.05	0.95				
	324	1	0.0	0.0	0.0	0.0	3	0.9937170809629028	35.829616814323124	230.0	36	1.05	0.95				
	325	1	0.0	0.0	0.0	0.0	3	0.996239937178526	28.35963932851001	230.0	35	1.05	0.95				
];
