%% MATPOWER Case Format : Version 2
function mpc = RTS_GMLC
mpc.version = '2';

%%-----  Power Flow Data  -----%%
%% system MVA base
mpc.baseMVA = 100.0;
%% bus data
%    bus_i    type    Pd    Qd    Gs    Bs    area    Vm    Va    baseKV    zone    Vmax    Vmin
mpc.bus = [
	101	2	49.056902526315795	9.993072736842105	0.0	0.0	1	1.0320047850843055	2.6615179641870124	138.0	11	1.05	0.95				
	102	2	44.060366157894734	9.08461157894737	0.0	0.0	1	1.0315933115763019	2.5357737737145682	138.0	12	1.05	0.95				
	103	1	81.76150421052633	16.806531421052632	0.0	0.0	1	1.0275761373475383	0.04962406404833837	138.0	11	1.05	0.95				
	104	1	33.613062842105265	6.813458684210527	0.0	0.0	1	1.0205628771961914	-0.7452909213146999	138.0	11	1.05	0.95				
	105	1	32.250371105263156	6.35922810526316	0.0	0.0	1	1.0347536205314805	-0.4840634835936378	138.0	11	1.05	0.95				
	106	1	61.775358736842115	12.71845621052632	0.0	-100.0	1	1.0442986271550605	-2.7036025438367006	138.0	12	1.05	0.95				
	107	2	56.778822368421054	11.35576447368421	0.0	0.0	1	1.0207096083707536	-3.083945860791706	138.0	12	1.05	0.95				
	108	1	77.673429	15.898070263157896	0.0	0.0	1	1.0170157544101204	-4.023410437645078	138.0	12	1.05	0.95				
	109	1	79.49035131578948	16.352300842105265	0.0	0.0	1	1.0255814856038936	-1.5857603500821245	138.0	13	1.05	0.95				
	110	1	88.57496289473684	18.16922315789474	0.0	0.0	1	1.05	-2.236052759685052	138.0	13	1.05	0.95				
	111	1	0.0	0.0	0.0	0.0	1	1.0036959384386748	-0.2513315412982978	230.0	13	1.05	0.95				
	112	1	0.0	0.0	0.0	0.0	1	1.0094065395571596	0.38995939931501017	230.0	13	1.05	0.95				
	113	3	120.37110342105264	24.528451263157898	0.0	0.0	1	0.9957192623927347	1.1265349474598189e-26	230.0	14	1.05	0.95				
	114	2	88.12073231578947	17.71499257894737	0.0	0.0	1	0.9989406274358424	1.3153299201130102	230.0	16	1.05	0.95				
	115	2	143.9910935263158	29.070757052631578	0.0	0.0	1	1.039058307499951	6.242948899598468	230.0	16	1.05	0.95				
	116	2	45.42305789473684	9.08461157894737	0.0	0.0	1	1.0345907504568963	6.153903571324586	230.0	16	1.05	0.95				
	117	1	0.0	0.0	0.0	0.0	1	1.0430139422716294	7.598376731351135	230.0	17	1.05	0.95				
	118	2	151.25878278947368	30.887679368421058	0.0	0.0	1	1.045994057786199	7.376898560282581	230.0	17	1.05	0.95				
	119	1	82.2157347894737	16.806531421052632	0.0	0.0	1	1.028725383472302	5.619406537966638	230.0	15	1.05	0.95				
	120	1	58.141514105263155	11.80999505263158	0.0	0.0	1	1.0267932172994212	6.034479467118704	230.0	15	1.05	0.95				
	121	2	0.0	0.0	0.0	0.0	1	1.05	7.707667197940928	230.0	17	1.05	0.95				
	122	2	0.0	0.0	0.0	0.0	1	1.05	15.107769229318919	230.0	17	1.05	0.95				
	123	2	0.0	0.0	0.0	0.0	1	1.0264997079389084	6.61337087925412	230.0	15	1.05	0.95				
	124	1	0.0	0.0	0.0	0.0	1	1.0263271075388734	3.9345843091218033	230.0	16	1.05	0.95				
	201	2	52.716511894736854	10.738548719298247	0.0	0.0	2	1.0311844635876992	-6.594580665404148	138.0	21	1.05	0.95				
	202	2	47.34723753508772	9.762317017543861	0.0	0.0	2	1.0313787134876657	-6.647271792095183	138.0	22	1.05	0.95				
	203	1	87.86085315789475	18.060286482456142	0.0	0.0	2	1.0228475956054424	-5.8360216548798025	138.0	21	1.05	0.95				
	204	1	36.120572964912284	7.321737763157894	0.0	0.0	2	1.0189446515265568	-9.245290262893404	138.0	21	1.05	0.95				
	205	1	34.6562254122807	6.833621912280703	0.0	0.0	2	1.0341435003087998	-9.386080575799081	138.0	21	1.05	0.95				
	206	1	66.38375571929825	13.667243824561407	0.0	-100.0	2	1.0435294164892983	-11.421024685581893	138.0	22	1.05	0.95				
	207	2	61.01448135964913	12.202896271929825	0.0	0.0	2	0.9862868692833475	-18.87859178760364	138.0	22	1.05	0.95				
	208	1	83.46781050000001	17.084054780701756	0.0	0.0	2	0.9925125731402188	-16.632421005172517	138.0	22	1.05	0.95				
	209	1	85.42027390350877	17.57217063157895	0.0	0.0	2	1.0234014645609317	-9.385493452332092	138.0	23	1.05	0.95				
	210	1	95.18259092105264	19.524634035087722	0.0	0.0	2	1.05	-10.668820334972613	138.0	23	1.05	0.95				
	211	1	0.0	0.0	0.0	0.0	2	1.0084591948210169	-6.891454948175074	230.0	23	1.05	0.95				
	212	1	0.0	0.0	0.0	0.0	2	1.0133668574369756	-6.537696210746598	230.0	23	1.05	0.95				
	213	2	129.35070048245615	26.358255947368427	0.0	0.0	2	1.0037813116686873	-6.307555058412198	230.0	24	1.05	0.95				
	214	2	94.69447507017544	19.03651818421053	0.0	0.0	2	1.0111016975464548	-4.184405604026149	230.0	26	1.05	0.95				
	215	2	154.7327247280702	31.239414456140352	0.0	0.0	2	1.0313109066861852	2.865663236413973	230.0	26	1.05	0.95				
	216	2	48.8115850877193	9.762317017543861	0.0	0.0	2	1.034437796978432	2.552627774374922	230.0	26	1.05	0.95				
	217	1	0.0	0.0	0.0	0.0	2	1.038247430549115	5.612723253681044	230.0	27	1.05	0.95				
	218	2	162.5425783421053	33.191877859649125	0.0	0.0	2	1.0400603212712785	6.1975055538404344	230.0	27	1.05	0.95				
	219	1	88.34896900877195	18.060286482456142	0.0	0.0	2	1.0357321431574857	1.1131491671687732	230.0	25	1.05	0.95				
	220	1	62.478828912280704	12.691012122807019	0.0	0.0	2	1.0406698962641197	0.8009370707894891	230.0	25	1.05	0.95				
	221	2	0.0	0.0	0.0	0.0	2	1.0395294532620234	5.840081989591658	230.0	27	1.05	0.95				
	222	2	0.0	0.0	0.0	0.0	2	1.05	12.252546293966907	230.0	27	1.05	0.95				
	223	2	0.0	0.0	0.0	0.0	2	1.044134308884543	0.9920968851408295	230.0	25	1.05	0.95				
	224	1	0.0	0.0	0.0	0.0	2	1.0172503026622364	-0.39755192300293374	230.0	26	1.05	0.95				
	301	2	63.97658969684211	13.032268271578948	0.0	0.0	3	1.0076119719718504	-37.593540156017674	138.0	31	1.05	0.95				
	302	2	57.46045556105264	11.847516610526316	0.0	0.0	3	1.0069504048784772	-37.74589474674246	138.0	32	1.05	0.95				
	303	1	106.62764949473684	21.917905729473684	0.0	0.0	3	1.0214749256095155	-29.900424132972123	138.0	31	1.05	0.95				
	304	1	43.83581145894737	8.885637457894736	0.0	0.0	3	1.006623726968842	-35.70971043596697	138.0	31	1.05	0.95				
	305	1	42.058683967368424	8.293261627368423	0.0	0.0	3	1.020596611358888	-36.68415259454138	138.0	31	1.05	0.95				
	306	1	80.56311295157896	16.586523254736846	0.0	-100.0	3	1.0352490720996477	-36.83485828647041	138.0	32	1.05	0.95				
	307	2	74.04697881578947	14.809395763157895	0.0	0.0	3	1.0010706961394804	-39.54082653126328	138.0	32	1.05	0.95				
	308	1	101.29626702	20.733154068421054	0.0	0.0	3	0.9999748850756479	-38.526033939458024	138.0	32	1.05	0.95				
	309	1	103.66577034210526	21.32552989894737	0.0	0.0	3	1.0271638421655118	-31.631772064874298	138.0	33	1.05	0.95				
	310	1	115.51328695263159	23.695033221052633	0.0	0.0	3	1.05	-33.87380574892016	138.0	33	1.05	0.95				
	311	1	0.0	0.0	0.0	0.0	3	1.0185916255651628	-26.60355916241	230.0	33	1.05	0.95				
	312	1	0.0	0.0	0.0	0.0	3	1.0174386136304243	-25.919788699463684	230.0	33	1.05	0.95				
	313	2	156.9795950894737	31.988294848421056	0.0	0.0	3	1.0264572325820849	-22.86052656745954	230.0	34	1.05	0.95				
	314	2	114.92091112210528	23.102657390526318	0.0	0.0	3	1.0304002191060213	-23.798360112113006	230.0	36	1.05	0.95				
	315	2	187.7831382768421	37.91205315368421	0.0	0.0	3	1.0486825517217344	-16.65199266791363	230.0	36	1.05	0.95				
	316	2	59.23758305263158	11.847516610526316	0.0	0.0	3	1.0488722546549185	-16.28308123830068	230.0	36	1.05	0.95				
	317	1	0.0	0.0	0.0	0.0	3	1.0495125547591244	-13.437677497060074	230.0	37	1.05	0.95				
	318	2	197.2611515652632	40.28155647578948	0.0	0.0	3	1.0498103756846993	-12.74060192155073	230.0	37	1.05	0.95				
	319	1	107.22002532526315	21.917905729473684	0.0	0.0	3	1.04566124341422	-17.34247810742905	230.0	35	1.05	0.95				
	320	1	75.82410630736842	15.401771593684213	0.0	0.0	3	1.0476298693217767	-17.156571391571184	230.0	35	1.05	0.95				
	321	2	0.0	0.0	0.0	0.0	3	1.05	-12.402467629116629	230.0	37	1.05	0.95				
	322	2	0.0	0.0	0.0	0.0	3	1.05	-7.032642575904766	230.0	37	1.05	0.95				
	323	2	0.0	0.0	0.0	0.0	3	1.05	-16.62179414706735	230.0	35	1.05	0.95				
	324	1	0.0	0.0	0.0	0.0	3	1.0216311187643081	-21.542662079098	230.0	36	1.05	0.95				
	325	1	0.0	0.0	0.0	0.0	3	1.0395502128114336	-14.670336623291911	230.0	35	1.05	0.95				
];
