%% MATPOWER Case Format : Version 2
function mpc = RTS_GMLC
mpc.version = '2';

%%-----  Power Flow Data  -----%%
%% system MVA base
mpc.baseMVA = 100.0;
%% bus data
%    bus_i    type    Pd    Qd    Gs    Bs    area    Vm    Va    baseKV    zone    Vmax    Vmin
mpc.bus = [
	101	2	44.08708558736842	8.980702619649122	0.0	0.0	1	1.0213598282454173	-4.441716574320432	138.0	11	1.05	0.95				
	102	2	39.59673427754385	8.164275108771928	0.0	0.0	1	1.0209749611141168	-4.638754249466391	138.0	12	1.05	0.95				
	103	1	73.47847597894737	15.103908951228068	0.0	0.0	1	1.0200576080943629	-1.1260267426990966	138.0	11	1.05	0.95				
	104	1	30.207817902456135	6.123206331578947	0.0	0.0	1	1.0181372015080543	-4.653602172323451	138.0	11	1.05	0.95				
	105	1	28.983176636140346	5.714992576140351	0.0	0.0	1	1.0304777200217088	-5.631026322950162	138.0	11	1.05	0.95				
	106	1	55.51707073964912	11.429985152280702	0.0	-100.0	1	1.0435223863234195	-6.76951044277105	138.0	12	1.05	0.95				
	107	2	51.02671942982455	10.205343885964911	0.0	0.0	1	1.0017834476177339	-10.186461699723642	138.0	12	1.05	0.95				
	108	1	69.80455217999999	14.287481440350874	0.0	0.0	1	1.0054199598298739	-9.152218908888495	138.0	12	1.05	0.95				
	109	1	71.43740720175438	14.69569519578947	0.0	0.0	1	1.0225058647770533	-3.923952448019656	138.0	13	1.05	0.95				
	110	1	79.6016823105263	16.328550217543857	0.0	0.0	1	1.0493193123129236	-5.519184450086337	138.0	13	1.05	0.95				
	111	1	0.0	0.0	0.0	0.0	1	1.002144773130699	-1.2232450837730684	230.0	13	1.05	0.95				
	112	1	0.0	0.0	0.0	0.0	1	1.0058715965772222	-1.7449917618376256	230.0	13	1.05	0.95				
	113	3	108.17664519122805	22.04354279368421	0.0	0.0	1	0.9985275146227358	-5.303414089109805e-27	230.0	14	1.05	0.95				
	114	2	79.1934685550877	15.920336462105261	0.0	0.0	1	0.9994428738649115	1.355629237739543	230.0	16	1.05	0.95				
	115	2	129.40376047403507	26.125680348070173	0.0	0.0	1	1.017911561974924	8.675817971997901	230.0	16	1.05	0.95				
	116	2	40.821375543859645	8.164275108771928	0.0	0.0	1	1.015727891196344	7.506207807907865	230.0	16	1.05	0.95				
	117	1	0.0	0.0	0.0	0.0	1	1.020208405794168	12.375994320527289	230.0	17	1.05	0.95				
	118	2	135.93518056105262	27.75853536982456	0.0	0.0	1	1.02547886422699	12.70129113957709	230.0	17	1.05	0.95				
	119	1	73.88668973438595	15.103908951228068	0.0	0.0	1	1.0090646392187552	4.543366880730455	230.0	15	1.05	0.95				
	120	1	52.251360696140345	10.613557641403508	0.0	0.0	1	1.0076069315409737	2.6357709342363944	230.0	15	1.05	0.95				
	121	2	0.0	0.0	0.0	0.0	1	1.0249370426386308	13.88693497711689	230.0	17	1.05	0.95				
	122	2	0.0	0.0	0.0	0.0	1	1.04977090518878	29.355364524892387	230.0	17	1.05	0.95				
	123	2	0.0	0.0	0.0	0.0	1	1.0074928213069636	1.9104778391821433	230.0	15	1.05	0.95				
	124	1	0.0	0.0	0.0	0.0	1	1.0067249465677703	4.958555475026041	230.0	16	1.05	0.95				
	201	2	39.847631039999996	8.117110026666666	0.0	0.0	2	1.0090958476718084	-10.77562127247363	138.0	21	1.05	0.95				
	202	2	35.78907602666666	7.379190933333334	0.0	0.0	2	1.0074663679482052	-11.013243062134954	138.0	22	1.05	0.95				
	203	1	66.41271839999999	13.651503226666664	0.0	0.0	2	1.0151190387823095	-8.267629538612145	138.0	21	1.05	0.95				
	204	1	27.303006453333328	5.534393199999999	0.0	0.0	2	1.0107635494605693	-10.670597742010617	138.0	21	1.05	0.95				
	205	1	26.19612781333333	5.165433653333333	0.0	0.0	2	1.0249958302313815	-10.975366074104658	138.0	21	1.05	0.95				
	206	1	50.178498346666665	10.330867306666667	0.0	-100.0	2	1.0419017887032154	-11.563820975375656	138.0	22	1.05	0.95				
	207	2	46.11994333333333	9.223988666666665	0.0	0.0	2	0.9828644599049674	-15.826682033906692	138.0	22	1.05	0.95				
	208	1	63.09208247999999	12.91358413333333	0.0	0.0	2	0.9955359436919534	-14.251384805565866	138.0	22	1.05	0.95				
	209	1	64.56792066666665	13.282543679999998	0.0	0.0	2	1.0237189130352002	-8.857232536555209	138.0	23	1.05	0.95				
	210	1	71.94711159999999	14.758381866666667	0.0	0.0	2	1.049815838063174	-9.981914684376026	138.0	23	1.05	0.95				
	211	1	0.0	0.0	0.0	0.0	2	1.0028161058392826	-6.322844627589156	230.0	23	1.05	0.95				
	212	1	0.0	0.0	0.0	0.0	2	1.0146646891510098	-4.227945438756514	230.0	23	1.05	0.95				
	213	2	97.77427986666666	19.923815519999998	0.0	0.0	2	1.0038582488835917	-4.610437651819798	230.0	24	1.05	0.95				
	214	2	71.57815205333333	14.389422320000001	0.0	0.0	2	0.9944182981635408	-4.578475307752123	230.0	26	1.05	0.95				
	215	2	116.96017629333333	23.613410986666665	0.0	0.0	2	1.0182615604603034	0.6335259225307808	230.0	26	1.05	0.95				
	216	2	36.89595466666666	7.379190933333334	0.0	0.0	2	1.0190470121982333	0.05028284649990787	230.0	26	1.05	0.95				
	217	1	0.0	0.0	0.0	0.0	2	1.0221125443321664	1.4082840294445849	230.0	27	1.05	0.95				
	218	2	122.86352904	25.089249173333332	0.0	0.0	2	1.0216893480106237	1.145766665128545	230.0	27	1.05	0.95				
	219	1	66.78167794666666	13.651503226666664	0.0	0.0	2	1.0287786440954592	0.2727490947041438	230.0	25	1.05	0.95				
	220	1	47.22682197333333	9.592948213333333	0.0	0.0	2	1.0394177728064664	1.1774058621356112	230.0	25	1.05	0.95				
	221	2	0.0	0.0	0.0	0.0	2	1.0241287330742688	1.7720499350810155	230.0	27	1.05	0.95				
	222	2	0.0	0.0	0.0	0.0	2	1.0437242744036161	8.197838560456026	230.0	27	1.05	0.95				
	223	2	0.0	0.0	0.0	0.0	2	1.0457627934864757	1.9412072473141042	230.0	25	1.05	0.95				
	224	1	0.0	0.0	0.0	0.0	2	1.006114947106727	-2.723406096240168	230.0	26	1.05	0.95				
	301	2	50.15627965894737	10.217019930526316	0.0	0.0	3	1.0157945110229647	19.57038443932453	138.0	31	1.05	0.95				
	302	2	45.04776969368421	9.288199936842107	0.0	0.0	3	1.014430741464359	19.187461429024818	138.0	32	1.05	0.95				
	303	1	83.59379943157896	17.183169883157895	0.0	0.0	3	1.0497088053052286	33.74280121169186	138.0	31	1.05	0.95				
	304	1	34.36633976631579	6.966149952631579	0.0	0.0	3	1.0063944765019583	19.943547632823716	138.0	31	1.05	0.95				
	305	1	32.973109775789474	6.501739955789475	0.0	0.0	3	1.0241368921860996	18.610441786566884	138.0	31	1.05	0.95				
	306	1	63.15975957052632	13.00347991157895	0.0	-100.0	3	1.0360908020853654	17.503482927186365	138.0	32	1.05	0.95				
	307	2	58.05124960526315	11.610249921052631	0.0	0.0	3	0.9505692943546383	13.284498558701014	138.0	32	1.05	0.95				
	308	1	79.41410946	16.254349889473684	0.0	0.0	3	0.971248702246557	15.323262114164127	138.0	32	1.05	0.95				
	309	1	81.27174944736842	16.71875988631579	0.0	0.0	3	1.0140769624146733	22.512200272596495	138.0	33	1.05	0.95				
	310	1	90.55994938421053	18.576399873684213	0.0	0.0	3	1.0438044019252974	19.14703827999566	138.0	33	1.05	0.95				
	311	1	0.0	0.0	0.0	0.0	3	1.0032640590724702	22.884036808946444	230.0	33	1.05	0.95				
	312	1	0.0	0.0	0.0	0.0	3	1.0082005462146326	22.42372821749728	230.0	33	1.05	0.95				
	313	2	123.0686491631579	25.078139829473685	0.0	0.0	3	1.0030376708637054	23.39913171115583	230.0	34	1.05	0.95				
	314	2	90.09553938736842	18.111989876842106	0.0	0.0	3	1.0014169884688513	24.576621588656337	230.0	36	1.05	0.95				
	315	2	147.21796899894736	29.72223979789474	0.0	0.0	3	1.0461136300297502	25.80237775375132	230.0	36	1.05	0.95				
	316	2	46.440999684210524	9.288199936842107	0.0	0.0	3	1.0310938902884397	25.52569647223969	230.0	36	1.05	0.95				
	317	1	0.0	0.0	0.0	0.0	3	1.0498206386507685	28.637818368701986	230.0	37	1.05	0.95				
	318	2	154.64852894842105	31.57987978526316	0.0	0.0	3	1.0491974176793721	25.253809014329715	230.0	37	1.05	0.95				
	319	1	84.05820942842107	17.183169883157895	0.0	0.0	3	1.022551339637073	24.41771046792412	230.0	35	1.05	0.95				
	320	1	59.44447959578948	12.074659917894737	0.0	0.0	3	1.0159784430649348	23.039301025799215	230.0	35	1.05	0.95				
	321	2	0.0	0.0	0.0	0.0	3	1.0495093273584573	26.095098815108834	230.0	37	1.05	0.95				
	322	2	0.0	0.0	0.0	0.0	3	1.0488738134392923	31.450488693378063	230.0	37	1.05	0.95				
	323	2	0.0	0.0	0.0	0.0	3	1.0124149358896914	22.31684052138288	230.0	35	1.05	0.95				
	324	1	0.0	0.0	0.0	0.0	3	1.046944202878977	30.36425077263201	230.0	36	1.05	0.95				
	325	1	0.0	0.0	0.0	0.0	3	1.014889794264207	21.60539246887581	230.0	35	1.05	0.95				
