%% MATPOWER Case Format : Version 2
function mpc = RTS_GMLC
mpc.version = '2';

%%-----  Power Flow Data  -----%%
%% system MVA base
mpc.baseMVA = 100.0;
%% bus data
%    bus_i    type    Pd    Qd    Gs    Bs    area    Vm    Va    baseKV    zone    Vmax    Vmin
mpc.bus = [
	101	2	48.228599709473684	9.824344385263158	0.0	0.0	1	1.04206058256094	3.308851373912192	138.0	11	1.05	0.95				
	102	2	43.316427516842104	8.931222168421053	0.0	0.0	1	1.0410707926120533	3.024341686763413	138.0	12	1.05	0.95				
	103	1	80.38099951578947	16.522761011578947	0.0	0.0	1	1.0284499775614704	0.7945973266640692	138.0	11	1.05	0.95				
	104	1	33.04552202315789	6.698416626315789	0.0	0.0	1	1.0254714286516489	-0.31077188914390014	138.0	11	1.05	0.95				
	105	1	31.705838697894734	6.251855517894738	0.0	0.0	1	1.0396143429235372	-0.2716984290127226	138.0	11	1.05	0.95				
	106	1	60.73231074526316	12.503711035789475	0.0	-100.0	1	1.046523737851253	-2.772282055374024	138.0	12	1.05	0.95				
	107	2	55.82013855263158	11.164027710526316	0.0	0.0	1	1.0005036944784165	-8.07345361571657	138.0	12	1.05	0.95				
	108	1	76.36194954	15.629638794736842	0.0	0.0	1	1.0039130645774341	-6.957488697776218	138.0	12	1.05	0.95				
	109	1	78.14819397368422	16.076199903157896	0.0	0.0	1	1.0243509036725573	-1.760318220991052	138.0	13	1.05	0.95				
	110	1	87.07941614210526	17.862444336842106	0.0	0.0	1	1.05	-2.5313263253842635	138.0	13	1.05	0.95				
	111	1	0.0	0.0	0.0	0.0	1	1.0035099240474945	-0.1645798624943744	230.0	13	1.05	0.95				
	112	1	0.0	0.0	0.0	0.0	1	1.0079453811957475	0.12964100392486216	230.0	13	1.05	0.95				
	113	3	118.33869373157894	24.114299854736842	0.0	0.0	1	0.9949707440196851	-1.1020574708516943e-27	230.0	14	1.05	0.95				
	114	2	86.63285503368421	17.415883228421052	0.0	0.0	1	1.0005928990952977	1.7992628198127785	230.0	16	1.05	0.95				
	115	2	141.55987136947368	28.579910938947368	0.0	0.0	1	1.0346454388718513	7.842152876366855	230.0	16	1.05	0.95				
	116	2	44.656110842105264	8.931222168421053	0.0	0.0	1	1.0305444853397463	7.193938298135053	230.0	16	1.05	0.95				
	117	1	0.0	0.0	0.0	0.0	1	1.0378359658940333	9.319574322189766	230.0	17	1.05	0.95				
	118	2	148.70484910421052	30.36615537263158	0.0	0.0	1	1.0398481395788306	9.484524077821192	230.0	17	1.05	0.95				
	119	1	80.82756062421052	16.522761011578947	0.0	0.0	1	1.0237687204916284	5.89213352875497	230.0	15	1.05	0.95				
	120	1	57.159821877894736	11.610588818947368	0.0	0.0	1	1.0212274633141207	5.62551161285561	230.0	15	1.05	0.95				
	121	2	0.0	0.0	0.0	0.0	1	1.0431933639639706	10.660505759753441	230.0	17	1.05	0.95				
	122	2	0.0	0.0	0.0	0.0	1	1.05	16.638868732196478	230.0	17	1.05	0.95				
	123	2	0.0	0.0	0.0	0.0	1	1.020451940405708	5.826275629364156	230.0	15	1.05	0.95				
	124	1	0.0	0.0	0.0	0.0	1	1.0231267981014327	5.195806719342028	230.0	16	1.05	0.95				
	201	2	43.570596581052634	8.875491896140351	0.0	0.0	2	1.0260704753420997	-5.968300238785024	138.0	21	1.05	0.95				
	202	2	39.13285063298246	8.068628996491228	0.0	0.0	2	1.0269306892785988	-5.7793033993150695	138.0	22	1.05	0.95				
	203	1	72.61766096842106	14.926963643508772	0.0	0.0	2	1.0173601640626593	-5.936855952419271	138.0	21	1.05	0.95				
	204	1	29.853927287017545	6.051471747368422	0.0	0.0	2	1.0186060067657392	-7.377131461304443	138.0	21	1.05	0.95				
	205	1	28.643632937543863	5.648040297543861	0.0	0.0	2	1.0332015052123726	-7.568399825017603	138.0	21	1.05	0.95				
	206	1	54.86667717614036	11.296080595087721	0.0	-100.0	2	1.0454209586006566	-8.833112504297963	138.0	22	1.05	0.95				
	207	2	50.42893122807017	10.085786245614035	0.0	0.0	2	0.9934332464819767	-14.655468756720731	138.0	22	1.05	0.95				
	208	1	68.98677792	14.120100743859648	0.0	0.0	2	1.000139952821547	-12.852550582905913	138.0	22	1.05	0.95				
	209	1	70.60050371929825	14.523532193684211	0.0	0.0	2	1.022948468149287	-7.0253543939256895	138.0	23	1.05	0.95				
	210	1	78.66913271578947	16.137257992982455	0.0	0.0	2	1.05	-7.895908333637969	138.0	23	1.05	0.95				
	211	1	0.0	0.0	0.0	0.0	2	1.0029083789395308	-4.52028129078552	230.0	23	1.05	0.95				
	212	1	0.0	0.0	0.0	0.0	2	1.0067152172310014	-3.4651836866240497	230.0	23	1.05	0.95				
	213	2	106.90933420350876	21.785298290526317	0.0	0.0	2	0.9965790706478743	-3.2128225603043776	230.0	24	1.05	0.95				
	214	2	78.26570126596492	15.733826543157894	0.0	0.0	2	1.0008029697113228	-2.58434361325013	230.0	26	1.05	0.95				
	215	2	127.88776959438597	25.819612788771927	0.0	0.0	2	1.0210069622048203	2.555389553988272	230.0	26	1.05	0.95				
	216	2	40.34314498245614	8.068628996491228	0.0	0.0	2	1.0213666741289635	2.5887867422436743	230.0	26	1.05	0.95				
	217	1	0.0	0.0	0.0	0.0	2	1.0269269631210771	3.9527571810678217	230.0	27	1.05	0.95				
	218	2	134.34267279157896	27.43333858807018	0.0	0.0	2	1.026131801678008	3.4694263601714552	230.0	27	1.05	0.95				
	219	1	73.02109241824562	14.926963643508772	0.0	0.0	2	1.0213437706531117	2.7519976962524266	230.0	25	1.05	0.95				
	220	1	51.639225577543854	10.489217695438597	0.0	0.0	2	1.0239652251662965	3.6885114959361855	230.0	25	1.05	0.95				
	221	2	0.0	0.0	0.0	0.0	2	1.0280139214399782	3.9680167724141913	230.0	27	1.05	0.95				
	222	2	0.0	0.0	0.0	0.0	2	1.0499002719612687	10.453351431823899	230.0	27	1.05	0.95				
	223	2	0.0	0.0	0.0	0.0	2	1.0261234669861237	4.513202759319322	230.0	25	1.05	0.95				
	224	1	0.0	0.0	0.0	0.0	2	1.009087993118189	-0.6451834208695297	230.0	26	1.05	0.95				
	301	2	48.17462828210527	9.813350205614036	0.0	0.0	3	1.0106230299180907	-10.685138451008855	138.0	31	1.05	0.95				
	302	2	43.26795317929824	8.921227459649122	0.0	0.0	3	1.0099458582429859	-10.862832435009464	138.0	32	1.05	0.95				
	303	1	80.29104713684211	16.504270800350877	0.0	0.0	3	1.031976485267437	-3.2848721128679093	138.0	31	1.05	0.95				
	304	1	33.008541600701754	6.690920594736842	0.0	0.0	3	1.0106158534769458	-9.653952100596344	138.0	31	1.05	0.95				
	305	1	31.670357481754387	6.244859221754386	0.0	0.0	3	1.024634064644991	-10.401165194014384	138.0	31	1.05	0.95				
	306	1	60.66434672561404	12.489718443508773	0.0	-100.0	3	1.0404302133480041	-10.775984294973565	138.0	32	1.05	0.95				
	307	2	55.75767162280702	11.151534324561403	0.0	0.0	3	0.9941068767329198	-15.749611504907252	138.0	32	1.05	0.95				
	308	1	76.27649478	15.612148054385964	0.0	0.0	3	0.9993015066663713	-13.721255290447006	138.0	32	1.05	0.95				
	309	1	78.06074027192982	16.058209427368418	0.0	0.0	3	1.02503422834792	-6.831481394514343	138.0	33	1.05	0.95				
	310	1	86.98196773157895	17.842454919298245	0.0	0.0	3	1.05	-8.681694581891186	138.0	33	1.05	0.95				
	311	1	0.0	0.0	0.0	0.0	3	1.006075526731783	-3.7483055195236363	230.0	33	1.05	0.95				
	312	1	0.0	0.0	0.0	0.0	3	1.0103760900952785	-3.211123902399161	230.0	33	1.05	0.95				
	313	2	118.20626384035087	24.087314141052634	0.0	0.0	3	1.0084410015377496	-0.3570372763250201	230.0	34	1.05	0.95				
	314	2	86.53590635859648	17.39639354631579	0.0	0.0	3	1.0027393904414637	-2.5883190539840646	230.0	36	1.05	0.95				
	315	2	141.4014552354386	28.547927870877192	0.0	0.0	3	1.0224188776484986	-0.6192590200368018	230.0	36	1.05	0.95				
	316	2	44.60613729824561	8.921227459649122	0.0	0.0	3	1.0209896112401413	-0.06544884406613477	230.0	36	1.05	0.95				
	317	1	0.0	0.0	0.0	0.0	3	1.0259673426760265	0.7800050461986107	230.0	37	1.05	0.95				
	318	2	148.53843720315788	30.33217336280702	0.0	0.0	3	1.0246198582039947	0.4138829866226723	230.0	37	1.05	0.95				
	319	1	80.73710850982457	16.504270800350877	0.0	0.0	3	1.0186270922880283	0.006779842269190555	230.0	35	1.05	0.95				
	320	1	57.095855741754384	11.59759569754386	0.0	0.0	3	1.0182175073195054	0.32396542174039106	230.0	35	1.05	0.95				
	321	2	0.0	0.0	0.0	0.0	3	1.0259472198399775	0.6145766910506139	230.0	37	1.05	0.95				
	322	2	0.0	0.0	0.0	0.0	3	1.03932310307403	5.075908100708366	230.0	37	1.05	0.95				
	323	2	0.0	0.0	0.0	0.0	3	1.0185312920653409	0.7713062303321164	230.0	35	1.05	0.95				
	324	1	0.0	0.0	0.0	0.0	3	1.0217061993846932	-0.8633922350962642	230.0	36	1.05	0.95				
	325	1	0.0	0.0	0.0	0.0	3	1.0185636289310556	1.6213045707316092	230.0	35	1.05	0.95				
];
