%% MATPOWER Case Format : Version 2
function mpc = RTS_GMLC
mpc.version = '2';

%%-----  Power Flow Data  -----%%
%% system MVA base
mpc.baseMVA = 100.0;
%% bus data
%    bus_i    type    Pd    Qd    Gs    Bs    area    Vm    Va    baseKV    zone    Vmax    Vmin
mpc.bus = [
	101	2	40.07916871578948	8.16427510877193	0.0	0.0	1	1.014418090889024	-3.7735823038261533	138.0	11	1.05	0.95				
	102	2	35.997031161403505	7.422068280701755	0.0	0.0	1	1.0141928429940237	-3.990036963617121	138.0	12	1.05	0.95				
	103	1	66.79861452631579	13.730826319298245	0.0	0.0	1	1.0058695798301194	0.15560226956090892	138.0	11	1.05	0.95				
	104	1	27.46165263859649	5.566551210526316	0.0	0.0	1	1.0053290639392667	-4.03744295007698	138.0	11	1.05	0.95				
	105	1	26.348342396491226	5.195447796491229	0.0	0.0	1	1.018740988789612	-5.036363902613495	138.0	11	1.05	0.95				
	106	1	50.47006430877193	10.390895592982458	0.0	-100.0	1	1.0292327872618445	-6.203133133925269	138.0	12	1.05	0.95				
	107	2	46.387926754385965	9.277585350877192	0.0	0.0	1	0.9868274191259512	-10.214184061329483	138.0	12	1.05	0.95				
	108	1	63.4586838	12.988619491228071	0.0	0.0	1	0.9898088885907848	-8.88734607949591	138.0	12	1.05	0.95				
	109	1	64.94309745614035	13.359722905263158	0.0	0.0	1	1.0038866252861645	-3.402569230282436	138.0	13	1.05	0.95				
	110	1	72.3651657368421	14.84413656140351	0.0	0.0	1	1.0317496189923046	-5.093703979499391	138.0	13	1.05	0.95				
	111	1	0.0	0.0	0.0	0.0	1	0.9810299561973786	-1.0837974439604854	230.0	13	1.05	0.95				
	112	1	0.0	0.0	0.0	0.0	1	0.9829292149244622	-1.611132944599894	230.0	13	1.05	0.95				
	113	3	98.34240471929824	20.03958435789474	0.0	0.0	1	0.9619220712110064	2.5005733269757414e-28	230.0	14	1.05	0.95				
	114	2	71.99406232280701	14.473033147368422	0.0	0.0	1	0.9872994171681067	1.311501065071834	230.0	16	1.05	0.95				
	115	2	117.63978224912282	23.750618498245615	0.0	0.0	1	0.9926160202104476	8.514667399077712	230.0	16	1.05	0.95				
	116	2	37.11034140350877	7.422068280701755	0.0	0.0	1	0.9924840381914177	7.194002457695845	230.0	16	1.05	0.95				
	117	1	0.0	0.0	0.0	0.0	1	0.9989103684854912	11.34170825160004	230.0	17	1.05	0.95				
	118	2	123.5774368736842	25.235032154385966	0.0	0.0	1	1.0017114991248126	12.188726442568777	230.0	17	1.05	0.95				
	119	1	67.16971794035088	13.730826319298245	0.0	0.0	1	0.9923345257061675	4.509384105983068	230.0	15	1.05	0.95				
	120	1	47.50123699649123	9.648688764912281	0.0	0.0	1	0.9952479034727202	2.460315775671759	230.0	15	1.05	0.95				
	121	2	0.0	0.0	0.0	0.0	1	1.0005392254059011	13.585639284346149	230.0	17	1.05	0.95				
	122	2	0.0	0.0	0.0	0.0	1	1.0215404489960118	21.540850462365345	230.0	17	1.05	0.95				
	123	2	0.0	0.0	0.0	0.0	1	0.9974557533415815	1.6407874948231984	230.0	15	1.05	0.95				
	124	1	0.0	0.0	0.0	0.0	1	0.9874699932184289	5.305894541806601	230.0	16	1.05	0.95				
	201	2	42.04061075368421	8.563828116491228	0.0	0.0	2	1.01195288342653	-12.6431299289163	138.0	21	1.05	0.95				
	202	2	37.758696695438594	7.785298287719298	0.0	0.0	2	1.0108360269179946	-12.86298611092144	138.0	22	1.05	0.95				
	203	1	70.06768458947367	14.402801832280701	0.0	0.0	2	0.9974997638876911	-9.309442679129969	138.0	21	1.05	0.95				
	204	1	28.805603664561403	5.838973715789473	0.0	0.0	2	1.0010343464527678	-12.119375604235996	138.0	21	1.05	0.95				
	205	1	27.637808921403504	5.449708801403509	0.0	0.0	2	1.0175677745655338	-12.517297514519155	138.0	21	1.05	0.95				
	206	1	52.94002835649123	10.899417602807018	0.0	-100.0	2	1.0287346751204463	-12.948540530028824	138.0	22	1.05	0.95				
	207	2	48.658114298245614	9.731622859649121	0.0	0.0	2	0.9728335547632438	-17.63424203592438	138.0	22	1.05	0.95				
	208	1	66.56430035999999	13.62427200350877	0.0	0.0	2	0.9808556695014746	-15.844687215179212	138.0	22	1.05	0.95				
	209	1	68.12136001754385	14.013536917894736	0.0	0.0	2	1.0044780215784004	-9.841128657264722	138.0	23	1.05	0.95				
	210	1	75.90665830526315	15.570596575438596	0.0	0.0	2	1.0325631126545871	-11.101741222436718	138.0	23	1.05	0.95				
	211	1	0.0	0.0	0.0	0.0	2	0.985855590874933	-7.171026117346324	230.0	23	1.05	0.95				
	212	1	0.0	0.0	0.0	0.0	2	0.983716811537069	-4.392754857373983	230.0	23	1.05	0.95				
	213	2	103.15520231228071	21.020305376842106	0.0	0.0	2	0.9805573114041164	-5.038309861310352	230.0	24	1.05	0.95				
	214	2	75.51739339087719	15.18133166105263	0.0	0.0	2	0.984531272027926	-5.5920650727500965	230.0	26	1.05	0.95				
	215	2	123.39697786035086	24.912954520701753	0.0	0.0	2	0.9910971304338189	-0.3262502059892682	230.0	26	1.05	0.95				
	216	2	38.926491438596486	7.785298287719298	0.0	0.0	2	0.9888357553376113	-0.7624827614620413	230.0	26	1.05	0.95				
	217	1	0.0	0.0	0.0	0.0	2	0.9999270115142886	0.3585616324298595	230.0	27	1.05	0.95				
	218	2	129.62521649052633	26.470014178245616	0.0	0.0	2	1.0012621887062467	-0.05350245540395031	230.0	27	1.05	0.95				
	219	1	70.45694950385965	14.402801832280701	0.0	0.0	2	0.9799179007962038	0.06724864783953838	230.0	25	1.05	0.95				
	220	1	49.825909041403506	10.120887774035088	0.0	0.0	2	0.9751874823304462	1.6348767458532456	230.0	25	1.05	0.95				
	221	2	0.0	0.0	0.0	0.0	2	1.0034606325146902	0.5377423195621204	230.0	27	1.05	0.95				
	222	2	0.0	0.0	0.0	0.0	2	1.0215598940732655	6.139411065478372	230.0	27	1.05	0.95				
	223	2	0.0	0.0	0.0	0.0	2	0.9736879855046425	2.8380273511347425	230.0	25	1.05	0.95				
	224	1	0.0	0.0	0.0	0.0	2	0.9827319612560939	-3.748741226902183	230.0	26	1.05	0.95				
	301	2	50.617526096842106	10.310977538245613	0.0	0.0	3	1.010853639436597	34.85473096524237	138.0	31	1.05	0.95				
	302	2	45.462037327719294	9.37361594385965	0.0	0.0	3	1.0110368930749316	34.62103004895862	138.0	32	1.05	0.95				
	303	1	84.36254349473684	17.34118949614035	0.0	0.0	3	1.0166822777995206	44.32212690746083	138.0	31	1.05	0.95				
	304	1	34.6823789922807	7.0302119578947355	0.0	0.0	3	1.0020233702857422	35.98047224631334	138.0	31	1.05	0.95				
	305	1	33.276336600701754	6.561531160701755	0.0	0.0	3	1.0183547851866812	34.985116368296325	138.0	31	1.05	0.95				
	306	1	63.740588418245615	13.12306232140351	0.0	-100.0	3	1.0304146077141256	34.49270696076734	138.0	32	1.05	0.95				
	307	2	58.58509964912281	11.717019929824561	0.0	0.0	3	0.9691573125458793	32.339437985191196	138.0	32	1.05	0.95				
	308	1	80.14441632	16.403827901754383	0.0	0.0	3	0.9852561527126473	34.39587941009282	138.0	32	1.05	0.95				
	309	1	82.01913950877193	16.872508698947367	0.0	0.0	3	1.0097591602727878	39.079017483462735	138.0	33	1.05	0.95				
	310	1	91.39275545263158	18.7472318877193	0.0	0.0	3	1.0376527969709894	36.65225373795092	138.0	33	1.05	0.95				
	311	1	0.0	0.0	0.0	0.0	3	0.9898894940126524	40.67305081891684	230.0	33	1.05	0.95				
	312	1	0.0	0.0	0.0	0.0	3	0.997072933975699	40.75049560786304	230.0	33	1.05	0.95				
	313	2	124.20041125614034	25.308763048421053	0.0	0.0	3	0.9972368280927005	44.999430600584326	230.0	34	1.05	0.95				
	314	2	90.92407465543859	18.278551090526314	0.0	0.0	3	0.9772303290247292	39.80560017657468	230.0	36	1.05	0.95				
	315	2	148.57181271017544	29.995571020350877	0.0	0.0	3	0.9828036703482256	35.881086849903475	230.0	36	1.05	0.95				
	316	2	46.868079719298244	9.37361594385965	0.0	0.0	3	0.973708774637342	36.489012660120125	230.0	36	1.05	0.95				
	317	1	0.0	0.0	0.0	0.0	3	0.9849001412146453	37.62051741647269	230.0	37	1.05	0.95				
	318	2	156.07070546526316	31.870294209122807	0.0	0.0	3	0.97806131254929	33.689482145805975	230.0	37	1.05	0.95				
	319	1	84.83122429192983	17.34118949614035	0.0	0.0	3	0.980680300119839	36.5918676496413	230.0	35	1.05	0.95				
	320	1	59.99114204070175	12.185700727017544	0.0	0.0	3	0.9869895865744466	36.11211645156183	230.0	35	1.05	0.95				
	321	2	0.0	0.0	0.0	0.0	3	0.9884918598240421	34.934368757302174	230.0	37	1.05	0.95				
	322	2	0.0	0.0	0.0	0.0	3	1.0064378248097774	39.08512778977102	230.0	37	1.05	0.95				
	323	2	0.0	0.0	0.0	0.0	3	0.9897777850247443	35.56942969248679	230.0	35	1.05	0.95				
	324	1	0.0	0.0	0.0	0.0	3	0.9951922905164399	40.70773971952613	230.0	36	1.05	0.95				
	325	1	0.0	0.0	0.0	0.0	3	0.9894815287346312	33.714856925224545	230.0	35	1.05	0.95				
];
