%% MATPOWER Case Format : Version 2
function mpc = RTS_GMLC
mpc.version = '2';

%%-----  Power Flow Data  -----%%
%% system MVA base
mpc.baseMVA = 100.0;
%% bus data
%    bus_i    type    Pd    Qd    Gs    Bs    area    Vm    Va    baseKV    zone    Vmax    Vmin
mpc.bus = [
	101	2	54.08015832	11.016328546666667	0.0	0.0	1	1.0266419058614122	-4.2617079045887944	138.0	11	1.05	0.95				
	102	2	48.57199404666667	10.014844133333334	0.0	0.0	1	1.0257841621563044	-4.520375543909339	138.0	12	1.05	0.95				
	103	1	90.1335972	18.52746164666667	0.0	0.0	1	1.0235281212212424	-0.02605918737242091	138.0	11	1.05	0.95				
	104	1	37.05492329333334	7.5111331	0.0	0.0	1	1.0198824659171233	-4.729573074741507	138.0	11	1.05	0.95				
	105	1	35.55269667333334	7.0103908933333345	0.0	0.0	1	1.032141838537722	-5.961906568867283	138.0	11	1.05	0.95				
	106	1	68.10094010666667	14.020781786666669	0.0	-100.0	1	1.0424321634747589	-7.463529200562024	138.0	12	1.05	0.95				
	107	2	62.592775833333334	12.518555166666667	0.0	0.0	1	1.003575202729789	-11.235709170433898	138.0	12	1.05	0.95				
	108	1	85.62691733999999	17.525977233333336	0.0	0.0	1	1.0037574668248987	-10.204728870470229	138.0	12	1.05	0.95				
	109	1	87.62988616666667	18.02671944	0.0	0.0	1	1.023528791191872	-4.094027999569628	138.0	13	1.05	0.95				
	110	1	97.6447303	20.029688266666668	0.0	0.0	1	1.05	-6.085313671872943	138.0	13	1.05	0.95				
	111	1	0.0	0.0	0.0	0.0	1	1.0067722405876849	-1.2623682874482174	230.0	13	1.05	0.95				
	112	1	0.0	0.0	0.0	0.0	1	1.0095000473506044	-1.819493751396123	230.0	13	1.05	0.95				
	113	3	132.69668476666666	27.04007916	0.0	0.0	1	1.0059407468101185	-4.0264429359949404e-29	230.0	14	1.05	0.95				
	114	2	97.14398809333333	19.528946060000003	0.0	0.0	1	1.0066569368405043	1.5706760048167832	230.0	16	1.05	0.95				
	115	2	158.73527951333332	32.04750122666667	0.0	0.0	1	1.0217463708545467	10.059694245515693	230.0	16	1.05	0.95				
	116	2	50.07422066666667	10.014844133333334	0.0	0.0	1	1.0198593757090981	8.695720958835	230.0	16	1.05	0.95				
	117	1	0.0	0.0	0.0	0.0	1	1.022195674334506	14.081156258600856	230.0	17	1.05	0.95				
	118	2	166.74715482000002	34.050470053333335	0.0	0.0	1	1.0272662916378754	14.673823434644037	230.0	17	1.05	0.95				
	119	1	90.63433940666667	18.52746164666667	0.0	0.0	1	1.0129874409168822	5.538715581612096	230.0	15	1.05	0.95				
	120	1	64.09500245333334	13.019297373333336	0.0	0.0	1	1.0119005884050651	3.1934810919845913	230.0	15	1.05	0.95				
	121	2	0.0	0.0	0.0	0.0	1	1.0253499647306226	16.037785988958557	230.0	17	1.05	0.95				
	122	2	0.0	0.0	0.0	0.0	1	1.05	31.202137689319155	230.0	17	1.05	0.95				
	123	2	0.0	0.0	0.0	0.0	1	1.0125679170078326	2.29608429747172	230.0	15	1.05	0.95				
	124	1	0.0	0.0	0.0	0.0	1	1.0100415381373067	6.236213460949936	230.0	16	1.05	0.95				
	201	2	45.49157878736843	9.266803086315791	0.0	0.0	2	1.0088361392575786	-9.92920267036801	138.0	21	1.05	0.95				
	202	2	40.85817724421053	8.424366442105265	0.0	0.0	2	1.0080221421767508	-10.150555574100782	138.0	22	1.05	0.95				
	203	1	75.81929797894739	15.585077917894738	0.0	0.0	2	1.015774284051261	-8.028311969366333	138.0	21	1.05	0.95				
	204	1	31.170155835789476	6.318274831578948	0.0	0.0	2	1.0106148557593526	-9.499473825806104	138.0	21	1.05	0.95				
	205	1	29.906500869473685	5.8970565094736855	0.0	0.0	2	1.0241191090325235	-9.762888788942654	138.0	21	1.05	0.95				
	206	1	57.285691806315796	11.794113018947371	0.0	-100.0	2	1.040684391140261	-10.192055068047853	138.0	22	1.05	0.95				
	207	2	52.652290263157894	10.53045805263158	0.0	0.0	2	0.9917784668836122	-15.2457516115832	138.0	22	1.05	0.95				
	208	1	72.02833308000001	14.742641273684212	0.0	0.0	2	0.998943605570047	-13.359838897169984	138.0	22	1.05	0.95				
	209	1	73.71320636842107	15.163859595789475	0.0	0.0	2	1.0251653450208105	-7.228974791964642	138.0	23	1.05	0.95				
	210	1	82.13757281052632	16.84873288421053	0.0	0.0	2	1.05	-8.239024454063262	138.0	23	1.05	0.95				
	211	1	0.0	0.0	0.0	0.0	2	1.0046455819818734	-4.907948168205527	230.0	23	1.05	0.95				
	212	1	0.0	0.0	0.0	0.0	2	1.0161758594924821	-0.26484766575026203	230.0	23	1.05	0.95				
	213	2	111.62285535789476	22.745789393684216	0.0	0.0	2	1.0033554378554033	-2.675573524590673	230.0	24	1.05	0.95				
	214	2	81.71635448842106	16.427514562105266	0.0	0.0	2	0.9986186833684948	-3.9046339372596535	230.0	26	1.05	0.95				
	215	2	133.52620810736843	26.957972614736846	0.0	0.0	2	1.0241525188543112	0.6398556724303897	230.0	26	1.05	0.95				
	216	2	42.12183221052632	8.424366442105265	0.0	0.0	2	1.023317940079168	0.03481039630950817	230.0	26	1.05	0.95				
	217	1	0.0	0.0	0.0	0.0	2	1.0269967369354698	1.366603067741906	230.0	27	1.05	0.95				
	218	2	140.26570126105267	28.642845903157898	0.0	0.0	2	1.0266490158251838	1.0222198123427115	230.0	27	1.05	0.95				
	219	1	76.24051630105264	15.585077917894738	0.0	0.0	2	1.0278471630084205	0.06846679579042843	230.0	25	1.05	0.95				
	220	1	53.91594522947369	10.951676374736845	0.0	0.0	2	1.0345700810153322	0.9144761458938816	230.0	25	1.05	0.95				
	221	2	0.0	0.0	0.0	0.0	2	1.0292123515637106	1.688850514359155	230.0	27	1.05	0.95				
	222	2	0.0	0.0	0.0	0.0	2	1.0499999055703193	8.053099172886473	230.0	27	1.05	0.95				
	223	2	0.0	0.0	0.0	0.0	2	1.0390016012533017	1.6915237079757788	230.0	25	1.05	0.95				
	224	1	0.0	0.0	0.0	0.0	2	1.0102359363724536	-2.610815905974787	230.0	26	1.05	0.95				
	301	2	65.3774122231579	13.317621008421055	0.0	0.0	3	1.0444591207109255	16.438132113539478	138.0	31	1.05	0.95				
	302	2	58.71860171894737	12.106928189473685	0.0	0.0	3	1.0406801769732494	16.07800455255268	138.0	32	1.05	0.95				
	303	1	108.96235370526317	22.39781715052632	0.0	0.0	3	1.05	33.28006104711411	138.0	31	1.05	0.95				
	304	1	44.79563430105264	9.080196142105263	0.0	0.0	3	1.0163436783138458	17.966948926172794	138.0	31	1.05	0.95				
	305	1	42.979595072631575	8.47484973263158	0.0	0.0	3	1.039038363852277	15.636108459534793	138.0	31	1.05	0.95				
	306	1	82.32711168842106	16.94969946526316	0.0	-100.0	3	1.0419144655318255	14.504301376075603	138.0	32	1.05	0.95				
	307	2	75.66830118421053	15.133660236842106	0.0	0.0	3	0.95	10.445619459722387	138.0	32	1.05	0.95				
	308	1	103.51423602	21.187124331578946	0.0	0.0	3	0.9700839648981002	13.220295412738853	138.0	32	1.05	0.95				
	309	1	105.93562165789474	21.79247074105263	0.0	0.0	3	1.0173646500112368	22.045658376128536	138.0	33	1.05	0.95				
	310	1	118.04254984736842	24.21385637894737	0.0	0.0	3	1.0482255802596088	16.726888596770134	138.0	33	1.05	0.95				
	311	1	0.0	0.0	0.0	0.0	3	1.0042785996009558	20.841889178177674	230.0	33	1.05	0.95				
	312	1	0.0	0.0	0.0	0.0	3	1.0105118243603546	21.854247985564726	230.0	33	1.05	0.95				
	313	2	160.41679851052632	32.68870611157895	0.0	0.0	3	1.0069994193900398	24.222223750498014	230.0	34	1.05	0.95				
	314	2	117.43720343789474	23.608509969473687	0.0	0.0	3	0.9980808358438382	19.44790363655695	230.0	36	1.05	0.95				
	315	2	191.8948118031579	38.74217020631579	0.0	0.0	3	1.04507774628452	18.675465412792676	230.0	36	1.05	0.95				
	316	2	60.53464094736842	12.106928189473685	0.0	0.0	3	1.0313929023690067	18.505987393209637	230.0	36	1.05	0.95				
	317	1	0.0	0.0	0.0	0.0	3	1.0482555938444733	19.469173669963308	230.0	37	1.05	0.95				
	318	2	201.58035435473684	41.16355584421053	0.0	0.0	3	1.05	17.092989357725784	230.0	37	1.05	0.95				
	319	1	109.56770011473684	22.39781715052632	0.0	0.0	3	1.0220156071524553	18.985677690383092	230.0	35	1.05	0.95				
	320	1	77.48434041263158	15.73900664631579	0.0	0.0	3	1.017190049011051	19.854227774709596	230.0	35	1.05	0.95				
	321	2	0.0	0.0	0.0	0.0	3	1.05	18.225496552447613	230.0	37	1.05	0.95				
	322	2	0.0	0.0	0.0	0.0	3	1.05	23.059045081408545	230.0	37	1.05	0.95				
	323	2	0.0	0.0	0.0	0.0	3	1.0144929802744396	20.14084754725085	230.0	35	1.05	0.95				
	324	1	0.0	0.0	0.0	0.0	3	1.0439162505602844	25.776314314672035	230.0	36	1.05	0.95				
	325	1	0.0	0.0	0.0	0.0	3	1.0167481638175324	19.797884109978735	230.0	35	1.05	0.95				
];
