%% MATPOWER Case Format : Version 2
function mpc = RTS_GMLC
mpc.version = '2';

%%-----  Power Flow Data  -----%%
%% system MVA base
mpc.baseMVA = 100.0;
%% bus data
%    bus_i    type    Pd    Qd    Gs    Bs    area    Vm    Va    baseKV    zone    Vmax    Vmin
mpc.bus = [
	101	2	57.71400298105262	11.756556162807016	0.0	0.0	1	1.011845127278312	-5.167706499488012	138.0	11	1.05	0.95				
	102	2	51.835724899649115	10.68777832982456	0.0	0.0	1	1.0095227125367487	-5.466857397314684	138.0	12	1.05	0.95				
	103	1	96.19000496842104	19.772389910175438	0.0	0.0	1	1.0242961066769225	0.2854015890732236	138.0	11	1.05	0.95				
	104	1	39.544779820350875	8.01583374736842	0.0	0.0	1	1.0122104655525193	-5.53991714047744	138.0	11	1.05	0.95				
	105	1	37.94161307087718	7.481444830877193	0.0	0.0	1	1.0241121090212224	-6.783658518584014	138.0	11	1.05	0.95				
	106	1	72.67689264280702	14.962889661754385	0.0	-100.0	1	1.037503878388206	-8.270147210491228	138.0	12	1.05	0.95				
	107	2	66.7986145614035	13.3597229122807	0.0	0.0	1	0.9879954612571515	-13.395960738835127	138.0	12	1.05	0.95				
	108	1	91.38050471999999	18.70361207719298	0.0	0.0	1	0.9931021823629583	-11.744243442875916	138.0	12	1.05	0.95				
	109	1	93.5180603859649	19.238000993684206	0.0	0.0	1	1.0252940779317306	-4.439585177772163	138.0	13	1.05	0.95				
	110	1	104.20583871578945	21.37555665964912	0.0	0.0	1	1.05	-6.680780741713836	138.0	13	1.05	0.95				
	111	1	0.0	0.0	0.0	0.0	1	1.0204771671729616	-1.0053795343986978	230.0	13	1.05	0.95				
	112	1	0.0	0.0	0.0	0.0	1	1.0153846762996452	-1.889535768954019	230.0	13	1.05	0.95				
	113	3	141.6130628701754	28.85700149052631	0.0	0.0	1	1.003771005134416	9.236323851879204e-31	230.0	14	1.05	0.95				
	114	2	103.67144979929823	20.841167743157893	0.0	0.0	1	1.05	2.569126347300403	230.0	16	1.05	0.95				
	115	2	169.40128652771926	34.20089065543859	0.0	0.0	1	1.042674464158943	13.280613384432552	230.0	16	1.05	0.95				
	116	2	53.4388916491228	10.68777832982456	0.0	0.0	1	1.044489095910731	11.053285336889283	230.0	16	1.05	0.95				
	117	1	0.0	0.0	0.0	0.0	1	1.0451950383492874	16.895297077694387	230.0	17	1.05	0.95				
	118	2	177.9515091915789	36.33844632140351	0.0	0.0	1	1.05	18.566573037575694	230.0	17	1.05	0.95				
	119	1	96.72439388491227	19.772389910175438	0.0	0.0	1	1.0414752784541579	6.942259052587277	230.0	15	1.05	0.95				
	120	1	68.40178131087718	13.89411182877193	0.0	0.0	1	1.0459280930441637	4.003630052559025	230.0	15	1.05	0.95				
	121	2	0.0	0.0	0.0	0.0	1	1.05	21.005069151208527	230.0	17	1.05	0.95				
	122	2	0.0	0.0	0.0	0.0	1	1.05	28.00646863177425	230.0	17	1.05	0.95				
	123	2	0.0	0.0	0.0	0.0	1	1.05	2.789639279183429	230.0	15	1.05	0.95				
	124	1	0.0	0.0	0.0	0.0	1	1.0193599812429863	8.445169167510269	230.0	16	1.05	0.95				
	201	2	57.88446404210526	11.7912797122807	0.0	0.0	2	0.9889504954664636	-15.16514719826877	138.0	21	1.05	0.95				
	202	2	51.9888241859649	10.719345192982455	0.0	0.0	2	0.9875669369618861	-15.427891096293157	138.0	22	1.05	0.95				
	203	1	96.47410673684209	19.830788607017542	0.0	0.0	2	0.9830776181134538	-11.122429768188429	138.0	21	1.05	0.95				
	204	1	39.661577214035084	8.03950889473684	0.0	0.0	2	0.9721089446005626	-14.04624366441788	138.0	21	1.05	0.95				
	205	1	38.05367543508771	7.5035416350877195	0.0	0.0	2	0.9874716592207037	-14.555580274010193	138.0	21	1.05	0.95				
	206	1	72.8915473122807	15.007083270175439	0.0	-100.0	2	0.9934769513082525	-14.878575351055371	138.0	22	1.05	0.95				
	207	2	66.99590745614034	13.399181491228068	0.0	0.0	2	0.9538208357511334	-22.287399289043172	138.0	22	1.05	0.95				
	208	1	91.65040139999998	18.758854087719296	0.0	0.0	2	0.95	-19.445417602567787	138.0	22	1.05	0.95				
	209	1	93.79427043859647	19.29482134736842	0.0	0.0	2	0.9780383851270487	-10.499265259294297	138.0	23	1.05	0.95				
	210	1	104.51361563157893	21.43869038596491	0.0	0.0	2	1.0004822961478372	-12.057847911499831	138.0	23	1.05	0.95				
	211	1	0.0	0.0	0.0	0.0	2	0.968115758934323	-6.803484095150897	230.0	23	1.05	0.95				
	212	1	0.0	0.0	0.0	0.0	2	0.9522782502992906	-1.2549479644740609	230.0	23	1.05	0.95				
	213	2	142.03132380701754	28.94223202105263	0.0	0.0	2	0.952225048147766	-3.180848855639315	230.0	24	1.05	0.95				
	214	2	103.9776483719298	20.902723126315788	0.0	0.0	2	0.9912056562334031	-5.444351261519571	230.0	26	1.05	0.95				
	215	2	169.90162130877192	34.301904617543855	0.0	0.0	2	1.0012354088649524	0.28136979943528606	230.0	26	1.05	0.95				
	216	2	53.596725964912274	10.719345192982455	0.0	0.0	2	0.9893360143999331	0.288697744866749	230.0	26	1.05	0.95				
	217	1	0.0	0.0	0.0	0.0	2	1.011116118625001	1.3135032069311028	230.0	27	1.05	0.95				
	218	2	178.47709746315786	36.44577365614035	0.0	0.0	2	1.0103200074706722	0.66120951598571	230.0	27	1.05	0.95				
	219	1	97.01007399649122	19.830788607017542	0.0	0.0	2	0.9671298899311047	2.3467828164568942	230.0	25	1.05	0.95				
	220	1	68.60380923508771	13.935148750877191	0.0	0.0	2	0.9540942232766196	5.385805246040475	230.0	25	1.05	0.95				
	221	2	0.0	0.0	0.0	0.0	2	1.0112588041911155	1.3672194973792688	230.0	27	1.05	0.95				
	222	2	0.0	0.0	0.0	0.0	2	1.0348422048864696	8.030497181300687	230.0	27	1.05	0.95				
	223	2	0.0	0.0	0.0	0.0	2	0.95	7.568803470388618	230.0	25	1.05	0.95				
	224	1	0.0	0.0	0.0	0.0	2	0.9807358498041179	-3.957293044231961	230.0	26	1.05	0.95				
	301	2	54.92249287578947	11.187915215438595	0.0	0.0	3	0.9952436152642609	41.37165896250352	138.0	31	1.05	0.95				
	302	2	49.32853526807017	10.170832014035087	0.0	0.0	3	0.9952473008423103	41.18864702126031	138.0	32	1.05	0.95				
	303	1	91.5374881263158	18.81603922596491	0.0	0.0	3	1.0049150552030413	50.13966564520284	138.0	31	1.05	0.95				
	304	1	37.63207845192982	7.628124010526315	0.0	0.0	3	1.001323307977438	42.97110983623044	138.0	31	1.05	0.95				
	305	1	36.10645364982456	7.119582409824561	0.0	0.0	3	1.015862731934058	41.53913159660544	138.0	31	1.05	0.95				
	306	1	69.16165769543859	14.239164819649123	0.0	-100.0	3	1.0349843191587473	41.04961112157083	138.0	32	1.05	0.95				
	307	2	63.567700087719295	12.71354001754386	0.0	0.0	3	0.9618540244977459	38.4491317499392	138.0	32	1.05	0.95				
	308	1	86.96061372	17.798956024561402	0.0	0.0	3	0.9840460281538906	40.63039751653913	138.0	32	1.05	0.95				
	309	1	88.99478012280701	18.307497625263156	0.0	0.0	3	1.0234835615367526	46.512336569127314	138.0	33	1.05	0.95				
	310	1	99.1656121368421	20.341664028070173	0.0	0.0	3	1.05	43.349838385421435	138.0	33	1.05	0.95				
	311	1	0.0	0.0	0.0	0.0	3	1.0075575410822553	47.62530310050502	230.0	33	1.05	0.95				
	312	1	0.0	0.0	0.0	0.0	3	1.0323014031595936	47.33452204569167	230.0	33	1.05	0.95				
	313	2	134.7635241859649	27.461246437894737	0.0	0.0	3	1.0436875527578884	50.84955504494033	230.0	34	1.05	0.95				
	314	2	98.65707053614034	19.833122427368423	0.0	0.0	3	0.9733275300646866	47.49381819849016	230.0	36	1.05	0.95				
	315	2	161.20768742245613	32.54666244491228	0.0	0.0	3	0.9522766058655292	43.52374943133747	230.0	36	1.05	0.95				
	316	2	50.85416007017544	10.170832014035087	0.0	0.0	3	0.9605261134526762	44.053174998084565	230.0	36	1.05	0.95				
	317	1	0.0	0.0	0.0	0.0	3	0.9596093342862068	45.81978215338047	230.0	37	1.05	0.95				
	318	2	169.3443530336842	34.580828847719296	0.0	0.0	3	0.95	41.43430475016702	230.0	37	1.05	0.95				
	319	1	92.04602972701754	18.81603922596491	0.0	0.0	3	0.9986959995843221	43.79720712598065	230.0	35	1.05	0.95				
	320	1	65.09332488982456	13.222081618245612	0.0	0.0	3	1.03229645307063	43.004677597983815	230.0	35	1.05	0.95				
	321	2	0.0	0.0	0.0	0.0	3	0.9500000051297967	42.85126971069313	230.0	37	1.05	0.95				
	322	2	0.0	0.0	0.0	0.0	3	0.9500000081801103	48.42738820390242	230.0	37	1.05	0.95				
	323	2	0.0	0.0	0.0	0.0	3	1.05	42.25700995738326	230.0	35	1.05	0.95				
	324	1	0.0	0.0	0.0	0.0	3	0.9726571118442554	48.327902728898756	230.0	36	1.05	0.95				
	325	1	0.0	0.0	0.0	0.0	3	1.0490105419805356	40.47507394974471	230.0	35	1.05	0.95				
];
