%% MATPOWER Case Format : Version 2
function mpc = RTS_GMLC
mpc.version = '2';

%%-----  Power Flow Data  -----%%
%% system MVA base
mpc.baseMVA = 100.0;
%% bus data
%    bus_i    type    Pd    Qd    Gs    Bs    area    Vm    Va    baseKV    zone    Vmax    Vmin
mpc.bus = [
	101	2	39.344383970526316	8.014596734736841	0.0	0.0	1	1.0231177847502602	-3.1160699509544254	138.0	11	1.05	0.95				
	102	2	35.33708560315789	7.2859970315789475	0.0	0.0	1	1.0223815870742026	-3.294967800263016	138.0	12	1.05	0.95				
	103	1	65.57397328421052	13.479094508421053	0.0	0.0	1	1.0275787279538007	-1.6894882425773499	138.0	11	1.05	0.95				
	104	1	26.958189016842105	5.46449777368421	0.0	0.0	1	1.021348920392253	-3.7466887569837506	138.0	11	1.05	0.95				
	105	1	25.865289462105263	5.100197922105263	0.0	0.0	1	1.0322428687750858	-4.636886942314837	138.0	11	1.05	0.95				
	106	1	49.54477981473684	10.200395844210526	0.0	-100.0	1	1.045514159920366	-5.916073834822606	138.0	12	1.05	0.95				
	107	2	45.537481447368414	9.107496289473684	0.0	0.0	1	1.0045450798608617	-8.327929204577755	138.0	12	1.05	0.95				
	108	1	62.295274619999994	12.750494805263157	0.0	0.0	1	1.009486291222708	-7.79958256490195	138.0	12	1.05	0.95				
	109	1	63.75247402631579	13.114794656842104	0.0	0.0	1	1.0246945156898315	-3.7411668623875287	138.0	13	1.05	0.95				
	110	1	71.03847105789472	14.571994063157895	0.0	0.0	1	1.05	-5.00144092965285	138.0	13	1.05	0.95				
	111	1	0.0	0.0	0.0	0.0	1	1.0008710217032775	-1.8594524812410154	230.0	13	1.05	0.95				
	112	1	0.0	0.0	0.0	0.0	1	1.0050863827108596	-1.8423435363368783	230.0	13	1.05	0.95				
	113	3	96.53946066842104	19.672191985263158	0.0	0.0	1	0.9940469831642781	-1.0874340353958618e-29	230.0	14	1.05	0.95				
	114	2	70.67417120631578	14.207694211578946	0.0	0.0	1	0.9951528638945694	-0.8055141084895968	230.0	16	1.05	0.95				
	115	2	115.4830529505263	23.31519050105263	0.0	0.0	1	1.0237294485955308	3.4249453633337934	230.0	16	1.05	0.95				
	116	2	36.429985157894734	7.2859970315789475	0.0	0.0	1	1.0199161995618002	2.850745344305031	230.0	16	1.05	0.95				
	117	1	0.0	0.0	0.0	0.0	1	1.0289268038856199	5.475545491740219	230.0	17	1.05	0.95				
	118	2	121.31185057578946	24.77238990736842	0.0	0.0	1	1.0310620208789536	5.884169462462594	230.0	17	1.05	0.95				
	119	1	65.93827313578947	13.479094508421053	0.0	0.0	1	1.0125862130347811	1.6083166771294328	230.0	15	1.05	0.95				
	120	1	46.63038100210526	9.47179614105263	0.0	0.0	1	1.0077315054699922	0.7904332203696324	230.0	15	1.05	0.95				
	121	2	0.0	0.0	0.0	0.0	1	1.03280208208151	6.708697463081478	230.0	17	1.05	0.95				
	122	2	0.0	0.0	0.0	0.0	1	1.0499999985904274	12.8774934125873	230.0	17	1.05	0.95				
	123	2	0.0	0.0	0.0	0.0	1	1.0053274416364077	0.6315648832819656	230.0	15	1.05	0.95				
	124	1	0.0	0.0	0.0	0.0	1	1.0178404902425078	1.4832466599694745	230.0	16	1.05	0.95				
	201	2	37.85864945684211	7.711947111578947	0.0	0.0	2	1.01693885661212	-7.0145209127762245	138.0	21	1.05	0.95				
	202	2	34.00267590105263	7.010861010526316	0.0	0.0	2	1.0161054116208044	-7.222899012535022	138.0	22	1.05	0.95				
	203	1	63.09774909473684	12.970092869473685	0.0	0.0	2	1.0152815725569455	-5.646415112584417	138.0	21	1.05	0.95				
	204	1	25.94018573894737	5.258145757894737	0.0	0.0	2	1.0148016904070256	-6.799364391216714	138.0	21	1.05	0.95				
	205	1	24.88855658736842	4.907602707368421	0.0	0.0	2	1.0293258352664143	-6.991281605292173	138.0	21	1.05	0.95				
	206	1	47.67385487157895	9.815205414736843	0.0	-100.0	2	1.0446994748715401	-7.4379959900640955	138.0	22	1.05	0.95				
	207	2	43.81788131578948	8.763576263157894	0.0	0.0	2	1.00033777944407	-11.619308831878298	138.0	22	1.05	0.95				
	208	1	59.942861640000004	12.269006768421052	0.0	0.0	2	1.0062905213754934	-10.076541283050846	138.0	22	1.05	0.95				
	209	1	61.345033842105266	12.619549818947368	0.0	0.0	2	1.023280517645925	-4.996960864633275	138.0	23	1.05	0.95				
	210	1	68.35589485263158	14.021722021052632	0.0	0.0	2	1.05	-5.8379509501476745	138.0	23	1.05	0.95				
	211	1	0.0	0.0	0.0	0.0	2	0.9989070126421697	-3.246251773938427	230.0	23	1.05	0.95				
	212	1	0.0	0.0	0.0	0.0	2	1.0059441873994885	0.9100552895289289	230.0	23	1.05	0.95				
	213	2	92.89390838947368	18.929324728421054	0.0	0.0	2	0.9903172870573136	-1.4422701274708434	230.0	24	1.05	0.95				
	214	2	68.00535180210527	13.671178970526315	0.0	0.0	2	0.9924783576814122	-2.4800517172963716	230.0	26	1.05	0.95				
	215	2	111.1221470168421	22.43475523368421	0.0	0.0	2	1.0115522282480136	1.5149880375220885	230.0	26	1.05	0.95				
	216	2	35.05430505263158	7.010861010526316	0.0	0.0	2	1.0086930112572754	0.7629466848447807	230.0	26	1.05	0.95				
	217	1	0.0	0.0	0.0	0.0	2	1.0150960657889367	1.850081030463866	230.0	27	1.05	0.95				
	218	2	116.73083582526316	23.836927435789477	0.0	0.0	2	1.0152273053840881	1.7295470355666351	230.0	27	1.05	0.95				
	219	1	63.44829214526316	12.970092869473685	0.0	0.0	2	1.0054967672260633	0.48054190208385	230.0	25	1.05	0.95				
	220	1	44.86951046736842	9.11411931368421	0.0	0.0	2	1.0047823978923358	0.9500191511466586	230.0	25	1.05	0.95				
	221	2	0.0	0.0	0.0	0.0	2	1.0175270808979568	2.4581452577438374	230.0	27	1.05	0.95				
	222	2	0.0	0.0	0.0	0.0	2	1.0392924768116472	8.846340872419322	230.0	27	1.05	0.95				
	223	2	0.0	0.0	0.0	0.0	2	1.004745101728874	1.4924750322390485	230.0	25	1.05	0.95				
	224	1	0.0	0.0	0.0	0.0	2	1.0038596406961051	-1.2052448730714125	230.0	26	1.05	0.95				
	301	2	49.490034783157896	10.081303381754385	0.0	0.0	3	1.0009258247028823	9.185044011489454	138.0	31	1.05	0.95				
	302	2	44.4493830922807	9.16482125614035	0.0	0.0	3	1.0008217133688124	9.156179210606322	138.0	32	1.05	0.95				
	303	1	82.48339130526315	16.954919323859645	0.0	0.0	3	1.0144624420907449	11.26351237519954	138.0	31	1.05	0.95				
	304	1	33.90983864771929	6.873615942105261	0.0	0.0	3	1.0056437269652785	10.602358037144809	138.0	31	1.05	0.95				
	305	1	32.53511545929824	6.415374879298246	0.0	0.0	3	1.0188087956101186	10.726861921464579	138.0	31	1.05	0.95				
	306	1	62.32078454175438	12.830749758596491	0.0	-100.0	3	1.0375963960021866	11.03966407958976	138.0	32	1.05	0.95				
	307	2	57.28013285087719	11.456026570175437	0.0	0.0	3	0.9910223714186192	8.549376346395254	138.0	32	1.05	0.95				
	308	1	78.35922173999998	16.03843719824561	0.0	0.0	3	1.0043580640503813	10.508712684450357	138.0	32	1.05	0.95				
	309	1	80.19218599122806	16.49667826105263	0.0	0.0	3	1.0242836237956292	13.666311826893942	138.0	33	1.05	0.95				
	310	1	89.3570072473684	18.3296425122807	0.0	0.0	3	1.05	13.732661801453435	138.0	33	1.05	0.95				
	311	1	0.0	0.0	0.0	0.0	3	1.0050437219891466	18.144004081871394	230.0	33	1.05	0.95				
	312	1	0.0	0.0	0.0	0.0	3	1.0123371165899557	18.829789737588193	230.0	33	1.05	0.95				
	313	2	121.43388164385962	24.745017391578948	0.0	0.0	3	1.0138806923023587	24.044708737401574	230.0	34	1.05	0.95				
	314	2	88.8987661845614	17.87140144947368	0.0	0.0	3	0.999739029963533	17.496752697709898	230.0	36	1.05	0.95				
	315	2	145.26241690982454	29.327428019649123	0.0	0.0	3	1.0183583456933285	11.957290072530762	230.0	36	1.05	0.95				
	316	2	45.82410628070175	9.16482125614035	0.0	0.0	3	1.0189080934920003	12.900058430486109	230.0	36	1.05	0.95				
	317	1	0.0	0.0	0.0	0.0	3	1.023215951424674	12.001270700891467	230.0	37	1.05	0.95				
	318	2	152.59427391473685	31.16039227087719	0.0	0.0	3	1.0212755545125192	10.678508713650267	230.0	37	1.05	0.95				
	319	1	82.94163236807016	16.954919323859645	0.0	0.0	3	1.0201293316209772	15.107735343858904	230.0	35	1.05	0.95				
	320	1	58.654856039298245	11.914267632982455	0.0	0.0	3	1.0213280921273498	16.261924016602247	230.0	35	1.05	0.95				
	321	2	0.0	0.0	0.0	0.0	3	1.0223688490819305	11.689397917792395	230.0	37	1.05	0.95				
	322	2	0.0	0.0	0.0	0.0	3	1.0363280850146435	16.233374365374182	230.0	37	1.05	0.95				
	323	2	0.0	0.0	0.0	0.0	3	1.0209567007897833	16.440624642500904	230.0	35	1.05	0.95				
	324	1	0.0	0.0	0.0	0.0	3	1.015312354455926	13.847631820994815	230.0	36	1.05	0.95				
	325	1	0.0	0.0	0.0	0.0	3	1.0233222186550952	15.618364154315104	230.0	35	1.05	0.95				
];
