%% MATPOWER Case Format : Version 2
function mpc = RTS_GMLC
mpc.version = '2';

%%-----  Power Flow Data  -----%%
%% system MVA base
mpc.baseMVA = 100.0;
%% bus data
%    bus_i    type    Pd    Qd    Gs    Bs    area    Vm    Va    baseKV    zone    Vmax    Vmin
mpc.bus = [
	101	2	72.35625925894736	14.73923799719298	0.0	0.0	1	1.0314484219721525	-0.08604332536838342	138.0	11	1.05	0.95				
	102	2	64.98664026035087	13.39930727017544	0.0	0.0	1	1.031474784854461	-0.13966611796128472	138.0	12	1.05	0.95				
	103	1	120.59376543157893	24.78871844982456	0.0	0.0	1	1.022182355172162	-1.0183989359611412	138.0	11	1.05	0.95				
	104	1	49.57743689964912	10.049480452631578	0.0	0.0	1	1.0169307354167008	-3.2194045762200205	138.0	11	1.05	0.95				
	105	1	47.567540809122804	9.379515089122807	0.0	0.0	1	1.0316775107951073	-3.2014542856193735	138.0	11	1.05	0.95				
	106	1	91.11528943719298	18.759030178245613	0.0	-100.0	1	1.038142462366289	-5.556580017601551	138.0	12	1.05	0.95				
	107	2	83.74567043859649	16.7491340877193	0.0	0.0	1	1.0483906869316781	-2.178202398583321	138.0	12	1.05	0.95				
	108	1	114.56407715999998	23.448787722807015	0.0	0.0	1	1.026954498599817	-4.855895238995756	138.0	12	1.05	0.95				
	109	1	117.24393861403509	24.118753086315785	0.0	0.0	1	1.0264187290710765	-3.023766755724741	138.0	13	1.05	0.95				
	110	1	130.64324588421053	26.79861454035088	0.0	0.0	1	1.05	-4.240166615500538	138.0	13	1.05	0.95				
	111	1	0.0	0.0	0.0	0.0	1	1.0110027184566162	-0.7060677331553562	230.0	13	1.05	0.95				
	112	1	0.0	0.0	0.0	0.0	1	1.0144383839616617	0.05798941027192793	230.0	13	1.05	0.95				
	113	3	177.54082132982455	36.17812962947368	0.0	0.0	1	1.0088980251207351	7.818590751915655e-28	230.0	14	1.05	0.95				
	114	2	129.97328052070173	26.128649176842107	0.0	0.0	1	1.0116939309145234	1.6768339946473656	230.0	16	1.05	0.95				
	115	2	212.3790202322807	42.8777832645614	0.0	0.0	1	1.0440244430379786	9.383109592914	230.0	16	1.05	0.95				
	116	2	66.9965363508772	13.39930727017544	0.0	0.0	1	1.041949356654009	9.032950303114307	230.0	16	1.05	0.95				
	117	1	0.0	0.0	0.0	0.0	1	1.0466755773635414	11.860033249390147	230.0	17	1.05	0.95				
	118	2	223.09846604842102	45.55764471859649	0.0	0.0	1	1.0490057851217198	12.4112797224335	230.0	17	1.05	0.95				
	119	1	121.26373079508772	24.78871844982456	0.0	0.0	1	1.0366066574631942	7.820809113257558	230.0	15	1.05	0.95				
	120	1	85.7555665291228	17.41909945122807	0.0	0.0	1	1.0377549305357963	8.03613223593974	230.0	15	1.05	0.95				
	121	2	0.0	0.0	0.0	0.0	1	1.05	12.870318041943323	230.0	17	1.05	0.95				
	122	2	0.0	0.0	0.0	0.0	1	1.05	19.193479497849246	230.0	17	1.05	0.95				
	123	2	0.0	0.0	0.0	0.0	1	1.0400887819550149	8.651880454061553	230.0	15	1.05	0.95				
	124	1	0.0	0.0	0.0	0.0	1	1.0228318930451026	5.53044202347409	230.0	16	1.05	0.95				
	201	2	82.34723751157897	16.774437270877197	0.0	0.0	2	1.0417666762918851	-11.016996667822637	138.0	21	1.05	0.95				
	202	2	73.96001887614035	15.24948842807018	0.0	0.0	2	1.041790980426452	-11.17791343315614	138.0	22	1.05	0.95				
	203	1	137.2453958526316	28.211553591929828	0.0	0.0	2	1.0258079647512943	-7.40619125984262	138.0	21	1.05	0.95				
	204	1	56.423107183859656	11.437116321052631	0.0	0.0	2	1.01931058144527	-12.924253795997902	138.0	21	1.05	0.95				
	205	1	54.135683919649125	10.674641899649124	0.0	0.0	2	1.0361163123774786	-13.358743398200486	138.0	21	1.05	0.95				
	206	1	103.69652131087722	21.34928379929825	0.0	-100.0	2	1.0384479287997386	-15.40311977719616	138.0	22	1.05	0.95				
	207	2	95.3093026754386	19.06186053508772	0.0	0.0	2	0.9556494473435486	-26.894009275030818	138.0	22	1.05	0.95				
	208	1	130.38312606000002	26.686604749122804	0.0	0.0	2	0.9611650508656999	-23.06788007076294	138.0	22	1.05	0.95				
	209	1	133.43302374561407	27.449079170526318	0.0	0.0	2	1.0250542842350971	-11.281205519030776	138.0	23	1.05	0.95				
	210	1	148.68251217368422	30.49897685614036	0.0	0.0	2	1.05	-13.354097287602563	138.0	23	1.05	0.95				
	211	1	0.0	0.0	0.0	0.0	2	1.0294467815271178	-6.369201877749016	230.0	23	1.05	0.95				
	212	1	0.0	0.0	0.0	0.0	2	1.0220820952537968	-5.235932686008222	230.0	23	1.05	0.95				
	213	2	202.05572167192983	41.173618755789484	0.0	0.0	2	1.0428942701309998	-2.765976162643434	230.0	24	1.05	0.95				
	214	2	147.9200377522807	29.736502434736845	0.0	0.0	2	1.0471768182309709	-3.8003114289869546	230.0	26	1.05	0.95				
	215	2	241.7043915849123	48.79836296982457	0.0	0.0	2	1.043966439382592	4.668051020386814	230.0	26	1.05	0.95				
	216	2	76.24744214035088	15.24948842807018	0.0	0.0	2	1.0485490657665724	4.548641038751806	230.0	26	1.05	0.95				
	217	1	0.0	0.0	0.0	0.0	2	1.0488430333635175	7.892116136673655	230.0	27	1.05	0.95				
	218	2	253.90398232736845	51.84826065543861	0.0	0.0	2	1.05	8.616997911622047	230.0	27	1.05	0.95				
	219	1	138.00787027403513	28.211553591929828	0.0	0.0	2	1.043759160128266	3.832723659671469	230.0	25	1.05	0.95				
	220	1	97.59672593964913	19.824334956491228	0.0	0.0	2	1.046298626491189	4.634591775645759	230.0	25	1.05	0.95				
	221	2	0.0	0.0	0.0	0.0	2	1.05	9.02382834126265	230.0	27	1.05	0.95				
	222	2	0.0	0.0	0.0	0.0	2	1.05	15.091663784052583	230.0	27	1.05	0.95				
	223	2	0.0	0.0	0.0	0.0	2	1.05	5.628192433469941	230.0	25	1.05	0.95				
	224	1	0.0	0.0	0.0	0.0	2	1.0219900679003378	0.17558403688621846	230.0	26	1.05	0.95				
	301	2	78.01898134736844	15.892755459649125	0.0	0.0	3	1.0170015826939807	-20.4510847155574	138.0	31	1.05	0.95				
	302	2	70.07260361754386	14.447959508771932	0.0	0.0	3	1.0153178806870509	-20.88387147708271	138.0	32	1.05	0.95				
	303	1	130.03163557894737	26.72872509122807	0.0	0.0	3	1.0296091522136064	-12.204080411484393	138.0	31	1.05	0.95				
	304	1	53.45745018245614	10.835969631578948	0.0	0.0	3	1.0088263285880097	-19.567696209010602	138.0	31	1.05	0.95				
	305	1	51.29025625614035	10.113571656140351	0.0	0.0	3	1.0239218621144555	-20.504033803643864	138.0	31	1.05	0.95				
	306	1	98.24612465964914	20.227143312280703	0.0	-100.0	3	1.033513961255038	-21.33530035217167	138.0	32	1.05	0.95				
	307	2	90.29974692982456	18.059949385964913	0.0	0.0	3	1.009430646829134	-22.762272660561344	138.0	32	1.05	0.95				
	308	1	123.53005379999999	25.283929140350875	0.0	0.0	3	1.0015870664515059	-22.55951882611858	138.0	32	1.05	0.95				
	309	1	126.41964570175439	26.006327115789475	0.0	0.0	3	1.0284853764415094	-15.5450335742965	138.0	33	1.05	0.95				
	310	1	140.86760521052634	28.895919017543864	0.0	0.0	3	1.05	-18.245891571438964	138.0	33	1.05	0.95				
	311	1	0.0	0.0	0.0	0.0	3	1.0227036133375589	-10.90571408949836	230.0	33	1.05	0.95				
	312	1	0.0	0.0	0.0	0.0	3	1.019761693434875	-9.770907139393467	230.0	33	1.05	0.95				
	313	2	191.43546349122806	39.00949067368422	0.0	0.0	3	1.0339275179603091	-6.5862338751186895	230.0	34	1.05	0.95				
	314	2	140.14520723508772	28.173521042105264	0.0	0.0	3	1.0347470923943964	-8.806312609967248	230.0	36	1.05	0.95				
	315	2	229.00015821403508	46.23347042807018	0.0	0.0	3	1.0489281686116174	-1.5514136939363006	230.0	36	1.05	0.95				
	316	2	72.23979754385965	14.447959508771932	0.0	0.0	3	1.0485804370361056	-1.4409066788849663	230.0	36	1.05	0.95				
	317	1	0.0	0.0	0.0	0.0	3	1.0489228344607053	0.5606361049640326	230.0	37	1.05	0.95				
	318	2	240.55852582105265	49.12306232982457	0.0	0.0	3	1.0482001876938178	0.7142609017315292	230.0	37	1.05	0.95				
	319	1	130.75403355438598	26.72872509122807	0.0	0.0	3	1.044168942017714	-1.9959484510324887	230.0	35	1.05	0.95				
	320	1	92.46694085614035	18.78234736140351	0.0	0.0	3	1.0465505730157976	-1.1288100730201893	230.0	35	1.05	0.95				
	321	2	0.0	0.0	0.0	0.0	3	1.05	1.8800539457667789	230.0	37	1.05	0.95				
	322	2	0.0	0.0	0.0	0.0	3	1.05	7.137944095200605	230.0	37	1.05	0.95				
	323	2	0.0	0.0	0.0	0.0	3	1.05	-0.12797833826834687	230.0	35	1.05	0.95				
	324	1	0.0	0.0	0.0	0.0	3	1.0283044611956906	-5.508078265304905	230.0	36	1.05	0.95				
	325	1	0.0	0.0	0.0	0.0	3	1.0465617884982237	0.9423946335882845	230.0	35	1.05	0.95				
];
