%% MATPOWER Case Format : Version 2
function mpc = RTS_GMLC
mpc.version = '2';

%%-----  Power Flow Data  -----%%
%% system MVA base
mpc.baseMVA = 100.0;
%% bus data
%    bus_i    type    Pd    Qd    Gs    Bs    area    Vm    Va    baseKV    zone    Vmax    Vmin
mpc.bus = [
	101	2	38.20880751157895	7.783275604210525	0.0	0.0	1	1.0154950765287776	-2.863081465930878	138.0	11	1.05	0.95				
	102	2	34.31716970947368	7.0757050947368425	0.0	0.0	1	1.0153277277490937	-3.070855408010434	138.0	12	1.05	0.95				
	103	1	63.68134585263158	13.090054425263157	0.0	0.0	1	1.0066186977699962	0.9421669204363708	138.0	11	1.05	0.95				
	104	1	26.180108850526313	5.306778821052631	0.0	0.0	1	1.0072189435037144	-3.2312245041678334	138.0	11	1.05	0.95				
	105	1	25.118753086315788	4.952993566315789	0.0	0.0	1	1.0206785952284791	-4.208574180728579	138.0	11	1.05	0.95				
	106	1	48.11479464421053	9.905987132631578	0.0	-100.0	1	1.031806053588184	-5.402575071412136	138.0	12	1.05	0.95				
	107	2	44.22315684210526	8.844631368421052	0.0	0.0	1	0.9855900187886707	-10.523905718742798	138.0	12	1.05	0.95				
	108	1	60.49727855999999	12.382483915789471	0.0	0.0	1	0.9900492082354858	-8.712986076809068	138.0	12	1.05	0.95				
	109	1	61.912419578947365	12.736269170526315	0.0	0.0	1	1.0057634410663403	-2.7574523888245697	138.0	13	1.05	0.95				
	110	1	68.9881246736842	14.151410189473685	0.0	0.0	1	1.0341058312013593	-4.409310027441267	138.0	13	1.05	0.95				
	111	1	0.0	0.0	0.0	0.0	1	0.9840878307572519	-0.3268454281603618	230.0	13	1.05	0.95				
	112	1	0.0	0.0	0.0	0.0	1	0.9848835838196351	-1.212930492795181	230.0	13	1.05	0.95				
	113	3	93.75309250526314	19.104403755789473	0.0	0.0	1	0.962855644710841	1.1173838497310071e-27	230.0	14	1.05	0.95				
	114	2	68.63433941894736	13.797624934736842	0.0	0.0	1	0.9938461990843764	2.7875676675193035	230.0	16	1.05	0.95				
	115	2	112.14992575157893	22.642256303157893	0.0	0.0	1	0.9974176321822186	10.988006549983368	230.0	16	1.05	0.95				
	116	2	35.378525473684206	7.0757050947368425	0.0	0.0	1	0.9961911457662823	9.583497919256308	230.0	16	1.05	0.95				
	117	1	0.0	0.0	0.0	0.0	1	0.9979955799532705	15.102417574029516	230.0	17	1.05	0.95				
	118	2	117.81048982736841	24.057397322105263	0.0	0.0	1	1.0068366078704216	15.356657691187735	230.0	17	1.05	0.95				
	119	1	64.03513110736841	13.090054425263157	0.0	0.0	1	0.9941418172081464	5.960726741602779	230.0	15	1.05	0.95				
	120	1	45.284512606315786	9.198416623157895	0.0	0.0	1	0.997080235797478	3.3485695428174598	230.0	15	1.05	0.95				
	121	2	0.0	0.0	0.0	0.0	1	1.0050100333731637	16.402633502369042	230.0	17	1.05	0.95				
	122	2	0.0	0.0	0.0	0.0	1	1.0133074188670192	35.628854042750845	230.0	17	1.05	0.95				
	123	2	0.0	0.0	0.0	0.0	1	0.9994686289763935	2.2060830435428143	230.0	15	1.05	0.95				
	124	1	0.0	0.0	0.0	0.0	1	0.988829009465114	7.150768016872084	230.0	16	1.05	0.95				
	201	2	36.821659058526315	7.500708326736842	0.0	0.0	2	1.013461913865846	-15.313133943183605	138.0	21	1.05	0.95				
	202	2	33.071304895157894	6.818825751578948	0.0	0.0	2	1.012283022121333	-15.58361101200732	138.0	22	1.05	0.95				
	203	1	61.369431764210525	12.614827640421053	0.0	0.0	2	0.9986900429617949	-11.184000368606323	138.0	21	1.05	0.95				
	204	1	25.229655280842106	5.11411931368421	0.0	0.0	2	1.0029869871143664	-15.244138157815861	138.0	21	1.05	0.95				
	205	1	24.206831418105264	4.773178026105264	0.0	0.0	2	1.0199930814119695	-15.683489563237762	138.0	21	1.05	0.95				
	206	1	46.36801511073684	9.546356052210529	0.0	-100.0	2	1.0318304248246741	-16.35558873120801	138.0	22	1.05	0.95				
	207	2	42.61766094736842	8.523532189473684	0.0	0.0	2	0.9744290926891898	-20.375054613698637	138.0	22	1.05	0.95				
	208	1	58.300960176	11.932945065263159	0.0	0.0	2	0.9841571321391221	-18.8581025607763	138.0	22	1.05	0.95				
	209	1	59.66472532631579	12.273886352842105	0.0	0.0	2	1.00471340071075	-13.502660361739448	138.0	23	1.05	0.95				
	210	1	66.48355107789473	13.637651503157896	0.0	0.0	2	1.034320723859989	-14.932481927994337	138.0	23	1.05	0.95				
	211	1	0.0	0.0	0.0	0.0	2	0.984634823173409	-10.92657145880002	230.0	23	1.05	0.95				
	212	1	0.0	0.0	0.0	0.0	2	0.9848270636746099	-10.418800670853825	230.0	23	1.05	0.95				
	213	2	90.34944120842106	18.410829529263157	0.0	0.0	2	0.9802683200507205	-9.856677038120342	230.0	24	1.05	0.95				
	214	2	66.14260979031579	13.296710215578948	0.0	0.0	2	0.9803392896976374	-8.403101613826143	230.0	26	1.05	0.95				
	215	2	108.07838816252631	21.820242405052632	0.0	0.0	2	0.9907786695990661	-1.5978201910222851	230.0	26	1.05	0.95				
	216	2	34.09412875789474	6.818825751578948	0.0	0.0	2	0.9887271323252985	-2.6137670210271065	230.0	26	1.05	0.95				
	217	1	0.0	0.0	0.0	0.0	2	0.9991595667382289	-0.6058498035009777	230.0	27	1.05	0.95				
	218	2	113.53344876378948	23.18400755536842	0.0	0.0	2	1.0003829679318457	-0.9352769767822154	230.0	27	1.05	0.95				
	219	1	61.71037305178948	12.614827640421053	0.0	0.0	2	0.9840434839896625	-3.0899574142177566	230.0	25	1.05	0.95				
	220	1	43.640484810105264	8.864473477052632	0.0	0.0	2	0.9820718323157314	-2.7793401826188853	230.0	25	1.05	0.95				
	221	2	0.0	0.0	0.0	0.0	2	1.002260563326099	-0.3861939236287664	230.0	27	1.05	0.95				
	222	2	0.0	0.0	0.0	0.0	2	1.0206996350800164	5.923528469322936	230.0	27	1.05	0.95				
	223	2	0.0	0.0	0.0	0.0	2	0.9813243343591147	-2.318493594681685	230.0	25	1.05	0.95				
	224	1	0.0	0.0	0.0	0.0	2	0.9823142699363455	-5.255359440663819	230.0	26	1.05	0.95				
	301	2	42.12717495157895	8.581461564210526	0.0	0.0	3	1.0133644719908708	10.176149708751241	138.0	31	1.05	0.95				
	302	2	37.83644416947368	7.801328694736842	0.0	0.0	3	1.0136831068457015	10.080677824216025	138.0	32	1.05	0.95				
	303	1	70.21195825263158	14.432458085263159	0.0	0.0	3	1.0015655805314165	14.52732993387703	138.0	31	1.05	0.95				
	304	1	28.864916170526318	5.850996521052632	0.0	0.0	3	1.0052706661601742	11.307828951910132	138.0	31	1.05	0.95				
	305	1	27.694716866315787	5.4609300863157895	0.0	0.0	3	1.0218160471517017	11.104064175880684	138.0	31	1.05	0.95				
	306	1	53.04903512421053	10.921860172631579	0.0	-100.0	3	1.035396175827216	11.13623114012125	138.0	32	1.05	0.95				
	307	2	48.75830434210526	9.751660868421052	0.0	0.0	3	0.9679840070470583	7.795765410749055	138.0	32	1.05	0.95				
	308	1	66.70136034	13.652325215789475	0.0	0.0	3	0.9837531669555395	9.474236073301647	138.0	32	1.05	0.95				
	309	1	68.26162607894737	14.042391650526314	0.0	0.0	3	1.0102231186658608	13.969177175050831	138.0	33	1.05	0.95				
	310	1	76.06295477368421	15.602657389473684	0.0	0.0	3	1.04034828376297	13.316014223091972	138.0	33	1.05	0.95				
	311	1	0.0	0.0	0.0	0.0	3	0.987022144171056	17.78089306857852	230.0	33	1.05	0.95				
	312	1	0.0	0.0	0.0	0.0	3	0.9968867109793862	17.65233547462014	230.0	33	1.05	0.95				
	313	2	103.36760520526316	21.063587475789475	0.0	0.0	3	0.9938830150501602	20.318010305413377	230.0	34	1.05	0.95				
	314	2	75.67288833894736	15.212590954736843	0.0	0.0	3	0.9725126860198594	19.895570945211873	230.0	36	1.05	0.95				
	315	2	123.65105981157893	24.964251823157895	0.0	0.0	3	0.9801122353623767	20.287687033646407	230.0	36	1.05	0.95				
	316	2	39.00664347368421	7.801328694736842	0.0	0.0	3	0.9675825126485302	21.10060913903814	230.0	36	1.05	0.95				
	317	1	0.0	0.0	0.0	0.0	3	0.9882744988925988	24.488053684277784	230.0	37	1.05	0.95				
	318	2	129.89212276736845	26.524517562105267	0.0	0.0	3	0.9856686347688821	20.84462871422887	230.0	37	1.05	0.95				
	319	1	70.60202468736843	14.432458085263159	0.0	0.0	3	0.9792249584753387	20.783916632606367	230.0	35	1.05	0.95				
	320	1	49.92850364631579	10.141727303157895	0.0	0.0	3	0.9892400090639423	20.015613452217604	230.0	35	1.05	0.95				
	321	2	0.0	0.0	0.0	0.0	3	0.9916102330037168	21.31432356622719	230.0	37	1.05	0.95				
	322	2	0.0	0.0	0.0	0.0	3	1.0099539938421973	26.8306094349203	230.0	37	1.05	0.95				
	323	2	0.0	0.0	0.0	0.0	3	0.9943324717699461	19.533953234642006	230.0	35	1.05	0.95				
	324	1	0.0	0.0	0.0	0.0	3	0.9827079518104316	19.591871394596485	230.0	36	1.05	0.95				
