%% MATPOWER Case Format : Version 2
function mpc = RTS_GMLC
mpc.version = '2';

%%-----  Power Flow Data  -----%%
%% system MVA base
mpc.baseMVA = 100.0;
%% bus data
%    bus_i    type    Pd    Qd    Gs    Bs    area    Vm    Va    baseKV    zone    Vmax    Vmin
mpc.bus = [
	101	2	46.50519543157895	9.473280550877194	0.0	0.0	1	0.9918058871848539	-4.46763424183721	138.0	11	1.05	0.95				
	102	2	41.768555156140344	8.612073228070177	0.0	0.0	1	0.9914515820578318	-4.700108907686149	138.0	12	1.05	0.95				
	103	1	77.50865905263157	15.932335471929823	0.0	0.0	1	1.016072279012531	1.1297453069607983	138.0	11	1.05	0.95				
	104	1	31.864670943859647	6.459054921052632	0.0	0.0	1	1.0048122178582104	-4.549823672807245	138.0	11	1.05	0.95				
	105	1	30.57285995964912	6.028451259649123	0.0	0.0	1	1.0153707493071622	-5.607201079186748	138.0	11	1.05	0.95				
	106	1	58.56209795087719	12.056902519298246	0.0	-100.0	1	1.0361923148144723	-6.735675848145361	138.0	12	1.05	0.95				
	107	2	53.82545767543859	10.765091535087718	0.0	0.0	1	0.9893069570788737	-11.901532949974378	138.0	12	1.05	0.95				
	108	1	73.63322609999999	15.071128149122806	0.0	0.0	1	0.9970863143586957	-10.013224589796367	138.0	12	1.05	0.95				
	109	1	75.35564074561402	15.501731810526314	0.0	0.0	1	1.0249740183737184	-3.290745240769406	138.0	13	1.05	0.95				
	110	1	83.96771397368421	17.224146456140353	0.0	0.0	1	1.05	-5.324112033773235	138.0	13	1.05	0.95				
	111	1	0.0	0.0	0.0	0.0	1	1.0216439688025531	0.01256897669032316	230.0	13	1.05	0.95				
	112	1	0.0	0.0	0.0	0.0	1	1.0171882938025454	-1.2861665637975594	230.0	13	1.05	0.95				
	113	3	114.10997027192981	23.252597715789474	0.0	0.0	1	1.0075309394869862	2.1318951309569675e-29	230.0	14	1.05	0.95				
	114	2	83.53711031228069	16.793542794736844	0.0	0.0	1	1.05	4.204592615166584	230.0	16	1.05	0.95				
	115	2	136.50136066491228	27.55863432982456	0.0	0.0	1	1.0349913556354196	15.228533079974689	230.0	16	1.05	0.95				
	116	2	43.06036614035087	8.612073228070177	0.0	0.0	1	1.0367878572813085	13.014060657384896	230.0	16	1.05	0.95				
	117	1	0.0	0.0	0.0	0.0	1	1.0352482124729987	19.863091387979456	230.0	17	1.05	0.95				
	118	2	143.3910192473684	29.281048975438594	0.0	0.0	1	1.0448987573019257	20.796015976742062	230.0	17	1.05	0.95				
	119	1	77.93926271403508	15.932335471929823	0.0	0.0	1	1.0349788306908954	8.089784879244206	230.0	15	1.05	0.95				
	120	1	55.11726865964912	11.195695196491227	0.0	0.0	1	1.041736934973935	4.645602944021469	230.0	15	1.05	0.95				
	121	2	0.0	0.0	0.0	0.0	1	1.0402075071894454	22.745956422676937	230.0	17	1.05	0.95				
	122	2	0.0	0.0	0.0	0.0	1	1.05	40.732120874454004	230.0	17	1.05	0.95				
	123	2	0.0	0.0	0.0	0.0	1	1.046989941445137	3.0891516843522617	230.0	15	1.05	0.95				
	124	1	0.0	0.0	0.0	0.0	1	1.0100009281096263	9.984484503396384	230.0	16	1.05	0.95				
	201	2	42.85660316210527	8.730048792280703	0.0	0.0	2	1.0063766095398208	-16.155107834331368	138.0	21	1.05	0.95				
	202	2	38.49157876596492	7.936407992982458	0.0	0.0	2	1.0055091797035773	-16.445608986155033	138.0	22	1.05	0.95				
	203	1	71.42767193684212	14.682354787017546	0.0	0.0	2	1.0139891902364118	-12.15820012793921	138.0	21	1.05	0.95				
	204	1	29.364709574035093	5.952305994736842	0.0	0.0	2	1.009193216329517	-16.109018498385385	138.0	21	1.05	0.95				
	205	1	28.174248375087725	5.55548559508772	0.0	0.0	2	1.0233199957847028	-16.55030571445377	138.0	21	1.05	0.95				
	206	1	53.967574352280714	11.11097119017544	0.0	-100.0	2	1.0407519237229022	-17.27573285356157	138.0	22	1.05	0.95				
	207	2	49.60254995614036	9.920509991228071	0.0	0.0	2	0.9892123375161411	-21.947670263752006	138.0	22	1.05	0.95				
	208	1	67.85628834	13.888713987719298	0.0	0.0	2	0.9980755004442744	-20.19712010870569	138.0	22	1.05	0.95				
	209	1	69.44356993859651	14.285534387368424	0.0	0.0	2	1.0235362789432163	-14.185755310031059	138.0	23	1.05	0.95				
	210	1	77.37997793157896	15.872815985964916	0.0	0.0	2	1.05	-15.660814408862237	138.0	23	1.05	0.95				
	211	1	0.0	0.0	0.0	0.0	2	1.0069443551237163	-11.316599989525457	230.0	23	1.05	0.95				
	212	1	0.0	0.0	0.0	0.0	2	1.0143539334886504	-10.244160926683161	230.0	23	1.05	0.95				
	213	2	105.15740590701755	21.428301581052636	0.0	0.0	2	1.005809407282093	-9.937708740642499	230.0	24	1.05	0.95				
	214	2	76.98315753192983	15.475995586315792	0.0	0.0	2	1.0063369519327612	-8.810977726168884	230.0	26	1.05	0.95				
	215	2	125.79206668877194	25.396505577543866	0.0	0.0	2	1.0303339346962679	-2.103326434632192	230.0	26	1.05	0.95				
	216	2	39.682039964912285	7.936407992982458	0.0	0.0	2	1.032259833136786	-2.962317074308628	230.0	26	1.05	0.95				
	217	1	0.0	0.0	0.0	0.0	2	1.0376956184522443	-0.7992473686009932	230.0	27	1.05	0.95				
	218	2	132.1411930831579	26.983787176140357	0.0	0.0	2	1.0359945526433845	-1.2396156316926963	230.0	27	1.05	0.95				
	219	1	71.82449233649125	14.682354787017546	0.0	0.0	2	1.038036861053141	-3.3070604990945385	230.0	25	1.05	0.95				
	220	1	50.79301115508773	10.317330390877194	0.0	0.0	2	1.0454625624150629	-2.847043205922155	230.0	25	1.05	0.95				
	221	2	0.0	0.0	0.0	0.0	2	1.0364839387416651	-0.7323638544243932	230.0	27	1.05	0.95				
	222	2	0.0	0.0	0.0	0.0	2	1.05	5.7410094547724	230.0	27	1.05	0.95				
	223	2	0.0	0.0	0.0	0.0	2	1.05	-2.3044818749355382	230.0	25	1.05	0.95				
	224	1	0.0	0.0	0.0	0.0	2	1.0117835546850826	-5.846433635838202	230.0	26	1.05	0.95				
	301	2	49.848782021052635	10.154381522807016	0.0	0.0	3	1.0203192510689318	17.573289391480188	138.0	31	1.05	0.95				
	302	2	44.77159125964912	9.231255929824561	0.0	0.0	3	1.017771830731951	17.215294563915545	138.0	32	1.05	0.95				
	303	1	83.08130336842106	17.07782347017544	0.0	0.0	3	1.05	32.645102693845445	138.0	31	1.05	0.95				
	304	1	34.15564694035088	6.923441947368421	0.0	0.0	3	1.0083784128521953	18.461902924131934	138.0	31	1.05	0.95				
	305	1	32.77095855087719	6.461879150877194	0.0	0.0	3	1.0264141263405462	16.254792864625298	138.0	31	1.05	0.95				
	306	1	62.772540322807025	12.923758301754388	0.0	-100.0	3	1.036832717539285	14.960050633618607	138.0	32	1.05	0.95				
	307	2	57.69534956140351	11.539069912280702	0.0	0.0	3	0.95	10.642694590870274	138.0	32	1.05	0.95				
	308	1	78.92723819999999	16.15469787719298	0.0	0.0	3	0.9690522641639111	12.698430142418998	138.0	32	1.05	0.95				
	309	1	80.77348938596491	16.61626067368421	0.0	0.0	3	1.0152653113912053	21.417360024737523	138.0	33	1.05	0.95				
	310	1	90.00474531578946	18.462511859649123	0.0	0.0	3	1.0437147719006388	16.41213534961931	138.0	33	1.05	0.95				
	311	1	0.0	0.0	0.0	0.0	3	1.0031769262813772	20.032869634399344	230.0	33	1.05	0.95				
	312	1	0.0	0.0	0.0	0.0	3	1.0087942974865605	20.020502577733343	230.0	33	1.05	0.95				
	313	2	122.31414107017544	24.924391010526318	0.0	0.0	3	1.0022958083166178	20.251167882380994	230.0	34	1.05	0.95				
	314	2	89.54318251929824	18.000949063157893	0.0	0.0	3	0.9994805037459883	21.064593508139847	230.0	36	1.05	0.95				
	315	2	146.3154064877193	29.5400189754386	0.0	0.0	3	1.0466375014678329	22.889985551071327	230.0	36	1.05	0.95				
	316	2	46.15627964912281	9.231255929824561	0.0	0.0	3	1.0297315781534553	22.64557623744002	230.0	36	1.05	0.95				
	317	1	0.0	0.0	0.0	0.0	3	1.05	25.645222096053036	230.0	37	1.05	0.95				
	318	2	153.70041123157893	31.386270161403512	0.0	0.0	3	1.05	22.168538516762776	230.0	37	1.05	0.95				
	319	1	83.54286616491228	17.07782347017544	0.0	0.0	3	1.0229577081418837	21.889562212623968	230.0	35	1.05	0.95				
	320	1	59.0800379508772	12.00063270877193	0.0	0.0	3	1.0186400047698452	21.32285687080138	230.0	35	1.05	0.95				
	321	2	0.0	0.0	0.0	0.0	3	1.05	23.072020972981143	230.0	37	1.05	0.95				
	322	2	0.0	0.0	0.0	0.0	3	1.05	28.430081688908913	230.0	37	1.05	0.95				
	323	2	0.0	0.0	0.0	0.0	3	1.016620498804148	21.235267028397185	230.0	35	1.05	0.95				
	324	1	0.0	0.0	0.0	0.0	3	1.0463536525401442	27.613014137153836	230.0	36	1.05	0.95				
	325	1	0.0	0.0	0.0	0.0	3	1.0191633356949057	21.376523232334197	230.0	35	1.05	0.95				
];
