%% MATPOWER Case Format : Version 2
function mpc = RTS_GMLC
mpc.version = '2';

%%-----  Power Flow Data  -----%%
%% system MVA base
mpc.baseMVA = 100.0;
%% bus data
%    bus_i    type    Pd    Qd    Gs    Bs    area    Vm    Va    baseKV    zone    Vmax    Vmin
mpc.bus = [
	101	2	88.4547253894737	18.018555171929826	0.0	0.0	1	1.0484382308329112	1.195790874150174	138.0	11	1.05	0.95				
	102	2	79.44544780350877	16.380504701754386	0.0	0.0	1	1.0482059348332529	1.0260822905098042	138.0	12	1.05	0.95				
	103	1	147.42454231578947	30.30393369824561	0.0	0.0	1	1.0259727776160044	-0.4251857904384869	138.0	11	1.05	0.95				
	104	1	60.60786739649122	12.285378526315789	0.0	0.0	1	1.0243122036851573	-2.8419849481585437	138.0	11	1.05	0.95				
	105	1	58.150791691228065	11.46635329122807	0.0	0.0	1	1.0372629210338966	-3.3086076952670216	138.0	11	1.05	0.95				
	106	1	111.38743197192984	22.93270658245614	0.0	-100.0	1	1.0367902374167746	-6.595179891725137	138.0	12	1.05	0.95				
	107	2	102.37815438596492	20.475630877192984	0.0	0.0	1	1.05	-5.375590424556225	138.0	12	1.05	0.95				
	108	1	140.0533152	28.66588322807017	0.0	0.0	1	1.0236295178795143	-7.566725293174218	138.0	12	1.05	0.95				
	109	1	143.32941614035087	29.484908463157893	0.0	0.0	1	1.0271836881941572	-3.8087396246479996	138.0	13	1.05	0.95				
	110	1	159.70992084210528	32.76100940350877	0.0	0.0	1	1.05	-5.3786007212295015	138.0	13	1.05	0.95				
	111	1	0.0	0.0	0.0	0.0	1	1.015070365786998	-1.3357056740544015	230.0	13	1.05	0.95				
	112	1	0.0	0.0	0.0	0.0	1	1.017405651449635	-0.6385304008862237	230.0	13	1.05	0.95				
	113	3	217.0416872982456	44.22736269473685	0.0	0.0	1	1.0157586270388808	1.3664438074129208e-27	230.0	14	1.05	0.95				
	114	2	158.89089560701754	31.941984168421055	0.0	0.0	1	1.0179945773087795	0.7920661424614469	230.0	16	1.05	0.95				
	115	2	259.630999522807	52.41761504561404	0.0	0.0	1	1.0444016016527435	9.44621164599021	230.0	16	1.05	0.95				
	116	2	81.90252350877194	16.380504701754386	0.0	0.0	1	1.0427551274961184	8.767762892567921	230.0	16	1.05	0.95				
	117	1	0.0	0.0	0.0	0.0	1	1.0464677562273594	12.503750933573652	230.0	17	1.05	0.95				
	118	2	272.7354032842105	55.69371598596492	0.0	0.0	1	1.0499998301939084	13.164466206670795	230.0	17	1.05	0.95				
	119	1	148.2435675508772	30.30393369824561	0.0	0.0	1	1.0367542691366767	7.132982124893447	230.0	15	1.05	0.95				
	120	1	104.83523009122808	21.294656112280702	0.0	0.0	1	1.038097646417477	6.743984925165919	230.0	15	1.05	0.95				
	121	2	0.0	0.0	0.0	0.0	1	1.05	13.939609630667919	230.0	17	1.05	0.95				
	122	2	0.0	0.0	0.0	0.0	1	1.05	22.69828500515448	230.0	17	1.05	0.95				
	123	2	0.0	0.0	0.0	0.0	1	1.0411299092608863	7.135635726544607	230.0	15	1.05	0.95				
	124	1	0.0	0.0	0.0	0.0	1	1.0251221011800278	5.77878757261199	230.0	16	1.05	0.95				
	201	2	92.85314024842106	18.914528569122808	0.0	0.0	2	1.044186984284078	-14.16849357728586	138.0	21	1.05	0.95				
	202	2	83.39587596385965	17.195025971929827	0.0	0.0	2	1.0469048063754698	-14.298101906137003	138.0	22	1.05	0.95				
	203	1	154.75523374736844	31.810798048070176	0.0	0.0	2	1.0243974177135464	-9.978564668726287	138.0	21	1.05	0.95				
	204	1	63.62159609614035	12.896269478947367	0.0	0.0	2	1.020217456537727	-15.282784412654738	138.0	21	1.05	0.95				
	205	1	61.04234220035087	12.036518180350878	0.0	0.0	2	1.0361527390438572	-15.826335854280392	138.0	21	1.05	0.95				
	206	1	116.9261766091228	24.073036360701757	0.0	-100.0	2	1.0370358814277945	-17.56711390800216	138.0	22	1.05	0.95				
	207	2	107.46891232456139	21.493782464912282	0.0	0.0	2	0.95	-28.22377943578568	138.0	22	1.05	0.95				
	208	1	147.01747206	30.091295450877194	0.0	0.0	2	0.9549628769364856	-24.771320992120724	138.0	22	1.05	0.95				
	209	1	150.456477254386	30.951046749473683	0.0	0.0	2	1.0262913327285337	-12.626684914154351	138.0	23	1.05	0.95				
	210	1	167.65150322631578	34.39005194385965	0.0	0.0	2	1.05	-14.81922358898936	138.0	23	1.05	0.95				
	211	1	0.0	0.0	0.0	0.0	2	1.033700424061912	-8.359879222556252	230.0	23	1.05	0.95				
	212	1	0.0	0.0	0.0	0.0	2	1.0289272868963395	-3.347441605699942	230.0	23	1.05	0.95				
	213	2	227.83409412807018	46.42657012421053	0.0	0.0	2	1.05	-5.161791982285774	230.0	24	1.05	0.95				
	214	2	166.7917519277193	33.53030064526316	0.0	0.0	2	1.05	-6.041115184780401	230.0	26	1.05	0.95				
	215	2	272.5411616550877	55.02408311017544	0.0	0.0	2	1.0441041748486541	2.846372980106946	230.0	26	1.05	0.95				
	216	2	85.97512985964913	17.195025971929827	0.0	0.0	2	1.0483321514428512	2.5569269420528666	230.0	26	1.05	0.95				
	217	1	0.0	0.0	0.0	0.0	2	1.048907743670277	5.862077771422279	230.0	27	1.05	0.95				
	218	2	286.2971824326316	58.4630883045614	0.0	0.0	2	1.05	6.469549731297825	230.0	27	1.05	0.95				
	219	1	155.61498504596491	31.810798048070176	0.0	0.0	2	1.0426164130979627	1.866193756926205	230.0	25	1.05	0.95				
	220	1	110.04816622035088	22.353533763508775	0.0	0.0	2	1.0455276577659172	2.8724021338297003	230.0	25	1.05	0.95				
	221	2	0.0	0.0	0.0	0.0	2	1.05	6.989501400196541	230.0	27	1.05	0.95				
	222	2	0.0	0.0	0.0	0.0	2	1.05	13.059031224116206	230.0	27	1.05	0.95				
	223	2	0.0	0.0	0.0	0.0	2	1.05	4.047046536035418	230.0	25	1.05	0.95				
	224	1	0.0	0.0	0.0	0.0	2	1.0205140293244699	-1.9197389632278048	230.0	26	1.05	0.95				
	301	2	94.29927237473684	19.209111039298243	0.0	0.0	3	0.9807091169533289	-17.52900346125028	138.0	31	1.05	0.95				
	302	2	84.6947168550877	17.46282821754386	0.0	0.0	3	0.9821966327505928	-17.991559805895832	138.0	32	1.05	0.95				
	303	1	157.16545395789473	32.30623220245614	0.0	0.0	3	0.9880194881870423	-11.37204971849481	138.0	31	1.05	0.95				
	304	1	64.61246440491227	13.097121163157894	0.0	0.0	3	0.9672089675739464	-15.840690166637838	138.0	31	1.05	0.95				
	305	1	61.993040172280686	12.223979752280702	0.0	0.0	3	0.9801718862818545	-16.389384754172248	138.0	31	1.05	0.95				
	306	1	118.74723187929823	24.447959504561403	0.0	-100.0	3	0.9853311257719366	-16.77039258252655	138.0	32	1.05	0.95				
	307	2	109.14267635964912	21.828535271929823	0.0	0.0	3	0.95	-20.3623749511137	138.0	32	1.05	0.95				
	308	1	149.30718125999996	30.559949380701752	0.0	0.0	3	0.95	-17.891728486038836	138.0	32	1.05	0.95				
	309	1	152.79974690350875	31.433090791578945	0.0	0.0	3	0.9892463691168158	-10.22452832019931	138.0	33	1.05	0.95				
	310	1	170.2625751210526	34.92565643508772	0.0	0.0	3	1.006049287560688	-12.198268255172712	138.0	33	1.05	0.95				
	311	1	0.0	0.0	0.0	0.0	3	0.9886941847386732	-2.5260014152091275	230.0	33	1.05	0.95				
	312	1	0.0	0.0	0.0	0.0	3	0.9890757570767987	-1.3417260854175357	230.0	33	1.05	0.95				
	313	2	231.3824738824561	47.14963618736842	0.0	0.0	3	1.0218205251957664	6.293618408125821	230.0	34	1.05	0.95				
	314	2	169.3894337101754	34.05251502421052	0.0	0.0	3	1.0055978918011643	-2.0136644989957024	230.0	36	1.05	0.95				
	315	2	276.7858272480702	55.881050296140344	0.0	0.0	3	1.0448075247729092	0.00926353929217621	230.0	36	1.05	0.95				
	316	2	87.31414108771929	17.46282821754386	0.0	0.0	3	1.0437558321745077	1.2348674790558622	230.0	36	1.05	0.95				
	317	1	0.0	0.0	0.0	0.0	3	1.0490610926112514	3.011299391912913	230.0	37	1.05	0.95				
	318	2	290.75608982210525	59.37361593964911	0.0	0.0	3	1.0472321997200598	2.0657372980983233	230.0	37	1.05	0.95				
	319	1	158.03859536877192	32.30623220245614	0.0	0.0	3	1.0353803327967017	2.189671634389909	230.0	35	1.05	0.95				
	320	1	111.76210059228069	22.701676682807015	0.0	0.0	3	1.0332677546893492	3.388184209314542	230.0	35	1.05	0.95				
	321	2	0.0	0.0	0.0	0.0	3	1.05	2.912725863586468	230.0	37	1.05	0.95				
	322	2	0.0	0.0	0.0	0.0	3	1.05	7.297864404847606	230.0	37	1.05	0.95				
	323	2	0.0	0.0	0.0	0.0	3	1.0334521878561718	4.0698707357058055	230.0	35	1.05	0.95				
	324	1	0.0	0.0	0.0	0.0	3	1.0119080140885472	-2.1184917016522427	230.0	36	1.05	0.95				
	325	1	0.0	0.0	0.0	0.0	3	1.0328034304357945	4.907651059436096	230.0	35	1.05	0.95				
];
