%% MATPOWER Case Format : Version 2
function mpc = RTS_GMLC
mpc.version = '2';

%%-----  Power Flow Data  -----%%
%% system MVA base
mpc.baseMVA = 100.0;
%% bus data
%    bus_i    type    Pd    Qd    Gs    Bs    area    Vm    Va    baseKV    zone    Vmax    Vmin
mpc.bus = [
	101	2	52.396833258947375	10.673428997192982	0.0	0.0	1	1.0334384210436216	-2.4240901143752036	138.0	11	1.05	0.95				
	102	2	47.060118760350875	9.703117270175438	0.0	0.0	1	1.0321837875220043	-2.8014923456119916	138.0	12	1.05	0.95				
	103	1	87.32805543157896	17.950766949824562	0.0	0.0	1	1.0212149039127705	0.6137412427938128	138.0	11	1.05	0.95				
	104	1	35.901533899649124	7.277337952631578	0.0	0.0	1	1.022245160954527	-3.662677662730648	138.0	11	1.05	0.95				
	105	1	34.446066309122806	6.792182089122807	0.0	0.0	1	1.0356407583018816	-4.655900948435183	138.0	11	1.05	0.95				
	106	1	65.98119743719299	13.584364178245615	0.0	-100.0	1	1.0442350570551178	-6.465726950968806	138.0	12	1.05	0.95				
	107	2	60.64448293859649	12.128896587719298	0.0	0.0	1	1.0042029021996741	-11.011030496599462	138.0	12	1.05	0.95				
	108	1	82.96165266	16.980455222807016	0.0	0.0	1	1.0041393133302625	-9.768417923272327	138.0	12	1.05	0.95				
	109	1	84.90227611403509	17.46561108631579	0.0	0.0	1	1.022223340929535	-3.590541720407399	138.0	13	1.05	0.95				
	110	1	94.60539338421053	19.406234540350876	0.0	0.0	1	1.05	-5.385898007253223	138.0	13	1.05	0.95				
	111	1	0.0	0.0	0.0	0.0	1	1.004049487284864	-1.1141020773025374	230.0	13	1.05	0.95				
	112	1	0.0	0.0	0.0	0.0	1	1.0078739909127803	-1.6160729627773809	230.0	13	1.05	0.95				
	113	3	128.56630382982456	26.198416629473687	0.0	0.0	1	1.0034435254678227	-1.7305078496805647e-29	230.0	14	1.05	0.95				
	114	2	94.12023752070175	18.921078676842107	0.0	0.0	1	1.0000348217274588	1.4212615149550547	230.0	16	1.05	0.95				
	115	2	153.7944087322807	31.049975264561404	0.0	0.0	1	1.0095502482385559	9.654489312757326	230.0	16	1.05	0.95				
	116	2	48.51558635087719	9.703117270175438	0.0	0.0	1	1.0094916662102837	8.086145618805999	230.0	16	1.05	0.95				
	117	1	0.0	0.0	0.0	0.0	1	1.0125767403716888	12.746046804461967	230.0	17	1.05	0.95				
	118	2	161.55690254842105	32.990598718596495	0.0	0.0	1	1.0130608258864533	13.906898205411169	230.0	17	1.05	0.95				
	119	1	87.81321129508773	17.950766949824562	0.0	0.0	1	1.0050282113531983	5.107291241064604	230.0	15	1.05	0.95				
	120	1	62.09995052912281	12.61405245122807	0.0	0.0	1	1.005569110376416	2.8682097357606477	230.0	15	1.05	0.95				
	121	2	0.0	0.0	0.0	0.0	1	1.0138978572530932	15.710698531058203	230.0	17	1.05	0.95				
	122	2	0.0	0.0	0.0	0.0	1	1.0431525143959524	22.673791302547805	230.0	17	1.05	0.95				
	123	2	0.0	0.0	0.0	0.0	1	1.0070365849502674	2.0241415389669273	230.0	15	1.05	0.95				
	124	1	0.0	0.0	0.0	0.0	1	1.0028928144133604	6.19170588814597	230.0	16	1.05	0.95				
	201	2	46.40957029894737	9.453801357192983	0.0	0.0	2	1.0093802460591526	-10.750134120660718	138.0	21	1.05	0.95				
	202	2	41.68266962035088	8.594364870175438	0.0	0.0	2	1.0085813995073076	-10.979722717898365	138.0	22	1.05	0.95				
	203	1	77.34928383157894	15.89957500982456	0.0	0.0	2	1.0152410267103047	-8.527724240691965	138.0	21	1.05	0.95				
	204	1	31.79915001964912	6.445773652631578	0.0	0.0	2	1.0105741953888314	-10.308164544935515	138.0	21	1.05	0.95				
	205	1	30.509995289122806	6.016055409122807	0.0	0.0	2	1.0242791182545026	-10.60240241536783	138.0	21	1.05	0.95				
	206	1	58.44168111719299	12.032110818245615	0.0	-100.0	2	1.0405754245804233	-11.049729958297835	138.0	22	1.05	0.95				
	207	2	53.714780438596485	10.742956087719298	0.0	0.0	2	0.9923165458653678	-16.218157379783886	138.0	22	1.05	0.95				
	208	1	73.48181963999998	15.040138522807018	0.0	0.0	2	0.9988572458139844	-14.283266011529104	138.0	22	1.05	0.95				
	209	1	75.20069261403508	15.469856766315788	0.0	0.0	2	1.0249736350983298	-7.986069836594372	138.0	23	1.05	0.95				
	210	1	83.79505748421052	17.188729740350876	0.0	0.0	2	1.05	-9.070267862384267	138.0	23	1.05	0.95				
	211	1	0.0	0.0	0.0	0.0	2	1.0049321648227967	-5.6500913013322585	230.0	23	1.05	0.95				
	212	1	0.0	0.0	0.0	0.0	2	1.0162695841385962	-1.0205711130760646	230.0	23	1.05	0.95				
	213	2	113.87533452982454	23.204785149473686	0.0	0.0	2	1.004188121013529	-3.4113403309400643	230.0	24	1.05	0.95				
	214	2	83.36533924070176	16.759011496842106	0.0	0.0	2	0.9989669199030362	-4.603457938659779	230.0	26	1.05	0.95				
	215	2	136.2206831922807	27.501967584561406	0.0	0.0	2	1.0221146638447003	0.15504469402184637	230.0	26	1.05	0.95				
	216	2	42.97182435087719	8.594364870175438	0.0	0.0	2	1.0215147055096567	-0.5311431924118596	230.0	26	1.05	0.95				
	217	1	0.0	0.0	0.0	0.0	2	1.024459053124416	0.8630713452305112	230.0	27	1.05	0.95				
	218	2	143.09617508842106	29.220840558596496	0.0	0.0	2	1.0242267989049503	0.50685002854133	230.0	27	1.05	0.95				
	219	1	77.77900207508772	15.89957500982456	0.0	0.0	2	1.026425273622738	-0.5946163281345861	230.0	25	1.05	0.95				
	220	1	55.00393516912281	11.17267433122807	0.0	0.0	2	1.0335797615842837	0.18611011909877137	230.0	25	1.05	0.95				
	221	2	0.0	0.0	0.0	0.0	2	1.0269986917499057	1.1870312436880592	230.0	27	1.05	0.95				
	222	2	0.0	0.0	0.0	0.0	2	1.0482610348451078	7.571986548582828	230.0	27	1.05	0.95				
	223	2	0.0	0.0	0.0	0.0	2	1.0382678752878276	0.933880058888859	230.0	25	1.05	0.95				
	224	1	0.0	0.0	0.0	0.0	2	1.0087677564228983	-3.106329477328717	230.0	26	1.05	0.95				
	301	2	52.29167983578948	10.652008855438599	0.0	0.0	3	1.037550024040963	19.535348476652086	138.0	31	1.05	0.95				
	302	2	46.965675408070176	9.68364441403509	0.0	0.0	3	1.033588442970511	19.18464911498246	138.0	32	1.05	0.95				
	303	1	87.1527997263158	17.914742165964913	0.0	0.0	3	1.0481685631360558	33.725118640466896	138.0	31	1.05	0.95				
	304	1	35.82948433192983	7.2627333105263165	0.0	0.0	3	1.015431239280021	19.869602058487356	138.0	31	1.05	0.95				
	305	1	34.376937669824564	6.778551089824562	0.0	0.0	3	1.0380740066632046	18.92174190180901	138.0	31	1.05	0.95				
	306	1	65.84878201543862	13.557102179649124	0.0	-100.0	3	1.0451125505432208	17.993739945108544	138.0	32	1.05	0.95				
	307	2	60.522777587719304	12.104555517543861	0.0	0.0	3	0.95	12.835632191497114	138.0	32	1.05	0.95				
	308	1	82.79515974	16.946377724561405	0.0	0.0	3	0.9706609981944235	14.978503450500419	138.0	32	1.05	0.95				
	309	1	84.73188862280703	17.43055994526316	0.0	0.0	3	1.0153434755108532	22.450999961706383	138.0	33	1.05	0.95				
	310	1	94.41553303684212	19.36728882807018	0.0	0.0	3	1.05	19.83247026502894	138.0	33	1.05	0.95				
	311	1	0.0	0.0	0.0	0.0	3	1.0025447821146771	22.971439956697626	230.0	33	1.05	0.95				
	312	1	0.0	0.0	0.0	0.0	3	1.009318517032165	23.642623529394672	230.0	33	1.05	0.95				
	313	2	128.3082884859649	26.14583991789474	0.0	0.0	3	1.0044336284208308	25.324350048938403	230.0	34	1.05	0.95				
	314	2	93.93135081614035	18.883106607368426	0.0	0.0	3	0.9942105192137801	22.852183163455067	230.0	36	1.05	0.95				
	315	2	153.48576396245613	30.987662124912283	0.0	0.0	3	1.0371555347561117	19.12489726679469	230.0	36	1.05	0.95				
	316	2	48.418222070175446	9.68364441403509	0.0	0.0	3	1.015653215303335	19.174483127404685	230.0	36	1.05	0.95				
	317	1	0.0	0.0	0.0	0.0	3	1.0397491577865101	17.64809510805392	230.0	37	1.05	0.95				
	318	2	161.23267949368423	32.92439100771931	0.0	0.0	3	1.0490393183406581	16.026491561609507	230.0	37	1.05	0.95				
	319	1	87.63698194701756	17.914742165964913	0.0	0.0	3	1.0124491073950923	20.8885268919638	230.0	35	1.05	0.95				
	320	1	61.97532424982457	12.588737738245614	0.0	0.0	3	1.009389434466547	21.49231244400714	230.0	35	1.05	0.95				
	321	2	0.0	0.0	0.0	0.0	3	1.05	17.596610093088554	230.0	37	1.05	0.95				
	322	2	0.0	0.0	0.0	0.0	3	1.05	21.951765673500816	230.0	37	1.05	0.95				
	323	2	0.0	0.0	0.0	0.0	3	1.0071799167204478	21.593622639984435	230.0	35	1.05	0.95				
	324	1	0.0	0.0	0.0	0.0	3	1.0390593424016386	26.914064930992705	230.0	36	1.05	0.95				
	325	1	0.0	0.0	0.0	0.0	3	1.0091638017752431	21.098831831164475	230.0	35	1.05	0.95				
];
