%% MATPOWER Case Format : Version 2
function mpc = RTS_GMLC
mpc.version = '2';

%%-----  Power Flow Data  -----%%
%% system MVA base
mpc.baseMVA = 100.0;
%% bus data
%    bus_i    type    Pd    Qd    Gs    Bs    area    Vm    Va    baseKV    zone    Vmax    Vmin
mpc.bus = [
	101	2	62.323107385263164	12.695447800701753	0.0	0.0	1	1.0334457239959283	2.499127380120605	138.0	11	1.05	0.95				
	102	2	55.97538348491228	11.541316182456141	0.0	0.0	1	1.0334590270456117	2.4419535720145222	138.0	12	1.05	0.95				
	103	1	103.87184564210527	21.35143493754386	0.0	0.0	1	1.02589649911501	1.2482259656477799	138.0	11	1.05	0.95				
	104	1	42.70286987508772	8.655987136842105	0.0	0.0	1	1.0190589848912317	-1.0181642301680434	138.0	11	1.05	0.95				
	105	1	40.9716724477193	8.078921327719298	0.0	0.0	1	1.0336770154404293	-0.943676885920714	138.0	11	1.05	0.95				
	106	1	78.48095004070176	16.157842655438596	0.0	-100.0	1	1.0410473830873777	-3.4055279500048896	138.0	12	1.05	0.95				
	107	2	72.13322614035089	14.426645228070175	0.0	0.0	1	1.0342902812440844	-2.450363878350577	138.0	12	1.05	0.95				
	108	1	98.67825336	20.197303319298246	0.0	0.0	1	1.021392307331349	-4.091731454614139	138.0	12	1.05	0.95				
	109	1	100.98651659649123	20.774369128421053	0.0	0.0	1	1.0257225011430913	-1.5173612444097058	138.0	13	1.05	0.95				
	110	1	112.52783277894738	23.082632364912282	0.0	0.0	1	1.05	-2.6166371119603746	138.0	13	1.05	0.95				
	111	1	0.0	0.0	0.0	0.0	1	1.0082791025519893	0.3154398992371083	230.0	13	1.05	0.95				
	112	1	0.0	0.0	0.0	0.0	1	1.0123578390042651	0.5454874270707059	230.0	13	1.05	0.95				
	113	3	152.92243941754387	31.161553692631582	0.0	0.0	1	1.0021130178038617	1.0950124340062425e-30	230.0	14	1.05	0.95				
	114	2	111.95076696982456	22.505566555789475	0.0	0.0	1	1.0089019389334197	3.063738268554037	230.0	16	1.05	0.95				
	115	2	182.9298614919298	36.93221178385965	0.0	0.0	1	1.044040367090913	11.08716720346929	230.0	16	1.05	0.95				
	116	2	57.7065809122807	11.541316182456141	0.0	0.0	1	1.0407515715702216	10.333057631694109	230.0	16	1.05	0.95				
	117	1	0.0	0.0	0.0	0.0	1	1.043336340554038	13.730385422751098	230.0	17	1.05	0.95				
	118	2	192.16291443789476	39.24047502035088	0.0	0.0	1	1.0481839152069583	13.529233124514331	230.0	17	1.05	0.95				
	119	1	104.44891145122807	21.35143493754386	0.0	0.0	1	1.0335450684295426	8.313563062224208	230.0	15	1.05	0.95				
	120	1	73.8644235677193	15.003711037192982	0.0	0.0	1	1.032519974927103	7.651704842294484	230.0	15	1.05	0.95				
	121	2	0.0	0.0	0.0	0.0	1	1.05	14.687621596167972	230.0	17	1.05	0.95				
	122	2	0.0	0.0	0.0	0.0	1	1.05	29.124107208668892	230.0	17	1.05	0.95				
	123	2	0.0	0.0	0.0	0.0	1	1.0331270409522966	7.722766461717943	230.0	15	1.05	0.95				
	124	1	0.0	0.0	0.0	0.0	1	1.0249103953282162	7.4308588605532195	230.0	16	1.05	0.95				
	201	2	64.66740123789474	13.172989141052632	0.0	0.0	2	1.0321012825465206	-10.499889275662824	138.0	21	1.05	0.95				
	202	2	58.08090666736842	11.97544467368421	0.0	0.0	2	1.0322588278810045	-10.594663741164966	138.0	22	1.05	0.95				
	203	1	107.77900206315789	22.15457264631579	0.0	0.0	2	1.023417746265023	-7.838805418602801	138.0	21	1.05	0.95				
	204	1	44.30914529263158	8.981583505263158	0.0	0.0	2	1.0175013586660495	-12.829549204595123	138.0	21	1.05	0.95				
	205	1	42.512828591578945	8.382811271578948	0.0	0.0	2	1.0332226368898059	-13.17091487266274	138.0	21	1.05	0.95				
	206	1	81.43302378105264	16.765622543157896	0.0	-100.0	2	1.0406909432110822	-15.23842032293123	138.0	22	1.05	0.95				
	207	2	74.84652921052631	14.969305842105262	0.0	0.0	2	0.9872296660487069	-24.25606823297182	138.0	22	1.05	0.95				
	208	1	102.39005196	20.95702817894737	0.0	0.0	2	0.9879856049912153	-21.380947781681222	138.0	22	1.05	0.95				
	209	1	104.78514089473686	21.55580041263158	0.0	0.0	2	1.0237814685069913	-12.225534440191328	138.0	23	1.05	0.95				
	210	1	116.76058556842104	23.95088934736842	0.0	0.0	2	1.05	-13.98564854056752	138.0	23	1.05	0.95				
	211	1	0.0	0.0	0.0	0.0	2	1.0157734211321179	-9.031197068675056	230.0	23	1.05	0.95				
	212	1	0.0	0.0	0.0	0.0	2	1.0154612516688584	-8.19284874790614	230.0	23	1.05	0.95				
	213	2	158.6746419263158	32.33370061894737	0.0	0.0	2	1.0158866750324513	-7.859401766472612	230.0	24	1.05	0.95				
	214	2	116.16181333473683	23.35211711368421	0.0	0.0	2	1.0245566300887854	-5.985562587939106	230.0	26	1.05	0.95				
	215	2	189.81079807789473	38.32142295578947	0.0	0.0	2	1.037185241275039	2.1459625524977692	230.0	26	1.05	0.95				
	216	2	59.87722336842105	11.97544467368421	0.0	0.0	2	1.0405278789417065	1.9611482375323284	230.0	26	1.05	0.95				
	217	1	0.0	0.0	0.0	0.0	2	1.0430005427222673	5.224258668058496	230.0	27	1.05	0.95				
	218	2	199.3911538168421	40.71651189052632	0.0	0.0	2	1.0446137116034897	5.647762536734934	230.0	27	1.05	0.95				
	219	1	108.3777742968421	22.15457264631579	0.0	0.0	2	1.0404051443798072	1.1590900731806517	230.0	25	1.05	0.95				
	220	1	76.64284591157895	15.568078075789474	0.0	0.0	2	1.0451109923127904	1.5935186574441769	230.0	25	1.05	0.95				
	221	2	0.0	0.0	0.0	0.0	2	1.044352907443501	5.40141709782613	230.0	27	1.05	0.95				
	222	2	0.0	0.0	0.0	0.0	2	1.05	11.838467132216978	230.0	27	1.05	0.95				
	223	2	0.0	0.0	0.0	0.0	2	1.0490962495188367	2.268633744695396	230.0	25	1.05	0.95				
	224	1	0.0	0.0	0.0	0.0	2	1.0195998825331252	-1.5809856259911046	230.0	26	1.05	0.95				
	301	2	62.30243592000001	12.691236946666667	0.0	0.0	3	1.0098281696645484	-22.5457751450678	138.0	31	1.05	0.95				
	302	2	55.95681744666666	11.537488133333335	0.0	0.0	3	1.0089921993074304	-22.741854461546346	138.0	32	1.05	0.95				
	303	1	103.83739320000001	21.34435304666667	0.0	0.0	3	1.0323172536873073	-13.167222323645024	138.0	31	1.05	0.95				
	304	1	42.68870609333334	8.6531161	0.0	0.0	3	1.0087826275173495	-20.727616673085077	138.0	31	1.05	0.95				
	305	1	40.95808287333333	8.076241693333335	0.0	0.0	3	1.0222494866311618	-22.174108918635753	138.0	31	1.05	0.95				
	306	1	78.45491930666667	16.15248338666667	0.0	-100.0	3	1.0363193612093062	-22.608258952726562	138.0	32	1.05	0.95				
	307	2	72.10930083333334	14.421860166666667	0.0	0.0	3	0.9919723853238805	-29.006164356431277	138.0	32	1.05	0.95				
	308	1	98.64552354	20.19060423333333	0.0	0.0	3	0.9927829504981818	-26.265013978588307	138.0	32	1.05	0.95				
	309	1	100.95302116666667	20.76747864	0.0	0.0	3	1.028702759255019	-16.73771266693738	138.0	33	1.05	0.95				
	310	1	112.4905093	23.07497626666667	0.0	0.0	3	1.05	-19.949968872556617	138.0	33	1.05	0.95				
	311	1	0.0	0.0	0.0	0.0	3	1.0182476701012493	-12.72495002249758	230.0	33	1.05	0.95				
	312	1	0.0	0.0	0.0	0.0	3	1.0181319947557936	-12.245374844698368	230.0	33	1.05	0.95				
	313	2	152.87171776666665	31.151217960000004	0.0	0.0	3	1.0241054991103158	-9.330787105520994	230.0	34	1.05	0.95				
	314	2	111.91363489333332	22.49810186	0.0	0.0	3	1.0285631001926165	-10.105689645095751	230.0	36	1.05	0.95				
	315	2	182.86918691333335	36.91996202666667	0.0	0.0	3	1.0472531600852286	-3.3439533569963724	230.0	36	1.05	0.95				
	316	2	57.68744066666667	11.537488133333335	0.0	0.0	3	1.0469802288549217	-2.940224393044823	230.0	36	1.05	0.95				
	317	1	0.0	0.0	0.0	0.0	3	1.05	0.1900710995857077	230.0	37	1.05	0.95				
	318	2	192.09917742	39.227459653333334	0.0	0.0	3	1.0471853773089586	-0.3046062992492988	230.0	37	1.05	0.95				
	319	1	104.41426760666668	21.34435304666667	0.0	0.0	3	1.0433553040790593	-4.386594659488725	230.0	35	1.05	0.95				
	320	1	73.83992405333333	14.998734573333333	0.0	0.0	3	1.0449731029840637	-4.561792292653714	230.0	35	1.05	0.95				
	321	2	0.0	0.0	0.0	0.0	3	1.0499999984761708	0.19920343572473276	230.0	37	1.05	0.95				
	322	2	0.0	0.0	0.0	0.0	3	1.05	4.543176210147012	230.0	37	1.05	0.95				
	323	2	0.0	0.0	0.0	0.0	3	1.047020308319235	-4.233859242646929	230.0	35	1.05	0.95				
	324	1	0.0	0.0	0.0	0.0	3	1.0293040012320274	-7.006454059296325	230.0	36	1.05	0.95				
	325	1	0.0	0.0	0.0	0.0	3	1.0405312121374495	-2.68925854804066	230.0	35	1.05	0.95				
];
