%% MATPOWER Case Format : Version 2
function mpc = RTS_GMLC
mpc.version = '2';

%%-----  Power Flow Data  -----%%
%% system MVA base
mpc.baseMVA = 100.0;
%% bus data
%    bus_i    type    Pd    Qd    Gs    Bs    area    Vm    Va    baseKV    zone    Vmax    Vmin
mpc.bus = [
	101	2	86.21029193684211	17.56135576491228	0.0	0.0	1	1.0494519095922752	0.5280525749490478	138.0	11	1.05	0.95				
	102	2	77.42961405438595	15.964868877192984	0.0	0.0	1	1.0489425666537064	0.3119889691172325	138.0	12	1.05	0.95				
	103	1	143.68381989473684	29.535007422807013	0.0	0.0	1	1.027199498113843	-1.3503662857821606	138.0	11	1.05	0.95				
	104	1	59.070014845614025	11.973651657894735	0.0	0.0	1	1.025281463439806	-3.3589825394472896	138.0	11	1.05	0.95				
	105	1	56.675284514035084	11.175408214035087	0.0	0.0	1	1.038228540764662	-3.7993064858180023	138.0	11	1.05	0.95				
	106	1	108.56110836491229	22.350816428070175	0.0	-100.0	1	1.0377697537468245	-6.984640184435746	138.0	12	1.05	0.95				
	107	2	99.78043048245613	19.956086096491227	0.0	0.0	1	1.0439331181599671	-5.118424823643525	138.0	12	1.05	0.95				
	108	1	136.49962889999998	27.93852053508771	0.0	0.0	1	1.0207169040512627	-7.54988254111243	138.0	12	1.05	0.95				
	109	1	139.6926026754386	28.736763978947366	0.0	0.0	1	1.0272323490538187	-4.281933168549698	138.0	13	1.05	0.95				
	110	1	155.65747155263156	31.929737754385968	0.0	0.0	1	1.05	-5.7580035486996515	138.0	13	1.05	0.95				
	111	1	0.0	0.0	0.0	0.0	1	1.0138640031479744	-1.8785073315227363	230.0	13	1.05	0.95				
	112	1	0.0	0.0	0.0	0.0	1	1.0168910120748724	-1.1229273100069492	230.0	13	1.05	0.95				
	113	3	211.53451262280697	43.105145968421056	0.0	0.0	1	1.0148766739493904	3.9230497250667165e-28	230.0	14	1.05	0.95				
	114	2	154.8592281087719	31.131494310526314	0.0	0.0	1	1.01490539946263	-0.328154002735115	230.0	16	1.05	0.95				
	115	2	253.04317170350873	51.08758040701754	0.0	0.0	1	1.0442518639846388	7.477381663793804	230.0	16	1.05	0.95				
	116	2	79.8243443859649	15.964868877192984	0.0	0.0	1	1.041584314388044	6.707347376808624	230.0	16	1.05	0.95				
	117	1	0.0	0.0	0.0	0.0	1	1.0454125480700696	9.574261812618643	230.0	17	1.05	0.95				
	118	2	265.81506680526314	54.28055418245614	0.0	0.0	1	1.0473003519676527	10.065017489972208	230.0	17	1.05	0.95				
	119	1	144.48206333859648	29.535007422807013	0.0	0.0	1	1.0348062316332018	5.3197817159024785	230.0	15	1.05	0.95				
	120	1	102.17516081403508	20.754329540350877	0.0	0.0	1	1.035113066965604	5.109820221908958	230.0	15	1.05	0.95				
	121	2	0.0	0.0	0.0	0.0	1	1.049999991405411	11.840644902900609	230.0	17	1.05	0.95				
	122	2	0.0	0.0	0.0	0.0	1	1.05	17.53245570754178	230.0	17	1.05	0.95				
	123	2	0.0	0.0	0.0	0.0	1	1.0375161004588551	5.588455934005728	230.0	15	1.05	0.95				
	124	1	0.0	0.0	0.0	0.0	1	1.0266944249945675	4.196043298839755	230.0	16	1.05	0.95				
	201	2	83.65622540210528	17.041082952280703	0.0	0.0	2	1.0406044876724738	-12.697637440114411	138.0	21	1.05	0.95				
	202	2	75.13568392596491	15.491893592982459	0.0	0.0	2	1.0409203034796806	-12.778799809154249	138.0	22	1.05	0.95				
	203	1	139.4270423368421	28.660003147017548	0.0	0.0	2	1.0251395956851574	-9.628059562733059	138.0	21	1.05	0.95				
	204	1	57.320006294035096	11.618920194736843	0.0	0.0	2	1.0191443368763402	-14.130747081770485	138.0	21	1.05	0.95				
	205	1	54.99622225508772	10.844325515087721	0.0	0.0	2	1.03548263662762	-14.56134371982268	138.0	21	1.05	0.95				
	206	1	105.34487643228073	21.688651030175443	0.0	-100.0	2	1.0380513032622423	-16.33466508109959	138.0	22	1.05	0.95				
	207	2	96.82433495614036	19.364866991228073	0.0	0.0	2	0.9531930010049242	-27.896061018770514	138.0	22	1.05	0.95				
	208	1	132.45569022	27.1108137877193	0.0	0.0	2	0.9592455749627726	-23.997410585531796	138.0	22	1.05	0.95				
	209	1	135.5540689385965	27.88540846736842	0.0	0.0	2	1.0259484503235827	-12.111264117517486	138.0	23	1.05	0.95				
	210	1	151.04596253157897	30.983787185964918	0.0	0.0	2	1.05	-14.024291855627252	138.0	23	1.05	0.95				
	211	1	0.0	0.0	0.0	0.0	2	1.0296579026360675	-8.448534367380335	230.0	23	1.05	0.95				
	212	1	0.0	0.0	0.0	0.0	2	1.0257194152300415	-3.4064028481267616	230.0	23	1.05	0.95				
	213	2	205.26759010701755	41.82811270105264	0.0	0.0	2	1.0401389913117463	-5.707787519707773	230.0	24	1.05	0.95				
	214	2	150.27136785192982	30.20919250631579	0.0	0.0	2	1.0440981455097023	-6.389793369213315	230.0	26	1.05	0.95				
	215	2	245.54651344877195	49.574059497543864	0.0	0.0	2	1.043311085971136	1.3456615899531577	230.0	26	1.05	0.95				
	216	2	77.45946796491229	15.491893592982459	0.0	0.0	2	1.0453770467911156	1.324843741211169	230.0	26	1.05	0.95				
	217	1	0.0	0.0	0.0	0.0	2	1.04657804195852	3.8953898698766385	230.0	27	1.05	0.95				
	218	2	257.94002832315795	52.672438216140364	0.0	0.0	2	1.047190579873644	4.1044371609781685	230.0	27	1.05	0.95				
	219	1	140.20163701649125	28.660003147017548	0.0	0.0	2	1.0414959740890253	1.5310840082425536	230.0	25	1.05	0.95				
	220	1	99.14811899508773	20.139461670877196	0.0	0.0	2	1.0451656512017768	3.1631192947813362	230.0	25	1.05	0.95				
	221	2	0.0	0.0	0.0	0.0	2	1.04743638279079	4.056415330293512	230.0	27	1.05	0.95				
	222	2	0.0	0.0	0.0	0.0	2	1.05	10.503090466677286	230.0	27	1.05	0.95				
	223	2	0.0	0.0	0.0	0.0	2	1.05	4.618049731502848	230.0	25	1.05	0.95				
	224	1	0.0	0.0	0.0	0.0	2	1.0227832002156014	-2.735202773070697	230.0	26	1.05	0.95				
	301	2	78.61689337263158	16.01455235368421	0.0	0.0	3	0.967918817578139	-2.7584669024147046	138.0	31	1.05	0.95				
	302	2	70.60961719578947	14.558683957894736	0.0	0.0	3	0.9702385039944087	-2.8569876168792345	138.0	32	1.05	0.95				
	303	1	131.02815562105263	26.933565322105263	0.0	0.0	3	0.9868982246797401	2.1020042291701606	138.0	31	1.05	0.95				
	304	1	53.867130644210526	10.919012968421052	0.0	0.0	3	0.9657528082004921	0.06424645055368533	138.0	31	1.05	0.95				
	305	1	51.68332805052631	10.191078770526316	0.0	0.0	3	0.9767556663029013	-0.19941479954766483	138.0	31	1.05	0.95				
	306	1	98.9990509136842	20.38215754105263	0.0	-100.0	3	0.9898927561754162	0.385327587091868	138.0	32	1.05	0.95				
	307	2	90.9917747368421	18.19835494736842	0.0	0.0	3	0.95	-4.928143303596367	138.0	32	1.05	0.95				
	308	1	124.47674783999997	25.477696926315787	0.0	0.0	3	0.9563194822288521	-1.2527103115627747	138.0	32	1.05	0.95				
	309	1	127.38848463157895	26.20563112421052	0.0	0.0	3	0.9914913455391104	5.635225276220559	138.0	33	1.05	0.95				
	310	1	141.94716858947368	29.117367915789472	0.0	0.0	3	1.0103146615449268	4.879292115645383	138.0	33	1.05	0.95				
	311	1	0.0	0.0	0.0	0.0	3	0.9852746982141712	13.259937917930937	230.0	33	1.05	0.95				
	312	1	0.0	0.0	0.0	0.0	3	0.9907315564633775	14.777693506316263	230.0	33	1.05	0.95				
	313	2	192.90256244210525	39.30844668631579	0.0	0.0	3	1.0208479279447389	23.32199217792942	230.0	34	1.05	0.95				
	314	2	141.21923439157894	28.389433717894736	0.0	0.0	3	0.9939989131256666	12.084742389387221	230.0	36	1.05	0.95				
	315	2	230.75514073263156	46.587788665263155	0.0	0.0	3	1.0292824202935114	7.640655383950111	230.0	36	1.05	0.95				
	316	2	72.79341978947367	14.558683957894736	0.0	0.0	3	1.028058248375867	9.208181038867707	230.0	36	1.05	0.95				
	317	1	0.0	0.0	0.0	0.0	3	1.0343945259515246	8.419068237073802	230.0	37	1.05	0.95				
	318	2	242.40208789894737	49.4995254568421	0.0	0.0	3	1.0340307079735258	7.411935205473017	230.0	37	1.05	0.95				
	319	1	131.75608981894734	26.933565322105263	0.0	0.0	3	1.024080443332099	11.635427191929097	230.0	35	1.05	0.95				
	320	1	93.17557733052631	18.926289145263155	0.0	0.0	3	1.0249828210939465	13.734678008320355	230.0	35	1.05	0.95				
	321	2	0.0	0.0	0.0	0.0	3	1.0354821377070624	8.52403162385	230.0	37	1.05	0.95				
	322	2	0.0	0.0	0.0	0.0	3	1.0484471484262203	12.801742140912541	230.0	37	1.05	0.95				
	323	2	0.0	0.0	0.0	0.0	3	1.0259283487166553	14.540053390567444	230.0	35	1.05	0.95				
	324	1	0.0	0.0	0.0	0.0	3	1.008168653142981	7.649638352882296	230.0	36	1.05	0.95				
	325	1	0.0	0.0	0.0	0.0	3	1.0291867875917262	14.320689051291351	230.0	35	1.05	0.95				
];
