%% MATPOWER Case Format : Version 2
function mpc = RTS_GMLC
mpc.version = '2';

%%-----  Power Flow Data  -----%%
%% system MVA base
mpc.baseMVA = 100.0;
%% bus data
%    bus_i    type    Pd    Qd    Gs    Bs    area    Vm    Va    baseKV    zone    Vmax    Vmin
mpc.bus = [
	101	2	107.01138050526315	21.798614547368423	0.0	0.0	1	1.0454843701691912	-6.725363259146187	138.0	11	1.05	0.95				
	102	2	96.11207323157895	19.816922315789476	0.0	0.0	1	1.0451176479592443	-6.890706437029496	138.0	12	1.05	0.95				
	103	1	178.35230084210528	36.661306284210525	0.0	0.0	1	1.0144522733088088	-6.666116251343203	138.0	11	1.05	0.95				
	104	1	73.32261256842105	14.862691736842104	0.0	0.0	1	1.0196515224227554	-9.332779795383022	138.0	11	1.05	0.95				
	105	1	70.35007422105262	13.871845621052634	0.0	0.0	1	1.0345459078101777	-9.863892097140837	138.0	11	1.05	0.95				
	106	1	134.75507174736842	27.743691242105267	0.0	-100.0	1	1.031951510758859	-12.540029165511914	138.0	12	1.05	0.95				
	107	2	123.8557644736842	24.771152894736844	0.0	0.0	1	1.05	-7.292182010429402	138.0	12	1.05	0.95				
	108	1	169.4346858	34.67961405263157	0.0	0.0	1	1.0182512085883981	-11.096020372057868	138.0	12	1.05	0.95				
	109	1	173.3980702631579	35.67046016842105	0.0	0.0	1	1.0275490982212891	-8.13011707786953	138.0	13	1.05	0.95				
	110	1	193.21499257894737	39.63384463157895	0.0	0.0	1	1.05	-9.970747756097508	138.0	13	1.05	0.95				
	111	1	0.0	0.0	0.0	0.0	1	1.024990854238776	-3.9171177267052077	230.0	13	1.05	0.95				
	112	1	0.0	0.0	0.0	0.0	1	1.02172778044638	-2.510504838866554	230.0	13	1.05	0.95				
	113	3	262.5742206842105	53.505690252631574	0.0	0.0	1	1.0361968910740804	-2.098798021359563e-30	230.0	14	1.05	0.95				
	114	2	192.2241464631579	38.64299851578947	0.0	0.0	1	1.0359043619066204	-2.3300762974025426	230.0	16	1.05	0.95				
	115	2	314.09821870526315	63.41415141052632	0.0	0.0	1	1.041763599748143	6.296050343542297	230.0	16	1.05	0.95				
	116	2	99.08461157894737	19.816922315789476	0.0	0.0	1	1.0444609917208332	6.035949825998447	230.0	16	1.05	0.95				
	117	1	0.0	0.0	0.0	0.0	1	1.047221265463652	9.640500159075211	230.0	17	1.05	0.95				
	118	2	329.9517565578947	67.37753587368421	0.0	0.0	1	1.05	10.309363224166763	230.0	17	1.05	0.95				
	119	1	179.34314695789476	36.661306284210525	0.0	0.0	1	1.0395057263257763	5.132621718953535	230.0	15	1.05	0.95				
	120	1	126.82830282105265	25.761999010526317	0.0	0.0	1	1.0440642819804793	5.9586000208242895	230.0	15	1.05	0.95				
	121	2	0.0	0.0	0.0	0.0	1	1.05	11.373256443472972	230.0	17	1.05	0.95				
	122	2	0.0	0.0	0.0	0.0	1	1.05	19.26938439688359	230.0	17	1.05	0.95				
	123	2	0.0	0.0	0.0	0.0	1	1.05	7.127449431853644	230.0	15	1.05	0.95				
	124	1	0.0	0.0	0.0	0.0	1	1.0151910942602582	1.5129364080918022	230.0	16	1.05	0.95				
	201	2	98.3270895536842	20.029592316491225	0.0	0.0	2	1.05	-14.957447383026244	138.0	21	1.05	0.95				
	202	2	88.31229339543859	18.2087202877193	0.0	0.0	2	1.05	-15.004208825479292	138.0	22	1.05	0.95				
	203	1	163.8784825894737	33.6861325322807	0.0	0.0	2	1.022339318031982	-11.109322197971997	138.0	21	1.05	0.95				
	204	1	67.3722650645614	13.656540215789473	0.0	0.0	2	1.0175276648013911	-16.595129088448374	138.0	21	1.05	0.95				
	205	1	64.6409570214035	12.74610420140351	0.0	0.0	2	1.0355822376983308	-17.123592824488725	138.0	21	1.05	0.95				
	206	1	123.81929795649123	25.49220840280702	0.0	-100.0	2	1.0316751851769967	-19.186003360515176	138.0	22	1.05	0.95				
	207	2	113.80450179824561	22.76090035964912	0.0	0.0	2	0.95	-28.72070984184351	138.0	22	1.05	0.95				
	208	1	155.68455846	31.865260503508768	0.0	0.0	2	0.9520265363623858	-25.98348123002198	138.0	22	1.05	0.95				
	209	1	159.32630251754384	32.77569651789474	0.0	0.0	2	1.0207021440694175	-14.224946421518071	138.0	23	1.05	0.95				
	210	1	177.53502280526314	36.4174405754386	0.0	0.0	2	1.044436210254462	-16.4883892690672	138.0	23	1.05	0.95				
	211	1	0.0	0.0	0.0	0.0	2	1.029129162350277	-8.391257393265237	230.0	23	1.05	0.95				
	212	1	0.0	0.0	0.0	0.0	2	1.0186096032813656	-6.795119045582427	230.0	23	1.05	0.95				
	213	2	241.2655438122807	49.1635447768421	0.0	0.0	2	1.05	-3.5981341797474626	230.0	24	1.05	0.95				
	214	2	176.62458679087717	35.50700456105263	0.0	0.0	2	1.05	-5.976665463385793	230.0	26	1.05	0.95				
	215	2	288.60821656035085	58.26790492070175	0.0	0.0	2	1.0459044087346487	3.3207344150037814	230.0	26	1.05	0.95				
	216	2	91.04360143859648	18.2087202877193	0.0	0.0	2	1.0489327244307551	3.0883405924062806	230.0	26	1.05	0.95				
	217	1	0.0	0.0	0.0	0.0	2	1.05	6.284688674625324	230.0	27	1.05	0.95				
	218	2	303.1751927905263	61.90964897824561	0.0	0.0	2	1.0499469236194212	6.903897511067037	230.0	27	1.05	0.95				
	219	1	164.78891860385966	33.6861325322807	0.0	0.0	2	1.042303749894922	2.8097457616516506	230.0	25	1.05	0.95				
	220	1	116.5358098414035	23.671336374035086	0.0	0.0	2	1.0450925889399558	4.269834008576918	230.0	25	1.05	0.95				
	221	2	0.0	0.0	0.0	0.0	2	1.05	7.5423969354496805	230.0	27	1.05	0.95				
	222	2	0.0	0.0	0.0	0.0	2	1.05	13.560873242994253	230.0	27	1.05	0.95				
	223	2	0.0	0.0	0.0	0.0	2	1.05	5.728943255212469	230.0	25	1.05	0.95				
	224	1	0.0	0.0	0.0	0.0	2	1.0185025555146836	-2.0254901573629542	230.0	26	1.05	0.95				
	301	2	87.61974059368421	17.848465676491227	0.0	0.0	3	1.0113559119219495	-8.466988862392016	138.0	31	1.05	0.95				
	302	2	78.69550775543858	16.2258778877193	0.0	0.0	3	1.0116107274044641	-8.881388529000592	138.0	32	1.05	0.95				
	303	1	146.0329009894737	30.0178740922807	0.0	0.0	3	1.017375002507362	-1.793863520015148	138.0	31	1.05	0.95				
	304	1	60.0357481845614	12.169408415789473	0.0	0.0	3	0.999042623568893	-7.226749915369159	138.0	31	1.05	0.95				
	305	1	57.60186650140351	11.35811452140351	0.0	0.0	3	1.014207324261503	-7.551453845307723	138.0	31	1.05	0.95				
	306	1	110.33596963649124	22.71622904280702	0.0	-100.0	3	1.0218276071717658	-7.940929888315638	138.0	32	1.05	0.95				
	307	2	101.41173679824563	20.282347359649123	0.0	0.0	3	0.9910437093544698	-10.569691302182619	138.0	32	1.05	0.95				
	308	1	138.73125594	28.395286303508772	0.0	0.0	3	0.9878479964718688	-9.165240397629738	138.0	32	1.05	0.95				
	309	1	141.97643151754386	29.206580197894734	0.0	0.0	3	1.018231613558661	-2.4969038763867233	138.0	33	1.05	0.95				
	310	1	158.20230940526315	32.4517557754386	0.0	0.0	3	1.0401686026387829	-3.986090181370266	138.0	33	1.05	0.95				
	311	1	0.0	0.0	0.0	0.0	3	1.0114232551357585	3.8625570342459645	230.0	33	1.05	0.95				
	312	1	0.0	0.0	0.0	0.0	3	1.012934849562949	4.623296607354891	230.0	33	1.05	0.95				
	313	2	214.99288201228072	43.80987029684211	0.0	0.0	3	1.031882932173117	10.378778118164398	230.0	34	1.05	0.95				
	314	2	157.39101551087717	31.640461881052634	0.0	0.0	3	1.0206828832143962	5.087603849292062	230.0	36	1.05	0.95				
	315	2	257.18016452035084	51.92280924070175	0.0	0.0	3	1.0436253283926233	6.780540496001202	230.0	36	1.05	0.95				
	316	2	81.12938943859649	16.2258778877193	0.0	0.0	3	1.0400057334112374	6.921882322610514	230.0	36	1.05	0.95				
	317	1	0.0	0.0	0.0	0.0	3	1.0463283148962537	8.836435411751363	230.0	37	1.05	0.95				
	318	2	270.1608668305263	55.16798481824562	0.0	0.0	3	1.046256098939879	8.139168794106332	230.0	37	1.05	0.95				
	319	1	146.84419488385964	30.0178740922807	0.0	0.0	3	1.0336781856308566	6.838165596384788	230.0	35	1.05	0.95				
	320	1	103.8456184814035	21.093641254035088	0.0	0.0	3	1.0333452600986917	7.412676134892971	230.0	35	1.05	0.95				
	321	2	0.0	0.0	0.0	0.0	3	1.04928282429498	9.637129662122327	230.0	37	1.05	0.95				
	322	2	0.0	0.0	0.0	0.0	3	1.05	15.096671915993252	230.0	37	1.05	0.95				
	323	2	0.0	0.0	0.0	0.0	3	1.034141552388424	7.759409004995455	230.0	35	1.05	0.95				
	324	1	0.0	0.0	0.0	0.0	3	1.0253177488355054	5.390554877591097	230.0	36	1.05	0.95				
	325	1	0.0	0.0	0.0	0.0	3	1.0355501114990748	8.073384599922829	230.0	35	1.05	0.95				
];

%% generator data
%    bus    Pg    Qg    Qmax    Qmin    Vg    mBase    status    Pmax    Pmin    Pc1    Pc2    Qc1min    Qc1max    Qc2min    Qc2max    ramp_agc    ramp_10    ramp_30    ramp_q    apf
