%% MATPOWER Case Format : Version 2
function mpc = RTS_GMLC
mpc.version = '2';

%%-----  Power Flow Data  -----%%
%% system MVA base
mpc.baseMVA = 100.0;
%% bus data
%    bus_i    type    Pd    Qd    Gs    Bs    area    Vm    Va    baseKV    zone    Vmax    Vmin
mpc.bus = [
	101	2	38.16872837052632	7.775111334736843	0.0	0.0	1	1.032630557472938	3.9769007213229055	138.0	11	1.05	0.95				
	102	2	34.28117270315789	7.068283031578947	0.0	0.0	1	1.0316898383405229	3.696039608313611	138.0	12	1.05	0.95				
	103	1	63.61454728421052	13.07632360842105	0.0	0.0	1	1.0325382576321624	2.9079911298433387	138.0	11	1.05	0.95				
	104	1	26.1526472168421	5.30121227368421	0.0	0.0	1	1.0218612927919457	0.4702640299783604	138.0	11	1.05	0.95				
	105	1	25.092404762105257	4.947798122105263	0.0	0.0	1	1.0362050905638054	0.6529597152244883	138.0	11	1.05	0.95				
	106	1	48.06432461473684	9.895596244210527	0.0	-100.0	1	1.0470134627895062	-1.6237357523172673	138.0	12	1.05	0.95				
	107	2	44.176768947368416	8.835353789473684	0.0	0.0	1	0.9998188326920789	-8.336554727234468	138.0	12	1.05	0.95				
	108	1	60.43381992	12.369495305263156	0.0	0.0	1	1.0056524695458366	-6.381817648399617	138.0	12	1.05	0.95				
	109	1	61.84747652631578	12.722909456842105	0.0	0.0	1	1.024397770621248	-0.7305273723061871	138.0	13	1.05	0.95				
	110	1	68.91575955789473	14.136566063157893	0.0	0.0	1	1.05	-1.5993969270284702	138.0	13	1.05	0.95				
	111	1	0.0	0.0	0.0	0.0	1	1.0025250167338375	0.8291114540239599	230.0	13	1.05	0.95				
	112	1	0.0	0.0	0.0	0.0	1	1.007077975720729	0.08459419187920707	230.0	13	1.05	0.95				
	113	3	93.65475016842105	19.08436418526316	0.0	0.0	1	0.991107868521694	4.4932520910874354e-27	230.0	14	1.05	0.95				
	114	2	68.56234540631579	13.783151911578948	0.0	0.0	1	1.0018002682978653	3.6717367618499597	230.0	16	1.05	0.95				
	115	2	112.03228605052631	22.61850570105263	0.0	0.0	1	1.041361616377179	10.991911282048907	230.0	16	1.05	0.95				
	116	2	35.34141515789474	7.068283031578947	0.0	0.0	1	1.0347446709838009	9.651648880242687	230.0	16	1.05	0.95				
	117	1	0.0	0.0	0.0	0.0	1	1.0406340383755477	14.327770845995417	230.0	17	1.05	0.95				
	118	2	117.68691247578946	24.03216230736842	0.0	0.0	1	1.0487490923402936	14.668386777870658	230.0	17	1.05	0.95				
	119	1	63.96796143578947	13.07632360842105	0.0	0.0	1	1.0231487361543272	6.426562248451553	230.0	15	1.05	0.95				
	120	1	45.23701140210526	9.18876794105263	0.0	0.0	1	1.017402572968113	4.27639042506891	230.0	15	1.05	0.95				
	121	2	0.0	0.0	0.0	0.0	1	1.05	15.838353957782923	230.0	17	1.05	0.95				
	122	2	0.0	0.0	0.0	0.0	1	1.05	30.682380723937523	230.0	17	1.05	0.95				
	123	2	0.0	0.0	0.0	0.0	1	1.0147436959733578	3.363946888960046	230.0	15	1.05	0.95				
	124	1	0.0	0.0	0.0	0.0	1	1.0277315856118507	7.9625426605357035	230.0	16	1.05	0.95				
	201	2	41.632614530526325	8.480717774736842	0.0	0.0	2	1.013391478128943	-13.632286497107563	138.0	21	1.05	0.95				
	202	2	37.392255643157895	7.709743431578948	0.0	0.0	2	1.012513657677816	-13.920495617984331	138.0	22	1.05	0.95				
	203	1	69.38769088421054	14.263025348421055	0.0	0.0	2	1.0146040306010615	-9.574564517828307	138.0	21	1.05	0.95				
	204	1	28.52605069684211	5.782307573684211	0.0	0.0	2	1.0120806817067374	-13.583733349495624	138.0	21	1.05	0.95				
	205	1	27.369589182105265	5.396820402105265	0.0	0.0	2	1.0270739710079153	-14.025718466390742	138.0	21	1.05	0.95				
	206	1	52.42625533473685	10.79364080421053	0.0	-100.0	2	1.0427948633670685	-14.740851649284888	138.0	22	1.05	0.95				
	207	2	48.18589644736843	9.637179289473686	0.0	0.0	2	0.9956325687349533	-19.307122577949045	138.0	22	1.05	0.95				
	208	1	65.91830634000002	13.492051005263159	0.0	0.0	2	1.0020251011372432	-17.591782402465633	138.0	22	1.05	0.95				
	209	1	67.46025502631579	13.877538176842105	0.0	0.0	2	1.02257696431698	-11.706898071119628	138.0	23	1.05	0.95				
	210	1	75.16999845789474	15.419486863157896	0.0	0.0	2	1.05	-13.176917111370743	138.0	23	1.05	0.95				
	211	1	0.0	0.0	0.0	0.0	2	1.0052054011433174	-8.845595083995695	230.0	23	1.05	0.95				
	212	1	0.0	0.0	0.0	0.0	2	1.0075379094540866	-8.061999609166929	230.0	23	1.05	0.95				
	213	2	102.15410046842106	20.816307265263163	0.0	0.0	2	1.0012026850291784	-7.44821279380221	230.0	24	1.05	0.95				
	214	2	74.78451128631579	15.03399969157895	0.0	0.0	2	1.0057996831814962	-6.353285016079113	230.0	26	1.05	0.95				
	215	2	122.19943339052632	24.671178981052634	0.0	0.0	2	1.0197521436170078	-0.30957217409996435	230.0	26	1.05	0.95				
	216	2	38.54871715789474	7.709743431578948	0.0	0.0	2	1.021594488124949	-0.48006859773811644	230.0	26	1.05	0.95				
	217	1	0.0	0.0	0.0	0.0	2	1.0256185236265707	1.0858301252628004	230.0	27	1.05	0.95				
	218	2	128.3672281357895	26.213127667368425	0.0	0.0	2	1.024955591366935	0.6348557115743843	230.0	27	1.05	0.95				
	219	1	69.77317805578949	14.263025348421055	0.0	0.0	2	1.0230224557919063	-0.5090428086389983	230.0	25	1.05	0.95				
	220	1	49.34235796210527	10.022666461052633	0.0	0.0	2	1.0266436977229905	0.22345124786219162	230.0	25	1.05	0.95				
	221	2	0.0	0.0	0.0	0.0	2	1.026821127877177	1.1236783846562761	230.0	27	1.05	0.95				
	222	2	0.0	0.0	0.0	0.0	2	1.0487269171832785	7.6149016605163595	230.0	27	1.05	0.95				
	223	2	0.0	0.0	0.0	0.0	2	1.0291788434029572	0.9204404505152205	230.0	25	1.05	0.95				
	224	1	0.0	0.0	0.0	0.0	2	1.006431473650874	-3.796809479566977	230.0	26	1.05	0.95				
	301	2	47.90129706947369	9.757671625263159	0.0	0.0	3	1.0105487674755405	-8.408673731267426	138.0	31	1.05	0.95				
	302	2	43.02246125684211	8.870610568421053	0.0	0.0	3	1.0100483768419515	-8.64431530715926	138.0	32	1.05	0.95				
	303	1	79.83549511578948	16.41062955157895	0.0	0.0	3	1.0427106889581668	1.4869806661994511	138.0	31	1.05	0.95				
	304	1	32.8212591031579	6.65295792631579	0.0	0.0	3	1.012001214522855	-7.248098567023599	138.0	31	1.05	0.95				
	305	1	31.49066751789474	6.209427397894738	0.0	0.0	3	1.0247958028721653	-8.864551895881373	138.0	31	1.05	0.95				
	306	1	60.32015186526317	12.418854795789477	0.0	-100.0	3	1.0405121230185044	-9.644907335692984	138.0	32	1.05	0.95				
	307	2	55.441316052631585	11.088263210526318	0.0	0.0	3	0.9908436776134744	-14.04193652491267	138.0	32	1.05	0.95				
	308	1	75.84372036	15.523568494736843	0.0	0.0	3	0.9977920118241704	-12.0422600387888	138.0	32	1.05	0.95				
	309	1	77.61784247368422	15.967099023157896	0.0	0.0	3	1.0275379757418441	-4.294031332236947	138.0	33	1.05	0.95				
	310	1	86.48845304210528	17.741221136842107	0.0	0.0	3	1.05	-7.891183856540866	138.0	33	1.05	0.95				
	311	1	0.0	0.0	0.0	0.0	3	1.008406550159827	-3.173673859782588	230.0	33	1.05	0.95				
	312	1	0.0	0.0	0.0	0.0	3	1.014033337134824	-2.3636191517541105	230.0	33	1.05	0.95				
	313	2	117.53559003157896	23.950648534736846	0.0	0.0	3	1.011590902306705	-0.02773348911011272	230.0	34	1.05	0.95				
	314	2	86.04492251368421	17.297690608421053	0.0	0.0	3	1.0024428744321905	-2.8943361492646886	230.0	36	1.05	0.95				
	315	2	140.5991775094737	28.385953818947375	0.0	0.0	3	1.0323374725189582	-0.0016749049409927792	230.0	36	1.05	0.95				
	316	2	44.35305284210527	8.870610568421053	0.0	0.0	3	1.0289843042839235	0.15574053967164966	230.0	36	1.05	0.95				
	317	1	0.0	0.0	0.0	0.0	3	1.0372267029812998	2.216093073493429	230.0	37	1.05	0.95				
	318	2	147.69566596421055	30.160075932631585	0.0	0.0	3	1.034937727691617	1.2331330570928463	230.0	37	1.05	0.95				
	319	1	80.27902564421053	16.41062955157895	0.0	0.0	3	1.0250554421280593	0.09390417284383414	230.0	35	1.05	0.95				
	320	1	56.77190763789475	11.53179373894737	0.0	0.0	3	1.0247064337021927	0.9077837339549867	230.0	35	1.05	0.95				
	321	2	0.0	0.0	0.0	0.0	3	1.0361984885547058	1.3854953292936152	230.0	37	1.05	0.95				
	322	2	0.0	0.0	0.0	0.0	3	1.0499683689502213	6.018409856148668	230.0	37	1.05	0.95				
	323	2	0.0	0.0	0.0	0.0	3	1.0253732366670374	1.6981854419786178	230.0	35	1.05	0.95				
	324	1	0.0	0.0	0.0	0.0	3	1.0328307484826673	0.5665133410378395	230.0	36	1.05	0.95				
	325	1	0.0	0.0	0.0	0.0	3	1.023417574093823	2.89883279227504	230.0	35	1.05	0.95				
];
