%% MATPOWER Case Format : Version 2
function mpc = RTS_GMLC
mpc.version = '2';

%%-----  Power Flow Data  -----%%
%% system MVA base
mpc.baseMVA = 100.0;
%% bus data
%    bus_i    type    Pd    Qd    Gs    Bs    area    Vm    Va    baseKV    zone    Vmax    Vmin
mpc.bus = [
	101	2	39.19742700631579	7.984661056842104	0.0	0.0	1	1.0337844242509275	3.148369349088357	138.0	11	1.05	0.95				
	102	2	35.205096477894735	7.258782778947369	0.0	0.0	1	1.0328992359823819	2.9010388823987885	138.0	12	1.05	0.95				
	103	1	65.32904501052631	13.42874814105263	0.0	0.0	1	1.0293144825682854	1.1051104168073527	138.0	11	1.05	0.95				
	104	1	26.85749628210526	5.444087084210525	0.0	0.0	1	1.0223245153623903	-0.17663097064618774	138.0	11	1.05	0.95				
	105	1	25.768678865263155	5.081147945263158	0.0	0.0	1	1.0368957757055137	0.09268086870595063	138.0	11	1.05	0.95				
	106	1	49.35972289684211	10.162295890526316	0.0	-100.0	1	1.0472471028374868	-2.0389008058411613	138.0	12	1.05	0.95				
	107	2	45.36739236842105	9.07347847368421	0.0	0.0	1	1.0009000818474816	-7.0834109487764865	138.0	12	1.05	0.95				
	108	1	62.06259275999999	12.702869863157892	0.0	0.0	1	1.006792692328185	-5.864002593591926	138.0	12	1.05	0.95				
	109	1	63.514349315789474	13.065809002105262	0.0	0.0	1	1.0244005499804771	-1.2210399815275332	138.0	13	1.05	0.95				
	110	1	70.77313209473684	14.517565557894738	0.0	0.0	1	1.05	-1.8609918758397863	138.0	13	1.05	0.95				
	111	1	0.0	0.0	0.0	0.0	1	1.0011121505333858	0.1669902120922408	230.0	13	1.05	0.95				
	112	1	0.0	0.0	0.0	0.0	1	1.0063600749343045	0.39953926268783696	230.0	13	1.05	0.95				
	113	3	96.17887182105262	19.598713503157896	0.0	0.0	1	0.9906983193814544	-3.9377543049910325e-28	230.0	14	1.05	0.95				
	114	2	70.41019295578947	14.15462641894737	0.0	0.0	1	0.996776509505944	2.1619231112986736	230.0	16	1.05	0.95				
	115	2	115.05170704631578	23.228104892631578	0.0	0.0	1	1.0342157584984375	7.253627574290466	230.0	16	1.05	0.95				
	116	2	36.29391389473684	7.258782778947369	0.0	0.0	1	1.0301280727397095	7.032510352996544	230.0	16	1.05	0.95				
	117	1	0.0	0.0	0.0	0.0	1	1.0386853203180433	9.203511156254278	230.0	17	1.05	0.95				
	118	2	120.85873326947367	24.679861448421054	0.0	0.0	1	1.0418109695304023	9.26392403353286	230.0	17	1.05	0.95				
	119	1	65.69198414947368	13.42874814105263	0.0	0.0	1	1.0235024876513856	5.955117279815861	230.0	15	1.05	0.95				
	120	1	46.456209785263155	9.436417612631578	0.0	0.0	1	1.0200296687484216	5.726084109520335	230.0	15	1.05	0.95				
	121	2	0.0	0.0	0.0	0.0	1	1.0457049442816062	10.155356793079182	230.0	17	1.05	0.95				
	122	2	0.0	0.0	0.0	0.0	1	1.05	17.473503585614978	230.0	17	1.05	0.95				
	123	2	0.0	0.0	0.0	0.0	1	1.0183535843403613	5.885668777834667	230.0	15	1.05	0.95				
	124	1	0.0	0.0	0.0	0.0	1	1.0240423484267807	4.943447040334405	230.0	16	1.05	0.95				
	201	2	38.31764521263158	7.805446247017543	0.0	0.0	2	1.0188174861289794	-8.025912901151447	138.0	21	1.05	0.95				
	202	2	34.414922089122804	7.095860224561404	0.0	0.0	2	1.0186916773685186	-8.091042314065824	138.0	22	1.05	0.95				
	203	1	63.86274202105263	13.127341415438595	0.0	0.0	2	1.0167379659788016	-6.328011820598635	138.0	21	1.05	0.95				
	204	1	26.25468283087719	5.321895168421052	0.0	0.0	2	1.0157559697204832	-8.749932476798714	138.0	21	1.05	0.95				
	205	1	25.190303797192982	4.967102157192983	0.0	0.0	2	1.0302760352348326	-9.018374409690779	138.0	21	1.05	0.95				
	206	1	48.25184952701755	9.934204314385966	0.0	-100.0	2	1.0450391091170446	-9.978157238343943	138.0	22	1.05	0.95				
	207	2	44.34912640350877	8.869825280701754	0.0	0.0	2	0.9953166035898292	-14.590653287859023	138.0	22	1.05	0.95				
	208	1	60.66960492	12.417755392982455	0.0	0.0	2	1.0030943398471157	-13.042181973204091	138.0	22	1.05	0.95				
	209	1	62.088776964912284	12.772548404210527	0.0	0.0	2	1.0226989336489882	-7.812946496678328	138.0	23	1.05	0.95				
	210	1	69.18463718947369	14.191720449122808	0.0	0.0	2	1.05	-8.873521978462747	138.0	23	1.05	0.95				
	211	1	0.0	0.0	0.0	0.0	2	1.0018448229841204	-5.358178908647364	230.0	23	1.05	0.95				
	212	1	0.0	0.0	0.0	0.0	2	1.0059774824708914	-4.696160814156952	230.0	23	1.05	0.95				
	213	2	94.02014797543859	19.15882260631579	0.0	0.0	2	0.9949149082694047	-4.2224205619274935	230.0	24	1.05	0.95				
	214	2	68.82984417824561	13.836927437894737	0.0	0.0	2	0.9995146592090297	-3.2163377906188018	230.0	26	1.05	0.95				
	215	2	112.46938455929825	22.70675271859649	0.0	0.0	2	1.0181471553607044	1.930791477450058	230.0	26	1.05	0.95				
	216	2	35.479301122807016	7.095860224561404	0.0	0.0	2	1.0193062987353758	1.9371026440750223	230.0	26	1.05	0.95				
	217	1	0.0	0.0	0.0	0.0	2	1.0247970795062704	3.5340692841897163	230.0	27	1.05	0.95				
	218	2	118.14607273894737	24.125924763508774	0.0	0.0	2	1.0241170639860722	3.085891424603125	230.0	27	1.05	0.95				
	219	1	64.21753503228071	13.127341415438595	0.0	0.0	2	1.0201010408206497	1.7849587737374155	230.0	25	1.05	0.95				
	220	1	45.41350543719298	9.224618291929824	0.0	0.0	2	1.022812466052481	2.356047042416374	230.0	25	1.05	0.95				
	221	2	0.0	0.0	0.0	0.0	2	1.0257593866703971	3.5066920364406653	230.0	27	1.05	0.95				
	222	2	0.0	0.0	0.0	0.0	2	1.047815050473305	10.035039958747246	230.0	27	1.05	0.95				
	223	2	0.0	0.0	0.0	0.0	2	1.024657133133404	2.944845736610155	230.0	25	1.05	0.95				
	224	1	0.0	0.0	0.0	0.0	2	1.0073459717935203	-1.1890596758064589	230.0	26	1.05	0.95				
	301	2	43.784245477894736	8.919012967719297	0.0	0.0	3	1.0077001051976728	-17.987859617342018	138.0	31	1.05	0.95				
	302	2	39.32473899403509	8.108193607017544	0.0	0.0	3	1.0076464813434678	-18.087073300750635	138.0	32	1.05	0.95				
	303	1	72.97374246315789	15.000158172982456	0.0	0.0	3	1.021739637027173	-13.170057542660986	138.0	31	1.05	0.95				
	304	1	30.00031634596491	6.081145205263157	0.0	0.0	3	1.010626574443127	-16.732834494281	138.0	31	1.05	0.95				
	305	1	28.784087304912276	5.675735524912281	0.0	0.0	3	1.023621024808639	-17.39747454049342	138.0	31	1.05	0.95				
	306	1	55.13571652771929	11.351471049824562	0.0	-100.0	3	1.0410269271123653	-17.560731733965763	138.0	32	1.05	0.95				
	307	2	50.67621004385965	10.135242008771929	0.0	0.0	3	0.9935558329190076	-21.9411447454458	138.0	32	1.05	0.95				
	308	1	69.32505533999999	14.189338812280699	0.0	0.0	3	1.0006691428630485	-20.136207792742187	138.0	32	1.05	0.95				
	309	1	70.9466940614035	14.594748492631576	0.0	0.0	3	1.0255076181802794	-13.96087111434842	138.0	33	1.05	0.95				
	310	1	79.05488766842105	16.216387214035088	0.0	0.0	3	1.05	-15.501429431141487	138.0	33	1.05	0.95				
	311	1	0.0	0.0	0.0	0.0	3	1.0067444375727654	-9.99526055063225	230.0	33	1.05	0.95				
	312	1	0.0	0.0	0.0	0.0	3	1.0101344890561654	-9.554770404280362	230.0	33	1.05	0.95				
	313	2	107.43356529298245	21.892122738947368	0.0	0.0	3	1.0093842624278737	-6.5362479296117595	230.0	34	1.05	0.95				
	314	2	78.64947798807017	15.810977533684209	0.0	0.0	3	1.0061409617419135	-8.177218895211803	230.0	36	1.05	0.95				
	315	2	128.51486867122804	25.946219542456138	0.0	0.0	3	1.0317696090162682	-3.829448381996742	230.0	36	1.05	0.95				
	316	2	40.540968035087715	8.108193607017544	0.0	0.0	3	1.0309587815199575	-3.2127102867349553	230.0	36	1.05	0.95				
	317	1	0.0	0.0	0.0	0.0	3	1.0391469456635603	-0.04789952869291094	230.0	37	1.05	0.95				
	318	2	135.0014235568421	27.567858263859645	0.0	0.0	3	1.0363366041716822	-0.9630692424565114	230.0	37	1.05	0.95				
	319	1	73.37915214350876	15.000158172982456	0.0	0.0	3	1.0264712323602072	-4.012251105954226	230.0	35	1.05	0.95				
	320	1	51.892439084912276	10.540651689122807	0.0	0.0	3	1.0252301199170482	-3.91799903733239	230.0	35	1.05	0.95				
	321	2	0.0	0.0	0.0	0.0	3	1.0371436374979883	-1.3540618551357941	230.0	37	1.05	0.95				
	322	2	0.0	0.0	0.0	0.0	3	1.049999994966511	3.4698593905419934	230.0	37	1.05	0.95				
	323	2	0.0	0.0	0.0	0.0	3	1.0250140016615514	-3.551896031174028	230.0	35	1.05	0.95				
	324	1	0.0	0.0	0.0	0.0	3	1.0163998702152899	-7.327812411196081	230.0	36	1.05	0.95				
	325	1	0.0	0.0	0.0	0.0	3	1.0229657113528738	-2.3927094935194226	230.0	35	1.05	0.95				
];
