%% MATPOWER Case Format : Version 2
function mpc = RTS_GMLC
mpc.version = '2';

%%-----  Power Flow Data  -----%%
%% system MVA base
mpc.baseMVA = 100.0;
%% bus data
%    bus_i    type    Pd    Qd    Gs    Bs    area    Vm    Va    baseKV    zone    Vmax    Vmin
mpc.bus = [
	101	2	43.258782770526324	8.811974268070175	0.0	0.0	1	1.0349529241481448	2.192528207875517	138.0	11	1.05	0.95				
	102	2	38.85279563649123	8.010885698245614	0.0	0.0	1	1.0340497739647123	1.9411704340232712	138.0	12	1.05	0.95				
	103	1	72.09797128421053	14.820138541754387	0.0	0.0	1	1.0277089773747254	0.509814120899407	138.0	11	1.05	0.95				
	104	1	29.640277083508774	6.00816427368421	0.0	0.0	1	1.0221160512680763	-0.9758630622466792	138.0	11	1.05	0.95				
	105	1	28.43864422877193	5.607619988771931	0.0	0.0	1	1.0370989374178472	-0.7495734026891123	138.0	11	1.05	0.95				
	106	1	54.47402274807018	11.215239977543861	0.0	-100.0	1	1.0465801469564868	-2.850498425381136	138.0	12	1.05	0.95				
	107	2	50.06803561403509	10.013607122807018	0.0	0.0	1	1.0014199311486496	-6.968498742614987	138.0	12	1.05	0.95				
	108	1	68.49307272	14.019049971929826	0.0	0.0	1	1.006210830507714	-6.165181427584106	138.0	12	1.05	0.95				
	109	1	70.09524985964913	14.419594256842105	0.0	0.0	1	1.0241892605053537	-1.7403250493268032	138.0	13	1.05	0.95				
	110	1	78.10613555789475	16.02177139649123	0.0	0.0	1	1.05	-2.473644848609992	138.0	13	1.05	0.95				
	111	1	0.0	0.0	0.0	0.0	1	1.0021368425432957	-0.15186615148865526	230.0	13	1.05	0.95				
	112	1	0.0	0.0	0.0	0.0	1	1.0066430864721712	0.1764367718283536	230.0	13	1.05	0.95				
	113	3	106.14423550175438	21.629391385263162	0.0	0.0	1	0.9927139388470158	-2.267019795844582e-28	230.0	14	1.05	0.95				
	114	2	77.70559127298246	15.621227111578948	0.0	0.0	1	0.9986316098428426	1.8075180950640364	230.0	16	1.05	0.95				
	115	2	126.972538317193	25.634834234385966	0.0	0.0	1	1.0324637188765564	7.27989418880763	230.0	16	1.05	0.95				
	116	2	40.05442849122807	8.010885698245614	0.0	0.0	1	1.0286202114384415	6.903030213553451	230.0	16	1.05	0.95				
	117	1	0.0	0.0	0.0	0.0	1	1.0365562443815923	8.938016525349862	230.0	17	1.05	0.95				
	118	2	133.3812468757895	27.23701137403509	0.0	0.0	1	1.0386593601537006	9.066181439684089	230.0	17	1.05	0.95				
	119	1	72.49851556912282	14.820138541754387	0.0	0.0	1	1.0223540901958685	5.871332202796276	230.0	15	1.05	0.95				
	120	1	51.26966846877193	10.414151407719299	0.0	0.0	1	1.0196160571375525	5.757416161948971	230.0	15	1.05	0.95				
	121	2	0.0	0.0	0.0	0.0	1	1.04202166548785	10.108970743782512	230.0	17	1.05	0.95				
	122	2	0.0	0.0	0.0	0.0	1	1.05	16.15274004833329	230.0	17	1.05	0.95				
	123	2	0.0	0.0	0.0	0.0	1	1.0185373891096463	6.0090122508844885	230.0	15	1.05	0.95				
	124	1	0.0	0.0	0.0	0.0	1	1.0217758442068035	4.734125867967115	230.0	16	1.05	0.95				
	201	2	38.13064692631579	7.767354003508772	0.0	0.0	2	1.0230619185966259	-4.734249160327477	138.0	21	1.05	0.95				
	202	2	34.2469699245614	7.061230912280701	0.0	0.0	2	1.0234137928313303	-4.641245381848923	138.0	22	1.05	0.95				
	203	1	63.55107821052631	13.063277187719297	0.0	0.0	2	1.0175968193016907	-4.630032587309961	138.0	21	1.05	0.95				
	204	1	26.126554375438594	5.295923184210526	0.0	0.0	2	1.018015741604783	-5.897287900918144	138.0	21	1.05	0.95				
	205	1	25.06736973859649	4.942861638596492	0.0	0.0	2	1.032416731887	-6.05509267692639	138.0	21	1.05	0.95				
	206	1	48.01637020350877	9.885723277192984	0.0	-100.0	2	1.0461062425666285	-7.1531859294415066	138.0	22	1.05	0.95				
	207	2	44.132693201754385	8.826538640350877	0.0	0.0	2	0.9948826984495568	-12.062398066288324	138.0	22	1.05	0.95				
	208	1	60.37352429999999	12.357154096491227	0.0	0.0	2	1.0029612432180486	-10.525695364265363	138.0	22	1.05	0.95				
	209	1	61.78577048245614	12.710215642105263	0.0	0.0	2	1.0228878358179259	-5.462192664440455	138.0	23	1.05	0.95				
	210	1	68.84700139473684	14.122461824561402	0.0	0.0	2	1.05	-6.2531846424097015	138.0	23	1.05	0.95				
	211	1	0.0	0.0	0.0	0.0	2	1.0006715355093532	-3.1215985351060733	230.0	23	1.05	0.95				
	212	1	0.0	0.0	0.0	0.0	2	1.0052227666716462	-2.2992538566641523	230.0	23	1.05	0.95				
	213	2	93.5613095877193	19.065323463157895	0.0	0.0	2	0.9930679665533874	-1.8923351017084515	230.0	24	1.05	0.95				
	214	2	68.4939398491228	13.76940027894737	0.0	0.0	2	0.9968433081374466	-1.3013433991817716	230.0	26	1.05	0.95				
	215	2	111.92050995964911	22.595938919298245	0.0	0.0	2	1.0181275790802709	3.1403028348857376	230.0	26	1.05	0.95				
	216	2	35.30615456140351	7.061230912280701	0.0	0.0	2	1.018584132376647	3.3763979154882886	230.0	26	1.05	0.95				
	217	1	0.0	0.0	0.0	0.0	2	1.02454109140552	4.669383136657998	230.0	27	1.05	0.95				
	218	2	117.56949468947369	24.008185101754385	0.0	0.0	2	1.023803106110001	4.24394934637288	230.0	27	1.05	0.95				
	219	1	63.90413975614035	13.063277187719297	0.0	0.0	2	1.0190584002668455	3.6116993602534673	230.0	25	1.05	0.95				
	220	1	45.19187783859649	9.179600185964912	0.0	0.0	2	1.021526481346827	4.516576291425216	230.0	25	1.05	0.95				
	221	2	0.0	0.0	0.0	0.0	2	1.025529166891194	4.681040138601753	230.0	27	1.05	0.95				
	222	2	0.0	0.0	0.0	0.0	2	1.047515381805931	11.197920731952486	230.0	27	1.05	0.95				
	223	2	0.0	0.0	0.0	0.0	2	1.0233501217724927	5.2879526694379075	230.0	25	1.05	0.95				
	224	1	0.0	0.0	0.0	0.0	2	1.0081646849185564	0.2026011061422666	230.0	26	1.05	0.95				
	301	2	43.01550144000001	8.762416960000001	0.0	0.0	3	1.0111590343930574	-11.466181850057326	138.0	31	1.05	0.95				
	302	2	38.63429296	7.965833600000001	0.0	0.0	3	1.010940358541141	-11.654601945195468	138.0	32	1.05	0.95				
	303	1	71.69250240000001	14.73679216	0.0	0.0	3	1.0341774672150896	-3.690200449642425	138.0	31	1.05	0.95				
	304	1	29.47358432	5.974375200000001	0.0	0.0	3	1.012515327562259	-10.487152367759293	138.0	31	1.05	0.95				
	305	1	28.27870928	5.576083520000001	0.0	0.0	3	1.0257079912859683	-11.579511718820228	138.0	31	1.05	0.95				
	306	1	54.16766848000001	11.152167040000002	0.0	-100.0	3	1.0420598413103583	-12.131535617177683	138.0	32	1.05	0.95				
	307	2	49.786460000000005	9.957292	0.0	0.0	3	0.994614056461496	-16.234891127207057	138.0	32	1.05	0.95				
	308	1	68.10787728000001	13.9402088	0.0	0.0	3	1.0015537920841935	-14.464626369571977	138.0	32	1.05	0.95				
	309	1	69.70104400000001	14.338500480000002	0.0	0.0	3	1.0257546847306909	-7.894803508598288	138.0	33	1.05	0.95				
	310	1	77.6668776	15.931667200000001	0.0	0.0	3	1.05	-10.40853315509024	138.0	33	1.05	0.95				
	311	1	0.0	0.0	0.0	0.0	3	1.0050792984182988	-5.7162110183332056	230.0	33	1.05	0.95				
	312	1	0.0	0.0	0.0	0.0	3	1.0099540787009522	-5.176608540497767	230.0	33	1.05	0.95				
	313	2	105.54729520000001	21.507750720000004	0.0	0.0	3	1.0072868802776227	-2.5752631991710198	230.0	34	1.05	0.95				
	314	2	77.26858592	15.53337552	0.0	0.0	3	0.9986936553824755	-4.892668018576172	230.0	36	1.05	0.95				
	315	2	126.25846256000001	25.490667520000006	0.0	0.0	3	1.0209047616860505	-1.7971873484710457	230.0	36	1.05	0.95				
	316	2	39.829168	7.965833600000001	0.0	0.0	3	1.0193509232569964	-1.3209607518775743	230.0	36	1.05	0.95				
	317	1	0.0	0.0	0.0	0.0	3	1.0240309647677348	-0.4305811933564776	230.0	37	1.05	0.95				
	318	2	132.63112944000002	27.083834240000005	0.0	0.0	3	1.02313469373508	-0.5417741052737427	230.0	37	1.05	0.95				
	319	1	72.09079408000001	14.73679216	0.0	0.0	3	1.0159566376531535	-1.8438175403303052	230.0	35	1.05	0.95				
	320	1	50.98133504000001	10.35558368	0.0	0.0	3	1.0155957168461165	-1.5051252655089242	230.0	35	1.05	0.95				
	321	2	0.0	0.0	0.0	0.0	3	1.0244469154276943	-0.4248429224084414	230.0	37	1.05	0.95				
	322	2	0.0	0.0	0.0	0.0	3	1.03767923731718	3.9832718192608194	230.0	37	1.05	0.95				
	323	2	0.0	0.0	0.0	0.0	3	1.0159159031422695	-1.0045738824605146	230.0	35	1.05	0.95				
	324	1	0.0	0.0	0.0	0.0	3	1.0209153361103471	-2.529462892629257	230.0	36	1.05	0.95				
	325	1	0.0	0.0	0.0	0.0	3	1.0155507572122575	-0.050749286262805816	230.0	35	1.05	0.95				
];
