%% MATPOWER Case Format : Version 2
function mpc = RTS_GMLC
mpc.version = '2';

%%-----  Power Flow Data  -----%%
%% system MVA base
mpc.baseMVA = 100.0;
%% bus data
%    bus_i    type    Pd    Qd    Gs    Bs    area    Vm    Va    baseKV    zone    Vmax    Vmin
mpc.bus = [
	101	2	60.065314218947364	12.235526970526314	0.0	0.0	1	1.0341701613959002	-0.29218120035150175	138.0	11	1.05	0.95				
	102	2	53.9475507336842	11.123206336842104	0.0	0.0	1	1.0337713631272434	-0.45575198742048584	138.0	12	1.05	0.95				
	103	1	100.10885703157895	20.577931723157892	0.0	0.0	1	1.0242477942550898	-1.1454393858623853	138.0	11	1.05	0.95				
	104	1	41.155863446315784	8.342404752631579	0.0	0.0	1	1.0194678844709684	-3.382627613926096	138.0	11	1.05	0.95				
	105	1	39.48738249578947	7.786244435789473	0.0	0.0	1	1.0346372094162752	-3.3044084857447857	138.0	11	1.05	0.95				
	106	1	75.63780309052632	15.572488871578946	0.0	-100.0	1	1.042078344262485	-5.542498021333481	138.0	12	1.05	0.95				
	107	2	69.52003960526315	13.90400792105263	0.0	0.0	1	1.0199773404373222	-8.10841953631552	138.0	12	1.05	0.95				
	108	1	95.10341417999999	19.46561108947368	0.0	0.0	1	1.012870358918802	-8.14398916273863	138.0	12	1.05	0.95				
	109	1	97.32805544736841	20.021771406315786	0.0	0.0	1	1.0249957313615587	-3.5278211597667832	138.0	13	1.05	0.95				
	110	1	108.45126178421052	22.24641267368421	0.0	0.0	1	1.05	-4.608034997624276	138.0	13	1.05	0.95				
	111	1	0.0	0.0	0.0	0.0	1	1.0061551411173617	-1.0326326413385354	230.0	13	1.05	0.95				
	112	1	0.0	0.0	0.0	0.0	1	1.0114581314441686	-0.682348599137957	230.0	13	1.05	0.95				
	113	3	147.38248396315788	30.032657109473682	0.0	0.0	1	1.0046626712073166	5.271922599546802e-31	230.0	14	1.05	0.95				
	114	2	107.8951014673684	21.690252356842105	0.0	0.0	1	1.002434305533121	1.2184334166393376	230.0	16	1.05	0.95				
	115	2	176.30282043894735	35.59426027789473	0.0	0.0	1	1.0374572412625842	8.2820481975836	230.0	16	1.05	0.95				
	116	2	55.61603168421052	11.123206336842104	0.0	0.0	1	1.0332996543618105	7.694693519649023	230.0	16	1.05	0.95				
	117	1	0.0	0.0	0.0	0.0	1	1.0420614938169555	10.491373094633104	230.0	17	1.05	0.95				
	118	2	185.20138550842105	37.81890154526316	0.0	0.0	1	1.0461236797148843	10.919741871800657	230.0	17	1.05	0.95				
	119	1	100.66501734842103	20.577931723157892	0.0	0.0	1	1.0272051967616265	6.027810513509143	230.0	15	1.05	0.95				
	120	1	71.18852055578947	14.460168237894736	0.0	0.0	1	1.0266993733400138	5.650020410292334	230.0	15	1.05	0.95				
	121	2	0.0	0.0	0.0	0.0	1	1.05	11.43803815072602	230.0	17	1.05	0.95				
	122	2	0.0	0.0	0.0	0.0	1	1.05	18.521357951860196	230.0	17	1.05	0.95				
	123	2	0.0	0.0	0.0	0.0	1	1.0275311790283543	5.866768618951803	230.0	15	1.05	0.95				
	124	1	0.0	0.0	0.0	0.0	1	1.020732745981055	4.762306119113161	230.0	16	1.05	0.95				
	201	2	62.95041712421053	12.82323311789474	0.0	0.0	2	1.0302933461792056	-14.975281173293153	138.0	21	1.05	0.95				
	202	2	56.53880056526316	11.657484652631581	0.0	0.0	2	1.030738750659498	-15.018924988354186	138.0	22	1.05	0.95				
	203	1	104.91736187368423	21.566346607368423	0.0	0.0	2	1.019052395509611	-12.037040773902833	138.0	21	1.05	0.95				
	204	1	43.13269321473685	8.743113489473684	0.0	0.0	2	1.0166707951955845	-17.06963998119471	138.0	21	1.05	0.95				
	205	1	41.38407051684211	8.160239256842107	0.0	0.0	2	1.0326031508210196	-17.462357316953327	138.0	21	1.05	0.95				
	206	1	79.27089563789474	16.320478513684215	0.0	-100.0	2	1.0408682078278442	-19.403585657225655	138.0	22	1.05	0.95				
	207	2	72.85927907894738	14.571855815789474	0.0	0.0	2	0.9888347835422089	-28.09296946179994	138.0	22	1.05	0.95				
	208	1	99.67149378	20.400598142105263	0.0	0.0	2	0.9894848262542479	-25.302279720014113	138.0	22	1.05	0.95				
	209	1	102.00299071052632	20.983472374736845	0.0	0.0	2	1.022894787180709	-16.372450068550847	138.0	23	1.05	0.95				
	210	1	113.66047536315791	23.314969305263162	0.0	0.0	2	1.05	-18.134342337282185	138.0	23	1.05	0.95				
	211	1	0.0	0.0	0.0	0.0	2	1.0144137386731888	-13.080860071606796	230.0	23	1.05	0.95				
	212	1	0.0	0.0	0.0	0.0	2	1.0151882114160706	-12.528521398951828	230.0	23	1.05	0.95				
	213	2	154.46167164736843	31.475208562105266	0.0	0.0	2	1.0163487616870623	-12.158702603925068	230.0	24	1.05	0.95				
	214	2	113.07760113052632	22.73209507263158	0.0	0.0	2	1.0211941697637845	-9.708186538750216	230.0	26	1.05	0.95				
	215	2	184.77113174421055	37.303950888421056	0.0	0.0	2	1.0324466220405621	-0.8116199718108736	230.0	26	1.05	0.95				
	216	2	58.2874232631579	11.657484652631581	0.0	0.0	2	1.0346275935582168	-1.3572310734317847	230.0	26	1.05	0.95				
	217	1	0.0	0.0	0.0	0.0	2	1.0376668321467781	2.179416644353728	230.0	27	1.05	0.95				
	218	2	194.0971194663158	39.63544781894737	0.0	0.0	2	1.0393109397624525	2.5364231013817533	230.0	27	1.05	0.95				
	219	1	105.50023610631581	21.566346607368423	0.0	0.0	2	1.035190990798476	-2.775684602319356	230.0	25	1.05	0.95				
	220	1	74.60790177684211	15.154730048421056	0.0	0.0	2	1.0405660347199033	-2.8919194057110866	230.0	25	1.05	0.95				
	221	2	0.0	0.0	0.0	0.0	2	1.0393963748448096	2.1833879030006633	230.0	27	1.05	0.95				
	222	2	0.0	0.0	0.0	0.0	2	1.05	8.683265726933506	230.0	27	1.05	0.95				
	223	2	0.0	0.0	0.0	0.0	2	1.0447370089213803	-2.525566279795999	230.0	25	1.05	0.95				
	224	1	0.0	0.0	0.0	0.0	2	1.0135249806201916	-5.005334710928499	230.0	26	1.05	0.95				
	301	2	60.354950968421065	12.294527049122808	0.0	0.0	3	1.0351937020926845	-13.322041087246356	138.0	31	1.05	0.95				
	302	2	54.207687443859655	11.176842771929826	0.0	0.0	3	1.0299798921937648	-13.668472885836628	138.0	32	1.05	0.95				
	303	1	100.59158494736842	20.677159128070173	0.0	0.0	3	1.05	2.4824884516154784	138.0	31	1.05	0.95				
	304	1	41.354318256140346	8.382632078947367	0.0	0.0	3	1.0090354307850598	-12.249322946382238	138.0	31	1.05	0.95				
	305	1	39.67779184035087	7.823789940350878	0.0	0.0	3	1.0306598048818585	-14.039176907049121	138.0	31	1.05	0.95				
	306	1	76.00253084912282	15.647579880701755	0.0	-100.0	3	1.0339050454780656	-15.09278197708083	138.0	32	1.05	0.95				
	307	2	69.8552673245614	13.97105346491228	0.0	0.0	3	0.9600289251942516	-13.16499516727014	138.0	32	1.05	0.95				
	308	1	95.5620057	19.559474850877194	0.0	0.0	3	0.9723972663077707	-14.080326518210683	138.0	32	1.05	0.95				
	309	1	97.79737425438597	20.118316989473684	0.0	0.0	3	1.010502226274488	-8.725489618854025	138.0	33	1.05	0.95				
	310	1	108.97421702631578	22.35368554385965	0.0	0.0	3	1.0395969523689776	-12.976650939108927	138.0	33	1.05	0.95				
	311	1	0.0	0.0	0.0	0.0	3	0.9975737516440378	-8.33771467715027	230.0	33	1.05	0.95				
	312	1	0.0	0.0	0.0	0.0	3	1.000555945112493	-7.247504076199189	230.0	33	1.05	0.95				
	313	2	148.09316672807017	30.177475484210532	0.0	0.0	3	0.9981905306310543	-4.755453378550688	230.0	34	1.05	0.95				
	314	2	108.41537488771931	21.79484340526316	0.0	0.0	3	0.9960223845901308	-8.849388870680782	230.0	36	1.05	0.95				
	315	2	177.15295793508773	35.76589687017544	0.0	0.0	3	1.05	-6.100418719828869	230.0	36	1.05	0.95				
	316	2	55.88421385964912	11.176842771929826	0.0	0.0	3	1.0384396519453616	-6.172221630939419	230.0	36	1.05	0.95				
	317	1	0.0	0.0	0.0	0.0	3	1.0454069786859284	-4.772282498100814	230.0	37	1.05	0.95				
	318	2	186.09443215263158	38.00126542456141	0.0	0.0	3	1.0449690764416752	-5.41647103466221	230.0	37	1.05	0.95				
	319	1	101.1504270859649	20.677159128070173	0.0	0.0	3	1.0229255712160663	-6.061273319666221	230.0	35	1.05	0.95				
	320	1	71.53179374035088	14.529895603508772	0.0	0.0	3	1.0139744608365941	-4.8620395075829945	230.0	35	1.05	0.95				
	321	2	0.0	0.0	0.0	0.0	3	1.048336614330487	-5.108300202110151	230.0	37	1.05	0.95				
	322	2	0.0	0.0	0.0	0.0	3	1.05	-0.6375982395784056	230.0	37	1.05	0.95				
	323	2	0.0	0.0	0.0	0.0	3	1.0106850391674242	-3.751618337304904	230.0	35	1.05	0.95				
	324	1	0.0	0.0	0.0	0.0	3	1.0471746789767644	-2.81907234646835	230.0	36	1.05	0.95				
	325	1	0.0	0.0	0.0	0.0	3	1.0094038381615547	-2.4403661500413176	230.0	35	1.05	0.95				
];
