%% MATPOWER Case Format : Version 2
function mpc = RTS_GMLC
mpc.version = '2';

%%-----  Power Flow Data  -----%%
%% system MVA base
mpc.baseMVA = 100.0;
%% bus data
%    bus_i    type    Pd    Qd    Gs    Bs    area    Vm    Va    baseKV    zone    Vmax    Vmin
mpc.bus = [
	101	2	43.352300842105265	8.831024245614035	0.0	0.0	1	1.0418338093401776	4.8862707391026925	138.0	11	1.05	0.95				
	102	2	38.93678871929825	8.028203859649125	0.0	0.0	1	1.0410508309937438	4.658323513977109	138.0	12	1.05	0.95				
	103	1	72.25383473684211	14.852177140350879	0.0	0.0	1	1.0328187282749246	1.9817422045769093	138.0	11	1.05	0.95				
	104	1	29.704354280701757	6.021152894736842	0.0	0.0	1	1.0266550740227682	1.1139623434038486	138.0	11	1.05	0.95				
	105	1	28.500123701754386	5.619742701754387	0.0	0.0	1	1.0398792164538082	1.1192615649820443	138.0	11	1.05	0.95				
	106	1	54.59178624561404	11.239485403508773	0.0	-100.0	1	1.0475625143421607	-1.434235429461223	138.0	12	1.05	0.95				
	107	2	50.176274122807015	10.035254824561404	0.0	0.0	1	0.9986711189250969	-6.922387571777883	138.0	12	1.05	0.95				
	108	1	68.641143	14.049356754385963	0.0	0.0	1	1.004368840609399	-5.716486270567031	138.0	12	1.05	0.95				
	109	1	70.24678377192983	14.450766947368422	0.0	0.0	1	1.0249350366193746	-0.7798742147399182	138.0	13	1.05	0.95				
	110	1	78.27498763157895	16.05640771929825	0.0	0.0	1	1.05	-1.4719713267623564	138.0	13	1.05	0.95				
	111	1	0.0	0.0	0.0	0.0	1	1.0025492984493223	0.2986635776006008	230.0	13	1.05	0.95				
	112	1	0.0	0.0	0.0	0.0	1	1.0077482415703496	0.5726312699297	230.0	13	1.05	0.95				
	113	3	106.37370114035087	21.676150421052633	0.0	0.0	1	0.9921561427994029	6.955454018769001e-28	230.0	14	1.05	0.95				
	114	2	77.8735774385965	15.654997526315793	0.0	0.0	1	0.9986508424392518	2.1110210386463226	230.0	16	1.05	0.95				
	115	2	127.24703117543861	25.690252350877195	0.0	0.0	1	1.03881026208667	7.364539800072173	230.0	16	1.05	0.95				
	116	2	40.14101929824562	8.028203859649125	0.0	0.0	1	1.0337672455046767	6.957817059645469	230.0	16	1.05	0.95				
	117	1	0.0	0.0	0.0	0.0	1	1.0419676494245118	8.880457836203437	230.0	17	1.05	0.95				
	118	2	133.6695942631579	27.29589312280702	0.0	0.0	1	1.0455991862753775	8.659155267289588	230.0	17	1.05	0.95				
	119	1	72.65524492982458	14.852177140350879	0.0	0.0	1	1.0263203870193494	5.892155325806562	230.0	15	1.05	0.95				
	120	1	51.38050470175439	10.436665017543861	0.0	0.0	1	1.0223395350592823	5.643236981614962	230.0	15	1.05	0.95				
	121	2	0.0	0.0	0.0	0.0	1	1.05	9.33120290394258	230.0	17	1.05	0.95				
	122	2	0.0	0.0	0.0	0.0	1	1.05	18.305841899467257	230.0	17	1.05	0.95				
	123	2	0.0	0.0	0.0	0.0	1	1.0205558497281728	5.819619351784651	230.0	15	1.05	0.95				
	124	1	0.0	0.0	0.0	0.0	1	1.0288732877121196	5.347043094014244	230.0	16	1.05	0.95				
	201	2	42.05761056000001	8.56729104	0.0	0.0	2	1.0227941588606624	-5.42447992507188	138.0	21	1.05	0.95				
	202	2	37.77396504	7.7884464000000015	0.0	0.0	2	1.0234826102720482	-5.207555759061	138.0	22	1.05	0.95				
	203	1	70.09601760000001	14.408625840000003	0.0	0.0	2	1.0164022712380947	-5.665385961152149	138.0	21	1.05	0.95				
	204	1	28.817251680000005	5.8413348	0.0	0.0	2	1.0173329954915404	-7.01673268963187	138.0	21	1.05	0.95				
	205	1	27.64898472	5.451912480000002	0.0	0.0	2	1.031663131092143	-7.186665649745928	138.0	21	1.05	0.95				
	206	1	52.96143552000001	10.903824960000003	0.0	-100.0	2	1.0448873557117502	-8.52023341052743	138.0	22	1.05	0.95				
	207	2	48.67779	9.735558000000001	0.0	0.0	2	0.9895368165741938	-14.180404398178432	138.0	22	1.05	0.95				
	208	1	66.59121672	13.629781200000002	0.0	0.0	2	0.998481813941721	-12.467690385062406	138.0	22	1.05	0.95				
	209	1	68.14890600000001	14.019203520000001	0.0	0.0	2	1.0230630517001396	-6.887887906212747	138.0	23	1.05	0.95				
	210	1	75.93735240000001	15.576892800000003	0.0	0.0	2	1.05	-7.7148155270969	138.0	23	1.05	0.95				
	211	1	0.0	0.0	0.0	0.0	2	1.0021673295963602	-4.818274878052156	230.0	23	1.05	0.95				
	212	1	0.0	0.0	0.0	0.0	2	1.0109705315364517	-3.386312307757441	230.0	23	1.05	0.95				
	213	2	103.19691480000002	21.028805280000004	0.0	0.0	2	0.9976690162950025	-3.8137504684571195	230.0	24	1.05	0.95				
	214	2	75.54793008	15.187470480000002	0.0	0.0	2	0.996280349256858	-3.069987986125356	230.0	26	1.05	0.95				
	215	2	123.44687544000001	24.923028480000003	0.0	0.0	2	1.0200459804634932	1.9223141414159455	230.0	26	1.05	0.95				
	216	2	38.942232000000004	7.7884464000000015	0.0	0.0	2	1.0214599334013372	1.7022979094444735	230.0	26	1.05	0.95				
	217	1	0.0	0.0	0.0	0.0	2	1.0268462390747863	3.396591748151962	230.0	27	1.05	0.95				
	218	2	129.67763256000003	26.480717760000005	0.0	0.0	2	1.0261519654682767	2.9856140828414435	230.0	27	1.05	0.95				
	219	1	70.48543992000002	14.408625840000003	0.0	0.0	2	1.023777067376138	1.050806525494839	230.0	25	1.05	0.95				
	220	1	49.846056960000006	10.124980320000002	0.0	0.0	2	1.0282431422837337	1.252051581329797	230.0	25	1.05	0.95				
	221	2	0.0	0.0	0.0	0.0	2	1.0277181346231132	3.43211546139572	230.0	27	1.05	0.95				
	222	2	0.0	0.0	0.0	0.0	2	1.049745741065525	9.91138280768771	230.0	27	1.05	0.95				
	223	2	0.0	0.0	0.0	0.0	2	1.0311058605719028	1.6597362134955325	230.0	25	1.05	0.95				
	224	1	0.0	0.0	0.0	0.0	2	1.0090813421678537	-0.9361048366995322	230.0	26	1.05	0.95				
	301	2	67.00031636210527	13.6482125922807	0.0	0.0	3	1.0115857830542947	-30.78250706088694	138.0	31	1.05	0.95				
	302	2	60.17621006596491	12.407465992982457	0.0	0.0	3	1.0105224339792693	-31.03332023062869	138.0	32	1.05	0.95				
	303	1	111.6671939368421	22.953812087017546	0.0	0.0	3	1.0397190567634156	-19.873903235720178	138.0	31	1.05	0.95				
	304	1	45.90762417403509	9.305599494736843	0.0	0.0	3	1.008267790822772	-29.148998377528354	138.0	31	1.05	0.95				
	305	1	44.04650427508771	8.68522619508772	0.0	0.0	3	1.0225161034615053	-30.452211357739387	138.0	31	1.05	0.95				
	306	1	84.37076875228071	17.37045239017544	0.0	-100.0	3	1.035391230568966	-30.95503391669085	138.0	32	1.05	0.95				
	307	2	77.54666245614035	15.50933249122807	0.0	0.0	3	0.9898348034104669	-38.16188674476284	138.0	32	1.05	0.95				
	308	1	106.08383423999999	21.713065487719298	0.0	0.0	3	0.9893406915325699	-35.174573301581695	138.0	32	1.05	0.95				
	309	1	108.56532743859648	22.333438787368422	0.0	0.0	3	1.0280932196972765	-25.082148601126676	138.0	33	1.05	0.95				
	310	1	120.97279343157894	24.814931985964915	0.0	0.0	3	1.05	-28.131342478758743	138.0	33	1.05	0.95				
	311	1	0.0	0.0	0.0	0.0	3	1.0201926742377634	-20.815872500956406	230.0	33	1.05	0.95				
	312	1	0.0	0.0	0.0	0.0	3	1.0206081127204623	-19.758809361156793	230.0	33	1.05	0.95				
	313	2	164.39892440701755	33.50015818105263	0.0	0.0	3	1.0320461054192087	-16.099826123758675	230.0	34	1.05	0.95				
	314	2	120.35242013192982	24.19455868631579	0.0	0.0	3	1.0289820604904032	-19.22506683680517	230.0	36	1.05	0.95				
	315	2	196.6583359887719	39.70389117754386	0.0	0.0	3	1.0459238529262485	-14.282574949883099	230.0	36	1.05	0.95				
	316	2	62.03732996491228	12.407465992982457	0.0	0.0	3	1.0464660442858569	-13.47600444105191	230.0	36	1.05	0.95				
	317	1	0.0	0.0	0.0	0.0	3	1.0486050312965016	-11.422667194134057	230.0	37	1.05	0.95				
	318	2	206.5843087831579	42.185384376140355	0.0	0.0	3	1.0464407784476575	-11.621396857138608	230.0	37	1.05	0.95				
	319	1	112.28756723649123	22.953812087017546	0.0	0.0	3	1.0440730065681072	-13.913897009310721	230.0	35	1.05	0.95				
	320	1	79.40778235508772	16.129705790877193	0.0	0.0	3	1.0469902585643427	-13.134516111268082	230.0	35	1.05	0.95				
	321	2	0.0	0.0	0.0	0.0	3	1.0471718512145185	-11.981820778107506	230.0	37	1.05	0.95				
	322	2	0.0	0.0	0.0	0.0	3	1.05	-7.421291042912497	230.0	37	1.05	0.95				
	323	2	0.0	0.0	0.0	0.0	3	1.05	-12.33009006298657	230.0	35	1.05	0.95				
	324	1	0.0	0.0	0.0	0.0	3	1.0360159016177617	-16.166567279248248	230.0	36	1.05	0.95				
	325	1	0.0	0.0	0.0	0.0	3	1.0414630480781901	-10.580086312136512	230.0	35	1.05	0.95				
];
