%% MATPOWER Case Format : Version 2
function mpc = RTS_GMLC
mpc.version = '2';

%%-----  Power Flow Data  -----%%
%% system MVA base
mpc.baseMVA = 100.0;
%% bus data
%    bus_i    type    Pd    Qd    Gs    Bs    area    Vm    Va    baseKV    zone    Vmax    Vmin
mpc.bus = [
	101	2	38.689757545263156	7.88124690736842	0.0	0.0	1	1.0135193818239245	-4.2886392567405895	138.0	11	1.05	0.95				
	102	2	34.749134091578945	7.164769915789473	0.0	0.0	1	1.0133742602089584	-4.473463731378087	138.0	12	1.05	0.95				
	103	1	64.48292924210526	13.254824344210526	0.0	0.0	1	1.0040545707306041	-0.7535808174265496	138.0	11	1.05	0.95				
	104	1	26.509648688421052	5.373577436842105	0.0	0.0	1	1.0048731364032955	-4.381366538585506	138.0	11	1.05	0.95				
	105	1	25.43493320105263	5.015338941052631	0.0	0.0	1	1.0184114359473602	-5.301350677961936	138.0	11	1.05	0.95				
	106	1	48.72043542736842	10.030677882105262	0.0	-100.0	1	1.0293345318919487	-6.3149264751468515	138.0	12	1.05	0.95				
	107	2	44.779811973684204	8.955962394736842	0.0	0.0	1	0.9864307380582152	-8.848697602856456	138.0	12	1.05	0.95				
	108	1	61.25878277999999	12.538347352631577	0.0	0.0	1	0.9904724009411424	-8.120808655376424	138.0	12	1.05	0.95				
	109	1	62.69173676315789	12.896585848421049	0.0	0.0	1	1.0037206659518325	-3.5939984526247573	138.0	13	1.05	0.95				
	110	1	69.85650667894735	14.329539831578947	0.0	0.0	1	1.0315749038607918	-5.144355698197351	138.0	13	1.05	0.95				
	111	1	0.0	0.0	0.0	0.0	1	0.9801959360513108	-1.3408087864418754	230.0	13	1.05	0.95				
	112	1	0.0	0.0	0.0	0.0	1	0.9821683385593257	-1.6940850420533884	230.0	13	1.05	0.95				
	113	3	94.9332013842105	19.344878772631578	0.0	0.0	1	0.96086922355675	-1.933338094964491e-27	230.0	14	1.05	0.95				
	114	2	69.49826818315789	13.971301335789473	0.0	0.0	1	0.9854833667387797	0.7057556892461176	230.0	16	1.05	0.95				
	115	2	113.56160316526314	22.927263730526313	0.0	0.0	1	0.9898495341070622	7.157296165826569	230.0	16	1.05	0.95				
	116	2	35.82384957894737	7.164769915789473	0.0	0.0	1	0.990278795558006	6.017618188928627	230.0	16	1.05	0.95				
	117	1	0.0	0.0	0.0	0.0	1	0.9961120252453568	9.728558018060834	230.0	17	1.05	0.95				
	118	2	119.29341909789473	24.36021771368421	0.0	0.0	1	0.9978509138680904	10.496552596588506	230.0	17	1.05	0.95				
	119	1	64.84116773789474	13.254824344210526	0.0	0.0	1	0.9908857275579719	3.7304180184533946	230.0	15	1.05	0.95				
	120	1	45.854527461052626	9.314200890526315	0.0	0.0	1	0.9939893616436534	2.0966683705815155	230.0	15	1.05	0.95				
	121	2	0.0	0.0	0.0	0.0	1	0.9966422482601526	11.842099611454916	230.0	17	1.05	0.95				
	122	2	0.0	0.0	0.0	0.0	1	1.0180398834394906	18.80761511548146	230.0	17	1.05	0.95				
	123	2	0.0	0.0	0.0	0.0	1	0.9961138786544381	1.4953011314291826	230.0	15	1.05	0.95				
	124	1	0.0	0.0	0.0	0.0	1	0.985550305759924	4.1165237637518075	230.0	16	1.05	0.95				
	201	2	41.768613246315795	8.508421216842105	0.0	0.0	2	1.011288653131596	-8.70933111604122	138.0	21	1.05	0.95				
	202	2	37.51440263789474	7.7349283789473695	0.0	0.0	2	1.0101795081653926	-8.875900533074681	138.0	22	1.05	0.95				
	203	1	69.61435541052631	14.309617501052632	0.0	0.0	2	0.997420145581459	-6.580765772993328	138.0	21	1.05	0.95				
	204	1	28.619235002105263	5.801196284210526	0.0	0.0	2	1.0016600311093509	-7.976555836818902	138.0	21	1.05	0.95				
	205	1	27.45899574526316	5.414449865263158	0.0	0.0	2	1.0177356942674025	-8.277143146930975	138.0	21	1.05	0.95				
	206	1	52.59751297684211	10.828899730526317	0.0	-100.0	2	1.0295269272190384	-8.528312824356844	138.0	22	1.05	0.95				
	207	2	48.34330236842106	9.668660473684211	0.0	0.0	2	0.9722419832574601	-13.142034489411715	138.0	22	1.05	0.95				
	208	1	66.13363764	13.536124663157894	0.0	0.0	2	0.9812566184827447	-11.379812022491059	138.0	22	1.05	0.95				
	209	1	67.68062331578948	13.922871082105262	0.0	0.0	2	1.0061670332424868	-5.585822138966706	138.0	23	1.05	0.95				
	210	1	75.41555169473685	15.469856757894739	0.0	0.0	2	1.0337091154708316	-6.561098885327831	138.0	23	1.05	0.95				
	211	1	0.0	0.0	0.0	0.0	2	0.98643765022251	-3.253338161756294	230.0	23	1.05	0.95				
	212	1	0.0	0.0	0.0	0.0	2	0.9870002562447805	1.2426138873155375	230.0	23	1.05	0.95				
	213	2	102.48780102105263	20.884306623157897	0.0	0.0	2	0.9814028929220254	-0.6342699732988909	230.0	24	1.05	0.95				
	214	2	75.02880527578948	15.08311033894737	0.0	0.0	2	0.9828501360935239	-2.576947792419966	230.0	26	1.05	0.95				
	215	2	122.5986148063158	24.751770812631584	0.0	0.0	2	0.9905033690898031	0.973648368809459	230.0	26	1.05	0.95				
	216	2	38.674641894736844	7.7349283789473695	0.0	0.0	2	0.9883782318781038	0.9448102512894027	230.0	26	1.05	0.95				
	217	1	0.0	0.0	0.0	0.0	2	0.9991773450229344	1.4899563147613233	230.0	27	1.05	0.95				
	218	2	128.7865575094737	26.298756488421056	0.0	0.0	2	1.0002078341014677	1.0801606612519343	230.0	27	1.05	0.95				
	219	1	70.00110182947368	14.309617501052632	0.0	0.0	2	0.9804936718169861	2.3282525777756073	230.0	25	1.05	0.95				
	220	1	49.50354162526317	10.05540689263158	0.0	0.0	2	0.9770001648627928	4.374081670110986	230.0	25	1.05	0.95				
	221	2	0.0	0.0	0.0	0.0	2	1.0024326481667793	1.6666185594080458	230.0	27	1.05	0.95				
	222	2	0.0	0.0	0.0	0.0	2	1.0201975367534333	6.770442753821156	230.0	27	1.05	0.95				
	223	2	0.0	0.0	0.0	0.0	2	0.9764591072711467	5.835546631575389	230.0	25	1.05	0.95				
	224	1	0.0	0.0	0.0	0.0	2	0.9838166621088718	-1.9067630265880913	230.0	26	1.05	0.95				
	301	2	50.77127489684211	10.342296738245613	0.0	0.0	3	1.0088519490857348	32.7509279176582	138.0	31	1.05	0.95				
	302	2	45.6001265277193	9.40208794385965	0.0	0.0	3	1.0092146930021408	32.41629399711548	138.0	32	1.05	0.95				
	303	1	84.61879149473684	17.393862696140353	0.0	0.0	3	1.0184962679113683	45.22329794457442	138.0	31	1.05	0.95				
	304	1	34.787725392280706	7.051565957894737	0.0	0.0	3	0.998689760092999	33.418165533630145	138.0	31	1.05	0.95				
	305	1	33.377412200701755	6.581461560701755	0.0	0.0	3	1.0167104898044563	32.33630911058869	138.0	31	1.05	0.95				
	306	1	63.934198018245624	13.16292312140351	0.0	-100.0	3	1.0287879073843251	31.52528633664956	138.0	32	1.05	0.95				
	307	2	58.76304964912281	11.752609929824562	0.0	0.0	3	0.9691182502291914	28.756307870643404	138.0	32	1.05	0.95				
	308	1	80.38785192	16.453653901754386	0.0	0.0	3	0.9826986860281646	30.86418542569311	138.0	32	1.05	0.95				
	309	1	82.26826950877194	16.92375829894737	0.0	0.0	3	1.004948105376927	36.24742106484503	138.0	33	1.05	0.95				
	310	1	91.67035745263158	18.8041758877193	0.0	0.0	3	1.0362055386012363	33.46259723503029	138.0	33	1.05	0.95				
	311	1	0.0	0.0	0.0	0.0	3	0.9903838064066198	37.44347571344952	230.0	33	1.05	0.95				
	312	1	0.0	0.0	0.0	0.0	3	0.9968152480336182	37.22629970554461	230.0	33	1.05	0.95				
	313	2	124.57766525614036	25.385637448421054	0.0	0.0	3	0.9972864383053899	40.63085651656635	230.0	34	1.05	0.95				
	314	2	91.2002530554386	18.334071490526316	0.0	0.0	3	0.9798372748757664	37.344196458215265	230.0	36	1.05	0.95				
	315	2	149.02309391017542	30.08668142035088	0.0	0.0	3	0.9845454064146839	35.57630677887951	230.0	36	1.05	0.95				
	316	2	47.01043971929825	9.40208794385965	0.0	0.0	3	0.9749308862459458	35.791720350177584	230.0	36	1.05	0.95				
	317	1	0.0	0.0	0.0	0.0	3	0.9884743547840523	37.96305345166735	230.0	37	1.05	0.95				
	318	2	156.54476426526315	31.967099009122812	0.0	0.0	3	0.9821285207013072	34.07120617681727	230.0	37	1.05	0.95				
	319	1	85.08889589192982	17.393862696140353	0.0	0.0	3	0.9809871214066156	34.96283177446239	230.0	35	1.05	0.95				
	320	1	60.17336284070176	12.222714327017545	0.0	0.0	3	0.9871524233742872	33.83397406001273	230.0	35	1.05	0.95				
	321	2	0.0	0.0	0.0	0.0	3	0.9913269987943139	35.05754969996245	230.0	37	1.05	0.95				
	322	2	0.0	0.0	0.0	0.0	3	1.0086747118985724	39.03761263567277	230.0	37	1.05	0.95				
	323	2	0.0	0.0	0.0	0.0	3	0.990165305364678	33.03521928288167	230.0	35	1.05	0.95				
	324	1	0.0	0.0	0.0	0.0	3	0.9965007610399433	40.678767967163566	230.0	36	1.05	0.95				
	325	1	0.0	0.0	0.0	0.0	3	0.9897844858412224	31.251028711555374	230.0	35	1.05	0.95				
];
