%% MATPOWER Case Format : Version 2
function mpc = RTS_GMLC
mpc.version = '2';

%%-----  Power Flow Data  -----%%
%% system MVA base
mpc.baseMVA = 100.0;
%% bus data
%    bus_i    type    Pd    Qd    Gs    Bs    area    Vm    Va    baseKV    zone    Vmax    Vmin
mpc.bus = [
	101	2	75.18852053052632	15.316180108070174	0.0	0.0	1	1.03925201595614	-1.362323783263111	138.0	11	1.05	0.95				
	102	2	67.53043047649122	13.923800098245614	0.0	0.0	1	1.0391989771634003	-1.4173171834694709	138.0	12	1.05	0.95				
	103	1	125.31420088421052	25.759030181754383	0.0	0.0	1	1.022412328873754	-3.0836243528593092	138.0	11	1.05	0.95				
	104	1	51.518060363508766	10.442850073684209	0.0	0.0	1	1.0203955438762626	-4.520506839067323	138.0	11	1.05	0.95				
	105	1	49.42949034877193	9.74666006877193	0.0	0.0	1	1.035283405888455	-4.549414586370064	138.0	11	1.05	0.95				
	106	1	94.68184066807018	19.49332013754386	0.0	-100.0	1	1.0392282424969823	-6.973727303977403	138.0	12	1.05	0.95				
	107	2	87.0237506140351	17.404750122807016	0.0	0.0	1	1.0363826709812154	-3.762984292402428	138.0	12	1.05	0.95				
	108	1	119.04849084	24.36665017192982	0.0	0.0	1	1.0190866790288633	-6.4838909199684265	138.0	12	1.05	0.95				
	109	1	121.83325085964911	25.062840176842105	0.0	0.0	1	1.0262096679675996	-4.48951557965691	138.0	13	1.05	0.95				
	110	1	135.75705095789473	27.84760019649123	0.0	0.0	1	1.05	-5.610231427574288	138.0	13	1.05	0.95				
	111	1	0.0	0.0	0.0	0.0	1	1.0113137199225966	-1.9028603198354552	230.0	13	1.05	0.95				
	112	1	0.0	0.0	0.0	0.0	1	1.0140669250909011	-1.092663755613765	230.0	13	1.05	0.95				
	113	3	184.49035130175437	37.59426026526316	0.0	0.0	1	1.0102141791106203	1.151247772126667e-29	230.0	14	1.05	0.95				
	114	2	135.06086095298244	27.151410191578947	0.0	0.0	1	1.012133774637975	-0.3489874597929231	230.0	16	1.05	0.95				
	115	2	220.69223155719294	44.55616031438596	0.0	0.0	1	1.0428506059239206	6.461917684992457	230.0	16	1.05	0.95				
	116	2	69.61900049122806	13.923800098245614	0.0	0.0	1	1.0396874703477645	6.055120595867527	230.0	16	1.05	0.95				
	117	1	0.0	0.0	0.0	0.0	1	1.0450029897830173	8.808168821239802	230.0	17	1.05	0.95				
	118	2	231.83127163578945	47.34092033403509	0.0	0.0	1	1.0477261908797828	9.156200666711717	230.0	17	1.05	0.95				
	119	1	126.0103908891228	25.759030181754383	0.0	0.0	1	1.0323561665885674	4.877586450009475	230.0	15	1.05	0.95				
	120	1	89.11232062877193	18.100940127719298	0.0	0.0	1	1.0321098884558018	5.1799824664967025	230.0	15	1.05	0.95				
	121	2	0.0	0.0	0.0	0.0	1	1.05	9.991395035524263	230.0	17	1.05	0.95				
	122	2	0.0	0.0	0.0	0.0	1	1.05	17.352224556905743	230.0	17	1.05	0.95				
	123	2	0.0	0.0	0.0	0.0	1	1.0338501906817676	5.869219899341395	230.0	15	1.05	0.95				
	124	1	0.0	0.0	0.0	0.0	1	1.0232214683296257	2.9239414142087385	230.0	16	1.05	0.95				
	201	2	63.23941443789474	12.882102941052631	0.0	0.0	2	1.0333747995147111	-6.655125779826431	138.0	21	1.05	0.95				
	202	2	56.79836296736842	11.711002673684211	0.0	0.0	2	1.0335189692947089	-6.6958732149925595	138.0	22	1.05	0.95				
	203	1	105.39902406315788	21.665354946315787	0.0	0.0	2	1.0260584037450549	-5.825511775532848	138.0	21	1.05	0.95				
	204	1	43.330709892631575	8.783252005263158	0.0	0.0	2	1.019182862287776	-8.827615101438969	138.0	21	1.05	0.95				
	205	1	41.57405949157894	8.197701871578948	0.0	0.0	2	1.0342093084335833	-9.00775820588647	138.0	21	1.05	0.95				
	206	1	79.63481818105264	16.395403743157896	0.0	-100.0	2	1.0415474266907603	-10.880517007812282	138.0	22	1.05	0.95				
	207	2	73.1937667105263	14.638753342105263	0.0	0.0	2	0.9890021170504328	-19.72884614721717	138.0	22	1.05	0.95				
	208	1	100.12907286	20.494254678947364	0.0	0.0	2	0.9900135965278444	-16.932757219642042	138.0	22	1.05	0.95				
	209	1	102.47127339473683	21.07980481263158	0.0	0.0	2	1.0252538215997908	-8.198370409648133	138.0	23	1.05	0.95				
	210	1	114.18227606842105	23.422005347368422	0.0	0.0	2	1.05	-9.544556195813001	138.0	23	1.05	0.95				
	211	1	0.0	0.0	0.0	0.0	2	1.0118921246405088	-5.334272856986262	230.0	23	1.05	0.95				
	212	1	0.0	0.0	0.0	0.0	2	1.015160984872931	-2.76505968436294	230.0	23	1.05	0.95				
	213	2	155.17078542631577	31.61970721894737	0.0	0.0	2	1.010082659204611	-3.6815404412234867	230.0	24	1.05	0.95				
	214	2	113.59672593473684	22.83645521368421	0.0	0.0	2	1.01566247020751	-3.1845802501965963	230.0	26	1.05	0.95				
	215	2	185.61939237789474	37.47520855578947	0.0	0.0	2	1.0347987520561122	3.3130504301730612	230.0	26	1.05	0.95				
	216	2	58.55501336842105	11.711002673684211	0.0	0.0	2	1.035752864438892	3.4149618550733964	230.0	26	1.05	0.95				
	217	1	0.0	0.0	0.0	0.0	2	1.040547719014857	5.88025872795714	230.0	27	1.05	0.95				
	218	2	194.9881945168421	39.81740909052632	0.0	0.0	2	1.0417737052318443	6.337369704463735	230.0	27	1.05	0.95				
	219	1	105.9845741968421	21.665354946315787	0.0	0.0	2	1.0343110050410953	3.125401117323264	230.0	25	1.05	0.95				
	220	1	74.95041711157894	15.224303475789474	0.0	0.0	2	1.0377398490962764	3.991871506644179	230.0	25	1.05	0.95				
	221	2	0.0	0.0	0.0	0.0	2	1.041505926785107	6.08526129600982	230.0	27	1.05	0.95				
	222	2	0.0	0.0	0.0	0.0	2	1.05	12.508635635232894	230.0	27	1.05	0.95				
	223	2	0.0	0.0	0.0	0.0	2	1.0411453729423232	4.900932596588918	230.0	25	1.05	0.95				
	224	1	0.0	0.0	0.0	0.0	2	1.020108630393605	-0.11394726851704856	230.0	26	1.05	0.95				
	301	2	53.316671949473694	10.86080354526316	0.0	0.0	3	1.0111285419274365	-15.590561764222809	138.0	31	1.05	0.95				
	302	2	47.8862701768421	9.873457768421053	0.0	0.0	3	1.0102187140738335	-15.793792679020497	138.0	32	1.05	0.95				
	303	1	88.86111991578947	18.26589687157895	0.0	0.0	3	1.0365514162405074	-6.885662240044415	138.0	31	1.05	0.95				
	304	1	36.5317937431579	7.405093326315789	0.0	0.0	3	1.0104982035156111	-14.358999241106206	138.0	31	1.05	0.95				
	305	1	35.050775077894734	6.911420437894739	0.0	0.0	3	1.0242259715926378	-15.406553628987941	138.0	31	1.05	0.95				
	306	1	67.13951282526317	13.822840875789478	0.0	-100.0	3	1.0391080810714317	-15.877289184179313	138.0	32	1.05	0.95				
	307	2	61.709111052631584	12.341822210526317	0.0	0.0	3	0.992805281294097	-21.379457497019242	138.0	32	1.05	0.95				
	308	1	84.41806392000001	17.278551094736844	0.0	0.0	3	0.996699942023465	-19.096110509467316	138.0	32	1.05	0.95				
	309	1	86.39275547368422	17.772223983157893	0.0	0.0	3	1.0266999890379138	-11.166451463182478	138.0	33	1.05	0.95				
	310	1	96.26621324210527	19.746915536842106	0.0	0.0	3	1.05	-13.63564925519001	138.0	33	1.05	0.95				
	311	1	0.0	0.0	0.0	0.0	3	1.012059529267243	-7.364251104183263	230.0	33	1.05	0.95				
	312	1	0.0	0.0	0.0	0.0	3	1.0131517397512078	-7.133964528972991	230.0	33	1.05	0.95				
	313	2	130.82331543157895	26.658335974736847	0.0	0.0	3	1.013902391424612	-3.9426139493080186	230.0	34	1.05	0.95				
	314	2	95.7725403536842	19.253242648421054	0.0	0.0	3	1.0181631698033147	-5.266894318672147	230.0	36	1.05	0.95				
	315	2	156.49430562947367	31.59506485894737	0.0	0.0	3	1.042955664826687	0.13913924006475598	230.0	36	1.05	0.95				
	316	2	49.36728884210527	9.873457768421053	0.0	0.0	3	1.040669053341509	-0.03481657515549933	230.0	36	1.05	0.95				
	317	1	0.0	0.0	0.0	0.0	3	1.047781696360339	3.567504422008998	230.0	37	1.05	0.95				
	318	2	164.39307184421054	33.569756412631584	0.0	0.0	3	1.0468581518030722	3.1479967376491973	230.0	37	1.05	0.95				
	319	1	89.35479280421053	18.26589687157895	0.0	0.0	3	1.0340603129849482	-1.3429717328554334	230.0	35	1.05	0.95				
	320	1	63.19012971789474	12.83549509894737	0.0	0.0	3	1.0321397092143416	-1.5403517710136334	230.0	35	1.05	0.95				
	321	2	0.0	0.0	0.0	0.0	3	1.0487888465601294	3.6615859763168626	230.0	37	1.05	0.95				
	322	2	0.0	0.0	0.0	0.0	3	1.05	7.967248807901126	230.0	37	1.05	0.95				
	323	2	0.0	0.0	0.0	0.0	3	1.0317136532547078	-1.3461337510498044	230.0	35	1.05	0.95				
	324	1	0.0	0.0	0.0	0.0	3	1.0313931302196149	-2.445982782437046	230.0	36	1.05	0.95				
	325	1	0.0	0.0	0.0	0.0	3	1.0305775474124304	-0.3848986063484039	230.0	35	1.05	0.95				
];
