%% MATPOWER Case Format : Version 2
function mpc = RTS_GMLC
mpc.version = '2';

%%-----  Power Flow Data  -----%%
%% system MVA base
mpc.baseMVA = 100.0;
%% bus data
%    bus_i    type    Pd    Qd    Gs    Bs    area    Vm    Va    baseKV    zone    Vmax    Vmin
mpc.bus = [
	101	2	69.80455220210527	14.219445818947369	0.0	0.0	1	1.05	0.5538131568652477	138.0	11	1.05	0.95				
	102	2	62.69482929263158	12.926768926315791	0.0	0.0	1	1.0490557565748309	0.17961242397481553	138.0	12	1.05	0.95				
	103	1	116.34092033684212	23.91452251368421	0.0	0.0	1	1.0313651011929506	-0.9449310949195543	138.0	11	1.05	0.95				
	104	1	47.82904502736842	9.695076694736843	0.0	0.0	1	1.0275459601518	-3.189799855873238	138.0	11	1.05	0.95				
	105	1	45.89002968842105	9.048738248421055	0.0	0.0	1	1.0406228421503398	-3.5817181912239207	138.0	11	1.05	0.95				
	106	1	87.90202869894738	18.09747649684211	0.0	-100.0	1	1.0424198820881365	-6.577072294669386	138.0	12	1.05	0.95				
	107	2	80.7923057894737	16.158461157894738	0.0	0.0	1	0.9998415505489746	-12.857305982691202	138.0	12	1.05	0.95				
	108	1	110.52387432000002	22.621845621052632	0.0	0.0	1	0.9968387519550903	-11.622265282202916	138.0	12	1.05	0.95				
	109	1	113.10922810526316	23.268184067368423	0.0	0.0	1	1.0257611487852738	-4.474619878506253	138.0	13	1.05	0.95				
	110	1	126.03599703157894	25.853537852631582	0.0	0.0	1	1.05	-5.822661959822421	138.0	13	1.05	0.95				
	111	1	0.0	0.0	0.0	0.0	1	1.012095202778104	-1.8059667516744689	230.0	13	1.05	0.95				
	112	1	0.0	0.0	0.0	0.0	1	1.0137618404310813	-1.5891810772739128	230.0	13	1.05	0.95				
	113	3	171.2796882736842	34.902276101052635	0.0	0.0	1	1.0102158676496835	1.3460343367610441e-30	230.0	14	1.05	0.95				
	114	2	125.38965858526316	25.207199406315794	0.0	0.0	1	1.0152339046342866	0.018515099407672975	230.0	16	1.05	0.95				
	115	2	204.8892874821053	41.36566056421053	0.0	0.0	1	1.0429014519301887	7.251177507334603	230.0	16	1.05	0.95				
	116	2	64.63384463157895	12.926768926315791	0.0	0.0	1	1.039908674090852	6.502141439410501	230.0	16	1.05	0.95				
	117	1	0.0	0.0	0.0	0.0	1	1.0446531161617136	10.02035447852781	230.0	17	1.05	0.95				
	118	2	215.23070262315792	43.95101434947369	0.0	0.0	1	1.0477260459570044	10.770163359797564	230.0	17	1.05	0.95				
	119	1	116.9872587831579	23.91452251368421	0.0	0.0	1	1.0304833352974412	4.5515791634471325	230.0	15	1.05	0.95				
	120	1	82.73132112842106	16.804799604210526	0.0	0.0	1	1.027250171442732	3.5722778277028895	230.0	15	1.05	0.95				
	121	2	0.0	0.0	0.0	0.0	1	1.05	12.468739931428763	230.0	17	1.05	0.95				
	122	2	0.0	0.0	0.0	0.0	1	1.05	18.624971085178718	230.0	17	1.05	0.95				
	123	2	0.0	0.0	0.0	0.0	1	1.0269942033808386	3.52380412400927	230.0	15	1.05	0.95				
	124	1	0.0	0.0	0.0	0.0	1	1.028118068761297	4.188464377273877	230.0	16	1.05	0.95				
	201	2	54.67149378947368	11.136785771929825	0.0	0.0	2	1.0133678841640117	-10.570984177882917	138.0	21	1.05	0.95				
	202	2	49.10310090350877	10.124350701754386	0.0	0.0	2	1.0125744896703357	-10.782670533026929	138.0	22	1.05	0.95				
	203	1	91.11915631578947	18.730048798245612	0.0	0.0	2	1.014600976338443	-8.248571265804538	138.0	21	1.05	0.95				
	204	1	37.460097596491224	7.593263026315789	0.0	0.0	2	1.0108538201051998	-9.750131958766577	138.0	21	1.05	0.95				
	205	1	35.94144499122807	7.0870454912280705	0.0	0.0	2	1.025070613874397	-10.078803888452981	138.0	21	1.05	0.95				
	206	1	68.84558477192982	14.174090982456141	0.0	-100.0	2	1.039288422649544	-10.39604579550644	138.0	22	1.05	0.95				
	207	2	63.27719188596491	12.655438377192981	0.0	0.0	2	0.995246678539117	-16.648951317472473	138.0	22	1.05	0.95				
	208	1	86.5631985	17.717613728070173	0.0	0.0	2	0.9973653097608707	-14.286147578169812	138.0	22	1.05	0.95				
	209	1	88.58806864035087	18.223831263157894	0.0	0.0	2	1.0254696460240094	-6.826760159507779	138.0	23	1.05	0.95				
	210	1	98.71241934210525	20.248701403508772	0.0	0.0	2	1.05	-7.960693650745781	138.0	23	1.05	0.95				
	211	1	0.0	0.0	0.0	0.0	2	1.01046871776574	-3.59412992275336	230.0	23	1.05	0.95				
	212	1	0.0	0.0	0.0	0.0	2	1.0153259209568772	1.5625125379224178	230.0	23	1.05	0.95				
	213	2	134.1476467982456	27.33574689473684	0.0	0.0	2	1.011591721861585	-0.5723841284187032	230.0	24	1.05	0.95				
	214	2	98.20620180701754	19.74248386842105	0.0	0.0	2	1.0113682054837834	-2.366250512043818	230.0	26	1.05	0.95				
	215	2	160.470958622807	32.39792224561403	0.0	0.0	2	1.0304150391503595	2.1998527497618814	230.0	26	1.05	0.95				
	216	2	50.621753508771924	10.124350701754386	0.0	0.0	2	1.0299830502101253	2.4697094887458038	230.0	26	1.05	0.95				
	217	1	0.0	0.0	0.0	0.0	2	1.0335984107461489	3.1724401793575665	230.0	27	1.05	0.95				
	218	2	168.57043918421053	34.42279238596491	0.0	0.0	2	1.0323144058203277	2.619486327632577	230.0	27	1.05	0.95				
	219	1	91.6253738508772	18.730048798245612	0.0	0.0	2	1.029463004328261	3.564707304690892	230.0	25	1.05	0.95				
	220	1	64.79584449122807	13.1616559122807	0.0	0.0	2	1.033317244825017	5.490500316799999	230.0	25	1.05	0.95				
	221	2	0.0	0.0	0.0	0.0	2	1.0344238649494082	3.279431426747774	230.0	27	1.05	0.95				
	222	2	0.0	0.0	0.0	0.0	2	1.05	9.734117288842741	230.0	27	1.05	0.95				
	223	2	0.0	0.0	0.0	0.0	2	1.0371728715295225	6.923263697516089	230.0	25	1.05	0.95				
	224	1	0.0	0.0	0.0	0.0	2	1.0115876547208134	-1.6927887924065024	230.0	26	1.05	0.95				
	301	2	68.82821890105262	14.020563109473683	0.0	0.0	3	0.9994333662864747	4.229858418949022	138.0	31	1.05	0.95				
	302	2	61.81793734631579	12.745966463157895	0.0	0.0	3	1.0011705608572765	4.183066629737069	138.0	32	1.05	0.95				
	303	1	114.71369816842105	23.580037956842105	0.0	0.0	3	1.0127456101636783	7.09206601698409	138.0	31	1.05	0.95				
	304	1	47.16007591368421	9.559474847368419	0.0	0.0	3	1.0024156852603068	6.501463076619206	138.0	31	1.05	0.95				
	305	1	45.24818094421052	8.922176524210526	0.0	0.0	3	1.0145803303678331	6.482680701607313	138.0	31	1.05	0.95				
	306	1	86.67257194947369	17.844353048421052	0.0	-100.0	3	1.031914874725757	7.027766985695601	138.0	32	1.05	0.95				
	307	2	79.66229039473683	15.932458078947368	0.0	0.0	3	0.9856015786147246	3.1738347016392052	138.0	32	1.05	0.95				
	308	1	108.97801325999998	22.305441310526312	0.0	0.0	3	0.9971206605171694	6.048309445736256	138.0	32	1.05	0.95				
	309	1	111.52720655263157	22.94273963368421	0.0	0.0	3	1.0266375241811279	10.990673538990277	138.0	33	1.05	0.95				
	310	1	124.27317301578947	25.49193292631579	0.0	0.0	3	1.05	10.766453924057744	138.0	33	1.05	0.95				
	311	1	0.0	0.0	0.0	0.0	3	1.017070237334027	17.496107021243887	230.0	33	1.05	0.95				
	312	1	0.0	0.0	0.0	0.0	3	1.0230682077383018	18.915267876100078	230.0	33	1.05	0.95				
	313	2	168.88405563684208	34.41410945052631	0.0	0.0	3	1.048225695362881	26.752387562448337	230.0	34	1.05	0.95				
	314	2	123.63587469263157	24.854634603157894	0.0	0.0	3	1.0184651515784207	15.781284595648811	230.0	36	1.05	0.95				
	315	2	202.0235684410526	40.78709268210526	0.0	0.0	3	1.0340980235207329	10.128376550087308	230.0	36	1.05	0.95				
	316	2	63.72983231578947	12.745966463157895	0.0	0.0	3	1.0358363095479164	11.539232649182548	230.0	36	1.05	0.95				
	317	1	0.0	0.0	0.0	0.0	3	1.0390136896107594	10.944802635339787	230.0	37	1.05	0.95				
	318	2	212.22034161157893	43.336285974736846	0.0	0.0	3	1.0364528832787814	9.735127235892248	230.0	37	1.05	0.95				
	319	1	115.35099649157894	23.580037956842105	0.0	0.0	3	1.0365840025795259	14.42565960875437	230.0	35	1.05	0.95				
	320	1	81.57418536421052	16.569756402105263	0.0	0.0	3	1.0405359373101277	16.609611633306375	230.0	35	1.05	0.95				
	321	2	0.0	0.0	0.0	0.0	3	1.0375306900985777	10.435251174164003	230.0	37	1.05	0.95				
	322	2	0.0	0.0	0.0	0.0	3	1.0499999929071224	14.946403565988268	230.0	37	1.05	0.95				
	323	2	0.0	0.0	0.0	0.0	3	1.0427688181335646	17.40744283046099	230.0	35	1.05	0.95				
	324	1	0.0	0.0	0.0	0.0	3	1.02270109942809	10.878973471157227	230.0	36	1.05	0.95				
	325	1	0.0	0.0	0.0	0.0	3	1.0448077907503037	16.992769793947687	230.0	35	1.05	0.95				
];
