%% MATPOWER Case Format : Version 2
function mpc = RTS_GMLC
mpc.version = '2';

%%-----  Power Flow Data  -----%%
%% system MVA base
mpc.baseMVA = 100.0;
%% bus data
%    bus_i    type    Pd    Qd    Gs    Bs    area    Vm    Va    baseKV    zone    Vmax    Vmin
mpc.bus = [
	101	2	43.47253834105263	8.855517069473686	0.0	0.0	1	1.0223191059199193	-2.48160442956905	138.0	11	1.05	0.95				
	102	2	39.04477980631579	8.050470063157896	0.0	0.0	1	1.021488476886313	-2.7150826367856062	138.0	12	1.05	0.95				
	103	1	72.45423056842107	14.893369616842106	0.0	0.0	1	1.0314834076780859	0.9447116421080161	138.0	11	1.05	0.95				
	104	1	29.786739233684212	6.037852547368421	0.0	0.0	1	1.0200834198257642	-3.156498886307697	138.0	11	1.05	0.95				
	105	1	28.579168724210525	5.635329044210527	0.0	0.0	1	1.0312538653934504	-4.212596940106231	138.0	11	1.05	0.95				
	106	1	54.7431964294737	11.270658088421055	0.0	-100.0	1	1.0441486857668931	-5.646634824392255	138.0	12	1.05	0.95				
	107	2	50.315437894736846	10.06308757894737	0.0	0.0	1	1.0015054076006502	-10.439062267652867	138.0	12	1.05	0.95				
	108	1	68.83151904	14.088322610526316	0.0	0.0	1	1.0055030245445213	-8.87651084262558	138.0	12	1.05	0.95				
	109	1	70.44161305263158	14.490846113684212	0.0	0.0	1	1.024715079620225	-2.9378377601759214	138.0	13	1.05	0.95				
	110	1	78.49208311578948	16.10094012631579	0.0	0.0	1	1.05	-4.666924065681072	138.0	13	1.05	0.95				
	111	1	0.0	0.0	0.0	0.0	1	1.0038125895032572	-0.6139633065324775	230.0	13	1.05	0.95				
	112	1	0.0	0.0	0.0	0.0	1	1.0073675312482928	-1.3336257988383853	230.0	13	1.05	0.95				
	113	3	106.66872833684211	21.736269170526317	0.0	0.0	1	0.9974714380394346	-2.9044095876862954e-28	230.0	14	1.05	0.95				
	114	2	78.08955961263158	15.698416623157897	0.0	0.0	1	1.002909282043608	2.1800682079557747	230.0	16	1.05	0.95				
	115	2	127.59995050105263	25.761504202105268	0.0	0.0	1	1.0366236544152618	9.68650938599709	230.0	16	1.05	0.95				
	116	2	40.25235031578948	8.050470063157896	0.0	0.0	1	1.0311753029609596	8.455110651906494	230.0	16	1.05	0.95				
	117	1	0.0	0.0	0.0	0.0	1	1.0378059921458342	13.366766264513476	230.0	17	1.05	0.95				
	118	2	134.04032655157897	27.37159821473685	0.0	0.0	1	1.047074497293289	13.659158751900033	230.0	17	1.05	0.95				
	119	1	72.85675407157896	14.893369616842106	0.0	0.0	1	1.0194025339945905	5.357172850971484	230.0	15	1.05	0.95				
	120	1	51.523008404210536	10.465611082105264	0.0	0.0	1	1.01315114121293	2.9735286562603025	230.0	15	1.05	0.95				
	121	2	0.0	0.0	0.0	0.0	1	1.05	14.653535491394472	230.0	17	1.05	0.95				
	122	2	0.0	0.0	0.0	0.0	1	1.05	31.001066205170112	230.0	17	1.05	0.95				
	123	2	0.0	0.0	0.0	0.0	1	1.0105491136112639	1.9708881259517113	230.0	15	1.05	0.95				
	124	1	0.0	0.0	0.0	0.0	1	1.02370836744427	6.3965376357450285	230.0	16	1.05	0.95				
	201	2	43.5535967368421	8.87202896491228	0.0	0.0	2	1.0123204656009395	-12.83241798108452	138.0	21	1.05	0.95				
	202	2	39.117582254385965	8.065480877192982	0.0	0.0	2	1.0115528904945228	-13.083152325123503	138.0	22	1.05	0.95				
	203	1	72.58932789473684	14.921139622807017	0.0	0.0	2	1.0135890121565305	-9.962831109289672	138.0	21	1.05	0.95				
	204	1	29.842279245614034	6.049110657894737	0.0	0.0	2	1.011746789498512	-12.566517994006158	138.0	21	1.05	0.95				
	205	1	28.632457114035088	5.645836614035088	0.0	0.0	2	1.0262236618257126	-12.907636405724137	138.0	21	1.05	0.95				
	206	1	54.845269964912276	11.291673228070175	0.0	-100.0	2	1.042069583975823	-13.457837515704965	138.0	22	1.05	0.95				
	207	2	50.40925548245614	10.081851096491228	0.0	0.0	2	0.9956016811686208	-18.284523672177304	138.0	22	1.05	0.95				
	208	1	68.9598615	14.114591535087717	0.0	0.0	2	1.0015172158036711	-16.47702287571493	138.0	22	1.05	0.95				
	209	1	70.5729576754386	14.517865578947367	0.0	0.0	2	1.0235403565973613	-10.473763091004864	138.0	23	1.05	0.95				
	210	1	78.63843855263157	16.130961754385964	0.0	0.0	2	1.05	-11.683541229829258	138.0	23	1.05	0.95				
	211	1	0.0	0.0	0.0	0.0	2	1.0027860698983158	-8.330340237035427	230.0	23	1.05	0.95				
	212	1	0.0	0.0	0.0	0.0	2	1.0124353230744128	-4.600481818452739	230.0	23	1.05	0.95				
	213	2	106.86762162280701	21.77679836842105	0.0	0.0	2	0.9996903707287341	-6.595031285678605	230.0	24	1.05	0.95				
	214	2	78.23516450877193	15.727687710526315	0.0	0.0	2	0.9969164336344923	-6.954985287982821	230.0	26	1.05	0.95				
	215	2	127.83787190350877	25.80953880701754	0.0	0.0	2	1.0152327965253778	-1.6474964532064595	230.0	26	1.05	0.95				
	216	2	40.32740438596491	8.065480877192982	0.0	0.0	2	1.0146833902246835	-2.544288213020576	230.0	26	1.05	0.95				
	217	1	0.0	0.0	0.0	0.0	2	1.0194385181970778	-0.667133982711214	230.0	27	1.05	0.95				
	218	2	134.29025660526315	27.422634982456138	0.0	0.0	2	1.0189891574770658	-1.0463102892426912	230.0	27	1.05	0.95				
	219	1	72.9926019385965	14.921139622807017	0.0	0.0	2	1.0174231741471749	-3.21408224318081	230.0	25	1.05	0.95				
	220	1	51.61907761403508	10.485125140350878	0.0	0.0	2	1.0224662018380994	-2.9921075259433256	230.0	25	1.05	0.95				
	221	2	0.0	0.0	0.0	0.0	2	1.0212775617076453	-0.4389493838448352	230.0	27	1.05	0.95				
	222	2	0.0	0.0	0.0	0.0	2	1.0430558644485792	6.049813526908125	230.0	27	1.05	0.95				
	223	2	0.0	0.0	0.0	0.0	2	1.025735804981816	-2.5599150824910644	230.0	25	1.05	0.95				
	224	1	0.0	0.0	0.0	0.0	2	1.0043132410486364	-4.7879423887703965	230.0	26	1.05	0.95				
	301	2	62.644099983157886	12.760835181754384	0.0	0.0	3	1.0257495871263234	-5.297547114467736	138.0	31	1.05	0.95				
	302	2	56.26368239228069	11.60075925614035	0.0	0.0	3	1.021155001359442	-5.6485428303390925	138.0	32	1.05	0.95				
	303	1	104.40683330526315	21.461404623859647	0.0	0.0	3	1.05	11.634427570755168	138.0	31	1.05	0.95				
	304	1	42.92280924771929	8.700569442105262	0.0	0.0	3	1.0057597812655426	-3.657266211316288	138.0	31	1.05	0.95				
	305	1	41.182695359298236	8.120531479298245	0.0	0.0	3	1.0255044493943544	-6.441509060828357	138.0	31	1.05	0.95				
	306	1	78.88516294175439	16.24106295859649	0.0	-100.0	3	1.031015544298615	-7.7438077246224335	138.0	32	1.05	0.95				
	307	2	72.50474535087719	14.500949070175437	0.0	0.0	3	0.95	-13.560759164584239	138.0	32	1.05	0.95				
	308	1	99.18649163999999	20.30132869824561	0.0	0.0	3	0.9620172567397813	-10.765983416711023	138.0	32	1.05	0.95				
	309	1	101.50664349122806	20.881366661052628	0.0	0.0	3	1.0134857720061676	0.4133093274050078	138.0	33	1.05	0.95				
	310	1	113.10740274736841	23.2015185122807	0.0	0.0	3	1.0395753921758717	-5.732823247431159	138.0	33	1.05	0.95				
	311	1	0.0	0.0	0.0	0.0	3	1.0034438993449746	-0.31058730987272254	230.0	33	1.05	0.95				
	312	1	0.0	0.0	0.0	0.0	3	1.0064279553677542	0.2795556142650427	230.0	33	1.05	0.95				
	313	2	153.7100601438596	31.322049991578943	0.0	0.0	3	1.0010546466257715	0.6878868166558141	230.0	34	1.05	0.95				
	314	2	112.52736478456139	22.62148054947368	0.0	0.0	3	1.0078681227329958	1.2440080478809885	230.0	36	1.05	0.95				
	315	2	183.87203420982453	37.12242961964912	0.0	0.0	3	1.0460522833780477	7.379948332474926	230.0	36	1.05	0.95				
	316	2	58.00379628070175	11.60075925614035	0.0	0.0	3	1.05	6.777933599849369	230.0	36	1.05	0.95				
	317	1	0.0	0.0	0.0	0.0	3	1.05	11.658520184381157	230.0	37	1.05	0.95				
	318	2	193.1526416147368	39.442581470877194	0.0	0.0	3	1.0393234569037673	8.913167213854335	230.0	37	1.05	0.95				
	319	1	104.98687126807016	21.461404623859647	0.0	0.0	3	1.0383472649692054	5.859517463140943	230.0	35	1.05	0.95				
	320	1	74.24485923929824	15.080987032982454	0.0	0.0	3	1.030460038324956	5.047130175699651	230.0	35	1.05	0.95				
	321	2	0.0	0.0	0.0	0.0	3	1.0418048711367902	9.053377983395215	230.0	37	1.05	0.95				
	322	2	0.0	0.0	0.0	0.0	3	1.049999298400149	14.413639121185113	230.0	37	1.05	0.95				
	323	2	0.0	0.0	0.0	0.0	3	1.0272170194604149	4.9997727224018425	230.0	35	1.05	0.95				
	324	1	0.0	0.0	0.0	0.0	3	1.047241034927728	10.778561188451825	230.0	36	1.05	0.95				
	325	1	0.0	0.0	0.0	0.0	3	1.0271763225554584	5.827547963180217	230.0	35	1.05	0.95				
];
