%% MATPOWER Case Format : Version 2
function mpc = RTS_GMLC
mpc.version = '2';

%%-----  Power Flow Data  -----%%
%% system MVA base
mpc.baseMVA = 100.0;
%% bus data
%    bus_i    type    Pd    Qd    Gs    Bs    area    Vm    Va    baseKV    zone    Vmax    Vmin
mpc.bus = [
	101	2	44.32756062315789	9.029688275087718	0.0	0.0	1	1.0213158108043747	0.16919053216271565	138.0	11	1.05	0.95				
	102	2	39.81271648561403	8.208807522807017	0.0	0.0	1	1.0198716396180938	-0.23278144891783822	138.0	12	1.05	0.95				
	103	1	73.87926770526315	15.18629391719298	0.0	0.0	1	1.0337537153312337	2.5477360630665076	138.0	11	1.05	0.95				
	104	1	30.37258783438596	6.156605642105262	0.0	0.0	1	1.0195956409553724	-1.5968490450044541	138.0	11	1.05	0.95				
	105	1	29.14126670596491	5.746165265964912	0.0	0.0	1	1.0301946406477158	-2.493699839422887	138.0	11	1.05	0.95				
	106	1	55.81989115508772	11.492330531929824	0.0	-100.0	1	1.0430885302808848	-4.474554021729805	138.0	12	1.05	0.95				
	107	2	51.305047017543856	10.26100940350877	0.0	0.0	1	0.99879397298032	-11.759725825331456	138.0	12	1.05	0.95				
	108	1	70.18530432	14.365413164912278	0.0	0.0	1	1.0025934361581736	-9.310413948227934	138.0	12	1.05	0.95				
	109	1	71.8270658245614	14.77585354105263	0.0	0.0	1	1.0253230714736028	-2.177073384478681	138.0	13	1.05	0.95				
	110	1	80.03587334736841	16.417615045614035	0.0	0.0	1	1.05	-3.858709227934325	138.0	13	1.05	0.95				
	111	1	0.0	0.0	0.0	0.0	1	1.0070634518593593	-0.011163015311120896	230.0	13	1.05	0.95				
	112	1	0.0	0.0	0.0	0.0	1	1.0114236298380324	-0.9727357134648793	230.0	13	1.05	0.95				
	113	3	108.76669967719297	22.163780311578947	0.0	0.0	1	1.0007927643942707	-4.43659747165742e-28	230.0	14	1.05	0.95				
	114	2	79.62543297122807	16.007174669473685	0.0	0.0	1	1.0087426930972518	3.09061392018228	230.0	16	1.05	0.95				
	115	2	130.10959923649122	26.268184072982454	0.0	0.0	1	1.0434904295299945	11.530171909106224	230.0	16	1.05	0.95				
	116	2	41.04403761403508	8.208807522807017	0.0	0.0	1	1.0373080897110158	9.824708984694869	230.0	16	1.05	0.95				
	117	1	0.0	0.0	0.0	0.0	1	1.0431656029279905	14.845128559617047	230.0	17	1.05	0.95				
	118	2	136.67664525473683	27.90994557754386	0.0	0.0	1	1.0499994691759809	15.8364663654217	230.0	17	1.05	0.95				
	119	1	74.2897080814035	15.18629391719298	0.0	0.0	1	1.026900149230298	6.158306785347629	230.0	15	1.05	0.95				
	120	1	52.53636814596491	10.671449779649123	0.0	0.0	1	1.0228300627358748	3.2643732805327845	230.0	15	1.05	0.95				
	121	2	0.0	0.0	0.0	0.0	1	1.05	17.321464802929146	230.0	17	1.05	0.95				
	122	2	0.0	0.0	0.0	0.0	1	1.05	27.629183742234893	230.0	17	1.05	0.95				
	123	2	0.0	0.0	0.0	0.0	1	1.0217128049692468	1.9830832083650665	230.0	15	1.05	0.95				
	124	1	0.0	0.0	0.0	0.0	1	1.0285088441084669	8.165231563976967	230.0	16	1.05	0.95				
	201	2	45.71257672421053	9.311821184561403	0.0	0.0	2	1.0138824358363898	-18.11299208555019	138.0	21	1.05	0.95				
	202	2	41.05666613192982	8.465291985964912	0.0	0.0	2	1.0129846875137356	-18.412220401468883	138.0	22	1.05	0.95				
	203	1	76.18762787368422	15.660790174035089	0.0	0.0	2	1.0146561669886165	-13.49300912052814	138.0	21	1.05	0.95				
	204	1	31.321580348070178	6.3489689894736845	0.0	0.0	2	1.011576274835678	-17.934371604054856	138.0	21	1.05	0.95				
	205	1	30.051786550175436	5.925704390175439	0.0	0.0	2	1.0267787939882858	-18.43782516753044	138.0	21	1.05	0.95				
	206	1	57.56398550456141	11.851408780350878	0.0	-100.0	2	1.041833027453898	-19.147783582247005	138.0	22	1.05	0.95				
	207	2	52.9080749122807	10.58161498245614	0.0	0.0	2	0.9955254977891234	-24.214052601879626	138.0	22	1.05	0.95				
	208	1	72.37824648	14.814260975438595	0.0	0.0	2	1.0004689511429035	-22.295191971987066	138.0	22	1.05	0.95				
	209	1	74.07130487719297	15.237525574736841	0.0	0.0	2	1.0227927395859964	-15.789949055929426	138.0	23	1.05	0.95				
	210	1	82.5365968631579	16.930583971929824	0.0	0.0	2	1.05	-17.401150350910747	138.0	23	1.05	0.95				
	211	1	0.0	0.0	0.0	0.0	2	1.005936986311839	-13.257164238005677	230.0	23	1.05	0.95				
	212	1	0.0	0.0	0.0	0.0	2	1.0103005890227938	-11.088241712841052	230.0	23	1.05	0.95				
	213	2	112.16511881403508	22.856288362105264	0.0	0.0	2	1.0003055187385692	-11.9742699428588	230.0	24	1.05	0.95				
	214	2	82.11333226385965	16.507319372631578	0.0	0.0	2	1.007719829619869	-10.92868924584433	230.0	26	1.05	0.95				
	215	2	134.17487797754387	27.08893435508772	0.0	0.0	2	1.0249587347344815	-3.6089688437781273	230.0	26	1.05	0.95				
	216	2	42.32645992982456	8.465291985964912	0.0	0.0	2	1.0241565176972316	-5.047837477639408	230.0	26	1.05	0.95				
	217	1	0.0	0.0	0.0	0.0	2	1.0287229936843696	-2.603140451784698	230.0	27	1.05	0.95				
	218	2	140.94711156631578	28.781992752280704	0.0	0.0	2	1.0288074297876033	-3.026037993996665	230.0	27	1.05	0.95				
	219	1	76.61089247298246	15.660790174035089	0.0	0.0	2	1.0214518613532306	-6.3332995894777575	230.0	25	1.05	0.95				
	220	1	54.17786871017544	11.004879581754386	0.0	0.0	2	1.0221903119994675	-6.618302760836435	230.0	25	1.05	0.95				
	221	2	0.0	0.0	0.0	0.0	2	1.0307384800689887	-2.4232267220312678	230.0	27	1.05	0.95				
	222	2	0.0	0.0	0.0	0.0	2	1.0499999982749155	3.9985535862419743	230.0	27	1.05	0.95				
	223	2	0.0	0.0	0.0	0.0	2	1.023106102877874	-6.446743567500613	230.0	25	1.05	0.95				
	224	1	0.0	0.0	0.0	0.0	2	1.008934760575893	-7.310580604689858	230.0	26	1.05	0.95				
	301	2	61.92660550736843	12.614678899649123	0.0	0.0	3	0.9991885714192664	8.051384382972909	138.0	31	1.05	0.95				
	302	2	55.61926605754386	11.467889908771932	0.0	0.0	3	0.9984949153521336	7.859460271084798	138.0	32	1.05	0.95				
	303	1	103.21100917894739	21.215596331228074	0.0	0.0	3	1.039407750327352	15.768984975669067	138.0	31	1.05	0.95				
	304	1	42.43119266245615	8.60091743157895	0.0	0.0	3	1.0044077434085483	9.37423371825292	138.0	31	1.05	0.95				
	305	1	40.71100917614036	8.027522936140352	0.0	0.0	3	1.0166350102518509	8.837677736848892	138.0	31	1.05	0.95				
	306	1	77.98165137964914	16.055045872280704	0.0	-100.0	3	1.033760387669745	8.623186694508075	138.0	32	1.05	0.95				
	307	2	71.67431192982457	14.334862385964914	0.0	0.0	3	0.9887850250896603	4.908771154334526	138.0	32	1.05	0.95				
	308	1	98.05045872000001	20.068807340350876	0.0	0.0	3	0.9997982115311406	7.467365171891679	138.0	32	1.05	0.95				
	309	1	100.3440367017544	20.642201835789475	0.0	0.0	3	1.0286020888985379	12.945858535505831	138.0	33	1.05	0.95				
	310	1	111.81192661052633	22.935779817543864	0.0	0.0	3	1.05	11.465154712590424	138.0	33	1.05	0.95				
	311	1	0.0	0.0	0.0	0.0	3	1.0136555223390786	16.222262270931992	230.0	33	1.05	0.95				
	312	1	0.0	0.0	0.0	0.0	3	1.019207107599082	17.618777544564065	230.0	33	1.05	0.95				
	313	2	151.9495412912281	30.963302753684214	0.0	0.0	3	1.0238450440247957	22.517672901069208	230.0	34	1.05	0.95				
	314	2	111.23853211508772	22.362385322105265	0.0	0.0	3	1.0135433802760456	14.747612448995918	230.0	36	1.05	0.95				
	315	2	181.76605505403512	36.69724770807018	0.0	0.0	3	1.0433911179506319	9.300770802406852	230.0	36	1.05	0.95				
	316	2	57.33944954385966	11.467889908771932	0.0	0.0	3	1.0401491831072331	10.27473174923935	230.0	36	1.05	0.95				
	317	1	0.0	0.0	0.0	0.0	3	1.0449913898347707	8.528229602740485	230.0	37	1.05	0.95				
	318	2	190.94036698105265	38.99082568982457	0.0	0.0	3	1.0446726490834037	6.831459058565874	230.0	37	1.05	0.95				
	319	1	103.78440367438597	21.215596331228074	0.0	0.0	3	1.0356742793522755	13.455077944379388	230.0	35	1.05	0.95				
	320	1	73.39449541614036	14.908256881403512	0.0	0.0	3	1.03448878134385	15.729249429612832	230.0	35	1.05	0.95				
	321	2	0.0	0.0	0.0	0.0	3	1.045209922605867	8.235288448947747	230.0	37	1.05	0.95				
	322	2	0.0	0.0	0.0	0.0	3	1.05	12.682945958803579	230.0	37	1.05	0.95				
	323	2	0.0	0.0	0.0	0.0	3	1.0339322122844918	16.63634195322732	230.0	35	1.05	0.95				
	324	1	0.0	0.0	0.0	0.0	3	1.0419314558087582	13.743730518946974	230.0	36	1.05	0.95				
	325	1	0.0	0.0	0.0	0.0	3	1.0360215177710363	16.70250268231185	230.0	35	1.05	0.95				
];
