%% MATPOWER Case Format : Version 2
function mpc = RTS_GMLC
mpc.version = '2';

%%-----  Power Flow Data  -----%%
%% system MVA base
mpc.baseMVA = 100.0;
%% bus data
%    bus_i    type    Pd    Qd    Gs    Bs    area    Vm    Va    baseKV    zone    Vmax    Vmin
mpc.bus = [
	101	2	44.83523008421052	9.133102424561402	0.0	0.0	1	1.0181330249560105	2.8088846437377644	138.0	11	1.05	0.95				
	102	2	40.26867887192982	8.302820385964912	0.0	0.0	1	1.0170169960575093	2.4924463963461028	138.0	12	1.05	0.95				
	103	1	74.7253834736842	15.360217714035088	0.0	0.0	1	1.0263351183769422	2.836118889757777	138.0	11	1.05	0.95				
	104	1	30.720435428070175	6.227115289473684	0.0	0.0	1	1.0143563754087443	-0.7329753609816411	138.0	11	1.05	0.95				
	105	1	29.475012370175435	5.811974270175439	0.0	0.0	1	1.027905537393716	-0.664059340530517	138.0	11	1.05	0.95				
	106	1	56.4591786245614	11.623948540350877	0.0	-100.0	1	1.0416523946071754	-3.060086644281934	138.0	12	1.05	0.95				
	107	2	51.8926274122807	10.37852548245614	0.0	0.0	1	0.9849149508945465	-11.288427081070148	138.0	12	1.05	0.95				
	108	1	70.9891143	14.529935675438596	0.0	0.0	1	0.9940990125081121	-8.705740608605367	138.0	12	1.05	0.95				
	109	1	72.64967837719298	14.945076694736843	0.0	0.0	1	1.0249258194946806	-1.6368397915094925	138.0	13	1.05	0.95				
	110	1	80.95249876315789	16.605640771929824	0.0	0.0	1	1.05	-2.8162404036806716	138.0	13	1.05	0.95				
	111	1	0.0	0.0	0.0	0.0	1	1.016808804469452	0.649447047131573	230.0	13	1.05	0.95				
	112	1	0.0	0.0	0.0	0.0	1	1.0139156533875757	-0.48743324114114217	230.0	13	1.05	0.95				
	113	3	110.01237011403508	22.41761504210526	0.0	0.0	1	0.9979045278780339	7.480828484291737e-29	230.0	14	1.05	0.95				
	114	2	80.53735774385964	16.190499752631577	0.0	0.0	1	1.0393809703246082	4.034739027971067	230.0	16	1.05	0.95				
	115	2	131.59970311754387	26.569025235087718	0.0	0.0	1	1.0399741992813758	13.372522476113955	230.0	16	1.05	0.95				
	116	2	41.51410192982456	8.302820385964912	0.0	0.0	1	1.0391981535525634	11.477333707990997	230.0	16	1.05	0.95				
	117	1	0.0	0.0	0.0	0.0	1	1.0386066710715467	17.544239319539784	230.0	17	1.05	0.95				
	118	2	138.2419594263158	28.2295893122807	0.0	0.0	1	1.047515370773676	18.1515537454618	230.0	17	1.05	0.95				
	119	1	75.14052449298245	15.360217714035088	0.0	0.0	1	1.0340650015328838	7.050575364244965	230.0	15	1.05	0.95				
	120	1	53.138050470175436	10.793666501754386	0.0	0.0	1	1.0367096447073645	3.994565924210897	230.0	15	1.05	0.95				
	121	2	0.0	0.0	0.0	0.0	1	1.0418642848216753	19.76952045994634	230.0	17	1.05	0.95				
	122	2	0.0	0.0	0.0	0.0	1	1.05	37.74232835415513	230.0	17	1.05	0.95				
	123	2	0.0	0.0	0.0	0.0	1	1.0393735953984287	2.632533491331995	230.0	15	1.05	0.95				
	124	1	0.0	0.0	0.0	0.0	1	1.0217308940237935	9.437896415401749	230.0	16	1.05	0.95				
	201	2	47.25956239578947	9.626947895438596	0.0	0.0	2	1.0072562201301845	-18.652890200475643	138.0	21	1.05	0.95				
	202	2	42.44608844807017	8.751770814035087	0.0	0.0	2	1.006496715312483	-18.97015531032748	138.0	22	1.05	0.95				
	203	1	78.76593732631578	16.19077600596491	0.0	0.0	2	1.0102946776737074	-13.535992550622229	138.0	21	1.05	0.95				
	204	1	32.38155201192982	6.563828110526315	0.0	0.0	2	1.0082379621755073	-18.508190111088073	138.0	21	1.05	0.95				
	205	1	31.06878638982456	6.126239569824561	0.0	0.0	2	1.0231876525665597	-19.05602203889535	138.0	21	1.05	0.95				
	206	1	59.5120415354386	12.252479139649122	0.0	-100.0	2	1.0398202901536768	-19.822932558284478	138.0	22	1.05	0.95				
	207	2	54.698567587719296	10.939713517543858	0.0	0.0	2	0.9901421809081841	-25.04702193675041	138.0	22	1.05	0.95				
	208	1	74.82764045999998	15.315598924561403	0.0	0.0	2	0.9967188165380886	-23.06641150125953	138.0	22	1.05	0.95				
	209	1	76.57799462280701	15.753187465263155	0.0	0.0	2	1.0226298232889695	-16.31510566162829	138.0	23	1.05	0.95				
	210	1	85.3297654368421	17.503541628070174	0.0	0.0	2	1.05	-18.04560413589538	138.0	23	1.05	0.95				
	211	1	0.0	0.0	0.0	0.0	2	1.0102371447935228	-13.073341222758613	230.0	23	1.05	0.95				
	212	1	0.0	0.0	0.0	0.0	2	1.0142949714350467	-12.311326573818224	230.0	23	1.05	0.95				
	213	2	115.96096328596491	23.629781197894737	0.0	0.0	2	1.01169485377873	-11.64585919915961	230.0	24	1.05	0.95				
	214	2	84.89217689614034	17.06595308736842	0.0	0.0	2	1.0129434258186685	-10.155298018261863	230.0	26	1.05	0.95				
	215	2	138.71556740245612	28.005666604912278	0.0	0.0	2	1.0282055615830226	-2.9651078766515875	230.0	26	1.05	0.95				
	216	2	43.75885407017543	8.751770814035087	0.0	0.0	2	1.0322125125540784	-3.4129054753353656	230.0	26	1.05	0.95				
	217	1	0.0	0.0	0.0	0.0	2	1.035910632558786	-1.450373758849429	230.0	27	1.05	0.95				
	218	2	145.7169840536842	29.7560207677193	0.0	0.0	2	1.034055536840082	-2.0177812254796383	230.0	27	1.05	0.95				
	219	1	79.20352586701755	16.19077600596491	0.0	0.0	2	1.0375984898507835	-3.757696741079714	230.0	25	1.05	0.95				
	220	1	56.011333209824556	11.377302058245613	0.0	0.0	2	1.0451678929758264	-3.221388832563934	230.0	25	1.05	0.95				
	221	2	0.0	0.0	0.0	0.0	2	1.0347454443607862	-1.5310207496387567	230.0	27	1.05	0.95				
	222	2	0.0	0.0	0.0	0.0	2	1.05	4.998574379681504	230.0	27	1.05	0.95				
	223	2	0.0	0.0	0.0	0.0	2	1.0499999977914358	-2.6082456636892872	230.0	25	1.05	0.95				
	224	1	0.0	0.0	0.0	0.0	2	1.0084730287158141	-6.895240468582958	230.0	26	1.05	0.95				
	301	2	59.962037343157895	12.214489088421052	0.0	0.0	3	1.033868044351531	1.7144013817527002	138.0	31	1.05	0.95				
	302	2	53.85479279894736	11.104080989473685	0.0	0.0	3	1.0287196119151611	1.369921253238462	138.0	32	1.05	0.95				
	303	1	99.93672890526315	20.542549830526312	0.0	0.0	3	1.05	17.709742308438667	138.0	31	1.05	0.95				
	304	1	41.085099661052624	8.328060742105263	0.0	0.0	3	1.0088723714810564	2.900256406516639	138.0	31	1.05	0.95				
	305	1	39.41948751263158	7.772856692631579	0.0	0.0	3	1.0300839311807535	0.8741165430755443	138.0	31	1.05	0.95				
	306	1	75.50775072842106	15.545713385263157	0.0	-100.0	3	1.0337574206163744	-0.24318537515787533	138.0	32	1.05	0.95				
	307	2	69.40050618421051	13.880101236842105	0.0	0.0	3	0.95	0.017717184971290018	138.0	32	1.05	0.95				
	308	1	94.93989246	19.432141731578945	0.0	0.0	3	0.96631696918251	-0.09764584341740695	138.0	32	1.05	0.95				
	309	1	97.16070865789473	19.98734578105263	0.0	0.0	3	1.0112371737437031	6.498289570047568	138.0	33	1.05	0.95				
	310	1	108.2647896473684	22.20816197894737	0.0	0.0	3	1.0396892163046743	1.7999596642190332	138.0	33	1.05	0.95				
	311	1	0.0	0.0	0.0	0.0	3	0.9990580638146697	6.80707668182288	230.0	33	1.05	0.95				
	312	1	0.0	0.0	0.0	0.0	3	1.002651409276004	7.303176981648291	230.0	33	1.05	0.95				
	313	2	147.1290731105263	29.981018671578948	0.0	0.0	3	0.9995808355447627	9.336718846205901	230.0	34	1.05	0.95				
	314	2	107.70958559789472	21.652957929473686	0.0	0.0	3	0.9982479799599354	7.354926921969404	230.0	36	1.05	0.95				
	315	2	175.99968368315788	35.53305916631579	0.0	0.0	3	1.047010377395604	11.666959944578315	230.0	36	1.05	0.95				
	316	2	55.52040494736842	11.104080989473685	0.0	0.0	3	1.042081031751834	11.41734539700824	230.0	36	1.05	0.95				
	317	1	0.0	0.0	0.0	0.0	3	1.05	16.376749868490272	230.0	37	1.05	0.95				
	318	2	184.88294847473682	37.75387536421053	0.0	0.0	3	1.0426410612570531	13.120387544573955	230.0	37	1.05	0.95				
	319	1	100.49193295473684	20.542549830526312	0.0	0.0	3	1.0269440694423704	10.207701192711474	230.0	35	1.05	0.95				
	320	1	71.06611833263158	14.435305286315788	0.0	0.0	3	1.0183338762809147	10.216783125347945	230.0	35	1.05	0.95				
	321	2	0.0	0.0	0.0	0.0	3	1.0439958468707518	13.310011796515324	230.0	37	1.05	0.95				
	322	2	0.0	0.0	0.0	0.0	3	1.0499999869682277	18.854750145837784	230.0	37	1.05	0.95				
	323	2	0.0	0.0	0.0	0.0	3	1.0147837402684206	10.657386482869622	230.0	35	1.05	0.95				
	324	1	0.0	0.0	0.0	0.0	3	1.0455214162547481	13.980653012210976	230.0	36	1.05	0.95				
	325	1	0.0	0.0	0.0	0.0	3	1.0153317065322138	11.445579312107359	230.0	35	1.05	0.95				
];
