%% MATPOWER Case Format : Version 2
function mpc = RTS_GMLC
mpc.version = '2';

%%-----  Power Flow Data  -----%%
%% system MVA base
mpc.baseMVA = 100.0;
%% bus data
%    bus_i    type    Pd    Qd    Gs    Bs    area    Vm    Va    baseKV    zone    Vmax    Vmin
mpc.bus = [
	101	2	43.73973280421053	8.90994557122807	0.0	0.0	1	1.0132775011343318	-4.553821044052619	138.0	11	1.05	0.95				
	102	2	39.284760018596494	8.099950519298247	0.0	0.0	1	1.0130648625994483	-4.757725543576567	138.0	12	1.05	0.95				
	103	1	72.89955467368421	14.984908460701755	0.0	0.0	1	1.0015974508251007	-1.1997896380044644	138.0	11	1.05	0.95				
	104	1	29.96981692140351	6.074962889473684	0.0	0.0	1	1.0033171890624668	-4.755460780269439	138.0	11	1.05	0.95				
	105	1	28.754824343508773	5.669965363508773	0.0	0.0	1	1.0165106872617524	-5.767661965266686	138.0	11	1.05	0.95				
	106	1	55.07966353122807	11.339930727017546	0.0	-100.0	1	1.0261347536010248	-6.933832437416106	138.0	12	1.05	0.95				
	107	2	50.62469074561403	10.124938149122807	0.0	0.0	1	0.9846341135115005	-9.141410904132922	138.0	12	1.05	0.95				
	108	1	69.25457694	14.17491340877193	0.0	0.0	1	0.9872190100180022	-8.655687207500836	138.0	12	1.05	0.95				
	109	1	70.87456704385964	14.579910934736843	0.0	0.0	1	1.001928658643238	-4.038626908513313	138.0	13	1.05	0.95				
	110	1	78.9745175631579	16.199901038596494	0.0	0.0	1	1.0293570497878302	-5.661084663347148	138.0	13	1.05	0.95				
	111	1	0.0	0.0	0.0	0.0	1	0.9803108675294243	-1.6262949842665395	230.0	13	1.05	0.95				
	112	1	0.0	0.0	0.0	0.0	1	0.9815825882975078	-1.8804904362412889	230.0	13	1.05	0.95				
	113	3	107.32434438070175	21.869866402105266	0.0	0.0	1	0.9629205135358971	-1.1991458496605507e-29	230.0	14	1.05	0.95				
	114	2	78.56952003719299	15.794903512631581	0.0	0.0	1	0.9865839683929098	0.3500786326483995	230.0	16	1.05	0.95				
	115	2	128.3842157308772	25.91984166175439	0.0	0.0	1	0.9891957968204657	6.988015487849359	230.0	16	1.05	0.95				
	116	2	40.49975259649123	8.099950519298247	0.0	0.0	1	0.9895980222804569	5.903435856326904	230.0	16	1.05	0.95				
	117	1	0.0	0.0	0.0	0.0	1	0.9949705465953428	9.87252434679357	230.0	17	1.05	0.95				
	118	2	134.86417614631577	27.539831765614036	0.0	0.0	1	0.9973768859893243	10.504392645773486	230.0	17	1.05	0.95				
	119	1	73.30455219964914	14.984908460701755	0.0	0.0	1	0.9898806792761881	3.628332785429094	230.0	15	1.05	0.95				
	120	1	51.83968332350878	10.52993567508772	0.0	0.0	1	0.9931991276010899	2.0943894125567324	230.0	15	1.05	0.95				
	121	2	0.0	0.0	0.0	0.0	1	0.9969853568565468	11.849583603251398	230.0	17	1.05	0.95				
	122	2	0.0	0.0	0.0	0.0	1	1.0175322478060043	20.991223011446706	230.0	17	1.05	0.95				
	123	2	0.0	0.0	0.0	0.0	1	0.9956381971667765	1.585526669742853	230.0	15	1.05	0.95				
	124	1	0.0	0.0	0.0	0.0	1	0.9839427325605303	3.847473705031386	230.0	16	1.05	0.95				
	201	2	39.949630105263154	8.137887614035087	0.0	0.0	2	1.0121181205026981	-7.122153159437044	138.0	21	1.05	0.95				
	202	2	35.880686298245614	7.398079649122806	0.0	0.0	2	1.0109251915600321	-7.29093470123689	138.0	22	1.05	0.95				
	203	1	66.58271684210526	13.686447350877193	0.0	0.0	2	0.9979123413982002	-5.601976781988529	138.0	21	1.05	0.95				
	204	1	27.372894701754387	5.548559736842105	0.0	0.0	2	1.003205109102984	-6.522476757931713	138.0	21	1.05	0.95				
	205	1	26.263182754385962	5.178655754385965	0.0	0.0	2	1.019245191914171	-6.751705612922398	138.0	21	1.05	0.95				
	206	1	50.30694161403508	10.35731150877193	0.0	-100.0	2	1.0314878306811133	-7.022793833013136	138.0	22	1.05	0.95				
	207	2	46.237997807017535	9.247599561403508	0.0	0.0	2	0.9720661307154785	-11.416523528917711	138.0	22	1.05	0.95				
	208	1	63.25358099999999	12.946639385964911	0.0	0.0	2	0.9825243972898561	-9.761533584874806	138.0	22	1.05	0.95				
	209	1	64.73319692982456	13.316543368421051	0.0	0.0	2	1.0075886509320295	-4.31422715071092	138.0	23	1.05	0.95				
	210	1	72.13127657894735	14.796159298245612	0.0	0.0	2	1.0353574018891332	-5.156688788913552	138.0	23	1.05	0.95				
	211	1	0.0	0.0	0.0	0.0	2	0.9864555356842354	-2.1142098377981213	230.0	23	1.05	0.95				
	212	1	0.0	0.0	0.0	0.0	2	0.9895105701978174	2.3764047195518136	230.0	23	1.05	0.95				
	213	2	98.02455535087718	19.974815052631577	0.0	0.0	2	0.9818253020037476	0.32303935554248947	230.0	24	1.05	0.95				
	214	2	71.76137259649123	14.426255315789472	0.0	0.0	2	0.980385925726136	-1.4688998549352072	230.0	26	1.05	0.95				
	215	2	117.25956243859648	23.67385487719298	0.0	0.0	2	0.9904304797292005	2.038286043357008	230.0	26	1.05	0.95				
	216	2	36.99039824561403	7.398079649122806	0.0	0.0	2	0.9881515495550907	1.8659377669975024	230.0	26	1.05	0.95				
	217	1	0.0	0.0	0.0	0.0	2	0.9981689631194907	2.4930851150149733	230.0	27	1.05	0.95				
	218	2	123.17802615789472	25.15347080701754	0.0	0.0	2	0.9989136638400471	2.195228609288112	230.0	27	1.05	0.95				
	219	1	66.9526208245614	13.686447350877193	0.0	0.0	2	0.982430436554051	2.866696152438042	230.0	25	1.05	0.95				
	220	1	47.34770975438596	9.617503543859648	0.0	0.0	2	0.980302435212843	4.533663618723473	230.0	25	1.05	0.95				
	221	2	0.0	0.0	0.0	0.0	2	1.0010998494269485	2.842780145482264	230.0	27	1.05	0.95				
	222	2	0.0	0.0	0.0	0.0	2	1.019133609285469	8.547477197455356	230.0	27	1.05	0.95				
	223	2	0.0	0.0	0.0	0.0	2	0.9801751489134181	5.767521468710984	230.0	25	1.05	0.95				
	224	1	0.0	0.0	0.0	0.0	2	0.9838719219042905	-0.8766989222212196	230.0	26	1.05	0.95				
	301	2	52.103764648421055	10.613729835789474	0.0	0.0	3	1.0086412330433772	29.461951612482448	138.0	31	1.05	0.95				
	302	2	46.79689973052631	9.64884530526316	0.0	0.0	3	1.0089723169694562	29.135127962312314	138.0	32	1.05	0.95				
	303	1	86.83960774736843	17.85036381473684	0.0	0.0	3	1.0179805262009916	41.602141685645044	138.0	31	1.05	0.95				
	304	1	35.70072762947368	7.236633978947368	0.0	0.0	3	0.9985760739642883	30.1522639237646	138.0	31	1.05	0.95				
	305	1	34.25340083368421	6.754191713684212	0.0	0.0	3	1.01663499471134	29.194590501591907	138.0	31	1.05	0.95				
	306	1	65.61214807578948	13.508383427368424	0.0	-100.0	3	1.0287437074628576	28.454956390753825	138.0	32	1.05	0.95				
	307	2	60.30528315789474	12.061056631578948	0.0	0.0	3	0.9686934701321979	25.21983787190618	138.0	32	1.05	0.95				
	308	1	82.49762736000001	16.885479284210525	0.0	0.0	3	0.9816893718412787	27.40118575155532	138.0	32	1.05	0.95				
	309	1	84.42739642105263	17.36792154947368	0.0	0.0	3	1.0054408922570823	33.044108239489425	138.0	33	1.05	0.95				
	310	1	94.07624172631579	19.29769061052632	0.0	0.0	3	1.0366818453050088	30.50875301417461	138.0	33	1.05	0.95				
	311	1	0.0	0.0	0.0	0.0	3	0.9906288812801168	34.34775987777527	230.0	33	1.05	0.95				
	312	1	0.0	0.0	0.0	0.0	3	0.9975157440995659	34.34866274706193	230.0	33	1.05	0.95				
	313	2	127.84720029473684	26.051882324210528	0.0	0.0	3	0.9979067307894705	37.76458069880322	230.0	34	1.05	0.95				
	314	2	93.59379946105263	18.81524834526316	0.0	0.0	3	0.9796641936054253	34.02530290473584	230.0	36	1.05	0.95				
	315	2	152.93419808842106	30.876304976842107	0.0	0.0	3	0.984417583849368	30.78231822134198	230.0	36	1.05	0.95				
	316	2	48.24422652631579	9.64884530526316	0.0	0.0	3	0.9738131625408403	31.04568553310494	230.0	36	1.05	0.95				
	317	1	0.0	0.0	0.0	0.0	3	0.9889416393443203	31.42244437799405	230.0	37	1.05	0.95				
	318	2	160.65327433263158	32.80607403789474	0.0	0.0	3	0.9867665047653409	28.50478647839274	230.0	37	1.05	0.95				
	319	1	87.32205001263159	17.85036381473684	0.0	0.0	3	0.9815015781230212	31.1889749969325	230.0	35	1.05	0.95				
	320	1	61.752609953684214	12.543498896842106	0.0	0.0	3	0.9884654772643803	30.71398221572718	230.0	35	1.05	0.95				
	321	2	0.0	0.0	0.0	0.0	3	0.9938641263365346	29.81127188424557	230.0	37	1.05	0.95				
	322	2	0.0	0.0	0.0	0.0	3	1.0111485500933417	34.211904277451936	230.0	37	1.05	0.95				
	323	2	0.0	0.0	0.0	0.0	3	0.9917020799879672	30.198046800481947	230.0	35	1.05	0.95				
	324	1	0.0	0.0	0.0	0.0	3	0.9964266508918367	36.82521490816403	230.0	36	1.05	0.95				
	325	1	0.0	0.0	0.0	0.0	3	0.9920653678068811	28.651665161998544	230.0	35	1.05	0.95				
];
