%% MATPOWER Case Format : Version 2
function mpc = RTS_GMLC
mpc.version = '2';

%%-----  Power Flow Data  -----%%
%% system MVA base
mpc.baseMVA = 100.0;
%% bus data
%    bus_i    type    Pd    Qd    Gs    Bs    area    Vm    Va    baseKV    zone    Vmax    Vmin
mpc.bus = [
	101	2	44.06036616000001	8.975259773333335	0.0	0.0	1	1.0442451419759704	4.36254351422942	138.0	11	1.05	0.95				
	102	2	39.572736273333334	8.159327066666668	0.0	0.0	1	1.0432949111461343	4.099998635611723	138.0	12	1.05	0.95				
	103	1	73.4339436	15.094755073333335	0.0	0.0	1	1.0291049465879103	0.8586915647799289	138.0	11	1.05	0.95				
	104	1	30.18951014666667	6.1194953000000005	0.0	0.0	1	1.027157642377212	0.5505036226291937	138.0	11	1.05	0.95				
	105	1	28.965611086666666	5.711528946666668	0.0	0.0	1	1.0410827732910735	0.6518587267521097	138.0	11	1.05	0.95				
	106	1	55.483424053333344	11.423057893333336	0.0	-100.0	1	1.0479951421947638	-1.8875067064264794	138.0	12	1.05	0.95				
	107	2	50.99579416666668	10.199158833333334	0.0	0.0	1	1.0000165767188558	-6.980775040923108	138.0	12	1.05	0.95				
	108	1	69.76224642000001	14.278822366666667	0.0	0.0	1	1.004997342873079	-5.972834818857289	138.0	12	1.05	0.95				
	109	1	71.39411183333334	14.686788720000003	0.0	0.0	1	1.0243003576318952	-1.3125809236505328	138.0	13	1.05	0.95				
	110	1	79.5534389	16.318654133333336	0.0	0.0	1	1.05	-1.8712297246212604	138.0	13	1.05	0.95				
	111	1	0.0	0.0	0.0	0.0	1	1.001529589396554	-0.1338386410318039	230.0	13	1.05	0.95				
	112	1	0.0	0.0	0.0	0.0	1	1.006712577867722	0.31026455374865386	230.0	13	1.05	0.95				
	113	3	108.11108363333332	22.030183080000004	0.0	0.0	1	0.9917144526413186	-1.6894205641161856e-30	230.0	14	1.05	0.95				
	114	2	79.14547254666667	15.910687780000002	0.0	0.0	1	0.9963381174139737	1.3422032585785462	230.0	16	1.05	0.95				
	115	2	129.32533400666668	26.10984661333334	0.0	0.0	1	1.0320649350126714	5.894636733803498	230.0	16	1.05	0.95				
	116	2	40.796635333333334	8.159327066666668	0.0	0.0	1	1.0280263883838412	5.803532246562107	230.0	16	1.05	0.95				
	117	1	0.0	0.0	0.0	0.0	1	1.0368177171974187	7.649080152521253	230.0	17	1.05	0.95				
	118	2	135.85279566000003	27.741712026666672	0.0	0.0	1	1.0392787364820903	7.686040935969484	230.0	17	1.05	0.95				
	119	1	73.84190995333334	15.094755073333335	0.0	0.0	1	1.0217446376888275	5.088723083104062	230.0	15	1.05	0.95				
	120	1	52.21969322666668	10.607125186666668	0.0	0.0	1	1.0187532430940454	5.165527309997352	230.0	15	1.05	0.95				
	121	2	0.0	0.0	0.0	0.0	1	1.0431401250731314	8.611927752925535	230.0	17	1.05	0.95				
	122	2	0.0	0.0	0.0	0.0	1	1.05	14.779702762364256	230.0	17	1.05	0.95				
	123	2	0.0	0.0	0.0	0.0	1	1.017603635449641	5.528814640050412	230.0	15	1.05	0.95				
	124	1	0.0	0.0	0.0	0.0	1	1.023614589308779	4.00058081110074	230.0	16	1.05	0.95				
	201	2	40.42562570526316	8.234849680701755	0.0	0.0	2	1.0206245455730643	-5.520263811819262	138.0	21	1.05	0.95				
	202	2	36.30820086491228	7.48622698245614	0.0	0.0	2	1.0208976024667111	-5.46899905960675	138.0	22	1.05	0.95				
	203	1	67.37604284210526	13.849519917543859	0.0	0.0	2	1.0161008470146302	-5.081699542197968	138.0	21	1.05	0.95				
	204	1	27.699039835087717	5.614670236842105	0.0	0.0	2	1.0165896477596812	-6.43725271507108	138.0	21	1.05	0.95				
	205	1	26.576105787719296	5.240358887719299	0.0	0.0	2	1.030918075387455	-6.620487444261117	138.0	21	1.05	0.95				
	206	1	50.90634348070176	10.480717775438597	0.0	-100.0	2	1.0449799510204458	-7.6255964766129125	138.0	22	1.05	0.95				
	207	2	46.78891864035087	9.357783728070174	0.0	0.0	2	0.9941864667897157	-12.719511461054342	138.0	22	1.05	0.95				
	208	1	64.0072407	13.100897219298243	0.0	0.0	2	1.0017739971276112	-11.071992613607097	138.0	22	1.05	0.95				
	209	1	65.50448609649122	13.475208568421051	0.0	0.0	2	1.0230976074931515	-5.6773149718296345	138.0	23	1.05	0.95				
	210	1	72.99071307894737	14.97245396491228	0.0	0.0	2	1.05	-6.5251971975476195	138.0	23	1.05	0.95				
	211	1	0.0	0.0	0.0	0.0	2	1.0012952643079203	-3.397573863488152	230.0	23	1.05	0.95				
	212	1	0.0	0.0	0.0	0.0	2	1.007644987099969	-1.6586121807940375	230.0	23	1.05	0.95				
	213	2	99.19250751754385	20.21281285263158	0.0	0.0	2	0.9946002617645022	-1.9747115011228669	230.0	24	1.05	0.95				
	214	2	72.61640172982456	14.598142615789472	0.0	0.0	2	0.9970952245557566	-1.7834572334892738	230.0	26	1.05	0.95				
	215	2	118.6566976719298	23.955926343859648	0.0	0.0	2	1.0175492566399895	2.561192733263532	230.0	26	1.05	0.95				
	216	2	37.4311349122807	7.48622698245614	0.0	0.0	2	1.0184703078952297	2.7471795951821494	230.0	26	1.05	0.95				
	217	1	0.0	0.0	0.0	0.0	2	1.0240536144708499	4.0425316826388835	230.0	27	1.05	0.95				
	218	2	124.64567925789474	25.45317174035088	0.0	0.0	2	1.023218749726334	3.590464301999569	230.0	27	1.05	0.95				
	219	1	67.75035419122807	13.849519917543859	0.0	0.0	2	1.0196568202846157	2.8840510586599217	230.0	25	1.05	0.95				
	220	1	47.911852687719296	9.732095077192984	0.0	0.0	2	1.0229794877305858	3.743425716411114	230.0	25	1.05	0.95				
	221	2	0.0	0.0	0.0	0.0	2	1.0249501468589008	4.054164050111397	230.0	27	1.05	0.95				
	222	2	0.0	0.0	0.0	0.0	2	1.0469946077232573	10.577653792524496	230.0	27	1.05	0.95				
	223	2	0.0	0.0	0.0	0.0	2	1.0253545174272434	4.503906228103138	230.0	25	1.05	0.95				
	224	1	0.0	0.0	0.0	0.0	2	1.0073769732552373	-0.32521769828504693	230.0	26	1.05	0.95				
	301	2	51.89876621052632	10.571970894736841	0.0	0.0	3	1.008810520522698	-18.058141933703354	138.0	31	1.05	0.95				
	302	2	46.61278076315789	9.610882631578948	0.0	0.0	3	1.0083370648053378	-18.175317861147416	138.0	32	1.05	0.95				
	303	1	86.49794368421053	17.78013286842105	0.0	0.0	3	1.0225934683301794	-12.376066612826495	138.0	31	1.05	0.95				
	304	1	35.5602657368421	7.20816197368421	0.0	0.0	3	1.0090905256534801	-16.633569804897384	138.0	31	1.05	0.95				
	305	1	34.11863334210526	6.727617842105263	0.0	0.0	3	1.0229578458183208	-17.23145419544164	138.0	31	1.05	0.95				
	306	1	65.35400189473684	13.455235684210527	0.0	-100.0	3	1.0389579821114674	-17.330396614611725	138.0	32	1.05	0.95				
	307	2	60.06801644736841	12.013603289473682	0.0	0.0	3	0.9945394306522236	-22.864584886769723	138.0	32	1.05	0.95				
	308	1	82.1730465	16.819044605263155	0.0	0.0	3	0.9980397870304238	-20.644871021796668	138.0	32	1.05	0.95				
	309	1	84.09522302631578	17.299588736842104	0.0	0.0	3	1.0253214848247274	-13.403020276331247	138.0	33	1.05	0.95				
	310	1	93.70610565789472	19.221765263157895	0.0	0.0	3	1.05	-14.86071006737527	138.0	33	1.05	0.95				
	311	1	0.0	0.0	0.0	0.0	3	1.0080718684309717	-9.292077562052766	230.0	33	1.05	0.95				
	312	1	0.0	0.0	0.0	0.0	3	1.0112398701174041	-8.736456437928112	230.0	33	1.05	0.95				
	313	2	127.34419486842103	25.94938310526316	0.0	0.0	3	1.0108511099969764	-5.601345749892126	230.0	34	1.05	0.95				
	314	2	93.22556152631579	18.741221131578946	0.0	0.0	3	1.0092628856871948	-7.591765650413889	230.0	36	1.05	0.95				
	315	2	152.3324897105263	30.75482442105263	0.0	0.0	3	1.0271084692627916	-5.228184754905219	230.0	36	1.05	0.95				
	316	2	48.05441315789473	9.610882631578948	0.0	0.0	3	1.0267396987285797	-4.380832529724344	230.0	36	1.05	0.95				
	317	1	0.0	0.0	0.0	0.0	3	1.0308979468222568	-3.42819325428857	230.0	37	1.05	0.95				
	318	2	160.02119581578947	32.67700094736842	0.0	0.0	3	1.029501651252013	-3.5870475777964312	230.0	37	1.05	0.95				
	319	1	86.97848781578946	17.78013286842105	0.0	0.0	3	1.0231873317483202	-4.973632014237918	230.0	35	1.05	0.95				
	320	1	61.50964884210526	12.49414742105263	0.0	0.0	3	1.0236265342612334	-4.548509305069543	230.0	35	1.05	0.95				
	321	2	0.0	0.0	0.0	0.0	3	1.0308427152900526	-3.602190292672571	230.0	37	1.05	0.95				
	322	2	0.0	0.0	0.0	0.0	3	1.0441089063148143	0.8221006074671444	230.0	37	1.05	0.95				
	323	2	0.0	0.0	0.0	0.0	3	1.0246562803065402	-3.991280385410148	230.0	35	1.05	0.95				
	324	1	0.0	0.0	0.0	0.0	3	1.0176842295679136	-6.90387404707454	230.0	36	1.05	0.95				
	325	1	0.0	0.0	0.0	0.0	3	1.0229716931839636	-2.9256529802297666	230.0	35	1.05	0.95				
];
