%% MATPOWER Case Format : Version 2
function mpc = RTS_GMLC
mpc.version = '2';

%%-----  Power Flow Data  -----%%
%% system MVA base
mpc.baseMVA = 100.0;
%% bus data
%    bus_i    type    Pd    Qd    Gs    Bs    area    Vm    Va    baseKV    zone    Vmax    Vmin
mpc.bus = [
	101	2	48.65611085052632	9.911429988070175	0.0	0.0	1	1.001585736722218	-3.100368440668165	138.0	11	1.05	0.95				
	102	2	43.70039585649123	9.010390898245614	0.0	0.0	1	1.0008614799634827	-3.3613034996141704	138.0	12	1.05	0.95				
	103	1	81.09351808421053	16.669223161754385	0.0	0.0	1	1.0275634772400666	0.9702344769445979	138.0	11	1.05	0.95				
	104	1	33.33844632350877	6.75779317368421	0.0	0.0	1	1.0109751951215153	-3.809735527632046	138.0	11	1.05	0.95				
	105	1	31.986887688771926	6.30727362877193	0.0	0.0	1	1.0199426506139964	-4.968170413815393	138.0	11	1.05	0.95				
	106	1	61.27065810807017	12.61454725754386	0.0	-100.0	1	1.0376875063875426	-6.507041662238029	138.0	12	1.05	0.95				
	107	2	56.31494311403509	11.262988622807017	0.0	0.0	1	0.9867548703803001	-12.421200166681338	138.0	12	1.05	0.95				
	108	1	77.03884218	15.768184071929822	0.0	0.0	1	0.9951289960560477	-10.402455383568856	138.0	12	1.05	0.95				
	109	1	78.84092035964912	16.218703616842102	0.0	0.0	1	1.026749299898583	-3.4151853642866077	138.0	13	1.05	0.95				
	110	1	87.85131125789474	18.020781796491228	0.0	0.0	1	1.05	-5.357660065747192	138.0	13	1.05	0.95				
	111	1	0.0	0.0	0.0	0.0	1	1.0202026274227483	-0.5370851814775341	230.0	13	1.05	0.95				
	112	1	0.0	0.0	0.0	0.0	1	1.0164072833747513	-1.4852856182121412	230.0	13	1.05	0.95				
	113	3	119.38767940175438	24.32805542526316	0.0	0.0	1	1.003087313827785	1.572796309282305e-29	230.0	14	1.05	0.95				
	114	2	87.40079171298245	17.570262251578946	0.0	0.0	1	1.0464997755076957	2.76772299582913	230.0	16	1.05	0.95				
	115	2	142.81469573719298	28.833250874385964	0.0	0.0	1	1.046542330465692	12.080296040666974	230.0	16	1.05	0.95				
	116	2	45.05195449122807	9.010390898245614	0.0	0.0	1	1.0462948733021802	10.297516549629586	230.0	16	1.05	0.95				
	117	1	0.0	0.0	0.0	0.0	1	1.0439872643387353	16.053174257410884	230.0	17	1.05	0.95				
	118	2	150.02300845578947	30.635329054035086	0.0	0.0	1	1.05	16.911360592709045	230.0	17	1.05	0.95				
	119	1	81.54403762912281	16.669223161754385	0.0	0.0	1	1.0427486756676316	6.382350915190246	230.0	15	1.05	0.95				
	120	1	57.66650174877193	11.713508167719299	0.0	0.0	1	1.0456116181357489	3.5069972559076943	230.0	15	1.05	0.95				
	121	2	0.0	0.0	0.0	0.0	1	1.05	18.510521813488932	230.0	17	1.05	0.95				
	122	2	0.0	0.0	0.0	0.0	1	1.05	33.135791430114296	230.0	17	1.05	0.95				
	123	2	0.0	0.0	0.0	0.0	1	1.0484119315469247	2.264469090702868	230.0	15	1.05	0.95				
	124	1	0.0	0.0	0.0	0.0	1	1.0254960091592793	7.951437304469206	230.0	16	1.05	0.95				
	201	2	48.874547444210535	9.95592633122807	0.0	0.0	2	0.9943319725306917	-17.081610665492303	138.0	21	1.05	0.95				
	202	2	43.89658427859649	9.050842119298247	0.0	0.0	2	0.9929499369476236	-17.374685895423163	138.0	22	1.05	0.95				
	203	1	81.45757907368423	16.744057920701756	0.0	0.0	2	0.9945277118525002	-12.519918759551157	138.0	21	1.05	0.95				
	204	1	33.48811584140351	6.788131589473685	0.0	0.0	2	0.9833259870484478	-16.57486452965559	138.0	21	1.05	0.95				
	205	1	32.13048952350878	6.335589483508773	0.0	0.0	2	0.9984305760000528	-17.098989024087253	138.0	21	1.05	0.95				
	206	1	61.54572641122809	12.671178967017546	0.0	-100.0	2	1.0079672554535342	-17.688975830617025	138.0	22	1.05	0.95				
	207	2	56.567763245614046	11.313552649122808	0.0	0.0	2	0.9710942632821398	-23.66466358272817	138.0	22	1.05	0.95				
	208	1	77.38470012	15.838973708771931	0.0	0.0	2	0.9696776599774338	-21.386196889007312	138.0	22	1.05	0.95				
	209	1	79.19486854385967	16.291515814736844	0.0	0.0	2	0.9897831993043721	-13.926998521238087	138.0	23	1.05	0.95				
	210	1	88.24571066315791	18.101684238596494	0.0	0.0	2	1.0139583096044764	-15.568770464914802	138.0	23	1.05	0.95				
	211	1	0.0	0.0	0.0	0.0	2	0.9757138966994117	-10.793790513515047	230.0	23	1.05	0.95				
	212	1	0.0	0.0	0.0	0.0	2	0.9621122845528324	-7.918613925271729	230.0	23	1.05	0.95				
	213	2	119.92365808070178	24.437273722105267	0.0	0.0	2	0.9566430564654526	-8.664995133808821	230.0	24	1.05	0.95				
	214	2	87.79316855719298	17.64914213263158	0.0	0.0	2	0.994663843979157	-8.624263625404758	230.0	26	1.05	0.95				
	215	2	143.45584759087723	28.96269478175439	0.0	0.0	2	1.0161433508255504	-1.7661414826009505	230.0	26	1.05	0.95				
	216	2	45.254210596491234	9.050842119298247	0.0	0.0	2	1.0072714985816265	-2.5461234718385737	230.0	26	1.05	0.95				
	217	1	0.0	0.0	0.0	0.0	2	1.0248310765028186	-0.7258269191490941	230.0	27	1.05	0.95				
	218	2	150.6965212863158	30.772863205614044	0.0	0.0	2	1.0250812686786623	-1.2211124632678092	230.0	27	1.05	0.95				
	219	1	81.91012117964914	16.744057920701756	0.0	0.0	2	0.9799120678264213	-2.234991974722944	230.0	25	1.05	0.95				
	220	1	57.92538956350878	11.766094755087721	0.0	0.0	2	0.9597594383284505	-0.9704888644850025	230.0	25	1.05	0.95				
	221	2	0.0	0.0	0.0	0.0	2	1.0258562436520322	-0.5982256469142986	230.0	27	1.05	0.95				
	222	2	0.0	0.0	0.0	0.0	2	1.0488466768974918	5.855181996365621	230.0	27	1.05	0.95				
	223	2	0.0	0.0	0.0	0.0	2	0.95	0.1558082443557711	230.0	25	1.05	0.95				
	224	1	0.0	0.0	0.0	0.0	2	0.9949580389203576	-5.7488872444203984	230.0	26	1.05	0.95				
	301	2	58.612464416842116	11.93957608491228	0.0	0.0	3	1.0012048488000855	28.277236252589613	138.0	31	1.05	0.95				
	302	2	52.642676374385964	10.854160077192983	0.0	0.0	3	1.001237275778233	27.952781818331303	138.0	32	1.05	0.95				
	303	1	97.68744069473685	20.080196142807015	0.0	0.0	3	1.0180392289127569	40.92654881116259	138.0	31	1.05	0.95				
	304	1	40.16039228561403	8.140620057894736	0.0	0.0	3	1.0015702625672462	29.213893862836365	138.0	31	1.05	0.95				
	305	1	38.53226827403509	7.597912054035088	0.0	0.0	3	1.0185399677047053	27.98502637730396	138.0	31	1.05	0.95				
	306	1	73.80828852491229	15.195824108070177	0.0	-100.0	3	1.0354562429799004	27.194708980371573	138.0	32	1.05	0.95				
	307	2	67.83850048245614	13.567700096491228	0.0	0.0	3	0.9953421877478327	22.78902410850838	138.0	32	1.05	0.95				
	308	1	92.80306866	18.99478013508772	0.0	0.0	3	0.9994344681101865	25.290002373519837	138.0	32	1.05	0.95				
	309	1	94.9739006754386	19.537488138947367	0.0	0.0	3	1.0197608986112674	32.496330244342516	138.0	33	1.05	0.95				
	310	1	105.82806075263159	21.708320154385966	0.0	0.0	3	1.05	29.447242993005123	138.0	33	1.05	0.95				
	311	1	0.0	0.0	0.0	0.0	3	1.0060512552112206	34.06567934062958	230.0	33	1.05	0.95				
	312	1	0.0	0.0	0.0	0.0	3	1.0247733247641888	33.89323169000953	230.0	33	1.05	0.95				
	313	2	143.81762102280703	29.306232208421058	0.0	0.0	3	1.0262599638146683	36.88156165533677	230.0	34	1.05	0.95				
	314	2	105.28535274877193	21.165612150526318	0.0	0.0	3	0.9867154198515212	34.76472574369149	230.0	36	1.05	0.95				
	315	2	172.03843722350877	34.733312247017544	0.0	0.0	3	0.972797801094773	33.44633740965514	230.0	36	1.05	0.95				
	316	2	54.27080038596491	10.854160077192983	0.0	0.0	3	0.9534864535394034	33.84187022058623	230.0	36	1.05	0.95				
	317	1	0.0	0.0	0.0	0.0	3	0.9596771821367106	36.59855855517903	230.0	37	1.05	0.95				
	318	2	180.72176528526316	36.90414426245614	0.0	0.0	3	0.95	32.2140781208369	230.0	37	1.05	0.95				
	319	1	98.2301486985965	20.080196142807015	0.0	0.0	3	0.9935519498777636	33.253788053061854	230.0	35	1.05	0.95				
	320	1	69.46662449403509	14.110408100350877	0.0	0.0	3	1.029409642669014	32.28825820482997	230.0	35	1.05	0.95				
	321	2	0.0	0.0	0.0	0.0	3	0.9722723414963247	33.33968375209441	230.0	37	1.05	0.95				
	322	2	0.0	0.0	0.0	0.0	3	0.9758924011983731	39.61728301368406	230.0	37	1.05	0.95				
	323	2	0.0	0.0	0.0	0.0	3	1.0488646712768153	31.616609056823744	230.0	35	1.05	0.95				
	324	1	0.0	0.0	0.0	0.0	3	0.989976953591381	38.22885657812353	230.0	36	1.05	0.95				
	325	1	0.0	0.0	0.0	0.0	3	1.05	30.51240037719358	230.0	35	1.05	0.95				
];
