%% MATPOWER Case Format : Version 2
function mpc = RTS_GMLC
mpc.version = '2';

%%-----  Power Flow Data  -----%%
%% system MVA base
mpc.baseMVA = 100.0;
%% bus data
%    bus_i    type    Pd    Qd    Gs    Bs    area    Vm    Va    baseKV    zone    Vmax    Vmin
mpc.bus = [
	101	2	61.70856010105263	12.570262242807019	0.0	0.0	1	1.0337784678302167	2.0448250433926236	138.0	11	1.05	0.95				
	102	2	55.423428979649124	11.427511129824563	0.0	0.0	1	1.0338260053965482	2.0102191877143767	138.0	12	1.05	0.95				
	103	1	102.84760016842105	21.140895590175436	0.0	0.0	1	1.0251722598170199	0.0457535782834242	138.0	11	1.05	0.95				
	104	1	42.28179118035087	8.570633347368421	0.0	0.0	1	1.01946168962554	-1.4053666818925399	138.0	11	1.05	0.95				
	105	1	40.56766451087719	7.999257790877194	0.0	0.0	1	1.0340263511026722	-1.2630842046842417	138.0	11	1.05	0.95				
	106	1	77.70707568280703	15.998515581754388	0.0	-100.0	1	1.041396049999737	-3.642185286510945	138.0	12	1.05	0.95				
	107	2	71.4219445614035	14.284388912280702	0.0	0.0	1	1.0384868375638547	-1.2905954870441139	138.0	12	1.05	0.95				
	108	1	97.70522016	19.99814447719298	0.0	0.0	1	1.0240147926843903	-3.521234053088371	138.0	12	1.05	0.95				
	109	1	99.99072238596492	20.56952003368421	0.0	0.0	1	1.0259057023270677	-1.8924267538343993	138.0	13	1.05	0.95				
	110	1	111.41823351578948	22.855022259649125	0.0	0.0	1	1.05	-2.8181602003276085	138.0	13	1.05	0.95				
	111	1	0.0	0.0	0.0	0.0	1	1.0070150647931013	-0.22071893964360398	230.0	13	1.05	0.95				
	112	1	0.0	0.0	0.0	0.0	1	1.0118768443065653	0.3816480518690763	230.0	13	1.05	0.95				
	113	3	151.41452247017543	30.854280050526317	0.0	0.0	1	1.0015038869555937	7.428285810269461e-30	230.0	14	1.05	0.95				
	114	2	110.84685795929825	22.283646703157896	0.0	0.0	1	1.004627551524193	1.8269700712125028	230.0	16	1.05	0.95				
	115	2	181.1260514077193	36.568035615438596	0.0	0.0	1	1.0414231352944583	8.439816973967714	230.0	16	1.05	0.95				
	116	2	57.13755564912281	11.427511129824563	0.0	0.0	1	1.038083173380774	8.08530299129591	230.0	16	1.05	0.95				
	117	1	0.0	0.0	0.0	0.0	1	1.0452058614876532	10.609032220468038	230.0	17	1.05	0.95				
	118	2	190.26806031157895	38.853537841403515	0.0	0.0	1	1.048288868634231	11.041215987776527	230.0	17	1.05	0.95				
	119	1	103.41897572491227	21.140895590175436	0.0	0.0	1	1.0319664761149858	6.9426307455262055	230.0	15	1.05	0.95				
	120	1	73.13607123087719	14.855764468771932	0.0	0.0	1	1.031312318555906	7.042189310140333	230.0	15	1.05	0.95				
	121	2	0.0	0.0	0.0	0.0	1	1.05	11.165659122652128	230.0	17	1.05	0.95				
	122	2	0.0	0.0	0.0	0.0	1	1.05	17.566782122667288	230.0	17	1.05	0.95				
	123	2	0.0	0.0	0.0	0.0	1	1.032186049275521	7.529334472306742	230.0	15	1.05	0.95				
	124	1	0.0	0.0	0.0	0.0	1	1.0246726951677723	5.318571455857027	230.0	16	1.05	0.95				
	201	2	61.386431608421056	12.504643475789473	0.0	0.0	2	1.0322531638575936	-8.549988660350737	138.0	21	1.05	0.95				
	202	2	55.134109870526316	11.367857705263159	0.0	0.0	2	1.0323595625780275	-8.637928042548806	138.0	22	1.05	0.95				
	203	1	102.31071934736842	21.030536754736843	0.0	0.0	2	1.0257778086965763	-6.266507229072938	138.0	21	1.05	0.95				
	204	1	42.06107350947369	8.525893278947368	0.0	0.0	2	1.0182417747330843	-10.985321686200242	138.0	21	1.05	0.95				
	205	1	40.35589485368421	7.957500393684211	0.0	0.0	2	1.0336669577276651	-11.28753690526444	138.0	21	1.05	0.95				
	206	1	77.30143239578948	15.915000787368422	0.0	-100.0	2	1.0415426192750796	-13.365666227556357	138.0	22	1.05	0.95				
	207	2	71.04911065789474	14.209822131578948	0.0	0.0	2	0.9866764232607198	-21.93980671296039	138.0	22	1.05	0.95				
	208	1	97.19518337999999	19.893750984210527	0.0	0.0	2	0.9891818203822591	-19.240908824564347	138.0	22	1.05	0.95				
	209	1	99.46875492105262	20.462143869473685	0.0	0.0	2	1.0239998487601485	-10.597846465359563	138.0	23	1.05	0.95				
	210	1	110.83661262631578	22.735715410526318	0.0	0.0	2	1.05	-12.266239943089591	138.0	23	1.05	0.95				
	211	1	0.0	0.0	0.0	0.0	2	1.0136202390344131	-7.634458852679295	230.0	23	1.05	0.95				
	212	1	0.0	0.0	0.0	0.0	2	1.0147356259393936	-6.997987424954223	230.0	23	1.05	0.95				
	213	2	150.62411459473682	30.693215804210528	0.0	0.0	2	1.0116009637143455	-6.700196378711761	230.0	24	1.05	0.95				
	214	2	110.26821974105263	22.16732252526316	0.0	0.0	2	1.0210611827931835	-4.629401776250663	230.0	26	1.05	0.95				
	215	2	180.18054462842105	36.377144656842106	0.0	0.0	2	1.037560438829655	3.331113283461368	230.0	26	1.05	0.95				
	216	2	56.83928852631579	11.367857705263159	0.0	0.0	2	1.0401896699494497	3.0467492258200943	230.0	26	1.05	0.95				
	217	1	0.0	0.0	0.0	0.0	2	1.0432447471546904	6.3495128818072795	230.0	27	1.05	0.95				
	218	2	189.27483079263158	38.65071619789474	0.0	0.0	2	1.0454531928256932	7.008372010335147	230.0	27	1.05	0.95				
	219	1	102.87911223263157	21.030536754736843	0.0	0.0	2	1.0395587771959913	1.920707331906216	230.0	25	1.05	0.95				
	220	1	72.75428931368421	14.778215016842106	0.0	0.0	2	1.0435667605008518	2.0196159382852543	230.0	25	1.05	0.95				
	221	2	0.0	0.0	0.0	0.0	2	1.0454708399143968	6.912375274110965	230.0	27	1.05	0.95				
	222	2	0.0	0.0	0.0	0.0	2	1.05	13.198824294076385	230.0	27	1.05	0.95				
	223	2	0.0	0.0	0.0	0.0	2	1.04694430621874	2.4914798645717795	230.0	25	1.05	0.95				
	224	1	0.0	0.0	0.0	0.0	2	1.0211710867181711	-0.2577774600041008	230.0	26	1.05	0.95				
	301	2	55.879152176842105	11.382790258245615	0.0	0.0	3	1.0071513140528372	-26.612920906882593	138.0	31	1.05	0.95				
	302	2	50.187757047719295	10.34799114385965	0.0	0.0	3	1.0065859552914838	-26.748793035380114	138.0	32	1.05	0.95				
	303	1	93.13192029473684	19.14378361614035	0.0	0.0	3	1.0228978292450999	-19.86722166630052	138.0	31	1.05	0.95				
	304	1	38.2875672322807	7.760993357894737	0.0	0.0	3	1.0081143095442842	-24.999379709017933	138.0	31	1.05	0.95				
	305	1	36.73536856070175	7.243593800701756	0.0	0.0	3	1.0216059787407596	-25.89113542577685	138.0	31	1.05	0.95				
	306	1	70.36633977824562	14.487187601403512	0.0	-100.0	3	1.0374516110871754	-26.07954060557987	138.0	32	1.05	0.95				
	307	2	64.6749446491228	12.934988929824561	0.0	0.0	3	0.9923328815963857	-31.71486240774213	138.0	32	1.05	0.95				
	308	1	88.47532428	18.108984501754385	0.0	0.0	3	0.9955648174491568	-29.39788976992623	138.0	32	1.05	0.95				
	309	1	90.54492250877193	18.62638405894737	0.0	0.0	3	1.0267163877854595	-21.457594613556342	138.0	33	1.05	0.95				
	310	1	100.89291365263158	20.6959822877193	0.0	0.0	3	1.05	-23.50737081915577	138.0	33	1.05	0.95				
	311	1	0.0	0.0	0.0	0.0	3	1.015063276310316	-16.628538966162612	230.0	33	1.05	0.95				
	312	1	0.0	0.0	0.0	0.0	3	1.0155368979057995	-16.142370393805685	230.0	33	1.05	0.95				
	313	2	137.11088265614035	27.939576088421052	0.0	0.0	3	1.0203715738593704	-13.015645547019934	230.0	34	1.05	0.95				
	314	2	100.37551409543859	20.17858273052632	0.0	0.0	3	1.0244483007750065	-13.947710327710979	230.0	36	1.05	0.95				
	315	2	164.01565963017543	33.11357166035088	0.0	0.0	3	1.0470065777567787	-7.45984657217561	230.0	36	1.05	0.95				
	316	2	51.739955719298244	10.34799114385965	0.0	0.0	3	1.0464905903288304	-7.08934896102014	230.0	36	1.05	0.95				
	317	1	0.0	0.0	0.0	0.0	3	1.0486021241915484	-4.520414974418056	230.0	37	1.05	0.95				
	318	2	172.29405254526318	35.18316988912281	0.0	0.0	3	1.0485043464118304	-4.255580676809968	230.0	37	1.05	0.95				
	319	1	93.64931985192983	19.14378361614035	0.0	0.0	3	1.0429144841391935	-8.276108644887497	230.0	35	1.05	0.95				
	320	1	66.22714332070176	13.452388487017544	0.0	0.0	3	1.043777156070768	-8.334793829405243	230.0	35	1.05	0.95				
	321	2	0.0	0.0	0.0	0.0	3	1.05	-3.669771758414344	230.0	37	1.05	0.95				
	322	2	0.0	0.0	0.0	0.0	3	1.05	1.7721496831548398	230.0	37	1.05	0.95				
	323	2	0.0	0.0	0.0	0.0	3	1.0451539010042692	-7.984245333698703	230.0	35	1.05	0.95				
	324	1	0.0	0.0	0.0	0.0	3	1.02231601390096	-12.051376220738346	230.0	36	1.05	0.95				
	325	1	0.0	0.0	0.0	0.0	3	1.0386775274525795	-6.418302558948818	230.0	35	1.05	0.95				
];
