%% MATPOWER Case Format : Version 2
function mpc = RTS_GMLC
mpc.version = '2';

%%-----  Power Flow Data  -----%%
%% system MVA base
mpc.baseMVA = 100.0;
%% bus data
%    bus_i    type    Pd    Qd    Gs    Bs    area    Vm    Va    baseKV    zone    Vmax    Vmin
mpc.bus = [
	101	2	74.10638296421054	15.095744677894738	0.0	0.0	1	1.05	0.029091606150992787	138.0	11	1.05	0.95				
	102	2	66.55851062526315	13.72340425263158	0.0	0.0	1	1.0495817139681451	-0.20686395374570055	138.0	12	1.05	0.95				
	103	1	123.51063827368422	25.38829786736842	0.0	0.0	1	1.0275727143065767	-2.355829569585046	138.0	11	1.05	0.95				
	104	1	50.77659573473684	10.292553189473685	0.0	0.0	1	1.026794017224476	-3.7379209941261173	138.0	11	1.05	0.95				
	105	1	48.7180850968421	9.606382976842106	0.0	0.0	1	1.0401967255474582	-4.030993005190357	138.0	11	1.05	0.95				
	106	1	93.31914891789475	19.21276595368421	0.0	-100.0	1	1.0414213019827818	-6.982996062938895	138.0	12	1.05	0.95				
	107	2	85.77127657894737	17.154255315789474	0.0	0.0	1	1.0058702021458108	-11.008363067714978	138.0	12	1.05	0.95				
	108	1	117.33510636	24.01595744210526	0.0	0.0	1	1.000316226765223	-10.835749582993458	138.0	12	1.05	0.95				
	109	1	120.07978721052632	24.70212765473684	0.0	0.0	1	1.0260039389686348	-4.881209682861683	138.0	13	1.05	0.95				
	110	1	133.8031914631579	27.44680850526316	0.0	0.0	1	1.05	-6.069131416630639	138.0	13	1.05	0.95				
	111	1	0.0	0.0	0.0	0.0	1	1.0125954253119893	-2.179389188392049	230.0	13	1.05	0.95				
	112	1	0.0	0.0	0.0	0.0	1	1.0146755375078558	-1.449178573744524	230.0	13	1.05	0.95				
	113	3	181.83510634736842	37.05319148210527	0.0	0.0	1	1.012478494506189	-1.9798741979777466e-28	230.0	14	1.05	0.95				
	114	2	133.1170212505263	26.760638292631576	0.0	0.0	1	1.0144722799278043	-0.7331218183067427	230.0	16	1.05	0.95				
	115	2	217.51595740421052	43.91489360842105	0.0	0.0	1	1.042793398854546	6.159428244142278	230.0	16	1.05	0.95				
	116	2	68.6170212631579	13.72340425263158	0.0	0.0	1	1.0392870485362984	5.4760747739295885	230.0	16	1.05	0.95				
	117	1	0.0	0.0	0.0	0.0	1	1.0444323979942463	8.198655459718891	230.0	17	1.05	0.95				
	118	2	228.49468080631578	46.659574458947375	0.0	0.0	1	1.0467417370209349	8.6256321128239	230.0	17	1.05	0.95				
	119	1	124.1968084863158	25.38829786736842	0.0	0.0	1	1.031766888322504	4.246604499721791	230.0	15	1.05	0.95				
	120	1	87.8297872168421	17.840425528421054	0.0	0.0	1	1.0309943241152626	4.36956232798787	230.0	15	1.05	0.95				
	121	2	0.0	0.0	0.0	0.0	1	1.0499999580600197	10.279385112855467	230.0	17	1.05	0.95				
	122	2	0.0	0.0	0.0	0.0	1	1.05	16.024564230712304	230.0	17	1.05	0.95				
	123	2	0.0	0.0	0.0	0.0	1	1.0323558199685128	4.954266241533738	230.0	15	1.05	0.95				
	124	1	0.0	0.0	0.0	0.0	1	1.0262833643875424	2.9891227595709293	230.0	16	1.05	0.95				
	201	2	62.54242090105263	12.74012277614035	0.0	0.0	2	1.0254397689438184	-7.15850380086457	138.0	21	1.05	0.95				
	202	2	56.17235951298245	11.58192979649123	0.0	0.0	2	1.026391189709645	-6.9368120727207465	138.0	22	1.05	0.95				
	203	1	104.23736816842106	21.426570123508775	0.0	0.0	2	1.0176024641704144	-6.904925560793984	138.0	21	1.05	0.95				
	204	1	42.85314024701755	8.686447347368421	0.0	0.0	2	1.0162081376963419	-7.961855753366664	138.0	21	1.05	0.95				
	205	1	41.11585077754386	8.10735085754386	0.0	0.0	2	1.030528452132943	-8.22969161178434	138.0	21	1.05	0.95				
	206	1	78.75712261614036	16.21470171508772	0.0	-100.0	2	1.0404417695100874	-9.338082213183798	138.0	22	1.05	0.95				
	207	2	72.38706122807017	14.477412245614035	0.0	0.0	2	0.991720813948181	-17.68348698921445	138.0	22	1.05	0.95				
	208	1	99.02549976	20.26837714385965	0.0	0.0	2	0.9919401047362171	-14.919509092432062	138.0	22	1.05	0.95				
	209	1	101.34188571929825	20.84747363368421	0.0	0.0	2	1.0253719265475514	-6.432743730124848	138.0	23	1.05	0.95				
	210	1	112.92381551578947	23.16385959298246	0.0	0.0	2	1.05	-7.466512244018226	138.0	23	1.05	0.95				
	211	1	0.0	0.0	0.0	0.0	2	1.0118992837483625	-3.2543825540561535	230.0	23	1.05	0.95				
	212	1	0.0	0.0	0.0	0.0	2	1.0162062163511	1.2921486367597572	230.0	23	1.05	0.95				
	213	2	153.46056980350878	31.271210450526315	0.0	0.0	2	1.0121331495079837	-0.7225410500368937	230.0	24	1.05	0.95				
	214	2	112.3447190259649	22.584763103157897	0.0	0.0	2	1.014466211687406	-1.71727163259872	230.0	26	1.05	0.95				
	215	2	183.57358727438597	37.06217534877193	0.0	0.0	2	1.0349793630283475	3.7906890772595245	230.0	26	1.05	0.95				
	216	2	57.90964898245614	11.58192979649123	0.0	0.0	2	1.034425356750661	3.991983063211608	230.0	26	1.05	0.95				
	217	1	0.0	0.0	0.0	0.0	2	1.0392272470647457	5.832467812367731	230.0	27	1.05	0.95				
	218	2	192.83913111157895	39.37856130807018	0.0	0.0	2	1.039957215238219	6.111637480483682	230.0	27	1.05	0.95				
	219	1	104.81646465824561	21.426570123508775	0.0	0.0	2	1.0326350164903284	4.415807198205994	230.0	25	1.05	0.95				
	220	1	74.12435069754386	15.056508735438598	0.0	0.0	2	1.0358798001581986	5.8928022129524065	230.0	25	1.05	0.95				
	221	2	0.0	0.0	0.0	0.0	2	1.0404019961295565	6.10047868412258	230.0	27	1.05	0.95				
	222	2	0.0	0.0	0.0	0.0	2	1.05	12.497903337616327	230.0	27	1.05	0.95				
	223	2	0.0	0.0	0.0	0.0	2	1.0394653291866012	7.13262856007511	230.0	25	1.05	0.95				
	224	1	0.0	0.0	0.0	0.0	2	1.0152060228332032	-0.1886905166812199	230.0	26	1.05	0.95				
	301	2	70.98070229052632	14.459031948070175	0.0	0.0	3	0.9999655662193331	-3.798149078563287	138.0	31	1.05	0.95				
	302	2	63.75118631649123	13.144574498245614	0.0	0.0	3	0.9996831025551648	-3.8976052556020098	138.0	32	1.05	0.95				
	303	1	118.30117048421052	24.317462821754386	0.0	0.0	3	1.0194161825982013	1.4821922525503923	138.0	31	1.05	0.95				
	304	1	48.63492564350877	9.85843087368421	0.0	0.0	3	1.0017934882157846	-1.7391980469748158	138.0	31	1.05	0.95				
	305	1	46.66323946877193	9.20120214877193	0.0	0.0	3	1.0149488390053671	-1.9681024005312977	138.0	31	1.05	0.95				
	306	1	89.38310658807018	18.40240429754386	0.0	-100.0	3	1.0311364245827106	-1.6742520048188203	138.0	32	1.05	0.95				
	307	2	82.15359061403508	16.43071812280702	0.0	0.0	3	0.9926475238523416	-7.1509264364223455	138.0	32	1.05	0.95				
	308	1	112.38611196	23.00300537192982	0.0	0.0	3	0.9970783734336877	-4.094244455157716	138.0	32	1.05	0.95				
	309	1	115.01502685964913	23.660234096842103	0.0	0.0	3	1.0272892966449887	2.6993608517446153	138.0	33	1.05	0.95				
	310	1	128.15960135789473	26.289148996491228	0.0	0.0	3	1.05	1.9619430194718885	138.0	33	1.05	0.95				
	311	1	0.0	0.0	0.0	0.0	3	1.018919595900607	8.93666006379592	230.0	33	1.05	0.95				
	312	1	0.0	0.0	0.0	0.0	3	1.0226209874987144	10.035564782498161	230.0	33	1.05	0.95				
	313	2	174.1656121017544	35.49035114526316	0.0	0.0	3	1.0441060359688707	16.550053750784983	230.0	34	1.05	0.95				
	314	2	127.50237263298246	25.631920271578945	0.0	0.0	3	1.0225722955938188	8.699641262830713	230.0	36	1.05	0.95				
	315	2	208.34150579719295	42.062638394385964	0.0	0.0	3	1.0339918978974674	5.539757769751155	230.0	36	1.05	0.95				
	316	2	65.72287249122807	13.144574498245614	0.0	0.0	3	1.0349905202669663	6.852673850736224	230.0	36	1.05	0.95				
	317	1	0.0	0.0	0.0	0.0	3	1.0380973987008868	6.5788598009276456	230.0	37	1.05	0.95				
	318	2	218.85716539578945	44.69155329403509	0.0	0.0	3	1.0357463287320863	5.687479148173911	230.0	37	1.05	0.95				
	319	1	118.95839920912282	24.317462821754386	0.0	0.0	3	1.034667368465145	8.70503977373762	230.0	35	1.05	0.95				
	320	1	84.12527678877193	17.087946847719298	0.0	0.0	3	1.037202703391197	10.158017448492409	230.0	35	1.05	0.95				
	321	2	0.0	0.0	0.0	0.0	3	1.0371096167905256	6.194386120501075	230.0	37	1.05	0.95				
	322	2	0.0	0.0	0.0	0.0	3	1.0499999780643334	10.654370420651484	230.0	37	1.05	0.95				
	323	2	0.0	0.0	0.0	0.0	3	1.0388379537440278	10.748628203623324	230.0	35	1.05	0.95				
	324	1	0.0	0.0	0.0	0.0	3	1.0245714947582076	6.032932957226177	230.0	36	1.05	0.95				
	325	1	0.0	0.0	0.0	0.0	3	1.0407235209446386	10.714228767118819	230.0	35	1.05	0.95				
];
