%% MATPOWER Case Format : Version 2
function mpc = RTS_GMLC
mpc.version = '2';

%%-----  Power Flow Data  -----%%
%% system MVA base
mpc.baseMVA = 100.0;
%% bus data
%    bus_i    type    Pd    Qd    Gs    Bs    area    Vm    Va    baseKV    zone    Vmax    Vmin
mpc.bus = [
	101	2	38.569520046315795	7.856754083508773	0.0	0.0	1	0.9853265987267187	-5.277122126198083	138.0	11	1.05	0.95				
	102	2	34.6411430045614	7.1425037122807025	0.0	0.0	1	0.9853224372042525	-5.477680332507261	138.0	12	1.05	0.95				
	103	1	64.28253341052633	13.2136318677193	0.0	0.0	1	1.0155984715286148	2.0703235443847463	138.0	11	1.05	0.95				
	104	1	26.4272637354386	5.356877784210527	0.0	0.0	1	1.0010067662475979	-4.767728785766667	138.0	11	1.05	0.95				
	105	1	25.35588817859649	4.999752598596492	0.0	0.0	1	1.013105576321767	-5.627895474826045	138.0	11	1.05	0.95				
	106	1	48.569025243508776	9.999505197192985	0.0	-100.0	1	1.0369398100902223	-6.27951230360172	138.0	12	1.05	0.95				
	107	2	44.64064820175439	8.928129640350878	0.0	0.0	1	0.9896638249179857	-11.43148763143904	138.0	12	1.05	0.95				
	108	1	61.06840674	12.499381496491228	0.0	0.0	1	0.9992236408804397	-9.268498762877062	138.0	12	1.05	0.95				
	109	1	62.496907482456145	12.856506682105264	0.0	0.0	1	1.0240394394264787	-2.70552001739522	138.0	13	1.05	0.95				
	110	1	69.63941119473685	14.285007424561405	0.0	0.0	1	1.05	-4.802834424218637	138.0	13	1.05	0.95				
	111	1	0.0	0.0	0.0	0.0	1	1.0192783289599545	0.5942343724675107	230.0	13	1.05	0.95				
	112	1	0.0	0.0	0.0	0.0	1	1.0147615738426294	-0.974205391580685	230.0	13	1.05	0.95				
	113	3	94.6381741877193	19.284760023157897	0.0	0.0	1	1.0032342818313473	7.435711483250443e-29	230.0	14	1.05	0.95				
	114	2	69.2822860091228	13.92788223894737	0.0	0.0	1	1.048257533908782	5.318321191944936	230.0	16	1.05	0.95				
	115	2	113.20868383964913	22.856011879298247	0.0	0.0	1	1.0346370269994403	16.784415376632516	230.0	16	1.05	0.95				
	116	2	35.71251856140351	7.1425037122807025	0.0	0.0	1	1.0354026812448596	14.430222217084586	230.0	16	1.05	0.95				
	117	1	0.0	0.0	0.0	0.0	1	1.034924679762594	21.4307779960353	230.0	17	1.05	0.95				
	118	2	118.92268680947369	24.284512621754388	0.0	0.0	1	1.0453294401293196	22.439369620095572	230.0	17	1.05	0.95				
	119	1	64.63965859614036	13.2136318677193	0.0	0.0	1	1.0320930956805152	9.196389461145989	230.0	15	1.05	0.95				
	120	1	45.712023758596494	9.285254825964913	0.0	0.0	1	1.0376504369051245	5.351221291250482	230.0	15	1.05	0.95				
	121	2	0.0	0.0	0.0	0.0	1	1.0403174717638424	24.30224498935717	230.0	17	1.05	0.95				
	122	2	0.0	0.0	0.0	0.0	1	1.05	42.287536400108536	230.0	17	1.05	0.95				
	123	2	0.0	0.0	0.0	0.0	1	1.0422683368471588	3.522740991839029	230.0	15	1.05	0.95				
	124	1	0.0	0.0	0.0	0.0	1	1.008680673008459	11.311667736671914	230.0	16	1.05	0.95				
	201	2	43.53659689263158	8.86856603368421	0.0	0.0	2	1.006782435355854	-17.96882681862552	138.0	21	1.05	0.95				
	202	2	39.10231387578948	8.062332757894737	0.0	0.0	2	1.0059835726614843	-18.27730344487435	138.0	22	1.05	0.95				
	203	1	72.56099482105263	14.915315602105265	0.0	0.0	2	1.0126153227762058	-13.347966346091114	138.0	21	1.05	0.95				
	204	1	29.83063120421053	6.046749568421053	0.0	0.0	2	1.0089198347763566	-17.953915798288655	138.0	21	1.05	0.95				
	205	1	28.621281290526312	5.643632930526317	0.0	0.0	2	1.0234455396269548	-18.45032385435456	138.0	21	1.05	0.95				
	206	1	54.82386275368422	11.287265861052633	0.0	-100.0	2	1.0406791271281657	-19.23049570618681	138.0	22	1.05	0.95				
	207	2	50.38957973684211	10.077915947368421	0.0	0.0	2	0.9897024956538626	-23.984614949308806	138.0	22	1.05	0.95				
	208	1	68.93294508	14.10908232631579	0.0	0.0	2	0.9979521945778668	-22.1954430529068	138.0	22	1.05	0.95				
	209	1	70.54541163157894	14.512198964210526	0.0	0.0	2	1.0228858856279193	-16.01402371895391	138.0	23	1.05	0.95				
	210	1	78.60774438947368	16.124665515789474	0.0	0.0	2	1.05	-17.62693651421165	138.0	23	1.05	0.95				
	211	1	0.0	0.0	0.0	0.0	2	1.0077769498551217	-13.090236468826731	230.0	23	1.05	0.95				
	212	1	0.0	0.0	0.0	0.0	2	1.013975690837797	-12.408362934607343	230.0	23	1.05	0.95				
	213	2	106.82590904210525	21.76829844631579	0.0	0.0	2	1.007679551909586	-11.794359232627484	230.0	24	1.05	0.95				
	214	2	78.20462775157895	15.721548877894737	0.0	0.0	2	1.0078884530789929	-10.400577273335038	230.0	26	1.05	0.95				
	215	2	127.78797421263157	25.799464825263158	0.0	0.0	2	1.0279389760351068	-3.423043807142947	230.0	26	1.05	0.95				
	216	2	40.311663789473684	8.062332757894737	0.0	0.0	2	1.0308080768787993	-4.227203542654901	230.0	26	1.05	0.95				
	217	1	0.0	0.0	0.0	0.0	2	1.0354776378691883	-1.7795416205792776	230.0	27	1.05	0.95				
	218	2	134.23784041894737	27.41193137684211	0.0	0.0	2	1.0340726049778513	-2.320278175624451	230.0	27	1.05	0.95				
	219	1	72.96411145894737	14.915315602105265	0.0	0.0	2	1.0371380492467583	-4.602891232025705	230.0	25	1.05	0.95				
	220	1	51.598929650526316	10.481032585263158	0.0	0.0	2	1.0451261273445633	-4.15632145098738	230.0	25	1.05	0.95				
	221	2	0.0	0.0	0.0	0.0	2	1.0346785157542757	-1.8859146684119734	230.0	27	1.05	0.95				
	222	2	0.0	0.0	0.0	0.0	2	1.05	4.653568060397529	230.0	27	1.05	0.95				
	223	2	0.0	0.0	0.0	0.0	2	1.05	-3.616892747212728	230.0	25	1.05	0.95				
	224	1	0.0	0.0	0.0	0.0	2	1.009953213028537	-7.121173304694377	230.0	26	1.05	0.95				
	301	2	45.441316042105264	9.256564378947367	0.0	0.0	3	1.0249554963284753	19.706658983754256	138.0	31	1.05	0.95				
	302	2	40.81303385263158	8.41505852631579	0.0	0.0	3	1.022634491192166	19.360903869034	138.0	32	1.05	0.95				
	303	1	75.73552673684209	15.567858273684209	0.0	0.0	3	1.05	34.79787627137007	138.0	31	1.05	0.95				
	304	1	31.135716547368418	6.311293894736841	0.0	0.0	3	1.0130664527826976	20.703942805360143	138.0	31	1.05	0.95				
	305	1	29.873457768421048	5.890540968421052	0.0	0.0	3	1.0307439352888725	18.110283798914953	138.0	31	1.05	0.95				
	306	1	57.22239797894737	11.781081936842105	0.0	-100.0	3	1.041388473518513	16.701715065307432	138.0	32	1.05	0.95				
	307	2	52.59411578947368	10.518823157894735	0.0	0.0	3	0.95	13.346468017458527	138.0	32	1.05	0.95				
	308	1	71.9487504	14.72635242105263	0.0	0.0	3	0.9719760990733838	15.142033386046142	138.0	32	1.05	0.95				
	309	1	73.63176210526315	15.14710534736842	0.0	0.0	3	1.018234423310184	23.5610783935433	138.0	33	1.05	0.95				
	310	1	82.04682063157892	16.83011705263158	0.0	0.0	3	1.046656758024857	17.844915912091896	138.0	33	1.05	0.95				
	311	1	0.0	0.0	0.0	0.0	3	1.0059860017686595	21.343463973625642	230.0	33	1.05	0.95				
	312	1	0.0	0.0	0.0	0.0	3	1.0118285177126747	21.647836693283963	230.0	33	1.05	0.95				
	313	2	111.4995254736842	22.720658021052632	0.0	0.0	3	1.0075294320988886	22.626494634643258	230.0	34	1.05	0.95				
	314	2	81.62606770526315	16.409364126315786	0.0	0.0	3	0.9996260463631059	20.962287061226252	230.0	36	1.05	0.95				
	315	2	133.37867764210526	26.928187284210527	0.0	0.0	3	1.0468468246229312	23.257250481533514	230.0	36	1.05	0.95				
	316	2	42.07529263157894	8.41505852631579	0.0	0.0	3	1.0299587914292982	22.94396040462089	230.0	36	1.05	0.95				
	317	1	0.0	0.0	0.0	0.0	3	1.05	26.29362599301749	230.0	37	1.05	0.95				
	318	2	140.11072446315788	28.611198989473685	0.0	0.0	3	1.0493858338657047	22.65559613362702	230.0	37	1.05	0.95				
	319	1	76.15627966315789	15.567858273684209	0.0	0.0	3	1.0226316483337081	21.88395451613613	230.0	35	1.05	0.95				
	320	1	53.85637456842105	10.939576084210525	0.0	0.0	3	1.0192157337200718	21.782668465936	230.0	35	1.05	0.95				
	321	2	0.0	0.0	0.0	0.0	3	1.05	23.525348936118146	230.0	37	1.05	0.95				
	322	2	0.0	0.0	0.0	0.0	3	1.05	28.95994526328173	230.0	37	1.05	0.95				
	323	2	0.0	0.0	0.0	0.0	3	1.0178627920096828	22.057032185156277	230.0	35	1.05	0.95				
	324	1	0.0	0.0	0.0	0.0	3	1.044392340813646	27.66850894195743	230.0	36	1.05	0.95				
	325	1	0.0	0.0	0.0	0.0	3	1.0201516806222217	22.260139430947067	230.0	35	1.05	0.95				
];
