%% MATPOWER Case Format : Version 2
function mpc = RTS_GMLC
mpc.version = '2';

%%-----  Power Flow Data  -----%%
%% system MVA base
mpc.baseMVA = 100.0;
%% bus data
%    bus_i    type    Pd    Qd    Gs    Bs    area    Vm    Va    baseKV    zone    Vmax    Vmin
mpc.bus = [
	101	2	37.42058386989474	7.622711529052633	0.0	0.0	1	1.031080986036953	4.7541475945534595	138.0	11	1.05	0.95				
	102	2	33.60922810536842	6.92973775368421	0.0	0.0	1	1.030126039848882	4.459750570546182	138.0	12	1.05	0.95				
	103	1	62.367639783157905	12.820014844315791	0.0	0.0	1	1.0331329802844247	4.0341464095213055	138.0	11	1.05	0.95				
	104	1	25.640029688631582	5.1973033152631585	0.0	0.0	1	1.021196144844723	1.1501168827394914	138.0	11	1.05	0.95				
	105	1	24.60056902557895	4.850816427578948	0.0	0.0	1	1.0353884223543934	1.3030997288960888	138.0	11	1.05	0.95				
	106	1	47.12221672505264	9.701632855157897	0.0	-100.0	1	1.0467216580818162	-1.0386829961456252	138.0	12	1.05	0.95				
	107	2	43.31086096052632	8.662172192105263	0.0	0.0	1	0.9988986302530911	-8.365824705607201	138.0	12	1.05	0.95				
	108	1	59.249257794	12.127041068947369	0.0	0.0	1	1.0049804819771686	-6.139356354647773	138.0	12	1.05	0.95				
	109	1	60.63520534473684	12.473527956631578	0.0	0.0	1	1.0243415611294349	-0.14244169663824685	138.0	13	1.05	0.95				
	110	1	67.56494309842105	13.85947550736842	0.0	0.0	1	1.05	-1.0942784906619099	138.0	13	1.05	0.95				
	111	1	0.0	0.0	0.0	0.0	1	1.0035445938018537	1.3837896746508402	230.0	13	1.05	0.95				
	112	1	0.0	0.0	0.0	0.0	1	1.0079295332848843	0.37765883033291925	230.0	13	1.05	0.95				
	113	3	91.81902523631578	18.71029193494737	0.0	0.0	1	0.9916168742475155	1.5405012732427364e-28	230.0	14	1.05	0.95				
	114	2	67.21845621073685	13.51298861968421	0.0	0.0	1	1.0049012389439533	4.700612340902651	230.0	16	1.05	0.95				
	115	2	109.83634339589474	22.175160811789475	0.0	0.0	1	1.0433752100615385	12.842725587839041	230.0	16	1.05	0.95				
	116	2	34.64868876842105	6.92973775368421	0.0	0.0	1	1.035245371662778	11.316172581499428	230.0	16	1.05	0.95				
	117	1	0.0	0.0	0.0	0.0	1	1.0398991966698745	16.621492863752458	230.0	17	1.05	0.95				
	118	2	115.38013359884212	23.56110836252632	0.0	0.0	1	1.05	16.93610848762797	230.0	17	1.05	0.95				
	119	1	62.714126670842106	12.820014844315791	0.0	0.0	1	1.0237405657796252	7.512074001705736	230.0	15	1.05	0.95				
	120	1	44.35032162357895	9.008659079789474	0.0	0.0	1	1.0189878242297448	4.8395875348552115	230.0	15	1.05	0.95				
	121	2	0.0	0.0	0.0	0.0	1	1.05	18.08744183035313	230.0	17	1.05	0.95				
	122	2	0.0	0.0	0.0	0.0	1	1.05	35.80626632218557	230.0	17	1.05	0.95				
	123	2	0.0	0.0	0.0	0.0	1	1.0170945514120884	3.6330933042458833	230.0	15	1.05	0.95				
	124	1	0.0	0.0	0.0	0.0	1	1.0284011110035967	9.545020152091666	230.0	16	1.05	0.95				
	201	2	43.961592960000004	8.955139306666668	0.0	0.0	2	1.0126302513002405	-14.926464475934242	138.0	21	1.05	0.95				
	202	2	39.484023306666664	8.141035733333336	0.0	0.0	2	1.0117603947299771	-15.22639129365192	138.0	22	1.05	0.95				
	203	1	73.2693216	15.060916106666667	0.0	0.0	2	1.0138790966168671	-10.391788152227004	138.0	21	1.05	0.95				
	204	1	30.121832213333334	6.1057768	0.0	0.0	2	1.0112611097229796	-14.829526186678146	138.0	21	1.05	0.95				
	205	1	28.900676853333334	5.698725013333334	0.0	0.0	2	1.0263770869188584	-15.319709259780845	138.0	21	1.05	0.95				
	206	1	55.35904298666667	11.397450026666668	0.0	-100.0	2	1.0419928736530166	-16.053954232149	138.0	22	1.05	0.95				
	207	2	50.88147333333334	10.176294666666667	0.0	0.0	2	0.9946744893519347	-20.89765666394816	138.0	22	1.05	0.95				
	208	1	69.60585552	14.246812533333333	0.0	0.0	2	1.0005935060301492	-19.068873303832586	138.0	22	1.05	0.95				
	209	1	71.23406266666667	14.653864320000002	0.0	0.0	2	1.0225637646446546	-12.81575846908572	138.0	23	1.05	0.95				
	210	1	79.3750984	16.28207146666667	0.0	0.0	2	1.05	-14.401681679491238	138.0	23	1.05	0.95				
	211	1	0.0	0.0	0.0	0.0	2	1.0069333109846068	-9.832475504138307	230.0	23	1.05	0.95				
	212	1	0.0	0.0	0.0	0.0	2	1.0088366893524987	-9.007620829729508	230.0	23	1.05	0.95				
	213	2	107.86872346666667	21.980796480000002	0.0	0.0	2	1.0041604745524264	-8.378998301514002	230.0	24	1.05	0.95				
	214	2	78.96804661333333	15.875019680000001	0.0	0.0	2	1.008826438831369	-7.228855745550867	230.0	26	1.05	0.95				
	215	2	129.03541637333333	26.051314346666672	0.0	0.0	2	1.0216989385523685	-0.855379500495567	230.0	26	1.05	0.95				
	216	2	40.70517866666667	8.141035733333336	0.0	0.0	2	1.0240521919180121	-1.0609507390624409	230.0	26	1.05	0.95				
	217	1	0.0	0.0	0.0	0.0	2	1.0276224314674844	0.6278719949470563	230.0	27	1.05	0.95				
	218	2	135.54824496000003	27.679521493333336	0.0	0.0	2	1.0268969388831184	0.11577049001661675	230.0	27	1.05	0.95				
	219	1	73.67637338666667	15.060916106666667	0.0	0.0	2	1.0258781394290755	-1.0956348294722278	230.0	25	1.05	0.95				
	220	1	52.102628693333344	10.583346453333334	0.0	0.0	2	1.0300855335893138	-0.3312464713473714	230.0	25	1.05	0.95				
	221	2	0.0	0.0	0.0	0.0	2	1.028688426298522	0.5962376579496271	230.0	27	1.05	0.95				
	222	2	0.0	0.0	0.0	0.0	2	1.049999997315863	7.099340958471571	230.0	27	1.05	0.95				
	223	2	0.0	0.0	0.0	0.0	2	1.0330478508904783	0.39647011718495656	230.0	25	1.05	0.95				
	224	1	0.0	0.0	0.0	0.0	2	1.007046458998126	-4.435258602649012	230.0	26	1.05	0.95				
	301	2	50.10503005894738	10.206580197192983	0.0	0.0	3	1.0086404750580769	-12.108357763174352	138.0	31	1.05	0.95				
	302	2	45.001739960350875	9.278709270175439	0.0	0.0	3	1.008121604531464	-12.29684437308424	138.0	32	1.05	0.95				
	303	1	83.50838343157896	17.165612149824565	0.0	0.0	3	1.0372055048347104	-3.8167417083061594	138.0	31	1.05	0.95				
	304	1	34.33122429964913	6.959031952631579	0.0	0.0	3	1.0109322952627628	-10.790122478471392	138.0	31	1.05	0.95				
	305	1	32.93941790912281	6.495096489122807	0.0	0.0	3	1.0234345790864239	-12.085994488833805	138.0	31	1.05	0.95				
	306	1	63.095223037192994	12.990192978245615	0.0	-100.0	3	1.0394685628705504	-12.61671734363959	138.0	32	1.05	0.95				
	307	2	57.99193293859649	11.598386587719299	0.0	0.0	3	0.9913856762231064	-17.468298281346144	138.0	32	1.05	0.95				
	308	1	79.33296426000001	16.237741222807017	0.0	0.0	3	0.9974461074513384	-15.358238003216998	138.0	32	1.05	0.95				
	309	1	81.18870611403509	16.70167668631579	0.0	0.0	3	1.0281106465944077	-7.667050165880581	138.0	33	1.05	0.95				
	310	1	90.46741538421053	18.557418540350877	0.0	0.0	3	1.05	-10.569508065255071	138.0	33	1.05	0.95				
	311	1	0.0	0.0	0.0	0.0	3	1.0101243932093675	-5.10306930470032	230.0	33	1.05	0.95				
	312	1	0.0	0.0	0.0	0.0	3	1.0143219428942822	-4.362090685542081	230.0	33	1.05	0.95				
	313	2	122.94289782982457	25.05251502947369	0.0	0.0	3	1.0132542094122607	-1.699396279705917	230.0	34	1.05	0.95				
	314	2	90.00347992070175	18.093483076842105	0.0	0.0	3	1.0089281436582975	-3.970059133394965	230.0	36	1.05	0.95				
	315	2	147.0675419322807	29.691869664561406	0.0	0.0	3	1.0357640006053073	-0.05680562535263858	230.0	36	1.05	0.95				
	316	2	46.393546350877195	9.278709270175439	0.0	0.0	3	1.0349322978469644	0.39444464255115896	230.0	36	1.05	0.95				
	317	1	0.0	0.0	0.0	0.0	3	1.0436612909504233	3.4672377226760616	230.0	37	1.05	0.95				
	318	2	154.49050934842106	31.547611518596497	0.0	0.0	3	1.040478441777094	1.9987243521777083	230.0	37	1.05	0.95				
	319	1	83.97231889508772	17.165612149824565	0.0	0.0	3	1.0315285888600092	0.05100227095886098	230.0	35	1.05	0.95				
	320	1	59.38373932912281	12.06232205122807	0.0	0.0	3	1.0318172888299555	0.6471710643224448	230.0	35	1.05	0.95				
	321	2	0.0	0.0	0.0	0.0	3	1.0405503907581792	1.9017216482664028	230.0	37	1.05	0.95				
	322	2	0.0	0.0	0.0	0.0	3	1.05	6.840012666283633	230.0	37	1.05	0.95				
	323	2	0.0	0.0	0.0	0.0	3	1.032830998843675	1.3275459822428355	230.0	35	1.05	0.95				
	324	1	0.0	0.0	0.0	0.0	3	1.0299596089674146	-1.477104397131529	230.0	36	1.05	0.95				
	325	1	0.0	0.0	0.0	0.0	3	1.0288258113411761	2.727419267071512	230.0	35	1.05	0.95				
];
