%% MATPOWER Case Format : Version 2
function mpc = RTS_GMLC
mpc.version = '2';

%%-----  Power Flow Data  -----%%
%% system MVA base
mpc.baseMVA = 100.0;
%% bus data
%    bus_i    type    Pd    Qd    Gs    Bs    area    Vm    Va    baseKV    zone    Vmax    Vmin
mpc.bus = [
	101	2	41.97624938526316	8.550717467368422	0.0	0.0	1	1.0120530744026142	-4.01819190728427	138.0	11	1.05	0.95				
	102	2	37.700890651578945	7.7733795157894745	0.0	0.0	1	1.0119978005605839	-4.2415094470398085	138.0	12	1.05	0.95				
	103	1	69.96041564210526	14.380752104210526	0.0	0.0	1	1.0017517197012873	1.0977024114644296	138.0	11	1.05	0.95				
	104	1	28.76150420842105	5.830034636842105	0.0	0.0	1	1.002564402941288	-4.104277789035317	138.0	11	1.05	0.95				
	105	1	27.595497281052626	5.441365661052632	0.0	0.0	1	1.016881038696328	-5.128448241029852	138.0	11	1.05	0.95				
	106	1	52.85898070736842	10.882731322105265	0.0	-100.0	1	1.0275638623262437	-6.228215888968816	138.0	12	1.05	0.95				
	107	2	48.58362197368421	9.716724394736842	0.0	0.0	1	0.9867485712187454	-10.097616240354446	138.0	12	1.05	0.95				
	108	1	66.46239485999999	13.603414152631576	0.0	0.0	1	0.9886217195056426	-8.785663689859529	138.0	12	1.05	0.95				
	109	1	68.01707076315789	13.99208312842105	0.0	0.0	1	1.0021764856427757	-3.073163725097228	138.0	13	1.05	0.95				
	110	1	75.79045027894736	15.546759031578949	0.0	0.0	1	1.0308825833888877	-4.968777750012485	138.0	13	1.05	0.95				
	111	1	0.0	0.0	0.0	0.0	1	0.9814766006477597	-0.4785270870233864	230.0	13	1.05	0.95				
	112	1	0.0	0.0	0.0	0.0	1	0.9829120342884072	-1.3495428086452164	230.0	13	1.05	0.95				
	113	3	102.99727858421053	20.98812469263158	0.0	0.0	1	0.9636327641019548	2.6485743207678166e-27	230.0	14	1.05	0.95				
	114	2	75.40178130315789	15.158090055789476	0.0	0.0	1	0.9899585737754373	2.791157616700545	230.0	16	1.05	0.95				
	115	2	123.20806532526316	24.874814450526316	0.0	0.0	1	0.9899766136782054	11.648295064227264	230.0	16	1.05	0.95				
	116	2	38.866897578947366	7.7733795157894745	0.0	0.0	1	0.9886080492161126	10.103389848636514	230.0	16	1.05	0.95				
	117	1	0.0	0.0	0.0	0.0	1	0.9914201372584073	15.7275085298598	230.0	17	1.05	0.95				
	118	2	129.42676893789474	26.42949035368421	0.0	0.0	1	0.9993622737129549	16.277235382144895	230.0	17	1.05	0.95				
	119	1	70.34908461789475	14.380752104210526	0.0	0.0	1	0.9887301835621894	6.439539163709299	230.0	15	1.05	0.95				
	120	1	49.74962890105263	10.105393370526317	0.0	0.0	1	0.9936950264537947	3.665670612181681	230.0	15	1.05	0.95				
	121	2	0.0	0.0	0.0	0.0	1	1.0002167897087144	17.515498990479685	230.0	17	1.05	0.95				
	122	2	0.0	0.0	0.0	0.0	1	1.0072060250428243	34.32888976223955	230.0	17	1.05	0.95				
	123	2	0.0	0.0	0.0	0.0	1	0.9974505078476035	2.4682329953282007	230.0	15	1.05	0.95				
	124	1	0.0	0.0	0.0	0.0	1	0.9818442648706992	7.608304385339437	230.0	16	1.05	0.95				
	201	2	44.25059027368422	9.014009129824561	0.0	0.0	2	1.0100349153728518	-11.718805833913274	138.0	21	1.05	0.95				
	202	2	39.74358570877193	8.194553754385964	0.0	0.0	2	1.008994606392485	-11.892071521868667	138.0	22	1.05	0.95				
	203	1	73.7509837894737	15.159924445614035	0.0	0.0	2	0.9969097791497499	-8.875893316018878	138.0	21	1.05	0.95				
	204	1	30.31984889122807	6.145915315789473	0.0	0.0	2	1.0005537317979292	-10.885367656709853	138.0	21	1.05	0.95				
	205	1	29.090665828070172	5.736187628070176	0.0	0.0	2	1.0166539283291323	-11.263826843775131	138.0	21	1.05	0.95				
	206	1	55.72296552982456	11.472375256140351	0.0	-100.0	2	1.0284161392866964	-11.522998118961642	138.0	22	1.05	0.95				
	207	2	51.21596096491228	10.243192192982455	0.0	0.0	2	0.9712010681936095	-16.42169762985436	138.0	22	1.05	0.95				
	208	1	70.0634346	14.340469070175438	0.0	0.0	2	0.9796431821188776	-14.531852481395072	138.0	22	1.05	0.95				
	209	1	71.7023453508772	14.750196757894738	0.0	0.0	2	1.0061268120685825	-8.309996302852575	138.0	23	1.05	0.95				
	210	1	79.89689910526316	16.38910750877193	0.0	0.0	2	1.0335257053923221	-9.449368307443496	138.0	23	1.05	0.95				
	211	1	0.0	0.0	0.0	0.0	2	0.9873703475020186	-5.953134115870099	230.0	23	1.05	0.95				
	212	1	0.0	0.0	0.0	0.0	2	0.9894651660979105	-1.2406958763621856	230.0	23	1.05	0.95				
	213	2	108.57783724561403	22.12529513684211	0.0	0.0	2	0.9838649289056988	-3.4335414871938013	230.0	24	1.05	0.95				
	214	2	79.48717141754386	15.97937982105263	0.0	0.0	2	0.9837424971343126	-5.093638412748307	230.0	26	1.05	0.95				
	215	2	129.88367700701752	26.22257201403509	0.0	0.0	2	0.9912879239723036	-0.922475902702785	230.0	26	1.05	0.95				
	216	2	40.97276877192982	8.194553754385964	0.0	0.0	2	0.9898099318929733	-1.1673087666294564	230.0	26	1.05	0.95				
	217	1	0.0	0.0	0.0	0.0	2	0.9999378725568501	-0.13587212546637586	230.0	27	1.05	0.95				
	218	2	136.43932001052633	27.86148276491228	0.0	0.0	2	1.000774331186439	-0.6967933063327251	230.0	27	1.05	0.95				
	219	1	74.16071147719299	15.159924445614035	0.0	0.0	2	0.9840509351014429	-0.3371813397780697	230.0	25	1.05	0.95				
	220	1	52.44514402807018	10.652919880701754	0.0	0.0	2	0.9823015690180781	1.260441388997299	230.0	25	1.05	0.95				
	221	2	0.0	0.0	0.0	0.0	2	1.0031456343220466	-0.19531089901146648	230.0	27	1.05	0.95				
	222	2	0.0	0.0	0.0	0.0	2	1.0205902663564734	4.564991655356581	230.0	27	1.05	0.95				
	223	2	0.0	0.0	0.0	0.0	2	0.9825423468304465	2.4862531506837864	230.0	25	1.05	0.95				
	224	1	0.0	0.0	0.0	0.0	2	0.9837087567674239	-3.950439098305124	230.0	26	1.05	0.95				
	301	2	64.93324896000001	13.227143306666667	0.0	0.0	3	1.0025398981584621	23.450802120308264	138.0	31	1.05	0.95				
	302	2	58.31967730666668	12.024675733333334	0.0	0.0	3	1.0031099232466476	23.092486104959246	138.0	32	1.05	0.95				
	303	1	108.22208160000002	22.245650106666666	0.0	0.0	3	1.0155124233855388	38.36565321596511	138.0	31	1.05	0.95				
	304	1	44.49130021333333	9.0185068	0.0	0.0	3	0.9925698798031122	25.060904995166872	138.0	31	1.05	0.95				
	305	1	42.687598853333334	8.417273013333334	0.0	0.0	3	1.0099290530500413	22.99638811260076	138.0	31	1.05	0.95				
	306	1	81.76779498666667	16.83454602666667	0.0	-100.0	3	1.0208045528923326	22.050275575450183	138.0	32	1.05	0.95				
	307	2	75.15422333333333	15.030844666666669	0.0	0.0	3	0.9655135346085555	18.4488034233208	138.0	32	1.05	0.95				
	308	1	102.81097752000001	21.043182533333336	0.0	0.0	3	0.9754379085880597	21.296506091165128	138.0	32	1.05	0.95				
	309	1	105.21591266666668	21.64441632	0.0	0.0	3	1.0054385073347387	29.23636829522405	138.0	33	1.05	0.95				
	310	1	117.24058840000001	24.049351466666668	0.0	0.0	3	1.0329322377028367	24.525830982565093	138.0	33	1.05	0.95				
	311	1	0.0	0.0	0.0	0.0	3	0.995290581309538	29.56986586798077	230.0	33	1.05	0.95				
	312	1	0.0	0.0	0.0	0.0	3	1.0016708958372411	29.98625076783202	230.0	33	1.05	0.95				
	313	2	159.32695346666668	32.46662448000001	0.0	0.0	3	1.005709770000767	33.25751682475504	230.0	34	1.05	0.95				
	314	2	116.63935461333335	23.448117680000003	0.0	0.0	3	0.9893281142969662	29.07872193391291	230.0	36	1.05	0.95				
	315	2	190.59111037333335	38.47896234666667	0.0	0.0	3	0.9879384825412716	27.637912655288073	230.0	36	1.05	0.95				
	316	2	60.123378666666675	12.024675733333334	0.0	0.0	3	0.9805430760218884	28.10082969568735	230.0	36	1.05	0.95				
	317	1	0.0	0.0	0.0	0.0	3	0.9941091483402875	30.05286066222624	230.0	37	1.05	0.95				
	318	2	200.21085096000002	40.883897493333336	0.0	0.0	3	0.9881689653427603	26.280741801730027	230.0	37	1.05	0.95				
	319	1	108.82331538666668	22.245650106666666	0.0	0.0	3	0.9898016097407628	28.0273410390885	230.0	35	1.05	0.95				
	320	1	76.95792469333334	15.632078453333333	0.0	0.0	3	1.000109055184875	27.8980766336258	230.0	35	1.05	0.95				
	321	2	0.0	0.0	0.0	0.0	3	0.9961123487158604	27.19018559051938	230.0	37	1.05	0.95				
	322	2	0.0	0.0	0.0	0.0	3	1.0128113317453056	30.964312296799513	230.0	37	1.05	0.95				
	323	2	0.0	0.0	0.0	0.0	3	1.0058554987601436	27.729007153561223	230.0	35	1.05	0.95				
	324	1	0.0	0.0	0.0	0.0	3	0.9970565913746022	33.06541304150578	230.0	36	1.05	0.95				
