%% MATPOWER Case Format : Version 2
function mpc = RTS_GMLC
mpc.version = '2';

%%-----  Power Flow Data  -----%%
%% system MVA base
mpc.baseMVA = 100.0;
%% bus data
%    bus_i    type    Pd    Qd    Gs    Bs    area    Vm    Va    baseKV    zone    Vmax    Vmin
mpc.bus = [
	101	2	39.357743684210526	8.017318157894737	0.0	0.0	1	1.0334090557452829	2.5457069124285323	138.0	11	1.05	0.95				
	102	2	35.34908460526315	7.288471052631579	0.0	0.0	1	1.0325004062918854	2.288250878254569	138.0	12	1.05	0.95				
	103	1	65.59623947368422	13.48367144736842	0.0	0.0	1	1.0308819822988649	0.8116865885896423	138.0	11	1.05	0.95				
	104	1	26.96734289473684	5.466353289473684	0.0	0.0	1	1.0221998096407203	-0.817103536325542	138.0	11	1.05	0.95				
	105	1	25.874072236842103	5.101929736842106	0.0	0.0	1	1.0366323697172322	-0.576869929289607	138.0	11	1.05	0.95				
	106	1	49.56160315789474	10.203859473684211	0.0	-100.0	1	1.0470619569479078	-2.7479508771012795	138.0	12	1.05	0.95				
	107	2	45.55294407894736	9.110588815789473	0.0	0.0	1	1.0006359303591084	-8.747364002057527	138.0	12	1.05	0.95				
	108	1	62.316427499999996	12.75482434210526	0.0	0.0	1	1.006189752017851	-7.112874102373629	138.0	12	1.05	0.95				
	109	1	63.77412171052631	13.11924789473684	0.0	0.0	1	1.024580704484441	-1.8770680525756243	138.0	13	1.05	0.95				
	110	1	71.0625927631579	14.576942105263157	0.0	0.0	1	1.05	-2.5926600825709674	138.0	13	1.05	0.95				
	111	1	0.0	0.0	0.0	0.0	1	1.0016523347359243	-0.21347638322948598	230.0	13	1.05	0.95				
	112	1	0.0	0.0	0.0	0.0	1	1.0064648763843849	-0.4940894305810348	230.0	13	1.05	0.95				
	113	3	96.57224144736841	19.678871842105263	0.0	0.0	1	0.9915463397159727	-3.7283202340314315e-30	230.0	14	1.05	0.95				
	114	2	70.6981692105263	14.212518552631579	0.0	0.0	1	0.9982413593980718	1.7645828450343535	230.0	16	1.05	0.95				
	115	2	115.52226618421054	23.323107368421052	0.0	0.0	1	1.037978762170533	7.571860555995406	230.0	16	1.05	0.95				
	116	2	36.44235526315789	7.288471052631579	0.0	0.0	1	1.0328387987423944	6.6094750515645435	230.0	16	1.05	0.95				
	117	1	0.0	0.0	0.0	0.0	1	1.040634970836237	10.239532533981619	230.0	17	1.05	0.95				
	118	2	121.3530430263158	24.78080157894737	0.0	0.0	1	1.046468550486424	10.527170100326897	230.0	17	1.05	0.95				
	119	1	65.96066302631579	13.48367144736842	0.0	0.0	1	1.0221894086372678	4.403925919089017	230.0	15	1.05	0.95				
	120	1	46.646214736842104	9.475012368421053	0.0	0.0	1	1.0160712997301777	3.178209271741078	230.0	15	1.05	0.95				
	121	2	0.0	0.0	0.0	0.0	1	1.0499999931844297	11.644734940248817	230.0	17	1.05	0.95				
	122	2	0.0	0.0	0.0	0.0	1	1.05	22.691096536591903	230.0	17	1.05	0.95				
	123	2	0.0	0.0	0.0	0.0	1	1.012991984423068	2.7879272173066583	230.0	15	1.05	0.95				
	124	1	0.0	0.0	0.0	0.0	1	1.0263719999712284	5.036769921867557	230.0	16	1.05	0.95				
	201	2	39.26963637473684	7.99937037263158	0.0	0.0	2	1.0136748618271159	-12.560700900521827	138.0	21	1.05	0.95				
	202	2	35.269951188421054	7.2721548842105275	0.0	0.0	2	1.0127824903768634	-12.836280370758178	138.0	22	1.05	0.95				
	203	1	65.44939395789474	13.453486535789475	0.0	0.0	2	1.015430994522903	-9.019906124112746	138.0	21	1.05	0.95				
	204	1	26.90697307157895	5.454116163157894	0.0	0.0	2	1.0127382076237266	-12.562444181573607	138.0	21	1.05	0.95				
	205	1	25.816149838947368	5.090508418947369	0.0	0.0	2	1.027529383256173	-12.952732936654897	138.0	21	1.05	0.95				
	206	1	49.450653212631586	10.181016837894738	0.0	-100.0	2	1.0434843140167678	-13.64751857403052	138.0	22	1.05	0.95				
	207	2	45.45096802631579	9.090193605263158	0.0	0.0	2	0.9961098512225093	-17.931131642328012	138.0	22	1.05	0.95				
	208	1	62.17692426	12.72627104736842	0.0	0.0	2	1.0031951896385245	-16.332193225390277	138.0	22	1.05	0.95				
	209	1	63.63135523684211	13.089878791578947	0.0	0.0	2	1.0226895437962504	-10.826063637455853	138.0	23	1.05	0.95				
	210	1	70.90351012105263	14.544309768421055	0.0	0.0	2	1.05	-12.172051225429982	138.0	23	1.05	0.95				
	211	1	0.0	0.0	0.0	0.0	2	1.0036051754588564	-8.075816930903764	230.0	23	1.05	0.95				
	212	1	0.0	0.0	0.0	0.0	2	1.0066587566813598	-7.341094111703134	230.0	23	1.05	0.95				
	213	2	96.35605221578948	19.63481818736842	0.0	0.0	2	0.9984632274427008	-6.738609886029782	230.0	24	1.05	0.95				
	214	2	70.53990237684211	14.180702024210529	0.0	0.0	2	1.0029393565763083	-5.68646872475377	230.0	26	1.05	0.95				
	215	2	115.26365491473685	23.270895629473685	0.0	0.0	2	1.0185512124672529	0.04941988388236617	230.0	26	1.05	0.95				
	216	2	36.36077442105263	7.2721548842105275	0.0	0.0	2	1.0199744299535491	-0.10717713258376467	230.0	26	1.05	0.95				
	217	1	0.0	0.0	0.0	0.0	2	1.0242339473369049	1.3241980467611763	230.0	27	1.05	0.95				
	218	2	121.08137882210528	24.725326606315793	0.0	0.0	2	1.02363391768357	0.9438089088445452	230.0	27	1.05	0.95				
	219	1	65.81300170210527	13.453486535789475	0.0	0.0	2	1.0213918484057345	-0.14833281190937067	230.0	25	1.05	0.95				
	220	1	46.54179125894737	9.453801349473686	0.0	0.0	2	1.0247490271915476	0.5339259464867434	230.0	25	1.05	0.95				
	221	2	0.0	0.0	0.0	0.0	2	1.025529042707534	1.447839002306377	230.0	27	1.05	0.95				
	222	2	0.0	0.0	0.0	0.0	2	1.0473986498906467	7.922215855715115	230.0	27	1.05	0.95				
	223	2	0.0	0.0	0.0	0.0	2	1.0270217598734628	1.188518868823747	230.0	25	1.05	0.95				
	224	1	0.0	0.0	0.0	0.0	2	1.0062232083797578	-3.3711857118708926	230.0	26	1.05	0.95				
	301	2	43.527997477894736	8.866814301052631	0.0	0.0	3	1.0085603586113974	-14.468068546661417	138.0	31	1.05	0.95				
	302	2	39.094590327368415	8.06074027368421	0.0	0.0	3	1.0084669515820182	-14.573340015231762	138.0	32	1.05	0.95				
	303	1	72.5466624631579	14.91236950631579	0.0	0.0	3	1.0240449951563009	-9.483999345508796	138.0	31	1.05	0.95				
	304	1	29.82473901263158	6.045555205263158	0.0	0.0	3	1.0111710327186958	-13.247110717909708	138.0	31	1.05	0.95				
	305	1	28.615627971578945	5.642518191578947	0.0	0.0	3	1.024115803486446	-13.925138900809074	138.0	31	1.05	0.95				
	306	1	54.81303386105264	11.285036383157895	0.0	-100.0	3	1.0413016693179977	-14.112858168127723	138.0	32	1.05	0.95				
	307	2	50.37962671052632	10.075925342105263	0.0	0.0	3	0.9909344681278945	-18.434100511957322	138.0	32	1.05	0.95				
	308	1	68.91932934	14.106295478947366	0.0	0.0	3	0.9992913545740582	-16.651728625994206	138.0	32	1.05	0.95				
	309	1	70.53147739473684	14.509332492631577	0.0	0.0	3	1.025696111939491	-10.507765159242945	138.0	33	1.05	0.95				
	310	1	78.59221766842104	16.12148054736842	0.0	0.0	3	1.05	-12.08388559931333	138.0	33	1.05	0.95				
	311	1	0.0	0.0	0.0	0.0	3	1.0064610280889221	-6.612139128652465	230.0	33	1.05	0.95				
	312	1	0.0	0.0	0.0	0.0	3	1.010315138331019	-6.2530703758350255	230.0	33	1.05	0.95				
	313	2	106.80480862631579	21.763998738947368	0.0	0.0	3	1.0093314137074088	-3.2536816690429293	230.0	34	1.05	0.95				
	314	2	78.18918065473683	15.718443533684212	0.0	0.0	3	1.0050444232914038	-4.753459902828664	230.0	36	1.05	0.95				
	315	2	127.76273333789474	25.794368875789473	0.0	0.0	3	1.0358729248230047	-0.10442221288431026	230.0	36	1.05	0.95				
	316	2	40.30370136842105	8.06074027368421	0.0	0.0	3	1.0348159635781538	0.20420109198976177	230.0	36	1.05	0.95				
	317	1	0.0	0.0	0.0	0.0	3	1.046369693765467	5.183747032920434	230.0	37	1.05	0.95				
	318	2	134.2113255568421	27.40651693052632	0.0	0.0	3	1.0431804848282336	3.3196169069438177	230.0	37	1.05	0.95				
	319	1	72.94969947684211	14.91236950631579	0.0	0.0	3	1.0284053067675727	-0.7483259728200827	230.0	35	1.05	0.95				
	320	1	51.58873775157895	10.478962355789474	0.0	0.0	3	1.0255016752843271	-0.7973126223328842	230.0	35	1.05	0.95				
	321	2	0.0	0.0	0.0	0.0	3	1.0424630554961556	2.788011224169511	230.0	37	1.05	0.95				
	322	2	0.0	0.0	0.0	0.0	3	1.05	8.060126951982237	230.0	37	1.05	0.95				
	323	2	0.0	0.0	0.0	0.0	3	1.024333420876647	-0.5113510333541891	230.0	35	1.05	0.95				
	324	1	0.0	0.0	0.0	0.0	3	1.0197389078063495	-3.6110951014705255	230.0	36	1.05	0.95				
	325	1	0.0	0.0	0.0	0.0	3	1.0234379459226792	0.5278896850928211	230.0	35	1.05	0.95				
];
