%% MATPOWER Case Format : Version 2
function mpc = RTS_GMLC
mpc.version = '2';

%%-----  Power Flow Data  -----%%
%% system MVA base
mpc.baseMVA = 100.0;
%% bus data
%    bus_i    type    Pd    Qd    Gs    Bs    area    Vm    Va    baseKV    zone    Vmax    Vmin
mpc.bus = [
	101	2	42.53735773894738	8.665017317192984	0.0	0.0	1	1.0131046101686647	-4.525645927701057	138.0	11	1.05	0.95				
	102	2	38.20484908035088	7.877288470175441	0.0	0.0	1	1.0128979995892908	-4.7304015456738	138.0	12	1.05	0.95				
	103	1	70.89559623157896	14.572983669824563	0.0	0.0	1	1.002646483266804	-0.9107497914454199	138.0	11	1.05	0.95				
	104	1	29.145967339649125	5.907966352631579	0.0	0.0	1	1.0034202055319352	-4.679753044246122	138.0	11	1.05	0.95				
	105	1	27.96437406912281	5.514101929122808	0.0	0.0	1	1.0167878354780788	-5.670397403504365	138.0	11	1.05	0.95				
	106	1	53.56556159719299	11.028203858245616	0.0	-100.0	1	1.026750046170387	-6.7899896907542505	138.0	12	1.05	0.95				
	107	2	49.2330529385965	9.846610587719299	0.0	0.0	1	0.9850693224630317	-8.804097205973362	138.0	12	1.05	0.95				
	108	1	67.35081642	13.785254822807019	0.0	0.0	1	0.9880226752669587	-8.364937739055932	138.0	12	1.05	0.95				
	109	1	68.9262741140351	14.179119246315791	0.0	0.0	1	1.0022460088304856	-3.8875193942136166	138.0	13	1.05	0.95				
	110	1	76.80356258421054	15.754576940350882	0.0	0.0	1	1.0297612806229335	-5.529761592477639	138.0	13	1.05	0.95				
	111	1	0.0	0.0	0.0	0.0	1	0.9802066265881261	-1.589305481903643	230.0	13	1.05	0.95				
	112	1	0.0	0.0	0.0	0.0	1	0.9816265013207817	-1.8273880534480638	230.0	13	1.05	0.95				
	113	3	104.37407222982458	21.26867886947369	0.0	0.0	1	0.9621160005464298	1.8864939610234414e-26	230.0	14	1.05	0.95				
	114	2	76.40969816070177	15.36071251684211	0.0	0.0	1	0.9863087534171284	0.31985648778129355	230.0	16	1.05	0.95				
	115	2	124.85502225228072	25.207323104561407	0.0	0.0	1	0.988342724181596	6.79313253300366	230.0	16	1.05	0.95				
	116	2	39.386442350877196	7.877288470175441	0.0	0.0	1	0.9893303714529741	5.70276416585005	230.0	16	1.05	0.95				
	117	1	0.0	0.0	0.0	0.0	1	0.994638018245496	9.39551791123376	230.0	17	1.05	0.95				
	118	2	131.1568530284211	26.782780798596495	0.0	0.0	1	0.9960527168011845	10.171102097711275	230.0	17	1.05	0.95				
	119	1	71.28946065508774	14.572983669824563	0.0	0.0	1	0.9902169968218371	3.584867815894564	230.0	15	1.05	0.95				
	120	1	50.414646209122814	10.240475011228071	0.0	0.0	1	0.9935909241275896	2.061147018598774	230.0	15	1.05	0.95				
	121	2	0.0	0.0	0.0	0.0	1	0.9945371912450103	11.541542808487357	230.0	17	1.05	0.95				
	122	2	0.0	0.0	0.0	0.0	1	1.0164538109661936	18.359569574824146	230.0	17	1.05	0.95				
	123	2	0.0	0.0	0.0	0.0	1	0.9960047189882859	1.5488172804554874	230.0	15	1.05	0.95				
	124	1	0.0	0.0	0.0	0.0	1	0.9843033023175679	3.831152837228147	230.0	16	1.05	0.95				
	201	2	41.05461986526316	8.362978120701756	0.0	0.0	2	1.0112110939402637	-6.724608172742589	138.0	21	1.05	0.95				
	202	2	36.87313080491228	7.602707382456142	0.0	0.0	2	1.0100810009227148	-6.8715060174246	138.0	22	1.05	0.95				
	203	1	68.42436644210527	14.06500865754386	0.0	0.0	2	0.9973530496633125	-5.284215385763347	138.0	21	1.05	0.95				
	204	1	28.13001731508772	5.702030536842105	0.0	0.0	2	1.0023864251853867	-5.958690561028219	138.0	21	1.05	0.95				
	205	1	26.9896112077193	5.321895167719299	0.0	0.0	2	1.0182972420563008	-6.195206208773522	138.0	21	1.05	0.95				
	206	1	51.69841020070176	10.643790335438599	0.0	-100.0	2	1.0305379766919531	-6.3839314310048545	138.0	22	1.05	0.95				
	207	2	47.51692114035088	9.503384228070177	0.0	0.0	2	0.9718201143980658	-10.896291352741288	138.0	22	1.05	0.95				
	208	1	65.00314811999999	13.304737919298246	0.0	0.0	2	0.9817833839059786	-9.181463042175348	138.0	22	1.05	0.95				
	209	1	66.52368959649124	13.684873288421054	0.0	0.0	2	1.0073111998753808	-3.588170634289421	138.0	23	1.05	0.95				
	210	1	74.12639697894737	15.205414764912284	0.0	0.0	2	1.0348003838992106	-4.404624244357723	138.0	23	1.05	0.95				
	211	1	0.0	0.0	0.0	0.0	2	0.9867739999322325	-1.4316225270781173	230.0	23	1.05	0.95				
	212	1	0.0	0.0	0.0	0.0	2	0.9895504192271558	3.7329433688450666	230.0	23	1.05	0.95				
	213	2	100.73587281754386	20.52730993263158	0.0	0.0	2	0.9822480173407142	1.2625459907020808	230.0	24	1.05	0.95				
	214	2	73.74626160982456	14.825279395789476	0.0	0.0	2	0.9813503161105304	-1.0752097643356784	230.0	26	1.05	0.95				
	215	2	120.50291201192982	24.32866362385965	0.0	0.0	2	0.9907145473709087	1.967063461999603	230.0	26	1.05	0.95				
	216	2	38.013536912280706	7.602707382456142	0.0	0.0	2	0.988549750064485	1.9299990898352815	230.0	26	1.05	0.95				
	217	1	0.0	0.0	0.0	0.0	2	0.9987975489692537	2.3375550781481107	230.0	27	1.05	0.95				
	218	2	126.58507791789475	25.84920510035088	0.0	0.0	2	0.9995383161897566	1.986684016338263	230.0	27	1.05	0.95				
	219	1	68.80450181122808	14.06500865754386	0.0	0.0	2	0.9823063212161465	3.2021009999405865	230.0	25	1.05	0.95				
	220	1	48.6573272477193	9.883519597192983	0.0	0.0	2	0.9800478853267189	5.129227007825139	230.0	25	1.05	0.95				
	221	2	0.0	0.0	0.0	0.0	2	1.0017816972091529	2.6095836166228774	230.0	27	1.05	0.95				
	222	2	0.0	0.0	0.0	0.0	2	1.0194717585063242	7.751967275685435	230.0	27	1.05	0.95				
	223	2	0.0	0.0	0.0	0.0	2	0.9800633344414311	6.515121056282442	230.0	25	1.05	0.95				
	224	1	0.0	0.0	0.0	0.0	2	0.9842166409487851	-0.7969725771212617	230.0	26	1.05	0.95				
	301	2	46.85922178105264	9.545397029473685	0.0	0.0	3	1.0117861021222685	30.383553870784723	138.0	31	1.05	0.95				
	302	2	42.08652326631579	8.677633663157897	0.0	0.0	3	1.0119511102427614	30.322850677088116	138.0	32	1.05	0.95				
	303	1	78.09870296842107	16.053622276842106	0.0	0.0	3	1.00400437372205	33.997600950496356	138.0	31	1.05	0.95				
	304	1	32.10724455368421	6.508225247368421	0.0	0.0	3	1.0034082484635636	31.926609840214144	138.0	31	1.05	0.95				
	305	1	30.80559950421053	6.074343564210528	0.0	0.0	3	1.0189630582367935	31.63106990342395	138.0	31	1.05	0.95				
	306	1	59.00790890947369	12.148687128421056	0.0	-100.0	3	1.031726485496868	31.807948446944906	138.0	32	1.05	0.95				
	307	2	54.235210394736846	10.84704207894737	0.0	0.0	3	0.9715777002184657	30.479076491697658	138.0	32	1.05	0.95				
	308	1	74.19376782	15.185858910526315	0.0	0.0	3	0.9895248284890679	32.32189065042994	138.0	32	1.05	0.95				
	309	1	75.92929455263159	15.619740593684211	0.0	0.0	3	1.0104111723673568	35.07855844729151	138.0	33	1.05	0.95				
	310	1	84.60692821578948	17.355267326315793	0.0	0.0	3	1.0379305493868314	34.31406177121022	138.0	33	1.05	0.95				
	311	1	0.0	0.0	0.0	0.0	3	0.9861903238060673	38.55345805045301	230.0	33	1.05	0.95				
	312	1	0.0	0.0	0.0	0.0	3	0.9927637890332441	38.80376807596442	230.0	33	1.05	0.95				
	313	2	114.97864603684211	23.42961089052632	0.0	0.0	3	0.9932894740042192	44.23759259891709	230.0	34	1.05	0.95				
	314	2	84.17304653263157	16.921385643157898	0.0	0.0	3	0.9741080046201859	37.57572137837	230.0	36	1.05	0.95				
	315	2	137.54049356105264	27.768427722105265	0.0	0.0	3	0.9823880441050099	31.911643385563206	230.0	36	1.05	0.95				
	316	2	43.38816831578948	8.677633663157897	0.0	0.0	3	0.9708271516251996	33.043686222698355	230.0	36	1.05	0.95				
	317	1	0.0	0.0	0.0	0.0	3	0.9866177450545096	33.001370542366125	230.0	37	1.05	0.95				
	318	2	144.48260049157898	29.503954454736846	0.0	0.0	3	0.9847608968846209	29.944554017192793	230.0	37	1.05	0.95				
	319	1	78.53258465157896	16.053622276842106	0.0	0.0	3	0.9770758641869699	34.018822994212556	230.0	35	1.05	0.95				
	320	1	55.53685544421053	11.280923762105264	0.0	0.0	3	0.9819879989615551	34.033432158661704	230.0	35	1.05	0.95				
	321	2	0.0	0.0	0.0	0.0	3	0.9919455106358357	31.092941916963863	230.0	37	1.05	0.95				
	322	2	0.0	0.0	0.0	0.0	3	1.008725888646585	35.09938090828402	230.0	37	1.05	0.95				
	323	2	0.0	0.0	0.0	0.0	3	0.9836468412974171	33.63841468914961	230.0	35	1.05	0.95				
	324	1	0.0	0.0	0.0	0.0	3	0.9899686172261817	34.591574999398674	230.0	36	1.05	0.95				
	325	1	0.0	0.0	0.0	0.0	3	0.983329148963069	31.774233226184435	230.0	35	1.05	0.95				
];
