%% MATPOWER Case Format : Version 2
function mpc = RTS_GMLC
mpc.version = '2';

%%-----  Power Flow Data  -----%%
%% system MVA base
mpc.baseMVA = 100.0;
%% bus data
%    bus_i    type    Pd    Qd    Gs    Bs    area    Vm    Va    baseKV    zone    Vmax    Vmin
mpc.bus = [
	101	2	41.428500745263165	8.439139040701754	0.0	0.0	1	1.035383545436398	3.6833980368198556	138.0	11	1.05	0.95				
	102	2	37.20893122491228	7.671944582456142	0.0	0.0	1	1.0349922974739931	3.5529647064900747	138.0	12	1.05	0.95				
	103	1	69.04750124210527	14.193097477543859	0.0	0.0	1	1.030326825697813	0.9380966748858105	138.0	11	1.05	0.95				
	104	1	28.386194955087717	5.753958436842105	0.0	0.0	1	1.0228647360532466	0.0023105970240565768	138.0	11	1.05	0.95				
	105	1	27.2354032677193	5.370361207719299	0.0	0.0	1	1.0371770001635798	0.2996169177342135	138.0	11	1.05	0.95				
	106	1	52.16922316070176	10.740722415438597	0.0	-100.0	1	1.046879840116124	-1.9995045617915468	138.0	12	1.05	0.95				
	107	2	47.949653640350874	9.589930728070176	0.0	0.0	1	1.0003626639110215	-7.663160888612043	138.0	12	1.05	0.95				
	108	1	65.59512618	13.425903019298243	0.0	0.0	1	1.0057739672418637	-6.30243394966518	138.0	12	1.05	0.95				
	109	1	67.12951509649123	13.809500248421053	0.0	0.0	1	1.0249055098177149	-1.3556887972489255	138.0	13	1.05	0.95				
	110	1	74.80145967894737	15.343889164912284	0.0	0.0	1	1.05	-1.9294386247127195	138.0	13	1.05	0.95				
	111	1	0.0	0.0	0.0	0.0	1	1.002518249500137	0.01378346177255724	230.0	13	1.05	0.95				
	112	1	0.0	0.0	0.0	0.0	1	1.0076855167434766	0.3775145761032421	230.0	13	1.05	0.95				
	113	3	101.65326571754385	20.714250372631582	0.0	0.0	1	0.9925760905740609	1.414243023495581e-28	230.0	14	1.05	0.95				
	114	2	74.41786244982455	14.960291935789474	0.0	0.0	1	0.9987083187777454	1.8127211149857034	230.0	16	1.05	0.95				
	115	2	121.60032163192982	24.55022266385965	0.0	0.0	1	1.0382591285058618	6.8617908394702685	230.0	16	1.05	0.95				
	116	2	38.3597229122807	7.671944582456142	0.0	0.0	1	1.0331703968838233	6.532375934466477	230.0	16	1.05	0.95				
	117	1	0.0	0.0	0.0	0.0	1	1.0418922951286946	8.250901615544766	230.0	17	1.05	0.95				
	118	2	127.73787729789474	26.08461158035088	0.0	0.0	1	1.0453326630221842	8.047420292795607	230.0	17	1.05	0.95				
	119	1	69.43109847122807	14.193097477543859	0.0	0.0	1	1.0265214037003698	5.674055590203768	230.0	15	1.05	0.95				
	120	1	49.1004453277193	9.973527957192983	0.0	0.0	1	1.0231655465855247	5.672855268652731	230.0	15	1.05	0.95				
	121	2	0.0	0.0	0.0	0.0	1	1.05	8.735506777189398	230.0	17	1.05	0.95				
	122	2	0.0	0.0	0.0	0.0	1	1.05	16.71363304799638	230.0	17	1.05	0.95				
	123	2	0.0	0.0	0.0	0.0	1	1.0216712718561785	5.972289046728101	230.0	15	1.05	0.95				
	124	1	0.0	0.0	0.0	0.0	1	1.0271169595322291	4.645124174673482	230.0	16	1.05	0.95				
	201	2	48.02455530947369	9.782779785263159	0.0	0.0	2	1.029272399758131	-7.176373502857258	138.0	21	1.05	0.95				
	202	2	43.133165416842104	8.893436168421054	0.0	0.0	2	1.0298334512390523	-7.108958738015472	138.0	22	1.05	0.95				
	203	1	80.04092551578947	16.452856911578948	0.0	0.0	2	1.018106520137276	-7.028991724314015	138.0	21	1.05	0.95				
	204	1	32.905713823157896	6.670077126315789	0.0	0.0	2	1.018855416521057	-9.367341919648869	138.0	21	1.05	0.95				
	205	1	31.57169839789474	6.2254053178947375	0.0	0.0	2	1.0340024088121407	-9.500283933595826	138.0	21	1.05	0.95				
	206	1	60.47536594526316	12.450810635789475	0.0	-100.0	2	1.0446298440093809	-11.218104238003507	138.0	22	1.05	0.95				
	207	2	55.58397605263158	11.116795210526316	0.0	0.0	2	0.9894102050968703	-17.91490169786387	138.0	22	1.05	0.95				
	208	1	76.03887924	15.563513294736842	0.0	0.0	2	0.9960626996059289	-15.89869685618402	138.0	22	1.05	0.95				
	209	1	77.81756647368421	16.008185103157892	0.0	0.0	2	1.0227720770067072	-9.398619926301775	138.0	23	1.05	0.95				
	210	1	86.71100264210526	17.78687233684211	0.0	0.0	2	1.05	-10.439187341599542	138.0	23	1.05	0.95				
	211	1	0.0	0.0	0.0	0.0	2	1.0057087764811763	-6.84159774425438	230.0	23	1.05	0.95				
	212	1	0.0	0.0	0.0	0.0	2	1.0100934846485878	-6.411000068047149	230.0	23	1.05	0.95				
	213	2	117.83802923157896	24.012277654736845	0.0	0.0	2	0.9999135722543593	-6.108133463364267	230.0	24	1.05	0.95				
	214	2	86.26633083368421	17.342200528421053	0.0	0.0	2	1.0066064906815717	-4.298672914039288	230.0	26	1.05	0.95				
	215	2	140.9609632694737	28.45899573894737	0.0	0.0	2	1.0262223206650332	2.2704651049127307	230.0	26	1.05	0.95				
	216	2	44.467180842105265	8.893436168421054	0.0	0.0	2	1.0282796933221507	1.9640824198803881	230.0	26	1.05	0.95				
	217	1	0.0	0.0	0.0	0.0	2	1.0332152828275227	4.76893716859402	230.0	27	1.05	0.95				
	218	2	148.07571220421053	30.23768297263158	0.0	0.0	2	1.0347138159863547	5.17533168240855	230.0	27	1.05	0.95				
	219	1	80.48559732421053	16.452856911578948	0.0	0.0	2	1.0288731350881466	0.8875328150402138	230.0	25	1.05	0.95				
	220	1	56.91799147789474	11.561467018947369	0.0	0.0	2	1.0325789041976865	0.8174967336091791	230.0	25	1.05	0.95				
	221	2	0.0	0.0	0.0	0.0	2	1.034823436759146	4.970722467134264	230.0	27	1.05	0.95				
	222	2	0.0	0.0	0.0	0.0	2	1.05	11.388289565445103	230.0	27	1.05	0.95				
	223	2	0.0	0.0	0.0	0.0	2	1.0352198297937618	1.1152514480054043	230.0	25	1.05	0.95				
	224	1	0.0	0.0	0.0	0.0	2	1.0116787012646546	-1.219156188886024	230.0	26	1.05	0.95				
	301	2	62.16577033263159	12.663397660350878	0.0	0.0	3	1.0089802377487498	-29.887067586692982	138.0	31	1.05	0.95				
	302	2	55.83407150245614	11.51217969122807	0.0	0.0	3	1.0081947631065122	-30.071073424473315	138.0	32	1.05	0.95				
	303	1	103.60961722105264	21.29753242877193	0.0	0.0	3	1.0328828979422442	-20.751085094292726	138.0	31	1.05	0.95				
	304	1	42.59506485754386	8.634134768421053	0.0	0.0	3	1.0089184864358713	-27.9510842855454	138.0	31	1.05	0.95				
	305	1	40.86823790385965	8.05852578385965	0.0	0.0	3	1.0218356910317632	-29.521441567818925	138.0	31	1.05	0.95				
	306	1	78.28282190035088	16.1170515677193	0.0	-100.0	3	1.0361619817922598	-29.955228952349046	138.0	32	1.05	0.95				
	307	2	71.95112307017544	14.390224614035088	0.0	0.0	3	0.9916164217139585	-36.21843433140381	138.0	32	1.05	0.95				
	308	1	98.42913636	20.146314459649123	0.0	0.0	3	0.9928397356484144	-33.48886530832593	138.0	32	1.05	0.95				
	309	1	100.73157229824561	20.72192344421053	0.0	0.0	3	1.0297055790376912	-23.886810441205043	138.0	33	1.05	0.95				
	310	1	112.2437519894737	23.02435938245614	0.0	0.0	3	1.05	-27.306968408171457	138.0	33	1.05	0.95				
	311	1	0.0	0.0	0.0	0.0	3	1.0181189272902438	-20.1972101862843	230.0	33	1.05	0.95				
	312	1	0.0	0.0	0.0	0.0	3	1.0187814974953169	-19.58433825744554	230.0	33	1.05	0.95				
	313	2	152.53638090877192	31.082885166315794	0.0	0.0	3	1.0239213428654348	-16.728947053359672	230.0	34	1.05	0.95				
	314	2	111.66814300491228	22.448750397894738	0.0	0.0	3	1.0270504030591507	-17.846399404262865	230.0	36	1.05	0.95				
	315	2	182.4680481059649	36.838975011929826	0.0	0.0	3	1.0473078173009536	-11.589077551035952	230.0	36	1.05	0.95				
	316	2	57.56089845614035	11.51217969122807	0.0	0.0	3	1.0475892504492603	-11.083091924046972	230.0	36	1.05	0.95				
	317	1	0.0	0.0	0.0	0.0	3	1.049999999071866	-8.318680876941075	230.0	37	1.05	0.95				
	318	2	191.6777918589474	39.14141095017544	0.0	0.0	3	1.0481290789791426	-8.397378766195587	230.0	37	1.05	0.95				
	319	1	104.18522620561403	21.29753242877193	0.0	0.0	3	1.044578196818862	-12.217931009760164	230.0	35	1.05	0.95				
	320	1	73.67795002385965	14.965833598596493	0.0	0.0	3	1.0465633851966292	-12.126137218881452	230.0	35	1.05	0.95				
	321	2	0.0	0.0	0.0	0.0	3	1.0499999430898805	-8.321826451970272	230.0	37	1.05	0.95				
	322	2	0.0	0.0	0.0	0.0	3	1.05	-3.973028374348934	230.0	37	1.05	0.95				
	323	2	0.0	0.0	0.0	0.0	3	1.0488473248103793	-11.65406948688803	230.0	35	1.05	0.95				
	324	1	0.0	0.0	0.0	0.0	3	1.0303233704972856	-15.005219307289376	230.0	36	1.05	0.95				
	325	1	0.0	0.0	0.0	0.0	3	1.0412627785829682	-9.999227351564253	230.0	35	1.05	0.95				
];
