%% MATPOWER Case Format : Version 2
function mpc = RTS_GMLC
mpc.version = '2';

%%-----  Power Flow Data  -----%%
%% system MVA base
mpc.baseMVA = 100.0;
%% bus data
%    bus_i    type    Pd    Qd    Gs    Bs    area    Vm    Va    baseKV    zone    Vmax    Vmin
mpc.bus = [
	101	2	36.96635329010526	7.530183077614034	0.0	0.0	1	1.0257538286542545	4.946005176856394	138.0	11	1.05	0.95				
	102	2	33.20126175129825	6.845620979649124	0.0	0.0	1	1.024571321195704	4.665795046773562	138.0	12	1.05	0.95				
	103	1	61.6105888168421	12.664398812350877	0.0	0.0	1	1.0331849988735995	3.674388590818108	138.0	11	1.05	0.95				
	104	1	25.328797624701753	5.134215734736842	0.0	0.0	1	1.019279163420253	1.306554678002664	138.0	11	1.05	0.95				
	105	1	24.301954477754386	4.791934685754386	0.0	0.0	1	1.032739040843379	1.5075602127396341	138.0	11	1.05	0.95				
	106	1	46.550222661614036	9.583869371508772	0.0	-100.0	1	1.0454946185580105	-0.8149726169653208	138.0	12	1.05	0.95				
	107	2	42.785131122807016	8.557026224561405	0.0	0.0	1	0.9851780232645301	-6.912835977206521	138.0	12	1.05	0.95				
	108	1	58.530059376	11.979836714385964	0.0	0.0	1	0.9980376498136988	-5.2219127898265825	138.0	12	1.05	0.95				
	109	1	59.899183571929825	12.32211776336842	0.0	0.0	1	1.0253363619519185	-0.024873306600522754	138.0	13	1.05	0.95				
	110	1	66.74480455157895	13.691241959298248	0.0	0.0	1	1.05	-0.8697705791814961	138.0	13	1.05	0.95				
	111	1	0.0	0.0	0.0	0.0	1	1.0103016333878638	1.3042155668615696	230.0	13	1.05	0.95				
	112	1	0.0	0.0	0.0	0.0	1	1.0090836697691765	0.6164681272167726	230.0	13	1.05	0.95				
	113	3	90.70447798035087	18.48317664505263	0.0	0.0	1	0.9851311913221444	4.1334369824763734e-32	230.0	14	1.05	0.95				
	114	2	66.4025235025965	13.34896091031579	0.0	0.0	1	1.0285239981082577	4.193506434381953	230.0	16	1.05	0.95				
	115	2	108.5030925274386	21.905987134877194	0.0	0.0	1	1.0454843498572488	11.574285631917565	230.0	16	1.05	0.95				
	116	2	34.22810489824562	6.845620979649124	0.0	0.0	1	1.0436727687780247	10.347079525564448	230.0	16	1.05	0.95				
	117	1	0.0	0.0	0.0	0.0	1	1.0429900255695397	15.177652290196692	230.0	17	1.05	0.95				
	118	2	113.97958931115791	23.275111330807018	0.0	0.0	1	1.05	15.281051667525693	230.0	17	1.05	0.95				
	119	1	61.95286986582457	12.664398812350877	0.0	0.0	1	1.0377712464794817	7.285126838271184	230.0	15	1.05	0.95				
	120	1	43.81197426975439	8.89930727354386	0.0	0.0	1	1.0365434044390618	5.26436139506148	230.0	15	1.05	0.95				
	121	2	0.0	0.0	0.0	0.0	1	1.0415764525954563	16.268437016898886	230.0	17	1.05	0.95				
	122	2	0.0	0.0	0.0	0.0	1	1.05	34.24359652913035	230.0	17	1.05	0.95				
	123	2	0.0	0.0	0.0	0.0	1	1.0362198618379992	4.411167025243796	230.0	15	1.05	0.95				
	124	1	0.0	0.0	0.0	0.0	1	1.0307039096223736	8.62546729312721	230.0	16	1.05	0.95				
	201	2	41.632614530526325	8.480717774736842	0.0	0.0	2	1.0173300042882054	-10.208328715396965	138.0	21	1.05	0.95				
	202	2	37.392255643157895	7.709743431578948	0.0	0.0	2	1.0174760223698753	-10.25359784339745	138.0	22	1.05	0.95				
	203	1	69.38769088421054	14.263025348421055	0.0	0.0	2	1.0121908725872577	-7.965402939598726	138.0	21	1.05	0.95				
	204	1	28.52605069684211	5.782307573684211	0.0	0.0	2	1.0141843711601506	-11.045332111296077	138.0	21	1.05	0.95				
	205	1	27.369589182105265	5.396820402105265	0.0	0.0	2	1.029067735356964	-11.37649688500512	138.0	21	1.05	0.95				
	206	1	52.42625533473685	10.79364080421053	0.0	-100.0	2	1.04382084974599	-12.448558997928199	138.0	22	1.05	0.95				
	207	2	48.18589644736843	9.637179289473686	0.0	0.0	2	0.9929416566383166	-17.5456701186039	138.0	22	1.05	0.95				
	208	1	65.91830634000002	13.492051005263159	0.0	0.0	2	1.0003487770348434	-15.837874268847708	138.0	22	1.05	0.95				
	209	1	67.46025502631579	13.877538176842105	0.0	0.0	2	1.021967276747278	-10.089476452532654	138.0	23	1.05	0.95				
	210	1	75.16999845789474	15.419486863157896	0.0	0.0	2	1.05	-11.308836028870608	138.0	23	1.05	0.95				
	211	1	0.0	0.0	0.0	0.0	2	1.0047028306636616	-7.5745057036916466	230.0	23	1.05	0.95				
	212	1	0.0	0.0	0.0	0.0	2	1.0085401403326388	-6.896889018724559	230.0	23	1.05	0.95				
	213	2	102.15410046842106	20.816307265263163	0.0	0.0	2	0.9990817017859133	-6.4424561322495855	230.0	24	1.05	0.95				
	214	2	74.78451128631579	15.03399969157895	0.0	0.0	2	1.004898971769132	-5.321856446472065	230.0	26	1.05	0.95				
	215	2	122.19943339052632	24.671178981052634	0.0	0.0	2	1.0210676930994171	0.3563524966389327	230.0	26	1.05	0.95				
	216	2	38.54871715789474	7.709743431578948	0.0	0.0	2	1.0245827220565304	0.17855331292740262	230.0	26	1.05	0.95				
	217	1	0.0	0.0	0.0	0.0	2	1.0311919215274512	1.8261130492943964	230.0	27	1.05	0.95				
	218	2	128.3672281357895	26.213127667368425	0.0	0.0	2	1.0295478922578511	1.3587705441866609	230.0	27	1.05	0.95				
	219	1	69.77317805578949	14.263025348421055	0.0	0.0	2	1.0262303379360935	-0.07897167869560259	230.0	25	1.05	0.95				
	220	1	49.34235796210527	10.022666461052633	0.0	0.0	2	1.0300095931827582	0.45128532316175196	230.0	25	1.05	0.95				
	221	2	0.0	0.0	0.0	0.0	2	1.0300014309593246	1.8265018104438455	230.0	27	1.05	0.95				
	222	2	0.0	0.0	0.0	0.0	2	1.05	8.319341151804387	230.0	27	1.05	0.95				
	223	2	0.0	0.0	0.0	0.0	2	1.0325547965861677	1.0356087402137921	230.0	25	1.05	0.95				
	224	1	0.0	0.0	0.0	0.0	2	1.0073684260256366	-2.7619203069573444	230.0	26	1.05	0.95				
	301	2	51.659601385263166	10.52325213403509	0.0	0.0	3	1.0083920476056705	-23.92211879172378	138.0	31	1.05	0.95				
	302	2	46.397975318245614	9.566592849122808	0.0	0.0	3	1.0079027772120963	-24.031603775459683	138.0	32	1.05	0.95				
	303	1	86.09933564210527	17.698196770877196	0.0	0.0	3	1.022915371261613	-18.248716404712503	138.0	31	1.05	0.95				
	304	1	35.39639354175439	7.174944636842105	0.0	0.0	3	1.009514987520143	-22.38321207782172	138.0	31	1.05	0.95				
	305	1	33.96140461438596	6.696614994385966	0.0	0.0	3	1.022808989683081	-23.15818689145609	138.0	31	1.05	0.95				
	306	1	65.05283137403511	13.393229988771932	0.0	-100.0	3	1.038928727172161	-23.287243592555456	138.0	32	1.05	0.95				
	307	2	59.79120530701755	11.95824106140351	0.0	0.0	3	0.9940210363563409	-28.64040461518294	138.0	32	1.05	0.95				
	308	1	81.79436886	16.741537485964912	0.0	0.0	3	0.9980775280357668	-26.438586174995677	138.0	32	1.05	0.95				
	309	1	83.70768742982457	17.219867128421054	0.0	0.0	3	1.0264801770999517	-19.080726195288605	138.0	33	1.05	0.95				
	310	1	93.27428027894737	19.133185698245615	0.0	0.0	3	1.05	-20.85708927840161	138.0	33	1.05	0.95				
	311	1	0.0	0.0	0.0	0.0	3	1.0121575083317855	-14.491532414253301	230.0	33	1.05	0.95				
	312	1	0.0	0.0	0.0	0.0	3	1.012178938846864	-13.751871611390472	230.0	33	1.05	0.95				
	313	2	126.75735525087721	25.829800692631583	0.0	0.0	3	1.015222028937517	-10.63078664645658	230.0	34	1.05	0.95				
	314	2	92.79595063649123	18.654856055789477	0.0	0.0	3	1.0192236968583024	-12.354546362474109	230.0	36	1.05	0.95				
	315	2	151.6304966585965	30.61309711719299	0.0	0.0	3	1.041369059997359	-7.562862371798066	230.0	36	1.05	0.95				
	316	2	47.83296424561404	9.566592849122808	0.0	0.0	3	1.0413079787102566	-6.476660319461958	230.0	36	1.05	0.95				
	317	1	0.0	0.0	0.0	0.0	3	1.0464890098326631	-4.176313052025048	230.0	37	1.05	0.95				
	318	2	159.28377093789476	32.526415687017554	0.0	0.0	3	1.0440166869551981	-4.923547646327785	230.0	37	1.05	0.95				
	319	1	86.5776652845614	17.698196770877196	0.0	0.0	3	1.0365792272691037	-6.911979042889647	230.0	35	1.05	0.95				
	320	1	61.22619423438598	12.436570703859651	0.0	0.0	3	1.035852203786633	-6.377671855321104	230.0	35	1.05	0.95				
	321	2	0.0	0.0	0.0	0.0	3	1.0445693706793853	-5.2508050722966715	230.0	37	1.05	0.95				
	322	2	0.0	0.0	0.0	0.0	3	1.05	-0.4949814423926222	230.0	37	1.05	0.95				
	323	2	0.0	0.0	0.0	0.0	3	1.0363412514439287	-5.722496270888796	230.0	35	1.05	0.95				
	324	1	0.0	0.0	0.0	0.0	3	1.021123773340242	-11.534786262213526	230.0	36	1.05	0.95				
	325	1	0.0	0.0	0.0	0.0	3	1.028085554963699	-3.936321550644925	230.0	35	1.05	0.95				
];
