%% MATPOWER Case Format : Version 2
function mpc = RTS_GMLC
mpc.version = '2';

%%-----  Power Flow Data  -----%%
%% system MVA base
mpc.baseMVA = 100.0;
%% bus data
%    bus_i    type    Pd    Qd    Gs    Bs    area    Vm    Va    baseKV    zone    Vmax    Vmin
mpc.bus = [
	101	2	35.26966848126316	7.184562098035088	0.0	0.0	1	0.9911398298053155	-5.744936914079053	138.0	11	1.05	0.95				
	102	2	31.677387432245613	6.531420089122807	0.0	0.0	1	0.9909534429560195	-5.897300437335019	138.0	12	1.05	0.95				
	103	1	58.782780802105265	12.083127164877192	0.0	0.0	1	1.022972173610555	0.1429223482690995	138.0	11	1.05	0.95				
	104	1	24.166254329754384	4.898565066842106	0.0	0.0	1	1.0050081531557806	-5.166530523616734	138.0	11	1.05	0.95				
	105	1	23.186541316385963	4.571994062385965	0.0	0.0	1	1.0164976327946131	-5.898501218558803	138.0	11	1.05	0.95				
	106	1	44.41365660603509	9.14398812477193	0.0	-100.0	1	1.0392090213008642	-6.412460311196926	138.0	12	1.05	0.95				
	107	2	40.82137555701754	8.164275111403509	0.0	0.0	1	0.9889183289991353	-9.695696004670218	138.0	12	1.05	0.95				
	108	1	55.843641762	11.42998515596491	0.0	0.0	1	1.001063550523616	-8.336383100998397	138.0	12	1.05	0.95				
	109	1	57.149925779824564	11.756556160421052	0.0	0.0	1	1.025495538254361	-3.2171141937755374	138.0	13	1.05	0.95				
	110	1	63.68134586894737	13.062840178245613	0.0	0.0	1	1.05	-4.983175134915639	138.0	13	1.05	0.95				
	111	1	0.0	0.0	0.0	0.0	1	1.0146719714422405	-0.2743175276449493	230.0	13	1.05	0.95				
	112	1	0.0	0.0	0.0	0.0	1	1.0113841592450017	-1.3057151903749131	230.0	13	1.05	0.95				
	113	3	86.54131618087719	17.63483424063158	0.0	0.0	1	0.9960069577351764	3.5990160370505286e-31	230.0	14	1.05	0.95				
	114	2	63.354774864491226	12.736269173789475	0.0	0.0	1	1.0375184574272727	3.2835016577440026	230.0	16	1.05	0.95				
	115	2	103.5230084125965	20.900544285192982	0.0	0.0	1	1.039655900451092	11.9483047476915	230.0	16	1.05	0.95				
	116	2	32.657100445614034	6.531420089122807	0.0	0.0	1	1.0398483757195316	10.394719262601134	230.0	16	1.05	0.95				
	117	1	0.0	0.0	0.0	0.0	1	1.0386083642135302	16.021086832374376	230.0	17	1.05	0.95				
	118	2	108.74814448389473	22.206828303017545	0.0	0.0	1	1.0461883645330254	16.458797505311725	230.0	17	1.05	0.95				
	119	1	59.109351806561406	12.083127164877192	0.0	0.0	1	1.0349699319754075	6.586158447104722	230.0	15	1.05	0.95				
	120	1	41.801088570385964	8.490846115859648	0.0	0.0	1	1.0357267417727571	3.895421254804678	230.0	15	1.05	0.95				
	121	2	0.0	0.0	0.0	0.0	1	1.0380115649333206	17.727606188791068	230.0	17	1.05	0.95				
	122	2	0.0	0.0	0.0	0.0	1	1.05	35.73080317458573	230.0	17	1.05	0.95				
	123	2	0.0	0.0	0.0	0.0	1	1.0367493987101326	2.665422172034629	230.0	15	1.05	0.95				
	124	1	0.0	0.0	0.0	0.0	1	1.0186513923557534	7.55046996521605	230.0	16	1.05	0.95				
	201	2	38.096647237894736	7.76042814105263	0.0	0.0	2	1.006029096294362	-13.37262398763018	138.0	21	1.05	0.95				
	202	2	34.216433167368415	7.05493467368421	0.0	0.0	2	1.0046801673279768	-13.64313865531044	138.0	22	1.05	0.95				
	203	1	63.49441206315789	13.051629146315788	0.0	0.0	2	1.013403729691618	-10.048617020748507	138.0	21	1.05	0.95				
	204	1	26.103258292631576	5.291201005263158	0.0	0.0	2	1.009577219510633	-13.471654614906349	138.0	21	1.05	0.95				
	205	1	25.045018091578946	4.938454271578947	0.0	0.0	2	1.0237746479304788	-13.841318038864483	138.0	21	1.05	0.95				
	206	1	47.97355578105263	9.876908543157894	0.0	-100.0	2	1.041797813266528	-14.568027537860047	138.0	22	1.05	0.95				
	207	2	44.09334171052631	8.818668342105262	0.0	0.0	2	0.9892983376842227	-18.659791672461125	138.0	22	1.05	0.95				
	208	1	60.319691459999994	12.346135678947366	0.0	0.0	2	0.9997948779962053	-17.146891097148284	138.0	22	1.05	0.95				
	209	1	61.730678394736834	12.698882412631576	0.0	0.0	2	1.0231720612175716	-11.859650833512909	138.0	23	1.05	0.95				
	210	1	68.78561306842104	14.10986934736842	0.0	0.0	2	1.05	-13.164520232066259	138.0	23	1.05	0.95				
	211	1	0.0	0.0	0.0	0.0	2	1.0044819292649498	-9.246276907951552	230.0	23	1.05	0.95				
	212	1	0.0	0.0	0.0	0.0	2	1.013283710342062	-8.490829965545407	230.0	23	1.05	0.95				
	213	2	93.47788442631578	19.048323618947368	0.0	0.0	2	1.0032270283968665	-7.916022527405249	230.0	24	1.05	0.95				
	214	2	68.43286633473683	13.757122613684212	0.0	0.0	2	1.0005117438641935	-7.013823047200014	230.0	26	1.05	0.95				
	215	2	111.82071457789473	22.575790955789472	0.0	0.0	2	1.024314360072627	-1.2828791006755822	230.0	26	1.05	0.95				
	216	2	35.27467336842105	7.05493467368421	0.0	0.0	2	1.0275808955400805	-1.8346359313228309	230.0	26	1.05	0.95				
	217	1	0.0	0.0	0.0	0.0	2	1.0330642494506788	0.02997305359738296	230.0	27	1.05	0.95				
	218	2	117.4646623168421	23.986777890526316	0.0	0.0	2	1.0314450106793904	-0.3359738856153361	230.0	27	1.05	0.95				
	219	1	63.84715879684211	13.051629146315788	0.0	0.0	2	1.0357353865023031	-1.8152753599315241	230.0	25	1.05	0.95				
	220	1	45.151581911578944	9.171415075789472	0.0	0.0	2	1.0447306502883655	-1.1224976421761714	230.0	25	1.05	0.95				
	221	2	0.0	0.0	0.0	0.0	2	1.0320332538992154	0.14389753669819436	230.0	27	1.05	0.95				
	222	2	0.0	0.0	0.0	0.0	2	1.0499999977603613	6.594122036553901	230.0	27	1.05	0.95				
	223	2	0.0	0.0	0.0	0.0	2	1.05	-0.4859023835126571	230.0	25	1.05	0.95				
	224	1	0.0	0.0	0.0	0.0	2	1.0093401143204679	-4.561446679058391	230.0	26	1.05	0.95				
	301	2	39.25719708631579	7.996836443508772	0.0	0.0	3	1.015022675993845	20.224340201367596	138.0	31	1.05	0.95				
	302	2	35.2587788645614	7.269851312280702	0.0	0.0	3	1.0139795250828694	19.871039500300956	138.0	32	1.05	0.95				
	303	1	65.42866181052632	13.449224927719298	0.0	0.0	3	1.05	34.7333209944619	138.0	31	1.05	0.95				
	304	1	26.898449855438596	5.452388484210526	0.0	0.0	3	1.0097121574710608	21.028268270357284	138.0	31	1.05	0.95				
	305	1	25.807972158596492	5.088895918596491	0.0	0.0	3	1.0251649695510068	18.362621352611953	138.0	31	1.05	0.95				
	306	1	49.434988923508776	10.177791837192983	0.0	-100.0	3	1.0389149002744882	16.85775842907245	138.0	32	1.05	0.95				
	307	2	45.436570701754384	9.087314140350877	0.0	0.0	3	0.95	14.377742369377101	138.0	32	1.05	0.95				
	308	1	62.15722872	12.722239796491227	0.0	0.0	3	0.9734716905363247	15.855852034970946	138.0	32	1.05	0.95				
	309	1	63.61119898245614	13.085732362105261	0.0	0.0	3	1.0168832921944504	23.500335402074942	138.0	33	1.05	0.95				
	310	1	70.88105029473684	14.539702624561404	0.0	0.0	3	1.0442601131271199	17.670138162837468	138.0	33	1.05	0.95				
	311	1	0.0	0.0	0.0	0.0	3	1.0049406937228103	20.578684444621178	230.0	33	1.05	0.95				
	312	1	0.0	0.0	0.0	0.0	3	1.0103731700935688	20.303696427630403	230.0	33	1.05	0.95				
	313	2	96.3255298877193	19.628598543157896	0.0	0.0	3	1.0036998325696185	19.99026944605867	230.0	34	1.05	0.95				
	314	2	70.5175577291228	14.176210058947369	0.0	0.0	3	1.0003918377323007	21.186184025096008	230.0	36	1.05	0.95				
	315	2	115.22714329964911	23.263524199298246	0.0	0.0	3	1.0483147326779563	24.791661195421728	230.0	36	1.05	0.95				
	316	2	36.34925656140351	7.269851312280702	0.0	0.0	3	1.0313455594027952	24.1597220530067	230.0	36	1.05	0.95				
	317	1	0.0	0.0	0.0	0.0	3	1.05	28.58875711349755	230.0	37	1.05	0.95				
	318	2	121.0430243494737	24.717494461754388	0.0	0.0	3	1.0480690724910184	24.947611964428216	230.0	37	1.05	0.95				
	319	1	65.79215437614036	13.449224927719298	0.0	0.0	3	1.022908321919535	22.011242324276154	230.0	35	1.05	0.95				
	320	1	46.52704839859649	9.450806705964911	0.0	0.0	3	1.0186375616725332	20.839883085940873	230.0	35	1.05	0.95				
	321	2	0.0	0.0	0.0	0.0	3	1.05	25.565815787987145	230.0	37	1.05	0.95				
	322	2	0.0	0.0	0.0	0.0	3	1.049999947013435	31.10031123826218	230.0	37	1.05	0.95				
	323	2	0.0	0.0	0.0	0.0	3	1.0165548744610418	20.47860286367141	230.0	35	1.05	0.95				
	324	1	0.0	0.0	0.0	0.0	3	1.045831739225137	28.591820374638814	230.0	36	1.05	0.95				
	325	1	0.0	0.0	0.0	0.0	3	1.0195872441552043	20.254025949928035	230.0	35	1.05	0.95				
];
