%% MATPOWER Case Format : Version 2
function mpc = RTS_GMLC
mpc.version = '2';

%%-----  Power Flow Data  -----%%
%% system MVA base
mpc.baseMVA = 100.0;
%% bus data
%    bus_i    type    Pd    Qd    Gs    Bs    area    Vm    Va    baseKV    zone    Vmax    Vmin
mpc.bus = [
	101	2	55.05541810105263	11.21499257614035	0.0	0.0	1	1.0467125629911826	1.8342454614943404	138.0	11	1.05	0.95				
	102	2	49.44792181298246	10.195447796491228	0.0	0.0	1	1.0456509124758115	1.5202505222711886	138.0	12	1.05	0.95				
	103	1	91.75903016842105	18.86157842350877	0.0	0.0	1	1.026989807607219	-1.132850132584035	138.0	11	1.05	0.95				
	104	1	37.72315684701754	7.646585847368422	0.0	0.0	1	1.0270721273819783	-1.9344483401515185	138.0	11	1.05	0.95				
	105	1	36.19383967754386	7.13681345754386	0.0	0.0	1	1.0409396477443444	-2.0154156743931106	138.0	11	1.05	0.95				
	106	1	69.32904501614036	14.27362691508772	0.0	-100.0	1	1.0456613869737545	-4.726160619089464	138.0	12	1.05	0.95				
	107	2	63.721548728070175	12.744309745614036	0.0	0.0	1	1.0002564017870483	-11.538673346940332	138.0	12	1.05	0.95				
	108	1	87.17107866	17.842033643859647	0.0	0.0	1	1.0010512918800607	-9.915508835824413	138.0	12	1.05	0.95				
	109	1	89.21016821929825	18.35180603368421	0.0	0.0	1	1.0244497800848134	-3.552683945018851	138.0	13	1.05	0.95				
	110	1	99.40561601578948	20.390895592982456	0.0	0.0	1	1.05	-4.373831585956183	138.0	13	1.05	0.95				
	111	1	0.0	0.0	0.0	0.0	1	1.0050471179545102	-1.4150565180548331	230.0	13	1.05	0.95				
	112	1	0.0	0.0	0.0	0.0	1	1.0095973611254894	-1.1272293314336357	230.0	13	1.05	0.95				
	113	3	135.08968330350876	27.527709050526315	0.0	0.0	1	1.0007393332372747	3.462262463314477e-31	230.0	14	1.05	0.95				
	114	2	98.89584362596491	19.881123203157898	0.0	0.0	1	1.001375873071658	0.01805126009743339	230.0	16	1.05	0.95				
	115	2	161.59784757438595	32.62543294877193	0.0	0.0	1	1.031881016424259	5.5554582396988685	230.0	16	1.05	0.95				
	116	2	50.97723898245614	10.195447796491228	0.0	0.0	1	1.028754050322449	5.105134785847227	230.0	16	1.05	0.95				
	117	1	0.0	0.0	0.0	0.0	1	1.035675675482431	7.725733325434712	230.0	17	1.05	0.95				
	118	2	169.75420581157897	34.66452250807018	0.0	0.0	1	1.037679176448305	8.095172009319267	230.0	17	1.05	0.95				
	119	1	92.26880255824562	18.86157842350877	0.0	0.0	1	1.0217209898876185	3.605614757439568	230.0	15	1.05	0.95				
	120	1	65.25086589754386	13.254082135438598	0.0	0.0	1	1.0195722315681506	3.181532656734753	230.0	15	1.05	0.95				
	121	2	0.0	0.0	0.0	0.0	1	1.0404606152505422	9.533536009852769	230.0	17	1.05	0.95				
	122	2	0.0	0.0	0.0	0.0	1	1.05	15.483688806977824	230.0	17	1.05	0.95				
	123	2	0.0	0.0	0.0	0.0	1	1.0193048982864479	3.343984701650741	230.0	15	1.05	0.95				
	124	1	0.0	0.0	0.0	0.0	1	1.0212251956265384	3.0410424541147507	230.0	16	1.05	0.95				
	201	2	48.55155044210526	9.890130645614034	0.0	0.0	2	1.0204901259019232	-11.852737513859251	138.0	21	1.05	0.95				
	202	2	43.60648511929824	8.991027859649122	0.0	0.0	2	1.0205694502706795	-11.869846893982139	138.0	22	1.05	0.95				
	203	1	80.9192507368421	16.633401540350874	0.0	0.0	2	1.0160328843821897	-9.819081019257967	138.0	21	1.05	0.95				
	204	1	33.26680308070175	6.743270894736842	0.0	0.0	2	1.0150837047389494	-12.396189226428199	138.0	21	1.05	0.95				
	205	1	31.918148901754385	6.293719501754386	0.0	0.0	2	1.0298211978623792	-12.735466964371682	138.0	21	1.05	0.95				
	206	1	61.13898944561404	12.587439003508772	0.0	-100.0	2	1.0428325303888202	-13.69778161420707	138.0	22	1.05	0.95				
	207	2	56.19392412280702	11.238784824561403	0.0	0.0	2	0.9942974629142672	-19.703097327237423	138.0	22	1.05	0.95				
	208	1	76.87328819999999	15.734298754385964	0.0	0.0	2	0.9988205864311325	-17.647385651176002	138.0	22	1.05	0.95				
	209	1	78.67149377192982	16.18385014736842	0.0	0.0	2	1.0234300857000282	-10.9706045102413	138.0	23	1.05	0.95				
	210	1	87.66252163157894	17.982055719298245	0.0	0.0	2	1.05	-12.183465987382439	138.0	23	1.05	0.95				
	211	1	0.0	0.0	0.0	0.0	2	1.0063595035657233	-8.010941749700844	230.0	23	1.05	0.95				
	212	1	0.0	0.0	0.0	0.0	2	1.0089960529065523	-6.195725603535614	230.0	23	1.05	0.95				
	213	2	119.13111914035086	24.27577522105263	0.0	0.0	2	1.0026333847282423	-6.315223611719636	230.0	24	1.05	0.95				
	214	2	87.21297023859648	17.532504326315788	0.0	0.0	2	1.007269323472545	-5.819252092230584	230.0	26	1.05	0.95				
	215	2	142.50779157543857	28.771289150877195	0.0	0.0	2	1.0241152389290802	0.27536165812886715	230.0	26	1.05	0.95				
	216	2	44.95513929824561	8.991027859649122	0.0	0.0	2	1.0242043012450504	0.0330777557054158	230.0	26	1.05	0.95				
	217	1	0.0	0.0	0.0	0.0	2	1.0284783746501927	1.4015604128753765	230.0	27	1.05	0.95				
	218	2	149.70061386315788	30.56949472280702	0.0	0.0	2	1.0277124629421186	0.9049597409335981	230.0	27	1.05	0.95				
	219	1	81.36880212982456	16.633401540350874	0.0	0.0	2	1.023544480011408	0.15653110278268775	230.0	25	1.05	0.95				
	220	1	57.54257830175439	11.68833621754386	0.0	0.0	2	1.0261522647114778	1.1439091382238407	230.0	25	1.05	0.95				
	221	2	0.0	0.0	0.0	0.0	2	1.0298660560780457	1.4963998400543328	230.0	27	1.05	0.95				
	222	2	0.0	0.0	0.0	0.0	2	1.049999995956879	7.95092256939102	230.0	27	1.05	0.95				
	223	2	0.0	0.0	0.0	0.0	2	1.0285415834291736	2.0293042227278852	230.0	25	1.05	0.95				
	224	1	0.0	0.0	0.0	0.0	2	1.0086825149291616	-3.513853399648667	230.0	26	1.05	0.95				
	301	2	49.1825371831579	10.018664981754386	0.0	0.0	3	1.0082902553096693	-0.1292465483345539	138.0	31	1.05	0.95				
	302	2	44.1732046922807	9.107877256140352	0.0	0.0	3	1.00779239404934	-0.3450242576343027	138.0	32	1.05	0.95				
	303	1	81.97089530526316	16.84957292385965	0.0	0.0	3	1.037447501826848	8.32326577883672	138.0	31	1.05	0.95				
	304	1	33.6991458477193	6.830907942105263	0.0	0.0	3	1.0096821688459423	0.7895564132659965	138.0	31	1.05	0.95				
	305	1	32.332964259298244	6.375514079298246	0.0	0.0	3	1.023366903567692	-0.05860489748519764	138.0	31	1.05	0.95				
	306	1	61.933565341754395	12.751028158596492	0.0	-100.0	3	1.0396360767490513	-0.5634860484239125	138.0	32	1.05	0.95				
	307	2	56.924232850877196	11.384846570175439	0.0	0.0	3	0.9915135624171103	-4.904581599960152	138.0	32	1.05	0.95				
	308	1	77.87235054	15.938785198245615	0.0	0.0	3	0.9993203157428575	-2.8659809119562585	138.0	32	1.05	0.95				
	309	1	79.69392599122807	16.39417906105263	0.0	0.0	3	1.025403440633214	3.588407263084208	138.0	33	1.05	0.95				
	310	1	88.80180324736841	18.215754512280704	0.0	0.0	3	1.05	1.4789745401555348	138.0	33	1.05	0.95				
	311	1	0.0	0.0	0.0	0.0	3	1.0058170376888529	5.580609939444028	230.0	33	1.05	0.95				
	312	1	0.0	0.0	0.0	0.0	3	1.0122840066905943	6.273102931862466	230.0	33	1.05	0.95				
	313	2	120.67937364385966	24.59126859157895	0.0	0.0	3	1.0104438264590718	9.543567658816357	230.0	34	1.05	0.95				
	314	2	88.3464093845614	17.760360649473686	0.0	0.0	3	0.9978701333352668	5.267433202581639	230.0	36	1.05	0.95				
	315	2	144.35985450982457	29.145207219649123	0.0	0.0	3	1.0231150383226424	3.620378635308654	230.0	36	1.05	0.95				
	316	2	45.539386280701756	9.107877256140352	0.0	0.0	3	1.0183050400272866	3.745982459079739	230.0	36	1.05	0.95				
	317	1	0.0	0.0	0.0	0.0	3	1.024238334564736	3.7945139895360454	230.0	37	1.05	0.95				
	318	2	151.64615631473683	30.966782670877198	0.0	0.0	3	1.0237034466627057	3.214973432896394	230.0	37	1.05	0.95				
	319	1	82.42628916807018	16.84957292385965	0.0	0.0	3	1.0162959255370854	5.149681548341966	230.0	35	1.05	0.95				
	320	1	58.290414439298246	11.840240432982457	0.0	0.0	3	1.0154832825056876	6.139223617478076	230.0	35	1.05	0.95				
	321	2	0.0	0.0	0.0	0.0	3	1.0254529964410195	3.9014698371020087	230.0	37	1.05	0.95				
	322	2	0.0	0.0	0.0	0.0	3	1.0384282489105037	8.263193910863562	230.0	37	1.05	0.95				
	323	2	0.0	0.0	0.0	0.0	3	1.0152687573777857	6.7454555422722935	230.0	35	1.05	0.95				
	324	1	0.0	0.0	0.0	0.0	3	1.0279347182835714	6.845804412117185	230.0	36	1.05	0.95				
	325	1	0.0	0.0	0.0	0.0	3	1.017658593479565	6.996843544105499	230.0	35	1.05	0.95				
];
