%% MATPOWER Case Format : Version 2
function mpc = RTS_GMLC
mpc.version = '2';

%%-----  Power Flow Data  -----%%
%% system MVA base
mpc.baseMVA = 100.0;
%% bus data
%    bus_i    type    Pd    Qd    Gs    Bs    area    Vm    Va    baseKV    zone    Vmax    Vmin
mpc.bus = [
	101	2	35.964374074105265	7.326076200280703	0.0	0.0	1	1.0225656167703767	-0.09359997146191273	138.0	11	1.05	0.95				
	102	2	32.30133597396491	6.660069272982456	0.0	0.0	1	1.0201795349288851	-0.719330999253329	138.0	12	1.05	0.95				
	103	1	59.94062345684211	12.321128155017544	0.0	0.0	1	1.0284965831547386	0.6507815391094075	138.0	11	1.05	0.95				
	104	1	24.642256310035087	4.995051954736842	0.0	0.0	1	1.0175737752569147	-2.3681199346540582	138.0	11	1.05	0.95				
	105	1	23.643245919087718	4.662048491087719	0.0	0.0	1	1.0321287086503586	-2.2556256788505142	138.0	11	1.05	0.95				
	106	1	45.288471056280706	9.324096982175439	0.0	-100.0	1	1.0456575593340258	-3.9622847080467025	138.0	12	1.05	0.95				
	107	2	41.62543295614035	8.32508659122807	0.0	0.0	1	1.0021791513508522	-9.050302508851507	138.0	12	1.05	0.95				
	108	1	56.943592284	11.655121227719297	0.0	0.0	1	1.0080540389467254	-7.450552915249863	138.0	12	1.05	0.95				
	109	1	58.275606138596494	11.988124691368421	0.0	0.0	1	1.0241542278308726	-2.330348303342303	138.0	13	1.05	0.95				
	110	1	64.93567541157894	13.320138545964912	0.0	0.0	1	1.05	-3.36401088660131	138.0	13	1.05	0.95				
	111	1	0.0	0.0	0.0	0.0	1	1.001270915665811	-0.2796836019126127	230.0	13	1.05	0.95				
	112	1	0.0	0.0	0.0	0.0	1	1.0060872578654958	-0.9249645019830195	230.0	13	1.05	0.95				
	113	3	88.24591786701754	17.982187037052633	0.0	0.0	1	0.9923543988789975	2.380831176505906e-28	230.0	14	1.05	0.95				
	114	2	64.60267194792982	12.98713508231579	0.0	0.0	1	0.9983323636182804	2.1977209025384967	230.0	16	1.05	0.95				
	115	2	105.56209797677192	21.31222167354386	0.0	0.0	1	1.0339617250690307	8.934140499530152	230.0	16	1.05	0.95				
	116	2	33.30034636491228	6.660069272982456	0.0	0.0	1	1.0299815866836024	7.556927443350272	230.0	16	1.05	0.95				
	117	1	0.0	0.0	0.0	0.0	1	1.0364034435300795	11.557408949141387	230.0	17	1.05	0.95				
	118	2	110.89015339515791	22.644235528140353	0.0	0.0	1	1.040403065738334	12.309695479215126	230.0	17	1.05	0.95				
	119	1	60.27362692049123	12.321128155017544	0.0	0.0	1	1.0191921860047646	4.640173946904869	230.0	15	1.05	0.95				
	120	1	42.62444334708772	8.658090054877194	0.0	0.0	1	1.013488022616205	2.7297205621716185	230.0	15	1.05	0.95				
	121	2	0.0	0.0	0.0	0.0	1	1.0420049811235956	13.793503637534519	230.0	17	1.05	0.95				
	122	2	0.0	0.0	0.0	0.0	1	1.05	21.970278662599004	230.0	17	1.05	0.95				
	123	2	0.0	0.0	0.0	0.0	1	1.0106785075525195	1.9367209620833201	230.0	15	1.05	0.95				
	124	1	0.0	0.0	0.0	0.0	1	1.0214527537155755	5.818503981213222	230.0	16	1.05	0.95				
	201	2	36.005666616000006	7.334487644	0.0	0.0	2	1.013965305383611	-13.1254984356052	138.0	21	1.05	0.95				
	202	2	32.338422793999996	6.66771604	0.0	0.0	2	1.0130440334085902	-13.404023475394597	138.0	22	1.05	0.95				
	203	1	60.00944436000001	12.335274674	0.0	0.0	2	1.016315963090655	-9.629275594310874	138.0	21	1.05	0.95				
	204	1	24.670549348	5.00078703	0.0	0.0	2	1.0133351833551203	-13.272580218406013	138.0	21	1.05	0.95				
	205	1	23.670391942	4.667401228	0.0	0.0	2	1.0281114592419016	-13.65049764720789	138.0	21	1.05	0.95				
	206	1	45.340469072000005	9.334802456	0.0	-100.0	2	1.0443872607148592	-14.394064404238723	138.0	22	1.05	0.95				
	207	2	41.67322525	8.33464505	0.0	0.0	2	0.9965157117137555	-18.278004379374902	138.0	22	1.05	0.95				
	208	1	57.008972142000005	11.66850307	0.0	0.0	2	1.0045221089288	-16.83777403520978	138.0	22	1.05	0.95				
	209	1	58.34251535	12.001888871999999	0.0	0.0	2	1.022363860788954	-11.773915800414983	138.0	23	1.05	0.95				
	210	1	65.01023139	13.33543208	0.0	0.0	2	1.05	-13.098685240794767	138.0	23	1.05	0.95				
	211	1	0.0	0.0	0.0	0.0	2	1.00183433577301	-9.30239241912663	230.0	23	1.05	0.95				
	212	1	0.0	0.0	0.0	0.0	2	1.0058825086337118	-8.929415722334861	230.0	23	1.05	0.95				
	213	2	88.34723753	18.002833308000003	0.0	0.0	2	0.9945548944238347	-8.380590500635726	230.0	24	1.05	0.95				
	214	2	64.67684558799999	13.002046278000002	0.0	0.0	2	1.0005442592089213	-6.824665574243915	230.0	26	1.05	0.95				
	215	2	105.68329923399999	21.336691328	0.0	0.0	2	1.0176287446271959	-0.8531735556594332	230.0	26	1.05	0.95				
	216	2	33.3385802	6.66771604	0.0	0.0	2	1.0186383249711946	-1.3242683382068237	230.0	26	1.05	0.95				
	217	1	0.0	0.0	0.0	0.0	2	1.022902536030812	0.3230553333483418	230.0	27	1.05	0.95				
	218	2	111.01747206600001	22.670234536000002	0.0	0.0	2	1.0225884345017475	0.02199002300752492	230.0	27	1.05	0.95				
	219	1	60.342830162000006	12.335274674	0.0	0.0	2	1.0193810362840805	-2.053144668645057	230.0	25	1.05	0.95				
	220	1	42.673382656	8.668030852	0.0	0.0	2	1.0218667779691415	-2.022061075747387	230.0	25	1.05	0.95				
	221	2	0.0	0.0	0.0	0.0	2	1.0245132010342677	0.5302498510115904	230.0	27	1.05	0.95				
	222	2	0.0	0.0	0.0	0.0	2	1.0463288185918125	6.9853701427399235	230.0	27	1.05	0.95				
	223	2	0.0	0.0	0.0	0.0	2	1.0233607763110015	-1.7447292262417216	230.0	25	1.05	0.95				
	224	1	0.0	0.0	0.0	0.0	2	1.0063122245863247	-4.169242251089461	230.0	26	1.05	0.95				
	301	2	41.95634293894737	8.546662450526316	0.0	0.0	3	1.0124704788540986	4.2930089344234315	138.0	31	1.05	0.95				
	302	2	37.68301171368421	7.769693136842106	0.0	0.0	3	1.0123114920025627	4.167222036619396	138.0	32	1.05	0.95				
	303	1	69.92723823157895	14.373932303157893	0.0	0.0	3	1.0342071001291075	11.129618308432821	138.0	31	1.05	0.95				
	304	1	28.747864606315787	5.827269852631579	0.0	0.0	3	1.0149404345298036	5.926601398438692	138.0	31	1.05	0.95				
	305	1	27.582410635789472	5.438785195789475	0.0	0.0	3	1.0265313865966466	4.118071921423552	138.0	31	1.05	0.95				
	306	1	52.833913330526315	10.87757039157895	0.0	-100.0	3	1.0426720085302568	3.555517753216345	138.0	32	1.05	0.95				
	307	2	48.56058210526316	9.712116421052631	0.0	0.0	3	0.9694394399965477	0.42878962898897593	138.0	32	1.05	0.95				
	308	1	66.43087632	13.596962989473681	0.0	0.0	3	0.9880440313590657	2.045813608699402	138.0	32	1.05	0.95				
	309	1	67.98481494736842	13.985447646315787	0.0	0.0	3	1.0292536192346957	8.945586504637886	138.0	33	1.05	0.95				
	310	1	75.75450808421053	15.539386273684212	0.0	0.0	3	1.05	5.19553571309818	138.0	33	1.05	0.95				
	311	1	0.0	0.0	0.0	0.0	3	1.0069538779144276	9.751738214077298	230.0	33	1.05	0.95				
	312	1	0.0	0.0	0.0	0.0	3	1.0137614648765876	9.851243777389879	230.0	33	1.05	0.95				
	313	2	102.9484340631579	20.978171469473686	0.0	0.0	3	1.0102749694804922	12.164279961071843	230.0	34	1.05	0.95				
	314	2	75.36602342736842	15.150901616842106	0.0	0.0	3	0.9974715169458542	10.457608844502888	230.0	36	1.05	0.95				
	315	2	123.14963621894736	24.863018037894737	0.0	0.0	3	1.0264108832791203	13.652604360942814	230.0	36	1.05	0.95				
	316	2	38.848465684210524	7.769693136842106	0.0	0.0	3	1.0227170700461103	13.744941094450693	230.0	36	1.05	0.95				
	317	1	0.0	0.0	0.0	0.0	3	1.0455560526583967	18.76724038445824	230.0	37	1.05	0.95				
	318	2	129.36539072842106	26.416956665263157	0.0	0.0	3	1.045673136019491	15.500684667940815	230.0	37	1.05	0.95				
	319	1	70.31572288842105	14.373932303157893	0.0	0.0	3	1.0181397642972747	12.296818049869344	230.0	35	1.05	0.95				
	320	1	49.72603607578947	10.100601077894737	0.0	0.0	3	1.0169649561252783	11.804088565403871	230.0	35	1.05	0.95				
	321	2	0.0	0.0	0.0	0.0	3	1.0410718376335182	15.55752887247063	230.0	37	1.05	0.95				
	322	2	0.0	0.0	0.0	0.0	3	1.05	21.146512353369747	230.0	37	1.05	0.95				
	323	2	0.0	0.0	0.0	0.0	3	1.0166678520242425	11.83852670193325	230.0	35	1.05	0.95				
	324	1	0.0	0.0	0.0	0.0	3	1.0239260481387111	12.690019217609715	230.0	36	1.05	0.95				
	325	1	0.0	0.0	0.0	0.0	3	1.01926181202363	12.018887143028191	230.0	35	1.05	0.95				
];
