%% MATPOWER Case Format : Version 2
function mpc = RTS_GMLC
mpc.version = '2';

%%-----  Power Flow Data  -----%%
%% system MVA base
mpc.baseMVA = 100.0;
%% bus data
%    bus_i    type    Pd    Qd    Gs    Bs    area    Vm    Va    baseKV    zone    Vmax    Vmin
mpc.bus = [
	101	2	41.348342387368426	8.42281048631579	0.0	0.0	1	1.0308326060494897	0.029518110985703058	138.0	11	1.05	0.95				
	102	2	37.13693714421053	7.657100442105263	0.0	0.0	1	1.0292702283373258	-0.37887641282462026	138.0	12	1.05	0.95				
	103	1	68.91390397894737	14.165635817894737	0.0	0.0	1	1.0295369805734778	0.04397732577137081	138.0	11	1.05	0.95				
	104	1	28.331271635789474	5.742825331578947	0.0	0.0	1	1.0238821614395408	-1.9177827164304742	138.0	11	1.05	0.95				
	105	1	27.182706569473687	5.359970309473685	0.0	0.0	1	1.035473088815739	-2.5404420611031413	138.0	11	1.05	0.95				
	106	1	52.068283006315795	10.71994061894737	0.0	-100.0	1	1.0462058059707253	-4.460005008747857	138.0	12	1.05	0.95				
	107	2	47.8568777631579	9.57137555263158	0.0	0.0	1	1.0025448233151744	-9.27478980380021	138.0	12	1.05	0.95				
	108	1	65.46820878	13.39992577368421	0.0	0.0	1	1.0070053172220446	-7.956169498841179	138.0	12	1.05	0.95				
	109	1	66.99962886842106	13.782780795789474	0.0	0.0	1	1.0244911172377391	-2.7756262029970595	138.0	13	1.05	0.95				
	110	1	74.65672931052632	15.314200884210527	0.0	0.0	1	1.05	-3.92801687860983	138.0	13	1.05	0.95				
	111	1	0.0	0.0	0.0	0.0	1	1.0016013047861216	-0.9898886667803686	230.0	13	1.05	0.95				
	112	1	0.0	0.0	0.0	0.0	1	1.0058862738911987	-1.3262186253174235	230.0	13	1.05	0.95				
	113	3	101.45658085789474	20.674171193684213	0.0	0.0	1	0.9935205477618854	-2.3434706730839574e-30	230.0	14	1.05	0.95				
	114	2	74.27387428842106	14.931345862105264	0.0	0.0	1	0.9972718349935209	0.6625166739652731	230.0	16	1.05	0.95				
	115	2	121.36504200736842	24.502721414736843	0.0	0.0	1	1.0295102688194084	6.344157011443529	230.0	16	1.05	0.95				
	116	2	38.28550221052632	7.657100442105263	0.0	0.0	1	1.025267217343345	5.238923793529872	230.0	16	1.05	0.95				
	117	1	0.0	0.0	0.0	0.0	1	1.0333416602576706	8.596498498031385	230.0	17	1.05	0.95				
	118	2	127.49072236105263	26.034141503157898	0.0	0.0	1	1.0364192641309915	9.29279948169119	230.0	17	1.05	0.95				
	119	1	69.29675900105264	14.165635817894737	0.0	0.0	1	1.0155454631854208	3.0092324799092736	230.0	15	1.05	0.95				
	120	1	49.00544282947369	9.954230574736842	0.0	0.0	1	1.0099592775969608	1.513051970241013	230.0	15	1.05	0.95				
	121	2	0.0	0.0	0.0	0.0	1	1.0385556340239217	10.672188083255906	230.0	17	1.05	0.95				
	122	2	0.0	0.0	0.0	0.0	1	1.05	16.80730175299911	230.0	17	1.05	0.95				
	123	2	0.0	0.0	0.0	0.0	1	1.0073308589805487	0.9904970373300526	230.0	15	1.05	0.95				
	124	1	0.0	0.0	0.0	0.0	1	1.0210902756909026	3.962351475306984	230.0	16	1.05	0.95				
	201	2	38.810640656842104	7.905871244912281	0.0	0.0	2	1.0179940241622027	-10.921641230335723	138.0	21	1.05	0.95				
	202	2	34.85770503438596	7.187155677192983	0.0	0.0	2	1.0171478368286844	-11.162085673096707	138.0	22	1.05	0.95				
	203	1	64.68440109473684	13.296238002807018	0.0	0.0	2	1.0148806995316584	-8.43508342771349	138.0	21	1.05	0.95				
	204	1	26.592476005614035	5.3903667578947365	0.0	0.0	2	1.0147462193871017	-10.780126299385042	138.0	21	1.05	0.95				
	205	1	25.514402654035084	5.031008974035088	0.0	0.0	2	1.0297720509716468	-11.07397837619422	138.0	21	1.05	0.95				
	206	1	48.87265860491228	10.062017948070176	0.0	-100.0	2	1.0446957264888515	-11.628712263020837	138.0	22	1.05	0.95				
	207	2	44.919722982456136	8.983944596491227	0.0	0.0	2	1.0009485302270646	-15.913126693879104	138.0	22	1.05	0.95				
	208	1	61.45018104	12.577522435087719	0.0	0.0	2	1.0061507359196529	-14.318668078309729	138.0	22	1.05	0.95				
	209	1	62.88761217543859	12.936880218947366	0.0	0.0	2	1.0226333238822045	-8.974539214185619	138.0	23	1.05	0.95				
	210	1	70.07476785263158	14.374311354385966	0.0	0.0	2	1.05	-10.069693666677162	138.0	23	1.05	0.95				
	211	1	0.0	0.0	0.0	0.0	2	0.9996324704844378	-7.138730253738807	230.0	23	1.05	0.95				
	212	1	0.0	0.0	0.0	0.0	2	1.0052724583924817	-3.7761500725201422	230.0	23	1.05	0.95				
	213	2	95.22981272280701	19.405320328421052	0.0	0.0	2	0.9905288201428561	-5.7327848067131	230.0	24	1.05	0.95				
	214	2	69.71541006877192	14.014953570526318	0.0	0.0	2	0.9951961033565604	-5.816628572673617	230.0	26	1.05	0.95				
	215	2	113.91641748350875	22.998898167017543	0.0	0.0	2	1.011742788910154	-0.6091775894106499	230.0	26	1.05	0.95				
	216	2	35.93577838596491	7.187155677192983	0.0	0.0	2	1.0091437592066914	-1.7167811348136441	230.0	26	1.05	0.95				
	217	1	0.0	0.0	0.0	0.0	2	1.0155602259318661	-0.0215179475494908	230.0	27	1.05	0.95				
	218	2	119.66614202526316	24.43632930245614	0.0	0.0	2	1.0156211077501411	-0.2226160479365426	230.0	27	1.05	0.95				
	219	1	65.04375887859649	13.296238002807018	0.0	0.0	2	1.0046092655340086	-2.670195281903703	230.0	25	1.05	0.95				
	220	1	45.99779633403509	9.343302380350877	0.0	0.0	2	1.0029756578051476	-2.768649201697582	230.0	25	1.05	0.95				
	221	2	0.0	0.0	0.0	0.0	2	1.0178804847085026	0.45234958048340196	230.0	27	1.05	0.95				
	222	2	0.0	0.0	0.0	0.0	2	1.0397032571369034	6.887849065363749	230.0	27	1.05	0.95				
	223	2	0.0	0.0	0.0	0.0	2	1.002364147799339	-2.5309540630221834	230.0	25	1.05	0.95				
	224	1	0.0	0.0	0.0	0.0	2	1.0031621427330675	-3.58005269317762	230.0	26	1.05	0.95				
	301	2	45.15090161684211	9.197405884912282	0.0	0.0	3	1.0061727132890004	0.43163502383514757	138.0	31	1.05	0.95				
	302	2	40.55219867438596	8.361278077192983	0.0	0.0	3	1.0060904040544036	0.3382327838132729	138.0	32	1.05	0.95				
	303	1	75.25150269473684	15.468364442807017	0.0	0.0	3	1.020496528483378	4.861004835442953	138.0	31	1.05	0.95				
	304	1	30.936728885614034	6.270958557894738	0.0	0.0	3	1.0092228943290549	1.65206938992979	138.0	31	1.05	0.95				
	305	1	29.68253717403509	5.852894654035088	0.0	0.0	3	1.0225684762581926	1.2073635182836444	138.0	31	1.05	0.95				
	306	1	56.85669092491229	11.705789308070177	0.0	-100.0	3	1.0402527420728194	1.1334916013578935	138.0	32	1.05	0.95				
	307	2	52.25798798245614	10.45159759649123	0.0	0.0	3	0.9905582196615585	-2.380124060364131	138.0	32	1.05	0.95				
	308	1	71.48892756000001	14.63223663508772	0.0	0.0	3	1.0011840362992126	-0.5633938007688906	138.0	32	1.05	0.95				
	309	1	73.16118317543861	15.05030053894737	0.0	0.0	3	1.0247030904196262	4.445402520217201	138.0	33	1.05	0.95				
	310	1	81.52246125263159	16.722556154385966	0.0	0.0	3	1.05	3.3278672969615313	138.0	33	1.05	0.95				
	311	1	0.0	0.0	0.0	0.0	3	1.0022593735265086	7.221775177552814	230.0	33	1.05	0.95				
	312	1	0.0	0.0	0.0	0.0	3	1.0103244951792765	7.696654288520003	230.0	33	1.05	0.95				
	313	2	110.78693452280702	22.575450808421056	0.0	0.0	3	1.0064983148451336	10.34100859373827	230.0	34	1.05	0.95				
	314	2	81.10439734877193	16.304492250526316	0.0	0.0	3	0.9912451218309225	7.969552612672424	230.0	36	1.05	0.95				
	315	2	132.52625752350878	26.756089847017545	0.0	0.0	3	1.007919720862504	5.4086322380002665	230.0	36	1.05	0.95				
	316	2	41.80639038596492	8.361278077192983	0.0	0.0	3	1.0061685307547528	5.927594976343231	230.0	36	1.05	0.95				
	317	1	0.0	0.0	0.0	0.0	3	1.0130021267420892	6.070916651989273	230.0	37	1.05	0.95				
	318	2	139.21527998526318	28.428345462456146	0.0	0.0	3	1.0113820069442196	4.829690339106137	230.0	37	1.05	0.95				
	319	1	75.66956659859649	15.468364442807017	0.0	0.0	3	1.0082934864069328	7.548774234683414	230.0	35	1.05	0.95				
	320	1	53.51217969403509	10.869661500350878	0.0	0.0	3	1.0095090635768713	8.12928996101052	230.0	35	1.05	0.95				
	321	2	0.0	0.0	0.0	0.0	3	1.0123041872516314	5.616766478577916	230.0	37	1.05	0.95				
	322	2	0.0	0.0	0.0	0.0	3	1.02637460054728	10.303611975382928	230.0	37	1.05	0.95				
	323	2	0.0	0.0	0.0	0.0	3	1.0101868861554237	8.509299958839577	230.0	35	1.05	0.95				
	324	1	0.0	0.0	0.0	0.0	3	1.0111696756713258	7.274845963791598	230.0	36	1.05	0.95				
	325	1	0.0	0.0	0.0	0.0	3	1.0129850746055593	8.709652606102784	230.0	35	1.05	0.95				
];
