%% MATPOWER Case Format : Version 2
function mpc = RTS_GMLC
mpc.version = '2';

%%-----  Power Flow Data  -----%%
%% system MVA base
mpc.baseMVA = 100.0;
%% bus data
%    bus_i    type    Pd    Qd    Gs    Bs    area    Vm    Va    baseKV    zone    Vmax    Vmin
mpc.bus = [
	101	2	41.96288967157895	8.547996044210528	0.0	0.0	1	1.0133008235648433	-3.3040971726471926	138.0	11	1.05	0.95				
	102	2	37.68889164947369	7.770905494736843	0.0	0.0	1	1.0132032862523415	-3.5450381562828968	138.0	12	1.05	0.95				
	103	1	69.93814945263158	14.376175165263158	0.0	0.0	1	1.0028069912632964	1.8495899900921033	138.0	11	1.05	0.95				
	104	1	28.752350330526316	5.8281791210526315	0.0	0.0	1	1.0036282186261622	-3.5592839995721963	138.0	11	1.05	0.95				
	105	1	27.58671450631579	5.4396338463157905	0.0	0.0	1	1.0176796798553758	-4.661936835182314	138.0	11	1.05	0.95				
	106	1	52.84215736421054	10.879267692631581	0.0	-100.0	1	1.0281036516815243	-5.899744755847704	138.0	12	1.05	0.95				
	107	2	48.56815934210527	9.713631868421054	0.0	0.0	1	0.9865174949391528	-11.189409026405148	138.0	12	1.05	0.95				
	108	1	66.44124198000002	13.599084615789476	0.0	0.0	1	0.9879440864803161	-9.301754164081006	138.0	12	1.05	0.95				
	109	1	67.99542307894737	13.987629890526316	0.0	0.0	1	1.0023630158731778	-2.801639859283211	138.0	13	1.05	0.95				
	110	1	75.76632857368422	15.541810989473687	0.0	0.0	1	1.0312867499758152	-4.756983622534928	138.0	13	1.05	0.95				
	111	1	0.0	0.0	0.0	0.0	1	0.9820414475074463	-0.2188567276611169	230.0	13	1.05	0.95				
	112	1	0.0	0.0	0.0	0.0	1	0.983535649525561	-1.2360203559037042	230.0	13	1.05	0.95				
	113	3	102.96449780526315	20.981444835789475	0.0	0.0	1	0.9641937573709876	-1.069102022070482e-28	230.0	14	1.05	0.95				
	114	2	75.37778329894738	15.153265714736843	0.0	0.0	1	0.9910595697234373	3.2864247550900045	230.0	16	1.05	0.95				
	115	2	123.16885209157896	24.8668975831579	0.0	0.0	1	0.9909666098484441	12.60658385870478	230.0	16	1.05	0.95				
	116	2	38.854527473684215	7.770905494736843	0.0	0.0	1	0.9892090651901779	10.93532819149756	230.0	16	1.05	0.95				
	117	1	0.0	0.0	0.0	0.0	1	0.991920871149695	16.84002410057789	230.0	17	1.05	0.95				
	118	2	129.38557648736844	26.42107868210527	0.0	0.0	1	1.0008175167581257	17.44382383253615	230.0	17	1.05	0.95				
	119	1	70.32669472736843	14.376175165263158	0.0	0.0	1	0.9889788377988802	6.987302472734316	230.0	15	1.05	0.95				
	120	1	49.7337951663158	10.102177143157896	0.0	0.0	1	0.9940538267994414	3.882277454744219	230.0	15	1.05	0.95				
	121	2	0.0	0.0	0.0	0.0	1	1.0015444310140955	18.689907772866892	230.0	17	1.05	0.95				
	122	2	0.0	0.0	0.0	0.0	1	1.0069174981812425	36.19734324291342	230.0	17	1.05	0.95				
	123	2	0.0	0.0	0.0	0.0	1	0.998065398937563	2.5043118007458363	230.0	15	1.05	0.95				
	124	1	0.0	0.0	0.0	0.0	1	0.9825968427241922	8.487687795785146	230.0	16	1.05	0.95				
	201	2	43.33259876210526	8.827010858947368	0.0	0.0	2	1.0108865588169007	-15.495728743638582	138.0	21	1.05	0.95				
	202	2	38.919093332631576	8.02455532631579	0.0	0.0	2	1.009867597815967	-15.717696503113546	138.0	22	1.05	0.95				
	203	1	72.2209979368421	14.84542735368421	0.0	0.0	2	0.9969633029196767	-11.448735205145525	138.0	21	1.05	0.95				
	204	1	29.69085470736842	6.018416494736841	0.0	0.0	2	1.0004667518053567	-14.89543083568971	138.0	21	1.05	0.95				
	205	1	28.487171408421048	5.617188728421053	0.0	0.0	2	1.0170754633593915	-15.370167023209321	138.0	21	1.05	0.95				
	206	1	54.566976218947374	11.234377456842106	0.0	-100.0	2	1.0285072039862506	-15.811604968007172	138.0	22	1.05	0.95				
	207	2	50.15347078947367	10.030694157894736	0.0	0.0	2	0.9719805557017698	-20.606594782017773	138.0	22	1.05	0.95				
	208	1	68.60994803999999	14.04297182105263	0.0	0.0	2	0.9800261998141702	-18.75503095667834	138.0	22	1.05	0.95				
	209	1	70.21485910526314	14.44419958736842	0.0	0.0	2	1.004770798058167	-12.503004100745132	138.0	23	1.05	0.95				
	210	1	78.23941443157894	16.04911065263158	0.0	0.0	2	1.033026073194664	-13.916467331173108	138.0	23	1.05	0.95				
	211	1	0.0	0.0	0.0	0.0	2	0.9866289260279045	-9.84517804935422	230.0	23	1.05	0.95				
	212	1	0.0	0.0	0.0	0.0	2	0.9866715089569502	-7.0811691347166	230.0	23	1.05	0.95				
	213	2	106.3253580736842	21.66629938105263	0.0	0.0	2	0.9830076757568555	-7.88462332171213	230.0	24	1.05	0.95				
	214	2	77.83818666526315	15.64788288631579	0.0	0.0	2	0.984433994615438	-8.055734773026561	230.0	26	1.05	0.95				
	215	2	127.18920192210525	25.678577044210527	0.0	0.0	2	0.9916012574613695	-2.207543548257634	230.0	26	1.05	0.95				
	216	2	40.122776631578944	8.02455532631579	0.0	0.0	2	0.9899303747111655	-2.865004899201591	230.0	26	1.05	0.95				
	217	1	0.0	0.0	0.0	0.0	2	1.0003042199117416	-1.3071367853929265	230.0	27	1.05	0.95				
	218	2	133.60884618315788	27.283488109473687	0.0	0.0	2	1.001625761226443	-1.8556715863896145	230.0	27	1.05	0.95				
	219	1	72.6222257031579	14.84542735368421	0.0	0.0	2	0.9836274338657145	-2.584675363028962	230.0	25	1.05	0.95				
	220	1	51.357154088421055	10.431921924210526	0.0	0.0	2	0.981068482627805	-1.484750830869726	230.0	25	1.05	0.95				
	221	2	0.0	0.0	0.0	0.0	2	1.00397723866571	-1.3617753556733554	230.0	27	1.05	0.95				
	222	2	0.0	0.0	0.0	0.0	2	1.0216123829753687	3.6905163813966504	230.0	27	1.05	0.95				
	223	2	0.0	0.0	0.0	0.0	2	0.9805717282262613	-0.5379617725068369	230.0	25	1.05	0.95				
	224	1	0.0	0.0	0.0	0.0	2	0.9825581008058999	-5.724310943419322	230.0	26	1.05	0.95				
	301	2	64.18158809684212	13.07402720491228	0.0	0.0	3	1.0034418768506292	23.864187935528015	138.0	31	1.05	0.95				
	302	2	57.64457449438597	11.885479277192983	0.0	0.0	3	1.0037936402864402	23.55856509850583	138.0	32	1.05	0.95				
	303	1	106.96931349473684	21.98813666280702	0.0	0.0	3	1.0154204765647867	36.70080246378871	138.0	31	1.05	0.95				
	304	1	43.97627332561404	8.914109457894737	0.0	0.0	3	0.9940473458619251	25.4990805884452	138.0	31	1.05	0.95				
	305	1	42.19345143403509	8.319835494035088	0.0	0.0	3	1.0105195768635917	23.835805759283545	138.0	31	1.05	0.95				
	306	1	80.82125908491228	16.639670988070176	0.0	-100.0	3	1.0213860556641068	23.136170345735195	138.0	32	1.05	0.95				
	307	2	74.28424548245614	14.856849096491228	0.0	0.0	3	0.9668481923682168	19.991886859058763	138.0	32	1.05	0.95				
	308	1	101.62084782000001	20.799588735087717	0.0	0.0	3	0.9784502183624507	22.765620283376993	138.0	32	1.05	0.95				
	309	1	103.99794367543859	21.39386269894737	0.0	0.0	3	1.0071929417373975	29.612755519813387	138.0	33	1.05	0.95				
	310	1	115.88342295263159	23.770958554385967	0.0	0.0	3	1.0331978338025316	25.769542382011053	138.0	33	1.05	0.95				
	311	1	0.0	0.0	0.0	0.0	3	0.993446442527531	30.88044182536679	230.0	33	1.05	0.95				
	312	1	0.0	0.0	0.0	0.0	3	1.0004602077933396	31.443488124741933	230.0	33	1.05	0.95				
	313	2	157.48260042280702	32.09079404842106	0.0	0.0	3	1.0043170080051973	35.443110226774536	230.0	34	1.05	0.95				
	314	2	115.28914898877194	23.176684590526317	0.0	0.0	3	0.9863334760736902	30.12968412118122	230.0	36	1.05	0.95				
	315	2	188.3848465435088	38.033533687017545	0.0	0.0	3	0.9867395512508513	27.51415996091255	230.0	36	1.05	0.95				
	316	2	59.42739638596491	11.885479277192983	0.0	0.0	3	0.9795669541908203	28.258235178771653	230.0	36	1.05	0.95				
	317	1	0.0	0.0	0.0	0.0	3	0.9913506194056101	29.666262278724993	230.0	37	1.05	0.95				
	318	2	197.89322996526317	40.41062954245614	0.0	0.0	3	0.9846760285728522	25.76127156686489	230.0	37	1.05	0.95				
	319	1	107.56358745859649	21.98813666280702	0.0	0.0	3	0.9891230758324663	28.814439607380937	230.0	35	1.05	0.95				
	320	1	76.06706737403509	15.451123060350877	0.0	0.0	3	0.9992604607106956	29.049312412300704	230.0	35	1.05	0.95				
	321	2	0.0	0.0	0.0	0.0	3	0.9937012401157982	26.825187847837856	230.0	37	1.05	0.95				
	322	2	0.0	0.0	0.0	0.0	3	1.010944570413502	30.739827805082406	230.0	37	1.05	0.95				
	323	2	0.0	0.0	0.0	0.0	3	1.0047584823781759	29.004419461064245	230.0	35	1.05	0.95				
	324	1	0.0	0.0	0.0	0.0	3	0.9969191576152798	32.5444153783296	230.0	36	1.05	0.95				
