%% MATPOWER Case Format : Version 2
function mpc = RTS_GMLC
mpc.version = '2';

%%-----  Power Flow Data  -----%%
%% system MVA base
mpc.baseMVA = 100.0;
%% bus data
%    bus_i    type    Pd    Qd    Gs    Bs    area    Vm    Va    baseKV    zone    Vmax    Vmin
mpc.bus = [
	101	2	44.781791191578954	9.122216724210526	0.0	0.0	1	1.0338146010612015	2.576965982761436	138.0	11	1.05	0.95				
	102	2	40.22068282947368	8.292924294736842	0.0	0.0	1	1.0334269181010363	2.4572541454177244	138.0	12	1.05	0.95				
	103	1	74.63631865263159	15.341909945263158	0.0	0.0	1	1.028766486283513	-0.39034076042663457	138.0	11	1.05	0.95				
	104	1	30.683819890526316	6.219693221052632	0.0	0.0	1	1.02189087444775	-0.9525823805868664	138.0	11	1.05	0.95				
	105	1	29.439881246315785	5.805047006315791	0.0	0.0	1	1.0361222609038054	-0.6449514220046361	138.0	11	1.05	0.95				
	106	1	56.39188520421053	11.610094012631581	0.0	-100.0	1	1.0457777098601226	-2.8757478564617696	138.0	12	1.05	0.95				
	107	2	51.830776842105266	10.366155368421053	0.0	0.0	1	1.0022386631278724	-7.238440515673647	138.0	12	1.05	0.95				
	108	1	70.90450272	14.512617515789472	0.0	0.0	1	1.0064969042737186	-6.460307781829829	138.0	12	1.05	0.95				
	109	1	72.56308757894737	14.927263730526317	0.0	0.0	1	1.0252889078279739	-2.0643599916954725	138.0	13	1.05	0.95				
	110	1	80.85601187368421	16.585848589473684	0.0	0.0	1	1.05	-2.605729949408671	138.0	13	1.05	0.95				
	111	1	0.0	0.0	0.0	0.0	1	1.0035598135037613	-0.5610848775750106	230.0	13	1.05	0.95				
	112	1	0.0	0.0	0.0	0.0	1	1.0088032652405847	0.17357931600712156	230.0	13	1.05	0.95				
	113	3	109.88124690526315	22.390895595789477	0.0	0.0	1	0.9951910598009476	-1.7825728131485505e-29	230.0	14	1.05	0.95				
	114	2	80.44136565894736	16.171202374736843	0.0	0.0	1	0.9993905599086477	0.8501613557212433	230.0	16	1.05	0.95				
	115	2	131.44285007157893	26.537357743157898	0.0	0.0	1	1.0384090565600177	5.1112955979678505	230.0	16	1.05	0.95				
	116	2	41.46462147368421	8.292924294736842	0.0	0.0	1	1.0339088795904483	5.232364679006099	230.0	16	1.05	0.95				
	117	1	0.0	0.0	0.0	0.0	1	1.0423699602039806	6.313127199278646	230.0	17	1.05	0.95				
	118	2	138.07718950736842	28.195942602105266	0.0	0.0	1	1.0452118413088702	5.863445790565261	230.0	17	1.05	0.95				
	119	1	75.05096486736842	15.341909945263158	0.0	0.0	1	1.0284629909309926	5.082062843136979	230.0	15	1.05	0.95				
	120	1	53.074715486315796	10.780801583157896	0.0	0.0	1	1.0264145610204685	5.758418084890985	230.0	15	1.05	0.95				
	121	2	0.0	0.0	0.0	0.0	1	1.05	6.392199903440602	230.0	17	1.05	0.95				
	122	2	0.0	0.0	0.0	0.0	1	1.05	14.073167859961618	230.0	17	1.05	0.95				
	123	2	0.0	0.0	0.0	0.0	1	1.0259503187408867	6.452480496866435	230.0	15	1.05	0.95				
	124	1	0.0	0.0	0.0	0.0	1	1.026995962577249	3.05871751868543	230.0	16	1.05	0.95				
	201	2	46.95356523789474	9.564615141052633	0.0	0.0	2	1.028840039078339	-5.785297363444293	138.0	21	1.05	0.95				
	202	2	42.17125766736842	8.695104673684211	0.0	0.0	2	1.029206044165804	-5.749235416658714	138.0	22	1.05	0.95				
	203	1	78.2559420631579	16.08594364631579	0.0	0.0	2	1.0199816819676553	-6.045953395231037	138.0	21	1.05	0.95				
	204	1	32.17188729263158	6.521328505263158	0.0	0.0	2	1.0189233805477018	-8.22988357741843	138.0	21	1.05	0.95				
	205	1	30.86762159157895	6.086573271578948	0.0	0.0	2	1.033809412239093	-8.300912122819271	138.0	21	1.05	0.95				
	206	1	59.12671178105264	12.173146543157896	0.0	-100.0	2	1.0446453272619414	-10.122041132925444	138.0	22	1.05	0.95				
	207	2	54.34440421052632	10.868880842105263	0.0	0.0	2	0.9870513302515466	-16.74401175067654	138.0	22	1.05	0.95				
	208	1	74.34314495999999	15.216433178947367	0.0	0.0	2	0.9952155505365204	-14.791642875120296	138.0	22	1.05	0.95				
	209	1	76.08216589473685	15.651188412631578	0.0	0.0	2	1.0232071856732623	-8.482769706167552	138.0	23	1.05	0.95				
	210	1	84.77727056842105	17.390209347368422	0.0	0.0	2	1.05	-9.464095260983623	138.0	23	1.05	0.95				
	211	1	0.0	0.0	0.0	0.0	2	1.0056278180931002	-5.99812932391708	230.0	23	1.05	0.95				
	212	1	0.0	0.0	0.0	0.0	2	1.0114424144568255	-5.83403017566561	230.0	23	1.05	0.95				
	213	2	115.21013692631578	23.47678261894737	0.0	0.0	2	0.9996174025319043	-5.560401709100953	230.0	24	1.05	0.95				
	214	2	84.34251533473685	16.955454113684212	0.0	0.0	2	1.006202222950083	-3.297706546758874	230.0	26	1.05	0.95				
	215	2	137.81740907789475	27.824334955789475	0.0	0.0	2	1.0300467348287146	3.3765962148241564	230.0	26	1.05	0.95				
	216	2	43.47552336842105	8.695104673684211	0.0	0.0	2	1.0322312556168851	3.072205259540292	230.0	26	1.05	0.95				
	217	1	0.0	0.0	0.0	0.0	2	1.0371283372783615	6.106933093816778	230.0	27	1.05	0.95				
	218	2	144.77349281684212	29.56335589052632	0.0	0.0	2	1.039273056496669	6.791432451493402	230.0	27	1.05	0.95				
	219	1	78.6906972968421	16.08594364631579	0.0	0.0	2	1.0323925154665514	1.4418912789422518	230.0	25	1.05	0.95				
	220	1	55.64866991157895	11.303636075789475	0.0	0.0	2	1.035886393046871	0.8675221575178529	230.0	25	1.05	0.95				
	221	2	0.0	0.0	0.0	0.0	2	1.0387164768406012	6.402766571812989	230.0	27	1.05	0.95				
	222	2	0.0	0.0	0.0	0.0	2	1.05	12.787401598425634	230.0	27	1.05	0.95				
	223	2	0.0	0.0	0.0	0.0	2	1.0383118349517233	0.8798951528881291	230.0	25	1.05	0.95				
	224	1	0.0	0.0	0.0	0.0	2	1.0145893203229797	-0.15242334785478961	230.0	26	1.05	0.95				
	301	2	63.99367287157895	13.03574817754386	0.0	0.0	3	1.009326477443985	-38.782815532118114	138.0	31	1.05	0.95				
	302	2	57.47579878280702	11.85068016140351	0.0	0.0	3	1.0086338302758375	-38.95460732192464	138.0	32	1.05	0.95				
	303	1	106.65612145263157	21.92375829859649	0.0	0.0	3	1.023225686298385	-30.430235248365143	138.0	31	1.05	0.95				
	304	1	43.84751659719298	8.88801012105263	0.0	0.0	3	1.0072556158401966	-36.95940812169408	138.0	31	1.05	0.95				
	305	1	42.069914572982455	8.295476112982456	0.0	0.0	3	1.0215515652651233	-38.00457617282777	138.0	31	1.05	0.95				
	306	1	80.58462509754386	16.590952225964912	0.0	-100.0	3	1.035689243903182	-38.22890145020322	138.0	32	1.05	0.95				
	307	2	74.06675100877193	14.813350201754385	0.0	0.0	3	0.9941646343109286	-44.30199737061904	138.0	32	1.05	0.95				
	308	1	101.32331538	20.738690282456137	0.0	0.0	3	0.9936442036029842	-41.82208125444209	138.0	32	1.05	0.95				
	309	1	103.6934514122807	21.331224290526315	0.0	0.0	3	1.026866512300184	-32.91142084089078	138.0	33	1.05	0.95				
	310	1	115.5441315736842	23.70136032280702	0.0	0.0	3	1.05	-35.32454330850301	138.0	33	1.05	0.95				
	311	1	0.0	0.0	0.0	0.0	3	1.0201030223950054	-27.657217449691654	230.0	33	1.05	0.95				
	312	1	0.0	0.0	0.0	0.0	3	1.0177573814786527	-27.066842882470233	230.0	33	1.05	0.95				
	313	2	157.02151213859648	31.996836435789476	0.0	0.0	3	1.0290080473073753	-23.92504989789016	230.0	34	1.05	0.95				
	314	2	114.95159756561404	23.10882631473684	0.0	0.0	3	1.0340850665280965	-24.56722110228491	230.0	36	1.05	0.95				
	315	2	187.8332805582456	37.92217651649123	0.0	0.0	3	1.0493518016662078	-17.021549723419493	230.0	36	1.05	0.95				
	316	2	59.25340080701754	11.85068016140351	0.0	0.0	3	1.049116725009011	-16.627451421046587	230.0	36	1.05	0.95				
	317	1	0.0	0.0	0.0	0.0	3	1.05	-13.313070588137352	230.0	37	1.05	0.95				
	318	2	197.31382468736842	40.29231254877193	0.0	0.0	3	1.0485291238053023	-12.868059326828613	230.0	37	1.05	0.95				
	319	1	107.24865546070174	21.92375829859649	0.0	0.0	3	1.0457633949083216	-17.901241566791093	230.0	35	1.05	0.95				
	320	1	75.84435303298245	15.40588420982456	0.0	0.0	3	1.0476915075087794	-17.901903861590398	230.0	35	1.05	0.95				
	321	2	0.0	0.0	0.0	0.0	3	1.05	-12.769898329871015	230.0	37	1.05	0.95				
	322	2	0.0	0.0	0.0	0.0	3	1.05	-8.63584795223859	230.0	37	1.05	0.95				
	323	2	0.0	0.0	0.0	0.0	3	1.05	-17.469357957473107	230.0	35	1.05	0.95				
	324	1	0.0	0.0	0.0	0.0	3	1.022459598820219	-21.976709460558634	230.0	36	1.05	0.95				
	325	1	0.0	0.0	0.0	0.0	3	1.0398970209115683	-15.552924403567403	230.0	35	1.05	0.95				
];
