%% MATPOWER Case Format : Version 2
function mpc = RTS_GMLC
mpc.version = '2';

%%-----  Power Flow Data  -----%%
%% system MVA base
mpc.baseMVA = 100.0;
%% bus data
%    bus_i    type    Pd    Qd    Gs    Bs    area    Vm    Va    baseKV    zone    Vmax    Vmin
mpc.bus = [
	101	2	58.916378046315785	12.001484416842105	0.0	0.0	1	1.0423301175286765	1.5919083044385358	138.0	11	1.05	0.95				
	102	2	52.91563583789474	10.910440378947369	0.0	0.0	1	1.0417980383420633	1.410622866136656	138.0	12	1.05	0.95				
	103	1	98.19396341052632	20.18431470105263	0.0	0.0	1	1.0279020695413172	-0.5202058959822751	138.0	11	1.05	0.95				
	104	1	40.36862940210526	8.182830284210524	0.0	0.0	1	1.0240833583152114	-2.012030257049379	138.0	11	1.05	0.95				
	105	1	38.73206334526316	7.637308265263158	0.0	0.0	1	1.0384853096336566	-2.0108465392476695	138.0	11	1.05	0.95				
	106	1	74.1909945768421	15.274616530526316	0.0	-100.0	1	1.043887807746504	-4.576218006360275	138.0	12	1.05	0.95				
	107	2	68.19025236842104	13.63805047368421	0.0	0.0	1	1.0029547478913845	-9.261788071466334	138.0	12	1.05	0.95				
	108	1	93.28426524	19.093270663157895	0.0	0.0	1	1.0026155838261268	-8.539948845368626	138.0	12	1.05	0.95				
	109	1	95.46635331578948	19.63879268210526	0.0	0.0	1	1.0251048632311994	-3.0317830121701483	138.0	13	1.05	0.95				
	110	1	106.37679369473683	21.820880757894738	0.0	0.0	1	1.05	-3.984211729170137	138.0	13	1.05	0.95				
	111	1	0.0	0.0	0.0	0.0	1	1.007727031085859	-0.804825230320672	230.0	13	1.05	0.95				
	112	1	0.0	0.0	0.0	0.0	1	1.010947113173812	-0.38930710273603747	230.0	13	1.05	0.95				
	113	3	144.56333502105264	29.458189023157892	0.0	0.0	1	1.0022421289524226	5.7206526934191004e-27	230.0	14	1.05	0.95				
	114	2	105.83127167578948	21.275358738947368	0.0	0.0	1	1.0079698828143424	1.2927935457686028	230.0	16	1.05	0.95				
	115	2	172.9304800063158	34.91340921263158	0.0	0.0	1	1.0416614481547681	8.056024222062241	230.0	16	1.05	0.95				
	116	2	54.55220189473684	10.910440378947369	0.0	0.0	1	1.0379317946169195	7.486123774782762	230.0	16	1.05	0.95				
	117	1	0.0	0.0	0.0	0.0	1	1.0432284274386503	10.162920507657445	230.0	17	1.05	0.95				
	118	2	181.6588323094737	37.09549728842105	0.0	0.0	1	1.0465013632328797	10.171761459713245	230.0	17	1.05	0.95				
	119	1	98.73948542947369	20.18431470105263	0.0	0.0	1	1.0301309533816654	6.046671887057383	230.0	15	1.05	0.95				
	120	1	69.82681842526316	14.18357249263158	0.0	0.0	1	1.0278628358328554	5.837436872443201	230.0	15	1.05	0.95				
	121	2	0.0	0.0	0.0	0.0	1	1.05	11.430834986378622	230.0	17	1.05	0.95				
	122	2	0.0	0.0	0.0	0.0	1	1.05	20.948690207194392	230.0	17	1.05	0.95				
	123	2	0.0	0.0	0.0	0.0	1	1.0276868542942963	6.138870177161894	230.0	15	1.05	0.95				
	124	1	0.0	0.0	0.0	0.0	1	1.0256443548414358	4.85788380466764	230.0	16	1.05	0.95				
	201	2	50.676530778947374	10.322997010526317	0.0	0.0	2	1.0317062084142472	-5.876984210428903	138.0	21	1.05	0.95				
	202	2	45.515032273684206	9.384542736842105	0.0	0.0	2	1.0320879980988582	-5.824366998822923	138.0	22	1.05	0.95				
	203	1	84.46088463157895	17.361404063157895	0.0	0.0	2	1.019678491565271	-6.4089144626651535	138.0	21	1.05	0.95				
	204	1	34.72280812631579	7.0384070526315785	0.0	0.0	2	1.0197826873204945	-8.074224028745679	138.0	21	1.05	0.95				
	205	1	33.315126715789475	6.569179915789475	0.0	0.0	2	1.034955489113594	-8.131819511401604	138.0	21	1.05	0.95				
	206	1	63.81489061052632	13.13835983157895	0.0	-100.0	2	1.04453569893748	-9.836729545106985	138.0	22	1.05	0.95				
	207	2	58.65339210526316	11.730678421052632	0.0	0.0	2	0.9900039913293416	-16.95734284582133	138.0	22	1.05	0.95				
	208	1	80.2378404	16.422949789473684	0.0	0.0	2	0.9955115878218224	-14.806295079343903	138.0	22	1.05	0.95				
	209	1	82.11474894736843	16.892176926315788	0.0	0.0	2	1.023449178486187	-8.005824548259872	138.0	23	1.05	0.95				
	210	1	91.49929168421053	18.76908547368421	0.0	0.0	2	1.05	-8.930356205309161	138.0	23	1.05	0.95				
	211	1	0.0	0.0	0.0	0.0	2	1.0064926796583396	-5.137145990881328	230.0	23	1.05	0.95				
	212	1	0.0	0.0	0.0	0.0	2	1.0090047852505755	-4.371870233261501	230.0	23	1.05	0.95				
	213	2	124.34519126315789	25.338265389473687	0.0	0.0	2	1.001117619704713	-4.013061828477453	230.0	24	1.05	0.95				
	214	2	91.03006454736841	18.299858336842107	0.0	0.0	2	1.0082071636307486	-2.6870822079146874	230.0	26	1.05	0.95				
	215	2	148.74500237894736	30.030536757894737	0.0	0.0	2	1.0301447280906266	3.6797603148734574	230.0	26	1.05	0.95				
	216	2	46.92271368421053	9.384542736842105	0.0	0.0	2	1.0302834162632406	3.596799375102154	230.0	26	1.05	0.95				
	217	1	0.0	0.0	0.0	0.0	2	1.035896416403233	6.0182029815148415	230.0	27	1.05	0.95				
	218	2	156.25263656842105	31.90744530526316	0.0	0.0	2	1.0372037954431708	6.418554160346138	230.0	27	1.05	0.95				
	219	1	84.93011176842106	17.361404063157895	0.0	0.0	2	1.0290515121456643	3.1926205911012895	230.0	25	1.05	0.95				
	220	1	60.061073515789474	12.199905557894738	0.0	0.0	2	1.0313110629443947	3.7504263464541485	230.0	25	1.05	0.95				
	221	2	0.0	0.0	0.0	0.0	2	1.0374155628132287	6.266562550865416	230.0	27	1.05	0.95				
	222	2	0.0	0.0	0.0	0.0	2	1.05	12.668534048138309	230.0	27	1.05	0.95				
	223	2	0.0	0.0	0.0	0.0	2	1.0334243271544497	4.411970178095319	230.0	25	1.05	0.95				
	224	1	0.0	0.0	0.0	0.0	2	1.0137544321317	-0.09840538419435368	230.0	26	1.05	0.95				
	301	2	51.300854147368426	10.450173992982455	0.0	0.0	3	1.0094896274761178	-14.362204561221619	138.0	31	1.05	0.95				
	302	2	46.07576715087719	9.500158175438596	0.0	0.0	3	1.0088181183212863	-14.518906106091965	138.0	32	1.05	0.95				
	303	1	85.50142357894737	17.5752926245614	0.0	0.0	3	1.0299352260860792	-7.346445986471741	138.0	31	1.05	0.95				
	304	1	35.1505852491228	7.125118631578946	0.0	0.0	3	1.0099636182335343	-13.072302156744366	138.0	31	1.05	0.95				
	305	1	33.72556152280701	6.6501107228070175	0.0	0.0	3	1.0235539343489821	-13.88774472184214	138.0	31	1.05	0.95				
	306	1	64.60107559298245	13.300221445614035	0.0	-100.0	3	1.0392897580430436	-14.178877006002049	138.0	32	1.05	0.95				
	307	2	59.375988596491226	11.875197719298244	0.0	0.0	3	0.9935155494186753	-19.51093003431076	138.0	32	1.05	0.95				
	308	1	81.2263524	16.625276807017542	0.0	0.0	3	0.9978758351927726	-17.327946176291853	138.0	32	1.05	0.95				
	309	1	83.12638403508771	17.10028471578947	0.0	0.0	3	1.026167060831836	-9.94449221117604	138.0	33	1.05	0.95				
	310	1	92.62654221052631	19.000316350877192	0.0	0.0	3	1.05	-11.885835896446178	138.0	33	1.05	0.95				
	311	1	0.0	0.0	0.0	0.0	3	1.009317973127299	-6.131021980181352	230.0	33	1.05	0.95				
	312	1	0.0	0.0	0.0	0.0	3	1.0119448083376337	-5.750111773209161	230.0	33	1.05	0.95				
	313	2	125.8770958245614	25.650427073684213	0.0	0.0	3	1.0112918852266484	-2.7753775062317927	230.0	34	1.05	0.95				
	314	2	92.15153430175438	18.525308442105263	0.0	0.0	3	1.0117345570175527	-4.197966089924823	230.0	36	1.05	0.95				
	315	2	150.57750708070174	30.400506161403506	0.0	0.0	3	1.032973800529323	-0.9135965126998286	230.0	36	1.05	0.95				
	316	2	47.500790877192976	9.500158175438596	0.0	0.0	3	1.0325105288134064	-0.12226853672921842	230.0	36	1.05	0.95				
	317	1	0.0	0.0	0.0	0.0	3	1.0385916996962818	1.5665805459774844	230.0	37	1.05	0.95				
	318	2	158.17763362105262	32.30053779649123	0.0	0.0	3	1.0361970835675496	0.8338378031044362	230.0	37	1.05	0.95				
	319	1	85.9764314877193	17.5752926245614	0.0	0.0	3	1.0286427050547726	-0.6450514958149355	230.0	35	1.05	0.95				
	320	1	60.80101232280701	12.350205628070174	0.0	0.0	3	1.0276616233032454	-0.6233043935178216	230.0	35	1.05	0.95				
	321	2	0.0	0.0	0.0	0.0	3	1.0372055540784013	0.8046657336090596	230.0	37	1.05	0.95				
	322	2	0.0	0.0	0.0	0.0	3	1.0499999888865548	5.413892172159927	230.0	37	1.05	0.95				
	323	2	0.0	0.0	0.0	0.0	3	1.0277036404322915	-0.322895710120952	230.0	35	1.05	0.95				
	324	1	0.0	0.0	0.0	0.0	3	1.0241946091879586	-2.7246613137221165	230.0	36	1.05	0.95				
	325	1	0.0	0.0	0.0	0.0	3	1.0267132735299156	0.678270463362875	230.0	35	1.05	0.95				
];
