%% MATPOWER Case Format : Version 2
function mpc = RTS_GMLC
mpc.version = '2';

%%-----  Power Flow Data  -----%%
%% system MVA base
mpc.baseMVA = 100.0;
%% bus data
%    bus_i    type    Pd    Qd    Gs    Bs    area    Vm    Va    baseKV    zone    Vmax    Vmin
mpc.bus = [
	101	2	42.73775359578947	8.705838695438596	0.0	0.0	1	1.0397177537826667	3.139942801542948	138.0	11	1.05	0.95				
	102	2	38.38483424807017	7.9143988140350885	0.0	0.0	1	1.0374137502205154	2.529927775357486	138.0	12	1.05	0.95				
	103	1	71.22958932631579	14.64163780596491	0.0	0.0	1	1.0346711680460516	2.0064323445230072	138.0	11	1.05	0.95				
	104	1	29.28327561192982	5.9357991105263155	0.0	0.0	1	1.0272080479141759	0.027109050166624103	138.0	11	1.05	0.95				
	105	1	28.09611578982456	5.540079169824562	0.0	0.0	1	1.0390935627134537	-0.39887308892339335	138.0	11	1.05	0.95				
	106	1	53.8179119354386	11.080158339649124	0.0	-100.0	1	1.0472019573910196	-2.9135583455453085	138.0	12	1.05	0.95				
	107	2	49.464992587719294	9.892998517543859	0.0	0.0	1	1.0015005128121448	-8.869797431522928	138.0	12	1.05	0.95				
	108	1	67.66810985999999	13.850197924561403	0.0	0.0	1	1.005726586724714	-7.2776660650600284	138.0	12	1.05	0.95				
	109	1	69.25098962280701	14.245917865263158	0.0	0.0	1	1.0247334624103266	-1.6742339639523554	138.0	13	1.05	0.95				
	110	1	77.1653884368421	15.828797628070177	0.0	0.0	1	1.05	-2.765365000072218	138.0	13	1.05	0.95				
	111	1	0.0	0.0	0.0	0.0	1	1.001937604904514	-0.4367874924344421	230.0	13	1.05	0.95				
	112	1	0.0	0.0	0.0	0.0	1	1.006701648724879	-0.7126901950513379	230.0	13	1.05	0.95				
	113	3	104.8657842859649	21.368876797894735	0.0	0.0	1	0.9927876087138859	-3.8646833543545016e-30	230.0	14	1.05	0.95				
	114	2	76.76966849614034	15.43307768736842	0.0	0.0	1	0.9972001991470666	1.1085506803217398	230.0	16	1.05	0.95				
	115	2	125.44322120245613	25.32607620491228	0.0	0.0	1	1.0331986708255543	6.584545480097378	230.0	16	1.05	0.95				
	116	2	39.571994070175435	7.9143988140350885	0.0	0.0	1	1.0283212197196117	5.589796553440934	230.0	16	1.05	0.95				
	117	1	0.0	0.0	0.0	0.0	1	1.0373320046147703	8.73780746970004	230.0	17	1.05	0.95				
	118	2	131.7747402536842	26.9089559677193	0.0	0.0	1	1.04106653458177	9.410773323354954	230.0	17	1.05	0.95				
	119	1	71.62530926701754	14.64163780596491	0.0	0.0	1	1.018764079830981	3.660152923360439	230.0	15	1.05	0.95				
	120	1	50.65215240982456	10.288718458245615	0.0	0.0	1	1.0125815776462932	2.1371533548440316	230.0	15	1.05	0.95				
	121	2	0.0	0.0	0.0	0.0	1	1.0438362793012668	10.47392497498571	230.0	17	1.05	0.95				
	122	2	0.0	0.0	0.0	0.0	1	1.05	16.2980502496914	230.0	17	1.05	0.95				
	123	2	0.0	0.0	0.0	0.0	1	1.009682340925731	1.6076293784480893	230.0	15	1.05	0.95				
	124	1	0.0	0.0	0.0	0.0	1	1.0267878914416078	4.853025713572125	230.0	16	1.05	0.95				
	201	2	41.07161970947369	8.366441051929826	0.0	0.0	2	1.0161664157846748	-11.908663259229833	138.0	21	1.05	0.95				
	202	2	36.88839918350877	7.6058555017543865	0.0	0.0	2	1.0152758731794924	-12.1728564834646	138.0	22	1.05	0.95				
	203	1	68.45269951578948	14.070832678245615	0.0	0.0	2	1.0153301910792534	-8.589319036299528	138.0	21	1.05	0.95				
	204	1	28.14166535649123	5.704391626315789	0.0	0.0	2	1.0135401099479586	-11.77710620624598	138.0	21	1.05	0.95				
	205	1	27.000787031228068	5.3240988512280705	0.0	0.0	2	1.0285515240083776	-12.152363398304706	138.0	21	1.05	0.95				
	206	1	51.719817411929824	10.648197702456141	0.0	-100.0	2	1.0436335723641021	-12.77774843749453	138.0	22	1.05	0.95				
	207	2	47.53659688596491	9.507319377192983	0.0	0.0	2	0.9984156983198803	-17.306259672723087	138.0	22	1.05	0.95				
	208	1	65.03006454	13.310247128070174	0.0	0.0	2	1.003891994582761	-15.609754556582546	138.0	22	1.05	0.95				
	209	1	66.55123564035088	13.690539903157894	0.0	0.0	2	1.0227833092894916	-9.875060885859076	138.0	23	1.05	0.95				
	210	1	74.15709114210526	15.211711003508773	0.0	0.0	2	1.05	-11.172364999591723	138.0	23	1.05	0.95				
	211	1	0.0	0.0	0.0	0.0	2	1.0021440954097447	-7.517598258924034	230.0	23	1.05	0.95				
	212	1	0.0	0.0	0.0	0.0	2	1.0068449405338782	-5.256791460660882	230.0	23	1.05	0.95				
	213	2	100.77758539824562	20.535809854736844	0.0	0.0	2	0.9945087888253274	-6.186638413032982	230.0	24	1.05	0.95				
	214	2	73.77679836701753	14.831418228421054	0.0	0.0	2	1.000759116926792	-5.525250527646736	230.0	26	1.05	0.95				
	215	2	120.55280970280702	24.338737605614035	0.0	0.0	2	1.0172430713259302	0.42002688210049427	230.0	26	1.05	0.95				
	216	2	38.02927750877193	7.6058555017543865	0.0	0.0	2	1.0162089671004157	-0.36934580703506925	230.0	26	1.05	0.95				
	217	1	0.0	0.0	0.0	0.0	2	1.0212080165965989	1.049200719008928	230.0	27	1.05	0.95				
	218	2	126.63749410421052	25.859908705964912	0.0	0.0	2	1.0209978847263557	0.8010559317335746	230.0	27	1.05	0.95				
	219	1	68.83299229087719	14.070832678245615	0.0	0.0	2	1.0129473946617502	-1.4016599938802683	230.0	25	1.05	0.95				
	220	1	48.67747521122807	9.887612152280703	0.0	0.0	2	1.0126436731982933	-1.5379052352347147	230.0	25	1.05	0.95				
	221	2	0.0	0.0	0.0	0.0	2	1.0232719858120805	1.471860282170531	230.0	27	1.05	0.95				
	222	2	0.0	0.0	0.0	0.0	2	1.0449350606320977	7.860191315898412	230.0	27	1.05	0.95				
	223	2	0.0	0.0	0.0	0.0	2	1.0128292562161247	-1.3109254964061305	230.0	25	1.05	0.95				
	224	1	0.0	0.0	0.0	0.0	2	1.0054485337011543	-2.9821995758671287	230.0	26	1.05	0.95				
	301	2	63.24201200842106	12.882632075789473	0.0	0.0	3	1.0043191553539146	-9.96328519748672	138.0	31	1.05	0.95				
	302	2	56.800695970526306	11.711483705263158	0.0	0.0	3	1.0040562618613729	-10.059845833611694	138.0	32	1.05	0.95				
	303	1	105.40335334736841	21.666244854736842	0.0	0.0	3	1.0180096382777328	-5.170835873232212	138.0	31	1.05	0.95				
	304	1	43.332489709473684	8.783612778947369	0.0	0.0	3	1.0044403615916337	-8.251017405694567	138.0	31	1.05	0.95				
	305	1	41.575767153684204	8.198038593684212	0.0	0.0	3	1.0184892310042934	-8.326754121544797	138.0	31	1.05	0.95				
	306	1	79.63808919578948	16.396077187368423	0.0	-100.0	3	1.03450788594834	-8.074918648799365	138.0	32	1.05	0.95				
	307	2	73.19677315789474	14.639354631578946	0.0	0.0	3	0.9919002992239514	-15.209880862016382	138.0	32	1.05	0.95				
	308	1	100.13318567999998	20.495096484210524	0.0	0.0	3	0.99238663302057	-12.420600563042559	138.0	32	1.05	0.95				
	309	1	102.47548242105262	21.08067066947368	0.0	0.0	3	1.025008562735489	-4.374446925803105	138.0	33	1.05	0.95				
	310	1	114.18696612631578	23.422967410526315	0.0	0.0	3	1.05	-4.815945631671224	138.0	33	1.05	0.95				
	311	1	0.0	0.0	0.0	0.0	3	1.0137553173760125	1.484915915382776	230.0	33	1.05	0.95				
	312	1	0.0	0.0	0.0	0.0	3	1.0172183200867664	2.5385501434565003	230.0	33	1.05	0.95				
	313	2	155.17715909473682	31.62100600421053	0.0	0.0	3	1.0285442312047233	7.311961912044049	230.0	34	1.05	0.95				
	314	2	113.60139194105261	22.83739322526316	0.0	0.0	3	1.0170481229004045	2.4137594212100915	230.0	36	1.05	0.95				
	315	2	185.62701672842104	37.4767478568421	0.0	0.0	3	1.0250640347086304	-1.0332613884696569	230.0	36	1.05	0.95				
	316	2	58.557418526315786	11.711483705263158	0.0	0.0	3	1.0260891292948007	0.2634810229305717	230.0	36	1.05	0.95				
	317	1	0.0	0.0	0.0	0.0	3	1.0273575072086931	-0.29038874892144834	230.0	37	1.05	0.95				
	318	2	194.99620369263158	39.81904459789474	0.0	0.0	3	1.024384041178902	-1.1484523207750559	230.0	37	1.05	0.95				
	319	1	105.98892753263158	21.666244854736842	0.0	0.0	3	1.0267844169941345	2.5741153811382653	230.0	35	1.05	0.95				
	320	1	74.9534957136842	15.224928816842104	0.0	0.0	3	1.0287560162514482	3.912788285396086	230.0	35	1.05	0.95				
	321	2	0.0	0.0	0.0	0.0	3	1.0267127420115763	-0.5463955319525494	230.0	37	1.05	0.95				
	322	2	0.0	0.0	0.0	0.0	3	1.040324275310557	3.9420257254500872	230.0	37	1.05	0.95				
	323	2	0.0	0.0	0.0	0.0	3	1.0303238491624394	4.618426966189993	230.0	35	1.05	0.95				
	324	1	0.0	0.0	0.0	0.0	3	1.0183630373521058	-0.6856249221029073	230.0	36	1.05	0.95				
	325	1	0.0	0.0	0.0	0.0	3	1.0308915203526772	5.118782907125964	230.0	35	1.05	0.95				
];
