%% MATPOWER Case Format : Version 2
function mpc = RTS_GMLC
mpc.version = '2';

%%-----  Power Flow Data  -----%%
%% system MVA base
mpc.baseMVA = 100.0;
%% bus data
%    bus_i    type    Pd    Qd    Gs    Bs    area    Vm    Va    baseKV    zone    Vmax    Vmin
mpc.bus = [
	101	2	60.546264214736844	12.333498265964913	0.0	0.0	1	1.0304827713823617	2.144907541428217	138.0	11	1.05	0.95				
	102	2	54.379515081754384	11.212271150877195	0.0	0.0	1	1.0305877820484315	2.124190348397115	138.0	12	1.05	0.95				
	103	1	100.91044035789474	20.742701629122806	0.0	0.0	1	1.0242942657875167	-0.41547378132085033	138.0	11	1.05	0.95				
	104	1	41.48540325824561	8.409203363157895	0.0	0.0	1	1.018393612475492	-1.3384918752198631	138.0	11	1.05	0.95				
	105	1	39.80356258561403	7.8485898056140355	0.0	0.0	1	1.0324951226141856	-1.1436369006447684	138.0	11	1.05	0.95				
	106	1	76.24344382596492	15.697179611228071	0.0	-100.0	1	1.0409198128430988	-3.496628691921983	138.0	12	1.05	0.95				
	107	2	70.07669469298246	14.015338938596491	0.0	0.0	1	1.0483446687372673	-0.6267255776570383	138.0	12	1.05	0.95				
	108	1	95.86491834	19.621474514035086	0.0	0.0	1	1.03012454654615	-3.0583648484564097	138.0	12	1.05	0.95				
	109	1	98.10737257017544	20.182088071578946	0.0	0.0	1	1.0263115230961757	-1.8958483133332136	138.0	13	1.05	0.95				
	110	1	109.31964372105263	22.42454230175439	0.0	0.0	1	1.05	-2.69964280242888	138.0	13	1.05	0.95				
	111	1	0.0	0.0	0.0	0.0	1	1.005874963747345	-0.38929792299717525	230.0	13	1.05	0.95				
	112	1	0.0	0.0	0.0	0.0	1	1.012235505588486	0.47199528784765854	230.0	13	1.05	0.95				
	113	3	148.5625927491228	30.273132107368422	0.0	0.0	1	1.001318919428205	-1.1125925817346894e-28	230.0	14	1.05	0.95				
	114	2	108.75903016350877	21.86392874421053	0.0	0.0	1	1.0006032411553354	1.2961018947942164	230.0	16	1.05	0.95				
	115	2	177.7144977414035	35.87926768280702	0.0	0.0	1	1.0404254347004676	7.004203908530966	230.0	16	1.05	0.95				
	116	2	56.061355754385964	11.212271150877195	0.0	0.0	1	1.0371611386670767	6.961658256409803	230.0	16	1.05	0.95				
	117	1	0.0	0.0	0.0	0.0	1	1.0449617920607006	8.96505797731514	230.0	17	1.05	0.95				
	118	2	186.68431466210527	38.12172191298246	0.0	0.0	1	1.0479127278452145	9.169964863818143	230.0	17	1.05	0.95				
	119	1	101.4710539154386	20.742701629122806	0.0	0.0	1	1.032668468334089	6.45112092409992	230.0	15	1.05	0.95				
	120	1	71.75853536561404	14.575952496140351	0.0	0.0	1	1.0331594692016428	7.082030090312996	230.0	15	1.05	0.95				
	121	2	0.0	0.0	0.0	0.0	1	1.05	9.057577656444574	230.0	17	1.05	0.95				
	122	2	0.0	0.0	0.0	0.0	1	1.05	15.532123998796513	230.0	17	1.05	0.95				
	123	2	0.0	0.0	0.0	0.0	1	1.0347552266307298	7.851036363382831	230.0	15	1.05	0.95				
	124	1	0.0	0.0	0.0	0.0	1	1.0247492328710017	4.24841173303792	230.0	16	1.05	0.95				
	201	2	74.23831261894738	15.122619237192984	0.0	0.0	2	1.0347396194398304	-11.81990271548556	138.0	21	1.05	0.95				
	202	2	66.67700300035088	13.74783567017544	0.0	0.0	2	1.0348504909997984	-11.941828568048239	138.0	22	1.05	0.95				
	203	1	123.73052103157896	25.43349598982456	0.0	0.0	2	1.024870501869156	-7.818472873519394	138.0	21	1.05	0.95				
	204	1	50.86699197964912	10.310876752631579	0.0	0.0	2	1.0172286901913699	-13.848273019789746	138.0	21	1.05	0.95				
	205	1	48.804816629122804	9.623484969122808	0.0	0.0	2	1.0334615680752537	-14.333951903352181	138.0	21	1.05	0.95				
	206	1	93.48528255719299	19.246969938245616	0.0	-100.0	2	1.038854069355389	-16.395961519351093	138.0	22	1.05	0.95				
	207	2	85.92397293859649	17.1847945877193	0.0	0.0	2	0.9730300055693372	-26.64545970383898	138.0	22	1.05	0.95				
	208	1	117.54399498000001	24.058712422807016	0.0	0.0	2	0.9752970069924368	-23.27016787908478	138.0	22	1.05	0.95				
	209	1	120.29356211403508	24.74610420631579	0.0	0.0	2	1.0242724252757305	-12.6216413957763	138.0	23	1.05	0.95				
	210	1	134.04139778421055	27.49567134035088	0.0	0.0	2	1.05	-14.718320956978388	138.0	23	1.05	0.95				
	211	1	0.0	0.0	0.0	0.0	2	1.022450329273624	-8.438720787561765	230.0	23	1.05	0.95				
	212	1	0.0	0.0	0.0	0.0	2	1.0203694861032495	-7.931040984587639	230.0	23	1.05	0.95				
	213	2	182.15882262982456	37.11915630947369	0.0	0.0	2	1.0292909737170721	-5.757830636065801	230.0	24	1.05	0.95				
	214	2	133.35400600070176	26.80827955684211	0.0	0.0	2	1.036165194010455	-5.660174584270183	230.0	26	1.05	0.95				
	215	2	217.90319537228072	43.993074144561405	0.0	0.0	2	1.0425575160317333	2.9770734589253145	230.0	26	1.05	0.95				
	216	2	68.7391783508772	13.74783567017544	0.0	0.0	2	1.0463141811392027	2.478955391580014	230.0	26	1.05	0.95				
	217	1	0.0	0.0	0.0	0.0	2	1.0473240385011449	6.29684167597528	230.0	27	1.05	0.95				
	218	2	228.90146390842108	46.742641278596494	0.0	0.0	2	1.0498708009961333	7.121766179201245	230.0	27	1.05	0.95				
	219	1	124.41791281508772	25.43349598982456	0.0	0.0	2	1.0430423756523812	0.6203354364729317	230.0	25	1.05	0.95				
	220	1	87.98614828912281	17.87218637122807	0.0	0.0	2	1.0464687265673855	0.29326255624584674	230.0	25	1.05	0.95				
	221	2	0.0	0.0	0.0	0.0	2	1.05	7.45771678757202	230.0	27	1.05	0.95				
	222	2	0.0	0.0	0.0	0.0	2	1.05	13.513880925168426	230.0	27	1.05	0.95				
	223	2	0.0	0.0	0.0	0.0	2	1.05	0.6149090352790942	230.0	25	1.05	0.95				
	224	1	0.0	0.0	0.0	0.0	2	1.022445724533726	-1.0389910004793925	230.0	26	1.05	0.95				
	301	2	63.89117367157895	13.014868710877192	0.0	0.0	3	1.0071364571344645	-35.47960741396455	138.0	31	1.05	0.95				
	302	2	57.38373931614035	11.831698828070175	0.0	0.0	3	1.0064287253172988	-35.64307712174749	138.0	32	1.05	0.95				
	303	1	106.48528945263156	21.888642831929822	0.0	0.0	3	1.0205479192312992	-28.402027130378098	138.0	31	1.05	0.95				
	304	1	43.777285663859644	8.87377412105263	0.0	0.0	3	1.0065498629900056	-33.7010116728048	138.0	31	1.05	0.95				
	305	1	42.00253083964912	8.282189179649123	0.0	0.0	3	1.0203846366206655	-34.603410103563306	138.0	31	1.05	0.95				
	306	1	80.45555203087719	16.564378359298246	0.0	-100.0	3	1.0351511799099242	-34.773999515691166	138.0	32	1.05	0.95				
	307	2	73.94811767543858	14.789623535087717	0.0	0.0	3	1.0053408969893878	-35.94328044329019	138.0	32	1.05	0.95				
	308	1	101.16102498	20.705472949122804	0.0	0.0	3	1.0032711048628877	-35.617670298278384	138.0	32	1.05	0.95				
	309	1	103.52736474561401	21.297057890526315	0.0	0.0	3	1.0272828269422225	-29.703069029515156	138.0	33	1.05	0.95				
	310	1	115.3590635736842	23.66339765614035	0.0	0.0	3	1.05	-31.828664338357992	138.0	33	1.05	0.95				
	311	1	0.0	0.0	0.0	0.0	3	1.0176102386265418	-24.81863476496899	230.0	33	1.05	0.95				
	312	1	0.0	0.0	0.0	0.0	3	1.0173030937571959	-24.103185013880772	230.0	33	1.05	0.95				
	313	2	156.7700094719298	31.945586835789474	0.0	0.0	3	1.0248287903339854	-21.098448469398075	230.0	34	1.05	0.95				
	314	2	114.7674786322807	23.07181271473684	0.0	0.0	3	1.0280374877694003	-22.173897628475927	230.0	36	1.05	0.95				
	315	2	187.53242642491225	37.86143624982456	0.0	0.0	3	1.048268875241823	-15.321722322456205	230.0	36	1.05	0.95				
	316	2	59.15849414035087	11.831698828070175	0.0	0.0	3	1.0483427354602826	-14.898978842573426	230.0	36	1.05	0.95				
	317	1	0.0	0.0	0.0	0.0	3	1.0495849304477296	-12.174218545412764	230.0	37	1.05	0.95				
	318	2	196.9977854873684	40.22777601543859	0.0	0.0	3	1.0499710270318965	-11.587711416993862	230.0	37	1.05	0.95				
	319	1	107.07687439403509	21.888642831929822	0.0	0.0	3	1.0453715187283077	-15.883800469069685	230.0	35	1.05	0.95				
	320	1	75.72287249964911	15.381208476491226	0.0	0.0	3	1.0475188421635215	-15.633671094515048	230.0	35	1.05	0.95				
	321	2	0.0	0.0	0.0	0.0	3	1.05	-11.18550753110738	230.0	37	1.05	0.95				
	322	2	0.0	0.0	0.0	0.0	3	1.05	-5.797373550192735	230.0	37	1.05	0.95				
	323	2	0.0	0.0	0.0	0.0	3	1.05	-15.064286729911196	230.0	35	1.05	0.95				
	324	1	0.0	0.0	0.0	0.0	3	1.0212739226296503	-20.14762284085823	230.0	36	1.05	0.95				
	325	1	0.0	0.0	0.0	0.0	3	1.0397046750887355	-13.128352073225873	230.0	35	1.05	0.95				
];
