%% MATPOWER Case Format : Version 2
function mpc = RTS_GMLC
mpc.version = '2';

%%-----  Power Flow Data  -----%%
%% system MVA base
mpc.baseMVA = 100.0;
%% bus data
%    bus_i    type    Pd    Qd    Gs    Bs    area    Vm    Va    baseKV    zone    Vmax    Vmin
mpc.bus = [
	101	2	54.0	11.0	0.0	0.0	1	1.0321632674494465	-1.270838760484383	138.0	11	1.05	0.95				
	102	2	48.5	10.0	0.0	0.0	1	1.0312371436423937	-1.540868876628004	138.0	12	1.05	0.95				
	103	1	90.0	18.5	0.0	0.0	1	1.0267826201385943	-1.9680218700740613	138.0	11	1.05	0.95				
	104	1	37.0	7.5	0.0	0.0	1	1.0195949215265043	-4.119951277932629	138.0	11	1.05	0.95				
	105	1	35.5	7.000000000000001	0.0	0.0	1	1.034520203117317	-4.011544281318391	138.0	11	1.05	0.95				
	106	1	68.0	14.000000000000002	0.0	-100.0	1	1.0432630497540563	-6.08214072733483	138.0	12	1.05	0.95				
	107	2	62.5	12.5	0.0	0.0	1	1.0010425945138028	-11.451154080989676	138.0	12	1.05	0.95				
	108	1	85.5	17.5	0.0	0.0	1	1.0023881714351746	-10.153127359649858	138.0	12	1.05	0.95				
	109	1	87.5	18.0	0.0	0.0	1	1.0250869767000401	-4.197754685025125	138.0	13	1.05	0.95				
	110	1	97.5	20.0	0.0	0.0	1	1.05	-5.208604103099985	138.0	13	1.05	0.95				
	111	1	0.0	0.0	0.0	0.0	1	1.0068481441515496	-1.5355505892431767	230.0	13	1.05	0.95				
	112	1	0.0	0.0	0.0	0.0	1	1.0105974369842923	-1.1407061718451414	230.0	13	1.05	0.95				
	113	3	132.5	27.0	0.0	0.0	1	1.0032194623373314	1.2469049805904741e-27	230.0	14	1.05	0.95				
	114	2	97.0	19.5	0.0	0.0	1	1.0060033503020027	0.3997881100674782	230.0	16	1.05	0.95				
	115	2	158.5	32.0	0.0	0.0	1	1.039531680896151	6.663716478337748	230.0	16	1.05	0.95				
	116	2	50.0	10.0	0.0	0.0	1	1.035605206227272	6.086223464534454	230.0	16	1.05	0.95				
	117	1	0.0	0.0	0.0	0.0	1	1.0419280167363216	8.530851372125708	230.0	17	1.05	0.95				
	118	2	166.5	34.0	0.0	0.0	1	1.0447553328514267	8.631618697348562	230.0	17	1.05	0.95				
	119	1	90.5	18.5	0.0	0.0	1	1.0286447815086457	4.79235657579458	230.0	15	1.05	0.95				
	120	1	64.0	13.0	0.0	0.0	1	1.0265236174648815	4.628911241932262	230.0	15	1.05	0.95				
	121	2	0.0	0.0	0.0	0.0	1	1.0484428393836709	9.869981733846025	230.0	17	1.05	0.95				
	122	2	0.0	0.0	0.0	0.0	1	1.05	17.65515349251275	230.0	17	1.05	0.95				
	123	2	0.0	0.0	0.0	0.0	1	1.0262247015854367	4.922789846967151	230.0	15	1.05	0.95				
	124	1	0.0	0.0	0.0	0.0	1	1.0238546758609994	3.441340581562644	230.0	16	1.05	0.95				
	201	2	49.350543044210525	10.052888397894737	0.0	0.0	2	1.0253710910053093	-9.750839863235782	138.0	21	1.05	0.95				
	202	2	44.32409884526315	9.138989452631579	0.0	0.0	2	1.0263260870449102	-9.54956394752608	138.0	22	1.05	0.95				
	203	1	82.25090507368421	16.90713048736842	0.0	0.0	2	1.0179026489325993	-9.05528363080515	138.0	21	1.05	0.95				
	204	1	33.81426097473684	6.854242089473683	0.0	0.0	2	1.0175539483031262	-11.140115438977974	138.0	21	1.05	0.95				
	205	1	32.4434125568421	6.397292616842106	0.0	0.0	2	1.0320983640336339	-11.415099978685474	138.0	21	1.05	0.95				
	206	1	62.145128277894734	12.794585233684211	0.0	-100.0	2	1.0437333422684947	-12.752329124139315	138.0	22	1.05	0.95				
	207	2	57.11868407894737	11.423736815789473	0.0	0.0	2	0.9909627631325895	-19.349848329884782	138.0	22	1.05	0.95				
	208	1	78.13835981999999	15.99323154210526	0.0	0.0	2	0.996588093397746	-17.263760219477376	138.0	22	1.05	0.95				
	209	1	79.9661577105263	16.450181014736838	0.0	0.0	2	1.0234483004938966	-10.565461848735566	138.0	23	1.05	0.95				
	210	1	89.10514716315788	18.277978905263158	0.0	0.0	2	1.05	-11.637339759868155	138.0	23	1.05	0.95				
	211	1	0.0	0.0	0.0	0.0	2	1.0067805573089323	-7.572071245090909	230.0	23	1.05	0.95				
	212	1	0.0	0.0	0.0	0.0	2	1.0092873144188426	-6.712499167787401	230.0	23	1.05	0.95				
	213	2	121.09161024736841	24.675271522105263	0.0	0.0	2	1.0027324707412955	-6.258604137257577	230.0	24	1.05	0.95				
	214	2	88.6481976905263	17.82102943263158	0.0	0.0	2	1.0082857612887062	-5.0904511899999365	230.0	26	1.05	0.95				
	215	2	144.8529828242105	29.24476624842105	0.0	0.0	2	1.0278225388776083	1.2140969583944845	230.0	26	1.05	0.95				
	216	2	45.69494726315789	9.138989452631579	0.0	0.0	2	1.028754345021405	1.1738701255221806	230.0	26	1.05	0.95				
	217	1	0.0	0.0	0.0	0.0	2	1.0336604456014695	3.3523745925268984	230.0	27	1.05	0.95				
	218	2	152.16417438631578	31.072564138947367	0.0	0.0	2	1.0339703995149203	3.3646059914868274	230.0	27	1.05	0.95				
	219	1	82.70785454631579	16.90713048736842	0.0	0.0	2	1.0289937729226202	1.021429115990449	230.0	25	1.05	0.95				
	220	1	58.4895324968421	11.880686288421053	0.0	0.0	2	1.0323900639958188	1.7742259323981822	230.0	25	1.05	0.95				
	221	2	0.0	0.0	0.0	0.0	2	1.0347561571327961	3.4267828964763876	230.0	27	1.05	0.95				
	222	2	0.0	0.0	0.0	0.0	2	1.05	9.894502683676086	230.0	27	1.05	0.95				
	223	2	0.0	0.0	0.0	0.0	2	1.0351339272825486	2.5316572231686805	230.0	25	1.05	0.95				
	224	1	0.0	0.0	0.0	0.0	2	1.011447519350203	-2.6340448153816403	230.0	26	1.05	0.95				
	301	2	56.64789625263157	11.539386273684208	0.0	0.0	3	1.0157680145606698	-8.329727144348041	138.0	31	1.05	0.95				
	302	2	50.87820311578947	10.490351157894736	0.0	0.0	3	1.0140779127686106	-8.71075497153185	138.0	32	1.05	0.95				
	303	1	94.41316042105262	19.40714964210526	0.0	0.0	3	1.05	6.784014400347896	138.0	31	1.05	0.95				
	304	1	38.81429928421052	7.86776336842105	0.0	0.0	3	1.0091038018375824	-7.525269638477226	138.0	31	1.05	0.95				
	305	1	37.24074661052631	7.343245810526315	0.0	0.0	3	1.0263390256913438	-9.337096580209185	138.0	31	1.05	0.95				
	306	1	71.33438787368421	14.68649162105263	0.0	-100.0	3	1.0390823952144848	-10.510326090885	138.0	32	1.05	0.95				
	307	2	65.5646947368421	13.112938947368418	0.0	0.0	3	0.9898949661114964	-16.208378601093326	138.0	32	1.05	0.95				
	308	1	89.69250239999998	18.358114526315784	0.0	0.0	3	0.9923535058221762	-13.737641375370286	138.0	32	1.05	0.95				
	309	1	91.79057263157893	18.88263208421052	0.0	0.0	3	1.021976554070176	-4.3885535185903235	138.0	33	1.05	0.95				
	310	1	102.28092378947366	20.980702315789472	0.0	0.0	3	1.05	-8.665159111913244	138.0	33	1.05	0.95				
	311	1	0.0	0.0	0.0	0.0	3	1.0125613767436454	-3.811331626258616	230.0	33	1.05	0.95				
	312	1	0.0	0.0	0.0	0.0	3	1.015215438220417	-3.209913940551037	230.0	33	1.05	0.95				
	313	2	138.99715284210524	28.323948126315784	0.0	0.0	3	1.013683076326267	-1.1292648994629813	230.0	34	1.05	0.95				
	314	2	101.75640623157894	20.456184757894736	0.0	0.0	3	1.0145659254216708	-3.372448341526111	230.0	36	1.05	0.95				
	315	2	166.27206585263156	33.56912370526315	0.0	0.0	3	1.0437004746579188	-0.16979683115559874	230.0	36	1.05	0.95				
	316	2	52.45175578947367	10.490351157894736	0.0	0.0	3	1.0378699564924103	-0.5089561641559546	230.0	36	1.05	0.95				
	317	1	0.0	0.0	0.0	0.0	3	1.0440434841264903	1.7111570873445272	230.0	37	1.05	0.95				
	318	2	174.66434677894733	35.667193936842104	0.0	0.0	3	1.0417625562977613	0.8683423249965316	230.0	37	1.05	0.95				
	319	1	94.93767797894735	19.40714964210526	0.0	0.0	3	1.0308543615070893	-1.2135170379621147	230.0	35	1.05	0.95				
	320	1	67.1382474105263	13.637456505263156	0.0	0.0	3	1.0287614330481352	-0.817892975307674	230.0	35	1.05	0.95				
	321	2	0.0	0.0	0.0	0.0	3	1.0435773201661862	1.0766404303059711	230.0	37	1.05	0.95				
	322	2	0.0	0.0	0.0	0.0	3	1.05	5.654374728747019	230.0	37	1.05	0.95				
	323	2	0.0	0.0	0.0	0.0	3	1.0286452117834257	-0.22097592829261758	230.0	35	1.05	0.95				
	324	1	0.0	0.0	0.0	0.0	3	1.0442314719522	2.9721648859672927	230.0	36	1.05	0.95				
	325	1	0.0	0.0	0.0	0.0	3	1.0281783289062063	0.6393306145143364	230.0	35	1.05	0.95				
];

%% generator data
%    bus    Pg    Qg    Qmax    Qmin    Vg    mBase    status    Pmax    Pmin    Pc1    Pc2    Qc1min    Qc1max    Qc2min    Qc2max    ramp_agc    ramp_10    ramp_30    ramp_q    apf
