%% MATPOWER Case Format : Version 2
function mpc = RTS_GMLC
mpc.version = '2';

%%-----  Power Flow Data  -----%%
%% system MVA base
mpc.baseMVA = 100.0;
%% bus data
%    bus_i    type    Pd    Qd    Gs    Bs    area    Vm    Va    baseKV    zone    Vmax    Vmin
mpc.bus = [
	101	2	34.013854527157896	6.928748144421053	0.0	0.0	1	0.9929495837438467	-5.70505657416024	138.0	11	1.05	0.95				
	102	2	30.54948045494737	6.298861949473684	0.0	0.0	1	0.9927178860412865	-5.847096720752763	138.0	12	1.05	0.95				
	103	1	56.68975754526316	11.652894606526315	0.0	0.0	1	1.0248744364720226	-0.19326350448665425	138.0	11	1.05	0.95				
	104	1	23.30578921305263	4.724146462105263	0.0	0.0	1	1.0061941060374342	-5.134266091248398	138.0	11	1.05	0.95				
	105	1	22.36095992063158	4.40920336463158	0.0	0.0	1	1.0175867565302057	-5.830423332041856	138.0	11	1.05	0.95				
	106	1	42.832261256421056	8.81840672926316	0.0	-100.0	1	1.0399738346179899	-6.318231825347657	138.0	12	1.05	0.95				
	107	2	39.367887184210524	7.873577436842105	0.0	0.0	1	0.989102012382589	-9.23049897123364	138.0	12	1.05	0.95				
	108	1	53.85526966799999	11.023008411578946	0.0	0.0	1	1.0017500540515112	-8.029709351072405	138.0	12	1.05	0.95				
	109	1	55.11504205789473	11.337951509052631	0.0	0.0	1	1.0257389613062837	-3.2471079107141194	138.0	13	1.05	0.95				
	110	1	61.413904007368416	12.597723898947368	0.0	0.0	1	1.05	-4.925682865012698	138.0	13	1.05	0.95				
	111	1	0.0	0.0	0.0	0.0	1	1.013114836231942	-0.42097806034210905	230.0	13	1.05	0.95				
	112	1	0.0	0.0	0.0	0.0	1	1.010328977422589	-1.3455034488311046	230.0	13	1.05	0.95				
	113	3	83.45992083052631	17.006927263578948	0.0	0.0	1	0.9939661182350039	-6.248598146670347e-30	230.0	14	1.05	0.95				
	114	2	61.09896090989474	12.282780801473685	0.0	0.0	1	1.033981409768773	2.8778025308964637	230.0	16	1.05	0.95				
	115	2	99.8369618991579	20.15635823831579	0.0	0.0	1	1.0411740374884064	10.885056921693565	230.0	16	1.05	0.95				
	116	2	31.49430974736842	6.298861949473684	0.0	0.0	1	1.0407659597182524	9.509976250590906	230.0	16	1.05	0.95				
	117	1	0.0	0.0	0.0	0.0	1	1.039873362297486	14.812888636957185	230.0	17	1.05	0.95				
	118	2	104.87605145873684	21.416130628210528	0.0	0.0	1	1.0471764497057106	15.116737221858934	230.0	17	1.05	0.95				
	119	1	57.004700642736836	11.652894606526315	0.0	0.0	1	1.0350321692178537	6.011251884247277	230.0	15	1.05	0.95				
	120	1	40.31271647663158	8.188520534315789	0.0	0.0	1	1.0343784269250313	3.5623659442945352	230.0	15	1.05	0.95				
	121	2	0.0	0.0	0.0	0.0	1	1.0385915092759401	16.234234957235955	230.0	17	1.05	0.95				
	122	2	0.0	0.0	0.0	0.0	1	1.05	34.23300810975824	230.0	17	1.05	0.95				
	123	2	0.0	0.0	0.0	0.0	1	1.0344476274102756	2.45503274834513	230.0	15	1.05	0.95				
	124	1	0.0	0.0	0.0	0.0	1	1.0212396565232384	6.757704367212913	230.0	16	1.05	0.95				
	201	2	35.56367070821052	7.244451440561403	0.0	0.0	2	1.0063886725971936	-12.344233515937992	138.0	21	1.05	0.95				
	202	2	31.941444987929824	6.585864945964913	0.0	0.0	2	1.0048371602746564	-12.60574375791772	138.0	22	1.05	0.95				
	203	1	59.27278451368421	12.183850150035088	0.0	0.0	2	1.0135317935224413	-9.337767904984737	138.0	21	1.05	0.95				
	204	1	24.367700300070176	4.939398709473684	0.0	0.0	2	1.0100468599064956	-12.521007973221051	138.0	21	1.05	0.95				
	205	1	23.37982055817544	4.610105462175438	0.0	0.0	2	1.0242918347332477	-12.856176661197862	138.0	21	1.05	0.95				
	206	1	44.7838816325614	9.220210924350877	0.0	-100.0	2	1.0424944646845973	-13.58618334184121	138.0	22	1.05	0.95				
	207	2	41.1616559122807	8.23233118245614	0.0	0.0	2	0.9897688795036226	-17.373678609245243	138.0	22	1.05	0.95				
	208	1	56.309145287999996	11.525263655438597	0.0	0.0	2	1.0009255462252264	-15.98458796925215	138.0	22	1.05	0.95				
	209	1	57.62631827719298	11.854556902736842	0.0	0.0	2	1.0229830288274853	-11.073977426996539	138.0	23	1.05	0.95				
	210	1	64.2121832231579	13.171729891929825	0.0	0.0	2	1.05	-12.297104142659766	138.0	23	1.05	0.95				
	211	1	0.0	0.0	0.0	0.0	2	1.0030559973830107	-8.63801233636472	230.0	23	1.05	0.95				
	212	1	0.0	0.0	0.0	0.0	2	1.0124249755481411	-7.999483795682281	230.0	23	1.05	0.95				
	213	2	87.26271053403508	17.78183535410526	0.0	0.0	2	1.0018354464362618	-7.462748881861486	230.0	24	1.05	0.95				
	214	2	63.88288997585965	12.84243664463158	0.0	0.0	2	0.9970174647406659	-6.474749572409356	230.0	26	1.05	0.95				
	215	2	104.38595939354384	21.07476782708772	0.0	0.0	2	1.0220141701373044	-0.9583547717770255	230.0	26	1.05	0.95				
	216	2	32.92932472982456	6.585864945964913	0.0	0.0	2	1.0247235080649464	-1.5491533592596973	230.0	26	1.05	0.95				
	217	1	0.0	0.0	0.0	0.0	2	1.0310589353931074	0.27921137377187655	230.0	27	1.05	0.95				
	218	2	109.65465135031577	22.3919408162807	0.0	0.0	2	1.029620655383484	-0.026711815084331136	230.0	27	1.05	0.95				
	219	1	59.60207776098245	12.183850150035088	0.0	0.0	2	1.0320089399307057	-1.6797168251532921	230.0	25	1.05	0.95				
	220	1	42.14953565417544	8.561624429754385	0.0	0.0	2	1.0399827886414175	-1.1542513879890417	230.0	25	1.05	0.95				
	221	2	0.0	0.0	0.0	0.0	2	1.030274513057343	0.4567961992144293	230.0	27	1.05	0.95				
	222	2	0.0	0.0	0.0	0.0	2	1.0499999893121204	6.8800716475949235	230.0	27	1.05	0.95				
	223	2	0.0	0.0	0.0	0.0	2	1.0445394920927786	-0.622206829250515	230.0	25	1.05	0.95				
	224	1	0.0	0.0	0.0	0.0	2	1.0083919175207365	-4.099740930397563	230.0	26	1.05	0.95				
	301	2	41.81967731368422	8.518823156491228	0.0	0.0	3	1.0119375317343229	14.60402643134656	138.0	31	1.05	0.95				
	302	2	37.5602657354386	7.744384687719299	0.0	0.0	3	1.010775381685295	14.244002839968045	138.0	32	1.05	0.95				
	303	1	69.69946218947369	14.327111672280704	0.0	0.0	3	1.05	29.164306655609717	138.0	31	1.05	0.95				
	304	1	28.65422334456141	5.808288515789474	0.0	0.0	3	1.0068810170587585	15.379860614247448	138.0	31	1.05	0.95				
	305	1	27.49256564140351	5.42106928140351	0.0	0.0	3	1.0221838224443538	12.874993823138496	138.0	31	1.05	0.95				
	306	1	52.66181587649123	10.84213856280702	0.0	-100.0	3	1.035744500326585	11.420466752228048	138.0	32	1.05	0.95				
	307	2	48.402404298245614	9.680480859649125	0.0	0.0	3	0.95	8.427409730422989	138.0	32	1.05	0.95				
	308	1	66.21448908	13.552673203508773	0.0	0.0	3	0.9717181501397717	10.056439920893808	138.0	32	1.05	0.95				
	309	1	67.76336601754387	13.939892437894738	0.0	0.0	3	1.0152987486515603	17.93644811757112	138.0	33	1.05	0.95				
	310	1	75.50775070526316	15.488769375438599	0.0	0.0	3	1.0419754622627286	12.399053076157488	138.0	33	1.05	0.95				
	311	1	0.0	0.0	0.0	0.0	3	1.003351356233217	15.764553676351824	230.0	33	1.05	0.95				
	312	1	0.0	0.0	0.0	0.0	3	1.0085269835743675	15.503422019848102	230.0	33	1.05	0.95				
	313	2	102.6130971122807	20.90983865684211	0.0	0.0	3	1.0019931529845978	15.353189515428225	230.0	34	1.05	0.95				
	314	2	75.1205314708772	15.101550141052634	0.0	0.0	3	1.0002580968468626	16.818450607359264	230.0	36	1.05	0.95				
	315	2	122.74849730035089	24.782031000701757	0.0	0.0	3	1.05	21.15956202827265	230.0	36	1.05	0.95				
	316	2	38.7219234385965	7.744384687719299	0.0	0.0	3	1.0346119014679	20.540407449020773	230.0	36	1.05	0.95				
	317	1	0.0	0.0	0.0	0.0	3	1.05	25.480891155415136	230.0	37	1.05	0.95				
	318	2	128.94400505052633	26.330907938245616	0.0	0.0	3	1.0462725458541025	21.953844782908245	230.0	37	1.05	0.95				
	319	1	70.08668142385966	14.327111672280704	0.0	0.0	3	1.0247109288372491	18.31576074947811	230.0	35	1.05	0.95				
	320	1	49.564062001403514	10.06770009403509	0.0	0.0	3	1.019497989019496	17.116608539524265	230.0	35	1.05	0.95				
	321	2	0.0	0.0	0.0	0.0	3	1.0497949996720664	22.35359404312828	230.0	37	1.05	0.95				
	322	2	0.0	0.0	0.0	0.0	3	1.0499999740587143	27.928786911492224	230.0	37	1.05	0.95				
	323	2	0.0	0.0	0.0	0.0	3	1.0170073727491007	16.75697506384146	230.0	35	1.05	0.95				
	324	1	0.0	0.0	0.0	0.0	3	1.047261273130791	24.220710891856122	230.0	36	1.05	0.95				
	325	1	0.0	0.0	0.0	0.0	3	1.0197567262458143	16.72330549513238	230.0	35	1.05	0.95				
];
