%% MATPOWER Case Format : Version 2
function mpc = RTS_GMLC
mpc.version = '2';

%%-----  Power Flow Data  -----%%
%% system MVA base
mpc.baseMVA = 100.0;
%% bus data
%    bus_i    type    Pd    Qd    Gs    Bs    area    Vm    Va    baseKV    zone    Vmax    Vmin
mpc.bus = [
	101	2	74.86788717473686	15.250865905964913	0.0	0.0	1	1.0331321408573586	-1.5803908920437801	138.0	11	1.05	0.95				
	102	2	67.24245422175439	13.864423550877195	0.0	0.0	1	1.0331694358432433	-1.6026027937619043	138.0	12	1.05	0.95				
	103	1	124.77981195789476	25.64918356912281	0.0	0.0	1	1.0212237684159982	-3.3795691542706767	138.0	11	1.05	0.95				
	104	1	51.29836713824562	10.398317663157895	0.0	0.0	1	1.0175296876404245	-4.4734586464574075	138.0	11	1.05	0.95				
	105	1	49.21870360561403	9.705096485614037	0.0	0.0	1	1.0324133035394039	-4.387765144715754	138.0	11	1.05	0.95				
	106	1	94.27808014596492	19.410192971228074	0.0	-100.0	1	1.038072873475991	-6.58887162193864	138.0	12	1.05	0.95				
	107	2	86.65264719298247	17.330529438596493	0.0	0.0	1	1.0458284825362367	0.07734033086896114	138.0	12	1.05	0.95				
	108	1	118.54082136000001	24.26274121403509	0.0	0.0	1	1.0240570391426955	-4.018003368341096	138.0	12	1.05	0.95				
	109	1	121.31370607017544	24.955962391578947	0.0	0.0	1	1.0267855481362615	-4.018748097768912	138.0	13	1.05	0.95				
	110	1	135.17812962105265	27.72884710175439	0.0	0.0	1	1.05	-5.046517280047673	138.0	13	1.05	0.95				
	111	1	0.0	0.0	0.0	0.0	1	1.0123231665867067	-1.7603112184868752	230.0	13	1.05	0.95				
	112	1	0.0	0.0	0.0	0.0	1	1.0158388186228646	-0.44092756726076643	230.0	13	1.05	0.95				
	113	3	183.70361204912282	37.43394358736843	0.0	0.0	1	1.0126036096276896	-8.580786807144876e-28	230.0	14	1.05	0.95				
	114	2	134.48490844350877	27.035625924210528	0.0	0.0	1	1.011484490960204	-0.46387117154340335	230.0	16	1.05	0.95				
	115	2	219.75111328140352	44.36615536280702	0.0	0.0	1	1.042891924668021	5.269124944928255	230.0	16	1.05	0.95				
	116	2	69.32211775438597	13.864423550877195	0.0	0.0	1	1.040885216740053	5.539187404115397	230.0	16	1.05	0.95				
	117	1	0.0	0.0	0.0	0.0	1	1.0464180667117369	7.412576193466122	230.0	17	1.05	0.95				
	118	2	230.84265212210528	47.13904007298246	0.0	0.0	1	1.048295209313678	7.533583787736172	230.0	17	1.05	0.95				
	119	1	125.47303313543861	25.64918356912281	0.0	0.0	1	1.036491808365827	5.516868117869602	230.0	15	1.05	0.95				
	120	1	88.73231072561404	18.02375061614035	0.0	0.0	1	1.038689063694253	6.813180418577978	230.0	15	1.05	0.95				
	121	2	0.0	0.0	0.0	0.0	1	1.05	7.641923797009881	230.0	17	1.05	0.95				
	122	2	0.0	0.0	0.0	0.0	1	1.05	14.128370878988008	230.0	17	1.05	0.95				
	123	2	0.0	0.0	0.0	0.0	1	1.0421431960835277	8.035851828742528	230.0	15	1.05	0.95				
	124	1	0.0	0.0	0.0	0.0	1	1.0238170512261107	2.070910766948032	230.0	16	1.05	0.95				
	201	2	61.012435073684216	12.428458996491228	0.0	0.0	2	1.0299472634455087	-1.848274184067323	138.0	21	1.05	0.95				
	202	2	54.798205575438594	11.2985990877193	0.0	0.0	2	1.0299804842664706	-1.8856255526807904	138.0	22	1.05	0.95				
	203	1	101.68739178947371	20.902408312280702	0.0	0.0	2	1.0314402845703825	-1.302620399148793	138.0	21	1.05	0.95				
	204	1	41.804816624561404	8.473949315789474	0.0	0.0	2	1.0186988638549304	-4.143614092337468	138.0	21	1.05	0.95				
	205	1	40.11002676140351	7.9090193614035105	0.0	0.0	2	1.0326834296274694	-4.300112683181729	138.0	21	1.05	0.95				
	206	1	76.83047379649123	15.818038722807021	0.0	-100.0	2	1.041214805648126	-6.207037246314093	138.0	22	1.05	0.95				
	207	2	70.61624429824562	14.123248859649124	0.0	0.0	2	0.9847109180249922	-14.725985080706291	138.0	22	1.05	0.95				
	208	1	96.6030222	19.77254840350877	0.0	0.0	2	0.9888162045790904	-12.062055617534932	138.0	22	1.05	0.95				
	209	1	98.86274201754387	20.337478357894735	0.0	0.0	2	1.026601378171158	-3.694078213719746	138.0	23	1.05	0.95				
	210	1	110.16134110526316	22.5971981754386	0.0	0.0	2	1.05	-4.991859233810067	138.0	23	1.05	0.95				
	211	1	0.0	0.0	0.0	0.0	2	1.0117732574783267	-0.08258942044729499	230.0	23	1.05	0.95				
	212	1	0.0	0.0	0.0	0.0	2	1.0168919999013213	0.4570704528310523	230.0	23	1.05	0.95				
	213	2	149.7064379122807	30.506217536842108	0.0	0.0	2	1.0127269125801217	2.6105903085739572	230.0	24	1.05	0.95				
	214	2	109.59641115087719	22.032268221052632	0.0	0.0	2	1.0150312517446491	1.8813458732422181	230.0	26	1.05	0.95				
	215	2	179.0827955403509	36.155517080701756	0.0	0.0	2	1.0437426808961647	7.906300361326417	230.0	26	1.05	0.95				
	216	2	56.492995438596495	11.2985990877193	0.0	0.0	2	1.044107189125152	7.995844481765678	230.0	26	1.05	0.95				
	217	1	0.0	0.0	0.0	0.0	2	1.04769165603075	10.89052731885193	230.0	27	1.05	0.95				
	218	2	188.12167481052632	38.41523689824562	0.0	0.0	2	1.05	12.017421637751097	230.0	27	1.05	0.95				
	219	1	102.25232174385965	20.902408312280702	0.0	0.0	2	1.0431396516141676	6.725810482724798	230.0	25	1.05	0.95				
	220	1	72.31103416140351	14.688178814035089	0.0	0.0	2	1.0468450134140352	6.685927351141427	230.0	25	1.05	0.95				
	221	2	0.0	0.0	0.0	0.0	2	1.05	12.352091369086486	230.0	27	1.05	0.95				
	222	2	0.0	0.0	0.0	0.0	2	1.05	18.290259599226918	230.0	27	1.05	0.95				
	223	2	0.0	0.0	0.0	0.0	2	1.05	7.077050185465781	230.0	25	1.05	0.95				
	224	1	0.0	0.0	0.0	0.0	2	1.0275389660966951	4.46516789967942	230.0	26	1.05	0.95				
	301	2	70.17779182736842	14.295476112982458	0.0	0.0	3	1.0131459156162481	-32.30093683935356	138.0	31	1.05	0.95				
	302	2	63.030053770877196	12.995887375438597	0.0	0.0	3	1.011769320855982	-32.65965273874205	138.0	32	1.05	0.95				
	303	1	116.96298637894738	24.042391644561402	0.0	0.0	3	1.0189148359737503	-26.473197728337144	138.0	31	1.05	0.95				
	304	1	48.084783289122804	9.746915531578948	0.0	0.0	3	1.0080530736845894	-31.457455672147642	138.0	31	1.05	0.95				
	305	1	46.13540018280702	9.097121162807019	0.0	0.0	3	1.0229379392271323	-32.11824173819436	138.0	31	1.05	0.95				
	306	1	88.37203415298247	18.194242325614038	0.0	-100.0	3	1.0348225994418907	-32.74821871252339	138.0	32	1.05	0.95				
	307	2	81.22429609649123	16.244859219298245	0.0	0.0	3	1.0040267778131957	-35.06733473956495	138.0	32	1.05	0.95				
	308	1	111.11483706	22.74280290701754	0.0	0.0	3	1.000196650783563	-34.47695898139927	138.0	32	1.05	0.95				
	309	1	113.71401453508771	23.392597275789473	0.0	0.0	3	1.0269470398905798	-27.816032880050834	138.0	33	1.05	0.95				
	310	1	126.70990191052631	25.991774750877195	0.0	0.0	3	1.05	-29.85208156203478	138.0	33	1.05	0.95				
	311	1	0.0	0.0	0.0	0.0	3	1.0195500463481972	-22.64350409734924	230.0	33	1.05	0.95				
	312	1	0.0	0.0	0.0	0.0	3	1.0185503041455162	-21.96813220908439	230.0	33	1.05	0.95				
	313	2	172.1955077245614	35.08889591368421	0.0	0.0	3	1.029064030388704	-18.578258354959747	230.0	34	1.05	0.95				
	314	2	126.06010754175439	25.341980382105266	0.0	0.0	3	1.0312495759152818	-20.097440062495895	230.0	36	1.05	0.95				
	315	2	205.98481490070176	41.58683960140351	0.0	0.0	3	1.048184508077767	-12.848638657147736	230.0	36	1.05	0.95				
	316	2	64.97943687719298	12.995887375438597	0.0	0.0	3	1.0487986936460374	-12.580056930937022	230.0	36	1.05	0.95				
	317	1	0.0	0.0	0.0	0.0	3	1.049478904726826	-9.519732139952747	230.0	37	1.05	0.95				
	318	2	216.38152480105265	44.18601707649123	0.0	0.0	3	1.0499999777312898	-8.714323411048124	230.0	37	1.05	0.95				
	319	1	117.6127807477193	24.042391644561402	0.0	0.0	3	1.045013134786433	-13.887344065047346	230.0	35	1.05	0.95				
	320	1	83.17367920280702	16.894653588070177	0.0	0.0	3	1.0472412315844906	-13.810397513497085	230.0	35	1.05	0.95				
	321	2	0.0	0.0	0.0	0.0	3	1.05	-8.396993985908681	230.0	37	1.05	0.95				
	322	2	0.0	0.0	0.0	0.0	3	1.05	-3.0615859340357434	230.0	37	1.05	0.95				
	323	2	0.0	0.0	0.0	0.0	3	1.05	-13.294385597760323	230.0	35	1.05	0.95				
	324	1	0.0	0.0	0.0	0.0	3	1.0198308700145238	-17.86933890237025	230.0	36	1.05	0.95				
	325	1	0.0	0.0	0.0	0.0	3	1.0419554371716686	-11.599823265053308	230.0	35	1.05	0.95				
];
