%% MATPOWER Case Format : Version 2
function mpc = RTS_GMLC
mpc.version = '2';

%%-----  Power Flow Data  -----%%
%% system MVA base
mpc.baseMVA = 100.0;
%% bus data
%    bus_i    type    Pd    Qd    Gs    Bs    area    Vm    Va    baseKV    zone    Vmax    Vmin
mpc.bus = [
	101	2	43.45917862736842	8.852795646315789	0.0	0.0	1	0.9995746026849255	-2.2087563395079726	138.0	11	1.05	0.95				
	102	2	39.032780804210525	8.047996042105265	0.0	0.0	1	0.9979959366596831	-2.744822908593167	138.0	12	1.05	0.95				
	103	1	72.43196437894737	14.888792677894735	0.0	0.0	1	1.02111319643067	2.2429182090958286	138.0	11	1.05	0.95				
	104	1	29.77758535578947	6.035997031578947	0.0	0.0	1	1.0063924523146874	-3.540375016211535	138.0	11	1.05	0.95				
	105	1	28.570385949473682	5.633597229473685	0.0	0.0	1	1.019626526267075	-3.9053177337933196	138.0	11	1.05	0.95				
	106	1	54.726373086315796	11.26719445894737	0.0	-100.0	1	1.0384751880795886	-5.380064337636618	138.0	12	1.05	0.95				
	107	2	50.29997526315789	10.05999505263158	0.0	0.0	1	0.9867960794698539	-11.478771801093828	138.0	12	1.05	0.95				
	108	1	68.81036616	14.083993073684208	0.0	0.0	1	0.9960843394202098	-9.279941736191764	138.0	12	1.05	0.95				
	109	1	70.41996536842106	14.486392875789472	0.0	0.0	1	1.0245007454462176	-2.497315445223808	138.0	13	1.05	0.95				
	110	1	78.46796141052631	16.09599208421053	0.0	0.0	1	1.05	-4.2746986147360095	138.0	13	1.05	0.95				
	111	1	0.0	0.0	0.0	0.0	1	1.018803178696463	0.5293396007934272	230.0	13	1.05	0.95				
	112	1	0.0	0.0	0.0	0.0	1	1.0144259995891631	-0.8728106606319266	230.0	13	1.05	0.95				
	113	3	106.63594755789474	21.72958931368421	0.0	0.0	1	0.9971103322323825	-1.3329998963890513e-25	230.0	14	1.05	0.95				
	114	2	78.06556160842105	15.693592282105264	0.0	0.0	1	1.05	4.775186741217956	230.0	16	1.05	0.95				
	115	2	127.56073726736842	25.753587334736842	0.0	0.0	1	1.040262575702986	15.684504987237382	230.0	16	1.05	0.95				
	116	2	40.23998021052632	8.047996042105265	0.0	0.0	1	1.0409610555811302	13.440152015830924	230.0	16	1.05	0.95				
	117	1	0.0	0.0	0.0	0.0	1	1.0397753120710131	20.209735113971387	230.0	17	1.05	0.95				
	118	2	133.99913410105265	27.363186543157898	0.0	0.0	1	1.05	21.12757004453472	230.0	17	1.05	0.95				
	119	1	72.83436418105263	14.888792677894735	0.0	0.0	1	1.0386866072981331	8.426160334913307	230.0	15	1.05	0.95				
	120	1	51.507174669473685	10.462394854736843	0.0	0.0	1	1.0450110100352143	4.854333063570436	230.0	15	1.05	0.95				
	121	2	0.0	0.0	0.0	0.0	1	1.0454968716164192	22.997654345406236	230.0	17	1.05	0.95				
	122	2	0.0	0.0	0.0	0.0	1	1.05	40.93965975779723	230.0	17	1.05	0.95				
	123	2	0.0	0.0	0.0	0.0	1	1.05	3.2051984974776824	230.0	15	1.05	0.95				
	124	1	0.0	0.0	0.0	0.0	1	1.0160613667254792	10.686156874548354	230.0	16	1.05	0.95				
	201	2	43.40059813894738	8.84086258385965	0.0	0.0	2	1.0226306726343	-17.554369390251473	138.0	21	1.05	0.95				
	202	2	38.98016684701755	8.037147803508773	0.0	0.0	2	1.0216589950903803	-17.847400924264157	138.0	22	1.05	0.95				
	203	1	72.33433023157896	14.86872343649123	0.0	0.0	2	1.0136624194335337	-12.947777637551269	138.0	21	1.05	0.95				
	204	1	29.73744687298246	6.027860852631579	0.0	0.0	2	1.0148961361640165	-17.39082020951955	138.0	21	1.05	0.95				
	205	1	28.531874702456143	5.626003462456142	0.0	0.0	2	1.031383728554427	-17.883551420313108	138.0	21	1.05	0.95				
	206	1	54.65260506385966	11.252006924912283	0.0	-100.0	2	1.044289405972467	-18.57778723119478	138.0	22	1.05	0.95				
	207	2	50.23217377192984	10.046434754385967	0.0	0.0	2	1.003351643347055	-23.42223303779785	138.0	22	1.05	0.95				
	208	1	68.71761372	14.065008656140352	0.0	0.0	2	1.0053523384205654	-21.583893053154693	138.0	22	1.05	0.95				
	209	1	70.32504328070176	14.46686604631579	0.0	0.0	2	1.0208482924144244	-15.348298459168785	138.0	23	1.05	0.95				
	210	1	78.36219108421054	16.074295607017547	0.0	0.0	2	1.049630826715597	-16.926119292684547	138.0	23	1.05	0.95				
	211	1	0.0	0.0	0.0	0.0	2	1.0060722020303197	-12.384839884748114	230.0	23	1.05	0.95				
	212	1	0.0	0.0	0.0	0.0	2	0.9975065671740407	-11.574917657217235	230.0	23	1.05	0.95				
	213	2	106.49220839649122	21.70029906947369	0.0	0.0	2	0.9936713764064236	-10.938901950766395	230.0	24	1.05	0.95				
	214	2	77.9603336940351	15.672438216842108	0.0	0.0	2	1.016444429228065	-9.806232547567708	230.0	26	1.05	0.95				
	215	2	127.38879268561405	25.718872971228073	0.0	0.0	2	1.0256668098632835	-2.9611817246099155	230.0	26	1.05	0.95				
	216	2	40.18573901754387	8.037147803508773	0.0	0.0	2	1.0238470631576047	-3.6107593121853765	230.0	26	1.05	0.95				
	217	1	0.0	0.0	0.0	0.0	2	1.0344563563519336	-1.370913975949865	230.0	27	1.05	0.95				
	218	2	133.81851092842106	27.32630253192983	0.0	0.0	2	1.0341342945913738	-1.9054458424845726	230.0	27	1.05	0.95				
	219	1	72.7361876217544	14.86872343649123	0.0	0.0	2	1.0101417815493567	-3.5182070368656673	230.0	25	1.05	0.95				
	220	1	51.43774594245615	10.448292144561405	0.0	0.0	2	1.0009209557021146	-2.620706056080233	230.0	25	1.05	0.95				
	221	2	0.0	0.0	0.0	0.0	2	1.0341106927312962	-1.4557096145484973	230.0	27	1.05	0.95				
	222	2	0.0	0.0	0.0	0.0	2	1.05	5.074506889412601	230.0	27	1.05	0.95				
	223	2	0.0	0.0	0.0	0.0	2	0.9966117533091996	-1.789328344785128	230.0	25	1.05	0.95				
	224	1	0.0	0.0	0.0	0.0	2	1.0088767960829517	-6.694938229804593	230.0	26	1.05	0.95				
	301	2	42.28092375157895	8.612780764210527	0.0	0.0	3	1.0092377339759706	17.555407355922547	138.0	31	1.05	0.95				
	302	2	37.97453336947368	7.829800694736844	0.0	0.0	3	1.008523827452805	17.18847686058274	138.0	32	1.05	0.95				
	303	1	70.46820625263159	14.485131285263158	0.0	0.0	3	1.05	32.03645844758383	138.0	31	1.05	0.95				
	304	1	28.970262570526316	5.872350521052631	0.0	0.0	3	1.007007566116248	18.275272919274297	138.0	31	1.05	0.95				
	305	1	27.79579246631579	5.48086048631579	0.0	0.0	3	1.021772436782031	15.838938356783931	138.0	31	1.05	0.95				
	306	1	53.24264472421053	10.96172097263158	0.0	-100.0	3	1.0366910484862413	14.390422804443967	138.0	32	1.05	0.95				
	307	2	48.936254342105265	9.787250868421053	0.0	0.0	3	0.95	11.32106044446577	138.0	32	1.05	0.95				
	308	1	66.94479594	13.702151215789474	0.0	0.0	3	0.9725084326223344	12.958208441118778	138.0	32	1.05	0.95				
	309	1	68.51075607894738	14.093641250526314	0.0	0.0	3	1.0174858978035008	20.801709122169523	138.0	33	1.05	0.95				
	310	1	76.34055677368421	15.659601389473687	0.0	0.0	3	1.0440476699042633	15.39491819956967	138.0	33	1.05	0.95				
	311	1	0.0	0.0	0.0	0.0	3	1.0077732297972015	18.747284537472474	230.0	33	1.05	0.95				
	312	1	0.0	0.0	0.0	0.0	3	1.0122664914634114	18.685767810473887	230.0	33	1.05	0.95				
	313	2	103.74485920526315	21.140461875789477	0.0	0.0	3	1.0066557306726458	18.568955516009705	230.0	34	1.05	0.95				
	314	2	75.94906673894737	15.268111354736844	0.0	0.0	3	1.0067952048831583	19.631981965135427	230.0	36	1.05	0.95				
	315	2	124.10234101157896	25.055362223157896	0.0	0.0	3	1.05	23.648644058840873	230.0	36	1.05	0.95				
	316	2	39.14900347368421	7.829800694736844	0.0	0.0	3	1.0437553946978007	23.11570352794032	230.0	36	1.05	0.95				
	317	1	0.0	0.0	0.0	0.0	3	1.0493815295998041	27.75249594576039	230.0	37	1.05	0.95				
	318	2	130.36618156736844	26.621322362105264	0.0	0.0	3	1.0401802453449993	24.09084551241432	230.0	37	1.05	0.95				
	319	1	70.85969628736842	14.485131285263158	0.0	0.0	3	1.0331783365234801	21.35295890910443	230.0	35	1.05	0.95				
	320	1	50.11072444631579	10.178740903157896	0.0	0.0	3	1.0269625718893212	20.554983943623096	230.0	35	1.05	0.95				
	321	2	0.0	0.0	0.0	0.0	3	1.0499998710192064	24.5897732246848	230.0	37	1.05	0.95				
	322	2	0.0	0.0	0.0	0.0	3	1.05	30.177895405491917	230.0	37	1.05	0.95				
	323	2	0.0	0.0	0.0	0.0	3	1.023873670837588	20.416772553688435	230.0	35	1.05	0.95				
	324	1	0.0	0.0	0.0	0.0	3	1.0472067111388614	26.855689185728636	230.0	36	1.05	0.95				
	325	1	0.0	0.0	0.0	0.0	3	1.0260177407221147	20.64775903395207	230.0	35	1.05	0.95				
];
