%% MATPOWER Case Format : Version 2
function mpc = RTS_GMLC
mpc.version = '2';

%%-----  Power Flow Data  -----%%
%% system MVA base
mpc.baseMVA = 100.0;
%% bus data
%    bus_i    type    Pd    Qd    Gs    Bs    area    Vm    Va    baseKV    zone    Vmax    Vmin
mpc.bus = [
	101	2	44.02028698105263	8.967095496140349	0.0	0.0	1	1.0361417748792272	2.9229991370987687	138.0	11	1.05	0.95				
	102	2	39.53673923298245	8.151904996491227	0.0	0.0	1	1.035737913727896	2.7938973309555233	138.0	12	1.05	0.95				
	103	1	73.36714496842104	15.08102424350877	0.0	0.0	1	1.029736142711882	0.27340069343396256	138.0	11	1.05	0.95				
	104	1	30.16204848701754	6.11392874736842	0.0	0.0	1	1.0228495454947149	-0.6435354411497953	138.0	11	1.05	0.95				
	105	1	28.939262737543853	5.70633349754386	0.0	0.0	1	1.0373465239547233	-0.3621228518444029	138.0	11	1.05	0.95				
	106	1	55.432953976140354	11.41266699508772	0.0	-100.0	1	1.0464856313062594	-2.6266125980347446	138.0	12	1.05	0.95				
	107	2	50.949406228070174	10.189881245614034	0.0	0.0	1	1.0006041876089706	-7.585921178016379	138.0	12	1.05	0.95				
	108	1	69.69878771999998	14.265833743859647	0.0	0.0	1	1.0054514988137226	-6.541069990124257	138.0	12	1.05	0.95				
	109	1	71.32916871929824	14.67342899368421	0.0	0.0	1	1.0249271808349412	-1.8144186120066244	138.0	13	1.05	0.95				
	110	1	79.48107371578946	16.303809992982455	0.0	0.0	1	1.05	-2.418192507869727	138.0	13	1.05	0.95				
	111	1	0.0	0.0	0.0	0.0	1	1.002813175234201	-0.3100962449191421	230.0	13	1.05	0.95				
	112	1	0.0	0.0	0.0	0.0	1	1.0079896451786101	0.1733593343540292	230.0	13	1.05	0.95				
	113	3	108.01274120350877	22.010143490526314	0.0	0.0	1	0.9939818902441263	1.8304959448476906e-29	230.0	14	1.05	0.95				
	114	2	79.0734784659649	15.896214743157893	0.0	0.0	1	0.9986233271987646	1.3576346138243802	230.0	16	1.05	0.95				
	115	2	129.20769419438597	26.08609598877193	0.0	0.0	1	1.038374547534658	6.330565457854237	230.0	16	1.05	0.95				
	116	2	40.759524982456135	8.151904996491227	0.0	0.0	1	1.0333128260302251	6.048112872665648	230.0	16	1.05	0.95				
	117	1	0.0	0.0	0.0	0.0	1	1.0420769115042103	7.635641795531841	230.0	17	1.05	0.95				
	118	2	135.72921819157892	27.716476988070177	0.0	0.0	1	1.04521188254118	7.478497493786484	230.0	17	1.05	0.95				
	119	1	73.77474021824561	15.08102424350877	0.0	0.0	1	1.0266521413127692	5.360044052497024	230.0	15	1.05	0.95				
	120	1	52.17219197754386	10.597476495438595	0.0	0.0	1	1.0235196489665566	5.554136250830657	230.0	15	1.05	0.95				
	121	2	0.0	0.0	0.0	0.0	1	1.05	8.26118973063457	230.0	17	1.05	0.95				
	122	2	0.0	0.0	0.0	0.0	1	1.05	15.224911515198007	230.0	17	1.05	0.95				
	123	2	0.0	0.0	0.0	0.0	1	1.02229831095841	5.9792229202849505	230.0	15	1.05	0.95				
	124	1	0.0	0.0	0.0	0.0	1	1.0268443781377603	4.065476224268368	230.0	16	1.05	0.95				
	201	2	44.36958918315789	9.038249648421052	0.0	0.0	2	1.025996913848379	-6.003790351325095	138.0	21	1.05	0.95				
	202	2	39.85046435894736	8.216590589473684	0.0	0.0	2	1.0268524462004172	-5.830405613231939	138.0	22	1.05	0.95				
	203	1	73.94931530526316	15.200692590526312	0.0	0.0	2	1.0187339233079085	-5.821924377111649	138.0	21	1.05	0.95				
	204	1	30.401385181052625	6.162442942105263	0.0	0.0	2	1.0184267097342303	-7.7612088726591395	138.0	21	1.05	0.95				
	205	1	29.168896592631576	5.7516134126315785	0.0	0.0	2	1.0329442905936546	-7.955390019799266	138.0	21	1.05	0.95				
	206	1	55.872816008421054	11.503226825263157	0.0	-100.0	2	1.0450274753990232	-9.41884587052835	138.0	22	1.05	0.95				
	207	2	51.353691184210525	10.270738236842105	0.0	0.0	2	0.9903843853720785	-15.450580002530847	138.0	22	1.05	0.95				
	208	1	70.25184954	14.379033531578944	0.0	0.0	2	0.9981043876310737	-13.618203360290549	138.0	22	1.05	0.95				
	209	1	71.89516765789473	14.78986306105263	0.0	0.0	2	1.0230819504258977	-7.652973763640521	138.0	23	1.05	0.95				
	210	1	80.11175824736841	16.43318117894737	0.0	0.0	2	1.05	-8.61496467832874	138.0	23	1.05	0.95				
	211	1	0.0	0.0	0.0	0.0	2	1.0041143684973175	-5.129268111640713	230.0	23	1.05	0.95				
	212	1	0.0	0.0	0.0	0.0	2	1.008906380481249	-4.696930047178125	230.0	23	1.05	0.95				
	213	2	108.8698253105263	22.184794591578946	0.0	0.0	2	0.9972959009927359	-4.344519986762137	230.0	24	1.05	0.95				
	214	2	79.70092871789473	16.022351649473684	0.0	0.0	2	1.0039021485307857	-2.6861028838506615	230.0	26	1.05	0.95				
	215	2	130.23296084315788	26.29308988631579	0.0	0.0	2	1.0262073295568301	3.3794545362918837	230.0	26	1.05	0.95				
	216	2	41.08295294736842	8.216590589473684	0.0	0.0	2	1.0274780286721152	3.205659723489158	230.0	26	1.05	0.95				
	217	1	0.0	0.0	0.0	0.0	2	1.033145056311623	5.809186638182672	230.0	27	1.05	0.95				
	218	2	136.80623331473683	27.936408004210527	0.0	0.0	2	1.0347585472200582	6.293503307050336	230.0	27	1.05	0.95				
	219	1	74.36014483473684	15.200692590526312	0.0	0.0	2	1.0277492382012814	2.2875053496240887	230.0	25	1.05	0.95				
	220	1	52.58617977263158	10.681567766315789	0.0	0.0	2	1.0307332581263857	2.2915010160653617	230.0	25	1.05	0.95				
	221	2	0.0	0.0	0.0	0.0	2	1.034840681159421	6.082294224068736	230.0	27	1.05	0.95				
	222	2	0.0	0.0	0.0	0.0	2	1.05	12.471841540213047	230.0	27	1.05	0.95				
	223	2	0.0	0.0	0.0	0.0	2	1.0328354108492308	2.606436475713812	230.0	25	1.05	0.95				
	224	1	0.0	0.0	0.0	0.0	2	1.0120157157243068	-0.07551447676436243	230.0	26	1.05	0.95				
	301	2	49.26795317052631	10.036064534736841	0.0	0.0	3	1.0071879589515795	-26.41720920169621	138.0	31	1.05	0.95				
	302	2	44.24992090315789	9.123695031578947	0.0	0.0	3	1.0067240540671465	-26.52738937448082	138.0	32	1.05	0.95				
	303	1	82.11325528421052	16.87883580842105	0.0	0.0	3	1.022362604549977	-20.874458263612972	138.0	31	1.05	0.95				
	304	1	33.7576716168421	6.84277127368421	0.0	0.0	3	1.0093305363743983	-24.998754453190184	138.0	31	1.05	0.95				
	305	1	32.38911736210526	6.3865865221052625	0.0	0.0	3	1.022563350383374	-25.73488014987547	138.0	31	1.05	0.95				
	306	1	62.04112621473684	12.773173044210525	0.0	-100.0	3	1.0393042666328653	-25.891043111346402	138.0	32	1.05	0.95				
	307	2	57.02309394736842	11.404618789473684	0.0	0.0	3	0.9932382782243624	-30.955662898783405	138.0	32	1.05	0.95				
	308	1	78.00759251999999	15.966466305263156	0.0	0.0	3	0.9984965219791037	-28.87662963714682	138.0	32	1.05	0.95				
	309	1	79.83233152631578	16.422651056842103	0.0	0.0	3	1.0260982483866539	-21.882025892530603	138.0	33	1.05	0.95				
	310	1	88.95602655789473	18.247390063157894	0.0	0.0	3	1.05	-23.58568585493183	138.0	33	1.05	0.95				
	311	1	0.0	0.0	0.0	0.0	3	1.0104405765842102	-17.461545975372125	230.0	33	1.05	0.95				
	312	1	0.0	0.0	0.0	0.0	3	1.0125851831018953	-16.892621538204867	230.0	33	1.05	0.95				
	313	2	120.88895916842104	24.633976585263156	0.0	0.0	3	1.0134908781829055	-13.799724886468844	230.0	34	1.05	0.95				
	314	2	88.49984180631579	17.79120531157895	0.0	0.0	3	1.0150582663309395	-15.33286835589272	230.0	36	1.05	0.95				
	315	2	144.61056625052632	29.19582410105263	0.0	0.0	3	1.03911693627238	-10.226479996407967	230.0	36	1.05	0.95				
	316	2	45.618475157894736	9.123695031578947	0.0	0.0	3	1.038380834250708	-9.61167068882582	230.0	36	1.05	0.95				
	317	1	0.0	0.0	0.0	0.0	3	1.0421245119800553	-7.808890896224987	230.0	37	1.05	0.95				
	318	2	151.90952227578947	31.02056310736842	0.0	0.0	3	1.0419240630909037	-7.468384185902906	230.0	37	1.05	0.95				
	319	1	82.56944003578947	16.87883580842105	0.0	0.0	3	1.035517104453807	-10.355003010227383	230.0	35	1.05	0.95				
	320	1	58.39164820210526	11.860803541052631	0.0	0.0	3	1.03620233804421	-10.128325064948088	230.0	35	1.05	0.95				
	321	2	0.0	0.0	0.0	0.0	3	1.0437469098572232	-7.328978333147024	230.0	37	1.05	0.95				
	322	2	0.0	0.0	0.0	0.0	3	1.05	-3.1911522774553593	230.0	37	1.05	0.95				
	323	2	0.0	0.0	0.0	0.0	3	1.0372780868763012	-9.659935151849949	230.0	35	1.05	0.95				
	324	1	0.0	0.0	0.0	0.0	3	1.019582330336518	-14.19073958345305	230.0	36	1.05	0.95				
	325	1	0.0	0.0	0.0	0.0	3	1.0322176781385701	-8.175723607671049	230.0	35	1.05	0.95				
];
