%% MATPOWER Case Format : Version 2
function mpc = RTS_GMLC
mpc.version = '2';

%%-----  Power Flow Data  -----%%
%% system MVA base
mpc.baseMVA = 100.0;
%% bus data
%    bus_i    type    Pd    Qd    Gs    Bs    area    Vm    Va    baseKV    zone    Vmax    Vmin
mpc.bus = [
	101	2	44.84858979789474	9.1358238477193	0.0	0.0	1	1.0314726838327326	2.3179340513303717	138.0	11	1.05	0.95				
	102	2	40.280677874035085	8.305294407017543	0.0	0.0	1	1.030500739007034	2.0253640905676518	138.0	12	1.05	0.95				
	103	1	74.7476496631579	15.364794652982456	0.0	0.0	1	1.0307482998808994	1.9023287169167413	138.0	11	1.05	0.95				
	104	1	30.72958930596491	6.228970805263158	0.0	0.0	1	1.0203851083094844	-0.9851518382915952	138.0	11	1.05	0.95				
	105	1	29.48379514491228	5.8137060849122815	0.0	0.0	1	1.034939975271947	-0.8785182896896861	138.0	11	1.05	0.95				
	106	1	56.476001967719306	11.627412169824563	0.0	-100.0	1	1.0451356980462065	-3.13508489134298	138.0	12	1.05	0.95				
	107	2	51.908090043859644	10.38161800877193	0.0	0.0	1	0.9989880004638781	-9.850705467592057	138.0	12	1.05	0.95				
	108	1	71.01026718	14.534265212280701	0.0	0.0	1	1.0031528899426627	-7.922890262258383	138.0	12	1.05	0.95				
	109	1	72.6713260614035	14.949529932631577	0.0	0.0	1	1.0245589503607155	-1.756488812213739	138.0	13	1.05	0.95				
	110	1	80.97662046842105	16.610588814035086	0.0	0.0	1	1.05	-2.8027374436499266	138.0	13	1.05	0.95				
	111	1	0.0	0.0	0.0	0.0	1	1.0054081085533235	0.31671955372992033	230.0	13	1.05	0.95				
	112	1	0.0	0.0	0.0	0.0	1	1.009023079120053	-0.3084551147344829	230.0	13	1.05	0.95				
	113	3	110.04515089298246	22.42429489894737	0.0	0.0	1	0.9959997488523119	-4.848835202986279e-28	230.0	14	1.05	0.95				
	114	2	80.56135574807017	16.19532409368421	0.0	0.0	1	1.0072848132388137	3.295814527725844	230.0	16	1.05	0.95				
	115	2	131.63891635122806	26.57694210245614	0.0	0.0	1	1.0429551452575312	11.200085288213161	230.0	16	1.05	0.95				
	116	2	41.52647203508772	8.305294407017543	0.0	0.0	1	1.0360766448512686	9.89685415989284	230.0	16	1.05	0.95				
	117	1	0.0	0.0	0.0	0.0	1	1.0403671373879981	15.013604263761284	230.0	17	1.05	0.95				
	118	2	138.2831518768421	28.238000983859653	0.0	0.0	1	1.049999982938068	15.249155008206124	230.0	17	1.05	0.95				
	119	1	75.16291438350878	15.364794652982456	0.0	0.0	1	1.025576594779886	6.6592856490516175	230.0	15	1.05	0.95				
	120	1	53.15388420491228	10.796882729122807	0.0	0.0	1	1.0214310995561602	4.62106998250015	230.0	15	1.05	0.95				
	121	2	0.0	0.0	0.0	0.0	1	1.05	16.481972219374605	230.0	17	1.05	0.95				
	122	2	0.0	0.0	0.0	0.0	1	1.05	34.05415984446497	230.0	17	1.05	0.95				
	123	2	0.0	0.0	0.0	0.0	1	1.0198750240193766	3.8174083447942713	230.0	15	1.05	0.95				
	124	1	0.0	0.0	0.0	0.0	1	1.0266938175715428	7.725245267516314	230.0	16	1.05	0.95				
	201	2	44.01259249263158	8.965528100350877	0.0	0.0	2	1.0148305740348753	-13.669549463482028	138.0	21	1.05	0.95				
	202	2	39.529828442456136	8.15048009122807	0.0	0.0	2	1.0142881992372985	-13.866459847631122	138.0	22	1.05	0.95				
	203	1	73.35432082105264	15.078388168771928	0.0	0.0	2	1.0152034076182062	-10.21021261222749	138.0	21	1.05	0.95				
	204	1	30.156776337543857	6.112860068421052	0.0	0.0	2	1.012726176180422	-13.855709146842232	138.0	21	1.05	0.95				
	205	1	28.934204323859646	5.705336063859649	0.0	0.0	2	1.027512437304043	-14.271816085013867	138.0	21	1.05	0.95				
	206	1	55.42326462035088	11.410672127719298	0.0	-100.0	2	1.0425661721947659	-15.093773041871495	138.0	22	1.05	0.95				
	207	2	50.94050057017543	10.188100114035088	0.0	0.0	2	0.9941775831544799	-20.147590428898614	138.0	22	1.05	0.95				
	208	1	69.68660478	14.263340159649122	0.0	0.0	2	1.0003821955838599	-18.319547705265844	138.0	22	1.05	0.95				
	209	1	71.31670079824562	14.670864164210526	0.0	0.0	2	1.022949662076623	-12.155969966074997	138.0	23	1.05	0.95				
	210	1	79.46718088947368	16.30096018245614	0.0	0.0	2	1.05	-13.563693682961976	138.0	23	1.05	0.95				
	211	1	0.0	0.0	0.0	0.0	2	1.006249709495852	-9.181741309416084	230.0	23	1.05	0.95				
	212	1	0.0	0.0	0.0	0.0	2	1.0085045425116932	-8.316424774210184	230.0	23	1.05	0.95				
	213	2	107.99386120877192	22.00629624631579	0.0	0.0	2	1.0028540826825763	-7.715140438239696	230.0	24	1.05	0.95				
	214	2	79.05965688491227	15.893436177894735	0.0	0.0	2	1.0074396731815713	-6.678770887803712	230.0	26	1.05	0.95				
	215	2	129.1851094459649	26.081536291929826	0.0	0.0	2	1.0227219337558462	-0.5398913419887545	230.0	26	1.05	0.95				
	216	2	40.75240045614035	8.15048009122807	0.0	0.0	2	1.0245241694554472	-0.6656244047110528	230.0	26	1.05	0.95				
	217	1	0.0	0.0	0.0	0.0	2	1.0285129224830483	0.9623727717283616	230.0	27	1.05	0.95				
	218	2	135.70549351894735	27.71163231017544	0.0	0.0	2	1.027716973214864	0.44551224250392607	230.0	27	1.05	0.95				
	219	1	73.76184482561403	15.078388168771928	0.0	0.0	2	1.0260127127217273	-0.6037604016801043	230.0	25	1.05	0.95				
	220	1	52.16307258385965	10.59562411859649	0.0	0.0	2	1.029945139930293	0.24489738286098972	230.0	25	1.05	0.95				
	221	2	0.0	0.0	0.0	0.0	2	1.0294737775939595	0.9208770662518377	230.0	27	1.05	0.95				
	222	2	0.0	0.0	0.0	0.0	2	1.049999994275984	7.4287161084374	230.0	27	1.05	0.95				
	223	2	0.0	0.0	0.0	0.0	2	1.0327907067693782	1.0194320983379572	230.0	25	1.05	0.95				
	224	1	0.0	0.0	0.0	0.0	2	1.0080157164146577	-4.171388284156026	230.0	26	1.05	0.95				
	301	2	43.886744715789476	8.939892442105263	0.0	0.0	3	1.0082245590984775	-13.97997759954686	138.0	31	1.05	0.95				
	302	2	39.41679849473684	8.12717494736842	0.0	0.0	3	1.0081281840767162	-14.08028631969343	138.0	32	1.05	0.95				
	303	1	73.1445745263158	15.035273652631579	0.0	0.0	3	1.0236403458625218	-9.150685273441185	138.0	31	1.05	0.95				
	304	1	30.070547305263158	6.095381210526315	0.0	0.0	3	1.0109739382490468	-12.73269148406843	138.0	31	1.05	0.95				
	305	1	28.85147106315789	5.689022463157896	0.0	0.0	3	1.0238748138509985	-13.387797805222325	138.0	31	1.05	0.95				
	306	1	55.264789642105264	11.378044926315791	0.0	-100.0	3	1.0411173399556173	-13.550858678157995	138.0	32	1.05	0.95				
	307	2	50.794843421052626	10.158968684210526	0.0	0.0	3	0.9906118078475039	-17.92570304934772	138.0	32	1.05	0.95				
	308	1	69.4873458	14.222556157894736	0.0	0.0	3	0.9989890715796788	-16.126663458979536	138.0	32	1.05	0.95				
	309	1	71.11278078947369	14.628914905263157	0.0	0.0	3	1.0257685805851047	-9.962983649847448	138.0	33	1.05	0.95				
	310	1	79.2399557368421	16.25434989473684	0.0	0.0	3	1.05	-11.486935645513766	138.0	33	1.05	0.95				
	311	1	0.0	0.0	0.0	0.0	3	1.0064889576865526	-6.040201863850985	230.0	33	1.05	0.95				
	312	1	0.0	0.0	0.0	0.0	3	1.0109120687190067	-5.459017404905333	230.0	33	1.05	0.95				
	313	2	107.68506805263156	21.943372357894738	0.0	0.0	3	1.0101935012817145	-2.454167572630991	230.0	34	1.05	0.95				
	314	2	78.83359698947368	15.84799114736842	0.0	0.0	3	1.0044578802464292	-4.382159979248296	230.0	36	1.05	0.95				
	315	2	128.81572291578948	26.006959831578946	0.0	0.0	3	1.0348831447623288	-0.1367512890848755	230.0	36	1.05	0.95				
	316	2	40.635874736842105	8.12717494736842	0.0	0.0	3	1.0340658202091189	0.3208541364614934	230.0	36	1.05	0.95				
	317	1	0.0	0.0	0.0	0.0	3	1.0451317045722481	4.609818914865724	230.0	37	1.05	0.95				
	318	2	135.3174628736842	27.632394821052632	0.0	0.0	3	1.0421463109680158	2.902561755682451	230.0	37	1.05	0.95				
	319	1	73.55093327368421	15.035273652631579	0.0	0.0	3	1.0296756089892614	-0.1531045383249434	230.0	35	1.05	0.95				
	320	1	52.01391966315789	10.565327431578947	0.0	0.0	3	1.0284456705196854	0.22265453040798316	230.0	35	1.05	0.95				
	321	2	0.0	0.0	0.0	0.0	3	1.0414604270420742	2.491571366318992	230.0	37	1.05	0.95				
	322	2	0.0	0.0	0.0	0.0	3	1.05	7.651026723862107	230.0	37	1.05	0.95				
	323	2	0.0	0.0	0.0	0.0	3	1.028293687558548	0.7427931425518433	230.0	35	1.05	0.95				
	324	1	0.0	0.0	0.0	0.0	3	1.0193953146552686	-3.50794753583744	230.0	36	1.05	0.95				
	325	1	0.0	0.0	0.0	0.0	3	1.025242476904195	2.068523368773534	230.0	35	1.05	0.95				
];
