%% MATPOWER Case Format : Version 2
function mpc = RTS_GMLC
mpc.version = '2';

%%-----  Power Flow Data  -----%%
%% system MVA base
mpc.baseMVA = 100.0;
%% bus data
%    bus_i    type    Pd    Qd    Gs    Bs    area    Vm    Va    baseKV    zone    Vmax    Vmin
mpc.bus = [
	101	2	61.86887677894737	12.602919343859648	0.0	0.0	1	1.0445254564844066	2.9386227984969837	138.0	11	1.05	0.95				
	102	2	55.56741710701753	11.457199403508772	0.0	0.0	1	1.0434058855931152	2.554095271363523	138.0	12	1.05	0.95				
	103	1	103.11479463157893	21.195818896491225	0.0	0.0	1	1.0322805639216075	1.3940605198617169	138.0	11	1.05	0.95				
	104	1	42.39163779298245	8.592899552631577	0.0	0.0	1	1.0259645530669226	-1.1541549999158809	138.0	11	1.05	0.95				
	105	1	40.673057882456135	8.020039582456139	0.0	0.0	1	1.0383809857025328	-1.5281427626784487	138.0	11	1.05	0.95				
	106	1	77.90895594385965	16.040079164912278	0.0	-100.0	1	1.0427933401769145	-4.640921964292007	138.0	12	1.05	0.95				
	107	2	71.60749627192982	14.321499254385964	0.0	0.0	1	0.9973306327980892	-14.876319703895495	138.0	12	1.05	0.95				
	108	1	97.95905489999998	20.050098956140346	0.0	0.0	1	0.9950298082421295	-11.885449637119343	138.0	12	1.05	0.95				
	109	1	100.25049478070174	20.62295892631579	0.0	0.0	1	1.0255484112642208	-3.0011442655209746	138.0	13	1.05	0.95				
	110	1	111.70769418421051	22.914398807017545	0.0	0.0	1	1.05	-4.312725053900035	138.0	13	1.05	0.95				
	111	1	0.0	0.0	0.0	0.0	1	1.0113761889848971	-0.5537510657954029	230.0	13	1.05	0.95				
	112	1	0.0	0.0	0.0	0.0	1	1.0159879557033702	-0.6746449358542527	230.0	13	1.05	0.95				
	113	3	151.8078920964912	30.934438389473684	0.0	0.0	1	1.0102000177064363	3.809535390301887e-30	230.0	14	1.05	0.95				
	114	2	111.13483421403507	22.341538836842105	0.0	0.0	1	1.0127238345896847	2.131326150874056	230.0	16	1.05	0.95				
	115	2	181.59661054561403	36.66303809122807	0.0	0.0	1	1.0447689267561455	10.245059584508635	230.0	16	1.05	0.95				
	116	2	57.285997017543856	11.457199403508772	0.0	0.0	1	1.0417968812202134	9.296436568001626	230.0	16	1.05	0.95				
	117	1	0.0	0.0	0.0	0.0	1	1.0448413604446438	13.375817259089088	230.0	17	1.05	0.95				
	118	2	190.76237006842106	38.954477971929826	0.0	0.0	1	1.0489653157660332	13.968354870680209	230.0	17	1.05	0.95				
	119	1	103.68765460175437	21.195818896491225	0.0	0.0	1	1.0352493706639638	6.747814712976825	230.0	15	1.05	0.95				
	120	1	73.32607618245613	14.894359224561402	0.0	0.0	1	1.0345934079156967	5.259164682383617	230.0	15	1.05	0.95				
	121	2	0.0	0.0	0.0	0.0	1	1.05	15.574939059940148	230.0	17	1.05	0.95				
	122	2	0.0	0.0	0.0	0.0	1	1.05	25.481723461203526	230.0	17	1.05	0.95				
	123	2	0.0	0.0	0.0	0.0	1	1.0354615516563612	4.870142113063928	230.0	15	1.05	0.95				
	124	1	0.0	0.0	0.0	0.0	1	1.0288904995395045	6.939117358436413	230.0	16	1.05	0.95				
	201	2	63.93640801263159	13.024083113684211	0.0	0.0	2	1.0237673825178153	-18.994003352778464	138.0	21	1.05	0.95				
	202	2	57.424366455789475	11.840075557894739	0.0	0.0	2	1.0247387878917869	-18.869179564848526	138.0	22	1.05	0.95				
	203	1	106.56068002105266	21.904139782105265	0.0	0.0	2	1.0147659204702588	-15.749113504838714	138.0	21	1.05	0.95				
	204	1	43.80827956421053	8.880056668421053	0.0	0.0	2	1.0141567173100003	-20.13448817318785	138.0	21	1.05	0.95				
	205	1	42.03226823052632	8.288052890526318	0.0	0.0	2	1.02941735474986	-20.661174307589093	138.0	21	1.05	0.95				
	206	1	80.51251379368422	16.576105781052636	0.0	-100.0	2	1.0394812915774185	-22.12271377795641	138.0	22	1.05	0.95				
	207	2	74.00047223684211	14.800094447368423	0.0	0.0	2	0.9893142898367383	-30.62225768556052	138.0	22	1.05	0.95				
	208	1	101.23264602000002	20.72013222631579	0.0	0.0	2	0.9894636899616596	-27.780991681457703	138.0	22	1.05	0.95				
	209	1	103.60066113157896	21.312136004210526	0.0	0.0	2	1.0235023418082196	-18.74166086682811	138.0	23	1.05	0.95				
	210	1	115.4407366894737	23.680151115789478	0.0	0.0	2	1.05	-20.455684456076433	138.0	23	1.05	0.95				
	211	1	0.0	0.0	0.0	0.0	2	1.0173237424027144	-14.906944609729374	230.0	23	1.05	0.95				
	212	1	0.0	0.0	0.0	0.0	2	1.0149161626872831	-13.775666979035677	230.0	23	1.05	0.95				
	213	2	156.88100114210528	31.968204006315794	0.0	0.0	2	1.0203815500428297	-13.166515180208643	230.0	24	1.05	0.95				
	214	2	114.84873291157895	23.08814733789474	0.0	0.0	2	1.0274510760843782	-11.77397787584178	230.0	26	1.05	0.95				
	215	2	187.6651975926316	37.88824178526316	0.0	0.0	2	1.037822802101942	-3.1344689708725455	230.0	26	1.05	0.95				
	216	2	59.20037778947369	11.840075557894739	0.0	0.0	2	1.0401483867207875	-3.7207047868987937	230.0	26	1.05	0.95				
	217	1	0.0	0.0	0.0	0.0	2	1.0404468897231582	-1.3719621766077972	230.0	27	1.05	0.95				
	218	2	197.13725803894738	40.25625689684211	0.0	0.0	2	1.039812332809686	-2.1060332086250386	230.0	27	1.05	0.95				
	219	1	107.15268379894738	21.904139782105265	0.0	0.0	2	1.040550609740195	-3.8342083973803414	230.0	25	1.05	0.95				
	220	1	75.77648357052632	15.39209822526316	0.0	0.0	2	1.045623554774288	-2.817138593470134	230.0	25	1.05	0.95				
	221	2	0.0	0.0	0.0	0.0	2	1.0410635658669598	-1.6441338073911587	230.0	27	1.05	0.95				
	222	2	0.0	0.0	0.0	0.0	2	1.05	4.966390227776769	230.0	27	1.05	0.95				
	223	2	0.0	0.0	0.0	0.0	2	1.05	-1.8297604049330272	230.0	25	1.05	0.95				
	224	1	0.0	0.0	0.0	0.0	2	1.0133770360509116	-7.806849582038078	230.0	26	1.05	0.95				
	301	2	58.868712416842094	11.991774751578946	0.0	0.0	3	0.9938740195332145	2.551919905625161	138.0	31	1.05	0.95				
	302	2	52.87282504105262	10.901613410526314	0.0	0.0	3	0.9936448356447599	2.5355068558190936	138.0	32	1.05	0.95				
	303	1	98.11452069473683	20.16798480947368	0.0	0.0	3	1.0154959915924089	4.816814354643893	138.0	31	1.05	0.95				
	304	1	40.33596961894736	8.176210057894735	0.0	0.0	3	1.0017613208190483	4.4576125713843675	138.0	31	1.05	0.95				
	305	1	38.700727607368414	7.631129387368421	0.0	0.0	3	1.0136056064440142	4.388043358378683	138.0	31	1.05	0.95				
	306	1	74.13097119157894	15.262258774736843	0.0	-100.0	3	1.0331102979012265	4.786144653557856	138.0	32	1.05	0.95				
	307	2	68.13508381578947	13.627016763157892	0.0	0.0	3	0.9885170879864856	0.8698827814862442	138.0	32	1.05	0.95				
	308	1	93.20879465999998	19.077823468421048	0.0	0.0	3	0.9992963240325342	3.298563377710063	138.0	32	1.05	0.95				
	309	1	95.38911734210525	19.622904138947366	0.0	0.0	3	1.0272298002042743	8.242174325231543	138.0	33	1.05	0.95				
	310	1	106.29073075263156	21.80322682105263	0.0	0.0	3	1.05	7.956588765225544	138.0	33	1.05	0.95				
	311	1	0.0	0.0	0.0	0.0	3	1.0142877230154548	13.534797652690745	230.0	33	1.05	0.95				
	312	1	0.0	0.0	0.0	0.0	3	1.019731568032455	14.948956626937576	230.0	33	1.05	0.95				
	313	2	144.44637768947365	29.434356208421047	0.0	0.0	3	1.0334895025768156	21.29249502313313	230.0	34	1.05	0.95				
	314	2	105.74565008210524	21.258146150526315	0.0	0.0	3	1.0149332666335986	12.104179104734479	230.0	36	1.05	0.95				
	315	2	172.79057255684208	34.885162913684205	0.0	0.0	3	1.0350996281651115	6.734485140698428	230.0	36	1.05	0.95				
	316	2	54.50806705263157	10.901613410526314	0.0	0.0	3	1.03608713956961	8.050108755160778	230.0	36	1.05	0.95				
	317	1	0.0	0.0	0.0	0.0	3	1.04142772717278	6.980277610823354	230.0	37	1.05	0.95				
	318	2	181.51186328526313	37.06548559578947	0.0	0.0	3	1.0406511629460857	5.6188405615986055	230.0	37	1.05	0.95				
	319	1	98.65960136526314	20.16798480947368	0.0	0.0	3	1.0344766814768434	11.210629538079463	230.0	35	1.05	0.95				
	320	1	69.77032582736841	14.172097433684208	0.0	0.0	3	1.0356800158635076	13.501396701696459	230.0	35	1.05	0.95				
	321	2	0.0	0.0	0.0	0.0	3	1.0402084679911225	6.562557867826912	230.0	37	1.05	0.95				
	322	2	0.0	0.0	0.0	0.0	3	1.05	11.04561689812781	230.0	37	1.05	0.95				
	323	2	0.0	0.0	0.0	0.0	3	1.0366065026619113	14.500181183838723	230.0	35	1.05	0.95				
	324	1	0.0	0.0	0.0	0.0	3	1.0251334249407644	7.949335063997998	230.0	36	1.05	0.95				
	325	1	0.0	0.0	0.0	0.0	3	1.0383974779504828	14.597782666958345	230.0	35	1.05	0.95				
];
