%% MATPOWER Case Format : Version 2
function mpc = RTS_GMLC
mpc.version = '2';

%%-----  Power Flow Data  -----%%
%% system MVA base
mpc.baseMVA = 100.0;
%% bus data
%    bus_i    type    Pd    Qd    Gs    Bs    area    Vm    Va    baseKV    zone    Vmax    Vmin
mpc.bus = [
	101	2	43.713013376842106	8.904502724912282	0.0	0.0	1	1.004084006486765	-1.5186227729843607	138.0	11	1.05	0.95				
	102	2	39.26076201438596	8.095002477192983	0.0	0.0	1	1.0020871215695806	-2.128444314975225	138.0	12	1.05	0.95				
	103	1	72.85502229473686	14.975754582807019	0.0	0.0	1	1.0231916748948027	1.7819731119934523	138.0	11	1.05	0.95				
	104	1	29.951509165614038	6.071251857894737	0.0	0.0	1	1.0084030066374743	-3.317564070647391	138.0	11	1.05	0.95				
	105	1	28.737258794035085	5.666501734035088	0.0	0.0	1	1.0217972333921526	-3.515980034881564	138.0	11	1.05	0.95				
	106	1	55.046016844912295	11.333003468070176	0.0	-100.0	1	1.0393053493534956	-5.1721331982375185	138.0	12	1.05	0.95				
	107	2	50.59376548245614	10.11875309649123	0.0	0.0	1	0.9841227738815941	-11.17682197319761	138.0	12	1.05	0.95				
	108	1	69.21227118	14.16625433508772	0.0	0.0	1	0.9947281701713162	-9.114970969331258	138.0	12	1.05	0.95				
	109	1	70.8312716754386	14.571004458947368	0.0	0.0	1	1.0248685179724961	-2.5862534218837916	138.0	13	1.05	0.95				
	110	1	78.92627415263158	16.190004954385966	0.0	0.0	1	1.05	-4.185660761823391	138.0	13	1.05	0.95				
	111	1	0.0	0.0	0.0	0.0	1	1.018393425001496	0.28007009490714674	230.0	13	1.05	0.95				
	112	1	0.0	0.0	0.0	0.0	1	1.0136934425476136	-0.929015702163415	230.0	13	1.05	0.95				
	113	3	107.25878282280704	21.856506688421053	0.0	0.0	1	0.9964836791177698	3.737425235818082e-30	230.0	14	1.05	0.95				
	114	2	78.52152402877192	15.785254830526318	0.0	0.0	1	1.0478792818053624	4.088147944144736	230.0	16	1.05	0.95				
	115	2	128.30578926350879	25.904007927017545	0.0	0.0	1	1.040639177456801	14.121880700368598	230.0	16	1.05	0.95				
	116	2	40.47501238596492	8.095002477192983	0.0	0.0	1	1.0413584963316196	12.124085859316224	230.0	16	1.05	0.95				
	117	1	0.0	0.0	0.0	0.0	1	1.0397238605404904	18.473106233296075	230.0	17	1.05	0.95				
	118	2	134.78179124526318	27.523008422456147	0.0	0.0	1	1.0488039860368772	19.21034965393571	230.0	17	1.05	0.95				
	119	1	73.2597724185965	14.975754582807019	0.0	0.0	1	1.038138635974432	7.563148748218562	230.0	15	1.05	0.95				
	120	1	51.80801585403509	10.523503220350879	0.0	0.0	1	1.0426186420185322	4.378343212719807	230.0	15	1.05	0.95				
	121	2	0.0	0.0	0.0	0.0	1	1.0432062218073688	20.922656331542687	230.0	17	1.05	0.95				
	122	2	0.0	0.0	0.0	0.0	1	1.05	38.88432768768142	230.0	17	1.05	0.95				
	123	2	0.0	0.0	0.0	0.0	1	1.0463206603217396	2.9387290840721505	230.0	15	1.05	0.95				
	124	1	0.0	0.0	0.0	0.0	1	1.0186150563623553	9.527320575043316	230.0	16	1.05	0.95				
	201	2	42.19360931368421	8.594994489824561	0.0	0.0	2	1.0125840685228054	-16.746682323675905	138.0	21	1.05	0.95				
	202	2	37.89611206877193	7.813631354385965	0.0	0.0	2	1.0117298936079697	-17.045185322590854	138.0	22	1.05	0.95				
	203	1	70.32268218947368	14.455218005614034	0.0	0.0	2	1.01234833257669	-12.319688891051841	138.0	21	1.05	0.95				
	204	1	28.910436011228068	5.860223515789474	0.0	0.0	2	1.0113299896597776	-16.714925969659063	138.0	21	1.05	0.95				
	205	1	27.738391308070177	5.469541948070176	0.0	0.0	2	1.0265909225173637	-17.188699717906303	138.0	21	1.05	0.95				
	206	1	53.132693209824566	10.939083896140351	0.0	-100.0	2	1.0424492471232185	-17.936119245672558	138.0	22	1.05	0.95				
	207	2	48.83519596491228	9.767039192982455	0.0	0.0	2	0.9949149235391344	-22.565408893161795	138.0	22	1.05	0.95				
	208	1	66.80654808	13.673854870175436	0.0	0.0	2	1.0012840583126765	-20.8225734340037	138.0	22	1.05	0.95				
	209	1	68.36927435087719	14.064536437894738	0.0	0.0	2	1.0220580897577909	-14.8204972473043	138.0	23	1.05	0.95				
	210	1	76.18290570526315	15.62726270877193	0.0	0.0	2	1.05	-16.371250439757954	138.0	23	1.05	0.95				
	211	1	0.0	0.0	0.0	0.0	2	1.0067652575837316	-11.878368279207944	230.0	23	1.05	0.95				
	212	1	0.0	0.0	0.0	0.0	2	1.0075391332005696	-11.374524982980706	230.0	23	1.05	0.95				
	213	2	103.53061544561403	21.096804656842107	0.0	0.0	2	1.0008697014579282	-10.746204858802692	230.0	24	1.05	0.95				
	214	2	75.79222413754385	15.236581141052632	0.0	0.0	2	1.0113359964681574	-9.057956679971648	230.0	26	1.05	0.95				
	215	2	123.84605696701753	25.003620334035087	0.0	0.0	2	1.0268264694651787	-2.2150674663558187	230.0	26	1.05	0.95				
	216	2	39.06815677192982	7.813631354385965	0.0	0.0	2	1.0289808517519579	-2.7171099960419838	230.0	26	1.05	0.95				
	217	1	0.0	0.0	0.0	0.0	2	1.0358570723138547	-0.7184816123269329	230.0	27	1.05	0.95				
	218	2	130.09696205052632	26.566346604912283	0.0	0.0	2	1.0343141227414874	-1.2003316788039335	230.0	27	1.05	0.95				
	219	1	70.71336375719298	14.455218005614034	0.0	0.0	2	1.0268844530366235	-3.3749838356816158	230.0	25	1.05	0.95				
	220	1	50.007240668070175	10.157720760701755	0.0	0.0	2	1.0275114066482736	-3.184241415848755	230.0	25	1.05	0.95				
	221	2	0.0	0.0	0.0	0.0	2	1.0344975168158725	-0.7394867767713309	230.0	27	1.05	0.95				
	222	2	0.0	0.0	0.0	0.0	2	1.05	5.766478804534582	230.0	27	1.05	0.95				
	223	2	0.0	0.0	0.0	0.0	2	1.0282660956587746	-2.7784233641027307	230.0	25	1.05	0.95				
	224	1	0.0	0.0	0.0	0.0	2	1.0089572243206866	-5.983758259863219	230.0	26	1.05	0.95				
	301	2	43.11800064	8.783296426666666	0.0	0.0	3	1.011645594979488	8.116447723691408	138.0	31	1.05	0.95				
	302	2	38.726352426666665	7.984814933333334	0.0	0.0	3	1.0114449095649067	7.864967485082779	138.0	32	1.05	0.95				
	303	1	71.8633344	14.771907626666666	0.0	0.0	3	1.0454129859722834	18.27376424369691	138.0	31	1.05	0.95				
	304	1	29.54381525333333	5.988611199999999	0.0	0.0	3	1.013298510336988	9.082161340906149	138.0	31	1.05	0.95				
	305	1	28.34609301333333	5.589370453333334	0.0	0.0	3	1.0259999623805502	7.374401360759776	138.0	31	1.05	0.95				
	306	1	54.296741546666674	11.178740906666668	0.0	-100.0	3	1.0420858909736328	6.471997527905577	138.0	32	1.05	0.95				
	307	2	49.905093333333326	9.981018666666666	0.0	0.0	3	0.9780768174329455	2.8547151062527516	138.0	32	1.05	0.95				
	308	1	68.27016768	13.97342613333333	0.0	0.0	3	0.9920614717615707	4.571106285704196	138.0	32	1.05	0.95				
	309	1	69.86713066666667	14.372666879999999	0.0	0.0	3	1.026835102177452	11.71502228364108	138.0	33	1.05	0.95				
	310	1	77.8519456	15.969629866666669	0.0	0.0	3	1.05	7.920413822965153	138.0	33	1.05	0.95				
	311	1	0.0	0.0	0.0	0.0	3	1.008149931668891	11.991148551605573	230.0	33	1.05	0.95				
	312	1	0.0	0.0	0.0	0.0	3	1.0139294398400427	12.480205432033417	230.0	33	1.05	0.95				
	313	2	105.79879786666666	21.55900032	0.0	0.0	3	1.0109247712982443	14.620373509405026	230.0	34	1.05	0.95				
	314	2	77.45270485333333	15.57038912	0.0	0.0	3	1.0003769663570057	11.975169070890475	230.0	36	1.05	0.95				
	315	2	126.55931669333333	25.551407786666662	0.0	0.0	3	1.03408059700788	14.354352295885732	230.0	36	1.05	0.95				
	316	2	39.92407466666666	7.984814933333334	0.0	0.0	3	1.0279024940496972	14.320550570854266	230.0	36	1.05	0.95				
	317	1	0.0	0.0	0.0	0.0	3	1.046157359296595	17.79864807476346	230.0	37	1.05	0.95				
	318	2	132.94716864	27.148370773333337	0.0	0.0	3	1.0452876962982387	14.907985494354232	230.0	37	1.05	0.95				
	319	1	72.26257514666666	14.771907626666666	0.0	0.0	3	1.0218030764066715	13.752447336258909	230.0	35	1.05	0.95				
	320	1	51.102815573333324	10.380259413333333	0.0	0.0	3	1.0190698082695904	14.043292484317652	230.0	35	1.05	0.95				
	321	2	0.0	0.0	0.0	0.0	3	1.0426450192539483	15.372818596703329	230.0	37	1.05	0.95				
	322	2	0.0	0.0	0.0	0.0	3	1.05	20.656630221739604	230.0	37	1.05	0.95				
	323	2	0.0	0.0	0.0	0.0	3	1.0180651134846181	14.517956907953788	230.0	35	1.05	0.95				
	324	1	0.0	0.0	0.0	0.0	3	1.035584412379867	15.853350294399913	230.0	36	1.05	0.95				
	325	1	0.0	0.0	0.0	0.0	3	1.0194241209075934	15.07616976783689	230.0	35	1.05	0.95				
];
