%% MATPOWER Case Format : Version 2
function mpc = RTS_GMLC
mpc.version = '2';

%%-----  Power Flow Data  -----%%
%% system MVA base
mpc.baseMVA = 100.0;
%% bus data
%    bus_i    type    Pd    Qd    Gs    Bs    area    Vm    Va    baseKV    zone    Vmax    Vmin
mpc.bus = [
	101	2	56.631865414736836	11.536120732631579	0.0	0.0	1	1.0324035323398353	0.5027726098245012	138.0	11	1.05	0.95				
	102	2	50.86380504842105	10.487382484210526	0.0	0.0	1	1.0300069157306864	-0.15695765382517893	138.0	12	1.05	0.95				
	103	1	94.38644235789472	19.401657595789473	0.0	0.0	1	1.0294052611330873	2.078033879606161	138.0	11	1.05	0.95				
	104	1	38.803315191578946	7.865536863157894	0.0	0.0	1	1.0213850476275184	-2.2046682438753673	138.0	11	1.05	0.95				
	105	1	37.23020781894736	7.341167738947369	0.0	0.0	1	1.0338792392694889	-2.869433135785785	138.0	11	1.05	0.95				
	106	1	71.31420089263159	14.682335477894737	0.0	-100.0	1	1.0419739550041598	-5.396213690906844	138.0	12	1.05	0.95				
	107	2	65.54614052631578	13.109228105263156	0.0	0.0	1	0.9977724781106393	-12.722296150401656	138.0	12	1.05	0.95				
	108	1	89.66712024	18.352919347368417	0.0	0.0	1	0.9982772784891877	-10.55368838139237	138.0	12	1.05	0.95				
	109	1	91.7645967368421	18.877288471578947	0.0	0.0	1	1.0245537794910304	-2.9049562196861136	138.0	13	1.05	0.95				
	110	1	102.25197922105262	20.974764968421052	0.0	0.0	1	1.05	-4.632437020371809	138.0	13	1.05	0.95				
	111	1	0.0	0.0	0.0	0.0	1	1.011446562630001	-0.30313747041827355	230.0	13	1.05	0.95				
	112	1	0.0	0.0	0.0	0.0	1	1.0131225667286266	-1.1832396208768816	230.0	13	1.05	0.95				
	113	3	138.95781791578946	28.315932707368418	0.0	0.0	1	1.005893012718097	-9.562040974234595e-30	230.0	14	1.05	0.95				
	114	2	101.7276100968421	20.450395844210526	0.0	0.0	1	1.018686028833004	2.9452863714411746	230.0	16	1.05	0.95				
	115	2	166.22501237473685	33.55962394947368	0.0	0.0	1	1.0396798355808783	12.715313760642443	230.0	16	1.05	0.95				
	116	2	52.436912421052625	10.487382484210526	0.0	0.0	1	1.035430407145197	10.724946278595572	230.0	16	1.05	0.95				
	117	1	0.0	0.0	0.0	0.0	1	1.0419140577531742	16.367768318038056	230.0	17	1.05	0.95				
	118	2	174.61491836210524	35.657100446315795	0.0	0.0	1	1.05	17.618231588975732	230.0	17	1.05	0.95				
	119	1	94.91081148210526	19.401657595789473	0.0	0.0	1	1.0259223484152713	6.693746148305889	230.0	15	1.05	0.95				
	120	1	67.11924789894736	13.633597229473684	0.0	0.0	1	1.0245194947662566	3.756216685963795	230.0	15	1.05	0.95				
	121	2	0.0	0.0	0.0	0.0	1	1.05	19.649801199346886	230.0	17	1.05	0.95				
	122	2	0.0	0.0	0.0	0.0	1	1.05	29.649797243368404	230.0	17	1.05	0.95				
	123	2	0.0	0.0	0.0	0.0	1	1.0253892120682995	2.5407089501131317	230.0	15	1.05	0.95				
	124	1	0.0	0.0	0.0	0.0	1	1.0225716023267486	8.72972870895044	230.0	16	1.05	0.95				
	201	2	55.60648510736842	11.327246966315789	0.0	0.0	2	1.0121291807588098	-16.364317789019424	138.0	21	1.05	0.95				
	202	2	49.94286162421052	10.297497242105264	0.0	0.0	2	1.0113163492269586	-16.63821462617861	138.0	22	1.05	0.95				
	203	1	92.67747517894736	19.050369897894733	0.0	0.0	2	1.01354701640453	-12.192483376568097	138.0	21	1.05	0.95				
	204	1	38.100739795789465	7.7231229315789465	0.0	0.0	2	1.0097027490886517	-15.685256480042971	138.0	21	1.05	0.95				
	205	1	36.556115209473674	7.208248069473684	0.0	0.0	2	1.0244255299759528	-16.17768774757738	138.0	21	1.05	0.95				
	206	1	70.02298124631578	14.416496138947368	0.0	-100.0	2	1.038751216568194	-16.679625022638128	138.0	22	1.05	0.95				
	207	2	64.35935776315789	12.871871552631578	0.0	0.0	2	0.994123578924171	-23.00116408438028	138.0	22	1.05	0.95				
	208	1	88.04360142	18.020620173684208	0.0	0.0	2	0.9961324662488931	-20.589708636220646	138.0	22	1.05	0.95				
	209	1	90.10310086842105	18.53549503578947	0.0	0.0	2	1.0246909374847522	-12.787810789233435	138.0	23	1.05	0.95				
	210	1	100.4005981105263	20.594994484210527	0.0	0.0	2	1.05	-14.337213657546863	138.0	23	1.05	0.95				
	211	1	0.0	0.0	0.0	0.0	2	1.0113764668771392	-9.734217632482268	230.0	23	1.05	0.95				
	212	1	0.0	0.0	0.0	0.0	2	1.016698301997031	-5.398990679395493	230.0	23	1.05	0.95				
	213	2	136.44183845789473	27.80324255368421	0.0	0.0	2	1.0117704391790523	-7.448216027539852	230.0	24	1.05	0.95				
	214	2	99.88572324842104	20.080119622105265	0.0	0.0	2	1.01405948437896	-7.84453968353914	230.0	26	1.05	0.95				
	215	2	163.2153312873684	32.95199117473684	0.0	0.0	2	1.0293022240504384	-1.5001555495309016	230.0	26	1.05	0.95				
	216	2	51.48748621052631	10.297497242105264	0.0	0.0	2	1.0300615575754197	-2.011115349704697	230.0	26	1.05	0.95				
	217	1	0.0	0.0	0.0	0.0	2	1.03287540633839	-0.45832100194266706	230.0	27	1.05	0.95				
	218	2	171.45332908105263	35.01149062315789	0.0	0.0	2	1.0318104971683753	-1.0471506087252405	230.0	27	1.05	0.95				
	219	1	93.19235004105263	19.050369897894733	0.0	0.0	2	1.0305448413055673	-2.3245638432019162	230.0	25	1.05	0.95				
	220	1	65.90398234947368	13.386746414736841	0.0	0.0	2	1.0348283436687173	-1.6044105064568384	230.0	25	1.05	0.95				
	221	2	0.0	0.0	0.0	0.0	2	1.0337968368654593	-0.3960970165149703	230.0	27	1.05	0.95				
	222	2	0.0	0.0	0.0	0.0	2	1.05	6.075490844900012	230.0	27	1.05	0.95				
	223	2	0.0	0.0	0.0	0.0	2	1.0383179514442393	-0.8252980664097445	230.0	25	1.05	0.95				
	224	1	0.0	0.0	0.0	0.0	2	1.0102114341101525	-5.4843575568311715	230.0	26	1.05	0.95				
	301	2	52.25751344842106	10.645049035789473	0.0	0.0	3	1.0000677005530905	21.774168768506303	138.0	31	1.05	0.95				
	302	2	46.934988930526316	9.67731730526316	0.0	0.0	3	0.9998072895307284	21.78515546936791	138.0	32	1.05	0.95				
	303	1	87.09585574736842	17.903037014736842	0.0	0.0	3	1.0188566790604243	22.739860681657035	138.0	31	1.05	0.95				
	304	1	35.806074029473685	7.2579879789473685	0.0	0.0	3	1.0054345577010075	23.462228891961573	138.0	31	1.05	0.95				
	305	1	34.35447643368421	6.774122113684211	0.0	0.0	3	1.0177096076882148	23.64681647806593	138.0	31	1.05	0.95				
	306	1	65.80575767578948	13.548244227368421	0.0	-100.0	3	1.0364654239852895	24.123441400070966	138.0	32	1.05	0.95				
	307	2	60.48323315789473	12.096646631578947	0.0	0.0	3	0.9756125572837507	21.787865126166455	138.0	32	1.05	0.95				
	308	1	82.74106296	16.935305284210525	0.0	0.0	3	0.9957264180946261	23.81993120884733	138.0	32	1.05	0.95				
	309	1	84.67652642105263	17.419171149473684	0.0	0.0	3	1.0260188797187293	26.80859703872896	138.0	33	1.05	0.95				
	310	1	94.35384372631579	19.35463461052632	0.0	0.0	3	1.05	27.061195081953134	138.0	33	1.05	0.95				
	311	1	0.0	0.0	0.0	0.0	3	1.0081898825076174	31.75219819193429	230.0	33	1.05	0.95				
	312	1	0.0	0.0	0.0	0.0	3	1.0167638387613471	33.035022412680846	230.0	33	1.05	0.95				
	313	2	128.22445429473683	26.12875672421053	0.0	0.0	3	1.0252604368125693	40.18080506044039	230.0	34	1.05	0.95				
	314	2	93.86997786105263	18.87076874526316	0.0	0.0	3	1.0053237760294549	29.175066584658712	230.0	36	1.05	0.95				
	315	2	153.38547928842107	30.967415376842105	0.0	0.0	3	1.039578689070162	21.430838295298933	230.0	36	1.05	0.95				
	316	2	48.38658652631579	9.67731730526316	0.0	0.0	3	1.0408073171251802	22.865179343688304	230.0	36	1.05	0.95				
	317	1	0.0	0.0	0.0	0.0	3	1.0489547697684865	20.937667191662026	230.0	37	1.05	0.95				
	318	2	161.12733313263158	32.90287883789474	0.0	0.0	3	1.05	18.7042599261861	230.0	37	1.05	0.95				
	319	1	87.57972161263157	17.903037014736842	0.0	0.0	3	1.038235984063835	26.062312106615757	230.0	35	1.05	0.95				
	320	1	61.93483075368421	12.580512496842106	0.0	0.0	3	1.037818598428584	28.263380683771725	230.0	35	1.05	0.95				
	321	2	0.0	0.0	0.0	0.0	3	1.0470269990240522	20.212045951170953	230.0	37	1.05	0.95				
	322	2	0.0	0.0	0.0	0.0	3	1.05	24.838269786947716	230.0	37	1.05	0.95				
	323	2	0.0	0.0	0.0	0.0	3	1.037180682831146	29.05794062087082	230.0	35	1.05	0.95				
	324	1	0.0	0.0	0.0	0.0	3	1.0308017148628659	23.910979170051537	230.0	36	1.05	0.95				
	325	1	0.0	0.0	0.0	0.0	3	1.0396702079164275	28.263113123524345	230.0	35	1.05	0.95				
];
