%% MATPOWER Case Format : Version 2
function mpc = RTS_GMLC
mpc.version = '2';

%%-----  Power Flow Data  -----%%
%% system MVA base
mpc.baseMVA = 100.0;
%% bus data
%    bus_i    type    Pd    Qd    Gs    Bs    area    Vm    Va    baseKV    zone    Vmax    Vmin
mpc.bus = [
	101	2	50.47303316210526	10.281543792280702	0.0	0.0	1	1.0278371424203512	1.5295289104231287	138.0	11	1.05	0.95				
	102	2	45.33226126596491	9.346857992982455	0.0	0.0	1	1.0254948424770052	0.878392316095951	138.0	12	1.05	0.95				
	103	1	84.1217219368421	17.29168728701754	0.0	0.0	1	1.029212190489143	2.840858813585719	138.0	11	1.05	0.95				
	104	1	34.58337457403508	7.010143494736841	0.0	0.0	1	1.020071727591279	-1.2753393941819253	138.0	11	1.05	0.95				
	105	1	33.181345875087715	6.542800595087719	0.0	0.0	1	1.032270547925852	-1.8509276859870518	138.0	11	1.05	0.95				
	106	1	63.558634352280706	13.085601190175439	0.0	-100.0	1	1.0424649592907935	-4.3297300092214845	138.0	12	1.05	0.95				
	107	2	58.41786245614035	11.68357249122807	0.0	0.0	1	0.9968055437917394	-12.618206907371922	138.0	12	1.05	0.95				
	108	1	79.91563584	16.357001487719298	0.0	0.0	1	0.9989351164865642	-9.967301286174703	138.0	12	1.05	0.95				
	109	1	81.7850074385965	16.82434438736842	0.0	0.0	1	1.0244738560476914	-2.179306747160038	138.0	13	1.05	0.95				
	110	1	91.13186543157894	18.69371598596491	0.0	0.0	1	1.05	-3.7837169508973565	138.0	13	1.05	0.95				
	111	1	0.0	0.0	0.0	0.0	1	1.0102839609908587	0.24867251422470588	230.0	13	1.05	0.95				
	112	1	0.0	0.0	0.0	0.0	1	1.0132745892137631	-0.8590384056192509	230.0	13	1.05	0.95				
	113	3	123.84586840701755	25.23651658105263	0.0	0.0	1	1.0041949968552253	-2.9233205230907446e-30	230.0	14	1.05	0.95				
	114	2	90.66452253192982	18.22637308631579	0.0	0.0	1	1.0164196632507976	3.7531553332829124	230.0	16	1.05	0.95				
	115	2	148.14769918877192	29.909945577543862	0.0	0.0	1	1.0399460548101729	13.508149885405448	230.0	16	1.05	0.95				
	116	2	46.73428996491228	9.346857992982455	0.0	0.0	1	1.0346595159005787	11.51573641618696	230.0	16	1.05	0.95				
	117	1	0.0	0.0	0.0	0.0	1	1.0402007576930132	17.48678473941656	230.0	17	1.05	0.95				
	118	2	155.6251855831579	31.779317176140353	0.0	0.0	1	1.05	18.45742594422036	230.0	17	1.05	0.95				
	119	1	84.58906483649122	17.29168728701754	0.0	0.0	1	1.0256484431533193	7.110572864203788	230.0	15	1.05	0.95				
	120	1	59.819891155087724	12.150915390877193	0.0	0.0	1	1.0250601736325637	3.8701580423073425	230.0	15	1.05	0.95				
	121	2	0.0	0.0	0.0	0.0	1	1.05	20.218761268200996	230.0	17	1.05	0.95				
	122	2	0.0	0.0	0.0	0.0	1	1.05	34.26397614855209	230.0	17	1.05	0.95				
	123	2	0.0	0.0	0.0	0.0	1	1.0263240933666895	2.446568039928249	230.0	15	1.05	0.95				
	124	1	0.0	0.0	0.0	0.0	1	1.0226253562731797	9.513061700093509	230.0	16	1.05	0.95				
	201	2	44.675586341052636	9.100582402807019	0.0	0.0	2	1.01137237233975	-19.013254675486483	138.0	21	1.05	0.95				
	202	2	40.125295139649126	8.273256729824563	0.0	0.0	2	1.010431064983468	-19.32435668482324	138.0	22	1.05	0.95				
	203	1	74.45931056842106	15.305524950175439	0.0	0.0	2	1.015154854843819	-14.11466411012434	138.0	21	1.05	0.95				
	204	1	30.611049900350878	6.204942547368421	0.0	0.0	2	1.0106628863760894	-18.93973317786093	138.0	21	1.05	0.95				
	205	1	29.370061390877193	5.791279710877194	0.0	0.0	2	1.0256442144933324	-19.466178732802348	138.0	21	1.05	0.95				
	206	1	56.25814576280702	11.582559421754388	0.0	-100.0	2	1.0414711083902102	-20.239974578555177	138.0	22	1.05	0.95				
	207	2	51.70785456140351	10.341570912280702	0.0	0.0	2	0.992757250037067	-25.150416286931193	138.0	22	1.05	0.95				
	208	1	70.73634504	14.478199277192981	0.0	0.0	2	0.9992670815086762	-23.29303498608501	138.0	22	1.05	0.95				
	209	1	72.39099638596491	14.89186211368421	0.0	0.0	2	1.0228169364840105	-16.90910967537801	138.0	23	1.05	0.95				
	210	1	80.66425311578948	16.546513459649127	0.0	0.0	2	1.05	-18.58554889124462	138.0	23	1.05	0.95				
	211	1	0.0	0.0	0.0	0.0	2	1.007431242816145	-14.012189777776655	230.0	23	1.05	0.95				
	212	1	0.0	0.0	0.0	0.0	2	1.0107807772518331	-13.140132559582565	230.0	23	1.05	0.95				
	213	2	109.62065167017545	22.337793170526318	0.0	0.0	2	1.003161278811422	-12.860769539787025	230.0	24	1.05	0.95				
	214	2	80.25059027929825	16.132850623157896	0.0	0.0	2	1.0109554446961262	-11.191939896142395	230.0	26	1.05	0.95				
	215	2	131.1311191677193	26.474421535438598	0.0	0.0	2	1.029317876332244	-3.440658893175274	230.0	26	1.05	0.95				
	216	2	41.366283649122806	8.273256729824563	0.0	0.0	2	1.0296539041065382	-4.718682720609823	230.0	26	1.05	0.95				
	217	1	0.0	0.0	0.0	0.0	2	1.0328683274534702	-2.279438775251965	230.0	27	1.05	0.95				
	218	2	137.74972455157896	28.12907288140351	0.0	0.0	2	1.032707233666537	-2.7209600082687992	230.0	27	1.05	0.95				
	219	1	74.87297340491229	15.305524950175439	0.0	0.0	2	1.029789268695426	-5.738944873688821	230.0	25	1.05	0.95				
	220	1	52.948843070877196	10.75523374877193	0.0	0.0	2	1.0327111900236416	-5.821251660064491	230.0	25	1.05	0.95				
	221	2	0.0	0.0	0.0	0.0	2	1.0343240889422785	-2.1651379636025867	230.0	27	1.05	0.95				
	222	2	0.0	0.0	0.0	0.0	2	1.05	4.286327106766088	230.0	27	1.05	0.95				
	223	2	0.0	0.0	0.0	0.0	2	1.0347726055134339	-5.552662858965536	230.0	25	1.05	0.95				
	224	1	0.0	0.0	0.0	0.0	2	1.010844163240915	-7.424295987992147	230.0	26	1.05	0.95				
	301	2	58.339133204210526	11.883897504561403	0.0	0.0	3	0.9984038748545169	8.081153567675788	138.0	31	1.05	0.95				
	302	2	52.397184451929824	10.803543185964912	0.0	0.0	3	0.9981805891365764	8.025235678710615	138.0	32	1.05	0.95				
	303	1	97.23188867368421	19.986554894035088	0.0	0.0	3	1.020352009784001	11.594895801747121	138.0	31	1.05	0.95				
	304	1	39.973109788070175	8.102657389473684	0.0	0.0	3	1.0040631819539205	9.85134397989141	138.0	31	1.05	0.95				
	305	1	38.35257831017544	7.562480230175439	0.0	0.0	3	1.0162360696838735	9.633829562704882	138.0	31	1.05	0.95				
	306	1	73.46409366456142	15.124960460350877	0.0	-100.0	3	1.0344803695203817	9.881086348883573	138.0	32	1.05	0.95				
	307	2	67.52214491228071	13.50442898245614	0.0	0.0	3	0.9913030271038596	5.541750816429444	138.0	32	1.05	0.95				
	308	1	92.37029423999999	18.906200575438596	0.0	0.0	3	0.9997980774804462	7.973248823717921	138.0	32	1.05	0.95				
	309	1	94.53100287719298	19.446377734736842	0.0	0.0	3	1.0273238699332587	13.54112293282007	138.0	33	1.05	0.95				
	310	1	105.33454606315789	21.607086371929825	0.0	0.0	3	1.05	12.91122690753628	138.0	33	1.05	0.95				
	311	1	0.0	0.0	0.0	0.0	3	1.0128286822575876	18.740367091412026	230.0	33	1.05	0.95				
	312	1	0.0	0.0	0.0	0.0	3	1.0174749393349107	19.63777513725217	230.0	33	1.05	0.95				
	313	2	143.1469472140351	29.169566602105263	0.0	0.0	3	1.0271918368496125	25.316625334540955	230.0	34	1.05	0.95				
	314	2	104.79436890385965	21.06690921263158	0.0	0.0	3	1.0137130422699352	18.47866927028603	230.0	36	1.05	0.95				
	315	2	171.23615949754384	34.57133819508772	0.0	0.0	3	1.0376952653748504	15.254488090018606	230.0	36	1.05	0.95				
	316	2	54.01771592982456	10.803543185964912	0.0	0.0	3	1.0364791086460758	16.548033980423888	230.0	36	1.05	0.95				
	317	1	0.0	0.0	0.0	0.0	3	1.05	17.666025989261843	230.0	37	1.05	0.95				
	318	2	179.8789940463158	36.73204683228071	0.0	0.0	3	1.048474888750509	14.562234912777132	230.0	37	1.05	0.95				
	319	1	97.77206583298246	19.986554894035088	0.0	0.0	3	1.0337786105290208	18.46654094576264	230.0	35	1.05	0.95				
	320	1	69.14267639017544	14.044606141754388	0.0	0.0	3	1.0327895681490749	19.735397115259456	230.0	35	1.05	0.95				
	321	2	0.0	0.0	0.0	0.0	3	1.0455237764757623	15.445212015340374	230.0	37	1.05	0.95				
	322	2	0.0	0.0	0.0	0.0	3	1.05	20.658964650075543	230.0	37	1.05	0.95				
	323	2	0.0	0.0	0.0	0.0	3	1.0322333629673064	20.284762439942202	230.0	35	1.05	0.95				
	324	1	0.0	0.0	0.0	0.0	3	1.0272957497183497	15.699576652506053	230.0	36	1.05	0.95				
	325	1	0.0	0.0	0.0	0.0	3	1.0346000640053057	20.287990374040216	230.0	35	1.05	0.95				
];
