%% MATPOWER Case Format : Version 2
function mpc = RTS_GMLC
mpc.version = '2';

%%-----  Power Flow Data  -----%%
%% system MVA base
mpc.baseMVA = 100.0;
%% bus data
%    bus_i    type    Pd    Qd    Gs    Bs    area    Vm    Va    baseKV    zone    Vmax    Vmin
mpc.bus = [
	101	2	50.17911923368421	10.221672436491227	0.0	0.0	1	0.9992511230610029	-3.2197949749154726	138.0	11	1.05	0.95				
	102	2	45.068283015438595	9.292429487719298	0.0	0.0	1	0.998581221251526	-3.4901690109309023	138.0	12	1.05	0.95				
	103	1	83.63186538947367	17.1909945522807	0.0	0.0	1	1.0252982722008306	1.2902668769802148	138.0	11	1.05	0.95				
	104	1	34.3819891045614	6.969322115789474	0.0	0.0	1	1.0093632705712712	-3.9213934535175228	138.0	11	1.05	0.95				
	105	1	32.988124681403505	6.504700641403509	0.0	0.0	1	1.018552863616529	-5.089475901313286	138.0	11	1.05	0.95				
	106	1	63.18852051649123	13.009401282807017	0.0	-100.0	1	1.0367271977339616	-6.640894772463623	138.0	12	1.05	0.95				
	107	2	58.077684298245615	11.615536859649122	0.0	0.0	1	0.9888115361588627	-12.764531497278705	138.0	12	1.05	0.95				
	108	1	79.45027212	16.26175160350877	0.0	0.0	1	0.99564541975939	-10.65584693085783	138.0	12	1.05	0.95				
	109	1	81.30875801754385	16.726373077894735	0.0	0.0	1	1.0264882011426784	-3.396789595794672	138.0	13	1.05	0.95				
	110	1	90.60118750526316	18.584858975438596	0.0	0.0	1	1.05	-5.429963359538476	138.0	13	1.05	0.95				
	111	1	0.0	0.0	0.0	0.0	1	1.0218173118370655	-0.3733997160156318	230.0	13	1.05	0.95				
	112	1	0.0	0.0	0.0	0.0	1	1.0174331987604073	-1.4347365893034572	230.0	13	1.05	0.95				
	113	3	123.1246907122807	25.089559616842106	0.0	0.0	1	1.0055324940209514	1.6097806343217844e-28	230.0	14	1.05	0.95				
	114	2	90.13656603087719	18.12023750105263	0.0	0.0	1	1.05	3.231119402181432	230.0	16	1.05	0.95				
	115	2	147.28500738035086	29.735774360701754	0.0	0.0	1	1.0448003246640953	13.192718093349244	230.0	16	1.05	0.95				
	116	2	46.46214743859649	9.292429487719298	0.0	0.0	1	1.0445915297572796	11.320274138222322	230.0	16	1.05	0.95				
	117	1	0.0	0.0	0.0	0.0	1	1.0416049733584527	17.62883845942939	230.0	17	1.05	0.95				
	118	2	154.71895097052632	31.594260258245615	0.0	0.0	1	1.05	18.380519306077392	230.0	17	1.05	0.95				
	119	1	84.09648686385965	17.1909945522807	0.0	0.0	1	1.0417816615818245	7.055801530243653	230.0	15	1.05	0.95				
	120	1	59.47154872140351	12.080158334035088	0.0	0.0	1	1.046150785980887	3.927494311797967	230.0	15	1.05	0.95				
	121	2	0.0	0.0	0.0	0.0	1	1.05	19.937610066611175	230.0	17	1.05	0.95				
	122	2	0.0	0.0	0.0	0.0	1	1.05	37.83855116976465	230.0	17	1.05	0.95				
	123	2	0.0	0.0	0.0	0.0	1	1.05	2.559555143029631	230.0	15	1.05	0.95				
	124	1	0.0	0.0	0.0	0.0	1	1.0225428593853638	8.77003624046265	230.0	16	1.05	0.95				
	201	2	49.29954351157895	10.042499604210526	0.0	0.0	2	0.9895932682399858	-17.51605019909973	138.0	21	1.05	0.95				
	202	2	44.27829370947369	9.129545094736843	0.0	0.0	2	0.9879030395788426	-17.812420156702032	138.0	22	1.05	0.95				
	203	1	82.16590585263158	16.88965842526316	0.0	0.0	2	0.9953920883487508	-12.856859754659979	138.0	21	1.05	0.95				
	204	1	33.77931685052632	6.8471588210526315	0.0	0.0	2	0.9793401754635919	-17.012050616669907	138.0	21	1.05	0.95				
	205	1	32.409885086315796	6.3906815663157905	0.0	0.0	2	0.9939191433449938	-17.553877217737092	138.0	21	1.05	0.95				
	206	1	62.08090664421053	12.781363132631581	0.0	-100.0	2	1.0034124787442191	-18.162423876442237	138.0	22	1.05	0.95				
	207	2	57.05965684210527	11.411931368421053	0.0	0.0	2	0.96377881227477	-24.217328232145423	138.0	22	1.05	0.95				
	208	1	78.05761056	15.976703915789475	0.0	0.0	2	0.9637039848919872	-21.90847442635849	138.0	22	1.05	0.95				
	209	1	79.88351957894737	16.433181170526318	0.0	0.0	2	0.9869090475565429	-14.334590361964132	138.0	23	1.05	0.95				
	210	1	89.01306467368421	18.259090189473685	0.0	0.0	2	1.0098645036634775	-16.01806928615895	138.0	23	1.05	0.95				
	211	1	0.0	0.0	0.0	0.0	2	0.9743535309723067	-11.095045313462776	230.0	23	1.05	0.95				
	212	1	0.0	0.0	0.0	0.0	2	0.9580956518394249	-8.359699377315073	230.0	23	1.05	0.95				
	213	2	120.96647250526316	24.649771755789477	0.0	0.0	2	0.95	-8.924657873819381	230.0	24	1.05	0.95				
	214	2	88.55658741894737	17.802612934736846	0.0	0.0	2	1.0003853930745372	-8.860034478197761	230.0	26	1.05	0.95				
	215	2	144.70328975157895	29.214544303157897	0.0	0.0	2	1.024236028626526	-1.9429238095531962	230.0	26	1.05	0.95				
	216	2	45.64772547368421	9.129545094736843	0.0	0.0	2	1.0154592259132456	-2.681952810647157	230.0	26	1.05	0.95				
	217	1	0.0	0.0	0.0	0.0	2	1.0317124353517355	-0.8142784273375062	230.0	27	1.05	0.95				
	218	2	152.00692582736843	31.040453322105265	0.0	0.0	2	1.0330943048673986	-1.34219804427003	230.0	27	1.05	0.95				
	219	1	82.62238310736844	16.88965842526316	0.0	0.0	2	0.9857884926853767	-2.293451912881427	230.0	25	1.05	0.95				
	220	1	58.429088606315794	11.868408623157896	0.0	0.0	2	0.9636580655518546	-0.9588494210694332	230.0	25	1.05	0.95				
	221	2	0.0	0.0	0.0	0.0	2	1.0332522555756256	-0.7436953309510858	230.0	27	1.05	0.95				
	222	2	0.0	0.0	0.0	0.0	2	1.05	5.723798637277245	230.0	27	1.05	0.95				
	223	2	0.0	0.0	0.0	0.0	2	0.9528532672347679	0.21086936152893732	230.0	25	1.05	0.95				
	224	1	0.0	0.0	0.0	0.0	2	1.0000504983337084	-5.956760341300136	230.0	26	1.05	0.95				
	301	2	60.9699462063158	12.419803856842107	0.0	0.0	3	1.0383046828174056	35.71941131791503	138.0	31	1.05	0.95				
	302	2	54.760044277894735	11.290730778947369	0.0	0.0	3	1.0348054653639243	35.36591504250686	138.0	32	1.05	0.95				
	303	1	101.61657701052633	20.88785194105263	0.0	0.0	3	1.0241677376433906	52.73790702702583	138.0	31	1.05	0.95				
	304	1	41.77570388210526	8.468048084210526	0.0	0.0	3	1.012519871200931	37.115872987107686	138.0	31	1.05	0.95				
	305	1	40.08209426526316	7.903511545263159	0.0	0.0	3	1.037340120465321	34.79679034149948	138.0	31	1.05	0.95				
	306	1	76.77696929684211	15.807023090526318	0.0	-100.0	3	1.0430332216313387	33.63675259627388	138.0	32	1.05	0.95				
	307	2	70.56706736842105	14.113413473684211	0.0	0.0	3	0.95	29.928647123917198	138.0	32	1.05	0.95				
	308	1	96.53574816	19.758778863157893	0.0	0.0	3	0.9707819270529325	32.480963171380715	138.0	32	1.05	0.95				
	309	1	98.79389431578947	20.323315402105262	0.0	0.0	3	1.0134761795547478	40.927450978845954	138.0	33	1.05	0.95				
	310	1	110.08462509473685	22.581461557894738	0.0	0.0	3	1.05	35.64225194485968	138.0	33	1.05	0.95				
	311	1	0.0	0.0	0.0	0.0	3	1.0002233721444365	39.66875345947958	230.0	33	1.05	0.95				
	312	1	0.0	0.0	0.0	0.0	3	1.0213184756805058	39.568264561088206	230.0	33	1.05	0.95				
	313	2	149.60218282105262	30.4849731031579	0.0	0.0	3	1.0174927469385755	41.89374021820476	230.0	34	1.05	0.95				
	314	2	109.52008855578947	22.01692501894737	0.0	0.0	3	0.9768896324395442	39.207734242391375	230.0	36	1.05	0.95				
	315	2	178.9580828463158	36.13033849263158	0.0	0.0	3	0.984872130806784	36.59652836817681	230.0	36	1.05	0.95				
	316	2	56.453653894736846	11.290730778947369	0.0	0.0	3	0.9818469723243994	36.63502867793643	230.0	36	1.05	0.95				
	317	1	0.0	0.0	0.0	0.0	3	0.9665241256127467	38.2839235254751	230.0	37	1.05	0.95				
	318	2	187.9906674694737	38.388484648421056	0.0	0.0	3	0.95	34.019972069098245	230.0	37	1.05	0.95				
	319	1	102.18111354947371	20.88785194105263	0.0	0.0	3	1.0098004446589732	36.2889452869308	230.0	35	1.05	0.95				
	320	1	72.26067698526316	14.67795001263158	0.0	0.0	3	1.035379110512777	35.64969923758003	230.0	35	1.05	0.95				
	321	2	0.0	0.0	0.0	0.0	3	0.9678630896313363	35.473059020364985	230.0	37	1.05	0.95				
	322	2	0.0	0.0	0.0	0.0	3	0.95	40.35858379111203	230.0	37	1.05	0.95				
	323	2	0.0	0.0	0.0	0.0	3	1.0492762236522433	35.18938862898166	230.0	35	1.05	0.95				
	324	1	0.0	0.0	0.0	0.0	3	0.9962471253574713	44.671949552322666	230.0	36	1.05	0.95				
	325	1	0.0	0.0	0.0	0.0	3	1.05	33.905403562732516	230.0	35	1.05	0.95				
];
