%% MATPOWER Case Format : Version 2
function mpc = RTS_GMLC
mpc.version = '2';

%%-----  Power Flow Data  -----%%
%% system MVA base
mpc.baseMVA = 100.0;
%% bus data
%    bus_i    type    Pd    Qd    Gs    Bs    area    Vm    Va    baseKV    zone    Vmax    Vmin
mpc.bus = [
	101	2	43.69965362526316	8.901781294035088	0.0	0.0	1	1.0296312004102761	2.9203438027594752	138.0	11	1.05	0.95				
	102	2	39.248762978245615	8.092528449122808	0.0	0.0	1	1.027336122913361	2.280357171893243	138.0	12	1.05	0.95				
	103	1	72.83275604210527	14.971177630877195	0.0	0.0	1	1.035777044212988	3.266444238283191	138.0	11	1.05	0.95				
	104	1	29.94235526175439	6.0693963368421056	0.0	0.0	1	1.0223392297141576	-0.1759912434572343	138.0	11	1.05	0.95				
	105	1	28.728475994385967	5.664769914385967	0.0	0.0	1	1.0338245139229343	-0.6371347772342861	138.0	11	1.05	0.95				
	106	1	55.029193454035095	11.329539828771933	0.0	-100.0	1	1.0445083555646966	-3.1628474570728824	138.0	12	1.05	0.95				
	107	2	50.57830280701755	10.11566056140351	0.0	0.0	1	0.9982284212016251	-11.7975547452242	138.0	12	1.05	0.95				
	108	1	69.19111824000001	14.161924785964914	0.0	0.0	1	1.0018908894874479	-8.98513114633544	138.0	12	1.05	0.95				
	109	1	70.80962392982457	14.566551208421053	0.0	0.0	1	1.0252849373992707	-1.5708728556215115	138.0	13	1.05	0.95				
	110	1	78.90215237894738	16.185056898245616	0.0	0.0	1	1.05	-2.9539820792047062	138.0	13	1.05	0.95				
	111	1	0.0	0.0	0.0	0.0	1	1.006047183280958	0.2229445954994056	230.0	13	1.05	0.95				
	112	1	0.0	0.0	0.0	0.0	1	1.0116727759663064	-0.6762154059572076	230.0	13	1.05	0.95				
	113	3	107.22600195087719	21.84982681263158	0.0	0.0	1	1.0000347361764432	2.0188107787266153e-31	230.0	14	1.05	0.95				
	114	2	78.49752595649123	15.780430475789476	0.0	0.0	1	1.0048415261684491	3.0180260885164163	230.0	16	1.05	0.95				
	115	2	128.2665759185965	25.896091037192985	0.0	0.0	1	1.0434403144904896	10.955459665218514	230.0	16	1.05	0.95				
	116	2	40.46264224561404	8.092528449122808	0.0	0.0	1	1.0374518712871328	9.249848748268331	230.0	16	1.05	0.95				
	117	1	0.0	0.0	0.0	0.0	1	1.043735334176641	13.825651918636657	230.0	17	1.05	0.95				
	118	2	134.74059867789475	27.514596727017548	0.0	0.0	1	1.0492078904786108	14.927380995728324	230.0	17	1.05	0.95				
	119	1	73.23738246456142	14.971177630877195	0.0	0.0	1	1.0272069602055736	5.770799211320649	230.0	15	1.05	0.95				
	120	1	51.79218207438597	10.52028698385965	0.0	0.0	1	1.0228561462246528	3.0159985183139337	230.0	15	1.05	0.95				
	121	2	0.0	0.0	0.0	0.0	1	1.05	16.48967637671214	230.0	17	1.05	0.95				
	122	2	0.0	0.0	0.0	0.0	1	1.05	23.97405501677742	230.0	17	1.05	0.95				
	123	2	0.0	0.0	0.0	0.0	1	1.0214768268153454	1.8066841674829186	230.0	15	1.05	0.95				
	124	1	0.0	0.0	0.0	0.0	1	1.0306408709962545	8.071256544936551	230.0	16	1.05	0.95				
	201	2	44.76058556210527	9.117897058947369	0.0	0.0	2	1.0121228337204964	-19.904474148027756	138.0	21	1.05	0.95				
	202	2	40.20163703263158	8.28899732631579	0.0	0.0	2	1.0111709411173595	-20.229183451810894	138.0	22	1.05	0.95				
	203	1	74.60097593684212	15.334645053684213	0.0	0.0	2	1.014645486583467	-14.5211013360631	138.0	21	1.05	0.95				
	204	1	30.669290107368425	6.216747994736842	0.0	0.0	2	1.010687255541305	-19.872749968821076	138.0	21	1.05	0.95				
	205	1	29.425940508421057	5.802298128421054	0.0	0.0	2	1.0260238542383757	-20.44122492778636	138.0	21	1.05	0.95				
	206	1	56.36518181894738	11.604596256842107	0.0	-100.0	2	1.0416211146092624	-21.263514588674546	138.0	22	1.05	0.95				
	207	2	51.80623328947369	10.361246657894737	0.0	0.0	2	0.9932956106170783	-26.182818812575075	138.0	22	1.05	0.95				
	208	1	70.87092714	14.505745321052633	0.0	0.0	2	0.9994176003676198	-24.317162339071228	138.0	22	1.05	0.95				
	209	1	72.52872660526316	14.92019518736842	0.0	0.0	2	1.022268234395875	-17.860516725999624	138.0	23	1.05	0.95				
	210	1	80.81772393157895	16.57799465263158	0.0	0.0	2	1.05	-19.64258510253264	138.0	23	1.05	0.95				
	211	1	0.0	0.0	0.0	0.0	2	1.0076812319264499	-14.994970075906604	230.0	23	1.05	0.95				
	212	1	0.0	0.0	0.0	0.0	2	1.0101746102322953	-14.408431619239673	230.0	23	1.05	0.95				
	213	2	109.82921457368423	22.380292781052635	0.0	0.0	2	1.0029576126505177	-14.022028997378362	230.0	24	1.05	0.95				
	214	2	80.40327406526316	16.163544786315793	0.0	0.0	2	1.0122823819115119	-12.004532579861491	230.0	26	1.05	0.95				
	215	2	131.38060762210526	26.52479144421053	0.0	0.0	2	1.0283170632383456	-3.9102574480743084	230.0	26	1.05	0.95				
	216	2	41.44498663157895	8.28899732631579	0.0	0.0	2	1.0289987001193437	-5.267429713430142	230.0	26	1.05	0.95				
	217	1	0.0	0.0	0.0	0.0	2	1.0315820740761368	-2.8277530908738235	230.0	27	1.05	0.95				
	218	2	138.0118054831579	28.18259090947369	0.0	0.0	2	1.0315642501916702	-3.2516923221149967	230.0	27	1.05	0.95				
	219	1	75.0154258031579	15.334645053684213	0.0	0.0	2	1.0281286022791354	-6.635468150134362	230.0	25	1.05	0.95				
	220	1	53.04958288842106	10.775696524210527	0.0	0.0	2	1.0303609681349322	-7.0166162656181745	230.0	25	1.05	0.95				
	221	2	0.0	0.0	0.0	0.0	2	1.033359819563654	-2.675816551279339	230.0	27	1.05	0.95				
	222	2	0.0	0.0	0.0	0.0	2	1.05	3.759751226212593	230.0	27	1.05	0.95				
	223	2	0.0	0.0	0.0	0.0	2	1.03202333651287	-6.909731963077876	230.0	25	1.05	0.95				
	224	1	0.0	0.0	0.0	0.0	2	1.010117585677475	-7.872087154913596	230.0	26	1.05	0.95				
	301	2	63.99367287157895	13.03574817754386	0.0	0.0	3	0.99154289807766	7.480540644301722	138.0	31	1.05	0.95				
	302	2	57.47579878280702	11.85068016140351	0.0	0.0	3	0.9914778829314768	7.4604269798016745	138.0	32	1.05	0.95				
	303	1	106.65612145263157	21.92375829859649	0.0	0.0	3	1.0159259376218615	10.132451110891994	138.0	31	1.05	0.95				
	304	1	43.84751659719298	8.88801012105263	0.0	0.0	3	1.0002812353052222	9.6433494642979	138.0	31	1.05	0.95				
	305	1	42.069914572982455	8.295476112982456	0.0	0.0	3	1.011556337841962	9.428490268749204	138.0	31	1.05	0.95				
	306	1	80.58462509754386	16.590952225964912	0.0	-100.0	3	1.0310744103014555	9.845672863058097	138.0	32	1.05	0.95				
	307	2	74.06675100877193	14.813350201754385	0.0	0.0	3	0.9882333001989568	5.9622608167017335	138.0	32	1.05	0.95				
	308	1	101.32331538	20.738690282456137	0.0	0.0	3	0.9989807351912583	8.62026219814295	138.0	32	1.05	0.95				
	309	1	103.6934514122807	21.331224290526315	0.0	0.0	3	1.0286583202034123	13.821879926381815	138.0	33	1.05	0.95				
	310	1	115.5441315736842	23.70136032280702	0.0	0.0	3	1.05	13.257803393106235	138.0	33	1.05	0.95				
	311	1	0.0	0.0	0.0	0.0	3	1.0179706739579386	19.408549508613984	230.0	33	1.05	0.95				
	312	1	0.0	0.0	0.0	0.0	3	1.0232705189570894	20.75200194875856	230.0	33	1.05	0.95				
	313	2	157.02151213859648	31.996836435789476	0.0	0.0	3	1.0421733336029282	27.643261767715856	230.0	34	1.05	0.95				
	314	2	114.95159756561404	23.10882631473684	0.0	0.0	3	1.0199417260695671	17.920959629271405	230.0	36	1.05	0.95				
	315	2	187.8332805582456	37.92217651649123	0.0	0.0	3	1.0403015582490014	12.444155141481668	230.0	36	1.05	0.95				
	316	2	59.25340080701754	11.85068016140351	0.0	0.0	3	1.0410280205622218	14.000053635981173	230.0	36	1.05	0.95				
	317	1	0.0	0.0	0.0	0.0	3	1.05	13.826103553281394	230.0	37	1.05	0.95				
	318	2	197.31382468736842	40.29231254877193	0.0	0.0	3	1.0481619484520135	11.098652278087382	230.0	37	1.05	0.95				
	319	1	107.24865546070174	21.92375829859649	0.0	0.0	3	1.039490543280995	16.751233308876586	230.0	35	1.05	0.95				
	320	1	75.84435303298245	15.40588420982456	0.0	0.0	3	1.0408477723154876	18.792864707763023	230.0	35	1.05	0.95				
	321	2	0.0	0.0	0.0	0.0	3	1.0461568425057584	12.178933580755885	230.0	37	1.05	0.95				
	322	2	0.0	0.0	0.0	0.0	3	1.05	17.167862685298644	230.0	37	1.05	0.95				
	323	2	0.0	0.0	0.0	0.0	3	1.041636393823316	19.58945247043664	230.0	35	1.05	0.95				
	324	1	0.0	0.0	0.0	0.0	3	1.028254386740885	13.506964514461513	230.0	36	1.05	0.95				
	325	1	0.0	0.0	0.0	0.0	3	1.0436315929757132	19.3309793734727	230.0	35	1.05	0.95				
];
