%% MATPOWER Case Format : Version 2
function mpc = RTS_GMLC
mpc.version = '2';

%%-----  Power Flow Data  -----%%
%% system MVA base
mpc.baseMVA = 100.0;
%% bus data
%    bus_i    type    Pd    Qd    Gs    Bs    area    Vm    Va    baseKV    zone    Vmax    Vmin
mpc.bus = [
	101	2	34.02721425221053	6.931469569894737	0.0	0.0	1	1.0345040827854544	4.160009738372511	138.0	11	1.05	0.95				
	102	2	30.56147946726316	6.301335972631579	0.0	0.0	1	1.0336370470862635	3.924720256135328	138.0	12	1.05	0.95				
	103	1	56.712023753684214	11.65747154936842	0.0	0.0	1	1.029807601843086	1.5249924207890249	138.0	11	1.05	0.95				
	104	1	23.31494309873684	4.726001979473684	0.0	0.0	1	1.0233297942056572	0.6876513501410427	138.0	11	1.05	0.95				
	105	1	22.369742702842103	4.410935180842106	0.0	0.0	1	1.0378020648981208	1.0246666371236182	138.0	11	1.05	0.95				
	106	1	42.84908461389474	8.821870361684212	0.0	-100.0	1	1.048661320090331	-1.1114975655077788	138.0	12	1.05	0.95				
	107	2	39.38334982894737	7.876669965789473	0.0	0.0	1	1.0011696341449172	-6.153809111644738	138.0	12	1.05	0.95				
	108	1	53.876422565999995	11.027337952105261	0.0	0.0	1	1.0084319325989608	-4.9152557296010375	138.0	12	1.05	0.95				
	109	1	55.136689760526316	11.342404750736842	0.0	0.0	1	1.0241984768472336	-0.6825565989934347	138.0	13	1.05	0.95				
	110	1	61.438025733157886	12.602671945263157	0.0	0.0	1	1.05	-1.1626694964200843	138.0	13	1.05	0.95				
	111	1	0.0	0.0	0.0	0.0	1	0.9997764215337039	0.3648860113902818	230.0	13	1.05	0.95				
	112	1	0.0	0.0	0.0	0.0	1	1.0043426468646384	0.4685781005330025	230.0	13	1.05	0.95				
	113	3	83.49270163736841	17.013607126105263	0.0	0.0	1	0.9863299906106832	1.1828744859030871e-28	230.0	14	1.05	0.95				
	114	2	61.12295893452632	12.287605146631579	0.0	0.0	1	0.9957967159187922	2.1102161661795296	230.0	16	1.05	0.95				
	115	2	99.87617516621053	20.164275112421052	0.0	0.0	1	1.0321083647470317	6.555815160343816	230.0	16	1.05	0.95				
	116	2	31.506679863157892	6.301335972631579	0.0	0.0	1	1.0272221309151846	6.350183533388865	230.0	16	1.05	0.95				
	117	1	0.0	0.0	0.0	0.0	1	1.0372313952846994	8.26449708605669	230.0	17	1.05	0.95				
	118	2	104.91724394431579	21.42454230694737	0.0	0.0	1	1.0405465125057416	8.28860370786551	230.0	17	1.05	0.95				
	119	1	57.027090552315784	11.65747154936842	0.0	0.0	1	1.0195839809389444	5.2040013958129245	230.0	15	1.05	0.95				
	120	1	40.328550224842104	8.191736764421051	0.0	0.0	1	1.014735942572164	4.824829917631265	230.0	15	1.05	0.95				
	121	2	0.0	0.0	0.0	0.0	1	1.0448532367299828	9.03630253519224	230.0	17	1.05	0.95				
	122	2	0.0	0.0	0.0	0.0	1	1.05	15.751338547422952	230.0	17	1.05	0.95				
	123	2	0.0	0.0	0.0	0.0	1	1.0120810911005935	4.867880174689828	230.0	15	1.05	0.95				
	124	1	0.0	0.0	0.0	0.0	1	1.0239105718404555	4.661985832518653	230.0	16	1.05	0.95				
	201	2	33.48968991157895	6.821973870877193	0.0	0.0	2	1.0147497598315451	-8.650031138941886	138.0	21	1.05	0.95				
	202	2	30.07870297614035	6.201794428070176	0.0	0.0	2	1.0139431766547973	-8.87311250122741	138.0	22	1.05	0.95				
	203	1	55.81614985263158	11.473319691929824	0.0	0.0	2	1.0161029321284691	-6.0750966390046015	138.0	21	1.05	0.95				
	204	1	22.946639383859647	4.651345821052631	0.0	0.0	2	1.0142497449592134	-8.980057895468352	138.0	21	1.05	0.95				
	205	1	22.01637021964912	4.341256099649123	0.0	0.0	2	1.0288389981555826	-9.277225025919199	138.0	21	1.05	0.95				
	206	1	42.172202110877194	8.682512199298246	0.0	-100.0	2	1.0452402269991383	-10.044775804375815	138.0	22	1.05	0.95				
	207	2	38.76121517543859	7.752243035087719	0.0	0.0	2	0.99679654437889	-13.720614073676456	138.0	22	1.05	0.95				
	208	1	53.025342359999996	10.853140249122806	0.0	0.0	2	1.0055605346719936	-12.402959512567659	138.0	22	1.05	0.95				
	209	1	54.265701245614025	11.163229970526316	0.0	0.0	2	1.0223385998795447	-7.769967854608883	138.0	23	1.05	0.95				
	210	1	60.46749567368421	12.403588856140352	0.0	0.0	2	1.05	-8.902067168774831	138.0	23	1.05	0.95				
	211	1	0.0	0.0	0.0	0.0	2	1.000170826720838	-5.489211941156744	230.0	23	1.05	0.95				
	212	1	0.0	0.0	0.0	0.0	2	1.005227449733316	-5.0739786735413235	230.0	23	1.05	0.95				
	213	2	82.17377617192983	16.744844955789475	0.0	0.0	2	0.993105892708283	-4.574269234314169	230.0	24	1.05	0.95				
	214	2	60.1574059522807	12.093499134736842	0.0	0.0	2	0.9960761372314612	-3.2773254926771243	230.0	26	1.05	0.95				
	215	2	98.29844168491228	19.84574216982456	0.0	0.0	2	1.014436356268685	1.851286560871374	230.0	26	1.05	0.95				
	216	2	31.008972140350878	6.201794428070176	0.0	0.0	2	1.0155270217059154	1.685864992229247	230.0	26	1.05	0.95				
	217	1	0.0	0.0	0.0	0.0	2	1.0207750056321898	3.2812266583093668	230.0	27	1.05	0.95				
	218	2	103.25987722736842	21.086101055438597	0.0	0.0	2	1.0203142048023914	2.958662609995076	230.0	27	1.05	0.95				
	219	1	56.12623957403508	11.473319691929824	0.0	0.0	2	1.0164814541076297	1.1655199078252807	230.0	25	1.05	0.95				
	220	1	39.69148433964912	8.062332756491228	0.0	0.0	2	1.0188469815912358	1.3356217324787054	230.0	25	1.05	0.95				
	221	2	0.0	0.0	0.0	0.0	2	1.0219815026413142	3.3951205296497187	230.0	27	1.05	0.95				
	222	2	0.0	0.0	0.0	0.0	2	1.044038756150401	9.916083789219229	230.0	27	1.05	0.95				
	223	2	0.0	0.0	0.0	0.0	2	1.020197655698979	1.6732244152242608	230.0	25	1.05	0.95				
	224	1	0.0	0.0	0.0	0.0	2	1.005173864117943	-1.1528529092689523	230.0	26	1.05	0.95				
	301	2	44.04049351578947	8.971211642105262	0.0	0.0	3	1.0091101246278211	-19.585107226553717	138.0	31	1.05	0.95				
	302	2	39.554887694736834	8.155646947368421	0.0	0.0	3	1.0089796144019878	-19.734656750437065	138.0	32	1.05	0.95				
	303	1	73.40082252631578	15.087946852631577	0.0	0.0	3	1.0291142352401537	-13.039258460829688	138.0	31	1.05	0.95				
	304	1	30.175893705263153	6.116735210526315	0.0	0.0	3	1.0115683029274105	-18.440989407838003	138.0	31	1.05	0.95				
	305	1	28.95254666315789	5.7089528631578945	0.0	0.0	3	1.024447182716867	-19.389923126742215	138.0	31	1.05	0.95				
	306	1	55.45839924210526	11.417905726315789	0.0	-100.0	3	1.0413088867029097	-19.776308202896843	138.0	32	1.05	0.95				
	307	2	50.97279342105263	10.194558684210525	0.0	0.0	3	0.9943863379102885	-24.057569944772833	138.0	32	1.05	0.95				
	308	1	69.73078139999998	14.272382157894734	0.0	0.0	3	1.0011519469793906	-22.2386179269217	138.0	32	1.05	0.95				
	309	1	71.36191078947367	14.680164505263155	0.0	0.0	3	1.0261417658762872	-15.710033329859833	138.0	33	1.05	0.95				
	310	1	79.5175577368421	16.311293894736842	0.0	0.0	3	1.05	-17.880110358145604	138.0	33	1.05	0.95				
	311	1	0.0	0.0	0.0	0.0	3	1.0058414995424203	-12.88046206515246	230.0	33	1.05	0.95				
	312	1	0.0	0.0	0.0	0.0	3	1.0108903254631656	-12.145874430034159	230.0	33	1.05	0.95				
	313	2	108.06232205263156	22.020246757894736	0.0	0.0	3	1.0091101346771185	-9.391589522979444	230.0	34	1.05	0.95				
	314	2	79.10977538947367	15.90351154736842	0.0	0.0	3	1.0007753389208127	-11.892303769961158	230.0	36	1.05	0.95				
	315	2	129.26700411578946	26.098070231578944	0.0	0.0	3	1.0220356742385592	-8.602837163707376	230.0	36	1.05	0.95				
	316	2	40.7782347368421	8.155646947368421	0.0	0.0	3	1.0214424402524673	-8.030074121599293	230.0	36	1.05	0.95				
	317	1	0.0	0.0	0.0	0.0	3	1.0258574863857162	-6.827519068276808	230.0	37	1.05	0.95				
	318	2	135.7915216736842	27.72919962105263	0.0	0.0	3	1.024828837380345	-6.8168026147014205	230.0	37	1.05	0.95				
	319	1	73.8086048736842	15.087946852631577	0.0	0.0	3	1.020278762295203	-8.17117385004981	230.0	35	1.05	0.95				
	320	1	52.19614046315789	10.602341031578947	0.0	0.0	3	1.0219271138531996	-7.488179333167478	230.0	35	1.05	0.95				
	321	2	0.0	0.0	0.0	0.0	3	1.0260330174932673	-6.882749794445118	230.0	37	1.05	0.95				
	322	2	0.0	0.0	0.0	0.0	3	1.039325324928217	-2.4647294630707526	230.0	37	1.05	0.95				
	323	2	0.0	0.0	0.0	0.0	3	1.0234814987592813	-6.7968871087559775	230.0	35	1.05	0.95				
	324	1	0.0	0.0	0.0	0.0	3	1.0179278968700343	-10.294402437390245	230.0	36	1.05	0.95				
	325	1	0.0	0.0	0.0	0.0	3	1.0203745067597711	-5.463957800758155	230.0	35	1.05	0.95				
];
