%% MATPOWER Case Format : Version 2
function mpc = RTS_GMLC
mpc.version = '2';

%%-----  Power Flow Data  -----%%
%% system MVA base
mpc.baseMVA = 100.0;
%% bus data
%    bus_i    type    Pd    Qd    Gs    Bs    area    Vm    Va    baseKV    zone    Vmax    Vmin
mpc.bus = [
	101	2	46.90598714526316	9.554923307368421	0.0	0.0	1	1.0162697720477385	2.3671899339522704	138.0	11	1.05	0.95				
	102	2	42.12852549157894	8.686293915789474	0.0	0.0	1	1.0151731966771014	2.0478777586186427	138.0	12	1.05	0.95				
	103	1	78.17664524210527	16.069643744210527	0.0	0.0	1	1.0245890379353255	2.530321280177704	138.0	11	1.05	0.95				
	104	1	32.139287488421054	6.514720436842104	0.0	0.0	1	1.0132235547822417	-1.1215641473603732	138.0	11	1.05	0.95				
	105	1	30.83634340105263	6.080405741052632	0.0	0.0	1	1.0267420352578709	-1.0695336660816985	138.0	11	1.05	0.95				
	106	1	59.06679862736842	12.160811482105265	0.0	-100.0	1	1.040703767222634	-3.459222607374683	138.0	12	1.05	0.95				
	107	2	54.28933697368421	10.857867394736843	0.0	0.0	1	0.986068660115671	-11.218775736089013	138.0	12	1.05	0.95				
	108	1	74.26781298	15.201014352631578	0.0	0.0	1	0.9944432574119239	-8.852434805181087	138.0	12	1.05	0.95				
	109	1	76.0050717631579	15.63532904842105	0.0	0.0	1	1.0249867107970287	-1.8963402009906174	138.0	13	1.05	0.95				
	110	1	84.69136567894736	17.372587831578947	0.0	0.0	1	1.05	-3.117270141825504	138.0	13	1.05	0.95				
	111	1	0.0	0.0	0.0	0.0	1	1.0184476425803421	0.5006088289366782	230.0	13	1.05	0.95				
	112	1	0.0	0.0	0.0	0.0	1	1.0146707120673464	-0.593008208278695	230.0	13	1.05	0.95				
	113	3	115.09339438421051	23.45299357263158	0.0	0.0	1	1.0001170837194648	2.212136022616092e-28	230.0	14	1.05	0.95				
	114	2	84.25705098315788	16.938273135789476	0.0	0.0	1	1.0424516273516515	3.871573719852725	230.0	16	1.05	0.95				
	115	2	137.67775856526316	27.796140530526316	0.0	0.0	1	1.0384370189594754	13.360952016304157	230.0	16	1.05	0.95				
	116	2	43.43146957894737	8.686293915789474	0.0	0.0	1	1.0384351605812832	11.450596518048624	230.0	16	1.05	0.95				
	117	1	0.0	0.0	0.0	0.0	1	1.0372777117752843	17.59438027567105	230.0	17	1.05	0.95				
	118	2	144.62679369789473	29.53339931368421	0.0	0.0	1	1.045898085960766	18.227881824061022	230.0	17	1.05	0.95				
	119	1	78.61095993789475	16.069643744210527	0.0	0.0	1	1.0337744883410682	7.0322657925298495	230.0	15	1.05	0.95				
	120	1	55.59228106105263	11.292182090526316	0.0	0.0	1	1.0369945521669297	4.023783152910656	230.0	15	1.05	0.95				
	121	2	0.0	0.0	0.0	0.0	1	1.0402442175825708	19.915723411956638	230.0	17	1.05	0.95				
	122	2	0.0	0.0	0.0	0.0	1	1.05	37.90159662090838	230.0	17	1.05	0.95				
	123	2	0.0	0.0	0.0	0.0	1	1.0400257904627543	2.7027537287443284	230.0	15	1.05	0.95				
	124	1	0.0	0.0	0.0	0.0	1	1.0197679097946817	9.316830595944065	230.0	16	1.05	0.95				
	201	2	44.607586964210526	9.086730677894737	0.0	0.0	2	1.0076655856842078	-17.27959239888113	138.0	21	1.05	0.95				
	202	2	40.06422162526316	8.26066425263158	0.0	0.0	2	1.0068855851665421	-17.5855050054507	138.0	22	1.05	0.95				
	203	1	74.34597827368421	15.282228867368419	0.0	0.0	2	1.0116120236329975	-12.657994268528368	138.0	21	1.05	0.95				
	204	1	30.564457734736838	6.195498189473684	0.0	0.0	2	1.009031923398853	-17.203129403963977	138.0	21	1.05	0.95				
	205	1	29.325358096842102	5.782464976842105	0.0	0.0	2	1.0237512072976307	-17.70122888786947	138.0	21	1.05	0.95				
	206	1	56.17251691789475	11.56492995368421	0.0	-100.0	2	1.040621899522266	-18.45655960061953	138.0	22	1.05	0.95				
	207	2	51.629151578947365	10.325830315789473	0.0	0.0	2	0.9906289560200956	-23.354223782466573	138.0	22	1.05	0.95				
	208	1	70.62867936	14.456162442105262	0.0	0.0	2	0.9980543060680014	-21.50726019257309	138.0	22	1.05	0.95				
	209	1	72.2808122105263	14.869195654736842	0.0	0.0	2	1.022758265535621	-15.175199281474727	138.0	23	1.05	0.95				
	210	1	80.54147646315789	16.52132850526316	0.0	0.0	2	1.05	-16.787710898305406	138.0	23	1.05	0.95				
	211	1	0.0	0.0	0.0	0.0	2	1.0084066576217918	-12.079622247769654	230.0	23	1.05	0.95				
	212	1	0.0	0.0	0.0	0.0	2	1.0131619646399386	-11.404910408988094	230.0	23	1.05	0.95				
	213	2	109.45380134736841	22.303793482105263	0.0	0.0	2	1.0082535136882078	-10.75742221604703	230.0	24	1.05	0.95				
	214	2	80.12844325052632	16.10829529263158	0.0	0.0	2	1.0098803693145169	-9.251469996743173	230.0	26	1.05	0.95				
	215	2	130.93152840421052	26.434125608421056	0.0	0.0	2	1.0276784022915961	-2.3717516955347797	230.0	26	1.05	0.95				
	216	2	41.30332126315789	8.26066425263158	0.0	0.0	2	1.03096541851902	-2.803598460292533	230.0	26	1.05	0.95				
	217	1	0.0	0.0	0.0	0.0	2	1.0354818469146116	-0.8984232055136414	230.0	27	1.05	0.95				
	218	2	137.54005980631578	28.086258458947373	0.0	0.0	2	1.0336730636122677	-1.4114487901489827	230.0	27	1.05	0.95				
	219	1	74.75901148631579	15.282228867368419	0.0	0.0	2	1.0357550492978946	-3.2319286684262067	230.0	25	1.05	0.95				
	220	1	52.86825121684211	10.738863528421053	0.0	0.0	2	1.0425346257013297	-2.810379125299187	230.0	25	1.05	0.95				
	221	2	0.0	0.0	0.0	0.0	2	1.0343598695598344	-0.9311500738259343	230.0	27	1.05	0.95				
	222	2	0.0	0.0	0.0	0.0	2	1.05	5.579183868233085	230.0	27	1.05	0.95				
	223	2	0.0	0.0	0.0	0.0	2	1.0467910285576334	-2.2750299202830955	230.0	25	1.05	0.95				
	224	1	0.0	0.0	0.0	0.0	2	1.008987374885789	-6.202470939741514	230.0	26	1.05	0.95				
	301	2	49.1825371831579	10.018664981754386	0.0	0.0	3	1.0257358290632344	6.613658826990802	138.0	31	1.05	0.95				
	302	2	44.1732046922807	9.107877256140352	0.0	0.0	3	1.0227441397893564	6.259839940877547	138.0	32	1.05	0.95				
	303	1	81.97089530526316	16.84957292385965	0.0	0.0	3	1.05	21.231920144805166	138.0	31	1.05	0.95				
	304	1	33.6991458477193	6.830907942105263	0.0	0.0	3	1.0105123397003932	7.2692537436464635	138.0	31	1.05	0.95				
	305	1	32.332964259298244	6.375514079298246	0.0	0.0	3	1.0293635731299833	5.504572012820035	138.0	31	1.05	0.95				
	306	1	61.933565341754395	12.751028158596492	0.0	-100.0	3	1.0383814978235504	4.326829694091463	138.0	32	1.05	0.95				
	307	2	56.924232850877196	11.384846570175439	0.0	0.0	3	0.95	4.573192185787199	138.0	32	1.05	0.95				
	308	1	77.87235054	15.938785198245615	0.0	0.0	3	0.9713391305622299	4.47007023044169	138.0	32	1.05	0.95				
	309	1	79.69392599122807	16.39417906105263	0.0	0.0	3	1.0145573309711242	10.006704989027662	138.0	33	1.05	0.95				
	310	1	88.80180324736841	18.215754512280704	0.0	0.0	3	1.0438363291799646	5.844682527886976	138.0	33	1.05	0.95				
	311	1	0.0	0.0	0.0	0.0	3	1.0030946419421285	9.538877581646462	230.0	33	1.05	0.95				
	312	1	0.0	0.0	0.0	0.0	3	1.0077888710030782	10.221896441121062	230.0	33	1.05	0.95				
	313	2	120.67937364385966	24.59126859157895	0.0	0.0	3	1.005108384529947	12.083512227359765	230.0	34	1.05	0.95				
	314	2	88.3464093845614	17.760360649473686	0.0	0.0	3	0.9987467781867838	9.0147974040873	230.0	36	1.05	0.95				
	315	2	144.35985450982457	29.145207219649123	0.0	0.0	3	1.048566326786255	11.317165834127794	230.0	36	1.05	0.95				
	316	2	45.539386280701756	9.107877256140352	0.0	0.0	3	1.0332348801230755	11.021515992366114	230.0	36	1.05	0.95				
	317	1	0.0	0.0	0.0	0.0	3	1.0497595360742986	13.736002888800826	230.0	37	1.05	0.95				
	318	2	151.64615631473683	30.966782670877198	0.0	0.0	3	1.05	11.388836534515967	230.0	37	1.05	0.95				
	319	1	82.42628916807018	16.84957292385965	0.0	0.0	3	1.0231789577161192	10.668691383305736	230.0	35	1.05	0.95				
	320	1	58.290414439298246	11.840240432982457	0.0	0.0	3	1.0176482147465997	11.254223392303102	230.0	35	1.05	0.95				
	321	2	0.0	0.0	0.0	0.0	3	1.05	11.982923259864954	230.0	37	1.05	0.95				
	322	2	0.0	0.0	0.0	0.0	3	1.05	17.01871780815448	230.0	37	1.05	0.95				
	323	2	0.0	0.0	0.0	0.0	3	1.0154630947770635	11.937851654480271	230.0	35	1.05	0.95				
	324	1	0.0	0.0	0.0	0.0	3	1.045994401321566	15.106865247250727	230.0	36	1.05	0.95				
	325	1	0.0	0.0	0.0	0.0	3	1.0162506884645528	12.628197397574336	230.0	35	1.05	0.95				
];
