%% MATPOWER Case Format : Version 2
function mpc = RTS_GMLC
mpc.version = '2';

%%-----  Power Flow Data  -----%%
%% system MVA base
mpc.baseMVA = 100.0;
%% bus data
%    bus_i    type    Pd    Qd    Gs    Bs    area    Vm    Va    baseKV    zone    Vmax    Vmin
mpc.bus = [
	101	2	40.60019792842105	8.270410689122807	0.0	0.0	1	1.033932140259256	2.9931578228317273	138.0	11	1.05	0.95				
	102	2	36.46499258385965	7.518555171929825	0.0	0.0	1	1.0330270073373233	2.7397966942372687	138.0	12	1.05	0.95				
	103	1	67.66699654736841	13.909327068070173	0.0	0.0	1	1.0297387318646543	1.2091359561403392	138.0	11	1.05	0.95				
	104	1	27.818654136140346	5.638916378947368	0.0	0.0	1	1.0222005818119881	-0.2990412664538388	138.0	11	1.05	0.95				
	105	1	26.690870860350874	5.262988620350877	0.0	0.0	1	1.0368101103188136	-0.05756263778848742	138.0	11	1.05	0.95				
	106	1	51.1261751691228	10.525977240701755	0.0	-100.0	1	1.0469285375638349	-2.198015281993762	138.0	12	1.05	0.95				
	107	2	46.990969824561404	9.398193964912279	0.0	0.0	1	1.0008040438953563	-7.004380035712543	138.0	12	1.05	0.95				
	108	1	64.28364672	13.15747155087719	0.0	0.0	1	1.0064313857585916	-5.892142212025312	138.0	12	1.05	0.95				
	109	1	65.78735775438595	13.533399309473682	0.0	0.0	1	1.0244677864218092	-1.2596856398919316	138.0	13	1.05	0.95				
	110	1	73.30591292631577	15.03711034385965	0.0	0.0	1	1.05	-1.9659615368353391	138.0	13	1.05	0.95				
	111	1	0.0	0.0	0.0	0.0	1	1.0017117983784924	0.17337707368395175	230.0	13	1.05	0.95				
	112	1	0.0	0.0	0.0	0.0	1	1.0066902709808974	0.3856735668910969	230.0	13	1.05	0.95				
	113	3	99.62085602807016	20.300098964210527	0.0	0.0	1	0.9914343087202246	2.5204867844989728e-29	230.0	14	1.05	0.95				
	114	2	72.9299851677193	14.661182585263157	0.0	0.0	1	0.9980520908938018	2.248423579384261	230.0	16	1.05	0.95				
	115	2	119.16909947508772	24.059376550175436	0.0	0.0	1	1.0359463070260448	7.8416866293468335	230.0	16	1.05	0.95				
	116	2	37.592775859649116	7.518555171929825	0.0	0.0	1	1.0312300401033716	7.314002594196126	230.0	16	1.05	0.95				
	117	1	0.0	0.0	0.0	0.0	1	1.0396626888042102	9.23075160094693	230.0	17	1.05	0.95				
	118	2	125.18394361263157	25.5630875845614	0.0	0.0	1	1.0423835931353487	9.291981758506385	230.0	17	1.05	0.95				
	119	1	68.0429243059649	13.909327068070173	0.0	0.0	1	1.0242828873928254	6.134722411270177	230.0	15	1.05	0.95				
	120	1	48.11875310035087	9.774121723508772	0.0	0.0	1	1.0207224834423452	5.839914703035042	230.0	15	1.05	0.95				
	121	2	0.0	0.0	0.0	0.0	1	1.0464140668719966	10.209349539813275	230.0	17	1.05	0.95				
	122	2	0.0	0.0	0.0	0.0	1	1.05	16.4872685366665	230.0	17	1.05	0.95				
	123	2	0.0	0.0	0.0	0.0	1	1.019051335733638	5.972525882025056	230.0	15	1.05	0.95				
	124	1	0.0	0.0	0.0	0.0	1	1.0248138841911958	5.352213050212359	230.0	16	1.05	0.95				
	201	2	40.42562570526316	8.234849680701755	0.0	0.0	2	1.0246859213579826	-6.061007642996238	138.0	21	1.05	0.95				
	202	2	36.30820086491228	7.48622698245614	0.0	0.0	2	1.025408177144257	-5.914030868083799	138.0	22	1.05	0.95				
	203	1	67.37604284210526	13.849519917543859	0.0	0.0	2	1.0171014979787103	-5.8067826581462265	138.0	21	1.05	0.95				
	204	1	27.699039835087717	5.614670236842105	0.0	0.0	2	1.018317398219349	-7.463397622256046	138.0	21	1.05	0.95				
	205	1	26.576105787719296	5.240358887719299	0.0	0.0	2	1.0328881656730642	-7.656532122402506	138.0	21	1.05	0.95				
	206	1	50.90634348070176	10.480717775438597	0.0	-100.0	2	1.0458747892341835	-8.906011307078321	138.0	22	1.05	0.95				
	207	2	46.78891864035087	9.357783728070174	0.0	0.0	2	0.9937996297062854	-14.247689078883715	138.0	22	1.05	0.95				
	208	1	64.0072407	13.100897219298243	0.0	0.0	2	1.0014465603041527	-12.599839103665285	138.0	22	1.05	0.95				
	209	1	65.50448609649122	13.475208568421051	0.0	0.0	2	1.02263025931386	-7.186147851595669	138.0	23	1.05	0.95				
	210	1	72.99071307894737	14.97245396491228	0.0	0.0	2	1.05	-8.068169730048584	138.0	23	1.05	0.95				
	211	1	0.0	0.0	0.0	0.0	2	1.0017160986432505	-4.876136671200283	230.0	23	1.05	0.95				
	212	1	0.0	0.0	0.0	0.0	2	1.0063877436889914	-4.146201144515669	230.0	23	1.05	0.95				
	213	2	99.19250751754385	20.21281285263158	0.0	0.0	2	0.9947290126512756	-3.787324343924132	230.0	24	1.05	0.95				
	214	2	72.61640172982456	14.598142615789472	0.0	0.0	2	0.9985807042639504	-2.92930765624323	230.0	26	1.05	0.95				
	215	2	118.6566976719298	23.955926343859648	0.0	0.0	2	1.0181650200566046	2.0197376139956065	230.0	26	1.05	0.95				
	216	2	37.4311349122807	7.48622698245614	0.0	0.0	2	1.019322996620402	2.0703547089309056	230.0	26	1.05	0.95				
	217	1	0.0	0.0	0.0	0.0	2	1.024869804481068	3.6098223780243983	230.0	27	1.05	0.95				
	218	2	124.64567925789474	25.45317174035088	0.0	0.0	2	1.0240833527770832	3.1296627690753827	230.0	27	1.05	0.95				
	219	1	67.75035419122807	13.849519917543859	0.0	0.0	2	1.020354020793227	1.9927954580007048	230.0	25	1.05	0.95				
	220	1	47.911852687719296	9.732095077192984	0.0	0.0	2	1.0235086111896634	2.6657130158579285	230.0	25	1.05	0.95				
	221	2	0.0	0.0	0.0	0.0	2	1.025741187987099	3.5668709661162916	230.0	27	1.05	0.95				
	222	2	0.0	0.0	0.0	0.0	2	1.0478247922932078	10.101222808155455	230.0	27	1.05	0.95				
	223	2	0.0	0.0	0.0	0.0	2	1.0257220215489966	3.324020792993556	230.0	25	1.05	0.95				
	224	1	0.0	0.0	0.0	0.0	2	1.0079440997830016	-0.9375091997991695	230.0	26	1.05	0.95				
	301	2	47.45713380631579	9.667193923508771	0.0	0.0	3	1.011425572607787	-16.20123286934198	138.0	31	1.05	0.95				
	302	2	42.6235368445614	8.7883581122807	0.0	0.0	3	1.0107961937949572	-16.420834457186857	138.0	32	1.05	0.95				
	303	1	79.09522301052631	16.258462507719294	0.0	0.0	3	1.0377492384873566	-7.353952365754258	138.0	31	1.05	0.95				
	304	1	32.51692501543859	6.591268584210526	0.0	0.0	3	1.011468661007798	-15.263281040375963	138.0	31	1.05	0.95				
	305	1	31.198671298596487	6.1518506785964915	0.0	0.0	3	1.0252492678454885	-16.306724791432	138.0	31	1.05	0.95				
	306	1	59.76083516350877	12.303701357192983	0.0	-100.0	3	1.0408380062028961	-16.893532181231624	138.0	32	1.05	0.95				
	307	2	54.92723820175438	10.985447640350877	0.0	0.0	3	0.9929874445294629	-21.650717466808246	138.0	32	1.05	0.95				
	308	1	75.14046185999999	15.379626696491226	0.0	0.0	3	0.9988831789507763	-19.661356885835218	138.0	32	1.05	0.95				
	309	1	76.89813348245613	15.819044602105262	0.0	0.0	3	1.0255637698029132	-12.51117495448448	138.0	33	1.05	0.95				
	310	1	85.68649159473684	17.5767162245614	0.0	0.0	3	1.05	-14.99756324235777	138.0	33	1.05	0.95				
	311	1	0.0	0.0	0.0	0.0	3	1.0078622021254815	-9.816806291365529	230.0	33	1.05	0.95				
	312	1	0.0	0.0	0.0	0.0	3	1.0117201413686965	-9.205662870087231	230.0	33	1.05	0.95				
	313	2	116.4457449877193	23.728566903157894	0.0	0.0	3	1.010238814717872	-6.520063905490294	230.0	34	1.05	0.95				
	314	2	85.2470736891228	17.137298318947366	0.0	0.0	3	1.0058719140427033	-8.656127657103566	230.0	36	1.05	0.95				
	315	2	139.2954760796491	28.122745959298246	0.0	0.0	3	1.0288021312870432	-4.963452309732794	230.0	36	1.05	0.95				
	316	2	43.94179056140351	8.7883581122807	0.0	0.0	3	1.027640709846306	-4.362008162939484	230.0	36	1.05	0.95				
	317	1	0.0	0.0	0.0	0.0	3	1.0315428215960931	-3.4992375595678107	230.0	37	1.05	0.95				
	318	2	146.3261625694737	29.880417581754386	0.0	0.0	3	1.0302429352939373	-3.605167049282565	230.0	37	1.05	0.95				
	319	1	79.53464091614035	16.258462507719294	0.0	0.0	3	1.0243787094484147	-4.909267244840302	230.0	35	1.05	0.95				
	320	1	56.24549191859649	11.424865545964911	0.0	0.0	3	1.0245664312675173	-4.5254820977804595	230.0	35	1.05	0.95				
	321	2	0.0	0.0	0.0	0.0	3	1.0318229810680035	-3.5300774453397747	230.0	37	1.05	0.95				
	322	2	0.0	0.0	0.0	0.0	3	1.0449390150001276	0.8309840093928308	230.0	37	1.05	0.95				
	323	2	0.0	0.0	0.0	0.0	3	1.0253681878892547	-3.9752134285825407	230.0	35	1.05	0.95				
	324	1	0.0	0.0	0.0	0.0	3	1.0268258397315642	-5.87767092271896	230.0	36	1.05	0.95				
	325	1	0.0	0.0	0.0	0.0	3	1.0231045844661324	-2.776573878923387	230.0	35	1.05	0.95				
];
