%% MATPOWER Case Format : Version 2
function mpc = RTS_GMLC
mpc.version = '2';

%%-----  Power Flow Data  -----%%
%% system MVA base
mpc.baseMVA = 100.0;
%% bus data
%    bus_i    type    Pd    Qd    Gs    Bs    area    Vm    Va    baseKV    zone    Vmax    Vmin
mpc.bus = [
	101	2	47.360217713684214	9.647451756491229	0.0	0.0	1	1.0218838518676527	0.4433391496072712	138.0	11	1.05	0.95				
	102	2	42.5364918354386	8.770410687719298	0.0	0.0	1	1.0200721867510096	-0.06560852180828304	138.0	12	1.05	0.95				
	103	1	78.9336961894737	16.225259772280705	0.0	0.0	1	1.0247709058860037	2.3499450205405537	138.0	11	1.05	0.95				
	104	1	32.45051954456141	6.577808015789474	0.0	0.0	1	1.0150326748957776	-2.2824096954121607	138.0	11	1.05	0.95				
	105	1	31.134957941403506	6.139287481403509	0.0	0.0	1	1.0300407495110275	-2.341916596315788	138.0	11	1.05	0.95				
	106	1	59.638792676491235	12.278574962807019	0.0	-100.0	1	1.042309623959208	-4.43634013039091	138.0	12	1.05	0.95				
	107	2	54.81506679824562	10.963013359649123	0.0	0.0	1	0.9973393500374343	-11.86656908855718	138.0	12	1.05	0.95				
	108	1	74.98701138	15.348218703508772	0.0	0.0	1	1.0004854861047723	-9.461130385182104	138.0	12	1.05	0.95				
	109	1	76.74109351754387	15.786739237894738	0.0	0.0	1	1.023637070934382	-2.2802713069936225	138.0	13	1.05	0.95				
	110	1	85.51150420526317	17.540821375438597	0.0	0.0	1	1.05	-3.743232207981341	138.0	13	1.05	0.95				
	111	1	0.0	0.0	0.0	0.0	1	1.0098141311911957	0.4476411540388268	230.0	13	1.05	0.95				
	112	1	0.0	0.0	0.0	0.0	1	1.0119415912322167	-0.7352805521554064	230.0	13	1.05	0.95				
	113	3	116.20794161228069	23.680108856842107	0.0	0.0	1	1.002184899919501	4.2901350569522384e-30	230.0	14	1.05	0.95				
	114	2	85.0729836708772	17.102300841052635	0.0	0.0	1	1.0182883198980226	4.342956419066724	230.0	16	1.05	0.95				
	115	2	139.0110094003509	28.065314200701756	0.0	0.0	1	1.0383059582144316	14.534749346626024	230.0	16	1.05	0.95				
	116	2	43.85205343859649	8.770410687719298	0.0	0.0	1	1.032846153119408	12.514071313148063	230.0	16	1.05	0.95				
	117	1	0.0	0.0	0.0	0.0	1	1.0378083738895665	18.892538494276252	230.0	17	1.05	0.95				
	118	2	146.02733795052634	29.819396338245618	0.0	0.0	1	1.05	19.64208175214687	230.0	17	1.05	0.95				
	119	1	79.37221672385965	16.225259772280705	0.0	0.0	1	1.0239528142021526	7.8458303993505485	230.0	15	1.05	0.95				
	120	1	56.13062840140351	11.401533894035088	0.0	0.0	1	1.0241243404515359	4.616738918169655	230.0	15	1.05	0.95				
	121	2	0.0	0.0	0.0	0.0	1	1.05	21.416621172898903	230.0	17	1.05	0.95				
	122	2	0.0	0.0	0.0	0.0	1	1.05	39.061048080272414	230.0	17	1.05	0.95				
	123	2	0.0	0.0	0.0	0.0	1	1.025675278902303	3.1799390541514003	230.0	15	1.05	0.95				
	124	1	0.0	0.0	0.0	0.0	1	1.0179840404794591	9.98160388728433	230.0	16	1.05	0.95				
	201	2	50.31953408842106	10.250275462456141	0.0	0.0	2	1.0093271556662435	-18.101198214507804	138.0	21	1.05	0.95				
	202	2	45.194396357192986	9.318432238596492	0.0	0.0	2	1.008448972797785	-18.409099344579904	138.0	22	1.05	0.95				
	203	1	83.86589014736843	17.239099641403506	0.0	0.0	2	1.0138178987886464	-13.112500195912986	138.0	21	1.05	0.95				
	204	1	34.47819928280701	6.988824178947368	0.0	0.0	2	1.0090500553633064	-17.789949891100402	138.0	21	1.05	0.95				
	205	1	33.080434447017545	6.522902567017544	0.0	0.0	2	1.0238160458875996	-18.339695071751247	138.0	21	1.05	0.95				
	206	1	63.36533922245614	13.045805134035088	0.0	-100.0	2	1.039487883115812	-19.038672516212102	138.0	22	1.05	0.95				
	207	2	58.24020149122807	11.648040298245615	0.0	0.0	2	0.9909502058194007	-24.65098822086944	138.0	22	1.05	0.95				
	208	1	79.67259564	16.307256417543858	0.0	0.0	2	0.9962172276754223	-22.515749221899423	138.0	22	1.05	0.95				
	209	1	81.5362820877193	16.773178029473684	0.0	0.0	2	1.0236860305881141	-15.358236775441288	138.0	23	1.05	0.95				
	210	1	90.85471432631579	18.636864477192983	0.0	0.0	2	1.05	-17.077255207903107	138.0	23	1.05	0.95				
	211	1	0.0	0.0	0.0	0.0	2	1.011807237552633	-11.822980354996929	230.0	23	1.05	0.95				
	212	1	0.0	0.0	0.0	0.0	2	1.0133936993788868	-10.680211627895984	230.0	23	1.05	0.95				
	213	2	123.46922716140352	25.15976704421053	0.0	0.0	2	1.0136165238723398	-9.95279612585915	230.0	24	1.05	0.95				
	214	2	90.38879271438597	18.17094286526316	0.0	0.0	2	1.0162633149405145	-9.022070455785078	230.0	26	1.05	0.95				
	215	2	147.6971509817544	29.818983163508772	0.0	0.0	2	1.0298089806154533	-2.1242421369278546	230.0	26	1.05	0.95				
	216	2	46.59216119298246	9.318432238596492	0.0	0.0	2	1.0331168753053812	-2.2428066668994773	230.0	26	1.05	0.95				
	217	1	0.0	0.0	0.0	0.0	2	1.0345042103224138	-0.5552694643136711	230.0	27	1.05	0.95				
	218	2	155.1518967726316	31.68266961122807	0.0	0.0	2	1.0333152796289926	-1.1890323069204776	230.0	27	1.05	0.95				
	219	1	84.33181175929825	17.239099641403506	0.0	0.0	2	1.0376298302260862	-1.8330335547644145	230.0	25	1.05	0.95				
	220	1	59.637966327017544	12.113961910175439	0.0	0.0	2	1.0449073098018655	-0.5959096344789022	230.0	25	1.05	0.95				
	221	2	0.0	0.0	0.0	0.0	2	1.0348597047006147	-0.6959502066619863	230.0	27	1.05	0.95				
	222	2	0.0	0.0	0.0	0.0	2	1.05	5.85669004316255	230.0	27	1.05	0.95				
	223	2	0.0	0.0	0.0	0.0	2	1.05	0.41903946996359615	230.0	25	1.05	0.95				
	224	1	0.0	0.0	0.0	0.0	2	1.0102545103195717	-6.218392974732863	230.0	26	1.05	0.95				
	301	2	43.75007909052632	8.912053148070175	0.0	0.0	3	1.011370076652776	10.390919617561288	138.0	31	1.05	0.95				
	302	2	39.29405251649122	8.101866498245613	0.0	0.0	3	1.0111491877206797	10.144684790161632	138.0	32	1.05	0.95				
	303	1	72.91679848421052	14.988453021754387	0.0	0.0	3	1.0451736308204793	20.335881803850274	138.0	31	1.05	0.95				
	304	1	29.976906043508773	6.07639987368421	0.0	0.0	3	1.0131353740329683	11.36920712590341	138.0	31	1.05	0.95				
	305	1	28.76162606877193	5.6713065487719305	0.0	0.0	3	1.0257758763223375	9.731455729080274	138.0	31	1.05	0.95				
	306	1	55.09269218807018	11.342613097543861	0.0	-100.0	3	1.0418602887244197	8.869819898979882	138.0	32	1.05	0.95				
	307	2	50.63666561403508	10.127333122807016	0.0	0.0	3	0.976079812130798	5.144190603110129	138.0	32	1.05	0.95				
	308	1	69.27095856	14.178266371929823	0.0	0.0	3	0.9907282026264874	6.885215704838179	138.0	32	1.05	0.95				
	309	1	70.89133185964911	14.583359696842106	0.0	0.0	3	1.0270151807360457	14.031006152579957	138.0	33	1.05	0.95				
	310	1	78.99319835789473	16.203732996491226	0.0	0.0	3	1.05	10.37878512062778	138.0	33	1.05	0.95				
	311	1	0.0	0.0	0.0	0.0	3	1.0083711453810142	14.706246486273818	230.0	33	1.05	0.95				
	312	1	0.0	0.0	0.0	0.0	3	1.014643672629919	14.99093650791746	230.0	33	1.05	0.95				
	313	2	107.34973110175436	21.87503954526316	0.0	0.0	3	1.011795739341528	17.213771304654436	230.0	34	1.05	0.95				
	314	2	78.58810503298244	15.798639671578945	0.0	0.0	3	1.0008454290124291	15.125619642629365	230.0	36	1.05	0.95				
	315	2	128.41458399719298	25.925972794385967	0.0	0.0	3	1.03501119276576	18.141173580721006	230.0	36	1.05	0.95				
	316	2	40.509332491228065	8.101866498245613	0.0	0.0	3	1.0290868113504426	18.10208129187541	230.0	36	1.05	0.95				
	317	1	0.0	0.0	0.0	0.0	3	1.05	22.37985227950605	230.0	37	1.05	0.95				
	318	2	134.89607719578947	27.54634609403509	0.0	0.0	3	1.05	19.150699370458433	230.0	37	1.05	0.95				
	319	1	73.3218918091228	14.988453021754387	0.0	0.0	3	1.023511224466627	17.029923843512098	230.0	35	1.05	0.95				
	320	1	51.85194558877193	10.532426447719297	0.0	0.0	3	1.0214346387527569	16.88850493077987	230.0	35	1.05	0.95				
	321	2	0.0	0.0	0.0	0.0	3	1.0456037102347926	19.481316034797423	230.0	37	1.05	0.95				
	322	2	0.0	0.0	0.0	0.0	3	1.05	24.961770660269828	230.0	37	1.05	0.95				
	323	2	0.0	0.0	0.0	0.0	3	1.020732227708822	17.12697560903921	230.0	35	1.05	0.95				
	324	1	0.0	0.0	0.0	0.0	3	1.0356505194707355	18.980060339275948	230.0	36	1.05	0.95				
	325	1	0.0	0.0	0.0	0.0	3	1.0230729197303596	17.509520758783047	230.0	35	1.05	0.95				
];
