%% MATPOWER Case Format : Version 2
function mpc = RTS_GMLC
mpc.version = '2';

%%-----  Power Flow Data  -----%%
%% system MVA base
mpc.baseMVA = 100.0;
%% bus data
%    bus_i    type    Pd    Qd    Gs    Bs    area    Vm    Va    baseKV    zone    Vmax    Vmin
mpc.bus = [
	101	2	34.842157347789474	7.097476496771929	0.0	0.0	1	1.0344011852172694	4.162434960689177	138.0	11	1.05	0.95				
	102	2	31.293419099403508	6.452251360701753	0.0	0.0	1	1.0335105703634568	3.911322770004217	138.0	12	1.05	0.95				
	103	1	58.070262246315785	11.936665017298246	0.0	0.0	1	1.0309434840569742	2.0594552097819316	138.0	11	1.05	0.95				
	104	1	23.873330034596492	4.839188520526315	0.0	0.0	1	1.0231210555375043	0.6601166258511851	138.0	11	1.05	0.95				
	105	1	22.905492330491224	4.516575952491228	0.0	0.0	1	1.037586707934593	0.9463372712174506	138.0	11	1.05	0.95				
	106	1	43.875309252771935	9.033151904982455	0.0	-100.0	1	1.0483674223639674	-1.243123620183114	138.0	12	1.05	0.95				
	107	2	40.32657100438596	8.065314200877193	0.0	0.0	1	1.0011557440621253	-6.896121879448924	138.0	12	1.05	0.95				
	108	1	55.16674913399999	11.291439881228069	0.0	0.0	1	1.0079191719144356	-5.392237878848881	138.0	12	1.05	0.95				
	109	1	56.45719940614035	11.614052449263157	0.0	0.0	1	1.0241913298111582	-0.6911036356706538	138.0	13	1.05	0.95				
	110	1	62.9094507668421	12.904502721403507	0.0	0.0	1	1.05	-1.2992929711696335	138.0	13	1.05	0.95				
	111	1	0.0	0.0	0.0	0.0	1	1.0001987234954177	0.5022619952674406	230.0	13	1.05	0.95				
	112	1	0.0	0.0	0.0	0.0	1	1.0049343561490447	0.24273852893144382	230.0	13	1.05	0.95				
	113	3	85.49233052929823	17.421078673894737	0.0	0.0	1	0.9875299807493436	4.3178117924386786e-30	230.0	14	1.05	0.95				
	114	2	62.586838198807015	12.581890153368422	0.0	0.0	1	0.9966123228286038	2.5780906771846444	230.0	16	1.05	0.95				
	115	2	102.26818406712279	20.647204354245613	0.0	0.0	1	1.0345625095146012	8.124844552213519	230.0	16	1.05	0.95				
	116	2	32.26125680350877	6.452251360701753	0.0	0.0	1	1.0294878261163307	7.307705532591496	230.0	16	1.05	0.95				
	117	1	0.0	0.0	0.0	0.0	1	1.0382986852039031	10.400367665195528	230.0	17	1.05	0.95				
	118	2	107.42998515568421	21.937654626385967	0.0	0.0	1	1.0429156727598101	10.684990166825111	230.0	17	1.05	0.95				
	119	1	58.39287481435087	11.936665017298246	0.0	0.0	1	1.0199525474463516	5.314184199200061	230.0	15	1.05	0.95				
	120	1	41.294408708491225	8.387926768912282	0.0	0.0	1	1.0141455466966927	4.199483233220761	230.0	15	1.05	0.95				
	121	2	0.0	0.0	0.0	0.0	1	1.0465648563830312	11.699680632356083	230.0	17	1.05	0.95				
	122	2	0.0	0.0	0.0	0.0	1	1.05	20.665979058330862	230.0	17	1.05	0.95				
	123	2	0.0	0.0	0.0	0.0	1	1.0110328364161898	3.8400373140593618	230.0	15	1.05	0.95				
	124	1	0.0	0.0	0.0	0.0	1	1.024945190727811	5.842479820205088	230.0	16	1.05	0.95				
	201	2	40.64662364210526	8.279867778947368	0.0	0.0	2	1.017241217514387	-9.977031016915552	138.0	21	1.05	0.95				
	202	2	36.50668975263158	7.527152526315789	0.0	0.0	2	1.01691638259349	-10.11184229445483	138.0	22	1.05	0.95				
	203	1	67.74437273684211	13.92523217368421	0.0	0.0	2	1.0151660477248003	-7.380873410431177	138.0	21	1.05	0.95				
	204	1	27.85046434736842	5.645364394736842	0.0	0.0	2	1.0143899576444444	-10.434376549681845	138.0	21	1.05	0.95				
	205	1	26.721391468421054	5.269006768421053	0.0	0.0	2	1.0291846700198675	-10.77483913300214	138.0	21	1.05	0.95				
	206	1	51.18463717894737	10.538013536842106	0.0	-100.0	2	1.0440543082494584	-11.663055405516552	138.0	22	1.05	0.95				
	207	2	47.04470328947368	9.408940657894735	0.0	0.0	2	0.9955352084580532	-16.429915614525385	138.0	22	1.05	0.95				
	208	1	64.35715409999999	13.17251692105263	0.0	0.0	2	1.0023322950150695	-14.764113959310588	138.0	22	1.05	0.95				
	209	1	65.86258460526315	13.54887454736842	0.0	0.0	2	1.0225293296846072	-9.13361374367402	138.0	23	1.05	0.95				
	210	1	73.38973713157894	15.054305052631578	0.0	0.0	2	1.05	-10.36426136771334	138.0	23	1.05	0.95				
	211	1	0.0	0.0	0.0	0.0	2	1.003376916032646	-6.5173309306572795	230.0	23	1.05	0.95				
	212	1	0.0	0.0	0.0	0.0	2	1.0068133426592503	-5.668281921432697	230.0	23	1.05	0.95				
	213	2	99.7347709736842	20.32331182105263	0.0	0.0	2	0.9985040933136439	-5.150590105474334	230.0	24	1.05	0.95				
	214	2	73.01337950526316	14.677947426315788	0.0	0.0	2	1.0016522435294961	-4.3443818141220305	230.0	26	1.05	0.95				
	215	2	119.30536754210526	24.086888084210525	0.0	0.0	2	1.0163738343029498	1.0250183157110246	230.0	26	1.05	0.95				
	216	2	37.63576263157894	7.527152526315789	0.0	0.0	2	1.018263838735165	1.0198224714721988	230.0	26	1.05	0.95				
	217	1	0.0	0.0	0.0	0.0	2	1.0223243049762887	2.372932584361026	230.0	27	1.05	0.95				
	218	2	125.3270895631579	25.592318589473685	0.0	0.0	2	1.021599540560533	1.950617976937133	230.0	27	1.05	0.95				
	219	1	68.12073036315789	13.92523217368421	0.0	0.0	2	1.020338583925336	1.1842915331908344	230.0	25	1.05	0.95				
	220	1	48.17377616842105	9.785298284210526	0.0	0.0	2	1.0244587814790926	2.0699545378938247	230.0	25	1.05	0.95				
	221	2	0.0	0.0	0.0	0.0	2	1.0234713923651277	2.4493479416420034	230.0	27	1.05	0.95				
	222	2	0.0	0.0	0.0	0.0	2	1.04546025303905	8.966914338923505	230.0	27	1.05	0.95				
	223	2	0.0	0.0	0.0	0.0	2	1.0272884641005415	2.844559454311817	230.0	25	1.05	0.95				
	224	1	0.0	0.0	0.0	0.0	2	1.0055099583256069	-2.151219354183846	230.0	26	1.05	0.95				
	301	2	44.10882632842106	8.985131289122808	0.0	0.0	3	1.0077844264112892	-14.629848500200936	138.0	31	1.05	0.95				
	302	2	39.61626068385965	8.168301171929826	0.0	0.0	3	1.0077163251426908	-14.728588950346063	138.0	32	1.05	0.95				
	303	1	73.51471054736842	15.111357168070175	0.0	0.0	3	1.0226662190734794	-9.711436531213662	138.0	31	1.05	0.95				
	304	1	30.22271433614035	6.126225878947368	0.0	0.0	3	1.0108411827418802	-13.316596107573428	138.0	31	1.05	0.95				
	305	1	28.997469160350875	5.717810820350878	0.0	0.0	3	1.0236323238527205	-14.070191924047915	138.0	31	1.05	0.95				
	306	1	55.544447969122814	11.435621640701756	0.0	-100.0	3	1.0409599077071336	-14.251923726984819	138.0	32	1.05	0.95				
	307	2	51.051882324561404	10.210376464912281	0.0	0.0	3	0.9927710772575409	-18.600160441976346	138.0	32	1.05	0.95				
	308	1	69.83897502	14.294527050877193	0.0	0.0	3	1.0001963109643184	-16.783317643639286	138.0	32	1.05	0.95				
	309	1	71.47263525438596	14.702942109473685	0.0	0.0	3	1.0260131922876077	-10.487649273158036	138.0	33	1.05	0.95				
	310	1	79.64093642631579	16.336602343859653	0.0	0.0	3	1.05	-12.195169575264428	138.0	33	1.05	0.95				
	311	1	0.0	0.0	0.0	0.0	3	1.0070182263881908	-6.656747691271187	230.0	33	1.05	0.95				
	312	1	0.0	0.0	0.0	0.0	3	1.0103876221211567	-6.300092777461925	230.0	33	1.05	0.95				
	313	2	108.22999052807019	22.05441316421053	0.0	0.0	3	1.0094580569929472	-3.310778286743845	230.0	34	1.05	0.95				
	314	2	79.2325213677193	15.92818728526316	0.0	0.0	3	1.0063984120306773	-4.7894054067828	230.0	36	1.05	0.95				
	315	2	129.46757357508773	26.138563750175443	0.0	0.0	3	1.0340124453875228	-0.2981230664219217	230.0	36	1.05	0.95				
	316	2	40.841505859649125	8.168301171929826	0.0	0.0	3	1.0331438187868527	0.24256748327184446	230.0	36	1.05	0.95				
	317	1	0.0	0.0	0.0	0.0	3	1.0429071485012458	4.16290214269252	230.0	37	1.05	0.95				
	318	2	136.00221451263158	27.772223984561407	0.0	0.0	3	1.0397047660994898	2.715813842438683	230.0	37	1.05	0.95				
	319	1	73.92312560596491	15.111357168070175	0.0	0.0	3	1.0273095846289773	-0.7468311544063265	230.0	35	1.05	0.95				
	320	1	52.277127500350886	10.618791523508772	0.0	0.0	3	1.0249895201760497	-0.8154991291495817	230.0	35	1.05	0.95				
	321	2	0.0	0.0	0.0	0.0	3	1.039800127137579	2.300626103820702	230.0	37	1.05	0.95				
	322	2	0.0	0.0	0.0	0.0	3	1.05	7.353291433614439	230.0	37	1.05	0.95				
	323	2	0.0	0.0	0.0	0.0	3	1.024166851162618	-0.5363730821538569	230.0	35	1.05	0.95				
	324	1	0.0	0.0	0.0	0.0	3	1.0180409892831088	-3.8191543767505687	230.0	36	1.05	0.95				
	325	1	0.0	0.0	0.0	0.0	3	1.0229714272280215	0.5047900592764042	230.0	35	1.05	0.95				
];
