%% MATPOWER Case Format : Version 2
function mpc = RTS_GMLC
mpc.version = '2';

%%-----  Power Flow Data  -----%%
%% system MVA base
mpc.baseMVA = 100.0;
%% bus data
%    bus_i    type    Pd    Qd    Gs    Bs    area    Vm    Va    baseKV    zone    Vmax    Vmin
mpc.bus = [
	101	2	46.07768432842105	9.386194955789474	0.0	0.0	1	1.032263674518661	2.3924635606543614	138.0	11	1.05	0.95				
	102	2	41.38458685052631	8.532904505263158	0.0	0.0	1	1.0314780199399913	2.1528276838699214	138.0	12	1.05	0.95				
	103	1	76.79614054736842	15.785873334736841	0.0	0.0	1	1.0299481194740034	1.2136373668160823	138.0	11	1.05	0.95				
	104	1	31.571746669473683	6.399678378947367	0.0	0.0	1	1.020779232531453	-0.9193729133784377	138.0	11	1.05	0.95				
	105	1	30.291810993684205	5.97303315368421	0.0	0.0	1	1.0352365424360122	-0.7560000515357101	138.0	11	1.05	0.95				
	106	1	58.023750635789476	11.94606630736842	0.0	-100.0	1	1.0450758644843783	-2.9834273539760163	138.0	12	1.05	0.95				
	107	2	53.33065315789474	10.666130631578946	0.0	0.0	1	1.000033748249828	-8.77407851748685	138.0	12	1.05	0.95				
	108	1	72.95633351999999	14.932582884210523	0.0	0.0	1	1.004016278578908	-7.291450989387535	138.0	12	1.05	0.95				
	109	1	74.66291442105262	15.359228109473683	0.0	0.0	1	1.024916898222129	-1.698738934392663	138.0	13	1.05	0.95				
	110	1	83.19581892631578	17.065809010526316	0.0	0.0	1	1.05	-2.5986119292824634	138.0	13	1.05	0.95				
	111	1	0.0	0.0	0.0	0.0	1	1.0048191407300622	0.16066704487406996	230.0	13	1.05	0.95				
	112	1	0.0	0.0	0.0	0.0	1	1.0093368570120893	0.2883409803474953	230.0	13	1.05	0.95				
	113	3	113.06098469473682	23.038842164210525	0.0	0.0	1	0.9967157131719284	-1.3459549968546057e-26	230.0	14	1.05	0.95				
	114	2	82.76917370105262	16.639163785263158	0.0	0.0	1	1.0037269635231136	2.727955008523702	230.0	16	1.05	0.95				
	115	2	135.24653640842104	27.305294416842102	0.0	0.0	1	1.0411869324614342	9.356616692337436	230.0	16	1.05	0.95				
	116	2	42.664522526315785	8.532904505263158	0.0	0.0	1	1.037657951990608	8.779489394187634	230.0	16	1.05	0.95				
	117	1	0.0	0.0	0.0	0.0	1	1.042666369422983	11.636160188820105	230.0	17	1.05	0.95				
	118	2	142.07286001263157	29.011875317894738	0.0	0.0	1	1.0471406854778158	11.396090214927446	230.0	17	1.05	0.95				
	119	1	77.22278577263157	15.785873334736841	0.0	0.0	1	1.0302886549691674	7.185076791807208	230.0	15	1.05	0.95				
	120	1	54.610588833684204	11.092775856842104	0.0	0.0	1	1.0271423655711447	6.614053797750386	230.0	15	1.05	0.95				
	121	2	0.0	0.0	0.0	0.0	1	1.05	12.166384565068753	230.0	17	1.05	0.95				
	122	2	0.0	0.0	0.0	0.0	1	1.05	25.051371363557895	230.0	17	1.05	0.95				
	123	2	0.0	0.0	0.0	0.0	1	1.0259024688996004	6.627958656113526	230.0	15	1.05	0.95				
	124	1	0.0	0.0	0.0	0.0	1	1.0265891837313839	6.312979811714907	230.0	16	1.05	0.95				
	201	2	47.191563056842114	9.613096178245614	0.0	0.0	2	1.0241461965194312	-9.015003525448158	138.0	21	1.05	0.95				
	202	2	42.3850149677193	8.739178343859649	0.0	0.0	2	1.0251085511355422	-8.830871435445557	138.0	22	1.05	0.95				
	203	1	78.65260509473686	16.16747993614035	0.0	0.0	2	1.0181744303725435	-7.875713775792734	138.0	21	1.05	0.95				
	204	1	32.3349598722807	6.554383757894737	0.0	0.0	2	1.017163597764767	-10.568985507175471	138.0	21	1.05	0.95				
	205	1	31.02408312070175	6.117424840701755	0.0	0.0	2	1.0316793801887096	-10.877647761871385	138.0	21	1.05	0.95				
	206	1	59.42641273824562	12.23484968140351	0.0	-100.0	2	1.0439105289086819	-12.309707426102719	138.0	22	1.05	0.95				
	207	2	54.6198646491228	10.923972929824561	0.0	0.0	2	0.9896370666096913	-18.61577441469231	138.0	22	1.05	0.95				
	208	1	74.71997484	15.293562101754384	0.0	0.0	2	0.9965814817572858	-16.642432561646828	138.0	22	1.05	0.95				
	209	1	76.46781050877193	15.73052101894737	0.0	0.0	2	1.0230768141789164	-10.193155279734087	138.0	23	1.05	0.95				
	210	1	85.20698885263158	17.478356687719298	0.0	0.0	2	1.05	-11.360450629520948	138.0	23	1.05	0.95				
	211	1	0.0	0.0	0.0	0.0	2	1.0062795723648101	-7.461077629935389	230.0	23	1.05	0.95				
	212	1	0.0	0.0	0.0	0.0	2	1.0102793483949306	-7.091849849988472	230.0	23	1.05	0.95				
	213	2	115.79411305614036	23.595781528421057	0.0	0.0	2	1.0005771094602827	-6.695550974868643	230.0	24	1.05	0.95				
	214	2	84.7700299354386	17.041397770526316	0.0	0.0	2	1.0083482614252346	-4.7126817327048505	230.0	26	1.05	0.95				
	215	2	138.51597675017544	27.965370700350878	0.0	0.0	2	1.0286660009866138	2.110905944641499	230.0	26	1.05	0.95				
	216	2	43.695891719298245	8.739178343859649	0.0	0.0	2	1.0305367280150481	1.7775748370706927	230.0	26	1.05	0.95				
	217	1	0.0	0.0	0.0	0.0	2	1.0353790292066982	4.754133592741285	230.0	27	1.05	0.95				
	218	2	145.50731942526315	29.71320636912281	0.0	0.0	2	1.036880468266662	5.13364004732683	230.0	27	1.05	0.95				
	219	1	79.08956401192982	16.16747993614035	0.0	0.0	2	1.0306818339570343	0.5952034803825689	230.0	25	1.05	0.95				
	220	1	55.930741400701756	11.360931847017545	0.0	0.0	2	1.0339421537102986	0.41539405634661036	230.0	25	1.05	0.95				
	221	2	0.0	0.0	0.0	0.0	2	1.0368446538659517	4.889593141172506	230.0	27	1.05	0.95				
	222	2	0.0	0.0	0.0	0.0	2	1.05	11.335335407014373	230.0	27	1.05	0.95				
	223	2	0.0	0.0	0.0	0.0	2	1.0362821080631304	0.6467311576236968	230.0	25	1.05	0.95				
	224	1	0.0	0.0	0.0	0.0	2	1.0124057907898025	-1.628720805176284	230.0	26	1.05	0.95				
	301	2	63.31034482105263	12.896551722807018	0.0	0.0	3	1.0094912391544726	-29.72776964693567	138.0	31	1.05	0.95				
	302	2	56.862068959649115	11.724137929824561	0.0	0.0	3	1.0086702211548513	-29.921834083250538	138.0	32	1.05	0.95				
	303	1	105.51724136842104	21.68965517017544	0.0	0.0	3	1.03455505473389	-20.208107553331853	138.0	31	1.05	0.95				
	304	1	43.37931034035088	8.79310344736842	0.0	0.0	3	1.0089919531325144	-27.77508688770255	138.0	31	1.05	0.95				
	305	1	41.62068965087719	8.206896550877193	0.0	0.0	3	1.02195346280246	-29.39611160707718	138.0	31	1.05	0.95				
	306	1	79.72413792280702	16.413793101754386	0.0	-100.0	3	1.0359653559689996	-29.85850490507295	138.0	32	1.05	0.95				
	307	2	73.2758620614035	14.6551724122807	0.0	0.0	3	0.9917900246193392	-36.255001389545875	138.0	32	1.05	0.95				
	308	1	100.24137929999999	20.51724137719298	0.0	0.0	3	0.9924689651471078	-33.46555488389029	138.0	32	1.05	0.95				
	309	1	102.58620688596491	21.103448273684208	0.0	0.0	3	1.0299191294342867	-23.64681226157794	138.0	33	1.05	0.95				
	310	1	114.31034481578945	23.448275859649122	0.0	0.0	3	1.05	-27.181903804384692	138.0	33	1.05	0.95				
	311	1	0.0	0.0	0.0	0.0	3	1.018639013447061	-20.067484575722876	230.0	33	1.05	0.95				
	312	1	0.0	0.0	0.0	0.0	3	1.0192103056052928	-19.285116876209873	230.0	33	1.05	0.95				
	313	2	155.34482757017543	31.655172410526315	0.0	0.0	3	1.0252607625028045	-16.46433337614034	230.0	34	1.05	0.95				
	314	2	113.72413791929823	22.862068963157895	0.0	0.0	3	1.02714824601598	-17.891560232160863	230.0	36	1.05	0.95				
	315	2	185.82758618771928	37.517241375438594	0.0	0.0	3	1.0456817541168526	-12.166084425712208	230.0	36	1.05	0.95				
	316	2	58.6206896491228	11.724137929824561	0.0	0.0	3	1.0468616597353875	-11.298364452847853	230.0	36	1.05	0.95				
	317	1	0.0	0.0	0.0	0.0	3	1.05	-8.424020133949261	230.0	37	1.05	0.95				
	318	2	195.20689653157893	39.86206896140351	0.0	0.0	3	1.0466395764257188	-9.0921727199236	230.0	37	1.05	0.95				
	319	1	106.10344826491227	21.68965517017544	0.0	0.0	3	1.0445799770498263	-12.097458065378271	230.0	35	1.05	0.95				
	320	1	75.03448275087719	15.24137930877193	0.0	0.0	3	1.047225938948021	-11.693690323790587	230.0	35	1.05	0.95				
	321	2	0.0	0.0	0.0	0.0	3	1.0473415170363838	-9.568103130973638	230.0	37	1.05	0.95				
	322	2	0.0	0.0	0.0	0.0	3	1.05	-4.775277214461114	230.0	37	1.05	0.95				
	323	2	0.0	0.0	0.0	0.0	3	1.05	-11.044118453222984	230.0	35	1.05	0.95				
	324	1	0.0	0.0	0.0	0.0	3	1.0311891020742712	-15.1722362611871	230.0	36	1.05	0.95				
	325	1	0.0	0.0	0.0	0.0	3	1.0403715720072377	-9.17663701821524	230.0	35	1.05	0.95				
];
