%% MATPOWER Case Format : Version 2
function mpc = RTS_GMLC
mpc.version = '2';

%%-----  Power Flow Data  -----%%
%% system MVA base
mpc.baseMVA = 100.0;
%% bus data
%    bus_i    type    Pd    Qd    Gs    Bs    area    Vm    Va    baseKV    zone    Vmax    Vmin
mpc.bus = [
	101	2	47.73428996210527	9.72365165894737	0.0	0.0	1	1.0160476070731905	0.03906054416897696	138.0	11	1.05	0.95				
	102	2	42.872464132631585	8.839683326315791	0.0	0.0	1	1.013724702578715	-0.5793512337326777	138.0	12	1.05	0.95				
	103	1	79.55714993684212	16.353414153684213	0.0	0.0	1	1.02777769461989	1.8992506274616494	138.0	11	1.05	0.95				
	104	1	32.706828307368426	6.629762494736842	0.0	0.0	1	1.0148759842303678	-2.353421592484782	138.0	11	1.05	0.95				
	105	1	31.380875808421056	6.187778328421054	0.0	0.0	1	1.026980779663924	-2.7957668629939785	138.0	11	1.05	0.95				
	106	1	60.10984661894738	12.375556656842107	0.0	-100.0	1	1.0406659133423433	-4.939914474932888	138.0	12	1.05	0.95				
	107	2	55.248020789473685	11.049604157894738	0.0	0.0	1	0.9968720486000878	-12.419656482866388	138.0	12	1.05	0.95				
	108	1	75.57929244	15.469445821052632	0.0	0.0	1	1.0003710122360603	-9.965368632220756	138.0	12	1.05	0.95				
	109	1	77.34722910526317	15.911429987368422	0.0	0.0	1	1.0252931406016879	-2.649065534519433	138.0	13	1.05	0.95				
	110	1	86.18691243157896	17.679366652631582	0.0	0.0	1	1.05	-4.216150142885992	138.0	13	1.05	0.95				
	111	1	0.0	0.0	0.0	0.0	1	1.0120930005607247	-0.05061268105079049	230.0	13	1.05	0.95				
	112	1	0.0	0.0	0.0	0.0	1	1.0148367877271522	-1.0647458150277067	230.0	13	1.05	0.95				
	113	3	117.12580407368422	23.867144981052636	0.0	0.0	1	1.0051925512868103	-4.756876533509915e-30	230.0	14	1.05	0.95				
	114	2	85.74492826526317	17.23738248631579	0.0	0.0	1	1.0206430614889253	3.3252112632930655	230.0	16	1.05	0.95				
	115	2	140.10898072210526	28.286986644210533	0.0	0.0	1	1.0423150841891544	12.735508440931117	230.0	16	1.05	0.95				
	116	2	44.19841663157895	8.839683326315791	0.0	0.0	1	1.0387353003270976	10.736024114932329	230.0	16	1.05	0.95				
	117	1	0.0	0.0	0.0	0.0	1	1.0430332326263057	16.23443002238773	230.0	17	1.05	0.95				
	118	2	147.18072738315792	30.05492330947369	0.0	0.0	1	1.05	17.392765738510963	230.0	17	1.05	0.95				
	119	1	79.99913410315791	16.353414153684213	0.0	0.0	1	1.031565636556467	6.591200267112716	230.0	15	1.05	0.95				
	120	1	56.573973288421065	11.491588324210527	0.0	0.0	1	1.031897959133884	3.6400948573517224	230.0	15	1.05	0.95				
	121	2	0.0	0.0	0.0	0.0	1	1.05	19.38657035538344	230.0	17	1.05	0.95				
	122	2	0.0	0.0	0.0	0.0	1	1.05	29.722002761633096	230.0	17	1.05	0.95				
	123	2	0.0	0.0	0.0	0.0	1	1.033351167679946	2.3537488395414514	230.0	15	1.05	0.95				
	124	1	0.0	0.0	0.0	0.0	1	1.0233310586835271	8.69179013272362	230.0	16	1.05	0.95				
	201	2	47.769557684210525	9.730835824561405	0.0	0.0	2	1.0086656021213627	-18.931310597549416	138.0	21	1.05	0.95				
	202	2	42.90413977192982	8.846214385964913	0.0	0.0	2	1.0076485767278536	-19.24738654219612	138.0	22	1.05	0.95				
	203	1	79.6159294736842	16.365496614035088	0.0	0.0	2	1.015909515085734	-13.793714165712469	138.0	21	1.05	0.95				
	204	1	32.730993228070176	6.634660789473684	0.0	0.0	2	1.009213965112866	-18.768525564139395	138.0	21	1.05	0.95				
	205	1	31.404061070175437	6.192350070175439	0.0	0.0	2	1.0238413387833605	-19.327194714925614	138.0	21	1.05	0.95				
	206	1	60.154257824561405	12.384700140350878	0.0	-100.0	2	1.039967225358201	-20.09379182322473	138.0	22	1.05	0.95				
	207	2	55.28883991228071	11.05776798245614	0.0	0.0	2	0.9892371175154371	-25.36341479711091	138.0	22	1.05	0.95				
	208	1	75.635133	15.480875175438596	0.0	0.0	2	0.996219299793327	-23.363476808706576	138.0	22	1.05	0.95				
	209	1	77.40437587719298	15.923185894736841	0.0	0.0	2	1.0236331298568964	-16.546097701481575	138.0	23	1.05	0.95				
	210	1	86.25059026315789	17.692428771929826	0.0	0.0	2	1.05	-18.29596922582187	138.0	23	1.05	0.95				
	211	1	0.0	0.0	0.0	0.0	2	1.0110521738358582	-13.239903768005039	230.0	23	1.05	0.95				
	212	1	0.0	0.0	0.0	0.0	2	1.0130543205578313	-12.536802865520752	230.0	23	1.05	0.95				
	213	2	117.2123406140351	23.884778842105263	0.0	0.0	2	1.0080812218331074	-11.817778947936718	230.0	24	1.05	0.95				
	214	2	85.80827954385964	17.25011805263158	0.0	0.0	2	1.0182482951019745	-10.253370555715689	230.0	26	1.05	0.95				
	215	2	140.21249801754385	28.30788603508772	0.0	0.0	2	1.0360231112719354	-2.582840037591511	230.0	26	1.05	0.95				
	216	2	44.23107192982456	8.846214385964913	0.0	0.0	2	1.038617828888347	-3.402573801878989	230.0	26	1.05	0.95				
	217	1	0.0	0.0	0.0	0.0	2	1.0398016077394072	-1.4093508687214789	230.0	27	1.05	0.95				
	218	2	147.2894695263158	30.077128912280703	0.0	0.0	2	1.0389402695657686	-1.8987346003434968	230.0	27	1.05	0.95				
	219	1	80.05824019298245	16.365496614035088	0.0	0.0	2	1.0410902562200774	-3.868032493029908	230.0	25	1.05	0.95				
	220	1	56.61577207017544	11.500078701754386	0.0	0.0	2	1.0461658950094008	-3.4328261068455084	230.0	25	1.05	0.95				
	221	2	0.0	0.0	0.0	0.0	2	1.0399771388210794	-1.3332714151503557	230.0	27	1.05	0.95				
	222	2	0.0	0.0	0.0	0.0	2	1.05	5.139501115706855	230.0	27	1.05	0.95				
	223	2	0.0	0.0	0.0	0.0	2	1.0496137230799927	-2.869778599779842	230.0	25	1.05	0.95				
	224	1	0.0	0.0	0.0	0.0	2	1.0145652509303378	-6.743993435619051	230.0	26	1.05	0.95				
	301	2	56.596646614736855	11.528946532631581	0.0	0.0	3	1.035413226584344	25.370835945262147	138.0	31	1.05	0.95				
	302	2	50.83217334842106	10.48086048421053	0.0	0.0	3	1.0313316674933377	25.025684399242884	138.0	32	1.05	0.95				
	303	1	94.32774435789474	19.389591895789476	0.0	0.0	3	1.05	41.13182832108511	138.0	31	1.05	0.95				
	304	1	38.77918379157895	7.8606453631578965	0.0	0.0	3	1.0149873578317214	26.50271370860598	138.0	31	1.05	0.95				
	305	1	37.207054718947376	7.336602338947371	0.0	0.0	3	1.0361678339015035	24.329331113791973	138.0	31	1.05	0.95				
	306	1	71.26985129263159	14.673204677894741	0.0	-100.0	3	1.0429304183061077	23.138107854786032	138.0	32	1.05	0.95				
	307	2	65.5053780263158	13.10107560526316	0.0	0.0	3	0.95	18.696766340348976	138.0	32	1.05	0.95				
	308	1	89.61135714000001	18.341505847368424	0.0	0.0	3	0.9703518303124564	21.049330825682528	138.0	32	1.05	0.95				
	309	1	91.70752923684212	18.865548871578948	0.0	0.0	3	1.018761242793664	29.89368294662512	138.0	33	1.05	0.95				
	310	1	102.18838972105264	20.96172096842106	0.0	0.0	3	1.049485335051078	24.9316218279657	138.0	33	1.05	0.95				
	311	1	0.0	0.0	0.0	0.0	3	1.0069182874492362	28.945443441461972	230.0	33	1.05	0.95				
	312	1	0.0	0.0	0.0	0.0	3	1.0134228231099438	29.008721352523935	230.0	33	1.05	0.95				
	313	2	138.87140141578948	28.298323307368427	0.0	0.0	3	1.010019747109409	31.099049825135538	230.0	34	1.05	0.95				
	314	2	101.66434669684212	20.43767794421053	0.0	0.0	3	1.000439031535472	28.696509579038104	230.0	36	1.05	0.95				
	315	2	166.12163867473686	33.53875354947369	0.0	0.0	3	1.0436012559911192	27.189954315788263	230.0	36	1.05	0.95				
	316	2	52.40430242105264	10.48086048421053	0.0	0.0	3	1.0269985758332498	27.196563979101697	230.0	36	1.05	0.95				
	317	1	0.0	0.0	0.0	0.0	3	1.044069953195408	28.510667700631714	230.0	37	1.05	0.95				
	318	2	174.5063270621053	35.63492564631579	0.0	0.0	3	1.0429107042045465	24.979739789699956	230.0	37	1.05	0.95				
	319	1	94.85178738210529	19.389591895789476	0.0	0.0	3	1.0223631628766896	27.221167329476884	230.0	35	1.05	0.95				
	320	1	67.07750709894738	13.625118629473686	0.0	0.0	3	1.0194022583936901	26.990063905584382	230.0	35	1.05	0.95				
	321	2	0.0	0.0	0.0	0.0	3	1.05	26.34490673313119	230.0	37	1.05	0.95				
	322	2	0.0	0.0	0.0	0.0	3	1.05	31.532923153605307	230.0	37	1.05	0.95				
	323	2	0.0	0.0	0.0	0.0	3	1.0179744861178064	26.945533343405238	230.0	35	1.05	0.95				
	324	1	0.0	0.0	0.0	0.0	3	1.0432548318137922	33.91969083050267	230.0	36	1.05	0.95				
	325	1	0.0	0.0	0.0	0.0	3	1.0221237881799197	26.307599578388317	230.0	35	1.05	0.95				
];
