%% MATPOWER Case Format : Version 2
function mpc = RTS_GMLC
mpc.version = '2';

%%-----  Power Flow Data  -----%%
%% system MVA base
mpc.baseMVA = 100.0;
%% bus data
%    bus_i    type    Pd    Qd    Gs    Bs    area    Vm    Va    baseKV    zone    Vmax    Vmin
mpc.bus = [
	101	2	56.81890152	11.57422068	0.0	0.0	1	1.0339441030185548	0.4812117098535961	138.0	11	1.05	0.95				
	102	2	51.03179118	10.5220188	0.0	0.0	1	1.0335111237388288	0.3392094539446652	138.0	12	1.05	0.95				
	103	1	94.6981692	19.46573478	0.0	0.0	1	1.0247493270215609	-1.199533533602527	138.0	11	1.05	0.95				
	104	1	38.93146956	7.891514099999999	0.0	0.0	1	1.020000767703914	-2.65937583743178	138.0	11	1.05	0.95				
	105	1	37.35316673999999	7.365413160000001	0.0	0.0	1	1.0349344630795443	-2.5003385025334826	138.0	11	1.05	0.95				
	106	1	71.54972784	14.730826320000002	0.0	-100.0	1	1.04287951841302	-4.692851655844223	138.0	12	1.05	0.95				
	107	2	65.7626175	13.1525235	0.0	0.0	1	1.0177010074040458	-5.628296212516735	138.0	12	1.05	0.95				
	108	1	89.96326074	18.4135329	0.0	0.0	1	1.0129156583710917	-6.358255761584972	138.0	12	1.05	0.95				
	109	1	92.06766449999999	18.93963384	0.0	0.0	1	1.0251855464721709	-2.9842658238260187	138.0	13	1.05	0.95				
	110	1	102.5896833	21.0440376	0.0	0.0	1	1.05	-3.866537678508698	138.0	13	1.05	0.95				
	111	1	0.0	0.0	0.0	0.0	1	1.00596535039027	-0.9601533408225253	230.0	13	1.05	0.95				
	112	1	0.0	0.0	0.0	0.0	1	1.010539791984465	-0.2793659054101548	230.0	13	1.05	0.95				
	113	3	139.4167491	28.40945076	0.0	0.0	1	1.0012529461802175	5.8579435453486625e-28	230.0	14	1.05	0.95				
	114	2	102.06358236	20.51793666	0.0	0.0	1	1.0029749021462873	0.7818075355148866	230.0	16	1.05	0.95				
	115	2	166.77399798	33.67046016	0.0	0.0	1	1.0362818944395171	6.661847036943651	230.0	16	1.05	0.95				
	116	2	52.610094	10.5220188	0.0	0.0	1	1.0330293007217801	6.369245350220329	230.0	16	1.05	0.95				
	117	1	0.0	0.0	0.0	0.0	1	1.0395554382261758	8.213550813369505	230.0	17	1.05	0.95				
	118	2	175.19161302	35.77486392	0.0	0.0	1	1.041229696121829	8.221558563023601	230.0	17	1.05	0.95				
	119	1	95.22427014	19.46573478	0.0	0.0	1	1.027803321071054	5.5950962146869	230.0	15	1.05	0.95				
	120	1	67.34092032	13.67862444	0.0	0.0	1	1.0273218065799181	5.9397826399173645	230.0	15	1.05	0.95				
	121	2	0.0	0.0	0.0	0.0	1	1.0448448023356813	9.435115022080488	230.0	17	1.05	0.95				
	122	2	0.0	0.0	0.0	0.0	1	1.05	15.60357936704777	230.0	17	1.05	0.95				
	123	2	0.0	0.0	0.0	0.0	1	1.0281498370871616	6.531497213785902	230.0	15	1.05	0.95				
	124	1	0.0	0.0	0.0	0.0	1	1.021918941207372	3.7253735112545483	230.0	16	1.05	0.95				
	201	2	55.11348970105263	11.226821976140352	0.0	0.0	2	1.0315631931197553	-7.305870378772555	138.0	21	1.05	0.95				
	202	2	49.50007871298246	10.206201796491229	0.0	0.0	2	1.0319336460737536	-7.2937607447971935	138.0	22	1.05	0.95				
	203	1	91.85581616842106	18.88147332350877	0.0	0.0	2	1.0223628788144463	-6.44376460478932	138.0	21	1.05	0.95				
	204	1	37.76294664701754	7.65465134736842	0.0	0.0	2	1.0190844597721136	-9.488049018011296	138.0	21	1.05	0.95				
	205	1	36.23201637754386	7.14434125754386	0.0	0.0	2	1.0342772393203628	-9.682495943205975	138.0	21	1.05	0.95				
	206	1	69.40217221614036	14.28868251508772	0.0	-100.0	2	1.043279123940441	-11.494854267123255	138.0	22	1.05	0.95				
	207	2	63.78876122807018	12.757752245614034	0.0	0.0	2	0.9893351943646003	-19.164565666237777	138.0	22	1.05	0.95				
	208	1	87.26302535999999	17.860853143859647	0.0	0.0	2	0.993364619784449	-16.787308323747467	138.0	22	1.05	0.95				
	209	1	89.30426571929824	18.37116323368421	0.0	0.0	2	1.02373289069477	-9.207805760970032	138.0	23	1.05	0.95				
	210	1	99.51046751578947	20.412403592982457	0.0	0.0	2	1.05	-10.47511662169609	138.0	23	1.05	0.95				
	211	1	0.0	0.0	0.0	0.0	2	1.0093982850665915	-6.280762463387968	230.0	23	1.05	0.95				
	212	1	0.0	0.0	0.0	0.0	2	1.0109674037740874	-5.5583680878118535	230.0	23	1.05	0.95				
	213	2	135.23217380350877	27.556744850526314	0.0	0.0	2	1.0054914541766307	-5.214071321318144	230.0	24	1.05	0.95				
	214	2	99.00015742596491	19.902093503157893	0.0	0.0	2	1.0134456860905499	-3.5805739323673924	230.0	26	1.05	0.95				
	215	2	161.76829847438597	32.65984574877193	0.0	0.0	2	1.0316531613332358	3.325819637821553	230.0	26	1.05	0.95				
	216	2	51.031008982456136	10.206201796491229	0.0	0.0	2	1.0331853421959698	3.3241989056898076	230.0	26	1.05	0.95				
	217	1	0.0	0.0	0.0	0.0	2	1.0380246622760416	6.100211190768198	230.0	27	1.05	0.95				
	218	2	169.93325991157894	34.70108610807018	0.0	0.0	2	1.0397689998155588	6.639826600317353	230.0	27	1.05	0.95				
	219	1	92.36612625824561	18.88147332350877	0.0	0.0	2	1.0319870095049222	2.6417114051703745	230.0	25	1.05	0.95				
	220	1	65.31969149754386	13.268062335438596	0.0	0.0	2	1.0347684624826137	3.030492058121051	230.0	25	1.05	0.95				
	221	2	0.0	0.0	0.0	0.0	2	1.0394696284623401	6.2899995489491465	230.0	27	1.05	0.95				
	222	2	0.0	0.0	0.0	0.0	2	1.05	12.717098350902573	230.0	27	1.05	0.95				
	223	2	0.0	0.0	0.0	0.0	2	1.0373016959276486	3.626555445841581	230.0	25	1.05	0.95				
	224	1	0.0	0.0	0.0	0.0	2	1.0160635577352133	-0.3367482976203855	230.0	26	1.05	0.95				
	301	2	51.11293896	10.411894973333332	0.0	0.0	3	1.0155074224408156	-9.445153067294232	138.0	31	1.05	0.95				
	302	2	45.90699147333333	9.465359066666668	0.0	0.0	3	1.014136646057793	-9.770705371247752	138.0	32	1.05	0.95				
	303	1	85.1882316	17.510914273333334	0.0	0.0	3	1.0496492808404438	3.46223984320116	138.0	31	1.05	0.95				
	304	1	35.02182854666667	7.099019299999999	0.0	0.0	3	1.011513426740501	-8.64288537839573	138.0	31	1.05	0.95				
	305	1	33.60202468666667	6.625751346666667	0.0	0.0	3	1.0269336733856569	-10.27750009885063	138.0	31	1.05	0.95				
	306	1	64.36444165333334	13.251502693333334	0.0	-100.0	3	1.0406109839289064	-11.303908145473851	138.0	32	1.05	0.95				
	307	2	59.158494166666664	11.831698833333332	0.0	0.0	3	0.9898843843428832	-16.27479443859469	138.0	32	1.05	0.95				
	308	1	80.92882001999999	16.564378366666666	0.0	0.0	3	0.9951914255361521	-14.100359809780365	138.0	32	1.05	0.95				
	309	1	82.82189183333332	17.03764632	0.0	0.0	3	1.0241946849266153	-5.771584570955487	138.0	33	1.05	0.95				
	310	1	92.28725089999999	18.930718133333336	0.0	0.0	3	1.05	-9.59239542527538	138.0	33	1.05	0.95				
	311	1	0.0	0.0	0.0	0.0	3	1.0101533606198967	-4.676957132386099	230.0	33	1.05	0.95				
	312	1	0.0	0.0	0.0	0.0	3	1.0134221858971546	-4.168083563830047	230.0	33	1.05	0.95				
	313	2	125.41600763333334	25.55646948	0.0	0.0	3	1.011486438700202	-1.8841304010890787	230.0	34	1.05	0.95				
	314	2	91.81398294666666	18.457450180000002	0.0	0.0	3	1.0092094163835728	-4.021864367032567	230.0	36	1.05	0.95				
	315	2	150.02594120666666	30.289149013333333	0.0	0.0	3	1.0415012808551418	-0.2258591988086383	230.0	36	1.05	0.95				
	316	2	47.32679533333333	9.465359066666668	0.0	0.0	3	1.0357088701312929	-0.2589584969454967	230.0	36	1.05	0.95				
	317	1	0.0	0.0	0.0	0.0	3	1.0402129952448014	0.6945496498978315	230.0	37	1.05	0.95				
	318	2	157.59822846	32.18222082666667	0.0	0.0	3	1.039739484260971	0.580263526989541	230.0	37	1.05	0.95				
	319	1	85.66149955333333	17.510914273333334	0.0	0.0	3	1.0281966330016903	-1.122587798059125	230.0	35	1.05	0.95				
	320	1	60.578298026666666	12.304966786666666	0.0	0.0	3	1.0251260520885257	-0.9597478260366227	230.0	35	1.05	0.95				
	321	2	0.0	0.0	0.0	0.0	3	1.0424447255470288	1.177829419690982	230.0	37	1.05	0.95				
	322	2	0.0	0.0	0.0	0.0	3	1.05	5.309599804762582	230.0	37	1.05	0.95				
	323	2	0.0	0.0	0.0	0.0	3	1.024239661569832	-0.5040046429487133	230.0	35	1.05	0.95				
	324	1	0.0	0.0	0.0	0.0	3	1.041732185225899	1.186370423371834	230.0	36	1.05	0.95				
	325	1	0.0	0.0	0.0	0.0	3	1.0239102603291395	0.3448417976712878	230.0	35	1.05	0.95				
];

%% generator data
%    bus    Pg    Qg    Qmax    Qmin    Vg    mBase    status    Pmax    Pmin    Pc1    Pc2    Qc1min    Qc1max    Qc2min    Qc2max    ramp_agc    ramp_10    ramp_30    ramp_q    apf
