%% MATPOWER Case Format : Version 2
function mpc = RTS_GMLC
mpc.version = '2';

%%-----  Power Flow Data  -----%%
%% system MVA base
mpc.baseMVA = 100.0;
%% bus data
%    bus_i    type    Pd    Qd    Gs    Bs    area    Vm    Va    baseKV    zone    Vmax    Vmin
mpc.bus = [
	101	2	42.61751609684211	8.681345871578948	0.0	0.0	1	1.0346230203369362	2.439401025852437	138.0	11	1.05	0.95				
	102	2	38.27684316105263	7.892132610526316	0.0	0.0	1	1.032361193121633	1.8319404685273188	138.0	12	1.05	0.95				
	103	1	71.02919349473684	14.600445329473683	0.0	0.0	1	1.035013139029122	1.974713144606953	138.0	11	1.05	0.95				
	104	1	29.200890658947365	5.9190994578947365	0.0	0.0	1	1.0246166763680393	-0.5709794930670309	138.0	11	1.05	0.95				
	105	1	28.01707076736842	5.524492827368421	0.0	0.0	1	1.036658450018525	-0.9359021509924391	138.0	11	1.05	0.95				
	106	1	53.666501751578956	11.048985654736843	0.0	-100.0	1	1.0461371348158355	-3.3535637638809996	138.0	12	1.05	0.95				
	107	2	49.32582881578947	9.865165763157895	0.0	0.0	1	0.9998357431534993	-10.098424223526678	138.0	12	1.05	0.95				
	108	1	67.47773382	13.81123206842105	0.0	0.0	1	1.0043562689929242	-8.105643495284719	138.0	12	1.05	0.95				
	109	1	69.05616034210527	14.205838698947368	0.0	0.0	1	1.0250294214202509	-1.9447156094197025	138.0	13	1.05	0.95				
	110	1	76.94829295263158	15.784265221052632	0.0	0.0	1	1.05	-3.118853538979801	138.0	13	1.05	0.95				
	111	1	0.0	0.0	0.0	0.0	1	1.0032329657995689	-0.3730291832615513	230.0	13	1.05	0.95				
	112	1	0.0	0.0	0.0	0.0	1	1.0082142877850975	-0.9154409996090181	230.0	13	1.05	0.95				
	113	3	104.57075708947367	21.308758048421055	0.0	0.0	1	0.9952623060340936	8.555586432434633e-31	230.0	14	1.05	0.95				
	114	2	76.55368632210526	15.389658590526317	0.0	0.0	1	0.9997033650524568	1.5983259106637453	230.0	16	1.05	0.95				
	115	2	125.09030187684209	25.254824353684214	0.0	0.0	1	1.037919687326962	7.945899704380879	230.0	16	1.05	0.95				
	116	2	39.46066305263158	7.892132610526316	0.0	0.0	1	1.0331839426701936	6.632570083741288	230.0	16	1.05	0.95				
	117	1	0.0	0.0	0.0	0.0	1	1.0412175419235292	10.295445086751773	230.0	17	1.05	0.95				
	118	2	131.40400796526313	26.833250875789478	0.0	0.0	1	1.0455341263156377	11.205125377250646	230.0	17	1.05	0.95				
	119	1	71.42380012526316	14.600445329473683	0.0	0.0	1	1.0222638935370265	4.031658495394133	230.0	15	1.05	0.95				
	120	1	50.50964870736843	10.25977239368421	0.0	0.0	1	1.0158656793051177	2.0277025219144678	230.0	15	1.05	0.95				
	121	2	0.0	0.0	0.0	0.0	1	1.048154597133934	12.528242489863485	230.0	17	1.05	0.95				
	122	2	0.0	0.0	0.0	0.0	1	1.05	18.177452218510087	230.0	17	1.05	0.95				
	123	2	0.0	0.0	0.0	0.0	1	1.0129800195106453	1.2279816094577976	230.0	15	1.05	0.95				
	124	1	0.0	0.0	0.0	0.0	1	1.0286298317310223	5.697183358607802	230.0	16	1.05	0.95				
	201	2	44.777585406315794	9.121359990175439	0.0	0.0	2	1.0160025797402223	-14.409776239952869	138.0	21	1.05	0.95				
	202	2	40.21690541122807	8.292145445614036	0.0	0.0	2	1.0151826256161822	-14.675963755805867	138.0	22	1.05	0.95				
	203	1	74.62930901052633	15.340469074385965	0.0	0.0	2	1.0137302924419678	-10.866551416845144	138.0	21	1.05	0.95				
	204	1	30.68093814877193	6.219109084210526	0.0	0.0	2	1.012798537037955	-14.129226970671684	138.0	21	1.05	0.95				
	205	1	29.437116331929825	5.804501811929826	0.0	0.0	2	1.027956253572046	-14.533191210788726	138.0	21	1.05	0.95				
	206	1	56.38658903017545	11.609003623859651	0.0	-100.0	2	1.0426327430720757	-15.120900249040432	138.0	22	1.05	0.95				
	207	2	51.825909035087726	10.365181807017544	0.0	0.0	2	0.9984776462059968	-20.11031774476248	138.0	22	1.05	0.95				
	208	1	70.89784356	14.51125452982456	0.0	0.0	2	1.0025698519928878	-18.22928618616719	138.0	22	1.05	0.95				
	209	1	72.5562726491228	14.925861802105263	0.0	0.0	2	1.0229120871257404	-11.965142178601505	138.0	23	1.05	0.95				
	210	1	80.84841809473684	16.584290891228072	0.0	0.0	2	1.05	-13.323861785358426	138.0	23	1.05	0.95				
	211	1	0.0	0.0	0.0	0.0	2	1.0035916220571746	-9.883762774391172	230.0	23	1.05	0.95				
	212	1	0.0	0.0	0.0	0.0	2	1.009223778595643	-6.163561401064805	230.0	23	1.05	0.95				
	213	2	109.87092715438595	22.388792703157897	0.0	0.0	2	0.9970972126730224	-8.360820005275736	230.0	24	1.05	0.95				
	214	2	80.43381082245614	16.16968361894737	0.0	0.0	2	1.0018268718166585	-8.318194902110081	230.0	26	1.05	0.95				
	215	2	131.43050531298246	26.534865425964917	0.0	0.0	2	1.0172164830110808	-2.325419828901981	230.0	26	1.05	0.95				
	216	2	41.460727228070176	8.292145445614036	0.0	0.0	2	1.0158692391694055	-3.527508073340932	230.0	26	1.05	0.95				
	217	1	0.0	0.0	0.0	0.0	2	1.0213652403080984	-1.5439960571259455	230.0	27	1.05	0.95				
	218	2	138.0642216694737	28.193294515087725	0.0	0.0	2	1.0212603526906425	-1.8955312234812531	230.0	27	1.05	0.95				
	219	1	75.04391628280702	15.340469074385965	0.0	0.0	2	1.0120181457552975	-4.760222122258602	230.0	25	1.05	0.95				
	220	1	53.06973085192983	10.779789079298247	0.0	0.0	2	1.01169626761549	-5.002842346641707	230.0	25	1.05	0.95				
	221	2	0.0	0.0	0.0	0.0	2	1.0234647315731238	-1.2364701920059118	230.0	27	1.05	0.95				
	222	2	0.0	0.0	0.0	0.0	2	1.0452718429228869	5.192596062702366	230.0	27	1.05	0.95				
	223	2	0.0	0.0	0.0	0.0	2	1.0120267994281875	-4.807646585131651	230.0	25	1.05	0.95				
	224	1	0.0	0.0	0.0	0.0	2	1.0053444044668844	-5.544988290971605	230.0	26	1.05	0.95				
	301	2	64.64283453473683	13.167984812631579	0.0	0.0	3	0.9931926273747669	0.04696367841782033	138.0	31	1.05	0.95				
	302	2	58.05884212842105	11.970895284210526	0.0	0.0	3	0.9930632614669623	-0.010484296088004266	138.0	32	1.05	0.95				
	303	1	107.73805755789473	22.146156275789473	0.0	0.0	3	1.0186431654759454	3.7068819560171096	138.0	31	1.05	0.95				
	304	1	44.292312551578945	8.978171463157894	0.0	0.0	3	1.0006987430589063	2.0171283155804653	138.0	31	1.05	0.95				
	305	1	42.49667825894736	8.37962669894737	0.0	0.0	3	1.0124343709028283	1.8522741195493653	138.0	31	1.05	0.95				
	306	1	81.40208793263159	16.75925339789474	0.0	-100.0	3	1.0313369785499413	2.1826953898145	138.0	32	1.05	0.95				
	307	2	74.81809552631579	14.963619105263156	0.0	0.0	3	0.9891614859412794	-1.8540061665064085	138.0	32	1.05	0.95				
	308	1	102.35115468000001	20.94906674736842	0.0	0.0	3	0.9992167418796998	0.8400295826511328	138.0	32	1.05	0.95				
	309	1	104.7453337368421	21.547611511578946	0.0	0.0	3	1.0281197270196978	6.101007757591321	138.0	33	1.05	0.95				
	310	1	116.71622902105263	23.94179056842105	0.0	0.0	3	1.05	5.562500155539764	138.0	33	1.05	0.95				
	311	1	0.0	0.0	0.0	0.0	3	1.0176007730302987	11.584016856023478	230.0	33	1.05	0.95				
	312	1	0.0	0.0	0.0	0.0	3	1.023018378895104	13.19683645528861	230.0	33	1.05	0.95				
	313	2	158.61436251578945	32.32141726736842	0.0	0.0	3	1.0434086751747058	20.13618211343948	230.0	34	1.05	0.95				
	314	2	116.1176842568421	23.343245804210525	0.0	0.0	3	1.0186430783702047	9.688370828493845	230.0	36	1.05	0.95				
	315	2	189.7386902547368	38.30686490947368	0.0	0.0	3	1.0325789015197193	3.9038436580338813	230.0	36	1.05	0.95				
	316	2	59.854476421052624	11.970895284210526	0.0	0.0	3	1.0343647301328531	5.290419968030484	230.0	36	1.05	0.95				
	317	1	0.0	0.0	0.0	0.0	3	1.0364627724530557	4.039811570081409	230.0	37	1.05	0.95				
	318	2	199.31540648210526	40.701043966315794	0.0	0.0	3	1.0335352663936785	2.6268790596024747	230.0	37	1.05	0.95				
	319	1	108.33660232210526	22.146156275789473	0.0	0.0	3	1.0341819441990359	8.639676047125386	230.0	35	1.05	0.95				
	320	1	76.61372981894736	15.562163869473682	0.0	0.0	3	1.0377158578353411	11.226412148624618	230.0	35	1.05	0.95				
	321	2	0.0	0.0	0.0	0.0	3	1.0353188171039105	3.628899446252723	230.0	37	1.05	0.95				
	322	2	0.0	0.0	0.0	0.0	3	1.0491583487313958	8.10351946602651	230.0	37	1.05	0.95				
	323	2	0.0	0.0	0.0	0.0	3	1.040076407775156	12.309881775555416	230.0	35	1.05	0.95				
	324	1	0.0	0.0	0.0	0.0	3	1.0255541841303637	5.621278215074534	230.0	36	1.05	0.95				
	325	1	0.0	0.0	0.0	0.0	3	1.0415868706048712	12.332037648212365	230.0	35	1.05	0.95				
];
