%% MATPOWER Case Format : Version 2
function mpc = RTS_GMLC
mpc.version = '2';

%%-----  Power Flow Data  -----%%
%% system MVA base
mpc.baseMVA = 100.0;
%% bus data
%    bus_i    type    Pd    Qd    Gs    Bs    area    Vm    Va    baseKV    zone    Vmax    Vmin
mpc.bus = [
	101	2	70.71301337684211	14.404502724912282	0.0	0.0	1	1.0419719991948186	1.7101254162074728	138.0	11	1.05	0.95				
	102	2	63.51076201438597	13.095002477192983	0.0	0.0	1	1.041855535196969	1.6335934898811106	138.0	12	1.05	0.95				
	103	1	117.85502229473686	24.225754582807017	0.0	0.0	1	1.0246883353880818	-0.5716779256477493	138.0	11	1.05	0.95				
	104	1	48.451509165614034	9.821251857894737	0.0	0.0	1	1.0224943672340967	-1.8639041105990655	138.0	11	1.05	0.95				
	105	1	46.487258794035085	9.166501734035089	0.0	0.0	1	1.036890677771897	-1.9107006152128838	138.0	11	1.05	0.95				
	106	1	89.04601684491229	18.333003468070178	0.0	-100.0	1	1.0407486098350016	-4.546917002854733	138.0	12	1.05	0.95				
	107	2	81.84376548245615	16.36875309649123	0.0	0.0	1	1.0366209065414893	-1.229181981687094	138.0	12	1.05	0.95				
	108	1	111.96227117999999	22.916254335087718	0.0	0.0	1	1.0203580878145135	-4.039476232487813	138.0	12	1.05	0.95				
	109	1	114.58127167543859	23.571004458947368	0.0	0.0	1	1.0259701598162099	-2.507403388480008	138.0	13	1.05	0.95				
	110	1	127.67627415263159	26.190004954385966	0.0	0.0	1	1.05	-3.55780139856415	138.0	13	1.05	0.95				
	111	1	0.0	0.0	0.0	0.0	1	1.0098217468762827	-0.6141028364967069	230.0	13	1.05	0.95				
	112	1	0.0	0.0	0.0	0.0	1	1.0129606407048846	0.05621682134515936	230.0	13	1.05	0.95				
	113	3	173.508782822807	35.35650668842106	0.0	0.0	1	1.0051743696260322	-5.693456562014044e-29	230.0	14	1.05	0.95				
	114	2	127.02152402877194	25.535254830526316	0.0	0.0	1	1.010173024925546	1.3500501898812796	230.0	16	1.05	0.95				
	115	2	207.55578926350879	41.904007927017545	0.0	0.0	1	1.042804784836082	8.474330785916214	230.0	16	1.05	0.95				
	116	2	65.47501238596492	13.095002477192983	0.0	0.0	1	1.0397328733585234	8.047406765789473	230.0	16	1.05	0.95				
	117	1	0.0	0.0	0.0	0.0	1	1.0455998384021392	10.968239585666987	230.0	17	1.05	0.95				
	118	2	218.03179124526318	44.523008422456144	0.0	0.0	1	1.0487016170814885	11.462337210095313	230.0	17	1.05	0.95				
	119	1	118.5097724185965	24.225754582807017	0.0	0.0	1	1.0324813825708024	6.749162641355528	230.0	15	1.05	0.95				
	120	1	83.80801585403509	17.02350322035088	0.0	0.0	1	1.0317484377355584	6.816631720449198	230.0	15	1.05	0.95				
	121	2	0.0	0.0	0.0	0.0	1	1.05	11.773332466514724	230.0	17	1.05	0.95				
	122	2	0.0	0.0	0.0	0.0	1	1.05	19.080623022726893	230.0	17	1.05	0.95				
	123	2	0.0	0.0	0.0	0.0	1	1.0329662323968922	7.346988468792587	230.0	15	1.05	0.95				
	124	1	0.0	0.0	0.0	0.0	1	1.0246190186561284	5.114998413960274	230.0	16	1.05	0.95				
	201	2	61.522430362105275	12.532346925614037	0.0	0.0	2	1.0321599011184215	-4.4900305372095906	138.0	21	1.05	0.95				
	202	2	55.25625689929825	11.393042659649124	0.0	0.0	2	1.0323072458090223	-4.529565566325342	138.0	22	1.05	0.95				
	203	1	102.53738393684213	21.07712892035088	0.0	0.0	2	1.0260848615218512	-3.792186760173284	138.0	21	1.05	0.95				
	204	1	42.15425784070176	8.544781994736843	0.0	0.0	2	1.0189203548677097	-6.7392529138507635	138.0	21	1.05	0.95				
	205	1	40.44530144175439	7.975129861754388	0.0	0.0	2	1.033772363375145	-6.9033568445858	138.0	21	1.05	0.95				
	206	1	77.47269008561405	15.950259723508776	0.0	-100.0	2	1.0416727594768582	-8.795219133957627	138.0	22	1.05	0.95				
	207	2	71.20651662280703	14.241303324561406	0.0	0.0	2	0.9877463834599488	-17.410446296391967	138.0	22	1.05	0.95				
	208	1	97.41051474000001	19.937824654385967	0.0	0.0	2	0.9900432794171548	-14.707593542634834	138.0	22	1.05	0.95				
	209	1	99.68912327192983	20.50747678736842	0.0	0.0	2	1.0252405090473005	-6.235137620435423	138.0	23	1.05	0.95				
	210	1	111.08216593157896	22.786085319298248	0.0	0.0	2	1.05	-7.548173449847001	138.0	23	1.05	0.95				
	211	1	0.0	0.0	0.0	0.0	2	1.010959348322949	-3.571929737282558	230.0	23	1.05	0.95				
	212	1	0.0	0.0	0.0	0.0	2	1.0159805700661184	-1.0103453074069642	230.0	23	1.05	0.95				
	213	2	150.95781524035087	30.761215181052638	0.0	0.0	2	1.0086572570862689	-2.03758649845438	230.0	24	1.05	0.95				
	214	2	110.5125137985965	22.216433186315793	0.0	0.0	2	1.0135037992615985	-1.5245491522111452	230.0	26	1.05	0.95				
	215	2	180.5797261554386	36.4577365108772	0.0	0.0	2	1.0344746902584436	4.727380855471483	230.0	26	1.05	0.95				
	216	2	56.96521329824562	11.393042659649124	0.0	0.0	2	1.0357616934610792	4.814631865991678	230.0	26	1.05	0.95				
	217	1	0.0	0.0	0.0	0.0	2	1.0403885044125314	7.327397425016779	230.0	27	1.05	0.95				
	218	2	189.69416028315794	38.736345042807024	0.0	0.0	2	1.0416752433011283	7.804221080611521	230.0	27	1.05	0.95				
	219	1	103.10703606982459	21.07712892035088	0.0	0.0	2	1.0354846201940362	4.337445337940712	230.0	25	1.05	0.95				
	220	1	72.9154730217544	14.810955457543862	0.0	0.0	2	1.0397206030171067	5.009059829358138	230.0	25	1.05	0.95				
	221	2	0.0	0.0	0.0	0.0	2	1.0413591259795982	7.534050187406983	230.0	27	1.05	0.95				
	222	2	0.0	0.0	0.0	0.0	2	1.05	13.956622660176679	230.0	27	1.05	0.95				
	223	2	0.0	0.0	0.0	0.0	2	1.0434098980987936	5.797637191341129	230.0	25	1.05	0.95				
	224	1	0.0	0.0	0.0	0.0	2	1.0206078752476626	1.5324842695873444	230.0	26	1.05	0.95				
	301	2	75.96899715789475	15.4751660877193	0.0	0.0	3	1.0105303124789495	-25.940582746010392	138.0	31	1.05	0.95				
	302	2	68.23141411403509	14.068332807017544	0.0	0.0	3	1.0098164684886348	-26.12308230326442	138.0	32	1.05	0.95				
	303	1	126.61499526315791	26.026415692982457	0.0	0.0	3	1.0225802631278598	-17.141460395017404	138.0	31	1.05	0.95				
	304	1	52.052831385964915	10.551249605263159	0.0	0.0	3	1.0048818927176635	-23.827470879044803	138.0	31	1.05	0.95				
	305	1	49.94258146491228	9.847832964912282	0.0	0.0	3	1.020070951385118	-24.609284822384822	138.0	31	1.05	0.95				
	306	1	95.66466308771932	19.695665929824564	0.0	-100.0	3	1.032410331852645	-24.628366156490657	138.0	32	1.05	0.95				
	307	2	87.92708004385965	17.585416008771933	0.0	0.0	3	0.9890950107871849	-30.86286324282092	138.0	32	1.05	0.95				
	308	1	120.28424550000001	24.619582412280703	0.0	0.0	3	0.9880808359461822	-28.222067613196163	138.0	32	1.05	0.95				
	309	1	123.09791206140352	25.32299905263158	0.0	0.0	3	1.026688530992048	-19.078568552198732	138.0	33	1.05	0.95				
	310	1	137.16624486842107	28.13666561403509	0.0	0.0	3	1.05	-21.02114310796597	138.0	33	1.05	0.95				
	311	1	0.0	0.0	0.0	0.0	3	1.024025781850499	-12.886016669800798	230.0	33	1.05	0.95				
	312	1	0.0	0.0	0.0	0.0	3	1.0220364681289473	-12.312649522745819	230.0	33	1.05	0.95				
	313	2	186.40540969298246	37.984498578947374	0.0	0.0	3	1.039807694610321	-8.338254107969513	230.0	34	1.05	0.95				
	314	2	136.46282822807018	27.433248973684215	0.0	0.0	3	1.0394992742566	-9.908183033132676	230.0	36	1.05	0.95				
	315	2	222.98307499122808	45.018664982456144	0.0	0.0	3	1.0493296651122843	-5.282872792132763	230.0	36	1.05	0.95				
	316	2	70.34166403508773	14.068332807017544	0.0	0.0	3	1.0495266421111147	-4.593130803653248	230.0	36	1.05	0.95				
	317	1	0.0	0.0	0.0	0.0	3	1.0495103203567246	-2.6756040515082518	230.0	37	1.05	0.95				
	318	2	234.2377412368421	47.83233154385966	0.0	0.0	3	1.048278240659975	-2.538128133989055	230.0	37	1.05	0.95				
	319	1	127.31841190350879	26.026415692982457	0.0	0.0	3	1.0465622267953012	-5.1075986685328685	230.0	35	1.05	0.95				
	320	1	90.03732996491229	18.28883264912281	0.0	0.0	3	1.048019469379721	-5.037440856396344	230.0	35	1.05	0.95				
	321	2	0.0	0.0	0.0	0.0	3	1.05	-1.8402974069718627	230.0	37	1.05	0.95				
	322	2	0.0	0.0	0.0	0.0	3	1.05	3.1984409544753927	230.0	37	1.05	0.95				
	323	2	0.0	0.0	0.0	0.0	3	1.05	-4.71433098210976	230.0	35	1.05	0.95				
	324	1	0.0	0.0	0.0	0.0	3	1.0261096278808903	-8.46313901651416	230.0	36	1.05	0.95				
	325	1	0.0	0.0	0.0	0.0	3	1.0447160635640222	-3.365967090736101	230.0	35	1.05	0.95				
];
