%% MATPOWER Case Format : Version 2
function mpc = RTS_GMLC
mpc.version = '2';

%%-----  Power Flow Data  -----%%
%% system MVA base
mpc.baseMVA = 100.0;
%% bus data
%    bus_i    type    Pd    Qd    Gs    Bs    area    Vm    Va    baseKV    zone    Vmax    Vmin
mpc.bus = [
	101	2	59.237011364210524	12.066798611228071	0.0	0.0	1	1.035916864446958	2.349623413366681	138.0	11	1.05	0.95				
	102	2	53.203612058596484	10.969816919298246	0.0	0.0	1	1.0359541817241953	2.3188043341729143	138.0	12	1.05	0.95				
	103	1	98.72835227368421	20.294161300701756	0.0	0.0	1	1.0261657324921705	0.15349342348221176	138.0	11	1.05	0.95				
	104	1	40.58832260140351	8.227362689473685	0.0	0.0	1	1.0206786776825592	-1.1559447868465678	138.0	11	1.05	0.95				
	105	1	38.94285006350877	7.678871843508772	0.0	0.0	1	1.035391626264479	-0.988661257186326	138.0	11	1.05	0.95				
	106	1	74.59475505122808	15.357743687017544	0.0	-100.0	1	1.0425370245343093	-3.3677673989933923	138.0	12	1.05	0.95				
	107	2	68.56135574561404	13.712271149122806	0.0	0.0	1	1.0311774279069112	-1.7305709062517265	138.0	12	1.05	0.95				
	108	1	93.79193466	19.19717960877193	0.0	0.0	1	1.0203943232251995	-3.661903928840362	138.0	12	1.05	0.95				
	109	1	95.98589804385963	19.745670454736842	0.0	0.0	1	1.025633148277575	-1.7917814150356914	138.0	13	1.05	0.95				
	110	1	106.9557149631579	21.939633838596492	0.0	0.0	1	1.05	-2.6554376356258564	138.0	13	1.05	0.95				
	111	1	0.0	0.0	0.0	0.0	1	1.0063063530591076	-0.1950740212033245	230.0	13	1.05	0.95				
	112	1	0.0	0.0	0.0	0.0	1	1.0108991691016365	0.3599924279579685	230.0	13	1.05	0.95				
	113	3	145.35007418070174	29.618505682105262	0.0	0.0	1	0.9996569328555348	3.388056706794389e-31	230.0	14	1.05	0.95				
	114	2	106.40722411719297	21.39114299263158	0.0	0.0	1	1.0040321415271605	1.772112261351572	230.0	16	1.05	0.95				
	115	2	173.87159817087718	35.103414141754385	0.0	0.0	1	1.0409488795694406	8.130349598135835	230.0	16	1.05	0.95				
	116	2	54.849084596491224	10.969816919298246	0.0	0.0	1	1.037202763647913	7.7800880312524825	230.0	16	1.05	0.95				
	117	1	0.0	0.0	0.0	0.0	1	1.044761061316867	10.167329462015863	230.0	17	1.05	0.95				
	118	2	182.6474517063158	37.29737752561404	0.0	0.0	1	1.0479035188958932	10.53252204463176	230.0	17	1.05	0.95				
	119	1	99.27684311964913	20.294161300701756	0.0	0.0	1	1.030429736676772	6.635834284866338	230.0	15	1.05	0.95				
	120	1	70.20682828350877	14.26076199508772	0.0	0.0	1	1.0289529141294824	6.69289127075478	230.0	15	1.05	0.95				
	121	2	0.0	0.0	0.0	0.0	1	1.05	10.68216952136173	230.0	17	1.05	0.95				
	122	2	0.0	0.0	0.0	0.0	1	1.05	17.071374352762238	230.0	17	1.05	0.95				
	123	2	0.0	0.0	0.0	0.0	1	1.0292656955929036	7.142176178932744	230.0	15	1.05	0.95				
	124	1	0.0	0.0	0.0	0.0	1	1.0251992851966474	5.160894747106041	230.0	16	1.05	0.95				
	201	2	55.8444829263158	11.375728003508772	0.0	0.0	2	1.0325843779552124	-6.30806945864412	138.0	21	1.05	0.95				
	202	2	50.1566189245614	10.341570912280702	0.0	0.0	2	1.0327345173855864	-6.367054015193968	138.0	22	1.05	0.95				
	203	1	93.07413821052633	19.1319061877193	0.0	0.0	2	1.024941690439962	-5.201798916988591	138.0	21	1.05	0.95				
	204	1	38.2638123754386	7.756178184210525	0.0	0.0	2	1.0192921128024452	-8.846747166604436	138.0	21	1.05	0.95				
	205	1	36.71257673859649	7.2390996385964925	0.0	0.0	2	1.03452346715018	-9.028860469418383	138.0	21	1.05	0.95				
	206	1	70.32268220350878	14.478199277192985	0.0	-100.0	2	1.0430936322033284	-11.050943902764114	138.0	22	1.05	0.95				
	207	2	64.63481820175438	12.926963640350877	0.0	0.0	2	0.9873289096228127	-18.91323778718943	138.0	22	1.05	0.95				
	208	1	88.4204313	18.097749096491228	0.0	0.0	2	0.9919189148955242	-16.503439006649913	138.0	22	1.05	0.95				
	209	1	90.48874548245614	18.614827642105265	0.0	0.0	2	1.0238484189299226	-8.776795020363735	138.0	23	1.05	0.95				
	210	1	100.83031639473685	20.683141824561403	0.0	0.0	2	1.05	-10.153341863077275	138.0	23	1.05	0.95				
	211	1	0.0	0.0	0.0	0.0	2	1.0098092373366738	-6.117717765075089	230.0	23	1.05	0.95				
	212	1	0.0	0.0	0.0	0.0	2	1.0128863968049389	-5.484000944073412	230.0	23	1.05	0.95				
	213	2	137.0258145877193	27.9222414631579	0.0	0.0	2	1.0060486493881315	-5.227720935868682	230.0	24	1.05	0.95				
	214	2	100.3132378491228	20.16606327894737	0.0	0.0	2	1.0133977372356018	-3.477813926149972	230.0	26	1.05	0.95				
	215	2	163.91389895964912	33.09302691929825	0.0	0.0	2	1.0324339073594284	3.4581733406180244	230.0	26	1.05	0.95				
	216	2	51.70785456140351	10.341570912280702	0.0	0.0	2	1.0348213786178173	3.3647733630597663	230.0	26	1.05	0.95				
	217	1	0.0	0.0	0.0	0.0	2	1.0390433264992895	6.256170349245081	230.0	27	1.05	0.95				
	218	2	172.18715568947368	35.16134110175439	0.0	0.0	2	1.0406565451728313	6.776238520917204	230.0	27	1.05	0.95				
	219	1	93.59121675614035	19.1319061877193	0.0	0.0	2	1.0351242319497698	2.445085248298787	230.0	25	1.05	0.95				
	220	1	66.1860538385965	13.444042185964914	0.0	0.0	2	1.0393176209826362	2.6362699351937913	230.0	25	1.05	0.95				
	221	2	0.0	0.0	0.0	0.0	2	1.0402116867528983	6.425544426737851	230.0	27	1.05	0.95				
	222	2	0.0	0.0	0.0	0.0	2	1.05	12.861519881224583	230.0	27	1.05	0.95				
	223	2	0.0	0.0	0.0	0.0	2	1.0425928718836626	3.1247515739529805	230.0	25	1.05	0.95				
	224	1	0.0	0.0	0.0	0.0	2	1.0187713992833898	0.20729708885174405	230.0	26	1.05	0.95				
	301	2	61.90952229473684	12.611198985964911	0.0	0.0	3	1.0070788473253023	-28.27994808052306	138.0	31	1.05	0.95				
	302	2	55.60392280175438	11.464726350877193	0.0	0.0	3	1.0064604812935354	-28.431876019301914	138.0	32	1.05	0.95				
	303	1	103.18253715789474	21.209743749122804	0.0	0.0	3	1.0219843088017733	-21.02327799657746	138.0	31	1.05	0.95				
	304	1	42.41948749824561	8.598544763157893	0.0	0.0	3	1.0063909705646443	-26.596687799365633	138.0	31	1.05	0.95				
	305	1	40.69977854561403	8.025308445614035	0.0	0.0	3	1.0205894228830474	-27.326290143553827	138.0	31	1.05	0.95				
	306	1	77.96013918596492	16.05061689122807	0.0	-100.0	3	1.035695075057855	-27.438648786301645	138.0	32	1.05	0.95				
	307	2	71.65453969298245	14.330907938596491	0.0	0.0	3	0.9929000493338173	-33.337883216056376	138.0	32	1.05	0.95				
	308	1	98.0234103	20.063271114035086	0.0	0.0	3	0.993741356811906	-31.005527618475767	138.0	32	1.05	0.95				
	309	1	100.31635557017545	20.636507431578945	0.0	0.0	3	1.026079556657292	-22.754031189347717	138.0	33	1.05	0.95				
	310	1	111.78108192105263	22.929452701754386	0.0	0.0	3	1.05	-24.533163171538032	138.0	33	1.05	0.95				
	311	1	0.0	0.0	0.0	0.0	3	1.016807438252855	-17.486130711743385	230.0	33	1.05	0.95				
	312	1	0.0	0.0	0.0	0.0	3	1.0172382929389068	-16.950408297948446	230.0	33	1.05	0.95				
	313	2	151.9076241491228	30.95476114736842	0.0	0.0	3	1.0242947634839816	-13.840168780897123	230.0	34	1.05	0.95				
	314	2	111.20784560350876	22.356216384210526	0.0	0.0	3	1.0276113229664545	-14.573160458184672	230.0	36	1.05	0.95				
	315	2	181.7159126614035	36.687124322807016	0.0	0.0	3	1.0473904632038673	-8.730538807088209	230.0	36	1.05	0.95				
	316	2	57.323631754385964	11.464726350877193	0.0	0.0	3	1.0469454858378087	-8.344778040782089	230.0	36	1.05	0.95				
	317	1	0.0	0.0	0.0	0.0	3	1.048191880645795	-6.021403868792367	230.0	37	1.05	0.95				
	318	2	190.88769374210526	38.98006959298246	0.0	0.0	3	1.0481879280619915	-5.615919808647242	230.0	37	1.05	0.95				
	319	1	103.75577347543859	21.209743749122804	0.0	0.0	3	1.043755402650724	-9.460747419145303	230.0	35	1.05	0.95				
	320	1	73.37424864561403	14.90414425614035	0.0	0.0	3	1.0455333430295988	-9.365954768083972	230.0	35	1.05	0.95				
	321	2	0.0	0.0	0.0	0.0	3	1.05	-5.00762333700829	230.0	37	1.05	0.95				
	322	2	0.0	0.0	0.0	0.0	3	1.05	0.37002902365837975	230.0	37	1.05	0.95				
	323	2	0.0	0.0	0.0	0.0	3	1.047557283410327	-8.94587640815086	230.0	35	1.05	0.95				
	324	1	0.0	0.0	0.0	0.0	3	1.0232208553994337	-12.72600452928319	230.0	36	1.05	0.95				
	325	1	0.0	0.0	0.0	0.0	3	1.0405757474249422	-7.347372408537127	230.0	35	1.05	0.95				
];
