%% MATPOWER Case Format : Version 2
function mpc = RTS_GMLC
mpc.version = '2';

%%-----  Power Flow Data  -----%%
%% system MVA base
mpc.baseMVA = 100.0;
%% bus data
%    bus_i    type    Pd    Qd    Gs    Bs    area    Vm    Va    baseKV    zone    Vmax    Vmin
mpc.bus = [
	101	2	90.73923798315789	18.48391884842105	0.0	0.0	1	1.0474726420367109	-0.5979458299304456	138.0	11	1.05	0.95				
	102	2	81.49727855894736	16.803562589473685	0.0	0.0	1	1.047276894010889	-0.7475301433129964	138.0	12	1.05	0.95				
	103	1	151.23206330526315	31.086590790526316	0.0	0.0	1	1.0238552157693492	-2.255748735167806	138.0	11	1.05	0.95				
	104	1	62.17318158105263	12.602671942105262	0.0	0.0	1	1.0235552509453139	-4.386860040838768	138.0	11	1.05	0.95				
	105	1	59.65264719263158	11.76249381263158	0.0	0.0	1	1.0367716745250268	-4.830238747522431	138.0	11	1.05	0.95				
	106	1	114.26422560842107	23.52498762526316	0.0	-100.0	1	1.03619204787502	-7.978327442632336	138.0	12	1.05	0.95				
	107	2	105.02226618421054	21.004453236842107	0.0	0.0	1	1.05	-6.312690298595927	138.0	12	1.05	0.95				
	108	1	143.67046014	29.406234531578946	0.0	0.0	1	1.0230210665778547	-8.674862295977364	138.0	12	1.05	0.95				
	109	1	147.03117265789473	30.24641266105263	0.0	0.0	1	1.0273013727516889	-5.012098994705754	138.0	13	1.05	0.95				
	110	1	163.83473524736843	33.60712517894737	0.0	0.0	1	1.05	-6.54820666958428	138.0	13	1.05	0.95				
	111	1	0.0	0.0	0.0	0.0	1	1.0155522809480089	-2.185345660268697	230.0	13	1.05	0.95				
	112	1	0.0	0.0	0.0	0.0	1	1.0179853447206058	-1.3377404430966604	230.0	13	1.05	0.95				
	113	3	222.64720431052632	45.369618991578946	0.0	0.0	1	1.0187866289340244	1.9048047321826545e-30	230.0	14	1.05	0.95				
	114	2	162.99455711789471	32.766947049473686	0.0	0.0	1	1.0178332928909692	-0.47275302226317084	230.0	16	1.05	0.95				
	115	2	266.3364670431579	53.77140028631578	0.0	0.0	1	1.0437418890456476	7.795773297748824	230.0	16	1.05	0.95				
	116	2	84.01781294736843	16.803562589473685	0.0	0.0	1	1.0424734665330018	7.058296437430332	230.0	16	1.05	0.95				
	117	1	0.0	0.0	0.0	0.0	1	1.0459001275708113	10.3110964609882	230.0	17	1.05	0.95				
	118	2	279.77931711473684	57.132112804210536	0.0	0.0	1	1.0482599558281784	10.889655474223366	230.0	17	1.05	0.95				
	119	1	152.07224143473687	31.086590790526316	0.0	0.0	1	1.0363229544762222	5.6322489104129625	230.0	15	1.05	0.95				
	120	1	107.54280057263156	21.844631366315788	0.0	0.0	1	1.0378530207103793	5.553140683929468	230.0	15	1.05	0.95				
	121	2	0.0	0.0	0.0	0.0	1	1.05	12.485315787484323	230.0	17	1.05	0.95				
	122	2	0.0	0.0	0.0	0.0	1	1.05	19.175554433191493	230.0	17	1.05	0.95				
	123	2	0.0	0.0	0.0	0.0	1	1.041137141605106	6.130207817902477	230.0	15	1.05	0.95				
	124	1	0.0	0.0	0.0	0.0	1	1.0237092657413873	4.06645835327937	230.0	16	1.05	0.95				
	201	2	88.22918307789475	17.9726113677193	0.0	0.0	2	1.0379071572133516	-13.86799230286624	138.0	21	1.05	0.95				
	202	2	79.24287739403508	16.338737607017546	0.0	0.0	2	1.0407427846395496	-13.992233716659285	138.0	22	1.05	0.95				
	203	1	147.04863846315789	30.226664572982454	0.0	0.0	2	1.025667986639585	-10.223668278115683	138.0	21	1.05	0.95				
	204	1	60.45332914596491	12.254053205263157	0.0	0.0	2	1.0186495598266292	-15.202986097330895	138.0	21	1.05	0.95				
	205	1	58.00251850491228	11.437116324912282	0.0	0.0	2	1.0335053723869776	-15.689565126508898	138.0	21	1.05	0.95				
	206	1	111.10341572771931	22.874232649824563	0.0	-100.0	2	1.0367556831355718	-17.47905781169721	138.0	22	1.05	0.95				
	207	2	102.11711004385964	20.42342200877193	0.0	0.0	2	0.95	-28.84014789650528	138.0	22	1.05	0.95				
	208	1	139.69620654	28.5927908122807	0.0	0.0	2	0.956060371950081	-25.053327509719367	138.0	22	1.05	0.95				
	209	1	142.9639540614035	29.409727692631577	0.0	0.0	2	1.0268343554617707	-12.897114242656508	138.0	23	1.05	0.95				
	210	1	159.30269166842106	32.67747521403509	0.0	0.0	2	1.05	-14.967462999593174	138.0	23	1.05	0.95				
	211	1	0.0	0.0	0.0	0.0	2	1.034297107162686	-8.892295091298223	230.0	23	1.05	0.95				
	212	1	0.0	0.0	0.0	0.0	2	1.0284385507716733	-3.985076664595969	230.0	23	1.05	0.95				
	213	2	216.48827329298243	44.11459153894737	0.0	0.0	2	1.05	-6.19879332174032	230.0	24	1.05	0.95				
	214	2	158.48575478807015	31.860538333684215	0.0	0.0	2	1.05	-6.443479309528782	230.0	26	1.05	0.95				
	215	2	258.96899107122806	52.28396034245614	0.0	0.0	2	1.0458007672762284	2.2980488135367723	230.0	26	1.05	0.95				
	216	2	81.69368803508772	16.338737607017546	0.0	0.0	2	1.0492411593460673	2.0600621426416548	230.0	26	1.05	0.95				
	217	1	0.0	0.0	0.0	0.0	2	1.0493614187902192	5.032701448337704	230.0	27	1.05	0.95				
	218	2	272.0399811568421	55.551707863859654	0.0	0.0	2	1.05	5.522465422234381	230.0	27	1.05	0.95				
	219	1	147.86557534350877	30.226664572982454	0.0	0.0	2	1.0433932702789381	2.020556936781238	230.0	25	1.05	0.95				
	220	1	104.56792068491228	21.240358889122806	0.0	0.0	2	1.0457637201399927	3.5133586096398957	230.0	25	1.05	0.95				
	221	2	0.0	0.0	0.0	0.0	2	1.05	5.8329961655400115	230.0	27	1.05	0.95				
	222	2	0.0	0.0	0.0	0.0	2	1.05	12.031139080620822	230.0	27	1.05	0.95				
	223	2	0.0	0.0	0.0	0.0	2	1.05	4.924120042585521	230.0	25	1.05	0.95				
	224	1	0.0	0.0	0.0	0.0	2	1.0224495262842748	-2.353199954572542	230.0	26	1.05	0.95				
	301	2	77.81398290947368	15.850996518596489	0.0	0.0	3	0.9987283015529771	-2.366182545955512	138.0	31	1.05	0.95				
	302	2	69.88848465017543	14.409996835087718	0.0	0.0	3	0.9997183980277566	-2.519936890882926	138.0	32	1.05	0.95				
	303	1	129.68997151578944	26.658494144912275	0.0	0.0	3	1.0181374801073773	4.607404329394925	138.0	31	1.05	0.95				
	304	1	53.31698828982455	10.807497626315786	0.0	0.0	3	0.994764923665691	-0.019395905184750543	138.0	31	1.05	0.95				
	305	1	51.1554887645614	10.086997784561405	0.0	0.0	3	1.0075846719682031	-0.4997217928323629	138.0	31	1.05	0.95				
	306	1	97.98797847859649	20.17399556912281	0.0	-100.0	3	1.020169958604742	-0.2530882640731541	138.0	32	1.05	0.95				
	307	2	90.06248021929824	18.012496043859645	0.0	0.0	3	0.9779284602858399	-5.526498948072033	138.0	32	1.05	0.95				
	308	1	123.20547293999996	25.217494461403504	0.0	0.0	3	0.9839165597884044	-2.0924745039515105	138.0	32	1.05	0.95				
	309	1	126.08747230701753	25.93799430315789	0.0	0.0	3	1.0179731178068547	5.016387019776709	138.0	33	1.05	0.95				
	310	1	140.49746914210525	28.819993670175435	0.0	0.0	3	1.0386197316603627	3.7294719289147205	138.0	33	1.05	0.95				
	311	1	0.0	0.0	0.0	0.0	3	1.0093724887739763	11.597424991413403	230.0	33	1.05	0.95				
	312	1	0.0	0.0	0.0	0.0	3	1.0131243041075682	12.62906649347694	230.0	33	1.05	0.95				
	313	2	190.93245806491223	38.90699145473684	0.0	0.0	3	1.0366992415112726	19.809752576991208	230.0	34	1.05	0.95				
	314	2	139.77696930035086	28.099493828421053	0.0	0.0	3	1.0152855184822596	11.414672091702226	230.0	36	1.05	0.95				
	315	2	228.39844983614032	46.111989872280695	0.0	0.0	3	1.038230371953114	8.919202264835386	230.0	36	1.05	0.95				
	316	2	72.04998417543858	14.409996835087718	0.0	0.0	3	1.0371782012286603	10.15840145422667	230.0	36	1.05	0.95				
	317	1	0.0	0.0	0.0	0.0	3	1.0435592470279613	10.534396790617103	230.0	37	1.05	0.95				
	318	2	239.9264473042105	48.993989239298244	0.0	0.0	3	1.0418383635033654	9.151105519292278	230.0	37	1.05	0.95				
	319	1	130.41047135754386	26.658494144912275	0.0	0.0	3	1.0339458693128967	11.648803885082183	230.0	35	1.05	0.95				
	320	1	92.22397974456139	18.732995885614034	0.0	0.0	3	1.034379871883148	12.878196632833745	230.0	35	1.05	0.95				
	321	2	0.0	0.0	0.0	0.0	3	1.04276835680487	10.052074992818284	230.0	37	1.05	0.95				
	322	2	0.0	0.0	0.0	0.0	3	1.05	14.567923916043958	230.0	37	1.05	0.95				
	323	2	0.0	0.0	0.0	0.0	3	1.0352567974389997	13.465612298140421	230.0	35	1.05	0.95				
	324	1	0.0	0.0	0.0	0.0	3	1.0263491917556844	9.176698450024935	230.0	36	1.05	0.95				
	325	1	0.0	0.0	0.0	0.0	3	1.0375195637338008	13.389534141685804	230.0	35	1.05	0.95				
];
