%% MATPOWER Case Format : Version 2
function mpc = RTS_GMLC
mpc.version = '2';

%%-----  Power Flow Data  -----%%
%% system MVA base
mpc.baseMVA = 100.0;
%% bus data
%    bus_i    type    Pd    Qd    Gs    Bs    area    Vm    Va    baseKV    zone    Vmax    Vmin
mpc.bus = [
	101	2	42.57743691789474	8.673181594385964	0.0	0.0	1	1.0163442011326251	-3.155293647236427	138.0	11	1.05	0.95				
	102	2	38.24084612070175	7.884710540350877	0.0	0.0	1	1.0159552579142153	-3.3734178389497926	138.0	12	1.05	0.95				
	103	1	70.9623948631579	14.586714499649123	0.0	0.0	1	1.0058589078672922	-0.7027586618046252	138.0	11	1.05	0.95				
	104	1	29.173428999298245	5.913532905263157	0.0	0.0	1	1.00597891147404	-3.7925878486179454	138.0	11	1.05	0.95				
	105	1	27.99072241824561	5.519297378245614	0.0	0.0	1	1.018345069969855	-4.832027614872016	138.0	11	1.05	0.95				
	106	1	53.616031674385965	11.038594756491229	0.0	-100.0	1	1.0273391457070853	-6.244999796558212	138.0	12	1.05	0.95				
	107	2	49.27944087719298	9.855888175438595	0.0	0.0	1	0.9844064504524013	-9.25907617653054	138.0	12	1.05	0.95				
	108	1	67.41427511999999	13.798243445614034	0.0	0.0	1	0.9875485573916899	-8.521837125575951	138.0	12	1.05	0.95				
	109	1	68.99121722807017	14.192478972631578	0.0	0.0	1	1.0028723635443169	-3.705951590436013	138.0	13	1.05	0.95				
	110	1	76.87592776842105	15.769421080701754	0.0	0.0	1	1.0298068123175201	-5.239364264217663	138.0	13	1.05	0.95				
	111	1	0.0	0.0	0.0	0.0	1	0.9800230838200806	-1.6989453583300864	230.0	13	1.05	0.95				
	112	1	0.0	0.0	0.0	0.0	1	0.9818762982625312	-1.8134881499985753	230.0	13	1.05	0.95				
	113	3	104.47241465964912	21.28871845894737	0.0	0.0	1	0.9628467360230146	8.87177198486269e-29	230.0	14	1.05	0.95				
	114	2	76.4816922414035	15.37518555368421	0.0	0.0	1	0.9837543217626413	-0.22532605656456936	230.0	16	1.05	0.95				
	115	2	124.97266206456139	25.231073729122805	0.0	0.0	1	0.9916197312931522	5.396669621233072	230.0	16	1.05	0.95				
	116	2	39.42355270175438	7.884710540350877	0.0	0.0	1	0.9912113392738972	4.5018069644765575	230.0	16	1.05	0.95				
	117	1	0.0	0.0	0.0	0.0	1	0.9983541263313205	7.7220852581124655	230.0	17	1.05	0.95				
	118	2	131.28043049684211	26.808015837192983	0.0	0.0	1	0.9999585511183264	8.412903111478675	230.0	17	1.05	0.95				
	119	1	71.35663039017544	14.586714499649123	0.0	0.0	1	0.9905385415750431	2.783350010225434	230.0	15	1.05	0.95				
	120	1	50.46214745824561	10.25012370245614	0.0	0.0	1	0.9919683838214716	1.4775141765283462	230.0	15	1.05	0.95				
	121	2	0.0	0.0	0.0	0.0	1	0.9997450653152867	9.545821638530306	230.0	17	1.05	0.95				
	122	2	0.0	0.0	0.0	0.0	1	1.0200734255077613	15.408318239427617	230.0	17	1.05	0.95				
	123	2	0.0	0.0	0.0	0.0	1	0.9932741168265543	1.0846578251619543	230.0	15	1.05	0.95				
	124	1	0.0	0.0	0.0	0.0	1	0.9890395561523065	3.0492311769210696	230.0	16	1.05	0.95				
	201	2	40.680623330526316	8.28679364140351	0.0	0.0	2	1.011924214403816	-8.447441301064975	138.0	21	1.05	0.95				
	202	2	36.53722650982456	7.533448764912282	0.0	0.0	2	1.0106714997595012	-8.647909053026966	138.0	22	1.05	0.95				
	203	1	67.80103888421053	13.936880215087719	0.0	0.0	2	0.9978221227503582	-6.545350513422364	138.0	21	1.05	0.95				
	204	1	27.873760430175437	5.650086573684209	0.0	0.0	2	1.0032284801627573	-7.985055476238901	138.0	21	1.05	0.95				
	205	1	26.743743115438594	5.273414135438597	0.0	0.0	2	1.019395534202432	-8.237261414915846	138.0	21	1.05	0.95				
	206	1	51.22745160140351	10.546828270877194	0.0	-100.0	2	1.0317050139473805	-8.607476138749863	138.0	22	1.05	0.95				
	207	2	47.084054780701756	9.41681095614035	0.0	0.0	2	0.972359359283486	-13.122419038944459	138.0	22	1.05	0.95				
	208	1	64.41098693999999	13.183535338596489	0.0	0.0	2	0.9826455321439863	-11.432183922666423	138.0	22	1.05	0.95				
	209	1	65.91767669298245	13.560207776842104	0.0	0.0	2	1.008020071027482	-5.836719878187495	138.0	23	1.05	0.95				
	210	1	73.45112545789473	15.066897529824564	0.0	0.0	2	1.0359629995004542	-6.783925108786494	138.0	23	1.05	0.95				
	211	1	0.0	0.0	0.0	0.0	2	0.9868823915015162	-3.7086116962386106	230.0	23	1.05	0.95				
	212	1	0.0	0.0	0.0	0.0	2	0.9919381732869446	0.600334762061148	230.0	23	1.05	0.95				
	213	2	99.81819613508772	20.340311665263158	0.0	0.0	2	0.9833996215335398	-1.5488757533348503	230.0	24	1.05	0.95				
	214	2	73.07445301964913	14.690225091578949	0.0	0.0	2	0.9795518619477901	-2.8401109539714797	230.0	26	1.05	0.95				
	215	2	119.40516292385965	24.107036047719298	0.0	0.0	2	0.9897020204856011	1.4111628931320734	230.0	26	1.05	0.95				
	216	2	37.6672438245614	7.533448764912282	0.0	0.0	2	0.9877846209400789	0.8442762621071992	230.0	26	1.05	0.95				
	217	1	0.0	0.0	0.0	0.0	2	0.9965486660072927	1.8357858024827767	230.0	27	1.05	0.95				
	218	2	125.43192193578948	25.613725800701754	0.0	0.0	2	0.9970447193277607	1.5980792319510424	230.0	27	1.05	0.95				
	219	1	68.17771132245613	13.936880215087719	0.0	0.0	2	0.9845210456865776	1.1169996354650713	230.0	25	1.05	0.95				
	220	1	48.214072095438596	9.793483394385966	0.0	0.0	2	0.9842802549224785	2.155021892037379	230.0	25	1.05	0.95				
	221	2	0.0	0.0	0.0	0.0	2	0.9993337529322208	2.3188595144492465	230.0	27	1.05	0.95				
	222	2	0.0	0.0	0.0	0.0	2	1.017748949545389	8.673824758630948	230.0	27	1.05	0.95				
	223	2	0.0	0.0	0.0	0.0	2	0.9848970543183968	3.042402394935381	230.0	25	1.05	0.95				
	224	1	0.0	0.0	0.0	0.0	2	0.9830731953711439	-1.626488558609048	230.0	26	1.05	0.95				
	301	2	62.91743119578948	12.816513762105263	0.0	0.0	3	1.005960431024496	25.371809152826515	138.0	31	1.05	0.95				
	302	2	56.509174314736846	11.651376147368422	0.0	0.0	3	1.0061092360044326	25.10680926883145	138.0	32	1.05	0.95				
	303	1	104.8623853263158	21.55504587263158	0.0	0.0	3	1.0153306292749633	35.919137164065305	138.0	31	1.05	0.95				
	304	1	43.11009174526316	8.738532110526316	0.0	0.0	3	0.9958950959250099	26.71312448359864	138.0	31	1.05	0.95				
	305	1	41.362385323157895	8.155963303157895	0.0	0.0	3	1.0126152606075034	25.918739624673787	138.0	31	1.05	0.95				
	306	1	79.22935780210527	16.31192660631579	0.0	-100.0	3	1.0236017185335562	25.548459249532097	138.0	32	1.05	0.95				
	307	2	72.82110092105263	14.564220184210527	0.0	0.0	3	0.9716621640646229	23.092628090605487	138.0	32	1.05	0.95				
	308	1	99.61926606	20.38990825789474	0.0	0.0	3	0.9849412195138226	25.74948690555773	138.0	32	1.05	0.95				
	309	1	101.94954128947369	20.97247706526316	0.0	0.0	3	1.0076542911687185	30.50144191230318	138.0	33	1.05	0.95				
	310	1	113.60091743684211	23.302752294736845	0.0	0.0	3	1.0349291521509474	28.387058807950847	138.0	33	1.05	0.95				
	311	1	0.0	0.0	0.0	0.0	3	0.9926460704652492	33.04879728230721	230.0	33	1.05	0.95				
	312	1	0.0	0.0	0.0	0.0	3	0.9974978955532899	33.974316833883016	230.0	33	1.05	0.95				
	313	2	154.3807339526316	31.45871559789474	0.0	0.0	3	1.0041145303053391	40.13545778730049	230.0	34	1.05	0.95				
	314	2	113.01834862947369	22.720183487368423	0.0	0.0	3	0.9888779404594835	30.48968571641912	230.0	36	1.05	0.95				
	315	2	184.6743119357895	37.28440367157895	0.0	0.0	3	0.9930118553255055	23.348535520648518	230.0	36	1.05	0.95				
	316	2	58.256880736842106	11.651376147368422	0.0	0.0	3	0.9877825739452879	24.12997632214602	230.0	36	1.05	0.95				
	317	1	0.0	0.0	0.0	0.0	3	0.9950944525733332	21.84208127037911	230.0	37	1.05	0.95				
	318	2	193.99541285368423	39.614678901052635	0.0	0.0	3	0.9942701782538812	19.885471399006455	230.0	37	1.05	0.95				
	319	1	105.44495413368422	21.55504587263158	0.0	0.0	3	0.9924524383503006	26.444942617904687	230.0	35	1.05	0.95				
	320	1	74.5688073431579	15.14678899157895	0.0	0.0	3	0.9981538636321535	27.79660089840622	230.0	35	1.05	0.95				
	321	2	0.0	0.0	0.0	0.0	3	1.000557546104715	21.607277839752534	230.0	37	1.05	0.95				
	322	2	0.0	0.0	0.0	0.0	3	1.0168886525273895	26.006678451678155	230.0	37	1.05	0.95				
	323	2	0.0	0.0	0.0	0.0	3	1.0006457434269906	28.024734522087233	230.0	35	1.05	0.95				
	324	1	0.0	0.0	0.0	0.0	3	1.0003430533509914	30.347772554564067	230.0	36	1.05	0.95				
