%% MATPOWER Case Format : Version 2
function mpc = RTS_GMLC
mpc.version = '2';

%%-----  Power Flow Data  -----%%
%% system MVA base
mpc.baseMVA = 100.0;
%% bus data
%    bus_i    type    Pd    Qd    Gs    Bs    area    Vm    Va    baseKV    zone    Vmax    Vmin
mpc.bus = [
	101	2	55.9104403831579	11.389163781754386	0.0	0.0	1	1.0341015710155899	1.2112228582992148	138.0	11	1.05	0.95				
	102	2	50.215858492280695	10.353785256140352	0.0	0.0	1	1.033633187544653	1.0469181622012391	138.0	12	1.05	0.95				
	103	1	93.18406730526317	19.154502723859647	0.0	0.0	1	1.0275786144490922	0.19009358699824083	138.0	11	1.05	0.95				
	104	1	38.309005447719294	7.765338942105263	0.0	0.0	1	1.020180129446683	-2.050480813750996	138.0	11	1.05	0.95				
	105	1	36.75593765929824	7.247649679298246	0.0	0.0	1	1.0349977895304219	-1.948039981802737	138.0	11	1.05	0.95				
	106	1	70.40573974175439	14.495299358596492	0.0	-100.0	1	1.043025801037983	-4.235951952738913	138.0	12	1.05	0.95				
	107	2	64.7111578508772	12.942231570175439	0.0	0.0	1	1.0061255959045083	-8.028112861248935	138.0	12	1.05	0.95				
	108	1	88.52486394	18.11912419824561	0.0	0.0	1	1.0056269379333524	-7.530349454894723	138.0	12	1.05	0.95				
	109	1	90.59562099122806	18.636813461052633	0.0	0.0	1	1.0252065499574627	-2.491079339183057	138.0	13	1.05	0.95				
	110	1	100.94940624736842	20.707570512280704	0.0	0.0	1	1.05	-3.5222110429939018	138.0	13	1.05	0.95				
	111	1	0.0	0.0	0.0	0.0	1	1.007728535336232	-0.2981436643583947	230.0	13	1.05	0.95				
	112	1	0.0	0.0	0.0	0.0	1	1.0112470359854848	0.0961672563738311	230.0	13	1.05	0.95				
	113	3	137.18765464385964	27.95522019157895	0.0	0.0	1	1.001983841142128	1.2263200299710202e-29	230.0	14	1.05	0.95				
	114	2	100.43171698456139	20.189881249473686	0.0	0.0	1	1.0083705190176693	2.2458599196625157	230.0	16	1.05	0.95				
	115	2	164.10749630982454	33.13211281964912	0.0	0.0	1	1.0423558832166158	9.324898610000135	230.0	16	1.05	0.95				
	116	2	51.768926280701756	10.353785256140352	0.0	0.0	1	1.0395006858118048	8.864145933652813	230.0	16	1.05	0.95				
	117	1	0.0	0.0	0.0	0.0	1	1.043620504505602	11.622586337000733	230.0	17	1.05	0.95				
	118	2	172.39052451473685	35.202869870877194	0.0	0.0	1	1.047115309844278	11.470433859486391	230.0	17	1.05	0.95				
	119	1	93.70175656807018	19.154502723859647	0.0	0.0	1	1.0329728403356286	7.4735435832942665	230.0	15	1.05	0.95				
	120	1	66.26422563929825	13.459920832982455	0.0	0.0	1	1.031446892802253	7.251691854385623	230.0	15	1.05	0.95				
	121	2	0.0	0.0	0.0	0.0	1	1.05	12.5225645931251	230.0	17	1.05	0.95				
	122	2	0.0	0.0	0.0	0.0	1	1.05	23.989477566485295	230.0	17	1.05	0.95				
	123	2	0.0	0.0	0.0	0.0	1	1.0315331157315242	7.522588201628617	230.0	15	1.05	0.95				
	124	1	0.0	0.0	0.0	0.0	1	1.0253252174567216	5.920463659863976	230.0	16	1.05	0.95				
	201	2	52.81851092210527	10.759326298947368	0.0	0.0	2	1.030780306787703	-7.239408243723421	138.0	21	1.05	0.95				
	202	2	47.438847772631576	9.78120572631579	0.0	0.0	2	1.031165417221717	-7.212698562838066	138.0	22	1.05	0.95				
	203	1	88.0308515368421	18.09523059368421	0.0	0.0	2	1.0204749504226067	-6.9379497946883655	138.0	21	1.05	0.95				
	204	1	36.19046118736842	7.335904294736842	0.0	0.0	2	1.0190027568284552	-9.464597531193597	138.0	21	1.05	0.95				
	205	1	34.723280328421055	6.846844008421053	0.0	0.0	2	1.034166280493465	-9.601493863505212	138.0	21	1.05	0.95				
	206	1	66.51219893894738	13.693688016842106	0.0	-100.0	2	1.0436964654231398	-11.385352867761458	138.0	22	1.05	0.95				
	207	2	61.132535789473685	12.226507157894737	0.0	0.0	2	0.9888296798729298	-18.765842955763933	138.0	22	1.05	0.95				
	208	1	83.62930895999999	17.117110021052632	0.0	0.0	2	0.9939702319654116	-16.50790276137379	138.0	22	1.05	0.95				
	209	1	85.58555010526315	17.606170307368423	0.0	0.0	2	1.023496947589631	-9.315381831338776	138.0	23	1.05	0.95				
	210	1	95.36675583157894	19.56241145263158	0.0	0.0	2	1.05	-10.443875877313896	138.0	23	1.05	0.95				
	211	1	0.0	0.0	0.0	0.0	2	1.0083384023008075	-6.3875921533093765	230.0	23	1.05	0.95				
	212	1	0.0	0.0	0.0	0.0	2	1.010663605878258	-5.857059461143955	230.0	23	1.05	0.95				
	213	2	129.6009758736842	26.409255461052634	0.0	0.0	2	1.0032821324731744	-5.500590884060261	230.0	24	1.05	0.95				
	214	2	94.87769554526315	19.07335116631579	0.0	0.0	2	1.0122563087159409	-3.5910156537549023	230.0	26	1.05	0.95				
	215	2	155.03211076210525	31.29985832421053	0.0	0.0	2	1.032614496727072	3.3636023881998836	230.0	26	1.05	0.95				
	216	2	48.90602863157895	9.78120572631579	0.0	0.0	2	1.0340098354248193	3.2948535506922876	230.0	26	1.05	0.95				
	217	1	0.0	0.0	0.0	0.0	2	1.039153541382874	6.314237907917095	230.0	27	1.05	0.95				
	218	2	162.8570753431579	33.25609946947369	0.0	0.0	2	1.0409736328975097	6.843613175250462	230.0	27	1.05	0.95				
	219	1	88.5199118231579	18.09523059368421	0.0	0.0	2	1.032443595756793	2.2706035166439382	230.0	25	1.05	0.95				
	220	1	62.59971664842106	12.715567444210526	0.0	0.0	2	1.0347414843812188	2.3214912223782855	230.0	25	1.05	0.95				
	221	2	0.0	0.0	0.0	0.0	2	1.0405047408537942	6.43858668593531	230.0	27	1.05	0.95				
	222	2	0.0	0.0	0.0	0.0	2	1.05	12.892474896952958	230.0	27	1.05	0.95				
	223	2	0.0	0.0	0.0	0.0	2	1.0368286126771658	2.717246647055914	230.0	25	1.05	0.95				
	224	1	0.0	0.0	0.0	0.0	2	1.0153116839424485	-0.4882847672690542	230.0	26	1.05	0.95				
	301	2	57.587472303157895	11.730781395087718	0.0	0.0	3	1.0123391556983343	-18.844036694171116	138.0	31	1.05	0.95				
	302	2	51.72208160561404	10.664346722807016	0.0	0.0	3	1.0111975025888758	-19.08647443828703	138.0	32	1.05	0.95				
	303	1	95.97912050526315	19.729041437192983	0.0	0.0	3	1.0429619531062455	-8.057486003705808	138.0	31	1.05	0.95				
	304	1	39.458082874385966	7.9982600421052625	0.0	0.0	3	1.0108350001102095	-17.33864828116777	138.0	31	1.05	0.95				
	305	1	37.85843086596491	7.465042705964913	0.0	0.0	3	1.0243711400510396	-19.03045802666149	138.0	31	1.05	0.95				
	306	1	72.51755771508772	14.930085411929825	0.0	-100.0	3	1.0381929665747753	-19.738589857252062	138.0	32	1.05	0.95				
	307	2	66.65216701754385	13.33043340350877	0.0	0.0	3	0.9917826575556868	-25.393012997177102	138.0	32	1.05	0.95				
	308	1	91.18016447999999	18.66260676491228	0.0	0.0	3	0.9945838645282025	-22.89619285854388	138.0	32	1.05	0.95				
	309	1	93.3130338245614	19.19582410105263	0.0	0.0	3	1.0284560351859517	-13.73953569232283	138.0	33	1.05	0.95				
	310	1	103.9773805473684	21.328693445614032	0.0	0.0	3	1.05	-17.50465293435621	138.0	33	1.05	0.95				
	311	1	0.0	0.0	0.0	0.0	3	1.013855190801596	-11.427935947453554	230.0	33	1.05	0.95				
	312	1	0.0	0.0	0.0	0.0	3	1.016075103905722	-10.739452130334746	230.0	33	1.05	0.95				
	313	2	141.30259407719296	28.793736151578948	0.0	0.0	3	1.0161190143150323	-8.16554744424974	230.0	34	1.05	0.95				
	314	2	103.44416321122807	20.795476109473682	0.0	0.0	3	1.0177203612157528	-10.025405228780809	230.0	36	1.05	0.95				
	315	2	169.02989555649123	34.12590951298245	0.0	0.0	3	1.0404394706012594	-5.452213722748816	230.0	36	1.05	0.95				
	316	2	53.32173361403508	10.664346722807016	0.0	0.0	3	1.039737423375136	-4.826817461737503	230.0	36	1.05	0.95				
	317	1	0.0	0.0	0.0	0.0	3	1.0436875600486093	-3.0945418739850545	230.0	37	1.05	0.95				
	318	2	177.56137293473685	36.25877885754386	0.0	0.0	3	1.0413267720123003	-3.6148251604093273	230.0	37	1.05	0.95				
	319	1	96.51233784140351	19.729041437192983	0.0	0.0	3	1.0359043052858707	-5.588472349535414	230.0	35	1.05	0.95				
	320	1	68.2518190259649	13.863650739649122	0.0	0.0	3	1.0366483767120376	-5.234284618091559	230.0	35	1.05	0.95				
	321	2	0.0	0.0	0.0	0.0	3	1.0424788465327754	-3.6592398614789046	230.0	37	1.05	0.95				
	322	2	0.0	0.0	0.0	0.0	3	1.05	0.888659311035512	230.0	37	1.05	0.95				
	323	2	0.0	0.0	0.0	0.0	3	1.0381519748421255	-4.640179173210468	230.0	35	1.05	0.95				
	324	1	0.0	0.0	0.0	0.0	3	1.0358313466052247	-6.43539340960054	230.0	36	1.05	0.95				
	325	1	0.0	0.0	0.0	0.0	3	1.0334684788817325	-3.2176789580240603	230.0	35	1.05	0.95				
];
