%% MATPOWER Case Format : Version 2
function mpc = RTS_GMLC
mpc.version = '2';

%%-----  Power Flow Data  -----%%
%% system MVA base
mpc.baseMVA = 100.0;
%% bus data
%    bus_i    type    Pd    Qd    Gs    Bs    area    Vm    Va    baseKV    zone    Vmax    Vmin
mpc.bus = [
	101	2	55.61652645473685	11.329292425964912	0.0	0.0	1	1.0291081866415235	-0.8001635455952802	138.0	11	1.05	0.95				
	102	2	49.95188024175439	10.299356750877193	0.0	0.0	1	1.0281577899437413	-1.0982254184581228	138.0	12	1.05	0.95				
	103	1	92.69421075789475	19.053809989122808	0.0	0.0	1	1.0271363830802	-0.619968729410847	138.0	11	1.05	0.95				
	104	1	38.107619978245616	7.724517563157894	0.0	0.0	1	1.017935027708958	-3.7239485489448416	138.0	11	1.05	0.95				
	105	1	36.56271646561404	7.2095497256140355	0.0	0.0	1	1.0326621273841783	-3.6978990167967143	138.0	11	1.05	0.95				
	106	1	70.03562590596492	14.419099451228071	0.0	-100.0	1	1.0419947858506566	-5.868938669607479	138.0	12	1.05	0.95				
	107	2	64.37097969298246	12.874195938596491	0.0	0.0	1	0.9999300348032514	-13.053057534452178	138.0	12	1.05	0.95				
	108	1	88.05950022	18.023874314035087	0.0	0.0	1	1.000169022657377	-10.974216780890183	138.0	12	1.05	0.95				
	109	1	90.11937157017545	18.538842151578947	0.0	0.0	1	1.0251744660907407	-3.7705552805037166	138.0	13	1.05	0.95				
	110	1	100.41872832105263	20.598713501754386	0.0	0.0	1	1.05	-4.9965196253411355	138.0	13	1.05	0.95				
	111	1	0.0	0.0	0.0	0.0	1	1.0095319809579966	-0.8375351898801134	230.0	13	1.05	0.95				
	112	1	0.0	0.0	0.0	0.0	1	1.0128685861034734	-0.835116692784581	230.0	13	1.05	0.95				
	113	3	136.4664769491228	27.808263227368425	0.0	0.0	1	1.0065288422736687	-7.169945970008844e-30	230.0	14	1.05	0.95				
	114	2	99.90376048350878	20.08374566421053	0.0	0.0	1	1.0122643756010021	2.0540574566273855	230.0	16	1.05	0.95				
	115	2	163.2448045014035	32.95794160280702	0.0	0.0	1	1.0440357510404785	9.761748297733021	230.0	16	1.05	0.95				
	116	2	51.496783754385966	10.299356750877193	0.0	0.0	1	1.0407557298428214	9.153212661572427	230.0	16	1.05	0.95				
	117	1	0.0	0.0	0.0	0.0	1	1.0429933250262107	13.334030983445627	230.0	17	1.05	0.95				
	118	2	171.48428990210527	35.01781295298246	0.0	0.0	1	1.0492402687887155	13.370520254174682	230.0	17	1.05	0.95				
	119	1	93.2091785954386	19.053809989122808	0.0	0.0	1	1.0336293146229918	6.887814034236375	230.0	15	1.05	0.95				
	120	1	65.91588320561404	13.38916377614035	0.0	0.0	1	1.03220928447127	5.892756651164368	230.0	15	1.05	0.95				
	121	2	0.0	0.0	0.0	0.0	1	1.05	14.62055413333618	230.0	17	1.05	0.95				
	122	2	0.0	0.0	0.0	0.0	1	1.05	30.133869882351625	230.0	17	1.05	0.95				
	123	2	0.0	0.0	0.0	0.0	1	1.0323265257223462	5.734634336885722	230.0	15	1.05	0.95				
	124	1	0.0	0.0	0.0	0.0	1	1.0247143260708849	5.89746781605275	230.0	16	1.05	0.95				
	201	2	58.887454736842116	11.995592631578948	0.0	0.0	2	1.0247012311690757	-14.641532522403473	138.0	21	1.05	0.95				
	202	2	52.88965842105263	10.905084210526317	0.0	0.0	2	1.0255663775748636	-14.51224673094156	138.0	22	1.05	0.95				
	203	1	98.14575789473685	20.17440578947369	0.0	0.0	2	1.0167038391181953	-12.43670869862378	138.0	21	1.05	0.95				
	204	1	40.34881157894738	8.178813157894737	0.0	0.0	2	1.0155393487621411	-16.001811933450682	138.0	21	1.05	0.95				
	205	1	38.71304894736842	7.633558947368423	0.0	0.0	2	1.030517383444952	-16.413040850005608	138.0	21	1.05	0.95				
	206	1	74.15457263157896	15.267117894736845	0.0	-100.0	2	1.040994402593229	-17.893508598989406	138.0	22	1.05	0.95				
	207	2	68.15677631578949	13.631355263157896	0.0	0.0	2	0.9889476826110427	-25.768715899692985	138.0	22	1.05	0.95				
	208	1	93.23847	19.083897368421056	0.0	0.0	2	0.9915059582460878	-23.19496381234852	138.0	22	1.05	0.95				
	209	1	95.41948684210527	19.629151578947372	0.0	0.0	2	1.023607494468837	-14.98502246863944	138.0	23	1.05	0.95				
	210	1	106.32457105263158	21.810168421052634	0.0	0.0	2	1.05	-16.463200151878308	138.0	23	1.05	0.95				
	211	1	0.0	0.0	0.0	0.0	2	1.0134341173139738	-11.427547632303787	230.0	23	1.05	0.95				
	212	1	0.0	0.0	0.0	0.0	2	1.0132602054977071	-10.552885513948944	230.0	23	1.05	0.95				
	213	2	144.4923657894737	29.443727368421058	0.0	0.0	2	1.0132569462971777	-10.033941138878873	230.0	24	1.05	0.95				
	214	2	105.77931684210526	21.264914210526317	0.0	0.0	2	1.0209767333464201	-8.332559694987815	230.0	26	1.05	0.95				
	215	2	172.84558473684214	34.896269473684214	0.0	0.0	2	1.0352304576160476	-0.3805070912041721	230.0	26	1.05	0.95				
	216	2	54.525421052631586	10.905084210526317	0.0	0.0	2	1.0375594295605426	-0.6456438752177934	230.0	26	1.05	0.95				
	217	1	0.0	0.0	0.0	0.0	2	1.0404279464279464	2.380704871525096	230.0	27	1.05	0.95				
	218	2	181.56965210526317	37.07728631578948	0.0	0.0	2	1.041455440289006	2.532166725595275	230.0	27	1.05	0.95				
	219	1	98.69101210526317	20.17440578947369	0.0	0.0	2	1.0377527216553468	-1.1491584894562314	230.0	25	1.05	0.95				
	220	1	69.79253894736843	14.176609473684213	0.0	0.0	2	1.0420892257705356	-0.5503430518930279	230.0	25	1.05	0.95				
	221	2	0.0	0.0	0.0	0.0	2	1.04147597185135	2.330470729484165	230.0	27	1.05	0.95				
	222	2	0.0	0.0	0.0	0.0	2	1.05	8.854037469150056	230.0	27	1.05	0.95				
	223	2	0.0	0.0	0.0	0.0	2	1.04568264617574	0.17902852279798262	230.0	25	1.05	0.95				
	224	1	0.0	0.0	0.0	0.0	2	1.0132685133774757	-4.864011430392258	230.0	26	1.05	0.95				
	301	2	54.17083201263158	11.03479911368421	0.0	0.0	3	1.0130588144952113	-11.425190867734578	138.0	31	1.05	0.95				
	302	2	48.65343245578947	10.031635557894736	0.0	0.0	3	1.0117321391685878	-11.720975081852417	138.0	32	1.05	0.95				
	303	1	90.28472002105262	18.558525782105264	0.0	0.0	3	1.0486459661455936	0.5846919642041849	138.0	31	1.05	0.95				
	304	1	37.11705156421053	7.523726668421052	0.0	0.0	3	1.0108252662841744	-10.398889735822827	138.0	31	1.05	0.95				
	305	1	35.61230623052631	7.022144890526317	0.0	0.0	3	1.025258997868515	-11.965569368526843	138.0	31	1.05	0.95				
	306	1	68.2151217936842	14.044289781052633	0.0	-100.0	3	1.039234896594145	-12.850612202727138	138.0	32	1.05	0.95				
	307	2	62.697722236842104	12.539544447368419	0.0	0.0	3	0.9895124568884623	-18.216188019195698	138.0	32	1.05	0.95				
	308	1	85.77048402	17.555362226315786	0.0	0.0	3	0.9942133952231251	-15.893594309788034	138.0	32	1.05	0.95				
	309	1	87.77681113157894	18.056944004210525	0.0	0.0	3	1.0262320928603224	-7.262992557946237	138.0	33	1.05	0.95				
	310	1	97.80844668947367	20.063271115789473	0.0	0.0	3	1.05	-10.895020061293641	138.0	33	1.05	0.95				
	311	1	0.0	0.0	0.0	0.0	3	1.012259978075193	-5.44454547049318	230.0	33	1.05	0.95				
	312	1	0.0	0.0	0.0	0.0	3	1.0152392467289335	-4.795362259876496	230.0	33	1.05	0.95				
	313	2	132.91917114210526	27.08541600631579	0.0	0.0	3	1.0142393009728377	-2.3492241240538063	230.0	34	1.05	0.95				
	314	2	97.30686491157894	19.561689337894737	0.0	0.0	3	1.013879578046201	-4.442703116283428	230.0	36	1.05	0.95				
	315	2	159.00142359263157	32.101233785263155	0.0	0.0	3	1.0444159022463009	-0.01651035386554237	230.0	36	1.05	0.95				
	316	2	50.158177789473676	10.031635557894736	0.0	0.0	3	1.0409765872884487	-0.03610204473512185	230.0	36	1.05	0.95				
	317	1	0.0	0.0	0.0	0.0	3	1.05	3.7366736172349846	230.0	37	1.05	0.95				
	318	2	167.02673203894736	34.1075608968421	0.0	0.0	3	1.0470368812071424	2.119826054800304	230.0	37	1.05	0.95				
	319	1	90.78630179894736	18.558525782105264	0.0	0.0	3	1.0348808873593993	-0.7169338137022506	230.0	35	1.05	0.95				
	320	1	64.20246757052631	13.041126225263158	0.0	0.0	3	1.0332811488631621	-0.35103703104521605	230.0	35	1.05	0.95				
	321	2	0.0	0.0	0.0	0.0	3	1.046961262150293	2.0003085265712737	230.0	37	1.05	0.95				
	322	2	0.0	0.0	0.0	0.0	3	1.05	7.025507014726202	230.0	37	1.05	0.95				
	323	2	0.0	0.0	0.0	0.0	3	1.0333597624109052	0.23088377464522586	230.0	35	1.05	0.95				
	324	1	0.0	0.0	0.0	0.0	3	1.0421881001612139	0.2197936198477537	230.0	36	1.05	0.95				
	325	1	0.0	0.0	0.0	0.0	3	1.0306084984734696	1.439010219973728	230.0	35	1.05	0.95				
];
