%% MATPOWER Case Format : Version 2
function mpc = RTS_GMLC
mpc.version = '2';

%%-----  Power Flow Data  -----%%
%% system MVA base
mpc.baseMVA = 100.0;
%% bus data
%    bus_i    type    Pd    Qd    Gs    Bs    area    Vm    Va    baseKV    zone    Vmax    Vmin
mpc.bus = [
	101	2	54.50766946105263	11.103414149473686	0.0	0.0	1	1.0350320154139594	1.106169085276777	138.0	11	1.05	0.95				
	102	2	48.95596238631579	10.094012863157896	0.0	0.0	1	1.0345779423996164	0.9519493483059395	138.0	12	1.05	0.95				
	103	1	90.84611576842106	18.673923796842107	0.0	0.0	1	1.0277750554313014	-0.2834046998966241	138.0	11	1.05	0.95				
	104	1	37.347847593684214	7.5705096473684215	0.0	0.0	1	1.0208331239044572	-2.161121002569822	138.0	11	1.05	0.95				
	105	1	35.833745664210525	7.065809004210527	0.0	0.0	1	1.0356642670570444	-2.0217568061142734	138.0	11	1.05	0.95				
	106	1	68.63928746947369	14.131618008421054	0.0	-100.0	1	1.0436407729078032	-4.2810589386312135	138.0	12	1.05	0.95				
	107	2	63.08758039473684	12.61751607894737	0.0	0.0	1	1.00408245027632	-8.183277692984646	138.0	12	1.05	0.95				
	108	1	86.30380998	17.664522510526314	0.0	0.0	1	1.0048098908615413	-7.634995513641724	138.0	12	1.05	0.95				
	109	1	88.32261255263158	18.16922315368421	0.0	0.0	1	1.0251781622897906	-2.6701426984821057	138.0	13	1.05	0.95				
	110	1	98.41662541578947	20.188025726315793	0.0	0.0	1	1.05	-3.6084154621699023	138.0	13	1.05	0.95				
	111	1	0.0	0.0	0.0	0.0	1	1.0069129799911303	-0.5461306846998075	230.0	13	1.05	0.95				
	112	1	0.0	0.0	0.0	0.0	1	1.0106038168294222	-0.01391249690062411	230.0	13	1.05	0.95				
	113	3	133.74567043684212	27.253834730526314	0.0	0.0	1	1.0009754922470486	6.559198606100878e-28	230.0	14	1.05	0.95				
	114	2	97.91192477263158	19.683325083157897	0.0	0.0	1	1.006436672499539	1.6746656997117007	230.0	16	1.05	0.95				
	115	2	159.99010388105265	32.300841162105264	0.0	0.0	1	1.0412008113311582	8.129725455229758	230.0	16	1.05	0.95				
	116	2	50.47006431578948	10.094012863157896	0.0	0.0	1	1.0376635355190678	7.767731221478526	230.0	16	1.05	0.95				
	117	1	0.0	0.0	0.0	0.0	1	1.0434942842303696	9.985711695331768	230.0	17	1.05	0.95				
	118	2	168.06531417157896	34.31964373473684	0.0	0.0	1	1.0462644808652861	9.914414684027854	230.0	17	1.05	0.95				
	119	1	91.35081641157895	18.673923796842107	0.0	0.0	1	1.0314433977454638	6.749884215606855	230.0	15	1.05	0.95				
	120	1	64.60168232421053	13.122216722105264	0.0	0.0	1	1.0298848420876883	6.832900525386313	230.0	15	1.05	0.95				
	121	2	0.0	0.0	0.0	0.0	1	1.05	11.00139974018692	230.0	17	1.05	0.95				
	122	2	0.0	0.0	0.0	0.0	1	1.05	19.515161729204227	230.0	17	1.05	0.95				
	123	2	0.0	0.0	0.0	0.0	1	1.0299463784280054	7.263526012456585	230.0	15	1.05	0.95				
	124	1	0.0	0.0	0.0	0.0	1	1.0254916485035936	4.991774469865757	230.0	16	1.05	0.95				
	201	2	50.999527781052635	10.388792696140351	0.0	0.0	2	1.0312933271798097	-5.569853923427383	138.0	21	1.05	0.95				
	202	2	45.805131432982456	9.444356996491228	0.0	0.0	2	1.0316777430700865	-5.5246163508101525	138.0	22	1.05	0.95				
	203	1	84.99921296842106	17.47206044350877	0.0	0.0	2	1.0200346249381822	-5.934415074831043	138.0	21	1.05	0.95				
	204	1	34.94412088701754	7.08326774736842	0.0	0.0	2	1.0195670869555353	-7.791199600782615	138.0	21	1.05	0.95				
	205	1	33.52746733754386	6.611049897543859	0.0	0.0	2	1.0346859449534802	-7.86360132288862	138.0	21	1.05	0.95				
	206	1	64.22162757614035	13.222099795087718	0.0	-100.0	2	1.0443309798296	-9.593358693441852	138.0	22	1.05	0.95				
	207	2	59.02723122807018	11.805446245614034	0.0	0.0	2	0.9895228785452682	-16.753380158240233	138.0	22	1.05	0.95				
	208	1	80.74925232	16.527624743859647	0.0	0.0	2	0.9951162945475773	-14.587356631268586	138.0	22	1.05	0.95				
	209	1	82.63812371929824	16.999842593684207	0.0	0.0	2	1.023510989358065	-7.723499564243463	138.0	23	1.05	0.95				
	210	1	92.08248071578947	18.888713992982456	0.0	0.0	2	1.05	-8.691085836374597	138.0	23	1.05	0.95				
	211	1	0.0	0.0	0.0	0.0	2	1.0069049300712818	-4.84910041092738	230.0	23	1.05	0.95				
	212	1	0.0	0.0	0.0	0.0	2	1.0095348012653582	-4.173325150707648	230.0	23	1.05	0.95				
	213	2	125.13773020350875	25.499763890526317	0.0	0.0	2	1.0014633825653134	-3.816582523787937	230.0	24	1.05	0.95				
	214	2	91.61026286596491	18.416496143157897	0.0	0.0	2	1.0091828694724825	-2.2965197790628706	230.0	26	1.05	0.95				
	215	2	149.69305839438596	30.22194238877193	0.0	0.0	2	1.0307184900915496	4.021338251228734	230.0	26	1.05	0.95				
	216	2	47.221784982456136	9.444356996491228	0.0	0.0	2	1.031639089278481	4.142626385741998	230.0	26	1.05	0.95				
	217	1	0.0	0.0	0.0	0.0	2	1.037273101425419	6.76173530857626	230.0	27	1.05	0.95				
	218	2	157.24854399157894	32.110813788070175	0.0	0.0	2	1.0387286475547386	7.20589584646132	230.0	27	1.05	0.95				
	219	1	85.47143081824561	17.47206044350877	0.0	0.0	2	1.0303389599868449	3.52203357230355	230.0	25	1.05	0.95				
	220	1	60.44388477754386	12.277664095438597	0.0	0.0	2	1.0325857861882806	3.8953853733959587	230.0	25	1.05	0.95				
	221	2	0.0	0.0	0.0	0.0	2	1.038566709648577	6.903905747226064	230.0	27	1.05	0.95				
	222	2	0.0	0.0	0.0	0.0	2	1.05	13.348840610031992	230.0	27	1.05	0.95				
	223	2	0.0	0.0	0.0	0.0	2	1.0346470949055817	4.457155911198646	230.0	25	1.05	0.95				
	224	1	0.0	0.0	0.0	0.0	2	1.0143984594657902	0.29396766556698867	230.0	26	1.05	0.95				
	301	2	46.82505535578947	9.538437202105262	0.0	0.0	3	1.0074666523840543	-17.971365471984672	138.0	31	1.05	0.95				
	302	2	42.05583675473684	8.67130654736842	0.0	0.0	3	1.0071930090587735	-18.086123993537026	138.0	32	1.05	0.95				
	303	1	78.04175892631578	16.041917112631577	0.0	0.0	3	1.023726174759056	-12.465675536671549	138.0	31	1.05	0.95				
	304	1	32.08383422526315	6.503479910526315	0.0	0.0	3	1.01004647809589	-16.6577230299529	138.0	31	1.05	0.95				
	305	1	30.783138243157893	6.069914583157895	0.0	0.0	3	1.0230913603692726	-17.397886424891116	138.0	31	1.05	0.95				
	306	1	58.964884522105265	12.13982916631579	0.0	-100.0	3	1.0400961781910405	-17.595418925043848	138.0	32	1.05	0.95				
	307	2	54.19566592105263	10.839133184210525	0.0	0.0	3	0.9935650717035888	-22.341117655600826	138.0	32	1.05	0.95				
	308	1	74.13967097999999	15.174786457894735	0.0	0.0	3	0.9996169099283532	-20.384590320759777	138.0	32	1.05	0.95				
	309	1	75.87393228947367	15.608351785263155	0.0	0.0	3	1.0260058138874923	-13.713376981195115	138.0	33	1.05	0.95				
	310	1	84.5452388368421	17.34261309473684	0.0	0.0	3	1.05	-15.429060437809124	138.0	33	1.05	0.95				
	311	1	0.0	0.0	0.0	0.0	3	1.0089357454609222	-9.579182425855166	230.0	33	1.05	0.95				
	312	1	0.0	0.0	0.0	0.0	3	1.011289664314083	-9.194919436369382	230.0	33	1.05	0.95				
	313	2	114.89481175263157	23.412527677894737	0.0	0.0	3	1.0111436959061972	-6.15508340104765	230.0	34	1.05	0.95				
	314	2	84.11167350947368	16.90904776736842	0.0	0.0	3	1.0116297761676347	-7.499002299841534	230.0	36	1.05	0.95				
	315	2	137.44020877578947	27.748180951578945	0.0	0.0	3	1.035799349232514	-2.8691709214779215	230.0	36	1.05	0.95				
	316	2	43.3565327368421	8.67130654736842	0.0	0.0	3	1.0356718352807814	-1.9901203126314644	230.0	36	1.05	0.95				
	317	1	0.0	0.0	0.0	0.0	3	1.0420160650312624	0.4205997987896905	230.0	37	1.05	0.95				
	318	2	144.3772540136842	29.482442261052633	0.0	0.0	3	1.0395230961251343	-0.32904779304848514	230.0	37	1.05	0.95				
	319	1	78.4753242536842	16.041917112631577	0.0	0.0	3	1.0307838213857718	-3.0383222399020013	230.0	35	1.05	0.95				
	320	1	55.49636190315789	11.272698511578946	0.0	0.0	3	1.0295755633035344	-3.1146193316535546	230.0	35	1.05	0.95				
	321	2	0.0	0.0	0.0	0.0	3	1.0401292824176596	-0.6207171111835024	230.0	37	1.05	0.95				
	322	2	0.0	0.0	0.0	0.0	3	1.05	4.108230789546062	230.0	37	1.05	0.95				
	323	2	0.0	0.0	0.0	0.0	3	1.0294673022583594	-2.824336735556214	230.0	35	1.05	0.95				
	324	1	0.0	0.0	0.0	0.0	3	1.0193228872098063	-6.456502115247838	230.0	36	1.05	0.95				
	325	1	0.0	0.0	0.0	0.0	3	1.0273304285018925	-1.6558664346315108	230.0	35	1.05	0.95				
];
