%% MATPOWER Case Format : Version 2
function mpc = RTS_GMLC
mpc.version = '2';

%%-----  Power Flow Data  -----%%
%% system MVA base
mpc.baseMVA = 100.0;
%% bus data
%    bus_i    type    Pd    Qd    Gs    Bs    area    Vm    Va    baseKV    zone    Vmax    Vmin
mpc.bus = [
	101	2	63.76595744842106	12.989361702456142	0.0	0.0	1	1.0485318735739686	1.4753839928851225	138.0	11	1.05	0.95				
	102	2	57.27127659719299	11.808510638596491	0.0	0.0	1	1.0466001440774875	0.9262238680091447	138.0	12	1.05	0.95				
	103	1	106.27659574736843	21.845744681403513	0.0	0.0	1	1.0335855258582838	0.7357977112152706	138.0	11	1.05	0.95				
	104	1	43.691489362807026	8.85638297894737	0.0	0.0	1	1.0275395852240778	-2.1962760067242466	138.0	11	1.05	0.95				
	105	1	41.920212767017546	8.265957447017545	0.0	0.0	1	1.0405920821908934	-2.640891870755214	138.0	11	1.05	0.95				
	106	1	80.29787234245616	16.53191489403509	0.0	-100.0	1	1.0434976940021377	-5.622246260261318	138.0	12	1.05	0.95				
	107	2	73.80319149122808	14.760638298245615	0.0	0.0	1	0.9989077889184591	-12.055269698478046	138.0	12	1.05	0.95				
	108	1	100.96276596	20.66489361754386	0.0	0.0	1	0.9978629800650434	-10.62085248821096	138.0	12	1.05	0.95				
	109	1	103.32446808771931	21.255319149473685	0.0	0.0	1	1.025232216171074	-3.5813031397506383	138.0	13	1.05	0.95				
	110	1	115.1329787263158	23.617021277192983	0.0	0.0	1	1.05	-5.029985426809839	138.0	13	1.05	0.95				
	111	1	0.0	0.0	0.0	0.0	1	1.0102575972656	-1.2385862844250224	230.0	13	1.05	0.95				
	112	1	0.0	0.0	0.0	0.0	1	1.0121623959776938	-1.5407849534297307	230.0	13	1.05	0.95				
	113	3	156.4627659614035	31.88297872421053	0.0	0.0	1	1.0057153318698397	1.729421791285544e-29	230.0	14	1.05	0.95				
	114	2	114.54255319438597	23.026595745263158	0.0	0.0	1	1.0132772092973652	0.8233772334411079	230.0	16	1.05	0.95				
	115	2	187.1648936217544	37.787234043508775	0.0	0.0	1	1.041759957666786	8.830790723984041	230.0	16	1.05	0.95				
	116	2	59.04255319298246	11.808510638596491	0.0	0.0	1	1.0370942400861347	7.303059811864392	230.0	16	1.05	0.95				
	117	1	0.0	0.0	0.0	0.0	1	1.043501692606934	11.843444441631457	230.0	17	1.05	0.95				
	118	2	196.6117021326316	40.14893617122808	0.0	0.0	1	1.0488025860668615	12.987037665330305	230.0	17	1.05	0.95				
	119	1	106.86702127929826	21.845744681403513	0.0	0.0	1	1.026024442057523	4.448730407185738	230.0	15	1.05	0.95				
	120	1	75.57446808701755	15.351063830175441	0.0	0.0	1	1.021745273964922	2.5212166513756977	230.0	15	1.05	0.95				
	121	2	0.0	0.0	0.0	0.0	1	1.05	14.935558722445702	230.0	17	1.05	0.95				
	122	2	0.0	0.0	0.0	0.0	1	1.05	21.527941120658863	230.0	17	1.05	0.95				
	123	2	0.0	0.0	0.0	0.0	1	1.0208660636042939	1.9107972870899907	230.0	15	1.05	0.95				
	124	1	0.0	0.0	0.0	0.0	1	1.0283577329650688	5.795098325414272	230.0	16	1.05	0.95				
	201	2	53.396505587368424	10.877065952982456	0.0	0.0	2	1.0128435229065902	-11.437660996022284	138.0	21	1.05	0.95				
	202	2	47.95797261087719	9.888241775438598	0.0	0.0	2	1.012038075670567	-11.66889921882223	138.0	22	1.05	0.95				
	203	1	88.99417597894737	18.293247284561403	0.0	0.0	2	1.0141225596372176	-8.743936836281634	138.0	21	1.05	0.95				
	204	1	36.586494569122806	7.416181331578947	0.0	0.0	2	1.0106966934340182	-10.686566692477175	138.0	21	1.05	0.95				
	205	1	35.10325830280701	6.921769242807018	0.0	0.0	2	1.0250175088000681	-11.04215899433875	138.0	21	1.05	0.95				
	206	1	67.24004407298246	13.843538485614037	0.0	-100.0	2	1.0395154703916596	-11.406622569313036	138.0	22	1.05	0.95				
	207	2	61.801511096491225	12.360302219298246	0.0	0.0	2	0.9951106478410766	-17.473571764111007	138.0	22	1.05	0.95				
	208	1	84.54446718	17.304423107017545	0.0	0.0	2	0.9977285390332229	-15.175078223598186	138.0	22	1.05	0.95				
	209	1	86.52211553508772	17.798835195789472	0.0	0.0	2	1.0251190680120053	-7.850614290937144	138.0	23	1.05	0.95				
	210	1	96.41035731052632	19.776483550877195	0.0	0.0	2	1.05	-9.058218042383798	138.0	23	1.05	0.95				
	211	1	0.0	0.0	0.0	0.0	2	1.00956318006322	-4.800183618687162	230.0	23	1.05	0.95				
	212	1	0.0	0.0	0.0	0.0	2	1.0152237427359188	0.11829093916438058	230.0	23	1.05	0.95				
	213	2	131.0192035245614	26.698252793684212	0.0	0.0	2	1.0099817155599422	-2.002065677919516	230.0	24	1.05	0.95				
	214	2	95.91594522175438	19.282071462105264	0.0	0.0	2	1.0097653281168846	-3.511814508505756	230.0	26	1.05	0.95				
	215	2	156.72863214070173	31.64237368140351	0.0	0.0	2	1.0276800290780537	1.3391472627727845	230.0	26	1.05	0.95				
	216	2	49.441208877192985	9.888241775438598	0.0	0.0	2	1.0275977903358353	1.3443236140762576	230.0	26	1.05	0.95				
	217	1	0.0	0.0	0.0	0.0	2	1.0310035011811471	2.0538816166105596	230.0	27	1.05	0.95				
	218	2	164.63922556105263	33.62002203649123	0.0	0.0	2	1.029956732115826	1.5845831642369752	230.0	27	1.05	0.95				
	219	1	89.4885880677193	18.293247284561403	0.0	0.0	2	1.0279457241302696	2.060586635689536	230.0	25	1.05	0.95				
	220	1	63.28474736280702	12.854714308070175	0.0	0.0	2	1.0321746162838064	3.637651503772339	230.0	25	1.05	0.95				
	221	2	0.0	0.0	0.0	0.0	2	1.032214601087029	2.299857625979264	230.0	27	1.05	0.95				
	222	2	0.0	0.0	0.0	0.0	2	1.05	8.697524307293996	230.0	27	1.05	0.95				
	223	2	0.0	0.0	0.0	0.0	2	1.035957544180243	4.871670800993293	230.0	25	1.05	0.95				
	224	1	0.0	0.0	0.0	0.0	2	1.0101703584842614	-2.4250271222499853	230.0	26	1.05	0.95				
	301	2	66.11198987368422	13.46725719649123	0.0	0.0	3	0.9896105769634745	14.109163801976194	138.0	31	1.05	0.95				
	302	2	59.37836127543859	12.242961087719301	0.0	0.0	3	0.9895553249525176	14.069573095348138	138.0	32	1.05	0.95				
	303	1	110.1866497894737	22.649478012280706	0.0	0.0	3	1.0156283351761524	17.041297700809526	138.0	31	1.05	0.95				
	304	1	45.29895602456141	9.182220815789474	0.0	0.0	3	0.9985212752263724	16.117427125093986	138.0	31	1.05	0.95				
	305	1	43.46251186140351	8.57007276140351	0.0	0.0	3	1.010148807051231	16.16573638674715	138.0	31	1.05	0.95				
	306	1	83.25213539649124	17.14014552280702	0.0	-100.0	3	1.0299380762934334	16.618367027932674	138.0	32	1.05	0.95				
	307	2	76.51850679824562	15.303701359649125	0.0	0.0	3	0.9859965641350562	12.626594278553556	138.0	32	1.05	0.95				
	308	1	104.6773173	21.425181903508772	0.0	0.0	3	0.9976029783115087	15.376011193002773	138.0	32	1.05	0.95				
	309	1	107.12590951754386	22.037329957894737	0.0	0.0	3	1.0276709472926573	20.27415247157323	138.0	33	1.05	0.95				
	310	1	119.36887060526318	24.485922175438603	0.0	0.0	3	1.05	20.163024315603288	138.0	33	1.05	0.95				
	311	1	0.0	0.0	0.0	0.0	3	1.018957979324682	26.49165944128931	230.0	33	1.05	0.95				
	312	1	0.0	0.0	0.0	0.0	3	1.0251834119409153	27.505165225548954	230.0	33	1.05	0.95				
	313	2	162.2192344122807	33.05599493684211	0.0	0.0	3	1.0459578934435236	34.665175120148355	230.0	34	1.05	0.95				
	314	2	118.75672255087719	23.873774121052634	0.0	0.0	3	1.021083797983505	25.415332452455278	230.0	36	1.05	0.95				
	315	2	194.0509332403509	39.17747548070176	0.0	0.0	3	1.0411086952258173	19.91405940791516	230.0	36	1.05	0.95				
	316	2	61.2148054385965	12.242961087719301	0.0	0.0	3	1.0426415470742394	21.28583503450056	230.0	36	1.05	0.95				
	317	1	0.0	0.0	0.0	0.0	3	1.05	21.422796654769883	230.0	37	1.05	0.95				
	318	2	203.84530211052635	41.62606769824562	0.0	0.0	3	1.0475226661947936	18.999714315261908	230.0	37	1.05	0.95				
	319	1	110.79879784385966	22.649478012280706	0.0	0.0	3	1.0432030257279676	23.438831466176307	230.0	35	1.05	0.95				
	320	1	78.35495096140352	15.91584941403509	0.0	0.0	3	1.0454207181604975	24.79860408751528	230.0	35	1.05	0.95				
	321	2	0.0	0.0	0.0	0.0	3	1.0460225650581045	19.924968258441538	230.0	37	1.05	0.95				
	322	2	0.0	0.0	0.0	0.0	3	1.05	24.85492728240087	230.0	37	1.05	0.95				
	323	2	0.0	0.0	0.0	0.0	3	1.0461924710955608	25.151507716466213	230.0	35	1.05	0.95				
	324	1	0.0	0.0	0.0	0.0	3	1.0286209890968194	21.11544998284146	230.0	36	1.05	0.95				
	325	1	0.0	0.0	0.0	0.0	3	1.0478787369879479	24.289985326131564	230.0	35	1.05	0.95				
];
