%% MATPOWER Case Format : Version 2
function mpc = RTS_GMLC
mpc.version = '2';

%%-----  Power Flow Data  -----%%
%% system MVA base
mpc.baseMVA = 100.0;
%% bus data
%    bus_i    type    Pd    Qd    Gs    Bs    area    Vm    Va    baseKV    zone    Vmax    Vmin
mpc.bus = [
	101	2	38.222167225263156	7.785997027368421	0.0	0.0	1	1.0395768996102441	2.1852360626281166	138.0	11	1.05	0.95				
	102	2	34.329168711578944	7.078179115789474	0.0	0.0	1	1.0387905978495136	1.9371589332000996	138.0	12	1.05	0.95				
	103	1	63.70361204210526	13.094631364210526	0.0	0.0	1	1.0223808470990108	0.3388765424766632	138.0	11	1.05	0.95				
	104	1	26.189262728421053	5.308634336842105	0.0	0.0	1	1.0238888030250832	-1.1066687838041658	138.0	11	1.05	0.95				
	105	1	25.12753586105263	4.954725381052632	0.0	0.0	1	1.0399850458476467	-0.8440205063018995	138.0	11	1.05	0.95				
	106	1	48.13161798736842	9.909450762105264	0.0	-100.0	1	1.0489452495504525	-2.9601550870161217	138.0	12	1.05	0.95				
	107	2	44.23861947368421	8.847723894736841	0.0	0.0	1	1.002778013755287	-9.30045344152155	138.0	12	1.05	0.95				
	108	1	60.51843144	12.386813452631577	0.0	0.0	1	1.0070595709626475	-7.510844208857913	138.0	12	1.05	0.95				
	109	1	61.934067263157885	12.740722408421052	0.0	0.0	1	1.0220720529243075	-2.1780895614009292	138.0	13	1.05	0.95				
	110	1	69.01224637894737	14.156358231578947	0.0	0.0	1	1.05	-2.8190718496218814	138.0	13	1.05	0.95				
	111	1	0.0	0.0	0.0	0.0	1	0.9975536229198062	-0.5083923209824096	230.0	13	1.05	0.95				
	112	1	0.0	0.0	0.0	0.0	1	1.0038191950442712	-0.708421500053956	230.0	13	1.05	0.95				
	113	3	93.78587328421052	19.111083612631578	0.0	0.0	1	0.9912035446436749	-1.4994408429018845e-27	230.0	14	1.05	0.95				
	114	2	68.65833742315789	13.802449275789474	0.0	0.0	1	0.9878103878818657	1.2116534165867703	230.0	16	1.05	0.95				
	115	2	112.18913898526314	22.650173170526315	0.0	0.0	1	1.0133128808762253	6.710760965201323	230.0	16	1.05	0.95				
	116	2	35.390895578947365	7.078179115789474	0.0	0.0	1	1.0100577945345175	5.749562806131999	230.0	16	1.05	0.95				
	117	1	0.0	0.0	0.0	0.0	1	1.0190947543530546	9.066576808063623	230.0	17	1.05	0.95				
	118	2	117.85168227789472	24.06580899368421	0.0	0.0	1	1.0213144484523147	9.49908912958547	230.0	17	1.05	0.95				
	119	1	64.05752099789474	13.094631364210526	0.0	0.0	1	1.0047714294665842	3.6911243607479793	230.0	15	1.05	0.95				
	120	1	45.30034634105263	9.201632850526316	0.0	0.0	1	1.0031299854081421	2.6142602420338816	230.0	15	1.05	0.95				
	121	2	0.0	0.0	0.0	0.0	1	1.023519780712797	10.751125739285847	230.0	17	1.05	0.95				
	122	2	0.0	0.0	0.0	0.0	1	1.05	18.938415566016012	230.0	17	1.05	0.95				
	123	2	0.0	0.0	0.0	0.0	1	1.0024847963946693	2.30749281932323	230.0	15	1.05	0.95				
	124	1	0.0	0.0	0.0	0.0	1	1.0083628811235867	4.275072863891565	230.0	16	1.05	0.95				
	201	2	39.354635595789475	8.016685028771931	0.0	0.0	2	1.0128650746718981	-13.815325314736631	138.0	21	1.05	0.95				
	202	2	35.346293081403516	7.287895480701755	0.0	0.0	2	1.0120266827057007	-14.099449580708844	138.0	22	1.05	0.95				
	203	1	65.59105932631579	13.482606639298247	0.0	0.0	2	1.01454663576604	-10.021096966263489	138.0	21	1.05	0.95				
	204	1	26.965213278596494	5.465921610526316	0.0	0.0	2	1.0122544897950572	-13.847504816906698	138.0	21	1.05	0.95				
	205	1	25.872028956491228	5.101526836491229	0.0	0.0	2	1.0271075929235522	-14.25947396244198	138.0	21	1.05	0.95				
	206	1	49.55768926877194	10.203053672982458	0.0	-100.0	2	1.0432708419811767	-14.984650699012766	138.0	22	1.05	0.95				
	207	2	45.549346754385965	9.109869350877194	0.0	0.0	2	0.995791278302134	-19.27426541283029	138.0	22	1.05	0.95				
	208	1	62.31150636	12.75381709122807	0.0	0.0	2	1.0029262126425003	-17.671389183375446	138.0	22	1.05	0.95				
	209	1	63.76908545614035	13.118211865263158	0.0	0.0	2	1.022455098500173	-12.124783429042246	138.0	23	1.05	0.95				
	210	1	71.05698093684211	14.57579096140351	0.0	0.0	2	1.05	-13.52767955678908	138.0	23	1.05	0.95				
	211	1	0.0	0.0	0.0	0.0	2	1.003120295446228	-9.406692318431523	230.0	23	1.05	0.95				
	212	1	0.0	0.0	0.0	0.0	2	1.0081569720181125	-8.790140805891957	230.0	23	1.05	0.95				
	213	2	96.56461511929825	19.677317797894737	0.0	0.0	2	1.0005287486593561	-8.20659637854468	230.0	24	1.05	0.95				
	214	2	70.69258616280703	14.211396187368422	0.0	0.0	2	0.999882314591844	-6.894672319828794	230.0	26	1.05	0.95				
	215	2	115.51314336912282	23.321265538245616	0.0	0.0	2	1.014904610652418	-0.8089152047937406	230.0	26	1.05	0.95				
	216	2	36.439477403508775	7.287895480701755	0.0	0.0	2	1.0162578123527275	-1.1332533324252758	230.0	26	1.05	0.95				
	217	1	0.0	0.0	0.0	0.0	2	1.0189366328550518	0.4507486453633429	230.0	27	1.05	0.95				
	218	2	121.34345975368421	24.77884463438597	0.0	0.0	2	1.018541347968691	0.07284558792124642	230.0	27	1.05	0.95				
	219	1	65.95545410035089	13.482606639298247	0.0	0.0	2	1.0203489837283883	-1.4782640402950817	230.0	25	1.05	0.95				
	220	1	46.64253107649123	9.474264124912283	0.0	0.0	2	1.026041437709963	-1.055346542361149	230.0	25	1.05	0.95				
	221	2	0.0	0.0	0.0	0.0	2	1.0208918773017597	0.5881203328715064	230.0	27	1.05	0.95				
	222	2	0.0	0.0	0.0	0.0	2	1.042572521729273	7.118815278503915	230.0	27	1.05	0.95				
	223	2	0.0	0.0	0.0	0.0	2	1.0295208387241774	-0.5448153310937233	230.0	25	1.05	0.95				
	224	1	0.0	0.0	0.0	0.0	2	1.0034917085488877	-4.293514569755592	230.0	26	1.05	0.95				
	301	2	45.69756408	9.308763053333333	0.0	0.0	3	1.0363742046993274	-1.8221036156171548	138.0	31	1.05	0.95				
	302	2	41.04318255333333	8.462511866666667	0.0	0.0	3	1.0329069209245296	-2.1601627731996986	138.0	32	1.05	0.95				
	303	1	76.16260679999999	15.655646953333333	0.0	0.0	3	1.05	12.510403249261682	138.0	31	1.05	0.95				
	304	1	31.311293906666666	6.3468839	0.0	0.0	3	1.016441085242391	-1.2431018038294919	138.0	31	1.05	0.95				
	305	1	30.041917126666668	5.923758306666667	0.0	0.0	3	1.0368255439733647	-2.94501655008744	138.0	31	1.05	0.95				
	306	1	57.54508069333334	11.847516613333333	0.0	-100.0	3	1.0442601397424827	-4.1016997895010086	138.0	32	1.05	0.95				
	307	2	52.890699166666664	10.578139833333333	0.0	0.0	3	0.9503142572887051	-2.054355075105869	138.0	32	1.05	0.95				
	308	1	72.35447646	14.809395766666666	0.0	0.0	3	0.9737785444493409	-2.943881452864476	138.0	32	1.05	0.95				
	309	1	74.04697883333333	15.232521359999998	0.0	0.0	3	1.0155835232424402	1.281570898518269	138.0	33	1.05	0.95				
	310	1	82.5094907	16.925023733333333	0.0	0.0	3	1.0470036022687323	-2.742388468985541	138.0	33	1.05	0.95				
	311	1	0.0	0.0	0.0	0.0	3	1.0027032850339874	0.21742137161603495	230.0	33	1.05	0.95				
	312	1	0.0	0.0	0.0	0.0	3	1.0075465602304605	1.0859879451479977	230.0	33	1.05	0.95				
	313	2	112.12828223333334	22.84878204	0.0	0.0	3	1.0039025662702623	2.8030824200780216	230.0	34	1.05	0.95				
	314	2	82.08636510666666	16.50189814	0.0	0.0	3	0.9954065311875817	-0.9977361109003731	230.0	36	1.05	0.95				
	315	2	134.13081308666665	27.080037973333333	0.0	0.0	3	1.0440773921297621	0.4179411739649641	230.0	36	1.05	0.95				
	316	2	42.31255933333333	8.462511866666667	0.0	0.0	3	1.025191356233121	-0.12304726783737019	230.0	36	1.05	0.95				
	317	1	0.0	0.0	0.0	0.0	3	1.0402845228248812	1.0500075706053622	230.0	37	1.05	0.95				
	318	2	140.90082258	28.77254034666667	0.0	0.0	3	1.043886549101134	0.41456050955583246	230.0	37	1.05	0.95				
	319	1	76.58573239333334	15.655646953333333	0.0	0.0	3	1.0158130387004958	0.09436245516894712	230.0	35	1.05	0.95				
	320	1	54.160075946666666	11.001265426666667	0.0	0.0	3	1.0106009887301284	1.132114479649451	230.0	35	1.05	0.95				
	321	2	0.0	0.0	0.0	0.0	3	1.05	0.9220616836694697	230.0	37	1.05	0.95				
	322	2	0.0	0.0	0.0	0.0	3	1.05	5.307759495040984	230.0	37	1.05	0.95				
	323	2	0.0	0.0	0.0	0.0	3	1.0086309803655737	2.046224883882573	230.0	35	1.05	0.95				
	324	1	0.0	0.0	0.0	0.0	3	1.0424547796248247	5.043260719834296	230.0	36	1.05	0.95				
	325	1	0.0	0.0	0.0	0.0	3	1.0083486371335446	2.7859148954608437	230.0	35	1.05	0.95				
];
