%% MATPOWER Case Format : Version 2
function mpc = RTS_GMLC
mpc.version = '2';

%%-----  Power Flow Data  -----%%
%% system MVA base
mpc.baseMVA = 100.0;
%% bus data
%    bus_i    type    Pd    Qd    Gs    Bs    area    Vm    Va    baseKV    zone    Vmax    Vmin
mpc.bus = [
	101	2	43.73973280421053	8.90994557122807	0.0	0.0	1	1.0436109523514823	4.239910690596268	138.0	11	1.05	0.95				
	102	2	39.284760018596494	8.099950519298247	0.0	0.0	1	1.0426318719244723	3.970908758156235	138.0	12	1.05	0.95				
	103	1	72.89955467368421	14.984908460701755	0.0	0.0	1	1.028209179672694	0.5334379883365266	138.0	11	1.05	0.95				
	104	1	29.96981692140351	6.074962889473684	0.0	0.0	1	1.0269793069517212	0.4202457799601222	138.0	11	1.05	0.95				
	105	1	28.754824343508773	5.669965363508773	0.0	0.0	1	1.0407936654231131	0.526455070626183	138.0	11	1.05	0.95				
	106	1	55.07966353122807	11.339930727017546	0.0	-100.0	1	1.0479157734973383	-2.0128959931492485	138.0	12	1.05	0.95				
	107	2	50.62469074561403	10.124938149122807	0.0	0.0	1	1.0004853636779771	-7.507485687777371	138.0	12	1.05	0.95				
	108	1	69.25457694	14.17491340877193	0.0	0.0	1	1.0051988084225119	-6.328887496954939	138.0	12	1.05	0.95				
	109	1	70.87456704385964	14.579910934736843	0.0	0.0	1	1.0242872314344627	-1.487577734509412	138.0	13	1.05	0.95				
	110	1	78.9745175631579	16.199901038596494	0.0	0.0	1	1.05	-2.0060965292333397	138.0	13	1.05	0.95				
	111	1	0.0	0.0	0.0	0.0	1	1.001354684279817	-0.23509806358917196	230.0	13	1.05	0.95				
	112	1	0.0	0.0	0.0	0.0	1	1.0068730133250483	0.20695413623130612	230.0	13	1.05	0.95				
	113	3	107.32434438070175	21.869866402105266	0.0	0.0	1	0.9920818393402703	3.420314167113174e-29	230.0	14	1.05	0.95				
	114	2	78.56952003719299	15.794903512631581	0.0	0.0	1	0.9956329287364858	1.2087328789750993	230.0	16	1.05	0.95				
	115	2	128.3842157308772	25.91984166175439	0.0	0.0	1	1.0316883641071721	5.703523714323934	230.0	16	1.05	0.95				
	116	2	40.49975259649123	8.099950519298247	0.0	0.0	1	1.02770146931639	5.6025614448316645	230.0	16	1.05	0.95				
	117	1	0.0	0.0	0.0	0.0	1	1.0364561493997333	7.458997861086378	230.0	17	1.05	0.95				
	118	2	134.86417614631577	27.539831765614036	0.0	0.0	1	1.0388817072902368	7.489256841401004	230.0	17	1.05	0.95				
	119	1	73.30455219964914	14.984908460701755	0.0	0.0	1	1.0215404507983012	4.834340422234567	230.0	15	1.05	0.95				
	120	1	51.83968332350878	10.52993567508772	0.0	0.0	1	1.0188451113554835	4.952513363378887	230.0	15	1.05	0.95				
	121	2	0.0	0.0	0.0	0.0	1	1.0427425736424198	8.44719930616342	230.0	17	1.05	0.95				
	122	2	0.0	0.0	0.0	0.0	1	1.05	14.681112636393653	230.0	17	1.05	0.95				
	123	2	0.0	0.0	0.0	0.0	1	1.0178519253807534	5.336195829725731	230.0	15	1.05	0.95				
	124	1	0.0	0.0	0.0	0.0	1	1.0229322690308484	3.759987967803366	230.0	16	1.05	0.95				
	201	2	39.59263341473684	8.065166065964911	0.0	0.0	2	1.0201219227356288	-7.3582397971115965	138.0	21	1.05	0.95				
	202	2	35.56005038175438	7.331969150877192	0.0	0.0	2	1.0202272153562868	-7.359342907857323	138.0	22	1.05	0.95				
	203	1	65.98772235789473	13.564142929122806	0.0	0.0	2	1.0171683518241383	-6.093914692242931	138.0	21	1.05	0.95				
	204	1	27.12828585824561	5.498976863157894	0.0	0.0	2	1.016320787334617	-8.259189029357959	138.0	21	1.05	0.95				
	205	1	26.028490485614032	5.132378405614036	0.0	0.0	2	1.0307597809450733	-8.507157126914487	138.0	21	1.05	0.95				
	206	1	49.857390225964906	10.264756811228072	0.0	-100.0	2	1.0450254021523313	-9.544844547238922	138.0	22	1.05	0.95				
	207	2	45.824807192982455	9.16496143859649	0.0	0.0	2	0.9943244198105976	-14.448854946047783	138.0	22	1.05	0.95				
	208	1	62.68833624	12.830946014035085	0.0	0.0	2	1.0021039485477314	-12.841458152309464	138.0	22	1.05	0.95				
	209	1	64.15473007017543	13.197544471578945	0.0	0.0	2	1.0228815287002118	-7.4733104963892245	138.0	23	1.05	0.95				
	210	1	71.48669922105262	14.663938301754383	0.0	0.0	2	1.05	-8.484389474616073	138.0	23	1.05	0.95				
	211	1	0.0	0.0	0.0	0.0	2	1.002173663634737	-5.000054362173582	230.0	23	1.05	0.95				
	212	1	0.0	0.0	0.0	0.0	2	1.006587323881737	-4.258023253383199	230.0	23	1.05	0.95				
	213	2	97.1485912491228	19.79631670736842	0.0	0.0	2	0.9953687339031871	-3.856170174409483	230.0	24	1.05	0.95				
	214	2	71.12010076350876	14.297339844210525	0.0	0.0	2	0.9999454947931463	-2.8745853817956672	230.0	26	1.05	0.95				
	215	2	116.21171104140349	23.462301282807015	0.0	0.0	2	1.0200517299693774	2.4558582499396007	230.0	26	1.05	0.95				
	216	2	36.65984575438596	7.331969150877192	0.0	0.0	2	1.0207234011233715	2.322370204520103	230.0	26	1.05	0.95				
	217	1	0.0	0.0	0.0	0.0	2	1.0259629954472553	3.7626107802652777	230.0	27	1.05	0.95				
	218	2	122.07728636210527	24.928695112982453	0.0	0.0	2	1.0253152548298952	3.368841646597213	230.0	27	1.05	0.95				
	219	1	66.3543208154386	13.564142929122806	0.0	0.0	2	1.021529150359689	2.1514188973173862	230.0	25	1.05	0.95				
	220	1	46.92460256561403	9.53155989614035	0.0	0.0	2	1.024382371633122	2.7270313658963525	230.0	25	1.05	0.95				
	221	2	0.0	0.0	0.0	0.0	2	1.0271419503895798	3.8649726364532113	230.0	27	1.05	0.95				
	222	2	0.0	0.0	0.0	0.0	2	1.0490138520769394	10.327271185933451	230.0	27	1.05	0.95				
	223	2	0.0	0.0	0.0	0.0	2	1.0263585258697785	3.3261412367559147	230.0	25	1.05	0.95				
	224	1	0.0	0.0	0.0	0.0	2	1.008366952375544	-0.7690960901116748	230.0	26	1.05	0.95				
	301	2	48.37962668210526	9.855109138947368	0.0	0.0	3	1.008236573019873	-18.399902042450904	138.0	31	1.05	0.95				
	302	2	43.452072112631576	8.95919012631579	0.0	0.0	3	1.0078338793291681	-18.4990673610207	138.0	32	1.05	0.95				
	303	1	80.6327111368421	16.57450173368421	0.0	0.0	3	1.0196708255201494	-13.59239449056057	138.0	31	1.05	0.95				
	304	1	33.14900346736842	6.719392594736842	0.0	0.0	3	1.0091299743436621	-17.113468639623594	138.0	31	1.05	0.95				
	305	1	31.80512494842105	6.271433088421054	0.0	0.0	3	1.0231226089008572	-17.51393618646704	138.0	31	1.05	0.95				
	306	1	60.92249285894737	12.542866176842107	0.0	-100.0	3	1.0397855025607856	-17.552412859724594	138.0	32	1.05	0.95				
	307	2	55.99493828947368	11.198987657894737	0.0	0.0	3	0.9948852288599233	-22.74863491882257	138.0	32	1.05	0.95				
	308	1	76.60107558	15.678582721052631	0.0	0.0	3	0.9994391664492425	-20.70348198390137	138.0	32	1.05	0.95				
	309	1	78.39291360526316	16.12654222736842	0.0	0.0	3	1.024349750011404	-14.13836315650244	138.0	33	1.05	0.95				
	310	1	87.35210373157895	17.91838025263158	0.0	0.0	3	1.05	-15.188066462566942	138.0	33	1.05	0.95				
	311	1	0.0	0.0	0.0	0.0	3	1.0067645167905332	-9.700956766498445	230.0	33	1.05	0.95				
	312	1	0.0	0.0	0.0	0.0	3	1.0099714207039034	-9.22823971941785	230.0	33	1.05	0.95				
	313	2	118.7092691736842	24.18981334105263	0.0	0.0	3	1.0094004198732056	-6.072297073431859	230.0	34	1.05	0.95				
	314	2	86.90414422526315	17.47042074631579	0.0	0.0	3	1.0076139526555767	-7.81776577985282	230.0	36	1.05	0.95				
	315	2	142.00316350210525	28.66940840421053	0.0	0.0	3	1.0261784453036356	-5.588273547991855	230.0	36	1.05	0.95				
	316	2	44.79595063157895	8.95919012631579	0.0	0.0	3	1.02556737690742	-4.795586975814986	230.0	36	1.05	0.95				
	317	1	0.0	0.0	0.0	0.0	3	1.030737090789366	-3.482457212433154	230.0	37	1.05	0.95				
	318	2	149.1705156031579	30.461246429473686	0.0	0.0	3	1.0292434197772147	-3.7526810870893375	230.0	37	1.05	0.95				
	319	1	81.08067064315789	16.57450173368421	0.0	0.0	3	1.023880428503779	-4.615489065340983	230.0	35	1.05	0.95				
	320	1	57.33881680842106	11.646947164210527	0.0	0.0	3	1.0238136043987198	-4.30592556403921	230.0	35	1.05	0.95				
	321	2	0.0	0.0	0.0	0.0	3	1.030409233771787	-3.826508866115343	230.0	37	1.05	0.95				
	322	2	0.0	0.0	0.0	0.0	3	1.0438244903190077	0.6669118913075678	230.0	37	1.05	0.95				
	323	2	0.0	0.0	0.0	0.0	3	1.0241999949147578	-3.9052920670956484	230.0	35	1.05	0.95				
	324	1	0.0	0.0	0.0	0.0	3	1.0150224007603212	-7.671195327008328	230.0	36	1.05	0.95				
	325	1	0.0	0.0	0.0	0.0	3	1.0226398295546897	-2.8601113254507484	230.0	35	1.05	0.95				
];
