%% MATPOWER Case Format : Version 2
function mpc = RTS_GMLC
mpc.version = '2';

%%-----  Power Flow Data  -----%%
%% system MVA base
mpc.baseMVA = 100.0;
%% bus data
%    bus_i    type    Pd    Qd    Gs    Bs    area    Vm    Va    baseKV    zone    Vmax    Vmin
mpc.bus = [
	101	2	76.39089559578947	15.561108362105264	0.0	0.0	1	1.0322457746555571	-1.3904102020996092	138.0	11	1.05	0.95				
	102	2	68.61034141473684	14.146462147368421	0.0	0.0	1	1.0322570701940808	-1.4437895981921387	138.0	12	1.05	0.95				
	103	1	127.31815932631581	26.170954972631577	0.0	0.0	1	1.0211724407547325	-2.1267243067642525	138.0	11	1.05	0.95				
	104	1	52.341909945263154	10.609846610526317	0.0	0.0	1	1.0167008574376757	-4.3540969118168515	138.0	11	1.05	0.95				
	105	1	50.219940623157896	9.902523503157896	0.0	0.0	1	1.0316757171812154	-4.3645800144063935	138.0	11	1.05	0.95				
	106	1	96.19594260210528	19.805047006315792	0.0	-100.0	1	1.0373410986661185	-6.674038421402607	138.0	12	1.05	0.95				
	107	2	88.41538842105263	17.683077684210527	0.0	0.0	1	1.047742295272556	-2.7030359554011265	138.0	12	1.05	0.95				
	108	1	120.95225136	24.756308757894736	0.0	0.0	1	1.0254380380921704	-5.646951612025228	138.0	12	1.05	0.95				
	109	1	123.78154378947369	25.46363186526316	0.0	0.0	1	1.026573745626436	-3.870980828637123	138.0	13	1.05	0.95				
	110	1	137.9280059368421	28.292924294736842	0.0	0.0	1	1.05	-5.144847564437253	138.0	13	1.05	0.95				
	111	1	0.0	0.0	0.0	0.0	1	1.0125923660328773	-1.2618941434898063	230.0	13	1.05	0.95				
	112	1	0.0	0.0	0.0	0.0	1	1.0153139890800011	-0.3747904590376824	230.0	13	1.05	0.95				
	113	3	187.44062345263157	38.19544779789474	0.0	0.0	1	1.0121231931331234	-2.039852876551716e-28	230.0	14	1.05	0.95				
	114	2	137.22068282947367	27.585601187368425	0.0	0.0	1	1.0142906355653205	0.9391703769327802	230.0	16	1.05	0.95				
	115	2	224.22142503578945	45.26867887157895	0.0	0.0	1	1.0445460375657662	8.584592047812762	230.0	16	1.05	0.95				
	116	2	70.73231073684211	14.146462147368421	0.0	0.0	1	1.042613429918491	8.289037269095669	230.0	16	1.05	0.95				
	117	1	0.0	0.0	0.0	0.0	1	1.0469118277658394	11.113688933703733	230.0	17	1.05	0.95				
	118	2	235.53859475368424	48.09797130105264	0.0	0.0	1	1.0490458902021618	11.662508756553624	230.0	17	1.05	0.95				
	119	1	128.0254824336842	26.170954972631577	0.0	0.0	1	1.0372530530738822	7.205367905217463	230.0	15	1.05	0.95				
	120	1	90.5373577431579	18.390400791578948	0.0	0.0	1	1.0387753508787443	7.601120143434668	230.0	15	1.05	0.95				
	121	2	0.0	0.0	0.0	0.0	1	1.05	12.203599558485836	230.0	17	1.05	0.95				
	122	2	0.0	0.0	0.0	0.0	1	1.05	18.465209413617238	230.0	17	1.05	0.95				
	123	2	0.0	0.0	0.0	0.0	1	1.0415392452359924	8.341542174761697	230.0	15	1.05	0.95				
	124	1	0.0	0.0	0.0	0.0	1	1.0223909231184967	4.62222720364568	230.0	16	1.05	0.95				
	201	2	79.89926021052631	16.275775228070174	0.0	0.0	2	1.0406002257484481	-9.870892994516986	138.0	21	1.05	0.95				
	202	2	71.76137259649123	14.796159298245612	0.0	0.0	2	1.0405920434023848	-10.018844172338033	138.0	22	1.05	0.95				
	203	1	133.1654336842105	27.372894701754387	0.0	0.0	2	1.0269954761761264	-6.820051885783904	138.0	21	1.05	0.95				
	204	1	54.74578940350877	11.09711947368421	0.0	0.0	2	1.0194357902955402	-11.839742057443255	138.0	21	1.05	0.95				
	205	1	52.526365508771924	10.35731150877193	0.0	0.0	2	1.035824492611023	-12.221222216029608	138.0	21	1.05	0.95				
	206	1	100.61388322807016	20.71462301754386	0.0	-100.0	2	1.038816730498852	-14.247836016144685	138.0	22	1.05	0.95				
	207	2	92.47599561403507	18.495199122807016	0.0	0.0	2	0.9614190737552136	-25.393262980757843	138.0	22	1.05	0.95				
	208	1	126.50716199999998	25.893278771929822	0.0	0.0	2	0.9659302270208273	-21.71007821758574	138.0	22	1.05	0.95				
	209	1	129.46639385964912	26.633086736842102	0.0	0.0	2	1.0254291222473042	-10.348537983850782	138.0	23	1.05	0.95				
	210	1	144.2625531578947	29.592318596491225	0.0	0.0	2	1.05	-12.292903142966702	138.0	23	1.05	0.95				
	211	1	0.0	0.0	0.0	0.0	2	1.0269766908503863	-5.592924979853625	230.0	23	1.05	0.95				
	212	1	0.0	0.0	0.0	0.0	2	1.0207329782126053	-4.41418338614749	230.0	23	1.05	0.95				
	213	2	196.04911070175436	39.949630105263154	0.0	0.0	2	1.038361642940655	-2.180085027764235	230.0	24	1.05	0.95				
	214	2	143.52274519298246	28.852510631578944	0.0	0.0	2	1.0428476977759558	-3.03205878530435	230.0	26	1.05	0.95				
	215	2	234.51912487719295	47.34770975438596	0.0	0.0	2	1.0442120545929654	5.145225554436512	230.0	26	1.05	0.95				
	216	2	73.98079649122806	14.796159298245612	0.0	0.0	2	1.0480731533572472	5.1446186481018445	230.0	26	1.05	0.95				
	217	1	0.0	0.0	0.0	0.0	2	1.0489117995253296	8.3296254700646	230.0	27	1.05	0.95				
	218	2	246.35605231578944	50.30694161403508	0.0	0.0	2	1.0499999977382368	9.104886040351476	230.0	27	1.05	0.95				
	219	1	133.9052416491228	27.372894701754387	0.0	0.0	2	1.0436901917204866	4.614703344659923	230.0	25	1.05	0.95				
	220	1	94.69541950877192	19.235007087719296	0.0	0.0	2	1.046310090319762	5.536985650790693	230.0	25	1.05	0.95				
	221	2	0.0	0.0	0.0	0.0	2	1.05	9.506078438648295	230.0	27	1.05	0.95				
	222	2	0.0	0.0	0.0	0.0	2	1.05	15.556347203068398	230.0	27	1.05	0.95				
	223	2	0.0	0.0	0.0	0.0	2	1.05	6.5802525947820545	230.0	25	1.05	0.95				
	224	1	0.0	0.0	0.0	0.0	2	1.0227299208401668	0.6895030600799757	230.0	26	1.05	0.95				
	301	2	70.63903826526315	14.389433720701753	0.0	0.0	3	1.0148728171848622	-17.401240527582043	138.0	31	1.05	0.95				
	302	2	63.44432140491227	13.081303382456142	0.0	0.0	3	1.0133518226996907	-17.782067318033153	138.0	32	1.05	0.95				
	303	1	117.73173044210526	24.20041125754386	0.0	0.0	3	1.0315896567517142	-9.220406507714076	138.0	31	1.05	0.95				
	304	1	48.40082251508772	9.810977536842104	0.0	0.0	3	1.0091982931464702	-16.527372435398068	138.0	31	1.05	0.95				
	305	1	46.4386270077193	9.156912367719299	0.0	0.0	3	1.0238505984494615	-17.45580408799223	138.0	31	1.05	0.95				
	306	1	88.95286300070175	18.313824735438597	0.0	-100.0	3	1.0351092383799867	-18.221068067824742	138.0	32	1.05	0.95				
	307	2	81.75814614035087	16.351629228070173	0.0	0.0	3	1.0048410503904222	-20.27943537059846	138.0	32	1.05	0.95				
	308	1	111.84514392	22.892280919298244	0.0	0.0	3	1.0007525713688838	-19.73525025137643	138.0	32	1.05	0.95				
	309	1	114.4614045964912	23.54634608842105	0.0	0.0	3	1.0279363314159649	-12.831181233705326	138.0	33	1.05	0.95				
	310	1	127.54270797894736	26.162606764912283	0.0	0.0	3	1.05	-15.415258411462231	138.0	33	1.05	0.95				
	311	1	0.0	0.0	0.0	0.0	3	1.018999916676265	-8.51789259034622	230.0	33	1.05	0.95				
	312	1	0.0	0.0	0.0	0.0	3	1.0181938078248387	-7.67442900109887	230.0	33	1.05	0.95				
	313	2	173.32726981754385	35.31951913263158	0.0	0.0	3	1.027119301638246	-4.465109119708781	230.0	34	1.05	0.95				
	314	2	126.88864280982455	25.508541595789474	0.0	0.0	3	1.0285488750123726	-6.506682791141951	230.0	36	1.05	0.95				
	315	2	207.33865861192982	41.86017082385965	0.0	0.0	3	1.0474811040217313	0.47442923096295336	230.0	36	1.05	0.95				
	316	2	65.4065169122807	13.081303382456142	0.0	0.0	3	1.0462962470870714	0.30022016026797765	230.0	36	1.05	0.95				
	317	1	0.0	0.0	0.0	0.0	3	1.0480408888854964	2.494091477449572	230.0	37	1.05	0.95				
	318	2	217.80370131789476	44.47643150035088	0.0	0.0	3	1.0479499494294708	2.6901407944223052	230.0	37	1.05	0.95				
	319	1	118.38579561122806	24.20041125754386	0.0	0.0	3	1.0417414272746202	-0.6289619182456555	230.0	35	1.05	0.95				
	320	1	83.7203416477193	17.005694397192983	0.0	0.0	3	1.0432574772716998	-0.2080952427983697	230.0	35	1.05	0.95				
	321	2	0.0	0.0	0.0	0.0	3	1.05	3.8680570302605606	230.0	37	1.05	0.95				
	322	2	0.0	0.0	0.0	0.0	3	1.05	9.104187747527716	230.0	37	1.05	0.95				
	323	2	0.0	0.0	0.0	0.0	3	1.045752133678305	0.5036199130232513	230.0	35	1.05	0.95				
	324	1	0.0	0.0	0.0	0.0	3	1.029324555987651	-3.1363936718551972	230.0	36	1.05	0.95				
	325	1	0.0	0.0	0.0	0.0	3	1.0432817764391262	1.4751205717916758	230.0	35	1.05	0.95				
];
