%% MATPOWER Case Format : Version 2
function mpc = RTS_GMLC
mpc.version = '2';

%%-----  Power Flow Data  -----%%
%% system MVA base
mpc.baseMVA = 100.0;
%% bus data
%    bus_i    type    Pd    Qd    Gs    Bs    area    Vm    Va    baseKV    zone    Vmax    Vmin
mpc.bus = [
	101	2	38.99703118736842	7.943839686315789	0.0	0.0	1	1.0112125176466693	0.8379824653722274	138.0	11	1.05	0.95				
	102	2	35.02511134421052	7.221672442105263	0.0	0.0	1	1.008870373793725	0.1477746789072564	138.0	12	1.05	0.95				
	103	1	64.99505197894736	13.360094017894736	0.0	0.0	1	1.0251356111415022	3.2029138151714163	138.0	11	1.05	0.95				
	104	1	26.720188035789473	5.416254331578947	0.0	0.0	1	1.0117683183893507	-1.6282890638357344	138.0	11	1.05	0.95				
	105	1	25.63693716947368	5.055170709473685	0.0	0.0	1	1.0257764345437008	-1.664246039036211	138.0	11	1.05	0.95				
	106	1	49.10737260631579	10.11034141894737	0.0	-100.0	1	1.0419577764498573	-3.580488539225834	138.0	12	1.05	0.95				
	107	2	45.13545276315789	9.027090552631577	0.0	0.0	1	0.9836055677631058	-11.362196140824336	138.0	12	1.05	0.95				
	108	1	61.74529938	12.637926773684208	0.0	0.0	1	0.9947188512931999	-8.591926022612007	138.0	12	1.05	0.95				
	109	1	63.18963386842105	12.999010395789472	0.0	0.0	1	1.0239803859886778	-1.5575711364249154	138.0	13	1.05	0.95				
	110	1	70.41130631052631	14.443344884210527	0.0	0.0	1	1.05	-2.9935076129871576	138.0	13	1.05	0.95				
	111	1	0.0	0.0	0.0	0.0	1	1.0138274727439678	0.9212192210470891	230.0	13	1.05	0.95				
	112	1	0.0	0.0	0.0	0.0	1	1.0118997181898404	-0.47178405026311243	230.0	13	1.05	0.95				
	113	3	95.68715985789473	19.49851559368421	0.0	0.0	1	0.9940704043463462	-8.823189391815429e-31	230.0	14	1.05	0.95				
	114	2	70.05022268842104	14.082261262105261	0.0	0.0	1	1.0361819968190722	4.871339189392068	230.0	16	1.05	0.95				
	115	2	114.46350820736842	23.10935181473684	0.0	0.0	1	1.037399413435561	14.849406666117794	230.0	16	1.05	0.95				
	116	2	36.10836221052631	7.221672442105263	0.0	0.0	1	1.0363110652633354	12.777321070855697	230.0	16	1.05	0.95				
	117	1	0.0	0.0	0.0	0.0	1	1.0362518369371725	19.131247158163482	230.0	17	1.05	0.95				
	118	2	120.24084616105262	24.553686303157896	0.0	0.0	1	1.0456497585274112	19.86448638829622	230.0	17	1.05	0.95				
	119	1	65.35613560105263	13.360094017894736	0.0	0.0	1	1.0316034261165228	7.969654830830221	230.0	15	1.05	0.95				
	120	1	46.21870362947368	9.388174174736843	0.0	0.0	1	1.0349509992036265	4.487880846545202	230.0	15	1.05	0.95				
	121	2	0.0	0.0	0.0	0.0	1	1.0396817547742112	21.482796323047644	230.0	17	1.05	0.95				
	122	2	0.0	0.0	0.0	0.0	1	1.05	39.47310838454118	230.0	17	1.05	0.95				
	123	2	0.0	0.0	0.0	0.0	1	1.0380780549670638	2.8560326126388955	230.0	15	1.05	0.95				
	124	1	0.0	0.0	0.0	0.0	1	1.0182841503219486	10.492825988955014	230.0	16	1.05	0.95				
	201	2	46.01857392000001	9.374153946666668	0.0	0.0	2	1.007027108563384	-20.416505537181887	138.0	21	1.05	0.95				
	202	2	41.33149694666667	8.521958133333335	0.0	0.0	2	1.0062589136194462	-20.74938200518188	138.0	22	1.05	0.95				
	203	1	76.69762320000001	15.765622546666666	0.0	0.0	2	1.0091923101522153	-14.825931008594637	138.0	21	1.05	0.95				
	204	1	31.531245093333332	6.3914686	0.0	0.0	2	1.0079786981857546	-20.381647978287837	138.0	21	1.05	0.95				
	205	1	30.25295137333333	5.965370693333334	0.0	0.0	2	1.0232480102046806	-20.966036077486248	138.0	21	1.05	0.95				
	206	1	57.94931530666667	11.930741386666668	0.0	-100.0	2	1.0400791527394508	-21.805548955494604	138.0	22	1.05	0.95				
	207	2	53.262238333333336	10.652447666666667	0.0	0.0	2	0.9898616653011676	-26.866353355367945	138.0	22	1.05	0.95				
	208	1	72.86274204	14.913426733333331	0.0	0.0	2	0.9968598145023652	-24.946743844873602	138.0	22	1.05	0.95				
	209	1	74.56713366666668	15.339524639999999	0.0	0.0	2	1.021862012529859	-18.309227666837106	138.0	23	1.05	0.95				
	210	1	83.0890918	17.04391626666667	0.0	0.0	2	1.05	-20.13743195182047	138.0	23	1.05	0.95				
	211	1	0.0	0.0	0.0	0.0	2	1.009640239069802	-15.243457271468868	230.0	23	1.05	0.95				
	212	1	0.0	0.0	0.0	0.0	2	1.0144967672923317	-14.853852770214093	230.0	23	1.05	0.95				
	213	2	112.91594526666667	23.009286960000004	0.0	0.0	2	1.0098657345819777	-14.22856705653064	230.0	24	1.05	0.95				
	214	2	82.66299389333334	16.61781836	0.0	0.0	2	1.012890801815331	-12.088167633019594	230.0	26	1.05	0.95				
	215	2	135.07303641333334	27.27026602666667	0.0	0.0	2	1.0273007280029862	-4.270328282833043	230.0	26	1.05	0.95				
	216	2	42.60979066666667	8.521958133333335	0.0	0.0	2	1.0316421222404903	-5.07934248788377	230.0	26	1.05	0.95				
	217	1	0.0	0.0	0.0	0.0	2	1.0349921893331129	-2.6445144606771978	230.0	27	1.05	0.95				
	218	2	141.89060292000002	28.974657653333335	0.0	0.0	2	1.0335649599562358	-3.222598714592242	230.0	27	1.05	0.95				
	219	1	77.12372110666668	15.765622546666666	0.0	0.0	2	1.036855276635491	-6.229390688618533	230.0	25	1.05	0.95				
	220	1	54.54053205333334	11.078545573333335	0.0	0.0	2	1.044338336705675	-6.404534430132885	230.0	25	1.05	0.95				
	221	2	0.0	0.0	0.0	0.0	2	1.0341953413639184	-2.7680120032963917	230.0	27	1.05	0.95				
	222	2	0.0	0.0	0.0	0.0	2	1.05	3.777706364194528	230.0	27	1.05	0.95				
	223	2	0.0	0.0	0.0	0.0	2	1.04891891093311	-6.1862596916037695	230.0	25	1.05	0.95				
	224	1	0.0	0.0	0.0	0.0	2	1.0075245698902557	-8.193900626019085	230.0	26	1.05	0.95				
	301	2	51.43751977263158	10.478013287017543	0.0	0.0	3	1.0344007336737853	8.36563269098374	138.0	31	1.05	0.95				
	302	2	46.1985131291228	9.525466624561403	0.0	0.0	3	1.0305157338741893	8.030140259689764	138.0	32	1.05	0.95				
	303	1	85.72919962105263	17.622113255438595	0.0	0.0	3	1.05	24.125474433134595	138.0	31	1.05	0.95				
	304	1	35.24422651087719	7.1440999684210515	0.0	0.0	3	1.0144211859515935	9.606369119797474	138.0	31	1.05	0.95				
	305	1	33.81540651719298	6.667826637192982	0.0	0.0	3	1.034374229182163	7.006018697209005	138.0	31	1.05	0.95				
	306	1	64.77317304701754	13.335653274385963	0.0	-100.0	3	1.0410266292981167	5.677931371365141	138.0	32	1.05	0.95				
	307	2	59.53416640350877	11.906833280701754	0.0	0.0	3	0.95	2.1706702818223382	138.0	32	1.05	0.95				
	308	1	81.44273964	16.669566592982456	0.0	0.0	3	0.9694234438519234	3.9861201779754456	138.0	32	1.05	0.95				
	309	1	83.34783296491227	17.145839924210524	0.0	0.0	3	1.01666324046818	12.893158445769004	138.0	33	1.05	0.95				
	310	1	92.87329958947367	19.050933249122807	0.0	0.0	3	1.045643452433836	7.138555490283357	138.0	33	1.05	0.95				
	311	1	0.0	0.0	0.0	0.0	3	1.0033826664864216	11.144475498447454	230.0	33	1.05	0.95				
	312	1	0.0	0.0	0.0	0.0	3	1.0084733009414164	11.927462505581401	230.0	33	1.05	0.95				
	313	2	126.21243277543859	25.71875988631579	0.0	0.0	3	1.0049036236686262	13.59670499696728	230.0	34	1.05	0.95				
	314	2	92.3970262582456	18.57465991789474	0.0	0.0	3	0.9974746385054388	10.237037240916665	230.0	36	1.05	0.95				
	315	2	150.9786459992982	30.48149319859649	0.0	0.0	3	1.0466838399697571	12.096435376981972	230.0	36	1.05	0.95				
	316	2	47.627333122807016	9.525466624561403	0.0	0.0	3	1.0307421907040135	11.856571324181202	230.0	36	1.05	0.95				
	317	1	0.0	0.0	0.0	0.0	3	1.0493152658827178	14.342238799481937	230.0	37	1.05	0.95				
	318	2	158.59901929894735	32.38658652350877	0.0	0.0	3	1.05	11.598316212761071	230.0	37	1.05	0.95				
	319	1	86.20547295228069	17.622113255438595	0.0	0.0	3	1.0208874230184568	11.649571889838898	230.0	35	1.05	0.95				
	320	1	60.96298639719298	12.383106611929824	0.0	0.0	3	1.0158046711560642	12.408204268890819	230.0	35	1.05	0.95				
	321	2	0.0	0.0	0.0	0.0	3	1.05	12.39458887767283	230.0	37	1.05	0.95				
	322	2	0.0	0.0	0.0	0.0	3	1.05	17.506015710285958	230.0	37	1.05	0.95				
	323	2	0.0	0.0	0.0	0.0	3	1.0140353575415864	13.204390822781352	230.0	35	1.05	0.95				
	324	1	0.0	0.0	0.0	0.0	3	1.0440906421418168	16.694158234839648	230.0	36	1.05	0.95				
	325	1	0.0	0.0	0.0	0.0	3	1.014785188632287	13.92099416105183	230.0	35	1.05	0.95				
];
