%% MATPOWER Case Format : Version 2
function mpc = RTS_GMLC
mpc.version = '2';

%%-----  Power Flow Data  -----%%
%% system MVA base
mpc.baseMVA = 100.0;
%% bus data
%    bus_i    type    Pd    Qd    Gs    Bs    area    Vm    Va    baseKV    zone    Vmax    Vmin
mpc.bus = [
	101	2	43.55269669894737	8.871845623859649	0.0	0.0	1	1.0345624271380167	1.0406986347558045	138.0	11	1.05	0.95				
	102	2	39.116773887017544	8.065314203508771	0.0	0.0	1	1.0336527631745538	0.7887145895204217	138.0	12	1.05	0.95				
	103	1	72.58782783157895	14.920831276491228	0.0	0.0	1	1.0287380166284577	-0.6314028930993086	138.0	11	1.05	0.95				
	104	1	29.841662552982456	6.048985652631579	0.0	0.0	1	1.0220434087420316	-2.1242426953158096	138.0	11	1.05	0.95				
	105	1	28.631865422456137	5.645719942456141	0.0	0.0	1	1.0368656582226725	-1.9001536541473738	138.0	11	1.05	0.95				
	106	1	54.84413658385966	11.291439884912283	0.0	-100.0	1	1.046409566205499	-4.002273355168743	138.0	12	1.05	0.95				
	107	2	50.40821377192982	10.081642754385966	0.0	0.0	1	1.0011931586917144	-9.069971929328595	138.0	12	1.05	0.95				
	108	1	68.95843644	14.11429985614035	0.0	0.0	1	1.0056684301491479	-7.857490025141006	138.0	12	1.05	0.95				
	109	1	70.57149928070176	14.51756556631579	0.0	0.0	1	1.0244710646314994	-2.8732334524299628	138.0	13	1.05	0.95				
	110	1	78.63681348421052	16.130628407017543	0.0	0.0	1	1.05	-3.613073119214674	138.0	13	1.05	0.95				
	111	1	0.0	0.0	0.0	0.0	1	1.0022202839900798	-0.9339005590566736	230.0	13	1.05	0.95				
	112	1	0.0	0.0	0.0	0.0	1	1.0067286287164512	-0.9859433642837463	230.0	13	1.05	0.95				
	113	3	106.86541319649123	21.776348349473686	0.0	0.0	1	0.9939929374605116	3.6972785834750896e-26	230.0	14	1.05	0.95				
	114	2	78.23354777403509	15.727362696842107	0.0	0.0	1	0.9984540471498736	0.7041980142422322	230.0	16	1.05	0.95				
	115	2	127.83523012561405	25.809005451228074	0.0	0.0	1	1.0354032235231747	6.166852022950813	230.0	16	1.05	0.95				
	116	2	40.32657101754386	8.065314203508771	0.0	0.0	1	1.0304973102122719	5.354383875129018	230.0	16	1.05	0.95				
	117	1	0.0	0.0	0.0	0.0	1	1.038409285495418	8.747279256106973	230.0	17	1.05	0.95				
	118	2	134.28748148842107	27.42206829192983	0.0	0.0	1	1.0433916838634685	9.016512158826146	230.0	17	1.05	0.95				
	119	1	72.9910935417544	14.920831276491228	0.0	0.0	1	1.0206663502673117	3.4943594878809705	230.0	15	1.05	0.95				
	120	1	51.61801090245615	10.484908464561403	0.0	0.0	1	1.0153773042922702	2.6537546302428554	230.0	15	1.05	0.95				
	121	2	0.0	0.0	0.0	0.0	1	1.0468526977013446	10.206355703104762	230.0	17	1.05	0.95				
	122	2	0.0	0.0	0.0	0.0	1	1.05	20.35428736433247	230.0	17	1.05	0.95				
	123	2	0.0	0.0	0.0	0.0	1	1.0128935002196366	2.507713234530624	230.0	15	1.05	0.95				
	124	1	0.0	0.0	0.0	0.0	1	1.0239442488867114	3.6161291795738535	230.0	16	1.05	0.95				
	201	2	37.39965370863158	7.618447977684211	0.0	0.0	2	1.0135510540543569	-10.50832790626647	138.0	21	1.05	0.95				
	202	2	33.59042971978947	6.925861797894737	0.0	0.0	2	1.0126492084972605	-10.763168102573008	138.0	22	1.05	0.95				
	203	1	62.33275618105263	12.812844326105264	0.0	0.0	2	1.016436904042217	-7.739252700806306	138.0	21	1.05	0.95				
	204	1	25.625688652210528	5.194396348421052	0.0	0.0	2	1.013278662575641	-10.512580061003364	138.0	21	1.05	0.95				
	205	1	24.586809382526315	4.848103258526317	0.0	0.0	2	1.0277049927246025	-10.82996227629457	138.0	21	1.05	0.95				
	206	1	47.09586022568421	9.696206517052634	0.0	-100.0	2	1.0439506343832627	-11.469198417241367	138.0	22	1.05	0.95				
	207	2	43.2866362368421	8.657327247368421	0.0	0.0	2	0.9962582708651407	-15.534104454798147	138.0	22	1.05	0.95				
	208	1	59.21611837199999	12.12025814631579	0.0	0.0	2	1.0040531371730002	-14.028925160068198	138.0	22	1.05	0.95				
	209	1	60.60129073157895	12.466551236210526	0.0	0.0	2	1.023116363666824	-8.866354279668181	138.0	23	1.05	0.95				
	210	1	67.52715252947368	13.851723595789474	0.0	0.0	2	1.05	-10.033546886390788	138.0	23	1.05	0.95				
	211	1	0.0	0.0	0.0	0.0	2	1.0023797423416554	-6.137756967542517	230.0	23	1.05	0.95				
	212	1	0.0	0.0	0.0	0.0	2	1.006021896289335	-5.285123259141123	230.0	23	1.05	0.95				
	213	2	91.76766882210526	18.69982685431579	0.0	0.0	2	0.9967092790216798	-4.671762273428137	230.0	24	1.05	0.95				
	214	2	67.18085943957894	13.505430505894736	0.0	0.0	2	1.0003320542299028	-3.957597063103493	230.0	26	1.05	0.95				
	215	2	109.77490949663158	22.162757753263158	0.0	0.0	2	1.0187860236746982	1.1544378864349951	230.0	26	1.05	0.95				
	216	2	34.629308989473685	6.925861797894737	0.0	0.0	2	1.0196643598895274	1.196270881155392	230.0	26	1.05	0.95				
	217	1	0.0	0.0	0.0	0.0	2	1.0242725072562442	2.3126035715451563	230.0	27	1.05	0.95				
	218	2	115.31559893494736	23.547930112842106	0.0	0.0	2	1.023713834849994	1.9937929782587418	230.0	27	1.05	0.95				
	219	1	62.679049270947374	12.812844326105264	0.0	0.0	2	1.0211743325323455	1.507513019485078	230.0	25	1.05	0.95				
	220	1	44.325515506526315	9.00362033726316	0.0	0.0	2	1.0244641689583096	2.4615069300396497	230.0	25	1.05	0.95				
	221	2	0.0	0.0	0.0	0.0	2	1.0256397763545568	2.5130187258928345	230.0	27	1.05	0.95				
	222	2	0.0	0.0	0.0	0.0	2	1.0474329478467441	8.956858600448284	230.0	27	1.05	0.95				
	223	2	0.0	0.0	0.0	0.0	2	1.0267185082446328	3.252224055829452	230.0	25	1.05	0.95				
	224	1	0.0	0.0	0.0	0.0	2	1.0069393709386945	-2.2024871444894516	230.0	26	1.05	0.95				
	301	2	44.33090794105263	9.03037013614035	0.0	0.0	3	1.0087254381344781	-12.619743645608388	138.0	31	1.05	0.95				
	302	2	39.815722872982455	8.209427396491229	0.0	0.0	3	1.0086408008342715	-12.70096113820331	138.0	32	1.05	0.95				
	303	1	73.88484656842105	15.187440683508772	0.0	0.0	3	1.0250845417622805	-7.450484629093087	138.0	31	1.05	0.95				
	304	1	30.374881367017544	6.157070547368421	0.0	0.0	3	1.0124205589040867	-10.89889088421682	138.0	31	1.05	0.95				
	305	1	29.143467257543858	5.74659917754386	0.0	0.0	3	1.0241595631854978	-12.262487113719905	138.0	31	1.05	0.95				
	306	1	55.82410629614035	11.49319835508772	0.0	-100.0	3	1.0411431671926303	-12.548931052789086	138.0	32	1.05	0.95				
	307	2	51.30892122807017	10.261784245614034	0.0	0.0	3	0.9921664203375543	-16.442827793958596	138.0	32	1.05	0.95				
	308	1	70.19060424	14.366497943859649	0.0	0.0	3	1.0002536010356817	-14.625181589739174	138.0	32	1.05	0.95				
	309	1	71.83248971929824	14.77696931368421	0.0	0.0	3	1.0286262905586132	-7.7568065744970065	138.0	33	1.05	0.95				
	310	1	80.04191711578947	16.418854792982458	0.0	0.0	3	1.05	-10.582559841340094	138.0	33	1.05	0.95				
	311	1	0.0	0.0	0.0	0.0	3	1.0063217399882118	-5.362088337322241	230.0	33	1.05	0.95				
	312	1	0.0	0.0	0.0	0.0	3	1.0111958597383701	-4.9376194958810595	230.0	33	1.05	0.95				
	313	2	108.77491300350877	22.165453970526315	0.0	0.0	3	1.0087080469837029	-2.242589624954857	230.0	34	1.05	0.95				
	314	2	79.63144574596491	16.008383423157895	0.0	0.0	3	1.0008540190884938	-4.143574578147473	230.0	36	1.05	0.95				
	315	2	130.11942423438597	26.270167668771933	0.0	0.0	3	1.0308226650420578	-0.16043429992354435	230.0	36	1.05	0.95				
	316	2	41.04713698245614	8.209427396491229	0.0	0.0	3	1.0291455239474294	-0.015033398660310927	230.0	36	1.05	0.95				
	317	1	0.0	0.0	0.0	0.0	3	1.0412371317701596	4.719827482114447	230.0	37	1.05	0.95				
	318	2	136.68696615157893	27.912053148070175	0.0	0.0	3	1.0384685781699103	3.1544442020943526	230.0	37	1.05	0.95				
	319	1	74.29531793824562	15.187440683508772	0.0	0.0	3	1.0228462448374829	-0.8331579870019121	230.0	35	1.05	0.95				
	320	1	52.540335337543866	10.672255615438598	0.0	0.0	3	1.0201196055549153	-0.7414373480361965	230.0	35	1.05	0.95				
	321	2	0.0	0.0	0.0	0.0	3	1.0381848616166784	2.6466295679088385	230.0	37	1.05	0.95				
	322	2	0.0	0.0	0.0	0.0	3	1.05	7.777102004172133	230.0	37	1.05	0.95				
	323	2	0.0	0.0	0.0	0.0	3	1.0191259914917516	-0.3690010070477023	230.0	35	1.05	0.95				
	324	1	0.0	0.0	0.0	0.0	3	1.019270113371077	-2.8997799628664964	230.0	36	1.05	0.95				
	325	1	0.0	0.0	0.0	0.0	3	1.0191181680016759	0.5421200024052457	230.0	35	1.05	0.95				
];
