%% MATPOWER Case Format : Version 2
function mpc = RTS_GMLC
mpc.version = '2';

%%-----  Power Flow Data  -----%%
%% system MVA base
mpc.baseMVA = 100.0;
%% bus data
%    bus_i    type    Pd    Qd    Gs    Bs    area    Vm    Va    baseKV    zone    Vmax    Vmin
mpc.bus = [
	101	2	41.308263246315796	8.414646216842106	0.0	0.0	1	1.0121656547991928	-4.0169421678367865	138.0	11	1.05	0.95				
	102	2	37.10094013789474	7.649678378947369	0.0	0.0	1	1.0121099105364306	-4.234176222548306	138.0	12	1.05	0.95				
	103	1	68.84710541052632	14.151905001052631	0.0	0.0	1	1.0019410287815518	0.9376800389006743	138.0	11	1.05	0.95				
	104	1	28.303810002105262	5.7372587842105265	0.0	0.0	1	1.002881192280973	-4.085262430207687	138.0	11	1.05	0.95				
	105	1	27.156358245263156	5.354774865263159	0.0	0.0	1	1.0171222797789357	-5.097338314902748	138.0	11	1.05	0.95				
	106	1	52.017812976842116	10.709549730526318	0.0	-100.0	1	1.0279234551848522	-6.174464276271459	138.0	12	1.05	0.95				
	107	2	47.81048986842106	9.56209797368421	0.0	0.0	1	0.9864031885226664	-9.954224164184092	138.0	12	1.05	0.95				
	108	1	65.40475014	13.386937163157894	0.0	0.0	1	0.9887555039482921	-8.674251403521824	138.0	12	1.05	0.95				
	109	1	66.93468581578948	13.769421082105262	0.0	0.0	1	1.0024136412858375	-3.0745496656442612	138.0	13	1.05	0.95				
	110	1	74.58436419473684	15.299356757894738	0.0	0.0	1	1.031071174852231	-4.927794402490319	138.0	13	1.05	0.95				
	111	1	0.0	0.0	0.0	0.0	1	0.9814063436380013	-0.49855084656933024	230.0	13	1.05	0.95				
	112	1	0.0	0.0	0.0	0.0	1	0.9828406040519208	-1.35145949433617	230.0	13	1.05	0.95				
	113	3	101.35823852105264	20.654131623157898	0.0	0.0	1	0.9631898431944604	-8.184193909022081e-27	230.0	14	1.05	0.95				
	114	2	74.20188027578948	14.91687283894737	0.0	0.0	1	0.9897724326308818	2.716990835061645	230.0	16	1.05	0.95				
	115	2	121.24740230631579	24.47897081263158	0.0	0.0	1	0.990339428330024	11.40107861253945	230.0	16	1.05	0.95				
	116	2	38.24839189473684	7.649678378947369	0.0	0.0	1	0.9888586675268404	9.904879380078318	230.0	16	1.05	0.95				
	117	1	0.0	0.0	0.0	0.0	1	0.9914639090672981	15.477943986282726	230.0	17	1.05	0.95				
	118	2	127.3671450094737	26.008906488421058	0.0	0.0	1	0.9995272691734206	15.966558631275023	230.0	17	1.05	0.95				
	119	1	69.22958932947368	14.151905001052631	0.0	0.0	1	0.9889067673856858	6.294366410259555	230.0	15	1.05	0.95				
	120	1	48.95794162526316	9.944581892631579	0.0	0.0	1	0.9936939778453734	3.5856803323581508	230.0	15	1.05	0.95				
	121	2	0.0	0.0	0.0	0.0	1	1.000455060890715	17.153779914720648	230.0	17	1.05	0.95				
	122	2	0.0	0.0	0.0	0.0	1	1.0065302210430032	34.36491900666406	230.0	17	1.05	0.95				
	123	2	0.0	0.0	0.0	0.0	1	0.9972883057419591	2.418528631470491	230.0	15	1.05	0.95				
	124	1	0.0	0.0	0.0	0.0	1	0.9822419709507197	7.39504150197525	230.0	16	1.05	0.95				
	201	2	43.077601136842105	8.775066898245614	0.0	0.0	2	1.0103519522229707	-11.55628075327391	138.0	21	1.05	0.95				
	202	2	38.69006768771929	7.9773335438596495	0.0	0.0	2	1.009295303607013	-11.731788915577543	138.0	22	1.05	0.95				
	203	1	71.79600189473683	14.758067056140348	0.0	0.0	2	0.9971722811861768	-8.754187868846977	138.0	21	1.05	0.95				
	204	1	29.516134112280696	5.983000157894736	0.0	0.0	2	1.0010392184397388	-10.786741551554952	138.0	21	1.05	0.95				
	205	1	28.319534080701747	5.584133480701754	0.0	0.0	2	1.017163257632947	-11.156726631916468	138.0	21	1.05	0.95				
	206	1	54.24586809824561	11.168266961403509	0.0	-100.0	2	1.029074207261248	-11.437495397858678	138.0	22	1.05	0.95				
	207	2	49.8583346491228	9.97166692982456	0.0	0.0	2	0.9714420878565302	-16.183042392791627	138.0	22	1.05	0.95				
	208	1	68.20620179999999	13.960333701754383	0.0	0.0	2	0.9803458115258269	-14.355938783403863	138.0	22	1.05	0.95				
	209	1	69.80166850877193	14.359200378947365	0.0	0.0	2	1.0062792939418619	-8.308080516357618	138.0	23	1.05	0.95				
	210	1	77.77900205263157	15.954667087719299	0.0	0.0	2	1.0338602966882093	-9.434603982657556	138.0	23	1.05	0.95				
	211	1	0.0	0.0	0.0	0.0	2	0.9869378007052888	-5.993350589079702	230.0	23	1.05	0.95				
	212	1	0.0	0.0	0.0	0.0	2	0.9892936945228042	-1.543630465582023	230.0	23	1.05	0.95				
	213	2	105.69966945614033	21.538800568421053	0.0	0.0	2	0.9831511580391528	-3.592363977148624	230.0	24	1.05	0.95				
	214	2	77.38013537543858	15.555800410526317	0.0	0.0	2	0.9826900361764799	-5.0723698519478955	230.0	26	1.05	0.95				
	215	2	126.44073667017541	25.527467340350874	0.0	0.0	2	0.9908984715553966	-0.857036752872996	230.0	26	1.05	0.95				
	216	2	39.88666771929824	7.9773335438596495	0.0	0.0	2	0.989280575355728	-1.1380306645069358	230.0	26	1.05	0.95				
	217	1	0.0	0.0	0.0	0.0	2	0.9995011652551927	-0.06884756279472717	230.0	27	1.05	0.95				
	218	2	132.82260350526315	27.122934049122804	0.0	0.0	2	1.0003497892150286	-0.6018362360614125	230.0	27	1.05	0.95				
	219	1	72.19486857192982	14.758067056140348	0.0	0.0	2	0.983598621838804	-0.4051340627862078	230.0	25	1.05	0.95				
	220	1	51.05493468070175	10.370533607017544	0.0	0.0	2	0.9817260650861015	1.0855344835823264	230.0	25	1.05	0.95				
	221	2	0.0	0.0	0.0	0.0	2	1.0026615607930207	-0.1005432731293368	230.0	27	1.05	0.95				
	222	2	0.0	0.0	0.0	0.0	2	1.0201690488072177	4.73503994996831	230.0	27	1.05	0.95				
	223	2	0.0	0.0	0.0	0.0	2	0.9817852944417413	2.2442893123417584	230.0	25	1.05	0.95				
	224	1	0.0	0.0	0.0	0.0	2	0.9836247800311827	-3.865800894549925	230.0	26	1.05	0.95				
	301	2	65.36032901052633	13.314141094736842	0.0	0.0	3	1.0029849612462285	20.5650113588558	138.0	31	1.05	0.95				
	302	2	58.703258463157894	12.103764631578949	0.0	0.0	3	1.0035206351879802	20.20981771475716	138.0	32	1.05	0.95				
	303	1	108.93388168421055	22.391964568421056	0.0	0.0	3	1.0164661548077714	35.34629167960413	138.0	31	1.05	0.95				
	304	1	44.78392913684211	9.077823473684212	0.0	0.0	3	0.9928809177022107	22.18760805144962	138.0	31	1.05	0.95				
	305	1	42.96836444210526	8.472635242105264	0.0	0.0	3	1.010124502480043	20.15917206087674	138.0	31	1.05	0.95				
	306	1	82.30559949473685	16.94527048421053	0.0	-100.0	3	1.020842551506542	19.23660189322352	138.0	32	1.05	0.95				
	307	2	75.64852894736842	15.129705789473686	0.0	0.0	3	0.9647794818946472	15.232391423126437	138.0	32	1.05	0.95				
	308	1	103.4871876	21.181588105263156	0.0	0.0	3	0.9741230040042217	18.11529644305707	138.0	32	1.05	0.95				
	309	1	105.9079405263158	21.786776336842106	0.0	0.0	3	1.0058365510293992	26.385557241787495	138.0	33	1.05	0.95				
	310	1	118.01170515789474	24.207529263157898	0.0	0.0	3	1.033003063122907	21.74971609435598	138.0	33	1.05	0.95				
	311	1	0.0	0.0	0.0	0.0	3	0.995560873138141	27.009570484236118	230.0	33	1.05	0.95				
	312	1	0.0	0.0	0.0	0.0	3	1.001959783197127	27.363509637348365	230.0	33	1.05	0.95				
	313	2	160.37488136842106	32.680164505263164	0.0	0.0	3	1.0060393218170116	30.518829888683303	230.0	34	1.05	0.95				
	314	2	117.40651692631579	23.60234103157895	0.0	0.0	3	0.9899763420195924	26.92910141266402	230.0	36	1.05	0.95				
	315	2	191.8446694105263	38.732046821052634	0.0	0.0	3	0.9879639027943322	26.157782821679838	230.0	36	1.05	0.95				
	316	2	60.518823157894744	12.103764631578949	0.0	0.0	3	0.9801721878074785	26.61364212783316	230.0	36	1.05	0.95				
	317	1	0.0	0.0	0.0	0.0	3	0.9942846294411464	29.045885025562086	230.0	37	1.05	0.95				
	318	2	201.5276811157895	41.15279974736843	0.0	0.0	3	0.9882555173869595	25.229707794802998	230.0	37	1.05	0.95				
	319	1	109.53906991578948	22.391964568421056	0.0	0.0	3	0.9899393602965583	26.361444982627088	230.0	35	1.05	0.95				
	320	1	77.46409364210527	15.734894021052634	0.0	0.0	3	1.000766800033885	26.088749412087637	230.0	35	1.05	0.95				
	321	2	0.0	0.0	0.0	0.0	3	0.996011519138701	26.011134351687705	230.0	37	1.05	0.95				
	322	2	0.0	0.0	0.0	0.0	3	1.0128111072803911	29.93721369711022	230.0	37	1.05	0.95				
	323	2	0.0	0.0	0.0	0.0	3	1.0068779378898682	25.873977525958484	230.0	35	1.05	0.95				
	324	1	0.0	0.0	0.0	0.0	3	0.9978479805311015	30.99565423157013	230.0	36	1.05	0.95				
