%% MATPOWER Case Format : Version 2
function mpc = RTS_GMLC
mpc.version = '2';

%%-----  Power Flow Data  -----%%
%% system MVA base
mpc.baseMVA = 100.0;
%% bus data
%    bus_i    type    Pd    Qd    Gs    Bs    area    Vm    Va    baseKV    zone    Vmax    Vmin
mpc.bus = [
	101	2	56.19099455999999	11.446313706666665	0.0	0.0	1	1.0340004635265554	0.9602570157149383	138.0	11	1.05	0.95				
	102	2	50.467837706666664	10.405739733333332	0.0	0.0	1	1.0335617929030507	0.8214270578494368	138.0	12	1.05	0.95				
	103	1	93.6516576	19.250618506666665	0.0	0.0	1	1.0250520323468157	-0.8476528464788224	138.0	11	1.05	0.95				
	104	1	38.50123701333333	7.804304799999999	0.0	0.0	1	1.0201549142831077	-2.192372251972741	138.0	11	1.05	0.95				
	105	1	36.94037605333333	7.2840178133333335	0.0	0.0	1	1.0350390095702695	-2.021251509477709	138.0	11	1.05	0.95				
	106	1	70.75903018666666	14.568035626666667	0.0	-100.0	1	1.0430548388356295	-4.208497276943943	138.0	12	1.05	0.95				
	107	2	65.03587333333333	13.007174666666666	0.0	0.0	1	1.020250711851585	-4.066751425890844	138.0	12	1.05	0.95				
	108	1	88.96907471999998	18.21004453333333	0.0	0.0	1	1.0147259509712951	-5.253281945231241	138.0	12	1.05	0.95				
	109	1	91.05022266666666	18.73033152	0.0	0.0	1	1.0252341491452919	-2.5534415213231605	138.0	13	1.05	0.95				
	110	1	101.45596239999999	20.811479466666665	0.0	0.0	1	1.05	-3.405912618679457	138.0	13	1.05	0.95				
	111	1	0.0	0.0	0.0	0.0	1	1.0057007330183847	-0.7339252373774078	230.0	13	1.05	0.95				
	112	1	0.0	0.0	0.0	0.0	1	1.0102455235022085	-0.01734435426694777	230.0	13	1.05	0.95				
	113	3	137.87605146666664	28.095497279999996	0.0	0.0	1	1.0000842734970248	-7.854081000569766e-30	230.0	14	1.05	0.95				
	114	2	100.93567541333333	20.29119248	0.0	0.0	1	1.0025969722296206	0.9868985361406877	230.0	16	1.05	0.95				
	115	2	164.9309747733333	33.29836714666666	0.0	0.0	1	1.0365945960741112	6.770026534329696	230.0	16	1.05	0.95				
	116	2	52.02869866666666	10.405739733333332	0.0	0.0	1	1.0331500150445119	6.504167808914905	230.0	16	1.05	0.95				
	117	1	0.0	0.0	0.0	0.0	1	1.0399058535424137	8.227440741768126	230.0	17	1.05	0.95				
	118	2	173.25556655999998	35.37951509333333	0.0	0.0	1	1.0416256063723879	8.19673808494396	230.0	17	1.05	0.95				
	119	1	94.17194458666665	19.250618506666665	0.0	0.0	1	1.0278344489109323	5.837533952217587	230.0	15	1.05	0.95				
	120	1	66.59673429333333	13.527461653333333	0.0	0.0	1	1.0271872020999888	6.264960258323593	230.0	15	1.05	0.95				
	121	2	0.0	0.0	0.0	0.0	1	1.0454015221463913	9.359442644532015	230.0	17	1.05	0.95				
	122	2	0.0	0.0	0.0	0.0	1	1.05	15.421896418104083	230.0	17	1.05	0.95				
	123	2	0.0	0.0	0.0	0.0	1	1.0279199968440118	6.8981651247535725	230.0	15	1.05	0.95				
	124	1	0.0	0.0	0.0	0.0	1	1.02247653830128	3.9253323870885266	230.0	16	1.05	0.95				
	201	2	53.43050527578947	10.883991815438597	0.0	0.0	2	1.0317386338866505	-5.373924428007367	138.0	21	1.05	0.95				
	202	2	47.988509368070176	9.894538014035088	0.0	0.0	2	1.0320978755623778	-5.354484493100435	138.0	22	1.05	0.95				
	203	1	89.0508421263158	18.304895325964914	0.0	0.0	2	1.0233558467394488	-4.828611049351843	138.0	21	1.05	0.95				
	204	1	36.60979065192983	7.4209035105263155	0.0	0.0	2	1.0195340323869828	-7.5941591078671635	138.0	21	1.05	0.95				
	205	1	35.12560994982456	6.926176609824562	0.0	0.0	2	1.0345711412060299	-7.756957810375793	138.0	21	1.05	0.95				
	206	1	67.2828584954386	13.852353219649125	0.0	-100.0	2	1.0437544448508111	-9.55903161427211	138.0	22	1.05	0.95				
	207	2	61.8408625877193	12.36817251754386	0.0	0.0	2	0.9894327744362807	-17.01206539728857	138.0	22	1.05	0.95				
	208	1	84.59830002000001	17.315441524561404	0.0	0.0	2	0.994152761008584	-14.722340655241371	138.0	22	1.05	0.95				
	209	1	86.57720762280702	17.810168425263157	0.0	0.0	2	1.0238818887290815	-7.41491845027489	138.0	23	1.05	0.95				
	210	1	96.47174563684212	19.789076028070177	0.0	0.0	2	1.05	-8.60568061593504	138.0	23	1.05	0.95				
	211	1	0.0	0.0	0.0	0.0	2	1.0082797874449692	-4.61858548501704	230.0	23	1.05	0.95				
	212	1	0.0	0.0	0.0	0.0	2	1.0104361444224783	-3.8681002449540016	230.0	23	1.05	0.95				
	213	2	131.10262868596493	26.715252637894736	0.0	0.0	2	1.0036744254512655	-3.544063165134935	230.0	24	1.05	0.95				
	214	2	95.97701873614035	19.294349127368424	0.0	0.0	2	1.0111429368924174	-2.080014655260971	230.0	26	1.05	0.95				
	215	2	156.82842752245614	31.662521644912285	0.0	0.0	2	1.0310309761228567	4.375478626532861	230.0	26	1.05	0.95				
	216	2	49.47269007017544	9.894538014035088	0.0	0.0	2	1.032278017181189	4.49111676043698	230.0	26	1.05	0.95				
	217	1	0.0	0.0	0.0	0.0	2	1.0375659113988855	7.1165039838676725	230.0	27	1.05	0.95				
	218	2	164.74405793368422	33.6414292477193	0.0	0.0	2	1.0393640221974265	7.693030290755417	230.0	27	1.05	0.95				
	219	1	89.54556902701755	18.304895325964914	0.0	0.0	2	1.0311428054117104	3.9431649335662105	230.0	25	1.05	0.95				
	220	1	63.32504328982457	12.862899418245616	0.0	0.0	2	1.0337836494305193	4.42081050750474	230.0	25	1.05	0.95				
	221	2	0.0	0.0	0.0	0.0	2	1.039042778007139	7.340801765755304	230.0	27	1.05	0.95				
	222	2	0.0	0.0	0.0	0.0	2	1.05	13.753901203643544	230.0	27	1.05	0.95				
	223	2	0.0	0.0	0.0	0.0	2	1.0361948316083658	5.055020540004577	230.0	25	1.05	0.95				
	224	1	0.0	0.0	0.0	0.0	2	1.0167071730063892	0.9200846803562998	230.0	26	1.05	0.95				
	301	2	51.06168932210527	10.401455232280703	0.0	0.0	3	1.012246401919058	-14.281628368156529	138.0	31	1.05	0.95				
	302	2	45.86096170596491	9.455868392982458	0.0	0.0	3	1.0112423098008811	-14.512736887964751	138.0	32	1.05	0.95				
	303	1	85.10281553684212	17.493356527017546	0.0	0.0	3	1.0400139342665728	-4.732865556808612	138.0	31	1.05	0.95				
	304	1	34.98671305403509	7.091901294736842	0.0	0.0	3	1.011172742821358	-13.228242222427005	138.0	31	1.05	0.95				
	305	1	33.56833279508772	6.619107875087721	0.0	0.0	3	1.025185083438858	-14.383955643208747	138.0	31	1.05	0.95				
	306	1	64.29990507228072	13.238215750175442	0.0	-100.0	3	1.0399772452347817	-14.997600779591366	138.0	32	1.05	0.95				
	307	2	59.09917745614036	11.819835491228071	0.0	0.0	3	0.9925891439554161	-20.16647578067239	138.0	32	1.05	0.95				
	308	1	80.84767476	16.5477696877193	0.0	0.0	3	0.9973269018541518	-17.9964796515543	138.0	32	1.05	0.95				
	309	1	82.7388484385965	17.02056310736842	0.0	0.0	3	1.0260916517392478	-10.239549382939872	138.0	33	1.05	0.95				
	310	1	92.19471683157896	18.911736785964916	0.0	0.0	3	1.05	-12.966210484116424	138.0	33	1.05	0.95				
	311	1	0.0	0.0	0.0	0.0	3	1.0104588580592408	-7.244654676473819	230.0	33	1.05	0.95				
	312	1	0.0	0.0	0.0	0.0	3	1.01225524356845	-6.944238127302903	230.0	33	1.05	0.95				
	313	2	125.29025620701755	25.530844661052637	0.0	0.0	3	1.0112967707080045	-4.204376367421985	230.0	34	1.05	0.95				
	314	2	91.72192341192982	18.43894336631579	0.0	0.0	3	1.0134997642338042	-5.463539628990379	230.0	36	1.05	0.95				
	315	2	149.87551402877196	30.25877885754386	0.0	0.0	3	1.038568299321989	-0.1454340859900386	230.0	36	1.05	0.95				
	316	2	47.279341964912284	9.455868392982458	0.0	0.0	3	1.036136379517305	-0.11161139218710629	230.0	36	1.05	0.95				
	317	1	0.0	0.0	0.0	0.0	3	1.0407038429010222	1.5190729768282436	230.0	37	1.05	0.95				
	318	2	157.4402087431579	32.14995253614036	0.0	0.0	3	1.040767716290309	1.7342516745340975	230.0	37	1.05	0.95				
	319	1	85.57560895649125	17.493356527017546	0.0	0.0	3	1.0294143731825447	-1.4921176650127566	230.0	35	1.05	0.95				
	320	1	60.51755771508772	12.292628910877195	0.0	0.0	3	1.0272276584485407	-1.7845842160768748	230.0	35	1.05	0.95				
	321	2	0.0	0.0	0.0	0.0	3	1.0437144730741095	2.6031378948076944	230.0	37	1.05	0.95				
	322	2	0.0	0.0	0.0	0.0	3	1.05	6.502167086406299	230.0	37	1.05	0.95				
	323	2	0.0	0.0	0.0	0.0	3	1.0267471259611793	-1.582629955041957	230.0	35	1.05	0.95				
	324	1	0.0	0.0	0.0	0.0	3	1.0321036377982067	-1.8804113143013725	230.0	36	1.05	0.95				
	325	1	0.0	0.0	0.0	0.0	3	1.0258279384648377	-0.6533757858775167	230.0	35	1.05	0.95				
];
