%% MATPOWER Case Format : Version 2
function mpc = RTS_GMLC
mpc.version = '2';

%%-----  Power Flow Data  -----%%
%% system MVA base
mpc.baseMVA = 100.0;
%% bus data
%    bus_i    type    Pd    Qd    Gs    Bs    area    Vm    Va    baseKV    zone    Vmax    Vmin
mpc.bus = [
	101	2	75.49579417263158	15.378772887017544	0.0	0.0	1	1.0324569979274452	-1.0340730615524671	138.0	11	1.05	0.95				
	102	2	67.8064077291228	13.980702624561403	0.0	0.0	1	1.0324662551206556	-1.0860590188708532	138.0	12	1.05	0.95				
	103	1	125.82632362105264	25.864299855438595	0.0	0.0	1	1.0215006101372783	-1.8528175178503132	138.0	11	1.05	0.95				
	104	1	51.72859971087719	10.485526968421052	0.0	0.0	1	1.0169263948905665	-4.025325109647078	138.0	11	1.05	0.95				
	105	1	49.631494317192974	9.786491837192983	0.0	0.0	1	1.0318842773112997	-4.026335274402109	138.0	11	1.05	0.95				
	106	1	95.06877784701754	19.572983674385966	0.0	-100.0	1	1.037622514208071	-6.3388104521784285	138.0	12	1.05	0.95				
	107	2	87.37939140350876	17.475878280701753	0.0	0.0	1	1.0472370385082903	-2.0954766599790884	138.0	12	1.05	0.95				
	108	1	119.53500743999999	24.46622959298245	0.0	0.0	1	1.0253278443268734	-5.153137559244979	138.0	12	1.05	0.95				
	109	1	122.33114796491226	25.165264724210523	0.0	0.0	1	1.0265303486345458	-3.600278098583091	138.0	13	1.05	0.95				
	110	1	136.3118505894737	27.961405249122805	0.0	0.0	1	1.05	-4.852047515580705	138.0	13	1.05	0.95				
	111	1	0.0	0.0	0.0	0.0	1	1.0123650909569681	-1.10657336920693	230.0	13	1.05	0.95				
	112	1	0.0	0.0	0.0	0.0	1	1.015129829307688	-0.22261522702293587	230.0	13	1.05	0.95				
	113	3	185.24430977543858	37.74789708631579	0.0	0.0	1	1.0113336112078337	-1.324306356158521e-27	230.0	14	1.05	0.95				
	114	2	135.6128154582456	27.262370117894736	0.0	0.0	1	1.013952382850815	1.1064870158684497	230.0	16	1.05	0.95				
	115	2	221.59413659929825	44.73824839859649	0.0	0.0	1	1.0444418695243005	8.702844777647941	230.0	16	1.05	0.95				
	116	2	69.90351312280701	13.980702624561403	0.0	0.0	1	1.042476198158281	8.420000929689229	230.0	16	1.05	0.95				
	117	1	0.0	0.0	0.0	0.0	1	1.0468794093625033	11.20421866603116	230.0	17	1.05	0.95				
	118	2	232.77869869894738	47.53438892350877	0.0	0.0	1	1.049022603092624	11.735637349768547	230.0	17	1.05	0.95				
	119	1	126.52535875228071	25.864299855438595	0.0	0.0	1	1.0371513241182018	7.363477753595252	230.0	15	1.05	0.95				
	120	1	89.47649679719298	18.174913411929825	0.0	0.0	1	1.0386009163086667	7.767678669708228	230.0	15	1.05	0.95				
	121	2	0.0	0.0	0.0	0.0	1	1.05	12.241663077065384	230.0	17	1.05	0.95				
	122	2	0.0	0.0	0.0	0.0	1	1.05	18.52169010864939	230.0	17	1.05	0.95				
	123	2	0.0	0.0	0.0	0.0	1	1.0412886584921262	8.506989598311245	230.0	15	1.05	0.95				
	124	1	0.0	0.0	0.0	0.0	1	1.0226432734456197	4.79686209632011	230.0	16	1.05	0.95				
	201	2	77.84227925052632	15.856760588070177	0.0	0.0	2	1.0394054234216075	-8.664805921075756	138.0	21	1.05	0.95				
	202	2	69.91389895649122	14.415236898245615	0.0	0.0	2	1.0393920387560134	-8.80321426890005	138.0	22	1.05	0.95				
	203	1	129.73713208421051	26.668188261754384	0.0	0.0	2	1.0273562381001888	-6.040527870641881	138.0	21	1.05	0.95				
	204	1	53.33637652350877	10.811427673684209	0.0	0.0	2	1.0193741271484527	-10.691538989359255	138.0	21	1.05	0.95				
	205	1	51.17409098877192	10.09066582877193	0.0	0.0	2	1.0354650095479978	-11.031194922828092	138.0	21	1.05	0.95				
	206	1	98.02361090807018	20.18133165754386	0.0	-100.0	2	1.0390730179523722	-13.047871449471648	138.0	22	1.05	0.95				
	207	2	90.09523061403509	18.019046122807016	0.0	0.0	2	0.9660832998405584	-23.91148524440958	138.0	22	1.05	0.95				
	208	1	123.25027548	25.226664571929824	0.0	0.0	2	0.9697657127441358	-20.344872046466218	138.0	22	1.05	0.95				
	209	1	126.13332285964911	25.947426416842102	0.0	0.0	2	1.0256106701507048	-9.330735516156501	138.0	23	1.05	0.95				
	210	1	140.54855975789474	28.83047379649123	0.0	0.0	2	1.05	-11.175363172092679	138.0	23	1.05	0.95				
	211	1	0.0	0.0	0.0	0.0	2	1.0248025022973575	-4.7150423537057655	230.0	23	1.05	0.95				
	212	1	0.0	0.0	0.0	0.0	2	1.0200258555908766	-3.5118018796423454	230.0	23	1.05	0.95				
	213	2	191.00188890175437	38.92113962526316	0.0	0.0	2	1.0350799290984585	-1.2860542135411217	230.0	24	1.05	0.95				
	214	2	139.82779791298245	28.109711951578948	0.0	0.0	2	1.0385925357096943	-2.3199379002056637	230.0	26	1.05	0.95				
	215	2	228.48150483719297	46.12875807438597	0.0	0.0	2	1.0434777777433228	5.298683579193023	230.0	26	1.05	0.95				
	216	2	72.07618449122806	14.415236898245615	0.0	0.0	2	1.046937670793877	5.492189275319055	230.0	26	1.05	0.95				
	217	1	0.0	0.0	0.0	0.0	2	1.04858450831874	8.62233519810575	230.0	27	1.05	0.95				
	218	2	240.01369435578948	49.01180545403509	0.0	0.0	2	1.0499999814596521	9.39352169992177	230.0	27	1.05	0.95				
	219	1	130.4578939291228	26.668188261754384	0.0	0.0	2	1.0432056392914126	5.087136298956166	230.0	25	1.05	0.95				
	220	1	92.25751614877194	18.739807967719297	0.0	0.0	2	1.0461743843993132	6.084142767544142	230.0	25	1.05	0.95				
	221	2	0.0	0.0	0.0	0.0	2	1.05	9.749630297762398	230.0	27	1.05	0.95				
	222	2	0.0	0.0	0.0	0.0	2	1.05	15.819162451864411	230.0	27	1.05	0.95				
	223	2	0.0	0.0	0.0	0.0	2	1.05	7.154405918682522	230.0	25	1.05	0.95				
	224	1	0.0	0.0	0.0	0.0	2	1.023242446531126	1.0727724372684602	230.0	26	1.05	0.95				
	301	2	62.14868712000001	12.659917746666668	0.0	0.0	3	1.009789704226041	-17.529977267605112	138.0	31	1.05	0.95				
	302	2	55.81872824666667	11.509016133333335	0.0	0.0	3	1.0089255939894661	-17.729611774162258	138.0	32	1.05	0.95				
	303	1	103.58114520000001	21.291679846666668	0.0	0.0	3	1.0257908163190756	-10.488470107803948	138.0	31	1.05	0.95				
	304	1	42.583359693333335	8.6317621	0.0	0.0	3	1.0085801012003994	-15.974004724334096	138.0	31	1.05	0.95				
	305	1	40.85700727333334	8.056311293333335	0.0	0.0	3	1.0221579892962518	-16.957154346974114	138.0	31	1.05	0.95				
	306	1	78.26130970666668	16.11262258666667	0.0	-100.0	3	1.0363144171155119	-17.283891910951883	138.0	32	1.05	0.95				
	307	2	71.93135083333334	14.386270166666668	0.0	0.0	3	1.006961481960002	-18.24028168395234	138.0	32	1.05	0.95				
	308	1	98.40208794	20.140778233333336	0.0	0.0	3	1.0049564375163218	-17.991206488554997	138.0	32	1.05	0.95				
	309	1	100.70389116666666	20.71622904	0.0	0.0	3	1.027963598130417	-12.194852355517922	138.0	33	1.05	0.95				
	310	1	112.2129073	23.01803226666667	0.0	0.0	3	1.05	-14.536809425981437	138.0	33	1.05	0.95				
	311	1	0.0	0.0	0.0	0.0	3	1.015099231199907	-7.939876378224199	230.0	33	1.05	0.95				
	312	1	0.0	0.0	0.0	0.0	3	1.0154499186263974	-7.320543659818939	230.0	33	1.05	0.95				
	313	2	152.49446376666666	31.074343560000006	0.0	0.0	3	1.0204113146292828	-3.9926311269345445	230.0	34	1.05	0.95				
	314	2	111.63745649333335	22.442581460000003	0.0	0.0	3	1.0223703655227458	-5.957658894103314	230.0	36	1.05	0.95				
	315	2	182.41790571333334	36.82885162666667	0.0	0.0	3	1.0451624402094224	0.18879333180973737	230.0	36	1.05	0.95				
	316	2	57.54508066666667	11.509016133333335	0.0	0.0	3	1.0434347957402472	0.31043362397126834	230.0	36	1.05	0.95				
	317	1	0.0	0.0	0.0	0.0	3	1.0467024412531853	2.4985929991323528	230.0	37	1.05	0.95				
	318	2	191.62511862000002	39.13065485333334	0.0	0.0	3	1.047534800943585	2.7976183121232623	230.0	37	1.05	0.95				
	319	1	104.15659600666667	21.291679846666668	0.0	0.0	3	1.0378690866738938	-0.7907525543325719	230.0	35	1.05	0.95				
	320	1	73.65770325333334	14.961720973333334	0.0	0.0	3	1.0376765433074502	-0.6589421633685019	230.0	35	1.05	0.95				
	321	2	0.0	0.0	0.0	0.0	3	1.05	3.836779531066179	230.0	37	1.05	0.95				
	322	2	0.0	0.0	0.0	0.0	3	1.05	9.086457189849938	230.0	37	1.05	0.95				
	323	2	0.0	0.0	0.0	0.0	3	1.038804958614514	-0.1565309313742619	230.0	35	1.05	0.95				
	324	1	0.0	0.0	0.0	0.0	3	1.0245364630335665	-3.7765922138472674	230.0	36	1.05	0.95				
	325	1	0.0	0.0	0.0	0.0	3	1.0365888655996396	0.8815320208795236	230.0	35	1.05	0.95				
];
