%% MATPOWER Case Format : Version 2
function mpc = RTS_GMLC
mpc.version = '2';

%%-----  Power Flow Data  -----%%
%% system MVA base
mpc.baseMVA = 100.0;
%% bus data
%    bus_i    type    Pd    Qd    Gs    Bs    area    Vm    Va    baseKV    zone    Vmax    Vmin
mpc.bus = [
	101	2	48.121721924210526	9.802572984561403	0.0	0.0	1	1.0330478563025263	2.4524417526002136	138.0	11	1.05	0.95				
	102	2	43.22043543192982	8.911429985964912	0.0	0.0	1	1.0326392698488644	2.3300443478012545	138.0	12	1.05	0.95				
	103	1	80.20286987368421	16.486145474035084	0.0	0.0	1	1.0278148273980665	-0.28598309340645556	138.0	11	1.05	0.95				
	104	1	32.97229094807017	6.683572489473684	0.0	0.0	1	1.0211207068963357	-0.9660023970724401	138.0	11	1.05	0.95				
	105	1	31.635576450175435	6.238000990175439	0.0	0.0	1	1.0353996140424913	-0.6899766317086677	138.0	11	1.05	0.95				
	106	1	60.597723904561406	12.476001980350878	0.0	-100.0	1	1.0447948648003778	-2.9013898753040204	138.0	12	1.05	0.95				
	107	2	55.696437412280694	11.13928748245614	0.0	0.0	1	1.0145809937308987	-4.337950527825061	138.0	12	1.05	0.95				
	108	1	76.19272637999998	15.595002475438594	0.0	0.0	1	1.01354444425864	-4.827247248011574	138.0	12	1.05	0.95				
	109	1	77.97501237719298	16.04057397473684	0.0	0.0	1	1.0254552851192313	-1.8571678559500162	138.0	13	1.05	0.95				
	110	1	86.88644236315788	17.822859971929823	0.0	0.0	1	1.05	-2.469851876755268	138.0	13	1.05	0.95				
	111	1	0.0	0.0	0.0	0.0	1	1.0035770225976504	-0.45943667530889926	230.0	13	1.05	0.95				
	112	1	0.0	0.0	0.0	0.0	1	1.0090858088237817	0.2627895810109644	230.0	13	1.05	0.95				
	113	3	118.07644731403508	24.060860962105263	0.0	0.0	1	0.9955663739144454	-3.762000461942001e-29	230.0	14	1.05	0.95				
	114	2	86.44087086385964	17.377288472631577	0.0	0.0	1	0.9988656262557664	0.9710428967941264	230.0	16	1.05	0.95				
	115	2	141.24616527754384	28.51657595508772	0.0	0.0	1	1.0386611279428493	5.642501899346526	230.0	16	1.05	0.95				
	116	2	44.55714992982456	8.911429985964912	0.0	0.0	1	1.0339694255208782	5.5727009094899005	230.0	16	1.05	0.95				
	117	1	0.0	0.0	0.0	0.0	1	1.042460568118524	6.679190254801005	230.0	17	1.05	0.95				
	118	2	148.37530926631578	30.298861952280703	0.0	0.0	1	1.0450820481481733	6.355617063316234	230.0	17	1.05	0.95				
	119	1	80.64844137298245	16.486145474035084	0.0	0.0	1	1.028232882730954	5.261322511854765	230.0	15	1.05	0.95				
	120	1	57.03315191017544	11.584858981754385	0.0	0.0	1	1.0262995753256225	5.856058331284306	230.0	15	1.05	0.95				
	121	2	0.0	0.0	0.0	0.0	1	1.05	7.068462044448791	230.0	17	1.05	0.95				
	122	2	0.0	0.0	0.0	0.0	1	1.05	13.595183661100949	230.0	17	1.05	0.95				
	123	2	0.0	0.0	0.0	0.0	1	1.0260204442136243	6.527976086662542	230.0	15	1.05	0.95				
	124	1	0.0	0.0	0.0	0.0	1	1.0264140701344886	3.43219038205577	230.0	16	1.05	0.95				
	201	2	50.09853611368421	10.205257356491227	0.0	0.0	2	1.0304238573784172	-6.162769911513	138.0	21	1.05	0.95				
	202	2	44.99590743543859	9.277506687719299	0.0	0.0	2	1.0308080481784418	-6.148919388904878	138.0	22	1.05	0.95				
	203	1	83.49756018947369	17.1633873722807	0.0	0.0	2	1.0220304499527295	-5.586344248538124	138.0	21	1.05	0.95				
	204	1	34.3267747445614	6.958130015789473	0.0	0.0	2	1.019166499274583	-8.547995347255798	138.0	21	1.05	0.95				
	205	1	32.93514874140351	6.494254681403509	0.0	0.0	2	1.0342226857801113	-8.703117234495595	138.0	21	1.05	0.95				
	206	1	63.087045476491234	12.988509362807019	0.0	-100.0	2	1.0442133166477017	-10.566611776521475	138.0	22	1.05	0.95				
	207	2	57.98441679824561	11.596883359649123	0.0	0.0	2	0.9881900661020472	-17.583698457231947	138.0	22	1.05	0.95				
	208	1	79.32268217999999	16.23563670350877	0.0	0.0	2	0.994648363980354	-15.46685568259061	138.0	22	1.05	0.95				
	209	1	81.17818351754386	16.69951203789474	0.0	0.0	2	1.023290463833239	-8.620588874389904	138.0	23	1.05	0.95				
	210	1	90.45569020526315	18.555013375438598	0.0	0.0	2	1.05	-9.804664992770217	138.0	23	1.05	0.95				
	211	1	0.0	0.0	0.0	0.0	2	1.0069714738070965	-6.107577681674603	230.0	23	1.05	0.95				
	212	1	0.0	0.0	0.0	0.0	2	1.011220946562657	-5.7801031485864796	230.0	23	1.05	0.95				
	213	2	122.9269636122807	25.049268056842106	0.0	0.0	2	1.0010467800995273	-5.512386298706229	230.0	24	1.05	0.95				
	214	2	89.99181487087718	18.09113804105263	0.0	0.0	2	1.0091574212400858	-3.4273988227567074	230.0	26	1.05	0.95				
	215	2	147.04848100035088	29.688021400701754	0.0	0.0	2	1.029925820106521	3.3775347643430353	230.0	26	1.05	0.95				
	216	2	46.38753343859649	9.277506687719299	0.0	0.0	2	1.0321244960016258	3.1292050490828665	230.0	26	1.05	0.95				
	217	1	0.0	0.0	0.0	0.0	2	1.0369761388672958	6.098763404998488	230.0	27	1.05	0.95				
	218	2	154.4704863505263	31.543522738245617	0.0	0.0	2	1.0389692363611256	6.735048295295278	230.0	27	1.05	0.95				
	219	1	83.96143552385965	17.1633873722807	0.0	0.0	2	1.031848191250224	1.7450545006824174	230.0	25	1.05	0.95				
	220	1	59.37604280140351	12.060758694035089	0.0	0.0	2	1.03514291416178	1.4390203368581178	230.0	25	1.05	0.95				
	221	2	0.0	0.0	0.0	0.0	2	1.0384842707306927	6.367694069667859	230.0	27	1.05	0.95				
	222	2	0.0	0.0	0.0	0.0	2	1.05	12.762684394997281	230.0	27	1.05	0.95				
	223	2	0.0	0.0	0.0	0.0	2	1.0376100972553373	1.6200995905986846	230.0	25	1.05	0.95				
	224	1	0.0	0.0	0.0	0.0	2	1.0158022957074626	0.013520980480560245	230.0	26	1.05	0.95				
	301	2	66.74406832421053	13.596013917894739	0.0	0.0	3	1.0122319193204123	-30.05246627439226	138.0	31	1.05	0.95				
	302	2	59.94606136526316	12.36001265263158	0.0	0.0	3	1.01088951839731	-30.333674346892924	138.0	32	1.05	0.95				
	303	1	111.24011387368422	22.866023407368424	0.0	0.0	3	1.042945964147036	-17.72775408181422	138.0	31	1.05	0.95				
	304	1	45.73204681473685	9.270009489473685	0.0	0.0	3	1.0085317124369275	-28.40872285578203	138.0	31	1.05	0.95				
	305	1	43.87804491684211	8.652008856842107	0.0	0.0	3	1.023026205207994	-30.09533523400005	138.0	31	1.05	0.95				
	306	1	84.04808603789475	17.304017713684214	0.0	-100.0	3	1.0355897641364298	-30.802604836286882	138.0	32	1.05	0.95				
	307	2	77.25007907894738	15.450015815789476	0.0	0.0	3	0.9926315376996935	-36.23940152483903	138.0	32	1.05	0.95				
	308	1	105.67810818000001	21.630022142105265	0.0	0.0	3	0.9922516894329192	-33.92374562575528	138.0	32	1.05	0.95				
	309	1	108.15011071052632	22.248022774736846	0.0	0.0	3	1.0282310565456907	-24.319320035605646	138.0	33	1.05	0.95				
	310	1	120.5101233631579	24.72002530526316	0.0	0.0	3	1.05	-28.15562883867116	138.0	33	1.05	0.95				
	311	1	0.0	0.0	0.0	0.0	3	1.0197235768647965	-21.095492537662775	230.0	33	1.05	0.95				
	312	1	0.0	0.0	0.0	0.0	3	1.019818582011574	-20.48619660598225	230.0	33	1.05	0.95				
	313	2	163.77016764736842	33.372034162105265	0.0	0.0	3	1.025669944742947	-17.811555498683486	230.0	34	1.05	0.95				
	314	2	119.89212273052632	24.10202467263158	0.0	0.0	3	1.0298502067962052	-18.860024421131566	230.0	36	1.05	0.95				
	315	2	195.90620054421055	39.552040488421056	0.0	0.0	3	1.049133617124195	-12.024433968544951	230.0	36	1.05	0.95				
	316	2	61.8000632631579	12.36001265263158	0.0	0.0	3	1.0487260947612838	-11.98594691274933	230.0	36	1.05	0.95				
	317	1	0.0	0.0	0.0	0.0	3	1.0489341945757766	-9.612990498322025	230.0	37	1.05	0.95				
	318	2	205.7942106663158	42.024043018947374	0.0	0.0	3	1.0484034499772503	-9.091328007211148	230.0	37	1.05	0.95				
	319	1	111.8581145063158	22.866023407368424	0.0	0.0	3	1.0451271614776978	-13.294852399775538	230.0	35	1.05	0.95				
	320	1	79.10408097684211	16.068016448421055	0.0	0.0	3	1.0471534064458963	-13.278025706434564	230.0	35	1.05	0.95				
	321	2	0.0	0.0	0.0	0.0	3	1.05	-8.500869168106249	230.0	37	1.05	0.95				
	322	2	0.0	0.0	0.0	0.0	3	1.05	-3.8064774539845407	230.0	37	1.05	0.95				
	323	2	0.0	0.0	0.0	0.0	3	1.0496403471652123	-12.817387182233146	230.0	35	1.05	0.95				
	324	1	0.0	0.0	0.0	0.0	3	1.0387626312927876	-14.162815518406136	230.0	36	1.05	0.95				
	325	1	0.0	0.0	0.0	0.0	3	1.042318357767985	-11.202964478555364	230.0	35	1.05	0.95				
];
