%% MATPOWER Case Format : Version 2
function mpc = RTS_GMLC
mpc.version = '2';

%%-----  Power Flow Data  -----%%
%% system MVA base
mpc.baseMVA = 100.0;
%% bus data
%    bus_i    type    Pd    Qd    Gs    Bs    area    Vm    Va    baseKV    zone    Vmax    Vmin
mpc.bus = [
	101	2	34.94903512926316	7.119247896701755	0.0	0.0	1	0.9900023961336977	-4.888079457047109	138.0	11	1.05	0.95				
	102	2	31.38941118091228	6.472043542456141	0.0	0.0	1	0.989908193023931	-5.065290875819328	138.0	12	1.05	0.95				
	103	1	58.24839188210527	11.973280553543859	0.0	0.0	1	1.0206475190655702	1.771451109805071	138.0	11	1.05	0.95				
	104	1	23.946561107087717	4.854032656842105	0.0	0.0	1	1.004047361468492	-4.4150761624030075	138.0	11	1.05	0.95				
	105	1	22.9757545757193	4.530430479719299	0.0	0.0	1	1.015977242131973	-5.211737240747339	138.0	11	1.05	0.95				
	106	1	44.00989608870176	9.060860959438598	0.0	-100.0	1	1.03902131946075	-5.818430545884194	138.0	12	1.05	0.95				
	107	2	40.450272140350876	8.090054428070175	0.0	0.0	1	0.9871058000069608	-10.602908768650359	138.0	12	1.05	0.95				
	108	1	55.335972288	11.326076199298244	0.0	0.0	1	0.9991475969698349	-8.580321311776295	138.0	12	1.05	0.95				
	109	1	56.630380996491226	11.649678376421052	0.0	0.0	1	1.0244549905234197	-2.538898894590219	138.0	13	1.05	0.95				
	110	1	63.10242453894737	12.944087084912281	0.0	0.0	1	1.05	-4.471409546792534	138.0	13	1.05	0.95				
	111	1	0.0	0.0	0.0	0.0	1	1.0156743455612365	0.4783527151752696	230.0	13	1.05	0.95				
	112	1	0.0	0.0	0.0	0.0	1	1.0120276658145444	-0.9569744972535982	230.0	13	1.05	0.95				
	113	3	85.75457693754386	17.47451756463158	0.0	0.0	1	0.9962002171681026	2.0961959724339594e-28	230.0	14	1.05	0.95				
	114	2	62.77882236182456	12.620484907789475	0.0	0.0	1	1.0421283068843865	4.796082776644133	230.0	16	1.05	0.95				
	115	2	102.58189014792983	20.71053933585965	0.0	0.0	1	1.0380041655041092	15.081526905360535	230.0	16	1.05	0.95				
	116	2	32.3602177122807	6.472043542456141	0.0	0.0	1	1.0379223159236073	13.02802459606281	230.0	16	1.05	0.95				
	117	1	0.0	0.0	0.0	0.0	1	1.03743694583922	19.455003415609422	230.0	17	1.05	0.95				
	118	2	107.75952498189474	22.00494804435088	0.0	0.0	1	1.0468730573625205	20.232416128668596	230.0	17	1.05	0.95				
	119	1	58.571994059228075	11.973280553543859	0.0	0.0	1	1.033489942724985	8.283375056700175	230.0	15	1.05	0.95				
	120	1	41.4210786717193	8.413656605192983	0.0	0.0	1	1.0365733992361112	4.7832838330808665	230.0	15	1.05	0.95				
	121	2	0.0	0.0	0.0	0.0	1	1.0404276411643296	21.806715254547044	230.0	17	1.05	0.95				
	122	2	0.0	0.0	0.0	0.0	1	1.05	39.79113007792915	230.0	17	1.05	0.95				
	123	2	0.0	0.0	0.0	0.0	1	1.0394084373397245	3.112416675664923	230.0	15	1.05	0.95				
	124	1	0.0	0.0	0.0	0.0	1	1.0146948540891212	10.124265780283928	230.0	16	1.05	0.95				
	201	2	38.94663937263158	7.933574687017543	0.0	0.0	2	1.0080229288259632	-16.994515913362406	138.0	21	1.05	0.95				
	202	2	34.9798520291228	7.212340624561403	0.0	0.0	2	1.0072096055642115	-17.2981995418272	138.0	22	1.05	0.95				
	203	1	64.91106562105263	13.342830155438595	0.0	0.0	2	1.0121237840612392	-12.686236784465748	138.0	21	1.05	0.95				
	204	1	26.68566031087719	5.409255468421052	0.0	0.0	2	1.0099872337877591	-17.144398098138183	138.0	21	1.05	0.95				
	205	1	25.60380921719298	5.048638437192983	0.0	0.0	2	1.024688743568018	-17.59912614592578	138.0	21	1.05	0.95				
	206	1	49.04391624701754	10.097276874385965	0.0	-100.0	2	1.0421760346341955	-18.4113413294184	138.0	22	1.05	0.95				
	207	2	45.077128903508765	9.015425780701754	0.0	0.0	2	0.9914342537610668	-22.611939697102617	138.0	22	1.05	0.95				
	208	1	61.66551233999999	12.621596092982454	0.0	0.0	2	1.0004808895330854	-21.044424841213427	138.0	22	1.05	0.95				
	209	1	63.10798046491227	12.982213124210526	0.0	0.0	2	1.0221259861507215	-15.513391028923813	138.0	23	1.05	0.95				
	210	1	70.32032108947368	14.424681249122806	0.0	0.0	2	1.05	-17.034409999140305	138.0	23	1.05	0.95				
	211	1	0.0	0.0	0.0	0.0	2	1.004902168304198	-12.951788085428486	230.0	23	1.05	0.95				
	212	1	0.0	0.0	0.0	0.0	2	1.011824615441677	-12.594915472074558	230.0	23	1.05	0.95				
	213	2	95.56351327543858	19.47331968631579	0.0	0.0	2	1.0019169695424113	-12.046453643998776	230.0	24	1.05	0.95				
	214	2	69.9597040582456	14.064064217894737	0.0	0.0	2	1.0037016993690655	-10.300999845695902	230.0	26	1.05	0.95				
	215	2	114.31559889929824	23.07948999859649	0.0	0.0	2	1.023930205671908	-3.4344927477450073	230.0	26	1.05	0.95				
	216	2	36.06170312280702	7.212340624561403	0.0	0.0	2	1.026552071539621	-4.4441537669646545	230.0	26	1.05	0.95				
	217	1	0.0	0.0	0.0	0.0	2	1.0324719362449093	-1.8928668096218004	230.0	27	1.05	0.95				
	218	2	120.08547139894736	24.52195812350877	0.0	0.0	2	1.0313020421777965	-2.334135929047398	230.0	27	1.05	0.95				
	219	1	65.27168265228069	13.342830155438595	0.0	0.0	2	1.0316935632801123	-5.36229777726201	230.0	25	1.05	0.95				
	220	1	46.15897999719298	9.376042811929825	0.0	0.0	2	1.0383037172380463	-5.454016881355488	230.0	25	1.05	0.95				
	221	2	0.0	0.0	0.0	0.0	2	1.0318523434129196	-1.901223477625011	230.0	27	1.05	0.95				
	222	2	0.0	0.0	0.0	0.0	2	1.05	4.596730621831248	230.0	27	1.05	0.95				
	223	2	0.0	0.0	0.0	0.0	2	1.0421294546902633	-5.233804943922044	230.0	25	1.05	0.95				
	224	1	0.0	0.0	0.0	0.0	2	1.0080840952509875	-6.892678817924661	230.0	26	1.05	0.95				
	301	2	45.065485591578955	9.180006324210527	0.0	0.0	3	1.022811112607776	9.521125852491409	138.0	31	1.05	0.95				
	302	2	40.475482429473686	8.345460294736844	0.0	0.0	3	1.0204981201031982	9.173276477130603	138.0	32	1.05	0.95				
	303	1	75.10914265263159	15.43910154526316	0.0	0.0	3	1.05	24.4775367744419	138.0	31	1.05	0.95				
	304	1	30.87820309052632	6.2590952210526325	0.0	0.0	3	1.0110608698302457	10.450875438388579	138.0	31	1.05	0.95				
	305	1	29.626384046315792	5.841822206315791	0.0	0.0	3	1.02849774208326	7.953721261957151	138.0	31	1.05	0.95				
	306	1	56.749130004210535	11.683644412631581	0.0	-100.0	3	1.0390799665873032	6.561405865261629	138.0	32	1.05	0.95				
	307	2	52.159126842105266	10.431825368421054	0.0	0.0	3	0.95	3.145211707810035	138.0	32	1.05	0.95				
	308	1	71.35368552000001	14.604555515789475	0.0	0.0	3	0.9711611907912807	4.937244896044996	138.0	32	1.05	0.95				
	309	1	73.02277757894737	15.021828530526316	0.0	0.0	3	1.0161710343049584	13.24676796926092	138.0	33	1.05	0.95				
	310	1	81.36823787368421	16.690920589473688	0.0	0.0	3	1.044222155145115	7.712361869776645	138.0	33	1.05	0.95				
	311	1	0.0	0.0	0.0	0.0	3	1.0036118952582085	11.147006566587763	230.0	33	1.05	0.95				
	312	1	0.0	0.0	0.0	0.0	3	1.008271926251457	11.62620077794664	230.0	33	1.05	0.95				
	313	2	110.57734890526316	22.532742795789478	0.0	0.0	3	1.0027167334838112	12.053726709795493	230.0	34	1.05	0.95				
	314	2	80.95096485894737	16.273647574736845	0.0	0.0	3	0.9990151720997802	11.126553382154501	230.0	36	1.05	0.95				
	315	2	132.27554567157895	26.705472943157897	0.0	0.0	3	1.04800070428682	13.956455931780832	230.0	36	1.05	0.95				
	316	2	41.727301473684214	8.345460294736844	0.0	0.0	3	1.0317295059518987	13.581680514671877	230.0	36	1.05	0.95				
	317	1	0.0	0.0	0.0	0.0	3	1.05	16.62936047629695	230.0	37	1.05	0.95				
	318	2	138.95191390736844	28.374565002105268	0.0	0.0	3	1.05	13.77825080773991	230.0	37	1.05	0.95				
	319	1	75.52641566736843	15.43910154526316	0.0	0.0	3	1.0224448391937528	12.916952205591434	230.0	35	1.05	0.95				
	320	1	53.410945886315794	10.849098383157896	0.0	0.0	3	1.0171700739341114	13.155059600105787	230.0	35	1.05	0.95				
	321	2	0.0	0.0	0.0	0.0	3	1.05	14.47681829035575	230.0	37	1.05	0.95				
	322	2	0.0	0.0	0.0	0.0	3	1.05	19.669803146420467	230.0	37	1.05	0.95				
	323	2	0.0	0.0	0.0	0.0	3	1.014846449643359	13.617198059054841	230.0	35	1.05	0.95				
	324	1	0.0	0.0	0.0	0.0	3	1.045466774466595	17.977753008808286	230.0	36	1.05	0.95				
	325	1	0.0	0.0	0.0	0.0	3	1.0156227827884021	14.32624126910841	230.0	35	1.05	0.95				
];
