%% MATPOWER Case Format : Version 2
function mpc = RTS_GMLC
mpc.version = '2';

%%-----  Power Flow Data  -----%%
%% system MVA base
mpc.baseMVA = 100.0;
%% bus data
%    bus_i    type    Pd    Qd    Gs    Bs    area    Vm    Va    baseKV    zone    Vmax    Vmin
mpc.bus = [
	101	2	58.64918358315791	11.94705591508772	0.0	0.0	1	1.0329692704871327	-2.1283349596107244	138.0	11	1.05	0.95				
	102	2	52.675655625614034	10.86095992280702	0.0	0.0	1	1.0320077931703664	-2.409075044352086	138.0	12	1.05	0.95				
	103	1	97.74863930526317	20.092775857192986	0.0	0.0	1	1.0255687082539027	-2.2304884378593024	138.0	11	1.05	0.95				
	104	1	40.18555171438597	8.145719942105263	0.0	0.0	1	1.0191169839642191	-4.82673073671805	138.0	11	1.05	0.95				
	105	1	38.55640772596492	7.6026719459649135	0.0	0.0	1	1.0344159440389475	-4.783758452041949	138.0	11	1.05	0.95				
	106	1	73.85452747508772	15.205343891929827	0.0	-100.0	1	1.0422873779086346	-6.845211151653387	138.0	12	1.05	0.95				
	107	2	67.88099951754387	13.576199903508773	0.0	0.0	1	1.000480498209569	-11.571145174798115	138.0	12	1.05	0.95				
	108	1	92.86120734	19.006679864912282	0.0	0.0	1	1.0009190738277038	-10.568287619488961	138.0	12	1.05	0.95				
	109	1	95.0333993245614	19.54972786105263	0.0	0.0	1	1.025002696543657	-4.600111586537865	138.0	13	1.05	0.95				
	110	1	105.89435924736843	21.72191984561404	0.0	0.0	1	1.05	-5.761282266637363	138.0	13	1.05	0.95				
	111	1	0.0	0.0	0.0	0.0	1	1.008955981078301	-1.6402776762830888	230.0	13	1.05	0.95				
	112	1	0.0	0.0	0.0	0.0	1	1.0115088997544408	-1.3168950154991153	230.0	13	1.05	0.95				
	113	3	143.90771897719299	29.324591791578953	0.0	0.0	1	1.006209149815469	-6.663052113668365e-32	230.0	14	1.05	0.95				
	114	2	105.35131125122807	21.178871849473687	0.0	0.0	1	1.0107393509166531	0.5529129151924009	230.0	16	1.05	0.95				
	115	2	172.14621477649123	34.75507175298246	0.0	0.0	1	1.040090779501122	7.477166617685452	230.0	16	1.05	0.95				
	116	2	54.30479961403509	10.86095992280702	0.0	0.0	1	1.037171629295461	6.892266053481697	230.0	16	1.05	0.95				
	117	1	0.0	0.0	0.0	0.0	1	1.0419557717821595	10.09418048038174	230.0	17	1.05	0.95				
	118	2	180.83498271473687	36.92726373754386	0.0	0.0	1	1.044825761891028	10.506279350967915	230.0	17	1.05	0.95				
	119	1	98.29168730140351	20.092775857192986	0.0	0.0	1	1.0297559233297433	5.248018614719925	230.0	15	1.05	0.95				
	120	1	69.51014350596492	14.119247899649123	0.0	0.0	1	1.027920032004185	4.857079474986028	230.0	15	1.05	0.95				
	121	2	0.0	0.0	0.0	0.0	1	1.0475185138008265	12.138099511520398	230.0	17	1.05	0.95				
	122	2	0.0	0.0	0.0	0.0	1	1.05	19.949527046432888	230.0	17	1.05	0.95				
	123	2	0.0	0.0	0.0	0.0	1	1.0279516977623504	5.0562123296823795	230.0	15	1.05	0.95				
	124	1	0.0	0.0	0.0	0.0	1	1.022517696249525	3.856896632909616	230.0	16	1.05	0.95				
	201	2	49.40154257684211	10.063277191578948	0.0	0.0	2	1.0233104822783499	-7.61021426028471	138.0	21	1.05	0.95				
	202	2	44.36990398105263	9.148433810526317	0.0	0.0	2	1.0242519427810926	-7.387880470450694	138.0	22	1.05	0.95				
	203	1	82.33590429473685	16.924602549473686	0.0	0.0	2	1.017310655288642	-7.826306154425783	138.0	21	1.05	0.95				
	204	1	33.84920509894737	6.861325357894738	0.0	0.0	2	1.016978382701054	-8.870341454020911	138.0	21	1.05	0.95				
	205	1	32.47694002736842	6.403903667368422	0.0	0.0	2	1.0310882661663163	-9.062919697252074	138.0	21	1.05	0.95				
	206	1	62.20934991157896	12.807807334736845	0.0	-100.0	2	1.043295794922274	-10.280987846701061	138.0	22	1.05	0.95				
	207	2	57.17771131578948	11.435542263157895	0.0	0.0	2	0.9898699054777301	-16.873324817265345	138.0	22	1.05	0.95				
	208	1	78.21910908000001	16.009759168421052	0.0	0.0	2	0.9960891384409112	-14.790568674945524	138.0	22	1.05	0.95				
	209	1	80.04879584210526	16.46718085894737	0.0	0.0	2	1.0241020378944379	-8.202002445021277	138.0	23	1.05	0.95				
	210	1	89.19722965263158	18.296867621052634	0.0	0.0	2	1.05	-9.065543124016077	138.0	23	1.05	0.95				
	211	1	0.0	0.0	0.0	0.0	2	1.0069129629395268	-5.107940458923428	230.0	23	1.05	0.95				
	212	1	0.0	0.0	0.0	0.0	2	1.010206392926073	-3.6200361684411906	230.0	23	1.05	0.95				
	213	2	121.21674798947369	24.700771288421056	0.0	0.0	2	1.0053227421750008	-3.1290121200354992	230.0	24	1.05	0.95				
	214	2	88.73980796210526	17.839445930526317	0.0	0.0	2	1.0060149721812026	-3.209422104875151	230.0	26	1.05	0.95				
	215	2	145.0026758968421	29.274988193684216	0.0	0.0	2	1.0276830282935183	1.701312713299929	230.0	26	1.05	0.95				
	216	2	45.74216905263158	9.148433810526317	0.0	0.0	2	1.0292605151626362	2.2160901838160663	230.0	26	1.05	0.95				
	217	1	0.0	0.0	0.0	0.0	2	1.0329643156240569	3.267807417209019	230.0	27	1.05	0.95				
	218	2	152.32142294526315	31.10467495578948	0.0	0.0	2	1.0315167248234498	2.650421005044937	230.0	27	1.05	0.95				
	219	1	82.79332598526317	16.924602549473686	0.0	0.0	2	1.0318302329963955	3.488960027599539	230.0	25	1.05	0.95				
	220	1	58.54997638736843	11.892963953684212	0.0	0.0	2	1.0378632038332414	5.46549134316995	230.0	25	1.05	0.95				
	221	2	0.0	0.0	0.0	0.0	2	1.0331733503300873	3.139506540855829	230.0	27	1.05	0.95				
	222	2	0.0	0.0	0.0	0.0	2	1.05	9.685611126323305	230.0	27	1.05	0.95				
	223	2	0.0	0.0	0.0	0.0	2	1.0426961797050476	6.88302505713512	230.0	25	1.05	0.95				
	224	1	0.0	0.0	0.0	0.0	2	1.0120165170632724	-1.8660378600431209	230.0	26	1.05	0.95				
	301	2	47.04713696842106	9.583676049122808	0.0	0.0	3	1.0105850286915865	6.325093343549832	138.0	31	1.05	0.95				
	302	2	42.25529894385966	8.712432771929826	0.0	0.0	3	1.0100591325371595	5.99132400445953	138.0	32	1.05	0.95				
	303	1	78.41189494736844	16.118000628070178	0.0	0.0	3	1.05	19.18483792267474	138.0	31	1.05	0.95				
	304	1	32.236001256140355	6.534324578947369	0.0	0.0	3	1.010793132256339	7.057829536539588	138.0	31	1.05	0.95				
	305	1	30.929136340350876	6.098702940350878	0.0	0.0	3	1.0249259049913133	5.223408939252914	138.0	31	1.05	0.95				
	306	1	59.244542849122816	12.197405880701757	0.0	-100.0	3	1.0406367853156129	4.082290408185863	138.0	32	1.05	0.95				
	307	2	54.452704824561415	10.890540964912281	0.0	0.0	3	0.9868407385680605	-0.17750924248503389	138.0	32	1.05	0.95				
	308	1	74.49130020000001	15.246757350877193	0.0	0.0	3	0.9951012827274809	1.7782208201801475	138.0	32	1.05	0.95				
	309	1	76.23378675438597	15.682378989473685	0.0	0.0	3	1.024718367511624	9.723794311747424	138.0	33	1.05	0.95				
	310	1	84.9462195263158	17.424865543859653	0.0	0.0	3	1.05	5.527720214862405	138.0	33	1.05	0.95				
	311	1	0.0	0.0	0.0	0.0	3	1.0098537707110464	9.961498760461328	230.0	33	1.05	0.95				
	312	1	0.0	0.0	0.0	0.0	3	1.0156919929074617	10.019574467415184	230.0	33	1.05	0.95				
	313	2	115.4397342280702	23.52356848421053	0.0	0.0	3	1.013093613576635	12.102001635537976	230.0	34	1.05	0.95				
	314	2	84.51059788771931	16.98924390526316	0.0	0.0	3	1.0046179049442707	10.522325406458444	230.0	36	1.05	0.95				
	315	2	138.09205943508772	27.879784870175445	0.0	0.0	3	1.0428901649210052	14.394004671082675	230.0	36	1.05	0.95				
	316	2	43.562163859649125	8.712432771929826	0.0	0.0	3	1.0371551139703898	13.855815605193051	230.0	36	1.05	0.95				
	317	1	0.0	0.0	0.0	0.0	3	1.05	18.337105191921033	230.0	37	1.05	0.95				
	318	2	145.0620056526316	29.622271424561408	0.0	0.0	3	1.0474192527874169	16.082306616376027	230.0	37	1.05	0.95				
	319	1	78.84751658596493	16.118000628070178	0.0	0.0	3	1.0289590262010277	12.163537364165006	230.0	35	1.05	0.95				
	320	1	55.75956974035089	11.326162603508774	0.0	0.0	3	1.025272522794512	11.52418754786135	230.0	35	1.05	0.95				
	321	2	0.0	0.0	0.0	0.0	3	1.04665787830807	16.141315152541814	230.0	37	1.05	0.95				
	322	2	0.0	0.0	0.0	0.0	3	1.05	21.346757698002136	230.0	37	1.05	0.95				
	323	2	0.0	0.0	0.0	0.0	3	1.0237828593938287	11.50815875358964	230.0	35	1.05	0.95				
	324	1	0.0	0.0	0.0	0.0	3	1.0428937080470468	16.22860093289573	230.0	36	1.05	0.95				
	325	1	0.0	0.0	0.0	0.0	3	1.02651784834147	11.574144759159543	230.0	35	1.05	0.95				
];
