%% MATPOWER Case Format : Version 2
function mpc = RTS_GMLC
mpc.version = '2';

%%-----  Power Flow Data  -----%%
%% system MVA base
mpc.baseMVA = 100.0;
%% bus data
%    bus_i    type    Pd    Qd    Gs    Bs    area    Vm    Va    baseKV    zone    Vmax    Vmin
mpc.bus = [
	101	2	88.77535874526316	18.08386937403509	0.0	0.0	1	1.0499999873257364	-0.5318291909297213	138.0	11	1.05	0.95				
	102	2	79.73342405824562	16.43988124912281	0.0	0.0	1	1.0497190264739569	-0.702699018913149	138.0	12	1.05	0.95				
	103	1	147.95893124210525	30.413780310877193	0.0	0.0	1	1.026058815236878	-2.2607792399524134	138.0	11	1.05	0.95				
	104	1	60.82756062175439	12.329910936842104	0.0	0.0	1	1.0250220464127255	-4.234353519277507	138.0	11	1.05	0.95				
	105	1	58.36157843438596	11.507916874385966	0.0	0.0	1	1.0384019596084255	-4.656319808260258	138.0	11	1.05	0.95				
	106	1	111.7911924940351	23.015833748771932	0.0	-100.0	1	1.0374325740207297	-7.739225479435678	138.0	12	1.05	0.95				
	107	2	102.74925780701753	20.54985156140351	0.0	0.0	1	1.0405007110197522	-4.924714682462272	138.0	12	1.05	0.95				
	108	1	140.56098468	28.76979218596491	0.0	0.0	1	1.01793653408399	-7.765119820139373	138.0	12	1.05	0.95				
	109	1	143.84896092982459	29.591786248421055	0.0	0.0	1	1.0272248029769466	-4.846602939462661	138.0	13	1.05	0.95				
	110	1	160.28884217894736	32.87976249824562	0.0	0.0	1	1.05	-6.333988193750486	138.0	13	1.05	0.95				
	111	1	0.0	0.0	0.0	0.0	1	1.0153545460169227	-2.243779270818319	230.0	13	1.05	0.95				
	112	1	0.0	0.0	0.0	0.0	1	1.0173068759293247	-1.359463974911906	230.0	13	1.05	0.95				
	113	3	217.8284265508772	44.38767937263158	0.0	0.0	1	1.017112419021714	-3.893633803153694e-30	230.0	14	1.05	0.95				
	114	2	159.46684811649124	32.05776843578948	0.0	0.0	1	1.0179692729896688	-0.825029776171806	230.0	16	1.05	0.95				
	115	2	260.5721177985965	52.60761999719299	0.0	0.0	1	1.0442772106853777	6.8735269954910265	230.0	16	1.05	0.95				
	116	2	82.19940624561404	16.43988124912281	0.0	0.0	1	1.0421052413159213	6.189419143037784	230.0	16	1.05	0.95				
	117	1	0.0	0.0	0.0	0.0	1	1.045594207590241	9.017482154353324	230.0	17	1.05	0.95				
	118	2	273.72402279789475	55.89559624701755	0.0	0.0	1	1.0473401275965637	9.466717911738796	230.0	17	1.05	0.95				
	119	1	148.7809253045614	30.413780310877193	0.0	0.0	1	1.0352398883682719	4.985580490528846	230.0	15	1.05	0.95				
	120	1	105.21523999438598	21.37184562385965	0.0	0.0	1	1.0356981513024262	5.000356517433302	230.0	15	1.05	0.95				
	121	2	0.0	0.0	0.0	0.0	1	1.05	11.260535935239902	230.0	17	1.05	0.95				
	122	2	0.0	0.0	0.0	0.0	1	1.05	17.13923619221682	230.0	17	1.05	0.95				
	123	2	0.0	0.0	0.0	0.0	1	1.0383367705418607	5.6189325043346905	230.0	15	1.05	0.95				
	124	1	0.0	0.0	0.0	0.0	1	1.0259369199073178	3.4813845450182477	230.0	16	1.05	0.95				
	201	2	76.00629622736844	15.48276404631579	0.0	0.0	2	1.0361795050479123	-8.950533379072136	138.0	21	1.05	0.95				
	202	2	68.26491420421053	14.075240042105264	0.0	0.0	2	1.0364135286616634	-8.998695872587463	138.0	22	1.05	0.95				
	203	1	126.67716037894738	26.039194077894738	0.0	0.0	2	1.0260637398083396	-7.332463099010825	138.0	21	1.05	0.95				
	204	1	52.078388155789476	10.556430031578948	0.0	0.0	2	1.018781736375666	-10.612054303961708	138.0	21	1.05	0.95				
	205	1	49.96710214947369	9.852668029473685	0.0	0.0	2	1.034175752879204	-10.897480346079233	138.0	21	1.05	0.95				
	206	1	95.71163228631579	19.70533605894737	0.0	-100.0	2	1.0390064887323702	-12.648119387948983	138.0	22	1.05	0.95				
	207	2	87.97025026315791	17.59405005263158	0.0	0.0	2	0.9705219773874263	-23.155061161242937	138.0	22	1.05	0.95				
	208	1	120.34330236	24.63167007368421	0.0	0.0	2	0.9734725246856805	-19.692871291706002	138.0	22	1.05	0.95				
	209	1	123.15835036842107	25.33543207578947	0.0	0.0	2	1.0263427992925782	-9.08667289780663	138.0	23	1.05	0.95				
	210	1	137.23359041052632	28.15048008421053	0.0	0.0	2	1.05	-10.656237696279787	138.0	23	1.05	0.95				
	211	1	0.0	0.0	0.0	0.0	2	1.0214468353340511	-5.851063326129985	230.0	23	1.05	0.95				
	212	1	0.0	0.0	0.0	0.0	2	1.0227103222183922	-1.0091344093561514	230.0	23	1.05	0.95				
	213	2	186.49693055789473	38.00314811368422	0.0	0.0	2	1.0266627562377069	-3.3571242039752205	230.0	24	1.05	0.95				
	214	2	136.52982840842105	27.446718082105264	0.0	0.0	2	1.0298493913152755	-4.059860598617355	230.0	26	1.05	0.95				
	215	2	223.0925546673684	45.040768134736844	0.0	0.0	2	1.040899633069549	2.7834512017086963	230.0	26	1.05	0.95				
	216	2	70.37620021052632	14.075240042105264	0.0	0.0	2	1.0419784318619711	2.797122982141903	230.0	26	1.05	0.95				
	217	1	0.0	0.0	0.0	0.0	2	1.0448725480199657	5.130302812686902	230.0	27	1.05	0.95				
	218	2	234.35274670105267	47.855816143157895	0.0	0.0	2	1.0454944230289487	5.431813944944595	230.0	27	1.05	0.95				
	219	1	127.38092238105263	26.039194077894738	0.0	0.0	2	1.0396698834759774	2.7887582970664844	230.0	25	1.05	0.95				
	220	1	90.08153626947369	18.29781205473684	0.0	0.0	2	1.0437777067076701	4.107093590226412	230.0	25	1.05	0.95				
	221	2	0.0	0.0	0.0	0.0	2	1.0454451080416536	5.307327183823608	230.0	27	1.05	0.95				
	222	2	0.0	0.0	0.0	0.0	2	1.05	11.745819398016641	230.0	27	1.05	0.95				
	223	2	0.0	0.0	0.0	0.0	2	1.048323913928491	5.3412796152479505	230.0	25	1.05	0.95				
	224	1	0.0	0.0	0.0	0.0	2	1.02271226242521	-0.9888737300518956	230.0	26	1.05	0.95				
	301	2	76.99398923368422	15.683960769824562	0.0	0.0	3	0.9706332488359675	-3.1094953316672145	138.0	31	1.05	0.95				
	302	2	69.15200884877193	14.258146154385965	0.0	0.0	3	0.9729411973792133	-3.1933479774178846	138.0	32	1.05	0.95				
	303	1	128.3233153894737	26.377570385614035	0.0	0.0	3	0.9879726996906834	1.1306975146745777	138.0	31	1.05	0.95				
	304	1	52.75514077122807	10.693609615789473	0.0	0.0	3	0.9691829385677087	-0.37249115245609976	138.0	31	1.05	0.95				
	305	1	50.61641884807017	9.980702308070176	0.0	0.0	3	0.9804015324017797	-0.5081919735791349	138.0	31	1.05	0.95				
	306	1	96.95539384982456	19.961404616140353	0.0	-100.0	3	0.9942653132807928	0.11891053794498196	138.0	32	1.05	0.95				
	307	2	89.11341346491228	17.822682692982454	0.0	0.0	3	0.95	-5.063865754986219	138.0	32	1.05	0.95				
	308	1	121.90714962	24.951755770175435	0.0	0.0	3	0.9583877473639066	-1.508006593499018	138.0	32	1.05	0.95				
	309	1	124.75877885087718	25.664663077894733	0.0	0.0	3	0.9945287019473887	5.030760762892484	138.0	33	1.05	0.95				
	310	1	139.01692500526315	28.51629230877193	0.0	0.0	3	1.0144032885855665	4.538273586879583	138.0	33	1.05	0.95				
	311	1	0.0	0.0	0.0	0.0	3	0.9888495965884352	12.690361778882467	230.0	33	1.05	0.95				
	312	1	0.0	0.0	0.0	0.0	3	0.9943461291893907	14.26930619122421	230.0	33	1.05	0.95				
	313	2	188.92043654561402	38.49699461684211	0.0	0.0	3	1.0250393057361968	22.82026113371404	230.0	34	1.05	0.95				
	314	2	138.30401769754386	27.803385001052632	0.0	0.0	3	0.9970947265230601	11.35397620563222	230.0	36	1.05	0.95				
	315	2	225.99161654701754	45.626067694035086	0.0	0.0	3	1.0284988760909615	6.30408044037491	230.0	36	1.05	0.95				
	316	2	71.29073077192982	14.258146154385965	0.0	0.0	3	1.0284364893035969	8.09080523721901	230.0	36	1.05	0.95				
	317	1	0.0	0.0	0.0	0.0	3	1.0332880812970409	7.120881852899511	230.0	37	1.05	0.95				
	318	2	237.39813347052632	48.47769692491228	0.0	0.0	3	1.0321252299952537	6.02649822607255	230.0	37	1.05	0.95				
	319	1	129.03622269719298	26.377570385614035	0.0	0.0	3	1.0254711159612182	10.812295547753427	230.0	35	1.05	0.95				
	320	1	91.25213538807017	18.535590000701756	0.0	0.0	3	1.0271749215773378	13.056915030529167	230.0	35	1.05	0.95				
	321	2	0.0	0.0	0.0	0.0	3	1.0330683862123842	6.757827827191325	230.0	37	1.05	0.95				
	322	2	0.0	0.0	0.0	0.0	3	1.0465674331960089	11.235166288134103	230.0	37	1.05	0.95				
	323	2	0.0	0.0	0.0	0.0	3	1.0284930538490025	13.900517480697946	230.0	35	1.05	0.95				
	324	1	0.0	0.0	0.0	0.0	3	1.0083795798421311	6.4258814992602415	230.0	36	1.05	0.95				
	325	1	0.0	0.0	0.0	0.0	3	1.0315321107301973	13.685394250028557	230.0	35	1.05	0.95				
];
