%% MATPOWER Case Format : Version 2
function mpc = RTS_GMLC
mpc.version = '2';

%%-----  Power Flow Data  -----%%
%% system MVA base
mpc.baseMVA = 100.0;
%% bus data
%    bus_i    type    Pd    Qd    Gs    Bs    area    Vm    Va    baseKV    zone    Vmax    Vmin
mpc.bus = [
	101	2	34.53488372084211	7.03488372091228	0.0	0.0	1	0.9906167416348747	-4.8697131650700385	138.0	11	1.05	0.95				
	102	2	31.017441860385965	6.395348837192982	0.0	0.0	1	0.9905065679710973	-5.043660145934023	138.0	12	1.05	0.95				
	103	1	57.55813953473684	11.831395348807018	0.0	0.0	1	1.0212996333877506	1.669581910965596	138.0	11	1.05	0.95				
	104	1	23.662790697614035	4.796511627894737	0.0	0.0	1	1.0044494686652998	-4.399785469717644	138.0	11	1.05	0.95				
	105	1	22.703488372035086	4.476744186035088	0.0	0.0	1	1.016345701747233	-5.185112473633077	138.0	11	1.05	0.95				
	106	1	43.48837209291228	8.953488372070176	0.0	-100.0	1	1.0392775614712841	-5.78381574120288	138.0	12	1.05	0.95				
	107	2	39.97093023245613	7.994186046491228	0.0	0.0	1	0.987373181529858	-10.455019146275893	138.0	12	1.05	0.95				
	108	1	54.680232558	11.191860465087718	0.0	0.0	1	0.9995096600798034	-8.480767620991713	138.0	12	1.05	0.95				
	109	1	55.9593023254386	11.511627906947368	0.0	0.0	1	1.0245415450166293	-2.5445611559650465	138.0	13	1.05	0.95				
	110	1	62.35465116263158	12.790697674385964	0.0	0.0	1	1.05	-4.4494402614008255	138.0	13	1.05	0.95				
	111	1	0.0	0.0	0.0	0.0	1	1.0151202059525648	0.4340393549507418	230.0	13	1.05	0.95				
	112	1	0.0	0.0	0.0	0.0	1	1.0116244623603439	-0.9678511568152275	230.0	13	1.05	0.95				
	113	3	84.73837209280701	17.267441860421055	0.0	0.0	1	0.9954611975337083	3.088866830375628e-28	230.0	14	1.05	0.95				
	114	2	62.03488372077193	12.470930232526316	0.0	0.0	1	1.0408696402661626	4.67167732101111	230.0	16	1.05	0.95				
	115	2	101.36627906950876	20.465116279017543	0.0	0.0	1	1.038379014147452	14.746698936029121	230.0	16	1.05	0.95				
	116	2	31.97674418596491	6.395348837192982	0.0	0.0	1	1.0381312451056235	12.751077125599512	230.0	16	1.05	0.95				
	117	1	0.0	0.0	0.0	0.0	1	1.03771305454303	19.074663271098995	230.0	17	1.05	0.95				
	118	2	106.48255813926315	21.74418604645614	0.0	0.0	1	1.0469980614130958	19.809138625160877	230.0	17	1.05	0.95				
	119	1	57.87790697659649	11.831395348807018	0.0	0.0	1	1.0334155697065552	8.10531112845549	230.0	15	1.05	0.95				
	120	1	40.93023255803509	8.313953488350876	0.0	0.0	1	1.0359900865708223	4.6810659913108	230.0	15	1.05	0.95				
	121	2	0.0	0.0	0.0	0.0	1	1.0403499890158223	21.335267668840086	230.0	17	1.05	0.95				
	122	2	0.0	0.0	0.0	0.0	1	1.05	39.320300556813386	230.0	17	1.05	0.95				
	123	2	0.0	0.0	0.0	0.0	1	1.0384715619763014	3.04787131496051	230.0	15	1.05	0.95				
	124	1	0.0	0.0	0.0	0.0	1	1.0154991179120523	9.875178093705477	230.0	16	1.05	0.95				
	201	2	38.06264754947369	7.753502278596491	0.0	0.0	2	1.008707128647116	-16.67912638556019	138.0	21	1.05	0.95				
	202	2	34.18589641017544	7.04863843508772	0.0	0.0	2	1.0078908050205553	-16.980544657256125	138.0	22	1.05	0.95				
	203	1	63.43774591578948	13.039981104912282	0.0	0.0	2	1.0122831445856213	-12.466334768452537	138.0	21	1.05	0.95				
	204	1	26.079962209824565	5.28647882631579	0.0	0.0	2	1.010405257283385	-16.85296185029848	138.0	21	1.05	0.95				
	205	1	25.022666444561402	4.934046904561405	0.0	0.0	2	1.0251543768600404	-17.296726033036016	138.0	21	1.05	0.95				
	206	1	47.93074135859649	9.86809380912281	0.0	-100.0	2	1.0425729536817647	-18.109157856698108	138.0	22	1.05	0.95				
	207	2	44.05399021929824	8.81079804385965	0.0	0.0	2	0.9921878700897582	-22.207517184695416	138.0	22	1.05	0.95				
	208	1	60.26585862	12.335117261403509	0.0	0.0	2	1.0012085520310299	-20.680813869249818	138.0	22	1.05	0.95				
	209	1	61.67558630701755	12.687549183157895	0.0	0.0	2	1.0220055180283807	-15.276571389331611	138.0	23	1.05	0.95				
	210	1	68.72422474210526	14.09727687017544	0.0	0.0	2	1.05	-16.77163858857888	138.0	23	1.05	0.95				
	211	1	0.0	0.0	0.0	0.0	2	1.0042660186582983	-12.778096965019076	230.0	23	1.05	0.95				
	212	1	0.0	0.0	0.0	0.0	2	1.0110144651125454	-12.465962571317924	230.0	23	1.05	0.95				
	213	2	93.39445926491227	19.031323774736844	0.0	0.0	2	1.0006061452037578	-11.928699725703808	230.0	24	1.05	0.95				
	214	2	68.37179282035088	13.744844948421054	0.0	0.0	2	1.0028328086948173	-10.148805299105234	230.0	26	1.05	0.95				
	215	2	111.72091919614036	22.555642992280703	0.0	0.0	2	1.0229946715929366	-3.341303468661935	230.0	26	1.05	0.95				
	216	2	35.2431921754386	7.04863843508772	0.0	0.0	2	1.0253394819252306	-4.369042994964824	230.0	26	1.05	0.95				
	217	1	0.0	0.0	0.0	0.0	2	1.0316280724823523	-1.8226563743186521	230.0	27	1.05	0.95				
	218	2	117.35982994421053	23.965370679298246	0.0	0.0	2	1.0305235656058889	-2.243864508986901	230.0	27	1.05	0.95				
	219	1	63.79017783754386	13.039981104912282	0.0	0.0	2	1.0298296380118157	-5.347542098385609	230.0	25	1.05	0.95				
	220	1	45.111285984561405	9.163229965614036	0.0	0.0	2	1.0358134829104857	-5.50492113176448	230.0	25	1.05	0.95				
	221	2	0.0	0.0	0.0	0.0	2	1.031117615584861	-1.810341399991815	230.0	27	1.05	0.95				
	222	2	0.0	0.0	0.0	0.0	2	1.049999995217393	4.678679978623955	230.0	27	1.05	0.95				
	223	2	0.0	0.0	0.0	0.0	2	1.0392556161311133	-5.3249941356492565	230.0	25	1.05	0.95				
	224	1	0.0	0.0	0.0	0.0	2	1.0077115014185443	-6.755747515313792	230.0	26	1.05	0.95				
	301	2	43.203416627368426	8.800695979649124	0.0	0.0	3	1.022514947848048	9.028040875647912	138.0	31	1.05	0.95				
	302	2	38.803068637543866	8.000632708771931	0.0	0.0	3	1.0203835940990917	8.683482761257904	138.0	32	1.05	0.95				
	303	1	72.00569437894738	14.80117051122807	0.0	0.0	3	1.05	24.038172509055915	138.0	31	1.05	0.95				
	304	1	29.60234102245614	6.000474531578948	0.0	0.0	3	1.0114413003358573	10.027588331171126	138.0	31	1.05	0.95				
	305	1	28.40224611614035	5.600442896140352	0.0	0.0	3	1.0285747199663215	7.309594066652591	138.0	31	1.05	0.95				
	306	1	54.40430241964913	11.200885792280705	0.0	-100.0	3	1.0395422415118214	5.850303649139557	138.0	32	1.05	0.95				
	307	2	50.003954429824574	10.000790885964914	0.0	0.0	3	0.95	2.8566854475057775	138.0	32	1.05	0.95				
	308	1	68.40540966	14.001107240350876	0.0	0.0	3	0.9718557374912525	4.5486614511407115	138.0	32	1.05	0.95				
	309	1	70.0055362017544	14.401138875789474	0.0	0.0	3	1.016351309935551	12.806829078048683	138.0	33	1.05	0.95				
	310	1	78.00616891052631	16.001265417543863	0.0	0.0	3	1.0443004909669062	6.860909924516173	138.0	33	1.05	0.95				
	311	1	0.0	0.0	0.0	0.0	3	1.0038083888533098	9.92305556354199	230.0	33	1.05	0.95				
	312	1	0.0	0.0	0.0	0.0	3	1.0081310465981932	10.374273703631804	230.0	33	1.05	0.95				
	313	2	106.0083833912281	21.601708313684213	0.0	0.0	3	1.0011465960158181	10.082343322139042	230.0	34	1.05	0.95				
	314	2	77.60613727508773	15.601233782105266	0.0	0.0	3	0.9997974705137305	9.978534626561869	230.0	36	1.05	0.95				
	315	2	126.8100284340351	25.60202466807018	0.0	0.0	3	1.048557073266348	12.893103515727326	230.0	36	1.05	0.95				
	316	2	40.00316354385966	8.000632708771931	0.0	0.0	3	1.0326624501713193	12.426683315858805	230.0	36	1.05	0.95				
	317	1	0.0	0.0	0.0	0.0	3	1.05	15.305783892683895	230.0	37	1.05	0.95				
	318	2	133.21053460105264	27.202151209824564	0.0	0.0	3	1.05	12.653367558079829	230.0	37	1.05	0.95				
	319	1	72.40572601438598	14.80117051122807	0.0	0.0	3	1.0230283337115322	11.77327424031743	230.0	35	1.05	0.95				
	320	1	51.20404933614036	10.40082252140351	0.0	0.0	3	1.0172403028878123	11.986788951499607	230.0	35	1.05	0.95				
	321	2	0.0	0.0	0.0	0.0	3	1.05	13.36427278817413	230.0	37	1.05	0.95				
	322	2	0.0	0.0	0.0	0.0	3	1.05	18.474426471002616	230.0	37	1.05	0.95				
	323	2	0.0	0.0	0.0	0.0	3	1.0145454264483091	12.422534975946395	230.0	35	1.05	0.95				
	324	1	0.0	0.0	0.0	0.0	3	1.045597730408765	17.151636901975884	230.0	36	1.05	0.95				
	325	1	0.0	0.0	0.0	0.0	3	1.0150671480772755	13.192491092688744	230.0	35	1.05	0.95				
];
