%% MATPOWER Case Format : Version 2
function mpc = RTS_GMLC
mpc.version = '2';

%%-----  Power Flow Data  -----%%
%% system MVA base
mpc.baseMVA = 100.0;
%% bus data
%    bus_i    type    Pd    Qd    Gs    Bs    area    Vm    Va    baseKV    zone    Vmax    Vmin
mpc.bus = [
	101	2	35.37654626273684	7.206333497964912	0.0	0.0	1	0.9895837537104205	-4.969751372431006	138.0	11	1.05	0.95				
	102	2	31.773379513754385	6.551212270877192	0.0	0.0	1	0.9894920253079675	-5.148533639702067	138.0	12	1.05	0.95				
	103	1	58.96091043789473	12.119742701122806	0.0	0.0	1	1.0204838489196395	1.7551507356687004	138.0	11	1.05	0.95				
	104	1	24.239485402245613	4.913409203157895	0.0	0.0	1	1.003791574568552	-4.486738280859098	138.0	11	1.05	0.95				
	105	1	23.25680356161403	4.585848589614035	0.0	0.0	1	1.0157061334495243	-5.290474617396064	138.0	11	1.05	0.95				
	106	1	44.548243441964914	9.17169717922807	0.0	-100.0	1	1.0388073056630687	-5.898986776180798	138.0	12	1.05	0.95				
	107	2	40.945076692982454	8.18901533859649	0.0	0.0	1	0.9866282818801244	-10.725854424364119	138.0	12	1.05	0.95				
	108	1	56.01286491599999	11.464621474035086	0.0	0.0	1	0.9987240148883868	-8.686144929893057	138.0	12	1.05	0.95				
	109	1	57.32310737017543	11.792182087578947	0.0	0.0	1	1.0244913331408516	-2.5852674826943467	138.0	13	1.05	0.95				
	110	1	63.87431964105262	13.102424541754385	0.0	0.0	1	1.05	-4.5342974338888435	138.0	13	1.05	0.95				
	111	1	0.0	0.0	0.0	0.0	1	1.0161092882353826	0.46767938079764976	230.0	13	1.05	0.95				
	112	1	0.0	0.0	0.0	0.0	1	1.012421127086711	-0.9724316821194801	230.0	13	1.05	0.95				
	113	3	86.80356258912279	17.68827313136842	0.0	0.0	1	0.9968486829688612	6.382685505658204e-28	230.0	14	1.05	0.95				
	114	2	63.54675902750877	12.774863928210525	0.0	0.0	1	1.0429657508515542	4.813778879824671	230.0	16	1.05	0.95				
	115	2	103.8367144934035	20.963879266807016	0.0	0.0	1	1.0384495286741104	15.18617173122368	230.0	16	1.05	0.95				
	116	2	32.75606135438596	6.551212270877192	0.0	0.0	1	1.0384083773946582	13.112802782106408	230.0	16	1.05	0.95				
	117	1	0.0	0.0	0.0	0.0	1	1.0379289383998491	19.57846920712809	230.0	17	1.05	0.95				
	118	2	109.07768431010525	22.274121720982457	0.0	0.0	1	1.0475205974323445	20.373223473254317	230.0	17	1.05	0.95				
	119	1	59.2884710514386	12.119742701122806	0.0	0.0	1	1.0341384653164514	8.339276925201329	230.0	15	1.05	0.95				
	120	1	41.92775853361403	8.516575952140352	0.0	0.0	1	1.0374671182210822	4.822346762714321	230.0	15	1.05	0.95				
	121	2	0.0	0.0	0.0	0.0	1	1.0412877952927602	21.97105405828488	230.0	17	1.05	0.95				
	122	2	0.0	0.0	0.0	0.0	1	1.05	39.9485587703868	230.0	17	1.05	0.95				
	123	2	0.0	0.0	0.0	0.0	1	1.040465379546455	3.1453659411907835	230.0	15	1.05	0.95				
	124	1	0.0	0.0	0.0	0.0	1	1.0147327303657663	10.186496570901847	230.0	16	1.05	0.95				
	201	2	40.61262395368421	8.272941916491229	0.0	0.0	2	1.0064508737710989	-17.201945369151094	138.0	21	1.05	0.95				
	202	2	36.476152995438596	7.520856287719299	0.0	0.0	2	1.0055920499687692	-17.506710145366196	138.0	22	1.05	0.95				
	203	1	67.68770658947368	13.913584132280702	0.0	0.0	2	1.0118379107071092	-12.805892025635096	138.0	21	1.05	0.95				
	204	1	27.827168264561404	5.640642215789474	0.0	0.0	2	1.0091039805529611	-17.298632048441522	138.0	21	1.05	0.95				
	205	1	26.69903982140351	5.264599401403509	0.0	0.0	2	1.0236649412170493	-17.766259347014245	138.0	21	1.05	0.95				
	206	1	51.14182275649123	10.529198802807018	0.0	-100.0	2	1.0413466804583051	-18.568984201789377	138.0	22	1.05	0.95				
	207	2	47.00535179824561	9.401070359649124	0.0	0.0	2	0.9897506604383203	-22.962645347849417	138.0	22	1.05	0.95				
	208	1	64.30332126	13.161498503508772	0.0	0.0	2	0.9989751638138292	-21.31912272718836	138.0	22	1.05	0.95				
	209	1	65.80749251754386	13.537541317894735	0.0	0.0	2	1.0224602921690018	-15.560901493507316	138.0	23	1.05	0.95				
	210	1	73.32834880526316	15.041712575438599	0.0	0.0	2	1.05	-17.11082570377319	138.0	23	1.05	0.95				
	211	1	0.0	0.0	0.0	0.0	2	1.006122592970392	-12.871714048225666	230.0	23	1.05	0.95				
	212	1	0.0	0.0	0.0	0.0	2	1.0136155176046486	-12.378348540238981	230.0	23	1.05	0.95				
	213	2	99.6513458122807	20.306311976842107	0.0	0.0	2	1.0046910734448065	-11.805624213451246	230.0	24	1.05	0.95				
	214	2	72.95230599087719	14.665669761052632	0.0	0.0	2	1.005064252220692	-10.230176404838595	230.0	26	1.05	0.95				
	215	2	119.20557216035088	24.06674012070176	0.0	0.0	2	1.0255732829461361	-3.3794620982500376	230.0	26	1.05	0.95				
	216	2	37.604281438596495	7.520856287719299	0.0	0.0	2	1.028916761384974	-4.302004153355809	230.0	26	1.05	0.95				
	217	1	0.0	0.0	0.0	0.0	2	1.0340255608448623	-1.8263234232788692	230.0	27	1.05	0.95				
	218	2	125.22225719052634	25.570911378245615	0.0	0.0	2	1.0326573777456471	-2.2968016335331867	230.0	27	1.05	0.95				
	219	1	68.06374940385965	13.913584132280702	0.0	0.0	2	1.0358318525971957	-4.990259530821227	230.0	25	1.05	0.95				
	220	1	48.13348024140352	9.777113174035089	0.0	0.0	2	1.0440675772287717	-4.8598098784173445	230.0	25	1.05	0.95				
	221	2	0.0	0.0	0.0	0.0	2	1.03313356844185	-1.8577082170352024	230.0	27	1.05	0.95				
	222	2	0.0	0.0	0.0	0.0	2	1.05	4.650738084370178	230.0	27	1.05	0.95				
	223	2	0.0	0.0	0.0	0.0	2	1.048879047726865	-4.511242123433355	230.0	25	1.05	0.95				
	224	1	0.0	0.0	0.0	0.0	2	1.0087880184317741	-6.89632009485217	230.0	26	1.05	0.95				
	301	2	42.690920589473684	8.69629863859649	0.0	0.0	3	1.014769791012222	9.830555442775967	138.0	31	1.05	0.95				
	302	2	38.34277127017543	7.905726035087719	0.0	0.0	3	1.0132026169114976	9.470576159712456	138.0	32	1.05	0.95				
	303	1	71.15153431578948	14.62559316491228	0.0	0.0	3	1.05	24.10390980290263	138.0	31	1.05	0.95				
	304	1	29.25118632982456	5.929294526315789	0.0	0.0	3	1.0071633592257039	10.430342523048077	138.0	31	1.05	0.95				
	305	1	28.065327424561403	5.534008224561403	0.0	0.0	3	1.023327593165654	8.32296774806207	138.0	31	1.05	0.95				
	306	1	53.758937038596486	11.068016449122807	0.0	-100.0	3	1.0357852843134487	6.978798806959363	138.0	32	1.05	0.95				
	307	2	49.41078771929824	9.882157543859648	0.0	0.0	3	0.95	3.5655086193306613	138.0	32	1.05	0.95				
	308	1	67.5939576	13.835020561403507	0.0	0.0	3	0.9711115964096776	5.246181981747233	138.0	32	1.05	0.95				
	309	1	69.17510280701754	14.230306863157892	0.0	0.0	3	1.0139759745183174	12.88087671795993	138.0	33	1.05	0.95				
	310	1	77.08082884210525	15.811452070175438	0.0	0.0	3	1.0414501398284572	8.08995527716281	138.0	33	1.05	0.95				
	311	1	0.0	0.0	0.0	0.0	3	1.0014935262274798	11.608357797887823	230.0	33	1.05	0.95				
	312	1	0.0	0.0	0.0	0.0	3	1.005860123119786	11.748500351516489	230.0	33	1.05	0.95				
	313	2	104.75086996491227	21.345460294736842	0.0	0.0	3	0.9993784818031024	11.79645262847476	230.0	34	1.05	0.95				
	314	2	76.68554254035087	15.416165768421052	0.0	0.0	3	0.9988623967884193	12.667681481153041	230.0	36	1.05	0.95				
	315	2	125.30575765614034	25.2983233122807	0.0	0.0	3	1.0491745607648746	16.847894036883744	230.0	36	1.05	0.95				
	316	2	39.52863017543859	7.905726035087719	0.0	0.0	3	1.0342630493641631	16.450428331327153	230.0	36	1.05	0.95				
	317	1	0.0	0.0	0.0	0.0	3	1.05	20.813080402351634	230.0	37	1.05	0.95				
	318	2	131.63033848421054	26.879468519298243	0.0	0.0	3	1.0468947049081012	17.41253506868859	230.0	37	1.05	0.95				
	319	1	71.54682061754386	14.62559316491228	0.0	0.0	3	1.0240136779896662	15.088141406196188	230.0	35	1.05	0.95				
	320	1	50.5966466245614	10.277443845614034	0.0	0.0	3	1.0179050794297662	14.664800069339643	230.0	35	1.05	0.95				
	321	2	0.0	0.0	0.0	0.0	3	1.0479940640637644	17.895682550658016	230.0	37	1.05	0.95				
	322	2	0.0	0.0	0.0	0.0	3	1.049999975834015	23.386398164678216	230.0	37	1.05	0.95				
	323	2	0.0	0.0	0.0	0.0	3	1.0149222541225036	14.74290396724437	230.0	35	1.05	0.95				
	324	1	0.0	0.0	0.0	0.0	3	1.0468263021815412	19.624046732900275	230.0	36	1.05	0.95				
	325	1	0.0	0.0	0.0	0.0	3	1.0161071002527777	15.37194275576214	230.0	35	1.05	0.95				
];
