%% MATPOWER Case Format : Version 2
function mpc = RTS_GMLC
mpc.version = '2';

%%-----  Power Flow Data  -----%%
%% system MVA base
mpc.baseMVA = 100.0;
%% bus data
%    bus_i    type    Pd    Qd    Gs    Bs    area    Vm    Va    baseKV    zone    Vmax    Vmin
mpc.bus = [
	101	2	55.54972784842106	11.31568530245614	0.0	0.0	1	1.030881455949469	0.03571012005489927	138.0	11	1.05	0.95				
	102	2	49.891885197192984	10.286986638596492	0.0	0.0	1	1.0298841708415718	-0.2664874052597338	138.0	12	1.05	0.95				
	103	1	92.58287974736842	19.030925281403512	0.0	0.0	1	1.0274221756004436	0.4171050612340694	138.0	11	1.05	0.95				
	104	1	38.061850562807024	7.715239978947368	0.0	0.0	1	1.0185619934980341	-2.8892031008374826	138.0	11	1.05	0.95				
	105	1	36.518802567017545	7.2008906470175456	0.0	0.0	1	1.0335643669203487	-2.8815855494916276	138.0	11	1.05	0.95				
	106	1	69.95150914245615	14.401781294035091	0.0	-100.0	1	1.0424225798477442	-5.06557549206553	138.0	12	1.05	0.95				
	107	2	64.29366649122808	12.858733298245614	0.0	0.0	1	0.9995640228368868	-10.909756573536248	138.0	12	1.05	0.95				
	108	1	87.95373576	18.002226617543858	0.0	0.0	1	1.0007211514637402	-9.405915483589052	138.0	12	1.05	0.95				
	109	1	90.0111330877193	18.516575949473683	0.0	0.0	1	1.024866003528659	-2.9406980802170133	138.0	13	1.05	0.95				
	110	1	100.29811972631579	20.573973277192984	0.0	0.0	1	1.05	-4.208351189298821	138.0	13	1.05	0.95				
	111	1	0.0	0.0	0.0	0.0	1	1.0096006546159582	-0.2438374070908706	230.0	13	1.05	0.95				
	112	1	0.0	0.0	0.0	0.0	1	1.011644133437063	-0.30452784225729135	230.0	13	1.05	0.95				
	113	3	136.3025729614035	27.77486392421053	0.0	0.0	1	1.0035830589101642	-1.3720838364778684e-28	230.0	14	1.05	0.95				
	114	2	99.78377039438597	20.05962394526316	0.0	0.0	1	1.0147391108801673	2.9420591527600846	230.0	16	1.05	0.95				
	115	2	163.04873822175438	32.91835724350877	0.0	0.0	1	1.0441691559824968	11.139739687957663	230.0	16	1.05	0.95				
	116	2	51.434933192982456	10.286986638596492	0.0	0.0	1	1.0405044796957428	10.474706468245735	230.0	16	1.05	0.95				
	117	1	0.0	0.0	0.0	0.0	1	1.0425760235983637	14.926029768580817	230.0	17	1.05	0.95				
	118	2	171.27832753263158	34.97575457122807	0.0	0.0	1	1.04998820987499	14.920580321674018	230.0	17	1.05	0.95				
	119	1	93.09722907929824	19.030925281403512	0.0	0.0	1	1.0328276002735297	8.06292061097305	230.0	15	1.05	0.95				
	120	1	65.83671448701755	13.373082630175439	0.0	0.0	1	1.0310777324467195	6.938426160039328	230.0	15	1.05	0.95				
	121	2	0.0	0.0	0.0	0.0	1	1.05	16.142963513845828	230.0	17	1.05	0.95				
	122	2	0.0	0.0	0.0	0.0	1	1.05	33.17966109818539	230.0	17	1.05	0.95				
	123	2	0.0	0.0	0.0	0.0	1	1.0310284180390692	6.709174445784523	230.0	15	1.05	0.95				
	124	1	0.0	0.0	0.0	0.0	1	1.0244792072479458	7.147174001170985	230.0	16	1.05	0.95				
	201	2	50.5065323368421	10.288367698245613	0.0	0.0	2	1.0248444526191594	-9.80558764445075	138.0	21	1.05	0.95				
	202	2	45.362348487719295	9.35306154385965	0.0	0.0	2	1.0258109445181245	-9.61021264916682	138.0	22	1.05	0.95				
	203	1	84.17755389473685	17.30316385614035	0.0	0.0	2	1.0175967717860037	-8.868884460569975	138.0	21	1.05	0.95				
	204	1	34.6063277122807	7.014796157894736	0.0	0.0	2	1.0171213848290508	-11.176232644002798	138.0	21	1.05	0.95				
	205	1	33.20336848070175	6.547143080701755	0.0	0.0	2	1.0316810650302037	-11.475738142526684	138.0	21	1.05	0.95				
	206	1	63.600818498245616	13.09428616140351	0.0	-100.0	2	1.0433023403390824	-12.825576368733854	138.0	22	1.05	0.95				
	207	2	58.456634649122805	11.69132692982456	0.0	0.0	2	0.9904853686669451	-19.565387351521114	138.0	22	1.05	0.95				
	208	1	79.9686762	16.367857701754385	0.0	0.0	2	0.9958546130716179	-17.42159667115112	138.0	22	1.05	0.95				
	209	1	81.83928850877193	16.835510778947366	0.0	0.0	2	1.0234680254967956	-10.537092168054803	138.0	23	1.05	0.95				
	210	1	91.19235005263158	18.7061230877193	0.0	0.0	2	1.05	-11.668965766593494	138.0	23	1.05	0.95				
	211	1	0.0	0.0	0.0	0.0	2	1.0077422908533282	-7.4707548258712055	230.0	23	1.05	0.95				
	212	1	0.0	0.0	0.0	0.0	2	1.009942449512242	-6.627035430660362	230.0	23	1.05	0.95				
	213	2	123.92806545614035	25.25326616842105	0.0	0.0	2	1.0041050379993577	-6.162691710273692	230.0	24	1.05	0.95				
	214	2	90.72469697543859	18.238470010526317	0.0	0.0	2	1.0102081830818601	-4.892527944607975	230.0	26	1.05	0.95				
	215	2	148.24602547017543	29.92979694035088	0.0	0.0	2	1.0293740679534178	1.5789334838705922	230.0	26	1.05	0.95				
	216	2	46.76530771929824	9.35306154385965	0.0	0.0	2	1.0306414106705202	1.5704852859432932	230.0	26	1.05	0.95				
	217	1	0.0	0.0	0.0	0.0	2	1.0355336597253608	3.9990447637018804	230.0	27	1.05	0.95				
	218	2	155.72847470526315	31.800409249122808	0.0	0.0	2	1.0357857666392507	3.942537944567768	230.0	27	1.05	0.95				
	219	1	84.64520697192982	17.30316385614035	0.0	0.0	2	1.0307649633627167	1.33594029423109	230.0	25	1.05	0.95				
	220	1	59.85959388070176	12.158980007017544	0.0	0.0	2	1.0341705546684228	2.0348944893097607	230.0	25	1.05	0.95				
	221	2	0.0	0.0	0.0	0.0	2	1.036315406284669	3.936304648786426	230.0	27	1.05	0.95				
	222	2	0.0	0.0	0.0	0.0	2	1.05	10.45963027811293	230.0	27	1.05	0.95				
	223	2	0.0	0.0	0.0	0.0	2	1.0369451332709274	2.7695059338492087	230.0	25	1.05	0.95				
	224	1	0.0	0.0	0.0	0.0	2	1.0120688141583354	-2.329160285408954	230.0	26	1.05	0.95				
	301	2	57.16039229052632	11.643783614736842	0.0	0.0	3	1.013458588453196	-13.300025700734588	138.0	31	1.05	0.95				
	302	2	51.33850048315789	10.585257831578948	0.0	0.0	3	1.0120808880916843	-13.5804872142186	138.0	32	1.05	0.95				
	303	1	95.26732048421053	19.58272698842105	0.0	0.0	3	1.0469065425114878	-1.4685847849763578	138.0	31	1.05	0.95				
	304	1	39.1654539768421	7.93894337368421	0.0	0.0	3	1.010749148104417	-12.043245837375089	138.0	31	1.05	0.95				
	305	1	37.57766530210526	7.409680482105263	0.0	0.0	3	1.0250431221158207	-13.684570988497027	138.0	31	1.05	0.95				
	306	1	71.97975325473685	14.819360964210526	0.0	-100.0	3	1.0385213465112488	-14.504417973781717	138.0	32	1.05	0.95				
	307	2	66.15786144736842	13.231572289473684	0.0	0.0	3	0.9907472643016512	-20.19905772501231	138.0	32	1.05	0.95				
	308	1	90.50395445999999	18.524201205263154	0.0	0.0	3	0.9938733198804758	-17.72172794071017	138.0	32	1.05	0.95				
	309	1	92.62100602631578	19.053464096842106	0.0	0.0	3	1.0271526465749017	-8.624257943541533	138.0	33	1.05	0.95				
	310	1	103.20626385789473	21.170515663157897	0.0	0.0	3	1.05	-12.370635370959006	138.0	33	1.05	0.95				
	311	1	0.0	0.0	0.0	0.0	3	1.0136884996850704	-6.482807177943368	230.0	33	1.05	0.95				
	312	1	0.0	0.0	0.0	0.0	3	1.0157944083098824	-5.81370736288099	230.0	33	1.05	0.95				
	313	2	140.25466626842103	28.58019614526316	0.0	0.0	3	1.015298253951929	-3.291603080600098	230.0	34	1.05	0.95				
	314	2	102.67700096631577	20.641252771578948	0.0	0.0	3	1.0179334009288938	-5.197976163147716	230.0	36	1.05	0.95				
	315	2	167.77633663052632	33.87282506105263	0.0	0.0	3	1.0435513348857244	-0.5769397482702913	230.0	36	1.05	0.95				
	316	2	52.926289157894736	10.585257831578948	0.0	0.0	3	1.0417764523603623	-0.20270201880354802	230.0	36	1.05	0.95				
	317	1	0.0	0.0	0.0	0.0	3	1.0475582099636336	2.47697825280141	230.0	37	1.05	0.95				
	318	2	176.2445428957895	35.989876627368425	0.0	0.0	3	1.0442797268460833	1.3121896331674698	230.0	37	1.05	0.95				
	319	1	95.79658337578947	19.58272698842105	0.0	0.0	3	1.036852418585649	-0.9757997659514365	230.0	35	1.05	0.95				
	320	1	67.74565012210526	13.76083518105263	0.0	0.0	3	1.0365969038253058	-0.6415080301310196	230.0	35	1.05	0.95				
	321	2	0.0	0.0	0.0	0.0	3	1.0450886320673505	1.2535347487143125	230.0	37	1.05	0.95				
	322	2	0.0	0.0	0.0	0.0	3	1.05	6.070354503820864	230.0	37	1.05	0.95				
	323	2	0.0	0.0	0.0	0.0	3	1.0375261230666937	-0.06034228906616732	230.0	35	1.05	0.95				
	324	1	0.0	0.0	0.0	0.0	3	1.0402741912450504	-0.9087274366215463	230.0	36	1.05	0.95				
	325	1	0.0	0.0	0.0	0.0	3	1.0334452157966518	1.286811281516686	230.0	35	1.05	0.95				
];
