%% MATPOWER Case Format : Version 2
function mpc = RTS_GMLC
mpc.version = '2';

%%-----  Power Flow Data  -----%%
%% system MVA base
mpc.baseMVA = 100.0;
%% bus data
%    bus_i    type    Pd    Qd    Gs    Bs    area    Vm    Va    baseKV    zone    Vmax    Vmin
mpc.bus = [
	101	2	77.68678873263158	15.825086593684212	0.0	0.0	1	1.0450143574907844	-1.3158552033547324	138.0	11	1.05	0.95				
	102	2	69.77424543578947	14.386442357894738	0.0	0.0	1	1.0443641696722323	-1.5469519335736444	138.0	12	1.05	0.95				
	103	1	129.47798122105266	26.614918362105268	0.0	0.0	1	1.0247808867214894	-2.7138854787172653	138.0	11	1.05	0.95				
	104	1	53.229836724210536	10.789831768421053	0.0	0.0	1	1.02351611294447	-4.750661370503055	138.0	11	1.05	0.95				
	105	1	51.07187037052632	10.070509650526317	0.0	0.0	1	1.0375307451379632	-5.036726120092402	138.0	11	1.05	0.95				
	106	1	97.82780803368422	20.141019301052633	0.0	-100.0	1	1.0394828455363974	-7.8216163250990025	138.0	12	1.05	0.95				
	107	2	89.9152647368421	17.98305294736842	0.0	0.0	1	1.012483103672859	-11.04162529876245	138.0	12	1.05	0.95				
	108	1	123.00408216000001	25.17627412631579	0.0	0.0	1	1.0033646077664928	-11.147925729017023	138.0	12	1.05	0.95				
	109	1	125.88137063157896	25.895596244210527	0.0	0.0	1	1.0260807761247706	-5.25375722820671	138.0	13	1.05	0.95				
	110	1	140.2678129894737	28.772884715789477	0.0	0.0	1	1.05	-6.597273153019706	138.0	13	1.05	0.95				
	111	1	0.0	0.0	0.0	0.0	1	1.0142036294721601	-2.1191936763239596	230.0	13	1.05	0.95				
	112	1	0.0	0.0	0.0	0.0	1	1.0160820204310292	-1.465414079817289	230.0	13	1.05	0.95				
	113	3	190.62036124210528	38.84339436631579	0.0	0.0	1	1.0158761613003127	3.631060710130279e-28	230.0	14	1.05	0.95				
	114	2	139.54849087157893	28.05356259789474	0.0	0.0	1	1.0177774091356349	-0.13228438993062286	230.0	16	1.05	0.95				
	115	2	228.02511137263159	46.03661554526316	0.0	0.0	1	1.0446438043361426	7.691375103743842	230.0	16	1.05	0.95				
	116	2	71.93221178947368	14.386442357894738	0.0	0.0	1	1.0426415779758877	7.019529163419317	230.0	16	1.05	0.95				
	117	1	0.0	0.0	0.0	0.0	1	1.045200956981084	10.178442342673948	230.0	17	1.05	0.95				
	118	2	239.53426525894739	48.91390401684211	0.0	0.0	1	1.0475531698778617	10.482215387484903	230.0	17	1.05	0.95				
	119	1	130.1973033389474	26.614918362105268	0.0	0.0	1	1.0357629568359674	5.4742455840466535	230.0	15	1.05	0.95				
	120	1	92.07323109052632	18.702375065263162	0.0	0.0	1	1.035996383084603	5.3559682202338195	230.0	15	1.05	0.95				
	121	2	0.0	0.0	0.0	0.0	1	1.05	12.265017677872294	230.0	17	1.05	0.95				
	122	2	0.0	0.0	0.0	0.0	1	1.05	20.752691904039473	230.0	17	1.05	0.95				
	123	2	0.0	0.0	0.0	0.0	1	1.0379968400475383	5.826636412556236	230.0	15	1.05	0.95				
	124	1	0.0	0.0	0.0	0.0	1	1.0241784315828235	3.829632944876158	230.0	16	1.05	0.95				
	201	2	72.24933103578948	14.717456322105264	0.0	0.0	2	1.0314963547855083	-10.713539866701941	138.0	21	1.05	0.95				
	202	2	64.89060287473684	13.379505747368423	0.0	0.0	2	1.0319626765931544	-10.686919836610866	138.0	22	1.05	0.95				
	203	1	120.4155517263158	24.75208563263158	0.0	0.0	2	1.0196120047319372	-9.587605489904286	138.0	21	1.05	0.95				
	204	1	49.50417126526316	10.034629310526315	0.0	0.0	2	1.017009068595598	-12.157178590676656	138.0	21	1.05	0.95				
	205	1	47.49724540315789	9.365654023157896	0.0	0.0	2	1.0323063115143842	-12.421737897974443	138.0	21	1.05	0.95				
	206	1	90.98063908210527	18.731308046315792	0.0	-100.0	2	1.0390110493846452	-13.994239905456542	138.0	22	1.05	0.95				
	207	2	83.62191092105263	16.724382184210526	0.0	0.0	2	0.9780187931484682	-23.90595550225363	138.0	22	1.05	0.95				
	208	1	114.39477413999998	23.414135057894736	0.0	0.0	2	0.9795110241920092	-20.641998376922498	138.0	22	1.05	0.95				
	209	1	117.07067528947368	24.083110345263155	0.0	0.0	2	1.0255311276143257	-10.641475319922634	138.0	23	1.05	0.95				
	210	1	130.45018103684208	26.759011494736846	0.0	0.0	2	1.05	-12.034051635070751	138.0	23	1.05	0.95				
	211	1	0.0	0.0	0.0	0.0	2	1.0194844770268452	-7.001996433734543	230.0	23	1.05	0.95				
	212	1	0.0	0.0	0.0	0.0	2	1.0204887829730567	-3.00202019226258	230.0	23	1.05	0.95				
	213	2	177.27845115263156	36.12466551789474	0.0	0.0	2	1.0240744597994718	-4.61324026296412	230.0	24	1.05	0.95				
	214	2	129.78120574947368	26.09003620736842	0.0	0.0	2	1.027958627242665	-4.795404754937652	230.0	26	1.05	0.95				
	215	2	212.06516609578946	42.81441839157895	0.0	0.0	2	1.0409462819861672	2.30125584573742	230.0	26	1.05	0.95				
	216	2	66.8975287368421	13.379505747368423	0.0	0.0	2	1.0422783280593626	2.4140097219497085	230.0	26	1.05	0.95				
	217	1	0.0	0.0	0.0	0.0	2	1.045044299579568	4.889026186441686	230.0	27	1.05	0.95				
	218	2	222.7687706936842	45.490319541052635	0.0	0.0	2	1.045807406809312	5.1892144625430925	230.0	27	1.05	0.95				
	219	1	121.08452701368422	24.75208563263158	0.0	0.0	2	1.0408978556796056	2.504116306571248	230.0	25	1.05	0.95				
	220	1	85.6288367831579	17.39335747157895	0.0	0.0	2	1.0454019977841171	3.839816905086538	230.0	25	1.05	0.95				
	221	2	0.0	0.0	0.0	0.0	2	1.0457040858356659	4.985145101743664	230.0	27	1.05	0.95				
	222	2	0.0	0.0	0.0	0.0	2	1.05	11.455652937342524	230.0	27	1.05	0.95				
	223	2	0.0	0.0	0.0	0.0	2	1.0499999987139237	5.056597797548523	230.0	25	1.05	0.95				
	224	1	0.0	0.0	0.0	0.0	2	1.0180797836795037	-2.108329714748575	230.0	26	1.05	0.95				
	301	2	64.35242010947368	13.108826318596492	0.0	0.0	3	1.0095779605161197	2.291908638315114	138.0	31	1.05	0.95				
	302	2	57.79800695017543	11.91711483508772	0.0	0.0	3	1.008194896114438	2.010561724942574	138.0	32	1.05	0.95				
	303	1	107.25403351578949	22.04666244491228	0.0	0.0	3	1.0456202736902642	13.453065920723597	138.0	31	1.05	0.95				
	304	1	44.09332488982456	8.937836126315789	0.0	0.0	3	1.0070386076809719	3.4506757955764793	138.0	31	1.05	0.95				
	305	1	42.3057576645614	8.341980384561404	0.0	0.0	3	1.0218979471518639	2.514455584281649	138.0	31	1.05	0.95				
	306	1	81.03638087859649	16.68396076912281	0.0	-100.0	3	1.0355661516698302	1.9656815753822157	138.0	32	1.05	0.95				
	307	2	74.48196771929825	14.896393543859649	0.0	0.0	3	0.9899771581004393	-3.722099823728413	138.0	32	1.05	0.95				
	308	1	101.89133183999999	20.854950961403507	0.0	0.0	3	0.9943549597909137	-0.9431060849402512	138.0	32	1.05	0.95				
	309	1	104.27475480701753	21.450806703157895	0.0	0.0	3	1.0261974074257287	7.067212091853993	138.0	33	1.05	0.95				
	310	1	116.19186964210526	23.83422967017544	0.0	0.0	3	1.05	4.650608568335401	138.0	33	1.05	0.95				
	311	1	0.0	0.0	0.0	0.0	3	1.0135445221283776	10.220160979595581	230.0	33	1.05	0.95				
	312	1	0.0	0.0	0.0	0.0	3	1.0174360630545607	10.922128703267854	230.0	33	1.05	0.95				
	313	2	157.90177156491228	32.17621005473684	0.0	0.0	3	1.0221441318659972	15.24193770650751	230.0	34	1.05	0.95				
	314	2	115.59601390035085	23.23837392842105	0.0	0.0	3	1.0146475573522304	10.212737939706587	230.0	36	1.05	0.95				
	315	2	188.88627013614035	38.1347674722807	0.0	0.0	3	1.0418907801412711	8.994039089028766	230.0	36	1.05	0.95				
	316	2	59.585574175438595	11.91711483508772	0.0	0.0	3	1.0369355075643765	9.464661231037939	230.0	36	1.05	0.95				
	317	1	0.0	0.0	0.0	0.0	3	1.043309035594542	9.763774459134593	230.0	37	1.05	0.95				
	318	2	198.41996200421053	40.518190439298245	0.0	0.0	3	1.0420632430554	8.576679018396836	230.0	37	1.05	0.95				
	319	1	107.84988925754386	22.04666244491228	0.0	0.0	3	1.0320494737653894	10.367374091766361	230.0	35	1.05	0.95				
	320	1	76.2695349445614	15.492249285614035	0.0	0.0	3	1.0299482704484528	11.125963619604704	230.0	35	1.05	0.95				
	321	2	0.0	0.0	0.0	0.0	3	1.043130715794945	9.282538286984973	230.0	37	1.05	0.95				
	322	2	0.0	0.0	0.0	0.0	3	1.05	13.798262786487884	230.0	37	1.05	0.95				
	323	2	0.0	0.0	0.0	0.0	3	1.0292495277740865	11.58437102059842	230.0	35	1.05	0.95				
	324	1	0.0	0.0	0.0	0.0	3	1.0428390353366974	12.304791301202913	230.0	36	1.05	0.95				
	325	1	0.0	0.0	0.0	0.0	3	1.031728703730144	11.652897433890768	230.0	35	1.05	0.95				
];
