%% MATPOWER Case Format : Version 2
function mpc = RTS_GMLC
mpc.version = '2';

%%-----  Power Flow Data  -----%%
%% system MVA base
mpc.baseMVA = 100.0;
%% bus data
%    bus_i    type    Pd    Qd    Gs    Bs    area    Vm    Va    baseKV    zone    Vmax    Vmin
mpc.bus = [
	101	2	39.437902042105264	8.033646712280701	0.0	0.0	1	1.033250187783958	2.9557344117948876	138.0	11	1.05	0.95				
	102	2	35.42107868596491	7.303315192982455	0.0	0.0	1	1.032348208278192	2.7140242648203925	138.0	12	1.05	0.95				
	103	1	65.7298367368421	13.511133107017542	0.0	0.0	1	1.0304329882304726	0.7221127410514773	138.0	11	1.05	0.95				
	104	1	27.022266214035085	5.477486394736842	0.0	0.0	1	1.0222832378901454	-0.34638011278460074	138.0	11	1.05	0.95				
	105	1	25.92676893508772	5.11232063508772	0.0	0.0	1	1.0366243105994402	-0.06226996646789861	138.0	11	1.05	0.95				
	106	1	49.662543312280704	10.22464127017544	0.0	-100.0	1	1.0470787617344122	-2.1732596520701835	138.0	12	1.05	0.95				
	107	2	45.645719956140354	9.12914399122807	0.0	0.0	1	1.0002090794849319	-6.505243242178688	138.0	12	1.05	0.95				
	108	1	62.4433449	12.780801587719298	0.0	0.0	1	1.006695375771624	-5.597465068257764	138.0	12	1.05	0.95				
	109	1	63.904007938596486	13.14596734736842	0.0	0.0	1	1.024832505285158	-1.3658297497978993	138.0	13	1.05	0.95				
	110	1	71.20732313157895	14.60663038596491	0.0	0.0	1	1.05	-1.9687408668378854	138.0	13	1.05	0.95				
	111	1	0.0	0.0	0.0	0.0	1	1.001758005477546	-0.043662245808906514	230.0	13	1.05	0.95				
	112	1	0.0	0.0	0.0	0.0	1	1.0064664906638343	0.31568409337407455	230.0	13	1.05	0.95				
	113	3	96.76892630701754	19.718951021052632	0.0	0.0	1	0.9905305107075161	1.9234632201407037e-27	230.0	14	1.05	0.95				
	114	2	70.84215737192982	14.24146462631579	0.0	0.0	1	0.9982419938638833	1.6775269450698649	230.0	16	1.05	0.95				
	115	2	115.75754580877191	23.37060861754386	0.0	0.0	1	1.0377610149912173	6.51420686664208	230.0	16	1.05	0.95				
	116	2	36.51657596491228	7.303315192982455	0.0	0.0	1	1.0322221180331494	6.179836831056053	230.0	16	1.05	0.95				
	117	1	0.0	0.0	0.0	0.0	1	1.0417675819317231	7.679592483063599	230.0	17	1.05	0.95				
	118	2	121.60019796315788	24.831271656140352	0.0	0.0	1	1.0450340063422856	7.568056372114838	230.0	17	1.05	0.95				
	119	1	66.09500249649123	13.511133107017542	0.0	0.0	1	1.0249671118956936	5.396712370356987	230.0	15	1.05	0.95				
	120	1	46.74121723508772	9.494309750877193	0.0	0.0	1	1.0208571457046578	5.427598225311401	230.0	15	1.05	0.95				
	121	2	0.0	0.0	0.0	0.0	1	1.0499999042960961	8.295213114930096	230.0	17	1.05	0.95				
	122	2	0.0	0.0	0.0	0.0	1	1.05	14.563900814035362	230.0	17	1.05	0.95				
	123	2	0.0	0.0	0.0	0.0	1	1.0188726569409274	5.732622232790745	230.0	15	1.05	0.95				
	124	1	0.0	0.0	0.0	0.0	1	1.0269685481448545	4.345593182148174	230.0	16	1.05	0.95				
	201	2	38.096647237894736	7.76042814105263	0.0	0.0	2	1.0245252503607516	-4.559750360714719	138.0	21	1.05	0.95				
	202	2	34.216433167368415	7.05493467368421	0.0	0.0	2	1.0250624793053196	-4.347071136013155	138.0	22	1.05	0.95				
	203	1	63.49441206315789	13.051629146315788	0.0	0.0	2	1.017550432137926	-4.951956208575625	138.0	21	1.05	0.95				
	204	1	26.103258292631576	5.291201005263158	0.0	0.0	2	1.0185239900532597	-6.2638926741035945	138.0	21	1.05	0.95				
	205	1	25.045018091578946	4.938454271578947	0.0	0.0	2	1.0330080273798414	-6.408529748040148	138.0	21	1.05	0.95				
	206	1	47.97355578105263	9.876908543157894	0.0	-100.0	2	1.0462504551893765	-7.762641368210462	138.0	22	1.05	0.95				
	207	2	44.09334171052631	8.818668342105262	0.0	0.0	2	0.9913096709329339	-12.92638317095409	138.0	22	1.05	0.95				
	208	1	60.319691459999994	12.346135678947366	0.0	0.0	2	1.0008679607671918	-11.4043189499267	138.0	22	1.05	0.95				
	209	1	61.730678394736834	12.698882412631576	0.0	0.0	2	1.022686238499177	-6.374454225951682	138.0	23	1.05	0.95				
	210	1	68.78561306842104	14.10986934736842	0.0	0.0	2	1.05	-7.143497953341398	138.0	23	1.05	0.95				
	211	1	0.0	0.0	0.0	0.0	2	1.000878588151759	-4.301918593888048	230.0	23	1.05	0.95				
	212	1	0.0	0.0	0.0	0.0	2	1.0078338876378687	-3.814234066152443	230.0	23	1.05	0.95				
	213	2	93.47788442631578	19.048323618947368	0.0	0.0	2	0.9952028896574743	-3.533773211914216	230.0	24	1.05	0.95				
	214	2	68.43286633473683	13.757122613684212	0.0	0.0	2	0.9948769223703781	-2.3632036544152406	230.0	26	1.05	0.95				
	215	2	111.82071457789473	22.575790955789472	0.0	0.0	2	1.0183934125077168	2.5226897596195563	230.0	26	1.05	0.95				
	216	2	35.27467336842105	7.05493467368421	0.0	0.0	2	1.0195190355291888	2.4432942644112914	230.0	26	1.05	0.95				
	217	1	0.0	0.0	0.0	0.0	2	1.0255625497897058	4.169950094783231	230.0	27	1.05	0.95				
	218	2	117.4646623168421	23.986777890526316	0.0	0.0	2	1.0252221326913478	3.93093088600587	230.0	27	1.05	0.95				
	219	1	63.84715879684211	13.051629146315788	0.0	0.0	2	1.0210864745092325	1.9139972589623468	230.0	25	1.05	0.95				
	220	1	45.151581911578944	9.171415075789472	0.0	0.0	2	1.0244633394780018	2.153596633061839	230.0	25	1.05	0.95				
	221	2	0.0	0.0	0.0	0.0	2	1.026568214012563	4.257530091724632	230.0	27	1.05	0.95				
	222	2	0.0	0.0	0.0	0.0	2	1.0485513118921972	10.731443303700337	230.0	27	1.05	0.95				
	223	2	0.0	0.0	0.0	0.0	2	1.0265721108848103	2.5578487716251535	230.0	25	1.05	0.95				
	224	1	0.0	0.0	0.0	0.0	2	1.0086101606171378	-0.3019180729546928	230.0	26	1.05	0.95				
	301	2	45.390066442105265	9.246124645614035	0.0	0.0	3	1.0064534304446355	-25.335964170319894	138.0	31	1.05	0.95				
	302	2	40.76700411929824	8.405567859649123	0.0	0.0	3	1.006383845204465	-25.434949215193488	138.0	32	1.05	0.95				
	303	1	75.65011073684211	15.550300540350875	0.0	0.0	3	1.0216705870744875	-20.48250663312088	138.0	31	1.05	0.95				
	304	1	31.10060108070175	6.304175894736841	0.0	0.0	3	1.0098809558849589	-24.02787925237588	138.0	31	1.05	0.95				
	305	1	29.839765901754383	5.883897501754387	0.0	0.0	3	1.0227377056829534	-24.68810117415034	138.0	31	1.05	0.95				
	306	1	57.15786144561403	11.767795003508773	0.0	-100.0	3	1.0402774213544257	-24.8326875642369	138.0	32	1.05	0.95				
	307	2	52.534799122807016	10.506959824561402	0.0	0.0	3	0.9930854247132272	-29.420815775213907	138.0	32	1.05	0.95				
	308	1	71.8676052	14.709743754385961	0.0	0.0	3	0.9998614930868068	-27.537835862825983	138.0	32	1.05	0.95				
	309	1	73.54871877192983	15.130022147368418	0.0	0.0	3	1.0258298430335882	-21.154466221816797	138.0	33	1.05	0.95				
	310	1	81.95428663157894	16.811135719298246	0.0	0.0	3	1.05	-22.68761012590831	138.0	33	1.05	0.95				
	311	1	0.0	0.0	0.0	0.0	3	1.0078476737327402	-17.068792600416298	230.0	33	1.05	0.95				
	312	1	0.0	0.0	0.0	0.0	3	1.0116852082211127	-16.389862623842497	230.0	33	1.05	0.95				
	313	2	111.37377414035086	22.695033221052633	0.0	0.0	3	1.0115898299176516	-13.354495226463508	230.0	34	1.05	0.95				
	314	2	81.53400823859648	16.39085732631579	0.0	0.0	3	1.0078028877412202	-15.37269174072213	230.0	36	1.05	0.95				
	315	2	133.22825057543858	26.89781715087719	0.0	0.0	3	1.0323309902408275	-11.37524368001923	230.0	36	1.05	0.95				
	316	2	42.02783929824561	8.405567859649123	0.0	0.0	3	1.0321668367465862	-10.481241711426433	230.0	36	1.05	0.95				
	317	1	0.0	0.0	0.0	0.0	3	1.0367716339683837	-9.157783886017613	230.0	37	1.05	0.95				
	318	2	139.9527048631579	28.578930722807016	0.0	0.0	3	1.036058242386807	-9.003446768465956	230.0	37	1.05	0.95				
	319	1	76.07038912982456	15.550300540350875	0.0	0.0	3	1.0303282685831867	-10.819622699725306	230.0	35	1.05	0.95				
	320	1	53.79563430175438	10.92723821754386	0.0	0.0	3	1.031466157105056	-10.299666713976203	230.0	35	1.05	0.95				
	321	2	0.0	0.0	0.0	0.0	3	1.0370166999654191	-9.280783205553355	230.0	37	1.05	0.95				
	322	2	0.0	0.0	0.0	0.0	3	1.0499999027125924	-4.92546989466438	230.0	37	1.05	0.95				
	323	2	0.0	0.0	0.0	0.0	3	1.0327155093742757	-9.69379889203432	230.0	35	1.05	0.95				
	324	1	0.0	0.0	0.0	0.0	3	1.0169841764133891	-14.783532061678352	230.0	36	1.05	0.95				
	325	1	0.0	0.0	0.0	0.0	3	1.0279957095582462	-8.195739075300509	230.0	35	1.05	0.95				
];
