%% MATPOWER Case Format : Version 2
function mpc = RTS_GMLC
mpc.version = '2';

%%-----  Power Flow Data  -----%%
%% system MVA base
mpc.baseMVA = 100.0;
%% bus data
%    bus_i    type    Pd    Qd    Gs    Bs    area    Vm    Va    baseKV    zone    Vmax    Vmin
mpc.bus = [
	101	2	55.41613063578947	11.288471055438597	0.0	0.0	1	1.0046458487993613	-3.837011064577495	138.0	11	1.05	0.95				
	102	2	49.771895108070176	10.262246414035088	0.0	0.0	1	1.0019474194085103	-4.481067387129849	138.0	12	1.05	0.95				
	103	1	92.3602177263158	18.985155865964913	0.0	0.0	1	1.016640969185547	0.5424952820161273	138.0	11	1.05	0.95				
	104	1	37.970311731929826	7.696684810526315	0.0	0.0	1	1.0058927253818986	-5.350938512918662	138.0	11	1.05	0.95				
	105	1	36.43097476982456	7.183572489824562	0.0	0.0	1	1.0206638125297174	-5.657662758377847	138.0	11	1.05	0.95				
	106	1	69.7832756154386	14.367144979649124	0.0	-100.0	1	1.0362471563751012	-7.312703411878457	138.0	12	1.05	0.95				
	107	2	64.1390400877193	12.827808017543859	0.0	0.0	1	0.9928803708033878	-12.10224497045458	138.0	12	1.05	0.95				
	108	1	87.74220684000001	17.958931224561404	0.0	0.0	1	0.9967861087991332	-10.63997219383656	138.0	12	1.05	0.95				
	109	1	89.79465612280701	18.472043545263155	0.0	0.0	1	1.024446521977684	-3.9202022766191855	138.0	13	1.05	0.95				
	110	1	100.0569025368421	20.524492828070176	0.0	0.0	1	1.05	-5.808440962641627	138.0	13	1.05	0.95				
	111	1	0.0	0.0	0.0	0.0	1	1.0215843868455268	-0.3422109474744896	230.0	13	1.05	0.95				
	112	1	0.0	0.0	0.0	0.0	1	1.0172112812666105	-1.4306326679493009	230.0	13	1.05	0.95				
	113	3	135.9747649859649	27.708065317894736	0.0	0.0	1	1.0081944129595177	1.1725857739690675e-27	230.0	14	1.05	0.95				
	114	2	99.54379021614035	20.011380507368422	0.0	0.0	1	1.05	3.742178291318859	230.0	16	1.05	0.95				
	115	2	162.65660566245614	32.83918852491228	0.0	0.0	1	1.037976889537859	15.089687285062533	230.0	16	1.05	0.95				
	116	2	51.311232070175436	10.262246414035088	0.0	0.0	1	1.0390837292021	12.881254890616585	230.0	16	1.05	0.95				
	117	1	0.0	0.0	0.0	0.0	1	1.038854499406068	19.82980093341393	230.0	17	1.05	0.95				
	118	2	170.86640279368422	34.8916378077193	0.0	0.0	1	1.05	20.79618807433393	230.0	17	1.05	0.95				
	119	1	92.87333004701755	18.985155865964913	0.0	0.0	1	1.0371795478895856	8.082804515126885	230.0	15	1.05	0.95				
	120	1	65.67837704982456	13.340920338245615	0.0	0.0	1	1.0443632663811495	4.9105958288858265	230.0	15	1.05	0.95				
	121	2	0.0	0.0	0.0	0.0	1	1.0479830608018914	22.950731562617552	230.0	17	1.05	0.95				
	122	2	0.0	0.0	0.0	0.0	1	1.05	40.87045841607451	230.0	17	1.05	0.95				
	123	2	0.0	0.0	0.0	0.0	1	1.0499999166037999	3.5606380787901375	230.0	15	1.05	0.95				
	124	1	0.0	0.0	0.0	0.0	1	1.0113642964550438	9.689969755830232	230.0	16	1.05	0.95				
	201	2	45.03258303157895	9.173303950877193	0.0	0.0	2	1.0183222334844075	-13.544530282083436	138.0	21	1.05	0.95				
	202	2	40.44593105614035	8.339367228070177	0.0	0.0	2	1.0173819065900358	-13.805434816222206	138.0	22	1.05	0.95				
	203	1	75.05430505263159	15.427829371929825	0.0	0.0	2	1.0154847748187767	-10.082871193319445	138.0	21	1.05	0.95				
	204	1	30.85565874385965	6.254525421052631	0.0	0.0	2	1.0138208074423498	-13.225510863006026	138.0	21	1.05	0.95				
	205	1	29.604753659649123	5.837557059649123	0.0	0.0	2	1.029101998079813	-13.624927048150369	138.0	21	1.05	0.95				
	206	1	56.7076971508772	11.675114119298247	0.0	-100.0	2	1.0431059834729863	-14.18992270317522	138.0	22	1.05	0.95				
	207	2	52.121045175438596	10.42420903508772	0.0	0.0	2	0.999621382618901	-19.216747844822457	138.0	22	1.05	0.95				
	208	1	71.3015898	14.593892649122806	0.0	0.0	2	1.0031681031144524	-17.31973153933281	138.0	22	1.05	0.95				
	209	1	72.96946324561404	15.010861010526316	0.0	0.0	2	1.0230644346245237	-11.025876430629676	138.0	23	1.05	0.95				
	210	1	81.30883047368421	16.678734456140354	0.0	0.0	2	1.05	-12.366490427902965	138.0	23	1.05	0.95				
	211	1	0.0	0.0	0.0	0.0	2	1.0072573825838775	-7.631141147734196	230.0	23	1.05	0.95				
	212	1	0.0	0.0	0.0	0.0	2	1.0025612992977273	-6.370495214972733	230.0	23	1.05	0.95				
	213	2	110.49661577192981	22.516291515789476	0.0	0.0	2	1.0003231539196897	-5.631277895017694	230.0	24	1.05	0.95				
	214	2	80.8918621122807	16.261766094736842	0.0	0.0	2	1.0138268452302128	-5.2206637712748	230.0	26	1.05	0.95				
	215	2	132.17897056491228	26.685975129824563	0.0	0.0	2	1.0272617014409582	0.5043427496785917	230.0	26	1.05	0.95				
	216	2	41.69683614035088	8.339367228070177	0.0	0.0	2	1.0266248044954487	0.7699117516201426	230.0	26	1.05	0.95				
	217	1	0.0	0.0	0.0	0.0	2	1.035697619567549	1.9689261833543696	230.0	27	1.05	0.95				
	218	2	138.85046434736842	28.3538485754386	0.0	0.0	2	1.0338973306590826	1.4501418108063275	230.0	27	1.05	0.95				
	219	1	75.4712734140351	15.427829371929825	0.0	0.0	2	1.0201142784574413	1.7616066119592302	230.0	25	1.05	0.95				
	220	1	53.371950259649125	10.84117739649123	0.0	0.0	2	1.0176343562757146	3.4567444516654118	230.0	25	1.05	0.95				
	221	2	0.0	0.0	0.0	0.0	2	1.0344253510119317	1.9351204912828155	230.0	27	1.05	0.95				
	222	2	0.0	0.0	0.0	0.0	2	1.05	8.446009825807884	230.0	27	1.05	0.95				
	223	2	0.0	0.0	0.0	0.0	2	1.0174620840587538	4.720444941682674	230.0	25	1.05	0.95				
	224	1	0.0	0.0	0.0	0.0	2	1.0098124383789564	-3.4560257021607113	230.0	26	1.05	0.95				
	301	2	47.61088264421053	9.69851313122807	0.0	0.0	3	1.0148786154436626	23.493516098379203	138.0	31	1.05	0.95				
	302	2	42.76162607859649	8.816830119298247	0.0	0.0	3	1.0132552689745256	23.13312695825859	138.0	32	1.05	0.95				
	303	1	79.35147107368421	16.311135720701756	0.0	0.0	3	1.05	38.81222674669094	138.0	31	1.05	0.95				
	304	1	32.62227144140351	6.612622589473684	0.0	0.0	3	1.008557277146413	24.56602240933135	138.0	31	1.05	0.95				
	305	1	31.29974692350877	6.1717810835087725	0.0	0.0	3	1.0245960584230227	21.83693154238311	138.0	31	1.05	0.95				
	306	1	59.95444481122808	12.343562167017545	0.0	-100.0	3	1.0374012064517364	20.381030087448263	138.0	32	1.05	0.95				
	307	2	55.10518824561403	11.021037649122807	0.0	0.0	3	0.95	16.79373174674853	138.0	32	1.05	0.95				
	308	1	75.38389752	15.42945270877193	0.0	0.0	3	0.9708521480189749	18.71157093926788	138.0	32	1.05	0.95				
	309	1	77.14726354385965	15.870294214736841	0.0	0.0	3	1.0186695943055017	27.57431019324661	138.0	33	1.05	0.95				
	310	1	85.9640936631579	17.633660238596494	0.0	0.0	3	1.0452469401295417	21.597539261707944	138.0	33	1.05	0.95				
	311	1	0.0	0.0	0.0	0.0	3	1.0091408855202904	25.513180910127716	230.0	33	1.05	0.95				
	312	1	0.0	0.0	0.0	0.0	3	1.0142819823534064	25.451061453141175	230.0	33	1.05	0.95				
	313	2	116.82299908070175	23.805441322105263	0.0	0.0	3	1.0110883531455706	26.498016140831425	230.0	34	1.05	0.95				
	314	2	85.52325215719299	17.19281873263158	0.0	0.0	3	1.0065967869199153	25.65921465575986	230.0	36	1.05	0.95				
	315	2	139.74675739087718	28.213856381754386	0.0	0.0	3	1.05	28.983185434818584	230.0	36	1.05	0.95				
	316	2	44.08415059649123	8.816830119298247	0.0	0.0	3	1.0427368235768453	28.44593624991509	230.0	36	1.05	0.95				
	317	1	0.0	0.0	0.0	0.0	3	1.049284504610718	33.0340756885228	230.0	37	1.05	0.95				
	318	2	146.8002214863158	29.97722240561404	0.0	0.0	3	1.0405867139398226	29.369018112456605	230.0	37	1.05	0.95				
	319	1	79.79231257964912	16.311135720701756	0.0	0.0	3	1.032406594092376	26.497309715581473	230.0	35	1.05	0.95				
	320	1	56.42771276350877	11.46187915508772	0.0	0.0	3	1.027108328712401	25.631766080685452	230.0	35	1.05	0.95				
	321	2	0.0	0.0	0.0	0.0	3	1.0499999509831035	29.888305690976313	230.0	37	1.05	0.95				
	322	2	0.0	0.0	0.0	0.0	3	1.05	35.46959391853	230.0	37	1.05	0.95				
	323	2	0.0	0.0	0.0	0.0	3	1.0247562636074397	25.49293261750863	230.0	35	1.05	0.95				
	324	1	0.0	0.0	0.0	0.0	3	1.0469025392317381	32.739082568324775	230.0	36	1.05	0.95				
	325	1	0.0	0.0	0.0	0.0	3	1.0279249821257899	25.286800691872465	230.0	35	1.05	0.95				
];
