%% MATPOWER Case Format : Version 2
function mpc = RTS_GMLC
mpc.version = '2';

%%-----  Power Flow Data  -----%%
%% system MVA base
mpc.baseMVA = 100.0;
%% bus data
%    bus_i    type    Pd    Qd    Gs    Bs    area    Vm    Va    baseKV    zone    Vmax    Vmin
mpc.bus = [
	101	2	43.59277584	8.880009893333334	0.0	0.0	1	1.0135603265670055	-3.7632706023978715	138.0	11	1.05	0.95				
	102	2	39.15277089333333	8.072736266666668	0.0	0.0	1	1.0134521878757399	-4.00085203758589	138.0	12	1.05	0.95				
	103	1	72.6546264	14.934562093333334	0.0	0.0	1	1.0036135634139391	1.2893209203821074	138.0	11	1.05	0.95				
	104	1	29.869124186666667	6.0545522	0.0	0.0	1	1.0043370180470386	-3.9841434204496498	138.0	11	1.05	0.95				
	105	1	28.658213746666668	5.650915386666668	0.0	0.0	1	1.0182189551570104	-5.089790709751456	138.0	11	1.05	0.95				
	106	1	54.89460661333334	11.301830773333336	0.0	-100.0	1	1.028700736519674	-6.320823478681694	138.0	12	1.05	0.95				
	107	2	50.45460166666666	10.090920333333333	0.0	0.0	1	0.9871572400460894	-11.802403994281027	138.0	12	1.05	0.95				
	108	1	69.02189508	14.127288466666666	0.0	0.0	1	0.9883151852343512	-9.84846600387372	138.0	12	1.05	0.95				
	109	1	70.63644233333333	14.530925280000002	0.0	0.0	1	1.0039169127456389	-3.1563019649523483	138.0	13	1.05	0.95				
	110	1	78.7091786	16.145472533333336	0.0	0.0	1	1.0325201779587316	-5.105183097310097	138.0	13	1.05	0.95				
	111	1	0.0	0.0	0.0	0.0	1	0.9847654861228187	-0.3480990817228723	230.0	13	1.05	0.95				
	112	1	0.0	0.0	0.0	0.0	1	0.9851979604788825	-1.3820819230735264	230.0	13	1.05	0.95				
	113	3	106.96375553333333	21.79638792	0.0	0.0	1	0.9660083945122183	6.706347900201994e-31	230.0	14	1.05	0.95				
	114	2	78.30554178666667	15.74183572	0.0	0.0	1	0.9966853756096544	3.245928668567465	230.0	16	1.05	0.95				
	115	2	127.95286982666667	25.832756053333334	0.0	0.0	1	0.9966019251618973	12.834931824935543	230.0	16	1.05	0.95				
	116	2	40.36368133333333	8.072736266666668	0.0	0.0	1	0.9946583980345802	11.108849092790216	230.0	16	1.05	0.95				
	117	1	0.0	0.0	0.0	0.0	1	0.9972285112538881	17.258502173236824	230.0	17	1.05	0.95				
	118	2	134.41105884	27.44730330666667	0.0	0.0	1	1.0074545881534804	17.826755599505628	230.0	17	1.05	0.95				
	119	1	73.05826321333335	14.934562093333334	0.0	0.0	1	0.993143664004934	6.976986229397422	230.0	15	1.05	0.95				
	120	1	51.66551210666667	10.494557146666669	0.0	0.0	1	0.9978073076151078	3.8895668286264877	230.0	15	1.05	0.95				
	121	2	0.0	0.0	0.0	0.0	1	1.0079060252318024	19.176216391413718	230.0	17	1.05	0.95				
	122	2	0.0	0.0	0.0	0.0	1	1.0120001498209161	37.926306774156814	230.0	17	1.05	0.95				
	123	2	0.0	0.0	0.0	0.0	1	1.0016404333258397	2.5298997771063774	230.0	15	1.05	0.95				
	124	1	0.0	0.0	0.0	0.0	1	0.9853729895896981	8.43615682402433	230.0	16	1.05	0.95				
	201	2	42.924602538947376	8.743900517192984	0.0	0.0	2	1.011833275658847	-16.332983821862122	138.0	21	1.05	0.95				
	202	2	38.55265228035088	7.94900047017544	0.0	0.0	2	1.0107503898682266	-16.587148622178905	138.0	22	1.05	0.95				
	203	1	71.54100423157895	14.705650869824563	0.0	0.0	2	0.9971362651987461	-12.03187559901751	138.0	21	1.05	0.95				
	204	1	29.411301739649126	5.961750352631579	0.0	0.0	2	1.0003067680166884	-15.906922050958038	138.0	21	1.05	0.95				
	205	1	28.218951669122806	5.564300329122808	0.0	0.0	2	1.017178250388357	-16.388536448857888	138.0	21	1.05	0.95				
	206	1	54.05320319719299	11.128600658245617	0.0	-100.0	2	1.0280768062874035	-16.932598016261483	138.0	22	1.05	0.95				
	207	2	49.681252938596494	9.936250587719298	0.0	0.0	2	0.9727126867137169	-21.73905898857401	138.0	22	1.05	0.95				
	208	1	67.96395402	13.910750822807017	0.0	0.0	2	0.9801070027975727	-19.897734706786032	138.0	22	1.05	0.95				
	209	1	69.55375411403509	14.308200846315792	0.0	0.0	2	1.003506016681849	-13.643606391936743	138.0	23	1.05	0.95				
	210	1	77.50275458421054	15.89800094035088	0.0	0.0	2	1.0320536029502854	-15.129579364644986	138.0	23	1.05	0.95				
	211	1	0.0	0.0	0.0	0.0	2	0.9859891084253769	-10.790011488515665	230.0	23	1.05	0.95				
	212	1	0.0	0.0	0.0	0.0	2	0.9833322332096186	-8.951715912516352	230.0	23	1.05	0.95				
	213	2	105.32425622982457	21.462301269473688	0.0	0.0	2	0.9813575620933355	-9.060546127305287	230.0	24	1.05	0.95				
	214	2	77.10530456070175	15.500550916842107	0.0	0.0	2	0.9858920833616147	-8.571236550941187	230.0	26	1.05	0.95				
	215	2	125.99165745228072	25.43680150456141	0.0	0.0	2	0.9922532305896021	-2.0199274496752437	230.0	26	1.05	0.95				
	216	2	39.74500235087719	7.94900047017544	0.0	0.0	2	0.9902090651008298	-2.781083797514617	230.0	26	1.05	0.95				
	217	1	0.0	0.0	0.0	0.0	2	1.0013547121147857	-1.0007281291954304	230.0	27	1.05	0.95				
	218	2	132.35085782842106	27.026601598596496	0.0	0.0	2	1.0027813326475952	-1.4972369794450597	230.0	27	1.05	0.95				
	219	1	71.93845425508772	14.705650869824563	0.0	0.0	2	0.9820963871665023	-2.6062927167942704	230.0	25	1.05	0.95				
	220	1	50.87360300912282	10.333700611228071	0.0	0.0	2	0.9779012459749764	-1.6027695058396623	230.0	25	1.05	0.95				
	221	2	0.0	0.0	0.0	0.0	2	1.0049426841392348	-0.9651003887904256	230.0	27	1.05	0.95				
	222	2	0.0	0.0	0.0	0.0	2	1.0231310566581904	4.8549479702404845	230.0	27	1.05	0.95				
	223	2	0.0	0.0	0.0	0.0	2	0.9764537224999476	-0.7078102299883168	230.0	25	1.05	0.95				
	224	1	0.0	0.0	0.0	0.0	2	0.9821510900429427	-5.82769849689363	230.0	26	1.05	0.95				
	301	2	61.20911103157894	12.46852261754386	0.0	0.0	3	1.003032665364344	27.222551294551266	138.0	31	1.05	0.95				
	302	2	54.974849722807015	11.335020561403509	0.0	0.0	3	1.0037432424635	26.825879037435843	138.0	32	1.05	0.95				
	303	1	102.01518505263158	20.96978803859649	0.0	0.0	3	1.0156944177970137	43.09975900337481	138.0	31	1.05	0.95				
	304	1	41.93957607719298	8.501265421052631	0.0	0.0	3	0.993019947996422	28.473740893342928	138.0	31	1.05	0.95				
	305	1	40.23932299298245	7.934514392982457	0.0	0.0	3	1.0115031883761265	26.441161668326178	138.0	31	1.05	0.95				
	306	1	77.07813981754386	15.869028785964915	0.0	-100.0	3	1.0231962616333716	25.340713448231526	138.0	32	1.05	0.95				
	307	2	70.84387850877192	14.168775701754384	0.0	0.0	3	0.9654916607806786	21.294750082467907	138.0	32	1.05	0.95				
	308	1	96.91442579999999	19.83628598245614	0.0	0.0	3	0.9746879933627388	23.982612049036923	138.0	32	1.05	0.95				
	309	1	99.18142991228069	20.403037010526315	0.0	0.0	3	1.0038563561080163	32.247872134431766	138.0	33	1.05	0.95				
	310	1	110.51645047368422	22.670041122807017	0.0	0.0	3	1.0344868771537659	27.52451877071471	138.0	33	1.05	0.95				
	311	1	0.0	0.0	0.0	0.0	3	0.9957699291604096	32.029814186549345	230.0	33	1.05	0.95				
	312	1	0.0	0.0	0.0	0.0	3	1.002920429910269	32.245916778223496	230.0	33	1.05	0.95				
	313	2	150.18902243859648	30.60455551578947	0.0	0.0	3	1.0053949107092377	34.84177906786924	230.0	34	1.05	0.95				
	314	2	109.94969944561403	22.103290094736842	0.0	0.0	3	0.9888188964288019	31.770142253246753	230.0	36	1.05	0.95				
	315	2	179.6600758982456	36.272065796491226	0.0	0.0	3	0.9888874739657554	30.359441788701258	230.0	36	1.05	0.95				
	316	2	56.67510280701754	11.335020561403509	0.0	0.0	3	0.9835610380021312	30.5722549749986	230.0	36	1.05	0.95				
	317	1	0.0	0.0	0.0	0.0	3	0.9923055409334713	32.51963513618239	230.0	37	1.05	0.95				
	318	2	188.72809234736843	38.53906990877193	0.0	0.0	3	0.9835537297824156	28.493903407284893	230.0	37	1.05	0.95				
	319	1	102.58193608070177	20.96978803859649	0.0	0.0	3	0.9928015098060795	30.4002359517638	230.0	35	1.05	0.95				
	320	1	72.54413159298245	14.73552672982456	0.0	0.0	3	1.0025179443372851	30.0397425479106	230.0	35	1.05	0.95				
	321	2	0.0	0.0	0.0	0.0	3	0.9940489644912501	29.674489508178635	230.0	37	1.05	0.95				
	322	2	0.0	0.0	0.0	0.0	3	1.0124246291729386	34.195414762029536	230.0	37	1.05	0.95				
	323	2	0.0	0.0	0.0	0.0	3	1.0079226262094765	29.787896979648945	230.0	35	1.05	0.95				
	324	1	0.0	0.0	0.0	0.0	3	0.9971148821190428	36.726833723744285	230.0	36	1.05	0.95				
	325	1	0.0	0.0	0.0	0.0	3	1.0092049013385225	28.89394424085669	230.0	35	1.05	0.95				
];
