%% MATPOWER Case Format : Version 2
function mpc = RTS_GMLC
mpc.version = '2';

%%-----  Power Flow Data  -----%%
%% system MVA base
mpc.baseMVA = 100.0;
%% bus data
%    bus_i    type    Pd    Qd    Gs    Bs    area    Vm    Va    baseKV    zone    Vmax    Vmin
mpc.bus = [
	101	2	49.457694202105266	10.074715485614036	0.0	0.0	1	1.05	5.582591527658288	138.0	11	1.05	0.95				
	102	2	44.42033645929825	9.158832259649124	0.0	0.0	1	1.0495301290613201	5.147754374790597	138.0	12	1.05	0.95				
	103	1	82.42949033684212	16.943839680350877	0.0	0.0	1	1.0337372420229118	2.00562417393597	138.0	11	1.05	0.95				
	104	1	33.88767936070175	6.869124194736842	0.0	0.0	1	1.0305476782409637	1.1821927553375833	138.0	11	1.05	0.95				
	105	1	32.51385452175439	6.411182581754386	0.0	0.0	1	1.0424080837789846	0.9911009882701174	138.0	11	1.05	0.95				
	106	1	62.28005936561405	12.822365163508772	0.0	-100.0	1	1.047336646925673	-2.1193495199868244	138.0	12	1.05	0.95				
	107	2	57.242701622807026	11.448540324561405	0.0	0.0	1	1.0013469931686247	-8.156552918268314	138.0	12	1.05	0.95				
	108	1	78.30801582	16.027956454385965	0.0	0.0	1	1.0040642428836337	-6.935198005540723	138.0	12	1.05	0.95				
	109	1	80.13978227192983	16.48589806736842	0.0	0.0	1	1.0250477862720309	-1.4946655575331889	138.0	13	1.05	0.95				
	110	1	89.29861453157895	18.317664519298248	0.0	0.0	1	1.05	-2.3102106074204034	138.0	13	1.05	0.95				
	111	1	0.0	0.0	0.0	0.0	1	1.0049461820595176	-0.5267645929475256	230.0	13	1.05	0.95				
	112	1	0.0	0.0	0.0	0.0	1	1.0090904394612072	-0.49694992065483223	230.0	13	1.05	0.95				
	113	3	121.35452744035089	24.728847101052633	0.0	0.0	1	0.9970681561470149	9.899145662772639e-29	230.0	14	1.05	0.95				
	114	2	88.8406729185965	17.859722906315792	0.0	0.0	1	1.0008529777734754	0.5018732842310607	230.0	16	1.05	0.95				
	115	2	145.1674913154386	29.308263230877195	0.0	0.0	1	1.0335410232992115	5.520943456931612	230.0	16	1.05	0.95				
	116	2	45.79416129824562	9.158832259649124	0.0	0.0	1	1.0287914949538208	4.689664464989232	230.0	16	1.05	0.95				
	117	1	0.0	0.0	0.0	0.0	1	1.037525404629913	7.58937317983506	230.0	17	1.05	0.95				
	118	2	152.4945571231579	31.140029682807025	0.0	0.0	1	1.0409061392026946	8.137600933635786	230.0	17	1.05	0.95				
	119	1	82.88743194982456	16.943839680350877	0.0	0.0	1	1.0200511372271748	3.169568075336114	230.0	15	1.05	0.95				
	120	1	58.61652646175439	11.90648193754386	0.0	0.0	1	1.0149445996217876	2.164676893977396	230.0	15	1.05	0.95				
	121	2	0.0	0.0	0.0	0.0	1	1.04394078199181	9.24697193476548	230.0	17	1.05	0.95				
	122	2	0.0	0.0	0.0	0.0	1	1.05	15.101957506986356	230.0	17	1.05	0.95				
	123	2	0.0	0.0	0.0	0.0	1	1.0128307891577137	1.9695567387659607	230.0	15	1.05	0.95				
	124	1	0.0	0.0	0.0	0.0	1	1.0274597548201387	4.196476790820213	230.0	16	1.05	0.95				
	201	2	47.37856130526316	9.651188414035088	0.0	0.0	2	1.013732879151987	-8.393894635039024	138.0	21	1.05	0.95				
	202	2	42.55296709824562	8.773807649122807	0.0	0.0	2	1.012934365423962	-8.621375181655699	138.0	22	1.05	0.95				
	203	1	78.96426884210527	16.23154415087719	0.0	0.0	2	1.014560658752989	-6.074547035880397	138.0	21	1.05	0.95				
	204	1	32.46308830175438	6.580355736842105	0.0	0.0	2	1.012008792977709	-7.874914708169164	138.0	21	1.05	0.95				
	205	1	31.147017154385964	6.141665354385966	0.0	0.0	2	1.0263583904468914	-8.17935218090476	138.0	21	1.05	0.95				
	206	1	59.66189201403509	12.283330708771931	0.0	-100.0	2	1.0413817381705406	-8.596323401193196	138.0	22	1.05	0.95				
	207	2	54.836297807017544	10.967259561403509	0.0	0.0	2	0.9964389003406152	-13.915294885714975	138.0	22	1.05	0.95				
	208	1	75.0160554	15.354163385964911	0.0	0.0	2	1.0007348643490837	-11.916035752481013	138.0	22	1.05	0.95				
	209	1	76.77081692982456	15.792853768421052	0.0	0.0	2	1.024393409480855	-5.454706614313519	138.0	23	1.05	0.95				
	210	1	85.54462457894736	17.547615298245614	0.0	0.0	2	1.05	-6.553841271606552	138.0	23	1.05	0.95				
	211	1	0.0	0.0	0.0	0.0	2	1.0052922584651678	-2.992068735099519	230.0	23	1.05	0.95				
	212	1	0.0	0.0	0.0	0.0	2	1.0121164568691898	1.6759144996004887	230.0	23	1.05	0.95				
	213	2	116.25295135087718	23.68928065263158	0.0	0.0	2	1.0020246260914782	-0.6155127927306027	230.0	24	1.05	0.95				
	214	2	85.10593419649123	17.108924915789473	0.0	0.0	2	1.0026239191406845	-1.9334081052306833	230.0	26	1.05	0.95				
	215	2	139.06485123859648	28.076184477192985	0.0	0.0	2	1.020983858155885	2.376221338491328	230.0	26	1.05	0.95				
	216	2	43.869038245614036	8.773807649122807	0.0	0.0	2	1.020438572389362	2.2623729034304465	230.0	26	1.05	0.95				
	217	1	0.0	0.0	0.0	0.0	2	1.025005699900676	2.95371387340351	230.0	27	1.05	0.95				
	218	2	146.08389735789473	29.830946007017545	0.0	0.0	2	1.0244520739240686	2.614071827432702	230.0	27	1.05	0.95				
	219	1	79.4029592245614	16.23154415087719	0.0	0.0	2	1.0197694064858143	2.493019102277493	230.0	25	1.05	0.95				
	220	1	56.15236895438597	11.405949943859648	0.0	0.0	2	1.022290351451367	3.558821777597891	230.0	25	1.05	0.95				
	221	2	0.0	0.0	0.0	0.0	2	1.0268047293382732	3.3310573225866453	230.0	27	1.05	0.95				
	222	2	0.0	0.0	0.0	0.0	2	1.0484013556769676	9.693183487205062	230.0	27	1.05	0.95				
	223	2	0.0	0.0	0.0	0.0	2	1.0246262107151696	4.481696965203717	230.0	25	1.05	0.95				
	224	1	0.0	0.0	0.0	0.0	2	1.0080683076925858	-0.7991267051573693	230.0	26	1.05	0.95				
	301	2	69.4602973894737	14.149319838596492	0.0	0.0	3	1.0062694920123576	-12.914593966234586	138.0	31	1.05	0.95				
	302	2	62.38563747017544	12.86301803508772	0.0	0.0	3	1.0058546825935364	-13.032296936720941	138.0	32	1.05	0.95				
	303	1	115.76716231578948	23.79658336491228	0.0	0.0	3	1.019341979564843	-6.824932342671092	138.0	31	1.05	0.95				
	304	1	47.59316672982456	9.647263526315788	0.0	0.0	3	1.0044137478264235	-10.906102004111993	138.0	31	1.05	0.95				
	305	1	45.6637140245614	9.004112624561404	0.0	0.0	3	1.0186059311960012	-11.30704677323009	138.0	31	1.05	0.95				
	306	1	87.4685226385965	18.00822524912281	0.0	-100.0	3	1.0331936621402231	-11.119109550154578	138.0	32	1.05	0.95				
	307	2	80.39386271929826	16.07877254385965	0.0	0.0	3	0.9967181344480112	-16.83598711419042	138.0	32	1.05	0.95				
	308	1	109.97880419999998	22.510281561403506	0.0	0.0	3	0.9984690724223139	-13.822553057164349	138.0	32	1.05	0.95				
	309	1	112.55140780701754	23.153432463157895	0.0	0.0	3	1.0263136408007185	-6.542685169876224	138.0	33	1.05	0.95				
	310	1	125.41442584210525	25.72603607017544	0.0	0.0	3	1.05	-7.6387220996995895	138.0	33	1.05	0.95				
	311	1	0.0	0.0	0.0	0.0	3	1.015379380216185	-0.9538197101528921	230.0	33	1.05	0.95				
	312	1	0.0	0.0	0.0	0.0	3	1.0180038563738334	-0.03113077499594226	230.0	33	1.05	0.95				
	313	2	170.43498896491226	34.73014869473685	0.0	0.0	3	1.0291656289023303	4.389472847477855	230.0	34	1.05	0.95				
	314	2	124.77127494035088	25.082885168421054	0.0	0.0	3	1.0202010953915106	0.45355766736692205	230.0	36	1.05	0.95				
	315	2	203.87883585614034	41.1616577122807	0.0	0.0	3	1.0298680917209493	-1.0615441174799563	230.0	36	1.05	0.95				
	316	2	64.3150901754386	12.86301803508772	0.0	0.0	3	1.0300808609403083	0.06898502202249518	230.0	36	1.05	0.95				
	317	1	0.0	0.0	0.0	0.0	3	1.0331036683090569	0.4510324502094576	230.0	37	1.05	0.95				
	318	2	214.16925028421053	43.73426131929825	0.0	0.0	3	1.0303594637460904	-0.2366542528853727	230.0	37	1.05	0.95				
	319	1	116.41031321754384	23.79658336491228	0.0	0.0	3	1.0295501242703393	1.6542546061603634	230.0	35	1.05	0.95				
	320	1	82.3233154245614	16.721923445614035	0.0	0.0	3	1.030834035340783	2.566973772959995	230.0	35	1.05	0.95				
	321	2	0.0	0.0	0.0	0.0	3	1.0323220473697743	0.041023178415482406	230.0	37	1.05	0.95				
	322	2	0.0	0.0	0.0	0.0	3	1.0458382327579685	4.543646052811295	230.0	37	1.05	0.95				
	323	2	0.0	0.0	0.0	0.0	3	1.031983972811873	3.0307346891731473	230.0	35	1.05	0.95				
	324	1	0.0	0.0	0.0	0.0	3	1.0207898873400114	-1.0213627802837335	230.0	36	1.05	0.95				
	325	1	0.0	0.0	0.0	0.0	3	1.0323069881693683	3.5597078874842634	230.0	35	1.05	0.95				
];
