%% MATPOWER Case Format : Version 2
function mpc = RTS_GMLC
mpc.version = '2';

%%-----  Power Flow Data  -----%%
%% system MVA base
mpc.baseMVA = 100.0;
%% bus data
%    bus_i    type    Pd    Qd    Gs    Bs    area    Vm    Va    baseKV    zone    Vmax    Vmin
mpc.bus = [
	101	2	38.2355269768421	7.788718458245613	0.0	0.0	1	1.0236797478107902	5.4154507528887645	138.0	11	1.05	0.95				
	102	2	34.3411677477193	7.0806531438596485	0.0	0.0	1	1.0225191785667673	5.105420168646559	138.0	12	1.05	0.95				
	103	1	63.72587829473684	13.09920831614035	0.0	0.0	1	1.031067475399319	5.0935486475696	138.0	11	1.05	0.95				
	104	1	26.1984166322807	5.310489857894737	0.0	0.0	1	1.017682130726013	1.6949027773509364	138.0	11	1.05	0.95				
	105	1	25.13631866070175	4.956457200701755	0.0	0.0	1	1.0313801965324247	1.809492296951885	138.0	11	1.05	0.95				
	106	1	48.148441378245614	9.91291440140351	0.0	-100.0	1	1.0445467990940753	-0.6168411678446732	138.0	12	1.05	0.95				
	107	2	44.2540821491228	8.850816429824562	0.0	0.0	1	0.9828848662094822	-7.953600144803217	138.0	12	1.05	0.95				
	108	1	60.53958438	12.391143001754385	0.0	0.0	1	0.9954750642367447	-5.721079083186886	138.0	12	1.05	0.95				
	109	1	61.955715008771925	12.745175658947366	0.0	0.0	1	1.0245831376991903	0.37533489245660195	138.0	13	1.05	0.95				
	110	1	69.03636815263158	14.161306287719297	0.0	0.0	1	1.05	-0.6916858399847886	138.0	13	1.05	0.95				
	111	1	0.0	0.0	0.0	0.0	1	1.013154659568903	1.911676443067567	230.0	13	1.05	0.95				
	112	1	0.0	0.0	0.0	0.0	1	1.0104814241230464	0.6949111798082874	230.0	13	1.05	0.95				
	113	3	93.81865415614034	19.11776348842105	0.0	0.0	1	0.9865354002690027	-5.064883113274755e-28	230.0	14	1.05	0.95				
	114	2	68.6823354954386	13.807273630526314	0.0	0.0	1	1.0376251623223554	5.579213946501409	230.0	16	1.05	0.95				
	115	2	112.22835233017543	22.658090060350876	0.0	0.0	1	1.0434093238448605	14.870330319377798	230.0	16	1.05	0.95				
	116	2	35.40326571929825	7.0806531438596485	0.0	0.0	1	1.0418644503650265	12.998487991985382	230.0	16	1.05	0.95				
	117	1	0.0	0.0	0.0	0.0	1	1.0412230053530573	18.882215921406942	230.0	17	1.05	0.95				
	118	2	117.89287484526317	24.074220689122807	0.0	0.0	1	1.05	19.431901816864116	230.0	17	1.05	0.95				
	119	1	64.07991095192982	13.09920831614035	0.0	0.0	1	1.0366263827800548	8.663399179446202	230.0	15	1.05	0.95				
	120	1	45.31618012070175	9.204849087017545	0.0	0.0	1	1.0383922805080619	5.565413367717014	230.0	15	1.05	0.95				
	121	2	0.0	0.0	0.0	0.0	1	1.0433743483106594	20.857946635853356	230.0	17	1.05	0.95				
	122	2	0.0	0.0	0.0	0.0	1	1.05	38.818202694155644	230.0	17	1.05	0.95				
	123	2	0.0	0.0	0.0	0.0	1	1.040335880404148	4.132915209484113	230.0	15	1.05	0.95				
	124	1	0.0	0.0	0.0	0.0	1	1.0265313448578786	11.21590148330277	230.0	16	1.05	0.95				
	201	2	46.03557372631579	9.377616870175439	0.0	0.0	2	1.0118864522408944	-14.92166928026683	138.0	21	1.05	0.95				
	202	2	41.34676529122807	8.525106245614035	0.0	0.0	2	1.011108669726343	-15.22353646396965	138.0	22	1.05	0.95				
	203	1	76.72595621052632	15.771446554385966	0.0	0.0	2	1.0097681390278634	-10.215399923272784	138.0	21	1.05	0.95				
	204	1	31.54289310877193	6.393829684210525	0.0	0.0	2	1.010252399222764	-14.741951874569	138.0	21	1.05	0.95				
	205	1	30.26412717192982	5.967574371929825	0.0	0.0	2	1.0257134512785837	-15.248343955914013	138.0	21	1.05	0.95				
	206	1	57.97072247017544	11.93514874385965	0.0	-100.0	2	1.0412860500933987	-15.962193057640343	138.0	22	1.05	0.95				
	207	2	53.281914035087716	10.656382807017543	0.0	0.0	2	0.9945420826950445	-21.07061220822544	138.0	22	1.05	0.95				
	208	1	72.88965839999999	14.918935929824558	0.0	0.0	2	0.9996140249461072	-19.135890237300313	138.0	22	1.05	0.95				
	209	1	74.59467964912281	15.345191242105264	0.0	0.0	2	1.0220621296314123	-12.579391830729499	138.0	23	1.05	0.95				
	210	1	83.11978589473684	17.05021249122807	0.0	0.0	2	1.05	-14.202209971626521	138.0	23	1.05	0.95				
	211	1	0.0	0.0	0.0	0.0	2	1.0089889576068378	-9.426103053851639	230.0	23	1.05	0.95				
	212	1	0.0	0.0	0.0	0.0	2	1.0092118271848673	-8.431848613657804	230.0	23	1.05	0.95				
	213	2	112.95765775438595	23.017786863157895	0.0	0.0	2	1.006871790887966	-7.773485001143899	230.0	24	1.05	0.95				
	214	2	82.69353058245613	16.623957178947368	0.0	0.0	2	1.0132479574795876	-6.835838365087882	230.0	26	1.05	0.95				
	215	2	135.12293399298244	27.280339985964915	0.0	0.0	2	1.023929647615556	-0.4960576175928293	230.0	26	1.05	0.95				
	216	2	42.62553122807017	8.525106245614035	0.0	0.0	2	1.027729490689548	-0.5634621244678895	230.0	26	1.05	0.95				
	217	1	0.0	0.0	0.0	0.0	2	1.0337285489629644	1.0633396873436947	230.0	27	1.05	0.95				
	218	2	141.94301898947367	28.98536123508772	0.0	0.0	2	1.0318493503878392	0.5017724099334977	230.0	27	1.05	0.95				
	219	1	77.15221152280701	15.771446554385966	0.0	0.0	2	1.0285780399814146	-0.28314621247147503	230.0	25	1.05	0.95				
	220	1	54.56067997192983	11.082638119298245	0.0	0.0	2	1.0322129918291023	0.7864394620772582	230.0	25	1.05	0.95				
	221	2	0.0	0.0	0.0	0.0	2	1.0322037203763765	0.9736386456994538	230.0	27	1.05	0.95				
	222	2	0.0	0.0	0.0	0.0	2	1.05	7.504335306450147	230.0	27	1.05	0.95				
	223	2	0.0	0.0	0.0	0.0	2	1.0350710803644325	1.6945364175943392	230.0	25	1.05	0.95				
	224	1	0.0	0.0	0.0	0.0	2	1.0066665398416477	-4.1212197523551195	230.0	26	1.05	0.95				
	301	2	50.942106909473694	10.377095851929825	0.0	0.0	3	1.01233276077843	-3.8291603791865754	138.0	31	1.05	0.95				
	302	2	45.753558983508775	9.433723501754388	0.0	0.0	3	1.0113743842512875	-4.067766673200502	138.0	32	1.05	0.95				
	303	1	84.90351151578948	17.452388478245613	0.0	0.0	3	1.0437224326855192	5.986631251911439	138.0	31	1.05	0.95				
	304	1	34.904776956491226	7.07529262631579	0.0	0.0	3	1.0116733362077122	-2.760263087034282	138.0	31	1.05	0.95				
	305	1	33.48971843122807	6.603606451228071	0.0	0.0	3	1.0252670308821914	-4.03273382293734	138.0	31	1.05	0.95				
	306	1	64.14931981192983	13.207212902456142	0.0	-100.0	3	1.040039483517597	-4.701244704069886	138.0	32	1.05	0.95				
	307	2	58.96077188596492	11.792154377192983	0.0	0.0	3	0.9918784327605839	-9.768221350188552	138.0	32	1.05	0.95				
	308	1	80.65833594	16.509016128070176	0.0	0.0	3	0.9971131296352904	-7.608995907346107	138.0	32	1.05	0.95				
	309	1	82.54508064035088	16.980702303157894	0.0	0.0	3	1.0268641301637842	0.2395182146467378	138.0	33	1.05	0.95				
	310	1	91.97880414210526	18.867447003508776	0.0	0.0	3	1.05	-2.7197573972619877	138.0	33	1.05	0.95				
	311	1	0.0	0.0	0.0	0.0	3	1.0108571632257282	2.800585565976612	230.0	33	1.05	0.95				
	312	1	0.0	0.0	0.0	0.0	3	1.0120747566254913	3.255030411329301	230.0	33	1.05	0.95				
	313	2	124.99683639824562	25.471053454736847	0.0	0.0	3	1.0108793599616068	5.902220647366142	230.0	34	1.05	0.95				
	314	2	91.50711796701755	18.395760828421054	0.0	0.0	3	1.0136182384225392	4.216209977145343	230.0	36	1.05	0.95				
	315	2	149.52451750280702	30.187915205614036	0.0	0.0	3	1.0416741199483996	8.512773500230212	230.0	36	1.05	0.95				
	316	2	47.16861750877193	9.433723501754388	0.0	0.0	3	1.0399794049331963	9.018848089881876	230.0	36	1.05	0.95				
	317	1	0.0	0.0	0.0	0.0	3	1.0497638899211732	12.306339921597285	230.0	37	1.05	0.95				
	318	2	157.07149630421054	32.074659905964914	0.0	0.0	3	1.0461773130193315	10.108713785393348	230.0	37	1.05	0.95				
	319	1	85.3751976908772	17.452388478245613	0.0	0.0	3	1.0306717876052183	8.02822412890626	230.0	35	1.05	0.95				
	320	1	60.37583041122807	12.263840552280703	0.0	0.0	3	1.0260442680413089	8.070338122969725	230.0	35	1.05	0.95				
	321	2	0.0	0.0	0.0	0.0	3	1.0456636193769921	10.195466709264268	230.0	37	1.05	0.95				
	322	2	0.0	0.0	0.0	0.0	3	1.05	15.365748497987495	230.0	37	1.05	0.95				
	323	2	0.0	0.0	0.0	0.0	3	1.0242653568681632	8.458427109182853	230.0	35	1.05	0.95				
	324	1	0.0	0.0	0.0	0.0	3	1.0369324558793562	7.560679441373355	230.0	36	1.05	0.95				
	325	1	0.0	0.0	0.0	0.0	3	1.02272845350911	9.508281082560497	230.0	35	1.05	0.95				
];
