%% MATPOWER Case Format : Version 2
function mpc = RTS_GMLC
mpc.version = '2';

%%-----  Power Flow Data  -----%%
%% system MVA base
mpc.baseMVA = 100.0;
%% bus data
%    bus_i    type    Pd    Qd    Gs    Bs    area    Vm    Va    baseKV    zone    Vmax    Vmin
mpc.bus = [
	101	2	41.33498267368421	8.420089063157894	0.0	0.0	1	1.0133600542350778	-3.2116460440800076	138.0	11	1.05	0.95				
	102	2	37.124938142105265	7.654626421052632	0.0	0.0	1	1.013280631256924	-3.452887107267535	138.0	12	1.05	0.95				
	103	1	68.89163778947368	14.161058878947369	0.0	0.0	1	1.002786454155126	2.02081687985879	138.0	11	1.05	0.95				
	104	1	28.322117757894738	5.740969815789473	0.0	0.0	1	1.0038693976400814	-3.4624448264385013	138.0	11	1.05	0.95				
	105	1	27.173923794736844	5.358238494736843	0.0	0.0	1	1.018037375153252	-4.554656008022196	138.0	11	1.05	0.95				
	106	1	52.05145966315789	10.716476989473685	0.0	-100.0	1	1.0286777886910947	-5.779416710602216	138.0	12	1.05	0.95				
	107	2	47.84141513157895	9.56828302631579	0.0	0.0	1	0.9868005431007787	-11.375329522853653	138.0	12	1.05	0.95				
	108	1	65.4470559	13.395596236842106	0.0	0.0	1	0.9882893381806249	-9.342490495944498	138.0	12	1.05	0.95				
	109	1	66.97798118421052	13.778327557894738	0.0	0.0	1	1.0026586504501707	-2.697317925819553	138.0	13	1.05	0.95				
	110	1	74.63260760526316	15.309252842105264	0.0	0.0	1	1.0317798188016627	-4.6539181158603204	138.0	13	1.05	0.95				
	111	1	0.0	0.0	0.0	0.0	1	0.9823595057751553	-0.08690831294249438	230.0	13	1.05	0.95				
	112	1	0.0	0.0	0.0	0.0	1	0.9839008776547679	-1.174198609448108	230.0	13	1.05	0.95				
	113	3	101.42380007894735	20.667491336842104	0.0	0.0	1	0.9644111651598138	-3.4937138562206817e-29	230.0	14	1.05	0.95				
	114	2	74.24987628421053	14.926521521052633	0.0	0.0	1	0.9916130952215398	3.5589473635622446	230.0	16	1.05	0.95				
	115	2	121.32582877368421	24.49480454736842	0.0	0.0	1	0.9914334592411588	13.127752575292744	230.0	16	1.05	0.95				
	116	2	38.27313210526316	7.654626421052632	0.0	0.0	1	0.9895378205721092	11.36872935591666	230.0	16	1.05	0.95				
	117	1	0.0	0.0	0.0	0.0	1	0.9924168968498299	17.40231106320073	230.0	17	1.05	0.95				
	118	2	127.44952991052631	26.025729831578946	0.0	0.0	1	1.0016511154218868	18.055139593698655	230.0	17	1.05	0.95				
	119	1	69.27436911052631	14.161058878947369	0.0	0.0	1	0.9890615306235444	7.243144985364486	230.0	15	1.05	0.95				
	120	1	48.98960909473684	9.951014347368421	0.0	0.0	1	0.9942857458367154	4.031955911484435	230.0	15	1.05	0.95				
	121	2	0.0	0.0	0.0	0.0	1	1.0023032804369945	19.370610981761605	230.0	17	1.05	0.95				
	122	2	0.0	0.0	0.0	0.0	1	1.007648694239229	36.89936616516462	230.0	17	1.05	0.95				
	123	2	0.0	0.0	0.0	0.0	1	0.998421958205977	2.5917349311291007	230.0	15	1.05	0.95				
	124	1	0.0	0.0	0.0	0.0	1	0.982446024707238	8.877504560919158	230.0	16	1.05	0.95				
	201	2	43.196600046315794	8.799307416842105	0.0	0.0	2	1.0112115548656753	-16.456980080188394	138.0	21	1.05	0.95				
	202	2	38.79694633789473	7.9993703789473685	0.0	0.0	2	1.0102007637900414	-16.69357901866856	138.0	22	1.05	0.95				
	203	1	71.99433341052631	14.798835201052633	0.0	0.0	2	0.9968714667383703	-12.08246186368801	138.0	21	1.05	0.95				
	204	1	29.597670402105265	5.999527784210526	0.0	0.0	2	1.0003125131438557	-15.920626181601753	138.0	21	1.05	0.95				
	205	1	28.397764845263158	5.599559265263158	0.0	0.0	2	1.0170948716291544	-16.42082244569563	138.0	21	1.05	0.95				
	206	1	54.395718576842114	11.199118530526317	0.0	-100.0	2	1.0283298599410247	-16.913031749810035	138.0	22	1.05	0.95				
	207	2	49.99606486842105	9.99921297368421	0.0	0.0	2	0.9723119976160257	-21.703407940352488	138.0	22	1.05	0.95				
	208	1	68.39461673999999	13.998898163157895	0.0	0.0	2	0.9800405776766405	-19.853868266235203	138.0	22	1.05	0.95				
	209	1	69.99449081578946	14.398866682105263	0.0	0.0	2	1.0041332394457512	-13.572107233214124	138.0	23	1.05	0.95				
	210	1	77.99386119473684	15.998740757894737	0.0	0.0	2	1.0326451955634575	-15.061321097391973	138.0	23	1.05	0.95				
	211	1	0.0	0.0	0.0	0.0	2	0.9865512503493881	-10.802222728169458	230.0	23	1.05	0.95				
	212	1	0.0	0.0	0.0	0.0	2	0.9852092747126268	-8.600119595651393	230.0	23	1.05	0.95				
	213	2	105.99165752105262	21.598300023157897	0.0	0.0	2	0.9827610781449803	-8.961378800363999	230.0	24	1.05	0.95				
	214	2	77.59389267578946	15.598772238947367	0.0	0.0	2	0.9854111473768935	-8.762066393284435	230.0	26	1.05	0.95				
	215	2	126.79002050631578	25.59798521263158	0.0	0.0	2	0.9917907486904025	-2.5199851794445602	230.0	26	1.05	0.95				
	216	2	39.99685189473684	7.9993703789473685	0.0	0.0	2	0.9901438302649702	-3.215919776817523	230.0	26	1.05	0.95				
	217	1	0.0	0.0	0.0	0.0	2	1.0006578624624485	-1.532390157338419	230.0	27	1.05	0.95				
	218	2	133.18951680947367	27.197859288421057	0.0	0.0	2	1.0021715798593336	-2.0893418883546953	230.0	27	1.05	0.95				
	219	1	72.39430192947368	14.798835201052633	0.0	0.0	2	0.9833155137802879	-2.9591152357897643	230.0	25	1.05	0.95				
	220	1	51.19597042526316	10.399181492631579	0.0	0.0	2	0.9802798312114498	-1.8814262111572138	230.0	25	1.05	0.95				
	221	2	0.0	0.0	0.0	0.0	2	1.0044957183817853	-1.6056754779322577	230.0	27	1.05	0.95				
	222	2	0.0	0.0	0.0	0.0	2	1.0222260791527076	3.584891415017869	230.0	27	1.05	0.95				
	223	2	0.0	0.0	0.0	0.0	2	0.9795071194267547	-0.9466945982372423	230.0	25	1.05	0.95				
	224	1	0.0	0.0	0.0	0.0	2	0.9822817040161567	-6.15779027373968	230.0	26	1.05	0.95				
	301	2	62.76368239578948	12.785194562105263	0.0	0.0	3	1.0021563161199316	28.756626306613462	138.0	31	1.05	0.95				
	302	2	56.37108511473684	11.622904147368422	0.0	0.0	3	1.0028394384268662	28.38564526006004	138.0	32	1.05	0.95				
	303	1	104.60613732631579	21.50237267263158	0.0	0.0	3	1.0133346021542275	44.09437734873071	138.0	31	1.05	0.95				
	304	1	43.00474534526316	8.717178110526316	0.0	0.0	3	0.9925213715095091	30.256588202016207	138.0	31	1.05	0.95				
	305	1	41.26130972315789	8.136032903157894	0.0	0.0	3	1.0104028445843767	28.118930267678596	138.0	31	1.05	0.95				
	306	1	79.03574820210525	16.272065806315787	0.0	-100.0	3	1.0218812048801522	27.08894265513162	138.0	32	1.05	0.95				
	307	2	72.64315092105262	14.528630184210526	0.0	0.0	3	0.9666386496524019	23.958016407245275	138.0	32	1.05	0.95				
	308	1	99.37583045999999	20.340082257894736	0.0	0.0	3	0.9772472073340877	26.685525414616738	138.0	32	1.05	0.95				
	309	1	101.70041128947366	20.921227465263158	0.0	0.0	3	1.0046023450679549	34.271003801825884	138.0	33	1.05	0.95				
	310	1	113.32331543684208	23.245808294736843	0.0	0.0	3	1.0336285317686957	29.39703056551171	138.0	33	1.05	0.95				
	311	1	0.0	0.0	0.0	0.0	3	0.9952932242274716	33.87527162904239	230.0	33	1.05	0.95				
	312	1	0.0	0.0	0.0	0.0	3	1.001988446777736	34.37275511420398	230.0	33	1.05	0.95				
	313	2	154.00347995263158	31.38184119789474	0.0	0.0	3	1.005320108170812	37.50388590207873	230.0	34	1.05	0.95				
	314	2	112.74217022947369	22.66466308736842	0.0	0.0	3	0.9883381067629531	32.789100331229385	230.0	36	1.05	0.95				
	315	2	184.22303073578945	37.193293271578945	0.0	0.0	3	0.9880838887645949	29.997341719866554	230.0	36	1.05	0.95				
	316	2	58.1145207368421	11.622904147368422	0.0	0.0	3	0.9828478250857196	30.44419777615943	230.0	36	1.05	0.95				
	317	1	0.0	0.0	0.0	0.0	3	0.9925338373868039	31.430852904955604	230.0	37	1.05	0.95				
	318	2	193.5213540536842	39.51787410105263	0.0	0.0	3	0.98513568676317	27.54700597003286	230.0	37	1.05	0.95				
	319	1	105.18728253368421	21.50237267263158	0.0	0.0	3	0.9914003826665652	30.86313155552322	230.0	35	1.05	0.95				
	320	1	74.38658654315789	15.109775391578948	0.0	0.0	3	1.0005734023244626	30.997730659817105	230.0	35	1.05	0.95				
	321	2	0.0	0.0	0.0	0.0	3	0.9948752295237255	28.83318492184096	230.0	37	1.05	0.95				
	322	2	0.0	0.0	0.0	0.0	3	1.0122216244200242	32.612585633154595	230.0	37	1.05	0.95				
	323	2	0.0	0.0	0.0	0.0	3	1.0056067960727675	30.950272005669824	230.0	35	1.05	0.95				
	324	1	0.0	0.0	0.0	0.0	3	0.9949634412513801	36.83211770233474	230.0	36	1.05	0.95				
