%% MATPOWER Case Format : Version 2
function mpc = RTS_GMLC
mpc.version = '2';

%%-----  Power Flow Data  -----%%
%% system MVA base
mpc.baseMVA = 100.0;
%% bus data
%    bus_i    type    Pd    Qd    Gs    Bs    area    Vm    Va    baseKV    zone    Vmax    Vmin
mpc.bus = [
	101	2	64.74121722947368	13.188025731929823	0.0	0.0	1	1.0358336280668563	1.4598385342446172	138.0	11	1.05	0.95				
	102	2	58.14720436350876	11.989114301754384	0.0	0.0	1	1.0358376440140624	1.4170023264214817	138.0	12	1.05	0.95				
	103	1	107.90202871578947	22.17986145824561	0.0	0.0	1	1.025116627066014	-0.09391547154936657	138.0	11	1.05	0.95				
	104	1	44.35972291649122	8.991835726315788	0.0	0.0	1	1.019828865897627	-1.8783108015268057	138.0	11	1.05	0.95				
	105	1	42.56135577122806	8.39238001122807	0.0	0.0	1	1.0347610443112278	-1.7839374160359593	138.0	11	1.05	0.95				
	106	1	81.52597725192982	16.78476002245614	0.0	-100.0	1	1.0411417524451378	-4.154782362916226	138.0	12	1.05	0.95				
	107	2	74.9319643859649	14.98639287719298	0.0	0.0	1	1.0350829684559992	-1.3157152827368415	138.0	12	1.05	0.95				
	108	1	102.50692728	20.980950028070172	0.0	0.0	1	1.0211241426148892	-3.768502984625782	138.0	12	1.05	0.95				
	109	1	104.90475014035086	21.58040574315789	0.0	0.0	1	1.025771322915755	-2.160319382051452	138.0	13	1.05	0.95				
	110	1	116.89386444210525	23.978228603508768	0.0	0.0	1	1.05	-3.193543375993637	138.0	13	1.05	0.95				
	111	1	0.0	0.0	0.0	0.0	1	1.0084933553637823	-0.29777981329749986	230.0	13	1.05	0.95				
	112	1	0.0	0.0	0.0	0.0	1	1.0119744549158558	0.2283303732060949	230.0	13	1.05	0.95				
	113	3	158.85576449824558	32.37060861473684	0.0	0.0	1	1.0027086145532353	-8.195325880864068e-30	230.0	14	1.05	0.95				
	114	2	116.29440872701753	23.37877288842105	0.0	0.0	1	1.0086019165159397	1.9129734036929529	230.0	16	1.05	0.95				
	115	2	190.027461682807	38.36516576561403	0.0	0.0	1	1.042630896516999	9.065955824403062	230.0	16	1.05	0.95				
	116	2	59.94557150877192	11.989114301754384	0.0	0.0	1	1.03957121376726	8.591794224063511	230.0	16	1.05	0.95				
	117	1	0.0	0.0	0.0	0.0	1	1.0443579762506783	11.511016542259968	230.0	17	1.05	0.95				
	118	2	199.6187531242105	40.76298862596491	0.0	0.0	1	1.0479030623799497	11.588252564772672	230.0	17	1.05	0.95				
	119	1	108.5014844308772	22.17986145824561	0.0	0.0	1	1.0322506398905023	7.162593443931026	230.0	15	1.05	0.95				
	120	1	76.73033153122806	15.585848592280701	0.0	0.0	1	1.0309982723537185	7.062512445860738	230.0	15	1.05	0.95				
	121	2	0.0	0.0	0.0	0.0	1	1.05	12.22217490606017	230.0	17	1.05	0.95				
	122	2	0.0	0.0	0.0	0.0	1	1.05	22.781670628407255	230.0	17	1.05	0.95				
	123	2	0.0	0.0	0.0	0.0	1	1.0316394819627752	7.460945190849277	230.0	15	1.05	0.95				
	124	1	0.0	0.0	0.0	0.0	1	1.024543419832777	5.661831030540792	230.0	16	1.05	0.95				
	201	2	55.946481991578956	11.396505590877194	0.0	0.0	2	1.0328579164081206	-5.350092488009942	138.0	21	1.05	0.95				
	202	2	50.24822919614035	10.360459628070176	0.0	0.0	2	1.0329824744911995	-5.403382960606088	138.0	22	1.05	0.95				
	203	1	93.24413665263158	19.166850311929824	0.0	0.0	2	1.0264569006979174	-4.430769514802269	138.0	21	1.05	0.95				
	204	1	38.33370062385965	7.7703447210526315	0.0	0.0	2	1.0196264799972945	-7.862656004006614	138.0	21	1.05	0.95				
	205	1	36.77963167964912	7.252321739649123	0.0	0.0	2	1.0346749838014715	-8.030341108254426	138.0	21	1.05	0.95				
	206	1	70.4511254708772	14.504643479298245	0.0	-100.0	2	1.043151914815951	-10.030125569462639	138.0	22	1.05	0.95				
	207	2	64.7528726754386	12.95057453508772	0.0	0.0	2	0.9874747640098395	-17.904867643302392	138.0	22	1.05	0.95				
	208	1	88.58192982	18.130804349122805	0.0	0.0	2	0.9920567834336232	-15.491095942658488	138.0	22	1.05	0.95				
	209	1	90.65402174561403	18.648827330526316	0.0	0.0	2	1.0242671248115571	-7.773260591496881	138.0	23	1.05	0.95				
	210	1	101.0144813736842	20.720919256140352	0.0	0.0	2	1.05	-9.111540441500328	138.0	23	1.05	0.95				
	211	1	0.0	0.0	0.0	0.0	2	1.0096940005092188	-5.085797878737351	230.0	23	1.05	0.95				
	212	1	0.0	0.0	0.0	0.0	2	1.0125756506991068	-4.341569938025126	230.0	23	1.05	0.95				
	213	2	137.27609007192981	27.973240995789478	0.0	0.0	2	1.005907940273577	-4.075996263449477	230.0	24	1.05	0.95				
	214	2	100.4964583922807	20.202896274736844	0.0	0.0	2	1.0129746935530384	-2.537646016581805	230.0	26	1.05	0.95				
	215	2	164.2132851049123	33.15347080982456	0.0	0.0	2	1.0333867980194862	4.127914860122574	230.0	26	1.05	0.95				
	216	2	51.80229814035088	10.360459628070176	0.0	0.0	2	1.035228008741965	4.174851092558207	230.0	26	1.05	0.95				
	217	1	0.0	0.0	0.0	0.0	2	1.0398460191630905	6.932681462581673	230.0	27	1.05	0.95				
	218	2	172.50165280736843	35.2255627354386	0.0	0.0	2	1.0413741537504122	7.44832724937577	230.0	27	1.05	0.95				
	219	1	93.76215963403509	19.166850311929824	0.0	0.0	2	1.035237037112426	3.5078892853450414	230.0	25	1.05	0.95				
	220	1	66.30694161964912	13.46859751649123	0.0	0.0	2	1.039129993654433	3.919140724360021	230.0	25	1.05	0.95				
	221	2	0.0	0.0	0.0	0.0	2	1.0409125581451304	7.096422221287473	230.0	27	1.05	0.95				
	222	2	0.0	0.0	0.0	0.0	2	1.05	13.53536162506919	230.0	27	1.05	0.95				
	223	2	0.0	0.0	0.0	0.0	2	1.042301953704315	4.529002530777049	230.0	25	1.05	0.95				
	224	1	0.0	0.0	0.0	0.0	2	1.020036116848628	0.9132975397235279	230.0	26	1.05	0.95				
	301	2	61.46535906947369	12.520721291929826	0.0	0.0	3	1.008779612494462	-26.18762408562065	138.0	31	1.05	0.95				
	302	2	55.204998423508776	11.382473901754386	0.0	0.0	3	1.0080085845616804	-26.37021250702542	138.0	32	1.05	0.95				
	303	1	102.44226511578948	21.057576718245617	0.0	0.0	3	1.0281977569321037	-17.54386488059528	138.0	31	1.05	0.95				
	304	1	42.115153436491234	8.536855426315789	0.0	0.0	3	1.0079766836944941	-24.470600760682025	138.0	31	1.05	0.95				
	305	1	40.40778235122807	7.9677317312280715	0.0	0.0	3	1.0217454181672851	-25.636055082806838	138.0	31	1.05	0.95				
	306	1	77.40082253192983	15.935463462456143	0.0	-100.0	3	1.036283085463435	-25.96552201861303	138.0	32	1.05	0.95				
	307	2	71.14046188596491	14.228092377192983	0.0	0.0	3	0.9927989424867316	-31.756116692470556	138.0	32	1.05	0.95				
	308	1	97.32015186000001	19.919329328070177	0.0	0.0	3	0.9939692612564704	-29.35177889108796	138.0	32	1.05	0.95				
	309	1	99.59664664035088	20.488453023157895	0.0	0.0	3	1.0275820830387248	-20.599664829867336	138.0	33	1.05	0.95				
	310	1	110.97912054210526	22.764947803508772	0.0	0.0	3	1.05	-23.25685058044072	138.0	33	1.05	0.95				
	311	1	0.0	0.0	0.0	0.0	3	1.0180890094390023	-15.994772548828415	230.0	33	1.05	0.95				
	312	1	0.0	0.0	0.0	0.0	3	1.0175752621105891	-15.545243258604897	230.0	33	1.05	0.95				
	313	2	150.8177791982456	30.732679534736846	0.0	0.0	3	1.0243923685993273	-12.515335745528379	230.0	34	1.05	0.95				
	314	2	110.40999684701755	22.195824108421053	0.0	0.0	3	1.0296269611801743	-13.154160304048487	230.0	36	1.05	0.95				
	315	2	180.41221134280704	36.423916485614036	0.0	0.0	3	1.0483805881143564	-6.042550299404353	230.0	36	1.05	0.95				
	316	2	56.91236950877193	11.382473901754386	0.0	0.0	3	1.0485523734100666	-5.736289340220814	230.0	36	1.05	0.95				
	317	1	0.0	0.0	0.0	0.0	3	1.05	-2.5867030524602987	230.0	37	1.05	0.95				
	318	2	189.51819046421053	38.70041126596492	0.0	0.0	3	1.0483701694802947	-2.5479685909318617	230.0	37	1.05	0.95				
	319	1	103.0113888108772	21.057576718245617	0.0	0.0	3	1.044769456671091	-7.2204878662136105	230.0	35	1.05	0.95				
	320	1	72.84783297122807	14.797216072280703	0.0	0.0	3	1.0461719792501945	-7.446101392058764	230.0	35	1.05	0.95				
	321	2	0.0	0.0	0.0	0.0	3	1.05	-2.0965692936297966	230.0	37	1.05	0.95				
	322	2	0.0	0.0	0.0	0.0	3	1.05	3.0631628090500342	230.0	37	1.05	0.95				
	323	2	0.0	0.0	0.0	0.0	3	1.04805320472629	-7.152236770046042	230.0	35	1.05	0.95				
	324	1	0.0	0.0	0.0	0.0	3	1.026351582171885	-10.312875950386118	230.0	36	1.05	0.95				
	325	1	0.0	0.0	0.0	0.0	3	1.041192123678619	-5.574364570734633	230.0	35	1.05	0.95				
];
