%% MATPOWER Case Format : Version 2
function mpc = RTS_GMLC
mpc.version = '2';

%%-----  Power Flow Data  -----%%
%% system MVA base
mpc.baseMVA = 100.0;
%% bus data
%    bus_i    type    Pd    Qd    Gs    Bs    area    Vm    Va    baseKV    zone    Vmax    Vmin
mpc.bus = [
	101	2	52.770905507368425	10.749628899649123	0.0	0.0	1	1.011805763859368	-5.265730584575868	138.0	11	1.05	0.95				
	102	2	47.39609105754386	9.772389908771931	0.0	0.0	1	1.0117089944044644	-5.533340768254089	138.0	12	1.05	0.95				
	103	1	87.95150917894738	18.07892133122807	0.0	0.0	1	1.0004438099387865	0.7276470679503196	138.0	11	1.05	0.95				
	104	1	36.15784266245614	7.329292431578947	0.0	0.0	1	1.0014028967898347	-5.316833645235549	138.0	11	1.05	0.95				
	105	1	34.69198417614035	6.8406729361403515	0.0	0.0	1	1.0153453898961258	-6.577111218758345	138.0	11	1.05	0.95				
	106	1	66.45225137964913	13.681345872280703	0.0	-100.0	1	1.0245760305325555	-7.876374863866709	138.0	12	1.05	0.95				
	107	2	61.07743692982457	12.215487385964913	0.0	0.0	1	0.9897033338508994	-12.162673418007111	138.0	12	1.05	0.95				
	108	1	83.55393372	17.101682340350877	0.0	0.0	1	0.9870004407934985	-10.79288759986285	138.0	12	1.05	0.95				
	109	1	85.50841170175438	17.590301835789475	0.0	0.0	1	1.002800627006297	-4.057245555115726	138.0	13	1.05	0.95				
	110	1	95.28080161052632	19.544779817543862	0.0	0.0	1	1.030929766208174	-6.295377587638852	138.0	13	1.05	0.95				
	111	1	0.0	0.0	0.0	0.0	1	0.9877687431523686	-0.8583073480717387	230.0	13	1.05	0.95				
	112	1	0.0	0.0	0.0	0.0	1	0.9865319558158648	-1.7590402674162895	230.0	13	1.05	0.95				
	113	3	129.48416629122806	26.385452753684213	0.0	0.0	1	0.9719595273584388	-9.537584426629676e-31	230.0	14	1.05	0.95				
	114	2	94.79218211508773	19.056160322105264	0.0	0.0	1	1.0032080105265193	2.7785063242148187	230.0	16	1.05	0.95				
	115	2	154.8923800540351	31.271647708070176	0.0	0.0	1	0.9963040672127484	13.176699399976625	230.0	16	1.05	0.95				
	116	2	48.86194954385965	9.772389908771931	0.0	0.0	1	0.9960606509203399	11.32323112842594	230.0	16	1.05	0.95				
	117	1	0.0	0.0	0.0	0.0	1	0.9990503247165868	17.68563083910479	230.0	17	1.05	0.95				
	118	2	162.71029198105265	33.22612568982456	0.0	0.0	1	1.0083148085397493	18.533921092121304	230.0	17	1.05	0.95				
	119	1	88.44012867438596	18.07892133122807	0.0	0.0	1	0.9950324328768864	7.236447050578227	230.0	15	1.05	0.95				
	120	1	62.54329541614035	12.70410688140351	0.0	0.0	1	1.0006241818849952	4.158079926254983	230.0	15	1.05	0.95				
	121	2	0.0	0.0	0.0	0.0	1	1.0076283992715234	20.242363041223914	230.0	17	1.05	0.95				
	122	2	0.0	0.0	0.0	0.0	1	1.017292563722342	36.954785144112435	230.0	17	1.05	0.95				
	123	2	0.0	0.0	0.0	0.0	1	1.00533411916777	2.8702440989232523	230.0	15	1.05	0.95				
	124	1	0.0	0.0	0.0	0.0	1	0.98283090820423	8.447692363906539	230.0	16	1.05	0.95				
	201	2	51.0335274694737	10.395718558596492	0.0	0.0	2	1.0102874212180004	-12.516433358394456	138.0	21	1.05	0.95				
	202	2	45.83566819017545	9.45065323508772	0.0	0.0	2	1.0092330990835245	-12.715043922695882	138.0	22	1.05	0.95				
	203	1	85.0558791157895	17.483708484912285	0.0	0.0	2	0.9957637413995469	-9.593561154987448	138.0	21	1.05	0.95				
	204	1	34.96741696982457	7.08798992631579	0.0	0.0	2	0.9979834939356694	-11.522770277417477	138.0	21	1.05	0.95				
	205	1	33.549818984561405	6.615457264561404	0.0	0.0	2	1.0142281437848932	-11.911174388342719	138.0	21	1.05	0.95				
	206	1	64.2644419985965	13.230914529122808	0.0	-100.0	2	1.0241467076565687	-12.146283975105398	138.0	22	1.05	0.95				
	207	2	59.06658271929825	11.813316543859651	0.0	0.0	2	0.9689982490656464	-18.04270638874159	138.0	22	1.05	0.95				
	208	1	80.80308516000001	16.53864316140351	0.0	0.0	2	0.9744478946987061	-15.77769149611338	138.0	22	1.05	0.95				
	209	1	82.69321580701755	17.011175823157895	0.0	0.0	2	1.0039524862383784	-8.52230078661713	138.0	23	1.05	0.95				
	210	1	92.14386904210528	18.90130647017544	0.0	0.0	2	1.0303919424992734	-9.730705390302262	138.0	23	1.05	0.95				
	211	1	0.0	0.0	0.0	0.0	2	0.989546230555749	-5.6825339285746255	230.0	23	1.05	0.95				
	212	1	0.0	0.0	0.0	0.0	2	0.9863950880029981	-0.15405926934908723	230.0	23	1.05	0.95				
	213	2	125.22115536491229	25.51676373473685	0.0	0.0	2	0.9861808477781483	-2.653777701247879	230.0	24	1.05	0.95				
	214	2	91.6713363803509	18.428773808421056	0.0	0.0	2	0.9923471564731063	-4.794568026893174	230.0	26	1.05	0.95				
	215	2	149.79285377614036	30.242090352280705	0.0	0.0	2	0.9940626103258907	-0.18934860049492624	230.0	26	1.05	0.95				
	216	2	47.253266175438604	9.45065323508772	0.0	0.0	2	0.9921845400154666	-0.34118250101769604	230.0	26	1.05	0.95				
	217	1	0.0	0.0	0.0	0.0	2	1.0032932287722556	0.694264535701002	230.0	27	1.05	0.95				
	218	2	157.35337636421053	32.13222099929825	0.0	0.0	2	1.0038711123026374	0.08143528291598308	230.0	27	1.05	0.95				
	219	1	85.52841177754387	17.483708484912285	0.0	0.0	2	0.9818803459952538	0.933870431186214	230.0	25	1.05	0.95				
	220	1	60.48418070456141	12.285849205614037	0.0	0.0	2	0.9773424706266209	3.067007863454243	230.0	25	1.05	0.95				
	221	2	0.0	0.0	0.0	0.0	2	1.0063313275157146	0.6826501416231738	230.0	27	1.05	0.95				
	222	2	0.0	0.0	0.0	0.0	2	1.0244946223424518	6.364325083572842	230.0	27	1.05	0.95				
	223	2	0.0	0.0	0.0	0.0	2	0.9767391946629281	4.648741320649475	230.0	25	1.05	0.95				
	224	1	0.0	0.0	0.0	0.0	2	0.9834396947693879	-3.7543506299369502	230.0	26	1.05	0.95				
	301	2	50.942106909473694	10.377095851929825	0.0	0.0	3	1.0071069260513974	43.17848161844674	138.0	31	1.05	0.95				
	302	2	45.753558983508775	9.433723501754388	0.0	0.0	3	1.0077347816735096	42.8572434700248	138.0	32	1.05	0.95				
	303	1	84.90351151578948	17.452388478245613	0.0	0.0	3	1.0113088838849966	56.31750628392069	138.0	31	1.05	0.95				
	304	1	34.904776956491226	7.07529262631579	0.0	0.0	3	0.9985415990596106	44.31385406188547	138.0	31	1.05	0.95				
	305	1	33.48971843122807	6.603606451228071	0.0	0.0	3	1.0162239668666118	42.47537438135715	138.0	31	1.05	0.95				
	306	1	64.14931981192983	13.207212902456142	0.0	-100.0	3	1.028985157189266	41.51246433091844	138.0	32	1.05	0.95				
	307	2	58.96077188596492	11.792154377192983	0.0	0.0	3	0.970213920941604	40.04529747175419	138.0	32	1.05	0.95				
	308	1	80.65833594	16.509016128070176	0.0	0.0	3	0.9853462972959574	42.12874903291892	138.0	32	1.05	0.95				
	309	1	82.54508064035088	16.980702303157894	0.0	0.0	3	1.006436945835654	47.51787002849766	138.0	33	1.05	0.95				
	310	1	91.97880414210526	18.867447003508776	0.0	0.0	3	1.037025048238992	43.316863027694296	138.0	33	1.05	0.95				
	311	1	0.0	0.0	0.0	0.0	3	0.9923259945424213	46.48957628618985	230.0	33	1.05	0.95				
	312	1	0.0	0.0	0.0	0.0	3	1.000456371787002	46.867833317407865	230.0	33	1.05	0.95				
	313	2	124.99683639824562	25.471053454736847	0.0	0.0	3	1.001388669349063	50.355834348750356	230.0	34	1.05	0.95				
	314	2	91.50711796701755	18.395760828421054	0.0	0.0	3	0.9791977482165772	44.23835292976477	230.0	36	1.05	0.95				
	315	2	149.52451750280702	30.187915205614036	0.0	0.0	3	0.9829062212125556	39.470632652886046	230.0	36	1.05	0.95				
	316	2	47.16861750877193	9.433723501754388	0.0	0.0	3	0.9772994061818728	39.80977469271048	230.0	36	1.05	0.95				
	317	1	0.0	0.0	0.0	0.0	3	0.9858409970519415	39.58354770256049	230.0	37	1.05	0.95				
	318	2	157.07149630421054	32.074659905964914	0.0	0.0	3	0.9792994715927559	35.95461326219666	230.0	37	1.05	0.95				
	319	1	85.3751976908772	17.452388478245613	0.0	0.0	3	0.9862033110648445	40.42126177204175	230.0	35	1.05	0.95				
	320	1	60.37583041122807	12.263840552280703	0.0	0.0	3	0.9946090341400841	40.58784063085792	230.0	35	1.05	0.95				
	321	2	0.0	0.0	0.0	0.0	3	0.9894882016913927	37.54194425220716	230.0	37	1.05	0.95				
	322	2	0.0	0.0	0.0	0.0	3	1.0066664837984578	40.80036371447498	230.0	37	1.05	0.95				
	323	2	0.0	0.0	0.0	0.0	3	0.9985853932959525	40.413865616445186	230.0	35	1.05	0.95				
	324	1	0.0	0.0	0.0	0.0	3	0.9890849466279371	47.28832454041213	230.0	36	1.05	0.95				
	325	1	0.0	0.0	0.0	0.0	3	0.9987357826374383	38.711935579767065	230.0	35	1.05	0.95				
];
