%% MATPOWER Case Format : Version 2
function mpc = RTS_GMLC
mpc.version = '2';

%%-----  Power Flow Data  -----%%
%% system MVA base
mpc.baseMVA = 100.0;
%% bus data
%    bus_i    type    Pd    Qd    Gs    Bs    area    Vm    Va    baseKV    zone    Vmax    Vmin
mpc.bus = [
	101	2	41.0410687831579	8.36021771508772	0.0	0.0	1	1.0154555074919576	-3.566156592106877	138.0	11	1.05	0.95				
	102	2	36.86095992561403	7.600197922807017	0.0	0.0	1	1.0151247171618167	-3.776919254417863	138.0	12	1.05	0.95				
	103	1	68.40178130526316	14.060366157192982	0.0	0.0	1	1.005571771188039	-0.7984054623268609	138.0	11	1.05	0.95				
	104	1	28.120732314385965	5.700148442105263	0.0	0.0	1	1.0058103436700487	-4.037269624098525	138.0	11	1.05	0.95				
	105	1	26.98070262596491	5.320138545964912	0.0	0.0	1	1.0186264605456044	-5.01038200035078	138.0	11	1.05	0.95				
	106	1	51.68134587508773	10.640277091929825	0.0	-100.0	1	1.0283821294434843	-6.282588995683223	138.0	12	1.05	0.95				
	107	2	47.50123701754386	9.500247403508771	0.0	0.0	1	0.9857817005095454	-9.16264332931436	138.0	12	1.05	0.95				
	108	1	64.98169224	13.30034636491228	0.0	0.0	1	0.9891587588679511	-8.41378494035388	138.0	12	1.05	0.95				
	109	1	66.5017318245614	13.680356261052632	0.0	0.0	1	1.0035370408498894	-3.703757857826057	138.0	13	1.05	0.95				
	110	1	74.10192974736842	15.200395845614034	0.0	0.0	1	1.030771361806365	-5.225132085651476	138.0	13	1.05	0.95				
	111	1	0.0	0.0	0.0	0.0	1	0.9802884733536916	-1.6178438197813567	230.0	13	1.05	0.95				
	112	1	0.0	0.0	0.0	0.0	1	0.9822963599074079	-1.7896193828288367	230.0	13	1.05	0.95				
	113	3	100.70262247719297	20.52053439157895	0.0	0.0	1	0.9629009991484406	1.583669456388562e-27	230.0	14	1.05	0.95				
	114	2	73.72191985122807	14.820385949473684	0.0	0.0	1	0.9838829279355253	0.003618468952238631	230.0	16	1.05	0.95				
	115	2	120.46313707649121	24.320633352982455	0.0	0.0	1	0.991065472791904	5.783772028834124	230.0	16	1.05	0.95				
	116	2	38.000989614035085	7.600197922807017	0.0	0.0	1	0.9908993565961229	4.842708084341376	230.0	16	1.05	0.95				
	117	1	0.0	0.0	0.0	0.0	1	0.9976218245283203	8.147199236106548	230.0	17	1.05	0.95				
	118	2	126.54329541473683	25.840672937543864	0.0	0.0	1	0.9991404395704742	8.853768007401126	230.0	17	1.05	0.95				
	119	1	68.78179120140351	14.060366157192982	0.0	0.0	1	0.9905479806623714	3.0165110350877113	230.0	15	1.05	0.95				
	120	1	48.64126670596491	9.880257299649124	0.0	0.0	1	0.9922870656407928	1.6419641048606588	230.0	15	1.05	0.95				
	121	2	0.0	0.0	0.0	0.0	1	0.9984243353535488	10.03146037304413	230.0	17	1.05	0.95				
	122	2	0.0	0.0	0.0	0.0	1	1.0193096610945267	16.05815905308547	230.0	17	1.05	0.95				
	123	2	0.0	0.0	0.0	0.0	1	0.9937077363407254	1.2000247388601604	230.0	15	1.05	0.95				
	124	1	0.0	0.0	0.0	0.0	1	0.9881540075130635	3.250644292628838	230.0	16	1.05	0.95				
	201	2	43.196600046315794	8.799307416842105	0.0	0.0	2	1.0112882065470066	-8.654447567733689	138.0	21	1.05	0.95				
	202	2	38.79694633789473	7.9993703789473685	0.0	0.0	2	1.010046925454459	-8.855084681739486	138.0	22	1.05	0.95				
	203	1	71.99433341052631	14.798835201052633	0.0	0.0	2	0.9973404185340743	-6.650245740371073	138.0	21	1.05	0.95				
	204	1	29.597670402105265	5.999527784210526	0.0	0.0	2	1.002153347492023	-8.083371951878629	138.0	21	1.05	0.95				
	205	1	28.397764845263158	5.599559265263158	0.0	0.0	2	1.0182917495860095	-8.352383474958753	138.0	21	1.05	0.95				
	206	1	54.395718576842114	11.199118530526317	0.0	-100.0	2	1.0302260715851967	-8.691916020436182	138.0	22	1.05	0.95				
	207	2	49.99606486842105	9.99921297368421	0.0	0.0	2	0.9722348895911914	-13.546567913453307	138.0	22	1.05	0.95				
	208	1	68.39461673999999	13.998898163157895	0.0	0.0	2	0.9813325239044601	-11.720472586041986	138.0	22	1.05	0.95				
	209	1	69.99449081578946	14.398866682105263	0.0	0.0	2	1.0075693118240143	-5.74692215896627	138.0	23	1.05	0.95				
	210	1	77.99386119473684	15.998740757894737	0.0	0.0	2	1.0351377513433946	-6.728584871652031	138.0	23	1.05	0.95				
	211	1	0.0	0.0	0.0	0.0	2	0.9875885582150018	-3.5389028398779434	230.0	23	1.05	0.95				
	212	1	0.0	0.0	0.0	0.0	2	0.9919645475647197	1.2958004602369098	230.0	23	1.05	0.95				
	213	2	105.99165752105262	21.598300023157897	0.0	0.0	2	0.9845219115635035	-1.1330403366444264	230.0	24	1.05	0.95				
	214	2	77.59389267578946	15.598772238947367	0.0	0.0	2	0.9816044613972896	-2.800375304965851	230.0	26	1.05	0.95				
	215	2	126.79002050631578	25.59798521263158	0.0	0.0	2	0.9903693493090562	1.3034340723052678	230.0	26	1.05	0.95				
	216	2	39.99685189473684	7.9993703789473685	0.0	0.0	2	0.9888674028864947	0.8702520724517036	230.0	26	1.05	0.95				
	217	1	0.0	0.0	0.0	0.0	2	0.9975355555904132	1.790892805593533	230.0	27	1.05	0.95				
	218	2	133.18951680947367	27.197859288421057	0.0	0.0	2	0.9980151051874254	1.4918993376176488	230.0	27	1.05	0.95				
	219	1	72.39430192947368	14.798835201052633	0.0	0.0	2	0.985348531218541	1.4209429081161922	230.0	25	1.05	0.95				
	220	1	51.19597042526316	10.399181492631579	0.0	0.0	2	0.9852727924605986	2.7484514974807905	230.0	25	1.05	0.95				
	221	2	0.0	0.0	0.0	0.0	2	1.0003775647376745	2.212509987695662	230.0	27	1.05	0.95				
	222	2	0.0	0.0	0.0	0.0	2	1.0188878639152954	8.577787620402859	230.0	27	1.05	0.95				
	223	2	0.0	0.0	0.0	0.0	2	0.9862297066860397	3.812815766313906	230.0	25	1.05	0.95				
	224	1	0.0	0.0	0.0	0.0	2	0.9833054603483699	-1.7292242569929797	230.0	26	1.05	0.95				
	301	2	49.90003162105264	10.164821256140351	0.0	0.0	3	1.0106938766301232	25.30193361073618	138.0	31	1.05	0.95				
	302	2	44.817620992982455	9.240746596491228	0.0	0.0	3	1.0107885608456864	25.227693774643534	138.0	32	1.05	0.95				
	303	1	83.16671936842106	17.095381203508772	0.0	0.0	3	1.0063837373458888	29.24151329987007	138.0	31	1.05	0.95				
	304	1	34.190762407017544	6.930559947368422	0.0	0.0	3	1.0026156123490855	26.817793244201592	138.0	31	1.05	0.95				
	305	1	32.804650417543854	6.468522617543861	0.0	0.0	3	1.0181527551301381	26.640207299001094	138.0	31	1.05	0.95				
	306	1	62.837076856140364	12.937045235087721	0.0	-100.0	3	1.0309514262316795	26.839678232892137	138.0	32	1.05	0.95				
	307	2	57.75466622807017	11.550933245614035	0.0	0.0	3	0.9727461745781383	25.00585212551551	138.0	32	1.05	0.95				
	308	1	79.0083834	16.171306543859647	0.0	0.0	3	0.9894527116853578	27.003149044558366	138.0	32	1.05	0.95				
	309	1	80.85653271929824	16.63334387368421	0.0	0.0	3	1.0110319525305425	30.07269024581331	138.0	33	1.05	0.95				
	310	1	90.09727931578946	18.481493192982455	0.0	0.0	3	1.0384158508249086	29.503744436549486	138.0	33	1.05	0.95				
	311	1	0.0	0.0	0.0	0.0	3	0.9878110368539104	33.81257377855658	230.0	33	1.05	0.95				
	312	1	0.0	0.0	0.0	0.0	3	0.994730770684199	34.401426828424086	230.0	33	1.05	0.95				
	313	2	122.43989240350876	24.95001581052632	0.0	0.0	3	0.9965587148382967	40.247079870812854	230.0	34	1.05	0.95				
	314	2	89.63524198596491	18.019455863157894	0.0	0.0	3	0.9773086053912087	32.32046679216711	230.0	36	1.05	0.95				
	315	2	146.46583355438597	29.570389108771934	0.0	0.0	3	0.9866078730942611	25.63389652325821	230.0	36	1.05	0.95				
	316	2	46.20373298245614	9.240746596491228	0.0	0.0	3	0.9764454093579971	26.715276263636035	230.0	36	1.05	0.95				
	317	1	0.0	0.0	0.0	0.0	3	0.9898556480696836	25.572855325523836	230.0	37	1.05	0.95				
	318	2	153.85843083157894	31.418538428070182	0.0	0.0	3	0.9897748572149616	23.220989195301414	230.0	37	1.05	0.95				
	319	1	83.62875669824562	17.095381203508772	0.0	0.0	3	0.9828514415852859	28.524509875783433	230.0	35	1.05	0.95				
	320	1	59.14077821754387	12.012970575438597	0.0	0.0	3	0.9886540283517694	29.3661312061998	230.0	35	1.05	0.95				
	321	2	0.0	0.0	0.0	0.0	3	0.9956608193699789	24.618092280118294	230.0	37	1.05	0.95				
	322	2	0.0	0.0	0.0	0.0	3	1.0124297483284528	29.332138616628896	230.0	37	1.05	0.95				
	323	2	0.0	0.0	0.0	0.0	3	0.9906676564143626	29.28827542227242	230.0	35	1.05	0.95				
	324	1	0.0	0.0	0.0	0.0	3	0.9940650009260532	29.107349659322786	230.0	36	1.05	0.95				
