%% MATPOWER Case Format : Version 2
function mpc = RTS_GMLC
mpc.version = '2';

%%-----  Power Flow Data  -----%%
%% system MVA base
mpc.baseMVA = 100.0;
%% bus data
%    bus_i    type    Pd    Qd    Gs    Bs    area    Vm    Va    baseKV    zone    Vmax    Vmin
mpc.bus = [
	101	2	39.638297861052635	8.074468082807018	0.0	0.0	1	1.034019022101367	3.5886900597390086	138.0	11	1.05	0.95				
	102	2	35.60106381964912	7.340425529824561	0.0	0.0	1	1.033507728462419	3.4351977652838688	138.0	12	1.05	0.95				
	103	1	66.06382976842106	13.57978723017544	0.0	0.0	1	1.0301665386312386	0.710749508720068	138.0	11	1.05	0.95				
	104	1	27.15957446035088	5.5053191473684215	0.0	0.0	1	1.0225899236486262	-0.030046793004589692	138.0	11	1.05	0.95				
	105	1	26.05851063087719	5.138297870877193	0.0	0.0	1	1.0367651500818378	0.29153240149850884	138.0	11	1.05	0.95				
	106	1	49.91489360280702	10.276595741754386	0.0	-100.0	1	1.0470542585430664	-1.951883737815395	138.0	12	1.05	0.95				
	107	2	45.877659561403505	9.175531912280702	0.0	0.0	1	1.000320782702242	-7.439970810607739	138.0	12	1.05	0.95				
	108	1	62.76063828	12.845744677192982	0.0	0.0	1	1.006347944010461	-6.120084364163544	138.0	12	1.05	0.95				
	109	1	64.22872338596491	13.21276595368421	0.0	0.0	1	1.024965434549142	-1.3790244119456367	138.0	13	1.05	0.95				
	110	1	71.56914891578947	14.680851059649122	0.0	0.0	1	1.05	-1.8960724511372478	138.0	13	1.05	0.95				
	111	1	0.0	0.0	0.0	0.0	1	1.0022489887477435	-0.08913561639325664	230.0	13	1.05	0.95				
	112	1	0.0	0.0	0.0	0.0	1	1.007171572144919	0.3453704765589936	230.0	13	1.05	0.95				
	113	3	97.26063827017543	19.819148930526318	0.0	0.0	1	0.9914563243214536	1.630322415598349e-29	230.0	14	1.05	0.95				
	114	2	71.20212763929824	14.313829783157894	0.0	0.0	1	0.998553592621089	1.5124014944015713	230.0	16	1.05	0.95				
	115	2	116.3457446477193	23.489361695438596	0.0	0.0	1	1.0375721219266756	6.121843768458176	230.0	16	1.05	0.95				
	116	2	36.70212764912281	7.340425529824561	0.0	0.0	1	1.0321327518587378	5.8636157326445915	230.0	16	1.05	0.95				
	117	1	0.0	0.0	0.0	0.0	1	1.041745409937298	7.2328307513139265	230.0	17	1.05	0.95				
	118	2	122.21808507157894	24.95744680140351	0.0	0.0	1	1.0449674920959546	7.0587169780714145	230.0	17	1.05	0.95				
	119	1	66.43085104491229	13.57978723017544	0.0	0.0	1	1.0256833225946504	5.2413180957686105	230.0	15	1.05	0.95				
	120	1	46.97872339087719	9.54255318877193	0.0	0.0	1	1.0222507220648558	5.416610050100875	230.0	15	1.05	0.95				
	121	2	0.0	0.0	0.0	0.0	1	1.05	7.7321318380996455	230.0	17	1.05	0.95				
	122	2	0.0	0.0	0.0	0.0	1	1.05	14.063682475771063	230.0	17	1.05	0.95				
	123	2	0.0	0.0	0.0	0.0	1	1.0206707770667214	5.801834681302651	230.0	15	1.05	0.95				
	124	1	0.0	0.0	0.0	0.0	1	1.0270868989419486	4.097454598867338	230.0	16	1.05	0.95				
	201	2	45.89957501052632	9.349913428070176	0.0	0.0	2	1.0254937072092292	-7.74988840154925	138.0	21	1.05	0.95				
	202	2	41.22461829649123	8.499921298245615	0.0	0.0	2	1.0263963242249996	-7.585639735635505	138.0	22	1.05	0.95				
	203	1	76.49929168421052	15.724854401754385	0.0	0.0	2	1.0179161322616626	-6.9242962673858655	138.0	21	1.05	0.95				
	204	1	31.44970880350877	6.374940973684211	0.0	0.0	2	1.0178013055075672	-9.46753106316695	138.0	21	1.05	0.95				
	205	1	30.174720608771928	5.949944908771931	0.0	0.0	2	1.0324868118128028	-9.727444112211838	138.0	21	1.05	0.95				
	206	1	57.79946482807018	11.899889817543862	0.0	-100.0	2	1.0445080425082662	-11.21759911640722	138.0	22	1.05	0.95				
	207	2	53.12450811403509	10.624901622807018	0.0	0.0	2	0.9901551079676865	-17.418489787444248	138.0	22	1.05	0.95				
	208	1	72.6743271	14.874862271929823	0.0	0.0	2	0.9973216410340466	-15.50819660576853	138.0	22	1.05	0.95				
	209	1	74.37431135964913	15.299858336842103	0.0	0.0	2	1.0228046068205132	-9.260561777972317	138.0	23	1.05	0.95				
	210	1	82.87423265789474	16.99984259649123	0.0	0.0	2	1.05	-10.367377942140035	138.0	23	1.05	0.95				
	211	1	0.0	0.0	0.0	0.0	2	1.0052062018975856	-6.704593607066481	230.0	23	1.05	0.95				
	212	1	0.0	0.0	0.0	0.0	2	1.0096950646164826	-6.338909979781021	230.0	23	1.05	0.95				
	213	2	112.62395720175438	22.94978750526316	0.0	0.0	2	0.9990688094199598	-5.9879460065628	230.0	24	1.05	0.95				
	214	2	82.44923659298246	16.57484653157895	0.0	0.0	2	1.0060134387582413	-4.1092345038621385	230.0	26	1.05	0.95				
	215	2	134.72375257719298	27.199748154385965	0.0	0.0	2	1.0257767515708014	2.427586428094372	230.0	26	1.05	0.95				
	216	2	42.49960649122807	8.499921298245615	0.0	0.0	2	1.0278052617032591	2.1002856972859214	230.0	26	1.05	0.95				
	217	1	0.0	0.0	0.0	0.0	2	1.0328281156082155	4.891921379798694	230.0	27	1.05	0.95				
	218	2	141.52368961578946	28.89973241403509	0.0	0.0	2	1.0344304081992433	5.342453075171048	230.0	27	1.05	0.95				
	219	1	76.92428774912281	15.724854401754385	0.0	0.0	2	1.028345537148291	0.9604788718275822	230.0	25	1.05	0.95				
	220	1	54.39949630877193	11.049897687719298	0.0	0.0	2	1.0318082734272596	0.7990158043893002	230.0	25	1.05	0.95				
	221	2	0.0	0.0	0.0	0.0	2	1.034524447008078	5.132805912295838	230.0	27	1.05	0.95				
	222	2	0.0	0.0	0.0	0.0	2	1.05	11.534680016698355	230.0	27	1.05	0.95				
	223	2	0.0	0.0	0.0	0.0	2	1.0342131908712824	1.032864693325514	230.0	25	1.05	0.95				
	224	1	0.0	0.0	0.0	0.0	2	1.0112739778252333	-1.082708803891718	230.0	26	1.05	0.95				
	301	2	50.32711167157895	10.251819044210526	0.0	0.0	3	1.0067367539260312	-28.646840587714802	138.0	31	1.05	0.95				
	302	2	45.20120214947369	9.319835494736843	0.0	0.0	3	1.0062807417781194	-28.756004883110155	138.0	32	1.05	0.95				
	303	1	83.87851945263158	17.24169566526316	0.0	0.0	3	1.0223454905680671	-23.03261148682343	138.0	31	1.05	0.95				
	304	1	34.48339133052632	6.989876621052632	0.0	0.0	3	1.0090884099726618	-27.156030491722117	138.0	31	1.05	0.95				
	305	1	33.08541600631579	6.523884846315791	0.0	0.0	3	1.0221776407936192	-27.94805803109043	138.0	31	1.05	0.95				
	306	1	63.37488136421053	13.047769692631581	0.0	-100.0	3	1.0389043628293861	-28.102981671553334	138.0	32	1.05	0.95				
	307	2	58.24897184210527	11.649794368421054	0.0	0.0	3	0.9927915041397809	-33.25994884270267	138.0	32	1.05	0.95				
	308	1	79.68459348	16.309712115789473	0.0	0.0	3	0.9979007533586759	-31.129719688294028	138.0	32	1.05	0.95				
	309	1	81.54856057894737	16.775703890526316	0.0	0.0	3	1.0264941233718579	-23.943669517625132	138.0	33	1.05	0.95				
	310	1	90.86839607368421	18.639670989473686	0.0	0.0	3	1.05	-25.75124372354345	138.0	33	1.05	0.95				
	311	1	0.0	0.0	0.0	0.0	3	1.0111620941218151	-19.53831953040711	230.0	33	1.05	0.95				
	312	1	0.0	0.0	0.0	0.0	3	1.0134606780252766	-18.90587450903743	230.0	33	1.05	0.95				
	313	2	123.48782030526316	25.163555835789474	0.0	0.0	3	1.0148938444591273	-15.822504951762676	230.0	34	1.05	0.95				
	314	2	90.40240429894737	18.173679214736843	0.0	0.0	3	1.015903464825775	-17.42785525686984	230.0	36	1.05	0.95				
	315	2	147.71939259157895	29.823473583157895	0.0	0.0	3	1.0400287248311044	-12.328327631125894	230.0	36	1.05	0.95				
	316	2	46.599177473684215	9.319835494736843	0.0	0.0	3	1.0395049866386024	-11.67634941618493	230.0	36	1.05	0.95				
	317	1	0.0	0.0	0.0	0.0	3	1.0429845389312906	-9.896655205203535	230.0	37	1.05	0.95				
	318	2	155.17526098736843	31.687440682105265	0.0	0.0	3	1.042791091581757	-9.54699740418212	230.0	37	1.05	0.95				
	319	1	84.34451122736843	17.24169566526316	0.0	0.0	3	1.0372543757549346	-12.320388672175827	230.0	35	1.05	0.95				
	320	1	59.64694716631579	12.115786143157896	0.0	0.0	3	1.038554435008808	-11.991426554205072	230.0	35	1.05	0.95				
	321	2	0.0	0.0	0.0	0.0	3	1.0444745387497272	-9.438343854854393	230.0	37	1.05	0.95				
	322	2	0.0	0.0	0.0	0.0	3	1.05	-5.289627433002005	230.0	37	1.05	0.95				
	323	2	0.0	0.0	0.0	0.0	3	1.0400320244251227	-11.461698792144116	230.0	35	1.05	0.95				
	324	1	0.0	0.0	0.0	0.0	3	1.0200653551527372	-16.310081646514092	230.0	36	1.05	0.95				
	325	1	0.0	0.0	0.0	0.0	3	1.0339564901448741	-9.882507788678192	230.0	35	1.05	0.95				
];
