%% MATPOWER Case Format : Version 2
function mpc = RTS_GMLC
mpc.version = '2';

%%-----  Power Flow Data  -----%%
%% system MVA base
mpc.baseMVA = 100.0;
%% bus data
%    bus_i    type    Pd    Qd    Gs    Bs    area    Vm    Va    baseKV    zone    Vmax    Vmin
mpc.bus = [
	101	2	38.556160332631585	7.854032660350878	0.0	0.0	1	1.0327604262965357	3.647995354966641	138.0	11	1.05	0.95				
	102	2	34.629144002456144	7.140029691228071	0.0	0.0	1	1.0321446725193095	3.4680893110091415	138.0	12	1.05	0.95				
	103	1	64.26026722105263	13.209054928771929	0.0	0.0	1	1.0303178516078362	0.8937697383515587	138.0	11	1.05	0.95				
	104	1	26.418109857543858	5.3550222684210524	0.0	0.0	1	1.0222189837793163	0.07026488487117236	138.0	11	1.05	0.95				
	105	1	25.34710540385965	4.9980207838596495	0.0	0.0	1	1.036283022428053	0.389858995819755	138.0	11	1.05	0.95				
	106	1	48.55220190035088	9.996041567719299	0.0	-100.0	1	1.0470395523736122	-1.8297064604068907	138.0	12	1.05	0.95				
	107	2	44.62518557017544	8.925037114035089	0.0	0.0	1	1.0003275841205186	-7.448848240720685	138.0	12	1.05	0.95				
	108	1	61.04725386	12.495051959649123	0.0	0.0	1	1.0065961362054923	-6.0427647445279495	138.0	12	1.05	0.95				
	109	1	62.47525979824562	12.852053444210526	0.0	0.0	1	1.0249938689136229	-1.2588325583009483	138.0	13	1.05	0.95				
	110	1	69.61528948947368	14.280059382456143	0.0	0.0	1	1.05	-1.7847964553193338	138.0	13	1.05	0.95				
	111	1	0.0	0.0	0.0	0.0	1	1.0021873622588846	0.010751044128254974	230.0	13	1.05	0.95				
	112	1	0.0	0.0	0.0	0.0	1	1.0071055137871698	0.39802404025184357	230.0	13	1.05	0.95				
	113	3	94.60539340877193	19.278080166315792	0.0	0.0	1	0.9910987680518937	1.0979663655438717e-27	230.0	14	1.05	0.95				
	114	2	69.25828800491229	13.923057897894738	0.0	0.0	1	0.9986671723557174	1.6833453266811964	230.0	16	1.05	0.95				
	115	2	113.16947060596492	22.848095011929825	0.0	0.0	1	1.0375846629835215	6.330426639020255	230.0	16	1.05	0.95				
	116	2	35.700148456140354	7.140029691228071	0.0	0.0	1	1.0321952952594744	6.068400718210058	230.0	16	1.05	0.95				
	117	1	0.0	0.0	0.0	0.0	1	1.04169969475147	7.506205137889379	230.0	17	1.05	0.95				
	118	2	118.88149435894736	24.27610095017544	0.0	0.0	1	1.0450540907770185	7.2927766350166285	230.0	17	1.05	0.95				
	119	1	64.61726870561404	13.209054928771929	0.0	0.0	1	1.0257870403421046	5.380685867733646	230.0	15	1.05	0.95				
	120	1	45.69619002385965	9.282038598596491	0.0	0.0	1	1.0222869974824542	5.47917887026576	230.0	15	1.05	0.95				
	121	2	0.0	0.0	0.0	0.0	1	1.05	7.908648136542846	230.0	17	1.05	0.95				
	122	2	0.0	0.0	0.0	0.0	1	1.05	14.907545938851278	230.0	17	1.05	0.95				
	123	2	0.0	0.0	0.0	0.0	1	1.0206070753553693	5.81440560088314	230.0	15	1.05	0.95				
	124	1	0.0	0.0	0.0	0.0	1	1.0271295030297694	4.2960010886128845	230.0	16	1.05	0.95				
	201	2	47.31056192842106	9.637336689122808	0.0	0.0	2	1.0270056585691723	-7.970262787536249	138.0	21	1.05	0.95				
	202	2	42.49189358385965	8.761215171929827	0.0	0.0	2	1.0277553157205426	-7.8564254098559925	138.0	22	1.05	0.95				
	203	1	78.85093654736842	16.208248068070176	0.0	0.0	2	1.0177680393199617	-7.286240950496816	138.0	21	1.05	0.95				
	204	1	32.41649613614035	6.570911378947368	0.0	0.0	2	1.0180674727482706	-9.91452239105881	138.0	21	1.05	0.95				
	205	1	31.10231386035088	6.132850620350878	0.0	0.0	2	1.0330080378752076	-10.131480143629245	138.0	21	1.05	0.95				
	206	1	59.57626316912281	12.265701240701755	0.0	-100.0	2	1.0443878205291508	-11.743653757318267	138.0	22	1.05	0.95				
	207	2	54.75759482456141	10.951518964912282	0.0	0.0	2	0.989562278605252	-18.22606002570074	138.0	22	1.05	0.95				
	208	1	74.90838972	15.332126550877193	0.0	0.0	2	0.996413084413829	-16.245530802081344	138.0	22	1.05	0.95				
	209	1	76.66063275438597	15.770187309473686	0.0	0.0	2	1.0227131727377323	-9.802519579575394	138.0	23	1.05	0.95				
	210	1	85.42184792631579	17.522430343859654	0.0	0.0	2	1.05	-10.919990012555887	138.0	23	1.05	0.95				
	211	1	0.0	0.0	0.0	0.0	2	1.0057778328054654	-7.246101822601711	230.0	23	1.05	0.95				
	212	1	0.0	0.0	0.0	0.0	2	1.0102740298172774	-6.87619464256767	230.0	23	1.05	0.95				
	213	2	116.08610102807017	23.65528096421053	0.0	0.0	2	1.0000359151504798	-6.551020488192149	230.0	24	1.05	0.95				
	214	2	84.9837871677193	17.08436958526316	0.0	0.0	2	1.006880307349415	-4.632491406050681	230.0	26	1.05	0.95				
	215	2	138.86526047508772	28.035888550175443	0.0	0.0	2	1.0259445276595012	2.0577730826953093	230.0	26	1.05	0.95				
	216	2	43.80607585964913	8.761215171929827	0.0	0.0	2	1.0282897552096006	1.6883969307163835	230.0	26	1.05	0.95				
	217	1	0.0	0.0	0.0	0.0	2	1.0329982084720342	4.544974681525643	230.0	27	1.05	0.95				
	218	2	145.8742326126316	29.788131584561405	0.0	0.0	2	1.0345515592538608	4.966115604616489	230.0	27	1.05	0.95				
	219	1	79.28899730596491	16.208248068070176	0.0	0.0	2	1.0290984790865898	0.4985958122516053	230.0	25	1.05	0.95				
	220	1	56.071777100350886	11.389579723508772	0.0	0.0	2	1.032961836010425	0.31794416640455875	230.0	25	1.05	0.95				
	221	2	0.0	0.0	0.0	0.0	2	1.034645740608441	4.759866077689694	230.0	27	1.05	0.95				
	222	2	0.0	0.0	0.0	0.0	2	1.05	11.172089358898353	230.0	27	1.05	0.95				
	223	2	0.0	0.0	0.0	0.0	2	1.035642339125518	0.5500104955623127	230.0	25	1.05	0.95				
	224	1	0.0	0.0	0.0	0.0	2	1.0113305551559595	-1.448412196572742	230.0	26	1.05	0.95				
	301	2	55.21290730105264	11.247073709473685	0.0	0.0	3	1.0064876229900392	-31.667890618453686	138.0	31	1.05	0.95				
	302	2	49.5893704463158	10.224612463157897	0.0	0.0	3	1.0059613663719065	-31.79657592813435	138.0	32	1.05	0.95				
	303	1	92.02151216842107	18.915533056842108	0.0	0.0	3	1.02253634979663	-25.203019282737397	138.0	31	1.05	0.95				
	304	1	37.831066113684216	7.6684593473684215	0.0	0.0	3	1.0080202710287038	-30.05677717072657	138.0	31	1.05	0.95				
	305	1	36.29737424421053	7.157228724210528	0.0	0.0	3	1.0213466849080304	-30.922640635327944	138.0	31	1.05	0.95				
	306	1	69.52736474947369	14.314457448421056	0.0	-100.0	3	1.0374776315435879	-31.09243043930524	138.0	32	1.05	0.95				
	307	2	63.90382789473685	12.78076557894737	0.0	0.0	3	0.9916044430869027	-36.86397687453837	138.0	32	1.05	0.95				
	308	1	87.42043656000001	17.89307181052632	0.0	0.0	3	0.995285135956873	-34.487203077816154	138.0	32	1.05	0.95				
	309	1	89.46535905263158	18.40430243368421	0.0	0.0	3	1.0267997395931094	-26.548626351182175	138.0	33	1.05	0.95				
	310	1	99.6899715157895	20.449224926315793	0.0	0.0	3	1.05	-28.53522537273527	138.0	33	1.05	0.95				
	311	1	0.0	0.0	0.0	0.0	3	1.014753799836706	-21.731406118854355	230.0	33	1.05	0.95				
	312	1	0.0	0.0	0.0	0.0	3	1.0158665896535564	-21.134677924217588	230.0	33	1.05	0.95				
	313	2	135.4761151368421	27.60645365052632	0.0	0.0	3	1.020611063102488	-18.004358570151524	230.0	34	1.05	0.95				
	314	2	99.1787408926316	19.9379943031579	0.0	0.0	3	1.0231575332529776	-19.18852974310051	230.0	36	1.05	0.95				
	315	2	162.06010754105264	32.71875988210527	0.0	0.0	3	1.0465003393709462	-13.013155951136287	230.0	36	1.05	0.95				
	316	2	51.12306231578948	10.224612463157897	0.0	0.0	3	1.0459225120737332	-12.56542002930455	230.0	36	1.05	0.95				
	317	1	0.0	0.0	0.0	0.0	3	1.0479494519911634	-10.302899502663148	230.0	37	1.05	0.95				
	318	2	170.23979751157898	34.763682374736845	0.0	0.0	3	1.0478366570070574	-9.788408646809136	230.0	37	1.05	0.95				
	319	1	92.53274279157895	18.915533056842108	0.0	0.0	3	1.0435826125594005	-13.484750263485623	230.0	35	1.05	0.95				
	320	1	65.43751976421053	13.291996202105267	0.0	0.0	3	1.045346643723638	-13.322054341362021	230.0	35	1.05	0.95				
	321	2	0.0	0.0	0.0	0.0	3	1.05	-9.40120752159951	230.0	37	1.05	0.95				
	322	2	0.0	0.0	0.0	0.0	3	1.05	-5.410198629351917	230.0	37	1.05	0.95				
	323	2	0.0	0.0	0.0	0.0	3	1.0472277486145418	-12.85597800341951	230.0	35	1.05	0.95				
	324	1	0.0	0.0	0.0	0.0	3	1.022168725980608	-17.524277767402726	230.0	36	1.05	0.95				
	325	1	0.0	0.0	0.0	0.0	3	1.0395302032798281	-11.169024132820907	230.0	35	1.05	0.95				
];
