%% MATPOWER Case Format : Version 2
function mpc = RTS_GMLC
mpc.version = '2';

%%-----  Power Flow Data  -----%%
%% system MVA base
mpc.baseMVA = 100.0;
%% bus data
%    bus_i    type    Pd    Qd    Gs    Bs    area    Vm    Va    baseKV    zone    Vmax    Vmin
mpc.bus = [
	101	2	89.61702127578948	18.25531914877193	0.0	0.0	1	1.0468566771685588	-0.666241508483949	138.0	11	1.05	0.95				
	102	2	80.48936170140351	16.595744680701756	0.0	0.0	1	1.0460789833803128	-0.9472245580956241	138.0	12	1.05	0.95				
	103	1	149.3617021263158	30.70212765929825	0.0	0.0	1	1.024020706647865	-1.5148871410556692	138.0	11	1.05	0.95				
	104	1	61.4042553185965	12.446808510526317	0.0	0.0	1	1.023435107752004	-4.222707507822398	138.0	11	1.05	0.95				
	105	1	58.91489361649123	11.617021276491231	0.0	0.0	1	1.0367310994518724	-4.74713845814648	138.0	11	1.05	0.95				
	106	1	112.85106382877194	23.234042552982462	0.0	-100.0	1	1.0363947960042286	-7.8349909335818815	138.0	12	1.05	0.95				
	107	2	103.72340425438597	20.744680850877195	0.0	0.0	1	1.0422227276491483	-5.737273101196442	138.0	12	1.05	0.95				
	108	1	141.89361702	29.04255319122807	0.0	0.0	1	1.0186664220579615	-8.215998303855157	138.0	12	1.05	0.95				
	109	1	145.21276595614037	29.87234042526316	0.0	0.0	1	1.0269487097352195	-4.667810092656209	138.0	13	1.05	0.95				
	110	1	161.80851063684213	33.19148936140351	0.0	0.0	1	1.05	-6.338887993205598	138.0	13	1.05	0.95				
	111	1	0.0	0.0	0.0	0.0	1	1.0166866818482088	-1.850754226589041	230.0	13	1.05	0.95				
	112	1	0.0	0.0	0.0	0.0	1	1.0179603487068072	-1.2449904036170192	230.0	13	1.05	0.95				
	113	3	219.89361701929826	44.80851063789474	0.0	0.0	1	1.0182788400089438	-6.526338222351715e-29	230.0	14	1.05	0.95				
	114	2	160.97872340280702	32.361702127368424	0.0	0.0	1	1.0218742596454946	0.19872539335781653	230.0	16	1.05	0.95				
	115	2	263.0425531891228	53.10638297824563	0.0	0.0	1	1.0425190276688079	9.056842503805864	230.0	16	1.05	0.95				
	116	2	82.97872340350878	16.595744680701756	0.0	0.0	1	1.041730921247611	8.17067812783	230.0	16	1.05	0.95				
	117	1	0.0	0.0	0.0	0.0	1	1.0450717425188853	11.947437060986415	230.0	17	1.05	0.95				
	118	2	276.31914893368423	56.42553191438597	0.0	0.0	1	1.048766716987374	12.466708594267143	230.0	17	1.05	0.95				
	119	1	150.1914893603509	30.70212765929825	0.0	0.0	1	1.0355886195714437	6.246576534685318	230.0	15	1.05	0.95				
	120	1	106.21276595649125	21.574468084912287	0.0	0.0	1	1.0372757957019707	5.68956515554632	230.0	15	1.05	0.95				
	121	2	0.0	0.0	0.0	0.0	1	1.05	14.408760398964708	230.0	17	1.05	0.95				
	122	2	0.0	0.0	0.0	0.0	1	1.05	23.376823347404258	230.0	17	1.05	0.95				
	123	2	0.0	0.0	0.0	0.0	1	1.040537042780712	5.997742324777122	230.0	15	1.05	0.95				
	124	1	0.0	0.0	0.0	0.0	1	1.0223844587901745	5.127709475564746	230.0	16	1.05	0.95				
	201	2	82.26223832842106	16.75712262245614	0.0	0.0	2	1.0396009711199112	-12.19764521567705	138.0	21	1.05	0.95				
	202	2	73.88367701719298	15.233747838596493	0.0	0.0	2	1.0398973637438018	-12.270742563762317	138.0	22	1.05	0.95				
	203	1	137.10373054736843	28.18243350140351	0.0	0.0	2	1.0255223392632968	-9.465713241322915	138.0	21	1.05	0.95				
	204	1	56.36486700280702	11.425310878947368	0.0	0.0	2	1.0190522038759287	-13.666778988329442	138.0	21	1.05	0.95				
	205	1	54.07980482701754	10.663623487017546	0.0	0.0	2	1.0351462817679549	-14.065142111098094	138.0	21	1.05	0.95				
	206	1	103.58948530245615	21.32724697403509	0.0	-100.0	2	1.0381814000587954	-15.82749299009732	138.0	22	1.05	0.95				
	207	2	95.21092399122809	19.042184798245614	0.0	0.0	2	0.9565171335035678	-27.190419249910622	138.0	22	1.05	0.95				
	208	1	130.24854402000003	26.65905871754386	0.0	0.0	2	0.9619900955946755	-23.374583839039552	138.0	22	1.05	0.95				
	209	1	133.2952935877193	27.420746109473686	0.0	0.0	2	1.0261325004042647	-11.73446189506344	138.0	23	1.05	0.95				
	210	1	148.5290414263158	30.467495677192986	0.0	0.0	2	1.05	-13.56976752402421	138.0	23	1.05	0.95				
	211	1	0.0	0.0	0.0	0.0	2	1.0281251152355495	-8.122869622526375	230.0	23	1.05	0.95				
	212	1	0.0	0.0	0.0	0.0	2	1.0252156010014084	-3.1173001847208552	230.0	23	1.05	0.95				
	213	2	201.84715886140353	41.13111916421053	0.0	0.0	2	1.0374749144720545	-5.434781289830202	230.0	24	1.05	0.95				
	214	2	147.76735403438596	29.705808285263156	0.0	0.0	2	1.0415794484540852	-6.085724178739061	230.0	26	1.05	0.95				
	215	2	241.45490324175438	48.747993083508774	0.0	0.0	2	1.043843793388563	1.5445225238416318	230.0	26	1.05	0.95				
	216	2	76.16873919298246	15.233747838596493	0.0	0.0	2	1.0455088035103615	1.5032215963275615	230.0	26	1.05	0.95				
	217	1	0.0	0.0	0.0	0.0	2	1.0471144985991463	4.049829845628452	230.0	27	1.05	0.95				
	218	2	253.64190151263162	51.79474265122808	0.0	0.0	2	1.0475266318459047	4.207424295758404	230.0	27	1.05	0.95				
	219	1	137.86541793929825	28.18243350140351	0.0	0.0	2	1.0417542618743496	1.62696703360583	230.0	25	1.05	0.95				
	220	1	97.49598616701755	19.80387219017544	0.0	0.0	2	1.0453381397697514	3.162745876239347	230.0	25	1.05	0.95				
	221	2	0.0	0.0	0.0	0.0	2	1.04753029118278	4.0826694721181935	230.0	27	1.05	0.95				
	222	2	0.0	0.0	0.0	0.0	2	1.05	10.579972325096032	230.0	27	1.05	0.95				
	223	2	0.0	0.0	0.0	0.0	2	1.05	4.556031279524232	230.0	25	1.05	0.95				
	224	1	0.0	0.0	0.0	0.0	2	1.0232064110630321	-2.549440209260851	230.0	26	1.05	0.95				
	301	2	74.61942423157895	15.200253084210527	0.0	0.0	3	0.9828602084741369	1.9667160514402566	138.0	31	1.05	0.95				
	302	2	67.01929768947367	13.818411894736842	0.0	0.0	3	0.9849857264728343	1.8905453204322293	138.0	32	1.05	0.95				
	303	1	124.36570705263156	25.564062005263153	0.0	0.0	3	0.9997793050023579	5.87981705184792	138.0	31	1.05	0.95				
	304	1	51.12812401052631	10.36380892105263	0.0	0.0	3	0.9824668759856597	4.531529903554197	138.0	31	1.05	0.95				
	305	1	49.055362226315786	9.67288832631579	0.0	0.0	3	0.9939746363881813	4.418086459170169	138.0	31	1.05	0.95				
	306	1	93.96520088421053	19.34577665263158	0.0	-100.0	3	1.0087265208152256	5.000675207099956	138.0	32	1.05	0.95				
	307	2	86.36507434210526	17.27301486842105	0.0	0.0	3	0.9598766303262257	0.23552898802274266	138.0	32	1.05	0.95				
	308	1	118.1474217	24.18222081578947	0.0	0.0	3	0.9707356076514564	3.5568626520259747	138.0	32	1.05	0.95				
	309	1	120.91110407894736	24.873141410526316	0.0	0.0	3	1.0070707939679078	9.616533242284737	138.0	33	1.05	0.95				
	310	1	134.72951597368422	27.636823789473684	0.0	0.0	3	1.0279241723722485	9.175250731929395	138.0	33	1.05	0.95				
	311	1	0.0	0.0	0.0	0.0	3	0.9997992024474871	16.805713453453627	230.0	33	1.05	0.95				
	312	1	0.0	0.0	0.0	0.0	3	1.005208219374904	18.2774216375075	230.0	33	1.05	0.95				
	313	2	183.09395760526314	37.30971211578947	0.0	0.0	3	1.032454969278874	26.415018330649964	230.0	34	1.05	0.95				
	314	2	134.03859537894735	26.945903194736843	0.0	0.0	3	1.0062513665802453	15.505386150546933	230.0	36	1.05	0.95				
	315	2	219.02182853157893	44.2189180631579	0.0	0.0	3	1.0352892979309563	10.444971189423894	230.0	36	1.05	0.95				
	316	2	69.0920594736842	13.818411894736842	0.0	0.0	3	1.0356117487938907	12.244716839713886	230.0	36	1.05	0.95				
	317	1	0.0	0.0	0.0	0.0	3	1.0410416455161675	11.411048978311424	230.0	37	1.05	0.95				
	318	2	230.07655804736845	46.982600442105266	0.0	0.0	3	1.0393714246370505	9.825784155430624	230.0	37	1.05	0.95				
	319	1	125.05662764736843	25.564062005263153	0.0	0.0	3	1.0325698174332643	14.81948274040482	230.0	35	1.05	0.95				
	320	1	88.4378361263158	17.963935463157895	0.0	0.0	3	1.0336886466831776	16.891572687789235	230.0	35	1.05	0.95				
	321	2	0.0	0.0	0.0	0.0	3	1.0395628587106471	10.61702873911712	230.0	37	1.05	0.95				
	322	2	0.0	0.0	0.0	0.0	3	1.05	15.246385748481172	230.0	37	1.05	0.95				
	323	2	0.0	0.0	0.0	0.0	3	1.0345917818352968	17.678321978857714	230.0	35	1.05	0.95				
	324	1	0.0	0.0	0.0	0.0	3	1.0175769265015246	10.827382779747781	230.0	36	1.05	0.95				
	325	1	0.0	0.0	0.0	0.0	3	1.0371881083666497	17.407452749044914	230.0	35	1.05	0.95				
];
