%% MATPOWER Case Format : Version 2
function mpc = RTS_GMLC
mpc.version = '2';

%%-----  Power Flow Data  -----%%
%% system MVA base
mpc.baseMVA = 100.0;
%% bus data
%    bus_i    type    Pd    Qd    Gs    Bs    area    Vm    Va    baseKV    zone    Vmax    Vmin
mpc.bus = [
	101	2	42.6843147031579	8.69495299508772	0.0	0.0	1	1.017500151004107	2.8034601217567667	138.0	11	1.05	0.95				
	102	2	38.33683820561403	7.904502722807018	0.0	0.0	1	1.0161610395708665	2.412295208782235	138.0	12	1.05	0.95				
	103	1	71.14052450526316	14.623330037192982	0.0	0.0	1	1.0261274349537557	3.3751266648172726	138.0	11	1.05	0.95				
	104	1	29.246660074385964	5.928377042105263	0.0	0.0	1	1.0141975911620573	-0.5826417590507269	138.0	11	1.05	0.95				
	105	1	28.06098466596491	5.533151905964913	0.0	0.0	1	1.0279476461627493	-0.5389474795317257	138.0	11	1.05	0.95				
	106	1	53.75061851508772	11.066303811929826	0.0	-100.0	1	1.0421276405268498	-2.8665985732723533	138.0	12	1.05	0.95				
	107	2	49.403142017543864	9.880628403508771	0.0	0.0	1	0.983979180670577	-11.624244477849775	138.0	12	1.05	0.95				
	108	1	67.58349828	13.83287976491228	0.0	0.0	1	0.9936430383009186	-8.730799567094229	138.0	12	1.05	0.95				
	109	1	69.1643988245614	14.228104901052632	0.0	0.0	1	1.024429656476316	-1.3776104735086072	138.0	13	1.05	0.95				
	110	1	77.06890154736841	15.809005445614035	0.0	0.0	1	1.05	-2.6208786117520515	138.0	13	1.05	0.95				
	111	1	0.0	0.0	0.0	0.0	1	1.0156506938377912	0.9178101259129493	230.0	13	1.05	0.95				
	112	1	0.0	0.0	0.0	0.0	1	1.0133628467269968	-0.3692597852083213	230.0	13	1.05	0.95				
	113	3	104.73466107719298	21.34215735157895	0.0	0.0	1	0.996446723547492	-7.538395447764531e-31	230.0	14	1.05	0.95				
	114	2	76.67367641122806	15.413780309473685	0.0	0.0	1	1.038017528086741	4.5774005725752565	230.0	16	1.05	0.95				
	115	2	125.28636815649124	25.29440871298246	0.0	0.0	1	1.0386716618180127	14.314791543524903	230.0	16	1.05	0.95				
	116	2	39.522513614035084	7.904502722807018	0.0	0.0	1	1.037675945341277	12.287508852458053	230.0	16	1.05	0.95				
	117	1	0.0	0.0	0.0	0.0	1	1.0373489562266756	18.550857398351855	230.0	17	1.05	0.95				
	118	2	131.60997033473686	26.87530925754386	0.0	0.0	1	1.0466079580232763	19.24217933473886	230.0	17	1.05	0.95				
	119	1	71.53574964140351	14.623330037192982	0.0	0.0	1	1.0328577834087367	7.587872153889387	230.0	15	1.05	0.95				
	120	1	50.58881742596492	10.275853539649123	0.0	0.0	1	1.0361850488006958	4.262302502086316	230.0	15	1.05	0.95				
	121	2	0.0	0.0	0.0	0.0	1	1.0410031938863258	20.89538043099159	230.0	17	1.05	0.95				
	122	2	0.0	0.0	0.0	0.0	1	1.05	38.87518447019556	230.0	17	1.05	0.95				
	123	2	0.0	0.0	0.0	0.0	1	1.0393264676963767	2.740118125287657	230.0	15	1.05	0.95				
	124	1	0.0	0.0	0.0	0.0	1	1.0203484604874717	10.224572386940503	230.0	16	1.05	0.95				
	201	2	50.25153471157895	10.23642373754386	0.0	0.0	2	1.007783045949312	-20.701274473352857	138.0	21	1.05	0.95				
	202	2	45.13332284280701	9.305839761403508	0.0	0.0	2	1.0070397213375808	-21.033822960204887	138.0	22	1.05	0.95				
	203	1	83.75255785263157	17.21580355859649	0.0	0.0	2	1.0087960656444745	-14.909256343076834	138.0	21	1.05	0.95				
	204	1	34.43160711719298	6.979379821052631	0.0	0.0	2	1.0076672422188497	-20.4826626962734	138.0	21	1.05	0.95				
	205	1	33.03573115298245	6.514087832982457	0.0	0.0	2	1.0230581640962608	-21.09616260286885	138.0	21	1.05	0.95				
	206	1	63.279710377543864	13.028175665964914	0.0	-100.0	2	1.0391516143781132	-21.883512451826185	138.0	22	1.05	0.95				
	207	2	58.16149850877193	11.632299701754386	0.0	0.0	2	0.9905150747620829	-27.48396152430639	138.0	22	1.05	0.95				
	208	1	79.56492996	16.28521958245614	0.0	0.0	2	0.9956677730532054	-25.34782766072553	138.0	22	1.05	0.95				
	209	1	81.4260979122807	16.750511570526314	0.0	0.0	2	1.0222793781848	-18.103218532296864	138.0	23	1.05	0.95				
	210	1	90.7319376736842	18.611679522807016	0.0	0.0	2	1.05	-19.98991731112343	138.0	23	1.05	0.95				
	211	1	0.0	0.0	0.0	0.0	2	1.0122476846484934	-14.700863595600302	230.0	23	1.05	0.95				
	212	1	0.0	0.0	0.0	0.0	2	1.014734476015092	-13.90768316667039	230.0	23	1.05	0.95				
	213	2	123.30237683859649	25.125767355789474	0.0	0.0	2	1.0149819764463701	-13.225165429845202	230.0	24	1.05	0.95				
	214	2	90.26664568561402	18.146387534736842	0.0	0.0	2	1.0169402021891951	-11.61524338843025	230.0	26	1.05	0.95				
	215	2	147.4975602182456	29.778687236491226	0.0	0.0	2	1.0287449255730408	-3.9077265875016876	230.0	26	1.05	0.95				
	216	2	46.52919880701754	9.305839761403508	0.0	0.0	2	1.0330561900705246	-4.436038516268034	230.0	26	1.05	0.95				
	217	1	0.0	0.0	0.0	0.0	2	1.0361481995853772	-2.2937020987760857	230.0	27	1.05	0.95				
	218	2	154.94223202736842	31.639855188771932	0.0	0.0	2	1.0343984974774934	-2.9366892217854907	230.0	27	1.05	0.95				
	219	1	84.21784984070175	17.21580355859649	0.0	0.0	2	1.037809485318006	-4.829043287426824	230.0	25	1.05	0.95				
	220	1	59.55737447298245	12.097591689824561	0.0	0.0	2	1.0451565676339143	-4.283082311930131	230.0	25	1.05	0.95				
	221	2	0.0	0.0	0.0	0.0	2	1.0351168778751283	-2.45460599634581	230.0	27	1.05	0.95				
	222	2	0.0	0.0	0.0	0.0	2	1.05	4.106873907211036	230.0	27	1.05	0.95				
	223	2	0.0	0.0	0.0	0.0	2	1.05	-3.644745175779734	230.0	25	1.05	0.95				
	224	1	0.0	0.0	0.0	0.0	2	1.0077107380040178	-7.990772086440486	230.0	26	1.05	0.95				
	301	2	54.63207845052632	11.128756721403509	0.0	0.0	3	1.028344258170743	5.674504548444438	138.0	31	1.05	0.95				
	302	2	49.06770008982456	10.11705156491228	0.0	0.0	3	1.0242897462075131	5.32450902302571	138.0	32	1.05	0.95				
	303	1	91.05346408421052	18.71654539508772	0.0	0.0	3	1.05	21.022282842080212	138.0	31	1.05	0.95				
	304	1	37.43309079017544	7.58778867368421	0.0	0.0	3	1.0085289981617753	6.616745246648013	138.0	31	1.05	0.95				
	305	1	35.915533055438594	7.081936095438597	0.0	0.0	3	1.0283359977694335	4.681962130403877	138.0	31	1.05	0.95				
	306	1	68.79595064140351	14.163872190877195	0.0	-100.0	3	1.0346994150508133	3.5231840292118046	138.0	32	1.05	0.95				
	307	2	63.231572280701755	12.64631445614035	0.0	0.0	3	0.95	3.2687898008382286	138.0	32	1.05	0.95				
	308	1	86.50079088	17.70484023859649	0.0	0.0	3	0.9681814695466863	3.396548243121007	138.0	32	1.05	0.95				
	309	1	88.52420119298246	18.210692816842105	0.0	0.0	3	1.0119958359036856	9.80740671260774	138.0	33	1.05	0.95				
	310	1	98.64125275789473	20.23410312982456	0.0	0.0	3	1.0404709581739273	5.301641778284494	138.0	33	1.05	0.95				
	311	1	0.0	0.0	0.0	0.0	3	0.9995044877199285	9.733969068309676	230.0	33	1.05	0.95				
	312	1	0.0	0.0	0.0	0.0	3	1.003946917121461	10.28650090599559	230.0	33	1.05	0.95				
	313	2	134.0509332350877	27.31603922526316	0.0	0.0	3	1.0009132635908415	12.250040964720766	230.0	34	1.05	0.95				
	314	2	98.13540017964912	19.728250551578945	0.0	0.0	3	0.9963311105508492	9.813395483377937	230.0	36	1.05	0.95				
	315	2	160.35526730385965	32.3745650077193	0.0	0.0	3	1.0489522135890206	13.167524446908967	230.0	36	1.05	0.95				
	316	2	50.5852578245614	10.11705156491228	0.0	0.0	3	1.0346078488977732	12.961910259293052	230.0	36	1.05	0.95				
	317	1	0.0	0.0	0.0	0.0	3	1.05	16.992972496429346	230.0	37	1.05	0.95				
	318	2	168.44890855578947	34.397975320701754	0.0	0.0	3	1.0472935217553252	13.848622091160136	230.0	37	1.05	0.95				
	319	1	91.55931666245614	18.71654539508772	0.0	0.0	3	1.0226838297863057	12.079039672789634	230.0	35	1.05	0.95				
	320	1	64.7491300154386	13.152167034385965	0.0	0.0	3	1.0162100371873128	12.294166923808502	230.0	35	1.05	0.95				
	321	2	0.0	0.0	0.0	0.0	3	1.0496838274969171	14.270921798562096	230.0	37	1.05	0.95				
	322	2	0.0	0.0	0.0	0.0	3	1.05	19.68699401909092	230.0	37	1.05	0.95				
	323	2	0.0	0.0	0.0	0.0	3	1.0136509170431036	12.812271887829072	230.0	35	1.05	0.95				
	324	1	0.0	0.0	0.0	0.0	3	1.0466325942354582	16.1719136410603	230.0	36	1.05	0.95				
	325	1	0.0	0.0	0.0	0.0	3	1.0146131312059976	13.514434800667916	230.0	35	1.05	0.95				
];
