%% MATPOWER Case Format : Version 2
function mpc = RTS_GMLC
mpc.version = '2';

%%-----  Power Flow Data  -----%%
%% system MVA base
mpc.baseMVA = 100.0;
%% bus data
%    bus_i    type    Pd    Qd    Gs    Bs    area    Vm    Va    baseKV    zone    Vmax    Vmin
mpc.bus = [
	101	2	48.89658584842106	9.960415635789474	0.0	0.0	1	1.0321726943337741	2.809915404454888	138.0	11	1.05	0.95				
	102	2	43.91637803052632	9.05492330526316	0.0	0.0	1	1.0317547497604167	2.67164400451458	138.0	12	1.05	0.95				
	103	1	81.49430974736843	16.751608114736843	0.0	0.0	1	1.0282561855015036	0.5881642934716089	138.0	11	1.05	0.95				
	104	1	33.503216229473686	6.791192478947368	0.0	0.0	1	1.020567957643244	-0.6490008099888724	138.0	11	1.05	0.95				
	105	1	32.14497773368421	6.338446313684211	0.0	0.0	1	1.0347913936488509	-0.42146073168496667	138.0	11	1.05	0.95				
	106	1	61.57347847578948	12.676892627368423	0.0	-100.0	1	1.04431746344494	-2.6895237678979433	138.0	12	1.05	0.95				
	107	2	56.59327065789475	11.318654131578947	0.0	0.0	1	1.014762890035936	-4.916692336676444	138.0	12	1.05	0.95				
	108	1	77.41959426	15.846115784210527	0.0	0.0	1	1.0132715542660273	-5.065448729184857	138.0	12	1.05	0.95				
	109	1	79.23057892105263	16.298861949473682	0.0	0.0	1	1.0254511017540484	-1.5284948153225075	138.0	13	1.05	0.95				
	110	1	88.2855022263158	18.10984661052632	0.0	0.0	1	1.05	-2.2659331128379505	138.0	13	1.05	0.95				
	111	1	0.0	0.0	0.0	0.0	1	1.0041316661814668	-0.01440715634285919	230.0	13	1.05	0.95				
	112	1	0.0	0.0	0.0	0.0	1	1.009859765113116	0.4521914041234273	230.0	13	1.05	0.95				
	113	3	119.97773379473684	24.44829292421053	0.0	0.0	1	0.9966855687668358	2.910796552135974e-30	230.0	14	1.05	0.95				
	114	2	87.83275606105263	17.65710044526316	0.0	0.0	1	1.000120027604651	1.9809989590062913	230.0	16	1.05	0.95				
	115	2	143.52053438842105	28.975754576842107	0.0	0.0	1	1.0398659029792579	7.535795716411268	230.0	16	1.05	0.95				
	116	2	45.27461652631579	9.05492330526316	0.0	0.0	1	1.0362817259968344	7.392254819310069	230.0	16	1.05	0.95				
	117	1	0.0	0.0	0.0	0.0	1	1.0424519858194763	9.476021316938812	230.0	17	1.05	0.95				
	118	2	150.7644730326316	30.78673923789474	0.0	0.0	1	1.0463017953464797	9.002605767723747	230.0	17	1.05	0.95				
	119	1	81.94705591263158	16.751608114736843	0.0	0.0	1	1.030276173042571	6.457375920071583	230.0	15	1.05	0.95				
	120	1	57.95150915368421	11.771400296842106	0.0	0.0	1	1.028281821326096	6.516360655921532	230.0	15	1.05	0.95				
	121	2	0.0	0.0	0.0	0.0	1	1.05	9.6100003677176	230.0	17	1.05	0.95				
	122	2	0.0	0.0	0.0	0.0	1	1.05	21.498323081826328	230.0	17	1.05	0.95				
	123	2	0.0	0.0	0.0	0.0	1	1.0278583405098973	6.896699112753892	230.0	15	1.05	0.95				
	124	1	0.0	0.0	0.0	0.0	1	1.0263634372261206	4.943555661624321	230.0	16	1.05	0.95				
	201	2	53.26050683368422	10.849362503157895	0.0	0.0	2	1.0292426770080707	-8.676626625124639	138.0	21	1.05	0.95				
	202	2	47.835825582105265	9.863056821052634	0.0	0.0	2	1.0296341863811307	-8.682236359037969	138.0	22	1.05	0.95				
	203	1	88.7675113894737	18.24665511894737	0.0	0.0	2	1.021222197989762	-7.3388646004744436	138.0	21	1.05	0.95				
	204	1	36.49331023789474	7.397292615789475	0.0	0.0	2	1.0180222693294296	-11.022789373432673	138.0	21	1.05	0.95				
	205	1	35.013851714736845	6.904139774736843	0.0	0.0	2	1.0332121190994377	-11.253385796009885	138.0	21	1.05	0.95				
	206	1	67.06878638315791	13.808279549473687	0.0	-100.0	2	1.0430862821415783	-13.16296455450397	138.0	22	1.05	0.95				
	207	2	61.644105131578954	12.32882102631579	0.0	0.0	2	0.9869483831537126	-20.573794167304975	138.0	22	1.05	0.95				
	208	1	84.32913582	17.260349436842105	0.0	0.0	2	0.9926191139412684	-18.296668886822825	138.0	22	1.05	0.95				
	209	1	86.30174718421053	17.75350227789474	0.0	0.0	2	1.0231796518075356	-10.925501961719284	138.0	23	1.05	0.95				
	210	1	96.16480400526316	19.72611364210527	0.0	0.0	2	1.05	-12.29590896863732	138.0	23	1.05	0.95				
	211	1	0.0	0.0	0.0	0.0	2	1.0092837464199482	-8.256100025064153	230.0	23	1.05	0.95				
	212	1	0.0	0.0	0.0	0.0	2	1.0131018261938256	-7.964931955539224	230.0	23	1.05	0.95				
	213	2	130.68550287894737	26.63025341684211	0.0	0.0	2	1.0047068966231565	-7.677910737642222	230.0	24	1.05	0.95				
	214	2	95.67165116421053	19.232960801052634	0.0	0.0	2	1.0135536274547285	-5.337418618433635	230.0	26	1.05	0.95				
	215	2	156.32945061368423	31.561781827368424	0.0	0.0	2	1.0321213371575895	2.140626457465347	230.0	26	1.05	0.95				
	216	2	49.31528410526316	9.863056821052634	0.0	0.0	2	1.03530799734097	1.7387126844474496	230.0	26	1.05	0.95				
	217	1	0.0	0.0	0.0	0.0	2	1.0389314134334073	5.013993506180005	230.0	27	1.05	0.95				
	218	2	164.21989607052635	33.53439319157896	0.0	0.0	2	1.0408134197102474	5.555526624996813	230.0	27	1.05	0.95				
	219	1	89.26066423052633	18.24665511894737	0.0	0.0	2	1.035543046724124	0.1377786105954878	230.0	25	1.05	0.95				
	220	1	63.12356365473685	12.821973867368422	0.0	0.0	2	1.0397166434608855	-0.30605503876721496	230.0	25	1.05	0.95				
	221	2	0.0	0.0	0.0	0.0	2	1.0402400547610704	5.171961077795174	230.0	27	1.05	0.95				
	222	2	0.0	0.0	0.0	0.0	2	1.05	11.612392754143684	230.0	27	1.05	0.95				
	223	2	0.0	0.0	0.0	0.0	2	1.0427773752833658	-0.18239362970619025	230.0	25	1.05	0.95				
	224	1	0.0	0.0	0.0	0.0	2	1.0162624286030606	-1.4068527011322833	230.0	26	1.05	0.95				
	301	2	67.22239797473685	13.693451439298245	0.0	0.0	3	1.009067712877478	-39.28607453499816	138.0	31	1.05	0.95				
	302	2	60.37567225508772	12.44859221754386	0.0	0.0	3	1.0084180613790363	-39.43933748997825	138.0	32	1.05	0.95				
	303	1	112.03732995789473	23.029895602456136	0.0	0.0	3	1.0184463204143457	-31.317135704009182	138.0	31	1.05	0.95				
	304	1	46.05979120491227	9.336444163157893	0.0	0.0	3	1.006321166975266	-37.2490302861312	138.0	31	1.05	0.95				
	305	1	44.19250237228069	8.714014552280702	0.0	0.0	3	1.0208096008618521	-38.263589461483086	138.0	31	1.05	0.95				
	306	1	84.65042707929825	17.428029104561404	0.0	-100.0	3	1.0346679136166053	-38.37712513534891	138.0	32	1.05	0.95				
	307	2	77.80370135964911	15.560740271929824	0.0	0.0	3	1.0013560464054159	-41.74418567916388	138.0	32	1.05	0.95				
	308	1	106.43546346	21.785036380701754	0.0	0.0	3	0.9986758663461959	-40.45101242947618	138.0	32	1.05	0.95				
	309	1	108.92518190350877	22.407465991578945	0.0	0.0	3	1.0268917073738544	-32.92092610131702	138.0	33	1.05	0.95				
	310	1	121.37377412105262	24.89718443508772	0.0	0.0	3	1.05	-35.24410788464335	138.0	33	1.05	0.95				
	311	1	0.0	0.0	0.0	0.0	3	1.0210421172246376	-27.491680016928303	230.0	33	1.05	0.95				
	312	1	0.0	0.0	0.0	0.0	3	1.0177151169732979	-26.809243835996792	230.0	33	1.05	0.95				
	313	2	164.94384688245614	33.611198987368425	0.0	0.0	3	1.0306624777368099	-23.68554726279831	230.0	34	1.05	0.95				
	314	2	120.75134451017544	24.274754824210525	0.0	0.0	3	1.0359202395493932	-24.356501354304932	230.0	36	1.05	0.95				
	315	2	197.31018664807016	39.83549509614035	0.0	0.0	3	1.0499246371353423	-16.61959691381174	230.0	36	1.05	0.95				
	316	2	62.242961087719294	12.44859221754386	0.0	0.0	3	1.0497798451426315	-16.161933443634446	230.0	36	1.05	0.95				
	317	1	0.0	0.0	0.0	0.0	3	1.05	-12.680122475542374	230.0	37	1.05	0.95				
	318	2	207.26906042210524	42.32521353964913	0.0	0.0	3	1.0485554967040427	-12.351865915568514	230.0	37	1.05	0.95				
	319	1	112.65975956877192	23.029895602456136	0.0	0.0	3	1.045871183071248	-17.347662463269355	230.0	35	1.05	0.95				
	320	1	79.6709901922807	16.183169882807018	0.0	0.0	3	1.0476220049719138	-17.217478738090612	230.0	35	1.05	0.95				
	321	2	0.0	0.0	0.0	0.0	3	1.05	-12.118701635995494	230.0	37	1.05	0.95				
	322	2	0.0	0.0	0.0	0.0	3	1.05	-6.562401163479174	230.0	37	1.05	0.95				
	323	2	0.0	0.0	0.0	0.0	3	1.05	-16.691743500973015	230.0	35	1.05	0.95				
	324	1	0.0	0.0	0.0	0.0	3	1.0191121321930845	-22.02722158935843	230.0	36	1.05	0.95				
	325	1	0.0	0.0	0.0	0.0	3	1.0380359101006942	-14.59414740110203	230.0	35	1.05	0.95				
];
