%% MATPOWER Case Format : Version 2
function mpc = RTS_GMLC
mpc.version = '2';

%%-----  Power Flow Data  -----%%
%% system MVA base
mpc.baseMVA = 100.0;
%% bus data
%    bus_i    type    Pd    Qd    Gs    Bs    area    Vm    Va    baseKV    zone    Vmax    Vmin
mpc.bus = [
	101	2	43.258782770526324	8.811974268070175	0.0	0.0	1	1.0327926692214908	2.3913525892117065	138.0	11	1.05	0.95				
	102	2	38.85279563649123	8.010885698245614	0.0	0.0	1	1.031868888486849	2.133467298917979	138.0	12	1.05	0.95				
	103	1	72.09797128421053	14.820138541754387	0.0	0.0	1	1.0301565636083478	0.8314812516751184	138.0	11	1.05	0.95				
	104	1	29.640277083508774	6.00816427368421	0.0	0.0	1	1.0214789129892075	-0.8278531939476693	138.0	11	1.05	0.95				
	105	1	28.43864422877193	5.607619988771931	0.0	0.0	1	1.0359488492162567	-0.6148408252405019	138.0	11	1.05	0.95				
	106	1	54.47402274807018	11.215239977543861	0.0	-100.0	1	1.046004993900918	-2.749993833694603	138.0	12	1.05	0.95				
	107	2	50.06803561403509	10.013607122807018	0.0	0.0	1	1.0002115566042553	-7.418234918870865	138.0	12	1.05	0.95				
	108	1	68.49307272	14.019049971929826	0.0	0.0	1	1.005439110499538	-6.377592324646672	138.0	12	1.05	0.95				
	109	1	70.09524985964913	14.419594256842105	0.0	0.0	1	1.0248656036939912	-1.6222151254036363	138.0	13	1.05	0.95				
	110	1	78.10613555789475	16.02177139649123	0.0	0.0	1	1.05	-2.3966812003968028	138.0	13	1.05	0.95				
	111	1	0.0	0.0	0.0	0.0	1	1.0031579208196313	0.0020009052548859638	230.0	13	1.05	0.95				
	112	1	0.0	0.0	0.0	0.0	1	1.0078251587129334	0.2556406504602017	230.0	13	1.05	0.95				
	113	3	106.14423550175438	21.629391385263162	0.0	0.0	1	0.9937264312173638	-3.408859432337345e-31	230.0	14	1.05	0.95				
	114	2	77.70559127298246	15.621227111578948	0.0	0.0	1	1.000583851874397	2.145353979624129	230.0	16	1.05	0.95				
	115	2	126.972538317193	25.634834234385966	0.0	0.0	1	1.0393920398882102	7.899371277230869	230.0	16	1.05	0.95				
	116	2	40.05442849122807	8.010885698245614	0.0	0.0	1	1.0347721276272737	7.449460889364602	230.0	16	1.05	0.95				
	117	1	0.0	0.0	0.0	0.0	1	1.042206424550705	9.647903289584425	230.0	17	1.05	0.95				
	118	2	133.3812468757895	27.23701137403509	0.0	0.0	1	1.0459420337123233	9.468631521573695	230.0	17	1.05	0.95				
	119	1	72.49851556912282	14.820138541754387	0.0	0.0	1	1.027395812003791	6.263043764376856	230.0	15	1.05	0.95				
	120	1	51.26966846877193	10.414151407719299	0.0	0.0	1	1.023729079720204	6.004333865557726	230.0	15	1.05	0.95				
	121	2	0.0	0.0	0.0	0.0	1	1.05	10.223142385865332	230.0	17	1.05	0.95				
	122	2	0.0	0.0	0.0	0.0	1	1.05	19.880639749336982	230.0	17	1.05	0.95				
	123	2	0.0	0.0	0.0	0.0	1	1.0221087956428228	6.173731587747068	230.0	15	1.05	0.95				
	124	1	0.0	0.0	0.0	0.0	1	1.0266682425443177	5.254562494963719	230.0	16	1.05	0.95				
	201	2	40.799622240000005	8.31103416	0.0	0.0	2	1.0246093454583525	-5.649534052005932	138.0	21	1.05	0.95				
	202	2	36.64410516	7.555485600000001	0.0	0.0	2	1.025343531812966	-5.432865247547875	138.0	22	1.05	0.95				
	203	1	67.9993704	13.97764836	0.0	0.0	2	1.0181369593162706	-5.738102899371763	138.0	21	1.05	0.95				
	204	1	27.95529672	5.666614200000001	0.0	0.0	2	1.0183004489501903	-7.340474136309639	138.0	21	1.05	0.95				
	205	1	26.821973879999998	5.288839920000001	0.0	0.0	2	1.0327071969041024	-7.523166727039308	138.0	21	1.05	0.95				
	206	1	51.37730208000001	10.577679840000002	0.0	-100.0	2	1.0456103672067019	-8.908603784176407	138.0	22	1.05	0.95				
	207	2	47.221785000000004	9.444357	0.0	0.0	2	0.99056413733297	-14.431055518784365	138.0	22	1.05	0.95				
	208	1	64.59940188	13.2220998	0.0	0.0	2	0.9995068105115912	-12.777377038165215	138.0	22	1.05	0.95				
	209	1	66.110499	13.59987408	0.0	0.0	2	1.022921106370819	-7.343217537200731	138.0	23	1.05	0.95				
	210	1	73.6659846	15.110971200000002	0.0	0.0	2	1.05	-8.204664564928756	138.0	23	1.05	0.95				
	211	1	0.0	0.0	0.0	0.0	2	1.0023597934878101	-5.064953633874657	230.0	23	1.05	0.95				
	212	1	0.0	0.0	0.0	0.0	2	1.0085806458948157	-4.613891740041234	230.0	23	1.05	0.95				
	213	2	100.11018419999999	20.399811120000003	0.0	0.0	2	0.9963188709831942	-4.297469554543986	230.0	24	1.05	0.95				
	214	2	73.28821032	14.733196920000003	0.0	0.0	2	0.9988295951400359	-2.8851838882608676	230.0	26	1.05	0.95				
	215	2	119.75444676	24.17755392	0.0	0.0	2	1.022274844411726	2.556693233171803	230.0	26	1.05	0.95				
	216	2	37.777428	7.555485600000001	0.0	0.0	2	1.023493790897859	2.4183703627611415	230.0	26	1.05	0.95				
	217	1	0.0	0.0	0.0	0.0	2	1.0293772305232847	4.5437894068404665	230.0	27	1.05	0.95				
	218	2	125.79883524000002	25.688651040000003	0.0	0.0	2	1.0295942154779034	4.509582291937028	230.0	27	1.05	0.95				
	219	1	68.37714468	13.97764836	0.0	0.0	2	1.0246850463015724	1.6893674017953315	230.0	25	1.05	0.95				
	220	1	48.35510784	9.82213128	0.0	0.0	2	1.0280479463435048	1.7991949368889926	230.0	25	1.05	0.95				
	221	2	0.0	0.0	0.0	0.0	2	1.0305076025040272	4.642893316438248	230.0	27	1.05	0.95				
	222	2	0.0	0.0	0.0	0.0	2	1.05	11.096509720421738	230.0	27	1.05	0.95				
	223	2	0.0	0.0	0.0	0.0	2	1.0302301529425495	2.149049044464258	230.0	25	1.05	0.95				
	224	1	0.0	0.0	0.0	0.0	2	1.010369919379823	-0.5675597740271995	230.0	26	1.05	0.95				
	301	2	51.9158494231579	10.575450808421055	0.0	0.0	3	1.0068812274574028	-27.841732286100445	138.0	31	1.05	0.95				
	302	2	46.62812401894737	9.614046189473685	0.0	0.0	3	1.0063541567926144	-27.97198952519395	138.0	32	1.05	0.95				
	303	1	86.52641570526318	17.78598545052632	0.0	0.0	3	1.0251326330841564	-21.553611675139784	138.0	31	1.05	0.95				
	304	1	35.57197090105264	7.210534642105264	0.0	0.0	3	1.0089159462353978	-26.390794925452294	138.0	31	1.05	0.95				
	305	1	34.12986397263158	6.72983233263158	0.0	0.0	3	1.0220630747710735	-27.210272865154764	138.0	31	1.05	0.95				
	306	1	65.37551408842106	13.45966466526316	0.0	-100.0	3	1.0384972635239282	-27.41714186821258	138.0	32	1.05	0.95				
	307	2	60.08778868421053	12.017557736842106	0.0	0.0	3	0.9921721382445117	-32.78847394600239	138.0	32	1.05	0.95				
	308	1	82.20009492000001	16.82458083157895	0.0	0.0	3	0.9969417600048517	-30.57943165764456	138.0	32	1.05	0.95				
	309	1	84.12290415789474	17.305283141052634	0.0	0.0	3	1.0266799752717717	-23.13428169837376	138.0	33	1.05	0.95				
	310	1	93.73695034736843	19.22809237894737	0.0	0.0	3	1.05	-25.033506618286477	138.0	33	1.05	0.95				
	311	1	0.0	0.0	0.0	0.0	3	1.0121118475706297	-18.73494719707626	230.0	33	1.05	0.95				
	312	1	0.0	0.0	0.0	0.0	3	1.0144144556160168	-18.03649127952098	230.0	33	1.05	0.95				
	313	2	127.38611201052632	25.95792471157895	0.0	0.0	3	1.016632161874306	-14.973547184258168	230.0	34	1.05	0.95				
	314	2	93.25624803789474	18.74739006947369	0.0	0.0	3	1.0172177898654875	-16.6369131420792	230.0	36	1.05	0.95				
	315	2	152.3826321031579	30.764947806315796	0.0	0.0	3	1.0397681528599212	-11.721111107841272	230.0	36	1.05	0.95				
	316	2	48.07023094736842	9.614046189473685	0.0	0.0	3	1.04041645875328	-10.810368548772653	230.0	36	1.05	0.95				
	317	1	0.0	0.0	0.0	0.0	3	1.0442653891066607	-8.667521550446724	230.0	37	1.05	0.95				
	318	2	160.07386905473686	32.68775704421053	0.0	0.0	3	1.0423552505005143	-8.874050799476898	230.0	37	1.05	0.95				
	319	1	87.00711801473685	17.78598545052632	0.0	0.0	3	1.0388509706239448	-11.371668643870159	230.0	35	1.05	0.95				
	320	1	61.52989561263159	12.498260046315792	0.0	0.0	3	1.0408945993444878	-10.945724638950184	230.0	35	1.05	0.95				
	321	2	0.0	0.0	0.0	0.0	3	1.0430174773718983	-9.294115140587165	230.0	37	1.05	0.95				
	322	2	0.0	0.0	0.0	0.0	3	1.05	-4.720155919522453	230.0	37	1.05	0.95				
	323	2	0.0	0.0	0.0	0.0	3	1.042869513286303	-10.354309722943336	230.0	35	1.05	0.95				
	324	1	0.0	0.0	0.0	0.0	3	1.02200876782434	-15.38779572026397	230.0	36	1.05	0.95				
	325	1	0.0	0.0	0.0	0.0	3	1.0356613641217278	-8.673025741700446	230.0	35	1.05	0.95				
];

%% generator data
%    bus    Pg    Qg    Qmax    Qmin    Vg    mBase    status    Pmax    Pmin    Pc1    Pc2    Qc1min    Qc1max    Qc2min    Qc2max    ramp_agc    ramp_10    ramp_30    ramp_q    apf
