%% MATPOWER Case Format : Version 2
function mpc = RTS_GMLC
mpc.version = '2';

%%-----  Power Flow Data  -----%%
%% system MVA base
mpc.baseMVA = 100.0;
%% bus data
%    bus_i    type    Pd    Qd    Gs    Bs    area    Vm    Va    baseKV    zone    Vmax    Vmin
mpc.bus = [
	101	2	46.75903018105264	9.524987629473685	0.0	0.0	1	1.032836214201239	2.576572476097119	138.0	11	1.05	0.95				
	102	2	41.99653636631579	8.659079663157895	0.0	0.0	1	1.0324341621361126	2.4601978141244154	138.0	12	1.05	0.95				
	103	1	77.93171696842106	16.019297376842108	0.0	0.0	1	1.027893134359535	-0.4195548062431996	138.0	11	1.05	0.95				
	104	1	32.038594753684215	6.494309747368421	0.0	0.0	1	1.0212537085716635	-0.874938674426745	138.0	11	1.05	0.95				
	105	1	30.739732804210522	6.061355764210527	0.0	0.0	1	1.0354482531785543	-0.5718583168190291	138.0	11	1.05	0.95				
	106	1	58.88174170947369	12.122711528421053	0.0	-100.0	1	1.0450875449021984	-2.7751073228325285	138.0	12	1.05	0.95				
	107	2	54.119247894736844	10.82384957894737	0.0	0.0	1	1.0123603429677617	-4.382562834198648	138.0	12	1.05	0.95				
	108	1	74.03513112	15.153389410526316	0.0	0.0	1	1.0126124978395057	-4.797070414813039	138.0	12	1.05	0.95				
	109	1	75.76694705263158	15.58634339368421	0.0	0.0	1	1.025480242274688	-1.848276740860028	138.0	13	1.05	0.95				
	110	1	84.42602671578948	17.31815932631579	0.0	0.0	1	1.05	-2.3967211025890984	138.0	13	1.05	0.95				
	111	1	0.0	0.0	0.0	0.0	1	1.003564714209384	-0.5123475030183995	230.0	13	1.05	0.95				
	112	1	0.0	0.0	0.0	0.0	1	1.0089029891066146	0.25446972948976243	230.0	13	1.05	0.95				
	113	3	114.73280553684211	23.37951509052632	0.0	0.0	1	0.9949503155793809	1.1000344281282983e-30	230.0	14	1.05	0.95				
	114	2	83.99307273263157	16.885205343157892	0.0	0.0	1	0.9990987701116048	0.7763305378126905	230.0	16	1.05	0.95				
	115	2	137.24641266105263	27.709054922105263	0.0	0.0	1	1.0384470039607179	5.030939524084771	230.0	16	1.05	0.95				
	116	2	43.29539831578948	8.659079663157895	0.0	0.0	1	1.0337750528535492	5.1065908239708975	230.0	16	1.05	0.95				
	117	1	0.0	0.0	0.0	0.0	1	1.042280751633859	6.122335182079792	230.0	17	1.05	0.95				
	118	2	144.17367639157894	29.440870854736843	0.0	0.0	1	1.0451119763866603	5.637567667643042	230.0	17	1.05	0.95				
	119	1	78.36467095157896	16.019297376842108	0.0	0.0	1	1.0280979130489838	4.955153255566613	230.0	15	1.05	0.95				
	120	1	55.41810984421053	11.256803562105263	0.0	0.0	1	1.0260709861635955	5.666053005187342	230.0	15	1.05	0.95				
	121	2	0.0	0.0	0.0	0.0	1	1.05	6.175606820305393	230.0	17	1.05	0.95				
	122	2	0.0	0.0	0.0	0.0	1	1.05	13.884035104370419	230.0	17	1.05	0.95				
	123	2	0.0	0.0	0.0	0.0	1	1.0257201859381642	6.392944022833844	230.0	15	1.05	0.95				
	124	1	0.0	0.0	0.0	0.0	1	1.0267346738453145	3.0001230465925053	230.0	16	1.05	0.95				
	201	2	47.03856445894737	9.58192979719298	0.0	0.0	2	1.0286759138085038	-5.438074358673523	138.0	21	1.05	0.95				
	202	2	42.24759956035087	8.710845270175438	0.0	0.0	2	1.0289223158132716	-5.415866842962996	138.0	22	1.05	0.95				
	203	1	78.39760743157895	16.11506374982456	0.0	0.0	2	1.022088392680778	-5.229948135162024	138.0	21	1.05	0.95				
	204	1	32.23012749964912	6.533133952631578	0.0	0.0	2	1.0188389344259192	-7.9393442973184785	138.0	21	1.05	0.95				
	205	1	30.923500709122802	6.097591689122807	0.0	0.0	2	1.0336561785069878	-8.05468458510981	138.0	21	1.05	0.95				
	206	1	59.233747837192986	12.195183378245614	0.0	-100.0	2	1.0444929913938643	-9.934327836541803	138.0	22	1.05	0.95				
	207	2	54.44278293859649	10.888556587719297	0.0	0.0	2	0.9864205459838609	-16.551123763328054	138.0	22	1.05	0.95				
	208	1	74.47772705999999	15.243979222807017	0.0	0.0	2	0.9948445785533172	-14.596870290076081	138.0	22	1.05	0.95				
	209	1	76.21989611403508	15.679521486315787	0.0	0.0	2	1.0233449706020283	-8.22356606676444	138.0	23	1.05	0.95				
	210	1	84.93074138421052	17.421690540350877	0.0	0.0	2	1.05	-9.317232806131795	138.0	23	1.05	0.95				
	211	1	0.0	0.0	0.0	0.0	2	1.0058889925183425	-5.910929184314375	230.0	23	1.05	0.95				
	212	1	0.0	0.0	0.0	0.0	2	1.012231817653303	-5.791030994103083	230.0	23	1.05	0.95				
	213	2	115.41869982982456	23.519282229473685	0.0	0.0	2	1.000354237361734	-5.563108495634529	230.0	24	1.05	0.95				
	214	2	84.49519912070174	16.986148276842105	0.0	0.0	2	1.0059049893434997	-3.2481201199338234	230.0	26	1.05	0.95				
	215	2	138.0668975322807	27.8747048645614	0.0	0.0	2	1.0299186619554601	3.432418852668656	230.0	26	1.05	0.95				
	216	2	43.55422635087719	8.710845270175438	0.0	0.0	2	1.0323811079061778	3.0682157090707354	230.0	26	1.05	0.95				
	217	1	0.0	0.0	0.0	0.0	2	1.037127124734871	6.1083638806856895	230.0	27	1.05	0.95				
	218	2	145.03557374842103	29.616873918596493	0.0	0.0	2	1.0392451951401305	6.805421067336805	230.0	27	1.05	0.95				
	219	1	78.83314969508771	16.11506374982456	0.0	0.0	2	1.032846910676249	1.335090004060729	230.0	25	1.05	0.95				
	220	1	55.7494097291228	11.324098851228069	0.0	0.0	2	1.036684357456276	0.6732464597045011	230.0	25	1.05	0.95				
	221	2	0.0	0.0	0.0	0.0	2	1.038640877349592	6.430212973588457	230.0	27	1.05	0.95				
	222	2	0.0	0.0	0.0	0.0	2	1.05	12.80458008522847	230.0	27	1.05	0.95				
	223	2	0.0	0.0	0.0	0.0	2	1.039299804068998	0.637808417057505	230.0	25	1.05	0.95				
	224	1	0.0	0.0	0.0	0.0	2	1.0161532211991364	0.18187287084396492	230.0	26	1.05	0.95				
	301	2	63.925340096842106	13.021828538245614	0.0	0.0	3	1.0077341135537368	-39.612602279306785	138.0	31	1.05	0.95				
	302	2	57.4144258277193	11.83802594385965	0.0	0.0	3	1.007117832742682	-39.756475111414254	138.0	32	1.05	0.95				
	303	1	106.54223349473683	21.90034799614035	0.0	0.0	3	1.0194430695488368	-32.141882006262634	138.0	31	1.05	0.95				
	304	1	43.8006959922807	8.878519457894736	0.0	0.0	3	1.006582377471441	-37.68153127104471	138.0	31	1.05	0.95				
	305	1	42.02499210070175	8.286618160701757	0.0	0.0	3	1.0206373027379558	-38.65565450761428	138.0	31	1.05	0.95				
	306	1	80.49857641824562	16.573236321403513	0.0	-100.0	3	1.035293477935729	-38.77862965847053	138.0	32	1.05	0.95				
	307	2	73.9876621491228	14.797532429824562	0.0	0.0	3	0.9996658805329188	-42.14001668915893	138.0	32	1.05	0.95				
	308	1	101.21512182	20.716545401754384	0.0	0.0	3	0.9987684790512422	-40.837019921977884	138.0	32	1.05	0.95				
	309	1	103.58272700877194	21.308446698947368	0.0	0.0	3	1.026994072639354	-33.57328924884749	138.0	33	1.05	0.95				
	310	1	115.42075295263157	23.6760518877193	0.0	0.0	3	1.05	-35.799430332046576	138.0	33	1.05	0.95				
	311	1	0.0	0.0	0.0	0.0	3	1.0190219167800163	-28.389893376831445	230.0	33	1.05	0.95				
	312	1	0.0	0.0	0.0	0.0	3	1.017396815663271	-27.730936012466664	230.0	33	1.05	0.95				
	313	2	156.85384375614035	31.962670048421053	0.0	0.0	3	1.0272900903837137	-24.62825076509993	230.0	34	1.05	0.95				
	314	2	114.8288516554386	23.084150590526317	0.0	0.0	3	1.0316477305268335	-25.46715412680602	230.0	36	1.05	0.95				
	315	2	187.63271121017544	37.88168302035088	0.0	0.0	3	1.0491106439326148	-18.156409651069346	230.0	36	1.05	0.95				
	316	2	59.19012971929825	11.83802594385965	0.0	0.0	3	1.0492870758509274	-17.7859060644817	230.0	36	1.05	0.95				
	317	1	0.0	0.0	0.0	0.0	3	1.0495471543076518	-14.79710556150781	230.0	37	1.05	0.95				
	318	2	197.10313196526317	40.24928820912281	0.0	0.0	3	1.049662436909251	-14.057888855316103	230.0	37	1.05	0.95				
	319	1	107.13413479192984	21.90034799614035	0.0	0.0	3	1.045897961452278	-18.899370191396972	230.0	35	1.05	0.95				
	320	1	75.76336604070175	15.389433727017545	0.0	0.0	3	1.0477228805577208	-18.76204810656644	230.0	35	1.05	0.95				
	321	2	0.0	0.0	0.0	0.0	3	1.05	-13.783908296234745	230.0	37	1.05	0.95				
	322	2	0.0	0.0	0.0	0.0	3	1.05	-8.405415825606127	230.0	37	1.05	0.95				
	323	2	0.0	0.0	0.0	0.0	3	1.05	-18.25422893120932	230.0	35	1.05	0.95				
	324	1	0.0	0.0	0.0	0.0	3	1.020061343092869	-23.309094356921097	230.0	36	1.05	0.95				
	325	1	0.0	0.0	0.0	0.0	3	1.0394751908968252	-16.295275433533735	230.0	35	1.05	0.95				
];
