%% MATPOWER Case Format : Version 2
function mpc = RTS_GMLC
mpc.version = '2';

%%-----  Power Flow Data  -----%%
%% system MVA base
mpc.baseMVA = 100.0;
%% bus data
%    bus_i    type    Pd    Qd    Gs    Bs    area    Vm    Va    baseKV    zone    Vmax    Vmin
mpc.bus = [
	101	2	84.67392380210526	17.248391885614033	0.0	0.0	1	1.0374780269946418	-2.0432149547085654	138.0	11	1.05	0.95				
	102	2	76.04972785929824	15.680356259649123	0.0	0.0	1	1.0373821440676287	-2.1418637381501004	138.0	12	1.05	0.95				
	103	1	141.1232063368421	29.008659080350874	0.0	0.0	1	1.0209560100818247	-3.0335474853188993	138.0	11	1.05	0.95				
	104	1	58.01731816070175	11.76026719473684	0.0	0.0	1	1.0183126662845654	-5.2794913684102776	138.0	11	1.05	0.95				
	105	1	55.66526472175438	10.976249381754387	0.0	0.0	1	1.0331026839901027	-5.389431037476583	138.0	11	1.05	0.95				
	106	1	106.62642256561404	21.952498763508775	0.0	-100.0	1	1.0361129668729558	-7.980283325794136	138.0	12	1.05	0.95				
	107	2	98.00222662280702	19.600445324561402	0.0	0.0	1	1.05	-4.834671833716419	138.0	12	1.05	0.95				
	108	1	134.06704602	27.44062345438596	0.0	0.0	1	1.0246445172367364	-7.584542822741236	138.0	12	1.05	0.95				
	109	1	137.2031172719298	28.224641267368415	0.0	0.0	1	1.0269695103052046	-4.9393041818311785	138.0	13	1.05	0.95				
	110	1	152.88347353157894	31.360712519298247	0.0	0.0	1	1.05	-6.327802071195642	138.0	13	1.05	0.95				
	111	1	0.0	0.0	0.0	0.0	1	1.0147591276790136	-1.959877878786803	230.0	13	1.05	0.95				
	112	1	0.0	0.0	0.0	0.0	1	1.0168858482288927	-0.9758179351469425	230.0	13	1.05	0.95				
	113	3	207.76472044035086	42.33696190105263	0.0	0.0	1	1.0170002559999722	3.471877826058374e-28	230.0	14	1.05	0.95				
	114	2	152.0994557185965	30.576694706315788	0.0	0.0	1	1.0174916035909183	0.03394033423857776	230.0	16	1.05	0.95				
	115	2	248.53364671543855	50.17714003087719	0.0	0.0	1	1.045102800228404	7.8612481191693755	230.0	16	1.05	0.95				
	116	2	78.40178129824561	15.680356259649123	0.0	0.0	1	1.0439702699530247	7.583555934110777	230.0	16	1.05	0.95				
	117	1	0.0	0.0	0.0	0.0	1	1.0472751412506478	10.665197822445219	230.0	17	1.05	0.95				
	118	2	261.07793172315786	53.31321128280702	0.0	0.0	1	1.0494568451246982	11.211906518132855	230.0	17	1.05	0.95				
	119	1	141.90722414982454	29.008659080350874	0.0	0.0	1	1.038364128717648	6.489318509252822	230.0	15	1.05	0.95				
	120	1	100.35428006175438	20.38446313754386	0.0	0.0	1	1.0402687350131612	6.893040356046257	230.0	15	1.05	0.95				
	121	2	0.0	0.0	0.0	0.0	1	1.05	11.801736348522802	230.0	17	1.05	0.95				
	122	2	0.0	0.0	0.0	0.0	1	1.05	19.09127196223591	230.0	17	1.05	0.95				
	123	2	0.0	0.0	0.0	0.0	1	1.0436046002983022	7.691166043936937	230.0	15	1.05	0.95				
	124	1	0.0	0.0	0.0	0.0	1	1.0224211960828495	3.833480063936793	230.0	16	1.05	0.95				
	201	2	87.1751928126316	17.757909647017545	0.0	0.0	2	1.0420459698764586	-11.9115920516482	138.0	21	1.05	0.95				
	202	2	78.2962379891228	16.143554224561406	0.0	0.0	2	1.0430413729098598	-12.074272571165443	138.0	22	1.05	0.95				
	203	1	145.29198802105265	29.865575315438598	0.0	0.0	2	1.0262023136929104	-8.419007498246149	138.0	21	1.05	0.95				
	204	1	59.731150630877195	12.107665668421053	0.0	0.0	2	1.019507110798516	-13.591360211064956	138.0	21	1.05	0.95				
	205	1	57.30961749719299	11.300487957192985	0.0	0.0	2	1.035711634206296	-14.027560054431039	138.0	21	1.05	0.95				
	206	1	109.77616872701756	22.60097591438597	0.0	-100.0	2	1.0375201265174316	-15.984312757270398	138.0	22	1.05	0.95				
	207	2	100.89721390350878	20.179442780701756	0.0	0.0	2	0.95	-27.565118945426626	138.0	22	1.05	0.95				
	208	1	138.02738862	28.251219892982455	0.0	0.0	2	0.9561694775398806	-23.728195528239464	138.0	22	1.05	0.95				
	209	1	141.2560994649123	29.05839760421053	0.0	0.0	2	1.0260536157290605	-11.582781961018883	138.0	23	1.05	0.95				
	210	1	157.3996536894737	32.28710844912281	0.0	0.0	2	1.05	-13.651010044619126	138.0	23	1.05	0.95				
	211	1	0.0	0.0	0.0	0.0	2	1.032566441274142	-6.552011979905718	230.0	23	1.05	0.95				
	212	1	0.0	0.0	0.0	0.0	2	1.0254217444966773	-4.363254968943353	230.0	23	1.05	0.95				
	213	2	213.90209347543862	43.5875964063158	0.0	0.0	2	1.05	-2.7834568184927813	230.0	24	1.05	0.95				
	214	2	156.5924759782456	31.47993073789474	0.0	0.0	2	1.05	-4.057017533463233	230.0	26	1.05	0.95				
	215	2	255.87533445929824	51.659373518596496	0.0	0.0	2	1.0452854258507709	4.697546116498762	230.0	26	1.05	0.95				
	216	2	80.71777112280702	16.143554224561406	0.0	0.0	2	1.0494075996886416	4.459935311172575	230.0	26	1.05	0.95				
	217	1	0.0	0.0	0.0	0.0	2	1.0495287242106732	7.5989985635969	230.0	27	1.05	0.95				
	218	2	268.7901778389474	54.88808436350878	0.0	0.0	2	1.05	8.331778544379187	230.0	27	1.05	0.95				
	219	1	146.0991657322807	29.865575315438598	0.0	0.0	2	1.0437666157568295	3.8925456920601933	230.0	25	1.05	0.95				
	220	1	103.31874703719299	20.986620491929827	0.0	0.0	2	1.0460993758467017	4.906060005082876	230.0	25	1.05	0.95				
	221	2	0.0	0.0	0.0	0.0	2	1.05	8.843419302298395	230.0	27	1.05	0.95				
	222	2	0.0	0.0	0.0	0.0	2	1.05	14.86706148375402	230.0	27	1.05	0.95				
	223	2	0.0	0.0	0.0	0.0	2	1.05	6.0476245751693085	230.0	25	1.05	0.95				
	224	1	0.0	0.0	0.0	0.0	2	1.021494844373312	-0.1802515573114731	230.0	26	1.05	0.95				
	301	2	70.86111991578947	14.434672575438595	0.0	0.0	3	1.0098820369430836	-17.47274079622131	138.0	31	1.05	0.95				
	302	2	63.643783628070175	13.122429614035088	0.0	0.0	3	1.008984863103886	-17.686310589075894	138.0	32	1.05	0.95				
	303	1	118.10186652631577	24.27649478596491	0.0	0.0	3	1.0208804703853476	-10.620065681821298	138.0	31	1.05	0.95				
	304	1	48.55298957192982	9.841822210526315	0.0	0.0	3	1.0061564852139506	-15.803278629789288	138.0	31	1.05	0.95				
	305	1	46.58462512982456	9.18570072982456	0.0	0.0	3	1.020722433439683	-16.474231204808277	138.0	31	1.05	0.95				
	306	1	89.2325213754386	18.37140145964912	0.0	-100.0	3	1.0337765193880815	-16.64088817358952	138.0	32	1.05	0.95				
	307	2	82.0151850877193	16.40303701754386	0.0	0.0	3	1.0077612316768312	-17.938169558071372	138.0	32	1.05	0.95				
	308	1	112.1967732	22.9642518245614	0.0	0.0	3	1.0046782877580067	-17.300233844374823	138.0	32	1.05	0.95				
	309	1	114.821259122807	23.620373305263158	0.0	0.0	3	1.0270204686870137	-11.585472347797726	138.0	33	1.05	0.95				
	310	1	127.94368873684209	26.244859228070176	0.0	0.0	3	1.05	-13.370668070440649	138.0	33	1.05	0.95				
	311	1	0.0	0.0	0.0	0.0	3	1.0174889450182356	-6.3028422218928535	230.0	33	1.05	0.95				
	312	1	0.0	0.0	0.0	0.0	3	1.0180603717649257	-5.558659840809459	230.0	33	1.05	0.95				
	313	2	173.8721923859649	35.43055995789474	0.0	0.0	3	1.028343674784442	-1.6397082106053402	230.0	34	1.05	0.95				
	314	2	127.28756725614035	25.588737747368423	0.0	0.0	3	1.0262179933516997	-4.27022054289642	230.0	36	1.05	0.95				
	315	2	207.9905093824561	41.99177476491228	0.0	0.0	3	1.0451983315651523	0.3276838609634864	230.0	36	1.05	0.95				
	316	2	65.61214807017544	13.122429614035088	0.0	0.0	3	1.0430659064068741	0.4159923789072636	230.0	36	1.05	0.95				
	317	1	0.0	0.0	0.0	0.0	3	1.0466534019034652	2.500204906166074	230.0	37	1.05	0.95				
	318	2	218.48845307368418	44.6162606877193	0.0	0.0	3	1.0471910720589248	2.6069615089147766	230.0	37	1.05	0.95				
	319	1	118.75798800701753	24.27649478596491	0.0	0.0	3	1.038988777122655	0.07497912913399332	230.0	35	1.05	0.95				
	320	1	83.98354952982456	17.059158498245612	0.0	0.0	3	1.0384666531939315	-0.004128302892259584	230.0	35	1.05	0.95				
	321	2	0.0	0.0	0.0	0.0	3	1.05	3.7628444872758497	230.0	37	1.05	0.95				
	322	2	0.0	0.0	0.0	0.0	3	1.05	9.042149856317225	230.0	37	1.05	0.95				
	323	2	0.0	0.0	0.0	0.0	3	1.0393119011959158	0.2716479681296834	230.0	35	1.05	0.95				
	324	1	0.0	0.0	0.0	0.0	3	1.0243529189673162	-2.3385735815369446	230.0	36	1.05	0.95				
	325	1	0.0	0.0	0.0	0.0	3	1.0374556941132493	1.2381822104422726	230.0	35	1.05	0.95				
];
