%% MATPOWER Case Format : Version 2
function mpc = RTS_GMLC
mpc.version = '2';

%%-----  Power Flow Data  -----%%
%% system MVA base
mpc.baseMVA = 100.0;
%% bus data
%    bus_i    type    Pd    Qd    Gs    Bs    area    Vm    Va    baseKV    zone    Vmax    Vmin
mpc.bus = [
	101	2	41.22810488842105	8.39831766245614	0.0	0.0	1	1.0116822501094727	-4.452748799285829	138.0	11	1.05	0.95				
	102	2	37.02894605719298	7.634834238596492	0.0	0.0	1	1.0117025244158262	-4.634578362552461	138.0	12	1.05	0.95				
	103	1	68.71350814736842	14.12444334140351	0.0	0.0	1	0.9996319760428553	-0.11244456931339938	138.0	11	1.05	0.95				
	104	1	28.24888668280702	5.726125678947367	0.0	0.0	1	1.0025861479761502	-4.380606317604625	138.0	11	1.05	0.95				
	105	1	27.103661547017538	5.344383967017544	0.0	0.0	1	1.0166551349792843	-5.36141332280989	138.0	11	1.05	0.95				
	106	1	51.91687282245614	10.688767934035088	0.0	-100.0	1	1.0274969842863277	-6.336966948825542	138.0	12	1.05	0.95				
	107	2	47.71771399122807	9.543542798245614	0.0	0.0	1	0.9846264085896242	-8.705634874333075	138.0	12	1.05	0.95				
	108	1	65.27783274	13.360959917543857	0.0	0.0	1	0.988126780803875	-8.033177181237614	138.0	12	1.05	0.95				
	109	1	66.8047995877193	13.742701629473682	0.0	0.0	1	1.0021034359072225	-3.3096001274802394	138.0	13	1.05	0.95				
	110	1	74.43963382631578	15.269668477192983	0.0	0.0	1	1.0305727023276605	-5.018490692130044	138.0	13	1.05	0.95				
	111	1	0.0	0.0	0.0	0.0	1	0.9811213427127766	-0.7226974468556645	230.0	13	1.05	0.95				
	112	1	0.0	0.0	0.0	0.0	1	0.9820968433965709	-1.4112371564788762	230.0	13	1.05	0.95				
	113	3	101.16155366140349	20.614052444210525	0.0	0.0	1	0.9624545505729921	-9.725397571659481e-29	230.0	14	1.05	0.95				
	114	2	74.05789211438596	14.887926765263156	0.0	0.0	1	0.9896180495258733	2.2381657057414155	230.0	16	1.05	0.95				
	115	2	121.01212268175436	24.43146956350877	0.0	0.0	1	0.9891046612941821	10.370565118673046	230.0	16	1.05	0.95				
	116	2	38.174171192982456	7.634834238596492	0.0	0.0	1	0.9881789414047193	9.068003091434806	230.0	16	1.05	0.95				
	117	1	0.0	0.0	0.0	0.0	1	0.9898842328852617	14.419865285699009	230.0	17	1.05	0.95				
	118	2	127.11999007263157	25.95843641122807	0.0	0.0	1	0.9974886533535586	14.771995023618764	230.0	17	1.05	0.95				
	119	1	69.09524985929825	14.12444334140351	0.0	0.0	1	0.9885258229496651	5.784834412025483	230.0	15	1.05	0.95				
	120	1	48.86293912701754	9.92528451017544	0.0	0.0	1	0.9931532377795447	3.4478152705142113	230.0	15	1.05	0.95				
	121	2	0.0	0.0	0.0	0.0	1	0.9980127191677916	15.855674593429482	230.0	17	1.05	0.95				
	122	2	0.0	0.0	0.0	0.0	1	1.0037054310051101	33.507500701262195	230.0	17	1.05	0.95				
	123	2	0.0	0.0	0.0	0.0	1	0.9964759804298067	2.4829170128889597	230.0	15	1.05	0.95				
	124	1	0.0	0.0	0.0	0.0	1	0.9805978130808815	6.361282023274716	230.0	16	1.05	0.95				
	201	2	38.07964739368421	7.7569652098245605	0.0	0.0	2	1.0115740948169203	-7.602231103439768	138.0	21	1.05	0.95				
	202	2	34.201164788771926	7.0517865543859655	0.0	0.0	2	1.0104805757384765	-7.742075106194692	138.0	22	1.05	0.95				
	203	1	63.46607898947369	13.045805125614034	0.0	0.0	2	0.9981719303042323	-5.9993261363961725	138.0	21	1.05	0.95				
	204	1	26.09161025122807	5.288839915789474	0.0	0.0	2	1.0036012040063298	-6.911224791759817	138.0	21	1.05	0.95				
	205	1	25.033842268070174	4.936250588070176	0.0	0.0	2	1.0194988001736864	-7.162478231748035	138.0	21	1.05	0.95				
	206	1	47.952148569824566	9.872501176140352	0.0	-100.0	2	1.0323526208967482	-7.375871992715484	138.0	22	1.05	0.95				
	207	2	44.07366596491228	8.814733192982455	0.0	0.0	2	0.9716458422652807	-11.447990080904933	138.0	22	1.05	0.95				
	208	1	60.29277504	12.340626470175438	0.0	0.0	2	0.983211081679994	-9.895712702701188	138.0	22	1.05	0.95				
	209	1	61.70313235087719	12.693215797894736	0.0	0.0	2	1.0080506056362775	-4.725143890748728	138.0	23	1.05	0.95				
	210	1	68.75491890526315	14.103573108771931	0.0	0.0	2	1.035966332633817	-5.554553011613777	138.0	23	1.05	0.95				
	211	1	0.0	0.0	0.0	0.0	2	0.9862370077022388	-2.7641338760395766	230.0	23	1.05	0.95				
	212	1	0.0	0.0	0.0	0.0	2	0.9902138462302232	1.8859536216485535	230.0	23	1.05	0.95				
	213	2	93.43617184561404	19.039823696842106	0.0	0.0	2	0.9813118793358441	-0.42247875112868516	230.0	24	1.05	0.95				
	214	2	68.40232957754385	13.75098378105263	0.0	0.0	2	0.9789927794785509	-2.277582250774104	230.0	26	1.05	0.95				
	215	2	111.77081688701753	22.565716974035087	0.0	0.0	2	0.9895330574498178	0.7844759112883943	230.0	26	1.05	0.95				
	216	2	35.25893277192982	7.0517865543859655	0.0	0.0	2	0.9873172715425039	0.7074127934894588	230.0	26	1.05	0.95				
	217	1	0.0	0.0	0.0	0.0	2	0.997761003541385	1.4759130480385068	230.0	27	1.05	0.95				
	218	2	117.41224613052633	23.976074284912283	0.0	0.0	2	0.9983979821443509	1.0550690044800726	230.0	27	1.05	0.95				
	219	1	63.81866831719299	13.045805125614034	0.0	0.0	2	0.9818749650963905	1.5456678058190245	230.0	25	1.05	0.95				
	220	1	45.131433948070175	9.167322520701754	0.0	0.0	2	0.9796725604102753	3.0347204404738513	230.0	25	1.05	0.95				
	221	2	0.0	0.0	0.0	0.0	2	1.000475411215254	1.5467719021039084	230.0	27	1.05	0.95				
	222	2	0.0	0.0	0.0	0.0	2	1.0178328434052148	6.3283576785276	230.0	27	1.05	0.95				
	223	2	0.0	0.0	0.0	0.0	2	0.9793172288339939	4.156994632565295	230.0	25	1.05	0.95				
	224	1	0.0	0.0	0.0	0.0	2	0.9842405144462679	-1.8077218448702472	230.0	26	1.05	0.95				
	301	2	46.62005695578947	9.49667826877193	0.0	0.0	3	1.0111423386498075	12.494308258161407	138.0	31	1.05	0.95				
	302	2	41.8717178214035	8.633343880701755	0.0	0.0	3	1.0114387637702353	12.396872875315479	138.0	32	1.05	0.95				
	303	1	77.70009492631578	15.971686179298244	0.0	0.0	3	1.0003143611813614	17.20726781309801	138.0	31	1.05	0.95				
	304	1	31.943372358596488	6.4750079105263145	0.0	0.0	3	1.0025278227296515	13.851337482202945	138.0	31	1.05	0.95				
	305	1	30.648370776491223	6.043340716491228	0.0	0.0	3	1.0188378504883053	13.537007866293802	138.0	31	1.05	0.95				
	306	1	58.70673838877193	12.086681432982456	0.0	-100.0	3	1.0317849331053999	13.596453777180539	138.0	32	1.05	0.95				
	307	2	53.95839925438596	10.791679850877193	0.0	0.0	3	0.9693118220639997	10.825922777625214	138.0	32	1.05	0.95				
	308	1	73.81509018	15.108351791228067	0.0	0.0	3	0.9847861309700601	12.709791250334282	138.0	32	1.05	0.95				
	309	1	75.54175895614034	15.540018985263156	0.0	0.0	3	1.0089875983321146	16.876757485425827	138.0	33	1.05	0.95				
	310	1	84.1751028368421	17.26668776140351	0.0	0.0	3	1.0380232342970335	16.00509879857851	138.0	33	1.05	0.95				
	311	1	0.0	0.0	0.0	0.0	3	0.9867705488307368	20.947053814918906	230.0	33	1.05	0.95				
	312	1	0.0	0.0	0.0	0.0	3	0.9961522252886698	21.10138789913692	230.0	33	1.05	0.95				
	313	2	114.39180641929822	23.310028477894736	0.0	0.0	3	0.9960534078450957	24.804586230455705	230.0	34	1.05	0.95				
	314	2	83.743435642807	16.83502056736842	0.0	0.0	3	0.9735635543556299	22.236077045650692	230.0	36	1.05	0.95				
	315	2	136.83850050912278	27.626700418245616	0.0	0.0	3	0.9796278997574802	22.32984545673875	230.0	36	1.05	0.95				
	316	2	43.16671940350877	8.633343880701755	0.0	0.0	3	0.9672190755621232	23.319508735600273	230.0	36	1.05	0.95				
	317	1	0.0	0.0	0.0	0.0	3	0.9887370710727621	26.63491820453883	230.0	37	1.05	0.95				
	318	2	143.7451756136842	29.353369194385966	0.0	0.0	3	0.9865307271408927	23.146904773188943	230.0	37	1.05	0.95				
	319	1	78.13176212035088	15.971686179298244	0.0	0.0	3	0.9791571081243146	23.02652150192416	230.0	35	1.05	0.95				
	320	1	55.25340083649123	11.22334704491228	0.0	0.0	3	0.9900740740955087	22.449480338194554	230.0	35	1.05	0.95				
	321	2	0.0	0.0	0.0	0.0	3	0.9918942903469913	23.363174352486787	230.0	37	1.05	0.95				
	322	2	0.0	0.0	0.0	0.0	3	1.0086561916223207	27.590264803098627	230.0	37	1.05	0.95				
	323	2	0.0	0.0	0.0	0.0	3	0.9956263502726294	22.008233395475738	230.0	35	1.05	0.95				
	324	1	0.0	0.0	0.0	0.0	3	0.9820125296497525	21.491218081756386	230.0	36	1.05	0.95				
