%% MATPOWER Case Format : Version 2
function mpc = RTS_GMLC
mpc.version = '2';

%%-----  Power Flow Data  -----%%
%% system MVA base
mpc.baseMVA = 100.0;
%% bus data
%    bus_i    type    Pd    Qd    Gs    Bs    area    Vm    Va    baseKV    zone    Vmax    Vmin
mpc.bus = [
	101	2	37.634339436631585	7.666254329684211	0.0	0.0	1	1.0296485385836776	1.1340928579114542	138.0	11	1.05	0.95				
	102	2	33.801212271789474	6.969322117894737	0.0	0.0	1	1.0273293561224242	0.526042412966789	138.0	12	1.05	0.95				
	103	1	62.723899061052634	12.893245918105265	0.0	0.0	1	1.0282224614486497	0.263444731583487	138.0	11	1.05	0.95				
	104	1	25.78649183621053	5.226991588421053	0.0	0.0	1	1.0218560678794442	-1.5482802219846539	138.0	11	1.05	0.95				
	105	1	24.741093518526316	4.8785254825263165	0.0	0.0	1	1.0352023023975594	-1.6058714562596352	138.0	11	1.05	0.95				
	106	1	47.39139040168422	9.757050965052633	0.0	-100.0	1	1.0466361195100544	-3.6380970172150793	138.0	12	1.05	0.95				
	107	2	43.55826323684211	8.711652647368421	0.0	0.0	1	1.002385080338374	-9.458799355494733	138.0	12	1.05	0.95				
	108	1	59.587704108000004	12.19631370631579	0.0	0.0	1	1.0075320067743916	-7.7238352090293985	138.0	12	1.05	0.95				
	109	1	60.98156853157896	12.544779812210527	0.0	0.0	1	1.024212082419748	-2.388028825398939	138.0	13	1.05	0.95				
	110	1	67.95089064947368	13.938644235789473	0.0	0.0	1	1.05	-3.2703150279097946	138.0	13	1.05	0.95				
	111	1	0.0	0.0	0.0	0.0	1	1.0006431457343377	-0.557296653970957	230.0	13	1.05	0.95				
	112	1	0.0	0.0	0.0	0.0	1	1.0059443200958749	-1.0325581324147655	230.0	13	1.05	0.95				
	113	3	92.34351806210526	18.817169718315792	0.0	0.0	1	0.9923676695654199	5.839637884406807e-30	230.0	14	1.05	0.95				
	114	2	67.60242454357895	13.59017812989474	0.0	0.0	1	0.9954495299610157	1.3864828883574611	230.0	16	1.05	0.95				
	115	2	110.4637555686316	22.30183077726316	0.0	0.0	1	1.0311648115993945	7.3252895068288355	230.0	16	1.05	0.95				
	116	2	34.846610589473684	6.969322117894737	0.0	0.0	1	1.0268511308201478	6.11080029948472	230.0	16	1.05	0.95				
	117	1	0.0	0.0	0.0	0.0	1	1.0345870043530472	9.724578992341081	230.0	17	1.05	0.95				
	118	2	116.03921326294737	23.69569520084211	0.0	0.0	1	1.0383553829109595	10.371607939197878	230.0	17	1.05	0.95				
	119	1	63.07236516694738	12.893245918105265	0.0	0.0	1	1.0167651942834381	3.519449795507191	230.0	15	1.05	0.95				
	120	1	44.60366155452632	9.06011875326316	0.0	0.0	1	1.0114144350893757	1.9296100081914145	230.0	15	1.05	0.95				
	121	2	0.0	0.0	0.0	0.0	1	1.0407117462245545	11.790202262194326	230.0	17	1.05	0.95				
	122	2	0.0	0.0	0.0	0.0	1	1.05	19.337885812715978	230.0	17	1.05	0.95				
	123	2	0.0	0.0	0.0	0.0	1	1.0087766803119185	1.3278859884453507	230.0	15	1.05	0.95				
	124	1	0.0	0.0	0.0	0.0	1	1.0208861206681714	4.66359361918629	230.0	16	1.05	0.95				
	201	2	37.73965055873684	7.687706595298245	0.0	0.0	2	1.015327200634671	-14.013071676822653	138.0	21	1.05	0.95				
	202	2	33.895797261087715	6.988824177543861	0.0	0.0	2	1.0143948806934449	-14.298618734653408	138.0	22	1.05	0.95				
	203	1	62.89941759789473	12.929324728456141	0.0	0.0	2	1.0160859225475916	-10.165204453103915	138.0	21	1.05	0.95				
	204	1	25.858649456912282	5.241618133157894	0.0	0.0	2	1.0134985487738455	-14.105805943847846	138.0	21	1.05	0.95				
	205	1	24.810325830280703	4.892176924280702	0.0	0.0	2	1.0285821633948335	-14.519364734177133	138.0	21	1.05	0.95				
	206	1	47.52400440729825	9.784353848561404	0.0	-100.0	2	1.0442672342568617	-15.266759558574291	138.0	22	1.05	0.95				
	207	2	43.680151109649124	8.736030221929825	0.0	0.0	2	0.9974732750029963	-19.36657653050198	138.0	22	1.05	0.95				
	208	1	59.754446718	12.230442310701754	0.0	0.0	2	1.004414962473632	-17.836284811721338	138.0	22	1.05	0.95				
	209	1	61.15221155350877	12.579883519578946	0.0	0.0	2	1.0221739915126948	-12.492287700200773	138.0	23	1.05	0.95				
	210	1	68.14103573105264	13.977648355087721	0.0	0.0	2	1.05	-13.899387134216287	138.0	23	1.05	0.95				
	211	1	0.0	0.0	0.0	0.0	2	1.0025734266959758	-9.906402390419158	230.0	23	1.05	0.95				
	212	1	0.0	0.0	0.0	0.0	2	1.0051602509981734	-9.522605910842238	230.0	23	1.05	0.95				
	213	2	92.60192035245613	18.86982527936842	0.0	0.0	2	0.9954318094156377	-8.95792492914629	230.0	24	1.05	0.95				
	214	2	67.79159452217543	13.628207146210528	0.0	0.0	2	1.0025271235382636	-7.304822747547798	230.0	26	1.05	0.95				
	215	2	110.77286321407018	22.36423736814035	0.0	0.0	2	1.0178971935910448	-0.8569677827850463	230.0	26	1.05	0.95				
	216	2	34.9441208877193	6.988824177543861	0.0	0.0	2	1.0182028767694362	-1.501942599169244	230.0	26	1.05	0.95				
	217	1	0.0	0.0	0.0	0.0	2	1.022322964318078	0.08649833521058087	230.0	27	1.05	0.95				
	218	2	116.36392255610527	23.762002203649125	0.0	0.0	2	1.0221179605737898	-0.18481633589971008	230.0	27	1.05	0.95				
	219	1	63.248858806771935	12.929324728456141	0.0	0.0	2	1.017500433315844	-2.271930099379399	230.0	25	1.05	0.95				
	220	1	44.7284747362807	9.085471430807019	0.0	0.0	2	1.0189414257203524	-2.244087379609873	230.0	25	1.05	0.95				
	221	2	0.0	0.0	0.0	0.0	2	1.0242596510009074	0.3894796744894981	230.0	27	1.05	0.95				
	222	2	0.0	0.0	0.0	0.0	2	1.0459424701831657	6.8119389247909465	230.0	27	1.05	0.95				
	223	2	0.0	0.0	0.0	0.0	2	1.0199446198029338	-1.9544713176219193	230.0	25	1.05	0.95				
	224	1	0.0	0.0	0.0	0.0	2	1.0057981182183093	-4.372660708933765	230.0	26	1.05	0.95				
	301	2	42.315090176842105	8.619740591578948	0.0	0.0	3	1.008546505911701	5.327885488338411	138.0	31	1.05	0.95				
	302	2	38.005219881052625	7.836127810526317	0.0	0.0	3	1.0084840492297211	4.970123114055195	138.0	32	1.05	0.95				
	303	1	70.52515029473683	14.496836449473683	0.0	0.0	3	1.046100238452261	17.841067789532985	138.0	31	1.05	0.95				
	304	1	28.993672898947366	5.877095857894736	0.0	0.0	3	1.009200873401333	5.4814154399452	138.0	31	1.05	0.95				
	305	1	27.81825372736842	5.485289467368421	0.0	0.0	3	1.0244942587837242	4.238777647758309	138.0	31	1.05	0.95				
	306	1	53.28566911157895	10.970578934736842	0.0	-100.0	3	1.0415065512829085	3.1333016070962074	138.0	32	1.05	0.95				
	307	2	48.975798815789474	9.795159763157894	0.0	0.0	3	0.9795786998673454	-0.9140713459870801	138.0	32	1.05	0.95				
	308	1	66.99889277999999	13.713223668421051	0.0	0.0	3	0.9920290548420628	0.7868230267553517	138.0	32	1.05	0.95				
	309	1	68.56611834210527	14.105030058947369	0.0	0.0	3	1.0210322032040735	7.531198776127943	138.0	33	1.05	0.95				
	310	1	76.40224615263158	15.672255621052633	0.0	0.0	3	1.05	4.419869695866261	138.0	33	1.05	0.95				
	311	1	0.0	0.0	0.0	0.0	3	1.0084521271501965	7.563389679156272	230.0	33	1.05	0.95				
	312	1	0.0	0.0	0.0	0.0	3	1.014571734803214	8.154970677360836	230.0	33	1.05	0.95				
	313	2	103.82869348947368	21.157545088421053	0.0	0.0	3	1.0123261070801153	10.194706726296335	230.0	34	1.05	0.95				
	314	2	76.01043976210525	15.280449230526315	0.0	0.0	3	1.0013772963155607	6.92709375981823	230.0	36	1.05	0.95				
	315	2	124.20262579684209	25.075608993684213	0.0	0.0	3	1.0387323108491515	7.187546683121276	230.0	36	1.05	0.95				
	316	2	39.18063905263158	7.836127810526317	0.0	0.0	3	1.0270179695933852	6.849563224472044	230.0	36	1.05	0.95				
	317	1	0.0	0.0	0.0	0.0	3	1.037219017975797	7.5914270244490085	230.0	37	1.05	0.95				
	318	2	130.47152804526317	26.642834555789474	0.0	0.0	3	1.0368008355132763	6.389105920599373	230.0	37	1.05	0.95				
	319	1	70.91695668526316	14.496836449473683	0.0	0.0	3	1.0230689300891145	7.375981613285009	230.0	35	1.05	0.95				
	320	1	50.151217987368426	10.18696615368421	0.0	0.0	3	1.020559950369284	7.940781344099222	230.0	35	1.05	0.95				
	321	2	0.0	0.0	0.0	0.0	3	1.0391779806126042	7.222288763286125	230.0	37	1.05	0.95				
	322	2	0.0	0.0	0.0	0.0	3	1.0499999957893333	11.678810158917848	230.0	37	1.05	0.95				
	323	2	0.0	0.0	0.0	0.0	3	1.0195072095227422	8.480913701384827	230.0	35	1.05	0.95				
	324	1	0.0	0.0	0.0	0.0	3	1.0391954512141028	11.884935357765617	230.0	36	1.05	0.95				
	325	1	0.0	0.0	0.0	0.0	3	1.021437405795629	8.773527098073032	230.0	35	1.05	0.95				
];
