%% MATPOWER Case Format : Version 2
function mpc = RTS_GMLC
mpc.version = '2';

%%-----  Power Flow Data  -----%%
%% system MVA base
mpc.baseMVA = 100.0;
%% bus data
%    bus_i    type    Pd    Qd    Gs    Bs    area    Vm    Va    baseKV    zone    Vmax    Vmin
mpc.bus = [
	101	2	67.73379514105264	13.797624936140352	0.0	0.0	1	1.0333009871359697	-2.4320608705125024	138.0	11	1.05	0.95				
	102	2	60.83498267298245	12.543295396491228	0.0	0.0	1	1.0328072969967688	-2.609803173880237	138.0	12	1.05	0.95				
	103	1	112.88965856842105	23.20509648350877	0.0	0.0	1	1.0241283041904716	-2.4867155798246654	138.0	11	1.05	0.95				
	104	1	46.41019296701754	9.40747154736842	0.0	0.0	1	1.0180958214619342	-5.28939465077621	138.0	11	1.05	0.95				
	105	1	44.528698657543856	8.78030677754386	0.0	0.0	1	1.0333457939201252	-5.304039163477444	138.0	11	1.05	0.95				
	106	1	85.29440869614035	17.56061355508772	0.0	-100.0	1	1.0399083312710535	-7.52496265098127	138.0	12	1.05	0.95				
	107	2	78.39559622807018	15.679119245614034	0.0	0.0	1	1.0101174037124272	-10.982486150574218	138.0	12	1.05	0.95				
	108	1	107.24517564	21.950766943859644	0.0	0.0	1	1.0045938806322992	-10.674987578313452	138.0	12	1.05	0.95				
	109	1	109.75383471929825	22.577931713684208	0.0	0.0	1	1.0256368775807219	-4.941596428694397	138.0	13	1.05	0.95				
	110	1	122.29713011578947	25.086590792982456	0.0	0.0	1	1.05	-6.237819402025152	138.0	13	1.05	0.95				
	111	1	0.0	0.0	0.0	0.0	1	1.012097055664724	-1.740504101192736	230.0	13	1.05	0.95				
	112	1	0.0	0.0	0.0	0.0	1	1.0144312615440645	-1.2723649009088784	230.0	13	1.05	0.95				
	113	3	166.19866400350875	33.86689757052632	0.0	0.0	1	1.0121717888421915	-2.031933000989268e-30	230.0	14	1.05	0.95				
	114	2	121.6699653459649	24.459426023157896	0.0	0.0	1	1.0153266713018774	0.6401675026037615	230.0	16	1.05	0.95				
	115	2	198.81123203438597	40.13854526877193	0.0	0.0	1	1.0444238869353752	8.400496857137302	230.0	16	1.05	0.95				
	116	2	62.716476982456136	12.543295396491228	0.0	0.0	1	1.0421345395247386	7.7478690163327215	230.0	16	1.05	0.95				
	117	1	0.0	0.0	0.0	0.0	1	1.0446904086365267	10.931449345006698	230.0	17	1.05	0.95				
	118	2	208.84586835157896	42.647204348070176	0.0	0.0	1	1.047578894294998	11.074609335862501	230.0	17	1.05	0.95				
	119	1	113.51682333824562	23.20509648350877	0.0	0.0	1	1.0353376335509161	6.070240896679306	230.0	15	1.05	0.95				
	120	1	80.27709053754386	16.306284015438596	0.0	0.0	1	1.034970601020835	5.799274988924462	230.0	15	1.05	0.95				
	121	2	0.0	0.0	0.0	0.0	1	1.05	12.64722637924245	230.0	17	1.05	0.95				
	122	2	0.0	0.0	0.0	0.0	1	1.05	22.82160461709066	230.0	17	1.05	0.95				
	123	2	0.0	0.0	0.0	0.0	1	1.036188867286023	6.12006752525854	230.0	15	1.05	0.95				
	124	1	0.0	0.0	0.0	0.0	1	1.0231983010915557	4.360331471962189	230.0	16	1.05	0.95				
	201	2	63.0014166568421	12.833621911578946	0.0	0.0	2	1.0291194334172922	-11.356842600270877	138.0	21	1.05	0.95				
	202	2	56.584605701052624	11.666929010526315	0.0	0.0	2	1.02951497982684	-11.346661758490145	138.0	22	1.05	0.95				
	203	1	105.00236109473684	21.583818669473683	0.0	0.0	2	1.0201742411767691	-10.099796868859157	138.0	21	1.05	0.95				
	204	1	43.167637338947365	8.750196757894736	0.0	0.0	2	1.017015587613142	-13.260015699898096	138.0	21	1.05	0.95				
	205	1	41.41759798736842	8.16685030736842	0.0	0.0	2	1.0321389607621267	-13.51052436957386	138.0	21	1.05	0.95				
	206	1	79.33511727157895	16.33370061473684	0.0	-100.0	2	1.040717472211687	-15.258392886824744	138.0	22	1.05	0.95				
	207	2	72.91830631578947	14.583661263157893	0.0	0.0	2	0.9878427457266162	-23.96008632531165	138.0	22	1.05	0.95				
	208	1	99.75224303999998	20.417125768421048	0.0	0.0	2	0.9892705585245979	-21.17564844359586	138.0	22	1.05	0.95				
	209	1	102.08562884210525	21.000472218947365	0.0	0.0	2	1.0244887231092197	-12.447801101081033	138.0	23	1.05	0.95				
	210	1	113.75255785263157	23.33385802105263	0.0	0.0	2	1.05	-13.839164548161895	138.0	23	1.05	0.95				
	211	1	0.0	0.0	0.0	0.0	2	1.0149868085690454	-8.765665954400344	230.0	23	1.05	0.95				
	212	1	0.0	0.0	0.0	0.0	2	1.0143018455068902	-7.628885464073373	230.0	23	1.05	0.95				
	213	2	154.58680938947367	31.50070832842105	0.0	0.0	2	1.0161166582895158	-7.14482643614562	230.0	24	1.05	0.95				
	214	2	113.16921140210525	22.750511570526314	0.0	0.0	2	1.0227377665736874	-5.8025217934484745	230.0	26	1.05	0.95				
	215	2	184.9208248168421	37.33417283368421	0.0	0.0	2	1.0387554005166362	1.7755117935552471	230.0	26	1.05	0.95				
	216	2	58.33464505263157	11.666929010526315	0.0	0.0	2	1.0409184903055944	1.9115431834616128	230.0	26	1.05	0.95				
	217	1	0.0	0.0	0.0	0.0	2	1.043943342811242	4.682470792982611	230.0	27	1.05	0.95				
	218	2	194.25436802526315	39.667558635789476	0.0	0.0	2	1.0450664635388291	5.051315957622118	230.0	27	1.05	0.95				
	219	1	105.58570754526315	21.583818669473683	0.0	0.0	2	1.0410712271189553	1.8498516678369747	230.0	25	1.05	0.95				
	220	1	74.66834566736841	15.16700771368421	0.0	0.0	2	1.0458272698556406	2.894789787705528	230.0	25	1.05	0.95				
	221	2	0.0	0.0	0.0	0.0	2	1.0446946629787524	4.716972172752276	230.0	27	1.05	0.95				
	222	2	0.0	0.0	0.0	0.0	2	1.05	11.210634085840494	230.0	27	1.05	0.95				
	223	2	0.0	0.0	0.0	0.0	2	1.049999993781971	3.891502364811248	230.0	25	1.05	0.95				
	224	1	0.0	0.0	0.0	0.0	2	1.0169638607019404	-2.6404374908693247	230.0	26	1.05	0.95				
	301	2	61.77285670736842	12.583359699649122	0.0	0.0	3	1.0168046423287866	-2.463040564735545	138.0	31	1.05	0.95				
	302	2	55.48117685754386	11.43941790877193	0.0	0.0	3	1.0151874974958819	-2.8470858535527848	138.0	32	1.05	0.95				
	303	1	102.95476117894738	21.16292313122807	0.0	0.0	3	1.05	13.972338844677068	138.0	31	1.05	0.95				
	304	1	42.32584626245614	8.579563431578947	0.0	0.0	3	1.0093167690810414	-1.075014285257306	138.0	31	1.05	0.95				
	305	1	40.60993357614035	8.00759253614035	0.0	0.0	3	1.0261896177241632	-3.663608862346849	138.0	31	1.05	0.95				
	306	1	77.78804177964913	16.0151850722807	0.0	-100.0	3	1.0379295212276909	-4.9784420419617295	138.0	32	1.05	0.95				
	307	2	71.49636192982456	14.299272385964912	0.0	0.0	3	0.9914163653438136	-10.824646233800127	138.0	32	1.05	0.95				
	308	1	97.80702312	20.018981340350877	0.0	0.0	3	0.991228663483233	-8.085886241287833	138.0	32	1.05	0.95				
	309	1	100.09490670175438	20.590952235789473	0.0	0.0	3	1.024061810801644	2.7249375848971567	138.0	33	1.05	0.95				
	310	1	111.5343246105263	22.87883581754386	0.0	0.0	3	1.05	-3.036563143255389	138.0	33	1.05	0.95				
	311	1	0.0	0.0	0.0	0.0	3	1.0170328082767668	2.713474817736819	230.0	33	1.05	0.95				
	312	1	0.0	0.0	0.0	0.0	3	1.017363514479486	2.9653339568320214	230.0	33	1.05	0.95				
	313	2	151.57228729122806	30.88642835368421	0.0	0.0	3	1.0177703286539401	4.965596027800471	230.0	34	1.05	0.95				
	314	2	110.96235371508772	22.306864922105262	0.0	0.0	3	1.02361547619577	3.6564220689803677	230.0	36	1.05	0.95				
	315	2	181.31477385403508	36.606137308070174	0.0	0.0	3	1.0438683026384463	8.737580293407595	230.0	36	1.05	0.95				
	316	2	57.19708954385965	11.43941790877193	0.0	0.0	3	1.0415449296402874	8.485241968356855	230.0	36	1.05	0.95				
	317	1	0.0	0.0	0.0	0.0	3	1.05	12.766556694735607	230.0	37	1.05	0.95				
	318	2	190.46630818105263	38.89402088982457	0.0	0.0	3	1.0451119040699857	10.515794418289714	230.0	37	1.05	0.95				
	319	1	103.52673207438596	21.16292313122807	0.0	0.0	3	1.0332585792869575	6.625928676843141	230.0	35	1.05	0.95				
	320	1	73.21227461614035	14.87124328140351	0.0	0.0	3	1.0311159770614766	6.092674401359092	230.0	35	1.05	0.95				
	321	2	0.0	0.0	0.0	0.0	3	1.045629653128071	10.544544079030691	230.0	37	1.05	0.95				
	322	2	0.0	0.0	0.0	0.0	3	1.05	15.758911236194534	230.0	37	1.05	0.95				
	323	2	0.0	0.0	0.0	0.0	3	1.0310927846451654	6.232148983791431	230.0	35	1.05	0.95				
	324	1	0.0	0.0	0.0	0.0	3	1.0435407244899229	10.742205978887247	230.0	36	1.05	0.95				
	325	1	0.0	0.0	0.0	0.0	3	1.0319249417176297	6.784683140841312	230.0	35	1.05	0.95				
];
