%% MATPOWER Case Format : Version 2
function mpc = RTS_GMLC
mpc.version = '2';

%%-----  Power Flow Data  -----%%
%% system MVA base
mpc.baseMVA = 100.0;
%% bus data
%    bus_i    type    Pd    Qd    Gs    Bs    area    Vm    Va    baseKV    zone    Vmax    Vmin
mpc.bus = [
	101	2	59.83819889684211	12.189262738245613	0.0	0.0	1	1.040751007935986	0.6589254207859448	138.0	11	1.05	0.95				
	102	2	53.74356752771929	11.081147943859648	0.0	0.0	1	1.0379911138801838	-0.08985602746603566	138.0	12	1.05	0.95				
	103	1	99.73033149473683	20.50012369614035	0.0	0.0	1	1.0334159724461678	1.0751713391844455	138.0	11	1.05	0.95				
	104	1	41.0002473922807	8.310860957894736	0.0	0.0	1	1.0247420038798438	-2.5165959627637204	138.0	11	1.05	0.95				
	105	1	39.33807520070175	7.756803560701754	0.0	0.0	1	1.0375026463897399	-3.0199182801172144	138.0	11	1.05	0.95				
	106	1	75.35180601824561	15.513607121403508	0.0	-100.0	1	1.0428839440609263	-5.769937828048899	138.0	12	1.05	0.95				
	107	2	69.2571746491228	13.85143492982456	0.0	0.0	1	0.9989692129927337	-12.327145742877	138.0	12	1.05	0.95				
	108	1	94.74381491999999	19.392008901754384	0.0	0.0	1	0.9988043771808801	-10.63134277247896	138.0	12	1.05	0.95				
	109	1	96.96004450877193	19.946066298947365	0.0	0.0	1	1.0252540961658592	-3.4567371980192636	138.0	13	1.05	0.95				
	110	1	108.04119245263158	22.162295887719296	0.0	0.0	1	1.05	-5.037580825496405	138.0	13	1.05	0.95				
	111	1	0.0	0.0	0.0	0.0	1	1.0100341079255344	-1.036528537750337	230.0	13	1.05	0.95				
	112	1	0.0	0.0	0.0	0.0	1	1.012178190993424	-1.4922544309419565	230.0	13	1.05	0.95				
	113	3	146.82521025614034	29.919099448421054	0.0	0.0	1	1.0053301353348554	1.7833636710748615e-30	230.0	14	1.05	0.95				
	114	2	107.48713505543859	21.608238490526315	0.0	0.0	1	1.013502558173524	1.346402062928836	230.0	16	1.05	0.95				
	115	2	175.63619491017542	35.459673420350875	0.0	0.0	1	1.0419975774948198	9.668819086284417	230.0	16	1.05	0.95				
	116	2	55.40573971929824	11.081147943859648	0.0	0.0	1	1.0373369884769905	8.03984438559772	230.0	16	1.05	0.95				
	117	1	0.0	0.0	0.0	0.0	1	1.0436936863414796	12.686854045641041	230.0	17	1.05	0.95				
	118	2	184.50111326526314	37.675903009122806	0.0	0.0	1	1.0491619145251907	13.873422066593466	230.0	17	1.05	0.95				
	119	1	100.28438889192981	20.50012369614035	0.0	0.0	1	1.0266316217643514	4.9887028337916846	230.0	15	1.05	0.95				
	120	1	70.91934684070175	14.405492327017544	0.0	0.0	1	1.0225618525613185	2.8108690698178527	230.0	15	1.05	0.95				
	121	2	0.0	0.0	0.0	0.0	1	1.05	15.859418296794953	230.0	17	1.05	0.95				
	122	2	0.0	0.0	0.0	0.0	1	1.05	22.47656528810301	230.0	17	1.05	0.95				
	123	2	0.0	0.0	0.0	0.0	1	1.0217215250406302	2.034098516035324	230.0	15	1.05	0.95				
	124	1	0.0	0.0	0.0	0.0	1	1.0278993819185018	6.4464371680190045	230.0	16	1.05	0.95				
	201	2	51.61152209684211	10.513458204912281	0.0	0.0	2	1.0116168573030302	-13.62039244236384	138.0	21	1.05	0.95				
	202	2	46.35479299438596	9.557689277192981	0.0	0.0	2	1.0107574201180816	-13.87728141273558	138.0	22	1.05	0.95				
	203	1	86.01920349473684	17.681725162807016	0.0	0.0	2	1.0147334672135209	-10.195470925234694	138.0	21	1.05	0.95				
	204	1	35.36345032561403	7.168266957894737	0.0	0.0	2	1.0103520142347033	-13.051014468058707	138.0	21	1.05	0.95				
	205	1	33.92979693403508	6.690382494035088	0.0	0.0	2	1.0247185375887944	-13.467085004235331	138.0	21	1.05	0.95				
	206	1	64.99228708491228	13.380764988070176	0.0	-100.0	2	1.0397043215071173	-13.95433649517222	138.0	22	1.05	0.95				
	207	2	59.735557982456136	11.947111596491228	0.0	0.0	2	0.9934838694109093	-19.769889275795784	138.0	22	1.05	0.95				
	208	1	81.71824332	16.72595623508772	0.0	0.0	2	0.9974250811417531	-17.56575587652781	138.0	22	1.05	0.95				
	209	1	83.6297811754386	17.203840698947367	0.0	0.0	2	1.0247657563233934	-10.407353135630387	138.0	23	1.05	0.95				
	210	1	93.18747045263157	19.115378554385963	0.0	0.0	2	1.05	-11.777328040897162	138.0	23	1.05	0.95				
	211	1	0.0	0.0	0.0	0.0	2	1.0092878808206651	-7.211713263153958	230.0	23	1.05	0.95				
	212	1	0.0	0.0	0.0	0.0	2	1.0145216186574073	-3.725847119192203	230.0	23	1.05	0.95				
	213	2	126.63938292280702	25.805761048421054	0.0	0.0	2	1.0091757324747697	-4.816324211321982	230.0	24	1.05	0.95				
	214	2	92.70958598877192	18.637494090526317	0.0	0.0	2	1.0104798119612137	-5.343321573320057	230.0	26	1.05	0.95				
	215	2	151.48937504350877	30.584605687017547	0.0	0.0	2	1.0285269065744989	0.4117864985362711	230.0	26	1.05	0.95				
	216	2	47.78844638596491	9.557689277192981	0.0	0.0	2	1.0290682257366746	0.20794243654050348	230.0	26	1.05	0.95				
	217	1	0.0	0.0	0.0	0.0	2	1.0319527901504593	1.2396279033438513	230.0	27	1.05	0.95				
	218	2	159.13552646526315	32.49614354245614	0.0	0.0	2	1.0308864203838881	0.7722116375146213	230.0	27	1.05	0.95				
	219	1	86.4970879585965	17.681725162807016	0.0	0.0	2	1.0307508296979981	0.6031174180566945	230.0	25	1.05	0.95				
	220	1	61.16921137403509	12.424996060350878	0.0	0.0	2	1.0357650023555829	1.8648354053952452	230.0	25	1.05	0.95				
	221	2	0.0	0.0	0.0	0.0	2	1.0330151828747056	1.448831801010003	230.0	27	1.05	0.95				
	222	2	0.0	0.0	0.0	0.0	2	1.05	7.861823606629474	230.0	27	1.05	0.95				
	223	2	0.0	0.0	0.0	0.0	2	1.0397129727112004	2.911098912412578	230.0	25	1.05	0.95				
	224	1	0.0	0.0	0.0	0.0	2	1.010283651816622	-3.5482283787138043	230.0	26	1.05	0.95				
	301	2	64.50616894736842	13.140145526315788	0.0	0.0	3	0.9922686119173366	15.922993394941315	138.0	31	1.05	0.95				
	302	2	57.93609618421052	11.945586842105262	0.0	0.0	3	0.9920925435999609	15.868563937481017	138.0	32	1.05	0.95				
	303	1	107.51028157894737	22.099335657894738	0.0	0.0	3	1.0177942887126161	19.535050348995856	138.0	31	1.05	0.95				
	304	1	44.198671315789475	8.959190131578946	0.0	0.0	3	1.00031775442159	17.90583086104376	138.0	31	1.05	0.95				
	305	1	42.40683328947368	8.361910789473685	0.0	0.0	3	1.0119856127392841	17.72275737510983	138.0	31	1.05	0.95				
	306	1	81.22999052631579	16.72382157894737	0.0	-100.0	3	1.0311396976905904	18.051101877702305	138.0	32	1.05	0.95				
	307	2	74.65991776315789	14.931983552631579	0.0	0.0	3	0.9897947750842273	14.718842894949182	138.0	32	1.05	0.95				
	308	1	102.1347675	20.904776973684207	0.0	0.0	3	1.001301691036648	17.37727572529978	138.0	32	1.05	0.95				
	309	1	104.52388486842104	21.50205631578947	0.0	0.0	3	1.0281924574408325	21.991255434587718	138.0	33	1.05	0.95				
	310	1	116.4694717105263	23.891173684210525	0.0	0.0	3	1.05	21.422616644824323	138.0	33	1.05	0.95				
	311	1	0.0	0.0	0.0	0.0	3	1.017553879159484	27.97003831629675	230.0	33	1.05	0.95				
	312	1	0.0	0.0	0.0	0.0	3	1.0237818315662426	28.593520990234754	230.0	33	1.05	0.95				
	313	2	158.27902565789472	32.25308447368421	0.0	0.0	3	1.042439298552024	35.629039142283176	230.0	34	1.05	0.95				
	314	2	115.87219236842104	23.29389434210526	0.0	0.0	3	1.018533563248968	27.37638317439761	230.0	36	1.05	0.95				
	315	2	189.3375514473684	38.22587789473684	0.0	0.0	3	1.0389172024061806	22.841001076499154	230.0	36	1.05	0.95				
	316	2	59.727934210526314	11.945586842105262	0.0	0.0	3	1.0390236307833014	24.15163486376121	230.0	36	1.05	0.95				
	317	1	0.0	0.0	0.0	0.0	3	1.05	25.15254420677335	230.0	37	1.05	0.95				
	318	2	198.89402092105263	40.614995263157894	0.0	0.0	3	1.04725574005171	22.068395690779408	230.0	37	1.05	0.95				
	319	1	108.10756092105262	22.099335657894738	0.0	0.0	3	1.0401765221657633	25.747235791246926	230.0	35	1.05	0.95				
	320	1	76.45175578947368	15.529262894736842	0.0	0.0	3	1.042454672946364	26.641192466526768	230.0	35	1.05	0.95				
	321	2	0.0	0.0	0.0	0.0	3	1.0452205053195074	22.97739689538711	230.0	37	1.05	0.95				
	322	2	0.0	0.0	0.0	0.0	3	1.05	28.17276777673525	230.0	37	1.05	0.95				
	323	2	0.0	0.0	0.0	0.0	3	1.0431687415225859	26.77862030528026	230.0	35	1.05	0.95				
	324	1	0.0	0.0	0.0	0.0	3	1.0277696504202467	23.851513308769462	230.0	36	1.05	0.95				
	325	1	0.0	0.0	0.0	0.0	3	1.045044979528406	25.85682184940144	230.0	35	1.05	0.95				
];
