%% MATPOWER Case Format : Version 2
function mpc = RTS_GMLC
mpc.version = '2';

%%-----  Power Flow Data  -----%%
%% system MVA base
mpc.baseMVA = 100.0;
%% bus data
%    bus_i    type    Pd    Qd    Gs    Bs    area    Vm    Va    baseKV    zone    Vmax    Vmin
mpc.bus = [
	101	2	51.94260269052632	10.580900548070176	0.0	0.0	1	0.996497547808495	-3.2294101928901187	138.0	11	1.05	0.95				
	102	2	46.65215241649122	9.619000498245613	0.0	0.0	1	0.9958975635842584	-3.5159979214062855	138.0	12	1.05	0.95				
	103	1	86.57100448421052	17.795150921754384	0.0	0.0	1	1.0219205838708407	1.8040279185480685	138.0	11	1.05	0.95				
	104	1	35.59030184350877	7.21425037368421	0.0	0.0	1	1.0076200368401826	-3.911843831414808	138.0	11	1.05	0.95				
	105	1	34.14745176877192	6.733300348771929	0.0	0.0	1	1.0169029237544123	-5.144158717657934	138.0	11	1.05	0.95				
	106	1	65.40920338807018	13.466600697543859	0.0	-100.0	1	1.0355860817421128	-6.733880327359294	138.0	12	1.05	0.95				
	107	2	60.11875311403509	12.023750622807016	0.0	0.0	1	0.9922323036982591	-13.308908988707525	138.0	12	1.05	0.95				
	108	1	82.24245426	16.833250871929824	0.0	0.0	1	0.9966679679179784	-11.010497707284529	138.0	12	1.05	0.95				
	109	1	84.16625435964912	17.314200896842102	0.0	0.0	1	1.026018993795326	-3.3136820120851107	138.0	13	1.05	0.95				
	110	1	93.78525485789473	19.238000996491227	0.0	0.0	1	1.05	-5.46973504378057	138.0	13	1.05	0.95				
	111	1	0.0	0.0	0.0	0.0	1	1.0230231360532365	-0.13312765058095494	230.0	13	1.05	0.95				
	112	1	0.0	0.0	0.0	0.0	1	1.0192943673759691	-1.3519902923581795	230.0	13	1.05	0.95				
	113	3	127.45175660175438	25.97130134526316	0.0	0.0	1	1.0110406960121623	-7.554251345468071e-30	230.0	14	1.05	0.95				
	114	2	93.30430483298244	18.75705097157895	0.0	0.0	1	1.05	3.874309419784277	230.0	16	1.05	0.95				
	115	2	152.46115789719298	30.780801594385963	0.0	0.0	1	1.041866918322808	14.793459136885689	230.0	16	1.05	0.95				
	116	2	48.095002491228065	9.619000498245613	0.0	0.0	1	1.041706487960477	12.664002862204065	230.0	16	1.05	0.95				
	117	1	0.0	0.0	0.0	0.0	1	1.0400664686632652	19.437433816021944	230.0	17	1.05	0.95				
	118	2	160.15635829578946	32.70460169403509	0.0	0.0	1	1.05	20.375046326180975	230.0	17	1.05	0.95				
	119	1	87.05195450912281	17.795150921754384	0.0	0.0	1	1.0392103441371423	7.940721317029646	230.0	15	1.05	0.95				
	120	1	61.561603188771926	12.504700647719297	0.0	0.0	1	1.0450238915324888	4.449151749579101	230.0	15	1.05	0.95				
	121	2	0.0	0.0	0.0	0.0	1	1.05	22.148333752371826	230.0	17	1.05	0.95				
	122	2	0.0	0.0	0.0	0.0	1	1.05	40.049274855273296	230.0	17	1.05	0.95				
	123	2	0.0	0.0	0.0	0.0	1	1.05	2.899090303754114	230.0	15	1.05	0.95				
	124	1	0.0	0.0	0.0	0.0	1	1.0179907847475598	9.96723433159365	230.0	16	1.05	0.95				
	201	2	50.31953408842106	10.250275462456141	0.0	0.0	2	0.9924325045615419	-18.536219626726982	138.0	21	1.05	0.95				
	202	2	45.194396357192986	9.318432238596492	0.0	0.0	2	0.9907003290572518	-18.83781748664521	138.0	22	1.05	0.95				
	203	1	83.86589014736843	17.239099641403506	0.0	0.0	2	0.9981321887820931	-13.612235775325665	138.0	21	1.05	0.95				
	204	1	34.47819928280701	6.988824178947368	0.0	0.0	2	0.9813768563267778	-18.008927262520693	138.0	21	1.05	0.95				
	205	1	33.080434447017545	6.522902567017544	0.0	0.0	2	0.9961080502123058	-18.57855246477733	138.0	21	1.05	0.95				
	206	1	63.36533922245614	13.045805134035088	0.0	-100.0	2	1.0051910467710383	-19.19722719573437	138.0	22	1.05	0.95				
	207	2	58.24020149122807	11.648040298245615	0.0	0.0	2	0.9661254754198992	-25.36485565142842	138.0	22	1.05	0.95				
	208	1	79.67259564	16.307256417543858	0.0	0.0	2	0.9654179089092625	-23.007959296680813	138.0	22	1.05	0.95				
	209	1	81.5362820877193	16.773178029473684	0.0	0.0	2	0.9886787232768848	-15.274273932278268	138.0	23	1.05	0.95				
	210	1	90.85471432631579	18.636864477192983	0.0	0.0	2	1.0116285218484602	-17.021511043735003	138.0	23	1.05	0.95				
	211	1	0.0	0.0	0.0	0.0	2	0.9765588360096166	-11.963645332459151	230.0	23	1.05	0.95				
	212	1	0.0	0.0	0.0	0.0	2	0.9591072853392134	-9.313333314023934	230.0	23	1.05	0.95				
	213	2	123.46922716140352	25.15976704421053	0.0	0.0	2	0.9504333756118031	-9.82581277695871	230.0	24	1.05	0.95				
	214	2	90.38879271438597	18.17094286526316	0.0	0.0	2	1.0049983772745943	-9.607730417284737	230.0	26	1.05	0.95				
	215	2	147.6971509817544	29.818983163508772	0.0	0.0	2	1.02861570463851	-2.4204953360851733	230.0	26	1.05	0.95				
	216	2	46.59216119298246	9.318432238596492	0.0	0.0	2	1.020405941452062	-3.2192355819285234	230.0	26	1.05	0.95				
	217	1	0.0	0.0	0.0	0.0	2	1.0353674429537165	-1.1964271388494065	230.0	27	1.05	0.95				
	218	2	155.1518967726316	31.68266961122807	0.0	0.0	2	1.0374577902460111	-1.7678713610368848	230.0	27	1.05	0.95				
	219	1	84.33181175929825	17.239099641403506	0.0	0.0	2	0.9893005437201172	-2.9406075104697695	230.0	25	1.05	0.95				
	220	1	59.637966327017544	12.113961910175439	0.0	0.0	2	0.9659771651697394	-1.6921627505487613	230.0	25	1.05	0.95				
	221	2	0.0	0.0	0.0	0.0	2	1.0374416059046074	-1.1897048142084483	230.0	27	1.05	0.95				
	222	2	0.0	0.0	0.0	0.0	2	1.05	5.306952040106342	230.0	27	1.05	0.95				
	223	2	0.0	0.0	0.0	0.0	2	0.9545134113934526	-0.5633726755801524	230.0	25	1.05	0.95				
	224	1	0.0	0.0	0.0	0.0	2	1.0034136948723047	-6.5312622096985855	230.0	26	1.05	0.95				
	301	2	61.34577665684211	12.496361911578948	0.0	0.0	3	1.0456974867032074	35.16010822603415	138.0	31	1.05	0.95				
	302	2	55.097595701052626	11.360329010526316	0.0	0.0	3	1.0437207494066827	34.792720579999134	138.0	32	1.05	0.95				
	303	1	102.24296109473686	21.016608669473683	0.0	0.0	3	1.0195814286332059	52.51317778811874	138.0	31	1.05	0.95				
	304	1	42.03321733894737	8.520246757894737	0.0	0.0	3	1.0154253784000613	36.6647065809539	138.0	31	1.05	0.95				
	305	1	40.32916798736842	7.9522303073684215	0.0	0.0	3	1.041085559995912	34.26570479328142	138.0	31	1.05	0.95				
	306	1	77.25023727157895	15.904460614736843	0.0	-100.0	3	1.0451352893869934	33.11498858331157	138.0	32	1.05	0.95				
	307	2	71.00205631578947	14.200411263157894	0.0	0.0	3	0.95	29.377353858746076	138.0	32	1.05	0.95				
	308	1	97.13081303999999	19.880575768421053	0.0	0.0	3	0.9701104756943881	31.959843308847894	138.0	32	1.05	0.95				
	309	1	99.40287884210525	20.44859221894737	0.0	0.0	3	1.0117284070990125	40.60646063059221	138.0	33	1.05	0.95				
	310	1	110.76320785263158	22.720658021052632	0.0	0.0	3	1.05	35.13862802824176	138.0	33	1.05	0.95				
	311	1	0.0	0.0	0.0	0.0	3	0.9959053872259789	39.198683088923	230.0	33	1.05	0.95				
	312	1	0.0	0.0	0.0	0.0	3	1.0199178463400074	39.21990664661415	230.0	33	1.05	0.95				
	313	2	150.5243593894737	30.672888328421056	0.0	0.0	3	1.015068723108213	41.49204914447137	230.0	34	1.05	0.95				
	314	2	110.19519140210525	22.152641570526317	0.0	0.0	3	0.9674759311654203	38.63716710866307	230.0	36	1.05	0.95				
	315	2	180.0612148168421	36.35305283368421	0.0	0.0	3	0.9711701688363381	36.01250671496517	230.0	36	1.05	0.95				
	316	2	56.80164505263158	11.360329010526316	0.0	0.0	3	0.9662821271944382	36.13957962373312	230.0	36	1.05	0.95				
	317	1	0.0	0.0	0.0	0.0	3	0.9615040347248468	37.56880327130775	230.0	37	1.05	0.95				
	318	2	189.14947802526316	38.62511863578948	0.0	0.0	3	0.95	33.21260273739496	230.0	37	1.05	0.95				
	319	1	102.81097754526316	21.016608669473683	0.0	0.0	3	1.0006947934379702	36.03855700692711	230.0	35	1.05	0.95				
	320	1	72.70610566736842	14.76842771368421	0.0	0.0	3	1.0318596361872536	35.58268557665323	230.0	35	1.05	0.95				
	321	2	0.0	0.0	0.0	0.0	3	0.9554150648640491	34.7583197902049	230.0	37	1.05	0.95				
	322	2	0.0	0.0	0.0	0.0	3	0.950000001368458	39.2720416112549	230.0	37	1.05	0.95				
	323	2	0.0	0.0	0.0	0.0	3	1.0488601242999325	35.22645995767771	230.0	35	1.05	0.95				
	324	1	0.0	0.0	0.0	0.0	3	0.9857991150853742	44.26133532836521	230.0	36	1.05	0.95				
	325	1	0.0	0.0	0.0	0.0	3	1.05	34.12459922380308	230.0	35	1.05	0.95				
];
