%% MATPOWER Case Format : Version 2
function mpc = RTS_GMLC
mpc.version = '2';

%%-----  Power Flow Data  -----%%
%% system MVA base
mpc.baseMVA = 100.0;
%% bus data
%    bus_i    type    Pd    Qd    Gs    Bs    area    Vm    Va    baseKV    zone    Vmax    Vmin
mpc.bus = [
	101	2	41.02770906947369	8.357496291929824	0.0	0.0	1	1.0324694795278047	2.8701976483442033	138.0	11	1.05	0.95				
	102	2	36.84896092350877	7.597723901754386	0.0	0.0	1	1.0315635534878071	2.614285013737483	138.0	12	1.05	0.95				
	103	1	68.37951511578947	14.055789218245613	0.0	0.0	1	1.0304665878567567	1.1327925781234571	138.0	11	1.05	0.95				
	104	1	28.111578436491225	5.698292926315789	0.0	0.0	1	1.0216511205820322	-0.4318401210261034	138.0	11	1.05	0.95				
	105	1	26.971919851228066	5.3184067312280705	0.0	0.0	1	1.0360012718946185	-0.1963847446418871	138.0	11	1.05	0.95				
	106	1	51.664522531929826	10.636813462456141	0.0	-100.0	1	1.0464532201977472	-2.347591595168529	138.0	12	1.05	0.95				
	107	2	47.48577438596491	9.497154877192981	0.0	0.0	1	1.0006662757823834	-7.586665712325692	138.0	12	1.05	0.95				
	108	1	64.96053935999998	13.296016828070172	0.0	0.0	1	1.006115480026328	-6.290113130710369	138.0	12	1.05	0.95				
	109	1	66.48008414035087	13.675903023157893	0.0	0.0	1	1.024813185954961	-1.378021665881943	138.0	13	1.05	0.95				
	110	1	74.07780804210525	15.195447803508772	0.0	0.0	1	1.05	-2.103359809117649	138.0	13	1.05	0.95				
	111	1	0.0	0.0	0.0	0.0	1	1.0022777816313395	0.12734134460385402	230.0	13	1.05	0.95				
	112	1	0.0	0.0	0.0	0.0	1	1.0075014638548627	0.3566243061433642	230.0	13	1.05	0.95				
	113	3	100.6698416982456	20.513854534736844	0.0	0.0	1	0.9926552807238219	8.86968338642074e-28	230.0	14	1.05	0.95				
	114	2	73.69792184701754	14.815561608421051	0.0	0.0	1	0.9986568083779533	2.2424410220128626	230.0	16	1.05	0.95				
	115	2	120.423923842807	24.312716485614033	0.0	0.0	1	1.0387240693843347	7.892885514442504	230.0	16	1.05	0.95				
	116	2	37.988619508771926	7.597723901754386	0.0	0.0	1	1.0336996975793742	7.36810169697134	230.0	16	1.05	0.95				
	117	1	0.0	0.0	0.0	0.0	1	1.0422392839005017	9.292500147239725	230.0	17	1.05	0.95				
	118	2	126.50210296421052	25.832261265964913	0.0	0.0	1	1.045484157497893	9.304889120103553	230.0	17	1.05	0.95				
	119	1	68.7594013108772	14.055789218245613	0.0	0.0	1	1.0266559725020015	6.214161861021739	230.0	15	1.05	0.95				
	120	1	48.625432971228065	9.8770410722807	0.0	0.0	1	1.0230306045668995	5.945740310048421	230.0	15	1.05	0.95				
	121	2	0.0	0.0	0.0	0.0	1	1.0499999845089356	10.181692187181547	230.0	17	1.05	0.95				
	122	2	0.0	0.0	0.0	0.0	1	1.05	16.961963412612103	230.0	17	1.05	0.95				
	123	2	0.0	0.0	0.0	0.0	1	1.0213372174217956	6.094667390604058	230.0	15	1.05	0.95				
	124	1	0.0	0.0	0.0	0.0	1	1.0266743914104401	5.361284277357413	230.0	16	1.05	0.95				
	201	2	45.423579410526315	9.252951361403507	0.0	0.0	2	1.0256494961092755	-7.430668763502008	138.0	21	1.05	0.95				
	202	2	40.797103729824556	8.41177396491228	0.0	0.0	2	1.0266527715679392	-7.232459578014968	138.0	22	1.05	0.95				
	203	1	75.70596568421053	15.561781835087718	0.0	0.0	2	1.017314677625996	-6.818117507705765	138.0	21	1.05	0.95				
	204	1	31.123563670175436	6.30883047368421	0.0	0.0	2	1.0180399979810921	-8.98161577341296	138.0	21	1.05	0.95				
	205	1	29.861797575438594	5.888241775438597	0.0	0.0	2	1.0326891614834268	-9.237128006988344	138.0	21	1.05	0.95				
	206	1	57.20006296140351	11.776483550877193	0.0	-100.0	2	1.044772777784118	-10.623680427779354	138.0	22	1.05	0.95				
	207	2	52.57358728070175	10.51471745614035	0.0	0.0	2	0.991641157597904	-16.728386901167784	138.0	22	1.05	0.95				
	208	1	71.9206674	14.72060443859649	0.0	0.0	2	0.9983676552580865	-14.837436512158863	138.0	22	1.05	0.95				
	209	1	73.60302219298245	15.141193136842105	0.0	0.0	2	1.02281559066918	-8.68406206028784	138.0	23	1.05	0.95				
	210	1	82.01479615789474	16.82354792982456	0.0	0.0	2	1.05	-9.718367019655698	138.0	23	1.05	0.95				
	211	1	0.0	0.0	0.0	0.0	2	1.0045055589251026	-6.122764535713244	230.0	23	1.05	0.95				
	212	1	0.0	0.0	0.0	0.0	2	1.0085350209596116	-5.45166994149544	230.0	23	1.05	0.95				
	213	2	111.4560050350877	22.711789705263158	0.0	0.0	2	0.9989271606095256	-5.0845139218848345	230.0	24	1.05	0.95				
	214	2	81.59420745964911	16.402959231578947	0.0	0.0	2	1.003905167961749	-3.830008000624778	230.0	26	1.05	0.95				
	215	2	133.32661734385965	26.9176766877193	0.0	0.0	2	1.0227268713110471	2.0255647220296296	230.0	26	1.05	0.95				
	216	2	42.0588698245614	8.41177396491228	0.0	0.0	2	1.0243929621885695	1.9462107417608643	230.0	26	1.05	0.95				
	217	1	0.0	0.0	0.0	0.0	2	1.0296748627454995	4.099050727232181	230.0	27	1.05	0.95				
	218	2	140.05603651578946	28.600031480701755	0.0	0.0	2	1.0298475852302795	4.017287830013403	230.0	27	1.05	0.95				
	219	1	76.12655438245613	15.561781835087718	0.0	0.0	2	1.02537137796678	1.5217719578206574	230.0	25	1.05	0.95				
	220	1	53.8353533754386	10.935306154385966	0.0	0.0	2	1.0290004555635195	1.9758735054658882	230.0	25	1.05	0.95				
	221	2	0.0	0.0	0.0	0.0	2	1.0308036144033028	4.13965352850052	230.0	27	1.05	0.95				
	222	2	0.0	0.0	0.0	0.0	2	1.05	10.616555234766082	230.0	27	1.05	0.95				
	223	2	0.0	0.0	0.0	0.0	2	1.0316114922011037	2.545059062179343	230.0	25	1.05	0.95				
	224	1	0.0	0.0	0.0	0.0	2	1.0097449821357172	-1.3016912758103607	230.0	26	1.05	0.95				
	301	2	58.11705155368422	11.838658649824561	0.0	0.0	3	1.0154683493474606	-17.89247037334112	138.0	31	1.05	0.95				
	302	2	52.19772222877192	10.762416954385966	0.0	0.0	3	1.0137820435594047	-18.22220573579362	138.0	32	1.05	0.95				
	303	1	96.86175258947368	19.910471365614036	0.0	0.0	3	1.049480771922755	-4.587814599145535	138.0	31	1.05	0.95				
	304	1	39.82094273122807	8.071812715789473	0.0	0.0	3	1.0101870559061024	-16.901783946087477	138.0	31	1.05	0.95				
	305	1	38.20658018807017	7.533691868070176	0.0	0.0	3	1.025972932256383	-18.46337015269664	138.0	31	1.05	0.95				
	306	1	73.18443528982456	15.067383736140352	0.0	-100.0	3	1.0386687912410313	-19.401629408004485	138.0	32	1.05	0.95				
	307	2	67.26510596491228	13.453021192982456	0.0	0.0	3	0.9898515830166995	-25.37243578084082	138.0	32	1.05	0.95				
	308	1	92.01866496	18.834229670175436	0.0	0.0	3	0.9924340534201027	-22.838218516176067	138.0	32	1.05	0.95				
	309	1	94.17114835087719	19.372350517894738	0.0	0.0	3	1.0248450302823457	-13.611925483376053	138.0	33	1.05	0.95				
	310	1	104.93356530526316	21.52483390877193	0.0	0.0	3	1.05	-17.31035512641322	138.0	33	1.05	0.95				
	311	1	0.0	0.0	0.0	0.0	3	1.0141748566729059	-11.415712960164194	230.0	33	1.05	0.95				
	312	1	0.0	0.0	0.0	0.0	3	1.0157149866904465	-10.81252260017843	230.0	33	1.05	0.95				
	313	2	142.60202464561402	29.05852577684211	0.0	0.0	3	1.016143241011313	-8.31014546128827	230.0	34	1.05	0.95				
	314	2	104.39544445754385	20.98671306105263	0.0	0.0	3	1.0197429696896712	-10.041934113362775	230.0	36	1.05	0.95				
	315	2	170.58430872701754	34.43973425403509	0.0	0.0	3	1.0453280050828941	-5.259273842767649	230.0	36	1.05	0.95				
	316	2	53.812084771929825	10.762416954385966	0.0	0.0	3	1.0426238286197775	-4.860988609010118	230.0	36	1.05	0.95				
	317	1	0.0	0.0	0.0	0.0	3	1.0453277159571517	-3.2409106830673284	230.0	37	1.05	0.95				
	318	2	179.19424229052632	36.59221764491228	0.0	0.0	3	1.0427531598744777	-3.712173862284099	230.0	37	1.05	0.95				
	319	1	97.39987343719298	19.910471365614036	0.0	0.0	3	1.037241613705982	-5.819415423456478	230.0	35	1.05	0.95				
	320	1	68.87946850807018	13.991142040701753	0.0	0.0	3	1.0367346791361238	-5.6314820193243635	230.0	35	1.05	0.95				
	321	2	0.0	0.0	0.0	0.0	3	1.0447006410026718	-3.6904029862405183	230.0	37	1.05	0.95				
	322	2	0.0	0.0	0.0	0.0	3	1.05	0.8183107564790308	230.0	37	1.05	0.95				
	323	2	0.0	0.0	0.0	0.0	3	1.0375300771834282	-5.1243400619701704	230.0	35	1.05	0.95				
	324	1	0.0	0.0	0.0	0.0	3	1.043097422091008	-4.996059147428832	230.0	36	1.05	0.95				
	325	1	0.0	0.0	0.0	0.0	3	1.0339441817288075	-3.8490866522063487	230.0	35	1.05	0.95				
];
