%% MATPOWER Case Format : Version 2
function mpc = RTS_GMLC
mpc.version = '2';

%%-----  Power Flow Data  -----%%
%% system MVA base
mpc.baseMVA = 100.0;
%% bus data
%    bus_i    type    Pd    Qd    Gs    Bs    area    Vm    Va    baseKV    zone    Vmax    Vmin
mpc.bus = [
	101	2	42.79119248842105	8.716724395789473	0.0	0.0	1	1.0366657686387104	3.223646240469727	138.0	11	1.05	0.95				
	102	2	38.43283029052631	7.9242949052631575	0.0	0.0	1	1.0357312448992122	2.9598167988389363	138.0	12	1.05	0.95				
	103	1	71.31865414736842	14.65994557473684	0.0	0.0	1	1.0291084769603185	1.1687641625851322	138.0	11	1.05	0.95				
	104	1	29.31989114947368	5.943221178947368	0.0	0.0	1	1.0233853587157566	-0.17356973619446234	138.0	11	1.05	0.95				
	105	1	28.131246913684205	5.547006433684211	0.0	0.0	1	1.037801263799895	-0.009137073681996268	138.0	11	1.05	0.95				
	106	1	53.88520535578948	11.094012867368422	0.0	-100.0	1	1.0468918015033457	-2.26962681196292	138.0	12	1.05	0.95				
	107	2	49.52684315789473	9.905368631578947	0.0	0.0	1	1.0007941189299288	-7.219759007373094	138.0	12	1.05	0.95				
	108	1	67.75272144	13.867516084210523	0.0	0.0	1	1.0057490534078326	-6.112536933984556	138.0	12	1.05	0.95				
	109	1	69.33758042105262	14.263730829473683	0.0	0.0	1	1.0243665921728116	-1.327503412946652	138.0	13	1.05	0.95				
	110	1	77.26187532631577	15.848589810526315	0.0	0.0	1	1.05	-2.0494370297236126	138.0	13	1.05	0.95				
	111	1	0.0	0.0	0.0	0.0	1	1.0021742860670724	0.12857701394897306	230.0	13	1.05	0.95				
	112	1	0.0	0.0	0.0	0.0	1	1.0069762333860897	0.36192388924131524	230.0	13	1.05	0.95				
	113	3	104.99690749473683	21.395596244210527	0.0	0.0	1	0.992319082529704	3.238883274183974e-30	230.0	14	1.05	0.95				
	114	2	76.86566058105262	15.452375065263158	0.0	0.0	1	0.9987218544995925	2.191907049427934	230.0	16	1.05	0.95				
	115	2	125.60007424842104	25.357743696842107	0.0	0.0	1	1.034836477273231	7.91024591499139	230.0	16	1.05	0.95				
	116	2	39.62147452631579	7.9242949052631575	0.0	0.0	1	1.0305468115704077	7.384510136979454	230.0	16	1.05	0.95				
	117	1	0.0	0.0	0.0	0.0	1	1.0384836393897898	9.44340425753081	230.0	17	1.05	0.95				
	118	2	131.93951017263157	26.94260267789474	0.0	0.0	1	1.0409445943191549	9.545113121620602	230.0	17	1.05	0.95				
	119	1	71.71486889263157	14.65994557473684	0.0	0.0	1	1.0237871930503002	6.1610680767873385	230.0	15	1.05	0.95				
	120	1	50.715487393684214	10.301583376842105	0.0	0.0	1	1.0206470615602874	5.867822959197638	230.0	15	1.05	0.95				
	121	2	0.0	0.0	0.0	0.0	1	1.0445817185670903	10.550025284257556	230.0	17	1.05	0.95				
	122	2	0.0	0.0	0.0	0.0	1	1.05	16.96379793056218	230.0	17	1.05	0.95				
	123	2	0.0	0.0	0.0	0.0	1	1.019303442169157	6.01651507849207	230.0	15	1.05	0.95				
	124	1	0.0	0.0	0.0	0.0	1	1.023789602075834	5.378178826448464	230.0	16	1.05	0.95				
	201	2	41.71761371368421	8.498032423157895	0.0	0.0	2	1.0251419068829344	-5.947043170988416	138.0	21	1.05	0.95				
	202	2	37.46859750210526	7.725484021052631	0.0	0.0	2	1.0259012751827548	-5.788831620912639	138.0	22	1.05	0.95				
	203	1	69.52935618947367	14.292145438947369	0.0	0.0	2	1.0171352198765566	-5.734342107473766	138.0	21	1.05	0.95				
	204	1	28.584290877894738	5.794113015789473	0.0	0.0	2	1.0183723430676506	-7.331414440081211	138.0	21	1.05	0.95				
	205	1	27.425468274736836	5.407838814736842	0.0	0.0	2	1.0329644016058686	-7.526838710602023	138.0	21	1.05	0.95				
	206	1	52.5332913431579	10.815677629473685	0.0	-100.0	2	1.0456655965494226	-8.77448115028595	138.0	22	1.05	0.95				
	207	2	48.284275131578944	9.656855026315789	0.0	0.0	2	0.9937624017871084	-14.300896584615186	138.0	22	1.05	0.95				
	208	1	66.05288838	13.519597036842104	0.0	0.0	2	1.0009755326154375	-12.589020777767585	138.0	22	1.05	0.95				
	209	1	67.59798518421051	13.905871237894734	0.0	0.0	2	1.0227459422706173	-7.001338388311857	138.0	23	1.05	0.95				
	210	1	75.32346920526315	15.450968042105263	0.0	0.0	2	1.05	-7.8858733555614435	138.0	23	1.05	0.95				
	211	1	0.0	0.0	0.0	0.0	2	1.0022892765914941	-4.5889612415519	230.0	23	1.05	0.95				
	212	1	0.0	0.0	0.0	0.0	2	1.0063862352381092	-3.7539183745893943	230.0	23	1.05	0.95				
	213	2	102.36266327894737	20.858806856842104	0.0	0.0	2	0.9957297664073793	-3.3790284220339144	230.0	24	1.05	0.95				
	214	2	74.93719500421052	15.064693841052632	0.0	0.0	2	0.999605607857821	-2.6486166230520864	230.0	26	1.05	0.95				
	215	2	122.4489217336842	24.72154886736842	0.0	0.0	2	1.01902515045414	2.326768813898901	230.0	26	1.05	0.95				
	216	2	38.627420105263155	7.725484021052631	0.0	0.0	2	1.0199812502723302	2.422218396048136	230.0	26	1.05	0.95				
	217	1	0.0	0.0	0.0	0.0	2	1.0254823100085768	3.868467756302835	230.0	27	1.05	0.95				
	218	2	128.6293089505263	26.26664567157895	0.0	0.0	2	1.024669497016279	3.379146343255606	230.0	27	1.05	0.95				
	219	1	69.91563039052632	14.292145438947369	0.0	0.0	2	1.0206957201561475	2.5330230287515154	230.0	25	1.05	0.95				
	220	1	49.44309773473684	10.043129227368421	0.0	0.0	2	1.023742436706638	3.391658533563823	230.0	25	1.05	0.95				
	221	2	0.0	0.0	0.0	0.0	2	1.026408580660957	3.834752237181746	230.0	27	1.05	0.95				
	222	2	0.0	0.0	0.0	0.0	2	1.0484306119790539	10.357832751761569	230.0	27	1.05	0.95				
	223	2	0.0	0.0	0.0	0.0	2	1.026020990209641	4.160548092026928	230.0	25	1.05	0.95				
	224	1	0.0	0.0	0.0	0.0	2	1.0082425987444894	-0.7166028030700952	230.0	26	1.05	0.95				
	301	2	42.878835814736846	8.734577665964913	0.0	0.0	3	1.0090207494875505	-15.23038334316051	138.0	31	1.05	0.95				
	302	2	38.511546981754385	7.9405251508771935	0.0	0.0	3	1.0089547055599863	-15.34167567586336	138.0	32	1.05	0.95				
	303	1	71.46472635789475	14.689971529122808	0.0	0.0	3	1.024172438248465	-9.916902276493996	138.0	31	1.05	0.95				
	304	1	29.379943058245615	5.955393863157895	0.0	0.0	3	1.0115984275733843	-13.988248141519719	138.0	31	1.05	0.95				
	305	1	28.188864285614034	5.558367605614036	0.0	0.0	3	1.024486974462036	-14.812444386913496	138.0	31	1.05	0.95				
	306	1	53.995571025964914	11.116735211228072	0.0	-100.0	3	1.0416052764786927	-15.063255960705723	138.0	32	1.05	0.95				
	307	2	49.62828219298246	9.925656438596492	0.0	0.0	3	0.9944088658210892	-19.23176615118035	138.0	32	1.05	0.95				
	308	1	67.89149004000001	13.895919014035089	0.0	0.0	3	1.0015599036712064	-17.47030554615777	138.0	32	1.05	0.95				
	309	1	69.47959507017545	14.292945271578947	0.0	0.0	3	1.0258622077121347	-11.251796789775295	138.0	33	1.05	0.95				
	310	1	77.42012022105264	15.881050301754387	0.0	0.0	3	1.05	-13.114844904652449	138.0	33	1.05	0.95				
	311	1	0.0	0.0	0.0	0.0	3	1.0054429147018356	-7.905859904153291	230.0	33	1.05	0.95				
	312	1	0.0	0.0	0.0	0.0	3	1.0096351438700124	-7.4358424589709795	230.0	33	1.05	0.95				
	313	2	105.21195824912282	21.439417907368423	0.0	0.0	3	1.0079621225030428	-4.548874456057658	230.0	34	1.05	0.95				
	314	2	77.02309396350877	15.484024044210528	0.0	0.0	3	1.001831654966301	-6.435560046129396	230.0	36	1.05	0.95				
	315	2	125.85732364140353	25.40968048280702	0.0	0.0	3	1.0248489918515922	-2.745878596950313	230.0	36	1.05	0.95				
	316	2	39.70262575438597	7.9405251508771935	0.0	0.0	3	1.0243496682113131	-1.985142759389768	230.0	36	1.05	0.95				
	317	1	0.0	0.0	0.0	0.0	3	1.0305058424621834	-0.2838811949258966	230.0	37	1.05	0.95				
	318	2	132.2097437621053	26.997785512982457	0.0	0.0	3	1.028687729830036	-0.7539640479691995	230.0	37	1.05	0.95				
	319	1	71.8617526154386	14.689971529122808	0.0	0.0	3	1.020703069255016	-2.681946053133896	230.0	35	1.05	0.95				
	320	1	50.81936096561404	10.322682696140353	0.0	0.0	3	1.0201069061187422	-2.5048057198153586	230.0	35	1.05	0.95				
	321	2	0.0	0.0	0.0	0.0	3	1.0296456071908822	-0.8693152392422001	230.0	37	1.05	0.95				
	322	2	0.0	0.0	0.0	0.0	3	1.0433368047559788	3.722971409425896	230.0	37	1.05	0.95				
	323	2	0.0	0.0	0.0	0.0	3	1.0202393943735788	-2.096680235424463	230.0	35	1.05	0.95				
	324	1	0.0	0.0	0.0	0.0	3	1.0153710993396905	-5.455920625540948	230.0	36	1.05	0.95				
	325	1	0.0	0.0	0.0	0.0	3	1.0190182540851147	-1.0187625977370818	230.0	35	1.05	0.95				
];
