%% MATPOWER Case Format : Version 2
function mpc = RTS_GMLC
mpc.version = '2';

%%-----  Power Flow Data  -----%%
%% system MVA base
mpc.baseMVA = 100.0;
%% bus data
%    bus_i    type    Pd    Qd    Gs    Bs    area    Vm    Va    baseKV    zone    Vmax    Vmin
mpc.bus = [
	101	2	43.32558137684211	8.825581391578947	0.0	0.0	1	1.0185957141846809	-0.7273993083121252	138.0	11	1.05	0.95				
	102	2	38.912790681052634	8.023255810526317	0.0	0.0	1	1.0160773116201716	-1.3980420125077557	138.0	12	1.05	0.95				
	103	1	72.20930229473684	14.843023249473685	0.0	0.0	1	1.0267844429164243	1.6368121880161857	138.0	11	1.05	0.95				
	104	1	29.68604649894737	6.017441857894737	0.0	0.0	1	1.0143766054257735	-2.904177061272865	138.0	11	1.05	0.95				
	105	1	28.482558127368424	5.6162790673684215	0.0	0.0	1	1.0291660742503705	-2.955704187193648	138.0	11	1.05	0.95				
	106	1	54.55813951157895	11.232558134736843	0.0	-100.0	1	1.0427352894677002	-4.757785047703266	138.0	12	1.05	0.95				
	107	2	50.14534881578948	10.029069763157896	0.0	0.0	1	0.9991183190229445	-10.85241787479263	138.0	12	1.05	0.95				
	108	1	68.59883718	14.040697668421053	0.0	0.0	1	1.0034786019025266	-8.839669423267662	138.0	12	1.05	0.95				
	109	1	70.20348834210527	14.44186045894737	0.0	0.0	1	1.024106620814173	-2.4669852128820766	138.0	13	1.05	0.95				
	110	1	78.22674415263158	16.046511621052634	0.0	0.0	1	1.05	-3.905222931625359	138.0	13	1.05	0.95				
	111	1	0.0	0.0	0.0	0.0	1	1.007419075608663	0.18900064454393864	230.0	13	1.05	0.95				
	112	1	0.0	0.0	0.0	0.0	1	1.0099187112907706	-0.8718512183776586	230.0	13	1.05	0.95				
	113	3	106.30813948947369	21.662790688421055	0.0	0.0	1	0.9987944620986022	-8.530078341771737e-31	230.0	14	1.05	0.95				
	114	2	77.82558136210527	15.645348830526318	0.0	0.0	1	1.0135812797205097	3.808464920291226	230.0	16	1.05	0.95				
	115	2	127.16860459684212	25.674418593684212	0.0	0.0	1	1.0403021918606448	13.033752198280368	230.0	16	1.05	0.95				
	116	2	40.11627905263158	8.023255810526317	0.0	0.0	1	1.0339855162184688	11.295282719068407	230.0	16	1.05	0.95				
	117	1	0.0	0.0	0.0	0.0	1	1.0386873387036868	17.20541246514236	230.0	17	1.05	0.95				
	118	2	133.58720924526318	27.279069755789475	0.0	0.0	1	1.05	17.74337786339617	230.0	17	1.05	0.95				
	119	1	72.61046508526317	14.843023249473685	0.0	0.0	1	1.0238180808874144	7.098658810904104	230.0	15	1.05	0.95				
	120	1	51.348837187368424	10.430232553684212	0.0	0.0	1	1.0215235544089734	4.198288468296722	230.0	15	1.05	0.95				
	121	2	0.0	0.0	0.0	0.0	1	1.05	19.23266617676423	230.0	17	1.05	0.95				
	122	2	0.0	0.0	0.0	0.0	1	1.05	37.123542922834375	230.0	17	1.05	0.95				
	123	2	0.0	0.0	0.0	0.0	1	1.021348872594519	2.9105902267907497	230.0	15	1.05	0.95				
	124	1	0.0	0.0	0.0	0.0	1	1.0210061799255268	8.77579504541839	230.0	16	1.05	0.95				
	201	2	41.66661418105264	8.487643629473684	0.0	0.0	2	1.0127115223713035	-15.797711906257351	138.0	21	1.05	0.95				
	202	2	37.4227923663158	7.716039663157896	0.0	0.0	2	1.0117933050041104	-16.090343475629584	138.0	22	1.05	0.95				
	203	1	69.44435696842106	14.274673376842106	0.0	0.0	2	1.0155534652103144	-11.61431922403422	138.0	21	1.05	0.95				
	204	1	28.549346753684212	5.787029747368421	0.0	0.0	2	1.011855596044202	-15.771215779563615	138.0	21	1.05	0.95				
	205	1	27.39194080421053	5.401227764210527	0.0	0.0	2	1.0267243509762165	-16.225804142675567	138.0	21	1.05	0.95				
	206	1	52.46906970947369	10.802455528421055	0.0	-100.0	2	1.0426055839005837	-16.960751383935836	138.0	22	1.05	0.95				
	207	2	48.225247894736846	9.645049578947368	0.0	0.0	2	0.9946055430274178	-21.51931077938926	138.0	22	1.05	0.95				
	208	1	65.97213912000001	13.503069410526317	0.0	0.0	2	1.0014591917206188	-19.806606969575945	138.0	22	1.05	0.95				
	209	1	67.51534705263158	13.88887139368421	0.0	0.0	2	1.022763224694274	-13.907597399434795	138.0	23	1.05	0.95				
	210	1	75.23138671578948	15.432079326315792	0.0	0.0	2	1.05	-15.410022566629454	138.0	23	1.05	0.95				
	211	1	0.0	0.0	0.0	0.0	2	1.0056039938000616	-11.002601745150546	230.0	23	1.05	0.95				
	212	1	0.0	0.0	0.0	0.0	2	1.0081139650418642	-10.422165858614715	230.0	23	1.05	0.95				
	213	2	102.23752553684211	20.83330709052632	0.0	0.0	2	1.000865894596414	-9.798376868230667	230.0	24	1.05	0.95				
	214	2	74.8455847326316	15.046277343157897	0.0	0.0	2	1.0074174241622196	-8.286900465152568	230.0	26	1.05	0.95				
	215	2	122.29922866105262	24.691326922105265	0.0	0.0	2	1.0237691845069987	-1.709279980649038	230.0	26	1.05	0.95				
	216	2	38.580198315789474	7.716039663157896	0.0	0.0	2	1.0251272188579803	-2.120883732860633	230.0	26	1.05	0.95				
	217	1	0.0	0.0	0.0	0.0	2	1.02923418241789	-0.2691623045092737	230.0	27	1.05	0.95				
	218	2	128.47206039157896	26.234534854736847	0.0	0.0	2	1.028627762517695	-0.7311745314876602	230.0	27	1.05	0.95				
	219	1	69.83015895157895	14.274673376842106	0.0	0.0	2	1.0257687324033795	-2.61079621140414	230.0	25	1.05	0.95				
	220	1	49.38265384421053	10.030851562105264	0.0	0.0	2	1.0286962752742106	-2.280541818319642	230.0	25	1.05	0.95				
	221	2	0.0	0.0	0.0	0.0	2	1.0303106329305647	-0.25657768313941137	230.0	27	1.05	0.95				
	222	2	0.0	0.0	0.0	0.0	2	1.0499999995212732	6.230839164173714	230.0	27	1.05	0.95				
	223	2	0.0	0.0	0.0	0.0	2	1.030723057943485	-1.8040551516516359	230.0	25	1.05	0.95				
	224	1	0.0	0.0	0.0	0.0	2	1.008515267362181	-5.426634449204717	230.0	26	1.05	0.95				
	301	2	42.98133501473684	8.755457132631578	0.0	0.0	3	1.0112318482977973	-2.515128104506107	138.0	31	1.05	0.95				
	302	2	38.60360644842105	7.959506484210527	0.0	0.0	3	1.0110383531951224	-2.6397879147395553	138.0	32	1.05	0.95				
	303	1	71.63555835789474	14.725086995789471	0.0	0.0	3	1.0319137848343234	3.4309582921072144	138.0	31	1.05	0.95				
	304	1	29.450173991578943	5.969629863157894	0.0	0.0	3	1.0133550905616433	-1.2165458670839748	138.0	31	1.05	0.95				
	305	1	28.256248018947367	5.571654538947368	0.0	0.0	3	1.0256671257147005	-2.2868263232723827	138.0	31	1.05	0.95				
	306	1	54.12464409263158	11.143309077894736	0.0	-100.0	3	1.0420971514759094	-2.6417211133305916	138.0	32	1.05	0.95				
	307	2	49.74691552631578	9.949383105263157	0.0	0.0	3	0.9860357165479077	-6.581409360135225	138.0	32	1.05	0.95				
	308	1	68.05378043999998	13.929136347368418	0.0	0.0	3	0.9969969563558871	-4.849215645047546	138.0	32	1.05	0.95				
	309	1	69.6456817368421	14.327111671578946	0.0	0.0	3	1.0274290474608074	1.5754059516446337	138.0	33	1.05	0.95				
	310	1	77.60518822105263	15.919012968421054	0.0	0.0	3	1.05	-0.775856867973739	138.0	33	1.05	0.95				
	311	1	0.0	0.0	0.0	0.0	3	1.0058587872156872	4.258977068038611	230.0	33	1.05	0.95				
	312	1	0.0	0.0	0.0	0.0	3	1.0104298200935424	4.651742920107816	230.0	33	1.05	0.95				
	313	2	105.46346091578947	21.49066750736842	0.0	0.0	3	1.0080803504728808	7.387617350304296	230.0	34	1.05	0.95				
	314	2	77.2072128968421	15.521037644210525	0.0	0.0	3	1.000717100288514	5.517913408512793	230.0	36	1.05	0.95				
	315	2	126.15817777473683	25.470420749473682	0.0	0.0	3	1.0348491384388736	9.294327318735048	230.0	36	1.05	0.95				
	316	2	39.79753242105263	7.959506484210527	0.0	0.0	3	1.0328900505188066	9.590610151886294	230.0	36	1.05	0.95				
	317	1	0.0	0.0	0.0	0.0	3	1.05	14.645794713670284	230.0	37	1.05	0.95				
	318	2	132.52578296210527	27.06232204631579	0.0	0.0	3	1.0480545517753657	11.679241715299627	230.0	37	1.05	0.95				
	319	1	72.03353368210526	14.725086995789471	0.0	0.0	3	1.0244607671752461	8.772923996269927	230.0	35	1.05	0.95				
	320	1	50.940841498947364	10.347358429473683	0.0	0.0	3	1.0197265368012516	8.836494241979368	230.0	35	1.05	0.95				
	321	2	0.0	0.0	0.0	0.0	3	1.0446766884550436	11.545059882279212	230.0	37	1.05	0.95				
	322	2	0.0	0.0	0.0	0.0	3	1.05	17.10396228636235	230.0	37	1.05	0.95				
	323	2	0.0	0.0	0.0	0.0	3	1.0175638004379763	9.18533762727176	230.0	35	1.05	0.95				
	324	1	0.0	0.0	0.0	0.0	3	1.0256699872760031	7.086571343380825	230.0	36	1.05	0.95				
	325	1	0.0	0.0	0.0	0.0	3	1.0181649525073055	10.058499599600045	230.0	35	1.05	0.95				
];
