%% MATPOWER Case Format : Version 2
function mpc = RTS_GMLC
mpc.version = '2';

%%-----  Power Flow Data  -----%%
%% system MVA base
mpc.baseMVA = 100.0;
%% bus data
%    bus_i    type    Pd    Qd    Gs    Bs    area    Vm    Va    baseKV    zone    Vmax    Vmin
mpc.bus = [
	101	2	81.92182088842105	16.687778329122807	0.0	0.0	1	1.049999999557337	-0.8660400759318956	138.0	11	1.05	0.95				
	102	2	73.57793172385965	15.170707571929826	0.0	0.0	1	1.0494602578089887	-1.1294688256221146	138.0	12	1.05	0.95				
	103	1	136.53636814736842	28.065809008070175	0.0	0.0	1	1.0284583355115933	-2.006854726888185	138.0	11	1.05	0.95				
	104	1	56.13161801614035	11.378030678947368	0.0	0.0	1	1.0257187566199413	-4.524761738468198	138.0	11	1.05	0.95				
	105	1	53.85601188035088	10.619495300350879	0.0	0.0	1	1.0392604261209255	-4.9430559855653895	138.0	11	1.05	0.95				
	106	1	103.16081148912282	21.238990600701758	0.0	-100.0	1	1.0393034962242411	-7.97011418703684	138.0	12	1.05	0.95				
	107	2	94.8169223245614	18.96338446491228	0.0	0.0	1	1.0118531022074608	-10.980426573573643	138.0	12	1.05	0.95				
	108	1	129.70954974	26.54873825087719	0.0	0.0	1	1.0019166916422613	-11.278393264908825	138.0	12	1.05	0.95				
	109	1	132.74369125438596	27.307273629473684	0.0	0.0	1	1.0264893571214722	-5.253438007076301	138.0	13	1.05	0.95				
	110	1	147.9143988263158	30.341415143859653	0.0	0.0	1	1.05	-6.771388583173637	138.0	13	1.05	0.95				
	111	1	0.0	0.0	0.0	0.0	1	1.0157072410600638	-2.271674270941612	230.0	13	1.05	0.95				
	112	1	0.0	0.0	0.0	0.0	1	1.0167705173815949	-1.642058045703179	230.0	13	1.05	0.95				
	113	3	201.01187532807018	40.960910444210526	0.0	0.0	1	1.0174246088215575	5.055318502139595e-28	230.0	14	1.05	0.95				
	114	2	147.1558634477193	29.582879765263158	0.0	0.0	1	1.0203661601320932	-0.4953082503423851	230.0	16	1.05	0.95				
	115	2	240.45571501508772	48.54626423017544	0.0	0.0	1	1.0447957323628658	7.396963743523178	230.0	16	1.05	0.95				
	116	2	75.85353785964912	15.170707571929826	0.0	0.0	1	1.0427970568389726	6.625117378879081	230.0	16	1.05	0.95				
	117	1	0.0	0.0	0.0	0.0	1	1.0459677088746484	9.740077186622333	230.0	17	1.05	0.95				
	118	2	252.59228107263158	51.58040574456141	0.0	0.0	1	1.0478684467205346	10.331578892351759	230.0	17	1.05	0.95				
	119	1	137.2949035259649	28.065809008070175	0.0	0.0	1	1.035380924638535	5.124052692203415	230.0	15	1.05	0.95				
	120	1	97.09252846035088	19.721919843508772	0.0	0.0	1	1.0347535830936778	4.742989712491727	230.0	15	1.05	0.95				
	121	2	0.0	0.0	0.0	0.0	1	1.05	12.106865229655925	230.0	17	1.05	0.95				
	122	2	0.0	0.0	0.0	0.0	1	1.05	17.95647023912496	230.0	17	1.05	0.95				
	123	2	0.0	0.0	0.0	0.0	1	1.0364340562846774	5.09938664528459	230.0	15	1.05	0.95				
	124	1	0.0	0.0	0.0	0.0	1	1.026844323433185	3.8970446971984143	230.0	16	1.05	0.95				
	201	2	71.12734143157896	14.488902884210528	0.0	0.0	2	1.0320985592151468	-8.364778816172972	138.0	21	1.05	0.95				
	202	2	63.88288998947369	13.171729894736844	0.0	0.0	2	1.0325692269383457	-8.309429022302167	138.0	22	1.05	0.95				
	203	1	118.54556905263158	24.36770030526316	0.0	0.0	2	1.019275525621171	-8.211538216943177	138.0	21	1.05	0.95				
	204	1	48.73540061052632	9.878797421052631	0.0	0.0	2	1.0175952449161476	-9.737460950475796	138.0	21	1.05	0.95				
	205	1	46.75964112631579	9.220210926315792	0.0	0.0	2	1.0327879619650908	-9.913065186668407	138.0	21	1.05	0.95				
	206	1	89.56776328421054	18.440421852631584	0.0	-100.0	2	1.0395173070698456	-11.384169589619006	138.0	22	1.05	0.95				
	207	2	82.32331184210527	16.464662368421052	0.0	0.0	2	0.9804579314996513	-21.16453849856097	138.0	22	1.05	0.95				
	208	1	112.61829060000001	23.050527315789473	0.0	0.0	2	0.9815201067305057	-17.960102499329132	138.0	22	1.05	0.95				
	209	1	115.25263657894737	23.70911381052632	0.0	0.0	2	1.0257019675751677	-8.231022911762311	138.0	23	1.05	0.95				
	210	1	128.42436647368422	26.343459789473687	0.0	0.0	2	1.05	-9.397085395695525	138.0	23	1.05	0.95				
	211	1	0.0	0.0	0.0	0.0	2	1.017564525588404	-4.844580101905765	230.0	23	1.05	0.95				
	212	1	0.0	0.0	0.0	0.0	2	1.0201252159774317	0.1565263985614197	230.0	23	1.05	0.95				
	213	2	174.52542110526318	35.56367071578948	0.0	0.0	2	1.0214986058785052	-2.142345337060451	230.0	24	1.05	0.95				
	214	2	127.76577997894738	25.684873294736843	0.0	0.0	2	1.0233741708084998	-3.2479238952660423	230.0	26	1.05	0.95				
	215	2	208.77191883157894	42.1495356631579	0.0	0.0	2	1.0388020710394104	2.860777700967564	230.0	26	1.05	0.95				
	216	2	65.85864947368421	13.171729894736844	0.0	0.0	2	1.0390727780674298	3.049460489139972	230.0	26	1.05	0.95				
	217	1	0.0	0.0	0.0	0.0	2	1.042451183667602	4.943662182607348	230.0	27	1.05	0.95				
	218	2	219.30930274736843	44.78388164210527	0.0	0.0	2	1.042629864390837	5.071092725315407	230.0	27	1.05	0.95				
	219	1	119.20415554736843	24.36770030526316	0.0	0.0	2	1.037221102525323	3.4545222122767165	230.0	25	1.05	0.95				
	220	1	84.2990713263158	17.123248863157897	0.0	0.0	2	1.0413476052340018	5.0531641084388985	230.0	25	1.05	0.95				
	221	2	0.0	0.0	0.0	0.0	2	1.0430958960142807	5.101124918064475	230.0	27	1.05	0.95				
	222	2	0.0	0.0	0.0	0.0	2	1.05	11.544903635124268	230.0	27	1.05	0.95				
	223	2	0.0	0.0	0.0	0.0	2	1.0458594929993106	6.410217904972632	230.0	25	1.05	0.95				
	224	1	0.0	0.0	0.0	0.0	2	1.017702758330905	-1.251198978030651	230.0	26	1.05	0.95				
	301	2	74.20942739368421	15.116735209824562	0.0	0.0	3	0.9820531142085812	0.5493660675199304	138.0	31	1.05	0.95				
	302	2	66.65105978877193	13.742486554385966	0.0	0.0	3	0.9843856072534808	0.4797286182629309	138.0	32	1.05	0.95				
	303	1	123.68237898947368	25.423600125614033	0.0	0.0	3	0.998083601211955	4.178608312022469	138.0	31	1.05	0.95				
	304	1	50.84720025122807	10.306864915789472	0.0	0.0	3	0.982061885299019	3.1321285173563886	138.0	31	1.05	0.95				
	305	1	48.78582726807017	9.619740588070176	0.0	0.0	3	0.9934856923093494	3.043497175461998	138.0	31	1.05	0.95				
	306	1	93.44890856982457	19.23948117614035	0.0	-100.0	3	1.0085332768572055	3.652508585280094	138.0	32	1.05	0.95				
	307	2	85.89054096491228	17.178108192982457	0.0	0.0	3	0.9589365222745903	-0.8315395012796079	138.0	32	1.05	0.95				
	308	1	117.49826003999999	24.049351470175438	0.0	0.0	3	0.970808998119476	2.457669656976434	138.0	32	1.05	0.95				
	309	1	120.2467573508772	24.736475797894737	0.0	0.0	3	1.006697051752948	8.211984073466125	138.0	33	1.05	0.95				
	310	1	133.98924390526315	27.484973108771932	0.0	0.0	3	1.0277435203520149	7.830337914801423	138.0	33	1.05	0.95				
	311	1	0.0	0.0	0.0	0.0	3	0.9996293302250965	15.448076892507723	230.0	33	1.05	0.95				
	312	1	0.0	0.0	0.0	0.0	3	1.005442122691162	16.975008607627654	230.0	33	1.05	0.95				
	313	2	182.08794684561403	37.104713696842104	0.0	0.0	3	1.0343172113560803	25.387242263323213	230.0	34	1.05	0.95				
	314	2	133.30211957754386	26.79784878105263	0.0	0.0	3	1.005532548512565	13.852186381660005	230.0	36	1.05	0.95				
	315	2	217.81841188701753	43.975956974035086	0.0	0.0	3	1.0324025960999712	8.290919615040053	230.0	36	1.05	0.95				
	316	2	68.71243277192983	13.742486554385966	0.0	0.0	3	1.0330513425931567	10.005823329311681	230.0	36	1.05	0.95				
	317	1	0.0	0.0	0.0	0.0	3	1.0368809333859237	8.924340629336404	230.0	37	1.05	0.95				
	318	2	228.81240113052633	46.724454284912284	0.0	0.0	3	1.0352631548320612	7.804552233234516	230.0	37	1.05	0.95				
	319	1	124.369503317193	25.423600125614033	0.0	0.0	3	1.0311412531600475	12.846965467609769	230.0	35	1.05	0.95				
	320	1	87.95191394807017	17.865232520701753	0.0	0.0	3	1.0335197602754451	15.133687425515951	230.0	35	1.05	0.95				
	321	2	0.0	0.0	0.0	0.0	3	1.0363068422770971	8.531359146762176	230.0	37	1.05	0.95				
	322	2	0.0	0.0	0.0	0.0	3	1.049871487003798	12.993086865685232	230.0	37	1.05	0.95				
	323	2	0.0	0.0	0.0	0.0	3	1.0350880785256695	15.979821523712694	230.0	35	1.05	0.95				
	324	1	0.0	0.0	0.0	0.0	3	1.0154431458315232	8.780784250648795	230.0	36	1.05	0.95				
	325	1	0.0	0.0	0.0	0.0	3	1.0376950541473262	15.657335850605234	230.0	35	1.05	0.95				
];
