%% MATPOWER Case Format : Version 2
function mpc = RTS_GMLC
mpc.version = '2';

%%-----  Power Flow Data  -----%%
%% system MVA base
mpc.baseMVA = 100.0;
%% bus data
%    bus_i    type    Pd    Qd    Gs    Bs    area    Vm    Va    baseKV    zone    Vmax    Vmin
mpc.bus = [
	101	2	51.79564572631578	10.550964870175438	0.0	0.0	1	1.0431760754606187	2.3354385025861024	138.0	11	1.05	0.95				
	102	2	46.520163291228066	9.591786245614035	0.0	0.0	1	1.0421547874236288	2.0416108509992505	138.0	12	1.05	0.95				
	103	1	86.32607621052631	17.744804554385965	0.0	0.0	1	1.0274969535338396	-0.4139992295536499	138.0	11	1.05	0.95				
	104	1	35.48960910877193	7.193839684210526	0.0	0.0	1	1.0257293904301035	-1.2941199327774167	138.0	11	1.05	0.95				
	105	1	34.05084117192982	6.714250371929825	0.0	0.0	1	1.0397223428736762	-1.296103616827081	138.0	11	1.05	0.95				
	106	1	65.22414647017544	13.42850074385965	0.0	-100.0	1	1.0458344730671385	-3.854038507100466	138.0	12	1.05	0.95				
	107	2	59.94866403508772	11.989732807017543	0.0	0.0	1	1.0003650807779079	-9.665537669960885	138.0	12	1.05	0.95				
	108	1	82.00977239999999	16.785625929824562	0.0	0.0	1	1.002595204260722	-8.388784640325644	138.0	12	1.05	0.95				
	109	1	83.92812964912281	17.26521524210526	0.0	0.0	1	1.0245431429636844	-2.7292203057796125	138.0	13	1.05	0.95				
	110	1	93.51991589473684	19.18357249122807	0.0	0.0	1	1.05	-3.5093034671678542	138.0	13	1.05	0.95				
	111	1	0.0	0.0	0.0	0.0	1	1.0044548384071872	-0.8338503506447014	230.0	13	1.05	0.95				
	112	1	0.0	0.0	0.0	0.0	1	1.0089636646977538	-0.43980147887968574	230.0	13	1.05	0.95				
	113	3	127.09116775438596	25.89782286315789	0.0	0.0	1	0.9979944378747158	5.4245995409778596e-27	230.0	14	1.05	0.95				
	114	2	93.04032658245613	18.703983178947368	0.0	0.0	1	1.001277040190563	0.8474693647256009	230.0	16	1.05	0.95				
	115	2	152.02981199298245	30.693715985964907	0.0	0.0	1	1.034752600700725	6.650762047146727	230.0	16	1.05	0.95				
	116	2	47.95893122807017	9.591786245614035	0.0	0.0	1	1.0307481746682687	6.065391723328565	230.0	16	1.05	0.95				
	117	1	0.0	0.0	0.0	0.0	1	1.0379132707509267	8.151922068252205	230.0	17	1.05	0.95				
	118	2	159.70324098947367	32.61207323508772	0.0	0.0	1	1.03984695735968	8.294082269870202	230.0	17	1.05	0.95				
	119	1	86.80566552280702	17.744804554385965	0.0	0.0	1	1.0240985924605384	4.859580029706452	230.0	15	1.05	0.95				
	120	1	61.387431971929814	12.469322119298246	0.0	0.0	1	1.0219875510304155	4.7350976490662635	230.0	15	1.05	0.95				
	121	2	0.0	0.0	0.0	0.0	1	1.0432588027312288	9.519879531838392	230.0	17	1.05	0.95				
	122	2	0.0	0.0	0.0	0.0	1	1.05	15.487718744693133	230.0	17	1.05	0.95				
	123	2	0.0	0.0	0.0	0.0	1	1.0216197316830293	5.038487212851778	230.0	15	1.05	0.95				
	124	1	0.0	0.0	0.0	0.0	1	1.0228174928115203	4.001169514929091	230.0	16	1.05	0.95				
	201	2	46.12057294736842	9.394931526315789	0.0	0.0	2	1.0264444503704935	-7.715419570260656	138.0	21	1.05	0.95				
	202	2	41.42310718421052	8.540846842105264	0.0	0.0	2	1.027425198111681	-7.503860927467408	138.0	22	1.05	0.95				
	203	1	76.86762157894736	15.800566657894736	0.0	0.0	2	1.0174168302792124	-7.496970289810265	138.0	21	1.05	0.95				
	204	1	31.601133315789472	6.405635131578948	0.0	0.0	2	1.018416514621998	-9.180561490968989	138.0	21	1.05	0.95				
	205	1	30.32000628947368	5.9785927894736846	0.0	0.0	2	1.0330473486659408	-9.403034563455181	138.0	21	1.05	0.95				
	206	1	58.07775852631579	11.957185578947369	0.0	-100.0	2	1.044833857727666	-10.727753026310069	138.0	22	1.05	0.95				
	207	2	53.3802927631579	10.676058552631579	0.0	0.0	2	0.9923697015786345	-16.93166123471385	138.0	22	1.05	0.95				
	208	1	73.02424049999999	14.94648197368421	0.0	0.0	2	0.9985795431066011	-15.004040539364366	138.0	22	1.05	0.95				
	209	1	74.73240986842104	15.373524315789473	0.0	0.0	2	1.0230638587479624	-8.799337880384831	138.0	23	1.05	0.95				
	210	1	83.27325671052631	17.081693684210528	0.0	0.0	2	1.05	-9.745567208959168	138.0	23	1.05	0.95				
	211	1	0.0	0.0	0.0	0.0	2	1.004519507286636	-6.100657458909821	230.0	23	1.05	0.95				
	212	1	0.0	0.0	0.0	0.0	2	1.0076397556474403	-5.166988681436928	230.0	23	1.05	0.95				
	213	2	113.16622065789473	23.06028647368421	0.0	0.0	2	0.9993420196364898	-4.764898693602486	230.0	24	1.05	0.95				
	214	2	82.84621436842104	16.654651342105264	0.0	0.0	2	1.0037097425147699	-3.973067191616405	230.0	26	1.05	0.95				
	215	2	135.37242244736842	27.33070989473684	0.0	0.0	2	1.0232435340118915	1.6804935732674013	230.0	26	1.05	0.95				
	216	2	42.704234210526316	8.540846842105264	0.0	0.0	2	1.0238349141044092	1.6187083688761899	230.0	26	1.05	0.95				
	217	1	0.0	0.0	0.0	0.0	2	1.0287205626096336	3.0732341989716523	230.0	27	1.05	0.95				
	218	2	142.20509992105264	29.038879263157895	0.0	0.0	2	1.0279529568882657	2.622151972825473	230.0	27	1.05	0.95				
	219	1	77.29466392105263	15.800566657894736	0.0	0.0	2	1.0242567472311843	1.7714153069082055	230.0	25	1.05	0.95				
	220	1	54.66141978947368	11.103100894736842	0.0	0.0	2	1.027530092745949	2.7392213578508127	230.0	25	1.05	0.95				
	221	2	0.0	0.0	0.0	0.0	2	1.0297583147117149	3.1086774276988285	230.0	27	1.05	0.95				
	222	2	0.0	0.0	0.0	0.0	2	1.04999999676642	9.586558314618012	230.0	27	1.05	0.95				
	223	2	0.0	0.0	0.0	0.0	2	1.0301634496191059	3.5955411626371787	230.0	25	1.05	0.95				
	224	1	0.0	0.0	0.0	0.0	2	1.0097286155007856	-1.7713137277998965	230.0	26	1.05	0.95				
	301	2	47.26921861894737	9.628914903859648	0.0	0.0	3	1.0074213175650382	-13.2381294654926	138.0	31	1.05	0.95				
	302	2	42.45476116701754	8.753559003508771	0.0	0.0	3	1.007020678495534	-13.336931563129879	138.0	32	1.05	0.95				
	303	1	78.78203103157894	16.194084156491225	0.0	0.0	3	1.020630648709521	-8.527632137340284	138.0	31	1.05	0.95				
	304	1	32.38816831298245	6.565169252631578	0.0	0.0	3	1.009100543106272	-12.005450195911287	138.0	31	1.05	0.95				
	305	1	31.075134462456134	6.12749130245614	0.0	0.0	3	1.0228796981739028	-12.39153176077174	138.0	31	1.05	0.95				
	306	1	59.52420122385964	12.25498260491228	0.0	-100.0	3	1.0398949386018699	-12.44343722133444	138.0	32	1.05	0.95				
	307	2	54.70974377192982	10.941948754385963	0.0	0.0	3	0.9941656478678719	-17.441119411164966	138.0	32	1.05	0.95				
	308	1	74.84292947999998	15.318728256140348	0.0	0.0	3	0.9996370598807015	-15.457553787121505	138.0	32	1.05	0.95				
	309	1	76.59364128070175	15.756406206315788	0.0	0.0	3	1.0245027601696435	-9.11683465741503	138.0	33	1.05	0.95				
	310	1	85.34720028421052	17.507118007017542	0.0	0.0	3	1.05	-10.137806630027947	138.0	33	1.05	0.95				
	311	1	0.0	0.0	0.0	0.0	3	1.0065331616690787	-4.7526065926595225	230.0	33	1.05	0.95				
	312	1	0.0	0.0	0.0	0.0	3	1.0098620417060635	-4.43545467459057	230.0	33	1.05	0.95				
	313	2	115.98465679649121	23.634609309473685	0.0	0.0	3	1.0090644321937987	-1.2588298334998163	230.0	34	1.05	0.95				
	314	2	84.90952233403507	17.069440056842105	0.0	0.0	3	1.006763835280629	-2.834436422481066	230.0	36	1.05	0.95				
	315	2	138.74391020561401	28.011388811228066	0.0	0.0	3	1.0286107928564643	-0.5159379661982104	230.0	36	1.05	0.95				
	316	2	43.767795017543854	8.753559003508771	0.0	0.0	3	1.0273660390990051	0.08984181268274045	230.0	36	1.05	0.95				
	317	1	0.0	0.0	0.0	0.0	3	1.0359180238569925	2.564105856222979	230.0	37	1.05	0.95				
	318	2	145.74675740842105	29.76210061192982	0.0	0.0	3	1.0334924105221523	1.5921986703324085	230.0	37	1.05	0.95				
	319	1	79.21970898175438	16.194084156491225	0.0	0.0	3	1.0238473400315293	0.02230338050523588	230.0	35	1.05	0.95				
	320	1	56.02277762245613	11.379626704561401	0.0	0.0	3	1.021980943065342	0.05552185513592652	230.0	35	1.05	0.95				
	321	2	0.0	0.0	0.0	0.0	3	1.0341927299219464	1.4572585410654528	230.0	37	1.05	0.95				
	322	2	0.0	0.0	0.0	0.0	3	1.0483378384239908	6.212217614264109	230.0	37	1.05	0.95				
	323	2	0.0	0.0	0.0	0.0	3	1.0212749806451031	0.29617198598437805	230.0	35	1.05	0.95				
	324	1	0.0	0.0	0.0	0.0	3	1.0168729721664826	-2.5966687916124767	230.0	36	1.05	0.95				
	325	1	0.0	0.0	0.0	0.0	3	1.0213522710286935	1.0872978742059594	230.0	35	1.05	0.95				
];
