%% MATPOWER Case Format : Version 2
function mpc = RTS_GMLC
mpc.version = '2';

%%-----  Power Flow Data  -----%%
%% system MVA base
mpc.baseMVA = 100.0;
%% bus data
%    bus_i    type    Pd    Qd    Gs    Bs    area    Vm    Va    baseKV    zone    Vmax    Vmin
mpc.bus = [
	101	2	45.155863440000005	9.198416626666667	0.0	0.0	1	1.0498941890355964	4.393372315882056	138.0	11	1.05	0.95				
	102	2	40.55665512666667	8.362196933333333	0.0	0.0	1	1.0484061349769787	3.993484676817491	138.0	12	1.05	0.95				
	103	1	75.2597724	15.470064326666666	0.0	0.0	1	1.0321768018425317	1.4002066749044655	138.0	11	1.05	0.95				
	104	1	30.940128653333332	6.271647699999999	0.0	0.0	1	1.0306429274082798	0.6455346330143985	138.0	11	1.05	0.95				
	105	1	29.68579911333333	5.853537853333334	0.0	0.0	1	1.0435440538726557	0.40327515697979016	138.0	11	1.05	0.95				
	106	1	56.86293914666667	11.707075706666668	0.0	-100.0	1	1.0487546517688087	-2.3386898711537563	138.0	12	1.05	0.95				
	107	2	52.263730833333334	10.452746166666667	0.0	0.0	1	1.0006602728118628	-7.4853280287718205	138.0	12	1.05	0.95				
	108	1	71.49678378	14.633844633333332	0.0	0.0	1	1.004990475371133	-6.472383382890132	138.0	12	1.05	0.95				
	109	1	73.16922316666667	15.05195448	0.0	0.0	1	1.0241106915476865	-1.6143871880334997	138.0	13	1.05	0.95				
	110	1	81.53142009999999	16.724393866666666	0.0	0.0	1	1.05	-2.400656240688025	138.0	13	1.05	0.95				
	111	1	0.0	0.0	0.0	0.0	1	1.001234641680129	-0.5833595622113324	230.0	13	1.05	0.95				
	112	1	0.0	0.0	0.0	0.0	1	1.0056842521157923	-0.6391055157492962	230.0	13	1.05	0.95				
	113	3	110.79910936666666	22.577931720000002	0.0	0.0	1	0.9915017337274813	-1.7993292972042673e-27	230.0	14	1.05	0.95				
	114	2	81.11331025333334	16.30628402	0.0	0.0	1	0.9956336117425117	0.4709174449751596	230.0	16	1.05	0.95				
	115	2	132.54082139333335	26.759030186666667	0.0	0.0	1	1.0292300031587427	5.300769705822349	230.0	16	1.05	0.95				
	116	2	41.81098466666667	8.362196933333333	0.0	0.0	1	1.0242194601016867	4.4457235194750115	230.0	16	1.05	0.95				
	117	1	0.0	0.0	0.0	0.0	1	1.0335431442613079	7.305845202166178	230.0	17	1.05	0.95				
	118	2	139.23057894000002	28.431469573333334	0.0	0.0	1	1.0366800978925697	7.8273824239614225	230.0	17	1.05	0.95				
	119	1	75.67788224666667	15.470064326666666	0.0	0.0	1	1.0148699843692006	2.796190481176859	230.0	15	1.05	0.95				
	120	1	53.518060373333334	10.870856013333334	0.0	0.0	1	1.0092172866351752	1.7569278152259347	230.0	15	1.05	0.95				
	121	2	0.0	0.0	0.0	0.0	1	1.0395945250627512	8.979085181940652	230.0	17	1.05	0.95				
	122	2	0.0	0.0	0.0	0.0	1	1.05	14.823534800802655	230.0	17	1.05	0.95				
	123	2	0.0	0.0	0.0	0.0	1	1.0066397789580004	1.5157395553928108	230.0	15	1.05	0.95				
	124	1	0.0	0.0	0.0	0.0	1	1.0239290902702685	3.8234426720740764	230.0	16	1.05	0.95				
	201	2	43.196600046315794	8.799307416842105	0.0	0.0	2	1.0147191489552732	-7.043111828925673	138.0	21	1.05	0.95				
	202	2	38.79694633789473	7.9993703789473685	0.0	0.0	2	1.0139598635733504	-7.254608821754578	138.0	22	1.05	0.95				
	203	1	71.99433341052631	14.798835201052633	0.0	0.0	2	1.0130877059474404	-5.392321158241493	138.0	21	1.05	0.95				
	204	1	29.597670402105265	5.999527784210526	0.0	0.0	2	1.012956063407456	-6.6283480778497035	138.0	21	1.05	0.95				
	205	1	28.397764845263158	5.599559265263158	0.0	0.0	2	1.0274370294477646	-6.859256688205041	138.0	21	1.05	0.95				
	206	1	54.395718576842114	11.199118530526317	0.0	-100.0	2	1.0427566857493162	-7.258945631905816	138.0	22	1.05	0.95				
	207	2	49.99606486842105	9.99921297368421	0.0	0.0	2	0.9981823174403719	-12.082206042494613	138.0	22	1.05	0.95				
	208	1	68.39461673999999	13.998898163157895	0.0	0.0	2	1.0031862049857858	-10.28441523962094	138.0	22	1.05	0.95				
	209	1	69.99449081578946	14.398866682105263	0.0	0.0	2	1.0236970630529711	-4.4611708620321116	138.0	23	1.05	0.95				
	210	1	77.99386119473684	15.998740757894737	0.0	0.0	2	1.05	-5.387616034489146	138.0	23	1.05	0.95				
	211	1	0.0	0.0	0.0	0.0	2	1.002374110998044	-2.2785339994357345	230.0	23	1.05	0.95				
	212	1	0.0	0.0	0.0	0.0	2	1.0096228102410305	2.3211307024225007	230.0	23	1.05	0.95				
	213	2	105.99165752105262	21.598300023157897	0.0	0.0	2	0.997655846494837	0.03460001304854555	230.0	24	1.05	0.95				
	214	2	77.59389267578946	15.598772238947367	0.0	0.0	2	0.9973112064905956	-1.508932574896946	230.0	26	1.05	0.95				
	215	2	126.79002050631578	25.59798521263158	0.0	0.0	2	1.0132668145922596	1.802587057730916	230.0	26	1.05	0.95				
	216	2	39.99685189473684	7.9993703789473685	0.0	0.0	2	1.013436713196922	2.054568122396489	230.0	26	1.05	0.95				
	217	1	0.0	0.0	0.0	0.0	2	1.0181834337772868	2.6783554758499095	230.0	27	1.05	0.95				
	218	2	133.18951680947367	27.197859288421057	0.0	0.0	2	1.0176072432664398	2.3314694726282577	230.0	27	1.05	0.95				
	219	1	72.39430192947368	14.798835201052633	0.0	0.0	2	1.0131126717263177	2.5392923125513422	230.0	25	1.05	0.95				
	220	1	51.19597042526316	10.399181492631579	0.0	0.0	2	1.0155832008123433	3.760654083418851	230.0	25	1.05	0.95				
	221	2	0.0	0.0	0.0	0.0	2	1.0197433269895269	2.96327524356565	230.0	27	1.05	0.95				
	222	2	0.0	0.0	0.0	0.0	2	1.0416853259745142	9.447373259952418	230.0	27	1.05	0.95				
	223	2	0.0	0.0	0.0	0.0	2	1.017794815963901	4.743884804789376	230.0	25	1.05	0.95				
	224	1	0.0	0.0	0.0	0.0	2	1.004056835312941	-0.9180561615185392	230.0	26	1.05	0.95				
	301	2	53.402087936842115	10.878203098245615	0.0	0.0	3	1.0070136093850757	-10.234570442359644	138.0	31	1.05	0.95				
	302	2	47.9629863877193	9.889275543859648	0.0	0.0	3	1.0066905289699448	-10.318399435638204	138.0	32	1.05	0.95				
	303	1	89.00347989473684	18.29515975614035	0.0	0.0	3	1.0154914312288466	-5.996334368845802	138.0	31	1.05	0.95				
	304	1	36.5903195122807	7.416956657894737	0.0	0.0	3	1.0071070298609377	-8.803202160842227	138.0	31	1.05	0.95				
	305	1	35.10692818070175	6.922492880701755	0.0	0.0	3	1.0215408825116687	-8.935911075980245	138.0	31	1.05	0.95				
	306	1	67.24707369824561	13.84498576140351	0.0	-100.0	3	1.0380278798305418	-8.787887456312555	138.0	32	1.05	0.95				
	307	2	61.807972149122804	12.361594429824562	0.0	0.0	3	0.9972192601276931	-13.528502297900962	138.0	32	1.05	0.95				
	308	1	84.5533059	17.306232201754383	0.0	0.0	3	1.0020504243965895	-11.278255477874136	138.0	32	1.05	0.95				
	309	1	86.53116100877193	17.800695978947367	0.0	0.0	3	1.023623033546244	-5.530494817721886	138.0	33	1.05	0.95				
	310	1	96.42043655263157	19.778551087719297	0.0	0.0	3	1.05	-6.051202499052898	138.0	33	1.05	0.95				
	311	1	0.0	0.0	0.0	0.0	3	1.0065621790169916	-0.7667195466886785	230.0	33	1.05	0.95				
	312	1	0.0	0.0	0.0	0.0	3	1.0107865337057649	-0.0025128179221340094	230.0	33	1.05	0.95				
	313	2	131.03290095614034	26.701043968421057	0.0	0.0	3	1.012114127268245	3.5928691492988314	230.0	34	1.05	0.95				
	314	2	95.9259727754386	19.284087310526317	0.0	0.0	3	1.00572933208516	0.5234777117326477	230.0	36	1.05	0.95				
	315	2	156.74501737017545	31.645681740350877	0.0	0.0	3	1.0173202402938477	-0.6198535624713978	230.0	36	1.05	0.95				
	316	2	49.44637771929825	9.889275543859648	0.0	0.0	3	1.0167637719587987	0.09389266426297235	230.0	36	1.05	0.95				
	317	1	0.0	0.0	0.0	0.0	3	1.0203395295653015	0.5210843969692619	230.0	37	1.05	0.95				
	318	2	164.65643780526315	33.62353684912281	0.0	0.0	3	1.0187418226142555	0.17060403011996747	230.0	37	1.05	0.95				
	319	1	89.49794367192982	18.29515975614035	0.0	0.0	3	1.0169967040344574	1.4551343953228715	230.0	35	1.05	0.95				
	320	1	63.291363480701754	12.856058207017545	0.0	0.0	3	1.0177654992748169	2.1508698404495363	230.0	35	1.05	0.95				
	321	2	0.0	0.0	0.0	0.0	3	1.0203547853768984	0.4562897427738693	230.0	37	1.05	0.95				
	322	2	0.0	0.0	0.0	0.0	3	1.0338009723714414	4.925595355676301	230.0	37	1.05	0.95				
	323	2	0.0	0.0	0.0	0.0	3	1.0185416886500869	2.638122346654702	230.0	35	1.05	0.95				
	324	1	0.0	0.0	0.0	0.0	3	1.0118816503655754	-0.5017982766886447	230.0	36	1.05	0.95				
	325	1	0.0	0.0	0.0	0.0	3	1.0195838593235795	3.186827216544324	230.0	35	1.05	0.95				
];
