%% MATPOWER Case Format : Version 2
function mpc = RTS_GMLC
mpc.version = '2';

%%-----  Power Flow Data  -----%%
%% system MVA base
mpc.baseMVA = 100.0;
%% bus data
%    bus_i    type    Pd    Qd    Gs    Bs    area    Vm    Va    baseKV    zone    Vmax    Vmin
mpc.bus = [
	101	2	75.64275109894737	15.408708557192982	0.0	0.0	1	1.0337755641013553	-0.7065523968179913	138.0	11	1.05	0.95				
	102	2	67.93839682035087	14.007916870175437	0.0	0.0	1	1.0337516049814963	-0.7639307705817476	138.0	12	1.05	0.95				
	103	1	126.07125183157895	25.91464620982456	0.0	0.0	1	1.0219283026059154	-1.3141559335123105	138.0	11	1.05	0.95				
	104	1	51.82929241964912	10.505937652631578	0.0	0.0	1	1.0173887633566363	-3.697475630072098	138.0	11	1.05	0.95				
	105	1	49.728104889122804	9.805541809122808	0.0	0.0	1	1.03253102115244	-3.717894920080601	138.0	11	1.05	0.95				
	106	1	95.25383471719299	19.611083618245615	0.0	-100.0	1	1.037888068833791	-6.044539705467756	138.0	12	1.05	0.95				
	107	2	87.54948043859649	17.509896087719298	0.0	0.0	1	1.0456631261279086	-0.9973227167998915	138.0	12	1.05	0.95				
	108	1	119.76768924000001	24.513854522807016	0.0	0.0	1	1.0241568438305315	-4.39800195993656	138.0	12	1.05	0.95				
	109	1	122.5692726140351	25.214250366315788	0.0	0.0	1	1.0263516383342899	-3.266469153829713	138.0	13	1.05	0.95				
	110	1	136.57718948421052	28.015833740350875	0.0	0.0	1	1.05	-4.563937873077111	138.0	13	1.05	0.95				
	111	1	0.0	0.0	0.0	0.0	1	1.0128405036171808	-0.84910124225793	230.0	13	1.05	0.95				
	112	1	0.0	0.0	0.0	0.0	1	1.0150497029253625	-0.1552250974195335	230.0	13	1.05	0.95				
	113	3	185.60489852982457	37.821375549473686	0.0	0.0	1	1.01090357305045	-3.5996451880349463e-28	230.0	14	1.05	0.95				
	114	2	135.87679364070175	27.315437896842106	0.0	0.0	1	1.0156719174695052	1.5289572511718987	230.0	16	1.05	0.95				
	115	2	222.0254823922807	44.825333984561404	0.0	0.0	1	1.04517865373922	9.60751009174231	230.0	16	1.05	0.95				
	116	2	70.03958435087719	14.007916870175437	0.0	0.0	1	1.043168093644968	9.085380095783073	230.0	16	1.05	0.95				
	117	1	0.0	0.0	0.0	0.0	1	1.0465486311234442	12.543361509301521	230.0	17	1.05	0.95				
	118	2	233.23181588842107	47.626917358596494	0.0	0.0	1	1.0496254546726789	13.061551306171522	230.0	17	1.05	0.95				
	119	1	126.77164767508773	25.91464620982456	0.0	0.0	1	1.0365572278011337	7.601555598847944	230.0	15	1.05	0.95				
	120	1	89.65066796912281	18.21029193122807	0.0	0.0	1	1.0370713779779712	7.635355744118224	230.0	15	1.05	0.95				
	121	2	0.0	0.0	0.0	0.0	1	1.05	13.568855647609327	230.0	17	1.05	0.95				
	122	2	0.0	0.0	0.0	0.0	1	1.05	22.700783692376994	230.0	17	1.05	0.95				
	123	2	0.0	0.0	0.0	0.0	1	1.0391610544435659	8.174597589780971	230.0	15	1.05	0.95				
	124	1	0.0	0.0	0.0	0.0	1	1.0227966645121809	5.566153288789707	230.0	16	1.05	0.95				
	201	2	61.79442783157896	12.587753817543861	0.0	0.0	2	1.032335559823989	-5.897268231625803	138.0	21	1.05	0.95				
	202	2	55.50055092280702	11.443412561403509	0.0	0.0	2	1.0323664938481245	-5.970010660505781	138.0	22	1.05	0.95				
	203	1	102.99071305263159	21.170313238596496	0.0	0.0	2	1.0302670085031302	-4.125578936655476	138.0	21	1.05	0.95				
	204	1	42.34062647719299	8.582559421052633	0.0	0.0	2	1.0189314596056864	-8.265682193743471	138.0	21	1.05	0.95				
	205	1	40.62411459298246	8.010388792982457	0.0	0.0	2	1.0337175879182614	-8.530115331113688	138.0	21	1.05	0.95				
	206	1	77.81520541754388	16.020777585964915	0.0	-100.0	2	1.0414965297245717	-10.551102664845688	138.0	22	1.05	0.95				
	207	2	71.52132850877193	14.304265701754387	0.0	0.0	2	0.9864183696060145	-19.17109451786188	138.0	22	1.05	0.95				
	208	1	97.8411774	20.02597198245614	0.0	0.0	2	0.9891631649678564	-16.456785303446292	138.0	22	1.05	0.95				
	209	1	100.12985991228072	20.598142610526317	0.0	0.0	2	1.0253410417091726	-7.822512922268784	138.0	23	1.05	0.95				
	210	1	111.57327247368423	22.886825122807018	0.0	0.0	2	1.05	-9.390756092859744	138.0	23	1.05	0.95				
	211	1	0.0	0.0	0.0	0.0	2	1.0136893250318835	-4.69429789195694	230.0	23	1.05	0.95				
	212	1	0.0	0.0	0.0	0.0	2	1.0144180843538477	-3.913534009788195	230.0	23	1.05	0.95				
	213	2	151.6252164385965	30.89721391578948	0.0	0.0	2	1.0113648028141287	-3.5712384716709495	230.0	24	1.05	0.95				
	214	2	111.00110184561404	22.314654494736843	0.0	0.0	2	1.0211597908666543	-1.735292289227505	230.0	26	1.05	0.95				
	215	2	181.37808909824562	36.61892019649123	0.0	0.0	2	1.0428839955339577	5.941420289801535	230.0	26	1.05	0.95				
	216	2	57.21706280701755	11.443412561403509	0.0	0.0	2	1.0436917608702292	5.858757425854836	230.0	26	1.05	0.95				
	217	1	0.0	0.0	0.0	0.0	2	1.047337577427297	9.053009244075303	230.0	27	1.05	0.95				
	218	2	190.53281914736843	38.90760270877194	0.0	0.0	2	1.0499725341615367	9.99495085237493	230.0	27	1.05	0.95				
	219	1	103.56288368070177	21.170313238596496	0.0	0.0	2	1.0418934193710236	5.062352341057009	230.0	25	1.05	0.95				
	220	1	73.23784039298246	14.876436329824564	0.0	0.0	2	1.0448181738011624	5.4483125585905405	230.0	25	1.05	0.95				
	221	2	0.0	0.0	0.0	0.0	2	1.05	10.177325479840027	230.0	27	1.05	0.95				
	222	2	0.0	0.0	0.0	0.0	2	1.05	16.24784093432319	230.0	27	1.05	0.95				
	223	2	0.0	0.0	0.0	0.0	2	1.047683938223578	6.079784969453815	230.0	25	1.05	0.95				
	224	1	0.0	0.0	0.0	0.0	2	1.0255614079493232	2.1789954089413417	230.0	26	1.05	0.95				
	301	2	58.80037964210526	11.9778551122807	0.0	0.0	3	1.013510476504619	-15.852309897628269	138.0	31	1.05	0.95				
	302	2	52.8114520859649	10.888959192982457	0.0	0.0	3	1.0121283519547137	-16.13956973688124	138.0	32	1.05	0.95				
	303	1	98.00063273684209	20.14457450701754	0.0	0.0	3	1.0455184987709913	-4.029713899776105	138.0	31	1.05	0.95				
	304	1	40.28914901403508	8.166719394736841	0.0	0.0	3	1.0100084025630012	-14.685659408087478	138.0	31	1.05	0.95				
	305	1	38.65580513508771	7.622271435087718	0.0	0.0	3	1.0248202204947414	-16.09118862742545	138.0	31	1.05	0.95				
	306	1	74.04492251228069	15.244542870175437	0.0	-100.0	3	1.0380906686361833	-16.846664118225487	138.0	32	1.05	0.95				
	307	2	68.05599495614034	13.611198991228068	0.0	0.0	3	0.9906872722192998	-22.94671003067574	138.0	32	1.05	0.95				
	308	1	93.10060109999999	19.055678587719292	0.0	0.0	3	0.99299898310273	-20.381561287649202	138.0	32	1.05	0.95				
	309	1	95.27839293859648	19.60012654736842	0.0	0.0	3	1.0262830072601306	-11.268274371061349	138.0	33	1.05	0.95				
	310	1	106.16735213157892	21.777918385964913	0.0	0.0	3	1.05	-14.583249817242695	138.0	33	1.05	0.95				
	311	1	0.0	0.0	0.0	0.0	3	1.015223228389657	-8.223817246874958	230.0	33	1.05	0.95				
	312	1	0.0	0.0	0.0	0.0	3	1.0157240653384425	-7.7810811447404875	230.0	33	1.05	0.95				
	313	2	144.27870930701752	29.40018982105263	0.0	0.0	3	1.0174938821166297	-5.083987861494059	230.0	34	1.05	0.95				
	314	2	105.6229041719298	21.233470426315787	0.0	0.0	3	1.0231138189964744	-6.244527456276197	230.0	36	1.05	0.95				
	315	2	172.59000320877192	34.844669417543855	0.0	0.0	3	1.0471239504038177	-0.1876763123833468	230.0	36	1.05	0.95				
	316	2	54.444795964912274	10.888959192982457	0.0	0.0	3	1.0450120884135037	-0.18493947832567256	230.0	36	1.05	0.95				
	317	1	0.0	0.0	0.0	0.0	3	1.0477116896867344	1.7130212899911745	230.0	37	1.05	0.95				
	318	2	181.30117056315785	37.022461256140346	0.0	0.0	3	1.0476793413555165	1.8847151410053335	230.0	37	1.05	0.95				
	319	1	98.54508069649121	20.14457450701754	0.0	0.0	3	1.038880324567159	-1.5412788217186124	230.0	35	1.05	0.95				
	320	1	69.68933883508771	14.155646950877191	0.0	0.0	3	1.0379410647969731	-1.6933986909732497	230.0	35	1.05	0.95				
	321	2	0.0	0.0	0.0	0.0	3	1.05	2.7534093017983987	230.0	37	1.05	0.95				
	322	2	0.0	0.0	0.0	0.0	3	1.05	7.321765022172773	230.0	37	1.05	0.95				
	323	2	0.0	0.0	0.0	0.0	3	1.0384598665319933	-1.3696097921594799	230.0	35	1.05	0.95				
	324	1	0.0	0.0	0.0	0.0	3	1.0400370302603699	-1.6321889998634347	230.0	36	1.05	0.95				
	325	1	0.0	0.0	0.0	0.0	3	1.0349938616885193	-0.1254255739767414	230.0	35	1.05	0.95				
];
