%% MATPOWER Case Format : Version 2
function mpc = RTS_GMLC
mpc.version = '2';

%%-----  Power Flow Data  -----%%
%% system MVA base
mpc.baseMVA = 100.0;
%% bus data
%    bus_i    type    Pd    Qd    Gs    Bs    area    Vm    Va    baseKV    zone    Vmax    Vmin
mpc.bus = [
	101	2	78.42157347789474	15.974764967719299	0.0	0.0	1	1.0328623068198748	-1.8634457141753502	138.0	11	1.05	0.95				
	102	2	70.43419099403508	14.522513607017546	0.0	0.0	1	1.0328582944033788	-1.9175990365586983	138.0	12	1.05	0.95				
	103	1	130.7026224631579	26.86665017298246	0.0	0.0	1	1.0208005655303038	-2.4668823069295724	138.0	11	1.05	0.95				
	104	1	53.73330034596492	10.891885205263158	0.0	0.0	1	1.016665336203178	-4.742715831476288	138.0	11	1.05	0.95				
	105	1	51.55492330491228	10.165759524912282	0.0	0.0	1	1.0317777323806896	-4.770801556772383	138.0	11	1.05	0.95				
	106	1	98.7530925277193	20.331519049824564	0.0	-100.0	1	1.0369805302964614	-7.060083070628642	138.0	12	1.05	0.95				
	107	2	90.76571004385966	18.15314200877193	0.0	0.0	1	1.0469466226361779	-2.469094569345077	138.0	12	1.05	0.95				
	108	1	124.16749134	25.4143988122807	0.0	0.0	1	1.0243315826500095	-5.684359756919965	138.0	12	1.05	0.95				
	109	1	127.0719940614035	26.140524492631577	0.0	0.0	1	1.0266382961149867	-4.115580477448295	138.0	13	1.05	0.95				
	110	1	141.59450766842104	29.04502721403509	0.0	0.0	1	1.05	-5.426082396989981	138.0	13	1.05	0.95				
	111	1	0.0	0.0	0.0	0.0	1	1.0136498835557353	-1.4141957876531825	230.0	13	1.05	0.95				
	112	1	0.0	0.0	0.0	0.0	1	1.01583117448001	-0.4734855678580739	230.0	13	1.05	0.95				
	113	3	192.42330529298246	39.21078673894737	0.0	0.0	1	1.0137407709050525	-3.6352367874921864e-26	230.0	14	1.05	0.95				
	114	2	140.86838198807015	28.31890153368421	0.0	0.0	1	1.0162351968545917	0.7528364640535398	230.0	16	1.05	0.95				
	115	2	230.18184067122806	46.47204354245614	0.0	0.0	1	1.0450913603726883	8.458904030799085	230.0	16	1.05	0.95				
	116	2	72.61256803508772	14.522513607017546	0.0	0.0	1	1.0433045131614247	8.178763490107924	230.0	16	1.05	0.95				
	117	1	0.0	0.0	0.0	0.0	1	1.0471642434178345	11.04377452432842	230.0	17	1.05	0.95				
	118	2	241.79985155684213	49.37654626385965	0.0	0.0	1	1.0491804607912767	11.590748948256728	230.0	17	1.05	0.95				
	119	1	131.42874814350878	26.86665017298246	0.0	0.0	1	1.0379272419142247	7.140396402577084	230.0	15	1.05	0.95				
	120	1	92.94408708491228	18.87926768912281	0.0	0.0	1	1.0396372163147658	7.609052784224664	230.0	15	1.05	0.95				
	121	2	0.0	0.0	0.0	0.0	1	1.05	12.173205240778202	230.0	17	1.05	0.95				
	122	2	0.0	0.0	0.0	0.0	1	1.05	18.58179779714681	230.0	17	1.05	0.95				
	123	2	0.0	0.0	0.0	0.0	1	1.0426135243417212	8.401953200397466	230.0	15	1.05	0.95				
	124	1	0.0	0.0	0.0	0.0	1	1.0223169635638345	4.4201594578997	230.0	16	1.05	0.95				
	201	2	76.95828742736842	15.676688179649123	0.0	0.0	2	1.0389281767688747	-8.035736327777553	138.0	21	1.05	0.95				
	202	2	69.11994333754386	14.25153470877193	0.0	0.0	2	1.0388969555313414	-8.167119357275727	138.0	22	1.05	0.95				
	203	1	128.26381237894736	26.36533921122807	0.0	0.0	2	1.0279646330572205	-5.690018863337726	138.0	21	1.05	0.95				
	204	1	52.73067842245614	10.688651031578948	0.0	0.0	2	1.01944201480859	-10.077011987955935	138.0	21	1.05	0.95				
	205	1	50.59294821614034	9.976074296140352	0.0	0.0	2	1.0353359220237128	-10.391040729590127	138.0	21	1.05	0.95				
	206	1	96.91043601964913	19.952148592280704	0.0	-100.0	2	1.0391957551920348	-12.393029683249091	138.0	22	1.05	0.95				
	207	2	89.07209192982457	17.81441838596491	0.0	0.0	2	0.9681502385106249	-23.137108169922485	138.0	22	1.05	0.95				
	208	1	121.85062176	24.940185740350874	0.0	0.0	2	0.9714796203991691	-19.620467056831973	138.0	22	1.05	0.95				
	209	1	124.70092870175438	25.65276247578947	0.0	0.0	2	1.0258415002981116	-8.76653685414366	138.0	23	1.05	0.95				
	210	1	138.9524634105263	28.50306941754386	0.0	0.0	2	1.05	-10.548076325939714	138.0	23	1.05	0.95				
	211	1	0.0	0.0	0.0	0.0	2	1.0238424271481201	-4.163957921887535	230.0	23	1.05	0.95				
	212	1	0.0	0.0	0.0	0.0	2	1.019643359152449	-2.972007679903597	230.0	23	1.05	0.95				
	213	2	188.83283489122806	38.47914371368421	0.0	0.0	2	1.033477831992333	-0.737385193482677	230.0	24	1.05	0.95				
	214	2	138.23988667508772	27.79049268210526	0.0	0.0	2	1.0369349319942185	-1.7957239896374617	230.0	26	1.05	0.95				
	215	2	225.8868251340351	45.60491106807017	0.0	0.0	2	1.043924756348051	5.729894577516197	230.0	26	1.05	0.95				
	216	2	71.25767354385964	14.25153470877193	0.0	0.0	2	1.0470025924885034	5.916867036058643	230.0	26	1.05	0.95				
	217	1	0.0	0.0	0.0	0.0	2	1.0487513656664909	8.96697815598939	230.0	27	1.05	0.95				
	218	2	237.28805290105265	48.45521800982456	0.0	0.0	2	1.049999997071617	9.775659222303018	230.0	27	1.05	0.95				
	219	1	128.97638911438597	26.36533921122807	0.0	0.0	2	1.0433272071696134	5.518448197110254	230.0	25	1.05	0.95				
	220	1	91.20982213614035	18.52699512140351	0.0	0.0	2	1.0462460715049346	6.505837232300217	230.0	25	1.05	0.95				
	221	2	0.0	0.0	0.0	0.0	2	1.05	10.146631352149896	230.0	27	1.05	0.95				
	222	2	0.0	0.0	0.0	0.0	2	1.05	16.195620877396205	230.0	27	1.05	0.95				
	223	2	0.0	0.0	0.0	0.0	2	1.05	7.565038535563816	230.0	25	1.05	0.95				
	224	1	0.0	0.0	0.0	0.0	2	1.0236383050006232	1.473079113919673	230.0	26	1.05	0.95				
	301	2	68.77696930105263	14.010123376140351	0.0	0.0	3	1.0139416379036905	-18.024012001416825	138.0	31	1.05	0.95				
	302	2	61.77190761298246	12.736475796491229	0.0	0.0	3	1.0125651258582316	-18.381850432493916	138.0	32	1.05	0.95				
	303	1	114.62828216842107	23.56248022350877	0.0	0.0	3	1.0200084280056319	-12.631329706302955	138.0	31	1.05	0.95				
	304	1	47.12496044701754	9.552356847368422	0.0	0.0	3	1.0088016308967531	-17.252967835494207	138.0	31	1.05	0.95				
	305	1	45.21448907754386	8.915533057543861	0.0	0.0	3	1.0235517555433715	-17.866068003830215	138.0	31	1.05	0.95				
	306	1	86.60803541614037	17.831066115087722	0.0	-100.0	3	1.0354152870195557	-18.498632643094254	138.0	32	1.05	0.95				
	307	2	79.60297372807018	15.920594745614036	0.0	0.0	3	1.0047712197803074	-20.75907434391458	138.0	32	1.05	0.95				
	308	1	108.89686806	22.28883264385965	0.0	0.0	3	1.001135854629209	-20.198627777262523	138.0	32	1.05	0.95				
	309	1	111.44416321929826	22.92565643368421	0.0	0.0	3	1.02703215479171	-13.724689714389712	138.0	33	1.05	0.95				
	310	1	124.18063901578948	25.472951592982458	0.0	0.0	3	1.05	-15.666741466281726	138.0	33	1.05	0.95				
	311	1	0.0	0.0	0.0	0.0	3	1.0183155673531683	-8.735543813705995	230.0	33	1.05	0.95				
	312	1	0.0	0.0	0.0	0.0	3	1.0173522744665289	-7.8169174021739	230.0	33	1.05	0.95				
	313	2	168.75830430350877	34.388484650526316	0.0	0.0	3	1.0275062228886536	-4.4548659045149765	230.0	34	1.05	0.95				
	314	2	123.54381522596492	24.836127803157897	0.0	0.0	3	1.0281554834570794	-6.582590332615526	230.0	36	1.05	0.95				
	315	2	201.873141374386	40.75672254877193	0.0	0.0	3	1.0479537151958003	0.28574683313098126	230.0	36	1.05	0.95				
	316	2	63.68237898245614	12.736475796491229	0.0	0.0	3	1.0466166204415994	0.310025321645571	230.0	36	1.05	0.95				
	317	1	0.0	0.0	0.0	0.0	3	1.0482003004122993	2.5503400336290247	230.0	37	1.05	0.95				
	318	2	212.06232201157897	43.304017708070184	0.0	0.0	3	1.0481271611203602	2.797639325953989	230.0	37	1.05	0.95				
	319	1	115.26510595824561	23.56248022350877	0.0	0.0	3	1.0426469158030076	-0.3877502836069972	230.0	35	1.05	0.95				
	320	1	81.51344509754387	16.557418535438597	0.0	0.0	3	1.0444210257884365	0.20098361279430904	230.0	35	1.05	0.95				
	321	2	0.0	0.0	0.0	0.0	3	1.05	3.8762419772402	230.0	37	1.05	0.95				
	322	2	0.0	0.0	0.0	0.0	3	1.05	9.131309881611395	230.0	37	1.05	0.95				
	323	2	0.0	0.0	0.0	0.0	3	1.0470264736699042	0.9911316156844955	230.0	35	1.05	0.95				
	324	1	0.0	0.0	0.0	0.0	3	1.0211117762328172	-4.478528535918501	230.0	36	1.05	0.95				
	325	1	0.0	0.0	0.0	0.0	3	1.0446835389247733	1.918832719566115	230.0	35	1.05	0.95				
];
