%% MATPOWER Case Format : Version 2
function mpc = RTS_GMLC
mpc.version = '2';

%%-----  Power Flow Data  -----%%
%% system MVA base
mpc.baseMVA = 100.0;
%% bus data
%    bus_i    type    Pd    Qd    Gs    Bs    area    Vm    Va    baseKV    zone    Vmax    Vmin
mpc.bus = [
	101	2	71.8085106568421	14.627659578245614	0.0	0.0	1	1.043236543255702	0.5268250755330026	138.0	11	1.05	0.95				
	102	2	64.4946808677193	13.297872343859648	0.0	0.0	1	1.042611568466222	0.30024156261638496	138.0	12	1.05	0.95				
	103	1	119.68085109473685	24.601063836140348	0.0	0.0	1	1.0265996599926632	-1.2690561530769504	138.0	11	1.05	0.95				
	104	1	49.202127672280696	9.973404257894737	0.0	0.0	1	1.023578111408348	-3.1482886675003314	138.0	11	1.05	0.95				
	105	1	47.207446820701755	9.308510640701757	0.0	0.0	1	1.0371566417360278	-3.378720779202569	138.0	11	1.05	0.95				
	106	1	90.42553193824561	18.617021281403513	0.0	-100.0	1	1.0404620834258715	-6.217127496628824	138.0	12	1.05	0.95				
	107	2	83.1117021491228	16.62234042982456	0.0	0.0	1	1.0165905156435515	-9.522534026907953	138.0	12	1.05	0.95				
	108	1	113.69680853999999	23.271276601754384	0.0	0.0	1	1.0075583103554226	-9.562003844198301	138.0	12	1.05	0.95				
	109	1	116.35638300877193	23.936170218947368	0.0	0.0	1	1.0260872030937036	-4.055536344065657	138.0	13	1.05	0.95				
	110	1	129.65425535263157	26.595744687719296	0.0	0.0	1	1.05	-5.2916847847919035	138.0	13	1.05	0.95				
	111	1	0.0	0.0	0.0	0.0	1	1.0115804241428297	-1.427708800538906	230.0	13	1.05	0.95				
	112	1	0.0	0.0	0.0	0.0	1	1.015043952991243	-0.9198479818401568	230.0	13	1.05	0.95				
	113	3	176.19680855614035	35.90425532842105	0.0	0.0	1	1.0109674137909905	1.3709769189706658e-31	230.0	14	1.05	0.95				
	114	2	128.9893617354386	25.930851070526316	0.0	0.0	1	1.0126082515837633	0.6366324798571092	230.0	16	1.05	0.95				
	115	2	210.77127665017542	42.55319150035088	0.0	0.0	1	1.0437476724141772	8.141001776091757	230.0	16	1.05	0.95				
	116	2	66.48936171929824	13.297872343859648	0.0	0.0	1	1.0414946619626189	7.529923141984587	230.0	16	1.05	0.95				
	117	1	0.0	0.0	0.0	0.0	1	1.0444476555308417	10.668515749870615	230.0	17	1.05	0.95				
	118	2	221.40957452526317	45.212765969122806	0.0	0.0	1	1.0475382144519498	10.770420766531275	230.0	17	1.05	0.95				
	119	1	120.34574471192983	24.601063836140348	0.0	0.0	1	1.0347577465379336	5.906935946795853	230.0	15	1.05	0.95				
	120	1	85.10638300070175	17.287234047017545	0.0	0.0	1	1.0344597921090755	5.579783298866635	230.0	15	1.05	0.95				
	121	2	0.0	0.0	0.0	0.0	1	1.05	12.221342646259046	230.0	17	1.05	0.95				
	122	2	0.0	0.0	0.0	0.0	1	1.05	22.67927431840834	230.0	17	1.05	0.95				
	123	2	0.0	0.0	0.0	0.0	1	1.0358889826997126	5.897653048398094	230.0	15	1.05	0.95				
	124	1	0.0	0.0	0.0	0.0	1	1.0254974128242575	4.641730401684837	230.0	16	1.05	0.95				
	201	2	64.44640326315789	13.127971035087718	0.0	0.0	2	1.0308952423728375	-13.764625235622553	138.0	21	1.05	0.95				
	202	2	57.882417745614035	11.934519122807018	0.0	0.0	2	1.0312032211645714	-13.80714608921211	138.0	22	1.05	0.95				
	203	1	107.41067210526316	22.07886037719298	0.0	0.0	2	1.0211599627081513	-11.349847375135136	138.0	21	1.05	0.95				
	204	1	44.15772075438596	8.950889342105263	0.0	0.0	2	1.0171257280938286	-15.828999904218039	138.0	21	1.05	0.95				
	205	1	42.36754288596491	8.354163385964911	0.0	0.0	2	1.032762496768563	-16.173097513075	138.0	21	1.05	0.95				
	206	1	81.15473003508772	16.708326771929823	0.0	-100.0	2	1.0406271271127068	-18.083203270626353	138.0	22	1.05	0.95				
	207	2	74.59074451754387	14.91814890350877	0.0	0.0	2	0.9881506833667707	-27.000164489817376	138.0	22	1.05	0.95				
	208	1	102.0401385	20.885408464912278	0.0	0.0	2	0.9886340151888589	-24.13537173602988	138.0	22	1.05	0.95				
	209	1	104.4270423245614	21.482134421052628	0.0	0.0	2	1.023818630182643	-15.054864303524647	138.0	23	1.05	0.95				
	210	1	116.36156144736842	23.869038245614036	0.0	0.0	2	1.05	-16.72351678741773	138.0	23	1.05	0.95				
	211	1	0.0	0.0	0.0	0.0	2	1.0160596500128454	-11.509355141367855	230.0	23	1.05	0.95				
	212	1	0.0	0.0	0.0	0.0	2	1.0143626919528712	-10.797567543864064	230.0	23	1.05	0.95				
	213	2	158.13237837719296	32.223201631578945	0.0	0.0	2	1.015585128830979	-10.33908730978129	230.0	24	1.05	0.95				
	214	2	115.76483549122807	23.272312289473685	0.0	0.0	2	1.0268186847977643	-8.170929419374364	230.0	26	1.05	0.95				
	215	2	189.16212809649122	38.190461192982454	0.0	0.0	2	1.040174764032435	0.7019077195744056	230.0	26	1.05	0.95				
	216	2	59.67259561403508	11.934519122807018	0.0	0.0	2	1.0421451951042016	0.1740510115058901	230.0	26	1.05	0.95				
	217	1	0.0	0.0	0.0	0.0	2	1.0445019332995573	3.3861115740077294	230.0	27	1.05	0.95				
	218	2	198.70974339473685	40.57736501754386	0.0	0.0	2	1.0459612957281863	3.7847964028514003	230.0	27	1.05	0.95				
	219	1	108.00739806140352	22.07886037719298	0.0	0.0	2	1.0399268508291515	-0.8898413086566472	230.0	25	1.05	0.95				
	220	1	76.38092238596491	15.514874859649122	0.0	0.0	2	1.0428586860841833	-0.6867189840242032	230.0	25	1.05	0.95				
	221	2	0.0	0.0	0.0	0.0	2	1.045593839463931	3.5121307973352778	230.0	27	1.05	0.95				
	222	2	0.0	0.0	0.0	0.0	2	1.05	9.970616008301358	230.0	27	1.05	0.95				
	223	2	0.0	0.0	0.0	0.0	2	1.0458033152070416	-0.13623477324221947	230.0	25	1.05	0.95				
	224	1	0.0	0.0	0.0	0.0	2	1.0179650810891487	-3.778237089233837	230.0	26	1.05	0.95				
	301	2	59.17621005473684	12.054413159298246	0.0	0.0	3	1.0040024209340859	-11.767979151554748	138.0	31	1.05	0.95				
	302	2	53.14900347508772	10.95855741754386	0.0	0.0	3	1.0037197807854048	-11.849976415339244	138.0	32	1.05	0.95				
	303	1	98.62701675789474	20.27333122245614	0.0	0.0	3	1.0182673714268686	-7.3373889368589955	138.0	31	1.05	0.95				
	304	1	40.54666244491228	8.218918063157894	0.0	0.0	3	1.0055210643843864	-10.063597071093367	138.0	31	1.05	0.95				
	305	1	38.9028788322807	7.670990192280702	0.0	0.0	3	1.019050805483138	-10.301326407609599	138.0	31	1.05	0.95				
	306	1	74.51819043929825	15.341980384561404	0.0	-100.0	3	1.0356364415583108	-10.107225949940169	138.0	32	1.05	0.95				
	307	2	68.49098385964912	13.698196771929824	0.0	0.0	3	0.9934620326756216	-15.71384267207204	138.0	32	1.05	0.95				
	308	1	93.69566592	19.17747548070175	0.0	0.0	3	0.9974731453591799	-13.176877365661271	138.0	32	1.05	0.95				
	309	1	95.88737740350876	19.725403351578947	0.0	0.0	3	1.0256746336818796	-6.363367740851514	138.0	33	1.05	0.95				
	310	1	106.84593482105262	21.91711483508772	0.0	0.0	3	1.05	-7.080315822373069	138.0	33	1.05	0.95				
	311	1	0.0	0.0	0.0	0.0	3	1.0123531575763307	-0.8876677981596928	230.0	33	1.05	0.95				
	312	1	0.0	0.0	0.0	0.0	3	1.0158231226346586	0.11517821573105026	230.0	33	1.05	0.95				
	313	2	145.20088578245614	29.58810502736842	0.0	0.0	3	1.0250550013230824	4.91975608365739	230.0	34	1.05	0.95				
	314	2	106.29800695017543	21.369186964210527	0.0	0.0	3	1.0148068226809335	-0.1507359775635095	230.0	36	1.05	0.95				
	315	2	173.69313506807015	35.06738373614035	0.0	0.0	3	1.0329017414257728	-0.6913785041244183	230.0	36	1.05	0.95				
	316	2	54.7927870877193	10.95855741754386	0.0	0.0	3	1.032939157948172	0.5159107134794342	230.0	36	1.05	0.95				
	317	1	0.0	0.0	0.0	0.0	3	1.0391197132556025	1.1354165667706644	230.0	37	1.05	0.95				
	318	2	182.45998100210525	37.259095219649126	0.0	0.0	3	1.037103940462035	0.08015824276608312	230.0	37	1.05	0.95				
	319	1	99.17494462877194	20.27333122245614	0.0	0.0	3	1.031310661244172	1.859475216121714	230.0	35	1.05	0.95				
	320	1	70.1347674722807	14.246124642807018	0.0	0.0	3	1.0319619373616087	3.018771727388177	230.0	35	1.05	0.95				
	321	2	0.0	0.0	0.0	0.0	3	1.0375876104778197	0.3888254328335563	230.0	37	1.05	0.95				
	322	2	0.0	0.0	0.0	0.0	3	1.0499999959697224	4.993431747908172	230.0	37	1.05	0.95				
	323	2	0.0	0.0	0.0	0.0	3	1.0326995732658333	3.6618029651917134	230.0	35	1.05	0.95				
	324	1	0.0	0.0	0.0	0.0	3	1.0206069626107679	-1.7521295875657013	230.0	36	1.05	0.95				
	325	1	0.0	0.0	0.0	0.0	3	1.032634418665111	4.391801799757145	230.0	35	1.05	0.95				
];
