%% MATPOWER Case Format : Version 2
function mpc = RTS_GMLC
mpc.version = '2';

%%-----  Power Flow Data  -----%%
%% system MVA base
mpc.baseMVA = 100.0;
%% bus data
%    bus_i    type    Pd    Qd    Gs    Bs    area    Vm    Va    baseKV    zone    Vmax    Vmin
mpc.bus = [
	101	2	46.09104404210526	9.388916378947368	0.0	0.0	1	1.016580962017107	2.7129123360642904	138.0	11	1.05	0.95				
	102	2	41.396585852631574	8.53537852631579	0.0	0.0	1	1.0154925832063153	2.3878447223395316	138.0	12	1.05	0.95				
	103	1	76.8184067368421	15.79045027368421	0.0	0.0	1	1.0244791393528847	3.0317332079285038	138.0	11	1.05	0.95				
	104	1	31.58090054736842	6.401533894736841	0.0	0.0	1	1.0133189359308195	-0.8256236480690518	138.0	11	1.05	0.95				
	105	1	30.300593768421045	5.974764968421053	0.0	0.0	1	1.026944981242589	-0.7843597916411289	138.0	11	1.05	0.95				
	106	1	58.040573978947364	11.949529936842106	0.0	-100.0	1	1.040944272503194	-3.202423283469146	138.0	12	1.05	0.95				
	107	2	53.34611578947368	10.669223157894736	0.0	0.0	1	0.9851698064905483	-11.69050480862227	138.0	12	1.05	0.95				
	108	1	72.97748639999999	14.936912421052629	0.0	0.0	1	0.9936098053549648	-9.000711561295953	138.0	12	1.05	0.95				
	109	1	74.68456210526315	15.363681347368418	0.0	0.0	1	1.0246850207356486	-1.6676354019644257	138.0	13	1.05	0.95				
	110	1	83.21994063157894	17.07075705263158	0.0	0.0	1	1.05	-2.9178433636911776	138.0	13	1.05	0.95				
	111	1	0.0	0.0	0.0	0.0	1	1.0182094634694185	0.7284868907295511	230.0	13	1.05	0.95				
	112	1	0.0	0.0	0.0	0.0	1	1.0147829910708128	-0.48029796987729767	230.0	13	1.05	0.95				
	113	3	113.09376547368419	23.04552202105263	0.0	0.0	1	0.9997674384624511	-6.580660410423736e-30	230.0	14	1.05	0.95				
	114	2	82.79317170526315	16.64398812631579	0.0	0.0	1	1.042501855323463	4.304409450269876	230.0	16	1.05	0.95				
	115	2	135.28574964210526	27.313211284210524	0.0	0.0	1	1.0379168537693393	14.168031868260535	230.0	16	1.05	0.95				
	116	2	42.676892631578944	8.53537852631579	0.0	0.0	1	1.0377930990565571	12.13383627044542	230.0	16	1.05	0.95				
	117	1	0.0	0.0	0.0	0.0	1	1.036790830212961	18.463931251806137	230.0	17	1.05	0.95				
	118	2	142.1140524631579	29.020286989473682	0.0	0.0	1	1.0458045766960657	19.177281343649256	230.0	17	1.05	0.95				
	119	1	77.2451756631579	15.79045027368421	0.0	0.0	1	1.0335045709103678	7.473827280953383	230.0	15	1.05	0.95				
	120	1	54.62642256842105	11.095992084210526	0.0	0.0	1	1.037499399858398	4.245617720064293	230.0	15	1.05	0.95				
	121	2	0.0	0.0	0.0	0.0	1	1.0404244178641868	20.922044550126692	230.0	17	1.05	0.95				
	122	2	0.0	0.0	0.0	0.0	1	1.05	38.90648504433297	230.0	17	1.05	0.95				
	123	2	0.0	0.0	0.0	0.0	1	1.041069929209573	2.8003816346645944	230.0	15	1.05	0.95				
	124	1	0.0	0.0	0.0	0.0	1	1.019019633051822	10.007636582087109	230.0	16	1.05	0.95				
	201	2	49.741539423157896	10.132535808421052	0.0	0.0	2	1.0078323149766857	-19.400876759665802	138.0	21	1.05	0.95				
	202	2	44.67527151894737	9.211396189473685	0.0	0.0	2	1.007079041198635	-19.721903374310685	138.0	22	1.05	0.95				
	203	1	82.90256570526316	17.041082950526317	0.0	0.0	2	1.010044997046551	-14.029470579445382	138.0	21	1.05	0.95				
	204	1	34.08216590105263	6.908547142105263	0.0	0.0	2	1.0080435896379283	-19.162422324512455	138.0	21	1.05	0.95				
	205	1	32.70045647263158	6.44797733263158	0.0	0.0	2	1.0231435645356504	-19.73931766715205	138.0	21	1.05	0.95				
	206	1	62.63749408842105	12.89595466526316	0.0	-100.0	2	1.0393019916142179	-20.490358021125463	138.0	22	1.05	0.95				
	207	2	57.57122618421052	11.514245236842106	0.0	0.0	2	0.9905616877735224	-26.029264642035074	138.0	22	1.05	0.95				
	208	1	78.75743742	16.119943331578945	0.0	0.0	2	0.9960085710216575	-23.921039540783507	138.0	22	1.05	0.95				
	209	1	80.59971665789473	16.58051314105263	0.0	0.0	2	1.0227487329048695	-16.797172940927265	138.0	23	1.05	0.95				
	210	1	89.8111128473684	18.42279237894737	0.0	0.0	2	1.05	-18.59200643085473	138.0	23	1.05	0.95				
	211	1	0.0	0.0	0.0	0.0	2	1.0118479067552721	-13.369130465625899	230.0	23	1.05	0.95				
	212	1	0.0	0.0	0.0	0.0	2	1.0143758180924243	-12.455279311652157	230.0	23	1.05	0.95				
	213	2	122.05099951052631	24.870769711578948	0.0	0.0	2	1.0144919028150428	-11.760531803465007	230.0	24	1.05	0.95				
	214	2	89.35054303789474	17.962222569473685	0.0	0.0	2	1.0158617127104443	-10.412478308866946	230.0	26	1.05	0.95				
	215	2	146.0006296031579	29.47646780631579	0.0	0.0	2	1.0294679708820578	-3.092501580076162	230.0	26	1.05	0.95				
	216	2	46.05698094736842	9.211396189473685	0.0	0.0	2	1.0334081395389996	-3.4580242264497727	230.0	26	1.05	0.95				
	217	1	0.0	0.0	0.0	0.0	2	1.0368918094972683	-1.5214393925751968	230.0	27	1.05	0.95				
	218	2	153.36974655473685	31.318747044210525	0.0	0.0	2	1.0349558565586752	-2.1433700176016797	230.0	27	1.05	0.95				
	219	1	83.36313551473684	17.041082950526317	0.0	0.0	2	1.0380151791826795	-3.5497246966780023	230.0	25	1.05	0.95				
	220	1	58.95293561263158	11.97481504631579	0.0	0.0	2	1.045187552203734	-2.754018713623022	230.0	25	1.05	0.95				
	221	2	0.0	0.0	0.0	0.0	2	1.0356544139011334	-1.6554400034885277	230.0	27	1.05	0.95				
	222	2	0.0	0.0	0.0	0.0	2	1.05	4.89610361154771	230.0	27	1.05	0.95				
	223	2	0.0	0.0	0.0	0.0	2	1.05	-1.9829839453632296	230.0	25	1.05	0.95				
	224	1	0.0	0.0	0.0	0.0	2	1.0087014147913718	-7.153603491164709	230.0	26	1.05	0.95				
	301	2	62.23410314526316	12.67731730736842	0.0	0.0	3	1.0357556264640488	7.722657279370303	138.0	31	1.05	0.95				
	302	2	55.89544449157895	11.524833915789474	0.0	0.0	3	1.0312447948791301	7.376779694204594	138.0	32	1.05	0.95				
	303	1	103.72350524210528	21.320942744210527	0.0	0.0	3	1.05	24.905779888309876	138.0	31	1.05	0.95				
	304	1	42.64188548842105	8.643625436842104	0.0	0.0	3	1.01006240524342	9.507172320694616	138.0	31	1.05	0.95				
	305	1	40.91316040105263	8.067383741052634	0.0	0.0	3	1.030893025781771	6.552701281896882	138.0	31	1.05	0.95				
	306	1	78.36887062736842	16.134767482105268	0.0	-100.0	3	1.033923751945948	5.237814571006396	138.0	32	1.05	0.95				
	307	2	72.03021197368422	14.406042394736843	0.0	0.0	3	0.95	5.5429221926689145	138.0	32	1.05	0.95				
	308	1	98.53732998	20.16845935263158	0.0	0.0	3	0.9655132159479821	5.690916057876106	138.0	32	1.05	0.95				
	309	1	100.8422967631579	20.744701048421053	0.0	0.0	3	1.0130299423134113	13.68650382289993	138.0	33	1.05	0.95				
	310	1	112.36713067894738	23.049667831578947	0.0	0.0	3	1.039976742029619	7.202005509533786	138.0	33	1.05	0.95				
	311	1	0.0	0.0	0.0	0.0	3	0.9999900893946644	12.000169323903458	230.0	33	1.05	0.95				
	312	1	0.0	0.0	0.0	0.0	3	1.0046421721713426	12.537701457257267	230.0	33	1.05	0.95				
	313	2	152.70404938421052	31.11705157263158	0.0	0.0	3	1.000643903726939	14.151171419957981	230.0	34	1.05	0.95				
	314	2	111.7908889831579	22.473426135789477	0.0	0.0	3	0.9969157095126842	11.785985514309075	230.0	36	1.05	0.95				
	315	2	182.66861756526316	36.87946853052632	0.0	0.0	3	1.05	15.246529177003092	230.0	36	1.05	0.95				
	316	2	57.624169578947374	11.524833915789474	0.0	0.0	3	1.0378987046451398	14.965892950697276	230.0	36	1.05	0.95				
	317	1	0.0	0.0	0.0	0.0	3	1.05	19.400047947762726	230.0	37	1.05	0.95				
	318	2	191.88848469789474	39.18443531368421	0.0	0.0	3	1.044907163788513	16.017092083820746	230.0	37	1.05	0.95				
	319	1	104.29974693789474	21.320942744210527	0.0	0.0	3	1.024302206946294	13.769381546585825	230.0	35	1.05	0.95				
	320	1	73.75893706105263	14.982284090526319	0.0	0.0	3	1.0172919034375463	13.838371326675924	230.0	35	1.05	0.95				
	321	2	0.0	0.0	0.0	0.0	3	1.05	16.411648955616684	230.0	37	1.05	0.95				
	322	2	0.0	0.0	0.0	0.0	3	1.05	21.932594760107037	230.0	37	1.05	0.95				
	323	2	0.0	0.0	0.0	0.0	3	1.0147399939270603	14.328138084923879	230.0	35	1.05	0.95				
	324	1	0.0	0.0	0.0	0.0	3	1.0469464896384357	18.937771713965358	230.0	36	1.05	0.95				
	325	1	0.0	0.0	0.0	0.0	3	1.0160839083139326	14.902962848997337	230.0	35	1.05	0.95				
];
