%% MATPOWER Case Format : Version 2
function mpc = RTS_GMLC
mpc.version = '2';

%%-----  Power Flow Data  -----%%
%% system MVA base
mpc.baseMVA = 100.0;
%% bus data
%    bus_i    type    Pd    Qd    Gs    Bs    area    Vm    Va    baseKV    zone    Vmax    Vmin
mpc.bus = [
	101	2	40.96091042526316	8.343889160701755	0.0	0.0	1	1.0318653938737912	3.1707692262736518	138.0	11	1.05	0.95				
	102	2	36.78896584491228	7.58535378245614	0.0	0.0	1	1.0309549561036193	2.906322158764377	138.0	12	1.05	0.95				
	103	1	68.26818404210526	14.032904497543857	0.0	0.0	1	1.0307713425095173	1.68194512341182	138.0	11	1.05	0.95				
	104	1	28.065808995087714	5.689015336842105	0.0	0.0	1	1.021348165479083	-0.17272798179088739	138.0	11	1.05	0.95				
	105	1	26.928005927719294	5.309747647719298	0.0	0.0	1	1.0356508924976993	0.0406333115607862	138.0	11	1.05	0.95				
	106	1	51.58040572070176	10.619495295438597	0.0	-100.0	1	1.04627695882559	-2.145961399188624	138.0	12	1.05	0.95				
	107	2	47.40846114035088	9.481692228070175	0.0	0.0	1	1.0003290615344929	-7.960937790344425	138.0	12	1.05	0.95				
	108	1	64.85477483999999	13.274369119298242	0.0	0.0	1	1.0056604403062324	-6.41316176080145	138.0	12	1.05	0.95				
	109	1	66.37184559649123	13.653636808421052	0.0	0.0	1	1.024777460160603	-1.1465801468107046	138.0	13	1.05	0.95				
	110	1	73.95719937894737	15.17070756491228	0.0	0.0	1	1.05	-1.9307400153761096	138.0	13	1.05	0.95				
	111	1	0.0	0.0	0.0	0.0	1	1.002688075425492	0.3967416364730763	230.0	13	1.05	0.95				
	112	1	0.0	0.0	0.0	0.0	1	1.0079044139534798	0.48084570017231854	230.0	13	1.05	0.95				
	113	3	100.50593761754385	20.48045521263158	0.0	0.0	1	0.9930650483525509	6.601834272397356e-30	230.0	14	1.05	0.95				
	114	2	73.57793168982457	14.791439875789475	0.0	0.0	1	0.9998536776285674	2.8100228545340755	230.0	16	1.05	0.95				
	115	2	120.22785745192981	24.27313210385965	0.0	0.0	1	1.0395097509597355	8.94237056613514	230.0	16	1.05	0.95				
	116	2	37.9267689122807	7.58535378245614	0.0	0.0	1	1.0350103432734674	8.339744537116125	230.0	16	1.05	0.95				
	117	1	0.0	0.0	0.0	0.0	1	1.0423992254123298	10.707931900170953	230.0	17	1.05	0.95				
	118	2	126.29614047789472	25.79020286035088	0.0	0.0	1	1.0460740495896619	10.674439518130873	230.0	17	1.05	0.95				
	119	1	68.64745173122807	14.032904497543857	0.0	0.0	1	1.0277579700953492	6.853510180234621	230.0	15	1.05	0.95				
	120	1	48.5462642077193	9.860959917192982	0.0	0.0	1	1.0241236647000875	6.290369584454378	230.0	15	1.05	0.95				
	121	2	0.0	0.0	0.0	0.0	1	1.05	11.5140741263902	230.0	17	1.05	0.95				
	122	2	0.0	0.0	0.0	0.0	1	1.05	20.52520905480827	230.0	17	1.05	0.95				
	123	2	0.0	0.0	0.0	0.0	1	1.0224041812334381	6.275048337610903	230.0	15	1.05	0.95				
	124	1	0.0	0.0	0.0	0.0	1	1.0267801774580405	6.22338868079477	230.0	16	1.05	0.95				
	201	2	46.35857076631579	9.44341256350877	0.0	0.0	2	1.0257608732592836	-8.85931938243488	138.0	21	1.05	0.95				
	202	2	41.6368644845614	8.584920512280704	0.0	0.0	2	1.026767343207613	-8.672164138088226	138.0	22	1.05	0.95				
	203	1	77.26428461052632	15.882102947719298	0.0	0.0	2	1.0170530885716373	-7.845173596253612	138.0	21	1.05	0.95				
	204	1	31.764205895438597	6.438690384210526	0.0	0.0	2	1.0178180348522587	-10.412459252986642	138.0	21	1.05	0.95				
	205	1	30.476467818596486	6.009444358596492	0.0	0.0	2	1.0326155788141729	-10.70575167656978	138.0	21	1.05	0.95				
	206	1	58.37745948350877	12.018888717192985	0.0	-100.0	2	1.0445406676004336	-12.123148578189458	138.0	22	1.05	0.95				
	207	2	53.655753201754386	10.731150640350878	0.0	0.0	2	0.9916149008897832	-18.341004183826023	138.0	22	1.05	0.95				
	208	1	73.40107038	15.023610896491228	0.0	0.0	2	0.9979476682167818	-16.40198157858267	138.0	22	1.05	0.95				
	209	1	75.11805448245615	15.452856922105262	0.0	0.0	2	1.0226248641271598	-10.07262742138077	138.0	23	1.05	0.95				
	210	1	83.70297499473683	17.169841024561407	0.0	0.0	2	1.05	-11.200398384795053	138.0	23	1.05	0.95				
	211	1	0.0	0.0	0.0	0.0	2	1.005198085800117	-7.486583936547832	230.0	23	1.05	0.95				
	212	1	0.0	0.0	0.0	0.0	2	1.008768262202935	-6.919145384715121	230.0	23	1.05	0.95				
	213	2	113.75019678771929	23.179285383157897	0.0	0.0	2	0.9996138312479256	-6.554169425231332	230.0	24	1.05	0.95				
	214	2	83.2737289691228	16.74059499894737	0.0	0.0	2	1.005663387831543	-5.038212219737131	230.0	26	1.05	0.95				
	215	2	136.0709901196491	27.471745639298245	0.0	0.0	2	1.02330181804817	1.2424815708786976	230.0	26	1.05	0.95				
	216	2	42.92460256140351	8.584920512280704	0.0	0.0	2	1.0251502273240833	1.0189983653077923	230.0	26	1.05	0.95				
	217	1	0.0	0.0	0.0	0.0	2	1.0301996080367335	3.406173658588442	230.0	27	1.05	0.95				
	218	2	142.9389265294737	29.188729741754386	0.0	0.0	2	1.0304602335567672	3.2909510154767445	230.0	27	1.05	0.95				
	219	1	77.69353063614035	15.882102947719298	0.0	0.0	2	1.02559048972432	0.3202374794811319	230.0	25	1.05	0.95				
	220	1	54.94349127859649	11.160396665964912	0.0	0.0	2	1.0288919008295352	0.5529012563225371	230.0	25	1.05	0.95				
	221	2	0.0	0.0	0.0	0.0	2	1.0313441352752981	3.3957008409833462	230.0	27	1.05	0.95				
	222	2	0.0	0.0	0.0	0.0	2	1.05	9.893216953933326	230.0	27	1.05	0.95				
	223	2	0.0	0.0	0.0	0.0	2	1.031307156708096	1.0075718764197463	230.0	25	1.05	0.95				
	224	1	0.0	0.0	0.0	0.0	2	1.009729061110047	-2.1739163146349583	230.0	26	1.05	0.95				
	301	2	51.454602985263165	10.481493200701756	0.0	0.0	3	1.0109054204393275	-20.085148558349427	138.0	31	1.05	0.95				
	302	2	46.21385638491228	9.528630182456142	0.0	0.0	3	1.0100018956766972	-20.32070210536549	138.0	32	1.05	0.95				
	303	1	85.75767164210527	17.62796583754386	0.0	0.0	3	1.0403291433161714	-10.495786072716456	138.0	31	1.05	0.95				
	304	1	35.25593167508772	7.146472636842106	0.0	0.0	3	1.010600228603458	-19.055924908427585	138.0	31	1.05	0.95				
	305	1	33.8266371477193	6.6700411277192995	0.0	0.0	3	1.0244431711230644	-20.181660959337716	138.0	31	1.05	0.95				
	306	1	64.79468524070177	13.340082255438599	0.0	-100.0	3	1.0395659957428234	-20.79615577413109	138.0	32	1.05	0.95				
	307	2	59.55393864035088	11.910787728070177	0.0	0.0	3	0.991403450173651	-26.033944310035878	138.0	32	1.05	0.95				
	308	1	81.46978806	16.675102819298246	0.0	0.0	3	0.9965119737474075	-23.847736849004196	138.0	32	1.05	0.95				
	309	1	83.37551409649124	17.151534328421054	0.0	0.0	3	1.0261973882791082	-16.0689879772547	138.0	33	1.05	0.95				
	310	1	92.90414427894737	19.057260364912285	0.0	0.0	3	1.05	-18.74551394130179	138.0	33	1.05	0.95				
	311	1	0.0	0.0	0.0	0.0	3	1.0104732983547013	-13.198269934762992	230.0	33	1.05	0.95				
	312	1	0.0	0.0	0.0	0.0	3	1.0140407514617964	-12.432065712543457	230.0	33	1.05	0.95				
	313	2	126.25434991754388	25.727301492631582	0.0	0.0	3	1.0134963066473759	-9.72858894935012	230.0	34	1.05	0.95				
	314	2	92.42771276982457	18.580828855789477	0.0	0.0	3	1.0112769443528078	-11.944054663705732	230.0	36	1.05	0.95				
	315	2	151.02878839192982	30.491616583859653	0.0	0.0	3	1.0352824695848293	-7.9643162047084	230.0	36	1.05	0.95				
	316	2	47.64315091228071	9.528630182456142	0.0	0.0	3	1.0344758143569937	-7.305244839780998	230.0	36	1.05	0.95				
	317	1	0.0	0.0	0.0	0.0	3	1.0380627407080314	-6.333288786515373	230.0	37	1.05	0.95				
	318	2	158.65169253789475	32.397342620350884	0.0	0.0	3	1.0364917336859059	-6.489532414964637	230.0	37	1.05	0.95				
	319	1	86.23410315122808	17.62796583754386	0.0	0.0	3	1.0321963646944035	-7.662772641533053	230.0	35	1.05	0.95				
	320	1	60.983233167719305	12.387219237192983	0.0	0.0	3	1.0336060136396996	-7.056349379017631	230.0	35	1.05	0.95				
	321	2	0.0	0.0	0.0	0.0	3	1.0380082721272874	-6.45595861522374	230.0	37	1.05	0.95				
	322	2	0.0	0.0	0.0	0.0	3	1.0499999915552116	-2.0972822104107967	230.0	37	1.05	0.95				
	323	2	0.0	0.0	0.0	0.0	3	1.0352937719374595	-6.363542725353434	230.0	35	1.05	0.95				
	324	1	0.0	0.0	0.0	0.0	3	1.0317051765038743	-8.924491412423306	230.0	36	1.05	0.95				
	325	1	0.0	0.0	0.0	0.0	3	1.030425456329338	-4.879111296528503	230.0	35	1.05	0.95				
];
