%% MATPOWER Case Format : Version 2
function mpc = RTS_GMLC
mpc.version = '2';

%%-----  Power Flow Data  -----%%
%% system MVA base
mpc.baseMVA = 100.0;
%% bus data
%    bus_i    type    Pd    Qd    Gs    Bs    area    Vm    Va    baseKV    zone    Vmax    Vmin
mpc.bus = [
	101	2	75.95002474105263	15.47130133614035	0.0	0.0	1	1.0321782081113784	-1.1345164542440194	138.0	11	1.05	0.95				
	102	2	68.21437407298245	14.06481939649123	0.0	0.0	1	1.0321859838259166	-1.1896773955143995	138.0	12	1.05	0.95				
	103	1	126.58337456842106	26.01991588350877	0.0	0.0	1	1.0213620997566522	-1.834223917515629	138.0	11	1.05	0.95				
	104	1	52.03983176701754	10.548614547368421	0.0	0.0	1	1.016720816879089	-4.123386410959849	138.0	11	1.05	0.95				
	105	1	49.93010885754386	9.84537357754386	0.0	0.0	1	1.0316796094126182	-4.1359249292255535	138.0	11	1.05	0.95				
	106	1	95.64077189614036	19.69074715508772	0.0	-100.0	1	1.0374258514349264	-6.457212662085661	138.0	12	1.05	0.95				
	107	2	87.90512122807017	17.581024245614035	0.0	0.0	1	1.0476210759858635	-2.536016605564764	138.0	12	1.05	0.95				
	108	1	120.25420584	24.613433943859647	0.0	0.0	1	1.0254847987661837	-5.457163084388592	138.0	12	1.05	0.95				
	109	1	123.06716971929825	25.31667491368421	0.0	0.0	1	1.0265372886852622	-3.6757246977751654	138.0	13	1.05	0.95				
	110	1	137.13198911578948	28.12963879298246	0.0	0.0	1	1.05	-4.956515213722773	138.0	13	1.05	0.95				
	111	1	0.0	0.0	0.0	0.0	1	1.0125329169046884	-1.1107685271787109	230.0	13	1.05	0.95				
	112	1	0.0	0.0	0.0	0.0	1	1.0152186767035254	-0.2638527716801961	230.0	13	1.05	0.95				
	113	3	186.35885700350877	37.975012370526315	0.0	0.0	1	1.011664979492271	-4.656759482795945e-28	230.0	14	1.05	0.95				
	114	2	136.4287481459649	27.426397823157895	0.0	0.0	1	1.014431410205391	1.1821245928242705	230.0	16	1.05	0.95				
	115	2	222.92738743438596	45.00742206877193	0.0	0.0	1	1.044736349127476	8.953823822652543	230.0	16	1.05	0.95				
	116	2	70.32409698245614	14.06481939649123	0.0	0.0	1	1.0428676015014682	8.632030129081885	230.0	16	1.05	0.95				
	117	1	0.0	0.0	0.0	0.0	1	1.0469567498378995	11.542796427758793	230.0	17	1.05	0.95				
	118	2	234.17924295157894	47.82038594807018	0.0	0.0	1	1.04917228908592	12.083001805096323	230.0	17	1.05	0.95				
	119	1	127.28661553824563	26.01991588350877	0.0	0.0	1	1.0374239224371953	7.472833424718196	230.0	15	1.05	0.95				
	120	1	90.01484413754386	18.284265215438598	0.0	0.0	1	1.0388466309580004	7.794569243488743	230.0	15	1.05	0.95				
	121	2	0.0	0.0	0.0	0.0	1	1.05	12.608230640520057	230.0	17	1.05	0.95				
	122	2	0.0	0.0	0.0	0.0	1	1.05	19.310553590267904	230.0	17	1.05	0.95				
	123	2	0.0	0.0	0.0	0.0	1	1.0415137851709242	8.491479393489376	230.0	15	1.05	0.95				
	124	1	0.0	0.0	0.0	0.0	1	1.0224823863237948	4.962827798070217	230.0	16	1.05	0.95				
	201	2	79.81426098947368	16.258460571929824	0.0	0.0	2	1.0405462344508938	-9.809411724822294	138.0	21	1.05	0.95				
	202	2	71.68503070350877	14.780418701754385	0.0	0.0	2	1.0405416947279857	-9.95724363912228	138.0	22	1.05	0.95				
	203	1	133.02376831578948	27.343774598245613	0.0	0.0	2	1.02689492756144	-6.76695390832733	138.0	21	1.05	0.95				
	204	1	54.687549196491226	11.085314026315789	0.0	0.0	2	1.0194166128818192	-11.781484045929512	138.0	21	1.05	0.95				
	205	1	52.470486391228064	10.34629309122807	0.0	0.0	2	1.0358067324394717	-12.16186469086536	138.0	21	1.05	0.95				
	206	1	100.50684717192983	20.69258618245614	0.0	-100.0	2	1.0388265411517272	-14.188917695248483	138.0	22	1.05	0.95				
	207	2	92.37761688596491	18.47552337719298	0.0	0.0	2	0.9615964650787695	-25.32282790658096	138.0	22	1.05	0.95				
	208	1	126.37257989999999	25.865732728070174	0.0	0.0	2	0.966073286356588	-21.644381093312496	138.0	22	1.05	0.95				
	209	1	129.32866364035087	26.604753663157894	0.0	0.0	2	1.0254074318863542	-10.296043390436628	138.0	23	1.05	0.95				
	210	1	144.10908234210524	29.56083740350877	0.0	0.0	2	1.05	-12.23802188633354	138.0	23	1.05	0.95				
	211	1	0.0	0.0	0.0	0.0	2	1.026900492857422	-5.553607825898886	230.0	23	1.05	0.95				
	212	1	0.0	0.0	0.0	0.0	2	1.0207053391165917	-4.365003817894553	230.0	23	1.05	0.95				
	213	2	195.8405477982456	39.90713049473684	0.0	0.0	2	1.0382698247498239	-2.133201501135193	230.0	24	1.05	0.95				
	214	2	143.37006140701754	28.82181646842105	0.0	0.0	2	1.0426612369525419	-3.0121504377545802	230.0	26	1.05	0.95				
	215	2	234.269636422807	47.29733984561403	0.0	0.0	2	1.0440218311220275	5.091790470534001	230.0	26	1.05	0.95				
	216	2	73.90209350877193	14.780418701754385	0.0	0.0	2	1.0479370784574586	5.132774499604566	230.0	26	1.05	0.95				
	217	1	0.0	0.0	0.0	0.0	2	1.0488676140332642	8.336968536979127	230.0	27	1.05	0.95				
	218	2	246.09397138421053	50.25342358596492	0.0	0.0	2	1.0499999961677202	9.097814740130593	230.0	27	1.05	0.95				
	219	1	133.76278925087718	27.343774598245613	0.0	0.0	2	1.0436148299571333	4.627832249529674	230.0	25	1.05	0.95				
	220	1	94.59467969122807	19.2145443122807	0.0	0.0	2	1.0462796298101595	5.570593447648108	230.0	25	1.05	0.95				
	221	2	0.0	0.0	0.0	0.0	2	1.05	9.484186723268763	230.0	27	1.05	0.95				
	222	2	0.0	0.0	0.0	0.0	2	1.05	15.545934296261299	230.0	27	1.05	0.95				
	223	2	0.0	0.0	0.0	0.0	2	1.05	6.624470796096371	230.0	25	1.05	0.95				
	224	1	0.0	0.0	0.0	0.0	2	1.0227188048408438	0.6755508218770224	230.0	26	1.05	0.95				
	301	2	64.38658653473685	13.115786145964915	0.0	0.0	3	1.0111794924992408	-18.018176134802474	138.0	31	1.05	0.95				
	302	2	57.82869346175439	11.923441950877194	0.0	0.0	3	1.0101276770189946	-18.2781953787845	138.0	32	1.05	0.95				
	303	1	107.31097755789474	22.058367609122808	0.0	0.0	3	1.021202818067356	-12.008912500715981	138.0	31	1.05	0.95				
	304	1	44.116735218245616	8.942581463157895	0.0	0.0	3	1.0083677064883911	-16.827588800185776	138.0	31	1.05	0.95				
	305	1	42.32821892561404	8.346409365614036	0.0	0.0	3	1.0226132316292305	-17.558339965379307	138.0	31	1.05	0.95				
	306	1	81.07940526596492	16.692818731228073	0.0	-100.0	3	1.0360024643578598	-17.97525252414221	138.0	32	1.05	0.95				
	307	2	74.52151219298247	14.904302438596492	0.0	0.0	3	1.0060702378515676	-19.472378148676686	138.0	32	1.05	0.95				
	308	1	101.94542868	20.866023414035087	0.0	0.0	3	1.003473440636908	-19.11789273261249	138.0	32	1.05	0.95				
	309	1	104.33011707017545	21.462195511578948	0.0	0.0	3	1.0270239452649266	-13.205122373226908	138.0	33	1.05	0.95				
	310	1	116.25355902105264	23.84688390175439	0.0	0.0	3	1.05	-15.185110316287668	138.0	33	1.05	0.95				
	311	1	0.0	0.0	0.0	0.0	3	1.0162950917527362	-8.41392838979851	230.0	33	1.05	0.95				
	312	1	0.0	0.0	0.0	0.0	3	1.015981540562756	-7.7124809518562145	230.0	33	1.05	0.95				
	313	2	157.98560584912283	32.193293267368425	0.0	0.0	3	1.0233636576996437	-4.320022716150651	230.0	34	1.05	0.95				
	314	2	115.65738692350878	23.25071180421053	0.0	0.0	3	1.0251275594062295	-6.240494682230943	230.0	36	1.05	0.95				
	315	2	188.98655492140352	38.15501424280702	0.0	0.0	3	1.0470330659872933	0.48565251973648105	230.0	36	1.05	0.95				
	316	2	59.61720975438597	11.923441950877194	0.0	0.0	3	1.0451446804154072	0.42450182449621565	230.0	36	1.05	0.95				
	317	1	0.0	0.0	0.0	0.0	3	1.0474010443562565	2.5532086257664988	230.0	37	1.05	0.95				
	318	2	198.5253084821053	40.53970263298246	0.0	0.0	3	1.0477778880768283	2.827623710650792	230.0	37	1.05	0.95				
	319	1	107.90714965543862	22.058367609122808	0.0	0.0	3	1.0401800537672719	-0.5871653743664828	230.0	35	1.05	0.95				
	320	1	76.31002848561404	15.500474536140352	0.0	0.0	3	1.0407011286712151	-0.3427266669310377	230.0	35	1.05	0.95				
	321	2	0.0	0.0	0.0	0.0	3	1.05	3.959065363209906	230.0	37	1.05	0.95				
	322	2	0.0	0.0	0.0	0.0	3	1.05	9.18243940847585	230.0	37	1.05	0.95				
	323	2	0.0	0.0	0.0	0.0	3	1.0423348736206297	0.23361004488442	230.0	35	1.05	0.95				
	324	1	0.0	0.0	0.0	0.0	3	1.0215815122102139	-4.130857851760421	230.0	36	1.05	0.95				
	325	1	0.0	0.0	0.0	0.0	3	1.0398355955186949	1.2646796674403658	230.0	35	1.05	0.95				
];
