%% MATPOWER Case Format : Version 2
function mpc = RTS_GMLC
mpc.version = '2';

%%-----  Power Flow Data  -----%%
%% system MVA base
mpc.baseMVA = 100.0;
%% bus data
%    bus_i    type    Pd    Qd    Gs    Bs    area    Vm    Va    baseKV    zone    Vmax    Vmin
mpc.bus = [
	101	2	35.76397822863158	7.2852548243508775	0.0	0.0	1	1.0263968969198565	1.8757190508989026	138.0	11	1.05	0.95				
	102	2	32.12135081645614	6.62295893122807	0.0	0.0	1	1.0245676231013918	1.390193377018265	138.0	12	1.05	0.95				
	103	1	59.606630381052625	12.25247402277193	0.0	0.0	1	1.03167977972274	1.7595773509174273	138.0	11	1.05	0.95				
	104	1	24.50494804554386	4.967219198421052	0.0	0.0	1	1.019590137652449	-0.9289062177923659	138.0	11	1.05	0.95				
	105	1	23.511504205859648	4.63607125185965	0.0	0.0	1	1.0338259405048402	-0.7746612328273653	138.0	11	1.05	0.95				
	106	1	45.03612073235088	9.2721425037193	0.0	-100.0	1	1.0464585391023329	-2.7127736320435196	138.0	12	1.05	0.95				
	107	2	41.39349332017544	8.278698664035087	0.0	0.0	1	1.0013032108920146	-8.29023622596126	138.0	12	1.05	0.95				
	108	1	56.626298862	11.590178129649122	0.0	0.0	1	1.0076032528347938	-6.613003627426123	138.0	12	1.05	0.95				
	109	1	57.95089064824561	11.921326076210526	0.0	0.0	1	1.02452065893525	-1.4554997421505735	138.0	13	1.05	0.95				
	110	1	64.57384957947369	13.24591786245614	0.0	0.0	1	1.05	-2.3926844207444993	138.0	13	1.05	0.95				
	111	1	0.0	0.0	0.0	0.0	1	1.0015354811414532	0.29805964705200927	230.0	13	1.05	0.95				
	112	1	0.0	0.0	0.0	0.0	1	1.0060383596310087	-0.4081517766538516	230.0	13	1.05	0.95				
	113	3	87.75420583877192	17.88198911431579	0.0	0.0	1	0.9903277046778564	-2.118378322025315e-29	230.0	14	1.05	0.95				
	114	2	64.24270163291229	12.914769915894736	0.0	0.0	1	0.9999045395413545	2.922713940652143	230.0	16	1.05	0.95				
	115	2	104.97389905996491	21.193468579929824	0.0	0.0	1	1.0399445280162392	9.713547720821408	230.0	16	1.05	0.95				
	116	2	33.11479465614035	6.62295893122807	0.0	0.0	1	1.0339933614964152	8.449435094168434	230.0	16	1.05	0.95				
	117	1	0.0	0.0	0.0	0.0	1	1.040689679519183	12.796885696022118	230.0	17	1.05	0.95				
	118	2	110.27226620494737	22.51806036617544	0.0	0.0	1	1.0478640490399938	13.174965369859823	230.0	17	1.05	0.95				
	119	1	59.93777832761403	12.25247402277193	0.0	0.0	1	1.0218535295899371	5.419865106978402	230.0	15	1.05	0.95				
	120	1	42.38693715985965	8.609846610596492	0.0	0.0	1	1.0151142527308785	3.3970771851195543	230.0	15	1.05	0.95				
	121	2	0.0	0.0	0.0	0.0	1	1.05	14.316630700372695	230.0	17	1.05	0.95				
	122	2	0.0	0.0	0.0	0.0	1	1.05	27.496222481879148	230.0	17	1.05	0.95				
	123	2	0.0	0.0	0.0	0.0	1	1.0117637464054465	2.538232369170365	230.0	15	1.05	0.95				
	124	1	0.0	0.0	0.0	0.0	1	1.026675769669736	6.731395993235661	230.0	16	1.05	0.95				
	201	2	38.79364081263158	7.9024083136842105	0.0	0.0	2	1.0147235248260997	-12.786344603730157	138.0	21	1.05	0.95				
	202	2	34.84243665578947	7.184007557894738	0.0	0.0	2	1.0138332439291422	-13.0660426517652	138.0	22	1.05	0.95				
	203	1	64.65606802105263	13.290413982105264	0.0	0.0	2	1.01523937264899	-9.101060001200757	138.0	21	1.05	0.95				
	204	1	26.580827964210528	5.388005668421052	0.0	0.0	2	1.013127666376995	-12.815616608697258	138.0	21	1.05	0.95				
	205	1	25.503226830526316	5.028805290526316	0.0	0.0	2	1.0281314775742696	-13.216873085982472	138.0	21	1.05	0.95				
	206	1	48.851251393684215	10.057610581052632	0.0	-100.0	2	1.0438627230626498	-13.92979676525656	138.0	22	1.05	0.95				
	207	2	44.900047236842106	8.980009447368422	0.0	0.0	2	0.9971642651491727	-18.161260683593447	138.0	22	1.05	0.95				
	208	1	61.423264620000005	12.57201322631579	0.0	0.0	2	1.0039004182375484	-16.580708077481678	138.0	22	1.05	0.95				
	209	1	62.860066131578954	12.931213604210527	0.0	0.0	2	1.022355370458991	-11.115791723603778	138.0	23	1.05	0.95				
	210	1	70.04407368947369	14.368015115789476	0.0	0.0	2	1.05	-12.489595428821817	138.0	23	1.05	0.95				
	211	1	0.0	0.0	0.0	0.0	2	1.0031447314584756	-8.44578333355408	230.0	23	1.05	0.95				
	212	1	0.0	0.0	0.0	0.0	2	1.005737564705214	-7.788582628735336	230.0	23	1.05	0.95				
	213	2	95.18810014210526	19.39682040631579	0.0	0.0	2	0.9973630769124594	-7.205614657581181	230.0	24	1.05	0.95				
	214	2	69.68487331157894	14.008814737894737	0.0	0.0	2	1.0025357900991343	-6.034887121897121	230.0	26	1.05	0.95				
	215	2	113.86651979263158	22.98882418526316	0.0	0.0	2	1.0169640761514438	-0.1993275396542832	230.0	26	1.05	0.95				
	216	2	35.92003778947369	7.184007557894738	0.0	0.0	2	1.0181516664774144	-0.4374729449682237	230.0	26	1.05	0.95				
	217	1	0.0	0.0	0.0	0.0	2	1.0226077491299683	1.0433848580904883	230.0	27	1.05	0.95				
	218	2	119.61372583894739	24.425625696842108	0.0	0.0	2	1.0220621590425647	0.6787666395719264	230.0	27	1.05	0.95				
	219	1	65.01526839894737	13.290413982105264	0.0	0.0	2	1.0186927062124786	-0.63105322096196	230.0	25	1.05	0.95				
	220	1	45.97764837052632	9.33920982526316	0.0	0.0	2	1.0212448662903573	-0.08541019977267146	230.0	25	1.05	0.95				
	221	2	0.0	0.0	0.0	0.0	2	1.0239560608600353	1.1898099012733465	230.0	27	1.05	0.95				
	222	2	0.0	0.0	0.0	0.0	2	1.045869802395408	7.674647594080441	230.0	27	1.05	0.95				
	223	2	0.0	0.0	0.0	0.0	2	1.0230200269072134	0.4936993493113036	230.0	25	1.05	0.95				
	224	1	0.0	0.0	0.0	0.0	2	1.0053622034652199	-3.561495833399594	230.0	26	1.05	0.95				
	301	2	43.169250240000004	8.79373616	0.0	0.0	3	1.0110617549945622	-8.726378946065996	138.0	31	1.05	0.95				
	302	2	38.77238216	7.9943056000000015	0.0	0.0	3	1.0108649767924534	-8.93857748365418	138.0	32	1.05	0.95				
	303	1	71.94875040000001	14.789465360000001	0.0	0.0	3	1.0384136885507742	-0.29323194184299484	138.0	31	1.05	0.95				
	304	1	29.578930720000002	5.9957291999999995	0.0	0.0	3	1.0125694880424418	-7.842628795306948	138.0	31	1.05	0.95				
	305	1	28.37978488	5.596013920000001	0.0	0.0	3	1.0256614137308462	-8.982191459346547	138.0	31	1.05	0.95				
	306	1	54.361278080000005	11.192027840000002	0.0	-100.0	3	1.0419920806607095	-9.61673591138234	138.0	32	1.05	0.95				
	307	2	49.96441	9.992882	0.0	0.0	3	0.9912093242223008	-13.70786240520193	138.0	32	1.05	0.95				
	308	1	68.35131288000001	13.990034799999998	0.0	0.0	3	0.9995509836007203	-11.942046807566111	138.0	32	1.05	0.95				
	309	1	69.950174	14.389750079999999	0.0	0.0	3	1.0259018651754732	-5.302811126185175	138.0	33	1.05	0.95				
	310	1	77.9444796	15.988611200000003	0.0	0.0	3	1.05	-7.94881936937001	138.0	33	1.05	0.95				
	311	1	0.0	0.0	0.0	0.0	3	1.0052698664257032	-3.454722211428584	230.0	33	1.05	0.95				
	312	1	0.0	0.0	0.0	0.0	3	1.0114368674650567	-2.740728045427133	230.0	33	1.05	0.95				
	313	2	105.9245492	21.584625120000002	0.0	0.0	3	1.0087763594362247	-0.2288784337206371	230.0	34	1.05	0.95				
	314	2	77.54476432	15.58889592	0.0	0.0	3	0.9971937865459427	-2.97660128043564	230.0	36	1.05	0.95				
	315	2	126.70974376	25.581777919999997	0.0	0.0	3	1.0260566607385928	-0.011750099691920942	230.0	36	1.05	0.95				
	316	2	39.971528	7.9943056000000015	0.0	0.0	3	1.0233023006224609	0.07565395428811836	230.0	36	1.05	0.95				
	317	1	0.0	0.0	0.0	0.0	3	1.032551577470052	2.6647131546113867	230.0	37	1.05	0.95				
	318	2	133.10518824	27.180639040000003	0.0	0.0	3	1.0301610167541175	1.5665784716688185	230.0	37	1.05	0.95				
	319	1	72.34846568	14.789465360000001	0.0	0.0	3	1.0198764850185857	-0.030895818760167375	230.0	35	1.05	0.95				
	320	1	51.163555839999994	10.39259728	0.0	0.0	3	1.019466721996041	0.6676937783943406	230.0	35	1.05	0.95				
	321	2	0.0	0.0	0.0	0.0	3	1.0310070680072667	1.6159687861465786	230.0	37	1.05	0.95				
	322	2	0.0	0.0	0.0	0.0	3	1.045193967007618	6.374099745519595	230.0	37	1.05	0.95				
	323	2	0.0	0.0	0.0	0.0	3	1.0198624182851614	1.365218307623551	230.0	35	1.05	0.95				
	324	1	0.0	0.0	0.0	0.0	3	1.0265767490975286	-0.12455716861600936	230.0	36	1.05	0.95				
	325	1	0.0	0.0	0.0	0.0	3	1.0189608378140658	2.4768532007974575	230.0	35	1.05	0.95				
];
