%% MATPOWER Case Format : Version 2
function mpc = RTS_GMLC
mpc.version = '2';

%%-----  Power Flow Data  -----%%
%% system MVA base
mpc.baseMVA = 100.0;
%% bus data
%    bus_i    type    Pd    Qd    Gs    Bs    area    Vm    Va    baseKV    zone    Vmax    Vmin
mpc.bus = [
	101	2	38.556160332631585	7.854032660350878	0.0	0.0	1	0.9852443812460466	-5.4014411595061835	138.0	11	1.05	0.95				
	102	2	34.629144002456144	7.140029691228071	0.0	0.0	1	0.9852506841100275	-5.594658912057551	138.0	12	1.05	0.95				
	103	1	64.26026722105263	13.209054928771929	0.0	0.0	1	1.0158978949805268	1.9164797685668191	138.0	11	1.05	0.95				
	104	1	26.418109857543858	5.3550222684210524	0.0	0.0	1	1.0010369420146137	-4.853775904471135	138.0	11	1.05	0.95				
	105	1	25.34710540385965	4.9980207838596495	0.0	0.0	1	1.0130616295937165	-5.715614241569751	138.0	11	1.05	0.95				
	106	1	48.55220190035088	9.996041567719299	0.0	-100.0	1	1.036929315452315	-6.346352243298814	138.0	12	1.05	0.95				
	107	2	44.62518557017544	8.925037114035089	0.0	0.0	1	0.9875947932857015	-11.291851104667888	138.0	12	1.05	0.95				
	108	1	61.04725386	12.495051959649123	0.0	0.0	1	0.9981660840368859	-9.212924478418003	138.0	12	1.05	0.95				
	109	1	62.47525979824562	12.852053444210526	0.0	0.0	1	1.0241689273545334	-2.768034676173494	138.0	13	1.05	0.95				
	110	1	69.61528948947368	14.280059382456143	0.0	0.0	1	1.05	-4.855295807883712	138.0	13	1.05	0.95				
	111	1	0.0	0.0	0.0	0.0	1	1.0196362318349064	0.5267121222228986	230.0	13	1.05	0.95				
	112	1	0.0	0.0	0.0	0.0	1	1.0149286663969435	-1.010578946447401	230.0	13	1.05	0.95				
	113	3	94.60539340877193	19.278080166315792	0.0	0.0	1	1.0021815413816904	1.7279029862448074e-28	230.0	14	1.05	0.95				
	114	2	69.25828800491229	13.923057897894738	0.0	0.0	1	1.049999993362297	5.175216664814138	230.0	16	1.05	0.95				
	115	2	113.16947060596492	22.848095011929825	0.0	0.0	1	1.0349883252163388	16.504606372323998	230.0	16	1.05	0.95				
	116	2	35.700148456140354	7.140029691228071	0.0	0.0	1	1.0364085277279043	14.185440084943847	230.0	16	1.05	0.95				
	117	1	0.0	0.0	0.0	0.0	1	1.0350895580890942	21.128969699084852	230.0	17	1.05	0.95				
	118	2	118.88149435894736	24.27610095017544	0.0	0.0	1	1.0449500840021233	22.11614513179497	230.0	17	1.05	0.95				
	119	1	64.61726870561404	13.209054928771929	0.0	0.0	1	1.0340913220559993	9.0228856885346	230.0	15	1.05	0.95				
	120	1	45.69619002385965	9.282038598596491	0.0	0.0	1	1.0403204878378673	5.243508024529133	230.0	15	1.05	0.95				
	121	2	0.0	0.0	0.0	0.0	1	1.039420301940025	23.96033670110349	230.0	17	1.05	0.95				
	122	2	0.0	0.0	0.0	0.0	1	1.05	41.95269501855311	230.0	17	1.05	0.95				
	123	2	0.0	0.0	0.0	0.0	1	1.0452460434955397	3.451052265538943	230.0	15	1.05	0.95				
	124	1	0.0	0.0	0.0	0.0	1	1.0091985712122222	11.079010174773842	230.0	16	1.05	0.95				
	201	2	42.465606783157895	8.650401381754385	0.0	0.0	2	1.0064582669025273	-17.509971009842538	138.0	21	1.05	0.95				
	202	2	38.1404060922807	7.864001256140352	0.0	0.0	2	1.0056623126738768	-17.81529169631225	138.0	22	1.05	0.95				
	203	1	70.77601130526315	14.54840232385965	0.0	0.0	2	1.012469752301594	-13.047947869668748	138.0	21	1.05	0.95				
	204	1	29.0968046477193	5.898000942105262	0.0	0.0	2	1.008965535411768	-17.529820013930014	138.0	21	1.05	0.95				
	205	1	27.917204459298244	5.504800879298246	0.0	0.0	2	1.0234219345399582	-18.009023455293388	138.0	21	1.05	0.95				
	206	1	53.475208541754384	11.009601758596492	0.0	-100.0	2	1.040882347930812	-18.79022197107889	138.0	22	1.05	0.95				
	207	2	49.150007850877195	9.830001570175439	0.0	0.0	2	0.9895310152394684	-23.411410014687593	138.0	22	1.05	0.95				
	208	1	67.23721074	13.762002198245613	0.0	0.0	2	0.9982454250750512	-21.676769272478335	138.0	22	1.05	0.95				
	209	1	68.81001099122807	14.15520226105263	0.0	0.0	2	1.0228367900581303	-15.66069220687082	138.0	23	1.05	0.95				
	210	1	76.67401224736842	15.728002512280703	0.0	0.0	2	1.05	-17.23426336732333	138.0	23	1.05	0.95				
	211	1	0.0	0.0	0.0	0.0	2	1.0072878862845829	-12.804639969619963	230.0	23	1.05	0.95				
	212	1	0.0	0.0	0.0	0.0	2	1.0138603500876642	-12.171320541108008	230.0	23	1.05	0.95				
	213	2	104.19801664385963	21.232803391578948	0.0	0.0	2	1.0065229382406373	-11.566582510423395	230.0	24	1.05	0.95				
	214	2	76.2808121845614	15.334802449473683	0.0	0.0	2	1.0072137537891068	-10.146578614400445	230.0	26	1.05	0.95				
	215	2	124.64441990982455	25.16480401964912	0.0	0.0	2	1.0280901496791297	-3.2726899959930584	230.0	26	1.05	0.95				
	216	2	39.320006280701755	7.864001256140352	0.0	0.0	2	1.0311231435616903	-4.089556655091529	230.0	26	1.05	0.95				
	217	1	0.0	0.0	0.0	0.0	2	1.0362650976775574	-1.6562285867981408	230.0	27	1.05	0.95				
	218	2	130.93562091473683	26.737604270877192	0.0	0.0	2	1.0347393830511367	-2.1719340056598635	230.0	27	1.05	0.95				
	219	1	71.16921136807018	14.54840232385965	0.0	0.0	2	1.0374221011462097	-4.529268448732921	230.0	25	1.05	0.95				
	220	1	50.32960803929824	10.223201632982457	0.0	0.0	2	1.0452702391658841	-4.156430667902392	230.0	25	1.05	0.95				
	221	2	0.0	0.0	0.0	0.0	2	1.0351047566497522	-1.7382768068470273	230.0	27	1.05	0.95				
	222	2	0.0	0.0	0.0	0.0	2	1.05	4.792236274782724	230.0	27	1.05	0.95				
	223	2	0.0	0.0	0.0	0.0	2	1.05	-3.6641343005328455	230.0	25	1.05	0.95				
	224	1	0.0	0.0	0.0	0.0	2	1.0101673070644865	-6.913585019808288	230.0	26	1.05	0.95				
	301	2	43.169250240000004	8.79373616	0.0	0.0	3	1.0252450086242177	19.664694604052574	138.0	31	1.05	0.95				
	302	2	38.77238216	7.9943056000000015	0.0	0.0	3	1.0232062818760468	19.321364432051073	138.0	32	1.05	0.95				
	303	1	71.94875040000001	14.789465360000001	0.0	0.0	3	1.05	34.65430647248684	138.0	31	1.05	0.95				
	304	1	29.578930720000002	5.9957291999999995	0.0	0.0	3	1.0143526480044585	20.65500859299518	138.0	31	1.05	0.95				
	305	1	28.37978488	5.596013920000001	0.0	0.0	3	1.0317793691486525	17.952314624322764	138.0	31	1.05	0.95				
	306	1	54.361278080000005	11.192027840000002	0.0	-100.0	3	1.0430795147074183	16.49954708149636	138.0	32	1.05	0.95				
	307	2	49.96441	9.992882	0.0	0.0	3	0.95	13.564787093448947	138.0	32	1.05	0.95				
	308	1	68.35131288000001	13.990034799999998	0.0	0.0	3	0.9733235178278012	15.229742130318964	138.0	32	1.05	0.95				
	309	1	69.950174	14.389750079999999	0.0	0.0	3	1.0192583068664975	23.41496098050758	138.0	33	1.05	0.95				
	310	1	77.9444796	15.988611200000003	0.0	0.0	3	1.047945103990363	17.501823619791384	138.0	33	1.05	0.95				
	311	1	0.0	0.0	0.0	0.0	3	1.007291218830048	20.599757305056134	230.0	33	1.05	0.95				
	312	1	0.0	0.0	0.0	0.0	3	1.0130304708033662	20.93130562330666	230.0	33	1.05	0.95				
	313	2	105.9245492	21.584625120000002	0.0	0.0	3	1.0080451467446532	21.45232140525898	230.0	34	1.05	0.95				
	314	2	77.54476432	15.58889592	0.0	0.0	3	1.0008336106635345	20.09519690329463	230.0	36	1.05	0.95				
	315	2	126.70974376	25.581777919999997	0.0	0.0	3	1.0470037805242502	22.151227875876643	230.0	36	1.05	0.95				
	316	2	39.971528	7.9943056000000015	0.0	0.0	3	1.0302360401803223	21.772007656423046	230.0	36	1.05	0.95				
	317	1	0.0	0.0	0.0	0.0	3	1.05	24.68451211266139	230.0	37	1.05	0.95				
	318	2	133.10518824	27.180639040000003	0.0	0.0	3	1.05	21.326504249964533	230.0	37	1.05	0.95				
	319	1	72.34846568	14.789465360000001	0.0	0.0	3	1.0232564512294497	20.870382464351895	230.0	35	1.05	0.95				
	320	1	51.163555839999994	10.39259728	0.0	0.0	3	1.019835918366423	20.866761883356386	230.0	35	1.05	0.95				
	321	2	0.0	0.0	0.0	0.0	3	1.05	22.25936754986854	230.0	37	1.05	0.95				
	322	2	0.0	0.0	0.0	0.0	3	1.05	27.559333055714966	230.0	37	1.05	0.95				
	323	2	0.0	0.0	0.0	0.0	3	1.018393041784089	21.178924251854717	230.0	35	1.05	0.95				
	324	1	0.0	0.0	0.0	0.0	3	1.0440757493815906	26.929270879111478	230.0	36	1.05	0.95				
	325	1	0.0	0.0	0.0	0.0	3	1.0204380419653893	21.42660132620581	230.0	35	1.05	0.95				
];

%% generator data
%    bus    Pg    Qg    Qmax    Qmin    Vg    mBase    status    Pmax    Pmin    Pc1    Pc2    Qc1min    Qc1max    Qc2min    Qc2max    ramp_agc    ramp_10    ramp_30    ramp_q    apf
