%% MATPOWER Case Format : Version 2
function mpc = RTS_GMLC
mpc.version = '2';

%%-----  Power Flow Data  -----%%
%% system MVA base
mpc.baseMVA = 100.0;
%% bus data
%    bus_i    type    Pd    Qd    Gs    Bs    area    Vm    Va    baseKV    zone    Vmax    Vmin
mpc.bus = [
	101	2	49.00346363368421	9.982187036491228	0.0	0.0	1	1.0485782471302085	4.253569238020151	138.0	11	1.05	0.95				
	102	2	44.01237011543859	9.074715487719299	0.0	0.0	1	1.0475146514208649	3.934231119379121	138.0	12	1.05	0.95				
	103	1	81.67243938947368	16.788223652280703	0.0	0.0	1	1.0310500565596694	0.772388854597627	138.0	11	1.05	0.95				
	104	1	33.576447304561405	6.806036615789473	0.0	0.0	1	1.028780556176997	0.04310085701286692	138.0	11	1.05	0.95				
	105	1	32.215239981403506	6.352300841403509	0.0	0.0	1	1.0421406370816577	-0.004137689642914366	138.0	11	1.05	0.95				
	106	1	61.708065316491236	12.704601682807018	0.0	-100.0	1	1.0472598171267526	-2.899205268300179	138.0	12	1.05	0.95				
	107	2	56.716971798245616	11.343394359649123	0.0	0.0	1	0.9994806793290768	-10.639799926408026	138.0	12	1.05	0.95				
	108	1	77.58881742	15.880752103508772	0.0	0.0	1	1.0020308495405912	-8.63414377566268	138.0	12	1.05	0.95				
	109	1	79.40376051754386	16.334487877894734	0.0	0.0	1	1.0245747637228524	-2.236952138921176	138.0	13	1.05	0.95				
	110	1	88.47847600526315	18.149430975438598	0.0	0.0	1	1.05	-2.967015164042494	138.0	13	1.05	0.95				
	111	1	0.0	0.0	0.0	0.0	1	1.003493907494797	-0.6331915175123425	230.0	13	1.05	0.95				
	112	1	0.0	0.0	0.0	0.0	1	1.0088159110052561	-0.7237702582963474	230.0	13	1.05	0.95				
	113	3	120.2399802122807	24.501731816842106	0.0	0.0	1	0.9967145707761053	9.041097451965863e-29	230.0	14	1.05	0.95				
	114	2	88.02474023087719	17.695695201052633	0.0	0.0	1	0.9987487331289583	0.9122759814849235	230.0	16	1.05	0.95				
	115	2	143.83424048035087	29.039089560701754	0.0	0.0	1	1.0349583950327876	6.477561323667925	230.0	16	1.05	0.95				
	116	2	45.37357743859649	9.074715487719299	0.0	0.0	1	1.0308251425234485	5.753486668897884	230.0	16	1.05	0.95				
	117	1	0.0	0.0	0.0	0.0	1	1.0383762960052376	8.79714557471867	230.0	17	1.05	0.95				
	118	2	151.0940128705263	30.854032658245618	0.0	0.0	1	1.0419582689422204	9.172548746766182	230.0	17	1.05	0.95				
	119	1	82.12617516385964	16.788223652280703	0.0	0.0	1	1.0217490605404023	3.7221084394441313	230.0	15	1.05	0.95				
	120	1	58.07817912140351	11.797130134035088	0.0	0.0	1	1.01742759057011	2.625472711118864	230.0	15	1.05	0.95				
	121	2	0.0	0.0	0.0	0.0	1	1.0451293669277728	10.416759017983024	230.0	17	1.05	0.95				
	122	2	0.0	0.0	0.0	0.0	1	1.05	18.208017617334967	230.0	17	1.05	0.95				
	123	2	0.0	0.0	0.0	0.0	1	1.015727886644333	2.3748639511747256	230.0	15	1.05	0.95				
	124	1	0.0	0.0	0.0	0.0	1	1.025553080793184	4.332431149201833	230.0	16	1.05	0.95				
	201	2	48.993546353684216	9.980166849824561	0.0	0.0	2	1.0230846474683428	-12.759204026398326	138.0	21	1.05	0.95				
	202	2	44.003462928771924	9.072878954385965	0.0	0.0	2	1.0235869045690194	-12.69922967202868	138.0	22	1.05	0.95				
	203	1	81.65591058947368	16.784826065614034	0.0	0.0	2	1.0155645538664786	-10.66526056320162	138.0	21	1.05	0.95				
	204	1	33.56965213122807	6.8046592157894725	0.0	0.0	2	1.016014442509662	-13.740401087443033	138.0	21	1.05	0.95				
	205	1	32.20872028807017	6.351015268070176	0.0	0.0	2	1.031044965218728	-14.107220718957178	138.0	21	1.05	0.95				
	206	1	61.695576889824565	12.702030536140352	0.0	-100.0	2	1.0433091662819356	-15.304638082207887	138.0	22	1.05	0.95				
	207	2	56.70549346491228	11.341098692982456	0.0	0.0	2	0.9934620657167853	-21.58099093324408	138.0	22	1.05	0.95				
	208	1	77.57311505999999	15.877538170175438	0.0	0.0	2	0.9980036520399411	-19.50260079369329	138.0	22	1.05	0.95				
	209	1	79.38769085087719	16.331182117894734	0.0	0.0	2	1.0227274187542224	-12.722264162442325	138.0	23	1.05	0.95				
	210	1	88.46056980526316	18.14575790877193	0.0	0.0	2	1.05	-14.015689153986209	138.0	23	1.05	0.95				
	211	1	0.0	0.0	0.0	0.0	2	1.0067755945316412	-9.87047044965673	230.0	23	1.05	0.95				
	212	1	0.0	0.0	0.0	0.0	2	1.0088483698386113	-8.717343084196159	230.0	23	1.05	0.95				
	213	2	120.21564614561402	24.496773176842108	0.0	0.0	2	1.0030500155423487	-8.47458941461565	230.0	24	1.05	0.95				
	214	2	88.00692585754385	17.69211396105263	0.0	0.0	2	1.0082432531882892	-7.49258641120517	230.0	26	1.05	0.95				
	215	2	143.80513142701753	29.033212654035083	0.0	0.0	2	1.0229715199313465	-0.8721494816456298	230.0	26	1.05	0.95				
	216	2	45.364394771929824	9.072878954385965	0.0	0.0	2	1.0238053486153793	-1.340904265072223	230.0	26	1.05	0.95				
	217	1	0.0	0.0	0.0	0.0	2	1.0274353751606573	0.15732661608123352	230.0	27	1.05	0.95				
	218	2	151.0634345905263	30.847788444912283	0.0	0.0	2	1.026760803450017	-0.32344950391132493	230.0	27	1.05	0.95				
	219	1	82.10955453719299	16.784826065614034	0.0	0.0	2	1.023851142588061	-1.511709907823311	230.0	25	1.05	0.95				
	220	1	58.066425308070166	11.794742640701754	0.0	0.0	2	1.0270769799749755	-0.7723800240288399	230.0	25	1.05	0.95				
	221	2	0.0	0.0	0.0	0.0	2	1.0289623866715498	0.294647611632297	230.0	27	1.05	0.95				
	222	2	0.0	0.0	0.0	0.0	2	1.0499999763480512	6.731493338121585	230.0	27	1.05	0.95				
	223	2	0.0	0.0	0.0	0.0	2	1.0297242627551146	-0.021120137153609223	230.0	25	1.05	0.95				
	224	1	0.0	0.0	0.0	0.0	2	1.0081610343816472	-4.550351106291446	230.0	26	1.05	0.95				
	301	2	56.92122746526317	11.595064854035089	0.0	0.0	3	1.0071059421634903	-9.629084051592613	138.0	31	1.05	0.95				
	302	2	51.12369503824562	10.540968049122808	0.0	0.0	3	1.0065610026755734	-9.768885136801291	138.0	32	1.05	0.95				
	303	1	94.86871244210528	19.50079089087719	0.0	0.0	3	1.027191861122709	-3.3745171509224052	138.0	31	1.05	0.95				
	304	1	39.00158178175438	7.905726036842105	0.0	0.0	3	1.0075932545050252	-8.212607297508415	138.0	31	1.05	0.95				
	305	1	37.42043657438596	7.378677634385966	0.0	0.0	3	1.0213071867368264	-8.672351323365598	138.0	31	1.05	0.95				
	306	1	71.6785827340351	14.757355268771931	0.0	-100.0	3	1.0371077040625198	-8.74427826521927	138.0	32	1.05	0.95				
	307	2	65.88105030701755	13.17621006140351	0.0	0.0	3	0.9943194203302134	-14.02522351905439	138.0	32	1.05	0.95				
	308	1	90.12527682	18.446694085964914	0.0	0.0	3	0.9987934078873132	-11.600326061898649	138.0	32	1.05	0.95				
	309	1	92.23347042982456	18.973742488421053	0.0	0.0	3	1.0259373080751013	-4.783432564282213	138.0	33	1.05	0.95				
	310	1	102.77443847894736	21.081936098245617	0.0	0.0	3	1.05	-6.0238958023721025	138.0	33	1.05	0.95				
	311	1	0.0	0.0	0.0	0.0	3	1.0099373444948319	-0.3363771673131034	230.0	33	1.05	0.95				
	312	1	0.0	0.0	0.0	0.0	3	1.0138984561606297	0.48359807607972033	230.0	33	1.05	0.95				
	313	2	139.6678266508772	28.460613732631586	0.0	0.0	3	1.0186871089543617	4.820165142803817	230.0	34	1.05	0.95				
	314	2	102.24739007649124	20.554887695789475	0.0	0.0	3	1.0096952777705444	0.2651243148588431	230.0	36	1.05	0.95				
	315	2	167.07434357859648	33.731097757192984	0.0	0.0	3	1.026692604645583	-0.3324663051129008	230.0	36	1.05	0.95				
	316	2	52.70484024561404	10.540968049122808	0.0	0.0	3	1.0256198913054506	0.33199727325983763	230.0	36	1.05	0.95				
	317	1	0.0	0.0	0.0	0.0	3	1.0327131511494798	1.6609598958581997	230.0	37	1.05	0.95				
	318	2	175.50711801789475	35.83929136701755	0.0	0.0	3	1.0302168596886807	0.5570477372594234	230.0	37	1.05	0.95				
	319	1	95.39576084456141	19.50079089087719	0.0	0.0	3	1.0244662986050452	1.701481053002105	230.0	35	1.05	0.95				
	320	1	67.46219551438597	13.70325846385965	0.0	0.0	3	1.025042834771292	2.7322326494048728	230.0	35	1.05	0.95				
	321	2	0.0	0.0	0.0	0.0	3	1.0311736673385274	0.8341442372076822	230.0	37	1.05	0.95				
	322	2	0.0	0.0	0.0	0.0	3	1.0451760665790277	5.505743297595473	230.0	37	1.05	0.95				
	323	2	0.0	0.0	0.0	0.0	3	1.0257265905434878	3.335183761458031	230.0	35	1.05	0.95				
	324	1	0.0	0.0	0.0	0.0	3	1.0230996692627452	-0.06888744751166012	230.0	36	1.05	0.95				
	325	1	0.0	0.0	0.0	0.0	3	1.0263790324589872	3.9442285491424918	230.0	35	1.05	0.95				
];
