%% MATPOWER Case Format : Version 2
function mpc = RTS_GMLC
mpc.version = '2';

%%-----  Power Flow Data  -----%%
%% system MVA base
mpc.baseMVA = 100.0;
%% bus data
%    bus_i    type    Pd    Qd    Gs    Bs    area    Vm    Va    baseKV    zone    Vmax    Vmin
mpc.bus = [
	101	2	52.63730825684211	10.72241464491228	0.0	0.0	1	1.0384571865604373	1.5221626849087917	138.0	11	1.05	0.95				
	102	2	47.276100934385966	9.747649677192983	0.0	0.0	1	1.036085676853162	0.8803025642104026	138.0	12	1.05	0.95				
	103	1	87.72884709473685	18.033151902807017	0.0	0.0	1	1.032621028994203	0.8945372858606034	138.0	11	1.05	0.95				
	104	1	36.066303805614034	7.310737257894736	0.0	0.0	1	1.0247820503556577	-1.696800221115295	138.0	11	1.05	0.95				
	105	1	34.604156354035084	6.823354774035089	0.0	0.0	1	1.0372506601571037	-2.0725003746290964	138.0	11	1.05	0.95				
	106	1	66.28401780491228	13.646709548070177	0.0	-100.0	1	1.0443145399468885	-4.694950747707237	138.0	12	1.05	0.95				
	107	2	60.92281048245615	12.184562096491229	0.0	0.0	1	0.9989242587693182	-11.561552525685439	138.0	12	1.05	0.95				
	108	1	83.34240474	17.058386935087718	0.0	0.0	1	1.0008460761272748	-9.683465522117167	138.0	12	1.05	0.95				
	109	1	85.29193467543861	17.54576941894737	0.0	0.0	1	1.0252138100702828	-2.9263603669379723	138.0	13	1.05	0.95				
	110	1	95.03958435263159	19.495299354385967	0.0	0.0	1	1.05	-4.203554546086189	138.0	13	1.05	0.95				
	111	1	0.0	0.0	0.0	0.0	1	1.0071260668071649	-0.7223250714171127	230.0	13	1.05	0.95				
	112	1	0.0	0.0	0.0	0.0	1	1.0105615355159814	-1.2398878766379386	230.0	13	1.05	0.95				
	113	3	129.15635822280703	26.318654128421056	0.0	0.0	1	1.0009801896834714	6.210379940412261e-29	230.0	14	1.05	0.95				
	114	2	94.55220186877193	19.007916870526316	0.0	0.0	1	1.0078094107271958	1.5949905083358473	230.0	16	1.05	0.95				
	115	2	154.5002473835088	31.192478967017546	0.0	0.0	1	1.042654651426679	9.219441537872049	230.0	16	1.05	0.95				
	116	2	48.738248385964916	9.747649677192983	0.0	0.0	1	1.0366195500367594	7.7349358029374455	230.0	16	1.05	0.95				
	117	1	0.0	0.0	0.0	0.0	1	1.0425333681918654	12.298815189170309	230.0	17	1.05	0.95				
	118	2	162.29836712526318	33.14200890245614	0.0	0.0	1	1.0484521141220053	13.130288060860837	230.0	17	1.05	0.95				
	119	1	88.21622957859651	18.033151902807017	0.0	0.0	1	1.0251619259901066	4.647542200808777	230.0	15	1.05	0.95				
	120	1	62.38495793403509	12.671944580350877	0.0	0.0	1	1.0202653097896515	2.595698493220704	230.0	15	1.05	0.95				
	121	2	0.0	0.0	0.0	0.0	1	1.05	14.885577008927465	230.0	17	1.05	0.95				
	122	2	0.0	0.0	0.0	0.0	1	1.05	24.449195434141735	230.0	17	1.05	0.95				
	123	2	0.0	0.0	0.0	0.0	1	1.0186290387866233	1.8389980634125986	230.0	15	1.05	0.95				
	124	1	0.0	0.0	0.0	0.0	1	1.028298770851727	6.1032249463378845	230.0	16	1.05	0.95				
	201	2	44.62458680842105	9.090193609122807	0.0	0.0	2	1.010972758554404	-14.583663806433382	138.0	21	1.05	0.95				
	202	2	40.07949000385965	8.263812371929824	0.0	0.0	2	1.0100711892089005	-14.860927914623366	138.0	22	1.05	0.95				
	203	1	74.37431134736842	15.288052888070174	0.0	0.0	2	1.0154941855526147	-10.822205324555895	138.0	21	1.05	0.95				
	204	1	30.57610577614035	6.197859278947368	0.0	0.0	2	1.0109758716146648	-14.38823950208125	138.0	21	1.05	0.95				
	205	1	29.33653392035087	5.784668660350877	0.0	0.0	2	1.0254187107074453	-14.814451212291964	138.0	21	1.05	0.95				
	206	1	56.193924129122806	11.569337320701754	0.0	-100.0	2	1.0414136390616124	-15.461606222542448	138.0	22	1.05	0.95				
	207	2	51.648827324561395	10.32976546491228	0.0	0.0	2	0.9928890300977915	-20.383240720133944	138.0	22	1.05	0.95				
	208	1	70.65559577999998	14.461671650877191	0.0	0.0	2	0.9995747761800609	-18.531605299785785	138.0	22	1.05	0.95				
	209	1	72.30835825438596	14.874862269473683	0.0	0.0	2	1.0237116104000459	-12.290710083155444	138.0	23	1.05	0.95				
	210	1	80.57217062631578	16.527624743859647	0.0	0.0	2	1.05	-13.713277776370793	138.0	23	1.05	0.95				
	211	1	0.0	0.0	0.0	0.0	2	1.0074724207184436	-9.052761599259352	230.0	23	1.05	0.95				
	212	1	0.0	0.0	0.0	0.0	2	1.010170468934694	-7.962800143624285	230.0	23	1.05	0.95				
	213	2	109.49551392807015	22.312293404210525	0.0	0.0	2	1.0060557330531386	-7.257720511300418	230.0	24	1.05	0.95				
	214	2	80.1589800077193	16.11443412526316	0.0	0.0	2	1.0087185635504883	-6.576374303310121	230.0	26	1.05	0.95				
	215	2	130.98142609508773	26.444199590175437	0.0	0.0	2	1.025814987870194	-0.546674668949574	230.0	26	1.05	0.95				
	216	2	41.31906185964912	8.263812371929824	0.0	0.0	2	1.0276642945907402	-0.589675516274414	230.0	26	1.05	0.95				
	217	1	0.0	0.0	0.0	0.0	2	1.0304428657601472	0.6252639564264129	230.0	27	1.05	0.95				
	218	2	137.5924759926316	28.096962064561403	0.0	0.0	2	1.0294992880076788	0.1851722582698644	230.0	27	1.05	0.95				
	219	1	74.7875019659649	15.288052888070174	0.0	0.0	2	1.0310169109353322	-0.0547720216790251	230.0	25	1.05	0.95				
	220	1	52.88839918035087	10.742956083508771	0.0	0.0	2	1.03673691379792	1.2035281479105224	230.0	25	1.05	0.95				
	221	2	0.0	0.0	0.0	0.0	2	1.0314179502515666	0.7390929256033201	230.0	27	1.05	0.95				
	222	2	0.0	0.0	0.0	0.0	2	1.05	7.1879304197162215	230.0	27	1.05	0.95				
	223	2	0.0	0.0	0.0	0.0	2	1.0407547396141623	2.199465717849914	230.0	25	1.05	0.95				
	224	1	0.0	0.0	0.0	0.0	2	1.0093074328223584	-4.395506869616449	230.0	26	1.05	0.95				
	301	2	56.49414741473685	11.508067065964912	0.0	0.0	3	1.005591585649864	5.716805972003119	138.0	31	1.05	0.95				
	302	2	50.74011388175439	10.461879150877195	0.0	0.0	3	1.0050731365455248	5.596765716508138	138.0	32	1.05	0.95				
	303	1	94.15691235789474	19.35447642912281	0.0	0.0	3	1.0263527814877675	11.506923547905608	138.0	31	1.05	0.95				
	304	1	38.70895285824562	7.846409363157895	0.0	0.0	3	1.007380620899572	7.266841183477668	138.0	31	1.05	0.95				
	305	1	37.13967098561404	7.323315405614037	0.0	0.0	3	1.0205741768927725	6.701749780330016	138.0	31	1.05	0.95				
	306	1	71.14077822596492	14.646630811228073	0.0	-100.0	3	1.0368550476484315	6.651614654957154	138.0	32	1.05	0.95				
	307	2	65.38674469298246	13.077348938596492	0.0	0.0	3	0.9908206784637256	0.5269731142699932	138.0	32	1.05	0.95				
	308	1	89.44906674	18.308288514035088	0.0	0.0	3	0.9943653560045967	2.9668794782914727	138.0	32	1.05	0.95				
	309	1	91.54144257017545	18.831382471578948	0.0	0.0	3	1.0267576596812766	10.76722191793841	138.0	33	1.05	0.95				
	310	1	102.00332172105264	20.92375830175439	0.0	0.0	3	1.05	9.365318078493594	138.0	33	1.05	0.95				
	311	1	0.0	0.0	0.0	0.0	3	1.010699090627824	15.298194962760228	230.0	33	1.05	0.95				
	312	1	0.0	0.0	0.0	0.0	3	1.0143051604189577	15.290871853959358	230.0	33	1.05	0.95				
	313	2	138.61989874912283	28.247073707368425	0.0	0.0	3	1.014742419772513	19.073210361362488	230.0	34	1.05	0.95				
	314	2	101.48022776350878	20.40066434421053	0.0	0.0	3	1.014246004570136	17.284813252197246	230.0	36	1.05	0.95				
	315	2	165.82078454140353	33.47801328280702	0.0	0.0	3	1.0377051489774938	17.371747568221	230.0	36	1.05	0.95				
	316	2	52.30939575438597	10.461879150877195	0.0	0.0	3	1.0357083289972004	18.039829896062358	230.0	36	1.05	0.95				
	317	1	0.0	0.0	0.0	0.0	3	1.05	21.567799361203996	230.0	37	1.05	0.95				
	318	2	174.1902878621053	35.57038911298246	0.0	0.0	3	1.046894395534152	18.416584320363018	230.0	37	1.05	0.95				
	319	1	94.6800063154386	19.35447642912281	0.0	0.0	3	1.031186505558744	17.954046079640264	230.0	35	1.05	0.95				
	320	1	66.95602656561404	13.600442896140352	0.0	0.0	3	1.0277222094750627	17.360776055125736	230.0	35	1.05	0.95				
	321	2	0.0	0.0	0.0	0.0	3	1.0447453273006824	18.731096547840117	230.0	37	1.05	0.95				
	322	2	0.0	0.0	0.0	0.0	3	1.05	24.186194550464553	230.0	37	1.05	0.95				
	323	2	0.0	0.0	0.0	0.0	3	1.0260814040485853	17.155850911374927	230.0	35	1.05	0.95				
	324	1	0.0	0.0	0.0	0.0	3	1.0279038309809996	17.0957157519277	230.0	36	1.05	0.95				
	325	1	0.0	0.0	0.0	0.0	3	1.0292787975886397	16.973300977018575	230.0	35	1.05	0.95				
];
