%% MATPOWER Case Format : Version 2
function mpc = RTS_GMLC
mpc.version = '2';

%%-----  Power Flow Data  -----%%
%% system MVA base
mpc.baseMVA = 100.0;
%% bus data
%    bus_i    type    Pd    Qd    Gs    Bs    area    Vm    Va    baseKV    zone    Vmax    Vmin
mpc.bus = [
	101	2	61.04057396210527	12.434190992280703	0.0	0.0	1	1.036938660859301	-1.406523912693778	138.0	11	1.05	0.95				
	102	2	54.82347846596491	11.303809992982456	0.0	0.0	1	1.0358944782716222	-1.7118934564454535	138.0	12	1.05	0.95				
	103	1	101.7342899368421	20.912048487017547	0.0	0.0	1	1.0267292079677262	-1.7784524210683164	138.0	11	1.05	0.95				
	104	1	41.82409697403509	8.477857494736842	0.0	0.0	1	1.0210823907662376	-4.326406239287743	138.0	11	1.05	0.95				
	105	1	40.12852547508772	7.91266699508772	0.0	0.0	1	1.0359549445364573	-4.39032506471289	138.0	11	1.05	0.95				
	106	1	76.86590795228071	15.82533399017544	0.0	-100.0	1	1.0424078495105742	-6.657555754702145	138.0	12	1.05	0.95				
	107	2	70.64881245614035	14.129762491228071	0.0	0.0	1	0.9998461927614212	-11.789871007492787	138.0	12	1.05	0.95				
	108	1	96.64757544	19.781667487719297	0.0	0.0	1	0.9997137892499316	-10.704819829914818	138.0	12	1.05	0.95				
	109	1	98.90833743859649	20.346857987368423	0.0	0.0	1	1.0250854124947986	-4.4362708975435865	138.0	13	1.05	0.95				
	110	1	110.21214743157894	22.607619985964913	0.0	0.0	1	1.05	-5.646909062079276	138.0	13	1.05	0.95				
	111	1	0.0	0.0	0.0	0.0	1	1.009835511860808	-1.4575888189289983	230.0	13	1.05	0.95				
	112	1	0.0	0.0	0.0	0.0	1	1.0115751798498527	-1.3319922390461016	230.0	13	1.05	0.95				
	113	3	149.77548240701753	30.520286981052635	0.0	0.0	1	1.0060421470162297	-2.716211870923146e-29	230.0	14	1.05	0.95				
	114	2	109.64695693192982	22.04242948631579	0.0	0.0	1	1.0135451582200914	0.9281461752044006	230.0	16	1.05	0.95				
	115	2	179.16538838877193	36.17219197754386	0.0	0.0	1	1.0431045663885439	8.323755814451747	230.0	16	1.05	0.95				
	116	2	56.519049964912284	11.303809992982456	0.0	0.0	1	1.0397622426207742	7.670806947482997	230.0	16	1.05	0.95				
	117	1	0.0	0.0	0.0	0.0	1	1.0431536041956464	11.589899613301016	230.0	17	1.05	0.95				
	118	2	188.2084363831579	38.432953976140354	0.0	0.0	1	1.0480199463956292	11.851519993808683	230.0	17	1.05	0.95				
	119	1	102.29948043649124	20.912048487017547	0.0	0.0	1	1.0302839167529445	5.502696867027221	230.0	15	1.05	0.95				
	120	1	72.34438395508772	14.694952990877194	0.0	0.0	1	1.0273032660411654	4.68655749900744	230.0	15	1.05	0.95				
	121	2	0.0	0.0	0.0	0.0	1	1.05	13.401796258834928	230.0	17	1.05	0.95				
	122	2	0.0	0.0	0.0	0.0	1	1.05	25.544855412810037	230.0	17	1.05	0.95				
	123	2	0.0	0.0	0.0	0.0	1	1.0268009926482207	4.667900703202437	230.0	15	1.05	0.95				
	124	1	0.0	0.0	0.0	0.0	1	1.0243314097294767	4.562261345532295	230.0	16	1.05	0.95				
	201	2	44.98158349894737	9.162915157192982	0.0	0.0	2	1.0134239707207102	-10.03179093332151	138.0	21	1.05	0.95				
	202	2	40.400125920350874	8.329922870175437	0.0	0.0	2	1.0126461578983739	-10.231640801805822	138.0	22	1.05	0.95				
	203	1	74.96930583157895	15.41035730982456	0.0	0.0	2	1.0161023496990402	-7.944461454153701	138.0	21	1.05	0.95				
	204	1	30.82071461964912	6.247442152631579	0.0	0.0	2	1.0124708055918978	-9.751132750541633	138.0	21	1.05	0.95				
	205	1	29.5712261891228	5.830946009122807	0.0	0.0	2	1.0265826768241277	-10.036537492412025	138.0	21	1.05	0.95				
	206	1	56.64347551719299	11.661892018245615	0.0	-100.0	2	1.0419577207933883	-10.547191763815416	138.0	22	1.05	0.95				
	207	2	52.06201793859648	10.412403587719297	0.0	0.0	2	0.9946936950108645	-15.619488247112464	138.0	22	1.05	0.95				
	208	1	71.22084054	14.577365022807015	0.0	0.0	2	1.0006553363078854	-13.746794124982166	138.0	22	1.05	0.95				
	209	1	72.88682511403508	14.993861166315789	0.0	0.0	2	1.0244245052077146	-7.636837143173079	138.0	23	1.05	0.95				
	210	1	81.21674798421051	16.659845740350875	0.0	0.0	2	1.05	-8.700720185456854	138.0	23	1.05	0.95				
	211	1	0.0	0.0	0.0	0.0	2	1.005163683516995	-4.654078750210713	230.0	23	1.05	0.95				
	212	1	0.0	0.0	0.0	0.0	2	1.0100416856719026	-1.8519482947609227	230.0	23	1.05	0.95				
	213	2	110.37147802982454	22.490791749473686	0.0	0.0	2	1.0015092342481833	-2.513777449212817	230.0	24	1.05	0.95				
	214	2	80.80025184070175	16.243349596842105	0.0	0.0	2	1.0041850677255566	-2.8841494891146966	230.0	26	1.05	0.95				
	215	2	132.02927749228067	26.655753184561405	0.0	0.0	2	1.025781744528611	1.8430609294481939	230.0	26	1.05	0.95				
	216	2	41.64961435087719	8.329922870175437	0.0	0.0	2	1.0256540559242682	2.1250256205671048	230.0	26	1.05	0.95				
	217	1	0.0	0.0	0.0	0.0	2	1.0308885433019466	3.2657697420040486	230.0	27	1.05	0.95				
	218	2	138.69321578842104	28.321737758596495	0.0	0.0	2	1.0298320791566378	2.756195193803278	230.0	27	1.05	0.95				
	219	1	75.38580197508772	15.41035730982456	0.0	0.0	2	1.0255217231648288	2.782583032744768	230.0	25	1.05	0.95				
	220	1	53.31150636912281	10.82889973122807	0.0	0.0	2	1.028348774478932	4.166143974769047	230.0	25	1.05	0.95				
	221	2	0.0	0.0	0.0	0.0	2	1.0316140382820176	3.2533790607159765	230.0	27	1.05	0.95				
	222	2	0.0	0.0	0.0	0.0	2	1.05	9.752104980280018	230.0	27	1.05	0.95				
	223	2	0.0	0.0	0.0	0.0	2	1.0308814689917394	5.2423530446613515	230.0	25	1.05	0.95				
	224	1	0.0	0.0	0.0	0.0	2	1.010094491671205	-1.8246050749049572	230.0	26	1.05	0.95				
	301	2	53.043340698947375	10.805124957192982	0.0	0.0	3	1.0128154965532679	1.3336048331669172	138.0	31	1.05	0.95				
	302	2	47.640778220350875	9.822840870175439	0.0	0.0	3	1.011549301674212	1.0256161293853503	138.0	32	1.05	0.95				
	303	1	88.40556783157895	18.17225560982456	0.0	0.0	3	1.0481916409937453	13.853493291705297	138.0	31	1.05	0.95				
	304	1	36.34451121964912	7.3671306526315785	0.0	0.0	3	1.0103342349191722	2.3434007139081894	138.0	31	1.05	0.95				
	305	1	34.87108508912281	6.875988609122807	0.0	0.0	3	1.0252970244281299	0.6136201173111548	138.0	31	1.05	0.95				
	306	1	66.79531791719299	13.751977218245614	0.0	-100.0	3	1.039473065527993	-0.3619784077594999	138.0	32	1.05	0.95				
	307	2	61.39275543859649	12.278551087719299	0.0	0.0	3	0.9878630591905689	-5.368021517204874	138.0	32	1.05	0.95				
	308	1	83.98528944	17.189971522807017	0.0	0.0	3	0.9937119889365473	-3.108011633969662	138.0	32	1.05	0.95				
	309	1	85.94985761403508	17.68111356631579	0.0	0.0	3	1.0250878075328138	5.437916178027366	138.0	33	1.05	0.95				
	310	1	95.77269848421052	19.645681740350877	0.0	0.0	3	1.05	1.4717833660851476	138.0	33	1.05	0.95				
	311	1	0.0	0.0	0.0	0.0	3	1.0092291233345057	5.686111498324592	230.0	33	1.05	0.95				
	312	1	0.0	0.0	0.0	0.0	3	1.0148120916631989	6.300446713427088	230.0	33	1.05	0.95				
	313	2	130.15264152982456	26.521670349473688	0.0	0.0	3	1.011964904710079	8.50092512032644	230.0	34	1.05	0.95				
	314	2	95.28155644070175	19.154539696842107	0.0	0.0	3	1.0037668847136134	5.5533603043216	230.0	36	1.05	0.95				
	315	2	155.6920277922807	31.433090784561408	0.0	0.0	3	1.0396677085186785	6.134283716794187	230.0	36	1.05	0.95				
	316	2	49.114204350877195	9.822840870175439	0.0	0.0	3	1.0312059840176755	5.839977300999899	230.0	36	1.05	0.95				
	317	1	0.0	0.0	0.0	0.0	3	1.0387634214157804	7.228398525775047	230.0	37	1.05	0.95				
	318	2	163.55030048842104	33.397658958596494	0.0	0.0	3	1.037277774013974	6.371342597534422	230.0	37	1.05	0.95				
	319	1	88.89670987508772	18.17225560982456	0.0	0.0	3	1.0250454197802679	6.166192760947431	230.0	35	1.05	0.95				
	320	1	62.866181569122816	12.769693131228072	0.0	0.0	3	1.0219980905062647	6.847009346553414	230.0	35	1.05	0.95				
	321	2	0.0	0.0	0.0	0.0	3	1.0397399997184775	6.846273859179719	230.0	37	1.05	0.95				
	322	2	0.0	0.0	0.0	0.0	3	1.05	11.310958347271088	230.0	37	1.05	0.95				
	323	2	0.0	0.0	0.0	0.0	3	1.0210493980959718	7.483357837901774	230.0	35	1.05	0.95				
	324	1	0.0	0.0	0.0	0.0	3	1.04168702411047	10.051707172065173	230.0	36	1.05	0.95				
	325	1	0.0	0.0	0.0	0.0	3	1.0228780355701141	8.004119516480383	230.0	35	1.05	0.95				
];
