%% MATPOWER Case Format : Version 2
function mpc = RTS_GMLC
mpc.version = '2';

%%-----  Power Flow Data  -----%%
%% system MVA base
mpc.baseMVA = 100.0;
%% bus data
%    bus_i    type    Pd    Qd    Gs    Bs    area    Vm    Va    baseKV    zone    Vmax    Vmin
mpc.bus = [
	101	2	53.14497771789474	10.825828794385965	0.0	0.0	1	1.0335839585064637	1.7161738536635185	138.0	11	1.05	0.95				
	102	2	47.73206332070175	9.841662540350876	0.0	0.0	1	1.0331545439573178	1.580496211078352	138.0	12	1.05	0.95				
	103	1	88.5749628631579	18.20707569964912	0.0	0.0	1	1.0261789681697941	-0.34745044007695564	138.0	11	1.05	0.95				
	104	1	36.41415139929824	7.381246905263157	0.0	0.0	1	1.0204752570851168	-1.5490083157333672	138.0	11	1.05	0.95				
	105	1	34.93790201824561	6.889163778245614	0.0	0.0	1	1.0351344277601142	-1.3470200621669142	138.0	11	1.05	0.95				
	106	1	66.92330527438595	13.778327556491227	0.0	-100.0	1	1.0436882986533957	-3.555352233878104	138.0	12	1.05	0.95				
	107	2	61.510390877192975	12.302078175438595	0.0	0.0	1	1.0196449018623628	-3.9288108790561744	138.0	12	1.05	0.95				
	108	1	84.14621471999999	17.222909445614032	0.0	0.0	1	1.0151889007971533	-4.884350824154123	138.0	12	1.05	0.95				
	109	1	86.11454722807017	17.714992572631576	0.0	0.0	1	1.0252817776314724	-2.117661805374077	138.0	13	1.05	0.95				
	110	1	95.95620976842105	19.683325080701753	0.0	0.0	1	1.05	-2.9020268207082447	138.0	13	1.05	0.95				
	111	1	0.0	0.0	0.0	0.0	1	1.0047098101611547	-0.4856311172601141	230.0	13	1.05	0.95				
	112	1	0.0	0.0	0.0	0.0	1	1.0097439330007738	0.1809529176776838	230.0	13	1.05	0.95				
	113	3	130.4020286596491	26.57248885894737	0.0	0.0	1	0.9980913913785515	8.913757102083613e-31	230.0	14	1.05	0.95				
	114	2	95.4641266414035	19.19124195368421	0.0	0.0	1	1.0008810186472972	1.236893226803777	230.0	16	1.05	0.95				
	115	2	155.99035126456138	31.493320129122804	0.0	0.0	1	1.0373503450614887	6.818524962712987	230.0	16	1.05	0.95				
	116	2	49.20831270175438	9.841662540350876	0.0	0.0	1	1.03347935363841	6.559294377372255	230.0	16	1.05	0.95				
	117	1	0.0	0.0	0.0	0.0	1	1.040788510336639	8.14824199965547	230.0	17	1.05	0.95				
	118	2	163.8636812968421	33.46165263719298	0.0	0.0	1	1.0428301089289789	8.055608956343827	230.0	17	1.05	0.95				
	119	1	89.06704599017543	18.20707569964912	0.0	0.0	1	1.0279519845431557	5.905023636358561	230.0	15	1.05	0.95				
	120	1	62.98664025824561	12.79416130245614	0.0	0.0	1	1.0267838121099886	6.289069068099033	230.0	15	1.05	0.95				
	121	2	0.0	0.0	0.0	0.0	1	1.0469517953666931	9.093333396158606	230.0	17	1.05	0.95				
	122	2	0.0	0.0	0.0	0.0	1	1.05	15.267444303225135	230.0	17	1.05	0.95				
	123	2	0.0	0.0	0.0	0.0	1	1.0270836362766493	6.878252556097927	230.0	15	1.05	0.95				
	124	1	0.0	0.0	0.0	0.0	1	1.0238200115569471	4.142768077081244	230.0	16	1.05	0.95				
	201	2	53.617503524210534	10.922084051228072	0.0	0.0	2	1.0316648830069364	-6.251474130041482	138.0	21	1.05	0.95				
	202	2	48.15646149859649	9.929167319298248	0.0	0.0	2	1.0320342389357426	-6.240968170508527	138.0	22	1.05	0.95				
	203	1	89.36250587368421	18.368959540701756	0.0	0.0	2	1.0227403122079797	-5.405127062434645	138.0	21	1.05	0.95				
	204	1	36.73791908140351	7.446875489473685	0.0	0.0	2	1.019305243711159	-8.497544054717135	138.0	21	1.05	0.95				
	205	1	35.248543983508775	6.950417123508773	0.0	0.0	2	1.0344839836031177	-8.68669075219149	138.0	21	1.05	0.95				
	206	1	67.51833777122808	13.900834247017546	0.0	-100.0	2	1.043661734458176	-10.520411768727996	138.0	22	1.05	0.95				
	207	2	62.05729574561404	12.411459149122809	0.0	0.0	2	0.9893159988801284	-17.994606006940064	138.0	22	1.05	0.95				
	208	1	84.89438058	17.37604280877193	0.0	0.0	2	0.9939405695955816	-15.694333950936516	138.0	22	1.05	0.95				
	209	1	86.88021404385967	17.872501174736843	0.0	0.0	2	1.0235923545810373	-8.324716954599754	138.0	23	1.05	0.95				
	210	1	96.8093813631579	19.858334638596496	0.0	0.0	2	1.05	-9.582776529023418	138.0	23	1.05	0.95				
	211	1	0.0	0.0	0.0	0.0	2	1.0085418768843593	-5.567948715614496	230.0	23	1.05	0.95				
	212	1	0.0	0.0	0.0	0.0	2	1.010739220378918	-4.92515781849974	230.0	23	1.05	0.95				
	213	2	131.56146698070177	26.808751762105267	0.0	0.0	2	1.0038767618926965	-4.614454478561854	230.0	24	1.05	0.95				
	214	2	96.31292299719298	19.36187627263158	0.0	0.0	2	1.0118839205653813	-2.934184453565509	230.0	26	1.05	0.95				
	215	2	157.3773020108772	31.77333542175439	0.0	0.0	2	1.0305161502810083	3.804599668502526	230.0	26	1.05	0.95				
	216	2	49.645836596491236	9.929167319298248	0.0	0.0	2	1.0322067582854941	3.788011033078535	230.0	26	1.05	0.95				
	217	1	0.0	0.0	0.0	0.0	2	1.0372429581562723	6.574494527706794	230.0	27	1.05	0.95				
	218	2	165.3206358663158	33.75916888561404	0.0	0.0	2	1.0390600611043037	7.14103382542997	230.0	27	1.05	0.95				
	219	1	89.85896423964913	18.368959540701756	0.0	0.0	2	1.031120565934625	2.9847917467883778	230.0	25	1.05	0.95				
	220	1	63.54667084350878	12.907917515087721	0.0	0.0	2	1.0338673648272576	3.2443108655546804	230.0	25	1.05	0.95				
	221	2	0.0	0.0	0.0	0.0	2	1.038717905179485	6.783364930481665	230.0	27	1.05	0.95				
	222	2	0.0	0.0	0.0	0.0	2	1.05	13.202191778721966	230.0	27	1.05	0.95				
	223	2	0.0	0.0	0.0	0.0	2	1.0362850547983564	3.7601297286797553	230.0	25	1.05	0.95				
	224	1	0.0	0.0	0.0	0.0	2	1.0161539386669602	0.34745553620272673	230.0	26	1.05	0.95				
	301	2	48.07212908210527	9.792470738947369	0.0	0.0	3	1.0083811145461963	-19.31010737483583	138.0	31	1.05	0.95				
	302	2	43.17589371263158	8.902246126315791	0.0	0.0	3	1.0079311469679215	-19.43401520099081	138.0	32	1.05	0.95				
	303	1	80.1202151368421	16.469155333684213	0.0	0.0	3	1.0252873691263287	-13.30219247618193	138.0	31	1.05	0.95				
	304	1	32.93831066736843	6.676684594736843	0.0	0.0	3	1.010299156654804	-17.94322669081207	138.0	31	1.05	0.95				
	305	1	31.602973748421054	6.231572288421053	0.0	0.0	3	1.023415559234018	-18.801635882602966	138.0	31	1.05	0.95				
	306	1	60.535273658947375	12.463144576842106	0.0	-100.0	3	1.0399465852191454	-19.044390756526173	138.0	32	1.05	0.95				
	307	2	55.63903828947369	11.127807657894738	0.0	0.0	3	0.9938466572505734	-23.883787308409776	138.0	32	1.05	0.95				
	308	1	76.11420438	15.578930721052634	0.0	0.0	3	0.9993626000301836	-21.86438784822736	138.0	32	1.05	0.95				
	309	1	77.89465360526316	16.024043027368425	0.0	0.0	3	1.0263762818010296	-14.902730433455746	138.0	33	1.05	0.95				
	310	1	86.79689973157896	17.804492252631583	0.0	0.0	3	1.05	-16.860839010897653	138.0	33	1.05	0.95				
	311	1	0.0	0.0	0.0	0.0	3	1.0094276299699616	-10.935801565796128	230.0	33	1.05	0.95				
	312	1	0.0	0.0	0.0	0.0	3	1.011435103174868	-10.580986598931815	230.0	33	1.05	0.95				
	313	2	117.95476117368422	24.036064541052635	0.0	0.0	3	1.0111664522616537	-7.580532201152487	230.0	34	1.05	0.95				
	314	2	86.35178742526315	17.35937994631579	0.0	0.0	3	1.012677448281001	-8.842488400909833	230.0	36	1.05	0.95				
	315	2	141.10060110210526	28.48718760421053	0.0	0.0	3	1.0376725329449907	-3.572187847227946	230.0	36	1.05	0.95				
	316	2	44.511230631578954	8.902246126315791	0.0	0.0	3	1.0359421194231708	-3.235851107748977	230.0	36	1.05	0.95				
	317	1	0.0	0.0	0.0	0.0	3	1.040644439396724	-1.4665784049803468	230.0	37	1.05	0.95				
	318	2	148.2223980031579	30.267636829473687	0.0	0.0	3	1.0408599635836076	-1.1645761693357481	230.0	37	1.05	0.95				
	319	1	80.56532744315791	16.469155333684213	0.0	0.0	3	1.0306180069392812	-4.397103764554246	230.0	35	1.05	0.95				
	320	1	56.97437520842106	11.572919964210527	0.0	0.0	3	1.029212146379386	-4.550498112537173	230.0	35	1.05	0.95				
	321	2	0.0	0.0	0.0	0.0	3	1.0436136404789058	-0.4742147621486533	230.0	37	1.05	0.95				
	322	2	0.0	0.0	0.0	0.0	3	1.05	3.460541781466056	230.0	37	1.05	0.95				
	323	2	0.0	0.0	0.0	0.0	3	1.0290400127705264	-4.293888442708104	230.0	35	1.05	0.95				
	324	1	0.0	0.0	0.0	0.0	3	1.0209009708457633	-7.208626384050443	230.0	36	1.05	0.95				
	325	1	0.0	0.0	0.0	0.0	3	1.0269149681416943	-3.165163432513108	230.0	35	1.05	0.95				
];
