%% MATPOWER Case Format : Version 2
function mpc = RTS_GMLC
mpc.version = '2';

%%-----  Power Flow Data  -----%%
%% system MVA base
mpc.baseMVA = 100.0;
%% bus data
%    bus_i    type    Pd    Qd    Gs    Bs    area    Vm    Va    baseKV    zone    Vmax    Vmin
mpc.bus = [
	101	2	34.922315686736844	7.1138050472982455	0.0	0.0	1	1.0070126605777037	-6.185953736846568	138.0	11	1.05	0.95				
	102	2	31.36541316308772	6.467095497543861	0.0	0.0	1	1.0069893303328317	-6.332185901503187	138.0	12	1.05	0.95				
	103	1	58.20385947789474	11.96412667045614	0.0	0.0	1	1.0215481347294244	-0.27936693876266405	138.0	11	1.05	0.95				
	104	1	23.92825334091228	4.850321623157894	0.0	0.0	1	1.0100738830948321	-5.470535796933847	138.0	11	1.05	0.95				
	105	1	22.958189016280702	4.526966848280702	0.0	0.0	1	1.0236619776398923	-6.19548982347793	138.0	11	1.05	0.95				
	106	1	43.97624938329825	9.053933696561405	0.0	-100.0	1	1.0416967272626727	-6.626913517461348	138.0	12	1.05	0.95				
	107	2	40.419346859649124	8.083869371929826	0.0	0.0	1	0.9923860446861501	-9.690597664478828	138.0	12	1.05	0.95				
	108	1	55.29366650400001	11.317417120701755	0.0	0.0	1	1.0019648439383073	-8.411110114260714	138.0	12	1.05	0.95				
	109	1	56.58708560350878	11.640771895578947	0.0	0.0	1	1.0214794492644788	-3.417914409523838	138.0	13	1.05	0.95				
	110	1	63.054181101052635	12.934190995087722	0.0	0.0	1	1.0480154731493518	-5.1535337262659064	138.0	13	1.05	0.95				
	111	1	0.0	0.0	0.0	0.0	1	1.0047053409896494	-0.48428750017794525	230.0	13	1.05	0.95				
	112	1	0.0	0.0	0.0	0.0	1	1.0012287648645948	-1.4324355752421993	230.0	13	1.05	0.95				
	113	3	85.68901534245614	17.461157843368422	0.0	0.0	1	0.9805952644384589	1.2104863230872774e-30	230.0	14	1.05	0.95				
	114	2	62.73082632617544	12.610836220210528	0.0	0.0	1	1.0250777236589594	2.9489334075563263	230.0	16	1.05	0.95				
	115	2	102.50346363607017	20.69470559214035	0.0	0.0	1	1.0297010772698088	11.32346255060482	230.0	16	1.05	0.95				
	116	2	32.3354774877193	6.467095497543861	0.0	0.0	1	1.0292262571505506	9.8839366699639	230.0	16	1.05	0.95				
	117	1	0.0	0.0	0.0	0.0	1	1.0304858671857737	15.360472576966245	230.0	17	1.05	0.95				
	118	2	107.67714003410526	21.988124691649126	0.0	0.0	1	1.0387265776174754	15.702125213632943	230.0	17	1.05	0.95				
	119	1	58.527214252771934	11.96412667045614	0.0	0.0	1	1.0224605475802602	6.267723324456158	230.0	15	1.05	0.95				
	120	1	41.3894111842807	8.40722414680702	0.0	0.0	1	1.0212287994012585	3.742136900557004	230.0	15	1.05	0.95				
	121	2	0.0	0.0	0.0	0.0	1	1.0319142952495226	16.880471390798007	230.0	17	1.05	0.95				
	122	2	0.0	0.0	0.0	0.0	1	1.04509013573047	35.06146441913095	230.0	17	1.05	0.95				
	123	2	0.0	0.0	0.0	0.0	1	1.0210859570386153	2.604027470365652	230.0	15	1.05	0.95				
	124	1	0.0	0.0	0.0	0.0	1	1.0122832128415529	6.966545714623485	230.0	16	1.05	0.95				
	201	2	37.161655912421054	7.569966945122807	0.0	0.0	2	1.0150461723613549	-13.012637495569432	138.0	21	1.05	0.95				
	202	2	33.376672439859654	6.8817881319298255	0.0	0.0	2	1.0136720122956417	-13.273097658770354	138.0	22	1.05	0.95				
	203	1	61.93609318736842	12.731308044070175	0.0	0.0	2	1.006198426452416	-9.635338866302023	138.0	21	1.05	0.95				
	204	1	25.46261608814035	5.161341098947368	0.0	0.0	2	1.0077966572312	-12.972360768952248	138.0	21	1.05	0.95				
	205	1	24.43034786835088	4.817251692350878	0.0	0.0	2	1.023990145820586	-13.342461276903814	138.0	21	1.05	0.95				
	206	1	46.79615929712281	9.634503384701755	0.0	-100.0	2	1.0371699275665804	-13.989881047917654	138.0	22	1.05	0.95				
	207	2	43.011175824561406	8.602235164912281	0.0	0.0	2	0.9824036291755374	-18.043924583868233	138.0	22	1.05	0.95				
	208	1	58.839288528	12.043129230877192	0.0	0.0	2	0.9917613996504554	-16.531267085748024	138.0	22	1.05	0.95				
	209	1	60.21564615438597	12.387218637473683	0.0	0.0	2	1.0123423322409286	-11.268943185324012	138.0	23	1.05	0.95				
	210	1	67.09743428631579	13.763576263859651	0.0	0.0	2	1.0408676017473633	-12.550246881537557	138.0	23	1.05	0.95				
	211	1	0.0	0.0	0.0	0.0	2	0.9916812939656082	-8.658042312310915	230.0	23	1.05	0.95				
	212	1	0.0	0.0	0.0	0.0	2	0.9932533534913192	-7.818397917507822	230.0	23	1.05	0.95				
	213	2	91.18369274807017	18.580827956210527	0.0	0.0	2	0.9870334836597351	-7.253474177207204	230.0	24	1.05	0.95				
	214	2	66.75334487971931	13.419486857263157	0.0	0.0	2	0.9875549420213371	-6.471094573059564	230.0	26	1.05	0.95				
	215	2	109.07634189108772	22.02172202217544	0.0	0.0	2	1.0015094084852108	-0.756850689509484	230.0	26	1.05	0.95				
	216	2	34.408940659649126	6.8817881319298255	0.0	0.0	2	1.0005037971828024	-1.2149461712446292	230.0	26	1.05	0.95				
	217	1	0.0	0.0	0.0	0.0	2	1.0106946719131173	0.5414989456082778	230.0	27	1.05	0.95				
	218	2	114.58177239663159	23.398079648561406	0.0	0.0	2	1.0099670952230946	0.18266726338881534	230.0	27	1.05	0.95				
	219	1	62.280182593964916	12.731308044070175	0.0	0.0	2	0.9987516819580056	-0.9318665465026161	230.0	25	1.05	0.95				
	220	1	44.04344404435088	8.946324571508772	0.0	0.0	2	0.9993175796306346	0.026166452758479508	230.0	25	1.05	0.95				
	221	2	0.0	0.0	0.0	0.0	2	1.011277903840437	0.6851204916930957	230.0	27	1.05	0.95				
	222	2	0.0	0.0	0.0	0.0	2	1.0302472292579552	7.334986660714521	230.0	27	1.05	0.95				
	223	2	0.0	0.0	0.0	0.0	2	1.000136157076682	0.833966391131278	230.0	25	1.05	0.95				
	224	1	0.0	0.0	0.0	0.0	2	0.9925033205320881	-4.1331393828964815	230.0	26	1.05	0.95				
	301	2	37.30971211578947	7.600126542105263	0.0	0.0	3	1.0151703947996846	23.814312130242	138.0	31	1.05	0.95				
	302	2	33.50964884473684	6.909205947368421	0.0	0.0	3	1.015338234523621	23.450163830861626	138.0	32	1.05	0.95				
	303	1	62.18285352631578	12.782031002631577	0.0	0.0	3	1.0446260548928707	38.27095432214532	138.0	31	1.05	0.95				
	304	1	25.564062005263153	5.181904460526315	0.0	0.0	3	1.0098680504099888	24.554659940709094	138.0	31	1.05	0.95				
	305	1	24.527681113157893	4.836444163157895	0.0	0.0	3	1.025377762813226	21.915562424358615	138.0	31	1.05	0.95				
	306	1	46.982600442105266	9.67288832631579	0.0	-100.0	3	1.0395958371145604	20.40336836492173	138.0	32	1.05	0.95				
	307	2	43.18253717105263	8.636507434210525	0.0	0.0	3	0.9527334333656801	18.14217210563129	138.0	32	1.05	0.95				
	308	1	59.07371085	12.091110407894735	0.0	0.0	3	0.9753879106070432	19.533520645336676	138.0	32	1.05	0.95				
	309	1	60.45555203947368	12.436570705263158	0.0	0.0	3	1.0153166944435745	26.91483538353454	138.0	33	1.05	0.95				
	310	1	67.36475798684211	13.818411894736842	0.0	0.0	3	1.044077059368046	21.12796333224759	138.0	33	1.05	0.95				
	311	1	0.0	0.0	0.0	0.0	3	1.003512025397209	23.87940537159668	230.0	33	1.05	0.95				
	312	1	0.0	0.0	0.0	0.0	3	1.0090309947676035	23.42041927816717	230.0	33	1.05	0.95				
	313	2	91.54697880263157	18.654856057894737	0.0	0.0	3	1.0023803210747786	23.077179762486384	230.0	34	1.05	0.95				
	314	2	67.01929768947367	13.472951597368422	0.0	0.0	3	0.9980815549697135	24.543269641760567	230.0	36	1.05	0.95				
	315	2	109.51091426578947	22.10945903157895	0.0	0.0	3	1.0347195180336868	28.267593492721776	230.0	36	1.05	0.95				
	316	2	34.5460297368421	6.909205947368421	0.0	0.0	3	1.0253359510111442	27.508384488238313	230.0	36	1.05	0.95				
	317	1	0.0	0.0	0.0	0.0	3	1.0355048204713926	32.279329704273266	230.0	37	1.05	0.95				
	318	2	115.03827902368423	23.491300221052633	0.0	0.0	3	1.0275001320726154	28.516160170696445	230.0	37	1.05	0.95				
	319	1	62.528313823684215	12.782031002631577	0.0	0.0	3	1.0177361983894624	25.00173778675431	230.0	35	1.05	0.95				
	320	1	44.2189180631579	8.981967731578948	0.0	0.0	3	1.014405693512765	23.490635481126805	230.0	35	1.05	0.95				
	321	2	0.0	0.0	0.0	0.0	3	1.0363446048087672	29.094578496668777	230.0	37	1.05	0.95				
	322	2	0.0	0.0	0.0	0.0	3	1.0454105596654153	34.66469116629704	230.0	37	1.05	0.95				
	323	2	0.0	0.0	0.0	0.0	3	1.012837972448758	22.930307888961924	230.0	35	1.05	0.95				
	324	1	0.0	0.0	0.0	0.0	3	1.035381302465184	32.098194638159136	230.0	36	1.05	0.95				
