%% MATPOWER Case Format : Version 2
function mpc = RTS_GMLC
mpc.version = '2';

%%-----  Power Flow Data  -----%%
%% system MVA base
mpc.baseMVA = 100.0;
%% bus data
%    bus_i    type    Pd    Qd    Gs    Bs    area    Vm    Va    baseKV    zone    Vmax    Vmin
mpc.bus = [
	101	2	82.91044038315789	16.889163781754384	0.0	0.0	1	1.040072678100732	-2.0206594845241748	138.0	11	1.05	0.95				
	102	2	74.46585849228069	15.353785256140352	0.0	0.0	1	1.0394322163166607	-2.252410636183826	138.0	12	1.05	0.95				
	103	1	138.18406730526314	28.404502723859643	0.0	0.0	1	1.0267567629642405	-2.0283584865128024	138.0	11	1.05	0.95				
	104	1	56.80900544771929	11.515338942105261	0.0	0.0	1	1.0207524226040274	-5.121843398463764	138.0	11	1.05	0.95				
	105	1	54.50593765929823	10.747649679298245	0.0	0.0	1	1.0345577739264353	-5.498468720761504	138.0	11	1.05	0.95				
	106	1	104.40573974175437	21.49529935859649	0.0	-100.0	1	1.0370499658215357	-8.183482065538314	138.0	12	1.05	0.95				
	107	2	95.96115785087717	19.192231570175437	0.0	0.0	1	1.0347460791335552	-6.771317649299704	138.0	12	1.05	0.95				
	108	1	131.27486394	26.869124198245608	0.0	0.0	1	1.0161810267603317	-8.767830125791692	138.0	12	1.05	0.95				
	109	1	134.34562099122803	27.63681346105263	0.0	0.0	1	1.027172852753796	-5.000487365056549	138.0	13	1.05	0.95				
	110	1	149.6994062473684	30.707570512280704	0.0	0.0	1	1.05	-6.634539014879572	138.0	13	1.05	0.95				
	111	1	0.0	0.0	0.0	0.0	1	1.0151142862292497	-2.1342467471313458	230.0	13	1.05	0.95				
	112	1	0.0	0.0	0.0	0.0	1	1.0171395121844196	-1.4396815950406152	230.0	13	1.05	0.95				
	113	3	203.43765464385962	41.455220191578945	0.0	0.0	1	1.017034537836066	5.885010182517803e-29	230.0	14	1.05	0.95				
	114	2	148.93171698456138	29.939881249473682	0.0	0.0	1	1.0184730852057342	-0.28410512149682327	230.0	16	1.05	0.95				
	115	2	243.35749630982454	49.132112819649116	0.0	0.0	1	1.0448434504262434	7.635194549451283	230.0	16	1.05	0.95				
	116	2	76.76892628070175	15.353785256140352	0.0	0.0	1	1.0432442471217827	6.97787415631994	230.0	16	1.05	0.95				
	117	1	0.0	0.0	0.0	0.0	1	1.0459573809354983	10.113647938487313	230.0	17	1.05	0.95				
	118	2	255.6405245147368	52.20286987087719	0.0	0.0	1	1.0479801010527654	10.575391596539037	230.0	17	1.05	0.95				
	119	1	138.95175656807015	28.404502723859643	0.0	0.0	1	1.0367923869025655	5.576231608985582	230.0	15	1.05	0.95				
	120	1	98.26422563929823	19.95992083298245	0.0	0.0	1	1.0370268494287318	5.294278708641152	230.0	15	1.05	0.95				
	121	2	0.0	0.0	0.0	0.0	1	1.05	12.258124152130623	230.0	17	1.05	0.95				
	122	2	0.0	0.0	0.0	0.0	1	1.05	19.40212661776068	230.0	17	1.05	0.95				
	123	2	0.0	0.0	0.0	0.0	1	1.0392257277195758	5.709077490778202	230.0	15	1.05	0.95				
	124	1	0.0	0.0	0.0	0.0	1	1.0259330943801213	4.044302164937479	230.0	16	1.05	0.95				
	201	2	79.40626476631579	16.17535023017544	0.0	0.0	2	1.0374369438917825	-11.465454473409224	138.0	21	1.05	0.95				
	202	2	71.31858965122807	14.704863845614035	0.0	0.0	2	1.0377315319005986	-11.524500330589483	138.0	22	1.05	0.95				
	203	1	132.34377461052634	27.203998114385964	0.0	0.0	2	1.0241975513442125	-9.32600500550695	138.0	21	1.05	0.95				
	204	1	54.40799622877193	11.028647884210526	0.0	0.0	2	1.018562038257622	-13.016047441460671	138.0	21	1.05	0.95				
	205	1	52.20226665192983	10.293404691929826	0.0	0.0	2	1.0343982106512182	-13.353942407090997	138.0	21	1.05	0.95				
	206	1	99.99307415017546	20.586809383859652	0.0	-100.0	2	1.0384236504107531	-15.101551735209478	138.0	22	1.05	0.95				
	207	2	91.90539903508773	18.381079807017546	0.0	0.0	2	0.9629085665716508	-26.072329377135112	138.0	22	1.05	0.95				
	208	1	125.72658588	25.73351172982456	0.0	0.0	2	0.9672164561728362	-22.4200539459838	138.0	22	1.05	0.95				
	209	1	128.6675586491228	26.468754922105266	0.0	0.0	2	1.026036422186223	-11.264550964919641	138.0	23	1.05	0.95				
	210	1	143.37242249473684	29.40972769122807	0.0	0.0	2	1.05	-12.957219205893015	138.0	23	1.05	0.95				
	211	1	0.0	0.0	0.0	0.0	2	1.025047404287813	-7.811009157938143	230.0	23	1.05	0.95				
	212	1	0.0	0.0	0.0	0.0	2	1.0245312767809966	-2.8299780630353166	230.0	23	1.05	0.95				
	213	2	194.83944595438595	39.70313238315789	0.0	0.0	2	1.0323799322600047	-5.270713754402957	230.0	24	1.05	0.95				
	214	2	142.63717930245613	28.674484498947372	0.0	0.0	2	1.0363499647086376	-5.831225660108402	230.0	26	1.05	0.95				
	215	2	233.07209195298248	47.055564305964914	0.0	0.0	2	1.0425285799454511	1.6327656688720042	230.0	26	1.05	0.95				
	216	2	73.52431922807018	14.704863845614035	0.0	0.0	2	1.0441547875415875	1.4995146877288859	230.0	26	1.05	0.95				
	217	1	0.0	0.0	0.0	0.0	2	1.046131037853778	4.069692356642206	230.0	27	1.05	0.95				
	218	2	244.83598302947368	49.99653707508773	0.0	0.0	2	1.0466806151548853	4.291478406231289	230.0	27	1.05	0.95				
	219	1	133.07901780280702	27.203998114385964	0.0	0.0	2	1.0413760008999875	1.3275978545639684	230.0	25	1.05	0.95				
	220	1	94.11112861192983	19.116322999298248	0.0	0.0	2	1.0454015263504206	2.5581061483700607	230.0	25	1.05	0.95				
	221	2	0.0	0.0	0.0	0.0	2	1.046639801183854	4.166053294773968	230.0	27	1.05	0.95				
	222	2	0.0	0.0	0.0	0.0	2	1.05	10.637465908673779	230.0	27	1.05	0.95				
	223	2	0.0	0.0	0.0	0.0	2	1.05	3.765302730190466	230.0	25	1.05	0.95				
	224	1	0.0	0.0	0.0	0.0	2	1.0219704489402712	-2.4418163508267656	230.0	26	1.05	0.95				
	301	2	82.88769376421052	16.884530211228068	0.0	0.0	3	0.9759678147076942	-3.5599382727926234	138.0	31	1.05	0.95				
	302	2	74.44542865859648	15.349572919298247	0.0	0.0	3	0.9785457835683067	-3.814146830480667	138.0	32	1.05	0.95				
	303	1	138.1461562736842	28.39670990070175	0.0	0.0	3	0.9975699489717114	0.2653343250825125	138.0	31	1.05	0.95				
	304	1	56.7934198014035	11.512179689473683	0.0	0.0	3	0.9717927836802929	-1.5212750401119048	138.0	31	1.05	0.95				
	305	1	54.49098386350877	10.744701043508773	0.0	0.0	3	0.9826790161499619	-1.5403416633652558	138.0	31	1.05	0.95				
	306	1	104.37709585122808	21.489402087017545	0.0	-100.0	3	0.9938803512816015	-1.3038701751789061	138.0	32	1.05	0.95				
	307	2	95.93483074561404	19.186966149122807	0.0	0.0	3	0.95	-7.7315208867795455	138.0	32	1.05	0.95				
	308	1	131.23884845999999	26.861752608771926	0.0	0.0	3	0.9557907352575039	-3.8381549968684157	138.0	32	1.05	0.95				
	309	1	134.30876304385964	27.62923125473684	0.0	0.0	3	0.9959799039257574	3.689271037317664	138.0	33	1.05	0.95				
	310	1	149.65833596315787	30.699145838596493	0.0	0.0	3	1.0140433253639092	3.122048871677395	138.0	33	1.05	0.95				
	311	1	0.0	0.0	0.0	0.0	3	0.9894893188580711	11.37233417685792	230.0	33	1.05	0.95				
	312	1	0.0	0.0	0.0	0.0	3	0.9945323919414492	13.056673137189186	230.0	33	1.05	0.95				
	313	2	203.38184118070174	41.44384688210526	0.0	0.0	3	1.0219267887224823	21.518616919697465	230.0	34	1.05	0.95				
	314	2	148.89085731719297	29.93166719263158	0.0	0.0	3	1.001354746389693	10.118113329813232	230.0	36	1.05	0.95				
	315	2	243.29073077087716	49.11863334175438	0.0	0.0	3	1.0488508702224848	5.06870860655788	230.0	36	1.05	0.95				
	316	2	76.74786459649123	15.349572919298247	0.0	0.0	3	1.045969348146453	6.91529388561566	230.0	36	1.05	0.95				
	317	1	0.0	0.0	0.0	0.0	3	1.0484514915366236	6.196712130711151	230.0	37	1.05	0.95				
	318	2	255.5703891063158	52.18854792561404	0.0	0.0	3	1.0465722610178985	4.8617831424538505	230.0	37	1.05	0.95				
	319	1	138.91363491964913	28.39670990070175	0.0	0.0	3	1.037784742974208	9.646999004966933	230.0	35	1.05	0.95				
	320	1	98.23726668350876	19.95444479508772	0.0	0.0	3	1.03558129675156	12.01278057525203	230.0	35	1.05	0.95				
	321	2	0.0	0.0	0.0	0.0	3	1.0488883871468773	5.4971270680423885	230.0	37	1.05	0.95				
	322	2	0.0	0.0	0.0	0.0	3	1.05	10.115569964459874	230.0	37	1.05	0.95				
	323	2	0.0	0.0	0.0	0.0	3	1.0350664280692496	12.970668395128195	230.0	35	1.05	0.95				
	324	1	0.0	0.0	0.0	0.0	3	1.0249862510381091	5.461495115495008	230.0	36	1.05	0.95				
	325	1	0.0	0.0	0.0	0.0	3	1.0373040239815854	12.917449723519915	230.0	35	1.05	0.95				
];
