%% MATPOWER Case Format : Version 2
function mpc = RTS_GMLC
mpc.version = '2';

%%-----  Power Flow Data  -----%%
%% system MVA base
mpc.baseMVA = 100.0;
%% bus data
%    bus_i    type    Pd    Qd    Gs    Bs    area    Vm    Va    baseKV    zone    Vmax    Vmin
mpc.bus = [
	101	2	50.83374565894737	10.355022263859649	0.0	0.0	1	1.0185525462177294	-4.3984432559728415	138.0	11	1.05	0.95				
	102	2	45.65623452701754	9.413656603508773	0.0	0.0	1	1.0180611903660581	-4.65087320724956	138.0	12	1.05	0.95				
	103	1	84.72290943157896	17.415264716491226	0.0	0.0	1	1.0157966086141927	-0.4990885755371603	138.0	11	1.05	0.95				
	104	1	34.83052943298245	7.060242452631579	0.0	0.0	1	1.010703349836346	-4.81091074871771	138.0	11	1.05	0.95				
	105	1	33.41848094245614	6.589559622456141	0.0	0.0	1	1.0227446815666341	-5.975787569386681	138.0	11	1.05	0.95				
	106	1	64.01286490385965	13.179119244912282	0.0	-100.0	1	1.0324664034583624	-7.395435379941498	138.0	12	1.05	0.95				
	107	2	58.835353771929825	11.767070754385966	0.0	0.0	1	0.9907111339325635	-11.121651699207598	138.0	12	1.05	0.95				
	108	1	80.48676395999999	16.47389905614035	0.0	0.0	1	0.9923761545784262	-10.081535452975958	138.0	12	1.05	0.95				
	109	1	82.36949528070176	16.94458188631579	0.0	0.0	1	1.0126171091343734	-4.159609955234737	138.0	13	1.05	0.95				
	110	1	91.78315188421053	18.827313207017546	0.0	0.0	1	1.0384890314350765	-6.043683314770061	138.0	13	1.05	0.95				
	111	1	0.0	0.0	0.0	0.0	1	0.9946412508237125	-1.3483314281245433	230.0	13	1.05	0.95				
	112	1	0.0	0.0	0.0	0.0	1	0.9949936545063764	-1.8741031693865056	230.0	13	1.05	0.95				
	113	3	124.73094999649123	25.416872829473686	0.0	0.0	1	0.983902245197904	6.140776999655094e-29	230.0	14	1.05	0.95				
	114	2	91.31246905403508	18.356630376842105	0.0	0.0	1	1.0016483207221207	1.3413725225094149	230.0	16	1.05	0.95				
	115	2	149.20645716561404	30.12370113122807	0.0	0.0	1	1.0182005052608387	9.412927535117822	230.0	16	1.05	0.95				
	116	2	47.06828301754386	9.413656603508773	0.0	0.0	1	1.014283734685159	8.145529840999243	230.0	16	1.05	0.95				
	117	1	0.0	0.0	0.0	0.0	1	1.0225231883174912	13.274893172998501	230.0	17	1.05	0.95				
	118	2	156.73738244842104	32.006432451929825	0.0	0.0	1	1.0306111297258052	13.785733528668842	230.0	17	1.05	0.95				
	119	1	85.19359226175439	17.415264716491226	0.0	0.0	1	1.0066797684911175	5.108266571906632	230.0	15	1.05	0.95				
	120	1	60.24740226245614	12.237753584561405	0.0	0.0	1	1.0046733063390827	2.932431369121743	230.0	15	1.05	0.95				
	121	2	0.0	0.0	0.0	0.0	1	1.0321001800987473	14.983182210730579	230.0	17	1.05	0.95				
	122	2	0.0	0.0	0.0	0.0	1	1.0463314456594988	29.872758803927347	230.0	17	1.05	0.95				
	123	2	0.0	0.0	0.0	0.0	1	1.0046502227685798	2.109199658368137	230.0	15	1.05	0.95				
	124	1	0.0	0.0	0.0	0.0	1	1.0051787711174949	5.6710809044292425	230.0	16	1.05	0.95				
	201	2	41.36061702315789	8.42531087508772	0.0	0.0	2	1.0140466340092658	-10.57416053725924	138.0	21	1.05	0.95				
	202	2	37.147961585614034	7.659373522807017	0.0	0.0	2	1.0126860507586795	-10.796475555185436	138.0	22	1.05	0.95				
	203	1	68.93436170526316	14.16984101719298	0.0	0.0	2	1.0041179838633083	-8.244482637909371	138.0	21	1.05	0.95				
	204	1	28.33968203438596	5.744530142105263	0.0	0.0	2	1.0070288233248303	-10.220774762122979	138.0	21	1.05	0.95				
	205	1	27.190776005964914	5.361561465964913	0.0	0.0	2	1.0229278837630857	-10.509216394619871	138.0	21	1.05	0.95				
	206	1	52.083739955087715	10.723122931929826	0.0	-100.0	2	1.0359482292138271	-10.9655843401439	138.0	22	1.05	0.95				
	207	2	47.871084517543856	9.574216903508772	0.0	0.0	2	0.9802212730485231	-15.551874535605121	138.0	22	1.05	0.95				
	208	1	65.48764361999999	13.403903664912278	0.0	0.0	2	0.9892310716055698	-13.837604455952782	138.0	22	1.05	0.95				
	209	1	67.0195183245614	13.78687234105263	0.0	0.0	2	1.0133928091845166	-8.13397097955467	138.0	23	1.05	0.95				
	210	1	74.6788918473684	15.318747045614034	0.0	0.0	2	1.0410170391460176	-9.193259017371792	138.0	23	1.05	0.95				
	211	1	0.0	0.0	0.0	0.0	2	0.9921362115529077	-5.713004215784033	230.0	23	1.05	0.95				
	212	1	0.0	0.0	0.0	0.0	2	0.9977965416090542	-2.3843201339707276	230.0	23	1.05	0.95				
	213	2	101.48669917719297	20.680308511578946	0.0	0.0	2	0.9891687596074978	-3.7789740950203594	230.0	24	1.05	0.95				
	214	2	74.29592317122807	14.935778369473685	0.0	0.0	2	0.985461794232789	-4.294639342828365	230.0	26	1.05	0.95				
	215	2	121.40107033649122	24.509995272982454	0.0	0.0	2	0.9992711146520886	0.8283657538671504	230.0	26	1.05	0.95				
	216	2	38.29686761403509	7.659373522807017	0.0	0.0	2	0.9970099738565698	0.15083317374058583	230.0	26	1.05	0.95				
	217	1	0.0	0.0	0.0	0.0	2	1.0049628726678246	1.5485060077528012	230.0	27	1.05	0.95				
	218	2	127.52856915473683	26.041869977543858	0.0	0.0	2	1.0047030993716926	1.261789497225714	230.0	27	1.05	0.95				
	219	1	69.31733038140351	14.16984101719298	0.0	0.0	2	0.9956177847939229	0.19594410066245652	230.0	25	1.05	0.95				
	220	1	49.01999054596491	9.957185579649122	0.0	0.0	2	0.9969566993959711	1.0299823671874426	230.0	25	1.05	0.95				
	221	2	0.0	0.0	0.0	0.0	2	1.0070742965554003	1.9323099446168566	230.0	27	1.05	0.95				
	222	2	0.0	0.0	0.0	0.0	2	1.0256084408034636	8.537472520787828	230.0	27	1.05	0.95				
	223	2	0.0	0.0	0.0	0.0	2	0.998353175792895	1.8004611918221394	230.0	25	1.05	0.95				
	224	1	0.0	0.0	0.0	0.0	2	0.990135731759429	-2.6223897018891065	230.0	26	1.05	0.95				
	301	2	61.78993988210526	12.586839605614033	0.0	0.0	3	1.0098537874716218	19.484255526342203	138.0	31	1.05	0.95				
	302	2	55.496520079298236	11.442581459649121	0.0	0.0	3	1.0097158380275608	19.32319184262838	138.0	32	1.05	0.95				
	303	1	102.9832331368421	21.168775700350874	0.0	0.0	3	1.0236733685008164	26.425522920977876	138.0	31	1.05	0.95				
	304	1	42.33755140070175	8.58193609473684	0.0	0.0	3	1.004825626504212	21.035292524447655	138.0	31	1.05	0.95				
	305	1	40.621164181754374	8.009807021754387	0.0	0.0	3	1.0195689323990882	20.627627696552988	138.0	31	1.05	0.95				
	306	1	77.80955392561403	16.019614043508774	0.0	-100.0	3	1.0327885993311132	20.61556510445075	138.0	32	1.05	0.95				
	307	2	71.516134122807	14.303226824561403	0.0	0.0	3	0.978430254385948	17.34894077688228	138.0	32	1.05	0.95				
	308	1	97.83407147999998	20.024517554385962	0.0	0.0	3	0.9921874892900313	19.90828097557628	138.0	32	1.05	0.95				
	309	1	100.12258777192982	20.59664662736842	0.0	0.0	3	1.0204098680650793	24.80322628065198	138.0	33	1.05	0.95				
	310	1	111.56516923157893	22.885162919298242	0.0	0.0	3	1.0452894045777712	23.624829487211475	138.0	33	1.05	0.95				
	311	1	0.0	0.0	0.0	0.0	3	1.0026012896186405	28.7359419558823	230.0	33	1.05	0.95				
	312	1	0.0	0.0	0.0	0.0	3	1.0094219115233094	29.484860375503555	230.0	33	1.05	0.95				
	313	2	151.61420434035085	30.89496994105263	0.0	0.0	3	1.0140865047127756	34.95820436170457	230.0	34	1.05	0.95				
	314	2	110.99304015859647	22.31303384631579	0.0	0.0	3	0.997643516629253	27.862427573894198	230.0	36	1.05	0.95				
	315	2	181.36491613543856	36.61626067087719	0.0	0.0	3	1.0105773627855192	22.664757551655708	230.0	36	1.05	0.95				
	316	2	57.21290729824561	11.442581459649121	0.0	0.0	3	1.0052283588057322	23.660403951436663	230.0	36	1.05	0.95				
	317	1	0.0	0.0	0.0	0.0	3	1.0153843103019797	23.396584903844747	230.0	37	1.05	0.95				
	318	2	190.5189813031579	38.90477696280701	0.0	0.0	3	1.0126185872720723	20.754479831217992	230.0	37	1.05	0.95				
	319	1	103.55536220982455	21.168775700350874	0.0	0.0	3	1.0096324014157338	25.511015545406654	230.0	35	1.05	0.95				
	320	1	73.23252134175438	14.87535589754386	0.0	0.0	3	1.0145771562480588	26.47918460135049	230.0	35	1.05	0.95				
	321	2	0.0	0.0	0.0	0.0	3	1.0171889980258324	22.016938611368086	230.0	37	1.05	0.95				
	322	2	0.0	0.0	0.0	0.0	3	1.0316458103501367	26.976237847877876	230.0	37	1.05	0.95				
	323	2	0.0	0.0	0.0	0.0	3	1.016670531185494	26.596611414420273	230.0	35	1.05	0.95				
	324	1	0.0	0.0	0.0	0.0	3	1.015683116622021	26.374919623231207	230.0	36	1.05	0.95				
