%% MATPOWER Case Format : Version 2
function mpc = RTS_GMLC
mpc.version = '2';

%%-----  Power Flow Data  -----%%
%% system MVA base
mpc.baseMVA = 100.0;
%% bus data
%    bus_i    type    Pd    Qd    Gs    Bs    area    Vm    Va    baseKV    zone    Vmax    Vmin
mpc.bus = [
	101	2	52.26323600842105	10.646214742456142	0.0	0.0	1	1.033559858383189	1.8924472026157169	138.0	11	1.05	0.95				
	102	2	46.940128637192984	9.678377038596492	0.0	0.0	1	1.0331420231821942	1.7479188656756623	138.0	12	1.05	0.95				
	103	1	87.10539334736843	17.90499752140351	0.0	0.0	1	1.0258130040572868	0.07244271068696519	138.0	11	1.05	0.95				
	104	1	35.80999504280702	7.258782778947369	0.0	0.0	1	1.0204142811651995	-1.440228656444896	138.0	11	1.05	0.95				
	105	1	34.358238487017545	6.774863927017545	0.0	0.0	1	1.0351646438780828	-1.2557049737801627	138.0	11	1.05	0.95				
	106	1	65.81296386245616	13.54972785403509	0.0	-100.0	1	1.0438537238889403	-3.5058298996969013	138.0	12	1.05	0.95				
	107	2	60.489856491228075	12.097971298245614	0.0	0.0	1	1.0162961306111724	-5.624859503541057	138.0	12	1.05	0.95				
	108	1	82.75012368	16.937159817543858	0.0	0.0	1	1.0131156122262255	-5.829349742962844	138.0	12	1.05	0.95				
	109	1	84.6857990877193	17.421078669473687	0.0	0.0	1	1.0249609389942325	-2.089857908346176	138.0	13	1.05	0.95				
	110	1	94.3641761263158	19.356754077192985	0.0	0.0	1	1.05	-2.92275510994276	138.0	13	1.05	0.95				
	111	1	0.0	0.0	0.0	0.0	1	1.0045841885285363	-0.3353029208121427	230.0	13	1.05	0.95				
	112	1	0.0	0.0	0.0	0.0	1	1.0097795134962213	0.18045873687545547	230.0	13	1.05	0.95				
	113	3	128.23849576140353	26.131618004210527	0.0	0.0	1	0.9984211296645377	-1.730231650769379e-30	230.0	14	1.05	0.95				
	114	2	93.88025727438597	18.87283522526316	0.0	0.0	1	1.0008634994617762	1.666815007359628	230.0	16	1.05	0.95				
	115	2	153.40227606175438	30.970806523508777	0.0	0.0	1	1.0355045418189754	7.727271966707531	230.0	16	1.05	0.95				
	116	2	48.39188519298246	9.678377038596492	0.0	0.0	1	1.0322627112729117	7.334917740569101	230.0	16	1.05	0.95				
	117	1	0.0	0.0	0.0	0.0	1	1.0389157447521853	9.224428732892743	230.0	17	1.05	0.95				
	118	2	161.14497769263158	32.90648193122808	0.0	0.0	1	1.040558453613499	9.27532301352775	230.0	17	1.05	0.95				
	119	1	87.58931219929825	17.90499752140351	0.0	0.0	1	1.027240957738699	6.358169202919515	230.0	15	1.05	0.95				
	120	1	61.941613047017555	12.58189015017544	0.0	0.0	1	1.0264997145075578	6.446373268716383	230.0	15	1.05	0.95				
	121	2	0.0	0.0	0.0	0.0	1	1.0439456360885377	10.433536208963334	230.0	17	1.05	0.95				
	122	2	0.0	0.0	0.0	0.0	1	1.05	16.468727314526998	230.0	17	1.05	0.95				
	123	2	0.0	0.0	0.0	0.0	1	1.0269262693701093	6.866389460304828	230.0	15	1.05	0.95				
	124	1	0.0	0.0	0.0	0.0	1	1.0220539402032345	4.862674253954512	230.0	16	1.05	0.95				
	201	2	58.13946166736842	11.843223672982456	0.0	0.0	2	1.0317184551455518	-9.160590650731562	138.0	21	1.05	0.95				
	202	2	52.21784983087719	10.766566975438597	0.0	0.0	2	1.0321184892137152	-9.1653269379987	138.0	22	1.05	0.95				
	203	1	96.89910277894737	19.918148904561402	0.0	0.0	2	1.020731999991929	-7.607503368363952	138.0	21	1.05	0.95				
	204	1	39.836297809122804	8.074925231578947	0.0	0.0	2	1.0184275495868	-11.28212565556174	138.0	21	1.05	0.95				
	205	1	38.22131276280702	7.536596882807019	0.0	0.0	2	1.0339798084785232	-11.543736391991624	138.0	21	1.05	0.95				
	206	1	73.21265543298246	15.073193765614038	0.0	-100.0	2	1.0425292132534774	-13.38562639011362	138.0	22	1.05	0.95				
	207	2	67.29104359649124	13.458208719298245	0.0	0.0	2	0.9896637220620151	-21.448878642012076	138.0	22	1.05	0.95				
	208	1	92.05414764	18.841492207017545	0.0	0.0	2	0.9921869038955693	-18.911625365454938	138.0	22	1.05	0.95				
	209	1	94.20746103508772	19.379820555789472	0.0	0.0	2	1.0233564343078543	-10.82456688915766	138.0	23	1.05	0.95				
	210	1	104.97402801052631	21.533133950877193	0.0	0.0	2	1.05	-12.255210571935939	138.0	23	1.05	0.95				
	211	1	0.0	0.0	0.0	0.0	2	1.0114005462166773	-7.749349042439398	230.0	23	1.05	0.95				
	212	1	0.0	0.0	0.0	0.0	2	1.011620619568886	-6.99465194725888	230.0	23	1.05	0.95				
	213	2	142.6570124245614	29.06973083368421	0.0	0.0	2	1.0087699278500133	-6.634959508045107	230.0	24	1.05	0.95				
	214	2	104.43569966175438	20.994805602105263	0.0	0.0	2	1.0173463396671263	-4.887026304126965	230.0	26	1.05	0.95				
	215	2	170.65008656070177	34.45301432140351	0.0	0.0	2	1.0314976268218625	2.5230229178774843	230.0	26	1.05	0.95				
	216	2	53.83283487719298	10.766566975438597	0.0	0.0	2	1.0337688373700042	2.448031627293112	230.0	26	1.05	0.95				
	217	1	0.0	0.0	0.0	0.0	2	1.0378919680665326	5.415369552564063	230.0	27	1.05	0.95				
	218	2	179.26334014105262	36.60632771649123	0.0	0.0	2	1.0395874259163067	5.875472832625013	230.0	27	1.05	0.95				
	219	1	97.4374311277193	19.918148904561402	0.0	0.0	2	1.0324075781890665	1.7161918720018081	230.0	25	1.05	0.95				
	220	1	68.90602864280702	13.996537068070175	0.0	0.0	2	1.0353826853465404	2.114142833318117	230.0	25	1.05	0.95				
	221	2	0.0	0.0	0.0	0.0	2	1.039338964898118	5.516583844720384	230.0	27	1.05	0.95				
	222	2	0.0	0.0	0.0	0.0	2	1.05	11.978332327970994	230.0	27	1.05	0.95				
	223	2	0.0	0.0	0.0	0.0	2	1.0381561378874342	2.7349915621564884	230.0	25	1.05	0.95				
	224	1	0.0	0.0	0.0	0.0	2	1.014928758447045	-1.26979587424409	230.0	26	1.05	0.95				
	301	2	43.64757989052632	8.89117368140351	0.0	0.0	3	1.010100858959293	-11.704903857669201	138.0	31	1.05	0.95				
	302	2	39.201993049824566	8.082885164912282	0.0	0.0	3	1.0099347391897848	-11.86577710511979	138.0	32	1.05	0.95				
	303	1	72.74596648421053	14.953337555087721	0.0	0.0	3	1.032288609280081	-4.821607580505859	138.0	31	1.05	0.95				
	304	1	29.906675110175442	6.06216387368421	0.0	0.0	3	1.0122190949157244	-10.610026783329058	138.0	31	1.05	0.95				
	305	1	28.694242335438595	5.658019615438597	0.0	0.0	3	1.0250339344833497	-11.605788884396961	138.0	31	1.05	0.95				
	306	1	54.96361912140352	11.316039230877195	0.0	-100.0	3	1.0416493983899335	-12.042911463680715	138.0	32	1.05	0.95				
	307	2	50.51803228070175	10.103606456140351	0.0	0.0	3	0.9931032900946503	-16.241649305869846	138.0	32	1.05	0.95				
	308	1	69.10866816000001	14.145049038596492	0.0	0.0	3	1.000597195764163	-14.447471909962319	138.0	32	1.05	0.95				
	309	1	70.72524519298247	14.549193296842105	0.0	0.0	3	1.0263537439994692	-7.9249006686574175	138.0	33	1.05	0.95				
	310	1	78.80813035789474	16.165770329824564	0.0	0.0	3	1.05	-10.203700787024514	138.0	33	1.05	0.95				
	311	1	0.0	0.0	0.0	0.0	3	1.005888166832709	-5.180068350639636	230.0	33	1.05	0.95				
	312	1	0.0	0.0	0.0	0.0	3	1.010275952009898	-4.767660535497206	230.0	33	1.05	0.95				
	313	2	107.09822843508772	21.82378994526316	0.0	0.0	3	1.0080843303924376	-2.035042730677361	230.0	34	1.05	0.95				
	314	2	78.40398609964913	15.761626071578949	0.0	0.0	3	1.0013931155308944	-3.9161317865371115	230.0	36	1.05	0.95				
	315	2	128.11372986385965	25.8652325277193	0.0	0.0	3	1.0278486068104349	-0.13665472021804126	230.0	36	1.05	0.95				
	316	2	40.414425824561405	8.082885164912282	0.0	0.0	3	1.0260138491840385	0.2713264194981594	230.0	36	1.05	0.95				
	317	1	0.0	0.0	0.0	0.0	3	1.0326511371411442	1.3675767049711578	230.0	37	1.05	0.95				
	318	2	134.58003799578947	27.48180956070176	0.0	0.0	3	1.0325288685284162	1.216197390675206	230.0	37	1.05	0.95				
	319	1	73.15011074245615	14.953337555087721	0.0	0.0	3	1.0207697230756183	-0.5631870043969853	230.0	35	1.05	0.95				
	320	1	51.7304650554386	10.507750714385967	0.0	0.0	3	1.0189042458313682	-0.49394157010381756	230.0	35	1.05	0.95				
	321	2	0.0	0.0	0.0	0.0	3	1.0341926289285726	1.8222628980962656	230.0	37	1.05	0.95				
	322	2	0.0	0.0	0.0	0.0	3	1.0468893564630195	5.97596528843393	230.0	37	1.05	0.95				
	323	2	0.0	0.0	0.0	0.0	3	1.0183545434438364	-0.13845894488023763	230.0	35	1.05	0.95				
	324	1	0.0	0.0	0.0	0.0	3	1.0225074769766733	-1.91629776505677	230.0	36	1.05	0.95				
	325	1	0.0	0.0	0.0	0.0	3	1.0181766323313122	0.7695923007503092	230.0	35	1.05	0.95				
];
