%% MATPOWER Case Format : Version 2
function mpc = RTS_GMLC
mpc.version = '2';

%%-----  Power Flow Data  -----%%
%% system MVA base
mpc.baseMVA = 100.0;
%% bus data
%    bus_i    type    Pd    Qd    Gs    Bs    area    Vm    Va    baseKV    zone    Vmax    Vmin
mpc.bus = [
	101	2	45.155863440000005	9.198416626666667	0.0	0.0	1	1.0320506320938037	2.505581261312619	138.0	11	1.05	0.95				
	102	2	40.55665512666667	8.362196933333333	0.0	0.0	1	1.0310995054387353	2.223913004383794	138.0	12	1.05	0.95				
	103	1	75.2597724	15.470064326666666	0.0	0.0	1	1.0302410574350451	1.7712802352624528	138.0	11	1.05	0.95				
	104	1	30.940128653333332	6.271647699999999	0.0	0.0	1	1.0206847106986738	-0.7374370671491836	138.0	11	1.05	0.95				
	105	1	29.68579911333333	5.853537853333334	0.0	0.0	1	1.0352676754370815	-0.6031292869415991	138.0	11	1.05	0.95				
	106	1	56.86293914666667	11.707075706666668	0.0	-100.0	1	1.0452653916838475	-2.8123293375503198	138.0	12	1.05	0.95				
	107	2	52.263730833333334	10.452746166666667	0.0	0.0	1	0.9994345297996122	-8.690449875641457	138.0	12	1.05	0.95				
	108	1	71.49678378	14.633844633333332	0.0	0.0	1	1.0038015721024875	-7.128847703357507	138.0	12	1.05	0.95				
	109	1	73.16922316666667	15.05195448	0.0	0.0	1	1.0246586962017736	-1.4587890612300611	138.0	13	1.05	0.95				
	110	1	81.53142009999999	16.724393866666666	0.0	0.0	1	1.05	-2.431382205243231	138.0	13	1.05	0.95				
	111	1	0.0	0.0	0.0	0.0	1	1.004768119177023	0.43660684526167415	230.0	13	1.05	0.95				
	112	1	0.0	0.0	0.0	0.0	1	1.008794502016128	0.28041029892197955	230.0	13	1.05	0.95				
	113	3	110.79910936666666	22.577931720000002	0.0	0.0	1	0.9954269200388147	2.752336573862674e-30	230.0	14	1.05	0.95				
	114	2	81.11331025333334	16.30628402	0.0	0.0	1	1.0052697283149772	3.3122769164214634	230.0	16	1.05	0.95				
	115	2	132.54082139333335	26.759030186666667	0.0	0.0	1	1.0413211087501384	10.43576339295864	230.0	16	1.05	0.95				
	116	2	41.81098466666667	8.362196933333333	0.0	0.0	1	1.038105645814043	9.746683603356699	230.0	16	1.05	0.95				
	117	1	0.0	0.0	0.0	0.0	1	1.0424827623404587	13.50015669477556	230.0	17	1.05	0.95				
	118	2	139.23057894000002	28.431469573333334	0.0	0.0	1	1.0479079986245319	13.606556815347465	230.0	17	1.05	0.95				
	119	1	75.67788224666667	15.470064326666666	0.0	0.0	1	1.0293666307518499	7.549982553666621	230.0	15	1.05	0.95				
	120	1	53.518060373333334	10.870856013333334	0.0	0.0	1	1.0254464048253704	6.431928668071239	230.0	15	1.05	0.95				
	121	2	0.0	0.0	0.0	0.0	1	1.05	14.686106729294174	230.0	17	1.05	0.95				
	122	2	0.0	0.0	0.0	0.0	1	1.05	27.93893925226587	230.0	17	1.05	0.95				
	123	2	0.0	0.0	0.0	0.0	1	1.0237789714185375	6.1375936356491625	230.0	15	1.05	0.95				
	124	1	0.0	0.0	0.0	0.0	1	1.0262149716168143	7.195266159585659	230.0	16	1.05	0.95				
	201	2	44.47158821052633	9.059027228070176	0.0	0.0	2	1.0219914999722204	-9.480837483449092	138.0	21	1.05	0.95				
	202	2	39.94207459649123	8.235479298245615	0.0	0.0	2	1.0224564627849304	-9.41393850393041	138.0	22	1.05	0.95				
	203	1	74.11931368421052	15.235636701754387	0.0	0.0	2	1.0164105407644854	-8.093210752254395	138.0	21	1.05	0.95				
	204	1	30.471273403508775	6.176609473684211	0.0	0.0	2	1.016410669072555	-10.550687109185171	138.0	21	1.05	0.95				
	205	1	29.23595150877193	5.764835508771931	0.0	0.0	2	1.0310584897399062	-10.841195879552512	138.0	21	1.05	0.95				
	206	1	56.00125922807019	11.529671017543862	0.0	-100.0	2	1.0442133735797599	-12.011091927426433	138.0	22	1.05	0.95				
	207	2	51.47174561403509	10.294349122807018	0.0	0.0	2	0.9931070243880202	-17.697933311481805	138.0	22	1.05	0.95				
	208	1	70.41334800000001	14.412088771929826	0.0	0.0	2	0.9995832147418277	-15.850289008963529	138.0	22	1.05	0.95				
	209	1	72.06044385964913	14.823862736842106	0.0	0.0	2	1.022858620458877	-9.7789039874384	138.0	23	1.05	0.95				
	210	1	80.29592315789475	16.47095859649123	0.0	0.0	2	1.05	-10.892134099825045	138.0	23	1.05	0.95				
	211	1	0.0	0.0	0.0	0.0	2	1.0047021800415086	-7.0953121190131565	230.0	23	1.05	0.95				
	212	1	0.0	0.0	0.0	0.0	2	1.0079054405638308	-6.258915767569137	230.0	23	1.05	0.95				
	213	2	109.1201007017544	22.235794105263164	0.0	0.0	2	0.9997383659360483	-5.810832884541672	230.0	24	1.05	0.95				
	214	2	79.88414919298246	16.059184631578947	0.0	0.0	2	1.0042406749421562	-4.856130056658927	230.0	26	1.05	0.95				
	215	2	130.532346877193	26.353533754385968	0.0	0.0	2	1.021864101224026	0.799272154363299	230.0	26	1.05	0.95				
	216	2	41.17739649122807	8.235479298245615	0.0	0.0	2	1.0234509589335765	0.8005264428351554	230.0	26	1.05	0.95				
	217	1	0.0	0.0	0.0	0.0	2	1.0284348048032983	2.5443812602199842	230.0	27	1.05	0.95				
	218	2	137.12073031578947	28.000629614035095	0.0	0.0	2	1.027589899528737	1.9573374784031048	230.0	27	1.05	0.95				
	219	1	74.53108764912282	15.235636701754387	0.0	0.0	2	1.0243500595424275	0.791683559073291	230.0	25	1.05	0.95				
	220	1	52.707067508771935	10.706123087719298	0.0	0.0	2	1.027823203305663	1.5901004174063942	230.0	25	1.05	0.95				
	221	2	0.0	0.0	0.0	0.0	2	1.0291570733515307	2.3793344080790417	230.0	27	1.05	0.95				
	222	2	0.0	0.0	0.0	0.0	2	1.0499999929577772	8.935484477883259	230.0	27	1.05	0.95				
	223	2	0.0	0.0	0.0	0.0	2	1.0304239778483981	2.342060889291753	230.0	25	1.05	0.95				
	224	1	0.0	0.0	0.0	0.0	2	1.0088221032486222	-2.5462500541048847	230.0	26	1.05	0.95				
	301	2	54.37583045052633	11.076558054736845	0.0	0.0	3	1.009694918630488	-14.914756904258848	138.0	31	1.05	0.95				
	302	2	48.8375514231579	10.069598231578949	0.0	0.0	3	1.008927678622641	-15.084298825867343	138.0	32	1.05	0.95				
	303	1	90.62638408421054	18.628756728421056	0.0	0.0	3	1.0353812368216333	-6.543240359940077	138.0	31	1.05	0.95				
	304	1	37.25751345684211	7.552198673684211	0.0	0.0	3	1.0109087671333128	-13.20909380655334	138.0	31	1.05	0.95				
	305	1	35.74707372210526	7.048718762105264	0.0	0.0	3	1.0233583636998587	-14.768438311683116	138.0	31	1.05	0.95				
	306	1	68.47326797473686	14.097437524210529	0.0	-100.0	3	1.0385044904354546	-15.259255469958882	138.0	32	1.05	0.95				
	307	2	62.93498894736843	12.586997789473687	0.0	0.0	3	0.9927137576360311	-20.468431713115187	138.0	32	1.05	0.95				
	308	1	86.09506488000001	17.62179690526316	0.0	0.0	3	0.9967329772911137	-18.14003139450473	138.0	32	1.05	0.95				
	309	1	88.10898452631581	18.125276816842106	0.0	0.0	3	1.0294324426149333	-9.633920629732621	138.0	33	1.05	0.95				
	310	1	98.17858275789474	20.139196463157898	0.0	0.0	3	1.05	-13.00313306423305	138.0	33	1.05	0.95				
	311	1	0.0	0.0	0.0	0.0	3	1.0126281391007117	-6.909246988544173	230.0	33	1.05	0.95				
	312	1	0.0	0.0	0.0	0.0	3	1.0148080674883784	-6.377510960397088	230.0	33	1.05	0.95				
	313	2	133.42217656842107	27.187915225263165	0.0	0.0	3	1.0141469507099308	-3.671611368305557	230.0	34	1.05	0.95				
	314	2	97.6751028463158	19.635716551578952	0.0	0.0	3	1.0160701498735196	-5.255670782650865	230.0	36	1.05	0.95				
	315	2	159.60313197052633	32.22271434105264	0.0	0.0	3	1.0402009961761494	-0.40653343528354835	230.0	36	1.05	0.95				
	316	2	50.34799115789475	10.069598231578949	0.0	0.0	3	1.0400983490326032	0.0887851053994415	230.0	36	1.05	0.95				
	317	1	0.0	0.0	0.0	0.0	3	1.048118899968712	4.0232425807687715	230.0	37	1.05	0.95				
	318	2	167.6588105557895	34.23663398736843	0.0	0.0	3	1.0442325291192434	2.4052394001238486	230.0	37	1.05	0.95				
	319	1	91.12986399578949	18.628756728421056	0.0	0.0	3	1.0348308651062335	-0.8974703372391584	230.0	35	1.05	0.95				
	320	1	64.44542868210527	13.090477701052633	0.0	0.0	3	1.0340494227910884	-0.7944058394228234	230.0	35	1.05	0.95				
	321	2	0.0	0.0	0.0	0.0	3	1.0442341147461298	2.063014783243763	230.0	37	1.05	0.95				
	322	2	0.0	0.0	0.0	0.0	3	1.05	7.1692590873583955	230.0	37	1.05	0.95				
	323	2	0.0	0.0	0.0	0.0	3	1.0345216094467051	-0.3571016461549507	230.0	35	1.05	0.95				
	324	1	0.0	0.0	0.0	0.0	3	1.0300209777259184	-2.712556660547041	230.0	36	1.05	0.95				
	325	1	0.0	0.0	0.0	0.0	3	1.0313284521751274	0.901968292688532	230.0	35	1.05	0.95				
];
