%% MATPOWER Case Format : Version 2
function mpc = RTS_GMLC
mpc.version = '2';

%%-----  Power Flow Data  -----%%
%% system MVA base
mpc.baseMVA = 100.0;
%% bus data
%    bus_i    type    Pd    Qd    Gs    Bs    area    Vm    Va    baseKV    zone    Vmax    Vmin
mpc.bus = [
	101	2	41.02770906947369	8.357496291929824	0.0	0.0	1	1.0124075720181849	-3.653702954839042	138.0	11	1.05	0.95				
	102	2	36.84896092350877	7.597723901754386	0.0	0.0	1	1.012390349991823	-3.879879454834966	138.0	12	1.05	0.95				
	103	1	68.37951511578947	14.055789218245613	0.0	0.0	1	1.0015367199633765	1.627450682103937	138.0	11	1.05	0.95				
	104	1	28.111578436491225	5.698292926315789	0.0	0.0	1	1.0030827296459597	-3.770858278540979	138.0	11	1.05	0.95				
	105	1	26.971919851228066	5.3184067312280705	0.0	0.0	1	1.0174399570281638	-4.829762952563691	138.0	11	1.05	0.95				
	106	1	51.664522531929826	10.636813462456141	0.0	-100.0	1	1.0283093205962548	-5.958383331761537	138.0	12	1.05	0.95				
	107	2	47.48577438596491	9.497154877192981	0.0	0.0	1	0.9867414884886625	-10.80042873679988	138.0	12	1.05	0.95				
	108	1	64.96053935999998	13.296016828070172	0.0	0.0	1	0.9885666653952258	-9.061340723639526	138.0	12	1.05	0.95				
	109	1	66.48008414035087	13.675903023157893	0.0	0.0	1	1.0022770508776773	-2.837933838479421	138.0	13	1.05	0.95				
	110	1	74.07780804210525	15.195447803508772	0.0	0.0	1	1.0314166243899883	-4.766591339309108	138.0	13	1.05	0.95				
	111	1	0.0	0.0	0.0	0.0	1	0.9816895716044904	-0.2214282306464725	230.0	13	1.05	0.95				
	112	1	0.0	0.0	0.0	0.0	1	0.9833253998828282	-1.2358355033760329	230.0	13	1.05	0.95				
	113	3	100.6698416982456	20.513854534736844	0.0	0.0	1	0.963924185041625	-8.256797516362489e-29	230.0	14	1.05	0.95				
	114	2	73.69792184701754	14.815561608421051	0.0	0.0	1	0.9903368783355827	3.3066219983005545	230.0	16	1.05	0.95				
	115	2	120.423923842807	24.312716485614033	0.0	0.0	1	0.9893171427438325	12.649627912638048	230.0	16	1.05	0.95				
	116	2	37.988619508771926	7.597723901754386	0.0	0.0	1	0.9880634481802889	10.93587457211733	230.0	16	1.05	0.95				
	117	1	0.0	0.0	0.0	0.0	1	0.9911545727404667	16.76991815574046	230.0	17	1.05	0.95				
	118	2	126.50210296421052	25.832261265964913	0.0	0.0	1	0.9991416074262366	17.469584460702475	230.0	17	1.05	0.95				
	119	1	68.7594013108772	14.055789218245613	0.0	0.0	1	0.9881452372240336	6.974720105585963	230.0	15	1.05	0.95				
	120	1	48.625432971228065	9.8770410722807	0.0	0.0	1	0.9935221026905354	3.919835970477681	230.0	15	1.05	0.95				
	121	2	0.0	0.0	0.0	0.0	1	0.9993754051188889	18.81247402339131	230.0	17	1.05	0.95				
	122	2	0.0	0.0	0.0	0.0	1	1.008042928037903	35.04053033782763	230.0	17	1.05	0.95				
	123	2	0.0	0.0	0.0	0.0	1	0.9976303590093557	2.5632340156465214	230.0	15	1.05	0.95				
	124	1	0.0	0.0	0.0	0.0	1	0.980786088657997	8.428005136240323	230.0	16	1.05	0.95				
	201	2	42.091610248421055	8.57421690245614	0.0	0.0	2	1.0111929006608482	-14.621311323406239	138.0	21	1.05	0.95				
	202	2	37.80450179719298	7.7947426385964915	0.0	0.0	2	1.0101800057178658	-14.828355090272819	138.0	22	1.05	0.95				
	203	1	70.15268374736843	14.420273881403508	0.0	0.0	2	0.9975649893329207	-10.808888058482578	138.0	21	1.05	0.95				
	204	1	28.840547762807017	5.846056978947368	0.0	0.0	2	1.0010300494796083	-14.000064859810552	138.0	21	1.05	0.95				
	205	1	27.671336367017542	5.456319847017545	0.0	0.0	2	1.0175335896377196	-14.45654615671447	138.0	21	1.05	0.95				
	206	1	53.00424994245615	10.91263969403509	0.0	-100.0	2	1.0291453840085174	-14.864006104092875	138.0	22	1.05	0.95				
	207	2	48.71714149122807	9.743428298245615	0.0	0.0	2	0.9724532665267294	-19.480259869739093	138.0	22	1.05	0.95				
	208	1	66.64504956	13.640799617543859	0.0	0.0	2	0.9809150730819538	-17.69452611603972	138.0	22	1.05	0.95				
	209	1	68.2039980877193	14.030536749473685	0.0	0.0	2	1.005090711056736	-11.65188797711008	138.0	23	1.05	0.95				
	210	1	75.99874072631579	15.589485277192983	0.0	0.0	2	1.033316252269632	-13.00117012915489	138.0	23	1.05	0.95				
	211	1	0.0	0.0	0.0	0.0	2	0.986464514453474	-9.026909751066178	230.0	23	1.05	0.95				
	212	1	0.0	0.0	0.0	0.0	2	0.9859516827333789	-6.294570523567621	230.0	23	1.05	0.95				
	213	2	103.28033996140351	21.045805124210528	0.0	0.0	2	0.9822475560781884	-7.005931765623222	230.0	24	1.05	0.95				
	214	2	75.60900359438595	15.19974814526316	0.0	0.0	2	0.9841249096825487	-7.350648947957196	230.0	26	1.05	0.95				
	215	2	123.54667082175439	24.943176443508772	0.0	0.0	2	0.9916002992745657	-1.9121719214745312	230.0	26	1.05	0.95				
	216	2	38.97371319298246	7.7947426385964915	0.0	0.0	2	0.9897523960591686	-2.3991028560515373	230.0	26	1.05	0.95				
	217	1	0.0	0.0	0.0	0.0	2	1.0003650080813165	-1.0115661406615057	230.0	27	1.05	0.95				
	218	2	129.7824649326316	26.502124971228074	0.0	0.0	2	1.0017573058716318	-1.5648133733236331	230.0	27	1.05	0.95				
	219	1	70.54242087929825	14.420273881403508	0.0	0.0	2	0.9827571057211026	-1.8402204810610692	230.0	25	1.05	0.95				
	220	1	49.886352887017544	10.133165430175438	0.0	0.0	2	0.9795517502938117	-0.517593980984742	230.0	25	1.05	0.95				
	221	2	0.0	0.0	0.0	0.0	2	1.0040629117760491	-1.1033559509170145	230.0	27	1.05	0.95				
	222	2	0.0	0.0	0.0	0.0	2	1.0214458189914524	3.6807917070299294	230.0	27	1.05	0.95				
	223	2	0.0	0.0	0.0	0.0	2	0.9787502621822662	0.5448612635235606	230.0	25	1.05	0.95				
	224	1	0.0	0.0	0.0	0.0	2	0.9831592125728259	-5.300170243649919	230.0	26	1.05	0.95				
	301	2	52.804175911578945	10.756406204210526	0.0	0.0	3	1.0076947142702084	31.123508508165155	138.0	31	1.05	0.95				
	302	2	47.425972809473684	9.778551094736843	0.0	0.0	3	1.0081139918305744	30.829453824704085	138.0	32	1.05	0.95				
	303	1	88.00695985263157	18.09031952526316	0.0	0.0	3	1.015624143980429	43.32534557777066	138.0	31	1.05	0.95				
	304	1	36.18063905052632	7.333913321052631	0.0	0.0	3	0.9992089929347255	32.40348682649273	138.0	31	1.05	0.95				
	305	1	34.71385638631578	6.844985766315789	0.0	0.0	3	1.015930726634206	30.677194764109196	138.0	31	1.05	0.95				
	306	1	66.49414744421053	13.689971532631578	0.0	-100.0	3	1.0280891744026994	29.843882405967285	138.0	32	1.05	0.95				
	307	2	61.11594434210525	12.223188868421051	0.0	0.0	3	0.9685100657507748	27.496142666123056	138.0	32	1.05	0.95				
	308	1	83.60661185999999	17.11246441578947	0.0	0.0	3	0.9825779332607069	29.69155315737387	138.0	32	1.05	0.95				
	309	1	85.56232207894736	17.601391970526315	0.0	0.0	3	1.0081509707690597	35.76911364874792	138.0	33	1.05	0.95				
	310	1	95.3408731736842	19.557102189473685	0.0	0.0	3	1.0363732733749533	31.83365035519554	138.0	33	1.05	0.95				
	311	1	0.0	0.0	0.0	0.0	3	0.9914864739413876	35.64783577024166	230.0	33	1.05	0.95				
	312	1	0.0	0.0	0.0	0.0	3	0.9997010739388676	36.015141163661404	230.0	33	1.05	0.95				
	313	2	129.56580200526315	26.402087955789472	0.0	0.0	3	0.9997507686032392	39.18087391934247	230.0	34	1.05	0.95				
	314	2	94.85194561894737	19.06817463473684	0.0	0.0	3	0.9783359762636156	34.49169464096322	230.0	36	1.05	0.95				
	315	2	154.99003485157894	31.291363503157893	0.0	0.0	3	0.9825936926465141	31.333816823274777	230.0	36	1.05	0.95				
	316	2	48.892755473684204	9.778551094736843	0.0	0.0	3	0.9731815337922015	31.844345000814975	230.0	36	1.05	0.95				
	317	1	0.0	0.0	0.0	0.0	3	0.9867104474919803	32.545884253378155	230.0	37	1.05	0.95				
	318	2	162.81287572736844	33.24707372210526	0.0	0.0	3	0.9817336216207228	28.857323258395443	230.0	37	1.05	0.95				
	319	1	88.49588740736843	18.09031952526316	0.0	0.0	3	0.982426577625617	32.22161807275737	230.0	35	1.05	0.95				
	320	1	62.582727006315785	12.712116423157893	0.0	0.0	3	0.9915706051450185	32.326350704315836	230.0	35	1.05	0.95				
	321	2	0.0	0.0	0.0	0.0	3	0.9908557736172563	30.11023248670376	230.0	37	1.05	0.95				
	322	2	0.0	0.0	0.0	0.0	3	1.0077040036716893	33.57758733292532	230.0	37	1.05	0.95				
	323	2	0.0	0.0	0.0	0.0	3	0.9961994701118783	32.200757890891396	230.0	35	1.05	0.95				
	324	1	0.0	0.0	0.0	0.0	3	0.9933326715384065	37.25706732400535	230.0	36	1.05	0.95				
