%% MATPOWER Case Format : Version 2
function mpc = RTS_GMLC
mpc.version = '2';

%%-----  Power Flow Data  -----%%
%% system MVA base
mpc.baseMVA = 100.0;
%% bus data
%    bus_i    type    Pd    Qd    Gs    Bs    area    Vm    Va    baseKV    zone    Vmax    Vmin
mpc.bus = [
	101	2	45.59673429473685	9.28822365263158	0.0	0.0	1	1.0462391730197613	4.756226374727262	138.0	11	1.05	0.95				
	102	2	40.952622468421055	8.443839684210527	0.0	0.0	1	1.043631564121971	4.07637976569195	138.0	12	1.05	0.95				
	103	1	75.99455715789473	15.621103415789475	0.0	0.0	1	1.036735751785691	2.841080432984966	138.0	11	1.05	0.95				
	104	1	31.24220683157895	6.332879763157894	0.0	0.0	1	1.0292664709946946	1.079594796125688	138.0	11	1.05	0.95				
	105	1	29.975630878947367	5.910687778947369	0.0	0.0	1	1.0416701748877335	0.7999414074620782	138.0	11	1.05	0.95				
	106	1	57.41810985263158	11.821375557894738	0.0	-100.0	1	1.047648257388385	-1.989910048405551	138.0	12	1.05	0.95				
	107	2	52.773998026315795	10.554799605263158	0.0	0.0	1	0.9996613496381219	-6.809150523437812	138.0	12	1.05	0.95				
	108	1	72.19482930000001	14.776719447368421	0.0	0.0	1	1.0044943710540368	-5.851638652556036	138.0	12	1.05	0.95				
	109	1	73.8835972368421	15.19891143157895	0.0	0.0	1	1.0249149075079589	-0.9185943810561377	138.0	13	1.05	0.95				
	110	1	82.32743692105264	16.887679368421054	0.0	0.0	1	1.05	-1.9400054443105048	138.0	13	1.05	0.95				
	111	1	0.0	0.0	0.0	0.0	1	1.0030438165577977	0.07853177408337662	230.0	13	1.05	0.95				
	112	1	0.0	0.0	0.0	0.0	1	1.0069251595036934	-0.16420664459482717	230.0	13	1.05	0.95				
	113	3	111.88087581578947	22.798367147368424	0.0	0.0	1	0.9919119010497744	-2.017410002933662e-29	230.0	14	1.05	0.95				
	114	2	81.90524493684211	16.46548738421053	0.0	0.0	1	1.0004526690620805	1.781629977261359	230.0	16	1.05	0.95				
	115	2	133.83485899473683	27.020286989473686	0.0	0.0	1	1.0384184450907281	7.547882757218278	230.0	16	1.05	0.95				
	116	2	42.21919842105263	8.443839684210527	0.0	0.0	1	1.0331486302387165	6.635741834580216	230.0	16	1.05	0.95				
	117	1	0.0	0.0	0.0	0.0	1	1.0413384100154441	10.166746396436873	230.0	17	1.05	0.95				
	118	2	140.58993074210528	28.70905492631579	0.0	0.0	1	1.046820075208474	10.561451455964283	230.0	17	1.05	0.95				
	119	1	76.41674914210526	15.621103415789475	0.0	0.0	1	1.0219955702459642	4.6615807917811445	230.0	15	1.05	0.95				
	120	1	54.04057397894737	10.976991589473686	0.0	0.0	1	1.014790532018255	3.1706853223436253	230.0	15	1.05	0.95				
	121	2	0.0	0.0	0.0	0.0	1	1.05	11.42885352655428	230.0	17	1.05	0.95				
	122	2	0.0	0.0	0.0	0.0	1	1.05	21.403269198330126	230.0	17	1.05	0.95				
	123	2	0.0	0.0	0.0	0.0	1	1.0114353266750344	2.677217183396473	230.0	15	1.05	0.95				
	124	1	0.0	0.0	0.0	0.0	1	1.030677469360889	5.775363408241965	230.0	16	1.05	0.95				
	201	2	42.363607755789474	8.629623802105263	0.0	0.0	2	1.0125869815015351	-6.2812260635612365	138.0	21	1.05	0.95				
	202	2	38.04879585473684	7.845112547368421	0.0	0.0	2	1.0117990116531215	-6.497668849570035	138.0	22	1.05	0.95				
	203	1	70.60601292631578	14.513458212631578	0.0	0.0	2	1.014073705987917	-4.565366989702578	138.0	21	1.05	0.95				
	204	1	29.026916425263156	5.8838344105263145	0.0	0.0	2	1.012337909126138	-5.936033252258533	138.0	21	1.05	0.95				
	205	1	27.850149543157894	5.491578783157895	0.0	0.0	2	1.0264769333024277	-6.1715145623052905	138.0	21	1.05	0.95				
	206	1	53.34676532210526	10.98315756631579	0.0	-100.0	2	1.0424496654971793	-6.606626628682247	138.0	22	1.05	0.95				
	207	2	49.03195342105263	9.806390684210525	0.0	0.0	2	0.9959519148246422	-11.306449509032975	138.0	22	1.05	0.95				
	208	1	67.07571227999999	13.728946957894733	0.0	0.0	2	1.002279141732271	-9.559213450156712	138.0	22	1.05	0.95				
	209	1	68.64473478947369	14.121202585263157	0.0	0.0	2	1.0240164708734754	-3.8530675734527926	138.0	23	1.05	0.95				
	210	1	76.4898473368421	15.690225094736842	0.0	0.0	2	1.05	-4.79766723148178	138.0	23	1.05	0.95				
	211	1	0.0	0.0	0.0	0.0	2	1.0024398765545584	-1.7633289083952284	230.0	23	1.05	0.95				
	212	1	0.0	0.0	0.0	0.0	2	1.0111888857549907	2.676425446429678	230.0	23	1.05	0.95				
	213	2	103.94774125263156	21.181803877894737	0.0	0.0	2	0.9972668947932206	0.28705024320324596	230.0	24	1.05	0.95				
	214	2	76.09759170947368	15.29796946736842	0.0	0.0	2	0.9973398098761742	-0.8472834070778548	230.0	26	1.05	0.95				
	215	2	124.34503387578945	25.10436015157895	0.0	0.0	2	1.0173987052336806	2.9393478678093854	230.0	26	1.05	0.95				
	216	2	39.2255627368421	7.845112547368421	0.0	0.0	2	1.0172835701330103	2.8365311317646973	230.0	26	1.05	0.95				
	217	1	0.0	0.0	0.0	0.0	2	1.022265867165465	3.640680468397644	230.0	27	1.05	0.95				
	218	2	130.6211239136842	26.67338266105263	0.0	0.0	2	1.0217374476405434	3.353174473701671	230.0	27	1.05	0.95				
	219	1	70.99826855368421	14.513458212631578	0.0	0.0	2	1.0175742703902975	2.7138715527087696	230.0	25	1.05	0.95				
	220	1	50.2087203031579	10.198646311578946	0.0	0.0	2	1.020318436362012	3.3866355520349396	230.0	25	1.05	0.95				
	221	2	0.0	0.0	0.0	0.0	2	1.0238243647242617	4.014094058784129	230.0	27	1.05	0.95				
	222	2	0.0	0.0	0.0	0.0	2	1.0456281906619749	10.412913927124164	230.0	27	1.05	0.95				
	223	2	0.0	0.0	0.0	0.0	2	1.0224025158482974	4.060466733149885	230.0	25	1.05	0.95				
	224	1	0.0	0.0	0.0	0.0	2	1.0066620659811414	0.11133273357798884	230.0	26	1.05	0.95				
	301	2	65.47991142315792	13.338500475087722	0.0	0.0	3	1.0074778727680036	-20.284520521824486	138.0	31	1.05	0.95				
	302	2	58.810661185614045	12.125909522807019	0.0	0.0	3	1.0070521137975967	-20.420199122404174	138.0	32	1.05	0.95				
	303	1	109.13318570526317	22.432932617192986	0.0	0.0	3	1.0240369244294623	-13.534790413397921	138.0	31	1.05	0.95				
	304	1	44.86586523438597	9.094432142105264	0.0	0.0	3	1.0064215972611428	-18.38993241363042	138.0	31	1.05	0.95				
	305	1	43.04697880596491	8.488136665964914	0.0	0.0	3	1.0201107868154242	-19.06899119124856	138.0	31	1.05	0.95				
	306	1	82.45618475508773	16.97627333192983	0.0	-100.0	3	1.034764496082676	-19.06386450472438	138.0	32	1.05	0.95				
	307	2	75.78693451754387	15.157386903508774	0.0	0.0	3	0.9935460033725096	-26.137155455970877	138.0	32	1.05	0.95				
	308	1	103.67652642	21.220341664912283	0.0	0.0	3	0.9927591163942998	-23.23452974020283	138.0	32	1.05	0.95				
	309	1	106.1017083245614	21.826637141052633	0.0	0.0	3	1.0272736965217224	-14.260167467001137	138.0	33	1.05	0.95				
	310	1	118.22761784736844	24.251819045614038	0.0	0.0	3	1.05	-15.909006165529307	138.0	33	1.05	0.95				
	311	1	0.0	0.0	0.0	0.0	3	1.0171642213389218	-8.864495689869262	230.0	33	1.05	0.95				
	312	1	0.0	0.0	0.0	0.0	3	1.019397067977476	-7.454378970267954	230.0	33	1.05	0.95				
	313	2	160.668301177193	32.73995571157896	0.0	0.0	3	1.033923431573463	-2.8018424268440754	230.0	34	1.05	0.95				
	314	2	117.62132237122809	23.64552356947369	0.0	0.0	3	1.0220969950358691	-8.033752839100018	230.0	36	1.05	0.95				
	315	2	192.19566593649125	38.80291047298246	0.0	0.0	3	1.0355561082023934	-6.28110175271292	230.0	36	1.05	0.95				
	316	2	60.6295476140351	12.125909522807019	0.0	0.0	3	1.0366625800353588	-4.9719005701784535	230.0	36	1.05	0.95				
	317	1	0.0	0.0	0.0	0.0	3	1.0391147289337108	-4.010254024705475	230.0	37	1.05	0.95				
	318	2	201.89639355473687	41.22809237754387	0.0	0.0	3	1.0361959199113724	-4.471034710102801	230.0	37	1.05	0.95				
	319	1	109.73948118140353	22.432932617192986	0.0	0.0	3	1.0379718032206249	-3.3357362237648385	230.0	35	1.05	0.95				
	320	1	77.60582094596492	15.763682379649124	0.0	0.0	3	1.0401697578950275	-2.53320015104752	230.0	35	1.05	0.95				
	321	2	0.0	0.0	0.0	0.0	3	1.0380195158707572	-4.534747507896435	230.0	37	1.05	0.95				
	322	2	0.0	0.0	0.0	0.0	3	1.0499999948994825	-0.016716964893127254	230.0	37	1.05	0.95				
	323	2	0.0	0.0	0.0	0.0	3	1.0422029359298577	-1.9230737495207857	230.0	35	1.05	0.95				
	324	1	0.0	0.0	0.0	0.0	3	1.0224871128667603	-8.56762065105565	230.0	36	1.05	0.95				
	325	1	0.0	0.0	0.0	0.0	3	1.0392410541302401	-0.8126526757993396	230.0	35	1.05	0.95				
];
