%% MATPOWER Case Format : Version 2
function mpc = RTS_GMLC
mpc.version = '2';

%%-----  Power Flow Data  -----%%
%% system MVA base
mpc.baseMVA = 100.0;
%% bus data
%    bus_i    type    Pd    Qd    Gs    Bs    area    Vm    Va    baseKV    zone    Vmax    Vmin
mpc.bus = [
	101	2	35.403265709052626	7.21177634814035	0.0	0.0	1	1.0325013691312515	4.165361069160997	138.0	11	1.05	0.95				
	102	2	31.797377534982452	6.556160316491227	0.0	0.0	1	1.0316285667013603	3.919001129785357	138.0	12	1.05	0.95				
	103	1	59.005442848421055	12.128896585508771	0.0	0.0	1	1.0305882455430173	1.873417753654993	138.0	11	1.05	0.95				
	104	1	24.257793171017543	4.917120237368421	0.0	0.0	1	1.022375177664005	0.6815124447291226	138.0	11	1.05	0.95				
	105	1	23.274369123543856	4.58931222154386	0.0	0.0	1	1.0365823994283005	0.9832867297887118	138.0	11	1.05	0.95				
	106	1	44.58189015214035	9.17862444308772	0.0	-100.0	1	1.047796093508494	-1.1884796578675696	138.0	12	1.05	0.95				
	107	2	40.97600197807017	8.195200395614034	0.0	0.0	1	1.0004004979499357	-6.9500189450259775	138.0	12	1.05	0.95				
	108	1	56.05517070599999	11.473280553859647	0.0	0.0	1	1.007344917739296	-5.405370164117793	138.0	12	1.05	0.95				
	109	1	57.36640276929824	11.80108856968421	0.0	0.0	1	1.0245373645015243	-0.6314269893035764	138.0	13	1.05	0.95				
	110	1	63.92256308578946	13.112320632982454	0.0	0.0	1	1.05	-1.204634371702561	138.0	13	1.05	0.95				
	111	1	0.0	0.0	0.0	0.0	1	1.0008967171500978	0.5422462401570475	230.0	13	1.05	0.95				
	112	1	0.0	0.0	0.0	0.0	1	1.0058855341495554	0.6243988178861686	230.0	13	1.05	0.95				
	113	3	86.86912419350877	17.701632854526313	0.0	0.0	1	0.9885335866624383	-5.425262679633674e-31	230.0	14	1.05	0.95				
	114	2	63.594755069964904	12.784512617157894	0.0	0.0	1	0.9974875650732037	2.610432503527118	230.0	16	1.05	0.95				
	115	2	103.91514101638595	20.979713012771928	0.0	0.0	1	1.0353410125508236	7.6211242413298095	230.0	16	1.05	0.95				
	116	2	32.780801582456135	6.556160316491227	0.0	0.0	1	1.030770687092379	7.357213692043844	230.0	16	1.05	0.95				
	117	1	0.0	0.0	0.0	0.0	1	1.0399158823177668	9.558725099429584	230.0	17	1.05	0.95				
	118	2	109.16006926957893	22.290945076070177	0.0	0.0	1	1.0436780510610428	9.581185313947778	230.0	17	1.05	0.95				
	119	1	59.33325086424561	12.128896585508771	0.0	0.0	1	1.0236677730773833	6.096890667401942	230.0	15	1.05	0.95				
	120	1	41.959426025543856	8.523008411438596	0.0	0.0	1	1.019468184240184	5.638193797965118	230.0	15	1.05	0.95				
	121	2	0.0	0.0	0.0	0.0	1	1.0479597695728393	10.355740709001067	230.0	17	1.05	0.95				
	122	2	0.0	0.0	0.0	0.0	1	1.05	18.236748106823654	230.0	17	1.05	0.95				
	123	2	0.0	0.0	0.0	0.0	1	1.0172131963062212	5.644460584876725	230.0	15	1.05	0.95				
	124	1	0.0	0.0	0.0	0.0	1	1.0255768769460567	5.462212726899804	230.0	16	1.05	0.95				
	201	2	41.4286164	8.4391626	0.0	0.0	2	1.021341570409743	-9.292923736714561	138.0	21	1.05	0.95				
	202	2	37.2090351	7.671966000000001	0.0	0.0	2	1.0216112622733546	-9.28308442422655	138.0	22	1.05	0.95				
	203	1	69.047694	14.1931371	0.0	0.0	2	1.0158222889829005	-7.499829264518195	138.0	21	1.05	0.95				
	204	1	28.3862742	5.7539745	0.0	0.0	2	1.0162825090852736	-10.303415142834647	138.0	21	1.05	0.95				
	205	1	27.235479299999998	5.3703762	0.0	0.0	2	1.0311207750301414	-10.608766170014379	138.0	21	1.05	0.95				
	206	1	52.1693688	10.7407524	0.0	-100.0	2	1.0448269687985998	-11.74657816172445	138.0	22	1.05	0.95				
	207	2	47.9497875	9.5899575	0.0	0.0	2	0.9944569622784719	-16.94306449817662	138.0	22	1.05	0.95				
	208	1	65.59530930000001	13.4259405	0.0	0.0	2	1.0013743761946023	-15.241326473092835	138.0	22	1.05	0.95				
	209	1	67.1297025	13.809538799999999	0.0	0.0	2	1.0222969106928745	-9.548272532824496	138.0	23	1.05	0.95				
	210	1	74.80166849999999	15.343932000000002	0.0	0.0	2	1.05	-10.702517838872552	138.0	23	1.05	0.95				
	211	1	0.0	0.0	0.0	0.0	2	1.0031400911085804	-7.108483651338213	230.0	23	1.05	0.95				
	212	1	0.0	0.0	0.0	0.0	2	1.0069368778971524	-6.478358341073783	230.0	23	1.05	0.95				
	213	2	101.65354950000001	20.7143082	0.0	0.0	2	0.9970309979638351	-6.060408688117409	230.0	24	1.05	0.95				
	214	2	74.4180702	14.9603337	0.0	0.0	2	1.0017051720363752	-4.87285989654085	230.0	26	1.05	0.95				
	215	2	121.60066110000001	24.5502912	0.0	0.0	2	1.0177318349783617	0.767479012436364	230.0	26	1.05	0.95				
	216	2	38.35983	7.671966000000001	0.0	0.0	2	1.019568279394743	0.6151612835508045	230.0	26	1.05	0.95				
	217	1	0.0	0.0	0.0	0.0	2	1.024416273677261	2.4014110968136158	230.0	27	1.05	0.95				
	218	2	127.73823390000001	26.0846844	0.0	0.0	2	1.0237501894174674	1.892041996166225	230.0	27	1.05	0.95				
	219	1	69.4312923	14.1931371	0.0	0.0	2	1.020618985662366	0.2567173316139	230.0	25	1.05	0.95				
	220	1	49.1005824	9.9735558	0.0	0.0	2	1.023897860510092	0.7040963309848896	230.0	25	1.05	0.95				
	221	2	0.0	0.0	0.0	0.0	2	1.0253885736510915	2.3262570605972903	230.0	27	1.05	0.95				
	222	2	0.0	0.0	0.0	0.0	2	1.0475310111271627	8.87688643248272	230.0	27	1.05	0.95				
	223	2	0.0	0.0	0.0	0.0	2	1.0261536405671934	1.245474622829567	230.0	25	1.05	0.95				
	224	1	0.0	0.0	0.0	0.0	2	1.0067380983716092	-2.353892375848088	230.0	26	1.05	0.95				
	301	2	44.26257512842106	9.016450489122809	0.0	0.0	3	1.008890522835561	-18.744418174428596	138.0	31	1.05	0.95				
	302	2	39.75434988385965	8.196773171929825	0.0	0.0	3	1.008772146278032	-18.87967781099265	138.0	32	1.05	0.95				
	303	1	73.77095854736842	15.164030368070177	0.0	0.0	3	1.0283209028513	-12.505697346435241	138.0	31	1.05	0.95				
	304	1	30.328060736140355	6.147579878947369	0.0	0.0	3	1.0116824282782924	-17.482905805614003	138.0	31	1.05	0.95				
	305	1	29.09854476035088	5.737741220350879	0.0	0.0	3	1.0242904862752022	-18.501620249261	138.0	31	1.05	0.95				
	306	1	55.73805756912281	11.475482440701757	0.0	-100.0	3	1.0411973775365493	-18.860983351947745	138.0	32	1.05	0.95				
	307	2	51.22983232456141	10.245966464912282	0.0	0.0	3	0.9935127475888528	-23.090441214090216	138.0	32	1.05	0.95				
	308	1	70.08241062	14.344353050877192	0.0	0.0	3	1.0006797949439625	-21.265268152383708	138.0	32	1.05	0.95				
	309	1	71.72176525438597	14.754191709473686	0.0	0.0	3	1.0267023347885391	-14.6625252368644	138.0	33	1.05	0.95				
	310	1	79.9185384263158	16.39354634385965	0.0	0.0	3	1.05	-16.937762009998277	138.0	33	1.05	0.95				
	311	1	0.0	0.0	0.0	0.0	3	1.0059009531838756	-11.902860490864462	230.0	33	1.05	0.95				
	312	1	0.0	0.0	0.0	0.0	3	1.0113380414278612	-11.14495469395054	230.0	33	1.05	0.95				
	313	2	108.60724452807018	22.13128756421053	0.0	0.0	3	1.0095042187681564	-8.400218679048454	230.0	34	1.05	0.95				
	314	2	79.5086997677193	15.983707685263159	0.0	0.0	3	1.0003076244055698	-10.942393940424719	230.0	36	1.05	0.95				
	315	2	129.91885477508774	26.22967415017544	0.0	0.0	3	1.0232474374014775	-7.683214208634651	230.0	36	1.05	0.95				
	316	2	40.98386585964913	8.196773171929825	0.0	0.0	3	1.0226260316736737	-7.121172621001206	230.0	36	1.05	0.95				
	317	1	0.0	0.0	0.0	0.0	3	1.0282641771694172	-5.577479765919549	230.0	37	1.05	0.95				
	318	2	136.47627331263158	27.869028784561404	0.0	0.0	3	1.0270030590721737	-5.783723687844945	230.0	37	1.05	0.95				
	319	1	74.18079720596492	15.164030368070177	0.0	0.0	3	1.0213984039593382	-7.213555630593067	230.0	35	1.05	0.95				
	320	1	52.45934830035088	10.655805123508772	0.0	0.0	3	1.0230118701405102	-6.485995400621884	230.0	35	1.05	0.95				
	321	2	0.0	0.0	0.0	0.0	3	1.027919839457352	-5.878831734393972	230.0	37	1.05	0.95				
	322	2	0.0	0.0	0.0	0.0	3	1.0414156237156527	-1.3819425789121766	230.0	37	1.05	0.95				
	323	2	0.0	0.0	0.0	0.0	3	1.0245691439859392	-5.769321152419601	230.0	35	1.05	0.95				
	324	1	0.0	0.0	0.0	0.0	3	1.018065073223932	-9.516911234743134	230.0	36	1.05	0.95				
	325	1	0.0	0.0	0.0	0.0	3	1.0214540570655137	-4.409421567553783	230.0	35	1.05	0.95				
];

%% generator data
%    bus    Pg    Qg    Qmax    Qmin    Vg    mBase    status    Pmax    Pmin    Pc1    Pc2    Qc1min    Qc1max    Qc2min    Qc2max    ramp_agc    ramp_10    ramp_30    ramp_q    apf
