%% MATPOWER Case Format : Version 2
function mpc = RTS_GMLC
mpc.version = '2';

%%-----  Power Flow Data  -----%%
%% system MVA base
mpc.baseMVA = 100.0;
%% bus data
%    bus_i    type    Pd    Qd    Gs    Bs    area    Vm    Va    baseKV    zone    Vmax    Vmin
mpc.bus = [
	101	2	35.456704601684216	7.2226620484912285	0.0	0.0	1	1.015473603672512	2.405430245928763	138.0	11	1.05	0.95				
	102	2	31.845373577438597	6.566056407719299	0.0	0.0	1	1.0130566317676073	1.734035444794718	138.0	12	1.05	0.95				
	103	1	59.094507669473685	12.147204354280703	0.0	0.0	1	1.0301204978146201	4.200650385698517	138.0	11	1.05	0.95				
	104	1	24.294408708561406	4.9245423057894735	0.0	0.0	1	1.0145271398300397	-0.11056127972713449	138.0	11	1.05	0.95				
	105	1	23.30950024740351	4.59623948540351	0.0	0.0	1	1.0283836637499533	-0.09265567669569619	138.0	11	1.05	0.95				
	106	1	44.64918357249123	9.19247897080702	0.0	-100.0	1	1.0438827521406167	-1.98125422592149	138.0	12	1.05	0.95				
	107	2	41.03785254824561	8.207570509649123	0.0	0.0	1	0.9838010395511779	-7.383258601129502	138.0	12	1.05	0.95				
	108	1	56.13978228599999	11.490598713508772	0.0	0.0	1	0.997420469361374	-5.63451238537447	138.0	12	1.05	0.95				
	109	1	57.452993567543864	11.818901533894737	0.0	0.0	1	1.024412219780371	-0.2368881709484521	138.0	13	1.05	0.95				
	110	1	64.01904997526316	13.132112815438598	0.0	0.0	1	1.05	-1.5339827427824855	138.0	13	1.05	0.95				
	111	1	0.0	0.0	0.0	0.0	1	1.011538766381142	1.5961711110255152	230.0	13	1.05	0.95				
	112	1	0.0	0.0	0.0	0.0	1	1.0084999704965982	0.3929664187826326	230.0	13	1.05	0.95				
	113	3	87.0002474022807	17.728352300842108	0.0	0.0	1	0.983938269415638	-3.2038938813159485e-30	230.0	14	1.05	0.95				
	114	2	63.690747154877194	12.803809995052632	0.0	0.0	1	1.0364060620926445	5.414663508594508	230.0	16	1.05	0.95				
	115	2	104.07199406235088	21.011380504701755	0.0	0.0	1	1.04315861994264	14.675648747147823	230.0	16	1.05	0.95				
	116	2	32.83028203859649	6.566056407719299	0.0	0.0	1	1.0415251219341892	12.879567746700456	230.0	16	1.05	0.95				
	117	1	0.0	0.0	0.0	0.0	1	1.0412148573362345	18.697246092208744	230.0	17	1.05	0.95				
	118	2	109.32483918852631	22.324591786245616	0.0	0.0	1	1.05	19.22305091916682	230.0	17	1.05	0.95				
	119	1	59.42281048985966	12.147204354280703	0.0	0.0	1	1.035752233634319	8.687108248785107	230.0	15	1.05	0.95				
	120	1	42.02276100940351	8.53587333003509	0.0	0.0	1	1.0365098297991402	5.66095009149404	230.0	15	1.05	0.95				
	121	2	0.0	0.0	0.0	0.0	1	1.0430152656764808	20.57061442438681	230.0	17	1.05	0.95				
	122	2	0.0	0.0	0.0	0.0	1	1.05	38.53388785095098	230.0	17	1.05	0.95				
	123	2	0.0	0.0	0.0	0.0	1	1.0377449170576076	4.247798063566855	230.0	15	1.05	0.95				
	124	1	0.0	0.0	0.0	0.0	1	1.0251757895677007	10.761590564026516	230.0	16	1.05	0.95				
	201	2	39.59263341473684	8.065166065964911	0.0	0.0	2	1.01396681613346	-12.719576577365101	138.0	21	1.05	0.95				
	202	2	35.56005038175438	7.331969150877192	0.0	0.0	2	1.0131668080924632	-13.005439387366259	138.0	22	1.05	0.95				
	203	1	65.98772235789473	13.564142929122806	0.0	0.0	2	1.011188440402714	-8.783920890010728	138.0	21	1.05	0.95				
	204	1	27.12828585824561	5.498976863157894	0.0	0.0	2	1.0122464409882086	-12.735836633981537	138.0	21	1.05	0.95				
	205	1	26.028490485614032	5.132378405614036	0.0	0.0	2	1.0276399796703317	-13.15697273324548	138.0	21	1.05	0.95				
	206	1	49.857390225964906	10.264756811228072	0.0	-100.0	2	1.0434885289755575	-13.880578100351107	138.0	22	1.05	0.95				
	207	2	45.824807192982455	9.16496143859649	0.0	0.0	2	0.9970468279568511	-18.213823086147947	138.0	22	1.05	0.95				
	208	1	62.68833624	12.830946014035085	0.0	0.0	2	1.0033745696545073	-16.591276238473306	138.0	22	1.05	0.95				
	209	1	64.15473007017543	13.197544471578945	0.0	0.0	2	1.0215986396663865	-10.988187529749663	138.0	23	1.05	0.95				
	210	1	71.48669922105262	14.663938301754383	0.0	0.0	2	1.05	-12.412472820702654	138.0	23	1.05	0.95				
	211	1	0.0	0.0	0.0	0.0	2	1.0045968710623883	-8.266581630386757	230.0	23	1.05	0.95				
	212	1	0.0	0.0	0.0	0.0	2	1.0056927190756408	-7.6407889817756285	230.0	23	1.05	0.95				
	213	2	97.1485912491228	19.79631670736842	0.0	0.0	2	0.9981423741247181	-7.051035337676301	230.0	24	1.05	0.95				
	214	2	71.12010076350876	14.297339844210525	0.0	0.0	2	1.0066609093182948	-5.778174382296075	230.0	26	1.05	0.95				
	215	2	116.21171104140349	23.462301282807015	0.0	0.0	2	1.0198996598052275	0.18302108434925718	230.0	26	1.05	0.95				
	216	2	36.65984575438596	7.331969150877192	0.0	0.0	2	1.022496411054776	-0.02910048643749703	230.0	26	1.05	0.95				
	217	1	0.0	0.0	0.0	0.0	2	1.0303221722291627	1.6742802564827195	230.0	27	1.05	0.95				
	218	2	122.07728636210527	24.928695112982453	0.0	0.0	2	1.0287935649059807	1.2346589777045651	230.0	27	1.05	0.95				
	219	1	66.3543208154386	13.564142929122806	0.0	0.0	2	1.020954564641005	-0.3069217442263857	230.0	25	1.05	0.95				
	220	1	46.92460256561403	9.53155989614035	0.0	0.0	2	1.0217715612523128	0.17675009721236762	230.0	25	1.05	0.95				
	221	2	0.0	0.0	0.0	0.0	2	1.0292108694507105	1.6855711508441313	230.0	27	1.05	0.95				
	222	2	0.0	0.0	0.0	0.0	2	1.0499999985894228	8.17326936631068	230.0	27	1.05	0.95				
	223	2	0.0	0.0	0.0	0.0	2	1.0226071683623725	0.7287035460443839	230.0	25	1.05	0.95				
	224	1	0.0	0.0	0.0	0.0	2	1.0055757072330616	-3.1789606765618776	230.0	26	1.05	0.95				
	301	2	45.11673519157895	9.19044605754386	0.0	0.0	3	1.0097914874315526	-5.965287440882106	138.0	31	1.05	0.95				
	302	2	40.521512162807014	8.35495096140351	0.0	0.0	3	1.0095227670388454	-6.128877297744815	138.0	32	1.05	0.95				
	303	1	75.19455865263159	15.45665927859649	0.0	0.0	3	1.0331657661333502	0.887786135117856	138.0	31	1.05	0.95				
	304	1	30.91331855719298	6.266213221052632	0.0	0.0	3	1.0117034765642088	-4.905604915468784	138.0	31	1.05	0.95				
	305	1	29.660075912982453	5.8484656729824565	0.0	0.0	3	1.0246490626783415	-5.764210860797245	138.0	31	1.05	0.95				
	306	1	56.81366653754386	11.696931345964913	0.0	-100.0	3	1.0411534065682357	-6.15821812756535	138.0	32	1.05	0.95				
	307	2	52.21844350877193	10.443688701754386	0.0	0.0	3	0.9937790312918966	-10.658162119282716	138.0	32	1.05	0.95				
	308	1	71.43483072	14.62116418245614	0.0	0.0	3	1.0004297724886182	-8.787743933140428	138.0	32	1.05	0.95				
	309	1	73.1058209122807	15.038911730526316	0.0	0.0	3	1.026255023325545	-2.1912202205760956	138.0	33	1.05	0.95				
	310	1	81.46077187368421	16.70990192280702	0.0	0.0	3	1.05	-4.217117477877419	138.0	33	1.05	0.95				
	311	1	0.0	0.0	0.0	0.0	3	1.007540298557476	1.0365669225797307	230.0	33	1.05	0.95				
	312	1	0.0	0.0	0.0	0.0	3	1.0098048845068517	1.5554967572536587	230.0	33	1.05	0.95				
	313	2	110.70310023859649	22.558367595789473	0.0	0.0	3	1.0084516496636329	4.39169942736814	230.0	34	1.05	0.95				
	314	2	81.04302432561403	16.292154374736842	0.0	0.0	3	1.0071351494462377	2.454688380524105	230.0	36	1.05	0.95				
	315	2	132.4259727382456	26.73584307649123	0.0	0.0	3	1.0332277910250076	6.251853642139305	230.0	36	1.05	0.95				
	316	2	41.774754807017544	8.35495096140351	0.0	0.0	3	1.0321486210209505	6.9410238944430445	230.0	36	1.05	0.95				
	317	1	0.0	0.0	0.0	0.0	3	1.0419483273572763	9.85356653075202	230.0	37	1.05	0.95				
	318	2	139.10993350736842	28.40683326877193	0.0	0.0	3	1.038176599742873	7.914083648659759	230.0	37	1.05	0.95				
	319	1	75.61230620070177	15.45665927859649	0.0	0.0	3	1.024896799247358	6.3004341454634645	230.0	35	1.05	0.95				
	320	1	53.47168615298246	10.861436249824562	0.0	0.0	3	1.0213723643901778	6.558070141104735	230.0	35	1.05	0.95				
	321	2	0.0	0.0	0.0	0.0	3	1.0385196781396135	7.969052513992684	230.0	37	1.05	0.95				
	322	2	0.0	0.0	0.0	0.0	3	1.05	13.027006291386714	230.0	37	1.05	0.95				
	323	2	0.0	0.0	0.0	0.0	3	1.020005236621794	7.027493477779941	230.0	35	1.05	0.95				
	324	1	0.0	0.0	0.0	0.0	3	1.0255830845037448	4.225660229605398	230.0	36	1.05	0.95				
	325	1	0.0	0.0	0.0	0.0	3	1.0182420054788197	8.176996186457966	230.0	35	1.05	0.95				
];
