%% MATPOWER Case Format : Version 2
function mpc = RTS_GMLC
mpc.version = '2';

%%-----  Power Flow Data  -----%%
%% system MVA base
mpc.baseMVA = 100.0;
%% bus data
%    bus_i    type    Pd    Qd    Gs    Bs    area    Vm    Va    baseKV    zone    Vmax    Vmin
mpc.bus = [
	101	2	69.72439388210528	14.203117272280702	0.0	0.0	1	1.048378898670142	-0.25380319406813995	138.0	11	1.05	0.95				
	102	2	62.622835245964914	12.911924792982457	0.0	0.0	1	1.0479366563713215	-0.4251155179592119	138.0	12	1.05	0.95				
	103	1	116.20732313684212	23.887060867017546	0.0	0.0	1	1.0271597344256667	-2.4319344799373988	138.0	11	1.05	0.95				
	104	1	47.77412173403509	9.683943594736842	0.0	0.0	1	1.0266061462158056	-3.7715229274192503	138.0	11	1.05	0.95				
	105	1	45.837333015087715	9.038347355087721	0.0	0.0	1	1.04008575351566	-4.100046631738637	138.0	11	1.05	0.95				
	106	1	87.8010885922807	18.076694710175442	0.0	-100.0	1	1.0423417042788061	-6.8841247198451	138.0	12	1.05	0.95				
	107	2	80.69952995614035	16.13990599122807	0.0	0.0	1	1.0042913954407846	-11.89619654092044	138.0	12	1.05	0.95				
	108	1	110.39695698	22.5958683877193	0.0	0.0	1	1.0001292544734341	-11.205604538789812	138.0	12	1.05	0.95				
	109	1	112.97934193859649	23.241464627368423	0.0	0.0	1	1.025560417860357	-4.888807006675732	138.0	13	1.05	0.95				
	110	1	125.89126673157895	25.823849585964915	0.0	0.0	1	1.05	-6.0370673840061535	138.0	13	1.05	0.95				
	111	1	0.0	0.0	0.0	0.0	1	1.0105232504740311	-2.2032844048644926	230.0	13	1.05	0.95				
	112	1	0.0	0.0	0.0	0.0	1	1.0133626738996842	-1.5218871598633645	230.0	13	1.05	0.95				
	113	3	171.08300350701754	34.86219694105264	0.0	0.0	1	1.0100446381306665	8.590114249937974e-29	230.0	14	1.05	0.95				
	114	2	125.24567049192983	25.178253346315792	0.0	0.0	1	1.0107564059735632	-0.7949436904386821	230.0	16	1.05	0.95				
	115	2	204.65400796877194	41.31815933754386	0.0	0.0	1	1.0392925610114174	5.7224982414629055	230.0	16	1.05	0.95				
	116	2	64.55962396491228	12.911924792982457	0.0	0.0	1	1.0359768135107186	5.116766159455498	230.0	16	1.05	0.95				
	117	1	0.0	0.0	0.0	0.0	1	1.0414283609302983	7.6188502965024645	230.0	17	1.05	0.95				
	118	2	214.9835478031579	43.90054429614035	0.0	0.0	1	1.0432838915771057	7.947099005405149	230.0	17	1.05	0.95				
	119	1	116.85291937649123	23.887060867017546	0.0	0.0	1	1.0293000372053247	4.0156463260531625	230.0	15	1.05	0.95				
	120	1	82.63631867508772	16.785502230877196	0.0	0.0	1	1.0284968270871946	4.063311888225905	230.0	15	1.05	0.95				
	121	2	0.0	0.0	0.0	0.0	1	1.0463726499389945	9.508732505692143	230.0	17	1.05	0.95				
	122	2	0.0	0.0	0.0	0.0	1	1.05	15.275161602331803	230.0	17	1.05	0.95				
	123	2	0.0	0.0	0.0	0.0	1	1.029642639650304	4.579098980243129	230.0	15	1.05	0.95				
	124	1	0.0	0.0	0.0	0.0	1	1.0243660040029356	2.6775880182358556	230.0	16	1.05	0.95				
	201	2	59.10845271157896	12.040610737543862	0.0	0.0	2	1.0298476279957058	-8.51591913437996	138.0	21	1.05	0.95				
	202	2	53.08814734280703	10.946009761403511	0.0	0.0	2	1.0304084551834816	-8.413386375366114	138.0	22	1.05	0.95				
	203	1	98.51408785263159	20.250118058596495	0.0	0.0	2	1.01808064871624	-8.594924107070224	138.0	21	1.05	0.95				
	204	1	40.50023611719299	8.209507321052632	0.0	0.0	2	1.0180931499204522	-10.106706227937465	138.0	21	1.05	0.95				
	205	1	38.85833465298246	7.6622068329824575	0.0	0.0	2	1.033136032764072	-10.259214561061894	138.0	21	1.05	0.95				
	206	1	74.43286637754387	15.324413665964915	0.0	-100.0	2	1.0421428925985494	-11.735287519767265	138.0	22	1.05	0.95				
	207	2	68.41256100877193	13.682512201754388	0.0	0.0	2	0.9909162425943941	-19.859061248581884	138.0	22	1.05	0.95				
	208	1	93.58838346000002	19.155517082456143	0.0	0.0	2	0.992737177282402	-17.27259505465034	138.0	22	1.05	0.95				
	209	1	95.77758541228071	19.702817570526317	0.0	0.0	2	1.0243385269450462	-9.261396393783471	138.0	23	1.05	0.95				
	210	1	106.72359517368422	21.892019522807022	0.0	0.0	2	1.05	-10.287227929933195	138.0	23	1.05	0.95				
	211	1	0.0	0.0	0.0	0.0	2	1.0098099524852222	-6.121707656868016	230.0	23	1.05	0.95				
	212	1	0.0	0.0	0.0	0.0	2	1.01279411620991	-3.349616444993055	230.0	23	1.05	0.95				
	213	2	145.0346293385965	29.55422635578948	0.0	0.0	2	1.0076817820730024	-4.2022691469904405	230.0	24	1.05	0.95				
	214	2	106.17629468561405	21.344719034736844	0.0	0.0	2	1.012590138253214	-4.074363041933607	230.0	26	1.05	0.95				
	215	2	173.49425471824563	35.02723123649123	0.0	0.0	2	1.0321016626124018	2.105835684644087	230.0	26	1.05	0.95				
	216	2	54.73004880701755	10.946009761403511	0.0	0.0	2	1.031989168063438	2.1605943401335352	230.0	26	1.05	0.95				
	217	1	0.0	0.0	0.0	0.0	2	1.0371413367805775	4.3740620554597625	230.0	27	1.05	0.95				
	218	2	182.25106252736845	37.21643318877194	0.0	0.0	2	1.0380703199199646	4.653463029349226	230.0	27	1.05	0.95				
	219	1	99.06138834070177	20.250118058596495	0.0	0.0	2	1.0300776667213403	2.217279233764703	230.0	25	1.05	0.95				
	220	1	70.05446247298246	14.229812689824564	0.0	0.0	2	1.0327253635479574	3.3212613777667226	230.0	25	1.05	0.95				
	221	2	0.0	0.0	0.0	0.0	2	1.0384868425483886	4.568988845245021	230.0	27	1.05	0.95				
	222	2	0.0	0.0	0.0	0.0	2	1.05	10.993103193860684	230.0	27	1.05	0.95				
	223	2	0.0	0.0	0.0	0.0	2	1.035641740024029	4.337520551345383	230.0	25	1.05	0.95				
	224	1	0.0	0.0	0.0	0.0	2	1.0136121416001234	-1.8885483069629423	230.0	26	1.05	0.95				
	301	2	60.218285343157895	12.26668775508772	0.0	0.0	3	1.0031964339809147	-5.531238293369414	138.0	31	1.05	0.95				
	302	2	54.08494146561404	11.151534322807018	0.0	0.0	3	1.0028710299209165	-5.625963018784047	138.0	32	1.05	0.95				
	303	1	100.36380890526316	20.630338497192984	0.0	0.0	3	1.0197882295685512	-0.7457436966858325	138.0	31	1.05	0.95				
	304	1	41.26067699438597	8.363650742105262	0.0	0.0	3	1.0050051315024182	-3.8700602572066285	138.0	31	1.05	0.95				
	305	1	39.58794684596491	7.806074025964913	0.0	0.0	3	1.0185049762946146	-4.0878530831504225	138.0	31	1.05	0.95				
	306	1	75.83043339508772	15.612148051929825	0.0	-100.0	3	1.0351415059946873	-3.9171586994385335	138.0	32	1.05	0.95				
	307	2	69.69708951754386	13.939417903508772	0.0	0.0	3	0.994213768094445	-8.88094616834882	138.0	32	1.05	0.95				
	308	1	95.34561846	19.51518506491228	0.0	0.0	3	0.9996533403128066	-6.327360773756704	138.0	32	1.05	0.95				
	309	1	97.57592532456141	20.07276178105263	0.0	0.0	3	1.025787424854223	-0.15558785511084855	138.0	33	1.05	0.95				
	310	1	108.7274596473684	22.303068645614037	0.0	0.0	3	1.05	-0.8595023887606027	138.0	33	1.05	0.95				
	311	1	0.0	0.0	0.0	0.0	3	1.0119093605774085	5.145845847625498	230.0	33	1.05	0.95				
	312	1	0.0	0.0	0.0	0.0	3	1.0160278902945468	5.98939684319704	230.0	33	1.05	0.95				
	313	2	147.757829777193	30.109142671578947	0.0	0.0	3	1.026404554224703	11.326578418853993	230.0	34	1.05	0.95				
	314	2	108.16988293122807	21.745491929473683	0.0	0.0	3	1.012247079438624	5.372167558072865	230.0	36	1.05	0.95				
	315	2	176.75181901649123	35.684909832982456	0.0	0.0	3	1.0262654443595076	3.1470991149495626	230.0	36	1.05	0.95				
	316	2	55.75767161403509	11.151534322807018	0.0	0.0	3	1.0264089604813533	4.246469928594295	230.0	36	1.05	0.95				
	317	1	0.0	0.0	0.0	0.0	3	1.0303838539140888	4.024211965466933	230.0	37	1.05	0.95				
	318	2	185.67304647473685	37.91521669754386	0.0	0.0	3	1.028777568706067	3.3027341212354377	230.0	37	1.05	0.95				
	319	1	100.92138562140352	20.630338497192984	0.0	0.0	3	1.0259101590530464	5.9182052178037035	230.0	35	1.05	0.95				
	320	1	71.36981966596491	14.496994619649122	0.0	0.0	3	1.026976870277502	7.023581517439983	230.0	35	1.05	0.95				
	321	2	0.0	0.0	0.0	0.0	3	1.0299484004042128	3.8057708546175624	230.0	37	1.05	0.95				
	322	2	0.0	0.0	0.0	0.0	3	1.043436703886093	8.25302113199622	230.0	37	1.05	0.95				
	323	2	0.0	0.0	0.0	0.0	3	1.027690421342434	7.53322508582727	230.0	35	1.05	0.95				
	324	1	0.0	0.0	0.0	0.0	3	1.0198203076292016	3.4519274720654307	230.0	36	1.05	0.95				
	325	1	0.0	0.0	0.0	0.0	3	1.029728879298437	7.710666809514349	230.0	35	1.05	0.95				
];
