%% MATPOWER Case Format : Version 2
function mpc = RTS_GMLC
mpc.version = '2';

%%-----  Power Flow Data  -----%%
%% system MVA base
mpc.baseMVA = 100.0;
%% bus data
%    bus_i    type    Pd    Qd    Gs    Bs    area    Vm    Va    baseKV    zone    Vmax    Vmin
mpc.bus = [
	101	2	67.92083128421052	13.835724891228072	0.0	0.0	1	1.0456269451982843	1.125428042197275	138.0	11	1.05	0.95				
	102	2	61.00296883859648	12.577931719298247	0.0	0.0	1	1.0450024782365777	0.9197150870048738	138.0	12	1.05	0.95				
	103	1	113.20138547368421	23.269173680701755	0.0	0.0	1	1.0266845594027783	-1.442848607900878	138.0	11	1.05	0.95				
	104	1	46.53834736140351	9.433448789473683	0.0	0.0	1	1.0250993955052592	-2.563016791340085	138.0	11	1.05	0.95				
	105	1	44.651657603508774	8.804552203508772	0.0	0.0	1	1.0389039921918688	-2.7070359102013772	138.0	11	1.05	0.95				
	106	1	85.52993569122808	17.609104407017544	0.0	-100.0	1	1.0421271196750341	-5.474890848774672	138.0	12	1.05	0.95				
	107	2	78.61207324561403	15.722414649122808	0.0	0.0	1	1.0131405919415226	-7.767180661358698	138.0	12	1.05	0.95				
	108	1	107.5413162	22.01138050877193	0.0	0.0	1	1.0069626702378276	-8.226260755740865	138.0	12	1.05	0.95				
	109	1	110.05690254385965	22.64027709473684	0.0	0.0	1	1.0257526631493017	-3.6400964082227842	138.0	13	1.05	0.95				
	110	1	122.63483426315788	25.155863438596494	0.0	0.0	1	1.05	-4.66939168489223	138.0	13	1.05	0.95				
	111	1	0.0	0.0	0.0	0.0	1	1.0095393652033664	-1.389672552542856	230.0	13	1.05	0.95				
	112	1	0.0	0.0	0.0	0.0	1	1.0129719076044434	-0.6278468017077921	230.0	13	1.05	0.95				
	113	3	166.65759528070174	33.96041564210526	0.0	0.0	1	1.0067702019253904	-6.687939006638418e-29	230.0	14	1.05	0.95				
	114	2	122.00593767719296	24.526966852631578	0.0	0.0	1	1.0090294252892151	0.24687296390823715	230.0	16	1.05	0.95				
	115	2	199.36021775087718	40.249381501754385	0.0	0.0	1	1.0410793935121174	6.698428408787813	230.0	16	1.05	0.95				
	116	2	62.88965859649123	12.577931719298247	0.0	0.0	1	1.037822704385883	6.3374856854736725	230.0	16	1.05	0.95				
	117	1	0.0	0.0	0.0	0.0	1	1.043272547843664	8.632288907129062	230.0	17	1.05	0.95				
	118	2	209.4225631263158	42.76496784561404	0.0	0.0	1	1.045604116806173	8.69390857033305	230.0	17	1.05	0.95				
	119	1	113.83028205964914	23.269173680701755	0.0	0.0	1	1.031497751628199	5.414428182200784	230.0	15	1.05	0.95				
	120	1	80.49876300350877	16.35131123508772	0.0	0.0	1	1.0309599582838875	5.682465575183284	230.0	15	1.05	0.95				
	121	2	0.0	0.0	0.0	0.0	1	1.0492549446029211	10.041020562212898	230.0	17	1.05	0.95				
	122	2	0.0	0.0	0.0	0.0	1	1.05	17.472501829208984	230.0	17	1.05	0.95				
	123	2	0.0	0.0	0.0	0.0	1	1.0322134781412649	6.304802010794002	230.0	15	1.05	0.95				
	124	1	0.0	0.0	0.0	0.0	1	1.0253001833779176	3.6659049838619775	230.0	16	1.05	0.95				
	201	2	62.01542576842106	12.632771915789476	0.0	0.0	2	1.0309078171418575	-7.537265660338422	138.0	21	1.05	0.95				
	202	2	55.699039810526315	11.48433810526316	0.0	0.0	2	1.0313075333371096	-7.5079258177708645	138.0	22	1.05	0.95				
	203	1	103.35904294736844	21.246025494736845	0.0	0.0	2	1.0206144762361695	-6.93265445893569	138.0	21	1.05	0.95				
	204	1	42.49205098947369	8.613253578947369	0.0	0.0	2	1.0180902794968716	-9.387688445766189	138.0	21	1.05	0.95				
	205	1	40.76940027368421	8.039036673684212	0.0	0.0	2	1.033221224360535	-9.57787197772826	138.0	21	1.05	0.95				
	206	1	78.09349911578948	16.078073347368424	0.0	-100.0	2	1.0414715346841465	-11.254011891328593	138.0	22	1.05	0.95				
	207	2	71.77711315789475	14.355422631578948	0.0	0.0	2	0.9897648957958723	-19.841609683242353	138.0	22	1.05	0.95				
	208	1	98.1910908	20.097591684210528	0.0	0.0	2	0.9908576070317647	-17.1060649553414	138.0	22	1.05	0.95				
	209	1	100.48795842105265	20.671808589473688	0.0	0.0	2	1.0246123206494797	-8.589628870605694	138.0	23	1.05	0.95				
	210	1	111.9722965263158	22.96867621052632	0.0	0.0	2	1.05	-9.825729036062329	138.0	23	1.05	0.95				
	211	1	0.0	0.0	0.0	0.0	2	1.0115517118947255	-5.521026942665828	230.0	23	1.05	0.95				
	212	1	0.0	0.0	0.0	0.0	2	1.0146773245814718	-2.881274534320784	230.0	23	1.05	0.95				
	213	2	152.16747989473686	31.00771288421053	0.0	0.0	2	1.0094638260410091	-3.8785629608843815	230.0	24	1.05	0.95				
	214	2	111.39807962105263	22.394459305263158	0.0	0.0	2	1.0160429789566692	-3.2154636219523716	230.0	26	1.05	0.95				
	215	2	182.02675896842106	36.74988193684211	0.0	0.0	2	1.0347271654889976	3.6114150994903325	230.0	26	1.05	0.95				
	216	2	57.42169052631579	11.48433810526316	0.0	0.0	2	1.0353596418225763	3.5391504905599946	230.0	26	1.05	0.95				
	217	1	0.0	0.0	0.0	0.0	2	1.0400789470802454	6.132981178869979	230.0	27	1.05	0.95				
	218	2	191.2142294526316	39.04674955789474	0.0	0.0	2	1.0415192820200028	6.621460865014069	230.0	27	1.05	0.95				
	219	1	103.9332598526316	21.246025494736845	0.0	0.0	2	1.033156879513466	2.947918207897069	230.0	25	1.05	0.95				
	220	1	73.49976387368422	14.929639536842107	0.0	0.0	2	1.0358009383121918	3.533690402743258	230.0	25	1.05	0.95				
	221	2	0.0	0.0	0.0	0.0	2	1.041348990650539	6.372550946638009	230.0	27	1.05	0.95				
	222	2	0.0	0.0	0.0	0.0	2	1.05	12.782075648842468	230.0	27	1.05	0.95				
	223	2	0.0	0.0	0.0	0.0	2	1.0386209514404185	4.283441861064175	230.0	25	1.05	0.95				
	224	1	0.0	0.0	0.0	0.0	2	1.0163638122239065	-0.32397127769369377	230.0	26	1.05	0.95				
	301	2	67.47864601263159	13.74565011368421	0.0	0.0	3	1.007648838801712	-14.03158348171452	138.0	31	1.05	0.95				
	302	2	60.60582095578947	12.496045557894737	0.0	0.0	3	1.0070603212241032	-14.188833180259563	138.0	32	1.05	0.95				
	303	1	112.46441002105263	23.117684282105262	0.0	0.0	3	1.0264906478340294	-6.726285086885742	138.0	31	1.05	0.95				
	304	1	46.235368564210525	9.372034168421052	0.0	0.0	3	1.0058108674847102	-12.24007735375022	138.0	31	1.05	0.95				
	305	1	44.36096173052631	8.747231890526317	0.0	0.0	3	1.0199003457327558	-12.801594218638716	138.0	31	1.05	0.95				
	306	1	84.97310979368422	17.494463781052634	0.0	-100.0	3	1.0341933813517428	-12.808292061462897	138.0	32	1.05	0.95				
	307	2	78.10028473684211	15.620056947368422	0.0	0.0	3	0.9947759601830459	-19.051256991472876	138.0	32	1.05	0.95				
	308	1	106.84118951999999	21.868079726315788	0.0	0.0	3	0.9959298199916184	-16.102731650711952	138.0	32	1.05	0.95				
	309	1	109.34039863157894	22.492882004210525	0.0	0.0	3	1.0268006898531419	-8.097476396767522	138.0	33	1.05	0.95				
	310	1	121.83644418947368	24.992091115789474	0.0	0.0	3	1.05	-9.567799260675644	138.0	33	1.05	0.95				
	311	1	0.0	0.0	0.0	0.0	3	1.015983773601746	-2.687789624095367	230.0	33	1.05	0.95				
	312	1	0.0	0.0	0.0	0.0	3	1.0180692088667185	-1.9252928157696623	230.0	33	1.05	0.95				
	313	2	165.57260364210526	33.73932300631579	0.0	0.0	3	1.030096400546737	2.8179789871191865	230.0	34	1.05	0.95				
	314	2	121.21164191157894	24.367288837894737	0.0	0.0	3	1.0211705201326553	-1.4185852878578697	230.0	36	1.05	0.95				
	315	2	198.06232209263158	39.98734578526316	0.0	0.0	3	1.035023257333704	-1.0836589408427213	230.0	36	1.05	0.95				
	316	2	62.48022778947369	12.496045557894737	0.0	0.0	3	1.0351591321554756	0.10604654785477015	230.0	36	1.05	0.95				
	317	1	0.0	0.0	0.0	0.0	3	1.0390090172776947	0.5985127768302526	230.0	37	1.05	0.95				
	318	2	208.05915853894737	42.48655489684211	0.0	0.0	3	1.036708979119409	-0.11623035021722149	230.0	37	1.05	0.95				
	319	1	113.08921229894737	23.117684282105262	0.0	0.0	3	1.0330368499962663	0.8334141603043849	230.0	35	1.05	0.95				
	320	1	79.97469157052632	16.24485922526316	0.0	0.0	3	1.0337750079994816	1.5541377812668928	230.0	35	1.05	0.95				
	321	2	0.0	0.0	0.0	0.0	3	1.0380348230102354	0.11131988794132527	230.0	37	1.05	0.95				
	322	2	0.0	0.0	0.0	0.0	3	1.0499999970770577	4.614569580390807	230.0	37	1.05	0.95				
	323	2	0.0	0.0	0.0	0.0	3	1.0348097796568716	2.031661170891104	230.0	35	1.05	0.95				
	324	1	0.0	0.0	0.0	0.0	3	1.0260847977813332	-1.6578385891290734	230.0	36	1.05	0.95				
	325	1	0.0	0.0	0.0	0.0	3	1.0347143406085135	2.7126178903751184	230.0	35	1.05	0.95				
];
