%% MATPOWER Case Format : Version 2
function mpc = RTS_GMLC
mpc.version = '2';

%%-----  Power Flow Data  -----%%
%% system MVA base
mpc.baseMVA = 100.0;
%% bus data
%    bus_i    type    Pd    Qd    Gs    Bs    area    Vm    Va    baseKV    zone    Vmax    Vmin
mpc.bus = [
	101	2	37.42058386989474	7.622711529052633	0.0	0.0	1	1.014255005074689	-3.563431846204812	138.0	11	1.05	0.95				
	102	2	33.60922810536842	6.92973775368421	0.0	0.0	1	1.0141607949025397	-3.746354445839575	138.0	12	1.05	0.95				
	103	1	62.367639783157905	12.820014844315791	0.0	0.0	1	1.0026446190506788	-0.2127692323541455	138.0	11	1.05	0.95				
	104	1	25.640029688631582	5.1973033152631585	0.0	0.0	1	1.0057014513958646	-3.7642091875223276	138.0	11	1.05	0.95				
	105	1	24.60056902557895	4.850816427578948	0.0	0.0	1	1.0193203630410497	-4.684163580002553	138.0	11	1.05	0.95				
	106	1	47.12221672505264	9.701632855157897	0.0	-100.0	1	1.0304339557003301	-5.745949150889161	138.0	12	1.05	0.95				
	107	2	43.31086096052632	8.662172192105263	0.0	0.0	1	0.9859848224016449	-9.579085165859594	138.0	12	1.05	0.95				
	108	1	59.249257794	12.127041068947369	0.0	0.0	1	0.9903291007534542	-8.301435817743123	138.0	12	1.05	0.95				
	109	1	60.63520534473684	12.473527956631578	0.0	0.0	1	1.0039121606856227	-3.162137850066738	138.0	13	1.05	0.95				
	110	1	67.56494309842105	13.85947550736842	0.0	0.0	1	1.0323505821774053	-4.676906241916795	138.0	13	1.05	0.95				
	111	1	0.0	0.0	0.0	0.0	1	0.9805959566480026	-0.7590864060546698	230.0	13	1.05	0.95				
	112	1	0.0	0.0	0.0	0.0	1	0.9826534871781585	-1.417910562896103	230.0	13	1.05	0.95				
	113	3	91.81902523631578	18.71029193494737	0.0	0.0	1	0.9615429697140491	-1.1669043864632435e-28	230.0	14	1.05	0.95				
	114	2	67.21845621073685	13.51298861968421	0.0	0.0	1	0.9861487157416226	1.9160963137839382	230.0	16	1.05	0.95				
	115	2	109.83634339589474	22.175160811789475	0.0	0.0	1	0.9908738783326878	9.314586052055763	230.0	16	1.05	0.95				
	116	2	34.64868876842105	6.92973775368421	0.0	0.0	1	0.9895307826483939	8.044964305039546	230.0	16	1.05	0.95				
	117	1	0.0	0.0	0.0	0.0	1	0.993330783310401	12.89116425648961	230.0	17	1.05	0.95				
	118	2	115.38013359884212	23.56110836252632	0.0	0.0	1	0.9992832097637245	13.252437173058143	230.0	17	1.05	0.95				
	119	1	62.714126670842106	12.820014844315791	0.0	0.0	1	0.9890182898477065	4.897281962312038	230.0	15	1.05	0.95				
	120	1	44.35032162357895	9.008659079789474	0.0	0.0	1	0.992599537570727	2.7855764294156016	230.0	15	1.05	0.95				
	121	2	0.0	0.0	0.0	0.0	1	0.9997254508884775	14.41363472141691	230.0	17	1.05	0.95				
	122	2	0.0	0.0	0.0	0.0	1	1.0121725007295208	29.675612964514823	230.0	17	1.05	0.95				
	123	2	0.0	0.0	0.0	0.0	1	0.995092682555733	1.9145475600321646	230.0	15	1.05	0.95				
	124	1	0.0	0.0	0.0	0.0	1	0.9839197288575692	5.6649322390317405	230.0	16	1.05	0.95				
	201	2	37.569652131789475	7.653077286105263	0.0	0.0	2	1.0133287718025383	-12.135259787512185	138.0	21	1.05	0.95				
	202	2	33.74311348873684	6.957342987368421	0.0	0.0	2	1.012131204427923	-12.368916938214252	138.0	22	1.05	0.95				
	203	1	62.61608688631579	12.871084526631579	0.0	0.0	2	0.99901434791441	-8.943844837665788	138.0	21	1.05	0.95				
	204	1	25.742169053263158	5.218007240526315	0.0	0.0	2	1.0034825155206486	-11.890233570055786	138.0	21	1.05	0.95				
	205	1	24.698567605157894	4.870140091157895	0.0	0.0	2	1.020088738917955	-12.254086272393694	138.0	21	1.05	0.95				
	206	1	47.30993231410527	9.74028018231579	0.0	-100.0	2	1.0320772211918485	-12.786912461609722	138.0	22	1.05	0.95				
	207	2	43.48339367105263	8.696678734210526	0.0	0.0	2	0.9734345378492714	-16.88323141252147	138.0	22	1.05	0.95				
	208	1	59.48528254199999	12.175350227894736	0.0	0.0	2	0.9837491875897301	-15.338945186813064	138.0	22	1.05	0.95				
	209	1	60.87675113947368	12.523217377263157	0.0	0.0	2	1.0060694902919198	-10.008406569962439	138.0	23	1.05	0.95				
	210	1	67.8340941268421	13.914685974736843	0.0	0.0	2	1.0349158158042389	-11.226151747349732	138.0	23	1.05	0.95				
	211	1	0.0	0.0	0.0	0.0	2	0.9851281729346388	-7.5845795070775095	230.0	23	1.05	0.95				
	212	1	0.0	0.0	0.0	0.0	2	0.9863292055036263	-5.725990288981592	230.0	23	1.05	0.95				
	213	2	92.18479458263158	18.784826065894737	0.0	0.0	2	0.9803478626596654	-6.02414360363013	230.0	24	1.05	0.95				
	214	2	67.48622697747368	13.56681882536842	0.0	0.0	2	0.9797991050746193	-5.747715053620025	230.0	26	1.05	0.95				
	215	2	110.27388634978948	22.263497559578948	0.0	0.0	2	0.9899618921425059	-0.23613796771766196	230.0	26	1.05	0.95				
	216	2	34.7867149368421	6.957342987368421	0.0	0.0	2	0.9877829877681781	-0.8807160831750154	230.0	26	1.05	0.95				
	217	1	0.0	0.0	0.0	0.0	2	0.9978792440076407	0.5750718484472663	230.0	27	1.05	0.95				
	218	2	115.83976073968421	23.654966157052634	0.0	0.0	2	0.9990361118729717	0.25726494182178267	230.0	27	1.05	0.95				
	219	1	62.96395403568421	12.871084526631579	0.0	0.0	2	0.9825343456846685	-0.7018361584582989	230.0	25	1.05	0.95				
	220	1	44.526995119157895	9.044545883578948	0.0	0.0	2	0.9801940699582693	0.198888427441753	230.0	25	1.05	0.95				
	221	2	0.0	0.0	0.0	0.0	2	1.0010784534972297	0.8350596495707608	230.0	27	1.05	0.95				
	222	2	0.0	0.0	0.0	0.0	2	1.019352347176833	6.909282877724998	230.0	27	1.05	0.95				
	223	2	0.0	0.0	0.0	0.0	2	0.9794665322056031	0.9926412471269217	230.0	25	1.05	0.95				
	224	1	0.0	0.0	0.0	0.0	2	0.9828988466985104	-3.5633107622542752	230.0	26	1.05	0.95				
	301	2	42.16134133894737	8.588421383859648	0.0	0.0	3	1.014916061953955	19.877830797383364	138.0	31	1.05	0.95				
	302	2	37.86713064701755	7.807655803508773	0.0	0.0	3	1.0151713950374495	19.61279156849958	138.0	32	1.05	0.95				
	303	1	70.26890223157895	14.444163236491228	0.0	0.0	3	1.0208458155111988	30.155921701378105	138.0	31	1.05	0.95				
	304	1	28.888326472982456	5.855741852631578	0.0	0.0	3	1.0058335338767157	20.612732646517212	138.0	31	1.05	0.95				
	305	1	27.717178102456135	5.46535906245614	0.0	0.0	3	1.022743594600055	19.441128847968525	138.0	31	1.05	0.95				
	306	1	53.092059463859655	10.93071812491228	0.0	-100.0	3	1.0353631288679777	18.69972273943077	138.0	32	1.05	0.95				
	307	2	48.79784877192982	9.759569754385964	0.0	0.0	3	0.9665727146734366	15.393972532011137	138.0	32	1.05	0.95				
	308	1	66.75545711999999	13.663397656140349	0.0	0.0	3	0.9816011097248484	17.091964643708586	138.0	32	1.05	0.95				
	309	1	68.31698828070175	14.05378044631579	0.0	0.0	3	1.0098207829488552	23.089854237496805	138.0	33	1.05	0.95				
	310	1	76.12464408421053	15.615311607017546	0.0	0.0	3	1.039794798572776	20.27539565046132	138.0	33	1.05	0.95				
	311	1	0.0	0.0	0.0	0.0	3	0.9886925545763685	23.71097113399552	230.0	33	1.05	0.95				
	312	1	0.0	0.0	0.0	0.0	3	0.9984468143704187	23.272396430564708	230.0	33	1.05	0.95				
	313	2	103.45143939649122	21.080670669473687	0.0	0.0	3	0.9928095506762185	24.525659019603637	230.0	34	1.05	0.95				
	314	2	75.7342612940351	15.224928816842107	0.0	0.0	3	0.9723036295784843	25.208389279850735	230.0	36	1.05	0.95				
	315	2	123.75134448561403	24.98449857122807	0.0	0.0	3	0.9801370347734367	25.849696810521024	230.0	36	1.05	0.95				
	316	2	39.03827901754386	7.807655803508773	0.0	0.0	3	0.965124400056065	25.917862800022032	230.0	36	1.05	0.95				
	317	1	0.0	0.0	0.0	0.0	3	0.9857770124220391	28.7865015448866	230.0	37	1.05	0.95				
	318	2	129.99746912842105	26.546029731929828	0.0	0.0	3	0.983644158480673	25.334306582802597	230.0	37	1.05	0.95				
	319	1	70.65928502175439	14.444163236491228	0.0	0.0	3	0.975832002098599	24.869303985629635	230.0	35	1.05	0.95				
	320	1	49.96899714245614	10.149952544561405	0.0	0.0	3	0.9855935796352697	23.562526432792826	230.0	35	1.05	0.95				
	321	2	0.0	0.0	0.0	0.0	3	0.99046944217532	26.12239020527611	230.0	37	1.05	0.95				
	322	2	0.0	0.0	0.0	0.0	3	1.0084141271546239	31.237951267703686	230.0	37	1.05	0.95				
	323	2	0.0	0.0	0.0	0.0	3	0.9908546020447366	22.88552260043522	230.0	35	1.05	0.95				
	324	1	0.0	0.0	0.0	0.0	3	0.9950437805324379	28.972632139637607	230.0	36	1.05	0.95				
