%% MATPOWER Case Format : Version 2
function mpc = RTS_GMLC
mpc.version = '2';

%%-----  Power Flow Data  -----%%
%% system MVA base
mpc.baseMVA = 100.0;
%% bus data
%    bus_i    type    Pd    Qd    Gs    Bs    area    Vm    Va    baseKV    zone    Vmax    Vmin
mpc.bus = [
	101	2	84.66056408842105	17.24567046245614	0.0	0.0	1	1.0463854513527102	0.07949548575036619	138.0	11	1.05	0.95				
	102	2	76.03772885719297	15.67788223859649	0.0	0.0	1	1.045720947720822	-0.16721434797506016	138.0	12	1.05	0.95				
	103	1	141.1009401473684	29.004082141403508	0.0	0.0	1	1.027138970585563	-1.3032458410058487	138.0	11	1.05	0.95				
	104	1	58.008164282807016	11.758411678947366	0.0	0.0	1	1.024059015553785	-3.573358245148518	138.0	11	1.05	0.95				
	105	1	55.65648194701753	10.974517567017545	0.0	0.0	1	1.037071201244388	-4.012596613988937	138.0	11	1.05	0.95				
	106	1	106.60959922245614	21.94903513403509	0.0	-100.0	1	1.0376283813975964	-7.0596104231664185	138.0	12	1.05	0.95				
	107	2	97.98676399122806	19.597352798245613	0.0	0.0	1	1.0430248504518398	-4.91955362366449	138.0	12	1.05	0.95				
	108	1	134.04589314	27.436293917543857	0.0	0.0	1	1.02061626193974	-7.384475864769202	138.0	12	1.05	0.95				
	109	1	137.18146958771928	28.220188029473682	0.0	0.0	1	1.0272346111806963	-4.241742726450761	138.0	13	1.05	0.95				
	110	1	152.8593518263158	31.35576447719298	0.0	0.0	1	1.05	-5.758091652161216	138.0	13	1.05	0.95				
	111	1	0.0	0.0	0.0	0.0	1	1.013959916608394	-1.795770285586581	230.0	13	1.05	0.95				
	112	1	0.0	0.0	0.0	0.0	1	1.0167194136165156	-1.0958621586960073	230.0	13	1.05	0.95				
	113	3	207.73193966140346	42.33028204421053	0.0	0.0	1	1.0145049211881878	-2.117881888835225e-28	230.0	14	1.05	0.95				
	114	2	152.07545771438595	30.571870365263155	0.0	0.0	1	1.015696575003982	-0.11139899179540964	230.0	16	1.05	0.95				
	115	2	248.49443348175436	50.16922316350877	0.0	0.0	1	1.0447212791385845	7.798845810997583	230.0	16	1.05	0.95				
	116	2	78.38941119298245	15.67788223859649	0.0	0.0	1	1.0422001005581976	7.018059381405149	230.0	16	1.05	0.95				
	117	1	0.0	0.0	0.0	0.0	1	1.0456340600146905	9.966103711147463	230.0	17	1.05	0.95				
	118	2	261.03673927263156	53.30479961122807	0.0	0.0	1	1.0475597285774911	10.435578385649228	230.0	17	1.05	0.95				
	119	1	141.88483425929823	29.004082141403508	0.0	0.0	1	1.0353063281513022	5.568449402094825	230.0	15	1.05	0.95				
	120	1	100.33844632701754	20.381246910175438	0.0	0.0	1	1.0353647906423278	5.269604928043423	230.0	15	1.05	0.95				
	121	2	0.0	0.0	0.0	0.0	1	1.05	12.168589331803894	230.0	17	1.05	0.95				
	122	2	0.0	0.0	0.0	0.0	1	1.05	18.420859515047443	230.0	17	1.05	0.95				
	123	2	0.0	0.0	0.0	0.0	1	1.0375491281895948	5.688785610869397	230.0	15	1.05	0.95				
	124	1	0.0	0.0	0.0	0.0	1	1.0266510250226437	4.416492440997273	230.0	16	1.05	0.95				
	201	2	81.9052416	16.684401066666666	0.0	0.0	2	1.0394945692122763	-11.938337175462566	138.0	21	1.05	0.95				
	202	2	73.56304106666666	15.167637333333333	0.0	0.0	2	1.0398068398273117	-12.010073736755983	138.0	22	1.05	0.95				
	203	1	136.508736	28.06012906666667	0.0	0.0	2	1.0248837996031428	-9.26412015823901	138.0	21	1.05	0.95				
	204	1	56.12025813333334	11.375727999999999	0.0	0.0	2	1.019003716362115	-13.416364937633078	138.0	21	1.05	0.95				
	205	1	53.84511253333333	10.617346133333335	0.0	0.0	2	1.035137383459265	-13.807831894184856	138.0	21	1.05	0.95				
	206	1	103.13993386666667	21.23469226666667	0.0	-100.0	2	1.0382568015239828	-15.568160756144504	138.0	22	1.05	0.95				
	207	2	94.79773333333333	18.959546666666665	0.0	0.0	2	0.9572526793493228	-26.88259851979482	138.0	22	1.05	0.95				
	208	1	129.6832992	26.54336533333333	0.0	0.0	2	0.9625794314280912	-23.08690862167962	138.0	22	1.05	0.95				
	209	1	132.71682666666666	27.301747199999998	0.0	0.0	2	1.0259953518985823	-11.505273082199063	138.0	23	1.05	0.95				
	210	1	147.88446399999998	30.335274666666667	0.0	0.0	2	1.05	-13.324628755593876	138.0	23	1.05	0.95				
	211	1	0.0	0.0	0.0	0.0	2	1.0275942853546045	-8.010336443687986	230.0	23	1.05	0.95				
	212	1	0.0	0.0	0.0	0.0	2	1.0253137554565397	-2.818549851946239	230.0	23	1.05	0.95				
	213	2	200.97119466666666	40.9526208	0.0	0.0	2	1.037003943806308	-5.271695852242826	230.0	24	1.05	0.95				
	214	2	147.1260821333333	29.5768928	0.0	0.0	2	1.0400898832435497	-6.131904274173763	230.0	26	1.05	0.95				
	215	2	240.4070517333333	48.536439466666664	0.0	0.0	2	1.0414572715079977	1.1375955450120812	230.0	26	1.05	0.95				
	216	2	75.83818666666666	15.167637333333333	0.0	0.0	2	1.0437567011652513	1.223923028830531	230.0	26	1.05	0.95				
	217	1	0.0	0.0	0.0	0.0	2	1.0454099976351519	3.7370145693141854	230.0	27	1.05	0.95				
	218	2	252.5411616	51.56996693333333	0.0	0.0	2	1.045836093346188	3.8782505373058473	230.0	27	1.05	0.95				
	219	1	137.26711786666667	28.06012906666667	0.0	0.0	2	1.0407227568659057	1.45306671474928	230.0	25	1.05	0.95				
	220	1	97.07287893333333	19.717928533333335	0.0	0.0	2	1.0449457817499812	3.0761854163054942	230.0	25	1.05	0.95				
	221	2	0.0	0.0	0.0	0.0	2	1.0458520800081657	3.7299666736040655	230.0	27	1.05	0.95				
	222	2	0.0	0.0	0.0	0.0	2	1.05	10.241245141135021	230.0	27	1.05	0.95				
	223	2	0.0	0.0	0.0	0.0	2	1.05	4.5139224376116	230.0	25	1.05	0.95				
	224	1	0.0	0.0	0.0	0.0	2	1.0222651875220816	-2.7352701878566963	230.0	26	1.05	0.95				
	301	2	89.02056312	18.133818413333334	0.0	0.0	3	0.9793407550469605	-2.585221777689956	138.0	31	1.05	0.95				
	302	2	79.95365391333334	16.485289466666668	0.0	0.0	3	0.9818804731665763	-3.0060921567738466	138.0	32	1.05	0.95				
	303	1	148.3676052	30.49778551333333	0.0	0.0	3	0.9936062335480174	0.6758303812016291	138.0	31	1.05	0.95				
	304	1	60.99557102666666	12.3639671	0.0	0.0	3	0.970639164566621	-1.2224677651049063	138.0	31	1.05	0.95				
	305	1	58.522777606666665	11.539702626666667	0.0	0.0	3	0.9825203164644166	-1.0975709093200878	138.0	31	1.05	0.95				
	306	1	112.09996837333334	23.079405253333334	0.0	-100.0	3	0.9907604912362967	-1.233342476013362	138.0	32	1.05	0.95				
	307	2	103.03305916666665	20.606611833333332	0.0	0.0	3	0.95	-6.667764542313935	138.0	32	1.05	0.95				
	308	1	140.94922494	28.849256566666664	0.0	0.0	3	0.9537764382835952	-3.3194398128827096	138.0	32	1.05	0.95				
	309	1	144.24628283333334	29.67352104	0.0	0.0	3	0.9927891772854297	3.8484055891526427	138.0	33	1.05	0.95				
	310	1	160.73157229999998	32.970578933333336	0.0	0.0	3	1.011126051080702	3.245793274623587	138.0	33	1.05	0.95				
	311	1	0.0	0.0	0.0	0.0	3	0.9877837560760124	11.757213087591234	230.0	33	1.05	0.95				
	312	1	0.0	0.0	0.0	0.0	3	0.9925538499998657	13.319175030366322	230.0	33	1.05	0.95				
	313	2	218.43008543333332	44.51028156	0.0	0.0	3	1.0217003681799242	21.842624197637797	230.0	34	1.05	0.95				
	314	2	159.90730782666668	32.14631446	0.0	0.0	3	1.00029652415684	10.759868358785601	230.0	36	1.05	0.95				
	315	2	261.29183804666667	52.75292629333334	0.0	0.0	3	1.0480438289341492	7.169387466886109	230.0	36	1.05	0.95				
	316	2	82.42644733333333	16.485289466666668	0.0	0.0	3	1.0457463470447934	8.604425196286916	230.0	36	1.05	0.95				
	317	1	0.0	0.0	0.0	0.0	3	1.0483447123007699	8.402540696059848	230.0	37	1.05	0.95				
	318	2	274.48006962	56.04998418666667	0.0	0.0	3	1.0470697264225728	7.4470415993293635	230.0	37	1.05	0.95				
	319	1	149.19186967333334	30.49778551333333	0.0	0.0	3	1.0370885856005274	10.778744939906106	230.0	35	1.05	0.95				
	320	1	105.50585258666668	21.430876306666665	0.0	0.0	3	1.034569678497909	12.774305485808267	230.0	35	1.05	0.95				
	321	2	0.0	0.0	0.0	0.0	3	1.05	8.791415302348938	230.0	37	1.05	0.95				
	322	2	0.0	0.0	0.0	0.0	3	1.05	12.984255188771911	230.0	37	1.05	0.95				
	323	2	0.0	0.0	0.0	0.0	3	1.0339636410716637	13.585914170119313	230.0	35	1.05	0.95				
	324	1	0.0	0.0	0.0	0.0	3	1.0213108041047627	6.7442018135090525	230.0	36	1.05	0.95				
	325	1	0.0	0.0	0.0	0.0	3	1.0363969027098539	13.473204756558847	230.0	35	1.05	0.95				
];
