%% MATPOWER Case Format : Version 2
function mpc = RTS_GMLC
mpc.version = '2';

%%-----  Power Flow Data  -----%%
%% system MVA base
mpc.baseMVA = 100.0;
%% bus data
%    bus_i    type    Pd    Qd    Gs    Bs    area    Vm    Va    baseKV    zone    Vmax    Vmin
mpc.bus = [
	101	2	43.151904985263165	8.790202867368421	0.0	0.0	1	1.0315264962117416	2.2885089780107726	138.0	11	1.05	0.95				
	102	2	38.75680355157895	7.9910935157894745	0.0	0.0	1	1.0306085791156994	2.015194245624539	138.0	12	1.05	0.95				
	103	1	71.91984164210527	14.783523004210524	0.0	0.0	1	1.03020304727244	1.1734084988289681	138.0	11	1.05	0.95				
	104	1	29.56704600842105	5.9933201368421045	0.0	0.0	1	1.0208139246427304	-1.006356680238028	138.0	11	1.05	0.95				
	105	1	28.368381981052632	5.593765461052632	0.0	0.0	1	1.0352278474440415	-0.8317893195703019	138.0	11	1.05	0.95				
	106	1	54.339435907368426	11.187530922105264	0.0	-100.0	1	1.0456461084826272	-3.030386967890821	138.0	12	1.05	0.95				
	107	2	49.94433447368421	9.988866894736843	0.0	0.0	1	0.9996368050724158	-9.604331361625274	138.0	12	1.05	0.95				
	108	1	68.32384956	13.984413652631577	0.0	0.0	1	1.004180156527434	-7.7359198068740875	138.0	12	1.05	0.95				
	109	1	69.9220682631579	14.383968328421052	0.0	0.0	1	1.0247226015884814	-1.8503245005582771	138.0	13	1.05	0.95				
	110	1	77.91316177894737	15.982187031578949	0.0	0.0	1	1.05	-2.728223892084497	138.0	13	1.05	0.95				
	111	1	0.0	0.0	0.0	0.0	1	1.0036717403265503	0.05978662539517341	230.0	13	1.05	0.95				
	112	1	0.0	0.0	0.0	0.0	1	1.0086841710210903	-0.12616005491489252	230.0	13	1.05	0.95				
	113	3	105.88198908421052	21.575952492631583	0.0	0.0	1	0.9953403197707072	5.85597799838605e-29	230.0	14	1.05	0.95				
	114	2	77.5136071031579	15.582632355789475	0.0	0.0	1	1.0017962970306857	2.5896707854876513	230.0	16	1.05	0.95				
	115	2	126.65883222526315	25.571499250526315	0.0	0.0	1	1.0398568027189028	9.142052791041896	230.0	16	1.05	0.95				
	116	2	39.95546757894737	7.9910935157894745	0.0	0.0	1	1.0362798079793203	8.414340449772657	230.0	16	1.05	0.95				
	117	1	0.0	0.0	0.0	0.0	1	1.0420546453530335	11.94986322428018	230.0	17	1.05	0.95				
	118	2	133.05170703789472	27.169717953684213	0.0	0.0	1	1.0471307920976705	12.13612161854513	230.0	17	1.05	0.95				
	119	1	72.31939631789473	14.783523004210524	0.0	0.0	1	1.0274568379018254	6.241498218487079	230.0	15	1.05	0.95				
	120	1	51.14299850105263	10.388421570526315	0.0	0.0	1	1.0232474952977335	5.1111912794201055	230.0	15	1.05	0.95				
	121	2	0.0	0.0	0.0	0.0	1	1.05	13.239686567393317	230.0	17	1.05	0.95				
	122	2	0.0	0.0	0.0	0.0	1	1.05	24.850873323907038	230.0	17	1.05	0.95				
	123	2	0.0	0.0	0.0	0.0	1	1.021344321006414	4.797339152664972	230.0	15	1.05	0.95				
	124	1	0.0	0.0	0.0	0.0	1	1.0260520102489887	6.158912319345002	230.0	16	1.05	0.95				
	201	2	47.446560682105265	9.665040138947369	0.0	0.0	2	1.0222519085259485	-11.950319481812416	138.0	21	1.05	0.95				
	202	2	42.614040612631584	8.78640012631579	0.0	0.0	2	1.0227987324366978	-11.882626359152512	138.0	22	1.05	0.95				
	203	1	79.07760113684212	16.254840233684213	0.0	0.0	2	1.0156654814789143	-10.021074392144195	138.0	21	1.05	0.95				
	204	1	32.509680467368426	6.589800094736842	0.0	0.0	2	1.015930342725601	-13.024478007520386	138.0	21	1.05	0.95				
	205	1	31.19172044842105	6.1504800884210535	0.0	0.0	2	1.0308007300936906	-13.374277040468337	138.0	21	1.05	0.95				
	206	1	59.747520858947375	12.300960176842107	0.0	-100.0	2	1.0434938953191455	-14.599326423612657	138.0	22	1.05	0.95				
	207	2	54.91500078947369	10.983000157894738	0.0	0.0	2	0.9926196368571377	-20.690113745303158	138.0	22	1.05	0.95				
	208	1	75.12372108000001	15.37620022105263	0.0	0.0	2	0.9981196953656771	-18.69289900532579	138.0	22	1.05	0.95				
	209	1	76.88100110526315	15.81552022736842	0.0	0.0	2	1.022706882092152	-12.145554515557235	138.0	23	1.05	0.95				
	210	1	85.66740123157895	17.57280025263158	0.0	0.0	2	1.05	-13.402894711753355	138.0	23	1.05	0.95				
	211	1	0.0	0.0	0.0	0.0	2	1.0064411284030268	-9.345792024205965	230.0	23	1.05	0.95				
	212	1	0.0	0.0	0.0	0.0	2	1.0089876386088543	-8.482743209710348	230.0	23	1.05	0.95				
	213	2	116.41980167368422	23.723280341052632	0.0	0.0	2	1.0028283477491915	-8.03150706673939	230.0	24	1.05	0.95				
	214	2	85.22808122526317	17.13348024631579	0.0	0.0	2	1.0072542373074103	-6.963092458956129	230.0	26	1.05	0.95				
	215	2	139.26444200210526	28.116480404210524	0.0	0.0	2	1.0223851591840036	-0.7573599603700034	230.0	26	1.05	0.95				
	216	2	43.93200063157895	8.78640012631579	0.0	0.0	2	1.0244149542139562	-0.9135042431165951	230.0	26	1.05	0.95				
	217	1	0.0	0.0	0.0	0.0	2	1.028440155761424	0.889855052770009	230.0	27	1.05	0.95				
	218	2	146.29356210315788	29.873760429473688	0.0	0.0	2	1.0276421548137755	0.277504157499623	230.0	27	1.05	0.95				
	219	1	79.5169211431579	16.254840233684213	0.0	0.0	2	1.0257106011551622	-0.990530226430177	230.0	25	1.05	0.95				
	220	1	56.23296080842105	11.422320164210527	0.0	0.0	2	1.0298437777006277	-0.20084208008528845	230.0	25	1.05	0.95				
	221	2	0.0	0.0	0.0	0.0	2	1.0293369822782765	0.7411082137740883	230.0	27	1.05	0.95				
	222	2	0.0	0.0	0.0	0.0	2	1.0499999946471372	7.290962303588222	230.0	27	1.05	0.95				
	223	2	0.0	0.0	0.0	0.0	2	1.0329307802600527	0.5646121776832254	230.0	25	1.05	0.95				
	224	1	0.0	0.0	0.0	0.0	2	1.0084479078891675	-4.238466326904039	230.0	26	1.05	0.95				
	301	2	55.36665613894737	11.278392917192981	0.0	0.0	3	1.0140160294031084	-10.397957905342846	138.0	31	1.05	0.95				
	302	2	49.72745968035087	10.25308447017544	0.0	0.0	3	1.0125106375432225	-10.692907338702842	138.0	32	1.05	0.95				
	303	1	92.27776023157894	18.96820626982456	0.0	0.0	3	1.0495613157142847	2.2148756539851915	138.0	31	1.05	0.95				
	304	1	37.93641253964912	7.689813352631577	0.0	0.0	3	1.0113066196552187	-9.122131557097706	138.0	31	1.05	0.95				
	305	1	36.3984498691228	7.177159129122806	0.0	0.0	3	1.0256043688229264	-11.094903802060976	138.0	31	1.05	0.95				
	306	1	69.72097439719298	14.354318258245613	0.0	-100.0	3	1.0390854007427628	-12.072257659833612	138.0	32	1.05	0.95				
	307	2	64.08177793859649	12.816355587719297	0.0	0.0	3	0.9898676412849446	-17.30897662824647	138.0	32	1.05	0.95				
	308	1	87.66387221999999	17.942897822807012	0.0	0.0	3	0.9940285963156676	-14.925391493418855	138.0	32	1.05	0.95				
	309	1	89.71448911403508	18.455552046315788	0.0	0.0	3	1.0271884612929816	-5.743686626777983	138.0	33	1.05	0.95				
	310	1	99.96757358421051	20.50616894035088	0.0	0.0	3	1.05	-10.14704301601775	138.0	33	1.05	0.95				
	311	1	0.0	0.0	0.0	0.0	3	1.012610701631563	-4.783063440124672	230.0	33	1.05	0.95				
	312	1	0.0	0.0	0.0	0.0	3	1.0158091025149913	-4.131990498783541	230.0	33	1.05	0.95				
	313	2	135.85336922982455	27.683328069473685	0.0	0.0	3	1.0142011703719638	-1.867661262779884	230.0	34	1.05	0.95				
	314	2	99.45491936070174	19.993514716842103	0.0	0.0	3	1.0131745261588356	-4.087378118623061	230.0	36	1.05	0.95				
	315	2	162.5113888522807	32.8098703045614	0.0	0.0	3	1.0439722723707716	0.021461766626936184	230.0	36	1.05	0.95				
	316	2	51.26542235087719	10.25308447017544	0.0	0.0	3	1.03991024707575	-0.031920096077452526	230.0	36	1.05	0.95				
	317	1	0.0	0.0	0.0	0.0	3	1.0479923027508884	3.384203932163437	230.0	37	1.05	0.95				
	318	2	170.71385642842102	34.86048719859649	0.0	0.0	3	1.044790965283743	1.9013233195527128	230.0	37	1.05	0.95				
	319	1	92.79041445508771	18.96820626982456	0.0	0.0	3	1.0333212482055683	-0.7415875447557452	230.0	35	1.05	0.95				
	320	1	65.6197406091228	13.329009811228069	0.0	0.0	3	1.0314403027057653	-0.3774057902749722	230.0	35	1.05	0.95				
	321	2	0.0	0.0	0.0	0.0	3	1.045509242631514	1.8603488193635802	230.0	37	1.05	0.95				
	322	2	0.0	0.0	0.0	0.0	3	1.05	6.7966227312371545	230.0	37	1.05	0.95				
	323	2	0.0	0.0	0.0	0.0	3	1.0314232349876171	0.21325599554214508	230.0	35	1.05	0.95				
	324	1	0.0	0.0	0.0	0.0	3	1.0428474362108537	0.8641562866151223	230.0	36	1.05	0.95				
	325	1	0.0	0.0	0.0	0.0	3	1.0295207428920343	1.3134628445080363	230.0	35	1.05	0.95				
];
