%% MATPOWER Case Format : Version 2
function mpc = RTS_GMLC
mpc.version = '2';

%%-----  Power Flow Data  -----%%
%% system MVA base
mpc.baseMVA = 100.0;
%% bus data
%    bus_i    type    Pd    Qd    Gs    Bs    area    Vm    Va    baseKV    zone    Vmax    Vmin
mpc.bus = [
	101	2	42.93814941473684	8.746660065964912	0.0	0.0	1	1.0462203694806695	5.066154247227498	138.0	11	1.05	0.95				
	102	2	38.56481938175438	7.951509150877194	0.0	0.0	1	1.0452060333456619	4.769060163941612	138.0	12	1.05	0.95				
	103	1	71.56358235789475	14.710291929122807	0.0	0.0	1	1.0312886334667295	1.564017800982116	138.0	11	1.05	0.95				
	104	1	29.420583858245614	5.963631863157894	0.0	0.0	1	1.0283265805809267	0.9322077863913228	138.0	11	1.05	0.95				
	105	1	28.227857485614035	5.566056405614036	0.0	0.0	1	1.0418008435311688	0.9645312191212044	138.0	11	1.05	0.95				
	106	1	54.07026222596492	11.132112811228073	0.0	-100.0	1	1.0483777109878198	-1.7922379377729274	138.0	12	1.05	0.95				
	107	2	49.69693219298246	9.939386438596491	0.0	0.0	1	1.0001712460623444	-9.14248538447279	138.0	12	1.05	0.95				
	108	1	67.98540324	13.915141014035088	0.0	0.0	1	1.0043913212959277	-7.2080385300593965	138.0	12	1.05	0.95				
	109	1	69.57570507017545	14.312716471578945	0.0	0.0	1	1.0243207422253002	-1.3769044363246923	138.0	13	1.05	0.95				
	110	1	77.52721422105263	15.903018301754388	0.0	0.0	1	1.05	-2.001884172688679	138.0	13	1.05	0.95				
	111	1	0.0	0.0	0.0	0.0	1	1.001642948250344	-0.07655225678232733	230.0	13	1.05	0.95				
	112	1	0.0	0.0	0.0	0.0	1	1.0069631358638227	-0.29743853467683457	230.0	13	1.05	0.95				
	113	3	105.3574962491228	21.46907470736842	0.0	0.0	1	0.9922057017310314	-9.654907991161498e-31	230.0	14	1.05	0.95				
	114	2	77.12963876350877	15.505442844210526	0.0	0.0	1	0.9966560092988679	1.6063239385794716	230.0	16	1.05	0.95				
	115	2	126.0314200414035	25.444829282807017	0.0	0.0	1	1.0348784933027124	7.275898056177354	230.0	16	1.05	0.95				
	116	2	39.757545754385966	7.951509150877194	0.0	0.0	1	1.0299441081133638	6.269694525703596	230.0	16	1.05	0.95				
	117	1	0.0	0.0	0.0	0.0	1	1.0378831069637489	9.755327893160066	230.0	17	1.05	0.95				
	118	2	132.39262736210526	27.03513111298246	0.0	0.0	1	1.042656697601129	10.143346241954099	230.0	17	1.05	0.95				
	119	1	71.9611578154386	14.710291929122807	0.0	0.0	1	1.0200487456950549	4.104639531473777	230.0	15	1.05	0.95				
	120	1	50.889658565614035	10.336961896140352	0.0	0.0	1	1.0147725042519564	2.9062921335455973	230.0	15	1.05	0.95				
	121	2	0.0	0.0	0.0	0.0	1	1.0459172153754115	11.383278974762005	230.0	17	1.05	0.95				
	122	2	0.0	0.0	0.0	0.0	1	1.05	20.83040793677128	230.0	17	1.05	0.95				
	123	2	0.0	0.0	0.0	0.0	1	1.0123096252611101	2.5577268275970466	230.0	15	1.05	0.95				
	124	1	0.0	0.0	0.0	0.0	1	1.0255878234308107	5.127351160761537	230.0	16	1.05	0.95				
	201	2	40.64662364210526	8.279867778947368	0.0	0.0	2	1.0143927373185981	-13.739139596742527	138.0	21	1.05	0.95				
	202	2	36.50668975263158	7.527152526315789	0.0	0.0	2	1.0134794943385983	-14.026254937406415	138.0	22	1.05	0.95				
	203	1	67.74437273684211	13.92523217368421	0.0	0.0	2	1.0153583539020896	-9.732262234884018	138.0	21	1.05	0.95				
	204	1	27.85046434736842	5.645364394736842	0.0	0.0	2	1.0126683392393179	-13.722828919031677	138.0	21	1.05	0.95				
	205	1	26.721391468421054	5.269006768421053	0.0	0.0	2	1.0277184728858442	-14.158198300037748	138.0	21	1.05	0.95				
	206	1	51.18463717894737	10.538013536842106	0.0	-100.0	2	1.0432894320269626	-14.879802917566685	138.0	22	1.05	0.95				
	207	2	47.04470328947368	9.408940657894735	0.0	0.0	2	0.9964029332977837	-19.328929913691773	138.0	22	1.05	0.95				
	208	1	64.35715409999999	13.17251692105263	0.0	0.0	2	1.00281279083963	-17.65962489009189	138.0	22	1.05	0.95				
	209	1	65.86258460526315	13.54887454736842	0.0	0.0	2	1.02248481433815	-11.910366035814254	138.0	23	1.05	0.95				
	210	1	73.38973713157894	15.054305052631578	0.0	0.0	2	1.05	-13.364858148489642	138.0	23	1.05	0.95				
	211	1	0.0	0.0	0.0	0.0	2	1.004462177076413	-9.083981526706236	230.0	23	1.05	0.95				
	212	1	0.0	0.0	0.0	0.0	2	1.006471566588162	-8.470497641123309	230.0	23	1.05	0.95				
	213	2	99.7347709736842	20.32331182105263	0.0	0.0	2	0.999154643801989	-7.852661958165111	230.0	24	1.05	0.95				
	214	2	73.01337950526316	14.677947426315788	0.0	0.0	2	1.0053894807709145	-6.4827229517093805	230.0	26	1.05	0.95				
	215	2	119.30536754210526	24.086888084210525	0.0	0.0	2	1.020227388035903	-0.043834673443409224	230.0	26	1.05	0.95				
	216	2	37.63576263157894	7.527152526315789	0.0	0.0	2	1.0209707579762155	-0.5105217254210087	230.0	26	1.05	0.95				
	217	1	0.0	0.0	0.0	0.0	2	1.0250037879889362	1.0156211173220044	230.0	27	1.05	0.95				
	218	2	125.3270895631579	25.592318589473685	0.0	0.0	2	1.0245870508694366	0.6664368699258822	230.0	27	1.05	0.95				
	219	1	68.12073036315789	13.92523217368421	0.0	0.0	2	1.020992644715421	-0.8793771237652671	230.0	25	1.05	0.95				
	220	1	48.17377616842105	9.785298284210526	0.0	0.0	2	1.0232892142247483	-0.4557265524684076	230.0	25	1.05	0.95				
	221	2	0.0	0.0	0.0	0.0	2	1.0266876310067945	1.228079105412942	230.0	27	1.05	0.95				
	222	2	0.0	0.0	0.0	0.0	2	1.048381513011062	7.655138670529653	230.0	27	1.05	0.95				
	223	2	0.0	0.0	0.0	0.0	2	1.024964812649212	0.06843885117637845	230.0	25	1.05	0.95				
	224	1	0.0	0.0	0.0	0.0	2	1.006520746350864	-3.6919791024240474	230.0	26	1.05	0.95				
	301	2	50.36127805894737	10.25877886385965	0.0	0.0	3	1.0117346064748447	-6.133513871666575	138.0	31	1.05	0.95				
	302	2	45.23188862701754	9.326162603508772	0.0	0.0	3	1.0108155582932365	-6.3879720609475585	138.0	32	1.05	0.95				
	303	1	83.93546343157895	17.253400816491226	0.0	0.0	3	1.0420830073004512	4.020209567345922	138.0	31	1.05	0.95				
	304	1	34.50680163298245	6.9946219526315785	0.0	0.0	3	1.0107051563664189	-5.2092264500534355	138.0	31	1.05	0.95				
	305	1	33.10787724245614	6.528313822456141	0.0	0.0	3	1.0250488854978153	-6.394654384417961	138.0	31	1.05	0.95				
	306	1	63.41790570385966	13.056627644912282	0.0	-100.0	3	1.0400564060119162	-7.093430881175597	138.0	32	1.05	0.95				
	307	2	58.28851627192982	11.657703254385964	0.0	0.0	3	0.9910108299643089	-12.05085587113624	138.0	32	1.05	0.95				
	308	1	79.73869026	16.32078455614035	0.0	0.0	3	0.9968197238138792	-9.923459983462998	138.0	32	1.05	0.95				
	309	1	81.60392278070175	16.787092686315788	0.0	0.0	3	1.0252381690518297	-2.3292684104441412	138.0	33	1.05	0.95				
	310	1	90.93008538421053	18.652325207017544	0.0	0.0	3	1.05	-5.155745287191616	138.0	33	1.05	0.95				
	311	1	0.0	0.0	0.0	0.0	3	1.007262632322148	-0.6924479299608549	230.0	33	1.05	0.95				
	312	1	0.0	0.0	0.0	0.0	3	1.0127214644325266	0.028378571464644006	230.0	33	1.05	0.95				
	313	2	123.57165449649123	25.180639029473685	0.0	0.0	3	1.0104163938213417	2.6640302974175567	230.0	34	1.05	0.95				
	314	2	90.46377725403508	18.186017076842106	0.0	0.0	3	1.0016304960572728	-0.46973561315523543	230.0	36	1.05	0.95				
	315	2	147.81967726561402	29.84372033122807	0.0	0.0	3	1.0284087662864945	-0.07573028111246954	230.0	36	1.05	0.95				
	316	2	46.63081301754386	9.326162603508772	0.0	0.0	3	1.023614878706038	0.11350969863731801	230.0	36	1.05	0.95				
	317	1	0.0	0.0	0.0	0.0	3	1.0291238697425715	0.5976408318321941	230.0	37	1.05	0.95				
	318	2	155.28060734842106	31.70895285192983	0.0	0.0	3	1.0278030312986361	-0.002446747880307633	230.0	37	1.05	0.95				
	319	1	84.40177156175439	17.253400816491226	0.0	0.0	3	1.0206579207092563	0.9956501229190422	230.0	35	1.05	0.95				
	320	1	59.68744066245614	12.124011384561403	0.0	0.0	3	1.0196148823863342	1.8442371832677054	230.0	35	1.05	0.95				
	321	2	0.0	0.0	0.0	0.0	3	1.029992389970582	0.5224021400026587	230.0	37	1.05	0.95				
	322	2	0.0	0.0	0.0	0.0	3	1.0429785871397004	4.917177728561882	230.0	37	1.05	0.95				
	323	2	0.0	0.0	0.0	0.0	3	1.0196286530069996	2.520117217110337	230.0	35	1.05	0.95				
	324	1	0.0	0.0	0.0	0.0	3	1.0321615049005581	2.355070639492909	230.0	36	1.05	0.95				
	325	1	0.0	0.0	0.0	0.0	3	1.0202012037701405	3.286344333389461	230.0	35	1.05	0.95				
];
