%% MATPOWER Case Format : Version 2
function mpc = RTS_GMLC
mpc.version = '2';

%%-----  Power Flow Data  -----%%
%% system MVA base
mpc.baseMVA = 100.0;
%% bus data
%    bus_i    type    Pd    Qd    Gs    Bs    area    Vm    Va    baseKV    zone    Vmax    Vmin
mpc.bus = [
	101	2	41.49529935157895	8.452746164210527	0.0	0.0	1	1.0345661298169802	2.870384571910866	138.0	11	1.05	0.95				
	102	2	37.26892626947368	7.684314694736844	0.0	0.0	1	1.0336693471958833	2.612403970675295	138.0	12	1.05	0.95				
	103	1	69.15883225263158	14.215982185263156	0.0	0.0	1	1.028096027349655	1.3063757912615277	138.0	11	1.05	0.95				
	104	1	28.431964370526313	5.763236021052631	0.0	0.0	1	1.0221110026393123	-0.3956398186533856	138.0	11	1.05	0.95				
	105	1	27.279317166315785	5.37902028631579	0.0	0.0	1	1.0370325772085294	-0.17465917856556656	138.0	11	1.05	0.95				
	106	1	52.25333992421053	10.75804057263158	0.0	-100.0	1	1.046863305663888	-2.3201188934096857	138.0	12	1.05	0.95				
	107	2	48.02696684210527	9.605393368421053	0.0	0.0	1	1.0015114683939574	-7.288478269291119	138.0	12	1.05	0.95				
	108	1	65.70089064	13.447550715789472	0.0	0.0	1	1.0064123889845145	-6.1081975732074705	138.0	12	1.05	0.95				
	109	1	67.23775357894736	13.831766450526315	0.0	0.0	1	1.0240289339120674	-1.2996321180277328	138.0	13	1.05	0.95				
	110	1	74.9220682736842	15.368629389473687	0.0	0.0	1	1.05	-2.053508717285954	138.0	13	1.05	0.95				
	111	1	0.0	0.0	0.0	0.0	1	1.0017274146667496	0.216190483648973	230.0	13	1.05	0.95				
	112	1	0.0	0.0	0.0	0.0	1	1.0065364739266092	0.38019580107252726	230.0	13	1.05	0.95				
	113	3	101.81716970526315	20.747649675789475	0.0	0.0	1	0.9918975805202086	-3.6534739616700114e-28	230.0	14	1.05	0.95				
	114	2	74.53785253894736	14.984413654736844	0.0	0.0	1	0.9982414083276787	2.4351188437899847	230.0	16	1.05	0.95				
	115	2	121.79638791157895	24.5898070231579	0.0	0.0	1	1.0320800262122831	8.340568102707861	230.0	16	1.05	0.95				
	116	2	38.42157347368421	7.684314694736844	0.0	0.0	1	1.0284318982460547	7.782612393705229	230.0	16	1.05	0.95				
	117	1	0.0	0.0	0.0	0.0	1	1.0359395457489853	9.978702486891097	230.0	17	1.05	0.95				
	118	2	127.94383966736842	26.126669962105264	0.0	0.0	1	1.0378534366573202	10.184122584567666	230.0	17	1.05	0.95				
	119	1	69.54304798736842	14.215982185263156	0.0	0.0	1	1.022231099519591	6.440317231639462	230.0	15	1.05	0.95				
	120	1	49.1796140463158	9.989609103157896	0.0	0.0	1	1.0195114372220075	6.022825067925096	230.0	15	1.05	0.95				
	121	2	0.0	0.0	0.0	0.0	1	1.0407756871414624	11.263261834132308	230.0	17	1.05	0.95				
	122	2	0.0	0.0	0.0	0.0	1	1.05	17.26132013615136	230.0	17	1.05	0.95				
	123	2	0.0	0.0	0.0	0.0	1	1.018338149498755	6.094318023500415	230.0	15	1.05	0.95				
	124	1	0.0	0.0	0.0	0.0	1	1.0214287338314636	5.692529722205071	230.0	16	1.05	0.95				
	201	2	43.63859592000001	8.889343613333335	0.0	0.0	2	1.0281445927334436	-6.179647724492685	138.0	21	1.05	0.95				
	202	2	39.19392411333333	8.081221466666667	0.0	0.0	2	1.0291610651372014	-5.966480826172872	138.0	22	1.05	0.95				
	203	1	72.7309932	14.950259713333333	0.0	0.0	2	1.0168542818827695	-6.128033886784901	138.0	21	1.05	0.95				
	204	1	29.900519426666666	6.0609161	0.0	0.0	2	1.0193380857587253	-7.714674766699367	138.0	21	1.05	0.95				
	205	1	28.688336206666666	5.656855026666667	0.0	0.0	2	1.0342130173577169	-7.913879405847524	138.0	21	1.05	0.95				
	206	1	54.95230597333334	11.313710053333335	0.0	-100.0	2	1.045880996173986	-9.246344376122844	138.0	22	1.05	0.95				
	207	2	50.50763416666667	10.101526833333335	0.0	0.0	2	0.9943947668067734	-15.154961851420419	138.0	22	1.05	0.95				
	208	1	69.09444354	14.142137566666666	0.0	0.0	2	1.0005734944354399	-13.343695850247629	138.0	22	1.05	0.95				
	209	1	70.71068783333334	14.54619864	0.0	0.0	2	1.0225176355245142	-7.488097345999029	138.0	23	1.05	0.95				
	210	1	78.7919093	16.162442933333335	0.0	0.0	2	1.05	-8.379770111113391	138.0	23	1.05	0.95				
	211	1	0.0	0.0	0.0	0.0	2	1.002695037422958	-5.051216387382341	230.0	23	1.05	0.95				
	212	1	0.0	0.0	0.0	0.0	2	1.0057668552972154	-4.137682975356694	230.0	23	1.05	0.95				
	213	2	107.07618443333334	21.819297960000004	0.0	0.0	2	0.9963394660432353	-3.7889221939047806	230.0	24	1.05	0.95				
	214	2	78.38784822666666	15.75838186	0.0	0.0	2	1.0004307831322037	-3.1334363003543033	230.0	26	1.05	0.95				
	215	2	128.08736024666666	25.859908693333335	0.0	0.0	2	1.0177247353765149	1.8953970173408508	230.0	26	1.05	0.95				
	216	2	40.40610733333334	8.081221466666667	0.0	0.0	2	1.0186490572080056	2.042620490360735	230.0	26	1.05	0.95				
	217	1	0.0	0.0	0.0	0.0	2	1.0241494922609056	3.526800566499252	230.0	27	1.05	0.95				
	218	2	134.55233742000001	27.47615298666667	0.0	0.0	2	1.0233267656574738	2.9816462832163264	230.0	27	1.05	0.95				
	219	1	73.13505427333334	14.950259713333333	0.0	0.0	2	1.0185181980705984	2.258071878410877	230.0	25	1.05	0.95				
	220	1	51.71981738666667	10.505587906666667	0.0	0.0	2	1.021085573395212	3.2454653004101326	230.0	25	1.05	0.95				
	221	2	0.0	0.0	0.0	0.0	2	1.0251029648034822	3.4305604126927856	230.0	27	1.05	0.95				
	222	2	0.0	0.0	0.0	0.0	2	1.0471911490969514	9.993855482753844	230.0	27	1.05	0.95				
	223	2	0.0	0.0	0.0	0.0	2	1.0232473896566001	4.100249674688689	230.0	25	1.05	0.95				
	224	1	0.0	0.0	0.0	0.0	2	1.0073769815476834	-1.1371005760930244	230.0	26	1.05	0.95				
	301	2	36.04555520336842	7.342613096982456	0.0	0.0	3	1.0141164589426954	-9.559106618820998	138.0	31	1.05	0.95				
	302	2	32.37424865487719	6.6751028154385965	0.0	0.0	3	1.0141002967983133	-9.677074548975279	138.0	32	1.05	0.95				
	303	1	60.075925338947364	12.348940208561404	0.0	0.0	3	1.0245719879241102	-4.446923862816044	138.0	31	1.05	0.95				
	304	1	24.697880417122807	5.006327111578947	0.0	0.0	3	1.0143179843521481	-8.657415753582322	138.0	31	1.05	0.95				
	305	1	23.696614994807014	4.6725719708070175	0.0	0.0	3	1.028073263929949	-9.32680139543367	138.0	31	1.05	0.95				
	306	1	45.390699144982456	9.345143941614035	0.0	-100.0	3	1.0446894600690209	-9.62827856507412	138.0	32	1.05	0.95				
	307	2	41.719392596491225	8.343878519298245	0.0	0.0	3	0.993543487330812	-13.034092888581567	138.0	32	1.05	0.95				
	308	1	57.072129072	11.681429927017541	0.0	0.0	3	1.0031025567440428	-11.608806830424387	138.0	32	1.05	0.95				
	309	1	58.40714963508772	12.015185067789472	0.0	0.0	3	1.0238285844890724	-6.4398064847838965	138.0	33	1.05	0.95				
	310	1	65.08225245052631	13.350205630877193	0.0	0.0	3	1.05	-8.016034624906233	138.0	33	1.05	0.95				
	311	1	0.0	0.0	0.0	0.0	3	0.9995614251451768	-3.748943039038565	230.0	33	1.05	0.95				
	312	1	0.0	0.0	0.0	0.0	3	1.0060355314208178	-3.2174117567742377	230.0	33	1.05	0.95				
	313	2	88.44511230456139	18.02277760168421	0.0	0.0	3	1.002536787489498	-0.453618005714417	230.0	34	1.05	0.95				
	314	2	64.74849730975438	13.016450490105264	0.0	0.0	3	0.9880003613380787	-2.9809317970537776	230.0	36	1.05	0.95				
	315	2	105.80037962470175	21.360329009403507	0.0	0.0	3	1.0096895072499064	-0.5098511154051393	230.0	36	1.05	0.95				
	316	2	33.37551407719298	6.6751028154385965	0.0	0.0	3	1.0087190492476503	0.09326153965467898	230.0	36	1.05	0.95				
	317	1	0.0	0.0	0.0	0.0	3	1.0143386359977413	0.81595409308679	230.0	37	1.05	0.95				
	318	2	111.14046187705262	22.695349572491228	0.0	0.0	3	1.0139194769352484	0.6125081885510708	230.0	37	1.05	0.95				
	319	1	60.4096804797193	12.348940208561404	0.0	0.0	3	1.0065184945606733	-0.17518569562141895	230.0	35	1.05	0.95				
	320	1	42.720658018807015	8.677633660070175	0.0	0.0	3	1.0064587421547144	0.2717321003873156	230.0	35	1.05	0.95				
	321	2	0.0	0.0	0.0	0.0	3	1.0145602370337403	0.7882180071768392	230.0	37	1.05	0.95				
	322	2	0.0	0.0	0.0	0.0	3	1.0280909228631305	5.292682461232274	230.0	37	1.05	0.95				
	323	2	0.0	0.0	0.0	0.0	3	1.0066887159938782	0.7873202807002317	230.0	35	1.05	0.95				
	324	1	0.0	0.0	0.0	0.0	3	1.0089905987788903	-2.029627204904121	230.0	36	1.05	0.95				
	325	1	0.0	0.0	0.0	0.0	3	1.0072665744781522	1.699041100181037	230.0	35	1.05	0.95				
];
