%% MATPOWER Case Format : Version 2
function mpc = RTS_GMLC
mpc.version = '2';

%%-----  Power Flow Data  -----%%
%% system MVA base
mpc.baseMVA = 100.0;
%% bus data
%    bus_i    type    Pd    Qd    Gs    Bs    area    Vm    Va    baseKV    zone    Vmax    Vmin
mpc.bus = [
	101	2	71.8753092631579	14.641266701754386	0.0	0.0	1	1.049238231726497	0.9962132904502367	138.0	11	1.05	0.95				
	102	2	64.5546759122807	13.310242456140351	0.0	0.0	1	1.048046900256808	0.5977715789406451	138.0	12	1.05	0.95				
	103	1	119.79218210526317	24.62394854385965	0.0	0.0	1	1.0307886693203305	0.04592698707318095	138.0	11	1.05	0.95				
	104	1	49.2478970877193	9.982681842105263	0.0	0.0	1	1.0266964023964513	-2.871324567363819	138.0	11	1.05	0.95				
	105	1	47.25136071929824	9.317169719298246	0.0	0.0	1	1.039781060622405	-3.3419471465662762	138.0	11	1.05	0.95				
	106	1	90.5096487017544	18.63433943859649	0.0	-100.0	1	1.0414466022574147	-6.469398830856413	138.0	12	1.05	0.95				
	107	2	83.1890153508772	16.637803070175437	0.0	0.0	1	0.9993539327950615	-14.797321581189866	138.0	12	1.05	0.95				
	108	1	113.80257300000001	23.292924298245612	0.0	0.0	1	0.9944869871718589	-12.713775135320033	138.0	12	1.05	0.95				
	109	1	116.46462149122807	23.95843642105263	0.0	0.0	1	1.02557322327741	-4.216278136847877	138.0	13	1.05	0.95				
	110	1	129.7748639473684	26.620484912280702	0.0	0.0	1	1.05	-5.7278835882715855	138.0	13	1.05	0.95				
	111	1	0.0	0.0	0.0	0.0	1	1.0139992906092379	-1.3754163748697184	230.0	13	1.05	0.95				
	112	1	0.0	0.0	0.0	0.0	1	1.0160994802772876	-1.215262185706225	230.0	13	1.05	0.95				
	113	3	176.36071254385965	35.93765463157895	0.0	0.0	1	1.0137688126741098	-6.513180822420306e-32	230.0	14	1.05	0.95				
	114	2	129.1093518245614	25.954972789473686	0.0	0.0	1	1.018591060995509	1.0542155063728988	230.0	16	1.05	0.95				
	115	2	210.96734292982458	42.59277585964912	0.0	0.0	1	1.0435050111565436	9.491609700150935	230.0	16	1.05	0.95				
	116	2	66.55121228070175	13.310242456140351	0.0	0.0	1	1.0419256172353017	8.497191117011385	230.0	16	1.05	0.95				
	117	1	0.0	0.0	0.0	0.0	1	1.04578582413874	12.392104218166011	230.0	17	1.05	0.95				
	118	2	221.61553689473683	45.2548243508772	0.0	0.0	1	1.0488597411538316	13.377441510117821	230.0	17	1.05	0.95				
	119	1	120.45769422807018	24.62394854385965	0.0	0.0	1	1.0349274217200766	6.285279220522049	230.0	15	1.05	0.95				
	120	1	85.18555171929825	17.303315192982456	0.0	0.0	1	1.0342713202815694	5.13806751999749	230.0	15	1.05	0.95				
	121	2	0.0	0.0	0.0	0.0	1	1.05	15.362371799193852	230.0	17	1.05	0.95				
	122	2	0.0	0.0	0.0	0.0	1	1.05	20.765056416385303	230.0	17	1.05	0.95				
	123	2	0.0	0.0	0.0	0.0	1	1.0355075935134965	5.005250790987765	230.0	15	1.05	0.95				
	124	1	0.0	0.0	0.0	0.0	1	1.0268752972468704	5.962973027359915	230.0	16	1.05	0.95				
	201	2	73.35432079578948	14.94254682877193	0.0	0.0	2	1.0279577913224773	-13.589356009648926	138.0	21	1.05	0.95				
	202	2	65.8830473814035	13.584133480701755	0.0	0.0	2	1.0291147539468832	-13.381762461247211	138.0	22	1.05	0.95				
	203	1	122.2572013263158	25.130646939298245	0.0	0.0	2	1.0141421227231673	-12.082192940297485	138.0	21	1.05	0.95				
	204	1	50.26129387859649	10.188100110526316	0.0	0.0	2	1.015291678731045	-13.948974932115048	138.0	21	1.05	0.95				
	205	1	48.22367385649123	9.50889343649123	0.0	0.0	2	1.030374687764219	-14.360480093094141	138.0	21	1.05	0.95				
	206	1	92.37210766877195	19.01778687298246	0.0	-100.0	2	1.038220948759901	-15.390058226449334	138.0	22	1.05	0.95				
	207	2	84.90083425438597	16.980166850877193	0.0	0.0	2	0.9756319845639149	-25.09281973693989	138.0	22	1.05	0.95				
	208	1	116.14434125999999	23.77223359122807	0.0	0.0	2	0.9775507782608501	-21.769856124036334	138.0	22	1.05	0.95				
	209	1	118.86116795614035	24.45144026526316	0.0	0.0	2	1.025375866084069	-11.641702704550264	138.0	23	1.05	0.95				
	210	1	132.4453014368421	27.16826696140351	0.0	0.0	2	1.05	-12.980753237670124	138.0	23	1.05	0.95				
	211	1	0.0	0.0	0.0	0.0	2	1.0221005777662115	-7.837035484210171	230.0	23	1.05	0.95				
	212	1	0.0	0.0	0.0	0.0	2	1.0217090661830421	-2.315719876294527	230.0	23	1.05	0.95				
	213	2	179.98976861929822	36.67716039789474	0.0	0.0	2	1.0315056795430424	-4.482448773594159	230.0	24	1.05	0.95				
	214	2	131.766094762807	26.48906028736842	0.0	0.0	2	1.0298968485572304	-6.375483964897359	230.0	26	1.05	0.95				
	215	2	215.30851566912278	43.469227138245614	0.0	0.0	2	1.0369402649377326	-0.392675670048445	230.0	26	1.05	0.95				
	216	2	67.92066740350877	13.584133480701755	0.0	0.0	2	1.0386741051641541	-0.10033404610208407	230.0	26	1.05	0.95				
	217	1	0.0	0.0	0.0	0.0	2	1.039577958356266	1.094916873614293	230.0	27	1.05	0.95				
	218	2	226.1758224536842	46.18605383438597	0.0	0.0	2	1.0377265403726514	0.17559601459952665	230.0	27	1.05	0.95				
	219	1	122.93640800035088	25.130646939298245	0.0	0.0	2	1.0376689177925718	1.4170812300763835	230.0	25	1.05	0.95				
	220	1	86.93845427649123	17.65937352491228	0.0	0.0	2	1.0436295557257174	4.012885631402436	230.0	25	1.05	0.95				
	221	2	0.0	0.0	0.0	0.0	2	1.0395696871495939	0.7992814856024535	230.0	27	1.05	0.95				
	222	2	0.0	0.0	0.0	0.0	2	1.05	7.417803885601018	230.0	27	1.05	0.95				
	223	2	0.0	0.0	0.0	0.0	2	1.05	5.920488852371935	230.0	25	1.05	0.95				
	224	1	0.0	0.0	0.0	0.0	2	1.0138489123337817	-4.721418183349157	230.0	26	1.05	0.95				
	301	2	58.37329959157894	11.890857324210526	0.0	0.0	3	0.9935194367385899	18.423122294620512	138.0	31	1.05	0.95				
	302	2	52.42787092947368	10.809870294736841	0.0	0.0	3	0.9932837994321669	18.43499458721556	138.0	32	1.05	0.95				
	303	1	97.28883265263157	19.998260045263155	0.0	0.0	3	1.0142363360193873	19.573666356153222	138.0	31	1.05	0.95				
	304	1	39.99652009052631	8.10740272105263	0.0	0.0	3	1.0012854859292037	20.32869890351241	138.0	31	1.05	0.95				
	305	1	38.37503954631578	7.566909206315789	0.0	0.0	3	1.0132637551781065	20.518087495536037	138.0	31	1.05	0.95				
	306	1	73.50711800421053	15.133818412631578	0.0	-100.0	3	1.0330500978703168	21.062155871536355	138.0	32	1.05	0.95				
	307	2	67.56168934210525	13.512337868421051	0.0	0.0	3	0.9772089224871761	18.541708433112174	138.0	32	1.05	0.95				
	308	1	92.42439101999999	18.91727301578947	0.0	0.0	3	0.9960894564555435	20.862577369538418	138.0	32	1.05	0.95				
	309	1	94.58636507894735	19.457766530526314	0.0	0.0	3	1.0264479399288053	24.075397439390173	138.0	33	1.05	0.95				
	310	1	105.39623537368419	21.619740589473682	0.0	0.0	3	1.05	24.325970908487744	138.0	33	1.05	0.95				
	311	1	0.0	0.0	0.0	0.0	3	1.013456839403928	29.68835518420151	230.0	33	1.05	0.95				
	312	1	0.0	0.0	0.0	0.0	3	1.0218753958475657	30.98956095241129	230.0	33	1.05	0.95				
	313	2	143.23078140526314	29.18664979578947	0.0	0.0	3	1.0393330794845688	38.77795149077224	230.0	34	1.05	0.95				
	314	2	104.85574185894735	21.07924707473684	0.0	0.0	3	1.011973355514666	27.077056723206148	230.0	36	1.05	0.95				
	315	2	171.3364441715789	34.59158494315789	0.0	0.0	3	1.0378252312546894	19.353667322571976	230.0	36	1.05	0.95				
	316	2	54.049351473684204	10.809870294736841	0.0	0.0	3	1.040252087134532	20.74672184398656	230.0	36	1.05	0.95				
	317	1	0.0	0.0	0.0	0.0	3	1.0448096397352773	18.891133459312066	230.0	37	1.05	0.95				
	318	2	179.9843404073684	36.75355900210526	0.0	0.0	3	1.0447402431447186	17.327628363555778	230.0	37	1.05	0.95				
	319	1	97.82932616736841	19.998260045263155	0.0	0.0	3	1.040735942836511	23.848146511012988	230.0	35	1.05	0.95				
	320	1	69.18316988631578	14.052831383157894	0.0	0.0	3	1.0434104346556532	26.014318016180194	230.0	35	1.05	0.95				
	321	2	0.0	0.0	0.0	0.0	3	1.0434090748652591	18.578190325694557	230.0	37	1.05	0.95				
	322	2	0.0	0.0	0.0	0.0	3	1.05	23.030237571707364	230.0	37	1.05	0.95				
	323	2	0.0	0.0	0.0	0.0	3	1.0444818298265064	26.74355841397691	230.0	35	1.05	0.95				
	324	1	0.0	0.0	0.0	0.0	3	1.0276220280568147	21.53213909969073	230.0	36	1.05	0.95				
	325	1	0.0	0.0	0.0	0.0	3	1.0462022762320953	25.783071668725565	230.0	35	1.05	0.95				
];
