%% MATPOWER Case Format : Version 2
function mpc = RTS_GMLC
mpc.version = '2';

%%-----  Power Flow Data  -----%%
%% system MVA base
mpc.baseMVA = 100.0;
%% bus data
%    bus_i    type    Pd    Qd    Gs    Bs    area    Vm    Va    baseKV    zone    Vmax    Vmin
mpc.bus = [
	101	2	42.63087581052631	8.684067294736842	0.0	0.0	1	1.01612335212211	-3.240040528095572	138.0	11	1.05	0.95				
	102	2	38.28884216315789	7.894606631578947	0.0	0.0	1	1.0157571066738678	-3.4597415080150102	138.0	12	1.05	0.95				
	103	1	71.05145968421051	14.60502226842105	0.0	0.0	1	1.007752398589412	-0.2655943279922007	138.0	11	1.05	0.95				
	104	1	29.2100445368421	5.92095497368421	0.0	0.0	1	1.00660173853596	-3.789659850992651	138.0	11	1.05	0.95				
	105	1	28.02585354210526	5.526224642105263	0.0	0.0	1	1.0190984797569775	-4.835851385102067	138.0	11	1.05	0.95				
	106	1	53.683325094736844	11.052449284210526	0.0	-100.0	1	1.0286463715764582	-6.203701230315434	138.0	12	1.05	0.95				
	107	2	49.34129144736842	9.868258289473683	0.0	0.0	1	0.9860892717497141	-9.933901645571185	138.0	12	1.05	0.95				
	108	1	67.4988867	13.815561605263154	0.0	0.0	1	0.9889354597183435	-8.850596398810982	138.0	12	1.05	0.95				
	109	1	69.07780802631578	14.210291936842104	0.0	0.0	1	1.0045528572132798	-3.54480421056999	138.0	13	1.05	0.95				
	110	1	76.97241465789473	15.789213263157894	0.0	0.0	1	1.0315250275271526	-5.159039530174592	138.0	13	1.05	0.95				
	111	1	0.0	0.0	0.0	0.0	1	0.9820469687178306	-1.3233813955515963	230.0	13	1.05	0.95				
	112	1	0.0	0.0	0.0	0.0	1	0.9839068491236748	-1.6813708828907208	230.0	13	1.05	0.95				
	113	3	104.60353786842104	21.315437905263156	0.0	0.0	1	0.9658784843727679	1.5858093911331515e-29	230.0	14	1.05	0.95				
	114	2	76.57768432631578	15.394482931578946	0.0	0.0	1	0.9860469150001905	0.7235461890756991	230.0	16	1.05	0.95				
	115	2	125.1295151105263	25.262741221052632	0.0	0.0	1	0.9972673210629858	7.246002232545565	230.0	16	1.05	0.95				
	116	2	39.47303315789473	7.894606631578947	0.0	0.0	1	0.9953074554046122	6.227047567831295	230.0	16	1.05	0.95				
	117	1	0.0	0.0	0.0	0.0	1	1.0030935965811885	10.286822648706398	230.0	17	1.05	0.95				
	118	2	131.44520041578946	26.841662547368422	0.0	0.0	1	1.0071800526861627	10.799352709974443	230.0	17	1.05	0.95				
	119	1	71.44619001578947	14.60502226842105	0.0	0.0	1	0.9927707677497946	3.886360734302865	230.0	15	1.05	0.95				
	120	1	50.525482442105265	10.262988621052632	0.0	0.0	1	0.9933821005066561	2.1345483743385127	230.0	15	1.05	0.95				
	121	2	0.0	0.0	0.0	0.0	1	1.008153136558819	11.794278758880742	230.0	17	1.05	0.95				
	122	2	0.0	0.0	0.0	0.0	1	1.0275251962040084	22.581488184008922	230.0	17	1.05	0.95				
	123	2	0.0	0.0	0.0	0.0	1	0.9943392118173268	1.4955128827824138	230.0	15	1.05	0.95				
	124	1	0.0	0.0	0.0	0.0	1	0.9919003286639552	4.370428151635365	230.0	16	1.05	0.95				
	201	2	42.04061075368421	8.563828116491228	0.0	0.0	2	1.0117033940684923	-10.694393882995847	138.0	21	1.05	0.95				
	202	2	37.758696695438594	7.785298287719298	0.0	0.0	2	1.0104406677998374	-10.919509839415998	138.0	22	1.05	0.95				
	203	1	70.06768458947367	14.402801832280701	0.0	0.0	2	0.9983654153211129	-8.107895290938707	138.0	21	1.05	0.95				
	204	1	28.805603664561403	5.838973715789473	0.0	0.0	2	1.0028719486240376	-10.280277100557509	138.0	21	1.05	0.95				
	205	1	27.637808921403504	5.449708801403509	0.0	0.0	2	1.019140716861241	-10.594259967131848	138.0	21	1.05	0.95				
	206	1	52.94002835649123	10.899417602807018	0.0	-100.0	2	1.0313027120381473	-11.039546187130588	138.0	22	1.05	0.95				
	207	2	48.658114298245614	9.731622859649121	0.0	0.0	2	0.9736411586889303	-15.739665639673262	138.0	22	1.05	0.95				
	208	1	66.56430035999999	13.62427200350877	0.0	0.0	2	0.9828735303971524	-13.974057450040899	138.0	22	1.05	0.95				
	209	1	68.12136001754385	14.013536917894736	0.0	0.0	2	1.0080314291713919	-8.09888275599683	138.0	23	1.05	0.95				
	210	1	75.90665830526315	15.570596575438596	0.0	0.0	2	1.035988294657881	-9.211558602963525	138.0	23	1.05	0.95				
	211	1	0.0	0.0	0.0	0.0	2	0.9875570166308583	-5.795480246499959	230.0	23	1.05	0.95				
	212	1	0.0	0.0	0.0	0.0	2	0.992423149698475	-2.0536643960374517	230.0	23	1.05	0.95				
	213	2	103.15520231228071	21.020305376842106	0.0	0.0	2	0.984680406351763	-3.7946193980475065	230.0	24	1.05	0.95				
	214	2	75.51739339087719	15.18133166105263	0.0	0.0	2	0.9810397291074657	-4.531472252060552	230.0	26	1.05	0.95				
	215	2	123.39697786035086	24.912954520701753	0.0	0.0	2	0.9909502991645206	0.522839724042875	230.0	26	1.05	0.95				
	216	2	38.926491438596486	7.785298287719298	0.0	0.0	2	0.9892565066280367	-0.2046952018851348	230.0	26	1.05	0.95				
	217	1	0.0	0.0	0.0	0.0	2	0.9976233580466664	1.118002574256546	230.0	27	1.05	0.95				
	218	2	129.62521649052633	26.470014178245616	0.0	0.0	2	0.9980241966452948	0.829526866869119	230.0	27	1.05	0.95				
	219	1	70.45694950385965	14.402801832280701	0.0	0.0	2	0.9867325646521928	-0.1799939741013201	230.0	25	1.05	0.95				
	220	1	49.825909041403506	10.120887774035088	0.0	0.0	2	0.9872274640308731	0.663895630827059	230.0	25	1.05	0.95				
	221	2	0.0	0.0	0.0	0.0	2	1.0003872416626371	1.532192154025258	230.0	27	1.05	0.95				
	222	2	0.0	0.0	0.0	0.0	2	1.0189749765331335	8.069975884820492	230.0	27	1.05	0.95				
	223	2	0.0	0.0	0.0	0.0	2	0.9882257430979384	1.451817176219687	230.0	25	1.05	0.95				
	224	1	0.0	0.0	0.0	0.0	2	0.9833447890603402	-2.769155052437971	230.0	26	1.05	0.95				
	301	2	62.985764008421064	12.830433409122808	0.0	0.0	3	1.0036547806744833	12.489582791982505	138.0	31	1.05	0.95				
	302	2	56.570547303859655	11.664030371929826	0.0	0.0	3	1.0037447570493039	12.407200962279083	138.0	32	1.05	0.95				
	303	1	104.97627334736843	21.578456188070177	0.0	0.0	3	1.0012825326023005	17.381730937625967	138.0	31	1.05	0.95				
	304	1	43.156912376140355	8.74802277894737	0.0	0.0	3	0.9957855900307307	14.568222513404239	138.0	31	1.05	0.95				
	305	1	41.40730782035088	8.164821260350879	0.0	0.0	3	1.0109364926258435	14.203335999147507	138.0	31	1.05	0.95				
	306	1	79.31540652912282	16.329642520701757	0.0	-100.0	3	1.0231485018636275	14.500027046216964	138.0	32	1.05	0.95				
	307	2	72.90018982456141	14.580037964912282	0.0	0.0	3	0.9719482812103519	11.133864388731968	138.0	32	1.05	0.95				
	308	1	99.72745968000001	20.412053150877192	0.0	0.0	3	0.9838109511728794	13.81800724165588	138.0	32	1.05	0.95				
	309	1	102.06026575438598	20.995254669473685	0.0	0.0	3	1.0102266013916192	18.798882659752962	138.0	33	1.05	0.95				
	310	1	113.7242961263158	23.328060743859652	0.0	0.0	3	1.035549360197364	17.846873234847557	138.0	33	1.05	0.95				
	311	1	0.0	0.0	0.0	0.0	3	0.9937383151670502	23.94739711091438	230.0	33	1.05	0.95				
	312	1	0.0	0.0	0.0	0.0	3	0.9990727554924727	24.54181311478354	230.0	33	1.05	0.95				
	313	2	154.54840242807018	31.492882004210532	0.0	0.0	3	1.0068970264573	30.54775686263503	230.0	34	1.05	0.95				
	314	2	113.14109460771931	22.744859225263163	0.0	0.0	3	0.9921668300158013	23.82403969653073	230.0	36	1.05	0.95				
	315	2	184.87488139508773	37.32489719017544	0.0	0.0	3	0.9956695983297962	19.898504117824164	230.0	36	1.05	0.95				
	316	2	58.32015185964913	11.664030371929826	0.0	0.0	3	0.9896264853595137	21.178191764718747	230.0	36	1.05	0.95				
	317	1	0.0	0.0	0.0	0.0	3	1.002798708151161	22.440009446615196	230.0	37	1.05	0.95				
	318	2	194.20610569263158	39.65770326456141	0.0	0.0	3	0.9990287876012974	19.385801078065857	230.0	37	1.05	0.95				
	319	1	105.55947486596493	21.578456188070177	0.0	0.0	3	0.9967174213113171	22.478451269848936	230.0	35	1.05	0.95				
	320	1	74.64979438035088	15.163239483508772	0.0	0.0	3	1.0041637405258113	23.087029622866865	230.0	35	1.05	0.95				
	321	2	0.0	0.0	0.0	0.0	3	1.004327691915431	20.20151153201424	230.0	37	1.05	0.95				
	322	2	0.0	0.0	0.0	0.0	3	1.0211924140161066	25.478651705795375	230.0	37	1.05	0.95				
	323	2	0.0	0.0	0.0	0.0	3	1.0075960416994887	22.9961246921534	230.0	35	1.05	0.95				
	324	1	0.0	0.0	0.0	0.0	3	0.9951675322466437	21.00502597022529	230.0	36	1.05	0.95				
