%% MATPOWER Case Format : Version 2
function mpc = RTS_GMLC
mpc.version = '2';

%%-----  Power Flow Data  -----%%
%% system MVA base
mpc.baseMVA = 100.0;
%% bus data
%    bus_i    type    Pd    Qd    Gs    Bs    area    Vm    Va    baseKV    zone    Vmax    Vmin
mpc.bus = [
	101	2	55.04205838736842	11.212271152982456	0.0	0.0	1	1.0339255177970024	1.229468687495654	138.0	11	1.05	0.95				
	102	2	49.435922810877194	10.192973775438595	0.0	0.0	1	1.0334862456534448	1.0928890353192746	138.0	12	1.05	0.95				
	103	1	91.73676397894737	18.857001484561405	0.0	0.0	1	1.0257492138825501	-0.7083842285800864	138.0	11	1.05	0.95				
	104	1	37.71400296912281	7.644730331578947	0.0	0.0	1	1.0203479837756275	-1.9610045520724113	138.0	11	1.05	0.95				
	105	1	36.18505690280702	7.135081642807018	0.0	0.0	1	1.0351227269284489	-1.7755992219390333	138.0	11	1.05	0.95				
	106	1	69.31222167298246	14.270163285614036	0.0	-100.0	1	1.043318501272626	-3.966692280480362	138.0	12	1.05	0.95				
	107	2	63.70608609649122	12.741217219298246	0.0	0.0	1	1.0194091451550706	-3.911615310901121	138.0	12	1.05	0.95				
	108	1	87.14992577999999	17.837704107017544	0.0	0.0	1	1.0145658729532323	-5.058362592945677	138.0	12	1.05	0.95				
	109	1	89.18852053508772	18.347352795789472	0.0	0.0	1	1.0253129732950317	-2.3977732194477714	138.0	13	1.05	0.95				
	110	1	99.3814943105263	20.38594755087719	0.0	0.0	1	1.05	-3.2174436145196252	138.0	13	1.05	0.95				
	111	1	0.0	0.0	0.0	0.0	1	1.0054212587835443	-0.6633013298599965	230.0	13	1.05	0.95				
	112	1	0.0	0.0	0.0	0.0	1	1.0100851047877157	0.060205525244152056	230.0	13	1.05	0.95				
	113	3	135.0569025245614	27.52102919368421	0.0	0.0	1	0.9993246840055156	-3.342738100832237e-30	230.0	14	1.05	0.95				
	114	2	98.87184562175439	19.876298862105262	0.0	0.0	1	1.0021375235289407	1.019457146387627	230.0	16	1.05	0.95				
	115	2	161.55863434070176	32.61751608140351	0.0	0.0	1	1.0375370696983959	6.670116898943661	230.0	16	1.05	0.95				
	116	2	50.964868877192984	10.192973775438595	0.0	0.0	1	1.033748001491301	6.4065243123702444	230.0	16	1.05	0.95				
	117	1	0.0	0.0	0.0	0.0	1	1.0407912970990385	7.984783937394238	230.0	17	1.05	0.95				
	118	2	169.71301336105262	34.65611083649123	0.0	0.0	1	1.0426796598263042	7.889029835926378	230.0	17	1.05	0.95				
	119	1	92.2464126677193	18.857001484561405	0.0	0.0	1	1.028231480806658	5.806078707900393	230.0	15	1.05	0.95				
	120	1	65.23503216280702	13.250865908070175	0.0	0.0	1	1.0272712179859476	6.270218151421409	230.0	15	1.05	0.95				
	121	2	0.0	0.0	0.0	0.0	1	1.0467241462820893	8.964202024791474	230.0	17	1.05	0.95				
	122	2	0.0	0.0	0.0	0.0	1	1.05	15.08769878332122	230.0	17	1.05	0.95				
	123	2	0.0	0.0	0.0	0.0	1	1.0277912057816336	6.915994215031428	230.0	15	1.05	0.95				
	124	1	0.0	0.0	0.0	0.0	1	1.0235609539276667	3.9162314658769737	230.0	16	1.05	0.95				
	201	2	52.05351800842105	10.603494409122808	0.0	0.0	2	1.031697376377569	-5.004514836873905	138.0	21	1.05	0.95				
	202	2	46.75177080385965	9.639540371929826	0.0	0.0	2	1.03205580813523	-4.982847343886999	138.0	22	1.05	0.95				
	203	1	86.75586334736842	17.833149688070176	0.0	0.0	2	1.0233871939110026	-4.590765389756258	138.0	21	1.05	0.95				
	204	1	35.66629937614035	7.2296552789473685	0.0	0.0	2	1.0196963745746375	-7.271074335597593	138.0	21	1.05	0.95				
	205	1	34.22036832035087	6.747678260350878	0.0	0.0	2	1.0347034891301217	-7.418401053844021	138.0	21	1.05	0.95				
	206	1	65.54887452912281	13.495356520701757	0.0	-100.0	2	1.0440849381079311	-9.226690518794538	138.0	22	1.05	0.95				
	207	2	60.2471273245614	12.04942546491228	0.0	0.0	2	0.9893598136605826	-16.502535986421474	138.0	22	1.05	0.95				
	208	1	82.41807018	16.86919565087719	0.0	0.0	2	0.9946519986857802	-14.283710637458848	138.0	22	1.05	0.95				
	209	1	84.34597825438597	17.351172669473684	0.0	0.0	2	1.0237880734668698	-7.183113829192841	138.0	23	1.05	0.95				
	210	1	93.9855186263158	19.27908074385965	0.0	0.0	2	1.05	-8.338478598030969	138.0	23	1.05	0.95				
	211	1	0.0	0.0	0.0	0.0	2	1.007533539192615	-4.484263498043268	230.0	23	1.05	0.95				
	212	1	0.0	0.0	0.0	0.0	2	1.0102057322629283	-3.827876598615933	230.0	23	1.05	0.95				
	213	2	127.72390992807017	26.026759004210525	0.0	0.0	2	1.002209362919337	-3.5204372071893344	230.0	24	1.05	0.95				
	214	2	93.5035416077193	18.79710372526316	0.0	0.0	2	1.0099581318594417	-1.9569059333296506	230.0	26	1.05	0.95				
	215	2	152.7867148950877	30.84652919017544	0.0	0.0	2	1.0306401818489495	4.445919739288679	230.0	26	1.05	0.95				
	216	2	48.19770185964912	9.639540371929826	0.0	0.0	2	1.031861475732116	4.512520211390504	230.0	26	1.05	0.95				
	217	1	0.0	0.0	0.0	0.0	2	1.0373193935365597	7.175502372680225	230.0	27	1.05	0.95				
	218	2	160.4983471926316	32.774437264561406	0.0	0.0	2	1.0391906866499634	7.777662276690306	230.0	27	1.05	0.95				
	219	1	87.23784036596491	17.833149688070176	0.0	0.0	2	1.0306770286104958	3.8068943679948877	230.0	25	1.05	0.95				
	220	1	61.69305838035088	12.531402483508773	0.0	0.0	2	1.0331512523140072	4.124400237040727	230.0	25	1.05	0.95				
	221	2	0.0	0.0	0.0	0.0	2	1.0388259552373622	7.419848677704247	230.0	27	1.05	0.95				
	222	2	0.0	0.0	0.0	0.0	2	1.05	13.82484292090594	230.0	27	1.05	0.95				
	223	2	0.0	0.0	0.0	0.0	2	1.0353673229536067	4.662124929513841	230.0	25	1.05	0.95				
	224	1	0.0	0.0	0.0	0.0	2	1.0166680059714674	1.052158241513603	230.0	26	1.05	0.95				
	301	2	46.893388168421055	9.552356849122807	0.0	0.0	3	1.0079337971744524	-19.13304008962376	138.0	31	1.05	0.95				
	302	2	42.117209743859654	8.683960771929826	0.0	0.0	3	1.007594056080656	-19.24599218237804	138.0	32	1.05	0.95				
	303	1	78.15564694736842	16.065327428070177	0.0	0.0	3	1.0228425379269295	-13.651711278279475	138.0	31	1.05	0.95				
	304	1	32.13065485614035	6.512970578947369	0.0	0.0	3	1.0100681440510881	-17.81569198812069	138.0	31	1.05	0.95				
	305	1	30.828060740350878	6.0787725403508786	0.0	0.0	3	1.0233130756211517	-18.540226525444318	138.0	31	1.05	0.95				
	306	1	59.050933249122814	12.157545080701757	0.0	-100.0	3	1.0401740790371647	-18.72737189062628	138.0	32	1.05	0.95				
	307	2	54.27475482456141	10.854950964912282	0.0	0.0	3	0.9939382275882949	-23.496776168669943	138.0	32	1.05	0.95				
	308	1	74.2478646	15.196931350877193	0.0	0.0	3	0.9997497828507466	-21.5346340965569	138.0	32	1.05	0.95				
	309	1	75.98465675438597	15.631129389473685	0.0	0.0	3	1.0257439792428464	-14.866092358557191	138.0	33	1.05	0.95				
	310	1	84.6686175263158	17.36792154385965	0.0	0.0	3	1.05	-16.550156205527184	138.0	33	1.05	0.95				
	311	1	0.0	0.0	0.0	0.0	3	1.0089628742154013	-10.6354716592911	230.0	33	1.05	0.95				
	312	1	0.0	0.0	0.0	0.0	3	1.0108544765935494	-10.327125288851828	230.0	33	1.05	0.95				
	313	2	115.06248022807017	23.446694084210527	0.0	0.0	3	1.0107374659902162	-7.264202120275501	230.0	34	1.05	0.95				
	314	2	84.23441948771931	16.93372350526316	0.0	0.0	3	1.0124740940993207	-8.43118642981222	230.0	36	1.05	0.95				
	315	2	137.64077823508774	27.78867447017544	0.0	0.0	3	1.0379351797167446	-3.0875424281553476	230.0	36	1.05	0.95				
	316	2	43.41980385964913	8.683960771929826	0.0	0.0	3	1.036048762964399	-2.741215612950578	230.0	36	1.05	0.95				
	317	1	0.0	0.0	0.0	0.0	3	1.040836757765583	-0.8685849573838395	230.0	37	1.05	0.95				
	318	2	144.58794685263157	29.525466624561407	0.0	0.0	3	1.0410741719612187	-0.5503983719700972	230.0	37	1.05	0.95				
	319	1	78.58984498596492	16.065327428070177	0.0	0.0	3	1.0304431281808282	-3.9621505345688575	230.0	35	1.05	0.95				
	320	1	55.57734894035088	11.289149003508774	0.0	0.0	3	1.0286964672673653	-4.188683314792231	230.0	35	1.05	0.95				
	321	2	0.0	0.0	0.0	0.0	3	1.0438514072348108	0.0956754912713572	230.0	37	1.05	0.95				
	322	2	0.0	0.0	0.0	0.0	3	1.05	4.042157085423756	230.0	37	1.05	0.95				
	323	2	0.0	0.0	0.0	0.0	3	1.0282784907546876	-3.9800546726413413	230.0	35	1.05	0.95				
	324	1	0.0	0.0	0.0	0.0	3	1.0191402899047686	-7.026820749335591	230.0	36	1.05	0.95				
	325	1	0.0	0.0	0.0	0.0	3	1.026415731317599	-2.88667483202256	230.0	35	1.05	0.95				
];
