%% MATPOWER Case Format : Version 2
function mpc = RTS_GMLC
mpc.version = '2';

%%-----  Power Flow Data  -----%%
%% system MVA base
mpc.baseMVA = 100.0;
%% bus data
%    bus_i    type    Pd    Qd    Gs    Bs    area    Vm    Va    baseKV    zone    Vmax    Vmin
mpc.bus = [
	101	2	40.05244928842106	8.15883226245614	0.0	0.0	1	1.0371707311921292	2.1991962378871706	138.0	11	1.05	0.95				
	102	2	35.97303315719299	7.417120238596492	0.0	0.0	1	1.034764831443778	1.570592877994312	138.0	12	1.05	0.95				
	103	1	66.75408214736844	13.72167244140351	0.0	0.0	1	1.0296443103461799	0.3058103651558556	138.0	11	1.05	0.95				
	104	1	27.44334488280702	5.5628401789473685	0.0	0.0	1	1.0254006371171813	-0.9371390463720849	138.0	11	1.05	0.95				
	105	1	26.330776847017546	5.191984167017545	0.0	0.0	1	1.0383563989850801	-1.0596599935843447	138.0	11	1.05	0.95				
	106	1	50.436417622456155	10.38396833403509	0.0	-100.0	1	1.0474705845943852	-3.403886826927221	138.0	12	1.05	0.95				
	107	2	46.357001491228075	9.271400298245615	0.0	0.0	1	1.0023741321129525	-9.418899274193835	138.0	12	1.05	0.95				
	108	1	63.41637804	12.97996041754386	0.0	0.0	1	1.0068865540361096	-7.759853422478695	138.0	12	1.05	0.95				
	109	1	64.89980208771931	13.350816429473685	0.0	0.0	1	1.0242571273922312	-2.3902543486628858	138.0	13	1.05	0.95				
	110	1	72.31692232631579	14.834240477192983	0.0	0.0	1	1.05	-3.207905375243894	138.0	13	1.05	0.95				
	111	1	0.0	0.0	0.0	0.0	1	1.0005205550606235	-0.854162149943236	230.0	13	1.05	0.95				
	112	1	0.0	0.0	0.0	0.0	1	1.0057160264024911	-1.1069716048650804	230.0	13	1.05	0.95				
	113	3	98.27684316140352	20.02622464421053	0.0	0.0	1	0.9922128620556385	1.9526229370977177e-28	230.0	14	1.05	0.95				
	114	2	71.94606631438597	14.46338446526316	0.0	0.0	1	0.9942268643088232	0.5001006632282805	230.0	16	1.05	0.95				
	115	2	117.5613557817544	23.734784763508774	0.0	0.0	1	1.0288252676537082	5.563076994984178	230.0	16	1.05	0.95				
	116	2	37.08560119298246	7.417120238596492	0.0	0.0	1	1.0241567784715933	4.569189395982825	230.0	16	1.05	0.95				
	117	1	0.0	0.0	0.0	0.0	1	1.0332351885852842	7.628998836339927	230.0	17	1.05	0.95				
	118	2	123.4950519726316	25.218208811228077	0.0	0.0	1	1.036423764996705	8.23090621940115	230.0	17	1.05	0.95				
	119	1	67.12493815929825	13.72167244140351	0.0	0.0	1	1.0149470785035606	2.53206468232495	230.0	15	1.05	0.95				
	120	1	47.46956952701755	9.64225631017544	0.0	0.0	1	1.0096304104742722	1.2700197403549058	230.0	15	1.05	0.95				
	121	2	0.0	0.0	0.0	0.0	1	1.0391410483810288	9.483096328185956	230.0	17	1.05	0.95				
	122	2	0.0	0.0	0.0	0.0	1	1.05	15.341709035158136	230.0	17	1.05	0.95				
	123	2	0.0	0.0	0.0	0.0	1	1.0070480348975044	0.8685164760562524	230.0	15	1.05	0.95				
	124	1	0.0	0.0	0.0	0.0	1	1.0216364241075795	3.575097831904495	230.0	16	1.05	0.95				
	201	2	38.53864314947369	7.850464345263158	0.0	0.0	2	1.017049497456473	-13.233046596507862	138.0	21	1.05	0.95				
	202	2	34.613410976842104	7.1367857684210545	0.0	0.0	2	1.016126646285898	-13.508582029802845	138.0	22	1.05	0.95				
	203	1	64.23107191578949	13.20305367157895	0.0	0.0	2	1.0158031278923667	-9.627162625196883	138.0	21	1.05	0.95				
	204	1	26.4061073431579	5.3525893263157895	0.0	0.0	2	1.014128483481948	-13.243652235472824	138.0	21	1.05	0.95				
	205	1	25.335589477894736	4.995750037894737	0.0	0.0	2	1.0293535603424175	-13.637364020124219	138.0	21	1.05	0.95				
	206	1	48.53014322526317	9.991500075789475	0.0	-100.0	2	1.0444947779268983	-14.33345338356252	138.0	22	1.05	0.95				
	207	2	44.604911052631586	8.920982210526317	0.0	0.0	2	0.999191027524754	-18.549994664290416	138.0	22	1.05	0.95				
	208	1	61.01951832000001	12.489375094736843	0.0	0.0	2	1.0051285021385254	-16.973829536648402	138.0	22	1.05	0.95				
	209	1	62.446875473684216	12.846214383157895	0.0	0.0	2	1.022200942804198	-11.54221428532088	138.0	23	1.05	0.95				
	210	1	69.58366124210526	14.273571536842109	0.0	0.0	2	1.05	-12.893346449130728	138.0	23	1.05	0.95				
	211	1	0.0	0.0	0.0	0.0	2	1.0016687383650822	-9.088906929654167	230.0	23	1.05	0.95				
	212	1	0.0	0.0	0.0	0.0	2	1.0045252485257625	-7.981172821121234	230.0	23	1.05	0.95				
	213	2	94.56241143157895	19.269321574736846	0.0	0.0	2	0.9933927584846165	-8.037058911243493	230.0	24	1.05	0.95				
	214	2	69.22682195368421	13.916732248421054	0.0	0.0	2	1.0011126866349822	-6.728815047515936	230.0	26	1.05	0.95				
	215	2	113.11805442947369	22.83771445894737	0.0	0.0	2	1.0161244798595934	-0.430201235764798	230.0	26	1.05	0.95				
	216	2	35.68392884210527	7.1367857684210545	0.0	0.0	2	1.0153256738969767	-1.196688487772788	230.0	26	1.05	0.95				
	217	1	0.0	0.0	0.0	0.0	2	1.0200052482399316	0.2771168928846451	230.0	27	1.05	0.95				
	218	2	118.82748304421054	24.265071612631584	0.0	0.0	2	1.0199098799158886	0.05184710621002745	230.0	27	1.05	0.95				
	219	1	64.58791120421054	13.20305367157895	0.0	0.0	2	1.0123153699174638	-2.1290615145017533	230.0	25	1.05	0.95				
	220	1	45.67542891789474	9.27782149894737	0.0	0.0	2	1.0119215572112663	-2.2232539071067077	230.0	25	1.05	0.95				
	221	2	0.0	0.0	0.0	0.0	2	1.022184604599532	0.6899026702694759	230.0	27	1.05	0.95				
	222	2	0.0	0.0	0.0	0.0	2	1.0438422901677717	7.096091756393919	230.0	27	1.05	0.95				
	223	2	0.0	0.0	0.0	0.0	2	1.0119531926590173	-1.9905943338665557	230.0	25	1.05	0.95				
	224	1	0.0	0.0	0.0	0.0	2	1.0047288601018793	-3.909170238405404	230.0	26	1.05	0.95				
	301	2	46.73963936842105	9.521037649122807	0.0	0.0	3	1.0036130783764379	-5.688126354468491	138.0	31	1.05	0.95				
	302	2	41.97912054385965	8.655488771929825	0.0	0.0	3	1.0035362453131231	-5.737005202485787	138.0	32	1.05	0.95				
	303	1	77.89939894736843	16.012654228070176	0.0	0.0	3	1.0146232447846544	-2.845342714818504	138.0	31	1.05	0.95				
	304	1	32.02530845614035	6.491616578947368	0.0	0.0	3	1.0073597968109163	-4.356650227121515	138.0	31	1.05	0.95				
	305	1	30.726985140350877	6.058842140350878	0.0	0.0	3	1.0207837353396794	-4.454186700899161	138.0	31	1.05	0.95				
	306	1	58.85732364912282	12.117684280701756	0.0	-100.0	3	1.0391049002845865	-4.287510837076239	138.0	32	1.05	0.95				
	307	2	54.0968048245614	10.819360964912281	0.0	0.0	3	0.9957583250485088	-8.241588284114107	138.0	32	1.05	0.95				
	308	1	74.00442899999999	15.14710535087719	0.0	0.0	3	1.0035073538045671	-6.326587226078312	138.0	32	1.05	0.95				
	309	1	75.73552675438596	15.579879789473683	0.0	0.0	3	1.0240820065758214	-1.4481892122359852	138.0	33	1.05	0.95				
	310	1	84.39101552631578	17.31097754385965	0.0	0.0	3	1.05	-1.8328409870351707	138.0	33	1.05	0.95				
	311	1	0.0	0.0	0.0	0.0	3	1.0046218961795819	2.804260162834599	230.0	33	1.05	0.95				
	312	1	0.0	0.0	0.0	0.0	3	1.0102661263414996	3.77920577114273	230.0	33	1.05	0.95				
	313	2	114.68522622807018	23.369819684210526	0.0	0.0	3	1.012292316921108	8.359615261253415	230.0	34	1.05	0.95				
	314	2	83.9582410877193	16.87820310526316	0.0	0.0	3	0.9994139553986595	2.4755052434063893	230.0	36	1.05	0.95				
	315	2	137.18949703508773	27.69756407017544	0.0	0.0	3	1.0122889542409175	-0.3422603022140067	230.0	36	1.05	0.95				
	316	2	43.277443859649125	8.655488771929825	0.0	0.0	3	1.0122508969688024	0.44045447101866964	230.0	36	1.05	0.95				
	317	1	0.0	0.0	0.0	0.0	3	1.0158253025172461	0.2542342250295972	230.0	37	1.05	0.95				
	318	2	144.11388805263158	29.42866182456141	0.0	0.0	3	1.0141186795189072	-0.43265664164173967	230.0	37	1.05	0.95				
	319	1	78.33217338596491	16.012654228070176	0.0	0.0	3	1.0134327970123576	2.6691609199407833	230.0	35	1.05	0.95				
	320	1	55.39512814035088	11.252135403508772	0.0	0.0	3	1.0154130375873056	4.199226518005785	230.0	35	1.05	0.95				
	321	2	0.0	0.0	0.0	0.0	3	1.0155621271700102	0.16458991607985507	230.0	37	1.05	0.95				
	322	2	0.0	0.0	0.0	0.0	3	1.029266374942113	4.683039690668206	230.0	37	1.05	0.95				
	323	2	0.0	0.0	0.0	0.0	3	1.0165628255114212	4.9674733877648976	230.0	35	1.05	0.95				
	324	1	0.0	0.0	0.0	0.0	3	1.0098985907978375	0.20696963862322815	230.0	36	1.05	0.95				
	325	1	0.0	0.0	0.0	0.0	3	1.018285347467848	5.363549299761726	230.0	35	1.05	0.95				
];
