%% MATPOWER Case Format : Version 2
function mpc = RTS_GMLC
mpc.version = '2';

%%-----  Power Flow Data  -----%%
%% system MVA base
mpc.baseMVA = 100.0;
%% bus data
%    bus_i    type    Pd    Qd    Gs    Bs    area    Vm    Va    baseKV    zone    Vmax    Vmin
mpc.bus = [
	101	2	36.17812963705263	7.36961900014035	0.0	0.0	1	0.9905819044520267	-6.085878151439866	138.0	11	1.05	0.95				
	102	2	32.49332013698245	6.699653636491227	0.0	0.0	1	0.9903786778225863	-6.234846696809529	138.0	12	1.05	0.95				
	103	1	60.29688272842105	12.39435922750877	0.0	0.0	1	1.023141230631389	-0.270257348929379	138.0	11	1.05	0.95				
	104	1	24.78871845501754	5.0247402273684205	0.0	0.0	1	1.0047300856774908	-5.460849415159305	138.0	11	1.05	0.95				
	105	1	23.783770409543855	4.689757545543859	0.0	0.0	1	1.0160835867120481	-6.189830789259947	138.0	11	1.05	0.95				
	106	1	45.55764472814035	9.379515091087718	0.0	-100.0	1	1.0388320821673425	-6.683398931594829	138.0	12	1.05	0.95				
	107	2	41.87283522807017	8.374567045614034	0.0	0.0	1	0.9888656836132057	-9.516000240361258	138.0	12	1.05	0.95				
	108	1	57.28203859199999	11.724393863859648	0.0	0.0	1	1.0010170951126405	-8.358353798197049	138.0	12	1.05	0.95				
	109	1	58.62196931929824	12.05937654568421	0.0	0.0	1	1.0258124104157287	-3.4437086601031712	138.0	13	1.05	0.95				
	110	1	65.32162295578946	13.399307272982455	0.0	0.0	1	1.05	-5.198761814783815	138.0	13	1.05	0.95				
	111	1	0.0	0.0	0.0	0.0	1	1.0154833138903014	-0.4673707855692364	230.0	13	1.05	0.95				
	112	1	0.0	0.0	0.0	0.0	1	1.0117319649750807	-1.4119713531397373	230.0	13	1.05	0.95				
	113	3	88.77041068350876	18.089064818526314	0.0	0.0	1	0.9964841744478647	-3.1909572784290783e-29	230.0	14	1.05	0.95				
	114	2	64.9866402739649	13.064324591157895	0.0	0.0	1	1.039238449260565	2.9465661831259635	230.0	16	1.05	0.95				
	115	2	106.18951013838596	21.438891636771928	0.0	0.0	1	1.0406896004951307	11.384449592714404	230.0	16	1.05	0.95				
	116	2	33.49826818245614	6.699653636491227	0.0	0.0	1	1.0412073838936118	9.91103169355516	230.0	16	1.05	0.95				
	117	1	0.0	0.0	0.0	0.0	1	1.0395818636335112	15.421887559819204	230.0	17	1.05	0.95				
	118	2	111.54923304757894	22.778822364070177	0.0	0.0	1	1.0468770955782272	15.811852603678442	230.0	17	1.05	0.95				
	119	1	60.63186541024561	12.39435922750877	0.0	0.0	1	1.0365119708194614	6.269979172701191	230.0	15	1.05	0.95				
	120	1	42.877783273543855	8.709549727438596	0.0	0.0	1	1.0372021440386152	3.73963160840547	230.0	15	1.05	0.95				
	121	2	0.0	0.0	0.0	0.0	1	1.0385620757387435	17.05393805122047	230.0	17	1.05	0.95				
	122	2	0.0	0.0	0.0	0.0	1	1.05	35.05293700664884	230.0	17	1.05	0.95				
	123	2	0.0	0.0	0.0	0.0	1	1.038133525751786	2.6030713261162135	230.0	15	1.05	0.95				
	124	1	0.0	0.0	0.0	0.0	1	1.0195477492891913	7.046512687899452	230.0	16	1.05	0.95				
	201	2	36.906658272	7.518022981333333	0.0	0.0	2	1.0064376456459918	-12.217750625602774	138.0	21	1.05	0.95				
	202	2	33.14764678133333	6.834566346666667	0.0	0.0	2	1.0049783022373087	-12.477406533151488	138.0	22	1.05	0.95				
	203	1	61.51109712	12.643947741333333	0.0	0.0	2	1.0138918938916988	-9.251395124176128	138.0	21	1.05	0.95				
	204	1	25.287895482666666	5.125924759999999	0.0	0.0	2	1.010001459225231	-12.328301254575694	138.0	21	1.05	0.95				
	205	1	24.262710530666666	4.7841964426666665	0.0	0.0	2	1.0241384971332241	-12.663646870099713	138.0	21	1.05	0.95				
	206	1	46.47505115733333	9.568392885333333	0.0	-100.0	2	1.0421862269586932	-13.367467822127303	138.0	22	1.05	0.95				
	207	2	42.71603966666666	8.543207933333333	0.0	0.0	2	0.9896369619334422	-17.319640207677978	138.0	22	1.05	0.95				
	208	1	58.435542264	11.960491106666666	0.0	0.0	2	1.000440149384535	-15.865269836804236	138.0	22	1.05	0.95				
	209	1	59.80245553333333	12.302219423999999	0.0	0.0	2	1.0232728737777002	-10.779551104578417	138.0	23	1.05	0.95				
	210	1	66.63702187999999	13.669132693333333	0.0	0.0	2	1.05	-11.999571163567909	138.0	23	1.05	0.95				
	211	1	0.0	0.0	0.0	0.0	2	1.0038651348574799	-8.21151603125188	230.0	23	1.05	0.95				
	212	1	0.0	0.0	0.0	0.0	2	1.0124050621153113	-7.41948958616387	230.0	23	1.05	0.95				
	213	2	90.55800409333332	18.453329136	0.0	0.0	2	1.0021447264127845	-6.8495053832628185	230.0	24	1.05	0.95				
	214	2	66.29529356266666	13.327404375999999	0.0	0.0	2	0.9993318395650858	-6.088618582746382	230.0	26	1.05	0.95				
	215	2	108.32787659466665	21.870612309333332	0.0	0.0	2	1.0242130573042731	-0.6750936073318058	230.0	26	1.05	0.95				
	216	2	34.17283173333333	6.834566346666667	0.0	0.0	2	1.0270722520615687	-1.137931382343591	230.0	26	1.05	0.95				
	217	1	0.0	0.0	0.0	0.0	2	1.0332209067594562	0.5813478638371203	230.0	27	1.05	0.95				
	218	2	113.795529672	23.237525578666666	0.0	0.0	2	1.0315996461620216	0.24942112649383383	230.0	27	1.05	0.95				
	219	1	61.85282543733332	12.643947741333333	0.0	0.0	2	1.034154230039605	-0.9725428420358198	230.0	25	1.05	0.95				
	220	1	43.741224618666664	8.884936250666668	0.0	0.0	2	1.0421167004890188	-0.17291639069957973	230.0	25	1.05	0.95				
	221	2	0.0	0.0	0.0	0.0	2	1.0320934439525726	0.7350512810049893	230.0	27	1.05	0.95				
	222	2	0.0	0.0	0.0	0.0	2	1.0499999981111168	7.169730738086892	230.0	27	1.05	0.95				
	223	2	0.0	0.0	0.0	0.0	2	1.0468108629249295	0.5162018561481322	230.0	25	1.05	0.95				
	224	1	0.0	0.0	0.0	0.0	2	1.009667031527615	-3.884399364673834	230.0	26	1.05	0.95				
	301	2	38.77886743578947	7.899398922105262	0.0	0.0	3	1.0114323213577108	21.40497984244452	138.0	31	1.05	0.95				
	302	2	34.82916797473684	7.181271747368421	0.0	0.0	3	1.010759943333876	21.046798302206035	138.0	32	1.05	0.95				
	303	1	64.63144572631579	13.285352732631578	0.0	0.0	3	1.05	35.827980297958476	138.0	31	1.05	0.95				
	304	1	26.570705465263156	5.385953810526315	0.0	0.0	3	1.008427094302369	22.16988348356829	138.0	31	1.05	0.95				
	305	1	25.493514703157892	5.026890223157895	0.0	0.0	3	1.0232022659957178	19.50577605017638	138.0	31	1.05	0.95				
	306	1	48.83264788210526	10.05378044631579	0.0	-100.0	3	1.0379664981711	17.98522798258288	138.0	32	1.05	0.95				
	307	2	44.882948421052625	8.976589684210525	0.0	0.0	3	0.95	15.564813605083026	138.0	32	1.05	0.95				
	308	1	61.39987343999999	12.567225557894734	0.0	0.0	3	0.973598206279922	17.018246012062722	138.0	32	1.05	0.95				
	309	1	62.836127789473686	12.926289145263157	0.0	0.0	3	1.0170005149825196	24.594643590342557	138.0	33	1.05	0.95				
	310	1	70.01739953684209	14.362543494736842	0.0	0.0	3	1.0439120852751411	18.769939576486983	138.0	33	1.05	0.95				
	311	1	0.0	0.0	0.0	0.0	3	1.0058763576251057	21.660102072764563	230.0	33	1.05	0.95				
	312	1	0.0	0.0	0.0	0.0	3	1.0109840687968423	21.297381092382658	230.0	33	1.05	0.95				
	313	2	95.15185065263158	19.389433717894736	0.0	0.0	3	1.0046475880748187	20.979290283561337	230.0	34	1.05	0.95				
	314	2	69.65833594947368	14.00347990736842	0.0	0.0	3	1.002354429667147	22.325737867393574	230.0	36	1.05	0.95				
	315	2	113.82315719578946	22.980069591578946	0.0	0.0	3	1.05	26.016459572802436	230.0	36	1.05	0.95				
	316	2	35.9063587368421	7.181271747368421	0.0	0.0	3	1.034520293509597	25.341145527412195	230.0	36	1.05	0.95				
	317	1	0.0	0.0	0.0	0.0	3	1.05	29.94856550714181	230.0	37	1.05	0.95				
	318	2	119.5681745936842	24.41632394105263	0.0	0.0	3	1.0462197554102537	26.27302099843821	230.0	37	1.05	0.95				
	319	1	64.99050931368421	13.285352732631578	0.0	0.0	3	1.025158427004716	23.02424158780932	230.0	35	1.05	0.95				
	320	1	45.96013918315789	9.335653271578948	0.0	0.0	3	1.020201735625045	21.690255936271758	230.0	35	1.05	0.95				
	321	2	0.0	0.0	0.0	0.0	3	1.0497485048898247	26.8579176938787	230.0	37	1.05	0.95				
	322	2	0.0	0.0	0.0	0.0	3	1.05	32.41868081488162	230.0	37	1.05	0.95				
	323	2	0.0	0.0	0.0	0.0	3	1.017744808559753	21.234233940843833	230.0	35	1.05	0.95				
	324	1	0.0	0.0	0.0	0.0	3	1.0469071742763891	29.765685117250264	230.0	36	1.05	0.95				
	325	1	0.0	0.0	0.0	0.0	3	1.0208498620815691	20.886857358689177	230.0	35	1.05	0.95				
];
