%% MATPOWER Case Format : Version 2
function mpc = RTS_GMLC
mpc.version = '2';

%%-----  Power Flow Data  -----%%
%% system MVA base
mpc.baseMVA = 100.0;
%% bus data
%    bus_i    type    Pd    Qd    Gs    Bs    area    Vm    Va    baseKV    zone    Vmax    Vmin
mpc.bus = [
	101	2	54.13359721263158	11.027214247017545	0.0	0.0	1	1.05	3.4888575117448575	138.0	11	1.05	0.95				
	102	2	48.61999008912281	10.024740224561404	0.0	0.0	1	1.0492319080173793	3.1615385645996534	138.0	12	1.05	0.95				
	103	1	90.22266202105264	18.545769415438595	0.0	0.0	1	1.0300143741730559	0.05520075705352504	138.0	11	1.05	0.95				
	104	1	37.09153883087719	7.518555168421052	0.0	0.0	1	1.029153682969817	-0.6333693421170316	138.0	11	1.05	0.95				
	105	1	35.587827797192986	7.0173181571929835	0.0	0.0	1	1.0422956535915004	-0.7604857574417893	138.0	11	1.05	0.95				
	106	1	68.16823352701755	14.034636314385967	0.0	-100.0	1	1.0463862907980253	-3.691586071352955	138.0	12	1.05	0.95				
	107	2	62.65462640350877	12.530925280701755	0.0	0.0	1	1.000306857066723	-10.305853876787895	138.0	12	1.05	0.95				
	108	1	85.71152892	17.543295392982454	0.0	0.0	1	1.0016474144677117	-8.844700261311806	138.0	12	1.05	0.95				
	109	1	87.71647696491229	18.044532404210525	0.0	0.0	1	1.0247397157827083	-2.7686192040982047	138.0	13	1.05	0.95				
	110	1	97.74121718947369	20.049480449122807	0.0	0.0	1	1.05	-3.573162454437466	138.0	13	1.05	0.95				
	111	1	0.0	0.0	0.0	0.0	1	1.0052470652508703	-1.0111654511949413	230.0	13	1.05	0.95				
	112	1	0.0	0.0	0.0	0.0	1	1.009308822546591	-0.9211991717350931	230.0	13	1.05	0.95				
	113	3	132.8278079754386	27.06679860631579	0.0	0.0	1	0.9989792175310472	-2.9654404521352966e-30	230.0	14	1.05	0.95				
	114	2	97.23998017824562	19.548243437894737	0.0	0.0	1	1.002225151515473	0.3828604528312094	230.0	16	1.05	0.95				
	115	2	158.89213255929823	32.07916871859649	0.0	0.0	1	1.0344716266054614	5.881909554613036	230.0	16	1.05	0.95				
	116	2	50.12370112280702	10.024740224561404	0.0	0.0	1	1.030687232853303	5.3497139250469745	230.0	16	1.05	0.95				
	117	1	0.0	0.0	0.0	0.0	1	1.0380787375687526	8.115393914415993	230.0	17	1.05	0.95				
	118	2	166.9119247389474	34.084116763508774	0.0	0.0	1	1.0409381686161983	8.488271125767763	230.0	17	1.05	0.95				
	119	1	90.72389903228071	18.545769415438595	0.0	0.0	1	1.0216590048898013	3.554919150051946	230.0	15	1.05	0.95				
	120	1	64.15833743719298	13.032162291929824	0.0	0.0	1	1.0176029725908442	2.708532194061345	230.0	15	1.05	0.95				
	121	2	0.0	0.0	0.0	0.0	1	1.0440436448621309	9.77210692071948	230.0	17	1.05	0.95				
	122	2	0.0	0.0	0.0	0.0	1	1.05	16.434625018969925	230.0	17	1.05	0.95				
	123	2	0.0	0.0	0.0	0.0	1	1.0162489399540702	2.632555038471378	230.0	15	1.05	0.95				
	124	1	0.0	0.0	0.0	0.0	1	1.024755053545988	3.6922813561998296	230.0	16	1.05	0.95				
	201	2	43.92759327157895	8.948213444210525	0.0	0.0	2	1.014883666790396	-11.058298703686198	138.0	21	1.05	0.95				
	202	2	39.45348654947368	8.134739494736841	0.0	0.0	2	1.0141265899166696	-11.273720788545763	138.0	22	1.05	0.95				
	203	1	73.21265545263158	15.049268065263158	0.0	0.0	2	1.0159793727901807	-8.291363483861193	138.0	21	1.05	0.95				
	204	1	30.098536130526316	6.101054621052632	0.0	0.0	2	1.012986239167147	-10.925794987449972	138.0	21	1.05	0.95				
	205	1	28.878325206315793	5.69431764631579	0.0	0.0	2	1.0275117297106084	-11.269797625750993	138.0	21	1.05	0.95				
	206	1	55.31622856421053	11.38863529263158	0.0	-100.0	2	1.042594151900007	-11.886814656808907	138.0	22	1.05	0.95				
	207	2	50.84212184210526	10.168424368421054	0.0	0.0	2	0.9958001442333012	-16.840019528740456	138.0	22	1.05	0.95				
	208	1	69.55202268000001	14.235794115789474	0.0	0.0	2	1.001524345225331	-15.013657322652927	138.0	22	1.05	0.95				
	209	1	71.17897057894737	14.642531090526315	0.0	0.0	2	1.0236911780193214	-8.957210589427964	138.0	23	1.05	0.95				
	210	1	79.3137100736842	16.269478989473683	0.0	0.0	2	1.05	-10.172860256280151	138.0	23	1.05	0.95				
	211	1	0.0	0.0	0.0	0.0	2	1.004452964548685	-6.142875119573992	230.0	23	1.05	0.95				
	212	1	0.0	0.0	0.0	0.0	2	1.008695766149776	-3.916802061737179	230.0	23	1.05	0.95				
	213	2	107.78529830526315	21.963796635789475	0.0	0.0	2	0.9995554167553033	-4.364860888114754	230.0	24	1.05	0.95				
	214	2	78.90697309894736	15.862742014736844	0.0	0.0	2	1.003877466995492	-4.143842386835072	230.0	26	1.05	0.95				
	215	2	128.93562099157896	26.031166383157895	0.0	0.0	2	1.0228562805950527	1.4127458205977752	230.0	26	1.05	0.95				
	216	2	40.673697473684214	8.134739494736841	0.0	0.0	2	1.0223679831611987	1.1539858560014404	230.0	26	1.05	0.95				
	217	1	0.0	0.0	0.0	0.0	2	1.0271210377826685	2.270398901664583	230.0	27	1.05	0.95				
	218	2	135.4434125873684	27.658114282105267	0.0	0.0	2	1.0265814141892977	1.9186554834635325	230.0	27	1.05	0.95				
	219	1	73.61939242736842	15.049268065263158	0.0	0.0	2	1.0216182406752448	1.1983886472013714	230.0	25	1.05	0.95				
	220	1	52.06233276631579	10.575161343157895	0.0	0.0	2	1.0236245146767597	2.038221810059206	230.0	25	1.05	0.95				
	221	2	0.0	0.0	0.0	0.0	2	1.0288103090987317	2.545029147188347	230.0	27	1.05	0.95				
	222	2	0.0	0.0	0.0	0.0	2	1.049999950227995	8.927738751627485	230.0	27	1.05	0.95				
	223	2	0.0	0.0	0.0	0.0	2	1.0254227477614664	2.8133525315315584	230.0	25	1.05	0.95				
	224	1	0.0	0.0	0.0	0.0	2	1.008349344487736	-2.2338832506200386	230.0	26	1.05	0.95				
	301	2	58.97121165473684	12.012654225964912	0.0	0.0	3	1.003170942228051	-9.410318425292381	138.0	31	1.05	0.95				
	302	2	52.96488454175439	10.920594750877195	0.0	0.0	3	1.0029743915028082	-9.475438323271778	138.0	32	1.05	0.95				
	303	1	98.28535275789474	20.203100289122805	0.0	0.0	3	1.0145299522982976	-5.507958038161196	138.0	31	1.05	0.95				
	304	1	40.40620057824561	8.190446063157895	0.0	0.0	3	1.004939018826178	-7.645412147651967	138.0	31	1.05	0.95				
	305	1	38.76811136561403	7.644416325614036	0.0	0.0	3	1.0185694128906542	-7.834164862306104	138.0	31	1.05	0.95				
	306	1	74.26004430596491	15.288832651228072	0.0	-100.0	3	1.0354730422110028	-7.577250759130938	138.0	32	1.05	0.95				
	307	2	68.25371719298245	13.650743438596491	0.0	0.0	3	0.9949579824651211	-12.540792152554763	138.0	32	1.05	0.95				
	308	1	93.37108512	19.111040814035086	0.0	0.0	3	0.9999975462693435	-10.038865888932447	138.0	32	1.05	0.95				
	309	1	95.55520407017544	19.657070551578943	0.0	0.0	3	1.025224396853031	-3.9160494765091656	138.0	33	1.05	0.95				
	310	1	106.47579882105262	21.84118950175439	0.0	0.0	3	1.05	-4.511125273907079	138.0	33	1.05	0.95				
	311	1	0.0	0.0	0.0	0.0	3	1.0111829186629977	1.435532626090338	230.0	33	1.05	0.95				
	312	1	0.0	0.0	0.0	0.0	3	1.0153769222220992	2.4346691459537193	230.0	33	1.05	0.95				
	313	2	144.6978804491228	29.48560582736842	0.0	0.0	3	1.0258642958062543	7.6786584786767635	230.0	34	1.05	0.95				
	314	2	105.92976908350877	21.295159764210528	0.0	0.0	3	1.0109842609841029	1.6057475569165351	230.0	36	1.05	0.95				
	315	2	173.09142680140351	34.94590320280702	0.0	0.0	3	1.0223129736199723	-0.7381368069392448	230.0	36	1.05	0.95				
	316	2	54.602973754385964	10.920594750877195	0.0	0.0	3	1.0226458489088774	0.2641205887594396	230.0	36	1.05	0.95				
	317	1	0.0	0.0	0.0	0.0	3	1.0259787825465831	0.3504042556071203	230.0	37	1.05	0.95				
	318	2	181.82790260210527	37.130022152982455	0.0	0.0	3	1.0240647312761813	-0.21913149643894048	230.0	37	1.05	0.95				
	319	1	98.8313824954386	20.203100289122805	0.0	0.0	3	1.0231676750899805	2.2715766682980236	230.0	35	1.05	0.95				
	320	1	69.89180640561403	14.19677317614035	0.0	0.0	3	1.0254756856472849	3.728533097113137	230.0	35	1.05	0.95				
	321	2	0.0	0.0	0.0	0.0	3	1.0255461837992026	0.16119052559651328	230.0	37	1.05	0.95				
	322	2	0.0	0.0	0.0	0.0	3	1.0390761108281774	4.634038346980912	230.0	37	1.05	0.95				
	323	2	0.0	0.0	0.0	0.0	3	1.0270684537573371	4.456383030104041	230.0	35	1.05	0.95				
	324	1	0.0	0.0	0.0	0.0	3	1.0147681440893668	-0.7062851340084375	230.0	36	1.05	0.95				
	325	1	0.0	0.0	0.0	0.0	3	1.028090524103203	4.914768066576342	230.0	35	1.05	0.95				
];
