%% MATPOWER Case Format : Version 2
function mpc = RTS_GMLC
mpc.version = '2';

%%-----  Power Flow Data  -----%%
%% system MVA base
mpc.baseMVA = 100.0;
%% bus data
%    bus_i    type    Pd    Qd    Gs    Bs    area    Vm    Va    baseKV    zone    Vmax    Vmin
mpc.bus = [
	101	2	58.34190994105264	11.884463136140353	0.0	0.0	1	1.0422860249602832	-0.0520288407585371	138.0	11	1.05	0.95				
	102	2	52.399678372982464	10.80405739649123	0.0	0.0	1	1.0413001224360485	-0.34119940852373354	138.0	12	1.05	0.95				
	103	1	97.23651656842107	19.987506183508774	0.0	0.0	1	1.0263692647212066	-2.34798899514766	138.0	11	1.05	0.95				
	104	1	39.97501236701755	8.103043047368422	0.0	0.0	1	1.0246707612913948	-3.416254231033268	138.0	11	1.05	0.95				
	105	1	38.35440375754386	7.562840177543862	0.0	0.0	1	1.0386690276259702	-3.4935376335603996	138.0	11	1.05	0.95				
	106	1	73.46759029614036	15.125680355087724	0.0	-100.0	1	1.0440922626941238	-5.992866946611641	138.0	12	1.05	0.95				
	107	2	67.52535872807019	13.505071745614035	0.0	0.0	1	1.0002114588603972	-11.842967949756726	138.0	12	1.05	0.95				
	108	1	92.37469074	18.90710044385965	0.0	0.0	1	1.0005484282439747	-10.575199511466328	138.0	12	1.05	0.95				
	109	1	94.53550221929825	19.447303313684213	0.0	0.0	1	1.0249735977334014	-4.406505892740883	138.0	13	1.05	0.95				
	110	1	105.3395596157895	21.60811479298246	0.0	0.0	1	1.05	-5.318026303056621	138.0	13	1.05	0.95				
	111	1	0.0	0.0	0.0	0.0	1	1.0068378778367832	-1.9341385842061867	230.0	13	1.05	0.95				
	112	1	0.0	0.0	0.0	0.0	1	1.010898305646117	-1.3704984057648115	230.0	13	1.05	0.95				
	113	3	143.15376050350878	29.17095497052632	0.0	0.0	1	1.0042399777699242	2.8084438045302103e-30	230.0	14	1.05	0.95				
	114	2	104.79935674596493	21.067911923157897	0.0	0.0	1	1.0044211288270806	-0.5881236585326769	230.0	16	1.05	0.95				
	115	2	171.24430973438598	34.57298366877193	0.0	0.0	1	1.0347261241501065	4.807670721621585	230.0	16	1.05	0.95				
	116	2	54.02028698245614	10.80405739649123	0.0	0.0	1	1.0316700124345137	4.566291955783994	230.0	16	1.05	0.95				
	117	1	0.0	0.0	0.0	0.0	1	1.0383859064532446	7.01625796047295	230.0	17	1.05	0.95				
	118	2	179.88755565157896	36.73379514807018	0.0	0.0	1	1.0405559539230698	7.277246679560024	230.0	17	1.05	0.95				
	119	1	97.77671943824564	19.987506183508774	0.0	0.0	1	1.0254742328414022	3.569069835534864	230.0	15	1.05	0.95				
	120	1	69.14596733754387	14.045274615438599	0.0	0.0	1	1.0241141789963293	3.627433611218598	230.0	15	1.05	0.95				
	121	2	0.0	0.0	0.0	0.0	1	1.043788076933681	8.67727527373288	230.0	17	1.05	0.95				
	122	2	0.0	0.0	0.0	0.0	1	1.05	14.925636036541407	230.0	17	1.05	0.95				
	123	2	0.0	0.0	0.0	0.0	1	1.0244712357432628	4.075029073071135	230.0	15	1.05	0.95				
	124	1	0.0	0.0	0.0	0.0	1	1.022287549323324	2.127159885577104	230.0	16	1.05	0.95				
	201	2	52.76751142736842	10.748937512982454	0.0	0.0	2	1.0231051392922457	-9.400932706735412	138.0	21	1.05	0.95				
	202	2	47.393042670877186	9.771761375438597	0.0	0.0	2	1.0238563078970997	-9.238725229939549	138.0	22	1.05	0.95				
	203	1	87.94585237894736	18.0777585445614	0.0	0.0	2	1.016203899109345	-8.80593791498256	138.0	21	1.05	0.95				
	204	1	36.1555170891228	7.328821031578947	0.0	0.0	2	1.0161708826118239	-10.356421982652023	138.0	21	1.05	0.95				
	205	1	34.689752882807014	6.8402329628070175	0.0	0.0	2	1.0305907781126296	-10.61778772328573	138.0	21	1.05	0.95				
	206	1	66.44797735298246	13.680465925614035	0.0	-100.0	2	1.042403922034641	-11.747477174776733	138.0	22	1.05	0.95				
	207	2	61.07350859649122	12.214701719298244	0.0	0.0	2	0.991504976303825	-18.66034366560463	138.0	22	1.05	0.95				
	208	1	83.54855975999999	17.10058240701754	0.0	0.0	2	0.9956687386256186	-16.399955617929894	138.0	22	1.05	0.95				
	209	1	85.5029120350877	17.589170475789473	0.0	0.0	2	1.024058494978369	-9.262454245091265	138.0	23	1.05	0.95				
	210	1	95.2746734105263	19.543522750877194	0.0	0.0	2	1.05	-10.283592476186522	138.0	23	1.05	0.95				
	211	1	0.0	0.0	0.0	0.0	2	1.0076833285484752	-6.234073881191628	230.0	23	1.05	0.95				
	212	1	0.0	0.0	0.0	0.0	2	1.0116564245068687	-3.788703851740184	230.0	23	1.05	0.95				
	213	2	129.4758382245614	26.38375571368421	0.0	0.0	2	1.0059082545976339	-4.196849571751372	230.0	24	1.05	0.95				
	214	2	94.78608534175437	19.054934682105262	0.0	0.0	2	1.00780139928749	-4.380465244814007	230.0	26	1.05	0.95				
	215	2	154.88241780070175	31.269636401403506	0.0	0.0	2	1.0269476506616595	1.158109787442141	230.0	26	1.05	0.95				
	216	2	48.858806877192976	9.771761375438597	0.0	0.0	2	1.02761754967385	1.215401200735107	230.0	26	1.05	0.95				
	217	1	0.0	0.0	0.0	0.0	2	1.0313770926548647	2.343470350784282	230.0	27	1.05	0.95				
	218	2	162.69982690105263	33.22398867649123	0.0	0.0	2	1.0301556656659434	1.764978413697285	230.0	27	1.05	0.95				
	219	1	88.4344404477193	18.0777585445614	0.0	0.0	2	1.0286505049372563	1.9083410400460041	230.0	25	1.05	0.95				
	220	1	62.53927280280701	12.703289788070174	0.0	0.0	2	1.0333831560840627	3.451876636985192	230.0	25	1.05	0.95				
	221	2	0.0	0.0	0.0	0.0	2	1.0321358275533632	2.366021489512071	230.0	27	1.05	0.95				
	222	2	0.0	0.0	0.0	0.0	2	1.05	8.851546113956736	230.0	27	1.05	0.95				
	223	2	0.0	0.0	0.0	0.0	2	1.037390707406411	4.661633543434414	230.0	25	1.05	0.95				
	224	1	0.0	0.0	0.0	0.0	2	1.010640485376251	-2.572005644026179	230.0	26	1.05	0.95				
	301	2	59.056627642105276	12.03005377894737	0.0	0.0	3	1.0071953802176126	-9.537267450916904	138.0	31	1.05	0.95				
	302	2	53.04160075263158	10.936412526315792	0.0	0.0	3	1.0066524532553942	-9.668428975800644	138.0	32	1.05	0.95				
	303	1	98.42771273684212	20.232363173684213	0.0	0.0	3	1.0237980961272033	-3.435026810394857	138.0	31	1.05	0.95				
	304	1	40.464726347368426	8.202309394736842	0.0	0.0	3	1.0069348418319282	-8.006344338124926	138.0	31	1.05	0.95				
	305	1	38.824264468421056	7.655488768421054	0.0	0.0	3	1.0209577679944102	-8.430176868429877	138.0	31	1.05	0.95				
	306	1	74.36760517894739	15.310977536842108	0.0	-100.0	3	1.0364993418208326	-8.43545491726209	138.0	32	1.05	0.95				
	307	2	68.3525782894737	13.670515657894738	0.0	0.0	3	0.9937796437110176	-14.235887388514302	138.0	32	1.05	0.95				
	308	1	93.50632710000001	19.138721921052632	0.0	0.0	3	0.9969542242350258	-11.690942865650985	138.0	32	1.05	0.95				
	309	1	95.69360960526316	19.685542547368424	0.0	0.0	3	1.0256038118968884	-4.409284315458198	138.0	33	1.05	0.95				
	310	1	106.63002213157895	21.872825052631583	0.0	0.0	3	1.05	-5.568766515998596	138.0	33	1.05	0.95				
	311	1	0.0	0.0	0.0	0.0	3	1.0122211379622787	0.811900298135571	230.0	33	1.05	0.95				
	312	1	0.0	0.0	0.0	0.0	3	1.0140228679273582	1.027604386852223	230.0	33	1.05	0.95				
	313	2	144.90746597368422	29.528313821052638	0.0	0.0	3	1.019007895641736	5.138922693936883	230.0	34	1.05	0.95				
	314	2	106.08320150526316	21.32600442631579	0.0	0.0	3	1.0180353027641098	2.8399794287851874	230.0	36	1.05	0.95				
	315	2	173.34213854210526	34.99652008421053	0.0	0.0	3	1.038681730082075	4.671263776710595	230.0	36	1.05	0.95				
	316	2	54.68206263157895	10.936412526315792	0.0	0.0	3	1.03763676397515	5.155114071188305	230.0	36	1.05	0.95				
	317	1	0.0	0.0	0.0	0.0	3	1.0480972518502245	9.205937294355694	230.0	37	1.05	0.95				
	318	2	182.0912685631579	37.18380258947369	0.0	0.0	3	1.0447134427684885	7.24268476574228	230.0	37	1.05	0.95				
	319	1	98.97453336315792	20.232363173684213	0.0	0.0	3	1.0323929648560504	5.023498780301557	230.0	35	1.05	0.95				
	320	1	69.99304016842106	14.217336284210527	0.0	0.0	3	1.0294166624904426	4.833300547364963	230.0	35	1.05	0.95				
	321	2	0.0	0.0	0.0	0.0	3	1.0440205313898394	6.997033193554881	230.0	37	1.05	0.95				
	322	2	0.0	0.0	0.0	0.0	3	1.05	12.200774622496777	230.0	37	1.05	0.95				
	323	2	0.0	0.0	0.0	0.0	3	1.0281034441200037	4.84536074164647	230.0	35	1.05	0.95				
	324	1	0.0	0.0	0.0	0.0	3	1.0248596021075425	3.1264845737582783	230.0	36	1.05	0.95				
	325	1	0.0	0.0	0.0	0.0	3	1.0294395891570691	5.177665120591755	230.0	35	1.05	0.95				
];
