%% MATPOWER Case Format : Version 2
function mpc = RTS_GMLC
mpc.version = '2';

%%-----  Power Flow Data  -----%%
%% system MVA base
mpc.baseMVA = 100.0;
%% bus data
%    bus_i    type    Pd    Qd    Gs    Bs    area    Vm    Va    baseKV    zone    Vmax    Vmin
mpc.bus = [
	101	2	41.50865906526317	8.455467587368421	0.0	0.0	1	1.0343819801671994	2.346908411768762	138.0	11	1.05	0.95				
	102	2	37.28092527157895	7.686788715789475	0.0	0.0	1	1.0321807010297375	1.7573633407314515	138.0	12	1.05	0.95				
	103	1	69.18109844210527	14.220559124210528	0.0	0.0	1	1.034164459359555	1.7854580678853997	138.0	11	1.05	0.95				
	104	1	28.441118248421056	5.765091536842106	0.0	0.0	1	1.0246361079767503	-0.5939529574991353	138.0	11	1.05	0.95				
	105	1	27.288099941052636	5.380752101052632	0.0	0.0	1	1.0367329170043398	-0.9494885552282007	138.0	11	1.05	0.95				
	106	1	52.27016326736843	10.761504202105264	0.0	-100.0	1	1.0464298595392587	-3.3117165012010776	138.0	12	1.05	0.95				
	107	2	48.04242947368421	9.608485894736843	0.0	0.0	1	1.0004891723852927	-9.877062959212093	138.0	12	1.05	0.95				
	108	1	65.72204352	13.451880252631579	0.0	0.0	1	1.0051247963392247	-7.941682375242516	138.0	12	1.05	0.95				
	109	1	67.2594012631579	13.836219688421053	0.0	0.0	1	1.0248709790483956	-1.9545336043822248	138.0	13	1.05	0.95				
	110	1	74.94618997894737	15.37357743157895	0.0	0.0	1	1.05	-3.0833554889628507	138.0	13	1.05	0.95				
	111	1	0.0	0.0	0.0	0.0	1	1.0025109334735802	-0.42502458009178606	230.0	13	1.05	0.95				
	112	1	0.0	0.0	0.0	0.0	1	1.0075994775722301	-0.9169348501169674	230.0	13	1.05	0.95				
	113	3	101.84995048421052	20.754329532631584	0.0	0.0	1	0.9943833292231802	-4.309273614133744e-30	230.0	14	1.05	0.95				
	114	2	74.5618505431579	14.989237995789475	0.0	0.0	1	0.998265385235827	1.441356342732966	230.0	16	1.05	0.95				
	115	2	121.83560114526317	24.597723890526318	0.0	0.0	1	1.0356284478421918	7.497625674627586	230.0	16	1.05	0.95				
	116	2	38.43394357894737	7.686788715789475	0.0	0.0	1	1.030981625112011	6.274005343484639	230.0	16	1.05	0.95				
	117	1	0.0	0.0	0.0	0.0	1	1.0391990504784256	9.78626659127108	230.0	17	1.05	0.95				
	118	2	127.98503211789476	26.135081633684216	0.0	0.0	1	1.0432289513667705	10.59572964786634	230.0	17	1.05	0.95				
	119	1	69.56543787789474	14.220559124210528	0.0	0.0	1	1.0206571383661343	3.8379395090129163	230.0	15	1.05	0.95				
	120	1	49.195447781052636	9.992825330526317	0.0	0.0	1	1.014431304821771	1.945458036301807	230.0	15	1.05	0.95				
	121	2	0.0	0.0	0.0	0.0	1	1.0458398066533303	11.86771381663091	230.0	17	1.05	0.95				
	122	2	0.0	0.0	0.0	0.0	1	1.05	17.80259320961132	230.0	17	1.05	0.95				
	123	2	0.0	0.0	0.0	0.0	1	1.0115584622623253	1.2008101077389415	230.0	15	1.05	0.95				
	124	1	0.0	0.0	0.0	0.0	1	1.027132649500228	5.34311817350689	230.0	16	1.05	0.95				
	201	2	45.117582252631586	9.190618607017544	0.0	0.0	2	1.0165693422501383	-14.185849819175209	138.0	21	1.05	0.95				
	202	2	40.52227294912281	8.355107824561404	0.0	0.0	2	1.0157486896568766	-14.451691197558729	138.0	22	1.05	0.95				
	203	1	75.19597042105264	15.456949475438597	0.0	0.0	2	1.013714153758549	-10.623003399090122	138.0	21	1.05	0.95				
	204	1	30.913898950877194	6.266330868421052	0.0	0.0	2	1.0129649069584756	-13.88632559304349	138.0	21	1.05	0.95				
	205	1	29.660632777192987	5.848575477192983	0.0	0.0	2	1.0281980829703483	-14.292885662692163	138.0	21	1.05	0.95				
	206	1	56.814733207017554	11.697150954385966	0.0	-100.0	2	1.0426815379382335	-14.87408554441007	138.0	22	1.05	0.95				
	207	2	52.219423903508776	10.443884780701755	0.0	0.0	2	0.9989857588579839	-19.90940200314982	138.0	22	1.05	0.95				
	208	1	71.4361719	14.621438692982455	0.0	0.0	2	1.002726797624926	-18.009536049637664	138.0	22	1.05	0.95				
	209	1	73.10719346491229	15.039194084210529	0.0	0.0	2	1.022880311292724	-11.6943368098615	138.0	23	1.05	0.95				
	210	1	81.46230128947369	16.71021564912281	0.0	0.0	2	1.05	-13.057546992309874	138.0	23	1.05	0.95				
	211	1	0.0	0.0	0.0	0.0	2	1.0036396347775105	-9.615408152724536	230.0	23	1.05	0.95				
	212	1	0.0	0.0	0.0	0.0	2	1.0089118109006114	-5.797979497572003	230.0	23	1.05	0.95				
	213	2	110.7051786754386	22.558791126315793	0.0	0.0	2	0.996848718354177	-8.147485464254924	230.0	24	1.05	0.95				
	214	2	81.04454589824562	16.29246025789474	0.0	0.0	2	1.0021936780318084	-8.0026916495265	230.0	26	1.05	0.95				
	215	2	132.42845901929826	26.736345038596493	0.0	0.0	2	1.0166142423743885	-2.042578400889494	230.0	26	1.05	0.95				
	216	2	41.77553912280702	8.355107824561404	0.0	0.0	2	1.0154570670507752	-3.1175952079666103	230.0	26	1.05	0.95				
	217	1	0.0	0.0	0.0	0.0	2	1.0207278477503245	-1.2564302749725087	230.0	27	1.05	0.95				
	218	2	139.11254527894738	28.407366603508777	0.0	0.0	2	1.0205471226389073	-1.614624609326222	230.0	27	1.05	0.95				
	219	1	75.6137258122807	15.456949475438597	0.0	0.0	2	1.0106362477549553	-4.576380322132026	230.0	25	1.05	0.95				
	220	1	53.472690077192986	10.861640171929826	0.0	0.0	2	1.0096385464991096	-5.009480163173078	230.0	25	1.05	0.95				
	221	2	0.0	0.0	0.0	0.0	2	1.022792917256277	-0.9535987570117735	230.0	27	1.05	0.95				
	222	2	0.0	0.0	0.0	0.0	2	1.0445966216850424	5.4859697767837465	230.0	27	1.05	0.95				
	223	2	0.0	0.0	0.0	0.0	2	1.0096044267707664	-4.915371257234242	230.0	25	1.05	0.95				
	224	1	0.0	0.0	0.0	0.0	2	1.0049259009026494	-5.279036676025612	230.0	26	1.05	0.95				
	301	2	59.9107877431579	12.20404935508772	0.0	0.0	3	0.995767802721547	-2.3076197348109027	138.0	31	1.05	0.95				
	302	2	53.80876306561404	11.094590322807019	0.0	0.0	3	0.9956845307954393	-2.346747751443275	138.0	32	1.05	0.95				
	303	1	99.85131290526317	20.524992097192985	0.0	0.0	3	1.0153685631318785	0.7686991445010984	138.0	31	1.05	0.95				
	304	1	41.04998419438597	8.320942742105263	0.0	0.0	3	1.0024006133718442	-0.39633159013037805	138.0	31	1.05	0.95				
	305	1	39.38579564596492	7.766213225964915	0.0	0.0	3	1.0145283198171944	-0.5952628593851228	138.0	31	1.05	0.95				
	306	1	75.44321419508773	15.53242645192983	0.0	-100.0	3	1.0333658076137782	-0.2733122643173197	138.0	32	1.05	0.95				
	307	2	69.34118951754387	13.868237903508774	0.0	0.0	3	0.9915905934684643	-4.087387593199737	138.0	32	1.05	0.95				
	308	1	94.85874726000002	19.41553306491228	0.0	0.0	3	1.0011355321715363	-1.606567545447919	138.0	32	1.05	0.95				
	309	1	97.07766532456141	19.970262581052634	0.0	0.0	3	1.0271408414059269	3.4520368340283083	138.0	33	1.05	0.95				
	310	1	108.17225564736843	22.189180645614037	0.0	0.0	3	1.05	2.8843505657114985	138.0	33	1.05	0.95				
	311	1	0.0	0.0	0.0	0.0	3	1.0140662994353122	8.589849569706258	230.0	33	1.05	0.95				
	312	1	0.0	0.0	0.0	0.0	3	1.0195735752309636	10.083515754014355	230.0	33	1.05	0.95				
	313	2	147.003321777193	29.95539387157895	0.0	0.0	3	1.0348618230787008	16.412024414675603	230.0	34	1.05	0.95				
	314	2	107.61752613122808	21.634451129473685	0.0	0.0	3	1.013303022370963	7.079841215845356	230.0	36	1.05	0.95				
	315	2	175.84925661649123	35.50268903298246	0.0	0.0	3	1.0255828192969625	1.7287378037567578	230.0	36	1.05	0.95				
	316	2	55.4729516140351	11.094590322807019	0.0	0.0	3	1.0271620496901328	2.987616488465444	230.0	36	1.05	0.95				
	317	1	0.0	0.0	0.0	0.0	3	1.028885200473681	1.8568305943088141	230.0	37	1.05	0.95				
	318	2	184.72492887473686	37.72160709754387	0.0	0.0	3	1.0261874703810183	0.6900993492496768	230.0	37	1.05	0.95				
	319	1	100.40604242140351	20.524992097192985	0.0	0.0	3	1.0274420545472909	6.134253353884067	230.0	35	1.05	0.95				
	320	1	71.00537806596492	14.422967419649124	0.0	0.0	3	1.0311581608194724	8.665993818772556	230.0	35	1.05	0.95				
	321	2	0.0	0.0	0.0	0.0	3	1.0280760083731586	1.6095587727746783	230.0	37	1.05	0.95				
	322	2	0.0	0.0	0.0	0.0	3	1.0418560182352163	6.081155465728995	230.0	37	1.05	0.95				
	323	2	0.0	0.0	0.0	0.0	3	1.0335494252499247	9.746251487308413	230.0	35	1.05	0.95				
	324	1	0.0	0.0	0.0	0.0	3	1.019623653902847	3.1745124938082845	230.0	36	1.05	0.95				
	325	1	0.0	0.0	0.0	0.0	3	1.0350239095060005	9.931652810161134	230.0	35	1.05	0.95				
];
