%% MATPOWER Case Format : Version 2
function mpc = RTS_GMLC
mpc.version = '2';

%%-----  Power Flow Data  -----%%
%% system MVA base
mpc.baseMVA = 100.0;
%% bus data
%    bus_i    type    Pd    Qd    Gs    Bs    area    Vm    Va    baseKV    zone    Vmax    Vmin
mpc.bus = [
	101	2	42.61751609684211	8.681345871578948	0.0	0.0	1	1.0208556381433118	-3.330145306361544	138.0	11	1.05	0.95				
	102	2	38.27684316105263	7.892132610526316	0.0	0.0	1	1.020018932937165	-3.5369237422736086	138.0	12	1.05	0.95				
	103	1	71.02919349473684	14.600445329473683	0.0	0.0	1	1.0309035448540607	-0.7279062214552813	138.0	11	1.05	0.95				
	104	1	29.200890658947365	5.9190994578947365	0.0	0.0	1	1.0200379869359173	-3.8655722833208936	138.0	11	1.05	0.95				
	105	1	28.01707076736842	5.524492827368421	0.0	0.0	1	1.0306678083587706	-4.874845833156091	138.0	11	1.05	0.95				
	106	1	53.666501751578956	11.048985654736843	0.0	-100.0	1	1.044081908066443	-6.19577785806723	138.0	12	1.05	0.95				
	107	2	49.32582881578947	9.865165763157895	0.0	0.0	1	1.0028464015616028	-9.33089389213443	138.0	12	1.05	0.95				
	108	1	67.47773382	13.81123206842105	0.0	0.0	1	1.0074124086543916	-8.476652679073823	138.0	12	1.05	0.95				
	109	1	69.05616034210527	14.205838698947368	0.0	0.0	1	1.0253649525003592	-3.62614057812902	138.0	13	1.05	0.95				
	110	1	76.94829295263158	15.784265221052632	0.0	0.0	1	1.05	-5.16336151250215	138.0	13	1.05	0.95				
	111	1	0.0	0.0	0.0	0.0	1	1.0035235396509692	-1.4907478578328963	230.0	13	1.05	0.95				
	112	1	0.0	0.0	0.0	0.0	1	1.0070963265012043	-1.7353249620554627	230.0	13	1.05	0.95				
	113	3	104.57075708947367	21.308758048421055	0.0	0.0	1	0.9967936164985701	-3.789944759663987e-30	230.0	14	1.05	0.95				
	114	2	76.55368632210526	15.389658590526317	0.0	0.0	1	1.0011775826397062	0.25998747923857046	230.0	16	1.05	0.95				
	115	2	125.09030187684209	25.254824353684214	0.0	0.0	1	1.0328416169861945	5.870425957120475	230.0	16	1.05	0.95				
	116	2	39.46066305263158	7.892132610526316	0.0	0.0	1	1.029007896901966	5.045334493950406	230.0	16	1.05	0.95				
	117	1	0.0	0.0	0.0	0.0	1	1.0361154881015577	8.592528582979494	230.0	17	1.05	0.95				
	118	2	131.40400796526313	26.833250875789478	0.0	0.0	1	1.040221014302399	9.026289968456242	230.0	17	1.05	0.95				
	119	1	71.42380012526316	14.600445329473683	0.0	0.0	1	1.019610607117738	3.132774295936372	230.0	15	1.05	0.95				
	120	1	50.50964870736843	10.25977239368421	0.0	0.0	1	1.0136641744914425	1.6973773097244012	230.0	15	1.05	0.95				
	121	2	0.0	0.0	0.0	0.0	1	1.0418996853214835	9.882878245103045	230.0	17	1.05	0.95				
	122	2	0.0	0.0	0.0	0.0	1	1.05	19.569589741233987	230.0	17	1.05	0.95				
	123	2	0.0	0.0	0.0	0.0	1	1.0108663058071852	1.2151903268122541	230.0	15	1.05	0.95				
	124	1	0.0	0.0	0.0	0.0	1	1.0233744063892611	3.3812848450871704	230.0	16	1.05	0.95				
	201	2	42.363607755789474	8.629623802105263	0.0	0.0	2	1.0152191709638037	-9.003353728836583	138.0	21	1.05	0.95				
	202	2	38.04879585473684	7.845112547368421	0.0	0.0	2	1.0144084927590684	-9.222647765874292	138.0	22	1.05	0.95				
	203	1	70.60601292631578	14.513458212631578	0.0	0.0	2	1.0147227613058736	-7.12932565683503	138.0	21	1.05	0.95				
	204	1	29.026916425263156	5.8838344105263145	0.0	0.0	2	1.0133723804263959	-8.653018709194946	138.0	21	1.05	0.95				
	205	1	27.850149543157894	5.491578783157895	0.0	0.0	2	1.0278272762616194	-8.902920319499632	138.0	21	1.05	0.95				
	206	1	53.34676532210526	10.98315756631579	0.0	-100.0	2	1.0430899894915944	-9.34302788851789	138.0	22	1.05	0.95				
	207	2	49.03195342105263	9.806390684210525	0.0	0.0	2	0.998279220540326	-14.056321442808953	138.0	22	1.05	0.95				
	208	1	67.07571227999999	13.728946957894733	0.0	0.0	2	1.0035624101915863	-12.299869746079114	138.0	22	1.05	0.95				
	209	1	68.64473478947369	14.121202585263157	0.0	0.0	2	1.0237491833375754	-6.563428170750484	138.0	23	1.05	0.95				
	210	1	76.4898473368421	15.690225094736842	0.0	0.0	2	1.05	-7.539495317495453	138.0	23	1.05	0.95				
	211	1	0.0	0.0	0.0	0.0	2	1.0017664689302466	-4.583274470158734	230.0	23	1.05	0.95				
	212	1	0.0	0.0	0.0	0.0	2	1.009210435002275	-0.01736993645514358	230.0	23	1.05	0.95				
	213	2	103.94774125263156	21.181803877894737	0.0	0.0	2	0.9956637776215752	-2.551671411508089	230.0	24	1.05	0.95				
	214	2	76.09759170947368	15.29796946736842	0.0	0.0	2	0.9966759562446368	-3.7393208512516263	230.0	26	1.05	0.95				
	215	2	124.34503387578945	25.10436015157895	0.0	0.0	2	1.015435883927007	0.5995794962423832	230.0	26	1.05	0.95				
	216	2	39.2255627368421	7.845112547368421	0.0	0.0	2	1.0134961952233636	-0.12597827884530194	230.0	26	1.05	0.95				
	217	1	0.0	0.0	0.0	0.0	2	1.0195216573966472	1.138526083073223	230.0	27	1.05	0.95				
	218	2	130.6211239136842	26.67338266105263	0.0	0.0	2	1.0192618682442456	0.8908664415686457	230.0	27	1.05	0.95				
	219	1	70.99826855368421	14.513458212631578	0.0	0.0	2	1.0117636485092942	-0.334508064919057	230.0	25	1.05	0.95				
	220	1	50.2087203031579	10.198646311578946	0.0	0.0	2	1.012785969259909	0.2727830650279528	230.0	25	1.05	0.95				
	221	2	0.0	0.0	0.0	0.0	2	1.021515042938366	1.5939012912980575	230.0	27	1.05	0.95				
	222	2	0.0	0.0	0.0	0.0	2	1.043272126052868	7.990657508832495	230.0	27	1.05	0.95				
	223	2	0.0	0.0	0.0	0.0	2	1.013924558354744	0.9168746019671506	230.0	25	1.05	0.95				
	224	1	0.0	0.0	0.0	0.0	2	1.0054725347421614	-2.321816004796129	230.0	26	1.05	0.95				
	301	2	69.37488136421052	14.131920277894736	0.0	0.0	3	1.0000249734612827	4.853676830475692	138.0	31	1.05	0.95				
	302	2	62.308921225263155	12.84720025263158	0.0	0.0	3	0.9994873052132859	4.717180507303461	138.0	32	1.05	0.95				
	303	1	115.62480227368421	23.767320467368418	0.0	0.0	3	1.028912596446648	11.55219766085292	138.0	31	1.05	0.95				
	304	1	47.534640934736835	9.635400189473684	0.0	0.0	3	1.0032737772521827	6.830864120542546	138.0	31	1.05	0.95				
	305	1	45.6075608968421	8.993040176842106	0.0	0.0	3	1.0156262751223577	6.197476702175152	138.0	31	1.05	0.95				
	306	1	87.36096171789474	17.986080353684212	0.0	-100.0	3	1.0317470505724757	6.237133645631141	138.0	32	1.05	0.95				
	307	2	80.29500157894736	16.059000315789472	0.0	0.0	3	0.9932219961780318	2.201689572489395	138.0	32	1.05	0.95				
	308	1	109.84356215999999	22.48260044210526	0.0	0.0	3	1.0010308456624355	5.122013222298583	138.0	32	1.05	0.95				
	309	1	112.4130022105263	23.12496045473684	0.0	0.0	3	1.029407997010477	11.160123111508195	138.0	33	1.05	0.95				
	310	1	125.2602024631579	25.69440050526316	0.0	0.0	3	1.05	9.59821727569187	138.0	33	1.05	0.95				
	311	1	0.0	0.0	0.0	0.0	3	1.0167554634006053	15.856169579857005	230.0	33	1.05	0.95				
	312	1	0.0	0.0	0.0	0.0	3	1.021559087452577	16.750917385609696	230.0	33	1.05	0.95				
	313	2	170.22540334736843	34.68744068210526	0.0	0.0	3	1.0342846792730407	22.448992948761	230.0	34	1.05	0.95				
	314	2	124.61784245052631	25.052040492631576	0.0	0.0	3	1.0178555585653475	15.500031549232101	230.0	36	1.05	0.95				
	315	2	203.62812400421052	41.11104080842105	0.0	0.0	3	1.036608806021827	12.250601341615026	230.0	36	1.05	0.95				
	316	2	64.23600126315789	12.84720025263158	0.0	0.0	3	1.0363237993213796	13.242286717665213	230.0	36	1.05	0.95				
	317	1	0.0	0.0	0.0	0.0	3	1.0444869186413246	14.416724385125482	230.0	37	1.05	0.95				
	318	2	213.9058842063158	43.68048085894737	0.0	0.0	3	1.0407795016713959	12.067806803140405	230.0	37	1.05	0.95				
	319	1	116.2671622863158	23.767320467368418	0.0	0.0	3	1.0343205406675602	14.723837108549498	230.0	35	1.05	0.95				
	320	1	82.2220816168421	16.701360328421053	0.0	0.0	3	1.0348787738942813	15.804139802033383	230.0	35	1.05	0.95				
	321	2	0.0	0.0	0.0	0.0	3	1.0408194539848343	12.750602418367572	230.0	37	1.05	0.95				
	322	2	0.0	0.0	0.0	0.0	3	1.05	17.730201223186622	230.0	37	1.05	0.95				
	323	2	0.0	0.0	0.0	0.0	3	1.0348300110394801	16.03384625453953	230.0	35	1.05	0.95				
	324	1	0.0	0.0	0.0	0.0	3	1.031817383178807	13.880005274161851	230.0	36	1.05	0.95				
	325	1	0.0	0.0	0.0	0.0	3	1.036889290062419	15.516330777904201	230.0	35	1.05	0.95				
];
