%% MATPOWER Case Format : Version 2
function mpc = RTS_GMLC
mpc.version = '2';

%%-----  Power Flow Data  -----%%
%% system MVA base
mpc.baseMVA = 100.0;
%% bus data
%    bus_i    type    Pd    Qd    Gs    Bs    area    Vm    Va    baseKV    zone    Vmax    Vmin
mpc.bus = [
	101	2	39.22414647157895	7.990103910877193	0.0	0.0	1	1.0077636144021582	-0.8650996865531143	138.0	11	1.05	0.95				
	102	2	35.22909451614035	7.263730828070175	0.0	0.0	1	1.0058004983647835	-1.4460804858848968	138.0	12	1.05	0.95				
	103	1	65.37357745263158	13.437902031929823	0.0	0.0	1	1.026469956786222	2.1229605392298527	138.0	11	1.05	0.95				
	104	1	26.875804063859647	5.447798121052632	0.0	0.0	1	1.0108309220388998	-2.679268096876213	138.0	11	1.05	0.95				
	105	1	25.78624443964912	5.084611579649123	0.0	0.0	1	1.0242433061460265	-2.851938278249342	138.0	11	1.05	0.95				
	106	1	49.393369630877196	10.169223159298246	0.0	-100.0	1	1.0413805591624252	-4.466602324958985	138.0	12	1.05	0.95				
	107	2	45.39831767543859	9.079663535087718	0.0	0.0	1	0.9831618314804095	-10.98383909174043	138.0	12	1.05	0.95				
	108	1	62.104898580000004	12.711528949122805	0.0	0.0	1	0.9952057937899181	-8.6590579353396	138.0	12	1.05	0.95				
	109	1	63.55764474561403	13.074715490526314	0.0	0.0	1	1.0247117917886124	-2.15825313940757	138.0	13	1.05	0.95				
	110	1	70.82137557368421	14.52746165614035	0.0	0.0	1	1.05	-3.6524692360146966	138.0	13	1.05	0.95				
	111	1	0.0	0.0	0.0	0.0	1	1.0141354414709705	0.4602829994310825	230.0	13	1.05	0.95				
	112	1	0.0	0.0	0.0	0.0	1	1.0115879073244367	-0.7720253285156861	230.0	13	1.05	0.95				
	113	3	96.24443347192981	19.612073235789474	0.0	0.0	1	0.9914674839397997	-5.292445737823334e-31	230.0	14	1.05	0.95				
	114	2	70.4581890322807	14.16427511473684	0.0	0.0	1	1.0391357863097888	4.178629801038032	230.0	16	1.05	0.95				
	115	2	115.13013362491226	23.24393864982456	0.0	0.0	1	1.0420953963213189	13.624701114890092	230.0	16	1.05	0.95				
	116	2	36.31865414035087	7.263730828070175	0.0	0.0	1	1.041425855503827	11.744779773170675	230.0	16	1.05	0.95				
	117	1	0.0	0.0	0.0	0.0	1	1.040728037955613	17.808654370305895	230.0	17	1.05	0.95				
	118	2	120.94111828736843	24.696684815438598	0.0	0.0	1	1.0497850374265443	18.43259807969932	230.0	17	1.05	0.95				
	119	1	65.73676399403509	13.437902031929823	0.0	0.0	1	1.0373000013591933	7.320494222245491	230.0	15	1.05	0.95				
	120	1	46.48787729964912	9.44285007649123	0.0	0.0	1	1.0403027352131824	4.169377020956048	230.0	15	1.05	0.95				
	121	2	0.0	0.0	0.0	0.0	1	1.0435571152258665	19.947503183061325	230.0	17	1.05	0.95				
	122	2	0.0	0.0	0.0	0.0	1	1.05	37.90621564108092	230.0	17	1.05	0.95				
	123	2	0.0	0.0	0.0	0.0	1	1.0429975455178127	2.716096744821093	230.0	15	1.05	0.95				
	124	1	0.0	0.0	0.0	0.0	1	1.0218518524998952	9.335986837644858	230.0	16	1.05	0.95				
	201	2	44.28458996210527	9.020934992280703	0.0	0.0	2	1.0126175204348777	-18.383381306463548	138.0	21	1.05	0.95				
	202	2	39.774122465964915	8.200849992982457	0.0	0.0	2	1.0117764005481378	-18.696625208944695	138.0	22	1.05	0.95				
	203	1	73.80764993684211	15.171572487017542	0.0	0.0	2	1.0108187404339088	-13.355357104318765	138.0	21	1.05	0.95				
	204	1	30.343144974035084	6.150637494736842	0.0	0.0	2	1.010705763181857	-18.317296691561847	138.0	21	1.05	0.95				
	205	1	29.113017475087716	5.74059499508772	0.0	0.0	2	1.0263346702437262	-18.84802896227092	138.0	21	1.05	0.95				
	206	1	55.7657799522807	11.48118999017544	0.0	-100.0	2	1.0419041403436604	-19.625737596067033	138.0	22	1.05	0.95				
	207	2	51.25531245614036	10.25106249122807	0.0	0.0	2	0.9947769949548066	-24.509411914148497	138.0	22	1.05	0.95				
	208	1	70.11726743999999	14.351487487719297	0.0	0.0	2	1.0003229788360664	-22.660515516204104	138.0	22	1.05	0.95				
	209	1	71.7574374385965	14.761529987368421	0.0	0.0	2	1.0216536262781226	-16.302978821333237	138.0	23	1.05	0.95				
	210	1	79.95828743157894	16.401699985964914	0.0	0.0	2	1.05	-17.99185963484338	138.0	23	1.05	0.95				
	211	1	0.0	0.0	0.0	0.0	2	1.0081343715242141	-13.289256708462322	230.0	23	1.05	0.95				
	212	1	0.0	0.0	0.0	0.0	2	1.0082194243433769	-12.786565854367245	230.0	23	1.05	0.95				
	213	2	108.66126240701755	22.142294981052636	0.0	0.0	2	1.0032334494691262	-12.156288487214159	230.0	24	1.05	0.95				
	214	2	79.54824493192983	15.991657486315791	0.0	0.0	2	1.0139330322516684	-10.347213291756544	230.0	26	1.05	0.95				
	215	2	129.98347238877193	26.24271997754386	0.0	0.0	2	1.026339544151118	-3.087982312603202	230.0	26	1.05	0.95				
	216	2	41.00424996491228	8.200849992982457	0.0	0.0	2	1.0291887872967043	-3.691527199681676	230.0	26	1.05	0.95				
	217	1	0.0	0.0	0.0	0.0	2	1.035194668316843	-1.5632274905399977	230.0	27	1.05	0.95				
	218	2	136.5441523831579	27.88288997614035	0.0	0.0	2	1.0338110797424487	-2.0883568280953533	230.0	27	1.05	0.95				
	219	1	74.21769243649123	15.171572487017542	0.0	0.0	2	1.0272981372439647	-4.441519299314017	230.0	25	1.05	0.95				
	220	1	52.48543995508772	10.661104990877194	0.0	0.0	2	1.0283489807435584	-4.294350036592822	230.0	25	1.05	0.95				
	221	2	0.0	0.0	0.0	0.0	2	1.0340629635229106	-1.6202363469988381	230.0	27	1.05	0.95				
	222	2	0.0	0.0	0.0	0.0	2	1.05	4.899346184367746	230.0	27	1.05	0.95				
	223	2	0.0	0.0	0.0	0.0	2	1.0294171176735527	-3.8989187153405545	230.0	25	1.05	0.95				
	224	1	0.0	0.0	0.0	0.0	2	1.007891653771978	-6.913663759053658	230.0	26	1.05	0.95				
	301	2	54.7516608631579	11.153116101754385	0.0	0.0	3	1.015830404621133	1.5030263312029744	138.0	31	1.05	0.95				
	302	2	49.1751028122807	10.139196456140352	0.0	0.0	3	1.0144047825634355	1.1521857962837556	138.0	32	1.05	0.95				
	303	1	91.25276810526316	18.75751344385965	0.0	0.0	3	1.05	15.99267851782699	138.0	31	1.05	0.95				
	304	1	37.5150268877193	7.604397342105264	0.0	0.0	3	1.0107904775890892	2.574466126957712	138.0	31	1.05	0.95				
	305	1	35.994147419298244	7.097437519298247	0.0	0.0	3	1.0266157633042856	0.4262902108822263	138.0	31	1.05	0.95				
	306	1	68.94653590175439	14.194875038596495	0.0	-100.0	3	1.0396561796339787	-0.7630687630261748	138.0	32	1.05	0.95				
	307	2	63.36997785087719	12.673995570175439	0.0	0.0	3	0.992359497300698	-5.914926304373759	138.0	32	1.05	0.95				
	308	1	86.6901297	17.743593798245612	0.0	0.0	3	0.9950067858329826	-3.543988665320074	138.0	32	1.05	0.95				
	309	1	88.71796899122808	18.25055362105263	0.0	0.0	3	1.0243138430725014	5.822199948816725	138.0	33	1.05	0.95				
	310	1	98.85716544736842	20.278392912280705	0.0	0.0	3	1.05	0.9728763470835288	138.0	33	1.05	0.95				
	311	1	0.0	0.0	0.0	0.0	3	1.0129348369717495	5.951061575465578	230.0	33	1.05	0.95				
	312	1	0.0	0.0	0.0	0.0	3	1.0142802187022988	6.543992283461724	230.0	33	1.05	0.95				
	313	2	134.34435304385966	27.37583043157895	0.0	0.0	3	1.0125139209758627	8.610754573723817	230.0	34	1.05	0.95				
	314	2	98.3502056245614	19.771433089473685	0.0	0.0	3	1.0152989231617666	6.259797478600197	230.0	36	1.05	0.95				
	315	2	160.70626382982456	32.445428659649124	0.0	0.0	3	1.042627224617672	9.99402770509903	230.0	36	1.05	0.95				
	316	2	50.695982280701756	10.139196456140352	0.0	0.0	3	1.0382794627692147	9.782221250795173	230.0	36	1.05	0.95				
	317	1	0.0	0.0	0.0	0.0	3	1.05	13.968773246422336	230.0	37	1.05	0.95				
	318	2	168.81762099473684	34.473267950877194	0.0	0.0	3	1.0456270902954279	11.04828481928213	230.0	37	1.05	0.95				
	319	1	91.75972792807018	18.75751344385965	0.0	0.0	3	1.0293881647074936	8.981437189731686	230.0	35	1.05	0.95				
	320	1	64.89085731929825	13.180955392982458	0.0	0.0	3	1.0254894390463185	9.260736658938475	230.0	35	1.05	0.95				
	321	2	0.0	0.0	0.0	0.0	3	1.0455763930284192	11.347372551439623	230.0	37	1.05	0.95				
	322	2	0.0	0.0	0.0	0.0	3	1.05	16.7187919009036	230.0	37	1.05	0.95				
	323	2	0.0	0.0	0.0	0.0	3	1.0243340624285704	9.806322975878237	230.0	35	1.05	0.95				
	324	1	0.0	0.0	0.0	0.0	3	1.042813635715547	12.290580466948372	230.0	36	1.05	0.95				
	325	1	0.0	0.0	0.0	0.0	3	1.0238082564717947	10.670162252581754	230.0	35	1.05	0.95				
];
