%% MATPOWER Case Format : Version 2
function mpc = RTS_GMLC
mpc.version = '2';

%%-----  Power Flow Data  -----%%
%% system MVA base
mpc.baseMVA = 100.0;
%% bus data
%    bus_i    type    Pd    Qd    Gs    Bs    area    Vm    Va    baseKV    zone    Vmax    Vmin
mpc.bus = [
	101	2	39.95893121684211	8.13978228491228	0.0	0.0	1	1.0129673158487915	-4.317477434701494	138.0	11	1.05	0.95				
	102	2	35.88904007438597	7.399802077192984	0.0	0.0	1	1.0128258715723237	-4.5080615359908025	138.0	12	1.05	0.95				
	103	1	66.59821869473684	13.689633842807018	0.0	0.0	1	1.002983350038771	-0.6036714590175722	138.0	11	1.05	0.95				
	104	1	27.379267685614035	5.549851557894737	0.0	0.0	1	1.0038556419797091	-4.401463113985667	138.0	11	1.05	0.95				
	105	1	26.269297374035087	5.1798614540350885	0.0	0.0	1	1.0174765499663787	-5.3423420524286485	138.0	11	1.05	0.95				
	106	1	50.318654124912285	10.359722908070177	0.0	-100.0	1	1.0280955473860662	-6.373826993501789	138.0	12	1.05	0.95				
	107	2	46.24876298245614	9.249752596491229	0.0	0.0	1	0.9851738889102128	-8.582685402507897	138.0	12	1.05	0.95				
	108	1	63.26830776	12.949653635087719	0.0	0.0	1	0.9890472765005196	-8.006081647499828	138.0	12	1.05	0.95				
	109	1	64.7482681754386	13.319643738947368	0.0	0.0	1	1.0027452417704594	-3.5558188560121837	138.0	13	1.05	0.95				
	110	1	72.14807025263158	14.799604154385968	0.0	0.0	1	1.0305903682658337	-5.157867539025968	138.0	13	1.05	0.95				
	111	1	0.0	0.0	0.0	0.0	1	0.9798996589240753	-1.2709380779091624	230.0	13	1.05	0.95				
	112	1	0.0	0.0	0.0	0.0	1	0.9816539586112565	-1.6461076224840498	230.0	13	1.05	0.95				
	113	3	98.04737752280703	19.979465608421055	0.0	0.0	1	0.9611550089778705	7.170937762604417e-28	230.0	14	1.05	0.95				
	114	2	71.77808014877193	14.429614050526318	0.0	0.0	1	0.9855334945854469	0.8863129213497092	230.0	16	1.05	0.95				
	115	2	117.28686292350878	23.679366647017545	0.0	0.0	1	0.988946703477414	7.526320676395263	230.0	16	1.05	0.95				
	116	2	36.999010385964915	7.399802077192984	0.0	0.0	1	0.9889528375635982	6.450742257555936	230.0	16	1.05	0.95				
	117	1	0.0	0.0	0.0	0.0	1	0.9939713493718484	10.492668849856413	230.0	17	1.05	0.95				
	118	2	123.20670458526317	25.159327062456143	0.0	0.0	1	0.9967323049502729	11.047170349243299	230.0	17	1.05	0.95				
	119	1	66.96820879859649	13.689633842807018	0.0	0.0	1	0.9896586700704432	4.077863356077867	230.0	15	1.05	0.95				
	120	1	47.35873329403509	9.619742700350878	0.0	0.0	1	0.9930058212106515	2.351538995604128	230.0	15	1.05	0.95				
	121	2	0.0	0.0	0.0	0.0	1	0.9967847127973221	12.206541027926733	230.0	17	1.05	0.95				
	122	2	0.0	0.0	0.0	0.0	1	1.0158046652487562	22.495241447321604	230.0	17	1.05	0.95				
	123	2	0.0	0.0	0.0	0.0	1	0.9953476529839042	1.7096351875686893	230.0	15	1.05	0.95				
	124	1	0.0	0.0	0.0	0.0	1	0.9843693711345552	4.402261820721546	230.0	16	1.05	0.95				
	201	2	39.81363135157895	8.110184164210526	0.0	0.0	2	1.011273376848614	-7.446787021935502	138.0	21	1.05	0.95				
	202	2	35.75853926947368	7.372894694736843	0.0	0.0	2	1.0101647149451396	-7.594495169978731	138.0	22	1.05	0.95				
	203	1	66.35605225263159	13.639855185263158	0.0	0.0	2	0.9976458186106659	-5.7739305307492375	138.0	21	1.05	0.95				
	204	1	27.279710370526317	5.529671021052632	0.0	0.0	2	1.0026723571479368	-6.721649923837302	138.0	21	1.05	0.95				
	205	1	26.173776166315786	5.16102628631579	0.0	0.0	2	1.0186094093715854	-6.9798476379413525	138.0	21	1.05	0.95				
	206	1	50.135683924210525	10.32205257263158	0.0	-100.0	2	1.0310362443522294	-7.193321226545136	138.0	22	1.05	0.95				
	207	2	46.080591842105264	9.216118368421053	0.0	0.0	2	0.9718619234306883	-11.52243548547593	138.0	22	1.05	0.95				
	208	1	63.03824964	12.902565715789475	0.0	0.0	2	0.982305358561253	-9.87267178758239	138.0	22	1.05	0.95				
	209	1	64.51282857894736	13.271210450526317	0.0	0.0	2	1.0072836210755223	-4.431849345893984	138.0	23	1.05	0.95				
	210	1	71.8857232736842	14.745789389473686	0.0	0.0	2	1.0349763703139263	-5.29021263062212	138.0	23	1.05	0.95				
	211	1	0.0	0.0	0.0	0.0	2	0.9862247013373493	-2.3500485309065677	230.0	23	1.05	0.95				
	212	1	0.0	0.0	0.0	0.0	2	0.9892324876974009	2.4700604860144395	230.0	23	1.05	0.95				
	213	2	97.69085470526315	19.906815675789474	0.0	0.0	2	0.9813756223592474	0.16536161752627185	230.0	24	1.05	0.95				
	214	2	71.51707853894736	14.377144654736842	0.0	0.0	2	0.980209816300565	-1.8852893047033896	230.0	26	1.05	0.95				
	215	2	116.86038091157896	23.593263023157895	0.0	0.0	2	0.9898906321835742	1.2862550682471592	230.0	26	1.05	0.95				
	216	2	36.864473473684214	7.372894694736843	0.0	0.0	2	0.9876626747211027	1.1914891357849302	230.0	26	1.05	0.95				
	217	1	0.0	0.0	0.0	0.0	2	0.9980488604466082	1.745313465655996	230.0	27	1.05	0.95				
	218	2	122.75869666736843	25.067841962105263	0.0	0.0	2	0.998828294937105	1.3699296858171337	230.0	27	1.05	0.95				
	219	1	66.72469698736843	13.639855185263158	0.0	0.0	2	0.9814893792845806	2.2634714993818976	230.0	25	1.05	0.95				
	220	1	47.18652604631579	9.584763103157895	0.0	0.0	2	0.9790039877968295	3.9926353637208267	230.0	25	1.05	0.95				
	221	2	0.0	0.0	0.0	0.0	2	1.001024591112397	1.9433611311377395	230.0	27	1.05	0.95				
	222	2	0.0	0.0	0.0	0.0	2	1.0185573575793174	6.8684876269263135	230.0	27	1.05	0.95				
	223	2	0.0	0.0	0.0	0.0	2	0.9787141367766448	5.261271545888726	230.0	25	1.05	0.95				
	224	1	0.0	0.0	0.0	0.0	2	0.9840027588896602	-1.4085553487032898	230.0	26	1.05	0.95				
	301	2	52.00126541052632	10.59285036140351	0.0	0.0	3	1.0078742974369828	17.924813364518936	138.0	31	1.05	0.95				
	302	2	46.70484022982456	9.629863964912282	0.0	0.0	3	1.008194791291025	17.878977321676334	138.0	32	1.05	0.95				
	303	1	86.66877568421053	17.81524833508772	0.0	0.0	3	0.9958568112503964	21.99853386279361	138.0	31	1.05	0.95				
	304	1	35.63049667017544	7.2223979736842105	0.0	0.0	3	1.0004319367409362	20.019242408944606	138.0	31	1.05	0.95				
	305	1	34.1860170754386	6.740904775438597	0.0	0.0	3	1.0155716606626728	19.193586285022125	138.0	31	1.05	0.95				
	306	1	65.4830749614035	13.481809550877195	0.0	-100.0	3	1.0283624612495539	19.344996181398773	138.0	32	1.05	0.95				
	307	2	60.18664978070175	12.03732995614035	0.0	0.0	3	0.9698754435165314	16.969741924002943	138.0	32	1.05	0.95				
	308	1	82.3353369	16.85226193859649	0.0	0.0	3	0.9848294049136193	19.10629972264262	138.0	32	1.05	0.95				
	309	1	84.26130969298245	17.333755136842104	0.0	0.0	3	1.010750430531483	23.806273793036596	138.0	33	1.05	0.95				
	310	1	93.89117365789474	19.259727929824564	0.0	0.0	3	1.036631867130876	22.05471313247867	138.0	33	1.05	0.95				
	311	1	0.0	0.0	0.0	0.0	3	0.9887179503492957	27.479304855652583	230.0	33	1.05	0.95				
	312	1	0.0	0.0	0.0	0.0	3	0.996550778943035	27.464061039935604	230.0	33	1.05	0.95				
	313	2	127.59569753508772	26.00063270526316	0.0	0.0	3	0.9978987276576494	31.934664525241647	230.0	34	1.05	0.95				
	314	2	93.40968045964912	18.778234731578948	0.0	0.0	3	0.9781805155723095	28.26580804801275	230.0	36	1.05	0.95				
	315	2	152.63334384385965	30.8155646877193	0.0	0.0	3	0.9820539841542735	26.68781815268225	230.0	36	1.05	0.95				
	316	2	48.1493198245614	9.629863964912282	0.0	0.0	3	0.9724042600219267	27.800518280420654	230.0	36	1.05	0.95				
	317	1	0.0	0.0	0.0	0.0	3	0.9902097873975745	30.934658370444605	230.0	37	1.05	0.95				
	318	2	160.33723501578947	32.74153748070175	0.0	0.0	3	0.9856936910659595	27.122278844445155	230.0	37	1.05	0.95				
	319	1	87.15026888245615	17.81524833508772	0.0	0.0	3	0.9815595036546563	27.5215590990023	230.0	35	1.05	0.95				
	320	1	61.6311293754386	12.518823154385966	0.0	0.0	3	0.9901320506448439	26.806588391318318	230.0	35	1.05	0.95				
	321	2	0.0	0.0	0.0	0.0	3	0.9922762411985545	27.48662045669694	230.0	37	1.05	0.95				
	322	2	0.0	0.0	0.0	0.0	3	1.0095737992186387	31.839703338769656	230.0	37	1.05	0.95				
	323	2	0.0	0.0	0.0	0.0	3	0.9943103468417546	26.180321952111903	230.0	35	1.05	0.95				
	324	1	0.0	0.0	0.0	0.0	3	0.9826386905618048	26.435044930382897	230.0	36	1.05	0.95				
	325	1	0.0	0.0	0.0	0.0	3	0.9953722201982917	25.00248663072649	230.0	35	1.05	0.95				
];
