%% MATPOWER Case Format : Version 2
function mpc = RTS_GMLC
mpc.version = '2';

%%-----  Power Flow Data  -----%%
%% system MVA base
mpc.baseMVA = 100.0;
%% bus data
%    bus_i    type    Pd    Qd    Gs    Bs    area    Vm    Va    baseKV    zone    Vmax    Vmin
mpc.bus = [
	101	2	72.4364176168421	14.755566551578948	0.0	0.0	1	1.032560240497218	-0.5526746855152862	138.0	11	1.05	0.95				
	102	2	65.05863434105264	13.414151410526317	0.0	0.0	1	1.0325944286724669	-0.5896682845729777	138.0	12	1.05	0.95				
	103	1	120.72736269473685	24.816180109473684	0.0	0.0	1	1.0220725264424637	-1.9987008156139483	138.0	11	1.05	0.95				
	104	1	49.63236021894737	10.060613557894737	0.0	0.0	1	1.017521507526902	-3.605561049368487	138.0	11	1.05	0.95				
	105	1	47.620237507368415	9.389905987368422	0.0	0.0	1	1.032316041967409	-3.543228264399779	138.0	11	1.05	0.95				
	106	1	91.21622959157895	18.779811974736845	0.0	-100.0	1	1.0384747568264436	-5.828504329652684	138.0	12	1.05	0.95				
	107	2	83.83844631578947	16.767689263157894	0.0	0.0	1	1.0468444491510018	-1.0510364945390789	138.0	12	1.05	0.95				
	108	1	114.69099456000001	23.474764968421052	0.0	0.0	1	1.025804915227232	-4.329441650399635	138.0	12	1.05	0.95				
	109	1	117.37382484210525	24.14547253894737	0.0	0.0	1	1.0265414511802247	-3.3587477564641524	138.0	13	1.05	0.95				
	110	1	130.78797625263158	26.828302821052635	0.0	0.0	1	1.05	-4.457198834771024	138.0	13	1.05	0.95				
	111	1	0.0	0.0	0.0	0.0	1	1.010989704508821	-1.1386742234351919	230.0	13	1.05	0.95				
	112	1	0.0	0.0	0.0	0.0	1	1.0145768339671823	-0.11991132778099152	230.0	13	1.05	0.95				
	113	3	177.7375061894737	36.21820880842105	0.0	0.0	1	1.009401892661009	-5.880109923842752e-27	230.0	14	1.05	0.95				
	114	2	130.11726868210528	26.157595250526317	0.0	0.0	1	1.0105388193135578	0.7111155982853501	230.0	16	1.05	0.95				
	115	2	212.6142998568421	42.92528451368421	0.0	0.0	1	1.0430194943185218	7.378006057908827	230.0	16	1.05	0.95				
	116	2	67.07075705263158	13.414151410526317	0.0	0.0	1	1.0407656976985298	7.336534430833282	230.0	16	1.05	0.95				
	117	1	0.0	0.0	0.0	0.0	1	1.0463027154729372	9.646810683912454	230.0	17	1.05	0.95				
	118	2	223.34562098526317	45.608114795789476	0.0	0.0	1	1.04849582544095	9.980996647115836	230.0	17	1.05	0.95				
	119	1	121.39807026526317	24.816180109473684	0.0	0.0	1	1.0358668423169024	6.7116170957307775	230.0	15	1.05	0.95				
	120	1	85.85056902736842	17.438396833684212	0.0	0.0	1	1.0372950146064075	7.442524089268107	230.0	15	1.05	0.95				
	121	2	0.0	0.0	0.0	0.0	1	1.05	10.23750980005936	230.0	17	1.05	0.95				
	122	2	0.0	0.0	0.0	0.0	1	1.05	16.51718028584257	230.0	17	1.05	0.95				
	123	2	0.0	0.0	0.0	0.0	1	1.0399562175034869	8.341761672561729	230.0	15	1.05	0.95				
	124	1	0.0	0.0	0.0	0.0	1	1.0233937061485736	3.9050042670717313	230.0	16	1.05	0.95				
	201	2	72.40232959578947	14.748622695438595	0.0	0.0	2	1.034301786848527	-7.2335212349538525	138.0	21	1.05	0.95				
	202	2	65.02801824807017	13.407838814035086	0.0	0.0	2	1.034412407581305	-7.312248513219716	138.0	22	1.05	0.95				
	203	1	120.67054932631578	24.80450180596491	0.0	0.0	2	1.028017247961371	-4.782496347537446	138.0	21	1.05	0.95				
	204	1	49.60900361192982	10.055879110526316	0.0	0.0	2	1.0182584791532883	-9.179645460961288	138.0	21	1.05	0.95				
	205	1	47.59782778982456	9.385487169824563	0.0	0.0	2	1.0335583201634366	-9.530493638295244	138.0	21	1.05	0.95				
	206	1	91.1733039354386	18.770974339649126	0.0	-100.0	2	1.0393442778848165	-11.450447164090665	138.0	22	1.05	0.95				
	207	2	83.79899258771928	16.75979851754386	0.0	0.0	2	0.9778288239151522	-21.46562658119388	138.0	22	1.05	0.95				
	208	1	114.63702186	23.4637179245614	0.0	0.0	2	0.979379108884131	-18.194463868980012	138.0	22	1.05	0.95				
	209	1	117.31858962280701	24.134109865263156	0.0	0.0	2	1.0258485973237323	-7.992722823293569	138.0	23	1.05	0.95				
	210	1	130.7264284368421	26.815677628070173	0.0	0.0	2	1.05	-9.745890413354832	138.0	23	1.05	0.95				
	211	1	0.0	0.0	0.0	0.0	2	1.0199929064198987	-3.6878328028961733	230.0	23	1.05	0.95				
	212	1	0.0	0.0	0.0	0.0	2	1.0187457214113746	-2.734622899890329	230.0	23	1.05	0.95				
	213	2	177.65386428596491	36.201164797894734	0.0	0.0	2	1.0268874422816092	-0.5032514615010395	230.0	24	1.05	0.95				
	214	2	130.05603649614034	26.145285687368418	0.0	0.0	2	1.0303033058659303	-1.357807023588344	230.0	26	1.05	0.95				
	215	2	212.51424520245612	42.90508420491228	0.0	0.0	2	1.0431272388653416	5.906534370537953	230.0	26	1.05	0.95				
	216	2	67.03919407017544	13.407838814035086	0.0	0.0	2	1.0455957126539714	6.013636660595115	230.0	26	1.05	0.95				
	217	1	0.0	0.0	0.0	0.0	2	1.04802049192951	9.133063666203732	230.0	27	1.05	0.95				
	218	2	223.2405162536842	45.5866519677193	0.0	0.0	2	1.0499999152888635	10.014367273734642	230.0	27	1.05	0.95				
	219	1	121.34094126701753	24.80450180596491	0.0	0.0	2	1.042998875417008	5.234606635865611	230.0	25	1.05	0.95				
	220	1	85.81016840982456	17.430190458245615	0.0	0.0	2	1.0463683458214799	5.814413867029063	230.0	25	1.05	0.95				
	221	2	0.0	0.0	0.0	0.0	2	1.05	10.360859685166885	230.0	27	1.05	0.95				
	222	2	0.0	0.0	0.0	0.0	2	1.05	16.390845213959118	230.0	27	1.05	0.95				
	223	2	0.0	0.0	0.0	0.0	2	1.05	6.620153822397618	230.0	25	1.05	0.95				
	224	1	0.0	0.0	0.0	0.0	2	1.0241041553551353	1.9202186611972945	230.0	26	1.05	0.95				
	301	2	60.30370136842106	12.284087315789472	0.0	0.0	3	1.007370982079647	-24.993115136383025	138.0	31	1.05	0.95				
	302	2	54.16165771052631	11.167352105263157	0.0	0.0	3	1.006703484919041	-25.135857197011347	138.0	32	1.05	0.95				
	303	1	100.50616894736841	20.65960139473684	0.0	0.0	3	1.0245900460876438	-17.72968492270849	138.0	31	1.05	0.95				
	304	1	41.31920278947368	8.375514078947367	0.0	0.0	3	1.0076915105562507	-23.189022549278885	138.0	31	1.05	0.95				
	305	1	39.644099973684206	7.817146473684211	0.0	0.0	3	1.0210605393300847	-24.200977022826503	138.0	31	1.05	0.95				
	306	1	75.93799431578948	15.634292947368422	0.0	-100.0	3	1.0362416768168836	-24.38535090621382	138.0	32	1.05	0.95				
	307	2	69.79595065789474	13.959190131578946	0.0	0.0	3	1.0067739307077639	-25.011955759232467	138.0	32	1.05	0.95				
	308	1	95.48086049999999	19.542866184210524	0.0	0.0	3	1.0054441364001963	-24.85193954352133	138.0	32	1.05	0.95				
	309	1	97.71433092105262	20.10123378947368	0.0	0.0	3	1.0277722294791476	-19.325678504143706	138.0	33	1.05	0.95				
	310	1	108.88168302631578	22.334704210526315	0.0	0.0	3	1.05	-21.616247560818973	138.0	33	1.05	0.95				
	311	1	0.0	0.0	0.0	0.0	3	1.0148411004786018	-14.998019951670075	230.0	33	1.05	0.95				
	312	1	0.0	0.0	0.0	0.0	3	1.015539040897001	-14.487364948937781	230.0	33	1.05	0.95				
	313	2	147.96741539473683	30.15185068421053	0.0	0.0	3	1.0193402722269218	-11.336546127790829	230.0	34	1.05	0.95				
	314	2	108.32331542105263	21.776336605263158	0.0	0.0	3	1.0226799221657505	-12.717666163129671	230.0	36	1.05	0.95				
	315	2	177.00253086842105	35.735526736842104	0.0	0.0	3	1.045798964843128	-6.462846185597554	230.0	36	1.05	0.95				
	316	2	55.836760526315786	11.167352105263157	0.0	0.0	3	1.0448446665201672	-6.1551593129681565	230.0	36	1.05	0.95				
	317	1	0.0	0.0	0.0	0.0	3	1.0477490220702428	-3.6539774853197686	230.0	37	1.05	0.95				
	318	2	185.93641255263157	37.96899715789474	0.0	0.0	3	1.0487468363367647	-3.149147042938871	230.0	37	1.05	0.95				
	319	1	101.06453655263157	20.65960139473684	0.0	0.0	3	1.0398539206558024	-7.439665859571993	230.0	35	1.05	0.95				
	320	1	71.47105347368421	14.517557736842104	0.0	0.0	3	1.0400224512334262	-7.503239927530604	230.0	35	1.05	0.95				
	321	2	0.0	0.0	0.0	0.0	3	1.05	-2.610941799976802	230.0	37	1.05	0.95				
	322	2	0.0	0.0	0.0	0.0	3	1.05	2.7550242545575228	230.0	37	1.05	0.95				
	323	2	0.0	0.0	0.0	0.0	3	1.0412219809030363	-7.122743356172187	230.0	35	1.05	0.95				
	324	1	0.0	0.0	0.0	0.0	3	1.023728540555533	-10.641237629715414	230.0	36	1.05	0.95				
	325	1	0.0	0.0	0.0	0.0	3	1.0361659442017739	-5.6900843924659705	230.0	35	1.05	0.95				
];
