%% MATPOWER Case Format : Version 2
function mpc = RTS_GMLC
mpc.version = '2';

%%-----  Power Flow Data  -----%%
%% system MVA base
mpc.baseMVA = 100.0;
%% bus data
%    bus_i    type    Pd    Qd    Gs    Bs    area    Vm    Va    baseKV    zone    Vmax    Vmin
mpc.bus = [
	101	2	62.65710045473685	12.763483425964914	0.0	0.0	1	1.0327044895454558	1.647383114109917	138.0	11	1.05	0.95				
	102	2	56.27535874175439	11.603166750877195	0.0	0.0	1	1.0327696546841811	1.6214605783068223	138.0	12	1.05	0.95				
	103	1	104.42850075789477	21.46585848912281	0.0	0.0	1	1.0243951886636742	-0.6052730843835732	138.0	11	1.05	0.95				
	104	1	42.93171697824562	8.702375063157895	0.0	0.0	1	1.0189726912515256	-1.7456603297343745	138.0	11	1.05	0.95				
	105	1	41.19124196561404	8.122216725614036	0.0	0.0	1	1.0334201190056547	-1.584102505918242	138.0	11	1.05	0.95				
	106	1	78.90153390596492	16.244433451228073	0.0	-100.0	1	1.0409438835538196	-3.925381959858785	138.0	12	1.05	0.95				
	107	2	72.51979219298246	14.503958438596493	0.0	0.0	1	1.043229390210803	-0.5318260405115129	138.0	12	1.05	0.95				
	108	1	99.20707572	20.305541814035088	0.0	0.0	1	1.0264561307138893	-3.201053765723927	138.0	12	1.05	0.95				
	109	1	101.52770907017545	20.88570015157895	0.0	0.0	1	1.0261440376740827	-2.153689334392984	138.0	13	1.05	0.95				
	110	1	113.13087582105264	23.20633350175439	0.0	0.0	1	1.05	-3.0294386066486134	138.0	13	1.05	0.95				
	111	1	0.0	0.0	0.0	0.0	1	1.0070839741601407	-0.5023282873169858	230.0	13	1.05	0.95				
	112	1	0.0	0.0	0.0	0.0	1	1.0123700902193133	0.254476405613754	230.0	13	1.05	0.95				
	113	3	153.74195944912282	31.328550227368424	0.0	0.0	1	1.002511088979201	9.774957048261477e-28	230.0	14	1.05	0.95				
	114	2	112.55071748350878	22.62617516421053	0.0	0.0	1	1.0036014950745085	1.255099348498787	230.0	16	1.05	0.95				
	115	2	183.9101930014035	37.13013360280702	0.0	0.0	1	1.0409996282422354	7.319160341604004	230.0	16	1.05	0.95				
	116	2	58.01583375438597	11.603166750877195	0.0	0.0	1	1.0377290129564596	7.162519616094249	230.0	16	1.05	0.95				
	117	1	0.0	0.0	0.0	0.0	1	1.04498418316124	9.488577728719248	230.0	17	1.05	0.95				
	118	2	193.19272640210528	39.45076695298246	0.0	0.0	1	1.0481245607991527	9.736153398615654	230.0	17	1.05	0.95				
	119	1	105.00865909543862	21.46585848912281	0.0	0.0	1	1.032105370549921	6.338412980440245	230.0	15	1.05	0.95				
	120	1	74.26026720561404	15.084116776140352	0.0	0.0	1	1.0318899398343244	6.733230251044497	230.0	15	1.05	0.95				
	121	2	0.0	0.0	0.0	0.0	1	1.05	9.71033121701851	230.0	17	1.05	0.95				
	122	2	0.0	0.0	0.0	0.0	1	1.05	17.038242277719696	230.0	17	1.05	0.95				
	123	2	0.0	0.0	0.0	0.0	1	1.0331193121117521	7.3884845477713155	230.0	15	1.05	0.95				
	124	1	0.0	0.0	0.0	0.0	1	1.024620903990077	4.375362603458738	230.0	16	1.05	0.95				
	201	2	63.035416345263165	12.840547774035088	0.0	0.0	2	1.0312663863500517	-8.279404572264786	138.0	21	1.05	0.95				
	202	2	56.615142458245614	11.673225249122808	0.0	0.0	2	1.0313278063217737	-8.3738941189118	138.0	22	1.05	0.95				
	203	1	105.05902724210527	21.595466710877194	0.0	0.0	2	1.0274182927026536	-5.735837414665036	138.0	21	1.05	0.95				
	204	1	43.19093342175439	8.754918936842106	0.0	0.0	2	1.017755615485686	-10.688569378715687	138.0	21	1.05	0.95				
	205	1	41.43994963438596	8.171257674385966	0.0	0.0	2	1.0329567948856055	-11.020968051926792	138.0	21	1.05	0.95				
	206	1	79.3779316940351	16.342515348771933	0.0	-100.0	2	1.040852606001791	-13.114058346885228	138.0	22	1.05	0.95				
	207	2	72.95765780701755	14.591531561403508	0.0	0.0	2	0.9854865147792105	-21.894497267111177	138.0	22	1.05	0.95				
	208	1	99.80607588	20.42814418596491	0.0	0.0	2	0.987870614122302	-19.11253898446922	138.0	22	1.05	0.95				
	209	1	102.14072092982455	21.011805448421054	0.0	0.0	2	1.0244971438075656	-10.210155585977633	138.0	23	1.05	0.95				
	210	1	113.81394617894738	23.346450498245616	0.0	0.0	2	1.05	-11.952119400779841	138.0	23	1.05	0.95				
	211	1	0.0	0.0	0.0	0.0	2	1.0144944094461559	-7.025091474668081	230.0	23	1.05	0.95				
	212	1	0.0	0.0	0.0	0.0	2	1.0165495968761	-6.612594944245194	230.0	23	1.05	0.95				
	213	2	154.67023455087718	31.517708172631583	0.0	0.0	2	1.0133582871194313	-5.759748970586654	230.0	24	1.05	0.95				
	214	2	113.23028491649123	22.762789235789473	0.0	0.0	2	1.022650327006292	-4.06052577981835	230.0	26	1.05	0.95				
	215	2	185.02062019859648	37.35432079719298	0.0	0.0	2	1.0416420501455494	4.138935806888937	230.0	26	1.05	0.95				
	216	2	58.36612624561403	11.673225249122808	0.0	0.0	2	1.044054227702619	3.6208452638480977	230.0	26	1.05	0.95				
	217	1	0.0	0.0	0.0	0.0	2	1.0464441697304332	7.229013509273361	230.0	27	1.05	0.95				
	218	2	194.35920039789474	39.68896584701755	0.0	0.0	2	1.0495814611313865	8.194083253507033	230.0	27	1.05	0.95				
	219	1	105.6426885045614	21.595466710877194	0.0	0.0	2	1.042800244131595	1.9421130729890257	230.0	25	1.05	0.95				
	220	1	74.70864159438597	15.175192823859652	0.0	0.0	2	1.0466951083983287	1.5831456088275393	230.0	25	1.05	0.95				
	221	2	0.0	0.0	0.0	0.0	2	1.0499999958699626	8.424132222953771	230.0	27	1.05	0.95				
	222	2	0.0	0.0	0.0	0.0	2	1.05	14.46673803657605	230.0	27	1.05	0.95				
	223	2	0.0	0.0	0.0	0.0	2	1.0499999807191585	1.8130919171635924	230.0	25	1.05	0.95				
	224	1	0.0	0.0	0.0	0.0	2	1.0239642229261434	0.45475825885325255	230.0	26	1.05	0.95				
	301	2	62.57576717052632	12.746915534736845	0.0	0.0	3	1.0063647824277626	-33.805991549028946	138.0	31	1.05	0.95				
	302	2	56.202309403157905	11.58810503157895	0.0	0.0	3	1.005738599398314	-33.9457184216475	138.0	32	1.05	0.95				
	303	1	104.29294528421053	21.437994308421054	0.0	0.0	3	1.0209846261816833	-26.60096126761634	138.0	31	1.05	0.95				
	304	1	42.87598861684211	8.691078773684211	0.0	0.0	3	1.0064750057042107	-31.934053267156486	138.0	31	1.05	0.95				
	305	1	41.137772862105265	8.111673522105264	0.0	0.0	3	1.0201392093393407	-32.87006641451262	138.0	31	1.05	0.95				
	306	1	78.79911421473686	16.223347044210527	0.0	-100.0	3	1.0353369020375125	-32.994222109278176	138.0	32	1.05	0.95				
	307	2	72.42565644736843	14.485131289473685	0.0	0.0	3	1.0039370063059292	-34.4210898727571	138.0	32	1.05	0.95				
	308	1	99.07829802	20.279183805263155	0.0	0.0	3	1.0027281949284987	-33.953192319255955	138.0	32	1.05	0.95				
	309	1	101.3959190263158	20.858589056842106	0.0	0.0	3	1.027323996116405	-27.930591484012822	138.0	33	1.05	0.95				
	310	1	112.98402405789474	23.1762100631579	0.0	0.0	3	1.05	-30.07490506507119	138.0	33	1.05	0.95				
	311	1	0.0	0.0	0.0	0.0	3	1.017204042245083	-23.084612820939316	230.0	33	1.05	0.95				
	312	1	0.0	0.0	0.0	0.0	3	1.0172375853533233	-22.405783326666228	230.0	33	1.05	0.95				
	313	2	153.54239166842106	31.28788358526316	0.0	0.0	3	1.0241227998271043	-19.385220059920645	230.0	34	1.05	0.95				
	314	2	112.40461880631581	22.59680481157895	0.0	0.0	3	1.0273410259898323	-20.443604536701788	230.0	36	1.05	0.95				
	315	2	183.67146475052633	37.081936101052634	0.0	0.0	3	1.0482141113315893	-13.65705243518157	230.0	36	1.05	0.95				
	316	2	57.94052515789474	11.58810503157895	0.0	0.0	3	1.0482513580557067	-13.25382895574554	230.0	36	1.05	0.95				
	317	1	0.0	0.0	0.0	0.0	3	1.0495108087371647	-10.579038406116142	230.0	37	1.05	0.95				
	318	2	192.94194877578948	39.39955710736843	0.0	0.0	3	1.0499458233310457	-9.990196599264468	230.0	37	1.05	0.95				
	319	1	104.87235053578947	21.437994308421054	0.0	0.0	3	1.0454356376959464	-14.27114875762017	230.0	35	1.05	0.95				
	320	1	74.16387220210527	15.064536541052634	0.0	0.0	3	1.0475867331030184	-14.071715408389238	230.0	35	1.05	0.95				
	321	2	0.0	0.0	0.0	0.0	3	1.05	-9.566001246450075	230.0	37	1.05	0.95				
	322	2	0.0	0.0	0.0	0.0	3	1.05	-4.187462182249272	230.0	37	1.05	0.95				
	323	2	0.0	0.0	0.0	0.0	3	1.05	-13.53883647556887	230.0	35	1.05	0.95				
	324	1	0.0	0.0	0.0	0.0	3	1.02159614073549	-18.434504804965098	230.0	36	1.05	0.95				
	325	1	0.0	0.0	0.0	0.0	3	1.0403436488427795	-11.668440854754534	230.0	35	1.05	0.95				
];
