%% MATPOWER Case Format : Version 2
function mpc = RTS_GMLC
mpc.version = '2';

%%-----  Power Flow Data  -----%%
%% system MVA base
mpc.baseMVA = 100.0;
%% bus data
%    bus_i    type    Pd    Qd    Gs    Bs    area    Vm    Va    baseKV    zone    Vmax    Vmin
mpc.bus = [
	101	2	41.00098960421053	8.352053437894737	0.0	0.0	1	1.0374135113259322	2.779960802070488	138.0	11	1.05	0.95				
	102	2	36.824962885263155	7.592775852631579	0.0	0.0	1	1.0355197960122364	2.246902322429087	138.0	12	1.05	0.95				
	103	1	68.33498267368422	14.04663532736842	0.0	0.0	1	1.0311682074859752	2.308980629400226	138.0	11	1.05	0.95				
	104	1	28.09327065473684	5.694581889473684	0.0	0.0	1	1.024101064506816	-0.4527393852757123	138.0	11	1.05	0.95				
	105	1	26.954354276842107	5.314943096842105	0.0	0.0	1	1.0383451438079623	-0.5077412827649288	138.0	11	1.05	0.95				
	106	1	51.63087579789474	10.62988619368421	0.0	-100.0	1	1.0473552221834739	-2.8513437835650435	138.0	12	1.05	0.95				
	107	2	47.45484907894737	9.490969815789473	0.0	0.0	1	0.9997739075634005	-10.558914203753869	138.0	12	1.05	0.95				
	108	1	64.91823354	13.287357742105263	0.0	0.0	1	1.0039348563657626	-8.146419915290867	138.0	12	1.05	0.95				
	109	1	66.43678871052632	13.666996534736843	0.0	0.0	1	1.0236050439269608	-1.599367281317997	138.0	13	1.05	0.95				
	110	1	74.02956456315789	15.185551705263158	0.0	0.0	1	1.05	-2.6588507681059226	138.0	13	1.05	0.95				
	111	1	0.0	0.0	0.0	0.0	1	1.001326920204371	0.2807507132681051	230.0	13	1.05	0.95				
	112	1	0.0	0.0	0.0	0.0	1	1.006159049717288	-0.5951353012813365	230.0	13	1.05	0.95				
	113	3	100.6042800473684	20.500494802105266	0.0	0.0	1	0.9931890361582394	5.656181843329698e-30	230.0	14	1.05	0.95				
	114	2	73.64992577052631	14.80591291263158	0.0	0.0	1	0.9978573142617185	3.0851640681071397	230.0	16	1.05	0.95				
	115	2	120.34549726421054	24.296882728421053	0.0	0.0	1	1.035111077757104	10.68592675016374	230.0	16	1.05	0.95				
	116	2	37.96387926315789	7.592775852631579	0.0	0.0	1	1.0288927672076582	9.205447174316523	230.0	16	1.05	0.95				
	117	1	0.0	0.0	0.0	0.0	1	1.036945472912872	14.154717311165994	230.0	17	1.05	0.95				
	118	2	126.41971794631579	25.81543789894737	0.0	0.0	1	1.0460747192493431	14.617423837817295	230.0	17	1.05	0.95				
	119	1	68.71462146631579	14.04663532736842	0.0	0.0	1	1.0161220679378091	5.626418061511699	230.0	15	1.05	0.95				
	120	1	48.59376545684211	9.870608608421053	0.0	0.0	1	1.0100750663072429	3.1138751189409986	230.0	15	1.05	0.95				
	121	2	0.0	0.0	0.0	0.0	1	1.0499999815251753	15.843738608177588	230.0	17	1.05	0.95				
	122	2	0.0	0.0	0.0	0.0	1	1.05	30.56689305600586	230.0	17	1.05	0.95				
	123	2	0.0	0.0	0.0	0.0	1	1.0075539657807124	2.0241464184886935	230.0	15	1.05	0.95				
	124	1	0.0	0.0	0.0	0.0	1	1.0230606328051342	7.529783050355278	230.0	16	1.05	0.95				
	201	2	43.82559420631579	8.927435856842106	0.0	0.0	2	1.0141616877900528	-17.14129176068557	138.0	21	1.05	0.95				
	202	2	39.36187627789474	8.11585077894737	0.0	0.0	2	1.0133585265027587	-17.441727360390445	138.0	22	1.05	0.95				
	203	1	73.04265701052633	15.014323941052632	0.0	0.0	2	1.0122733607633594	-12.55181418955265	138.0	21	1.05	0.95				
	204	1	30.028647882105265	6.086888084210526	0.0	0.0	2	1.0117000040477013	-17.036990291446713	138.0	21	1.05	0.95				
	205	1	28.811270265263154	5.681095545263159	0.0	0.0	2	1.0271789430387421	-17.52900527813884	138.0	21	1.05	0.95				
	206	1	55.18778529684211	11.362191090526318	0.0	-100.0	2	1.0424218042902615	-18.259366800475085	138.0	22	1.05	0.95				
	207	2	50.72406736842105	10.144813473684211	0.0	0.0	2	0.9967928536320582	-23.104656328120168	138.0	22	1.05	0.95				
	208	1	69.39052416	14.202738863157894	0.0	0.0	2	1.0017434983122815	-21.2733555105413	138.0	22	1.05	0.95				
	209	1	71.01369431578948	14.608531402105262	0.0	0.0	2	1.0220033450739185	-15.021009840324396	138.0	23	1.05	0.95				
	210	1	79.12954509473684	16.23170155789474	0.0	0.0	2	1.05	-16.610881038655506	138.0	23	1.05	0.95				
	211	1	0.0	0.0	0.0	0.0	2	1.0041901373493598	-12.437090671126565	230.0	23	1.05	0.95				
	212	1	0.0	0.0	0.0	0.0	2	1.0097656128564183	-10.85401100724722	230.0	23	1.05	0.95				
	213	2	107.53502282105262	21.912797103157896	0.0	0.0	2	1.0010057684069413	-11.342805777979446	230.0	24	1.05	0.95				
	214	2	78.72375255578947	15.825909018947371	0.0	0.0	2	1.002663213108523	-9.886699530898248	230.0	26	1.05	0.95				
	215	2	128.6362348463158	25.97072249263158	0.0	0.0	2	1.0149038756489257	-2.9013172973514103	230.0	26	1.05	0.95				
	216	2	40.579253894736844	8.11585077894737	0.0	0.0	2	1.0153848676013553	-3.762846503783508	230.0	26	1.05	0.95				
	217	1	0.0	0.0	0.0	0.0	2	1.0189044996435876	-1.6699615167798367	230.0	27	1.05	0.95				
	218	2	135.1289154694737	27.593892648421054	0.0	0.0	2	1.0185232624662208	-2.117984105017035	230.0	27	1.05	0.95				
	219	1	73.4484495494737	15.014323941052632	0.0	0.0	2	1.0166256635851882	-5.083249924725626	230.0	25	1.05	0.95				
	220	1	51.94144498526316	10.55060601263158	0.0	0.0	2	1.0206385396838011	-5.418464603978373	230.0	25	1.05	0.95				
	221	2	0.0	0.0	0.0	0.0	2	1.0208863316815202	-1.5670169914352208	230.0	27	1.05	0.95				
	222	2	0.0	0.0	0.0	0.0	2	1.0426529498977934	4.976064747390349	230.0	27	1.05	0.95				
	223	2	0.0	0.0	0.0	0.0	2	1.0232765436920435	-5.2874548913796495	230.0	25	1.05	0.95				
	224	1	0.0	0.0	0.0	0.0	2	1.0021408324973178	-6.543412272826423	230.0	26	1.05	0.95				
	301	2	63.56659285894737	12.948750397192981	0.0	0.0	3	1.05	-4.30326917448942	138.0	31	1.05	0.95				
	302	2	57.092217660350876	11.77159127017544	0.0	0.0	3	1.0467049575369447	-4.673718443392167	138.0	32	1.05	0.95				
	303	1	105.94432143157894	21.777443849824564	0.0	0.0	3	1.05	11.538130504231923	138.0	31	1.05	0.95				
	304	1	43.55488769964913	8.82869345263158	0.0	0.0	3	1.0176000057679235	-3.2885498347006195	138.0	31	1.05	0.95				
	305	1	41.78914900912281	8.240113889122808	0.0	0.0	3	1.041062695614722	-4.723360603938664	138.0	31	1.05	0.95				
	306	1	80.046820637193	16.480227778245617	0.0	-100.0	3	1.0423304799644892	-5.6364499915328965	138.0	32	1.05	0.95				
	307	2	73.57244543859649	14.714489087719299	0.0	0.0	3	0.9561439795672938	-6.063860546684906	138.0	32	1.05	0.95				
	308	1	100.64710536000001	20.600284722807018	0.0	0.0	3	0.9727580558201752	-5.680881614607642	138.0	32	1.05	0.95				
	309	1	103.00142361403508	21.18886428631579	0.0	0.0	3	1.0133185967037024	0.31768098882519685	138.0	33	1.05	0.95				
	310	1	114.77301488421053	23.54318254035088	0.0	0.0	3	1.0461852238926848	-3.2930974129311097	138.0	33	1.05	0.95				
	311	1	0.0	0.0	0.0	0.0	3	0.9988709047034671	1.0142283071626028	230.0	33	1.05	0.95				
	312	1	0.0	0.0	0.0	0.0	3	1.0039402483745525	2.4625451902824405	230.0	33	1.05	0.95				
	313	2	155.97358432982455	31.783296429473683	0.0	0.0	3	1.0015552412590534	5.66213179616998	230.0	34	1.05	0.95				
	314	2	114.18443532070175	22.954602976842107	0.0	0.0	3	0.9935282975137716	-0.43017940985806075	230.0	36	1.05	0.95				
	315	2	186.5797216322807	37.669092064561404	0.0	0.0	3	1.0437608099568725	-1.5891616276321114	230.0	36	1.05	0.95				
	316	2	58.857956350877195	11.77159127017544	0.0	0.0	3	1.0277872350853616	-1.569400712404027	230.0	36	1.05	0.95				
	317	1	0.0	0.0	0.0	0.0	3	1.0401210528248794	-1.8853162285124911	230.0	37	1.05	0.95				
	318	2	195.99699464842107	40.0234103185965	0.0	0.0	3	1.0433243488523083	-2.7300786751939543	230.0	37	1.05	0.95				
	319	1	106.53290099508772	21.777443849824564	0.0	0.0	3	1.016468162813239	0.2821284512741923	230.0	35	1.05	0.95				
	320	1	75.33818412912281	15.303068651228072	0.0	0.0	3	1.0108819479626343	2.4160276655843003	230.0	35	1.05	0.95				
	321	2	0.0	0.0	0.0	0.0	3	1.05	-1.8400414541169945	230.0	37	1.05	0.95				
	322	2	0.0	0.0	0.0	0.0	3	1.05	2.477763928621704	230.0	37	1.05	0.95				
	323	2	0.0	0.0	0.0	0.0	3	1.0094415257580251	3.802713927625769	230.0	35	1.05	0.95				
	324	1	0.0	0.0	0.0	0.0	3	1.0431998689216226	4.370898154886027	230.0	36	1.05	0.95				
	325	1	0.0	0.0	0.0	0.0	3	1.0098414588144222	4.854403711172395	230.0	35	1.05	0.95				
];
