%% MATPOWER Case Format : Version 2
function mpc = RTS_GMLC
mpc.version = '2';

%%-----  Power Flow Data  -----%%
%% system MVA base
mpc.baseMVA = 100.0;
%% bus data
%    bus_i    type    Pd    Qd    Gs    Bs    area    Vm    Va    baseKV    zone    Vmax    Vmin
mpc.bus = [
	101	2	67.50667985684211	13.751360711578947	0.0	0.0	1	1.0317281612267726	-0.07157174980424245	138.0	11	1.05	0.95				
	102	2	60.63099950105263	12.501237010526317	0.0	0.0	1	1.031768302172035	-0.12514002816932945	138.0	12	1.05	0.95				
	103	1	112.51113309473683	23.127288469473683	0.0	0.0	1	1.023509629501791	-1.231643992117053	138.0	11	1.05	0.95				
	104	1	46.254576938947366	9.375927757894736	0.0	0.0	1	1.0176806990308134	-3.392863626692476	138.0	11	1.05	0.95				
	105	1	44.37939138736842	8.750865907368421	0.0	0.0	1	1.032308075705415	-3.3392897417348744	138.0	11	1.05	0.95				
	106	1	85.00841167157895	17.501731814736843	0.0	-100.0	1	1.0393999677875434	-5.741339307980166	138.0	12	1.05	0.95				
	107	2	78.13273131578947	15.626546263157895	0.0	0.0	1	1.0370132137604282	-5.678639619563498	138.0	12	1.05	0.95				
	108	1	106.88557644000001	21.87716476842105	0.0	0.0	1	1.0215589610774718	-6.95818180693163	138.0	12	1.05	0.95				
	109	1	109.38582384210527	22.50222661894737	0.0	0.0	1	1.0261043879538214	-3.534000294131536	138.0	13	1.05	0.95				
	110	1	121.88706085263156	25.002474021052635	0.0	0.0	1	1.05	-4.675709703213229	138.0	13	1.05	0.95				
	111	1	0.0	0.0	0.0	0.0	1	1.0092684618042207	-1.040427133222682	230.0	13	1.05	0.95				
	112	1	0.0	0.0	0.0	0.0	1	1.0139981126133728	-0.6604799710505106	230.0	13	1.05	0.95				
	113	3	165.64139038947368	33.753339928421056	0.0	0.0	1	1.0076429196032846	2.560025099927028e-27	230.0	14	1.05	0.95				
	114	2	121.26199900210526	24.377412170526316	0.0	0.0	1	1.0083232955262917	1.2052855432683633	230.0	16	1.05	0.95				
	115	2	198.1446066168421	40.00395843368421	0.0	0.0	1	1.0431388487153912	8.781314988962498	230.0	16	1.05	0.95				
	116	2	62.50618505263158	12.501237010526317	0.0	0.0	1	1.0405636172198063	8.077530527328495	230.0	16	1.05	0.95				
	117	1	0.0	0.0	0.0	0.0	1	1.0437280696907756	11.278488865958039	230.0	17	1.05	0.95				
	118	2	208.14559622526318	42.50420583578948	0.0	0.0	1	1.047336090369399	11.295397238883366	230.0	17	1.05	0.95				
	119	1	113.13619494526317	23.127288469473683	0.0	0.0	1	1.03362235425061	6.207745996686396	230.0	15	1.05	0.95				
	120	1	80.00791686736842	16.25160811368421	0.0	0.0	1	1.0332493678041712	5.768415635016119	230.0	15	1.05	0.95				
	121	2	0.0	0.0	0.0	0.0	1	1.05	12.750918693395043	230.0	17	1.05	0.95				
	122	2	0.0	0.0	0.0	0.0	1	1.05	24.180735942703436	230.0	17	1.05	0.95				
	123	2	0.0	0.0	0.0	0.0	1	1.0344455700449104	5.996540175298671	230.0	15	1.05	0.95				
	124	1	0.0	0.0	0.0	0.0	1	1.0232561148721326	5.065496220034437	230.0	16	1.05	0.95				
	201	2	74.73130802526316	15.22304422736842	0.0	0.0	2	1.0361210283905673	-15.963992252550849	138.0	21	1.05	0.95				
	202	2	67.11978591157894	13.839131115789474	0.0	0.0	2	1.036318148767931	-16.08504341531278	138.0	22	1.05	0.95				
	203	1	124.55218004210526	25.602392564210525	0.0	0.0	2	1.0223735513282577	-11.938739540076716	138.0	21	1.05	0.95				
	204	1	51.20478512842105	10.379348336842105	0.0	0.0	2	1.0174807971943294	-17.94941689712098	138.0	21	1.05	0.95				
	205	1	49.12891546105263	9.687391781052632	0.0	0.0	2	1.0341281972673737	-18.433940406944274	138.0	21	1.05	0.95				
	206	1	94.10609158736843	19.374783562105264	0.0	-100.0	2	1.0391051469063821	-20.476487132455354	138.0	22	1.05	0.95				
	207	2	86.49456947368421	17.29891389473684	0.0	0.0	2	0.9716500223401975	-30.797512946184067	138.0	22	1.05	0.95				
	208	1	118.32457104000001	24.218479452631577	0.0	0.0	2	0.9741118655671441	-27.393327106900163	138.0	22	1.05	0.95				
	209	1	121.0923972631579	24.91043600842105	0.0	0.0	2	1.0236818319135064	-16.671822615937106	138.0	23	1.05	0.95				
	210	1	134.93152837894738	27.678262231578948	0.0	0.0	2	1.05	-18.76368694071498	138.0	23	1.05	0.95				
	211	1	0.0	0.0	0.0	0.0	2	1.0248021106323357	-12.73831242491509	230.0	23	1.05	0.95				
	212	1	0.0	0.0	0.0	0.0	2	1.0178436600551901	-11.548938023091091	230.0	23	1.05	0.95				
	213	2	183.36848728421052	37.36565401263158	0.0	0.0	2	1.0310280408221963	-10.96643340835797	230.0	24	1.05	0.95				
	214	2	134.2395718231579	26.986305675789474	0.0	0.0	2	1.0407263728821816	-9.446132015294824	230.0	26	1.05	0.95				
	215	2	219.35022818526315	44.285219570526316	0.0	0.0	2	1.041885117264605	-0.2744367360730517	230.0	26	1.05	0.95				
	216	2	69.19565557894737	13.839131115789474	0.0	0.0	2	1.0453009465404302	-0.5102861065899176	230.0	26	1.05	0.95				
	217	1	0.0	0.0	0.0	0.0	2	1.0460168784325663	2.7887479609106594	230.0	27	1.05	0.95				
	218	2	230.42153307789474	47.05304579368421	0.0	0.0	2	1.047525747441196	3.105286047616718	230.0	27	1.05	0.95				
	219	1	125.24413659789475	25.602392564210525	0.0	0.0	2	1.0425460126226291	-0.8570043388659515	230.0	25	1.05	0.95				
	220	1	88.57043914105263	17.990870450526316	0.0	0.0	2	1.046029533254805	0.13904129119017045	230.0	25	1.05	0.95				
	221	2	0.0	0.0	0.0	0.0	2	1.0476135653252108	2.9744837619433264	230.0	27	1.05	0.95				
	222	2	0.0	0.0	0.0	0.0	2	1.05	9.411360014127407	230.0	27	1.05	0.95				
	223	2	0.0	0.0	0.0	0.0	2	1.05	1.1877560016593531	230.0	25	1.05	0.95				
	224	1	0.0	0.0	0.0	0.0	2	1.019982176599591	-4.607898811555884	230.0	26	1.05	0.95				
	301	2	62.01202149473685	12.632078452631578	0.0	0.0	3	1.016521956977102	-10.081190178484807	138.0	31	1.05	0.95				
	302	2	55.69598226842105	11.483707684210527	0.0	0.0	3	1.0149492279781618	-10.384503972028444	138.0	32	1.05	0.95				
	303	1	103.35336915789475	21.244859215789475	0.0	0.0	3	1.0484098141162277	3.383133682924998	138.0	31	1.05	0.95				
	304	1	42.48971843157895	8.612780763157895	0.0	0.0	3	1.0110824685793143	-8.485348486890217	138.0	31	1.05	0.95				
	305	1	40.76716227894737	8.038595378947369	0.0	0.0	3	1.0259935851681252	-10.656350848199759	138.0	31	1.05	0.95				
	306	1	78.0892122526316	16.077190757894737	0.0	-100.0	3	1.0378926254732121	-11.619002412908785	138.0	32	1.05	0.95				
	307	2	71.77317302631579	14.354634605263158	0.0	0.0	3	0.9919541841611826	-17.637469885279728	138.0	32	1.05	0.95				
	308	1	98.1857007	20.096488447368422	0.0	0.0	3	0.9924397730997334	-14.903255701275722	138.0	32	1.05	0.95				
	309	1	100.4824422368421	20.67067383157895	0.0	0.0	3	1.027685369364012	-4.591205998463649	138.0	33	1.05	0.95				
	310	1	111.96614992105263	22.967415368421054	0.0	0.0	3	1.05	-9.394406786706995	138.0	33	1.05	0.95				
	311	1	0.0	0.0	0.0	0.0	3	1.016000094642622	-3.0477827463343137	230.0	33	1.05	0.95				
	312	1	0.0	0.0	0.0	0.0	3	1.016475159135292	-2.7557722318762075	230.0	33	1.05	0.95				
	313	2	152.15912681578948	31.006010747368425	0.0	0.0	3	1.0169951583988794	-0.3804262657008109	230.0	34	1.05	0.95				
	314	2	111.3919645368421	22.393229984210528	0.0	0.0	3	1.0227144011254712	-1.3913398446970613	230.0	36	1.05	0.95				
	315	2	182.01676679473684	36.747864589473686	0.0	0.0	3	1.04466703003809	4.3546239261790065	230.0	36	1.05	0.95				
	316	2	57.41853842105263	11.483707684210527	0.0	0.0	3	1.0416668361797827	4.434281088667073	230.0	36	1.05	0.95				
	317	1	0.0	0.0	0.0	0.0	3	1.05	9.599954780034354	230.0	37	1.05	0.95				
	318	2	191.20373294210526	39.0446061263158	0.0	0.0	3	1.0441741728103295	7.11047809955656	230.0	37	1.05	0.95				
	319	1	103.92755454210527	21.244859215789475	0.0	0.0	3	1.0342848799018667	2.6250365997525695	230.0	35	1.05	0.95				
	320	1	73.49572917894737	14.928819989473684	0.0	0.0	3	1.0329078572371313	2.139728456792788	230.0	35	1.05	0.95				
	321	2	0.0	0.0	0.0	0.0	3	1.0455804913827842	6.824303076263693	230.0	37	1.05	0.95				
	322	2	0.0	0.0	0.0	0.0	3	1.05	12.256399910402001	230.0	37	1.05	0.95				
	323	2	0.0	0.0	0.0	0.0	3	1.0333117629370776	2.30570056383576	230.0	35	1.05	0.95				
	324	1	0.0	0.0	0.0	0.0	3	1.0414885348178677	3.9917694438943516	230.0	36	1.05	0.95				
	325	1	0.0	0.0	0.0	0.0	3	1.0324329269910026	3.191216056116373	230.0	35	1.05	0.95				
];
