%% MATPOWER Case Format : Version 2
function mpc = RTS_GMLC
mpc.version = '2';

%%-----  Power Flow Data  -----%%
%% system MVA base
mpc.baseMVA = 100.0;
%% bus data
%    bus_i    type    Pd    Qd    Gs    Bs    area    Vm    Va    baseKV    zone    Vmax    Vmin
mpc.bus = [
	101	2	35.63038100084211	7.258040574245615	0.0	0.0	1	1.0331410217147767	3.733690506432858	138.0	11	1.05	0.95				
	102	2	32.0013607137193	6.59821870385965	0.0	0.0	1	1.0322763367563788	3.4997143301252613	138.0	12	1.05	0.95				
	103	1	59.38396833473685	12.206704602140352	0.0	0.0	1	1.0294838348032573	1.0856613392421466	138.0	11	1.05	0.95				
	104	1	24.413409204280704	4.948664027894737	0.0	0.0	1	1.022631646939923	0.31303935639127967	138.0	11	1.05	0.95				
	105	1	23.423676398701755	4.6187530927017555	0.0	0.0	1	1.0369604047009957	0.646651362737182	138.0	11	1.05	0.95				
	106	1	44.86788718624562	9.237506185403511	0.0	-100.0	1	1.0479666885092025	-1.4728697065706393	138.0	12	1.05	0.95				
	107	2	41.23886689912281	8.247773379824562	0.0	0.0	1	1.0006327456172766	-6.382407823374832	138.0	12	1.05	0.95				
	108	1	56.414769918000005	11.546882731754387	0.0	0.0	1	1.007766585713968	-5.210501532712999	138.0	12	1.05	0.95				
	109	1	57.734413658771935	11.87679366694737	0.0	0.0	1	1.0244821874541585	-0.951709380508898	138.0	13	1.05	0.95				
	110	1	64.33263236263159	13.1964374077193	0.0	0.0	1	1.05	-1.440238429892344	138.0	13	1.05	0.95				
	111	1	0.0	0.0	0.0	0.0	1	1.0006064928485454	0.1714023289410439	230.0	13	1.05	0.95				
	112	1	0.0	0.0	0.0	0.0	1	1.0053685818945177	0.4828498990864609	230.0	13	1.05	0.95				
	113	3	87.42639782614036	17.815190500421053	0.0	0.0	1	0.9880684131309758	7.324746470204872e-28	230.0	14	1.05	0.95				
	114	2	64.0027214274386	12.866526472526319	0.0	0.0	1	0.9966482711018987	1.8255248475275132	230.0	16	1.05	0.95				
	115	2	104.58176645617544	21.11429985235088	0.0	0.0	1	1.0332897033277004	6.114911593917607	230.0	16	1.05	0.95				
	116	2	32.991093519298246	6.59821870385965	0.0	0.0	1	1.028517586188624	6.029666674630878	230.0	16	1.05	0.95				
	117	1	0.0	0.0	0.0	0.0	1	1.0384455219318685	7.682372904145014	230.0	17	1.05	0.95				
	118	2	109.86034141926318	22.43394359312281	0.0	0.0	1	1.0415800058464153	7.63873571128393	230.0	17	1.05	0.95				
	119	1	59.713879269929826	12.206704602140352	0.0	0.0	1	1.0220358067261643	5.284632064624856	230.0	15	1.05	0.95				
	120	1	42.22859970470176	8.577684315017544	0.0	0.0	1	1.0181930966178887	5.285217583946929	230.0	15	1.05	0.95				
	121	2	0.0	0.0	0.0	0.0	1	1.0460994401370125	8.354382815148293	230.0	17	1.05	0.95				
	122	2	0.0	0.0	0.0	0.0	1	1.05	14.642976115583721	230.0	17	1.05	0.95				
	123	2	0.0	0.0	0.0	0.0	1	1.0161913902329487	5.548086711037048	230.0	15	1.05	0.95				
	124	1	0.0	0.0	0.0	0.0	1	1.0245172856173792	4.225583595393511	230.0	16	1.05	0.95				
	201	2	39.01463874947369	7.947426411929824	0.0	0.0	2	1.0228140743300584	-6.657415678104781	138.0	21	1.05	0.95				
	202	2	35.04092554350877	7.224933101754387	0.0	0.0	2	1.0233012219227196	-6.562801082593584	138.0	22	1.05	0.95				
	203	1	65.02439791578948	13.366126238245615	0.0	0.0	2	1.0165769581474107	-5.956029386085001	138.0	21	1.05	0.95				
	204	1	26.73225247649123	5.418699826315789	0.0	0.0	2	1.0175271001481156	-7.966778375784074	138.0	21	1.05	0.95				
	205	1	25.648512511228066	5.057453171228071	0.0	0.0	2	1.0321269336159768	-8.184934447283796	138.0	21	1.05	0.95				
	206	1	49.12954509192983	10.114906342456141	0.0	-100.0	2	1.0457656689742207	-9.399758072467934	138.0	22	1.05	0.95				
	207	2	45.155831885964915	9.031166377192983	0.0	0.0	2	0.9937497755307034	-14.455350240488197	138.0	22	1.05	0.95				
	208	1	61.773178019999996	12.643632928070176	0.0	0.0	2	1.0018830935881986	-12.877237999859577	138.0	22	1.05	0.95				
	209	1	63.218164640350885	13.004879583157894	0.0	0.0	2	1.0224249486450778	-7.619061591796655	138.0	23	1.05	0.95				
	210	1	70.44309774210527	14.449866203508774	0.0	0.0	2	1.05	-8.56526015576033	138.0	23	1.05	0.95				
	211	1	0.0	0.0	0.0	0.0	2	1.0014007860078078	-5.4027621840161055	230.0	23	1.05	0.95				
	212	1	0.0	0.0	0.0	0.0	2	1.0068183111439795	-4.806299060087764	230.0	23	1.05	0.95				
	213	2	95.73036359824562	19.507319374736845	0.0	0.0	2	0.994539408593968	-4.450863017723012	230.0	24	1.05	0.95				
	214	2	70.08185108701754	14.088619548421052	0.0	0.0	2	0.9977771154910005	-3.395705043751334	230.0	26	1.05	0.95				
	215	2	114.51518966280703	23.119785925614035	0.0	0.0	2	1.0166604213092538	1.6831448924509858	230.0	26	1.05	0.95				
	216	2	36.12466550877193	7.224933101754387	0.0	0.0	2	1.0183300483802666	1.6042536062760373	230.0	26	1.05	0.95				
	217	1	0.0	0.0	0.0	0.0	2	1.0234236720174665	3.214326923950286	230.0	27	1.05	0.95				
	218	2	120.29513614421052	24.564772545964914	0.0	0.0	2	1.0226939778224688	2.7725914726988123	230.0	27	1.05	0.95				
	219	1	65.3856445708772	13.366126238245615	0.0	0.0	2	1.0202202005578385	1.2723818580341524	230.0	25	1.05	0.95				
	220	1	46.23957185122807	9.392413032280702	0.0	0.0	2	1.0239624937866725	1.700329398360135	230.0	25	1.05	0.95				
	221	2	0.0	0.0	0.0	0.0	2	1.0243153602673756	3.2169245514015796	230.0	27	1.05	0.95				
	222	2	0.0	0.0	0.0	0.0	2	1.046443180022076	9.750903541431274	230.0	27	1.05	0.95				
	223	2	0.0	0.0	0.0	0.0	2	1.0263607948283144	2.214005812322245	230.0	25	1.05	0.95				
	224	1	0.0	0.0	0.0	0.0	2	1.007013017436993	-1.2062874832686172	230.0	26	1.05	0.95				
	301	2	44.38215754105263	9.040809869473684	0.0	0.0	3	1.007013620473191	-23.157457918697617	138.0	31	1.05	0.95				
	302	2	39.86175260631579	8.218918063157894	0.0	0.0	3	1.0069661000424321	-23.25320311081023	138.0	32	1.05	0.95				
	303	1	73.97026256842105	15.204998416842102	0.0	0.0	3	1.020899328884184	-18.440540501471148	138.0	31	1.05	0.95				
	304	1	30.409996833684204	6.16418854736842	0.0	0.0	3	1.0101949098901233	-21.874552579300392	138.0	31	1.05	0.95				
	305	1	29.177159124210522	5.753242644210527	0.0	0.0	3	1.0231669770358343	-22.5184223906175	138.0	31	1.05	0.95				
	306	1	55.88864282947368	11.506485288421054	0.0	-100.0	3	1.040693626377787	-22.659559118884697	138.0	32	1.05	0.95				
	307	2	51.368237894736836	10.273647578947367	0.0	0.0	3	0.9939055184032064	-27.131606875826336	138.0	32	1.05	0.95				
	308	1	70.27174943999998	14.383106610526314	0.0	0.0	3	1.0006524083853372	-25.295539302478147	138.0	32	1.05	0.95				
	309	1	71.91553305263157	14.794052513684209	0.0	0.0	3	1.0255268031092066	-19.06070015695994	138.0	33	1.05	0.95				
	310	1	80.13445111578946	16.437836126315787	0.0	0.0	3	1.05	-20.556387852244516	138.0	33	1.05	0.95				
	311	1	0.0	0.0	0.0	0.0	3	1.0071180065387213	-15.011399788308825	230.0	33	1.05	0.95				
	312	1	0.0	0.0	0.0	0.0	3	1.0107243010482132	-14.420910435261654	230.0	33	1.05	0.95				
	313	2	108.90066433684208	22.191078770526314	0.0	0.0	3	1.0103191688578406	-11.386222205756193	230.0	34	1.05	0.95				
	314	2	79.72350521263158	16.026890223157896	0.0	0.0	3	1.0067004975606977	-13.283969836191359	230.0	36	1.05	0.95				
	315	2	130.26985130105263	26.30053780210526	0.0	0.0	3	1.0304040419148208	-9.297460922012519	230.0	36	1.05	0.95				
	316	2	41.09459031578947	8.218918063157894	0.0	0.0	3	1.030158040093802	-8.397581772202955	230.0	36	1.05	0.95				
	317	1	0.0	0.0	0.0	0.0	3	1.0351432094647885	-6.910809422793425	230.0	37	1.05	0.95				
	318	2	136.84498575157892	27.94432141473684	0.0	0.0	3	1.0338484093833482	-6.992592501249526	230.0	37	1.05	0.95				
	319	1	74.38120847157894	15.204998416842102	0.0	0.0	3	1.0275655608206542	-8.894176052367072	230.0	35	1.05	0.95				
	320	1	52.60107560421052	10.684593482105264	0.0	0.0	3	1.0279689873664926	-8.525582742001353	230.0	35	1.05	0.95				
	321	2	0.0	0.0	0.0	0.0	3	1.0349426969162325	-7.234997526482031	230.0	37	1.05	0.95				
	322	2	0.0	0.0	0.0	0.0	3	1.048220626234091	-2.786127792100283	230.0	37	1.05	0.95				
	323	2	0.0	0.0	0.0	0.0	3	1.0287378887542329	-8.007057927822757	230.0	35	1.05	0.95				
	324	1	0.0	0.0	0.0	0.0	3	1.0154709579334102	-12.723294141675026	230.0	36	1.05	0.95				
	325	1	0.0	0.0	0.0	0.0	3	1.0249954757723037	-6.638649202912557	230.0	35	1.05	0.95				
];
