%% MATPOWER Case Format : Version 2
function mpc = RTS_GMLC
mpc.version = '2';

%%-----  Power Flow Data  -----%%
%% system MVA base
mpc.baseMVA = 100.0;
%% bus data
%    bus_i    type    Pd    Qd    Gs    Bs    area    Vm    Va    baseKV    zone    Vmax    Vmin
mpc.bus = [
	101	2	35.550222661894736	7.241712023719297	0.0	0.0	1	1.034088044405912	4.051061081181339	138.0	11	1.05	0.95				
	102	2	31.929366650035085	6.583374567017544	0.0	0.0	1	1.0331717951067265	3.790283294621678	138.0	12	1.05	0.95				
	103	1	59.250371103157896	12.179242948982456	0.0	0.0	1	1.0323614190403227	2.2702525568329865	138.0	11	1.05	0.95				
	104	1	24.35848589796491	4.937530925263157	0.0	0.0	1	1.0229475019627166	0.5348107933662034	138.0	11	1.05	0.95				
	105	1	23.37097971291228	4.608362196912281	0.0	0.0	1	1.0373053218592927	0.7888847220577986	138.0	11	1.05	0.95				
	106	1	44.7669470557193	9.216724393824562	0.0	-100.0	1	1.048073864915609	-1.4325972246436736	138.0	12	1.05	0.95				
	107	2	41.14609104385964	8.229218208771929	0.0	0.0	1	1.0007732445421371	-7.40802063485582	138.0	12	1.05	0.95				
	108	1	56.287852548	11.5209054922807	0.0	0.0	1	1.0073739540078912	-5.765004903879214	138.0	12	1.05	0.95				
	109	1	57.60452746140351	11.850074220631578	0.0	0.0	1	1.02437674436374	-0.7924481160470179	138.0	13	1.05	0.95				
	110	1	64.18790202842105	13.166749134035088	0.0	0.0	1	1.05	-1.4820160603783032	138.0	13	1.05	0.95				
	111	1	0.0	0.0	0.0	0.0	1	1.0008484879585628	0.5335721445300919	230.0	13	1.05	0.95				
	112	1	0.0	0.0	0.0	0.0	1	1.0053505415776154	-0.004906750769353689	230.0	13	1.05	0.95				
	113	3	87.22971301298244	17.775111330947368	0.0	0.0	1	0.9882086123625775	-3.6420499494109723e-31	230.0	14	1.05	0.95				
	114	2	63.85873330007017	12.837580405684209	0.0	0.0	1	0.998312180183602	2.8072708777909217	230.0	16	1.05	0.95				
	115	2	104.34648688722807	21.06679861445614	0.0	0.0	1	1.038389180934931	8.964554203179691	230.0	16	1.05	0.95				
	116	2	32.916872835087716	6.583374567017544	0.0	0.0	1	1.0332779435200738	7.8313311278721605	230.0	16	1.05	0.95				
	117	1	0.0	0.0	0.0	0.0	1	1.0406647486821068	11.716307398241925	230.0	17	1.05	0.95				
	118	2	109.61318654084211	22.38347352785965	0.0	0.0	1	1.0468892569062167	12.046431596922393	230.0	17	1.05	0.95				
	119	1	59.579539831508775	12.179242948982456	0.0	0.0	1	1.0212943524538656	5.1990338147914	230.0	15	1.05	0.95				
	120	1	42.13359722891228	8.558386937122807	0.0	0.0	1	1.0141300455395534	3.524053604353071	230.0	15	1.05	0.95				
	121	2	0.0	0.0	0.0	0.0	1	1.05	13.127289589193209	230.0	17	1.05	0.95				
	122	2	0.0	0.0	0.0	0.0	1	1.05	24.885658091122874	230.0	17	1.05	0.95				
	123	2	0.0	0.0	0.0	0.0	1	1.010421701086239	2.85716178996462	230.0	15	1.05	0.95				
	124	1	0.0	0.0	0.0	0.0	1	1.0272444509212677	6.451159530772028	230.0	16	1.05	0.95				
	201	2	38.232645991578956	7.788131590877194	0.0	0.0	2	1.0141776457360643	-11.681749798149855	138.0	21	1.05	0.95				
	202	2	34.338580196140356	7.080119628070176	0.0	0.0	2	1.0133003802236091	-11.957460806911234	138.0	22	1.05	0.95				
	203	1	63.721076652631595	13.098221311929825	0.0	0.0	2	1.0149897171967621	-8.167118152286323	138.0	21	1.05	0.95				
	204	1	26.19644262385965	5.310089721052632	0.0	0.0	2	1.0130226628874737	-11.722233018012814	138.0	21	1.05	0.95				
	205	1	25.134424679649126	4.956083739649124	0.0	0.0	2	1.0279250584792456	-12.106564820754436	138.0	21	1.05	0.95				
	206	1	48.1448134708772	9.912167479298247	0.0	-100.0	2	1.043880184356556	-12.811566145769822	138.0	22	1.05	0.95				
	207	2	44.2507476754386	8.85014953508772	0.0	0.0	2	0.9968420032926243	-16.97445689929408	138.0	22	1.05	0.95				
	208	1	60.53502282000001	12.390209349122808	0.0	0.0	2	1.0039280785723836	-15.423100618748565	138.0	22	1.05	0.95				
	209	1	61.95104674561405	12.744215330526318	0.0	0.0	2	1.0224015859848505	-10.055742021202104	138.0	23	1.05	0.95				
	210	1	69.03116637368421	14.160239256140352	0.0	0.0	2	1.05	-11.389504835157268	138.0	23	1.05	0.95				
	211	1	0.0	0.0	0.0	0.0	2	1.0028554274484998	-7.424867435725961	230.0	23	1.05	0.95				
	212	1	0.0	0.0	0.0	0.0	2	1.0060488348866738	-6.717873043934877	230.0	23	1.05	0.95				
	213	2	93.81158507192983	19.116322995789478	0.0	0.0	2	0.9972863659194399	-6.13985771651254	230.0	24	1.05	0.95				
	214	2	68.67716039228071	13.806233274736842	0.0	0.0	2	1.001533332924646	-5.10883690715545	230.0	26	1.05	0.95				
	215	2	112.2198961049123	22.656382809824564	0.0	0.0	2	1.0162052251408182	0.4624138397770307	230.0	26	1.05	0.95				
	216	2	35.40059814035088	7.080119628070176	0.0	0.0	2	1.0177327974424446	0.31598203312030193	230.0	26	1.05	0.95				
	217	1	0.0	0.0	0.0	0.0	2	1.0219700857555776	1.7012662040838238	230.0	27	1.05	0.95				
	218	2	117.88399180736843	24.0724067354386	0.0	0.0	2	1.021382950968899	1.347333926194187	230.0	27	1.05	0.95				
	219	1	64.0750826340351	13.098221311929825	0.0	0.0	2	1.0191812930682853	0.2549575750541477	230.0	25	1.05	0.95				
	220	1	45.31276561964913	9.204155516491229	0.0	0.0	2	1.022462051359948	0.9045117211424064	230.0	25	1.05	0.95				
	221	2	0.0	0.0	0.0	0.0	2	1.0232553592014095	1.8566817686958206	230.0	27	1.05	0.95				
	222	2	0.0	0.0	0.0	0.0	2	1.045195887075473	8.346596751068988	230.0	27	1.05	0.95				
	223	2	0.0	0.0	0.0	0.0	2	1.0246423663367399	1.535319716611254	230.0	25	1.05	0.95				
	224	1	0.0	0.0	0.0	0.0	2	1.0050998054555578	-2.7984907322585033	230.0	26	1.05	0.95				
	301	2	43.10091742736842	8.779816512982457	0.0	0.0	3	1.0085873370267346	-14.140517676724366	138.0	31	1.05	0.95				
	302	2	38.71100917087719	7.981651375438598	0.0	0.0	3	1.0085149394136774	-14.240158892872834	138.0	32	1.05	0.95				
	303	1	71.83486237894738	14.766055044561401	0.0	0.0	3	1.0228919353155062	-9.3476575738382	138.0	31	1.05	0.95				
	304	1	29.532110089122803	5.986238531578946	0.0	0.0	3	1.0111723352243474	-12.915411509469376	138.0	31	1.05	0.95				
	305	1	28.334862382807014	5.587155962807018	0.0	0.0	3	1.0241775235247046	-13.57145062530743	138.0	31	1.05	0.95				
	306	1	54.27522935298246	11.174311925614036	0.0	-100.0	3	1.0414259411063436	-13.740932850740375	138.0	32	1.05	0.95				
	307	2	49.88532109649123	9.977064219298246	0.0	0.0	3	0.9915842918315905	-18.021239220041775	138.0	32	1.05	0.95				
	308	1	68.24311926	13.967889907017542	0.0	0.0	3	0.999787108827132	-16.25746158880835	138.0	32	1.05	0.95				
	309	1	69.83944953508771	14.366972475789472	0.0	0.0	3	1.0255051781372513	-10.192650281958171	138.0	33	1.05	0.95				
	310	1	77.82110091052631	15.963302750877196	0.0	0.0	3	1.05	-11.71673406123085	138.0	33	1.05	0.95				
	311	1	0.0	0.0	0.0	0.0	3	1.0059885255099956	-6.303522845235387	230.0	33	1.05	0.95				
	312	1	0.0	0.0	0.0	0.0	3	1.0101118867418188	-5.871126430705977	230.0	33	1.05	0.95				
	313	2	105.7568807245614	21.55045871368421	0.0	0.0	3	1.0090953516013426	-2.868925468295347	230.0	34	1.05	0.95				
	314	2	77.42201834175438	15.564220182105265	0.0	0.0	3	1.0038985239885703	-4.540255772879702	230.0	36	1.05	0.95				
	315	2	126.50917430070174	25.54128440140351	0.0	0.0	3	1.0329443771259403	-0.21265204612083705	230.0	36	1.05	0.95				
	316	2	39.90825687719298	7.981651375438598	0.0	0.0	3	1.0320611448403765	0.2767694150130747	230.0	36	1.05	0.95				
	317	1	0.0	0.0	0.0	0.0	3	1.0425073563596734	4.358289959429126	230.0	37	1.05	0.95				
	318	2	132.89449540105264	27.13761467649123	0.0	0.0	3	1.039220791878872	2.7690434856136292	230.0	37	1.05	0.95				
	319	1	72.2339449477193	14.766055044561401	0.0	0.0	3	1.0269091109695632	-0.5033459769156475	230.0	35	1.05	0.95				
	320	1	51.08256880280702	10.376146788070177	0.0	0.0	3	1.0250086209532199	-0.4054744633964004	230.0	35	1.05	0.95				
	321	2	0.0	0.0	0.0	0.0	3	1.03918639854468	2.3717168204900565	230.0	37	1.05	0.95				
	322	2	0.0	0.0	0.0	0.0	3	1.05	7.471710610227162	230.0	37	1.05	0.95				
	323	2	0.0	0.0	0.0	0.0	3	1.024400756017693	-0.041568287171959185	230.0	35	1.05	0.95				
	324	1	0.0	0.0	0.0	0.0	3	1.0177872113569453	-3.6335739406477905	230.0	36	1.05	0.95				
	325	1	0.0	0.0	0.0	0.0	3	1.02301435577145	1.081009933187041	230.0	35	1.05	0.95				
];
