%% MATPOWER Case Format : Version 2
function mpc = RTS_GMLC
mpc.version = '2';

%%-----  Power Flow Data  -----%%
%% system MVA base
mpc.baseMVA = 100.0;
%% bus data
%    bus_i    type    Pd    Qd    Gs    Bs    area    Vm    Va    baseKV    zone    Vmax    Vmin
mpc.bus = [
	101	2	68.50865906526316	13.955467587368423	0.0	0.0	1	1.032420293955029	-0.005810957969858143	138.0	11	1.05	0.95				
	102	2	61.53092527157895	12.686788715789474	0.0	0.0	1	1.0324838772487699	-0.024623364193125087	138.0	12	1.05	0.95				
	103	1	114.18109844210527	23.470559124210528	0.0	0.0	1	1.0225940257308266	-2.2215980717838453	138.0	11	1.05	0.95				
	104	1	46.941118248421056	9.515091536842107	0.0	0.0	1	1.0181328403906658	-3.145163218632806	138.0	11	1.05	0.95				
	105	1	45.038099941052636	8.880752101052632	0.0	0.0	1	1.0327222636445095	-3.0040505236165362	138.0	11	1.05	0.95				
	106	1	86.27016326736843	17.761504202105264	0.0	-100.0	1	1.0394881179095994	-5.259895539229859	138.0	12	1.05	0.95				
	107	2	79.29242947368421	15.858485894736843	0.0	0.0	1	1.046443222046904	-0.04699413622983817	138.0	12	1.05	0.95				
	108	1	108.47204352	22.20188025263158	0.0	0.0	1	1.0264796565057583	-3.5026085070631554	138.0	12	1.05	0.95				
	109	1	111.0094012631579	22.836219688421053	0.0	0.0	1	1.0265302744875802	-3.131083418197928	138.0	13	1.05	0.95				
	110	1	123.69618997894737	25.373577431578948	0.0	0.0	1	1.05	-4.040209148819906	138.0	13	1.05	0.95				
	111	1	0.0	0.0	0.0	0.0	1	1.0092933352161304	-1.2233572409472686	230.0	13	1.05	0.95				
	112	1	0.0	0.0	0.0	0.0	1	1.013991683954234	-0.0677103407408488	230.0	13	1.05	0.95				
	113	3	168.09995048421052	34.25432953263158	0.0	0.0	1	1.007111924983323	1.4218713368568706e-31	230.0	14	1.05	0.95				
	114	2	123.0618505431579	24.739237995789477	0.0	0.0	1	1.0064441515851008	0.16015124355270308	230.0	16	1.05	0.95				
	115	2	201.08560114526318	40.59772389052632	0.0	0.0	1	1.0416035358343843	5.715830370215017	230.0	16	1.05	0.95				
	116	2	63.43394357894737	12.686788715789474	0.0	0.0	1	1.0389768832547568	5.900353461010612	230.0	16	1.05	0.95				
	117	1	0.0	0.0	0.0	0.0	1	1.0456066618621975	7.8025686052491805	230.0	17	1.05	0.95				
	118	2	211.23503211789478	43.135081633684216	0.0	0.0	1	1.048072309858557	7.892989267087539	230.0	17	1.05	0.95				
	119	1	114.81543787789474	23.470559124210528	0.0	0.0	1	1.0344154576607116	5.75287372640417	230.0	15	1.05	0.95				
	120	1	81.19544778105264	16.492825330526315	0.0	0.0	1	1.0357408163019532	6.835235698894223	230.0	15	1.05	0.95				
	121	2	0.0	0.0	0.0	0.0	1	1.05	7.84148655123439	230.0	17	1.05	0.95				
	122	2	0.0	0.0	0.0	0.0	1	1.05	14.844476017709933	230.0	17	1.05	0.95				
	123	2	0.0	0.0	0.0	0.0	1	1.0383305578832407	7.902351388178213	230.0	15	1.05	0.95				
	124	1	0.0	0.0	0.0	0.0	1	1.0243024819059672	2.775012881774715	230.0	16	1.05	0.95				
	201	2	63.56241147789474	12.947898634385965	0.0	0.0	2	1.0307649654629285	-5.622633707394551	138.0	21	1.05	0.95				
	202	2	57.088462160701745	11.770816940350876	0.0	0.0	2	1.0308078076455693	-5.695661497178933	138.0	22	1.05	0.95				
	203	1	105.9373524631579	21.77601133964912	0.0	0.0	2	1.0295649134712201	-3.7852503456071878	138.0	21	1.05	0.95				
	204	1	43.55202267929824	8.828112705263157	0.0	0.0	2	1.018064398447222	-7.93927477896911	138.0	21	1.05	0.95				
	205	1	41.78640013824561	8.239571858245615	0.0	0.0	2	1.032716335630722	-8.214483717627315	138.0	21	1.05	0.95				
	206	1	80.04155519438598	16.47914371649123	0.0	-100.0	2	1.0406696527952168	-10.224898246734359	138.0	22	1.05	0.95				
	207	2	73.56760587719297	14.713521175438595	0.0	0.0	2	0.9852838469581902	-19.076132826261208	138.0	22	1.05	0.95				
	208	1	100.64048483999998	20.598929645614035	0.0	0.0	2	0.9877820209273801	-16.271356682182606	138.0	22	1.05	0.95				
	209	1	102.99464822807016	21.187470492631576	0.0	0.0	2	1.0256183191915837	-7.383146785057593	138.0	23	1.05	0.95				
	210	1	114.76546516842106	23.541633880701752	0.0	0.0	2	1.05	-8.976494662099668	138.0	23	1.05	0.95				
	211	1	0.0	0.0	0.0	0.0	2	1.0138257987498158	-3.8380035075918344	230.0	23	1.05	0.95				
	212	1	0.0	0.0	0.0	0.0	2	1.0173285069993507	-3.4581043938865568	230.0	23	1.05	0.95				
	213	2	155.9633244596491	31.78120573894737	0.0	0.0	2	1.014531338340234	-1.6785083439202166	230.0	24	1.05	0.95				
	214	2	114.17692432140349	22.953093033684212	0.0	0.0	2	1.0200758478466032	-1.3561972327834841	230.0	26	1.05	0.95				
	215	2	186.56744850456138	37.666614209122805	0.0	0.0	2	1.0428223545692983	5.914569067777416	230.0	26	1.05	0.95				
	216	2	58.85408470175438	11.770816940350876	0.0	0.0	2	1.044588949904564	5.656818196700981	230.0	26	1.05	0.95				
	217	1	0.0	0.0	0.0	0.0	2	1.0474013640633457	9.013752165014411	230.0	27	1.05	0.95				
	218	2	195.9841020568421	40.02077759719299	0.0	0.0	2	1.0499999822716035	10.06798662453968	230.0	27	1.05	0.95				
	219	1	106.52589331017543	21.77601133964912	0.0	0.0	2	1.0430343259107462	3.909398242913922	230.0	25	1.05	0.95				
	220	1	75.33322841824561	15.30206202245614	0.0	0.0	2	1.046766675290053	3.49889988718109	230.0	25	1.05	0.95				
	221	2	0.0	0.0	0.0	0.0	2	1.05	10.391268263282862	230.0	27	1.05	0.95				
	222	2	0.0	0.0	0.0	0.0	2	1.05	16.36240675890308	230.0	27	1.05	0.95				
	223	2	0.0	0.0	0.0	0.0	2	1.05	3.70411628553234	230.0	25	1.05	0.95				
	224	1	0.0	0.0	0.0	0.0	2	1.0256998702154285	2.292451745743144	230.0	26	1.05	0.95				
	301	2	71.45903194105264	14.556469469473685	0.0	0.0	3	1.0129064653660547	-36.31806459405115	138.0	31	1.05	0.95				
	302	2	64.18079720631579	13.233154063157896	0.0	0.0	3	1.0116364976073189	-36.64590622271651	138.0	32	1.05	0.95				
	303	1	119.09838656842106	24.481335016842102	0.0	0.0	3	1.0220813129525252	-29.3459099334897	138.0	31	1.05	0.95				
	304	1	48.962670033684205	9.924865547368421	0.0	0.0	3	1.007806240373093	-35.1799583775313	138.0	31	1.05	0.95				
	305	1	46.97769692421052	9.263207844210527	0.0	0.0	3	1.0225715550290941	-35.988326604279436	138.0	31	1.05	0.95				
	306	1	89.9854476294737	18.526415688421054	0.0	-100.0	3	1.0344095481119278	-36.5419499334694	138.0	32	1.05	0.95				
	307	2	82.70721289473684	16.54144257894737	0.0	0.0	3	1.0043739184612404	-38.95757462229466	138.0	32	1.05	0.95				
	308	1	113.14346723999999	23.158019610526313	0.0	0.0	3	0.999969261856577	-38.2688779508087	138.0	32	1.05	0.95				
	309	1	115.79009805263158	23.81967731368421	0.0	0.0	3	1.02742745819642	-31.278713733693312	138.0	33	1.05	0.95				
	310	1	129.02325211578946	26.46630812631579	0.0	0.0	3	1.05	-33.536852875607806	138.0	33	1.05	0.95				
	311	1	0.0	0.0	0.0	0.0	3	1.0207237175311314	-26.134433699871067	230.0	33	1.05	0.95				
	312	1	0.0	0.0	0.0	0.0	3	1.0188468747813713	-25.366459267666006	230.0	33	1.05	0.95				
	313	2	175.3392913368421	35.72951597052632	0.0	0.0	3	1.030956130070501	-21.976783902844602	230.0	34	1.05	0.95				
	314	2	128.36159441263158	25.804650423157895	0.0	0.0	3	1.0331872005411347	-23.602209127246574	230.0	36	1.05	0.95				
	315	2	209.74549190105262	42.34609300210526	0.0	0.0	3	1.0485829103315836	-16.412149509693826	230.0	36	1.05	0.95				
	316	2	66.16577031578947	13.233154063157896	0.0	0.0	3	1.0492246943651244	-16.02273489191914	230.0	36	1.05	0.95				
	317	1	0.0	0.0	0.0	0.0	3	1.049837582805155	-12.912821488790657	230.0	37	1.05	0.95				
	318	2	220.33201515157893	44.99272381473685	0.0	0.0	3	1.05	-12.203574996376373	230.0	37	1.05	0.95				
	319	1	119.76004427157896	24.481335016842102	0.0	0.0	3	1.0451693343506385	-17.16549343255383	230.0	35	1.05	0.95				
	320	1	84.69218600421053	17.203100282105265	0.0	0.0	3	1.0472354145703588	-16.924156286360798	230.0	35	1.05	0.95				
	321	2	0.0	0.0	0.0	0.0	3	1.05	-11.96384775267657	230.0	37	1.05	0.95				
	322	2	0.0	0.0	0.0	0.0	3	1.05	-6.559977493290548	230.0	37	1.05	0.95				
	323	2	0.0	0.0	0.0	0.0	3	1.05	-16.309492266863206	230.0	35	1.05	0.95				
	324	1	0.0	0.0	0.0	0.0	3	1.0222439469523668	-21.1891119586164	230.0	36	1.05	0.95				
	325	1	0.0	0.0	0.0	0.0	3	1.0396830699309707	-14.371379026783417	230.0	35	1.05	0.95				
];
