%% MATPOWER Case Format : Version 2
function mpc = RTS_GMLC
mpc.version = '2';

%%-----  Power Flow Data  -----%%
%% system MVA base
mpc.baseMVA = 100.0;
%% bus data
%    bus_i    type    Pd    Qd    Gs    Bs    area    Vm    Va    baseKV    zone    Vmax    Vmin
mpc.bus = [
	101	2	38.476001974736846	7.837704105964913	0.0	0.0	1	1.017856364385805	-2.057801544812129	138.0	11	1.05	0.95				
	102	2	34.55714992175439	7.125185550877193	0.0	0.0	1	1.0170320492346696	-2.268147886808776	138.0	12	1.05	0.95				
	103	1	64.12666995789475	13.181593269122807	0.0	0.0	1	1.032147516977124	0.6134218581796943	138.0	11	1.05	0.95				
	104	1	26.363186538245614	5.343889163157895	0.0	0.0	1	1.019115521757514	-2.8015316073443315	138.0	11	1.05	0.95				
	105	1	25.294408705614035	4.9876298856140355	0.0	0.0	1	1.0296082886366638	-3.748581853617738	138.0	11	1.05	0.95				
	106	1	48.45126174596492	9.975259771228071	0.0	-100.0	1	1.0443673514115737	-5.118083682782826	138.0	12	1.05	0.95				
	107	2	44.532409692982455	8.906481938596492	0.0	0.0	1	1.0021078730014321	-9.813511372383003	138.0	12	1.05	0.95				
	108	1	60.92033646	12.469074714035088	0.0	0.0	1	1.0075249457339868	-8.25705648148213	138.0	12	1.05	0.95				
	109	1	62.34537357017545	12.825333991578947	0.0	0.0	1	1.0252958660506055	-2.7778606824640857	138.0	13	1.05	0.95				
	110	1	69.47055912105263	14.250371101754386	0.0	0.0	1	1.05	-4.298636366462207	138.0	13	1.05	0.95				
	111	1	0.0	0.0	0.0	0.0	1	1.00300886087582	-0.7314953615064581	230.0	13	1.05	0.95				
	112	1	0.0	0.0	0.0	0.0	1	1.0072621268497577	-1.3212444662039364	230.0	13	1.05	0.95				
	113	3	94.4087085491228	19.238000987368423	0.0	0.0	1	0.994996257854842	1.1458504895969324e-28	230.0	14	1.05	0.95				
	114	2	69.11429984350877	13.894111824210528	0.0	0.0	1	1.0011112207436972	1.5862082353316849	230.0	16	1.05	0.95				
	115	2	112.93419098140352	22.80059376280702	0.0	0.0	1	1.0366436528645544	7.961694898169403	230.0	16	1.05	0.95				
	116	2	35.62592775438597	7.125185550877193	0.0	0.0	1	1.0326293866401806	6.872269973474769	230.0	16	1.05	0.95				
	117	1	0.0	0.0	0.0	0.0	1	1.0387322005114052	10.959998081186303	230.0	17	1.05	0.95				
	118	2	118.63433942210526	24.22563087298246	0.0	0.0	1	1.0441095051199263	11.424783559435275	230.0	17	1.05	0.95				
	119	1	64.4829292354386	13.181593269122807	0.0	0.0	1	1.0219187186963787	4.2725572124835995	230.0	15	1.05	0.95				
	120	1	45.60118752561404	9.262741216140352	0.0	0.0	1	1.01540612035691	2.2616951054498324	230.0	15	1.05	0.95				
	121	2	0.0	0.0	0.0	0.0	1	1.0454171552272615	12.320206635070504	230.0	17	1.05	0.95				
	122	2	0.0	0.0	0.0	0.0	1	1.05	23.93015504774293	230.0	17	1.05	0.95				
	123	2	0.0	0.0	0.0	0.0	1	1.0122882763327492	1.4288698162923186	230.0	15	1.05	0.95				
	124	1	0.0	0.0	0.0	0.0	1	1.0254462211133677	5.196355457162069	230.0	16	1.05	0.95				
	201	2	42.39760744421053	8.636549664561404	0.0	0.0	2	1.0169485470568038	-13.07471585308497	138.0	21	1.05	0.95				
	202	2	38.07933261192982	7.851408785964913	0.0	0.0	2	1.0161116674991333	-13.330584861380013	138.0	22	1.05	0.95				
	203	1	70.6626790736842	14.525106254035085	0.0	0.0	2	1.0145352976962845	-9.954412851315759	138.0	21	1.05	0.95				
	204	1	29.05021250807017	5.8885565894736835	0.0	0.0	2	1.0136720008557631	-12.849323351023118	138.0	21	1.05	0.95				
	205	1	27.872501190175434	5.495986150175439	0.0	0.0	2	1.0287593157245107	-13.209627444884951	138.0	21	1.05	0.95				
	206	1	53.3895797445614	10.991972300350877	0.0	-100.0	2	1.0434936662490613	-13.784097168723333	138.0	22	1.05	0.95				
	207	2	49.0713049122807	9.81426098245614	0.0	0.0	2	0.9995274772107892	-18.49045145579281	138.0	22	1.05	0.95				
	208	1	67.12954511999999	13.739965375438596	0.0	0.0	2	1.0040604451550366	-16.724373494904384	138.0	22	1.05	0.95				
	209	1	68.69982687719298	14.13253581473684	0.0	0.0	2	1.022849622054112	-10.828241858701046	138.0	23	1.05	0.95				
	210	1	76.5512356631579	15.702817571929826	0.0	0.0	2	1.05	-12.082207936737872	138.0	23	1.05	0.95				
	211	1	0.0	0.0	0.0	0.0	2	1.0019386278095304	-8.836321682614178	230.0	23	1.05	0.95				
	212	1	0.0	0.0	0.0	0.0	2	1.0075068084629748	-5.276593559993117	230.0	23	1.05	0.95				
	213	2	104.03116641403507	21.198803722105264	0.0	0.0	2	0.9943857767497836	-7.332602805514988	230.0	24	1.05	0.95				
	214	2	76.15866522385964	15.310247132631579	0.0	0.0	2	0.9990464198618404	-7.381471888649583	230.0	26	1.05	0.95				
	215	2	124.44482925754386	25.124508115087718	0.0	0.0	2	1.0149822027761153	-1.717895764029477	230.0	26	1.05	0.95				
	216	2	39.25704392982456	7.851408785964913	0.0	0.0	2	1.0130762837377285	-2.884210333254472	230.0	26	1.05	0.95				
	217	1	0.0	0.0	0.0	0.0	2	1.0192556937728798	-0.9456381225140469	230.0	27	1.05	0.95				
	218	2	130.72595628631578	26.6947898722807	0.0	0.0	2	1.0191806113357271	-1.2548153621210039	230.0	27	1.05	0.95				
	219	1	71.05524951298246	14.525106254035085	0.0	0.0	2	1.0089508994276108	-3.9327900890837166	230.0	25	1.05	0.95				
	220	1	50.249016230175435	10.206831421754385	0.0	0.0	2	1.0080725611324837	-4.053976560199428	230.0	25	1.05	0.95				
	221	2	0.0	0.0	0.0	0.0	2	1.021339902051786	-0.605439697643615	230.0	27	1.05	0.95				
	222	2	0.0	0.0	0.0	0.0	2	1.0432035953890393	5.837284277160957	230.0	27	1.05	0.95				
	223	2	0.0	0.0	0.0	0.0	2	1.0080173283505234	-3.806360770574057	230.0	25	1.05	0.95				
	224	1	0.0	0.0	0.0	0.0	2	1.004597533791933	-4.832558928120567	230.0	26	1.05	0.95				
	301	2	51.04460614736842	10.39797532631579	0.0	0.0	3	0.9993190560835459	2.0100908446552133	138.0	31	1.05	0.95				
	302	2	45.845618484210526	9.452704842105264	0.0	0.0	3	0.9992285050162625	1.9917635295003226	138.0	32	1.05	0.95				
	303	1	85.07434357894736	17.487503957894738	0.0	0.0	3	1.013042990042787	3.9469003580469053	138.0	31	1.05	0.95				
	304	1	34.975007915789476	7.089528631578947	0.0	0.0	3	1.0048339294219277	3.577062896725834	138.0	31	1.05	0.95				
	305	1	33.55710218947368	6.616893389473684	0.0	0.0	3	1.0177119321721755	3.6210169827739387	138.0	31	1.05	0.95				
	306	1	64.2783929263158	13.233786778947367	0.0	-100.0	3	1.0367541424993787	3.9604344648089396	138.0	32	1.05	0.95				
	307	2	59.079405263157895	11.815881052631578	0.0	0.0	3	0.9939234425885143	1.1848362469816678	138.0	32	1.05	0.95				
	308	1	80.8206264	16.54223347368421	0.0	0.0	3	1.005322607086009	3.233116578271621	138.0	32	1.05	0.95				
	309	1	82.71116736842104	17.014868715789472	0.0	0.0	3	1.0248578254314473	6.808601699037788	138.0	33	1.05	0.95				
	310	1	92.1638722105263	18.90540968421053	0.0	0.0	3	1.05	6.739842641160836	138.0	33	1.05	0.95				
	311	1	0.0	0.0	0.0	0.0	3	1.0070210708777136	11.367022838352753	230.0	33	1.05	0.95				
	312	1	0.0	0.0	0.0	0.0	3	1.013247666909524	12.592281631044669	230.0	33	1.05	0.95				
	313	2	125.24833915789473	25.52230307368421	0.0	0.0	3	1.017231056944645	17.700512206480667	230.0	34	1.05	0.95				
	314	2	91.69123696842105	18.432774442105263	0.0	0.0	3	1.0035068722063007	10.465499047175308	230.0	36	1.05	0.95				
	315	2	149.82537174736842	30.24865549473684	0.0	0.0	3	1.0203928851955342	5.453701680901054	230.0	36	1.05	0.95				
	316	2	47.26352421052631	9.452704842105264	0.0	0.0	3	1.0211756588305951	6.599078236421156	230.0	36	1.05	0.95				
	317	1	0.0	0.0	0.0	0.0	3	1.024813884727682	5.514245070434596	230.0	37	1.05	0.95				
	318	2	157.38753562105262	32.1391964631579	0.0	0.0	3	1.0229072682998033	4.268379882638029	230.0	37	1.05	0.95				
	319	1	85.54697882105263	17.487503957894738	0.0	0.0	3	1.021277591688121	9.55348907391769	230.0	35	1.05	0.95				
	320	1	60.49731098947368	12.288516294736842	0.0	0.0	3	1.0229684380373847	11.57146631615736	230.0	35	1.05	0.95				
	321	2	0.0	0.0	0.0	0.0	3	1.024129104433025	5.243286789813584	230.0	37	1.05	0.95				
	322	2	0.0	0.0	0.0	0.0	3	1.037993213935606	9.756876782848755	230.0	37	1.05	0.95				
	323	2	0.0	0.0	0.0	0.0	3	1.0234523962026427	12.283802531540614	230.0	35	1.05	0.95				
	324	1	0.0	0.0	0.0	0.0	3	1.0152747075353268	6.728217757056283	230.0	36	1.05	0.95				
	325	1	0.0	0.0	0.0	0.0	3	1.0261462451205345	12.298065902172308	230.0	35	1.05	0.95				
];
