%% MATPOWER Case Format : Version 2
function mpc = RTS_GMLC
mpc.version = '2';

%%-----  Power Flow Data  -----%%
%% system MVA base
mpc.baseMVA = 100.0;
%% bus data
%    bus_i    type    Pd    Qd    Gs    Bs    area    Vm    Va    baseKV    zone    Vmax    Vmin
mpc.bus = [
	101	2	67.66699653473684	13.784017812631577	0.0	0.0	1	1.033921150151712	0.8475677953613833	138.0	11	1.05	0.95				
	102	2	60.77498762842105	12.530925284210525	0.0	0.0	1	1.033944408032583	0.8091486801170239	138.0	12	1.05	0.95				
	103	1	112.77832755789474	23.182211775789472	0.0	0.0	1	1.0237310288081654	-0.7471144290910559	138.0	11	1.05	0.95				
	104	1	46.364423551578945	9.398193963157894	0.0	0.0	1	1.0187037172151912	-2.3820286028274844	138.0	11	1.05	0.95				
	105	1	44.48478475894736	8.771647698947369	0.0	0.0	1	1.0335004716738854	-2.293178785798762	138.0	11	1.05	0.95				
	106	1	85.21029193263158	17.543295397894738	0.0	-100.0	1	1.0399774858758055	-4.626418848199213	138.0	12	1.05	0.95				
	107	2	78.31828302631578	15.663656605263157	0.0	0.0	1	1.0444839737408296	-0.21871520112975984	138.0	12	1.05	0.95				
	108	1	107.13941117999998	21.929119247368416	0.0	0.0	1	1.0256729844808976	-3.3280406957691526	138.0	12	1.05	0.95				
	109	1	109.6455962368421	22.555665511578944	0.0	0.0	1	1.0261466514627058	-2.4623175928265484	138.0	13	1.05	0.95				
	110	1	122.17652152105262	25.06185056842105	0.0	0.0	1	1.05	-3.5047450755726923	138.0	13	1.05	0.95				
	111	1	0.0	0.0	0.0	0.0	1	1.0091701914483728	-0.5611057742927831	230.0	13	1.05	0.95				
	112	1	0.0	0.0	0.0	0.0	1	1.0130064315001392	0.14435269332369963	230.0	13	1.05	0.95				
	113	3	166.03476001578946	33.83349826736842	0.0	0.0	1	1.004893268916771	1.0404299361448856e-28	230.0	14	1.05	0.95				
	114	2	121.5499752568421	24.435304304210526	0.0	0.0	1	1.008491383392195	1.4605682921981569	230.0	16	1.05	0.95				
	115	2	198.61516575473684	40.09896090947368	0.0	0.0	1	1.0425235300103324	8.356427054116768	230.0	16	1.05	0.95				
	116	2	62.654626421052626	12.530925284210525	0.0	0.0	1	1.0396671029378195	8.045147708719583	230.0	16	1.05	0.95				
	117	1	0.0	0.0	0.0	0.0	1	1.04545582918092	10.874117300293953	230.0	17	1.05	0.95				
	118	2	208.63990598210526	42.60514596631579	0.0	0.0	1	1.048684619710362	11.210615378278264	230.0	17	1.05	0.95				
	119	1	113.40487382210527	23.182211775789472	0.0	0.0	1	1.0332968170590455	6.90418582771397	230.0	15	1.05	0.95				
	120	1	80.19792181894736	16.29020286947368	0.0	0.0	1	1.0330522773575088	7.106570164376098	230.0	15	1.05	0.95				
	121	2	0.0	0.0	0.0	0.0	1	1.05	11.376808755668756	230.0	17	1.05	0.95				
	122	2	0.0	0.0	0.0	0.0	1	1.05	19.806216431281857	230.0	17	1.05	0.95				
	123	2	0.0	0.0	0.0	0.0	1	1.0344302124192044	7.688969883466171	230.0	15	1.05	0.95				
	124	1	0.0	0.0	0.0	0.0	1	1.0240224474668982	4.977956636683468	230.0	16	1.05	0.95				
	201	2	58.30946010947369	11.877852985263159	0.0	0.0	2	1.032380824095341	-6.044257945589809	138.0	21	1.05	0.95				
	202	2	52.37053361684211	10.798048168421055	0.0	0.0	2	1.032431810382729	-6.118206665318563	138.0	22	1.05	0.95				
	203	1	97.18243351578948	19.976389111578946	0.0	0.0	2	1.0290629503264885	-4.371596105460428	138.0	21	1.05	0.95				
	204	1	39.95277822315789	8.09853612631579	0.0	0.0	2	1.0191603895650831	-8.551582458392192	138.0	21	1.05	0.95				
	205	1	38.33307099789474	7.558633717894738	0.0	0.0	2	1.034100512547734	-8.79574108298051	138.0	21	1.05	0.95				
	206	1	73.42672754526316	15.117267435789476	0.0	-100.0	2	1.0423579105613183	-10.855891581434268	138.0	22	1.05	0.95				
	207	2	67.48780105263158	13.497560210526316	0.0	0.0	2	0.9862710647381343	-19.01812383406788	138.0	22	1.05	0.95				
	208	1	92.32331184	18.89658429473684	0.0	0.0	2	0.9904319439373926	-16.484957936697903	138.0	22	1.05	0.95				
	209	1	94.48292147368421	19.436486703157893	0.0	0.0	2	1.0246320921762126	-8.351336908177494	138.0	23	1.05	0.95				
	210	1	105.28096964210528	21.59609633684211	0.0	0.0	2	1.05	-9.878848881392575	138.0	23	1.05	0.95				
	211	1	0.0	0.0	0.0	0.0	2	1.0115620955889129	-5.574611305086697	230.0	23	1.05	0.95				
	212	1	0.0	0.0	0.0	0.0	2	1.0139446723554664	-4.991630793273411	230.0	23	1.05	0.95				
	213	2	143.07413823157896	29.154730054736845	0.0	0.0	2	1.0078526238791972	-4.717892915974041	230.0	24	1.05	0.95				
	214	2	104.74106723368422	21.056193928421056	0.0	0.0	2	1.0171963706775833	-2.7302915967277204	230.0	26	1.05	0.95				
	215	2	171.14906346947367	34.55375413894737	0.0	0.0	2	1.0386415104945663	4.715492647024182	230.0	26	1.05	0.95				
	216	2	53.990240842105266	10.798048168421055	0.0	0.0	2	1.0402060165549085	4.510781187701354	230.0	26	1.05	0.95				
	217	1	0.0	0.0	0.0	0.0	2	1.044130941717764	7.6739898634289805	230.0	27	1.05	0.95				
	218	2	179.78750200421055	36.71336377263158	0.0	0.0	2	1.046601542544572	8.459604499780156	230.0	27	1.05	0.95				
	219	1	97.72233592421054	19.976389111578946	0.0	0.0	2	1.039229166174218	3.3936414477728207	230.0	25	1.05	0.95				
	220	1	69.10750827789474	14.03746261894737	0.0	0.0	2	1.0426077881453883	3.4474397581235103	230.0	25	1.05	0.95				
	221	2	0.0	0.0	0.0	0.0	2	1.046654926706562	8.418109405191162	230.0	27	1.05	0.95				
	222	2	0.0	0.0	0.0	0.0	2	1.05	14.634524556143356	230.0	27	1.05	0.95				
	223	2	0.0	0.0	0.0	0.0	2	1.0454998469594652	3.8753177720329126	230.0	25	1.05	0.95				
	224	1	0.0	0.0	0.0	0.0	2	1.0236534966737914	1.3107390933758403	230.0	26	1.05	0.95				
	301	2	62.01202149473685	12.632078452631578	0.0	0.0	3	1.0072857371098258	-28.972635914293843	138.0	31	1.05	0.95				
	302	2	55.69598226842105	11.483707684210527	0.0	0.0	3	1.0065924612589365	-29.132194777581734	138.0	32	1.05	0.95				
	303	1	103.35336915789475	21.244859215789475	0.0	0.0	3	1.023554818895853	-21.138601615712993	138.0	31	1.05	0.95				
	304	1	42.48971843157895	8.612780763157895	0.0	0.0	3	1.0069828330324686	-27.1934411754692	138.0	31	1.05	0.95				
	305	1	40.76716227894737	8.038595378947369	0.0	0.0	3	1.020785892528691	-28.19830985653924	138.0	31	1.05	0.95				
	306	1	78.0892122526316	16.077190757894737	0.0	-100.0	3	1.0357408474812806	-28.40846248419078	138.0	32	1.05	0.95				
	307	2	71.77317302631579	14.354634605263158	0.0	0.0	3	0.9976080359380876	-31.95840277164401	138.0	32	1.05	0.95				
	308	1	98.1857007	20.096488447368422	0.0	0.0	3	0.998099860797664	-30.563443459789585	138.0	32	1.05	0.95				
	309	1	100.4824422368421	20.67067383157895	0.0	0.0	3	1.027218251299543	-23.26909951662843	138.0	33	1.05	0.95				
	310	1	111.96614992105263	22.967415368421054	0.0	0.0	3	1.05	-25.580711354229795	138.0	33	1.05	0.95				
	311	1	0.0	0.0	0.0	0.0	3	1.01776246248252	-18.400879119672588	230.0	33	1.05	0.95				
	312	1	0.0	0.0	0.0	0.0	3	1.0175042007860955	-17.895667756972703	230.0	33	1.05	0.95				
	313	2	152.15912681578948	31.006010747368425	0.0	0.0	3	1.0244985096888577	-14.842689865995247	230.0	34	1.05	0.95				
	314	2	111.3919645368421	22.393229984210528	0.0	0.0	3	1.0291134199858634	-15.541826370227879	230.0	36	1.05	0.95				
	315	2	182.01676679473684	36.747864589473686	0.0	0.0	3	1.0486679112880564	-8.421186764127672	230.0	36	1.05	0.95				
	316	2	57.41853842105263	11.483707684210527	0.0	0.0	3	1.0488804660616111	-8.074333163158196	230.0	36	1.05	0.95				
	317	1	0.0	0.0	0.0	0.0	3	1.05	-4.943674724032537	230.0	37	1.05	0.95				
	318	2	191.20373294210526	39.0446061263158	0.0	0.0	3	1.0489425881125127	-4.738140465392946	230.0	37	1.05	0.95				
	319	1	103.92755454210527	21.244859215789475	0.0	0.0	3	1.0456548779621901	-9.461004802413658	230.0	35	1.05	0.95				
	320	1	73.49572917894737	14.928819989473684	0.0	0.0	3	1.0475396771927132	-9.593305551038558	230.0	35	1.05	0.95				
	321	2	0.0	0.0	0.0	0.0	3	1.05	-4.3049921085429	230.0	37	1.05	0.95				
	322	2	0.0	0.0	0.0	0.0	3	1.05	1.220936675445039	230.0	37	1.05	0.95				
	323	2	0.0	0.0	0.0	0.0	3	1.049717332586702	-9.245882012486636	230.0	35	1.05	0.95				
	324	1	0.0	0.0	0.0	0.0	3	1.023148158548177	-13.123872684574462	230.0	36	1.05	0.95				
	325	1	0.0	0.0	0.0	0.0	3	1.0419057788917352	-7.5748289520068095	230.0	35	1.05	0.95				
];
