%% MATPOWER Case Format : Version 2
function mpc = RTS_GMLC
mpc.version = '2';

%%-----  Power Flow Data  -----%%
%% system MVA base
mpc.baseMVA = 100.0;
%% bus data
%    bus_i    type    Pd    Qd    Gs    Bs    area    Vm    Va    baseKV    zone    Vmax    Vmin
mpc.bus = [
	101	2	42.61751609684211	8.681345871578948	0.0	0.0	1	1.0240395009333567	-0.256717179513106	138.0	11	1.05	0.95				
	102	2	38.27684316105263	7.892132610526316	0.0	0.0	1	1.021614914993912	-0.9336321063325181	138.0	12	1.05	0.95				
	103	1	71.02919349473684	14.600445329473683	0.0	0.0	1	1.0234122595827235	2.5860694993569	138.0	11	1.05	0.95				
	104	1	29.200890658947365	5.9190994578947365	0.0	0.0	1	1.016012220176077	-2.4411788624730466	138.0	11	1.05	0.95				
	105	1	28.01707076736842	5.524492827368421	0.0	0.0	1	1.0320151352432094	-2.527572271061464	138.0	11	1.05	0.95				
	106	1	53.666501751578956	11.048985654736843	0.0	-100.0	1	1.044252490197163	-4.353119303723476	138.0	12	1.05	0.95				
	107	2	49.32582881578947	9.865165763157895	0.0	0.0	1	0.9993521835286567	-11.220798033053152	138.0	12	1.05	0.95				
	108	1	67.47773382	13.81123206842105	0.0	0.0	1	1.0029516650798946	-8.86302864185753	138.0	12	1.05	0.95				
	109	1	69.05616034210527	14.205838698947368	0.0	0.0	1	1.0222869530646006	-2.0399760614070486	138.0	13	1.05	0.95				
	110	1	76.94829295263158	15.784265221052632	0.0	0.0	1	1.05	-3.5556178130428915	138.0	13	1.05	0.95				
	111	1	0.0	0.0	0.0	0.0	1	1.0045684852686387	0.610273076977002	230.0	13	1.05	0.95				
	112	1	0.0	0.0	0.0	0.0	1	1.0082488744189337	-0.6584430062550005	230.0	13	1.05	0.95				
	113	3	104.57075708947367	21.308758048421055	0.0	0.0	1	0.9986504601225592	-6.422541031676597e-29	230.0	14	1.05	0.95				
	114	2	76.55368632210526	15.389658590526317	0.0	0.0	1	1.007000662552836	4.660799083812463	230.0	16	1.05	0.95				
	115	2	125.09030187684209	25.254824353684214	0.0	0.0	1	1.0304747924835613	14.838814125521687	230.0	16	1.05	0.95				
	116	2	39.46066305263158	7.892132610526316	0.0	0.0	1	1.0245715282957506	12.76093994929287	230.0	16	1.05	0.95				
	117	1	0.0	0.0	0.0	0.0	1	1.0307521200511094	18.9855475402736	230.0	17	1.05	0.95				
	118	2	131.40400796526313	26.833250875789478	0.0	0.0	1	1.0409627449539842	19.87767051917362	230.0	17	1.05	0.95				
	119	1	71.42380012526316	14.600445329473683	0.0	0.0	1	1.0143818366798596	8.055069178276684	230.0	15	1.05	0.95				
	120	1	50.50964870736843	10.25977239368421	0.0	0.0	1	1.013101306010168	4.712029187871967	230.0	15	1.05	0.95				
	121	2	0.0	0.0	0.0	0.0	1	1.0404791589582472	21.68993598596172	230.0	17	1.05	0.95				
	122	2	0.0	0.0	0.0	0.0	1	1.05	37.233378527556596	230.0	17	1.05	0.95				
	123	2	0.0	0.0	0.0	0.0	1	1.0137680260099995	3.1828281578212625	230.0	15	1.05	0.95				
	124	1	0.0	0.0	0.0	0.0	1	1.0125858149423974	10.232753726721887	230.0	16	1.05	0.95				
	201	2	42.75460413473684	8.709271212631577	0.0	0.0	2	1.0072252776534176	-17.469770617170134	138.0	21	1.05	0.95				
	202	2	38.39996852842105	7.917519284210527	0.0	0.0	2	1.0063760160153847	-17.777806495843787	138.0	22	1.05	0.95				
	203	1	71.25767355789473	14.647410675789471	0.0	0.0	2	1.014068704288873	-12.892353044466752	138.0	21	1.05	0.95				
	204	1	29.294821351578943	5.938139463157894	0.0	0.0	2	1.0093350470227593	-17.486478455547978	138.0	21	1.05	0.95				
	205	1	28.107193458947364	5.542263498947369	0.0	0.0	2	1.0237773386370257	-17.97855825433647	138.0	21	1.05	0.95				
	206	1	53.83913113263158	11.084526997894738	0.0	-100.0	2	1.040979707126379	-18.767654195190243	138.0	22	1.05	0.95				
	207	2	49.48449552631578	9.896899105263158	0.0	0.0	2	0.9897948817033184	-23.422041349821328	138.0	22	1.05	0.95				
	208	1	67.69478988	13.855658747368418	0.0	0.0	2	0.998329247804559	-21.672560898839038	138.0	22	1.05	0.95				
	209	1	69.2782937368421	14.251534711578945	0.0	0.0	2	1.023021688907954	-15.602542804895492	138.0	23	1.05	0.95				
	210	1	77.19581302105263	15.835038568421053	0.0	0.0	2	1.05	-17.205763429835756	138.0	23	1.05	0.95				
	211	1	0.0	0.0	0.0	0.0	2	1.0066069189918492	-12.699459732396416	230.0	23	1.05	0.95				
	212	1	0.0	0.0	0.0	0.0	2	1.0141347665039804	-12.180990940251489	230.0	23	1.05	0.95				
	213	2	104.90713051578946	21.37730206736842	0.0	0.0	2	1.0067880423913795	-11.570210895265234	230.0	24	1.05	0.95				
	214	2	76.7999370568421	15.439162604210527	0.0	0.0	2	1.0052089785524252	-9.8745159509009	230.0	26	1.05	0.95				
	215	2	125.49268065473682	25.336061709473682	0.0	0.0	2	1.0236205373130176	-2.8769293001354312	230.0	26	1.05	0.95				
	216	2	39.58759642105263	7.917519284210527	0.0	0.0	2	1.0265219306552815	-3.53729666172839	230.0	26	1.05	0.95				
	217	1	0.0	0.0	0.0	0.0	2	1.0279778324780906	-1.3301945391835517	230.0	27	1.05	0.95				
	218	2	131.82669608210526	26.91956556631579	0.0	0.0	2	1.0274504614802937	-1.8371482244342718	230.0	27	1.05	0.95				
	219	1	71.65354952210527	14.647410675789471	0.0	0.0	2	1.0347307956511775	-4.282988931637691	230.0	25	1.05	0.95				
	220	1	50.672123418947365	10.292775069473684	0.0	0.0	2	1.0443416081586014	-4.162097842620944	230.0	25	1.05	0.95				
	221	2	0.0	0.0	0.0	0.0	2	1.029573302805785	-1.3802961533028681	230.0	27	1.05	0.95				
	222	2	0.0	0.0	0.0	0.0	2	1.049999990023925	5.130752032180981	230.0	27	1.05	0.95				
	223	2	0.0	0.0	0.0	0.0	2	1.05	-3.805507876372011	230.0	25	1.05	0.95				
	224	1	0.0	0.0	0.0	0.0	2	1.007738196316559	-6.63077330022582	230.0	26	1.05	0.95				
	301	2	44.689655178947376	9.103448277192983	0.0	0.0	3	1.0265948255346933	17.662941541880425	138.0	31	1.05	0.95				
	302	2	40.13793104035088	8.275862070175439	0.0	0.0	3	1.0243444504129235	17.315970973360987	138.0	32	1.05	0.95				
	303	1	74.48275863157896	15.310344829824562	0.0	0.0	3	1.05	32.38891576320598	138.0	31	1.05	0.95				
	304	1	30.620689659649123	6.206896552631579	0.0	0.0	3	1.0145481410980945	18.475299595174107	138.0	31	1.05	0.95				
	305	1	29.379310349122807	5.793103449122808	0.0	0.0	3	1.0325195545141403	16.17603284738549	138.0	31	1.05	0.95				
	306	1	56.275862077193	11.586206898245615	0.0	-100.0	3	1.0433246223263666	14.83284256164745	138.0	32	1.05	0.95				
	307	2	51.72413793859649	10.3448275877193	0.0	0.0	3	0.95	11.399860829884869	138.0	32	1.05	0.95				
	308	1	70.75862070000001	14.482758622807019	0.0	0.0	3	0.9729182383924956	13.143536209485159	138.0	32	1.05	0.95				
	309	1	72.4137931140351	14.89655172631579	0.0	0.0	3	1.0190454721106263	21.150075680418425	138.0	33	1.05	0.95				
	310	1	80.68965518421052	16.551724140350878	0.0	0.0	3	1.0483013583263154	15.995442910328043	138.0	33	1.05	0.95				
	311	1	0.0	0.0	0.0	0.0	3	1.0068926908929883	19.47883273791542	230.0	33	1.05	0.95				
	312	1	0.0	0.0	0.0	0.0	3	1.0130061368642482	19.916471867865127	230.0	33	1.05	0.95				
	313	2	109.65517242982456	22.344827589473688	0.0	0.0	3	1.0100355820203146	21.58306908999856	230.0	34	1.05	0.95				
	314	2	80.27586208070176	16.137931036842108	0.0	0.0	3	0.9996398466711086	18.636823447227798	230.0	36	1.05	0.95				
	315	2	131.1724138122807	26.48275862456141	0.0	0.0	3	1.046087804532653	20.240220123086896	230.0	36	1.05	0.95				
	316	2	41.3793103508772	8.275862070175439	0.0	0.0	3	1.0286524234776253	19.943384630489255	230.0	36	1.05	0.95				
	317	1	0.0	0.0	0.0	0.0	3	1.049211679595425	22.623268915165706	230.0	37	1.05	0.95				
	318	2	137.79310346842107	28.1379310385965	0.0	0.0	3	1.05	19.43435527882928	230.0	37	1.05	0.95				
	319	1	74.89655173508773	15.310344829824562	0.0	0.0	3	1.0221642401515545	19.230065371286464	230.0	35	1.05	0.95				
	320	1	52.96551724912282	10.75862069122807	0.0	0.0	3	1.0192905464326782	19.42101302632067	230.0	35	1.05	0.95				
	321	2	0.0	0.0	0.0	0.0	3	1.05	20.35110618224404	230.0	37	1.05	0.95				
	322	2	0.0	0.0	0.0	0.0	3	1.05	25.589670974274835	230.0	37	1.05	0.95				
	323	2	0.0	0.0	0.0	0.0	3	1.0182547458411961	19.851399316365434	230.0	35	1.05	0.95				
	324	1	0.0	0.0	0.0	0.0	3	1.0436708353963158	24.884360755732498	230.0	36	1.05	0.95				
	325	1	0.0	0.0	0.0	0.0	3	1.0206147391098543	20.019698617490256	230.0	35	1.05	0.95				
];
