%% MATPOWER Case Format : Version 2
function mpc = RTS_GMLC
mpc.version = '2';

%%-----  Power Flow Data  -----%%
%% system MVA base
mpc.baseMVA = 100.0;
%% bus data
%    bus_i    type    Pd    Qd    Gs    Bs    area    Vm    Va    baseKV    zone    Vmax    Vmin
mpc.bus = [
	101	2	48.509153886315794	9.881494310175439	0.0	0.0	1	1.0359869173674645	2.47426947404476	138.0	11	1.05	0.95				
	102	2	43.56840673122807	8.983176645614035	0.0	0.0	1	1.0355507010329905	2.3204584443090086	138.0	12	1.05	0.95				
	103	1	80.84858981052632	16.618876794385965	0.0	0.0	1	1.0295714513152792	0.8132346718480551	138.0	11	1.05	0.95				
	104	1	33.23775358877193	6.737382484210526	0.0	0.0	1	1.022005658427441	-1.013727319753996	138.0	11	1.05	0.95				
	105	1	31.890277091929825	6.288223651929825	0.0	0.0	1	1.036722490887473	-0.8330971250834391	138.0	11	1.05	0.95				
	106	1	61.085601190175446	12.57644730385965	0.0	-100.0	1	1.0452860633650398	-3.1475846904190745	138.0	12	1.05	0.95				
	107	2	56.14485403508772	11.228970807017543	0.0	0.0	1	1.0003950089010631	-8.692208231971403	138.0	12	1.05	0.95				
	108	1	76.80616031999999	15.72055912982456	0.0	0.0	1	1.0036843284393975	-7.407617191549962	138.0	12	1.05	0.95				
	109	1	78.6027956491228	16.169717962105263	0.0	0.0	1	1.024833702068188	-1.931814049125014	138.0	13	1.05	0.95				
	110	1	87.58597229473683	17.96635329122807	0.0	0.0	1	1.05	-2.780849443064279	138.0	13	1.05	0.95				
	111	1	0.0	0.0	0.0	0.0	1	1.0049480527215735	-0.0749885382047249	230.0	13	1.05	0.95				
	112	1	0.0	0.0	0.0	0.0	1	1.009227375891546	0.1830295777110741	230.0	13	1.05	0.95				
	113	3	119.02709055438596	24.254576943157897	0.0	0.0	1	0.9971115306248663	1.83126814388625e-29	230.0	14	1.05	0.95				
	114	2	87.13681346245615	17.51719445894737	0.0	0.0	1	1.0035625586817798	2.2580520936108543	230.0	16	1.05	0.95				
	115	2	142.38334983298245	28.746165265964912	0.0	0.0	1	1.0405284305625149	8.742306983690831	230.0	16	1.05	0.95				
	116	2	44.91588322807017	8.983176645614035	0.0	0.0	1	1.0363889461212594	8.142720154491617	230.0	16	1.05	0.95				
	117	1	0.0	0.0	0.0	0.0	1	1.0427470078819405	10.678453576838935	230.0	17	1.05	0.95				
	118	2	149.56989114947368	30.542800595087723	0.0	0.0	1	1.046320400165478	10.642155368274341	230.0	17	1.05	0.95				
	119	1	81.29774864280702	16.618876794385965	0.0	0.0	1	1.0291404704782112	6.749068973301773	230.0	15	1.05	0.95				
	120	1	57.492330531929824	11.678129639298247	0.0	0.0	1	1.02623639025203	6.399364504517517	230.0	15	1.05	0.95				
	121	2	0.0	0.0	0.0	0.0	1	1.05	11.640031693382452	230.0	17	1.05	0.95				
	122	2	0.0	0.0	0.0	0.0	1	1.05	21.213150799664493	230.0	17	1.05	0.95				
	123	2	0.0	0.0	0.0	0.0	1	1.025248360848676	6.5529672042970635	230.0	15	1.05	0.95				
	124	1	0.0	0.0	0.0	0.0	1	1.0262694959769187	5.778314588884663	230.0	16	1.05	0.95				
	201	2	49.12954510736842	10.007870299649122	0.0	0.0	2	1.0268061944057134	-7.475955910036848	138.0	21	1.05	0.95				
	202	2	44.12560995754385	9.09806390877193	0.0	0.0	2	1.0276021151916972	-7.3284559899849775	138.0	22	1.05	0.95				
	203	1	81.88257517894738	16.831418231228067	0.0	0.0	2	1.0181177648762034	-6.972416568423656	138.0	21	1.05	0.95				
	204	1	33.662836462456134	6.823547931578947	0.0	0.0	2	1.0180132359662935	-9.175789266325104	138.0	21	1.05	0.95				
	205	1	32.29812687614035	6.368644736140351	0.0	0.0	2	1.0327779496307437	-9.39766124473399	138.0	21	1.05	0.95				
	206	1	61.86683457964912	12.737289472280702	0.0	-100.0	2	1.043994700998199	-10.885574465976074	138.0	22	1.05	0.95				
	207	2	56.862899429824566	11.372579885964912	0.0	0.0	2	0.9902602401471763	-17.56065459858003	138.0	22	1.05	0.95				
	208	1	77.78844641999999	15.921611840350874	0.0	0.0	2	0.9962231929252503	-15.487179838746181	138.0	22	1.05	0.95				
	209	1	79.60805920175437	16.37651503578947	0.0	0.0	2	1.0232408736320768	-8.82273636491303	138.0	23	1.05	0.95				
	210	1	88.70612311052632	18.19612781754386	0.0	0.0	2	1.05	-9.890186163543031	138.0	23	1.05	0.95				
	211	1	0.0	0.0	0.0	0.0	2	1.0065883412440944	-5.965277452304562	230.0	23	1.05	0.95				
	212	1	0.0	0.0	0.0	0.0	2	1.0096249557451433	-5.288795370606168	230.0	23	1.05	0.95				
	213	2	120.54934679122806	24.56477255368421	0.0	0.0	2	1.0017177077415362	-4.886996175903748	230.0	24	1.05	0.95				
	214	2	88.2512199150877	17.741224622105264	0.0	0.0	2	1.0082958191689717	-3.4160210350527285	230.0	26	1.05	0.95				
	215	2	144.2043129540351	29.113804508070174	0.0	0.0	2	1.028109557198789	2.980141144482477	230.0	26	1.05	0.95				
	216	2	45.49031954385965	9.09806390877193	0.0	0.0	2	1.0294642633885394	2.9226753570808843	230.0	26	1.05	0.95				
	217	1	0.0	0.0	0.0	0.0	2	1.0347246821266307	5.565294030368041	230.0	27	1.05	0.95				
	218	2	151.48276408105264	30.93341728982456	0.0	0.0	2	1.0360661280615802	5.9298757943062315	230.0	27	1.05	0.95				
	219	1	82.33747837438597	16.831418231228067	0.0	0.0	2	1.0294702623933687	2.3648131438925555	230.0	25	1.05	0.95				
	220	1	58.22760901614035	11.827483081403509	0.0	0.0	2	1.0326453062324166	2.761778537714795	230.0	25	1.05	0.95				
	221	2	0.0	0.0	0.0	0.0	2	1.0361915550938683	5.711027252592088	230.0	27	1.05	0.95				
	222	2	0.0	0.0	0.0	0.0	2	1.05	12.152064657360512	230.0	27	1.05	0.95				
	223	2	0.0	0.0	0.0	0.0	2	1.0351415539831104	3.323000349477434	230.0	25	1.05	0.95				
	224	1	0.0	0.0	0.0	0.0	2	1.0120833656039847	-0.7485400216544046	230.0	26	1.05	0.95				
	301	2	59.87662131789474	12.197089527719298	0.0	0.0	3	1.0122080726472549	-19.574545271172827	138.0	31	1.05	0.95				
	302	2	53.77807655403508	11.088263207017544	0.0	0.0	3	1.0110535650747479	-19.822803304777754	138.0	32	1.05	0.95				
	303	1	99.79436886315789	20.513286932982457	0.0	0.0	3	1.0422582168984196	-8.62839965473729	138.0	31	1.05	0.95				
	304	1	41.02657386596491	8.316197405263157	0.0	0.0	3	1.0101745407885783	-18.056254907356987	138.0	31	1.05	0.95				
	305	1	39.36333438491228	7.761784244912281	0.0	0.0	3	1.0239673239482259	-19.660381403736153	138.0	31	1.05	0.95				
	306	1	75.4001898077193	15.523568489824562	0.0	-100.0	3	1.0375301958471435	-20.33276535224706	138.0	32	1.05	0.95				
	307	2	69.30164504385965	13.860329008771929	0.0	0.0	3	0.9914870598276101	-26.36700752036831	138.0	32	1.05	0.95				
	308	1	94.80465041999999	19.4044606122807	0.0	0.0	3	0.9934096441135526	-23.751215217160805	138.0	32	1.05	0.95				
	309	1	97.0223030614035	19.958873772631577	0.0	0.0	3	1.0282583396390357	-14.354767313245237	138.0	33	1.05	0.95				
	310	1	108.11056626842104	22.176526414035088	0.0	0.0	3	1.05	-17.966411956676357	138.0	33	1.05	0.95				
	311	1	0.0	0.0	0.0	0.0	3	1.0158556962808847	-11.43084681782721	230.0	33	1.05	0.95				
	312	1	0.0	0.0	0.0	0.0	3	1.016607013611827	-10.937369670233071	230.0	33	1.05	0.95				
	313	2	146.91948749298246	29.93831065894737	0.0	0.0	3	1.0185970424757955	-8.249489322154867	230.0	34	1.05	0.95				
	314	2	107.55615310807016	21.622113253684212	0.0	0.0	3	1.0232237352159677	-9.457179907200752	230.0	36	1.05	0.95				
	315	2	175.74897183122806	35.48244226245614	0.0	0.0	3	1.0444814681435937	-3.9818114087361796	230.0	36	1.05	0.95				
	316	2	55.441316035087716	11.088263207017544	0.0	0.0	3	1.0445896813045938	-3.3413805668244154	230.0	36	1.05	0.95				
	317	1	0.0	0.0	0.0	0.0	3	1.0489505226561318	-0.5250734472540739	230.0	37	1.05	0.95				
	318	2	184.6195823968421	37.70009490385965	0.0	0.0	3	1.0453674933308503	-1.5177848730885162	230.0	37	1.05	0.95				
	319	1	100.34878202350876	20.513286932982457	0.0	0.0	3	1.0391900845450406	-4.6311967865250585	230.0	35	1.05	0.95				
	320	1	70.96488452491228	14.414742169122807	0.0	0.0	3	1.038965983187145	-4.706048593053032	230.0	35	1.05	0.95				
	321	2	0.0	0.0	0.0	0.0	3	1.0461033549017318	-1.77550629374828	230.0	37	1.05	0.95				
	322	2	0.0	0.0	0.0	0.0	3	1.05	3.055626024414582	230.0	37	1.05	0.95				
	323	2	0.0	0.0	0.0	0.0	3	1.039933071723746	-4.333602512313347	230.0	35	1.05	0.95				
	324	1	0.0	0.0	0.0	0.0	3	1.036544403254606	-5.730164170383865	230.0	36	1.05	0.95				
	325	1	0.0	0.0	0.0	0.0	3	1.0357796819808707	-3.0089132214493377	230.0	35	1.05	0.95				
];
