%% MATPOWER Case Format : Version 2
function mpc = RTS_GMLC
mpc.version = '2';

%%-----  Power Flow Data  -----%%
%% system MVA base
mpc.baseMVA = 100.0;
%% bus data
%    bus_i    type    Pd    Qd    Gs    Bs    area    Vm    Va    baseKV    zone    Vmax    Vmin
mpc.bus = [
	101	2	43.69965362526316	8.901781294035088	0.0	0.0	1	1.0145332742393756	-3.872218615945546	138.0	11	1.05	0.95				
	102	2	39.248762978245615	8.092528449122808	0.0	0.0	1	1.014362968872742	-4.093992204586141	138.0	12	1.05	0.95				
	103	1	72.83275604210527	14.971177630877195	0.0	0.0	1	1.003595591132751	0.21241252516589415	138.0	11	1.05	0.95				
	104	1	29.94235526175439	6.0693963368421056	0.0	0.0	1	1.0049785381681744	-4.181679050543206	138.0	11	1.05	0.95				
	105	1	28.728475994385967	5.664769914385967	0.0	0.0	1	1.018420538431832	-5.245414390141595	138.0	11	1.05	0.95				
	106	1	55.029193454035095	11.329539828771933	0.0	-100.0	1	1.0284467545900922	-6.499709403051262	138.0	12	1.05	0.95				
	107	2	50.57830280701755	10.11566056140351	0.0	0.0	1	0.9866409144677315	-11.412010687039725	138.0	12	1.05	0.95				
	108	1	69.19111824000001	14.161924785964914	0.0	0.0	1	0.9882460824107104	-9.752882076630838	138.0	12	1.05	0.95				
	109	1	70.80962392982457	14.566551208421053	0.0	0.0	1	1.0039164659138882	-3.5267127087636325	138.0	13	1.05	0.95				
	110	1	78.90215237894738	16.185056898245616	0.0	0.0	1	1.0319667530845382	-5.306585470332215	138.0	13	1.05	0.95				
	111	1	0.0	0.0	0.0	0.0	1	0.9836265835349516	-0.7706568033299216	230.0	13	1.05	0.95				
	112	1	0.0	0.0	0.0	0.0	1	0.9843745301026546	-1.5836663895548693	230.0	13	1.05	0.95				
	113	3	107.22600195087719	21.84982681263158	0.0	0.0	1	0.9648522801474131	1.483612914230191e-29	230.0	14	1.05	0.95				
	114	2	78.49752595649123	15.780430475789476	0.0	0.0	1	0.9938872225432361	2.3401898541081816	230.0	16	1.05	0.95				
	115	2	128.2665759185965	25.896091037192985	0.0	0.0	1	0.997267562251292	11.050292084412852	230.0	16	1.05	0.95				
	116	2	40.46264224561404	8.092528449122808	0.0	0.0	1	0.9955659130957435	9.486938170776247	230.0	16	1.05	0.95				
	117	1	0.0	0.0	0.0	0.0	1	1.0001480426644513	15.018243736160125	230.0	17	1.05	0.95				
	118	2	134.74059867789475	27.514596727017548	0.0	0.0	1	1.0081110192410097	15.60581371996971	230.0	17	1.05	0.95				
	119	1	73.23738246456142	14.971177630877195	0.0	0.0	1	0.9938038287375747	5.810091510667388	230.0	15	1.05	0.95				
	120	1	51.79218207438597	10.52028698385965	0.0	0.0	1	0.9975639873601592	3.223814013725941	230.0	15	1.05	0.95				
	121	2	0.0	0.0	0.0	0.0	1	1.008706356852435	17.024130501604873	230.0	17	1.05	0.95				
	122	2	0.0	0.0	0.0	0.0	1	1.0186284283348388	32.84419306234378	230.0	17	1.05	0.95				
	123	2	0.0	0.0	0.0	0.0	1	1.0006198988900028	2.136819896378241	230.0	15	1.05	0.95				
	124	1	0.0	0.0	0.0	0.0	1	0.9866586425404728	6.923192739131046	230.0	16	1.05	0.95				
	201	2	38.47064377263158	7.836612620350877	0.0	0.0	2	1.0134490159895062	-14.832109892179878	138.0	21	1.05	0.95				
	202	2	34.55233746245614	7.12419329122807	0.0	0.0	2	1.0123065607907211	-15.082755503869056	138.0	22	1.05	0.95				
	203	1	64.11773962105264	13.17975758877193	0.0	0.0	2	0.9985388740937574	-10.909009403787143	138.0	21	1.05	0.95				
	204	1	26.35951517754386	5.343144968421052	0.0	0.0	2	1.001811791577209	-14.580147924695495	138.0	21	1.05	0.95				
	205	1	25.29088618385965	4.98693530385965	0.0	0.0	2	1.0186995384515012	-15.014713129874641	138.0	21	1.05	0.95				
	206	1	48.44451438035088	9.9738706077193	0.0	-100.0	2	1.029767541242092	-15.593604125610968	138.0	22	1.05	0.95				
	207	2	44.526208070175436	8.905241614035088	0.0	0.0	2	0.9745731932934901	-19.842062992656075	138.0	22	1.05	0.95				
	208	1	60.91185264	12.467338259649122	0.0	0.0	2	0.9828472883679228	-18.225931811297283	138.0	22	1.05	0.95				
	209	1	62.33669129824562	12.823547924210526	0.0	0.0	2	1.0032470418903126	-12.636174214192211	138.0	23	1.05	0.95				
	210	1	69.46088458947368	14.24838658245614	0.0	0.0	2	1.0322029448297738	-14.020331991045124	138.0	23	1.05	0.95				
	211	1	0.0	0.0	0.0	0.0	2	0.9842648859468432	-9.814800014954477	230.0	23	1.05	0.95				
	212	1	0.0	0.0	0.0	0.0	2	0.979739946938876	-8.972542798159068	230.0	23	1.05	0.95				
	213	2	94.39556110877193	19.23532188631579	0.0	0.0	2	0.9777491750094198	-8.34110468806086	230.0	24	1.05	0.95				
	214	2	69.10467492491227	13.892176917894739	0.0	0.0	2	0.9838807116691228	-7.43859194817221	230.0	26	1.05	0.95				
	215	2	112.91846366596492	22.797418531929825	0.0	0.0	2	0.9920300147786221	-0.9665992174251901	230.0	26	1.05	0.95				
	216	2	35.62096645614035	7.12419329122807	0.0	0.0	2	0.9891018716778764	-1.7104293823240024	230.0	26	1.05	0.95				
	217	1	0.0	0.0	0.0	0.0	2	1.0009127097646944	-0.09827106821851983	230.0	27	1.05	0.95				
	218	2	118.61781829894737	24.22225719017544	0.0	0.0	2	1.0025661166216917	-0.46808938437035813	230.0	27	1.05	0.95				
	219	1	64.47394928561404	13.17975758877193	0.0	0.0	2	0.979311265778767	-1.4417403003041938	230.0	25	1.05	0.95				
	220	1	45.59483706385965	9.26145127859649	0.0	0.0	2	0.9731734248144008	-0.43615560953879345	230.0	25	1.05	0.95				
	221	2	0.0	0.0	0.0	0.0	2	1.0045498155217925	0.0809146961728464	230.0	27	1.05	0.95				
	222	2	0.0	0.0	0.0	0.0	2	1.0226855858449677	5.9616663083098125	230.0	27	1.05	0.95				
	223	2	0.0	0.0	0.0	0.0	2	0.9704617813336278	0.4318815855535663	230.0	25	1.05	0.95				
	224	1	0.0	0.0	0.0	0.0	2	0.9826191936974715	-4.754251903214032	230.0	26	1.05	0.95				
	301	2	52.25751344842106	10.645049035789473	0.0	0.0	3	1.0072848799161025	30.211137479511105	138.0	31	1.05	0.95				
	302	2	46.934988930526316	9.67731730526316	0.0	0.0	3	1.0078283094397253	29.86420707389258	138.0	32	1.05	0.95				
	303	1	87.09585574736842	17.903037014736842	0.0	0.0	3	1.0183531944451132	44.13345868261811	138.0	31	1.05	0.95				
	304	1	35.806074029473685	7.2579879789473685	0.0	0.0	3	0.9986696833166654	31.293782672288085	138.0	31	1.05	0.95				
	305	1	34.35447643368421	6.774122113684211	0.0	0.0	3	1.0162941756084585	29.377186308977112	138.0	31	1.05	0.95				
	306	1	65.80575767578948	13.548244227368421	0.0	-100.0	3	1.0288700535598962	28.328611557668534	138.0	32	1.05	0.95				
	307	2	60.48323315789473	12.096646631578947	0.0	0.0	3	0.9668963373415694	24.754543492693777	138.0	32	1.05	0.95				
	308	1	82.74106296	16.935305284210525	0.0	0.0	3	0.9784458366339981	26.97719123963603	138.0	32	1.05	0.95				
	309	1	84.67652642105263	17.419171149473684	0.0	0.0	3	1.0070420027477822	34.52422545896315	138.0	33	1.05	0.95				
	310	1	94.35384372631579	19.35463461052632	0.0	0.0	3	1.0373289378052455	30.125821345467116	138.0	33	1.05	0.95				
	311	1	0.0	0.0	0.0	0.0	3	0.9935432556910642	33.90515325735743	230.0	33	1.05	0.95				
	312	1	0.0	0.0	0.0	0.0	3	1.0021622318289787	33.67218417547913	230.0	33	1.05	0.95				
	313	2	128.22445429473683	26.12875672421053	0.0	0.0	3	1.0006050727699973	35.478527771502954	230.0	34	1.05	0.95				
	314	2	93.86997786105263	18.87076874526316	0.0	0.0	3	0.9814513567853744	34.218502832722926	230.0	36	1.05	0.95				
	315	2	153.38547928842107	30.967415376842105	0.0	0.0	3	0.9833224393848737	33.16224956712895	230.0	36	1.05	0.95				
	316	2	48.38658652631579	9.67731730526316	0.0	0.0	3	0.9755959612953896	33.23931202176141	230.0	36	1.05	0.95				
	317	1	0.0	0.0	0.0	0.0	3	0.9854669739076816	35.52867254272617	230.0	37	1.05	0.95				
	318	2	161.12733313263158	32.90287883789474	0.0	0.0	3	0.9769129545295969	31.444723075638784	230.0	37	1.05	0.95				
	319	1	87.57972161263157	17.903037014736842	0.0	0.0	3	0.9859735799142356	32.58555951804843	230.0	35	1.05	0.95				
	320	1	61.93483075368421	12.580512496842106	0.0	0.0	3	0.9956903256686123	31.51789583204719	230.0	35	1.05	0.95				
	321	2	0.0	0.0	0.0	0.0	3	0.9879225412573425	32.58079666593061	230.0	37	1.05	0.95				
	322	2	0.0	0.0	0.0	0.0	3	1.0067214098388801	37.1546662579523	230.0	37	1.05	0.95				
	323	2	0.0	0.0	0.0	0.0	3	1.0009792740042736	30.902365924148782	230.0	35	1.05	0.95				
	324	1	0.0	0.0	0.0	0.0	3	0.9955116602248425	38.959066904212555	230.0	36	1.05	0.95				
