%% MATPOWER Case Format : Version 2
function mpc = RTS_GMLC
mpc.version = '2';

%%-----  Power Flow Data  -----%%
%% system MVA base
mpc.baseMVA = 100.0;
%% bus data
%    bus_i    type    Pd    Qd    Gs    Bs    area    Vm    Va    baseKV    zone    Vmax    Vmin
mpc.bus = [
	101	2	40.4933201431579	8.248639288421055	0.0	0.0	1	1.0344900297268846	2.7794172769609973	138.0	11	1.05	0.95				
	102	2	36.36900049894737	7.498762989473685	0.0	0.0	1	1.0336107819086418	2.5301746599992687	138.0	12	1.05	0.95				
	103	1	67.48886690526317	13.872711530526317	0.0	0.0	1	1.0278766562973	0.8868378319232055	138.0	11	1.05	0.95				
	104	1	27.745423061052634	5.624072242105264	0.0	0.0	1	1.0222793110238375	-0.4931441388347751	138.0	11	1.05	0.95				
	105	1	26.620608612631578	5.24913409263158	0.0	0.0	1	1.0371316987381847	-0.23971240654177975	138.0	11	1.05	0.95				
	106	1	50.99158832842107	10.49826818526316	0.0	-100.0	1	1.0471198768769945	-2.361794426081017	138.0	12	1.05	0.95				
	107	2	46.867268684210536	9.373453736842107	0.0	0.0	1	1.001355892950945	-7.317933000201139	138.0	12	1.05	0.95				
	108	1	64.11442356	13.122835231578946	0.0	0.0	1	1.0066407044003305	-6.14120678218821	138.0	12	1.05	0.95				
	109	1	65.61417615789475	13.497773381052633	0.0	0.0	1	1.0240836266193376	-1.4468232546179844	138.0	13	1.05	0.95				
	110	1	73.11293914736842	14.99752597894737	0.0	0.0	1	1.05	-2.120981397809436	138.0	13	1.05	0.95				
	111	1	0.0	0.0	0.0	0.0	1	1.0011592863540695	0.03670628710519847	230.0	13	1.05	0.95				
	112	1	0.0	0.0	0.0	0.0	1	1.006308546001287	0.2811825611532679	230.0	13	1.05	0.95				
	113	3	99.35860961052633	20.24666007157895	0.0	0.0	1	0.9914664011346633	-5.849959946546226e-30	230.0	14	1.05	0.95				
	114	2	72.73800099789474	14.622587829473687	0.0	0.0	1	0.9966561838064565	2.0319462372289525	230.0	16	1.05	0.95				
	115	2	118.85539338315792	23.996041566315792	0.0	0.0	1	1.0311532026584769	7.293149402943732	230.0	16	1.05	0.95				
	116	2	37.49381494736843	7.498762989473685	0.0	0.0	1	1.0275808504775557	7.00379167449843	230.0	16	1.05	0.95				
	117	1	0.0	0.0	0.0	0.0	1	1.0358148779871765	9.170455130451376	230.0	17	1.05	0.95				
	118	2	124.85440377473687	25.495794164210533	0.0	0.0	1	1.0380762952046854	9.362427678575807	230.0	17	1.05	0.95				
	119	1	67.86380505473684	13.872711530526317	0.0	0.0	1	1.0216056341834145	5.8907356445536445	230.0	15	1.05	0.95				
	120	1	47.992083132631585	9.74839188631579	0.0	0.0	1	1.0188632401347344	5.657280952490586	230.0	15	1.05	0.95				
	121	2	0.0	0.0	0.0	0.0	1	1.041369599238479	10.40691049672655	230.0	17	1.05	0.95				
	122	2	0.0	0.0	0.0	0.0	1	1.05	16.42433785707342	230.0	17	1.05	0.95				
	123	2	0.0	0.0	0.0	0.0	1	1.0176494278553259	5.82389191592006	230.0	15	1.05	0.95				
	124	1	0.0	0.0	0.0	0.0	1	1.0213775629431352	4.880710197331872	230.0	16	1.05	0.95				
	201	2	39.62663310315789	8.072091928421052	0.0	0.0	2	1.0214758735073264	-7.429017844454471	138.0	21	1.05	0.95				
	202	2	35.59058713894736	7.338265389473684	0.0	0.0	2	1.0216767583297077	-7.41066250356198	138.0	22	1.05	0.95				
	203	1	66.04438850526316	13.575790970526313	0.0	0.0	2	1.016890462382231	-6.278896947556062	138.0	21	1.05	0.95				
	204	1	27.151581941052626	5.5036990421052625	0.0	0.0	2	1.0168581965496886	-8.394784710827555	138.0	21	1.05	0.95				
	205	1	26.050842132631573	5.136785772631579	0.0	0.0	2	1.0314385532443344	-8.636521753235964	138.0	21	1.05	0.95				
	206	1	49.90020464842105	10.273571545263158	0.0	-100.0	2	1.0453484203292531	-9.701540509978443	138.0	22	1.05	0.95				
	207	2	45.86415868421052	9.172831736842104	0.0	0.0	2	0.995096017535276	-14.661612629332021	138.0	22	1.05	0.95				
	208	1	62.74216908	12.841964431578944	0.0	0.0	2	1.0024927582509575	-13.048915364994789	138.0	22	1.05	0.95				
	209	1	64.20982215789473	13.208877701052629	0.0	0.0	2	1.0226789351300156	-7.6782310842122	138.0	23	1.05	0.95				
	210	1	71.54808754736841	14.676530778947368	0.0	0.0	2	1.05	-8.673981205362344	138.0	23	1.05	0.95				
	211	1	0.0	0.0	0.0	0.0	2	1.0019180733092723	-5.234874607481332	230.0	23	1.05	0.95				
	212	1	0.0	0.0	0.0	0.0	2	1.0058461733947976	-4.503933417089246	230.0	23	1.05	0.95				
	213	2	97.23201641052631	19.813316551578946	0.0	0.0	2	0.9951079514800019	-4.066718792461951	230.0	24	1.05	0.95				
	214	2	71.18117427789473	14.309617509473686	0.0	0.0	2	0.9994106998954259	-3.166655724483722	230.0	26	1.05	0.95				
	215	2	116.31150642315788	23.482449246315788	0.0	0.0	2	1.0178942096785641	1.9197242749540822	230.0	26	1.05	0.95				
	216	2	36.69132694736842	7.338265389473684	0.0	0.0	2	1.018872056457774	1.9663525056673794	230.0	26	1.05	0.95				
	217	1	0.0	0.0	0.0	0.0	2	1.024313817309044	3.512860510457541	230.0	27	1.05	0.95				
	218	2	122.18211873473683	24.950102324210526	0.0	0.0	2	1.0236163151733981	3.0452399840195383	230.0	27	1.05	0.95				
	219	1	66.41130177473684	13.575790970526313	0.0	0.0	2	1.0194463431824001	1.921101370654861	230.0	25	1.05	0.95				
	220	1	46.964898492631576	9.539745006315789	0.0	0.0	2	1.022123248467599	2.609110287468292	230.0	25	1.05	0.95				
	221	2	0.0	0.0	0.0	0.0	2	1.0253405419416848	3.4773105087958585	230.0	27	1.05	0.95				
	222	2	0.0	0.0	0.0	0.0	2	1.0473749362268985	10.014453528824989	230.0	27	1.05	0.95				
	223	2	0.0	0.0	0.0	0.0	2	1.024047325561254	3.2714243995104075	230.0	25	1.05	0.95				
	224	1	0.0	0.0	0.0	0.0	2	1.007311258103187	-1.1787019583919403	230.0	26	1.05	0.95				
	301	2	46.38089213052632	9.447959508070177	0.0	0.0	3	1.0149792494579075	-6.632422980740396	138.0	31	1.05	0.95				
	302	2	41.65691237649123	8.589054098245615	0.0	0.0	3	1.0140499543413395	-6.9483842931343816	138.0	32	1.05	0.95				
	303	1	77.30148688421053	15.889750081754386	0.0	0.0	3	1.047331572320169	5.685478786358992	138.0	31	1.05	0.95				
	304	1	31.77950016350877	6.44179057368421	0.0	0.0	3	1.0121904264249302	-5.945579313878729	138.0	31	1.05	0.95				
	305	1	30.49114204877193	6.01233786877193	0.0	0.0	3	1.0272774403302591	-7.5587481809599	138.0	31	1.05	0.95				
	306	1	58.405567868070186	12.02467573754386	0.0	-100.0	3	1.0418310095825505	-8.598857046146719	138.0	32	1.05	0.95				
	307	2	53.681588114035094	10.736317622807018	0.0	0.0	3	0.9902937439954658	-12.94307630698943	138.0	32	1.05	0.95				
	308	1	73.43641253999999	15.030844671929824	0.0	0.0	3	0.9971837582233516	-11.007322734664353	138.0	32	1.05	0.95				
	309	1	75.15422335964912	15.460297376842105	0.0	0.0	3	1.0236726422893891	-3.3524860800762646	138.0	33	1.05	0.95				
	310	1	83.74327745789473	17.17810819649123	0.0	0.0	3	1.05	-7.105849130522084	138.0	33	1.05	0.95				
	311	1	0.0	0.0	0.0	0.0	3	1.007476729026661	-2.87433083538577	230.0	33	1.05	0.95				
	312	1	0.0	0.0	0.0	0.0	3	1.0123719887484193	-2.218432958745848	230.0	33	1.05	0.95				
	313	2	113.80496680175438	23.19044606526316	0.0	0.0	3	1.0096023991800034	-0.05661355037423218	230.0	34	1.05	0.95				
	314	2	83.31382475298246	16.748655491578948	0.0	0.0	3	1.0017121098701938	-2.875270387083304	230.0	36	1.05	0.95				
	315	2	136.13650745719298	27.48497311438597	0.0	0.0	3	1.035478390612436	-0.25632550893625816	230.0	36	1.05	0.95				
	316	2	42.94527049122807	8.589054098245615	0.0	0.0	3	1.0286973938513473	-0.29871068213476254	230.0	36	1.05	0.95				
	317	1	0.0	0.0	0.0	0.0	3	1.0338358212936707	0.5128559542327567	230.0	37	1.05	0.95				
	318	2	143.00775073578947	29.202783934035093	0.0	0.0	3	1.0327356498547073	0.23813417561206657	230.0	37	1.05	0.95				
	319	1	77.73093958912281	15.889750081754386	0.0	0.0	3	1.0222136798998274	-0.627894422494669	230.0	35	1.05	0.95				
	320	1	54.96994622877194	11.165770327719299	0.0	0.0	3	1.0194823383520741	-0.06988388373339315	230.0	35	1.05	0.95				
	321	2	0.0	0.0	0.0	0.0	3	1.035622323164151	0.6030638635243555	230.0	37	1.05	0.95				
	322	2	0.0	0.0	0.0	0.0	3	1.0481234594221491	4.889875881022081	230.0	37	1.05	0.95				
	323	2	0.0	0.0	0.0	0.0	3	1.018697377354955	0.5748965581630965	230.0	35	1.05	0.95				
	324	1	0.0	0.0	0.0	0.0	3	1.0373835793107606	2.0181104473644558	230.0	36	1.05	0.95				
	325	1	0.0	0.0	0.0	0.0	3	1.0185908988503827	1.4176067574952609	230.0	35	1.05	0.95				
];
