%% MATPOWER Case Format : Version 2
function mpc = RTS_GMLC
mpc.version = '2';

%%-----  Power Flow Data  -----%%
%% system MVA base
mpc.baseMVA = 100.0;
%% bus data
%    bus_i    type    Pd    Qd    Gs    Bs    area    Vm    Va    baseKV    zone    Vmax    Vmin
mpc.bus = [
	101	2	73.67887186105263	15.008659082807016	0.0	0.0	1	1.0322310311407918	-0.42525098480938733	138.0	11	1.05	0.95				
	102	2	66.1745423196491	13.644235529824561	0.0	0.0	1	1.0322437757892382	-0.476329927841464	138.0	12	1.05	0.95				
	103	1	122.79811976842103	25.24183573017544	0.0	0.0	1	1.0221004295613683	-1.3630081204150264	138.0	11	1.05	0.95				
	104	1	50.48367146035088	10.233176647368419	0.0	0.0	1	1.0171071210953624	-3.487591267095342	138.0	11	1.05	0.95				
	105	1	48.43703613087719	9.550964870877193	0.0	0.0	1	1.0319588033027391	-3.473319025973958	138.0	11	1.05	0.95				
	106	1	92.78080160280702	19.101929741754386	0.0	-100.0	1	1.0380207165581723	-5.8020467581458535	138.0	12	1.05	0.95				
	107	2	85.2764720614035	17.0552944122807	0.0	0.0	1	1.0464673134187787	-1.667911647138145	138.0	12	1.05	0.95				
	108	1	116.65821377999998	23.877412177192976	0.0	0.0	1	1.0253720052674282	-4.675496821820367	138.0	12	1.05	0.95				
	109	1	119.38706088596489	24.559623953684206	0.0	0.0	1	1.0264886088583702	-3.1890096442668407	138.0	13	1.05	0.95				
	110	1	133.03129641578946	27.288471059649122	0.0	0.0	1	1.05	-4.408050971687073	138.0	13	1.05	0.95				
	111	1	0.0	0.0	0.0	0.0	1	1.0118402883373454	-0.8317658224325463	230.0	13	1.05	0.95				
	112	1	0.0	0.0	0.0	0.0	1	1.0148282704316502	-0.008581418608831229	230.0	13	1.05	0.95				
	113	3	180.78612077017542	36.839435930526314	0.0	0.0	1	1.0099534464683053	6.078896205779797e-29	230.0	14	1.05	0.95				
	114	2	132.3490846392982	26.60625928315789	0.0	0.0	1	1.0132328480876742	1.4738057594714982	230.0	16	1.05	0.95				
	115	2	216.26113314771928	43.66155369543859	0.0	0.0	1	1.0444646734914032	8.98826350083471	230.0	16	1.05	0.95				
	116	2	68.2211776491228	13.644235529824561	0.0	0.0	1	1.042808088494672	8.800685845054044	230.0	16	1.05	0.95				
	117	1	0.0	0.0	0.0	0.0	1	1.0465114514141727	11.799215987729896	230.0	17	1.05	0.95				
	118	2	227.17652157157895	46.39040080140351	0.0	0.0	1	1.049389349152669	12.057720577106107	230.0	17	1.05	0.95				
	119	1	123.48033154491227	25.24183573017544	0.0	0.0	1	1.0373269367329758	7.677272372462003	230.0	15	1.05	0.95				
	120	1	87.32310739087718	17.737506188771928	0.0	0.0	1	1.0384611784411493	7.991056924735261	230.0	15	1.05	0.95				
	121	2	0.0	0.0	0.0	0.0	1	1.05	12.281511422964789	230.0	17	1.05	0.95				
	122	2	0.0	0.0	0.0	0.0	1	1.05	22.05576399077227	230.0	17	1.05	0.95				
	123	2	0.0	0.0	0.0	0.0	1	1.0408689024428694	8.6690395810046	230.0	15	1.05	0.95				
	124	1	0.0	0.0	0.0	0.0	1	1.0231331374391124	5.156326891871312	230.0	16	1.05	0.95				
	201	2	74.11931370947369	15.098378718596491	0.0	0.0	2	1.0351499075164987	-8.905976011334094	138.0	21	1.05	0.95				
	202	2	66.57012435017545	13.72579883508772	0.0	0.0	2	1.0352717109890035	-8.996251368491558	138.0	22	1.05	0.95				
	203	1	123.53218951578948	25.392727844912283	0.0	0.0	2	1.0271918350250402	-5.983419795095036	138.0	21	1.05	0.95				
	204	1	50.785455689824566	10.29434912631579	0.0	0.0	2	1.0181483091219643	-10.817388566329846	138.0	21	1.05	0.95				
	205	1	48.7265858645614	9.608059184561405	0.0	0.0	2	1.033773032435213	-11.212703548156314	138.0	21	1.05	0.95				
	206	1	93.3354320785965	19.21611836912281	0.0	-100.0	2	1.039088269090177	-13.154095856264385	138.0	22	1.05	0.95				
	207	2	85.78624271929824	17.157248543859648	0.0	0.0	2	0.9740288271520964	-23.391813792490055	138.0	22	1.05	0.95				
	208	1	117.35558003999999	24.020147961403506	0.0	0.0	2	0.9762444243192706	-20.02805231666683	138.0	22	1.05	0.95				
	209	1	120.10073980701755	24.706437903157894	0.0	0.0	2	1.0255202944663477	-9.529241946188895	138.0	23	1.05	0.95				
	210	1	133.82653864210525	27.45159767017544	0.0	0.0	2	1.05	-11.39059215030425	138.0	23	1.05	0.95				
	211	1	0.0	0.0	0.0	0.0	2	1.021783150421142	-5.132346893371183	230.0	23	1.05	0.95				
	212	1	0.0	0.0	0.0	0.0	2	1.0194203430353095	-4.23859519757149	230.0	23	1.05	0.95				
	213	2	181.8668345649123	37.05965685473684	0.0	0.0	2	1.0294845262111858	-2.0065066712971853	230.0	24	1.05	0.95				
	214	2	133.1402487003509	26.76530772842105	0.0	0.0	2	1.0339139059484845	-2.634651555385711	230.0	26	1.05	0.95				
	215	2	217.55391153614036	43.9225562722807	0.0	0.0	2	1.0434221840865547	5.095924867107988	230.0	26	1.05	0.95				
	216	2	68.62899417543859	13.72579883508772	0.0	0.0	2	1.0464284235940737	5.0849413813024285	230.0	26	1.05	0.95				
	217	1	0.0	0.0	0.0	0.0	2	1.048288618152662	8.440904583368804	230.0	27	1.05	0.95				
	218	2	228.5345506042105	46.66771603929825	0.0	0.0	2	1.0499999860456557	9.265681021444038	230.0	27	1.05	0.95				
	219	1	124.21847945754385	25.392727844912283	0.0	0.0	2	1.0433198784831634	4.109318964133045	230.0	25	1.05	0.95				
	220	1	87.8451125445614	17.843538485614037	0.0	0.0	2	1.0464648420380247	4.54666031332236	230.0	25	1.05	0.95				
	221	2	0.0	0.0	0.0	0.0	2	1.05	9.594540479128982	230.0	27	1.05	0.95				
	222	2	0.0	0.0	0.0	0.0	2	1.05	15.653684043706011	230.0	27	1.05	0.95				
	223	2	0.0	0.0	0.0	0.0	2	1.05	5.285917242227552	230.0	25	1.05	0.95				
	224	1	0.0	0.0	0.0	0.0	2	1.0234824228686636	0.9677708987174242	230.0	26	1.05	0.95				
	301	2	66.18032268631579	13.481176843508772	0.0	0.0	3	1.0083732612642673	-28.08659566713702	138.0	31	1.05	0.95				
	302	2	59.439734264561395	12.255615312280701	0.0	0.0	3	1.0074593573114767	-28.29418300315539	138.0	32	1.05	0.95				
	303	1	110.30053781052631	22.672888327719296	0.0	0.0	3	1.0280483125464328	-19.34910212547335	138.0	31	1.05	0.95				
	304	1	45.34577665543859	9.191711484210526	0.0	0.0	3	1.0068935836288082	-26.377484758004897	138.0	31	1.05	0.95				
	305	1	43.507434358596484	8.578930718596492	0.0	0.0	3	1.0208293261108567	-27.44620631242949	138.0	31	1.05	0.95				
	306	1	83.33818412350877	17.157861437192985	0.0	-100.0	3	1.0348130530409734	-27.768699255958026	138.0	32	1.05	0.95				
	307	2	76.59759570175439	15.319519140350875	0.0	0.0	3	1.0042625189828234	-29.15588325375526	138.0	32	1.05	0.95				
	308	1	104.78551092	21.447326796491225	0.0	0.0	3	1.0019269706449128	-28.726991749894246	138.0	32	1.05	0.95				
	309	1	107.23663398245613	22.060107562105262	0.0	0.0	3	1.0278750049625596	-22.31569232023561	138.0	33	1.05	0.95				
	310	1	119.49224929473684	24.511230624561403	0.0	0.0	3	1.05	-24.83869981473023	138.0	33	1.05	0.95				
	311	1	0.0	0.0	0.0	0.0	3	1.0185010852505463	-17.753104024535013	230.0	33	1.05	0.95				
	312	1	0.0	0.0	0.0	0.0	3	1.0184432804571066	-17.136761116276826	230.0	33	1.05	0.95				
	313	2	162.3869028877193	33.090161343157895	0.0	0.0	3	1.0257894026442733	-14.039007475240114	230.0	34	1.05	0.95				
	314	2	118.87946852912279	23.89844985894737	0.0	0.0	3	1.0290226325668337	-15.22791500795606	230.0	36	1.05	0.95				
	315	2	194.2515026996491	39.21796899929824	0.0	0.0	3	1.0481958113930818	-8.298119563946841	230.0	36	1.05	0.95				
	316	2	61.2780765614035	12.255615312280701	0.0	0.0	3	1.0486620067359915	-7.9851313193200975	230.0	36	1.05	0.95				
	317	1	0.0	0.0	0.0	0.0	3	1.0499999950649705	-5.064184212443076	230.0	37	1.05	0.95				
	318	2	204.05599494947367	41.669092061754384	0.0	0.0	3	1.0495902862005728	-4.732591292560317	230.0	37	1.05	0.95				
	319	1	110.91331857614036	22.672888327719296	0.0	0.0	3	1.045300458800347	-9.272317190764634	230.0	35	1.05	0.95				
	320	1	78.43593799859649	15.93229990596491	0.0	0.0	3	1.047462260551381	-9.24629960790562	230.0	35	1.05	0.95				
	321	2	0.0	0.0	0.0	0.0	3	1.05	-4.264338745111068	230.0	37	1.05	0.95				
	322	2	0.0	0.0	0.0	0.0	3	1.05	1.1982344401211735	230.0	37	1.05	0.95				
	323	2	0.0	0.0	0.0	0.0	3	1.0499999953985462	-8.784672871237333	230.0	35	1.05	0.95				
	324	1	0.0	0.0	0.0	0.0	3	1.0267672481641847	-12.400352071564033	230.0	36	1.05	0.95				
	325	1	0.0	0.0	0.0	0.0	3	1.0418680867061023	-7.080157354314071	230.0	35	1.05	0.95				
];
