%% MATPOWER Case Format : Version 2
function mpc = RTS_GMLC
mpc.version = '2';

%%-----  Power Flow Data  -----%%
%% system MVA base
mpc.baseMVA = 100.0;
%% bus data
%    bus_i    type    Pd    Qd    Gs    Bs    area    Vm    Va    baseKV    zone    Vmax    Vmin
mpc.bus = [
	101	2	56.17763484631578	11.443592283508771	0.0	0.0	1	1.0337202905249	2.833521519944276	138.0	11	1.05	0.95				
	102	2	50.455838704561394	10.403265712280701	0.0	0.0	1	1.0338015480865301	2.8174453412925478	138.0	12	1.05	0.95				
	103	1	93.62939141052631	19.246041567719296	0.0	0.0	1	1.0260189488926927	-0.01577320600049275	138.0	11	1.05	0.95				
	104	1	38.49208313543859	7.802449284210525	0.0	0.0	1	1.0203034768287464	-0.7625997548706775	138.0	11	1.05	0.95				
	105	1	36.93159327859649	7.282285998596491	0.0	0.0	1	1.034613797130594	-0.5289750521567225	138.0	11	1.05	0.95				
	106	1	70.74220684350877	14.564571997192981	0.0	-100.0	1	1.0427831903860045	-2.8929006344540458	138.0	12	1.05	0.95				
	107	2	65.02041070175437	13.004082140350876	0.0	0.0	1	1.0350575473301618	-1.0972681246342808	138.0	12	1.05	0.95				
	108	1	88.94792183999999	18.205714996491224	0.0	0.0	1	1.023533559705568	-3.0834099901678393	138.0	12	1.05	0.95				
	109	1	91.02857498245613	18.72587828210526	0.0	0.0	1	1.0258707396073652	-1.5913132875521352	138.0	13	1.05	0.95				
	110	1	101.43184069473683	20.806531424561403	0.0	0.0	1	1.05	-2.3006850768980236	138.0	13	1.05	0.95				
	111	1	0.0	0.0	0.0	0.0	1	1.0049655073062778	-0.2346950510580243	230.0	13	1.05	0.95				
	112	1	0.0	0.0	0.0	0.0	1	1.011013427269651	0.47063887022265344	230.0	13	1.05	0.95				
	113	3	137.84327068771927	28.08881742315789	0.0	0.0	1	0.9987110213060817	-1.0283900511333047e-29	230.0	14	1.05	0.95				
	114	2	100.91167740912279	20.286368138947367	0.0	0.0	1	0.9999766227290519	1.3908057266728813	230.0	16	1.05	0.95				
	115	2	164.8917615396491	33.29045027929824	0.0	0.0	1	1.0399527458181468	6.795627697125057	230.0	16	1.05	0.95				
	116	2	52.016328561403505	10.403265712280701	0.0	0.0	1	1.0361588801616917	6.7229402951034345	230.0	16	1.05	0.95				
	117	1	0.0	0.0	0.0	0.0	1	1.0446108701741625	8.663848520450983	230.0	17	1.05	0.95				
	118	2	173.21437410947368	35.371103421754384	0.0	0.0	1	1.047806430033452	8.845008976080106	230.0	17	1.05	0.95				
	119	1	94.14955469614034	19.246041567719296	0.0	0.0	1	1.030542996024184	6.045187268655278	230.0	15	1.05	0.95				
	120	1	66.58090055859648	13.524245425964912	0.0	0.0	1	1.029613041223573	6.457306757259802	230.0	15	1.05	0.95				
	121	2	0.0	0.0	0.0	0.0	1	1.05	8.619452445363857	230.0	17	1.05	0.95				
	122	2	0.0	0.0	0.0	0.0	1	1.05	15.147507630978845	230.0	17	1.05	0.95				
	123	2	0.0	0.0	0.0	0.0	1	1.0301759200477885	7.080433475460276	230.0	15	1.05	0.95				
	124	1	0.0	0.0	0.0	0.0	1	1.0257080044726723	4.2617067986144095	230.0	16	1.05	0.95				
	201	2	56.64347552842105	11.538485755789472	0.0	0.0	2	1.0307788276610244	-8.00666352823064	138.0	21	1.05	0.95				
	202	2	50.87423265052631	10.489532505263158	0.0	0.0	2	1.0308864605934276	-8.091186002579065	138.0	22	1.05	0.95				
	203	1	94.40579254736842	19.40563513473684	0.0	0.0	2	1.025695501395203	-6.0609765509523985	138.0	21	1.05	0.95				
	204	1	38.81127026947368	7.867149378947367	0.0	0.0	2	1.0181927883406918	-10.632017824875085	138.0	21	1.05	0.95				
	205	1	37.23784039368421	7.342672753684211	0.0	0.0	2	1.0334004100906204	-10.891824083777408	138.0	21	1.05	0.95				
	206	1	71.32882103578947	14.685345507368423	0.0	-100.0	2	1.0423315557410908	-13.013178079062309	138.0	22	1.05	0.95				
	207	2	65.55957815789472	13.111915631578947	0.0	0.0	2	0.9849281114110191	-20.95448589517884	138.0	22	1.05	0.95				
	208	1	89.68550291999999	18.356681884210523	0.0	0.0	2	0.9901445876621814	-18.50801983384471	138.0	22	1.05	0.95				
	209	1	91.78340942105262	18.881158509473682	0.0	0.0	2	1.0236816707757543	-10.576915295463161	138.0	23	1.05	0.95				
	210	1	102.27294192631578	20.979065010526316	0.0	0.0	2	1.05	-12.15368689754127	138.0	23	1.05	0.95				
	211	1	0.0	0.0	0.0	0.0	2	1.0112901504590404	-7.971326377094858	230.0	23	1.05	0.95				
	212	1	0.0	0.0	0.0	0.0	2	1.0152022936600433	-7.727299981074422	230.0	23	1.05	0.95				
	213	2	138.9863056947368	28.321737764210525	0.0	0.0	2	1.0072738571483337	-7.49214740098275	230.0	24	1.05	0.95				
	214	2	101.74846530105262	20.454588385263158	0.0	0.0	2	1.0170463982036244	-4.946087579570076	230.0	26	1.05	0.95				
	215	2	166.25909020842104	33.5665040168421	0.0	0.0	2	1.0369743434663186	3.0103088112006966	230.0	26	1.05	0.95				
	216	2	52.44766252631579	10.489532505263158	0.0	0.0	2	1.0401677282124988	2.4484572801949134	230.0	26	1.05	0.95				
	217	1	0.0	0.0	0.0	0.0	2	1.0429002194253842	5.944569365976328	230.0	27	1.05	0.95				
	218	2	174.65071621263158	35.66441051789474	0.0	0.0	2	1.0454068396224196	6.707550593539502	230.0	27	1.05	0.95				
	219	1	94.93026917263158	19.40563513473684	0.0	0.0	2	1.0403263454578384	0.6146251744915379	230.0	25	1.05	0.95				
	220	1	67.1330080336842	13.636392256842106	0.0	0.0	2	1.0449134348783082	0.01924187339413387	230.0	25	1.05	0.95				
	221	2	0.0	0.0	0.0	0.0	2	1.045282743164558	6.609301329707079	230.0	27	1.05	0.95				
	222	2	0.0	0.0	0.0	0.0	2	1.05	12.855529927296963	230.0	27	1.05	0.95				
	223	2	0.0	0.0	0.0	0.0	2	1.0483213490273309	0.07887719232616483	230.0	25	1.05	0.95				
	224	1	0.0	0.0	0.0	0.0	2	1.0213855029397558	-0.38241832233185213	230.0	26	1.05	0.95				
	301	2	65.75324263578948	13.394179055438595	0.0	0.0	3	1.0075797067333911	-39.22839950099011	138.0	31	1.05	0.95				
	302	2	59.05615310807018	12.176526414035088	0.0	0.0	3	1.0069375253126267	-39.37387799138963	138.0	32	1.05	0.95				
	303	1	109.58873772631578	22.52657386596491	0.0	0.0	3	1.0196986118696345	-31.649388423297	138.0	31	1.05	0.95				
	304	1	45.05314773192982	9.132394810526314	0.0	0.0	3	1.0062087535309527	-37.239083977774726	138.0	31	1.05	0.95				
	305	1	43.226668769824556	8.523568489824562	0.0	0.0	3	1.0202569020409362	-38.207883043807975	138.0	31	1.05	0.95				
	306	1	82.8003796154386	17.047136979649125	0.0	-100.0	3	1.034717833029739	-38.31078823266464	138.0	32	1.05	0.95				
	307	2	76.1032900877193	15.220658017543858	0.0	0.0	3	1.00594239905577	-39.64819986528318	138.0	32	1.05	0.95				
	308	1	104.10930083999999	21.3089212245614	0.0	0.0	3	1.0029451158455522	-39.22880444763685	138.0	32	1.05	0.95				
	309	1	106.54460612280701	21.917747545263154	0.0	0.0	3	1.0272530510944824	-33.014589166196075	138.0	33	1.05	0.95				
	310	1	118.72113253684209	24.353052828070176	0.0	0.0	3	1.05	-35.234110577872606	138.0	33	1.05	0.95				
	311	1	0.0	0.0	0.0	0.0	3	1.0190506154292414	-27.942800294229954	230.0	33	1.05	0.95				
	312	1	0.0	0.0	0.0	0.0	3	1.0174346153855913	-27.171042626418853	230.0	33	1.05	0.95				
	313	2	161.3389749859649	32.87662131789474	0.0	0.0	3	1.0273629265855948	-24.132438117234134	230.0	34	1.05	0.95				
	314	2	118.11230621614035	23.74422650736842	0.0	0.0	3	1.0310441775780024	-25.171635815855996	230.0	36	1.05	0.95				
	315	2	192.99794366245612	38.96488452491228	0.0	0.0	3	1.0485712986576536	-18.027008265765414	230.0	36	1.05	0.95				
	316	2	60.88263207017543	12.176526414035088	0.0	0.0	3	1.0488215132477428	-17.596323207035244	230.0	36	1.05	0.95				
	317	1	0.0	0.0	0.0	0.0	3	1.0495505206113183	-14.753779777919018	230.0	37	1.05	0.95				
	318	2	202.7391647936842	41.4001898077193	0.0	0.0	3	1.049896031799216	-14.056884762272766	230.0	37	1.05	0.95				
	319	1	110.19756404701755	22.52657386596491	0.0	0.0	3	1.0454814115517492	-18.52475678345	230.0	35	1.05	0.95				
	320	1	77.92976904982456	15.829484338245614	0.0	0.0	3	1.0474916666217984	-18.19434841093526	230.0	35	1.05	0.95				
	321	2	0.0	0.0	0.0	0.0	3	1.05	-13.737981006307901	230.0	37	1.05	0.95				
	322	2	0.0	0.0	0.0	0.0	3	1.05	-8.36050948610536	230.0	37	1.05	0.95				
	323	2	0.0	0.0	0.0	0.0	3	1.05	-17.568572169244177	230.0	35	1.05	0.95				
	324	1	0.0	0.0	0.0	0.0	3	1.0203616494355183	-23.048782865021536	230.0	36	1.05	0.95				
	325	1	0.0	0.0	0.0	0.0	3	1.0381255112239942	-15.47933510596283	230.0	35	1.05	0.95				
];
