%% MATPOWER Case Format : Version 2
function mpc = RTS_GMLC
mpc.version = '2';

%%-----  Power Flow Data  -----%%
%% system MVA base
mpc.baseMVA = 100.0;
%% bus data
%    bus_i    type    Pd    Qd    Gs    Bs    area    Vm    Va    baseKV    zone    Vmax    Vmin
mpc.bus = [
	101	2	79.49035129263159	16.192478967017546	0.0	0.0	1	1.0327200230345162	-2.0101474755830155	138.0	11	1.05	0.95				
	102	2	71.3941118091228	14.720435424561403	0.0	0.0	1	1.0327089044549511	-2.0681778608002537	138.0	12	1.05	0.95				
	103	1	132.48391882105264	27.232805535438597	0.0	0.0	1	1.0204526726185819	-2.4380363264556717	138.0	11	1.05	0.95				
	104	1	54.465611070877195	11.040326568421053	0.0	0.0	1	1.0164126486651017	-4.863744428949223	138.0	11	1.05	0.95				
	105	1	52.25754575719298	10.304304797192984	0.0	0.0	1	1.031575498213718	-4.910082958017104	138.0	11	1.05	0.95				
	106	1	100.09896088701755	20.608609594385968	0.0	-100.0	1	1.0366585540373936	-7.204149084318305	138.0	12	1.05	0.95				
	107	2	92.00272140350879	18.400544280701755	0.0	0.0	1	1.0474105537056018	-2.619771559692715	138.0	12	1.05	0.95				
	108	1	125.85972288	25.760761992982456	0.0	0.0	1	1.024319485794778	-5.833679653961583	138.0	12	1.05	0.95				
	109	1	128.8038099649123	26.49678376421053	0.0	0.0	1	1.0266463495617828	-4.1716357954656615	138.0	13	1.05	0.95				
	110	1	143.5242453894737	29.440870849122806	0.0	0.0	1	1.05	-5.525932334757158	138.0	13	1.05	0.95				
	111	1	0.0	0.0	0.0	0.0	1	1.014215484019072	-1.4004378550476329	230.0	13	1.05	0.95				
	112	1	0.0	0.0	0.0	0.0	1	1.0160990675642376	-0.47346237142168796	230.0	13	1.05	0.95				
	113	3	195.0457693754386	39.74517564631579	0.0	0.0	1	1.0145982755167937	1.0331281896224277e-28	230.0	14	1.05	0.95				
	114	2	142.7882236182456	28.70484907789474	0.0	0.0	1	1.0174246102395443	0.8634442944222088	230.0	16	1.05	0.95				
	115	2	233.31890147929823	47.105393358596494	0.0	0.0	1	1.0454023723962604	8.818725727050236	230.0	16	1.05	0.95				
	116	2	73.60217712280702	14.720435424561403	0.0	0.0	1	1.0439348764149396	8.486772504355516	230.0	16	1.05	0.95				
	117	1	0.0	0.0	0.0	0.0	1	1.04739693970265	11.464702470108037	230.0	17	1.05	0.95				
	118	2	245.09524981894737	50.04948044350878	0.0	0.0	1	1.049360283313474	12.057712256725065	230.0	17	1.05	0.95				
	119	1	133.2199405922807	27.232805535438597	0.0	0.0	1	1.0385057920734886	7.37427066187214	230.0	15	1.05	0.95				
	120	1	94.21078671719299	19.136566051929826	0.0	0.0	1	1.0403002306185125	7.795204456512197	230.0	15	1.05	0.95				
	121	2	0.0	0.0	0.0	0.0	1	1.05	12.706082652497269	230.0	17	1.05	0.95				
	122	2	0.0	0.0	0.0	0.0	1	1.05	19.120559979551917	230.0	17	1.05	0.95				
	123	2	0.0	0.0	0.0	0.0	1	1.0433516273073011	8.56832164881226	230.0	15	1.05	0.95				
	124	1	0.0	0.0	0.0	0.0	1	1.0219551002244691	4.659294614289427	230.0	16	1.05	0.95				
	201	2	79.35526523368421	16.164961436491225	0.0	0.0	2	1.04013448445315	-8.29040789993017	138.0	21	1.05	0.95				
	202	2	71.27278451543859	14.695419487719297	0.0	0.0	2	1.0401156366749549	-8.425542462257013	138.0	22	1.05	0.95				
	203	1	132.25877538947367	27.186526052280698	0.0	0.0	2	1.0277975985365042	-5.700278747860052	138.0	21	1.05	0.95				
	204	1	54.373052104561395	11.021564615789472	0.0	0.0	2	1.0195761432020967	-10.238196902962903	138.0	21	1.05	0.95				
	205	1	52.1687391814035	10.28679364140351	0.0	0.0	2	1.0356763744258086	-10.579720385251933	138.0	21	1.05	0.95				
	206	1	99.92885251649123	20.57358728280702	0.0	-100.0	2	1.0388739356669487	-12.565584307848079	138.0	22	1.05	0.95				
	207	2	91.84637179824561	18.369274359649122	0.0	0.0	2	0.9629097484197615	-23.63708615681497	138.0	22	1.05	0.95				
	208	1	125.64583662	25.716984103508768	0.0	0.0	2	0.9671981184454415	-19.986849077782125	138.0	22	1.05	0.95				
	209	1	128.58492051754385	26.451755077894735	0.0	0.0	2	1.0258844430268348	-8.76063776662885	138.0	23	1.05	0.95				
	210	1	143.28034000526313	29.390838975438594	0.0	0.0	2	1.05	-10.603195203684509	138.0	23	1.05	0.95				
	211	1	0.0	0.0	0.0	0.0	2	1.0260133162452825	-3.9071616567443486	230.0	23	1.05	0.95				
	212	1	0.0	0.0	0.0	0.0	2	1.0207326061505302	-2.7210769588092316	230.0	23	1.05	0.95				
	213	2	194.71430821228068	39.677632616842104	0.0	0.0	2	1.0377440931574102	-0.18427238744365537	230.0	24	1.05	0.95				
	214	2	142.54556903087718	28.65606800105263	0.0	0.0	2	1.0407123230747017	-1.5576069339287915	230.0	26	1.05	0.95				
	215	2	232.92239888035087	47.02534236070175	0.0	0.0	2	1.0446996773306738	6.245458255922018	230.0	26	1.05	0.95				
	216	2	73.47709743859649	14.695419487719297	0.0	0.0	2	1.0481152019900093	6.276224271242049	230.0	26	1.05	0.95				
	217	1	0.0	0.0	0.0	0.0	2	1.0491479990055237	9.295829630158055	230.0	27	1.05	0.95				
	218	2	244.6787344705263	49.96442625824562	0.0	0.0	2	1.05	10.11550295542995	230.0	27	1.05	0.95				
	219	1	132.99354636385965	27.186526052280698	0.0	0.0	2	1.0437592719235833	5.785974972597401	230.0	25	1.05	0.95				
	220	1	94.0506847214035	19.104045334035085	0.0	0.0	2	1.0463428977485862	6.733332465364733	230.0	25	1.05	0.95				
	221	2	0.0	0.0	0.0	0.0	2	1.05	10.544697758107867	230.0	27	1.05	0.95				
	222	2	0.0	0.0	0.0	0.0	2	1.05	16.566545908415343	230.0	27	1.05	0.95				
	223	2	0.0	0.0	0.0	0.0	2	1.05	7.786758599739079	230.0	25	1.05	0.95				
	224	1	0.0	0.0	0.0	0.0	2	1.0233539449808668	1.7956892232790764	230.0	26	1.05	0.95				
	301	2	75.64441630736842	15.409047766315789	0.0	0.0	3	1.0153200060445104	-19.23052404882665	138.0	31	1.05	0.95				
	302	2	67.93989242421053	14.008225242105263	0.0	0.0	3	1.013925296248815	-19.59729613239715	138.0	32	1.05	0.95				
	303	1	126.07402717894738	25.91521669789474	0.0	0.0	3	1.0190847926289814	-13.240752055973223	138.0	31	1.05	0.95				
	304	1	51.83043339578948	10.506168931578948	0.0	0.0	3	1.0081515728219912	-18.19273996529193	138.0	31	1.05	0.95				
	305	1	49.72919960947368	9.805757669473685	0.0	0.0	3	1.0232206821767404	-18.892230741082503	138.0	31	1.05	0.95				
	306	1	95.2559316463158	19.61151533894737	0.0	-100.0	3	1.0337878377404208	-19.48084689730041	138.0	32	1.05	0.95				
	307	2	87.5514077631579	17.51028155263158	0.0	0.0	3	1.0109843287267681	-20.70314044069942	138.0	32	1.05	0.95				
	308	1	119.77032582	24.51439417368421	0.0	0.0	3	1.0032242130167215	-20.60339161841888	138.0	32	1.05	0.95				
	309	1	122.57197086842106	25.214805435789472	0.0	0.0	3	1.0276524072520887	-14.183658883158165	138.0	33	1.05	0.95				
	310	1	136.58019611052632	28.016450484210527	0.0	0.0	3	1.05	-16.30987463044947	138.0	33	1.05	0.95				
	311	1	0.0	0.0	0.0	0.0	3	1.0219587817460158	-8.950812132591185	230.0	33	1.05	0.95				
	312	1	0.0	0.0	0.0	0.0	3	1.018448783055152	-7.631480950121224	230.0	33	1.05	0.95				
	313	2	185.60898445789473	37.82220815368421	0.0	0.0	3	1.0344471031346179	-4.296830807603789	230.0	34	1.05	0.95				
	314	2	135.87978484842105	27.316039222105264	0.0	0.0	3	1.0339729352583429	-6.850830988402953	230.0	36	1.05	0.95				
	315	2	222.03037008736842	44.82632077473684	0.0	0.0	3	1.049126243431419	0.09734355800276108	230.0	36	1.05	0.95				
	316	2	70.04112621052631	14.008225242105263	0.0	0.0	3	1.0482172186990222	0.38041136296565	230.0	36	1.05	0.95				
	317	1	0.0	0.0	0.0	0.0	3	1.048763480538188	2.3620577714266777	230.0	37	1.05	0.95				
	318	2	233.23695028105266	47.6279658231579	0.0	0.0	3	1.0482152701836436	2.545647780902463	230.0	37	1.05	0.95				
	319	1	126.77443844105262	25.91521669789474	0.0	0.0	3	1.0440542752634094	0.32825273932819593	230.0	35	1.05	0.95				
	320	1	89.65264154947369	18.21069281473684	0.0	0.0	3	1.0464518302135242	1.5929472415742527	230.0	35	1.05	0.95				
	321	2	0.0	0.0	0.0	0.0	3	1.05	3.6498137094234577	230.0	37	1.05	0.95				
	322	2	0.0	0.0	0.0	0.0	3	1.05	8.920083166631754	230.0	37	1.05	0.95				
	323	2	0.0	0.0	0.0	0.0	3	1.05	2.79574936616343	230.0	35	1.05	0.95				
	324	1	0.0	0.0	0.0	0.0	3	1.0208865299406822	-4.813786048313723	230.0	36	1.05	0.95				
	325	1	0.0	0.0	0.0	0.0	3	1.0479560524622245	3.6161095577615603	230.0	35	1.05	0.95				
];
