%% MATPOWER Case Format : Version 2
function mpc = RTS_GMLC
mpc.version = '2';

%%-----  Power Flow Data  -----%%
%% system MVA base
mpc.baseMVA = 100.0;
%% bus data
%    bus_i    type    Pd    Qd    Gs    Bs    area    Vm    Va    baseKV    zone    Vmax    Vmin
mpc.bus = [
	101	2	44.30084115789473	9.02424542105263	0.0	0.0	1	1.0360962444524093	2.953218826485973	138.0	11	1.05	0.95				
	102	2	39.78871844736842	8.203859473684211	0.0	0.0	1	1.0356903414852752	2.8213325487653367	138.0	12	1.05	0.95				
	103	1	73.8347352631579	15.177140026315788	0.0	0.0	1	1.0298493868376375	0.4027250855861806	138.0	11	1.05	0.95				
	104	1	30.354280052631577	6.152894605263157	0.0	0.0	1	1.0227824867613449	-0.6135656454183013	138.0	11	1.05	0.95				
	105	1	29.123701131578944	5.742701631578948	0.0	0.0	1	1.0372821046825622	-0.3418628571199203	138.0	11	1.05	0.95				
	106	1	55.786244421052636	11.485403263157895	0.0	-100.0	1	1.0463956836454593	-2.6143877213007145	138.0	12	1.05	0.95				
	107	2	51.27412171052631	10.254824342105263	0.0	0.0	1	1.000628993624549	-7.693000948278598	138.0	12	1.05	0.95				
	108	1	70.14299849999999	14.356754078947365	0.0	0.0	1	1.0053313742509116	-6.597023395164013	138.0	12	1.05	0.95				
	109	1	71.78377039473683	14.766947052631577	0.0	0.0	1	1.0249287415061936	-1.7717652086264233	138.0	13	1.05	0.95				
	110	1	79.98762986842104	16.407718947368423	0.0	0.0	1	1.05	-2.399773959125928	138.0	13	1.05	0.95				
	111	1	0.0	0.0	0.0	0.0	1	1.0029071044494078	-0.2328668479910584	230.0	13	1.05	0.95				
	112	1	0.0	0.0	0.0	0.0	1	1.0081495412816381	0.20230519568972713	230.0	13	1.05	0.95				
	113	3	108.70113802631577	22.150420578947365	0.0	0.0	1	0.9942560721278224	-7.8679391557200675e-28	230.0	14	1.05	0.95				
	114	2	79.57743689473683	15.99752597368421	0.0	0.0	1	0.9988070141873163	1.5488006204933529	230.0	16	1.05	0.95				
	115	2	130.03117265789473	26.252350315789467	0.0	0.0	1	1.0387195669246174	6.650690930354219	230.0	16	1.05	0.95				
	116	2	41.01929736842105	8.203859473684211	0.0	0.0	1	1.0339042873595525	6.408313597930177	230.0	16	1.05	0.95				
	117	1	0.0	0.0	0.0	0.0	1	1.0423128772077457	7.991867919785347	230.0	17	1.05	0.95				
	118	2	136.5942602368421	27.893122210526318	0.0	0.0	1	1.045348404756514	7.8064012790093535	230.0	17	1.05	0.95				
	119	1	74.2449282368421	15.177140026315788	0.0	0.0	1	1.0271214238777469	5.597656265686809	230.0	15	1.05	0.95				
	120	1	52.504700631578935	10.665017315789473	0.0	0.0	1	1.0239406506320052	5.688388141823685	230.0	15	1.05	0.95				
	121	2	0.0	0.0	0.0	0.0	1	1.05	8.56908509904596	230.0	17	1.05	0.95				
	122	2	0.0	0.0	0.0	0.0	1	1.05	15.783902907041119	230.0	17	1.05	0.95				
	123	2	0.0	0.0	0.0	0.0	1	1.0226826872573678	6.058031216161093	230.0	15	1.05	0.95				
	124	1	0.0	0.0	0.0	0.0	1	1.0269238458803913	4.314220057218242	230.0	16	1.05	0.95				
	201	2	45.76357625684211	9.322209978245615	0.0	0.0	2	1.027950952327728	-5.9286216394849305	138.0	21	1.05	0.95				
	202	2	41.102471267719295	8.47473634385965	0.0	0.0	2	1.0286275043800608	-5.8085437487769225	138.0	22	1.05	0.95				
	203	1	76.27262709473685	15.67826223614035	0.0	0.0	2	1.018721750060043	-6.024401175433251	138.0	21	1.05	0.95				
	204	1	31.3565244722807	6.356052257894737	0.0	0.0	2	1.0188999417034834	-7.933340333672235	138.0	21	1.05	0.95				
	205	1	30.08531402070175	5.932315440701755	0.0	0.0	2	1.0336920174262045	-8.068320196139787	138.0	21	1.05	0.95				
	206	1	57.628207138245614	11.86463088140351	0.0	-100.0	2	1.0450123768911888	-9.657049712290938	138.0	22	1.05	0.95				
	207	2	52.9671021491228	10.593420429824562	0.0	0.0	2	0.9899318765725713	-15.982718817731364	138.0	22	1.05	0.95				
	208	1	72.45899573999999	14.830788601754385	0.0	0.0	2	0.9973012112329098	-14.08102508723476	138.0	22	1.05	0.95				
	209	1	74.15394300877193	15.254525418947368	0.0	0.0	2	1.0230322390738695	-7.936489957331646	138.0	23	1.05	0.95				
	210	1	82.62867935263158	16.9494726877193	0.0	0.0	2	1.05	-8.882698493580586	138.0	23	1.05	0.95				
	211	1	0.0	0.0	0.0	0.0	2	1.0045478992553034	-5.403800244176334	230.0	23	1.05	0.95				
	212	1	0.0	0.0	0.0	0.0	2	1.0092320703992388	-4.940978097028637	230.0	23	1.05	0.95				
	213	2	112.29025655614035	22.881788128421054	0.0	0.0	2	0.9980242748927546	-4.613835257425984	230.0	24	1.05	0.95				
	214	2	82.20494253543859	16.52573587052632	0.0	0.0	2	1.004532117096295	-2.9688757724177517	230.0	26	1.05	0.95				
	215	2	134.32457105017542	27.119156300350877	0.0	0.0	2	1.0263936507045441	3.1760218797615276	230.0	26	1.05	0.95				
	216	2	42.37368171929825	8.47473634385965	0.0	0.0	2	1.0277904901409263	2.9965478274576376	230.0	26	1.05	0.95				
	217	1	0.0	0.0	0.0	0.0	2	1.0333297789071678	5.63036647429813	230.0	27	1.05	0.95				
	218	2	141.10436012526316	28.814103569122807	0.0	0.0	2	1.0348716675581464	6.085302638563837	230.0	27	1.05	0.95				
	219	1	76.69636391192982	15.67826223614035	0.0	0.0	2	1.0281363972742557	2.090847195905722	230.0	25	1.05	0.95				
	220	1	54.238312600701754	11.017157247017543	0.0	0.0	2	1.0313285714768163	2.1297136826617575	230.0	25	1.05	0.95				
	221	2	0.0	0.0	0.0	0.0	2	1.034963458939845	5.876894706619675	230.0	27	1.05	0.95				
	222	2	0.0	0.0	0.0	0.0	2	1.05	12.277027242819177	230.0	27	1.05	0.95				
	223	2	0.0	0.0	0.0	0.0	2	1.0336101524363757	2.4727765950368603	230.0	25	1.05	0.95				
	224	1	0.0	0.0	0.0	0.0	2	1.012126698087504	-0.27787700013613753	230.0	26	1.05	0.95				
	301	2	52.27459666105263	10.648528949473683	0.0	0.0	3	1.0070876058123808	-27.612090184585526	138.0	31	1.05	0.95				
	302	2	46.950332186315784	9.680480863157895	0.0	0.0	3	1.0065858617621015	-27.73218803820497	138.0	32	1.05	0.95				
	303	1	87.12432776842105	17.908889596842105	0.0	0.0	3	1.0225582326817528	-21.577006616786868	138.0	31	1.05	0.95				
	304	1	35.81777919368421	7.260360647368421	0.0	0.0	3	1.0087741947292006	-26.09575814377427	138.0	31	1.05	0.95				
	305	1	34.36570706421052	6.776336604210527	0.0	0.0	3	1.0220819462225752	-26.902731606968093	138.0	31	1.05	0.95				
	306	1	65.82726986947368	13.552673208421053	0.0	-100.0	3	1.0384448457441748	-27.068299196146445	138.0	32	1.05	0.95				
	307	2	60.50300539473684	12.100601078947367	0.0	0.0	3	0.9925821514981188	-32.48691246584672	138.0	32	1.05	0.95				
	308	1	82.76811138	16.940841510526315	0.0	0.0	3	0.9969818733964162	-30.257423437543107	138.0	32	1.05	0.95				
	309	1	84.70420755263157	17.42486555368421	0.0	0.0	3	1.0264349910696793	-22.780077281226475	138.0	33	1.05	0.95				
	310	1	94.38468841578947	19.36096172631579	0.0	0.0	3	1.05	-24.637870895436013	138.0	33	1.05	0.95				
	311	1	0.0	0.0	0.0	0.0	3	1.0126063779962555	-18.146977097558075	230.0	33	1.05	0.95				
	312	1	0.0	0.0	0.0	0.0	3	1.013945840209448	-17.619469837206022	230.0	33	1.05	0.95				
	313	2	128.2663714368421	26.137298330526313	0.0	0.0	3	1.0166749959119783	-14.503178645866761	230.0	34	1.05	0.95				
	314	2	93.90066437263157	18.876937683157895	0.0	0.0	3	1.0195154414064629	-15.745484851757622	230.0	36	1.05	0.95				
	315	2	153.43562168105262	30.97753876210526	0.0	0.0	3	1.043000625082742	-10.08964968530165	230.0	36	1.05	0.95				
	316	2	48.40240431578947	9.680480863157895	0.0	0.0	3	1.0424850000441694	-9.478415402867423	230.0	36	1.05	0.95				
	317	1	0.0	0.0	0.0	0.0	3	1.0459930896583638	-7.1403626077599025	230.0	37	1.05	0.95				
	318	2	161.18000637157894	32.91363493473684	0.0	0.0	3	1.0451049080946708	-7.010446213626794	230.0	37	1.05	0.95				
	319	1	87.60835181157894	17.908889596842105	0.0	0.0	3	1.039186068336552	-10.432365187122663	230.0	35	1.05	0.95				
	320	1	61.95507752421052	12.584625122105264	0.0	0.0	3	1.0398469731045163	-10.343489547575585	230.0	35	1.05	0.95				
	321	2	0.0	0.0	0.0	0.0	3	1.0469243578688094	-6.937255223145936	230.0	37	1.05	0.95				
	322	2	0.0	0.0	0.0	0.0	3	1.05	-2.6800712119810743	230.0	37	1.05	0.95				
	323	2	0.0	0.0	0.0	0.0	3	1.0409977320036607	-9.933040358960174	230.0	35	1.05	0.95				
	324	1	0.0	0.0	0.0	0.0	3	1.0209675384126238	-14.353270243392101	230.0	36	1.05	0.95				
	325	1	0.0	0.0	0.0	0.0	3	1.0352725719142348	-8.40993698144149	230.0	35	1.05	0.95				
];
