%% MATPOWER Case Format : Version 2
function mpc = RTS_GMLC
mpc.version = '2';

%%-----  Power Flow Data  -----%%
%% system MVA base
mpc.baseMVA = 100.0;
%% bus data
%    bus_i    type    Pd    Qd    Gs    Bs    area    Vm    Va    baseKV    zone    Vmax    Vmin
mpc.bus = [
	101	2	38.58287976	7.859475506666666	0.0	0.0	1	1.0334334936847935	3.327217456219571	138.0	11	1.05	0.95				
	102	2	34.65314200666666	7.1449777333333335	0.0	0.0	1	1.032549990331505	3.080022113574735	138.0	12	1.05	0.95				
	103	1	64.3047996	13.218208806666665	0.0	0.0	1	1.029565681764818	1.239683287145576	138.0	11	1.05	0.95				
	104	1	26.43641761333333	5.358733299999999	0.0	0.0	1	1.0222833464973362	-0.025237610648949072	138.0	11	1.05	0.95				
	105	1	25.36467095333333	5.001484413333333	0.0	0.0	1	1.0367716158431874	0.24961270103316321	138.0	11	1.05	0.95				
	106	1	48.58584858666667	10.002968826666667	0.0	-100.0	1	1.0473009225648555	-1.889118471434808	138.0	12	1.05	0.95				
	107	2	44.65611083333333	8.931222166666666	0.0	0.0	1	1.0007432868670711	-7.030314831940368	138.0	12	1.05	0.95				
	108	1	61.08955962	12.503711033333332	0.0	0.0	1	1.00685409769535	-5.7668201985669345	138.0	12	1.05	0.95				
	109	1	62.518555166666665	12.860959919999997	0.0	0.0	1	1.024450684729281	-1.1141199079591517	138.0	13	1.05	0.95				
	110	1	69.66353289999999	14.289955466666667	0.0	0.0	1	1.05	-1.7429883632418068	138.0	13	1.05	0.95				
	111	1	0.0	0.0	0.0	0.0	1	1.0011436488476484	0.23585617136135692	230.0	13	1.05	0.95				
	112	1	0.0	0.0	0.0	0.0	1	1.0063543505317223	0.44571017557670944	230.0	13	1.05	0.95				
	113	3	94.67095496666667	19.29143988	0.0	0.0	1	0.990405887570089	-9.282926285087213e-31	230.0	14	1.05	0.95				
	114	2	69.30628401333333	13.932706580000001	0.0	0.0	1	0.9970080853844354	2.2457735469464866	230.0	16	1.05	0.95				
	115	2	113.24789707333333	22.863928746666666	0.0	0.0	1	1.0345783674461062	7.319597591576176	230.0	16	1.05	0.95				
	116	2	35.724888666666665	7.1449777333333335	0.0	0.0	1	1.0304200517821047	7.099711631578517	230.0	16	1.05	0.95				
	117	1	0.0	0.0	0.0	0.0	1	1.0390344783161274	9.285889136810695	230.0	17	1.05	0.95				
	118	2	118.96387926	24.292924293333336	0.0	0.0	1	1.0423243078649473	9.323562791480139	230.0	17	1.05	0.95				
	119	1	64.66204848666666	13.218208806666665	0.0	0.0	1	1.023739306967405	5.996507811125849	230.0	15	1.05	0.95				
	120	1	45.72785749333333	9.288471053333334	0.0	0.0	1	1.0201632949546526	5.7334035984432115	230.0	15	1.05	0.95				
	121	2	0.0	0.0	0.0	0.0	1	1.0462912714494308	10.180822791423628	230.0	17	1.05	0.95				
	122	2	0.0	0.0	0.0	0.0	1	1.05	17.78904269417236	230.0	17	1.05	0.95				
	123	2	0.0	0.0	0.0	0.0	1	1.0183999249921998	5.869792429385258	230.0	15	1.05	0.95				
	124	1	0.0	0.0	0.0	0.0	1	1.0244229066967272	5.0356903323899225	230.0	16	1.05	0.95				
	201	2	40.59562410947368	8.269478985263158	0.0	0.0	2	1.0214625424255206	-7.672256652638376	138.0	21	1.05	0.95				
	202	2	36.4608846168421	7.517708168421053	0.0	0.0	2	1.0217696583069695	-7.636024893658539	138.0	22	1.05	0.95				
	203	1	67.65937351578947	13.907760111578945	0.0	0.0	2	1.0165596024577017	-6.466439120428461	138.0	21	1.05	0.95				
	204	1	27.81552022315789	5.638281126315789	0.0	0.0	2	1.0166990633900381	-8.712733806385845	138.0	21	1.05	0.95				
	205	1	26.687863997894734	5.262395717894737	0.0	0.0	2	1.0312924083303756	-8.967263059776611	138.0	21	1.05	0.95				
	206	1	51.12041554526316	10.524791435789474	0.0	-100.0	2	1.0450852483021522	-10.081804960786036	138.0	22	1.05	0.95				
	207	2	46.985676052631575	9.397135210526315	0.0	0.0	2	0.9942605470890903	-15.207170854330306	138.0	22	1.05	0.95				
	208	1	64.27640484	13.155989294736841	0.0	0.0	2	1.0016489770530677	-13.549126581575635	138.0	22	1.05	0.95				
	209	1	65.7799464736842	13.531874703157893	0.0	0.0	2	1.022645963930121	-8.035701185253238	138.0	23	1.05	0.95				
	210	1	73.29765464210526	15.035416336842106	0.0	0.0	2	1.05	-9.06456410201884	138.0	23	1.05	0.95				
	211	1	0.0	0.0	0.0	0.0	2	1.0025088823181585	-5.5933429075520555	230.0	23	1.05	0.95				
	212	1	0.0	0.0	0.0	0.0	2	1.0067000843206866	-4.858566756958818	230.0	23	1.05	0.95				
	213	2	99.60963323157894	20.29781205473684	0.0	0.0	2	0.9961938963139	-4.435032201250115	230.0	24	1.05	0.95				
	214	2	72.9217692336842	14.659530928421052	0.0	0.0	2	1.0002267545472974	-3.5067890985715513	230.0	26	1.05	0.95				
	215	2	119.15567446947368	24.05666613894737	0.0	0.0	2	1.0183207427952714	1.6900326048549965	230.0	26	1.05	0.95				
	216	2	37.58854084210526	7.517708168421053	0.0	0.0	2	1.0198031296400742	1.7071290200602054	230.0	26	1.05	0.95				
	217	1	0.0	0.0	0.0	0.0	2	1.0250232305134679	3.30007825550277	230.0	27	1.05	0.95				
	218	2	125.16984100421051	25.56020777263158	0.0	0.0	2	1.0242607893122162	2.8117993140436375	230.0	27	1.05	0.95				
	219	1	68.03525892421052	13.907760111578945	0.0	0.0	2	1.0210299332680774	1.6261786414404806	230.0	25	1.05	0.95				
	220	1	48.11333227789474	9.773020618947369	0.0	0.0	2	1.0243689083675778	2.2981894273592434	230.0	25	1.05	0.95				
	221	2	0.0	0.0	0.0	0.0	2	1.0259156214960903	3.2451982185580066	230.0	27	1.05	0.95				
	222	2	0.0	0.0	0.0	0.0	2	1.0480027123899245	9.781965560798039	230.0	27	1.05	0.95				
	223	2	0.0	0.0	0.0	0.0	2	1.0266884653885733	2.9565102186303824	230.0	25	1.05	0.95				
	224	1	0.0	0.0	0.0	0.0	2	1.0074936359641382	-1.3898770813046493	230.0	26	1.05	0.95				
	301	2	43.886744715789476	8.939892442105263	0.0	0.0	3	1.0076587883631698	-18.162538882277147	138.0	31	1.05	0.95				
	302	2	39.41679849473684	8.12717494736842	0.0	0.0	3	1.0076459464682717	-18.23056976750107	138.0	32	1.05	0.95				
	303	1	73.1445745263158	15.035273652631579	0.0	0.0	3	1.0202437267919535	-13.673607502543254	138.0	31	1.05	0.95				
	304	1	30.070547305263158	6.095381210526315	0.0	0.0	3	1.01143457277706	-16.520229442086965	138.0	31	1.05	0.95				
	305	1	28.85147106315789	5.689022463157896	0.0	0.0	3	1.023605453751545	-17.62055934445631	138.0	31	1.05	0.95				
	306	1	55.264789642105264	11.378044926315791	0.0	-100.0	3	1.0410055264637967	-17.803008882159133	138.0	32	1.05	0.95				
	307	2	50.794843421052626	10.158968684210526	0.0	0.0	3	0.9941444806951634	-21.834876181755096	138.0	32	1.05	0.95				
	308	1	69.4873458	14.222556157894736	0.0	0.0	3	1.0013369517679753	-20.02899253047098	138.0	32	1.05	0.95				
	309	1	71.11278078947369	14.628914905263157	0.0	0.0	3	1.0273939329732742	-13.46454042712146	138.0	33	1.05	0.95				
	310	1	79.2399557368421	16.25434989473684	0.0	0.0	3	1.05	-15.769667963065423	138.0	33	1.05	0.95				
	311	1	0.0	0.0	0.0	0.0	3	1.0060842806156016	-10.479542840328529	230.0	33	1.05	0.95				
	312	1	0.0	0.0	0.0	0.0	3	1.0108660753492098	-9.865581856367948	230.0	33	1.05	0.95				
	313	2	107.68506805263156	21.943372357894738	0.0	0.0	3	1.0091189575581625	-7.038090743639705	230.0	34	1.05	0.95				
	314	2	78.83359698947368	15.84799114736842	0.0	0.0	3	1.001585432796459	-9.221137702138773	230.0	36	1.05	0.95				
	315	2	128.81572291578948	26.006959831578946	0.0	0.0	3	1.026058411651262	-5.685667520884861	230.0	36	1.05	0.95				
	316	2	40.635874736842105	8.12717494736842	0.0	0.0	3	1.0252565907234472	-5.019519180352884	230.0	36	1.05	0.95				
	317	1	0.0	0.0	0.0	0.0	3	1.032510439479603	-2.7309955817518214	230.0	37	1.05	0.95				
	318	2	135.3174628736842	27.632394821052632	0.0	0.0	3	1.0307077417410033	-3.2255175714126527	230.0	37	1.05	0.95				
	319	1	73.55093327368421	15.035273652631579	0.0	0.0	3	1.022347252562868	-5.423222924551	230.0	35	1.05	0.95				
	320	1	52.01391966315789	10.565327431578947	0.0	0.0	3	1.0224480348566896	-4.97463020007708	230.0	35	1.05	0.95				
	321	2	0.0	0.0	0.0	0.0	3	1.0315022159255562	-3.496516256714594	230.0	37	1.05	0.95				
	322	2	0.0	0.0	0.0	0.0	3	1.0453029426292177	1.1497889714772718	230.0	37	1.05	0.95				
	323	2	0.0	0.0	0.0	0.0	3	1.0230682825449933	-4.411980069522805	230.0	35	1.05	0.95				
	324	1	0.0	0.0	0.0	0.0	3	1.0138097531393653	-8.688391201512959	230.0	36	1.05	0.95				
	325	1	0.0	0.0	0.0	0.0	3	1.0207754110526264	-3.1765561488528147	230.0	35	1.05	0.95				
];
