%% MATPOWER Case Format : Version 2
function mpc = RTS_GMLC
mpc.version = '2';

%%-----  Power Flow Data  -----%%
%% system MVA base
mpc.baseMVA = 100.0;
%% bus data
%    bus_i    type    Pd    Qd    Gs    Bs    area    Vm    Va    baseKV    zone    Vmax    Vmin
mpc.bus = [
	101	2	80.2384957894737	16.344878771929828	0.0	0.0	1	1.047996318604954	0.16612156939366882	138.0	11	1.05	0.95				
	102	2	72.06605640350877	14.858980701754387	0.0	0.0	1	1.0472849606420436	-0.08879347460658744	138.0	12	1.05	0.95				
	103	1	133.7308263157895	27.489114298245614	0.0	0.0	1	1.0285088885625477	-1.5605911234797307	138.0	11	1.05	0.95				
	104	1	54.97822859649123	11.144235526315791	0.0	0.0	1	1.025374534152664	-3.577392444826983	138.0	11	1.05	0.95				
	105	1	52.74938149122808	10.401286491228072	0.0	0.0	1	1.038361731460386	-3.9861010291136965	138.0	11	1.05	0.95				
	106	1	101.04106877192984	20.802572982456145	0.0	-100.0	1	1.0391502456551145	-7.0371050795712975	138.0	12	1.05	0.95				
	107	2	92.86862938596492	18.573725877192985	0.0	0.0	1	1.0253526121338283	-8.038756333789411	138.0	12	1.05	0.95				
	108	1	127.044285	26.003216228070176	0.0	0.0	1	1.01108721307213	-9.184006823483184	138.0	12	1.05	0.95				
	109	1	130.01608114035088	26.746165263157895	0.0	0.0	1	1.0268798742374143	-4.518080260298199	138.0	13	1.05	0.95				
	110	1	144.87506184210528	29.717961403508774	0.0	0.0	1	1.05	-5.930687728259619	138.0	13	1.05	0.95				
	111	1	0.0	0.0	0.0	0.0	1	1.0133328458494957	-1.9970656118673817	230.0	13	1.05	0.95				
	112	1	0.0	0.0	0.0	0.0	1	1.016383069236624	-1.2402974755670981	230.0	13	1.05	0.95				
	113	3	196.88149429824563	40.11924789473685	0.0	0.0	1	1.0142905777614037	-1.9649572625986534e-30	230.0	14	1.05	0.95				
	114	2	144.13211280701753	28.975012368421055	0.0	0.0	1	1.0143487634235193	-0.4619150846037109	230.0	16	1.05	0.95				
	115	2	235.51484412280703	47.54873824561404	0.0	0.0	1	1.0435588246193224	6.740722214771762	230.0	16	1.05	0.95				
	116	2	74.29490350877194	14.858980701754387	0.0	0.0	1	1.0410823377225331	6.205185449072928	230.0	16	1.05	0.95				
	117	1	0.0	0.0	0.0	0.0	1	1.0452650694865924	8.912830617745032	230.0	17	1.05	0.95				
	118	2	247.40202868421056	50.52053438596492	0.0	0.0	1	1.047251377381835	9.292078999011338	230.0	17	1.05	0.95				
	119	1	134.47377535087722	27.489114298245614	0.0	0.0	1	1.0349168676128309	5.06275452632224	230.0	15	1.05	0.95				
	120	1	95.09747649122808	19.316674912280703	0.0	0.0	1	1.0349751520376251	4.949350744861427	230.0	15	1.05	0.95				
	121	2	0.0	0.0	0.0	0.0	1	1.05	10.842521834773473	230.0	17	1.05	0.95				
	122	2	0.0	0.0	0.0	0.0	1	1.05	17.06093207018936	230.0	17	1.05	0.95				
	123	2	0.0	0.0	0.0	0.0	1	1.03699660520251	5.441039900752471	230.0	15	1.05	0.95				
	124	1	0.0	0.0	0.0	0.0	1	1.0273373665531926	3.6501458088056853	230.0	16	1.05	0.95				
	201	2	77.89327878315791	15.86714938175439	0.0	0.0	2	1.0360967912182955	-11.743794282163089	138.0	21	1.05	0.95				
	202	2	69.9597040922807	14.424681256140353	0.0	0.0	2	1.0364230591698183	-11.796057798286922	138.0	22	1.05	0.95				
	203	1	129.82213130526316	26.68566032385965	0.0	0.0	2	1.0218048496491332	-9.886794702274557	138.0	21	1.05	0.95				
	204	1	53.3713206477193	10.818510942105263	0.0	0.0	2	1.018039455646575	-13.339626239528341	138.0	21	1.05	0.95				
	205	1	51.20761845929825	10.097276879298247	0.0	0.0	2	1.0339012510121464	-13.646077480800495	138.0	21	1.05	0.95				
	206	1	98.08783254175441	20.194553758596495	0.0	-100.0	2	1.0385098074242851	-15.387353059299262	138.0	22	1.05	0.95				
	207	2	90.1542578508772	18.03085157017544	0.0	0.0	2	0.966030661723915	-26.15932612465284	138.0	22	1.05	0.95				
	208	1	123.33102474000002	25.243192198245616	0.0	0.0	2	0.9697329284369058	-22.59030768582125	138.0	22	1.05	0.95				
	209	1	126.21596099122809	25.96442626105263	0.0	0.0	2	1.0256518633690637	-11.683542292220979	138.0	23	1.05	0.95				
	210	1	140.64064224736842	28.849362512280706	0.0	0.0	2	1.05	-13.303792631835256	138.0	23	1.05	0.95				
	211	1	0.0	0.0	0.0	0.0	2	1.0236529261722693	-8.28147159386872	230.0	23	1.05	0.95				
	212	1	0.0	0.0	0.0	0.0	2	1.0241951867590517	-3.385859238032669	230.0	23	1.05	0.95				
	213	2	191.12702664385967	38.946639391578955	0.0	0.0	2	1.030183129813877	-5.853706030933146	230.0	24	1.05	0.95				
	214	2	139.9194081845614	28.12812844947369	0.0	0.0	2	1.0341019949772199	-6.274805563156955	230.0	26	1.05	0.95				
	215	2	228.6311979098246	46.158980019649135	0.0	0.0	2	1.041168712858835	1.2045287382041356	230.0	26	1.05	0.95				
	216	2	72.12340628070176	14.424681256140353	0.0	0.0	2	1.043111468235792	1.0060893502756005	230.0	26	1.05	0.95				
	217	1	0.0	0.0	0.0	0.0	2	1.0450540295372712	3.6629639243773555	230.0	27	1.05	0.95				
	218	2	240.17094291473686	49.043916270877205	0.0	0.0	2	1.0457365522312518	3.9044268254263907	230.0	27	1.05	0.95				
	219	1	130.5433653680702	26.68566032385965	0.0	0.0	2	1.0409800297119034	0.628409890861757	230.0	25	1.05	0.95				
	220	1	92.31796003929827	18.75208563298246	0.0	0.0	2	1.0453714650559165	1.6553164562514577	230.0	25	1.05	0.95				
	221	2	0.0	0.0	0.0	0.0	2	1.0456948617023254	3.765289339229396	230.0	27	1.05	0.95				
	222	2	0.0	0.0	0.0	0.0	2	1.05	10.233356737430505	230.0	27	1.05	0.95				
	223	2	0.0	0.0	0.0	0.0	2	1.05	2.7409859265818697	230.0	25	1.05	0.95				
	224	1	0.0	0.0	0.0	0.0	2	1.02007437963255	-2.9153845492869057	230.0	26	1.05	0.95				
	301	2	85.65517242947368	17.448275865263156	0.0	0.0	3	0.9819945171896252	-6.92607495638291	138.0	31	1.05	0.95				
	302	2	76.93103449684209	15.86206896842105	0.0	0.0	3	0.9842952042258187	-7.274962287094751	138.0	32	1.05	0.95				
	303	1	142.75862071578948	29.34482759157894	0.0	0.0	3	0.997896790525152	-3.9700465657336714	138.0	31	1.05	0.95				
	304	1	58.68965518315788	11.896551726315788	0.0	0.0	3	0.9753055072237461	-5.3808106792396915	138.0	31	1.05	0.95				
	305	1	56.31034483789472	11.103448277894737	0.0	0.0	3	0.9870429359324954	-5.253642815437649	138.0	31	1.05	0.95				
	306	1	107.86206898526316	22.206896555789474	0.0	-100.0	3	0.9967634446658589	-5.240538381179022	138.0	32	1.05	0.95				
	307	2	99.13793105263157	19.827586210526313	0.0	0.0	3	0.95	-11.802637357144413	138.0	32	1.05	0.95				
	308	1	135.62068968	27.758620694736834	0.0	0.0	3	0.9565895588105298	-7.847019492480904	138.0	32	1.05	0.95				
	309	1	138.7931034736842	28.55172414315789	0.0	0.0	3	0.997944948168743	-0.39417482495385037	138.0	33	1.05	0.95				
	310	1	154.65517244210523	31.7241379368421	0.0	0.0	3	1.0167391762779072	-0.863665204329938	138.0	33	1.05	0.95				
	311	1	0.0	0.0	0.0	0.0	3	0.9928773998646558	7.4081460682347	230.0	33	1.05	0.95				
	312	1	0.0	0.0	0.0	0.0	3	0.9975330486064836	9.207926048493434	230.0	33	1.05	0.95				
	313	2	210.1724138315789	42.82758621473684	0.0	0.0	3	1.0271882955331748	17.73083376236647	230.0	34	1.05	0.95				
	314	2	153.86206899368418	30.931034488421048	0.0	0.0	3	1.0051611144197907	6.035953046347859	230.0	36	1.05	0.95				
	315	2	251.41379314947363	50.75862069894737	0.0	0.0	3	1.05	1.5187780621205316	230.0	36	1.05	0.95				
	316	2	79.31034484210525	15.86206896842105	0.0	0.0	3	1.0479243537519953	3.3431075150887284	230.0	36	1.05	0.95				
	317	1	0.0	0.0	0.0	0.0	3	1.0494048172445087	2.7885476811952232	230.0	37	1.05	0.95				
	318	2	264.1034483242105	53.93103449263158	0.0	0.0	3	1.0474255666999763	1.6640316707261391	230.0	37	1.05	0.95				
	319	1	143.55172416421053	29.34482759157894	0.0	0.0	3	1.0399392719751681	6.121686825412013	230.0	35	1.05	0.95				
	320	1	101.51724139789474	20.620689658947366	0.0	0.0	3	1.0383056065765	8.58033248680347	230.0	35	1.05	0.95				
	321	2	0.0	0.0	0.0	0.0	3	1.0499999936482127	2.2752920404330648	230.0	37	1.05	0.95				
	322	2	0.0	0.0	0.0	0.0	3	1.05	6.823748735526868	230.0	37	1.05	0.95				
	323	2	0.0	0.0	0.0	0.0	3	1.0383477605603846	9.629529963893493	230.0	35	1.05	0.95				
	324	1	0.0	0.0	0.0	0.0	3	1.0250496225121328	1.4684563652737779	230.0	36	1.05	0.95				
	325	1	0.0	0.0	0.0	0.0	3	1.0399661500564275	9.737753434723745	230.0	35	1.05	0.95				
];
