%% MATPOWER Case Format : Version 2
function mpc = RTS_GMLC
mpc.version = '2';

%%-----  Power Flow Data  -----%%
%% system MVA base
mpc.baseMVA = 100.0;
%% bus data
%    bus_i    type    Pd    Qd    Gs    Bs    area    Vm    Va    baseKV    zone    Vmax    Vmin
mpc.bus = [
	101	2	66.63829786105264	13.574468082807018	0.0	0.0	1	1.043985564473812	1.8999180859126394	138.0	11	1.05	0.95				
	102	2	59.85106381964912	12.34042552982456	0.0	0.0	1	1.0428156255360796	1.5048829405903905	138.0	12	1.05	0.95				
	103	1	111.06382976842106	22.829787230175437	0.0	0.0	1	1.0272263239733246	1.2142664609651863	138.0	11	1.05	0.95				
	104	1	45.659574460350875	9.255319147368422	0.0	0.0	1	1.0243157062781432	-2.0023935914172344	138.0	11	1.05	0.95				
	105	1	43.80851063087719	8.638297870877194	0.0	0.0	1	1.0377437590316663	-2.402518807629393	138.0	11	1.05	0.95				
	106	1	83.91489360280703	17.276595741754388	0.0	-100.0	1	1.0415801436539494	-5.4620720834311	138.0	12	1.05	0.95				
	107	2	77.1276595614035	15.425531912280702	0.0	0.0	1	0.9968969708287315	-14.74818185572169	138.0	12	1.05	0.95				
	108	1	105.51063828	21.595744677192982	0.0	0.0	1	0.9937354054724139	-12.16736827250286	138.0	12	1.05	0.95				
	109	1	107.9787233859649	22.21276595368421	0.0	0.0	1	1.0246770512029368	-3.3964107452723833	138.0	13	1.05	0.95				
	110	1	120.31914891578947	24.68085105964912	0.0	0.0	1	1.05	-4.87690473325379	138.0	13	1.05	0.95				
	111	1	0.0	0.0	0.0	0.0	1	1.0142684308292145	-0.5860325652787391	230.0	13	1.05	0.95				
	112	1	0.0	0.0	0.0	0.0	1	1.0162359931565874	-0.8552365555025051	230.0	13	1.05	0.95				
	113	3	163.51063827017543	33.31914893052632	0.0	0.0	1	1.0121778746369492	-9.800640227456603e-33	230.0	14	1.05	0.95				
	114	2	119.70212763929824	24.063829783157896	0.0	0.0	1	1.0213148951092714	2.473403278470057	230.0	16	1.05	0.95				
	115	2	195.5957446477193	39.489361695438596	0.0	0.0	1	1.03990552752795	12.072461205228024	230.0	16	1.05	0.95				
	116	2	61.70212764912281	12.34042552982456	0.0	0.0	1	1.0370208897445459	10.57373675244322	230.0	16	1.05	0.95				
	117	1	0.0	0.0	0.0	0.0	1	1.040372969987893	16.308251929750956	230.0	17	1.05	0.95				
	118	2	205.46808507157897	41.95744680140351	0.0	0.0	1	1.05	16.92171754130857	230.0	17	1.05	0.95				
	119	1	111.68085104491227	22.829787230175437	0.0	0.0	1	1.0317990671717399	7.401135653434356	230.0	15	1.05	0.95				
	120	1	78.97872339087719	16.04255318877193	0.0	0.0	1	1.033747769437543	5.547362787303156	230.0	15	1.05	0.95				
	121	2	0.0	0.0	0.0	0.0	1	1.05	18.710033077215492	230.0	17	1.05	0.95				
	122	2	0.0	0.0	0.0	0.0	1	1.05	34.97450571175653	230.0	17	1.05	0.95				
	123	2	0.0	0.0	0.0	0.0	1	1.03634777113303	4.992982247700161	230.0	15	1.05	0.95				
	124	1	0.0	0.0	0.0	0.0	1	1.0216189106448388	8.0133012718826	230.0	16	1.05	0.95				
	201	2	68.59436487157896	13.97292617754386	0.0	0.0	2	1.02456625879491	-16.262674925336533	138.0	21	1.05	0.95				
	202	2	61.60790178280702	12.702660161403509	0.0	0.0	2	1.0256751335694017	-16.084218372082955	138.0	22	1.05	0.95				
	203	1	114.32394145263159	23.499921298596494	0.0	0.0	2	1.0139261805671358	-13.986101136491417	138.0	21	1.05	0.95				
	204	1	46.99984259719299	9.526995121052632	0.0	0.0	2	1.0143074750041456	-16.964146382106275	138.0	21	1.05	0.95				
	205	1	45.094443572982456	8.891862112982457	0.0	0.0	2	1.0292817121321116	-17.429937774028524	138.0	21	1.05	0.95				
	206	1	86.37808909754388	17.783724225964914	0.0	-100.0	2	1.038600835614845	-18.644139499941755	138.0	22	1.05	0.95				
	207	2	79.39162600877194	15.878325201754388	0.0	0.0	2	0.9849909054377596	-27.725090808810307	138.0	22	1.05	0.95				
	208	1	108.60774438	22.22965528245614	0.0	0.0	2	0.9850976533866569	-24.647149550939478	138.0	22	1.05	0.95				
	209	1	111.14827641228071	22.864788290526317	0.0	0.0	2	1.024661126267933	-15.084817336261267	138.0	23	1.05	0.95				
	210	1	123.85093657368422	25.405320322807018	0.0	0.0	2	1.05	-16.584666787398042	138.0	23	1.05	0.95				
	211	1	0.0	0.0	0.0	0.0	2	1.0182525328219496	-11.435342312907578	230.0	23	1.05	0.95				
	212	1	0.0	0.0	0.0	0.0	2	1.0192808826140631	-7.629197736597763	230.0	23	1.05	0.95				
	213	2	168.3102471385965	34.29718243578948	0.0	0.0	2	1.0236978968194175	-8.872699863866323	230.0	24	1.05	0.95				
	214	2	123.21580356561404	24.770187314736845	0.0	0.0	2	1.0254542458949323	-9.308348104662494	230.0	26	1.05	0.95				
	215	2	201.33716355824563	40.64851251649123	0.0	0.0	2	1.0359460154210003	-2.2149882687786433	230.0	26	1.05	0.95				
	216	2	63.51330080701755	12.702660161403509	0.0	0.0	2	1.0379750563619135	-2.390692606865721	230.0	26	1.05	0.95				
	217	1	0.0	0.0	0.0	0.0	2	1.0389900921937252	-0.6316095065266513	230.0	27	1.05	0.95				
	218	2	211.49929168736844	43.18904454877194	0.0	0.0	2	1.0375851910992884	-1.5675581745203107	230.0	27	1.05	0.95				
	219	1	114.95907446070177	23.499921298596494	0.0	0.0	2	1.038536432358781	-1.8271234444520568	230.0	25	1.05	0.95				
	220	1	81.29702503298246	16.513458209824563	0.0	0.0	2	1.0445325323652381	-0.14143527070571774	230.0	25	1.05	0.95				
	221	2	0.0	0.0	0.0	0.0	2	1.039185376664474	-0.9689374777546774	230.0	27	1.05	0.95				
	222	2	0.0	0.0	0.0	0.0	2	1.05	5.665478811438326	230.0	27	1.05	0.95				
	223	2	0.0	0.0	0.0	0.0	2	1.05	1.2399534482416086	230.0	25	1.05	0.95				
	224	1	0.0	0.0	0.0	0.0	2	1.0130514395323076	-6.577329560082113	230.0	26	1.05	0.95				
	301	2	67.01739957473684	13.651692505964913	0.0	0.0	3	0.9986445608618927	0.631243562906296	138.0	31	1.05	0.95				
	302	2	60.19155332175438	12.410629550877193	0.0	0.0	3	0.9984302433074018	0.5601751414637003	138.0	32	1.05	0.95				
	303	1	111.69566595789473	22.959664669122805	0.0	0.0	3	1.0190677932850218	4.910927654451704	138.0	31	1.05	0.95				
	304	1	45.91932933824561	9.307972163157894	0.0	0.0	3	1.002276857905775	2.6724634116268438	138.0	31	1.05	0.95				
	305	1	44.05773490561403	8.687440685614035	0.0	0.0	3	1.0148631414243885	2.455217955183753	138.0	31	1.05	0.95				
	306	1	84.39228094596491	17.37488137122807	0.0	-100.0	3	1.0319720812270803	2.780062825798606	138.0	32	1.05	0.95				
	307	2	77.56643469298245	15.51328693859649	0.0	0.0	3	0.9914621369816774	-2.4330470004824507	138.0	32	1.05	0.95				
	308	1	106.11088265999999	21.718601714035085	0.0	0.0	3	0.9972824529209426	0.42959572811010505	138.0	32	1.05	0.95				
	309	1	108.59300857017544	22.339133191578945	0.0	0.0	3	1.027595538929641	6.920239502578015	138.0	33	1.05	0.95				
	310	1	121.00363812105262	24.821259101754386	0.0	0.0	3	1.05	6.259692986961601	138.0	33	1.05	0.95				
	311	1	0.0	0.0	0.0	0.0	3	1.0174968759428153	12.84985505863769	230.0	33	1.05	0.95				
	312	1	0.0	0.0	0.0	0.0	3	1.021204043938351	14.051387044454493	230.0	33	1.05	0.95				
	313	2	164.4408415491228	33.50869978736842	0.0	0.0	3	1.0384600426914585	20.185883055915554	230.0	34	1.05	0.95				
	314	2	120.38310664350875	24.20072762421053	0.0	0.0	3	1.0213574342624545	12.564111877530172	230.0	36	1.05	0.95				
	315	2	196.7084783814035	39.714014562807016	0.0	0.0	3	1.0392723640427979	9.354110335403478	230.0	36	1.05	0.95				
	316	2	62.05314775438596	12.410629550877193	0.0	0.0	3	1.0397949936371509	10.615262492997598	230.0	36	1.05	0.95				
	317	1	0.0	0.0	0.0	0.0	3	1.0478517131290472	11.404196798371729	230.0	37	1.05	0.95				
	318	2	206.6369820221053	42.19614047298246	0.0	0.0	3	1.0456015736461866	9.396181022742153	230.0	37	1.05	0.95				
	319	1	112.3161974354386	22.959664669122805	0.0	0.0	3	1.0377078131412045	12.898413224441656	230.0	35	1.05	0.95				
	320	1	79.42802912561403	16.13381841614035	0.0	0.0	3	1.0385454917213892	14.629980897438646	230.0	35	1.05	0.95				
	321	2	0.0	0.0	0.0	0.0	3	1.044365300949422	9.988136714484416	230.0	37	1.05	0.95				
	322	2	0.0	0.0	0.0	0.0	3	1.05	14.880046557998122	230.0	37	1.05	0.95				
	323	2	0.0	0.0	0.0	0.0	3	1.039373989534904	15.41065350468575	230.0	35	1.05	0.95				
	324	1	0.0	0.0	0.0	0.0	3	1.0273453484303123	9.661061312985687	230.0	36	1.05	0.95				
	325	1	0.0	0.0	0.0	0.0	3	1.040428884231405	15.694020341855936	230.0	35	1.05	0.95				
];
