%% MATPOWER Case Format : Version 2
function mpc = RTS_GMLC
mpc.version = '2';

%%-----  Power Flow Data  -----%%
%% system MVA base
mpc.baseMVA = 100.0;
%% bus data
%    bus_i    type    Pd    Qd    Gs    Bs    area    Vm    Va    baseKV    zone    Vmax    Vmin
mpc.bus = [
	101	2	86.95843643368421	17.71375556982456	0.0	0.0	1	1.0463194574173713	0.3664133698041685	138.0	11	1.05	0.95				
	102	2	78.10155864877193	16.103414154385966	0.0	0.0	1	1.0460318130699886	0.19249342917040674	138.0	12	1.05	0.95				
	103	1	144.93072738947367	29.791316185614036	0.0	0.0	1	1.0250382568344916	-1.675359679679874	138.0	11	1.05	0.95				
	104	1	59.58263237122807	12.077560615789473	0.0	0.0	1	1.0225486352130377	-3.706173949803885	138.0	11	1.05	0.95				
	105	1	57.16712024807017	11.272389908070176	0.0	0.0	1	1.0366266524586343	-3.8703174567247975	138.0	11	1.05	0.95				
	106	1	109.50321624982458	22.544779816140352	0.0	-100.0	1	1.0369205148193787	-6.99603497012631	138.0	12	1.05	0.95				
	107	2	100.64633846491229	20.129267692982456	0.0	0.0	1	1.05	-5.164023509517347	138.0	12	1.05	0.95				
	108	1	137.68419102000001	28.18097477017544	0.0	0.0	1	1.0240926063057385	-7.5754991194969055	138.0	12	1.05	0.95				
	109	1	140.90487385087718	28.986145477894738	0.0	0.0	1	1.0272402575659447	-4.317493457731732	138.0	13	1.05	0.95				
	110	1	157.00828800526315	32.20682830877193	0.0	0.0	1	1.05	-5.697071525740429	138.0	13	1.05	0.95				
	111	1	0.0	0.0	0.0	0.0	1	1.014139737941039	-1.7757443171865555	230.0	13	1.05	0.95				
	112	1	0.0	0.0	0.0	0.0	1	1.0172325210005417	-0.7653961892502544	230.0	13	1.05	0.95				
	113	3	213.37023754561403	43.479218216842106	0.0	0.0	1	1.0160414765447305	2.6212885559019396e-28	230.0	14	1.05	0.95				
	114	2	156.20311729754386	31.40165760105263	0.0	0.0	1	1.0149327182292984	-0.050107983122763704	230.0	16	1.05	0.95				
	115	2	255.23911434701753	51.53092529403509	0.0	0.0	1	1.044570830646644	7.654141584432733	230.0	16	1.05	0.95				
	116	2	80.51707077192982	16.103414154385966	0.0	0.0	1	1.042736941731837	7.257387889360651	230.0	16	1.05	0.95				
	117	1	0.0	0.0	0.0	0.0	1	1.0469326827834877	10.311984212108634	230.0	17	1.05	0.95				
	118	2	268.12184567052634	54.75160812491229	0.0	0.0	1	1.049248982102702	10.967148747089945	230.0	17	1.05	0.95				
	119	1	145.73589809719297	29.791316185614036	0.0	0.0	1	1.0374731479450696	6.3214919288567675	230.0	15	1.05	0.95				
	120	1	103.06185058807019	20.934438400701755	0.0	0.0	1	1.0392323828149581	6.629311188465238	230.0	15	1.05	0.95				
	121	2	0.0	0.0	0.0	0.0	1	1.05	11.58680862170095	230.0	17	1.05	0.95				
	122	2	0.0	0.0	0.0	0.0	1	1.05	17.791026372179278	230.0	17	1.05	0.95				
	123	2	0.0	0.0	0.0	0.0	1	1.0425648341954539	7.391399208266796	230.0	15	1.05	0.95				
	124	1	0.0	0.0	0.0	0.0	1	1.0255115401181807	4.193587165184979	230.0	16	1.05	0.95				
	201	2	94.89312136421053	19.330080277894737	0.0	0.0	2	1.0496865776665614	-13.429213993295988	138.0	21	1.05	0.95				
	202	2	85.22808122526317	17.57280025263158	0.0	0.0	2	1.05	-13.521732620194209	138.0	22	1.05	0.95				
	203	1	158.15520227368424	32.509680467368426	0.0	0.0	2	1.0251064234606742	-9.36850937766652	138.0	21	1.05	0.95				
	204	1	65.01936093473685	13.179600189473684	0.0	0.0	2	1.0211442722248414	-14.370474091261062	138.0	21	1.05	0.95				
	205	1	62.3834408968421	12.300960176842107	0.0	0.0	2	1.0387269151601468	-14.917693066694957	138.0	21	1.05	0.95				
	206	1	119.49504171789475	24.601920353684214	0.0	-100.0	2	1.0372655673991442	-16.579385444667242	138.0	22	1.05	0.95				
	207	2	109.83000157894737	21.966000315789476	0.0	0.0	2	0.95	-26.936317351737333	138.0	22	1.05	0.95				
	208	1	150.24744216000002	30.75240044210526	0.0	0.0	2	0.9545038218410913	-23.628884101500713	138.0	22	1.05	0.95				
	209	1	153.7620022105263	31.63104045473684	0.0	0.0	2	1.0261958204267718	-11.530256154181874	138.0	23	1.05	0.95				
	210	1	171.3348024631579	35.14560050526316	0.0	0.0	2	1.05	-13.691569247707134	138.0	23	1.05	0.95				
	211	1	0.0	0.0	0.0	0.0	2	1.0328477973833072	-6.786863496380435	230.0	23	1.05	0.95				
	212	1	0.0	0.0	0.0	0.0	2	1.0279734584202658	-2.1248986883549943	230.0	23	1.05	0.95				
	213	2	232.83960334736844	47.446560682105265	0.0	0.0	2	1.05	-2.594101174185302	230.0	24	1.05	0.95				
	214	2	170.45616245052634	34.26696049263158	0.0	0.0	2	1.05	-4.892010790209078	230.0	26	1.05	0.95				
	215	2	278.5288840042105	56.23296080842105	0.0	0.0	2	1.0442282230159006	3.39890666720802	230.0	26	1.05	0.95				
	216	2	87.8640012631579	17.57280025263158	0.0	0.0	2	1.0485990849983007	3.22535738851983	230.0	26	1.05	0.95				
	217	1	0.0	0.0	0.0	0.0	2	1.049203473685686	6.388335014179879	230.0	27	1.05	0.95				
	218	2	292.58712420631576	59.747520858947375	0.0	0.0	2	1.05	6.970927329563841	230.0	27	1.05	0.95				
	219	1	159.0338422863158	32.509680467368426	0.0	0.0	2	1.042545798178437	2.653498688152284	230.0	25	1.05	0.95				
	220	1	112.4659216168421	22.844640328421054	0.0	0.0	2	1.0453971574978311	3.798353911225811	230.0	25	1.05	0.95				
	221	2	0.0	0.0	0.0	0.0	2	1.05	7.509034337752574	230.0	27	1.05	0.95				
	222	2	0.0	0.0	0.0	0.0	2	1.05	13.58125035141428	230.0	27	1.05	0.95				
	223	2	0.0	0.0	0.0	0.0	2	1.05	5.062365372429333	230.0	25	1.05	0.95				
	224	1	0.0	0.0	0.0	0.0	2	1.0209343943001539	-1.3483271758876203	230.0	26	1.05	0.95				
	301	2	83.24644100210527	16.957608352280705	0.0	0.0	3	0.9759151788351551	-20.055340218204105	138.0	31	1.05	0.95				
	302	2	74.76763682596491	15.416007592982458	0.0	0.0	3	0.9759679637435864	-20.23423342443455	138.0	32	1.05	0.95				
	303	1	138.74406833684213	28.519614047017544	0.0	0.0	3	0.9901539503146993	-12.013083857060334	138.0	31	1.05	0.95				
	304	1	57.03922809403509	11.562005694736841	0.0	0.0	3	0.9672819372456758	-17.471823647058795	138.0	31	1.05	0.95				
	305	1	54.726826955087716	10.791205315087721	0.0	0.0	3	0.9811277118013045	-17.96110107746917	138.0	31	1.05	0.95				
	306	1	104.8288516322807	21.582410630175442	0.0	-100.0	3	0.9909102255935215	-17.672015583201812	138.0	32	1.05	0.95				
	307	2	96.35004745614036	19.27000949122807	0.0	0.0	3	0.95	-23.250815645797292	138.0	32	1.05	0.95				
	308	1	131.80686492	26.9780132877193	0.0	0.0	3	0.9508505095904339	-20.274769245924563	138.0	32	1.05	0.95				
	309	1	134.89006643859648	27.74881366736842	0.0	0.0	3	0.9911238814128503	-11.830738915161648	138.0	33	1.05	0.95				
	310	1	150.30607403157896	30.832015185964917	0.0	0.0	3	1.0112660626861805	-13.195437424618872	138.0	33	1.05	0.95				
	311	1	0.0	0.0	0.0	0.0	3	0.9898001334779591	-4.272036212698321	230.0	33	1.05	0.95				
	312	1	0.0	0.0	0.0	0.0	3	0.9899662508415084	-3.5394067260072117	230.0	33	1.05	0.95				
	313	2	204.26210060701754	41.623220501052636	0.0	0.0	3	1.010399541663243	1.6974810443531245	230.0	34	1.05	0.95				
	314	2	149.53527365192983	30.061214806315796	0.0	0.0	3	1.008473547138008	-1.5771570212584867	230.0	36	1.05	0.95				
	315	2	244.34372034877194	49.33122429754386	0.0	0.0	3	1.0419477098864727	-0.08888630163631012	230.0	36	1.05	0.95				
	316	2	77.08003796491228	15.416007592982458	0.0	0.0	3	1.038295797217389	0.8405396410870519	230.0	36	1.05	0.95				
	317	1	0.0	0.0	0.0	0.0	3	1.0437822459265749	2.2037934662671317	230.0	37	1.05	0.95				
	318	2	256.6765264231579	52.41442581614035	0.0	0.0	3	1.0442012012880955	1.854731078900252	230.0	37	1.05	0.95				
	319	1	139.51486871649124	28.519614047017544	0.0	0.0	3	1.03094788297778	1.2625651273117837	230.0	35	1.05	0.95				
	320	1	98.66244859508772	20.040809870877194	0.0	0.0	3	1.0277124791878536	1.5335903068078982	230.0	35	1.05	0.95				
	321	2	0.0	0.0	0.0	0.0	3	1.0477328509503252	2.882590373697092	230.0	37	1.05	0.95				
	322	2	0.0	0.0	0.0	0.0	3	1.05	8.386794651670023	230.0	37	1.05	0.95				
	323	2	0.0	0.0	0.0	0.0	3	1.027218672441257	1.9017499722912736	230.0	35	1.05	0.95				
	324	1	0.0	0.0	0.0	0.0	3	1.0103974927351704	-2.2804584318549317	230.0	36	1.05	0.95				
	325	1	0.0	0.0	0.0	0.0	3	1.027165060423611	2.732128666698987	230.0	35	1.05	0.95				
];
