%% MATPOWER Case Format : Version 2
function mpc = RTS_GMLC
mpc.version = '2';

%%-----  Power Flow Data  -----%%
%% system MVA base
mpc.baseMVA = 100.0;
%% bus data
%    bus_i    type    Pd    Qd    Gs    Bs    area    Vm    Va    baseKV    zone    Vmax    Vmin
mpc.bus = [
	101	2	39.918852037894744	8.131618007719297	0.0	0.0	1	1.0407109500433236	2.094775568415562	138.0	11	1.05	0.95				
	102	2	35.85304303403509	7.392380007017545	0.0	0.0	1	1.0399247767366635	1.8354965798702207	138.0	12	1.05	0.95				
	103	1	66.5314200631579	13.675903012982458	0.0	0.0	1	1.0204150037400175	0.7402547662849106	138.0	11	1.05	0.95				
	104	1	27.351806025964915	5.544285005263157	0.0	0.0	1	1.0237792934423413	-1.1591737089265746	138.0	11	1.05	0.95				
	105	1	26.242949024912278	5.174666004912281	0.0	0.0	1	1.0403581939967474	-0.942963352674308	138.0	11	1.05	0.95				
	106	1	50.2681840477193	10.349332009824561	0.0	-100.0	1	1.0487897024092523	-3.079580880611685	138.0	12	1.05	0.95				
	107	2	46.202375043859654	9.240475008771929	0.0	0.0	1	1.0030756986355251	-9.321028148922592	138.0	12	1.05	0.95				
	108	1	63.20484906	12.936665012280702	0.0	0.0	1	1.0066239194014366	-7.577508582465151	138.0	12	1.05	0.95				
	109	1	64.68332506140351	13.306284012631577	0.0	0.0	1	1.0214224700235004	-2.1302088389081044	138.0	13	1.05	0.95				
	110	1	72.07570506842104	14.78476001403509	0.0	0.0	1	1.05	-2.881530693099999	138.0	13	1.05	0.95				
	111	1	0.0	0.0	0.0	0.0	1	0.997888972843283	-0.34669622930192695	230.0	13	1.05	0.95				
	112	1	0.0	0.0	0.0	0.0	1	1.0038760986024178	-0.7383038954269774	230.0	13	1.05	0.95				
	113	3	97.94903509298246	19.959426018947372	0.0	0.0	1	0.9923542054067298	1.396995433645313e-28	230.0	14	1.05	0.95				
	114	2	71.70608606807018	14.41514101368421	0.0	0.0	1	0.9886270156210134	1.6831128685570034	230.0	16	1.05	0.95				
	115	2	117.16922311122806	23.65561602245614	0.0	0.0	1	1.0088079188031527	8.042196741537996	230.0	16	1.05	0.95				
	116	2	36.961900035087716	7.392380007017545	0.0	0.0	1	1.0067148009309528	6.799733568829365	230.0	16	1.05	0.95				
	117	1	0.0	0.0	0.0	0.0	1	1.0141560748997744	10.599713678742638	230.0	17	1.05	0.95				
	118	2	123.0831271168421	25.13409202385965	0.0	0.0	1	1.0154179654544957	11.25503355924129	230.0	17	1.05	0.95				
	119	1	66.90103906350878	13.675903012982458	0.0	0.0	1	1.0016564343095051	4.203758502979573	230.0	15	1.05	0.95				
	120	1	47.31123204491228	9.610094009122808	0.0	0.0	1	1.0009644214378222	2.6950293624164274	230.0	15	1.05	0.95				
	121	2	0.0	0.0	0.0	0.0	1	1.0164780744591797	12.763400865828372	230.0	17	1.05	0.95				
	122	2	0.0	0.0	0.0	0.0	1	1.049885563305873	20.715699150911565	230.0	17	1.05	0.95				
	123	2	0.0	0.0	0.0	0.0	1	1.0009999142836137	2.1641718483694823	230.0	15	1.05	0.95				
	124	1	0.0	0.0	0.0	0.0	1	1.003963469443091	5.243493891124225	230.0	16	1.05	0.95				
	201	2	37.96064852210527	7.732724698947369	0.0	0.0	2	1.0111026525963138	-13.248989461427444	138.0	21	1.05	0.95				
	202	2	34.09428617263158	7.0297497263157895	0.0	0.0	2	1.0102484294366403	-13.528888223886677	138.0	22	1.05	0.95				
	203	1	63.2677475368421	13.005036993684211	0.0	0.0	2	1.0152058253378118	-9.708474782965713	138.0	21	1.05	0.95				
	204	1	26.010073987368422	5.2723122947368415	0.0	0.0	2	1.0118964526315102	-13.336261480401534	138.0	21	1.05	0.95				
	205	1	24.955611528421052	4.920824808421053	0.0	0.0	2	1.02638963026299	-13.722912475985414	138.0	21	1.05	0.95				
	206	1	47.80229813894737	9.841649616842107	0.0	-100.0	2	1.0431977072103011	-14.453218876732706	138.0	22	1.05	0.95				
	207	2	43.93593578947368	8.787187157894737	0.0	0.0	2	0.9941533050117785	-18.559966270428177	138.0	22	1.05	0.95				
	208	1	60.10436015999999	12.302062021052631	0.0	0.0	2	1.0025517159893615	-17.033671268656118	138.0	22	1.05	0.95				
	209	1	61.51031010526316	12.65354950736842	0.0	0.0	2	1.0227564921029386	-11.714010057093837	138.0	23	1.05	0.95				
	210	1	68.54005983157894	14.059499452631579	0.0	0.0	2	1.05	-13.060075963224634	138.0	23	1.05	0.95				
	211	1	0.0	0.0	0.0	0.0	2	1.0026307194386763	-9.079625422412258	230.0	23	1.05	0.95				
	212	1	0.0	0.0	0.0	0.0	2	1.0094238006466865	-8.52844203610328	230.0	23	1.05	0.95				
	213	2	93.1441838736842	18.980324261052633	0.0	0.0	2	0.9999249342072761	-7.954646084821358	230.0	24	1.05	0.95				
	214	2	68.18857234526315	13.708011966315789	0.0	0.0	2	0.9984830382129624	-6.607626436824158	230.0	26	1.05	0.95				
	215	2	111.42153316210526	22.495199124210526	0.0	0.0	2	1.016107746770477	-0.6685081575853937	230.0	26	1.05	0.95				
	216	2	35.14874863157895	7.0297497263157895	0.0	0.0	2	1.0177728066010512	-1.0169120569343266	230.0	26	1.05	0.95				
	217	1	0.0	0.0	0.0	0.0	2	1.019864735834074	0.5478318580812452	230.0	27	1.05	0.95				
	218	2	117.04533294315789	23.901149069473686	0.0	0.0	2	1.0195719340448515	0.20473524423940379	230.0	27	1.05	0.95				
	219	1	63.61923502315789	13.005036993684211	0.0	0.0	2	1.0236405471328929	-1.4637131632913452	230.0	25	1.05	0.95				
	220	1	44.99039824842105	9.138674644210527	0.0	0.0	2	1.0307117772092487	-1.15695991630247	230.0	25	1.05	0.95				
	221	2	0.0	0.0	0.0	0.0	2	1.0219660975836937	0.7196033075131185	230.0	27	1.05	0.95				
	222	2	0.0	0.0	0.0	0.0	2	1.0435473310351282	7.224291515413012	230.0	27	1.05	0.95				
	223	2	0.0	0.0	0.0	0.0	2	1.0348453865844	-0.7227296676009757	230.0	25	1.05	0.95				
	224	1	0.0	0.0	0.0	0.0	2	1.004670378418754	-4.085935568814053	230.0	26	1.05	0.95				
	301	2	47.28630179368422	9.63239480982456	0.0	0.0	3	1.0336479513553343	6.156856397110461	138.0	31	1.05	0.95				
	302	2	42.47010438877193	8.756722554385965	0.0	0.0	3	1.0303384541525609	5.820702744285036	138.0	32	1.05	0.95				
	303	1	78.81050298947369	16.199936725614037	0.0	0.0	3	1.05	21.348089301783872	138.0	31	1.05	0.95				
	304	1	32.399873451228075	6.567541915789474	0.0	0.0	3	1.0157573698952105	7.173210365396551	138.0	31	1.05	0.95				
	305	1	31.086365068070176	6.129705788070177	0.0	0.0	3	1.0352274833639203	4.740566136321072	138.0	31	1.05	0.95				
	306	1	59.54571336982457	12.259411576140353	0.0	-100.0	3	1.043201981665473	3.414191900735394	138.0	32	1.05	0.95				
	307	2	54.72951596491228	10.945903192982456	0.0	0.0	3	0.95	1.3570648955766744	138.0	32	1.05	0.95				
	308	1	74.86997784	15.32426447017544	0.0	0.0	3	0.9720813402373661	2.5126292637860708	138.0	32	1.05	0.95				
	309	1	76.6213223508772	15.762100597894738	0.0	0.0	3	1.0174495625391873	10.113443439897441	138.0	33	1.05	0.95				
	310	1	85.37804490526317	17.51344510877193	0.0	0.0	3	1.0471045683721343	4.694168370261436	138.0	33	1.05	0.95				
	311	1	0.0	0.0	0.0	0.0	3	1.0042855343432142	8.180400204330875	230.0	33	1.05	0.95				
	312	1	0.0	0.0	0.0	0.0	3	1.0092836436002524	8.758232924011587	230.0	33	1.05	0.95				
	313	2	116.02657384561404	23.64315089684211	0.0	0.0	3	1.0055556001568977	10.362438782156305	230.0	34	1.05	0.95				
	314	2	84.94020877754386	17.075608981052632	0.0	0.0	3	0.9973928039866213	7.153934752998622	230.0	36	1.05	0.95				
	315	2	138.79405248701755	28.02151217403509	0.0	0.0	3	1.0454090800989941	8.903783578255076	230.0	36	1.05	0.95				
	316	2	43.783612771929825	8.756722554385965	0.0	0.0	3	1.027995183955772	8.369945300817129	230.0	36	1.05	0.95				
	317	1	0.0	0.0	0.0	0.0	3	1.0469527449841929	10.486858699200296	230.0	37	1.05	0.95				
	318	2	145.79943053052634	29.772856684912284	0.0	0.0	3	1.05	8.765825153155468	230.0	37	1.05	0.95				
	319	1	79.24833911719298	16.199936725614037	0.0	0.0	3	1.0183858981568479	7.871389518989755	230.0	35	1.05	0.95				
	320	1	56.04302434807018	11.383739320701755	0.0	0.0	3	1.0130772826131904	8.302480431536003	230.0	35	1.05	0.95				
	321	2	0.0	0.0	0.0	0.0	3	1.05	9.39341798132893	230.0	37	1.05	0.95				
	322	2	0.0	0.0	0.0	0.0	3	1.05	14.166110626639872	230.0	37	1.05	0.95				
	323	2	0.0	0.0	0.0	0.0	3	1.0108979144862809	8.889972843594975	230.0	35	1.05	0.95				
	324	1	0.0	0.0	0.0	0.0	3	1.043118994672209	13.661631107860563	230.0	36	1.05	0.95				
	325	1	0.0	0.0	0.0	0.0	3	1.0113824137497953	9.21760578576905	230.0	35	1.05	0.95				
];
