%% MATPOWER Case Format : Version 2
function mpc = RTS_GMLC
mpc.version = '2';

%%-----  Power Flow Data  -----%%
%% system MVA base
mpc.baseMVA = 100.0;
%% bus data
%    bus_i    type    Pd    Qd    Gs    Bs    area    Vm    Va    baseKV    zone    Vmax    Vmin
mpc.bus = [
	101	2	37.8347352783158	7.707075704842106	0.0	0.0	1	1.0089452473568248	-0.09183033909870335	138.0	11	1.05	0.95				
	102	2	33.981197425894734	7.006432458947369	0.0	0.0	1	1.0069797939902003	-0.6713870951518801	138.0	12	1.05	0.95				
	103	1	63.05789213052633	12.961900049052632	0.0	0.0	1	1.0272154557187128	2.8344927846769936	138.0	11	1.05	0.95				
	104	1	25.923800098105264	5.254824344210527	0.0	0.0	1	1.0115293403979169	-1.9497074378271777	138.0	11	1.05	0.95				
	105	1	24.87283522926316	4.904502721263159	0.0	0.0	1	1.0250046476269923	-2.113927158768522	138.0	11	1.05	0.95				
	106	1	47.64374072084212	9.809005442526319	0.0	-100.0	1	1.0420119145318953	-3.7380529899928883	138.0	12	1.05	0.95				
	107	2	43.790202868421055	8.758040573684212	0.0	0.0	1	0.9835830335644743	-9.623602283347985	138.0	12	1.05	0.95				
	108	1	59.904997524	12.261256803157895	0.0	0.0	1	0.996212740078282	-7.56739957217617	138.0	12	1.05	0.95				
	109	1	61.30628401578948	12.611578426105263	0.0	0.0	1	1.024554039317584	-1.5189318382219332	138.0	13	1.05	0.95				
	110	1	68.31271647473685	14.012864917894738	0.0	0.0	1	1.05	-2.9932196147210783	138.0	13	1.05	0.95				
	111	1	0.0	0.0	0.0	0.0	1	1.013481920568658	0.8681589157807413	230.0	13	1.05	0.95				
	112	1	0.0	0.0	0.0	0.0	1	1.0104030573599745	-0.3727426572224732	230.0	13	1.05	0.95				
	113	3	92.83523008105264	18.9173676391579	0.0	0.0	1	0.9886605867147398	3.4683758608267785e-30	230.0	14	1.05	0.95				
	114	2	67.96239485178947	13.66254329494737	0.0	0.0	1	1.0392991558842282	4.693045883813526	230.0	16	1.05	0.95				
	115	2	111.05195447431579	22.42058386863158	0.0	0.0	1	1.0421656357911075	14.21183208742783	230.0	16	1.05	0.95				
	116	2	35.03216229473685	7.006432458947369	0.0	0.0	1	1.0413028386203391	12.333720636494052	230.0	16	1.05	0.95				
	117	1	0.0	0.0	0.0	0.0	1	1.040673120027737	18.369927239608987	230.0	17	1.05	0.95				
	118	2	116.6571004414737	23.82187036042106	0.0	0.0	1	1.0496855660811042	18.984290359577844	230.0	17	1.05	0.95				
	119	1	63.408213753473696	12.961900049052632	0.0	0.0	1	1.0366444416167238	7.948396100621801	230.0	15	1.05	0.95				
	120	1	44.84116773726316	9.108362196631582	0.0	0.0	1	1.0389811869376429	4.80369747888144	230.0	15	1.05	0.95				
	121	2	0.0	0.0	0.0	0.0	1	1.0432306459901124	20.462357038271335	230.0	17	1.05	0.95				
	122	2	0.0	0.0	0.0	0.0	1	1.05	38.42382306768465	230.0	17	1.05	0.95				
	123	2	0.0	0.0	0.0	0.0	1	1.0412533711407843	3.3438081737330108	230.0	15	1.05	0.95				
	124	1	0.0	0.0	0.0	0.0	1	1.022335452547937	9.966955936539852	230.0	16	1.05	0.95				
	201	2	41.24161815157895	8.401070364210526	0.0	0.0	2	1.0139102036407723	-16.003134096099174	138.0	21	1.05	0.95				
	202	2	37.041082969473685	7.637336694736842	0.0	0.0	2	1.0130779448714813	-16.303816238986638	138.0	22	1.05	0.95				
	203	1	68.73603025263158	14.129072885263156	0.0	0.0	2	1.0113139571700498	-11.499439367521825	138.0	21	1.05	0.95				
	204	1	28.258145770526312	5.728002521052631	0.0	0.0	2	1.01181899457196	-16.008044348508037	138.0	21	1.05	0.95				
	205	1	27.112545266315784	5.346135686315789	0.0	0.0	2	1.027397847800496	-16.484174187458766	138.0	21	1.05	0.95				
	206	1	51.93388952421053	10.692271372631579	0.0	-100.0	2	1.0430270604226428	-17.24619091090324	138.0	22	1.05	0.95				
	207	2	47.73335434210526	9.546670868421051	0.0	0.0	2	0.9964476710840358	-21.77004467943736	138.0	22	1.05	0.95				
	208	1	65.29922873999999	13.36533921578947	0.0	0.0	2	1.0023940694301	-20.067147304728177	138.0	22	1.05	0.95				
	209	1	66.82669607894736	13.747206050526314	0.0	0.0	2	1.0214860485955903	-14.176614949444865	138.0	23	1.05	0.95				
	210	1	74.46403277368421	15.274673389473683	0.0	0.0	2	1.05	-15.73496117365247	138.0	23	1.05	0.95				
	211	1	0.0	0.0	0.0	0.0	2	1.0059120939011768	-11.36085116304275	230.0	23	1.05	0.95				
	212	1	0.0	0.0	0.0	0.0	2	1.0062258555213541	-10.908204856086055	230.0	23	1.05	0.95				
	213	2	101.19471120526316	20.620809075789474	0.0	0.0	2	0.9993306079203385	-10.308354286847116	230.0	24	1.05	0.95				
	214	2	74.08216593894737	14.892806554736843	0.0	0.0	2	1.01009195915575	-8.586271252569999	230.0	26	1.05	0.95				
	215	2	121.05178661157893	24.439477423157893	0.0	0.0	2	1.0231132499570181	-1.8296059008124614	230.0	26	1.05	0.95				
	216	2	38.186683473684205	7.637336694736842	0.0	0.0	2	1.0255083675476495	-2.338023855035987	230.0	26	1.05	0.95				
	217	1	0.0	0.0	0.0	0.0	2	1.0327512459494532	-0.3173115271585285	230.0	27	1.05	0.95				
	218	2	127.16165596736842	25.966944762105264	0.0	0.0	2	1.0313809901377136	-0.789811401729881	230.0	27	1.05	0.95				
	219	1	69.11789708736842	14.129072885263156	0.0	0.0	2	1.0227005130316682	-3.070652329887254	230.0	25	1.05	0.95				
	220	1	48.878954846315786	9.928537703157895	0.0	0.0	2	1.0226502945222298	-2.9564000918860134	230.0	25	1.05	0.95				
	221	2	0.0	0.0	0.0	0.0	2	1.031680308282905	-0.3354411050050599	230.0	27	1.05	0.95				
	222	2	0.0	0.0	0.0	0.0	2	1.05	6.166368574194438	230.0	27	1.05	0.95				
	223	2	0.0	0.0	0.0	0.0	2	1.0229902888655271	-2.596077433324172	230.0	25	1.05	0.95				
	224	1	0.0	0.0	0.0	0.0	2	1.0068010209965848	-5.444971041871366	230.0	26	1.05	0.95				
	301	2	42.48592218947368	8.654539705263158	0.0	0.0	3	1.01239390259298	-0.2073248041336973	138.0	31	1.05	0.95				
	302	2	38.1586523368421	7.867763368421053	0.0	0.0	3	1.0121642111446751	-0.38881618416828473	138.0	32	1.05	0.95				
	303	1	70.80987031578947	14.555362231578947	0.0	0.0	3	1.0384841673270147	7.477269812882883	138.0	31	1.05	0.95				
	304	1	29.110724463157894	5.900822526315789	0.0	0.0	3	1.0138499424323435	0.8652431718418232	138.0	31	1.05	0.95				
	305	1	27.930559957894737	5.507434357894738	0.0	0.0	3	1.026421065288097	-0.3775280854428558	138.0	31	1.05	0.95				
	306	1	53.50079090526316	11.014868715789476	0.0	-100.0	3	1.042497546336065	-0.954337982330031	138.0	32	1.05	0.95				
	307	2	49.17352105263157	9.834704210526315	0.0	0.0	3	0.9890745566134798	-4.8124265120459695	138.0	32	1.05	0.95				
	308	1	67.26937679999999	13.768585894736841	0.0	0.0	3	0.9988140457044047	-3.092570032738837	138.0	32	1.05	0.95				
	309	1	68.84292947368421	14.161974063157896	0.0	0.0	3	1.0270506145732141	3.5036716427369274	138.0	33	1.05	0.95				
	310	1	76.71069284210526	15.735526736842106	0.0	0.0	3	1.05	0.7202617611713867	138.0	33	1.05	0.95				
	311	1	0.0	0.0	0.0	0.0	3	1.0052947667766978	5.236374793954133	230.0	33	1.05	0.95				
	312	1	0.0	0.0	0.0	0.0	3	1.0100319705879564	5.825945277736254	230.0	33	1.05	0.95				
	313	2	104.24786463157893	21.24296109473684	0.0	0.0	3	1.0069736321551055	8.335897509375753	230.0	34	1.05	0.95				
	314	2	76.3173046736842	15.342138568421051	0.0	0.0	3	0.998082343581958	5.788620303483954	230.0	36	1.05	0.95				
	315	2	124.70404938947368	25.176842778947368	0.0	0.0	3	1.0295537724841168	8.551901303093777	230.0	36	1.05	0.95				
	316	2	39.33881684210526	7.867763368421053	0.0	0.0	3	1.0265404491809509	8.886744874750582	230.0	36	1.05	0.95				
	317	1	0.0	0.0	0.0	0.0	3	1.040537298366513	12.005295583976878	230.0	37	1.05	0.95				
	318	2	130.99826008421053	26.75039545263158	0.0	0.0	3	1.037894970216581	9.651257299749448	230.0	37	1.05	0.95				
	319	1	71.20325848421054	14.555362231578947	0.0	0.0	3	1.0189978700834035	8.545813382241258	230.0	35	1.05	0.95				
	320	1	50.353685557894735	10.22809237894737	0.0	0.0	3	1.014936707864751	9.028438303894085	230.0	35	1.05	0.95				
	321	2	0.0	0.0	0.0	0.0	3	1.037114502225802	9.91282293742236	230.0	37	1.05	0.95				
	322	2	0.0	0.0	0.0	0.0	3	1.05	15.048163742457731	230.0	37	1.05	0.95				
	323	2	0.0	0.0	0.0	0.0	3	1.0132370974134535	9.608329817433262	230.0	35	1.05	0.95				
	324	1	0.0	0.0	0.0	0.0	3	1.0283506829859659	8.140894988590736	230.0	36	1.05	0.95				
	325	1	0.0	0.0	0.0	0.0	3	1.013306328276317	10.54592452178075	230.0	35	1.05	0.95				
];
