%% MATPOWER Case Format : Version 2
function mpc = RTS_GMLC
mpc.version = '2';

%%-----  Power Flow Data  -----%%
%% system MVA base
mpc.baseMVA = 100.0;
%% bus data
%    bus_i    type    Pd    Qd    Gs    Bs    area    Vm    Va    baseKV    zone    Vmax    Vmin
mpc.bus = [
	101	2	58.34190994105264	11.884463136140353	0.0	0.0	1	1.0139129449597348	-0.32138385512556616	138.0	11	1.05	0.95				
	102	2	52.399678372982464	10.80405739649123	0.0	0.0	1	1.0130685383634064	-0.6552567583559852	138.0	12	1.05	0.95				
	103	1	97.23651656842107	19.987506183508774	0.0	0.0	1	1.0198975423573189	0.6934289403306125	138.0	11	1.05	0.95				
	104	1	39.97501236701755	8.103043047368422	0.0	0.0	1	1.0106218924620984	-3.4188099967049896	138.0	11	1.05	0.95				
	105	1	38.35440375754386	7.562840177543862	0.0	0.0	1	1.0243893365409789	-3.4698109338325884	138.0	11	1.05	0.95				
	106	1	73.46759029614036	15.125680355087724	0.0	-100.0	1	1.0374337067015102	-5.787388125321232	138.0	12	1.05	0.95				
	107	2	67.52535872807019	13.505071745614035	0.0	0.0	1	0.9889489461020478	-13.576775374028562	138.0	12	1.05	0.95				
	108	1	92.37469074	18.90710044385965	0.0	0.0	1	0.9925007356726682	-11.253418030484777	138.0	12	1.05	0.95				
	109	1	94.53550221929825	19.447303313684213	0.0	0.0	1	1.0253519013824246	-3.428786012223424	138.0	13	1.05	0.95				
	110	1	105.3395596157895	21.60811479298246	0.0	0.0	1	1.05	-4.883987630345978	138.0	13	1.05	0.95				
	111	1	0.0	0.0	0.0	0.0	1	1.0234188900016457	-0.2720241517004713	230.0	13	1.05	0.95				
	112	1	0.0	0.0	0.0	0.0	1	1.0179414490217116	-0.7017338510882271	230.0	13	1.05	0.95				
	113	3	143.15376050350878	29.17095497052632	0.0	0.0	1	1.010667227461396	1.752552357926936e-30	230.0	14	1.05	0.95				
	114	2	104.79935674596493	21.067911923157897	0.0	0.0	1	1.05	3.248309180674532	230.0	16	1.05	0.95				
	115	2	171.24430973438598	34.57298366877193	0.0	0.0	1	1.0386718845116634	13.091315860460849	230.0	16	1.05	0.95				
	116	2	54.02028698245614	10.80405739649123	0.0	0.0	1	1.0419708979754971	11.71174177009995	230.0	16	1.05	0.95				
	117	1	0.0	0.0	0.0	0.0	1	1.0386430123514445	17.40989171644822	230.0	17	1.05	0.95				
	118	2	179.88755565157896	36.73379514807018	0.0	0.0	1	1.045554335203406	17.83819504526112	230.0	17	1.05	0.95				
	119	1	97.77671943824564	19.987506183508774	0.0	0.0	1	1.0406588441371731	8.316350853361284	230.0	15	1.05	0.95				
	120	1	69.14596733754387	14.045274615438599	0.0	0.0	1	1.045934530519775	6.396964791395135	230.0	15	1.05	0.95				
	121	2	0.0	0.0	0.0	0.0	1	1.0398022093210002	19.57179612910669	230.0	17	1.05	0.95				
	122	2	0.0	0.0	0.0	0.0	1	1.05	37.561161806723504	230.0	17	1.05	0.95				
	123	2	0.0	0.0	0.0	0.0	1	1.05	5.744312623831843	230.0	15	1.05	0.95				
	124	1	0.0	0.0	0.0	0.0	1	1.0161041285251027	8.480977072912134	230.0	16	1.05	0.95				
	201	2	57.78246497684211	11.77050212491228	0.0	0.0	2	1.0212373466646727	-15.484934206081077	138.0	21	1.05	0.95				
	202	2	51.89721391438595	10.700456477192983	0.0	0.0	2	1.0223364930666181	-15.320139727439091	138.0	22	1.05	0.95				
	203	1	96.30410829473684	19.795844482807016	0.0	0.0	2	1.0133335008455937	-13.404951877440082	138.0	21	1.05	0.95				
	204	1	39.59168896561403	8.025342357894734	0.0	0.0	2	1.0141833614472	-16.658463240280227	138.0	21	1.05	0.95				
	205	1	37.98662049403508	7.490319534035088	0.0	0.0	2	1.0289260746627604	-17.074673495971293	138.0	21	1.05	0.95				
	206	1	72.76310404491227	14.980639068070175	0.0	-100.0	2	1.040562661364402	-18.439193901026986	138.0	22	1.05	0.95				
	207	2	66.87785298245613	13.375570596491226	0.0	0.0	2	0.9886328130534463	-26.091803985700466	138.0	22	1.05	0.95				
	208	1	91.48890287999998	18.725798835087716	0.0	0.0	2	0.991759595501609	-23.575950359600927	138.0	22	1.05	0.95				
	209	1	93.62899417543858	19.260821658947368	0.0	0.0	2	1.023430580262019	-15.552253316362124	138.0	23	1.05	0.95				
	210	1	104.32945065263158	21.400912954385966	0.0	0.0	2	1.05	-16.96551062846359	138.0	23	1.05	0.95				
	211	1	0.0	0.0	0.0	0.0	2	1.0132591612627544	-12.070633459558653	230.0	23	1.05	0.95				
	212	1	0.0	0.0	0.0	0.0	2	1.0144785913781094	-10.838494903173265	230.0	23	1.05	0.95				
	213	2	141.781048322807	28.891232488421053	0.0	0.0	2	1.0162819633380038	-10.322236017029889	230.0	24	1.05	0.95				
	214	2	103.7944278287719	20.865890130526314	0.0	0.0	2	1.0173916820037145	-9.387064107471655	230.0	26	1.05	0.95				
	215	2	169.60223516350874	34.24146072701754	0.0	0.0	2	1.033212546285079	-2.3048315064147973	230.0	26	1.05	0.95				
	216	2	53.502282385964904	10.700456477192983	0.0	0.0	2	1.036277552316963	-2.362163219369939	230.0	26	1.05	0.95				
	217	1	0.0	0.0	0.0	0.0	2	1.0398922144921396	-0.30143563085702274	230.0	27	1.05	0.95				
	218	2	178.16260034526314	36.381552022456134	0.0	0.0	2	1.0378846975130092	-1.1641793941134084	230.0	27	1.05	0.95				
	219	1	96.83913111859648	19.795844482807016	0.0	0.0	2	1.0387502115873768	-2.019414982209825	230.0	25	1.05	0.95				
	220	1	68.48292145403508	13.910593420350875	0.0	0.0	2	1.045067081046323	-0.71192560763432	230.0	25	1.05	0.95				
	221	2	0.0	0.0	0.0	0.0	2	1.038520980790774	-0.7307777346804685	230.0	27	1.05	0.95				
	222	2	0.0	0.0	0.0	0.0	2	1.05	5.939920389782612	230.0	27	1.05	0.95				
	223	2	0.0	0.0	0.0	0.0	2	1.05	0.3917542932546995	230.0	25	1.05	0.95				
	224	1	0.0	0.0	0.0	0.0	2	1.012020820853379	-6.4253434966921406	230.0	26	1.05	0.95				
	301	2	58.0828851663158	11.831698830175439	0.0	0.0	3	1.0398685103213547	6.936277192320683	138.0	31	1.05	0.95				
	302	2	52.16703575122808	10.756089845614037	0.0	0.0	3	1.0350614110715113	6.603621119398938	138.0	32	1.05	0.95				
	303	1	96.80480861052632	19.89876621438597	0.0	0.0	3	1.05	23.639753192182585	138.0	31	1.05	0.95				
	304	1	39.79753242877194	8.067067384210528	0.0	0.0	3	1.0145030961406285	8.553230447186083	138.0	31	1.05	0.95				
	305	1	38.18411895192983	7.529262891929826	0.0	0.0	3	1.0358359278248257	5.692148768175153	138.0	31	1.05	0.95				
	306	1	73.14141095017546	15.058525783859652	0.0	-100.0	3	1.0395997762968345	4.374666005264505	138.0	32	1.05	0.95				
	307	2	67.22556153508773	13.445112307017546	0.0	0.0	3	0.95	7.344049291973185	138.0	32	1.05	0.95				
	308	1	91.96456818	18.823157229824563	0.0	0.0	3	0.9691626307233542	6.3157689116540165	138.0	32	1.05	0.95				
	309	1	94.11578614912281	19.360961722105266	0.0	0.0	3	1.0160444350445035	12.40939339455886	138.0	33	1.05	0.95				
	310	1	104.87187599473687	21.512179691228074	0.0	0.0	3	1.0446199116477808	6.128064283253169	138.0	33	1.05	0.95				
	311	1	0.0	0.0	0.0	0.0	3	1.0041150419932665	9.93302364316556	230.0	33	1.05	0.95				
	312	1	0.0	0.0	0.0	0.0	3	1.008882628375596	10.755048566643673	230.0	33	1.05	0.95				
	313	2	142.51819045438597	29.0414425831579	0.0	0.0	3	1.0048889752169536	12.145432309767804	230.0	34	1.05	0.95				
	314	2	104.33407150245615	20.97437519894737	0.0	0.0	3	0.9996463137896865	8.764834823151615	230.0	36	1.05	0.95				
	315	2	170.48402405298248	34.419487505964916	0.0	0.0	3	1.0494473792546595	10.812268740711964	230.0	36	1.05	0.95				
	316	2	53.78044922807018	10.756089845614037	0.0	0.0	3	1.0371764907388858	10.400772006541127	230.0	36	1.05	0.95				
	317	1	0.0	0.0	0.0	0.0	3	1.05	12.974601431083473	230.0	37	1.05	0.95				
	318	2	179.0888959294737	36.57070547508773	0.0	0.0	3	1.0488770495971518	10.86611718509787	230.0	37	1.05	0.95				
	319	1	97.34261310280704	19.89876621438597	0.0	0.0	3	1.0248363380994723	10.039641882501677	230.0	35	1.05	0.95				
	320	1	68.83897501192983	13.982916799298248	0.0	0.0	3	1.0182996373636888	10.773874800452335	230.0	35	1.05	0.95				
	321	2	0.0	0.0	0.0	0.0	3	1.05	11.452934459781787	230.0	37	1.05	0.95				
	322	2	0.0	0.0	0.0	0.0	3	1.05	16.39826135424373	230.0	37	1.05	0.95				
	323	2	0.0	0.0	0.0	0.0	3	1.0160124755706392	11.602881480905207	230.0	35	1.05	0.95				
	324	1	0.0	0.0	0.0	0.0	3	1.04542836729376	15.710390469300501	230.0	36	1.05	0.95				
	325	1	0.0	0.0	0.0	0.0	3	1.016721343832876	12.291339799833526	230.0	35	1.05	0.95				
];
