%% MATPOWER Case Format : Version 2
function mpc = RTS_GMLC
mpc.version = '2';

%%-----  Power Flow Data  -----%%
%% system MVA base
mpc.baseMVA = 100.0;
%% bus data
%    bus_i    type    Pd    Qd    Gs    Bs    area    Vm    Va    baseKV    zone    Vmax    Vmin
mpc.bus = [
	101	2	46.33151904	9.437902026666666	0.0	0.0	1	1.0427337847980052	3.820213854449241	138.0	11	1.05	0.95				
	102	2	41.61256802666667	8.579910933333334	0.0	0.0	1	1.0414687713399273	3.4832974810458315	138.0	12	1.05	0.95				
	103	1	77.2191984	15.872835226666668	0.0	0.0	1	1.0308775123364027	0.38725957413359335	138.0	11	1.05	0.95				
	104	1	31.745670453333336	6.4349332	0.0	0.0	1	1.0265531183828458	0.017235256701057654	138.0	11	1.05	0.95				
	105	1	30.45868381333333	6.005937653333334	0.0	0.0	1	1.040050260409219	0.10735543121818548	138.0	11	1.05	0.95				
	106	1	58.34339434666666	12.011875306666669	0.0	-100.0	1	1.0470083400922092	-2.4657400709160453	138.0	12	1.05	0.95				
	107	2	53.62444333333334	10.724888666666667	0.0	0.0	1	0.9989244105372055	-7.397875422013043	138.0	12	1.05	0.95				
	108	1	73.35823848000001	15.014844133333332	0.0	0.0	1	1.0039136992529822	-6.471320909762251	138.0	12	1.05	0.95				
	109	1	75.07422066666666	15.443839679999998	0.0	0.0	1	1.0250567335887464	-1.7368443359435874	138.0	13	1.05	0.95				
	110	1	83.6541316	17.159821866666668	0.0	0.0	1	1.05	-2.3458234329395897	138.0	13	1.05	0.95				
	111	1	0.0	0.0	0.0	0.0	1	1.0030195898580836	-0.4386824487146708	230.0	13	1.05	0.95				
	112	1	0.0	0.0	0.0	0.0	1	1.0081861728208015	0.10537434296024668	230.0	13	1.05	0.95				
	113	3	113.68381986666667	23.16575952	0.0	0.0	1	0.99412904392274	6.645921565511484e-29	230.0	14	1.05	0.95				
	114	2	83.22513605333334	16.73082632	0.0	0.0	1	0.9984520118293927	0.9099448344892003	230.0	16	1.05	0.95				
	115	2	135.99158829333334	27.455714986666667	0.0	0.0	1	1.0382319507580828	5.536419425408053	230.0	16	1.05	0.95				
	116	2	42.89955466666667	8.579910933333334	0.0	0.0	1	1.0329531156367728	5.300996373440056	230.0	16	1.05	0.95				
	117	1	0.0	0.0	0.0	0.0	1	1.041998538945604	6.763449099611785	230.0	17	1.05	0.95				
	118	2	142.85551704000002	29.17169717333333	0.0	0.0	1	1.0451046767238577	6.587269830618938	230.0	17	1.05	0.95				
	119	1	77.64819394666667	15.872835226666668	0.0	0.0	1	1.0259473072971013	4.730295609377299	230.0	15	1.05	0.95				
	120	1	54.911429973333334	11.153884213333335	0.0	0.0	1	1.0225423718540418	4.979896321287715	230.0	15	1.05	0.95				
	121	2	0.0	0.0	0.0	0.0	1	1.05	7.32919230809392	230.0	17	1.05	0.95				
	122	2	0.0	0.0	0.0	0.0	1	1.05	13.990770255200493	230.0	17	1.05	0.95				
	123	2	0.0	0.0	0.0	0.0	1	1.0212890500406557	5.4524904806112495	230.0	15	1.05	0.95				
	124	1	0.0	0.0	0.0	0.0	1	1.027985373138136	3.610904007165595	230.0	16	1.05	0.95				
	201	2	46.66456792421052	9.505745317894737	0.0	0.0	2	1.0223892274765545	-4.526629526463425	138.0	21	1.05	0.95				
	202	2	41.911695265263155	8.64158665263158	0.0	0.0	2	1.0233857343326942	-4.2913731454728286	138.0	22	1.05	0.95				
	203	1	77.77427987368422	15.986935307368421	0.0	0.0	2	1.0161220080720401	-5.036250781521081	138.0	21	1.05	0.95				
	204	1	31.973870614736843	6.481189989473683	0.0	0.0	2	1.0168734181839938	-5.928985204903659	138.0	21	1.05	0.95				
	205	1	30.677632616842104	6.049110656842106	0.0	0.0	2	1.0309377654255536	-6.089083411720615	138.0	21	1.05	0.95				
	206	1	58.762789237894744	12.098221313684212	0.0	-100.0	2	1.0437534382517135	-7.343183359522901	138.0	22	1.05	0.95				
	207	2	54.00991657894737	10.801983315789473	0.0	0.0	2	0.9890825083742086	-13.608456097861032	138.0	22	1.05	0.95				
	208	1	73.88556587999999	15.122776642105261	0.0	0.0	2	0.9966296869584955	-11.666552620516832	138.0	22	1.05	0.95				
	209	1	75.61388321052631	15.554855974736842	0.0	0.0	2	1.0237583809637125	-5.487858753391401	138.0	23	1.05	0.95				
	210	1	84.2554698631579	17.28317330526316	0.0	0.0	2	1.05	-6.280445934869919	138.0	23	1.05	0.95				
	211	1	0.0	0.0	0.0	0.0	2	1.003489564142551	-3.3254714200378634	230.0	23	1.05	0.95				
	212	1	0.0	0.0	0.0	0.0	2	1.0130833891114732	-0.6283859380493225	230.0	23	1.05	0.95				
	213	2	114.50102314736841	23.33228396210526	0.0	0.0	2	0.9989191337902823	-1.968545492031257	230.0	24	1.05	0.95				
	214	2	83.82339053052631	16.851093972631578	0.0	0.0	2	0.9988559806337082	-1.8193397704275855	230.0	26	1.05	0.95				
	215	2	136.96914844421053	27.653077288421052	0.0	0.0	2	1.0229489926346833	2.960405617695824	230.0	26	1.05	0.95				
	216	2	43.20793326315789	8.64158665263158	0.0	0.0	2	1.0242186301008223	2.8903668649290952	230.0	26	1.05	0.95				
	217	1	0.0	0.0	0.0	0.0	2	1.0298267679115185	4.80606098973832	230.0	27	1.05	0.95				
	218	2	143.8824177663158	29.381394618947372	0.0	0.0	2	1.0300415180286824	4.837970324313892	230.0	27	1.05	0.95				
	219	1	78.2063592063158	15.986935307368421	0.0	0.0	2	1.0261641373636545	2.278933256921357	230.0	25	1.05	0.95				
	220	1	55.306154576842104	11.234062648421054	0.0	0.0	2	1.0307865209921623	2.5924621787135185	230.0	25	1.05	0.95				
	221	2	0.0	0.0	0.0	0.0	2	1.0309549386119516	4.9927036744533115	230.0	27	1.05	0.95				
	222	2	0.0	0.0	0.0	0.0	2	1.05	11.41240148736641	230.0	27	1.05	0.95				
	223	2	0.0	0.0	0.0	0.0	2	1.0339555617669238	3.0913137201469105	230.0	25	1.05	0.95				
	224	1	0.0	0.0	0.0	0.0	2	1.0103417668681447	-0.042185165541029516	230.0	26	1.05	0.95				
	301	2	63.6520088463158	12.96614995017544	0.0	0.0	3	1.007054890305509	-30.70358738736078	138.0	31	1.05	0.95				
	302	2	57.16893387122808	11.787409045614037	0.0	0.0	3	1.0065645962462135	-30.832112541086765	138.0	32	1.05	0.95				
	303	1	106.08668141052632	21.806706734385966	0.0	0.0	3	1.020580544412423	-24.10875499553889	138.0	31	1.05	0.95				
	304	1	43.61341346877193	8.840556784210527	0.0	0.0	3	1.0063118890179485	-28.83304350412558	138.0	31	1.05	0.95				
	305	1	41.845302111929826	8.251186331929826	0.0	0.0	3	1.020191794410383	-29.53918529427683	138.0	31	1.05	0.95				
	306	1	80.15438151017545	16.502372663859653	0.0	-100.0	3	1.0351760918023591	-29.546621674580596	138.0	32	1.05	0.95				
	307	2	73.67130653508774	14.734261307017546	0.0	0.0	3	0.9941408372348637	-35.61818552395983	138.0	32	1.05	0.95				
	308	1	100.78234734000003	20.627965829824564	0.0	0.0	3	0.9958277337730854	-32.84515571812614	138.0	32	1.05	0.95				
	309	1	103.13982914912283	21.217336282105265	0.0	0.0	3	1.026742813604207	-24.795361006090445	138.0	33	1.05	0.95				
	310	1	114.92723819473684	23.574818091228074	0.0	0.0	3	1.05	-26.48451158343618	138.0	33	1.05	0.95				
	311	1	0.0	0.0	0.0	0.0	3	1.017010643077708	-19.253599136556858	230.0	33	1.05	0.95				
	312	1	0.0	0.0	0.0	0.0	3	1.0182611781431277	-18.343353722148834	230.0	33	1.05	0.95				
	313	2	156.183169854386	31.8260044231579	0.0	0.0	3	1.028398494184601	-14.67729785100259	230.0	34	1.05	0.95				
	314	2	114.33786774245615	22.985447638947374	0.0	0.0	3	1.0257531800253608	-16.937950950586416	230.0	36	1.05	0.95				
	315	2	186.8304333729825	37.71970894596492	0.0	0.0	3	1.0429474586565417	-13.432970126496683	230.0	36	1.05	0.95				
	316	2	58.93704522807018	11.787409045614037	0.0	0.0	3	1.0436689155342669	-12.28248564285931	230.0	36	1.05	0.95				
	317	1	0.0	0.0	0.0	0.0	3	1.0456646334024307	-11.116993060377554	230.0	37	1.05	0.95				
	318	2	196.2603606094737	40.07719075508773	0.0	0.0	3	1.0446039954850548	-11.047012369611858	230.0	37	1.05	0.95				
	319	1	106.67605186280704	21.806706734385966	0.0	0.0	3	1.0432473855951097	-11.950338928978056	230.0	35	1.05	0.95				
	320	1	75.43941789192984	15.323631759298248	0.0	0.0	3	1.0453628622554028	-11.4488476485551	230.0	35	1.05	0.95				
	321	2	0.0	0.0	0.0	0.0	3	1.045180013834431	-11.327739697621503	230.0	37	1.05	0.95				
	322	2	0.0	0.0	0.0	0.0	3	1.05	-6.91157262099291	230.0	37	1.05	0.95				
	323	2	0.0	0.0	0.0	0.0	3	1.0473549062251761	-10.943198809885562	230.0	35	1.05	0.95				
	324	1	0.0	0.0	0.0	0.0	3	1.0229846261033608	-16.178923202516444	230.0	36	1.05	0.95				
	325	1	0.0	0.0	0.0	0.0	3	1.0412389095455943	-9.449908434785433	230.0	35	1.05	0.95				
];
