%% MATPOWER Case Format : Version 2
function mpc = RTS_GMLC
mpc.version = '2';

%%-----  Power Flow Data  -----%%
%% system MVA base
mpc.baseMVA = 100.0;
%% bus data
%    bus_i    type    Pd    Qd    Gs    Bs    area    Vm    Va    baseKV    zone    Vmax    Vmin
mpc.bus = [
	101	2	59.45076693473684	12.110341412631577	0.0	0.0	1	1.03435616859317	2.2404264282638766	138.0	11	1.05	0.95				
	102	2	53.39559622842105	11.009401284210526	0.0	0.0	1	1.0344069894724992	2.2040969991683292	138.0	12	1.05	0.95				
	103	1	99.08461155789473	20.36739237578947	0.0	0.0	1	1.0258367385129412	0.20103980407311126	138.0	11	1.05	0.95				
	104	1	40.73478475157894	8.257050963157893	0.0	0.0	1	1.0199610476133036	-1.297313721387297	138.0	11	1.05	0.95				
	105	1	39.08337455894736	7.706580898947369	0.0	0.0	1	1.0345316612372868	-1.1441838291301865	138.0	11	1.05	0.95				
	106	1	74.86392873263158	15.413161797894738	0.0	-100.0	1	1.04206893094625	-3.54951172872154	138.0	12	1.05	0.95				
	107	2	68.80875802631579	13.761751605263155	0.0	0.0	1	1.0338723799371028	-2.69583089079025	138.0	12	1.05	0.95				
	108	1	94.13038097999998	19.266452247368417	0.0	0.0	1	1.0219389980924405	-4.288909309269925	138.0	12	1.05	0.95				
	109	1	96.33226123684209	19.816922311578942	0.0	0.0	1	1.025702983561847	-1.9413769042988693	138.0	13	1.05	0.95				
	110	1	107.34166252105261	22.01880256842105	0.0	0.0	1	1.05	-2.84554702224113	138.0	13	1.05	0.95				
	111	1	0.0	0.0	0.0	0.0	1	1.0061628928593302	-0.24101444286750517	230.0	13	1.05	0.95				
	112	1	0.0	0.0	0.0	0.0	1	1.01130766224494	0.22516972891466502	230.0	13	1.05	0.95				
	113	3	145.87456701578944	29.72538346736842	0.0	0.0	1	1.0003566493812701	-7.426919551909963e-30	230.0	14	1.05	0.95				
	114	2	106.7911924568421	21.468332504210526	0.0	0.0	1	1.0033275966057444	1.8137073351610875	230.0	16	1.05	0.95				
	115	2	174.4990103547368	35.23008410947368	0.0	0.0	1	1.0409796263850855	8.526806293789065	230.0	16	1.05	0.95				
	116	2	55.04700642105262	11.009401284210526	0.0	0.0	1	1.037159400175872	7.94906270157384	230.0	16	1.05	0.95				
	117	1	0.0	0.0	0.0	0.0	1	1.0433610513900922	10.294368280799903	230.0	17	1.05	0.95				
	118	2	183.30653138210525	37.43196436631579	0.0	0.0	1	1.0462427523554219	10.34466954315027	230.0	17	1.05	0.95				
	119	1	99.63508162210525	20.36739237578947	0.0	0.0	1	1.0305434176437223	6.591243687189954	230.0	15	1.05	0.95				
	120	1	70.46016821894736	14.312221669473683	0.0	0.0	1	1.0293182956381954	6.465093639830512	230.0	15	1.05	0.95				
	121	2	0.0	0.0	0.0	0.0	1	1.0499999829013102	11.475935153535486	230.0	17	1.05	0.95				
	122	2	0.0	0.0	0.0	0.0	1	1.05	19.412852867491587	230.0	17	1.05	0.95				
	123	2	0.0	0.0	0.0	0.0	1	1.029745786177017	6.81442482429759	230.0	15	1.05	0.95				
	124	1	0.0	0.0	0.0	0.0	1	1.0247231010813487	5.427483822211189	230.0	16	1.05	0.95				
	201	2	64.93939870736843	13.228396032982456	0.0	0.0	2	1.0324004905357975	-10.463577690038393	138.0	21	1.05	0.95				
	202	2	58.32520069087719	12.025814575438597	0.0	0.0	2	1.0325751031696402	-10.553969545028234	138.0	22	1.05	0.95				
	203	1	108.23233117894738	22.2477569645614	0.0	0.0	2	1.0229181707311252	-7.928075584142868	138.0	21	1.05	0.95				
	204	1	44.4955139291228	9.019360931578948	0.0	0.0	2	1.0176077022528143	-12.76178954820906	138.0	21	1.05	0.95				
	205	1	42.691641742807015	8.418070202807018	0.0	0.0	2	1.033364956506326	-13.092203736970996	138.0	21	1.05	0.95				
	206	1	81.77553911298246	16.836140405614035	0.0	-100.0	2	1.0407202646183704	-15.137932320772787	138.0	22	1.05	0.95				
	207	2	75.16134109649121	15.032268219298246	0.0	0.0	2	0.9877505733447277	-24.197189706601733	138.0	22	1.05	0.95				
	208	1	102.82071462	21.04517550701754	0.0	0.0	2	0.9881692278607418	-21.306711462925268	138.0	22	1.05	0.95				
	209	1	105.22587753508772	21.64646623578947	0.0	0.0	2	1.0237921806253996	-12.126158146280508	138.0	23	1.05	0.95				
	210	1	117.2516921105263	24.051629150877194	0.0	0.0	2	1.05	-13.85692726168947	138.0	23	1.05	0.95				
	211	1	0.0	0.0	0.0	0.0	2	1.0157026348114329	-8.905371837166113	230.0	23	1.05	0.95				
	212	1	0.0	0.0	0.0	0.0	2	1.0152259417055831	-7.927723423695543	230.0	23	1.05	0.95				
	213	2	159.3420431245614	32.46969935368421	0.0	0.0	2	1.0164968309699862	-7.589297723685905	230.0	24	1.05	0.95				
	214	2	116.65040138175438	23.45033842210526	0.0	0.0	2	1.0238008264613323	-5.9719047352356505	230.0	26	1.05	0.95				
	215	2	190.60916102070172	38.48260664140351	0.0	0.0	2	1.035335674761402	1.9379249866561108	230.0	26	1.05	0.95				
	216	2	60.12907287719298	12.025814575438597	0.0	0.0	2	1.0387932741042862	1.8479305613629005	230.0	26	1.05	0.95				
	217	1	0.0	0.0	0.0	0.0	2	1.041232535604123	4.859748700013163	230.0	27	1.05	0.95				
	218	2	200.22981268105264	40.88776955649123	0.0	0.0	2	1.0426276528928904	5.254144104179238	230.0	27	1.05	0.95				
	219	1	108.8336219077193	22.2477569645614	0.0	0.0	2	1.0392624353158462	1.3452261271257413	230.0	25	1.05	0.95				
	220	1	76.96521328280701	15.633558948070176	0.0	0.0	2	1.0444903789726825	2.0458057348637806	230.0	25	1.05	0.95				
	221	2	0.0	0.0	0.0	0.0	2	1.0424072955666175	4.9825996006947655	230.0	27	1.05	0.95				
	222	2	0.0	0.0	0.0	0.0	2	1.05	11.43907656317792	230.0	27	1.05	0.95				
	223	2	0.0	0.0	0.0	0.0	2	1.0488683370813643	2.867917104790149	230.0	25	1.05	0.95				
	224	1	0.0	0.0	0.0	0.0	2	1.0184187428877098	-1.7493920297591679	230.0	26	1.05	0.95				
	301	2	50.4637772968421	10.279658338245614	0.0	0.0	3	1.0097391735427352	-14.475579993644716	138.0	31	1.05	0.95				
	302	2	45.32394812771929	9.345143943859648	0.0	0.0	3	1.0090377628552003	-14.662686010120787	138.0	32	1.05	0.95				
	303	1	84.10629549473684	17.28851629614035	0.0	0.0	3	1.0354081500107835	-6.3407014069496475	138.0	31	1.05	0.95				
	304	1	34.5770325922807	7.008857957894736	0.0	0.0	3	1.0107612269100146	-13.237201432724927	138.0	31	1.05	0.95				
	305	1	33.17526100070175	6.541600760701755	0.0	0.0	3	1.023917020953321	-14.339312651174431	138.0	31	1.05	0.95				
	306	1	63.54697881824561	13.08320152140351	0.0	-100.0	3	1.0395945575009478	-14.811540313919627	138.0	32	1.05	0.95				
	307	2	58.4071496491228	11.68142992982456	0.0	0.0	3	0.9923312029944614	-19.864529058159246	138.0	32	1.05	0.95				
	308	1	79.90098071999999	16.354001901754383	0.0	0.0	3	0.9976578523896396	-17.730026702707395	138.0	32	1.05	0.95				
	309	1	81.77000950877192	16.821259098947365	0.0	0.0	3	1.0270924847107483	-10.161671045366937	138.0	33	1.05	0.95				
	310	1	91.11515345263157	18.690287887719297	0.0	0.0	3	1.05	-12.699386289259348	138.0	33	1.05	0.95				
	311	1	0.0	0.0	0.0	0.0	3	1.010638550321756	-6.85917333536982	230.0	33	1.05	0.95				
	312	1	0.0	0.0	0.0	0.0	3	1.0128249290535094	-6.512855195156912	230.0	33	1.05	0.95				
	313	2	123.82315725614035	25.23188864842105	0.0	0.0	3	1.0121675517435438	-3.688969162798401	230.0	34	1.05	0.95				
	314	2	90.64789625543858	18.223030690526315	0.0	0.0	3	1.0135590868119237	-4.9803122748848	230.0	36	1.05	0.95				
	315	2	148.12053151017543	29.904460620350875	0.0	0.0	3	1.0401415429139305	0.31375317671872954	230.0	36	1.05	0.95				
	316	2	46.72571971929824	9.345143943859648	0.0	0.0	3	1.0382019654654624	0.45019856047613915	230.0	36	1.05	0.95				
	317	1	0.0	0.0	0.0	0.0	3	1.0447046693303388	2.655316985020093	230.0	37	1.05	0.95				
	318	2	155.59664666526314	31.773489409122806	0.0	0.0	3	1.0445940906896756	2.4363199087693257	230.0	37	1.05	0.95				
	319	1	84.57355269192982	17.28851629614035	0.0	0.0	3	1.0319257939188367	-0.8042979412945692	230.0	35	1.05	0.95				
	320	1	59.80892124070175	12.148687127017544	0.0	0.0	3	1.0299809747078488	-1.0006267139406804	230.0	35	1.05	0.95				
	321	2	0.0	0.0	0.0	0.0	3	1.0464243772886543	3.239879281338293	230.0	37	1.05	0.95				
	322	2	0.0	0.0	0.0	0.0	3	1.05	7.34478573903891	230.0	37	1.05	0.95				
	323	2	0.0	0.0	0.0	0.0	3	1.0296080600983826	-0.751640563806881	230.0	35	1.05	0.95				
	324	1	0.0	0.0	0.0	0.0	3	1.029507077011403	-2.188438167942163	230.0	36	1.05	0.95				
	325	1	0.0	0.0	0.0	0.0	3	1.0282392782519867	0.2857938544743049	230.0	35	1.05	0.95				
];
