%% MATPOWER Case Format : Version 2
function mpc = RTS_GMLC
mpc.version = '2';

%%-----  Power Flow Data  -----%%
%% system MVA base
mpc.baseMVA = 100.0;
%% bus data
%    bus_i    type    Pd    Qd    Gs    Bs    area    Vm    Va    baseKV    zone    Vmax    Vmin
mpc.bus = [
	101	2	42.10984659789474	8.577931714385963	0.0	0.0	1	1.0312234389244865	1.8460880152360273	138.0	11	1.05	0.95				
	102	2	37.82088074070175	7.798119740350877	0.0	0.0	1	1.0289791439590699	1.2466203940780733	138.0	12	1.05	0.95				
	103	1	70.18307766315789	14.426521519649121	0.0	0.0	1	1.033742368454192	1.609468891767766	138.0	11	1.05	0.95				
	104	1	28.853043039298242	5.848589805263157	0.0	0.0	1	1.0231213066933398	-0.9547469701826773	138.0	11	1.05	0.95				
	105	1	27.68332507824561	5.458683818245614	0.0	0.0	1	1.0351723207432226	-1.3041036255201925	138.0	11	1.05	0.95				
	106	1	53.027214234385966	10.917367636491228	0.0	-100.0	1	1.0456121844926565	-3.5899700364884213	138.0	12	1.05	0.95				
	107	2	48.738248377192974	9.747649675438595	0.0	0.0	1	0.9996860670516542	-10.217682210008121	138.0	12	1.05	0.95				
	108	1	66.67392378	13.646709545614033	0.0	0.0	1	1.004439496997588	-8.219695957504454	138.0	12	1.05	0.95				
	109	1	68.23354772807016	14.036615532631577	0.0	0.0	1	1.0251134486695848	-2.0890293500799983	138.0	13	1.05	0.95				
	110	1	76.03166746842103	15.596239480701755	0.0	0.0	1	1.05	-3.260119935177497	138.0	13	1.05	0.95				
	111	1	0.0	0.0	0.0	0.0	1	1.0035882402799363	-0.3196984328166865	230.0	13	1.05	0.95				
	112	1	0.0	0.0	0.0	0.0	1	1.0084991710275812	-0.9359181573239717	230.0	13	1.05	0.95				
	113	3	103.32508655964912	21.05492329894737	0.0	0.0	1	0.9956741952278015	8.98169577689813e-31	230.0	14	1.05	0.95				
	114	2	75.6417614814035	15.206333493684209	0.0	0.0	1	1.0009354392971963	1.8923413377180494	230.0	16	1.05	0.95				
	115	2	123.60019788456138	24.953983169122804	0.0	0.0	1	1.0398214507200765	8.611734954824257	230.0	16	1.05	0.95				
	116	2	38.99059870175438	7.798119740350877	0.0	0.0	1	1.0349650716267025	7.22158001343955	230.0	16	1.05	0.95				
	117	1	0.0	0.0	0.0	0.0	1	1.0422845795353959	11.182391039679244	230.0	17	1.05	0.95				
	118	2	129.8386936768421	26.513607117192983	0.0	0.0	1	1.0471539763503197	12.047636296469133	230.0	17	1.05	0.95				
	119	1	70.57298365017543	14.426521519649121	0.0	0.0	1	1.0235126734828257	4.363635274875695	230.0	15	1.05	0.95				
	120	1	49.90796633824561	10.137555662456139	0.0	0.0	1	1.017218963131976	2.2869186253968548	230.0	15	1.05	0.95				
	121	2	0.0	0.0	0.0	0.0	1	1.0496719108440202	13.468627020053354	230.0	17	1.05	0.95				
	122	2	0.0	0.0	0.0	0.0	1	1.05	20.61369719678721	230.0	17	1.05	0.95				
	123	2	0.0	0.0	0.0	0.0	1	1.0143935111625075	1.4425292855165306	230.0	15	1.05	0.95				
	124	1	0.0	0.0	0.0	0.0	1	1.0283452838977327	5.982056607224537	230.0	16	1.05	0.95				
	201	2	45.23658112421053	9.214859117894736	0.0	0.0	2	1.0143628235943347	-14.829323420728329	138.0	21	1.05	0.95				
	202	2	40.62915156526316	8.37714465263158	0.0	0.0	2	1.0135233620268234	-15.102754956004794	138.0	22	1.05	0.95				
	203	1	75.39430187368421	15.497717607368418	0.0	0.0	2	1.0139482401459279	-11.070157438926293	138.0	21	1.05	0.95				
	204	1	30.995435214736837	6.282858489473683	0.0	0.0	2	1.0120594160050935	-14.56833603970735	138.0	21	1.05	0.95				
	205	1	29.738863516842102	5.864001256842105	0.0	0.0	2	1.0270626859619378	-14.99339709488355	138.0	21	1.05	0.95				
	206	1	56.96458363789474	11.72800251368421	0.0	-100.0	2	1.0421012902042988	-15.608008930751797	138.0	22	1.05	0.95				
	207	2	52.35715407894737	10.471430815789473	0.0	0.0	2	0.9966610866900438	-20.637512233988375	138.0	22	1.05	0.95				
	208	1	71.62458678	14.66000314210526	0.0	0.0	2	1.0013836329553645	-18.740159689093893	138.0	22	1.05	0.95				
	209	1	73.30001571052631	15.078860374736841	0.0	0.0	2	1.023092178249385	-12.397003235545805	138.0	23	1.05	0.95				
	210	1	81.67716036315788	16.75428930526316	0.0	0.0	2	1.05	-13.810175085612594	138.0	23	1.05	0.95				
	211	1	0.0	0.0	0.0	0.0	2	1.0045522776450768	-10.051943130618376	230.0	23	1.05	0.95				
	212	1	0.0	0.0	0.0	0.0	2	1.0103509526263186	-6.9303225244807924	230.0	23	1.05	0.95				
	213	2	110.9971666473684	22.618290562105265	0.0	0.0	2	0.9993008347629326	-8.464552869174739	230.0	24	1.05	0.95				
	214	2	81.25830313052631	16.33543207263158	0.0	0.0	2	1.0034823463604856	-8.259504145657695	230.0	26	1.05	0.95				
	215	2	132.7777427442105	26.80686288842105	0.0	0.0	2	1.019432379643214	-2.1524494823229334	230.0	26	1.05	0.95				
	216	2	41.88572326315789	8.37714465263158	0.0	0.0	2	1.0190280244374856	-3.1426166268378117	230.0	26	1.05	0.95				
	217	1	0.0	0.0	0.0	0.0	2	1.0239152396345237	-1.2642318741251664	230.0	27	1.05	0.95				
	218	2	139.47945846631578	28.48229181894737	0.0	0.0	2	1.023643243281111	-1.649260186544651	230.0	27	1.05	0.95				
	219	1	75.81315910631578	15.497717607368418	0.0	0.0	2	1.017630716688791	-3.9590638675636454	230.0	25	1.05	0.95				
	220	1	53.6137257768421	10.890288048421052	0.0	0.0	2	1.019296623941515	-3.837136562314559	230.0	25	1.05	0.95				
	221	2	0.0	0.0	0.0	0.0	2	1.0257897931594313	-1.016332039243624	230.0	27	1.05	0.95				
	222	2	0.0	0.0	0.0	0.0	2	1.04757108759022	5.4069367845727845	230.0	27	1.05	0.95				
	223	2	0.0	0.0	0.0	0.0	2	1.0207706405251586	-3.443927257066784	230.0	25	1.05	0.95				
	224	1	0.0	0.0	0.0	0.0	2	1.00637726072362	-5.507342230752747	230.0	26	1.05	0.95				
	301	2	62.83201517052631	12.799114201403508	0.0	0.0	3	1.0006332107334286	-0.8593705905361292	138.0	31	1.05	0.95				
	302	2	56.432458069824555	11.63555836491228	0.0	0.0	3	1.0003630378472113	-0.9364956605465437	138.0	32	1.05	0.95				
	303	1	104.72002528421052	21.52578297508772	0.0	0.0	3	1.019812800240305	3.5599086482913473	138.0	31	1.05	0.95				
	304	1	43.05156595017544	8.72666877368421	0.0	0.0	3	1.0039337499158738	1.0236423137076835	138.0	31	1.05	0.95				
	305	1	41.30623219543859	8.144890855438597	0.0	0.0	3	1.0166942636182563	0.7341091160387643	138.0	31	1.05	0.95				
	306	1	79.12179688140351	16.289781710877193	0.0	-100.0	3	1.033734757752531	0.9675714892141933	138.0	32	1.05	0.95				
	307	2	72.72223978070174	14.544447956140349	0.0	0.0	3	0.9928760312401417	-3.8540424054130096	138.0	32	1.05	0.95				
	308	1	99.48402401999998	20.362227138596488	0.0	0.0	3	0.9991705809732829	-1.193259593731906	138.0	32	1.05	0.95				
	309	1	101.81113569298246	20.9440050568421	0.0	0.0	3	1.0271772728781525	4.993354445734469	138.0	33	1.05	0.95				
	310	1	113.44669405789472	23.27111672982456	0.0	0.0	3	1.05	4.187279966523851	138.0	33	1.05	0.95				
	311	1	0.0	0.0	0.0	0.0	3	1.015219980369848	10.75106644247577	230.0	33	1.05	0.95				
	312	1	0.0	0.0	0.0	0.0	3	1.018835903458393	11.591218203338816	230.0	33	1.05	0.95				
	313	2	154.1711483350877	31.416007585263156	0.0	0.0	3	1.0327173788396455	17.464672315507357	230.0	34	1.05	0.95				
	314	2	112.86491613964911	22.689338811578946	0.0	0.0	3	1.018386660651232	10.96245773835162	230.0	36	1.05	0.95				
	315	2	184.42360008385964	37.233786767719295	0.0	0.0	3	1.0389355878381992	9.361573005594177	230.0	36	1.05	0.95				
	316	2	58.177791824561396	11.63555836491228	0.0	0.0	3	1.0389641694381269	10.487494087600698	230.0	36	1.05	0.95				
	317	1	0.0	0.0	0.0	0.0	3	1.05	12.83950225835113	230.0	37	1.05	0.95				
	318	2	193.73204677578946	39.560898440701756	0.0	0.0	3	1.046574867483202	10.044116578476883	230.0	37	1.05	0.95				
	319	1	105.30180320245613	21.52578297508772	0.0	0.0	3	1.0358271639561043	11.696823402540968	230.0	35	1.05	0.95				
	320	1	74.46757353543859	15.126225874385964	0.0	0.0	3	1.035099606118478	12.659474870372318	230.0	35	1.05	0.95				
	321	2	0.0	0.0	0.0	0.0	3	1.0448982331959509	10.461385868558073	230.0	37	1.05	0.95				
	322	2	0.0	0.0	0.0	0.0	3	1.05	15.736207997312393	230.0	37	1.05	0.95				
	323	2	0.0	0.0	0.0	0.0	3	1.0347875647601406	13.081466011849011	230.0	35	1.05	0.95				
	324	1	0.0	0.0	0.0	0.0	3	1.025819064459765	8.741640672683385	230.0	36	1.05	0.95				
	325	1	0.0	0.0	0.0	0.0	3	1.0368340247772212	13.121654111164512	230.0	35	1.05	0.95				
];
