%% MATPOWER Case Format : Version 2
function mpc = RTS_GMLC
mpc.version = '2';

%%-----  Power Flow Data  -----%%
%% system MVA base
mpc.baseMVA = 100.0;
%% bus data
%    bus_i    type    Pd    Qd    Gs    Bs    area    Vm    Va    baseKV    zone    Vmax    Vmin
mpc.bus = [
	101	2	86.73132111157895	17.667491337543858	0.0	0.0	1	1.0468657296383206	0.4083526801330829	138.0	11	1.05	0.95				
	102	2	77.89757544280701	16.061355761403508	0.0	0.0	1	1.0466771315196743	0.27615661358940263	138.0	12	1.05	0.95				
	103	1	144.55220185263158	29.71350815859649	0.0	0.0	1	1.0236023859225052	-2.0900137836092503	138.0	11	1.05	0.95				
	104	1	59.42701631719298	12.046016821052632	0.0	0.0	1	1.023940659379891	-3.4211615332577594	138.0	11	1.05	0.95				
	105	1	57.01781295298245	11.242949032982457	0.0	0.0	1	1.0369734653166802	-3.786716611632236	138.0	11	1.05	0.95				
	106	1	109.21721917754385	22.485898065964914	0.0	-100.0	1	1.03715980359447	-6.8785775105960525	138.0	12	1.05	0.95				
	107	2	100.38347350877193	20.076694701754384	0.0	0.0	1	1.05	-4.366365729464402	138.0	12	1.05	0.95				
	108	1	137.32459176	28.107372582456136	0.0	0.0	1	1.0241429547246224	-7.069847347104578	138.0	12	1.05	0.95				
	109	1	140.5368629122807	28.910440370526313	0.0	0.0	1	1.027242380926418	-4.252575238574903	138.0	13	1.05	0.95				
	110	1	156.5982186736842	32.122711522807016	0.0	0.0	1	1.05	-5.580175445660194	138.0	13	1.05	0.95				
	111	1	0.0	0.0	0.0	0.0	1	1.013922893022195	-1.7875958234157336	230.0	13	1.05	0.95				
	112	1	0.0	0.0	0.0	0.0	1	1.0170211275797147	-0.7076556850834274	230.0	13	1.05	0.95				
	113	3	212.8129638385965	43.365660555789475	0.0	0.0	1	1.0155716673074904	3.0197652525898284e-28	230.0	14	1.05	0.95				
	114	2	155.79515088561402	31.31964373473684	0.0	0.0	1	1.0143873208807208	-0.1723461681310579	230.0	16	1.05	0.95				
	115	2	254.5724888182456	51.39633843649123	0.0	0.0	1	1.0442521883403557	7.320719274687221	230.0	16	1.05	0.95				
	116	2	80.30677880701754	16.061355761403508	0.0	0.0	1	1.0422072821688557	6.971504167811634	230.0	16	1.05	0.95				
	117	1	0.0	0.0	0.0	0.0	1	1.0467042084239053	9.94136727440931	230.0	17	1.05	0.95				
	118	2	267.42157342736846	54.60860958877193	0.0	0.0	1	1.0490342591034245	10.571460792102577	230.0	17	1.05	0.95				
	119	1	145.35526964070175	29.71350815859649	0.0	0.0	1	1.0367843189452064	6.105940569038911	230.0	15	1.05	0.95				
	120	1	102.79267687298245	20.87976248982456	0.0	0.0	1	1.03872658660971	6.620281107307637	230.0	15	1.05	0.95				
	121	2	0.0	0.0	0.0	0.0	1	1.05	11.1885775361119	230.0	17	1.05	0.95				
	122	2	0.0	0.0	0.0	0.0	1	1.05	17.260615627597677	230.0	17	1.05	0.95				
	123	2	0.0	0.0	0.0	0.0	1	1.0422194799908149	7.494354344176143	230.0	15	1.05	0.95				
	124	1	0.0	0.0	0.0	0.0	1	1.0246844095181573	3.8338288388863533	230.0	16	1.05	0.95				
	201	2	90.67716037894738	18.47127341052632	0.0	0.0	2	1.041416516955894	-11.198566144680438	138.0	21	1.05	0.95				
	202	2	81.44152367368422	16.792066736842106	0.0	0.0	2	1.0440386414393494	-11.306863780359803	138.0	22	1.05	0.95				
	203	1	151.12860063157896	31.065323463157895	0.0	0.0	2	1.0257778912709685	-7.837519609594168	138.0	21	1.05	0.95				
	204	1	62.13064692631579	12.594050052631578	0.0	0.0	2	1.0197676211313584	-12.350179578142859	138.0	21	1.05	0.95				
	205	1	59.611836915789475	11.754446715789475	0.0	0.0	2	1.0350152386158409	-12.819562506507234	138.0	21	1.05	0.95				
	206	1	114.18605381052633	23.50889343157895	0.0	-100.0	2	1.036943775862457	-14.51718960201038	138.0	22	1.05	0.95				
	207	2	104.95041710526316	20.99008342105263	0.0	0.0	2	0.95	-25.549907830703322	138.0	22	1.05	0.95				
	208	1	143.5721706	29.386116789473682	0.0	0.0	2	0.9555630380574712	-21.924111618879078	138.0	22	1.05	0.95				
	209	1	146.93058394736843	30.225720126315792	0.0	0.0	2	1.0270445946026152	-9.821553922853694	138.0	23	1.05	0.95				
	210	1	163.72265068421052	33.58413347368421	0.0	0.0	2	1.05	-11.830329023411096	138.0	23	1.05	0.95				
	211	1	0.0	0.0	0.0	0.0	2	1.0332744181567903	-5.183228756765127	230.0	23	1.05	0.95				
	212	1	0.0	0.0	0.0	0.0	2	1.0287373956650645	-0.746272903144028	230.0	23	1.05	0.95				
	213	2	222.4948842631579	45.33858018947369	0.0	0.0	2	1.05	-1.0702954099265816	230.0	24	1.05	0.95				
	214	2	162.88304734736843	32.74453013684211	0.0	0.0	2	1.05	-3.391251468127802	230.0	26	1.05	0.95				
	215	2	266.1542577789474	53.73461355789474	0.0	0.0	2	1.0448648691828193	4.3948518900803775	230.0	26	1.05	0.95				
	216	2	83.96033368421053	16.792066736842106	0.0	0.0	2	1.0493645456072824	4.3297066911065425	230.0	26	1.05	0.95				
	217	1	0.0	0.0	0.0	0.0	2	1.0494419904210517	7.347580702206052	230.0	27	1.05	0.95				
	218	2	279.58791116842104	57.093026905263166	0.0	0.0	2	1.05	8.009693645182725	230.0	27	1.05	0.95				
	219	1	151.96820396842105	31.065323463157895	0.0	0.0	2	1.0433834221540548	3.8337429288172644	230.0	25	1.05	0.95				
	220	1	107.46922711578948	21.82968675789474	0.0	0.0	2	1.0458209065170274	4.97035521586665	230.0	25	1.05	0.95				
	221	2	0.0	0.0	0.0	0.0	2	1.05	8.53059534544783	230.0	27	1.05	0.95				
	222	2	0.0	0.0	0.0	0.0	2	1.05	14.57835853814	230.0	27	1.05	0.95				
	223	2	0.0	0.0	0.0	0.0	2	1.05	6.202357790644554	230.0	25	1.05	0.95				
	224	1	0.0	0.0	0.0	0.0	2	1.0223147757506217	-0.15281097152962625	230.0	26	1.05	0.95				
	301	2	71.7494463663158	14.615627963508771	0.0	0.0	3	1.0080945270836805	-17.86927576427191	138.0	31	1.05	0.95				
	302	2	64.4416323845614	13.286934512280702	0.0	0.0	3	1.007628134053465	-18.004064977239327	138.0	32	1.05	0.95				
	303	1	119.58241061052632	24.580828847719296	0.0	0.0	3	1.0201186165194713	-10.911708756258513	138.0	31	1.05	0.95				
	304	1	49.16165769543859	9.965200884210526	0.0	0.0	3	1.0049603155980222	-15.753936671597158	138.0	31	1.05	0.95				
	305	1	47.16861751859649	9.300854158596492	0.0	0.0	3	1.0192910574697807	-16.360410717664816	138.0	31	1.05	0.95				
	306	1	90.35115468350877	18.601708317192983	0.0	-100.0	3	1.0330161018195407	-16.244299321645432	138.0	32	1.05	0.95				
	307	2	83.04334070175439	16.608668140350876	0.0	0.0	3	0.9902054473622361	-22.974642429831125	138.0	32	1.05	0.95				
	308	1	113.60329007999998	23.252135396491227	0.0	0.0	3	0.9914453990794233	-19.80910032104826	138.0	32	1.05	0.95				
	309	1	116.26067698245615	23.91648212210526	0.0	0.0	3	1.026919807839095	-11.205628746462395	138.0	33	1.05	0.95				
	310	1	129.54761149473683	26.573869024561404	0.0	0.0	3	1.05	-12.721312695950035	138.0	33	1.05	0.95				
	311	1	0.0	0.0	0.0	0.0	3	1.021193671788046	-4.933105547215644	230.0	33	1.05	0.95				
	312	1	0.0	0.0	0.0	0.0	3	1.0213406442698083	-3.9305512099054027	230.0	33	1.05	0.95				
	313	2	176.05188228771928	35.8747231831579	0.0	0.0	3	1.0400474752915208	0.9872259427364027	230.0	34	1.05	0.95				
	314	2	128.8832647691228	25.90952229894737	0.0	0.0	3	1.0316083914572278	-3.255714542012105	230.0	36	1.05	0.95				
	315	2	210.5979120196491	42.518190439298245	0.0	0.0	3	1.0460033038970422	-0.20728734213188407	230.0	36	1.05	0.95				
	316	2	66.4346725614035	13.286934512280702	0.0	0.0	3	1.0450634347619918	0.49745581060094335	230.0	36	1.05	0.95				
	317	1	0.0	0.0	0.0	0.0	3	1.0473863282885199	1.9777468827503553	230.0	37	1.05	0.95				
	318	2	221.22745962947369	45.175577341754384	0.0	0.0	3	1.0473409362966026	1.9454243086457432	230.0	37	1.05	0.95				
	319	1	120.24675733614035	24.580828847719296	0.0	0.0	3	1.042199375458809	0.6438578491270799	230.0	35	1.05	0.95				
	320	1	85.03638087859649	17.27301486596491	0.0	0.0	3	1.0431316617289526	1.1546181059063956	230.0	35	1.05	0.95				
	321	2	0.0	0.0	0.0	0.0	3	1.0499999616224733	2.887696394981913	230.0	37	1.05	0.95				
	322	2	0.0	0.0	0.0	0.0	3	1.05	8.305744246736143	230.0	37	1.05	0.95				
	323	2	0.0	0.0	0.0	0.0	3	1.0441762247540851	1.4703336743629907	230.0	35	1.05	0.95				
	324	1	0.0	0.0	0.0	0.0	3	1.024527915580808	-3.049436664081071	230.0	36	1.05	0.95				
	325	1	0.0	0.0	0.0	0.0	3	1.0426965609600296	2.282194175997422	230.0	35	1.05	0.95				
];
