%% MATPOWER Case Format : Version 2
function mpc = RTS_GMLC
mpc.version = '2';

%%-----  Power Flow Data  -----%%
%% system MVA base
mpc.baseMVA = 100.0;
%% bus data
%    bus_i    type    Pd    Qd    Gs    Bs    area    Vm    Va    baseKV    zone    Vmax    Vmin
mpc.bus = [
	101	2	62.67046016842106	12.766204849122808	0.0	0.0	1	1.025986611600757	-2.0525849406284125	138.0	11	1.05	0.95				
	102	2	56.28735774385966	11.605640771929826	0.0	0.0	1	1.0250013569141003	-2.37228768165643	138.0	12	1.05	0.95				
	103	1	104.45076694736844	21.47043542807018	0.0	0.0	1	1.0219813596130276	-0.8887328902827724	138.0	11	1.05	0.95				
	104	1	42.94087085614036	8.704230578947369	0.0	0.0	1	1.015108323909079	-4.807913286044144	138.0	11	1.05	0.95				
	105	1	41.200024740350884	8.123948540350879	0.0	0.0	1	1.0302447493430154	-4.8845102914913	138.0	11	1.05	0.95				
	106	1	78.91835724912283	16.247897080701758	0.0	-100.0	1	1.0394108012530736	-7.073376244392067	138.0	12	1.05	0.95				
	107	2	72.5352548245614	14.507050964912283	0.0	0.0	1	0.997698788477571	-13.947614045549829	138.0	12	1.05	0.95				
	108	1	99.22822860000001	20.309871350877195	0.0	0.0	1	0.9967283403062268	-12.03332872239273	138.0	12	1.05	0.95				
	109	1	101.54935675438597	20.89015338947369	0.0	0.0	1	1.0248626082173127	-4.424504784712697	138.0	13	1.05	0.95				
	110	1	113.1549975263158	23.211281543859652	0.0	0.0	1	1.05	-5.898989698529245	138.0	13	1.05	0.95				
	111	1	0.0	0.0	0.0	0.0	1	1.0157939575289072	-0.987963211332232	230.0	13	1.05	0.95				
	112	1	0.0	0.0	0.0	0.0	1	1.015553090044522	-1.1081195362118634	230.0	13	1.05	0.95				
	113	3	153.7747402280702	31.33523008421053	0.0	0.0	1	1.012225152862216	1.5388607222590571e-30	230.0	14	1.05	0.95				
	114	2	112.57471548771932	22.630999505263162	0.0	0.0	1	1.0277301615390562	2.310958424137924	230.0	16	1.05	0.95				
	115	2	183.94940623508774	37.13805047017544	0.0	0.0	1	1.040708565600153	11.414277108702274	230.0	16	1.05	0.95				
	116	2	58.02820385964913	11.605640771929826	0.0	0.0	1	1.0405166439457667	10.52849126851565	230.0	16	1.05	0.95				
	117	1	0.0	0.0	0.0	0.0	1	1.0415567623191138	15.589126953140076	230.0	17	1.05	0.95				
	118	2	193.2339188526316	39.45917862456142	0.0	0.0	1	1.05	15.734702170905003	230.0	17	1.05	0.95				
	119	1	105.03104898596493	21.47043542807018	0.0	0.0	1	1.0358530044695715	7.6736285473015045	230.0	15	1.05	0.95				
	120	1	74.27610094035089	15.087333003508775	0.0	0.0	1	1.0379180895644737	6.2929129422398455	230.0	15	1.05	0.95				
	121	2	0.0	0.0	0.0	0.0	1	1.0463001718601959	17.28278008550747	230.0	17	1.05	0.95				
	122	2	0.0	0.0	0.0	0.0	1	1.05	35.21769333370742	230.0	17	1.05	0.95				
	123	2	0.0	0.0	0.0	0.0	1	1.040283902539921	5.967578603580359	230.0	15	1.05	0.95				
	124	1	0.0	0.0	0.0	0.0	1	1.0182576020633438	6.839011431229758	230.0	16	1.05	0.95				
	201	2	58.71745633263158	11.960963327017543	0.0	0.0	2	1.02289148615217	-13.887425698197214	138.0	21	1.05	0.95				
	202	2	52.7369746691228	10.873603024561403	0.0	0.0	2	1.0238755298200704	-13.708177695149502	138.0	22	1.05	0.95				
	203	1	97.86242722105263	20.116165595438595	0.0	0.0	2	1.016532490247085	-12.059761737891884	138.0	21	1.05	0.95				
	204	1	40.23233119087719	8.155202268421052	0.0	0.0	2	1.0151062298060418	-15.010523604340314	138.0	21	1.05	0.95				
	205	1	38.601290737192976	7.611522117192983	0.0	0.0	2	1.0296676848421742	-15.412081614481043	138.0	21	1.05	0.95				
	206	1	73.94050056701754	15.223044234385966	0.0	-100.0	2	1.0407133986301824	-16.74583483369358	138.0	22	1.05	0.95				
	207	2	67.96001890350877	13.592003780701752	0.0	0.0	2	0.9888107948452277	-24.53163920393991	138.0	22	1.05	0.95				
	208	1	92.96930585999999	19.028805292982454	0.0	0.0	2	0.9916260266586808	-21.96937399338718	138.0	22	1.05	0.95				
	209	1	95.14402646491227	19.572485444210525	0.0	0.0	2	1.0241417754779516	-13.84440369926669	138.0	23	1.05	0.95				
	210	1	106.01762948947366	21.747206049122806	0.0	0.0	2	1.05	-15.213729496329023	138.0	23	1.05	0.95				
	211	1	0.0	0.0	0.0	0.0	2	1.0136427424276162	-10.156782383387114	230.0	23	1.05	0.95				
	212	1	0.0	0.0	0.0	0.0	2	1.013378252257706	-8.942159061971815	230.0	23	1.05	0.95				
	213	2	144.07524007543856	29.35872816631579	0.0	0.0	2	1.0146473750079081	-8.374379581428625	230.0	24	1.05	0.95				
	214	2	105.4739493382456	21.203525897894735	0.0	0.0	2	1.0202757029955114	-7.32498839973354	230.0	26	1.05	0.95				
	215	2	172.34660793929822	34.79552967859649	0.0	0.0	2	1.0364917307317014	-0.09053251477043847	230.0	26	1.05	0.95				
	216	2	54.36801512280701	10.873603024561403	0.0	0.0	2	1.0386848739443126	-0.03767925009108142	230.0	26	1.05	0.95				
	217	1	0.0	0.0	0.0	0.0	2	1.0418691676422127	2.404396288902835	230.0	27	1.05	0.95				
	218	2	181.04549035894735	36.97025028350877	0.0	0.0	2	1.0416181903198893	2.209775377429405	230.0	27	1.05	0.95				
	219	1	98.40610737228069	20.116165595438595	0.0	0.0	2	1.0396821470425988	0.23829531278703678	230.0	25	1.05	0.95				
	220	1	69.59105935719298	14.135683931929824	0.0	0.0	2	1.0447914801548575	1.503972697649723	230.0	25	1.05	0.95				
	221	2	0.0	0.0	0.0	0.0	2	1.0418472697582553	2.226123842770266	230.0	27	1.05	0.95				
	222	2	0.0	0.0	0.0	0.0	2	1.05	8.800842296873087	230.0	27	1.05	0.95				
	223	2	0.0	0.0	0.0	0.0	2	1.0490809393573786	2.593144730026759	230.0	25	1.05	0.95				
	224	1	0.0	0.0	0.0	0.0	2	1.0140942834442166	-4.535553772205134	230.0	26	1.05	0.95				
	301	2	50.20752925894737	10.22745966385965	0.0	0.0	3	1.0107555240111679	-6.948142214825303	138.0	31	1.05	0.95				
	302	2	45.09379942701754	9.297690603508773	0.0	0.0	3	1.0099974583187996	-7.157894798229126	138.0	32	1.05	0.95				
	303	1	83.67921543157894	17.200727616491225	0.0	0.0	3	1.0389373825422064	1.9107372712082222	138.0	31	1.05	0.95				
	304	1	34.40145523298245	6.973267952631579	0.0	0.0	3	1.0112449232721084	-5.791562160554571	138.0	31	1.05	0.95				
	305	1	33.00680164245613	6.5083834224561405	0.0	0.0	3	1.0245200603180467	-6.984395971270449	138.0	31	1.05	0.95				
	306	1	63.22429610385964	13.016766844912281	0.0	-100.0	3	1.0399022657917567	-7.551787784807518	138.0	32	1.05	0.95				
	307	2	58.11056627192982	11.622113254385964	0.0	0.0	3	0.9921757536944776	-12.536876411527118	138.0	32	1.05	0.95				
	308	1	79.49525465999999	16.27095855614035	0.0	0.0	3	0.997633454234737	-10.415278282740882	138.0	32	1.05	0.95				
	309	1	81.35479278070174	16.73584308631579	0.0	0.0	3	1.0270188802588387	-2.7728462332899158	138.0	33	1.05	0.95				
	310	1	90.65248338421051	18.595381207017546	0.0	0.0	3	1.05	-5.52472283089233	138.0	33	1.05	0.95				
	311	1	0.0	0.0	0.0	0.0	3	1.0103767929870051	0.1176685134306668	230.0	33	1.05	0.95				
	312	1	0.0	0.0	0.0	0.0	3	1.0124821108305735	0.4761406896692053	230.0	33	1.05	0.95				
	313	2	123.19440049649121	25.103764629473684	0.0	0.0	3	1.0113969917959582	3.204370462613725	230.0	34	1.05	0.95				
	314	2	90.18759885403507	18.130496676842107	0.0	0.0	3	1.0124318402068067	1.7728527507602938	230.0	36	1.05	0.95				
	315	2	147.36839606561404	29.75260993122807	0.0	0.0	3	1.039591220106468	6.825395427175087	230.0	36	1.05	0.95				
	316	2	46.488453017543854	9.297690603508773	0.0	0.0	3	1.0376151163383933	6.874870480420962	230.0	36	1.05	0.95				
	317	1	0.0	0.0	0.0	0.0	3	1.05	12.5510099689637	230.0	37	1.05	0.95				
	318	2	154.80654854842103	31.61214805192982	0.0	0.0	3	1.0460568294490862	9.972611623961981	230.0	37	1.05	0.95				
	319	1	84.14409996175438	17.200727616491225	0.0	0.0	3	1.030240181008656	5.672853598144999	230.0	35	1.05	0.95				
	320	1	59.50521986245614	12.086997784561403	0.0	0.0	3	1.0273009189423115	5.519296655228501	230.0	35	1.05	0.95				
	321	2	0.0	0.0	0.0	0.0	3	1.045208982549251	9.564363507716434	230.0	37	1.05	0.95				
	322	2	0.0	0.0	0.0	0.0	3	1.05	15.079004508409575	230.0	37	1.05	0.95				
	323	2	0.0	0.0	0.0	0.0	3	1.026384118511828	5.792341412547489	230.0	35	1.05	0.95				
	324	1	0.0	0.0	0.0	0.0	3	1.0320586608734386	4.971374579127884	230.0	36	1.05	0.95				
	325	1	0.0	0.0	0.0	0.0	3	1.0253246762282533	6.768538330397191	230.0	35	1.05	0.95				
];
