%% MATPOWER Case Format : Version 2
function mpc = RTS_GMLC
mpc.version = '2';

%%-----  Power Flow Data  -----%%
%% system MVA base
mpc.baseMVA = 100.0;
%% bus data
%    bus_i    type    Pd    Qd    Gs    Bs    area    Vm    Va    baseKV    zone    Vmax    Vmin
mpc.bus = [
	101	2	61.65512120842106	12.55937654245614	0.0	0.0	1	1.0161455956153096	-0.8228250488680305	138.0	11	1.05	0.95				
	102	2	55.37543293719298	11.417615038596491	0.0	0.0	1	1.0152651998584465	-1.1699178687585097	138.0	12	1.05	0.95				
	103	1	102.75853534736842	21.12258782140351	0.0	0.0	1	1.0193819868240612	0.8557969350705616	138.0	11	1.05	0.95				
	104	1	42.24517564280702	8.563211278947367	0.0	0.0	1	1.010853574659615	-3.8143826808917694	138.0	11	1.05	0.95				
	105	1	40.532533387017544	7.992330527017545	0.0	0.0	1	1.0251547037251498	-3.9319451219416885	138.0	11	1.05	0.95				
	106	1	77.63978226245615	15.98466105403509	0.0	-100.0	1	1.037126305552312	-6.258201632302859	138.0	12	1.05	0.95				
	107	2	71.36009399122807	14.272018798245615	0.0	0.0	1	0.9903740988140532	-14.241038111202295	138.0	12	1.05	0.95				
	108	1	97.62060858	19.98082631754386	0.0	0.0	1	0.9920084554788524	-11.84447235767004	138.0	12	1.05	0.95				
	109	1	99.9041315877193	20.551707069473686	0.0	0.0	1	1.0249760084803385	-3.6095443965574203	138.0	13	1.05	0.95				
	110	1	111.3217466263158	22.835230077192982	0.0	0.0	1	1.05	-5.217950845766039	138.0	13	1.05	0.95				
	111	1	0.0	0.0	0.0	0.0	1	1.0236367971691487	-0.20802969554242814	230.0	13	1.05	0.95				
	112	1	0.0	0.0	0.0	0.0	1	1.0183669697324433	-0.7403268452116104	230.0	13	1.05	0.95				
	113	3	151.2833992614035	30.82756060421053	0.0	0.0	1	1.013172836359896	6.170244710433714e-31	230.0	14	1.05	0.95				
	114	2	110.75086587438597	22.264349325263158	0.0	0.0	1	1.05	3.672862411889206	230.0	16	1.05	0.95				
	115	2	180.96919836175437	36.53636812350877	0.0	0.0	1	1.0411757741011933	14.4244937776362	230.0	16	1.05	0.95				
	116	2	57.08807519298246	11.417615038596491	0.0	0.0	1	1.0433862239475369	12.81540198456329	230.0	16	1.05	0.95				
	117	1	0.0	0.0	0.0	0.0	1	1.0406446810575511	18.29033059860593	230.0	17	1.05	0.95				
	118	2	190.10329039263158	38.819891131228076	0.0	0.0	1	1.0477350278401536	18.620905639685954	230.0	17	1.05	0.95				
	119	1	103.32941609929824	21.12258782140351	0.0	0.0	1	1.0407728510223468	9.060009812164074	230.0	15	1.05	0.95				
	120	1	73.07273624701754	14.84289955017544	0.0	0.0	1	1.0458256432142794	6.881407852654408	230.0	15	1.05	0.95				
	121	2	0.0	0.0	0.0	0.0	1	1.042594384734126	20.3258994667479	230.0	17	1.05	0.95				
	122	2	0.0	0.0	0.0	0.0	1	1.05	38.29268364425935	230.0	17	1.05	0.95				
	123	2	0.0	0.0	0.0	0.0	1	1.05	6.10917910019455	230.0	15	1.05	0.95				
	124	1	0.0	0.0	0.0	0.0	1	1.0157937708969693	9.39083882803586	230.0	16	1.05	0.95				
	201	2	59.924445157894745	12.206831421052634	0.0	0.0	2	1.0219060369349418	-15.98196659007372	138.0	21	1.05	0.95				
	202	2	53.82102944736843	11.097119473684213	0.0	0.0	2	1.0230212333972946	-15.81241861198092	138.0	22	1.05	0.95				
	203	1	99.8740752631579	20.52967102631579	0.0	0.0	2	1.0136368781411216	-13.794358104697341	138.0	21	1.05	0.95				
	204	1	41.05934205263158	8.322839605263159	0.0	0.0	2	1.014213178889866	-17.09581955729262	138.0	21	1.05	0.95				
	205	1	39.39477413157895	7.767983631578949	0.0	0.0	2	1.0290026109595694	-17.529196941546196	138.0	21	1.05	0.95				
	206	1	75.46041242105265	15.535967263157898	0.0	-100.0	2	1.0401736688694072	-18.885548204141845	138.0	22	1.05	0.95				
	207	2	69.35699671052632	13.871399342105265	0.0	0.0	2	0.989050026667218	-26.834297539908295	138.0	22	1.05	0.95				
	208	1	94.88037150000001	19.419959078947368	0.0	0.0	2	0.9911278146295878	-24.206112450401076	138.0	22	1.05	0.95				
	209	1	97.09979539473686	19.97481505263158	0.0	0.0	2	1.0236459564584866	-15.865880283403127	138.0	23	1.05	0.95				
	210	1	108.19691486842106	22.194238947368426	0.0	0.0	2	1.05	-17.315954524034925	138.0	23	1.05	0.95				
	211	1	0.0	0.0	0.0	0.0	2	1.014620415741283	-12.205787474831684	230.0	23	1.05	0.95				
	212	1	0.0	0.0	0.0	0.0	2	1.0144905783807074	-10.861058590358486	230.0	23	1.05	0.95				
	213	2	147.0368330263158	29.962222578947372	0.0	0.0	2	1.0186051665213456	-10.317457365855784	230.0	24	1.05	0.95				
	214	2	107.64205889473686	21.639382973684214	0.0	0.0	2	1.0198975015590612	-9.466367860855128	230.0	26	1.05	0.95				
	215	2	175.88934365789476	35.51078231578948	0.0	0.0	2	1.0346941373272873	-2.24996653930849	230.0	26	1.05	0.95				
	216	2	55.48559736842106	11.097119473684213	0.0	0.0	2	1.0375396263052525	-2.232785315302751	230.0	26	1.05	0.95				
	217	1	0.0	0.0	0.0	0.0	2	1.040742651662823	-0.13066852904157678	230.0	27	1.05	0.95				
	218	2	184.76703923684212	37.730206210526326	0.0	0.0	2	1.0388745575603697	-1.0021785559047651	230.0	27	1.05	0.95				
	219	1	100.42893123684212	20.52967102631579	0.0	0.0	2	1.0391794879203096	-1.710663072219042	230.0	25	1.05	0.95				
	220	1	71.02156463157895	14.426255315789478	0.0	0.0	2	1.045088527151169	-0.21174663067695101	230.0	25	1.05	0.95				
	221	2	0.0	0.0	0.0	0.0	2	1.039560376877632	-0.6047176632426233	230.0	27	1.05	0.95				
	222	2	0.0	0.0	0.0	0.0	2	1.05	6.084524112442128	230.0	27	1.05	0.95				
	223	2	0.0	0.0	0.0	0.0	2	1.05	1.0108439204360518	230.0	25	1.05	0.95				
	224	1	0.0	0.0	0.0	0.0	2	1.0124725648481514	-6.53164972607166	230.0	26	1.05	0.95				
	301	2	68.62322050105263	13.97880417614035	0.0	0.0	3	1.040711221214204	0.41540714018483155	138.0	31	1.05	0.95				
	302	2	61.63381841298246	12.708003796491226	0.0	0.0	3	1.0379519403851114	0.03785290056473666	138.0	32	1.05	0.95				
	303	1	114.37203416842105	23.50980702350877	0.0	0.0	3	1.05	18.236351305283847	138.0	31	1.05	0.95				
	304	1	47.01961404701754	9.531002847368422	0.0	0.0	3	1.0100428013751748	2.3939304722190644	138.0	31	1.05	0.95				
	305	1	45.11341347754386	8.89560265754386	0.0	0.0	3	1.0310506410800633	-0.5089004960848745	138.0	31	1.05	0.95				
	306	1	86.41442581614035	17.79120531508772	0.0	-100.0	3	1.0314228582083933	-1.748191276064766	138.0	32	1.05	0.95				
	307	2	79.42502372807016	15.885004745614035	0.0	0.0	3	0.95	-0.00954957761673621	138.0	32	1.05	0.95				
	308	1	108.65343245999999	22.239006643859646	0.0	0.0	3	0.9627198559501033	-0.5576654411483911	138.0	32	1.05	0.95				
	309	1	111.19503321929824	22.87440683368421	0.0	0.0	3	1.010331249682906	7.029203927711926	138.0	33	1.05	0.95				
	310	1	123.90303701578947	25.416007592982453	0.0	0.0	3	1.0368529555867603	0.5802779545395264	138.0	33	1.05	0.95				
	311	1	0.0	0.0	0.0	0.0	3	0.9966933288106183	5.970265415619173	230.0	33	1.05	0.95				
	312	1	0.0	0.0	0.0	0.0	3	1.0000734318598947	6.611795348785581	230.0	33	1.05	0.95				
	313	2	168.38105030350877	34.311610250526314	0.0	0.0	3	0.9957979787045452	8.3423490910408	230.0	34	1.05	0.95				
	314	2	123.26763682596491	24.780607403157894	0.0	0.0	3	0.9960228816287993	6.18028713106015	230.0	36	1.05	0.95				
	315	2	201.42186017438598	40.66561214877193	0.0	0.0	3	1.05	10.604574670112063	230.0	36	1.05	0.95				
	316	2	63.54001898245614	12.708003796491226	0.0	0.0	3	1.0430933844987005	10.290704207893642	230.0	36	1.05	0.95				
	317	1	0.0	0.0	0.0	0.0	3	1.05	15.294768441900016	230.0	37	1.05	0.95				
	318	2	211.58826321157895	43.207212908070176	0.0	0.0	3	1.0425975971556751	12.331326959451456	230.0	37	1.05	0.95				
	319	1	115.0074343582456	23.50980702350877	0.0	0.0	3	1.0255610454346442	9.074350103503262	230.0	35	1.05	0.95				
	320	1	81.33122429754386	16.520404935438595	0.0	0.0	3	1.0158205207683406	9.232807850560095	230.0	35	1.05	0.95				
	321	2	0.0	0.0	0.0	0.0	3	1.0448918581215676	12.41531542708395	230.0	37	1.05	0.95				
	322	2	0.0	0.0	0.0	0.0	3	1.05	17.88741081590101	230.0	37	1.05	0.95				
	323	2	0.0	0.0	0.0	0.0	3	1.0120770644107648	9.820552196247107	230.0	35	1.05	0.95				
	324	1	0.0	0.0	0.0	0.0	3	1.0473037977551383	13.523670518890587	230.0	36	1.05	0.95				
	325	1	0.0	0.0	0.0	0.0	3	1.0123410244043953	10.729781396851125	230.0	35	1.05	0.95				
];
