%% MATPOWER Case Format : Version 2
function mpc = RTS_GMLC
mpc.version = '2';

%%-----  Power Flow Data  -----%%
%% system MVA base
mpc.baseMVA = 100.0;
%% bus data
%    bus_i    type    Pd    Qd    Gs    Bs    area    Vm    Va    baseKV    zone    Vmax    Vmin
mpc.bus = [
	101	2	44.32756062315789	9.029688275087718	0.0	0.0	1	1.0416721836015996	4.4384822312083285	138.0	11	1.05	0.95				
	102	2	39.81271648561403	8.208807522807017	0.0	0.0	1	1.0406719857204678	4.151946358953623	138.0	12	1.05	0.95				
	103	1	73.87926770526315	15.18629391719298	0.0	0.0	1	1.0314800541052473	1.6265117973885617	138.0	11	1.05	0.95				
	104	1	30.37258783438596	6.156605642105262	0.0	0.0	1	1.0259993405921979	0.6265263465167368	138.0	11	1.05	0.95				
	105	1	29.14126670596491	5.746165265964912	0.0	0.0	1	1.0397217741102855	0.7078666610217543	138.0	11	1.05	0.95				
	106	1	55.81989115508772	11.492330531929824	0.0	-100.0	1	1.0472845790680179	-1.8467588693561932	138.0	12	1.05	0.95				
	107	2	51.305047017543856	10.26100940350877	0.0	0.0	1	0.999390944397758	-7.659828140296811	138.0	12	1.05	0.95				
	108	1	70.18530432	14.365413164912278	0.0	0.0	1	1.0042947765261374	-6.311964430436348	138.0	12	1.05	0.95				
	109	1	71.8270658245614	14.77585354105263	0.0	0.0	1	1.0247194345724744	-1.1180004657444838	138.0	13	1.05	0.95				
	110	1	80.03587334736841	16.417615045614035	0.0	0.0	1	1.05	-1.8171030130142514	138.0	13	1.05	0.95				
	111	1	0.0	0.0	0.0	0.0	1	1.0026258684133027	0.1513763465712921	230.0	13	1.05	0.95				
	112	1	0.0	0.0	0.0	0.0	1	1.0077894957532578	0.3969677988391635	230.0	13	1.05	0.95				
	113	3	108.76669967719297	22.163780311578947	0.0	0.0	1	0.9929186091255406	-3.015812035288217e-29	230.0	14	1.05	0.95				
	114	2	79.62543297122807	16.007174669473685	0.0	0.0	1	0.998771434440163	2.0317937094034884	230.0	16	1.05	0.95				
	115	2	130.10959923649122	26.268184072982454	0.0	0.0	1	1.037266106790502	7.514761458294667	230.0	16	1.05	0.95				
	116	2	41.04403761403508	8.208807522807017	0.0	0.0	1	1.0325539195282183	7.0429575596895155	230.0	16	1.05	0.95				
	117	1	0.0	0.0	0.0	0.0	1	1.0410223221858512	9.058288503920673	230.0	17	1.05	0.95				
	118	2	136.67664525473683	27.90994557754386	0.0	0.0	1	1.0440300887196392	9.160271817848926	230.0	17	1.05	0.95				
	119	1	74.2897080814035	15.18629391719298	0.0	0.0	1	1.0254537524608391	5.877124022523363	230.0	15	1.05	0.95				
	120	1	52.53636814596491	10.671449779649123	0.0	0.0	1	1.0218946025160824	5.542928910528533	230.0	15	1.05	0.95				
	121	2	0.0	0.0	0.0	0.0	1	1.0481761632011968	10.07617775465937	230.0	17	1.05	0.95				
	122	2	0.0	0.0	0.0	0.0	1	1.05	16.41190755491851	230.0	17	1.05	0.95				
	123	2	0.0	0.0	0.0	0.0	1	1.0203798125781056	5.679028316027435	230.0	15	1.05	0.95				
	124	1	0.0	0.0	0.0	0.0	1	1.0269720064923549	5.305509177459144	230.0	16	1.05	0.95				
	201	2	47.68455846315789	9.713521168421051	0.0	0.0	2	1.025553882977175	-6.723458403630203	138.0	21	1.05	0.95				
	202	2	42.827797878947365	8.830473789473684	0.0	0.0	2	1.0266004033050935	-6.5065691183644665	138.0	22	1.05	0.95				
	203	1	79.47426410526316	16.336376510526314	0.0	0.0	2	1.0155964029491824	-6.611242589112952	138.0	21	1.05	0.95				
	204	1	32.67275302105263	6.622855342105264	0.0	0.0	2	1.0177730218220158	-8.112825933659721	138.0	21	1.05	0.95				
	205	1	31.348181952631577	6.18133165263158	0.0	0.0	2	1.032418231357536	-8.328850941737516	138.0	21	1.05	0.95				
	206	1	60.04722176842105	12.36266330526316	0.0	-100.0	2	1.044259432253973	-9.618742263324892	138.0	22	1.05	0.95				
	207	2	55.19046118421053	11.038092236842106	0.0	0.0	2	0.9921415288004869	-16.02614110251148	138.0	22	1.05	0.95				
	208	1	75.5005509	15.453329131578947	0.0	0.0	2	0.9978448677294351	-14.01996113059679	138.0	22	1.05	0.95				
	209	1	77.26664565789474	15.89485282105263	0.0	0.0	2	1.023072669663124	-7.61348540444156	138.0	23	1.05	0.95				
	210	1	86.09711944736841	17.66094757894737	0.0	0.0	2	1.05	-8.540616023652607	138.0	23	1.05	0.95				
	211	1	0.0	0.0	0.0	0.0	2	1.0039580104292718	-5.273100951979341	230.0	23	1.05	0.95				
	212	1	0.0	0.0	0.0	0.0	2	1.0101802731545133	-3.082618335565781	230.0	23	1.05	0.95				
	213	2	117.00377771052631	23.842279231578946	0.0	0.0	2	0.9988497240578113	-3.802564178083954	230.0	24	1.05	0.95				
	214	2	85.65559575789473	17.219423889473685	0.0	0.0	2	1.0013453337200375	-3.6257170225004205	230.0	26	1.05	0.95				
	215	2	139.96300956315787	28.25751612631579	0.0	0.0	2	1.0200265958541257	1.4528811211574382	230.0	26	1.05	0.95				
	216	2	44.15236894736842	8.830473789473684	0.0	0.0	2	1.0213013593896823	1.3945474002302796	230.0	26	1.05	0.95				
	217	1	0.0	0.0	0.0	0.0	2	1.026405005473685	2.9067973961657314	230.0	27	1.05	0.95				
	218	2	147.02738859473686	30.023610884210527	0.0	0.0	2	1.0254652212651214	2.33923836414388	230.0	27	1.05	0.95				
	219	1	79.91578779473684	16.336376510526314	0.0	0.0	2	1.0222724387501976	1.2953830803444935	230.0	25	1.05	0.95				
	220	1	56.51503225263158	11.47961592631579	0.0	0.0	2	1.0261735953762325	2.0758990286789625	230.0	25	1.05	0.95				
	221	2	0.0	0.0	0.0	0.0	2	1.0272651257595293	2.8519107512334103	230.0	27	1.05	0.95				
	222	2	0.0	0.0	0.0	0.0	2	1.0493269950827047	9.371951923976864	230.0	27	1.05	0.95				
	223	2	0.0	0.0	0.0	0.0	2	1.029152327085146	2.8405333400637436	230.0	25	1.05	0.95				
	224	1	0.0	0.0	0.0	0.0	2	1.0082775099547736	-1.5831434911413085	230.0	26	1.05	0.95				
	301	2	62.01202149473685	12.632078452631578	0.0	0.0	3	1.006814365980526	-20.717372127729302	138.0	31	1.05	0.95				
	302	2	55.69598226842105	11.483707684210527	0.0	0.0	3	1.0064170703307882	-20.829690309602636	138.0	32	1.05	0.95				
	303	1	103.35336915789475	21.244859215789475	0.0	0.0	3	1.0196885871082408	-14.93674231958504	138.0	31	1.05	0.95				
	304	1	42.48971843157895	8.612780763157895	0.0	0.0	3	1.006282834973988	-18.925587766746094	138.0	31	1.05	0.95				
	305	1	40.76716227894737	8.038595378947369	0.0	0.0	3	1.0202112834317252	-19.421785520488285	138.0	31	1.05	0.95				
	306	1	78.0892122526316	16.077190757894737	0.0	-100.0	3	1.0355604253235215	-19.34397088002225	138.0	32	1.05	0.95				
	307	2	71.77317302631579	14.354634605263158	0.0	0.0	3	0.9950766431991067	-25.186310859653666	138.0	32	1.05	0.95				
	308	1	98.1857007	20.096488447368422	0.0	0.0	3	0.9973240277816084	-22.501112849867642	138.0	32	1.05	0.95				
	309	1	100.4824422368421	20.67067383157895	0.0	0.0	3	1.0260585960864144	-15.023375605588441	138.0	33	1.05	0.95				
	310	1	111.96614992105263	22.967415368421054	0.0	0.0	3	1.05	-16.28519712989485	138.0	33	1.05	0.95				
	311	1	0.0	0.0	0.0	0.0	3	1.014320636170587	-9.512418914507647	230.0	33	1.05	0.95				
	312	1	0.0	0.0	0.0	0.0	3	1.0164858948927677	-8.629169600501344	230.0	33	1.05	0.95				
	313	2	152.15912681578948	31.006010747368425	0.0	0.0	3	1.0268103965409505	-4.232931417782434	230.0	34	1.05	0.95				
	314	2	111.3919645368421	22.393229984210528	0.0	0.0	3	1.0193063811918548	-8.026144655818003	230.0	36	1.05	0.95				
	315	2	182.01676679473684	36.747864589473686	0.0	0.0	3	1.0346457846069612	-6.429984328301684	230.0	36	1.05	0.95				
	316	2	57.41853842105263	11.483707684210527	0.0	0.0	3	1.0353469430332847	-5.091191143837561	230.0	36	1.05	0.95				
	317	1	0.0	0.0	0.0	0.0	3	1.037829794670617	-4.687616677103862	230.0	37	1.05	0.95				
	318	2	191.20373294210526	39.0446061263158	0.0	0.0	3	1.0357327145197994	-5.0143820407658986	230.0	37	1.05	0.95				
	319	1	103.92755454210527	21.244859215789475	0.0	0.0	3	1.0340475284447803	-4.5433392106087265	230.0	35	1.05	0.95				
	320	1	73.49572917894737	14.928819989473684	0.0	0.0	3	1.0356249620915976	-3.7583685734663246	230.0	35	1.05	0.95				
	321	2	0.0	0.0	0.0	0.0	3	1.0374133053758623	-4.953370142837013	230.0	37	1.05	0.95				
	322	2	0.0	0.0	0.0	0.0	3	1.0499999774791406	-0.5398567376506513	230.0	37	1.05	0.95				
	323	2	0.0	0.0	0.0	0.0	3	1.03720548407809	-3.1668782023009414	230.0	35	1.05	0.95				
	324	1	0.0	0.0	0.0	0.0	3	1.0199382917366175	-8.497503333437495	230.0	36	1.05	0.95				
	325	1	0.0	0.0	0.0	0.0	3	1.0345683900086193	-2.0604679265671644	230.0	35	1.05	0.95				
];
