%% MATPOWER Case Format : Version 2
function mpc = RTS_GMLC
mpc.version = '2';

%%-----  Power Flow Data  -----%%
%% system MVA base
mpc.baseMVA = 100.0;
%% bus data
%    bus_i    type    Pd    Qd    Gs    Bs    area    Vm    Va    baseKV    zone    Vmax    Vmin
mpc.bus = [
	101	2	83.81890152	17.07422068	0.0	0.0	1	1.031790154434668	-3.937012358140986	138.0	11	1.05	0.95				
	102	2	75.28179117999998	15.522018800000001	0.0	0.0	1	1.0317942144013217	-3.9993639722478167	138.0	12	1.05	0.95				
	103	1	139.6981692	28.715734779999995	0.0	0.0	1	1.0183683989131478	-4.036700791853779	138.0	11	1.05	0.95				
	104	1	57.43146955999999	11.641514099999998	0.0	0.0	1	1.0153191304789986	-6.645630136246313	138.0	11	1.05	0.95				
	105	1	55.10316674	10.865413160000001	0.0	0.0	1	1.0306097742401739	-6.730998463782886	138.0	11	1.05	0.95				
	106	1	105.54972784	21.730826320000002	0.0	-100.0	1	1.0353120945841123	-9.000315539131064	138.0	12	1.05	0.95				
	107	2	97.0126175	19.402523499999997	0.0	0.0	1	1.05	-5.68847866045372	138.0	12	1.05	0.95				
	108	1	132.71326073999998	27.1635329	0.0	0.0	1	1.0248544240137603	-8.371547021774147	138.0	12	1.05	0.95				
	109	1	135.81766449999998	27.93963384	0.0	0.0	1	1.0268117391790224	-5.665138883005136	138.0	13	1.05	0.95				
	110	1	151.3396833	31.044037600000003	0.0	0.0	1	1.05	-7.108555179169689	138.0	13	1.05	0.95				
	111	1	0.0	0.0	0.0	0.0	1	1.015402547824055	-2.2974373019461805	230.0	13	1.05	0.95				
	112	1	0.0	0.0	0.0	0.0	1	1.0171757822232879	-1.3814590590343514	230.0	13	1.05	0.95				
	113	3	205.66674909999998	41.90945076	0.0	0.0	1	1.0189370700093083	-4.688639375782657e-30	230.0	14	1.05	0.95				
	114	2	150.56358235999997	30.26793666	0.0	0.0	1	1.019227255596355	-0.1974190791202204	230.0	16	1.05	0.95				
	115	2	246.02399798	49.67046016	0.0	0.0	1	1.0447905361524117	7.840842271074145	230.0	16	1.05	0.95				
	116	2	77.61009399999999	15.522018800000001	0.0	0.0	1	1.0444024906590323	7.456044497382328	230.0	16	1.05	0.95				
	117	1	0.0	0.0	0.0	0.0	1	1.0474482344178209	10.649702954980167	230.0	17	1.05	0.95				
	118	2	258.44161302	52.77486392	0.0	0.0	1	1.0495532054104064	11.283950225962322	230.0	17	1.05	0.95				
	119	1	140.47427014	28.715734779999995	0.0	0.0	1	1.0387477238387273	6.15854224433952	230.0	15	1.05	0.95				
	120	1	99.34092032	20.17862444	0.0	0.0	1	1.040870655032221	6.492105794286185	230.0	15	1.05	0.95				
	121	2	0.0	0.0	0.0	0.0	1	1.05	12.064159168480655	230.0	17	1.05	0.95				
	122	2	0.0	0.0	0.0	0.0	1	1.05	18.874213861044836	230.0	17	1.05	0.95				
	123	2	0.0	0.0	0.0	0.0	1	1.0442641295750261	7.245263826504723	230.0	15	1.05	0.95				
	124	1	0.0	0.0	0.0	0.0	1	1.0199889598637	3.45654014123167	230.0	16	1.05	0.95				
	201	2	90.38816306526316	18.412403587368424	0.0	0.0	2	1.05	-12.561428421470286	138.0	21	1.05	0.95				
	202	2	81.18196127157896	16.738548715789474	0.0	0.0	2	1.05	-12.595258396174517	138.0	22	1.05	0.95				
	203	1	150.64693844210527	30.966315124210524	0.0	0.0	2	1.0263520761058038	-9.54544012513397	138.0	21	1.05	0.95				
	204	1	61.93263024842105	12.553911536842104	0.0	0.0	2	1.0215759128047348	-14.499778369944536	138.0	21	1.05	0.95				
	205	1	59.42184794105263	11.716984101052633	0.0	0.0	2	1.0391028896501633	-14.931653542288437	138.0	21	1.05	0.95				
	206	1	113.82213126736845	23.433968202105266	0.0	-100.0	2	1.0378733043602033	-17.030306833335757	138.0	22	1.05	0.95				
	207	2	104.6159294736842	20.923185894736843	0.0	0.0	2	0.95	-28.34547313477998	138.0	22	1.05	0.95				
	208	1	143.11459152	29.29246025263158	0.0	0.0	2	0.9552642837471168	-24.76536818482492	138.0	22	1.05	0.95				
	209	1	146.46230126315788	30.12938768842105	0.0	0.0	2	1.0251370063362664	-12.710568108354268	138.0	23	1.05	0.95				
	210	1	163.20084997894736	33.47709743157895	0.0	0.0	2	1.049569856693121	-14.749779662217415	138.0	23	1.05	0.95				
	211	1	0.0	0.0	0.0	0.0	2	1.031586224803648	-7.264737099774867	230.0	23	1.05	0.95				
	212	1	0.0	0.0	0.0	0.0	2	1.0229918276044063	-5.897984980239032	230.0	23	1.05	0.95				
	213	2	221.7857704842105	45.19408153263158	0.0	0.0	2	1.05	-2.757092142700027	230.0	24	1.05	0.95				
	214	2	162.3639225431579	32.64016999578948	0.0	0.0	2	1.05	-5.035092111135071	230.0	26	1.05	0.95				
	215	2	265.3059971452632	53.563355890526324	0.0	0.0	2	1.0449015857716064	3.416210324804371	230.0	26	1.05	0.95				
	216	2	83.69274357894737	16.738548715789474	0.0	0.0	2	1.0491225763185899	3.299785636552381	230.0	26	1.05	0.95				
	217	1	0.0	0.0	0.0	0.0	2	1.0495161997664664	6.482377507631015	230.0	27	1.05	0.95				
	218	2	278.69683611789475	56.911065633684224	0.0	0.0	2	1.05	7.120754922293978	230.0	27	1.05	0.95				
	219	1	151.48386587789474	30.966315124210524	0.0	0.0	2	1.043266620775075	2.8225499372875094	230.0	25	1.05	0.95				
	220	1	107.12671178105265	21.760113330526316	0.0	0.0	2	1.045783723689725	3.970876442037023	230.0	25	1.05	0.95				
	221	2	0.0	0.0	0.0	0.0	2	1.05	7.613125061858047	230.0	27	1.05	0.95				
	222	2	0.0	0.0	0.0	0.0	2	1.05	13.681439206228243	230.0	27	1.05	0.95				
	223	2	0.0	0.0	0.0	0.0	2	1.05	5.207300907842884	230.0	25	1.05	0.95				
	224	1	0.0	0.0	0.0	0.0	2	1.0215359408796751	-1.406117285246844	230.0	26	1.05	0.95				
	301	2	74.75608985684211	15.228092378245615	0.0	0.0	3	1.0152955360239821	-17.726537619848944	138.0	31	1.05	0.95				
	302	2	67.14204366771929	13.84372034385965	0.0	0.0	3	1.0138824093130854	-18.09924241776741	138.0	32	1.05	0.95				
	303	1	124.59348309473684	25.610882636140353	0.0	0.0	3	1.0219684729560352	-11.651282621505842	138.0	31	1.05	0.95				
	304	1	51.221765272280706	10.382790257894737	0.0	0.0	3	1.0085278103305693	-16.760928588761498	138.0	31	1.05	0.95				
	305	1	49.14520722070176	9.690604240701756	0.0	0.0	3	1.0233643945057098	-17.454506273828063	138.0	31	1.05	0.95				
	306	1	94.13729833824563	19.38120848140351	0.0	-100.0	3	1.034040502735109	-18.073404790450954	138.0	32	1.05	0.95				
	307	2	86.52325214912281	17.304650429824562	0.0	0.0	3	1.0109564901620425	-19.19421077307207	138.0	32	1.05	0.95				
	308	1	118.36380894	24.226510601754384	0.0	0.0	3	1.0035913925928475	-19.138284256276062	138.0	32	1.05	0.95				
	309	1	121.13255300877192	24.918696618947365	0.0	0.0	3	1.0279387077676085	-12.840885715320237	138.0	33	1.05	0.95				
	310	1	134.97627335263158	27.6874406877193	0.0	0.0	3	1.05	-14.964941198130619	138.0	33	1.05	0.95				
	311	1	0.0	0.0	0.0	0.0	3	1.0211205958036014	-7.852091717112974	230.0	33	1.05	0.95				
	312	1	0.0	0.0	0.0	0.0	3	1.0183001119878354	-6.343705172644992	230.0	33	1.05	0.95				
	313	2	183.42929455614035	37.378044928421055	0.0	0.0	3	1.033556814905852	-3.0575360555620175	230.0	34	1.05	0.95				
	314	2	134.28408733543858	26.995254670526315	0.0	0.0	3	1.0313055314147537	-6.098388700202612	230.0	36	1.05	0.95				
	315	2	219.42296745017543	44.29990510035088	0.0	0.0	3	1.0478302469263177	0.36739096120863607	230.0	36	1.05	0.95				
	316	2	69.21860171929825	13.84372034385965	0.0	0.0	3	1.046688957506785	0.5974322534873696	230.0	36	1.05	0.95				
	317	1	0.0	0.0	0.0	0.0	3	1.0479990970884467	2.297281382727274	230.0	37	1.05	0.95				
	318	2	230.49794372526318	47.068649169122814	0.0	0.0	3	1.0476692073239475	2.352520454444025	230.0	37	1.05	0.95				
	319	1	125.28566911192982	25.610882636140353	0.0	0.0	3	1.0430421868016806	1.0066545821058697	230.0	35	1.05	0.95				
	320	1	88.59981020070175	17.996836447017543	0.0	0.0	3	1.0459680770413433	2.659464496394832	230.0	35	1.05	0.95				
	321	2	0.0	0.0	0.0	0.0	3	1.05	3.612734367368778	230.0	37	1.05	0.95				
	322	2	0.0	0.0	0.0	0.0	3	1.05	8.871829469722364	230.0	37	1.05	0.95				
	323	2	0.0	0.0	0.0	0.0	3	1.05	4.068039076579315	230.0	35	1.05	0.95				
	324	1	0.0	0.0	0.0	0.0	3	1.0230044121413164	-4.072087221877716	230.0	36	1.05	0.95				
	325	1	0.0	0.0	0.0	0.0	3	1.0487061355077472	4.731795071236092	230.0	35	1.05	0.95				
];

%% generator data
%    bus    Pg    Qg    Qmax    Qmin    Vg    mBase    status    Pmax    Pmin    Pc1    Pc2    Qc1min    Qc1max    Qc2min    Qc2max    ramp_agc    ramp_10    ramp_30    ramp_q    apf
