%% MATPOWER Case Format : Version 2
function mpc = RTS_GMLC
mpc.version = '2';

%%-----  Power Flow Data  -----%%
%% system MVA base
mpc.baseMVA = 100.0;
%% bus data
%    bus_i    type    Pd    Qd    Gs    Bs    area    Vm    Va    baseKV    zone    Vmax    Vmin
mpc.bus = [
	101	2	47.948045532631575	9.767194460350877	0.0	0.0	1	1.0150258904503773	1.9786052552633977	138.0	11	1.05	0.95				
	102	2	43.064448302456135	8.87926769122807	0.0	0.0	1	1.0127129206006436	1.32888916163499	138.0	12	1.05	0.95				
	103	1	79.91340922105263	16.426645228771932	0.0	0.0	1	1.0273701323212823	2.9312228293085174	138.0	11	1.05	0.95				
	104	1	32.853290457543864	6.659450768421052	0.0	0.0	1	1.015109443750306	-0.9051629290779635	138.0	11	1.05	0.95				
	105	1	31.521400303859647	6.215487383859649	0.0	0.0	1	1.0260333557448968	-1.3987397244365907	138.0	11	1.05	0.95				
	106	1	60.37902030035088	12.430974767719299	0.0	-100.0	1	1.0400069814185466	-3.84129623211376	138.0	12	1.05	0.95				
	107	2	55.495423070175434	11.099084614035087	0.0	0.0	1	0.9841033980637088	-11.66626996725378	138.0	12	1.05	0.95				
	108	1	75.91773875999999	15.53871845964912	0.0	0.0	1	0.9929024315278748	-9.174954886131166	138.0	12	1.05	0.95				
	109	1	77.69359229824562	15.982681844210525	0.0	0.0	1	1.0256665244170928	-1.8436985957281322	138.0	13	1.05	0.95				
	110	1	86.57285998947368	17.75853538245614	0.0	0.0	1	1.05	-3.35157549182228	138.0	13	1.05	0.95				
	111	1	0.0	0.0	0.0	0.0	1	1.019525352472208	0.4965780153512611	230.0	13	1.05	0.95				
	112	1	0.0	0.0	0.0	0.0	1	1.015491255333015	-0.6200404305987595	230.0	13	1.05	0.95				
	113	3	117.6502969087719	23.974022766315787	0.0	0.0	1	0.9983837825454996	2.590205084984144e-30	230.0	14	1.05	0.95				
	114	2	86.12889660491227	17.31457199789474	0.0	0.0	1	1.0470781589805527	3.9325468184713475	230.0	16	1.05	0.95				
	115	2	140.73639290596492	28.41365661192982	0.0	0.0	1	1.0422371092139242	13.580961024812087	230.0	16	1.05	0.95				
	116	2	44.39633845614035	8.87926769122807	0.0	0.0	1	1.0426727957032724	11.658934074584177	230.0	16	1.05	0.95				
	117	1	0.0	0.0	0.0	0.0	1	1.0407656387160993	17.848723773418087	230.0	17	1.05	0.95				
	118	2	147.83980705894737	30.18951015017544	0.0	0.0	1	1.049485713624596	18.52487355468692	230.0	17	1.05	0.95				
	119	1	80.35737260561403	16.426645228771932	0.0	0.0	1	1.0395287537822715	7.25953887983907	230.0	15	1.05	0.95				
	120	1	56.82731322385964	11.54304799859649	0.0	0.0	1	1.0438962134182475	4.128171307161352	230.0	15	1.05	0.95				
	121	2	0.0	0.0	0.0	0.0	1	1.0437970191836738	20.147048359669455	230.0	17	1.05	0.95				
	122	2	0.0	0.0	0.0	0.0	1	1.05	38.10372665743336	230.0	17	1.05	0.95				
	123	2	0.0	0.0	0.0	0.0	1	1.0476639281744329	2.745089890469921	230.0	15	1.05	0.95				
	124	1	0.0	0.0	0.0	0.0	1	1.02336534722076	9.608478153633097	230.0	16	1.05	0.95				
	201	2	45.21958131789474	9.211396194385966	0.0	0.0	2	1.013019439083006	-18.49216119019861	138.0	21	1.05	0.95				
	202	2	40.61388322070176	8.373996540350879	0.0	0.0	2	1.0121279877944334	-18.80781432371545	138.0	22	1.05	0.95				
	203	1	75.36596886315789	15.491893599649122	0.0	0.0	2	1.012203230938901	-13.33746872188412	138.0	21	1.05	0.95				
	204	1	30.983787199298245	6.280497405263158	0.0	0.0	2	1.0108316245212263	-18.39727427165446	138.0	21	1.05	0.95				
	205	1	29.727687718245615	5.861797578245615	0.0	0.0	2	1.0264161352976227	-18.943566994455907	138.0	21	1.05	0.95				
	206	1	56.94317647438597	11.72359515649123	0.0	-100.0	2	1.041743288479797	-19.721442228844023	138.0	22	1.05	0.95				
	207	2	52.33747837719298	10.467495675438597	0.0	0.0	2	0.9946469370820056	-24.716597080887762	138.0	22	1.05	0.95				
	208	1	71.59767042	14.654493945614036	0.0	0.0	2	0.9999536276017087	-22.82211414714949	138.0	22	1.05	0.95				
	209	1	73.27246972807018	15.07319377263158	0.0	0.0	2	1.0219383567412368	-16.323253881972605	138.0	23	1.05	0.95				
	210	1	81.64646626842107	16.747993080701757	0.0	0.0	2	1.05	-18.04712547597945	138.0	23	1.05	0.95				
	211	1	0.0	0.0	0.0	0.0	2	1.0088806358803866	-13.191106158232516	230.0	23	1.05	0.95				
	212	1	0.0	0.0	0.0	0.0	2	1.007996625506623	-12.770732650483183	230.0	23	1.05	0.95				
	213	2	110.95545415964911	22.60979065894737	0.0	0.0	2	1.003365770971234	-12.096332417087433	230.0	24	1.05	0.95				
	214	2	81.22776644140352	16.329293253684213	0.0	0.0	2	1.0163594656099888	-10.090771309793103	230.0	26	1.05	0.95				
	215	2	132.7278451645614	26.796788929122812	0.0	0.0	2	1.0305550193610378	-2.3045063547654143	230.0	26	1.05	0.95				
	216	2	41.86998270175439	8.373996540350879	0.0	0.0	2	1.0321410206667636	-3.1682100560377457	230.0	26	1.05	0.95				
	217	1	0.0	0.0	0.0	0.0	2	1.0381189017777428	-1.0714349676766388	230.0	27	1.05	0.95				
	218	2	139.42704239684213	28.471588237192986	0.0	0.0	2	1.0366669559238555	-1.5351678361154122	230.0	27	1.05	0.95				
	219	1	75.78466869017545	15.491893599649122	0.0	0.0	2	1.0283641014535925	-4.124161469645158	230.0	25	1.05	0.95				
	220	1	53.593577858245624	10.886195502456141	0.0	0.0	2	1.0279313168947037	-4.143206655441532	230.0	25	1.05	0.95				
	221	2	0.0	0.0	0.0	0.0	2	1.0369646969134458	-0.9962382114830169	230.0	27	1.05	0.95				
	222	2	0.0	0.0	0.0	0.0	2	1.05	5.474334490024474	230.0	27	1.05	0.95				
	223	2	0.0	0.0	0.0	0.0	2	1.0281944417508564	-3.831729539290423	230.0	25	1.05	0.95				
	224	1	0.0	0.0	0.0	0.0	2	1.0100533752274297	-6.40590333464564	230.0	26	1.05	0.95				
	301	2	54.580828850526316	11.118316988070175	0.0	0.0	3	1.0061901468344097	-1.4747087095308107	138.0	31	1.05	0.95				
	302	2	49.02167035649123	10.107560898245614	0.0	0.0	3	1.0057832840060583	-1.5654222671151896	138.0	32	1.05	0.95				
	303	1	90.96804808421052	18.698987661754384	0.0	0.0	3	1.0238485113635354	3.297648385812788	138.0	31	1.05	0.95				
	304	1	37.39797532350877	7.58067067368421	0.0	0.0	3	1.0079790073017585	0.11482115780466207	138.0	31	1.05	0.95				
	305	1	35.88184118877192	7.07529262877193	0.0	0.0	3	1.021065937809563	-0.35021849236130287	138.0	31	1.05	0.95				
	306	1	68.73141410807018	14.15058525754386	0.0	-100.0	3	1.0375273035458048	-0.3053363037651461	138.0	32	1.05	0.95				
	307	2	63.17225561403508	12.634451122807016	0.0	0.0	3	0.9943987066464143	-5.397709905097076	138.0	32	1.05	0.95				
	308	1	86.41964567999999	17.688231571929823	0.0	0.0	3	0.9993977721409267	-3.085499619341868	138.0	32	1.05	0.95				
	309	1	88.44115785964912	18.193609616842103	0.0	0.0	3	1.026562007912503	3.5521039548435094	138.0	33	1.05	0.95				
	310	1	98.54871875789473	20.21512179649123	0.0	0.0	3	1.05	2.3956477522134256	138.0	33	1.05	0.95				
	311	1	0.0	0.0	0.0	0.0	3	1.009492587487334	8.001658442998773	230.0	33	1.05	0.95				
	312	1	0.0	0.0	0.0	0.0	3	1.012384108554728	8.777698752883639	230.0	33	1.05	0.95				
	313	2	133.92518190175437	27.290414425263158	0.0	0.0	3	1.0151044550260209	12.912422540202268	230.0	34	1.05	0.95				
	314	2	98.04334071298246	19.709743751578944	0.0	0.0	3	1.010782620078807	8.799634819097541	230.0	36	1.05	0.95				
	315	2	160.20484023719297	32.34419487438596	0.0	0.0	3	1.0324535837492979	8.100033942668764	230.0	36	1.05	0.95				
	316	2	50.537804491228066	10.107560898245614	0.0	0.0	3	1.0312859078071952	9.137512496220856	230.0	36	1.05	0.95				
	317	1	0.0	0.0	0.0	0.0	3	1.0420015992467206	10.734000259547006	230.0	37	1.05	0.95				
	318	2	168.29088895578948	34.36570705403509	0.0	0.0	3	1.0389596325935986	8.392784922427966	230.0	37	1.05	0.95				
	319	1	91.4734261291228	18.698987661754384	0.0	0.0	3	1.0269201889316344	10.432360022523078	230.0	35	1.05	0.95				
	320	1	64.68838974877193	13.139829167719297	0.0	0.0	3	1.0244914637970566	11.403252683142478	230.0	35	1.05	0.95				
	321	2	0.0	0.0	0.0	0.0	3	1.038537744588064	8.918986976534518	230.0	37	1.05	0.95				
	322	2	0.0	0.0	0.0	0.0	3	1.05	13.949717961837717	230.0	37	1.05	0.95				
	323	2	0.0	0.0	0.0	0.0	3	1.0235278887391301	12.011114536600026	230.0	35	1.05	0.95				
	324	1	0.0	0.0	0.0	0.0	3	1.02407138773274	7.722130328114922	230.0	36	1.05	0.95				
	325	1	0.0	0.0	0.0	0.0	3	1.0238774360492109	12.709385301343344	230.0	35	1.05	0.95				
];
