%% MATPOWER Case Format : Version 2
function mpc = RTS_GMLC
mpc.version = '2';

%%-----  Power Flow Data  -----%%
%% system MVA base
mpc.baseMVA = 100.0;
%% bus data
%    bus_i    type    Pd    Qd    Gs    Bs    area    Vm    Va    baseKV    zone    Vmax    Vmin
mpc.bus = [
	101	2	51.060860943157905	10.401286488421054	0.0	0.0	1	1.0428139867477622	1.4173834106439527	138.0	11	1.05	0.95				
	102	2	45.860217698947366	9.455714989473684	0.0	0.0	1	1.0401776119263673	0.7284210676900194	138.0	12	1.05	0.95				
	103	1	85.10143490526316	17.493072730526315	0.0	0.0	1	1.032598319307352	0.03694347489097141	138.0	11	1.05	0.95				
	104	1	34.98614546105263	7.091786242105264	0.0	0.0	1	1.0270426123827199	-1.7869376803689432	138.0	11	1.05	0.95				
	105	1	33.56778821263158	6.61900049263158	0.0	0.0	1	1.0397165252592087	-2.1117783291676795	138.0	11	1.05	0.95				
	106	1	64.29886192842106	13.23800098526316	0.0	-100.0	1	1.045787436487282	-4.70435548478598	138.0	12	1.05	0.95				
	107	2	59.09821868421052	11.819643736842107	0.0	0.0	1	1.0006244515121139	-9.94519990034139	138.0	12	1.05	0.95				
	108	1	80.84636316	16.54750123157895	0.0	0.0	1	1.0031772857289802	-8.770206023276781	138.0	12	1.05	0.95				
	109	1	82.73750615789474	17.02028698105263	0.0	0.0	1	1.0249966357698677	-3.1298949384604353	138.0	13	1.05	0.95				
	110	1	92.19322114736842	18.911429978947368	0.0	0.0	1	1.05	-4.2396768850305016	138.0	13	1.05	0.95				
	111	1	0.0	0.0	0.0	0.0	1	1.004442929077255	-1.2796331653015929	230.0	13	1.05	0.95				
	112	1	0.0	0.0	0.0	0.0	1	1.008000178032619	-1.439249567014661	230.0	13	1.05	0.95				
	113	3	125.28822361052632	25.530430471578953	0.0	0.0	1	0.9973836007430579	-1.149135379194747e-29	230.0	14	1.05	0.95				
	114	2	91.72043539789473	18.438644229473685	0.0	0.0	1	1.0019186404023672	0.13892903940059526	230.0	16	1.05	0.95				
	115	2	149.8730825831579	30.258287966315795	0.0	0.0	1	1.0362046650083538	6.040219725284718	230.0	16	1.05	0.95				
	116	2	47.278574947368426	9.455714989473684	0.0	0.0	1	1.0311339002964979	4.954028510775582	230.0	16	1.05	0.95				
	117	1	0.0	0.0	0.0	0.0	1	1.0395475344737755	8.413586090322395	230.0	17	1.05	0.95				
	118	2	157.43765457473685	32.14943096421053	0.0	0.0	1	1.043633042668271	9.21578890908844	230.0	17	1.05	0.95				
	119	1	85.57422065473685	17.493072730526315	0.0	0.0	1	1.0202547824223316	2.854923428086799	230.0	15	1.05	0.95				
	120	1	60.51657593263159	12.292429486315791	0.0	0.0	1	1.0142204180712813	1.4962686326084054	230.0	15	1.05	0.95				
	121	2	0.0	0.0	0.0	0.0	1	1.0466399406217637	10.6357464359456	230.0	17	1.05	0.95				
	122	2	0.0	0.0	0.0	0.0	1	1.05	16.272396729572254	230.0	17	1.05	0.95				
	123	2	0.0	0.0	0.0	0.0	1	1.0117172923100544	1.1162428392399242	230.0	15	1.05	0.95				
	124	1	0.0	0.0	0.0	0.0	1	1.0266356623703692	3.781328183957096	230.0	16	1.05	0.95				
	201	2	41.0206201768421	8.356052258245613	0.0	0.0	2	1.0161504082676425	-9.691451700897643	138.0	21	1.05	0.95				
	202	2	36.84259404771929	7.596411143859649	0.0	0.0	2	1.015299116673553	-9.919289086829826	138.0	22	1.05	0.95				
	203	1	68.36770029473684	14.053360616140347	0.0	0.0	2	1.0151322098672344	-7.566825162003379	138.0	21	1.05	0.95				
	204	1	28.106721232280695	5.697308357894736	0.0	0.0	2	1.013875533845576	-9.42459888869536	138.0	21	1.05	0.95				
	205	1	26.967259560701752	5.3174878007017545	0.0	0.0	2	1.028507373325074	-9.693287184003967	138.0	21	1.05	0.95				
	206	1	51.65559577824561	10.634975601403509	0.0	-100.0	2	1.043664428795967	-10.180412948780921	138.0	22	1.05	0.95				
	207	2	47.477569649122806	9.49551392982456	0.0	0.0	2	0.9989421672536765	-14.727045532116835	138.0	22	1.05	0.95				
	208	1	64.94931527999998	13.293719501754383	0.0	0.0	2	1.0043639390750492	-13.033675191187434	138.0	22	1.05	0.95				
	209	1	66.46859750877192	13.673540058947367	0.0	0.0	2	1.0234099825486274	-7.44568289427085	138.0	23	1.05	0.95				
	210	1	74.06500865263158	15.192822287719299	0.0	0.0	2	1.05	-8.472192636319665	138.0	23	1.05	0.95				
	211	1	0.0	0.0	0.0	0.0	2	1.001181799156021	-5.39276281264724	230.0	23	1.05	0.95				
	212	1	0.0	0.0	0.0	0.0	2	1.0074715437009862	-1.5562236253025152	230.0	23	1.05	0.95				
	213	2	100.65244765614034	20.51031008842105	0.0	0.0	2	0.9930571691685793	-3.803697548272703	230.0	24	1.05	0.95				
	214	2	73.68518809543858	14.813001730526315	0.0	0.0	2	0.9975962232357027	-4.0576028370842865	230.0	26	1.05	0.95				
	215	2	120.40311663017542	24.308515660350874	0.0	0.0	2	1.0167243603644633	0.8063245644906687	230.0	26	1.05	0.95				
	216	2	37.98205571929824	7.596411143859649	0.0	0.0	2	1.0147024903098836	0.16249902438264857	230.0	26	1.05	0.95				
	217	1	0.0	0.0	0.0	0.0	2	1.0207422562372852	1.3536604042165177	230.0	27	1.05	0.95				
	218	2	126.48024554526313	25.827797889122806	0.0	0.0	2	1.0205317479437557	1.1270170549890504	230.0	27	1.05	0.95				
	219	1	68.74752085192982	14.053360616140347	0.0	0.0	2	1.0102101169327946	-0.8455114871470046	230.0	25	1.05	0.95				
	220	1	48.61703132070175	9.875334487017543	0.0	0.0	2	1.008839438877059	-0.9589598777720985	230.0	25	1.05	0.95				
	221	2	0.0	0.0	0.0	0.0	2	1.022782281998363	1.8174807968689202	230.0	27	1.05	0.95				
	222	2	0.0	0.0	0.0	0.0	2	1.0444716194412598	8.195570799173375	230.0	27	1.05	0.95				
	223	2	0.0	0.0	0.0	0.0	2	1.0084503657787975	-0.717144120404238	230.0	25	1.05	0.95				
	224	1	0.0	0.0	0.0	0.0	2	1.0057476050962681	-2.3561981044560634	230.0	26	1.05	0.95				
	301	2	69.85321101473684	14.229357799298246	0.0	0.0	3	1.000094433125057	-2.3873306935046936	138.0	31	1.05	0.95				
	302	2	62.73853211508772	12.93577981754386	0.0	0.0	3	1.0013013746960298	-2.4603633859771623	138.0	32	1.05	0.95				
	303	1	116.42201835789474	23.93119266245614	0.0	0.0	3	1.0150225563505275	1.4264002565442095	138.0	31	1.05	0.95				
	304	1	47.86238532491228	9.701834863157895	0.0	0.0	3	1.0022804753962562	-0.2371206232374234	138.0	31	1.05	0.95				
	305	1	45.9220183522807	9.055045872280703	0.0	0.0	3	1.0149051050223328	-0.27013526620423894	138.0	31	1.05	0.95				
	306	1	87.96330275929826	18.110091744561405	0.0	-100.0	3	1.0317199759951832	0.19036142725552077	138.0	32	1.05	0.95				
	307	2	80.84862385964912	16.169724771929825	0.0	0.0	3	0.9882636314449682	-4.30505862918952	138.0	32	1.05	0.95				
	308	1	110.60091744	22.637614680701752	0.0	0.0	3	0.997110437728285	-1.3523183124349127	138.0	32	1.05	0.95				
	309	1	113.18807340350878	23.284403671578946	0.0	0.0	3	1.0265200672316075	4.215665050525332	138.0	33	1.05	0.95				
	310	1	126.12385322105264	25.87155963508772	0.0	0.0	3	1.05	3.910757104407866	138.0	33	1.05	0.95				
	311	1	0.0	0.0	0.0	0.0	3	1.0169764724681463	10.415924245605432	230.0	33	1.05	0.95				
	312	1	0.0	0.0	0.0	0.0	3	1.022273393579406	11.995685495845144	230.0	33	1.05	0.95				
	313	2	171.39908258245612	34.92660550736842	0.0	0.0	3	1.045761710966535	19.2610374867802	230.0	34	1.05	0.95				
	314	2	125.47706423017544	25.224770644210526	0.0	0.0	3	1.018271035014966	8.825642310420951	230.0	36	1.05	0.95				
	315	2	205.03211010807019	41.39449541614035	0.0	0.0	3	1.0282062555179627	3.1115234117401607	230.0	36	1.05	0.95				
	316	2	64.6788990877193	12.93577981754386	0.0	0.0	3	1.0301519996823987	4.475146761444565	230.0	36	1.05	0.95				
	317	1	0.0	0.0	0.0	0.0	3	1.0303892776752386	3.4154952883280028	230.0	37	1.05	0.95				
	318	2	215.38073396210527	43.98165137964913	0.0	0.0	3	1.026893124361635	2.291021684157305	230.0	37	1.05	0.95				
	319	1	117.06880734877194	23.93119266245614	0.0	0.0	3	1.0311375486795187	7.702079621076827	230.0	35	1.05	0.95				
	320	1	82.7889908322807	16.816513762807016	0.0	0.0	3	1.0359044184101316	10.190245899180226	230.0	35	1.05	0.95				
	321	2	0.0	0.0	0.0	0.0	3	1.0294586965095318	3.135638315016407	230.0	37	1.05	0.95				
	322	2	0.0	0.0	0.0	0.0	3	1.0431959551429588	7.608940898921617	230.0	37	1.05	0.95				
	323	2	0.0	0.0	0.0	0.0	3	1.038987934896114	11.208828865193084	230.0	35	1.05	0.95				
	324	1	0.0	0.0	0.0	0.0	3	1.021187138548053	4.762565095726145	230.0	36	1.05	0.95				
	325	1	0.0	0.0	0.0	0.0	3	1.0405955803331206	11.16394523553986	230.0	35	1.05	0.95				
];
