%% MATPOWER Case Format : Version 2
function mpc = RTS_GMLC
mpc.version = '2';

%%-----  Power Flow Data  -----%%
%% system MVA base
mpc.baseMVA = 100.0;
%% bus data
%    bus_i    type    Pd    Qd    Gs    Bs    area    Vm    Va    baseKV    zone    Vmax    Vmin
mpc.bus = [
	101	2	60.45274618105263	12.31444829614035	0.0	0.0	1	1.0499999978605299	3.003639035983038	138.0	11	1.05	0.95				
	102	2	54.295522032982454	11.194952996491228	0.0	0.0	1	1.0487750084949916	2.574165896514485	138.0	12	1.05	0.95				
	103	1	100.75457696842105	20.71066304350877	0.0	0.0	1	1.0343936482301357	1.2368322836438288	138.0	11	1.05	0.95				
	104	1	41.42132608701754	8.39621474736842	0.0	0.0	1	1.028617053928545	-1.089091854493424	138.0	11	1.05	0.95				
	105	1	39.74208313754385	7.83646709754386	0.0	0.0	1	1.041357376456597	-1.4397912055209179	138.0	11	1.05	0.95				
	106	1	76.12568037614035	15.67293419508772	0.0	-100.0	1	1.0445072797421016	-4.549232486418985	138.0	12	1.05	0.95				
	107	2	69.96845622807018	13.993691245614034	0.0	0.0	1	0.9989259196656876	-12.035837468345488	138.0	12	1.05	0.95				
	108	1	95.71684812	19.591167743859646	0.0	0.0	1	0.9984286027278838	-10.22225324391278	138.0	12	1.05	0.95				
	109	1	97.95583871929824	20.15091539368421	0.0	0.0	1	1.0252781576828018	-3.0150119803206747	138.0	13	1.05	0.95				
	110	1	109.15079171578948	22.389905992982456	0.0	0.0	1	1.05	-4.269818520395546	138.0	13	1.05	0.95				
	111	1	0.0	0.0	0.0	0.0	1	1.0090488274037324	-0.94096343942084	230.0	13	1.05	0.95				
	112	1	0.0	0.0	0.0	0.0	1	1.0120760492374388	-1.281852729030097	230.0	13	1.05	0.95				
	113	3	148.33312720350875	30.226373090526316	0.0	0.0	1	1.0042692733769547	3.475689927042663e-32	230.0	14	1.05	0.95				
	114	2	108.59104406596491	21.830158343157894	0.0	0.0	1	1.0099039288266793	1.0271149833737907	230.0	16	1.05	0.95				
	115	2	177.44000499438596	35.82384958877193	0.0	0.0	1	1.0425397772304825	8.671044335737964	230.0	16	1.05	0.95				
	116	2	55.974764982456136	11.194952996491228	0.0	0.0	1	1.03728591529655	7.15134469461972	230.0	16	1.05	0.95				
	117	1	0.0	0.0	0.0	0.0	1	1.0435940125791974	11.48334770034332	230.0	17	1.05	0.95				
	118	2	186.39596739157892	38.062840188070176	0.0	0.0	1	1.048335457289607	12.625766155692338	230.0	17	1.05	0.95				
	119	1	101.3143246182456	20.71066304350877	0.0	0.0	1	1.026060746993902	4.309837400099268	230.0	15	1.05	0.95				
	120	1	71.64769917754386	14.553438895438598	0.0	0.0	1	1.021402506439227	2.391242942686814	230.0	15	1.05	0.95				
	121	2	0.0	0.0	0.0	0.0	1	1.05	14.52663431948023	230.0	17	1.05	0.95				
	122	2	0.0	0.0	0.0	0.0	1	1.05	20.346158287992896	230.0	17	1.05	0.95				
	123	2	0.0	0.0	0.0	0.0	1	1.0201738843515138	1.7624938524136886	230.0	15	1.05	0.95				
	124	1	0.0	0.0	0.0	0.0	1	1.0298294124388194	5.884558697335172	230.0	16	1.05	0.95				
	201	2	59.465449402105264	12.113332285614035	0.0	0.0	2	1.0126767108873644	-13.69511505622778	138.0	21	1.05	0.95				
	202	2	53.40878325929824	11.012120259649123	0.0	0.0	2	1.0119268030580724	-13.946151572318495	138.0	22	1.05	0.95				
	203	1	99.1090823368421	20.372422480350878	0.0	0.0	2	1.0131003834246457	-10.098559875558529	138.0	21	1.05	0.95				
	204	1	40.744844960701755	8.259090194736842	0.0	0.0	2	1.0094931910958487	-12.761467040864584	138.0	21	1.05	0.95				
	205	1	39.09302692175439	7.708484181754387	0.0	0.0	2	1.024057489230823	-13.214156714904778	138.0	21	1.05	0.95				
	206	1	74.88241776561404	15.416968363508774	0.0	-100.0	2	1.0378092506053864	-13.581327551674907	138.0	22	1.05	0.95				
	207	2	68.82575162280702	13.765150324561404	0.0	0.0	2	0.9951436190830076	-20.416618987118305	138.0	22	1.05	0.95				
	208	1	94.15362822	19.271210454385965	0.0	0.0	2	0.9952670824493003	-17.80616861684556	138.0	22	1.05	0.95				
	209	1	96.35605227192983	19.821816467368418	0.0	0.0	2	1.025452695187046	-9.533416402079766	138.0	23	1.05	0.95				
	210	1	107.36817253157895	22.024240519298246	0.0	0.0	2	1.05	-10.965740095714485	138.0	23	1.05	0.95				
	211	1	0.0	0.0	0.0	0.0	2	1.01396515589637	-6.122936757289334	230.0	23	1.05	0.95				
	212	1	0.0	0.0	0.0	0.0	2	1.0181251966646998	-0.9014670300612937	230.0	23	1.05	0.95				
	213	2	145.91059344035088	29.732724701052632	0.0	0.0	2	1.0186141650877736	-2.969255190548055	230.0	24	1.05	0.95				
	214	2	106.81756651859648	21.473634506315793	0.0	0.0	2	1.0164728539164234	-4.72765602993319	230.0	26	1.05	0.95				
	215	2	174.5421061154386	35.238784830877194	0.0	0.0	2	1.0295340934414163	0.5279443131274282	230.0	26	1.05	0.95				
	216	2	55.060601298245615	11.012120259649123	0.0	0.0	2	1.0308950045758687	0.6445884375718871	230.0	26	1.05	0.95				
	217	1	0.0	0.0	0.0	0.0	2	1.0325624485699363	1.3188936109436076	230.0	27	1.05	0.95				
	218	2	183.3518023231579	37.44120888280702	0.0	0.0	2	1.0311880185551496	0.7315617573248834	230.0	27	1.05	0.95				
	219	1	99.65968834982458	20.372422480350878	0.0	0.0	2	1.0326168129217004	1.831923253899644	230.0	25	1.05	0.95				
	220	1	70.47756966175439	14.315756337543862	0.0	0.0	2	1.0390271787820706	3.9089810439904205	230.0	25	1.05	0.95				
	221	2	0.0	0.0	0.0	0.0	2	1.0334980829777576	1.4651341030878926	230.0	27	1.05	0.95				
	222	2	0.0	0.0	0.0	0.0	2	1.05	7.903404772784504	230.0	27	1.05	0.95				
	223	2	0.0	0.0	0.0	0.0	2	1.0445964518073656	5.446329020257294	230.0	25	1.05	0.95				
	224	1	0.0	0.0	0.0	0.0	2	1.0102681321232792	-3.4289290351211634	230.0	26	1.05	0.95				
	301	2	64.74533377263158	13.188864287017546	0.0	0.0	3	0.9902858907222531	15.051949285612073	138.0	31	1.05	0.95				
	302	2	58.15090162912281	11.989876624561404	0.0	0.0	3	0.9899059899240255	15.006601541456922	138.0	32	1.05	0.95				
	303	1	107.90888962105265	22.181271755438598	0.0	0.0	3	1.0198870611445252	18.177571806241083	138.0	31	1.05	0.95				
	304	1	44.362543510877195	8.992407468421053	0.0	0.0	3	0.9993527855148777	16.967050341609323	138.0	31	1.05	0.95				
	305	1	42.56406201719298	8.392913637192983	0.0	0.0	3	1.0108108025006934	16.988740528422813	138.0	31	1.05	0.95				
	306	1	81.53116104701755	16.785827274385966	0.0	-100.0	3	1.0304720166961068	17.38759820526383	138.0	32	1.05	0.95				
	307	2	74.93672890350878	14.987345780701755	0.0	0.0	3	0.9809809127784158	13.838329528221378	138.0	32	1.05	0.95				
	308	1	102.51344514	20.982284092982457	0.0	0.0	3	0.9958733989610602	16.496065184897784	138.0	32	1.05	0.95				
	309	1	104.91142046491228	21.581777924210527	0.0	0.0	3	1.028224196990514	20.999459005555842	138.0	33	1.05	0.95				
	310	1	116.90129708947367	23.97975324912281	0.0	0.0	3	1.05	20.8283379806101	138.0	33	1.05	0.95				
	311	1	0.0	0.0	0.0	0.0	3	1.0181328337345974	26.709397855514208	230.0	33	1.05	0.95				
	312	1	0.0	0.0	0.0	0.0	3	1.0253056500495612	28.033106644363507	230.0	33	1.05	0.95				
	313	2	158.8658652754386	32.37266688631579	0.0	0.0	3	1.0469224876123633	35.70422696760527	230.0	34	1.05	0.95				
	314	2	116.30180325824561	23.380259417894738	0.0	0.0	3	1.0185818942670537	24.431233125715416	230.0	36	1.05	0.95				
	315	2	190.03954449929824	38.36760519859649	0.0	0.0	3	1.0395414578601005	17.35781555701573	230.0	36	1.05	0.95				
	316	2	59.94938312280702	11.989876624561404	0.0	0.0	3	1.041509319254962	18.68026915033899	230.0	36	1.05	0.95				
	317	1	0.0	0.0	0.0	0.0	3	1.0453816099814597	17.232711364481045	230.0	37	1.05	0.95				
	318	2	199.63144579894737	40.765580523508774	0.0	0.0	3	1.044277243137576	15.612074486343083	230.0	37	1.05	0.95				
	319	1	108.50838345228071	22.181271755438598	0.0	0.0	3	1.0419770287637578	21.584790419800427	230.0	35	1.05	0.95				
	320	1	76.73521039719299	15.586839611929825	0.0	0.0	3	1.0452058013618297	23.718703045353532	230.0	35	1.05	0.95				
	321	2	0.0	0.0	0.0	0.0	3	1.043681614731929	16.774194971421476	230.0	37	1.05	0.95				
	322	2	0.0	0.0	0.0	0.0	3	1.05	21.284732682414127	230.0	37	1.05	0.95				
	323	2	0.0	0.0	0.0	0.0	3	1.0467680547662876	24.446535379223402	230.0	35	1.05	0.95				
	324	1	0.0	0.0	0.0	0.0	3	1.03119812474753	19.86791545625656	230.0	36	1.05	0.95				
	325	1	0.0	0.0	0.0	0.0	3	1.0484285975346903	23.610153847557353	230.0	35	1.05	0.95				
];
