%% MATPOWER Case Format : Version 2
function mpc = RTS_GMLC
mpc.version = '2';

%%-----  Power Flow Data  -----%%
%% system MVA base
mpc.baseMVA = 100.0;
%% bus data
%    bus_i    type    Pd    Qd    Gs    Bs    area    Vm    Va    baseKV    zone    Vmax    Vmin
mpc.bus = [
	101	2	46.77238989473685	9.527709052631579	0.0	0.0	1	1.0053904194565337	-1.1624604703771166	138.0	11	1.05	0.95				
	102	2	42.00853536842105	8.661553684210526	0.0	0.0	1	1.0030148797802858	-1.8600957238609208	138.0	12	1.05	0.95				
	103	1	77.95398315789474	16.023874315789474	0.0	0.0	1	1.0229494440047904	1.497664541722435	138.0	11	1.05	0.95				
	104	1	32.04774863157895	6.496165263157895	0.0	0.0	1	1.0084115234149849	-3.3794508788471975	138.0	11	1.05	0.95				
	105	1	30.748515578947366	6.0630875789473695	0.0	0.0	1	1.0219512420706183	-3.4634002812158995	138.0	11	1.05	0.95				
	106	1	58.89856505263159	12.126175157894739	0.0	-100.0	1	1.0386134753769178	-5.3242243454713805	138.0	12	1.05	0.95				
	107	2	54.134710526315786	10.826942105263159	0.0	0.0	1	0.9852318528672581	-11.236348593940003	138.0	12	1.05	0.95				
	108	1	74.056284	15.157718947368421	0.0	0.0	1	0.9946760010801534	-9.32316645161873	138.0	12	1.05	0.95				
	109	1	75.78859473684211	15.590796631578948	0.0	0.0	1	1.0252057737481701	-2.799315152387708	138.0	13	1.05	0.95				
	110	1	84.45014842105263	17.323107368421052	0.0	0.0	1	1.05	-4.347018379002665	138.0	13	1.05	0.95				
	111	1	0.0	0.0	0.0	0.0	1	1.020044061871791	0.09886065338575732	230.0	13	1.05	0.95				
	112	1	0.0	0.0	0.0	0.0	1	1.014798984493148	-1.0070576931750561	230.0	13	1.05	0.95				
	113	3	114.76558631578948	23.386194947368423	0.0	0.0	1	0.9991003181255379	-5.293971115423875e-30	230.0	14	1.05	0.95				
	114	2	84.0170707368421	16.89002968421053	0.0	0.0	1	1.049999988467322	3.7465965552569602	230.0	16	1.05	0.95				
	115	2	137.28562589473685	27.71697178947369	0.0	0.0	1	1.0411392671330808	13.678683343726691	230.0	16	1.05	0.95				
	116	2	43.307768421052636	8.661553684210526	0.0	0.0	1	1.042207863934941	11.739649814266793	230.0	16	1.05	0.95				
	117	1	0.0	0.0	0.0	0.0	1	1.0403311743715642	18.051538244489947	230.0	17	1.05	0.95				
	118	2	144.2148688421053	29.449282526315795	0.0	0.0	1	1.0492876877229933	18.775206291278145	230.0	17	1.05	0.95				
	119	1	78.38706084210527	16.023874315789474	0.0	0.0	1	1.039075092322732	7.314729938987266	230.0	15	1.05	0.95				
	120	1	55.43394357894738	11.260019789473684	0.0	0.0	1	1.0435734431882342	4.274246955337289	230.0	15	1.05	0.95				
	121	2	0.0	0.0	0.0	0.0	1	1.0438299713377457	20.47788394679941	230.0	17	1.05	0.95				
	122	2	0.0	0.0	0.0	0.0	1	1.05	38.434282132234216	230.0	17	1.05	0.95				
	123	2	0.0	0.0	0.0	0.0	1	1.0473070968263625	2.933312638434458	230.0	15	1.05	0.95				
	124	1	0.0	0.0	0.0	0.0	1	1.019047956619972	9.146655834644603	230.0	16	1.05	0.95				
	201	2	42.68660475789474	8.695419487719299	0.0	0.0	2	1.0126570815188052	-15.739326917158941	138.0	21	1.05	0.95				
	202	2	38.33889501403508	7.904926807017544	0.0	0.0	2	1.0118017997988176	-16.02852390458319	138.0	22	1.05	0.95				
	203	1	71.1443412631579	14.624114592982457	0.0	0.0	2	1.0129133574135212	-11.602149442387136	138.0	21	1.05	0.95				
	204	1	29.248229185964913	5.928695105263158	0.0	0.0	2	1.0114672517103556	-15.652935478589146	138.0	21	1.05	0.95				
	205	1	28.06249016491228	5.533448764912281	0.0	0.0	2	1.0265560073514488	-16.10324631286221	138.0	21	1.05	0.95				
	206	1	53.7535022877193	11.066897529824562	0.0	-100.0	2	1.0423439974478876	-16.81031407161304	138.0	22	1.05	0.95				
	207	2	49.40579254385965	9.88115850877193	0.0	0.0	2	0.9949861360446406	-21.50483285025032	138.0	22	1.05	0.95				
	208	1	67.58712419999999	13.8336219122807	0.0	0.0	2	1.0012302638128063	-19.738563980041615	138.0	22	1.05	0.95				
	209	1	69.16810956140351	14.22886825263158	0.0	0.0	2	1.0224437340981596	-13.70420887766398	138.0	23	1.05	0.95				
	210	1	77.07303636842106	15.809853614035088	0.0	0.0	2	1.05	-15.193357675955257	138.0	23	1.05	0.95				
	211	1	0.0	0.0	0.0	0.0	2	1.0068776078583017	-10.667450403936497	230.0	23	1.05	0.95				
	212	1	0.0	0.0	0.0	0.0	2	1.00749240482168	-9.981298561222358	230.0	23	1.05	0.95				
	213	2	104.74028019298245	21.34330237894737	0.0	0.0	2	1.001565271961338	-9.31864064219216	230.0	24	1.05	0.95				
	214	2	76.67779002807016	15.414607273684211	0.0	0.0	2	1.0110224804591164	-7.970771990717905	230.0	26	1.05	0.95				
	215	2	125.29308989122808	25.295765782456144	0.0	0.0	2	1.0271884652169532	-1.4555600265338131	230.0	26	1.05	0.95				
	216	2	39.52463403508772	7.904926807017544	0.0	0.0	2	1.029025543907093	-1.7775688897165822	230.0	26	1.05	0.95				
	217	1	0.0	0.0	0.0	0.0	2	1.0361676462272134	-0.013977404843015084	230.0	27	1.05	0.95				
	218	2	131.6170313368421	26.87675114385965	0.0	0.0	2	1.034424127571796	-0.4885924114186984	230.0	27	1.05	0.95				
	219	1	71.53958760350876	14.624114592982457	0.0	0.0	2	1.0272978681353069	-2.0413794523348443	230.0	25	1.05	0.95				
	220	1	50.59153156491229	10.276404849122807	0.0	0.0	2	1.0282534302148283	-1.4996015978371586	230.0	25	1.05	0.95				
	221	2	0.0	0.0	0.0	0.0	2	1.0346672932956185	-0.012491545288562679	230.0	27	1.05	0.95				
	222	2	0.0	0.0	0.0	0.0	2	1.05	6.4848603972388	230.0	27	1.05	0.95				
	223	2	0.0	0.0	0.0	0.0	2	1.0292997853004564	-0.8981264416770023	230.0	25	1.05	0.95				
	224	1	0.0	0.0	0.0	0.0	2	1.0093406387378854	-5.24079416906621	230.0	26	1.05	0.95				
	301	2	54.71749447578947	11.146156282105263	0.0	0.0	3	1.0069696664982	2.1168284417258287	138.0	31	1.05	0.95				
	302	2	49.14441633473684	10.132869347368421	0.0	0.0	3	1.0064283852091962	2.0115770687581462	138.0	32	1.05	0.95				
	303	1	91.19582412631578	18.745808292631576	0.0	0.0	3	1.0306904341188692	8.356433477189409	138.0	31	1.05	0.95				
	304	1	37.49161658526315	7.599652010526316	0.0	0.0	3	1.0099074366663117	4.069711792808055	138.0	31	1.05	0.95				
	305	1	35.97168618315789	7.093008543157896	0.0	0.0	3	1.0217338819344355	2.717526090534642	138.0	31	1.05	0.95				
	306	1	68.90351156210527	14.186017086315792	0.0	-100.0	3	1.037754610167802	2.48013888019558	138.0	32	1.05	0.95				
	307	2	63.330433421052625	12.666086684210526	0.0	0.0	3	0.9927041467051239	-2.571311707687901	138.0	32	1.05	0.95				
	308	1	86.63603291999999	17.732521357894733	0.0	0.0	3	0.9974685330798683	-0.24088141419975664	138.0	32	1.05	0.95				
	309	1	88.66260678947368	18.239164825263156	0.0	0.0	3	1.0300578052854072	7.800252100454857	138.0	33	1.05	0.95				
	310	1	98.7954761368421	20.265738694736843	0.0	0.0	3	1.05	4.946464497153358	138.0	33	1.05	0.95				
	311	1	0.0	0.0	0.0	0.0	3	1.0106727988809698	10.518388719003315	230.0	33	1.05	0.95				
	312	1	0.0	0.0	0.0	0.0	3	1.0136828336689023	10.977721011824189	230.0	33	1.05	0.95				
	313	2	134.26051885263158	27.358747237894736	0.0	0.0	3	1.0125967820280872	14.147442148536218	230.0	34	1.05	0.95				
	314	2	98.28883266947368	19.75909522736842	0.0	0.0	3	1.01071987970341	11.588612213852878	230.0	36	1.05	0.95				
	315	2	160.60597915578947	32.425181911578946	0.0	0.0	3	1.0378766200962766	12.63022211771848	230.0	36	1.05	0.95				
	316	2	50.664346736842106	10.132869347368421	0.0	0.0	3	1.0362128608280128	13.251120876183332	230.0	36	1.05	0.95				
	317	1	0.0	0.0	0.0	0.0	3	1.0499999981387462	16.88939655792081	230.0	37	1.05	0.95				
	318	2	168.71227463368422	34.45175578105263	0.0	0.0	3	1.0468408630376054	13.896381921851722	230.0	37	1.05	0.95				
	319	1	91.70246759368422	18.745808292631576	0.0	0.0	3	1.0285747653106208	13.366423416023878	230.0	35	1.05	0.95				
	320	1	64.85036382315789	13.172730151578948	0.0	0.0	3	1.0239047499437124	13.690859764099663	230.0	35	1.05	0.95				
	321	2	0.0	0.0	0.0	0.0	3	1.0448562862418425	14.13013690433312	230.0	37	1.05	0.95				
	322	2	0.0	0.0	0.0	0.0	3	1.05	19.55489744105921	230.0	37	1.05	0.95				
	323	2	0.0	0.0	0.0	0.0	3	1.0217913428650451	14.050043886912752	230.0	35	1.05	0.95				
	324	1	0.0	0.0	0.0	0.0	3	1.0298934206589614	12.028567771419906	230.0	36	1.05	0.95				
	325	1	0.0	0.0	0.0	0.0	3	1.0228841925550856	14.606984901286932	230.0	35	1.05	0.95				
];
