%% MATPOWER Case Format : Version 2
function mpc = RTS_GMLC
mpc.version = '2';

%%-----  Power Flow Data  -----%%
%% system MVA base
mpc.baseMVA = 100.0;
%% bus data
%    bus_i    type    Pd    Qd    Gs    Bs    area    Vm    Va    baseKV    zone    Vmax    Vmin
mpc.bus = [
	101	2	45.90400789894737	9.350816423859648	0.0	0.0	1	1.0321261771566355	3.062526242240475	138.0	11	1.05	0.95				
	102	2	41.228599687017535	8.500742203508771	0.0	0.0	1	1.0317294402729114	2.941028835661361	138.0	12	1.05	0.95				
	103	1	76.50667983157894	15.726373076491226	0.0	0.0	1	1.028136143397032	0.17236183752779502	138.0	11	1.05	0.95				
	104	1	31.452746152982453	6.375556652631579	0.0	0.0	1	1.021040642048089	-0.4500411076727043	138.0	11	1.05	0.95				
	105	1	30.177634822456135	5.95051954245614	0.0	0.0	1	1.03513284252908	-0.15411714757001457	138.0	11	1.05	0.95				
	106	1	57.80504698385964	11.90103908491228	0.0	-100.0	1	1.0450834365339046	-2.3886939041135697	138.0	12	1.05	0.95				
	107	2	53.12963877192982	10.625927754385964	0.0	0.0	1	1.0150311526598406	-4.257453634490807	138.0	12	1.05	0.95				
	108	1	72.68134583999999	14.87629885614035	0.0	0.0	1	1.0143618855634693	-4.552729401281018	138.0	12	1.05	0.95				
	109	1	74.38149428070174	15.301335966315788	0.0	0.0	1	1.0254691022228493	-1.4987577120495907	138.0	13	1.05	0.95				
	110	1	82.88223648421051	17.001484407017543	0.0	0.0	1	1.05	-2.0705689446342275	138.0	13	1.05	0.95				
	111	1	0.0	0.0	0.0	0.0	1	1.003280289133053	-0.22755846575989094	230.0	13	1.05	0.95				
	112	1	0.0	0.0	0.0	0.0	1	1.008741438120301	0.41867745045863286	230.0	13	1.05	0.95				
	113	3	112.63483419649121	22.952003949473685	0.0	0.0	1	0.9941813988803564	-9.660916735857781e-29	230.0	14	1.05	0.95				
	114	2	82.45719937403507	16.576447296842105	0.0	0.0	1	0.9988749575028404	1.2576412778024022	230.0	16	1.05	0.95				
	115	2	134.736763925614	27.202375051228067	0.0	0.0	1	1.0383701086244557	5.859660482279361	230.0	16	1.05	0.95				
	116	2	42.50371101754386	8.500742203508771	0.0	0.0	1	1.033646490162965	5.80691837564073	230.0	16	1.05	0.95				
	117	1	0.0	0.0	0.0	0.0	1	1.0422413679419635	6.980567473195906	230.0	17	1.05	0.95				
	118	2	141.53735768842103	28.90252349192982	0.0	0.0	1	1.0451253674295093	6.600401691390151	230.0	17	1.05	0.95				
	119	1	76.93171694175437	15.726373076491226	0.0	0.0	1	1.0279671155379373	5.410627047864999	230.0	15	1.05	0.95				
	120	1	54.404750102456134	11.050964864561402	0.0	0.0	1	1.025843459586789	5.892239790550667	230.0	15	1.05	0.95				
	121	2	0.0	0.0	0.0	0.0	1	1.05	7.21650723989945	230.0	17	1.05	0.95				
	122	2	0.0	0.0	0.0	0.0	1	1.05	14.588730651310422	230.0	17	1.05	0.95				
	123	2	0.0	0.0	0.0	0.0	1	1.025327047787223	6.486961552190143	230.0	15	1.05	0.95				
	124	1	0.0	0.0	0.0	0.0	1	1.0265714602736542	3.7386312189993833	230.0	16	1.05	0.95				
	201	2	51.90051944842106	10.572328035789473	0.0	0.0	2	1.0298955675416839	-7.692007738084574	138.0	21	1.05	0.95				
	202	2	46.61435543052631	9.611207305263159	0.0	0.0	2	1.030290548337892	-7.692392279008368	138.0	22	1.05	0.95				
	203	1	86.50086574736842	17.78073351473684	0.0	0.0	2	1.0212813469573094	-6.576777122756517	138.0	21	1.05	0.95				
	204	1	35.56146702947368	7.208405478947368	0.0	0.0	2	1.0184989222663392	-10.064477082967475	138.0	21	1.05	0.95				
	205	1	34.119785933684206	6.727845113684211	0.0	0.0	2	1.033710710489786	-10.271446834784651	138.0	21	1.05	0.95				
	206	1	65.35620967578947	13.455690227368422	0.0	-100.0	2	1.0435980511771032	-12.171966950388647	138.0	22	1.05	0.95				
	207	2	60.07004565789473	12.014009131578947	0.0	0.0	2	0.9876150125347666	-19.413091780783176	138.0	22	1.05	0.95				
	208	1	82.17582245999999	16.819612784210523	0.0	0.0	2	0.993538722024923	-17.204150021603127	138.0	22	1.05	0.95				
	209	1	84.09806392105263	17.300173149473682	0.0	0.0	2	1.023077864171068	-10.04577782563815	138.0	23	1.05	0.95				
	210	1	93.70927122631578	19.222414610526318	0.0	0.0	2	1.05	-11.358458523478138	138.0	23	1.05	0.95				
	211	1	0.0	0.0	0.0	0.0	2	1.0082654071382597	-7.4773342397390845	230.0	23	1.05	0.95				
	212	1	0.0	0.0	0.0	0.0	2	1.0122730351474687	-7.1827725275807675	230.0	23	1.05	0.95				
	213	2	127.34849679473683	25.95025972421053	0.0	0.0	2	1.0031504724762514	-6.913272927052595	230.0	24	1.05	0.95				
	214	2	93.22871086105262	18.741854245263156	0.0	0.0	2	1.0115800402963901	-4.6648505111374305	230.0	26	1.05	0.95				
	215	2	152.33763578842104	30.7558633768421	0.0	0.0	2	1.0303267832651624	2.555047273221842	230.0	26	1.05	0.95				
	216	2	48.056036526315786	9.611207305263159	0.0	0.0	2	1.033282984568555	2.1897976271688324	230.0	26	1.05	0.95				
	217	1	0.0	0.0	0.0	0.0	2	1.0373467491296395	5.324743905147109	230.0	27	1.05	0.95				
	218	2	160.02660163263158	32.678104837894736	0.0	0.0	2	1.039295707526963	5.918265708709354	230.0	27	1.05	0.95				
	219	1	86.98142611263158	17.78073351473684	0.0	0.0	2	1.0334143853878868	0.6519373134246729	230.0	25	1.05	0.95				
	220	1	61.5117267536842	12.494569496842105	0.0	0.0	2	1.0373308705240818	0.24247667265036676	230.0	25	1.05	0.95				
	221	2	0.0	0.0	0.0	0.0	2	1.0388017767303188	5.55068217614609	230.0	27	1.05	0.95				
	222	2	0.0	0.0	0.0	0.0	2	1.05	11.962899234193037	230.0	27	1.05	0.95				
	223	2	0.0	0.0	0.0	0.0	2	1.0402023648831913	0.3774840931549393	230.0	25	1.05	0.95				
	224	1	0.0	0.0	0.0	0.0	2	1.0155793159597042	-0.8681863399107511	230.0	26	1.05	0.95				
	301	2	60.389117355789466	12.301486868771928	0.0	0.0	3	1.0072298465690253	-35.2993828946528	138.0	31	1.05	0.95				
	302	2	54.23837392140351	11.183169880701755	0.0	0.0	3	1.0066189869095905	-35.44660897930193	138.0	32	1.05	0.95				
	303	1	100.64852892631578	20.688864279298244	0.0	0.0	3	1.0218268749683106	-27.97419854488788	138.0	31	1.05	0.95				
	304	1	41.37772855859649	8.387377410526314	0.0	0.0	3	1.0071482678338448	-33.55110074298582	138.0	31	1.05	0.95				
	305	1	39.70025307649122	7.828218916491228	0.0	0.0	3	1.0209611351633658	-34.48047791920228	138.0	31	1.05	0.95				
	306	1	76.04555518877193	15.656437832982457	0.0	-100.0	3	1.0361907735690072	-34.65232024275844	138.0	32	1.05	0.95				
	307	2	69.89481175438596	13.978962350877191	0.0	0.0	3	0.9945158569640218	-39.5938614758305	138.0	32	1.05	0.95				
	308	1	95.61610247999998	19.570547291228067	0.0	0.0	3	0.9958860558527914	-37.602083465206846	138.0	32	1.05	0.95				
	309	1	97.85273645614035	20.129705785263155	0.0	0.0	3	1.0268266670321984	-29.721206261421944	138.0	33	1.05	0.95				
	310	1	109.03590633684207	22.36633976140351	0.0	0.0	3	1.05	-31.866564490559433	138.0	33	1.05	0.95				
	311	1	0.0	0.0	0.0	0.0	3	1.0175915572149263	-24.638326453407952	230.0	33	1.05	0.95				
	312	1	0.0	0.0	0.0	0.0	3	1.017144002484494	-24.051697246649397	230.0	33	1.05	0.95				
	313	2	148.17700091929822	30.194558677894733	0.0	0.0	3	1.0250314647408305	-20.924519581172575	230.0	34	1.05	0.95				
	314	2	108.47674784280701	21.80718126736842	0.0	0.0	3	1.0289402917176085	-21.78996614355037	230.0	36	1.05	0.95				
	315	2	177.2532426091228	35.78614361824561	0.0	0.0	3	1.0486782376773822	-14.785489125134044	230.0	36	1.05	0.95				
	316	2	55.915849403508766	11.183169880701755	0.0	0.0	3	1.0487050005135596	-14.429902083635595	230.0	36	1.05	0.95				
	317	1	0.0	0.0	0.0	0.0	3	1.0493193966705245	-11.629884404645367	230.0	37	1.05	0.95				
	318	2	186.19977851368418	38.022777594385964	0.0	0.0	3	1.0491967953301264	-11.069598910510196	230.0	37	1.05	0.95				
	319	1	101.20768742035087	20.688864279298244	0.0	0.0	3	1.0458772956642624	-15.57338630026821	230.0	35	1.05	0.95				
	320	1	71.57228723649122	14.53812084491228	0.0	0.0	3	1.047826126506449	-15.521862731656634	230.0	35	1.05	0.95				
	321	2	0.0	0.0	0.0	0.0	3	1.05	-10.662683490944138	230.0	37	1.05	0.95				
	322	2	0.0	0.0	0.0	0.0	3	1.05	-5.2662174683197955	230.0	37	1.05	0.95				
	323	2	0.0	0.0	0.0	0.0	3	1.05	-15.084541616980099	230.0	35	1.05	0.95				
	324	1	0.0	0.0	0.0	0.0	3	1.0218448574597454	-19.655591765416442	230.0	36	1.05	0.95				
	325	1	0.0	0.0	0.0	0.0	3	1.0410187817494865	-13.285857935764456	230.0	35	1.05	0.95				
];
