%% MATPOWER Case Format : Version 2
function mpc = RTS_GMLC
mpc.version = '2';

%%-----  Power Flow Data  -----%%
%% system MVA base
mpc.baseMVA = 100.0;
%% bus data
%    bus_i    type    Pd    Qd    Gs    Bs    area    Vm    Va    baseKV    zone    Vmax    Vmin
mpc.bus = [
	101	2	44.47451754947369	9.059623945263159	0.0	0.0	1	1.039557734267935	0.5801336497372275	138.0	11	1.05	0.95				
	102	2	39.944705576842104	8.236021768421054	0.0	0.0	1	1.0388276401313925	0.32865463129629163	138.0	12	1.05	0.95				
	103	1	74.12419591578947	15.236640271578947	0.0	0.0	1	1.0161289605962087	-0.8435859480557096	138.0	11	1.05	0.95				
	104	1	30.473280543157895	6.177016326315789	0.0	0.0	1	1.0225231827302486	-2.476419724935398	138.0	11	1.05	0.95				
	105	1	29.237877277894736	5.765215237894737	0.0	0.0	1	1.0393764681897935	-2.2630194302766897	138.0	11	1.05	0.95				
	106	1	56.004948025263154	11.530430475789474	0.0	-100.0	1	1.0475035567027289	-4.32294733101694	138.0	12	1.05	0.95				
	107	2	51.475136052631576	10.295027210526316	0.0	0.0	1	1.0035446300476585	-10.958601866661892	138.0	12	1.05	0.95				
	108	1	70.41798612	14.41303809473684	0.0	0.0	1	1.0052742310416272	-9.070040965860748	138.0	12	1.05	0.95				
	109	1	72.0651904736842	14.824839183157893	0.0	0.0	1	1.0212966360945228	-3.116704716358711	138.0	13	1.05	0.95				
	110	1	80.30121224210525	16.472043536842108	0.0	0.0	1	1.05	-3.8663685672641077	138.0	13	1.05	0.95				
	111	1	0.0	0.0	0.0	0.0	1	0.9988804143790216	-0.9851414855598584	230.0	13	1.05	0.95				
	112	1	0.0	0.0	0.0	0.0	1	1.0054006858774154	-0.7286042284582486	230.0	13	1.05	0.95				
	113	3	109.12728843157895	22.237258774736844	0.0	0.0	1	0.9966380100951142	-3.8591879970960973e-25	230.0	14	1.05	0.95				
	114	2	79.88941115368421	16.060242448421054	0.0	0.0	1	0.9886704743066029	0.8284981864679866	230.0	16	1.05	0.95				
	115	2	130.54094502947368	26.355269658947368	0.0	0.0	1	1.0024963873910082	6.3130898186808775	230.0	16	1.05	0.95				
	116	2	41.18010884210526	8.236021768421054	0.0	0.0	1	1.0027001068224384	5.958607797105652	230.0	16	1.05	0.95				
	117	1	0.0	0.0	0.0	0.0	1	1.0068443601192307	8.397420818634126	230.0	17	1.05	0.95				
	118	2	137.12976244421054	28.002474012631577	0.0	0.0	1	1.0060043302362323	8.67695275267593	230.0	17	1.05	0.95				
	119	1	74.53599700421053	15.236640271578947	0.0	0.0	1	1.0031622406896636	4.618248516827802	230.0	15	1.05	0.95				
	120	1	52.710539317894735	10.706828298947368	0.0	0.0	1	1.006665392540988	4.297940202197441	230.0	15	1.05	0.95				
	121	2	0.0	0.0	0.0	0.0	1	1.0074546128744095	9.941762070173855	230.0	17	1.05	0.95				
	122	2	0.0	0.0	0.0	0.0	1	1.030144782481597	16.082337838620184	230.0	17	1.05	0.95				
	123	2	0.0	0.0	0.0	0.0	1	1.009099432010199	4.450369873627255	230.0	15	1.05	0.95				
	124	1	0.0	0.0	0.0	0.0	1	0.998612868863023	3.5632800288572146	230.0	16	1.05	0.95				
	201	2	41.58161499789474	8.470328981052631	0.0	0.0	2	1.0134225300894362	-15.001856423172566	138.0	21	1.05	0.95				
	202	2	37.34645050736842	7.700299073684211	0.0	0.0	2	1.0126453691168251	-15.265084068442722	138.0	22	1.05	0.95				
	203	1	69.30269166315789	14.24555328631579	0.0	0.0	2	1.0153719089141318	-11.132387533489362	138.0	21	1.05	0.95				
	204	1	28.49110657263158	5.7752243052631576	0.0	0.0	2	1.0122812770293534	-15.058028952662902	138.0	21	1.05	0.95				
	205	1	27.336061711578946	5.390209351578948	0.0	0.0	2	1.0271039812176854	-15.489686352871374	138.0	21	1.05	0.95				
	206	1	52.36203370105264	10.780418703157896	0.0	-100.0	2	1.0428278260262753	-16.24895228988545	138.0	22	1.05	0.95				
	207	2	48.126869210526316	9.625373842105263	0.0	0.0	2	0.9950249128374982	-20.86107424324087	138.0	22	1.05	0.95				
	208	1	65.83755708	13.475523378947369	0.0	0.0	2	1.0017313254626996	-19.151096465316787	138.0	22	1.05	0.95				
	209	1	67.37761689473683	13.860538332631577	0.0	0.0	2	1.0227444657736438	-13.288884734688708	138.0	23	1.05	0.95				
	210	1	75.07791596842105	15.400598147368422	0.0	0.0	2	1.05	-14.736809784173943	138.0	23	1.05	0.95				
	211	1	0.0	0.0	0.0	0.0	2	1.0043963389075683	-10.382540699640321	230.0	23	1.05	0.95				
	212	1	0.0	0.0	0.0	0.0	2	1.008714391060575	-9.813179159232812	230.0	23	1.05	0.95				
	213	2	102.02896272631578	20.79080749894737	0.0	0.0	2	1.0021154901516287	-9.205010891583761	230.0	24	1.05	0.95				
	214	2	74.69290101473683	15.01558319368421	0.0	0.0	2	1.0027798745305563	-7.653057471253307	230.0	26	1.05	0.95				
	215	2	122.04974031789473	24.640957035789473	0.0	0.0	2	1.0184878837317308	-1.1108613916029997	230.0	26	1.05	0.95				
	216	2	38.501495368421054	7.700299073684211	0.0	0.0	2	1.0194102767263664	-1.458209567227321	230.0	26	1.05	0.95				
	217	1	0.0	0.0	0.0	0.0	2	1.0223590052343376	0.5405375240468399	230.0	27	1.05	0.95				
	218	2	128.2099795768421	26.18101685052632	0.0	0.0	2	1.0219959039311313	0.025187402338838327	230.0	27	1.05	0.95				
	219	1	69.6877066168421	14.24555328631579	0.0	0.0	2	1.0225770778533259	-2.0013241233973615	230.0	25	1.05	0.95				
	220	1	49.281914071578946	10.010388795789474	0.0	0.0	2	1.0277180181130439	-1.7128391642756862	230.0	25	1.05	0.95				
	221	2	0.0	0.0	0.0	0.0	2	1.0244156182607573	0.4574275903819605	230.0	27	1.05	0.95				
	222	2	0.0	0.0	0.0	0.0	2	1.0460047568817419	7.030708355682549	230.0	27	1.05	0.95				
	223	2	0.0	0.0	0.0	0.0	2	1.0309527859784196	-1.2609178250556443	230.0	25	1.05	0.95				
	224	1	0.0	0.0	0.0	0.0	2	1.0050670780894542	-4.8913967587341345	230.0	26	1.05	0.95				
	301	2	45.270484029473685	9.221765265263159	0.0	0.0	3	1.0467353338425684	-0.3456403045613653	138.0	31	1.05	0.95				
	302	2	40.659601396842106	8.383422968421053	0.0	0.0	3	1.0425451826627874	-0.6662160114011346	138.0	32	1.05	0.95				
	303	1	75.45080671578947	15.509332491578947	0.0	0.0	3	1.0493923427601477	14.472940295966538	138.0	31	1.05	0.95				
	304	1	31.018664983157894	6.287567226315789	0.0	0.0	3	1.0218351990772645	0.506311634295691	138.0	31	1.05	0.95				
	305	1	29.761151537894737	5.8683960778947375	0.0	0.0	3	1.043647061765629	-1.5996427430078008	138.0	31	1.05	0.95				
	306	1	57.007276185263166	11.736792155789475	0.0	-100.0	3	1.0490269732986905	-2.821803190092018	138.0	32	1.05	0.95				
	307	2	52.39639355263158	10.479278710526316	0.0	0.0	3	0.9534231441549607	-0.4270347458261407	138.0	32	1.05	0.95				
	308	1	71.67826638	14.670990194736842	0.0	0.0	3	0.9766654250084015	-1.328572666199805	138.0	32	1.05	0.95				
	309	1	73.35495097368421	15.090161343157893	0.0	0.0	3	1.0174965227148893	3.2231597644221313	138.0	33	1.05	0.95				
	310	1	81.73837394210526	16.766845936842106	0.0	0.0	3	1.05	-1.5646275957525448	138.0	33	1.05	0.95				
	311	1	0.0	0.0	0.0	0.0	3	1.00305655570804	1.0389110456107464	230.0	33	1.05	0.95				
	312	1	0.0	0.0	0.0	0.0	3	1.0081094382318803	1.9974902766009928	230.0	33	1.05	0.95				
	313	2	111.08035433157895	22.635242014736843	0.0	0.0	3	1.0033727888312158	3.480802794429291	230.0	34	1.05	0.95				
	314	2	81.31920279368421	16.347674788421056	0.0	0.0	3	0.9935422578550093	-0.7800112914191284	230.0	36	1.05	0.95				
	315	2	132.8772540494737	26.82695349894737	0.0	0.0	3	1.041209268078923	-0.16424797707124958	230.0	36	1.05	0.95				
	316	2	41.91711484210526	8.383422968421053	0.0	0.0	3	1.0209599808814007	-0.7575125997152017	230.0	36	1.05	0.95				
	317	1	0.0	0.0	0.0	0.0	3	1.0372385054403617	-0.3081958259975559	230.0	37	1.05	0.95				
	318	2	139.58399242421052	28.503638092631583	0.0	0.0	3	1.0424853597084927	-0.7104115621972185	230.0	37	1.05	0.95				
	319	1	75.86997786421053	15.509332491578947	0.0	0.0	3	1.0113613201733822	-0.298781450849064	230.0	35	1.05	0.95				
	320	1	53.65390699789474	10.89844985894737	0.0	0.0	3	1.0060184623100525	0.9514627694895538	230.0	35	1.05	0.95				
	321	2	0.0	0.0	0.0	0.0	3	1.05	-0.04601668978771972	230.0	37	1.05	0.95				
	322	2	0.0	0.0	0.0	0.0	3	1.05	4.183657781330708	230.0	37	1.05	0.95				
	323	2	0.0	0.0	0.0	0.0	3	1.0040711643659452	1.98345609602802	230.0	35	1.05	0.95				
	324	1	0.0	0.0	0.0	0.0	3	1.0391082472088493	5.4369253900120444	230.0	36	1.05	0.95				
	325	1	0.0	0.0	0.0	0.0	3	1.0031247062093143	2.647987339327393	230.0	35	1.05	0.95				
];
