%% MATPOWER Case Format : Version 2
function mpc = RTS_GMLC
mpc.version = '2';

%%-----  Power Flow Data  -----%%
%% system MVA base
mpc.baseMVA = 100.0;
%% bus data
%    bus_i    type    Pd    Qd    Gs    Bs    area    Vm    Va    baseKV    zone    Vmax    Vmin
mpc.bus = [
	101	2	43.619495305263165	8.885452747368422	0.0	0.0	1	1.0317430408220825	0.9658078030123891	138.0	11	1.05	0.95				
	102	2	39.17676893157895	8.077684315789474	0.0	0.0	1	1.0299212056028508	0.48247047967184686	138.0	12	1.05	0.95				
	103	1	72.69915884210528	14.943715984210526	0.0	0.0	1	1.033919172077839	1.3111931277980229	138.0	11	1.05	0.95				
	104	1	29.88743196842105	6.058263236842105	0.0	0.0	1	1.0239583287183238	-1.3422441632435462	138.0	11	1.05	0.95				
	105	1	28.67577932105263	5.654379021052632	0.0	0.0	1	1.035436268443904	-1.9502367571168002	138.0	11	1.05	0.95				
	106	1	54.928253347368425	11.308758042105264	0.0	-100.0	1	1.0455809419091646	-4.092463500148379	138.0	12	1.05	0.95				
	107	2	50.485526973684216	10.097105394736843	0.0	0.0	1	1.0006116156753595	-9.644818424977561	138.0	12	1.05	0.95				
	108	1	69.0642009	14.135947552631578	0.0	0.0	1	1.0050294449439803	-8.071536931110321	138.0	12	1.05	0.95				
	109	1	70.6797377631579	14.539831768421053	0.0	0.0	1	1.0250937217534946	-2.3290630141293747	138.0	13	1.05	0.95				
	110	1	78.75742207894737	16.15536863157895	0.0	0.0	1	1.05	-3.626301861637698	138.0	13	1.05	0.95				
	111	1	0.0	0.0	0.0	0.0	1	1.0034955902287013	-0.5976466417113333	230.0	13	1.05	0.95				
	112	1	0.0	0.0	0.0	0.0	1	1.0076394634166204	-1.0720252344993582	230.0	13	1.05	0.95				
	113	3	107.02931718421054	21.809747652631582	0.0	0.0	1	0.9951318104728447	2.0460363667514104e-31	230.0	14	1.05	0.95				
	114	2	78.3535378631579	15.751484415789474	0.0	0.0	1	1.0011497626931587	1.399521541492814	230.0	16	1.05	0.95				
	115	2	128.03129640526316	25.848589810526317	0.0	0.0	1	1.037460985728799	7.788015892107522	230.0	16	1.05	0.95				
	116	2	40.38842157894737	8.077684315789474	0.0	0.0	1	1.0327237294156828	6.548625715363981	230.0	16	1.05	0.95				
	117	1	0.0	0.0	0.0	0.0	1	1.0408009768675475	10.210813168855028	230.0	17	1.05	0.95				
	118	2	134.49344385789473	27.464126673684213	0.0	0.0	1	1.045072400190208	11.12557159152206	230.0	17	1.05	0.95				
	119	1	73.10304305789475	14.943715984210526	0.0	0.0	1	1.0217503118725895	4.105821980024551	230.0	15	1.05	0.95				
	120	1	51.69717962105263	10.500989610526316	0.0	0.0	1	1.0150828072292932	2.187386856269031	230.0	15	1.05	0.95				
	121	2	0.0	0.0	0.0	0.0	1	1.047545609831657	12.396463405466768	230.0	17	1.05	0.95				
	122	2	0.0	0.0	0.0	0.0	1	1.05	18.04828844374184	230.0	17	1.05	0.95				
	123	2	0.0	0.0	0.0	0.0	1	1.0120624992431475	1.4424504734064336	230.0	15	1.05	0.95				
	124	1	0.0	0.0	0.0	0.0	1	1.0274667585572919	5.349588317498683	230.0	16	1.05	0.95				
	201	2	42.431607132631584	8.643475527017545	0.0	0.0	2	1.0163649380814974	-11.963236234913689	138.0	21	1.05	0.95				
	202	2	38.109869369122805	7.857705024561404	0.0	0.0	2	1.015553081529952	-12.208301781787444	138.0	22	1.05	0.95				
	203	1	70.71934522105263	14.536754295438595	0.0	0.0	2	1.0141108042069173	-9.21125354420983	138.0	21	1.05	0.95				
	204	1	29.07350859087719	5.893278768421053	0.0	0.0	2	1.01351318971756	-11.698449899503252	138.0	21	1.05	0.95				
	205	1	27.89485283719298	5.5003935171929825	0.0	0.0	2	1.0284421213091817	-12.025820282470766	138.0	21	1.05	0.95				
	206	1	53.43239416701755	11.000787034385965	0.0	-100.0	2	1.0433503427288842	-12.559374644947669	138.0	22	1.05	0.95				
	207	2	49.11065640350877	9.822131280701754	0.0	0.0	2	0.9992347532505234	-17.274609493471534	138.0	22	1.05	0.95				
	208	1	67.18337796	13.750983792982455	0.0	0.0	2	1.003926869784518	-15.508680720071542	138.0	22	1.05	0.95				
	209	1	68.75491896491228	14.143869044210525	0.0	0.0	2	1.0230508019391213	-9.653214251490445	138.0	23	1.05	0.95				
	210	1	76.61262398947369	15.715410049122807	0.0	0.0	2	1.05	-10.824456127613498	138.0	23	1.05	0.95				
	211	1	0.0	0.0	0.0	0.0	2	1.0018739086426685	-7.748832103195798	230.0	23	1.05	0.95				
	212	1	0.0	0.0	0.0	0.0	2	1.0081806106736053	-3.7073313776249064	230.0	23	1.05	0.95				
	213	2	104.11459157543858	21.215803566315792	0.0	0.0	2	0.9946497486983654	-6.135633123332338	230.0	24	1.05	0.95				
	214	2	76.21973873824561	15.322524797894738	0.0	0.0	2	0.9981661610471548	-6.518779390608175	230.0	26	1.05	0.95				
	215	2	124.54462463929823	25.14465607859649	0.0	0.0	2	1.0148274539316129	-1.2178200094632767	230.0	26	1.05	0.95				
	216	2	39.288525122807016	7.857705024561404	0.0	0.0	2	1.0128745543148703	-2.341303320966089	230.0	26	1.05	0.95				
	217	1	0.0	0.0	0.0	0.0	2	1.0190964261545754	-0.5126070138939836	230.0	27	1.05	0.95				
	218	2	130.83078865894737	26.716197083508774	0.0	0.0	2	1.018963545629892	-0.8049557896908126	230.0	27	1.05	0.95				
	219	1	71.1122304722807	14.536754295438595	0.0	0.0	2	1.0090961501830347	-3.36082569490825	230.0	25	1.05	0.95				
	220	1	50.28931215719298	10.215016531929825	0.0	0.0	2	1.0085107063366336	-3.4558180810625276	230.0	25	1.05	0.95				
	221	2	0.0	0.0	0.0	0.0	2	1.0211377897296703	-0.13947153078038743	230.0	27	1.05	0.95				
	222	2	0.0	0.0	0.0	0.0	2	1.0429899842159467	6.293096221288076	230.0	27	1.05	0.95				
	223	2	0.0	0.0	0.0	0.0	2	1.008620334542451	-3.1939122079568696	230.0	25	1.05	0.95				
	224	1	0.0	0.0	0.0	0.0	2	1.004597071587481	-4.239456235233533	230.0	26	1.05	0.95				
	301	2	66.62448591157896	13.571654537543859	0.0	0.0	3	0.9972437898491734	-0.9910128474462897	138.0	31	1.05	0.95				
	302	2	59.83865864280702	12.337867761403508	0.0	0.0	3	0.9969970602513406	-1.0685594913344048	138.0	32	1.05	0.95				
	303	1	111.04080985263158	22.82505535859649	0.0	0.0	3	1.0202694063231115	3.626937527225449	138.0	31	1.05	0.95				
	304	1	45.65011071719298	9.253400821052631	0.0	0.0	3	1.0021407352834628	1.0675364958678717	138.0	31	1.05	0.95				
	305	1	43.79943055298246	8.636507432982457	0.0	0.0	3	1.0143239488720597	0.69486994303332	138.0	31	1.05	0.95				
	306	1	83.89750077754387	17.273014865964914	0.0	-100.0	3	1.0317907842499818	0.9468916053105108	138.0	32	1.05	0.95				
	307	2	77.11167350877193	15.422334701754387	0.0	0.0	3	0.9941236510599664	-2.4985750804003914	138.0	32	1.05	0.95				
	308	1	105.48876936	21.59126858245614	0.0	0.0	3	1.0032577139860364	0.27136036632922905	138.0	32	1.05	0.95				
	309	1	107.95634291228072	22.208161970526316	0.0	0.0	3	1.0284080278182939	5.314034391376133	138.0	33	1.05	0.95				
	310	1	120.29421067368422	24.675735522807017	0.0	0.0	3	1.05	4.350037228430957	138.0	33	1.05	0.95				
	311	1	0.0	0.0	0.0	0.0	3	1.0161471545681242	10.362599656080455	230.0	33	1.05	0.95				
	312	1	0.0	0.0	0.0	0.0	3	1.0211348013378687	11.76093714644485	230.0	33	1.05	0.95				
	313	2	163.47674783859648	33.31224295578948	0.0	0.0	3	1.036833887268811	17.920243848269916	230.0	34	1.05	0.95				
	314	2	119.67731728561404	24.058842134736842	0.0	0.0	3	1.0166468660564947	9.184194034841251	230.0	36	1.05	0.95				
	315	2	195.55520401824563	39.48117683649123	0.0	0.0	3	1.029775091538288	4.235385666920607	230.0	36	1.05	0.95				
	316	2	61.68933880701755	12.337867761403508	0.0	0.0	3	1.031021999645742	5.5249704500946875	230.0	36	1.05	0.95				
	317	1	0.0	0.0	0.0	0.0	3	1.0332843513187298	4.6169015168620495	230.0	37	1.05	0.95				
	318	2	205.42549822736845	41.948750388771934	0.0	0.0	3	1.030004258136513	3.2054480053621206	230.0	37	1.05	0.95				
	319	1	111.65770324070176	22.82505535859649	0.0	0.0	3	1.0311892570790813	8.743537666643324	230.0	35	1.05	0.95				
	320	1	78.96235367298246	16.03922808982456	0.0	0.0	3	1.034421375687201	11.031573761073423	230.0	35	1.05	0.95				
	321	2	0.0	0.0	0.0	0.0	3	1.0320525877295728	4.129448355924863	230.0	37	1.05	0.95				
	322	2	0.0	0.0	0.0	0.0	3	1.045940724511653	8.661098337842377	230.0	37	1.05	0.95				
	323	2	0.0	0.0	0.0	0.0	3	1.0361367192421385	11.832190960817666	230.0	35	1.05	0.95				
	324	1	0.0	0.0	0.0	0.0	3	1.0245477923485347	6.089611349689448	230.0	36	1.05	0.95				
	325	1	0.0	0.0	0.0	0.0	3	1.037860037544661	11.885433903928694	230.0	35	1.05	0.95				
];
