%% MATPOWER Case Format : Version 2
function mpc = RTS_GMLC
mpc.version = '2';

%%-----  Power Flow Data  -----%%
%% system MVA base
mpc.baseMVA = 100.0;
%% bus data
%    bus_i    type    Pd    Qd    Gs    Bs    area    Vm    Va    baseKV    zone    Vmax    Vmin
mpc.bus = [
	101	2	36.05789213431579	7.345126175508773	0.0	0.0	1	0.9886361271334395	-5.050563271795669	138.0	11	1.05	0.95				
	102	2	32.38532904656141	6.677387432280703	0.0	0.0	1	0.988566640132028	-5.2328990301704446	138.0	12	1.05	0.95				
	103	1	60.09648689052632	12.3531667497193	0.0	0.0	1	1.0194707828406564	1.8155933061075498	138.0	11	1.05	0.95				
	104	1	24.7063334994386	5.0080405742105265	0.0	0.0	1	1.0031853502059616	-4.555563696533974	138.0	11	1.05	0.95				
	105	1	23.704725384596493	4.674171202596492	0.0	0.0	1	1.0151309839096987	-5.372994965037976	138.0	11	1.05	0.95				
	106	1	45.40623453950878	9.348342405192984	0.0	-100.0	1	1.0384010922993459	-5.988004145467987	138.0	12	1.05	0.95				
	107	2	41.73367145175439	8.346734290350879	0.0	0.0	1	0.9866436885001452	-10.875493243161717	138.0	12	1.05	0.95				
	108	1	57.09166254600001	11.685428006491229	0.0	0.0	1	0.998470763414906	-8.811821697188961	138.0	12	1.05	0.95				
	109	1	58.42714003245615	12.019297378105264	0.0	0.0	1	1.0244046085748773	-2.6156971595219254	138.0	13	1.05	0.95				
	110	1	65.10452746473685	13.354774864561406	0.0	0.0	1	1.05	-4.5975624842454925	138.0	13	1.05	0.95				
	111	1	0.0	0.0	0.0	0.0	1	1.016951017350463	0.49182353260872935	230.0	13	1.05	0.95				
	112	1	0.0	0.0	0.0	0.0	1	1.012943733419606	-0.9760064422490203	230.0	13	1.05	0.95				
	113	3	88.4753834777193	18.028946067157896	0.0	0.0	1	0.9979366095688421	1.395836622844997e-30	230.0	14	1.05	0.95				
	114	2	64.77065809312282	13.02090549294737	0.0	0.0	1	1.0448030335156642	4.915023307420287	230.0	16	1.05	0.95				
	115	2	105.83659080164914	21.367639783298248	0.0	0.0	1	1.0376809753618288	15.521672347457464	230.0	16	1.05	0.95				
	116	2	33.386937161403516	6.677387432280703	0.0	0.0	1	1.0379780503560267	13.38705383439224	230.0	16	1.05	0.95				
	117	1	0.0	0.0	0.0	0.0	1	1.0372937785088439	19.969168678355203	230.0	17	1.05	0.95				
	118	2	111.1785007474737	22.70311726975439	0.0	0.0	1	1.046952172801502	20.811177129778663	230.0	17	1.05	0.95				
	119	1	60.430356262140364	12.3531667497193	0.0	0.0	1	1.0341167252964396	8.514867310307134	230.0	15	1.05	0.95				
	120	1	42.735279566596496	8.680603661964915	0.0	0.0	1	1.0380900913148472	4.928243913692355	230.0	15	1.05	0.95				
	121	2	0.0	0.0	0.0	0.0	1	1.0408772435492035	22.467353292314684	230.0	17	1.05	0.95				
	122	2	0.0	0.0	0.0	0.0	1	1.05	40.44817081208374	230.0	17	1.05	0.95				
	123	2	0.0	0.0	0.0	0.0	1	1.0415235792440969	3.2191505164925047	230.0	15	1.05	0.95				
	124	1	0.0	0.0	0.0	0.0	1	1.0134864664955348	10.420532410758009	230.0	16	1.05	0.95				
	201	2	41.29261764631579	8.411459150175439	0.0	0.0	2	1.0062350824237667	-17.37321499950896	138.0	21	1.05	0.95				
	202	2	37.08688807122807	7.646781045614036	0.0	0.0	2	1.0054089249516482	-17.67914338836379	138.0	22	1.05	0.95				
	203	1	68.82102941052631	14.146544934385966	0.0	0.0	2	1.011853349443338	-12.927854610705054	138.0	21	1.05	0.95				
	204	1	28.293089868771933	5.735085784210526	0.0	0.0	2	1.0089401019260977	-17.44606824069857	138.0	21	1.05	0.95				
	205	1	27.146072711929826	5.352746731929825	0.0	0.0	2	1.0234645135302995	-17.919925196085565	138.0	21	1.05	0.95				
	206	1	51.99811111017544	10.70549346385965	0.0	-100.0	2	1.0411246349610113	-18.71832328947314	138.0	22	1.05	0.95				
	207	2	47.79238153508772	9.558476307017544	0.0	0.0	2	0.9894933068171405	-23.19401764563158	138.0	22	1.05	0.95				
	208	1	65.37997794	13.38186682982456	0.0	0.0	2	0.9985985385272265	-21.517603486181017	138.0	22	1.05	0.95				
	209	1	66.90933414912281	13.764205882105262	0.0	0.0	2	1.022563287669869	-15.662662643319273	138.0	23	1.05	0.95				
	210	1	74.55611519473683	15.293562091228072	0.0	0.0	2	1.05	-17.226775214103306	138.0	23	1.05	0.95				
	211	1	0.0	0.0	0.0	0.0	2	1.0065748489537585	-12.918856606281803	230.0	23	1.05	0.95				
	212	1	0.0	0.0	0.0	0.0	2	1.0139229414448492	-12.381300514916688	230.0	23	1.05	0.95				
	213	2	101.31984885438597	20.646308823157895	0.0	0.0	2	1.005520703923543	-11.79861468686806	230.0	24	1.05	0.95				
	214	2	74.17377614245613	14.91122303894737	0.0	0.0	2	1.0057907142559992	-10.267471233953087	230.0	26	1.05	0.95				
	215	2	121.20147957298246	24.469699345964912	0.0	0.0	2	1.0262955062959436	-3.3918321643918024	230.0	26	1.05	0.95				
	216	2	38.23390522807018	7.646781045614036	0.0	0.0	2	1.029684593502327	-4.2870778277427695	230.0	26	1.05	0.95				
	217	1	0.0	0.0	0.0	0.0	2	1.0346670308030652	-1.8198007417235067	230.0	27	1.05	0.95				
	218	2	127.31890440947369	25.99905555508772	0.0	0.0	2	1.033249472523399	-2.305923677492747	230.0	27	1.05	0.95				
	219	1	69.20336846280702	14.146544934385966	0.0	0.0	2	1.0366982441288528	-4.903396824986197	230.0	25	1.05	0.95				
	220	1	48.939398691929824	9.940815359298245	0.0	0.0	2	1.0450716834527847	-4.700733269785883	230.0	25	1.05	0.95				
	221	2	0.0	0.0	0.0	0.0	2	1.0336960738060652	-1.8676233864456004	230.0	27	1.05	0.95				
	222	2	0.0	0.0	0.0	0.0	2	1.05	4.647899993934433	230.0	27	1.05	0.95				
	223	2	0.0	0.0	0.0	0.0	2	1.0499999989091762	-4.309003096251048	230.0	25	1.05	0.95				
	224	1	0.0	0.0	0.0	0.0	2	1.009111806850215	-6.947266075358559	230.0	26	1.05	0.95				
	301	2	47.40588420631579	9.65675419017544	0.0	0.0	3	1.0213264342454067	11.41895637775296	138.0	31	1.05	0.95				
	302	2	42.577507111228066	8.778867445614036	0.0	0.0	3	1.0186400455456681	11.072281704037676	138.0	32	1.05	0.95				
	303	1	79.00980701052632	16.240904774385964	0.0	0.0	3	1.05	26.88678293223268	138.0	31	1.05	0.95				
	304	1	32.48180954877193	6.5841505842105255	0.0	0.0	3	1.0084494496162348	12.580662660486068	138.0	31	1.05	0.95				
	305	1	31.164979431929822	6.145207211929825	0.0	0.0	3	1.025875908476633	9.802577474936932	138.0	31	1.05	0.95				
	306	1	59.696298630175434	12.29041442385965	0.0	-100.0	3	1.0355441751937435	8.363781840469418	138.0	32	1.05	0.95				
	307	2	54.86792153508772	10.973584307017543	0.0	0.0	3	0.95	4.7608958861196715	138.0	32	1.05	0.95				
	308	1	75.05931666	15.363018029824559	0.0	0.0	3	0.9689691395775627	6.702242441449718	138.0	32	1.05	0.95				
	309	1	76.8150901491228	15.801961402105261	0.0	0.0	3	1.014092111959734	15.663306243168451	138.0	33	1.05	0.95				
	310	1	85.59395759473684	17.557734891228073	0.0	0.0	3	1.0410833412333804	9.585400692702736	138.0	33	1.05	0.95				
	311	1	0.0	0.0	0.0	0.0	3	1.0008433021792842	13.364741159041891	230.0	33	1.05	0.95				
	312	1	0.0	0.0	0.0	0.0	3	1.0055009093218226	13.541388528549996	230.0	33	1.05	0.95				
	313	2	116.31999365438597	23.702942103157895	0.0	0.0	3	0.9984967832390022	13.476118655227548	230.0	34	1.05	0.95				
	314	2	85.15501422245613	17.11879151894737	0.0	0.0	3	0.9976018920770047	14.119516987547685	230.0	36	1.05	0.95				
	315	2	139.14504901298247	28.09237582596491	0.0	0.0	3	1.0490400610110862	18.17006864355909	230.0	36	1.05	0.95				
	316	2	43.89433722807017	8.778867445614036	0.0	0.0	3	1.033613530721601	17.764900151310357	230.0	36	1.05	0.95				
	317	1	0.0	0.0	0.0	0.0	3	1.05	22.219846145875756	230.0	37	1.05	0.95				
	318	2	146.16814296947368	29.848149315087717	0.0	0.0	3	1.0468805159082193	18.62350343404464	230.0	37	1.05	0.95				
	319	1	79.44875038280702	16.240904774385964	0.0	0.0	3	1.0228885548866897	16.305616566912253	230.0	35	1.05	0.95				
	320	1	56.18475165192982	11.412527679298245	0.0	0.0	3	1.016928393282486	15.88252047346547	230.0	35	1.05	0.95				
	321	2	0.0	0.0	0.0	0.0	3	1.05	19.138374135948716	230.0	37	1.05	0.95				
	322	2	0.0	0.0	0.0	0.0	3	1.049999985771254	24.69582670637529	230.0	37	1.05	0.95				
	323	2	0.0	0.0	0.0	0.0	3	1.0142367355685948	15.994499250044635	230.0	35	1.05	0.95				
	324	1	0.0	0.0	0.0	0.0	3	1.046558306922355	21.502895471091826	230.0	36	1.05	0.95				
	325	1	0.0	0.0	0.0	0.0	3	1.0156997966786676	16.560091315650055	230.0	35	1.05	0.95				
];
