%% MATPOWER Case Format : Version 2
function mpc = RTS_GMLC
mpc.version = '2';

%%-----  Power Flow Data  -----%%
%% system MVA base
mpc.baseMVA = 100.0;
%% bus data
%    bus_i    type    Pd    Qd    Gs    Bs    area    Vm    Va    baseKV    zone    Vmax    Vmin
mpc.bus = [
	101	2	47.88124692631579	9.753587336842106	0.0	0.0	1	1.0165654077056403	1.7221220521483416	138.0	11	1.05	0.95				
	102	2	43.00445325789473	8.86689757894737	0.0	0.0	1	1.0154242992580218	1.4158791220044122	138.0	12	1.05	0.95				
	103	1	79.80207821052632	16.40376052105263	0.0	0.0	1	1.0263978964017435	1.5159129800844975	138.0	11	1.05	0.95				
	104	1	32.80752104210526	6.650173184210526	0.0	0.0	1	1.0136195330039677	-1.6798080789798726	138.0	11	1.05	0.95				
	105	1	31.477486405263157	6.2068283052631585	0.0	0.0	1	1.0268720216074871	-1.5999814983138227	138.0	11	1.05	0.95				
	106	1	60.29490353684211	12.413656610526317	0.0	-100.0	1	1.0405981841826566	-3.932554883014583	138.0	12	1.05	0.95				
	107	2	55.41810986842105	11.08362197368421	0.0	0.0	1	0.9866472368745747	-11.406121810059677	138.0	12	1.05	0.95				
	108	1	75.8119743	15.517070763157893	0.0	0.0	1	0.9948272067977562	-9.172060659620925	138.0	12	1.05	0.95				
	109	1	77.58535381578947	15.96041564210526	0.0	0.0	1	1.0257310895795735	-2.3593314038898665	138.0	13	1.05	0.95				
	110	1	86.45225139473683	17.73379515789474	0.0	0.0	1	1.05	-3.505571978555201	138.0	13	1.05	0.95				
	111	1	0.0	0.0	0.0	0.0	1	1.0177737102725926	0.060046176459830625	230.0	13	1.05	0.95				
	112	1	0.0	0.0	0.0	0.0	1	1.0147765065617997	-0.6344985068392832	230.0	13	1.05	0.95				
	113	3	117.48639292105263	23.940623463157895	0.0	0.0	1	1.000447007629569	5.0268977359693764e-30	230.0	14	1.05	0.95				
	114	2	86.00890651578946	17.290450278947368	0.0	0.0	1	1.0394467331006922	3.0603751287792678	230.0	16	1.05	0.95				
	115	2	140.54032662631576	28.374072252631578	0.0	0.0	1	1.0425182130122097	11.596896071487455	230.0	16	1.05	0.95				
	116	2	44.33448789473684	8.86689757894737	0.0	0.0	1	1.0425631712956394	10.097188322137606	230.0	16	1.05	0.95				
	117	1	0.0	0.0	0.0	0.0	1	1.0411658190385626	15.61613856578194	230.0	17	1.05	0.95				
	118	2	147.6338446894737	30.147451768421053	0.0	0.0	1	1.0489452886588018	15.991300162311092	230.0	17	1.05	0.95				
	119	1	80.24542308947369	16.40376052105263	0.0	0.0	1	1.0382714422558263	6.564451022097822	230.0	15	1.05	0.95				
	120	1	56.748144505263156	11.52696685263158	0.0	0.0	1	1.040210295563196	4.333525040251749	230.0	15	1.05	0.95				
	121	2	0.0	0.0	0.0	0.0	1	1.0426342678588911	17.45441229179673	230.0	17	1.05	0.95				
	122	2	0.0	0.0	0.0	0.0	1	1.05	35.420864986848855	230.0	17	1.05	0.95				
	123	2	0.0	0.0	0.0	0.0	1	1.0421506399536984	3.4405768939206993	230.0	15	1.05	0.95				
	124	1	0.0	0.0	0.0	0.0	1	1.0238731664126266	7.842429114867502	230.0	16	1.05	0.95				
	201	2	51.96851882526315	10.586179760701754	0.0	0.0	2	1.0160194629178199	-15.283677267693378	138.0	21	1.05	0.95				
	202	2	46.67542894491227	9.623799782456139	0.0	0.0	2	1.016475722832497	-15.283238304465005	138.0	22	1.05	0.95				
	203	1	86.61419804210526	17.80402959754386	0.0	0.0	2	1.0117738837617223	-12.38868043641769	138.0	21	1.05	0.95				
	204	1	35.60805919508772	7.217849836842103	0.0	0.0	2	1.0123147764363922	-16.059878429402513	138.0	21	1.05	0.95				
	205	1	34.164489227719294	6.736659847719298	0.0	0.0	2	1.02706227899764	-16.493302306765614	138.0	21	1.05	0.95				
	206	1	65.44183852070175	13.473319695438596	0.0	-100.0	2	1.0408304358153928	-17.64974427992638	138.0	22	1.05	0.95				
	207	2	60.14874864035087	12.029749728070174	0.0	0.0	2	0.9894228877548219	-24.172899999498124	138.0	22	1.05	0.95				
	208	1	82.28348813999999	16.841649619298245	0.0	0.0	2	0.9945148907560354	-21.9546319656887	138.0	22	1.05	0.95				
	209	1	84.20824809649122	17.322839608421052	0.0	0.0	2	1.022922008693846	-14.703067854017208	138.0	23	1.05	0.95				
	210	1	93.83204787894735	19.247599564912278	0.0	0.0	2	1.05	-16.161962949578623	138.0	23	1.05	0.95				
	211	1	0.0	0.0	0.0	0.0	2	1.0107218184464137	-11.499020020842561	230.0	23	1.05	0.95				
	212	1	0.0	0.0	0.0	0.0	2	1.0139210707018875	-10.4336963041415	230.0	23	1.05	0.95				
	213	2	127.51534711754384	25.984259412631577	0.0	0.0	2	1.012557368470785	-9.898411561867471	230.0	24	1.05	0.95				
	214	2	93.35085788982454	18.76640957578947	0.0	0.0	2	1.0126985284766339	-8.909410526413856	230.0	26	1.05	0.95				
	215	2	152.5372265519298	30.79615930385965	0.0	0.0	2	1.028291196678663	-2.167464839123292	230.0	26	1.05	0.95				
	216	2	48.118998912280695	9.623799782456139	0.0	0.0	2	1.0320273534396298	-2.348463534973544	230.0	26	1.05	0.95				
	217	1	0.0	0.0	0.0	0.0	2	1.0362186199505248	-0.5871799206349884	230.0	27	1.05	0.95				
	218	2	160.2362663778947	32.720919260350875	0.0	0.0	2	1.0340807899312938	-1.2483535561842092	230.0	27	1.05	0.95				
	219	1	87.09538803122805	17.80402959754386	0.0	0.0	2	1.0363041378441356	-2.170583331096573	230.0	25	1.05	0.95				
	220	1	61.5923186077193	12.510939717192981	0.0	0.0	2	1.043500540337068	-1.1019209556625242	230.0	25	1.05	0.95				
	221	2	0.0	0.0	0.0	0.0	2	1.034788196392801	-0.747987465156544	230.0	27	1.05	0.95				
	222	2	0.0	0.0	0.0	0.0	2	1.05	5.813297996765634	230.0	27	1.05	0.95				
	223	2	0.0	0.0	0.0	0.0	2	1.048545473003987	-0.1666902077955598	230.0	25	1.05	0.95				
	224	1	0.0	0.0	0.0	0.0	2	1.0095022727094856	-5.97211318183783	230.0	26	1.05	0.95				
	301	2	67.44447958736842	13.738690286315789	0.0	0.0	3	1.0402560339236269	-5.244260218746754	138.0	31	1.05	0.95				
	302	2	60.57513444421052	12.489718442105262	0.0	0.0	3	1.037212817124432	-5.618689414531863	138.0	32	1.05	0.95				
	303	1	112.40746597894736	23.105979117894734	0.0	0.0	3	1.05	12.250528312096755	138.0	31	1.05	0.95				
	304	1	46.21195823578947	9.367288831578946	0.0	0.0	3	1.0098587036311821	-3.4163470039251287	138.0	31	1.05	0.95				
	305	1	44.33850046947368	8.742802909473685	0.0	0.0	3	1.030940170378158	-6.115554360175115	138.0	31	1.05	0.95				
	306	1	84.9300854063158	17.48560581894737	0.0	-100.0	3	1.03152609981081	-7.316154037620455	138.0	32	1.05	0.95				
	307	2	78.0607402631579	15.612148052631577	0.0	0.0	3	0.9500000048161665	-5.566783917189356	138.0	32	1.05	0.95				
	308	1	106.78709268	21.857007273684207	0.0	0.0	3	0.9631047183031014	-6.176226473056246	138.0	32	1.05	0.95				
	309	1	109.28503636842105	22.48149319578947	0.0	0.0	3	1.009887358039251	1.0455772024125687	138.0	33	1.05	0.95				
	310	1	121.7747548105263	24.979436884210525	0.0	0.0	3	1.0367924146564862	-5.0052948995214015	138.0	33	1.05	0.95				
	311	1	0.0	0.0	0.0	0.0	3	0.9965265353595549	0.27309427943242737	230.0	33	1.05	0.95				
	312	1	0.0	0.0	0.0	0.0	3	0.9991317329964982	1.0507993232095318	230.0	33	1.05	0.95				
	313	2	165.4887693578947	33.72223979368421	0.0	0.0	3	0.9950784458017493	2.845647096778358	230.0	34	1.05	0.95				
	314	2	121.15026888842104	24.354950962105264	0.0	0.0	3	0.9965697119358728	0.3943438917691097	230.0	36	1.05	0.95				
	315	2	197.96203730736838	39.96709901473684	0.0	0.0	3	1.05	4.665695627939125	230.0	36	1.05	0.95				
	316	2	62.44859221052631	12.489718442105262	0.0	0.0	3	1.0440762347281427	4.313992230327575	230.0	36	1.05	0.95				
	317	1	0.0	0.0	0.0	0.0	3	1.05	8.78986744034502	230.0	37	1.05	0.95				
	318	2	207.95381206105264	42.4650427031579	0.0	0.0	3	1.0434604440968438	6.442508085965646	230.0	37	1.05	0.95				
	319	1	113.03195190105262	23.105979117894734	0.0	0.0	3	1.0255808745674766	3.4525184967479445	230.0	35	1.05	0.95				
	320	1	79.93419802947368	16.23663397473684	0.0	0.0	3	1.0147726660865288	3.9058470849832845	230.0	35	1.05	0.95				
	321	2	0.0	0.0	0.0	0.0	3	1.0454450694342923	6.481037030242492	230.0	37	1.05	0.95				
	322	2	0.0	0.0	0.0	0.0	3	1.05	11.72931655063723	230.0	37	1.05	0.95				
	323	2	0.0	0.0	0.0	0.0	3	1.0104747318993306	4.65187079829039	230.0	35	1.05	0.95				
	324	1	0.0	0.0	0.0	0.0	3	1.047308408370302	7.566911604496198	230.0	36	1.05	0.95				
	325	1	0.0	0.0	0.0	0.0	3	1.0098373323769083	5.754636637195712	230.0	35	1.05	0.95				
];
