%% MATPOWER Case Format : Version 2
function mpc = RTS_GMLC
mpc.version = '2';

%%-----  Power Flow Data  -----%%
%% system MVA base
mpc.baseMVA = 100.0;
%% bus data
%    bus_i    type    Pd    Qd    Gs    Bs    area    Vm    Va    baseKV    zone    Vmax    Vmin
mpc.bus = [
	101	2	45.810489865263165	9.331766454035089	0.0	0.0	1	1.031466178518974	0.6980736380056948	138.0	11	1.05	0.95				
	102	2	41.14460663824562	8.483424049122808	0.0	0.0	1	1.0295151642746134	0.17628445242139423	138.0	12	1.05	0.95				
	103	1	76.35081644210527	15.694334490877193	0.0	0.0	1	1.0335271236128314	1.1657685425660702	138.0	11	1.05	0.95				
	104	1	31.388668981754385	6.362568036842105	0.0	0.0	1	1.0234256144816911	-1.677678737371974	138.0	11	1.05	0.95				
	105	1	30.11615537438597	5.938396834385966	0.0	0.0	1	1.034990244123443	-2.278956470746031	138.0	11	1.05	0.95				
	106	1	57.687283534035096	11.876793668771931	0.0	-100.0	1	1.0448906288444262	-4.478889041330217	138.0	12	1.05	0.95				
	107	2	53.021400307017544	10.604280061403509	0.0	0.0	1	1.0002523238603673	-10.492542056085307	138.0	12	1.05	0.95				
	108	1	72.53327562	14.845992085964912	0.0	0.0	1	1.0039492186045142	-8.747441036947839	138.0	12	1.05	0.95				
	109	1	74.22996042982457	15.270163288421054	0.0	0.0	1	1.0251900761015331	-2.601174144472854	138.0	13	1.05	0.95				
	110	1	82.71338447894738	16.966848098245617	0.0	0.0	1	1.05	-3.9522747732984915	138.0	13	1.05	0.95				
	111	1	0.0	0.0	0.0	0.0	1	1.0046379949062574	-0.6678039438624811	230.0	13	1.05	0.95				
	112	1	0.0	0.0	0.0	0.0	1	1.0087467977396365	-1.197213794930782	230.0	13	1.05	0.95				
	113	3	112.40536865087721	22.905244932631582	0.0	0.0	1	0.9973826864261299	1.2970929575045975e-29	230.0	14	1.05	0.95				
	114	2	82.28921327649124	16.542676895789473	0.0	0.0	1	1.003107276774177	1.4886251556952568	230.0	16	1.05	0.95				
	115	2	134.4622711785965	27.146956957192987	0.0	0.0	1	1.0391941660873527	8.390842584896657	230.0	16	1.05	0.95				
	116	2	42.417120245614036	8.483424049122808	0.0	0.0	1	1.034735341011833	6.982877834942642	230.0	16	1.05	0.95				
	117	1	0.0	0.0	0.0	0.0	1	1.0418547627980388	10.910217335305155	230.0	17	1.05	0.95				
	118	2	141.24901041789474	28.843641767017548	0.0	0.0	1	1.0460991941357756	11.939719293419234	230.0	17	1.05	0.95				
	119	1	76.7749876445614	15.694334490877193	0.0	0.0	1	1.0233469700553517	4.2435414965402565	230.0	15	1.05	0.95				
	120	1	54.293913914385975	11.02845126385965	0.0	0.0	1	1.0171263758081024	2.2295625246609183	230.0	15	1.05	0.95				
	121	2	0.0	0.0	0.0	0.0	1	1.048282742326947	13.465657095712045	230.0	17	1.05	0.95				
	122	2	0.0	0.0	0.0	0.0	1	1.05	18.973346590024782	230.0	17	1.05	0.95				
	123	2	0.0	0.0	0.0	0.0	1	1.0144719929006865	1.4463274307608094	230.0	15	1.05	0.95				
	124	1	0.0	0.0	0.0	0.0	1	1.027657228402772	5.675692095614715	230.0	16	1.05	0.95				
	201	2	43.04360144842106	8.768141035789474	0.0	0.0	2	1.01520932306354	-13.501252672617829	138.0	21	1.05	0.95				
	202	2	38.659530930526316	7.971037305263158	0.0	0.0	2	1.0143506993824245	-13.761911455098884	138.0	22	1.05	0.95				
	203	1	71.73933574736843	14.746419014736842	0.0	0.0	2	1.0148307092320825	-10.239738338388806	138.0	21	1.05	0.95				
	204	1	29.492838029473685	5.978277978947368	0.0	0.0	2	1.0129032991884654	-13.279637708062795	138.0	21	1.05	0.95				
	205	1	28.29718243368421	5.5797261136842105	0.0	0.0	2	1.0277861599195055	-13.655085352158194	138.0	21	1.05	0.95				
	206	1	54.203053675789484	11.159452227368421	0.0	-100.0	2	1.042889039197195	-14.245613223678008	138.0	22	1.05	0.95				
	207	2	49.818983157894735	9.963796631578948	0.0	0.0	2	0.9975834840647233	-19.014445249591347	138.0	22	1.05	0.95				
	208	1	68.15236896	13.949315284210526	0.0	0.0	2	1.0027584657942121	-17.224011702100096	138.0	22	1.05	0.95				
	209	1	69.74657642105264	14.347867149473684	0.0	0.0	2	1.0231324998827893	-11.233671124455764	138.0	23	1.05	0.95				
	210	1	77.71761372631578	15.942074610526316	0.0	0.0	2	1.05	-12.526530031712431	138.0	23	1.05	0.95				
	211	1	0.0	0.0	0.0	0.0	2	1.0030308773065264	-8.961845758996155	230.0	23	1.05	0.95				
	212	1	0.0	0.0	0.0	0.0	2	1.008761509874528	-5.920555481454686	230.0	23	1.05	0.95				
	213	2	105.61624429473684	21.52180072421053	0.0	0.0	2	0.9966229195067708	-7.374453981124988	230.0	24	1.05	0.95				
	214	2	77.31906186105263	15.543522745263157	0.0	0.0	2	1.001004693943641	-7.2882490862136375	230.0	26	1.05	0.95				
	215	2	126.34094128842104	25.50731937684211	0.0	0.0	2	1.0186935925156115	-1.3798415332995118	230.0	26	1.05	0.95				
	216	2	39.85518652631579	7.971037305263158	0.0	0.0	2	1.017188652373921	-2.47022455431938	230.0	26	1.05	0.95				
	217	1	0.0	0.0	0.0	0.0	2	1.0228643239404651	-0.6443431430068223	230.0	27	1.05	0.95				
	218	2	132.71777113263158	27.101526837894742	0.0	0.0	2	1.022702624274116	-0.9536460897799625	230.0	27	1.05	0.95				
	219	1	72.13788761263157	14.746419014736842	0.0	0.0	2	1.0149671327683225	-3.19086752665047	230.0	25	1.05	0.95				
	220	1	51.01463875368422	10.362348496842106	0.0	0.0	2	1.015670974439898	-3.0217764857801126	230.0	25	1.05	0.95				
	221	2	0.0	0.0	0.0	0.0	2	1.0248987083486327	-0.2974188931703651	230.0	27	1.05	0.95				
	222	2	0.0	0.0	0.0	0.0	2	1.0466175784028864	6.099112038526113	230.0	27	1.05	0.95				
	223	2	0.0	0.0	0.0	0.0	2	1.0165395404169983	-2.6151710443096943	230.0	25	1.05	0.95				
	224	1	0.0	0.0	0.0	0.0	2	1.0063177972814	-4.718628566068348	230.0	26	1.05	0.95				
	301	2	46.63714013052632	9.500158174736843	0.0	0.0	3	1.0082573992866963	9.133771736589408	138.0	31	1.05	0.95				
	302	2	41.88706104315789	8.636507431578949	0.0	0.0	3	1.0079688638919655	9.05581633490795	138.0	32	1.05	0.95				
	303	1	77.72856688421052	15.977538748421052	0.0	0.0	3	1.0294596075266058	13.317620006801766	138.0	31	1.05	0.95				
	304	1	31.955077496842105	6.4773805736842105	0.0	0.0	3	1.0112200929491797	10.559211466781473	138.0	31	1.05	0.95				
	305	1	30.65960138210526	6.045555202105263	0.0	0.0	3	1.0234054849012257	9.960731990553972	138.0	31	1.05	0.95				
	306	1	58.728250534736844	12.091110404210527	0.0	-100.0	3	1.0403045889952287	9.908208374676267	138.0	32	1.05	0.95				
	307	2	53.97817144736842	10.795634289473684	0.0	0.0	3	0.9840936503074402	5.303988784857423	138.0	32	1.05	0.95				
	308	1	73.84213854	15.113888005263156	0.0	0.0	3	0.9947640838875299	7.211191316497671	138.0	32	1.05	0.95				
	309	1	75.56944002631579	15.545713376842105	0.0	0.0	3	1.0274964921011078	13.55149551194802	138.0	33	1.05	0.95				
	310	1	84.20594745789474	17.273014863157897	0.0	0.0	3	1.05	12.176448873856133	138.0	33	1.05	0.95				
	311	1	0.0	0.0	0.0	0.0	3	1.0059331959845907	17.412657328969917	230.0	33	1.05	0.95				
	312	1	0.0	0.0	0.0	0.0	3	1.0125441595194427	18.047511610172805	230.0	33	1.05	0.95				
	313	2	114.43372346842105	23.31857006526316	0.0	0.0	3	1.0148427932652242	23.813240496007225	230.0	34	1.05	0.95				
	314	2	83.77412208631578	16.841189491578948	0.0	0.0	3	1.0012967628254386	16.4491567065754	230.0	36	1.05	0.95				
	315	2	136.88864279052632	27.636823781052634	0.0	0.0	3	1.0293374912822983	12.029040466729546	230.0	36	1.05	0.95				
	316	2	43.182537157894735	8.636507431578949	0.0	0.0	3	1.0283180772045746	13.01339832639747	230.0	36	1.05	0.95				
	317	1	0.0	0.0	0.0	0.0	3	1.0367843924204743	12.25870248338701	230.0	37	1.05	0.95				
	318	2	143.79784873578947	29.364125267368422	0.0	0.0	3	1.0359513141369396	10.555942321856998	230.0	37	1.05	0.95				
	319	1	78.16039225578947	15.977538748421052	0.0	0.0	3	1.0267866110014572	15.545825750592476	230.0	35	1.05	0.95				
	320	1	55.27364756210527	11.227459661052631	0.0	0.0	3	1.0256188115051643	16.975420839324922	230.0	35	1.05	0.95				
	321	2	0.0	0.0	0.0	0.0	3	1.0357391984898616	11.633647874494374	230.0	37	1.05	0.95				
	322	2	0.0	0.0	0.0	0.0	3	1.0496890017910407	16.18755207764584	230.0	37	1.05	0.95				
	323	2	0.0	0.0	0.0	0.0	3	1.0242524835369637	17.423541302355353	230.0	35	1.05	0.95				
	324	1	0.0	0.0	0.0	0.0	3	1.0276199097740526	13.724869613009833	230.0	36	1.05	0.95				
	325	1	0.0	0.0	0.0	0.0	3	1.0276208322408535	17.09596450053532	230.0	35	1.05	0.95				
];
