%% MATPOWER Case Format : Version 2
function mpc = RTS_GMLC
mpc.version = '2';

%%-----  Power Flow Data  -----%%
%% system MVA base
mpc.baseMVA = 100.0;
%% bus data
%    bus_i    type    Pd    Qd    Gs    Bs    area    Vm    Va    baseKV    zone    Vmax    Vmin
mpc.bus = [
	101	2	48.04156356631579	9.786244430175438	0.0	0.0	1	1.035038154955387	1.9730624318807404	138.0	11	1.05	0.95				
	102	2	43.148441351228065	8.896585845614036	0.0	0.0	1	1.0346322828520964	1.8414306150993596	138.0	12	1.05	0.95				
	103	1	80.06927261052631	16.458683814385964	0.0	0.0	1	1.0286553369765625	-0.44042053914007984	138.0	11	1.05	0.95				
	104	1	32.91736762877193	6.672439384210525	0.0	0.0	1	1.0218776943007464	-1.4600149837212808	138.0	11	1.05	0.95				
	105	1	31.58287975192982	6.227610091929825	0.0	0.0	1	1.0363928525146882	-1.2109594526065213	138.0	11	1.05	0.95				
	106	1	60.49678375017544	12.45522018385965	0.0	-100.0	1	1.045271834020283	-3.4486798219344243	138.0	12	1.05	0.95				
	107	2	55.60366153508771	11.120732307017542	0.0	0.0	1	1.0017964195996638	-7.983843481358447	138.0	12	1.05	0.95				
	108	1	76.06580898	15.56902522982456	0.0	0.0	1	1.0051728242343694	-7.140848669553659	138.0	12	1.05	0.95				
	109	1	77.8451261491228	16.013854522105262	0.0	0.0	1	1.0251716452149378	-2.3653804895901267	138.0	13	1.05	0.95				
	110	1	86.74171199473683	17.79317169122807	0.0	0.0	1	1.05	-3.0429395704816096	138.0	13	1.05	0.95				
	111	1	0.0	0.0	0.0	0.0	1	1.0041915619904702	-0.6196385749226762	230.0	13	1.05	0.95				
	112	1	0.0	0.0	0.0	0.0	1	1.0093344674234273	0.06476717933444467	230.0	13	1.05	0.95				
	113	3	117.87976245438597	24.020781783157894	0.0	0.0	1	0.9972732865395108	7.923912151090577e-30	230.0	14	1.05	0.95				
	114	2	86.29688270245613	17.348342398947366	0.0	0.0	1	1.000296687333456	1.05001076261824	230.0	16	1.05	0.95				
	115	2	141.01088565298247	28.469074705964907	0.0	0.0	1	1.0390955590901165	6.062767954805818	230.0	16	1.05	0.95				
	116	2	44.48292922807017	8.896585845614036	0.0	0.0	1	1.0347667243014234	5.9791625548982585	230.0	16	1.05	0.95				
	117	1	0.0	0.0	0.0	0.0	1	1.0428106899747092	7.313170684465698	230.0	17	1.05	0.95				
	118	2	148.1281543294737	30.24839187508772	0.0	0.0	1	1.0453278973634264	7.1149008514895264	230.0	17	1.05	0.95				
	119	1	80.51410190280701	16.458683814385964	0.0	0.0	1	1.0291423240522943	5.576604965771818	230.0	15	1.05	0.95				
	120	1	56.938149411929814	11.565561599298245	0.0	0.0	1	1.0272936679996612	6.088618711398018	230.0	15	1.05	0.95				
	121	2	0.0	0.0	0.0	0.0	1	1.05	7.941368771138406	230.0	17	1.05	0.95				
	122	2	0.0	0.0	0.0	0.0	1	1.05	14.20758133589635	230.0	17	1.05	0.95				
	123	2	0.0	0.0	0.0	0.0	1	1.0270278786676454	6.713625916559103	230.0	15	1.05	0.95				
	124	1	0.0	0.0	0.0	0.0	1	1.0264669416609433	3.634561191508812	230.0	16	1.05	0.95				
	201	2	48.602549974736846	9.900519439298245	0.0	0.0	2	1.0306460147374976	-5.348649000373343	138.0	21	1.05	0.95				
	202	2	43.65229025508772	9.00047221754386	0.0	0.0	2	1.0310409517524923	-5.30250786552768	138.0	22	1.05	0.95				
	203	1	81.00424995789474	16.65087360245614	0.0	0.0	2	1.0195822630314384	-5.850536508768698	138.0	21	1.05	0.95				
	204	1	33.30174720491228	6.750354163157894	0.0	0.0	2	1.0195412311073844	-7.667741288703839	138.0	21	1.05	0.95				
	205	1	31.9516763722807	6.300330552280703	0.0	0.0	2	1.03460965530862	-7.720953736362484	138.0	21	1.05	0.95				
	206	1	61.20321107929825	12.600661104561405	0.0	-100.0	2	1.0447522420583768	-9.475319895490859	138.0	22	1.05	0.95				
	207	2	56.25295135964913	11.250590271929825	0.0	0.0	2	0.9889647768326799	-16.326270385539726	138.0	22	1.05	0.95				
	208	1	76.95403746	15.750826380701755	0.0	0.0	2	0.9956936058330134	-14.283887388801269	138.0	22	1.05	0.95				
	209	1	78.75413190350878	16.20084999157895	0.0	0.0	2	1.0232708862057283	-7.769014041195876	138.0	23	1.05	0.95				
	210	1	87.75460412105264	18.00094443508772	0.0	0.0	2	1.05	-8.696151711931638	138.0	23	1.05	0.95				
	211	1	0.0	0.0	0.0	0.0	2	1.0057443281529548	-5.086655891330151	230.0	23	1.05	0.95				
	212	1	0.0	0.0	0.0	0.0	2	1.009804323584195	-4.60985293661994	230.0	23	1.05	0.95				
	213	2	119.25625688245614	24.301274987368423	0.0	0.0	2	0.9995305553958266	-4.2889142119216075	230.0	24	1.05	0.95				
	214	2	87.30458051017544	17.55092082421053	0.0	0.0	2	1.007001566091299	-2.5306773346751608	230.0	26	1.05	0.95				
	215	2	142.65748464807018	28.801511096140352	0.0	0.0	2	1.0294059205143815	3.7949853526041872	230.0	26	1.05	0.95				
	216	2	45.0023610877193	9.00047221754386	0.0	0.0	2	1.0307513981235292	3.7620681486753647	230.0	26	1.05	0.95				
	217	1	0.0	0.0	0.0	0.0	2	1.0362262970936134	6.455535960914116	230.0	27	1.05	0.95				
	218	2	149.85786242210528	30.601605539649125	0.0	0.0	2	1.0378904903400483	6.978501104409143	230.0	27	1.05	0.95				
	219	1	81.45427356877194	16.65087360245614	0.0	0.0	2	1.0302522748040708	2.779621042517148	230.0	25	1.05	0.95				
	220	1	57.603022192280704	11.70061388280702	0.0	0.0	2	1.0330263101448867	2.797717718568605	230.0	25	1.05	0.95				
	221	2	0.0	0.0	0.0	0.0	2	1.0376775423408304	6.674182120291914	230.0	27	1.05	0.95				
	222	2	0.0	0.0	0.0	0.0	2	1.05	13.088114939291032	230.0	27	1.05	0.95				
	223	2	0.0	0.0	0.0	0.0	2	1.0351919992035776	3.1478456156971646	230.0	25	1.05	0.95				
	224	1	0.0	0.0	0.0	0.0	2	1.0137882139180614	0.1811755351778736	230.0	26	1.05	0.95				
	301	2	58.97121165473684	12.012654225964912	0.0	0.0	3	1.0124923957533727	-24.217683808209948	138.0	31	1.05	0.95				
	302	2	52.96488454175439	10.920594750877195	0.0	0.0	3	1.0112335231327885	-24.488564405424334	138.0	32	1.05	0.95				
	303	1	98.28535275789474	20.203100289122805	0.0	0.0	3	1.042863188561235	-13.001739216538994	138.0	31	1.05	0.95				
	304	1	40.40620057824561	8.190446063157895	0.0	0.0	3	1.0096350588635565	-23.00759978487109	138.0	31	1.05	0.95				
	305	1	38.76811136561403	7.644416325614036	0.0	0.0	3	1.0242384289251174	-24.31039045651037	138.0	31	1.05	0.95				
	306	1	74.26004430596491	15.288832651228072	0.0	-100.0	3	1.037822831373483	-24.985209912269195	138.0	32	1.05	0.95				
	307	2	68.25371719298245	13.650743438596491	0.0	0.0	3	0.9907938910070222	-31.155568064428078	138.0	32	1.05	0.95				
	308	1	93.37108512	19.111040814035086	0.0	0.0	3	0.9930490856035485	-28.582361033942888	138.0	32	1.05	0.95				
	309	1	95.55520407017544	19.657070551578943	0.0	0.0	3	1.0264401638656404	-19.562732949581957	138.0	33	1.05	0.95				
	310	1	106.47579882105262	21.84118950175439	0.0	0.0	3	1.05	-22.650244030846437	138.0	33	1.05	0.95				
	311	1	0.0	0.0	0.0	0.0	3	1.0154926514115235	-16.156618124126616	230.0	33	1.05	0.95				
	312	1	0.0	0.0	0.0	0.0	3	1.0161089367177598	-15.656718461914881	230.0	33	1.05	0.95				
	313	2	144.6978804491228	29.48560582736842	0.0	0.0	3	1.0188913651449807	-12.882375271640969	230.0	34	1.05	0.95				
	314	2	105.92976908350877	21.295159764210528	0.0	0.0	3	1.0235243673563745	-14.057625644073044	230.0	36	1.05	0.95				
	315	2	173.09142680140351	34.94590320280702	0.0	0.0	3	1.0461128928436503	-7.903327637736737	230.0	36	1.05	0.95				
	316	2	54.602973754385964	10.920594750877195	0.0	0.0	3	1.044568957193195	-7.815453167218941	230.0	36	1.05	0.95				
	317	1	0.0	0.0	0.0	0.0	3	1.0466782808597936	-5.848577281840177	230.0	37	1.05	0.95				
	318	2	181.82790260210527	37.130022152982455	0.0	0.0	3	1.0464242016225243	-5.43459564966343	230.0	37	1.05	0.95				
	319	1	98.8313824954386	20.203100289122805	0.0	0.0	3	1.0397178133686977	-9.065009950254055	230.0	35	1.05	0.95				
	320	1	69.89180640561403	14.19677317614035	0.0	0.0	3	1.0398518334933105	-9.120696003835597	230.0	35	1.05	0.95				
	321	2	0.0	0.0	0.0	0.0	3	1.0491842447908408	-4.855157197099383	230.0	37	1.05	0.95				
	322	2	0.0	0.0	0.0	0.0	3	1.05	-0.9031339828422402	230.0	37	1.05	0.95				
	323	2	0.0	0.0	0.0	0.0	3	1.0409765670492617	-8.744630063851686	230.0	35	1.05	0.95				
	324	1	0.0	0.0	0.0	0.0	3	1.0374004385560478	-9.820420079899336	230.0	36	1.05	0.95				
	325	1	0.0	0.0	0.0	0.0	3	1.036333150375957	-7.364995239269761	230.0	35	1.05	0.95				
];
