%% MATPOWER Case Format : Version 2
function mpc = RTS_GMLC
mpc.version = '2';

%%-----  Power Flow Data  -----%%
%% system MVA base
mpc.baseMVA = 100.0;
%% bus data
%    bus_i    type    Pd    Qd    Gs    Bs    area    Vm    Va    baseKV    zone    Vmax    Vmin
mpc.bus = [
	101	2	43.3122216631579	8.822859968421053	0.0	0.0	1	1.0142824192095663	-4.083675732010836	138.0	11	1.05	0.95				
	102	2	38.900791678947364	8.020781789473686	0.0	0.0	1	1.0140724740708646	-4.301456227740651	138.0	12	1.05	0.95				
	103	1	72.18703610526316	14.838446310526315	0.0	0.0	1	1.005424886638557	-0.12755187273071225	138.0	11	1.05	0.95				
	104	1	29.67689262105263	6.015586342105263	0.0	0.0	1	1.0057878239134235	-4.325689702878767	138.0	11	1.05	0.95				
	105	1	28.47377535263158	5.61454725263158	0.0	0.0	1	1.0190123855928679	-5.3676165232544255	138.0	11	1.05	0.95				
	106	1	54.54131616842106	11.22909450526316	0.0	-100.0	1	1.0295355622773106	-6.5685095765366945	138.0	12	1.05	0.95				
	107	2	50.12988618421053	10.025977236842106	0.0	0.0	1	0.9868389675123049	-11.381706128386476	138.0	12	1.05	0.95				
	108	1	68.5776843	14.036368131578946	0.0	0.0	1	0.9891668131788935	-9.747406115666784	138.0	12	1.05	0.95				
	109	1	70.18184065789474	14.43740722105263	0.0	0.0	1	1.0055964371969859	-3.613524032559752	138.0	13	1.05	0.95				
	110	1	78.20262244736841	16.041563578947372	0.0	0.0	1	1.0332882306813878	-5.350045644428757	138.0	13	1.05	0.95				
	111	1	0.0	0.0	0.0	0.0	1	0.9851904721012805	-0.7871282387495532	230.0	13	1.05	0.95				
	112	1	0.0	0.0	0.0	0.0	1	0.9860058699698463	-1.6005745213090357	230.0	13	1.05	0.95				
	113	3	106.27535871052632	21.65611083157895	0.0	0.0	1	0.9682460571170806	1.873160230323932e-30	230.0	14	1.05	0.95				
	114	2	77.80158335789473	15.640524489473684	0.0	0.0	1	0.9941212435913247	2.3590230196251256	230.0	16	1.05	0.95				
	115	2	127.12939136315788	25.666501726315786	0.0	0.0	1	1.0027806615815413	10.967226487540257	230.0	16	1.05	0.95				
	116	2	40.103908947368424	8.020781789473686	0.0	0.0	1	0.9998245846639449	9.473894992616502	230.0	16	1.05	0.95				
	117	1	0.0	0.0	0.0	0.0	1	1.0051559503592111	15.09751314925409	230.0	17	1.05	0.95				
	118	2	133.54601679473686	27.27065808421053	0.0	0.0	1	1.014679439679836	15.503462300877441	230.0	17	1.05	0.95				
	119	1	72.58807519473685	14.838446310526315	0.0	0.0	1	0.9956579447400694	5.7725492713388755	230.0	15	1.05	0.95				
	120	1	51.33300345263157	10.42701632631579	0.0	0.0	1	0.9974982060784396	3.2534312771713996	230.0	15	1.05	0.95				
	121	2	0.0	0.0	0.0	0.0	1	1.0152960388769074	16.84072329959145	230.0	17	1.05	0.95				
	122	2	0.0	0.0	0.0	0.0	1	1.0256233073519405	34.6589783571317	230.0	17	1.05	0.95				
	123	2	0.0	0.0	0.0	0.0	1	0.999448542644585	2.197232351973459	230.0	15	1.05	0.95				
	124	1	0.0	0.0	0.0	0.0	1	0.9904064603226537	6.757810572833295	230.0	16	1.05	0.95				
	201	2	39.33763575157895	8.01322209754386	0.0	0.0	2	1.013344300839224	-14.81632488849789	138.0	21	1.05	0.95				
	202	2	35.33102470280702	7.284747361403508	0.0	0.0	2	1.0121175972587193	-15.083697644960884	138.0	22	1.05	0.95				
	203	1	65.56272625263158	13.476782618596491	0.0	0.0	2	0.9997590759716938	-10.908850788513936	138.0	21	1.05	0.95				
	204	1	26.953565237192983	5.4635605210526315	0.0	0.0	2	1.0033073934458279	-14.655497888313377	138.0	21	1.05	0.95				
	205	1	25.860853132982452	5.099323152982457	0.0	0.0	2	1.0200876572888797	-15.079423801180589	138.0	21	1.05	0.95				
	206	1	49.536282057543865	10.198646305964914	0.0	-100.0	2	1.0319147479733435	-15.7107886516857	138.0	22	1.05	0.95				
	207	2	45.52967100877193	9.105934201754385	0.0	0.0	2	0.9750297065937197	-20.05763226176625	138.0	22	1.05	0.95				
	208	1	62.284589940000004	12.748307882456139	0.0	0.0	2	0.9841639489973488	-18.41835683077863	138.0	22	1.05	0.95				
	209	1	63.7415394122807	13.112545250526313	0.0	0.0	2	1.0063549159151224	-12.74779888052599	138.0	23	1.05	0.95				
	210	1	71.0262867736842	14.569494722807017	0.0	0.0	2	1.0353307959839988	-14.145567705588713	138.0	23	1.05	0.95				
	211	1	0.0	0.0	0.0	0.0	2	0.9869550718772084	-9.900519797439637	230.0	23	1.05	0.95				
	212	1	0.0	0.0	0.0	0.0	2	0.9871243579309374	-9.09897536181288	230.0	23	1.05	0.95				
	213	2	96.52290253859648	19.668817875789475	0.0	0.0	2	0.9837930842131666	-8.481935826189677	230.0	24	1.05	0.95				
	214	2	70.66204940561404	14.205257354736842	0.0	0.0	2	0.9834220757155456	-7.437734306446125	230.0	26	1.05	0.95				
	215	2	115.46324567824561	23.311191556491227	0.0	0.0	2	0.9936259611811117	-0.780026507941884	230.0	26	1.05	0.95				
	216	2	36.42373680701754	7.284747361403508	0.0	0.0	2	0.992186320695666	-1.5880369874524716	230.0	26	1.05	0.95				
	217	1	0.0	0.0	0.0	0.0	2	1.0012357910432663	0.17472688645434772	230.0	27	1.05	0.95				
	218	2	121.29104356736842	24.768141028771932	0.0	0.0	2	1.0019819336615763	-0.16398830618454138	230.0	27	1.05	0.95				
	219	1	65.92696362070176	13.476782618596491	0.0	0.0	2	0.9895161511805048	-1.5070733098206972	230.0	25	1.05	0.95				
	220	1	46.622383112982455	9.470171569824561	0.0	0.0	2	0.9895579217801806	-0.6700097500676021	230.0	25	1.05	0.95				
	221	2	0.0	0.0	0.0	0.0	2	1.00404280709056	0.42705395015866415	230.0	27	1.05	0.95				
	222	2	0.0	0.0	0.0	0.0	2	1.0224493491457545	6.934166353138187	230.0	27	1.05	0.95				
	223	2	0.0	0.0	0.0	0.0	2	0.9901711654924433	0.09332861592370685	230.0	25	1.05	0.95				
	224	1	0.0	0.0	0.0	0.0	2	0.9838387016187465	-4.637036818103713	230.0	26	1.05	0.95				
	301	2	48.704207532631585	9.921227460350877	0.0	0.0	3	1.010230575520836	24.696969834466266	138.0	31	1.05	0.95				
	302	2	43.74359380245615	9.019297691228072	0.0	0.0	3	1.010519269208513	24.292873532085515	138.0	32	1.05	0.95				
	303	1	81.17367922105264	16.68570072877193	0.0	0.0	3	1.0290827901316437	39.18737252059916	138.0	31	1.05	0.95				
	304	1	33.37140145754386	6.764473268421053	0.0	0.0	3	0.9992483065623837	24.99873152624334	138.0	31	1.05	0.95				
	305	1	32.01850680385965	6.31350838385965	0.0	0.0	3	1.0181134763940696	23.75888123923536	138.0	31	1.05	0.95				
	306	1	61.33122430035088	12.6270167677193	0.0	-100.0	3	1.0302298133942338	22.665979231964492	138.0	32	1.05	0.95				
	307	2	56.37061057017544	11.27412211403509	0.0	0.0	3	0.9614663834096772	18.45894768838748	138.0	32	1.05	0.95				
	308	1	77.11499526	15.783770959649123	0.0	0.0	3	0.974644648742877	20.512934269131783	138.0	32	1.05	0.95				
	309	1	78.91885479824562	16.234735844210526	0.0	0.0	3	1.003877276216779	27.506971891363367	138.0	33	1.05	0.95				
	310	1	87.93815248947368	18.038595382456144	0.0	0.0	3	1.0370088069245778	24.291810042992395	138.0	33	1.05	0.95				
	311	1	0.0	0.0	0.0	0.0	3	0.9921192322217136	27.913431817230386	230.0	33	1.05	0.95				
	312	1	0.0	0.0	0.0	0.0	3	0.9993365081189218	27.499581443214634	230.0	33	1.05	0.95				
	313	2	119.50569440877194	24.352103766315793	0.0	0.0	3	0.995355933753617	28.835624556564035	230.0	34	1.05	0.95				
	314	2	87.4871876049123	17.58763049789474	0.0	0.0	3	0.9842095773639926	29.23657113515674	230.0	36	1.05	0.95				
	315	2	142.95586840596494	28.861752611929823	0.0	0.0	3	1.0060413718432437	30.182294611480604	230.0	36	1.05	0.95				
	316	2	45.09648845614036	9.019297691228072	0.0	0.0	3	0.9953123425200975	29.947965648732325	230.0	36	1.05	0.95				
	317	1	0.0	0.0	0.0	0.0	3	1.0102764200040748	33.063518863290646	230.0	37	1.05	0.95				
	318	2	150.17130655894738	30.66561215017544	0.0	0.0	3	1.004435666792519	29.185067702490297	230.0	37	1.05	0.95				
	319	1	81.62464410561404	16.68570072877193	0.0	0.0	3	0.9967277860833736	28.784303790100783	230.0	35	1.05	0.95				
	320	1	57.72350522385965	11.725086998596494	0.0	0.0	3	0.9988031062107524	27.330819476521572	230.0	35	1.05	0.95				
	321	2	0.0	0.0	0.0	0.0	3	1.0137245075794468	30.167114150852786	230.0	37	1.05	0.95				
	322	2	0.0	0.0	0.0	0.0	3	1.0302897920878964	35.537180273761436	230.0	37	1.05	0.95				
	323	2	0.0	0.0	0.0	0.0	3	1.0001886575749426	26.6495327109108	230.0	35	1.05	0.95				
	324	1	0.0	0.0	0.0	0.0	3	1.0142270799703643	35.25142963027906	230.0	36	1.05	0.95				
