%% MATPOWER Case Format : Version 2
function mpc = RTS_GMLC
mpc.version = '2';

%%-----  Power Flow Data  -----%%
%% system MVA base
mpc.baseMVA = 100.0;
%% bus data
%    bus_i    type    Pd    Qd    Gs    Bs    area    Vm    Va    baseKV    zone    Vmax    Vmin
mpc.bus = [
	101	2	61.37456703157894	12.502226617543858	0.0	0.0	1	1.0363793233907983	1.8037434165418917	138.0	11	1.05	0.95				
	102	2	55.123453722807014	11.365660561403509	0.0	0.0	1	1.0364046262069553	1.7716143559292796	138.0	12	1.05	0.95				
	103	1	102.29094505263157	21.026472038596488	0.0	0.0	1	1.025700285889243	-0.2423966653038768	138.0	11	1.05	0.95				
	104	1	42.052944077192976	8.52424542105263	0.0	0.0	1	1.0205728943370245	-1.617848752568857	138.0	11	1.05	0.95				
	105	1	40.34809499298245	7.955962392982456	0.0	0.0	1	1.0354225804965678	-1.4698650182207451	138.0	11	1.05	0.95				
	106	1	77.28649181754386	15.911924785964912	0.0	-100.0	1	1.0421391113663545	-3.830267216832936	138.0	12	1.05	0.95				
	107	2	71.03537850877193	14.207075701754384	0.0	0.0	1	1.0308013144401456	-1.7538698798817394	138.0	12	1.05	0.95				
	108	1	97.17639779999999	19.88990598245614	0.0	0.0	1	1.0195744916511893	-3.880858925984491	138.0	12	1.05	0.95				
	109	1	99.44952991228068	20.45818901052631	0.0	0.0	1	1.0256629772726222	-2.1052646244004753	138.0	13	1.05	0.95				
	110	1	110.8151904736842	22.731321122807017	0.0	0.0	1	1.05	-3.01026470515634	138.0	13	1.05	0.95				
	111	1	0.0	0.0	0.0	0.0	1	1.0071170693420897	-0.3871796589801411	230.0	13	1.05	0.95				
	112	1	0.0	0.0	0.0	0.0	1	1.0112598158472768	0.22636549733326564	230.0	13	1.05	0.95				
	113	3	150.59500243859648	30.68728351578947	0.0	0.0	1	1.0010212581675622	2.24778465143159e-31	230.0	14	1.05	0.95				
	114	2	110.24690744561403	22.16303809473684	0.0	0.0	1	1.0055039298883843	1.5487366101478643	230.0	16	1.05	0.95				
	115	2	180.1457198982456	36.370113796491225	0.0	0.0	1	1.0412122783485696	7.987743099057809	230.0	16	1.05	0.95				
	116	2	56.828302807017536	11.365660561403509	0.0	0.0	1	1.0375566557970965	7.64715852972377	230.0	16	1.05	0.95				
	117	1	0.0	0.0	0.0	0.0	1	1.0448933693523481	10.065903987785184	230.0	17	1.05	0.95				
	118	2	189.2382483473684	38.64324590877193	0.0	0.0	1	1.0479480740742364	10.45328215487711	230.0	17	1.05	0.95				
	119	1	102.85922808070175	21.026472038596488	0.0	0.0	1	1.030759160641826	6.5513296072683405	230.0	15	1.05	0.95				
	120	1	72.74022759298245	14.77535872982456	0.0	0.0	1	1.0294708519525564	6.687775475840082	230.0	15	1.05	0.95				
	121	2	0.0	0.0	0.0	0.0	1	1.05	10.653467697083354	230.0	17	1.05	0.95				
	122	2	0.0	0.0	0.0	0.0	1	1.05	16.93398410329006	230.0	17	1.05	0.95				
	123	2	0.0	0.0	0.0	0.0	1	1.0299961605586192	7.194888065322855	230.0	15	1.05	0.95				
	124	1	0.0	0.0	0.0	0.0	1	1.0249176551772343	4.925556802872428	230.0	16	1.05	0.95				
	201	2	54.535495035789474	11.10908232210526	0.0	0.0	2	1.0326974754719798	-5.039650170179193	138.0	21	1.05	0.95				
	202	2	48.980953874736834	10.09916574736842	0.0	0.0	2	1.0328407050791795	-5.087010408591681	138.0	22	1.05	0.95				
	203	1	90.89249172631577	18.683456632631575	0.0	0.0	2	1.0256545094644478	-4.371008593555252	138.0	21	1.05	0.95				
	204	1	37.36691326526315	7.574374310526315	0.0	0.0	2	1.0197101126752293	-7.585880384669917	138.0	21	1.05	0.95				
	205	1	35.852038403157884	7.069416023157895	0.0	0.0	2	1.0347608180682326	-7.726592602233189	138.0	21	1.05	0.95				
	206	1	68.67432708210526	14.13883204631579	0.0	-100.0	2	1.043480038644295	-9.718209204856606	138.0	22	1.05	0.95				
	207	2	63.11978592105262	12.623957184210525	0.0	0.0	2	0.9874851688085314	-17.413884139898197	138.0	22	1.05	0.95				
	208	1	86.34786713999998	17.673540057894733	0.0	0.0	2	0.992616239910954	-15.07289483760975	138.0	22	1.05	0.95				
	209	1	88.36770028947367	18.178498345263154	0.0	0.0	2	1.0241017741928822	-7.581287936609437	138.0	23	1.05	0.95				
	210	1	98.46686603684208	20.19833149473684	0.0	0.0	2	1.05	-8.855182487517766	138.0	23	1.05	0.95				
	211	1	0.0	0.0	0.0	0.0	2	1.0088851965517986	-4.956354023656027	230.0	23	1.05	0.95				
	212	1	0.0	0.0	0.0	0.0	2	1.012303816675855	-4.278868123042237	230.0	23	1.05	0.95				
	213	2	133.81394615263156	27.267747517894737	0.0	0.0	2	1.0046233088373964	-4.021458259059741	230.0	24	1.05	0.95				
	214	2	97.96190774947367	19.693373207368417	0.0	0.0	2	1.0115448093509165	-2.429731705955962	230.0	26	1.05	0.95				
	215	2	160.07177709578943	32.31733039157894	0.0	0.0	2	1.03245409374574	4.154080327037226	230.0	26	1.05	0.95				
	216	2	50.4958287368421	10.09916574736842	0.0	0.0	2	1.0343254523701482	4.168426539910948	230.0	26	1.05	0.95				
	217	1	0.0	0.0	0.0	0.0	2	1.0390358056369802	6.913711892249796	230.0	27	1.05	0.95				
	218	2	168.1511096936842	34.33716354105263	0.0	0.0	2	1.0406678882457703	7.465090363018698	230.0	27	1.05	0.95				
	219	1	91.3974500136842	18.683456632631575	0.0	0.0	2	1.0345202477327247	3.4043910594517266	230.0	25	1.05	0.95				
	220	1	64.63466078315788	13.128915471578944	0.0	0.0	2	1.0384446260371154	3.7085418886823582	230.0	25	1.05	0.95				
	221	2	0.0	0.0	0.0	0.0	2	1.0402179407944303	7.1153085138070296	230.0	27	1.05	0.95				
	222	2	0.0	0.0	0.0	0.0	2	1.05	13.538629080735825	230.0	27	1.05	0.95				
	223	2	0.0	0.0	0.0	0.0	2	1.041545320640541	4.250857996412007	230.0	25	1.05	0.95				
	224	1	0.0	0.0	0.0	0.0	2	1.0191986087805618	0.951716989016725	230.0	26	1.05	0.95				
	301	2	63.01993039578948	12.837393228771928	0.0	0.0	3	1.0113635468113176	-24.88980986284166	138.0	31	1.05	0.95				
	302	2	56.6012337814035	11.670357480701753	0.0	0.0	3	1.01024283471374	-25.1339478360028	138.0	32	1.05	0.95				
	303	1	105.03321732631579	21.590161339298245	0.0	0.0	3	1.0396568482352737	-13.985975561574515	138.0	31	1.05	0.95				
	304	1	43.18032267859649	8.752768110526315	0.0	0.0	3	1.0091505681304505	-23.256288838724934	138.0	31	1.05	0.95				
	305	1	41.429769056491224	8.169250236491228	0.0	0.0	3	1.0230504705563106	-24.80593868888754	138.0	31	1.05	0.95				
	306	1	79.35843086877193	16.338500472982457	0.0	-100.0	3	1.0364560038941302	-25.40972817738136	138.0	32	1.05	0.95				
	307	2	72.93973425438595	14.587946850877193	0.0	0.0	3	0.9922926335356604	-31.17372145663506	138.0	32	1.05	0.95				
	308	1	99.78155646	20.423125591228068	0.0	0.0	3	0.9931359826864483	-28.71037293181546	138.0	32	1.05	0.95				
	309	1	102.11562795614036	21.006643465263156	0.0	0.0	3	1.0284068377554128	-19.347321463854243	138.0	33	1.05	0.95				
	310	1	113.78598543684211	23.340714961403506	0.0	0.0	3	1.05	-22.848881692643698	138.0	33	1.05	0.95				
	311	1	0.0	0.0	0.0	0.0	3	1.0178606844221927	-15.934339662925991	230.0	33	1.05	0.95				
	312	1	0.0	0.0	0.0	0.0	3	1.0181424151236411	-15.387677568650268	230.0	33	1.05	0.95				
	313	2	154.63223661929823	31.50996519789474	0.0	0.0	3	1.0226650396295784	-12.62733054059175	230.0	34	1.05	0.95				
	314	2	113.202467562807	22.75719708736842	0.0	0.0	3	1.0270418342905228	-13.674107195001797	230.0	36	1.05	0.95				
	315	2	184.9751660691228	37.34514393824561	0.0	0.0	3	1.047502750602067	-7.070279469988015	230.0	36	1.05	0.95				
	316	2	58.35178740350877	11.670357480701753	0.0	0.0	3	1.0468651400400595	-6.977231007950485	230.0	36	1.05	0.95				
	317	1	0.0	0.0	0.0	0.0	3	1.0480649768266925	-4.664022937518397	230.0	37	1.05	0.95				
	318	2	194.3114520536842	39.679215434385966	0.0	0.0	3	1.0480136633529038	-4.2386852159164965	230.0	37	1.05	0.95				
	319	1	105.61673520035089	21.590161339298245	0.0	0.0	3	1.0426750792625343	-8.28384976780939	230.0	35	1.05	0.95				
	320	1	74.69028787649123	15.171464724912282	0.0	0.0	3	1.0438137118884436	-8.324479323129047	230.0	35	1.05	0.95				
	321	2	0.0	0.0	0.0	0.0	3	1.05	-3.5578289186943604	230.0	37	1.05	0.95				
	322	2	0.0	0.0	0.0	0.0	3	1.05	1.6140143783633403	230.0	37	1.05	0.95				
	323	2	0.0	0.0	0.0	0.0	3	1.0456538718861959	-7.916763546358147	230.0	35	1.05	0.95				
	324	1	0.0	0.0	0.0	0.0	3	1.035379928306938	-9.662067285421264	230.0	36	1.05	0.95				
	325	1	0.0	0.0	0.0	0.0	3	1.0394972966676015	-6.397025731025927	230.0	35	1.05	0.95				
];
