%% MATPOWER Case Format : Version 2
function mpc = RTS_GMLC
mpc.version = '2';

%%-----  Power Flow Data  -----%%
%% system MVA base
mpc.baseMVA = 100.0;
%% bus data
%    bus_i    type    Pd    Qd    Gs    Bs    area    Vm    Va    baseKV    zone    Vmax    Vmin
mpc.bus = [
	101	2	50.67342898105264	10.322365162807017	0.0	0.0	1	1.0346747679321018	0.511144741825911	138.0	11	1.05	0.95				
	102	2	45.51224639964912	9.383968329824562	0.0	0.0	1	1.0337811452101628	0.2147705427493175	138.0	12	1.05	0.95				
	103	1	84.45571496842106	17.36034141017544	0.0	0.0	1	1.0272701706197884	0.578231177218959	138.0	11	1.05	0.95				
	104	1	34.72068282035088	7.03797624736842	0.0	0.0	1	1.0206201953434981	-2.5390750090965963	138.0	11	1.05	0.95				
	105	1	33.313087570877194	6.5687778308771945	0.0	0.0	1	1.036034249414976	-2.4867943617508645	138.0	11	1.05	0.95				
	106	1	63.81098464280702	13.137555661754389	0.0	-100.0	1	1.044585134169604	-4.681590761306655	138.0	12	1.05	0.95				
	107	2	58.64980206140351	11.729960412280702	0.0	0.0	1	0.9993907012673313	-12.248022998800343	138.0	12	1.05	0.95				
	108	1	80.23292921999999	16.42194457719298	0.0	0.0	1	1.000888952999952	-9.975818197221471	138.0	12	1.05	0.95				
	109	1	82.10972288596491	16.89114299368421	0.0	0.0	1	1.0239152647027174	-2.8916451984566836	138.0	13	1.05	0.95				
	110	1	91.49369121578947	18.767936659649123	0.0	0.0	1	1.05	-4.051282276558936	138.0	13	1.05	0.95				
	111	1	0.0	0.0	0.0	0.0	1	1.0051617543144775	-0.319468216660895	230.0	13	1.05	0.95				
	112	1	0.0	0.0	0.0	0.0	1	1.0097250696177626	-0.5390951177611772	230.0	13	1.05	0.95				
	113	3	124.33758037017543	25.33671449052632	0.0	0.0	1	1.0012616224815982	2.4480339661827047e-28	230.0	14	1.05	0.95				
	114	2	91.02449279929824	18.298738243157896	0.0	0.0	1	1.0037979385372828	2.6743370223327343	230.0	16	1.05	0.95				
	115	2	148.7358980277193	30.028698655438596	0.0	0.0	1	1.0377035291577286	10.67306844084124	230.0	16	1.05	0.95				
	116	2	46.91984164912281	9.383968329824562	0.0	0.0	1	1.0334692109883188	9.63568666759035	230.0	16	1.05	0.95				
	117	1	0.0	0.0	0.0	0.0	1	1.0398019538980532	13.339495062197834	230.0	17	1.05	0.95				
	118	2	156.24307269157896	31.90549232140351	0.0	0.0	1	1.045689787177748	13.45130782317045	230.0	17	1.05	0.95				
	119	1	84.92491338491229	17.36034141017544	0.0	0.0	1	1.0252054253639593	7.047331631590448	230.0	15	1.05	0.95				
	120	1	60.05739731087719	12.19915882877193	0.0	0.0	1	1.0226966962430908	5.693129554648086	230.0	15	1.05	0.95				
	121	2	0.0	0.0	0.0	0.0	1	1.05	14.644163598763836	230.0	17	1.05	0.95				
	122	2	0.0	0.0	0.0	0.0	1	1.05	27.455759477534496	230.0	17	1.05	0.95				
	123	2	0.0	0.0	0.0	0.0	1	1.022088329487252	5.309013678851211	230.0	15	1.05	0.95				
	124	1	0.0	0.0	0.0	0.0	1	1.021226543489261	6.8921707536997046	230.0	16	1.05	0.95				
	201	2	51.49252322526316	10.489217694035089	0.0	0.0	2	1.024388744068983	-14.511476141008483	138.0	21	1.05	0.95				
	202	2	46.24791437824562	9.535652449122809	0.0	0.0	2	1.02545886754648	-14.341302523469539	138.0	22	1.05	0.95				
	203	1	85.82087204210526	17.640957030877193	0.0	0.0	2	1.0149555502590986	-12.716133995407342	138.0	21	1.05	0.95				
	204	1	35.281914061754385	7.151739336842105	0.0	0.0	2	1.0162899170113366	-15.935134595139962	138.0	21	1.05	0.95				
	205	1	33.85156619438597	6.674956714385965	0.0	0.0	2	1.0312854680964765	-16.310003747028954	138.0	21	1.05	0.95				
	206	1	64.8424366540351	13.34991342877193	0.0	-100.0	2	1.0429045550577478	-17.741591856092693	138.0	22	1.05	0.95				
	207	2	59.597827807017545	11.919565561403509	0.0	0.0	2	0.9908459584632324	-24.60531710512304	138.0	22	1.05	0.95				
	208	1	81.52982844	16.687391785964913	0.0	0.0	2	0.9954635821665045	-22.406340276425414	138.0	22	1.05	0.95				
	209	1	83.43695892982457	17.164174408421054	0.0	0.0	2	1.0225941524476603	-15.279643779827754	138.0	23	1.05	0.95				
	210	1	92.97261137894738	19.071304898245618	0.0	0.0	2	1.05	-16.603008623937292	138.0	23	1.05	0.95				
	211	1	0.0	0.0	0.0	0.0	2	1.0078551441478991	-12.35728377333169	230.0	23	1.05	0.95				
	212	1	0.0	0.0	0.0	0.0	2	1.011647909848548	-11.616991403832923	230.0	23	1.05	0.95				
	213	2	126.34739495087719	25.74626161263158	0.0	0.0	2	1.0075111520642241	-11.207994557167034	230.0	24	1.05	0.95				
	214	2	92.49582875649124	18.594522275789476	0.0	0.0	2	1.0078691811553309	-9.68969438835483	230.0	26	1.05	0.95				
	215	2	151.1400913185965	30.51408783719299	0.0	0.0	2	1.023036459206909	-2.6012870573152993	230.0	26	1.05	0.95				
	216	2	47.678262245614036	9.535652449122809	0.0	0.0	2	1.024807286991381	-3.0038711990768934	230.0	26	1.05	0.95				
	217	1	0.0	0.0	0.0	0.0	2	1.0279067888127906	-0.7206494540461996	230.0	27	1.05	0.95				
	218	2	158.76861327789476	32.42121832701755	0.0	0.0	2	1.027158478582884	-1.4601243706913014	230.0	27	1.05	0.95				
	219	1	86.29765466456142	17.640957030877193	0.0	0.0	2	1.0279017860037147	-3.5512415834100737	230.0	25	1.05	0.95				
	220	1	61.02817567438598	12.39634818385965	0.0	0.0	2	1.0340303042435275	-3.0998941717178226	230.0	25	1.05	0.95				
	221	2	0.0	0.0	0.0	0.0	2	1.02924733810297	-1.025692203941355	230.0	27	1.05	0.95				
	222	2	0.0	0.0	0.0	0.0	2	1.0499999909617477	5.585243690496917	230.0	27	1.05	0.95				
	223	2	0.0	0.0	0.0	0.0	2	1.0382674036079615	-2.4964891118781813	230.0	25	1.05	0.95				
	224	1	0.0	0.0	0.0	0.0	2	1.0075930263496264	-6.398160533221348	230.0	26	1.05	0.95				
	301	2	55.05915850105263	11.215754509473683	0.0	0.0	3	1.0385628131545763	-7.043363426306483	138.0	31	1.05	0.95				
	302	2	49.45128124631579	10.196140463157894	0.0	0.0	3	1.0336590962232735	-7.378841670681879	138.0	32	1.05	0.95				
	303	1	91.76526416842106	18.862859856842103	0.0	0.0	3	1.05	8.562867112251078	138.0	31	1.05	0.95				
	304	1	37.72571971368421	7.64710534736842	0.0	0.0	3	1.0131390473398174	-5.9634316406523755	138.0	31	1.05	0.95				
	305	1	36.19629864421052	7.137298324210526	0.0	0.0	3	1.0346243774427377	-8.022101413896877	138.0	31	1.05	0.95				
	306	1	69.33375514947369	14.274596648421053	0.0	-100.0	3	1.0386288438395466	-9.174122438116335	138.0	32	1.05	0.95				
	307	2	63.72587789473684	12.745175578947368	0.0	0.0	3	0.95	-6.162711463314221	138.0	32	1.05	0.95				
	308	1	87.17700096	17.843245810526316	0.0	0.0	3	0.9693155159470953	-7.443233636403025	138.0	32	1.05	0.95				
	309	1	89.21622905263158	18.35305283368421	0.0	0.0	3	1.0129145376736888	-2.6559331170641354	138.0	33	1.05	0.95				
	310	1	99.41236951578946	20.392280926315788	0.0	0.0	3	1.0426974647278284	-7.396149393741785	138.0	33	1.05	0.95				
	311	1	0.0	0.0	0.0	0.0	3	1.0004127466449562	-3.722327788962968	230.0	33	1.05	0.95				
	312	1	0.0	0.0	0.0	0.0	3	1.0039522290913854	-2.5625230700468156	230.0	33	1.05	0.95				
	313	2	135.09886113684212	27.529579250526314	0.0	0.0	3	1.0002790944722226	-0.8577168436579735	230.0	34	1.05	0.95				
	314	2	98.90256249263157	19.882473903157898	0.0	0.0	3	0.9965678073513409	-4.817949029942835	230.0	36	1.05	0.95				
	315	2	161.60882634105263	32.62764948210526	0.0	0.0	3	1.0482748339557098	-2.829742445922372	230.0	36	1.05	0.95				
	316	2	50.98070231578947	10.196140463157894	0.0	0.0	3	1.0340838583032683	-3.2367855153530956	230.0	36	1.05	0.95				
	317	1	0.0	0.0	0.0	0.0	3	1.0450414629290967	-1.6439724102383966	230.0	37	1.05	0.95				
	318	2	169.76573871157893	34.666877574736844	0.0	0.0	3	1.0461206239432186	-2.462326312096457	230.0	37	1.05	0.95				
	319	1	92.27507119157895	18.862859856842103	0.0	0.0	3	1.0203465511616117	-2.7427785718055597	230.0	35	1.05	0.95				
	320	1	65.25529896421052	13.254982602105263	0.0	0.0	3	1.012489093644173	-1.2949143648135968	230.0	35	1.05	0.95				
	321	2	0.0	0.0	0.0	0.0	3	1.05	-2.0516779200913744	230.0	37	1.05	0.95				
	322	2	0.0	0.0	0.0	0.0	3	1.05	2.449596318656603	230.0	37	1.05	0.95				
	323	2	0.0	0.0	0.0	0.0	3	1.0096950526300084	-0.08415390649980631	230.0	35	1.05	0.95				
	324	1	0.0	0.0	0.0	0.0	3	1.0453311283632767	1.5234285758806483	230.0	36	1.05	0.95				
	325	1	0.0	0.0	0.0	0.0	3	1.0087421399344614	1.1907361847832592	230.0	35	1.05	0.95				
];
