%% MATPOWER Case Format : Version 2
function mpc = RTS_GMLC
mpc.version = '2';

%%-----  Power Flow Data  -----%%
%% system MVA base
mpc.baseMVA = 100.0;
%% bus data
%    bus_i    type    Pd    Qd    Gs    Bs    area    Vm    Va    baseKV    zone    Vmax    Vmin
mpc.bus = [
	101	2	45.730331507368426	9.315437899649122	0.0	0.0	1	1.0429151714059792	2.008038754720656	138.0	11	1.05	0.95				
	102	2	41.07261255754386	8.46857990877193	0.0	0.0	1	1.0403319974647793	1.3403462544032587	138.0	12	1.05	0.95				
	103	1	76.21721917894737	15.666872831228071	0.0	0.0	1	1.029805984335903	-0.37210759015040973	138.0	11	1.05	0.95				
	104	1	31.333745662456142	6.351434931578948	0.0	0.0	1	1.0274796821949599	-1.318114585826611	138.0	11	1.05	0.95				
	105	1	30.063458676140353	5.9280059361403525	0.0	0.0	1	1.0404035521123731	-1.5027594070322263	138.0	11	1.05	0.95				
	106	1	57.58634337964913	11.856011872280705	0.0	-100.0	1	1.0471960895123045	-4.041806811753779	138.0	12	1.05	0.95				
	107	2	52.928624429824566	10.585724885964913	0.0	0.0	1	1.0015373170593607	-9.394306920272498	138.0	12	1.05	0.95				
	108	1	72.40635822	14.82001484035088	0.0	0.0	1	1.0051570006192403	-8.151622606824954	138.0	12	1.05	0.95				
	109	1	74.1000742017544	15.243443835789474	0.0	0.0	1	1.0244050609855035	-2.926337405491515	138.0	13	1.05	0.95				
	110	1	82.56865411052632	16.93715981754386	0.0	0.0	1	1.05	-3.7666824271373645	138.0	13	1.05	0.95				
	111	1	0.0	0.0	0.0	0.0	1	1.0017331548979855	-1.3276611238103437	230.0	13	1.05	0.95				
	112	1	0.0	0.0	0.0	0.0	1	1.0064028198872208	-1.3809184873039577	230.0	13	1.05	0.95				
	113	3	112.20868379122808	22.865165753684213	0.0	0.0	1	0.9944541303160579	1.0749771638392286e-28	230.0	14	1.05	0.95				
	114	2	82.14522511508773	16.513730822105266	0.0	0.0	1	0.9959059931757857	-0.3217218952286429	230.0	16	1.05	0.95				
	115	2	134.2269915540351	27.09945570807018	0.0	0.0	1	1.0293375116410897	4.490562490972965	230.0	16	1.05	0.95				
	116	2	42.34289954385965	8.46857990877193	0.0	0.0	1	1.024503306273805	3.6178863933682783	230.0	16	1.05	0.95				
	117	1	0.0	0.0	0.0	0.0	1	1.0336633472193975	6.548670234915701	230.0	17	1.05	0.95				
	118	2	141.00185548105264	28.793171689824565	0.0	0.0	1	1.0368165115206935	7.094211085646774	230.0	17	1.05	0.95				
	119	1	76.64064817438597	15.666872831228071	0.0	0.0	1	1.0152701438702778	1.8764517453908383	230.0	15	1.05	0.95				
	120	1	54.19891141614036	11.00915388140351	0.0	0.0	1	1.010068281572093	0.8821742669519901	230.0	15	1.05	0.95				
	121	2	0.0	0.0	0.0	0.0	1	1.039840752494919	8.386949739658583	230.0	17	1.05	0.95				
	122	2	0.0	0.0	0.0	0.0	1	1.05	14.171378769656766	230.0	17	1.05	0.95				
	123	2	0.0	0.0	0.0	0.0	1	1.0077564944234239	0.6696672022518061	230.0	15	1.05	0.95				
	124	1	0.0	0.0	0.0	0.0	1	1.0223429358083236	2.6534176422026974	230.0	16	1.05	0.95				
	201	2	42.17660946947368	8.591531558596492	0.0	0.0	2	1.0160062334714914	-10.405280169271842	138.0	21	1.05	0.95				
	202	2	37.88084369017543	7.810483235087719	0.0	0.0	2	1.01515430611293	-10.645358328635497	138.0	22	1.05	0.95				
	203	1	70.29434911578947	14.449393984912279	0.0	0.0	2	1.0148600665710383	-7.832421325965532	138.0	21	1.05	0.95				
	204	1	28.898787969824557	5.857862426315789	0.0	0.0	2	1.0135224431822927	-10.137161254498523	138.0	21	1.05	0.95				
	205	1	27.727215484561402	5.467338264561404	0.0	0.0	2	1.0282884692631458	-10.448864352290624	138.0	21	1.05	0.95				
	206	1	53.11128599859649	10.934676529122807	0.0	-100.0	2	1.0433208235600369	-10.969374169398868	138.0	22	1.05	0.95				
	207	2	48.81552021929824	9.763104043859649	0.0	0.0	2	0.9986071071283583	-15.649515338079407	138.0	22	1.05	0.95				
	208	1	66.77963165999999	13.668345661403505	0.0	0.0	2	1.0037167561032676	-13.899454860661924	138.0	22	1.05	0.95				
	209	1	68.34172830701753	14.058869823157893	0.0	0.0	2	1.0233037343023201	-8.103465344650308	138.0	23	1.05	0.95				
	210	1	76.15221154210525	15.620966470175437	0.0	0.0	2	1.05	-9.23570250475016	138.0	23	1.05	0.95				
	211	1	0.0	0.0	0.0	0.0	2	1.0019718921096918	-5.862384787314846	230.0	23	1.05	0.95				
	212	1	0.0	0.0	0.0	0.0	2	1.0078912751843254	-2.4335718732395475	230.0	23	1.05	0.95				
	213	2	103.48890286491226	21.08830473473684	0.0	0.0	2	0.9949974348982795	-4.1970525315346565	230.0	24	1.05	0.95				
	214	2	75.76168738035086	15.230442308421052	0.0	0.0	2	0.9989530721946679	-4.358248017012843	230.0	26	1.05	0.95				
	215	2	123.79615927614034	24.9935463522807	0.0	0.0	2	1.0160745797913349	0.7399922752478214	230.0	26	1.05	0.95				
	216	2	39.052416175438594	7.810483235087719	0.0	0.0	2	1.014783697122235	0.17709817036062306	230.0	26	1.05	0.95				
	217	1	0.0	0.0	0.0	0.0	2	1.0198182630533281	1.2404850820918463	230.0	27	1.05	0.95				
	218	2	130.04454586421053	26.555642999298247	0.0	0.0	2	1.0195982241931925	1.006119148893211	230.0	27	1.05	0.95				
	219	1	70.68487327754386	14.449393984912279	0.0	0.0	2	1.0120143146289746	-0.4675724837034745	230.0	25	1.05	0.95				
	220	1	49.9870927045614	10.153628205614035	0.0	0.0	2	1.0121502994428209	-0.24396640929588034	230.0	25	1.05	0.95				
	221	2	0.0	0.0	0.0	0.0	2	1.0219452781218443	1.7162254810269022	230.0	27	1.05	0.95				
	222	2	0.0	0.0	0.0	0.0	2	1.0436119816816247	8.100666465138252	230.0	27	1.05	0.95				
	223	2	0.0	0.0	0.0	0.0	2	1.0126907134383254	0.18899051262270614	230.0	25	1.05	0.95				
	224	1	0.0	0.0	0.0	0.0	2	1.0050326292689487	-2.499285319808586	230.0	26	1.05	0.95				
	301	2	58.2878835663158	11.873457763508773	0.0	0.0	3	1.0079867871820596	-8.62512794629016	138.0	31	1.05	0.95				
	302	2	52.35115468456141	10.794052512280704	0.0	0.0	3	1.0074121353418557	-8.768215722513958	138.0	32	1.05	0.95				
	303	1	97.14647261052633	19.9689971477193	0.0	0.0	3	1.0254779559807619	-2.3229010818925855	138.0	31	1.05	0.95				
	304	1	39.9379942954386	8.095539384210527	0.0	0.0	3	1.00720758188539	-7.226729432051516	138.0	31	1.05	0.95				
	305	1	38.31888641859649	7.555836758596493	0.0	0.0	3	1.0215045218097287	-7.567873929971192	138.0	31	1.05	0.95				
	306	1	73.39955708350878	15.111673517192987	0.0	-100.0	3	1.0369123820020858	-7.596432042150405	138.0	32	1.05	0.95				
	307	2	67.4628282017544	13.492565640350879	0.0	0.0	3	0.9942773016445207	-13.393278752267928	138.0	32	1.05	0.95				
	308	1	92.28914898000001	18.88959189649123	0.0	0.0	3	0.9973928583914724	-10.88380658003857	138.0	32	1.05	0.95				
	309	1	94.44795948245614	19.429294522105263	0.0	0.0	3	1.0250348366694444	-3.7533103875741847	138.0	33	1.05	0.95				
	310	1	105.24201199473686	21.588105024561408	0.0	0.0	3	1.05	-4.778648115568636	138.0	33	1.05	0.95				
	311	1	0.0	0.0	0.0	0.0	3	1.0097576435169844	0.8873417006030023	230.0	33	1.05	0.95				
	312	1	0.0	0.0	0.0	0.0	3	1.0129763984515956	1.4695370064760507	230.0	33	1.05	0.95				
	313	2	143.0211957877193	29.1439417831579	0.0	0.0	3	1.0157179884223162	5.2013619465099765	230.0	34	1.05	0.95				
	314	2	104.70230936912282	21.04840239894737	0.0	0.0	3	1.0115588418324206	2.318935709006588	230.0	36	1.05	0.95				
	315	2	171.08573231964914	34.54096803929825	0.0	0.0	3	1.0279141066324269	2.2604186991449295	230.0	36	1.05	0.95				
	316	2	53.970262561403516	10.794052512280704	0.0	0.0	3	1.0266919150149312	2.8380188255597867	230.0	36	1.05	0.95				
	317	1	0.0	0.0	0.0	0.0	3	1.0347824280934907	5.062309536154907	230.0	37	1.05	0.95				
	318	2	179.7209743294737	36.69977854175439	0.0	0.0	3	1.030929178637328	3.4732216403760225	230.0	37	1.05	0.95				
	319	1	97.68617523614036	19.9689971477193	0.0	0.0	3	1.0245696877649162	3.7864157076500446	230.0	35	1.05	0.95				
	320	1	69.0819360785965	14.032268265964914	0.0	0.0	3	1.0232017527949153	4.031283523402541	230.0	35	1.05	0.95				
	321	2	0.0	0.0	0.0	0.0	3	1.0322264984892149	3.664457195775755	230.0	37	1.05	0.95				
	322	2	0.0	0.0	0.0	0.0	3	1.0468240685623014	8.546386218929952	230.0	37	1.05	0.95				
	323	2	0.0	0.0	0.0	0.0	3	1.022791773181859	4.2674865072558115	230.0	35	1.05	0.95				
	324	1	0.0	0.0	0.0	0.0	3	1.0225778269348147	2.406865578674068	230.0	36	1.05	0.95				
	325	1	0.0	0.0	0.0	0.0	3	1.024164034127806	4.625240903077933	230.0	35	1.05	0.95				
];
