%% MATPOWER Case Format : Version 2
function mpc = RTS_GMLC
mpc.version = '2';

%%-----  Power Flow Data  -----%%
%% system MVA base
mpc.baseMVA = 100.0;
%% bus data
%    bus_i    type    Pd    Qd    Gs    Bs    area    Vm    Va    baseKV    zone    Vmax    Vmin
mpc.bus = [
	101	2	48.121721924210526	9.802572984561403	0.0	0.0	1	1.032213507097093	0.7440132453568892	138.0	11	1.05	0.95				
	102	2	43.22043543192982	8.911429985964912	0.0	0.0	1	1.0312553647820357	0.4615693527828291	138.0	12	1.05	0.95				
	103	1	80.20286987368421	16.486145474035084	0.0	0.0	1	1.029479733224547	0.17658234893511274	138.0	11	1.05	0.95				
	104	1	32.97229094807017	6.683572489473684	0.0	0.0	1	1.0203493486164132	-2.384287118258767	138.0	11	1.05	0.95				
	105	1	31.635576450175435	6.238000990175439	0.0	0.0	1	1.0350679684091035	-2.2724547931040746	138.0	11	1.05	0.95				
	106	1	60.597723904561406	12.476001980350878	0.0	-100.0	1	1.0446098281856575	-4.4532384991352	138.0	12	1.05	0.95				
	107	2	55.696437412280694	11.13928748245614	0.0	0.0	1	0.999655252457814	-10.629039817220438	138.0	12	1.05	0.95				
	108	1	76.19272637999998	15.595002475438594	0.0	0.0	1	1.0028839608066	-8.951860045868226	138.0	12	1.05	0.95				
	109	1	77.97501237719298	16.04057397473684	0.0	0.0	1	1.0247585573712994	-2.900633489749449	138.0	13	1.05	0.95				
	110	1	86.88644236315788	17.822859971929823	0.0	0.0	1	1.05	-3.921220278109071	138.0	13	1.05	0.95				
	111	1	0.0	0.0	0.0	0.0	1	1.005532120882596	-0.5708754920655205	230.0	13	1.05	0.95				
	112	1	0.0	0.0	0.0	0.0	1	1.0093428418395531	-0.8908347946111617	230.0	13	1.05	0.95				
	113	3	118.07644731403508	24.060860962105263	0.0	0.0	1	0.9984883288109393	7.67840848275912e-31	230.0	14	1.05	0.95				
	114	2	86.44087086385964	17.377288472631577	0.0	0.0	1	1.0056550510195057	1.8868095068922959	230.0	16	1.05	0.95				
	115	2	141.24616527754384	28.51657595508772	0.0	0.0	1	1.0416912826162918	9.123826468009346	230.0	16	1.05	0.95				
	116	2	44.55714992982456	8.911429985964912	0.0	0.0	1	1.0362800344851761	7.941262610392849	230.0	16	1.05	0.95				
	117	1	0.0	0.0	0.0	0.0	1	1.0415258717945934	12.403135296099594	230.0	17	1.05	0.95				
	118	2	148.37530926631578	30.298861952280703	0.0	0.0	1	1.0482490593867406	12.82776345939278	230.0	17	1.05	0.95				
	119	1	80.64844137298245	16.486145474035084	0.0	0.0	1	1.0259947752738245	5.279142435678868	230.0	15	1.05	0.95				
	120	1	57.03315191017544	11.584858981754385	0.0	0.0	1	1.021563563404659	3.8055063423634485	230.0	15	1.05	0.95				
	121	2	0.0	0.0	0.0	0.0	1	1.05	14.273383256768625	230.0	17	1.05	0.95				
	122	2	0.0	0.0	0.0	0.0	1	1.05	27.259334070812443	230.0	17	1.05	0.95				
	123	2	0.0	0.0	0.0	0.0	1	1.0198168751693493	3.3370331171126795	230.0	15	1.05	0.95				
	124	1	0.0	0.0	0.0	0.0	1	1.0258415544085782	5.780853967295089	230.0	16	1.05	0.95				
	201	2	48.2965528168421	9.83818668491228	0.0	0.0	2	1.0197190573524904	-11.88128764762126	138.0	21	1.05	0.95				
	202	2	43.37745947438596	8.943806077192983	0.0	0.0	2	1.0200163349877898	-11.861178224560236	138.0	22	1.05	0.95				
	203	1	80.49425469473684	16.546041242807018	0.0	0.0	2	1.0156886225172237	-9.935753376282928	138.0	21	1.05	0.95				
	204	1	33.092082485614036	6.707854557894737	0.0	0.0	2	1.0148478898335134	-12.652947878663497	138.0	21	1.05	0.95				
	205	1	31.750511574035084	6.260664254035088	0.0	0.0	2	1.0294434099842753	-12.993815724996606	138.0	21	1.05	0.95				
	206	1	60.81788132491228	12.521328508070177	0.0	-100.0	2	1.0426991770422889	-14.068495625115773	138.0	22	1.05	0.95				
	207	2	55.898787982456135	11.179757596491227	0.0	0.0	2	0.9923097739455092	-20.130236011823897	138.0	22	1.05	0.95				
	208	1	76.46954195999999	15.651660635087715	0.0	0.0	2	0.9977486639093517	-18.093204009423285	138.0	22	1.05	0.95				
	209	1	78.2583031754386	16.09885093894737	0.0	0.0	2	1.023328777196954	-11.45276090300505	138.0	23	1.05	0.95				
	210	1	87.20210925263157	17.887612154385966	0.0	0.0	2	1.05	-12.679277641414782	138.0	23	1.05	0.95				
	211	1	0.0	0.0	0.0	0.0	2	1.007350229025511	-8.41226919383477	230.0	23	1.05	0.95				
	212	1	0.0	0.0	0.0	0.0	2	1.0096583313827017	-7.226115283650132	230.0	23	1.05	0.95				
	213	2	118.505430522807	24.14827640842105	0.0	0.0	2	1.005529192906136	-6.696452326325306	230.0	24	1.05	0.95				
	214	2	86.75491894877192	17.440421850526313	0.0	0.0	2	1.0079323929256476	-6.162257639417146	230.0	26	1.05	0.95				
	215	2	141.75932632350876	28.62017944701754	0.0	0.0	2	1.0237350377264949	-0.34477169689174336	230.0	26	1.05	0.95				
	216	2	44.719030385964906	8.943806077192983	0.0	0.0	2	1.0257849845443634	-0.25937502750268704	230.0	26	1.05	0.95				
	217	1	0.0	0.0	0.0	0.0	2	1.0292287119109556	1.0707721630913807	230.0	27	1.05	0.95				
	218	2	148.91437118526315	30.40894066245614	0.0	0.0	2	1.0281612040398291	0.5058352381932381	230.0	27	1.05	0.95				
	219	1	80.9414449985965	16.546041242807018	0.0	0.0	2	1.0281654624664989	0.3606927622328133	230.0	25	1.05	0.95				
	220	1	57.24035889403508	11.626947900350878	0.0	0.0	2	1.0335198548044238	1.7621009780770156	230.0	25	1.05	0.95				
	221	2	0.0	0.0	0.0	0.0	2	1.0300291723764505	1.027441848783046	230.0	27	1.05	0.95				
	222	2	0.0	0.0	0.0	0.0	2	1.049999998816612	7.536647600253747	230.0	27	1.05	0.95				
	223	2	0.0	0.0	0.0	0.0	2	1.0375862706149148	2.863152346749114	230.0	25	1.05	0.95				
	224	1	0.0	0.0	0.0	0.0	2	1.0089114076254975	-3.9444367414733446	230.0	26	1.05	0.95				
	301	2	44.347991153684205	9.033850049824562	0.0	0.0	3	1.0103774106286831	-3.897661732095339	138.0	31	1.05	0.95				
	302	2	39.83106612877192	8.212590954385965	0.0	0.0	3	1.0101981280237171	-4.023710588517367	138.0	32	1.05	0.95				
	303	1	73.91331858947368	15.193293265614033	0.0	0.0	3	1.0328181958211666	2.6576065567450335	138.0	31	1.05	0.95				
	304	1	30.386586531228065	6.159443215789473	0.0	0.0	3	1.0133896677704317	-2.3374009928280945	138.0	31	1.05	0.95				
	305	1	29.154697888070174	5.748813668070175	0.0	0.0	3	1.0250937274438876	-3.8471717924050917	138.0	31	1.05	0.95				
	306	1	55.84561848982457	11.49762733614035	0.0	-100.0	3	1.0415263376804451	-4.306963120794265	138.0	32	1.05	0.95				
	307	2	51.32869346491228	10.265738692982456	0.0	0.0	3	0.9860728111422346	-8.105737706169103	138.0	32	1.05	0.95				
	308	1	70.21765266	14.372034170175437	0.0	0.0	3	0.9967638737012527	-6.308465318912882	138.0	32	1.05	0.95				
	309	1	71.8601708508772	14.782663717894733	0.0	0.0	3	1.028962934704864	0.7118327096599958	138.0	33	1.05	0.95				
	310	1	80.07276180526316	16.42518190877193	0.0	0.0	3	1.05	-2.4731216443144777	138.0	33	1.05	0.95				
	311	1	0.0	0.0	0.0	0.0	3	1.0066216793888532	2.5062274137218115	230.0	33	1.05	0.95				
	312	1	0.0	0.0	0.0	0.0	3	1.0122031555512558	2.8359811198025593	230.0	33	1.05	0.95				
	313	2	108.81683014561403	22.173995576842103	0.0	0.0	3	1.0092518592013977	5.374611782634462	230.0	34	1.05	0.95				
	314	2	79.66213225754385	16.01455236105263	0.0	0.0	3	0.9996944964954466	3.5226348126406584	230.0	36	1.05	0.95				
	315	2	130.16956662701753	26.28029105403509	0.0	0.0	3	1.0317851314885307	7.276232671444973	230.0	36	1.05	0.95				
	316	2	41.062954771929824	8.212590954385965	0.0	0.0	3	1.0296083584421831	7.354038819046404	230.0	36	1.05	0.95				
	317	1	0.0	0.0	0.0	0.0	3	1.045285126943626	12.225808652289953	230.0	37	1.05	0.95				
	318	2	136.73963939052632	27.922809244912283	0.0	0.0	3	1.043394055164135	9.948661267691024	230.0	37	1.05	0.95				
	319	1	74.32394813719297	15.193293265614033	0.0	0.0	3	1.0227104316034519	6.337446873472257	230.0	35	1.05	0.95				
	320	1	52.56058210807018	10.676368240701754	0.0	0.0	3	1.0195323715798565	6.255024322616137	230.0	35	1.05	0.95				
	321	2	0.0	0.0	0.0	0.0	3	1.0411152726384847	9.688114622726278	230.0	37	1.05	0.95				
	322	2	0.0	0.0	0.0	0.0	3	1.05	15.012357073183916	230.0	37	1.05	0.95				
	323	2	0.0	0.0	0.0	0.0	3	1.0182638999597924	6.531884236062728	230.0	35	1.05	0.95				
	324	1	0.0	0.0	0.0	0.0	3	1.0251854653405645	5.530403140894107	230.0	36	1.05	0.95				
	325	1	0.0	0.0	0.0	0.0	3	1.0197047022903634	7.210020532534758	230.0	35	1.05	0.95				
];
