%% MATPOWER Case Format : Version 2
function mpc = RTS_GMLC
mpc.version = '2';

%%-----  Power Flow Data  -----%%
%% system MVA base
mpc.baseMVA = 100.0;
%% bus data
%    bus_i    type    Pd    Qd    Gs    Bs    area    Vm    Va    baseKV    zone    Vmax    Vmin
mpc.bus = [
	101	2	41.01434931789474	8.354774861052631	0.0	0.0	1	1.0122713574026025	-3.924086961822634	138.0	11	1.05	0.95				
	102	2	36.83696188736842	7.595249873684211	0.0	0.0	1	1.01222811765213	-4.140964389168151	138.0	12	1.05	0.95				
	103	1	68.35724886315789	14.051212266315789	0.0	0.0	1	1.0013155723337162	0.9681110478592401	138.0	11	1.05	0.95				
	104	1	28.102424532631577	5.696437405263157	0.0	0.0	1	1.0030479033141435	-3.9947532939551134	138.0	11	1.05	0.95				
	105	1	26.963137051578943	5.316674911578947	0.0	0.0	1	1.0172943408211785	-5.010405640801129	138.0	11	1.05	0.95				
	106	1	51.64769914105263	10.633349823157895	0.0	-100.0	1	1.0281557552382816	-6.088360598310261	138.0	12	1.05	0.95				
	107	2	47.47031171052632	9.494062342105263	0.0	0.0	1	0.9865525331900868	-10.01765063400409	138.0	12	1.05	0.95				
	108	1	64.93938641999999	13.291687278947368	0.0	0.0	1	0.9889046837675701	-8.673143714436108	138.0	12	1.05	0.95				
	109	1	66.45843639473684	13.671449772631577	0.0	0.0	1	1.0024234688407612	-3.017029341966355	138.0	13	1.05	0.95				
	110	1	74.05368626842105	15.190499747368422	0.0	0.0	1	1.0312341917137244	-4.856046343776178	138.0	13	1.05	0.95				
	111	1	0.0	0.0	0.0	0.0	1	0.9814181389963782	-0.421002037439927	230.0	13	1.05	0.95				
	112	1	0.0	0.0	0.0	0.0	1	0.9829271893782271	-1.3117497317304327	230.0	13	1.05	0.95				
	113	3	100.63706082631579	20.50717465894737	0.0	0.0	1	0.9632438874864427	-4.215164139867288e-28	230.0	14	1.05	0.95				
	114	2	73.67392377473683	14.810737253684211	0.0	0.0	1	0.9897696627204431	2.874168860593118	230.0	16	1.05	0.95				
	115	2	120.38471049789472	24.304799595789472	0.0	0.0	1	0.9898807230159266	11.71482324828586	230.0	16	1.05	0.95				
	116	2	37.97624936842105	7.595249873684211	0.0	0.0	1	0.9884681662822951	10.16103639158263	230.0	16	1.05	0.95				
	117	1	0.0	0.0	0.0	0.0	1	0.9911411026245299	15.810407701010224	230.0	17	1.05	0.95				
	118	2	126.46091039684211	25.823849570526313	0.0	0.0	1	0.9992501650741916	16.345609355666163	230.0	17	1.05	0.95				
	119	1	68.7370113568421	14.051212266315789	0.0	0.0	1	0.9885287908462601	6.442504021820553	230.0	15	1.05	0.95				
	120	1	48.609599191578944	9.873824835789472	0.0	0.0	1	0.9935448392866353	3.678015833650915	230.0	15	1.05	0.95				
	121	2	0.0	0.0	0.0	0.0	1	1.0000394863840854	17.590645474311465	230.0	17	1.05	0.95				
	122	2	0.0	0.0	0.0	0.0	1	1.0065392303004883	34.64086831178651	230.0	17	1.05	0.95				
	123	2	0.0	0.0	0.0	0.0	1	0.9972834058637271	2.4787796537897426	230.0	15	1.05	0.95				
	124	1	0.0	0.0	0.0	0.0	1	0.9813859631856204	7.6014368996015325	230.0	16	1.05	0.95				
	201	2	42.9416023831579	8.747363448421053	0.0	0.0	2	1.0105338339266856	-11.994371389580818	138.0	21	1.05	0.95				
	202	2	38.56792065894737	7.952148589473684	0.0	0.0	2	1.0094843660363226	-12.174789770530294	138.0	22	1.05	0.95				
	203	1	71.56933730526316	14.711474890526317	0.0	0.0	2	0.9973180517717565	-9.02179458633103	138.0	21	1.05	0.95				
	204	1	29.422949781052633	5.9641114421052634	0.0	0.0	2	1.001075304092614	-11.24640137506166	138.0	21	1.05	0.95				
	205	1	28.230127492631578	5.5665040126315795	0.0	0.0	2	1.0172553438542307	-11.631378332414517	138.0	21	1.05	0.95				
	206	1	54.07461040842105	11.133008025263159	0.0	-100.0	2	1.0291088214524085	-11.931964516101202	138.0	22	1.05	0.95				
	207	2	49.700928684210524	9.940185736842105	0.0	0.0	2	0.9716385080055534	-16.65841835361174	138.0	22	1.05	0.95				
	208	1	67.99087044	13.916260031578947	0.0	0.0	2	0.9804618273816986	-14.836914581599226	138.0	22	1.05	0.95				
	209	1	69.58130015789474	14.31386746105263	0.0	0.0	2	1.006126761307415	-8.78620360593923	138.0	23	1.05	0.95				
	210	1	77.53344874736841	15.904297178947369	0.0	0.0	2	1.0337946516443735	-9.950280013966816	138.0	23	1.05	0.95				
	211	1	0.0	0.0	0.0	0.0	2	0.9869073240280642	-6.407065967618378	230.0	23	1.05	0.95				
	212	1	0.0	0.0	0.0	0.0	2	0.9886890435511342	-2.2589746491243474	230.0	23	1.05	0.95				
	213	2	105.36596881052631	21.47080119157895	0.0	0.0	2	0.9830129957437257	-4.056496204906102	230.0	24	1.05	0.95				
	214	2	77.13584131789474	15.506689749473685	0.0	0.0	2	0.9830473162799339	-5.358295293070362	230.0	26	1.05	0.95				
	215	2	126.0415551431579	25.44687548631579	0.0	0.0	2	0.991074800409686	-0.9609976356303882	230.0	26	1.05	0.95				
	216	2	39.76074294736842	7.952148589473684	0.0	0.0	2	0.9894201322979246	-1.2496601671742111	230.0	26	1.05	0.95				
	217	1	0.0	0.0	0.0	0.0	2	0.9997230679822332	-0.14937076306981636	230.0	27	1.05	0.95				
	218	2	132.40327401473684	27.037305204210526	0.0	0.0	2	1.0006747800027347	-0.6882435332857619	230.0	27	1.05	0.95				
	219	1	71.96694473473684	14.711474890526317	0.0	0.0	2	0.983431194844289	-0.4867094248960752	230.0	25	1.05	0.95				
	220	1	50.89375097263158	10.33779316631579	0.0	0.0	2	0.9812921348912941	1.02846794178861	230.0	25	1.05	0.95				
	221	2	0.0	0.0	0.0	0.0	2	1.0029853404117497	-0.19532452996333166	230.0	27	1.05	0.95				
	222	2	0.0	0.0	0.0	0.0	2	1.0204658195081944	4.624484884053638	230.0	27	1.05	0.95				
	223	2	0.0	0.0	0.0	0.0	2	0.9812130339382275	2.200490473972994	230.0	25	1.05	0.95				
	224	1	0.0	0.0	0.0	0.0	2	0.9836218085088043	-4.0319434928504	230.0	26	1.05	0.95				
	301	2	61.841189482105264	12.597279338947368	0.0	0.0	3	1.0031553103974398	24.161308983047487	138.0	31	1.05	0.95				
	302	2	55.54254981263157	11.45207212631579	0.0	0.0	3	1.0037707371640725	23.794199086431398	138.0	32	1.05	0.95				
	303	1	103.06864913684211	21.186333433684208	0.0	0.0	3	1.0159735732822281	39.307705377375264	138.0	31	1.05	0.95				
	304	1	42.372666867368416	8.589054094736841	0.0	0.0	3	0.9934456929234287	25.639872888607048	138.0	31	1.05	0.95				
	305	1	40.654856048421046	8.016450488421054	0.0	0.0	3	1.011058187506965	23.506274814486023	138.0	31	1.05	0.95				
	306	1	77.87409045894736	16.032900976842107	0.0	-100.0	3	1.0223897657945313	22.474671634966807	138.0	32	1.05	0.95				
	307	2	71.57545078947368	14.315090157894735	0.0	0.0	3	0.9659544591165405	18.816764034624537	138.0	32	1.05	0.95				
	308	1	97.91521668	20.04112622105263	0.0	0.0	3	0.975689328593428	21.52146691926694	138.0	32	1.05	0.95				
	309	1	100.20563110526315	20.613729827368417	0.0	0.0	3	1.0051102821637101	29.594928847824438	138.0	33	1.05	0.95				
	310	1	111.65770323157894	22.90414425263158	0.0	0.0	3	1.0336580672231679	24.737349924881915	138.0	33	1.05	0.95				
	311	1	0.0	0.0	0.0	0.0	3	0.9948231286098118	29.447541597271712	230.0	33	1.05	0.95				
	312	1	0.0	0.0	0.0	0.0	3	1.0016867039585178	29.692790940921558	230.0	33	1.05	0.95				
	313	2	151.7399556736842	30.920594741052632	0.0	0.0	3	1.004090617015964	32.349456731091806	230.0	34	1.05	0.95				
	314	2	111.08509962526314	22.33154064631579	0.0	0.0	3	0.9874792769851467	29.255089913122074	230.0	36	1.05	0.95				
	315	2	181.51534320210524	36.646630804210524	0.0	0.0	3	0.9872759493766442	28.157498513146486	230.0	36	1.05	0.95				
	316	2	57.26036063157894	11.45207212631579	0.0	0.0	3	0.9793391980826524	28.488440630278056	230.0	36	1.05	0.95				
	317	1	0.0	0.0	0.0	0.0	3	0.9932493161288388	30.518575846493935	230.0	37	1.05	0.95				
	318	2	190.67700090315788	38.93704522947368	0.0	0.0	3	0.9874208406240889	26.74979211828742	230.0	37	1.05	0.95				
	319	1	103.64125274315789	21.186333433684208	0.0	0.0	3	0.9887988705218403	28.218038452172618	230.0	35	1.05	0.95				
	320	1	73.29326160842105	14.887693764210526	0.0	0.0	3	0.9989374592009065	27.840036584501153	230.0	35	1.05	0.95				
	321	2	0.0	0.0	0.0	0.0	3	0.995519160063895	27.679585529371945	230.0	37	1.05	0.95				
	322	2	0.0	0.0	0.0	0.0	3	1.0123144728608706	31.481681187134104	230.0	37	1.05	0.95				
	323	2	0.0	0.0	0.0	0.0	3	1.0046125944057447	27.582728074998354	230.0	35	1.05	0.95				
	324	1	0.0	0.0	0.0	0.0	3	0.9967236505849358	33.78554627814026	230.0	36	1.05	0.95				
