%% MATPOWER Case Format : Version 2
function mpc = RTS_GMLC
mpc.version = '2';

%%-----  Power Flow Data  -----%%
%% system MVA base
mpc.baseMVA = 100.0;
%% bus data
%    bus_i    type    Pd    Qd    Gs    Bs    area    Vm    Va    baseKV    zone    Vmax    Vmin
mpc.bus = [
	101	2	47.747649675789475	9.726373082105262	0.0	0.0	1	1.05	4.518910169115234	138.0	11	1.05	0.95				
	102	2	42.88446313473684	8.84215734736842	0.0	0.0	1	1.0487401209831662	4.067526629135935	138.0	12	1.05	0.95				
	103	1	79.57941612631578	16.357991092631575	0.0	0.0	1	1.0314766432285367	0.9609980947508407	138.0	11	1.05	0.95				
	104	1	32.71598218526315	6.6316180105263145	0.0	0.0	1	1.0304894043066606	0.4804686040003169	138.0	11	1.05	0.95				
	105	1	31.389658583157892	6.189510143157895	0.0	0.0	1	1.0430479039388247	0.29836805519477627	138.0	11	1.05	0.95				
	106	1	60.12666996210526	12.37902028631579	0.0	-100.0	1	1.0479778128066477	-2.6010704417356956	138.0	12	1.05	0.95				
	107	2	55.26348342105263	11.052696684210526	0.0	0.0	1	1.0011958405332988	-8.021690923136763	138.0	12	1.05	0.95				
	108	1	75.60044531999999	15.473775357894734	0.0	0.0	1	1.0045740777932726	-6.979749902167588	138.0	12	1.05	0.95				
	109	1	77.36887678947367	15.915883225263155	0.0	0.0	1	1.0245066143080004	-1.9297879221301986	138.0	13	1.05	0.95				
	110	1	86.21103413684209	17.68431469473684	0.0	0.0	1	1.05	-2.6692590639217566	138.0	13	1.05	0.95				
	111	1	0.0	0.0	0.0	0.0	1	1.002804356706973	-0.7968678894267129	230.0	13	1.05	0.95				
	112	1	0.0	0.0	0.0	0.0	1	1.0072607168183707	-0.7752821061613538	230.0	13	1.05	0.95				
	113	3	117.15858485263155	23.873824837894738	0.0	0.0	1	0.9945394470843467	-1.0013154749784268e-28	230.0	14	1.05	0.95				
	114	2	85.76892626947368	17.24220682736842	0.0	0.0	1	0.9974818051721311	0.13940523699672588	230.0	16	1.05	0.95				
	115	2	140.14819395578945	28.294903511578944	0.0	0.0	1	1.0307289013249161	4.9192184146741855	230.0	16	1.05	0.95				
	116	2	44.2107867368421	8.84215734736842	0.0	0.0	1	1.0258104674857829	4.102689523178035	230.0	16	1.05	0.95				
	117	1	0.0	0.0	0.0	0.0	1	1.034950526559605	6.943139013225004	230.0	17	1.05	0.95				
	118	2	147.2219198336842	30.06333498105263	0.0	0.0	1	1.0381649850578698	7.453199540157912	230.0	17	1.05	0.95				
	119	1	80.02152399368421	16.357991092631575	0.0	0.0	1	1.0168128950691362	2.5485428475710243	230.0	15	1.05	0.95				
	120	1	56.58980702315789	11.494804551578946	0.0	0.0	1	1.0115903561237594	1.6099158848083641	230.0	15	1.05	0.95				
	121	2	0.0	0.0	0.0	0.0	1	1.0412870293208636	8.646645563130013	230.0	17	1.05	0.95				
	122	2	0.0	0.0	0.0	0.0	1	1.05	14.480957707289049	230.0	17	1.05	0.95				
	123	2	0.0	0.0	0.0	0.0	1	1.0093445535395267	1.4416682986396783	230.0	15	1.05	0.95				
	124	1	0.0	0.0	0.0	0.0	1	1.0245446909058562	3.4251198990020857	230.0	16	1.05	0.95				
	201	2	45.117582252631586	9.190618607017544	0.0	0.0	2	1.0141323448214916	-7.8097213678088835	138.0	21	1.05	0.95				
	202	2	40.52227294912281	8.355107824561404	0.0	0.0	2	1.013322686569846	-8.033610401442928	138.0	22	1.05	0.95				
	203	1	75.19597042105264	15.456949475438597	0.0	0.0	2	1.0145010709752618	-5.690756870168869	138.0	21	1.05	0.95				
	204	1	30.913898950877194	6.266330868421052	0.0	0.0	2	1.0125035752272835	-7.369164876224439	138.0	21	1.05	0.95				
	205	1	29.660632777192987	5.848575477192983	0.0	0.0	2	1.0268845007394618	-7.64898694105936	138.0	21	1.05	0.95				
	206	1	56.814733207017554	11.697150954385966	0.0	-100.0	2	1.0420866213907747	-8.077706501610988	138.0	22	1.05	0.95				
	207	2	52.219423903508776	10.443884780701755	0.0	0.0	2	0.9969456395745966	-13.120319944437616	138.0	22	1.05	0.95				
	208	1	71.4361719	14.621438692982455	0.0	0.0	2	1.001834158670625	-11.232100929585789	138.0	22	1.05	0.95				
	209	1	73.10719346491229	15.039194084210529	0.0	0.0	2	1.0241056580350383	-5.099799032738285	138.0	23	1.05	0.95				
	210	1	81.46230128947369	16.71021564912281	0.0	0.0	2	1.05	-6.1439071137533166	138.0	23	1.05	0.95				
	211	1	0.0	0.0	0.0	0.0	2	1.0038512084158315	-2.702195623580068	230.0	23	1.05	0.95				
	212	1	0.0	0.0	0.0	0.0	2	1.0107121475178171	1.6134039981321717	230.0	23	1.05	0.95				
	213	2	110.7051786754386	22.558791126315793	0.0	0.0	2	0.9995726565235368	-0.4468813237305187	230.0	24	1.05	0.95				
	214	2	81.04454589824562	16.29246025789474	0.0	0.0	2	1.0004407463656668	-1.6172834751184604	230.0	26	1.05	0.95				
	215	2	132.42845901929826	26.736345038596493	0.0	0.0	2	1.0188217477910817	2.601323959177604	230.0	26	1.05	0.95				
	216	2	41.77553912280702	8.355107824561404	0.0	0.0	2	1.0181854154433438	2.484857160583273	230.0	26	1.05	0.95				
	217	1	0.0	0.0	0.0	0.0	2	1.0226647380625056	3.081491906157615	230.0	27	1.05	0.95				
	218	2	139.11254527894738	28.407366603508777	0.0	0.0	2	1.0223018902953969	2.803354653359089	230.0	27	1.05	0.95				
	219	1	75.6137258122807	15.456949475438597	0.0	0.0	2	1.0175159625984955	2.729751776330097	230.0	25	1.05	0.95				
	220	1	53.472690077192986	10.861640171929826	0.0	0.0	2	1.0197988569474021	3.771150971963659	230.0	25	1.05	0.95				
	221	2	0.0	0.0	0.0	0.0	2	1.024649936645229	3.5325542094928783	230.0	27	1.05	0.95				
	222	2	0.0	0.0	0.0	0.0	2	1.0462764072644024	9.89265783682112	230.0	27	1.05	0.95				
	223	2	0.0	0.0	0.0	0.0	2	1.0218984701935683	4.666916503546009	230.0	25	1.05	0.95				
	224	1	0.0	0.0	0.0	0.0	2	1.0068860853710346	-0.5212326373213039	230.0	26	1.05	0.95				
	301	2	60.90161343157896	12.40588421754386	0.0	0.0	3	1.0073092189724566	-11.748975934226893	138.0	31	1.05	0.95				
	302	2	54.69867132280702	11.27807656140351	0.0	0.0	3	1.0069220219868378	-11.862985903035483	138.0	32	1.05	0.95				
	303	1	101.50268905263158	20.864441638596492	0.0	0.0	3	1.019664395525889	-6.26146833303503	138.0	31	1.05	0.95				
	304	1	41.728883277192985	8.458557421052632	0.0	0.0	3	1.0061928582696356	-10.125145321126949	138.0	31	1.05	0.95				
	305	1	40.037171792982456	7.894653592982458	0.0	0.0	3	1.0205723855912614	-10.381789594646435	138.0	31	1.05	0.95				
	306	1	76.69092061754387	15.789307185964915	0.0	-100.0	3	1.035971579410247	-10.257935073979901	138.0	32	1.05	0.95				
	307	2	70.48797850877193	14.097595701754386	0.0	0.0	3	0.9938008880060911	-17.008981745435086	138.0	32	1.05	0.95				
	308	1	96.4275546	19.73663398245614	0.0	0.0	3	0.9943858838341626	-14.33604326542047	138.0	32	1.05	0.95				
	309	1	98.6831699122807	20.30053781052632	0.0	0.0	3	1.0248393034147363	-6.393054208599813	138.0	33	1.05	0.95				
	310	1	109.96124647368421	22.55615312280702	0.0	0.0	3	1.05	-7.206568756472984	138.0	33	1.05	0.95				
	311	1	0.0	0.0	0.0	0.0	3	1.0117478095464674	-1.032396941200162	230.0	33	1.05	0.95				
	312	1	0.0	0.0	0.0	0.0	3	1.0148100444545585	-0.2255646777096477	230.0	33	1.05	0.95				
	313	2	149.4345144385965	30.45080671578948	0.0	0.0	3	1.0223097773644796	3.9334923047416472	230.0	34	1.05	0.95				
	314	2	109.39734264561405	21.992249294736844	0.0	0.0	3	1.014552199613005	0.390726192872153	230.0	36	1.05	0.95				
	315	2	178.75751349824563	36.08984499649123	0.0	0.0	3	1.0249266271048865	-0.8852919848482128	230.0	36	1.05	0.95				
	316	2	56.390382807017545	11.27807656140351	0.0	0.0	3	1.0248211138136167	0.06808082642256816	230.0	36	1.05	0.95				
	317	1	0.0	0.0	0.0	0.0	3	1.0276589685864086	0.2965061642771065	230.0	37	1.05	0.95				
	318	2	187.77997474736844	38.34546030877193	0.0	0.0	3	1.0255827019764412	-0.16035370055479484	230.0	37	1.05	0.95				
	319	1	102.06659288070176	20.864441638596492	0.0	0.0	3	1.0250957812539392	1.7734830771396939	230.0	35	1.05	0.95				
	320	1	72.17968999298246	14.661499529824562	0.0	0.0	3	1.026264971841566	2.655008004050662	230.0	35	1.05	0.95				
	321	2	0.0	0.0	0.0	0.0	3	1.0274483359061142	0.14466322527824962	230.0	37	1.05	0.95				
	322	2	0.0	0.0	0.0	0.0	3	1.0408275938865934	4.5880008607284815	230.0	37	1.05	0.95				
	323	2	0.0	0.0	0.0	0.0	3	1.0268565086900865	2.9952971140041935	230.0	35	1.05	0.95				
	324	1	0.0	0.0	0.0	0.0	3	1.0180876705017827	-0.8270449107160978	230.0	36	1.05	0.95				
	325	1	0.0	0.0	0.0	0.0	3	1.0275655379496906	3.479477413015322	230.0	35	1.05	0.95				
];
