%% MATPOWER Case Format : Version 2
function mpc = RTS_GMLC
mpc.version = '2';

%%-----  Power Flow Data  -----%%
%% system MVA base
mpc.baseMVA = 100.0;
%% bus data
%    bus_i    type    Pd    Qd    Gs    Bs    area    Vm    Va    baseKV    zone    Vmax    Vmin
mpc.bus = [
	101	2	45.44977733052632	9.258287974736842	0.0	0.0	1	1.0244727889934622	-3.405183006032795	138.0	11	1.05	0.95				
	102	2	40.820633343157894	8.416625431578948	0.0	0.0	1	1.0236287994030817	-3.618168503700255	138.0	12	1.05	0.95				
	103	1	75.74962888421052	15.570757048421052	0.0	0.0	1	1.0293314083979606	-1.246580127166602	138.0	11	1.05	0.95				
	104	1	31.141514096842105	6.312469073684211	0.0	0.0	1	1.0213969861758128	-4.064520846744494	138.0	11	1.05	0.95				
	105	1	29.879020282105262	5.891637802105264	0.0	0.0	1	1.0321186241553184	-5.104381382982815	138.0	11	1.05	0.95				
	106	1	57.23305293473685	11.783275604210528	0.0	-100.0	1	1.0441660553911989	-6.5316672403161755	138.0	12	1.05	0.95				
	107	2	52.603908947368424	10.520781789473684	0.0	0.0	1	1.0033316851874794	-9.159996152641812	138.0	12	1.05	0.95				
	108	1	71.96214744	14.729094505263157	0.0	0.0	1	1.0070462116969998	-8.603378828328623	138.0	12	1.05	0.95				
	109	1	73.64547252631579	15.149925776842105	0.0	0.0	1	1.0251225006558857	-3.9604356151908746	138.0	13	1.05	0.95				
	110	1	82.06209795789474	16.833250863157897	0.0	0.0	1	1.05	-5.473759996347239	138.0	13	1.05	0.95				
	111	1	0.0	0.0	0.0	0.0	1	1.0036562154374902	-1.8574147241529773	230.0	13	1.05	0.95				
	112	1	0.0	0.0	0.0	0.0	1	1.007236944213597	-1.9035218318795402	230.0	13	1.05	0.95				
	113	3	111.52028696842106	22.72488866526316	0.0	0.0	1	0.9982952901561638	3.26655025810334e-30	230.0	14	1.05	0.95				
	114	2	81.64126668631579	16.41241959157895	0.0	0.0	1	1.0002661996503306	-0.47396998064124657	230.0	16	1.05	0.95				
	115	2	133.4035130905263	26.933201381052633	0.0	0.0	1	1.02786444441359	4.755579103852642	230.0	16	1.05	0.95				
	116	2	42.08312715789474	8.416625431578948	0.0	0.0	1	1.0244356468896085	4.005416413515864	230.0	16	1.05	0.95				
	117	1	0.0	0.0	0.0	0.0	1	1.0318659225185283	7.150200097201613	230.0	17	1.05	0.95				
	118	2	140.13681343578946	28.616526467368423	0.0	0.0	1	1.0344388782203895	7.635448459856713	230.0	17	1.05	0.95				
	119	1	76.17046015578947	15.570757048421052	0.0	0.0	1	1.0166865972850465	2.4649982376021558	230.0	15	1.05	0.95				
	120	1	53.86640276210527	10.941613061052632	0.0	0.0	1	1.012010779917721	1.345525002851457	230.0	15	1.05	0.95				
	121	2	0.0	0.0	0.0	0.0	1	1.0359563269401495	8.689153962716894	230.0	17	1.05	0.95				
	122	2	0.0	0.0	0.0	0.0	1	1.05	16.091713531659877	230.0	17	1.05	0.95				
	123	2	0.0	0.0	0.0	0.0	1	1.0099842790920959	1.0605231660941146	230.0	15	1.05	0.95				
	124	1	0.0	0.0	0.0	0.0	1	1.0202730288842832	2.4828137718726047	230.0	16	1.05	0.95				
	201	2	41.95561153263158	8.546513460350878	0.0	0.0	2	1.01439865377637	-7.139588150853393	138.0	21	1.05	0.95				
	202	2	37.68235480245614	7.769557691228071	0.0	0.0	2	1.013582473317195	-7.3431021116874655	138.0	22	1.05	0.95				
	203	1	69.92601922105264	14.373681728771931	0.0	0.0	2	1.0150476422749566	-5.815894022749261	138.0	21	1.05	0.95				
	204	1	28.747363457543862	5.827168268421053	0.0	0.0	2	1.0132649117444188	-6.7529138859760875	138.0	21	1.05	0.95				
	205	1	27.58192980385965	5.43869038385965	0.0	0.0	2	1.0274388511071568	-6.952914714885208	138.0	21	1.05	0.95				
	206	1	52.83299230035089	10.8773807677193	0.0	-100.0	2	1.0429952776376705	-7.340585867566792	138.0	22	1.05	0.95				
	207	2	48.55973557017544	9.711947114035087	0.0	0.0	2	0.9975610887784327	-12.006975709605339	138.0	22	1.05	0.95				
	208	1	66.42971826	13.596725959649122	0.0	0.0	2	1.0033812319646693	-10.274762156067247	138.0	22	1.05	0.95				
	209	1	67.98362979824562	13.985203844210526	0.0	0.0	2	1.0241027527790207	-4.662797999242318	138.0	23	1.05	0.95				
	210	1	75.75318748947369	15.539115382456142	0.0	0.0	2	1.05	-5.514732517850187	138.0	23	1.05	0.95				
	211	1	0.0	0.0	0.0	0.0	2	1.0016687624752174	-2.6402179684106626	230.0	23	1.05	0.95				
	212	1	0.0	0.0	0.0	0.0	2	1.0096781159276393	2.1595810688213795	230.0	23	1.05	0.95				
	213	2	102.94663940877193	20.97780576631579	0.0	0.0	2	0.9959605881681388	-0.388254037521564	230.0	24	1.05	0.95				
	214	2	75.36470960491228	15.15063749789474	0.0	0.0	2	0.9960020835618559	-2.008158844363326	230.0	26	1.05	0.95				
	215	2	123.14748940596492	24.862584611929826	0.0	0.0	2	1.0168039360801748	1.7869641418758149	230.0	26	1.05	0.95				
	216	2	38.84778845614035	7.769557691228071	0.0	0.0	2	1.0146936152275776	1.2689471951838642	230.0	26	1.05	0.95				
	217	1	0.0	0.0	0.0	0.0	2	1.0204679630222544	2.1934325728485513	230.0	27	1.05	0.95				
	218	2	129.3631355589474	26.416496150175444	0.0	0.0	2	1.0203282968491671	1.9864439696533047	230.0	27	1.05	0.95				
	219	1	70.31449710561404	14.373681728771931	0.0	0.0	2	1.013656114769679	1.5051685696187442	230.0	25	1.05	0.95				
	220	1	49.72516922385965	10.100424998596493	0.0	0.0	2	1.0152829364826588	2.488386205276816	230.0	25	1.05	0.95				
	221	2	0.0	0.0	0.0	0.0	2	1.0226583851611784	2.716225698293445	230.0	27	1.05	0.95				
	222	2	0.0	0.0	0.0	0.0	2	1.0443022567725453	9.073338389185615	230.0	27	1.05	0.95				
	223	2	0.0	0.0	0.0	0.0	2	1.0168671603650516	3.3338088475324916	230.0	25	1.05	0.95				
	224	1	0.0	0.0	0.0	0.0	2	1.0065635154925994	-1.0832766635198532	230.0	26	1.05	0.95				
	301	2	49.26795317052631	10.036064534736841	0.0	0.0	3	1.0051415529170926	17.68856300084136	138.0	31	1.05	0.95				
	302	2	44.24992090315789	9.123695031578947	0.0	0.0	3	1.0048776842913152	17.35745143278872	138.0	32	1.05	0.95				
	303	1	82.11325528421052	16.87883580842105	0.0	0.0	3	1.0468413967350663	29.252449461307087	138.0	31	1.05	0.95				
	304	1	33.7576716168421	6.84277127368421	0.0	0.0	3	1.00711035973076	18.058970996916045	138.0	31	1.05	0.95				
	305	1	32.38911736210526	6.3865865221052625	0.0	0.0	3	1.0218527561167638	17.120896455344447	138.0	31	1.05	0.95				
	306	1	62.04112621473684	12.773173044210525	0.0	-100.0	3	1.038868236537647	16.249638628537635	138.0	32	1.05	0.95				
	307	2	57.02309394736842	11.404618789473684	0.0	0.0	3	0.9712349001475701	11.514118665310015	138.0	32	1.05	0.95				
	308	1	78.00759251999999	15.966466305263156	0.0	0.0	3	0.9858714721059493	13.5252861300592	138.0	32	1.05	0.95				
	309	1	79.83233152631578	16.422651056842103	0.0	0.0	3	1.0228120769838518	20.521351136617227	138.0	33	1.05	0.95				
	310	1	88.95602655789473	18.247390063157894	0.0	0.0	3	1.05	18.029489160123063	138.0	33	1.05	0.95				
	311	1	0.0	0.0	0.0	0.0	3	1.0105018150258913	21.261082592521788	230.0	33	1.05	0.95				
	312	1	0.0	0.0	0.0	0.0	3	1.0163341950519575	21.35758724136414	230.0	33	1.05	0.95				
	313	2	120.88895916842104	24.633976585263156	0.0	0.0	3	1.0123765263677267	22.78786902297774	230.0	34	1.05	0.95				
	314	2	88.49984180631579	17.79120531157895	0.0	0.0	3	1.0064003455607737	21.987433478491607	230.0	36	1.05	0.95				
	315	2	144.61056625052632	29.19582410105263	0.0	0.0	3	1.0408742291102138	19.013729956073053	230.0	36	1.05	0.95				
	316	2	45.618475157894736	9.123695031578947	0.0	0.0	3	1.0304138593005276	18.92273666930901	230.0	36	1.05	0.95				
	317	1	0.0	0.0	0.0	0.0	3	1.0409371585232212	18.79514837983992	230.0	37	1.05	0.95				
	318	2	151.90952227578947	31.02056310736842	0.0	0.0	3	1.041060607873958	17.11699735617706	230.0	37	1.05	0.95				
	319	1	82.56944003578947	16.87883580842105	0.0	0.0	3	1.0257541689045295	19.504073314906964	230.0	35	1.05	0.95				
	320	1	58.39164820210526	11.860803541052631	0.0	0.0	3	1.0208065145080152	19.10415052090723	230.0	35	1.05	0.95				
	321	2	0.0	0.0	0.0	0.0	3	1.0423234145093634	18.332830969303103	230.0	37	1.05	0.95				
	322	2	0.0	0.0	0.0	0.0	3	1.0499999989544724	22.836515557811794	230.0	37	1.05	0.95				
	323	2	0.0	0.0	0.0	0.0	3	1.0177642620221385	18.83234305494845	230.0	35	1.05	0.95				
	324	1	0.0	0.0	0.0	0.0	3	1.04273738913074	25.007891159426826	230.0	36	1.05	0.95				
	325	1	0.0	0.0	0.0	0.0	3	1.0206320162636187	17.973579008159525	230.0	35	1.05	0.95				
];
