%% MATPOWER Case Format : Version 2
function mpc = RTS_GMLC
mpc.version = '2';

%%-----  Power Flow Data  -----%%
%% system MVA base
mpc.baseMVA = 100.0;
%% bus data
%    bus_i    type    Pd    Qd    Gs    Bs    area    Vm    Va    baseKV    zone    Vmax    Vmin
mpc.bus = [
	101	2	42.844631381052636	8.727610096140351	0.0	0.0	1	1.012740854521867	-3.87340929419194	138.0	11	1.05	0.95				
	102	2	38.48082633298245	7.934190996491229	0.0	0.0	1	1.0126501722635772	-4.103629469105015	138.0	12	1.05	0.95				
	103	1	71.40771896842105	14.678253343508771	0.0	0.0	1	1.001576635170077	1.0303521307811263	138.0	11	1.05	0.95				
	104	1	29.356506687017543	5.950643247368421	0.0	0.0	1	1.0029556095932166	-4.055681045706486	138.0	11	1.05	0.95				
	105	1	28.16637803754386	5.553933697543861	0.0	0.0	1	1.016993433013297	-5.126972652827182	138.0	11	1.05	0.95				
	106	1	53.95249877614036	11.107867395087721	0.0	-100.0	1	1.0272842819799113	-6.312727837532503	138.0	12	1.05	0.95				
	107	2	49.588693728070176	9.917738745614034	0.0	0.0	1	0.9861608215022674	-10.883004790920753	138.0	12	1.05	0.95				
	108	1	67.83733302	13.884834243859649	0.0	0.0	1	0.987639000733292	-9.310596067848278	138.0	12	1.05	0.95				
	109	1	69.42417121929824	14.28154379368421	0.0	0.0	1	1.0020185683758778	-3.189701091123247	138.0	13	1.05	0.95				
	110	1	77.35836221578948	15.868381992982458	0.0	0.0	1	1.0306682094805129	-5.087898169437598	138.0	13	1.05	0.95				
	111	1	0.0	0.0	0.0	0.0	1	0.9816349617971419	-0.5366787293332883	230.0	13	1.05	0.95				
	112	1	0.0	0.0	0.0	0.0	1	0.9830143976071299	-1.4157590678223992	230.0	13	1.05	0.95				
	113	3	105.12803070350878	21.422315690526318	0.0	0.0	1	0.9641285616196104	-2.8708365199461224e-31	230.0	14	1.05	0.95				
	114	2	76.9616526659649	15.471672443157896	0.0	0.0	1	0.9903441090929408	2.7389713833510094	230.0	16	1.05	0.95				
	115	2	125.75692729438597	25.38941118877193	0.0	0.0	1	0.9904638602585463	11.711322344897342	230.0	16	1.05	0.95				
	116	2	39.67095498245614	7.934190996491229	0.0	0.0	1	0.9892451994043033	10.110840074996215	230.0	16	1.05	0.95				
	117	1	0.0	0.0	0.0	0.0	1	0.9928475257989252	15.730112729280794	230.0	17	1.05	0.95				
	118	2	132.10428009157894	26.97624938807018	0.0	0.0	1	1.0003877184949295	16.377687628089962	230.0	17	1.05	0.95				
	119	1	71.80442851824563	14.678253343508771	0.0	0.0	1	0.9891083096497061	6.403973956459448	230.0	15	1.05	0.95				
	120	1	50.77882237754386	10.314448295438597	0.0	0.0	1	0.9939899357146753	3.594426424757145	230.0	15	1.05	0.95				
	121	2	0.0	0.0	0.0	0.0	1	1.0010314685352588	17.71254427311733	230.0	17	1.05	0.95				
	122	2	0.0	0.0	0.0	0.0	1	1.0106100969013978	33.49229685593542	230.0	17	1.05	0.95				
	123	2	0.0	0.0	0.0	0.0	1	0.9977551094103349	2.3836051287096995	230.0	15	1.05	0.95				
	124	1	0.0	0.0	0.0	0.0	1	0.9819208720118329	7.62431933505164	230.0	16	1.05	0.95				
	201	2	40.7316228631579	8.29718243508772	0.0	0.0	2	1.0118443183509451	-13.793333345834357	138.0	21	1.05	0.95				
	202	2	36.58303164561404	7.542893122807019	0.0	0.0	2	1.0107772950998453	-14.003580867929854	138.0	22	1.05	0.95				
	203	1	67.88603810526317	13.954352277192983	0.0	0.0	2	0.9980684694107873	-10.24388282778738	138.0	21	1.05	0.95				
	204	1	27.908704554385967	5.657169842105263	0.0	0.0	2	1.0017213456533285	-13.261394600180036	138.0	21	1.05	0.95				
	205	1	26.777270585964914	5.280025185964914	0.0	0.0	2	1.0182211694689407	-13.685016789936292	138.0	21	1.05	0.95				
	206	1	51.29167323508773	10.560050371929828	0.0	-100.0	2	1.029903505046137	-14.11348018906808	138.0	22	1.05	0.95				
	207	2	47.14308201754386	9.428616403508773	0.0	0.0	2	0.9727921970523047	-18.571889458947844	138.0	22	1.05	0.95				
	208	1	64.4917362	13.200062964912282	0.0	0.0	2	0.9817451090428445	-16.85801742316693	138.0	22	1.05	0.95				
	209	1	66.00031482456141	13.577207621052633	0.0	0.0	2	1.0052963187083916	-11.037598052320426	138.0	23	1.05	0.95				
	210	1	73.54320794736843	15.085786245614038	0.0	0.0	2	1.033629487034528	-12.328706463501424	138.0	23	1.05	0.95				
	211	1	0.0	0.0	0.0	0.0	2	0.9858573655526673	-8.421566460496392	230.0	23	1.05	0.95				
	212	1	0.0	0.0	0.0	0.0	2	0.9855897800688724	-5.965352625642421	230.0	23	1.05	0.95				
	213	2	99.94333387719298	20.36581143157895	0.0	0.0	2	0.9812987937108709	-6.500555992008264	230.0	24	1.05	0.95				
	214	2	73.16606329122808	14.708641589473686	0.0	0.0	2	0.9828171710397845	-6.687358453782311	230.0	26	1.05	0.95				
	215	2	119.55485599649126	24.13725799298246	0.0	0.0	2	0.9915553655352501	-1.2104147169848136	230.0	26	1.05	0.95				
	216	2	37.71446561403509	7.542893122807019	0.0	0.0	2	0.989378684181368	-1.7480631365824955	230.0	26	1.05	0.95				
	217	1	0.0	0.0	0.0	0.0	2	1.0000876741097253	-0.3915845280873115	230.0	27	1.05	0.95				
	218	2	125.58917049473686	25.645836617543864	0.0	0.0	2	1.0013740711229489	-0.8673252145432598	230.0	27	1.05	0.95				
	219	1	68.26318276140351	13.954352277192983	0.0	0.0	2	0.9825009009760178	-1.2574647977749238	230.0	25	1.05	0.95				
	220	1	48.27451598596492	9.805761059649125	0.0	0.0	2	0.9792098145767342	-0.020748583134425957	230.0	25	1.05	0.95				
	221	2	0.0	0.0	0.0	0.0	2	1.0036024795395064	-0.36575708075496155	230.0	27	1.05	0.95				
	222	2	0.0	0.0	0.0	0.0	2	1.021200970564551	4.714595331114495	230.0	27	1.05	0.95				
	223	2	0.0	0.0	0.0	0.0	2	0.978255783512031	0.9843724648561529	230.0	25	1.05	0.95				
	224	1	0.0	0.0	0.0	0.0	2	0.9831718989678333	-4.6524230399721125	230.0	26	1.05	0.95				
	301	2	61.875355907368416	12.604239166315786	0.0	0.0	3	1.0028803686093937	28.535255031600425	138.0	31	1.05	0.95				
	302	2	55.57323632421052	11.458399242105262	0.0	0.0	3	1.0035269573970342	28.1503629287015	138.0	32	1.05	0.95				
	303	1	103.12559317894735	21.198038597894733	0.0	0.0	3	1.0146131202680262	43.82136101692525	138.0	31	1.05	0.95				
	304	1	42.396077195789466	8.593799431578946	0.0	0.0	3	0.9925692320428724	29.761473527622282	138.0	31	1.05	0.95				
	305	1	40.67731730947368	8.020879469473684	0.0	0.0	3	1.0109342553334035	27.950628478469074	138.0	31	1.05	0.95				
	306	1	77.91711484631578	16.041758938947368	0.0	-100.0	3	1.0223743251492892	26.952447829404726	138.0	32	1.05	0.95				
	307	2	71.6149952631579	14.322999052631577	0.0	0.0	3	0.9663656799678025	23.32696570888694	138.0	32	1.05	0.95				
	308	1	97.96931351999999	20.052198673684206	0.0	0.0	3	0.9764028646658528	26.025325661654183	138.0	32	1.05	0.95				
	309	1	100.26099336842105	20.62511863578947	0.0	0.0	3	1.0034274870632667	33.53376667905577	138.0	33	1.05	0.95				
	310	1	111.7193926105263	22.916798484210524	0.0	0.0	3	1.0337197836678715	29.25381898289817	138.0	33	1.05	0.95				
	311	1	0.0	0.0	0.0	0.0	3	0.994694802456328	33.806632713948645	230.0	33	1.05	0.95				
	312	1	0.0	0.0	0.0	0.0	3	1.0010019717533534	34.142539465032286	230.0	33	1.05	0.95				
	313	2	151.82378995789472	30.937677953684208	0.0	0.0	3	1.0044805356247037	37.398442429248014	230.0	34	1.05	0.95				
	314	2	111.14647264842104	22.34387852210526	0.0	0.0	3	0.9883823772199322	33.125150928469516	230.0	36	1.05	0.95				
	315	2	181.61562798736838	36.66687757473684	0.0	0.0	3	0.988431537738127	30.6733073793237	230.0	36	1.05	0.95				
	316	2	57.29199621052631	11.458399242105262	0.0	0.0	3	0.9823943688936262	31.061819283681636	230.0	36	1.05	0.95				
	317	1	0.0	0.0	0.0	0.0	3	0.9930824644620295	32.30481630205123	230.0	37	1.05	0.95				
	318	2	190.78234738105263	38.95855742315789	0.0	0.0	3	0.9860965105556555	28.48151179184711	230.0	37	1.05	0.95				
	319	1	103.69851314105263	21.198038597894733	0.0	0.0	3	0.9905568036632048	31.209201818815547	230.0	35	1.05	0.95				
	320	1	73.33375514947367	14.895919014736842	0.0	0.0	3	0.9992331574516921	31.06450592565469	230.0	35	1.05	0.95				
	321	2	0.0	0.0	0.0	0.0	3	0.9954478960066986	29.68553978453347	230.0	37	1.05	0.95				
	322	2	0.0	0.0	0.0	0.0	3	1.0126571221259717	33.51799637171561	230.0	37	1.05	0.95				
	323	2	0.0	0.0	0.0	0.0	3	1.003902487601803	30.845095832888042	230.0	35	1.05	0.95				
	324	1	0.0	0.0	0.0	0.0	3	0.9962520445047524	37.21910600545971	230.0	36	1.05	0.95				
