%% MATPOWER Case Format : Version 2
function mpc = RTS_GMLC
mpc.version = '2';

%%-----  Power Flow Data  -----%%
%% system MVA base
mpc.baseMVA = 100.0;
%% bus data
%    bus_i    type    Pd    Qd    Gs    Bs    area    Vm    Va    baseKV    zone    Vmax    Vmin
mpc.bus = [
	101	2	49.55121227368422	10.093765463157895	0.0	0.0	1	1.0159891602871176	2.277052327606552	138.0	11	1.05	0.95				
	102	2	44.50432954210527	9.176150421052633	0.0	0.0	1	1.0148026981902252	1.9695860757029091	138.0	12	1.05	0.95				
	103	1	82.58535378947369	16.97587827894737	0.0	0.0	1	1.0278211382925595	2.1631378668343855	138.0	11	1.05	0.95				
	104	1	33.95175655789474	6.8821128157894735	0.0	0.0	1	1.0133577828515707	-1.0719061549820095	138.0	11	1.05	0.95				
	105	1	32.575333994736845	6.423305294736843	0.0	0.0	1	1.0264087254452081	-1.0075258931817388	138.0	11	1.05	0.95				
	106	1	62.397822863157906	12.846610589473686	0.0	-100.0	1	1.040044475442088	-3.3316109781821055	138.0	12	1.05	0.95				
	107	2	57.35094013157895	11.47018802631579	0.0	0.0	1	0.9882211884678843	-10.108582976262392	138.0	12	1.05	0.95				
	108	1	78.4560861	16.058263236842105	0.0	0.0	1	0.99576118952751	-8.185811421260235	138.0	12	1.05	0.95				
	109	1	80.29131618421054	16.517070757894736	0.0	0.0	1	1.0262476553547828	-1.6431634149746999	138.0	13	1.05	0.95				
	110	1	89.46746660526317	18.352300842105265	0.0	0.0	1	1.05	-2.8243087296083518	138.0	13	1.05	0.95				
	111	1	0.0	0.0	0.0	0.0	1	1.0185598698520466	0.6096619138081847	230.0	13	1.05	0.95				
	112	1	0.0	0.0	0.0	0.0	1	1.0149912057280754	0.3674597719095589	230.0	13	1.05	0.95				
	113	3	121.58399307894739	24.77560613684211	0.0	0.0	1	0.9998649979643294	-7.002324609275305e-29	230.0	14	1.05	0.95				
	114	2	89.00865908421054	17.893493321052635	0.0	0.0	1	1.0418930992989903	3.918312653965803	230.0	16	1.05	0.95				
	115	2	145.4419841736842	29.363681347368427	0.0	0.0	1	1.0476606498936734	12.39667761643429	230.0	16	1.05	0.95				
	116	2	45.88075210526316	9.176150421052633	0.0	0.0	1	1.0491664856479843	11.425794692143503	230.0	16	1.05	0.95				
	117	1	0.0	0.0	0.0	0.0	1	1.045268951051477	15.639037142816692	230.0	17	1.05	0.95				
	118	2	152.78290451052635	31.198911431578953	0.0	0.0	1	1.05	15.462596467338406	230.0	17	1.05	0.95				
	119	1	83.04416131052632	16.97587827894737	0.0	0.0	1	1.0463169721561283	8.840829356103992	230.0	15	1.05	0.95				
	120	1	58.727362694736854	11.928995547368421	0.0	0.0	1	1.0482751443002563	7.4536719402512475	230.0	15	1.05	0.95				
	121	2	0.0	0.0	0.0	0.0	1	1.0411329773402282	16.445757229537538	230.0	17	1.05	0.95				
	122	2	0.0	0.0	0.0	0.0	1	1.05	34.424514325772364	230.0	17	1.05	0.95				
	123	2	0.0	0.0	0.0	0.0	1	1.05	7.029684717493084	230.0	15	1.05	0.95				
	124	1	0.0	0.0	0.0	0.0	1	1.027377217998333	8.598835362549236	230.0	16	1.05	0.95				
	201	2	53.71950258947369	10.942861638596492	0.0	0.0	2	1.0236745633273316	-12.157229469032153	138.0	21	1.05	0.95				
	202	2	48.24807177017544	9.94805603508772	0.0	0.0	2	1.0247106408873665	-11.991195920583296	138.0	22	1.05	0.95				
	203	1	89.53250431578948	18.40390366491228	0.0	0.0	2	1.0147847832786192	-10.113283530052374	138.0	21	1.05	0.95				
	204	1	36.80780732982456	7.4610420263157895	0.0	0.0	2	1.015665019629187	-13.51703152505289	138.0	21	1.05	0.95				
	205	1	35.31559892456141	6.963639224561405	0.0	0.0	2	1.0306491353000764	-13.920421332475414	138.0	21	1.05	0.95				
	206	1	67.6467810385965	13.92727844912281	0.0	-100.0	2	1.0421512752046163	-15.349692643939289	138.0	22	1.05	0.95				
	207	2	62.17535021929825	12.43507004385965	0.0	0.0	2	0.9895450314730859	-22.489469165385525	138.0	22	1.05	0.95				
	208	1	85.05587910000001	17.40909806140351	0.0	0.0	2	0.9938491517636519	-20.18009929920057	138.0	22	1.05	0.95				
	209	1	87.04549030701754	17.906500863157895	0.0	0.0	2	1.0228091417416827	-12.72088058716225	138.0	23	1.05	0.95				
	210	1	96.99354634210526	19.89611207017544	0.0	0.0	2	1.05	-14.11089546528991	138.0	23	1.05	0.95				
	211	1	0.0	0.0	0.0	0.0	2	1.0110417418413773	-9.536685126149624	230.0	23	1.05	0.95				
	212	1	0.0	0.0	0.0	0.0	2	1.0112739292327906	-8.891133085140929	230.0	23	1.05	0.95				
	213	2	131.8117424649123	26.859751294736846	0.0	0.0	2	1.0070912171091981	-8.420168096334333	230.0	24	1.05	0.95				
	214	2	96.49614354035089	19.398709268421054	0.0	0.0	2	1.0183745306049239	-6.589987437825324	230.0	26	1.05	0.95				
	215	2	157.67668815614036	31.8337793122807	0.0	0.0	2	1.0342279046399074	0.8446285771968564	230.0	26	1.05	0.95				
	216	2	49.7402801754386	9.94805603508772	0.0	0.0	2	1.0373462815556065	0.572136422973445	230.0	26	1.05	0.95				
	217	1	0.0	0.0	0.0	0.0	2	1.0432948707470635	3.608608531801918	230.0	27	1.05	0.95				
	218	2	165.63513298421054	33.82339051929825	0.0	0.0	2	1.0435769944592121	3.7406313262069526	230.0	27	1.05	0.95				
	219	1	90.02990711754387	18.40390366491228	0.0	0.0	2	1.0353983984344934	-0.2198916333363668	230.0	25	1.05	0.95				
	220	1	63.6675586245614	12.932472845614038	0.0	0.0	2	1.0373720570547331	0.04275965915822862	230.0	25	1.05	0.95				
	221	2	0.0	0.0	0.0	0.0	2	1.0423923507780197	3.5463572647929067	230.0	27	1.05	0.95				
	222	2	0.0	0.0	0.0	0.0	2	1.05	10.076403271476753	230.0	27	1.05	0.95				
	223	2	0.0	0.0	0.0	0.0	2	1.0393563964066541	0.5591234218544668	230.0	25	1.05	0.95				
	224	1	0.0	0.0	0.0	0.0	2	1.0133649902302082	-3.2245805515462522	230.0	26	1.05	0.95				
	301	2	71.35653274105265	14.53559000280702	0.0	0.0	3	1.0155178876406958	-31.42545312430899	138.0	31	1.05	0.95				
	302	2	64.08873773964913	13.214172729824563	0.0	0.0	3	1.0145919360736826	-31.650732554092553	138.0	32	1.05	0.95				
	303	1	118.92755456842106	24.446219550175442	0.0	0.0	3	1.0258309105416337	-20.836968869001282	138.0	31	1.05	0.95				
	304	1	48.892439100350884	9.910629547368421	0.0	0.0	3	1.0079179121297521	-29.479115487460415	138.0	31	1.05	0.95				
	305	1	46.9103131908772	9.249920910877195	0.0	0.0	3	1.0237368759981673	-30.72866267317732	138.0	31	1.05	0.95				
	306	1	89.85637456280703	18.49984182175439	0.0	-100.0	3	1.0351050381959936	-31.06022660202579	138.0	32	1.05	0.95				
	307	2	82.58857956140352	16.517715912280703	0.0	0.0	3	0.9799774972708684	-38.86146719419993	138.0	32	1.05	0.95				
	308	1	112.98117684	23.124802277192984	0.0	0.0	3	0.9811271671954291	-35.645029736542476	138.0	32	1.05	0.95				
	309	1	115.62401138596492	23.785510913684213	0.0	0.0	3	1.026248781602717	-25.00155829136222	138.0	33	1.05	0.95				
	310	1	128.8381841157895	26.428345459649126	0.0	0.0	3	1.05	-27.91337426720801	138.0	33	1.05	0.95				
	311	1	0.0	0.0	0.0	0.0	3	1.0271906564926039	-19.363634955691285	230.0	33	1.05	0.95				
	312	1	0.0	0.0	0.0	0.0	3	1.019982192958337	-18.92079495606772	230.0	33	1.05	0.95				
	313	2	175.08778867017546	35.67826637052632	0.0	0.0	3	1.0391331300913322	-15.768050516619223	230.0	34	1.05	0.95				
	314	2	128.17747547929827	25.767636823157897	0.0	0.0	3	1.0489528231487835	-15.664286321840633	230.0	36	1.05	0.95				
	315	2	209.4446377677193	42.2853527354386	0.0	0.0	3	1.047982645268251	-7.3368029081240325	230.0	36	1.05	0.95				
	316	2	66.07086364912281	13.214172729824563	0.0	0.0	3	1.0486991154448917	-6.32171695098409	230.0	36	1.05	0.95				
	317	1	0.0	0.0	0.0	0.0	3	1.05	-0.5964468579416508	230.0	37	1.05	0.95				
	318	2	220.01597595157895	44.92818728140352	0.0	0.0	3	1.040858020492818	-2.7174258621704195	230.0	37	1.05	0.95				
	319	1	119.5882632049123	24.446219550175442	0.0	0.0	3	1.0446617748280245	-8.208661062976255	230.0	35	1.05	0.95				
	320	1	84.5707054708772	17.178424548771932	0.0	0.0	3	1.0471305484433746	-8.615281311005173	230.0	35	1.05	0.95				
	321	2	0.0	0.0	0.0	0.0	3	1.0441263744783675	-3.6403503204712	230.0	37	1.05	0.95				
	322	2	0.0	0.0	0.0	0.0	3	1.05	1.8955521612417339	230.0	37	1.05	0.95				
	323	2	0.0	0.0	0.0	0.0	3	1.05	-8.35652267763244	230.0	35	1.05	0.95				
	324	1	0.0	0.0	0.0	0.0	3	1.022454896674524	-12.343955875662699	230.0	36	1.05	0.95				
	325	1	0.0	0.0	0.0	0.0	3	1.0385418640296955	-6.390007044014144	230.0	35	1.05	0.95				
];
