%% MATPOWER Case Format : Version 2
function mpc = RTS_GMLC
mpc.version = '2';

%%-----  Power Flow Data  -----%%
%% system MVA base
mpc.baseMVA = 100.0;
%% bus data
%    bus_i    type    Pd    Qd    Gs    Bs    area    Vm    Va    baseKV    zone    Vmax    Vmin
mpc.bus = [
	101	2	48.28203860210527	9.835230085614034	0.0	0.0	1	1.016379256336463	2.40637046500269	138.0	11	1.05	0.95				
	102	2	43.364423559298245	8.941118259649123	0.0	0.0	1	1.0152264838049376	2.0975012664567014	138.0	12	1.05	0.95				
	103	1	80.4700643368421	16.541068780350876	0.0	0.0	1	1.0267528093145284	2.296233784303926	138.0	11	1.05	0.95				
	104	1	33.08213756070175	6.705838694736841	0.0	0.0	1	1.0135054873993343	-0.9914144496250198	138.0	11	1.05	0.95				
	105	1	31.740969821754383	6.258782781754387	0.0	0.0	1	1.0267235537767065	-0.9228918177769032	138.0	11	1.05	0.95				
	106	1	60.79960416561404	12.517565563508773	0.0	-100.0	1	1.0404421835833373	-3.26258042634274	138.0	12	1.05	0.95				
	107	2	55.88198912280702	11.176397824561404	0.0	0.0	1	0.9859949187564939	-9.061297640404497	138.0	12	1.05	0.95				
	108	1	76.44656111999998	15.646956954385963	0.0	0.0	1	0.9953064127122928	-7.557744578455066	138.0	12	1.05	0.95				
	109	1	78.23478477192982	16.09401286736842	0.0	0.0	1	1.0258080669871807	-1.6498100507808813	138.0	13	1.05	0.95				
	110	1	87.17590303157894	17.882236519298246	0.0	0.0	1	1.05	-2.8231566032820337	138.0	13	1.05	0.95				
	111	1	0.0	0.0	0.0	0.0	1	1.0193408097976988	0.5351009158207478	230.0	13	1.05	0.95				
	112	1	0.0	0.0	0.0	0.0	1	1.0141147504439043	-0.14327425388900364	230.0	13	1.05	0.95				
	113	3	118.46981694035085	24.141019301052633	0.0	0.0	1	0.9966622739572941	-7.757459813700433e-30	230.0	14	1.05	0.95				
	114	2	86.72884711859649	17.43518060631579	0.0	0.0	1	1.0468106487083306	3.6903153152574912	230.0	16	1.05	0.95				
	115	2	141.7167244154386	28.611578430877195	0.0	0.0	1	1.043959032171779	12.555524139457948	230.0	16	1.05	0.95				
	116	2	44.705591298245615	8.941118259649123	0.0	0.0	1	1.0448205934091488	11.015474110763604	230.0	16	1.05	0.95				
	117	1	0.0	0.0	0.0	0.0	1	1.0424366700108225	16.60280318087681	230.0	17	1.05	0.95				
	118	2	148.8696190231579	30.39980208280702	0.0	0.0	1	1.0499996881675964	17.012930287581487	230.0	17	1.05	0.95				
	119	1	80.91712024982456	16.541068780350876	0.0	0.0	1	1.0410387359898143	7.505909166383444	230.0	15	1.05	0.95				
	120	1	57.22315686175439	11.62345373754386	0.0	0.0	1	1.0434081841616083	5.30019725551831	230.0	15	1.05	0.95				
	121	2	0.0	0.0	0.0	0.0	1	1.0435554582583466	18.514308274099086	230.0	17	1.05	0.95				
	122	2	0.0	0.0	0.0	0.0	1	1.05	36.47303475015935	230.0	17	1.05	0.95				
	123	2	0.0	0.0	0.0	0.0	1	1.0455816131239624	4.42232833907289	230.0	15	1.05	0.95				
	124	1	0.0	0.0	0.0	0.0	1	1.0246739417921225	8.738277094375373	230.0	16	1.05	0.95				
	201	2	46.851566172631586	9.543837553684211	0.0	0.0	2	1.0194247423099823	-9.920512404730587	138.0	21	1.05	0.95				
	202	2	42.07964739578948	8.676215957894739	0.0	0.0	2	1.019740983530868	-9.906542485875635	138.0	22	1.05	0.95				
	203	1	78.08594362105264	16.050999522105265	0.0	0.0	2	1.013085193023142	-8.19393853814019	138.0	21	1.05	0.95				
	204	1	32.10199904421053	6.5071619684210535	0.0	0.0	2	1.014706189610407	-10.660688869562135	138.0	21	1.05	0.95				
	205	1	30.800566650526317	6.073351170526316	0.0	0.0	2	1.02948497616659	-10.97198684478999	138.0	21	1.05	0.95				
	206	1	58.998268513684216	12.146702341052633	0.0	-100.0	2	1.043031633801122	-12.004984006118	138.0	22	1.05	0.95				
	207	2	54.2263497368421	10.845269947368422	0.0	0.0	2	0.9931963713236086	-17.867378323357876	138.0	22	1.05	0.95				
	208	1	74.18164644000001	15.183377926315789	0.0	0.0	2	0.998711980038341	-15.89899100217172	138.0	22	1.05	0.95				
	209	1	75.91688963157895	15.617188724210527	0.0	0.0	2	1.0228141764988938	-9.482623243139122	138.0	23	1.05	0.95				
	210	1	84.59310558947368	17.352431915789477	0.0	0.0	2	1.05	-10.637854279545422	138.0	23	1.05	0.95				
	211	1	0.0	0.0	0.0	0.0	2	1.0071388302579158	-6.495796863980582	230.0	23	1.05	0.95				
	212	1	0.0	0.0	0.0	0.0	2	1.0083229862548855	-5.268393737032652	230.0	23	1.05	0.95				
	213	2	114.95986144210526	23.425783086315793	0.0	0.0	2	1.0037050483704364	-4.73664345748408	230.0	24	1.05	0.95				
	214	2	84.15929479157896	16.918621117894737	0.0	0.0	2	1.008848247014128	-4.373269709880494	230.0	26	1.05	0.95				
	215	2	137.51802293263157	27.76389106526316	0.0	0.0	2	1.025275711496414	1.0082809378818898	230.0	26	1.05	0.95				
	216	2	43.38107978947369	8.676215957894739	0.0	0.0	2	1.027703868125103	1.2572295542687817	230.0	26	1.05	0.95				
	217	1	0.0	0.0	0.0	0.0	2	1.0349103686739338	2.4979903415989924	230.0	27	1.05	0.95				
	218	2	144.45899569894738	29.499134256842108	0.0	0.0	2	1.0327347576956025	1.9430706228187316	230.0	27	1.05	0.95				
	219	1	78.51975441894737	16.050999522105265	0.0	0.0	2	1.027820427051518	2.053479817540709	230.0	25	1.05	0.95				
	220	1	55.52778213052632	11.279080745263158	0.0	0.0	2	1.0311337393282363	3.585942216646745	230.0	25	1.05	0.95				
	221	2	0.0	0.0	0.0	0.0	2	1.033115725306619	2.434681043756081	230.0	27	1.05	0.95				
	222	2	0.0	0.0	0.0	0.0	2	1.05	8.956052794405114	230.0	27	1.05	0.95				
	223	2	0.0	0.0	0.0	0.0	2	1.0340928523465522	4.753754980217163	230.0	25	1.05	0.95				
	224	1	0.0	0.0	0.0	0.0	2	1.0093266171253252	-2.42994939677119	230.0	26	1.05	0.95				
	301	2	51.01043972210526	10.391015498947368	0.0	0.0	3	1.0103934910793702	-9.184239314939608	138.0	31	1.05	0.95				
	302	2	45.81493197263157	9.44637772631579	0.0	0.0	3	1.009775685697096	-9.315318266078943	138.0	32	1.05	0.95				
	303	1	85.01739953684209	17.47579879368421	0.0	0.0	3	1.0250908248874326	-2.715635704689338	138.0	31	1.05	0.95				
	304	1	34.95159758736842	7.084783294736842	0.0	0.0	3	1.0104205423890875	-7.716704166827542	138.0	31	1.05	0.95				
	305	1	33.53464092842105	6.612464408421053	0.0	0.0	3	1.0240194669501763	-8.620949937505673	138.0	31	1.05	0.95				
	306	1	64.23536853894737	13.224928816842105	0.0	-100.0	3	1.0395952838639473	-8.856351468962716	138.0	32	1.05	0.95				
	307	2	59.03986078947368	11.807972157894737	0.0	0.0	3	0.9949047411426286	-14.069858825653911	138.0	32	1.05	0.95				
	308	1	80.76652956	16.53116102105263	0.0	0.0	3	0.9987846723139707	-11.897493407830888	138.0	32	1.05	0.95				
	309	1	82.65580510526316	17.00347990736842	0.0	0.0	3	1.0262796378791925	-4.477211997500528	138.0	33	1.05	0.95				
	310	1	92.10218283157894	18.89275545263158	0.0	0.0	3	1.05	-6.539123525663524	138.0	33	1.05	0.95				
	311	1	0.0	0.0	0.0	0.0	3	1.0115556538968622	-0.1476231626495508	230.0	33	1.05	0.95				
	312	1	0.0	0.0	0.0	0.0	3	1.010475827721072	0.005183565299424222	230.0	33	1.05	0.95				
	313	2	125.1645048736842	25.50521986105263	0.0	0.0	3	1.0111867420487186	3.0816068320366563	230.0	34	1.05	0.95				
	314	2	91.62986394526314	18.42043656631579	0.0	0.0	3	1.0204378814679496	2.43693941855974	230.0	36	1.05	0.95				
	315	2	149.72508696210525	30.228408724210524	0.0	0.0	3	1.0419151110563494	8.343694938824507	230.0	36	1.05	0.95				
	316	2	47.23188863157895	9.44637772631579	0.0	0.0	3	1.0410893684123304	8.914801340037558	230.0	36	1.05	0.95				
	317	1	0.0	0.0	0.0	0.0	3	1.05	14.781340758571773	230.0	37	1.05	0.95				
	318	2	157.2821891431579	32.117684269473685	0.0	0.0	3	1.0437639997995707	12.036201381182241	230.0	37	1.05	0.95				
	319	1	85.4897184231579	17.47579879368421	0.0	0.0	3	1.0320784982094282	7.205658400481797	230.0	35	1.05	0.95				
	320	1	60.45681744842105	12.280291044210525	0.0	0.0	3	1.0280882157083033	6.614825725899456	230.0	35	1.05	0.95				
	321	2	0.0	0.0	0.0	0.0	3	1.0450044494987918	11.449969138381018	230.0	37	1.05	0.95				
	322	2	0.0	0.0	0.0	0.0	3	1.05	17.099962754815003	230.0	37	1.05	0.95				
	323	2	0.0	0.0	0.0	0.0	3	1.026592572398117	6.6511554824189725	230.0	35	1.05	0.95				
	324	1	0.0	0.0	0.0	0.0	3	1.0217993512127506	4.225507525805607	230.0	36	1.05	0.95				
	325	1	0.0	0.0	0.0	0.0	3	1.0251250952811082	7.653889251640134	230.0	35	1.05	0.95				
];
