%% MATPOWER Case Format : Version 2
function mpc = RTS_GMLC
mpc.version = '2';

%%-----  Power Flow Data  -----%%
%% system MVA base
mpc.baseMVA = 100.0;
%% bus data
%    bus_i    type    Pd    Qd    Gs    Bs    area    Vm    Va    baseKV    zone    Vmax    Vmin
mpc.bus = [
	101	2	40.92083128421053	8.33572489122807	0.0	0.0	1	1.0344711152692305	2.9361927209440384	138.0	11	1.05	0.95				
	102	2	36.75296883859649	7.577931719298246	0.0	0.0	1	1.0335745365096547	2.6816071428581942	138.0	12	1.05	0.95				
	103	1	68.20138547368421	14.019173680701755	0.0	0.0	1	1.0285535701666308	1.2312247796809013	138.0	11	1.05	0.95				
	104	1	28.03834736140351	5.683448789473684	0.0	0.0	1	1.0222282827730116	-0.34090289667090196	138.0	11	1.05	0.95				
	105	1	26.90165760350877	5.304552203508772	0.0	0.0	1	1.0370537940711373	-0.10619883957545743	138.0	11	1.05	0.95				
	106	1	51.52993569122807	10.609104407017544	0.0	-100.0	1	1.0469869678234618	-2.2452308042950526	138.0	12	1.05	0.95				
	107	2	47.362073245614035	9.472414649122808	0.0	0.0	1	1.0013668387952555	-7.094795851172918	138.0	12	1.05	0.95				
	108	1	64.7913162	13.261380508771929	0.0	0.0	1	1.0065771454671042	-5.9643894504614146	138.0	12	1.05	0.95				
	109	1	66.30690254385965	13.640277094736842	0.0	0.0	1	1.0241535015528553	-1.2778925188604988	138.0	13	1.05	0.95				
	110	1	73.8848342631579	15.155863438596493	0.0	0.0	1	1.05	-1.9986923521603785	138.0	13	1.05	0.95				
	111	1	0.0	0.0	0.0	0.0	1	1.0015502581359654	0.18679268568882695	230.0	13	1.05	0.95				
	112	1	0.0	0.0	0.0	0.0	1	1.0064440500252758	0.38412995393128546	230.0	13	1.05	0.95				
	113	3	100.40759528070176	20.460415642105264	0.0	0.0	1	0.9914776836201658	-1.1072131087783787e-30	230.0	14	1.05	0.95				
	114	2	73.50593767719297	14.77696685263158	0.0	0.0	1	0.9978232673978401	2.313397505156846	230.0	16	1.05	0.95				
	115	2	120.11021775087718	24.249381501754385	0.0	0.0	1	1.0329341367573581	7.999181990759732	230.0	16	1.05	0.95				
	116	2	37.88965859649123	7.577931719298246	0.0	0.0	1	1.0289574681984965	7.489880675351545	230.0	16	1.05	0.95				
	117	1	0.0	0.0	0.0	0.0	1	1.0368469105770812	9.556491766951385	230.0	17	1.05	0.95				
	118	2	126.1725631263158	25.764967845614034	0.0	0.0	1	1.038997288678414	9.695199880415675	230.0	17	1.05	0.95				
	119	1	68.58028205964912	14.019173680701755	0.0	0.0	1	1.0225769174476342	6.25275011229118	230.0	15	1.05	0.95				
	120	1	48.49876300350877	9.851311235087719	0.0	0.0	1	1.0195817550343935	5.916271943742068	230.0	15	1.05	0.95				
	121	2	0.0	0.0	0.0	0.0	1	1.0422773077259218	10.69767138544883	230.0	17	1.05	0.95				
	122	2	0.0	0.0	0.0	0.0	1	1.05	16.821095939112084	230.0	17	1.05	0.95				
	123	2	0.0	0.0	0.0	0.0	1	1.018236379344495	6.028563876152202	230.0	15	1.05	0.95				
	124	1	0.0	0.0	0.0	0.0	1	1.022384990558677	5.453085934384019	230.0	16	1.05	0.95				
	201	2	42.04061075368421	8.563828116491228	0.0	0.0	2	1.0269753095369845	-5.981170049244659	138.0	21	1.05	0.95				
	202	2	37.758696695438594	7.785298287719298	0.0	0.0	2	1.0278701781568487	-5.794096273398285	138.0	22	1.05	0.95				
	203	1	70.06768458947367	14.402801832280701	0.0	0.0	2	1.0169815883336017	-5.884949665858843	138.0	21	1.05	0.95				
	204	1	28.805603664561403	5.838973715789473	0.0	0.0	2	1.0190600238425183	-7.467855623919133	138.0	21	1.05	0.95				
	205	1	27.637808921403504	5.449708801403509	0.0	0.0	2	1.0338318860818194	-7.660355907243287	138.0	21	1.05	0.95				
	206	1	52.94002835649123	10.899417602807018	0.0	-100.0	2	1.0460114402659542	-8.957591738392809	138.0	22	1.05	0.95				
	207	2	48.658114298245614	9.731622859649121	0.0	0.0	2	0.9943904388272519	-14.600829041880651	138.0	22	1.05	0.95				
	208	1	66.56430035999999	13.62427200350877	0.0	0.0	2	1.0011696324379482	-12.86972768312927	138.0	22	1.05	0.95				
	209	1	68.12136001754385	14.013536917894736	0.0	0.0	2	1.022523989521233	-7.237109868308533	138.0	23	1.05	0.95				
	210	1	75.90665830526315	15.570596575438596	0.0	0.0	2	1.05	-8.114424878128956	138.0	23	1.05	0.95				
	211	1	0.0	0.0	0.0	0.0	2	1.0020755392196448	-4.871637657810535	230.0	23	1.05	0.95				
	212	1	0.0	0.0	0.0	0.0	2	1.0057509942292542	-4.041945957853836	230.0	23	1.05	0.95				
	213	2	103.15520231228071	21.020305376842106	0.0	0.0	2	0.9952456359406566	-3.6923529832957906	230.0	24	1.05	0.95				
	214	2	75.51739339087719	15.18133166105263	0.0	0.0	2	0.9993661186664106	-2.954374949011698	230.0	26	1.05	0.95				
	215	2	123.39697786035086	24.912954520701753	0.0	0.0	2	1.0175185084666214	2.0090795423049044	230.0	26	1.05	0.95				
	216	2	38.926491438596486	7.785298287719298	0.0	0.0	2	1.0184522803146068	2.117602176440331	230.0	26	1.05	0.95				
	217	1	0.0	0.0	0.0	0.0	2	1.0240316125844409	3.6151560970169747	230.0	27	1.05	0.95				
	218	2	129.62521649052633	26.470014178245616	0.0	0.0	2	1.0232378907259114	3.1034456935714583	230.0	27	1.05	0.95				
	219	1	70.45694950385965	14.402801832280701	0.0	0.0	2	1.018634747945282	2.2059606048168816	230.0	25	1.05	0.95				
	220	1	49.825909041403506	10.120887774035088	0.0	0.0	2	1.0212659845266674	3.054237540789738	230.0	25	1.05	0.95				
	221	2	0.0	0.0	0.0	0.0	2	1.0249710943787536	3.5483575337766746	230.0	27	1.05	0.95				
	222	2	0.0	0.0	0.0	0.0	2	1.0470608719164425	10.101749330614245	230.0	27	1.05	0.95				
	223	2	0.0	0.0	0.0	0.0	2	1.0233340156465778	3.8215783099900156	230.0	25	1.05	0.95				
	224	1	0.0	0.0	0.0	0.0	2	1.0074320877506888	-0.9754858673014283	230.0	26	1.05	0.95				
	301	2	36.79721607031579	7.495729199508771	0.0	0.0	3	1.0120940379543515	-13.731915580715391	138.0	31	1.05	0.95				
	302	2	33.0493514705614	6.814299272280702	0.0	0.0	3	1.0121538459108748	-13.805859912005175	138.0	32	1.05	0.95				
	303	1	61.328693450526316	12.6064536537193	0.0	0.0	3	1.0181289968008078	-9.971650977843053	138.0	31	1.05	0.95				
	304	1	25.2129073074386	5.110724454210526	0.0	0.0	3	1.0131787808817756	-12.642188121555971	138.0	31	1.05	0.95				
	305	1	24.19076241659649	4.770009490596491	0.0	0.0	3	1.0268357237866346	-13.179165935443484	138.0	31	1.05	0.95				
	306	1	46.33723505150877	9.540018981192983	0.0	-100.0	3	1.0440034216631917	-13.305469453414185	138.0	32	1.05	0.95				
	307	2	42.589370451754384	8.517874090350878	0.0	0.0	3	0.994087221947347	-16.84959972638865	138.0	32	1.05	0.95				
	308	1	58.262258777999996	11.925023726491228	0.0	0.0	3	1.0031511062279794	-15.384957779753435	138.0	32	1.05	0.95				
	309	1	59.62511863245614	12.265738690105263	0.0	0.0	3	1.0237539331557595	-10.279826105883608	138.0	33	1.05	0.95				
	310	1	66.43941790473684	13.628598544561404	0.0	0.0	3	1.05	-11.525745362950177	138.0	33	1.05	0.95				
	311	1	0.0	0.0	0.0	0.0	3	1.000324078249329	-6.869355774589329	230.0	33	1.05	0.95				
	312	1	0.0	0.0	0.0	0.0	3	1.006395274900984	-6.346159553394591	230.0	33	1.05	0.95				
	313	2	90.2894653577193	18.398608035157896	0.0	0.0	3	1.0037279457601955	-3.4104482097749225	230.0	34	1.05	0.95				
	314	2	66.0987029411228	13.28788358094737	0.0	0.0	3	0.9910031541624083	-5.695368430543479	230.0	36	1.05	0.95				
	315	2	108.00664346564912	21.805757671298245	0.0	0.0	3	1.013934465364651	-2.853919058330867	230.0	36	1.05	0.95				
	316	2	34.07149636140351	6.814299272280702	0.0	0.0	3	1.0134710587811713	-2.0188688083493003	230.0	36	1.05	0.95				
	317	1	0.0	0.0	0.0	0.0	3	1.0186243342757932	-1.2009142933344406	230.0	37	1.05	0.95				
	318	2	113.45808288347368	23.168617525754385	0.0	0.0	3	1.0179884006758886	-1.3415965810567636	230.0	37	1.05	0.95				
	319	1	61.66940841414035	12.6064536537193	0.0	0.0	3	1.0112951787721944	-2.3538635378945756	230.0	35	1.05	0.95				
	320	1	43.61151534259649	8.858589053964911	0.0	0.0	3	1.0113145836684547	-1.9574340161216248	230.0	35	1.05	0.95				
	321	2	0.0	0.0	0.0	0.0	3	1.0187491974652527	-1.3022027834952217	230.0	37	1.05	0.95				
	322	2	0.0	0.0	0.0	0.0	3	1.0322146875827682	3.195120088333833	230.0	37	1.05	0.95				
	323	2	0.0	0.0	0.0	0.0	3	1.0115940845003688	-1.466853612315608	230.0	35	1.05	0.95				
	324	1	0.0	0.0	0.0	0.0	3	1.0064379815210538	-5.558973451365038	230.0	36	1.05	0.95				
	325	1	0.0	0.0	0.0	0.0	3	1.0111353576081705	-0.4192036933824255	230.0	35	1.05	0.95				
];
