%% MATPOWER Case Format : Version 2
function mpc = RTS_GMLC
mpc.version = '2';

%%-----  Power Flow Data  -----%%
%% system MVA base
mpc.baseMVA = 100.0;
%% bus data
%    bus_i    type    Pd    Qd    Gs    Bs    area    Vm    Va    baseKV    zone    Vmax    Vmin
mpc.bus = [
	101	2	80.90648192842104	16.48095002245614	0.0	0.0	1	1.0333138531954056	1.7826331004831781	138.0	11	1.05	0.95				
	102	2	72.66600691719297	14.98268183859649	0.0	0.0	1	1.032705215138295	1.4942233281878832	138.0	12	1.05	0.95				
	103	1	134.8441365473684	27.717961401403507	0.0	0.0	1	1.021800704802421	1.6918348713357059	138.0	11	1.05	0.95				
	104	1	55.43592280280701	11.237011378947367	0.0	0.0	1	1.0180022166897498	-2.1766347449997387	138.0	11	1.05	0.95				
	105	1	53.18852052701754	10.487877287017543	0.0	0.0	1	1.030449654142786	-2.6912852753285046	138.0	11	1.05	0.95				
	106	1	101.88223650245614	20.975754574035086	0.0	-100.0	1	1.0351210670575874	-5.907087789748744	138.0	12	1.05	0.95				
	107	2	93.64176149122805	18.728352298245614	0.0	0.0	1	1.05	-8.970885909806787	138.0	12	1.05	0.95				
	108	1	128.10192972	26.219693217543856	0.0	0.0	1	1.0246339486152296	-9.172356445145693	138.0	12	1.05	0.95				
	109	1	131.0984660877193	26.96882730947368	0.0	0.0	1	1.0263911440808018	-3.0917428411023056	138.0	13	1.05	0.95				
	110	1	146.08114792631577	29.96536367719298	0.0	0.0	1	1.05	-4.866978746439183	138.0	13	1.05	0.95				
	111	1	0.0	0.0	0.0	0.0	1	1.016481943394182	-0.3078613081328926	230.0	13	1.05	0.95				
	112	1	0.0	0.0	0.0	0.0	1	1.019575085717068	-0.4517249039290399	230.0	13	1.05	0.95				
	113	3	198.5205343614035	40.45324096421052	0.0	0.0	1	1.016989697979625	4.0261322095794576e-32	230.0	14	1.05	0.95				
	114	2	145.33201383438595	29.216229585263154	0.0	0.0	1	1.0233178964249248	3.1013075842699527	230.0	16	1.05	0.95				
	115	2	237.47550714175435	47.94458188350877	0.0	0.0	1	1.040967081957135	13.904263381645965	230.0	16	1.05	0.95				
	116	2	74.91340919298246	14.98268183859649	0.0	0.0	1	1.0398283165930224	12.507442412016617	230.0	16	1.05	0.95				
	117	1	0.0	0.0	0.0	0.0	1	1.0423586941368574	17.654318870546003	230.0	17	1.05	0.95				
	118	2	249.46165261263155	50.94111825122807	0.0	0.0	1	1.05	18.15501742085965	230.0	17	1.05	0.95				
	119	1	135.59327063929825	27.717961401403507	0.0	0.0	1	1.036670305831353	9.13544737853843	230.0	15	1.05	0.95				
	120	1	95.88916376701754	19.47748639017544	0.0	0.0	1	1.0417462121372951	7.178034118707055	230.0	15	1.05	0.95				
	121	2	0.0	0.0	0.0	0.0	1	1.05	19.941037089099446	230.0	17	1.05	0.95				
	122	2	0.0	0.0	0.0	0.0	1	1.05	34.82500809096928	230.0	17	1.05	0.95				
	123	2	0.0	0.0	0.0	0.0	1	1.0466592850895253	6.658474220796095	230.0	15	1.05	0.95				
	124	1	0.0	0.0	0.0	0.0	1	1.0184721540941732	9.364693917511762	230.0	16	1.05	0.95				
	201	2	100.29907129263158	20.431292300350876	0.0	0.0	2	1.05	-21.714904656393394	138.0	21	1.05	0.95				
	202	2	90.08342514245614	18.57390209122807	0.0	0.0	2	1.05	-21.83563711564508	138.0	22	1.05	0.95				
	203	1	167.16511882105263	34.36171886877193	0.0	0.0	2	1.0193157554822143	-16.244853996303302	138.0	21	1.05	0.95				
	204	1	68.72343773754386	13.930426568421051	0.0	0.0	2	1.0173362417882041	-22.524174049628154	138.0	21	1.05	0.95				
	205	1	65.93735242385964	13.00173146385965	0.0	0.0	2	1.0360958564334033	-23.205972056751566	138.0	21	1.05	0.95				
	206	1	126.30253422035086	26.0034629277193	0.0	-100.0	2	1.032433165366218	-24.92672427468943	138.0	22	1.05	0.95				
	207	2	116.08688807017545	23.217377614035087	0.0	0.0	2	0.95	-33.88036174042152	138.0	22	1.05	0.95				
	208	1	158.80686287999998	32.50432865964912	0.0	0.0	2	0.951912656595239	-31.22602472065576	138.0	22	1.05	0.95				
	209	1	162.5216432982456	33.433023764210525	0.0	0.0	2	1.0214493187194482	-19.321242020040053	138.0	23	1.05	0.95				
	210	1	181.09554538947367	37.14780418245614	0.0	0.0	2	1.0458392398601806	-21.813943345698977	138.0	23	1.05	0.95				
	211	1	0.0	0.0	0.0	0.0	2	1.0318028611922878	-14.957221065938295	230.0	23	1.05	0.95				
	212	1	0.0	0.0	0.0	0.0	2	1.0235262000516974	-9.488246504124335	230.0	23	1.05	0.95				
	213	2	246.1042027087719	50.14953564631579	0.0	0.0	2	1.05	-11.61454434147124	230.0	24	1.05	0.95				
	214	2	180.16685028491227	36.219109077894736	0.0	0.0	2	1.05	-12.562717153646059	230.0	26	1.05	0.95				
	215	2	294.3963481459649	59.43648669192982	0.0	0.0	2	1.0418185456998195	-3.401447413637517	230.0	26	1.05	0.95				
	216	2	92.86951045614035	18.57390209122807	0.0	0.0	2	1.046018651007226	-3.3900401022419473	230.0	26	1.05	0.95				
	217	1	0.0	0.0	0.0	0.0	2	1.048315938472923	-0.04896155760501083	230.0	27	1.05	0.95				
	218	2	309.25546981894735	63.15126711017543	0.0	0.0	2	1.05	-0.3275307204183377	230.0	27	1.05	0.95				
	219	1	168.09381392561406	34.36171886877193	0.0	0.0	2	1.0400616414165713	-3.022241153746965	230.0	25	1.05	0.95				
	220	1	118.87297338385964	24.146072718596493	0.0	0.0	2	1.0439615219780456	-0.9590400470491808	230.0	25	1.05	0.95				
	221	2	0.0	0.0	0.0	0.0	2	1.05	-0.4627763080746573	230.0	27	1.05	0.95				
	222	2	0.0	0.0	0.0	0.0	2	1.05	6.211864846382169	230.0	27	1.05	0.95				
	223	2	0.0	0.0	0.0	0.0	2	1.05	0.840638238215305	230.0	25	1.05	0.95				
	224	1	0.0	0.0	0.0	0.0	2	1.0171988442171616	-8.161858757831094	230.0	26	1.05	0.95				
	301	2	103.40461879578949	21.06390382877193	0.0	0.0	3	1.0172801204420376	0.33260136210233937	138.0	31	1.05	0.95				
	302	2	92.8726668814035	19.149003480701758	0.0	0.0	3	1.0164427430294203	-0.1615587664969676	138.0	32	1.05	0.95				
	303	1	172.34103132631583	35.42565643929825	0.0	0.0	3	1.0401207393122247	17.439576810161448	138.0	31	1.05	0.95				
	304	1	70.8513128785965	14.361752610526315	0.0	0.0	3	0.9934603798774584	3.1093305916731317	138.0	31	1.05	0.95				
	305	1	67.97896235649124	13.40430243649123	0.0	0.0	3	1.0097699527273745	0.24313510492398388	138.0	31	1.05	0.95				
	306	1	130.21322366877195	26.80860487298246	0.0	-100.0	3	1.0093874436352952	-0.8489925049461473	138.0	32	1.05	0.95				
	307	2	119.68127175438599	23.936254350877196	0.0	0.0	3	0.95	-4.742298560788128	138.0	32	1.05	0.95				
	308	1	163.72397976000002	33.510756091228075	0.0	0.0	3	0.9555615982225344	-1.4935275046208742	138.0	32	1.05	0.95				
	309	1	167.55378045614034	34.468206265263156	0.0	0.0	3	1.0140321125408323	9.825058828879943	138.0	33	1.05	0.95				
	310	1	186.7027839368421	38.298006961403516	0.0	0.0	3	1.028542021210426	3.314457661918065	138.0	33	1.05	0.95				
	311	1	0.0	0.0	0.0	0.0	3	1.0120785337791933	12.736448207728511	230.0	33	1.05	0.95				
	312	1	0.0	0.0	0.0	0.0	3	1.0126717273346602	13.6045255238422	230.0	33	1.05	0.95				
	313	2	253.72429611929826	51.702309397894744	0.0	0.0	3	1.0398447477916366	20.029534994618647	230.0	34	1.05	0.95				
	314	2	185.745333762807	37.34055678736843	0.0	0.0	3	1.022826921434839	12.242697692703366	230.0	36	1.05	0.95				
	315	2	303.5117051691228	61.27681113824563	0.0	0.0	3	1.049832799236134	13.24456923844718	230.0	36	1.05	0.95				
	316	2	95.74501740350878	19.149003480701758	0.0	0.0	3	1.0448705155479738	14.098759951336246	230.0	36	1.05	0.95				
	317	1	0.0	0.0	0.0	0.0	3	1.05	17.725164636444088	230.0	37	1.05	0.95				
	318	2	318.83090795368423	65.10661183438597	0.0	0.0	3	1.041006341343135	14.066728758056211	230.0	37	1.05	0.95				
	319	1	173.2984815003509	35.42565643929825	0.0	0.0	3	1.0376833791664697	14.589260501085356	230.0	35	1.05	0.95				
	320	1	122.55362227649125	24.893704524912284	0.0	0.0	3	1.0370432530657303	15.389770697389684	230.0	35	1.05	0.95				
	321	2	0.0	0.0	0.0	0.0	3	1.048963269806478	14.449157247980907	230.0	37	1.05	0.95				
	322	2	0.0	0.0	0.0	0.0	3	1.05	20.081760604040582	230.0	37	1.05	0.95				
	323	2	0.0	0.0	0.0	0.0	3	1.0385508179433953	16.017450494133307	230.0	35	1.05	0.95				
	324	1	0.0	0.0	0.0	0.0	3	1.0457779197718535	16.597960766363517	230.0	36	1.05	0.95				
	325	1	0.0	0.0	0.0	0.0	3	1.0395104043904955	16.35391771855177	230.0	35	1.05	0.95				
];

%% generator data
%    bus    Pg    Qg    Qmax    Qmin    Vg    mBase    status    Pmax    Pmin    Pc1    Pc2    Qc1min    Qc1max    Qc2min    Qc2max    ramp_agc    ramp_10    ramp_30    ramp_q    apf
