%% MATPOWER Case Format : Version 2
function mpc = RTS_GMLC
mpc.version = '2';

%%-----  Power Flow Data  -----%%
%% system MVA base
mpc.baseMVA = 100.0;
%% bus data
%    bus_i    type    Pd    Qd    Gs    Bs    area    Vm    Va    baseKV    zone    Vmax    Vmin
mpc.bus = [
	101	2	92.12864919157896	18.766947057543863	0.0	0.0	1	1.0484048967618722	-0.7028417365286644	138.0	11	1.05	0.95				
	102	2	82.74517566280703	17.060860961403513	0.0	0.0	1	1.048193004598606	-0.8586920292898158	138.0	12	1.05	0.95				
	103	1	153.54774865263158	31.562592778596493	0.0	0.0	1	1.0230288765031192	-2.407221324931569	138.0	11	1.05	0.95				
	104	1	63.125185557192985	12.795645721052631	0.0	0.0	1	1.023810858789095	-4.519435895323793	138.0	11	1.05	0.95				
	105	1	60.56605641298246	11.942602672982458	0.0	0.0	1	1.0370331772113988	-4.987687859892379	138.0	11	1.05	0.95				
	106	1	116.01385453754386	23.885205345964916	0.0	-100.0	1	1.0359923891582452	-8.178357194349902	138.0	12	1.05	0.95				
	107	2	106.63038100877193	21.326076201754386	0.0	0.0	1	1.05	-6.830119769401048	138.0	12	1.05	0.95				
	108	1	145.87036122	29.856506682456143	0.0	0.0	1	1.0225907103868839	-9.084903754929645	138.0	12	1.05	0.95				
	109	1	149.2825334122807	30.709549730526316	0.0	0.0	1	1.027219855835579	-5.171380956356431	138.0	13	1.05	0.95				
	110	1	166.34339437368422	34.121721922807026	0.0	0.0	1	1.05	-6.724219732796907	138.0	13	1.05	0.95				
	111	1	0.0	0.0	0.0	0.0	1	1.0160632755598427	-2.2390598769522216	230.0	13	1.05	0.95				
	112	1	0.0	0.0	0.0	0.0	1	1.0181313035227164	-1.3912586206296378	230.0	13	1.05	0.95				
	113	3	226.05640773859653	46.06432459578948	0.0	0.0	1	1.0195597668928997	-1.729654247574062e-30	230.0	14	1.05	0.95				
	114	2	165.49035132561406	33.26867887473684	0.0	0.0	1	1.019058897776166	-0.4669734082249159	230.0	16	1.05	0.95				
	115	2	270.41464623824567	54.59475507649123	0.0	0.0	1	1.043382635467988	7.994277489115524	230.0	16	1.05	0.95				
	116	2	85.30430480701754	17.060860961403513	0.0	0.0	1	1.0424693230288757	7.235824522949778	230.0	16	1.05	0.95				
	117	1	0.0	0.0	0.0	0.0	1	1.0464067080199322	10.647944233236764	230.0	17	1.05	0.95				
	118	2	284.0633350073685	58.00692726877193	0.0	0.0	1	1.0489789029603376	11.432749766240997	230.0	17	1.05	0.95				
	119	1	154.40079170070177	31.562592778596493	0.0	0.0	1	1.0363315785322391	5.722744061984552	230.0	15	1.05	0.95				
	120	1	109.18951015298246	22.179119249824563	0.0	0.0	1	1.0381648292603338	5.636653529037259	230.0	15	1.05	0.95				
	121	2	0.0	0.0	0.0	0.0	1	1.05	12.823685325942856	230.0	17	1.05	0.95				
	122	2	0.0	0.0	0.0	0.0	1	1.05	18.592099885883197	230.0	17	1.05	0.95				
	123	2	0.0	0.0	0.0	0.0	1	1.0416738198139972	6.218646033995448	230.0	15	1.05	0.95				
	124	1	0.0	0.0	0.0	0.0	1	1.022754226420129	4.135925694181695	230.0	16	1.05	0.95				
	201	2	87.9401857263158	17.913741536842107	0.0	0.0	2	1.0394578366474192	-14.991320430964326	138.0	21	1.05	0.95				
	202	2	78.98331495789475	16.28521957894737	0.0	0.0	2	1.0420921888606802	-15.12731689731198	138.0	22	1.05	0.95				
	203	1	146.56697621052632	30.127656221052636	0.0	0.0	2	1.0251053325172186	-10.857326168812854	138.0	21	1.05	0.95				
	204	1	60.25531244210527	12.213914684210527	0.0	0.0	2	1.018939579327378	-16.375093542526834	138.0	21	1.05	0.95				
	205	1	57.81252950526316	11.39965370526316	0.0	0.0	2	1.0343263237857259	-16.90178368699181	138.0	21	1.05	0.95				
	206	1	110.73949313684213	22.79930741052632	0.0	-100.0	2	1.0371435871327122	-18.74148965309717	138.0	22	1.05	0.95				
	207	2	101.78262236842106	20.35652447368421	0.0	0.0	2	0.95	-30.08845930922918	138.0	22	1.05	0.95				
	208	1	139.2386274	28.499134263157895	0.0	0.0	2	0.9560105023061961	-26.302184983189537	138.0	22	1.05	0.95				
	209	1	142.49567131578948	29.313395242105265	0.0	0.0	2	1.0261359258547804	-14.111388672550715	138.0	23	1.05	0.95				
	210	1	158.78089089473687	32.57043915789474	0.0	0.0	2	1.05	-16.283865984725836	138.0	23	1.05	0.95				
	211	1	0.0	0.0	0.0	0.0	2	1.033641514075704	-9.785645101692817	230.0	23	1.05	0.95				
	212	1	0.0	0.0	0.0	0.0	2	1.0270147192694326	-5.955144967839569	230.0	23	1.05	0.95				
	213	2	215.77915942105267	43.9700928631579	0.0	0.0	2	1.05	-7.127605437584859	230.0	24	1.05	0.95				
	214	2	157.9666299157895	31.75617817894737	0.0	0.0	2	1.05	-6.948717173865988	230.0	26	1.05	0.95				
	215	2	258.1207303263158	52.11270265263158	0.0	0.0	2	1.0450342265112147	2.496551119936614	230.0	26	1.05	0.95				
	216	2	81.42609789473684	16.28521957894737	0.0	0.0	2	1.0485515627411082	2.100875349542034	230.0	26	1.05	0.95				
	217	1	0.0	0.0	0.0	0.0	2	1.0490466904523028	5.36538789600302	230.0	27	1.05	0.95				
	218	2	271.1489059894737	55.369746568421064	0.0	0.0	2	1.05	6.029908629744505	230.0	27	1.05	0.95				
	219	1	147.3812371894737	30.127656221052636	0.0	0.0	2	1.0431249689441149	1.7969343447750448	230.0	25	1.05	0.95				
	220	1	104.22540530526317	21.170785452631584	0.0	0.0	2	1.0457660754471836	3.0548311590012287	230.0	25	1.05	0.95				
	221	2	0.0	0.0	0.0	0.0	2	1.05	6.497816161316065	230.0	27	1.05	0.95				
	222	2	0.0	0.0	0.0	0.0	2	1.05	12.565400412641496	230.0	27	1.05	0.95				
	223	2	0.0	0.0	0.0	0.0	2	1.05	4.334883171441289	230.0	25	1.05	0.95				
	224	1	0.0	0.0	0.0	0.0	2	1.0205923816951123	-2.465941266456393	230.0	26	1.05	0.95				
	301	2	76.19107877052632	15.520404934736842	0.0	0.0	3	0.9860440879466941	-2.821411596641131	138.0	31	1.05	0.95				
	302	2	68.4308763031579	14.10945903157895	0.0	0.0	3	0.9873640033456483	-2.9203231840050963	138.0	32	1.05	0.95				
	303	1	126.98513128421054	26.102499208421055	0.0	0.0	3	1.0014615481424227	2.241771479808534	138.0	31	1.05	0.95				
	304	1	52.20499841684211	10.582094273684211	0.0	0.0	3	0.9835600993350155	-0.29372155247616494	138.0	31	1.05	0.95				
	305	1	50.08857956210526	9.876621322105263	0.0	0.0	3	0.9959239903018277	-0.5337260346889213	138.0	31	1.05	0.95				
	306	1	95.94432141473686	19.753242644210527	0.0	-100.0	3	1.0095353489826298	-0.05195982945877204	138.0	32	1.05	0.95				
	307	2	88.18411894736843	17.636823789473684	0.0	0.0	3	0.9654126686485132	-5.60640536481166	138.0	32	1.05	0.95				
	308	1	120.63587472000002	24.69155330526316	0.0	0.0	3	0.9720478140052363	-2.169649621841184	138.0	32	1.05	0.95				
	309	1	123.4577665263158	25.397026256842103	0.0	0.0	3	1.0076784968999513	4.840122997704239	138.0	33	1.05	0.95				
	310	1	137.56722555789474	28.2189180631579	0.0	0.0	3	1.0286802855341635	4.109001290661307	138.0	33	1.05	0.95				
	311	1	0.0	0.0	0.0	0.0	3	1.001055029764175	12.076351853251639	230.0	33	1.05	0.95				
	312	1	0.0	0.0	0.0	0.0	3	1.005084294052633	13.292804993157906	230.0	33	1.05	0.95				
	313	2	186.95033216842106	38.09553938526316	0.0	0.0	3	1.0309965856080943	20.815841822794404	230.0	34	1.05	0.95				
	314	2	136.8617526063158	27.51344511157895	0.0	0.0	3	1.008730677731209	11.748863052989778	230.0	36	1.05	0.95				
	315	2	223.63492565052633	45.150268901052634	0.0	0.0	3	1.0367850009696995	9.092505139313333	230.0	36	1.05	0.95				
	316	2	70.54729515789474	14.10945903157895	0.0	0.0	3	1.0349731145430692	10.240596136316457	230.0	36	1.05	0.95				
	317	1	0.0	0.0	0.0	0.0	3	1.0409613868749603	10.013893635861196	230.0	37	1.05	0.95				
	318	2	234.9224928757895	47.97216070736843	0.0	0.0	3	1.0410489176161413	9.216892502994057	230.0	37	1.05	0.95				
	319	1	127.69060423578948	26.102499208421055	0.0	0.0	3	1.0315029461479772	12.043728248494407	230.0	35	1.05	0.95				
	320	1	90.30053780210527	18.342296741052632	0.0	0.0	3	1.0318878762602843	13.552590232119844	230.0	35	1.05	0.95				
	321	2	0.0	0.0	0.0	0.0	3	1.0431856025799122	10.714183071472277	230.0	37	1.05	0.95				
	322	2	0.0	0.0	0.0	0.0	3	1.05	14.763058530806326	230.0	37	1.05	0.95				
	323	2	0.0	0.0	0.0	0.0	3	1.0324220303744134	14.139827927903013	230.0	35	1.05	0.95				
	324	1	0.0	0.0	0.0	0.0	3	1.0170121526613154	8.500065708815058	230.0	36	1.05	0.95				
	325	1	0.0	0.0	0.0	0.0	3	1.0349691300264114	14.03640778391704	230.0	35	1.05	0.95				
];
