%% MATPOWER Case Format : Version 2
function mpc = RTS_GMLC
mpc.version = '2';

%%-----  Power Flow Data  -----%%
%% system MVA base
mpc.baseMVA = 100.0;
%% bus data
%    bus_i    type    Pd    Qd    Gs    Bs    area    Vm    Va    baseKV    zone    Vmax    Vmin
mpc.bus = [
	101	2	51.60860958315789	10.51286491508772	0.0	0.0	1	1.032684931419884	2.1045109214487168	138.0	11	1.05	0.95				
	102	2	46.35217712561403	9.557149922807017	0.0	0.0	1	1.0322596916477647	1.9749864907160932	138.0	12	1.05	0.95				
	103	1	86.01434930526315	17.68072735719298	0.0	0.0	1	1.0271418827300944	-0.2530234645554351	138.0	11	1.05	0.95				
	104	1	35.36145471438596	7.167862442105262	0.0	0.0	1	1.0204683755216382	-1.2087505752788932	138.0	11	1.05	0.95				
	105	1	33.92788222596491	6.690004945964913	0.0	0.0	1	1.034844908961411	-0.9775335738793695	138.0	11	1.05	0.95				
	106	1	64.98861947508772	13.380009891929825	0.0	-100.0	1	1.0438519053061914	-3.1826090770148063	138.0	12	1.05	0.95				
	107	2	59.73218701754386	11.94643740350877	0.0	0.0	1	1.021966544758978	-3.0678598814957105	138.0	12	1.05	0.95				
	108	1	81.71363183999999	16.725012364912278	0.0	0.0	1	1.0170752463946167	-4.22598367383745	138.0	12	1.05	0.95				
	109	1	83.6250618245614	17.20286986105263	0.0	0.0	1	1.0255684133454146	-1.8764071620603906	138.0	13	1.05	0.95				
	110	1	93.18221174736841	19.114299845614035	0.0	0.0	1	1.05	-2.5931408223618355	138.0	13	1.05	0.95				
	111	1	0.0	0.0	0.0	0.0	1	1.0041924761468028	-0.41046993352104544	230.0	13	1.05	0.95				
	112	1	0.0	0.0	0.0	0.0	1	1.009677281441936	0.2699522777817487	230.0	13	1.05	0.95				
	113	3	126.63223647719298	25.804304791578947	0.0	0.0	1	0.9969729170568958	-1.5753869256399377e-27	230.0	14	1.05	0.95				
	114	2	92.70435425122805	18.636442349473683	0.0	0.0	1	0.9996893408610441	1.1807295439930907	230.0	16	1.05	0.95				
	115	2	151.48082627649123	30.582879752982457	0.0	0.0	1	1.0393125975013489	6.383681678816824	230.0	16	1.05	0.95				
	116	2	47.78574961403508	9.557149922807017	0.0	0.0	1	1.0348585230395286	6.207744770337699	230.0	16	1.05	0.95				
	117	1	0.0	0.0	0.0	0.0	1	1.0430625213926528	7.653142879132418	230.0	17	1.05	0.95				
	118	2	159.12654621473683	32.49430973754386	0.0	0.0	1	1.0457311317686067	7.5243783478975494	230.0	17	1.05	0.95				
	119	1	86.4922068014035	17.68072735719298	0.0	0.0	1	1.0288754843065868	5.658380950652659	230.0	15	1.05	0.95				
	120	1	61.165759505964914	12.424294899649121	0.0	0.0	1	1.027121586877902	6.105218141632342	230.0	15	1.05	0.95				
	121	2	0.0	0.0	0.0	0.0	1	1.05	8.150492504839926	230.0	17	1.05	0.95				
	122	2	0.0	0.0	0.0	0.0	1	1.05	14.472336381956596	230.0	17	1.05	0.95				
	123	2	0.0	0.0	0.0	0.0	1	1.0270474485011554	6.718762331205556	230.0	15	1.05	0.95				
	124	1	0.0	0.0	0.0	0.0	1	1.0259042834395018	3.91026562394821	230.0	16	1.05	0.95				
	201	2	52.32551551578947	10.658901308771929	0.0	0.0	2	1.0306520267043242	-6.31607402061089	138.0	21	1.05	0.95				
	202	2	46.996064861403504	9.689910280701755	0.0	0.0	2	1.0310127964230236	-6.311737749577765	138.0	22	1.05	0.95				
	203	1	87.20919252631577	17.926334019298242	0.0	0.0	2	1.0232488166919733	-5.340833396899238	138.0	21	1.05	0.95				
	204	1	35.852668038596484	7.267432710526315	0.0	0.0	2	1.019019388013274	-8.648413553835413	138.0	21	1.05	0.95				
	205	1	34.399181496491224	6.782937196491227	0.0	0.0	2	1.0340733630397339	-8.846251920745393	138.0	21	1.05	0.95				
	206	1	65.89138990877193	13.565874392982455	0.0	-100.0	2	1.043693274571875	-10.722736659672421	138.0	22	1.05	0.95				
	207	2	60.561939254385955	12.112387850877191	0.0	0.0	2	0.9881387083360565	-18.01899439147097	138.0	22	1.05	0.95				
	208	1	82.84873289999999	16.957342991228067	0.0	0.0	2	0.9937740000142982	-15.788475781216656	138.0	22	1.05	0.95				
	209	1	84.78671495614034	17.441838505263156	0.0	0.0	2	1.0235397458924484	-8.587111565042571	138.0	23	1.05	0.95				
	210	1	94.4766252368421	19.37982056140351	0.0	0.0	2	1.05	-9.87328940717424	138.0	23	1.05	0.95				
	211	1	0.0	0.0	0.0	0.0	2	1.0081318835008917	-5.996865414295759	230.0	23	1.05	0.95				
	212	1	0.0	0.0	0.0	0.0	2	1.0117036108568298	-5.522291841654387	230.0	23	1.05	0.95				
	213	2	128.39131121929825	26.162757757894735	0.0	0.0	2	1.0030967750820567	-5.245951385462827	230.0	24	1.05	0.95				
	214	2	93.99212972280701	18.89532504736842	0.0	0.0	2	1.0109621317239432	-3.3341254539207403	230.0	26	1.05	0.95				
	215	2	153.5850779491228	31.00771289824561	0.0	0.0	2	1.0307280455844425	3.499598532320119	230.0	26	1.05	0.95				
	216	2	48.449551403508764	9.689910280701755	0.0	0.0	2	1.032955154369631	3.3351445798705357	230.0	26	1.05	0.95				
	217	1	0.0	0.0	0.0	0.0	2	1.0376233230309593	6.2382204080488455	230.0	27	1.05	0.95				
	218	2	161.33700617368422	32.945694954385964	0.0	0.0	2	1.0394673148065185	6.832900941952318	230.0	27	1.05	0.95				
	219	1	87.69368804035086	17.926334019298242	0.0	0.0	2	1.032818802245038	2.195408437517952	230.0	25	1.05	0.95				
	220	1	62.01542579649122	12.596883364912278	0.0	0.0	2	1.0363473457049994	2.1385445563912278	230.0	25	1.05	0.95				
	221	2	0.0	0.0	0.0	0.0	2	1.0390103094097212	6.474912795925188	230.0	27	1.05	0.95				
	222	2	0.0	0.0	0.0	0.0	2	1.05	12.883143953504385	230.0	27	1.05	0.95				
	223	2	0.0	0.0	0.0	0.0	2	1.0390662251807925	2.4701887311405533	230.0	25	1.05	0.95				
	224	1	0.0	0.0	0.0	0.0	2	1.0168892949014432	0.18065228197193844	230.0	26	1.05	0.95				
	301	2	55.793736151578955	11.36539069754386	0.0	0.0	3	1.007501801029147	-29.27765295385419	138.0	31	1.05	0.95				
	302	2	50.11104080280702	10.33217336140351	0.0	0.0	3	1.006910897757043	-29.42042575430545	138.0	32	1.05	0.95				
	303	1	92.98956025263159	19.11452071859649	0.0	0.0	3	1.0236767381802612	-22.350239285252613	138.0	31	1.05	0.95				
	304	1	38.22904143719298	7.749130021052632	0.0	0.0	3	1.0082200905393535	-27.70900111774002	138.0	31	1.05	0.95				
	305	1	36.67921543298245	7.232521352982458	0.0	0.0	3	1.021814950158185	-28.59008655004115	138.0	31	1.05	0.95				
	306	1	70.25877885754387	14.465042705964915	0.0	-100.0	3	1.0375606497525878	-28.79752422707543	138.0	32	1.05	0.95				
	307	2	64.57608350877193	12.915216701754387	0.0	0.0	3	0.9919924547226159	-34.660183714830296	138.0	32	1.05	0.95				
	308	1	88.34008224	18.08130338245614	0.0	0.0	3	0.9952100133653582	-32.25136865722817	138.0	32	1.05	0.95				
	309	1	90.40651691228071	18.597912050526315	0.0	0.0	3	1.0265596434427002	-24.20019109261847	138.0	33	1.05	0.95				
	310	1	100.7386902736842	20.66434672280702	0.0	0.0	3	1.05	-26.242926465995104	138.0	33	1.05	0.95				
	311	1	0.0	0.0	0.0	0.0	3	1.015030557201979	-19.360570120454867	230.0	33	1.05	0.95				
	312	1	0.0	0.0	0.0	0.0	3	1.0154096497579532	-18.890273995123145	230.0	33	1.05	0.95				
	313	2	136.9012970385965	27.896868075789477	0.0	0.0	3	1.0203041123398118	-15.760744023688167	230.0	34	1.05	0.95				
	314	2	100.22208160561404	20.147738054736845	0.0	0.0	3	1.0245127523871056	-16.662068826905863	230.0	36	1.05	0.95				
	315	2	163.7649477782456	33.06295475649123	0.0	0.0	3	1.0468301645963627	-10.082167169809678	230.0	36	1.05	0.95				
	316	2	51.66086680701755	10.33217336140351	0.0	0.0	3	1.0460978459593153	-9.778878010181051	230.0	36	1.05	0.95				
	317	1	0.0	0.0	0.0	0.0	3	1.0477158499264534	-7.2645622043517974	230.0	37	1.05	0.95				
	318	2	172.03068646736844	35.12938942877194	0.0	0.0	3	1.0480269392611978	-6.749812088410203	230.0	37	1.05	0.95				
	319	1	93.50616892070175	19.11452071859649	0.0	0.0	3	1.042472621647706	-10.99899774503538	230.0	35	1.05	0.95				
	320	1	66.12590951298246	13.431825369824562	0.0	0.0	3	1.0433015530417287	-11.08745949202623	230.0	35	1.05	0.95				
	321	2	0.0	0.0	0.0	0.0	3	1.05	-6.219816755305056	230.0	37	1.05	0.95				
	322	2	0.0	0.0	0.0	0.0	3	1.05	-0.8545391818782706	230.0	37	1.05	0.95				
	323	2	0.0	0.0	0.0	0.0	3	1.044653083138519	-10.753488751417171	230.0	35	1.05	0.95				
	324	1	0.0	0.0	0.0	0.0	3	1.0226887450949607	-14.625916152084214	230.0	36	1.05	0.95				
	325	1	0.0	0.0	0.0	0.0	3	1.0383729537085147	-9.205785219197393	230.0	35	1.05	0.95				
];
