%% MATPOWER Case Format : Version 2
function mpc = RTS_GMLC
mpc.version = '2';

%%-----  Power Flow Data  -----%%
%% system MVA base
mpc.baseMVA = 100.0;
%% bus data
%    bus_i    type    Pd    Qd    Gs    Bs    area    Vm    Va    baseKV    zone    Vmax    Vmin
mpc.bus = [
	101	2	48.509153886315794	9.881494310175439	0.0	0.0	1	1.0122665926240495	-4.6456167372147315	138.0	11	1.05	0.95				
	102	2	43.56840673122807	8.983176645614035	0.0	0.0	1	1.0120537874371893	-4.904550545769399	138.0	12	1.05	0.95				
	103	1	80.84858981052632	16.618876794385965	0.0	0.0	1	1.0021193504603783	0.45295926729235164	138.0	11	1.05	0.95				
	104	1	33.23775358877193	6.737382484210526	0.0	0.0	1	1.0022040258199734	-4.787501133669287	138.0	11	1.05	0.95				
	105	1	31.890277091929825	6.288223651929825	0.0	0.0	1	1.0158191785085637	-5.95213518509998	138.0	11	1.05	0.95				
	106	1	61.085601190175446	12.57644730385965	0.0	-100.0	1	1.0253111230728493	-7.215810893277002	138.0	12	1.05	0.95				
	107	2	56.14485403508772	11.228970807017543	0.0	0.0	1	0.9866504904174923	-11.105172058900942	138.0	12	1.05	0.95				
	108	1	76.80616031999999	15.72055912982456	0.0	0.0	1	0.9865571876381882	-9.890157762357424	138.0	12	1.05	0.95				
	109	1	78.6027956491228	16.169717962105263	0.0	0.0	1	1.0024889065195663	-3.771126848628222	138.0	13	1.05	0.95				
	110	1	87.58597229473683	17.96635329122807	0.0	0.0	1	1.0302863352366671	-5.79463255769632	138.0	13	1.05	0.95				
	111	1	0.0	0.0	0.0	0.0	1	0.984696564517155	-0.8791176070274357	230.0	13	1.05	0.95				
	112	1	0.0	0.0	0.0	0.0	1	0.9843405781527029	-1.6549368634514694	230.0	13	1.05	0.95				
	113	3	119.02709055438596	24.254576943157897	0.0	0.0	1	0.9675336752963251	3.0227166264781726e-28	230.0	14	1.05	0.95				
	114	2	87.13681346245615	17.51719445894737	0.0	0.0	1	0.9970578492888535	2.365537848378033	230.0	16	1.05	0.95				
	115	2	142.38334983298245	28.746165265964912	0.0	0.0	1	0.9960093948123157	11.555800940066286	230.0	16	1.05	0.95				
	116	2	44.91588322807017	8.983176645614035	0.0	0.0	1	0.9946553729865694	10.047549383932578	230.0	16	1.05	0.95				
	117	1	0.0	0.0	0.0	0.0	1	0.9969754250775481	15.986896689265544	230.0	17	1.05	0.95				
	118	2	149.56989114947368	30.542800595087723	0.0	0.0	1	1.0067410069573204	16.443242746896274	230.0	17	1.05	0.95				
	119	1	81.29774864280702	16.618876794385965	0.0	0.0	1	0.9933026546337914	6.3916754058603376	230.0	15	1.05	0.95				
	120	1	57.492330531929824	11.678129639298247	0.0	0.0	1	0.997521305359737	3.683365820636226	230.0	15	1.05	0.95				
	121	2	0.0	0.0	0.0	0.0	1	1.007252175047594	17.705858283307705	230.0	17	1.05	0.95				
	122	2	0.0	0.0	0.0	0.0	1	1.0121535028513606	36.661265989153556	230.0	17	1.05	0.95				
	123	2	0.0	0.0	0.0	0.0	1	1.0010943187963433	2.5657730126223823	230.0	15	1.05	0.95				
	124	1	0.0	0.0	0.0	0.0	1	0.9850089830677565	7.328929793189887	230.0	16	1.05	0.95				
	201	2	45.83157563368422	9.336061703157895	0.0	0.0	2	1.0105845484068219	-11.42938626306527	138.0	21	1.05	0.95				
	202	2	41.16354478210526	8.487328821052632	0.0	0.0	2	1.0094200222624925	-11.633036975602737	138.0	22	1.05	0.95				
	203	1	76.38595938947368	15.70155831894737	0.0	0.0	2	0.996884748459419	-8.780345784491214	138.0	21	1.05	0.95				
	204	1	31.40311663789474	6.365496615789473	0.0	0.0	2	1.000437870693859	-10.71793652627412	138.0	21	1.05	0.95				
	205	1	30.13001731473684	5.941130174736843	0.0	0.0	2	1.016639372073906	-11.060952689059356	138.0	21	1.05	0.95				
	206	1	57.7138359831579	11.882260349473686	0.0	-100.0	2	1.0279207477459762	-11.38552348175574	138.0	22	1.05	0.95				
	207	2	53.04580513157895	10.60916102631579	0.0	0.0	2	0.9709888148775373	-16.571014339592846	138.0	22	1.05	0.95				
	208	1	72.56666142	14.852825436842105	0.0	0.0	2	0.9788348006749229	-14.597315696150874	138.0	22	1.05	0.95				
	209	1	74.26412718421052	15.277191877894738	0.0	0.0	2	1.0060576521504005	-8.156359876456017	138.0	23	1.05	0.95				
	210	1	82.75145600526315	16.974657642105264	0.0	0.0	2	1.033301818611874	-9.286140010423383	138.0	23	1.05	0.95				
	211	1	0.0	0.0	0.0	0.0	2	0.9876022132970549	-5.664493404060677	230.0	23	1.05	0.95				
	212	1	0.0	0.0	0.0	0.0	2	0.990018800973385	-0.9574272410992999	230.0	23	1.05	0.95				
	213	2	112.45710687894737	22.91578781684211	0.0	0.0	2	0.9845429679103507	-3.2047438025200674	230.0	24	1.05	0.95				
	214	2	82.32708956421052	16.550291201052634	0.0	0.0	2	0.9842996605720662	-4.626081972865935	230.0	26	1.05	0.95				
	215	2	134.5241618136842	27.159452227368426	0.0	0.0	2	0.9923817483792667	0.09021883809244083	230.0	26	1.05	0.95				
	216	2	42.43664410526316	8.487328821052632	0.0	0.0	2	0.9907251136548028	-0.3518634589137159	230.0	26	1.05	0.95				
	217	1	0.0	0.0	0.0	0.0	2	1.000704491339424	0.8839871935576636	230.0	27	1.05	0.95				
	218	2	141.31402487052634	28.85691799157895	0.0	0.0	2	1.0011315113121864	0.4153449023403532	230.0	27	1.05	0.95				
	219	1	76.81032583052632	15.70155831894737	0.0	0.0	2	0.9854017442731219	0.17664199547099482	230.0	25	1.05	0.95				
	220	1	54.31890445473685	11.033527467368422	0.0	0.0	2	0.984064639561223	1.5376033378329217	230.0	25	1.05	0.95				
	221	2	0.0	0.0	0.0	0.0	2	1.0034419361231317	1.0347507810895487	230.0	27	1.05	0.95				
	222	2	0.0	0.0	0.0	0.0	2	1.0217289112156729	6.985209859702384	230.0	27	1.05	0.95				
	223	2	0.0	0.0	0.0	0.0	2	0.9844734521968349	2.642934412194162	230.0	25	1.05	0.95				
	224	1	0.0	0.0	0.0	0.0	2	0.9834125783533257	-3.2825414397568204	230.0	26	1.05	0.95				
	301	2	65.12116418526315	13.265422334035087	0.0	0.0	3	1.0028778167777175	15.018233095885767	138.0	31	1.05	0.95				
	302	2	58.488453018245615	12.059474849122807	0.0	0.0	3	1.0030219749115528	14.886948840331797	138.0	32	1.05	0.95				
	303	1	108.53527364210527	22.310028470877192	0.0	0.0	3	1.0010405110898186	21.712686629110692	138.0	31	1.05	0.95				
	304	1	44.620056941754385	9.044606136842106	0.0	0.0	3	0.9935481323621541	17.072846984661457	138.0	31	1.05	0.95				
	305	1	42.81113571438596	8.441632394385966	0.0	0.0	3	1.0090931807738615	16.457918400360555	138.0	31	1.05	0.95				
	306	1	82.0044289740351	16.883264788771932	0.0	-100.0	3	1.020320181044816	16.579074579105196	138.0	32	1.05	0.95				
	307	2	75.37171780701755	15.074343561403508	0.0	0.0	3	0.9667427374264344	12.46371427920256	138.0	32	1.05	0.95				
	308	1	103.10850995999998	21.10408098596491	0.0	0.0	3	0.9774147453825665	15.29883864798321	138.0	32	1.05	0.95				
	309	1	105.52040492982455	21.707054728421053	0.0	0.0	3	1.007672200020287	21.42139187629145	138.0	33	1.05	0.95				
	310	1	117.57987977894737	24.118949698245615	0.0	0.0	3	1.0328197766342015	19.901768514254773	138.0	33	1.05	0.95				
	311	1	0.0	0.0	0.0	0.0	3	0.992075763887944	26.2882948043051	230.0	33	1.05	0.95				
	312	1	0.0	0.0	0.0	0.0	3	0.9983117291092061	26.696185415444827	230.0	33	1.05	0.95				
	313	2	159.78804175087717	32.56058209263158	0.0	0.0	3	1.0050739455118718	31.876184885636846	230.0	34	1.05	0.95				
	314	2	116.97690603649123	23.51597595578947	0.0	0.0	3	0.9899530699812179	27.055814802552327	230.0	36	1.05	0.95				
	315	2	191.14267635859647	38.59031951719298	0.0	0.0	3	0.9890607744624031	24.893728715892212	230.0	36	1.05	0.95				
	316	2	60.29737424561403	12.059474849122807	0.0	0.0	3	0.9829743151210456	26.119523398376842	230.0	36	1.05	0.95				
	317	1	0.0	0.0	0.0	0.0	3	0.9961754994784104	28.81593923380588	230.0	37	1.05	0.95				
	318	2	200.79025623789474	41.00221448701755	0.0	0.0	3	0.9896708273930257	24.91732989890247	230.0	37	1.05	0.95				
	319	1	109.1382473845614	22.310028470877192	0.0	0.0	3	0.9929855118065014	26.60896662583114	230.0	35	1.05	0.95				
	320	1	77.18063903438596	15.67731730385965	0.0	0.0	3	1.0031961465381118	26.62795298371833	230.0	35	1.05	0.95				
	321	2	0.0	0.0	0.0	0.0	3	0.9968768416687499	25.52986570700901	230.0	37	1.05	0.95				
	322	2	0.0	0.0	0.0	0.0	3	1.0150661798492622	30.69304817271733	230.0	37	1.05	0.95				
	323	2	0.0	0.0	0.0	0.0	3	1.0085347004833694	26.385887339376996	230.0	35	1.05	0.95				
	324	1	0.0	0.0	0.0	0.0	3	0.9905410590915326	25.716961420867356	230.0	36	1.05	0.95				
