%% MATPOWER Case Format : Version 2
function mpc = RTS_GMLC
mpc.version = '2';

%%-----  Power Flow Data  -----%%
%% system MVA base
mpc.baseMVA = 100.0;
%% bus data
%    bus_i    type    Pd    Qd    Gs    Bs    area    Vm    Va    baseKV    zone    Vmax    Vmin
mpc.bus = [
	101	2	53.41217218105263	10.880257296140352	0.0	0.0	1	1.032973889287538	1.9695305945897532	138.0	11	1.05	0.95				
	102	2	47.972043532982454	9.891142996491228	0.0	0.0	1	1.0325435990383285	1.83115852009132	138.0	12	1.05	0.95				
	103	1	89.02028696842105	18.29861454350877	0.0	0.0	1	1.026069499090441	-0.008610404612241756	138.0	11	1.05	0.95				
	104	1	36.59722908701754	7.41835724736842	0.0	0.0	1	1.0201727723013947	-1.302298214833092	138.0	11	1.05	0.95				
	105	1	35.113557637543856	6.92380009754386	0.0	0.0	1	1.0347794031044784	-1.109205504094722	138.0	11	1.05	0.95				
	106	1	67.25977237614036	13.84760019508772	0.0	-100.0	1	1.0434595022892292	-3.3279091502944897	138.0	12	1.05	0.95				
	107	2	61.819643728070176	12.363928745614034	0.0	0.0	1	1.024524592675543	-3.035715732001941	138.0	12	1.05	0.95				
	108	1	84.56927261999999	17.30950024385965	0.0	0.0	1	1.0180266157213447	-4.270103089225356	138.0	12	1.05	0.95				
	109	1	86.54750121929824	17.804057393684207	0.0	0.0	1	1.025325130428065	-1.862203359662746	138.0	13	1.05	0.95				
	110	1	96.43864421578947	19.782285992982455	0.0	0.0	1	1.05	-2.6699763632988485	138.0	13	1.05	0.95				
	111	1	0.0	0.0	0.0	0.0	1	1.0045743268625937	-0.3092014300146724	230.0	13	1.05	0.95				
	112	1	0.0	0.0	0.0	0.0	1	1.0097324174460713	0.2951866950011949	230.0	13	1.05	0.95				
	113	3	131.05764470350877	26.706086090526316	0.0	0.0	1	0.9976826192434011	9.027112609326689e-30	230.0	14	1.05	0.95				
	114	2	95.94408706596491	19.287728843157893	0.0	0.0	1	1.0006875507524333	1.5006709241418115	230.0	16	1.05	0.95				
	115	2	156.77461649438595	31.651657588771933	0.0	0.0	1	1.03748232168582	7.337462355653424	230.0	16	1.05	0.95				
	116	2	49.455714982456136	9.891142996491228	0.0	0.0	1	1.0335189639165059	6.957824181670924	230.0	16	1.05	0.95				
	117	1	0.0	0.0	0.0	0.0	1	1.040712029467935	8.597030593517337	230.0	17	1.05	0.95				
	118	2	164.68753089157894	33.62988618807018	0.0	0.0	1	1.0427067827477876	8.531610376645716	230.0	17	1.05	0.95				
	119	1	89.51484411824562	18.29861454350877	0.0	0.0	1	1.0278656343293742	6.1497299484023085	230.0	15	1.05	0.95				
	120	1	63.303315177543865	12.858485895438596	0.0	0.0	1	1.0266480886439644	6.404045114543579	230.0	15	1.05	0.95				
	121	2	0.0	0.0	0.0	0.0	1	1.0467511115917656	9.600536755873089	230.0	17	1.05	0.95				
	122	2	0.0	0.0	0.0	0.0	1	1.05	15.714605294593468	230.0	17	1.05	0.95				
	123	2	0.0	0.0	0.0	0.0	1	1.0268991998696202	6.923704839825318	230.0	15	1.05	0.95				
	124	1	0.0	0.0	0.0	0.0	1	1.0236802543270935	4.594611988578414	230.0	16	1.05	0.95				
	201	2	56.18447977263159	11.444986620350878	0.0	0.0	2	1.0340196816828342	-6.6937506147454915	138.0	21	1.05	0.95				
	202	2	50.461986462456146	10.404533291228072	0.0	0.0	2	1.0342039293503615	-6.74728340880622	138.0	22	1.05	0.95				
	203	1	93.64079962105264	19.248386588771933	0.0	0.0	2	1.0232288356203088	-5.716902676780861	138.0	21	1.05	0.95				
	204	1	38.496773177543865	7.803399968421052	0.0	0.0	2	1.019710802926405	-9.179494374711396	138.0	21	1.05	0.95				
	205	1	36.93609318385965	7.28317330385965	0.0	0.0	2	1.0352553014241177	-9.348534403432119	138.0	21	1.05	0.95				
	206	1	70.75082638035089	14.5663466077193	0.0	-100.0	2	1.0434048021788784	-11.337197350434026	138.0	22	1.05	0.95				
	207	2	65.02833307017544	13.00566661403509	0.0	0.0	2	0.989056560253878	-19.26029651497105	138.0	22	1.05	0.95				
	208	1	88.95875964000001	18.207933259649124	0.0	0.0	2	0.9926954962984674	-16.82702389154043	138.0	22	1.05	0.95				
	209	1	91.03966629824562	18.728159924210527	0.0	0.0	2	1.0234801323252407	-9.061419238706662	138.0	23	1.05	0.95				
	210	1	101.44419958947368	20.809066582456143	0.0	0.0	2	1.05	-10.400775702524165	138.0	23	1.05	0.95				
	211	1	0.0	0.0	0.0	0.0	2	1.009686735111754	-6.301590196083972	230.0	23	1.05	0.95				
	212	1	0.0	0.0	0.0	0.0	2	1.011335388306762	-5.617437609932158	230.0	23	1.05	0.95				
	213	2	137.86006610877192	28.092239886315795	0.0	0.0	2	1.0056957805600528	-5.341053350132163	230.0	24	1.05	0.95				
	214	2	100.92397292491229	20.288839917894737	0.0	0.0	2	1.0137918529072962	-3.642887872512534	230.0	26	1.05	0.95				
	215	2	164.91185266596491	33.29450653192983	0.0	0.0	2	1.0306378651240098	3.3367467645914566	230.0	26	1.05	0.95				
	216	2	52.02266645614036	10.404533291228072	0.0	0.0	2	1.0326530964820357	3.2760050562811425	230.0	26	1.05	0.95				
	217	1	0.0	0.0	0.0	0.0	2	1.0373247600268931	6.133557124047855	230.0	27	1.05	0.95				
	218	2	173.23547929894738	35.37541319017544	0.0	0.0	2	1.0390480567233435	6.651247102522136	230.0	27	1.05	0.95				
	219	1	94.16102628561404	19.248386588771933	0.0	0.0	2	1.031535494044323	2.4640565166466484	230.0	25	1.05	0.95				
	220	1	66.58901306385965	13.525893278596493	0.0	0.0	2	1.0345325051470595	2.7601727984347626	230.0	25	1.05	0.95				
	221	2	0.0	0.0	0.0	0.0	2	1.0387443008388855	6.302992433792019	230.0	27	1.05	0.95				
	222	2	0.0	0.0	0.0	0.0	2	1.05	12.737353358426581	230.0	27	1.05	0.95				
	223	2	0.0	0.0	0.0	0.0	2	1.037207465593108	3.3126999133409436	230.0	25	1.05	0.95				
	224	1	0.0	0.0	0.0	0.0	2	1.016588172539831	-0.06285903058856038	230.0	26	1.05	0.95				
	301	2	46.24422650526317	9.420120214035089	0.0	0.0	3	1.0075439888081363	-18.418192734242155	138.0	31	1.05	0.95				
	302	2	41.53416639824562	8.563745649122808	0.0	0.0	3	1.0073079910876501	-18.52581407085797	138.0	32	1.05	0.95				
	303	1	77.07371084210527	15.842929450877193	0.0	0.0	3	1.0227299233978158	-13.109513264060038	138.0	31	1.05	0.95				
	304	1	31.685858901754386	6.422809236842106	0.0	0.0	3	1.0101996140830631	-17.0775043911228	138.0	31	1.05	0.95				
	305	1	30.401297054385967	5.994621954385966	0.0	0.0	3	1.0232069452915793	-17.835630234901338	138.0	31	1.05	0.95				
	306	1	58.233470414035104	11.989243908771932	0.0	-100.0	3	1.0402808472092708	-18.02251615454501	138.0	32	1.05	0.95				
	307	2	53.52341030701755	10.70468206140351	0.0	0.0	3	0.9938536838579317	-22.67137978260277	138.0	32	1.05	0.95				
	308	1	73.2200253	14.986554885964914	0.0	0.0	3	1.0000046528121038	-20.74322482499337	138.0	32	1.05	0.95				
	309	1	74.93277442982456	15.414742168421053	0.0	0.0	3	1.0259997960084217	-14.138950737181037	138.0	33	1.05	0.95				
	310	1	83.49652007894738	17.127491298245616	0.0	0.0	3	1.05	-15.874889458495725	138.0	33	1.05	0.95				
	311	1	0.0	0.0	0.0	0.0	3	1.008539390306817	-10.07070356655093	230.0	33	1.05	0.95				
	312	1	0.0	0.0	0.0	0.0	3	1.0109193420876696	-9.720565831595605	230.0	33	1.05	0.95				
	313	2	113.46962985087721	23.122113252631586	0.0	0.0	3	1.010576826665879	-6.688891968166269	230.0	34	1.05	0.95				
	314	2	83.06833279649123	16.699304015789476	0.0	0.0	3	1.0107608062506537	-8.003379764946267	230.0	36	1.05	0.95				
	315	2	135.7353685385965	27.40398607719299	0.0	0.0	3	1.03673593350068	-2.9301483247380387	230.0	36	1.05	0.95				
	316	2	42.81872824561404	8.563745649122808	0.0	0.0	3	1.034867597836427	-2.545806005173806	230.0	36	1.05	0.95				
	317	1	0.0	0.0	0.0	0.0	3	1.0399543216849354	-0.8708012874670829	230.0	37	1.05	0.95				
	318	2	142.58636505789474	29.116735207017552	0.0	0.0	3	1.040227146103797	-0.6190157786449938	230.0	37	1.05	0.95				
	319	1	77.50189812456142	15.842929450877193	0.0	0.0	3	1.0295550776519442	-3.645403612370646	230.0	35	1.05	0.95				
	320	1	54.80797215438598	11.132869343859651	0.0	0.0	3	1.0279452586435205	-3.7754702664484183	230.0	35	1.05	0.95				
	321	2	0.0	0.0	0.0	0.0	3	1.042948761142205	0.10721642209170555	230.0	37	1.05	0.95				
	322	2	0.0	0.0	0.0	0.0	3	1.05	4.04551147279382	230.0	37	1.05	0.95				
	323	2	0.0	0.0	0.0	0.0	3	1.027588541612763	-3.5176424811758737	230.0	35	1.05	0.95				
	324	1	0.0	0.0	0.0	0.0	3	1.0188328397098507	-6.729210342905898	230.0	36	1.05	0.95				
	325	1	0.0	0.0	0.0	0.0	3	1.025700860848029	-2.408960953915366	230.0	35	1.05	0.95				
];
