%% MATPOWER Case Format : Version 2
function mpc = RTS_GMLC
mpc.version = '2';

%%-----  Power Flow Data  -----%%
%% system MVA base
mpc.baseMVA = 100.0;
%% bus data
%    bus_i    type    Pd    Qd    Gs    Bs    area    Vm    Va    baseKV    zone    Vmax    Vmin
mpc.bus = [
	101	2	36.111331023157895	7.356011875087718	0.0	0.0	1	1.0321004408440941	4.0204911864540795	138.0	11	1.05	0.95				
	102	2	32.43332508561404	6.687283522807018	0.0	0.0	1	1.0312212112807613	3.77278398055266	138.0	12	1.05	0.95				
	103	1	60.18555170526315	12.371474517192983	0.0	0.0	1	1.0308842478844193	1.7883007620416596	138.0	11	1.05	0.95				
	104	1	24.742949034385965	5.015462642105263	0.0	0.0	1	1.022165289340303	0.5541148885314813	138.0	11	1.05	0.95				
	105	1	23.73985650596491	4.681098465964912	0.0	0.0	1	1.036303776313396	0.8481357313839839	138.0	11	1.05	0.95				
	106	1	45.47352795508772	9.362196931929825	0.0	-100.0	1	1.0475276536778038	-1.323258162248814	138.0	12	1.05	0.95				
	107	2	41.79552201754386	8.359104403508772	0.0	0.0	1	1.0001134203580688	-7.061662475214454	138.0	12	1.05	0.95				
	108	1	57.176274119999995	11.702746164912279	0.0	0.0	1	1.0070105796205433	-5.530131097108412	138.0	12	1.05	0.95				
	109	1	58.51373082456139	12.03711034105263	0.0	0.0	1	1.0246868360870207	-0.7156757893920905	138.0	13	1.05	0.95				
	110	1	65.20101434736841	13.374567045614036	0.0	0.0	1	1.05	-1.3079137756814139	138.0	13	1.05	0.95				
	111	1	0.0	0.0	0.0	0.0	1	1.001288876104399	0.5043205784814899	230.0	13	1.05	0.95				
	112	1	0.0	0.0	0.0	0.0	1	1.0062606441577666	0.6073275492033694	230.0	13	1.05	0.95				
	113	3	88.60650667719298	18.055665511578948	0.0	0.0	1	0.9891454046114478	1.0690554500759329e-22	230.0	14	1.05	0.95				
	114	2	64.86665017122807	13.040202869473683	0.0	0.0	1	0.9981397809461874	2.5937965804802285	230.0	16	1.05	0.95				
	115	2	105.99344383649121	21.399307272982455	0.0	0.0	1	1.0367201628274945	7.656752552952398	230.0	16	1.05	0.95				
	116	2	33.436417614035086	6.687283522807018	0.0	0.0	1	1.0320744950285714	7.405304862703575	230.0	16	1.05	0.95				
	117	1	0.0	0.0	0.0	0.0	1	1.0411435389761388	9.64288879911116	230.0	17	1.05	0.95				
	118	2	111.34327065473684	22.73676397754386	0.0	0.0	1	1.0451559283375738	9.646191582165178	230.0	17	1.05	0.95				
	119	1	60.519915881403506	12.371474517192983	0.0	0.0	1	1.0248806174945315	6.165349113489137	230.0	15	1.05	0.95				
	120	1	42.79861454596491	8.693468579649123	0.0	0.0	1	1.0206589314573729	5.735590871073533	230.0	15	1.05	0.95				
	121	2	0.0	0.0	0.0	0.0	1	1.0496014245571526	10.41675579098553	230.0	17	1.05	0.95				
	122	2	0.0	0.0	0.0	0.0	1	1.05	18.620873904088878	230.0	17	1.05	0.95				
	123	2	0.0	0.0	0.0	0.0	1	1.0184200353174324	5.762268865079075	230.0	15	1.05	0.95				
	124	1	0.0	0.0	0.0	0.0	1	1.0264293666195545	5.455137023443844	230.0	16	1.05	0.95				
	201	2	41.87061231157895	8.529198804210527	0.0	0.0	2	1.0211416531419204	-9.217218068285572	138.0	21	1.05	0.95				
	202	2	37.606012909473684	7.753817094736842	0.0	0.0	2	1.0214515853159987	-9.19685208752521	138.0	22	1.05	0.95				
	203	1	69.78435385263158	14.344561625263157	0.0	0.0	2	1.0158981682935375	-7.499189512687471	138.0	21	1.05	0.95				
	204	1	28.689123250526315	5.815362821052632	0.0	0.0	2	1.0161928607034982	-10.249260065002973	138.0	21	1.05	0.95				
	205	1	27.526050686315788	5.42767196631579	0.0	0.0	2	1.030958640422091	-10.55166563607771	138.0	21	1.05	0.95				
	206	1	52.725956244210536	10.85534393263158	0.0	-100.0	2	1.0446641078339187	-11.700026294408966	138.0	22	1.05	0.95				
	207	2	48.46135684210526	9.692271368421054	0.0	0.0	2	0.9939114492402766	-16.97033838140314	138.0	22	1.05	0.95				
	208	1	66.29513616	13.569179915789473	0.0	0.0	2	1.0009226429893043	-15.248883580038203	138.0	22	1.05	0.95				
	209	1	67.84589957894737	13.956870770526317	0.0	0.0	2	1.0224156851452102	-9.503725265447637	138.0	23	1.05	0.95				
	210	1	75.59971667368421	15.507634189473684	0.0	0.0	2	1.05	-10.650881872820802	138.0	23	1.05	0.95				
	211	1	0.0	0.0	0.0	0.0	2	1.0034313780636626	-7.036633521358136	230.0	23	1.05	0.95				
	212	1	0.0	0.0	0.0	0.0	2	1.0073942541830654	-6.3756641524908675	230.0	23	1.05	0.95				
	213	2	102.73807650526317	20.935306155789476	0.0	0.0	2	0.9975970361579118	-5.955660052584306	230.0	24	1.05	0.95				
	214	2	75.21202581894737	15.119943334736844	0.0	0.0	2	1.0020586795555562	-4.808293365823635	230.0	26	1.05	0.95				
	215	2	122.89800095157895	24.812214703157895	0.0	0.0	2	1.0185728590028855	0.8153079893983776	230.0	26	1.05	0.95				
	216	2	38.769085473684214	7.753817094736842	0.0	0.0	2	1.0205352554082598	0.6887545800458896	230.0	26	1.05	0.95				
	217	1	0.0	0.0	0.0	0.0	2	1.0253763773370335	2.466731090824737	230.0	27	1.05	0.95				
	218	2	129.10105462736843	26.362978122105268	0.0	0.0	2	1.0246686613786857	1.9457037423173336	230.0	27	1.05	0.95				
	219	1	70.17204470736843	14.344561625263157	0.0	0.0	2	1.021897070834825	0.3814576273327583	230.0	25	1.05	0.95				
	220	1	49.62442940631579	10.079962223157896	0.0	0.0	2	1.0254843780673149	0.8791471588787216	230.0	25	1.05	0.95				
	221	2	0.0	0.0	0.0	0.0	2	1.0262792535786343	2.377205692350054	230.0	27	1.05	0.95				
	222	2	0.0	0.0	0.0	0.0	2	1.048421216175531	8.922215172004316	230.0	27	1.05	0.95				
	223	2	0.0	0.0	0.0	0.0	2	1.027938971420686	1.44995037711114	230.0	25	1.05	0.95				
	224	1	0.0	0.0	0.0	0.0	2	1.007233510181285	-2.321329236348666	230.0	26	1.05	0.95				
	301	2	44.911736791578946	9.148687124210527	0.0	0.0	3	1.0068899163420544	-20.98709092853763	138.0	31	1.05	0.95				
	302	2	40.33739322947368	8.316988294736843	0.0	0.0	3	1.0068345979853155	-21.077888643695943	138.0	32	1.05	0.95				
	303	1	74.85289465263159	15.386428345263159	0.0	0.0	3	1.021430243317588	-16.22664930922535	138.0	31	1.05	0.95				
	304	1	30.772856690526318	6.237741221052631	0.0	0.0	3	1.0103863332213763	-19.59082665486484	138.0	31	1.05	0.95				
	305	1	29.52530844631579	5.82189180631579	0.0	0.0	3	1.0230413869200858	-20.372569096620992	138.0	31	1.05	0.95				
	306	1	56.55552040421053	11.64378361263158	0.0	-100.0	3	1.040521676343016	-20.529370495594748	138.0	32	1.05	0.95				
	307	2	51.981176842105256	10.396235368421053	0.0	0.0	3	0.99303735790888	-24.95276534140591	138.0	32	1.05	0.95				
	308	1	71.11024992	14.554729515789472	0.0	0.0	3	1.0001043717655032	-23.095574867881183	138.0	32	1.05	0.95				
	309	1	72.77364757894738	14.970578930526315	0.0	0.0	3	1.0262850536586525	-16.672549948163358	138.0	33	1.05	0.95				
	310	1	81.09063587368422	16.633976589473686	0.0	0.0	3	1.05	-18.41931229606014	138.0	33	1.05	0.95				
	311	1	0.0	0.0	0.0	0.0	3	1.0073412253189185	-12.881518845025884	230.0	33	1.05	0.95				
	312	1	0.0	0.0	0.0	0.0	3	1.0114132760921246	-12.261811609090433	230.0	33	1.05	0.95				
	313	2	110.20009490526314	22.455868395789473	0.0	0.0	3	1.0108104508263487	-9.28168440702889	230.0	34	1.05	0.95				
	314	2	80.67478645894737	16.218127174736843	0.0	0.0	3	1.0060860975948975	-11.260928100698564	230.0	36	1.05	0.95				
	315	2	131.82426447157894	26.614362543157892	0.0	0.0	3	1.0317466830154545	-7.174632737445212	230.0	36	1.05	0.95				
	316	2	41.58494147368421	8.316988294736843	0.0	0.0	3	1.0311571922161873	-6.50872099176589	230.0	36	1.05	0.95				
	317	1	0.0	0.0	0.0	0.0	3	1.0386100481291258	-3.7502533481094433	230.0	37	1.05	0.95				
	318	2	138.47785510736844	28.277760202105267	0.0	0.0	3	1.0362595829338663	-4.409685058284967	230.0	37	1.05	0.95				
	319	1	75.26874406736842	15.386428345263159	0.0	0.0	3	1.0284122341034503	-6.9519070507159135	230.0	35	1.05	0.95				
	320	1	53.228725086315784	10.812084783157895	0.0	0.0	3	1.0287298103729352	-6.528794727413831	230.0	35	1.05	0.95				
	321	2	0.0	0.0	0.0	0.0	3	1.0370568553060282	-4.778949905989201	230.0	37	1.05	0.95				
	322	2	0.0	0.0	0.0	0.0	3	1.0499999894251009	-0.06506516631003317	230.0	37	1.05	0.95				
	323	2	0.0	0.0	0.0	0.0	3	1.0294871150057179	-5.9770418185673	230.0	35	1.05	0.95				
	324	1	0.0	0.0	0.0	0.0	3	1.0165973687173175	-10.56332952083626	230.0	36	1.05	0.95				
	325	1	0.0	0.0	0.0	0.0	3	1.0259390087951143	-4.601306415361481	230.0	35	1.05	0.95				
];
