%% MATPOWER Case Format : Version 2
function mpc = RTS_GMLC
mpc.version = '2';

%%-----  Power Flow Data  -----%%
%% system MVA base
mpc.baseMVA = 100.0;
%% bus data
%    bus_i    type    Pd    Qd    Gs    Bs    area    Vm    Va    baseKV    zone    Vmax    Vmin
mpc.bus = [
	101	2	45.16922315368422	9.20113804982456	0.0	0.0	1	1.0359211444346665	2.92100928813137	138.0	11	1.05	0.95				
	102	2	40.56865412877193	8.364670954385966	0.0	0.0	1	1.0355112931085728	2.7819143614481328	138.0	12	1.05	0.95				
	103	1	75.28203858947369	15.474641265614036	0.0	0.0	1	1.0298544372332672	0.6342183593309935	138.0	11	1.05	0.95				
	104	1	30.94928253122807	6.273503215789473	0.0	0.0	1	1.0225398199603313	-0.641396334679736	138.0	11	1.05	0.95				
	105	1	29.694581888070175	5.855269668070176	0.0	0.0	1	1.037073028064584	-0.3955971829438669	138.0	11	1.05	0.95				
	106	1	56.87976248982457	11.710539336140352	0.0	-100.0	1	1.0461163926299863	-2.6875582598990366	138.0	12	1.05	0.95				
	107	2	52.27919346491229	10.455838692982457	0.0	0.0	1	1.0008720884249775	-8.109887621991819	138.0	12	1.05	0.95				
	108	1	71.51793666	14.63817417017544	0.0	0.0	1	1.0050503386916587	-6.867268213714527	138.0	12	1.05	0.95				
	109	1	73.1908708508772	15.056407717894738	0.0	0.0	1	1.024892291847125	-1.757141448633744	138.0	13	1.05	0.95				
	110	1	81.55554180526316	16.729341908771932	0.0	0.0	1	1.05	-2.449575169553975	138.0	13	1.05	0.95				
	111	1	0.0	0.0	0.0	0.0	1	1.0033517411293942	-0.13241717880144313	230.0	13	1.05	0.95				
	112	1	0.0	0.0	0.0	0.0	1	1.0084286052653617	0.22657122188959833	230.0	13	1.05	0.95				
	113	3	110.83189014561403	22.58461157684211	0.0	0.0	1	0.9949406843795161	-1.625034276796626e-32	230.0	14	1.05	0.95				
	114	2	81.13730825754386	16.311108361052636	0.0	0.0	1	0.9998803073318219	1.8523199550378058	230.0	16	1.05	0.95				
	115	2	132.58003462701754	26.76694705403509	0.0	0.0	1	1.039113007413581	7.3898580231043	230.0	16	1.05	0.95				
	116	2	41.82335477192983	8.364670954385966	0.0	0.0	1	1.0344690710698818	7.046438432374377	230.0	16	1.05	0.95				
	117	1	0.0	0.0	0.0	0.0	1	1.042571622440192	8.774920058047183	230.0	17	1.05	0.95				
	118	2	139.27177139052634	28.439881244912286	0.0	0.0	1	1.045482156087516	8.697498682610577	230.0	17	1.05	0.95				
	119	1	75.700272137193	15.474641265614036	0.0	0.0	1	1.027614358127413	6.022372345347605	230.0	15	1.05	0.95				
	120	1	53.53389410807018	10.874072240701755	0.0	0.0	1	1.024532469109332	5.940507882365815	230.0	15	1.05	0.95				
	121	2	0.0	0.0	0.0	0.0	1	1.0499999968333797	9.577471875343827	230.0	17	1.05	0.95				
	122	2	0.0	0.0	0.0	0.0	1	1.05	16.34173580611536	230.0	17	1.05	0.95				
	123	2	0.0	0.0	0.0	0.0	1	1.0233362772663106	6.2202898862378015	230.0	15	1.05	0.95				
	124	1	0.0	0.0	0.0	0.0	1	1.0266877380630905	4.862925249678554	230.0	16	1.05	0.95				
	201	2	49.94553755368422	10.174090983157894	0.0	0.0	2	1.0312818397001926	-6.49808658503598	138.0	21	1.05	0.95				
	202	2	44.85849206210526	9.249173621052632	0.0	0.0	2	1.0317059316692807	-6.459206182347476	138.0	22	1.05	0.95				
	203	1	83.24256258947369	17.110971198947368	0.0	0.0	2	1.0184319053618955	-6.697308133875756	138.0	21	1.05	0.95				
	204	1	34.221942397894736	6.936880215789473	0.0	0.0	2	1.0194424021254012	-8.781700285848242	138.0	21	1.05	0.95				
	205	1	32.83456635473684	6.474421534736844	0.0	0.0	2	1.0347738194420744	-8.86394433562115	138.0	21	1.05	0.95				
	206	1	62.8943806231579	12.948843069473687	0.0	-100.0	2	1.0445720017481914	-10.626586534545618	138.0	22	1.05	0.95				
	207	2	57.80733513157895	11.56146702631579	0.0	0.0	2	0.9897323759742662	-17.653800036682824	138.0	22	1.05	0.95				
	208	1	79.08043446	16.186053836842103	0.0	0.0	2	0.9955334548213509	-15.5390748671222	138.0	22	1.05	0.95				
	209	1	80.93026918421053	16.648512517894737	0.0	0.0	2	1.022955463966309	-8.799020958957774	138.0	23	1.05	0.95				
	210	1	90.17944280526316	18.498347242105265	0.0	0.0	2	1.05	-9.795364759726269	138.0	23	1.05	0.95				
	211	1	0.0	0.0	0.0	0.0	2	1.0063142890355015	-6.076083772944374	230.0	23	1.05	0.95				
	212	1	0.0	0.0	0.0	0.0	2	1.0096240373283432	-5.517682100135302	230.0	23	1.05	0.95				
	213	2	122.55155047894736	24.97276877684211	0.0	0.0	2	1.000806301330342	-5.1961588214729275	230.0	24	1.05	0.95				
	214	2	89.71698412421053	18.035888561052634	0.0	0.0	2	1.0079081333040139	-3.523201949085712	230.0	26	1.05	0.95				
	215	2	146.59940189368422	29.597355587368423	0.0	0.0	2	1.0272670520416085	2.931010534925702	230.0	26	1.05	0.95				
	216	2	46.24586810526316	9.249173621052632	0.0	0.0	2	1.028947551553067	2.8723523588478788	230.0	26	1.05	0.95				
	217	1	0.0	0.0	0.0	0.0	2	1.0340012524638043	5.45075057477183	230.0	27	1.05	0.95				
	218	2	153.99874079052634	31.44719031157895	0.0	0.0	2	1.0353145817231888	5.819822200618838	230.0	27	1.05	0.95				
	219	1	83.70502127052633	17.110971198947368	0.0	0.0	2	1.0285820635841272	2.0158179067236714	230.0	25	1.05	0.95				
	220	1	59.194711174736845	12.023925707368424	0.0	0.0	2	1.0315896931289725	2.169627127454954	230.0	25	1.05	0.95				
	221	2	0.0	0.0	0.0	0.0	2	1.035486758495819	5.621519474034712	230.0	27	1.05	0.95				
	222	2	0.0	0.0	0.0	0.0	2	1.05	12.051994381162006	230.0	27	1.05	0.95				
	223	2	0.0	0.0	0.0	0.0	2	1.033973986878764	2.604018135904866	230.0	25	1.05	0.95				
	224	1	0.0	0.0	0.0	0.0	2	1.0120641139670792	-0.6799080766687873	230.0	26	1.05	0.95				
	301	2	58.62954762947369	11.943055998596492	0.0	0.0	3	1.0133096786299252	-19.888304984012603	138.0	31	1.05	0.95				
	302	2	52.65801963017543	10.857323635087718	0.0	0.0	3	1.0120720841196504	-20.14482894451796	138.0	32	1.05	0.95				
	303	1	97.71591271578947	20.08604872491228	0.0	0.0	3	1.044486321869647	-8.472457604885605	138.0	31	1.05	0.95				
	304	1	40.17209744982456	8.142992726315788	0.0	0.0	3	1.0109688109643566	-18.3533808190963	138.0	31	1.05	0.95				
	305	1	38.5434989045614	7.600126544561404	0.0	0.0	3	1.0247498440787661	-20.171838505318902	138.0	31	1.05	0.95				
	306	1	73.82980071859649	15.200253089122809	0.0	-100.0	3	1.0381222492516975	-20.9426527431898	138.0	32	1.05	0.95				
	307	2	67.85827271929824	13.57165454385965	0.0	0.0	3	0.9918497949657161	-26.670179909847228	138.0	32	1.05	0.95				
	308	1	92.83011708	19.000316361403506	0.0	0.0	3	0.9941351677770006	-24.11823004250506	138.0	32	1.05	0.95				
	309	1	95.00158180701754	19.543182543157894	0.0	0.0	3	1.0284250449434953	-14.67917270213743	138.0	33	1.05	0.95				
	310	1	105.85890544210525	21.714647270175437	0.0	0.0	3	1.05	-18.713404896590998	138.0	33	1.05	0.95				
	311	1	0.0	0.0	0.0	0.0	3	1.0143403509620874	-12.588303843619302	230.0	33	1.05	0.95				
	312	1	0.0	0.0	0.0	0.0	3	1.016175521634325	-11.978106102586224	230.0	33	1.05	0.95				
	313	2	143.8595381649123	29.314773814736846	0.0	0.0	3	1.0162255604517834	-9.458531588912141	230.0	34	1.05	0.95				
	314	2	105.31603926035086	21.171781088421053	0.0	0.0	3	1.0187526586079136	-11.158329490134745	230.0	36	1.05	0.95				
	315	2	172.08857961614035	34.7434356322807	0.0	0.0	3	1.0412998973812084	-6.411228555386741	230.0	36	1.05	0.95				
	316	2	54.2866181754386	10.857323635087718	0.0	0.0	3	1.04027679180426	-5.858801738193307	230.0	36	1.05	0.95				
	317	1	0.0	0.0	0.0	0.0	3	1.0441333571015015	-3.936688345242578	230.0	37	1.05	0.95				
	318	2	180.77443852421052	36.914900359298244	0.0	0.0	3	1.0416007797375149	-4.458299995023669	230.0	37	1.05	0.95				
	319	1	98.25877889754386	20.08604872491228	0.0	0.0	3	1.0355651644429205	-6.831691634081268	230.0	35	1.05	0.95				
	320	1	69.4868712645614	14.114520725614035	0.0	0.0	3	1.0357138106783599	-6.643577645590664	230.0	35	1.05	0.95				
	321	2	0.0	0.0	0.0	0.0	3	1.0428624763531906	-4.567597190764275	230.0	37	1.05	0.95				
	322	2	0.0	0.0	0.0	0.0	3	1.05	0.007609331687114025	230.0	37	1.05	0.95				
	323	2	0.0	0.0	0.0	0.0	3	1.0368966603193748	-6.132574666355929	230.0	35	1.05	0.95				
	324	1	0.0	0.0	0.0	0.0	3	1.0372890983072638	-7.188475891520485	230.0	36	1.05	0.95				
	325	1	0.0	0.0	0.0	0.0	3	1.033142943500096	-4.823836347063066	230.0	35	1.05	0.95				
];
