%% MATPOWER Case Format : Version 2
function mpc = RTS_GMLC
mpc.version = '2';

%%-----  Power Flow Data  -----%%
%% system MVA base
mpc.baseMVA = 100.0;
%% bus data
%    bus_i    type    Pd    Qd    Gs    Bs    area    Vm    Va    baseKV    zone    Vmax    Vmin
mpc.bus = [
	101	2	48.30875802947369	9.840672931929825	0.0	0.0	1	1.0364928531247428	0.6124585611531909	138.0	11	1.05	0.95				
	102	2	43.38842156350877	8.946066301754387	0.0	0.0	1	1.0354791532856424	0.3272527491189761	138.0	12	1.05	0.95				
	103	1	80.51459671578948	16.550222658245612	0.0	0.0	1	1.0302753862443257	-0.279041337759888	138.0	11	1.05	0.95				
	104	1	33.100445316491225	6.709549726315789	0.0	0.0	1	1.0221794674715443	-2.54654700221995	138.0	11	1.05	0.95				
	105	1	31.75853537122807	6.262246411228071	0.0	0.0	1	1.0372269196924502	-2.4101474109799574	138.0	11	1.05	0.95				
	106	1	60.83325085192983	12.524492822456143	0.0	-100.0	1	1.0455874109669143	-4.600769608116607	138.0	12	1.05	0.95				
	107	2	55.91291438596492	11.182582877192983	0.0	0.0	1	1.0010436106815523	-9.154917884984435	138.0	12	1.05	0.95				
	108	1	76.48886688	15.655616028070174	0.0	0.0	1	1.004411091365859	-8.200441191187837	138.0	12	1.05	0.95				
	109	1	78.27808014035088	16.102919343157897	0.0	0.0	1	1.024583294879318	-3.114658500787889	138.0	13	1.05	0.95				
	110	1	87.22414644210527	17.892132603508774	0.0	0.0	1	1.05	-4.0750683477713325	138.0	13	1.05	0.95				
	111	1	0.0	0.0	0.0	0.0	1	1.0041500192870543	-1.0077068686636899	230.0	13	1.05	0.95				
	112	1	0.0	0.0	0.0	0.0	1	1.0075906919297566	-1.2584023841629308	230.0	13	1.05	0.95				
	113	3	118.5353784982456	24.154379014736843	0.0	0.0	1	0.996409652419881	-2.4202456831472984e-31	230.0	14	1.05	0.95				
	114	2	86.77684312701754	17.444829288421055	0.0	0.0	1	1.0026628304755218	0.8298440365305542	230.0	16	1.05	0.95				
	115	2	141.795150882807	28.627412165614036	0.0	0.0	1	1.0379844633332145	7.2493316628625735	230.0	16	1.05	0.95				
	116	2	44.73033150877193	8.946066301754387	0.0	0.0	1	1.0328675994323746	6.0510028371161955	230.0	16	1.05	0.95				
	117	1	0.0	0.0	0.0	0.0	1	1.0409844123546086	9.7743415618646	230.0	17	1.05	0.95				
	118	2	148.95200392421054	30.416625425964916	0.0	0.0	1	1.0454034675075312	10.703217721125641	230.0	17	1.05	0.95				
	119	1	80.9619000308772	16.550222658245612	0.0	0.0	1	1.0214740593523026	3.6903060529304397	230.0	15	1.05	0.95				
	120	1	57.25482433122807	11.629886192280702	0.0	0.0	1	1.015421591520881	2.2896358383177895	230.0	15	1.05	0.95				
	121	2	0.0	0.0	0.0	0.0	1	1.0481816357492226	12.167596568477174	230.0	17	1.05	0.95				
	122	2	0.0	0.0	0.0	0.0	1	1.05	17.749690602052542	230.0	17	1.05	0.95				
	123	2	0.0	0.0	0.0	0.0	1	1.0127949735104353	1.8659305582875843	230.0	15	1.05	0.95				
	124	1	0.0	0.0	0.0	0.0	1	1.0253846591994729	4.426037525610127	230.0	16	1.05	0.95				
	201	2	48.109554530526324	9.800094441403509	0.0	0.0	2	1.0147951212887436	-8.762035857799269	138.0	21	1.05	0.95				
	202	2	43.209507309824566	8.909176764912281	0.0	0.0	2	1.0140024178356357	-8.985028158310296	138.0	22	1.05	0.95				
	203	1	80.18259088421054	16.481977015087722	0.0	0.0	2	1.0141239863824603	-6.524036137125331	138.0	21	1.05	0.95				
	204	1	32.963954030175444	6.68188257368421	0.0	0.0	2	1.0122846374627086	-8.188209865876832	138.0	21	1.05	0.95				
	205	1	31.6275775154386	6.236423735438597	0.0	0.0	2	1.026784045506924	-8.487022308931985	138.0	21	1.05	0.95				
	206	1	60.582402001403516	12.472847470877195	0.0	-100.0	2	1.041444010610143	-8.875536010071055	138.0	22	1.05	0.95				
	207	2	55.68235478070176	11.136470956140352	0.0	0.0	2	0.9974679990427479	-14.295824399918626	138.0	22	1.05	0.95				
	208	1	76.17346134	15.59105933859649	0.0	0.0	2	1.0010283737467511	-12.256173493266049	138.0	22	1.05	0.95				
	209	1	77.95529669298246	16.036518176842105	0.0	0.0	2	1.0243154741249962	-5.699508596104906	138.0	23	1.05	0.95				
	210	1	86.86447345789475	17.818353529824563	0.0	0.0	2	1.05	-6.7798684234265885	138.0	23	1.05	0.95				
	211	1	0.0	0.0	0.0	0.0	2	1.0055597944450945	-3.0834007798328287	230.0	23	1.05	0.95				
	212	1	0.0	0.0	0.0	0.0	2	1.0113253378090958	1.5827171534606672	230.0	23	1.05	0.95				
	213	2	118.04659213508772	24.054777265263162	0.0	0.0	2	1.002708138576747	-0.5524727694828354	230.0	24	1.05	0.95				
	214	2	86.41901461964913	17.37289469157895	0.0	0.0	2	1.0033287381548757	-2.0186274331613854	230.0	26	1.05	0.95				
	215	2	141.21045172385965	28.5093656477193	0.0	0.0	2	1.0200338757021872	2.1826426366350735	230.0	26	1.05	0.95				
	216	2	44.54588382456141	8.909176764912281	0.0	0.0	2	1.0196148185999185	2.243006337812811	230.0	26	1.05	0.95				
	217	1	0.0	0.0	0.0	0.0	2	1.0242996475102406	2.856971823426233	230.0	27	1.05	0.95				
	218	2	148.33779313578947	30.291201000701758	0.0	0.0	2	1.0236604771676363	2.4801876620252292	230.0	27	1.05	0.95				
	219	1	80.62804972245614	16.481977015087722	0.0	0.0	2	1.0184395380334053	2.816934530498115	230.0	25	1.05	0.95				
	220	1	57.0187312954386	11.581929794385966	0.0	0.0	2	1.0207373420744354	4.196361499557602	230.0	25	1.05	0.95				
	221	2	0.0	0.0	0.0	0.0	2	1.0259753768898958	3.180403146729654	230.0	27	1.05	0.95				
	222	2	0.0	0.0	0.0	0.0	2	1.0476482756798262	9.573213863015345	230.0	27	1.05	0.95				
	223	2	0.0	0.0	0.0	0.0	2	1.023142831482477	5.297343970157272	230.0	25	1.05	0.95				
	224	1	0.0	0.0	0.0	0.0	2	1.0070442071268892	-1.091080603176537	230.0	26	1.05	0.95				
	301	2	62.985764008421064	12.830433409122808	0.0	0.0	3	0.9935648130634092	2.768461831422628	138.0	31	1.05	0.95				
	302	2	56.570547303859655	11.664030371929826	0.0	0.0	3	0.993531383748889	2.7376041352969755	138.0	32	1.05	0.95				
	303	1	104.97627334736843	21.578456188070177	0.0	0.0	3	1.0111714973523849	5.418045939025644	138.0	31	1.05	0.95				
	304	1	43.156912376140355	8.74802277894737	0.0	0.0	3	1.0001288162235613	4.711891822483427	138.0	31	1.05	0.95				
	305	1	41.40730782035088	8.164821260350879	0.0	0.0	3	1.0126843694618304	4.778438307419483	138.0	31	1.05	0.95				
	306	1	79.31540652912282	16.329642520701757	0.0	-100.0	3	1.031834908056909	5.234991391503617	138.0	32	1.05	0.95				
	307	2	72.90018982456141	14.580037964912282	0.0	0.0	3	0.9903637115815652	1.1961502973235592	138.0	32	1.05	0.95				
	308	1	99.72745968000001	20.412053150877192	0.0	0.0	3	0.9999072060645238	3.8193136938677563	138.0	32	1.05	0.95				
	309	1	102.06026575438598	20.995254669473685	0.0	0.0	3	1.0260174309522985	8.701286681901363	138.0	33	1.05	0.95				
	310	1	113.7242961263158	23.328060743859652	0.0	0.0	3	1.05	8.640714741119465	138.0	33	1.05	0.95				
	311	1	0.0	0.0	0.0	0.0	3	1.015817139578145	14.635030275785137	230.0	33	1.05	0.95				
	312	1	0.0	0.0	0.0	0.0	3	1.0212696735185327	15.920726561339963	230.0	33	1.05	0.95				
	313	2	154.54840242807018	31.492882004210532	0.0	0.0	3	1.0407353678651694	22.736344164427067	230.0	34	1.05	0.95				
	314	2	113.14109460771931	22.744859225263163	0.0	0.0	3	1.0161670125146416	13.35712480570604	230.0	36	1.05	0.95				
	315	2	184.87488139508773	37.32489719017544	0.0	0.0	3	1.0267371960222633	7.8610344198265745	230.0	36	1.05	0.95				
	316	2	58.32015185964913	11.664030371929826	0.0	0.0	3	1.028364074356723	9.017244755318476	230.0	36	1.05	0.95				
	317	1	0.0	0.0	0.0	0.0	3	1.0305900284168457	8.357464851786682	230.0	37	1.05	0.95				
	318	2	194.20610569263158	39.65770326456141	0.0	0.0	3	1.02801309685835	7.385216568602331	230.0	37	1.05	0.95				
	319	1	105.55947486596493	21.578456188070177	0.0	0.0	3	1.0291156551653178	11.523588081272019	230.0	35	1.05	0.95				
	320	1	74.64979438035088	15.163239483508772	0.0	0.0	3	1.0336698927620647	13.860766174318792	230.0	35	1.05	0.95				
	321	2	0.0	0.0	0.0	0.0	3	1.0296426613791847	8.108495372680165	230.0	37	1.05	0.95				
	322	2	0.0	0.0	0.0	0.0	3	1.0433615050931142	12.568327996598509	230.0	37	1.05	0.95				
	323	2	0.0	0.0	0.0	0.0	3	1.0361365218257266	14.716739929605884	230.0	35	1.05	0.95				
	324	1	0.0	0.0	0.0	0.0	3	1.0182299082905855	9.100765832392874	230.0	36	1.05	0.95				
	325	1	0.0	0.0	0.0	0.0	3	1.038377769781487	14.50618646460738	230.0	35	1.05	0.95				
];
