%% MATPOWER Case Format : Version 2
function mpc = RTS_GMLC
mpc.version = '2';

%%-----  Power Flow Data  -----%%
%% system MVA base
mpc.baseMVA = 100.0;
%% bus data
%    bus_i    type    Pd    Qd    Gs    Bs    area    Vm    Va    baseKV    zone    Vmax    Vmin
mpc.bus = [
	101	2	39.87877289684211	8.123453738245615	0.0	0.0	1	1.0208895379569243	3.0634632618463	138.0	11	1.05	0.95				
	102	2	35.81704602771929	7.384957943859649	0.0	0.0	1	1.0195357508756995	2.6999523968968773	138.0	12	1.05	0.95				
	103	1	66.46462149473685	13.662172196140352	0.0	0.0	1	1.0294136562759282	2.9251577395605732	138.0	11	1.05	0.95				
	104	1	27.324344392280704	5.538718457894737	0.0	0.0	1	1.0164071817825697	-0.35993601479860055	138.0	11	1.05	0.95				
	105	1	26.216600700701754	5.169470560701755	0.0	0.0	1	1.0300302662511784	-0.24993944557023565	138.0	11	1.05	0.95				
	106	1	50.217714018245616	10.33894112140351	0.0	-100.0	1	1.0436734028262935	-2.5396792429364003	138.0	12	1.05	0.95				
	107	2	46.15598714912281	9.231197429824562	0.0	0.0	1	0.9845126414812544	-10.851643037737185	138.0	12	1.05	0.95				
	108	1	63.14139042	12.923676401754387	0.0	0.0	1	0.9952663755410476	-8.14809880787721	138.0	12	1.05	0.95				
	109	1	64.61838200877193	13.292924298947367	0.0	0.0	1	1.0248387402176349	-1.3230550970836745	138.0	13	1.05	0.95				
	110	1	72.00333995263158	14.769915887719298	0.0	0.0	1	1.05	-2.397747233973362	138.0	13	1.05	0.95				
	111	1	0.0	0.0	0.0	0.0	1	1.0126190667914283	0.729632727475042	230.0	13	1.05	0.95				
	112	1	0.0	0.0	0.0	0.0	1	1.0113093458149116	-0.38961947709875466	230.0	13	1.05	0.95				
	113	3	97.85069275614035	19.939386448421054	0.0	0.0	1	0.9924360477770244	-8.31508900572203e-31	230.0	14	1.05	0.95				
	114	2	71.63409205543859	14.400667990526317	0.0	0.0	1	1.0312514850244465	3.9465531919987744	230.0	16	1.05	0.95				
	115	2	117.05158341017543	23.631865420350877	0.0	0.0	1	1.0414424744880733	12.506595712523406	230.0	16	1.05	0.95				
	116	2	36.924789719298246	7.384957943859649	0.0	0.0	1	1.0393980387895703	10.789863448221393	230.0	16	1.05	0.95				
	117	1	0.0	0.0	0.0	0.0	1	1.0396408177733065	16.47360245104629	230.0	17	1.05	0.95				
	118	2	122.95954976526315	25.108857009122808	0.0	0.0	1	1.048301503502187	16.926917765239807	230.0	17	1.05	0.95				
	119	1	66.83386939192982	13.662172196140352	0.0	0.0	1	1.0330052818826265	6.619343390905443	230.0	15	1.05	0.95				
	120	1	47.263730840701754	9.600445327017544	0.0	0.0	1	1.0335850384254974	3.6903143371831044	230.0	15	1.05	0.95				
	121	2	0.0	0.0	0.0	0.0	1	1.0417541185174206	18.300446855778933	230.0	17	1.05	0.95				
	122	2	0.0	0.0	0.0	0.0	1	1.05	36.27415636677276	230.0	17	1.05	0.95				
	123	2	0.0	0.0	0.0	0.0	1	1.0348419839246297	2.361741226338611	230.0	15	1.05	0.95				
	124	1	0.0	0.0	0.0	0.0	1	1.0249351395885546	8.924526322434025	230.0	16	1.05	0.95				
	201	2	46.78356683368421	9.529985836491226	0.0	0.0	2	1.0092780957895044	-19.463906656810302	138.0	21	1.05	0.95				
	202	2	42.01857391543859	8.663623487719297	0.0	0.0	2	1.0085317095160582	-19.789275449730646	138.0	22	1.05	0.95				
	203	1	77.97261138947368	16.0277034522807	0.0	0.0	2	1.0091066112468698	-14.026380941090665	138.0	21	1.05	0.95				
	204	1	32.0554069045614	6.4977176157894725	0.0	0.0	2	1.00882199912518	-19.354503000491317	138.0	21	1.05	0.95				
	205	1	30.755863381403504	6.064536441403509	0.0	0.0	2	1.0242933689526665	-19.926814146362513	138.0	21	1.05	0.95				
	206	1	58.91263971649122	12.129072882807018	0.0	-100.0	2	1.0404423122421735	-20.72401735243772	138.0	22	1.05	0.95				
	207	2	54.14764679824561	10.829529359649122	0.0	0.0	2	0.9921770439778811	-25.900667954750663	138.0	22	1.05	0.95				
	208	1	74.07398082	15.161341103508768	0.0	0.0	2	0.9978974735881974	-23.93465861942836	138.0	22	1.05	0.95				
	209	1	75.80670551754385	15.594522277894734	0.0	0.0	2	1.021829972979703	-17.19982759088763	138.0	23	1.05	0.95				
	210	1	84.47032900526314	17.327246975438594	0.0	0.0	2	1.05	-18.991983598094816	138.0	23	1.05	0.95				
	211	1	0.0	0.0	0.0	0.0	2	1.00956850034584	-14.06033626600728	230.0	23	1.05	0.95				
	212	1	0.0	0.0	0.0	0.0	2	1.0125403637931742	-13.440393903029277	230.0	23	1.05	0.95				
	213	2	114.79301121228069	23.391783416842106	0.0	0.0	2	1.0099832979529775	-12.802010915324809	230.0	24	1.05	0.95				
	214	2	84.03714783087717	16.89406580105263	0.0	0.0	2	1.01270160112048	-11.061789937146612	230.0	26	1.05	0.95				
	215	2	137.31843228035086	27.723595160701752	0.0	0.0	2	1.02490137071228	-3.587004930688141	230.0	26	1.05	0.95				
	216	2	43.31811743859649	8.663623487719297	0.0	0.0	2	1.028603739789412	-4.193091291711879	230.0	26	1.05	0.95				
	217	1	0.0	0.0	0.0	0.0	2	1.0328009721703908	-2.083878191804427	230.0	27	1.05	0.95				
	218	2	144.2493310705263	29.45631985824561	0.0	0.0	2	1.0312462407634442	-2.6438684184882706	230.0	27	1.05	0.95				
	219	1	78.40579256385965	16.0277034522807	0.0	0.0	2	1.032264305697031	-4.8336144529458425	230.0	25	1.05	0.95				
	220	1	55.447190321403504	11.262710534035088	0.0	0.0	2	1.0383518842692663	-4.551886799606225	230.0	25	1.05	0.95				
	221	2	0.0	0.0	0.0	0.0	2	1.032121366965614	-2.1540485530034656	230.0	27	1.05	0.95				
	222	2	0.0	0.0	0.0	0.0	2	1.05	4.3685127733474935	230.0	27	1.05	0.95				
	223	2	0.0	0.0	0.0	0.0	2	1.0422996103360505	-4.075279159353387	230.0	25	1.05	0.95				
	224	1	0.0	0.0	0.0	0.0	2	1.0061612996332634	-7.475999611093993	230.0	26	1.05	0.95				
	301	2	55.879152176842105	11.382790258245615	0.0	0.0	3	1.034357647901115	-3.191578723705577	138.0	31	1.05	0.95				
	302	2	50.187757047719295	10.34799114385965	0.0	0.0	3	1.0296350922060706	-3.5319997835474948	138.0	32	1.05	0.95				
	303	1	93.13192029473684	19.14378361614035	0.0	0.0	3	1.05	12.526838430243053	138.0	31	1.05	0.95				
	304	1	38.2875672322807	7.760993357894737	0.0	0.0	3	1.010655376966675	-2.0694443579910566	138.0	31	1.05	0.95				
	305	1	36.73536856070175	7.243593800701756	0.0	0.0	3	1.0314889874949236	-4.194177370309041	138.0	31	1.05	0.95				
	306	1	70.36633977824562	14.487187601403512	0.0	-100.0	3	1.0360397771489505	-5.367166133706396	138.0	32	1.05	0.95				
	307	2	64.6749446491228	12.934988929824561	0.0	0.0	3	0.95	-4.456799009742345	138.0	32	1.05	0.95				
	308	1	88.47532428	18.108984501754385	0.0	0.0	3	0.9681517342976591	-4.7921255508216385	138.0	32	1.05	0.95				
	309	1	90.54492250877193	18.62638405894737	0.0	0.0	3	1.012102083912478	1.3114960892578094	138.0	33	1.05	0.95				
	310	1	100.89291365263158	20.6959822877193	0.0	0.0	3	1.040938510358308	-3.5589738383047407	138.0	33	1.05	0.95				
	311	1	0.0	0.0	0.0	0.0	3	0.9995356101440888	0.5407667152644222	230.0	33	1.05	0.95				
	312	1	0.0	0.0	0.0	0.0	3	1.002556370224624	1.5662996318683362	230.0	33	1.05	0.95				
	313	2	137.11088265614035	27.939576088421052	0.0	0.0	3	0.9991398817279415	3.374082151468318	230.0	34	1.05	0.95				
	314	2	100.37551409543859	20.17858273052632	0.0	0.0	3	0.9969883670443034	-0.16503780002482754	230.0	36	1.05	0.95				
	315	2	164.01565963017543	33.11357166035088	0.0	0.0	3	1.0496743875694874	2.2847909650537117	230.0	36	1.05	0.95				
	316	2	51.739955719298244	10.34799114385965	0.0	0.0	3	1.0364126487028078	1.9893210782200579	230.0	36	1.05	0.95				
	317	1	0.0	0.0	0.0	0.0	3	1.04981056589432	4.375992252076323	230.0	37	1.05	0.95				
	318	2	172.29405254526318	35.18316988912281	0.0	0.0	3	1.0499999980450592	2.6739663038681254	230.0	37	1.05	0.95				
	319	1	93.64931985192983	19.14378361614035	0.0	0.0	3	1.0215832822418769	2.141756432088146	230.0	35	1.05	0.95				
	320	1	66.22714332070176	13.452388487017544	0.0	0.0	3	1.012737617317024	3.2997797610438933	230.0	35	1.05	0.95				
	321	2	0.0	0.0	0.0	0.0	3	1.05	3.1357630266808525	230.0	37	1.05	0.95				
	322	2	0.0	0.0	0.0	0.0	3	1.05	7.970290698302878	230.0	37	1.05	0.95				
	323	2	0.0	0.0	0.0	0.0	3	1.009284327985577	4.356560240802438	230.0	35	1.05	0.95				
	324	1	0.0	0.0	0.0	0.0	3	1.046585557394526	6.198237580418425	230.0	36	1.05	0.95				
	325	1	0.0	0.0	0.0	0.0	3	1.0081143762858744	5.554160045113903	230.0	35	1.05	0.95				
];
