%% MATPOWER Case Format : Version 2
function mpc = RTS_GMLC
mpc.version = '2';

%%-----  Power Flow Data  -----%%
%% system MVA base
mpc.baseMVA = 100.0;
%% bus data
%    bus_i    type    Pd    Qd    Gs    Bs    area    Vm    Va    baseKV    zone    Vmax    Vmin
mpc.bus = [
	101	2	36.40524492884211	7.415883226245615	0.0	0.0	1	0.9886946498440444	-5.29878501747258	138.0	11	1.05	0.95				
	102	2	32.6973033157193	6.74171202385965	0.0	0.0	1	0.9886015855378418	-5.475146782189199	138.0	12	1.05	0.95				
	103	1	60.67540821473685	12.472167244140351	0.0	0.0	1	1.019964335959472	1.3919317235987525	138.0	11	1.05	0.95				
	104	1	24.944334488280703	5.056284017894737	0.0	0.0	1	1.0032958896080875	-4.768315377849323	138.0	11	1.05	0.95				
	105	1	23.933077684701754	4.719198416701755	0.0	0.0	1	1.015109925182655	-5.572131328744313	138.0	11	1.05	0.95				
	106	1	45.84364176224562	9.43839683340351	0.0	-100.0	1	1.0383230543312987	-6.16249590403445	138.0	12	1.05	0.95				
	107	2	42.13570014912281	8.427140029824562	0.0	0.0	1	0.9879177677278846	-10.520563403309986	138.0	12	1.05	0.95				
	108	1	57.641637804	11.797996041754386	0.0	0.0	1	0.9994567612100355	-8.691464688754444	138.0	12	1.05	0.95				
	109	1	58.98998020877193	12.13508164294737	0.0	0.0	1	1.0247163666679793	-2.792774246880777	138.0	13	1.05	0.95				
	110	1	65.73169223263157	13.4834240477193	0.0	0.0	1	1.05	-4.738554001410637	138.0	13	1.05	0.95				
	111	1	0.0	0.0	0.0	0.0	1	1.016947086541797	0.298816529344222	230.0	13	1.05	0.95				
	112	1	0.0	0.0	0.0	0.0	1	1.0126845659131927	-1.0662555250496815	230.0	13	1.05	0.95				
	113	3	89.32768431614035	18.202622464421054	0.0	0.0	1	0.9979790998237097	9.445105624373236e-32	230.0	14	1.05	0.95				
	114	2	65.3946066314386	13.146338446526318	0.0	0.0	1	1.0442295135828	4.530816121828143	230.0	16	1.05	0.95				
	115	2	106.85613557817544	21.57347847635088	0.0	0.0	1	1.038078269224055	14.7532512735649	230.0	16	1.05	0.95				
	116	2	33.70856011929825	6.74171202385965	0.0	0.0	1	1.0384465284822648	12.740843250916809	230.0	16	1.05	0.95				
	117	1	0.0	0.0	0.0	0.0	1	1.037588816946004	19.13252656646495	230.0	17	1.05	0.95				
	118	2	112.24950519726318	22.92182088112281	0.0	0.0	1	1.0467936828364168	19.89340230353716	230.0	17	1.05	0.95				
	119	1	61.01249381592982	12.472167244140351	0.0	0.0	1	1.034197375377275	8.100563523111521	230.0	15	1.05	0.95				
	120	1	43.14695695270176	8.764225631017544	0.0	0.0	1	1.037325117551993	4.716625534532091	230.0	15	1.05	0.95				
	121	2	0.0	0.0	0.0	0.0	1	1.0403226296146086	21.48244146276897	230.0	17	1.05	0.95				
	122	2	0.0	0.0	0.0	0.0	1	1.05	39.46769188465965	230.0	17	1.05	0.95				
	123	2	0.0	0.0	0.0	0.0	1	1.040151023859504	3.1188298433731623	230.0	15	1.05	0.95				
	124	1	0.0	0.0	0.0	0.0	1	1.0144129662417498	9.780301684351167	230.0	16	1.05	0.95				
	201	2	38.11364708210527	7.7638910722807015	0.0	0.0	2	1.0077561719459633	-15.882758468948708	138.0	21	1.05	0.95				
	202	2	34.23170154596491	7.058082792982456	0.0	0.0	2	1.0067433310973855	-16.175018025955058	138.0	22	1.05	0.95				
	203	1	63.522745136842104	13.057453167017544	0.0	0.0	2	1.0129301112363644	-11.927662124824284	138.0	21	1.05	0.95				
	204	1	26.114906334035087	5.293562094736842	0.0	0.0	2	1.0101133387740044	-16.03567352307309	138.0	21	1.05	0.95				
	205	1	25.05619391508772	4.94065795508772	0.0	0.0	2	1.024660423546112	-16.45874999831735	138.0	21	1.05	0.95				
	206	1	47.994962992280705	9.88131591017544	0.0	-100.0	2	1.0422845244534122	-17.247397259659675	138.0	22	1.05	0.95				
	207	2	44.113017456140355	8.82260349122807	0.0	0.0	2	0.9910924983172053	-21.34611129836494	138.0	22	1.05	0.95				
	208	1	60.34660788	12.351644887719297	0.0	0.0	2	1.000656832871235	-19.822703083171454	138.0	22	1.05	0.95				
	209	1	61.758224438596486	12.70454902736842	0.0	0.0	2	1.022441281542049	-14.448268121056714	138.0	23	1.05	0.95				
	210	1	68.81630723157895	14.116165585964913	0.0	0.0	2	1.05	-15.889763171359796	138.0	23	1.05	0.95				
	211	1	0.0	0.0	0.0	0.0	2	1.0044051366653985	-11.902849233334098	230.0	23	1.05	0.95				
	212	1	0.0	0.0	0.0	0.0	2	1.0118467068673196	-11.484790297787697	230.0	23	1.05	0.95				
	213	2	93.51959700701754	19.056823541052633	0.0	0.0	2	1.0014304630077524	-10.933478595734051	230.0	24	1.05	0.95				
	214	2	68.46340309192982	13.763261446315791	0.0	0.0	2	1.0023209210227078	-9.357188965213886	230.0	26	1.05	0.95				
	215	2	111.87061226877194	22.58586493754386	0.0	0.0	2	1.0242421391088845	-2.8070778614622247	230.0	26	1.05	0.95				
	216	2	35.29041396491228	7.058082792982456	0.0	0.0	2	1.0266912730599143	-3.711590033458033	230.0	26	1.05	0.95				
	217	1	0.0	0.0	0.0	0.0	2	1.032857448223847	-1.3100871608833877	230.0	27	1.05	0.95				
	218	2	117.51707850315789	23.997481496140352	0.0	0.0	2	1.0315553459947224	-1.7251047220892899	230.0	27	1.05	0.95				
	219	1	63.87564927649123	13.057453167017544	0.0	0.0	2	1.0322064727466993	-4.454017461522493	230.0	25	1.05	0.95				
	220	1	45.17172987508772	9.175507630877194	0.0	0.0	2	1.0389938118919801	-4.409697448524968	230.0	25	1.05	0.95				
	221	2	0.0	0.0	0.0	0.0	2	1.032088907125386	-1.2875173449975057	230.0	27	1.05	0.95				
	222	2	0.0	0.0	0.0	0.0	2	1.0499999983608388	5.198583371154354	230.0	27	1.05	0.95				
	223	2	0.0	0.0	0.0	0.0	2	1.0428996025831552	-4.121323386702375	230.0	25	1.05	0.95				
	224	1	0.0	0.0	0.0	0.0	2	1.0087252507126807	-6.2177347367279765	230.0	26	1.05	0.95				
	301	2	42.315090176842105	8.619740591578948	0.0	0.0	3	1.0196310490398173	11.039102533732931	138.0	31	1.05	0.95				
	302	2	38.005219881052625	7.836127810526317	0.0	0.0	3	1.0178162945503233	10.68950310258547	138.0	32	1.05	0.95				
	303	1	70.52515029473683	14.496836449473683	0.0	0.0	3	1.05	25.758830800782896	138.0	31	1.05	0.95				
	304	1	28.993672898947366	5.877095857894736	0.0	0.0	3	1.010292165839435	11.895961301852445	138.0	31	1.05	0.95				
	305	1	27.81825372736842	5.485289467368421	0.0	0.0	3	1.0269281072415362	9.35457970878514	138.0	31	1.05	0.95				
	306	1	53.28566911157895	10.970578934736842	0.0	-100.0	3	1.0386998784383754	7.920024738697323	138.0	32	1.05	0.95				
	307	2	48.975798815789474	9.795159763157894	0.0	0.0	3	0.95	4.913565624226135	138.0	32	1.05	0.95				
	308	1	66.99889277999999	13.713223668421051	0.0	0.0	3	0.9720372469147563	6.560465978430059	138.0	32	1.05	0.95				
	309	1	68.56611834210527	14.105030058947369	0.0	0.0	3	1.0159257674909505	14.52885851613954	138.0	33	1.05	0.95				
	310	1	76.40224615263158	15.672255621052633	0.0	0.0	3	1.0437071211492885	8.920634848759482	138.0	33	1.05	0.95				
	311	1	0.0	0.0	0.0	0.0	3	1.003303550101185	12.043697123856374	230.0	33	1.05	0.95				
	312	1	0.0	0.0	0.0	0.0	3	1.008018644012972	12.337086745047849	230.0	33	1.05	0.95				
	313	2	103.82869348947368	21.157545088421053	0.0	0.0	3	1.0011599431452114	12.127174855428498	230.0	34	1.05	0.95				
	314	2	76.01043976210525	15.280449230526315	0.0	0.0	3	0.9990900515425124	12.394288041568007	230.0	36	1.05	0.95				
	315	2	124.20262579684209	25.075608993684213	0.0	0.0	3	1.0481586505495037	15.662111356041502	230.0	36	1.05	0.95				
	316	2	39.18063905263158	7.836127810526317	0.0	0.0	3	1.031507320551812	15.196831377884198	230.0	36	1.05	0.95				
	317	1	0.0	0.0	0.0	0.0	3	1.05	18.56584612945462	230.0	37	1.05	0.95				
	318	2	130.47152804526317	26.642834555789474	0.0	0.0	3	1.0497612451854732	15.6319057875805	230.0	37	1.05	0.95				
	319	1	70.91695668526316	14.496836449473683	0.0	0.0	3	1.022604654095895	14.210392061487942	230.0	35	1.05	0.95				
	320	1	50.151217987368426	10.18696615368421	0.0	0.0	3	1.0174557594891498	14.115701307786386	230.0	35	1.05	0.95				
	321	2	0.0	0.0	0.0	0.0	3	1.05	16.284904366852	230.0	37	1.05	0.95				
	322	2	0.0	0.0	0.0	0.0	3	1.05	21.52828119365666	230.0	37	1.05	0.95				
	323	2	0.0	0.0	0.0	0.0	3	1.0150174957018494	14.373644363543828	230.0	35	1.05	0.95				
	324	1	0.0	0.0	0.0	0.0	3	1.0456920613261305	19.52150521909741	230.0	36	1.05	0.95				
	325	1	0.0	0.0	0.0	0.0	3	1.016156201440204	14.991486690639428	230.0	35	1.05	0.95				
];
