%% MATPOWER Case Format : Version 2
function mpc = RTS_GMLC
mpc.version = '2';

%%-----  Power Flow Data  -----%%
%% system MVA base
mpc.baseMVA = 100.0;
%% bus data
%    bus_i    type    Pd    Qd    Gs    Bs    area    Vm    Va    baseKV    zone    Vmax    Vmin
mpc.bus = [
	101	2	51.08758040842106	10.40672934245614	0.0	0.0	1	1.0332118211519687	1.8773538005133001	138.0	11	1.05	0.95				
	102	2	45.88421573719298	9.460663038596492	0.0	0.0	1	1.032789796707826	1.7545829999919158	138.0	12	1.05	0.95				
	103	1	85.14596734736843	17.502226621403512	0.0	0.0	1	1.027150178183417	-0.7070995065851728	138.0	11	1.05	0.95				
	104	1	35.004453242807024	7.095497278947368	0.0	0.0	1	1.0207987185314815	-1.4246318568756247	138.0	11	1.05	0.95				
	105	1	33.585353787017546	6.622464127017545	0.0	0.0	1	1.0352006513167633	-1.1714147275623628	138.0	11	1.05	0.95				
	106	1	64.33250866245615	13.24492825403509	0.0	-100.0	1	1.044138023575001	-3.353620866156151	138.0	12	1.05	0.95				
	107	2	59.12914399122807	11.825828798245615	0.0	0.0	1	1.0183460282165087	-3.40233539732127	138.0	12	1.05	0.95				
	108	1	80.88866898	16.55616031754386	0.0	0.0	1	1.015094533095876	-4.495007406865517	138.0	12	1.05	0.95				
	109	1	82.7808015877193	17.029193469473686	0.0	0.0	1	1.025561221508509	-2.109772309898664	138.0	13	1.05	0.95				
	110	1	92.24146462631579	18.921326077192983	0.0	0.0	1	1.05	-2.7702900676380597	138.0	13	1.05	0.95				
	111	1	0.0	0.0	0.0	0.0	1	1.0041353850351895	-0.6360555499515774	230.0	13	1.05	0.95				
	112	1	0.0	0.0	0.0	0.0	1	1.0096389613638725	0.1526653071679968	230.0	13	1.05	0.95				
	113	3	125.3537852614035	25.54379020421053	0.0	0.0	1	0.997102231642925	-3.44496900150314e-29	230.0	14	1.05	0.95				
	114	2	91.76843147438596	18.44829292526316	0.0	0.0	1	0.9993191475286787	0.7379128976301417	230.0	16	1.05	0.95				
	115	2	149.9515091617544	30.274121723508774	0.0	0.0	1	1.039104178075723	5.480255577121048	230.0	16	1.05	0.95				
	116	2	47.30331519298246	9.460663038596492	0.0	0.0	1	1.0345939881797905	5.4345158302239	230.0	16	1.05	0.95				
	117	1	0.0	0.0	0.0	0.0	1	1.0428301432442382	6.624361723584535	230.0	17	1.05	0.95				
	118	2	157.52003959263158	32.166254331228075	0.0	0.0	1	1.0454171880104708	6.3363557617451844	230.0	17	1.05	0.95				
	119	1	85.61900049929825	17.502226621403512	0.0	0.0	1	1.0287387046074628	5.157691274583529	230.0	15	1.05	0.95				
	120	1	60.54824344701755	12.29886195017544	0.0	0.0	1	1.0270275571915082	5.834182022896238	230.0	15	1.05	0.95				
	121	2	0.0	0.0	0.0	0.0	1	1.05	6.960784327895357	230.0	17	1.05	0.95				
	122	2	0.0	0.0	0.0	0.0	1	1.05	13.612432606709579	230.0	17	1.05	0.95				
	123	2	0.0	0.0	0.0	0.0	1	1.027028470717965	6.570819309795427	230.0	15	1.05	0.95				
	124	1	0.0	0.0	0.0	0.0	1	1.026200489609408	3.1754929355459596	230.0	16	1.05	0.95				
	201	2	48.26255312842106	9.831260822456143	0.0	0.0	2	1.0303629516913606	-4.635903770477318	138.0	21	1.05	0.95				
	202	2	43.34692271719299	8.937509838596492	0.0	0.0	2	1.0307212604736333	-4.614302693388187	138.0	22	1.05	0.95				
	203	1	80.43758854736843	16.53439320140351	0.0	0.0	2	1.0236422677361212	-4.40097398356649	138.0	21	1.05	0.95				
	204	1	33.06878640280702	6.703132378947369	0.0	0.0	2	1.0196071488621534	-7.067465737710847	138.0	21	1.05	0.95				
	205	1	31.728159927017547	6.256256887017546	0.0	0.0	2	1.0344075538408894	-7.189068147715379	138.0	21	1.05	0.95				
	206	1	60.77506690245615	12.512513774035092	0.0	-100.0	2	1.0446573325348825	-9.044486306290981	138.0	22	1.05	0.95				
	207	2	55.859436491228074	11.171887298245615	0.0	0.0	2	0.9879892813771696	-15.824671993296379	138.0	22	1.05	0.95				
	208	1	76.41570912	15.64064221754386	0.0	0.0	2	0.9953302050216316	-13.803843383798629	138.0	22	1.05	0.95				
	209	1	78.20321108771931	16.087517709473687	0.0	0.0	2	1.0235997574703488	-7.253249480677017	138.0	23	1.05	0.95				
	210	1	87.1407209263158	17.875019677192984	0.0	0.0	2	1.05	-8.356924165818207	138.0	23	1.05	0.95				
	211	1	0.0	0.0	0.0	0.0	2	1.0059193868873983	-4.869159384842347	230.0	23	1.05	0.95				
	212	1	0.0	0.0	0.0	0.0	2	1.0109350360071978	-4.55279418485272	230.0	23	1.05	0.95				
	213	2	118.42200536140352	24.13127656421053	0.0	0.0	2	0.9992325018054972	-4.304234414700567	230.0	24	1.05	0.95				
	214	2	86.69384543438598	17.42814418526316	0.0	0.0	2	1.0070048041962485	-2.3194647246760023	230.0	26	1.05	0.95				
	215	2	141.6595309417544	28.600031483508776	0.0	0.0	2	1.030269641301317	4.110593680654886	230.0	26	1.05	0.95				
	216	2	44.68754919298246	8.937509838596492	0.0	0.0	2	1.0320590709816588	3.928972057282079	230.0	26	1.05	0.95				
	217	1	0.0	0.0	0.0	0.0	2	1.037285691229381	6.770869514343217	230.0	27	1.05	0.95				
	218	2	148.8095388126316	30.387533451228077	0.0	0.0	2	1.0393217799089918	7.452026853008686	230.0	27	1.05	0.95				
	219	1	80.88446403929825	16.53439320140351	0.0	0.0	2	1.0318971185296935	2.5989713806095356	230.0	25	1.05	0.95				
	220	1	57.20006296701755	11.618762790175442	0.0	0.0	2	1.0350683722414729	2.3077096554628986	230.0	25	1.05	0.95				
	221	2	0.0	0.0	0.0	0.0	2	1.038781855255329	7.087749991900958	230.0	27	1.05	0.95				
	222	2	0.0	0.0	0.0	0.0	2	1.05	13.46421829931056	230.0	27	1.05	0.95				
	223	2	0.0	0.0	0.0	0.0	2	1.0373899381327207	2.484560187913494	230.0	25	1.05	0.95				
	224	1	0.0	0.0	0.0	0.0	2	1.0171160787040006	0.9127931569548791	230.0	26	1.05	0.95				
	301	2	59.17621005473684	12.054413159298246	0.0	0.0	3	1.0069425133843108	-33.464197687660054	138.0	31	1.05	0.95				
	302	2	53.14900347508772	10.95855741754386	0.0	0.0	3	1.0063517959778687	-33.6071363962171	138.0	32	1.05	0.95				
	303	1	98.62701675789474	20.27333122245614	0.0	0.0	3	1.0211595881001283	-26.331796053912758	138.0	31	1.05	0.95				
	304	1	40.54666244491228	8.218918063157894	0.0	0.0	3	1.0072027851489667	-31.75089420810129	138.0	31	1.05	0.95				
	305	1	38.9028788322807	7.670990192280702	0.0	0.0	3	1.0209926312823285	-32.659796983273125	138.0	31	1.05	0.95				
	306	1	74.51819043929825	15.341980384561404	0.0	-100.0	3	1.0364653918139604	-32.82974037681705	138.0	32	1.05	0.95				
	307	2	68.49098385964912	13.698196771929824	0.0	0.0	3	0.9930990073170476	-38.24909580386731	138.0	32	1.05	0.95				
	308	1	93.69566592	19.17747548070175	0.0	0.0	3	0.9950858133885587	-36.04627757761924	138.0	32	1.05	0.95				
	309	1	95.88737740350876	19.725403351578947	0.0	0.0	3	1.0266366754047578	-27.997852472911127	138.0	33	1.05	0.95				
	310	1	106.84593482105262	21.91711483508772	0.0	0.0	3	1.05	-30.09624039579046	138.0	33	1.05	0.95				
	311	1	0.0	0.0	0.0	0.0	3	1.017195826785327	-22.875595877766212	230.0	33	1.05	0.95				
	312	1	0.0	0.0	0.0	0.0	3	1.0169733850596874	-22.38513838728213	230.0	33	1.05	0.95				
	313	2	145.20088578245614	29.58810502736842	0.0	0.0	3	1.0242034226752672	-19.232430100250586	230.0	34	1.05	0.95				
	314	2	106.29800695017543	21.369186964210527	0.0	0.0	3	1.0286607474674325	-19.945998370753227	230.0	36	1.05	0.95				
	315	2	173.69313506807015	35.06738373614035	0.0	0.0	3	1.0489044872504134	-12.861459598250057	230.0	36	1.05	0.95				
	316	2	54.7927870877193	10.95855741754386	0.0	0.0	3	1.048913621929281	-12.546739182193294	230.0	36	1.05	0.95				
	317	1	0.0	0.0	0.0	0.0	3	1.0494364743732711	-9.613252129184527	230.0	37	1.05	0.95				
	318	2	182.45998100210525	37.259095219649126	0.0	0.0	3	1.0491828902827345	-9.052564325015542	230.0	37	1.05	0.95				
	319	1	99.17494462877194	20.27333122245614	0.0	0.0	3	1.0459228873438404	-13.860089961367844	230.0	35	1.05	0.95				
	320	1	70.1347674722807	14.246124642807018	0.0	0.0	3	1.047675833208218	-13.977287314903618	230.0	35	1.05	0.95				
	321	2	0.0	0.0	0.0	0.0	3	1.05	-8.676343756981167	230.0	37	1.05	0.95				
	322	2	0.0	0.0	0.0	0.0	3	1.05	-3.267918418253793	230.0	37	1.05	0.95				
	323	2	0.0	0.0	0.0	0.0	3	1.0496607532529334	-13.640310833281264	230.0	35	1.05	0.95				
	324	1	0.0	0.0	0.0	0.0	3	1.021329369888903	-17.83206835493247	230.0	36	1.05	0.95				
	325	1	0.0	0.0	0.0	0.0	3	1.0418682706037732	-11.970805089931508	230.0	35	1.05	0.95				
];
