%% MATPOWER Case Format : Version 2
function mpc = RTS_GMLC
mpc.version = '2';

%%-----  Power Flow Data  -----%%
%% system MVA base
mpc.baseMVA = 100.0;
%% bus data
%    bus_i    type    Pd    Qd    Gs    Bs    area    Vm    Va    baseKV    zone    Vmax    Vmin
mpc.bus = [
	101	2	41.78921324210527	8.512617512280702	0.0	0.0	1	1.0346912020541668	2.5984645782599456	138.0	11	1.05	0.95				
	102	2	37.53290448596491	7.738743192982457	0.0	0.0	1	1.0337958328758012	2.3466822729758183	138.0	12	1.05	0.95				
	103	1	69.64868873684212	14.316674907017546	0.0	0.0	1	1.0280449918134347	0.8524884311946528	138.0	11	1.05	0.95				
	104	1	28.633349814035093	5.804057394736843	0.0	0.0	1	1.0222030703436527	-0.6315660833210017	138.0	11	1.05	0.95				
	105	1	27.47253833508772	5.417120235087721	0.0	0.0	1	1.0371007571362927	-0.39541890533773166	138.0	11	1.05	0.95				
	106	1	52.62345371228071	10.834240470175441	0.0	-100.0	1	1.0468552276360372	-2.513832886321735	138.0	12	1.05	0.95				
	107	2	48.36714495614036	9.673428991228072	0.0	0.0	1	1.0013616654764383	-7.050919716290388	138.0	12	1.05	0.95				
	108	1	66.1662543	13.542800587719297	0.0	0.0	1	1.0064438855276	-6.060074318028573	138.0	12	1.05	0.95				
	109	1	67.7140029385965	13.929737747368423	0.0	0.0	1	1.024153406883147	-1.500429251805954	138.0	13	1.05	0.95				
	110	1	75.45274613157895	15.477486385964914	0.0	0.0	1	1.05	-2.21403653330287	138.0	13	1.05	0.95				
	111	1	0.0	0.0	0.0	0.0	1	1.0016965543625551	0.01508777836347568	230.0	13	1.05	0.95				
	112	1	0.0	0.0	0.0	0.0	1	1.0064870357747806	0.28302104020144586	230.0	13	1.05	0.95				
	113	3	102.53834730701755	20.894606621052635	0.0	0.0	1	0.9919702872591544	-1.4973340926655482e-29	230.0	14	1.05	0.95				
	114	2	75.06580897192983	15.090549226315792	0.0	0.0	1	0.9978651483001978	2.0393565459361835	230.0	16	1.05	0.95				
	115	2	122.65907960877193	24.763978217543862	0.0	0.0	1	1.0323153025799876	7.523929847276024	230.0	16	1.05	0.95				
	116	2	38.693715964912286	7.738743192982457	0.0	0.0	1	1.028486873397284	7.131180689142684	230.0	16	1.05	0.95				
	117	1	0.0	0.0	0.0	0.0	1	1.0365162623607005	9.208521541990235	230.0	17	1.05	0.95				
	118	2	128.8500741631579	26.311726856140353	0.0	0.0	1	1.038692998220517	9.358243324930598	230.0	17	1.05	0.95				
	119	1	70.03562589649124	14.316674907017546	0.0	0.0	1	1.0222624866991694	6.020130082940471	230.0	15	1.05	0.95				
	120	1	49.527956435087724	10.060366150877194	0.0	0.0	1	1.019437146169591	5.8104532455184055	230.0	15	1.05	0.95				
	121	2	0.0	0.0	0.0	0.0	1	1.04203803978384	10.389781125775794	230.0	17	1.05	0.95				
	122	2	0.0	0.0	0.0	0.0	1	1.05	16.429520903692882	230.0	17	1.05	0.95				
	123	2	0.0	0.0	0.0	0.0	1	1.0182350095529717	5.998976300444853	230.0	15	1.05	0.95				
	124	1	0.0	0.0	0.0	0.0	1	1.0219054574998359	5.0140358293435705	230.0	16	1.05	0.95				
	201	2	40.119628509473685	8.172516918596491	0.0	0.0	2	1.0237238272810674	-5.7286195524929235	138.0	21	1.05	0.95				
	202	2	36.033370050175435	7.4295608350877185	0.0	0.0	2	1.024245360002464	-5.622212246759489	138.0	22	1.05	0.95				
	203	1	66.86604751578948	13.74468754491228	0.0	0.0	2	1.0171749657864562	-5.376016003186312	138.0	21	1.05	0.95				
	204	1	27.48937508982456	5.572170626315788	0.0	0.0	2	1.0179644021828294	-6.939226788392689	138.0	21	1.05	0.95				
	205	1	26.3749409645614	5.200692584561403	0.0	0.0	2	1.0324864848337194	-7.129580839617055	138.0	21	1.05	0.95				
	206	1	50.521013678596496	10.401385169122806	0.0	-100.0	2	1.0457607993320133	-8.281646601875828	138.0	22	1.05	0.95				
	207	2	46.43475521929824	9.286951043859649	0.0	0.0	2	0.9945766845527042	-13.485639656820787	138.0	22	1.05	0.95				
	208	1	63.52274513999999	13.001731461403507	0.0	0.0	2	1.0020404722348413	-11.850764692630717	138.0	22	1.05	0.95				
	209	1	65.00865730701754	13.373209503157893	0.0	0.0	2	1.0227816275637995	-6.480954454132744	138.0	23	1.05	0.95				
	210	1	72.43821814210524	14.859121670175437	0.0	0.0	2	1.05	-7.3517508275212995	138.0	23	1.05	0.95				
	211	1	0.0	0.0	0.0	0.0	2	1.0016340255588978	-4.08031547403533	230.0	23	1.05	0.95				
	212	1	0.0	0.0	0.0	0.0	2	1.0057715090306925	-3.237524667748637	230.0	23	1.05	0.95				
	213	2	98.44168106491227	20.059814254736843	0.0	0.0	2	0.9947682764390863	-2.8368653211542845	230.0	24	1.05	0.95				
	214	2	72.06674010035087	14.48764362842105	0.0	0.0	2	0.9984865773531332	-2.1811554188820796	230.0	26	1.05	0.95				
	215	2	117.75853923614032	23.7745946722807	0.0	0.0	2	1.0180471473515604	2.5567844655591454	230.0	26	1.05	0.95				
	216	2	37.147804175438594	7.4295608350877185	0.0	0.0	2	1.0188818868898706	2.737316860228749	230.0	26	1.05	0.95				
	217	1	0.0	0.0	0.0	0.0	2	1.0245057885611122	4.127260387927698	230.0	27	1.05	0.95				
	218	2	123.70218790421052	25.260506839298248	0.0	0.0	2	1.023721707518023	3.6575606888496166	230.0	27	1.05	0.95				
	219	1	67.23752555754385	13.74468754491228	0.0	0.0	2	1.0195130203657345	2.932659046986981	230.0	25	1.05	0.95				
	220	1	47.5491893445614	9.658429085614035	0.0	0.0	2	1.0223311381609803	3.8377312333284808	230.0	25	1.05	0.95				
	221	2	0.0	0.0	0.0	0.0	2	1.0254575282828629	4.097721842030221	230.0	27	1.05	0.95				
	222	2	0.0	0.0	0.0	0.0	2	1.0474837897493319	10.631159933870665	230.0	27	1.05	0.95				
	223	2	0.0	0.0	0.0	0.0	2	1.0244346112439426	4.622093266957655	230.0	25	1.05	0.95				
	224	1	0.0	0.0	0.0	0.0	2	1.0077896475159436	-0.4413661211273638	230.0	26	1.05	0.95				
	301	2	43.15216702736842	8.790256246315789	0.0	0.0	3	1.0119026071933415	-10.571339826366032	138.0	31	1.05	0.95				
	302	2	38.757038904210525	7.991142042105263	0.0	0.0	3	1.0115893153690063	-10.7925669060111	138.0	32	1.05	0.95				
	303	1	71.92027837894737	14.783612777894737	0.0	0.0	3	1.0374948923448732	-1.9050764615160607	138.0	31	1.05	0.95				
	304	1	29.567225555789474	5.9933565315789465	0.0	0.0	3	1.0124245790794208	-9.775792316890465	138.0	31	1.05	0.95				
	305	1	28.368554249473682	5.593799429473685	0.0	0.0	3	1.0260956267537609	-10.835930010071369	138.0	31	1.05	0.95				
	306	1	54.339765886315796	11.18759885894737	0.0	-100.0	3	1.0421740265519968	-11.477139140859846	138.0	32	1.05	0.95				
	307	2	49.94463776315789	9.988927552631578	0.0	0.0	3	0.9937801535998342	-15.666038744362137	138.0	32	1.05	0.95				
	308	1	68.32426446	13.98449857368421	0.0	0.0	3	1.000847946938153	-13.88888605498239	138.0	32	1.05	0.95				
	309	1	69.92249286842105	14.384055675789472	0.0	0.0	3	1.024972245678229	-7.297493182695948	138.0	33	1.05	0.95				
	310	1	77.91363491052631	15.982284084210526	0.0	0.0	3	1.05	-9.812499161012719	138.0	33	1.05	0.95				
	311	1	0.0	0.0	0.0	0.0	3	1.0052311232813593	-5.229833248422154	230.0	33	1.05	0.95				
	312	1	0.0	0.0	0.0	0.0	3	1.0101283846533433	-4.6733973107599835	230.0	33	1.05	0.95				
	313	2	105.88263205789472	21.57608351368421	0.0	0.0	3	1.0075225908554126	-2.1139185473653104	230.0	34	1.05	0.95				
	314	2	77.51407780842105	15.582726982105264	0.0	0.0	3	0.9989561305094526	-4.500307742847378	230.0	36	1.05	0.95				
	315	2	126.6596013673684	25.571654534736844	0.0	0.0	3	1.022791935247329	-1.4515264242241823	230.0	36	1.05	0.95				
	316	2	39.95571021052631	7.991142042105263	0.0	0.0	3	1.0205602928364212	-1.0589087957539514	230.0	36	1.05	0.95				
	317	1	0.0	0.0	0.0	0.0	3	1.0252633570094232	-0.24788173919728565	230.0	37	1.05	0.95				
	318	2	133.05251500105263	27.169882943157898	0.0	0.0	3	1.0243564930557922	-0.39509748547013074	230.0	37	1.05	0.95				
	319	1	72.31983548105264	14.783612777894737	0.0	0.0	3	1.016826482542899	-1.5411132032329895	230.0	35	1.05	0.95				
	320	1	51.14330906947369	10.388484654736843	0.0	0.0	3	1.0161747513152668	-1.1659468343790438	230.0	35	1.05	0.95				
	321	2	0.0	0.0	0.0	0.0	3	1.02585999657109	-0.212136311555116	230.0	37	1.05	0.95				
	322	2	0.0	0.0	0.0	0.0	3	1.038996239063539	4.172927383256292	230.0	37	1.05	0.95				
	323	2	0.0	0.0	0.0	0.0	3	1.0163484044244364	-0.644455708629706	230.0	35	1.05	0.95				
	324	1	0.0	0.0	0.0	0.0	3	1.0241295394196162	-1.633977081420484	230.0	36	1.05	0.95				
	325	1	0.0	0.0	0.0	0.0	3	1.0159832925940502	0.302204294181104	230.0	35	1.05	0.95				
];
