%% MATPOWER Case Format : Version 2
function mpc = RTS_GMLC
mpc.version = '2';

%%-----  Power Flow Data  -----%%
%% system MVA base
mpc.baseMVA = 100.0;
%% bus data
%    bus_i    type    Pd    Qd    Gs    Bs    area    Vm    Va    baseKV    zone    Vmax    Vmin
mpc.bus = [
	101	2	42.01632856421053	8.558881744561404	0.0	0.0	1	1.0198339705654158	-2.379401050104841	138.0	11	1.05	0.95				
	102	2	37.73688769192983	7.780801585964914	0.0	0.0	1	1.0189602445259012	-2.599147486726466	138.0	12	1.05	0.95				
	103	1	70.02721427368421	14.394482934035087	0.0	0.0	1	1.03348192968266	0.5267990434494665	138.0	11	1.05	0.95				
	104	1	28.788965868070175	5.835601189473684	0.0	0.0	1	1.0198295228028675	-3.0841799181033585	138.0	11	1.05	0.95				
	105	1	27.62184563017544	5.446561110175439	0.0	0.0	1	1.030157888550147	-4.129777859036428	138.0	11	1.05	0.95				
	106	1	52.90945078456141	10.893122220350879	0.0	-100.0	1	1.0438976307409753	-5.559487035212888	138.0	12	1.05	0.95				
	107	2	48.630009912280705	9.726001982456141	0.0	0.0	1	1.0017018213172804	-9.761194782404067	138.0	12	1.05	0.95				
	108	1	66.52585356	13.616402775438596	0.0	0.0	1	1.0065422630109724	-8.456931601532267	138.0	12	1.05	0.95				
	109	1	68.08201387719298	14.005442854736842	0.0	0.0	1	1.0255900138390994	-3.01097944990738	138.0	13	1.05	0.95				
	110	1	75.8628154631579	15.561603171929828	0.0	0.0	1	1.05	-4.640560463508694	138.0	13	1.05	0.95				
	111	1	0.0	0.0	0.0	0.0	1	1.0042410077643824	-0.9150159789187017	230.0	13	1.05	0.95				
	112	1	0.0	0.0	0.0	0.0	1	1.0078254684042616	-1.423923569383048	230.0	13	1.05	0.95				
	113	3	103.09562101403509	21.008164282105266	0.0	0.0	1	0.9964371964196569	-1.995238845128373e-29	230.0	14	1.05	0.95				
	114	2	75.47377538385966	15.17256309263158	0.0	0.0	1	1.0035446341735133	1.3368744796494227	230.0	16	1.05	0.95				
	115	2	123.32570513754386	24.898565075087724	0.0	0.0	1	1.0392657157374594	7.8944417392101895	230.0	16	1.05	0.95				
	116	2	38.904007929824566	7.780801585964914	0.0	0.0	1	1.0348513470231835	6.742541006452868	230.0	16	1.05	0.95				
	117	1	0.0	0.0	0.0	0.0	1	1.0418894368556146	10.650590177840028	230.0	17	1.05	0.95				
	118	2	129.5503464063158	26.454725392280704	0.0	0.0	1	1.046780772413765	11.384730346742487	230.0	17	1.05	0.95				
	119	1	70.41625435298246	14.394482934035087	0.0	0.0	1	1.0236883823222245	4.292243335165904	230.0	15	1.05	0.95				
	120	1	49.79713015017545	10.115042061754387	0.0	0.0	1	1.01668404379488	2.324350625014452	230.0	15	1.05	0.95				
	121	2	0.0	0.0	0.0	0.0	1	1.0489419785797889	12.469281944195538	230.0	17	1.05	0.95				
	122	2	0.0	0.0	0.0	0.0	1	1.05	20.863967005388627	230.0	17	1.05	0.95				
	123	2	0.0	0.0	0.0	0.0	1	1.0134240320250072	1.5392295977820343	230.0	15	1.05	0.95				
	124	1	0.0	0.0	0.0	0.0	1	1.0275407688050735	5.125765326369806	230.0	16	1.05	0.95				
	201	2	41.95561153263158	8.546513460350878	0.0	0.0	2	1.0164714738741862	-11.313615686354805	138.0	21	1.05	0.95				
	202	2	37.68235480245614	7.769557691228071	0.0	0.0	2	1.015655184159754	-11.55128056377673	138.0	22	1.05	0.95				
	203	1	69.92601922105264	14.373681728771931	0.0	0.0	2	1.014631768525133	-8.826724231963288	138.0	21	1.05	0.95				
	204	1	28.747363457543862	5.827168268421053	0.0	0.0	2	1.0137433646399825	-11.040853052203405	138.0	21	1.05	0.95				
	205	1	27.58192980385965	5.43869038385965	0.0	0.0	2	1.0285533458138034	-11.343803737618133	138.0	21	1.05	0.95				
	206	1	52.83299230035089	10.8773807677193	0.0	-100.0	2	1.043502810331613	-11.854914242553424	138.0	22	1.05	0.95				
	207	2	48.55973557017544	9.711947114035087	0.0	0.0	2	0.9993866865312899	-16.515717758234096	138.0	22	1.05	0.95				
	208	1	66.42971826	13.596725959649122	0.0	0.0	2	1.0042300324766849	-14.773568531749339	138.0	22	1.05	0.95				
	209	1	67.98362979824562	13.985203844210526	0.0	0.0	2	1.02321609132312	-9.013546634760761	138.0	23	1.05	0.95				
	210	1	75.75318748947369	15.539115382456142	0.0	0.0	2	1.05	-10.1239408025849	138.0	23	1.05	0.95				
	211	1	0.0	0.0	0.0	0.0	2	1.0015330891424972	-7.190407948379167	230.0	23	1.05	0.95				
	212	1	0.0	0.0	0.0	0.0	2	1.0079779530233706	-2.911855854655913	230.0	23	1.05	0.95				
	213	2	102.94663940877193	20.97780576631579	0.0	0.0	2	0.9939243567889571	-5.578503331751342	230.0	24	1.05	0.95				
	214	2	75.36470960491228	15.15063749789474	0.0	0.0	2	0.9974221056038907	-6.068534868411679	230.0	26	1.05	0.95				
	215	2	123.14748940596492	24.862584611929826	0.0	0.0	2	1.0150239837533186	-0.9424969698717843	230.0	26	1.05	0.95				
	216	2	38.84778845614035	7.769557691228071	0.0	0.0	2	1.0127255220941072	-2.075739957671304	230.0	26	1.05	0.95				
	217	1	0.0	0.0	0.0	0.0	2	1.01936012408605	-0.26637445870221893	230.0	27	1.05	0.95				
	218	2	129.3631355589474	26.416496150175444	0.0	0.0	2	1.0192233453153936	-0.5431287561847558	230.0	27	1.05	0.95				
	219	1	70.31449710561404	14.373681728771931	0.0	0.0	2	1.0083411377417786	-3.1716026276590013	230.0	25	1.05	0.95				
	220	1	49.72516922385965	10.100424998596493	0.0	0.0	2	1.0072130272822268	-3.3416257902649353	230.0	25	1.05	0.95				
	221	2	0.0	0.0	0.0	0.0	2	1.0213697350199706	0.12574962626699426	230.0	27	1.05	0.95				
	222	2	0.0	0.0	0.0	0.0	2	1.0432210920603013	6.54789846399486	230.0	27	1.05	0.95				
	223	2	0.0	0.0	0.0	0.0	2	1.0069974198510399	-3.1234814811682883	230.0	25	1.05	0.95				
	224	1	0.0	0.0	0.0	0.0	2	1.0050262128545604	-3.9238219707347017	230.0	26	1.05	0.95				
	301	2	65.06991458526315	13.254982600701753	0.0	0.0	3	0.9953134169815081	-3.192321999409761	138.0	31	1.05	0.95				
	302	2	58.44242328491227	12.04998418245614	0.0	0.0	3	0.9952752471344882	-3.220760976414351	138.0	32	1.05	0.95				
	303	1	108.44985764210526	22.29247073754386	0.0	0.0	3	1.0110846465081882	-0.3680712368470878	138.0	31	1.05	0.95				
	304	1	44.58494147508772	9.037488136842105	0.0	0.0	3	1.0006045937075483	-1.085691980288439	138.0	31	1.05	0.95				
	305	1	42.77744384771929	8.4349889277193	0.0	0.0	3	1.0132271166951783	-1.135885192313431	138.0	31	1.05	0.95				
	306	1	81.93989244070175	16.8699778554386	0.0	-100.0	3	1.031648395999771	-0.6675419763783985	138.0	32	1.05	0.95				
	307	2	75.31240114035087	15.062480228070175	0.0	0.0	3	0.9941111361434678	-4.08326696995854	138.0	32	1.05	0.95				
	308	1	103.02736475999998	21.087472319298243	0.0	0.0	3	1.0034190846779958	-1.3846956767565912	138.0	32	1.05	0.95				
	309	1	105.43736159649121	21.68997152842105	0.0	0.0	3	1.0264770327503026	3.110133128598664	138.0	33	1.05	0.95				
	310	1	117.48734577894734	24.09996836491228	0.0	0.0	3	1.05	2.8364738851426905	138.0	33	1.05	0.95				
	311	1	0.0	0.0	0.0	0.0	3	1.0158150461974913	8.834877905479422	230.0	33	1.05	0.95				
	312	1	0.0	0.0	0.0	0.0	3	1.020819921026969	10.378895650798574	230.0	33	1.05	0.95				
	313	2	159.66229041754386	32.534957292631574	0.0	0.0	3	1.0382532526070756	16.660117077480123	230.0	34	1.05	0.95				
	314	2	116.88484656982455	23.49746915578947	0.0	0.0	3	1.0170450518377516	7.723343511401153	230.0	36	1.05	0.95				
	315	2	190.9922492919298	38.559949383859646	0.0	0.0	3	1.0272925210592487	2.316751924908575	230.0	36	1.05	0.95				
	316	2	60.2499209122807	12.04998418245614	0.0	0.0	3	1.029492587633183	3.7365181900173194	230.0	36	1.05	0.95				
	317	1	0.0	0.0	0.0	0.0	3	1.0303720973063297	2.716806334677016	230.0	37	1.05	0.95				
	318	2	200.63223663789472	40.96994622035088	0.0	0.0	3	1.0269438315595036	1.4940453639775928	230.0	37	1.05	0.95				
	319	1	109.05235685122807	22.29247073754386	0.0	0.0	3	1.0303267003419618	7.09436645751593	230.0	35	1.05	0.95				
	320	1	77.11989876771929	15.664979437192983	0.0	0.0	3	1.0345563654013052	9.604181273464649	230.0	35	1.05	0.95				
	321	2	0.0	0.0	0.0	0.0	3	1.0291880846992583	2.343973159725607	230.0	37	1.05	0.95				
	322	2	0.0	0.0	0.0	0.0	3	1.043059295320734	6.854908670934522	230.0	37	1.05	0.95				
	323	2	0.0	0.0	0.0	0.0	3	1.03696936907595	10.53878662214637	230.0	35	1.05	0.95				
	324	1	0.0	0.0	0.0	0.0	3	1.0183093885591497	3.391118064731513	230.0	36	1.05	0.95				
	325	1	0.0	0.0	0.0	0.0	3	1.0384614420149323	10.70782722734306	230.0	35	1.05	0.95				
];
