%% MATPOWER Case Format : Version 2
function mpc = RTS_GMLC
mpc.version = '2';

%%-----  Power Flow Data  -----%%
%% system MVA base
mpc.baseMVA = 100.0;
%% bus data
%    bus_i    type    Pd    Qd    Gs    Bs    area    Vm    Va    baseKV    zone    Vmax    Vmin
mpc.bus = [
	101	2	55.58980702736842	11.323849579649123	0.0	0.0	1	1.0278823832295287	0.4806661406377746	138.0	11	1.05	0.95				
	102	2	49.927882237543855	10.294408708771929	0.0	0.0	1	1.0254744333268317	-0.18025115924528654	138.0	12	1.05	0.95				
	103	1	92.64967837894737	19.04465611122807	0.0	0.0	1	1.0298712979134164	2.136789992511703	138.0	11	1.05	0.95				
	104	1	38.08931222245614	7.720806531578947	0.0	0.0	1	1.019655616452928	-2.259054592820447	138.0	11	1.05	0.95				
	105	1	36.545150916140344	7.206086096140352	0.0	0.0	1	1.0316754602626608	-2.913673983503562	138.0	11	1.05	0.95				
	106	1	70.00197921964913	14.412172192280703	0.0	-100.0	1	1.0411241122920727	-5.439454422742261	138.0	12	1.05	0.95				
	107	2	64.34005442982456	12.868010885964912	0.0	0.0	1	0.9978614829684226	-13.51108550396281	138.0	12	1.05	0.95				
	108	1	88.01719446	18.015215240350877	0.0	0.0	1	0.9982107596467923	-11.001311100574835	138.0	12	1.05	0.95				
	109	1	90.07607620175439	18.52993567578947	0.0	0.0	1	1.0250131835711809	-2.9741928147123855	138.0	13	1.05	0.95				
	110	1	100.37048491052632	20.588817417543858	0.0	0.0	1	1.05	-4.711186873682591	138.0	13	1.05	0.95				
	111	1	0.0	0.0	0.0	0.0	1	1.0126463223170492	-0.36480697983493554	230.0	13	1.05	0.95				
	112	1	0.0	0.0	0.0	0.0	1	1.0147163552604637	-1.2329670518363127	230.0	13	1.05	0.95				
	113	3	136.40091539122804	27.79490351368421	0.0	0.0	1	1.0074476817949398	-1.9184005030703677e-30	230.0	14	1.05	0.95				
	114	2	99.85576447508771	20.074096982105264	0.0	0.0	1	1.0205484406859548	2.831524956169726	230.0	16	1.05	0.95				
	115	2	163.1663780340351	32.942107868070174	0.0	0.0	1	1.0411109435183559	12.547472917197078	230.0	16	1.05	0.95				
	116	2	51.47204354385965	10.294408708771929	0.0	0.0	1	1.0378706894223837	10.461205602100552	230.0	16	1.05	0.95				
	117	1	0.0	0.0	0.0	0.0	1	1.0438544635449059	15.774044584370563	230.0	17	1.05	0.95				
	118	2	171.40190500105263	35.000989609824565	0.0	0.0	1	1.05	17.330611349923533	230.0	17	1.05	0.95				
	119	1	93.16439881438596	19.04465611122807	0.0	0.0	1	1.0296955135306094	6.528938553364849	230.0	15	1.05	0.95				
	120	1	65.88421573614035	13.38273132140351	0.0	0.0	1	1.0290851337787308	3.6192334540363653	230.0	15	1.05	0.95				
	121	2	0.0	0.0	0.0	0.0	1	1.05	19.546441963731855	230.0	17	1.05	0.95				
	122	2	0.0	0.0	0.0	0.0	1	1.05	25.44261887879074	230.0	17	1.05	0.95				
	123	2	0.0	0.0	0.0	0.0	1	1.0303185232176797	2.4098335182036537	230.0	15	1.05	0.95				
	124	1	0.0	0.0	0.0	0.0	1	1.023905300214116	8.650750590240834	230.0	16	1.05	0.95				
	201	2	55.0964898568421	11.22335904491228	0.0	0.0	2	1.010614038296944	-19.3290025993878	138.0	21	1.05	0.95				
	202	2	49.48481033438596	10.203053677192981	0.0	0.0	2	1.009666819998801	-19.63977674185459	138.0	22	1.05	0.95				
	203	1	91.82748309473683	18.875649302807016	0.0	0.0	2	1.0144930436124133	-13.981210936037165	138.0	21	1.05	0.95				
	204	1	37.75129860561403	7.652290257894736	0.0	0.0	2	1.0088710137169183	-18.82458637065205	138.0	21	1.05	0.95				
	205	1	36.220840554035085	7.142137574035087	0.0	0.0	2	1.0238003215150426	-19.420871151133145	138.0	21	1.05	0.95				
	206	1	69.38076500491228	14.284275148070174	0.0	-100.0	2	1.038495063893384	-20.07657019328101	138.0	22	1.05	0.95				
	207	2	63.769085482456134	12.753817096491227	0.0	0.0	2	0.9913919999685891	-26.296439902002735	138.0	22	1.05	0.95				
	208	1	87.23610894	17.855343935087717	0.0	0.0	2	0.9946451129284181	-23.91623037032663	138.0	22	1.05	0.95				
	209	1	89.27671967543858	18.365496618947365	0.0	0.0	2	1.0242352037610956	-16.05586684329017	138.0	23	1.05	0.95				
	210	1	99.47977335263157	20.406107354385963	0.0	0.0	2	1.05	-17.87254741946434	138.0	23	1.05	0.95				
	211	1	0.0	0.0	0.0	0.0	2	1.0144633977279096	-12.250418195914978	230.0	23	1.05	0.95				
	212	1	0.0	0.0	0.0	0.0	2	1.014401912336	-10.549748686594045	230.0	23	1.05	0.95				
	213	2	135.190461222807	27.54824492842105	0.0	0.0	2	1.0161907052547594	-10.128212184800725	230.0	24	1.05	0.95				
	214	2	98.96962066877192	19.895954670526315	0.0	0.0	2	1.022604471611184	-9.386871279866213	230.0	26	1.05	0.95				
	215	2	161.71840078350874	32.64977176701754	0.0	0.0	2	1.0355389885320174	-1.798872510695985	230.0	26	1.05	0.95				
	216	2	51.01526838596491	10.203053677192981	0.0	0.0	2	1.0376051402298907	-2.234558099557026	230.0	26	1.05	0.95				
	217	1	0.0	0.0	0.0	0.0	2	1.038464990914046	-0.678940091539702	230.0	27	1.05	0.95				
	218	2	169.88084372526316	34.69038250245614	0.0	0.0	2	1.037216224365517	-1.2733827443906265	230.0	27	1.05	0.95				
	219	1	92.33763577859648	18.875649302807016	0.0	0.0	2	1.0397930826796435	-1.9201736105849136	230.0	25	1.05	0.95				
	220	1	65.29954353403508	13.263969780350877	0.0	0.0	2	1.0455397024554884	-0.6846667712261116	230.0	25	1.05	0.95				
	221	2	0.0	0.0	0.0	0.0	2	1.0388286261983137	-0.6498662508686889	230.0	27	1.05	0.95				
	222	2	0.0	0.0	0.0	0.0	2	1.05	5.840132143654635	230.0	27	1.05	0.95				
	223	2	0.0	0.0	0.0	0.0	2	1.05	0.36273145553778785	230.0	25	1.05	0.95				
	224	1	0.0	0.0	0.0	0.0	2	1.0124651149475465	-6.318687571902361	230.0	26	1.05	0.95				
	301	2	66.89781716210528	13.627333125614035	0.0	0.0	3	1.05	40.40466350743637	138.0	31	1.05	0.95				
	302	2	60.08415059929825	12.388484659649123	0.0	0.0	3	1.0487518903062656	40.008353837572756	138.0	32	1.05	0.95				
	303	1	111.49636193684212	22.91869662035088	0.0	0.0	3	1.033363746864795	57.468004148925935	138.0	31	1.05	0.95				
	304	1	45.83739324070176	9.291363494736842	0.0	0.0	3	1.0140214820879292	41.76536344121205	138.0	31	1.05	0.95				
	305	1	43.979120541754384	8.671939261754387	0.0	0.0	3	1.0388881069820102	39.95046732374186	138.0	31	1.05	0.95				
	306	1	84.24169568561405	17.343878523508774	0.0	-100.0	3	1.0391772976598532	38.98584571452688	138.0	32	1.05	0.95				
	307	2	77.42802912280702	15.485605824561405	0.0	0.0	3	0.95	35.65268282922498	138.0	32	1.05	0.95				
	308	1	105.92154384000001	21.679848154385965	0.0	0.0	3	0.9697023777795275	38.5068327329347	138.0	32	1.05	0.95				
	309	1	108.39924077192984	22.299272387368422	0.0	0.0	3	1.0070023297590476	45.848996531340546	138.0	33	1.05	0.95				
	310	1	120.78772543157896	24.776969319298246	0.0	0.0	3	1.0426818154602384	41.45074595428423	138.0	33	1.05	0.95				
	311	1	0.0	0.0	0.0	0.0	3	0.9947556467042449	45.41755635714238	230.0	33	1.05	0.95				
	312	1	0.0	0.0	0.0	0.0	3	0.9971167867896078	46.61104755632947	230.0	33	1.05	0.95				
	313	2	164.1474217403509	33.44890858105264	0.0	0.0	3	0.9958134090740464	52.303927711775444	230.0	34	1.05	0.95				
	314	2	120.1683011985965	24.157545086315793	0.0	0.0	3	0.9959015756301346	41.308674028282404	230.0	36	1.05	0.95				
	315	2	196.3574818554386	39.643150910877196	0.0	0.0	3	1.0496404985949637	33.234271832058816	230.0	36	1.05	0.95				
	316	2	61.94242329824562	12.388484659649123	0.0	0.0	3	1.049717905516736	33.555635103078664	230.0	36	1.05	0.95				
	317	1	0.0	0.0	0.0	0.0	3	1.05	30.698847150424488	230.0	37	1.05	0.95				
	318	2	206.26826958315792	42.120847842807024	0.0	0.0	3	1.047707244402729	28.019490210832817	230.0	37	1.05	0.95				
	319	1	112.11578616982459	22.91869662035088	0.0	0.0	3	1.02755760715191	35.94725606447844	230.0	35	1.05	0.95				
	320	1	79.28630182175439	16.10503005754386	0.0	0.0	3	1.0109861911443114	37.77785959769598	230.0	35	1.05	0.95				
	321	2	0.0	0.0	0.0	0.0	3	1.05	30.3653665481963	230.0	37	1.05	0.95				
	322	2	0.0	0.0	0.0	0.0	3	1.05	34.84397994264945	230.0	37	1.05	0.95				
	323	2	0.0	0.0	0.0	0.0	3	1.0017898434363834	38.42042318588795	230.0	35	1.05	0.95				
	324	1	0.0	0.0	0.0	0.0	3	1.0314675113402823	44.30701987523338	230.0	36	1.05	0.95				
	325	1	0.0	0.0	0.0	0.0	3	1.0055694593050977	36.79146322440948	230.0	35	1.05	0.95				
];
