%% MATPOWER Case Format : Version 2
function mpc = RTS_GMLC
mpc.version = '2';

%%-----  Power Flow Data  -----%%
%% system MVA base
mpc.baseMVA = 100.0;
%% bus data
%    bus_i    type    Pd    Qd    Gs    Bs    area    Vm    Va    baseKV    zone    Vmax    Vmin
mpc.bus = [
	101	2	38.32904501052632	7.807768428070176	0.0	0.0	1	0.9876250438688529	-6.17596973075173	138.0	11	1.05	0.95				
	102	2	34.42516079649123	7.097971298245614	0.0	0.0	1	0.9874894720848992	-6.340347842223532	138.0	12	1.05	0.95				
	103	1	63.88174168421054	13.131246901754388	0.0	0.0	1	1.0202597351023617	0.21273415436314147	138.0	11	1.05	0.95				
	104	1	26.262493803508775	5.323478473684211	0.0	0.0	1	1.0028170092552602	-5.528439048848387	138.0	11	1.05	0.95				
	105	1	25.19779810877193	4.968579908771931	0.0	0.0	1	1.0142874889420237	-6.312773703617952	138.0	11	1.05	0.95				
	106	1	48.26620482807018	9.937159817543861	0.0	-100.0	1	1.0375524426374245	-6.8424659225666895	138.0	12	1.05	0.95				
	107	2	44.36232061403509	8.872464122807019	0.0	0.0	1	0.9894033534129655	-10.016660070117549	138.0	12	1.05	0.95				
	108	1	60.68765460000001	12.421449771929824	0.0	0.0	1	1.000476396567758	-8.716160613327661	138.0	12	1.05	0.95				
	109	1	62.107248859649125	12.776348336842105	0.0	0.0	1	1.025513586388216	-3.39912211506895	138.0	13	1.05	0.95				
	110	1	69.20522015789474	14.195942596491228	0.0	0.0	1	1.05	-5.2882336526881355	138.0	13	1.05	0.95				
	111	1	0.0	0.0	0.0	0.0	1	1.018068302588618	-0.2503897425221106	230.0	13	1.05	0.95				
	112	1	0.0	0.0	0.0	0.0	1	1.0133296494900845	-1.3514292898538043	230.0	13	1.05	0.95				
	113	3	94.04811970175439	19.16452250526316	0.0	0.0	1	1.0002801845159515	-2.6962267182708063e-29	230.0	14	1.05	0.95				
	114	2	68.85032159298245	13.841044031578948	0.0	0.0	1	1.0446165141786732	3.544075350586932	230.0	16	1.05	0.95				
	115	2	112.50284507719299	22.713508154385966	0.0	0.0	1	1.0390237643416422	12.971443177704451	230.0	16	1.05	0.95				
	116	2	35.489856491228075	7.097971298245614	0.0	0.0	1	1.0400537183319714	11.23088018206935	230.0	16	1.05	0.95				
	117	1	0.0	0.0	0.0	0.0	1	1.038396563919645	17.224549915219402	230.0	17	1.05	0.95				
	118	2	118.18122211578948	24.13310241403509	0.0	0.0	1	1.0464916050949855	17.814897537088957	230.0	17	1.05	0.95				
	119	1	64.23664024912281	13.131246901754388	0.0	0.0	1	1.0358914159168466	7.130324357071411	230.0	15	1.05	0.95				
	120	1	45.42701630877193	9.2273626877193	0.0	0.0	1	1.0381087610864261	4.244257087641822	230.0	15	1.05	0.95				
	121	2	0.0	0.0	0.0	0.0	1	1.039211851997581	19.286874685713727	230.0	17	1.05	0.95				
	122	2	0.0	0.0	0.0	0.0	1	1.05	37.280856672262736	230.0	17	1.05	0.95				
	123	2	0.0	0.0	0.0	0.0	1	1.0401676145672538	2.9294572848690748	230.0	15	1.05	0.95				
	124	1	0.0	0.0	0.0	0.0	1	1.0159557603483504	8.226299373318136	230.0	16	1.05	0.95				
	201	2	36.719660004631585	7.47993074168421	0.0	0.0	2	1.0054996223846804	-12.90582257897253	138.0	21	1.05	0.95				
	202	2	32.97969463378947	6.799937037894736	0.0	0.0	2	1.0038856469104638	-13.168155561748254	138.0	22	1.05	0.95				
	203	1	61.19943334105263	12.579883520105263	0.0	0.0	2	1.0142006502919394	-9.832381747467116	138.0	21	1.05	0.95				
	204	1	25.159767040210525	5.099952778421053	0.0	0.0	2	1.009589736997653	-13.046953544721092	138.0	21	1.05	0.95				
	205	1	24.139776484526312	4.759955926526316	0.0	0.0	2	1.0236849277261744	-13.39259430837916	138.0	21	1.05	0.95				
	206	1	46.23957185768421	9.519911853052632	0.0	-100.0	2	1.041962146021241	-14.117559679936456	138.0	22	1.05	0.95				
	207	2	42.4996064868421	8.49992129736842	0.0	0.0	2	0.9885802344471739	-18.035642734360973	138.0	22	1.05	0.95				
	208	1	58.13946167399999	11.899889816315788	0.0	0.0	2	0.9999122535988239	-16.595006052702026	138.0	22	1.05	0.95				
	209	1	59.499449081578945	12.239886668210525	0.0	0.0	2	1.0233491924290214	-11.527324029263147	138.0	23	1.05	0.95				
	210	1	66.29938611947368	13.599874075789472	0.0	0.0	2	1.05	-12.773727733992391	138.0	23	1.05	0.95				
	211	1	0.0	0.0	0.0	0.0	2	1.003938136608111	-8.977308846584274	230.0	23	1.05	0.95				
	212	1	0.0	0.0	0.0	0.0	2	1.0134330930896156	-8.308458081687293	230.0	23	1.05	0.95				
	213	2	90.09916575210526	18.359830002315793	0.0	0.0	2	1.003161968704161	-7.747875162322368	230.0	24	1.05	0.95				
	214	2	65.95938926757894	13.259877223894737	0.0	0.0	2	0.9986216603845277	-6.742641691993793	230.0	26	1.05	0.95				
	215	2	107.77900205063158	21.759798521263157	0.0	0.0	2	1.0252078608151132	-1.092445255070691	230.0	26	1.05	0.95				
	216	2	33.99968518947368	6.799937037894736	0.0	0.0	2	1.027812740611278	-1.664661867688142	230.0	26	1.05	0.95				
	217	1	0.0	0.0	0.0	0.0	2	1.0339267918416222	0.24884402399962252	230.0	27	1.05	0.95				
	218	2	113.21895168094738	23.119785928842106	0.0	0.0	2	1.0323101016164613	-0.10104078080346186	230.0	27	1.05	0.95				
	219	1	61.539430192947364	12.579883520105263	0.0	0.0	2	1.0353998280974288	-1.7777846376053787	230.0	25	1.05	0.95				
	220	1	43.519597042526314	8.839918149263157	0.0	0.0	2	1.0437427934163614	-1.221501436849836	230.0	25	1.05	0.95				
	221	2	0.0	0.0	0.0	0.0	2	1.0328034692419281	0.36286169011452735	230.0	27	1.05	0.95				
	222	2	0.0	0.0	0.0	0.0	2	1.0499999996811733	6.81388054012385	230.0	27	1.05	0.95				
	223	2	0.0	0.0	0.0	0.0	2	1.0485516770276895	-0.6670640089372805	230.0	25	1.05	0.95				
	224	1	0.0	0.0	0.0	0.0	2	1.0102161660263214	-4.360996709615263	230.0	26	1.05	0.95				
	301	2	43.45966466526316	8.852894654035088	0.0	0.0	3	1.0155931288766187	16.210663783437873	138.0	31	1.05	0.95				
	302	2	39.03321733824562	8.048086049122809	0.0	0.0	3	1.0139355463441406	15.85710528371377	138.0	32	1.05	0.95				
	303	1	72.43277444210527	14.888959190877193	0.0	0.0	3	1.05	31.19520965213691	138.0	31	1.05	0.95				
	304	1	29.777918381754386	6.0360645368421055	0.0	0.0	3	1.0079579808890713	17.187863874900216	138.0	31	1.05	0.95				
	305	1	28.570705474385967	5.6336602343859665	0.0	0.0	3	1.023957433114235	14.454255627381318	138.0	31	1.05	0.95				
	306	1	54.7269851340351	11.267320468771933	0.0	-100.0	3	1.0362612723712858	12.972412467394346	138.0	32	1.05	0.95				
	307	2	50.300537807017555	10.06010756140351	0.0	0.0	3	0.95	9.917482348231081	138.0	32	1.05	0.95				
	308	1	68.81113572000001	14.084150585964913	0.0	0.0	3	0.971086867406604	11.634910584671726	138.0	32	1.05	0.95				
	309	1	70.42075292982457	14.486554888421054	0.0	0.0	3	1.0154321158929756	19.96689218796641	138.0	33	1.05	0.95				
	310	1	78.46883897894737	16.096172098245617	0.0	0.0	3	1.0422155306566852	13.991001915551372	138.0	33	1.05	0.95				
	311	1	0.0	0.0	0.0	0.0	3	1.0031322207746405	17.397183298775534	230.0	33	1.05	0.95				
	312	1	0.0	0.0	0.0	0.0	3	1.0083408684007669	17.247686280394234	230.0	33	1.05	0.95				
	313	2	106.6371401508772	21.72983233263158	0.0	0.0	3	1.0015140435698524	17.01635931584858	230.0	34	1.05	0.95				
	314	2	78.06643467649124	15.693767795789476	0.0	0.0	3	0.9996786546713838	18.25083973516903	230.0	36	1.05	0.95				
	315	2	127.56216387859651	25.753875357192985	0.0	0.0	3	1.04950578211201	22.367099744025456	230.0	36	1.05	0.95				
	316	2	40.24043024561404	8.048086049122809	0.0	0.0	3	1.033935873425348	21.797698970590442	230.0	36	1.05	0.95				
	317	1	0.0	0.0	0.0	0.0	3	1.05	26.54145299047815	230.0	37	1.05	0.95				
	318	2	134.00063271789475	27.36349256701755	0.0	0.0	3	1.0465598790492963	22.921779629945934	230.0	37	1.05	0.95				
	319	1	72.83517874456142	14.888959190877193	0.0	0.0	3	1.0242056560497395	19.76246618289615	230.0	35	1.05	0.95				
	320	1	51.50775071438597	10.462511863859651	0.0	0.0	3	1.0191268268878177	18.760841336441416	230.0	35	1.05	0.95				
	321	2	0.0	0.0	0.0	0.0	3	1.05	23.403905528267046	230.0	37	1.05	0.95				
	322	2	0.0	0.0	0.0	0.0	3	1.0499999540956748	28.98335208088833	230.0	37	1.05	0.95				
	323	2	0.0	0.0	0.0	0.0	3	1.0167556230468484	18.52259197608127	230.0	35	1.05	0.95				
	324	1	0.0	0.0	0.0	0.0	3	1.0468251879700565	25.742110066088973	230.0	36	1.05	0.95				
	325	1	0.0	0.0	0.0	0.0	3	1.0193528970042862	18.599406217523438	230.0	35	1.05	0.95				
];
