%% MATPOWER Case Format : Version 2
function mpc = RTS_GMLC
mpc.version = '2';

%%-----  Power Flow Data  -----%%
%% system MVA base
mpc.baseMVA = 100.0;
%% bus data
%    bus_i    type    Pd    Qd    Gs    Bs    area    Vm    Va    baseKV    zone    Vmax    Vmin
mpc.bus = [
	101	2	36.806036616	7.497525977333333	0.0	0.0	1	1.009712269906135	-0.18650821153722014	138.0	11	1.05	0.95				
	102	2	33.05727362733333	6.815932706666667	0.0	0.0	1	1.007750078198758	-0.766712376301209	138.0	12	1.05	0.95				
	103	1	61.343394360000005	12.60947550733333	0.0	0.0	1	1.0275689214979442	2.7431857189945807	138.0	11	1.05	0.95				
	104	1	25.21895101466666	5.1119495299999995	0.0	0.0	1	1.011958099021283	-2.0838024444596543	138.0	11	1.05	0.95				
	105	1	24.196561108666664	4.771152894666667	0.0	0.0	1	1.0255077226150071	-2.244831670418541	138.0	11	1.05	0.95				
	106	1	46.348342405333334	9.542305789333334	0.0	-100.0	1	1.0424487181869888	-3.8817006946094468	138.0	12	1.05	0.95				
	107	2	42.599579416666664	8.519915883333333	0.0	0.0	1	0.9815948802558003	-10.9877608690559	138.0	12	1.05	0.95				
	108	1	58.276224641999995	11.927882236666665	0.0	0.0	1	0.9946036753878394	-8.391529189884363	138.0	12	1.05	0.95				
	109	1	59.63941118333334	12.268678871999999	0.0	0.0	1	1.024365814639689	-1.7239262257422143	138.0	13	1.05	0.95				
	110	1	66.45534389	13.631865413333333	0.0	0.0	1	1.05	-3.1922576583041744	138.0	13	1.05	0.95				
	111	1	0.0	0.0	0.0	0.0	1	1.0121889286449623	0.7599857629950297	230.0	13	1.05	0.95				
	112	1	0.0	0.0	0.0	0.0	1	1.0109508011788895	-0.5850381854427148	230.0	13	1.05	0.95				
	113	3	90.31110836333333	18.403018308	0.0	0.0	1	0.989119257077333	9.697706760415485e-30	230.0	14	1.05	0.95				
	114	2	66.11454725466666	13.291068778000001	0.0	0.0	1	1.0355278980268865	4.605879357275396	230.0	16	1.05	0.95				
	115	2	108.03253340066665	21.810984661333332	0.0	0.0	1	1.041977329086496	14.127252583102777	230.0	16	1.05	0.95				
	116	2	34.07966353333333	6.815932706666667	0.0	0.0	1	1.040735534884592	12.183235345154232	230.0	16	1.05	0.95				
	117	1	0.0	0.0	0.0	0.0	1	1.0404479172468908	18.297538702483905	230.0	17	1.05	0.95				
	118	2	113.485279566	23.174171202666667	0.0	0.0	1	1.049756360050519	18.945960444880754	230.0	17	1.05	0.95				
	119	1	61.68419099533333	12.60947550733333	0.0	0.0	1	1.0367762212988236	7.59179287689097	230.0	15	1.05	0.95				
	120	1	43.621969322666665	8.860712518666666	0.0	0.0	1	1.040078292640418	4.255828148657083	230.0	15	1.05	0.95				
	121	2	0.0	0.0	0.0	0.0	1	1.0434463923738455	20.4343099201228	230.0	17	1.05	0.95				
	122	2	0.0	0.0	0.0	0.0	1	1.05	38.393958142833405	230.0	17	1.05	0.95				
	123	2	0.0	0.0	0.0	0.0	1	1.042975125817962	2.6860058219076133	230.0	15	1.05	0.95				
	124	1	0.0	0.0	0.0	0.0	1	1.0223430003166523	9.877660132012865	230.0	16	1.05	0.95				
	201	2	43.65559576421053	8.892806544561402	0.0	0.0	2	1.0124523676358093	-19.780908598939874	138.0	21	1.05	0.95				
	202	2	39.20919249192983	8.084369585964913	0.0	0.0	2	1.0116027048836111	-20.106486489402368	138.0	22	1.05	0.95				
	203	1	72.75932627368421	14.956083734035088	0.0	0.0	2	1.0101458641800216	-14.363709365570296	138.0	21	1.05	0.95				
	204	1	29.912167468070177	6.063277189473684	0.0	0.0	2	1.010478187547021	-19.786984533469276	138.0	21	1.05	0.95				
	205	1	28.699512030175438	5.659058710175439	0.0	0.0	2	1.0263395598847267	-20.349167949727075	138.0	21	1.05	0.95				
	206	1	54.97371318456141	11.318117420350879	0.0	-100.0	2	1.0420163811432042	-21.18057250088848	138.0	22	1.05	0.95				
	207	2	50.52730991228071	10.10546198245614	0.0	0.0	2	0.9945209622550548	-25.979535477020505	138.0	22	1.05	0.95				
	208	1	69.12135995999999	14.147646775438597	0.0	0.0	2	1.0002919622498625	-24.161074676315952	138.0	22	1.05	0.95				
	209	1	70.73823387719298	14.551865254736843	0.0	0.0	2	1.0211318490855488	-17.843480127911885	138.0	23	1.05	0.95				
	210	1	78.82260346315789	16.168739171929825	0.0	0.0	2	1.05	-19.61480757943904	138.0	23	1.05	0.95				
	211	1	0.0	0.0	0.0	0.0	2	1.008150553685799	-14.945963546393388	230.0	23	1.05	0.95				
	212	1	0.0	0.0	0.0	0.0	2	1.0082497698394426	-14.698835491970472	230.0	23	1.05	0.95				
	213	2	107.1178970140351	21.827797882105266	0.0	0.0	2	1.0022532161047433	-14.097612458004203	230.0	24	1.05	0.95				
	214	2	78.41838498385965	15.764520692631578	0.0	0.0	2	1.0149452637945267	-11.835469093622828	230.0	26	1.05	0.95				
	215	2	128.13725793754384	25.869982675087723	0.0	0.0	2	1.027046411583109	-4.118637437543966	230.0	26	1.05	0.95				
	216	2	40.42184792982456	8.084369585964913	0.0	0.0	2	1.0301978786640993	-4.981909344757548	230.0	26	1.05	0.95				
	217	1	0.0	0.0	0.0	0.0	2	1.0357028124108865	-2.536923864882727	230.0	27	1.05	0.95				
	218	2	134.6047536063158	27.486856592280706	0.0	0.0	2	1.0346645426231673	-3.0679791194993293	230.0	27	1.05	0.95				
	219	1	73.16354475298246	14.956083734035088	0.0	0.0	2	1.0272048600651154	-6.279501891339568	230.0	25	1.05	0.95				
	220	1	51.739965350175446	10.509680461754387	0.0	0.0	2	1.0274444440143538	-6.6212082103286525	230.0	25	1.05	0.95				
	221	2	0.0	0.0	0.0	0.0	2	1.0347745409812734	-2.6169376401808777	230.0	27	1.05	0.95				
	222	2	0.0	0.0	0.0	0.0	2	1.05	3.9123353021705904	230.0	27	1.05	0.95				
	223	2	0.0	0.0	0.0	0.0	2	1.0279737452392235	-6.4980810694069016	230.0	25	1.05	0.95				
	224	1	0.0	0.0	0.0	0.0	2	1.0081008874033812	-7.930663344841127	230.0	26	1.05	0.95				
	301	2	49.45586839578947	10.074343562105263	0.0	0.0	3	1.0136087086192078	0.9220044660169348	138.0	31	1.05	0.95				
	302	2	44.41869661473684	9.15849414736842	0.0	0.0	3	1.012665246770703	0.6454870495606729	138.0	32	1.05	0.95				
	303	1	82.42644732631578	16.943214172631578	0.0	0.0	3	1.048631286184684	12.28221616382726	138.0	31	1.05	0.95				
	304	1	33.886428345263155	6.868870610526315	0.0	0.0	3	1.0125067477103447	1.9743710251816382	138.0	31	1.05	0.95				
	305	1	32.51265422315789	6.410945903157894	0.0	0.0	3	1.0261747751338126	0.24647687593900702	138.0	31	1.05	0.95				
	306	1	62.277760202105256	12.821891806315788	0.0	-100.0	3	1.0407139889855288	-0.6721610707287031	138.0	32	1.05	0.95				
	307	2	57.24058842105263	11.448117684210525	0.0	0.0	3	0.9906836208828579	-5.263468123140344	138.0	32	1.05	0.95				
	308	1	78.30512496	16.027364757894734	0.0	0.0	3	0.996884716112599	-3.181500021319565	138.0	32	1.05	0.95				
	309	1	80.13682378947368	16.485289465263158	0.0	0.0	3	1.026794786320536	4.936088420268285	138.0	33	1.05	0.95				
	310	1	89.29531793684208	18.31698829473684	0.0	0.0	3	1.05	1.0425422342708215	138.0	33	1.05	0.95				
	311	1	0.0	0.0	0.0	0.0	3	1.0096807110141877	5.840598566179073	230.0	33	1.05	0.95				
	312	1	0.0	0.0	0.0	0.0	3	1.0127657121699427	6.421630942456617	230.0	33	1.05	0.95				
	313	2	121.35004745263156	24.727934197894736	0.0	0.0	3	1.0102786394352257	8.69591333925511	230.0	34	1.05	0.95				
	314	2	88.83739322947368	17.85906358736842	0.0	0.0	3	1.0072867242479764	6.302280526810738	230.0	36	1.05	0.95				
	315	2	145.16213223578947	29.307181271578948	0.0	0.0	3	1.041479884933187	9.647981931491715	230.0	36	1.05	0.95				
	316	2	45.7924707368421	9.15849414736842	0.0	0.0	3	1.0361732930670804	9.6812025919906	230.0	36	1.05	0.95				
	317	1	0.0	0.0	0.0	0.0	3	1.05	13.891173573871814	230.0	37	1.05	0.95				
	318	2	152.4889275536842	31.138880101052628	0.0	0.0	3	1.046365709850439	10.764860764721076	230.0	37	1.05	0.95				
	319	1	82.8843720336842	16.943214172631578	0.0	0.0	3	1.0266558048188705	9.065174334236929	230.0	35	1.05	0.95				
	320	1	58.614362543157895	11.906042391578946	0.0	0.0	3	1.0216203017319503	9.417675468577979	230.0	35	1.05	0.95				
	321	2	0.0	0.0	0.0	0.0	3	1.0456650064770456	11.052900870444965	230.0	37	1.05	0.95				
	322	2	0.0	0.0	0.0	0.0	3	1.05	16.509729015226362	230.0	37	1.05	0.95				
	323	2	0.0	0.0	0.0	0.0	3	1.0196368673784382	9.970823095692896	230.0	35	1.05	0.95				
	324	1	0.0	0.0	0.0	0.0	3	1.0410842637764592	10.65777682223745	230.0	36	1.05	0.95				
	325	1	0.0	0.0	0.0	0.0	3	1.0193578062234785	10.867471627274849	230.0	35	1.05	0.95				
];
