%% MATPOWER Case Format : Version 2
function mpc = RTS_GMLC
mpc.version = '2';

%%-----  Power Flow Data  -----%%
%% system MVA base
mpc.baseMVA = 100.0;
%% bus data
%    bus_i    type    Pd    Qd    Gs    Bs    area    Vm    Va    baseKV    zone    Vmax    Vmin
mpc.bus = [
	101	2	45.83720929263158	9.337209300350876	0.0	0.0	1	1.034558912191799	3.000360612233468	138.0	11	1.05	0.95				
	102	2	41.16860464245614	8.488372091228069	0.0	0.0	1	1.034155013062206	2.8534517550667378	138.0	12	1.05	0.95				
	103	1	76.39534882105262	15.703488368771929	0.0	0.0	1	1.0296241993709978	0.9584024741112639	138.0	11	1.05	0.95				
	104	1	31.406976737543857	6.3662790684210515	0.0	0.0	1	1.0218297767911688	-0.5817335499053181	138.0	11	1.05	0.95				
	105	1	30.13372092385964	5.941860463859649	0.0	0.0	1	1.0362632758006423	-0.35943132225747215	138.0	11	1.05	0.95				
	106	1	57.72093022035087	11.883720927719297	0.0	-100.0	1	1.0455842098625108	-2.679953179319912	138.0	12	1.05	0.95				
	107	2	53.05232557017543	10.610465114035087	0.0	0.0	1	1.0019009255996207	-8.68971797707191	138.0	12	1.05	0.95				
	108	1	72.57558137999999	14.854651159649121	0.0	0.0	1	1.0051742132600043	-7.195626028843937	138.0	12	1.05	0.95				
	109	1	74.27325579824561	15.279069764210524	0.0	0.0	1	1.0249409080997243	-1.6777063184478314	138.0	13	1.05	0.95				
	110	1	82.76162788947367	16.976744182456137	0.0	0.0	1	1.05	-2.4327558591619964	138.0	13	1.05	0.95				
	111	1	0.0	0.0	0.0	0.0	1	1.0039226599226179	0.023159538240615674	230.0	13	1.05	0.95				
	112	1	0.0	0.0	0.0	0.0	1	1.009234658374275	0.3412077702932106	230.0	13	1.05	0.95				
	113	3	112.4709302087719	22.91860464631579	0.0	0.0	1	0.9962884627454031	1.4152449316481488e-30	230.0	14	1.05	0.95				
	114	2	82.33720928491228	16.552325577894734	0.0	0.0	1	1.0007102258209009	2.2478861759486217	230.0	16	1.05	0.95				
	115	2	134.5406976459649	27.16279069192982	0.0	0.0	1	1.0394757639043497	8.222427769059797	230.0	16	1.05	0.95				
	116	2	42.44186045614035	8.488372091228069	0.0	0.0	1	1.0353418689190055	7.8089498840370775	230.0	16	1.05	0.95				
	117	1	0.0	0.0	0.0	0.0	1	1.0426773076795546	9.73604364746152	230.0	17	1.05	0.95				
	118	2	141.33139531894736	28.860465110175436	0.0	0.0	1	1.0454631920582689	9.696832519494066	230.0	17	1.05	0.95				
	119	1	76.81976742561403	15.703488368771929	0.0	0.0	1	1.0291512371495042	6.652879020977834	230.0	15	1.05	0.95				
	120	1	54.32558138385964	11.03488371859649	0.0	0.0	1	1.0267626687771498	6.465632092028196	230.0	15	1.05	0.95				
	121	2	0.0	0.0	0.0	0.0	1	1.0495839672107854	10.628032946041712	230.0	17	1.05	0.95				
	122	2	0.0	0.0	0.0	0.0	1	1.05	17.82369326206971	230.0	17	1.05	0.95				
	123	2	0.0	0.0	0.0	0.0	1	1.025956189060922	6.690121393832928	230.0	15	1.05	0.95				
	124	1	0.0	0.0	0.0	0.0	1	1.026324536406923	5.505551387602705	230.0	16	1.05	0.95				
	201	2	54.84149219368422	11.171415076491227	0.0	0.0	2	1.0313747644593272	-9.357689259138587	138.0	21	1.05	0.95				
	202	2	49.255784655438596	10.155831887719298	0.0	0.0	2	1.0318033892320058	-9.344827465050937	138.0	22	1.05	0.95				
	203	1	91.40248698947369	18.788288992280698	0.0	0.0	2	1.0181365734761443	-8.498046082767416	138.0	21	1.05	0.95				
	204	1	37.576577984561396	7.616873915789473	0.0	0.0	2	1.0185973254623901	-11.544218439815227	138.0	21	1.05	0.95				
	205	1	36.053203201403505	7.109082321403509	0.0	0.0	2	1.0342149650130377	-11.73294925293315	138.0	21	1.05	0.95				
	206	1	69.05965683649123	14.218164642807018	0.0	-100.0	2	1.0433192202605397	-13.542189406536492	138.0	22	1.05	0.95				
	207	2	63.473949298245614	12.694789859649122	0.0	0.0	2	0.9896413491411697	-21.189259001277676	138.0	22	1.05	0.95				
	208	1	86.83236264	17.77270580350877	0.0	0.0	2	0.9934629800250271	-18.821919557642044	138.0	22	1.05	0.95				
	209	1	88.86352901754385	18.280497397894734	0.0	0.0	2	1.0228773566280247	-11.276869907814566	138.0	23	1.05	0.95				
	210	1	99.01936090526316	20.311663775438596	0.0	0.0	2	1.05	-12.531537574785686	138.0	23	1.05	0.95				
	211	1	0.0	0.0	0.0	0.0	2	1.009548922573911	-8.25888383182171	230.0	23	1.05	0.95				
	212	1	0.0	0.0	0.0	0.0	2	1.0106769069105146	-7.743821029927065	230.0	23	1.05	0.95				
	213	2	134.56477251228068	27.42074609684211	0.0	0.0	2	1.0052770832055802	-7.38163715071755	230.0	24	1.05	0.95				
	214	2	98.51156931087719	19.803872181052633	0.0	0.0	2	1.0148596638677168	-5.318133089252814	230.0	26	1.05	0.95				
	215	2	160.96993542035088	32.49866204070175	0.0	0.0	2	1.0305877217289399	2.1435180731760104	230.0	26	1.05	0.95				
	216	2	50.77915943859649	10.155831887719298	0.0	0.0	2	1.0327051235571405	1.9262985213740642	230.0	26	1.05	0.95				
	217	1	0.0	0.0	0.0	0.0	2	1.0371374171597587	5.055698246248215	230.0	27	1.05	0.95				
	218	2	169.0946009305263	34.529828418245614	0.0	0.0	2	1.0390905193361384	5.564948052664214	230.0	27	1.05	0.95				
	219	1	91.91027858385965	18.788288992280698	0.0	0.0	2	1.0308661444416305	0.7810430029672223	230.0	25	1.05	0.95				
	220	1	64.9973240814035	13.202581454035087	0.0	0.0	2	1.0332011069347329	0.7649300193501596	230.0	25	1.05	0.95				
	221	2	0.0	0.0	0.0	0.0	2	1.0387990046006406	5.18154231510644	230.0	27	1.05	0.95				
	222	2	0.0	0.0	0.0	0.0	2	1.05	11.632984764896964	230.0	27	1.05	0.95				
	223	2	0.0	0.0	0.0	0.0	2	1.035390534689857	1.13869033584215	230.0	25	1.05	0.95				
	224	1	0.0	0.0	0.0	0.0	2	1.0127772500644996	-1.8347633136915809	230.0	26	1.05	0.95				
	301	2	45.04840241684211	9.176526418245615	0.0	0.0	3	1.008699024165298	-17.48359117131954	138.0	31	1.05	0.95				
	302	2	40.4601392077193	8.34229674385965	0.0	0.0	3	1.0085428607696958	-17.63490333938984	138.0	32	1.05	0.95				
	303	1	75.08067069473685	15.433248976140352	0.0	0.0	3	1.030554927801003	-10.825001724313166	138.0	31	1.05	0.95				
	304	1	30.866497952280703	6.2567225578947365	0.0	0.0	3	1.0114382184017832	-16.294936348263644	138.0	31	1.05	0.95				
	305	1	29.615153440701754	5.839607720701755	0.0	0.0	3	1.024099042479155	-17.283880591534075	138.0	31	1.05	0.95				
	306	1	56.727617858245615	11.67921544140351	0.0	-100.0	3	1.0409313039191108	-17.675519381476715	138.0	32	1.05	0.95				
	307	2	52.13935464912281	10.427870929824563	0.0	0.0	3	0.9930757479966689	-22.047674007333296	138.0	32	1.05	0.95				
	308	1	71.32663716	14.599019301754385	0.0	0.0	3	1.0001253965405061	-20.184332249006466	138.0	32	1.05	0.95				
	309	1	72.99509650877194	15.016134138947368	0.0	0.0	3	1.0266724045137943	-13.490771538061976	138.0	33	1.05	0.95				
	310	1	81.33739325263159	16.6845934877193	0.0	0.0	3	1.05	-15.739743354678886	138.0	33	1.05	0.95				
	311	1	0.0	0.0	0.0	0.0	3	1.0067473410741758	-10.59962200092726	230.0	33	1.05	0.95				
	312	1	0.0	0.0	0.0	0.0	3	1.0116230707239982	-9.927871618846575	230.0	33	1.05	0.95				
	313	2	110.53543185614035	22.524201208421054	0.0	0.0	3	1.010027134848413	-7.165555135879501	230.0	34	1.05	0.95				
	314	2	80.9202784154386	16.267478650526318	0.0	0.0	3	1.0026217446990575	-9.468422345645084	230.0	36	1.05	0.95				
	315	2	132.22540339017544	26.69534958035088	0.0	0.0	3	1.0264557035222885	-6.16962350832214	230.0	36	1.05	0.95				
	316	2	41.71148371929825	8.34229674385965	0.0	0.0	3	1.0260615144151162	-5.373482621894471	230.0	36	1.05	0.95				
	317	1	0.0	0.0	0.0	0.0	3	1.030921315669437	-4.604707334388847	230.0	37	1.05	0.95				
	318	2	138.89924078526317	28.363808929122808	0.0	0.0	3	1.0300502474107467	-4.78326279425027	230.0	37	1.05	0.95				
	319	1	75.49778553192982	15.433248976140352	0.0	0.0	3	1.0236823760044274	-5.689920306397948	230.0	35	1.05	0.95				
	320	1	53.39069916070176	10.844985767017546	0.0	0.0	3	1.0243590896920103	-5.146617610372818	230.0	35	1.05	0.95				
	321	2	0.0	0.0	0.0	0.0	3	1.030899145479387	-4.712722982873066	230.0	37	1.05	0.95				
	322	2	0.0	0.0	0.0	0.0	3	1.0441713269136954	-0.31495139522118143	230.0	37	1.05	0.95				
	323	2	0.0	0.0	0.0	0.0	3	1.02536995557365	-4.52554728462505	230.0	35	1.05	0.95				
	324	1	0.0	0.0	0.0	0.0	3	1.0210194014272154	-7.937159914839959	230.0	36	1.05	0.95				
	325	1	0.0	0.0	0.0	0.0	3	1.0228488119747423	-3.242988229219412	230.0	35	1.05	0.95				
];
