%% MATPOWER Case Format : Version 2
function mpc = RTS_GMLC
mpc.version = '2';

%%-----  Power Flow Data  -----%%
%% system MVA base
mpc.baseMVA = 100.0;
%% bus data
%    bus_i    type    Pd    Qd    Gs    Bs    area    Vm    Va    baseKV    zone    Vmax    Vmin
mpc.bus = [
	101	2	34.09401286610527	6.945076694947369	0.0	0.0	1	1.0030059640377902	-4.601838777265091	138.0	11	1.05	0.95				
	102	2	30.62147451863158	6.31370608631579	0.0	0.0	1	1.0020860846373216	-4.813254603340793	138.0	12	1.05	0.95				
	103	1	56.823354776842116	11.680356259684212	0.0	0.0	1	1.0270720072288437	0.8046743591114563	138.0	11	1.05	0.95				
	104	1	23.360712519368423	4.735279564736842	0.0	0.0	1	1.009926457809943	-4.402321302125994	138.0	11	1.05	0.95				
	105	1	22.413656606421053	4.419594260421054	0.0	0.0	1	1.0227505176184855	-5.04224844460673	138.0	11	1.05	0.95				
	106	1	42.93320138694738	8.839188520842107	0.0	-100.0	1	1.0422129684648853	-5.7120918904449685	138.0	12	1.05	0.95				
	107	2	39.46066303947369	7.892132607894737	0.0	0.0	1	1.001233069546389	-9.729924433821592	138.0	12	1.05	0.95				
	108	1	53.982187038000006	11.04898565105263	0.0	0.0	1	1.008122484999913	-8.108112170357487	138.0	12	1.05	0.95				
	109	1	55.24492825526316	11.364670955368423	0.0	0.0	1	1.0246574810373814	-2.7513002784468212	138.0	13	1.05	0.95				
	110	1	61.55863434157895	12.62741217263158	0.0	0.0	1	1.05	-4.452430801132082	138.0	13	1.05	0.95				
	111	1	0.0	0.0	0.0	0.0	1	1.0048958686667329	-0.007568564539667468	230.0	13	1.05	0.95				
	112	1	0.0	0.0	0.0	0.0	1	1.008260629032725	-1.0887836801089488	230.0	13	1.05	0.95				
	113	3	83.65660564368422	17.047006433052633	0.0	0.0	1	0.9961075236690298	-3.1182763638794457e-27	230.0	14	1.05	0.95				
	114	2	61.24294903726316	12.311726868315791	0.0	0.0	1	1.0091582929896246	3.695050391573545	230.0	16	1.05	0.95				
	115	2	100.07224146810528	20.20385947621053	0.0	0.0	1	1.0425717935527508	12.380893471134211	230.0	16	1.05	0.95				
	116	2	31.56853043157895	6.31370608631579	0.0	0.0	1	1.036254273793283	10.679396929596358	230.0	16	1.05	0.95				
	117	1	0.0	0.0	0.0	0.0	1	1.041978306878469	15.895645372023193	230.0	17	1.05	0.95				
	118	2	105.12320633715791	21.46660069347369	0.0	0.0	1	1.0499999808870684	16.70065473568781	230.0	17	1.05	0.95				
	119	1	57.1390400811579	11.680356259684212	0.0	0.0	1	1.0252295108632796	6.827292440990085	230.0	15	1.05	0.95				
	120	1	40.40771895242106	8.207817912210528	0.0	0.0	1	1.0206709792867474	4.053272579480615	230.0	15	1.05	0.95				
	121	2	0.0	0.0	0.0	0.0	1	1.05	18.217830569463004	230.0	17	1.05	0.95				
	122	2	0.0	0.0	0.0	0.0	1	1.05	30.893015583077826	230.0	17	1.05	0.95				
	123	2	0.0	0.0	0.0	0.0	1	1.018803556371145	2.7666770924828707	230.0	15	1.05	0.95				
	124	1	0.0	0.0	0.0	0.0	1	1.0222706252929612	8.063740222707555	230.0	16	1.05	0.95				
	201	2	36.77065952968421	7.490319533824562	0.0	0.0	2	1.012231611062215	-14.202646516202021	138.0	21	1.05	0.95				
	202	2	33.02549976277193	6.809381394385965	0.0	0.0	2	1.0113209300378074	-14.484274450899456	138.0	22	1.05	0.95				
	203	1	61.28443254947369	12.597355579614037	0.0	0.0	2	1.016441584477147	-10.626425852425555	138.0	21	1.05	0.95				
	204	1	25.194711159228074	5.1070360457894735	0.0	0.0	2	1.0125678455460199	-14.341282179465288	138.0	21	1.05	0.95				
	205	1	24.173303950070174	4.766566976070176	0.0	0.0	2	1.027124806617818	-14.728973657542646	138.0	21	1.05	0.95				
	206	1	46.30379348182456	9.533133952140352	0.0	-100.0	2	1.04376511568626	-15.479313556651903	138.0	22	1.05	0.95				
	207	2	42.55863371491228	8.511726742982455	0.0	0.0	2	0.994822115845678	-19.441636831868966	138.0	22	1.05	0.95				
	208	1	58.22021092200001	11.916417440175438	0.0	0.0	2	1.0033389386616731	-17.971362954635733	138.0	22	1.05	0.95				
	209	1	59.58208720087719	12.256886509894736	0.0	0.0	2	1.0226579718589426	-12.804297591069561	138.0	23	1.05	0.95				
	210	1	66.39146859526316	13.61876278877193	0.0	0.0	2	1.05	-14.154410575459659	138.0	23	1.05	0.95				
	211	1	0.0	0.0	0.0	0.0	2	1.0026415321319104	-10.346332897790559	230.0	23	1.05	0.95				
	212	1	0.0	0.0	0.0	0.0	2	1.0075651515741102	-9.81668719377532	230.0	23	1.05	0.95				
	213	2	90.22430347561404	18.385329764842105	0.0	0.0	2	0.9965088182295123	-9.271942843157271	230.0	24	1.05	0.95				
	214	2	66.05099952554386	13.27829371905263	0.0	0.0	2	1.000965427500599	-8.008370688112782	230.0	26	1.05	0.95				
	215	2	107.92869510101755	21.790020462035088	0.0	0.0	2	1.020596747437886	-1.930742896682956	230.0	26	1.05	0.95				
	216	2	34.04690697192982	6.809381394385965	0.0	0.0	2	1.0214411542557824	-2.684691335060576	230.0	26	1.05	0.95				
	217	1	0.0	0.0	0.0	0.0	2	1.0265839820029348	-0.5711475039583027	230.0	27	1.05	0.95				
	218	2	113.37620021652633	23.15189674091228	0.0	0.0	2	1.0263579366485822	-0.9333454319559842	230.0	27	1.05	0.95				
	219	1	61.62490161919298	12.597355579614037	0.0	0.0	2	1.0237080494436996	-3.090888818961184	230.0	25	1.05	0.95				
	220	1	43.580040924070175	8.852195812701755	0.0	0.0	2	1.027514887567636	-2.7716428105826103	230.0	25	1.05	0.95				
	221	2	0.0	0.0	0.0	0.0	2	1.0280201333194203	-0.4678204291862022	230.0	27	1.05	0.95				
	222	2	0.0	0.0	0.0	0.0	2	1.0499468895230293	5.982153717134714	230.0	27	1.05	0.95				
	223	2	0.0	0.0	0.0	0.0	2	1.0298111923828865	-2.3347156931821096	230.0	25	1.05	0.95				
	224	1	0.0	0.0	0.0	0.0	2	1.0082710139064524	-5.206458826026993	230.0	26	1.05	0.95				
	301	2	44.33090794105263	9.03037013614035	0.0	0.0	3	1.012321143197486	10.259773292539005	138.0	31	1.05	0.95				
	302	2	39.815722872982455	8.209427396491229	0.0	0.0	3	1.0118320997863683	9.934039933199845	138.0	32	1.05	0.95				
	303	1	73.88484656842105	15.187440683508772	0.0	0.0	3	1.05	23.75398758770452	138.0	31	1.05	0.95				
	304	1	30.374881367017544	6.157070547368421	0.0	0.0	3	1.012240453654436	11.314724237844063	138.0	31	1.05	0.95				
	305	1	29.143467257543858	5.74659917754386	0.0	0.0	3	1.0260924600191297	8.752899913416929	138.0	31	1.05	0.95				
	306	1	55.82410629614035	11.49319835508772	0.0	-100.0	3	1.041665315151967	7.416353818547879	138.0	32	1.05	0.95				
	307	2	51.30892122807017	10.261784245614034	0.0	0.0	3	0.9897467929771526	4.016719072372284	138.0	32	1.05	0.95				
	308	1	70.19060424	14.366497943859649	0.0	0.0	3	0.9976980345083026	5.845884088803722	138.0	32	1.05	0.95				
	309	1	71.83248971929824	14.77696931368421	0.0	0.0	3	1.0252140909299061	14.13124702503045	138.0	33	1.05	0.95				
	310	1	80.04191711578947	16.418854792982458	0.0	0.0	3	1.05	8.570009556238118	138.0	33	1.05	0.95				
	311	1	0.0	0.0	0.0	0.0	3	1.0092011441629054	12.254432322129661	230.0	33	1.05	0.95				
	312	1	0.0	0.0	0.0	0.0	3	1.0143961021074697	12.199881632544844	230.0	33	1.05	0.95				
	313	2	108.77491300350877	22.165453970526315	0.0	0.0	3	1.0069822748556416	12.137102154217326	230.0	34	1.05	0.95				
	314	2	79.63144574596491	16.008383423157895	0.0	0.0	3	1.004562511453361	13.377150744691102	230.0	36	1.05	0.95				
	315	2	130.11942423438597	26.270167668771933	0.0	0.0	3	1.0401125128930326	17.834598259154085	230.0	36	1.05	0.95				
	316	2	41.04713698245614	8.209427396491229	0.0	0.0	3	1.0336553220951368	17.354631331413252	230.0	36	1.05	0.95				
	317	1	0.0	0.0	0.0	0.0	3	1.05	22.333636625409685	230.0	37	1.05	0.95				
	318	2	136.68696615157893	27.912053148070175	0.0	0.0	3	1.0468408121640966	18.851884046550904	230.0	37	1.05	0.95				
	319	1	74.29531793824562	15.187440683508772	0.0	0.0	3	1.0258107190874945	15.481238238868528	230.0	35	1.05	0.95				
	320	1	52.540335337543866	10.672255615438598	0.0	0.0	3	1.0223075499684253	14.64016727585954	230.0	35	1.05	0.95				
	321	2	0.0	0.0	0.0	0.0	3	1.0454401776503988	19.190016340506094	230.0	37	1.05	0.95				
	322	2	0.0	0.0	0.0	0.0	3	1.05	24.766661342660004	230.0	37	1.05	0.95				
	323	2	0.0	0.0	0.0	0.0	3	1.0208181613591216	14.495473916306935	230.0	35	1.05	0.95				
	324	1	0.0	0.0	0.0	0.0	3	1.0412586156846386	20.100610449744536	230.0	36	1.05	0.95				
	325	1	0.0	0.0	0.0	0.0	3	1.0233057392672311	14.829553029462401	230.0	35	1.05	0.95				
];
