%% MATPOWER Case Format : Version 2
function mpc = RTS_GMLC
mpc.version = '2';

%%-----  Power Flow Data  -----%%
%% system MVA base
mpc.baseMVA = 100.0;
%% bus data
%    bus_i    type    Pd    Qd    Gs    Bs    area    Vm    Va    baseKV    zone    Vmax    Vmin
mpc.bus = [
	101	2	54.146956964210524	11.029935677894736	0.0	0.0	1	1.0333028464181595	3.3418430180155947	138.0	11	1.05	0.95				
	102	2	48.63198912526315	10.027214252631577	0.0	0.0	1	1.0333801474973479	3.3229818709890266	138.0	12	1.05	0.95				
	103	1	90.2449282736842	18.55034636736842	0.0	0.0	1	1.0268834613422342	0.48050183204722924	138.0	11	1.05	0.95				
	104	1	37.10069273473684	7.5204106894736835	0.0	0.0	1	1.020400950678097	-0.3500279808664783	138.0	11	1.05	0.95				
	105	1	35.5966105968421	7.019049976842105	0.0	0.0	1	1.0345676188414619	-0.10963919360878986	138.0	11	1.05	0.95				
	106	1	68.18505691789474	14.03809995368421	0.0	-100.0	1	1.0431343807946918	-2.5073454725612527	138.0	12	1.05	0.95				
	107	2	62.670089078947356	12.534017815789472	0.0	0.0	1	1.0320758753215629	-1.644691298793457	138.0	12	1.05	0.95				
	108	1	85.73268186	17.547624942105262	0.0	0.0	1	1.02237574749266	-3.2307986098540598	138.0	12	1.05	0.95				
	109	1	87.73812471052631	18.04898565473684	0.0	0.0	1	1.0258644189517991	-1.329313619855631	138.0	13	1.05	0.95				
	110	1	97.76533896315787	20.054428505263154	0.0	0.0	1	1.05	-2.0293599697082048	138.0	13	1.05	0.95				
	111	1	0.0	0.0	0.0	0.0	1	1.0047834921202492	-0.01682579992279376	230.0	13	1.05	0.95				
	112	1	0.0	0.0	0.0	0.0	1	1.0108567520430047	0.5424963282243289	230.0	13	1.05	0.95				
	113	3	132.8605888473684	27.073478482105262	0.0	0.0	1	0.9978268413192083	7.833119195978792e-28	230.0	14	1.05	0.95				
	114	2	97.2639782505263	19.553067792631577	0.0	0.0	1	1.0001678170405601	1.7502633357486501	230.0	16	1.05	0.95				
	115	2	158.9313459042105	32.08708560842105	0.0	0.0	1	1.0406039577679995	7.3032779569322726	230.0	16	1.05	0.95				
	116	2	50.13607126315789	10.027214252631577	0.0	0.0	1	1.0369236470777643	7.151284664326421	230.0	16	1.05	0.95				
	117	1	0.0	0.0	0.0	0.0	1	1.0446066211386542	9.263732929265373	230.0	17	1.05	0.95				
	118	2	166.95311730631576	34.09252845894737	0.0	0.0	1	1.0479362960118883	9.329624395397312	230.0	17	1.05	0.95				
	119	1	90.74628898631578	18.55034636736842	0.0	0.0	1	1.0308382981385256	6.225600993162858	230.0	15	1.05	0.95				
	120	1	64.1741712168421	13.035378528421052	0.0	0.0	1	1.029333325984248	6.3841834259818135	230.0	15	1.05	0.95				
	121	2	0.0	0.0	0.0	0.0	1	1.05	9.168506737302243	230.0	17	1.05	0.95				
	122	2	0.0	0.0	0.0	0.0	1	1.05	17.314386376582394	230.0	17	1.05	0.95				
	123	2	0.0	0.0	0.0	0.0	1	1.029426415918059	6.854379680403965	230.0	15	1.05	0.95				
	124	1	0.0	0.0	0.0	0.0	1	1.026422788738095	4.764408196775452	230.0	16	1.05	0.95				
	201	2	59.95844484631579	12.213757283508771	0.0	0.0	2	1.0302870856012865	-8.997543901786782	138.0	21	1.05	0.95				
	202	2	53.85156620456141	11.103415712280702	0.0	0.0	2	1.0304147340255343	-9.084703666439877	138.0	22	1.05	0.95				
	203	1	99.93074141052632	20.5413190677193	0.0	0.0	2	1.0242201938156954	-6.817490414764067	138.0	21	1.05	0.95				
	204	1	41.0826381354386	8.327561784210525	0.0	0.0	2	1.0174723525105214	-11.506342937289517	138.0	21	1.05	0.95				
	205	1	39.41712577859649	7.772390998596491	0.0	0.0	2	1.0328001462388776	-11.794410269117455	138.0	21	1.05	0.95				
	206	1	75.50322684350877	15.544781997192983	0.0	-100.0	2	1.0414050337838128	-13.892197323185131	138.0	22	1.05	0.95				
	207	2	69.39634820175439	13.879269640350877	0.0	0.0	2	0.9848388878241787	-22.272274584419897	138.0	22	1.05	0.95				
	208	1	94.93420434000001	19.430977496491227	0.0	0.0	2	0.9886922539397596	-19.651909061208205	138.0	22	1.05	0.95				
	209	1	97.15488748245615	19.986148282105262	0.0	0.0	2	1.023781118813663	-11.227600095212765	138.0	23	1.05	0.95				
	210	1	108.25830319473684	22.206831424561404	0.0	0.0	2	1.05	-12.868131673291616	138.0	23	1.05	0.95				
	211	1	0.0	0.0	0.0	0.0	2	1.0129215070328337	-8.244508865254291	230.0	23	1.05	0.95				
	212	1	0.0	0.0	0.0	0.0	2	1.016478745603096	-7.985308414975133	230.0	23	1.05	0.95				
	213	2	147.1202581877193	29.979222423157896	0.0	0.0	2	1.0109101513848968	-7.103272253520815	230.0	24	1.05	0.95				
	214	2	107.70313240912282	21.65166063894737	0.0	0.0	2	1.019699224254633	-5.406162396520431	230.0	26	1.05	0.95				
	215	2	175.98913903964913	35.530930279298246	0.0	0.0	2	1.0379245100830035	2.526439161132599	230.0	26	1.05	0.95				
	216	2	55.51707856140351	11.103415712280702	0.0	0.0	2	1.0417734307247544	1.9243170697144807	230.0	26	1.05	0.95				
	217	1	0.0	0.0	0.0	0.0	2	1.0437192865307097	5.485591075711867	230.0	27	1.05	0.95				
	218	2	184.8718716094737	37.751613421754385	0.0	0.0	2	1.0462823808874613	6.238608183558731	230.0	27	1.05	0.95				
	219	1	100.48591219614036	20.5413190677193	0.0	0.0	2	1.0416460380287813	0.010422061657440605	230.0	25	1.05	0.95				
	220	1	71.06186055859649	14.434440425964912	0.0	0.0	2	1.0463776144386883	-0.6001605224329067	230.0	25	1.05	0.95				
	221	2	0.0	0.0	0.0	0.0	2	1.0462589002398255	6.202741023995177	230.0	27	1.05	0.95				
	222	2	0.0	0.0	0.0	0.0	2	1.05	12.429339324301912	230.0	27	1.05	0.95				
	223	2	0.0	0.0	0.0	0.0	2	1.05	-0.5279825250130182	230.0	25	1.05	0.95				
	224	1	0.0	0.0	0.0	0.0	2	1.0211057680800484	-0.9601460444232698	230.0	26	1.05	0.95				
	301	2	73.49193291789474	14.970578927719297	0.0	0.0	3	1.0146542162732373	-39.591199022589734	138.0	31	1.05	0.95				
	302	2	66.00664345403509	13.609617207017543	0.0	0.0	3	1.0132479246209611	-39.95651608562618	138.0	32	1.05	0.95				
	303	1	122.48655486315789	25.177791832982454	0.0	0.0	3	1.0183970889485097	-33.72076896629148	138.0	31	1.05	0.95				
	304	1	50.35558366596491	10.207212905263157	0.0	0.0	3	1.0081824148180392	-38.63118272249174	138.0	31	1.05	0.95				
	305	1	48.31414108491228	9.526732044912281	0.0	0.0	3	1.0232174718735922	-39.33162544069606	138.0	31	1.05	0.95				
	306	1	92.5453970077193	19.053464089824562	0.0	-100.0	3	1.0342435529398135	-39.94622733747697	138.0	32	1.05	0.95				
	307	2	85.06010754385964	17.01202150877193	0.0	0.0	3	1.0067360082563424	-42.032889397494564	138.0	32	1.05	0.95				
	308	1	116.36222712	23.816830112280698	0.0	0.0	3	1.000940558356949	-41.55212257666381	138.0	32	1.05	0.95				
	309	1	119.08415056140352	24.497310972631578	0.0	0.0	3	1.0273532524508004	-34.766458978439175	138.0	33	1.05	0.95				
	310	1	132.69376776842105	27.219234414035085	0.0	0.0	3	1.05	-36.891497387100586	138.0	33	1.05	0.95				
	311	1	0.0	0.0	0.0	0.0	3	1.0213096399051436	-29.495738103847167	230.0	33	1.05	0.95				
	312	1	0.0	0.0	0.0	0.0	3	1.0185056420930545	-28.53303925995914	230.0	33	1.05	0.95				
	313	2	180.32742799298245	36.74596645894737	0.0	0.0	3	1.0320733684664498	-25.154492163859164	230.0	34	1.05	0.95				
	314	2	132.01328690807017	26.538753553684213	0.0	0.0	3	1.0342673516487786	-27.07639895138455	230.0	36	1.05	0.95				
	315	2	215.71243273122803	43.55077506245614	0.0	0.0	3	1.048506049731376	-20.05813999307243	230.0	36	1.05	0.95				
	316	2	68.04808603508772	13.609617207017543	0.0	0.0	3	1.0492590177257155	-19.53010736337137	230.0	36	1.05	0.95				
	317	1	0.0	0.0	0.0	0.0	3	1.049893463200488	-16.60437110469719	230.0	37	1.05	0.95				
	318	2	226.6001264968421	46.27269850385965	0.0	0.0	3	1.05	-15.95876925423063	230.0	37	1.05	0.95				
	319	1	123.16703572350877	25.177791832982454	0.0	0.0	3	1.0450149556536268	-20.308486422633667	230.0	35	1.05	0.95				
	320	1	87.10155012491228	17.692502369122806	0.0	0.0	3	1.047051983973238	-19.715005731837824	230.0	35	1.05	0.95				
	321	2	0.0	0.0	0.0	0.0	3	1.05	-15.67999497837696	230.0	37	1.05	0.95				
	322	2	0.0	0.0	0.0	0.0	3	1.05	-10.266429004089494	230.0	37	1.05	0.95				
	323	2	0.0	0.0	0.0	0.0	3	1.05	-18.893817010013027	230.0	35	1.05	0.95				
	324	1	0.0	0.0	0.0	0.0	3	1.0197800335714953	-25.089107352699372	230.0	36	1.05	0.95				
	325	1	0.0	0.0	0.0	0.0	3	1.0366133826746864	-16.667895246887937	230.0	35	1.05	0.95				
];
