%% MATPOWER Case Format : Version 2
function mpc = RTS_GMLC
mpc.version = '2';

%%-----  Power Flow Data  -----%%
%% system MVA base
mpc.baseMVA = 100.0;
%% bus data
%    bus_i    type    Pd    Qd    Gs    Bs    area    Vm    Va    baseKV    zone    Vmax    Vmin
mpc.bus = [
	101	2	36.271647701052636	7.38866897614035	0.0	0.0	1	0.9893647627575366	-5.547081973408726	138.0	11	1.05	0.95				
	102	2	32.57731321298245	6.716971796491228	0.0	0.0	1	0.9892359532179695	-5.714426439726095	138.0	12	1.05	0.95				
	103	1	60.45274616842106	12.42639782350877	0.0	0.0	1	1.0209875404624558	0.8531046620082186	138.0	11	1.05	0.95				
	104	1	24.85279564701754	5.037728847368421	0.0	0.0	1	1.0037965993800553	-4.987707324046497	138.0	11	1.05	0.95				
	105	1	23.845249877543857	4.70188025754386	0.0	0.0	1	1.0154644442530902	-5.766499819639121	138.0	11	1.05	0.95				
	106	1	45.67540821614035	9.40376051508772	0.0	-100.0	1	1.0385186492917817	-6.3255786305118615	138.0	12	1.05	0.95				
	107	2	41.98107372807017	8.396214745614035	0.0	0.0	1	0.9882741536416045	-10.218135140992903	138.0	12	1.05	0.95				
	108	1	57.43010886	11.754700643859648	0.0	0.0	1	1.000014713055755	-8.593799164979579	138.0	12	1.05	0.95				
	109	1	58.77350321929824	12.090549233684209	0.0	0.0	1	1.0250659210832247	-3.0024440265561676	138.0	13	1.05	0.95				
	110	1	65.49047501578947	13.433943592982455	0.0	0.0	1	1.05	-4.884718836630804	138.0	13	1.05	0.95				
	111	1	0.0	0.0	0.0	0.0	1	1.0163308754922564	0.050004263593941264	230.0	13	1.05	0.95				
	112	1	0.0	0.0	0.0	0.0	1	1.0123746995731366	-1.177086289767618	230.0	13	1.05	0.95				
	113	3	88.99987630350876	18.135823850526318	0.0	0.0	1	0.9976741509326343	-1.6458337457671062e-28	230.0	14	1.05	0.95				
	114	2	65.1546264259649	13.098095003157894	0.0	0.0	1	1.0419984976880827	4.017449274277236	230.0	16	1.05	0.95				
	115	2	106.46400297438596	21.49430974877193	0.0	0.0	1	1.0386428674577222	13.649181570051171	230.0	16	1.05	0.95				
	116	2	33.58485898245614	6.716971796491228	0.0	0.0	1	1.0390637418972761	11.815864737014854	230.0	16	1.05	0.95				
	117	1	0.0	0.0	0.0	0.0	1	1.0379462230507346	17.916615387537078	230.0	17	1.05	0.95				
	118	2	111.83758041157894	22.837704108070174	0.0	0.0	1	1.046456717070271	18.554366263558563	230.0	17	1.05	0.95				
	119	1	60.788594758245615	12.42639782350877	0.0	0.0	1	1.0346829017887813	7.505073371907095	230.0	15	1.05	0.95				
	120	1	42.98861949754386	8.732063335438596	0.0	0.0	1	1.0369607280349435	4.4012418951234356	230.0	15	1.05	0.95				
	121	2	0.0	0.0	0.0	0.0	1	1.039296894261999	20.02796901661626	230.0	17	1.05	0.95				
	122	2	0.0	0.0	0.0	0.0	1	1.05	38.02128942469366	230.0	17	1.05	0.95				
	123	2	0.0	0.0	0.0	0.0	1	1.0391146703058154	2.953972551127965	230.0	15	1.05	0.95				
	124	1	0.0	0.0	0.0	0.0	1	1.0159407330388388	8.885207846161906	230.0	16	1.05	0.95				
	201	2	38.41964427789474	7.8262238343859645	0.0	0.0	2	1.0062144564978885	-14.802606185738211	138.0	21	1.05	0.95				
	202	2	34.506532360701755	7.114748940350878	0.0	0.0	2	1.0049719181215722	-15.084619198224127	138.0	22	1.05	0.95				
	203	1	64.0327404631579	13.16228553964912	0.0	0.0	2	1.013140586598982	-11.123955675089048	138.0	21	1.05	0.95				
	204	1	26.32457107929824	5.336061705263157	0.0	0.0	2	1.0095043391906862	-14.924833426886316	138.0	21	1.05	0.95				
	205	1	25.25735873824561	4.980324258245615	0.0	0.0	2	1.0238297308719277	-15.326072457568873	138.0	21	1.05	0.95				
	206	1	48.380292794385966	9.96064851649123	0.0	-100.0	2	1.0417773040614389	-16.086717737010527	138.0	22	1.05	0.95				
	207	2	44.46718087719298	8.893436175438596	0.0	0.0	2	0.9894428392331984	-20.214256554417343	138.0	22	1.05	0.95				
	208	1	60.83110344	12.450810645614034	0.0	0.0	2	0.9997005873941928	-18.683619497774824	138.0	22	1.05	0.95				
	209	1	62.25405322807017	12.806548092631578	0.0	0.0	2	1.022908217781989	-13.309588962797465	138.0	23	1.05	0.95				
	210	1	69.36880216842106	14.229497880701755	0.0	0.0	2	1.05	-14.694331506558497	138.0	23	1.05	0.95				
	211	1	0.0	0.0	0.0	0.0	2	1.0047522612153772	-10.707874177626913	230.0	23	1.05	0.95				
	212	1	0.0	0.0	0.0	0.0	2	1.0132959081618294	-10.11643650818841	230.0	23	1.05	0.95				
	213	2	94.27042345964911	19.20982213894737	0.0	0.0	2	1.0031944719290187	-9.55009471097952	230.0	24	1.05	0.95				
	214	2	69.01306472140351	13.87376043368421	0.0	0.0	2	1.0015835433175035	-8.299811804531474	230.0	26	1.05	0.95				
	215	2	112.76877070456139	22.767196609122806	0.0	0.0	2	1.0248838676024021	-2.1182478946819523	230.0	26	1.05	0.95				
	216	2	35.573744701754386	7.114748940350878	0.0	0.0	2	1.0279397619468733	-2.8503505879780398	230.0	26	1.05	0.95				
	217	1	0.0	0.0	0.0	0.0	2	1.033533403771159	-0.6961575013258294	230.0	27	1.05	0.95				
	218	2	118.4605698568421	24.190146397192983	0.0	0.0	2	1.0320105198133533	-1.095738605144049	230.0	27	1.05	0.95				
	219	1	64.38847791017544	13.16228553964912	0.0	0.0	2	1.0354427774094126	-3.219456359013419	230.0	25	1.05	0.95				
	220	1	45.53439321824561	9.24917362245614	0.0	0.0	2	1.0439040176054153	-2.8529221455080926	230.0	25	1.05	0.95				
	221	2	0.0	0.0	0.0	0.0	2	1.0325403232328563	-0.6396168671232059	230.0	27	1.05	0.95				
	222	2	0.0	0.0	0.0	0.0	2	1.049999999277914	5.83368321915052	230.0	27	1.05	0.95				
	223	2	0.0	0.0	0.0	0.0	2	1.0487983975613016	-2.3905692887597256	230.0	25	1.05	0.95				
	224	1	0.0	0.0	0.0	0.0	2	1.009326608297872	-5.484174527637762	230.0	26	1.05	0.95				
	301	2	42.45175576421053	8.647579877894737	0.0	0.0	3	1.017436533930351	14.82828604772763	138.0	31	1.05	0.95				
	302	2	38.12796582526316	7.86143625263158	0.0	0.0	3	1.0157842477434644	14.476730818058309	138.0	32	1.05	0.95				
	303	1	70.75292627368421	14.543657067368422	0.0	0.0	3	1.05	29.652694213552948	138.0	31	1.05	0.95				
	304	1	29.087314134736843	5.896077189473684	0.0	0.0	3	1.0093264491698013	15.739219354397619	138.0	31	1.05	0.95				
	305	1	27.908098696842103	5.503005376842107	0.0	0.0	3	1.0255495544581876	13.08542603107311	138.0	31	1.05	0.95				
	306	1	53.45776651789475	11.006010753684214	0.0	-100.0	3	1.0377978934513123	11.618819250157632	138.0	32	1.05	0.95				
	307	2	49.13397657894737	9.826795315789475	0.0	0.0	3	0.95	8.666557664159043	138.0	32	1.05	0.95				
	308	1	67.21527996	13.757513442105262	0.0	0.0	3	0.9718508897633281	10.323131369913282	138.0	32	1.05	0.95				
	309	1	68.78756721052632	14.150585254736841	0.0	0.0	3	1.0159527015055934	18.422633620852416	138.0	33	1.05	0.95				
	310	1	76.6490034631579	15.72287250526316	0.0	0.0	3	1.0432627264677798	12.60158343596657	138.0	33	1.05	0.95				
	311	1	0.0	0.0	0.0	0.0	3	1.0034907765107137	15.824871353392007	230.0	33	1.05	0.95				
	312	1	0.0	0.0	0.0	0.0	3	1.0087187666658766	15.834577502895955	230.0	33	1.05	0.95				
	313	2	104.16403034736842	21.225877882105266	0.0	0.0	3	1.0018711349305363	15.597473745151191	230.0	34	1.05	0.95				
	314	2	76.25593165052632	15.329800692631581	0.0	0.0	3	0.99931412082495	16.440277802079656	230.0	36	1.05	0.95				
	315	2	124.60376460421054	25.156596008421054	0.0	0.0	3	1.0484706250650457	20.135691637427836	230.0	36	1.05	0.95				
	316	2	39.3071812631579	7.86143625263158	0.0	0.0	3	1.0319930852431887	19.609946901498798	230.0	36	1.05	0.95				
	317	1	0.0	0.0	0.0	0.0	3	1.05	23.77137046517985	230.0	37	1.05	0.95				
	318	2	130.8929136063158	26.728883258947373	0.0	0.0	3	1.0482287374985095	20.369360618546317	230.0	37	1.05	0.95				
	319	1	71.1459980863158	14.543657067368422	0.0	0.0	3	1.0232421841211856	17.973105370389597	230.0	35	1.05	0.95				
	320	1	50.31319201684211	10.219867128421054	0.0	0.0	3	1.0185905301815414	17.307739690445107	230.0	35	1.05	0.95				
	321	2	0.0	0.0	0.0	0.0	3	1.05	20.951796182126305	230.0	37	1.05	0.95				
	322	2	0.0	0.0	0.0	0.0	3	1.0499999882837772	26.406516790297573	230.0	37	1.05	0.95				
	323	2	0.0	0.0	0.0	0.0	3	1.0163931595517899	17.249324209417846	230.0	35	1.05	0.95				
	324	1	0.0	0.0	0.0	0.0	3	1.0460373766520292	23.773871405782835	230.0	36	1.05	0.95				
	325	1	0.0	0.0	0.0	0.0	3	1.0185947476900263	17.498189423930157	230.0	35	1.05	0.95				
];
