%% MATPOWER Case Format : Version 2
function mpc = RTS_GMLC
mpc.version = '2';

%%-----  Power Flow Data  -----%%
%% system MVA base
mpc.baseMVA = 100.0;
%% bus data
%    bus_i    type    Pd    Qd    Gs    Bs    area    Vm    Va    baseKV    zone    Vmax    Vmin
mpc.bus = [
	101	2	45.75705097263159	9.32088075368421	0.0	0.0	1	1.0168379857771046	-4.526001732230716	138.0	11	1.05	0.95				
	102	2	41.09661059578947	8.473527957894738	0.0	0.0	1	1.0165291307516229	-4.747245471339051	138.0	12	1.05	0.95				
	103	1	76.26175162105264	15.676026722105263	0.0	0.0	1	1.0160451823256256	-0.22434455476569473	138.0	11	1.05	0.95				
	104	1	31.352053444210526	6.355145968421053	0.0	0.0	1	1.011376112660725	-4.686468584354589	138.0	11	1.05	0.95				
	105	1	30.081024250526315	5.931469570526317	0.0	0.0	1	1.023961049014984	-5.750295877522925	138.0	11	1.05	0.95				
	106	1	57.61999011368422	11.862939141052633	0.0	-100.0	1	1.0357174214337477	-6.931149760577908	138.0	12	1.05	0.95				
	107	2	52.95954973684211	10.591909947368421	0.0	0.0	1	0.9890304307500668	-11.540773904701913	138.0	12	1.05	0.95				
	108	1	72.44866404	14.828673926315789	0.0	0.0	1	0.9934588834068016	-9.983672429863924	138.0	12	1.05	0.95				
	109	1	74.14336963157895	15.252350324210525	0.0	0.0	1	1.0146688696442334	-3.7899240154347917	138.0	13	1.05	0.95				
	110	1	82.6168975894737	16.947055915789477	0.0	0.0	1	1.041266836066396	-5.6100860675611965	138.0	13	1.05	0.95				
	111	1	0.0	0.0	0.0	0.0	1	0.9986012744855334	-0.8038277329993642	230.0	13	1.05	0.95				
	112	1	0.0	0.0	0.0	0.0	1	0.9948137104144223	-1.6618184826779643	230.0	13	1.05	0.95				
	113	3	112.27424544210527	22.878525486315795	0.0	0.0	1	0.9740706311543705	2.220101721672736e-31	230.0	14	1.05	0.95				
	114	2	82.19322119157894	16.52337951789474	0.0	0.0	1	1.020003460008154	2.448066629223054	230.0	16	1.05	0.95				
	115	2	134.3054181326316	27.11528946526316	0.0	0.0	1	1.022679080478635	11.408681749858092	230.0	16	1.05	0.95				
	116	2	42.367639789473685	8.473527957894738	0.0	0.0	1	1.021351409880083	9.836247317654248	230.0	16	1.05	0.95				
	117	1	0.0	0.0	0.0	0.0	1	1.024818193851545	15.645902585099586	230.0	17	1.05	0.95				
	118	2	141.0842404989474	28.80999505684211	0.0	0.0	1	1.0345655410800647	16.094851844629524	230.0	17	1.05	0.95				
	119	1	76.68542801894738	15.676026722105263	0.0	0.0	1	1.0150736540412602	6.0300513229233195	230.0	15	1.05	0.95				
	120	1	54.23057893052632	11.01558634526316	0.0	0.0	1	1.0154738455310868	3.4359696489019784	230.0	15	1.05	0.95				
	121	2	0.0	0.0	0.0	0.0	1	1.0324745644938356	17.53531946128869	230.0	17	1.05	0.95				
	122	2	0.0	0.0	0.0	0.0	1	1.0424085602410254	35.76414267979033	230.0	17	1.05	0.95				
	123	2	0.0	0.0	0.0	0.0	1	1.0167229823782415	2.3424177440979594	230.0	15	1.05	0.95				
	124	1	0.0	0.0	0.0	0.0	1	1.005886245944016	7.034278096860883	230.0	16	1.05	0.95				
	201	2	42.53360616	8.664253106666665	0.0	0.0	2	1.01080318117931	-14.383761103343973	138.0	21	1.05	0.95				
	202	2	38.20147960666666	7.8765937333333325	0.0	0.0	2	1.0095679061840461	-14.645204275321005	138.0	22	1.05	0.95				
	203	1	70.8893436	14.571698406666664	0.0	0.0	2	0.9972993409555652	-10.624785440539705	138.0	21	1.05	0.95				
	204	1	29.14339681333333	5.907445299999999	0.0	0.0	2	0.9983747280283793	-14.032029239542593	138.0	21	1.05	0.95				
	205	1	27.961907753333332	5.513615613333333	0.0	0.0	2	1.0150131877599078	-14.454612632551394	138.0	21	1.05	0.95				
	206	1	53.56083738666666	11.027231226666666	0.0	-100.0	2	1.0252277285437923	-15.007581181710467	138.0	22	1.05	0.95				
	207	2	49.22871083333333	9.845742166666666	0.0	0.0	2	0.9741872400950382	-19.886472965651336	138.0	22	1.05	0.95				
	208	1	67.34487641999999	13.78403903333333	0.0	0.0	2	0.979757390915799	-18.037100322779853	138.0	22	1.05	0.95				
	209	1	68.92019516666666	14.177868719999998	0.0	0.0	2	1.0008096873805794	-11.830731720091492	138.0	23	1.05	0.95				
	210	1	76.7967889	15.753187466666665	0.0	0.0	2	1.028629848325061	-13.215918333020063	138.0	23	1.05	0.95				
	211	1	0.0	0.0	0.0	0.0	2	0.9831560609146589	-8.95594398077093	230.0	23	1.05	0.95				
	212	1	0.0	0.0	0.0	0.0	2	0.9763159513600074	-6.988429216084671	230.0	23	1.05	0.95				
	213	2	104.36486696666665	21.26680308	0.0	0.0	2	0.9737385244927016	-7.147023440697424	230.0	24	1.05	0.95				
	214	2	76.40295921333332	15.35935778	0.0	0.0	2	0.9872736832213109	-6.83802810307034	230.0	26	1.05	0.95				
	215	2	124.84401067333333	25.205099946666664	0.0	0.0	2	0.9939925243571308	-0.5307741566784828	230.0	26	1.05	0.95				
	216	2	39.38296866666666	7.8765937333333325	0.0	0.0	2	0.9902123526980211	-1.1797369497256178	230.0	26	1.05	0.95				
	217	1	0.0	0.0	0.0	0.0	2	1.004250407343624	0.44899892478529896	230.0	27	1.05	0.95				
	218	2	131.14528565999998	26.78041869333333	0.0	0.0	2	1.0049049891751631	0.05061306787024451	230.0	27	1.05	0.95				
	219	1	71.28317328666665	14.571698406666664	0.0	0.0	2	0.9758772339395645	-0.7605356769259347	230.0	25	1.05	0.95				
	220	1	50.41019989333333	10.239571853333333	0.0	0.0	2	0.9663466497583796	0.46848163265240694	230.0	25	1.05	0.95				
	221	2	0.0	0.0	0.0	0.0	2	1.0065647943722593	0.6572525056570423	230.0	27	1.05	0.95				
	222	2	0.0	0.0	0.0	0.0	2	1.0254826658645322	7.208849876484733	230.0	27	1.05	0.95				
	223	2	0.0	0.0	0.0	0.0	2	0.9620832628679331	1.5019098451986874	230.0	25	1.05	0.95				
	224	1	0.0	0.0	0.0	0.0	2	0.9831844729484109	-4.363528313104148	230.0	26	1.05	0.95				
	301	2	52.44542867368421	10.683328063157894	0.0	0.0	3	1.0080280129376111	28.471226997018938	138.0	31	1.05	0.95				
	302	2	47.10376464210526	9.712116421052631	0.0	0.0	3	1.0085341484006567	28.06814985860204	138.0	32	1.05	0.95				
	303	1	87.40904778947368	17.96741537894737	0.0	0.0	3	1.024604157637921	44.54167179400858	138.0	31	1.05	0.95				
	304	1	35.93483075789474	7.284087315789472	0.0	0.0	3	0.9971948063071824	29.500409515018553	138.0	31	1.05	0.95				
	305	1	34.47801329473684	6.798481494736842	0.0	0.0	3	1.0156613874379112	27.16741729997701	138.0	31	1.05	0.95				
	306	1	66.0423916631579	13.596962989473685	0.0	-100.0	3	1.0273874323906294	25.849967177594028	138.0	32	1.05	0.95				
	307	2	60.70072763157894	12.14014552631579	0.0	0.0	3	0.9604923501887332	21.739362925947617	138.0	32	1.05	0.95				
	308	1	83.03859539999999	16.9962037368421	0.0	0.0	3	0.971567908562064	24.010267473553082	138.0	32	1.05	0.95				
	309	1	84.98101868421053	17.481809557894735	0.0	0.0	3	1.0038930396931551	32.75419825137585	138.0	33	1.05	0.95				
	310	1	94.69313510526315	19.424232842105262	0.0	0.0	3	1.03539313076354	27.44975673939967	138.0	33	1.05	0.95				
	311	1	0.0	0.0	0.0	0.0	3	0.9930003165185392	31.16576997251565	230.0	33	1.05	0.95				
	312	1	0.0	0.0	0.0	0.0	3	1.001631921160882	30.67332243507476	230.0	33	1.05	0.95				
	313	2	128.68554257894735	26.222714336842106	0.0	0.0	3	0.9972788776668368	31.447488646879698	230.0	34	1.05	0.95				
	314	2	94.20752928421052	18.938627021052632	0.0	0.0	3	0.9842463968084318	32.09989960223852	230.0	36	1.05	0.95				
	315	2	153.9370452736842	31.078772547368423	0.0	0.0	3	1.002093844175981	32.91726566759418	230.0	36	1.05	0.95				
	316	2	48.56058210526316	9.712116421052631	0.0	0.0	3	0.9947813781233061	32.54035844217441	230.0	36	1.05	0.95				
	317	1	0.0	0.0	0.0	0.0	3	1.0013727075445225	35.92538952125849	230.0	37	1.05	0.95				
	318	2	161.70673841052633	33.02119583157895	0.0	0.0	3	0.9907148721551422	31.91317755766113	230.0	37	1.05	0.95				
	319	1	87.89465361052632	17.96741537894737	0.0	0.0	3	0.9989358171669968	31.045556597555827	230.0	35	1.05	0.95				
	320	1	62.15754509473685	12.625751347368421	0.0	0.0	3	1.0042824140446973	29.531363051997605	230.0	35	1.05	0.95				
	321	2	0.0	0.0	0.0	0.0	3	1.0049049736070976	32.90760669321393	230.0	37	1.05	0.95				
	322	2	0.0	0.0	0.0	0.0	3	1.0219407686207072	38.402391753272624	230.0	37	1.05	0.95				
	323	2	0.0	0.0	0.0	0.0	3	1.0075876430966837	28.82672351513359	230.0	35	1.05	0.95				
	324	1	0.0	0.0	0.0	0.0	3	1.0090900603727584	38.80324037338445	230.0	36	1.05	0.95				
	325	1	0.0	0.0	0.0	0.0	3	1.0109046081919297	27.867491733460824	230.0	35	1.05	0.95				
];
