%% MATPOWER Case Format : Version 2
function mpc = RTS_GMLC
mpc.version = '2';

%%-----  Power Flow Data  -----%%
%% system MVA base
mpc.baseMVA = 100.0;
%% bus data
%    bus_i    type    Pd    Qd    Gs    Bs    area    Vm    Va    baseKV    zone    Vmax    Vmin
mpc.bus = [
	101	2	37.99505194105263	7.739732802807017	0.0	0.0	1	1.0349257075703928	3.0936254983770612	138.0	11	1.05	0.95				
	102	2	34.125185539649124	7.036120729824562	0.0	0.0	1	1.0340227909441928	2.8396810397883216	138.0	12	1.05	0.95				
	103	1	63.32508656842105	13.016823350175438	0.0	0.0	1	1.030343508313389	1.2409088298523083	138.0	11	1.05	0.95				
	104	1	26.033646700350875	5.27709054736842	0.0	0.0	1	1.0228999792962852	-0.29120227668825344	138.0	11	1.05	0.95				
	105	1	24.97822859087719	4.925284510877193	0.0	0.0	1	1.037559428641298	-0.03599945809565748	138.0	11	1.05	0.95				
	106	1	47.84562096280702	9.850569021754387	0.0	-100.0	1	1.0477690848453531	-2.2019953514989816	138.0	12	1.05	0.95				
	107	2	43.975754561403505	8.7951509122807	0.0	0.0	1	1.0013491466691253	-7.703628731840035	138.0	12	1.05	0.95				
	108	1	60.158832239999995	12.31321127719298	0.0	0.0	1	1.0071654025891832	-6.277707993735236	138.0	12	1.05	0.95				
	109	1	61.566056385964906	12.66501731368421	0.0	0.0	1	1.0242063846878686	-1.4277008394092683	138.0	13	1.05	0.95				
	110	1	68.60217711578946	14.072241459649124	0.0	0.0	1	1.05	-2.10391279048322	138.0	13	1.05	0.95				
	111	1	0.0	0.0	0.0	0.0	1	1.000626575974423	0.037757565886055576	230.0	13	1.05	0.95				
	112	1	0.0	0.0	0.0	0.0	1	1.0054675462864424	-0.2059426058304529	230.0	13	1.05	0.95				
	113	3	93.22859967017543	18.997525970526315	0.0	0.0	1	0.9896485253015801	-3.0873546564577534e-30	230.0	14	1.05	0.95				
	114	2	68.25037107929825	13.720435423157895	0.0	0.0	1	0.9966098842668738	2.020324307457585	230.0	16	1.05	0.95				
	115	2	111.5225135677193	22.515586335438595	0.0	0.0	1	1.0349828986082457	7.7418547880980295	230.0	16	1.05	0.95				
	116	2	35.1806036491228	7.036120729824562	0.0	0.0	1	1.0299209679743258	6.804716459179334	230.0	16	1.05	0.95				
	117	1	0.0	0.0	0.0	0.0	1	1.0381778584736754	10.23352545829152	230.0	17	1.05	0.95				
	118	2	117.15141015157894	23.92281048140351	0.0	0.0	1	1.0431989065297196	10.56399985346798	230.0	17	1.05	0.95				
	119	1	63.67689260491228	13.016823350175438	0.0	0.0	1	1.0198949999599372	4.726016719850353	230.0	15	1.05	0.95				
	120	1	45.03117267087719	9.14695694877193	0.0	0.0	1	1.014064545849018	3.5923268908298582	230.0	15	1.05	0.95				
	121	2	0.0	0.0	0.0	0.0	1	1.0466091207941732	11.6922783908001	230.0	17	1.05	0.95				
	122	2	0.0	0.0	0.0	0.0	1	1.05	21.511771199057026	230.0	17	1.05	0.95				
	123	2	0.0	0.0	0.0	0.0	1	1.0110770470657398	3.2447426520868823	230.0	15	1.05	0.95				
	124	1	0.0	0.0	0.0	0.0	1	1.0245735724141753	5.297540067708648	230.0	16	1.05	0.95				
	201	2	38.58964268210527	7.86085313894737	0.0	0.0	2	1.0158584880304349	-10.41335169806735	138.0	21	1.05	0.95				
	202	2	34.65921611263158	7.146230126315791	0.0	0.0	2	1.0152193949796742	-10.617601275224835	138.0	22	1.05	0.95				
	203	1	64.31607113684211	13.22052573368421	0.0	0.0	2	1.0156463928067856	-7.597740241497024	138.0	21	1.05	0.95				
	204	1	26.44105146736842	5.359672594736843	0.0	0.0	2	1.0140035924241295	-10.641833990672518	138.0	21	1.05	0.95				
	205	1	25.369116948421055	5.002361088421053	0.0	0.0	2	1.02874536110883	-10.97956441118002	138.0	21	1.05	0.95				
	206	1	48.59436485894737	10.004722176842106	0.0	-100.0	2	1.0442303513166689	-11.74577880994166	138.0	22	1.05	0.95				
	207	2	44.663938289473684	8.932787657894737	0.0	0.0	2	0.9966177776790487	-16.096573840017008	138.0	22	1.05	0.95				
	208	1	61.10026758	12.505902721052632	0.0	0.0	2	1.0037219263002128	-14.529249448482807	138.0	22	1.05	0.95				
	209	1	62.52951360526316	12.863214227368422	0.0	0.0	2	1.0226120002495023	-9.174349739032428	138.0	23	1.05	0.95				
	210	1	69.67574373157895	14.292460252631582	0.0	0.0	2	1.05	-10.395288401959492	138.0	23	1.05	0.95				
	211	1	0.0	0.0	0.0	0.0	2	1.0025472261976163	-6.548599800921882	230.0	23	1.05	0.95				
	212	1	0.0	0.0	0.0	0.0	2	1.0058239181068762	-5.762405718742055	230.0	23	1.05	0.95				
	213	2	94.68754917368422	19.294821341052636	0.0	0.0	2	0.9968603647808626	-5.2056575465190305	230.0	24	1.05	0.95				
	214	2	69.31843222526317	13.935148746315793	0.0	0.0	2	1.0006882077327277	-4.341230360459593	230.0	26	1.05	0.95				
	215	2	113.26774750210527	22.86793640421053	0.0	0.0	2	1.0164322005371476	0.9812374991822204	230.0	26	1.05	0.95				
	216	2	35.73115063157895	7.146230126315791	0.0	0.0	2	1.017684939644672	0.9458014689670121	230.0	26	1.05	0.95				
	217	1	0.0	0.0	0.0	0.0	2	1.0221375142037292	2.2485454414548927	230.0	27	1.05	0.95				
	218	2	118.9847316031579	24.297182429473686	0.0	0.0	2	1.0215277999609997	1.8815137764757632	230.0	27	1.05	0.95				
	219	1	64.67338264315791	13.22052573368421	0.0	0.0	2	1.0189694871414174	1.0560550809024636	230.0	25	1.05	0.95				
	220	1	45.73587280842106	9.290099164210528	0.0	0.0	2	1.022169823621099	1.860501922730265	230.0	25	1.05	0.95				
	221	2	0.0	0.0	0.0	0.0	2	1.0234280341034456	2.386144265613639	230.0	27	1.05	0.95				
	222	2	0.0	0.0	0.0	0.0	2	1.0453500750354556	8.881101179884416	230.0	27	1.05	0.95				
	223	2	0.0	0.0	0.0	0.0	2	1.0243767731990088	2.578822999378416	230.0	25	1.05	0.95				
	224	1	0.0	0.0	0.0	0.0	2	1.0055402137232885	-2.262015565180936	230.0	26	1.05	0.95				
	301	2	44.09174311578948	8.981651375438597	0.0	0.0	3	1.011551251065066	-8.3728174882842	138.0	31	1.05	0.95				
	302	2	39.600917428070176	8.165137614035089	0.0	0.0	3	1.011224023312099	-8.61628539661583	138.0	32	1.05	0.95				
	303	1	73.48623852631579	15.105504585964912	0.0	0.0	3	1.041290779761105	1.1823461585793031	138.0	31	1.05	0.95				
	304	1	30.211009171929824	6.123853210526316	0.0	0.0	3	1.0123811698439076	-7.546347033218733	138.0	31	1.05	0.95				
	305	1	28.986238529824565	5.715596329824563	0.0	0.0	3	1.025813604612531	-8.834401428120591	138.0	31	1.05	0.95				
	306	1	55.52293577543861	11.431192659649126	0.0	-100.0	3	1.0418161523701912	-9.59245633992327	138.0	32	1.05	0.95				
	307	2	51.0321100877193	10.206422017543861	0.0	0.0	3	0.9920172107913532	-13.75358887582264	138.0	32	1.05	0.95				
	308	1	69.8119266	14.288990824561404	0.0	0.0	3	0.9995645595135764	-11.936722987990205	138.0	32	1.05	0.95				
	309	1	71.44495412280702	14.697247705263159	0.0	0.0	3	1.0255732257269645	-4.991732227834991	138.0	33	1.05	0.95				
	310	1	79.61009173684211	16.330275228070178	0.0	0.0	3	1.05	-7.979747177929619	138.0	33	1.05	0.95				
	311	1	0.0	0.0	0.0	0.0	3	1.0061448919725298	-3.5367220375704833	230.0	33	1.05	0.95				
	312	1	0.0	0.0	0.0	0.0	3	1.0116047337703888	-2.9095312472002064	230.0	33	1.05	0.95				
	313	2	108.18807338596493	22.04587155789474	0.0	0.0	3	1.00885176941077	-0.4981150251786481	230.0	34	1.05	0.95				
	314	2	79.20183485614035	15.922018347368422	0.0	0.0	3	0.9991146054765553	-3.1223269442418595	230.0	36	1.05	0.95				
	315	2	129.41743118245614	26.12844036491228	0.0	0.0	3	1.0276855004974057	-0.08972494224535627	230.0	36	1.05	0.95				
	316	2	40.825688070175445	8.165137614035089	0.0	0.0	3	1.0239985653225963	-0.09344063039681566	230.0	36	1.05	0.95				
	317	1	0.0	0.0	0.0	0.0	3	1.0320727500466549	2.1395977331195417	230.0	37	1.05	0.95				
	318	2	135.94954127368422	27.761467887719306	0.0	0.0	3	1.0300659408557193	1.3589430066310528	230.0	37	1.05	0.95				
	319	1	73.89449540701756	15.105504585964912	0.0	0.0	3	1.0195567061354864	-0.4269493163843232	230.0	35	1.05	0.95				
	320	1	52.25688072982456	10.614678898245614	0.0	0.0	3	1.018364264534048	0.0906199800643222	230.0	35	1.05	0.95				
	321	2	0.0	0.0	0.0	0.0	3	1.0314235240295695	1.4358156873885874	230.0	37	1.05	0.95				
	322	2	0.0	0.0	0.0	0.0	3	1.0451283682388115	6.059122032726031	230.0	37	1.05	0.95				
	323	2	0.0	0.0	0.0	0.0	3	1.0183152097059234	0.6963197155451256	230.0	35	1.05	0.95				
	324	1	0.0	0.0	0.0	0.0	3	1.0293415063222433	0.391747394876781	230.0	36	1.05	0.95				
	325	1	0.0	0.0	0.0	0.0	3	1.018172954989424	1.6432513407189575	230.0	35	1.05	0.95				
];
