%% MATPOWER Case Format : Version 2
function mpc = RTS_GMLC
mpc.version = '2';

%%-----  Power Flow Data  -----%%
%% system MVA base
mpc.baseMVA = 100.0;
%% bus data
%    bus_i    type    Pd    Qd    Gs    Bs    area    Vm    Va    baseKV    zone    Vmax    Vmin
mpc.bus = [
	101	2	46.33151904	9.437902026666666	0.0	0.0	1	1.0165480493055197	2.5854406555123473	138.0	11	1.05	0.95				
	102	2	41.61256802666667	8.579910933333334	0.0	0.0	1	1.0154536040102577	2.262212589740854	138.0	12	1.05	0.95				
	103	1	77.2191984	15.872835226666668	0.0	0.0	1	1.0246819520954806	2.8548126985876263	138.0	11	1.05	0.95				
	104	1	31.745670453333336	6.4349332	0.0	0.0	1	1.0133329382614216	-0.9375436735402287	138.0	11	1.05	0.95				
	105	1	30.45868381333333	6.005937653333334	0.0	0.0	1	1.0269162246680128	-0.8929332019101475	138.0	11	1.05	0.95				
	106	1	58.34339434666666	12.011875306666669	0.0	-100.0	1	1.0408876552833686	-3.3021148076771505	138.0	12	1.05	0.95				
	107	2	53.62444333333334	10.724888666666667	0.0	0.0	1	0.9854738603772967	-11.649215182560155	138.0	12	1.05	0.95				
	108	1	73.35823848000001	15.014844133333332	0.0	0.0	1	0.9938366570681373	-9.02263567194036	138.0	12	1.05	0.95				
	109	1	75.07422066666666	15.443839679999998	0.0	0.0	1	1.0248038677512814	-1.7593129649305206	138.0	13	1.05	0.95				
	110	1	83.6541316	17.159821866666668	0.0	0.0	1	1.05	-3.000316509791661	138.0	13	1.05	0.95				
	111	1	0.0	0.0	0.0	0.0	1	1.0182127540131782	0.6454725873504549	230.0	13	1.05	0.95				
	112	1	0.0	0.0	0.0	0.0	1	1.0147443920446144	-0.5237921256995484	230.0	13	1.05	0.95				
	113	3	113.68381986666667	23.16575952	0.0	0.0	1	0.999828808601775	1.2435316785302205e-29	230.0	14	1.05	0.95				
	114	2	83.22513605333334	16.73082632	0.0	0.0	1	1.0423286191100867	4.156535949127132	230.0	16	1.05	0.95				
	115	2	135.99158829333334	27.455714986666667	0.0	0.0	1	1.0384397082119765	13.890951357918874	230.0	16	1.05	0.95				
	116	2	42.89955466666667	8.579910933333334	0.0	0.0	1	1.0382740823264833	11.900746255507357	230.0	16	1.05	0.95				
	117	1	0.0	0.0	0.0	0.0	1	1.0372966182684484	18.162924003763415	230.0	17	1.05	0.95				
	118	2	142.85551704000002	29.17169717333333	0.0	0.0	1	1.0462511146010618	18.848141077634075	230.0	17	1.05	0.95				
	119	1	77.64819394666667	15.872835226666668	0.0	0.0	1	1.0338251695315035	7.3264796775972405	230.0	15	1.05	0.95				
	120	1	54.911429973333334	11.153884213333335	0.0	0.0	1	1.0375127347388338	4.1747523398693716	230.0	15	1.05	0.95				
	121	2	0.0	0.0	0.0	0.0	1	1.040845743925701	20.570985068982843	230.0	17	1.05	0.95				
	122	2	0.0	0.0	0.0	0.0	1	1.05	38.55205565986234	230.0	17	1.05	0.95				
	123	2	0.0	0.0	0.0	0.0	1	1.0408712575803827	2.7722236863066323	230.0	15	1.05	0.95				
	124	1	0.0	0.0	0.0	0.0	1	1.019544022133001	9.769383891878322	230.0	16	1.05	0.95				
	201	2	50.16653549052631	10.219109081403507	0.0	0.0	2	1.0079977554187929	-19.10463418518873	138.0	21	1.05	0.95				
	202	2	45.056980949824556	9.29009916491228	0.0	0.0	2	1.007248854892227	-19.423081177849795	138.0	22	1.05	0.95				
	203	1	83.61089248421052	17.186683455087717	0.0	0.0	2	1.0101455224056477	-13.797510146912614	138.0	21	1.05	0.95				
	204	1	34.373366910175434	6.96757437368421	0.0	0.0	2	1.0080936894024541	-18.837806303174567	138.0	21	1.05	0.95				
	205	1	32.9798520354386	6.503069415438596	0.0	0.0	2	1.023166488629426	-19.410391305049615	138.0	21	1.05	0.95				
	206	1	63.17267432140351	13.006138830877193	0.0	-100.0	2	1.0392311147029976	-20.146477384453846	138.0	22	1.05	0.95				
	207	2	58.063119780701754	11.61262395614035	0.0	0.0	2	0.9907425249857111	-25.741400331094344	138.0	22	1.05	0.95				
	208	1	79.43034786	16.25767353859649	0.0	0.0	2	0.9959718157318095	-23.61136457732639	138.0	22	1.05	0.95				
	209	1	81.28836769298245	16.7221784968421	0.0	0.0	2	1.0228695451530876	-16.436080099187766	138.0	23	1.05	0.95				
	210	1	90.57846685789472	18.58019832982456	0.0	0.0	2	1.05	-18.21819818980769	138.0	23	1.05	0.95				
	211	1	0.0	0.0	0.0	0.0	2	1.0120873097538743	-12.962619280230944	230.0	23	1.05	0.95				
	212	1	0.0	0.0	0.0	0.0	2	1.0142904871013931	-11.964268852353792	230.0	23	1.05	0.95				
	213	2	123.09381393508771	25.083267745263154	0.0	0.0	2	1.0151165759822949	-11.26081452587617	230.0	24	1.05	0.95				
	214	2	90.11396189964911	18.11569337157895	0.0	0.0	2	1.0160707526414636	-10.05119868246373	230.0	26	1.05	0.95				
	215	2	147.24807176385963	29.728317327719296	0.0	0.0	2	1.029468221144962	-2.8446843063857057	230.0	26	1.05	0.95				
	216	2	46.4504958245614	9.29009916491228	0.0	0.0	2	1.0334153821585204	-3.1337528737743807	230.0	26	1.05	0.95				
	217	1	0.0	0.0	0.0	0.0	2	1.0369006451287863	-1.2915718644732201	230.0	27	1.05	0.95				
	218	2	154.68015109578945	31.586337160701756	0.0	0.0	2	1.0348936657817223	-1.9155743101690912	230.0	27	1.05	0.95				
	219	1	84.07539744245614	17.186683455087717	0.0	0.0	2	1.0379337332003915	-3.047772531627582	230.0	25	1.05	0.95				
	220	1	59.45663465543859	12.077128914385964	0.0	0.0	2	1.0451044454394751	-2.091939161888756	230.0	25	1.05	0.95				
	221	2	0.0	0.0	0.0	0.0	2	1.0356171274823396	-1.4209179181742997	230.0	27	1.05	0.95				
	222	2	0.0	0.0	0.0	0.0	2	1.05	5.128777359992126	230.0	27	1.05	0.95				
	223	2	0.0	0.0	0.0	0.0	2	1.05	-1.2309359496815697	230.0	25	1.05	0.95				
	224	1	0.0	0.0	0.0	0.0	2	1.0087192405553038	-6.912117245196712	230.0	26	1.05	0.95				
	301	2	63.6520088463158	12.96614995017544	0.0	0.0	3	1.0359298418260319	6.028568769651102	138.0	31	1.05	0.95				
	302	2	57.16893387122808	11.787409045614037	0.0	0.0	3	1.0316959947751552	5.675612184935825	138.0	32	1.05	0.95				
	303	1	106.08668141052632	21.806706734385966	0.0	0.0	3	1.05	23.275912493177007	138.0	31	1.05	0.95				
	304	1	43.61341346877193	8.840556784210527	0.0	0.0	3	1.0093115906458157	7.814238688128402	138.0	31	1.05	0.95				
	305	1	41.845302111929826	8.251186331929826	0.0	0.0	3	1.0301284145480314	4.941727762458854	138.0	31	1.05	0.95				
	306	1	80.15438151017545	16.502372663859653	0.0	-100.0	3	1.0326038917900426	3.6586292483117413	138.0	32	1.05	0.95				
	307	2	73.67130653508774	14.734261307017546	0.0	0.0	3	0.95	4.020780199215068	138.0	32	1.05	0.95				
	308	1	100.78234734000003	20.627965829824564	0.0	0.0	3	0.9645925689546472	4.106160002723063	138.0	32	1.05	0.95				
	309	1	103.13982914912283	21.217336282105265	0.0	0.0	3	1.0118651269460137	12.061614350195658	138.0	33	1.05	0.95				
	310	1	114.92723819473684	23.574818091228074	0.0	0.0	3	1.0386204548387334	5.720677527683679	138.0	33	1.05	0.95				
	311	1	0.0	0.0	0.0	0.0	3	0.9984854886925113	10.754686077028962	230.0	33	1.05	0.95				
	312	1	0.0	0.0	0.0	0.0	3	1.0029646926451434	11.256230229893864	230.0	33	1.05	0.95				
	313	2	156.183169854386	31.8260044231579	0.0	0.0	3	0.9989306517947678	12.952219688362268	230.0	34	1.05	0.95				
	314	2	114.33786774245615	22.985447638947374	0.0	0.0	3	0.9959496500889286	10.80995966263966	230.0	36	1.05	0.95				
	315	2	186.8304333729825	37.71970894596492	0.0	0.0	3	1.05	14.716907124952069	230.0	36	1.05	0.95				
	316	2	58.93704522807018	11.787409045614037	0.0	0.0	3	1.0384203691010994	14.438548929058022	230.0	36	1.05	0.95				
	317	1	0.0	0.0	0.0	0.0	3	1.05	19.263429333652763	230.0	37	1.05	0.95				
	318	2	196.2603606094737	40.07719075508773	0.0	0.0	3	1.044406056556333	15.848154570189697	230.0	37	1.05	0.95				
	319	1	106.67605186280704	21.806706734385966	0.0	0.0	3	1.0240584575632103	13.096794537280363	230.0	35	1.05	0.95				
	320	1	75.43941789192984	15.323631759298248	0.0	0.0	3	1.0166005361390913	13.061975760057365	230.0	35	1.05	0.95				
	321	2	0.0	0.0	0.0	0.0	3	1.0492923408536683	16.127471056500376	230.0	37	1.05	0.95				
	322	2	0.0	0.0	0.0	0.0	3	1.05	21.705490008341172	230.0	37	1.05	0.95				
	323	2	0.0	0.0	0.0	0.0	3	1.0138481353762416	13.504850055125438	230.0	35	1.05	0.95				
	324	1	0.0	0.0	0.0	0.0	3	1.04717875724331	17.98915055379701	230.0	36	1.05	0.95				
	325	1	0.0	0.0	0.0	0.0	3	1.0151418431386132	14.120931124748521	230.0	35	1.05	0.95				
];
