%% MATPOWER Case Format : Version 2
function mpc = RTS_GMLC
mpc.version = '2';

%%-----  Power Flow Data  -----%%
%% system MVA base
mpc.baseMVA = 100.0;
%% bus data
%    bus_i    type    Pd    Qd    Gs    Bs    area    Vm    Va    baseKV    zone    Vmax    Vmin
mpc.bus = [
	101	2	84.36665016	17.185799106666668	0.0	0.0	1	1.0451136630383897	0.800496786940842	138.0	11	1.05	0.95				
	102	2	75.77375060666667	15.623453733333337	0.0	0.0	1	1.0447333336303122	0.6086524747832015	138.0	12	1.05	0.95				
	103	1	140.6110836	28.90338940666667	0.0	0.0	1	1.0264795057119656	-0.860425125145354	138.0	11	1.05	0.95				
	104	1	57.80677881333334	11.7175903	0.0	0.0	1	1.0230766408368104	-3.084571057536817	138.0	11	1.05	0.95				
	105	1	55.46326075333333	10.936417613333335	0.0	0.0	1	1.0363405125777394	-3.411866085719558	138.0	11	1.05	0.95				
	106	1	106.23948538666667	21.87283522666667	0.0	-100.0	1	1.0373333014511203	-6.507023225209182	138.0	12	1.05	0.95				
	107	2	97.64658583333335	19.52931716666667	0.0	0.0	1	1.05	-4.667846564312399	138.0	12	1.05	0.95				
	108	1	133.58052942	27.341044033333333	0.0	0.0	1	1.0248229963335396	-7.023483684195296	138.0	12	1.05	0.95				
	109	1	136.7052201666667	28.122216719999997	0.0	0.0	1	1.0272598465584972	-3.827609232454031	138.0	13	1.05	0.95				
	110	1	152.3286739	31.246907466666674	0.0	0.0	1	1.05	-5.282863952770945	138.0	13	1.05	0.95				
	111	1	0.0	0.0	0.0	0.0	1	1.013401607136198	-1.4715533964350809	230.0	13	1.05	0.95				
	112	1	0.0	0.0	0.0	0.0	1	1.0166165585268072	-0.6671734690347093	230.0	13	1.05	0.95				
	113	3	207.01076196666665	42.18332508	0.0	0.0	1	1.0140189742936665	-3.966196321568715e-29	230.0	14	1.05	0.95				
	114	2	151.54750121333333	30.465734780000002	0.0	0.0	1	1.014095081385486	0.38204641501296055	230.0	16	1.05	0.95				
	115	2	247.63174167333335	49.99505194666668	0.0	0.0	1	1.0443517851500872	8.239359223572842	230.0	16	1.05	0.95				
	116	2	78.11726866666667	15.623453733333337	0.0	0.0	1	1.04231441137363	7.716764648078421	230.0	16	1.05	0.95				
	117	1	0.0	0.0	0.0	0.0	1	1.046779838920421	10.915757444064852	230.0	17	1.05	0.95				
	118	2	260.13050466000004	53.119742693333336	0.0	0.0	1	1.0493733177094222	11.637450192952484	230.0	17	1.05	0.95				
	119	1	141.39225628666668	28.90338940666667	0.0	0.0	1	1.0361673615010787	6.462456808210439	230.0	15	1.05	0.95				
	120	1	99.99010389333336	20.310489853333337	0.0	0.0	1	1.0368604327753246	6.38526122057566	230.0	15	1.05	0.95				
	121	2	0.0	0.0	0.0	0.0	1	1.05	12.215572860162595	230.0	17	1.05	0.95				
	122	2	0.0	0.0	0.0	0.0	1	1.05	18.46847707991511	230.0	17	1.05	0.95				
	123	2	0.0	0.0	0.0	0.0	1	1.0394096891868123	6.922255487798823	230.0	15	1.05	0.95				
	124	1	0.0	0.0	0.0	0.0	1	1.0261795896939612	4.858919327770077	230.0	16	1.05	0.95				
	201	2	91.85014955368422	18.710215649824562	0.0	0.0	2	1.0426739778536418	-13.385524151564004	138.0	21	1.05	0.95				
	202	2	82.49504172877192	17.009286954385967	0.0	0.0	2	1.0453634973482537	-13.513570943672665	138.0	22	1.05	0.95				
	203	1	153.08358258947368	31.467180865614036	0.0	0.0	2	1.0245361433722757	-9.306167535360007	138.0	21	1.05	0.95				
	204	1	62.93436173122807	12.756965215789473	0.0	0.0	2	1.01977676024961	-14.549610844451923	138.0	21	1.05	0.95				
	205	1	60.38296868807017	11.906500868070175	0.0	0.0	2	1.035501687483335	-15.081605112935684	138.0	21	1.05	0.95				
	206	1	115.66315128982455	23.81300173614035	0.0	-100.0	2	1.0369247856363029	-16.834384831393514	138.0	22	1.05	0.95				
	207	2	106.30804346491227	21.261608692982456	0.0	0.0	2	0.95	-27.64448778678448	138.0	22	1.05	0.95				
	208	1	145.42940346	29.766252170175438	0.0	0.0	2	0.9551987182408914	-24.119337695792176	138.0	22	1.05	0.95				
	209	1	148.8312608508772	30.616716517894737	0.0	0.0	2	1.0263924047257842	-11.971060258238083	138.0	23	1.05	0.95				
	210	1	165.84054780526316	34.018573908771934	0.0	0.0	2	1.05	-14.138799326514762	138.0	23	1.05	0.95				
	211	1	0.0	0.0	0.0	0.0	2	1.0336104887078936	-7.630780850082422	230.0	23	1.05	0.95				
	212	1	0.0	0.0	0.0	0.0	2	1.028964227678741	-2.910621290350528	230.0	23	1.05	0.95				
	213	2	225.373052145614	45.92507477684211	0.0	0.0	2	1.05	-4.262570932292974	230.0	24	1.05	0.95				
	214	2	164.99008345754385	33.16810956105263	0.0	0.0	2	1.05	-5.401431235743772	230.0	26	1.05	0.95				
	215	2	269.59719822701754	54.42971825403509	0.0	0.0	2	1.044255219959396	3.3181425629591352	230.0	26	1.05	0.95				
	216	2	85.04643477192982	17.009286954385967	0.0	0.0	2	1.0485392483459455	3.0109759637160805	230.0	26	1.05	0.95				
	217	1	0.0	0.0	0.0	0.0	2	1.0488366648259884	6.214138909150828	230.0	27	1.05	0.95				
	218	2	283.20462779052633	57.83157564491228	0.0	0.0	2	1.05	6.868091690753376	230.0	27	1.05	0.95				
	219	1	153.934046937193	31.467180865614036	0.0	0.0	2	1.0428367269019774	2.30425402562959	230.0	25	1.05	0.95				
	220	1	108.85943650807017	22.112073040701755	0.0	0.0	2	1.045645208233242	3.278752263478672	230.0	25	1.05	0.95				
	221	2	0.0	0.0	0.0	0.0	2	1.05	7.410247577862958	230.0	27	1.05	0.95				
	222	2	0.0	0.0	0.0	0.0	2	1.05	13.45278434856642	230.0	27	1.05	0.95				
	223	2	0.0	0.0	0.0	0.0	2	1.05	4.429500056252132	230.0	25	1.05	0.95				
	224	1	0.0	0.0	0.0	0.0	2	1.0209388784366773	-1.3730628426576061	230.0	26	1.05	0.95				
	301	2	81.93103450105262	16.68965517614035	0.0	0.0	3	0.9800025571167229	-19.561723060831678	138.0	31	1.05	0.95				
	302	2	73.58620691298245	15.172413796491227	0.0	0.0	3	0.9799154453690699	-19.722992474157916	138.0	32	1.05	0.95				
	303	1	136.55172416842106	28.068965523508773	0.0	0.0	3	0.9947361702671955	-11.646138740456458	138.0	31	1.05	0.95				
	304	1	56.137931047017545	11.379310347368419	0.0	0.0	3	0.9720330863200628	-16.98865381016396	138.0	31	1.05	0.95				
	305	1	53.862068977543856	10.62068965754386	0.0	0.0	3	0.985934846913111	-17.470681519725265	138.0	31	1.05	0.95				
	306	1	103.17241381614035	21.24137931508772	0.0	-100.0	3	0.9962488237509161	-17.16275744318677	138.0	32	1.05	0.95				
	307	2	94.82758622807017	18.965517245614034	0.0	0.0	3	0.95	-23.621353034784516	138.0	32	1.05	0.95				
	308	1	129.72413795999998	26.551724143859644	0.0	0.0	3	0.9516545247515648	-20.454297387831655	138.0	32	1.05	0.95				
	309	1	132.75862071929822	27.31034483368421	0.0	0.0	3	0.9957563359199634	-11.456589131201307	138.0	33	1.05	0.95				
	310	1	147.93103451578946	30.344827592982455	0.0	0.0	3	1.0162579812873507	-12.77713878625674	138.0	33	1.05	0.95				
	311	1	0.0	0.0	0.0	0.0	3	0.9948573470339088	-3.939457504564799	230.0	33	1.05	0.95				
	312	1	0.0	0.0	0.0	0.0	3	0.994921929318238	-3.147463122584044	230.0	33	1.05	0.95				
	313	2	201.03448280350875	40.96551725052631	0.0	0.0	3	1.0157268798346728	1.9473761383672834	230.0	34	1.05	0.95				
	314	2	147.1724138259649	29.58620690315789	0.0	0.0	3	1.0133727594280915	-1.237421811884663	230.0	36	1.05	0.95				
	315	2	240.48275867438593	48.551724148771925	0.0	0.0	3	1.0440957041207315	-0.11043290140592593	230.0	36	1.05	0.95				
	316	2	75.86206898245614	15.172413796491227	0.0	0.0	3	1.0405641951941396	0.9226659857336602	230.0	36	1.05	0.95				
	317	1	0.0	0.0	0.0	0.0	3	1.0450972211138645	1.9039198674229625	230.0	37	1.05	0.95				
	318	2	252.62068971157893	51.586206908070174	0.0	0.0	3	1.0450441010096636	1.547034564065204	230.0	37	1.05	0.95				
	319	1	137.3103448582456	28.068965523508773	0.0	0.0	3	1.0342027907129687	1.5630891752924716	230.0	35	1.05	0.95				
	320	1	97.10344829754385	19.724137935438595	0.0	0.0	3	1.0315674093958664	1.9502970223068024	230.0	35	1.05	0.95				
	321	2	0.0	0.0	0.0	0.0	3	1.048494085711446	2.5753167271289934	230.0	37	1.05	0.95				
	322	2	0.0	0.0	0.0	0.0	3	1.05	7.279153640013676	230.0	37	1.05	0.95				
	323	2	0.0	0.0	0.0	0.0	3	1.0312057662998175	2.3125150854294487	230.0	35	1.05	0.95				
	324	1	0.0	0.0	0.0	0.0	3	1.0139796666419179	-2.125757611463826	230.0	36	1.05	0.95				
	325	1	0.0	0.0	0.0	0.0	3	1.0307303587321812	3.155918156442807	230.0	35	1.05	0.95				
];
