%% MATPOWER Case Format : Version 2
function mpc = RTS_GMLC
mpc.version = '2';

%%-----  Power Flow Data  -----%%
%% system MVA base
mpc.baseMVA = 100.0;
%% bus data
%    bus_i    type    Pd    Qd    Gs    Bs    area    Vm    Va    baseKV    zone    Vmax    Vmin
mpc.bus = [
	101	2	41.00098960421053	8.352053437894737	0.0	0.0	1	1.0121319403076807	-4.372153273692069	138.0	11	1.05	0.95				
	102	2	36.824962885263155	7.592775852631579	0.0	0.0	1	1.0120960628606124	-4.563992479959393	138.0	12	1.05	0.95				
	103	1	68.33498267368422	14.04663532736842	0.0	0.0	1	1.0007234114919015	-0.08213035780053281	138.0	11	1.05	0.95				
	104	1	28.09327065473684	5.694581889473684	0.0	0.0	1	1.0029051844559596	-4.379751171132231	138.0	11	1.05	0.95				
	105	1	26.954354276842107	5.314943096842105	0.0	0.0	1	1.016906231893405	-5.356859772773361	138.0	11	1.05	0.95				
	106	1	51.63087579789474	10.62988619368421	0.0	-100.0	1	1.0276322260957156	-6.374354023040135	138.0	12	1.05	0.95				
	107	2	47.45484907894737	9.490969815789473	0.0	0.0	1	0.9850382250660665	-9.058926066376698	138.0	12	1.05	0.95				
	108	1	64.91823354	13.287357742105263	0.0	0.0	1	0.9883535695046289	-8.260919737031307	138.0	12	1.05	0.95				
	109	1	66.43678871052632	13.666996534736843	0.0	0.0	1	1.0021963390547342	-3.3881259469204625	138.0	13	1.05	0.95				
	110	1	74.02956456315789	15.185551705263158	0.0	0.0	1	1.0305673649812366	-5.098788790515069	138.0	13	1.05	0.95				
	111	1	0.0	0.0	0.0	0.0	1	0.9807064697032313	-0.8773803962480161	230.0	13	1.05	0.95				
	112	1	0.0	0.0	0.0	0.0	1	0.9820524296506856	-1.5089742828295578	230.0	13	1.05	0.95				
	113	3	100.6042800473684	20.500494802105266	0.0	0.0	1	0.962234106445058	-5.2841902312432845e-28	230.0	14	1.05	0.95				
	114	2	73.64992577052631	14.80591291263158	0.0	0.0	1	0.988245384657832	1.8830778245453887	230.0	16	1.05	0.95				
	115	2	120.34549726421054	24.296882728421053	0.0	0.0	1	0.9882811206142839	9.70522154369244	230.0	16	1.05	0.95				
	116	2	37.96387926315789	7.592775852631579	0.0	0.0	1	0.9877259589143083	8.405884765185782	230.0	16	1.05	0.95				
	117	1	0.0	0.0	0.0	0.0	1	0.9903325517974206	13.454941222966502	230.0	17	1.05	0.95				
	118	2	126.41971794631579	25.81543789894737	0.0	0.0	1	0.9962973515119937	13.888753343509752	230.0	17	1.05	0.95				
	119	1	68.71462146631579	14.04663532736842	0.0	0.0	1	0.9883606742865338	5.260596893641394	230.0	15	1.05	0.95				
	120	1	48.59376545684211	9.870608608421053	0.0	0.0	1	0.9930240709989193	3.051342145074352	230.0	15	1.05	0.95				
	121	2	0.0	0.0	0.0	0.0	1	0.9966866953766084	15.05745425639619	230.0	17	1.05	0.95				
	122	2	0.0	0.0	0.0	0.0	1	1.007392508535991	30.573155368977684	230.0	17	1.05	0.95				
	123	2	0.0	0.0	0.0	0.0	1	0.9963030143704665	2.1546404092081857	230.0	15	1.05	0.95				
	124	1	0.0	0.0	0.0	0.0	1	0.9813131361800245	5.9536873968460275	230.0	16	1.05	0.95				
	201	2	38.198646303157894	7.781205728421052	0.0	0.0	2	1.0117214453407626	-8.73127124574993	138.0	21	1.05	0.95				
	202	2	34.308043438947365	7.0738233894736835	0.0	0.0	2	1.0106487015881191	-8.879196867328151	138.0	22	1.05	0.95				
	203	1	63.664410505263156	13.086573270526314	0.0	0.0	2	0.9984814384304025	-6.704347671560858	138.0	21	1.05	0.95				
	204	1	26.173146541052628	5.305367542105262	0.0	0.0	2	1.0033295894738552	-8.050783364324625	138.0	21	1.05	0.95				
	205	1	25.112073032631578	4.951676372631579	0.0	0.0	2	1.0193098234503806	-8.343361646706578	138.0	21	1.05	0.95				
	206	1	48.10199904842105	9.903352745263158	0.0	-100.0	2	1.0319468129556624	-8.587469178773588	138.0	22	1.05	0.95				
	207	2	44.21139618421052	8.842279236842105	0.0	0.0	2	0.9721995920941874	-12.671385645111231	138.0	22	1.05	0.95				
	208	1	60.481189979999996	12.379190931578945	0.0	0.0	2	0.9832366187146646	-11.106580204887326	138.0	22	1.05	0.95				
	209	1	61.89595465789473	12.732882101052631	0.0	0.0	2	1.0074642258805857	-5.860384520946323	138.0	23	1.05	0.95				
	210	1	68.96977804736841	14.147646778947367	0.0	0.0	2	1.0354289536041732	-6.7832344846393955	138.0	23	1.05	0.95				
	211	1	0.0	0.0	0.0	0.0	2	0.9859349298587426	-3.7345381279861996	230.0	23	1.05	0.95				
	212	1	0.0	0.0	0.0	0.0	2	0.9885585978107412	0.33313982313506907	230.0	23	1.05	0.95				
	213	2	93.7281599105263	19.099323151578947	0.0	0.0	2	0.9806894678075684	-1.459150573079409	230.0	24	1.05	0.95				
	214	2	68.61608687789473	13.793955609473683	0.0	0.0	2	0.9797415591299118	-2.975641107564784	230.0	26	1.05	0.95				
	215	2	112.12010072315788	22.636234846315787	0.0	0.0	2	0.9901770194837564	0.5705384793885045	230.0	26	1.05	0.95				
	216	2	35.36911694736842	7.0738233894736835	0.0	0.0	2	0.9877091155677914	0.4077441032469908	230.0	26	1.05	0.95				
	217	1	0.0	0.0	0.0	0.0	2	0.9984281097583177	1.148998510664068	230.0	27	1.05	0.95				
	218	2	117.77915943473683	24.050999524210525	0.0	0.0	2	0.9993136952685087	0.7369046689633311	230.0	27	1.05	0.95				
	219	1	64.01810167473684	13.086573270526314	0.0	0.0	2	0.9812419392141721	1.3157631106844438	230.0	25	1.05	0.95				
	220	1	45.272469692631574	9.195970406315789	0.0	0.0	2	0.9782063836454561	2.8710811808941075	230.0	25	1.05	0.95				
	221	2	0.0	0.0	0.0	0.0	2	1.001442217197296	1.23941325940909	230.0	27	1.05	0.95				
	222	2	0.0	0.0	0.0	0.0	2	1.0186205236695463	5.830242771951516	230.0	27	1.05	0.95				
	223	2	0.0	0.0	0.0	0.0	2	0.9774387851766432	4.033224818241721	230.0	25	1.05	0.95				
	224	1	0.0	0.0	0.0	0.0	2	0.9842874107227265	-2.2078782216285697	230.0	26	1.05	0.95				
	301	2	45.54381524210527	9.277443845614036	0.0	0.0	3	1.0132690754408213	17.590657143057513	138.0	31	1.05	0.95				
	302	2	40.905093319298246	8.434039859649122	0.0	0.0	3	1.0135137578211402	17.45679467470708	138.0	32	1.05	0.95				
	303	1	75.90635873684211	15.602973740350878	0.0	0.0	3	1.0086453626355625	23.99653183778662	138.0	31	1.05	0.95				
	304	1	31.205947480701756	6.325529894736842	0.0	0.0	3	1.0053525573241266	19.005522714697225	138.0	31	1.05	0.95				
	305	1	29.940841501754385	5.903827901754386	0.0	0.0	3	1.0209859755539779	18.094317506100506	138.0	31	1.05	0.95				
	306	1	57.35147104561405	11.807655803508773	0.0	-100.0	3	1.033690427615585	17.86450943736911	138.0	32	1.05	0.95				
	307	2	52.71274912280701	10.542549824561403	0.0	0.0	3	0.9672469274244287	14.958745694181387	138.0	32	1.05	0.95				
	308	1	72.1110408	14.759569754385964	0.0	0.0	3	0.9832390518927616	16.792788194826006	138.0	32	1.05	0.95				
	309	1	73.79784877192984	15.181271747368422	0.0	0.0	3	1.0120849260169402	22.05566999222603	138.0	33	1.05	0.95				
	310	1	82.23188863157894	16.868079719298244	0.0	0.0	3	1.0393287313930974	19.98202306889036	138.0	33	1.05	0.95				
	311	1	0.0	0.0	0.0	0.0	3	0.9881864687387648	24.516902341365196	230.0	33	1.05	0.95				
	312	1	0.0	0.0	0.0	0.0	3	0.9979780167394487	24.25986607454405	230.0	33	1.05	0.95				
	313	2	111.75102814035087	22.771907621052634	0.0	0.0	3	0.9949185330561928	26.93291238431164	230.0	34	1.05	0.95				
	314	2	81.81018663859649	16.446377726315788	0.0	0.0	3	0.9725407640740102	26.091467269798194	230.0	36	1.05	0.95				
	315	2	133.6795317754386	26.988927550877197	0.0	0.0	3	0.9784030594523174	26.104918460181565	230.0	36	1.05	0.95				
	316	2	42.17019929824561	8.434039859649122	0.0	0.0	3	0.9649441795261452	26.83506138458898	230.0	36	1.05	0.95				
	317	1	0.0	0.0	0.0	0.0	3	0.985732814859198	30.18496819079002	230.0	37	1.05	0.95				
	318	2	140.42676366315789	28.675735522807024	0.0	0.0	3	0.9826391868958282	26.435839038024167	230.0	37	1.05	0.95				
	319	1	76.32806072982457	15.602973740350878	0.0	0.0	3	0.9763178574347702	26.11148311716293	230.0	35	1.05	0.95				
	320	1	53.97785510175439	10.964251817543861	0.0	0.0	3	0.9865944375501865	25.0247579354669	230.0	35	1.05	0.95				
	321	2	0.0	0.0	0.0	0.0	3	0.9892053679161049	26.79464469625774	230.0	37	1.05	0.95				
	322	2	0.0	0.0	0.0	0.0	3	1.0060339899361754	30.835404663392726	230.0	37	1.05	0.95				
	323	2	0.0	0.0	0.0	0.0	3	0.9918936939924904	24.332314458051595	230.0	35	1.05	0.95				
	324	1	0.0	0.0	0.0	0.0	3	0.986882691595722	26.69554115445446	230.0	36	1.05	0.95				
