%% MATPOWER Case Format : Version 2
function mpc = RTS_GMLC
mpc.version = '2';

%%-----  Power Flow Data  -----%%
%% system MVA base
mpc.baseMVA = 100.0;
%% bus data
%    bus_i    type    Pd    Qd    Gs    Bs    area    Vm    Va    baseKV    zone    Vmax    Vmin
mpc.bus = [
	101	2	48.415635814736845	9.86244433263158	0.0	0.0	1	1.032717443938313	0.06848086670543575	138.0	11	1.05	0.95				
	102	2	43.48441364842105	8.965858484210527	0.0	0.0	1	1.0304360439954587	-0.5326797988187909	138.0	12	1.05	0.95				
	103	1	80.69272635789474	16.586838195789472	0.0	0.0	1	1.0323366823979019	0.38197206576442955	138.0	11	1.05	0.95				
	104	1	33.173676391578944	6.724393863157895	0.0	0.0	1	1.0226489244191541	-2.458599406145256	138.0	11	1.05	0.95				
	105	1	31.828797618947362	6.276100938947368	0.0	0.0	1	1.035372264370629	-2.8325090727723663	138.0	11	1.05	0.95				
	106	1	60.967837692631576	12.552201877894737	0.0	-100.0	1	1.0445201215210362	-5.030383685570926	138.0	12	1.05	0.95				
	107	2	56.03661552631579	11.207323105263157	0.0	0.0	1	1.0004715000919764	-10.327422301610758	138.0	12	1.05	0.95				
	108	1	76.65809003999999	15.69025234736842	0.0	0.0	1	1.003669322491878	-8.918848155461433	138.0	12	1.05	0.95				
	109	1	78.4512617368421	16.13854527157895	0.0	0.0	1	1.025151620947157	-3.061980377948125	138.0	13	1.05	0.95				
	110	1	87.41712022105263	17.931716968421053	0.0	0.0	1	1.05	-4.357083791460249	138.0	13	1.05	0.95				
	111	1	0.0	0.0	0.0	0.0	1	1.0053398456009386	-0.8846357499734002	230.0	13	1.05	0.95				
	112	1	0.0	0.0	0.0	0.0	1	1.0085931311702534	-1.3465683317313557	230.0	13	1.05	0.95				
	113	3	118.79762491578947	24.207817907368423	0.0	0.0	1	0.997911039940533	-4.191857684535952e-31	230.0	14	1.05	0.95				
	114	2	86.9688272968421	17.483424044210526	0.0	0.0	1	1.0052981675853836	1.291545493356472	230.0	16	1.05	0.95				
	115	2	142.10885697473682	28.690747149473683	0.0	0.0	1	1.0408458129437916	8.344676344462535	230.0	16	1.05	0.95				
	116	2	44.82929242105263	8.965858484210527	0.0	0.0	1	1.035640445511472	6.979302089748612	230.0	16	1.05	0.95				
	117	1	0.0	0.0	0.0	0.0	1	1.0424977933216624	11.129424594685398	230.0	17	1.05	0.95				
	118	2	149.28154376210526	30.483918846315788	0.0	0.0	1	1.0475967107999817	12.007375249816484	230.0	17	1.05	0.95				
	119	1	81.14101928210526	16.586838195789472	0.0	0.0	1	1.023573078991703	4.201913627821607	230.0	15	1.05	0.95				
	120	1	57.381494298947366	11.655616029473684	0.0	0.0	1	1.0172893600222168	2.335631356485823	230.0	15	1.05	0.95				
	121	2	0.0	0.0	0.0	0.0	1	1.0499999938466356	13.588843026518322	230.0	17	1.05	0.95				
	122	2	0.0	0.0	0.0	0.0	1	1.05	21.23690978047375	230.0	17	1.05	0.95				
	123	2	0.0	0.0	0.0	0.0	1	1.0146573596185215	1.6526483498388957	230.0	15	1.05	0.95				
	124	1	0.0	0.0	0.0	0.0	1	1.0274672882485587	5.360004638941347	230.0	16	1.05	0.95				
	201	2	42.3126082231579	8.619235008421052	0.0	0.0	2	1.0154346429487748	-11.614809221705437	138.0	21	1.05	0.95				
	202	2	38.00299071894737	7.835668189473685	0.0	0.0	2	1.0145741157852917	-11.859939228384546	138.0	22	1.05	0.95				
	203	1	70.52101370526316	14.495986150526315	0.0	0.0	2	1.0151585459231627	-8.888584761271257	138.0	21	1.05	0.95				
	204	1	28.99197230105263	5.876751142105263	0.0	0.0	2	1.0132733486479641	-11.36440199458059	138.0	21	1.05	0.95				
	205	1	27.81662207263158	5.48496773263158	0.0	0.0	2	1.027984145476967	-11.690539893181935	138.0	21	1.05	0.95				
	206	1	53.28254368842106	10.96993546526316	0.0	-100.0	2	1.043141320728208	-12.230485804028252	138.0	22	1.05	0.95				
	207	2	48.97292618421053	9.794585236842106	0.0	0.0	2	0.9979431804860798	-16.919290399949777	138.0	22	1.05	0.95				
	208	1	66.99496302	13.712419331578948	0.0	0.0	2	1.0032960903408839	-15.165023790565987	138.0	22	1.05	0.95				
	209	1	68.56209665789474	14.104202741052632	0.0	0.0	2	1.0233693146030292	-9.335901458284395	138.0	23	1.05	0.95				
	210	1	76.39776484736842	15.67133637894737	0.0	0.0	2	1.05	-10.505285174207573	138.0	23	1.05	0.95				
	211	1	0.0	0.0	0.0	0.0	2	1.002363673315825	-7.084340455620854	230.0	23	1.05	0.95				
	212	1	0.0	0.0	0.0	0.0	2	1.0083144801373827	-3.77608999193958	230.0	23	1.05	0.95				
	213	2	103.82260351052632	21.15630411157895	0.0	0.0	2	0.9951616464012558	-5.522373411560844	230.0	24	1.05	0.95				
	214	2	76.00598143789475	15.279552969473686	0.0	0.0	2	0.9999840313223637	-5.464169025757086	230.0	26	1.05	0.95				
	215	2	124.1953408031579	25.074138206315794	0.0	0.0	2	1.0183481118835773	-0.10645643702341459	230.0	26	1.05	0.95				
	216	2	39.178340947368426	7.835668189473685	0.0	0.0	2	1.0170363600645644	-0.770715136077637	230.0	26	1.05	0.95				
	217	1	0.0	0.0	0.0	0.0	2	1.0228559265372559	0.6712673286140584	230.0	27	1.05	0.95				
	218	2	130.46387535473684	26.64127184421053	0.0	0.0	2	1.022488283250267	0.3647486587513887	230.0	27	1.05	0.95				
	219	1	70.91279711473685	14.495986150526315	0.0	0.0	2	1.013814381468416	-1.6352852689637505	230.0	25	1.05	0.95				
	220	1	50.14827641263159	10.186368646315792	0.0	0.0	2	1.0136153437829245	-1.603927228046651	230.0	25	1.05	0.95				
	221	2	0.0	0.0	0.0	0.0	2	1.0246437716054408	1.006390358935167	230.0	27	1.05	0.95				
	222	2	0.0	0.0	0.0	0.0	2	1.0463801710222294	7.410643021658699	230.0	27	1.05	0.95				
	223	2	0.0	0.0	0.0	0.0	2	1.01393502445936	-1.2764919188619717	230.0	25	1.05	0.95				
	224	1	0.0	0.0	0.0	0.0	2	1.0063137624787715	-3.418211518910997	230.0	26	1.05	0.95				
	301	2	58.78329642947369	11.97437519859649	0.0	0.0	3	0.9996319616478685	5.7646362599125025	138.0	31	1.05	0.95				
	302	2	52.796108830175434	10.88579563508772	0.0	0.0	3	0.9991456984988241	5.640583956974655	138.0	32	1.05	0.95				
	303	1	97.97216071578947	20.13872192491228	0.0	0.0	3	1.029067374981378	11.361814656917286	138.0	31	1.05	0.95				
	304	1	40.27744384982456	8.164346726315788	0.0	0.0	3	1.0047767556230194	7.25324148048818	138.0	31	1.05	0.95				
	305	1	38.6445745045614	7.620056944561404	0.0	0.0	3	1.0171071856451974	6.887814383048568	138.0	31	1.05	0.95				
	306	1	74.02341031859649	15.240113889122808	0.0	-100.0	3	1.03472217982809	6.8900023022298305	138.0	32	1.05	0.95				
	307	2	68.03622271929824	13.607244543859649	0.0	0.0	3	0.990025323446535	2.4336036312207368	138.0	32	1.05	0.95				
	308	1	93.07355267999999	19.050142361403505	0.0	0.0	3	0.9987556245889138	4.887059036789061	138.0	32	1.05	0.95				
	309	1	95.25071180701754	19.594432143157892	0.0	0.0	3	1.0276964339669274	10.78804190393241	138.0	33	1.05	0.95				
	310	1	106.13650744210526	21.77159127017544	0.0	0.0	3	1.05	9.75473117107026	138.0	33	1.05	0.95				
	311	1	0.0	0.0	0.0	0.0	3	1.0123732190199857	15.146379195796644	230.0	33	1.05	0.95				
	312	1	0.0	0.0	0.0	0.0	3	1.0179424589265225	16.174654275752392	230.0	33	1.05	0.95				
	313	2	144.23679216491226	29.391648214736843	0.0	0.0	3	1.0264603914338921	21.717296266883764	230.0	34	1.05	0.95				
	314	2	105.59221766035087	21.227301488421052	0.0	0.0	3	1.0108926369334557	14.26481035461896	230.0	36	1.05	0.95				
	315	2	172.53986081614033	34.8345460322807	0.0	0.0	3	1.0323311221369826	10.400669594996552	230.0	36	1.05	0.95				
	316	2	54.428978175438594	10.88579563508772	0.0	0.0	3	1.0313304959060663	11.314312596938596	230.0	36	1.05	0.95				
	317	1	0.0	0.0	0.0	0.0	3	1.0387485844581628	11.350178457660048	230.0	37	1.05	0.95				
	318	2	181.24849732421052	37.011705159298245	0.0	0.0	3	1.0362458332860387	9.506270584331482	230.0	37	1.05	0.95				
	319	1	98.51645049754384	20.13872192491228	0.0	0.0	3	1.029509461077809	13.343627395766811	230.0	35	1.05	0.95				
	320	1	69.6690920645614	14.151534325614035	0.0	0.0	3	1.0298360758767648	14.85642073571047	230.0	35	1.05	0.95				
	321	2	0.0	0.0	0.0	0.0	3	1.0368811570744207	10.400793585071394	230.0	37	1.05	0.95				
	322	2	0.0	0.0	0.0	0.0	3	1.049999986130173	15.08340703108049	230.0	37	1.05	0.95				
	323	2	0.0	0.0	0.0	0.0	3	1.0300433460225966	15.503527790878005	230.0	35	1.05	0.95				
	324	1	0.0	0.0	0.0	0.0	3	1.0298152157618385	12.494216516904935	230.0	36	1.05	0.95				
	325	1	0.0	0.0	0.0	0.0	3	1.0328682431274603	15.349957535085165	230.0	35	1.05	0.95				
];
