%% MATPOWER Case Format : Version 2
function mpc = RTS_GMLC
mpc.version = '2';

%%-----  Power Flow Data  -----%%
%% system MVA base
mpc.baseMVA = 100.0;
%% bus data
%    bus_i    type    Pd    Qd    Gs    Bs    area    Vm    Va    baseKV    zone    Vmax    Vmin
mpc.bus = [
	101	2	62.18951013473685	12.668233545964913	0.0	0.0	1	1.049999999387456	2.304731252065911	138.0	11	1.05	0.95				
	102	2	55.85539336175438	11.516575950877193	0.0	0.0	1	1.0490042856271689	1.9338337025747094	138.0	12	1.05	0.95				
	103	1	103.64918355789474	21.305665509122807	0.0	0.0	1	1.0323538693329881	-0.0003385796552654333	138.0	11	1.05	0.95				
	104	1	42.611331018245615	8.637431963157894	0.0	0.0	1	1.028420736385761	-1.7321044457017587	138.0	11	1.05	0.95				
	105	1	40.88384462561403	8.061603165614036	0.0	0.0	1	1.0412879691911667	-2.0271661435028583	138.0	11	1.05	0.95				
	106	1	78.31271646596491	16.123206331228072	0.0	-100.0	1	1.0441998626602025	-5.073554986245365	138.0	12	1.05	0.95				
	107	2	71.97859969298246	14.395719938596491	0.0	0.0	1	0.9990749317406074	-12.467784833748201	138.0	12	1.05	0.95				
	108	1	98.46672437999999	20.154007914035084	0.0	0.0	1	0.9980967870573743	-10.726575936021254	138.0	12	1.05	0.95				
	109	1	100.77003957017543	20.729836711578944	0.0	0.0	1	1.0254437964251333	-3.551468979333807	138.0	13	1.05	0.95				
	110	1	112.28661552105264	23.033151901754387	0.0	0.0	1	1.05	-4.691718084806065	138.0	13	1.05	0.95				
	111	1	0.0	0.0	0.0	0.0	1	1.009064600264258	-1.3249367642229612	230.0	13	1.05	0.95				
	112	1	0.0	0.0	0.0	0.0	1	1.012398496496348	-1.256642540559599	230.0	13	1.05	0.95				
	113	3	152.59463134912278	31.094755067368425	0.0	0.0	1	1.0054981260266609	1.1683629035652685e-31	230.0	14	1.05	0.95				
	114	2	111.71078672350876	22.457323104210527	0.0	0.0	1	1.0090377673340982	0.40383551544710294	230.0	16	1.05	0.95				
	115	2	182.53772882140348	36.853043042807016	0.0	0.0	1	1.0413108777484388	7.198353581397717	230.0	16	1.05	0.95				
	116	2	57.582879754385964	11.516575950877193	0.0	0.0	1	1.0375047506919333	6.288938779663534	230.0	16	1.05	0.95				
	117	1	0.0	0.0	0.0	0.0	1	1.0437012838233244	9.723843195912988	230.0	17	1.05	0.95				
	118	2	191.75098958210526	39.156358232982456	0.0	0.0	1	1.0471649572375394	10.504406740930072	230.0	17	1.05	0.95				
	119	1	104.2250123554386	21.305665509122807	0.0	0.0	1	1.0280386237868187	4.226802065873749	230.0	15	1.05	0.95				
	120	1	73.70608608561403	14.971548736140349	0.0	0.0	1	1.0243404537877583	3.1344291960074835	230.0	15	1.05	0.95				
	121	2	0.0	0.0	0.0	0.0	1	1.0499999969681981	12.172081318010095	230.0	17	1.05	0.95				
	122	2	0.0	0.0	0.0	0.0	1	1.05	17.723463112566353	230.0	17	1.05	0.95				
	123	2	0.0	0.0	0.0	0.0	1	1.0235234781271618	2.9732729512793763	230.0	15	1.05	0.95				
	124	1	0.0	0.0	0.0	0.0	1	1.0285446110229406	4.503292169640518	230.0	16	1.05	0.95				
	201	2	61.063434606315795	12.438847790175439	0.0	0.0	2	1.0196870596324232	-12.084566466047221	138.0	21	1.05	0.95				
	202	2	54.84401071122807	11.308043445614036	0.0	0.0	2	1.0199442533250018	-12.069872341001533	138.0	22	1.05	0.95				
	203	1	101.77239101052633	20.919880374385965	0.0	0.0	2	1.0137358008606554	-10.133537404108848	138.0	21	1.05	0.95				
	204	1	41.83976074877193	8.481032584210526	0.0	0.0	2	1.0130981048545524	-12.126669277209189	138.0	21	1.05	0.95				
	205	1	40.143554231929826	7.915630411929826	0.0	0.0	2	1.02772105479688	-12.49704617899509	138.0	21	1.05	0.95				
	206	1	76.89469543017545	15.831260823859653	0.0	-100.0	2	1.039384505600289	-13.28955093012	138.0	22	1.05	0.95				
	207	2	70.67527153508773	14.135054307017544	0.0	0.0	2	0.9940678711114815	-20.94933223422112	138.0	22	1.05	0.95				
	208	1	96.68377146	19.789076029824564	0.0	0.0	2	0.9938326727573944	-18.255872600178424	138.0	22	1.05	0.95				
	209	1	98.94538014912281	20.354478202105263	0.0	0.0	2	1.0248922193309995	-9.850246095517916	138.0	23	1.05	0.95				
	210	1	110.25342359473684	22.616086891228072	0.0	0.0	2	1.05	-11.103637890806452	138.0	23	1.05	0.95				
	211	1	0.0	0.0	0.0	0.0	2	1.0126545505479878	-6.611514725047781	230.0	23	1.05	0.95				
	212	1	0.0	0.0	0.0	0.0	2	1.0165455419067957	-1.834435867857681	230.0	23	1.05	0.95				
	213	2	149.83157565438597	30.531717303157897	0.0	0.0	2	1.015322124150946	-3.7747410601649576	230.0	24	1.05	0.95				
	214	2	109.68802142245615	22.05068471894737	0.0	0.0	2	1.0147930427603213	-5.18395201663531	230.0	26	1.05	0.95				
	215	2	179.23248861298248	36.185739025964914	0.0	0.0	2	1.0287526947247427	0.2865300908131762	230.0	26	1.05	0.95				
	216	2	56.540217228070176	11.308043445614036	0.0	0.0	2	1.0296166734613064	0.33265052179768173	230.0	26	1.05	0.95				
	217	1	0.0	0.0	0.0	0.0	2	1.0322705431922135	1.2804524589746766	230.0	27	1.05	0.95				
	218	2	188.2789233694737	38.44734771508772	0.0	0.0	2	1.0308544784628506	0.6138859099528352	230.0	27	1.05	0.95				
	219	1	102.33779318280702	20.919880374385965	0.0	0.0	2	1.0299984092430294	1.255081364129784	230.0	25	1.05	0.95				
	220	1	72.37147805192983	14.700456479298246	0.0	0.0	2	1.035260586628037	3.1396936207475377	230.0	25	1.05	0.95				
	221	2	0.0	0.0	0.0	0.0	2	1.0330799001001119	1.3105416524163094	230.0	27	1.05	0.95				
	222	2	0.0	0.0	0.0	0.0	2	1.05	7.794059306983508	230.0	27	1.05	0.95				
	223	2	0.0	0.0	0.0	0.0	2	1.0401481659206844	4.588432055603152	230.0	25	1.05	0.95				
	224	1	0.0	0.0	0.0	0.0	2	1.0102785291814371	-3.5984941201338208	230.0	26	1.05	0.95				
	301	2	60.66244860631579	12.357165456842106	0.0	0.0	3	0.992442629023509	5.799041698781628	138.0	31	1.05	0.95				
	302	2	54.48386587789473	11.233786778947369	0.0	0.0	3	0.9923088540704228	5.770674779452071	138.0	32	1.05	0.95				
	303	1	101.1040810105263	20.78250554105263	0.0	0.0	3	1.0140835531376198	8.327281576454217	138.0	31	1.05	0.95				
	304	1	41.56501108210526	8.425340084210525	0.0	0.0	3	1.0005268547722115	7.669227111315761	138.0	31	1.05	0.95				
	305	1	39.87994306526315	7.863650745263158	0.0	0.0	3	1.01256038386238	7.690546278209632	138.0	31	1.05	0.95				
	306	1	76.3897500968421	15.727301490526315	0.0	-100.0	3	1.032248411402656	8.100883615170089	138.0	32	1.05	0.95				
	307	2	70.21116736842104	14.04223347368421	0.0	0.0	3	0.9887192639205267	4.233722474969359	138.0	32	1.05	0.95				
	308	1	96.04887696	19.65912686315789	0.0	0.0	3	0.9995434303553467	6.740025112501031	138.0	32	1.05	0.95				
	309	1	98.29563431578947	20.22081620210526	0.0	0.0	3	1.026745473928988	11.505222779951536	138.0	33	1.05	0.95				
	310	1	109.52942109473682	22.467573557894738	0.0	0.0	3	1.05	11.365658331509412	138.0	33	1.05	0.95				
	311	1	0.0	0.0	0.0	0.0	3	1.0152125447234386	17.15986577942942	230.0	33	1.05	0.95				
	312	1	0.0	0.0	0.0	0.0	3	1.0209590127499377	18.282349899402476	230.0	33	1.05	0.95				
	313	2	148.8476748210526	30.331224303157896	0.0	0.0	3	1.0375338447913225	24.993767523558613	230.0	34	1.05	0.95				
	314	2	108.96773175578946	21.90588421894737	0.0	0.0	3	1.0153945553367787	15.911672334639698	230.0	36	1.05	0.95				
	315	2	178.0555204463158	35.94811769263158	0.0	0.0	3	1.0325530203898836	10.645676753636767	230.0	36	1.05	0.95				
	316	2	56.16893389473684	11.233786778947369	0.0	0.0	3	1.0336063104872275	11.814643769384336	230.0	36	1.05	0.95				
	317	1	0.0	0.0	0.0	0.0	3	1.038576587010952	11.236593564258103	230.0	37	1.05	0.95				
	318	2	187.04254986947367	38.19487504842105	0.0	0.0	3	1.0367815671175535	9.964699069288116	230.0	37	1.05	0.95				
	319	1	101.66577034947369	20.78250554105263	0.0	0.0	3	1.0336311154215543	14.320720373063475	230.0	35	1.05	0.95				
	320	1	71.89623538526315	14.603922812631579	0.0	0.0	3	1.0358378752899087	16.135074444295096	230.0	35	1.05	0.95				
	321	2	0.0	0.0	0.0	0.0	3	1.0372227910705136	10.762312431409951	230.0	37	1.05	0.95				
	322	2	0.0	0.0	0.0	0.0	3	1.0499999880173845	15.258454775435014	230.0	37	1.05	0.95				
	323	2	0.0	0.0	0.0	0.0	3	1.0369257266980056	16.817899889256694	230.0	35	1.05	0.95				
	324	1	0.0	0.0	0.0	0.0	3	1.022940610925027	11.868651288670225	230.0	36	1.05	0.95				
	325	1	0.0	0.0	0.0	0.0	3	1.039433438250471	16.429116471992927	230.0	35	1.05	0.95				
];
