%% MATPOWER Case Format : Version 2
function mpc = RTS_GMLC
mpc.version = '2';

%%-----  Power Flow Data  -----%%
%% system MVA base
mpc.baseMVA = 100.0;
%% bus data
%    bus_i    type    Pd    Qd    Gs    Bs    area    Vm    Va    baseKV    zone    Vmax    Vmin
mpc.bus = [
	101	2	35.456704601684216	7.2226620484912285	0.0	0.0	1	0.9903768983751081	-5.438897991869453	138.0	11	1.05	0.95				
	102	2	31.845373577438597	6.566056407719299	0.0	0.0	1	0.9902294497052433	-5.602577409168941	138.0	12	1.05	0.95				
	103	1	59.094507669473685	12.147204354280703	0.0	0.0	1	1.0219015607291564	0.8124480944761453	138.0	11	1.05	0.95				
	104	1	24.294408708561406	4.9245423057894735	0.0	0.0	1	1.0044353723940256	-4.896078958529652	138.0	11	1.05	0.95				
	105	1	23.30950024740351	4.59623948540351	0.0	0.0	1	1.0160910242082442	-5.659824536060633	138.0	11	1.05	0.95				
	106	1	44.64918357249123	9.19247897080702	0.0	-100.0	1	1.0389767466707074	-6.21308420781988	138.0	12	1.05	0.95				
	107	2	41.03785254824561	8.207570509649123	0.0	0.0	1	0.9882526397769141	-10.084271207026259	138.0	12	1.05	0.95				
	108	1	56.13978228599999	11.490598713508772	0.0	0.0	1	1.000267997950123	-8.466287862318504	138.0	12	1.05	0.95				
	109	1	57.452993567543864	11.818901533894737	0.0	0.0	1	1.0251051028625806	-2.9577904168642477	138.0	13	1.05	0.95				
	110	1	64.01904997526316	13.132112815438598	0.0	0.0	1	1.05	-4.804343091862733	138.0	13	1.05	0.95				
	111	1	0.0	0.0	0.0	0.0	1	1.0153974847348841	0.03470297424665564	230.0	13	1.05	0.95				
	112	1	0.0	0.0	0.0	0.0	1	1.0117938224954601	-1.1677979216571803	230.0	13	1.05	0.95				
	113	3	87.0002474022807	17.728352300842108	0.0	0.0	1	0.9964516201195538	6.512492445814632e-29	230.0	14	1.05	0.95				
	114	2	63.690747154877194	12.803809995052632	0.0	0.0	1	1.0400362416396869	3.9259870493512588	230.0	16	1.05	0.95				
	115	2	104.07199406235088	21.011380504701755	0.0	0.0	1	1.0391244788153846	13.32237722633727	230.0	16	1.05	0.95				
	116	2	32.83028203859649	6.566056407719299	0.0	0.0	1	1.0392394443827169	11.548442785317045	230.0	16	1.05	0.95				
	117	1	0.0	0.0	0.0	0.0	1	1.038299837512315	17.534151610970262	230.0	17	1.05	0.95				
	118	2	109.32483918852631	22.324591786245616	0.0	0.0	1	1.0467069674478606	18.124634142260497	230.0	17	1.05	0.95				
	119	1	59.42281048985966	12.147204354280703	0.0	0.0	1	1.034513694574468	7.332221012152561	230.0	15	1.05	0.95				
	120	1	42.02276100940351	8.53587333003509	0.0	0.0	1	1.03622330458486	4.293582189672873	230.0	15	1.05	0.95				
	121	2	0.0	0.0	0.0	0.0	1	1.0393400782450808	19.53752070168973	230.0	17	1.05	0.95				
	122	2	0.0	0.0	0.0	0.0	1	1.05	37.530504725791296	230.0	17	1.05	0.95				
	123	2	0.0	0.0	0.0	0.0	1	1.0379904049498756	2.875645621939973	230.0	15	1.05	0.95				
	124	1	0.0	0.0	0.0	0.0	1	1.016973144219171	8.663399888033677	230.0	16	1.05	0.95				
	201	2	38.07964739368421	7.7569652098245605	0.0	0.0	2	1.0065887171140415	-14.754897329567898	138.0	21	1.05	0.95				
	202	2	34.201164788771926	7.0517865543859655	0.0	0.0	2	1.005377163063212	-15.037355742027197	138.0	22	1.05	0.95				
	203	1	63.46607898947369	13.045805125614034	0.0	0.0	2	1.0130140938530905	-11.076435935073725	138.0	21	1.05	0.95				
	204	1	26.09161025122807	5.288839915789474	0.0	0.0	2	1.0096885754203508	-14.888989833392579	138.0	21	1.05	0.95				
	205	1	25.033842268070174	4.936250588070176	0.0	0.0	2	1.0240661755509874	-15.288848247600514	138.0	21	1.05	0.95				
	206	1	47.952148569824566	9.872501176140352	0.0	-100.0	2	1.0419645326241405	-16.0527636538453	138.0	22	1.05	0.95				
	207	2	44.07366596491228	8.814733192982455	0.0	0.0	2	0.9898852950677197	-20.14192596514186	138.0	22	1.05	0.95				
	208	1	60.29277504	12.340626470175438	0.0	0.0	2	1.0000511925616224	-18.626151691625054	138.0	22	1.05	0.95				
	209	1	61.70313235087719	12.693215797894736	0.0	0.0	2	1.022786241556549	-13.295692347738504	138.0	23	1.05	0.95				
	210	1	68.75491890526315	14.103573108771931	0.0	0.0	2	1.05	-14.677888553485571	138.0	23	1.05	0.95				
	211	1	0.0	0.0	0.0	0.0	2	1.0044818155767707	-10.726865006358606	230.0	23	1.05	0.95				
	212	1	0.0	0.0	0.0	0.0	2	1.0128926137356333	-10.16056988275729	230.0	23	1.05	0.95				
	213	2	93.43617184561404	19.039823696842106	0.0	0.0	2	1.0026738241420727	-9.601298688535998	230.0	24	1.05	0.95				
	214	2	68.40232957754385	13.75098378105263	0.0	0.0	2	1.0012124073303976	-8.322567832968254	230.0	26	1.05	0.95				
	215	2	111.77081688701753	22.565716974035087	0.0	0.0	2	1.024097319625581	-2.1409106421437865	230.0	26	1.05	0.95				
	216	2	35.25893277192982	7.0517865543859655	0.0	0.0	2	1.0270787016040592	-2.8928468207928866	230.0	26	1.05	0.95				
	217	1	0.0	0.0	0.0	0.0	2	1.0328156052755137	-0.7337822059131862	230.0	27	1.05	0.95				
	218	2	117.41224613052633	23.976074284912283	0.0	0.0	2	1.0313481102709403	-1.124403013475266	230.0	27	1.05	0.95				
	219	1	63.81866831719299	13.045805125614034	0.0	0.0	2	1.034279136936639	-3.303267271346601	230.0	25	1.05	0.95				
	220	1	45.131433948070175	9.167322520701754	0.0	0.0	2	1.0424516245774338	-2.9765737858695074	230.0	25	1.05	0.95				
	221	2	0.0	0.0	0.0	0.0	2	1.0319183497438673	-0.6662363488723181	230.0	27	1.05	0.95				
	222	2	0.0	0.0	0.0	0.0	2	1.0499999976585335	5.802055061683946	230.0	27	1.05	0.95				
	223	2	0.0	0.0	0.0	0.0	2	1.0471666219626454	-2.5372212094523467	230.0	25	1.05	0.95				
	224	1	0.0	0.0	0.0	0.0	2	1.008873798814616	-5.482755397468944	230.0	26	1.05	0.95				
	301	2	41.546346101052634	8.463144576140351	0.0	0.0	3	1.0152042396618046	13.836129828592515	138.0	31	1.05	0.95				
	302	2	37.31477381298245	7.693767796491229	0.0	0.0	3	1.0138409888014108	13.480193986688702	138.0	32	1.05	0.95				
	303	1	69.24391016842105	14.23347042350877	0.0	0.0	3	1.05	28.369309741031195	138.0	31	1.05	0.95				
	304	1	28.46694084701754	5.7703258473684205	0.0	0.0	3	1.0085956589450489	14.604249140140194	138.0	31	1.05	0.95				
	305	1	27.312875677543857	5.38563745754386	0.0	0.0	3	1.0244278443597068	12.130899905587498	138.0	31	1.05	0.95				
	306	1	52.31762101614035	10.77127491508772	0.0	-100.0	3	1.037409675149689	10.691312640511885	138.0	32	1.05	0.95				
	307	2	48.086048728070175	9.617209745614035	0.0	0.0	3	0.95	7.732359067785923	138.0	32	1.05	0.95				
	308	1	65.78171465999999	13.464093643859648	0.0	0.0	3	0.9721741135787205	9.340622017013128	138.0	32	1.05	0.95				
	309	1	67.32046821929825	13.84878203368421	0.0	0.0	3	1.0157701687038854	17.13985160320707	138.0	33	1.05	0.95				
	310	1	75.01423601578946	15.387535592982458	0.0	0.0	3	1.0430488896487546	11.663292735573075	138.0	33	1.05	0.95				
	311	1	0.0	0.0	0.0	0.0	3	1.0035143199121435	14.868559642440589	230.0	33	1.05	0.95				
	312	1	0.0	0.0	0.0	0.0	3	1.0086623683849059	14.871165044683801	230.0	33	1.05	0.95				
	313	2	101.94242330350876	20.773173050526317	0.0	0.0	3	1.0020283045820066	14.702101587908018	230.0	34	1.05	0.95				
	314	2	74.6295476259649	15.002847203157895	0.0	0.0	3	0.9995834727800927	15.58178758090174	230.0	36	1.05	0.95				
	315	2	121.94621957438596	24.62005694877193	0.0	0.0	3	1.0488012443565302	19.353861255325246	230.0	36	1.05	0.95				
	316	2	38.46883898245614	7.693767796491229	0.0	0.0	3	1.032346669827853	18.83125917449256	230.0	36	1.05	0.95				
	317	1	0.0	0.0	0.0	0.0	3	1.05	23.00324867560097	230.0	37	1.05	0.95				
	318	2	128.10123381157894	26.158810508070175	0.0	0.0	3	1.048144640592909	19.668081355716495	230.0	37	1.05	0.95				
	319	1	69.62859855824561	14.23347042350877	0.0	0.0	3	1.023618255142232	17.211671232887046	230.0	35	1.05	0.95				
	320	1	49.24011389754386	10.001898135438596	0.0	0.0	3	1.018877394633896	16.544667122965595	230.0	35	1.05	0.95				
	321	2	0.0	0.0	0.0	0.0	3	1.05	20.221161383445146	230.0	37	1.05	0.95				
	322	2	0.0	0.0	0.0	0.0	3	1.0499999907356112	25.6611757542918	230.0	37	1.05	0.95				
	323	2	0.0	0.0	0.0	0.0	3	1.016590772559364	16.478820345233213	230.0	35	1.05	0.95				
	324	1	0.0	0.0	0.0	0.0	3	1.0463532642434952	22.800666776701217	230.0	36	1.05	0.95				
	325	1	0.0	0.0	0.0	0.0	3	1.0187115741170671	16.751388141282145	230.0	35	1.05	0.95				
];
