%% MATPOWER Case Format : Version 2
function mpc = RTS_GMLC
mpc.version = '2';

%%-----  Power Flow Data  -----%%
%% system MVA base
mpc.baseMVA = 100.0;
%% bus data
%    bus_i    type    Pd    Qd    Gs    Bs    area    Vm    Va    baseKV    zone    Vmax    Vmin
mpc.bus = [
	101	2	43.953488374736835	8.953488372631577	0.0	0.0	1	1.0065835316745548	-6.871350602526452	138.0	11	1.05	0.95				
	102	2	39.47674418842105	8.139534884210525	0.0	0.0	1	1.0066137627180525	-7.10857355037249	138.0	12	1.05	0.95				
	103	1	73.25581395789473	15.058139535789472	0.0	0.0	1	0.996706853077803	-0.36710789856652837	138.0	11	1.05	0.95				
	104	1	30.116279071578944	6.104651163157894	0.0	0.0	1	0.9983479050658524	-6.096685885083284	138.0	11	1.05	0.95				
	105	1	28.895348838947367	5.6976744189473685	0.0	0.0	1	1.0136584835787574	-7.084236521932916	138.0	11	1.05	0.95				
	106	1	55.34883721263157	11.395348837894737	0.0	-100.0	1	1.0256402522655366	-7.7174509364589206	138.0	12	1.05	0.95				
	107	2	50.87209302631578	10.174418605263156	0.0	0.0	1	0.9870555005398081	-9.426753726527451	138.0	12	1.05	0.95				
	108	1	69.59302325999998	14.244186047368418	0.0	0.0	1	0.9887266138785077	-8.862557686956421	138.0	12	1.05	0.95				
	109	1	71.2209302368421	14.651162791578946	0.0	0.0	1	1.001813080314243	-3.932817245738273	138.0	13	1.05	0.95				
	110	1	79.36046512105261	16.27906976842105	0.0	0.0	1	1.0305950442896061	-5.947330498291749	138.0	13	1.05	0.95				
	111	1	0.0	0.0	0.0	0.0	1	0.9833926057119875	-0.7587217051436411	230.0	13	1.05	0.95				
	112	1	0.0	0.0	0.0	0.0	1	0.9833077301385107	-1.613912667452324	230.0	13	1.05	0.95				
	113	3	107.84883721578946	21.976744187368418	0.0	0.0	1	0.9666854475047336	2.1955000858174462e-27	230.0	14	1.05	0.95				
	114	2	78.9534883768421	15.872093024210523	0.0	0.0	1	0.9953952252442041	2.875863348234531	230.0	16	1.05	0.95				
	115	2	129.0116279147368	26.046511629473677	0.0	0.0	1	0.9916559540304077	12.44036382063914	230.0	16	1.05	0.95				
	116	2	40.697674421052625	8.139534884210525	0.0	0.0	1	0.9909534650972603	10.858439742968358	230.0	16	1.05	0.95				
	117	1	0.0	0.0	0.0	0.0	1	0.9933923935304133	16.830798782042688	230.0	17	1.05	0.95				
	118	2	135.52325582210526	27.674418606315786	0.0	0.0	1	1.0024481749195033	17.43665726631251	230.0	17	1.05	0.95				
	119	1	73.66279070210526	15.058139535789472	0.0	0.0	1	0.9908103540285237	7.144008129556718	230.0	15	1.05	0.95				
	120	1	52.093023258947355	10.581395349473684	0.0	0.0	1	0.9958103197828909	4.354116932051078	230.0	15	1.05	0.95				
	121	2	0.0	0.0	0.0	0.0	1	1.0029290347239255	18.82111681494677	230.0	17	1.05	0.95				
	122	2	0.0	0.0	0.0	0.0	1	1.0083944492711467	36.462407971496724	230.0	17	1.05	0.95				
	123	2	0.0	0.0	0.0	0.0	1	0.9996713163369844	3.1612051498066815	230.0	15	1.05	0.95				
	124	1	0.0	0.0	0.0	0.0	1	0.9781108650108046	7.5713504094122985	230.0	16	1.05	0.95				
	201	2	40.49362504421053	8.248701397894736	0.0	0.0	2	1.011504783193836	-7.320522764956273	138.0	21	1.05	0.95				
	202	2	36.36927434526316	7.4988194526315795	0.0	0.0	2	1.0103743826887128	-7.4600146167494685	138.0	22	1.05	0.95				
	203	1	67.48937507368422	13.87281598736842	0.0	0.0	2	0.9978915392188044	-6.010758682988757	138.0	21	1.05	0.95				
	204	1	27.74563197473684	5.624114589473684	0.0	0.0	2	1.0026050109954514	-6.540277448956673	138.0	21	1.05	0.95				
	205	1	26.620809056842106	5.249173616842106	0.0	0.0	2	1.0184620890010427	-6.766469519421007	138.0	21	1.05	0.95				
	206	1	50.99197227789474	10.498347233684212	0.0	-100.0	2	1.0306768745364352	-6.935951217962175	138.0	22	1.05	0.95				
	207	2	46.867621578947364	9.373524315789474	0.0	0.0	2	0.9721122493353094	-11.373024145828154	138.0	22	1.05	0.95				
	208	1	64.11490632	13.12293404210526	0.0	0.0	2	0.9821319088076	-9.685855469933575	138.0	22	1.05	0.95				
	209	1	65.61467021052631	13.49787501473684	0.0	0.0	2	1.007270651655679	-4.185593148371922	138.0	23	1.05	0.95				
	210	1	73.11348966315789	14.997638905263159	0.0	0.0	2	1.0346936162454403	-4.967492168209444	138.0	23	1.05	0.95				
	211	1	0.0	0.0	0.0	0.0	2	0.986510439391384	-2.0456240025646113	230.0	23	1.05	0.95				
	212	1	0.0	0.0	0.0	0.0	2	0.9885771221878368	3.1368700665132616	230.0	23	1.05	0.95				
	213	2	99.35935774736842	20.246812522105266	0.0	0.0	2	0.9812312254175651	0.6592061066131535	230.0	24	1.05	0.95				
	214	2	72.73854869052631	14.622697932631578	0.0	0.0	2	0.9814719594015663	-1.7297379568738063	230.0	26	1.05	0.95				
	215	2	118.85628832421051	23.996222248421052	0.0	0.0	2	0.9906261338145477	0.8510429752331077	230.0	26	1.05	0.95				
	216	2	37.4940972631579	7.4988194526315795	0.0	0.0	2	0.9884827277536664	1.1875246724902482	230.0	26	1.05	0.95				
	217	1	0.0	0.0	0.0	0.0	2	0.9996105522670816	1.9010866222648448	230.0	27	1.05	0.95				
	218	2	124.85534388631578	25.49598613894737	0.0	0.0	2	1.0003393832201435	1.3742797739993118	230.0	27	1.05	0.95				
	219	1	67.86431604631579	13.87281598736842	0.0	0.0	2	0.9812408194237187	2.6573545397049854	230.0	25	1.05	0.95				
	220	1	47.992444496842104	9.748465288421054	0.0	0.0	2	0.9782129063498128	4.751357930005422	230.0	25	1.05	0.95				
	221	2	0.0	0.0	0.0	0.0	2	1.0023819891093462	1.8221959367820009	230.0	27	1.05	0.95				
	222	2	0.0	0.0	0.0	0.0	2	1.0201338921048302	6.956631594947789	230.0	27	1.05	0.95				
	223	2	0.0	0.0	0.0	0.0	2	0.9778955110261086	6.227909565644128	230.0	25	1.05	0.95				
	224	1	0.0	0.0	0.0	0.0	2	0.9847346944876527	-1.7665865425047111	230.0	26	1.05	0.95				
	301	2	63.071179995789485	12.847832962105263	0.0	0.0	3	1.0016014194574685	28.76301017546999	138.0	31	1.05	0.95				
	302	2	56.64726351473684	11.679848147368421	0.0	0.0	3	1.0023066079410117	28.374673232872546	138.0	32	1.05	0.95				
	303	1	105.11863332631579	21.60771907263158	0.0	0.0	3	1.013738628203313	44.47939795174355	138.0	31	1.05	0.95				
	304	1	43.21543814526316	8.759886110526317	0.0	0.0	3	0.9917535320874538	30.13319474538503	138.0	31	1.05	0.95				
	305	1	41.46346092315789	8.175893703157895	0.0	0.0	3	1.0100355025550696	28.099173764039808	138.0	31	1.05	0.95				
	306	1	79.42296740210527	16.35178740631579	0.0	-100.0	3	1.021593813637269	27.048826964276234	138.0	32	1.05	0.95				
	307	2	72.99905092105263	14.599810184210526	0.0	0.0	3	0.9668359778005104	24.07421420561254	138.0	32	1.05	0.95				
	308	1	99.86270166	20.439734257894738	0.0	0.0	3	0.9777761046175023	26.808734220589866	138.0	32	1.05	0.95				
	309	1	102.19867128947368	21.02372666526316	0.0	0.0	3	1.0036182204632236	34.07245618249236	138.0	33	1.05	0.95				
	310	1	113.87851943684211	23.359696294736843	0.0	0.0	3	1.0335408599704317	29.361402555328297	138.0	33	1.05	0.95				
	311	1	0.0	0.0	0.0	0.0	3	0.9952236110561276	33.87224921623424	230.0	33	1.05	0.95				
	312	1	0.0	0.0	0.0	0.0	3	1.0019974513852525	34.02110356471033	230.0	33	1.05	0.95				
	313	2	154.7579879526316	31.535589997894743	0.0	0.0	3	1.0039697409067556	36.29989705409703	230.0	34	1.05	0.95				
	314	2	113.29452702947368	22.775703887368422	0.0	0.0	3	0.9887818081670618	33.966466366617915	230.0	36	1.05	0.95				
	315	2	185.12559313578947	37.37551407157895	0.0	0.0	3	0.9882494358913323	32.51715909795279	230.0	36	1.05	0.95				
	316	2	58.3992407368421	11.679848147368421	0.0	0.0	3	0.9815470559709775	32.90825323071404	230.0	36	1.05	0.95				
	317	1	0.0	0.0	0.0	0.0	3	0.993994095339683	35.16284095990341	230.0	37	1.05	0.95				
	318	2	194.46947165368422	39.711483701052636	0.0	0.0	3	0.9871075483962433	31.281891445277473	230.0	37	1.05	0.95				
	319	1	105.70262573368421	21.60771907263158	0.0	0.0	3	0.9905452515999938	32.56467680363916	230.0	35	1.05	0.95				
	320	1	74.7510281431579	15.18380259157895	0.0	0.0	3	0.9999684323538595	31.92122349221183	230.0	35	1.05	0.95				
	321	2	0.0	0.0	0.0	0.0	3	0.9956513061280428	32.177368007355824	230.0	37	1.05	0.95				
	322	2	0.0	0.0	0.0	0.0	3	1.0128252803192426	36.1718410666071	230.0	37	1.05	0.95				
	323	2	0.0	0.0	0.0	0.0	3	1.0051330450496776	31.45111788109812	230.0	35	1.05	0.95				
	324	1	0.0	0.0	0.0	0.0	3	0.9952947307846435	37.77966925233776	230.0	36	1.05	0.95				
	325	1	0.0	0.0	0.0	0.0	3	1.0060097058143207	30.388343130047033	230.0	35	1.05	0.95				
];
