%% MATPOWER Case Format : Version 2
function mpc = RTS_GMLC
mpc.version = '2';

%%-----  Power Flow Data  -----%%
%% system MVA base
mpc.baseMVA = 100.0;
%% bus data
%    bus_i    type    Pd    Qd    Gs    Bs    area    Vm    Va    baseKV    zone    Vmax    Vmin
mpc.bus = [
	101	2	59.21029193684212	12.061355764912282	0.0	0.0	1	1.0349221962624797	2.648427521985697	138.0	11	1.05	0.95				
	102	2	53.17961405438597	10.964868877192984	0.0	0.0	1	1.034963637510902	2.611614626429321	138.0	12	1.05	0.95				
	103	1	98.68381989473686	20.28500742280702	0.0	0.0	1	1.0261385958290876	0.6250691727354803	138.0	11	1.05	0.95				
	104	1	40.57001484561404	8.223651657894738	0.0	0.0	1	1.020226625510444	-0.8933939660734442	138.0	11	1.05	0.95				
	105	1	38.92528451403509	7.67540821403509	0.0	0.0	1	1.0348453097134143	-0.7415423502574995	138.0	11	1.05	0.95				
	106	1	74.5611083649123	15.35081642807018	0.0	-100.0	1	1.0422633435186943	-3.148818903005006	138.0	12	1.05	0.95				
	107	2	68.53043048245615	13.70608609649123	0.0	0.0	1	1.0345443945923494	-1.6365115966226615	138.0	12	1.05	0.95				
	108	1	93.7496289	19.18852053508772	0.0	0.0	1	1.02238056050894	-3.5070390510876086	138.0	12	1.05	0.95				
	109	1	95.94260267543861	19.73676397894737	0.0	0.0	1	1.0256536763712982	-1.551463118038879	138.0	13	1.05	0.95				
	110	1	106.90747155263158	21.929737754385968	0.0	0.0	1	1.05	-2.457700953666311	138.0	13	1.05	0.95				
	111	1	0.0	0.0	0.0	0.0	1	1.0062362572421506	0.02535442754366867	230.0	13	1.05	0.95				
	112	1	0.0	0.0	0.0	0.0	1	1.0110293564824833	0.4783118869127135	230.0	13	1.05	0.95				
	113	3	145.28451262280703	29.60514596842106	0.0	0.0	1	0.99953546219785	-3.0793481532351465e-30	230.0	14	1.05	0.95				
	114	2	106.35922810877194	21.38149431052632	0.0	0.0	1	1.004032056402447	2.186821844791929	230.0	16	1.05	0.95				
	115	2	173.7931717035088	35.08758040701755	0.0	0.0	1	1.041242788258514	8.966265161680832	230.0	16	1.05	0.95				
	116	2	54.82434438596492	10.964868877192984	0.0	0.0	1	1.0375575100039516	8.457686539233416	230.0	16	1.05	0.95				
	117	1	0.0	0.0	0.0	0.0	1	1.0445699895279972	10.985932462632386	230.0	17	1.05	0.95				
	118	2	182.5650668052632	37.28055418245615	0.0	0.0	1	1.0476357976957273	11.3588290229776	230.0	17	1.05	0.95				
	119	1	99.2320633385965	20.28500742280702	0.0	0.0	1	1.0307367229266216	7.077444145273417	230.0	15	1.05	0.95				
	120	1	70.1751608140351	14.254329540350879	0.0	0.0	1	1.0293177877018198	6.926716357387582	230.0	15	1.05	0.95				
	121	2	0.0	0.0	0.0	0.0	1	1.05	11.810469218139872	230.0	17	1.05	0.95				
	122	2	0.0	0.0	0.0	0.0	1	1.05	18.40569177916626	230.0	17	1.05	0.95				
	123	2	0.0	0.0	0.0	0.0	1	1.029624437451551	7.260942402942913	230.0	15	1.05	0.95				
	124	1	0.0	0.0	0.0	0.0	1	1.0249814624076696	5.861004990183603	230.0	16	1.05	0.95				
	201	2	60.893436164210534	12.404218477894737	0.0	0.0	2	1.0328088708966465	-8.418887096785529	138.0	21	1.05	0.95				
	202	2	54.69132692526316	11.27656225263158	0.0	0.0	2	1.0329617201340235	-8.498265191669741	138.0	22	1.05	0.95				
	203	1	101.4890602736842	20.86164016736842	0.0	0.0	2	1.0241537836596013	-6.420026921488278	138.0	21	1.05	0.95				
	204	1	41.72328033473684	8.457421689473684	0.0	0.0	2	1.018476149721045	-10.83226211339931	138.0	21	1.05	0.95				
	205	1	40.0317959968421	7.893593576842106	0.0	0.0	2	1.034040908341716	-11.105797272219844	138.0	21	1.05	0.95				
	206	1	76.68062331789474	15.787187153684211	0.0	-100.0	2	1.0418496300147264	-13.151274397869848	138.0	22	1.05	0.95				
	207	2	70.47851407894737	14.095702815789474	0.0	0.0	2	0.987663557660661	-21.672708719795605	138.0	22	1.05	0.95				
	208	1	96.41460726	19.73398394210526	0.0	0.0	2	0.9899199722212499	-18.99685538509397	138.0	22	1.05	0.95				
	209	1	98.66991971052632	20.29781205473684	0.0	0.0	2	1.0237595133629847	-10.453572539187793	138.0	23	1.05	0.95				
	210	1	109.94648196315788	22.55312450526316	0.0	0.0	2	1.05	-12.049331605145337	138.0	23	1.05	0.95				
	211	1	0.0	0.0	0.0	0.0	2	1.0129584051215694	-7.51155506407958	230.0	23	1.05	0.95				
	212	1	0.0	0.0	0.0	0.0	2	1.0139607717642276	-6.709331213115355	230.0	23	1.05	0.95				
	213	2	149.41444984736842	30.446718082105267	0.0	0.0	2	1.011411304371193	-6.414249174302102	230.0	24	1.05	0.95				
	214	2	109.38265385052632	21.98929639263158	0.0	0.0	2	1.0191503982991872	-4.697656168016123	230.0	26	1.05	0.95				
	215	2	178.7335117042105	36.08499920842105	0.0	0.0	2	1.033943471526697	2.8088112128432496	230.0	26	1.05	0.95				
	216	2	56.3828112631579	11.27656225263158	0.0	0.0	2	1.0368334354864956	2.706715186681948	230.0	26	1.05	0.95				
	217	1	0.0	0.0	0.0	0.0	2	1.0401975145015447	5.713730730822045	230.0	27	1.05	0.95				
	218	2	187.75476150631582	38.34031165894737	0.0	0.0	2	1.0417612251216766	6.175164737681301	230.0	27	1.05	0.95				
	219	1	102.05288838631579	20.86164016736842	0.0	0.0	2	1.0368781156467841	1.968463969852259	230.0	25	1.05	0.95				
	220	1	72.1699984168421	14.659530928421052	0.0	0.0	2	1.0413386393682618	2.400515760279143	230.0	25	1.05	0.95				
	221	2	0.0	0.0	0.0	0.0	2	1.0414760001206795	5.879147356945461	230.0	27	1.05	0.95				
	222	2	0.0	0.0	0.0	0.0	2	1.05	12.317921814886496	230.0	27	1.05	0.95				
	223	2	0.0	0.0	0.0	0.0	2	1.045037831542901	3.0525584317540058	230.0	25	1.05	0.95				
	224	1	0.0	0.0	0.0	0.0	2	1.0187670914164488	-0.6484138744150518	230.0	26	1.05	0.95				
	301	2	50.25877885894737	10.237899397192985	0.0	0.0	3	1.0074883706021804	-21.11679267633504	138.0	31	1.05	0.95				
	302	2	45.13982916035088	9.307181270175441	0.0	0.0	3	1.006972154178294	-21.236432481894994	138.0	32	1.05	0.95				
	303	1	83.76463143157896	17.218285349824562	0.0	0.0	3	1.0236404594025201	-15.219659494497574	138.0	31	1.05	0.95				
	304	1	34.436570699649124	6.980385952631579	0.0	0.0	3	1.0093253243398759	-19.692723028377305	138.0	31	1.05	0.95				
	305	1	33.04049350912281	6.515026889122809	0.0	0.0	3	1.0225950874395104	-20.46652940527374	138.0	31	1.05	0.95				
	306	1	63.288832637192996	13.030053778245618	0.0	-100.0	3	1.039099462629892	-20.648858866445185	138.0	32	1.05	0.95				
	307	2	58.169882938596494	11.6339765877193	0.0	0.0	3	0.9929989843537718	-25.827649525849257	138.0	32	1.05	0.95				
	308	1	79.57639986000001	16.287567222807017	0.0	0.0	3	0.9979972417497194	-23.699414745613613	138.0	32	1.05	0.95				
	309	1	81.4378361140351	16.75292628631579	0.0	0.0	3	1.0262632849969056	-16.527005680912453	138.0	33	1.05	0.95				
	310	1	90.74501738421054	18.614362540350882	0.0	0.0	3	1.05	-18.320001348210422	138.0	33	1.05	0.95				
	311	1	0.0	0.0	0.0	0.0	3	1.0112566059459562	-12.0548401237125	230.0	33	1.05	0.95				
	312	1	0.0	0.0	0.0	0.0	3	1.012706411727134	-11.613465652699194	230.0	33	1.05	0.95				
	313	2	123.32015182982457	25.129389429473687	0.0	0.0	3	1.0137858702436287	-8.51557315809831	230.0	34	1.05	0.95				
	314	2	90.27965832070176	18.149003476842108	0.0	0.0	3	1.0174060685118627	-9.732952360029373	230.0	36	1.05	0.95				
	315	2	147.51882313228072	29.78298006456141	0.0	0.0	3	1.042722939138705	-4.131350128633049	230.0	36	1.05	0.95				
	316	2	46.5359063508772	9.307181270175441	0.0	0.0	3	1.0413876074321884	-3.6971619054124147	230.0	36	1.05	0.95				
	317	1	0.0	0.0	0.0	0.0	3	1.0456795496584341	-1.6517836056467674	230.0	37	1.05	0.95				
	318	2	154.96456814842108	31.644416318596498	0.0	0.0	3	1.045702955394014	-1.5019754733871857	230.0	37	1.05	0.95				
	319	1	84.22999049508773	17.218285349824562	0.0	0.0	3	1.0368966906519588	-4.755103898598784	230.0	35	1.05	0.95				
	320	1	59.56596012912282	12.09933565122807	0.0	0.0	3	1.036360668067025	-4.7892722371126135	230.0	35	1.05	0.95				
	321	2	0.0	0.0	0.0	0.0	3	1.0479939246034524	-0.873158203964666	230.0	37	1.05	0.95				
	322	2	0.0	0.0	0.0	0.0	3	1.05	3.2841376851887505	230.0	37	1.05	0.95				
	323	2	0.0	0.0	0.0	0.0	3	1.0367549395006523	-4.457102291052817	230.0	35	1.05	0.95				
	324	1	0.0	0.0	0.0	0.0	3	1.0217167502846503	-8.25138238923189	230.0	36	1.05	0.95				
	325	1	0.0	0.0	0.0	0.0	3	1.032702265379201	-3.1034809314147176	230.0	35	1.05	0.95				
];
