%% MATPOWER Case Format : Version 2
function mpc = RTS_GMLC
mpc.version = '2';

%%-----  Power Flow Data  -----%%
%% system MVA base
mpc.baseMVA = 100.0;
%% bus data
%    bus_i    type    Pd    Qd    Gs    Bs    area    Vm    Va    baseKV    zone    Vmax    Vmin
mpc.bus = [
	101	2	37.12666996421052	7.562840177894737	0.0	0.0	1	1.0247322297662227	1.5202512259737309	138.0	11	1.05	0.95				
	102	2	33.34524987526316	6.875309252631578	0.0	0.0	1	1.0229317355930083	1.0345054499659005	138.0	12	1.05	0.95				
	103	1	61.87778327368421	12.71932211736842	0.0	0.0	1	1.0313821252468154	1.5695650816533397	138.0	11	1.05	0.95				
	104	1	25.43864423473684	5.156481939473684	0.0	0.0	1	1.0187026909216708	-1.2982922314487748	138.0	11	1.05	0.95				
	105	1	24.407347846842104	4.812716476842105	0.0	0.0	1	1.032791416832638	-1.1638417287169591	138.0	11	1.05	0.95				
	106	1	46.75210291789474	9.62543295368421	0.0	-100.0	1	1.0456924571545108	-3.1282746403708996	138.0	12	1.05	0.95				
	107	2	42.97068282894737	8.594136565789473	0.0	0.0	1	1.000413917280374	-9.416349774443901	138.0	12	1.05	0.95				
	108	1	58.78389410999999	12.031791192105262	0.0	0.0	1	1.0063590761726475	-7.4443591482293705	138.0	12	1.05	0.95				
	109	1	60.15895596052631	12.37555665473684	0.0	0.0	1	1.0246998984519984	-1.78133597465671	138.0	13	1.05	0.95				
	110	1	67.03426521315788	13.750618505263157	0.0	0.0	1	1.05	-2.771131901678944	138.0	13	1.05	0.95				
	111	1	0.0	0.0	0.0	0.0	1	1.0026539811794295	0.16576521135776284	230.0	13	1.05	0.95				
	112	1	0.0	0.0	0.0	0.0	1	1.0074461767988445	-0.6075480841678191	230.0	13	1.05	0.95				
	113	3	91.09784759736841	18.56333498210526	0.0	0.0	1	0.9929689129894718	-3.243994781419955e-27	230.0	14	1.05	0.95				
	114	2	66.69049975052631	13.406853042631578	0.0	0.0	1	1.0013421329037253	2.8895648485629386	230.0	16	1.05	0.95				
	115	2	108.97365165421051	22.00098960842105	0.0	0.0	1	1.0411774996097252	9.938555048115285	230.0	16	1.05	0.95				
	116	2	34.37654626315789	6.875309252631578	0.0	0.0	1	1.034705021343467	8.637762017963196	230.0	16	1.05	0.95				
	117	1	0.0	0.0	0.0	0.0	1	1.0406362594040284	13.28199869157431	230.0	17	1.05	0.95				
	118	2	114.47389905631577	23.37605145894737	0.0	0.0	1	1.0487458225531594	13.60417711427251	230.0	17	1.05	0.95				
	119	1	62.22154873631579	12.71932211736842	0.0	0.0	1	1.0230988528304508	5.394794685274317	230.0	15	1.05	0.95				
	120	1	44.0019792168421	8.937902028421052	0.0	0.0	1	1.0172720957542332	3.209950451987818	230.0	15	1.05	0.95				
	121	2	0.0	0.0	0.0	0.0	1	1.05	14.735103261846358	230.0	17	1.05	0.95				
	122	2	0.0	0.0	0.0	0.0	1	1.05	29.647579297939796	230.0	17	1.05	0.95				
	123	2	0.0	0.0	0.0	0.0	1	1.0145405715079707	2.2708549666763393	230.0	15	1.05	0.95				
	124	1	0.0	0.0	0.0	0.0	1	1.026878257878812	6.8049768462041955	230.0	16	1.05	0.95				
	201	2	42.49960647157896	8.657327244210528	0.0	0.0	2	1.013025341738403	-15.085061868054982	138.0	21	1.05	0.95				
	202	2	38.17094284947369	7.870297494736844	0.0	0.0	2	1.0121337449278365	-15.378708304057879	138.0	22	1.05	0.95				
	203	1	70.83267745263159	14.56005036526316	0.0	0.0	2	1.0147551245269197	-10.81892054742822	138.0	21	1.05	0.95				
	204	1	29.12010073052632	5.902723121052632	0.0	0.0	2	1.0117718053823395	-15.023940944517856	138.0	21	1.05	0.95				
	205	1	27.939556106315795	5.509208246315791	0.0	0.0	2	1.0267731395043105	-15.487164680967451	138.0	21	1.05	0.95				
	206	1	53.51802296421053	11.018416492631582	0.0	-100.0	2	1.0424713803778045	-16.214337638163958	138.0	22	1.05	0.95				
	207	2	49.18935934210527	9.837871868421054	0.0	0.0	2	0.9950446562976051	-20.880415634843455	138.0	22	1.05	0.95				
	208	1	67.29104358000001	13.773020615789475	0.0	0.0	2	1.0013761718379912	-19.12402170200248	138.0	22	1.05	0.95				
	209	1	68.86510307894737	14.166535490526316	0.0	0.0	2	1.0226432161668408	-13.099839592461606	138.0	23	1.05	0.95				
	210	1	76.73540057368422	15.740594989473689	0.0	0.0	2	1.05	-14.621265367110018	138.0	23	1.05	0.95				
	211	1	0.0	0.0	0.0	0.0	2	1.0058483604731003	-10.189512849965572	230.0	23	1.05	0.95				
	212	1	0.0	0.0	0.0	0.0	2	1.0081717818336087	-9.429867118143111	230.0	23	1.05	0.95				
	213	2	104.28144180526317	21.24980323578948	0.0	0.0	2	1.0021887838079162	-8.809453179914462	230.0	24	1.05	0.95				
	214	2	76.34188569894738	15.347080114736844	0.0	0.0	2	1.0070276851286606	-7.61433863817921	230.0	26	1.05	0.95				
	215	2	124.74421529157895	25.184951983157898	0.0	0.0	2	1.0210541431006623	-1.2905920085000449	230.0	26	1.05	0.95				
	216	2	39.351487473684216	7.870297494736844	0.0	0.0	2	1.022920745506741	-1.5765728767096892	230.0	26	1.05	0.95				
	217	1	0.0	0.0	0.0	0.0	2	1.0265972538333117	0.005637676655759346	230.0	27	1.05	0.95				
	218	2	131.04045328736845	26.759011482105265	0.0	0.0	2	1.025972920059437	-0.43455408422520125	230.0	27	1.05	0.95				
	219	1	71.22619232736844	14.56005036526316	0.0	0.0	2	1.0245531106740682	-1.6989617005585593	230.0	25	1.05	0.95				
	220	1	50.369903966315796	10.231386743157897	0.0	0.0	2	1.0284303981906338	-1.034147869695872	230.0	25	1.05	0.95				
	221	2	0.0	0.0	0.0	0.0	2	1.0279141276269148	0.08131707030043747	230.0	27	1.05	0.95				
	222	2	0.0	0.0	0.0	0.0	2	1.0497370490305107	6.544952833384472	230.0	27	1.05	0.95				
	223	2	0.0	0.0	0.0	0.0	2	1.0311160599172213	-0.3695293409557286	230.0	25	1.05	0.95				
	224	1	0.0	0.0	0.0	0.0	2	1.0069876649992984	-4.873026998868891	230.0	26	1.05	0.95				
	301	2	54.5466624631579	11.111357168421053	0.0	0.0	3	1.0097067922211072	-13.786924905658479	138.0	31	1.05	0.95				
	302	2	48.99098387894737	10.101233789473685	0.0	0.0	3	1.008885277757613	-13.963512382283872	138.0	32	1.05	0.95				
	303	1	90.91110410526316	18.68728251052632	0.0	0.0	3	1.0376180162133362	-5.000430190664149	138.0	31	1.05	0.95				
	304	1	37.37456502105264	7.575925342105264	0.0	0.0	3	1.0111595655699814	-12.023592314315485	138.0	31	1.05	0.95				
	305	1	35.859379952631585	7.07086365263158	0.0	0.0	3	1.023379370141869	-13.766325301009282	138.0	31	1.05	0.95				
	306	1	68.68838976842106	14.14172730526316	0.0	-100.0	3	1.038451624958525	-14.326985815735897	138.0	32	1.05	0.95				
	307	2	63.132711184210535	12.626542236842106	0.0	0.0	3	0.992262859916508	-19.431586043926714	138.0	32	1.05	0.95				
	308	1	86.3655489	17.67715913157895	0.0	0.0	3	0.9964992588731222	-17.0973007774996	138.0	32	1.05	0.95				
	309	1	88.38579565789473	18.182220821052635	0.0	0.0	3	1.0300686479320853	-8.392847688038046	138.0	33	1.05	0.95				
	310	1	98.48702944736843	20.20246757894737	0.0	0.0	3	1.05	-12.121344801053242	138.0	33	1.05	0.95				
	311	1	0.0	0.0	0.0	0.0	3	1.012635608978735	-6.17372941085228	230.0	33	1.05	0.95				
	312	1	0.0	0.0	0.0	0.0	3	1.0153553893396954	-5.598523909656629	230.0	33	1.05	0.95				
	313	2	133.84134771052632	27.27333123157895	0.0	0.0	3	1.014277484189851	-3.0046630469429982	230.0	34	1.05	0.95				
	314	2	97.98196775789474	19.697405889473686	0.0	0.0	3	1.0146081692382003	-4.778035179295549	230.0	36	1.05	0.95				
	315	2	160.1045555631579	32.32394812631579	0.0	0.0	3	1.0405704671263776	0.037518493283307565	230.0	36	1.05	0.95				
	316	2	50.50616894736842	10.101233789473685	0.0	0.0	3	1.0397413650787999	0.20853644272907235	230.0	36	1.05	0.95				
	317	1	0.0	0.0	0.0	0.0	3	1.05	5.420753143038843	230.0	37	1.05	0.95				
	318	2	168.18554259473686	34.34419488421053	0.0	0.0	3	1.045785520433903	3.2235003641910094	230.0	37	1.05	0.95				
	319	1	91.41616579473684	18.68728251052632	0.0	0.0	3	1.0342427972052073	-0.6741715704946525	230.0	35	1.05	0.95				
	320	1	64.64789625263158	13.13160392631579	0.0	0.0	3	1.033252379993013	-0.476743119164704	230.0	35	1.05	0.95				
	321	2	0.0	0.0	0.0	0.0	3	1.0453264726364861	2.7842409377069517	230.0	37	1.05	0.95				
	322	2	0.0	0.0	0.0	0.0	3	1.05	8.161290765289085	230.0	37	1.05	0.95				
	323	2	0.0	0.0	0.0	0.0	3	1.0336404948125744	0.014414116426596147	230.0	35	1.05	0.95				
	324	1	0.0	0.0	0.0	0.0	3	1.0320608328031653	-1.8573794336292075	230.0	36	1.05	0.95				
	325	1	0.0	0.0	0.0	0.0	3	1.0306923551326521	1.248880198493655	230.0	35	1.05	0.95				
];
