%% MATPOWER Case Format : Version 2
function mpc = RTS_GMLC
mpc.version = '2';

%%-----  Power Flow Data  -----%%
%% system MVA base
mpc.baseMVA = 100.0;
%% bus data
%    bus_i    type    Pd    Qd    Gs    Bs    area    Vm    Va    baseKV    zone    Vmax    Vmin
mpc.bus = [
	101	2	41.98960909894737	8.553438890526316	0.0	0.0	1	1.0118506823923021	-4.328178812346235	138.0	11	1.05	0.95				
	102	2	37.712889653684215	7.7758535368421065	0.0	0.0	1	1.0117919527446935	-4.5437152373256735	138.0	12	1.05	0.95				
	103	1	69.98268183157896	14.385329043157896	0.0	0.0	1	1.0000947961050317	0.38437577998157485	138.0	11	1.05	0.95				
	104	1	28.77065808631579	5.831890152631579	0.0	0.0	1	1.0023676594299238	-4.35148561504807	138.0	11	1.05	0.95				
	105	1	27.60428005578947	5.443097475789474	0.0	0.0	1	1.01661075738744	-5.350803917969614	138.0	11	1.05	0.95				
	106	1	52.87580405052632	10.886194951578949	0.0	-100.0	1	1.0272570995305659	-6.401699484938721	138.0	12	1.05	0.95				
	107	2	48.59908460526316	9.719816921052631	0.0	0.0	1	0.9856872534427801	-9.534978800406574	138.0	12	1.05	0.95				
	108	1	66.48354774	13.607743689473683	0.0	0.0	1	0.9881845696162441	-8.543176018289552	138.0	12	1.05	0.95				
	109	1	68.03871844736842	13.99653636631579	0.0	0.0	1	1.0019048361748057	-3.295832240596978	138.0	13	1.05	0.95				
	110	1	75.81457198421053	15.551707073684213	0.0	0.0	1	1.0305286676241283	-5.100992097769823	138.0	13	1.05	0.95				
	111	1	0.0	0.0	0.0	0.0	1	0.9811701763320594	-0.6892964306895213	230.0	13	1.05	0.95				
	112	1	0.0	0.0	0.0	0.0	1	0.9824306550036913	-1.4433949300589362	230.0	13	1.05	0.95				
	113	3	103.0300593631579	20.994804549473685	0.0	0.0	1	0.9631976535774242	-6.681032729433914e-27	230.0	14	1.05	0.95				
	114	2	75.42577930736843	15.162914396842107	0.0	0.0	1	0.989502892024464	2.367136961639475	230.0	16	1.05	0.95				
	115	2	123.24727855894737	24.882731317894738	0.0	0.0	1	0.9881356216938957	10.849453612281176	230.0	16	1.05	0.95				
	116	2	38.879267684210525	7.7758535368421065	0.0	0.0	1	0.9875626356063727	9.38668603298026	230.0	16	1.05	0.95				
	117	1	0.0	0.0	0.0	0.0	1	0.9901109126278536	14.774120773946896	230.0	17	1.05	0.95				
	118	2	129.46796138842106	26.43790202526316	0.0	0.0	1	0.9968169052345631	15.319380489037405	230.0	17	1.05	0.95				
	119	1	70.37147450842106	14.385329043157896	0.0	0.0	1	0.9881707257380458	5.936079250495294	230.0	15	1.05	0.95				
	120	1	49.765462635789476	10.108609597894738	0.0	0.0	1	0.9933106971757287	3.4332157779566437	230.0	15	1.05	0.95				
	121	2	0.0	0.0	0.0	0.0	1	0.9970682631759635	16.599632919936766	230.0	17	1.05	0.95				
	122	2	0.0	0.0	0.0	0.0	1	1.0069832175316045	32.4247528187383	230.0	17	1.05	0.95				
	123	2	0.0	0.0	0.0	0.0	1	0.9970238285701132	2.384157320335964	230.0	15	1.05	0.95				
	124	1	0.0	0.0	0.0	0.0	1	0.9801974796555345	6.841246783267507	230.0	16	1.05	0.95				
	201	2	39.79663150736843	8.106721232982457	0.0	0.0	2	1.0112621023088255	-9.879103071748922	138.0	21	1.05	0.95				
	202	2	35.74327089087719	7.369746575438597	0.0	0.0	2	1.010210660979588	-10.032213526254791	138.0	22	1.05	0.95				
	203	1	66.32771917894738	13.634031164561405	0.0	0.0	2	0.9982441788452309	-7.529868458372356	138.0	21	1.05	0.95				
	204	1	27.26806232912281	5.527309931578948	0.0	0.0	2	1.002534665544954	-9.142359379652898	138.0	21	1.05	0.95				
	205	1	26.162600342807018	5.158822602807018	0.0	0.0	2	1.0185439637464324	-9.470192057081716	138.0	21	1.05	0.95				
	206	1	50.114276712982466	10.317645205614037	0.0	-100.0	2	1.0309261726404737	-9.716099665244528	138.0	22	1.05	0.95				
	207	2	46.06091609649123	9.212183219298247	0.0	0.0	2	0.9722173896003123	-14.006700101376293	138.0	22	1.05	0.95				
	208	1	63.01133322	12.897056507017544	0.0	0.0	2	0.9824142203315774	-12.354757418713328	138.0	22	1.05	0.95				
	209	1	64.48528253508773	13.265543835789476	0.0	0.0	2	1.007005718481107	-6.838362771434319	138.0	23	1.05	0.95				
	210	1	71.85502911052633	14.739493150877195	0.0	0.0	2	1.0348096416160424	-7.839482947556153	138.0	23	1.05	0.95				
	211	1	0.0	0.0	0.0	0.0	2	0.986276920354224	-4.590395082785264	230.0	23	1.05	0.95				
	212	1	0.0	0.0	0.0	0.0	2	0.9882515454458773	-0.5142947269906142	230.0	23	1.05	0.95				
	213	2	97.64914212456141	19.898315753684216	0.0	0.0	2	0.9813654567315484	-2.2423353806831314	230.0	24	1.05	0.95				
	214	2	71.48654178175438	14.371005822105264	0.0	0.0	2	0.9811385743240396	-3.7394168358314825	230.0	26	1.05	0.95				
	215	2	116.81048322070176	23.58318904140351	0.0	0.0	2	0.9908805861351397	0.041734362346037154	230.0	26	1.05	0.95				
	216	2	36.84873287719299	7.369746575438597	0.0	0.0	2	0.9885846649211363	-0.11857483379174372	230.0	26	1.05	0.95				
	217	1	0.0	0.0	0.0	0.0	2	0.9993204167001531	0.7018228957472964	230.0	27	1.05	0.95				
	218	2	122.70628048105266	25.057138356491233	0.0	0.0	2	1.0002794161717872	0.22871112010207484	230.0	27	1.05	0.95				
	219	1	66.6962065077193	13.634031164561405	0.0	0.0	2	0.9818609101487171	0.8382790320483633	230.0	25	1.05	0.95				
	220	1	47.16637808280702	9.580670548070175	0.0	0.0	2	0.9788210603734616	2.4667982622540974	230.0	25	1.05	0.95				
	221	2	0.0	0.0	0.0	0.0	2	1.0024774843412079	0.7106401500607673	230.0	27	1.05	0.95				
	222	2	0.0	0.0	0.0	0.0	2	1.0195813135755643	5.2028227328036545	230.0	27	1.05	0.95				
	223	2	0.0	0.0	0.0	0.0	2	0.9781671200760916	3.681018760075695	230.0	25	1.05	0.95				
	224	1	0.0	0.0	0.0	0.0	2	0.9843412617771375	-2.8466887012886706	230.0	26	1.05	0.95				
	301	2	47.508383406315794	9.677633656842106	0.0	0.0	3	1.0127478572857864	23.79392067701096	138.0	31	1.05	0.95				
	302	2	42.66956657789474	8.79784877894737	0.0	0.0	3	1.0129440178601143	23.633977930248587	138.0	32	1.05	0.95				
	303	1	79.18063901052632	16.27602024105263	0.0	0.0	3	1.013599881841899	31.461111167012987	138.0	31	1.05	0.95				
	304	1	32.55204048210526	6.598386584210527	0.0	0.0	3	1.0052547926496844	25.341318432616454	138.0	31	1.05	0.95				
	305	1	31.23236316526316	6.158494145263159	0.0	0.0	3	1.0204200154334444	24.032692707699262	138.0	31	1.05	0.95				
	306	1	59.82537169684211	12.316988290526318	0.0	-100.0	3	1.0328366311412474	23.63975494591244	138.0	32	1.05	0.95				
	307	2	54.98655486842105	10.997310973684211	0.0	0.0	3	0.9673161921103854	21.334784331151948	138.0	32	1.05	0.95				
	308	1	75.22160706000001	15.396235363157896	0.0	0.0	3	0.9841534206711343	23.24398272730967	138.0	32	1.05	0.95				
	309	1	76.98117681578948	15.836127802105263	0.0	0.0	3	1.013280430955463	28.592014003873437	138.0	33	1.05	0.95				
	310	1	85.77902559473685	17.59569755789474	0.0	0.0	3	1.0390741454253287	25.71204264374727	138.0	33	1.05	0.95				
	311	1	0.0	0.0	0.0	0.0	3	0.9894523403095049	29.90983760473591	230.0	33	1.05	0.95				
	312	1	0.0	0.0	0.0	0.0	3	0.9989438857038886	29.935471807658587	230.0	33	1.05	0.95				
	313	2	116.57149632105263	23.754191703157897	0.0	0.0	3	0.9964506507319072	32.92202859402285	230.0	34	1.05	0.95				
	314	2	85.33913315578948	17.15580511894737	0.0	0.0	3	0.9727377396578907	30.190286531539964	230.0	36	1.05	0.95				
	315	2	139.4459031463158	28.15311609263158	0.0	0.0	3	0.9787531307535587	28.6971981622644	230.0	36	1.05	0.95				
	316	2	43.989243894736845	8.79784877894737	0.0	0.0	3	0.9651800170192354	29.421059000099795	230.0	36	1.05	0.95				
	317	1	0.0	0.0	0.0	0.0	3	0.9846029983972382	31.615797348383566	230.0	37	1.05	0.95				
	318	2	146.48418216947368	29.912685848421056	0.0	0.0	3	0.9815350420551202	27.939576958365002	230.0	37	1.05	0.95				
	319	1	79.6205314494737	16.27602024105263	0.0	0.0	3	0.9761126374833966	29.19147759842255	230.0	35	1.05	0.95				
	320	1	56.30623218526316	11.43720341263158	0.0	0.0	3	0.9861701771143786	28.642201403811733	230.0	35	1.05	0.95				
	321	2	0.0	0.0	0.0	0.0	3	0.988913079178536	28.634016459529132	230.0	37	1.05	0.95				
	322	2	0.0	0.0	0.0	0.0	3	1.0055197801147024	32.37139878837987	230.0	37	1.05	0.95				
	323	2	0.0	0.0	0.0	0.0	3	0.9912257502001492	28.189840752950087	230.0	35	1.05	0.95				
	324	1	0.0	0.0	0.0	0.0	3	0.9909473980148958	31.07148727572143	230.0	36	1.05	0.95				
