%% MATPOWER Case Format : Version 2
function mpc = RTS_GMLC
mpc.version = '2';

%%-----  Power Flow Data  -----%%
%% system MVA base
mpc.baseMVA = 100.0;
%% bus data
%    bus_i    type    Pd    Qd    Gs    Bs    area    Vm    Va    baseKV    zone    Vmax    Vmin
mpc.bus = [
	101	2	40.23948539368421	8.196932209824562	0.0	0.0	1	1.011902237566967	-3.989988313892552	138.0	11	1.05	0.95				
	102	2	36.14101928877193	7.451756554385966	0.0	0.0	1	1.0118554386906455	-4.193566982507387	138.0	12	1.05	0.95				
	103	1	67.06580898947368	13.785749625614036	0.0	0.0	1	1.00179418553802	0.7201508722415766	138.0	11	1.05	0.95				
	104	1	27.571499251228072	5.588817415789474	0.0	0.0	1	1.0028537125780999	-3.9831357563517655	138.0	11	1.05	0.95				
	105	1	26.453735768070175	5.216229588070177	0.0	0.0	1	1.0170027395254086	-4.971158048306	138.0	11	1.05	0.95				
	106	1	50.67194456982457	10.432459176140354	0.0	-100.0	1	1.02795899726366	-5.983683933355017	138.0	12	1.05	0.95				
	107	2	46.573478464912284	9.314695692982458	0.0	0.0	1	0.984801783540561	-8.74674728427605	138.0	12	1.05	0.95				
	108	1	63.712518540000005	13.04057397017544	0.0	0.0	1	0.9884588165007435	-7.886685807848428	138.0	12	1.05	0.95				
	109	1	65.20286985087719	13.413161797894738	0.0	0.0	1	1.0022785459157901	-2.951933722568092	138.0	13	1.05	0.95				
	110	1	72.65462640526316	14.903513108771932	0.0	0.0	1	1.0307994776037066	-4.732317099672853	138.0	13	1.05	0.95				
	111	1	0.0	0.0	0.0	0.0	1	0.980886811482153	-0.5141427818425893	230.0	13	1.05	0.95				
	112	1	0.0	0.0	0.0	0.0	1	0.9821580526070878	-1.2616442989598078	230.0	13	1.05	0.95				
	113	3	98.73577434561403	20.119742696842106	0.0	0.0	1	0.9620574796775208	-1.8788483632145212e-28	230.0	14	1.05	0.95				
	114	2	72.28203857754386	14.530925281052633	0.0	0.0	1	0.9888149048335801	2.517279616245946	230.0	16	1.05	0.95				
	115	2	118.11034138701754	23.84562097403509	0.0	0.0	1	0.9894301672652153	10.701868818185206	230.0	16	1.05	0.95				
	116	2	37.25878277192983	7.451756554385966	0.0	0.0	1	0.9881139518615716	9.376383030262634	230.0	16	1.05	0.95				
	117	1	0.0	0.0	0.0	0.0	1	0.9899872543426173	14.733233735652458	230.0	17	1.05	0.95				
	118	2	124.07174663052633	25.335972284912284	0.0	0.0	1	0.9977093405382313	15.085433340933704	230.0	17	1.05	0.95				
	119	1	67.438396817193	13.785749625614036	0.0	0.0	1	0.9883374767896074	6.05092749503191	230.0	15	1.05	0.95				
	120	1	47.69124194807018	9.687283520701756	0.0	0.0	1	0.992718518882941	3.581078243395586	230.0	15	1.05	0.95				
	121	2	0.0	0.0	0.0	0.0	1	0.998287494448582	16.09118501926965	230.0	17	1.05	0.95				
	122	2	0.0	0.0	0.0	0.0	1	1.003738461805299	33.837265514081984	230.0	17	1.05	0.95				
	123	2	0.0	0.0	0.0	0.0	1	0.995925991041557	2.536259416540327	230.0	15	1.05	0.95				
	124	1	0.0	0.0	0.0	0.0	1	0.9821954678790891	6.876517994029942	230.0	16	1.05	0.95				
	201	2	39.26963637473684	7.99937037263158	0.0	0.0	2	1.0110888596712588	-8.512762581438585	138.0	21	1.05	0.95				
	202	2	35.269951188421054	7.2721548842105275	0.0	0.0	2	1.0099855614734345	-8.664955274784536	138.0	22	1.05	0.95				
	203	1	65.44939395789474	13.453486535789475	0.0	0.0	2	0.9977965076796601	-6.649172352060277	138.0	21	1.05	0.95				
	204	1	26.90697307157895	5.454116163157894	0.0	0.0	2	1.0030834628962346	-7.8313660968758905	138.0	21	1.05	0.95				
	205	1	25.816149838947368	5.090508418947369	0.0	0.0	2	1.0190299285117876	-8.105664625795121	138.0	21	1.05	0.95				
	206	1	49.450653212631586	10.181016837894738	0.0	-100.0	2	1.031802905215101	-8.348409321571967	138.0	22	1.05	0.95				
	207	2	45.45096802631579	9.090193605263158	0.0	0.0	2	0.9712194920816614	-12.58030902544958	138.0	22	1.05	0.95				
	208	1	62.17692426	12.72627104736842	0.0	0.0	2	0.982469500398915	-10.966900078410305	138.0	22	1.05	0.95				
	209	1	63.63135523684211	13.089878791578947	0.0	0.0	2	1.0079465109752086	-5.596858386670981	138.0	23	1.05	0.95				
	210	1	70.90351012105263	14.544309768421055	0.0	0.0	2	1.03582530300147	-6.4948033717224485	138.0	23	1.05	0.95				
	211	1	0.0	0.0	0.0	0.0	2	0.9865456385794216	-3.671309233867839	230.0	23	1.05	0.95				
	212	1	0.0	0.0	0.0	0.0	2	0.9913387102752914	1.1301780642805417	230.0	23	1.05	0.95				
	213	2	96.35605221578948	19.63481818736842	0.0	0.0	2	0.9823225325585616	-1.3913466760329205	230.0	24	1.05	0.95				
	214	2	70.53990237684211	14.180702024210529	0.0	0.0	2	0.9790843736682472	-3.136258569880531	230.0	26	1.05	0.95				
	215	2	115.26365491473685	23.270895629473685	0.0	0.0	2	0.9892868273331228	0.20511355552174007	230.0	26	1.05	0.95				
	216	2	36.36077442105263	7.2721548842105275	0.0	0.0	2	0.9874280087521904	-0.010008941038882155	230.0	26	1.05	0.95				
	217	1	0.0	0.0	0.0	0.0	2	0.9974021171731148	0.9583445849224015	230.0	27	1.05	0.95				
	218	2	121.08137882210528	24.725326606315793	0.0	0.0	2	0.9979420785538073	0.5159298618934068	230.0	27	1.05	0.95				
	219	1	65.81300170210527	13.453486535789475	0.0	0.0	2	0.9830643534067527	0.5276047148064344	230.0	25	1.05	0.95				
	220	1	46.54179125894737	9.453801349473686	0.0	0.0	2	0.9817963629299497	1.773197939100094	230.0	25	1.05	0.95				
	221	2	0.0	0.0	0.0	0.0	2	1.0000839823416185	1.0151517290450993	230.0	27	1.05	0.95				
	222	2	0.0	0.0	0.0	0.0	2	1.0176094061878356	5.964878585600855	230.0	27	1.05	0.95				
	223	2	0.0	0.0	0.0	0.0	2	0.9818823488153866	2.7673662834721164	230.0	25	1.05	0.95				
	224	1	0.0	0.0	0.0	0.0	2	0.9838820714733806	-2.4135751753531856	230.0	26	1.05	0.95				
	301	2	49.31920277052632	10.046504268070175	0.0	0.0	3	1.00915180566163	10.530389833454798	138.0	31	1.05	0.95				
	302	2	44.29595063649123	9.133185698245615	0.0	0.0	3	1.0094445687951061	10.460108257983766	138.0	32	1.05	0.95				
	303	1	82.19867128421052	16.896393541754385	0.0	0.0	3	0.9969650406209921	14.436225829710567	138.0	31	1.05	0.95				
	304	1	33.79278708350877	6.8498892736842105	0.0	0.0	3	1.000484767981039	12.081894699633791	138.0	31	1.05	0.95				
	305	1	32.422809228771925	6.39322998877193	0.0	0.0	3	1.0166703320304034	11.878633690427826	138.0	31	1.05	0.95				
	306	1	62.10566274807018	12.78645997754386	0.0	-100.0	3	1.0295700463430304	12.087576214477961	138.0	32	1.05	0.95				
	307	2	57.08241061403508	11.416482122807018	0.0	0.0	3	0.9697566593317773	9.07610595012848	138.0	32	1.05	0.95				
	308	1	78.08873772	15.983074971929822	0.0	0.0	3	0.9840727528674418	11.101687268624724	138.0	32	1.05	0.95				
	309	1	79.91537485964912	16.439734256842105	0.0	0.0	3	1.0081302689589493	15.352098508532984	138.0	33	1.05	0.95				
	310	1	89.04856055789473	18.26637139649123	0.0	0.0	3	1.0368652640929343	14.739227162378725	138.0	33	1.05	0.95				
	311	1	0.0	0.0	0.0	0.0	3	0.9868578983437651	19.980283807376953	230.0	33	1.05	0.95				
	312	1	0.0	0.0	0.0	0.0	3	0.995567570842381	20.369713286702304	230.0	33	1.05	0.95				
	313	2	121.01471050175438	24.65960138526316	0.0	0.0	3	0.9975078824964154	24.826700820385913	230.0	34	1.05	0.95				
	314	2	88.59190127298245	17.80971211157895	0.0	0.0	3	0.9759129558651184	20.80178092813793	230.0	36	1.05	0.95				
	315	2	144.760993317193	29.226194234385964	0.0	0.0	3	0.9809193087694454	19.076654065434347	230.0	36	1.05	0.95				
	316	2	45.66592849122807	9.133185698245615	0.0	0.0	3	0.9689100228095877	20.333198097777583	230.0	36	1.05	0.95				
	317	1	0.0	0.0	0.0	0.0	3	0.989605942991994	22.17840883851552	230.0	37	1.05	0.95				
	318	2	152.0675418757895	31.05283137403509	0.0	0.0	3	0.9887875775078674	19.198979969372886	230.0	37	1.05	0.95				
	319	1	82.65533056912281	16.896393541754385	0.0	0.0	3	0.9814272287696943	21.053870194349738	230.0	35	1.05	0.95				
	320	1	58.45238846877193	11.873141407719299	0.0	0.0	3	0.9926248240710775	21.185525614231288	230.0	35	1.05	0.95				
	321	2	0.0	0.0	0.0	0.0	3	0.9936828872935263	19.643380505303174	230.0	37	1.05	0.95				
	322	2	0.0	0.0	0.0	0.0	3	1.0101535650561357	23.77592377423802	230.0	37	1.05	0.95				
	323	2	0.0	0.0	0.0	0.0	3	0.9981762052184263	21.02530277506976	230.0	35	1.05	0.95				
	324	1	0.0	0.0	0.0	0.0	3	0.9821963790698918	18.66133792139506	230.0	36	1.05	0.95				
	325	1	0.0	0.0	0.0	0.0	3	0.9995530083773833	20.60990353708327	230.0	35	1.05	0.95				
];
