%% MATPOWER Case Format : Version 2
function mpc = RTS_GMLC
mpc.version = '2';

%%-----  Power Flow Data  -----%%
%% system MVA base
mpc.baseMVA = 100.0;
%% bus data
%    bus_i    type    Pd    Qd    Gs    Bs    area    Vm    Va    baseKV    zone    Vmax    Vmin
mpc.bus = [
	101	2	41.48193963789474	8.450024741052632	0.0	0.0	1	1.0207316789316412	-2.2497772238826226	138.0	11	1.05	0.95				
	102	2	37.25692726736842	7.681840673684211	0.0	0.0	1	1.0198656891801385	-2.469646361824554	138.0	12	1.05	0.95				
	103	1	69.1365660631579	14.211405246315788	0.0	0.0	1	1.0328204838104937	0.35624904338575814	138.0	11	1.05	0.95				
	104	1	28.422810492631577	5.7613805052631575	0.0	0.0	1	1.0202891195414574	-3.0212020454685047	138.0	11	1.05	0.95				
	105	1	27.270534391578945	5.3772884715789475	0.0	0.0	1	1.0306697431365501	-4.04075374002451	138.0	11	1.05	0.95				
	106	1	52.23651658105264	10.754576943157895	0.0	-100.0	1	1.0442398939646227	-5.488953094385679	138.0	12	1.05	0.95				
	107	2	48.01150421052631	9.602300842105263	0.0	0.0	1	1.0020129059124419	-9.654047807801899	138.0	12	1.05	0.95				
	108	1	65.67973776	13.443221178947368	0.0	0.0	1	1.0068859346866574	-8.379835910523212	138.0	12	1.05	0.95				
	109	1	67.21610589473684	13.827313212631578	0.0	0.0	1	1.0254355852606933	-3.039530679322874	138.0	13	1.05	0.95				
	110	1	74.89794656842105	15.363681347368422	0.0	0.0	1	1.05	-4.61002237092636	138.0	13	1.05	0.95				
	111	1	0.0	0.0	0.0	0.0	1	1.0036323134002734	-1.013021761888808	230.0	13	1.05	0.95				
	112	1	0.0	0.0	0.0	0.0	1	1.0074439675391176	-1.4525150884220237	230.0	13	1.05	0.95				
	113	3	101.78438892631578	20.74096981894737	0.0	0.0	1	0.9960132310623401	-1.613582960723348e-29	230.0	14	1.05	0.95				
	114	2	74.51385453473684	14.97958931368421	0.0	0.0	1	1.001892267331503	1.0598819244580981	230.0	16	1.05	0.95				
	115	2	121.75717467789472	24.581890155789473	0.0	0.0	1	1.0362619559091983	7.194731656947912	230.0	16	1.05	0.95				
	116	2	38.40920336842105	7.681840673684211	0.0	0.0	1	1.0323014139535138	6.1971551342651985	230.0	16	1.05	0.95				
	117	1	0.0	0.0	0.0	0.0	1	1.039032084002334	10.027026705891743	230.0	17	1.05	0.95				
	118	2	127.9026472168421	26.11825829052632	0.0	0.0	1	1.043823689328705	10.54742951847593	230.0	17	1.05	0.95				
	119	1	69.5206580968421	14.211405246315788	0.0	0.0	1	1.021894565757819	3.923889750565125	230.0	15	1.05	0.95				
	120	1	49.16378031157895	9.986392875789473	0.0	0.0	1	1.0152699228989577	2.1002649859705107	230.0	15	1.05	0.95				
	121	2	0.0	0.0	0.0	0.0	1	1.0455659731046774	11.441845176563012	230.0	17	1.05	0.95				
	122	2	0.0	0.0	0.0	0.0	1	1.05	21.523023385502075	230.0	17	1.05	0.95				
	123	2	0.0	0.0	0.0	0.0	1	1.012151051154738	1.3927814043844147	230.0	15	1.05	0.95				
	124	1	0.0	0.0	0.0	0.0	1	1.0259690456053487	4.619079792161256	230.0	16	1.05	0.95				
	201	2	42.261608690526316	8.608846214736841	0.0	0.0	2	1.016126908250272	-11.193969116635206	138.0	21	1.05	0.95				
	202	2	37.957185583157894	7.826223831578948	0.0	0.0	2	1.0153099009970756	-11.43168875098516	138.0	22	1.05	0.95				
	203	1	70.43601448421052	14.478514088421052	0.0	0.0	2	1.0145555784994151	-8.699376256146211	138.0	21	1.05	0.95				
	204	1	28.957028176842105	5.86966787368421	0.0	0.0	2	1.013560459337087	-10.910990136095197	138.0	21	1.05	0.95				
	205	1	27.78309460210526	5.478356682105264	0.0	0.0	2	1.0283343044434985	-11.215515060008922	138.0	21	1.05	0.95				
	206	1	53.218322054736845	10.956713364210527	0.0	-100.0	2	1.0433369772406829	-11.724242642836103	138.0	22	1.05	0.95				
	207	2	48.913898947368416	9.782779789473683	0.0	0.0	2	0.9990177100492482	-16.42015526115745	138.0	22	1.05	0.95				
	208	1	66.91421376	13.695891705263156	0.0	0.0	2	1.0039182676794702	-14.664349166401863	138.0	22	1.05	0.95				
	209	1	68.47945852631578	14.087202896842104	0.0	0.0	2	1.023282552942612	-8.863912002179173	138.0	23	1.05	0.95				
	210	1	76.30568235789474	15.652447663157895	0.0	0.0	2	1.05	-9.97782760271277	138.0	23	1.05	0.95				
	211	1	0.0	0.0	0.0	0.0	2	1.001717751308634	-6.953042393830282	230.0	23	1.05	0.95				
	212	1	0.0	0.0	0.0	0.0	2	1.0083698034016757	-2.7720441029595375	230.0	23	1.05	0.95				
	213	2	103.69746576842105	21.130804345263158	0.0	0.0	2	0.994665467149536	-5.245517873223375	230.0	24	1.05	0.95				
	214	2	75.91437116631579	15.261136471578945	0.0	0.0	2	0.9975435258201775	-5.825848778804125	230.0	26	1.05	0.95				
	215	2	124.04564773052631	25.04391626105263	0.0	0.0	2	1.0149330314707912	-0.7824177438963872	230.0	26	1.05	0.95				
	216	2	39.13111915789473	7.826223831578948	0.0	0.0	2	1.0129213623839823	-1.808716357092381	230.0	26	1.05	0.95				
	217	1	0.0	0.0	0.0	0.0	2	1.0192112249798178	-0.11216788508545998	230.0	27	1.05	0.95				
	218	2	130.30662679578947	26.609161027368422	0.0	0.0	2	1.0190232868126419	-0.3922919557408034	230.0	27	1.05	0.95				
	219	1	70.82732567578947	14.478514088421052	0.0	0.0	2	1.0096221421284215	-2.6470610543983035	230.0	25	1.05	0.95				
	220	1	50.08783252210526	10.174090981052633	0.0	0.0	2	1.0093701133714075	-2.587451727395217	230.0	25	1.05	0.95				
	221	2	0.0	0.0	0.0	0.0	2	1.0212065782120108	0.2800464813033786	230.0	27	1.05	0.95				
	222	2	0.0	0.0	0.0	0.0	2	1.04303985507445	6.704514189570852	230.0	27	1.05	0.95				
	223	2	0.0	0.0	0.0	0.0	2	1.0096771985714794	-2.242276739441532	230.0	25	1.05	0.95				
	224	1	0.0	0.0	0.0	0.0	2	1.0049079865084194	-3.776198631580388	230.0	26	1.05	0.95				
	301	2	65.3261626231579	13.307181275087721	0.0	0.0	3	1.0005513018493244	-3.3055536458841694	138.0	31	1.05	0.95				
	302	2	58.67257198561403	12.097437522807018	0.0	0.0	3	1.0003034611746797	-3.38141020309872	138.0	32	1.05	0.95				
	303	1	108.87693770526316	22.38025941719298	0.0	0.0	3	1.0180393648510426	1.1305951069813904	138.0	31	1.05	0.95				
	304	1	44.76051883438596	9.073078142105263	0.0	0.0	3	1.0031649457350647	-1.3367102112124203	138.0	31	1.05	0.95				
	305	1	42.94590320596491	8.468206265964913	0.0	0.0	3	1.0161761585036677	-1.579115774200162	138.0	31	1.05	0.95				
	306	1	82.26257515508773	16.936412531929825	0.0	-100.0	3	1.0329584739043178	-1.2930621576803598	138.0	32	1.05	0.95				
	307	2	75.60898451754386	15.121796903508772	0.0	0.0	3	0.9948105731667359	-5.681024520675148	138.0	32	1.05	0.95				
	308	1	103.43309082	21.17051566491228	0.0	0.0	3	1.0013183249601865	-2.9248829721572487	138.0	32	1.05	0.95				
	309	1	105.8525783245614	21.77538754105263	0.0	0.0	3	1.0269142980066661	2.79715619650113	138.0	33	1.05	0.95				
	310	1	117.95001584736842	24.194875045614037	0.0	0.0	3	1.05	2.07998405278793	138.0	33	1.05	0.95				
	311	1	0.0	0.0	0.0	0.0	3	1.0148151274424806	8.321766283825012	230.0	33	1.05	0.95				
	312	1	0.0	0.0	0.0	0.0	3	1.0189069920082265	9.477510184819597	230.0	33	1.05	0.95				
	313	2	160.29104717719298	32.66308131157895	0.0	0.0	3	1.03210288498889	15.006266615017365	230.0	34	1.05	0.95				
	314	2	117.34514397122805	23.590003169473686	0.0	0.0	3	1.0168282640250415	8.289153395326226	230.0	36	1.05	0.95				
	315	2	191.7443847364912	38.711800072982456	0.0	0.0	3	1.0311962765298888	5.021763245945515	230.0	36	1.05	0.95				
	316	2	60.487187614035086	12.097437522807018	0.0	0.0	3	1.0318019319588012	6.236561115749451	230.0	36	1.05	0.95				
	317	1	0.0	0.0	0.0	0.0	3	1.037802382935462	6.85468031263607	230.0	37	1.05	0.95				
	318	2	201.42233475473685	41.131287577543866	0.0	0.0	3	1.0337794032846581	5.020654339387149	230.0	37	1.05	0.95				
	319	1	109.48180958140352	22.38025941719298	0.0	0.0	3	1.0311032136585314	8.572526565146841	230.0	35	1.05	0.95				
	320	1	77.42360014596491	15.726668779649122	0.0	0.0	3	1.032721022819225	10.201169183600639	230.0	35	1.05	0.95				
	321	2	0.0	0.0	0.0	0.0	3	1.03511490842153	5.6214172449942605	230.0	37	1.05	0.95				
	322	2	0.0	0.0	0.0	0.0	3	1.049624726486516	10.415658588127608	230.0	37	1.05	0.95				
	323	2	0.0	0.0	0.0	0.0	3	1.0332543748116332	10.6817837725133	230.0	35	1.05	0.95				
	324	1	0.0	0.0	0.0	0.0	3	1.0223551007906109	5.48344684242436	230.0	36	1.05	0.95				
	325	1	0.0	0.0	0.0	0.0	3	1.0350141470395993	10.752130266621844	230.0	35	1.05	0.95				
];
