%% MATPOWER Case Format : Version 2
function mpc = RTS_GMLC
mpc.version = '2';

%%-----  Power Flow Data  -----%%
%% system MVA base
mpc.baseMVA = 100.0;
%% bus data
%    bus_i    type    Pd    Qd    Gs    Bs    area    Vm    Va    baseKV    zone    Vmax    Vmin
mpc.bus = [
	101	2	41.41514103157895	8.43641761754386	0.0	0.0	1	1.0323988782735884	1.9507045828692104	138.0	11	1.05	0.95				
	102	2	37.196932222807014	7.669470561403509	0.0	0.0	1	1.0303145872950008	1.3944701154007713	138.0	12	1.05	0.95				
	103	1	69.02523505263159	14.18852053859649	0.0	0.0	1	1.0345334621798694	1.735473203904927	138.0	11	1.05	0.95				
	104	1	28.37704107719298	5.752102921052631	0.0	0.0	1	1.0241837041030772	-0.7455528374883138	138.0	11	1.05	0.95				
	105	1	27.226620492982455	5.368629392982457	0.0	0.0	1	1.0358503621151924	-1.2035013426602064	138.0	11	1.05	0.95				
	106	1	52.15239981754386	10.737258785964913	0.0	-100.0	1	1.0460954173540027	-3.477498092319285	138.0	12	1.05	0.95				
	107	2	47.93419100877193	9.586838201754386	0.0	0.0	1	1.0001201008788019	-9.833800761297008	138.0	12	1.05	0.95				
	108	1	65.5739733	13.42157348245614	0.0	0.0	1	1.0050413625456631	-7.946532709398068	138.0	12	1.05	0.95				
	109	1	67.1078674122807	13.805047010526314	0.0	0.0	1	1.0250678828137072	-1.9998999086829452	138.0	13	1.05	0.95				
	110	1	74.77733797368421	15.338941122807018	0.0	0.0	1	1.05	-3.1880602295897242	138.0	13	1.05	0.95				
	111	1	0.0	0.0	0.0	0.0	1	1.0028649507107235	-0.41754647989633165	230.0	13	1.05	0.95				
	112	1	0.0	0.0	0.0	0.0	1	1.007802824492615	-0.950065690610484	230.0	13	1.05	0.95				
	113	3	101.62048493859648	20.707570515789474	0.0	0.0	1	0.9946219516814737	-3.1590649005011065e-30	230.0	14	1.05	0.95				
	114	2	74.39386444561403	14.955467594736843	0.0	0.0	1	0.9992286747257979	1.5364556326818393	230.0	16	1.05	0.95				
	115	2	121.56110839824561	24.542305796491227	0.0	0.0	1	1.0374768468140299	7.743228804059697	230.0	16	1.05	0.95				
	116	2	38.34735280701754	7.669470561403509	0.0	0.0	1	1.0326525713720507	6.476873455779992	230.0	16	1.05	0.95				
	117	1	0.0	0.0	0.0	0.0	1	1.0409089506413798	10.072026732270096	230.0	17	1.05	0.95				
	118	2	127.69668484736843	26.07619990877193	0.0	0.0	1	1.0452542394544817	10.935185026467764	230.0	17	1.05	0.95				
	119	1	69.40870858070176	14.18852053859649	0.0	0.0	1	1.0218001830642336	3.947678157946846	230.0	15	1.05	0.95				
	120	1	49.084611592982455	9.970311729824562	0.0	0.0	1	1.015247050592036	1.9832544427498502	230.0	15	1.05	0.95				
	121	2	0.0	0.0	0.0	0.0	1	1.048002238790667	12.216284917446634	230.0	17	1.05	0.95				
	122	2	0.0	0.0	0.0	0.0	1	1.05	18.026132351777598	230.0	17	1.05	0.95				
	123	2	0.0	0.0	0.0	0.0	1	1.0122130922715646	1.1971422091333872	230.0	15	1.05	0.95				
	124	1	0.0	0.0	0.0	0.0	1	1.0281433329636245	5.48076274842721	230.0	16	1.05	0.95				
	201	2	43.72359514105263	8.906658269473684	0.0	0.0	2	1.016132516866068	-13.796268939952073	138.0	21	1.05	0.95				
	202	2	39.27026600631579	8.096962063157894	0.0	0.0	2	1.0153206605117027	-14.056896759225124	138.0	22	1.05	0.95				
	203	1	72.87265856842104	14.979379816842103	0.0	0.0	2	1.0137242658319239	-10.480539016379476	138.0	21	1.05	0.95				
	204	1	29.958759633684206	6.07272154736842	0.0	0.0	2	1.0130536948912405	-13.53735278848827	138.0	21	1.05	0.95				
	205	1	28.744215324210526	5.667873444210526	0.0	0.0	2	1.0281627955816026	-13.91806023665294	138.0	21	1.05	0.95				
	206	1	55.05934202947369	11.335746888421053	0.0	-100.0	2	1.0429475738954948	-14.49610623944532	138.0	22	1.05	0.95				
	207	2	50.60601289473684	10.121202578947369	0.0	0.0	2	0.9987982034164623	-19.36019704072291	138.0	22	1.05	0.95				
	208	1	69.22902564	14.169683610526315	0.0	0.0	2	1.0031465346283366	-17.530644443792614	138.0	22	1.05	0.95				
	209	1	70.84841805263157	14.574531713684207	0.0	0.0	2	1.022871257986499	-11.435016772078047	138.0	23	1.05	0.95				
	210	1	78.94538011578946	16.19392412631579	0.0	0.0	2	1.05	-12.738084925185126	138.0	23	1.05	0.95				
	211	1	0.0	0.0	0.0	0.0	2	1.0028423233342838	-9.47759798350519	230.0	23	1.05	0.95				
	212	1	0.0	0.0	0.0	0.0	2	1.008836225964787	-5.627904046406516	230.0	23	1.05	0.95				
	213	2	107.2847473368421	21.861797570526313	0.0	0.0	2	0.9960110023742348	-7.956697539965003	230.0	24	1.05	0.95				
	214	2	78.54053201263157	15.789076023157895	0.0	0.0	2	1.0001870562329134	-8.05612898705263	230.0	26	1.05	0.95				
	215	2	128.33684870105262	25.910278602105265	0.0	0.0	2	1.0158697184619085	-2.273822360126222	230.0	26	1.05	0.95				
	216	2	40.484810315789474	8.096962063157894	0.0	0.0	2	1.0143129286579298	-3.529613496336885	230.0	26	1.05	0.95				
	217	1	0.0	0.0	0.0	0.0	2	1.0200635831281126	-1.5149180984282191	230.0	27	1.05	0.95				
	218	2	134.81441835157895	27.529671014736845	0.0	0.0	2	1.0200044932185963	-1.843366117067563	230.0	27	1.05	0.95				
	219	1	73.27750667157893	14.979379816842103	0.0	0.0	2	1.0105352553248501	-4.7364606192624095	230.0	25	1.05	0.95				
	220	1	51.82055720421053	10.526050682105263	0.0	0.0	2	1.0101608662319235	-4.973360258999448	230.0	25	1.05	0.95				
	221	2	0.0	0.0	0.0	0.0	2	1.022182705157228	-1.1836279412713433	230.0	27	1.05	0.95				
	222	2	0.0	0.0	0.0	0.0	2	1.0440316973458128	5.25195292281066	230.0	27	1.05	0.95				
	223	2	0.0	0.0	0.0	0.0	2	1.0104216636009584	-4.781521826413157	230.0	25	1.05	0.95				
	224	1	0.0	0.0	0.0	0.0	2	1.0048701107292022	-5.371441636477189	230.0	26	1.05	0.95				
	301	2	66.53906992421054	13.554254984561407	0.0	0.0	3	0.9930169926456206	-2.975485034257165	138.0	31	1.05	0.95				
	302	2	59.761942431929825	12.322049985964915	0.0	0.0	3	0.9930078282852364	-3.005312738686989	138.0	32	1.05	0.95				
	303	1	110.89844987368423	22.79579247403509	0.0	0.0	3	1.0125906028162175	-0.12954538323321543	138.0	31	1.05	0.95				
	304	1	45.59158494807018	9.241537489473686	0.0	0.0	3	0.9996211494100901	-0.8338324075412544	138.0	31	1.05	0.95				
	305	1	43.74327745017544	8.62543499017544	0.0	0.0	3	1.0117850417806196	-0.8714411574583038	138.0	31	1.05	0.95				
	306	1	83.78993990456142	17.25086998035088	0.0	-100.0	3	1.030644939363774	-0.3912474677970889	138.0	32	1.05	0.95				
	307	2	77.01281241228071	15.402562482456142	0.0	0.0	3	0.9903832646920447	-4.4908906215391555	138.0	32	1.05	0.95				
	308	1	105.35352738000002	21.5635874754386	0.0	0.0	3	0.9996233846188405	-1.7051096780216264	138.0	32	1.05	0.95				
	309	1	107.81793737719299	22.179689974736842	0.0	0.0	3	1.0271792810199218	3.4420103708908747	138.0	33	1.05	0.95				
	310	1	120.1399873631579	24.64409997192983	0.0	0.0	3	1.05	3.189142370018254	138.0	33	1.05	0.95				
	311	1	0.0	0.0	0.0	0.0	3	1.018808451568593	9.609899538711392	230.0	33	1.05	0.95				
	312	1	0.0	0.0	0.0	0.0	3	1.0236417912816627	11.217111636734835	230.0	33	1.05	0.95				
	313	2	163.26716231403512	33.26953496210527	0.0	0.0	3	1.0474894937236217	18.398999389514987	230.0	34	1.05	0.95				
	314	2	119.52388486385965	24.027997472631583	0.0	0.0	3	1.0213815714413896	7.99725646825415	230.0	36	1.05	0.95				
	315	2	195.3044922775439	39.43055995508772	0.0	0.0	3	1.0328326553716227	2.458541088236	230.0	36	1.05	0.95				
	316	2	61.61024992982457	12.322049985964915	0.0	0.0	3	1.0351980622132688	3.948992290165848	230.0	36	1.05	0.95				
	317	1	0.0	0.0	0.0	0.0	3	1.0370435631574542	3.0429310193524377	230.0	37	1.05	0.95				
	318	2	205.16213226631584	41.89496995228071	0.0	0.0	3	1.0334389552003955	1.590109794782666	230.0	37	1.05	0.95				
	319	1	111.51455237298246	22.79579247403509	0.0	0.0	3	1.0355149036992377	7.278640805138119	230.0	35	1.05	0.95				
	320	1	78.86111991017545	16.018664981754387	0.0	0.0	3	1.039541410955101	9.836085841515024	230.0	35	1.05	0.95				
	321	2	0.0	0.0	0.0	0.0	3	1.0353660713522883	2.4593964704158613	230.0	37	1.05	0.95				
	322	2	0.0	0.0	0.0	0.0	3	1.0493673094195526	7.000371697707831	230.0	37	1.05	0.95				
	323	2	0.0	0.0	0.0	0.0	3	1.0422487747528264	10.921513391853466	230.0	35	1.05	0.95				
	324	1	0.0	0.0	0.0	0.0	3	1.0222230972091533	3.435498173627437	230.0	36	1.05	0.95				
	325	1	0.0	0.0	0.0	0.0	3	1.0433591238456172	11.032985162627037	230.0	35	1.05	0.95				
];
