%% MATPOWER Case Format : Version 2
function mpc = RTS_GMLC
mpc.version = '2';

%%-----  Power Flow Data  -----%%
%% system MVA base
mpc.baseMVA = 100.0;
%% bus data
%    bus_i    type    Pd    Qd    Gs    Bs    area    Vm    Va    baseKV    zone    Vmax    Vmin
mpc.bus = [
	101	2	63.405244913684214	12.915883223157893	0.0	0.0	1	1.0446959520741455	0.3596711479322957	138.0	11	1.05	0.95				
	102	2	56.947303302105254	11.741712021052631	0.0	0.0	1	1.0435232817616344	0.004993632890561524	138.0	12	1.05	0.95				
	103	1	105.67540818947367	21.722167238947364	0.0	0.0	1	1.0290270349052169	-1.4494892121697405	138.0	11	1.05	0.95				
	104	1	43.44433447789473	8.806284015789473	0.0	0.0	1	1.0253752104389593	-3.221988766448038	138.0	11	1.05	0.95				
	105	1	41.683077674736836	8.219198414736843	0.0	0.0	1	1.0390068702795705	-3.4201706929837026	138.0	11	1.05	0.95				
	106	1	79.84364174315789	16.438396829473685	0.0	-100.0	1	1.04305906133139	-6.160896613328726	138.0	12	1.05	0.95				
	107	2	73.38570013157894	14.677140026315788	0.0	0.0	1	0.9993718608487634	-12.948596650068511	138.0	12	1.05	0.95				
	108	1	100.39163778	20.547996036842104	0.0	0.0	1	0.9981086863292055	-11.367952956555513	138.0	12	1.05	0.95				
	109	1	102.73998018421051	21.135081637894736	0.0	0.0	1	1.025448319351142	-4.322770422845211	138.0	13	1.05	0.95				
	110	1	114.48169220526314	23.483424042105263	0.0	0.0	1	1.05	-5.455383152282138	138.0	13	1.05	0.95				
	111	1	0.0	0.0	0.0	0.0	1	1.0095704743254226	-1.6971369270292267	230.0	13	1.05	0.95				
	112	1	0.0	0.0	0.0	0.0	1	1.0128764786365894	-1.2918807991625292	230.0	13	1.05	0.95				
	113	3	155.57768427894734	31.702622456842107	0.0	0.0	1	1.007626200100331	-9.262381992654257e-30	230.0	14	1.05	0.95				
	114	2	113.89460660421051	22.89633844105263	0.0	0.0	1	1.0098810373840705	0.09564308721603122	230.0	16	1.05	0.95				
	115	2	186.10613553368418	37.57347846736842	0.0	0.0	1	1.0410790470864282	6.787498252047181	230.0	16	1.05	0.95				
	116	2	58.70856010526315	11.741712021052631	0.0	0.0	1	1.0377153094917815	6.144184277465333	230.0	16	1.05	0.95				
	117	1	0.0	0.0	0.0	0.0	1	1.0432580099797517	9.000656853879898	230.0	17	1.05	0.95				
	118	2	195.4995051505263	39.921820871578944	0.0	0.0	1	1.0459551935927116	9.401675727688328	230.0	17	1.05	0.95				
	119	1	106.2624937905263	21.722167238947364	0.0	0.0	1	1.0304501927308587	4.6584404582875	230.0	15	1.05	0.95				
	120	1	75.14695693473683	15.264225627368418	0.0	0.0	1	1.0286728041470057	4.26868701074262	230.0	15	1.05	0.95				
	121	2	0.0	0.0	0.0	0.0	1	1.0490649363606699	10.893004883322327	230.0	17	1.05	0.95				
	122	2	0.0	0.0	0.0	0.0	1	1.05	17.544676664886556	230.0	17	1.05	0.95				
	123	2	0.0	0.0	0.0	0.0	1	1.0289406491690516	4.500465693207381	230.0	15	1.05	0.95				
	124	1	0.0	0.0	0.0	0.0	1	1.0260766200912195	3.7111855583218167	230.0	16	1.05	0.95				
	201	2	63.086415877894744	12.850936567719298	0.0	0.0	2	1.0244415670242133	-10.855884900187693	138.0	21	1.05	0.95				
	202	2	56.66094759403508	11.682669607017544	0.0	0.0	2	1.0254996266349676	-10.639082294410587	138.0	22	1.05	0.95				
	203	1	105.1440264631579	21.612938772982456	0.0	0.0	2	1.014648514912876	-10.059367064755172	138.0	21	1.05	0.95				
	204	1	43.22587754596491	8.762002205263157	0.0	0.0	2	1.0153560369395653	-11.639626749513404	138.0	21	1.05	0.95				
	205	1	41.47347710491228	8.177868724912281	0.0	0.0	2	1.0299435415500773	-11.960605931115145	138.0	21	1.05	0.95				
	206	1	79.4421533277193	16.355737449824563	0.0	-100.0	2	1.0400666653814192	-13.091825267861742	138.0	22	1.05	0.95				
	207	2	73.01668504385965	14.60333700877193	0.0	0.0	2	0.9916492059518534	-21.48822085817866	138.0	22	1.05	0.95				
	208	1	99.88682514	20.444671812280703	0.0	0.0	2	0.9915142892286958	-18.6931438332312	138.0	22	1.05	0.95				
	209	1	102.22335906140351	21.028805292631578	0.0	0.0	2	1.0247628818545198	-10.066654566934666	138.0	23	1.05	0.95				
	210	1	113.90602866842106	23.36533921403509	0.0	0.0	2	1.05	-11.213487521556148	138.0	23	1.05	0.95				
	211	1	0.0	0.0	0.0	0.0	2	1.0127567531326214	-6.786956664142636	230.0	23	1.05	0.95				
	212	1	0.0	0.0	0.0	0.0	2	1.0166613719286446	-2.612221853568481	230.0	23	1.05	0.95				
	213	2	154.79537229298245	31.543207938947372	0.0	0.0	2	1.0150438814710574	-4.187033279375427	230.0	24	1.05	0.95				
	214	2	113.32189518807016	22.781205733684214	0.0	0.0	2	1.0152392477257708	-5.166652900889803	230.0	26	1.05	0.95				
	215	2	185.17031327122805	37.38454274245614	0.0	0.0	2	1.030903976693529	0.6299210783658659	230.0	26	1.05	0.95				
	216	2	58.41334803508772	11.682669607017544	0.0	0.0	2	1.0320510863396817	0.7170496845736039	230.0	26	1.05	0.95				
	217	1	0.0	0.0	0.0	0.0	2	1.034914811907534	2.0593721853493148	230.0	27	1.05	0.95				
	218	2	194.5164489568421	39.72107666385965	0.0	0.0	2	1.0336556433917798	1.473159548480614	230.0	27	1.05	0.95				
	219	1	105.72815994350877	21.612938772982456	0.0	0.0	2	1.0328134120025947	1.5104896467469922	230.0	25	1.05	0.95				
	220	1	74.76908548491228	15.18747048912281	0.0	0.0	2	1.0385327473182153	3.3121391690571325	230.0	25	1.05	0.95				
	221	2	0.0	0.0	0.0	0.0	2	1.0353808413603327	1.9939612336717165	230.0	27	1.05	0.95				
	222	2	0.0	0.0	0.0	0.0	2	1.05	8.517512936111146	230.0	27	1.05	0.95				
	223	2	0.0	0.0	0.0	0.0	2	1.0436963110616457	4.725705500381347	230.0	25	1.05	0.95				
	224	1	0.0	0.0	0.0	0.0	2	1.0116095739689996	-3.3512594840024126	230.0	26	1.05	0.95				
	301	2	68.48655487578948	13.950964882105263	0.0	0.0	3	1.0042396835766487	-6.992083544949349	138.0	31	1.05	0.95				
	302	2	61.51107243473683	12.68269534736842	0.0	0.0	3	1.0039101942550854	-7.084289760693805	138.0	32	1.05	0.95				
	303	1	114.14425812631579	23.462986392631578	0.0	0.0	3	1.019459081810597	-1.35435465605169	138.0	31	1.05	0.95				
	304	1	46.925972785263156	9.512021510526315	0.0	0.0	3	1.0046342780514164	-4.745669970695342	138.0	31	1.05	0.95				
	305	1	45.02356848315789	8.877886743157895	0.0	0.0	3	1.017756196525334	-5.443383532301917	138.0	31	1.05	0.95				
	306	1	86.24232836210525	17.75577348631579	0.0	-100.0	3	1.0330213451490706	-5.275253077791042	138.0	32	1.05	0.95				
	307	2	79.26684592105262	15.853369184210525	0.0	0.0	3	0.9943526768072994	-11.103987462453965	138.0	32	1.05	0.95				
	308	1	108.43704521999999	22.194716857894733	0.0	0.0	3	0.9965279571609633	-8.126968759427834	138.0	32	1.05	0.95				
	309	1	110.97358428947368	22.828851625263155	0.0	0.0	3	1.0282727926248834	-0.2607920117249007	138.0	33	1.05	0.95				
	310	1	123.65627963684209	25.36539069473684	0.0	0.0	3	1.05	-1.8638597491159776	138.0	33	1.05	0.95				
	311	1	0.0	0.0	0.0	0.0	3	1.0172914241990632	5.220191933666696	230.0	33	1.05	0.95				
	312	1	0.0	0.0	0.0	0.0	3	1.0196088577988882	5.858006689968587	230.0	33	1.05	0.95				
	313	2	168.04571335263157	34.24327743789474	0.0	0.0	3	1.0329194606431344	11.083197741064676	230.0	34	1.05	0.95				
	314	2	123.02214486947366	24.73125592736842	0.0	0.0	3	1.022801647672227	6.296424549926652	230.0	36	1.05	0.95				
	315	2	201.02072125578948	40.584625111578944	0.0	0.0	3	1.0397677951832154	6.123574988325012	230.0	36	1.05	0.95				
	316	2	63.4134767368421	12.68269534736842	0.0	0.0	3	1.0395126121190057	7.004268607991822	230.0	36	1.05	0.95				
	317	1	0.0	0.0	0.0	0.0	3	1.0487966685194285	10.072561612277642	230.0	37	1.05	0.95				
	318	2	211.16687753368421	43.12116418105263	0.0	0.0	3	1.0452724018595998	8.03744479455437	230.0	37	1.05	0.95				
	319	1	114.77839289368421	23.462986392631578	0.0	0.0	3	1.0362562487282103	7.765754201578847	230.0	35	1.05	0.95				
	320	1	81.16925022315789	16.487503951578947	0.0	0.0	3	1.0354434510640684	8.263568980706093	230.0	35	1.05	0.95				
	321	2	0.0	0.0	0.0	0.0	3	1.0445588903962169	8.012471367851376	230.0	37	1.05	0.95				
	322	2	0.0	0.0	0.0	0.0	3	1.05	13.159602314799898	230.0	37	1.05	0.95				
	323	2	0.0	0.0	0.0	0.0	3	1.035349754421838	8.529473441912524	230.0	35	1.05	0.95				
	324	1	0.0	0.0	0.0	0.0	3	1.0248136917136452	5.063818177811194	230.0	36	1.05	0.95				
	325	1	0.0	0.0	0.0	0.0	3	1.0368886925111573	8.736282403171177	230.0	35	1.05	0.95				
];
