%% MATPOWER Case Format : Version 2
function mpc = RTS_GMLC
mpc.version = '2';

%%-----  Power Flow Data  -----%%
%% system MVA base
mpc.baseMVA = 100.0;
%% bus data
%    bus_i    type    Pd    Qd    Gs    Bs    area    Vm    Va    baseKV    zone    Vmax    Vmin
mpc.bus = [
	101	2	92.28896586947369	18.799604158596487	0.0	0.0	1	1.0435731676410875	-2.3184854848354055	138.0	11	1.05	0.95				
	102	2	82.88916379017543	17.090549235087718	0.0	0.0	1	1.0434296293984888	-2.436017223480098	138.0	12	1.05	0.95				
	103	1	153.81494311578948	31.61751608491228	0.0	0.0	1	1.0174473925443726	-4.144633149894706	138.0	11	1.05	0.95				
	104	1	63.23503216982456	12.817911926315787	0.0	0.0	1	1.021224965595819	-5.72815592020886	138.0	11	1.05	0.95				
	105	1	60.671449784561396	11.963384464561404	0.0	0.0	1	1.0349700583818862	-6.110788259814086	138.0	11	1.05	0.95				
	106	1	116.21573479859649	23.926768929122808	0.0	-100.0	1	1.035185492514836	-9.015976973666467	138.0	12	1.05	0.95				
	107	2	106.81593271929823	21.363186543859648	0.0	0.0	1	1.05	-7.017049440371732	138.0	12	1.05	0.95				
	108	1	146.12419595999998	29.908461161403505	0.0	0.0	1	1.02250771704733	-9.4707493925615	138.0	12	1.05	0.95				
	109	1	149.54230580701753	30.762988623157888	0.0	0.0	1	1.0269276547536395	-5.878021886215316	138.0	13	1.05	0.95				
	110	1	166.63285504210523	34.181098470175435	0.0	0.0	1	1.05	-7.31128391981005	138.0	13	1.05	0.95				
	111	1	0.0	0.0	0.0	0.0	1	1.0169935033396718	-2.501835643018317	230.0	13	1.05	0.95				
	112	1	0.0	0.0	0.0	0.0	1	1.018475713389119	-1.515634139152286	230.0	13	1.05	0.95				
	113	3	226.44977736491225	46.14448293473684	0.0	0.0	1	1.0218239807280907	-2.189226222267468e-28	230.0	14	1.05	0.95				
	114	2	165.77832758035086	33.326571008421055	0.0	0.0	1	1.0212615066313997	-0.5954674560941372	230.0	16	1.05	0.95				
	115	2	270.88520537614033	54.689757552280696	0.0	0.0	1	1.0435608249596757	7.687152109395515	230.0	16	1.05	0.95				
	116	2	85.45274617543859	17.090549235087718	0.0	0.0	1	1.0438608399064588	7.299608483514536	230.0	16	1.05	0.95				
	117	1	0.0	0.0	0.0	0.0	1	1.0474383190414027	10.691673753954875	230.0	17	1.05	0.95				
	118	2	284.5576447642105	58.10786739929824	0.0	0.0	1	1.0499998698501294	11.437852900637766	230.0	17	1.05	0.95				
	119	1	154.66947057754385	31.61751608491228	0.0	0.0	1	1.0386702417901283	6.013775991997536	230.0	15	1.05	0.95				
	120	1	109.37951510456139	22.217714005614035	0.0	0.0	1	1.0414588381378964	6.2302865434300845	230.0	15	1.05	0.95				
	121	2	0.0	0.0	0.0	0.0	1	1.05	12.218464957955188	230.0	17	1.05	0.95				
	122	2	0.0	0.0	0.0	0.0	1	1.05	18.860977631076633	230.0	17	1.05	0.95				
	123	2	0.0	0.0	0.0	0.0	1	1.0455553363680368	6.97441916331094	230.0	15	1.05	0.95				
	124	1	0.0	0.0	0.0	0.0	1	1.0189526885918445	3.318698749712622	230.0	16	1.05	0.95				
	201	2	95.09711945684211	19.37163544491228	0.0	0.0	2	1.05	-14.224373448371962	138.0	21	1.05	0.95				
	202	2	85.41130173438596	17.610577677192985	0.0	0.0	2	1.05	-14.366940626940668	138.0	22	1.05	0.95				
	203	1	158.49519909473685	32.579568702807016	0.0	0.0	2	1.0250384537509558	-10.503373039586137	138.0	21	1.05	0.95				
	204	1	65.15913740561403	13.207933257894735	0.0	0.0	2	1.0206532934576171	-15.470816024805957	138.0	21	1.05	0.95				
	205	1	62.51755075403509	12.327404374035089	0.0	0.0	2	1.038369313425372	-15.951855665284597	138.0	21	1.05	0.95				
	206	1	119.75192820491229	24.654808748070177	0.0	-100.0	2	1.0363946635578862	-17.76084047538336	138.0	22	1.05	0.95				
	207	2	110.06611048245614	22.013222096491226	0.0	0.0	2	0.95	-28.098628931045166	138.0	22	1.05	0.95				
	208	1	150.57043914	30.818510935087716	0.0	0.0	2	0.9541701145392477	-24.85906351924295	138.0	22	1.05	0.95				
	209	1	154.09255467543858	31.699039818947366	0.0	0.0	2	1.0252767952271111	-12.833008274582548	138.0	23	1.05	0.95				
	210	1	171.70313235263157	35.22115535438597	0.0	0.0	2	1.0490399723383932	-14.965941509919936	138.0	23	1.05	0.95				
	211	1	0.0	0.0	0.0	0.0	2	1.032136891306038	-7.804251674912624	230.0	23	1.05	0.95				
	212	1	0.0	0.0	0.0	0.0	2	1.0256759178763775	-4.00121233830584	230.0	23	1.05	0.95				
	213	2	233.34015422280703	47.548559728421054	0.0	0.0	2	1.05	-3.578969432205772	230.0	24	1.05	0.95				
	214	2	170.82260346877192	34.34062647052632	0.0	0.0	2	1.05	-5.685688802138036	230.0	26	1.05	0.95				
	215	2	279.12765618350875	56.353848567017536	0.0	0.0	2	1.0445827495989937	2.853802830076317	230.0	26	1.05	0.95				
	216	2	88.0528883859649	17.610577677192985	0.0	0.0	2	1.0486792510176473	2.7624301902107793	230.0	26	1.05	0.95				
	217	1	0.0	0.0	0.0	0.0	2	1.049541817136415	5.909338887959515	230.0	27	1.05	0.95				
	218	2	293.21611832526315	59.875964102456145	0.0	0.0	2	1.05	6.473805051480675	230.0	27	1.05	0.95				
	219	1	159.3757279785965	32.579568702807016	0.0	0.0	2	1.042493781749475	2.4462527753032313	230.0	25	1.05	0.95				
	220	1	112.70769713403507	22.893750980350877	0.0	0.0	2	1.0452899837923364	3.817673098071678	230.0	25	1.05	0.95				
	221	2	0.0	0.0	0.0	0.0	2	1.05	6.9972127736718	230.0	27	1.05	0.95				
	222	2	0.0	0.0	0.0	0.0	2	1.05	13.08238009110829	230.0	27	1.05	0.95				
	223	2	0.0	0.0	0.0	0.0	2	1.05	5.206951277627269	230.0	25	1.05	0.95				
	224	1	0.0	0.0	0.0	0.0	2	1.0202862786352171	-2.1116262203348337	230.0	26	1.05	0.95				
	301	2	79.48813664842106	16.192027835789474	0.0	0.0	3	0.9836003444761253	-14.558353290324288	138.0	31	1.05	0.95				
	302	2	71.39212273052632	14.72002530526316	0.0	0.0	3	0.9839385625256009	-14.689247441295004	138.0	32	1.05	0.95				
	303	1	132.48022774736842	27.232046814736844	0.0	0.0	3	0.997386873867048	-7.842705628270971	138.0	31	1.05	0.95				
	304	1	54.46409362947369	11.040018978947368	0.0	0.0	3	0.9777730956748227	-11.978901892055761	138.0	31	1.05	0.95				
	305	1	52.25608983368421	10.304017713684212	0.0	0.0	3	0.9911484305078267	-12.400129790719246	138.0	31	1.05	0.95				
	306	1	100.0961720757895	20.608035427368424	0.0	-100.0	3	1.0027886980603709	-12.024298572871132	138.0	32	1.05	0.95				
	307	2	92.00015815789475	18.400031631578948	0.0	0.0	3	0.9568054376883386	-18.677119105219116	138.0	32	1.05	0.95				
	308	1	125.85621635999999	25.760044284210526	0.0	0.0	3	0.9605780125839986	-15.087713670046028	138.0	32	1.05	0.95				
	309	1	128.80022142105264	26.496045549473685	0.0	0.0	3	1.001649027941106	-6.605634583725455	138.0	33	1.05	0.95				
	310	1	143.52024672631578	29.44005061052632	0.0	0.0	3	1.0223728587269005	-7.749543097180075	138.0	33	1.05	0.95				
	311	1	0.0	0.0	0.0	0.0	3	0.9990502018723197	0.8689030068234543	230.0	33	1.05	0.95				
	312	1	0.0	0.0	0.0	0.0	3	1.000402447587734	1.9579371503187508	230.0	33	1.05	0.95				
	313	2	195.04033529473682	39.74406832421053	0.0	0.0	3	1.026845303378812	8.537064836683477	230.0	34	1.05	0.95				
	314	2	142.78424546105265	28.70404934526316	0.0	0.0	3	1.0119379371045016	1.8768468933640035	230.0	36	1.05	0.95				
	315	2	233.31240108842107	47.104080976842106	0.0	0.0	3	1.0384768329186727	2.039042782274367	230.0	36	1.05	0.95				
	316	2	73.60012652631579	14.72002530526316	0.0	0.0	3	1.0352487980404708	2.8838574304386393	230.0	36	1.05	0.95				
	317	1	0.0	0.0	0.0	0.0	3	1.0408847901422404	3.983908890006942	230.0	37	1.05	0.95				
	318	2	245.0884213326316	50.04808603789475	0.0	0.0	3	1.041283367188032	3.630582429738186	230.0	37	1.05	0.95				
	319	1	133.2162290126316	27.232046814736844	0.0	0.0	3	1.0310599533336244	4.081453289315553	230.0	35	1.05	0.95				
	320	1	94.20816195368421	19.136032896842107	0.0	0.0	3	1.0310419650825255	5.218478000364795	230.0	35	1.05	0.95				
	321	2	0.0	0.0	0.0	0.0	3	1.0442660187263493	4.787820955312277	230.0	37	1.05	0.95				
	322	2	0.0	0.0	0.0	0.0	3	1.05	10.237287699420083	230.0	37	1.05	0.95				
	323	2	0.0	0.0	0.0	0.0	3	1.0317853861258433	5.793045323808932	230.0	35	1.05	0.95				
	324	1	0.0	0.0	0.0	0.0	3	1.0132296568790775	0.2808378532126332	230.0	36	1.05	0.95				
	325	1	0.0	0.0	0.0	0.0	3	1.0325565036885413	6.345741880721573	230.0	35	1.05	0.95				
];
