%% MATPOWER Case Format : Version 2
function mpc = RTS_GMLC
mpc.version = '2';

%%-----  Power Flow Data  -----%%
%% system MVA base
mpc.baseMVA = 100.0;
%% bus data
%    bus_i    type    Pd    Qd    Gs    Bs    area    Vm    Va    baseKV    zone    Vmax    Vmin
mpc.bus = [
	101	2	40.787234033684214	8.308510636491228	0.0	0.0	1	1.039289935077024	2.554134772137521	138.0	11	1.05	0.95				
	102	2	36.63297871543859	7.553191487719298	0.0	0.0	1	1.0384658701512222	2.273609232406393	138.0	12	1.05	0.95				
	103	1	67.97872338947369	13.9734042522807	0.0	0.0	1	1.0226822610548272	1.8683907307922907	138.0	11	1.05	0.95				
	104	1	27.9468085045614	5.664893615789473	0.0	0.0	1	1.0230906151309385	-0.7642369962904553	138.0	11	1.05	0.95				
	105	1	26.813829781403502	5.287234041403509	0.0	0.0	1	1.0394293382844872	-0.6113801159009004	138.0	11	1.05	0.95				
	106	1	51.36170211649122	10.574468082807018	0.0	-100.0	1	1.0481243460489622	-2.82751455501444	138.0	12	1.05	0.95				
	107	2	47.20744679824561	9.441489359649122	0.0	0.0	1	1.001256640424815	-9.93099809359938	138.0	12	1.05	0.95				
	108	1	64.57978722	13.21808510350877	0.0	0.0	1	1.0048725145725228	-7.814169304331717	138.0	12	1.05	0.95				
	109	1	66.09042551754385	13.595744677894736	0.0	0.0	1	1.0216869437134024	-1.7343029513321797	138.0	13	1.05	0.95				
	110	1	73.64361700526315	15.106382975438596	0.0	0.0	1	1.05	-2.650645717230659	138.0	13	1.05	0.95				
	111	1	0.0	0.0	0.0	0.0	1	0.9995235666739868	0.17595759565984054	230.0	13	1.05	0.95				
	112	1	0.0	0.0	0.0	0.0	1	1.0052758888150497	-0.5938989403738789	230.0	13	1.05	0.95				
	113	3	100.07978721228068	20.393617016842107	0.0	0.0	1	0.9939710832941525	9.380637347993677e-30	230.0	14	1.05	0.95				
	114	2	73.26595743087718	14.72872340105263	0.0	0.0	1	0.9927063980076426	2.8618265768864624	230.0	16	1.05	0.95				
	115	2	119.71808508035086	24.17021276070175	0.0	0.0	1	1.015870218801296	10.524804988965885	230.0	16	1.05	0.95				
	116	2	37.76595743859649	7.553191487719298	0.0	0.0	1	1.013680694031908	8.918282975416853	230.0	16	1.05	0.95				
	117	1	0.0	0.0	0.0	0.0	1	1.0194947947023645	13.615651439460873	230.0	17	1.05	0.95				
	118	2	125.7606382705263	25.68085105824561	0.0	0.0	1	1.0227410117624565	14.39195548093112	230.0	17	1.05	0.95				
	119	1	68.35638296385964	13.9734042522807	0.0	0.0	1	1.0058657125998296	5.429035742020293	230.0	15	1.05	0.95				
	120	1	48.3404255214035	9.819148934035086	0.0	0.0	1	1.004111021445768	3.138992238119219	230.0	15	1.05	0.95				
	121	2	0.0	0.0	0.0	0.0	1	1.0232716377878934	16.03626798507142	230.0	17	1.05	0.95				
	122	2	0.0	0.0	0.0	0.0	1	1.05	26.461592834718296	230.0	17	1.05	0.95				
	123	2	0.0	0.0	0.0	0.0	1	1.0038530729714084	2.180776655976668	230.0	15	1.05	0.95				
	124	1	0.0	0.0	0.0	0.0	1	1.0077493943951374	7.225772894102034	230.0	16	1.05	0.95				
	201	2	41.615614686315794	8.477254843508772	0.0	0.0	2	1.0081623532609025	-15.345940456873775	138.0	21	1.05	0.95				
	202	2	37.3769872645614	7.706595312280702	0.0	0.0	2	1.0073252418779088	-15.642197635145864	138.0	22	1.05	0.95				
	203	1	69.35935781052632	14.257201327719299	0.0	0.0	2	1.014236877703983	-11.183645799970597	138.0	21	1.05	0.95				
	204	1	28.514402655438598	5.779946484210527	0.0	0.0	2	1.0100096441949518	-15.36012554409832	138.0	21	1.05	0.95				
	205	1	27.35841335859649	5.394616718596492	0.0	0.0	2	1.0244043458061662	-15.812072828937486	138.0	21	1.05	0.95				
	206	1	52.40484812350877	10.789233437192983	0.0	-100.0	2	1.0415190037472615	-16.567735196912352	138.0	22	1.05	0.95				
	207	2	48.16622070175438	9.633244140350877	0.0	0.0	2	0.9909732844733268	-21.09488156009437	138.0	22	1.05	0.95				
	208	1	65.89138992	13.486541796491228	0.0	0.0	2	0.9994462851525633	-19.398813096587467	138.0	22	1.05	0.95				
	209	1	67.43270898245615	13.871871562105262	0.0	0.0	2	1.0230582462751574	-13.52720237181085	138.0	23	1.05	0.95				
	210	1	75.13930429473685	15.413190624561404	0.0	0.0	2	1.05	-15.03131664076751	138.0	23	1.05	0.95				
	211	1	0.0	0.0	0.0	0.0	2	1.0054843926231776	-10.677261010931742	230.0	23	1.05	0.95				
	212	1	0.0	0.0	0.0	0.0	2	1.012981111979022	-10.03470907325799	230.0	23	1.05	0.95				
	213	2	102.11238788771931	20.807807343157897	0.0	0.0	2	1.0055097689216894	-9.429065460510653	230.0	24	1.05	0.95				
	214	2	74.7539745291228	15.02786085894737	0.0	0.0	2	1.0026641356125172	-8.046232010523996	230.0	26	1.05	0.95				
	215	2	122.14953569964912	24.661104999298246	0.0	0.0	2	1.0201492515285344	-1.636855809076651	230.0	26	1.05	0.95				
	216	2	38.53297656140351	7.706595312280702	0.0	0.0	2	1.023119947341081	-2.034959661702774	230.0	26	1.05	0.95				
	217	1	0.0	0.0	0.0	0.0	2	1.0240439886733106	-0.3396912810254241	230.0	27	1.05	0.95				
	218	2	128.3148119494737	26.202424061754385	0.0	0.0	2	1.0235394140874052	-0.7641841091900899	230.0	27	1.05	0.95				
	219	1	69.74468757614035	14.257201327719299	0.0	0.0	2	1.0314884006144125	-2.4476224118993186	230.0	25	1.05	0.95				
	220	1	49.32220999859649	10.018573905964914	0.0	0.0	2	1.041078774999622	-2.0573868692368533	230.0	25	1.05	0.95				
	221	2	0.0	0.0	0.0	0.0	2	1.0259490087702634	-0.2513795089649198	230.0	27	1.05	0.95				
	222	2	0.0	0.0	0.0	0.0	2	1.0474572594188665	6.236255567282467	230.0	27	1.05	0.95				
	223	2	0.0	0.0	0.0	0.0	2	1.0467485474731575	-1.56044486834728	230.0	25	1.05	0.95				
	224	1	0.0	0.0	0.0	0.0	2	1.0062166721130834	-5.22766508393241	230.0	26	1.05	0.95				
	301	2	43.254666227368425	8.811135712982457	0.0	0.0	3	1.0252880112454985	10.675184586471754	138.0	31	1.05	0.95				
	302	2	38.84909837087719	8.010123375438598	0.0	0.0	3	1.0231571439894833	10.325470463339178	138.0	32	1.05	0.95				
	303	1	72.09111037894738	14.818728244561404	0.0	0.0	3	1.05	24.973446035055012	138.0	31	1.05	0.95				
	304	1	29.63745648912281	6.007592531578947	0.0	0.0	3	1.0134976843614059	11.281050980614125	138.0	31	1.05	0.95				
	305	1	28.43593798280702	5.607086362807019	0.0	0.0	3	1.0313893760073298	9.272051876538248	138.0	31	1.05	0.95				
	306	1	54.468838952982466	11.214172725614038	0.0	-100.0	3	1.0423969430816957	7.983110502763739	138.0	32	1.05	0.95				
	307	2	50.063271096491235	10.012654219298247	0.0	0.0	3	0.95	4.516015151075544	138.0	32	1.05	0.95				
	308	1	68.48655486	14.017715907017545	0.0	0.0	3	0.9729094899827763	6.192157163349459	138.0	32	1.05	0.95				
	309	1	70.08857953508773	14.418222075789474	0.0	0.0	3	1.017430231735818	13.738855363641132	138.0	33	1.05	0.95				
	310	1	78.09870291052631	16.020246750877195	0.0	0.0	3	1.046961824849479	9.137709374681844	138.0	33	1.05	0.95				
	311	1	0.0	0.0	0.0	0.0	3	1.0049692187564867	12.59558975142455	230.0	33	1.05	0.95				
	312	1	0.0	0.0	0.0	0.0	3	1.010243190889758	13.04436675624559	230.0	33	1.05	0.95				
	313	2	106.13413472456142	21.627333113684212	0.0	0.0	3	1.0073063995779998	14.833399336272612	230.0	34	1.05	0.95				
	314	2	77.69819674175439	15.619740582105266	0.0	0.0	3	0.9982852375200528	11.890794616703221	230.0	36	1.05	0.95				
	315	2	126.96045550070177	25.632394801403514	0.0	0.0	3	1.0457829714903608	13.742766302038184	230.0	36	1.05	0.95				
	316	2	40.05061687719299	8.010123375438598	0.0	0.0	3	1.0276098628584684	13.309876932878643	230.0	36	1.05	0.95				
	317	1	0.0	0.0	0.0	0.0	3	1.047724099307193	15.741399639088847	230.0	37	1.05	0.95				
	318	2	133.36855420105266	27.234419476491233	0.0	0.0	3	1.05	13.449589244370877	230.0	37	1.05	0.95				
	319	1	72.4916165477193	14.818728244561404	0.0	0.0	3	1.0196125354520131	12.669380842628781	230.0	35	1.05	0.95				
	320	1	51.26478960280703	10.413160388070176	0.0	0.0	3	1.015272682461343	12.901402459247038	230.0	35	1.05	0.95				
	321	2	0.0	0.0	0.0	0.0	3	1.05	14.155412796696082	230.0	37	1.05	0.95				
	322	2	0.0	0.0	0.0	0.0	3	1.05	19.122401604652843	230.0	37	1.05	0.95				
	323	2	0.0	0.0	0.0	0.0	3	1.013388162468412	13.347931435399436	230.0	35	1.05	0.95				
	324	1	0.0	0.0	0.0	0.0	3	1.0438540478021592	18.037000378214135	230.0	36	1.05	0.95				
	325	1	0.0	0.0	0.0	0.0	3	1.014524207653062	13.579549324841652	230.0	35	1.05	0.95				
];
