%% MATPOWER Case Format : Version 2
function mpc = RTS_GMLC
mpc.version = '2';

%%-----  Power Flow Data  -----%%
%% system MVA base
mpc.baseMVA = 100.0;
%% bus data
%    bus_i    type    Pd    Qd    Gs    Bs    area    Vm    Va    baseKV    zone    Vmax    Vmin
mpc.bus = [
	101	2	47.18654132210527	9.612073232280702	0.0	0.0	1	1.0364771970401825	2.6948451123207002	138.0	11	1.05	0.95				
	102	2	42.38050470596491	8.738248392982456	0.0	0.0	1	1.0360572466987554	2.5450638648016737	138.0	12	1.05	0.95				
	103	1	78.64423553684212	16.165759527017542	0.0	0.0	1	1.0289116151240307	0.8620278411633212	138.0	11	1.05	0.95				
	104	1	32.331519054035084	6.553686294736842	0.0	0.0	1	1.0223088183828026	-0.8222687046207746	138.0	11	1.05	0.95				
	105	1	31.020781795087714	6.11677387508772	0.0	0.0	1	1.0371204065265023	-0.621700227667492	138.0	11	1.05	0.95				
	106	1	59.4200890722807	12.23354775017544	0.0	-100.0	1	1.045738716759472	-2.9312503851762193	138.0	12	1.05	0.95				
	107	2	54.61405245614035	10.92281049122807	0.0	0.0	1	1.001251018334536	-8.49079192338743	138.0	12	1.05	0.95				
	108	1	74.71202376000001	15.291934687719296	0.0	0.0	1	1.0045268816113715	-7.1944096952200445	138.0	12	1.05	0.95				
	109	1	76.45967343859648	15.728847107368422	0.0	0.0	1	1.024591356136927	-1.8186916516358609	138.0	13	1.05	0.95				
	110	1	85.19792183157895	17.476496785964912	0.0	0.0	1	1.05	-2.6191495029908802	138.0	13	1.05	0.95				
	111	1	0.0	0.0	0.0	0.0	1	1.004053937477226	-0.059444797591996466	230.0	13	1.05	0.95				
	112	1	0.0	0.0	0.0	0.0	1	1.0086205427032104	0.22121492073503005	230.0	13	1.05	0.95				
	113	3	115.78179120701755	23.593270661052635	0.0	0.0	1	0.9960335155602679	-2.646454287533852e-29	230.0	14	1.05	0.95				
	114	2	84.76100941192982	17.03958436631579	0.0	0.0	1	1.0016865011159606	2.1718837579935344	230.0	16	1.05	0.95				
	115	2	138.50123702877192	27.96239485754386	0.0	0.0	1	1.0377086304508965	8.462229794956025	230.0	16	1.05	0.95				
	116	2	43.69124196491228	8.738248392982456	0.0	0.0	1	1.0336223036283054	7.850571192048096	230.0	16	1.05	0.95				
	117	1	0.0	0.0	0.0	0.0	1	1.0405345247069762	10.140723067700575	230.0	17	1.05	0.95				
	118	2	145.4918357431579	29.71004453614035	0.0	0.0	1	1.0432493767991617	10.209050886632866	230.0	17	1.05	0.95				
	119	1	79.08114795649122	16.165759527017542	0.0	0.0	1	1.0269873304099981	6.554406461164942	230.0	15	1.05	0.95				
	120	1	55.92478971508772	11.359722910877194	0.0	0.0	1	1.0244380358807164	6.2712023949990225	230.0	15	1.05	0.95				
	121	2	0.0	0.0	0.0	0.0	1	1.04680807919852	11.275517126531096	230.0	17	1.05	0.95				
	122	2	0.0	0.0	0.0	0.0	1	1.05	18.86760182509755	230.0	17	1.05	0.95				
	123	2	0.0	0.0	0.0	0.0	1	1.023599758871646	6.453493636141782	230.0	15	1.05	0.95				
	124	1	0.0	0.0	0.0	0.0	1	1.0246292396715593	5.615302276513343	230.0	16	1.05	0.95				
	201	2	51.06752715789473	10.40264442105263	0.0	0.0	2	1.0326127107250893	-6.812986242512217	138.0	21	1.05	0.95				
	202	2	45.866204947368416	9.45694947368421	0.0	0.0	2	1.0330341020727813	-6.774059414558914	138.0	22	1.05	0.95				
	203	1	85.11254526315788	17.49535652631579	0.0	0.0	2	1.0183250525632188	-6.948540987805899	138.0	21	1.05	0.95				
	204	1	34.99071305263158	7.092712105263158	0.0	0.0	2	1.0198227685698213	-9.036592177135196	138.0	21	1.05	0.95				
	205	1	33.57217063157894	6.619864631578948	0.0	0.0	2	1.0353429844570265	-9.127030999988976	138.0	21	1.05	0.95				
	206	1	64.30725642105263	13.239729263157896	0.0	-100.0	2	1.0446351463926695	-10.87061940128789	138.0	22	1.05	0.95				
	207	2	59.105934210526314	11.821186842105263	0.0	0.0	2	0.9909955492462971	-18.049886741641945	138.0	22	1.05	0.95				
	208	1	80.856918	16.549661578947365	0.0	0.0	2	0.9957981808389386	-15.873641617073815	138.0	22	1.05	0.95				
	209	1	82.74830789473684	17.022509052631577	0.0	0.0	2	1.0228809558249712	-8.96591542952769	138.0	23	1.05	0.95				
	210	1	92.20525736842104	18.91389894736842	0.0	0.0	2	1.05	-9.97702842739496	138.0	23	1.05	0.95				
	211	1	0.0	0.0	0.0	0.0	2	1.0066500556009585	-6.152794714142048	230.0	23	1.05	0.95				
	212	1	0.0	0.0	0.0	0.0	2	1.0085504045659237	-5.478893910030976	230.0	23	1.05	0.95				
	213	2	125.30458052631576	25.533763578947365	0.0	0.0	2	1.0011897249903652	-5.141730965528257	230.0	24	1.05	0.95				
	214	2	91.73240989473683	18.441051473684208	0.0	0.0	2	1.0088675722957343	-3.6208210573943704	230.0	26	1.05	0.95				
	215	2	149.89264915789474	30.262238315789467	0.0	0.0	2	1.026885748466705	2.8619011680374933	230.0	26	1.05	0.95				
	216	2	47.28474736842105	9.45694947368421	0.0	0.0	2	1.0279859016115216	2.83227083042046	230.0	26	1.05	0.95				
	217	1	0.0	0.0	0.0	0.0	2	1.0334925625047167	5.435296400514388	230.0	27	1.05	0.95				
	218	2	157.4582087368421	32.153628210526314	0.0	0.0	2	1.0348513731271922	5.772637130781793	230.0	27	1.05	0.95				
	219	1	85.58539273684211	17.49535652631579	0.0	0.0	2	1.0263576700104124	2.2019777235677727	230.0	25	1.05	0.95				
	220	1	60.524476631578935	12.294034315789473	0.0	0.0	2	1.02835841508629	2.574909984691146	230.0	25	1.05	0.95				
	221	2	0.0	0.0	0.0	0.0	2	1.035114678153781	5.568739394278714	230.0	27	1.05	0.95				
	222	2	0.0	0.0	0.0	0.0	2	1.05	12.013436786142856	230.0	27	1.05	0.95				
	223	2	0.0	0.0	0.0	0.0	2	1.030302193031809	3.1399610229339863	230.0	25	1.05	0.95				
	224	1	0.0	0.0	0.0	0.0	2	1.0115771692316513	-0.8186207014394509	230.0	26	1.05	0.95				
	301	2	39.10344828631579	7.9655172435087715	0.0	0.0	3	1.0111721192293868	-14.577055620158221	138.0	31	1.05	0.95				
	302	2	35.1206896645614	7.241379312280702	0.0	0.0	3	1.0111633436989858	-14.669286943040985	138.0	32	1.05	0.95				
	303	1	65.17241381052631	13.396551727719297	0.0	0.0	3	1.0212788272360838	-10.16173524233018	138.0	31	1.05	0.95				
	304	1	26.793103455438594	5.431034484210525	0.0	0.0	3	1.0126525622530518	-13.471366553798168	138.0	31	1.05	0.95				
	305	1	25.706896558596487	5.0689655185964915	0.0	0.0	3	1.0260715247912904	-14.078154596742715	138.0	31	1.05	0.95				
	306	1	49.241379323508774	10.137931037192983	0.0	-100.0	3	1.0431508096996949	-14.253999304849108	138.0	32	1.05	0.95				
	307	2	45.25862070175438	9.051724140350876	0.0	0.0	3	0.9932083274259008	-18.05891615636841	138.0	32	1.05	0.95				
	308	1	61.913793119999994	12.672413796491227	0.0	0.0	3	1.0019679680902331	-16.48558567624237	138.0	32	1.05	0.95				
	309	1	63.36206898245613	13.034482762105263	0.0	0.0	3	1.0244610474017926	-10.997101918388688	138.0	33	1.05	0.95				
	310	1	70.60344829473684	14.482758624561404	0.0	0.0	3	1.05	-12.410895708132863	138.0	33	1.05	0.95				
	311	1	0.0	0.0	0.0	0.0	3	1.0021004241109106	-7.564143700830349	230.0	33	1.05	0.95				
	312	1	0.0	0.0	0.0	0.0	3	1.0078504601559723	-7.011684102140471	230.0	33	1.05	0.95				
	313	2	95.94827588771929	19.551724143157895	0.0	0.0	3	1.0056155148423234	-4.08803268728765	230.0	34	1.05	0.95				
	314	2	70.2413793291228	14.120689658947368	0.0	0.0	3	0.9945003846779035	-6.312550077363262	230.0	36	1.05	0.95				
	315	2	114.77586209964912	23.172413799298244	0.0	0.0	3	1.0185470086287758	-3.287374896990871	230.0	36	1.05	0.95				
	316	2	36.206896561403504	7.241379312280702	0.0	0.0	3	1.0182206672119298	-2.400086483616165	230.0	36	1.05	0.95				
	317	1	0.0	0.0	0.0	0.0	3	1.023504479243113	-1.644390870304875	230.0	37	1.05	0.95				
	318	2	120.56896554947367	24.620689661754387	0.0	0.0	3	1.0228580329169232	-1.8356378948931755	230.0	37	1.05	0.95				
	319	1	65.53448277614035	13.396551727719297	0.0	0.0	3	1.0158117819026378	-2.7604139980865643	230.0	35	1.05	0.95				
	320	1	46.34482759859649	9.413793105964913	0.0	0.0	3	1.0158583009296378	-2.350330728989701	230.0	35	1.05	0.95				
	321	2	0.0	0.0	0.0	0.0	3	1.0235038873153364	-1.7786208761916955	230.0	37	1.05	0.95				
	322	2	0.0	0.0	0.0	0.0	3	1.0369241271558785	2.690952300816316	230.0	37	1.05	0.95				
	323	2	0.0	0.0	0.0	0.0	3	1.0162457257793158	-1.8384069176290734	230.0	35	1.05	0.95				
	324	1	0.0	0.0	0.0	0.0	3	1.0106953190639694	-5.895337197901092	230.0	36	1.05	0.95				
	325	1	0.0	0.0	0.0	0.0	3	1.0153109449829825	-0.71255061980351	230.0	35	1.05	0.95				
];
