%% MATPOWER Case Format : Version 2
function mpc = RTS_GMLC
mpc.version = '2';

%%-----  Power Flow Data  -----%%
%% system MVA base
mpc.baseMVA = 100.0;
%% bus data
%    bus_i    type    Pd    Qd    Gs    Bs    area    Vm    Va    baseKV    zone    Vmax    Vmin
mpc.bus = [
	101	2	66.91885203789474	13.631618007719299	0.0	0.0	1	1.0466813627934273	0.7285587890538419	138.0	11	1.05	0.95				
	102	2	60.103043034035075	12.392380007017543	0.0	0.0	1	1.0455487436526294	0.3632498877768479	138.0	12	1.05	0.95				
	103	1	111.53142006315788	22.925903012982456	0.0	0.0	1	1.0305269199988125	-0.6840676098111229	138.0	11	1.05	0.95				
	104	1	45.85180602596491	9.294285005263157	0.0	0.0	1	1.025902791524415	-3.0355638170898915	138.0	11	1.05	0.95				
	105	1	43.99294902491228	8.67466600491228	0.0	0.0	1	1.0393414677758257	-3.330154597431349	138.0	11	1.05	0.95				
	106	1	84.2681840477193	17.34933200982456	0.0	-100.0	1	1.0423892629795053	-6.255126593396634	138.0	12	1.05	0.95				
	107	2	77.45237504385965	15.490475008771929	0.0	0.0	1	0.9989422018761046	-14.052741076220638	138.0	12	1.05	0.95				
	108	1	105.95484905999999	21.6866650122807	0.0	0.0	1	0.9961702522147261	-12.111088723866766	138.0	12	1.05	0.95				
	109	1	108.43332506140351	22.306284012631576	0.0	0.0	1	1.0255894766294749	-4.2581889735665674	138.0	13	1.05	0.95				
	110	1	120.82570506842103	24.784760014035086	0.0	0.0	1	1.05	-5.559389016008402	138.0	13	1.05	0.95				
	111	1	0.0	0.0	0.0	0.0	1	1.0114801228082364	-1.5321367182768357	230.0	13	1.05	0.95				
	112	1	0.0	0.0	0.0	0.0	1	1.0144587096467264	-1.2566862286041574	230.0	13	1.05	0.95				
	113	3	164.19903509298243	33.45942601894737	0.0	0.0	1	1.0104991109449974	6.421279391935665e-29	230.0	14	1.05	0.95				
	114	2	120.20608606807015	24.16514101368421	0.0	0.0	1	1.0134086778071483	0.5697700180369794	230.0	16	1.05	0.95				
	115	2	196.41922311122806	39.65561602245614	0.0	0.0	1	1.0431120644394187	8.026550470531944	230.0	16	1.05	0.95				
	116	2	61.961900035087716	12.392380007017543	0.0	0.0	1	1.0404574556355277	7.246965054482444	230.0	16	1.05	0.95				
	117	1	0.0	0.0	0.0	0.0	1	1.0449071890312789	10.647769339446755	230.0	17	1.05	0.95				
	118	2	206.3331271168421	42.13409202385965	0.0	0.0	1	1.047589065333618	11.40261502282088	230.0	17	1.05	0.95				
	119	1	112.15103906350876	22.925903012982456	0.0	0.0	1	1.0330504236106413	5.394422558249117	230.0	15	1.05	0.95				
	120	1	79.31123204491227	16.110094009122804	0.0	0.0	1	1.031540604793534	4.638293762601339	230.0	15	1.05	0.95				
	121	2	0.0	0.0	0.0	0.0	1	1.05	13.266443396807373	230.0	17	1.05	0.95				
	122	2	0.0	0.0	0.0	0.0	1	1.05	18.75082861411448	230.0	17	1.05	0.95				
	123	2	0.0	0.0	0.0	0.0	1	1.0320825701492313	4.6895385629675355	230.0	15	1.05	0.95				
	124	1	0.0	0.0	0.0	0.0	1	1.0273716628732692	4.773799992868909	230.0	16	1.05	0.95				
	201	2	65.84039037473684	13.411931372631578	0.0	0.0	2	1.0237344876178445	-13.097589796786005	138.0	21	1.05	0.95				
	202	2	59.13442468842104	12.192664884210524	0.0	0.0	2	1.024793456266987	-12.897485340447112	138.0	22	1.05	0.95				
	203	1	109.73398395789474	22.55643003578947	0.0	0.0	2	1.0146696561876771	-11.638041289010863	138.0	21	1.05	0.95				
	204	1	45.11286007157894	9.144498663157894	0.0	0.0	2	1.0145951699730353	-13.840911648913236	138.0	21	1.05	0.95				
	205	1	43.28396033894736	8.53486541894737	0.0	0.0	2	1.0292179326769135	-14.228621630591423	138.0	21	1.05	0.95				
	206	1	82.91012121263157	17.06973083789474	0.0	-100.0	2	1.039140533531298	-15.397888384030122	138.0	22	1.05	0.95				
	207	2	76.20415552631577	15.240831105263156	0.0	0.0	2	0.9906400107561122	-24.14579707500729	138.0	22	1.05	0.95				
	208	1	104.24728475999999	21.33716354736842	0.0	0.0	2	0.9897212467509862	-21.20745749599172	138.0	22	1.05	0.95				
	209	1	106.6858177368421	21.946796791578944	0.0	0.0	2	1.024932722546383	-12.116655387350509	138.0	23	1.05	0.95				
	210	1	118.87848262105261	24.385329768421048	0.0	0.0	2	1.05	-13.425907176447962	138.0	23	1.05	0.95				
	211	1	0.0	0.0	0.0	0.0	2	1.0155821044420685	-8.46828850075166	230.0	23	1.05	0.95				
	212	1	0.0	0.0	0.0	0.0	2	1.0175833967371661	-4.794941172614211	230.0	23	1.05	0.95				
	213	2	161.55280971578944	32.92019518736842	0.0	0.0	2	1.0201284164467492	-5.783642153441609	230.0	24	1.05	0.95				
	214	2	118.26884937684208	23.775696524210524	0.0	0.0	2	1.0204376352775228	-6.510716495805771	230.0	26	1.05	0.95				
	215	2	193.2537384147368	39.01652762947368	0.0	0.0	2	1.0343631115280214	-0.0730031732172303	230.0	26	1.05	0.95				
	216	2	60.963324421052626	12.192664884210524	0.0	0.0	2	1.0360849504946892	-0.003695601841670678	230.0	26	1.05	0.95				
	217	1	0.0	0.0	0.0	0.0	2	1.037715841152739	1.411581008578624	230.0	27	1.05	0.95				
	218	2	203.00787032210525	41.45506060631578	0.0	0.0	2	1.0362599019357055	0.7175822063610292	230.0	27	1.05	0.95				
	219	1	110.34361720210526	22.55643003578947	0.0	0.0	2	1.0374350435534845	0.988028175217321	230.0	25	1.05	0.95				
	220	1	78.03305525894736	15.850464349473684	0.0	0.0	2	1.044078420125839	2.9967844735616653	230.0	25	1.05	0.95				
	221	2	0.0	0.0	0.0	0.0	2	1.0379392796960187	1.2587260157475215	230.0	27	1.05	0.95				
	222	2	0.0	0.0	0.0	0.0	2	1.05	7.81936637290098	230.0	27	1.05	0.95				
	223	2	0.0	0.0	0.0	0.0	2	1.0499999664824384	4.534632862799721	230.0	25	1.05	0.95				
	224	1	0.0	0.0	0.0	0.0	2	1.012627644956685	-4.36804068561122	230.0	26	1.05	0.95				
	301	2	52.36001264842105	10.66592850245614	0.0	0.0	3	0.9999684292985375	13.028477613569146	138.0	31	1.05	0.95				
	302	2	47.027048397192985	9.696298638596492	0.0	0.0	3	0.9997430675643347	13.007220531469674	138.0	32	1.05	0.95				
	303	1	87.26668774736842	17.938152481403506	0.0	0.0	3	1.018398802695214	15.01877418091745	138.0	31	1.05	0.95				
	304	1	35.87630496280701	7.272223978947368	0.0	0.0	3	1.005285079494055	14.602392524049652	138.0	31	1.05	0.95				
	305	1	34.42186016701754	6.787409047017544	0.0	0.0	3	1.0178178990475595	14.68773783874726	138.0	31	1.05	0.95				
	306	1	65.93483074245614	13.574818094035088	0.0	-100.0	3	1.036498279034667	15.043247614807624	138.0	32	1.05	0.95				
	307	2	60.60186649122807	12.120373298245614	0.0	0.0	3	0.9831215125567903	12.201841840739865	138.0	32	1.05	0.95				
	308	1	82.90335336	16.968522617543858	0.0	0.0	3	0.998922041591444	14.279595728572488	138.0	32	1.05	0.95				
	309	1	84.8426130877193	17.453337549473684	0.0	0.0	3	1.025739906842602	17.888272292446892	138.0	33	1.05	0.95				
	310	1	94.53891172631579	19.392597277192984	0.0	0.0	3	1.05	17.894006342008556	138.0	33	1.05	0.95				
	311	1	0.0	0.0	0.0	0.0	3	1.0080649517947107	22.77893572553283	230.0	33	1.05	0.95				
	312	1	0.0	0.0	0.0	0.0	3	1.015823454072801	23.793779772462674	230.0	33	1.05	0.95				
	313	2	128.4759569614035	26.180006324210524	0.0	0.0	3	1.0239690687049348	30.402521208088398	230.0	34	1.05	0.95				
	314	2	94.05409679438597	18.907782345263158	0.0	0.0	3	1.0040866944887368	20.991436858657146	230.0	36	1.05	0.95				
	315	2	153.68633342175437	31.02815564350877	0.0	0.0	3	1.0306120154350555	14.906840308720524	230.0	36	1.05	0.95				
	316	2	48.481493192982455	9.696298638596492	0.0	0.0	3	1.0310743753896758	15.99451145575647	230.0	36	1.05	0.95				
	317	1	0.0	0.0	0.0	0.0	3	1.0380296926774328	14.733036407555533	230.0	37	1.05	0.95				
	318	2	161.44337233263158	32.96741537122807	0.0	0.0	3	1.038116378085895	13.431884286008573	230.0	37	1.05	0.95				
	319	1	87.75150267929824	17.938152481403506	0.0	0.0	3	1.0304262947189176	18.59577572619864	230.0	35	1.05	0.95				
	320	1	62.05631128701754	12.605188230175438	0.0	0.0	3	1.0308445910193493	20.22227237213919	230.0	35	1.05	0.95				
	321	2	0.0	0.0	0.0	0.0	3	1.0373679924211374	14.490712795187644	230.0	37	1.05	0.95				
	322	2	0.0	0.0	0.0	0.0	3	1.049999988808606	18.89519383262907	230.0	37	1.05	0.95				
	323	2	0.0	0.0	0.0	0.0	3	1.0309050268671234	20.900861629358747	230.0	35	1.05	0.95				
	324	1	0.0	0.0	0.0	0.0	3	1.0244599676356407	16.804120232456373	230.0	36	1.05	0.95				
	325	1	0.0	0.0	0.0	0.0	3	1.0339798862381184	20.256962111087034	230.0	35	1.05	0.95				
];
