%% MATPOWER Case Format : Version 2
function mpc = RTS_GMLC
mpc.version = '2';

%%-----  Power Flow Data  -----%%
%% system MVA base
mpc.baseMVA = 100.0;
%% bus data
%    bus_i    type    Pd    Qd    Gs    Bs    area    Vm    Va    baseKV    zone    Vmax    Vmin
mpc.bus = [
	101	2	42.296882741052634	8.616031669473683	0.0	0.0	1	1.0113909418356353	1.0301240621892738	138.0	11	1.05	0.95				
	102	2	37.988866906315785	7.832756063157895	0.0	0.0	1	1.0093761515213304	0.4279914367534118	138.0	12	1.05	0.95				
	103	1	70.49480456842105	14.490598716842104	0.0	0.0	1	1.0240337284267154	3.0436726423507166	138.0	11	1.05	0.95				
	104	1	28.98119743368421	5.87456704736842	0.0	0.0	1	1.0114298428893886	-1.6727853728726425	138.0	11	1.05	0.95				
	105	1	27.80628402421052	5.482929244210526	0.0	0.0	1	1.0253232395642893	-1.7073902802832677	138.0	11	1.05	0.95				
	106	1	53.26274122947369	10.965858488421052	0.0	-100.0	1	1.0410683047717646	-3.7518703321350526	138.0	12	1.05	0.95				
	107	2	48.95472539473683	9.790945078947368	0.0	0.0	1	0.9841439648221344	-11.553960081775726	138.0	12	1.05	0.95				
	108	1	66.97006434	13.707323110526314	0.0	0.0	1	0.9941612739071917	-8.880360533539438	138.0	12	1.05	0.95				
	109	1	68.53661555263157	14.098960913684207	0.0	0.0	1	1.0241903536980579	-1.7410158297167666	138.0	13	1.05	0.95				
	110	1	76.36937161578946	15.66551212631579	0.0	0.0	1	1.05	-3.174754538492466	138.0	13	1.05	0.95				
	111	1	0.0	0.0	0.0	0.0	1	1.0161599423995615	0.8121447958696838	230.0	13	1.05	0.95				
	112	1	0.0	0.0	0.0	0.0	1	1.0132544704928987	-0.5322239918904264	230.0	13	1.05	0.95				
	113	3	103.7840178368421	21.148441370526317	0.0	0.0	1	0.9969165171746873	-2.7915501344777124e-28	230.0	14	1.05	0.95				
	114	2	75.97773381263157	15.273874323157893	0.0	0.0	1	1.0404266737352024	4.716421512711016	230.0	16	1.05	0.95				
	115	2	124.14918360105263	25.06481940210526	0.0	0.0	1	1.0373969733133792	14.892516392302749	230.0	16	1.05	0.95				
	116	2	39.163780315789474	7.832756063157895	0.0	0.0	1	1.036878957741157	12.78375911724823	230.0	16	1.05	0.95				
	117	1	0.0	0.0	0.0	0.0	1	1.0364226630063575	19.238830354404	230.0	17	1.05	0.95				
	118	2	130.41538845157893	26.631370614736845	0.0	0.0	1	1.0458898546503932	20.01070024689338	230.0	17	1.05	0.95				
	119	1	70.88644237157894	14.490598716842104	0.0	0.0	1	1.0325399830281803	7.954340151582216	230.0	15	1.05	0.95				
	120	1	50.12963880421052	10.182582882105262	0.0	0.0	1	1.0365451230914156	4.514062784450247	230.0	15	1.05	0.95				
	121	2	0.0	0.0	0.0	0.0	1	1.0404385561093894	21.731480345593145	230.0	17	1.05	0.95				
	122	2	0.0	0.0	0.0	0.0	1	1.05	39.71580821354768	230.0	17	1.05	0.95				
	123	2	0.0	0.0	0.0	0.0	1	1.040128242611704	2.928003247657876	230.0	15	1.05	0.95				
	124	1	0.0	0.0	0.0	0.0	1	1.0176039422980192	10.4646243061563	230.0	16	1.05	0.95				
	201	2	46.834566328421054	9.54037462245614	0.0	0.0	2	1.0070152447560716	-19.738713240739642	138.0	21	1.05	0.95				
	202	2	42.064379017192984	8.673067838596491	0.0	0.0	2	1.006245725652889	-20.06454541259663	138.0	22	1.05	0.95				
	203	1	78.05761054736841	16.04517550140351	0.0	0.0	2	1.0098427139262829	-14.354760032115266	138.0	21	1.05	0.95				
	204	1	32.09035100280702	6.504800878947369	0.0	0.0	2	1.0080358406093126	-19.644755970268573	138.0	21	1.05	0.95				
	205	1	30.78939082701754	6.071147487017544	0.0	0.0	2	1.0231281457366015	-20.21429081816046	138.0	21	1.05	0.95				
	206	1	58.97686130245614	12.142294974035089	0.0	-100.0	2	1.0398659130132728	-21.018668785212622	138.0	22	1.05	0.95				
	207	2	54.20667399122807	10.841334798245613	0.0	0.0	2	0.9898143239564619	-26.183759310919513	138.0	22	1.05	0.95				
	208	1	74.15473001999999	15.177868717543857	0.0	0.0	2	0.9966162008608963	-24.224488369582932	138.0	22	1.05	0.95				
	209	1	75.8893435877193	15.611522109473682	0.0	0.0	2	1.0222946917306195	-17.500678847604124	138.0	23	1.05	0.95				
	210	1	84.56241142631579	17.346135677192983	0.0	0.0	2	1.05	-19.288147852355323	138.0	23	1.05	0.95				
	211	1	0.0	0.0	0.0	0.0	2	1.010105150232098	-14.326087514187877	230.0	23	1.05	0.95				
	212	1	0.0	0.0	0.0	0.0	2	1.0145533502929036	-13.763444917270286	230.0	23	1.05	0.95				
	213	2	114.9181488614035	23.417283164210527	0.0	0.0	2	1.0109334331268618	-13.113764948306814	230.0	24	1.05	0.95				
	214	2	84.12875803438597	16.91248228526316	0.0	0.0	2	1.0133293314410967	-11.258814954307388	230.0	26	1.05	0.95				
	215	2	137.4681252417544	27.75381708350877	0.0	0.0	2	1.0283521887853222	-3.691716471406856	230.0	26	1.05	0.95				
	216	2	43.365339192982454	8.673067838596491	0.0	0.0	2	1.0325198349703926	-4.33186055724342	230.0	26	1.05	0.95				
	217	1	0.0	0.0	0.0	0.0	2	1.0360369574440071	-2.082486036523876	230.0	27	1.05	0.95				
	218	2	144.4065795126316	29.48843065122807	0.0	0.0	2	1.0343856797715776	-2.6680983299219827	230.0	27	1.05	0.95				
	219	1	78.49126393929825	16.04517550140351	0.0	0.0	2	1.0378150146841003	-5.1173376282164185	230.0	25	1.05	0.95				
	220	1	55.50763416701754	11.274988190175439	0.0	0.0	2	1.0453215818405985	-4.9669346033726915	230.0	25	1.05	0.95				
	221	2	0.0	0.0	0.0	0.0	2	1.0349872489134628	-2.205834359825757	230.0	27	1.05	0.95				
	222	2	0.0	0.0	0.0	0.0	2	1.05	4.340751712029514	230.0	27	1.05	0.95				
	223	2	0.0	0.0	0.0	0.0	2	1.05	-4.566634224898242	230.0	25	1.05	0.95				
	224	1	0.0	0.0	0.0	0.0	2	1.008281080779585	-7.65397022968738	230.0	26	1.05	0.95				
	301	2	59.43245809263158	12.106611833684209	0.0	0.0	3	1.034390889513826	8.730129643548569	138.0	31	1.05	0.95				
	302	2	53.37915217578947	11.006010757894735	0.0	0.0	3	1.029290695511487	8.395357221632986	138.0	32	1.05	0.95				
	303	1	99.05409682105261	20.36111990210526	0.0	0.0	3	1.05	25.585115640474495	138.0	31	1.05	0.95				
	304	1	40.72223980421052	8.254508068421051	0.0	0.0	3	1.0099752768693977	10.400348167950133	138.0	31	1.05	0.95				
	305	1	39.071338190526305	7.704207530526315	0.0	0.0	3	1.030775933621748	7.490971257339486	138.0	31	1.05	0.95				
	306	1	74.8408731536842	15.40841506105263	0.0	-100.0	3	1.0345409498975144	6.162191077592784	138.0	32	1.05	0.95				
	307	2	68.7875672368421	13.757513447368419	0.0	0.0	3	0.95	3.3219613596100293	138.0	32	1.05	0.95				
	308	1	94.10139197999999	19.26051882631579	0.0	0.0	3	0.9651068002252989	4.867044663135734	138.0	32	1.05	0.95				
	309	1	96.30259413157893	19.810819364210523	0.0	0.0	3	1.0132234846573072	14.365050147013969	138.0	33	1.05	0.95				
	310	1	107.30860488947367	22.01202151578947	0.0	0.0	3	1.0404294677445567	7.988219664184704	138.0	33	1.05	0.95				
	311	1	0.0	0.0	0.0	0.0	3	0.9996203053236563	12.903870838173656	230.0	33	1.05	0.95				
	312	1	0.0	0.0	0.0	0.0	3	1.004488935776659	13.409994677453295	230.0	33	1.05	0.95				
	313	2	145.82964254210523	29.71622904631579	0.0	0.0	3	1.0006616731412266	15.132065708511831	230.0	34	1.05	0.95				
	314	2	106.75830435157894	21.461720977894736	0.0	0.0	3	0.9958888124365834	12.797826143586473	230.0	36	1.05	0.95				
	315	2	174.44527051263154	35.21923442526315	0.0	0.0	3	1.0487370044371789	16.188555102374863	230.0	36	1.05	0.95				
	316	2	55.030053789473676	11.006010757894735	0.0	0.0	3	1.0350486178233844	15.97227510095877	230.0	36	1.05	0.95				
	317	1	0.0	0.0	0.0	0.0	3	1.05	20.39190705002274	230.0	37	1.05	0.95				
	318	2	183.25007911894735	37.4204365768421	0.0	0.0	3	1.045980882036019	16.719816152460993	230.0	37	1.05	0.95				
	319	1	99.60439735894737	20.36111990210526	0.0	0.0	3	1.0226014276649436	14.803693475498827	230.0	35	1.05	0.95				
	320	1	70.4384688505263	14.307813985263158	0.0	0.0	3	1.0162895444104854	14.852063313806394	230.0	35	1.05	0.95				
	321	2	0.0	0.0	0.0	0.0	3	1.05	17.208541241353302	230.0	37	1.05	0.95				
	322	2	0.0	0.0	0.0	0.0	3	1.049999997192546	22.80595729316157	230.0	37	1.05	0.95				
	323	2	0.0	0.0	0.0	0.0	3	1.013997369805268	15.31110408630917	230.0	35	1.05	0.95				
	324	1	0.0	0.0	0.0	0.0	3	1.0462304058100966	19.780642913062263	230.0	36	1.05	0.95				
	325	1	0.0	0.0	0.0	0.0	3	1.0154613631047973	15.872064007481262	230.0	35	1.05	0.95				
];
