%% MATPOWER Case Format : Version 2
function mpc = RTS_GMLC
mpc.version = '2';

%%-----  Power Flow Data  -----%%
%% system MVA base
mpc.baseMVA = 100.0;
%% bus data
%    bus_i    type    Pd    Qd    Gs    Bs    area    Vm    Va    baseKV    zone    Vmax    Vmin
mpc.bus = [
	101	2	33.94705591326316	6.915141019368422	0.0	0.0	1	0.9928792296079498	-5.590817357904995	138.0	11	1.05	0.95				
	102	2	30.489485403578946	6.286491835789475	0.0	0.0	1	0.9926560892241727	-5.735917763301622	138.0	12	1.05	0.95				
	103	1	56.57842652210526	11.630009896210526	0.0	0.0	1	1.0247089183037004	0.014132773521758542	138.0	11	1.05	0.95				
	104	1	23.26001979242105	4.714868876842105	0.0	0.0	1	1.0061217071217052	-5.034002881805696	138.0	11	1.05	0.95				
	105	1	22.31704601705263	4.400544285052632	0.0	0.0	1	1.0175626635557493	-5.738060833329584	138.0	11	1.05	0.95				
	106	1	42.74814448336843	8.801088570105264	0.0	-100.0	1	1.0399745146302612	-6.237607529701299	138.0	12	1.05	0.95				
	107	2	39.29057397368421	7.858114794736842	0.0	0.0	1	0.9890174670001183	-9.33984209871915	138.0	12	1.05	0.95				
	108	1	53.749505196	11.001360712631579	0.0	0.0	1	1.0016201754193885	-8.055021987805281	138.0	12	1.05	0.95				
	109	1	55.0068035631579	11.315685304421052	0.0	0.0	1	1.0256286912895294	-3.1577489076321776	138.0	13	1.05	0.95				
	110	1	61.293295398947365	12.57298367157895	0.0	0.0	1	1.05	-4.8566932397024125	138.0	13	1.05	0.95				
	111	1	0.0	0.0	0.0	0.0	1	1.013180768253063	-0.32486431883250194	230.0	13	1.05	0.95				
	112	1	0.0	0.0	0.0	0.0	1	1.0103276285229221	-1.3001615977436471	230.0	13	1.05	0.95				
	113	3	83.29601682421053	16.97352795663158	0.0	0.0	1	0.9938532285712476	1.9475164367419316e-29	230.0	14	1.05	0.95				
	114	2	60.97897080715789	12.258659079789474	0.0	0.0	1	1.0344571767823234	3.0693021342516786	230.0	16	1.05	0.95				
	115	2	99.64089559726315	20.116773874526316	0.0	0.0	1	1.0410779310640677	11.273005512602513	230.0	16	1.05	0.95				
	116	2	31.43245917894737	6.286491835789475	0.0	0.0	1	1.0406003441242841	9.837388377070925	230.0	16	1.05	0.95				
	117	1	0.0	0.0	0.0	0.0	1	1.0398211023018475	15.236658784747386	230.0	17	1.05	0.95				
	118	2	104.67008906589474	21.374072241684214	0.0	0.0	1	1.0473552529214578	15.581787575474488	230.0	17	1.05	0.95				
	119	1	56.89275111389473	11.630009896210526	0.0	0.0	1	1.034839165958006	6.223967434591953	230.0	15	1.05	0.95				
	120	1	40.23354774905263	8.172439386526316	0.0	0.0	1	1.0343565186027934	3.67431135549664	230.0	15	1.05	0.95				
	121	2	0.0	0.0	0.0	0.0	1	1.03897661365283	16.73588775187548	230.0	17	1.05	0.95				
	122	2	0.0	0.0	0.0	0.0	1	1.05	34.731693779922324	230.0	17	1.05	0.95				
	123	2	0.0	0.0	0.0	0.0	1	1.0345695539399278	2.5113525349886427	230.0	15	1.05	0.95				
	124	1	0.0	0.0	0.0	0.0	1	1.0208869836800918	7.078331286822921	230.0	16	1.05	0.95				
	201	2	35.56367070821052	7.244451440561403	0.0	0.0	2	1.0070366076820272	-12.800965707158184	138.0	21	1.05	0.95				
	202	2	31.941444987929824	6.585864945964913	0.0	0.0	2	1.0055925215102826	-13.067034204992446	138.0	22	1.05	0.95				
	203	1	59.27278451368421	12.183850150035088	0.0	0.0	2	1.0134293996700623	-9.669480652926898	138.0	21	1.05	0.95				
	204	1	24.367700300070176	4.939398709473684	0.0	0.0	2	1.0102908298678308	-12.985668878133898	138.0	21	1.05	0.95				
	205	1	23.37982055817544	4.610105462175438	0.0	0.0	2	1.0246238401959282	-13.33118346651607	138.0	21	1.05	0.95				
	206	1	44.7838816325614	9.220210924350877	0.0	-100.0	2	1.0426768566023923	-14.071879395457408	138.0	22	1.05	0.95				
	207	2	41.1616559122807	8.23233118245614	0.0	0.0	2	0.9904697809663107	-17.863233163791058	138.0	22	1.05	0.95				
	208	1	56.309145287999996	11.525263655438597	0.0	0.0	2	1.001289342612133	-16.470660647369552	138.0	22	1.05	0.95				
	209	1	57.62631827719298	11.854556902736842	0.0	0.0	2	1.0228033135942753	-11.541362294083221	138.0	23	1.05	0.95				
	210	1	64.2121832231579	13.171729891929825	0.0	0.0	2	1.05	-12.790879919702386	138.0	23	1.05	0.95				
	211	1	0.0	0.0	0.0	0.0	2	1.0029538348249558	-9.12079254738965	230.0	23	1.05	0.95				
	212	1	0.0	0.0	0.0	0.0	2	1.0118622621731985	-8.541922331407878	230.0	23	1.05	0.95				
	213	2	87.26271053403508	17.78183535410526	0.0	0.0	2	1.0011656044299189	-8.00957348223423	230.0	24	1.05	0.95				
	214	2	63.88288997585965	12.84243664463158	0.0	0.0	2	0.9974049502599613	-6.903390879034887	230.0	26	1.05	0.95				
	215	2	104.38595939354384	21.07476782708772	0.0	0.0	2	1.02165000208004	-1.2368331376195305	230.0	26	1.05	0.95				
	216	2	32.92932472982456	6.585864945964913	0.0	0.0	2	1.024167938163585	-1.8920468269525548	230.0	26	1.05	0.95				
	217	1	0.0	0.0	0.0	0.0	2	1.030703395123401	0.029568653975116647	230.0	27	1.05	0.95				
	218	2	109.65465135031577	22.3919408162807	0.0	0.0	2	1.0293228435318276	-0.28409367319370443	230.0	27	1.05	0.95				
	219	1	59.60207776098245	12.183850150035088	0.0	0.0	2	1.0307934023980887	-2.156889201044035	230.0	25	1.05	0.95				
	220	1	42.14953565417544	8.561624429754385	0.0	0.0	2	1.038202297746129	-1.7450232375279247	230.0	25	1.05	0.95				
	221	2	0.0	0.0	0.0	0.0	2	1.02999479297617	0.19303355467986005	230.0	27	1.05	0.95				
	222	2	0.0	0.0	0.0	0.0	2	1.0499999870297638	6.621542310486394	230.0	27	1.05	0.95				
	223	2	0.0	0.0	0.0	0.0	2	1.0424213468159813	-1.2735180707708602	230.0	25	1.05	0.95				
	224	1	0.0	0.0	0.0	0.0	2	1.0080728184320844	-4.399179943448498	230.0	26	1.05	0.95				
	301	2	44.22840874105264	9.009490669473685	0.0	0.0	3	1.0143159009056577	12.36757466485276	138.0	31	1.05	0.95				
	302	2	39.723663406315794	8.190446063157896	0.0	0.0	3	1.012643913637376	12.011089306575808	138.0	32	1.05	0.95				
	303	1	73.71401456842106	15.152325216842108	0.0	0.0	3	1.05	27.31639929306499	138.0	31	1.05	0.95				
	304	1	30.304650433684216	6.142834547368421	0.0	0.0	3	1.0068904428422656	13.30787549136554	138.0	31	1.05	0.95				
	305	1	29.076083524210528	5.733312244210528	0.0	0.0	3	1.022804135698507	10.670224729459163	138.0	31	1.05	0.95				
	306	1	55.69503322947369	11.466624488421056	0.0	-100.0	3	1.0351038303758213	9.21361398540028	138.0	32	1.05	0.95				
	307	2	51.190287894736855	10.23805757894737	0.0	0.0	3	0.95	5.966252366242931	138.0	32	1.05	0.95				
	308	1	70.02831384000001	14.333280610526316	0.0	0.0	3	0.9704996006027958	7.7302514699089935	138.0	32	1.05	0.95				
	309	1	71.6664030526316	14.74280291368421	0.0	0.0	3	1.0148088167692737	16.090269993979543	138.0	33	1.05	0.95				
	310	1	79.85684911578949	16.380892126315793	0.0	0.0	3	1.0413630594743934	10.29247835343436	138.0	33	1.05	0.95				
	311	1	0.0	0.0	0.0	0.0	3	1.002555684041047	13.876990311168688	230.0	33	1.05	0.95				
	312	1	0.0	0.0	0.0	0.0	3	1.0075745426296006	13.708428367780884	230.0	33	1.05	0.95				
	313	2	108.52341033684212	22.11420437052632	0.0	0.0	3	1.0008346307652256	13.553935783974788	230.0	34	1.05	0.95				
	314	2	79.44732681263159	15.971369823157897	0.0	0.0	3	0.9998138489198262	14.945906891863348	230.0	36	1.05	0.95				
	315	2	129.81857010105264	26.209427402105266	0.0	0.0	3	1.05	19.417576342492765	230.0	36	1.05	0.95				
	316	2	40.95223031578948	8.190446063157896	0.0	0.0	3	1.0355947294062415	18.82467869044384	230.0	36	1.05	0.95				
	317	1	0.0	0.0	0.0	0.0	3	1.05	23.798392803925793	230.0	37	1.05	0.95				
	318	2	136.37092695157898	27.847516614736843	0.0	0.0	3	1.0457986701270294	20.315500884922653	230.0	37	1.05	0.95				
	319	1	74.12353687157895	15.152325216842108	0.0	0.0	3	1.0250613104971584	16.71489997109231	230.0	35	1.05	0.95				
	320	1	52.41885480421053	10.647579882105266	0.0	0.0	3	1.01942912938761	15.657857423573825	230.0	35	1.05	0.95				
	321	2	0.0	0.0	0.0	0.0	3	1.0489017678853705	20.683238968050745	230.0	37	1.05	0.95				
	322	2	0.0	0.0	0.0	0.0	3	1.049999977215639	26.252649388534294	230.0	37	1.05	0.95				
	323	2	0.0	0.0	0.0	0.0	3	1.0167912346833836	15.393871284656283	230.0	35	1.05	0.95				
	324	1	0.0	0.0	0.0	0.0	3	1.0472744135661372	22.438382992989624	230.0	36	1.05	0.95				
	325	1	0.0	0.0	0.0	0.0	3	1.019251754071879	15.519833295274102	230.0	35	1.05	0.95				
];
