%% MATPOWER Case Format : Version 2
function mpc = RTS_GMLC
mpc.version = '2';

%%-----  Power Flow Data  -----%%
%% system MVA base
mpc.baseMVA = 100.0;
%% bus data
%    bus_i    type    Pd    Qd    Gs    Bs    area    Vm    Va    baseKV    zone    Vmax    Vmin
mpc.bus = [
	101	2	41.21474517473685	8.395596239298246	0.0	0.0	1	1.0466705946053712	5.7431637626531575	138.0	11	1.05	0.95				
	102	2	37.01694705508772	7.63236021754386	0.0	0.0	1	1.0456330421342934	5.447390540988283	138.0	12	1.05	0.95				
	103	1	68.69124195789475	14.119866402456141	0.0	0.0	1	1.032818584259714	2.5208796853517463	138.0	11	1.05	0.95				
	104	1	28.239732804912283	5.724270163157895	0.0	0.0	1	1.0286261423738239	1.6779051178264177	138.0	11	1.05	0.95				
	105	1	27.0948787722807	5.342652152280703	0.0	0.0	1	1.0423223145003306	1.7299004449153736	138.0	11	1.05	0.95				
	106	1	51.90004947929825	10.685304304561406	0.0	-100.0	1	1.0490008499736356	-0.9663944750733989	138.0	12	1.05	0.95				
	107	2	47.702251359649125	9.540450271929824	0.0	0.0	1	1.0002676913435478	-6.980444979640396	138.0	12	1.05	0.95				
	108	1	65.25667986	13.356630380701754	0.0	0.0	1	1.005592819449102	-5.578206885047608	138.0	12	1.05	0.95				
	109	1	66.78315190350878	13.738248391578948	0.0	0.0	1	1.024233559112871	-0.5551299634199195	138.0	13	1.05	0.95				
	110	1	74.41551212105263	15.26472043508772	0.0	0.0	1	1.05	-1.197370047169694	138.0	13	1.05	0.95				
	111	1	0.0	0.0	0.0	0.0	1	1.0010070906532251	0.4188982662559803	230.0	13	1.05	0.95				
	112	1	0.0	0.0	0.0	0.0	1	1.0058197500928197	0.25051775492699113	230.0	13	1.05	0.95				
	113	3	101.12877288245615	20.607372587368424	0.0	0.0	1	0.9893402685445848	5.028286496023737e-29	230.0	14	1.05	0.95				
	114	2	74.03389411017544	14.883102424210525	0.0	0.0	1	0.9967364809580956	2.212698299820793	230.0	16	1.05	0.95				
	115	2	120.97290944807017	24.42355269614035	0.0	0.0	1	1.0353842996918619	7.8721600196251895	230.0	16	1.05	0.95				
	116	2	38.1618010877193	7.63236021754386	0.0	0.0	1	1.0300215536439026	6.929439883960261	230.0	16	1.05	0.95				
	117	1	0.0	0.0	0.0	0.0	1	1.0387584803542598	10.217026692945886	230.0	17	1.05	0.95				
	118	2	127.07879762210527	25.950024739649123	0.0	0.0	1	1.0434702708314934	10.63784449015908	230.0	17	1.05	0.95				
	119	1	69.07285996877194	14.119866402456141	0.0	0.0	1	1.020069386304993	5.017213149259455	230.0	15	1.05	0.95				
	120	1	48.8471053922807	9.922068282807018	0.0	0.0	1	1.0141361608819175	3.906720612835639	230.0	15	1.05	0.95				
	121	2	0.0	0.0	0.0	0.0	1	1.0469992464616626	11.752299953122286	230.0	17	1.05	0.95				
	122	2	0.0	0.0	0.0	0.0	1	1.05	20.242242939793673	230.0	17	1.05	0.95				
	123	2	0.0	0.0	0.0	0.0	1	1.0112268204402854	3.594788752492329	230.0	15	1.05	0.95				
	124	1	0.0	0.0	0.0	0.0	1	1.0267910283491664	5.857492639280041	230.0	16	1.05	0.95				
	201	2	42.584605692631584	8.674641900350878	0.0	0.0	2	1.0139780796834998	-9.305514287199413	138.0	21	1.05	0.95				
	202	2	38.24728474245614	7.8860380912280705	0.0	0.0	2	1.0131483394265313	-9.556412912737272	138.0	22	1.05	0.95				
	203	1	70.97434282105264	14.58917046877193	0.0	0.0	2	1.014251219643787	-6.416058528610442	138.0	21	1.05	0.95				
	204	1	29.17834093754386	5.914528568421053	0.0	0.0	2	1.0125468948412153	-9.072754965349326	138.0	21	1.05	0.95				
	205	1	27.995435223859648	5.520226663859649	0.0	0.0	2	1.0272081958653827	-9.413423813331072	138.0	21	1.05	0.95				
	206	1	53.62505902035088	11.040453327719298	0.0	-100.0	2	1.042717992496073	-9.974043418093448	138.0	22	1.05	0.95				
	207	2	49.28773807017544	9.857547614035088	0.0	0.0	2	0.9967413697288957	-14.686656724528266	138.0	22	1.05	0.95				
	208	1	67.42562568	13.800566659649121	0.0	0.0	2	1.0024876951101482	-12.922823820741215	138.0	22	1.05	0.95				
	209	1	69.00283329824562	14.194868564210525	0.0	0.0	2	1.023315444361182	-7.0430837310785055	138.0	23	1.05	0.95				
	210	1	76.88887138947368	15.772076182456141	0.0	0.0	2	1.05	-8.251511944540761	138.0	23	1.05	0.95				
	211	1	0.0	0.0	0.0	0.0	2	1.0032848393945606	-4.524617897271133	230.0	23	1.05	0.95				
	212	1	0.0	0.0	0.0	0.0	2	1.008991930008183	-1.8150900177574614	230.0	23	1.05	0.95				
	213	2	104.49000470877192	21.292302846315792	0.0	0.0	2	0.9984449841452735	-2.709092740607505	230.0	24	1.05	0.95				
	214	2	76.49456948491228	15.377774277894737	0.0	0.0	2	1.0007039238772242	-2.847621204560702	230.0	26	1.05	0.95				
	215	2	124.99370374596491	25.235321891929825	0.0	0.0	2	1.0167610793811073	1.9976277288474118	230.0	26	1.05	0.95				
	216	2	39.43019045614035	7.8860380912280705	0.0	0.0	2	1.0174754109801074	1.93921104429241	230.0	26	1.05	0.95				
	217	1	0.0	0.0	0.0	0.0	2	1.0220453335130082	3.0609055265062035	230.0	27	1.05	0.95				
	218	2	131.3025342189474	26.81252951017544	0.0	0.0	2	1.0213673479414092	2.678112666082734	230.0	27	1.05	0.95				
	219	1	71.36864472561403	14.58917046877193	0.0	0.0	2	1.0180250607465502	2.0324131567314647	230.0	25	1.05	0.95				
	220	1	50.47064378385965	10.251849518596492	0.0	0.0	2	1.0210420026803928	2.8953321775387564	230.0	25	1.05	0.95				
	221	2	0.0	0.0	0.0	0.0	2	1.0234105509947091	3.2560157957658755	230.0	27	1.05	0.95				
	222	2	0.0	0.0	0.0	0.0	2	1.0452915390854831	9.729148104736083	230.0	27	1.05	0.95				
	223	2	0.0	0.0	0.0	0.0	2	1.0233531728221965	3.6741114528557848	230.0	25	1.05	0.95				
	224	1	0.0	0.0	0.0	0.0	2	1.005396471419047	-1.1770928573709727	230.0	26	1.05	0.95				
	301	2	64.40366970947369	13.119266051929825	0.0	0.0	3	1.0077056226143983	-13.32206448398638	138.0	31	1.05	0.95				
	302	2	57.84403668350877	11.926605501754386	0.0	0.0	3	1.007181173941929	-13.466678464888195	138.0	32	1.05	0.95				
	303	1	107.33944951578948	22.064220178245613	0.0	0.0	3	1.0249696638500525	-6.469052786694352	138.0	31	1.05	0.95				
	304	1	44.128440356491225	8.944954126315789	0.0	0.0	3	1.0064297018590582	-11.574352341936189	138.0	31	1.05	0.95				
	305	1	42.33944953122807	8.348623851228071	0.0	0.0	3	1.0204113316754655	-12.147967627779604	138.0	31	1.05	0.95				
	306	1	81.10091741192983	16.697247702456142	0.0	-100.0	3	1.0351113926391842	-12.159044472152226	138.0	32	1.05	0.95				
	307	2	74.54128438596491	14.908256877192983	0.0	0.0	3	0.995298283986489	-18.05700149206843	138.0	32	1.05	0.95				
	308	1	101.97247703999999	20.871559628070173	0.0	0.0	3	0.997238291653142	-15.261860362844262	138.0	32	1.05	0.95				
	309	1	104.35779814035087	21.467889903157893	0.0	0.0	3	1.0265729099263554	-7.5930014420047325	138.0	33	1.05	0.95				
	310	1	116.28440364210526	23.853211003508772	0.0	0.0	3	1.05	-9.061146063180955	138.0	33	1.05	0.95				
	311	1	0.0	0.0	0.0	0.0	3	1.0143540144687633	-2.423955040391323	230.0	33	1.05	0.95				
	312	1	0.0	0.0	0.0	0.0	3	1.01699550469541	-1.5239169629624336	230.0	33	1.05	0.95				
	313	2	158.0275228982456	32.201834854736845	0.0	0.0	3	1.0279814260244002	3.171609877543679	230.0	34	1.05	0.95				
	314	2	115.68807336701754	23.256880728421052	0.0	0.0	3	1.017621311863629	-1.44966963388984	230.0	36	1.05	0.95				
	315	2	189.036697202807	38.165137605614035	0.0	0.0	3	1.0309747248775405	-0.8809588312310126	230.0	36	1.05	0.95				
	316	2	59.63302750877193	11.926605501754386	0.0	0.0	3	1.0311607090996557	0.19109587584527762	230.0	36	1.05	0.95				
	317	1	0.0	0.0	0.0	0.0	3	1.0355641130579385	1.2845335975079737	230.0	37	1.05	0.95				
	318	2	198.57798160421055	40.550458705964914	0.0	0.0	3	1.0322963079254284	0.3829780261899048	230.0	37	1.05	0.95				
	319	1	107.9357797908772	22.064220178245613	0.0	0.0	3	1.0297143316952257	0.9448487039947712	230.0	35	1.05	0.95				
	320	1	76.33027521122807	15.504587152280703	0.0	0.0	3	1.0312706672317125	1.8508863850051998	230.0	35	1.05	0.95				
	321	2	0.0	0.0	0.0	0.0	3	1.0340606817484488	0.5235660803183739	230.0	37	1.05	0.95				
	322	2	0.0	0.0	0.0	0.0	3	1.04788063595314	5.147058573968317	230.0	37	1.05	0.95				
	323	2	0.0	0.0	0.0	0.0	3	1.0327961411633348	2.4483470580027586	230.0	35	1.05	0.95				
	324	1	0.0	0.0	0.0	0.0	3	1.0226714045096772	-1.762927702539135	230.0	36	1.05	0.95				
	325	1	0.0	0.0	0.0	0.0	3	1.0321872452019378	3.236443453995916	230.0	35	1.05	0.95				
];
