%% MATPOWER Case Format : Version 2
function mpc = RTS_GMLC
mpc.version = '2';

%%-----  Power Flow Data  -----%%
%% system MVA base
mpc.baseMVA = 100.0;
%% bus data
%    bus_i    type    Pd    Qd    Gs    Bs    area    Vm    Va    baseKV    zone    Vmax    Vmin
mpc.bus = [
	101	2	43.45917862736842	8.852795646315789	0.0	0.0	1	1.016806357600856	-3.6379372910354615	138.0	11	1.05	0.95				
	102	2	39.032780804210525	8.047996042105265	0.0	0.0	1	1.0164081723961826	-3.855719925756711	138.0	12	1.05	0.95				
	103	1	72.43196437894737	14.888792677894735	0.0	0.0	1	1.0070146012826269	-1.161213272190824	138.0	11	1.05	0.95				
	104	1	29.77758535578947	6.035997031578947	0.0	0.0	1	1.0069251548740625	-4.2075714125476225	138.0	11	1.05	0.95				
	105	1	28.570385949473682	5.633597229473685	0.0	0.0	1	1.0192433865861106	-5.243485769502499	138.0	11	1.05	0.95				
	106	1	54.726373086315796	11.26719445894737	0.0	-100.0	1	1.0284300258696069	-6.622852668699261	138.0	12	1.05	0.95				
	107	2	50.29997526315789	10.05999505263158	0.0	0.0	1	0.9862004805429853	-10.347006440019523	138.0	12	1.05	0.95				
	108	1	68.81036616	14.083993073684208	0.0	0.0	1	0.9887409455989178	-9.298420436219649	138.0	12	1.05	0.95				
	109	1	70.41996536842106	14.486392875789472	0.0	0.0	1	1.0045541021575717	-4.019665859746723	138.0	13	1.05	0.95				
	110	1	78.46796141052631	16.09599208421053	0.0	0.0	1	1.0313296554826412	-5.553102389321613	138.0	13	1.05	0.95				
	111	1	0.0	0.0	0.0	0.0	1	0.9821096726648217	-1.707610224884088	230.0	13	1.05	0.95				
	112	1	0.0	0.0	0.0	0.0	1	0.9833967255968116	-1.941080610336393	230.0	13	1.05	0.95				
	113	3	106.63594755789474	21.72958931368421	0.0	0.0	1	0.963922289738164	-8.352690632505439e-29	230.0	14	1.05	0.95				
	114	2	78.06556160842105	15.693592282105264	0.0	0.0	1	0.9881727297440501	0.05851013162322589	230.0	16	1.05	0.95				
	115	2	127.56073726736842	25.753587334736842	0.0	0.0	1	0.9981185156698293	6.356345208030955	230.0	16	1.05	0.95				
	116	2	40.23998021052632	8.047996042105265	0.0	0.0	1	0.9973323995401786	5.225763913010322	230.0	16	1.05	0.95				
	117	1	0.0	0.0	0.0	0.0	1	1.0056260658307283	8.78613194549412	230.0	17	1.05	0.95				
	118	2	133.99913410105265	27.363186543157898	0.0	0.0	1	1.0081882606285875	9.62948263616791	230.0	17	1.05	0.95				
	119	1	72.83436418105263	14.888792677894735	0.0	0.0	1	0.9950218799085266	3.0593080467016103	230.0	15	1.05	0.95				
	120	1	51.507174669473685	10.462394854736843	0.0	0.0	1	0.9959298205580636	1.6032561855045058	230.0	15	1.05	0.95				
	121	2	0.0	0.0	0.0	0.0	1	1.0071425068119846	11.11039078037254	230.0	17	1.05	0.95				
	122	2	0.0	0.0	0.0	0.0	1	1.0276017304461535	16.6579058679991	230.0	17	1.05	0.95				
	123	2	0.0	0.0	0.0	0.0	1	0.997003150090976	1.131498781760842	230.0	15	1.05	0.95				
	124	1	0.0	0.0	0.0	0.0	1	0.9921406306178983	3.483695473657446	230.0	16	1.05	0.95				
	201	2	41.71761371368421	8.498032423157895	0.0	0.0	2	1.012327647854143	-11.212500810175476	138.0	21	1.05	0.95				
	202	2	37.46859750210526	7.725484021052631	0.0	0.0	2	1.0111017321640414	-11.442489073051524	138.0	22	1.05	0.95				
	203	1	69.52935618947367	14.292145438947369	0.0	0.0	2	0.9981459952964736	-8.315384742043143	138.0	21	1.05	0.95				
	204	1	28.584290877894738	5.794113015789473	0.0	0.0	2	1.0020021335570757	-10.798388720468333	138.0	21	1.05	0.95				
	205	1	27.425468274736836	5.407838814736842	0.0	0.0	2	1.0184537145380665	-11.142693804312922	138.0	21	1.05	0.95				
	206	1	52.5332913431579	10.815677629473685	0.0	-100.0	2	1.0298879220686974	-11.603724624100252	138.0	22	1.05	0.95				
	207	2	48.284275131578944	9.656855026315789	0.0	0.0	2	0.9735807764941424	-16.28254122145333	138.0	22	1.05	0.95				
	208	1	66.05288838	13.519597036842104	0.0	0.0	2	0.9819946983713389	-14.517326182130802	138.0	22	1.05	0.95				
	209	1	67.59798518421051	13.905871237894734	0.0	0.0	2	1.0058145767990243	-8.618892160380291	138.0	23	1.05	0.95				
	210	1	75.32346920526315	15.450968042105263	0.0	0.0	2	1.0338491500403773	-9.796481335463342	138.0	23	1.05	0.95				
	211	1	0.0	0.0	0.0	0.0	2	0.9863660476962263	-5.892719762489481	230.0	23	1.05	0.95				
	212	1	0.0	0.0	0.0	0.0	2	0.9861987573142906	-3.2297820617803774	230.0	23	1.05	0.95				
	213	2	102.36266327894737	20.858806856842104	0.0	0.0	2	0.9820616307871693	-3.766195032268225	230.0	24	1.05	0.95				
	214	2	74.93719500421052	15.064693841052632	0.0	0.0	2	0.98344454455726	-4.287289658910633	230.0	26	1.05	0.95				
	215	2	122.4489217336842	24.72154886736842	0.0	0.0	2	0.991742209018196	1.0088335551150887	230.0	26	1.05	0.95				
	216	2	38.627420105263155	7.725484021052631	0.0	0.0	2	0.9898135462772961	0.5326239856617078	230.0	26	1.05	0.95				
	217	1	0.0	0.0	0.0	0.0	2	0.9995597417082224	1.5379469279488065	230.0	27	1.05	0.95				
	218	2	128.6293089505263	26.26664567157895	0.0	0.0	2	1.0003742553351729	1.2524381904544986	230.0	27	1.05	0.95				
	219	1	69.91563039052632	14.292145438947369	0.0	0.0	2	0.9840109686685815	1.38934072175049	230.0	25	1.05	0.95				
	220	1	49.44309773473684	10.043129227368421	0.0	0.0	2	0.9819314673347357	2.961812039891498	230.0	25	1.05	0.95				
	221	2	0.0	0.0	0.0	0.0	2	1.00257380465419	1.9501776397160742	230.0	27	1.05	0.95				
	222	2	0.0	0.0	0.0	0.0	2	1.021044538209113	8.293848704622985	230.0	27	1.05	0.95				
	223	2	0.0	0.0	0.0	0.0	2	0.9818565697308469	4.1557223987932135	230.0	25	1.05	0.95				
	224	1	0.0	0.0	0.0	0.0	2	0.9829957316933426	-2.543361377939302	230.0	26	1.05	0.95				
	301	2	59.449541267368424	12.110091739649123	0.0	0.0	3	1.0077245122093474	39.97114923302501	138.0	31	1.05	0.95				
	302	2	53.394495397543864	11.009174308771929	0.0	0.0	3	1.008412516582357	39.55274074111312	138.0	32	1.05	0.95				
	303	1	99.08256877894736	20.36697247122807	0.0	0.0	3	1.0177160610456155	56.60092148771624	138.0	31	1.05	0.95				
	304	1	40.73394494245614	8.256880731578947	0.0	0.0	3	0.9944939517352657	41.09209864393948	138.0	31	1.05	0.95				
	305	1	39.08256879614035	7.706422016140352	0.0	0.0	3	1.0143030999029312	38.99748365186951	138.0	31	1.05	0.95				
	306	1	74.86238529964912	15.412844032280704	0.0	-100.0	3	1.0250428127038358	37.801213841085975	138.0	32	1.05	0.95				
	307	2	68.80733942982455	13.761467885964912	0.0	0.0	3	0.9645774019878185	34.314174779458774	138.0	32	1.05	0.95				
	308	1	94.12844034	19.266055040350878	0.0	0.0	3	0.9752341678078374	36.8984694166123	138.0	32	1.05	0.95				
	309	1	96.33027520175439	19.816513755789472	0.0	0.0	3	1.00188351517034	44.71844565837463	138.0	33	1.05	0.95				
	310	1	107.33944951052632	22.018348617543857	0.0	0.0	3	1.0347853077298623	39.82542461296178	138.0	33	1.05	0.95				
	311	1	0.0	0.0	0.0	0.0	3	0.9950000824239961	43.54744160493901	230.0	33	1.05	0.95				
	312	1	0.0	0.0	0.0	0.0	3	0.9988148895121628	43.447575662859705	230.0	33	1.05	0.95				
	313	2	145.87155959122805	29.724770633684212	0.0	0.0	3	0.9999144512892337	46.554953403183454	230.0	34	1.05	0.95				
	314	2	106.78899079508773	21.467889902105263	0.0	0.0	3	0.9907804063901517	42.26207229477272	230.0	36	1.05	0.95				
	315	2	174.49541279403508	35.229357788070175	0.0	0.0	3	1.0070038508496109	38.01546772077498	230.0	36	1.05	0.95				
	316	2	55.04587154385965	11.009174308771929	0.0	0.0	3	1.005633514849378	37.915114127046564	230.0	36	1.05	0.95				
	317	1	0.0	0.0	0.0	0.0	3	1.0092109911501608	38.09511964522347	230.0	37	1.05	0.95				
	318	2	183.30275224105264	37.43119264982456	0.0	0.0	3	1.0005517022828412	34.64131994201136	230.0	37	1.05	0.95				
	319	1	99.63302749438596	20.36697247122807	0.0	0.0	3	1.0024575184386533	37.907692112043605	230.0	35	1.05	0.95				
	320	1	70.45871557614035	14.31192660140351	0.0	0.0	3	1.000211973004771	37.214049383779034	230.0	35	1.05	0.95				
	321	2	0.0	0.0	0.0	0.0	3	1.0116171238754623	36.367754201225544	230.0	37	1.05	0.95				
	322	2	0.0	0.0	0.0	0.0	3	1.0282972305676032	41.093334648361925	230.0	37	1.05	0.95				
	323	2	0.0	0.0	0.0	0.0	3	0.9985813571292436	36.58865609776138	230.0	35	1.05	0.95				
	324	1	0.0	0.0	0.0	0.0	3	1.0057459460163676	47.19135902981365	230.0	36	1.05	0.95				
	325	1	0.0	0.0	0.0	0.0	3	0.9967276873125888	34.44934294663161	230.0	35	1.05	0.95				
];
