%% MATPOWER Case Format : Version 2
function mpc = RTS_GMLC
mpc.version = '2';

%%-----  Power Flow Data  -----%%
%% system MVA base
mpc.baseMVA = 100.0;
%% bus data
%    bus_i    type    Pd    Qd    Gs    Bs    area    Vm    Va    baseKV    zone    Vmax    Vmin
mpc.bus = [
	101	2	48.82978724210527	9.946808512280702	0.0	0.0	1	1.034990616453382	0.866191260618621	138.0	11	1.05	0.95				
	102	2	43.85638298596491	9.042553192982457	0.0	0.0	1	1.0340461113647013	0.5895137343466585	138.0	12	1.05	0.95				
	103	1	81.38297873684212	16.728723407017547	0.0	0.0	1	1.0281205288033428	-0.5552527064055277	138.0	11	1.05	0.95				
	104	1	33.457446814035094	6.7819148947368415	0.0	0.0	1	1.0218780049138803	-2.3558607341814	138.0	11	1.05	0.95				
	105	1	32.101063835087714	6.3297872350877205	0.0	0.0	1	1.036316727042023	-2.264491934541645	138.0	11	1.05	0.95				
	106	1	61.48936171228071	12.659574470175441	0.0	-100.0	1	1.0450215750847758	-4.513940331778067	138.0	12	1.05	0.95				
	107	2	56.515957456140356	11.30319149122807	0.0	0.0	1	1.0000783081699187	-10.713712696142368	138.0	12	1.05	0.95				
	108	1	77.3138298	15.824468087719298	0.0	0.0	1	1.002970387655231	-9.090566429142937	138.0	12	1.05	0.95				
	109	1	79.1223404385965	16.27659574736842	0.0	0.0	1	1.024710080327462	-3.124956176925713	138.0	13	1.05	0.95				
	110	1	88.16489363157895	18.085106385964913	0.0	0.0	1	1.05	-4.019018015556539	138.0	13	1.05	0.95				
	111	1	0.0	0.0	0.0	0.0	1	1.0047379220682005	-0.8624390858200153	230.0	13	1.05	0.95				
	112	1	0.0	0.0	0.0	0.0	1	1.009140847434563	-0.8871791461365517	230.0	13	1.05	0.95				
	113	3	119.81382980701754	24.414893621052634	0.0	0.0	1	0.9985948896019706	9.235005534124089e-30	230.0	14	1.05	0.95				
	114	2	87.71276597192983	17.63297872631579	0.0	0.0	1	1.0027775480994363	1.219221766385978	230.0	16	1.05	0.95				
	115	2	143.32446810877192	28.93617021754386	0.0	0.0	1	1.0375021946149168	7.381745049111772	230.0	16	1.05	0.95				
	116	2	45.21276596491228	9.042553192982457	0.0	0.0	1	1.0339963544408106	6.793917366012766	230.0	16	1.05	0.95				
	117	1	0.0	0.0	0.0	0.0	1	1.0403062104380298	9.944318709547487	230.0	17	1.05	0.95				
	118	2	150.5585106631579	30.744680856140356	0.0	0.0	1	1.0440695344400688	10.21153083834502	230.0	17	1.05	0.95				
	119	1	81.83510639649123	16.728723407017547	0.0	0.0	1	1.0252010848812563	4.766064762732298	230.0	15	1.05	0.95				
	120	1	57.87234043508772	11.755319150877193	0.0	0.0	1	1.021471278523297	3.8686040678959244	230.0	15	1.05	0.95				
	121	2	0.0	0.0	0.0	0.0	1	1.0471573631964088	11.505203990810147	230.0	17	1.05	0.95				
	122	2	0.0	0.0	0.0	0.0	1	1.05	20.640913165633958	230.0	17	1.05	0.95				
	123	2	0.0	0.0	0.0	0.0	1	1.0200569650811457	3.7245441269445068	230.0	15	1.05	0.95				
	124	1	0.0	0.0	0.0	0.0	1	1.0238558430631775	4.409713461835456	230.0	16	1.05	0.95				
	201	2	47.32756177263158	9.640799620350878	0.0	0.0	2	1.0201551745791024	-11.65068533108193	138.0	21	1.05	0.95				
	202	2	42.50716196245614	8.76436329122807	0.0	0.0	2	1.0204470240184265	-11.626912222963316	138.0	22	1.05	0.95				
	203	1	78.87926962105263	16.214072088771932	0.0	0.0	2	1.016109842797257	-9.790339161678629	138.0	21	1.05	0.95				
	204	1	32.428144177543864	6.573272468421052	0.0	0.0	2	1.0151912552713585	-12.466575227758252	138.0	21	1.05	0.95				
	205	1	31.113489683859648	6.13505430385965	0.0	0.0	2	1.0297876534520822	-12.79808781714674	138.0	21	1.05	0.95				
	206	1	59.59767038035088	12.2701086077193	0.0	-100.0	2	1.0430497596098522	-13.883806358053352	138.0	22	1.05	0.95				
	207	2	54.77727057017544	10.955454114035087	0.0	0.0	2	0.9925336998236056	-19.83053731222257	138.0	22	1.05	0.95				
	208	1	74.93530614000001	15.337635759649121	0.0	0.0	2	0.9982422079499537	-17.841800651427175	138.0	22	1.05	0.95				
	209	1	76.68817879824562	15.775853924210526	0.0	0.0	2	1.0232623622638217	-11.342378041300885	138.0	23	1.05	0.95				
	210	1	85.45254208947368	17.52872658245614	0.0	0.0	2	1.05	-12.547745377181855	138.0	23	1.05	0.95				
	211	1	0.0	0.0	0.0	0.0	2	1.0066749481898734	-8.362130372660003	230.0	23	1.05	0.95				
	212	1	0.0	0.0	0.0	0.0	2	1.0091648322868965	-7.2923132989279855	230.0	23	1.05	0.95				
	213	2	116.12781360877192	23.66378088631579	0.0	0.0	2	1.003961726601566	-6.773065765265654	230.0	24	1.05	0.95				
	214	2	85.01432392491228	17.090508417894736	0.0	0.0	2	1.0071579829996966	-6.065058732426044	230.0	26	1.05	0.95				
	215	2	138.91515816596493	28.045962531929824	0.0	0.0	2	1.023676982025418	-0.14577201009865423	230.0	26	1.05	0.95				
	216	2	43.82181645614035	8.76436329122807	0.0	0.0	2	1.0253510774050472	-0.15467070617421552	230.0	26	1.05	0.95				
	217	1	0.0	0.0	0.0	0.0	2	1.0290561614605116	1.271558798988823	230.0	27	1.05	0.95				
	218	2	145.92664879894735	29.79883519017544	0.0	0.0	2	1.0280962767775101	0.7219298576602042	230.0	27	1.05	0.95				
	219	1	79.31748778561403	16.214072088771932	0.0	0.0	2	1.0272557691528201	0.2418650909023448	230.0	25	1.05	0.95				
	220	1	56.09192506385965	11.39367227859649	0.0	0.0	2	1.032001700064291	1.4355777794650468	230.0	25	1.05	0.95				
	221	2	0.0	0.0	0.0	0.0	2	1.0299747558702823	1.2372198701710369	230.0	27	1.05	0.95				
	222	2	0.0	0.0	0.0	0.0	2	1.0499999983468136	7.742786286041535	230.0	27	1.05	0.95				
	223	2	0.0	0.0	0.0	0.0	2	1.035587869659206	2.4187303416845856	230.0	25	1.05	0.95				
	224	1	0.0	0.0	0.0	0.0	2	1.0089713632370518	-3.767407244088417	230.0	26	1.05	0.95				
	301	2	46.397975343157896	9.451439421754387	0.0	0.0	3	1.009525447317863	-6.116265391053992	138.0	31	1.05	0.95				
	302	2	41.6722556322807	8.59221765614035	0.0	0.0	3	1.009269452577155	-6.328946736389716	138.0	32	1.05	0.95				
	303	1	77.32995890526317	15.895602663859648	0.0	0.0	3	1.0415528520422521	2.7400036577533022	138.0	31	1.05	0.95				
	304	1	31.791205327719297	6.444163242105263	0.0	0.0	3	1.0121627783325318	-4.982215619848027	138.0	31	1.05	0.95				
	305	1	30.502372679298244	6.014552359298246	0.0	0.0	3	1.0244505028429074	-6.4082159475890546	138.0	31	1.05	0.95				
	306	1	58.42708006175439	12.029104718596493	0.0	-100.0	3	1.040736741150971	-7.0851288489074635	138.0	32	1.05	0.95				
	307	2	53.701360350877195	10.740272070175438	0.0	0.0	3	0.9904076694885067	-11.376540246374441	138.0	32	1.05	0.95				
	308	1	73.46346095999999	15.036380898245612	0.0	0.0	3	0.998244832135467	-9.456729886888864	138.0	32	1.05	0.95				
	309	1	75.18190449122807	15.465991781052631	0.0	0.0	3	1.027871664348742	-2.126035486299525	138.0	33	1.05	0.95				
	310	1	83.77412214736842	17.1844353122807	0.0	0.0	3	1.05	-5.314664046623786	138.0	33	1.05	0.95				
	311	1	0.0	0.0	0.0	0.0	3	1.008438984591194	-0.34821544082350125	230.0	33	1.05	0.95				
	312	1	0.0	0.0	0.0	0.0	3	1.012771970551162	-0.023459959717402116	230.0	33	1.05	0.95				
	313	2	113.84688394385964	23.198987671578948	0.0	0.0	3	1.0103251544197223	2.4664097559213354	230.0	34	1.05	0.95				
	314	2	83.3445112645614	16.754824429473683	0.0	0.0	3	1.0044261367132317	0.6797099371540813	230.0	36	1.05	0.95				
	315	2	136.18664984982456	27.495096499649126	0.0	0.0	3	1.0374053654183797	4.779101630789816	230.0	36	1.05	0.95				
	316	2	42.96108828070175	8.59221765614035	0.0	0.0	3	1.034743122961453	4.6446197636381354	230.0	36	1.05	0.95				
	317	1	0.0	0.0	0.0	0.0	3	1.0475868621091131	9.381505658979012	230.0	37	1.05	0.95				
	318	2	143.06042397473684	29.213540030877194	0.0	0.0	3	1.045074408026191	7.373223326882293	230.0	37	1.05	0.95				
	319	1	77.75956978807017	15.895602663859648	0.0	0.0	3	1.0262854536729977	3.549738420415956	230.0	35	1.05	0.95				
	320	1	54.99019299929825	11.169882952982455	0.0	0.0	3	1.0219798271918312	3.4276721629290026	230.0	35	1.05	0.95				
	321	2	0.0	0.0	0.0	0.0	3	1.0437798432591943	7.123305197432543	230.0	37	1.05	0.95				
	322	2	0.0	0.0	0.0	0.0	3	1.05	12.345225736904522	230.0	37	1.05	0.95				
	323	2	0.0	0.0	0.0	0.0	3	1.0201666076872433	3.6958456918081315	230.0	35	1.05	0.95				
	324	1	0.0	0.0	0.0	0.0	3	1.033791493964272	4.008443861828875	230.0	36	1.05	0.95				
	325	1	0.0	0.0	0.0	0.0	3	1.0211911094007002	4.3743717833509566	230.0	35	1.05	0.95				
];
