%% MATPOWER Case Format : Version 2
function mpc = RTS_GMLC
mpc.version = '2';

%%-----  Power Flow Data  -----%%
%% system MVA base
mpc.baseMVA = 100.0;
%% bus data
%    bus_i    type    Pd    Qd    Gs    Bs    area    Vm    Va    baseKV    zone    Vmax    Vmin
mpc.bus = [
	101	2	36.61900049557895	7.4594260268771935	0.0	0.0	1	0.9894949452884426	-5.595806756035656	138.0	11	1.05	0.95				
	102	2	32.88928748214035	6.781296388070176	0.0	0.0	1	0.9893371427363348	-5.764391296425065	138.0	12	1.05	0.95				
	103	1	61.031667492631584	12.545398317929827	0.0	0.0	1	1.022261199251269	0.8486200078724482	138.0	11	1.05	0.95				
	104	1	25.090796635859654	5.085972291052632	0.0	0.0	1	1.0039119871623337	-5.02790185713471	138.0	11	1.05	0.95				
	105	1	24.07360217764912	4.7469074716491235	0.0	0.0	1	1.0154845752339192	-5.813371884066695	138.0	11	1.05	0.95				
	106	1	46.112815438877206	9.493814943298247	0.0	-100.0	1	1.0384518728354286	-6.374175400287087	138.0	12	1.05	0.95				
	107	2	42.3831024254386	8.47662048508772	0.0	0.0	1	0.9860770606157917	-10.208877258650611	138.0	12	1.05	0.95				
	108	1	57.98008411800001	11.867268679122807	0.0	0.0	1	0.9987141517898988	-8.610110515736817	138.0	12	1.05	0.95				
	109	1	59.336343395614044	12.206333498526316	0.0	0.0	1	1.0253196623023397	-3.0224381120905894	138.0	13	1.05	0.95				
	110	1	66.11763978368421	13.562592776140352	0.0	0.0	1	1.05	-4.919573129980782	138.0	13	1.05	0.95				
	111	1	0.0	0.0	0.0	0.0	1	1.0170895957198238	0.0480242128929354	230.0	13	1.05	0.95				
	112	1	0.0	0.0	0.0	0.0	1	1.0124452934329984	-1.1923758597915686	230.0	13	1.05	0.95				
	113	3	89.85217714192983	18.309500247789476	0.0	0.0	1	0.99499105623057	-5.1955819327606645e-31	230.0	14	1.05	0.95				
	114	2	65.7785749642807	13.223527956736843	0.0	0.0	1	1.0464942896324954	4.0193448507559495	230.0	16	1.05	0.95				
	115	2	107.4835477509123	21.700148441824563	0.0	0.0	1	1.0421571426645377	13.704649693839478	230.0	16	1.05	0.95				
	116	2	33.90648194035088	6.781296388070176	0.0	0.0	1	1.0428288816752571	11.84802564312759	230.0	16	1.05	0.95				
	117	1	0.0	0.0	0.0	0.0	1	1.041247685314088	17.971058327138316	230.0	17	1.05	0.95				
	118	2	112.90858486136844	23.056407719438603	0.0	0.0	1	1.0499999956886752	18.629326686790407	230.0	17	1.05	0.95				
	119	1	61.370732312035095	12.545398317929827	0.0	0.0	1	1.0391603419762598	7.505755392815488	230.0	15	1.05	0.95				
	120	1	43.400296883649126	8.815685304491229	0.0	0.0	1	1.0421477240844008	4.38007006236932	230.0	15	1.05	0.95				
	121	2	0.0	0.0	0.0	0.0	1	1.0431554225754225	20.122852862509646	230.0	17	1.05	0.95				
	122	2	0.0	0.0	0.0	0.0	1	1.05	38.08495097915485	230.0	17	1.05	0.95				
	123	2	0.0	0.0	0.0	0.0	1	1.044710398247336	2.9221835012063746	230.0	15	1.05	0.95				
	124	1	0.0	0.0	0.0	0.0	1	1.0184833314840867	8.927938263743549	230.0	16	1.05	0.95				
	201	2	36.719660004631585	7.47993074168421	0.0	0.0	2	1.0132058644308832	-14.719799375406016	138.0	21	1.05	0.95				
	202	2	32.97969463378947	6.799937037894736	0.0	0.0	2	1.0123602701597854	-15.002251323541522	138.0	22	1.05	0.95				
	203	1	61.19943334105263	12.579883520105263	0.0	0.0	2	1.0135453480135423	-11.067705129022418	138.0	21	1.05	0.95				
	204	1	25.159767040210525	5.099952778421053	0.0	0.0	2	1.012632195866091	-14.851215463966952	138.0	21	1.05	0.95				
	205	1	24.139776484526312	4.759955926526316	0.0	0.0	2	1.0276298894104148	-15.241937988229424	138.0	21	1.05	0.95				
	206	1	46.23957185768421	9.519911853052632	0.0	-100.0	2	1.0440337045948382	-15.98983800099452	138.0	22	1.05	0.95				
	207	2	42.4996064868421	8.49992129736842	0.0	0.0	2	0.9962820556852287	-19.962459216733816	138.0	22	1.05	0.95				
	208	1	58.13946167399999	11.899889816315788	0.0	0.0	2	1.0040342810364031	-18.486250195018446	138.0	22	1.05	0.95				
	209	1	59.499449081578945	12.239886668210525	0.0	0.0	2	1.0219091629799286	-13.30845879709649	138.0	23	1.05	0.95				
	210	1	66.29938611947368	13.599874075789472	0.0	0.0	2	1.05	-14.665628601656048	138.0	23	1.05	0.95				
	211	1	0.0	0.0	0.0	0.0	2	1.0032316730918744	-10.82565522801917	230.0	23	1.05	0.95				
	212	1	0.0	0.0	0.0	0.0	2	1.0057632092497968	-10.36888517298754	230.0	23	1.05	0.95				
	213	2	90.09916575210526	18.359830002315793	0.0	0.0	2	0.9952725130566636	-9.81967878277446	230.0	24	1.05	0.95				
	214	2	65.95938926757894	13.259877223894737	0.0	0.0	2	1.0042131671288455	-8.411718414833317	230.0	26	1.05	0.95				
	215	2	107.77900205063158	21.759798521263157	0.0	0.0	2	1.023162465236382	-2.1711452166452423	230.0	26	1.05	0.95				
	216	2	33.99968518947368	6.799937037894736	0.0	0.0	2	1.0241934077302226	-2.977866384125982	230.0	26	1.05	0.95				
	217	1	0.0	0.0	0.0	0.0	2	1.032813519893528	-0.7493096613012031	230.0	27	1.05	0.95				
	218	2	113.21895168094738	23.119785928842106	0.0	0.0	2	1.0316839643774145	-1.124396758398952	230.0	27	1.05	0.95				
	219	1	61.539430192947364	12.579883520105263	0.0	0.0	2	1.0224231609442285	-3.514658912979377	230.0	25	1.05	0.95				
	220	1	43.519597042526314	8.839918149263157	0.0	0.0	2	1.022742413916283	-3.3096651889086104	230.0	25	1.05	0.95				
	221	2	0.0	0.0	0.0	0.0	2	1.0318572154585344	-0.6768751175861617	230.0	27	1.05	0.95				
	222	2	0.0	0.0	0.0	0.0	2	1.049999998895009	5.78945442645552	230.0	27	1.05	0.95				
	223	2	0.0	0.0	0.0	0.0	2	1.0231044826776172	-2.9309954383825394	230.0	25	1.05	0.95				
	224	1	0.0	0.0	0.0	0.0	2	1.0085415424270077	-5.503492667602376	230.0	26	1.05	0.95				
	301	2	42.09300852631579	8.574501736842105	0.0	0.0	3	1.0116670646261405	8.384857496734632	138.0	31	1.05	0.95				
	302	2	37.80575765789473	7.795001578947369	0.0	0.0	3	1.0114059902932142	8.040513632102188	138.0	32	1.05	0.95				
	303	1	70.15501421052632	14.420752921052632	0.0	0.0	3	1.05	21.520269829904517	138.0	31	1.05	0.95				
	304	1	28.841505842105263	5.846251184210526	0.0	0.0	3	1.011773658344551	8.982139089827735	138.0	31	1.05	0.95				
	305	1	27.672255605263157	5.4565011052631585	0.0	0.0	3	1.0260668800127266	6.984734255843464	138.0	31	1.05	0.95				
	306	1	53.0060107368421	10.913002210526317	0.0	-100.0	3	1.0421871164322345	5.717142536276467	138.0	32	1.05	0.95				
	307	2	48.71875986842105	9.74375197368421	0.0	0.0	3	0.9895174710746513	2.1822491578005376	138.0	32	1.05	0.95				
	308	1	66.6472635	13.641252763157894	0.0	0.0	3	0.99821212206785	3.9008271445195666	138.0	32	1.05	0.95				
	309	1	68.20626381578947	14.031002842105261	0.0	0.0	3	1.0235122065249127	11.364377278912697	138.0	33	1.05	0.95				
	310	1	76.00126539473683	15.590003157894738	0.0	0.0	3	1.05	6.843980711143289	138.0	33	1.05	0.95				
	311	1	0.0	0.0	0.0	0.0	3	1.0085706456072252	10.436500992074398	230.0	33	1.05	0.95				
	312	1	0.0	0.0	0.0	0.0	3	1.0128650092777365	10.486817910068924	230.0	33	1.05	0.95				
	313	2	103.28377092105264	21.046504263157896	0.0	0.0	3	1.0059501546810106	10.619594382338121	230.0	34	1.05	0.95				
	314	2	75.61151531578946	15.200253078947368	0.0	0.0	3	1.0050226637086466	11.720413633219849	230.0	36	1.05	0.95				
	315	2	123.55077502631578	24.944005052631578	0.0	0.0	3	1.0402708226468305	16.228650354789952	230.0	36	1.05	0.95				
	316	2	38.97500789473684	7.795001578947369	0.0	0.0	3	1.0355291384857213	15.780676911392167	230.0	36	1.05	0.95				
	317	1	0.0	0.0	0.0	0.0	3	1.05	20.486849793491405	230.0	37	1.05	0.95				
	318	2	129.7867762894737	26.50300536842105	0.0	0.0	3	1.0462765079421223	17.21302470312726	230.0	37	1.05	0.95				
	319	1	70.54476428947368	14.420752921052632	0.0	0.0	3	1.0264813259353667	14.236486688153393	230.0	35	1.05	0.95				
	320	1	49.888010105263156	10.133502052631579	0.0	0.0	3	1.0214517365286377	13.640812213864983	230.0	35	1.05	0.95				
	321	2	0.0	0.0	0.0	0.0	3	1.0452188328921361	17.552117350980417	230.0	37	1.05	0.95				
	322	2	0.0	0.0	0.0	0.0	3	1.05	23.046349890945347	230.0	37	1.05	0.95				
	323	2	0.0	0.0	0.0	0.0	3	1.019021004338728	13.616876344284778	230.0	35	1.05	0.95				
	324	1	0.0	0.0	0.0	0.0	3	1.0413235605019298	18.25418720983267	230.0	36	1.05	0.95				
	325	1	0.0	0.0	0.0	0.0	3	1.020262984677501	14.18258899501129	230.0	35	1.05	0.95				
];
