%% MATPOWER Case Format : Version 2
function mpc = RTS_GMLC
mpc.version = '2';

%%-----  Power Flow Data  -----%%
%% system MVA base
mpc.baseMVA = 100.0;
%% bus data
%    bus_i    type    Pd    Qd    Gs    Bs    area    Vm    Va    baseKV    zone    Vmax    Vmin
mpc.bus = [
	101	2	47.9614052463158	9.769915883508773	0.0	0.0	1	1.0341931830065094	2.3804930453971953	138.0	11	1.05	0.95				
	102	2	43.07644730456141	8.881741712280704	0.0	0.0	1	1.0337867634445699	2.2432038663225464	138.0	12	1.05	0.95				
	103	1	79.93567541052633	16.4312221677193	0.0	0.0	1	1.0283678359373716	0.12804595078607833	138.0	11	1.05	0.95				
	104	1	32.8624443354386	6.661306284210528	0.0	0.0	1	1.0214624217830623	-1.0867755941699404	138.0	11	1.05	0.95				
	105	1	31.530183078596497	6.217219198596493	0.0	0.0	1	1.0359324793862579	-0.851953863256605	138.0	11	1.05	0.95				
	106	1	60.39584364350878	12.434438397192986	0.0	-100.0	1	1.0450507779940248	-3.1158364141838457	138.0	12	1.05	0.95				
	107	2	55.5108857017544	11.102177140350879	0.0	0.0	1	1.0057584739770133	-7.402633248124539	138.0	12	1.05	0.95				
	108	1	75.93889164000001	15.54304799649123	0.0	0.0	1	1.0075917681807833	-6.664433429119763	138.0	12	1.05	0.95				
	109	1	77.71523998245615	15.987135082105263	0.0	0.0	1	1.0251205307248885	-2.015738616802212	138.0	13	1.05	0.95				
	110	1	86.59698169473685	17.763483424561407	0.0	0.0	1	1.05	-2.732410534295633	138.0	13	1.05	0.95				
	111	1	0.0	0.0	0.0	0.0	1	1.0040156662602142	-0.3342333678376137	230.0	13	1.05	0.95				
	112	1	0.0	0.0	0.0	0.0	1	1.0094074848983152	0.23474480704354964	230.0	13	1.05	0.95				
	113	3	117.6830776877193	23.9807026231579	0.0	0.0	1	0.9969901596402889	2.030722843792513e-28	230.0	14	1.05	0.95				
	114	2	86.15289460912282	17.31939633894737	0.0	0.0	1	1.0000119223122639	1.5408282590299174	230.0	16	1.05	0.95				
	115	2	140.77560613964914	28.42157347929825	0.0	0.0	1	1.0384741881100172	6.969944573004893	230.0	16	1.05	0.95				
	116	2	44.408708561403515	8.881741712280704	0.0	0.0	1	1.0343767922159282	6.749222880537986	230.0	16	1.05	0.95				
	117	1	0.0	0.0	0.0	0.0	1	1.0421114116072347	8.292918927965221	230.0	17	1.05	0.95				
	118	2	147.8809995094737	30.19792182175439	0.0	0.0	1	1.0445059612045957	8.18976835368058	230.0	17	1.05	0.95				
	119	1	80.37976249614036	16.4312221677193	0.0	0.0	1	1.0289330696071626	6.079740407524988	230.0	15	1.05	0.95				
	120	1	56.8431469585965	11.546264225964913	0.0	0.0	1	1.0272668787142467	6.357161944859684	230.0	15	1.05	0.95				
	121	2	0.0	0.0	0.0	0.0	1	1.048860903513147	9.10474995454683	230.0	17	1.05	0.95				
	122	2	0.0	0.0	0.0	0.0	1	1.05	15.313240512901064	230.0	17	1.05	0.95				
	123	2	0.0	0.0	0.0	0.0	1	1.0270335067971175	6.852063902979587	230.0	15	1.05	0.95				
	124	1	0.0	0.0	0.0	0.0	1	1.025652171535245	4.4130430176346085	230.0	16	1.05	0.95				
	201	2	53.957500408421055	10.991342675789472	0.0	0.0	2	1.0309502182776817	-7.9011868185457805	138.0	21	1.05	0.95				
	202	2	48.46182907052631	9.992129705263158	0.0	0.0	2	1.0313644650756055	-7.883448902479396	138.0	22	1.05	0.95				
	203	1	89.92916734736842	18.48543995473684	0.0	0.0	2	1.019416694843444	-7.2550537083761695	138.0	21	1.05	0.95				
	204	1	36.97087990947368	7.494097278947367	0.0	0.0	2	1.018729590113807	-10.110898891518143	138.0	21	1.05	0.95				
	205	1	35.47206045368421	6.994490793684211	0.0	0.0	2	1.0341047763203797	-10.280022317148502	138.0	21	1.05	0.95				
	206	1	67.94648199578947	13.988981587368421	0.0	-100.0	2	1.0434399890516193	-12.08336462066185	138.0	22	1.05	0.95				
	207	2	62.45081065789473	12.490162131578947	0.0	0.0	2	0.9891448300537621	-19.611855361878007	138.0	22	1.05	0.95				
	208	1	85.43270898	17.486226984210525	0.0	0.0	2	0.9936158685764923	-17.292936721992103	138.0	22	1.05	0.95				
	209	1	87.43113492105263	17.985833469473683	0.0	0.0	2	1.0232003912755618	-9.899060478634512	138.0	23	1.05	0.95				
	210	1	97.42326462631578	19.984259410526317	0.0	0.0	2	1.05	-11.106724152386171	138.0	23	1.05	0.95				
	211	1	0.0	0.0	0.0	0.0	2	1.0089733029190588	-6.961426407720593	230.0	23	1.05	0.95				
	212	1	0.0	0.0	0.0	0.0	2	1.010931321711863	-6.389164009046396	230.0	23	1.05	0.95				
	213	2	132.39571859473682	26.978750204210527	0.0	0.0	2	1.0046502583185546	-6.038621658458705	230.0	24	1.05	0.95				
	214	2	96.92365814105263	19.484652925263156	0.0	0.0	2	1.0131960151635593	-4.154389112017218	230.0	26	1.05	0.95				
	215	2	158.37525582842105	31.974815056842104	0.0	0.0	2	1.0307518524568706	2.944298239496516	230.0	26	1.05	0.95				
	216	2	49.96064852631579	9.992129705263158	0.0	0.0	2	1.032801167113542	2.8346279682449835	230.0	26	1.05	0.95				
	217	1	0.0	0.0	0.0	0.0	2	1.037478400735892	5.8110830919126775	230.0	27	1.05	0.95				
	218	2	166.36895959263157	33.973240997894735	0.0	0.0	2	1.0393270011451168	6.346505849644539	230.0	27	1.05	0.95				
	219	1	90.42877383263158	18.48543995473684	0.0	0.0	2	1.0317448817103778	1.8520723301152293	230.0	25	1.05	0.95				
	220	1	63.94963011368421	12.989768616842104	0.0	0.0	2	1.0345993820054005	1.9608813799319829	230.0	25	1.05	0.95				
	221	2	0.0	0.0	0.0	0.0	2	1.0389729415306412	5.968230111046032	230.0	27	1.05	0.95				
	222	2	0.0	0.0	0.0	0.0	2	1.05	12.40762195821294	230.0	27	1.05	0.95				
	223	2	0.0	0.0	0.0	0.0	2	1.0370546760261126	2.3958383424522216	230.0	25	1.05	0.95				
	224	1	0.0	0.0	0.0	0.0	2	1.0138963061824229	-0.8721909148290952	230.0	26	1.05	0.95				
	301	2	49.50711799578948	10.084783295438598	0.0	0.0	3	1.0087754821123631	-21.17835934511473	138.0	31	1.05	0.95				
	302	2	44.46472634807018	9.167984814035089	0.0	0.0	3	1.0081775313810213	-21.321994490880623	138.0	32	1.05	0.95				
	303	1	82.51186332631579	16.960771905964915	0.0	0.0	3	1.027870289079203	-14.537277336911206	138.0	31	1.05	0.95				
	304	1	33.92154381192983	6.875988610526316	0.0	0.0	3	1.0101419566122285	-19.864718759155487	138.0	31	1.05	0.95				
	305	1	32.54634608982456	6.4175893698245625	0.0	0.0	3	1.0234439608341583	-20.727738807366254	138.0	31	1.05	0.95				
	306	1	62.34229673543861	12.835178739649125	0.0	-100.0	3	1.0396229745508405	-21.01597042426671	138.0	32	1.05	0.95				
	307	2	57.2999050877193	11.45998101754386	0.0	0.0	3	0.9934128070162684	-26.066818035250915	138.0	32	1.05	0.95				
	308	1	78.38627016000001	16.043973424561404	0.0	0.0	3	0.9985446671638394	-23.975813556277934	138.0	32	1.05	0.95				
	309	1	80.21986712280702	16.50237266526316	0.0	0.0	3	1.0263732568662551	-16.797024759965147	138.0	33	1.05	0.95				
	310	1	89.38785193684211	18.335969628070178	0.0	0.0	3	1.05	-18.802334118457832	138.0	33	1.05	0.95				
	311	1	0.0	0.0	0.0	0.0	3	1.0101860744981948	-12.80293004420046	230.0	33	1.05	0.95				
	312	1	0.0	0.0	0.0	0.0	3	1.0121378240613081	-12.368289731565747	230.0	33	1.05	0.95				
	313	2	121.47579878596491	24.75355899789474	0.0	0.0	3	1.012160898045997	-9.375564637468432	230.0	34	1.05	0.95				
	314	2	88.92945269614036	17.877570387368422	0.0	0.0	3	1.0142213547283563	-10.731923145691376	230.0	36	1.05	0.95				
	315	2	145.31255930245615	29.337551404912283	0.0	0.0	3	1.0384497415397598	-5.4321438288938815	230.0	36	1.05	0.95				
	316	2	45.83992407017544	9.167984814035089	0.0	0.0	3	1.037106963123233	-5.070958956518636	230.0	36	1.05	0.95				
	317	1	0.0	0.0	0.0	0.0	3	1.0413566282151372	-3.3477924639565644	230.0	37	1.05	0.95				
	318	2	152.64694715368424	31.171148367719304	0.0	0.0	3	1.0413867258638936	-3.0637567016029927	230.0	37	1.05	0.95				
	319	1	82.97026256701756	16.960771905964915	0.0	0.0	3	1.0326247183869501	-6.113160623746066	230.0	35	1.05	0.95				
	320	1	58.675102809824565	11.918380258245616	0.0	0.0	3	1.032040246330797	-6.139542819721201	230.0	35	1.05	0.95				
	321	2	0.0	0.0	0.0	0.0	3	1.0439819079488182	-2.426103150798387	230.0	37	1.05	0.95				
	322	2	0.0	0.0	0.0	0.0	3	1.05	1.537892976185284	230.0	37	1.05	0.95				
	323	2	0.0	0.0	0.0	0.0	3	1.0323916931872779	-5.805327094566958	230.0	35	1.05	0.95				
	324	1	0.0	0.0	0.0	0.0	3	1.0230683804244611	-8.84014159373529	230.0	36	1.05	0.95				
	325	1	0.0	0.0	0.0	0.0	3	1.029357117360033	-4.555345537189424	230.0	35	1.05	0.95				
];
