%% MATPOWER Case Format : Version 2
function mpc = RTS_GMLC
mpc.version = '2';

%%-----  Power Flow Data  -----%%
%% system MVA base
mpc.baseMVA = 100.0;
%% bus data
%    bus_i    type    Pd    Qd    Gs    Bs    area    Vm    Va    baseKV    zone    Vmax    Vmin
mpc.bus = [
	101	2	86.77140029052633	17.675655614736844	0.0	0.0	1	1.0462026812086662	0.36423622598029765	138.0	11	1.05	0.95				
	102	2	77.9335724831579	16.068777831578952	0.0	0.0	1	1.0457399591562062	0.1478117742943793	138.0	12	1.05	0.95				
	103	1	144.61900048421055	29.727238988421057	0.0	0.0	1	1.0264208937846355	-1.1491307072861758	138.0	11	1.05	0.95				
	104	1	59.454477976842114	12.05158337368421	0.0	0.0	1	1.023818600495054	-3.4746858518501895	138.0	11	1.05	0.95				
	105	1	57.044161302105266	11.248144482105266	0.0	0.0	1	1.0365106172229936	-3.9521933304334635	138.0	11	1.05	0.95				
	106	1	109.26768925473687	22.49628896421053	0.0	-100.0	1	1.0368445516453046	-7.130523260587709	138.0	12	1.05	0.95				
	107	2	100.42986144736842	20.085972289473688	0.0	0.0	1	1.05	-5.772790562641243	138.0	12	1.05	0.95				
	108	1	137.38805046	28.120361205263155	0.0	0.0	1	1.024155697983122	-7.956634761166861	138.0	12	1.05	0.95				
	109	1	140.6018060263158	28.923800096842108	0.0	0.0	1	1.0273895803703488	-4.312894075071287	138.0	13	1.05	0.95				
	110	1	156.67058385789474	32.137555663157904	0.0	0.0	1	1.05	-5.865680503880217	138.0	13	1.05	0.95				
	111	1	0.0	0.0	0.0	0.0	1	1.014114215394316	-1.7971324730538325	230.0	13	1.05	0.95				
	112	1	0.0	0.0	0.0	0.0	1	1.0174435358600633	-1.1166914099905412	230.0	13	1.05	0.95				
	113	3	212.91130626842104	43.385700145263165	0.0	0.0	1	1.0160563589738363	-3.8807011938642626e-27	230.0	14	1.05	0.95				
	114	2	155.8671449663158	31.33411677157895	0.0	0.0	1	1.0149975031420349	-0.027839757427828835	230.0	16	1.05	0.95				
	115	2	254.69012863052632	51.42008906105263	0.0	0.0	1	1.0443302110822537	8.218096329750926	230.0	16	1.05	0.95				
	116	2	80.34388915789475	16.068777831578952	0.0	0.0	1	1.0422775516307838	7.335430458197122	230.0	16	1.05	0.95				
	117	1	0.0	0.0	0.0	0.0	1	1.0456516995580198	10.421528320381242	230.0	17	1.05	0.95				
	118	2	267.5451508957895	54.63384462736843	0.0	0.0	1	1.0476133301982322	10.98829224354809	230.0	17	1.05	0.95				
	119	1	145.42243937578948	29.727238988421057	0.0	0.0	1	1.035630494387215	5.742054552140151	230.0	15	1.05	0.95				
	120	1	102.84017812210526	20.889411181052633	0.0	0.0	1	1.0362416916826223	5.370370751308723	230.0	15	1.05	0.95				
	121	2	0.0	0.0	0.0	0.0	1	1.05	12.857195683065141	230.0	17	1.05	0.95				
	122	2	0.0	0.0	0.0	0.0	1	1.05	18.701542762116542	230.0	17	1.05	0.95				
	123	2	0.0	0.0	0.0	0.0	1	1.038809011934291	5.762573791315276	230.0	15	1.05	0.95				
	124	1	0.0	0.0	0.0	0.0	1	1.0258378929886935	4.737586093448452	230.0	16	1.05	0.95				
	201	2	88.53518023578948	18.034944122105262	0.0	0.0	2	1.037991359594535	-14.250415520044392	138.0	21	1.05	0.95				
	202	2	79.51770817473684	16.39540374736842	0.0	0.0	2	1.040945090007478	-14.375773366698347	138.0	22	1.05	0.95				
	203	1	147.5586337263158	30.331496932631573	0.0	0.0	2	1.025428749129607	-10.597149732333865	138.0	21	1.05	0.95				
	204	1	60.66299386526315	12.296552810526315	0.0	0.0	2	1.0186757629656993	-15.571401968731939	138.0	21	1.05	0.95				
	205	1	58.20368330315788	11.476782623157895	0.0	0.0	2	1.0335106710341357	-16.058895259825857	138.0	21	1.05	0.95				
	206	1	111.48874548210526	22.95356524631579	0.0	-100.0	2	1.0367246272572936	-17.84372233484357	138.0	22	1.05	0.95				
	207	2	102.47127342105262	20.494254684210524	0.0	0.0	2	0.95	-29.16136977034641	138.0	22	1.05	0.95				
	208	1	140.18070204	28.69195655789473	0.0	0.0	2	0.9559925680398519	-25.395606008164698	138.0	22	1.05	0.95				
	209	1	143.45978278947368	29.511726745263157	0.0	0.0	2	1.0268268796907631	-13.241906737173666	138.0	23	1.05	0.95				
	210	1	159.8551865368421	32.79080749473684	0.0	0.0	2	1.05	-15.314677364190635	138.0	23	1.05	0.95				
	211	1	0.0	0.0	0.0	0.0	2	1.0344756466279852	-9.37536226431817	230.0	23	1.05	0.95				
	212	1	0.0	0.0	0.0	0.0	2	1.0287353340781122	-4.129866835488052	230.0	23	1.05	0.95				
	213	2	217.23909965263158	44.26759011789474	0.0	0.0	2	1.05	-6.56845669624148	230.0	24	1.05	0.95				
	214	2	159.03541634947368	31.971037307368423	0.0	0.0	2	1.05	-7.15790361245479	230.0	26	1.05	0.95				
	215	2	259.86714939578945	52.465291991578944	0.0	0.0	2	1.045966868288358	1.178650122749827	230.0	26	1.05	0.95				
	216	2	81.9770187368421	16.39540374736842	0.0	0.0	2	1.0494119665904813	1.032816587099103	230.0	26	1.05	0.95				
	217	1	0.0	0.0	0.0	0.0	2	1.049275229444816	3.8029119143404246	230.0	27	1.05	0.95				
	218	2	272.98347239368417	55.74437274105263	0.0	0.0	2	1.0499901944749976	4.058566269557666	230.0	27	1.05	0.95				
	219	1	148.3784039136842	30.331496932631573	0.0	0.0	2	1.0433698896106092	1.1810133179152087	230.0	25	1.05	0.95				
	220	1	104.93058398315789	21.314024871578948	0.0	0.0	2	1.0456760232968696	2.8429202079767606	230.0	25	1.05	0.95				
	221	2	0.0	0.0	0.0	0.0	2	1.05	4.159993968189753	230.0	27	1.05	0.95				
	222	2	0.0	0.0	0.0	0.0	2	1.05	10.532258539931474	230.0	27	1.05	0.95				
	223	2	0.0	0.0	0.0	0.0	2	1.05	4.348273967004328	230.0	25	1.05	0.95				
	224	1	0.0	0.0	0.0	0.0	2	1.0234760040790658	-3.1925029730317602	230.0	26	1.05	0.95				
	301	2	74.12401140631579	15.099335656842106	0.0	0.0	3	0.9838537556268018	1.9648564740815524	138.0	31	1.05	0.95				
	302	2	66.57434357789474	13.726668778947367	0.0	0.0	3	0.9862299317595993	1.892106928856804	138.0	32	1.05	0.95				
	303	1	123.54001901052631	25.394337241052632	0.0	0.0	3	1.001113736914392	5.667119862132219	138.0	31	1.05	0.95				
	304	1	50.788674482105264	10.295001584210526	0.0	0.0	3	0.9840830811057665	4.530280270026342	138.0	31	1.05	0.95				
	305	1	48.729674165263155	9.60866814526316	0.0	0.0	3	0.9953690221627788	4.416525755901303	138.0	31	1.05	0.95				
	306	1	93.34134769684212	19.21733629052632	0.0	-100.0	3	1.0104585722843118	5.005030102283627	138.0	32	1.05	0.95				
	307	2	85.79167986842106	17.15833597368421	0.0	0.0	3	0.960192505845435	0.5343170944720512	138.0	32	1.05	0.95				
	308	1	117.36301806	24.02167036315789	0.0	0.0	3	0.9723309557700134	3.805552661334148	138.0	32	1.05	0.95				
	309	1	120.10835181578948	24.708003802105264	0.0	0.0	3	1.0087353399369392	9.583189946657809	138.0	33	1.05	0.95				
	310	1	133.83502059473685	27.453337557894734	0.0	0.0	3	1.0295433154721563	9.15045999673217	138.0	33	1.05	0.95				
	311	1	0.0	0.0	0.0	0.0	3	1.0013184241322732	16.77344093106506	230.0	33	1.05	0.95				
	312	1	0.0	0.0	0.0	0.0	3	1.007088525283669	18.25546415385139	230.0	33	1.05	0.95				
	313	2	181.8783613210526	37.062005703157894	0.0	0.0	3	1.035519494915805	26.674720123973106	230.0	34	1.05	0.95				
	314	2	133.14868715578947	26.76700411894737	0.0	0.0	3	1.0073166728001055	15.199195789779063	230.0	36	1.05	0.95				
	315	2	217.5677001463158	43.92534009263158	0.0	0.0	3	1.035538592793193	9.587097774741101	230.0	36	1.05	0.95				
	316	2	68.63334389473684	13.726668778947367	0.0	0.0	3	1.0363290178482578	11.414620854715013	230.0	36	1.05	0.95				
	317	1	0.0	0.0	0.0	0.0	3	1.0405114451856747	10.215571286848071	230.0	37	1.05	0.95				
	318	2	228.54903516947365	46.67067384842106	0.0	0.0	3	1.039005634129873	8.803539680627493	230.0	37	1.05	0.95				
	319	1	124.2263524494737	25.394337241052632	0.0	0.0	3	1.0337991256376209	14.152629102229046	230.0	35	1.05	0.95				
	320	1	87.85068018526316	17.844669412631582	0.0	0.0	3	1.0356050882546872	16.392486381931736	230.0	35	1.05	0.95				
	321	2	0.0	0.0	0.0	0.0	3	1.0394230813857277	9.640973637183153	230.0	37	1.05	0.95				
	322	2	0.0	0.0	0.0	0.0	3	1.05	14.183083019585073	230.0	37	1.05	0.95				
	323	2	0.0	0.0	0.0	0.0	3	1.036789882340347	17.203489539651635	230.0	35	1.05	0.95				
	324	1	0.0	0.0	0.0	0.0	3	1.0186032151165603	10.082629147890067	230.0	36	1.05	0.95				
	325	1	0.0	0.0	0.0	0.0	3	1.0392899630671502	16.84026090848893	230.0	35	1.05	0.95				
];
