%% MATPOWER Case Format : Version 2
function mpc = RTS_GMLC
mpc.version = '2';

%%-----  Power Flow Data  -----%%
%% system MVA base
mpc.baseMVA = 100.0;
%% bus data
%    bus_i    type    Pd    Qd    Gs    Bs    area    Vm    Va    baseKV    zone    Vmax    Vmin
mpc.bus = [
	101	2	43.17862445052632	8.795645721403508	0.0	0.0	1	1.0050180717612331	-8.09728796973959	138.0	11	1.05	0.95				
	102	2	38.78080158982456	7.996041564912282	0.0	0.0	1	1.005217662374454	-8.28800517470612	138.0	12	1.05	0.95				
	103	1	71.96437408421052	14.79267689508772	0.0	0.0	1	0.9963106676067555	-1.4168573471031782	138.0	11	1.05	0.95				
	104	1	29.58535379017544	5.99703117368421	0.0	0.0	1	0.9971926060797808	-7.147746350968196	138.0	11	1.05	0.95				
	105	1	28.385947555438594	5.597229095438597	0.0	0.0	1	1.0133262903383928	-7.944983641456048	138.0	11	1.05	0.95				
	106	1	54.37308264140351	11.194458190877194	0.0	-100.0	1	1.0262165066153395	-8.364886666505276	138.0	12	1.05	0.95				
	107	2	49.975259780701755	9.995051956140351	0.0	0.0	1	0.9882473269835851	-9.779613056350678	138.0	12	1.05	0.95				
	108	1	68.36615538	13.99307273859649	0.0	0.0	1	0.9901002480076113	-9.275336081550584	138.0	12	1.05	0.95				
	109	1	69.96536369298245	14.392874816842106	0.0	0.0	1	1.0027383437329171	-4.524522037956071	138.0	13	1.05	0.95				
	110	1	77.96140525789474	15.992083129824564	0.0	0.0	1	1.0314964209652007	-6.463096520228143	138.0	13	1.05	0.95				
	111	1	0.0	0.0	0.0	0.0	1	0.9845376856232395	-1.085852282247729	230.0	13	1.05	0.95				
	112	1	0.0	0.0	0.0	0.0	1	0.9839028303732849	-1.9159637823008944	230.0	13	1.05	0.95				
	113	3	105.94755073508773	21.58931222526316	0.0	0.0	1	0.9674459182679886	1.0766086800959255e-29	230.0	14	1.05	0.95				
	114	2	77.56160317964913	15.592281051578949	0.0	0.0	1	0.997834211701561	2.487927988894339	230.0	16	1.05	0.95				
	115	2	126.73725880385965	25.587333007719298	0.0	0.0	1	0.9942554042425087	11.880862309448071	230.0	16	1.05	0.95				
	116	2	39.980207824561404	7.996041564912282	0.0	0.0	1	0.9934742069391037	10.326259905683441	230.0	16	1.05	0.95				
	117	1	0.0	0.0	0.0	0.0	1	0.9956361509220207	16.34383411305296	230.0	17	1.05	0.95				
	118	2	133.13409205578947	27.186541320701757	0.0	0.0	1	1.005336197358592	16.875697518073252	230.0	17	1.05	0.95				
	119	1	72.36417616245615	14.79267689508772	0.0	0.0	1	0.9926796444017219	6.544581615652464	230.0	15	1.05	0.95				
	120	1	51.174666015438596	10.394854034385965	0.0	0.0	1	0.9975157843571496	3.9417110422834423	230.0	15	1.05	0.95				
	121	2	0.0	0.0	0.0	0.0	1	1.005784152102718	18.2594989126096	230.0	17	1.05	0.95				
	122	2	0.0	0.0	0.0	0.0	1	1.009829281117517	36.77272103148634	230.0	17	1.05	0.95				
	123	2	0.0	0.0	0.0	0.0	1	1.00115021201029	2.843679796286042	230.0	15	1.05	0.95				
	124	1	0.0	0.0	0.0	0.0	1	0.9788828201778629	6.840178708431687	230.0	16	1.05	0.95				
	201	2	42.34660791157896	8.626160870877193	0.0	0.0	2	1.0112386714532624	-7.687566464808027	138.0	21	1.05	0.95				
	202	2	38.03352747614036	7.841964428070177	0.0	0.0	2	1.0100679112409785	-7.841804929316444	138.0	22	1.05	0.95				
	203	1	70.57767985263159	14.507634191929824	0.0	0.0	2	0.9976066761070556	-6.287772505791992	138.0	21	1.05	0.95				
	204	1	29.01526838385965	5.881473321052632	0.0	0.0	2	1.0017811602762603	-6.908799168534006	138.0	21	1.05	0.95				
	205	1	27.838973719649125	5.4893750996491235	0.0	0.0	2	1.0176770221749563	-7.140397535294243	138.0	21	1.05	0.95				
	206	1	53.3253581108772	10.978750199298247	0.0	-100.0	2	1.0294743815279044	-7.3308760145606495	138.0	22	1.05	0.95				
	207	2	49.0122776754386	9.80245553508772	0.0	0.0	2	0.9718521698805334	-12.046465528360601	138.0	22	1.05	0.95				
	208	1	67.04879586000001	13.723437749122807	0.0	0.0	2	0.9809761554103826	-10.258221202257642	138.0	22	1.05	0.95				
	209	1	68.61718874561404	14.115535970526317	0.0	0.0	2	1.0067106481301742	-4.46976023473737	138.0	23	1.05	0.95				
	210	1	76.45915317368421	15.683928856140353	0.0	0.0	2	1.0338908938727118	-5.290774124493341	138.0	23	1.05	0.95				
	211	1	0.0	0.0	0.0	0.0	2	0.986655709194971	-2.2491663084990896	230.0	23	1.05	0.95				
	212	1	0.0	0.0	0.0	0.0	2	0.9884173250596371	3.1318708065262024	230.0	23	1.05	0.95				
	213	2	103.90602867192985	21.17330395578948	0.0	0.0	2	0.9816997035387219	0.524950525142401	230.0	24	1.05	0.95				
	214	2	76.06705495228071	15.291830634736844	0.0	0.0	2	0.9824527680953014	-1.899698287081413	230.0	26	1.05	0.95				
	215	2	124.29513618491228	25.094286169824564	0.0	0.0	2	0.9910340982405956	0.9405382341127352	230.0	26	1.05	0.95				
	216	2	39.20982214035088	7.841964428070177	0.0	0.0	2	0.9889648796564192	1.1885544591767805	230.0	26	1.05	0.95				
	217	1	0.0	0.0	0.0	0.0	2	1.0000559701149137	1.9388200499132886	230.0	27	1.05	0.95				
	218	2	130.56870772736843	26.6626790554386	0.0	0.0	2	1.0006320652479406	1.4334703116695724	230.0	27	1.05	0.95				
	219	1	70.96977807403509	14.507634191929824	0.0	0.0	2	0.9816092646783479	2.596039101029431	230.0	25	1.05	0.95				
	220	1	50.18857233964913	10.194553756491228	0.0	0.0	2	0.9786583873190358	4.670745265264163	230.0	25	1.05	0.95				
	221	2	0.0	0.0	0.0	0.0	2	1.0026972065016357	1.9422044518282262	230.0	27	1.05	0.95				
	222	2	0.0	0.0	0.0	0.0	2	1.0207875327170686	7.474239362745807	230.0	27	1.05	0.95				
	223	2	0.0	0.0	0.0	0.0	2	0.9784587489204714	6.150122352311264	230.0	25	1.05	0.95				
	224	1	0.0	0.0	0.0	0.0	2	0.9845306292018167	-1.8145302812853985	230.0	26	1.05	0.95				
	301	2	63.08826320842106	12.851312875789473	0.0	0.0	3	1.0040827534477677	25.323422258354267	138.0	31	1.05	0.95				
	302	2	56.66260677052632	11.683011705263159	0.0	0.0	3	1.0047190007042843	24.914065228840048	138.0	32	1.05	0.95				
	303	1	105.14710534736842	21.61357165473684	0.0	0.0	3	1.0187443406582102	41.25718323791219	138.0	31	1.05	0.95				
	304	1	43.22714330947368	8.762258778947368	0.0	0.0	3	0.9930090587526755	26.440528724755392	138.0	31	1.05	0.95				
	305	1	41.47469155368421	8.178108193684212	0.0	0.0	3	1.011833506536226	24.68071629031571	138.0	31	1.05	0.95				
	306	1	79.44447959578947	16.356216387368423	0.0	-100.0	3	1.0230207635888924	23.637315741308132	138.0	32	1.05	0.95				
	307	2	73.01882315789474	14.603764631578947	0.0	0.0	3	0.963160189870273	18.319942589507786	138.0	32	1.05	0.95				
	308	1	99.88975008	20.445270484210525	0.0	0.0	3	0.9704934624718546	21.143822475339913	138.0	32	1.05	0.95				
	309	1	102.22635242105262	21.029421069473685	0.0	0.0	3	1.0035851953197688	30.190407917661943	138.0	33	1.05	0.95				
	310	1	113.90936412631578	23.366023410526317	0.0	0.0	3	1.034605442511244	25.958532352653386	138.0	33	1.05	0.95				
	311	1	0.0	0.0	0.0	0.0	3	0.9964945783005569	30.951360277019734	230.0	33	1.05	0.95				
	312	1	0.0	0.0	0.0	0.0	3	1.0032365274609236	30.86331023583388	230.0	33	1.05	0.95				
	313	2	154.79990509473686	31.54413160421053	0.0	0.0	3	1.0052235439497865	32.82084842008144	230.0	34	1.05	0.95				
	314	2	113.32521354105263	22.781872825263157	0.0	0.0	3	0.9922979728811858	32.25287067491342	230.0	36	1.05	0.95				
	315	2	185.17573552842103	37.385637456842105	0.0	0.0	3	0.9903827728986916	32.07681054372166	230.0	36	1.05	0.95				
	316	2	58.41505852631579	11.683011705263159	0.0	0.0	3	0.9836501163628228	32.24972210235066	230.0	36	1.05	0.95				
	317	1	0.0	0.0	0.0	0.0	3	0.995329805233768	35.20005414707401	230.0	37	1.05	0.95				
	318	2	194.5221448926316	39.72223979789474	0.0	0.0	3	0.9875782170124423	31.238176350120177	230.0	37	1.05	0.95				
	319	1	105.73125593263157	21.61357165473684	0.0	0.0	3	0.9931653229971141	31.49901932125223	230.0	35	1.05	0.95				
	320	1	74.77127491368421	15.187915216842104	0.0	0.0	3	1.0028818435491405	30.33966349625731	230.0	35	1.05	0.95				
	321	2	0.0	0.0	0.0	0.0	3	0.9963320724189728	32.05189551458884	230.0	37	1.05	0.95				
	322	2	0.0	0.0	0.0	0.0	3	1.0139627688478126	36.45951370279919	230.0	37	1.05	0.95				
	323	2	0.0	0.0	0.0	0.0	3	1.0083677032193963	29.63314995178605	230.0	35	1.05	0.95				
	324	1	0.0	0.0	0.0	0.0	3	1.0006425824316187	37.286027742682926	230.0	36	1.05	0.95				
	325	1	0.0	0.0	0.0	0.0	3	1.0093630538106437	28.67591586721069	230.0	35	1.05	0.95				
];
