%% MATPOWER Case Format : Version 2
function mpc = RTS_GMLC
mpc.version = '2';

%%-----  Power Flow Data  -----%%
%% system MVA base
mpc.baseMVA = 100.0;
%% bus data
%    bus_i    type    Pd    Qd    Gs    Bs    area    Vm    Va    baseKV    zone    Vmax    Vmin
mpc.bus = [
	101	2	50.51311230315789	10.289708061754386	0.0	0.0	1	1.0298782315333208	1.7256192847862315	138.0	11	1.05	0.95				
	102	2	45.3682582722807	9.354280056140352	0.0	0.0	1	1.0288940481428164	1.4229867304665331	138.0	12	1.05	0.95				
	103	1	84.18852050526316	17.305418103859648	0.0	0.0	1	1.0293199521004281	1.845100914346383	138.0	11	1.05	0.95				
	104	1	34.610836207719295	7.015710042105263	0.0	0.0	1	1.0189085081053217	-1.4099734466041685	138.0	11	1.05	0.95				
	105	1	33.207694199298246	6.547996039298246	0.0	0.0	1	1.0335343798727352	-1.3664229634419063	138.0	11	1.05	0.95				
	106	1	63.60910438175439	13.095992078596492	0.0	-100.0	1	1.0433696422661305	-3.607698254744062	138.0	12	1.05	0.95				
	107	2	58.46425035087719	11.692850070175439	0.0	0.0	1	0.9993268547260047	-9.988598474343016	138.0	12	1.05	0.95				
	108	1	79.97909447999999	16.369990098245612	0.0	0.0	1	1.0018452834332314	-8.23052504815293	138.0	12	1.05	0.95				
	109	1	81.84995049122806	16.83770410105263	0.0	0.0	1	1.0248439755754797	-1.819277230653386	138.0	13	1.05	0.95				
	110	1	91.20423054736841	18.708560112280704	0.0	0.0	1	1.05	-3.0137401137461755	138.0	13	1.05	0.95				
	111	1	0.0	0.0	0.0	0.0	1	1.0080077452714187	0.4571697441173578	230.0	13	1.05	0.95				
	112	1	0.0	0.0	0.0	0.0	1	1.0111153741369698	0.30298409595474685	230.0	13	1.05	0.95				
	113	3	123.94421074385964	25.256556151578945	0.0	0.0	1	1.0005874661470113	2.4744192545776037e-29	230.0	14	1.05	0.95				
	114	2	90.7365165445614	18.240846109473686	0.0	0.0	1	1.0116964979474845	3.8116197676757144	230.0	16	1.05	0.95				
	115	2	148.26533888982456	29.93369617964912	0.0	0.0	1	1.0452063024876947	12.145078253143733	230.0	16	1.05	0.95				
	116	2	46.771400280701755	9.354280056140352	0.0	0.0	1	1.0410932484511408	11.247202647298108	230.0	16	1.05	0.95				
	117	1	0.0	0.0	0.0	0.0	1	1.043057961155398	15.240480248704259	230.0	17	1.05	0.95				
	118	2	155.74876293473682	31.804552190877196	0.0	0.0	1	1.0496417254133903	15.059679637278519	230.0	17	1.05	0.95				
	119	1	84.65623450807017	17.305418103859648	0.0	0.0	1	1.0334414213382153	8.820100704936324	230.0	15	1.05	0.95				
	120	1	59.86739235929824	12.160564072982456	0.0	0.0	1	1.0312206785449456	7.592114918259505	230.0	15	1.05	0.95				
	121	2	0.0	0.0	0.0	0.0	1	1.05	16.006722424791466	230.0	17	1.05	0.95				
	122	2	0.0	0.0	0.0	0.0	1	1.05	32.96440106316022	230.0	17	1.05	0.95				
	123	2	0.0	0.0	0.0	0.0	1	1.030712868159187	7.2709659774531135	230.0	15	1.05	0.95				
	124	1	0.0	0.0	0.0	0.0	1	1.0263493525612446	8.307481279580827	230.0	16	1.05	0.95				
	201	2	51.47552338105263	10.485754762807018	0.0	0.0	2	1.0248197886420276	-10.778074830549174	138.0	21	1.05	0.95				
	202	2	46.23264599964912	9.532504329824562	0.0	0.0	2	1.0257395333711734	-10.616687280171288	138.0	22	1.05	0.95				
	203	1	85.79253896842106	17.635133010175437	0.0	0.0	2	1.0176030704817143	-9.235568278220029	138.0	21	1.05	0.95				
	204	1	35.270266020350874	7.149378247368421	0.0	0.0	2	1.0167365634271317	-12.270127655310665	138.0	21	1.05	0.95				
	205	1	33.840390370877195	6.672753030877193	0.0	0.0	2	1.0314958455308376	-12.615948850265138	138.0	21	1.05	0.95				
	206	1	64.82102944280702	13.345506061754387	0.0	-100.0	2	1.042961341207517	-14.07107606653817	138.0	22	1.05	0.95				
	207	2	59.578152061403514	11.915630412280702	0.0	0.0	2	0.9896421086969129	-20.951872075485394	138.0	22	1.05	0.95				
	208	1	81.50291202	16.681882577192983	0.0	0.0	2	0.9949065459570119	-18.759511566927408	138.0	22	1.05	0.95				
	209	1	83.40941288596491	17.158507793684212	0.0	0.0	2	1.0231774724738814	-11.665735210105053	138.0	23	1.05	0.95				
	210	1	92.94191721578947	19.065008659649124	0.0	0.0	2	1.05	-12.950247295893949	138.0	23	1.05	0.95				
	211	1	0.0	0.0	0.0	0.0	2	1.0087391171895403	-8.632056082858014	230.0	23	1.05	0.95				
	212	1	0.0	0.0	0.0	0.0	2	1.0108935593073138	-8.099664156497306	230.0	23	1.05	0.95				
	213	2	126.30568237017543	25.737761690526316	0.0	0.0	2	1.0045740709004771	-7.658788353693837	230.0	24	1.05	0.95				
	214	2	92.46529199929824	18.588383443157895	0.0	0.0	2	1.0130856566083575	-5.732654454870411	230.0	26	1.05	0.95				
	215	2	151.0901936277193	30.5040138554386	0.0	0.0	2	1.031147320981294	1.5175943701433408	230.0	26	1.05	0.95				
	216	2	47.66252164912281	9.532504329824562	0.0	0.0	2	1.0330324075580022	1.234788133114934	230.0	26	1.05	0.95				
	217	1	0.0	0.0	0.0	0.0	2	1.0375786312674342	4.337683680893049	230.0	27	1.05	0.95				
	218	2	158.71619709157895	32.41051472140351	0.0	0.0	2	1.0389063934049718	4.598390318062497	230.0	27	1.05	0.95				
	219	1	86.26916418491228	17.635133010175437	0.0	0.0	2	1.032444816421206	0.2547807768864875	230.0	25	1.05	0.95				
	220	1	61.0080277108772	12.392255628771931	0.0	0.0	2	1.0354337222096843	0.32156179877927343	230.0	25	1.05	0.95				
	221	2	0.0	0.0	0.0	0.0	2	1.038788712193718	4.338859404251152	230.0	27	1.05	0.95				
	222	2	0.0	0.0	0.0	0.0	2	1.05	10.839429437614013	230.0	27	1.05	0.95				
	223	2	0.0	0.0	0.0	0.0	2	1.0378433392366428	0.7160954851931244	230.0	25	1.05	0.95				
	224	1	0.0	0.0	0.0	0.0	2	1.0127829939677113	-2.4982845424225015	230.0	26	1.05	0.95				
	301	2	68.34988928842105	13.923125595789474	0.0	0.0	3	1.013393114650656	-25.8496833992595	138.0	31	1.05	0.95				
	302	2	61.38832649052631	12.657386905263158	0.0	0.0	3	1.0122210628589368	-26.108643443210685	138.0	32	1.05	0.95				
	303	1	113.91648214736843	23.41616577473684	0.0	0.0	3	1.0413864523186784	-13.840245878682932	138.0	31	1.05	0.95				
	304	1	46.83233154947368	9.493040178947368	0.0	0.0	3	1.0093067975233212	-23.90169301104263	138.0	31	1.05	0.95				
	305	1	44.93372351368421	8.860170833684212	0.0	0.0	3	1.023372950514049	-25.808532886552324	138.0	31	1.05	0.95				
	306	1	86.07023095578947	17.720341667368423	0.0	-100.0	3	1.035466489881476	-26.47722253563666	138.0	32	1.05	0.95				
	307	2	79.10866815789474	15.821733631578946	0.0	0.0	3	0.9875267453642291	-33.44415181613331	138.0	32	1.05	0.95				
	308	1	108.22065803999999	22.150427084210524	0.0	0.0	3	0.9875338446685081	-30.391285270892993	138.0	32	1.05	0.95				
	309	1	110.75213542105263	22.783296429473683	0.0	0.0	3	1.0295797487464995	-19.530065195950225	138.0	33	1.05	0.95				
	310	1	123.40952232631577	25.314773810526315	0.0	0.0	3	1.05	-23.738351521030552	138.0	33	1.05	0.95				
	311	1	0.0	0.0	0.0	0.0	3	1.0217121567713536	-16.356447401284697	230.0	33	1.05	0.95				
	312	1	0.0	0.0	0.0	0.0	3	1.0207711723436088	-15.587386087101276	230.0	33	1.05	0.95				
	313	2	167.71037649473683	34.17494464421053	0.0	0.0	3	1.029418552932314	-12.905118522136645	230.0	34	1.05	0.95				
	314	2	122.77665298105262	24.68190446526316	0.0	0.0	3	1.0323629832743868	-14.153782911909824	230.0	36	1.05	0.95				
	315	2	200.61958244842103	40.5036380968421	0.0	0.0	3	1.046672248402373	-8.013458552110963	230.0	36	1.05	0.95				
	316	2	63.28693452631578	12.657386905263158	0.0	0.0	3	1.0474286797629553	-7.204786706120505	230.0	36	1.05	0.95				
	317	1	0.0	0.0	0.0	0.0	3	1.05	-3.942415490439497	230.0	37	1.05	0.95				
	318	2	210.74549197263158	43.035115477894735	0.0	0.0	3	1.0447917876374513	-5.1213796765781465	230.0	37	1.05	0.95				
	319	1	114.54935149263157	23.41616577473684	0.0	0.0	3	1.044430599463883	-8.220396315261565	230.0	35	1.05	0.95				
	320	1	81.0072761936842	16.454602976842107	0.0	0.0	3	1.0470495318082025	-7.918899642951304	230.0	35	1.05	0.95				
	321	2	0.0	0.0	0.0	0.0	3	1.046565659018969	-5.514511102720356	230.0	37	1.05	0.95				
	322	2	0.0	0.0	0.0	0.0	3	1.05	-0.5545117290333785	230.0	37	1.05	0.95				
	323	2	0.0	0.0	0.0	0.0	3	1.05	-7.292015427321139	230.0	35	1.05	0.95				
	324	1	0.0	0.0	0.0	0.0	3	1.0365487256307508	-10.20098173583005	230.0	36	1.05	0.95				
	325	1	0.0	0.0	0.0	0.0	3	1.0403078048287315	-5.4178849621911755	230.0	35	1.05	0.95				
];
