%% MATPOWER Case Format : Version 2
function mpc = RTS_GMLC
mpc.version = '2';

%%-----  Power Flow Data  -----%%
%% system MVA base
mpc.baseMVA = 100.0;
%% bus data
%    bus_i    type    Pd    Qd    Gs    Bs    area    Vm    Va    baseKV    zone    Vmax    Vmin
mpc.bus = [
	101	2	71.48787730105263	14.562345376140351	0.0	0.0	1	1.0399101769088628	-0.8928516801752368	138.0	11	1.05	0.95				
	102	2	64.20670461298246	13.238495796491229	0.0	0.0	1	1.038449780768054	-1.3413204205097908	138.0	12	1.05	0.95				
	103	1	119.14646216842104	24.49121722350877	0.0	0.0	1	1.0223897506423332	0.6596636088648542	138.0	11	1.05	0.95				
	104	1	48.98243444701754	9.92887184736842	0.0	0.0	1	1.0192130251171418	-4.3692331354046745	138.0	11	1.05	0.95				
	105	1	46.99666007754386	9.26694705754386	0.0	0.0	1	1.0357315748269638	-4.527650273078824	138.0	11	1.05	0.95				
	106	1	90.02177141614035	18.53389411508772	0.0	-100.0	1	1.0398438708456086	-7.265147538699347	138.0	12	1.05	0.95				
	107	2	82.74059872807017	16.548119745614034	0.0	0.0	1	0.9973344567952883	-13.636356964079232	138.0	12	1.05	0.95				
	108	1	113.18913905999999	23.167367643859645	0.0	0.0	1	0.9939782729592812	-12.17753619109525	138.0	12	1.05	0.95				
	109	1	115.83683821929824	23.82929243368421	0.0	0.0	1	1.0235254348663185	-4.391017412672007	138.0	13	1.05	0.95				
	110	1	129.07533401578945	26.476991592982458	0.0	0.0	1	1.05	-6.157162082742425	138.0	13	1.05	0.95				
	111	1	0.0	0.0	0.0	0.0	1	1.0177198681595818	-0.9771293796391227	230.0	13	1.05	0.95				
	112	1	0.0	0.0	0.0	0.0	1	1.015381583501626	-1.7023826940832387	230.0	13	1.05	0.95				
	113	3	175.41006930350875	35.74393865052632	0.0	0.0	1	1.0136591593917277	2.0834831441571166e-32	230.0	14	1.05	0.95				
	114	2	128.41340922596493	25.815066803157894	0.0	0.0	1	1.0331769241234208	2.419601593022123	230.0	16	1.05	0.95				
	115	2	209.83015837438597	42.36318654877193	0.0	0.0	1	1.0347950705229552	13.498184406567649	230.0	16	1.05	0.95				
	116	2	66.19247898245614	13.238495796491229	0.0	0.0	1	1.0326584848802882	11.443633120433496	230.0	16	1.05	0.95				
	117	1	0.0	0.0	0.0	0.0	1	1.0378612546234662	18.164667906881707	230.0	17	1.05	0.95				
	118	2	220.42095501157894	45.01088570807018	0.0	0.0	1	1.04991709518392	19.224685739188406	230.0	17	1.05	0.95				
	119	1	119.8083869582456	24.49121722350877	0.0	0.0	1	1.0251770494687917	7.098209397114118	230.0	15	1.05	0.95				
	120	1	84.72637309754386	17.210044535438595	0.0	0.0	1	1.027584358578194	4.222461416332191	230.0	15	1.05	0.95				
	121	2	0.0	0.0	0.0	0.0	1	1.05	21.441583326505096	230.0	17	1.05	0.95				
	122	2	0.0	0.0	0.0	0.0	1	1.05	37.29524586366852	230.0	17	1.05	0.95				
	123	2	0.0	0.0	0.0	0.0	1	1.0311069641350432	3.148098821933951	230.0	15	1.05	0.95				
	124	1	0.0	0.0	0.0	0.0	1	1.0140450592819088	8.695311587206104	230.0	16	1.05	0.95				
	201	2	57.25546984421052	11.663151264561403	0.0	0.0	2	1.0109353379996042	-12.220022720354224	138.0	21	1.05	0.95				
	202	2	51.42389421192982	10.602864785964911	0.0	0.0	2	1.010132401978166	-12.451206977342393	138.0	22	1.05	0.95				
	203	1	95.42578307368422	19.615299854035086	0.0	0.0	2	1.0141053201933734	-9.406056830237125	138.0	21	1.05	0.95				
	204	1	39.23059970807017	7.9521485894736825	0.0	0.0	2	1.0093895043142447	-11.317658829365824	138.0	21	1.05	0.95				
	205	1	37.64016999017544	7.422005350175438	0.0	0.0	2	1.0234510696621881	-11.696032832423896	138.0	21	1.05	0.95				
	206	1	72.0994805445614	14.844010700350877	0.0	-100.0	2	1.037971353411134	-12.020330138368482	138.0	22	1.05	0.95				
	207	2	66.2679049122807	13.253580982456139	0.0	0.0	2	0.9931494028388471	-18.568856079151114	138.0	22	1.05	0.95				
	208	1	90.65449392	18.555013375438595	0.0	0.0	2	0.9951582884431112	-16.07959155893015	138.0	22	1.05	0.95				
	209	1	92.77506687719298	19.08515661473684	0.0	0.0	2	1.0258747865592133	-8.21635900955572	138.0	23	1.05	0.95				
	210	1	103.3779316631579	21.205729571929822	0.0	0.0	2	1.05	-9.46933622990977	138.0	23	1.05	0.95				
	211	1	0.0	0.0	0.0	0.0	2	1.0130794965387313	-4.706950895948933	230.0	23	1.05	0.95				
	212	1	0.0	0.0	0.0	0.0	2	1.0181137608975965	0.2768055100400943	230.0	23	1.05	0.95				
	213	2	140.48795841403506	28.62773492210526	0.0	0.0	2	1.0169791115942628	-1.548552199071511	230.0	24	1.05	0.95				
	214	2	102.84778842385964	20.67558633263158	0.0	0.0	2	1.015166972346074	-3.2951404696632145	230.0	26	1.05	0.95				
	215	2	168.05540685754386	33.92916731508772	0.0	0.0	2	1.0341925776901464	1.596598019760006	230.0	26	1.05	0.95				
	216	2	53.014323929824556	10.602864785964911	0.0	0.0	2	1.0349951148706582	1.9216038556147577	230.0	26	1.05	0.95				
	217	1	0.0	0.0	0.0	0.0	2	1.0372180484986393	2.597109978592553	230.0	27	1.05	0.95				
	218	2	176.5376986863158	36.0497402722807	0.0	0.0	2	1.0355540385974096	1.998917411311364	230.0	27	1.05	0.95				
	219	1	95.95592631298246	19.615299854035086	0.0	0.0	2	1.0368844007803626	3.297998001818271	230.0	25	1.05	0.95				
	220	1	67.85833463017543	13.783724221754385	0.0	0.0	2	1.0433021510296043	5.491261022888248	230.0	25	1.05	0.95				
	221	2	0.0	0.0	0.0	0.0	2	1.0374374030072158	2.66446570605499	230.0	27	1.05	0.95				
	222	2	0.0	0.0	0.0	0.0	2	1.05	9.138057435383933	230.0	27	1.05	0.95				
	223	2	0.0	0.0	0.0	0.0	2	1.0488480267786362	7.074000418373934	230.0	25	1.05	0.95				
	224	1	0.0	0.0	0.0	0.0	2	1.0130333602526957	-2.48673579356846	230.0	26	1.05	0.95				
	301	2	71.47611515368422	14.559949383157894	0.0	0.0	3	0.9979423414272124	16.48582389003432	138.0	31	1.05	0.95				
	302	2	64.19614046210526	13.236317621052631	0.0	0.0	3	0.9974772515885205	16.356587186474346	138.0	32	1.05	0.95				
	303	1	119.1268585894737	24.48718759894737	0.0	0.0	3	1.0285169873705484	23.01042955421112	138.0	31	1.05	0.95				
	304	1	48.97437519789474	9.927238215789473	0.0	0.0	3	1.0021988904888246	18.580800946729347	138.0	31	1.05	0.95				
	305	1	46.98892755473684	9.265422334736844	0.0	0.0	3	1.014157360917045	17.946726677731526	138.0	31	1.05	0.95				
	306	1	90.0069598231579	18.530844669473687	0.0	-100.0	3	1.0306059660137352	18.033207161018833	138.0	32	1.05	0.95				
	307	2	82.72698513157894	16.54539702631579	0.0	0.0	3	0.98986854766845	13.073595756841478	138.0	32	1.05	0.95				
	308	1	113.17051566	23.163555836842104	0.0	0.0	3	0.9966617849440341	16.12628174454553	138.0	32	1.05	0.95				
	309	1	115.81777918421052	23.825371717894736	0.0	0.0	3	1.0301033789778844	23.07329751157747	138.0	33	1.05	0.95				
	310	1	129.05409680526313	26.472635242105262	0.0	0.0	3	1.05	21.525162886151055	138.0	33	1.05	0.95				
	311	1	0.0	0.0	0.0	0.0	3	1.0193990984156813	28.215967384774352	230.0	33	1.05	0.95				
	312	1	0.0	0.0	0.0	0.0	3	1.0243835268791663	29.09964586164422	230.0	33	1.05	0.95				
	313	2	175.38120847894737	35.73805757684211	0.0	0.0	3	1.0423166196739309	35.54138334473724	230.0	34	1.05	0.95				
	314	2	128.39228092421052	25.810819361052634	0.0	0.0	3	1.0211809760123152	27.587576643802326	230.0	36	1.05	0.95				
	315	2	209.7956342936842	42.35621638736842	0.0	0.0	3	1.0399949115197338	23.868331552741438	230.0	36	1.05	0.95				
	316	2	66.18158810526316	13.236317621052631	0.0	0.0	3	1.0391442715679353	25.034341131043693	230.0	36	1.05	0.95				
	317	1	0.0	0.0	0.0	0.0	3	1.05	26.318787217504457	230.0	37	1.05	0.95				
	318	2	220.38468839052632	45.00347991157895	0.0	0.0	3	1.047128207819691	23.353437743745648	230.0	37	1.05	0.95				
	319	1	119.78867447052633	24.48718759894737	0.0	0.0	3	1.0380324724240784	26.522782211369723	230.0	35	1.05	0.95				
	320	1	84.71243277473684	17.207212907368422	0.0	0.0	3	1.0394537118981555	27.595415502512115	230.0	35	1.05	0.95				
	321	2	0.0	0.0	0.0	0.0	3	1.0454830652769096	24.1723835976264	230.0	37	1.05	0.95				
	322	2	0.0	0.0	0.0	0.0	3	1.05	29.3568009512997	230.0	37	1.05	0.95				
	323	2	0.0	0.0	0.0	0.0	3	1.040300821820694	27.9702278959394	230.0	35	1.05	0.95				
	324	1	0.0	0.0	0.0	0.0	3	1.0337634667642714	25.525102879480926	230.0	36	1.05	0.95				
	325	1	0.0	0.0	0.0	0.0	3	1.0425964877941936	27.42077112369579	230.0	35	1.05	0.95				
];
