%% MATPOWER Case Format : Version 2
function mpc = RTS_GMLC
mpc.version = '2';

%%-----  Power Flow Data  -----%%
%% system MVA base
mpc.baseMVA = 100.0;
%% bus data
%    bus_i    type    Pd    Qd    Gs    Bs    area    Vm    Va    baseKV    zone    Vmax    Vmin
mpc.bus = [
	101	2	48.82978724210527	9.946808512280702	0.0	0.0	1	1.0323462815173874	2.492351685088799	138.0	11	1.05	0.95				
	102	2	43.85638298596491	9.042553192982457	0.0	0.0	1	1.031936612280886	2.3701415032735302	138.0	12	1.05	0.95				
	103	1	81.38297873684212	16.728723407017547	0.0	0.0	1	1.0275203551235343	-0.2341522499430325	138.0	11	1.05	0.95				
	104	1	33.457446814035094	6.7819148947368415	0.0	0.0	1	1.0207500137099588	-0.905952241859017	138.0	11	1.05	0.95				
	105	1	32.101063835087714	6.3297872350877205	0.0	0.0	1	1.0349699975119142	-0.6335686097359282	138.0	11	1.05	0.95				
	106	1	61.48936171228071	12.659574470175441	0.0	-100.0	1	1.0444543412744491	-2.840335979790978	138.0	12	1.05	0.95				
	107	2	56.515957456140356	11.30319149122807	0.0	0.0	1	1.018724815933479	-3.396418882631974	138.0	12	1.05	0.95				
	108	1	77.3138298	15.824468087719298	0.0	0.0	1	1.0159010051764394	-4.262848884979155	138.0	12	1.05	0.95				
	109	1	79.1223404385965	16.27659574736842	0.0	0.0	1	1.025561653309631	-1.7519652274413058	138.0	13	1.05	0.95				
	110	1	88.16489363157895	18.085106385964913	0.0	0.0	1	1.05	-2.3734577483479917	138.0	13	1.05	0.95				
	111	1	0.0	0.0	0.0	0.0	1	1.0036914793874527	-0.4017008432799281	230.0	13	1.05	0.95				
	112	1	0.0	0.0	0.0	0.0	1	1.0092859948990263	0.30865310409505264	230.0	13	1.05	0.95				
	113	3	119.81382980701754	24.414893621052634	0.0	0.0	1	0.9957020953285105	-9.369006536232393e-31	230.0	14	1.05	0.95				
	114	2	87.71276597192983	17.63297872631579	0.0	0.0	1	0.9989206543302774	1.0350552514098244	230.0	16	1.05	0.95				
	115	2	143.32446810877192	28.93617021754386	0.0	0.0	1	1.038826016258792	5.729579721639556	230.0	16	1.05	0.95				
	116	2	45.21276596491228	9.042553192982457	0.0	0.0	1	1.034223082875006	5.685100148484608	230.0	16	1.05	0.95				
	117	1	0.0	0.0	0.0	0.0	1	1.0429687246644366	6.920838976374155	230.0	17	1.05	0.95				
	118	2	150.5585106631579	30.744680856140356	0.0	0.0	1	1.0457630401162934	6.707498103047005	230.0	17	1.05	0.95				
	119	1	81.83510639649123	16.728723407017547	0.0	0.0	1	1.0284412627731208	5.319164007491362	230.0	15	1.05	0.95				
	120	1	57.87234043508772	11.755319150877193	0.0	0.0	1	1.026546370456937	5.878297149538729	230.0	15	1.05	0.95				
	121	2	0.0	0.0	0.0	0.0	1	1.05	7.080987715794479	230.0	17	1.05	0.95				
	122	2	0.0	0.0	0.0	0.0	1	1.05	13.528292836226514	230.0	17	1.05	0.95				
	123	2	0.0	0.0	0.0	0.0	1	1.0263075276010802	6.535236850673696	230.0	15	1.05	0.95				
	124	1	0.0	0.0	0.0	0.0	1	1.026372823484329	3.507265225130686	230.0	16	1.05	0.95				
	201	2	51.254525406315786	10.440736656842105	0.0	0.0	2	1.0291882099318805	-6.403350396402998	138.0	21	1.05	0.95				
	202	2	46.03415707789473	9.491578778947368	0.0	0.0	2	1.0295640537510466	-6.397581886956547	138.0	22	1.05	0.95				
	203	1	85.42420901052633	17.55942074105263	0.0	0.0	2	1.0225979768811508	-5.534787126021169	138.0	21	1.05	0.95				
	204	1	35.11884148210526	7.118684084210527	0.0	0.0	2	1.0185179759405436	-8.788574595396977	138.0	21	1.05	0.95				
	205	1	33.69510466526315	6.6441051452631585	0.0	0.0	2	1.0334326921934713	-8.973884708941132	138.0	21	1.05	0.95				
	206	1	64.54273569684212	13.288210290526317	0.0	-100.0	2	1.043592349237244	-10.86294535654964	138.0	22	1.05	0.95				
	207	2	59.32236736842105	11.86447347368421	0.0	0.0	2	0.9868644740029426	-18.015437654765616	138.0	22	1.05	0.95				
	208	1	81.15299856	16.610262863157892	0.0	0.0	2	0.9934643279493056	-15.843707913396294	138.0	22	1.05	0.95				
	209	1	83.05131431578947	17.084841802105263	0.0	0.0	2	1.0235091962199636	-8.80806277202338	138.0	23	1.05	0.95				
	210	1	92.54289309473684	18.983157557894735	0.0	0.0	2	1.05	-10.068442103672368	138.0	23	1.05	0.95				
	211	1	0.0	0.0	0.0	0.0	2	1.0078733605763495	-6.284518890907034	230.0	23	1.05	0.95				
	212	1	0.0	0.0	0.0	0.0	2	1.0128033080074736	-5.913758304605444	230.0	23	1.05	0.95				
	213	2	125.76341882105262	25.627262703157893	0.0	0.0	2	1.0029528407050985	-5.647927406230958	230.0	24	1.05	0.95				
	214	2	92.06831415578947	18.508578618947368	0.0	0.0	2	1.0101305925513786	-3.598773816743361	230.0	26	1.05	0.95				
	215	2	150.44152364631577	30.373052092631582	0.0	0.0	2	1.0309744911313785	3.2717031881469225	230.0	26	1.05	0.95				
	216	2	47.45789389473684	9.491578778947368	0.0	0.0	2	1.033817679789882	3.0212218927327075	230.0	26	1.05	0.95				
	217	1	0.0	0.0	0.0	0.0	2	1.0379521171680115	5.989055192297953	230.0	27	1.05	0.95				
	218	2	158.03478666947368	32.27136784842106	0.0	0.0	2	1.0398115834320616	6.605920760602491	230.0	27	1.05	0.95				
	219	1	85.89878794947369	17.55942074105263	0.0	0.0	2	1.0350367586329414	1.6791806425582625	230.0	25	1.05	0.95				
	220	1	60.746104185263164	12.33905241263158	0.0	0.0	2	1.039707566998973	1.4267419285879837	230.0	25	1.05	0.95				
	221	2	0.0	0.0	0.0	0.0	2	1.0392825838095725	6.246473814554311	230.0	27	1.05	0.95				
	222	2	0.0	0.0	0.0	0.0	2	1.05	12.646863063290029	230.0	27	1.05	0.95				
	223	2	0.0	0.0	0.0	0.0	2	1.0429714084300186	1.6415166872331557	230.0	25	1.05	0.95				
	224	1	0.0	0.0	0.0	0.0	2	1.0168343864491558	-0.03131328398159838	230.0	26	1.05	0.95				
	301	2	66.00949067368421	13.446377729824563	0.0	0.0	3	1.0092020332890186	-35.95396340609491	138.0	31	1.05	0.95				
	302	2	59.286301808771924	12.223979754385967	0.0	0.0	3	1.0083109000033688	-36.15511554551843	138.0	32	1.05	0.95				
	303	1	110.01581778947369	22.614362545614036	0.0	0.0	3	1.0292199659776107	-26.569816460522592	138.0	31	1.05	0.95				
	304	1	45.22872509122807	9.167984815789474	0.0	0.0	3	1.0071671349759874	-34.159816381922816	138.0	31	1.05	0.95				
	305	1	43.395128128070176	8.556785828070176	0.0	0.0	3	1.0212877229058273	-35.32975509065778	138.0	31	1.05	0.95				
	306	1	83.12306232982458	17.11357165614035	0.0	-100.0	3	1.035075313685758	-35.65777881989665	138.0	32	1.05	0.95				
	307	2	76.39987346491228	15.279974692982456	0.0	0.0	3	0.999385918879503	-38.873583905794824	138.0	32	1.05	0.95				
	308	1	104.51502690000001	21.391964570175436	0.0	0.0	3	0.9981178645367978	-37.621708141703714	138.0	32	1.05	0.95				
	309	1	106.9598228508772	22.003163557894737	0.0	0.0	3	1.0277253994910713	-30.03992307547994	138.0	33	1.05	0.95				
	310	1	119.18380260526315	24.447959508771934	0.0	0.0	3	1.05	-32.74367296665649	138.0	33	1.05	0.95				
	311	1	0.0	0.0	0.0	0.0	3	1.0194730093719235	-25.45118369508794	230.0	33	1.05	0.95				
	312	1	0.0	0.0	0.0	0.0	3	1.0183247046588986	-24.81723860406591	230.0	33	1.05	0.95				
	313	2	161.96773174561403	33.004745336842106	0.0	0.0	3	1.0268504784720203	-21.868077450254606	230.0	34	1.05	0.95				
	314	2	118.57260361754385	23.836760521052632	0.0	0.0	3	1.0314477260809716	-22.712663480818467	230.0	36	1.05	0.95				
	315	2	193.75007910701754	39.11673521403509	0.0	0.0	3	1.0487000161860829	-15.407191998251884	230.0	36	1.05	0.95				
	316	2	61.119898771929826	12.223979754385967	0.0	0.0	3	1.0491607870901378	-15.170171015146991	230.0	36	1.05	0.95				
	317	1	0.0	0.0	0.0	0.0	3	1.0496853429217687	-12.27317782335352	230.0	37	1.05	0.95				
	318	2	203.5292629105263	41.56153116491229	0.0	0.0	3	1.0497510766346392	-11.630887948760275	230.0	37	1.05	0.95				
	319	1	110.627016777193	22.614362545614036	0.0	0.0	3	1.045613080166076	-16.413717969584408	230.0	35	1.05	0.95				
	320	1	78.23347042807018	15.891173680701757	0.0	0.0	3	1.0475738997625659	-16.3535710046856	230.0	35	1.05	0.95				
	321	2	0.0	0.0	0.0	0.0	3	1.05	-11.245670946503978	230.0	37	1.05	0.95				
	322	2	0.0	0.0	0.0	0.0	3	1.05	-5.8727410363316945	230.0	37	1.05	0.95				
	323	2	0.0	0.0	0.0	0.0	3	1.05	-15.874326573682929	230.0	35	1.05	0.95				
	324	1	0.0	0.0	0.0	0.0	3	1.0273701264454387	-19.553850007393205	230.0	36	1.05	0.95				
	325	1	0.0	0.0	0.0	0.0	3	1.040555025528767	-14.026100922000106	230.0	35	1.05	0.95				
];
