%% MATPOWER Case Format : Version 2
function mpc = RTS_GMLC
mpc.version = '2';

%%-----  Power Flow Data  -----%%
%% system MVA base
mpc.baseMVA = 100.0;
%% bus data
%    bus_i    type    Pd    Qd    Gs    Bs    area    Vm    Va    baseKV    zone    Vmax    Vmin
mpc.bus = [
	101	2	40.15932707368422	8.180603663157896	0.0	0.0	1	0.9842609858405345	-5.829853615532246	138.0	11	1.05	0.95				
	102	2	36.06902524210526	7.436912421052631	0.0	0.0	1	0.9842377958202333	-6.024520427781223	138.0	12	1.05	0.95				
	103	1	66.93221178947368	13.758287978947367	0.0	0.0	1	1.0167473789052268	1.5867614917504356	138.0	11	1.05	0.95				
	104	1	27.516575957894734	5.577684315789474	0.0	0.0	1	1.0005143567341863	-5.227028651558671	138.0	11	1.05	0.95				
	105	1	26.401039094736838	5.205838694736842	0.0	0.0	1	1.0123392345216322	-6.104302214743046	138.0	11	1.05	0.95				
	106	1	50.5710044631579	10.411677389473684	0.0	-100.0	1	1.0362588686660748	-6.725885823262712	138.0	12	1.05	0.95				
	107	2	46.48070263157894	9.29614052631579	0.0	0.0	1	0.9884086443843988	-11.54285619304173	138.0	12	1.05	0.95				
	108	1	63.5856012	13.014596736842105	0.0	0.0	1	0.9983234793331931	-9.527125265391545	138.0	12	1.05	0.95				
	109	1	65.07298368421053	13.386442357894737	0.0	0.0	1	1.0246643281888013	-3.03707482388441	138.0	13	1.05	0.95				
	110	1	72.50989610526317	14.873824842105263	0.0	0.0	1	1.05	-5.156920117991679	138.0	13	1.05	0.95				
	111	1	0.0	0.0	0.0	0.0	1	1.0201052641990809	0.36559166562213247	230.0	13	1.05	0.95				
	112	1	0.0	0.0	0.0	0.0	1	1.0162983919204729	-1.1192726685056515	230.0	13	1.05	0.95				
	113	3	98.53908957894737	20.07966353684211	0.0	0.0	1	1.0038572963098145	5.7391586555388385e-30	230.0	14	1.05	0.95				
	114	2	72.13805048421052	14.501979221052633	0.0	0.0	1	1.05	4.998632303364666	230.0	16	1.05	0.95				
	115	2	117.87506187368422	23.79811974736842	0.0	0.0	1	1.039187114730552	16.32093246512729	230.0	16	1.05	0.95				
	116	2	37.18456210526316	7.436912421052631	0.0	0.0	1	1.0401569926723953	14.026823984887189	230.0	16	1.05	0.95				
	117	1	0.0	0.0	0.0	0.0	1	1.039353101833703	20.94020005474124	230.0	17	1.05	0.95				
	118	2	123.82459181052631	25.28550223157895	0.0	0.0	1	1.05	21.923703375273483	230.0	17	1.05	0.95				
	119	1	67.30405741052633	13.758287978947367	0.0	0.0	1	1.0382878094856554	8.927825447916724	230.0	15	1.05	0.95				
	120	1	47.59623949473684	9.66798614736842	0.0	0.0	1	1.0448851254835578	5.228911719001455	230.0	15	1.05	0.95				
	121	2	0.0	0.0	0.0	0.0	1	1.04546944600019	23.787065271215457	230.0	17	1.05	0.95				
	122	2	0.0	0.0	0.0	0.0	1	1.05	41.72931103122331	230.0	17	1.05	0.95				
	123	2	0.0	0.0	0.0	0.0	1	1.05	3.4894576602554968	230.0	15	1.05	0.95				
	124	1	0.0	0.0	0.0	0.0	1	1.0118583761082323	10.856934110248307	230.0	16	1.05	0.95				
	201	2	41.275617802105266	8.407996218947368	0.0	0.0	2	0.9982258846830508	-17.33947050024212	138.0	21	1.05	0.95				
	202	2	37.07161969263157	7.64363292631579	0.0	0.0	2	0.996838753297415	-17.64340626006147	138.0	22	1.05	0.95				
	203	1	68.7926963368421	14.14072091368421	0.0	0.0	2	0.9994052641591624	-12.746566123961381	138.0	21	1.05	0.95				
	204	1	28.28144182736842	5.7327246947368415	0.0	0.0	2	0.9886300806921859	-17.22199683388591	138.0	21	1.05	0.95				
	205	1	27.13489688842105	5.350543048421052	0.0	0.0	2	1.003847953297369	-17.725377474864636	138.0	21	1.05	0.95				
	206	1	51.97670389894736	10.701086096842104	0.0	-100.0	2	1.0146524635742615	-18.455861725541954	138.0	22	1.05	0.95				
	207	2	47.772705789473676	9.554541157894736	0.0	0.0	2	0.9752951077359905	-23.356905433430565	138.0	22	1.05	0.95				
	208	1	65.35306151999998	13.376357621052628	0.0	0.0	2	0.9769498835618293	-21.50123206217029	138.0	22	1.05	0.95				
	209	1	66.88178810526315	13.75853926736842	0.0	0.0	2	0.9931137221156415	-15.201458805534996	138.0	23	1.05	0.95				
	210	1	74.52542103157894	15.28726585263158	0.0	0.0	2	1.0186381312983286	-16.818349374492918	138.0	23	1.05	0.95				
	211	1	0.0	0.0	0.0	0.0	2	0.9775635270697544	-12.250268275629892	230.0	23	1.05	0.95				
	212	1	0.0	0.0	0.0	0.0	2	0.9621759125817327	-11.54460922817071	230.0	23	1.05	0.95				
	213	2	101.27813627368421	20.637808901052633	0.0	0.0	2	0.9556266896038723	-10.892732551925663	230.0	24	1.05	0.95				
	214	2	74.14323938526314	14.905084206315788	0.0	0.0	2	0.9963703430809253	-9.59841184574953	230.0	26	1.05	0.95				
	215	2	121.15158188210525	24.459625364210524	0.0	0.0	2	1.0186983362398447	-2.6803115248531473	230.0	26	1.05	0.95				
	216	2	38.218164631578944	7.64363292631579	0.0	0.0	2	1.0109825130353238	-3.3585984478622644	230.0	26	1.05	0.95				
	217	1	0.0	0.0	0.0	0.0	2	1.0279924919674384	-1.058612336431666	230.0	27	1.05	0.95				
	218	2	127.26648822315789	25.98835194947368	0.0	0.0	2	1.0290762451288649	-1.5774878039546012	230.0	27	1.05	0.95				
	219	1	69.17487798315788	14.14072091368421	0.0	0.0	2	0.982942644359751	-3.3620749002463013	230.0	25	1.05	0.95				
	220	1	48.91925072842105	9.936722804210525	0.0	0.0	2	0.9611997203825778	-2.5396879696557373	230.0	25	1.05	0.95				
	221	2	0.0	0.0	0.0	0.0	2	1.0291459566245618	-1.1404185110918508	230.0	27	1.05	0.95				
	222	2	0.0	0.0	0.0	0.0	2	1.049999992030718	5.382828808649087	230.0	27	1.05	0.95				
	223	2	0.0	0.0	0.0	0.0	2	0.95	-1.7234840452827969	230.0	25	1.05	0.95				
	224	1	0.0	0.0	0.0	0.0	2	0.9991725978866409	-6.415586175589834	230.0	26	1.05	0.95				
	301	2	42.639670989473686	8.685858905263158	0.0	0.0	3	1.0119462850796621	20.23232458285633	138.0	31	1.05	0.95				
	302	2	38.296741536842106	7.896235368421054	0.0	0.0	3	1.0106308202015648	19.87455865764951	138.0	32	1.05	0.95				
	303	1	71.06611831578947	14.608035431578948	0.0	0.0	3	1.048402470775612	35.13379691807397	138.0	31	1.05	0.95				
	304	1	29.216070863157896	5.9221765263157895	0.0	0.0	3	1.0062741890810976	21.157456543507244	138.0	31	1.05	0.95				
	305	1	28.031635557894734	5.527364757894738	0.0	0.0	3	1.021797060408337	18.438578101086172	138.0	31	1.05	0.95				
	306	1	53.69440050526316	11.054729515789475	0.0	-100.0	3	1.0350475410475664	16.94312738783596	138.0	32	1.05	0.95				
	307	2	49.35147105263158	9.870294210526316	0.0	0.0	3	0.95	13.975758154064774	138.0	32	1.05	0.95				
	308	1	67.5128124	13.818411894736842	0.0	0.0	3	0.9710870855435768	15.65443504610759	138.0	32	1.05	0.95				
	309	1	69.0920594736842	14.213223663157896	0.0	0.0	3	1.0147605733682907	23.867299351311694	138.0	33	1.05	0.95				
	310	1	76.98829484210526	15.792470736842107	0.0	0.0	3	1.0414367283015642	17.921994918502854	138.0	33	1.05	0.95				
	311	1	0.0	0.0	0.0	0.0	3	1.003063629470485	21.192137838309108	230.0	33	1.05	0.95				
	312	1	0.0	0.0	0.0	0.0	3	1.0084930641974086	21.11964691467053	230.0	33	1.05	0.95				
	313	2	104.62511863157896	21.319835494736843	0.0	0.0	3	1.001963729356173	20.865120183344793	230.0	34	1.05	0.95				
	314	2	76.59348307368421	15.397658968421055	0.0	0.0	3	0.999525786930161	21.87304433600088	230.0	36	1.05	0.95				
	315	2	125.15533058947368	25.267953178947373	0.0	0.0	3	1.0490184644687688	25.6565221651297	230.0	36	1.05	0.95				
	316	2	39.48117684210526	7.896235368421054	0.0	0.0	3	1.0332094575810966	25.139835870419255	230.0	36	1.05	0.95				
	317	1	0.0	0.0	0.0	0.0	3	1.0399569231296442	29.697517790220886	230.0	37	1.05	0.95				
	318	2	131.47231888421055	26.84720025263158	0.0	0.0	3	1.0301438890865664	25.971971320264686	230.0	37	1.05	0.95				
	319	1	71.46093008421053	14.608035431578948	0.0	0.0	3	1.0245385651905212	23.310585947784148	230.0	35	1.05	0.95				
	320	1	50.535906357894746	10.26510597894737	0.0	0.0	3	1.0201150900979161	22.47771053931521	230.0	35	1.05	0.95				
	321	2	0.0	0.0	0.0	0.0	3	1.0499998977922858	26.475319015360856	230.0	37	1.05	0.95				
	322	2	0.0	0.0	0.0	0.0	3	1.049999957524238	32.0683156464464	230.0	37	1.05	0.95				
	323	2	0.0	0.0	0.0	0.0	3	1.018052718973043	22.32687825856763	230.0	35	1.05	0.95				
	324	1	0.0	0.0	0.0	0.0	3	1.0457785563935569	29.278028443057927	230.0	36	1.05	0.95				
	325	1	0.0	0.0	0.0	0.0	3	1.0209272809162422	22.466258323977076	230.0	35	1.05	0.95				
];
