%% MATPOWER Case Format : Version 2
function mpc = RTS_GMLC
mpc.version = '2';

%%-----  Power Flow Data  -----%%
%% system MVA base
mpc.baseMVA = 100.0;
%% bus data
%    bus_i    type    Pd    Qd    Gs    Bs    area    Vm    Va    baseKV    zone    Vmax    Vmin
mpc.bus = [
	101	2	40.82731321263158	8.31667491368421	0.0	0.0	1	1.0353742028572517	3.5900309902476906	138.0	11	1.05	0.95				
	102	2	36.66897575578947	7.560613557894737	0.0	0.0	1	1.0349879050570063	3.467557003670925	138.0	12	1.05	0.95				
	103	1	68.04552202105263	13.987135082105262	0.0	0.0	1	1.0300393927588063	0.566934872952482	138.0	11	1.05	0.95				
	104	1	27.974270164210523	5.6704601684210525	0.0	0.0	1	1.0229873365835005	-0.08441293857340541	138.0	11	1.05	0.95				
	105	1	26.840178130526315	5.292429490526316	0.0	0.0	1	1.037271373401763	0.2395595560554378	138.0	11	1.05	0.95				
	106	1	51.41217219368421	10.584858981052632	0.0	-100.0	1	1.04705563345497	-2.035270773131219	138.0	12	1.05	0.95				
	107	2	47.2538347368421	9.45076694736842	0.0	0.0	1	1.0003706800897831	-7.348429125288223	138.0	12	1.05	0.95				
	108	1	64.64324592	13.231073726315786	0.0	0.0	1	1.006125193070255	-6.1390352187493535	138.0	12	1.05	0.95				
	109	1	66.15536863157895	13.609104404210527	0.0	0.0	1	1.0249477083388048	-1.4657908714067023	138.0	13	1.05	0.95				
	110	1	73.71598218947368	15.121227115789473	0.0	0.0	1	1.05	-1.9729540027911963	138.0	13	1.05	0.95				
	111	1	0.0	0.0	0.0	0.0	1	1.0023614347612224	-0.1583354799637655	230.0	13	1.05	0.95				
	112	1	0.0	0.0	0.0	0.0	1	1.0073028241499322	0.3101000386667718	230.0	13	1.05	0.95				
	113	3	100.17812964210526	20.41365660631579	0.0	0.0	1	0.9918711378691855	-4.17855233670046e-28	230.0	14	1.05	0.95				
	114	2	73.33795151157894	14.743196437894737	0.0	0.0	1	0.9985345964055823	1.3950483299684242	230.0	16	1.05	0.95				
	115	2	119.83572489263156	24.193963385263157	0.0	0.0	1	1.0376730972422479	5.957386425273596	230.0	16	1.05	0.95				
	116	2	37.80306778947368	7.560613557894737	0.0	0.0	1	1.0323029418484648	5.748888266133292	230.0	16	1.05	0.95				
	117	1	0.0	0.0	0.0	0.0	1	1.041813128629824	7.063018755698565	230.0	17	1.05	0.95				
	118	2	125.88421573894738	25.706086096842107	0.0	0.0	1	1.044954860372204	6.8639346505707035	230.0	17	1.05	0.95				
	119	1	68.42355269894736	13.987135082105262	0.0	0.0	1	1.025754276211081	5.157656702864014	230.0	15	1.05	0.95				
	120	1	48.38792677052631	9.828797625263158	0.0	0.0	1	1.0223582521871724	5.3812395773053305	230.0	15	1.05	0.95				
	121	2	0.0	0.0	0.0	0.0	1	1.05	7.539078605008053	230.0	17	1.05	0.95				
	122	2	0.0	0.0	0.0	0.0	1	1.05	13.86237510728679	230.0	17	1.05	0.95				
	123	2	0.0	0.0	0.0	0.0	1	1.0208609460981666	5.8013570677282615	230.0	15	1.05	0.95				
	124	1	0.0	0.0	0.0	0.0	1	1.0271189962905456	3.9414097753035104	230.0	16	1.05	0.95				
	201	2	46.49456948210526	9.471116005614034	0.0	0.0	2	1.028288565852267	-6.492395949275146	138.0	21	1.05	0.95				
	202	2	41.759011479298245	8.610105459649123	0.0	0.0	2	1.0289381566248048	-6.3929365887476335	138.0	22	1.05	0.95				
	203	1	77.4909491368421	15.928695100350875	0.0	0.0	2	1.0182344507202827	-6.404917440202008	138.0	21	1.05	0.95				
	204	1	31.85739020070175	6.457579094736841	0.0	0.0	2	1.0187846506425189	-8.571584766238153	138.0	21	1.05	0.95				
	205	1	30.565874381754384	6.027073821754386	0.0	0.0	2	1.033736521439704	-8.714706660940578	138.0	21	1.05	0.95				
	206	1	58.54871712561403	12.054147643508772	0.0	-100.0	2	1.0448577954271105	-10.358361430048445	138.0	22	1.05	0.95				
	207	2	53.81315912280702	10.762631824561403	0.0	0.0	2	0.989714041944283	-16.80311985412707	138.0	22	1.05	0.95				
	208	1	73.61640168	15.067684554385963	0.0	0.0	2	0.9968487990695131	-14.864207329153611	138.0	22	1.05	0.95				
	209	1	75.33842277192981	15.498189827368419	0.0	0.0	2	1.0228367338321331	-8.592274768814468	138.0	23	1.05	0.95				
	210	1	83.94852823157895	17.220210919298246	0.0	0.0	2	1.05	-9.59240599968533	138.0	23	1.05	0.95				
	211	1	0.0	0.0	0.0	0.0	2	1.0049551393468896	-6.084297351753755	230.0	23	1.05	0.95				
	212	1	0.0	0.0	0.0	0.0	2	1.0097017104954176	-5.6536188624360975	230.0	23	1.05	0.95				
	213	2	114.08389734035087	23.24728474105263	0.0	0.0	2	0.998799719426116	-5.343451355204576	230.0	24	1.05	0.95				
	214	2	83.51802295859649	16.789705646315788	0.0	0.0	2	1.0051465983785464	-3.608969534348874	230.0	26	1.05	0.95				
	215	2	136.4701715354386	27.55233747087719	0.0	0.0	2	1.025653110865182	2.7231625607363	230.0	26	1.05	0.95				
	216	2	43.05052729824561	8.610105459649123	0.0	0.0	2	1.0275345381984788	2.4638450358838058	230.0	26	1.05	0.95				
	217	1	0.0	0.0	0.0	0.0	2	1.0327216910764354	5.159666762419221	230.0	27	1.05	0.95				
	218	2	143.3582559031579	29.274358562807016	0.0	0.0	2	1.034268339705978	5.607956569300948	230.0	27	1.05	0.95				
	219	1	77.92145440982455	15.928695100350875	0.0	0.0	2	1.028272779434307	1.4502183008710627	230.0	25	1.05	0.95				
	220	1	55.10467494175438	11.19313709754386	0.0	0.0	2	1.0319205735180867	1.4087827207230093	230.0	25	1.05	0.95				
	221	2	0.0	0.0	0.0	0.0	2	1.0343850602608193	5.408460212073341	230.0	27	1.05	0.95				
	222	2	0.0	0.0	0.0	0.0	2	1.05	11.807097140365203	230.0	27	1.05	0.95				
	223	2	0.0	0.0	0.0	0.0	2	1.034469612814652	1.7122455336405484	230.0	25	1.05	0.95				
	224	1	0.0	0.0	0.0	0.0	2	1.0115708070007612	-0.7043491973828266	230.0	26	1.05	0.95				
	301	2	60.45745016842107	12.315406515789475	0.0	0.0	3	1.0097999813403205	-29.24624573270158	138.0	31	1.05	0.95				
	302	2	54.29974691052632	11.19582410526316	0.0	0.0	3	1.0088971817654548	-29.45434238682487	138.0	32	1.05	0.95				
	303	1	100.76241694736842	20.712274594736844	0.0	0.0	3	1.0350899636065225	-19.735611029640914	138.0	31	1.05	0.95				
	304	1	41.42454918947369	8.396868078947369	0.0	0.0	3	1.0090346549525275	-27.612943414164594	138.0	31	1.05	0.95				
	305	1	39.74517557368421	7.837076873684213	0.0	0.0	3	1.022530499661491	-28.970938644520206	138.0	31	1.05	0.95				
	306	1	76.1316039157895	15.674153747368425	0.0	-100.0	3	1.036817052633579	-29.44590241716404	138.0	32	1.05	0.95				
	307	2	69.97390065789475	13.994780131578949	0.0	0.0	3	0.9913665149481748	-35.6732265121979	138.0	32	1.05	0.95				
	308	1	95.7242961	19.592692184210527	0.0	0.0	3	0.9931617821939994	-33.02865743909153	138.0	32	1.05	0.95				
	309	1	97.96346092105264	20.152483389473687	0.0	0.0	3	1.0282943449655104	-23.830211028943737	138.0	33	1.05	0.95				
	310	1	109.1592850263158	22.39164821052632	0.0	0.0	3	1.05	-26.897470821240727	138.0	33	1.05	0.95				
	311	1	0.0	0.0	0.0	0.0	3	1.0169933464110679	-19.976554313927405	230.0	33	1.05	0.95				
	312	1	0.0	0.0	0.0	0.0	3	1.0175398093925114	-19.420561382477064	230.0	33	1.05	0.95				
	313	2	148.34466939473685	30.228725084210534	0.0	0.0	3	1.0221236574290091	-16.535470012102618	230.0	34	1.05	0.95				
	314	2	108.59949382105265	21.83185700526316	0.0	0.0	3	1.0259103907235907	-17.608410531992124	230.0	36	1.05	0.95				
	315	2	177.45381206842106	35.82663713684211	0.0	0.0	3	1.0468455362591624	-11.194007870292365	230.0	36	1.05	0.95				
	316	2	55.979120526315796	11.19582410526316	0.0	0.0	3	1.0465132979452818	-10.913096658952604	230.0	36	1.05	0.95				
	317	1	0.0	0.0	0.0	0.0	3	1.0485302716906872	-8.48036843438726	230.0	37	1.05	0.95				
	318	2	186.4104713526316	38.06580195789475	0.0	0.0	3	1.047790169427029	-8.151556078495098	230.0	37	1.05	0.95				
	319	1	101.3222081526316	20.712274594736844	0.0	0.0	3	1.04295916609432	-12.109053045920577	230.0	35	1.05	0.95				
	320	1	71.65327427368422	14.554571336842107	0.0	0.0	3	1.0443285783716638	-12.097108090431522	230.0	35	1.05	0.95				
	321	2	0.0	0.0	0.0	0.0	3	1.0499999970368366	-7.77055504133692	230.0	37	1.05	0.95				
	322	2	0.0	0.0	0.0	0.0	3	1.05	-3.7035743309026756	230.0	37	1.05	0.95				
	323	2	0.0	0.0	0.0	0.0	3	1.0461924608511282	-11.678053834454357	230.0	35	1.05	0.95				
	324	1	0.0	0.0	0.0	0.0	3	1.0315640029955215	-14.386161912720027	230.0	36	1.05	0.95				
	325	1	0.0	0.0	0.0	0.0	3	1.0395867584912506	-10.10885461747498	230.0	35	1.05	0.95				
];
