%% MATPOWER Case Format : Version 2
function mpc = RTS_GMLC
mpc.version = '2';

%%-----  Power Flow Data  -----%%
%% system MVA base
mpc.baseMVA = 100.0;
%% bus data
%    bus_i    type    Pd    Qd    Gs    Bs    area    Vm    Va    baseKV    zone    Vmax    Vmin
mpc.bus = [
	101	2	52.99802079157896	10.795893124210528	0.0	0.0	1	1.0354878337951334	-0.8566876192468458	138.0	11	1.05	0.95				
	102	2	47.60007422947369	9.814448294736843	0.0	0.0	1	1.0318406861489953	-1.3870241474167144	138.0	12	1.05	0.95				
	103	1	88.33003465263158	18.15672934526316	0.0	0.0	1	1.0233284082852794	2.6830291069657632	138.0	11	1.05	0.95				
	104	1	36.31345869052632	7.360836221052631	0.0	0.0	1	1.0207418240979118	-2.703244691871343	138.0	11	1.05	0.95				
	105	1	34.84129144631579	6.87011380631579	0.0	0.0	1	1.0364218084847967	-3.464392132585672	138.0	11	1.05	0.95				
	106	1	66.73824840421054	13.74022761263158	0.0	-100.0	1	1.0438287991747295	-5.524187745037168	138.0	12	1.05	0.95				
	107	2	61.34030184210527	12.268060368421054	0.0	0.0	1	0.9993234264543593	-13.466467364672708	138.0	12	1.05	0.95				
	108	1	83.91353292	17.175284515789475	0.0	0.0	1	0.9989094025880201	-10.806199942089478	138.0	12	1.05	0.95				
	109	1	85.87642257894737	17.666006930526315	0.0	0.0	1	1.0216216106060987	-2.6580850910647222	138.0	13	1.05	0.95				
	110	1	95.69087087368422	19.628896589473687	0.0	0.0	1	1.05	-4.566243041573312	138.0	13	1.05	0.95				
	111	1	0.0	0.0	0.0	0.0	1	1.0051516375782534	0.35483612818719196	230.0	13	1.05	0.95				
	112	1	0.0	0.0	0.0	0.0	1	1.0099588963133526	-0.9906858164895156	230.0	13	1.05	0.95				
	113	3	130.04143990526316	26.49901039578948	0.0	0.0	1	1.0012978310874918	-8.640609096477726e-29	230.0	14	1.05	0.95				
	114	2	95.20014845894738	19.138174174736843	0.0	0.0	1	1.0087450028714366	4.734236234839612	230.0	16	1.05	0.95				
	115	2	155.55900547157896	31.406234543157897	0.0	0.0	1	1.0316803172561697	16.272546038547667	230.0	16	1.05	0.95				
	116	2	49.072241473684215	9.814448294736843	0.0	0.0	1	1.024305362784204	13.949971316791382	230.0	16	1.05	0.95				
	117	1	0.0	0.0	0.0	0.0	1	1.030354332799943	21.02951044517957	230.0	17	1.05	0.95				
	118	2	163.41056410736843	33.36912420210527	0.0	0.0	1	1.0437588547286056	22.031957837334534	230.0	17	1.05	0.95				
	119	1	88.82075706736843	18.15672934526316	0.0	0.0	1	1.0160452814785552	8.700544349197028	230.0	15	1.05	0.95				
	120	1	62.812469086315794	12.758782783157896	0.0	0.0	1	1.0184592860479507	4.927609603661535	230.0	15	1.05	0.95				
	121	2	0.0	0.0	0.0	0.0	1	1.05	24.017429628945713	230.0	17	1.05	0.95				
	122	2	0.0	0.0	0.0	0.0	1	1.05	41.91837073432774	230.0	17	1.05	0.95				
	123	2	0.0	0.0	0.0	0.0	1	1.021890389390334	3.2420259027254446	230.0	15	1.05	0.95				
	124	1	0.0	0.0	0.0	0.0	1	1.0114138228300205	11.169747108089478	230.0	16	1.05	0.95				
	201	2	47.37856130526316	9.651188414035088	0.0	0.0	2	1.0132708422564625	-19.77676020086711	138.0	21	1.05	0.95				
	202	2	42.55296709824562	8.773807649122807	0.0	0.0	2	1.012268627212208	-20.0908411788724	138.0	22	1.05	0.95				
	203	1	78.96426884210527	16.23154415087719	0.0	0.0	2	1.015408230754972	-14.586436260860317	138.0	21	1.05	0.95				
	204	1	32.46308830175438	6.580355736842105	0.0	0.0	2	1.0109646314108425	-19.593037918159837	138.0	21	1.05	0.95				
	205	1	31.147017154385964	6.141665354385966	0.0	0.0	2	1.026251151466037	-20.153046828552213	138.0	21	1.05	0.95				
	206	1	59.66189201403509	12.283330708771931	0.0	-100.0	2	1.0412085691734037	-20.90588482664381	138.0	22	1.05	0.95				
	207	2	54.836297807017544	10.967259561403509	0.0	0.0	2	0.9937874520894566	-26.15894111173854	138.0	22	1.05	0.95				
	208	1	75.0160554	15.354163385964911	0.0	0.0	2	0.9988327724491016	-24.161696246288056	138.0	22	1.05	0.95				
	209	1	76.77081692982456	15.792853768421052	0.0	0.0	2	1.0228767233262528	-17.369516171007376	138.0	23	1.05	0.95				
	210	1	85.54462457894736	17.547615298245614	0.0	0.0	2	1.05	-19.118349612434674	138.0	23	1.05	0.95				
	211	1	0.0	0.0	0.0	0.0	2	1.0094755899683765	-14.076520478966865	230.0	23	1.05	0.95				
	212	1	0.0	0.0	0.0	0.0	2	1.009228415911324	-13.424946447329948	230.0	23	1.05	0.95				
	213	2	116.25295135087718	23.68928065263158	0.0	0.0	2	1.0056784952864382	-12.718971196494055	230.0	24	1.05	0.95				
	214	2	85.10593419649123	17.108924915789473	0.0	0.0	2	1.0161639715010078	-11.033088046495081	230.0	26	1.05	0.95				
	215	2	139.06485123859648	28.076184477192985	0.0	0.0	2	1.0298218473374419	-3.129601705391968	230.0	26	1.05	0.95				
	216	2	43.869038245614036	8.773807649122807	0.0	0.0	2	1.0308133617950757	-4.051662111413989	230.0	26	1.05	0.95				
	217	1	0.0	0.0	0.0	0.0	2	1.0327957249742552	-1.7445715776307802	230.0	27	1.05	0.95				
	218	2	146.08389735789473	29.830946007017545	0.0	0.0	2	1.032759085521246	-2.2885930334508764	230.0	27	1.05	0.95				
	219	1	79.4029592245614	16.23154415087719	0.0	0.0	2	1.030110211828225	-4.601280468193174	230.0	25	1.05	0.95				
	220	1	56.15236895438597	11.405949943859648	0.0	0.0	2	1.032471860461679	-4.229251284763145	230.0	25	1.05	0.95				
	221	2	0.0	0.0	0.0	0.0	2	1.0345202037098724	-1.768315172708839	230.0	27	1.05	0.95				
	222	2	0.0	0.0	0.0	0.0	2	1.05	4.737447755998318	230.0	27	1.05	0.95				
	223	2	0.0	0.0	0.0	0.0	2	1.0344369634647164	-3.692763905996859	230.0	25	1.05	0.95				
	224	1	0.0	0.0	0.0	0.0	2	1.0102580500274239	-7.405752031492157	230.0	26	1.05	0.95				
	301	2	55.63998735157896	11.334071497543862	0.0	0.0	3	1.0203700341731343	22.094504647300283	138.0	31	1.05	0.95				
	302	2	49.97295160280702	10.303701361403512	0.0	0.0	3	1.0174528001564245	21.733964846065685	138.0	32	1.05	0.95				
	303	1	92.73331225263159	19.06184751859649	0.0	0.0	3	1.05	37.983905025040414	138.0	31	1.05	0.95				
	304	1	38.12369503719298	7.727776021052632	0.0	0.0	3	1.0079854451010843	23.310459898939616	138.0	31	1.05	0.95				
	305	1	36.57813983298246	7.212590952982458	0.0	0.0	3	1.026397110970133	20.805673915528537	138.0	31	1.05	0.95				
	306	1	70.06516925754387	14.425181905964916	0.0	-100.0	3	1.0363151957638834	19.485137353327943	138.0	32	1.05	0.95				
	307	2	64.39813350877193	12.879626701754388	0.0	0.0	3	0.95	15.016722284815664	138.0	32	1.05	0.95				
	308	1	88.09664664	18.03147738245614	0.0	0.0	3	0.9684696658966457	17.357953085315454	138.0	32	1.05	0.95				
	309	1	90.15738691228071	18.546662450526316	0.0	0.0	3	1.0173110376140775	26.74965694177779	138.0	33	1.05	0.95				
	310	1	100.46108827368423	20.607402722807024	0.0	0.0	3	1.045129731181373	21.16249379022923	138.0	33	1.05	0.95				
	311	1	0.0	0.0	0.0	0.0	3	1.0072327246731285	25.08839365891575	230.0	33	1.05	0.95				
	312	1	0.0	0.0	0.0	0.0	3	1.0130587021017439	25.1930557592282	230.0	33	1.05	0.95				
	313	2	136.52404303859652	27.81999367578948	0.0	0.0	3	1.0079018997569373	25.739628700096524	230.0	34	1.05	0.95				
	314	2	99.94590320561404	20.092217654736846	0.0	0.0	3	1.0048100809259028	25.740575024510807	230.0	36	1.05	0.95				
	315	2	163.31366657824563	32.97184435649123	0.0	0.0	3	1.0494626852000488	26.183391482030036	230.0	36	1.05	0.95				
	316	2	51.51850680701755	10.303701361403512	0.0	0.0	3	1.0365486582933852	26.08982150758743	230.0	36	1.05	0.95				
	317	1	0.0	0.0	0.0	0.0	3	1.0427586877318242	28.443057685467338	230.0	37	1.05	0.95				
	318	2	171.55662766736845	35.032584628771936	0.0	0.0	3	1.034352923306089	24.730015872431405	230.0	37	1.05	0.95				
	319	1	93.24849732070177	19.06184751859649	0.0	0.0	3	1.0301731426429468	25.84220729413052	230.0	35	1.05	0.95				
	320	1	65.94368871298246	13.394811769824564	0.0	0.0	3	1.0258667257958112	25.47776084432635	230.0	35	1.05	0.95				
	321	2	0.0	0.0	0.0	0.0	3	1.05	25.839227569878368	230.0	37	1.05	0.95				
	322	2	0.0	0.0	0.0	0.0	3	1.05	31.19617413185065	230.0	37	1.05	0.95				
	323	2	0.0	0.0	0.0	0.0	3	1.0236742327752981	25.370072155335908	230.0	35	1.05	0.95				
	324	1	0.0	0.0	0.0	0.0	3	1.0478474611049147	32.016532026809884	230.0	36	1.05	0.95				
	325	1	0.0	0.0	0.0	0.0	3	1.0269529680670515	25.26734579536868	230.0	35	1.05	0.95				
];
