%% MATPOWER Case Format : Version 2
function mpc = RTS_GMLC
mpc.version = '2';

%%-----  Power Flow Data  -----%%
%% system MVA base
mpc.baseMVA = 100.0;
%% bus data
%    bus_i    type    Pd    Qd    Gs    Bs    area    Vm    Va    baseKV    zone    Vmax    Vmin
mpc.bus = [
	101	2	42.7644730231579	8.711281541754385	0.0	0.0	1	1.0348889273602548	2.5582163647331173	138.0	11	1.05	0.95				
	102	2	38.408832252280696	7.919346856140351	0.0	0.0	1	1.0339382996019164	2.294522330245858	138.0	12	1.05	0.95				
	103	1	71.27412170526316	14.650791683859648	0.0	0.0	1	1.0290128579142725	0.8228363693017204	138.0	11	1.05	0.95				
	104	1	29.301583367719296	5.939510142105262	0.0	0.0	1	1.0222287949006212	-0.7030734231012207	138.0	11	1.05	0.95				
	105	1	28.113681339298243	5.543542799298246	0.0	0.0	1	1.0370649994353773	-0.4641165924427403	138.0	11	1.05	0.95				
	106	1	53.85155862175438	11.087085598596492	0.0	-100.0	1	1.0466246753948614	-2.608044600924261	138.0	12	1.05	0.95				
	107	2	49.49591785087719	9.899183570175438	0.0	0.0	1	1.001027934056263	-6.943371871836332	138.0	12	1.05	0.95				
	108	1	67.71041561999999	13.858856998245612	0.0	0.0	1	1.0061031138913095	-6.054275599674891	138.0	12	1.05	0.95				
	109	1	69.29428499122807	14.254824341052629	0.0	0.0	1	1.0244072409909961	-1.5520415349595063	138.0	13	1.05	0.95				
	110	1	77.21363184736842	15.838693712280701	0.0	0.0	1	1.05	-2.2841010041868297	138.0	13	1.05	0.95				
	111	1	0.0	0.0	0.0	0.0	1	1.0022441749056639	-0.02297457019124003	230.0	13	1.05	0.95				
	112	1	0.0	0.0	0.0	0.0	1	1.0068328314703017	0.2605136492248001	230.0	13	1.05	0.95				
	113	3	104.93134584385963	21.38223651157895	0.0	0.0	1	0.9923997312643473	-1.1903259111365565e-31	230.0	14	1.05	0.95				
	114	2	76.81766450456139	15.442726369473684	0.0	0.0	1	0.998988232391483	1.987148394353236	230.0	16	1.05	0.95				
	115	2	125.52164766982455	25.34190993964912	0.0	0.0	1	1.0353195677091476	7.634528377514641	230.0	16	1.05	0.95				
	116	2	39.59673428070175	7.919346856140351	0.0	0.0	1	1.0307499394403907	7.105474944291668	230.0	16	1.05	0.95				
	117	1	0.0	0.0	0.0	0.0	1	1.038902456108579	8.992087798901474	230.0	17	1.05	0.95				
	118	2	131.85712515473685	26.92577931087719	0.0	0.0	1	1.0413194402369572	9.053449191153236	230.0	17	1.05	0.95				
	119	1	71.67008904807017	14.650791683859648	0.0	0.0	1	1.023898438933348	5.999279973103493	230.0	15	1.05	0.95				
	120	1	50.68381987929824	10.295150912982455	0.0	0.0	1	1.0206201592947688	5.8080941060377445	230.0	15	1.05	0.95				
	121	2	0.0	0.0	0.0	0.0	1	1.045158595748271	10.018273344960097	230.0	17	1.05	0.95				
	122	2	0.0	0.0	0.0	0.0	1	1.05	16.126170667070053	230.0	17	1.05	0.95				
	123	2	0.0	0.0	0.0	0.0	1	1.0192094479726188	6.013123256015959	230.0	15	1.05	0.95				
	124	1	0.0	0.0	0.0	0.0	1	1.023983168332462	5.077649780064532	230.0	16	1.05	0.95				
	201	2	39.303636063157896	8.006296235087719	0.0	0.0	2	1.0258919712065238	-4.544966957631722	138.0	21	1.05	0.95				
	202	2	35.30048794561404	7.278451122807017	0.0	0.0	2	1.0266980969176511	-4.355340819185853	138.0	22	1.05	0.95				
	203	1	65.50606010526316	13.46513457719298	0.0	0.0	2	1.0176294494750895	-4.9014668398392205	138.0	21	1.05	0.95				
	204	1	26.93026915438596	5.458838342105262	0.0	0.0	2	1.0191218071800205	-6.066777245345168	138.0	21	1.05	0.95				
	205	1	25.83850148596491	5.094915785964912	0.0	0.0	2	1.0336232016663045	-6.210121248788634	138.0	21	1.05	0.95				
	206	1	49.49346763508772	10.189831571929824	0.0	-100.0	2	1.046437441407378	-7.479502005757154	138.0	22	1.05	0.95				
	207	2	45.49031951754385	9.098063903508772	0.0	0.0	2	0.9938506202360895	-12.759592683769696	138.0	22	1.05	0.95				
	208	1	62.23075709999999	12.73728946491228	0.0	0.0	2	1.0019072762147234	-11.167888422964694	138.0	22	1.05	0.95				
	209	1	63.6864473245614	13.10121202105263	0.0	0.0	2	1.022719626419797	-5.967115642331642	138.0	23	1.05	0.95				
	210	1	70.96489844736841	14.556902245614033	0.0	0.0	2	1.05	-6.72736189421421	138.0	23	1.05	0.95				
	211	1	0.0	0.0	0.0	0.0	2	1.0008395806778312	-3.727232798611756	230.0	23	1.05	0.95				
	212	1	0.0	0.0	0.0	0.0	2	1.005785911405836	-2.9857388820090054	230.0	23	1.05	0.95				
	213	2	96.43947737719297	19.651818031578948	0.0	0.0	2	0.9932334616122298	-2.647045708950988	230.0	24	1.05	0.95				
	214	2	70.60097589122807	14.192979689473685	0.0	0.0	2	0.9969152909731168	-1.8969637859422797	230.0	26	1.05	0.95				
	215	2	115.36345029649122	23.291043592982454	0.0	0.0	2	1.0182195924001884	2.73200809153603	230.0	26	1.05	0.95				
	216	2	36.392255614035086	7.278451122807017	0.0	0.0	2	1.0188846746320404	2.8629173620416677	230.0	26	1.05	0.95				
	217	1	0.0	0.0	0.0	0.0	2	1.0248728876205568	4.309160005124279	230.0	27	1.05	0.95				
	218	2	121.18621119473683	24.74673381754386	0.0	0.0	2	1.024182627225871	3.8984220797174447	230.0	27	1.05	0.95				
	219	1	65.8699826614035	13.46513457719298	0.0	0.0	2	1.0195086839095053	2.865825581048941	230.0	25	1.05	0.95				
	220	1	46.58208718596491	9.461986459649124	0.0	0.0	2	1.0221970454008833	3.589670108683107	230.0	25	1.05	0.95				
	221	2	0.0	0.0	0.0	0.0	2	1.0258178209260351	4.313712197771486	230.0	27	1.05	0.95				
	222	2	0.0	0.0	0.0	0.0	2	1.0478340808766473	10.829323813711474	230.0	27	1.05	0.95				
	223	2	0.0	0.0	0.0	0.0	2	1.0241251139427336	4.269338309854361	230.0	25	1.05	0.95				
	224	1	0.0	0.0	0.0	0.0	2	1.0083728966253367	-0.15362106264194703	230.0	26	1.05	0.95				
	301	2	44.194242315789474	9.002530842105262	0.0	0.0	3	1.0095272100761241	-16.178155537134273	138.0	31	1.05	0.95				
	302	2	39.69297689473684	8.184118947368422	0.0	0.0	3	1.0093382228674566	-16.330671973398875	138.0	32	1.05	0.95				
	303	1	73.65707052631578	15.14062005263158	0.0	0.0	3	1.0294489490277772	-9.560165306072719	138.0	31	1.05	0.95				
	304	1	30.28124010526316	6.138089210526315	0.0	0.0	3	1.0116156849735838	-15.060086781355846	138.0	31	1.05	0.95				
	305	1	29.05362226315789	5.728883263157894	0.0	0.0	3	1.02463879778947	-15.978626163048977	138.0	31	1.05	0.95				
	306	1	55.65200884210526	11.457766526315789	0.0	-100.0	3	1.0413556147142167	-16.364389669475695	138.0	32	1.05	0.95				
	307	2	51.150743421052624	10.230148684210526	0.0	0.0	3	0.9945689064466623	-20.694861968333377	138.0	32	1.05	0.95				
	308	1	69.974217	14.322208157894737	0.0	0.0	3	1.0011642812417425	-18.866973021778037	138.0	32	1.05	0.95				
	309	1	71.61104078947368	14.731414105263157	0.0	0.0	3	1.0259657276751109	-12.341243502839154	138.0	33	1.05	0.95				
	310	1	79.79515973684211	16.368237894736843	0.0	0.0	3	1.05	-14.460114186357519	138.0	33	1.05	0.95				
	311	1	0.0	0.0	0.0	0.0	3	1.006092988321051	-9.349039084526055	230.0	33	1.05	0.95				
	312	1	0.0	0.0	0.0	0.0	3	1.010389484667618	-8.782144301820498	230.0	33	1.05	0.95				
	313	2	108.43957605263157	22.097121157894737	0.0	0.0	3	1.0086411418028594	-5.993240921399816	230.0	34	1.05	0.95				
	314	2	79.38595378947367	15.959031947368421	0.0	0.0	3	1.0023344579988012	-8.108541459372901	230.0	36	1.05	0.95				
	315	2	129.71828531578947	26.189180631578946	0.0	0.0	3	1.0237193315317263	-4.6128276724289545	230.0	36	1.05	0.95				
	316	2	40.920594736842105	8.184118947368422	0.0	0.0	3	1.023262654552011	-3.886916801269808	230.0	36	1.05	0.95				
	317	1	0.0	0.0	0.0	0.0	3	1.0275067519377998	-2.9526573962519707	230.0	37	1.05	0.95				
	318	2	136.2655804736842	27.82600442105263	0.0	0.0	3	1.0264287905001095	-3.0220700004347947	230.0	37	1.05	0.95				
	319	1	74.06627647368421	15.14062005263158	0.0	0.0	3	1.0205246363716136	-4.41509754994907	230.0	35	1.05	0.95				
	320	1	52.37836126315789	10.639354631578946	0.0	0.0	3	1.0208334211865149	-4.066580726483802	230.0	35	1.05	0.95				
	321	2	0.0	0.0	0.0	0.0	3	1.027631375851859	-3.021264643913364	230.0	37	1.05	0.95				
	322	2	0.0	0.0	0.0	0.0	3	1.0408975864543974	1.3886920949639188	230.0	37	1.05	0.95				
	323	2	0.0	0.0	0.0	0.0	3	1.0215601635103957	-3.556065402664565	230.0	35	1.05	0.95				
	324	1	0.0	0.0	0.0	0.0	3	1.018678571909704	-6.495785184886671	230.0	36	1.05	0.95				
	325	1	0.0	0.0	0.0	0.0	3	1.0198229120379891	-2.403158239741391	230.0	35	1.05	0.95				
];
