%% MATPOWER Case Format : Version 2
function mpc = RTS_GMLC
mpc.version = '2';

%%-----  Power Flow Data  -----%%
%% system MVA base
mpc.baseMVA = 100.0;
%% bus data
%    bus_i    type    Pd    Qd    Gs    Bs    area    Vm    Va    baseKV    zone    Vmax    Vmin
mpc.bus = [
	101	2	49.99208312842106	10.183572489122806	0.0	0.0	1	1.0295406990159697	1.9234550503061525	138.0	11	1.05	0.95				
	102	2	44.900296883859646	9.257793171929825	0.0	0.0	1	1.0285619317971932	1.618660342055394	138.0	12	1.05	0.95				
	103	1	83.32013854736843	17.126917368070174	0.0	0.0	1	1.0292904164441259	2.077450965662934	138.0	11	1.05	0.95				
	104	1	34.25383473614035	6.943344878947368	0.0	0.0	1	1.0188006046423455	-1.2440123800351879	138.0	11	1.05	0.95				
	105	1	32.86516576035087	6.480455220350878	0.0	0.0	1	1.033399320890167	-1.2018291726925523	138.0	11	1.05	0.95				
	106	1	62.9529935691228	12.960910440701756	0.0	-100.0	1	1.043399976564948	-3.457488142384026	138.0	12	1.05	0.95				
	107	2	57.861207324561406	11.572241464912281	0.0	0.0	1	0.9994397938786692	-10.16432964463123	138.0	12	1.05	0.95				
	108	1	79.15413162	16.20113805087719	0.0	0.0	1	1.0018673802260503	-8.2628512523655	138.0	12	1.05	0.95				
	109	1	81.00569025438597	16.664027709473682	0.0	0.0	1	1.0247804711999664	-1.6960886137119866	138.0	13	1.05	0.95				
	110	1	90.26348342631579	18.51558634385965	0.0	0.0	1	1.05	-2.896793515377008	138.0	13	1.05	0.95				
	111	1	0.0	0.0	0.0	0.0	1	1.0079368282930696	0.5716798407481137	230.0	13	1.05	0.95				
	112	1	0.0	0.0	0.0	0.0	1	1.011207356886316	0.3636858575140882	230.0	13	1.05	0.95				
	113	3	122.66575952807017	24.99604156421053	0.0	0.0	1	1.0005729039437907	4.6405874730628484e-29	230.0	14	1.05	0.95				
	114	2	89.80059376771929	18.052696685263157	0.0	0.0	1	1.0116265331960943	4.0201833103046125	230.0	16	1.05	0.95				
	115	2	146.73602177508772	29.62493815017544	0.0	0.0	1	1.0450173525324942	12.460513971213123	230.0	16	1.05	0.95				
	116	2	46.288965859649124	9.257793171929825	0.0	0.0	1	1.0409341062644932	11.55664040156724	230.0	16	1.05	0.95				
	117	1	0.0	0.0	0.0	0.0	1	1.0431147966985075	15.695424142359869	230.0	17	1.05	0.95				
	118	2	154.1422563126316	31.4764967845614	0.0	0.0	1	1.049610017444978	15.653901244016762	230.0	17	1.05	0.95				
	119	1	83.78302820596491	17.126917368070174	0.0	0.0	1	1.0333956529636101	9.023460173218398	230.0	15	1.05	0.95				
	120	1	59.24987630035088	12.035131123508773	0.0	0.0	1	1.031340180129489	7.693909350437075	230.0	15	1.05	0.95				
	121	2	0.0	0.0	0.0	0.0	1	1.05	16.71693397443408	230.0	17	1.05	0.95				
	122	2	0.0	0.0	0.0	0.0	1	1.05	32.932597823003285	230.0	17	1.05	0.95				
	123	2	0.0	0.0	0.0	0.0	1	1.0309184370089695	7.313125722697644	230.0	15	1.05	0.95				
	124	1	0.0	0.0	0.0	0.0	1	1.0261201658752894	8.591174907519122	230.0	16	1.05	0.95				
	201	2	55.98048168000002	11.403431453333335	0.0	0.0	2	1.027847044031664	-11.191221086087594	138.0	21	1.05	0.95				
	202	2	50.278765953333334	10.366755866666669	0.0	0.0	2	1.0285182844121472	-11.114614710348329	138.0	22	1.05	0.95				
	203	1	93.30080280000001	19.178498353333335	0.0	0.0	2	1.0170051017041315	-9.826404151524919	138.0	21	1.05	0.95				
	204	1	38.35699670666667	7.775066900000001	0.0	0.0	2	1.0171251120412286	-12.976961085558615	138.0	21	1.05	0.95				
	205	1	36.80198332666667	7.2567291066666675	0.0	0.0	2	1.0323998581145255	-13.260402344314112	138.0	21	1.05	0.95				
	206	1	70.49393989333335	14.513458213333335	0.0	-100.0	2	1.0423633422893233	-14.894662831894406	138.0	22	1.05	0.95				
	207	2	64.79222416666668	12.958444833333335	0.0	0.0	2	0.9893970006435314	-22.54014073471818	138.0	22	1.05	0.95				
	208	1	88.63576266000001	18.141822766666667	0.0	0.0	2	0.9929055735472245	-20.115337709170507	138.0	22	1.05	0.95				
	209	1	90.70911383333335	18.66016056	0.0	0.0	2	1.023154479415276	-12.381405418480558	138.0	23	1.05	0.95				
	210	1	101.07586970000003	20.733511733333337	0.0	0.0	2	1.05	-13.704982176980298	138.0	23	1.05	0.95				
	211	1	0.0	0.0	0.0	0.0	2	1.0108378594929799	-9.171073696655721	230.0	23	1.05	0.95				
	212	1	0.0	0.0	0.0	0.0	2	1.0117444630525658	-8.418688990724203	230.0	23	1.05	0.95				
	213	2	137.35951523333335	27.99024084000001	0.0	0.0	2	1.008525554673974	-7.989964175282819	230.0	24	1.05	0.95				
	214	2	100.55753190666667	20.215173940000003	0.0	0.0	2	1.016310432653184	-6.281456457715718	230.0	26	1.05	0.95				
	215	2	164.31308048666668	33.17361877333334	0.0	0.0	2	1.031679308240427	1.150820770616433	230.0	26	1.05	0.95				
	216	2	51.83377933333334	10.366755866666669	0.0	0.0	2	1.0339324877150045	0.9535909121818981	230.0	26	1.05	0.95				
	217	1	0.0	0.0	0.0	0.0	2	1.0379694768918155	4.013405192797573	230.0	27	1.05	0.95				
	218	2	172.60648518000005	35.246969946666674	0.0	0.0	2	1.0391180533182256	4.189349564174496	230.0	27	1.05	0.95				
	219	1	93.81914059333334	19.178498353333335	0.0	0.0	2	1.033576136326425	0.29228578754147827	230.0	25	1.05	0.95				
	220	1	66.34723754666668	13.476782626666669	0.0	0.0	2	1.0371677938073915	0.7119808528652611	230.0	25	1.05	0.95				
	221	2	0.0	0.0	0.0	0.0	2	1.0390687716413887	3.9473160710748134	230.0	27	1.05	0.95				
	222	2	0.0	0.0	0.0	0.0	2	1.05	10.474637672988504	230.0	27	1.05	0.95				
	223	2	0.0	0.0	0.0	0.0	2	1.040185146752884	1.3283641882649768	230.0	25	1.05	0.95				
	224	1	0.0	0.0	0.0	0.0	2	1.0126055725536303	-2.944608065601154	230.0	26	1.05	0.95				
	301	2	69.18696613894738	14.093641250526318	0.0	0.0	3	1.0160416662935792	-19.07656600002697	138.0	31	1.05	0.95				
	302	2	62.14014551368422	12.812401136842109	0.0	0.0	3	1.01435283081274	-19.41178902047253	138.0	32	1.05	0.95				
	303	1	115.31161023157897	23.7029421031579	0.0	0.0	3	1.0484826755956158	-4.523553597325453	138.0	31	1.05	0.95				
	304	1	47.4058842063158	9.609300852631579	0.0	0.0	3	1.0090185564839314	-17.441729738352695	138.0	31	1.05	0.95				
	305	1	45.484024035789474	8.968680795789476	0.0	0.0	3	1.0247497806426904	-19.48911001318769	138.0	31	1.05	0.95				
	306	1	87.12432773052633	17.937361591578952	0.0	-100.0	3	1.035775017760813	-20.42475262315679	138.0	32	1.05	0.95				
	307	2	80.07750710526317	16.015501421052633	0.0	0.0	3	0.9843956282159196	-27.53790946123968	138.0	32	1.05	0.95				
	308	1	109.54602972	22.421701989473686	0.0	0.0	3	0.9847226973141917	-24.433474230596346	138.0	32	1.05	0.95				
	309	1	112.10850994736843	23.062322046315792	0.0	0.0	3	1.02726400042608	-13.21640532461686	138.0	33	1.05	0.95				
	310	1	124.92091108421053	25.624802273684217	0.0	0.0	3	1.05	-17.8518623376173	138.0	33	1.05	0.95				
	311	1	0.0	0.0	0.0	0.0	3	1.0217865911553523	-10.70693929519386	230.0	33	1.05	0.95				
	312	1	0.0	0.0	0.0	0.0	3	1.0213840561765855	-10.074841968600229	230.0	33	1.05	0.95				
	313	2	169.7643150631579	34.59348306947369	0.0	0.0	3	1.0287472211369828	-7.567000383128322	230.0	34	1.05	0.95				
	314	2	124.28029102736843	24.984182216842107	0.0	0.0	3	1.0325467396775219	-8.67783774438106	230.0	36	1.05	0.95				
	315	2	203.0765580189474	40.99968363789474	0.0	0.0	3	1.0488720942232614	-2.54162316461878	230.0	36	1.05	0.95				
	316	2	64.06200568421053	12.812401136842109	0.0	0.0	3	1.0479858492976726	-1.9267745654729402	230.0	36	1.05	0.95				
	317	1	0.0	0.0	0.0	0.0	3	1.05	1.3295564627984258	230.0	37	1.05	0.95				
	318	2	213.3264789284211	43.562163865263166	0.0	0.0	3	1.0436782180986208	-0.20521156817974243	230.0	37	1.05	0.95				
	319	1	115.95223028842108	23.7029421031579	0.0	0.0	3	1.0446250449954477	-3.2724065681885683	230.0	35	1.05	0.95				
	320	1	81.99936727578948	16.65612147789474	0.0	0.0	3	1.0471373731614357	-3.2443077669534413	230.0	35	1.05	0.95				
	321	2	0.0	0.0	0.0	0.0	3	1.046503498265675	-0.39830650906670423	230.0	37	1.05	0.95				
	322	2	0.0	0.0	0.0	0.0	3	1.05	4.62287980750134	230.0	37	1.05	0.95				
	323	2	0.0	0.0	0.0	0.0	3	1.0499999909879392	-2.7616741295921816	230.0	35	1.05	0.95				
	324	1	0.0	0.0	0.0	0.0	3	1.0435198552980058	-3.281949581345367	230.0	36	1.05	0.95				
	325	1	0.0	0.0	0.0	0.0	3	1.042909651127359	-1.1794459953577496	230.0	35	1.05	0.95				
];
