%% MATPOWER Case Format : Version 2
function mpc = RTS_GMLC
mpc.version = '2';

%%-----  Power Flow Data  -----%%
%% system MVA base
mpc.baseMVA = 100.0;
%% bus data
%    bus_i    type    Pd    Qd    Gs    Bs    area    Vm    Va    baseKV    zone    Vmax    Vmin
mpc.bus = [
	101	2	46.07768432842105	9.386194955789474	0.0	0.0	1	1.0313033957644937	0.6916545380276339	138.0	11	1.05	0.95				
	102	2	41.38458685052631	8.532904505263158	0.0	0.0	1	1.0290564344306865	0.09753389683473433	138.0	12	1.05	0.95				
	103	1	76.79614054736842	15.785873334736841	0.0	0.0	1	1.0314860648407653	0.6641036934721453	138.0	11	1.05	0.95				
	104	1	31.571746669473683	6.399678378947367	0.0	0.0	1	1.0225144878023535	-1.9031976251383622	138.0	11	1.05	0.95				
	105	1	30.291810993684205	5.97303315368421	0.0	0.0	1	1.0348806014370744	-2.2780555653241104	138.0	11	1.05	0.95				
	106	1	58.023750635789476	11.94606630736842	0.0	-100.0	1	1.0447391652423883	-4.493229905822258	138.0	12	1.05	0.95				
	107	2	53.33065315789474	10.666130631578946	0.0	0.0	1	0.9996824817131059	-10.399691765161135	138.0	12	1.05	0.95				
	108	1	72.95633351999999	14.932582884210523	0.0	0.0	1	1.0036019304395192	-8.723386740268564	138.0	12	1.05	0.95				
	109	1	74.66291442105262	15.359228109473683	0.0	0.0	1	1.0250782758968668	-2.7146600054372896	138.0	13	1.05	0.95				
	110	1	83.19581892631578	17.065809010526316	0.0	0.0	1	1.05	-3.9355898331676906	138.0	13	1.05	0.95				
	111	1	0.0	0.0	0.0	0.0	1	1.0049921317820025	-0.5791063712347773	230.0	13	1.05	0.95				
	112	1	0.0	0.0	0.0	0.0	1	1.0088301706113323	-1.1721608817597349	230.0	13	1.05	0.95				
	113	3	113.06098469473682	23.038842164210525	0.0	0.0	1	0.9974507676361467	-1.4677479907115307e-29	230.0	14	1.05	0.95				
	114	2	82.76917370105262	16.639163785263158	0.0	0.0	1	1.0045710095330074	1.7859418949130417	230.0	16	1.05	0.95				
	115	2	135.24653640842104	27.305294416842102	0.0	0.0	1	1.0413901779827321	9.074650964920579	230.0	16	1.05	0.95				
	116	2	42.664522526315785	8.532904505263158	0.0	0.0	1	1.0356124012792662	7.5889386226912485	230.0	16	1.05	0.95				
	117	1	0.0	0.0	0.0	0.0	1	1.0423313828834173	11.915562136807877	230.0	17	1.05	0.95				
	118	2	142.07286001263157	29.011875317894738	0.0	0.0	1	1.0478047117606317	12.794350817495992	230.0	17	1.05	0.95				
	119	1	77.22278577263157	15.785873334736841	0.0	0.0	1	1.0236059982414147	4.501780960542778	230.0	15	1.05	0.95				
	120	1	54.610588833684204	11.092775856842104	0.0	0.0	1	1.0178332323915105	2.472809486859297	230.0	15	1.05	0.95				
	121	2	0.0	0.0	0.0	0.0	1	1.0499999982062156	14.490440023622744	230.0	17	1.05	0.95				
	122	2	0.0	0.0	0.0	0.0	1	1.05	22.7274500686391	230.0	17	1.05	0.95				
	123	2	0.0	0.0	0.0	0.0	1	1.0154399550788467	1.683221606122911	230.0	15	1.05	0.95				
	124	1	0.0	0.0	0.0	0.0	1	1.027002829109703	5.925775086510871	230.0	16	1.05	0.95				
	201	2	44.114591520000005	8.986305680000001	0.0	0.0	2	1.013226916061636	-13.202821129165127	138.0	21	1.05	0.95				
	202	2	39.621438680000004	8.1693688	0.0	0.0	2	1.0123737582633958	-13.463420325120792	138.0	22	1.05	0.95				
	203	1	73.52431920000001	15.113332280000002	0.0	0.0	2	1.0147175523849534	-9.949444881155497	138.0	21	1.05	0.95				
	204	1	30.226664560000003	6.127026600000001	0.0	0.0	2	1.0119989659505062	-12.949199813870084	138.0	21	1.05	0.95				
	205	1	29.00125924	5.7185581600000015	0.0	0.0	2	1.0266228636873607	-13.32735170866477	138.0	21	1.05	0.95				
	206	1	55.551707840000006	11.437116320000003	0.0	-100.0	2	1.0421198800347595	-13.91005470295736	138.0	22	1.05	0.95				
	207	2	51.058555000000005	10.211711000000001	0.0	0.0	2	0.9956229921177449	-18.79802722322364	138.0	22	1.05	0.95				
	208	1	69.84810324	14.2963954	0.0	0.0	2	1.0013093351496727	-16.96217326211743	138.0	22	1.05	0.95				
	209	1	71.481977	14.704863840000002	0.0	0.0	2	1.0235172880492132	-10.83745046849816	138.0	23	1.05	0.95				
	210	1	79.6513458	16.3387376	0.0	0.0	2	1.05	-12.136679106670961	138.0	23	1.05	0.95				
	211	1	0.0	0.0	0.0	0.0	2	1.0041849517580088	-8.38381789391218	230.0	23	1.05	0.95				
	212	1	0.0	0.0	0.0	0.0	2	1.010622413372967	-5.419121982128781	230.0	23	1.05	0.95				
	213	2	108.2441366	22.057295760000002	0.0	0.0	2	0.9993601069209925	-6.673815624895696	230.0	24	1.05	0.95				
	214	2	79.24287736000001	15.930269160000002	0.0	0.0	2	1.002327708328771	-6.641853403754165	230.0	26	1.05	0.95				
	215	2	129.48449548	26.141980160000006	0.0	0.0	2	1.0205700152065693	-0.9267892488641458	230.0	26	1.05	0.95				
	216	2	40.846844000000004	8.1693688	0.0	0.0	2	1.0202750545499428	-1.686198586941387	230.0	26	1.05	0.95				
	217	1	0.0	0.0	0.0	0.0	2	1.0251959021122603	-0.0791751839638529	230.0	27	1.05	0.95				
	218	2	136.01999052000002	27.775853920000003	0.0	0.0	2	1.0247642857148465	-0.4333940414421183	230.0	27	1.05	0.95				
	219	1	73.93278764000002	15.113332280000002	0.0	0.0	2	1.0204746627413885	-2.062349355572462	230.0	25	1.05	0.95				
	220	1	52.28396032000001	10.620179440000003	0.0	0.0	2	1.0233135040449173	-1.5822529776105974	230.0	25	1.05	0.95				
	221	2	0.0	0.0	0.0	0.0	2	1.0268992280230287	0.19973812949730418	230.0	27	1.05	0.95				
	222	2	0.0	0.0	0.0	0.0	2	1.0486150425195548	6.597715936935425	230.0	27	1.05	0.95				
	223	2	0.0	0.0	0.0	0.0	2	1.0254575932321432	-1.0037116073810013	230.0	25	1.05	0.95				
	224	1	0.0	0.0	0.0	0.0	2	1.0072481919912635	-4.320014125401159	230.0	26	1.05	0.95				
	301	2	54.06833281263158	11.013919647017543	0.0	0.0	3	1.0057946200928227	9.63695519154368	138.0	31	1.05	0.95				
	302	2	48.56137298912281	10.012654224561404	0.0	0.0	3	1.005147612658618	9.38939882192438	138.0	32	1.05	0.95				
	303	1	90.11388802105263	18.523410315438596	0.0	0.0	3	1.0437200246653624	18.858753353000683	138.0	31	1.05	0.95				
	304	1	37.04682063087719	7.509490668421052	0.0	0.0	3	1.0078599841152702	10.475933872064953	138.0	31	1.05	0.95				
	305	1	35.544922497192985	7.008857957192983	0.0	0.0	3	1.0213997865353854	9.78291344285123	138.0	31	1.05	0.95				
	306	1	68.08604872701754	14.017715914385967	0.0	-100.0	3	1.0376555497106168	9.275172617136628	138.0	32	1.05	0.95				
	307	2	62.579088903508776	12.515817780701754	0.0	0.0	3	0.9870147097134684	4.0948822322320675	138.0	32	1.05	0.95				
	308	1	85.60819362	17.522144892982457	0.0	0.0	3	0.9947781096729428	6.370879178684416	138.0	32	1.05	0.95				
	309	1	87.61072446491228	18.02277760421053	0.0	0.0	3	1.0260026405546898	13.418400208741957	138.0	33	1.05	0.95				
	310	1	97.62337868947368	20.025308449122807	0.0	0.0	3	1.05	11.541012439123241	138.0	33	1.05	0.95				
	311	1	0.0	0.0	0.0	0.0	3	1.009604745329898	16.402942076630232	230.0	33	1.05	0.95				
	312	1	0.0	0.0	0.0	0.0	3	1.0156076514579628	16.664892635999916	230.0	33	1.05	0.95				
	313	2	132.66766847543857	27.03416640631579	0.0	0.0	3	1.0152614494802528	20.23597362034495	230.0	34	1.05	0.95				
	314	2	97.12274597824562	19.524675737894736	0.0	0.0	3	1.0065449622232114	17.04873814044701	230.0	36	1.05	0.95				
	315	2	158.70056945929824	32.04049351859649	0.0	0.0	3	1.0408273721852794	16.555151637863048	230.0	36	1.05	0.95				
	316	2	50.063271122807016	10.012654224561404	0.0	0.0	3	1.036134917734553	16.90583664512737	230.0	36	1.05	0.95				
	317	1	0.0	0.0	0.0	0.0	3	1.05	19.079826374953228	230.0	37	1.05	0.95				
	318	2	166.71069283894738	34.04302436350877	0.0	0.0	3	1.0483496295744574	16.29785501935066	230.0	37	1.05	0.95				
	319	1	90.6145207322807	18.523410315438596	0.0	0.0	3	1.031202999004932	17.223377269719933	230.0	35	1.05	0.95				
	320	1	64.08098703719298	13.016450491929826	0.0	0.0	3	1.0276476328714055	17.208650666077745	230.0	35	1.05	0.95				
	321	2	0.0	0.0	0.0	0.0	3	1.0464203379666925	17.023249412838297	230.0	37	1.05	0.95				
	322	2	0.0	0.0	0.0	0.0	3	1.05	22.173617858396998	230.0	37	1.05	0.95				
	323	2	0.0	0.0	0.0	0.0	3	1.0257088610421043	17.237376976446615	230.0	35	1.05	0.95				
	324	1	0.0	0.0	0.0	0.0	3	1.0408704141256706	18.94556317506466	230.0	36	1.05	0.95				
	325	1	0.0	0.0	0.0	0.0	3	1.028990600032814	17.01400054336213	230.0	35	1.05	0.95				
];
