%% MATPOWER Case Format : Version 2
function mpc = RTS_GMLC
mpc.version = '2';

%%-----  Power Flow Data  -----%%
%% system MVA base
mpc.baseMVA = 100.0;
%% bus data
%    bus_i    type    Pd    Qd    Gs    Bs    area    Vm    Va    baseKV    zone    Vmax    Vmin
mpc.bus = [
	101	2	37.327065809684214	7.603661553824562	0.0	0.0	1	1.0000441687526929	-2.4569645239022457	138.0	11	1.05	0.95				
	102	2	33.525235032771924	6.912419594385964	0.0	0.0	1	0.998925560144602	-2.8635934444362827	138.0	12	1.05	0.95				
	103	1	62.21177634947368	12.787976249614033	0.0	0.0	1	1.0239221955345925	2.4046832038048924	138.0	11	1.05	0.95				
	104	1	25.575952499228066	5.184314695789474	0.0	0.0	1	1.0078518831115462	-3.2638348912252626	138.0	11	1.05	0.95				
	105	1	24.539089560070174	4.838693716070176	0.0	0.0	1	1.0207516607818639	-3.7378569029932245	138.0	11	1.05	0.95				
	106	1	47.004453241824564	9.677387432140351	0.0	-100.0	1	1.0404257473030927	-4.919722814893242	138.0	12	1.05	0.95				
	107	2	43.202622464912274	8.640524492982456	0.0	0.0	1	0.9817936832041188	-10.910067314259534	138.0	12	1.05	0.95				
	108	1	59.101187532	12.096734290175437	0.0	0.0	1	0.9949440123476049	-8.605207522918533	138.0	12	1.05	0.95				
	109	1	60.48367145087718	12.442355269894735	0.0	0.0	1	1.024332368697615	-2.1375658012115584	138.0	13	1.05	0.95				
	110	1	67.39609104526315	13.824839188771929	0.0	0.0	1	1.05	-3.8793499870502477	138.0	13	1.05	0.95				
	111	1	0.0	0.0	0.0	0.0	1	1.0150467371312408	0.6763590847706908	230.0	13	1.05	0.95				
	112	1	0.0	0.0	0.0	0.0	1	1.0121415353703536	-0.7633648049211983	230.0	13	1.05	0.95				
	113	3	91.58955962561403	18.663532904842107	0.0	0.0	1	0.992090048322818	-7.071986706608492e-31	230.0	14	1.05	0.95				
	114	2	67.05047006554385	13.479218209052632	0.0	0.0	1	1.0429312241107598	4.866998396424451	230.0	16	1.05	0.95				
	115	2	109.56185057101753	22.119742702035087	0.0	0.0	1	1.040982518854308	15.138234035326139	230.0	16	1.05	0.95				
	116	2	34.56209797192982	6.912419594385964	0.0	0.0	1	1.0407830555691422	13.03340209134377	230.0	16	1.05	0.95				
	117	1	0.0	0.0	0.0	0.0	1	1.039965673880045	19.490110986538504	230.0	17	1.05	0.95				
	118	2	115.09178624652631	23.502226620912282	0.0	0.0	1	1.0496545829675912	20.284676561477575	230.0	17	1.05	0.95				
	119	1	62.55739732919297	12.787976249614033	0.0	0.0	1	1.0376567454026346	8.189346849492171	230.0	15	1.05	0.95				
	120	1	44.23948540407017	8.986145472701754	0.0	0.0	1	1.0423075164515396	4.65031598667319	230.0	15	1.05	0.95				
	121	2	0.0	0.0	0.0	0.0	1	1.04379576647563	21.918297096521727	230.0	17	1.05	0.95				
	122	2	0.0	0.0	0.0	0.0	1	1.05	39.87498604083176	230.0	17	1.05	0.95				
	123	2	0.0	0.0	0.0	0.0	1	1.0461176953253866	2.9753219542287406	230.0	15	1.05	0.95				
	124	1	0.0	0.0	0.0	0.0	1	1.0185527584015082	10.394826519190383	230.0	16	1.05	0.95				
	201	2	41.78561309052632	8.511884148070175	0.0	0.0	2	1.0116100206519985	-18.260685975033038	138.0	21	1.05	0.95				
	202	2	37.52967101649123	7.738076498245615	0.0	0.0	2	1.0107844177235852	-18.570246539142705	138.0	22	1.05	0.95				
	203	1	69.64268848421052	14.315441521754385	0.0	0.0	2	1.0109753216551494	-13.503812150805702	138.0	21	1.05	0.95				
	204	1	28.63088304350877	5.80355737368421	0.0	0.0	2	1.010736987430614	-18.290341047105688	138.0	21	1.05	0.95				
	205	1	27.470171568771928	5.41665354877193	0.0	0.0	2	1.0261514677030512	-18.790475666871956	138.0	21	1.05	0.95				
	206	1	52.618920188070184	10.83330709754386	0.0	-100.0	2	1.042315005540066	-19.584365363984865	138.0	22	1.05	0.95				
	207	2	48.36297811403509	9.672595622807018	0.0	0.0	2	0.9941921648644269	-24.155150365599635	138.0	22	1.05	0.95				
	208	1	66.16055406	13.541633871929823	0.0	0.0	2	1.0009118549045564	-22.43350549608569	138.0	22	1.05	0.95				
	209	1	67.70816935964912	13.928537696842106	0.0	0.0	2	1.0215950018613185	-16.450509722549484	138.0	23	1.05	0.95				
	210	1	75.44624585789474	15.47615299649123	0.0	0.0	2	1.05	-18.07167327231989	138.0	23	1.05	0.95				
	211	1	0.0	0.0	0.0	0.0	2	1.0067811015647814	-13.697410369660487	230.0	23	1.05	0.95				
	212	1	0.0	0.0	0.0	0.0	2	1.008516735218541	-13.195719420460186	230.0	23	1.05	0.95				
	213	2	102.52951360175437	20.89280654526316	0.0	0.0	2	1.0013903223625351	-12.612827110557888	230.0	24	1.05	0.95				
	214	2	75.05934203298246	15.089249171578947	0.0	0.0	2	1.0106141531191886	-10.989149343910931	230.0	26	1.05	0.95				
	215	2	122.64851249719297	24.761844794385965	0.0	0.0	2	1.0262115778415533	-3.8765556420101994	230.0	26	1.05	0.95				
	216	2	38.69038249122807	7.738076498245615	0.0	0.0	2	1.0286161850868945	-4.833396845138901	230.0	26	1.05	0.95				
	217	1	0.0	0.0	0.0	0.0	2	1.0353708517549174	-2.2982237408663466	230.0	27	1.05	0.95				
	218	2	128.83897369578946	26.309460094035092	0.0	0.0	2	1.034381001202242	-2.7981470813084712	230.0	27	1.05	0.95				
	219	1	70.02959230912282	14.315441521754385	0.0	0.0	2	1.027913399636413	-5.48825008098553	230.0	25	1.05	0.95				
	220	1	49.52368958877193	10.059499447719299	0.0	0.0	2	1.0296996413165544	-5.302674339147593	230.0	25	1.05	0.95				
	221	2	0.0	0.0	0.0	0.0	2	1.034351075958879	-2.357242347111073	230.0	27	1.05	0.95				
	222	2	0.0	0.0	0.0	0.0	2	1.05	4.163378691557901	230.0	27	1.05	0.95				
	223	2	0.0	0.0	0.0	0.0	2	1.0310667214821085	-4.904469362956325	230.0	25	1.05	0.95				
	224	1	0.0	0.0	0.0	0.0	2	1.0086264232539994	-7.463272146833414	230.0	26	1.05	0.95				
	301	2	47.35463460631579	9.646314456842106	0.0	0.0	3	1.0152373604690288	9.807586357148413	138.0	31	1.05	0.95				
	302	2	42.53147737789474	8.769376778947368	0.0	0.0	3	1.0141136655441392	9.454024409112645	138.0	32	1.05	0.95				
	303	1	78.92439101052632	16.223347041052634	0.0	0.0	3	1.05	24.676455445798865	138.0	31	1.05	0.95				
	304	1	32.44669408210527	6.577032584210526	0.0	0.0	3	1.011689059521458	10.869745850783296	138.0	31	1.05	0.95				
	305	1	31.131287565263154	6.138563745263158	0.0	0.0	3	1.027176418512614	8.20045377260293	138.0	31	1.05	0.95				
	306	1	59.63176209684211	12.277127490526317	0.0	-100.0	3	1.041398520849711	6.780293745946099	138.0	32	1.05	0.95				
	307	2	54.80860486842105	10.96172097368421	0.0	0.0	3	0.992223178260656	2.9711951079806926	138.0	32	1.05	0.95				
	308	1	74.97817146	15.346409363157894	0.0	0.0	3	0.9975284134882132	4.96934458903222	138.0	32	1.05	0.95				
	309	1	76.73204681578947	15.784878202105263	0.0	0.0	3	1.0234828111616163	13.835963412867097	138.0	33	1.05	0.95				
	310	1	85.50142359473685	17.538753557894736	0.0	0.0	3	1.05	7.99988806967484	138.0	33	1.05	0.95				
	311	1	0.0	0.0	0.0	0.0	3	1.0108947622836861	11.813557532270462	230.0	33	1.05	0.95				
	312	1	0.0	0.0	0.0	0.0	3	1.0130064918851471	11.964305319084058	230.0	33	1.05	0.95				
	313	2	116.19424232105263	23.677317303157896	0.0	0.0	3	1.0060977140564011	11.862805865625784	230.0	34	1.05	0.95				
	314	2	85.06295475578948	17.10028471894737	0.0	0.0	3	1.0111163588932177	12.766468035101905	230.0	36	1.05	0.95				
	315	2	138.9946219463158	28.06200569263158	0.0	0.0	3	1.0410654560108306	17.17084953965911	230.0	36	1.05	0.95				
	316	2	43.84688389473684	8.769376778947368	0.0	0.0	3	1.0354383434124586	16.734650215248344	230.0	36	1.05	0.95				
	317	1	0.0	0.0	0.0	0.0	3	1.05	21.45218885516763	230.0	37	1.05	0.95				
	318	2	146.0101233694737	29.815881048421055	0.0	0.0	3	1.0457577665849265	17.83955803053901	230.0	37	1.05	0.95				
	319	1	79.3628598494737	16.223347041052634	0.0	0.0	3	1.0258959053485448	15.213990937398231	230.0	35	1.05	0.95				
	320	1	56.12401138526316	11.400189812631579	0.0	0.0	3	1.0209755031911194	14.733189342658708	230.0	35	1.05	0.95				
	321	2	0.0	0.0	0.0	0.0	3	1.0451503400930922	18.298300841540716	230.0	37	1.05	0.95				
	322	2	0.0	0.0	0.0	0.0	3	1.05	23.878653844166166	230.0	37	1.05	0.95				
	323	2	0.0	0.0	0.0	0.0	3	1.018837387082116	14.809979261908012	230.0	35	1.05	0.95				
	324	1	0.0	0.0	0.0	0.0	3	1.0417983872192274	20.04431594876832	230.0	36	1.05	0.95				
	325	1	0.0	0.0	0.0	0.0	3	1.0199441722719718	15.42731143102676	230.0	35	1.05	0.95				
];
