%% MATPOWER Case Format : Version 2
function mpc = RTS_GMLC
mpc.version = '2';

%%-----  Power Flow Data  -----%%
%% system MVA base
mpc.baseMVA = 100.0;
%% bus data
%    bus_i    type    Pd    Qd    Gs    Bs    area    Vm    Va    baseKV    zone    Vmax    Vmin
mpc.bus = [
	101	2	76.07026224	15.49579416	0.0	0.0	1	1.0499999965864248	1.691044364067013	138.0	11	1.05	0.95				
	102	2	68.32236516	14.087085600000002	0.0	0.0	1	1.0494218056348497	1.4315622142400113	138.0	12	1.05	0.95				
	103	1	126.7837704	26.061108360000002	0.0	0.0	1	1.0296216663527957	-0.6979041433284981	138.0	11	1.05	0.95				
	104	1	52.122216720000004	10.5653142	0.0	0.0	1	1.0269230259896054	-2.352486288542255	138.0	11	1.05	0.95				
	105	1	50.00915388	9.86095992	0.0	0.0	1	1.039592928083706	-2.7318470261153434	138.0	11	1.05	0.95				
	106	1	95.79218208	19.72191984	0.0	-100.0	1	1.0405246086247681	-5.904273242904627	138.0	12	1.05	0.95				
	107	2	88.044285	17.608857	0.0	0.0	1	1.0194550417124495	-8.343776618199536	138.0	12	1.05	0.95				
	108	1	120.44458188	24.652399799999998	0.0	0.0	1	1.0084635735657326	-8.91134699339885	138.0	12	1.05	0.95				
	109	1	123.26199899999999	25.356754079999998	0.0	0.0	1	1.0265993571652259	-3.798144850948367	138.0	13	1.05	0.95				
	110	1	137.3490846	28.174171200000004	0.0	0.0	1	1.05	-5.0872342332592435	138.0	13	1.05	0.95				
	111	1	0.0	0.0	0.0	0.0	1	1.0122063468444626	-1.5667274608396577	230.0	13	1.05	0.95				
	112	1	0.0	0.0	0.0	0.0	1	1.0156807856736303	-0.8439669393734995	230.0	13	1.05	0.95				
	113	3	186.6538842	38.03513112	0.0	0.0	1	1.0116679792812047	7.515077503778607e-30	230.0	14	1.05	0.95				
	114	2	136.64473032	27.46981692	0.0	0.0	1	1.012369616637755	0.005128873680990351	230.0	16	1.05	0.95				
	115	2	223.28030676	45.07867392	0.0	0.0	1	1.042929718587521	6.968847672007725	230.0	16	1.05	0.95				
	116	2	70.435428	14.087085600000002	0.0	0.0	1	1.0402471663557404	6.475882904371213	230.0	16	1.05	0.95				
	117	1	0.0	0.0	0.0	0.0	1	1.044992264750521	9.011417090962862	230.0	17	1.05	0.95				
	118	2	234.54997523999998	47.89609104	0.0	0.0	1	1.0470415484906372	9.327811859341413	230.0	17	1.05	0.95				
	119	1	127.48812468000001	26.061108360000002	0.0	0.0	1	1.0342960547625475	5.411322363466459	230.0	15	1.05	0.95				
	120	1	90.15734784	18.31321128	0.0	0.0	1	1.0340900926175762	5.302881699877055	230.0	15	1.05	0.95				
	121	2	0.0	0.0	0.0	0.0	1	1.049999984098082	10.733841189506023	230.0	17	1.05	0.95				
	122	2	0.0	0.0	0.0	0.0	1	1.05	16.927309365791825	230.0	17	1.05	0.95				
	123	2	0.0	0.0	0.0	0.0	1	1.0357885284451893	5.770192861818525	230.0	15	1.05	0.95				
	124	1	0.0	0.0	0.0	0.0	1	1.0280381712021305	4.111100476373439	230.0	16	1.05	0.95				
	201	2	75.36030222315789	15.351172675087717	0.0	0.0	2	1.0326316705874583	-11.720241604661812	138.0	21	1.05	0.95				
	202	2	67.68471588561404	13.955611522807018	0.0	0.0	2	1.0331385129697448	-11.71696819293875	138.0	22	1.05	0.95				
	203	1	125.60050370526315	25.81788131719298	0.0	0.0	2	1.020250288530381	-9.71273395099326	138.0	21	1.05	0.95				
	204	1	51.63576263438596	10.466708642105262	0.0	0.0	2	1.016931447278015	-13.11447187878112	138.0	21	1.05	0.95				
	205	1	49.54242090596491	9.768928065964912	0.0	0.0	2	1.032480267779226	-13.46506391453116	138.0	21	1.05	0.95				
	206	1	94.89815835508772	19.537856131929825	0.0	-100.0	2	1.0384414949283813	-15.086585862761876	138.0	22	1.05	0.95				
	207	2	87.22257201754385	17.44451440350877	0.0	0.0	2	0.9714201061465132	-25.395936544740746	138.0	22	1.05	0.95				
	208	1	119.32047851999998	24.42232016491228	0.0	0.0	2	0.9741203652664351	-21.965454184228292	138.0	22	1.05	0.95				
	209	1	122.11160082456138	25.12010074105263	0.0	0.0	2	1.0254974438958893	-11.424454995414115	138.0	23	1.05	0.95				
	210	1	136.0672123473684	27.911223045614037	0.0	0.0	2	1.05	-13.026590143706867	138.0	23	1.05	0.95				
	211	1	0.0	0.0	0.0	0.0	2	1.021871154189976	-8.043694516384617	230.0	23	1.05	0.95				
	212	1	0.0	0.0	0.0	0.0	2	1.023421017936012	-3.36327413421253	230.0	23	1.05	0.95				
	213	2	184.91185267719297	37.680151111578944	0.0	0.0	2	1.027346681062928	-5.718627630589798	230.0	24	1.05	0.95				
	214	2	135.36943177122808	27.21344246947368	0.0	0.0	2	1.0314152968162682	-5.957351357327042	230.0	26	1.05	0.95				
	215	2	221.19644263649118	44.65795687298245	0.0	0.0	2	1.0402828654989174	1.5141652123551823	230.0	26	1.05	0.95				
	216	2	69.77805761403508	13.955611522807018	0.0	0.0	2	1.0423578538766176	1.282725333768637	230.0	26	1.05	0.95				
	217	1	0.0	0.0	0.0	0.0	2	1.044408501560049	4.001984880584738	230.0	27	1.05	0.95				
	218	2	232.36093185473683	47.44907917754386	0.0	0.0	2	1.0452198457961213	4.277311639080419	230.0	27	1.05	0.95				
	219	1	126.29828428140351	25.81788131719298	0.0	0.0	2	1.040819344694277	0.7538909706463512	230.0	25	1.05	0.95				
	220	1	89.3159137459649	18.142294979649122	0.0	0.0	2	1.045438490054098	1.6067859640810136	230.0	25	1.05	0.95				
	221	2	0.0	0.0	0.0	0.0	2	1.045140634451746	4.116218910080842	230.0	27	1.05	0.95				
	222	2	0.0	0.0	0.0	0.0	2	1.05	10.57901405667204	230.0	27	1.05	0.95				
	223	2	0.0	0.0	0.0	0.0	2	1.0499999984391388	2.5805110874345556	230.0	25	1.05	0.95				
	224	1	0.0	0.0	0.0	0.0	2	1.0187772680408933	-2.653638425396281	230.0	26	1.05	0.95				
	301	2	85.72350520421051	17.4621955045614	0.0	0.0	3	0.9833350609358618	-10.776580387267758	138.0	31	1.05	0.95				
	302	2	76.99240745192981	15.874723185964912	0.0	0.0	3	0.9859784358133457	-11.109193277614384	138.0	32	1.05	0.95				
	303	1	142.8725086736842	29.368237894035083	0.0	0.0	3	1.0012035545599263	-6.5385884477404765	138.0	31	1.05	0.95				
	304	1	58.736475788070166	11.906042389473681	0.0	0.0	3	0.9771436515105261	-8.99685079601822	138.0	31	1.05	0.95				
	305	1	56.35526731017543	11.112306230175438	0.0	0.0	3	0.9885099557204535	-9.138257782575423	138.0	31	1.05	0.95				
	306	1	107.94811766456138	22.224612460350876	0.0	-100.0	3	0.9983792241450883	-9.137985159782433	138.0	32	1.05	0.95				
	307	2	99.21701991228069	19.843403982456138	0.0	0.0	3	0.95	-15.762786231743245	138.0	32	1.05	0.95				
	308	1	135.72888323999996	27.780765575438586	0.0	0.0	3	0.9563598988115952	-11.849941943990835	138.0	32	1.05	0.95				
	309	1	138.90382787719295	28.574501734736835	0.0	0.0	3	1.000242196173914	-3.845984245385975	138.0	33	1.05	0.95				
	310	1	154.77855106315786	31.749446371929825	0.0	0.0	3	1.0182499918895263	-4.788545816325584	138.0	33	1.05	0.95				
	311	1	0.0	0.0	0.0	0.0	3	0.995634361284653	3.688468238915671	230.0	33	1.05	0.95				
	312	1	0.0	0.0	0.0	0.0	3	0.9991379617989753	5.304545324855061	230.0	33	1.05	0.95				
	313	2	210.34008221403505	42.861752602105256	0.0	0.0	3	1.0275692581209122	13.20057777571307	230.0	34	1.05	0.95				
	314	2	153.98481490385961	30.955710212631576	0.0	0.0	3	1.008365831582243	3.0119185228844763	230.0	36	1.05	0.95				
	315	2	251.61436249754382	50.79911419508771	0.0	0.0	3	1.04997224272457	-0.3889207268448347	230.0	36	1.05	0.95				
	316	2	79.37361592982455	15.874723185964912	0.0	0.0	3	1.0476570136544383	1.3832471955940004	230.0	36	1.05	0.95				
	317	1	0.0	0.0	0.0	0.0	3	1.0487151741250174	0.777937167574436	230.0	37	1.05	0.95				
	318	2	264.31414104631574	53.97405883228069	0.0	0.0	3	1.0471423575120855	-0.09549989729644792	230.0	37	1.05	0.95				
	319	1	143.66624483298241	29.368237894035083	0.0	0.0	3	1.0398479656437243	3.8309666774204105	230.0	35	1.05	0.95				
	320	1	101.59822839017542	20.637140141754383	0.0	0.0	3	1.0378300317118914	5.959675487156313	230.0	35	1.05	0.95				
	321	2	0.0	0.0	0.0	0.0	3	1.0499999985687132	0.5514535180092116	230.0	37	1.05	0.95				
	322	2	0.0	0.0	0.0	0.0	3	1.05	4.986391862025552	230.0	37	1.05	0.95				
	323	2	0.0	0.0	0.0	0.0	3	1.0377220496890958	6.929776580179596	230.0	35	1.05	0.95				
	324	1	0.0	0.0	0.0	0.0	3	1.0257195852845937	-0.6696048217509408	230.0	36	1.05	0.95				
	325	1	0.0	0.0	0.0	0.0	3	1.038782618338031	7.256877896599531	230.0	35	1.05	0.95				
];

%% generator data
%    bus    Pg    Qg    Qmax    Qmin    Vg    mBase    status    Pmax    Pmin    Pc1    Pc2    Qc1min    Qc1max    Qc2min    Qc2max    ramp_agc    ramp_10    ramp_30    ramp_q    apf
