%% MATPOWER Case Format : Version 2
function mpc = RTS_GMLC
mpc.version = '2';

%%-----  Power Flow Data  -----%%
%% system MVA base
mpc.baseMVA = 100.0;
%% bus data
%    bus_i    type    Pd    Qd    Gs    Bs    area    Vm    Va    baseKV    zone    Vmax    Vmin
mpc.bus = [
	101	2	53.185056896842106	10.833993071578947	0.0	0.0	1	1.0326768827413868	1.8930566758406258	138.0	11	1.05	0.95				
	102	2	47.768060361052626	9.849084610526315	0.0	0.0	1	1.032262678223365	1.7653110526421405	138.0	12	1.05	0.95				
	103	1	88.64176149473684	18.22080652947368	0.0	0.0	1	1.0268407737929344	-0.34092208711688904	138.0	11	1.05	0.95				
	104	1	36.44161305894736	7.386813457894736	0.0	0.0	1	1.0202415454557408	-1.3853721963951535	138.0	11	1.05	0.95				
	105	1	34.964250367368415	6.8943592273684215	0.0	0.0	1	1.0346655068944342	-1.1708741380410492	138.0	11	1.05	0.95				
	106	1	66.97377535157895	13.788718454736843	0.0	-100.0	1	1.043456930358229	-3.3770640948779995	138.0	12	1.05	0.95				
	107	2	61.55677881578947	12.311355763157895	0.0	0.0	1	1.0231976965762717	-2.829503867110001	138.0	12	1.05	0.95				
	108	1	84.20967342	17.23589806842105	0.0	0.0	1	1.0173908448408935	-4.180996119150687	138.0	12	1.05	0.95				
	109	1	86.17949034210525	17.728352298947367	0.0	0.0	1	1.0256230746625565	-1.9671110050244571	138.0	13	1.05	0.95				
	110	1	96.02857495263157	19.69816922105263	0.0	0.0	1	1.05	-2.722105377536682	138.0	13	1.05	0.95				
	111	1	0.0	0.0	0.0	0.0	1	1.0047694196196852	-0.43719088705457093	230.0	13	1.05	0.95				
	112	1	0.0	0.0	0.0	0.0	1	1.0100490525056196	0.23857501142727996	230.0	13	1.05	0.95				
	113	3	130.50037108947367	26.592528448421053	0.0	0.0	1	0.9978950543444254	-8.135188609853563e-27	230.0	14	1.05	0.95				
	114	2	95.53612072210525	19.205714990526314	0.0	0.0	1	1.000738835630688	1.2102327742206258	230.0	16	1.05	0.95				
	115	2	156.1079910768421	31.517070753684212	0.0	0.0	1	1.0396521611087457	6.561791345376664	230.0	16	1.05	0.95				
	116	2	49.24542305263158	9.849084610526315	0.0	0.0	1	1.0354301258788192	6.410496129488036	230.0	16	1.05	0.95				
	117	1	0.0	0.0	0.0	0.0	1	1.0436626311856214	8.075519218001471	230.0	17	1.05	0.95				
	118	2	163.98725876526314	33.486887675789475	0.0	0.0	1	1.0465098448452008	8.07921512441812	230.0	17	1.05	0.95				
	119	1	89.13421572526316	18.22080652947368	0.0	0.0	1	1.0293805498777662	5.786368527997474	230.0	15	1.05	0.95				
	120	1	63.034141507368425	12.80380999368421	0.0	0.0	1	1.0277473361465868	6.194649788644806	230.0	15	1.05	0.95				
	121	2	0.0	0.0	0.0	0.0	1	1.05	8.401234505571662	230.0	17	1.05	0.95				
	122	2	0.0	0.0	0.0	0.0	1	1.05	14.78396018285775	230.0	17	1.05	0.95				
	123	2	0.0	0.0	0.0	0.0	1	1.0277961845377093	6.797189701923242	230.0	15	1.05	0.95				
	124	1	0.0	0.0	0.0	0.0	1	1.0257435437768092	3.990124556990834	230.0	16	1.05	0.95				
	201	2	52.24051629473685	10.64158665263158	0.0	0.0	2	1.029731478953426	-5.9827876630745305	138.0	21	1.05	0.95				
	202	2	46.91972296842105	9.674169684210526	0.0	0.0	2	1.03008583188821	-5.977032464128135	138.0	22	1.05	0.95				
	203	1	87.06752715789474	17.89721391578947	0.0	0.0	2	1.023722727635658	-5.072165182491084	138.0	21	1.05	0.95				
	204	1	35.79442783157894	7.255627263157895	0.0	0.0	2	1.0187421058883803	-8.324675985538887	138.0	21	1.05	0.95				
	205	1	34.343302378947364	6.771918778947369	0.0	0.0	2	1.033610228427523	-8.517551983558944	138.0	21	1.05	0.95				
	206	1	65.78435385263158	13.543837557894738	0.0	-100.0	2	1.043485513890328	-10.394847498727136	138.0	22	1.05	0.95				
	207	2	60.46356052631579	12.092712105263157	0.0	0.0	2	0.9872392384931903	-17.674037375020255	138.0	22	1.05	0.95				
	208	1	82.7141508	16.92979694736842	0.0	0.0	2	0.993342080986477	-15.451361073884529	138.0	22	1.05	0.95				
	209	1	84.64898473684211	17.413505431578947	0.0	0.0	2	1.0237782893126721	-8.273315900584333	138.0	23	1.05	0.95				
	210	1	94.32315442105262	19.34833936842105	0.0	0.0	2	1.05	-9.54880682251293	138.0	23	1.05	0.95				
	211	1	0.0	0.0	0.0	0.0	2	1.0082179241737723	-5.690150097904141	230.0	23	1.05	0.95				
	212	1	0.0	0.0	0.0	0.0	2	1.0125345856696264	-5.195213096582065	230.0	23	1.05	0.95				
	213	2	128.18274831578947	26.120258147368425	0.0	0.0	2	1.003554234632032	-4.918163930267265	230.0	24	1.05	0.95				
	214	2	93.8394459368421	18.864630884210527	0.0	0.0	2	1.0106406896465268	-3.0573392367573105	230.0	26	1.05	0.95				
	215	2	153.33558949473684	30.957342989473684	0.0	0.0	2	1.0315636314011822	3.684448946515245	230.0	26	1.05	0.95				
	216	2	48.37084842105263	9.674169684210526	0.0	0.0	2	1.0339848964149378	3.5496289075839216	230.0	26	1.05	0.95				
	217	1	0.0	0.0	0.0	0.0	2	1.038386288348014	6.418082556824232	230.0	27	1.05	0.95				
	218	2	161.07492524210528	32.89217692631579	0.0	0.0	2	1.0401644784945667	7.014213208491067	230.0	27	1.05	0.95				
	219	1	87.55123564210527	17.89721391578947	0.0	0.0	2	1.034833637616894	2.454366970423406	230.0	25	1.05	0.95				
	220	1	61.91468597894737	12.576420589473686	0.0	0.0	2	1.0391764032900137	2.432145187242845	230.0	25	1.05	0.95				
	221	2	0.0	0.0	0.0	0.0	2	1.0396630208051272	6.656783340453951	230.0	27	1.05	0.95				
	222	2	0.0	0.0	0.0	0.0	2	1.05	13.064931088569516	230.0	27	1.05	0.95				
	223	2	0.0	0.0	0.0	0.0	2	1.0423354016449278	2.779858546390802	230.0	25	1.05	0.95				
	224	1	0.0	0.0	0.0	0.0	2	1.017673170606026	0.39835404522748	230.0	26	1.05	0.95				
	301	2	62.81493199578948	12.795634295438596	0.0	0.0	3	1.0087513954248108	-31.845635286141874	138.0	31	1.05	0.95				
	302	2	56.41711484807017	11.632394814035088	0.0	0.0	3	1.0078675718726584	-32.04861064246728	138.0	32	1.05	0.95				
	303	1	104.69155332631578	21.519930405964914	0.0	0.0	3	1.0308920044172327	-22.624868981449286	138.0	31	1.05	0.95				
	304	1	43.03986081192983	8.724296110526316	0.0	0.0	3	1.0076168643150878	-30.209605913474178	138.0	31	1.05	0.95				
	305	1	41.29500158982456	8.142676369824562	0.0	0.0	3	1.0215632610298013	-31.337800212365707	138.0	31	1.05	0.95				
	306	1	79.10028473543859	16.285352739649124	0.0	-100.0	3	1.0358788042465052	-31.70514663826328	138.0	32	1.05	0.95				
	307	2	72.7024675877193	14.54049351754386	0.0	0.0	3	0.9949740505117025	-36.23131408130134	138.0	32	1.05	0.95				
	308	1	99.45697566	20.356690924561402	0.0	0.0	3	0.9957138382806815	-34.40783074142981	138.0	32	1.05	0.95				
	309	1	101.78345462280703	20.938310665263156	0.0	0.0	3	1.0274674406655189	-26.335878700709554	138.0	33	1.05	0.95				
	310	1	113.41584943684211	23.264789628070176	0.0	0.0	3	1.05	-28.962245382796315	138.0	33	1.05	0.95				
	311	1	0.0	0.0	0.0	0.0	3	1.0181486211949127	-21.847370155980556	230.0	33	1.05	0.95				
	312	1	0.0	0.0	0.0	0.0	3	1.01806476752897	-21.269001661947566	230.0	33	1.05	0.95				
	313	2	154.1292312859649	31.40746599789474	0.0	0.0	3	1.0248331223593947	-18.30168038275086	230.0	34	1.05	0.95				
	314	2	112.83422969614034	22.68316988736842	0.0	0.0	3	1.0289080179617682	-19.193473264346313	230.0	36	1.05	0.95				
	315	2	184.37345780245613	37.22366340491228	0.0	0.0	3	1.0481842777212127	-12.170743717378757	230.0	36	1.05	0.95				
	316	2	58.16197407017544	11.632394814035088	0.0	0.0	3	1.0484500227213023	-11.96330047767212	230.0	36	1.05	0.95				
	317	1	0.0	0.0	0.0	0.0	3	1.0491035478899968	-9.295821108429136	230.0	37	1.05	0.95				
	318	2	193.67937365368422	39.550142367719296	0.0	0.0	3	1.0492086601467037	-8.698575353795087	230.0	37	1.05	0.95				
	319	1	105.27317306701754	21.519930405964914	0.0	0.0	3	1.0454900122963622	-13.212224005689487	230.0	35	1.05	0.95				
	320	1	74.44732680982456	15.122113258245614	0.0	0.0	3	1.0476267390609386	-13.210322914784832	230.0	35	1.05	0.95				
	321	2	0.0	0.0	0.0	0.0	3	1.05	-8.21300964880658	230.0	37	1.05	0.95				
	322	2	0.0	0.0	0.0	0.0	3	1.05	-2.8620720187444473	230.0	37	1.05	0.95				
	323	2	0.0	0.0	0.0	0.0	3	1.05	-12.784198542849884	230.0	35	1.05	0.95				
	324	1	0.0	0.0	0.0	0.0	3	1.028574728307395	-16.060894594865992	230.0	36	1.05	0.95				
	325	1	0.0	0.0	0.0	0.0	3	1.041787567692167	-11.070552369933958	230.0	35	1.05	0.95				
];
