%% MATPOWER Case Format : Version 2
function mpc = RTS_GMLC
mpc.version = '2';

%%-----  Power Flow Data  -----%%
%% system MVA base
mpc.baseMVA = 100.0;
%% bus data
%    bus_i    type    Pd    Qd    Gs    Bs    area    Vm    Va    baseKV    zone    Vmax    Vmin
mpc.bus = [
	101	2	45.58337458105263	9.285502229473684	0.0	0.0	1	1.0165415525459844	-2.866110278627688	138.0	11	1.05	0.95				
	102	2	40.94062346631579	8.441365663157896	0.0	0.0	1	1.0162788051077656	-3.1367627411501533	138.0	12	1.05	0.95				
	103	1	75.97229096842105	15.616526476842104	0.0	0.0	1	1.0095847940466416	2.246147123927262	138.0	11	1.05	0.95				
	104	1	31.233052953684208	6.33102424736842	0.0	0.0	1	1.0075216633410256	-3.3941728654550567	138.0	11	1.05	0.95				
	105	1	29.966848104210523	5.908955964210527	0.0	0.0	1	1.0207483187079385	-4.6038188343226585	138.0	11	1.05	0.95				
	106	1	57.40128650947369	11.817911928421054	0.0	-100.0	1	1.0308622491493318	-6.078289076252229	138.0	12	1.05	0.95				
	107	2	52.75853539473684	10.551707078947368	0.0	0.0	1	0.9883718291666191	-13.265304583087355	138.0	12	1.05	0.95				
	108	1	72.17367641999999	14.772389910526314	0.0	0.0	1	0.9886790809415009	-10.656745989982598	138.0	12	1.05	0.95				
	109	1	73.86194955263157	15.19445819368421	0.0	0.0	1	1.0070502464715023	-2.9173183747389504	138.0	13	1.05	0.95				
	110	1	82.30331521578947	16.882731326315792	0.0	0.0	1	1.0352730343474554	-4.985126421005879	138.0	13	1.05	0.95				
	111	1	0.0	0.0	0.0	0.0	1	0.9897274375877709	-0.09565641294661945	230.0	13	1.05	0.95				
	112	1	0.0	0.0	0.0	0.0	1	0.9891718848964448	-1.2952660499044863	230.0	13	1.05	0.95				
	113	3	111.8480950368421	22.791687290526315	0.0	0.0	1	0.9693725521621802	-1.2024732202313865e-29	230.0	14	1.05	0.95				
	114	2	81.88124693263158	16.460663043157894	0.0	0.0	1	1.0056361554006843	3.7516465417561475	230.0	16	1.05	0.95				
	115	2	133.79564576105264	27.01237012210526	0.0	0.0	1	1.00672836854045	13.971040350162163	230.0	16	1.05	0.95				
	116	2	42.20682831578947	8.441365663157896	0.0	0.0	1	1.0042232270799099	12.056725685557904	230.0	16	1.05	0.95				
	117	1	0.0	0.0	0.0	0.0	1	1.0079540511173382	18.50207622891326	230.0	17	1.05	0.95				
	118	2	140.54873829157896	28.700643254736846	0.0	0.0	1	1.0190803691988033	19.214567336546732	230.0	17	1.05	0.95				
	119	1	76.39435925157895	15.616526476842104	0.0	0.0	1	1.0010130478383084	7.587135851153713	230.0	15	1.05	0.95				
	120	1	54.02474024421052	10.973775362105263	0.0	0.0	1	1.0049539334048248	4.108271967748108	230.0	15	1.05	0.95				
	121	2	0.0	0.0	0.0	0.0	1	1.0191445433905382	20.649217933361392	230.0	17	1.05	0.95				
	122	2	0.0	0.0	0.0	0.0	1	1.0247912001044412	39.18391393879852	230.0	17	1.05	0.95				
	123	2	0.0	0.0	0.0	0.0	1	1.0087243115071927	2.543445180272083	230.0	15	1.05	0.95				
	124	1	0.0	0.0	0.0	0.0	1	0.9935780101836077	9.52208004685715	230.0	16	1.05	0.95				
	201	2	45.08358256421053	9.183692744561405	0.0	0.0	2	1.0117581568189968	-20.45481006735649	138.0	21	1.05	0.95				
	202	2	40.491736191929824	8.348811585964913	0.0	0.0	2	1.0107620199633667	-20.754755770535834	138.0	22	1.05	0.95				
	203	1	75.13930427368422	15.44530143403509	0.0	0.0	2	0.9957171893532423	-14.888574621568111	138.0	21	1.05	0.95				
	204	1	30.89060286807018	6.261608689473684	0.0	0.0	2	0.9982890334322929	-20.105507659068177	138.0	21	1.05	0.95				
	205	1	29.638281130175436	5.844168110175439	0.0	0.0	2	1.0157344499040446	-20.69738396127471	138.0	21	1.05	0.95				
	206	1	56.771918784561414	11.688336220350878	0.0	-100.0	2	1.0256785198162894	-21.37052696639705	138.0	22	1.05	0.95				
	207	2	52.18007241228071	10.436014482456141	0.0	0.0	2	0.9723159223815814	-26.50226808183878	138.0	22	1.05	0.95				
	208	1	71.38233905999999	14.610420275438596	0.0	0.0	2	0.9778584402265837	-24.528063655908177	138.0	22	1.05	0.95				
	209	1	73.05210137719298	15.02786085473684	0.0	0.0	2	1.0006142133545561	-17.77437723799656	138.0	23	1.05	0.95				
	210	1	81.40091296315791	16.697623171929827	0.0	0.0	2	1.0297295309526295	-19.55909857506718	138.0	23	1.05	0.95				
	211	1	0.0	0.0	0.0	0.0	2	0.986770433940586	-14.569214742823476	230.0	23	1.05	0.95				
	212	1	0.0	0.0	0.0	0.0	2	0.9785023923002527	-13.841366692610691	230.0	23	1.05	0.95				
	213	2	110.62175351403509	22.541791282105265	0.0	0.0	2	0.980824713098427	-13.136687246979498	230.0	24	1.05	0.95				
	214	2	80.98347238385965	16.280182592631583	0.0	0.0	2	0.9930074945291956	-11.634860630030593	230.0	26	1.05	0.95				
	215	2	132.32866363754385	26.71619707508772	0.0	0.0	2	0.9943004510971675	-3.4936621558719834	230.0	26	1.05	0.95				
	216	2	41.744057929824564	8.348811585964913	0.0	0.0	2	0.9920602242133203	-4.635450860723876	230.0	26	1.05	0.95				
	217	1	0.0	0.0	0.0	0.0	2	1.004443729218359	-2.3645175154958884	230.0	27	1.05	0.95				
	218	2	139.0077129063158	28.385959392280707	0.0	0.0	2	1.0063693418169102	-2.9012886003606657	230.0	27	1.05	0.95				
	219	1	75.55674485298246	15.44530143403509	0.0	0.0	2	0.9801188522127975	-4.898008390580013	230.0	25	1.05	0.95				
	220	1	53.43239415017544	10.853455061754387	0.0	0.0	2	0.972809580365213	-4.233544198505368	230.0	25	1.05	0.95				
	221	2	0.0	0.0	0.0	0.0	2	1.0084352971139927	-2.3589684529485617	230.0	27	1.05	0.95				
	222	2	0.0	0.0	0.0	0.0	2	1.0266989625676046	3.754132906880555	230.0	27	1.05	0.95				
	223	2	0.0	0.0	0.0	0.0	2	0.9696397007366996	-3.5027319683569034	230.0	25	1.05	0.95				
	224	1	0.0	0.0	0.0	0.0	2	0.9812072643674007	-7.8117005068855665	230.0	26	1.05	0.95				
	301	2	62.14868712000001	12.659917746666668	0.0	0.0	3	1.001935671690396	33.460422752124806	138.0	31	1.05	0.95				
	302	2	55.81872824666667	11.509016133333335	0.0	0.0	3	1.0028510675924622	33.07327661520976	138.0	32	1.05	0.95				
	303	1	103.58114520000001	21.291679846666668	0.0	0.0	3	1.0071580246888676	49.45542279314131	138.0	31	1.05	0.95				
	304	1	42.583359693333335	8.6317621	0.0	0.0	3	0.9921225893651888	34.89130440045035	138.0	31	1.05	0.95				
	305	1	40.85700727333334	8.056311293333335	0.0	0.0	3	1.0111214832156035	32.69715921102811	138.0	31	1.05	0.95				
	306	1	78.26130970666668	16.11262258666667	0.0	-100.0	3	1.02320620741313	31.60270189926645	138.0	32	1.05	0.95				
	307	2	71.93135083333334	14.386270166666668	0.0	0.0	3	0.9668289116476917	28.400457372188832	138.0	32	1.05	0.95				
	308	1	98.40208794	20.140778233333336	0.0	0.0	3	0.9772370948542185	31.102016973677575	138.0	32	1.05	0.95				
	309	1	100.70389116666666	20.71622904	0.0	0.0	3	1.003570459592739	38.843500208739236	138.0	33	1.05	0.95				
	310	1	112.2129073	23.01803226666667	0.0	0.0	3	1.0351123884154532	33.827710542393646	138.0	33	1.05	0.95				
	311	1	0.0	0.0	0.0	0.0	3	0.9962308630043867	37.91186860538045	230.0	33	1.05	0.95				
	312	1	0.0	0.0	0.0	0.0	3	1.0049812832824165	38.543574683105746	230.0	33	1.05	0.95				
	313	2	152.49446376666666	31.074343560000006	0.0	0.0	3	1.0090393495380507	41.792713675063844	230.0	34	1.05	0.95				
	314	2	111.63745649333335	22.442581460000003	0.0	0.0	3	0.9871715687126598	36.11884413640738	230.0	36	1.05	0.95				
	315	2	182.41790571333334	36.82885162666667	0.0	0.0	3	0.9821310645829477	31.959544840006888	230.0	36	1.05	0.95				
	316	2	57.54508066666667	11.509016133333335	0.0	0.0	3	0.9809316314572494	32.411232610784126	230.0	36	1.05	0.95				
	317	1	0.0	0.0	0.0	0.0	3	0.9838323897415677	32.50919140931374	230.0	37	1.05	0.95				
	318	2	191.62511862000002	39.13065485333334	0.0	0.0	3	0.9736950425660262	28.559298125681135	230.0	37	1.05	0.95				
	319	1	104.15659600666667	21.291679846666668	0.0	0.0	3	0.9937923682565045	33.39808751851646	230.0	35	1.05	0.95				
	320	1	73.65770325333334	14.961720973333334	0.0	0.0	3	1.006279911492613	33.80770151703453	230.0	35	1.05	0.95				
	321	2	0.0	0.0	0.0	0.0	3	0.9854294086542589	30.167659087582706	230.0	37	1.05	0.95				
	322	2	0.0	0.0	0.0	0.0	3	1.003619121470308	33.85794799949987	230.0	37	1.05	0.95				
	323	2	0.0	0.0	0.0	0.0	3	1.0130489222431498	33.867683777219455	230.0	35	1.05	0.95				
	324	1	0.0	0.0	0.0	0.0	3	0.9866889962963085	40.15389377026382	230.0	36	1.05	0.95				
