%% MATPOWER Case Format : Version 2
function mpc = RTS_GMLC
mpc.version = '2';

%%-----  Power Flow Data  -----%%
%% system MVA base
mpc.baseMVA = 100.0;
%% bus data
%    bus_i    type    Pd    Qd    Gs    Bs    area    Vm    Va    baseKV    zone    Vmax    Vmin
mpc.bus = [
	101	2	72.71697179368421	14.812716476491229	0.0	0.0	1	1.0499999951576884	0.5281767513626691	138.0	11	1.05	0.95				
	102	2	65.3106135554386	13.466105887719298	0.0	0.0	1	1.0489246808730543	0.13358819379413564	138.0	12	1.05	0.95				
	103	1	121.19495298947368	24.9122958922807	0.0	0.0	1	1.03171669146038	-0.6743067158824474	138.0	11	1.05	0.95				
	104	1	49.8245917845614	10.099579415789472	0.0	0.0	1	1.0272260117771055	-3.2785611223990414	138.0	11	1.05	0.95				
	105	1	47.804675901403506	9.426274121403509	0.0	0.0	1	1.0401562164315652	-3.7314403462478922	138.0	11	1.05	0.95				
	106	1	91.56952003649123	18.852548242807018	0.0	-100.0	1	1.0415128988059221	-6.821987017328404	138.0	12	1.05	0.95				
	107	2	84.16316179824561	16.83263235964912	0.0	0.0	1	0.9995714964625144	-14.178622801321307	138.0	12	1.05	0.95				
	108	1	115.13520533999998	23.56568530350877	0.0	0.0	1	0.9951320119459838	-12.520992874391421	138.0	12	1.05	0.95				
	109	1	117.82842651754386	24.238990597894734	0.0	0.0	1	1.0259717875185064	-4.553334785924055	138.0	13	1.05	0.95				
	110	1	131.29453240526314	26.932211775438596	0.0	0.0	1	1.05	-6.015854687062983	138.0	13	1.05	0.95				
	111	1	0.0	0.0	0.0	0.0	1	1.0136763979104144	-1.770136633000331	230.0	13	1.05	0.95				
	112	1	0.0	0.0	0.0	0.0	1	1.0156892663196195	-1.3839403784162472	230.0	13	1.05	0.95				
	113	3	178.42590301228068	36.358485896842105	0.0	0.0	1	1.0137310506592303	-1.8536395999461794e-28	230.0	14	1.05	0.95				
	114	2	130.6212271108772	26.25890648105263	0.0	0.0	1	1.0171812457086127	0.2400403337109198	230.0	16	1.05	0.95				
	115	2	213.43777832035084	43.09153884070175	0.0	0.0	1	1.0439755519934477	7.8588578203485895	230.0	16	1.05	0.95				
	116	2	67.33052943859649	13.466105887719298	0.0	0.0	1	1.0417311374161713	7.140470624215942	230.0	16	1.05	0.95				
	117	1	0.0	0.0	0.0	0.0	1	1.04558848125408	10.631709806073431	230.0	17	1.05	0.95				
	118	2	224.21066303052632	45.78476001824561	0.0	0.0	1	1.0481243023004538	11.440868233085858	230.0	17	1.05	0.95				
	119	1	121.86825828385966	24.9122958922807	0.0	0.0	1	1.0345054673985226	5.454892953606101	230.0	15	1.05	0.95				
	120	1	86.1830776814035	17.505937654035087	0.0	0.0	1	1.0331833645434825	4.734429910194756	230.0	15	1.05	0.95				
	121	2	0.0	0.0	0.0	0.0	1	1.05	13.20539367775655	230.0	17	1.05	0.95				
	122	2	0.0	0.0	0.0	0.0	1	1.05	18.70729287907537	230.0	17	1.05	0.95				
	123	2	0.0	0.0	0.0	0.0	1	1.0340709977970701	4.843287434470581	230.0	15	1.05	0.95				
	124	1	0.0	0.0	0.0	0.0	1	1.0285443600013586	4.671697921795	230.0	16	1.05	0.95				
	201	2	69.27435856421053	14.11144341122807	0.0	0.0	2	1.0254600941587344	-10.958828109786165	138.0	21	1.05	0.95				
	202	2	62.21863685859649	12.828584919298244	0.0	0.0	2	1.0265585960130634	-10.730511190852166	138.0	22	1.05	0.95				
	203	1	115.45726427368422	23.73288210070175	0.0	0.0	2	1.0143678262474871	-10.279661640656643	138.0	21	1.05	0.95				
	204	1	47.4657642014035	9.621438689473685	0.0	0.0	2	1.0150133188645167	-11.435142793950032	138.0	21	1.05	0.95				
	205	1	45.541476463508765	8.980009443508772	0.0	0.0	2	1.02963998423767	-11.763554177043169	138.0	21	1.05	0.95				
	206	1	87.23437745122807	17.960018887017544	0.0	-100.0	2	1.038705963976311	-12.776032366085216	138.0	22	1.05	0.95				
	207	2	80.17865574561402	16.035731149122807	0.0	0.0	2	0.9841201709756265	-21.965786240881858	138.0	22	1.05	0.95				
	208	1	109.68440106	22.450023608771925	0.0	0.0	2	0.9844805828759222	-18.85625858269303	138.0	22	1.05	0.95				
	209	1	112.25011804385964	23.09145285473684	0.0	0.0	2	1.0254900909760356	-9.390652833313881	138.0	23	1.05	0.95				
	210	1	125.07870296315788	25.657169838596488	0.0	0.0	2	1.05	-10.533340400028749	138.0	23	1.05	0.95				
	211	1	0.0	0.0	0.0	0.0	2	1.01758980811107	-5.912981576591505	230.0	23	1.05	0.95				
	212	1	0.0	0.0	0.0	0.0	2	1.0208322065722133	-0.260810674306582	230.0	23	1.05	0.95				
	213	2	169.97875018070175	34.637179282105265	0.0	0.0	2	1.0237943336728135	-2.7530864005752247	230.0	24	1.05	0.95				
	214	2	124.43727371719298	25.01574059263158	0.0	0.0	2	1.0220358253917365	-4.6432714680955005	230.0	26	1.05	0.95				
	215	2	203.33307097087717	41.05147174175438	0.0	0.0	2	1.0356283844526437	0.8647015878301464	230.0	26	1.05	0.95				
	216	2	64.14292459649123	12.828584919298244	0.0	0.0	2	1.0367056558229986	1.1023144710548258	230.0	26	1.05	0.95				
	217	1	0.0	0.0	0.0	0.0	2	1.0387369118933296	2.353445491595368	230.0	27	1.05	0.95				
	218	2	213.59593890631578	43.617188725614035	0.0	0.0	2	1.037245438182482	1.7163596846364866	230.0	27	1.05	0.95				
	219	1	116.09869351964912	23.73288210070175	0.0	0.0	2	1.0369568593796006	2.2130368746293243	230.0	25	1.05	0.95				
	220	1	82.10294348350877	16.67716039508772	0.0	0.0	2	1.0431485373974212	4.386612010753764	230.0	25	1.05	0.95				
	221	2	0.0	0.0	0.0	0.0	2	1.038895813480164	2.233939329848193	230.0	27	1.05	0.95				
	222	2	0.0	0.0	0.0	0.0	2	1.05	8.782479857748449	230.0	27	1.05	0.95				
	223	2	0.0	0.0	0.0	0.0	2	1.0491065042938374	6.038259984733812	230.0	25	1.05	0.95				
	224	1	0.0	0.0	0.0	0.0	2	1.0138327675227639	-3.2669202726358066	230.0	26	1.05	0.95				
	301	2	78.22397974736843	15.934514392982457	0.0	0.0	3	0.9977542831871533	8.70809363483584	138.0	31	1.05	0.95				
	302	2	70.2567225508772	14.485922175438597	0.0	0.0	3	1.000627218735121	8.539440860891686	138.0	32	1.05	0.95				
	303	1	130.37329957894735	26.798956024561406	0.0	0.0	3	1.0241502753180267	15.577846310021103	138.0	31	1.05	0.95				
	304	1	53.59791204912281	10.864441631578947	0.0	0.0	3	0.9964322233522872	11.17928879391305	138.0	31	1.05	0.95				
	305	1	51.42502372280702	10.14014552280702	0.0	0.0	3	1.0072990266030057	10.522754536940447	138.0	31	1.05	0.95				
	306	1	98.50427079298247	20.28029104561404	0.0	-100.0	3	1.0206556266891118	10.735118983691137	138.0	32	1.05	0.95				
	307	2	90.53701359649124	18.107402719298246	0.0	0.0	3	0.9648844275863411	6.474136156008483	138.0	32	1.05	0.95				
	308	1	123.8546346	25.350363807017544	0.0	0.0	3	0.9790132152163142	9.865782786762308	138.0	32	1.05	0.95				
	309	1	126.75181903508772	26.07465991578947	0.0	0.0	3	1.0206249005303794	16.326712251391953	138.0	33	1.05	0.95				
	310	1	141.23774121052634	28.971844350877195	0.0	0.0	3	1.039073543001075	14.70955534910473	138.0	33	1.05	0.95				
	311	1	0.0	0.0	0.0	0.0	3	1.0089019474667273	21.7109852891539	230.0	33	1.05	0.95				
	312	1	0.0	0.0	0.0	0.0	3	1.0162938507541217	23.371338786320642	230.0	33	1.05	0.95				
	313	2	191.9384688245614	39.111989873684216	0.0	0.0	3	1.0405923354730129	31.591393590315967	230.0	34	1.05	0.95				
	314	2	140.5134451017544	28.247548242105264	0.0	0.0	3	1.0107073339240364	19.027156363236372	230.0	36	1.05	0.95				
	315	2	229.60186648070174	46.35495096140351	0.0	0.0	3	1.0389681491759415	12.280855223255472	230.0	36	1.05	0.95				
	316	2	72.42961087719299	14.485922175438597	0.0	0.0	3	1.038510983883066	13.5827375533618	230.0	36	1.05	0.95				
	317	1	0.0	0.0	0.0	0.0	3	1.0416384654513513	12.151116037668517	230.0	37	1.05	0.95				
	318	2	241.19060422105264	49.252135396491234	0.0	0.0	3	1.0403256291114196	10.834297551286499	230.0	37	1.05	0.95				
	319	1	131.0975956877193	26.798956024561406	0.0	0.0	3	1.0365432666950773	16.760457003575496	230.0	35	1.05	0.95				
	320	1	92.70990192280702	18.831698828070177	0.0	0.0	3	1.0394944168308542	19.308881200010248	230.0	35	1.05	0.95				
	321	2	0.0	0.0	0.0	0.0	3	1.041246479013278	11.885596662651489	230.0	37	1.05	0.95				
	322	2	0.0	0.0	0.0	0.0	3	1.05	16.31096882927129	230.0	37	1.05	0.95				
	323	2	0.0	0.0	0.0	0.0	3	1.0415887732122315	20.278067639423547	230.0	35	1.05	0.95				
	324	1	0.0	0.0	0.0	0.0	3	1.0331620483637016	15.638283170195214	230.0	36	1.05	0.95				
	325	1	0.0	0.0	0.0	0.0	3	1.0437809031162826	19.682350808342317	230.0	35	1.05	0.95				
];
