%% MATPOWER Case Format : Version 2
function mpc = RTS_GMLC
mpc.version = '2';

%%-----  Power Flow Data  -----%%
%% system MVA base
mpc.baseMVA = 100.0;
%% bus data
%    bus_i    type    Pd    Qd    Gs    Bs    area    Vm    Va    baseKV    zone    Vmax    Vmin
mpc.bus = [
	101	2	50.17911923368421	10.221672436491227	0.0	0.0	1	1.0352854461385799	1.6263169582411108	138.0	11	1.05	0.95				
	102	2	45.068283015438595	9.292429487719298	0.0	0.0	1	1.0348700135793258	1.4893349061092036	138.0	12	1.05	0.95				
	103	1	83.63186538947367	17.1909945522807	0.0	0.0	1	1.0278147818864143	-0.5073934728137968	138.0	11	1.05	0.95				
	104	1	34.3819891045614	6.969322115789474	0.0	0.0	1	1.021596777145088	-1.7404254341414624	138.0	11	1.05	0.95				
	105	1	32.988124681403505	6.504700641403509	0.0	0.0	1	1.0362937489087827	-1.522008435391634	138.0	11	1.05	0.95				
	106	1	63.18852051649123	13.009401282807017	0.0	-100.0	1	1.0448098750620418	-3.757245578630859	138.0	12	1.05	0.95				
	107	2	58.077684298245615	11.615536859649122	0.0	0.0	1	1.0030983471814228	-7.893004576610023	138.0	12	1.05	0.95				
	108	1	79.45027212	16.26175160350877	0.0	0.0	1	1.0054244033217967	-7.229871888050205	138.0	12	1.05	0.95				
	109	1	81.30875801754385	16.726373077894735	0.0	0.0	1	1.0250641969171863	-2.507910131050147	138.0	13	1.05	0.95				
	110	1	90.60118750526316	18.584858975438596	0.0	0.0	1	1.05	-3.2563715213817	138.0	13	1.05	0.95				
	111	1	0.0	0.0	0.0	0.0	1	1.0048382765662993	-0.6537590854668781	230.0	13	1.05	0.95				
	112	1	0.0	0.0	0.0	0.0	1	1.0095778231024162	0.01632969354655257	230.0	13	1.05	0.95				
	113	3	123.1246907122807	25.089559616842106	0.0	0.0	1	0.998377668776019	6.579124886031417e-29	230.0	14	1.05	0.95				
	114	2	90.13656603087719	18.12023750105263	0.0	0.0	1	1.001652403356647	1.1254564746326883	230.0	16	1.05	0.95				
	115	2	147.28500738035086	29.735774360701754	0.0	0.0	1	1.0382397636705407	6.508057286093234	230.0	16	1.05	0.95				
	116	2	46.46214743859649	9.292429487719298	0.0	0.0	1	1.034313703914478	6.3478824892701615	230.0	16	1.05	0.95				
	117	1	0.0	0.0	0.0	0.0	1	1.0417361683928932	7.865027257613264	230.0	17	1.05	0.95				
	118	2	154.71895097052632	31.594260258245615	0.0	0.0	1	1.0439241772781065	7.736162114819253	230.0	17	1.05	0.95				
	119	1	84.09648686385965	17.1909945522807	0.0	0.0	1	1.0288598603758026	5.820096300853041	230.0	15	1.05	0.95				
	120	1	59.47154872140351	12.080158334035088	0.0	0.0	1	1.0274066339687489	6.260780139294806	230.0	15	1.05	0.95				
	121	2	0.0	0.0	0.0	0.0	1	1.048145746226302	8.67537983519182	230.0	17	1.05	0.95				
	122	2	0.0	0.0	0.0	0.0	1	1.05	14.972912033659878	230.0	17	1.05	0.95				
	123	2	0.0	0.0	0.0	0.0	1	1.027431769679937	6.860662967344817	230.0	15	1.05	0.95				
	124	1	0.0	0.0	0.0	0.0	1	1.0251306315886084	3.886699214206467	230.0	16	1.05	0.95				
	201	2	48.89154728842106	9.95938926245614	0.0	0.0	2	1.0313183416083653	-5.142986118454501	138.0	21	1.05	0.95				
	202	2	43.91185265719298	9.053990238596493	0.0	0.0	2	1.0317031630452638	-5.095991331764672	138.0	22	1.05	0.95				
	203	1	81.48591214736842	16.74988194140351	0.0	0.0	2	1.019997194432897	-5.654030278138205	138.0	21	1.05	0.95				
	204	1	33.49976388280702	6.790492678947368	0.0	0.0	2	1.0198218770437604	-7.44024092693507	138.0	21	1.05	0.95				
	205	1	32.141665347017536	6.337793167017544	0.0	0.0	2	1.034929307073903	-7.493652224399771	138.0	21	1.05	0.95				
	206	1	61.56713362245614	12.675586334035088	0.0	-100.0	2	1.0448517656026095	-9.238673458100711	138.0	22	1.05	0.95				
	207	2	56.58743899122807	11.317487798245613	0.0	0.0	2	0.9895290780688086	-16.12957351278442	138.0	22	1.05	0.95				
	208	1	77.41161654	15.844482917543859	0.0	0.0	2	0.9959157604631647	-14.070854993861744	138.0	22	1.05	0.95				
	209	1	79.22241458771929	16.297182429473683	0.0	0.0	2	1.0233141845292928	-7.51522863044146	138.0	23	1.05	0.95				
	210	1	88.27640482631578	18.107980477192985	0.0	0.0	2	1.05	-8.440435291521819	138.0	23	1.05	0.95				
	211	1	0.0	0.0	0.0	0.0	2	1.0057637676425415	-4.802443682420692	230.0	23	1.05	0.95				
	212	1	0.0	0.0	0.0	0.0	2	1.0092046855116874	-4.288694024347218	230.0	23	1.05	0.95				
	213	2	119.9653706614035	24.44577364421053	0.0	0.0	2	0.9993197367801069	-3.961516256128828	230.0	24	1.05	0.95				
	214	2	87.82370531438596	17.65528096526316	0.0	0.0	2	1.0073059830152546	-2.254917782467379	230.0	26	1.05	0.95				
	215	2	143.50574528175437	28.97276876350877	0.0	0.0	2	1.0296004543128177	4.036270827981509	230.0	26	1.05	0.95				
	216	2	45.269951192982454	9.053990238596493	0.0	0.0	2	1.0305656301647512	4.048732616738913	230.0	26	1.05	0.95				
	217	1	0.0	0.0	0.0	0.0	2	1.0363098932249413	6.730862139640972	230.0	27	1.05	0.95				
	218	2	150.74893747263158	30.78356681122807	0.0	0.0	2	1.0380661496089514	7.271273210553238	230.0	27	1.05	0.95				
	219	1	81.93861165929825	16.74988194140351	0.0	0.0	2	1.0292770303072047	3.1447244765338658	230.0	25	1.05	0.95				
	220	1	57.94553752701754	11.770187310175437	0.0	0.0	2	1.0313775818691542	3.236782519550359	230.0	25	1.05	0.95				
	221	2	0.0	0.0	0.0	0.0	2	1.0378512216413185	6.948945862763253	230.0	27	1.05	0.95				
	222	2	0.0	0.0	0.0	0.0	2	1.05	13.363244424073802	230.0	27	1.05	0.95				
	223	2	0.0	0.0	0.0	0.0	2	1.0332043953645265	3.630866316014564	230.0	25	1.05	0.95				
	224	1	0.0	0.0	0.0	0.0	2	1.0140107217785361	0.40478223791159923	230.0	26	1.05	0.95				
	301	2	46.05631128	9.381841186666666	0.0	0.0	3	1.0075455841317567	-20.832226547830427	138.0	31	1.05	0.95				
	302	2	41.365390686666665	8.528946533333333	0.0	0.0	3	1.0073498627488136	-20.945963817587362	138.0	32	1.05	0.95				
	303	1	76.7605188	15.778551086666665	0.0	0.0	3	1.0243395490907263	-15.325753059275636	138.0	31	1.05	0.95				
	304	1	31.55710217333333	6.3967098999999985	0.0	0.0	3	1.0104381929717599	-19.501312317814662	138.0	31	1.05	0.95				
	305	1	30.277760193333332	5.970262573333334	0.0	0.0	3	1.0232607453708464	-20.315894923394886	138.0	31	1.05	0.95				
	306	1	57.99683642666666	11.940525146666667	0.0	-100.0	3	1.0403485570204765	-20.538046911426413	138.0	32	1.05	0.95				
	307	2	53.30591583333333	10.661183166666666	0.0	0.0	3	0.9937939538296044	-25.126351121434244	138.0	32	1.05	0.95				
	308	1	72.92249285999999	14.925656433333332	0.0	0.0	3	1.0001066147246607	-23.20897594827843	138.0	32	1.05	0.95				
	309	1	74.62828216666666	15.352103759999999	0.0	0.0	3	1.0263226726378423	-16.573991528303214	138.0	33	1.05	0.95				
	310	1	83.15722869999999	17.057893066666665	0.0	0.0	3	1.05	-18.42660070205539	138.0	33	1.05	0.95				
	311	1	0.0	0.0	0.0	0.0	3	1.0081123933592424	-12.787197290545746	230.0	33	1.05	0.95				
	312	1	0.0	0.0	0.0	0.0	3	1.0112721692035072	-12.284518537258023	230.0	33	1.05	0.95				
	313	2	113.00854156666664	23.02815564	0.0	0.0	3	1.0106866222205877	-9.315554871113319	230.0	34	1.05	0.95				
	314	2	82.73078137333333	16.631445739999997	0.0	0.0	3	1.0085097169113795	-11.012274765908904	230.0	36	1.05	0.95				
	315	2	135.18380255333332	27.292628906666668	0.0	0.0	3	1.0330464119411122	-6.609158701699319	230.0	36	1.05	0.95				
	316	2	42.64473266666666	8.528946533333333	0.0	0.0	3	1.0321157020092808	-5.96559233733669	230.0	36	1.05	0.95				
	317	1	0.0	0.0	0.0	0.0	3	1.0372621223223535	-4.481161959946993	230.0	37	1.05	0.95				
	318	2	142.00695978	28.99841821333333	0.0	0.0	3	1.03686481277307	-4.337455145616276	230.0	37	1.05	0.95				
	319	1	77.18696612666666	15.778551086666665	0.0	0.0	3	1.0282956452862764	-6.717313548961028	230.0	35	1.05	0.95				
	320	1	54.585257813333335	11.087630493333332	0.0	0.0	3	1.0278556385157849	-6.543314183105042	230.0	35	1.05	0.95				
	321	2	0.0	0.0	0.0	0.0	3	1.0384980263091992	-4.196748369254044	230.0	37	1.05	0.95				
	322	2	0.0	0.0	0.0	0.0	3	1.0499999934736406	0.001936671655980147	230.0	37	1.05	0.95				
	323	2	0.0	0.0	0.0	0.0	3	1.0281878721564957	-6.119724923534226	230.0	35	1.05	0.95				
	324	1	0.0	0.0	0.0	0.0	3	1.0188597502213692	-9.877199400670282	230.0	36	1.05	0.95				
	325	1	0.0	0.0	0.0	0.0	3	1.0255084898541627	-4.873293883060753	230.0	35	1.05	0.95				
];
