%% MATPOWER Case Format : Version 2
function mpc = RTS_GMLC
mpc.version = '2';

%%-----  Power Flow Data  -----%%
%% system MVA base
mpc.baseMVA = 100.0;
%% bus data
%    bus_i    type    Pd    Qd    Gs    Bs    area    Vm    Va    baseKV    zone    Vmax    Vmin
mpc.bus = [
	101	2	35.05591291452632	7.141019297403509	0.0	0.0	1	0.9916691363529724	-5.881176586412809	138.0	11	1.05	0.95				
	102	2	31.48540326582456	6.4918357249122804	0.0	0.0	1	0.99146046971067	-6.027179358887193	138.0	12	1.05	0.95				
	103	1	58.42652152421053	12.009896091087718	0.0	0.0	1	1.0236520223207863	-0.20185124167979465	138.0	11	1.05	0.95				
	104	1	24.019792182175436	4.86887679368421	0.0	0.0	1	1.0053885379802725	-5.286776317128082	138.0	11	1.05	0.95				
	105	1	23.046016823438595	4.544285007438597	0.0	0.0	1	1.016791990540079	-6.000179762304991	138.0	11	1.05	0.95				
	106	1	44.14448292940351	9.088570014877194	0.0	-100.0	1	1.0393921346908497	-6.492990027653967	138.0	12	1.05	0.95				
	107	2	40.57397328070175	8.11479465614035	0.0	0.0	1	0.9892032831601364	-9.447392802037115	138.0	12	1.05	0.95				
	108	1	55.505195448	11.36071251859649	0.0	0.0	1	1.0014741704745196	-8.232208381594972	138.0	12	1.05	0.95				
	109	1	56.803562592982445	11.685304304842106	0.0	0.0	1	1.0256978626771707	-3.3383268764715726	138.0	13	1.05	0.95				
	110	1	63.29539831789474	12.983671449824561	0.0	0.0	1	1.05	-5.057671099809644	138.0	13	1.05	0.95				
	111	1	0.0	0.0	0.0	0.0	1	1.014202273322402	-0.43202721902054214	230.0	13	1.05	0.95				
	112	1	0.0	0.0	0.0	0.0	1	1.0110982427982065	-1.3731062135391436	230.0	13	1.05	0.95				
	113	3	86.01682335508771	17.52795645726316	0.0	0.0	1	0.9956075148651437	7.519160332207665e-30	230.0	14	1.05	0.95				
	114	2	62.97080653164912	12.659079663578948	0.0	0.0	1	1.036067440219314	2.942613401956856	230.0	16	1.05	0.95				
	115	2	102.89559623985964	20.773874319719297	0.0	0.0	1	1.0401168264498484	11.199476502704867	230.0	16	1.05	0.95				
	116	2	32.4591786245614	6.4918357249122804	0.0	0.0	1	1.0402607117305067	9.766216289852931	230.0	16	1.05	0.95				
	117	1	0.0	0.0	0.0	0.0	1	1.0389478063625246	15.192076115291687	230.0	17	1.05	0.95				
	118	2	108.08906481978948	22.072241464701754	0.0	0.0	1	1.046150069729376	15.544957764107782	230.0	17	1.05	0.95				
	119	1	58.75111331045614	12.009896091087718	0.0	0.0	1	1.0351966609537295	6.178467555284443	230.0	15	1.05	0.95				
	120	1	41.547748639438595	8.439386442385965	0.0	0.0	1	1.0353726909384233	3.6740883876895083	230.0	15	1.05	0.95				
	121	2	0.0	0.0	0.0	0.0	1	1.0375935358065331	16.730902349165405	230.0	17	1.05	0.95				
	122	2	0.0	0.0	0.0	0.0	1	1.05	34.737254911394196	230.0	17	1.05	0.95				
	123	2	0.0	0.0	0.0	0.0	1	1.0359666254672795	2.544195564088475	230.0	15	1.05	0.95				
	124	1	0.0	0.0	0.0	0.0	1	1.0197186551875348	6.951922220626062	230.0	16	1.05	0.95				
	201	2	37.46765307789474	7.632299701052632	0.0	0.0	2	1.005788050245587	-12.552387854577836	138.0	21	1.05	0.95				
	202	2	33.651503227368416	6.9384542736842105	0.0	0.0	2	1.0043171185391464	-12.815509106775115	138.0	22	1.05	0.95				
	203	1	62.44608846315789	12.836140406315788	0.0	0.0	2	1.0136142722725927	-9.457973728155906	138.0	21	1.05	0.95				
	204	1	25.672280812631577	5.203840705263158	0.0	0.0	2	1.009605302466652	-12.657017506611885	138.0	21	1.05	0.95				
	205	1	24.631512671578946	4.856917991578948	0.0	0.0	2	1.0237328920205686	-13.005317649841622	138.0	21	1.05	0.95				
	206	1	47.18148906105263	9.713835983157896	0.0	-100.0	2	1.0418760548502621	-13.717628420899223	138.0	22	1.05	0.95				
	207	2	43.365339210526315	8.673067842105263	0.0	0.0	2	0.9890518188068735	-17.73295778438097	138.0	22	1.05	0.95				
	208	1	59.32378403999999	12.142294978947367	0.0	0.0	2	0.9999071888219947	-16.252939194819568	138.0	22	1.05	0.95				
	209	1	60.71147489473684	12.489217692631579	0.0	0.0	2	1.0232972482809275	-11.079299437344506	138.0	23	1.05	0.95				
	210	1	67.64992916842105	13.876908547368421	0.0	0.0	2	1.05	-12.331144620563812	138.0	23	1.05	0.95				
	211	1	0.0	0.0	0.0	0.0	2	1.0041560794874203	-8.490467875833023	230.0	23	1.05	0.95				
	212	1	0.0	0.0	0.0	0.0	2	1.0133089968190276	-7.688111439266667	230.0	23	1.05	0.95				
	213	2	91.93451912631578	18.73382653894737	0.0	0.0	2	1.0031972512176963	-7.116242760893539	230.0	24	1.05	0.95				
	214	2	67.30300645473683	13.529985833684211	0.0	0.0	2	0.9993589461684348	-6.3439205307176865	230.0	26	1.05	0.95				
	215	2	109.97450023789472	22.203053675789477	0.0	0.0	2	1.024014897802152	-0.8504549316466752	230.0	26	1.05	0.95				
	216	2	34.69227136842105	6.9384542736842105	0.0	0.0	2	1.0272559556871763	-1.3300204266400915	230.0	26	1.05	0.95				
	217	1	0.0	0.0	0.0	0.0	2	1.0328253738006496	0.4082609037095044	230.0	27	1.05	0.95				
	218	2	115.5252636568421	23.590744530526315	0.0	0.0	2	1.0311968119361812	0.06659755661633616	230.0	27	1.05	0.95				
	219	1	62.79301117684211	12.836140406315788	0.0	0.0	2	1.0355770298550775	-1.1747268158806523	230.0	25	1.05	0.95				
	220	1	44.40610735157895	9.019990555789475	0.0	0.0	2	1.0446678603400639	-0.3764911682270535	230.0	25	1.05	0.95				
	221	2	0.0	0.0	0.0	0.0	2	1.0317945546972196	0.5553753368970701	230.0	27	1.05	0.95				
	222	2	0.0	0.0	0.0	0.0	2	1.049999996924843	6.992300355629547	230.0	27	1.05	0.95				
	223	2	0.0	0.0	0.0	0.0	2	1.05	0.3131397922345929	230.0	25	1.05	0.95				
	224	1	0.0	0.0	0.0	0.0	2	1.0094073509489647	-4.071232519248951	230.0	26	1.05	0.95				
	301	2	37.30971211578947	7.600126542105263	0.0	0.0	3	1.0143922489851367	22.374572792420686	138.0	31	1.05	0.95				
	302	2	33.50964884473684	6.909205947368421	0.0	0.0	3	1.0136424053853392	22.02116821742742	138.0	32	1.05	0.95				
	303	1	62.18285352631578	12.782031002631577	0.0	0.0	3	1.05	36.67455403246082	138.0	31	1.05	0.95				
	304	1	25.564062005263153	5.181904460526315	0.0	0.0	3	1.0102557789694064	23.10422872801455	138.0	31	1.05	0.95				
	305	1	24.527681113157893	4.836444163157895	0.0	0.0	3	1.025398423730885	20.45746736652461	138.0	31	1.05	0.95				
	306	1	46.982600442105266	9.67288832631579	0.0	-100.0	3	1.0398399751900456	18.93819283012178	138.0	32	1.05	0.95				
	307	2	43.18253717105263	8.636507434210525	0.0	0.0	3	0.95	16.726349526115232	138.0	32	1.05	0.95				
	308	1	59.07371085	12.091110407894735	0.0	0.0	3	0.9744513030705847	18.096176515006434	138.0	32	1.05	0.95				
	309	1	60.45555203947368	12.436570705263158	0.0	0.0	3	1.0173825855364191	25.44009980754451	138.0	33	1.05	0.95				
	310	1	67.36475798684211	13.818411894736842	0.0	0.0	3	1.0449392741893149	19.65340107342784	138.0	33	1.05	0.95				
	311	1	0.0	0.0	0.0	0.0	3	1.0057108672119774	22.34305272758023	230.0	33	1.05	0.95				
	312	1	0.0	0.0	0.0	0.0	3	1.0110503323606017	21.979624134996637	230.0	33	1.05	0.95				
	313	2	91.54697880263157	18.654856057894737	0.0	0.0	3	1.0044811802390765	21.62547489095773	230.0	34	1.05	0.95				
	314	2	67.01929768947367	13.472951597368422	0.0	0.0	3	1.0009927711184876	22.86393132100867	230.0	36	1.05	0.95				
	315	2	109.51091426578947	22.10945903157895	0.0	0.0	3	1.0481872014374793	26.28844182741715	230.0	36	1.05	0.95				
	316	2	34.5460297368421	6.909205947368421	0.0	0.0	3	1.0309356962171419	25.60638247838255	230.0	36	1.05	0.95				
	317	1	0.0	0.0	0.0	0.0	3	1.05	29.957963523606683	230.0	37	1.05	0.95				
	318	2	115.03827902368423	23.491300221052633	0.0	0.0	3	1.0483452480489999	26.32559502419749	230.0	37	1.05	0.95				
	319	1	62.528313823684215	12.782031002631577	0.0	0.0	3	1.02257097560918	23.339804162106347	230.0	35	1.05	0.95				
	320	1	44.2189180631579	8.981967731578948	0.0	0.0	3	1.018288849266759	22.030209656509566	230.0	35	1.05	0.95				
	321	2	0.0	0.0	0.0	0.0	3	1.05	26.983387806354035	230.0	37	1.05	0.95				
	322	2	0.0	0.0	0.0	0.0	3	1.0499999371877016	32.498912142028324	230.0	37	1.05	0.95				
	323	2	0.0	0.0	0.0	0.0	3	1.0161419039392863	21.578801542370677	230.0	35	1.05	0.95				
	324	1	0.0	0.0	0.0	0.0	3	1.0456240111478639	30.258118185803013	230.0	36	1.05	0.95				
	325	1	0.0	0.0	0.0	0.0	3	1.019339666665418	21.17423603507224	230.0	35	1.05	0.95				
];
