%% MATPOWER Case Format : Version 2
function mpc = RTS_GMLC
mpc.version = '2';

%%-----  Power Flow Data  -----%%
%% system MVA base
mpc.baseMVA = 100.0;
%% bus data
%    bus_i    type    Pd    Qd    Gs    Bs    area    Vm    Va    baseKV    zone    Vmax    Vmin
mpc.bus = [
	101	2	47.093023250526315	9.593023254736842	0.0	0.0	1	1.0013113673331295	-2.5007185677686237	138.0	11	1.05	0.95				
	102	2	42.2965116231579	8.720930231578947	0.0	0.0	1	1.000671553430874	-2.765704147069637	138.0	12	1.05	0.95				
	103	1	78.48837208421052	16.133720928421052	0.0	0.0	1	1.0267814276005196	2.081729245826047	138.0	11	1.05	0.95				
	104	1	32.267441856842105	6.54069767368421	0.0	0.0	1	1.010597518731714	-3.258222487262549	138.0	11	1.05	0.95				
	105	1	30.95930232210526	6.104651162105264	0.0	0.0	1	1.0199790868906116	-4.429333972426168	138.0	11	1.05	0.95				
	106	1	59.30232557473685	12.209302324210528	0.0	-100.0	1	1.0380276642933015	-5.989956004571084	138.0	12	1.05	0.95				
	107	2	54.505813947368424	10.901162789473684	0.0	0.0	1	0.9876660098936195	-12.967716788405461	138.0	12	1.05	0.95				
	108	1	74.56395348	15.261627905263156	0.0	0.0	1	0.9952623282053908	-10.458842602148431	138.0	12	1.05	0.95				
	109	1	76.30813952631578	15.697674416842105	0.0	0.0	1	1.0259818328737802	-2.8991156340242865	138.0	13	1.05	0.95				
	110	1	85.02906975789473	17.441860463157894	0.0	0.0	1	1.05	-4.924346304984174	138.0	13	1.05	0.95				
	111	1	0.0	0.0	0.0	0.0	1	1.020084597170859	-0.030686318211880195	230.0	13	1.05	0.95				
	112	1	0.0	0.0	0.0	0.0	1	1.0155501228361894	-1.229609656611368	230.0	13	1.05	0.95				
	113	3	115.55232556842105	23.546511625263157	0.0	0.0	1	0.9997236313393486	1.697617124594334e-29	230.0	14	1.05	0.95				
	114	2	84.5930232463158	17.005813951578947	0.0	0.0	1	1.05	3.716665957845993	230.0	16	1.05	0.95				
	115	2	138.22674417052633	27.90697674105263	0.0	0.0	1	1.0454047264393496	13.97170567407985	230.0	16	1.05	0.95				
	116	2	43.604651157894736	8.720930231578947	0.0	0.0	1	1.0456695496568293	11.823927031903578	230.0	16	1.05	0.95				
	117	1	0.0	0.0	0.0	0.0	1	1.0442469591347112	17.850864810693817	230.0	17	1.05	0.95				
	118	2	145.20348835578946	29.651162787368424	0.0	0.0	1	1.05	19.09465442706856	230.0	17	1.05	0.95				
	119	1	78.92441859578948	16.133720928421052	0.0	0.0	1	1.0423389876626932	7.392834646262743	230.0	15	1.05	0.95				
	120	1	55.81395348210526	11.337209301052633	0.0	0.0	1	1.046326641543059	4.044380590599013	230.0	15	1.05	0.95				
	121	2	0.0	0.0	0.0	0.0	1	1.05	21.003927405246106	230.0	17	1.05	0.95				
	122	2	0.0	0.0	0.0	0.0	1	1.05	33.040894288969234	230.0	17	1.05	0.95				
	123	2	0.0	0.0	0.0	0.0	1	1.05	2.5349062998508862	230.0	15	1.05	0.95				
	124	1	0.0	0.0	0.0	0.0	1	1.023482642903244	9.549953590209412	230.0	16	1.05	0.95				
	201	2	46.12057294736842	9.394931526315789	0.0	0.0	2	0.9993489871058283	-20.068715303279923	138.0	21	1.05	0.95				
	202	2	41.42310718421052	8.540846842105264	0.0	0.0	2	0.9976362536323552	-20.38954305892802	138.0	22	1.05	0.95				
	203	1	76.86762157894736	15.800566657894736	0.0	0.0	2	1.0010875100547703	-14.570742767009397	138.0	21	1.05	0.95				
	204	1	31.601133315789472	6.405635131578948	0.0	0.0	2	0.9882692600538683	-19.814771414290572	138.0	21	1.05	0.95				
	205	1	30.32000628947368	5.9785927894736846	0.0	0.0	2	1.003856717210514	-20.41643561478804	138.0	21	1.05	0.95				
	206	1	58.07775852631579	11.957185578947369	0.0	-100.0	2	1.0136720084813324	-21.167179533300317	138.0	22	1.05	0.95				
	207	2	53.3802927631579	10.676058552631579	0.0	0.0	2	0.9730366653712497	-26.671396038233205	138.0	22	1.05	0.95				
	208	1	73.02424049999999	14.94648197368421	0.0	0.0	2	0.97387625512499	-24.569524287531745	138.0	22	1.05	0.95				
	209	1	74.73240986842104	15.373524315789473	0.0	0.0	2	0.9936535313640794	-17.477341956803738	138.0	23	1.05	0.95				
	210	1	83.27325671052631	17.081693684210528	0.0	0.0	2	1.0188281429851949	-19.322114383278638	138.0	23	1.05	0.95				
	211	1	0.0	0.0	0.0	0.0	2	0.9830712844101335	-14.160829845938114	230.0	23	1.05	0.95				
	212	1	0.0	0.0	0.0	0.0	2	0.9616981029677979	-13.450021284097444	230.0	23	1.05	0.95				
	213	2	113.16622065789473	23.06028647368421	0.0	0.0	2	0.9546699683415375	-12.662158631675952	230.0	24	1.05	0.95				
	214	2	82.84621436842104	16.654651342105264	0.0	0.0	2	1.0143917335475978	-11.231527312512513	230.0	26	1.05	0.95				
	215	2	135.37242244736842	27.33070989473684	0.0	0.0	2	1.0302958856546311	-3.2234127612299526	230.0	26	1.05	0.95				
	216	2	42.704234210526316	8.540846842105264	0.0	0.0	2	1.0232569182426392	-4.2756955937386785	230.0	26	1.05	0.95				
	217	1	0.0	0.0	0.0	0.0	2	1.038296193022855	-1.9913860186255656	230.0	27	1.05	0.95				
	218	2	142.20509992105264	29.038879263157895	0.0	0.0	2	1.0416262685549498	-2.504120868709945	230.0	27	1.05	0.95				
	219	1	77.29466392105263	15.800566657894736	0.0	0.0	2	0.9916359807469008	-4.402005177568057	230.0	25	1.05	0.95				
	220	1	54.66141978947368	11.103100894736842	0.0	0.0	2	0.967266873748492	-3.611174902813557	230.0	25	1.05	0.95				
	221	2	0.0	0.0	0.0	0.0	2	1.0411586162464181	-1.9582124585193827	230.0	27	1.05	0.95				
	222	2	0.0	0.0	0.0	0.0	2	1.05	4.531535884277525	230.0	27	1.05	0.95				
	223	2	0.0	0.0	0.0	0.0	2	0.9548206140199903	-2.775920805185391	230.0	25	1.05	0.95				
	224	1	0.0	0.0	0.0	0.0	2	1.0053495730265107	-7.3974120709603515	230.0	26	1.05	0.95				
	301	2	60.83328061894737	12.391964570526316	0.0	0.0	3	1.05	34.80124754385098	138.0	31	1.05	0.95				
	302	2	54.637298333684214	11.265422336842107	0.0	0.0	3	1.049058724329036	34.424519769882316	138.0	32	1.05	0.95				
	303	1	101.38880103157895	20.841031323157896	0.0	0.0	3	1.0137904232916848	52.26445514287186	138.0	31	1.05	0.95				
	304	1	41.68206264631579	8.449066752631579	0.0	0.0	3	1.016554868554386	36.297479603959474	138.0	31	1.05	0.95				
	305	1	39.99224929578947	7.885795635789475	0.0	0.0	3	1.0430920502464691	33.95623926365467	138.0	31	1.05	0.95				
	306	1	76.60487189052633	15.77159127157895	0.0	-100.0	3	1.0461760334776928	32.833754474560564	138.0	32	1.05	0.95				
	307	2	70.40888960526316	14.081777921052632	0.0	0.0	3	0.95	29.172675402263913	138.0	32	1.05	0.95				
	308	1	96.31936098	19.714489089473684	0.0	0.0	3	0.9698045986964811	31.736424611339604	138.0	32	1.05	0.95				
	309	1	98.57244544736842	20.27776020631579	0.0	0.0	3	1.009212951534243	40.23609496557599	138.0	33	1.05	0.95				
	310	1	109.83786778421052	22.530844673684214	0.0	0.0	3	1.0494602685450491	34.85926300257689	138.0	33	1.05	0.95				
	311	1	0.0	0.0	0.0	0.0	3	0.9912677549974361	38.743840086646074	230.0	33	1.05	0.95				
	312	1	0.0	0.0	0.0	0.0	3	1.0183992349980444	38.86777259524238	230.0	33	1.05	0.95				
	313	2	149.2668459631579	30.416640309473685	0.0	0.0	3	1.0129624280544207	41.317872726062326	230.0	34	1.05	0.95				
	314	2	109.27459666736843	21.967573556842108	0.0	0.0	3	0.957465580227831	37.80169334549395	230.0	36	1.05	0.95				
	315	2	178.55694403894736	36.04935147789474	0.0	0.0	3	0.9606082290334054	34.267861777111385	230.0	36	1.05	0.95				
	316	2	56.32711168421053	11.265422336842107	0.0	0.0	3	0.950000005608559	34.56043547931954	230.0	36	1.05	0.95				
	317	1	0.0	0.0	0.0	0.0	3	0.9562330979523671	35.42422558700466	230.0	37	1.05	0.95				
	318	2	187.56928190842106	38.30243594526316	0.0	0.0	3	0.95	30.993899391561616	230.0	37	1.05	0.95				
	319	1	101.95207214842105	20.841031323157896	0.0	0.0	3	0.9913672186835883	34.74121811248907	230.0	35	1.05	0.95				
	320	1	72.09870295578948	14.645049037894738	0.0	0.0	3	1.0286129179699923	34.53929909945401	230.0	35	1.05	0.95				
	321	2	0.0	0.0	0.0	0.0	3	0.9534208138281646	32.54004399797814	230.0	37	1.05	0.95				
	322	2	0.0	0.0	0.0	0.0	3	0.9500000051696121	35.84036283506856	230.0	37	1.05	0.95				
	323	2	0.0	0.0	0.0	0.0	3	1.0488941563007521	34.28825927999335	230.0	35	1.05	0.95				
	324	1	0.0	0.0	0.0	0.0	3	0.9759127071073009	43.11155494851279	230.0	36	1.05	0.95				
	325	1	0.0	0.0	0.0	0.0	3	1.05	33.16908589602238	230.0	35	1.05	0.95				
];
