%% MATPOWER Case Format : Version 2
function mpc = RTS_GMLC
mpc.version = '2';

%%-----  Power Flow Data  -----%%
%% system MVA base
mpc.baseMVA = 100.0;
%% bus data
%    bus_i    type    Pd    Qd    Gs    Bs    area    Vm    Va    baseKV    zone    Vmax    Vmin
mpc.bus = [
	101	2	49.99208312842106	10.183572489122806	0.0	0.0	1	1.0384172311938256	1.519039996084373	138.0	11	1.05	0.95				
	102	2	44.900296883859646	9.257793171929825	0.0	0.0	1	1.0374561899964583	1.2392460248068091	138.0	12	1.05	0.95				
	103	1	83.32013854736843	17.126917368070174	0.0	0.0	1	1.0271989128142847	-0.618887319656472	138.0	11	1.05	0.95				
	104	1	34.25383473614035	6.943344878947368	0.0	0.0	1	1.0234374415895073	-1.884875265262485	138.0	11	1.05	0.95				
	105	1	32.86516576035087	6.480455220350878	0.0	0.0	1	1.0377746215216987	-1.805211869997164	138.0	11	1.05	0.95				
	106	1	62.9529935691228	12.960910440701756	0.0	-100.0	1	1.0454047495885375	-4.173009352529911	138.0	12	1.05	0.95				
	107	2	57.861207324561406	11.572241464912281	0.0	0.0	1	1.000746218598743	-10.088658882650675	138.0	12	1.05	0.95				
	108	1	79.15413162	16.20113805087719	0.0	0.0	1	1.0032183022500667	-8.667088755927663	138.0	12	1.05	0.95				
	109	1	81.00569025438597	16.664027709473682	0.0	0.0	1	1.0245842076755367	-2.9287663483395043	138.0	13	1.05	0.95				
	110	1	90.26348342631579	18.51558634385965	0.0	0.0	1	1.05	-3.736572903282286	138.0	13	1.05	0.95				
	111	1	0.0	0.0	0.0	0.0	1	1.004299822503088	-0.8974607855520921	230.0	13	1.05	0.95				
	112	1	0.0	0.0	0.0	0.0	1	1.0090323161417292	-0.5329736573213563	230.0	13	1.05	0.95				
	113	3	122.66575952807017	24.99604156421053	0.0	0.0	1	0.9983345531879172	-8.129324997107726e-30	230.0	14	1.05	0.95				
	114	2	89.80059376771929	18.052696685263157	0.0	0.0	1	1.0009505468049127	0.881300054762141	230.0	16	1.05	0.95				
	115	2	146.73602177508772	29.62493815017544	0.0	0.0	1	1.0348079754649604	6.701663005167888	230.0	16	1.05	0.95				
	116	2	46.288965859649124	9.257793171929825	0.0	0.0	1	1.0308910970591274	6.121572393782566	230.0	16	1.05	0.95				
	117	1	0.0	0.0	0.0	0.0	1	1.0380754946845094	8.20456870970056	230.0	17	1.05	0.95				
	118	2	154.1422563126316	31.4764967845614	0.0	0.0	1	1.040043073117449	8.342924988152605	230.0	17	1.05	0.95				
	119	1	83.78302820596491	17.126917368070174	0.0	0.0	1	1.0245705295047633	4.9123870974657855	230.0	15	1.05	0.95				
	120	1	59.24987630035088	12.035131123508773	0.0	0.0	1	1.0225647743127724	4.758891074414602	230.0	15	1.05	0.95				
	121	2	0.0	0.0	0.0	0.0	1	1.0434589292453071	9.536003539997987	230.0	17	1.05	0.95				
	122	2	0.0	0.0	0.0	0.0	1	1.05	15.555450952272004	230.0	17	1.05	0.95				
	123	2	0.0	0.0	0.0	0.0	1	1.0221696909236109	5.033302330089964	230.0	15	1.05	0.95				
	124	1	0.0	0.0	0.0	0.0	1	1.022485412233905	3.9565798543019577	230.0	16	1.05	0.95				
	201	2	48.73854872842106	9.928222889122807	0.0	0.0	2	1.0260278939510026	-9.254770968641733	138.0	21	1.05	0.95				
	202	2	43.77443728385965	9.025657171929824	0.0	0.0	2	1.027012727911131	-9.056023426210578	138.0	22	1.05	0.95				
	203	1	81.23091454736841	16.697465768070174	0.0	0.0	2	1.0171963771720263	-8.506112104469386	138.0	21	1.05	0.95				
	204	1	33.39493153614035	6.769242878947368	0.0	0.0	2	1.0177888609678971	-10.668126846536044	138.0	21	1.05	0.95				
	205	1	32.04108296035088	6.317960020350877	0.0	0.0	2	1.032504445264988	-10.944906619166701	138.0	21	1.05	0.95				
	206	1	61.3744687691228	12.635920040701754	0.0	-100.0	2	1.0440509037158867	-12.292520559130065	138.0	22	1.05	0.95				
	207	2	56.4103573245614	11.28207146491228	0.0	0.0	2	0.9918139304129526	-18.818431863102216	138.0	22	1.05	0.95				
	208	1	77.16936881999999	15.794900050877192	0.0	0.0	2	0.9972464228267206	-16.759689694406145	138.0	22	1.05	0.95				
	209	1	78.97450025438596	16.24618290947368	0.0	0.0	2	1.023112713857671	-10.135018147889442	138.0	23	1.05	0.95				
	210	1	88.00015742631578	18.051314343859648	0.0	0.0	2	1.05	-11.212673511360324	138.0	23	1.05	0.95				
	211	1	0.0	0.0	0.0	0.0	2	1.006221782144145	-7.269561567424061	230.0	23	1.05	0.95				
	212	1	0.0	0.0	0.0	0.0	2	1.0086959919749918	-6.354224752499386	230.0	23	1.05	0.95				
	213	2	119.58995752807016	24.36927436421053	0.0	0.0	2	1.0021197573795213	-5.92914211144377	230.0	24	1.05	0.95				
	214	2	87.5488745677193	17.600031485263155	0.0	0.0	2	1.0069391960295415	-4.931010076902307	230.0	26	1.05	0.95				
	215	2	143.05666617508768	28.882102950175437	0.0	0.0	2	1.0247489335645485	1.2088199230948287	230.0	26	1.05	0.95				
	216	2	45.12828585964912	9.025657171929824	0.0	0.0	2	1.0258391693848827	1.11709556538835	230.0	26	1.05	0.95				
	217	1	0.0	0.0	0.0	0.0	2	1.0304034854631623	2.94376308739843	230.0	27	1.05	0.95				
	218	2	150.2771919126316	30.6872343845614	0.0	0.0	2	1.0300889835903306	2.6716220184530517	230.0	27	1.05	0.95				
	219	1	81.68219740596491	16.697465768070174	0.0	0.0	2	1.0263543553373573	1.1153998044972986	230.0	25	1.05	0.95				
	220	1	57.76420590035087	11.73335432350877	0.0	0.0	2	1.0299594884721495	1.9922655226503074	230.0	25	1.05	0.95				
	221	2	0.0	0.0	0.0	0.0	2	1.0314976363254638	2.9765150854943063	230.0	27	1.05	0.95				
	222	2	0.0	0.0	0.0	0.0	2	1.05	9.457233757569062	230.0	27	1.05	0.95				
	223	2	0.0	0.0	0.0	0.0	2	1.0328472241030837	2.8147241570215393	230.0	25	1.05	0.95				
	224	1	0.0	0.0	0.0	0.0	2	1.00995445414287	-2.439419950094044	230.0	26	1.05	0.95				
	301	2	50.34419488421052	10.255298957894736	0.0	0.0	3	1.011396281678477	-9.937573647863502	138.0	31	1.05	0.95				
	302	2	45.216545405263155	9.32299905263158	0.0	0.0	3	1.0106461133902367	-10.127862544290835	138.0	32	1.05	0.95				
	303	1	83.90699147368422	17.24754824736842	0.0	0.0	3	1.0406993865345788	-0.4762712444157371	138.0	31	1.05	0.95				
	304	1	34.49509649473684	6.992249289473684	0.0	0.0	3	1.0128182255453966	-8.199768120961823	138.0	31	1.05	0.95				
	305	1	33.0966466368421	6.5260993368421065	0.0	0.0	3	1.0248978904076502	-10.328547628109275	138.0	31	1.05	0.95				
	306	1	63.39639355789474	13.052198673684213	0.0	-100.0	3	1.0400080572510684	-11.081367821063397	138.0	32	1.05	0.95				
	307	2	58.268744078947364	11.653748815789474	0.0	0.0	3	0.9930916802768353	-15.378316951997968	138.0	32	1.05	0.95				
	308	1	79.71164189999999	16.315248342105264	0.0	0.0	3	0.9985645124107537	-13.254958716585165	138.0	32	1.05	0.95				
	309	1	81.5762417105263	16.781398294736842	0.0	0.0	3	1.030052513871323	-4.73511838803148	138.0	33	1.05	0.95				
	310	1	90.89924076315789	18.64599810526316	0.0	0.0	3	1.05	-9.219444003621145	138.0	33	1.05	0.95				
	311	1	0.0	0.0	0.0	0.0	3	1.0095343192754054	-4.151341638431698	230.0	33	1.05	0.95				
	312	1	0.0	0.0	0.0	0.0	3	1.0138019334424102	-3.621340349923233	230.0	33	1.05	0.95				
	313	2	123.52973744736842	25.17209744210526	0.0	0.0	3	1.0107129159932682	-1.3738901223644275	230.0	34	1.05	0.95				
	314	2	90.43309081052631	18.17984815263158	0.0	0.0	3	1.004985500392361	-3.632767470298986	230.0	36	1.05	0.95				
	315	2	147.76953498421054	29.83359696842105	0.0	0.0	3	1.0320004389574775	-0.26089384745578104	230.0	36	1.05	0.95				
	316	2	46.614995263157894	9.32299905263158	0.0	0.0	3	1.0292510493636409	-0.09114632366359637	230.0	36	1.05	0.95				
	317	1	0.0	0.0	0.0	0.0	3	1.038248019774944	2.5555600049074854	230.0	37	1.05	0.95				
	318	2	155.22793422631577	31.69819677894737	0.0	0.0	3	1.0359174959312885	1.533077727030597	230.0	37	1.05	0.95				
	319	1	84.37314142631578	17.24754824736842	0.0	0.0	3	1.0229166559204967	-0.8842879152257448	230.0	35	1.05	0.95				
	320	1	59.6671939368421	12.119898768421052	0.0	0.0	3	1.020806861552227	-0.663110781400184	230.0	35	1.05	0.95				
	321	2	0.0	0.0	0.0	0.0	3	1.03673787158234	1.5024558172157578	230.0	37	1.05	0.95				
	322	2	0.0	0.0	0.0	0.0	3	1.049999982553582	6.224870796216305	230.0	37	1.05	0.95				
	323	2	0.0	0.0	0.0	0.0	3	1.020444155056688	-0.17816602168165563	230.0	35	1.05	0.95				
	324	1	0.0	0.0	0.0	0.0	3	1.0311422294174064	-0.34284224598917007	230.0	36	1.05	0.95				
	325	1	0.0	0.0	0.0	0.0	3	1.0204103116317123	0.6551172440473118	230.0	35	1.05	0.95				
];
