%% MATPOWER Case Format : Version 2
function mpc = RTS_GMLC
mpc.version = '2';

%%-----  Power Flow Data  -----%%
%% system MVA base
mpc.baseMVA = 100.0;
%% bus data
%    bus_i    type    Pd    Qd    Gs    Bs    area    Vm    Va    baseKV    zone    Vmax    Vmin
mpc.bus = [
	101	2	38.489361688421056	7.8404255291228075	0.0	0.0	1	1.0084991560282501	-0.7569932438193802	138.0	11	1.05	0.95				
	102	2	34.56914892385965	7.127659571929826	0.0	0.0	1	1.0065294701022816	-1.3352599488457302	138.0	12	1.05	0.95				
	103	1	64.14893614736843	13.186170208070177	0.0	0.0	1	1.0270594984183974	2.1394681192007208	138.0	11	1.05	0.95				
	104	1	26.372340416140354	5.345744678947368	0.0	0.0	1	1.0112897617555217	-2.5869548913694866	138.0	11	1.05	0.95				
	105	1	25.30319148035088	4.989361700350878	0.0	0.0	1	1.024708052993568	-2.749810875994668	138.0	11	1.05	0.95				
	106	1	48.468085089122816	9.978723400701757	0.0	-100.0	1	1.0417456697393737	-4.362354568895122	138.0	12	1.05	0.95				
	107	2	44.54787232456141	8.909574464912282	0.0	0.0	1	0.9830633897913768	-11.006267353823254	138.0	12	1.05	0.95				
	108	1	60.94148934	12.473404250877193	0.0	0.0	1	0.9952984570974741	-8.622675236355624	138.0	12	1.05	0.95				
	109	1	62.36702125438597	12.829787229473686	0.0	0.0	1	1.0247019509155384	-2.1096097461098884	138.0	13	1.05	0.95				
	110	1	69.49468082631579	14.255319143859651	0.0	0.0	1	1.05	-3.579672243415381	138.0	13	1.05	0.95				
	111	1	0.0	0.0	0.0	0.0	1	1.0133745442128017	0.46889756987496084	230.0	13	1.05	0.95				
	112	1	0.0	0.0	0.0	0.0	1	1.011231840384414	-0.7560785281788226	230.0	13	1.05	0.95				
	113	3	94.44148932807018	19.244680844210528	0.0	0.0	1	0.9906386090221726	-1.7974376214101323e-30	230.0	14	1.05	0.95				
	114	2	69.1382978477193	13.898936165263159	0.0	0.0	1	1.037491100018837	4.152990544840811	230.0	16	1.05	0.95				
	115	2	112.97340421508773	22.80851063017544	0.0	0.0	1	1.0423425547720466	13.459532623962566	230.0	16	1.05	0.95				
	116	2	35.63829785964913	7.127659571929826	0.0	0.0	1	1.0414607485257745	11.61224456638805	230.0	16	1.05	0.95				
	117	1	0.0	0.0	0.0	0.0	1	1.0408899569496097	17.6077242693363	230.0	17	1.05	0.95				
	118	2	118.6755318726316	24.234042544561408	0.0	0.0	1	1.0498872733337419	18.203837436373092	230.0	17	1.05	0.95				
	119	1	64.50531912596492	13.186170208070177	0.0	0.0	1	1.0372185975852248	7.235964599203142	230.0	15	1.05	0.95				
	120	1	45.61702126035088	9.265957443508773	0.0	0.0	1	1.0399523339587455	4.112608496258118	230.0	15	1.05	0.95				
	121	2	0.0	0.0	0.0	0.0	1	1.0435039919805003	19.67799944485523	230.0	17	1.05	0.95				
	122	2	0.0	0.0	0.0	0.0	1	1.05	37.63716111078316	230.0	17	1.05	0.95				
	123	2	0.0	0.0	0.0	0.0	1	1.042451979550774	2.6691592556464876	230.0	15	1.05	0.95				
	124	1	0.0	0.0	0.0	0.0	1	1.0224602817392703	9.237458736411623	230.0	16	1.05	0.95				
	201	2	46.05257357052632	9.381079801403509	0.0	0.0	2	1.0123979368445755	-18.836580784443996	138.0	21	1.05	0.95				
	202	2	41.36203366982456	8.528254364912282	0.0	0.0	2	1.0115650325054257	-19.153332556420683	138.0	22	1.05	0.95				
	203	1	76.75428928421053	15.777270575087721	0.0	0.0	2	1.0102607515687971	-13.612876130421954	138.0	21	1.05	0.95				
	204	1	31.554541150175442	6.39619077368421	0.0	0.0	2	1.010280985542297	-18.710772394517964	138.0	21	1.05	0.95				
	205	1	30.275302995438597	5.9697780554385975	0.0	0.0	2	1.025985218850613	-19.26312736032359	138.0	21	1.05	0.95				
	206	1	57.99212968140351	11.939556110877195	0.0	-100.0	2	1.041385632841402	-20.033859312909748	138.0	22	1.05	0.95				
	207	2	53.301589780701754	10.660317956140352	0.0	0.0	2	0.9944736480946147	-25.135451579938202	138.0	22	1.05	0.95				
	208	1	72.91657482000001	14.92444513859649	0.0	0.0	2	0.9994852543763756	-23.19867768549979	138.0	22	1.05	0.95				
	209	1	74.62222569298245	15.350857856842106	0.0	0.0	2	1.0217206339138145	-16.57838604080008	138.0	23	1.05	0.95				
	210	1	83.15048005789474	17.056508729824564	0.0	0.0	2	1.05	-18.316747729348286	138.0	23	1.05	0.95				
	211	1	0.0	0.0	0.0	0.0	2	1.0092452858723353	-13.446077778166474	230.0	23	1.05	0.95				
	212	1	0.0	0.0	0.0	0.0	2	1.0089089493470023	-12.821625663852682	230.0	23	1.05	0.95				
	213	2	112.99937033508772	23.02628678526316	0.0	0.0	2	1.0055169067566991	-12.172456111280765	230.0	24	1.05	0.95				
	214	2	82.72406733964912	16.63009601157895	0.0	0.0	2	1.0155867467748887	-10.496286268065242	230.0	26	1.05	0.95				
	215	2	135.17283168385964	27.290413967719303	0.0	0.0	2	1.0266849990178928	-3.1761730915818456	230.0	26	1.05	0.95				
	216	2	42.64127182456141	8.528254364912282	0.0	0.0	2	1.029861342143743	-3.718993613709304	230.0	26	1.05	0.95				
	217	1	0.0	0.0	0.0	0.0	2	1.0354401104126447	-1.6430728247478927	230.0	27	1.05	0.95				
	218	2	141.99543517578948	28.996064840701756	0.0	0.0	2	1.033985167249495	-2.1992739433809736	230.0	27	1.05	0.95				
	219	1	77.18070200245614	15.777270575087721	0.0	0.0	2	1.0286026726839685	-4.268596008224547	230.0	25	1.05	0.95				
	220	1	54.580827935438606	11.086730674385965	0.0	0.0	2	1.0303474154451349	-3.917700697024203	230.0	25	1.05	0.95				
	221	2	0.0	0.0	0.0	0.0	2	1.0342698034696218	-1.722416460730301	230.0	27	1.05	0.95				
	222	2	0.0	0.0	0.0	0.0	2	1.05	4.806179496127435	230.0	27	1.05	0.95				
	223	2	0.0	0.0	0.0	0.0	2	1.0319160339545879	-3.4000080394724552	230.0	25	1.05	0.95				
	224	1	0.0	0.0	0.0	0.0	2	1.007690625007173	-7.061809849754457	230.0	26	1.05	0.95				
	301	2	53.607086374736845	10.919962039298246	0.0	0.0	3	1.0156529300275217	-1.7655661492621662	138.0	31	1.05	0.95				
	302	2	48.147105355087724	9.92723821754386	0.0	0.0	3	1.0141368248575722	-2.0506856473264983	138.0	32	1.05	0.95				
	303	1	89.34514395789475	18.365390702456143	0.0	0.0	3	1.0488059175505102	10.2965747688865	138.0	31	1.05	0.95				
	304	1	36.730781404912285	7.445428663157895	0.0	0.0	3	1.0121590183985674	-0.5965184844239071	138.0	31	1.05	0.95				
	305	1	35.241695672280706	6.949066752280703	0.0	0.0	3	1.0266710480390937	-2.376268933446004	138.0	31	1.05	0.95				
	306	1	67.50521987929825	13.898133504561406	0.0	-100.0	3	1.0399706349272326	-3.292724798391516	138.0	32	1.05	0.95				
	307	2	62.04523885964912	12.409047771929824	0.0	0.0	3	0.9917671024098782	-8.43222350916308	138.0	32	1.05	0.95				
	308	1	84.87788676	17.372666880701754	0.0	0.0	3	0.9957815729600807	-6.133259460023586	138.0	32	1.05	0.95				
	309	1	86.86333440350877	17.86902879157895	0.0	0.0	3	1.0266090718667178	2.6241102591939036	138.0	33	1.05	0.95				
	310	1	96.79057262105263	19.85447643508772	0.0	0.0	3	1.05	-1.395999339822285	138.0	33	1.05	0.95				
	311	1	0.0	0.0	0.0	0.0	3	1.0115159578660788	3.956412323005624	230.0	33	1.05	0.95				
	312	1	0.0	0.0	0.0	0.0	3	1.0129806772834982	4.446994930355409	230.0	33	1.05	0.95				
	313	2	131.53590638245615	26.803543187368422	0.0	0.0	3	1.0111179327714894	6.807416544736812	230.0	34	1.05	0.95				
	314	2	96.29421071017545	19.358114524210528	0.0	0.0	3	1.0133616576778086	4.8974736812539765	230.0	36	1.05	0.95				
	315	2	157.34672574807018	31.767162296140356	0.0	0.0	3	1.0424831444583453	9.23388123003446	230.0	36	1.05	0.95				
	316	2	49.6361910877193	9.92723821754386	0.0	0.0	3	1.0380183846512199	9.21427297467175	230.0	36	1.05	0.95				
	317	1	0.0	0.0	0.0	0.0	3	1.05	14.254754570622657	230.0	37	1.05	0.95				
	318	2	165.2885163221053	33.752609939649126	0.0	0.0	3	1.0450192724641603	11.12844178442347	230.0	37	1.05	0.95				
	319	1	89.84150586877193	18.365390702456143	0.0	0.0	3	1.0287892938004586	8.210280710907567	230.0	35	1.05	0.95				
	320	1	63.53432459228071	12.905409682807017	0.0	0.0	3	1.024535190921605	8.291297652481067	230.0	35	1.05	0.95				
	321	2	0.0	0.0	0.0	0.0	3	1.045355362678235	11.15835411609707	230.0	37	1.05	0.95				
	322	2	0.0	0.0	0.0	0.0	3	1.05	16.7163323847517	230.0	37	1.05	0.95				
	323	2	0.0	0.0	0.0	0.0	3	1.0230923184517249	8.720174862100881	230.0	35	1.05	0.95				
	324	1	0.0	0.0	0.0	0.0	3	1.0412452456963266	9.643804097041723	230.0	36	1.05	0.95				
	325	1	0.0	0.0	0.0	0.0	3	1.0223172012706392	9.653177825044644	230.0	35	1.05	0.95				
];
