%% MATPOWER Case Format : Version 2
function mpc = RTS_GMLC
mpc.version = '2';

%%-----  Power Flow Data  -----%%
%% system MVA base
mpc.baseMVA = 100.0;
%% bus data
%    bus_i    type    Pd    Qd    Gs    Bs    area    Vm    Va    baseKV    zone    Vmax    Vmin
mpc.bus = [
	101	2	44.16724394526316	8.997031174035087	0.0	0.0	1	1.0315796214275939	2.5621648321469723	138.0	11	1.05	0.95				
	102	2	39.66872835824561	8.179119249122808	0.0	0.0	1	1.0306515096937399	2.2900898997973185	138.0	12	1.05	0.95				
	103	1	73.61207324210525	15.13137061087719	0.0	0.0	1	1.0300887413775865	1.4580408186516052	138.0	11	1.05	0.95				
	104	1	30.26274122175438	6.134339436842104	0.0	0.0	1	1.020731477579486	-0.6879758233258967	138.0	11	1.05	0.95				
	105	1	29.035873334385958	5.725383474385964	0.0	0.0	1	1.0351662962318613	-0.5178305249398847	138.0	11	1.05	0.95				
	106	1	55.61801089403509	11.450766948771928	0.0	-100.0	1	1.0454272229572825	-2.7016006881852626	138.0	12	1.05	0.95				
	107	2	51.11949530701754	10.223899061403507	0.0	0.0	1	1.0000772064644563	-8.373221029234518	138.0	12	1.05	0.95				
	108	1	69.93146958	14.313458685964909	0.0	0.0	1	1.004619853083027	-6.899921959122887	138.0	12	1.05	0.95				
	109	1	71.56729342982456	14.72241464842105	0.0	0.0	1	1.0248144872311067	-1.4585352126896285	138.0	13	1.05	0.95				
	110	1	79.74641267894735	16.358238498245615	0.0	0.0	1	1.05	-2.343971908791034	138.0	13	1.05	0.95				
	111	1	0.0	0.0	0.0	0.0	1	1.0041636060187502	0.32947474757959055	230.0	13	1.05	0.95				
	112	1	0.0	0.0	0.0	0.0	1	1.0086688772319856	0.37688046470967884	230.0	13	1.05	0.95				
	113	3	108.37333005087717	22.08362197263158	0.0	0.0	1	0.9951203786079977	-8.933996085262702e-30	230.0	14	1.05	0.95				
	114	2	79.33745671649122	15.949282535789472	0.0	0.0	1	1.0031515512215894	2.9684945335156114	230.0	16	1.05	0.95				
	115	2	129.63904009859647	26.17318159719298	0.0	0.0	1	1.0403187764708393	9.432856795646352	230.0	16	1.05	0.95				
	116	2	40.89559624561403	8.179119249122808	0.0	0.0	1	1.0371934156780482	9.007045577984593	230.0	16	1.05	0.95				
	117	1	0.0	0.0	0.0	0.0	1	1.0423234101444043	12.188513703948086	230.0	17	1.05	0.95				
	118	2	136.1823354978947	27.809005447017544	0.0	0.0	1	1.0472779686222242	12.070493468348847	230.0	17	1.05	0.95				
	119	1	74.0210292045614	15.13137061087719	0.0	0.0	1	1.0295070133943796	7.307375896559127	230.0	15	1.05	0.95				
	120	1	52.34636319438596	10.632855023859648	0.0	0.0	1	1.0259667851428789	6.610582613507271	230.0	15	1.05	0.95				
	121	2	0.0	0.0	0.0	0.0	1	1.05	12.916419183898906	230.0	17	1.05	0.95				
	122	2	0.0	0.0	0.0	0.0	1	1.05	25.99088543194567	230.0	17	1.05	0.95				
	123	2	0.0	0.0	0.0	0.0	1	1.0244320333820431	6.54241538990195	230.0	15	1.05	0.95				
	124	1	0.0	0.0	0.0	0.0	1	1.0262866258725043	6.44926289049767	230.0	16	1.05	0.95				
	201	2	46.086573258947375	9.38800566385965	0.0	0.0	2	1.025423531214082	-8.553284113692166	138.0	21	1.05	0.95				
	202	2	41.392570427017546	8.534550603508773	0.0	0.0	2	1.0264137050141342	-8.362185964640332	138.0	22	1.05	0.95				
	203	1	76.81095543157895	15.788918616491229	0.0	0.0	2	1.017530681514259	-7.679273003640965	138.0	21	1.05	0.95				
	204	1	31.577837232982457	6.40091295263158	0.0	0.0	2	1.0178099871628465	-10.107751646905175	138.0	21	1.05	0.95				
	205	1	30.29765464245614	5.9741854224561415	0.0	0.0	2	1.0324807543896917	-10.388619960198334	138.0	21	1.05	0.95				
	206	1	58.03494410385965	11.948370844912283	0.0	-100.0	2	1.0445294247821273	-11.797035053548353	138.0	22	1.05	0.95				
	207	2	53.34094127192983	10.668188254385965	0.0	0.0	2	0.9912023272882331	-17.978309634711554	138.0	22	1.05	0.95				
	208	1	72.97040766	14.935463556140352	0.0	0.0	2	0.9978569663636496	-16.055154985667546	138.0	22	1.05	0.95				
	209	1	74.67731778070176	15.362191086315791	0.0	0.0	2	1.0228126937844815	-9.781908393879348	138.0	23	1.05	0.95				
	210	1	83.21186838421053	17.069101207017546	0.0	0.0	2	1.05	-10.879174347127218	138.0	23	1.05	0.95				
	211	1	0.0	0.0	0.0	0.0	2	1.005147679136052	-7.16612680676181	230.0	23	1.05	0.95				
	212	1	0.0	0.0	0.0	0.0	2	1.0089002325909842	-6.63344262861505	230.0	23	1.05	0.95				
	213	2	113.08279549649123	23.043286629473688	0.0	0.0	2	0.9993012449574521	-6.258554772293947	230.0	24	1.05	0.95				
	214	2	82.78514085403509	16.642373676842105	0.0	0.0	2	1.0057557574759943	-4.680794402802001	230.0	26	1.05	0.95				
	215	2	135.27262706561405	27.310561931228072	0.0	0.0	2	1.0247384840154894	1.6119661644528829	230.0	26	1.05	0.95				
	216	2	42.67275301754386	8.534550603508773	0.0	0.0	2	1.0264030082957152	1.3994113295695945	230.0	26	1.05	0.95				
	217	1	0.0	0.0	0.0	0.0	2	1.0315986830687875	3.8833427521924095	230.0	27	1.05	0.95				
	218	2	142.10026754842107	29.017472051929825	0.0	0.0	2	1.0320407700563563	3.858147525509126	230.0	27	1.05	0.95				
	219	1	77.23768296175439	15.788918616491229	0.0	0.0	2	1.0266823654921797	0.6347200632028052	230.0	25	1.05	0.95				
	220	1	54.621123862456145	11.094915784561405	0.0	0.0	2	1.0298217870474415	0.8036295594280551	230.0	25	1.05	0.95				
	221	2	0.0	0.0	0.0	0.0	2	1.0327215090180695	3.8923885093073287	230.0	27	1.05	0.95				
	222	2	0.0	0.0	0.0	0.0	2	1.05	10.383672305001145	230.0	27	1.05	0.95				
	223	2	0.0	0.0	0.0	0.0	2	1.0321187326939039	1.2210702721108957	230.0	25	1.05	0.95				
	224	1	0.0	0.0	0.0	0.0	2	1.010560887849664	-1.8778092009648542	230.0	26	1.05	0.95				
	301	2	48.39670989473684	9.858589052631578	0.0	0.0	3	1.0064222818285504	-23.632782645805154	138.0	31	1.05	0.95				
	302	2	43.467415368421044	8.962353684210527	0.0	0.0	3	1.00611880674346	-23.74679175119311	138.0	32	1.05	0.95				
	303	1	80.66118315789474	16.58035431578947	0.0	0.0	3	1.0239132770709818	-18.095686037754902	138.0	31	1.05	0.95				
	304	1	33.16070863157894	6.721765263157894	0.0	0.0	3	1.0094231465366144	-22.26061516804989	138.0	31	1.05	0.95				
	305	1	31.816355578947363	6.273647578947368	0.0	0.0	3	1.022315764650713	-23.00380872741397	138.0	31	1.05	0.95				
	306	1	60.94400505263158	12.547295157894736	0.0	-100.0	3	1.039399474531517	-23.18330275414351	138.0	32	1.05	0.95				
	307	2	56.01471052631578	11.202942105263157	0.0	0.0	3	0.9926426041198817	-28.123576642885457	138.0	32	1.05	0.95				
	308	1	76.628124	15.68411894736842	0.0	0.0	3	0.9985593915155092	-26.09177272320082	138.0	32	1.05	0.95				
	309	1	78.42059473684209	16.132236631578944	0.0	0.0	3	1.0263945387906988	-19.21237590150689	138.0	33	1.05	0.95				
	310	1	87.38294842105262	17.924707368421053	0.0	0.0	3	1.05	-20.933401080788567	138.0	33	1.05	0.95				
	311	1	0.0	0.0	0.0	0.0	3	1.0097743882444803	-15.043269874513417	230.0	33	1.05	0.95				
	312	1	0.0	0.0	0.0	0.0	3	1.0131246411997046	-14.29341326654931	230.0	33	1.05	0.95				
	313	2	118.75118631578947	24.19835494736842	0.0	0.0	3	1.013628374736507	-11.25563804123151	230.0	34	1.05	0.95				
	314	2	86.93483073684209	17.476589684210524	0.0	0.0	3	1.0120191300182082	-13.254830482955748	230.0	36	1.05	0.95				
	315	2	142.05330589473684	28.679531789473682	0.0	0.0	3	1.035564384622656	-9.044982628645602	230.0	36	1.05	0.95				
	316	2	44.811768421052626	8.962353684210527	0.0	0.0	3	1.0360863014926998	-8.061310509054058	230.0	36	1.05	0.95				
	317	1	0.0	0.0	0.0	0.0	3	1.0403984372287582	-6.44776714808376	230.0	37	1.05	0.95				
	318	2	149.22318884210526	30.47200252631579	0.0	0.0	3	1.0384407991210527	-6.7541726533614845	230.0	37	1.05	0.95				
	319	1	81.10930084210526	16.58035431578947	0.0	0.0	3	1.0349339160285025	-8.364392056139064	230.0	35	1.05	0.95				
	320	1	57.359063578947364	11.651059789473683	0.0	0.0	3	1.0369649987359106	-7.7685191957087465	230.0	35	1.05	0.95				
	321	2	0.0	0.0	0.0	0.0	3	1.0393712444349001	-6.9839602164735295	230.0	37	1.05	0.95				
	322	2	0.0	0.0	0.0	0.0	3	1.05	-2.457194390336764	230.0	37	1.05	0.95				
	323	2	0.0	0.0	0.0	0.0	3	1.0388445870343095	-7.104909154331419	230.0	35	1.05	0.95				
	324	1	0.0	0.0	0.0	0.0	3	1.0198747422170904	-12.428592702718646	230.0	36	1.05	0.95				
	325	1	0.0	0.0	0.0	0.0	3	1.032338389849574	-5.458751865137468	230.0	35	1.05	0.95				
];
