%% MATPOWER Case Format : Version 2
function mpc = RTS_GMLC
mpc.version = '2';

%%-----  Power Flow Data  -----%%
%% system MVA base
mpc.baseMVA = 100.0;
%% bus data
%    bus_i    type    Pd    Qd    Gs    Bs    area    Vm    Va    baseKV    zone    Vmax    Vmin
mpc.bus = [
	101	2	45.7837704	9.326323599999998	0.0	0.0	1	1.0128639211137809	-4.613079347527028	138.0	11	1.05	0.95				
	102	2	41.1206086	8.478476	0.0	0.0	1	1.012008569954356	-4.818154684453893	138.0	12	1.05	0.95				
	103	1	76.30628399999999	15.685180599999999	0.0	0.0	1	1.0265782051340981	-0.41252276536800675	138.0	11	1.05	0.95				
	104	1	31.370361199999998	6.3588569999999995	0.0	0.0	1	1.0148789673539498	-4.756716598944578	138.0	11	1.05	0.95				
	105	1	30.0985898	5.9349332	0.0	0.0	1	1.0262504403157708	-5.766750703191147	138.0	11	1.05	0.95				
	106	1	57.653636799999994	11.8698664	0.0	-100.0	1	1.0414185404206602	-6.897652280386531	138.0	12	1.05	0.95				
	107	2	52.99047499999999	10.598094999999999	0.0	0.0	1	1.0005220231885639	-10.80877567999417	138.0	12	1.05	0.95				
	108	1	72.49096979999999	14.837332999999997	0.0	0.0	1	1.0046356787778403	-9.527000520874793	138.0	12	1.05	0.95				
	109	1	74.18666499999999	15.261256799999998	0.0	0.0	1	1.0251938129380769	-3.770684769223086	138.0	13	1.05	0.95				
	110	1	82.66514099999999	16.956952	0.0	0.0	1	1.05	-5.555325624873045	138.0	13	1.05	0.95				
	111	1	0.0	0.0	0.0	0.0	1	1.008217512470125	-0.8381688362229555	230.0	13	1.05	0.95				
	112	1	0.0	0.0	0.0	0.0	1	1.0100932454747382	-1.6102022097595279	230.0	13	1.05	0.95				
	113	3	112.339807	22.8918852	0.0	0.0	1	1.001671822177582	-1.2647937905839964e-28	230.0	14	1.05	0.95				
	114	2	82.2412172	16.5330282	0.0	0.0	1	1.0138665279995864	2.3425689135834897	230.0	16	1.05	0.95				
	115	2	134.3838446	27.131123199999998	0.0	0.0	1	1.0415373693929915	10.873070429836703	230.0	16	1.05	0.95				
	116	2	42.392379999999996	8.478476	0.0	0.0	1	1.0361675140957005	9.338590617289695	230.0	16	1.05	0.95				
	117	1	0.0	0.0	0.0	0.0	1	1.041291926058176	14.646653480588451	230.0	17	1.05	0.95				
	118	2	141.1666254	28.826818399999997	0.0	0.0	1	1.049999987309935	15.294383858793514	230.0	17	1.05	0.95				
	119	1	76.73020779999999	15.685180599999999	0.0	0.0	1	1.0256068862107843	5.792487206192843	230.0	15	1.05	0.95				
	120	1	54.262246399999995	11.0220188	0.0	0.0	1	1.0218460882595946	3.4015384774455177	230.0	15	1.05	0.95				
	121	2	0.0	0.0	0.0	0.0	1	1.05	16.854479338745424	230.0	17	1.05	0.95				
	122	2	0.0	0.0	0.0	0.0	1	1.05	31.24472986613471	230.0	17	1.05	0.95				
	123	2	0.0	0.0	0.0	0.0	1	1.0206892207928167	2.4095694729146273	230.0	15	1.05	0.95				
	124	1	0.0	0.0	0.0	0.0	1	1.0218315331098666	6.662646627425398	230.0	16	1.05	0.95				
	201	2	40.08562882105264	8.165591056140352	0.0	0.0	2	1.0102231928066894	-12.346554380096308	138.0	21	1.05	0.95				
	202	2	36.00283329298246	7.4232645964912285	0.0	0.0	2	1.0093095443840394	-12.60596751651708	138.0	22	1.05	0.95				
	203	1	66.80938136842106	13.733039503508774	0.0	0.0	2	1.0167692981086243	-9.401553711206695	138.0	21	1.05	0.95				
	204	1	27.466079007017548	5.567448447368422	0.0	0.0	2	1.0116451384630163	-12.28003857294648	138.0	21	1.05	0.95				
	205	1	26.352589317543863	5.196285217543862	0.0	0.0	2	1.0256427838441962	-12.621938826051473	138.0	21	1.05	0.95				
	206	1	50.478199256140364	10.392570435087723	0.0	-100.0	2	1.042428640328576	-13.256733530574925	138.0	22	1.05	0.95				
	207	2	46.395403728070185	9.279080745614037	0.0	0.0	2	0.9926287684281656	-17.62081728993412	138.0	22	1.05	0.95				
	208	1	63.468912300000014	12.99071304385965	0.0	0.0	2	1.001156191846031	-15.998630582107932	138.0	22	1.05	0.95				
	209	1	64.95356521929826	13.361876273684212	0.0	0.0	2	1.0238720096571645	-10.472313882250225	138.0	23	1.05	0.95				
	210	1	72.37682981578948	14.846529192982457	0.0	0.0	2	1.05	-11.697985529141661	138.0	23	1.05	0.95				
	211	1	0.0	0.0	0.0	0.0	2	1.003788475026853	-7.8001570389091395	230.0	23	1.05	0.95				
	212	1	0.0	0.0	0.0	0.0	2	1.0105638268016401	-6.257574587470258	230.0	23	1.05	0.95				
	213	2	98.35825590350879	20.04281441052632	0.0	0.0	2	0.9995721050088705	-6.202908971542428	230.0	24	1.05	0.95				
	214	2	72.00566658596492	14.475365963157897	0.0	0.0	2	1.0014128597866376	-5.7725461260397	230.0	26	1.05	0.95				
	215	2	117.65874385438597	23.754446708771933	0.0	0.0	2	1.0243864324234258	-0.08738153454759696	230.0	26	1.05	0.95				
	216	2	37.11632298245615	7.4232645964912285	0.0	0.0	2	1.0247851444541678	-0.7149684153624123	230.0	26	1.05	0.95				
	217	1	0.0	0.0	0.0	0.0	2	1.0292471416009608	0.876461704554987	230.0	27	1.05	0.95				
	218	2	123.59735553157898	25.239099628070182	0.0	0.0	2	1.0286523520986337	0.5629765008367607	230.0	27	1.05	0.95				
	219	1	67.18054459824563	13.733039503508774	0.0	0.0	2	1.0286494384853266	-0.5657241198062415	230.0	25	1.05	0.95				
	220	1	47.50889341754387	9.650243975438597	0.0	0.0	2	1.0342030242677391	0.2842742133546717	230.0	25	1.05	0.95				
	221	2	0.0	0.0	0.0	0.0	2	1.0304669330701697	1.138777102236015	230.0	27	1.05	0.95				
	222	2	0.0	0.0	0.0	0.0	2	1.0499999866131688	7.528212976893813	230.0	27	1.05	0.95				
	223	2	0.0	0.0	0.0	0.0	2	1.0377535619184706	1.0287107119167704	230.0	25	1.05	0.95				
	224	1	0.0	0.0	0.0	0.0	2	1.0100334264744486	-3.5843085291613392	230.0	26	1.05	0.95				
	301	2	47.388800993684214	9.653274276491228	0.0	0.0	3	1.0064855216372066	21.724189521645012	138.0	31	1.05	0.95				
	302	2	42.5621638554386	8.775703887719299	0.0	0.0	3	1.00632819310178	21.397704905367814	138.0	32	1.05	0.95				
	303	1	78.98133498947368	16.2350521922807	0.0	0.0	3	1.049999799602219	34.34185927423775	138.0	31	1.05	0.95				
	304	1	32.4701043845614	6.581777915789473	0.0	0.0	3	1.0092847250556238	22.58303125812724	138.0	31	1.05	0.95				
	305	1	31.15374880140351	6.14299272140351	0.0	0.0	3	1.022779591501976	20.60714713004441	138.0	31	1.05	0.95				
	306	1	59.67478643649123	12.28598544280702	0.0	-100.0	3	1.0396258860609309	19.458662790947496	138.0	32	1.05	0.95				
	307	2	54.848149298245616	10.969629859649123	0.0	0.0	3	0.976549646624879	15.351549472089491	138.0	32	1.05	0.95				
	308	1	75.03226824	15.35748180350877	0.0	0.0	3	0.9891094721642261	17.290846553896742	138.0	32	1.05	0.95				
	309	1	76.78740901754387	15.796266997894737	0.0	0.0	3	1.0252927282794018	25.355270412098722	138.0	33	1.05	0.95				
	310	1	85.56311290526317	17.551407775438598	0.0	0.0	3	1.05	20.913226010584843	138.0	33	1.05	0.95				
	311	1	0.0	0.0	0.0	0.0	3	1.011070333995776	24.42553832113377	230.0	33	1.05	0.95				
	312	1	0.0	0.0	0.0	0.0	3	1.017315474942695	24.05561642161721	230.0	33	1.05	0.95				
	313	2	116.2780765122807	23.694400496842107	0.0	0.0	3	1.011554790691478	24.63794696862493	230.0	34	1.05	0.95				
	314	2	85.1243277108772	17.112622581052634	0.0	0.0	3	1.0062943458669245	25.628731093453922	230.0	36	1.05	0.95				
	315	2	139.09490662035086	28.082252440701755	0.0	0.0	3	1.0432206363467262	26.612552880127783	230.0	36	1.05	0.95				
	316	2	43.87851943859649	8.775703887719299	0.0	0.0	3	1.0321878761115524	26.372730972422698	230.0	36	1.05	0.95				
	317	1	0.0	0.0	0.0	0.0	3	1.05	29.395643107624196	230.0	37	1.05	0.95				
	318	2	146.1154697305263	29.837393218245616	0.0	0.0	3	1.0486811458428378	25.935917993060524	230.0	37	1.05	0.95				
	319	1	79.42012018385965	16.2350521922807	0.0	0.0	3	1.027289558521779	25.299295871428964	230.0	35	1.05	0.95				
	320	1	56.16450488140351	11.408415054035089	0.0	0.0	3	1.0239378515418713	24.122541342978934	230.0	35	1.05	0.95				
	321	2	0.0	0.0	0.0	0.0	3	1.0485923599786109	26.821691727198953	230.0	37	1.05	0.95				
	322	2	0.0	0.0	0.0	0.0	3	1.05	32.178267761854876	230.0	37	1.05	0.95				
	323	2	0.0	0.0	0.0	0.0	3	1.022195333155812	23.596674644935625	230.0	35	1.05	0.95				
	324	1	0.0	0.0	0.0	0.0	3	1.0450732878122282	30.917641543112996	230.0	36	1.05	0.95				
	325	1	0.0	0.0	0.0	0.0	3	1.0259962220436067	23.029485311337506	230.0	35	1.05	0.95				
];
