%% MATPOWER Case Format : Version 2
function mpc = RTS_GMLC
mpc.version = '2';

%%-----  Power Flow Data  -----%%
%% system MVA base
mpc.baseMVA = 100.0;
%% bus data
%    bus_i    type    Pd    Qd    Gs    Bs    area    Vm    Va    baseKV    zone    Vmax    Vmin
mpc.bus = [
	101	2	42.73775359578947	8.705838695438596	0.0	0.0	1	1.0355983593134184	3.4153095045875452	138.0	11	1.05	0.95				
	102	2	38.38483424807017	7.9143988140350885	0.0	0.0	1	1.0351996560844492	3.281833561221826	138.0	12	1.05	0.95				
	103	1	71.22958932631579	14.64163780596491	0.0	0.0	1	1.030231268820324	0.8309979243071842	138.0	11	1.05	0.95				
	104	1	29.28327561192982	5.9357991105263155	0.0	0.0	1	1.0227688445668746	-0.22403642171582053	138.0	11	1.05	0.95				
	105	1	28.09611578982456	5.540079169824562	0.0	0.0	1	1.037154912575599	0.05512633027120153	138.0	11	1.05	0.95				
	106	1	53.8179119354386	11.080158339649124	0.0	-100.0	1	1.0466199656769168	-2.2414618597979077	138.0	12	1.05	0.95				
	107	2	49.464992587719294	9.892998517543859	0.0	0.0	1	1.0002529883706037	-7.825974812205619	138.0	12	1.05	0.95				
	108	1	67.66810985999999	13.850197924561403	0.0	0.0	1	1.0053530443471625	-6.504234209103728	138.0	12	1.05	0.95				
	109	1	69.25098962280701	14.245917865263158	0.0	0.0	1	1.0249091493179976	-1.4971804399827344	138.0	13	1.05	0.95				
	110	1	77.1653884368421	15.828797628070177	0.0	0.0	1	1.05	-2.1126755619263866	138.0	13	1.05	0.95				
	111	1	0.0	0.0	0.0	0.0	1	1.002764125031083	-0.037560176813925136	230.0	13	1.05	0.95				
	112	1	0.0	0.0	0.0	0.0	1	1.008036988128233	0.32424905820094596	230.0	13	1.05	0.95				
	113	3	104.8657842859649	21.368876797894735	0.0	0.0	1	0.9935335542700169	5.081989294577471e-28	230.0	14	1.05	0.95				
	114	2	76.76966849614034	15.43307768736842	0.0	0.0	1	0.998866615965013	1.828019469872434	230.0	16	1.05	0.95				
	115	2	125.44322120245613	25.32607620491228	0.0	0.0	1	1.0386882089887657	7.046165523578591	230.0	16	1.05	0.95				
	116	2	39.571994070175435	7.9143988140350885	0.0	0.0	1	1.0338417516593021	6.7113651653053	230.0	16	1.05	0.95				
	117	1	0.0	0.0	0.0	0.0	1	1.0420053543066663	8.582304882616382	230.0	17	1.05	0.95				
	118	2	131.7747402536842	26.9089559677193	0.0	0.0	1	1.0455621803127155	8.344353927895217	230.0	17	1.05	0.95				
	119	1	71.62530926701754	14.64163780596491	0.0	0.0	1	1.0271161713033978	5.794976772164304	230.0	15	1.05	0.95				
	120	1	50.65215240982456	10.288718458245615	0.0	0.0	1	1.0238498693172768	5.76520803795942	230.0	15	1.05	0.95				
	121	2	0.0	0.0	0.0	0.0	1	1.05	9.030735058966872	230.0	17	1.05	0.95				
	122	2	0.0	0.0	0.0	0.0	1	1.05	17.92592811389159	230.0	17	1.05	0.95				
	123	2	0.0	0.0	0.0	0.0	1	1.022455621386903	6.0574728946874	230.0	15	1.05	0.95				
	124	1	0.0	0.0	0.0	0.0	1	1.0270786662892615	4.720890860834924	230.0	16	1.05	0.95				
	201	2	46.256571701052636	9.422634976140351	0.0	0.0	2	1.0258980696870312	-7.517650777181758	138.0	21	1.05	0.95				
	202	2	41.54525421298246	8.56603179649123	0.0	0.0	2	1.026721947743265	-7.370231163133539	138.0	22	1.05	0.95				
	203	1	77.09428616842105	15.847158823508773	0.0	0.0	2	1.0182283609936174	-6.932790089628109	138.0	21	1.05	0.95				
	204	1	31.694317647017545	6.424523847368421	0.0	0.0	2	1.0179467550828782	-9.329047569465049	138.0	21	1.05	0.95				
	205	1	30.409412877543858	5.99622225754386	0.0	0.0	2	1.0326255027743072	-9.554270105561162	138.0	21	1.05	0.95				
	206	1	58.24901621614036	11.99244451508772	0.0	-100.0	2	1.044468015695794	-11.083081787162442	138.0	22	1.05	0.95				
	207	2	53.53769872807017	10.707539745614035	0.0	0.0	2	0.9896286079836084	-17.37344402401034	138.0	22	1.05	0.95				
	208	1	73.23957186	14.990555643859649	0.0	0.0	2	0.9969139710128551	-15.447302217576711	138.0	22	1.05	0.95				
	209	1	74.95277821929824	15.41885723368421	0.0	0.0	2	1.0229508091303199	-9.172762860585868	138.0	23	1.05	0.95				
	210	1	83.51881001578947	17.13206359298246	0.0	0.0	2	1.05	-10.2445335680248	138.0	23	1.05	0.95				
	211	1	0.0	0.0	0.0	0.0	2	1.00533138354767	-6.593288923538411	230.0	23	1.05	0.95				
	212	1	0.0	0.0	0.0	0.0	2	1.0099990692469245	-6.208980481603375	230.0	23	1.05	0.95				
	213	2	113.49992130350877	23.128285850526318	0.0	0.0	2	0.9992764312619491	-5.86053420255387	230.0	24	1.05	0.95				
	214	2	83.09050842596491	16.703762003157895	0.0	0.0	2	1.0061303492839615	-4.00682057403344	230.0	26	1.05	0.95				
	215	2	135.77160397438598	27.411301748771933	0.0	0.0	2	1.026786531378646	2.5028098453770897	230.0	26	1.05	0.95				
	216	2	42.83015898245614	8.56603179649123	0.0	0.0	2	1.0287265947551218	2.2023429447264657	230.0	26	1.05	0.95				
	217	1	0.0	0.0	0.0	0.0	2	1.0337202575010207	5.006388041660735	230.0	27	1.05	0.95				
	218	2	142.62442941157894	29.12450810807018	0.0	0.0	2	1.035262874719601	5.439772111603736	230.0	27	1.05	0.95				
	219	1	77.52258775824562	15.847158823508773	0.0	0.0	2	1.0294133508489332	1.0910961081802333	230.0	25	1.05	0.95				
	220	1	54.82260349754387	11.135841335438597	0.0	0.0	2	1.0330220078699186	0.959143891730543	230.0	25	1.05	0.95				
	221	2	0.0	0.0	0.0	0.0	2	1.0353175654414977	5.222920472176331	230.0	27	1.05	0.95				
	222	2	0.0	0.0	0.0	0.0	2	1.05	11.635209045614527	230.0	27	1.05	0.95				
	223	2	0.0	0.0	0.0	0.0	2	1.0355224258506708	1.2107843015273783	230.0	25	1.05	0.95				
	224	1	0.0	0.0	0.0	0.0	2	1.0119153420394305	-1.0365182835920634	230.0	26	1.05	0.95				
	301	2	57.14330907789474	11.640303701052632	0.0	0.0	3	1.006401675578119	-31.70970122320669	138.0	31	1.05	0.95				
	302	2	51.32315722736842	10.582094273684211	0.0	0.0	3	1.0058752156634752	-31.84002871876821	138.0	32	1.05	0.95				
	303	1	95.2388484631579	19.57687440631579	0.0	0.0	3	1.022146188386837	-25.01564186563947	138.0	31	1.05	0.95				
	304	1	39.15374881263158	7.936570705263158	0.0	0.0	3	1.0077206766105284	-29.990517341738737	138.0	31	1.05	0.95				
	305	1	37.566434671578946	7.407465991578949	0.0	0.0	3	1.0210190188107402	-30.93899069269475	138.0	31	1.05	0.95				
	306	1	71.95824106105265	14.814931983157898	0.0	-100.0	3	1.03691899674346	-31.109519462430036	138.0	32	1.05	0.95				
	307	2	66.13808921052632	13.227617842105262	0.0	0.0	3	0.9914348360425597	-37.07935276336383	138.0	32	1.05	0.95				
	308	1	90.47690603999999	18.518664978947367	0.0	0.0	3	0.9944556792679011	-34.604392797561445	138.0	32	1.05	0.95				
	309	1	92.59332489473684	19.047769692631576	0.0	0.0	3	1.0271915132928857	-26.32284744682118	138.0	33	1.05	0.95				
	310	1	103.17541916842106	21.164188547368422	0.0	0.0	3	1.05	-28.469136106692442	138.0	33	1.05	0.95				
	311	1	0.0	0.0	0.0	0.0	3	1.0161243945584497	-21.442972288350568	230.0	33	1.05	0.95				
	312	1	0.0	0.0	0.0	0.0	3	1.0168243123406269	-20.852413273871083	230.0	33	1.05	0.95				
	313	2	140.21274912631577	28.57165453894737	0.0	0.0	3	1.0227284505907452	-17.720371734865264	230.0	34	1.05	0.95				
	314	2	102.64631445473684	20.635083833684213	0.0	0.0	3	1.0256894790031326	-18.774207071795583	230.0	36	1.05	0.95				
	315	2	167.72619423789473	33.862701675789474	0.0	0.0	3	1.0476560578125302	-12.470945858674838	230.0	36	1.05	0.95				
	316	2	52.91047136842105	10.582094273684211	0.0	0.0	3	1.0477866192066811	-11.86653788198132	230.0	36	1.05	0.95				
	317	1	0.0	0.0	0.0	0.0	3	1.0499999903866934	-9.099274270643432	230.0	37	1.05	0.95				
	318	2	176.1918696568421	35.97912053052632	0.0	0.0	3	1.0485221903066484	-9.00377893815979	230.0	37	1.05	0.95				
	319	1	95.76795317684211	19.57687440631579	0.0	0.0	3	1.0454944959809818	-12.87553800320772	230.0	35	1.05	0.95				
	320	1	67.72540335157895	13.756722555789475	0.0	0.0	3	1.0475189371675213	-12.76122460144656	230.0	35	1.05	0.95				
	321	2	0.0	0.0	0.0	0.0	3	1.05	-8.952426458045217	230.0	37	1.05	0.95				
	322	2	0.0	0.0	0.0	0.0	3	1.05	-4.66258121759529	230.0	37	1.05	0.95				
	323	2	0.0	0.0	0.0	0.0	3	1.0496083356493027	-12.310655932787757	230.0	35	1.05	0.95				
	324	1	0.0	0.0	0.0	0.0	3	1.0222448599150966	-17.107557238795795	230.0	36	1.05	0.95				
	325	1	0.0	0.0	0.0	0.0	3	1.0413229066197993	-10.584280326846761	230.0	35	1.05	0.95				
];
