%% MATPOWER Case Format : Version 2
function mpc = RTS_GMLC
mpc.version = '2';

%%-----  Power Flow Data  -----%%
%% system MVA base
mpc.baseMVA = 100.0;
%% bus data
%    bus_i    type    Pd    Qd    Gs    Bs    area    Vm    Va    baseKV    zone    Vmax    Vmin
mpc.bus = [
	101	2	46.678871861052635	9.508659082807016	0.0	0.0	1	1.0108988704051984	1.392277444570504	138.0	11	1.05	0.95				
	102	2	41.92454231964912	8.644235529824563	0.0	0.0	1	1.0093288280396961	0.8991859896354911	138.0	12	1.05	0.95				
	103	1	77.79811976842105	15.991835730175438	0.0	0.0	1	1.0213801143926755	3.0861690155643635	138.0	11	1.05	0.95				
	104	1	31.983671460350877	6.4831766473684205	0.0	0.0	1	1.010485248086516	-1.6336959287956594	138.0	11	1.05	0.95				
	105	1	30.68703613087719	6.050964870877194	0.0	0.0	1	1.0243160865860004	-1.6774353847682033	138.0	11	1.05	0.95				
	106	1	58.78080160280702	12.101929741754388	0.0	-100.0	1	1.0396748423978421	-3.9039540669438146	138.0	12	1.05	0.95				
	107	2	54.02647206140351	10.805294412280702	0.0	0.0	1	0.9848394262320507	-11.921036667448817	138.0	12	1.05	0.95				
	108	1	73.90821378	15.127412177192982	0.0	0.0	1	0.993210211259614	-9.290477924297317	138.0	12	1.05	0.95				
	109	1	75.63706088596491	15.55962395368421	0.0	0.0	1	1.024217995633341	-1.8850500827523649	138.0	13	1.05	0.95				
	110	1	84.28129641578947	17.288471059649126	0.0	0.0	1	1.05	-3.345137949926512	138.0	13	1.05	0.95				
	111	1	0.0	0.0	0.0	0.0	1	1.0197343149696871	0.7853852328762844	230.0	13	1.05	0.95				
	112	1	0.0	0.0	0.0	0.0	1	1.0153903186501434	-0.5595763509610745	230.0	13	1.05	0.95				
	113	3	114.53612077017543	23.339435930526317	0.0	0.0	1	1.001373877262454	-1.1769834218265421e-30	230.0	14	1.05	0.95				
	114	2	83.84908463929824	16.856259283157897	0.0	0.0	1	1.0472335516136388	4.7523818564352895	230.0	16	1.05	0.95				
	115	2	137.01113314771928	27.661553695438595	0.0	0.0	1	1.0354653904144036	15.485265899960872	230.0	16	1.05	0.95				
	116	2	43.22117764912281	8.644235529824563	0.0	0.0	1	1.0361130669277845	13.237104669349574	230.0	16	1.05	0.95				
	117	1	0.0	0.0	0.0	0.0	1	1.0348388097750185	19.982856372627857	230.0	17	1.05	0.95				
	118	2	143.92652157157895	29.39040080140351	0.0	0.0	1	1.0443517222229157	20.868278221132844	230.0	17	1.05	0.95				
	119	1	78.23033154491227	15.991835730175438	0.0	0.0	1	1.0328556885721423	8.214724324850149	230.0	15	1.05	0.95				
	120	1	55.32310739087719	11.23750618877193	0.0	0.0	1	1.0386329843031818	4.694225563867308	230.0	15	1.05	0.95				
	121	2	0.0	0.0	0.0	0.0	1	1.0395514873442768	22.7861535615674	230.0	17	1.05	0.95				
	122	2	0.0	0.0	0.0	0.0	1	1.05	40.77748651262008	230.0	17	1.05	0.95				
	123	2	0.0	0.0	0.0	0.0	1	1.0434188011635448	3.097123573450753	230.0	15	1.05	0.95				
	124	1	0.0	0.0	0.0	0.0	1	1.014688824201371	10.854364370480901	230.0	16	1.05	0.95				
	201	2	47.36156146105263	9.647725482807017	0.0	0.0	2	1.0071988046624654	-19.240638957844222	138.0	21	1.05	0.95				
	202	2	42.53769871964912	8.770659529824561	0.0	0.0	2	1.0064196871352538	-19.5600988630507	138.0	22	1.05	0.95				
	203	1	78.93593576842105	16.225720130175436	0.0	0.0	2	1.0107216779091288	-14.049201429247837	138.0	21	1.05	0.95				
	204	1	32.45144026035087	6.57799464736842	0.0	0.0	2	1.008213287978066	-19.101394398263924	138.0	21	1.05	0.95				
	205	1	31.13584133087719	6.139461670877193	0.0	0.0	2	1.0231461548270466	-19.656678919830757	138.0	21	1.05	0.95				
	206	1	59.640484802807016	12.278923341754385	0.0	-100.0	2	1.0397730193760717	-20.43169691787219	138.0	22	1.05	0.95				
	207	2	54.8166220614035	10.9633244122807	0.0	0.0	2	0.9899025278578545	-25.664991498037214	138.0	22	1.05	0.95				
	208	1	74.98913897999999	15.34865417719298	0.0	0.0	2	0.9965512021152513	-23.680123047606713	138.0	22	1.05	0.95				
	209	1	76.7432708859649	15.78718715368421	0.0	0.0	2	1.0226822282378023	-16.907208376624627	138.0	23	1.05	0.95				
	210	1	85.51393041578946	17.541319059649123	0.0	0.0	2	1.05	-18.656028807245168	138.0	23	1.05	0.95				
	211	1	0.0	0.0	0.0	0.0	2	1.010430965470159	-13.643582256769628	230.0	23	1.05	0.95				
	212	1	0.0	0.0	0.0	0.0	2	1.0143481483663495	-12.962625220869997	230.0	23	1.05	0.95				
	213	2	116.21123877017543	23.680780730526315	0.0	0.0	2	1.011440034255206	-12.292270450072227	230.0	24	1.05	0.95				
	214	2	85.07539743929824	17.10278608315789	0.0	0.0	2	1.013844698335072	-10.631014257458304	230.0	26	1.05	0.95				
	215	2	139.0149535477193	28.066110495438597	0.0	0.0	2	1.02991908469066	-3.2440264525338667	230.0	26	1.05	0.95				
	216	2	43.8532976491228	8.770659529824561	0.0	0.0	2	1.0336483673404657	-3.7578899866978848	230.0	26	1.05	0.95				
	217	1	0.0	0.0	0.0	0.0	2	1.0374590123148437	-1.6261510543042625	230.0	27	1.05	0.95				
	218	2	146.03148117157895	29.820242401403508	0.0	0.0	2	1.0356500798816288	-2.2209555916458825	230.0	27	1.05	0.95				
	219	1	79.37446874491228	16.225720130175436	0.0	0.0	2	1.0384278277035501	-4.287031435578314	230.0	25	1.05	0.95				
	220	1	56.132220990877194	11.401857388771928	0.0	0.0	2	1.0454898002407136	-3.9087076373515557	230.0	25	1.05	0.95				
	221	2	0.0	0.0	0.0	0.0	2	1.0361939135432368	-1.7590374239372026	230.0	27	1.05	0.95				
	222	2	0.0	0.0	0.0	0.0	2	1.05	4.792633182326091	230.0	27	1.05	0.95				
	223	2	0.0	0.0	0.0	0.0	2	1.05	-3.380626460564763	230.0	25	1.05	0.95				
	224	1	0.0	0.0	0.0	0.0	2	1.009395158714952	-7.256803796085417	230.0	26	1.05	0.95				
	301	2	49.968364433684215	10.178740903157896	0.0	0.0	3	1.0290992447982212	15.908069045180945	138.0	31	1.05	0.95				
	302	2	44.878993982105264	9.253400821052631	0.0	0.0	3	1.025782540933689	15.565177460980676	138.0	32	1.05	0.95				
	303	1	83.28060738947369	17.11879151894737	0.0	0.0	3	1.05	31.349798942647663	138.0	31	1.05	0.95				
	304	1	34.23758303789474	6.940050615789474	0.0	0.0	3	1.0123794865564901	17.00284215043812	138.0	31	1.05	0.95				
	305	1	32.84957291473684	6.477380574736843	0.0	0.0	3	1.0313563682093585	14.53240603080702	138.0	31	1.05	0.95				
	306	1	62.923125583157905	12.954761149473686	0.0	-100.0	3	1.0394859277689337	13.206191104137496	138.0	32	1.05	0.95				
	307	2	57.83375513157895	11.56675102631579	0.0	0.0	3	0.95	9.081940619676988	138.0	32	1.05	0.95				
	308	1	79.11657702	16.193451436842103	0.0	0.0	3	0.9693098986204699	11.13876348528482	138.0	32	1.05	0.95				
	309	1	80.96725718421052	16.656121477894736	0.0	0.0	3	1.0161634538239752	20.11905450409365	138.0	33	1.05	0.95				
	310	1	90.22065800526316	18.506801642105263	0.0	0.0	3	1.0446617516772108	14.61695210530023	138.0	33	1.05	0.95				
	311	1	0.0	0.0	0.0	0.0	3	1.0028291756329895	18.802868871304547	230.0	33	1.05	0.95				
	312	1	0.0	0.0	0.0	0.0	3	1.0087309083387592	19.17399935293725	230.0	33	1.05	0.95				
	313	2	122.60756087894737	24.984182216842107	0.0	0.0	3	1.0053363046846646	20.940357294882986	230.0	34	1.05	0.95				
	314	2	89.75798796421053	18.044131601052634	0.0	0.0	3	0.9964240351781689	18.47554872058829	230.0	36	1.05	0.95				
	315	2	146.6664030136842	29.610882627368422	0.0	0.0	3	1.0458141477725702	21.04850345295146	230.0	36	1.05	0.95				
	316	2	46.26700410526316	9.253400821052631	0.0	0.0	3	1.0284060739006586	20.807086006557356	230.0	36	1.05	0.95				
	317	1	0.0	0.0	0.0	0.0	3	1.05	24.51275544490534	230.0	37	1.05	0.95				
	318	2	154.06912367052632	31.461562791578952	0.0	0.0	3	1.05	20.872096135520177	230.0	37	1.05	0.95				
	319	1	83.74327743052632	17.11879151894737	0.0	0.0	3	1.0202224106175775	19.707088656473722	230.0	35	1.05	0.95				
	320	1	59.221765254736844	12.029421067368421	0.0	0.0	3	1.0165824871441884	19.655157805798247	230.0	35	1.05	0.95				
	321	2	0.0	0.0	0.0	0.0	3	1.05	21.601782431351484	230.0	37	1.05	0.95				
	322	2	0.0	0.0	0.0	0.0	3	1.05	27.092357082589125	230.0	37	1.05	0.95				
	323	2	0.0	0.0	0.0	0.0	3	1.015322605247521	19.9903857033895	230.0	35	1.05	0.95				
	324	1	0.0	0.0	0.0	0.0	3	1.0441847954510495	24.987990329101468	230.0	36	1.05	0.95				
	325	1	0.0	0.0	0.0	0.0	3	1.0176303033330285	20.24171186142241	230.0	35	1.05	0.95				
];
