%% MATPOWER Case Format : Version 2
function mpc = RTS_GMLC
mpc.version = '2';

%%-----  Power Flow Data  -----%%
%% system MVA base
mpc.baseMVA = 100.0;
%% bus data
%    bus_i    type    Pd    Qd    Gs    Bs    area    Vm    Va    baseKV    zone    Vmax    Vmin
mpc.bus = [
	101	2	97.0450272	19.768431466666666	0.0	0.0	1	1.046907300959486	-2.998166144560272	138.0	11	1.05	0.95				
	102	2	87.16081146666667	17.971301333333333	0.0	0.0	1	1.0467102063307214	-3.132239199771795	138.0	12	1.05	0.95				
	103	1	161.741712	33.24690746666667	0.0	0.0	1	1.019905793604567	-4.581238797598491	138.0	11	1.05	0.95				
	104	1	66.49381493333334	13.478476	0.0	0.0	1	1.022276024156867	-6.385311747286321	138.0	11	1.05	0.95				
	105	1	63.79811973333334	12.579910933333336	0.0	0.0	1	1.0360890615514347	-6.805429007299388	138.0	11	1.05	0.95				
	106	1	122.20484906666668	25.15982186666667	0.0	-100.0	1	1.0346754822273188	-9.764317897014275	138.0	12	1.05	0.95				
	107	2	112.32063333333333	22.46412666666667	0.0	0.0	1	1.05	-6.437999516977665	138.0	12	1.05	0.95				
	108	1	153.6546264	31.449777333333333	0.0	0.0	1	1.021253034308561	-9.499978913207292	138.0	12	1.05	0.95				
	109	1	157.24888666666666	32.3483424	0.0	0.0	1	1.0275178260538218	-6.361298076777684	138.0	13	1.05	0.95				
	110	1	175.220188	35.942602666666666	0.0	0.0	1	1.05	-7.898900141183094	138.0	13	1.05	0.95				
	111	1	0.0	0.0	0.0	0.0	1	1.0185972061667257	-3.0030812585634012	230.0	13	1.05	0.95				
	112	1	0.0	0.0	0.0	0.0	1	1.0193701279541718	-1.7677979002275297	230.0	13	1.05	0.95				
	113	3	238.11974266666667	48.5225136	0.0	0.0	1	1.024784579775537	-7.5501976216774e-30	230.0	14	1.05	0.95				
	114	2	174.32162293333334	35.0440376	0.0	0.0	1	1.0233150778964257	-1.5172063532400686	230.0	16	1.05	0.95				
	115	2	284.84512613333334	57.508164266666675	0.0	0.0	1	1.0440792046876846	6.3034573957075475	230.0	16	1.05	0.95				
	116	2	89.85650666666668	17.971301333333333	0.0	0.0	1	1.0444959525313227	6.069241108074285	230.0	16	1.05	0.95				
	117	1	0.0	0.0	0.0	0.0	1	1.0476325912673243	9.205164753118984	230.0	17	1.05	0.95				
	118	2	299.22216720000006	61.10242453333334	0.0	0.0	1	1.0496909436954398	9.838498124735228	230.0	17	1.05	0.95				
	119	1	162.64027706666667	33.24690746666667	0.0	0.0	1	1.0389738313256085	5.162924033480936	230.0	15	1.05	0.95				
	120	1	115.01632853333335	23.362691733333335	0.0	0.0	1	1.0419528360742816	5.81843012953403	230.0	15	1.05	0.95				
	121	2	0.0	0.0	0.0	0.0	1	1.05	10.63480471103339	230.0	17	1.05	0.95				
	122	2	0.0	0.0	0.0	0.0	1	1.05	17.202788333260944	230.0	17	1.05	0.95				
	123	2	0.0	0.0	0.0	0.0	1	1.0465120103077685	6.8332924245387385	230.0	15	1.05	0.95				
	124	1	0.0	0.0	0.0	0.0	1	1.021413796254288	2.2796535256440666	230.0	16	1.05	0.95				
	201	2	86.39320005473685	17.598614825964916	0.0	0.0	2	1.03483753629948	-10.339478269800189	138.0	21	1.05	0.95				
	202	2	77.5938926417544	15.998740750877193	0.0	0.0	2	1.0374060944307961	-10.431053974914034	138.0	22	1.05	0.95				
	203	1	143.98866675789475	29.59767038912281	0.0	0.0	2	1.027103861373051	-7.811826216992765	138.0	21	1.05	0.95				
	204	1	59.19534077824562	11.999055563157896	0.0	0.0	2	1.0180662164469523	-11.66711253450075	138.0	21	1.05	0.95				
	205	1	56.79552966561403	11.199118525614036	0.0	0.0	2	1.0321803999405408	-12.056002687081921	138.0	21	1.05	0.95				
	206	1	108.79143710596493	22.398237051228072	0.0	-100.0	2	1.0364690079218368	-13.765474202024132	138.0	22	1.05	0.95				
	207	2	99.99212969298246	19.998425938596494	0.0	0.0	2	0.95	-25.471882452158	138.0	22	1.05	0.95				
	208	1	136.78923342	27.99779631403509	0.0	0.0	2	0.9566309810162361	-21.530157276363145	138.0	22	1.05	0.95				
	209	1	139.98898157017544	28.797733351578948	0.0	0.0	2	1.0278770367608425	-9.4473339956297	138.0	23	1.05	0.95				
	210	1	155.98772232105264	31.997481501754386	0.0	0.0	2	1.05	-11.271421480930531	138.0	23	1.05	0.95				
	211	1	0.0	0.0	0.0	0.0	2	1.0335669164859067	-4.785982023803311	230.0	23	1.05	0.95				
	212	1	0.0	0.0	0.0	0.0	2	1.0289792339225396	-0.7254764834268735	230.0	23	1.05	0.95				
	213	2	211.9833149491228	43.196600027368426	0.0	0.0	2	1.05	-0.8598074964289333	230.0	24	1.05	0.95				
	214	2	155.1877852835088	31.19754446421053	0.0	0.0	2	1.05	-2.896258731107972	230.0	26	1.05	0.95				
	215	2	253.58004090140352	51.19597040280702	0.0	0.0	2	1.0464293773792808	4.738673603947959	230.0	26	1.05	0.95				
	216	2	79.99370375438598	15.998740750877193	0.0	0.0	2	1.05	4.709881522268286	230.0	26	1.05	0.95				
	217	1	0.0	0.0	0.0	0.0	2	1.05	7.600309452752707	230.0	27	1.05	0.95				
	218	2	266.3790335021053	54.395718552982466	0.0	0.0	2	1.0498627885426677	8.360137873368695	230.0	27	1.05	0.95				
	219	1	144.7886037954386	29.59767038912281	0.0	0.0	2	1.0441547474582928	4.2740273009217296	230.0	25	1.05	0.95				
	220	1	102.39194080561404	20.798362976140353	0.0	0.0	2	1.0462275830264132	5.387859113786314	230.0	25	1.05	0.95				
	221	2	0.0	0.0	0.0	0.0	2	1.05	8.875303480381001	230.0	27	1.05	0.95				
	222	2	0.0	0.0	0.0	0.0	2	1.05	14.886984512982753	230.0	27	1.05	0.95				
	223	2	0.0	0.0	0.0	0.0	2	1.05	6.579411709805065	230.0	25	1.05	0.95				
	224	1	0.0	0.0	0.0	0.0	2	1.0233289012465785	0.07312723961359055	230.0	26	1.05	0.95				
	301	2	81.21354002526317	16.54349889403509	0.0	0.0	3	0.9813283221595243	-17.439709982320103	138.0	31	1.05	0.95				
	302	2	72.94179057824562	15.039544449122811	0.0	0.0	3	0.9814617879444624	-17.590792482573278	138.0	32	1.05	0.95				
	303	1	135.35590004210528	27.823157230877193	0.0	0.0	3	0.9967982537926349	-9.929541063993739	138.0	31	1.05	0.95				
	304	1	55.646314461754386	11.279658336842106	0.0	0.0	3	0.9742914840323678	-14.840595147427518	138.0	31	1.05	0.95				
	305	1	53.39038279438597	10.527681114385967	0.0	0.0	3	0.9877867091467194	-15.33647282550461	138.0	31	1.05	0.95				
	306	1	102.26890225403511	21.055362228771934	0.0	-100.0	3	0.9985411853672929	-15.011828502670946	138.0	32	1.05	0.95				
	307	2	93.99715280701754	18.79943056140351	0.0	0.0	3	0.95	-21.84153235882172	138.0	32	1.05	0.95				
	308	1	128.58810504	26.31920278596491	0.0	0.0	3	0.9534613894806652	-18.319408080654345	138.0	32	1.05	0.95				
	309	1	131.59601392982455	27.071180008421052	0.0	0.0	3	0.9982507071999389	-9.342258034561258	138.0	33	1.05	0.95				
	310	1	146.63555837894737	30.079088898245622	0.0	0.0	3	1.0184014304064335	-10.66513701016363	138.0	33	1.05	0.95				
	311	1	0.0	0.0	0.0	0.0	3	0.9971189711251741	-1.7783472734586487	230.0	33	1.05	0.95				
	312	1	0.0	0.0	0.0	0.0	3	0.9977231185184142	-0.8107308619505484	230.0	33	1.05	0.95				
	313	2	199.2739639508772	40.606770012631586	0.0	0.0	3	1.024146203037953	5.5179144538144245	230.0	34	1.05	0.95				
	314	2	145.88358115649123	29.327111675789475	0.0	0.0	3	1.0123997494078238	-0.2927272444546635	230.0	36	1.05	0.95				
	315	2	238.3767795185965	48.126542237192986	0.0	0.0	3	1.041161939616358	0.4885289320299429	230.0	36	1.05	0.95				
	316	2	75.19772224561405	15.039544449122811	0.0	0.0	3	1.0368340436142998	1.2439744326415327	230.0	36	1.05	0.95				
	317	1	0.0	0.0	0.0	0.0	3	1.0424185361312606	2.725213697503774	230.0	37	1.05	0.95				
	318	2	250.40841507789477	51.134451127017556	0.0	0.0	3	1.0429762008058068	2.507451147285964	230.0	37	1.05	0.95				
	319	1	136.1078772645614	27.823157230877193	0.0	0.0	3	1.0318136874945052	2.2008850451983784	230.0	35	1.05	0.95				
	320	1	96.25308447438597	19.551407783859652	0.0	0.0	3	1.031027511388978	3.1140332054690734	230.0	35	1.05	0.95				
	321	2	0.0	0.0	0.0	0.0	3	1.0461420954769483	3.511670253147955	230.0	37	1.05	0.95				
	322	2	0.0	0.0	0.0	0.0	3	1.05	8.971037313275485	230.0	37	1.05	0.95				
	323	2	0.0	0.0	0.0	0.0	3	1.031367293650379	3.5886881777661173	230.0	35	1.05	0.95				
	324	1	0.0	0.0	0.0	0.0	3	1.0140556855951772	-1.4237368005384021	230.0	36	1.05	0.95				
	325	1	0.0	0.0	0.0	0.0	3	1.031963433480446	4.193843850658051	230.0	35	1.05	0.95				
];

%% generator data
%    bus    Pg    Qg    Qmax    Qmin    Vg    mBase    status    Pmax    Pmin    Pc1    Pc2    Qc1min    Qc1max    Qc2min    Qc2max    ramp_agc    ramp_10    ramp_30    ramp_q    apf
