%% MATPOWER Case Format : Version 2
function mpc = RTS_GMLC
mpc.version = '2';

%%-----  Power Flow Data  -----%%
%% system MVA base
mpc.baseMVA = 100.0;
%% bus data
%    bus_i    type    Pd    Qd    Gs    Bs    area    Vm    Va    baseKV    zone    Vmax    Vmin
mpc.bus = [
	101	2	42.81791191578947	8.722167242105265	0.0	0.0	1	1.0312556615072788	-0.15427912028083246	138.0	11	1.05	0.95				
	102	2	38.45682829473684	7.929242947368421	0.0	0.0	1	1.0287120302552646	-0.8093206569201065	138.0	12	1.05	0.95				
	103	1	71.36318652631579	14.66909945263158	0.0	0.0	1	1.0294871400559704	-0.08062197251104536	138.0	11	1.05	0.95				
	104	1	29.33819890526316	5.946932210526316	0.0	0.0	1	1.021974021381432	-2.4828549405502436	138.0	11	1.05	0.95				
	105	1	28.148812463157896	5.550470063157896	0.0	0.0	1	1.0355450140016007	-2.669723239516429	138.0	11	1.05	0.95				
	106	1	53.91885204210527	11.100940126315791	0.0	-100.0	1	1.0457962879761695	-4.6299871928705	138.0	12	1.05	0.95				
	107	2	49.557768421052636	9.911553684210526	0.0	0.0	1	1.0022683829896692	-8.719424482756207	138.0	12	1.05	0.95				
	108	1	67.7950272	13.876175157894735	0.0	0.0	1	1.0066919554284475	-7.710060083149078	138.0	12	1.05	0.95				
	109	1	69.38087578947368	14.272637305263158	0.0	0.0	1	1.0244188310274343	-2.8608208836363187	138.0	13	1.05	0.95				
	110	1	77.3101187368421	15.858485894736843	0.0	0.0	1	1.05	-3.960469120030732	138.0	13	1.05	0.95				
	111	1	0.0	0.0	0.0	0.0	1	1.0023407766234036	-0.8711525884564245	230.0	13	1.05	0.95				
	112	1	0.0	0.0	0.0	0.0	1	1.005848643279853	-1.2382373979850698	230.0	13	1.05	0.95				
	113	3	105.06246905263157	21.408955957894737	0.0	0.0	1	0.9933847256238906	-1.1239374747603503e-30	230.0	14	1.05	0.95				
	114	2	76.91365658947367	15.462023747368422	0.0	0.0	1	1.0000889685568253	1.055071086447633	230.0	16	1.05	0.95				
	115	2	125.67850071578948	25.373577431578948	0.0	0.0	1	1.0335445612066922	7.307402261774711	230.0	16	1.05	0.95				
	116	2	39.646214736842104	7.929242947368421	0.0	0.0	1	1.0287976415030433	6.092032372003826	230.0	16	1.05	0.95				
	117	1	0.0	0.0	0.0	0.0	1	1.0367566150309406	9.702636016055576	230.0	17	1.05	0.95				
	118	2	132.02189507368422	26.959426021052636	0.0	0.0	1	1.0404940543653916	10.528645481953948	230.0	17	1.05	0.95				
	119	1	71.75964867368421	14.66909945263158	0.0	0.0	1	1.0177646850068325	3.6805210910420394	230.0	15	1.05	0.95				
	120	1	50.747154863157895	10.308015831578949	0.0	0.0	1	1.0115371944048526	2.132711967865267	230.0	15	1.05	0.95				
	121	2	0.0	0.0	0.0	0.0	1	1.042921366924102	12.033934060597304	230.0	17	1.05	0.95				
	122	2	0.0	0.0	0.0	0.0	1	1.05	17.975618442461425	230.0	17	1.05	0.95				
	123	2	0.0	0.0	0.0	0.0	1	1.0086258920637814	1.5905653033982385	230.0	15	1.05	0.95				
	124	1	0.0	0.0	0.0	0.0	1	1.022500383289289	4.525689365018151	230.0	16	1.05	0.95				
	201	2	37.77365024336842	7.694632456982456	0.0	0.0	2	1.0174223621584821	-8.867528861761139	138.0	21	1.05	0.95				
	202	2	33.92633401487719	6.995120415438596	0.0	0.0	2	1.0165790398562222	-9.093727699854387	138.0	22	1.05	0.95				
	203	1	62.95608373894736	12.940972768561402	0.0	0.0	2	1.015059659816447	-6.907461644226863	138.0	21	1.05	0.95				
	204	1	25.881945537122803	5.246340311578947	0.0	0.0	2	1.0148244257898948	-8.719419717759607	138.0	21	1.05	0.95				
	205	1	24.832677474807014	4.896584290807017	0.0	0.0	2	1.0296071169561025	-8.96367535876705	138.0	21	1.05	0.95				
	206	1	47.566818824982455	9.793168581614035	0.0	-100.0	2	1.0448328333543397	-9.477777989072903	138.0	22	1.05	0.95				
	207	2	43.719502596491225	8.743900519298245	0.0	0.0	2	1.0006344660848057	-13.64098186711571	138.0	22	1.05	0.95				
	208	1	59.808279552	12.241460727017541	0.0	0.0	2	1.0063991145593099	-12.099713852582434	138.0	22	1.05	0.95				
	209	1	61.20730363508772	12.591216747789472	0.0	0.0	2	1.0228775445882212	-6.95942858770109	138.0	23	1.05	0.95				
	210	1	68.20242405052632	13.990240830877193	0.0	0.0	2	1.05	-7.932931589567047	138.0	23	1.05	0.95				
	211	1	0.0	0.0	0.0	0.0	2	0.9990899876079363	-5.132460190759748	230.0	23	1.05	0.95				
	212	1	0.0	0.0	0.0	0.0	2	1.0052925083505857	-1.6312493869209552	230.0	23	1.05	0.95				
	213	2	92.68534550456138	18.88682512168421	0.0	0.0	2	0.9898103778082876	-3.6529838215863517	230.0	24	1.05	0.95				
	214	2	67.85266802975438	13.640484810105264	0.0	0.0	2	0.9939512509749724	-3.9400200438393322	230.0	26	1.05	0.95				
	215	2	110.87265858470174	22.384385329403507	0.0	0.0	2	1.0118743650900224	0.7036583566783099	230.0	26	1.05	0.95				
	216	2	34.97560207719298	6.995120415438596	0.0	0.0	2	1.0094636912825727	-0.09844649179044948	230.0	26	1.05	0.95				
	217	1	0.0	0.0	0.0	0.0	2	1.016127021282532	1.339135069550497	230.0	27	1.05	0.95				
	218	2	116.46875491705262	23.783409412491228	0.0	0.0	2	1.0160614442537523	1.1442345403935188	230.0	27	1.05	0.95				
	219	1	63.3058397597193	12.940972768561402	0.0	0.0	2	1.0052605621546458	-0.8920267471659713	230.0	25	1.05	0.95				
	220	1	44.768770658807014	9.093656540070175	0.0	0.0	2	1.003745095058074	-0.8706178456866468	230.0	25	1.05	0.95				
	221	2	0.0	0.0	0.0	0.0	2	1.0182184190743009	1.8005699454456392	230.0	27	1.05	0.95				
	222	2	0.0	0.0	0.0	0.0	2	1.0400815084883333	8.236058684917237	230.0	27	1.05	0.95				
	223	2	0.0	0.0	0.0	0.0	2	1.00316743192868	-0.5747200477709866	230.0	25	1.05	0.95				
	224	1	0.0	0.0	0.0	0.0	2	1.0035283824927728	-2.185764960661339	230.0	26	1.05	0.95				
	301	2	47.79879783157895	9.736792150877193	0.0	0.0	3	1.0042307429363149	5.608023463428378	138.0	31	1.05	0.95				
	302	2	42.93040175614035	8.851629228070175	0.0	0.0	3	1.0040522036222488	5.527686027762711	138.0	32	1.05	0.95				
	303	1	79.66466305263158	16.37551407192982	0.0	0.0	3	1.0210414210572454	9.214303996181604	138.0	31	1.05	0.95				
	304	1	32.75102814385964	6.63872192105263	0.0	0.0	3	1.0075900730698653	6.765654599128082	138.0	31	1.05	0.95				
	305	1	31.423283759649117	6.196140459649123	0.0	0.0	3	1.021004498542826	6.754977708794067	138.0	31	1.05	0.95				
	306	1	60.19107875087719	12.392280919298246	0.0	-100.0	3	1.0389602575590602	6.861173322608556	138.0	32	1.05	0.95				
	307	2	55.32268267543859	11.064536535087719	0.0	0.0	3	0.9911829132213359	3.0521846961964307	138.0	32	1.05	0.95				
	308	1	75.6814299	15.490351149122805	0.0	0.0	3	1.0013747866626603	4.990292142125672	138.0	32	1.05	0.95				
	309	1	77.45175574561402	15.932932610526315	0.0	0.0	3	1.0243073214639127	9.598994858341342	138.0	33	1.05	0.95				
	310	1	86.3033849736842	17.70325845614035	0.0	0.0	3	1.05	9.321682796715065	138.0	33	1.05	0.95				
	311	1	0.0	0.0	0.0	0.0	3	1.0041408858521967	13.518472140233664	230.0	33	1.05	0.95				
	312	1	0.0	0.0	0.0	0.0	3	1.0107794624617463	14.466732069734608	230.0	33	1.05	0.95				
	313	2	117.2840872719298	23.899398915789476	0.0	0.0	3	1.0112095861251627	19.232803525302383	230.0	34	1.05	0.95				
	314	2	85.8608035122807	17.26067699473684	0.0	0.0	3	0.9980494680422971	12.667205064875013	230.0	36	1.05	0.95				
	315	2	140.29832326491228	28.325213529824563	0.0	0.0	3	1.0152676748654457	8.199390834110257	230.0	36	1.05	0.95				
	316	2	44.258146140350874	8.851629228070175	0.0	0.0	3	1.0145589983148993	8.918662554014556	230.0	36	1.05	0.95				
	317	1	0.0	0.0	0.0	0.0	3	1.0184300226790441	8.014055879624264	230.0	37	1.05	0.95				
	318	2	147.3796266473684	30.095539375438594	0.0	0.0	3	1.016820728455938	6.935204231005423	230.0	37	1.05	0.95				
	319	1	80.10724451403507	16.37551407192982	0.0	0.0	3	1.0147608633366771	11.14150269802551	230.0	35	1.05	0.95				
	320	1	56.650427059649125	11.507117996491226	0.0	0.0	3	1.0155813046314277	12.531116278840624	230.0	35	1.05	0.95				
	321	2	0.0	0.0	0.0	0.0	3	1.0183615121173475	7.9345870915154	230.0	37	1.05	0.95				
	322	2	0.0	0.0	0.0	0.0	3	1.032054252919606	12.424286757367929	230.0	37	1.05	0.95				
	323	2	0.0	0.0	0.0	0.0	3	1.0162003519435525	13.279652560116403	230.0	35	1.05	0.95				
	324	1	0.0	0.0	0.0	0.0	3	1.0165937411868677	10.651059713415295	230.0	36	1.05	0.95				
	325	1	0.0	0.0	0.0	0.0	3	1.0194894892215265	13.186376236796617	230.0	35	1.05	0.95				
];
