%% MATPOWER Case Format : Version 2
function mpc = RTS_GMLC
mpc.version = '2';

%%-----  Power Flow Data  -----%%
%% system MVA base
mpc.baseMVA = 100.0;
%% bus data
%    bus_i    type    Pd    Qd    Gs    Bs    area    Vm    Va    baseKV    zone    Vmax    Vmin
mpc.bus = [
	101	2	37.554181097684214	7.649925779157894	0.0	0.0	1	1.0338320221745612	3.6444309486410043	138.0	11	1.05	0.95				
	102	2	33.72921820810526	6.954477981052632	0.0	0.0	1	1.032912219873103	3.381149796761481	138.0	12	1.05	0.95				
	103	1	62.59030182947368	12.865784264947369	0.0	0.0	1	1.03187419366549	2.026563753493092	138.0	11	1.05	0.95				
	104	1	25.731568529894737	5.215858485789473	0.0	0.0	1	1.0225648149639759	0.19382526227486754	138.0	11	1.05	0.95				
	105	1	24.68839683273684	4.868134586736842	0.0	0.0	1	1.036981207897014	0.4279265861643507	138.0	11	1.05	0.95				
	106	1	47.290450271157894	9.736269173473683	0.0	-100.0	1	1.0475453001277406	-1.783226668638604	138.0	12	1.05	0.95				
	107	2	43.465487381578946	8.693097476315788	0.0	0.0	1	1.000638302369984	-7.749386800859026	138.0	12	1.05	0.95				
	108	1	59.460786737999996	12.170336466842103	0.0	0.0	1	1.0067134019730797	-6.118879104793919	138.0	12	1.05	0.95				
	109	1	60.85168233421052	12.518060365894737	0.0	0.0	1	1.0244355797859588	-1.0020087588531574	138.0	13	1.05	0.95				
	110	1	67.80616031526316	13.908955962105264	0.0	0.0	1	1.05	-1.7373733280525894	138.0	13	1.05	0.95				
	111	1	0.0	0.0	0.0	0.0	1	1.0012601422931022	0.4367191546532289	230.0	13	1.05	0.95				
	112	1	0.0	0.0	0.0	0.0	1	1.006099917145177	0.042104733519497575	230.0	13	1.05	0.95				
	113	3	92.14683324894736	18.777090548842107	0.0	0.0	1	0.9897768300317615	-1.0160104226033618e-25	230.0	14	1.05	0.95				
	114	2	67.45843641621052	13.56123206305263	0.0	0.0	1	0.9984330669478947	2.7626607630818967	230.0	16	1.05	0.95				
	115	2	110.22847599968419	22.25432953936842	0.0	0.0	1	1.0387264799476037	9.020938001592127	230.0	16	1.05	0.95				
	116	2	34.772389905263154	6.954477981052632	0.0	0.0	1	1.033901270475452	7.971403413321205	230.0	16	1.05	0.95				
	117	1	0.0	0.0	0.0	0.0	1	1.0408653398762917	11.828704615315015	230.0	17	1.05	0.95				
	118	2	115.79205838452631	23.645225135578947	0.0	0.0	1	1.046993756679475	12.113170594862714	230.0	17	1.05	0.95				
	119	1	62.93802572852631	12.865784264947369	0.0	0.0	1	1.0229323740302092	5.574054077760753	230.0	15	1.05	0.95				
	120	1	44.50865907873684	9.040821375368422	0.0	0.0	1	1.016558890126641	4.14448650123705	230.0	15	1.05	0.95				
	121	2	0.0	0.0	0.0	0.0	1	1.05	13.194634510744356	230.0	17	1.05	0.95				
	122	2	0.0	0.0	0.0	0.0	1	1.05	25.246925052210603	230.0	17	1.05	0.95				
	123	2	0.0	0.0	0.0	0.0	1	1.0133006447383397	3.627728130224273	230.0	15	1.05	0.95				
	124	1	0.0	0.0	0.0	0.0	1	1.0269770321358243	6.3966159410041366	230.0	16	1.05	0.95				
	201	2	38.57264283789474	7.857390207719299	0.0	0.0	2	1.0137834541061939	-11.734756868283814	138.0	21	1.05	0.95				
	202	2	34.64394773403509	7.1430820070175445	0.0	0.0	2	1.0128973251961346	-12.0099635165699	138.0	22	1.05	0.95				
	203	1	64.28773806315789	13.214701712982455	0.0	0.0	2	1.0153497109302358	-8.235025356578149	138.0	21	1.05	0.95				
	204	1	26.42940342596491	5.357311505263158	0.0	0.0	2	1.0128713648783036	-11.76277421659768	138.0	21	1.05	0.95				
	205	1	25.35794112491228	5.000157404912281	0.0	0.0	2	1.0276779195334382	-12.1472685993238	138.0	21	1.05	0.95				
	206	1	48.5729576477193	10.000314809824562	0.0	-100.0	2	1.043693516402905	-12.847990806136892	138.0	22	1.05	0.95				
	207	2	44.64426254385965	8.92885250877193	0.0	0.0	2	0.9963508366156528	-17.048329307153143	138.0	22	1.05	0.95				
	208	1	61.07335116	12.5003935122807	0.0	0.0	2	1.0035623614542535	-15.482665263379422	138.0	22	1.05	0.95				
	209	1	62.501967561403504	12.857547612631578	0.0	0.0	2	1.0225817617131976	-10.074035495194336	138.0	23	1.05	0.95				
	210	1	69.64504956842104	14.286164014035089	0.0	0.0	2	1.05	-11.407589390738433	138.0	23	1.05	0.95				
	211	1	0.0	0.0	0.0	0.0	2	1.0031884548785803	-7.390600704164266	230.0	23	1.05	0.95				
	212	1	0.0	0.0	0.0	0.0	2	1.0064004116884364	-6.688394210336083	230.0	23	1.05	0.95				
	213	2	94.64583659298246	19.28632141894737	0.0	0.0	2	0.9976996395990791	-6.098707869109141	230.0	24	1.05	0.95				
	214	2	69.28789546807018	13.929009913684212	0.0	0.0	2	1.0022185985137069	-5.030906355424484	230.0	26	1.05	0.95				
	215	2	113.21784981122806	22.85786242245614	0.0	0.0	2	1.0177603806399045	0.5898688281689354	230.0	26	1.05	0.95				
	216	2	35.71541003508772	7.1430820070175445	0.0	0.0	2	1.0192704144649758	0.46595197050848247	230.0	26	1.05	0.95				
	217	1	0.0	0.0	0.0	0.0	2	1.0237210239659098	1.9503091135871065	230.0	27	1.05	0.95				
	218	2	118.9323154168421	24.28647882385965	0.0	0.0	2	1.0231102905177447	1.5597396668094377	230.0	27	1.05	0.95				
	219	1	64.64489216350877	13.214701712982455	0.0	0.0	2	1.020627342570736	0.38056615712151237	230.0	25	1.05	0.95				
	220	1	45.71572484491228	9.286006609122808	0.0	0.0	2	1.023855546624254	1.013196825134372	230.0	25	1.05	0.95				
	221	2	0.0	0.0	0.0	0.0	2	1.0249313316403734	2.0402242455940165	230.0	27	1.05	0.95				
	222	2	0.0	0.0	0.0	0.0	2	1.0468691839656594	8.534544484477589	230.0	27	1.05	0.95				
	223	2	0.0	0.0	0.0	0.0	2	1.0260124197243619	1.6364194628232889	230.0	25	1.05	0.95				
	224	1	0.0	0.0	0.0	0.0	2	1.0059773957907987	-2.7408014822643465	230.0	26	1.05	0.95				
	301	2	45.04840241684211	9.176526418245615	0.0	0.0	3	1.0071096545627292	-15.07511829531597	138.0	31	1.05	0.95				
	302	2	40.4601392077193	8.34229674385965	0.0	0.0	3	1.0070218141336504	-15.180695471731791	138.0	32	1.05	0.95				
	303	1	75.08067069473685	15.433248976140352	0.0	0.0	3	1.0231536300437316	-10.019190929014346	138.0	31	1.05	0.95				
	304	1	30.866497952280703	6.2567225578947365	0.0	0.0	3	1.010297552618622	-13.798557596184892	138.0	31	1.05	0.95				
	305	1	29.615153440701754	5.839607720701755	0.0	0.0	3	1.023146667616492	-14.487890822448122	138.0	31	1.05	0.95				
	306	1	56.727617858245615	11.67921544140351	0.0	-100.0	3	1.0405330100199464	-14.663501165823131	138.0	32	1.05	0.95				
	307	2	52.13935464912281	10.427870929824563	0.0	0.0	3	0.9921966852953427	-19.186535286265602	138.0	32	1.05	0.95				
	308	1	71.32663716	14.599019301754385	0.0	0.0	3	0.9994919663309321	-17.32397983244791	138.0	32	1.05	0.95				
	309	1	72.99509650877194	15.016134138947368	0.0	0.0	3	1.0259084445604276	-10.95815520323286	138.0	33	1.05	0.95				
	310	1	81.33739325263159	16.6845934877193	0.0	0.0	3	1.05	-12.557749401799464	138.0	33	1.05	0.95				
	311	1	0.0	0.0	0.0	0.0	3	1.0079203869296103	-6.89707815642673	230.0	33	1.05	0.95				
	312	1	0.0	0.0	0.0	0.0	3	1.0110824775152856	-6.494678289387787	230.0	33	1.05	0.95				
	313	2	110.53543185614035	22.524201208421054	0.0	0.0	3	1.010666980896789	-3.4650113175816175	230.0	34	1.05	0.95				
	314	2	80.9202784154386	16.267478650526318	0.0	0.0	3	1.0086643818533152	-4.943229898460627	230.0	36	1.05	0.95				
	315	2	132.22540339017544	26.69534958035088	0.0	0.0	3	1.036725443362274	-0.26828032706252375	230.0	36	1.05	0.95				
	316	2	41.71148371929825	8.34229674385965	0.0	0.0	3	1.0361274055177185	0.25464393983357175	230.0	36	1.05	0.95				
	317	1	0.0	0.0	0.0	0.0	3	1.045964519315068	4.588932867225353	230.0	37	1.05	0.95				
	318	2	138.89924078526317	28.363808929122808	0.0	0.0	3	1.0424184424923806	2.895449199004363	230.0	37	1.05	0.95				
	319	1	75.49778553192982	15.433248976140352	0.0	0.0	3	1.0306154262438947	-0.6700173215413578	230.0	35	1.05	0.95				
	320	1	53.39069916070176	10.844985767017546	0.0	0.0	3	1.0286311957201562	-0.670071277295259	230.0	35	1.05	0.95				
	321	2	0.0	0.0	0.0	0.0	3	1.0422286629695154	2.4413148210751814	230.0	37	1.05	0.95				
	322	2	0.0	0.0	0.0	0.0	3	1.05	7.614816564940737	230.0	37	1.05	0.95				
	323	2	0.0	0.0	0.0	0.0	3	1.028033169879651	-0.3489295175614309	230.0	35	1.05	0.95				
	324	1	0.0	0.0	0.0	0.0	3	1.019496319265838	-3.9081348122769564	230.0	36	1.05	0.95				
	325	1	0.0	0.0	0.0	0.0	3	1.0261580096693843	0.7987443419927458	230.0	35	1.05	0.95				
];
