%% MATPOWER Case Format : Version 2
function mpc = RTS_GMLC
mpc.version = '2';

%%-----  Power Flow Data  -----%%
%% system MVA base
mpc.baseMVA = 100.0;
%% bus data
%    bus_i    type    Pd    Qd    Gs    Bs    area    Vm    Va    baseKV    zone    Vmax    Vmin
mpc.bus = [
	101	2	45.27610093894737	9.222909450526316	0.0	0.0	1	1.011761278739341	-4.570332535367549	138.0	11	1.05	0.95				
	102	2	40.66464621368421	8.384463136842106	0.0	0.0	1	1.0117160732814736	-4.7930010689435	138.0	12	1.05	0.95				
	103	1	75.46016823157895	15.511256803157893	0.0	0.0	1	0.9984832347493524	0.23608862901304065	138.0	11	1.05	0.95				
	104	1	31.022513606315787	6.288347352631579	0.0	0.0	1	1.0018432967965198	-4.610660025078826	138.0	11	1.05	0.95				
	105	1	29.76484413578947	5.869124195789474	0.0	0.0	1	1.0159353867734886	-5.687190013737904	138.0	11	1.05	0.95				
	106	1	57.014349330526315	11.738248391578948	0.0	-100.0	1	1.0260334570915315	-6.815396523639598	138.0	12	1.05	0.95				
	107	2	52.402894605263164	10.480578921052631	0.0	0.0	1	0.9857686383114997	-10.280663355198149	138.0	12	1.05	0.95				
	108	1	71.68715982	14.672810489473683	0.0	0.0	1	0.9869718270530259	-9.196579313918715	138.0	12	1.05	0.95				
	109	1	73.36405244736842	15.09203364631579	0.0	0.0	1	1.001583133721617	-3.550115198434957	138.0	13	1.05	0.95				
	110	1	81.74851558421052	16.76892627368421	0.0	0.0	1	1.030141492888277	-5.4334327861020455	138.0	13	1.05	0.95				
	111	1	0.0	0.0	0.0	0.0	1	0.9826633204314119	-0.7000209908112855	230.0	13	1.05	0.95				
	112	1	0.0	0.0	0.0	0.0	1	0.9830434482353384	-1.5242658317842286	230.0	13	1.05	0.95				
	113	3	111.0941365631579	22.638050469473686	0.0	0.0	1	0.9653231285842124	2.997348174560384e-31	230.0	14	1.05	0.95				
	114	2	81.32929242736842	16.349703116842107	0.0	0.0	1	0.9933193764941143	2.604919771000054	230.0	16	1.05	0.95				
	115	2	132.89374071894738	26.830282037894737	0.0	0.0	1	0.9901138337673185	11.789204149459856	230.0	16	1.05	0.95				
	116	2	41.922315684210524	8.384463136842106	0.0	0.0	1	0.9890978554586239	10.205324894918329	230.0	16	1.05	0.95				
	117	1	0.0	0.0	0.0	0.0	1	0.9906758785917339	16.14217690779663	230.0	17	1.05	0.95				
	118	2	139.60131122842105	28.507174665263157	0.0	0.0	1	0.9998916489326894	16.644319325230907	230.0	17	1.05	0.95				
	119	1	75.87939138842106	15.511256803157893	0.0	0.0	1	0.9889099736490315	6.393271653153378	230.0	15	1.05	0.95				
	120	1	53.66056407578947	10.899802077894737	0.0	0.0	1	0.9944111065400956	3.723137448158753	230.0	15	1.05	0.95				
	121	2	0.0	0.0	0.0	0.0	1	1.0005021857718615	18.027879969512917	230.0	17	1.05	0.95				
	122	2	0.0	0.0	0.0	0.0	1	1.0045133253160718	36.49381295894784	230.0	17	1.05	0.95				
	123	2	0.0	0.0	0.0	0.0	1	0.9985423276442807	2.607032572881169	230.0	15	1.05	0.95				
	124	1	0.0	0.0	0.0	0.0	1	0.9794718433359945	7.38160516409354	230.0	16	1.05	0.95				
	201	2	41.615614686315794	8.477254843508772	0.0	0.0	2	1.0113445305765048	-10.538173821548419	138.0	21	1.05	0.95				
	202	2	37.3769872645614	7.706595312280702	0.0	0.0	2	1.0102208550911527	-10.718057312089998	138.0	22	1.05	0.95				
	203	1	69.35935781052632	14.257201327719299	0.0	0.0	2	0.9980370042061883	-8.073160013716468	138.0	21	1.05	0.95				
	204	1	28.514402655438598	5.779946484210527	0.0	0.0	2	1.0021670336319162	-9.875969930739227	138.0	21	1.05	0.95				
	205	1	27.35841335859649	5.394616718596492	0.0	0.0	2	1.0182862833471176	-10.20402070993638	138.0	21	1.05	0.95				
	206	1	52.40484812350877	10.789233437192983	0.0	-100.0	2	1.0303193838835731	-10.50985258470378	138.0	22	1.05	0.95				
	207	2	48.16622070175438	9.633244140350877	0.0	0.0	2	0.9717970859654997	-15.08288664640156	138.0	22	1.05	0.95				
	208	1	65.89138992	13.486541796491228	0.0	0.0	2	0.9814363568851648	-13.336756315263724	138.0	22	1.05	0.95				
	209	1	67.43270898245615	13.871871562105262	0.0	0.0	2	1.0069445086883073	-7.540777221845408	138.0	23	1.05	0.95				
	210	1	75.13930429473685	15.413190624561404	0.0	0.0	2	1.0346538571799802	-8.594120122277262	138.0	23	1.05	0.95				
	211	1	0.0	0.0	0.0	0.0	2	0.9867620176499154	-5.175401406429595	230.0	23	1.05	0.95				
	212	1	0.0	0.0	0.0	0.0	2	0.9893051296289576	-1.133281861911813	230.0	23	1.05	0.95				
	213	2	102.11238788771931	20.807807343157897	0.0	0.0	2	0.9827372308715175	-2.8847195139166733	230.0	24	1.05	0.95				
	214	2	74.7539745291228	15.02786085894737	0.0	0.0	2	0.9818205976319265	-4.135617824638266	230.0	26	1.05	0.95				
	215	2	122.14953569964912	24.661104999298246	0.0	0.0	2	0.9915473750693775	0.15005904369223036	230.0	26	1.05	0.95				
	216	2	38.53297656140351	7.706595312280702	0.0	0.0	2	0.9895482290138204	-0.1383444650783376	230.0	26	1.05	0.95				
	217	1	0.0	0.0	0.0	0.0	2	0.9998341040307341	0.9218376745403863	230.0	27	1.05	0.95				
	218	2	128.3148119494737	26.202424061754385	0.0	0.0	2	1.0005502606350565	0.46366896538576513	230.0	27	1.05	0.95				
	219	1	69.74468757614035	14.257201327719299	0.0	0.0	2	0.984041603012897	0.5932171046338793	230.0	25	1.05	0.95				
	220	1	49.32220999859649	10.018573905964914	0.0	0.0	2	0.9821408595974133	2.053620833758912	230.0	25	1.05	0.95				
	221	2	0.0	0.0	0.0	0.0	2	1.0027661911288905	0.9990108421508296	230.0	27	1.05	0.95				
	222	2	0.0	0.0	0.0	0.0	2	1.0205017537665417	6.251873328859948	230.0	27	1.05	0.95				
	223	2	0.0	0.0	0.0	0.0	2	0.9820973910422953	3.1845500695157836	230.0	25	1.05	0.95				
	224	1	0.0	0.0	0.0	0.0	2	0.9840153525853257	-2.9835436620042417	230.0	26	1.05	0.95				
	301	2	56.101233789473696	11.428029105263157	0.0	0.0	3	1.0041750710326924	28.462608324819367	138.0	31	1.05	0.95				
	302	2	50.38721923684211	10.389117368421052	0.0	0.0	3	1.0049659090345386	28.067137575108635	138.0	32	1.05	0.95				
	303	1	93.50205631578947	19.219867131578948	0.0	0.0	3	1.0138719776751126	44.398962341443315	138.0	31	1.05	0.95				
	304	1	38.439734263157895	7.791838026315789	0.0	0.0	3	0.9940766724351036	29.623061216175863	138.0	31	1.05	0.95				
	305	1	36.88136665789473	7.272382157894737	0.0	0.0	3	1.0129140552629632	27.411813166216415	138.0	31	1.05	0.95				
	306	1	70.64599810526316	14.544764315789473	0.0	-100.0	3	1.0250793083494762	26.205653079967192	138.0	32	1.05	0.95				
	307	2	64.93198355263158	12.986396710526316	0.0	0.0	3	0.9664976776142177	22.530282286210774	138.0	32	1.05	0.95				
	308	1	88.82695349999999	18.18095539473684	0.0	0.0	3	0.9759343973691624	24.970830592524717	138.0	32	1.05	0.95				
	309	1	90.9047769736842	18.700411263157893	0.0	0.0	3	1.0027200175432691	33.12645278899099	138.0	33	1.05	0.95				
	310	1	101.29389434210525	20.778234736842105	0.0	0.0	3	1.0347622921378479	28.067360967132764	138.0	33	1.05	0.95				
	311	1	0.0	0.0	0.0	0.0	3	0.9939643694134227	31.77338064278931	230.0	33	1.05	0.95				
	312	1	0.0	0.0	0.0	0.0	3	1.0011657065049804	31.969982947362613	230.0	33	1.05	0.95				
	313	2	137.65580513157894	28.050616894736848	0.0	0.0	3	1.001596479672623	33.87340591403046	230.0	34	1.05	0.95				
	314	2	100.77443847368421	20.258778868421054	0.0	0.0	3	0.9849071591579012	31.189823409455162	230.0	36	1.05	0.95				
	315	2	164.66751028947368	33.24517557894737	0.0	0.0	3	0.9881851631647128	29.19141539580603	230.0	36	1.05	0.95				
	316	2	51.945586842105264	10.389117368421052	0.0	0.0	3	0.9800972699091272	29.266386509081805	230.0	36	1.05	0.95				
	317	1	0.0	0.0	0.0	0.0	3	0.9941425169956799	29.887899934543054	230.0	37	1.05	0.95				
	318	2	172.97880418421053	35.32299905263158	0.0	0.0	3	0.9906872536924609	26.770702483227012	230.0	37	1.05	0.95				
	319	1	94.02151218421054	19.219867131578948	0.0	0.0	3	0.9888916784043014	29.365457011734865	230.0	35	1.05	0.95				
	320	1	66.49035115789474	13.50585257894737	0.0	0.0	3	0.9974712310048008	29.05776644670079	230.0	35	1.05	0.95				
	321	2	0.0	0.0	0.0	0.0	3	0.998153704621866	28.061160465801592	230.0	37	1.05	0.95				
	322	2	0.0	0.0	0.0	0.0	3	1.0149442447760226	31.969664629848403	230.0	37	1.05	0.95				
	323	2	0.0	0.0	0.0	0.0	3	1.0021958693609794	28.863622515490782	230.0	35	1.05	0.95				
	324	1	0.0	0.0	0.0	0.0	3	0.9946312153477888	36.5156151602871	230.0	36	1.05	0.95				
