%% MATPOWER Case Format : Version 2
function mpc = RTS_GMLC
mpc.version = '2';

%%-----  Power Flow Data  -----%%
%% system MVA base
mpc.baseMVA = 100.0;
%% bus data
%    bus_i    type    Pd    Qd    Gs    Bs    area    Vm    Va    baseKV    zone    Vmax    Vmin
mpc.bus = [
	101	2	73.2380010063158	14.918852056842105	0.0	0.0	1	1.032923314477989	-0.031802864697269013	138.0	11	1.05	0.95				
	102	2	65.77857497789473	13.56259277894737	0.0	0.0	1	1.0329113630491435	-0.09156883424959522	138.0	12	1.05	0.95				
	103	1	122.06333501052633	25.09079664105263	0.0	0.0	1	1.0224883124738946	-0.6915238430324818	138.0	11	1.05	0.95				
	104	1	50.18159328210526	10.171944584210527	0.0	0.0	1	1.0173509450747495	-3.136826149758862	138.0	11	1.05	0.95				
	105	1	48.14720436526316	9.493814945263159	0.0	0.0	1	1.0323262713097772	-3.145662700190189	138.0	11	1.05	0.95				
	106	1	92.22563089684212	18.987629890526318	0.0	-100.0	1	1.0382614435941488	-5.509634691339282	138.0	12	1.05	0.95				
	107	2	84.76620486842106	16.95324097368421	0.0	0.0	1	1.04607660818456	-1.4424558429511722	138.0	12	1.05	0.95				
	108	1	115.96016825999999	23.73453736315789	0.0	0.0	1	1.025220831231327	-4.417925625273946	138.0	12	1.05	0.95				
	109	1	118.67268681578949	24.412667002105263	0.0	0.0	1	1.0262595365854181	-2.8847405596390914	138.0	13	1.05	0.95				
	110	1	132.23527959473685	27.12518555789474	0.0	0.0	1	1.05	-4.162940000972996	138.0	13	1.05	0.95				
	111	1	0.0	0.0	0.0	0.0	1	1.011791714268891	-0.5615893814520617	230.0	13	1.05	0.95				
	112	1	0.0	0.0	0.0	0.0	1	1.0144630191019963	0.02191277468612011	230.0	13	1.05	0.95				
	113	3	179.70435432105262	36.6190005031579	0.0	0.0	1	1.0089839263320677	1.144317486694659e-30	230.0	14	1.05	0.95				
	114	2	131.55714995578947	26.44705591894737	0.0	0.0	1	1.0141444520116105	1.9734807996119987	230.0	16	1.05	0.95				
	115	2	214.9670955463158	43.40029689263158	0.0	0.0	1	1.045039756300704	10.181051105704624	230.0	16	1.05	0.95				
	116	2	67.81296389473684	13.56259277894737	0.0	0.0	1	1.0428343183796323	9.601385807935213	230.0	16	1.05	0.95				
	117	1	0.0	0.0	0.0	0.0	1	1.046374829323665	13.14810669902459	230.0	17	1.05	0.95				
	118	2	225.8171697694737	46.11281544842106	0.0	0.0	1	1.0497383858119165	13.666551908364418	230.0	17	1.05	0.95				
	119	1	122.74146464947368	25.09079664105263	0.0	0.0	1	1.0361413185850372	7.95611474933558	230.0	15	1.05	0.95				
	120	1	86.80059378526316	17.63137061263158	0.0	0.0	1	1.0364184807249832	7.8078606575813705	230.0	15	1.05	0.95				
	121	2	0.0	0.0	0.0	0.0	1	1.05	14.125962111194344	230.0	17	1.05	0.95				
	122	2	0.0	0.0	0.0	0.0	1	1.05	23.658340789331266	230.0	17	1.05	0.95				
	123	2	0.0	0.0	0.0	0.0	1	1.038241827887307	8.231664512247384	230.0	15	1.05	0.95				
	124	1	0.0	0.0	0.0	0.0	1	1.022982549735066	6.155242959913996	230.0	16	1.05	0.95				
	201	2	69.0363607831579	14.062962381754387	0.0	0.0	2	1.0332340815062908	-8.747965029533546	138.0	21	1.05	0.95				
	202	2	62.0048795922807	12.784511256140352	0.0	0.0	2	1.0333019654147682	-8.84273287100603	138.0	22	1.05	0.95				
	203	1	115.06060130526316	23.65134582385965	0.0	0.0	2	1.027817882719694	-5.9151283067342275	138.0	21	1.05	0.95				
	204	1	47.3026916477193	9.588383442105265	0.0	0.0	2	1.0179386167382798	-10.900203789451053	138.0	21	1.05	0.95				
	205	1	45.385014959298246	8.949157879298248	0.0	0.0	2	1.0333343239298811	-11.274704867351609	138.0	21	1.05	0.95				
	206	1	86.9346765417544	17.898315758596496	0.0	-100.0	2	1.0398625963704984	-13.297343548535846	138.0	22	1.05	0.95				
	207	2	79.9031953508772	15.980639070175439	0.0	0.0	2	0.9842955529382893	-22.87564070845668	138.0	22	1.05	0.95				
	208	1	109.30757124000002	22.372894698245613	0.0	0.0	2	0.9845676470908982	-19.776367178828462	138.0	22	1.05	0.95				
	209	1	111.86447349122808	23.012120261052633	0.0	0.0	2	1.0251001695214104	-9.99153352689853	138.0	23	1.05	0.95				
	210	1	124.64898474736843	25.569022512280704	0.0	0.0	2	1.05	-11.818924733847773	138.0	23	1.05	0.95				
	211	1	0.0	0.0	0.0	0.0	2	1.0182353902353816	-6.27516959091002	230.0	23	1.05	0.95				
	212	1	0.0	0.0	0.0	0.0	2	1.0167310491680128	-5.419968743456972	230.0	23	1.05	0.95				
	213	2	169.39477414385965	34.51818039157895	0.0	0.0	2	1.0203556815740198	-4.424434673522925	230.0	24	1.05	0.95				
	214	2	124.0097591845614	24.929796949473687	0.0	0.0	2	1.029063261325969	-3.2997580646376456	230.0	26	1.05	0.95				
	215	2	202.63450340982456	40.910436019649126	0.0	0.0	2	1.0432976566508667	4.974307257122328	230.0	26	1.05	0.95				
	216	2	63.922556280701755	12.784511256140352	0.0	0.0	2	1.0454229623908557	4.776023326227791	230.0	26	1.05	0.95				
	217	1	0.0	0.0	0.0	0.0	2	1.0476523031263196	8.246439192893641	230.0	27	1.05	0.95				
	218	2	212.86211241473688	43.4673382708772	0.0	0.0	2	1.04999986402587	9.169171035320483	230.0	27	1.05	0.95				
	219	1	115.69982686807019	23.65134582385965	0.0	0.0	2	1.043214438922219	3.877833058766583	230.0	25	1.05	0.95				
	220	1	81.82087203929825	16.61986463298246	0.0	0.0	2	1.046575103176433	4.296370399344362	230.0	25	1.05	0.95				
	221	2	0.0	0.0	0.0	0.0	2	1.05	9.485150775718628	230.0	27	1.05	0.95				
	222	2	0.0	0.0	0.0	0.0	2	1.05	15.510804616173745	230.0	27	1.05	0.95				
	223	2	0.0	0.0	0.0	0.0	2	1.05	4.991594448458585	230.0	25	1.05	0.95				
	224	1	0.0	0.0	0.0	0.0	2	1.0238817014957855	0.9143202955390085	230.0	26	1.05	0.95				
	301	2	55.7766529768421	11.361910791578946	0.0	0.0	3	1.0097572357679423	-18.34837276629985	138.0	31	1.05	0.95				
	302	2	50.095697581052626	10.329009810526316	0.0	0.0	3	1.008909827115752	-18.54298939882312	138.0	32	1.05	0.95				
	303	1	92.96108829473684	19.108668149473683	0.0	0.0	3	1.033608752825211	-9.768708447981918	138.0	31	1.05	0.95				
	304	1	38.217336298947366	7.746757357894736	0.0	0.0	3	1.0094794480193792	-16.971533911742487	138.0	31	1.05	0.95				
	305	1	36.667984827368414	7.230306867368422	0.0	0.0	3	1.0231382981390553	-18.032243361207822	138.0	31	1.05	0.95				
	306	1	70.23726671157895	14.460613734736844	0.0	-100.0	3	1.0381042574630082	-18.448558002393124	138.0	32	1.05	0.95				
	307	2	64.55631131578947	12.911262263157894	0.0	0.0	3	0.9919192931971901	-24.250124565998316	138.0	32	1.05	0.95				
	308	1	88.31303387999999	18.07576716842105	0.0	0.0	3	0.995239128364088	-21.84351816971388	138.0	32	1.05	0.95				
	309	1	90.37883584210526	18.592217658947366	0.0	0.0	3	1.0270013877345747	-13.57744841525995	138.0	33	1.05	0.95				
	310	1	100.70784565263158	20.65801962105263	0.0	0.0	3	1.05	-16.056281792295383	138.0	33	1.05	0.95				
	311	1	0.0	0.0	0.0	0.0	3	1.014281744811884	-9.484575154428153	230.0	33	1.05	0.95				
	312	1	0.0	0.0	0.0	0.0	3	1.0147684303001185	-9.085283579219585	230.0	33	1.05	0.95				
	313	2	136.85937998947367	27.88832648842105	0.0	0.0	3	1.017260640003833	-6.120610345887877	230.0	34	1.05	0.95				
	314	2	100.19139516210525	20.141569130526314	0.0	0.0	3	1.0226093910632077	-7.076216172160422	230.0	36	1.05	0.95				
	315	2	163.7148054968421	33.05283139368421	0.0	0.0	3	1.0457052702037712	-0.8666686170216591	230.0	36	1.05	0.95				
	316	2	51.64504905263158	10.329009810526316	0.0	0.0	3	1.0448778058049726	-0.5978407924316217	230.0	36	1.05	0.95				
	317	1	0.0	0.0	0.0	0.0	3	1.0487165868749782	1.8261091342290046	230.0	37	1.05	0.95				
	318	2	171.97801334526315	35.11863335578948	0.0	0.0	3	1.0482681347755591	1.7574698194101408	230.0	37	1.05	0.95				
	319	1	93.47753878526316	19.108668149473683	0.0	0.0	3	1.0394868438982956	-1.9546222699386728	230.0	35	1.05	0.95				
	320	1	66.10566278736842	13.42771275368421	0.0	0.0	3	1.038868321180665	-2.1596363352967125	230.0	35	1.05	0.95				
	321	2	0.0	0.0	0.0	0.0	3	1.05	2.45675041873212	230.0	37	1.05	0.95				
	322	2	0.0	0.0	0.0	0.0	3	1.05	7.201227784849451	230.0	37	1.05	0.95				
	323	2	0.0	0.0	0.0	0.0	3	1.0394223949546124	-1.8861214910681618	230.0	35	1.05	0.95				
	324	1	0.0	0.0	0.0	0.0	3	1.0299062350403476	-4.193204655243493	230.0	36	1.05	0.95				
	325	1	0.0	0.0	0.0	0.0	3	1.0352902197636293	-0.5574931191571127	230.0	35	1.05	0.95				
];
