%% MATPOWER Case Format : Version 2
function mpc = RTS_GMLC
mpc.version = '2';

%%-----  Power Flow Data  -----%%
%% system MVA base
mpc.baseMVA = 100.0;
%% bus data
%    bus_i    type    Pd    Qd    Gs    Bs    area    Vm    Va    baseKV    zone    Vmax    Vmin
mpc.bus = [
	101	2	65.42256308210527	13.326818405614036	0.0	0.0	1	1.05	2.741523751054673	138.0	11	1.05	0.95				
	102	2	58.75915387929824	12.115289459649125	0.0	0.0	1	1.0489888414631785	2.328081253315745	138.0	12	1.05	0.95				
	103	1	109.0376051368421	22.413285500350877	0.0	0.0	1	1.033070359051527	1.5075240685112712	138.0	11	1.05	0.95				
	104	1	44.826571000701755	9.086467094736843	0.0	0.0	1	1.0277447457999571	-1.416641657263804	138.0	11	1.05	0.95				
	105	1	43.00927758175438	8.480702621754386	0.0	0.0	1	1.040647325425866	-1.8267513213427455	138.0	11	1.05	0.95				
	106	1	82.38396832561405	16.96140524350877	0.0	-100.0	1	1.043136739713494	-5.037318484600735	138.0	12	1.05	0.95				
	107	2	75.72055912280702	15.144111824561405	0.0	0.0	1	0.9986489110663072	-13.231045178575195	138.0	12	1.05	0.95				
	108	1	103.58572488	21.201756554385966	0.0	0.0	1	0.9962188565644563	-11.176921511045746	138.0	12	1.05	0.95				
	109	1	106.00878277192982	21.80752102736842	0.0	0.0	1	1.025183189428901	-3.2167768928359095	138.0	13	1.05	0.95				
	110	1	118.12407223157895	24.23057891929825	0.0	0.0	1	1.05	-4.641463957281189	138.0	13	1.05	0.95				
	111	1	0.0	0.0	0.0	0.0	1	1.0118487949852866	-0.8978455042614657	230.0	13	1.05	0.95				
	112	1	0.0	0.0	0.0	0.0	1	1.01419641756628	-1.1740175074329082	230.0	13	1.05	0.95				
	113	3	160.52758534035087	32.711281541052635	0.0	0.0	1	1.0085619402343073	-8.347808167346437e-31	230.0	14	1.05	0.95				
	114	2	117.51830775859648	23.624814446315792	0.0	0.0	1	1.0153240005890312	1.4080929386055745	230.0	16	1.05	0.95				
	115	2	192.0273379354386	38.768926270877195	0.0	0.0	1	1.0417667543355589	9.956267779402792	230.0	16	1.05	0.95				
	116	2	60.57644729824562	12.115289459649125	0.0	0.0	1	1.0380212112537868	8.32487104237764	230.0	16	1.05	0.95				
	117	1	0.0	0.0	0.0	0.0	1	1.0442063830898003	12.96110657212798	230.0	17	1.05	0.95				
	118	2	201.7195695031579	41.191984162807024	0.0	0.0	1	1.049375285680018	14.250608152623013	230.0	17	1.05	0.95				
	119	1	109.64336960982457	22.413285500350877	0.0	0.0	1	1.0287520080139927	5.436585887971904	230.0	15	1.05	0.95				
	120	1	77.53785254175439	15.74987629754386	0.0	0.0	1	1.026241089678652	3.523604038679851	230.0	15	1.05	0.95				
	121	2	0.0	0.0	0.0	0.0	1	1.05	16.333458058481952	230.0	17	1.05	0.95				
	122	2	0.0	0.0	0.0	0.0	1	1.05	21.939171256235845	230.0	17	1.05	0.95				
	123	2	0.0	0.0	0.0	0.0	1	1.026382854527733	2.9305951045226295	230.0	15	1.05	0.95				
	124	1	0.0	0.0	0.0	0.0	1	1.0277869134168196	6.788911015991633	230.0	16	1.05	0.95				
	201	2	67.20037776000001	13.68896584	0.0	0.0	2	1.0189759476519595	-13.926674623035774	138.0	21	1.05	0.95				
	202	2	60.355894840000005	12.444514400000001	0.0	0.0	2	1.0191691496651825	-13.951606626434863	138.0	22	1.05	0.95				
	203	1	112.0006296	23.02235164	0.0	0.0	2	1.013119008483605	-11.26785058575098	138.0	21	1.05	0.95				
	204	1	46.04470328	9.333385799999999	0.0	0.0	2	1.011746100149168	-13.612940557471347	138.0	21	1.05	0.95				
	205	1	44.17802612	8.71116008	0.0	0.0	2	1.0264563271289633	-14.056303800948566	138.0	21	1.05	0.95				
	206	1	84.62269792000001	17.42232016	0.0	-100.0	2	1.037517232756654	-14.75130983079685	138.0	22	1.05	0.95				
	207	2	77.77821499999999	15.555643	0.0	0.0	2	0.9882809952748254	-23.109099502218587	138.0	22	1.05	0.95				
	208	1	106.40059812	21.777900199999998	0.0	0.0	2	0.9878649942811919	-20.104770463959134	138.0	22	1.05	0.95				
	209	1	108.889501	22.40012592	0.0	0.0	2	1.0255510877655192	-10.78384015140071	138.0	23	1.05	0.95				
	210	1	121.3340154	24.889028800000002	0.0	0.0	2	1.05	-12.196819602406295	138.0	23	1.05	0.95				
	211	1	0.0	0.0	0.0	0.0	2	1.0182597669433944	-7.18133422749906	230.0	23	1.05	0.95				
	212	1	0.0	0.0	0.0	0.0	2	1.0207618529843212	-1.6357087956998573	230.0	23	1.05	0.95				
	213	2	164.8898158	33.600188880000005	0.0	0.0	2	1.025900821065544	-3.856898520355396	230.0	24	1.05	0.95				
	214	2	120.71178968000001	24.26680308	0.0	0.0	2	1.0231050087568543	-5.807980701510682	230.0	26	1.05	0.95				
	215	2	197.24555324	39.82244608	0.0	0.0	2	1.0330874219691795	-0.20869288489836085	230.0	26	1.05	0.95				
	216	2	62.222572	12.444514400000001	0.0	0.0	2	1.0349932560264044	-0.015810424399782714	230.0	26	1.05	0.95				
	217	1	0.0	0.0	0.0	0.0	2	1.0358541680166238	0.8421241811843417	230.0	27	1.05	0.95				
	218	2	207.20116476	42.311348960000004	0.0	0.0	2	1.0340844694078999	0.06466528576186162	230.0	27	1.05	0.95				
	219	1	112.62285532	23.02235164	0.0	0.0	2	1.036315108232913	1.3833909291992583	230.0	25	1.05	0.95				
	220	1	79.64489216	16.17786872	0.0	0.0	2	1.0434504909459632	3.768647705621838	230.0	25	1.05	0.95				
	221	2	0.0	0.0	0.0	0.0	2	1.0362682724311207	0.7818750141863314	230.0	27	1.05	0.95				
	222	2	0.0	0.0	0.0	0.0	2	1.05	7.304331714819533	230.0	27	1.05	0.95				
	223	2	0.0	0.0	0.0	0.0	2	1.05	5.5189336557714	230.0	25	1.05	0.95				
	224	1	0.0	0.0	0.0	0.0	2	1.011915855039676	-4.313529308270871	230.0	26	1.05	0.95				
	301	2	58.031635566315785	11.821259096842104	0.0	0.0	3	0.9937357418808764	23.139105224935722	138.0	31	1.05	0.95				
	302	2	52.121006017894736	10.746599178947367	0.0	0.0	3	0.9934921780536232	23.16922914941552	138.0	32	1.05	0.95				
	303	1	96.7193926105263	19.881208481052628	0.0	0.0	3	1.014326037446171	23.758077589003577	138.0	31	1.05	0.95				
	304	1	39.762416962105256	8.059949384210526	0.0	0.0	3	1.0015134790664164	25.12255320351213	138.0	31	1.05	0.95				
	305	1	38.150427085263146	7.522619425263158	0.0	0.0	3	1.0133409917864915	25.3223091151868	138.0	31	1.05	0.95				
	306	1	73.0768744168421	15.045238850526315	0.0	-100.0	3	1.0331591151637578	25.91970525793771	138.0	32	1.05	0.95				
	307	2	67.16624486842105	13.433248973684208	0.0	0.0	3	0.9715060113501836	23.937505792023096	138.0	32	1.05	0.95				
	308	1	91.88342297999998	18.80654856315789	0.0	0.0	3	0.9939274197172406	26.20925565802849	138.0	32	1.05	0.95				
	309	1	94.03274281578946	19.34387852210526	0.0	0.0	3	1.0266427004859155	28.902803272052324	138.0	33	1.05	0.95				
	310	1	104.77934199473682	21.493198357894734	0.0	0.0	3	1.05	29.20705006401268	138.0	33	1.05	0.95				
	311	1	0.0	0.0	0.0	0.0	3	1.0133419269270334	34.423046329373804	230.0	33	1.05	0.95				
	312	1	0.0	0.0	0.0	0.0	3	1.022761877749471	35.81505911298727	230.0	33	1.05	0.95				
	313	2	142.3924391210526	29.015817783157893	0.0	0.0	3	1.0409139034799706	44.028725889273964	230.0	34	1.05	0.95				
	314	2	104.24201203578947	20.955868398947366	0.0	0.0	3	1.011690533613784	31.222210407379556	230.0	36	1.05	0.95				
	315	2	170.33359698631577	34.389117372631574	0.0	0.0	3	1.0416367426250077	22.532234983957164	230.0	36	1.05	0.95				
	316	2	53.73299589473683	10.746599178947367	0.0	0.0	3	1.0447099494431349	24.03441430678293	230.0	36	1.05	0.95				
	317	1	0.0	0.0	0.0	0.0	3	1.0491866311040363	21.74193834325117	230.0	37	1.05	0.95				
	318	2	178.93087632947368	36.53843720842105	0.0	0.0	3	1.0498625705360867	19.971006421368465	230.0	37	1.05	0.95				
	319	1	97.25672256947368	19.881208481052628	0.0	0.0	3	1.0451608984362246	27.359826475563278	230.0	35	1.05	0.95				
	320	1	68.77823474526315	13.970578932631577	0.0	0.0	3	1.048003499887302	29.694288887791874	230.0	35	1.05	0.95				
	321	2	0.0	0.0	0.0	0.0	3	1.0475491962633094	21.40471318377173	230.0	37	1.05	0.95				
	322	2	0.0	0.0	0.0	0.0	3	1.05	25.879397619675917	230.0	37	1.05	0.95				
	323	2	0.0	0.0	0.0	0.0	3	1.0490409681764965	30.438870620886618	230.0	35	1.05	0.95				
	324	1	0.0	0.0	0.0	0.0	3	1.0303983580592295	25.063808284127912	230.0	36	1.05	0.95				
	325	1	0.0	0.0	0.0	0.0	3	1.0499999927563348	29.25082999029214	230.0	35	1.05	0.95				
];

%% generator data
%    bus    Pg    Qg    Qmax    Qmin    Vg    mBase    status    Pmax    Pmin    Pc1    Pc2    Qc1min    Qc1max    Qc2min    Qc2max    ramp_agc    ramp_10    ramp_30    ramp_q    apf
