%% MATPOWER Case Format : Version 2
function mpc = RTS_GMLC
mpc.version = '2';

%%-----  Power Flow Data  -----%%
%% system MVA base
mpc.baseMVA = 100.0;
%% bus data
%    bus_i    type    Pd    Qd    Gs    Bs    area    Vm    Va    baseKV    zone    Vmax    Vmin
mpc.bus = [
	101	2	53.97328057263159	10.99455715368421	0.0	0.0	1	1.0416328590671486	0.7857093451438482	138.0	11	1.05	0.95				
	102	2	48.476001995789474	9.995051957894738	0.0	0.0	1	1.040620266664531	0.48335586915359774	138.0	12	1.05	0.95				
	103	1	89.95546762105263	18.490846122105264	0.0	0.0	1	1.0267455523894329	-1.3353847663503517	138.0	11	1.05	0.95				
	104	1	36.98169224421053	7.4962889684210525	0.0	0.0	1	1.0242226373844658	-2.72923773835468	138.0	11	1.05	0.95				
	105	1	35.48243445052632	6.996536370526317	0.0	0.0	1	1.0388319270245134	-2.6766948275143676	138.0	11	1.05	0.95				
	106	1	67.96635331368421	13.993072741052634	0.0	-100.0	1	1.0450470975447226	-5.157978435543868	138.0	12	1.05	0.95				
	107	2	62.46907473684211	12.493814947368422	0.0	0.0	1	1.000658082177784	-11.56308384293019	138.0	12	1.05	0.95				
	108	1	85.45769424000001	17.49134092631579	0.0	0.0	1	1.001717121049113	-10.003084934381052	138.0	12	1.05	0.95				
	109	1	87.45670463157896	17.991093524210527	0.0	0.0	1	1.024474725434412	-3.771454318158391	138.0	13	1.05	0.95				
	110	1	97.45175658947367	19.990103915789476	0.0	0.0	1	1.05	-4.646766411925747	138.0	13	1.05	0.95				
	111	1	0.0	0.0	0.0	0.0	1	1.0052122930483658	-1.4634844199478085	230.0	13	1.05	0.95				
	112	1	0.0	0.0	0.0	0.0	1	1.0095938777388365	-1.186244904749736	230.0	13	1.05	0.95				
	113	3	132.43443844210526	26.986640286315794	0.0	0.0	1	1.0010893423244123	-4.636819274252337e-29	230.0	14	1.05	0.95				
	114	2	96.95200399157895	19.49035131789474	0.0	0.0	1	1.0021266478404498	0.12476782001032519	230.0	16	1.05	0.95				
	115	2	158.42157353263158	31.98416626526316	0.0	0.0	1	1.0323735047864426	5.811135489387251	230.0	16	1.05	0.95				
	116	2	49.97525978947369	9.995051957894738	0.0	0.0	1	1.0293831959986797	5.362164478722365	230.0	16	1.05	0.95				
	117	1	0.0	0.0	0.0	0.0	1	1.036141137281034	8.024328579006504	230.0	17	1.05	0.95				
	118	2	166.41761509894738	33.983176656842105	0.0	0.0	1	1.0381676624569214	8.408861528536432	230.0	17	1.05	0.95				
	119	1	90.45522021894737	18.490846122105264	0.0	0.0	1	1.0225696007768834	3.8747669859490093	230.0	15	1.05	0.95				
	120	1	63.96833253052632	12.99356754526316	0.0	0.0	1	1.020488399334663	3.4430157110569057	230.0	15	1.05	0.95				
	121	2	0.0	0.0	0.0	0.0	1	1.040847116923912	9.82436097793329	230.0	17	1.05	0.95				
	122	2	0.0	0.0	0.0	0.0	1	1.05	15.841315068684386	230.0	17	1.05	0.95				
	123	2	0.0	0.0	0.0	0.0	1	1.0202069883016072	3.592988323423922	230.0	15	1.05	0.95				
	124	1	0.0	0.0	0.0	0.0	1	1.0209909044065726	3.1256738885897772	230.0	16	1.05	0.95				
	201	2	49.5205414863158	10.087517710175439	0.0	0.0	2	1.0211162258699902	-11.742786472298901	138.0	21	1.05	0.95				
	202	2	44.476782631228076	9.170470645614037	0.0	0.0	2	1.0212624849335954	-11.743281156483736	138.0	22	1.05	0.95				
	203	1	82.53423581052633	16.965370694385967	0.0	0.0	2	1.0159815760762867	-9.810421705687661	138.0	21	1.05	0.95				
	204	1	33.930741388771935	6.877852984210526	0.0	0.0	2	1.0152547300854273	-12.297920592060997	138.0	21	1.05	0.95				
	205	1	32.555170791929825	6.419329451929825	0.0	0.0	2	1.0300158467009817	-12.634271408407812	138.0	21	1.05	0.95				
	206	1	62.35920039017545	12.83865890385965	0.0	-100.0	2	1.0427415668066247	-13.604334609872023	138.0	22	1.05	0.95				
	207	2	57.31544153508773	11.463088307017545	0.0	0.0	2	0.9944305637478458	-19.76935486365514	138.0	22	1.05	0.95				
	208	1	78.40752402000001	16.048323629824562	0.0	0.0	2	0.9985304217464237	-17.66426779905346	138.0	22	1.05	0.95				
	209	1	80.24161814912281	16.506847162105267	0.0	0.0	2	1.0234943946656887	-10.86006464164664	138.0	23	1.05	0.95				
	210	1	89.41208879473686	18.340941291228074	0.0	0.0	2	1.05	-12.063670224477248	138.0	23	1.05	0.95				
	211	1	0.0	0.0	0.0	0.0	2	1.0065707108484667	-7.904887885406632	230.0	23	1.05	0.95				
	212	1	0.0	0.0	0.0	0.0	2	1.0092393489867193	-5.862131117382861	230.0	23	1.05	0.95				
	213	2	121.50873605438596	24.7602707431579	0.0	0.0	2	1.0029741138267225	-6.14599772628242	230.0	24	1.05	0.95				
	214	2	88.95356526245615	17.882417758947373	0.0	0.0	2	1.0075118825439238	-5.779347122986946	230.0	26	1.05	0.95				
	215	2	145.35195973298246	29.345506065964916	0.0	0.0	2	1.0240685985426545	0.24724790264762936	230.0	26	1.05	0.95				
	216	2	45.85235322807018	9.170470645614037	0.0	0.0	2	1.0241304615296143	0.04108389488628962	230.0	26	1.05	0.95				
	217	1	0.0	0.0	0.0	0.0	2	1.0285476050293492	1.4271705073956678	230.0	27	1.05	0.95				
	218	2	152.6883362494737	31.179600195087726	0.0	0.0	2	1.0277394000225604	0.9006326257819711	230.0	27	1.05	0.95				
	219	1	82.99275934280703	16.965370694385967	0.0	0.0	2	1.0231672857584797	0.1980366282911783	230.0	25	1.05	0.95				
	220	1	58.69101213192983	11.921611839298247	0.0	0.0	2	1.0256320634772382	1.232497123399458	230.0	25	1.05	0.95				
	221	2	0.0	0.0	0.0	0.0	2	1.02987091548569	1.4856062722331376	230.0	27	1.05	0.95				
	222	2	0.0	0.0	0.0	0.0	2	1.05	7.954456357775937	230.0	27	1.05	0.95				
	223	2	0.0	0.0	0.0	0.0	2	1.0280087482625204	2.1508437296809353	230.0	25	1.05	0.95				
	224	1	0.0	0.0	0.0	0.0	2	1.0086784968799203	-3.5280966883709035	230.0	26	1.05	0.95				
	301	2	47.320468218947376	9.639354637192984	0.0	0.0	3	1.007095259904787	-0.7327234909949131	138.0	31	1.05	0.95				
	302	2	42.50079090035088	8.76304967017544	0.0	0.0	3	1.0068522897888648	-0.9022182040171525	138.0	32	1.05	0.95				
	303	1	78.86744703157895	16.211641889824563	0.0	0.0	3	1.0321453754883834	6.09789228443968	138.0	31	1.05	0.95				
	304	1	32.423283779649125	6.572287252631578	0.0	0.0	3	1.0097049290502627	0.27681570154099444	138.0	31	1.05	0.95				
	305	1	31.108826329122806	6.134134769122808	0.0	0.0	3	1.0229240960728876	-0.39489753605742633	138.0	31	1.05	0.95				
	306	1	59.58873775719299	12.268269538245615	0.0	-100.0	3	1.0398974482514398	-0.7339796791152345	138.0	32	1.05	0.95				
	307	2	54.7690604385965	10.9538120877193	0.0	0.0	3	0.9930215042787159	-4.881565578798594	138.0	32	1.05	0.95				
	308	1	74.92407467999999	15.335336922807016	0.0	0.0	3	1.0010097399616835	-2.934244955519235	138.0	32	1.05	0.95				
	309	1	76.6766846140351	15.773489406315791	0.0	0.0	3	1.0255888891104508	3.0404124016061544	138.0	33	1.05	0.95				
	310	1	85.43973428421053	17.52609934035088	0.0	0.0	3	1.05	1.3541617125481258	138.0	33	1.05	0.95				
	311	1	0.0	0.0	0.0	0.0	3	1.00489420400306	5.558643802689486	230.0	33	1.05	0.95				
	312	1	0.0	0.0	0.0	0.0	3	1.0113089626909832	6.251351554941667	230.0	33	1.05	0.95				
	313	2	116.11040812982456	23.660234109473688	0.0	0.0	3	1.009839911098286	9.819881395801517	230.0	34	1.05	0.95				
	314	2	85.00158180070176	17.087946856842105	0.0	0.0	3	0.9967777594651582	5.304516941600853	230.0	36	1.05	0.95				
	315	2	138.89433727228072	28.04175894456141	0.0	0.0	3	1.0183300228255594	3.5590843807601846	230.0	36	1.05	0.95				
	316	2	43.8152483508772	8.76304967017544	0.0	0.0	3	1.0150936774686667	3.8122803498076236	230.0	36	1.05	0.95				
	317	1	0.0	0.0	0.0	0.0	3	1.0211540798940275	3.9773971392442955	230.0	37	1.05	0.95				
	318	2	145.90477700842106	29.794368878596494	0.0	0.0	3	1.0205080964342435	3.3621821430189707	230.0	37	1.05	0.95				
	319	1	79.30559951508772	16.211641889824563	0.0	0.0	3	1.0139919865218738	5.286724322969489	230.0	35	1.05	0.95				
	320	1	56.08351788912282	11.39196457122807	0.0	0.0	3	1.0138331706648172	6.312446327604885	230.0	35	1.05	0.95				
	321	2	0.0	0.0	0.0	0.0	3	1.0217436141940492	3.9850630644096343	230.0	37	1.05	0.95				
	322	2	0.0	0.0	0.0	0.0	3	1.035031162262303	8.4149671360477	230.0	37	1.05	0.95				
	323	2	0.0	0.0	0.0	0.0	3	1.013904943454981	6.921790186978392	230.0	35	1.05	0.95				
	324	1	0.0	0.0	0.0	0.0	3	1.0224867245970446	5.919214740754354	230.0	36	1.05	0.95				
	325	1	0.0	0.0	0.0	0.0	3	1.0164127543789216	7.184282300025062	230.0	35	1.05	0.95				
];
