%% MATPOWER Case Format : Version 2
function mpc = RTS_GMLC
mpc.version = '2';

%%-----  Power Flow Data  -----%%
%% system MVA base
mpc.baseMVA = 100.0;
%% bus data
%    bus_i    type    Pd    Qd    Gs    Bs    area    Vm    Va    baseKV    zone    Vmax    Vmin
mpc.bus = [
	101	2	45.035625941052636	9.17392380280702	0.0	0.0	1	1.0355844974486654	2.7715655258741174	138.0	11	1.05	0.95				
	102	2	40.448664039649124	8.339930729824562	0.0	0.0	1	1.0351824617526906	2.637819060583052	138.0	12	1.05	0.95				
	103	1	75.05937656842106	15.428871850175438	0.0	0.0	1	1.0296197591526517	0.29993392983679384	138.0	11	1.05	0.95				
	104	1	30.857743700350877	6.254948047368421	0.0	0.0	1	1.022467980512181	-0.7797973727726528	138.0	11	1.05	0.95				
	105	1	29.606754090877192	5.837951510877193	0.0	0.0	1	1.0369404774681399	-0.517031497940083	138.0	11	1.05	0.95				
	106	1	56.71152896280702	11.675903021754387	0.0	-100.0	1	1.0460913288790654	-2.7911499989438076	138.0	12	1.05	0.95				
	107	2	52.12456706140352	10.424913412280702	0.0	0.0	1	1.0009163623243116	-8.08049568360758	138.0	12	1.05	0.95				
	108	1	71.30640774	14.594878777192982	0.0	0.0	1	1.005198832953056	-6.896758528303683	138.0	12	1.05	0.95				
	109	1	72.97439388596491	15.011875313684211	0.0	0.0	1	1.024983280593223	-1.8946583322824169	138.0	13	1.05	0.95				
	110	1	81.31432461578947	16.679861459649125	0.0	0.0	1	1.05	-2.54504030379784	138.0	13	1.05	0.95				
	111	1	0.0	0.0	0.0	0.0	1	1.0032249813399956	-0.2850861778902703	230.0	13	1.05	0.95				
	112	1	0.0	0.0	0.0	0.0	1	1.008525279367384	0.1814939276883835	230.0	13	1.05	0.95				
	113	3	110.50408217017545	22.517812970526318	0.0	0.0	1	0.9951240510598477	6.085115762671331e-28	230.0	14	1.05	0.95				
	114	2	80.89732807929825	16.262864923157895	0.0	0.0	1	0.999150240352384	1.5318680149053843	230.0	16	1.05	0.95				
	115	2	132.1879020677193	26.6877783354386	0.0	0.0	1	1.0388575028360538	6.7083229731024705	230.0	16	1.05	0.95				
	116	2	41.69965364912281	8.339930729824562	0.0	0.0	1	1.0341938512834659	6.482771760758516	230.0	16	1.05	0.95				
	117	1	0.0	0.0	0.0	0.0	1	1.0425458908238703	7.982301908241812	230.0	17	1.05	0.95				
	118	2	138.85984665157895	28.35576448140351	0.0	0.0	1	1.0453374167083598	7.841540197149017	230.0	17	1.05	0.95				
	119	1	75.47637310491228	15.428871850175438	0.0	0.0	1	1.027753485742268	5.710004601423789	230.0	15	1.05	0.95				
	120	1	53.3755566708772	10.84190994877193	0.0	0.0	1	1.024935255209142	5.84633438730456	230.0	15	1.05	0.95				
	121	2	0.0	0.0	0.0	0.0	1	1.05	8.658957984982166	230.0	17	1.05	0.95				
	122	2	0.0	0.0	0.0	0.0	1	1.05	15.103609510448049	230.0	17	1.05	0.95				
	123	2	0.0	0.0	0.0	0.0	1	1.02391492046682	6.2454448492597425	230.0	15	1.05	0.95				
	124	1	0.0	0.0	0.0	0.0	1	1.0267726578345928	4.312364067808331	230.0	16	1.05	0.95				
	201	2	49.72453957894737	10.129072877192982	0.0	0.0	2	1.03093814458544	-6.332075157837691	138.0	21	1.05	0.95				
	202	2	44.66000314035088	9.20824807017544	0.0	0.0	2	1.0313534093801289	-6.293392076918389	138.0	22	1.05	0.95				
	203	1	82.87423263157895	17.03525892982456	0.0	0.0	2	1.0187423423097923	-6.538681672551149	138.0	21	1.05	0.95				
	204	1	34.07051785964912	6.906186052631578	0.0	0.0	2	1.019361091362643	-8.629821348964706	138.0	21	1.05	0.95				
	205	1	32.68928064912281	6.445773649122807	0.0	0.0	2	1.0346182380973334	-8.711257248636889	138.0	21	1.05	0.95				
	206	1	62.61608687719299	12.891547298245614	0.0	-100.0	2	1.0445353777942321	-10.479336259531463	138.0	22	1.05	0.95				
	207	2	57.551550438596486	11.510310087719299	0.0	0.0	2	0.9893199145392639	-17.474702675639655	138.0	22	1.05	0.95				
	208	1	78.730521	16.114434122807015	0.0	0.0	2	0.9954005364179925	-15.37283863823601	138.0	22	1.05	0.95				
	209	1	80.57217061403509	16.57484652631579	0.0	0.0	2	1.0230346715522995	-8.666029992343393	138.0	23	1.05	0.95				
	210	1	89.78041868421053	18.41649614035088	0.0	0.0	2	1.05	-9.661628561524607	138.0	23	1.05	0.95				
	211	1	0.0	0.0	0.0	0.0	2	1.006332544424028	-5.9459094502515635	230.0	23	1.05	0.95				
	212	1	0.0	0.0	0.0	0.0	2	1.0098778314529537	-5.449210210505061	230.0	23	1.05	0.95				
	213	2	122.00928692982455	24.862269789473686	0.0	0.0	2	1.000611707017565	-5.127115446788109	230.0	24	1.05	0.95				
	214	2	89.32000628070176	17.956083736842107	0.0	0.0	2	1.0081040471500258	-3.3432057836595823	230.0	26	1.05	0.95				
	215	2	145.9507319122807	29.466393824561404	0.0	0.0	2	1.0282495823518392	3.189011051566603	230.0	26	1.05	0.95				
	216	2	46.041240350877196	9.20824807017544	0.0	0.0	2	1.029945086953928	3.099481330221123	230.0	26	1.05	0.95				
	217	1	0.0	0.0	0.0	0.0	2	1.0350147134467191	5.797781343351376	230.0	27	1.05	0.95				
	218	2	153.31733036842107	31.308043438596496	0.0	0.0	2	1.0366578323795335	6.288094200614194	230.0	27	1.05	0.95				
	219	1	83.33464503508773	17.03525892982456	0.0	0.0	2	1.029516116252607	2.11254120547788	230.0	25	1.05	0.95				
	220	1	58.93278764912281	11.970722491228072	0.0	0.0	2	1.0324783113111178	2.1477922624622976	230.0	25	1.05	0.95				
	221	2	0.0	0.0	0.0	0.0	2	1.0366015747228217	6.013957505604338	230.0	27	1.05	0.95				
	222	2	0.0	0.0	0.0	0.0	2	1.05	12.427708377951497	230.0	27	1.05	0.95				
	223	2	0.0	0.0	0.0	0.0	2	1.0348015308419527	2.515177590213607	230.0	25	1.05	0.95				
	224	1	0.0	0.0	0.0	0.0	2	1.0126678321333962	-0.45686333723231276	230.0	26	1.05	0.95				
	301	2	59.842454930526316	12.190129708070174	0.0	0.0	3	1.010943630879286	-23.677157323161804	138.0	31	1.05	0.95				
	302	2	53.74739007649122	11.081936098245613	0.0	0.0	3	1.0100856589165468	-23.866396301223876	138.0	32	1.05	0.95				
	303	1	99.73742488421051	20.501581781754382	0.0	0.0	3	1.037107317198675	-14.09313922746439	138.0	31	1.05	0.95				
	304	1	41.003163563508764	8.31145207368421	0.0	0.0	3	1.0106549600296448	-21.692642217366068	138.0	31	1.05	0.95				
	305	1	39.34087314877192	7.7573552687719305	0.0	0.0	3	1.0232698867597279	-23.58859823174495	138.0	31	1.05	0.95				
	306	1	75.35716546807018	15.514710537543861	0.0	-100.0	3	1.037295259404428	-24.1539387979284	138.0	32	1.05	0.95				
	307	2	69.26210061403508	13.852420122807017	0.0	0.0	3	0.9929391012313621	-29.879393010372734	138.0	32	1.05	0.95				
	308	1	94.75055363999999	19.39338817192982	0.0	0.0	3	0.9947115212947311	-27.270153113468684	138.0	32	1.05	0.95				
	309	1	96.96694085964911	19.9474849768421	0.0	0.0	3	1.030490055181067	-17.67545012171444	138.0	33	1.05	0.95				
	310	1	108.04887695789472	22.163872196491226	0.0	0.0	3	1.05	-21.72039915881489	138.0	33	1.05	0.95				
	311	1	0.0	0.0	0.0	0.0	3	1.0155098795169812	-15.155086380623834	230.0	33	1.05	0.95				
	312	1	0.0	0.0	0.0	0.0	3	1.0169837733949967	-14.578393174969447	230.0	33	1.05	0.95				
	313	2	146.83565330175438	29.921227465263158	0.0	0.0	3	1.018279757321383	-11.942831580369827	230.0	34	1.05	0.95				
	314	2	107.49478015298244	21.609775391578946	0.0	0.0	3	1.0208969539338097	-13.374567639029564	230.0	36	1.05	0.95				
	315	2	175.64868715719294	35.46219551438596	0.0	0.0	3	1.041799183607888	-8.044270435055068	230.0	36	1.05	0.95				
	316	2	55.409680491228066	11.081936098245613	0.0	0.0	3	1.0415681633972655	-7.51835847030816	230.0	36	1.05	0.95				
	317	1	0.0	0.0	0.0	0.0	3	1.045387426900088	-5.214969777708541	230.0	37	1.05	0.95				
	318	2	184.51423603578945	37.67858273403509	0.0	0.0	3	1.0434890439509124	-5.47129924119892	230.0	37	1.05	0.95				
	319	1	100.2915216891228	20.501581781754382	0.0	0.0	3	1.037213395554186	-8.62641999502045	230.0	35	1.05	0.95				
	320	1	70.92439102877192	14.406516927719299	0.0	0.0	3	1.0378338876341882	-8.538012876747576	230.0	35	1.05	0.95				
	321	2	0.0	0.0	0.0	0.0	3	1.0450274474463814	-5.421108801092016	230.0	37	1.05	0.95				
	322	2	0.0	0.0	0.0	0.0	3	1.05	-1.0073834435121918	230.0	37	1.05	0.95				
	323	2	0.0	0.0	0.0	0.0	3	1.0392993531905614	-8.075610874191232	230.0	35	1.05	0.95				
	324	1	0.0	0.0	0.0	0.0	3	1.031735328278984	-10.3174310505429	230.0	36	1.05	0.95				
	325	1	0.0	0.0	0.0	0.0	3	1.0347681919183345	-6.689179041915821	230.0	35	1.05	0.95				
];
