%% MATPOWER Case Format : Version 2
function mpc = RTS_GMLC
mpc.version = '2';

%%-----  Power Flow Data  -----%%
%% system MVA base
mpc.baseMVA = 100.0;
%% bus data
%    bus_i    type    Pd    Qd    Gs    Bs    area    Vm    Va    baseKV    zone    Vmax    Vmin
mpc.bus = [
	101	2	57.9143988	11.797377533333332	0.0	0.0	1	1.039411835761905	-0.07588443540223754	138.0	11	1.05	0.95				
	102	2	52.01571003333333	10.724888666666665	0.0	0.0	1	1.0386227898660738	-0.3119238308597028	138.0	12	1.05	0.95				
	103	1	96.52399799999999	19.84104403333333	0.0	0.0	1	1.0268075440737723	-1.5651986512490494	138.0	11	1.05	0.95				
	104	1	39.68208806666666	8.043666499999999	0.0	0.0	1	1.021983744249552	-3.381751177785269	138.0	11	1.05	0.95				
	105	1	38.07335476666666	7.507422066666666	0.0	0.0	1	1.0374916182114078	-3.209716378218156	138.0	11	1.05	0.95				
	106	1	72.92924293333333	15.014844133333332	0.0	-100.0	1	1.0437659902135856	-5.52164755713061	138.0	12	1.05	0.95				
	107	2	67.03055416666666	13.406110833333331	0.0	0.0	1	0.9999702378324232	-9.602368421660664	138.0	12	1.05	0.95				
	108	1	91.69779809999999	18.768555166666665	0.0	0.0	1	1.0012631914442216	-9.024041670080933	138.0	12	1.05	0.95				
	109	1	93.84277583333332	19.304799599999996	0.0	0.0	1	1.0248546617489158	-3.7700315325608122	138.0	13	1.05	0.95				
	110	1	104.56766449999999	21.44977733333333	0.0	0.0	1	1.05	-4.719968163846142	138.0	13	1.05	0.95				
	111	1	0.0	0.0	0.0	0.0	1	1.0075675445184262	-1.3182381808389283	230.0	13	1.05	0.95				
	112	1	0.0	0.0	0.0	0.0	1	1.0104080195106597	-0.8074986862664576	230.0	13	1.05	0.95				
	113	3	142.1047748333333	28.9571994	0.0	0.0	1	1.0027695748341787	-3.767254395203039e-30	230.0	14	1.05	0.95				
	114	2	104.03142006666666	20.9135329	0.0	0.0	1	1.007799335334941	0.5567058180581403	230.0	16	1.05	0.95				
	115	2	169.98948536666666	34.31964373333333	0.0	0.0	1	1.0394166055798106	6.968821534346421	230.0	16	1.05	0.95				
	116	2	53.624443333333325	10.724888666666665	0.0	0.0	1	1.0354542230544685	6.408615149766054	230.0	16	1.05	0.95				
	117	1	0.0	0.0	0.0	0.0	1	1.0420188362385971	8.790047347005673	230.0	17	1.05	0.95				
	118	2	178.56939629999997	36.464621466666664	0.0	0.0	1	1.0443970160046263	9.083174169658324	230.0	17	1.05	0.95				
	119	1	97.06024243333331	19.84104403333333	0.0	0.0	1	1.0283680183037172	5.303141873857521	230.0	15	1.05	0.95				
	120	1	68.63928746666666	13.942355266666665	0.0	0.0	1	1.0262013089638666	5.250786386014988	230.0	15	1.05	0.95				
	121	2	0.0	0.0	0.0	0.0	1	1.0476938649148908	10.29132901615543	230.0	17	1.05	0.95				
	122	2	0.0	0.0	0.0	0.0	1	1.05	16.211374717572873	230.0	17	1.05	0.95				
	123	2	0.0	0.0	0.0	0.0	1	1.026066881623636	5.63318811309071	230.0	15	1.05	0.95				
	124	1	0.0	0.0	0.0	0.0	1	1.023900460021626	3.7827175288039157	230.0	16	1.05	0.95				
	201	2	51.67952147368421	10.527309929824561	0.0	0.0	2	1.0239233511991401	-3.7375382504438353	138.0	21	1.05	0.95				
	202	2	46.41586650877193	9.570281754385965	0.0	0.0	2	1.0248265519126425	-3.4978057612843676	138.0	22	1.05	0.95				
	203	1	86.13253578947368	17.705021245614034	0.0	0.0	2	1.015479934580674	-4.821922486896348	138.0	21	1.05	0.95				
	204	1	35.41004249122807	7.177711315789473	0.0	0.0	2	1.0169701996292315	-4.7016788345275975	138.0	21	1.05	0.95				
	205	1	33.97450022807017	6.699197228070175	0.0	0.0	2	1.0311643763577933	-4.818036834578275	138.0	21	1.05	0.95				
	206	1	65.07791592982456	13.39839445614035	0.0	-100.0	2	1.04296145839757	-5.8483819592855015	138.0	22	1.05	0.95				
	207	2	59.81426096491228	11.962852192982455	0.0	0.0	2	0.9916943901723956	-12.727397704944462	138.0	22	1.05	0.95				
	208	1	81.825909	16.747993070175436	0.0	0.0	2	0.9962926947398769	-10.523644647004218	138.0	22	1.05	0.95				
	209	1	83.73996535087718	17.226507157894737	0.0	0.0	2	1.0243386329881712	-3.7213835866043983	138.0	23	1.05	0.95				
	210	1	93.31024710526314	19.14056350877193	0.0	0.0	2	1.05	-4.379488991082064	138.0	23	1.05	0.95				
	211	1	0.0	0.0	0.0	0.0	2	1.0052427772166959	-1.2348424955322832	230.0	23	1.05	0.95				
	212	1	0.0	0.0	0.0	0.0	2	1.0126733624278716	3.0331106116255806	230.0	23	1.05	0.95				
	213	2	126.80623324561402	25.839760736842106	0.0	0.0	2	1.0014006889797533	0.9686888109345755	230.0	24	1.05	0.95				
	214	2	92.83173301754385	18.662049421052632	0.0	0.0	2	1.002366528806699	-0.22575538721194596	230.0	26	1.05	0.95				
	215	2	151.68896580701755	30.62490161403509	0.0	0.0	2	1.0254161296683542	3.6246366869338438	230.0	26	1.05	0.95				
	216	2	47.85140877192982	9.570281754385965	0.0	0.0	2	1.0253827252856271	4.113257615805836	230.0	26	1.05	0.95				
	217	1	0.0	0.0	0.0	0.0	2	1.031517654408643	5.547386715668022	230.0	27	1.05	0.95				
	218	2	159.3451912105263	32.53895796491228	0.0	0.0	2	1.031377998570469	5.4362523024231955	230.0	27	1.05	0.95				
	219	1	86.61104987719298	17.705021245614034	0.0	0.0	2	1.0248583751327147	4.607580195695966	230.0	25	1.05	0.95				
	220	1	61.24980322807018	12.441366280701754	0.0	0.0	2	1.0280495401075818	5.9692829320591	230.0	25	1.05	0.95				
	221	2	0.0	0.0	0.0	0.0	2	1.0324796606869844	5.617869362645096	230.0	27	1.05	0.95				
	222	2	0.0	0.0	0.0	0.0	2	1.05	12.084837304329897	230.0	27	1.05	0.95				
	223	2	0.0	0.0	0.0	0.0	2	1.0310757855858381	7.078699642527476	230.0	25	1.05	0.95				
	224	1	0.0	0.0	0.0	0.0	2	1.0111418328745094	0.4628254757712869	230.0	26	1.05	0.95				
	301	2	63.08826320842106	12.851312875789473	0.0	0.0	3	1.0040621140476125	-12.776714056533457	138.0	31	1.05	0.95				
	302	2	56.66260677052632	11.683011705263159	0.0	0.0	3	1.0038621646522812	-12.846079953351703	138.0	32	1.05	0.95				
	303	1	105.14710534736842	21.61357165473684	0.0	0.0	3	1.0163644794425313	-8.057076504847352	138.0	31	1.05	0.95				
	304	1	43.22714330947368	8.762258778947368	0.0	0.0	3	1.0055680665874582	-10.647687318098159	138.0	31	1.05	0.95				
	305	1	41.47469155368421	8.178108193684212	0.0	0.0	3	1.0184953313556429	-11.2831785892188	138.0	31	1.05	0.95				
	306	1	79.44447959578947	16.356216387368423	0.0	-100.0	3	1.0345652774294523	-11.099980408201205	138.0	32	1.05	0.95				
	307	2	73.01882315789474	14.603764631578947	0.0	0.0	3	0.9974490633174051	-15.47433858730819	138.0	32	1.05	0.95				
	308	1	99.88975008	20.445270484210525	0.0	0.0	3	1.002437376035424	-12.803892961946804	138.0	32	1.05	0.95				
	309	1	102.22635242105262	21.029421069473685	0.0	0.0	3	1.0277108107294701	-6.4778009910215175	138.0	33	1.05	0.95				
	310	1	113.90936412631578	23.366023410526317	0.0	0.0	3	1.05	-7.919206196709437	138.0	33	1.05	0.95				
	311	1	0.0	0.0	0.0	0.0	3	1.01638335056606	-0.4653003183031989	230.0	33	1.05	0.95				
	312	1	0.0	0.0	0.0	0.0	3	1.0191918864260716	0.31161879911455487	230.0	33	1.05	0.95				
	313	2	154.79990509473686	31.54413160421053	0.0	0.0	3	1.0389816542552026	6.809458686757521	230.0	34	1.05	0.95				
	314	2	113.32521354105263	22.781872825263157	0.0	0.0	3	1.0193541755712683	-0.22376563348758208	230.0	36	1.05	0.95				
	315	2	185.17573552842103	37.385637456842105	0.0	0.0	3	1.0307610250924661	-1.2256257809242717	230.0	36	1.05	0.95				
	316	2	58.41505852631579	11.683011705263159	0.0	0.0	3	1.0313905000361245	-0.026904245825848484	230.0	36	1.05	0.95				
	317	1	0.0	0.0	0.0	0.0	3	1.0345889266708894	0.32173610701719035	230.0	37	1.05	0.95				
	318	2	194.5221448926316	39.72223979789474	0.0	0.0	3	1.032776655153883	-0.041820762292351446	230.0	37	1.05	0.95				
	319	1	105.73125593263157	21.61357165473684	0.0	0.0	3	1.0296599657084213	0.6820857915008921	230.0	35	1.05	0.95				
	320	1	74.77127491368421	15.187915216842104	0.0	0.0	3	1.033187428477637	2.4199059806225334	230.0	35	1.05	0.95				
	321	2	0.0	0.0	0.0	0.0	3	1.0342027263058629	0.10047509862140935	230.0	37	1.05	0.95				
	322	2	0.0	0.0	0.0	0.0	3	1.0475125505640623	4.514963342276323	230.0	37	1.05	0.95				
	323	2	0.0	0.0	0.0	0.0	3	1.035566769467772	3.256288002958662	230.0	35	1.05	0.95				
	324	1	0.0	0.0	0.0	0.0	3	1.0183057126162207	-2.4291023998294214	230.0	36	1.05	0.95				
	325	1	0.0	0.0	0.0	0.0	3	1.035627462412519	3.853657940013337	230.0	35	1.05	0.95				
];
