%% MATPOWER Case Format : Version 2
function mpc = RTS_GMLC
mpc.version = '2';

%%-----  Power Flow Data  -----%%
%% system MVA base
mpc.baseMVA = 100.0;
%% bus data
%    bus_i    type    Pd    Qd    Gs    Bs    area    Vm    Va    baseKV    zone    Vmax    Vmin
mpc.bus = [
	101	2	73.02424543578947	14.875309255438596	0.0	0.0	1	1.0499999170893675	1.3651847065647682	138.0	11	1.05	0.95				
	102	2	65.58659080807017	13.523008414035086	0.0	0.0	1	1.048712294778467	0.9318921530166154	138.0	12	1.05	0.95				
	103	1	121.70707572631578	25.01756556596491	0.0	0.0	1	1.0286258255768441	1.2509224383923092	138.0	11	1.05	0.95				
	104	1	50.03513113192982	10.142256310526315	0.0	0.0	1	1.0261151987314463	-2.5741041219787477	138.0	11	1.05	0.95				
	105	1	48.00667986982456	9.466105889824563	0.0	0.0	1	1.0399118420646665	-3.0873801174778595	138.0	11	1.05	0.95				
	106	1	91.9564572154386	18.932211779649126	0.0	-100.0	1	1.0412100147477465	-6.296150573546074	138.0	12	1.05	0.95				
	107	2	84.51880258771929	16.90376051754386	0.0	0.0	1	0.9988066863081981	-14.283958108184232	138.0	12	1.05	0.95				
	108	1	115.62172194	23.6652647245614	0.0	0.0	1	0.9937976532588515	-12.349351414827462	138.0	12	1.05	0.95				
	109	1	118.32632362280702	24.341415145263156	0.0	0.0	1	1.0245506709726415	-3.8703377676414465	138.0	13	1.05	0.95				
	110	1	131.8493320368421	27.046016828070172	0.0	0.0	1	1.05	-5.561932877130905	138.0	13	1.05	0.95				
	111	1	0.0	0.0	0.0	0.0	1	1.0156886987382385	-1.008037211944731	230.0	13	1.05	0.95				
	112	1	0.0	0.0	0.0	0.0	1	1.0158494001886647	-1.3472861935667972	230.0	13	1.05	0.95				
	113	3	179.1798614859649	36.512122717894734	0.0	0.0	1	1.013397678520176	7.683236775745395e-32	230.0	14	1.05	0.95				
	114	2	131.17318161614034	26.36986640736842	0.0	0.0	1	1.0247887293573439	1.8241406731309984	230.0	16	1.05	0.95				
	115	2	214.33968336245616	43.27362692491228	0.0	0.0	1	1.0384656651962458	11.8792029159678	230.0	16	1.05	0.95				
	116	2	67.61504207017543	13.523008414035086	0.0	0.0	1	1.0364506336526493	10.017074935342901	230.0	16	1.05	0.95				
	117	1	0.0	0.0	0.0	0.0	1	1.042677387953993	15.549409967570636	230.0	17	1.05	0.95				
	118	2	225.15809009368422	45.9782286077193	0.0	0.0	1	1.05	16.906980443552964	230.0	17	1.05	0.95				
	119	1	122.38322614701754	25.01756556596491	0.0	0.0	1	1.0289444959171774	6.633836891616186	230.0	15	1.05	0.95				
	120	1	86.54725384982456	17.579910938245614	0.0	0.0	1	1.0294492465107146	4.443685821764998	230.0	15	1.05	0.95				
	121	2	0.0	0.0	0.0	0.0	1	1.05	19.24223953522898	230.0	17	1.05	0.95				
	122	2	0.0	0.0	0.0	0.0	1	1.05	27.586962315763902	230.0	17	1.05	0.95				
	123	2	0.0	0.0	0.0	0.0	1	1.0316534198921004	3.750874582909011	230.0	15	1.05	0.95				
	124	1	0.0	0.0	0.0	0.0	1	1.0215465400184325	7.895354632299933	230.0	16	1.05	0.95				
	201	2	71.67133637052633	14.599716668070176	0.0	0.0	2	1.0246295727489967	-12.766341225307782	138.0	21	1.05	0.95				
	202	2	64.37147803649123	13.272469698245615	0.0	0.0	2	1.0253264844517451	-12.660398290253498	138.0	22	1.05	0.95				
	203	1	119.45222728421055	24.554068941754387	0.0	0.0	2	1.0136217328982287	-11.03539240102691	138.0	21	1.05	0.95				
	204	1	49.108137883508775	9.954352273684211	0.0	0.0	2	1.0138776667094584	-12.681773722133588	138.0	21	1.05	0.95				
	205	1	47.11726742877193	9.290728788771931	0.0	0.0	2	1.02880424642715	-13.082626616193753	138.0	21	1.05	0.95				
	206	1	90.25279394807019	18.581457577543862	0.0	-100.0	2	1.0377969812529795	-13.879030940462902	138.0	22	1.05	0.95				
	207	2	82.9529356140351	16.59058712280702	0.0	0.0	2	0.9792980522128348	-23.091262921639043	138.0	22	1.05	0.95				
	208	1	113.47961592	23.226821971929823	0.0	0.0	2	0.9805682173589217	-19.858180084973103	138.0	22	1.05	0.95				
	209	1	116.13410985964914	23.890445456842105	0.0	0.0	2	1.0256585096140156	-9.985085994642777	138.0	23	1.05	0.95				
	210	1	129.40657955789473	26.54493939649123	0.0	0.0	2	1.05	-11.286430163277455	138.0	23	1.05	0.95				
	211	1	0.0	0.0	0.0	0.0	2	1.0216802280210613	-6.169726742811683	230.0	23	1.05	0.95				
	212	1	0.0	0.0	0.0	0.0	2	1.0215477228662146	-0.17305983715542286	230.0	23	1.05	0.95				
	213	2	175.86022350175438	35.83566818526317	0.0	0.0	2	1.0317276517534326	-2.5125804244087466	230.0	24	1.05	0.95				
	214	2	128.74295607298245	25.88131591157895	0.0	0.0	2	1.028536393673934	-4.9767554788592925	230.0	26	1.05	0.95				
	215	2	210.36864471719298	42.47190303438597	0.0	0.0	2	1.0362171427977953	0.3548392778713726	230.0	26	1.05	0.95				
	216	2	66.36234849122808	13.272469698245615	0.0	0.0	2	1.0378714934776128	0.8236583560316928	230.0	26	1.05	0.95				
	217	1	0.0	0.0	0.0	0.0	2	1.0385396654721488	1.5263388970260834	230.0	27	1.05	0.95				
	218	2	220.9866204757895	45.126396974035096	0.0	0.0	2	1.036490673621885	0.6487789549739181	230.0	27	1.05	0.95				
	219	1	120.11585076912282	24.554068941754387	0.0	0.0	2	1.03685367629289	2.8147037131779937	230.0	25	1.05	0.95				
	220	1	84.94380606877193	17.2542106077193	0.0	0.0	2	1.0431577284807534	5.792335827488296	230.0	25	1.05	0.95				
	221	2	0.0	0.0	0.0	0.0	2	1.038616683789538	1.3620223759143644	230.0	27	1.05	0.95				
	222	2	0.0	0.0	0.0	0.0	2	1.05	7.9279246921488085	230.0	27	1.05	0.95				
	223	2	0.0	0.0	0.0	0.0	2	1.05	7.895196647939563	230.0	25	1.05	0.95				
	224	1	0.0	0.0	0.0	0.0	2	1.013600732031191	-3.863101601479989	230.0	26	1.05	0.95				
	301	2	71.15153434105265	14.493831069473687	0.0	0.0	3	0.9893252293849635	29.643273202912937	138.0	31	1.05	0.95				
	302	2	63.904618806315796	13.176210063157898	0.0	0.0	3	0.9888116715103971	29.489933070752947	138.0	32	1.05	0.95				
	303	1	118.58589056842106	24.375988616842108	0.0	0.0	3	1.0340069479026157	36.63683417235751	138.0	31	1.05	0.95				
	304	1	48.751977233684215	9.882157547368422	0.0	0.0	3	0.9993178031885454	31.554673745320645	138.0	31	1.05	0.95				
	305	1	46.775545724210524	9.223347044210527	0.0	0.0	3	1.0099227893992306	30.91900174656006	138.0	31	1.05	0.95				
	306	1	89.5982284294737	18.446694088421054	0.0	-100.0	3	1.0286219861225288	30.898870573505455	138.0	32	1.05	0.95				
	307	2	82.35131289473685	16.47026257894737	0.0	0.0	3	0.982842718926322	27.51511220704861	138.0	32	1.05	0.95				
	308	1	112.65659604	23.058367610526318	0.0	0.0	3	0.9969116023815564	30.463852561120103	138.0	32	1.05	0.95				
	309	1	115.29183805263159	23.717178113684213	0.0	0.0	3	1.0316337344793494	35.89514202756954	138.0	33	1.05	0.95				
	310	1	128.4680481157895	26.352420126315796	0.0	0.0	3	1.05	34.30248950474739	138.0	33	1.05	0.95				
	311	1	0.0	0.0	0.0	0.0	3	1.0217325619367608	40.13749070855367	230.0	33	1.05	0.95				
	312	1	0.0	0.0	0.0	0.0	3	1.0283903336881377	41.36645796044887	230.0	33	1.05	0.95				
	313	2	174.58478333684212	35.575767170526326	0.0	0.0	3	1.05	49.131167136458274	230.0	34	1.05	0.95				
	314	2	127.80923761263159	25.693609623157897	0.0	0.0	3	1.0228385659638894	37.1100328705299	230.0	36	1.05	0.95				
	315	2	208.84292950105262	42.16387220210527	0.0	0.0	3	1.0465515378347556	29.380409969790623	230.0	36	1.05	0.95				
	316	2	65.88105031578948	13.176210063157898	0.0	0.0	3	1.0443149913920224	30.596919291644674	230.0	36	1.05	0.95				
	317	1	0.0	0.0	0.0	0.0	3	1.05	29.052655213586423	230.0	37	1.05	0.95				
	318	2	219.383897551579	44.79911421473685	0.0	0.0	3	1.048783738480584	26.568189743520332	230.0	37	1.05	0.95				
	319	1	119.24470107157896	24.375988616842108	0.0	0.0	3	1.0447095187233684	33.171214875848094	230.0	35	1.05	0.95				
	320	1	84.32774440421053	17.129073082105265	0.0	0.0	3	1.0480142038871898	35.06494666840832	230.0	35	1.05	0.95				
	321	2	0.0	0.0	0.0	0.0	3	1.048589331770253	28.119625639553625	230.0	37	1.05	0.95				
	322	2	0.0	0.0	0.0	0.0	3	1.05	32.83147416977876	230.0	37	1.05	0.95				
	323	2	0.0	0.0	0.0	0.0	3	1.0495433637113858	35.6273714055975	230.0	35	1.05	0.95				
	324	1	0.0	0.0	0.0	0.0	3	1.0419175258545543	34.23749496150811	230.0	36	1.05	0.95				
	325	1	0.0	0.0	0.0	0.0	3	1.05	34.24880047928555	230.0	35	1.05	0.95				
];
