%% MATPOWER Case Format : Version 2
function mpc = RTS_GMLC
mpc.version = '2';

%%-----  Power Flow Data  -----%%
%% system MVA base
mpc.baseMVA = 100.0;
%% bus data
%    bus_i    type    Pd    Qd    Gs    Bs    area    Vm    Va    baseKV    zone    Vmax    Vmin
mpc.bus = [
	101	2	81.68134585263158	16.63879267368421	0.0	0.0	1	1.0462306411379678	-1.1995872746492815	138.0	11	1.05	0.95				
	102	2	73.36194951578948	15.126175157894739	0.0	0.0	1	1.0456023831282355	-1.4477498427064752	138.0	12	1.05	0.95				
	103	1	136.13557642105263	27.983424042105266	0.0	0.0	1	1.0220708053094845	-1.9715734150457536	138.0	11	1.05	0.95				
	104	1	55.96684808421053	11.344631368421052	0.0	0.0	1	1.023169029301786	-4.544744765597809	138.0	11	1.05	0.95				
	105	1	53.69792181052632	10.588322610526317	0.0	0.0	1	1.0376950387077286	-4.8953998215979695	138.0	11	1.05	0.95				
	106	1	102.8579910736842	21.176645221052635	0.0	-100.0	1	1.038738564299974	-7.7023674870385355	138.0	12	1.05	0.95				
	107	2	94.53859473684211	18.90771894736842	0.0	0.0	1	1.0257643173066955	-8.624391857546081	138.0	12	1.05	0.95				
	108	1	129.3287976	26.470806526315787	0.0	0.0	1	1.010580385451459	-9.711034118462132	138.0	12	1.05	0.95				
	109	1	132.35403263157895	27.227115284210523	0.0	0.0	1	1.025589696917625	-4.820037522823474	138.0	13	1.05	0.95				
	110	1	147.4802077894737	30.252350315789478	0.0	0.0	1	1.05	-6.319498226032566	138.0	13	1.05	0.95				
	111	1	0.0	0.0	0.0	0.0	1	1.0134411021197796	-1.7004422217895125	230.0	13	1.05	0.95				
	112	1	0.0	0.0	0.0	0.0	1	1.0159323929915085	-1.243440647838482	230.0	13	1.05	0.95				
	113	3	200.42182084210526	40.84067292631579	0.0	0.0	1	1.0166143177198599	-1.8157395241064055e-29	230.0	14	1.05	0.95				
	114	2	146.72389903157895	29.496041557894735	0.0	0.0	1	1.0154226853121802	0.7218673676960249	230.0	16	1.05	0.95				
	115	2	239.74987625263157	48.40376050526316	0.0	0.0	1	1.0412297216862205	9.60616095485846	230.0	16	1.05	0.95				
	116	2	75.63087578947368	15.126175157894739	0.0	0.0	1	1.038674514799548	8.746095623420679	230.0	16	1.05	0.95				
	117	1	0.0	0.0	0.0	0.0	1	1.0414558039624238	12.754913568812194	230.0	17	1.05	0.95				
	118	2	251.85081637894737	51.4289955368421	0.0	0.0	1	1.0466357156465935	12.890311945623568	230.0	17	1.05	0.95				
	119	1	136.89188517894738	27.983424042105266	0.0	0.0	1	1.0317706707963823	6.565456316571394	230.0	15	1.05	0.95				
	120	1	96.80752101052632	19.66402770526316	0.0	0.0	1	1.032870533353279	5.967670110895636	230.0	15	1.05	0.95				
	121	2	0.0	0.0	0.0	0.0	1	1.05	14.605166723602581	230.0	17	1.05	0.95				
	122	2	0.0	0.0	0.0	0.0	1	1.05	28.040356317971106	230.0	17	1.05	0.95				
	123	2	0.0	0.0	0.0	0.0	1	1.035484330880066	6.204951824590616	230.0	15	1.05	0.95				
	124	1	0.0	0.0	0.0	0.0	1	1.019581292109911	5.303630239615276	230.0	16	1.05	0.95				
	201	2	74.17031324210527	15.108767512280702	0.0	0.0	2	1.031997228454055	-12.54868454565727	138.0	21	1.05	0.95				
	202	2	66.61592948596491	13.735243192982457	0.0	0.0	2	1.032499828099219	-12.555926648710605	138.0	22	1.05	0.95				
	203	1	123.61718873684211	25.410199907017546	0.0	0.0	2	1.0215756503494562	-10.274076622708199	138.0	21	1.05	0.95				
	204	1	50.82039981403509	10.30143239473684	0.0	0.0	2	1.01686535148537	-14.038054487197288	138.0	21	1.05	0.95				
	205	1	48.760113335087716	9.61467023508772	0.0	0.0	2	1.0322833194653818	-14.41013013263516	138.0	21	1.05	0.95				
	206	1	93.39965371228071	19.22934047017544	0.0	-100.0	2	1.0385679327525843	-16.088085979586374	138.0	22	1.05	0.95				
	207	2	85.84526995614034	17.16905399122807	0.0	0.0	2	0.973935453249249	-26.232476301496156	138.0	22	1.05	0.95				
	208	1	117.43632929999998	24.036675587719298	0.0	0.0	2	0.9761707979704899	-22.866079765165555	138.0	22	1.05	0.95				
	209	1	120.18337793859648	24.723437747368422	0.0	0.0	2	1.0254902961649692	-12.461061060430175	138.0	23	1.05	0.95				
	210	1	133.91862113157896	27.470486385964914	0.0	0.0	2	1.05	-14.123423145575206	138.0	23	1.05	0.95				
	211	1	0.0	0.0	0.0	0.0	2	1.0208614327065693	-8.943542422398576	230.0	23	1.05	0.95				
	212	1	0.0	0.0	0.0	0.0	2	1.0225074571967614	-5.115628532434642	230.0	23	1.05	0.95				
	213	2	181.99197230701753	37.08515662105263	0.0	0.0	2	1.0281678760433477	-6.791293788936508	230.0	24	1.05	0.95				
	214	2	133.23185897192982	26.78372422631579	0.0	0.0	2	1.0284164884458578	-6.532873793619927	230.0	26	1.05	0.95				
	215	2	217.7036046087719	43.95277821754386	0.0	0.0	2	1.0394452227811652	1.2498777871790856	230.0	26	1.05	0.95				
	216	2	68.67621596491227	13.735243192982457	0.0	0.0	2	1.0404575105737666	1.0917974298397155	230.0	26	1.05	0.95				
	217	1	0.0	0.0	0.0	0.0	2	1.043001376715779	3.9306733252142463	230.0	27	1.05	0.95				
	218	2	228.6917991631579	46.699826856140355	0.0	0.0	2	1.043806045444626	4.179373626397582	230.0	27	1.05	0.95				
	219	1	124.30395089649122	25.410199907017546	0.0	0.0	2	1.0398148406522847	0.6699758077525128	230.0	25	1.05	0.95				
	220	1	87.90555643508772	17.855816150877192	0.0	0.0	2	1.0450938853272027	1.5975397453837372	230.0	25	1.05	0.95				
	221	2	0.0	0.0	0.0	0.0	2	1.0440323046153206	3.965277301043584	230.0	27	1.05	0.95				
	222	2	0.0	0.0	0.0	0.0	2	1.05	10.458117636546941	230.0	27	1.05	0.95				
	223	2	0.0	0.0	0.0	0.0	2	1.05	2.603598057612786	230.0	25	1.05	0.95				
	224	1	0.0	0.0	0.0	0.0	2	1.0183726668447515	-3.0377426780694274	230.0	26	1.05	0.95				
	301	2	85.92850364210527	17.503954445614035	0.0	0.0	3	1.0495352923213401	-2.864820726649543	138.0	31	1.05	0.95				
	302	2	77.17652641929824	15.912685859649123	0.0	0.0	3	1.05	-3.3139206436130335	138.0	32	1.05	0.95				
	303	1	143.2141727368421	29.43846884035088	0.0	0.0	3	1.0477134444755225	15.91428908566449	138.0	31	1.05	0.95				
	304	1	58.87693768070176	11.934514394736842	0.0	0.0	3	1.0108694507956677	-0.8021511706064837	138.0	31	1.05	0.95				
	305	1	56.49003480175438	11.138880101754387	0.0	0.0	3	1.0335229112969746	-2.9151382397396315	138.0	31	1.05	0.95				
	306	1	108.20626384561405	22.277760203508773	0.0	-100.0	3	1.030289191102541	-3.819437583460339	138.0	32	1.05	0.95				
	307	2	99.45428662280702	19.890857324561402	0.0	0.0	3	0.9683195002023268	-3.7385057220440174	138.0	32	1.05	0.95				
	308	1	136.05346409999999	27.84720025438596	0.0	0.0	3	0.9709502360556802	-3.3237333235823803	138.0	32	1.05	0.95				
	309	1	139.23600127192984	28.642834547368416	0.0	0.0	3	1.0089590187651105	4.652275830153051	138.0	33	1.05	0.95				
	310	1	155.14868713157895	31.825371719298246	0.0	0.0	3	1.037839052642685	-0.4155070369520864	138.0	33	1.05	0.95				
	311	1	0.0	0.0	0.0	0.0	3	0.99473582076674	5.775578120581362	230.0	33	1.05	0.95				
	312	1	0.0	0.0	0.0	0.0	3	0.9993350676008238	7.129774526339975	230.0	33	1.05	0.95				
	313	2	210.84308764035086	42.964251821052635	0.0	0.0	3	0.9984052153705881	11.455505133014698	230.0	34	1.05	0.95				
	314	2	154.35305283859648	31.02973742631579	0.0	0.0	3	0.9955385430524677	4.5822377533909835	230.0	36	1.05	0.95				
	315	2	252.2160708754386	50.92059475087719	0.0	0.0	3	1.05	3.7119705344936813	230.0	36	1.05	0.95				
	316	2	79.56342929824561	15.912685859649123	0.0	0.0	3	1.0426498764959697	3.8160526523753147	230.0	36	1.05	0.95				
	317	1	0.0	0.0	0.0	0.0	3	1.0494087260393978	4.746554445964569	230.0	37	1.05	0.95				
	318	2	264.9462195631579	54.10313192280702	0.0	0.0	3	1.0481288657685168	3.410966204077679	230.0	37	1.05	0.95				
	319	1	144.00980702982454	29.43846884035088	0.0	0.0	3	1.0268271590554128	5.139083426242163	230.0	35	1.05	0.95				
	320	1	101.84118950175439	20.686491617543858	0.0	0.0	3	1.018122239079856	6.734992921255658	230.0	35	1.05	0.95				
	321	2	0.0	0.0	0.0	0.0	3	1.05	4.077957275731759	230.0	37	1.05	0.95				
	322	2	0.0	0.0	0.0	0.0	3	1.05	8.687428716645616	230.0	37	1.05	0.95				
	323	2	0.0	0.0	0.0	0.0	3	1.0152334644854533	7.840524935894551	230.0	35	1.05	0.95				
	324	1	0.0	0.0	0.0	0.0	3	1.04725789243825	9.790600106443486	230.0	36	1.05	0.95				
	325	1	0.0	0.0	0.0	0.0	3	1.0172683838113126	8.439192866549735	230.0	35	1.05	0.95				
];
