%% MATPOWER Case Format : Version 2
function mpc = RTS_GMLC
mpc.version = '2';

%%-----  Power Flow Data  -----%%
%% system MVA base
mpc.baseMVA = 100.0;
%% bus data
%    bus_i    type    Pd    Qd    Gs    Bs    area    Vm    Va    baseKV    zone    Vmax    Vmin
mpc.bus = [
	101	2	53.43889164631579	10.885700150175438	0.0	0.0	1	1.012912179166048	0.7479842994505488	138.0	11	1.05	0.95				
	102	2	47.99604157122807	9.896091045614035	0.0	0.0	1	1.0102403581547976	0.01573748357092397	138.0	12	1.05	0.95				
	103	1	89.06481941052633	18.307768434385967	0.0	0.0	1	1.024404037703794	0.9378269166454166	138.0	11	1.05	0.95				
	104	1	36.61553686877193	7.422068284210526	0.0	0.0	1	1.0130855205067484	-2.3674369291347332	138.0	11	1.05	0.95				
	105	1	35.13112321192982	6.927263731929825	0.0	0.0	1	1.024270493055869	-2.664852811793092	138.0	11	1.05	0.95				
	106	1	67.29341911017545	13.85452746385965	0.0	-100.0	1	1.037981576236929	-5.182849716917151	138.0	12	1.05	0.95				
	107	2	61.85056903508772	12.370113807017544	0.0	0.0	1	0.9877300817384365	-11.969496472418625	138.0	12	1.05	0.95				
	108	1	84.61157844	17.31815932982456	0.0	0.0	1	0.994237343088863	-10.029901781023243	138.0	12	1.05	0.95				
	109	1	86.59079664912281	17.81296388210526	0.0	0.0	1	1.0264653483834494	-3.0833170084265635	138.0	13	1.05	0.95				
	110	1	96.48688769473684	19.79218209122807	0.0	0.0	1	1.05	-4.483171038711222	138.0	13	1.05	0.95				
	111	1	0.0	0.0	0.0	0.0	1	1.0225379725307568	-0.40635421868555444	230.0	13	1.05	0.95				
	112	1	0.0	0.0	0.0	0.0	1	1.017486094336271	-1.2212937846604413	230.0	13	1.05	0.95				
	113	3	131.12320635438596	26.719445823157894	0.0	0.0	1	1.0048484355830054	2.0611394622994267e-30	230.0	14	1.05	0.95				
	114	2	95.99208314245614	19.29737753894737	0.0	0.0	1	1.05	2.523965307205882	230.0	16	1.05	0.95				
	115	2	156.85304307298244	31.66749134596491	0.0	0.0	1	1.0420602452377925	11.58412951045121	230.0	16	1.05	0.95				
	116	2	49.48045522807018	9.896091045614035	0.0	0.0	1	1.0435015772119733	9.863700142188938	230.0	16	1.05	0.95				
	117	1	0.0	0.0	0.0	0.0	1	1.0409278568640654	15.803614422107314	230.0	17	1.05	0.95				
	118	2	164.7699159094737	33.646709555087725	0.0	0.0	1	1.048929853041285	16.355171343567548	230.0	17	1.05	0.95				
	119	1	89.55962396280702	18.307768434385967	0.0	0.0	1	1.0403899766264595	5.88102303140724	230.0	15	1.05	0.95				
	120	1	63.33498269192982	12.864918359298247	0.0	0.0	1	1.0445676438767584	3.2999283753963833	230.0	15	1.05	0.95				
	121	2	0.0	0.0	0.0	0.0	1	1.043495813244322	18.05936252759658	230.0	17	1.05	0.95				
	122	2	0.0	0.0	0.0	0.0	1	1.05	36.01859331258511	230.0	17	1.05	0.95				
	123	2	0.0	0.0	0.0	0.0	1	1.048118555618923	2.2530281936366765	230.0	15	1.05	0.95				
	124	1	0.0	0.0	0.0	0.0	1	1.02215328463348	7.62383620702943	230.0	16	1.05	0.95				
	201	2	44.57358727578948	9.079804815438596	0.0	0.0	2	1.012842535313021	-15.674806194044134	138.0	21	1.05	0.95				
	202	2	40.03368486807018	8.254368014035089	0.0	0.0	2	1.0119481479337349	-15.961961536256975	138.0	22	1.05	0.95				
	203	1	74.28931212631579	15.270580825964913	0.0	0.0	2	1.0140972574915397	-11.520591272211739	138.0	21	1.05	0.95				
	204	1	30.541161651929826	6.190776010526315	0.0	0.0	2	1.0114178986182798	-15.504399287285276	138.0	21	1.05	0.95				
	205	1	29.303006449824565	5.778057609824563	0.0	0.0	2	1.0263920103522348	-15.963161667709711	138.0	21	1.05	0.95				
	206	1	56.12970249543861	11.556115219649126	0.0	-100.0	2	1.0418845116926418	-16.642807599961845	138.0	22	1.05	0.95				
	207	2	51.589800087719304	10.31796001754386	0.0	0.0	2	0.9946816103286844	-21.56803655182188	138.0	22	1.05	0.95				
	208	1	70.57484652	14.445144024561404	0.0	0.0	2	1.0004549550959947	-19.70997539659075	138.0	22	1.05	0.95				
	209	1	72.22572012280702	14.857862425263157	0.0	0.0	2	1.022943840953177	-13.419476052462974	138.0	23	1.05	0.95				
	210	1	80.48008813684211	16.508736028070178	0.0	0.0	2	1.05	-14.922524812477983	138.0	23	1.05	0.95				
	211	1	0.0	0.0	0.0	0.0	2	1.0077635980881672	-10.250388360918297	230.0	23	1.05	0.95				
	212	1	0.0	0.0	0.0	0.0	2	1.0080437274060516	-9.309158193627313	230.0	23	1.05	0.95				
	213	2	109.37037618596493	22.28679363789474	0.0	0.0	2	1.0028201708342444	-8.774631385312126	230.0	24	1.05	0.95				
	214	2	80.06736973614036	16.096017627368422	0.0	0.0	2	1.0127095371846413	-7.533674746565502	230.0	26	1.05	0.95				
	215	2	130.83173302245615	26.413977644912283	0.0	0.0	2	1.0303154831402694	-0.7382495790894565	230.0	26	1.05	0.95				
	216	2	41.27184007017544	8.254368014035089	0.0	0.0	2	1.0310395648173443	-1.207578461739616	230.0	26	1.05	0.95				
	217	1	0.0	0.0	0.0	0.0	2	1.0378027526889948	0.3323588747669252	230.0	27	1.05	0.95				
	218	2	137.43522743368422	28.064851247719304	0.0	0.0	2	1.035996138801855	-0.07688878257545492	230.0	27	1.05	0.95				
	219	1	74.70203052701756	15.270580825964913	0.0	0.0	2	1.0286448440268772	-1.3986027337280285	230.0	25	1.05	0.95				
	220	1	52.827955289824565	10.730678418245615	0.0	0.0	2	1.0292213953379254	-0.7622066341851106	230.0	25	1.05	0.95				
	221	2	0.0	0.0	0.0	0.0	2	1.0364939605924206	0.495478839990536	230.0	27	1.05	0.95				
	222	2	0.0	0.0	0.0	0.0	2	1.05	6.931047686542866	230.0	27	1.05	0.95				
	223	2	0.0	0.0	0.0	0.0	2	1.0301701475561913	-0.09602808422616321	230.0	25	1.05	0.95				
	224	1	0.0	0.0	0.0	0.0	2	1.0109271371151698	-4.754395981746155	230.0	26	1.05	0.95				
	301	2	52.47959506105263	10.690287882807018	0.0	0.0	3	1.0084987062190307	-2.325344676894936	138.0	31	1.05	0.95				
	302	2	47.13445111964912	9.718443529824562	0.0	0.0	3	1.007823751978651	-2.466690276709578	138.0	32	1.05	0.95				
	303	1	87.46599176842105	17.97912053017544	0.0	0.0	3	1.0314597616680352	4.253129719728067	138.0	31	1.05	0.95				
	304	1	35.95824106035088	7.28883264736842	0.0	0.0	3	1.0097430219622687	-0.9138043804806445	138.0	31	1.05	0.95				
	305	1	34.50047453087719	6.802910470877194	0.0	0.0	3	1.0228330122027072	-1.7348729050070064	138.0	31	1.05	0.95				
	306	1	66.08541600280702	13.605820941754388	0.0	-100.0	3	1.0387098947089541	-1.9695049906708135	138.0	32	1.05	0.95				
	307	2	60.74027206140351	12.1480544122807	0.0	0.0	3	0.9928533386937815	-7.280338007669837	138.0	32	1.05	0.95				
	308	1	83.09269218	17.00727617719298	0.0	0.0	3	0.9976080110985686	-5.049245478491307	138.0	32	1.05	0.95				
	309	1	85.0363808859649	17.493198353684207	0.0	0.0	3	1.0271355106543587	2.3398464655186446	138.0	33	1.05	0.95				
	310	1	94.75482441578946	19.436887059649123	0.0	0.0	3	1.05	0.4175991995313825	138.0	33	1.05	0.95				
	311	1	0.0	0.0	0.0	0.0	3	1.0091759345941471	5.871197773681962	230.0	33	1.05	0.95				
	312	1	0.0	0.0	0.0	0.0	3	1.0116689824046308	6.250378813218359	230.0	33	1.05	0.95				
	313	2	128.76937677017543	26.239797530526314	0.0	0.0	3	1.010640632653895	9.355709050403933	230.0	34	1.05	0.95				
	314	2	94.26890223929824	18.950964883157894	0.0	0.0	3	1.0104321080377447	7.410449019231039	230.0	36	1.05	0.95				
	315	2	154.0373299477193	31.099019295438595	0.0	0.0	3	1.0357736319093378	9.024237229549042	230.0	36	1.05	0.95				
	316	2	48.5922176491228	9.718443529824562	0.0	0.0	3	1.0339686101100998	9.51749575226902	230.0	36	1.05	0.95				
	317	1	0.0	0.0	0.0	0.0	3	1.0462920803513414	13.021996898219015	230.0	37	1.05	0.95				
	318	2	161.81208477157892	33.04270800140351	0.0	0.0	3	1.0429158433972863	10.52817658009896	230.0	37	1.05	0.95				
	319	1	87.95191394491228	17.97912053017544	0.0	0.0	3	1.0274057405596204	9.733782321763899	230.0	35	1.05	0.95				
	320	1	62.19803859087719	12.633976588771931	0.0	0.0	3	1.0229336363388941	9.889587251902181	230.0	35	1.05	0.95				
	321	2	0.0	0.0	0.0	0.0	3	1.0419966065469481	10.660784441691582	230.0	37	1.05	0.95				
	322	2	0.0	0.0	0.0	0.0	3	1.05	15.918564810845767	230.0	37	1.05	0.95				
	323	2	0.0	0.0	0.0	0.0	3	1.020911863131653	10.184587732896537	230.0	35	1.05	0.95				
	324	1	0.0	0.0	0.0	0.0	3	1.0286690863652732	8.364536267209925	230.0	36	1.05	0.95				
	325	1	0.0	0.0	0.0	0.0	3	1.021550120271564	10.863671868893004	230.0	35	1.05	0.95				
];
