%% MATPOWER Case Format : Version 2
function mpc = RTS_GMLC
mpc.version = '2';

%%-----  Power Flow Data  -----%%
%% system MVA base
mpc.baseMVA = 100.0;
%% bus data
%    bus_i    type    Pd    Qd    Gs    Bs    area    Vm    Va    baseKV    zone    Vmax    Vmin
mpc.bus = [
	101	2	58.11479465684211	11.838198911578948	0.0	0.0	1	1.0345556961261309	2.526668211652378	138.0	11	1.05	0.95				
	102	2	52.19569520105263	10.761999010526315	0.0	0.0	1	1.034619004603885	2.5052625412407137	138.0	12	1.05	0.95				
	103	1	96.85799109473685	19.909698169473682	0.0	0.0	1	1.0258688117290027	-0.04768189225246182	138.0	11	1.05	0.95				
	104	1	39.819396338947364	8.071499257894736	0.0	0.0	1	1.0203513623909344	-1.0036210742564584	138.0	11	1.05	0.95				
	105	1	38.205096487368415	7.533399307368422	0.0	0.0	1	1.0348387642629306	-0.8000127416761348	138.0	11	1.05	0.95				
	106	1	73.18159327157895	15.066798614736843	0.0	-100.0	1	1.042509501678014	-3.1608103741179066	138.0	12	1.05	0.95				
	107	2	67.26249381578947	13.452498763157895	0.0	0.0	1	1.0352324233980648	-0.9927573857523724	138.0	12	1.05	0.95				
	108	1	92.01509154	18.83349826842105	0.0	0.0	1	1.0230739447768702	-3.141916857677132	138.0	12	1.05	0.95				
	109	1	94.16749134210527	19.371598218947366	0.0	0.0	1	1.0258184097559457	-1.7045587324228233	138.0	13	1.05	0.95				
	110	1	104.92949035263157	21.52399802105263	0.0	0.0	1	1.05	-2.4821686789842126	138.0	13	1.05	0.95				
	111	1	0.0	0.0	0.0	0.0	1	1.0056457511346024	-0.2518794701701284	230.0	13	1.05	0.95				
	112	1	0.0	0.0	0.0	0.0	1	1.011041161854142	0.42993240384310755	230.0	13	1.05	0.95				
	113	3	142.59648688947365	29.057397328421054	0.0	0.0	1	0.9992838355014956	7.164703052721302e-30	230.0	14	1.05	0.95				
	114	2	104.39139040210526	20.985898070526314	0.0	0.0	1	1.0018121417153978	1.484150589894594	230.0	16	1.05	0.95				
	115	2	170.5776843168421	34.43839683368421	0.0	0.0	1	1.040361821792026	7.249466698265711	230.0	16	1.05	0.95				
	116	2	53.80999505263158	10.761999010526315	0.0	0.0	1	1.036631933030218	7.093904666034241	230.0	16	1.05	0.95				
	117	1	0.0	0.0	0.0	0.0	1	1.0447404914655682	9.20815393468346	230.0	17	1.05	0.95				
	118	2	179.18728352526315	36.590796635789474	0.0	0.0	1	1.0479087979368067	9.467084248506739	230.0	17	1.05	0.95				
	119	1	97.39609104526316	19.909698169473682	0.0	0.0	1	1.0306412094408224	6.283367855395984	230.0	15	1.05	0.95				
	120	1	68.87679366736842	13.99059871368421	0.0	0.0	1	1.0296210238145589	6.613032758111537	230.0	15	1.05	0.95				
	121	2	0.0	0.0	0.0	0.0	1	1.05	9.354362025658618	230.0	17	1.05	0.95				
	122	2	0.0	0.0	0.0	0.0	1	1.05	15.807785770012305	230.0	17	1.05	0.95				
	123	2	0.0	0.0	0.0	0.0	1	1.0301969179236716	7.204029669421674	230.0	15	1.05	0.95				
	124	1	0.0	0.0	0.0	0.0	1	1.0254250404565373	4.534567901135459	230.0	16	1.05	0.95				
	201	2	55.64048479578948	11.334172828771932	0.0	0.0	2	1.0317008275515795	-6.96918778250302	138.0	21	1.05	0.95				
	202	2	49.97339838140351	10.303793480701756	0.0	0.0	2	1.0318182630865003	-7.041853736273941	138.0	22	1.05	0.95				
	203	1	92.7341413263158	19.062017939298244	0.0	0.0	2	1.0258625725934072	-5.4424408130740956	138.0	21	1.05	0.95				
	204	1	38.12403587859649	7.7278451105263155	0.0	0.0	2	1.0188568864099374	-9.578927166847956	138.0	21	1.05	0.95				
	205	1	36.578466856491225	7.212655436491229	0.0	0.0	2	1.0340291464126117	-9.798926200132804	138.0	21	1.05	0.95				
	206	1	70.06579566877194	14.425310872982458	0.0	-100.0	2	1.042855246456946	-11.881051773439367	138.0	22	1.05	0.95				
	207	2	64.39870925438596	12.879741850877194	0.0	0.0	2	0.9859935562091572	-19.701251937515863	138.0	22	1.05	0.95				
	208	1	88.09743426	18.03163859122807	0.0	0.0	2	0.9912120198253117	-17.305118514389655	138.0	22	1.05	0.95				
	209	1	90.15819295614035	18.54682826526316	0.0	0.0	2	1.0237860234789022	-9.561159055449211	138.0	23	1.05	0.95				
	210	1	100.4619864368421	20.607586961403513	0.0	0.0	2	1.05	-11.037039873173088	138.0	23	1.05	0.95				
	211	1	0.0	0.0	0.0	0.0	2	1.0101985819639452	-6.997404374048729	230.0	23	1.05	0.95				
	212	1	0.0	0.0	0.0	0.0	2	1.0140401469117126	-6.602593461256857	230.0	23	1.05	0.95				
	213	2	136.52526361929824	27.82024239789474	0.0	0.0	2	1.0060007117991046	-6.370351025771663	230.0	24	1.05	0.95				
	214	2	99.94679676280703	20.092397287368424	0.0	0.0	2	1.0145524808205648	-4.1790498127575715	230.0	26	1.05	0.95				
	215	2	163.31512666912283	32.972139138245616	0.0	0.0	2	1.0345623633373058	3.229352666689014	230.0	26	1.05	0.95				
	216	2	51.518967403508775	10.303793480701756	0.0	0.0	2	1.0373379224159245	2.8809069470059483	230.0	26	1.05	0.95				
	217	1	0.0	0.0	0.0	0.0	2	1.0409240422702548	6.092943931127313	230.0	27	1.05	0.95				
	218	2	171.55816145368422	35.03289783438597	0.0	0.0	2	1.042938083106395	6.727278969345581	230.0	27	1.05	0.95				
	219	1	93.24933100035089	19.062017939298244	0.0	0.0	2	1.0376670492682918	1.427624311695344	230.0	25	1.05	0.95				
	220	1	65.94427827649123	13.394931524912282	0.0	0.0	2	1.042067201594663	1.1490971087356239	230.0	25	1.05	0.95				
	221	2	0.0	0.0	0.0	0.0	2	1.0425868400896985	6.4833181341321415	230.0	27	1.05	0.95				
	222	2	0.0	0.0	0.0	0.0	2	1.05	12.834742523994501	230.0	27	1.05	0.95				
	223	2	0.0	0.0	0.0	0.0	2	1.045359176573409	1.3773506303271819	230.0	25	1.05	0.95				
	224	1	0.0	0.0	0.0	0.0	2	1.020411704417651	-0.021869986290483114	230.0	26	1.05	0.95				
	301	2	63.08826320842106	12.851312875789473	0.0	0.0	3	1.0067829055335897	-35.0413129428718	138.0	31	1.05	0.95				
	302	2	56.66260677052632	11.683011705263159	0.0	0.0	3	1.0061435540971777	-35.18539225498862	138.0	32	1.05	0.95				
	303	1	105.14710534736842	21.61357165473684	0.0	0.0	3	1.0212475337563032	-27.676405500185144	138.0	31	1.05	0.95				
	304	1	43.22714330947368	8.762258778947368	0.0	0.0	3	1.006520346658637	-33.16723480344445	138.0	31	1.05	0.95				
	305	1	41.47469155368421	8.178108193684212	0.0	0.0	3	1.0202842228322175	-34.11061793442235	138.0	31	1.05	0.95				
	306	1	79.44447959578947	16.356216387368423	0.0	-100.0	3	1.0352942541360919	-34.242057099513836	138.0	32	1.05	0.95				
	307	2	73.01882315789474	14.603764631578947	0.0	0.0	3	1.0032398312398771	-36.002236497556076	138.0	32	1.05	0.95				
	308	1	99.88975008	20.445270484210525	0.0	0.0	3	1.0020093940475234	-35.39415883843458	138.0	32	1.05	0.95				
	309	1	102.22635242105262	21.029421069473685	0.0	0.0	3	1.0272764907099252	-29.138608203355652	138.0	33	1.05	0.95				
	310	1	113.90936412631578	23.366023410526317	0.0	0.0	3	1.05	-31.305432997974425	138.0	33	1.05	0.95				
	311	1	0.0	0.0	0.0	0.0	3	1.0176328227549958	-24.234941077985056	230.0	33	1.05	0.95				
	312	1	0.0	0.0	0.0	0.0	3	1.017279891347119	-23.53847877080949	230.0	33	1.05	0.95				
	313	2	154.79990509473686	31.54413160421053	0.0	0.0	3	1.0248894540659794	-20.507468908944656	230.0	34	1.05	0.95				
	314	2	113.32521354105263	22.781872825263157	0.0	0.0	3	1.0282362219240069	-21.558229033737952	230.0	36	1.05	0.95				
	315	2	185.17573552842103	37.385637456842105	0.0	0.0	3	1.048353420081973	-14.685483803431927	230.0	36	1.05	0.95				
	316	2	58.41505852631579	11.683011705263159	0.0	0.0	3	1.0483653993488444	-14.283742137784635	230.0	36	1.05	0.95				
	317	1	0.0	0.0	0.0	0.0	3	1.049360983655508	-11.586148727757923	230.0	37	1.05	0.95				
	318	2	194.5221448926316	39.72223979789474	0.0	0.0	3	1.0497014482246654	-10.968576621041	230.0	37	1.05	0.95				
	319	1	105.73125593263157	21.61357165473684	0.0	0.0	3	1.045456898008478	-15.281044852023461	230.0	35	1.05	0.95				
	320	1	74.77127491368421	15.187915216842104	0.0	0.0	3	1.0475758102471826	-15.05559047715482	230.0	35	1.05	0.95				
	321	2	0.0	0.0	0.0	0.0	3	1.05	-10.563056804627784	230.0	37	1.05	0.95				
	322	2	0.0	0.0	0.0	0.0	3	1.05	-5.188536839164421	230.0	37	1.05	0.95				
	323	2	0.0	0.0	0.0	0.0	3	1.05	-14.50504074538262	230.0	35	1.05	0.95				
	324	1	0.0	0.0	0.0	0.0	3	1.0217126032346222	-19.480960816300612	230.0	36	1.05	0.95				
	325	1	0.0	0.0	0.0	0.0	3	1.0398986065210976	-12.588768810487085	230.0	35	1.05	0.95				
];
