%% MATPOWER Case Format : Version 2
function mpc = RTS_GMLC
mpc.version = '2';

%%-----  Power Flow Data  -----%%
%% system MVA base
mpc.baseMVA = 100.0;
%% bus data
%    bus_i    type    Pd    Qd    Gs    Bs    area    Vm    Va    baseKV    zone    Vmax    Vmin
mpc.bus = [
	101	2	73.18456211368421	14.907966356491228	0.0	0.0	1	1.05	1.5302097340775849	138.0	11	1.05	0.95				
	102	2	65.7305789354386	13.552696687719298	0.0	0.0	1	1.049574558515277	1.280402075884144	138.0	12	1.05	0.95				
	103	1	121.97427018947369	25.0724888722807	0.0	0.0	1	1.0296047632851455	-0.8473616006879698	138.0	11	1.05	0.95				
	104	1	50.1449777445614	10.164522515789475	0.0	0.0	1	1.0271268119188768	-2.417048217711967	138.0	11	1.05	0.95				
	105	1	48.11207324140351	9.48688768140351	0.0	0.0	1	1.0400884664230254	-2.7422599182069436	138.0	11	1.05	0.95				
	106	1	92.15833747649124	18.97377536280702	0.0	-100.0	1	1.0414684646834111	-5.80755616300619	138.0	12	1.05	0.95				
	107	2	84.70435429824562	16.940870859649124	0.0	0.0	1	1.009067862906494	-9.294995564092076	138.0	12	1.05	0.95				
	108	1	115.87555668	23.717219203508773	0.0	0.0	1	1.0027710866096695	-9.371125692172171	138.0	12	1.05	0.95				
	109	1	118.58609601754387	24.394854037894735	0.0	0.0	1	1.0262497896496663	-3.8013860987022876	138.0	13	1.05	0.95				
	110	1	132.13879270526317	27.105393375438595	0.0	0.0	1	1.05	-5.026349751681329	138.0	13	1.05	0.95				
	111	1	0.0	0.0	0.0	0.0	1	1.0123422160262643	-1.513598500129489	230.0	13	1.05	0.95				
	112	1	0.0	0.0	0.0	0.0	1	1.0148430675355165	-0.7333886968278509	230.0	13	1.05	0.95				
	113	3	179.5732311122807	36.592281056842104	0.0	0.0	1	1.0107414902636653	-1.3799412531585536e-28	230.0	14	1.05	0.95				
	114	2	131.4611578708772	26.427758541052633	0.0	0.0	1	1.0138010199038028	0.12560279023723497	230.0	16	1.05	0.95				
	115	2	214.8102425003509	43.36862940070176	0.0	0.0	1	1.0429561234163198	6.946159394258013	230.0	16	1.05	0.95				
	116	2	67.7634834385965	13.552696687719298	0.0	0.0	1	1.0401411218652956	6.533438982158606	230.0	16	1.05	0.95				
	117	1	0.0	0.0	0.0	0.0	1	1.044941243428274	8.925586069269146	230.0	17	1.05	0.95				
	118	2	225.65239985052634	46.07916873824562	0.0	0.0	1	1.0469225363999117	9.158808905400011	230.0	17	1.05	0.95				
	119	1	122.65190502385965	25.0724888722807	0.0	0.0	1	1.0340210978160032	5.64865674367373	230.0	15	1.05	0.95				
	120	1	86.73725880140351	17.61850569403509	0.0	0.0	1	1.033509034015168	5.740358596455392	230.0	15	1.05	0.95				
	121	2	0.0	0.0	0.0	0.0	1	1.0499999567805747	10.507777170137755	230.0	17	1.05	0.95				
	122	2	0.0	0.0	0.0	0.0	1	1.05	16.888467394990116	230.0	17	1.05	0.95				
	123	2	0.0	0.0	0.0	0.0	1	1.0349546365909974	6.298993371453856	230.0	15	1.05	0.95				
	124	1	0.0	0.0	0.0	0.0	1	1.0279165654750595	4.040869412653553	230.0	16	1.05	0.95				
	201	2	64.53140248421053	13.14528569122807	0.0	0.0	2	1.0299485844417824	-7.004784254712993	138.0	21	1.05	0.95				
	202	2	57.95875963859649	11.950259719298247	0.0	0.0	2	1.0303658824989421	-6.9556129498882715	138.0	22	1.05	0.95				
	203	1	107.55233747368422	22.107980480701755	0.0	0.0	2	1.0193563998175783	-6.934629705278614	138.0	21	1.05	0.95				
	204	1	44.21596096140351	8.962694789473684	0.0	0.0	2	1.0174944494392388	-8.690008718882373	138.0	21	1.05	0.95				
	205	1	42.42342200350877	8.365181803508772	0.0	0.0	2	1.0324733119970813	-8.839770333011034	138.0	21	1.05	0.95				
	206	1	81.26176609122808	16.730363607017544	0.0	-100.0	2	1.0406537479904818	-10.417861959089715	138.0	22	1.05	0.95				
	207	2	74.68912324561404	14.937824649122808	0.0	0.0	2	0.9895424048448875	-19.35004357453237	138.0	22	1.05	0.95				
	208	1	102.17472060000001	20.912954508771932	0.0	0.0	2	0.9897278305791204	-16.484109530466384	138.0	22	1.05	0.95				
	209	1	104.56477254385965	21.510467494736844	0.0	0.0	2	1.025120506981409	-7.676699088124964	138.0	23	1.05	0.95				
	210	1	116.51503226315789	23.900519438596493	0.0	0.0	2	1.05	-8.802643970965038	138.0	23	1.05	0.95				
	211	1	0.0	0.0	0.0	0.0	2	1.0124580186323155	-4.5712187030186335	230.0	23	1.05	0.95				
	212	1	0.0	0.0	0.0	0.0	2	1.016927224315395	-0.8507857735485163	230.0	23	1.05	0.95				
	213	2	158.34094128070174	32.265701242105266	0.0	0.0	2	1.0116713528139263	-2.5559969418356845	230.0	24	1.05	0.95				
	214	2	115.91751927719298	23.303006452631582	0.0	0.0	2	1.0163939532774187	-2.6161721075817796	230.0	26	1.05	0.95				
	215	2	189.4116165508772	38.24083110175439	0.0	0.0	2	1.0365107775089182	3.796914184312188	230.0	26	1.05	0.95				
	216	2	59.75129859649123	11.950259719298247	0.0	0.0	2	1.0368237095859136	3.7811462503856395	230.0	26	1.05	0.95				
	217	1	0.0	0.0	0.0	0.0	2	1.0412386698439067	6.127201471369859	230.0	27	1.05	0.95				
	218	2	198.97182432631578	40.63088304561404	0.0	0.0	2	1.0421781146067737	6.486080474219086	230.0	27	1.05	0.95				
	219	1	108.14985045964913	22.107980480701755	0.0	0.0	2	1.0351188054175584	3.3748456109052842	230.0	25	1.05	0.95				
	220	1	76.48166220350878	15.535337635087721	0.0	0.0	2	1.0384499142811232	4.160755276470841	230.0	25	1.05	0.95				
	221	2	0.0	0.0	0.0	0.0	2	1.0422166579898613	6.348215759860721	230.0	27	1.05	0.95				
	222	2	0.0	0.0	0.0	0.0	2	1.05	12.766014438727776	230.0	27	1.05	0.95				
	223	2	0.0	0.0	0.0	0.0	2	1.0418233738491491	5.03394068168555	230.0	25	1.05	0.95				
	224	1	0.0	0.0	0.0	0.0	2	1.0167561377561576	-0.19689479754283779	230.0	26	1.05	0.95				
	301	2	83.77602025263158	17.065485607017543	0.0	0.0	3	0.9817550771702684	-14.439012413714591	138.0	31	1.05	0.95				
	302	2	75.2432774491228	15.514077824561404	0.0	0.0	3	0.9833685119382123	-14.701056848279496	138.0	32	1.05	0.95				
	303	1	139.62670042105262	28.701043975438594	0.0	0.0	3	0.9989059526960402	-9.331017771421621	138.0	31	1.05	0.95				
	304	1	57.40208795087719	11.635558368421052	0.0	0.0	3	0.9753990951881436	-12.389101714583223	138.0	31	1.05	0.95				
	305	1	55.074976277192974	10.859854477192982	0.0	0.0	3	0.9875231599792624	-12.589366990689417	138.0	31	1.05	0.95				
	306	1	105.49572920701755	21.719708954385965	0.0	-100.0	3	0.9978015328386179	-12.446057820104993	138.0	32	1.05	0.95				
	307	2	96.96298640350876	19.392597280701754	0.0	0.0	3	0.95	-19.18522826130745	138.0	32	1.05	0.95				
	308	1	132.6453654	27.149636192982452	0.0	0.0	3	0.9544561499570451	-15.557582758033348	138.0	32	1.05	0.95				
	309	1	135.74818096491228	27.925340084210525	0.0	0.0	3	0.9988525128226099	-7.1457321910532885	138.0	33	1.05	0.95				
	310	1	151.2622587894737	31.02815564912281	0.0	0.0	3	1.0177098312592086	-8.08681430258081	138.0	33	1.05	0.95				
	311	1	0.0	0.0	0.0	0.0	3	0.9960344497892011	0.6419844092506034	230.0	33	1.05	0.95				
	312	1	0.0	0.0	0.0	0.0	3	0.9981200225961697	2.0005164427725415	230.0	33	1.05	0.95				
	313	2	205.56153117543857	41.88801012631579	0.0	0.0	3	1.025666151945339	9.251927882285667	230.0	34	1.05	0.95				
	314	2	150.4865548982456	30.25245175789474	0.0	0.0	3	1.0107465948265693	0.9997161230331495	230.0	36	1.05	0.95				
	315	2	245.89813351929823	49.64504903859649	0.0	0.0	3	1.0499999979392056	-0.9177306184881795	230.0	36	1.05	0.95				
	316	2	77.57038912280701	15.514077824561404	0.0	0.0	3	1.0485607893785822	0.9564757678714155	230.0	36	1.05	0.95				
	317	1	0.0	0.0	0.0	0.0	3	1.0496409641219309	0.9254191946363081	230.0	37	1.05	0.95				
	318	2	258.30939577894736	52.74786460350877	0.0	0.0	3	1.0472005266331843	-0.021458228025025814	230.0	37	1.05	0.95				
	319	1	140.4024043122807	28.701043975438594	0.0	0.0	3	1.0403370621458599	2.7227803923402547	230.0	35	1.05	0.95				
	320	1	99.29009807719298	20.168301171929826	0.0	0.0	3	1.0373897355715216	4.346140512845444	230.0	35	1.05	0.95				
	321	2	0.0	0.0	0.0	0.0	3	1.05	0.22802178795824543	230.0	37	1.05	0.95				
	322	2	0.0	0.0	0.0	0.0	3	1.05	4.849123181829349	230.0	37	1.05	0.95				
	323	2	0.0	0.0	0.0	0.0	3	1.0365215705452573	5.074503722286367	230.0	35	1.05	0.95				
	324	1	0.0	0.0	0.0	0.0	3	1.02252021436688	-2.1252181936047116	230.0	36	1.05	0.95				
	325	1	0.0	0.0	0.0	0.0	3	1.037214723583355	5.5393960477805395	230.0	35	1.05	0.95				
];
