%% MATPOWER Case Format : Version 2
function mpc = RTS_GMLC
mpc.version = '2';

%%-----  Power Flow Data  -----%%
%% system MVA base
mpc.baseMVA = 100.0;
%% bus data
%    bus_i    type    Pd    Qd    Gs    Bs    area    Vm    Va    baseKV    zone    Vmax    Vmin
mpc.bus = [
	101	2	39.85205343157895	8.118010884210527	0.0	0.0	1	1.0313922687988908	2.726769867798877	138.0	11	1.05	0.95				
	102	2	35.79304798947368	7.380009894736843	0.0	0.0	1	1.0305057633665637	2.484511985561144	138.0	12	1.05	0.95				
	103	1	66.42008905263158	13.653018305263156	0.0	0.0	1	1.0299791890595147	0.47050765673808387	138.0	11	1.05	0.95				
	104	1	27.306036610526313	5.535007421052631	0.0	0.0	1	1.0214844882750196	-0.5813875764431222	138.0	11	1.05	0.95				
	105	1	26.19903512631579	5.16600692631579	0.0	0.0	1	1.0356241751571558	-0.2959112238377202	138.0	11	1.05	0.95				
	106	1	50.184067284210535	10.33201385263158	0.0	-100.0	1	1.046522713926203	-2.410613453581585	138.0	12	1.05	0.95				
	107	2	46.12506184210526	9.225012368421053	0.0	0.0	1	1.0002266556986124	-7.26919723950794	138.0	12	1.05	0.95				
	108	1	63.0990846	12.915017315789473	0.0	0.0	1	1.0064255362985228	-6.137563314916916	138.0	12	1.05	0.95				
	109	1	64.57508657894738	13.284017810526317	0.0	0.0	1	1.025031436535951	-1.5842411788907498	138.0	13	1.05	0.95				
	110	1	71.95509647368421	14.760019789473686	0.0	0.0	1	1.05	-2.188668700163561	138.0	13	1.05	0.95				
	111	1	0.0	0.0	0.0	0.0	1	1.0023904534030204	-0.1683096973821244	230.0	13	1.05	0.95				
	112	1	0.0	0.0	0.0	0.0	1	1.0073165528482246	0.25087788546660267	230.0	13	1.05	0.95				
	113	3	97.78513110526316	19.926026715789476	0.0	0.0	1	0.9921353334333612	-3.1444805358635077e-28	230.0	14	1.05	0.95				
	114	2	71.58609597894736	14.391019294736843	0.0	0.0	1	0.9987738449504405	1.536530153873482	230.0	16	1.05	0.95				
	115	2	116.97315683157893	23.616031663157894	0.0	0.0	1	1.0378932973094208	6.268553645851988	230.0	16	1.05	0.95				
	116	2	36.90004947368421	7.380009894736843	0.0	0.0	1	1.0327162173621074	6.038518837115801	230.0	16	1.05	0.95				
	117	1	0.0	0.0	0.0	0.0	1	1.0417811990364436	7.577435838172485	230.0	17	1.05	0.95				
	118	2	122.87716474736843	25.092033642105267	0.0	0.0	1	1.0452050805474848	7.31532527972685	230.0	17	1.05	0.95				
	119	1	66.78908954736842	13.653018305263156	0.0	0.0	1	1.0262005447009306	5.370540252951628	230.0	15	1.05	0.95				
	120	1	47.23206332631579	9.594012863157895	0.0	0.0	1	1.0227402531579952	5.508808121555488	230.0	15	1.05	0.95				
	121	2	0.0	0.0	0.0	0.0	1	1.05	7.915460557481444	230.0	17	1.05	0.95				
	122	2	0.0	0.0	0.0	0.0	1	1.05	15.755618367703896	230.0	17	1.05	0.95				
	123	2	0.0	0.0	0.0	0.0	1	1.021145483312265	5.874779567257461	230.0	15	1.05	0.95				
	124	1	0.0	0.0	0.0	0.0	1	1.0268737265227863	4.099313282662259	230.0	16	1.05	0.95				
	201	2	42.19360931368421	8.594994489824561	0.0	0.0	2	1.0232360397057534	-6.758608389639939	138.0	21	1.05	0.95				
	202	2	37.89611206877193	7.813631354385965	0.0	0.0	2	1.0239086692104482	-6.557760102767415	138.0	22	1.05	0.95				
	203	1	70.32268218947368	14.455218005614034	0.0	0.0	2	1.0184080917295368	-6.255385368344143	138.0	21	1.05	0.95				
	204	1	28.910436011228068	5.860223515789474	0.0	0.0	2	1.017417236090707	-8.472486489402293	138.0	21	1.05	0.95				
	205	1	27.738391308070177	5.469541948070176	0.0	0.0	2	1.031800439082835	-8.7128214575424	138.0	21	1.05	0.95				
	206	1	53.132693209824566	10.939083896140351	0.0	-100.0	2	1.0448620293927284	-10.154617540687877	138.0	22	1.05	0.95				
	207	2	48.83519596491228	9.767039192982455	0.0	0.0	2	0.988824800653176	-15.829551881089223	138.0	22	1.05	0.95				
	208	1	66.80654808	13.673854870175436	0.0	0.0	2	0.9979913247589967	-14.112011219632551	138.0	22	1.05	0.95				
	209	1	68.36927435087719	14.064536437894738	0.0	0.0	2	1.022958473568471	-8.425783451684413	138.0	23	1.05	0.95				
	210	1	76.18290570526315	15.62726270877193	0.0	0.0	2	1.05	-9.431691446172609	138.0	23	1.05	0.95				
	211	1	0.0	0.0	0.0	0.0	2	1.0037660942166682	-6.0782455953250265	230.0	23	1.05	0.95				
	212	1	0.0	0.0	0.0	0.0	2	1.0103214100227316	-5.875080075560445	230.0	23	1.05	0.95				
	213	2	103.53061544561403	21.096804656842107	0.0	0.0	2	0.9983611393955333	-5.5555367067283035	230.0	24	1.05	0.95				
	214	2	75.79222413754385	15.236581141052632	0.0	0.0	2	1.0016240856390264	-3.5558913659984723	230.0	26	1.05	0.95				
	215	2	123.84605696701753	25.003620334035087	0.0	0.0	2	1.0251989131968022	2.6722783382532316	230.0	26	1.05	0.95				
	216	2	39.06815677192982	7.813631354385965	0.0	0.0	2	1.0270484489601437	2.2950208442231768	230.0	26	1.05	0.95				
	217	1	0.0	0.0	0.0	0.0	2	1.0323795783060357	5.039605715813735	230.0	27	1.05	0.95				
	218	2	130.09696205052632	26.566346604912283	0.0	0.0	2	1.0338794752825888	5.475963041482935	230.0	27	1.05	0.95				
	219	1	70.71336375719298	14.455218005614034	0.0	0.0	2	1.0281291428633041	0.9379739526173724	230.0	25	1.05	0.95				
	220	1	50.007240668070175	10.157720760701755	0.0	0.0	2	1.0317793869694702	0.52431727412222	230.0	25	1.05	0.95				
	221	2	0.0	0.0	0.0	0.0	2	1.0340019579859308	5.304194692086661	230.0	27	1.05	0.95				
	222	2	0.0	0.0	0.0	0.0	2	1.05	11.696249132354684	230.0	27	1.05	0.95				
	223	2	0.0	0.0	0.0	0.0	2	1.034105535920245	0.5948231511130991	230.0	25	1.05	0.95				
	224	1	0.0	0.0	0.0	0.0	2	1.0115808086189797	-0.6818622277190584	230.0	26	1.05	0.95				
	301	2	52.66751028631579	10.728566910175438	0.0	0.0	3	1.0071418624838997	-30.998122559468495	138.0	31	1.05	0.95				
	302	2	47.30322683122806	9.753242645614035	0.0	0.0	3	1.0065110469584622	-31.152354415591283	138.0	32	1.05	0.95				
	303	1	87.7791838105263	18.043498894385962	0.0	0.0	3	1.0300297452916598	-23.869481778209508	138.0	31	1.05	0.95				
	304	1	36.086997788771924	7.314931984210525	0.0	0.0	3	1.0092378522076857	-29.58120837700596	138.0	31	1.05	0.95				
	305	1	34.62401139192982	6.827269851929825	0.0	0.0	3	1.022169060309726	-30.54089390344415	138.0	31	1.05	0.95				
	306	1	66.32204999017543	13.65453970385965	0.0	-100.0	3	1.0383514937497185	-30.851223864179758	138.0	32	1.05	0.95				
	307	2	60.95776653508771	12.191553307017543	0.0	0.0	3	0.9914611559334122	-36.24568735121219	138.0	32	1.05	0.95				
	308	1	83.39022461999998	17.068174629824558	0.0	0.0	3	0.9963631664264746	-34.00246614832606	138.0	32	1.05	0.95				
	309	1	85.3408731491228	17.555836762105262	0.0	0.0	3	1.0273908992615866	-26.30734078481202	138.0	33	1.05	0.95				
	310	1	95.09411579473684	19.50648529122807	0.0	0.0	3	1.05	-28.51529539225723	138.0	33	1.05	0.95				
	311	1	0.0	0.0	0.0	0.0	3	1.0122101708753521	-22.37592334513119	230.0	33	1.05	0.95				
	312	1	0.0	0.0	0.0	0.0	3	1.0153635174846611	-21.537199813007962	230.0	33	1.05	0.95				
	313	2	129.23046505438595	26.333755143157894	0.0	0.0	3	1.0168186892828972	-18.58379237938936	230.0	34	1.05	0.95				
	314	2	94.60645366245612	19.018823158947367	0.0	0.0	3	1.0158559642742362	-20.607872430135178	230.0	36	1.05	0.95				
	315	2	154.58889593298244	31.210376465964913	0.0	0.0	3	1.0392135274658285	-16.024590424466435	230.0	36	1.05	0.95				
	316	2	48.76621322807017	9.753242645614035	0.0	0.0	3	1.039760579036293	-15.201714094758175	230.0	36	1.05	0.95				
	317	1	0.0	0.0	0.0	0.0	3	1.0431532777968013	-13.70378294636109	230.0	37	1.05	0.95				
	318	2	162.39149004947367	33.161024995087715	0.0	0.0	3	1.0427278221214824	-13.456147662765732	230.0	37	1.05	0.95				
	319	1	88.26684594280701	18.043498894385962	0.0	0.0	3	1.03920694034231	-15.47118268724687	230.0	35	1.05	0.95				
	320	1	62.420752931929826	12.679215439298245	0.0	0.0	3	1.042196178399024	-14.779526347695702	230.0	35	1.05	0.95				
	321	2	0.0	0.0	0.0	0.0	3	1.0429874770552263	-13.79151582543195	230.0	37	1.05	0.95				
	322	2	0.0	0.0	0.0	0.0	3	1.05	-9.430895665106389	230.0	37	1.05	0.95				
	323	2	0.0	0.0	0.0	0.0	3	1.04480642334497	-14.039303666997133	230.0	35	1.05	0.95				
	324	1	0.0	0.0	0.0	0.0	3	1.0257212858518656	-18.962591859627842	230.0	36	1.05	0.95				
	325	1	0.0	0.0	0.0	0.0	3	1.0365020254031487	-12.256070919165554	230.0	35	1.05	0.95				
];
