%% MATPOWER Case Format : Version 2
function mpc = RTS_GMLC
mpc.version = '2';

%%-----  Power Flow Data  -----%%
%% system MVA base
mpc.baseMVA = 100.0;
%% bus data
%    bus_i    type    Pd    Qd    Gs    Bs    area    Vm    Va    baseKV    zone    Vmax    Vmin
mpc.bus = [
	101	2	81.02671942736843	16.50544284631579	0.0	0.0	1	1.0319148958306985	-3.139513380664398	138.0	11	1.05	0.95				
	102	2	72.77399800421053	15.004948042105266	0.0	0.0	1	1.0319322916618303	-3.192796373969786	138.0	12	1.05	0.95				
	103	1	135.04453237894737	27.75915387789474	0.0	0.0	1	1.0196621129319399	-3.6708107338995943	138.0	11	1.05	0.95				
	104	1	55.51830775578948	11.253711031578947	0.0	0.0	1	1.0159166319760233	-5.922801342068861	138.0	11	1.05	0.95				
	105	1	53.26756554947368	10.503463629473686	0.0	0.0	1	1.031009859773274	-5.963875299006384	138.0	11	1.05	0.95				
	106	1	102.0336466863158	21.00692725894737	0.0	-100.0	1	1.0360918774675691	-8.22654150589919	138.0	12	1.05	0.95				
	107	2	93.7809252631579	18.75618505263158	0.0	0.0	1	1.05	-4.275718700862661	138.0	12	1.05	0.95				
	108	1	128.29230576	26.25865907368421	0.0	0.0	1	1.0255772347627405	-7.221416044972821	138.0	12	1.05	0.95				
	109	1	131.29329536842107	27.008906475789473	0.0	0.0	1	1.0268716143250791	-5.116834898907179	138.0	13	1.05	0.95				
	110	1	146.29824341052634	30.00989608421053	0.0	0.0	1	1.05	-6.454728106700986	138.0	13	1.05	0.95				
	111	1	0.0	0.0	0.0	0.0	1	1.0141250405598512	-2.0664365117691377	230.0	13	1.05	0.95				
	112	1	0.0	0.0	0.0	0.0	1	1.0164627205055636	-1.0612298909319808	230.0	13	1.05	0.95				
	113	3	198.81556155789474	40.51335971368422	0.0	0.0	1	1.0164353992747284	2.106697819894126e-26	230.0	14	1.05	0.95				
	114	2	145.54799600842105	29.259648682105265	0.0	0.0	1	1.0163750546324422	-0.11468161538978099	230.0	16	1.05	0.95				
	115	2	237.82842646736842	48.015833734736844	0.0	0.0	1	1.0449683872219753	7.393898904998597	230.0	16	1.05	0.95				
	116	2	75.02474021052632	15.004948042105266	0.0	0.0	1	1.043248876471404	7.164710163874955	230.0	16	1.05	0.95				
	117	1	0.0	0.0	0.0	0.0	1	1.047068305055583	10.021417723379322	230.0	17	1.05	0.95				
	118	2	249.83238490105265	51.0168233431579	0.0	0.0	1	1.0490874585198176	10.542831100187172	230.0	17	1.05	0.95				
	119	1	135.79477978105263	27.75915387789474	0.0	0.0	1	1.0378630274201535	6.177506640525703	230.0	15	1.05	0.95				
	120	1	96.03166746947369	19.506432454736846	0.0	0.0	1	1.0398393263900585	6.735972768838931	230.0	15	1.05	0.95				
	121	2	0.0	0.0	0.0	0.0	1	1.05	11.156225045419248	230.0	17	1.05	0.95				
	122	2	0.0	0.0	0.0	0.0	1	1.05	17.718676450927234	230.0	17	1.05	0.95				
	123	2	0.0	0.0	0.0	0.0	1	1.0431076921680629	7.594951133795292	230.0	15	1.05	0.95				
	124	1	0.0	0.0	0.0	0.0	1	1.02164018132031	3.3074727911977604	230.0	16	1.05	0.95				
	201	2	85.49220838736842	17.415079486315786	0.0	0.0	2	1.039816546534461	-10.906881823565746	138.0	21	1.05	0.95				
	202	2	76.78466864421051	15.831890442105262	0.0	0.0	2	1.0408580482646885	-11.06333627123878	138.0	22	1.05	0.95				
	203	1	142.48701397894735	29.288997317894733	0.0	0.0	2	1.0266534534652358	-7.759615663731412	138.0	21	1.05	0.95				
	204	1	58.577994635789466	11.873917831578945	0.0	0.0	2	1.0190060133471404	-12.650467692839886	138.0	21	1.05	0.95				
	205	1	56.20321106947367	11.082323309473683	0.0	0.0	2	1.0347730843595344	-13.053222016176388	138.0	21	1.05	0.95				
	206	1	107.6568550063158	22.164646618947366	0.0	-100.0	2	1.0374333720613806	-15.010540625030131	138.0	22	1.05	0.95				
	207	2	98.94931526315787	19.789863052631578	0.0	0.0	2	0.95	-26.8519953255357	138.0	22	1.05	0.95				
	208	1	135.36266327999996	27.705808273684205	0.0	0.0	2	0.956585435837449	-22.89241984836728	138.0	22	1.05	0.95				
	209	1	138.52904136842105	28.497402795789466	0.0	0.0	2	1.0263581484296356	-10.758720173100949	138.0	23	1.05	0.95				
	210	1	154.36093181052627	31.663780884210524	0.0	0.0	2	1.05	-12.749772487394473	138.0	23	1.05	0.95				
	211	1	0.0	0.0	0.0	0.0	2	1.0325172415776451	-5.8655018342550775	230.0	23	1.05	0.95				
	212	1	0.0	0.0	0.0	0.0	2	1.0255989928701013	-3.510697828257288	230.0	23	1.05	0.95				
	213	2	209.77254835789472	42.74610419368421	0.0	0.0	2	1.0487742774572582	-2.1357831595719343	230.0	24	1.05	0.95				
	214	2	153.56933728842102	30.872186362105257	0.0	0.0	2	1.05	-3.499528673350128	230.0	26	1.05	0.95				
	215	2	250.93546350736838	50.662049414736835	0.0	0.0	2	1.0453741642182397	4.8396383368523805	230.0	26	1.05	0.95				
	216	2	79.15945221052631	15.831890442105262	0.0	0.0	2	1.0496818232589467	4.736597557780565	230.0	26	1.05	0.95				
	217	1	0.0	0.0	0.0	0.0	2	1.0495863495383635	7.796113932627924	230.0	27	1.05	0.95				
	218	2	263.6009758610526	53.8284275031579	0.0	0.0	2	1.05	8.54259944872776	230.0	27	1.05	0.95				
	219	1	143.27860850105262	29.288997317894733	0.0	0.0	2	1.0440598024347498	4.295330387706533	230.0	25	1.05	0.95				
	220	1	101.32409882947367	20.581457574736838	0.0	0.0	2	1.0462264886920591	5.3893099971653395	230.0	25	1.05	0.95				
	221	2	0.0	0.0	0.0	0.0	2	1.05	9.030969310963025	230.0	27	1.05	0.95				
	222	2	0.0	0.0	0.0	0.0	2	1.05	15.058377901941789	230.0	27	1.05	0.95				
	223	2	0.0	0.0	0.0	0.0	2	1.05	6.563948096074695	230.0	25	1.05	0.95				
	224	1	0.0	0.0	0.0	0.0	2	1.0224468830783873	0.15334215502132115	230.0	26	1.05	0.95				
	301	2	65.12116418526315	13.265422334035087	0.0	0.0	3	1.0092441510274937	-17.307799750709815	138.0	31	1.05	0.95				
	302	2	58.488453018245615	12.059474849122807	0.0	0.0	3	1.0084098627065228	-17.503092818182644	138.0	32	1.05	0.95				
	303	1	108.53527364210527	22.310028470877192	0.0	0.0	3	1.0205024022266982	-10.932586896871648	138.0	31	1.05	0.95				
	304	1	44.620056941754385	9.044606136842106	0.0	0.0	3	1.006785410848098	-15.801497253277795	138.0	31	1.05	0.95				
	305	1	42.81113571438596	8.441632394385966	0.0	0.0	3	1.0212722816666224	-16.398962479212642	138.0	31	1.05	0.95				
	306	1	82.0044289740351	16.883264788771932	0.0	-100.0	3	1.0352829982864933	-16.567513206070068	138.0	32	1.05	0.95				
	307	2	75.37171780701755	15.074343561403508	0.0	0.0	3	1.006107442863724	-18.147133940077982	138.0	32	1.05	0.95				
	308	1	103.10850995999998	21.10408098596491	0.0	0.0	3	1.003125761612907	-17.755238253531434	138.0	32	1.05	0.95				
	309	1	105.52040492982455	21.707054728421053	0.0	0.0	3	1.0262017395744862	-11.94452354829774	138.0	33	1.05	0.95				
	310	1	117.57987977894737	24.118949698245615	0.0	0.0	3	1.05	-13.55519539709691	138.0	33	1.05	0.95				
	311	1	0.0	0.0	0.0	0.0	3	1.0150588402713632	-6.90430023404896	230.0	33	1.05	0.95				
	312	1	0.0	0.0	0.0	0.0	3	1.0156022314604132	-6.405808243223444	230.0	33	1.05	0.95				
	313	2	159.78804175087717	32.56058209263158	0.0	0.0	3	1.0220785586969954	-2.9005672683325683	230.0	34	1.05	0.95				
	314	2	116.97690603649123	23.51597595578947	0.0	0.0	3	1.0232495783237965	-4.580940574286212	230.0	36	1.05	0.95				
	315	2	191.14267635859647	38.59031951719298	0.0	0.0	3	1.0452745537176944	0.6929309955211602	230.0	36	1.05	0.95				
	316	2	60.29737424561403	12.059474849122807	0.0	0.0	3	1.0422173316229693	0.4225103226778684	230.0	36	1.05	0.95				
	317	1	0.0	0.0	0.0	0.0	3	1.0461242494035323	2.6381043880944355	230.0	37	1.05	0.95				
	318	2	200.79025623789474	41.00221448701755	0.0	0.0	3	1.0471841184513166	2.9138014562186125	230.0	37	1.05	0.95				
	319	1	109.1382473845614	22.310028470877192	0.0	0.0	3	1.0371183942621187	-0.35062715269866834	230.0	35	1.05	0.95				
	320	1	77.18063903438596	15.67731730385965	0.0	0.0	3	1.036694161306699	-0.2525178635947865	230.0	35	1.05	0.95				
	321	2	0.0	0.0	0.0	0.0	3	1.05	4.081299000363677	230.0	37	1.05	0.95				
	322	2	0.0	0.0	0.0	0.0	3	1.05	9.289562556958908	230.0	37	1.05	0.95				
	323	2	0.0	0.0	0.0	0.0	3	1.0375933746114168	0.16510552502076226	230.0	35	1.05	0.95				
	324	1	0.0	0.0	0.0	0.0	3	1.0226584579276863	-2.781515970229982	230.0	36	1.05	0.95				
	325	1	0.0	0.0	0.0	0.0	3	1.0361210782003238	1.0898516359507204	230.0	35	1.05	0.95				
];
