%% MATPOWER Case Format : Version 2
function mpc = RTS_GMLC
mpc.version = '2';

%%-----  Power Flow Data  -----%%
%% system MVA base
mpc.baseMVA = 100.0;
%% bus data
%    bus_i    type    Pd    Qd    Gs    Bs    area    Vm    Va    baseKV    zone    Vmax    Vmin
mpc.bus = [
	101	2	42.59079663157895	8.67590301754386	0.0	0.0	1	1.0325156521162688	2.073036543729796	138.0	11	1.05	0.95				
	102	2	38.25284512280702	7.88718456140351	0.0	0.0	1	1.0315729301670717	1.7947352895618642	138.0	12	1.05	0.95				
	103	1	70.98466105263158	14.59129143859649	0.0	0.0	1	1.031003289068883	1.124307019138908	138.0	11	1.05	0.95				
	104	1	29.18258287719298	5.915388421052631	0.0	0.0	1	1.0212524892784849	-1.2527314535588228	138.0	11	1.05	0.95				
	105	1	27.999505192982454	5.521029192982456	0.0	0.0	1	1.0357630161356062	-1.092084926226793	138.0	11	1.05	0.95				
	106	1	53.632855017543854	11.042058385964912	0.0	-100.0	1	1.045991003195209	-3.313270020580159	138.0	12	1.05	0.95				
	107	2	49.294903508771924	9.858980701754385	0.0	0.0	1	0.9998364735993692	-9.869982786832969	138.0	12	1.05	0.95				
	108	1	67.435428	13.802572982456137	0.0	0.0	1	1.0044410688469942	-8.003769934894434	138.0	12	1.05	0.95				
	109	1	69.0128649122807	14.196932210526313	0.0	0.0	1	1.0245758459230594	-2.141901107937304	138.0	13	1.05	0.95				
	110	1	76.9000494736842	15.77436912280702	0.0	0.0	1	1.05	-3.053986519821015	138.0	13	1.05	0.95				
	111	1	0.0	0.0	0.0	0.0	1	1.003574621299305	-0.14217080319022748	230.0	13	1.05	0.95				
	112	1	0.0	0.0	0.0	0.0	1	1.0079512176938956	-0.7823568821611916	230.0	13	1.05	0.95				
	113	3	104.50519543859649	21.295398315789473	0.0	0.0	1	0.9947551522510181	-1.3059580352003128e-29	230.0	14	1.05	0.95				
	114	2	76.50569024561403	15.380009894736842	0.0	0.0	1	1.0023311739527931	2.3192178368212235	230.0	16	1.05	0.95				
	115	2	125.0118752982456	25.238990596491227	0.0	0.0	1	1.0409466049150349	9.392275889572645	230.0	16	1.05	0.95				
	116	2	39.43592280701754	7.88718456140351	0.0	0.0	1	1.0346871978716345	8.039317696721842	230.0	16	1.05	0.95				
	117	1	0.0	0.0	0.0	0.0	1	1.0409960026715346	12.5616709151563	230.0	17	1.05	0.95				
	118	2	131.3216229473684	26.816427508771927	0.0	0.0	1	1.048087021091359	13.058431068621145	230.0	17	1.05	0.95				
	119	1	71.37902028070175	14.59129143859649	0.0	0.0	1	1.0227848853570587	4.8861479525790426	230.0	15	1.05	0.95				
	120	1	50.477981192982455	10.253339929824563	0.0	0.0	1	1.017091084998092	2.8787363995169435	230.0	15	1.05	0.95				
	121	2	0.0	0.0	0.0	0.0	1	1.05	14.454533529004307	230.0	17	1.05	0.95				
	122	2	0.0	0.0	0.0	0.0	1	1.05	27.075079682681533	230.0	17	1.05	0.95				
	123	2	0.0	0.0	0.0	0.0	1	1.0145897802793218	2.077017896979239	230.0	15	1.05	0.95				
	124	1	0.0	0.0	0.0	0.0	1	1.0267033881345646	6.297262495385727	230.0	16	1.05	0.95				
	201	2	42.72060444631578	8.702345350175438	0.0	0.0	2	1.012801161061773	-14.259358162109354	138.0	21	1.05	0.95				
	202	2	38.369431771228065	7.911223045614035	0.0	0.0	2	1.0119162109785054	-14.542588442156262	138.0	22	1.05	0.95				
	203	1	71.2010074105263	14.635762634385962	0.0	0.0	2	1.015015604441825	-10.336367315084162	138.0	21	1.05	0.95				
	204	1	29.271525268771924	5.933417284210525	0.0	0.0	2	1.0118125692308282	-14.15198856489355	138.0	21	1.05	0.95				
	205	1	28.084841811929824	5.537856131929825	0.0	0.0	2	1.0266210554570745	-14.585867855771408	138.0	21	1.05	0.95				
	206	1	53.79631671017544	11.07571226385965	0.0	-100.0	2	1.042366239781725	-15.271839873019022	138.0	22	1.05	0.95				
	207	2	49.445144035087715	9.889028807017542	0.0	0.0	2	0.9949259451563107	-19.96929914933583	138.0	22	1.05	0.95				
	208	1	67.64095703999999	13.844640329824559	0.0	0.0	2	1.0013064315777158	-18.20362815660135	138.0	22	1.05	0.95				
	209	1	69.2232016491228	14.240201482105261	0.0	0.0	2	1.0229923131506011	-12.191362238069914	138.0	23	1.05	0.95				
	210	1	77.13442469473684	15.82244609122807	0.0	0.0	2	1.05	-13.637719848512365	138.0	23	1.05	0.95				
	211	1	0.0	0.0	0.0	0.0	2	1.005924418847213	-9.193309759524102	230.0	23	1.05	0.95				
	212	1	0.0	0.0	0.0	0.0	2	1.0082284752632389	-8.272355153370542	230.0	23	1.05	0.95				
	213	2	104.82370535438594	21.36030222315789	0.0	0.0	2	1.0028375334273656	-7.628953354268545	230.0	24	1.05	0.95				
	214	2	76.73886354245613	15.426884938947365	0.0	0.0	2	1.0066452808613187	-6.728109596437963	230.0	26	1.05	0.95				
	215	2	125.39288527298244	25.315913745964906	0.0	0.0	2	1.02157804997152	-0.7177970493843621	230.0	26	1.05	0.95				
	216	2	39.55611522807017	7.911223045614035	0.0	0.0	2	1.0233022116760773	-0.839705220403192	230.0	26	1.05	0.95				
	217	1	0.0	0.0	0.0	0.0	2	1.0269890378622308	0.5206739563787117	230.0	27	1.05	0.95				
	218	2	131.72186370947367	26.89815835508772	0.0	0.0	2	1.026279242681602	0.0922749859178384	230.0	27	1.05	0.95				
	219	1	71.59656856280702	14.635762634385962	0.0	0.0	2	1.0252578257545253	-0.6024837348477623	230.0	25	1.05	0.95				
	220	1	50.63182749192981	10.284589959298245	0.0	0.0	2	1.0294917055140866	0.37574102855008384	230.0	25	1.05	0.95				
	221	2	0.0	0.0	0.0	0.0	2	1.0282764315056376	0.6222804980996903	230.0	27	1.05	0.95				
	222	2	0.0	0.0	0.0	0.0	2	1.049999004944677	7.072545035537527	230.0	27	1.05	0.95				
	223	2	0.0	0.0	0.0	0.0	2	1.0324994032384636	1.2121949127286942	230.0	25	1.05	0.95				
	224	1	0.0	0.0	0.0	0.0	2	1.0073028877588748	-4.333307742617299	230.0	26	1.05	0.95				
	301	2	45.47548242947368	9.26352419859649	0.0	0.0	3	1.010318465895062	-0.4148202609236237	138.0	31	1.05	0.95				
	302	2	40.84372033017543	8.42138563508772	0.0	0.0	3	1.0100268013437084	-0.6970177124014677	138.0	32	1.05	0.95				
	303	1	75.79247071578946	15.57956342491228	0.0	0.0	3	1.0472549188616667	10.735282257852845	138.0	31	1.05	0.95				
	304	1	31.15912684982456	6.316039226315788	0.0	0.0	3	1.0119801830603776	0.4884822415165627	138.0	31	1.05	0.95				
	305	1	29.8959190045614	5.894969944561403	0.0	0.0	3	1.0250109083470156	-1.2560040581492076	138.0	31	1.05	0.95				
	306	1	57.26542231859648	11.789939889122806	0.0	-100.0	3	1.0410978399443862	-2.2349541918568536	138.0	32	1.05	0.95				
	307	2	52.63366021929824	10.526732043859647	0.0	0.0	3	0.9880895672234226	-6.269396349351302	138.0	32	1.05	0.95				
	308	1	72.00284717999999	14.737424861403506	0.0	0.0	3	0.9968475043296368	-4.396951280025858	138.0	32	1.05	0.95				
	309	1	73.68712430701754	15.158494143157892	0.0	0.0	3	1.026431596440245	3.185353537924386	138.0	33	1.05	0.95				
	310	1	82.10850994210524	16.84277127017544	0.0	0.0	3	1.05	-0.737830108520624	138.0	33	1.05	0.95				
	311	1	0.0	0.0	0.0	0.0	3	1.0086432780818608	3.4882812043023717	230.0	33	1.05	0.95				
	312	1	0.0	0.0	0.0	0.0	3	1.0140684987026756	4.053479490466142	230.0	33	1.05	0.95				
	313	2	111.58335966491227	22.73774121473684	0.0	0.0	3	1.0112206972776334	6.187733391573965	230.0	34	1.05	0.95				
	314	2	81.68744066035086	16.42170198842105	0.0	0.0	3	1.0020469481202323	3.4990061785361464	230.0	36	1.05	0.95				
	315	2	133.47896231614033	26.948434032280698	0.0	0.0	3	1.038006677948566	6.288312644289527	230.0	36	1.05	0.95				
	316	2	42.10692817543859	8.42138563508772	0.0	0.0	3	1.0319571195169202	6.007126725046995	230.0	36	1.05	0.95				
	317	1	0.0	0.0	0.0	0.0	3	1.0438227002978553	9.171504170349891	230.0	37	1.05	0.95				
	318	2	140.2160708242105	28.63271115929824	0.0	0.0	3	1.0418813567416587	7.487316310365346	230.0	37	1.05	0.95				
	319	1	76.21353999754386	15.57956342491228	0.0	0.0	3	1.0247646274194855	5.523916939129457	230.0	35	1.05	0.95				
	320	1	53.896868064561396	10.947801325614034	0.0	0.0	3	1.0213088358872857	5.9263765933193815	230.0	35	1.05	0.95				
	321	2	0.0	0.0	0.0	0.0	3	1.0419158304247176	7.682927576542277	230.0	37	1.05	0.95				
	322	2	0.0	0.0	0.0	0.0	3	1.05	12.59330289016176	230.0	37	1.05	0.95				
	323	2	0.0	0.0	0.0	0.0	3	1.0200325344340784	6.478396397127231	230.0	35	1.05	0.95				
	324	1	0.0	0.0	0.0	0.0	3	1.0387918987743918	7.990480787218774	230.0	36	1.05	0.95				
	325	1	0.0	0.0	0.0	0.0	3	1.0212405484066513	7.174308365160797	230.0	35	1.05	0.95				
];
