%% MATPOWER Case Format : Version 2
function mpc = RTS_GMLC
mpc.version = '2';

%%-----  Power Flow Data  -----%%
%% system MVA base
mpc.baseMVA = 100.0;
%% bus data
%    bus_i    type    Pd    Qd    Gs    Bs    area    Vm    Va    baseKV    zone    Vmax    Vmin
mpc.bus = [
	101	2	61.49480456842106	12.526719449122806	0.0	0.0	1	1.033275015321229	2.2358925171153436	138.0	11	1.05	0.95				
	102	2	55.23144484385965	11.387926771929823	0.0	0.0	1	1.033320823698893	2.1953550315774577	138.0	12	1.05	0.95				
	103	1	102.49134094736843	21.067664528070175	0.0	0.0	1	1.025333171924209	0.4076741049796014	138.0	11	1.05	0.95				
	104	1	42.13532905614035	8.540945078947368	0.0	0.0	1	1.0192352720911628	-1.2517229749362726	138.0	11	1.05	0.95				
	105	1	40.42714004035087	7.971548740350877	0.0	0.0	1	1.0337545447033607	-1.123808717174456	138.0	11	1.05	0.95				
	106	1	77.43790204912281	15.943097480701754	0.0	-100.0	1	1.0412905225346436	-3.530290491461466	138.0	12	1.05	0.95				
	107	2	71.1745423245614	14.23490846491228	0.0	0.0	1	1.0376097821910508	-1.8026873209262522	138.0	12	1.05	0.95				
	108	1	97.3667739	19.92887185087719	0.0	0.0	1	1.0235931893215975	-3.7679510772612623	138.0	12	1.05	0.95				
	109	1	99.64435925438596	20.49826818947368	0.0	0.0	1	1.025875839471576	-1.7707579420393875	138.0	13	1.05	0.95				
	110	1	111.03228602631579	22.775853543859647	0.0	0.0	1	1.05	-2.7357409816211598	138.0	13	1.05	0.95				
	111	1	0.0	0.0	0.0	0.0	1	1.0071493918399606	-0.06195732553475989	230.0	13	1.05	0.95				
	112	1	0.0	0.0	0.0	0.0	1	1.0120620631569517	0.44676741371667744	230.0	13	1.05	0.95				
	113	3	150.89002972807015	30.74740228421053	0.0	0.0	1	1.001694872631608	2.403126290098596e-29	230.0	14	1.05	0.95				
	114	2	110.4628896877193	22.20645720526316	0.0	0.0	1	1.0051059694874225	2.179875727000474	230.0	16	1.05	0.95				
	115	2	180.4986393350877	36.441365670175436	0.0	0.0	1	1.0418455493558776	9.149422079843239	230.0	16	1.05	0.95				
	116	2	56.93963385964912	11.387926771929823	0.0	0.0	1	1.0386739308049637	8.690988249481602	230.0	16	1.05	0.95				
	117	1	0.0	0.0	0.0	0.0	1	1.0454005488789544	11.402522130789833	230.0	17	1.05	0.95				
	118	2	189.60898075263157	38.718951024561406	0.0	0.0	1	1.048517101418309	11.898864989085002	230.0	17	1.05	0.95				
	119	1	103.0607372859649	21.067664528070175	0.0	0.0	1	1.032508420304656	7.339518917432983	230.0	15	1.05	0.95				
	120	1	72.88273134035087	14.804304803508773	0.0	0.0	1	1.0318733405241292	7.251559271483019	230.0	15	1.05	0.95				
	121	2	0.0	0.0	0.0	0.0	1	1.05	12.07959169551498	230.0	17	1.05	0.95				
	122	2	0.0	0.0	0.0	0.0	1	1.05	18.63947219433225	230.0	17	1.05	0.95				
	123	2	0.0	0.0	0.0	0.0	1	1.0327108393677118	7.633537640046181	230.0	15	1.05	0.95				
	124	1	0.0	0.0	0.0	0.0	1	1.024611806475493	5.898598834956799	230.0	16	1.05	0.95				
	201	2	64.31040454736842	13.100267592982457	0.0	0.0	2	1.0320172675346526	-9.980652396549452	138.0	21	1.05	0.95				
	202	2	57.7602707508772	11.909334175438598	0.0	0.0	2	1.0321376067612125	-10.078730056089872	138.0	22	1.05	0.95				
	203	1	107.18400757894737	22.032268224561406	0.0	0.0	2	1.0247321917554397	-7.234374657917304	138.0	21	1.05	0.95				
	204	1	44.06453644912281	8.932000631578948	0.0	0.0	2	1.0175839244957858	-12.340130784935914	138.0	21	1.05	0.95				
	205	1	42.27813632280702	8.336533922807018	0.0	0.0	2	1.0332027968419255	-12.689737518613928	138.0	21	1.05	0.95				
	206	1	80.98347239298246	16.673067845614035	0.0	-100.0	2	1.040733931292638	-14.776013947494226	138.0	22	1.05	0.95				
	207	2	74.43333859649124	14.886667719298247	0.0	0.0	2	0.9867477986169226	-23.738928918283754	138.0	22	1.05	0.95				
	208	1	101.8248072	20.841334807017546	0.0	0.0	2	0.9878977295045696	-20.884275706218837	138.0	22	1.05	0.95				
	209	1	104.20667403508772	21.436801515789476	0.0	0.0	2	1.02392228543535	-11.771295505357458	138.0	23	1.05	0.95				
	210	1	116.11600821052632	23.818668350877196	0.0	0.0	2	1.05	-13.553287242997113	138.0	23	1.05	0.95				
	211	1	0.0	0.0	0.0	0.0	2	1.0156539867476158	-8.612517532942473	230.0	23	1.05	0.95				
	212	1	0.0	0.0	0.0	0.0	2	1.0155983925258238	-7.894749395016589	230.0	23	1.05	0.95				
	213	2	157.7986778245614	32.15520227368421	0.0	0.0	2	1.0150633640167375	-7.567322357774856	230.0	24	1.05	0.95				
	214	2	115.5205415017544	23.223201642105266	0.0	0.0	2	1.024831233283009	-5.479738875000837	230.0	26	1.05	0.95				
	215	2	188.76294668070176	38.10986936140351	0.0	0.0	2	1.038863465117737	2.8584798486015464	230.0	26	1.05	0.95				
	216	2	59.54667087719299	11.909334175438598	0.0	0.0	2	1.041891542076676	2.5542344427765915	230.0	26	1.05	0.95				
	217	1	0.0	0.0	0.0	0.0	2	1.044291697180052	5.958598953847686	230.0	27	1.05	0.95				
	218	2	198.29041402105264	40.49173619649123	0.0	0.0	2	1.0464916140336846	6.582200229572248	230.0	27	1.05	0.95				
	219	1	107.7794742877193	22.032268224561406	0.0	0.0	2	1.0412611743670053	1.4979515885364239	230.0	25	1.05	0.95				
	220	1	76.21973872280702	15.482134428070177	0.0	0.0	2	1.0455441194844721	1.7040287716055926	230.0	25	1.05	0.95				
	221	2	0.0	0.0	0.0	0.0	2	1.0465882213783557	6.516699667796515	230.0	27	1.05	0.95				
	222	2	0.0	0.0	0.0	0.0	2	1.05	12.806123952969523	230.0	27	1.05	0.95				
	223	2	0.0	0.0	0.0	0.0	2	1.0492165014539163	2.2520546672885433	230.0	25	1.05	0.95				
	224	1	0.0	0.0	0.0	0.0	2	1.0209920871189164	-0.9077504087679477	230.0	26	1.05	0.95				
	301	2	54.66624487578948	11.135716548771931	0.0	0.0	3	1.007238807246531	-24.268385584595833	138.0	31	1.05	0.95				
	302	2	49.09838660140352	10.123378680701755	0.0	0.0	3	1.00668635351659	-24.400706016285913	138.0	32	1.05	0.95				
	303	1	91.1104081263158	18.72825055929825	0.0	0.0	3	1.0226712158203368	-17.726672812681432	138.0	31	1.05	0.95				
	304	1	37.4565011185965	7.592534010526316	0.0	0.0	3	1.0083101041900966	-22.705145465506533	138.0	31	1.05	0.95				
	305	1	35.93799431649123	7.08636507649123	0.0	0.0	3	1.0218224660104878	-23.55110519184555	138.0	31	1.05	0.95				
	306	1	68.83897502877194	14.17273015298246	0.0	-100.0	3	1.0378112312068521	-23.732343298975003	138.0	32	1.05	0.95				
	307	2	63.27111675438597	12.654223350877194	0.0	0.0	3	0.9921342910946316	-29.456045497154815	138.0	32	1.05	0.95				
	308	1	86.55488772000001	17.715912691228073	0.0	0.0	3	0.9957461243330675	-27.104840098000093	138.0	32	1.05	0.95				
	309	1	88.57956345614036	18.222081625263158	0.0	0.0	3	1.0264699495069722	-19.251487171957493	138.0	33	1.05	0.95				
	310	1	98.70294213684213	20.24675736140351	0.0	0.0	3	1.05	-21.207687448775527	138.0	33	1.05	0.95				
	311	1	0.0	0.0	0.0	0.0	3	1.014422538488249	-14.401692623692139	230.0	33	1.05	0.95				
	312	1	0.0	0.0	0.0	0.0	3	1.0148536963882893	-13.968760462947674	230.0	33	1.05	0.95				
	313	2	134.13476751929824	27.33312243789474	0.0	0.0	3	1.0190981410475923	-10.825733265199808	230.0	34	1.05	0.95				
	314	2	98.19677320280704	19.740588427368426	0.0	0.0	3	1.0237003579858068	-11.706717625484849	230.0	36	1.05	0.95				
	315	2	160.45555208912282	32.39481177824562	0.0	0.0	3	1.046774668628511	-5.2974382328639	230.0	36	1.05	0.95				
	316	2	50.616893403508776	10.123378680701755	0.0	0.0	3	1.0461760178936799	-4.900195430139535	230.0	36	1.05	0.95				
	317	1	0.0	0.0	0.0	0.0	3	1.049004179712097	-2.25614889447865	230.0	37	1.05	0.95				
	318	2	168.55425503368423	34.41948751438597	0.0	0.0	3	1.0485799963639468	-2.216198291321287	230.0	37	1.05	0.95				
	319	1	91.61657706035089	18.72825055929825	0.0	0.0	3	1.041980637888337	-6.155079716564251	230.0	35	1.05	0.95				
	320	1	64.78962355649124	13.160392284912284	0.0	0.0	3	1.0422151648625528	-6.2931551772321725	230.0	35	1.05	0.95				
	321	2	0.0	0.0	0.0	0.0	3	1.05	-1.5896133890216655	230.0	37	1.05	0.95				
	322	2	0.0	0.0	0.0	0.0	3	1.05	3.8363768341975186	230.0	37	1.05	0.95				
	323	2	0.0	0.0	0.0	0.0	3	1.0431874514001096	-5.9929416982691235	230.0	35	1.05	0.95				
	324	1	0.0	0.0	0.0	0.0	3	1.0220594639281666	-9.897104747612392	230.0	36	1.05	0.95				
	325	1	0.0	0.0	0.0	0.0	3	1.0375414804485528	-4.507669531852054	230.0	35	1.05	0.95				
];
