%% MATPOWER Case Format : Version 2
function mpc = RTS_GMLC
mpc.version = '2';

%%-----  Power Flow Data  -----%%
%% system MVA base
mpc.baseMVA = 100.0;
%% bus data
%    bus_i    type    Pd    Qd    Gs    Bs    area    Vm    Va    baseKV    zone    Vmax    Vmin
mpc.bus = [
	101	2	49.44433448842105	10.07199406245614	0.0	0.0	1	1.05	4.958049678542647	138.0	11	1.05	0.95				
	102	2	44.40833745719298	9.156358238596491	0.0	0.0	1	1.0493090390189204	4.6137077526705825	138.0	12	1.05	0.95				
	103	1	82.40722414736842	16.939262741403507	0.0	0.0	1	1.0321893040441048	1.1676223432943649	138.0	11	1.05	0.95				
	104	1	33.878525482807014	6.867268678947368	0.0	0.0	1	1.0298704689296982	0.521522463334294	138.0	11	1.05	0.95				
	105	1	32.50507174701754	6.409450767017544	0.0	0.0	1	1.0424661636694328	0.41144344261718585	138.0	11	1.05	0.95				
	106	1	62.263236022456134	12.818901534035088	0.0	-100.0	1	1.0472864623628133	-2.653231216930744	138.0	12	1.05	0.95				
	107	2	57.22723899122807	11.445447798245613	0.0	0.0	1	0.9997667749983983	-10.703010391458674	138.0	12	1.05	0.95				
	108	1	78.28686293999999	16.023626917543858	0.0	0.0	1	1.0020107102591385	-8.627471967167558	138.0	12	1.05	0.95				
	109	1	80.1181345877193	16.48144482947368	0.0	0.0	1	1.0248256950662227	-2.1031097989101273	138.0	13	1.05	0.95				
	110	1	89.27449282631578	18.312716477192982	0.0	0.0	1	1.05	-2.8439037425535045	138.0	13	1.05	0.95				
	111	1	0.0	0.0	0.0	0.0	1	1.0042554084351722	-0.7118448888477149	230.0	13	1.05	0.95				
	112	1	0.0	0.0	0.0	0.0	1	1.00953828557967	-0.7566952276800176	230.0	13	1.05	0.95				
	113	3	121.3217466614035	24.722167244210524	0.0	0.0	1	0.9980202734732069	-1.2158539500532975e-30	230.0	14	1.05	0.95				
	114	2	88.81667491438596	17.85489856526316	0.0	0.0	1	0.9991049276406164	0.5501665725248458	230.0	16	1.05	0.95				
	115	2	145.12827808175436	29.300346363508773	0.0	0.0	1	1.0345912986362364	5.97923603205377	230.0	16	1.05	0.95				
	116	2	45.78179119298245	9.156358238596491	0.0	0.0	1	1.0300172253970663	5.033446508035832	230.0	16	1.05	0.95				
	117	1	0.0	0.0	0.0	0.0	1	1.03807228912298	8.254332606476243	230.0	17	1.05	0.95				
	118	2	152.45336467263158	31.131618011228067	0.0	0.0	1	1.0418214699476744	8.806650580912313	230.0	17	1.05	0.95				
	119	1	82.86504205929825	16.939262741403507	0.0	0.0	1	1.0214003488145729	3.1898369827958484	230.0	15	1.05	0.95				
	120	1	58.600692727017545	11.903265710175438	0.0	0.0	1	1.0170859846537246	2.1253475407150013	230.0	15	1.05	0.95				
	121	2	0.0	0.0	0.0	0.0	1	1.0448714798898677	10.098783518780058	230.0	17	1.05	0.95				
	122	2	0.0	0.0	0.0	0.0	1	1.05	17.032687478359247	230.0	17	1.05	0.95				
	123	2	0.0	0.0	0.0	0.0	1	1.0154065863311186	1.895887278461643	230.0	15	1.05	0.95				
	124	1	0.0	0.0	0.0	0.0	1	1.0265194896720429	4.1687911469011	230.0	16	1.05	0.95				
	201	2	50.20053517894737	10.226034943859649	0.0	0.0	2	1.0172712412621974	-14.108760246611164	138.0	21	1.05	0.95				
	202	2	45.08751770701755	9.296395403508772	0.0	0.0	2	1.0169590442443375	-14.249445356918633	138.0	22	1.05	0.95				
	203	1	83.66755863157896	17.198331496491228	0.0	0.0	2	1.0144549540527648	-10.828077413202928	138.0	21	1.05	0.95				
	204	1	34.396662992982456	6.97229655263158	0.0	0.0	2	1.0129845373978763	-14.214497690585507	138.0	21	1.05	0.95				
	205	1	33.00220368245614	6.507476782456141	0.0	0.0	2	1.0279450873541482	-14.642954770677978	138.0	21	1.05	0.95				
	206	1	63.21548874385966	13.014953564912283	0.0	-100.0	2	1.041580371818257	-15.459299828977343	138.0	22	1.05	0.95				
	207	2	58.10247127192982	11.620494254385966	0.0	0.0	2	0.994862750570675	-21.418201577606347	138.0	22	1.05	0.95				
	208	1	79.48418070000001	16.26869195614035	0.0	0.0	2	0.998475281789041	-19.27662457532361	138.0	22	1.05	0.95				
	209	1	81.34345978070176	16.73351172631579	0.0	0.0	2	1.0233827061712792	-12.265186260400421	138.0	23	1.05	0.95				
	210	1	90.63985518421053	18.592790807017543	0.0	0.0	2	1.05	-13.687956624697593	138.0	23	1.05	0.95				
	211	1	0.0	0.0	0.0	0.0	2	1.0076554775405944	-9.33903669529542	230.0	23	1.05	0.95				
	212	1	0.0	0.0	0.0	0.0	2	1.0108824278167816	-6.919041124116593	230.0	23	1.05	0.95				
	213	2	123.17723909649123	25.100267589473685	0.0	0.0	2	1.005095835661557	-7.515387614866546	230.0	24	1.05	0.95				
	214	2	90.1750354140351	18.12797103684211	0.0	0.0	2	1.0091282515450037	-7.200581531917291	230.0	26	1.05	0.95				
	215	2	147.34786714561406	29.748465291228072	0.0	0.0	2	1.0232473165167708	-0.913068952444458	230.0	26	1.05	0.95				
	216	2	46.48197701754386	9.296395403508772	0.0	0.0	2	1.0238740055150286	-1.307376666045473	230.0	26	1.05	0.95				
	217	1	0.0	0.0	0.0	0.0	2	1.0274728153901058	0.05462337472342248	230.0	27	1.05	0.95				
	218	2	154.78498346842107	31.60774437192983	0.0	0.0	2	1.0267541192149316	-0.4303042764177475	230.0	27	1.05	0.95				
	219	1	84.1323784017544	17.198331496491228	0.0	0.0	2	1.0236934887898546	-1.3422982983257865	230.0	25	1.05	0.95				
	220	1	59.496930582456145	12.085314024561404	0.0	0.0	2	1.0268742116709013	-0.46352653467408533	230.0	25	1.05	0.95				
	221	2	0.0	0.0	0.0	0.0	2	1.0290407756798923	0.20966277541515435	230.0	27	1.05	0.95				
	222	2	0.0	0.0	0.0	0.0	2	1.0499999774296518	6.639616508664917	230.0	27	1.05	0.95				
	223	2	0.0	0.0	0.0	0.0	2	1.029605142018037	0.37247663005504716	230.0	25	1.05	0.95				
	224	1	0.0	0.0	0.0	0.0	2	1.0077721599790375	-4.631981921103983	230.0	26	1.05	0.95				
	301	2	62.23410314526316	12.67731730736842	0.0	0.0	3	1.0023098142251412	-8.18273062962074	138.0	31	1.05	0.95				
	302	2	55.89544449157895	11.524833915789474	0.0	0.0	3	1.0020035792687407	-8.279305027871008	138.0	32	1.05	0.95				
	303	1	103.72350524210528	21.320942744210527	0.0	0.0	3	1.0203758678999886	-3.2738096748520404	138.0	31	1.05	0.95				
	304	1	42.64188548842105	8.643625436842104	0.0	0.0	3	1.0044088463379832	-6.445338523021831	138.0	31	1.05	0.95				
	305	1	40.91316040105263	8.067383741052634	0.0	0.0	3	1.0177154787972669	-6.6828370689122565	138.0	31	1.05	0.95				
	306	1	78.36887062736842	16.134767482105268	0.0	-100.0	3	1.0343402014404968	-6.497806937718477	138.0	32	1.05	0.95				
	307	2	72.03021197368422	14.406042394736843	0.0	0.0	3	0.9936598705587683	-11.562985614507678	138.0	32	1.05	0.95				
	308	1	98.53732998	20.16845935263158	0.0	0.0	3	0.9990224154024422	-8.916176649005372	138.0	32	1.05	0.95				
	309	1	100.8422967631579	20.744701048421053	0.0	0.0	3	1.0262849519926178	-2.5942462139920646	138.0	33	1.05	0.95				
	310	1	112.36713067894738	23.049667831578947	0.0	0.0	3	1.05	-3.3390582142846887	138.0	33	1.05	0.95				
	311	1	0.0	0.0	0.0	0.0	3	1.013298542635614	2.7235306643249357	230.0	33	1.05	0.95				
	312	1	0.0	0.0	0.0	0.0	3	1.0176293836892147	3.919943145324601	230.0	33	1.05	0.95				
	313	2	152.70404938421052	31.11705157263158	0.0	0.0	3	1.030636211691222	9.506446257147877	230.0	34	1.05	0.95				
	314	2	111.7908889831579	22.473426135789477	0.0	0.0	3	1.0135827920578178	2.426501963522979	230.0	36	1.05	0.95				
	315	2	182.66861756526316	36.87946853052632	0.0	0.0	3	1.0259196980588252	-0.5093223681665986	230.0	36	1.05	0.95				
	316	2	57.624169578947374	11.524833915789474	0.0	0.0	3	1.0262530132532663	0.50241332112579	230.0	36	1.05	0.95				
	317	1	0.0	0.0	0.0	0.0	3	1.0298614884624293	0.40900651018405154	230.0	37	1.05	0.95				
	318	2	191.88848469789474	39.18443531368421	0.0	0.0	3	1.0277471057433463	-0.38458493599201277	230.0	37	1.05	0.95				
	319	1	104.29974693789474	21.320942744210527	0.0	0.0	3	1.0266479607568553	2.959472172444627	230.0	35	1.05	0.95				
	320	1	73.75893706105263	14.982284090526319	0.0	0.0	3	1.0291365196956077	4.682365346760636	230.0	35	1.05	0.95				
	321	2	0.0	0.0	0.0	0.0	3	1.029177927819236	0.13273279259394064	230.0	37	1.05	0.95				
	322	2	0.0	0.0	0.0	0.0	3	1.0427711727986897	4.608360897626359	230.0	37	1.05	0.95				
	323	2	0.0	0.0	0.0	0.0	3	1.0308502736269933	5.484770992211645	230.0	35	1.05	0.95				
	324	1	0.0	0.0	0.0	0.0	3	1.0206788710695747	0.2694868163813889	230.0	36	1.05	0.95				
	325	1	0.0	0.0	0.0	0.0	3	1.031832472256966	5.881477169603964	230.0	35	1.05	0.95				
];
