%% MATPOWER Case Format : Version 2
function mpc = RTS_GMLC
mpc.version = '2';

%%-----  Power Flow Data  -----%%
%% system MVA base
mpc.baseMVA = 100.0;
%% bus data
%    bus_i    type    Pd    Qd    Gs    Bs    area    Vm    Va    baseKV    zone    Vmax    Vmin
mpc.bus = [
	101	2	54.92182088842106	11.187778329122807	0.0	0.0	1	1.033974793880111	1.210527230421009	138.0	11	1.05	0.95				
	102	2	49.32793172385965	10.170707571929825	0.0	0.0	1	1.0335301675564421	1.0692700493108716	138.0	12	1.05	0.95				
	103	1	91.53636814736842	18.815809008070175	0.0	0.0	1	1.0263214144823978	-0.5865779942117547	138.0	11	1.05	0.95				
	104	1	37.63161801614035	7.628030678947368	0.0	0.0	1	1.020386356155509	-2.0024806917722078	138.0	11	1.05	0.95				
	105	1	36.10601188035088	7.119495300350878	0.0	0.0	1	1.0351381600990965	-1.8290474760688393	138.0	11	1.05	0.95				
	106	1	69.1608114891228	14.238990600701756	0.0	-100.0	1	1.0433374291714999	-4.039169623299517	138.0	12	1.05	0.95				
	107	2	63.5669223245614	12.71338446491228	0.0	0.0	1	1.0154654807663714	-5.00418230712999	138.0	12	1.05	0.95				
	108	1	86.95954974	17.798738250877193	0.0	0.0	1	1.0121746719823237	-5.716663467657539	138.0	12	1.05	0.95				
	109	1	88.99369125438596	18.307273629473684	0.0	0.0	1	1.025324087165962	-2.4585905403163295	138.0	13	1.05	0.95				
	110	1	99.16439882631579	20.34141514385965	0.0	0.0	1	1.05	-3.3097037026923997	138.0	13	1.05	0.95				
	111	1	0.0	0.0	0.0	0.0	1	1.005811087287164	-0.6191295833538586	230.0	13	1.05	0.95				
	112	1	0.0	0.0	0.0	0.0	1	1.010275671514852	0.048687015205491506	230.0	13	1.05	0.95				
	113	3	134.76187532807018	27.46091044421053	0.0	0.0	1	0.9997857883761592	-1.6020049134449224e-30	230.0	14	1.05	0.95				
	114	2	98.6558634477193	19.832879765263158	0.0	0.0	1	1.0032109383732069	1.2201788725458946	230.0	16	1.05	0.95				
	115	2	161.20571501508772	32.54626423017544	0.0	0.0	1	1.038672880447097	7.064288609349843	230.0	16	1.05	0.95				
	116	2	50.85353785964912	10.170707571929825	0.0	0.0	1	1.0349939985125913	6.812120417427345	230.0	16	1.05	0.95				
	117	1	0.0	0.0	0.0	0.0	1	1.0417983362166783	8.639104922500875	230.0	17	1.05	0.95				
	118	2	169.34228107263158	34.5804057445614	0.0	0.0	1	1.0440766959664656	8.566145491531826	230.0	17	1.05	0.95				
	119	1	92.04490352596491	18.815809008070175	0.0	0.0	1	1.029281083415744	6.088582161256782	230.0	15	1.05	0.95				
	120	1	65.09252846035088	13.221919843508772	0.0	0.0	1	1.0281474842782465	6.440875014455602	230.0	15	1.05	0.95				
	121	2	0.0	0.0	0.0	0.0	1	1.048123551156687	9.659397905009067	230.0	17	1.05	0.95				
	122	2	0.0	0.0	0.0	0.0	1	1.05	16.578720178911816	230.0	17	1.05	0.95				
	123	2	0.0	0.0	0.0	0.0	1	1.0285313216224705	7.023724166889907	230.0	15	1.05	0.95				
	124	1	0.0	0.0	0.0	0.0	1	1.0241973142874503	4.209619455083378	230.0	16	1.05	0.95				
	201	2	53.294506522105266	10.856288365614034	0.0	0.0	2	1.0312786183842158	-5.595802393280504	138.0	21	1.05	0.95				
	202	2	47.86636233929824	9.869353059649121	0.0	0.0	2	1.031653871970877	-5.572474582591957	138.0	22	1.05	0.95				
	203	1	88.8241775368421	18.258303160350874	0.0	0.0	2	1.0222975575044435	-5.179373912601248	138.0	21	1.05	0.95				
	204	1	36.51660632070175	7.402014794736841	0.0	0.0	2	1.0193070068535974	-7.810816388839747	138.0	21	1.05	0.95				
	205	1	35.03620336175438	6.908547141754386	0.0	0.0	2	1.034361286036191	-7.960905185167323	138.0	21	1.05	0.95				
	206	1	67.11160080561403	13.817094283508771	0.0	-100.0	2	1.043690721420261	-9.751008666415546	138.0	22	1.05	0.95				
	207	2	61.68345662280701	12.336691324561402	0.0	0.0	2	0.9891796657712568	-17.189282890051523	138.0	22	1.05	0.95				
	208	1	84.38296865999999	17.271367854385964	0.0	0.0	2	0.9940431278236295	-14.906938067050179	138.0	22	1.05	0.95				
	209	1	86.35683927192981	17.764835507368417	0.0	0.0	2	1.0237919552995718	-7.6342743171136185	138.0	23	1.05	0.95				
	210	1	96.22619233157894	19.738706119298243	0.0	0.0	2	1.05	-8.793978018507966	138.0	23	1.05	0.95				
	211	1	0.0	0.0	0.0	0.0	2	1.0083165877400724	-4.792811153987436	230.0	23	1.05	0.95				
	212	1	0.0	0.0	0.0	0.0	2	1.0106183461665703	-4.060801347618325	230.0	23	1.05	0.95				
	213	2	130.76892804035086	26.647253261052633	0.0	0.0	2	1.003797154127239	-3.7251097139065967	230.0	24	1.05	0.95				
	214	2	95.73272467859648	19.24523846631579	0.0	0.0	2	1.0112867652292485	-2.2200951513155283	230.0	26	1.05	0.95				
	215	2	156.42924599543858	31.58192979087719	0.0	0.0	2	1.031242072392349	4.2806197778927295	230.0	26	1.05	0.95				
	216	2	49.34676529824561	9.869353059649121	0.0	0.0	2	1.032657782654128	4.387539529959815	230.0	26	1.05	0.95				
	217	1	0.0	0.0	0.0	0.0	2	1.0378757972226818	7.059006538431541	230.0	27	1.05	0.95				
	218	2	164.32472844315788	33.555800402807016	0.0	0.0	2	1.0396425917589118	7.627735004293709	230.0	27	1.05	0.95				
	219	1	89.31764518982456	18.258303160350874	0.0	0.0	2	1.0317536894621249	3.8004811787280164	230.0	25	1.05	0.95				
	220	1	63.16385958175438	12.83015897754386	0.0	0.0	2	1.0345801120926537	4.24079702455773	230.0	25	1.05	0.95				
	221	2	0.0	0.0	0.0	0.0	2	1.039278835662954	7.2659156989231795	230.0	27	1.05	0.95				
	222	2	0.0	0.0	0.0	0.0	2	1.05	13.686111684654332	230.0	27	1.05	0.95				
	223	2	0.0	0.0	0.0	0.0	2	1.0370734419306014	4.852917486298745	230.0	25	1.05	0.95				
	224	1	0.0	0.0	0.0	0.0	2	1.016147473156307	0.7333750360336808	230.0	26	1.05	0.95				
	301	2	49.55836759578948	10.09522302877193	0.0	0.0	3	1.0085214057663496	-18.65374013721009	138.0	31	1.05	0.95				
	302	2	44.51075608140351	9.177475480701755	0.0	0.0	3	1.007960344459843	-18.780642568854475	138.0	32	1.05	0.95				
	303	1	82.59727932631579	16.978329639298245	0.0	0.0	3	1.0244006467575266	-12.532590708680397	138.0	31	1.05	0.95				
	304	1	33.95665927859649	6.8831066105263154	0.0	0.0	3	1.0098080597851973	-17.282538929147673	138.0	31	1.05	0.95				
	305	1	32.580037956491225	6.424232836491228	0.0	0.0	3	1.0232536335585238	-18.075594035845597	138.0	31	1.05	0.95				
	306	1	62.40683326877193	12.848465672982456	0.0	-100.0	3	1.0395423000135038	-18.29254077962132	138.0	32	1.05	0.95				
	307	2	57.35922175438597	11.471844350877193	0.0	0.0	3	0.9936716445849785	-23.381933127026578	138.0	32	1.05	0.95				
	308	1	78.46741536	16.06058209122807	0.0	0.0	3	0.9986053986035488	-21.286355978306208	138.0	32	1.05	0.95				
	309	1	80.30291045614035	16.519455865263158	0.0	0.0	3	1.0260163035118204	-14.178637819668674	138.0	33	1.05	0.95				
	310	1	89.4803859368421	18.35495096140351	0.0	0.0	3	1.05	-16.02158866642272	138.0	33	1.05	0.95				
	311	1	0.0	0.0	0.0	0.0	3	1.0107158757824328	-9.791476907729333	230.0	33	1.05	0.95				
	312	1	0.0	0.0	0.0	0.0	3	1.0115922805296258	-9.5658390395172	230.0	33	1.05	0.95				
	313	2	121.60155011929825	24.77918379789474	0.0	0.0	3	1.011945806515906	-6.480897887711677	230.0	34	1.05	0.95				
	314	2	89.02151216280701	17.896077187368423	0.0	0.0	3	1.0172629846364594	-7.32181824747525	230.0	36	1.05	0.95				
	315	2	145.4629863691228	29.367921538245618	0.0	0.0	3	1.0420291968653297	-1.4583148587128338	230.0	36	1.05	0.95				
	316	2	45.88737740350877	9.177475480701755	0.0	0.0	3	1.0404740516524174	-1.1116306319497442	230.0	36	1.05	0.95				
	317	1	0.0	0.0	0.0	0.0	3	1.0453361705874955	1.3733094714357201	230.0	37	1.05	0.95				
	318	2	152.80496675368423	31.203416634385967	0.0	0.0	3	1.0446530688329532	1.333547227597952	230.0	37	1.05	0.95				
	319	1	83.05615310035088	16.978329639298245	0.0	0.0	3	1.0339871430134204	-2.618127319585893	230.0	35	1.05	0.95				
	320	1	58.735843076491236	11.930718124912282	0.0	0.0	3	1.0318890177046571	-3.0548759744612304	230.0	35	1.05	0.95				
	321	2	0.0	0.0	0.0	0.0	3	1.047219612279498	1.9041350390619116	230.0	37	1.05	0.95				
	322	2	0.0	0.0	0.0	0.0	3	1.05	6.032420529123598	230.0	37	1.05	0.95				
	323	2	0.0	0.0	0.0	0.0	3	1.0313647199748122	-2.946033196655868	230.0	35	1.05	0.95				
	324	1	0.0	0.0	0.0	0.0	3	1.0215927057151508	-5.578881487753798	230.0	36	1.05	0.95				
	325	1	0.0	0.0	0.0	0.0	3	1.0295197956642537	-1.8829041284319936	230.0	35	1.05	0.95				
];
