%% MATPOWER Case Format : Version 2
function mpc = RTS_GMLC
mpc.version = '2';

%%-----  Power Flow Data  -----%%
%% system MVA base
mpc.baseMVA = 100.0;
%% bus data
%    bus_i    type    Pd    Qd    Gs    Bs    area    Vm    Va    baseKV    zone    Vmax    Vmin
mpc.bus = [
	101	2	40.974270176842104	8.346610591578948	0.0	0.0	1	1.0122146128960865	-4.056668425198634	138.0	11	1.05	0.95				
	102	2	36.80096488105263	7.587827810526315	0.0	0.0	1	1.0121830051329699	-4.272248684212858	138.0	12	1.05	0.95				
	103	1	68.29045029473684	14.037481449473683	0.0	0.0	1	1.001746346298277	0.9354254837166041	138.0	11	1.05	0.95				
	104	1	28.074962898947366	5.690870857894737	0.0	0.0	1	1.0031983322177234	-4.10957287246577	138.0	11	1.05	0.95				
	105	1	26.936788727368416	5.311479467368422	0.0	0.0	1	1.0175408793931997	-5.108955729304841	138.0	11	1.05	0.95				
	106	1	51.59722911157895	10.622958934736843	0.0	-100.0	1	1.0285835248292359	-6.167454089981196	138.0	12	1.05	0.95				
	107	2	47.42392381578947	9.484784763157894	0.0	0.0	1	0.9869561952039765	-10.379626519344741	138.0	12	1.05	0.95				
	108	1	64.87592778	13.278698668421052	0.0	0.0	1	0.9892389186491541	-8.903049676973792	138.0	12	1.05	0.95				
	109	1	66.39349334210526	13.658090058947367	0.0	0.0	1	1.0029448664159255	-3.0746852580878286	138.0	13	1.05	0.95				
	110	1	73.98132115263158	15.17565562105263	0.0	0.0	1	1.0317729875645938	-4.921565505795786	138.0	13	1.05	0.95				
	111	1	0.0	0.0	0.0	0.0	1	0.9821547312887644	-0.39839203576847637	230.0	13	1.05	0.95				
	112	1	0.0	0.0	0.0	0.0	1	0.9834342076844098	-1.335276683059826	230.0	13	1.05	0.95				
	113	3	100.53871848947367	20.487135088421052	0.0	0.0	1	0.9636727083834108	4.982708874112098e-31	230.0	14	1.05	0.95				
	114	2	73.60192976210526	14.796264230526315	0.0	0.0	1	0.9913249148586875	2.995705268945627	230.0	16	1.05	0.95				
	115	2	120.26707079684209	24.28104899368421	0.0	0.0	1	0.9916193107255866	11.99600262551752	230.0	16	1.05	0.95				
	116	2	37.939139052631575	7.587827810526315	0.0	0.0	1	0.9899064838861874	10.417653701220027	230.0	16	1.05	0.95				
	117	1	0.0	0.0	0.0	0.0	1	0.9921732185025057	16.230009865725386	230.0	17	1.05	0.95				
	118	2	126.33733304526315	25.798614555789474	0.0	0.0	1	1.0012586564628587	16.720808800392174	230.0	17	1.05	0.95				
	119	1	68.66984168526315	14.037481449473683	0.0	0.0	1	0.9895658028821273	6.578045235155304	230.0	15	1.05	0.95				
	120	1	48.56209798736842	9.86417615368421	0.0	0.0	1	0.9944896591455584	3.737445619191419	230.0	15	1.05	0.95				
	121	2	0.0	0.0	0.0	0.0	1	1.0020854196021711	17.953558504152756	230.0	17	1.05	0.95				
	122	2	0.0	0.0	0.0	0.0	1	1.0060579569345611	36.12771799556943	230.0	17	1.05	0.95				
	123	2	0.0	0.0	0.0	0.0	1	0.9982162547550435	2.495673760768571	230.0	15	1.05	0.95				
	124	1	0.0	0.0	0.0	0.0	1	0.9822291549579101	7.76847943729524	230.0	16	1.05	0.95				
	201	2	43.85959389473685	8.934361719298247	0.0	0.0	2	1.010643172596037	-12.97477470676276	138.0	21	1.05	0.95				
	202	2	39.39241303508772	8.122147017543861	0.0	0.0	2	1.0095709336472494	-13.175679332837515	138.0	22	1.05	0.95				
	203	1	73.09932315789474	15.02597198245614	0.0	0.0	2	0.9970627742269722	-9.723229787790332	138.0	21	1.05	0.95				
	204	1	30.05194396491228	6.091610263157895	0.0	0.0	2	1.0006407661606735	-12.286572270785744	138.0	21	1.05	0.95				
	205	1	28.833621912280705	5.685502912280703	0.0	0.0	2	1.016964795760844	-12.690954082653503	138.0	21	1.05	0.95				
	206	1	55.230599719298255	11.371005824561406	0.0	-100.0	2	1.0284952220315517	-13.045929007375316	138.0	22	1.05	0.95				
	207	2	50.76341885964912	10.152683771929825	0.0	0.0	2	0.9715292649984177	-17.92123358175258	138.0	22	1.05	0.95				
	208	1	69.444357	14.213757280701756	0.0	0.0	2	0.9798058528266262	-16.047749537306224	138.0	22	1.05	0.95				
	209	1	71.06878640350878	14.619864631578949	0.0	0.0	2	1.0055697762549902	-9.821252471442827	138.0	23	1.05	0.95				
	210	1	79.19093342105263	16.244294035087723	0.0	0.0	2	1.033294455841788	-11.061363542913309	138.0	23	1.05	0.95				
	211	1	0.0	0.0	0.0	0.0	2	0.9869016507680654	-7.348892069527839	230.0	23	1.05	0.95				
	212	1	0.0	0.0	0.0	0.0	2	0.988156352766307	-3.4539156894903935	230.0	23	1.05	0.95				
	213	2	107.61844798245615	21.929796947368423	0.0	0.0	2	0.9831359625906252	-5.07969864006294	230.0	24	1.05	0.95				
	214	2	78.78482607017544	15.838186684210529	0.0	0.0	2	0.9837979340758879	-6.101320448414495	230.0	26	1.05	0.95				
	215	2	128.73603022807018	25.990870456140353	0.0	0.0	2	0.9911442961502166	-1.265465528662619	230.0	26	1.05	0.95				
	216	2	40.6107350877193	8.122147017543861	0.0	0.0	2	0.9895986572952634	-1.6474048244811461	230.0	26	1.05	0.95				
	217	1	0.0	0.0	0.0	0.0	2	0.9999412122813505	-0.3646274159644495	230.0	27	1.05	0.95				
	218	2	135.23374784210526	27.615299859649127	0.0	0.0	2	1.0009172911375694	-0.9056761409821024	230.0	27	1.05	0.95				
	219	1	73.50543050877194	15.02597198245614	0.0	0.0	2	0.9834870316352899	-1.0268859186513455	230.0	25	1.05	0.95				
	220	1	51.981740912280706	10.558791122807019	0.0	0.0	2	0.9812829100343298	0.3812974532544597	230.0	25	1.05	0.95				
	221	2	0.0	0.0	0.0	0.0	2	1.0032142186601465	-0.3936472504119809	230.0	27	1.05	0.95				
	222	2	0.0	0.0	0.0	0.0	2	1.0210505303517075	4.815773254052909	230.0	27	1.05	0.95				
	223	2	0.0	0.0	0.0	0.0	2	0.9811545167034641	1.501345088400799	230.0	25	1.05	0.95				
	224	1	0.0	0.0	0.0	0.0	2	0.9831579468306133	-4.486339679006086	230.0	26	1.05	0.95				
	301	2	63.66909205894737	12.96962986385965	0.0	0.0	3	1.0025201230910104	22.92397938063191	138.0	31	1.05	0.95				
	302	2	57.184277127017545	11.790572603508775	0.0	0.0	3	1.0032565533068072	22.528953691903222	138.0	32	1.05	0.95				
	303	1	106.11515343157896	21.81255931649123	0.0	0.0	3	1.016020946488752	39.22907314960181	138.0	31	1.05	0.95				
	304	1	43.62511863298246	8.84292945263158	0.0	0.0	3	0.9921731969020686	24.444951750278904	138.0	31	1.05	0.95				
	305	1	41.856532742456146	8.253400822456141	0.0	0.0	3	1.010312529391552	22.105442171441112	138.0	31	1.05	0.95				
	306	1	80.17589370385967	16.506801644912283	0.0	-100.0	3	1.0214449307665339	20.965770411629105	138.0	32	1.05	0.95				
	307	2	73.69107877192982	14.738215754385967	0.0	0.0	3	0.9644610847475428	16.86198358753496	138.0	32	1.05	0.95				
	308	1	100.80939576000002	20.63350205614035	0.0	0.0	3	0.9729381288342911	19.683958242200326	138.0	32	1.05	0.95				
	309	1	103.16751028070176	21.22303068631579	0.0	0.0	3	1.0040505576024574	28.535227885321934	138.0	33	1.05	0.95				
	310	1	114.95808288421054	23.58114520701755	0.0	0.0	3	1.033282704182026	23.229446099454087	138.0	33	1.05	0.95				
	311	1	0.0	0.0	0.0	0.0	3	0.9964297598294564	28.114062948864827	230.0	33	1.05	0.95				
	312	1	0.0	0.0	0.0	0.0	3	1.0027371016894104	28.345300027063114	230.0	33	1.05	0.95				
	313	2	156.22508699649126	31.834546029473685	0.0	0.0	3	1.0059657131894932	30.80079694274195	230.0	34	1.05	0.95				
	314	2	114.36855425403509	22.99161657684211	0.0	0.0	3	0.9910381232546008	28.0484250484268	230.0	36	1.05	0.95				
	315	2	186.88057576561405	37.729832331228074	0.0	0.0	3	0.9897217267926947	27.668563079580856	230.0	36	1.05	0.95				
	316	2	58.95286301754387	11.790572603508775	0.0	0.0	3	0.9831486863150367	27.87201168893805	230.0	36	1.05	0.95				
	317	1	0.0	0.0	0.0	0.0	3	0.99549463135367	30.429853453315896	230.0	37	1.05	0.95				
	318	2	196.31303384842107	40.087946851929836	0.0	0.0	3	0.988353784708908	26.522145434344736	230.0	37	1.05	0.95				
	319	1	106.70468206175441	21.81255931649123	0.0	0.0	3	0.9920226485079071	27.35527575925861	230.0	35	1.05	0.95				
	320	1	75.45966466245615	15.327744384561406	0.0	0.0	3	1.0020864967008123	26.8914113703233	230.0	35	1.05	0.95				
	321	2	0.0	0.0	0.0	0.0	3	0.9968396482626991	27.401982807474525	230.0	37	1.05	0.95				
	322	2	0.0	0.0	0.0	0.0	3	1.0140835449397165	31.50777051271421	230.0	37	1.05	0.95				
	323	2	0.0	0.0	0.0	0.0	3	1.0078890535229226	26.64323072158019	230.0	35	1.05	0.95				
	324	1	0.0	0.0	0.0	0.0	3	0.998008081455224	33.372590164962425	230.0	36	1.05	0.95				
