%% MATPOWER Case Format : Version 2
function mpc = RTS_GMLC
mpc.version = '2';

%%-----  Power Flow Data  -----%%
%% system MVA base
mpc.baseMVA = 100.0;
%% bus data
%    bus_i    type    Pd    Qd    Gs    Bs    area    Vm    Va    baseKV    zone    Vmax    Vmin
mpc.bus = [
	101	2	44.407718943157896	9.046016821754385	0.0	0.0	1	1.0155372002781995	-3.5693181968284162	138.0	11	1.05	0.95				
	102	2	39.8847105322807	8.223651656140351	0.0	0.0	1	1.015201902938548	-3.797521357259042	138.0	12	1.05	0.95				
	103	1	74.01286490526316	15.21375556385965	0.0	0.0	1	1.004666608419912	-0.48819523640236634	138.0	11	1.05	0.95				
	104	1	30.4275111277193	6.1677387421052625	0.0	0.0	1	1.0056137176107314	-4.060103440512691	138.0	11	1.05	0.95				
	105	1	29.193963379298243	5.7565561592982455	0.0	0.0	1	1.0180151099956065	-5.19415270699395	138.0	11	1.05	0.95				
	106	1	55.92083126175439	11.513112318596491	0.0	-100.0	1	1.0271650189111314	-6.593826957771821	138.0	12	1.05	0.95				
	107	2	51.3978228508772	10.279564570175438	0.0	0.0	1	0.9856557540159805	-10.790383684849717	138.0	12	1.05	0.95				
	108	1	70.31222165999999	14.391390398245612	0.0	0.0	1	0.987415280239588	-9.527126237828348	138.0	12	1.05	0.95				
	109	1	71.95695199122807	14.80257298105263	0.0	0.0	1	1.0032055793936128	-3.8208790973083273	138.0	13	1.05	0.95				
	110	1	80.18060364736841	16.447303312280702	0.0	0.0	1	1.0304146392738724	-5.491724397839495	138.0	13	1.05	0.95				
	111	1	0.0	0.0	0.0	0.0	1	0.9816018076137627	-1.4225846403366202	230.0	13	1.05	0.95				
	112	1	0.0	0.0	0.0	0.0	1	0.9832507702660616	-1.8056930864439242	230.0	13	1.05	0.95				
	113	3	108.96338444385964	22.203859471578948	0.0	0.0	1	0.9655462542946581	-2.7238426790787203e-27	230.0	14	1.05	0.95				
	114	2	79.7694210645614	16.036120729473684	0.0	0.0	1	0.9869127985625231	0.7367228937708035	230.0	16	1.05	0.95				
	115	2	130.34487874982455	26.31568529964912	0.0	0.0	1	0.993825507160818	7.7585678759145535	230.0	16	1.05	0.95				
	116	2	41.11825828070175	8.223651656140351	0.0	0.0	1	0.9932829218545933	6.544841129830041	230.0	16	1.05	0.95				
	117	1	0.0	0.0	0.0	0.0	1	1.0004977717000991	10.641163296507095	230.0	17	1.05	0.95				
	118	2	136.92380007473685	27.960415630877193	0.0	0.0	1	1.0035869721210868	11.442100192880886	230.0	17	1.05	0.95				
	119	1	74.42404748807017	15.21375556385965	0.0	0.0	1	0.9919300684980346	4.067456798759639	230.0	15	1.05	0.95				
	120	1	52.63137059929824	10.690747152982457	0.0	0.0	1	0.9938676126942195	2.2088756320547738	230.0	15	1.05	0.95				
	121	2	0.0	0.0	0.0	0.0	1	1.0029476067295244	12.820469544481979	230.0	17	1.05	0.95				
	122	2	0.0	0.0	0.0	0.0	1	1.0240796849149645	20.951547493866652	230.0	17	1.05	0.95				
	123	2	0.0	0.0	0.0	0.0	1	0.995662318812683	1.5253488015522738	230.0	15	1.05	0.95				
	124	1	0.0	0.0	0.0	0.0	1	0.9878791816169068	4.601064454105104	230.0	16	1.05	0.95				
	201	2	39.67763259789474	8.082480714385964	0.0	0.0	2	1.0130132059110166	-12.415802451626163	138.0	21	1.05	0.95				
	202	2	35.63639224070175	7.3477097403508775	0.0	0.0	2	1.0117782186613453	-12.659375043441523	138.0	22	1.05	0.95				
	203	1	66.1293876631579	13.593263019649124	0.0	0.0	2	0.9990710121243539	-9.195700268496873	138.0	21	1.05	0.95				
	204	1	27.186526039298247	5.510782305263158	0.0	0.0	2	1.003157682021345	-12.147274525042961	138.0	21	1.05	0.95				
	205	1	26.084369578245614	5.1433968182456145	0.0	0.0	2	1.0197291448953019	-12.512950939212187	138.0	21	1.05	0.95				
	206	1	49.96442623438597	10.286793636491229	0.0	-100.0	2	1.0315652231570822	-13.051778646240912	138.0	22	1.05	0.95				
	207	2	45.923185877192985	9.184637175438597	0.0	0.0	2	0.9740609965920944	-17.444999181136797	138.0	22	1.05	0.95				
	208	1	62.822918279999996	12.858492045614033	0.0	0.0	2	0.9834718159236459	-15.791579814779842	138.0	22	1.05	0.95				
	209	1	64.29246022807018	13.225877532631577	0.0	0.0	2	1.0065332896295818	-10.157682076520132	138.0	23	1.05	0.95				
	210	1	71.64016996842105	14.695419480701755	0.0	0.0	2	1.035092105502931	-11.399985343752244	138.0	23	1.05	0.95				
	211	1	0.0	0.0	0.0	0.0	2	0.986274892088543	-7.477290488408169	230.0	23	1.05	0.95				
	212	1	0.0	0.0	0.0	0.0	2	0.9875587558427411	-5.645451045237759	230.0	23	1.05	0.95				
	213	2	97.35715405964912	19.83881629894737	0.0	0.0	2	0.9825697236353926	-5.76926220044374	230.0	24	1.05	0.95				
	214	2	71.2727844814035	14.328033993684212	0.0	0.0	2	0.9817019981256366	-5.507710542329625	230.0	26	1.05	0.95				
	215	2	116.46119938456141	23.512671169122807	0.0	0.0	2	0.9920755600600444	0.46536793576067553	230.0	26	1.05	0.95				
	216	2	36.73854870175439	7.3477097403508775	0.0	0.0	2	0.9899623576350631	-0.3257895494572206	230.0	26	1.05	0.95				
	217	1	0.0	0.0	0.0	0.0	2	0.9991893192124496	1.0517695453467668	230.0	27	1.05	0.95				
	218	2	122.3393671768421	24.982213117192984	0.0	0.0	2	1.0000703294754973	0.7928257825802191	230.0	27	1.05	0.95				
	219	1	66.49677315017544	13.593263019649124	0.0	0.0	2	0.9858393239012782	-0.12966794692408926	230.0	25	1.05	0.95				
	220	1	47.025342338245615	9.55202266245614	0.0	0.0	2	0.9847058318542629	0.8208995021923988	230.0	25	1.05	0.95				
	221	2	0.0	0.0	0.0	0.0	2	1.0022938168639655	1.4685034328500648	230.0	27	1.05	0.95				
	222	2	0.0	0.0	0.0	0.0	2	1.0206345964186878	7.859241548134614	230.0	27	1.05	0.95				
	223	2	0.0	0.0	0.0	0.0	2	0.984746997523167	1.6536505269817905	230.0	25	1.05	0.95				
	224	1	0.0	0.0	0.0	0.0	2	0.9831684770270227	-3.2171601752570322	230.0	26	1.05	0.95				
	301	2	51.095855747368425	10.408415059649123	0.0	0.0	3	1.0100819685375495	30.389559004437203	138.0	31	1.05	0.95				
	302	2	45.89164821754386	9.46219550877193	0.0	0.0	3	1.0101473545986894	30.324652961957405	138.0	32	1.05	0.95				
	303	1	85.15975957894737	17.50506169122807	0.0	0.0	3	1.0062534201743065	33.81028361813912	138.0	31	1.05	0.95				
	304	1	35.01012338245614	7.096646631578947	0.0	0.0	3	1.0021453576107648	31.875442604034298	138.0	31	1.05	0.95				
	305	1	33.590794056140346	6.623536856140351	0.0	0.0	3	1.0177938674148763	31.93242967758825	138.0	31	1.05	0.95				
	306	1	64.34292945964913	13.247073712280702	0.0	-100.0	3	1.0308252770437663	32.23474665203768	138.0	32	1.05	0.95				
	307	2	59.13872192982457	11.827744385964913	0.0	0.0	3	0.9726137896775964	30.14042137570344	138.0	32	1.05	0.95				
	308	1	80.9017716	16.558842140350876	0.0	0.0	3	0.9892200429638939	32.19431096950239	138.0	32	1.05	0.95				
	309	1	82.7942107017544	17.031951915789474	0.0	0.0	3	1.0111018869858974	35.14368536466986	138.0	33	1.05	0.95				
	310	1	92.25640621052632	18.92439101754386	0.0	0.0	3	1.0389659026851015	35.0359692680201	138.0	33	1.05	0.95				
	311	1	0.0	0.0	0.0	0.0	3	0.9888667224332659	39.385116744856774	230.0	33	1.05	0.95				
	312	1	0.0	0.0	0.0	0.0	3	0.9952641902288661	39.95273330522433	230.0	33	1.05	0.95				
	313	2	125.37409049122807	25.547927873684213	0.0	0.0	3	0.997723975304612	46.11431845366668	230.0	34	1.05	0.95				
	314	2	91.78329643508772	18.451281242105264	0.0	0.0	3	0.9803351919525191	37.89803910783507	230.0	36	1.05	0.95				
	315	2	149.9757988140351	30.279025628070176	0.0	0.0	3	0.9910888117415432	30.5242703695719	230.0	36	1.05	0.95				
	316	2	47.31097754385965	9.46219550877193	0.0	0.0	3	0.9826750329438219	31.8068371212276	230.0	36	1.05	0.95				
	317	1	0.0	0.0	0.0	0.0	3	0.9936665496052469	30.75245678473138	230.0	37	1.05	0.95				
	318	2	157.54555522105264	32.171464729824564	0.0	0.0	3	0.9909150045120507	27.72181151073928	230.0	37	1.05	0.95				
	319	1	85.63286935438596	17.50506169122807	0.0	0.0	3	0.9879254638667152	33.76254400895226	230.0	35	1.05	0.95				
	320	1	60.55805125614035	12.30085416140351	0.0	0.0	3	0.9921047291362322	34.41621862338289	230.0	35	1.05	0.95				
	321	2	0.0	0.0	0.0	0.0	3	0.9987084796588193	29.27620968704943	230.0	37	1.05	0.95				
	322	2	0.0	0.0	0.0	0.0	3	1.0160391539309235	34.184892193564025	230.0	37	1.05	0.95				
	323	2	0.0	0.0	0.0	0.0	3	0.9933013896616687	34.278700381150095	230.0	35	1.05	0.95				
	324	1	0.0	0.0	0.0	0.0	3	0.996791435894638	33.948631944960376	230.0	36	1.05	0.95				
