%% MATPOWER Case Format : Version 2
function mpc = RTS_GMLC
mpc.version = '2';

%%-----  Power Flow Data  -----%%
%% system MVA base
mpc.baseMVA = 100.0;
%% bus data
%    bus_i    type    Pd    Qd    Gs    Bs    area    Vm    Va    baseKV    zone    Vmax    Vmin
mpc.bus = [
	101	2	43.619495305263165	8.885452747368422	0.0	0.0	1	1.0241601020348419	2.9977740593667903	138.0	11	1.05	0.95				
	102	2	39.17676893157895	8.077684315789474	0.0	0.0	1	1.02219379974573	2.448151043950308	138.0	12	1.05	0.95				
	103	1	72.69915884210528	14.943715984210526	0.0	0.0	1	1.0338001620319373	4.689062297416963	138.0	11	1.05	0.95				
	104	1	29.88743196842105	6.058263236842105	0.0	0.0	1	1.0199955052311582	0.40581588287216597	138.0	11	1.05	0.95				
	105	1	28.67577932105263	5.654379021052632	0.0	0.0	1	1.031303165525162	-0.26144509214439743	138.0	11	1.05	0.95				
	106	1	54.928253347368425	11.308758042105264	0.0	-100.0	1	1.0434778657427173	-2.59679960069519	138.0	12	1.05	0.95				
	107	2	50.485526973684216	10.097105394736843	0.0	0.0	1	0.99637429454444	-9.812257822354352	138.0	12	1.05	0.95				
	108	1	69.0642009	14.135947552631578	0.0	0.0	1	1.001528386932145	-7.506596269201361	138.0	12	1.05	0.95				
	109	1	70.6797377631579	14.539831768421053	0.0	0.0	1	1.024836587669099	-0.649064249251092	138.0	13	1.05	0.95				
	110	1	78.75742207894737	16.15536863157895	0.0	0.0	1	1.05	-2.2576953841809657	138.0	13	1.05	0.95				
	111	1	0.0	0.0	0.0	0.0	1	1.0090820491380965	1.120078567357073	230.0	13	1.05	0.95				
	112	1	0.0	0.0	0.0	0.0	1	1.0114334598597998	-0.05169944261535498	230.0	13	1.05	0.95				
	113	3	107.02931718421054	21.809747652631582	0.0	0.0	1	0.9976977874633622	-3.475944227577251e-28	230.0	14	1.05	0.95				
	114	2	78.3535378631579	15.751484415789474	0.0	0.0	1	1.0169670814819776	4.725627003939572	230.0	16	1.05	0.95				
	115	2	128.03129640526316	25.848589810526317	0.0	0.0	1	1.0429009423073352	13.96722149424636	230.0	16	1.05	0.95				
	116	2	40.38842157894737	8.077684315789474	0.0	0.0	1	1.0364871921615573	12.212258918603814	230.0	16	1.05	0.95				
	117	1	0.0	0.0	0.0	0.0	1	1.0396416910148605	18.06439271792187	230.0	17	1.05	0.95				
	118	2	134.49344385789473	27.464126673684213	0.0	0.0	1	1.05	18.608968533576423	230.0	17	1.05	0.95				
	119	1	73.10304305789475	14.943715984210526	0.0	0.0	1	1.027163078301062	8.058922714007407	230.0	15	1.05	0.95				
	120	1	51.69717962105263	10.500989610526316	0.0	0.0	1	1.0249589393937708	4.750150326746285	230.0	15	1.05	0.95				
	121	2	0.0	0.0	0.0	0.0	1	1.0498934422962898	19.854275259776923	230.0	17	1.05	0.95				
	122	2	0.0	0.0	0.0	0.0	1	1.05	37.756224854565815	230.0	17	1.05	0.95				
	123	2	0.0	0.0	0.0	0.0	1	1.0251094712396176	3.2377361083385288	230.0	15	1.05	0.95				
	124	1	0.0	0.0	0.0	0.0	1	1.027826062144688	10.488667063558042	230.0	16	1.05	0.95				
	201	2	44.53958758736842	9.072878952982457	0.0	0.0	2	1.015673468672664	-15.251921172756397	138.0	21	1.05	0.95				
	202	2	40.0031481108772	8.248071775438598	0.0	0.0	2	1.0148455246949204	-15.530680865187621	138.0	22	1.05	0.95				
	203	1	74.23264597894737	15.258932784561404	0.0	0.0	2	1.013826344509241	-11.316139177026198	138.0	21	1.05	0.95				
	204	1	30.517865569122808	6.186053831578947	0.0	0.0	2	1.0125845310270627	-15.030612717082521	138.0	21	1.05	0.95				
	205	1	29.280654802807014	5.773650242807019	0.0	0.0	2	1.0278359525140388	-15.468691639611773	138.0	21	1.05	0.95				
	206	1	56.08688807298247	11.547300485614038	0.0	-100.0	2	1.042609294629006	-16.107621459990817	138.0	22	1.05	0.95				
	207	2	51.55044859649123	10.310089719298245	0.0	0.0	2	0.9980470131110721	-21.057916745179917	138.0	22	1.05	0.95				
	208	1	70.52101368	14.434125607017542	0.0	0.0	2	1.0023574080700755	-19.189324102404825	138.0	22	1.05	0.95				
	209	1	72.17062803508773	14.846529195789474	0.0	0.0	2	1.0226882141067561	-12.912699335668744	138.0	23	1.05	0.95				
	210	1	80.41869981052632	16.496143550877196	0.0	0.0	2	1.05	-14.359703203795336	138.0	23	1.05	0.95				
	211	1	0.0	0.0	0.0	0.0	2	1.0041667581352007	-10.821213538122425	230.0	23	1.05	0.95				
	212	1	0.0	0.0	0.0	0.0	2	1.0088987798121587	-7.515507153574413	230.0	23	1.05	0.95				
	213	2	109.2869510245614	22.26979379368421	0.0	0.0	2	0.9966491645209787	-9.507169074320634	230.0	24	1.05	0.95				
	214	2	80.0062962217544	16.083739962105266	0.0	0.0	2	1.0041510071675377	-9.025598727095652	230.0	26	1.05	0.95				
	215	2	130.73193764070177	26.393829681403506	0.0	0.0	2	1.0212490284419602	-2.5829315852843355	230.0	26	1.05	0.95				
	216	2	41.24035887719298	8.248071775438598	0.0	0.0	2	1.0198261695962418	-3.943876053733322	230.0	26	1.05	0.95				
	217	1	0.0	0.0	0.0	0.0	2	1.026662969130517	-1.46584156774435	230.0	27	1.05	0.95				
	218	2	137.33039506105266	28.043444036491234	0.0	0.0	2	1.0267147031134276	-1.8998811938113909	230.0	27	1.05	0.95				
	219	1	74.6450495677193	15.258932784561404	0.0	0.0	2	1.01393016544476	-5.479450011634438	230.0	25	1.05	0.95				
	220	1	52.78765936280701	10.722493308070176	0.0	0.0	2	1.0119638132731419	-5.997698601076468	230.0	25	1.05	0.95				
	221	2	0.0	0.0	0.0	0.0	2	1.0284047878769387	-1.3277001494250686	230.0	27	1.05	0.95				
	222	2	0.0	0.0	0.0	0.0	2	1.0499999434319383	5.108159275848803	230.0	27	1.05	0.95				
	223	2	0.0	0.0	0.0	0.0	2	1.011359488851863	-5.956025021677467	230.0	25	1.05	0.95				
	224	1	0.0	0.0	0.0	0.0	2	1.00765041992424	-5.861391823351105	230.0	26	1.05	0.95				
	301	2	53.897500799999996	10.979120533333333	0.0	0.0	3	1.0057809674703648	-7.131402677453275	138.0	31	1.05	0.95				
	302	2	48.407940533333324	9.981018666666666	0.0	0.0	3	1.0052332950176208	-7.256589486293155	138.0	32	1.05	0.95				
	303	1	89.829168	18.464884533333333	0.0	0.0	3	1.0278716442004585	-1.1494975596492536	138.0	31	1.05	0.95				
	304	1	36.929769066666665	7.485763999999999	0.0	0.0	3	1.0082434947843708	-5.652615019192586	138.0	31	1.05	0.95				
	305	1	35.43261626666666	6.986713066666667	0.0	0.0	3	1.0211432390556914	-6.337996819893398	138.0	31	1.05	0.95				
	306	1	67.87092693333334	13.973426133333334	0.0	-100.0	3	1.0376515356622484	-6.4723500292918095	138.0	32	1.05	0.95				
	307	2	62.38136666666666	12.476273333333332	0.0	0.0	3	0.9983577472181578	-9.388397884628942	138.0	32	1.05	0.95				
	308	1	85.33770959999998	17.466782666666663	0.0	0.0	3	1.0070406240700007	-7.188590921797019	138.0	32	1.05	0.95				
	309	1	87.33391333333333	17.965833599999996	0.0	0.0	3	1.0271388774712624	-2.3052891469730437	138.0	33	1.05	0.95				
	310	1	97.31493199999998	19.96203733333333	0.0	0.0	3	1.05	-3.941634562794416	138.0	33	1.05	0.95				
	311	1	0.0	0.0	0.0	0.0	3	1.0080306754152597	1.1531061754088918	230.0	33	1.05	0.95				
	312	1	0.0	0.0	0.0	0.0	3	1.013004306574454	1.9938177794754512	230.0	33	1.05	0.95				
	313	2	132.24849733333332	26.948750399999998	0.0	0.0	3	1.0131598404747524	5.699364428281392	230.0	34	1.05	0.95				
	314	2	96.81588106666665	19.4629864	0.0	0.0	3	1.0051426323561163	1.5460327483989595	230.0	36	1.05	0.95				
	315	2	158.19914586666667	31.93925973333333	0.0	0.0	3	1.0254426903120324	0.7250757371601447	230.0	36	1.05	0.95				
	316	2	49.905093333333326	9.981018666666666	0.0	0.0	3	1.025433193137933	1.820769988476864	230.0	36	1.05	0.95				
	317	1	0.0	0.0	0.0	0.0	3	1.029731320211886	1.5521718802705144	230.0	37	1.05	0.95				
	318	2	166.18396079999997	33.93546346666667	0.0	0.0	3	1.0270029548893418	0.25225812922344154	230.0	37	1.05	0.95				
	319	1	90.32821893333333	18.464884533333333	0.0	0.0	3	1.0262409349392285	4.153567539187016	230.0	35	1.05	0.95				
	320	1	63.87851946666666	12.975324266666666	0.0	0.0	3	1.0279973062699221	5.622068045943127	230.0	35	1.05	0.95				
	321	2	0.0	0.0	0.0	0.0	3	1.028569686587957	0.9907114469149894	230.0	37	1.05	0.95				
	322	2	0.0	0.0	0.0	0.0	3	1.042454536176279	5.580878934220479	230.0	37	1.05	0.95				
	323	2	0.0	0.0	0.0	0.0	3	1.0293015527099065	6.412606874121114	230.0	35	1.05	0.95				
	324	1	0.0	0.0	0.0	0.0	3	1.023221739791463	1.333018198997571	230.0	36	1.05	0.95				
	325	1	0.0	0.0	0.0	0.0	3	1.0273628784942976	7.549823871635929	230.0	35	1.05	0.95				
];
