%% MATPOWER Case Format : Version 2
function mpc = RTS_GMLC
mpc.version = '2';

%%-----  Power Flow Data  -----%%
%% system MVA base
mpc.baseMVA = 100.0;
%% bus data
%    bus_i    type    Pd    Qd    Gs    Bs    area    Vm    Va    baseKV    zone    Vmax    Vmin
mpc.bus = [
	101	2	44.207323124210525	9.005195451228069	0.0	0.0	1	1.0322504134775887	2.1066010688074583	138.0	11	1.05	0.95				
	102	2	39.70472539859649	8.186541319298247	0.0	0.0	1	1.0313357084825934	1.8403655012712816	138.0	12	1.05	0.95				
	103	1	73.6788718736842	15.145101440701753	0.0	0.0	1	1.0294356270652032	0.8407769592274726	138.0	11	1.05	0.95				
	104	1	30.290202881403506	6.139905989473683	0.0	0.0	1	1.0209932463454323	-1.1120006836494913	138.0	11	1.05	0.95				
	105	1	29.06222168350877	5.730578923508772	0.0	0.0	1	1.0355393826886807	-0.9267250878584526	138.0	11	1.05	0.95				
	106	1	55.66848097122807	11.461157847017544	0.0	-100.0	1	1.0456159698849146	-3.084768766608792	138.0	12	1.05	0.95				
	107	2	51.16588324561403	10.233176649122806	0.0	0.0	1	1.000409397462826	-8.766660713287724	138.0	12	1.05	0.95				
	108	1	69.99492828	14.326447308771929	0.0	0.0	1	1.0047769114627885	-7.290134428004056	138.0	12	1.05	0.95				
	109	1	71.63223654385963	14.73577437473684	0.0	0.0	1	1.02471498973109	-1.8620379430586391	138.0	13	1.05	0.95				
	110	1	79.81877786315789	16.373082638596493	0.0	0.0	1	1.05	-2.706664211805565	138.0	13	1.05	0.95				
	111	1	0.0	0.0	0.0	0.0	1	1.0035737373877933	-0.029350220269280025	230.0	13	1.05	0.95				
	112	1	0.0	0.0	0.0	0.0	1	1.0083339200795716	0.09242699628114665	230.0	13	1.05	0.95				
	113	3	108.47167248070176	22.103661562105263	0.0	0.0	1	0.9951147916033016	1.0954743237892816e-30	230.0	14	1.05	0.95				
	114	2	79.40945079719297	15.963755572631577	0.0	0.0	1	1.0013663624926934	2.329151042952768	230.0	16	1.05	0.95				
	115	2	129.75667991087718	26.19693222175438	0.0	0.0	1	1.0384414678138183	8.48510821315346	230.0	16	1.05	0.95				
	116	2	40.93270659649122	8.186541319298247	0.0	0.0	1	1.0345556254254649	7.994505537178178	230.0	16	1.05	0.95				
	117	1	0.0	0.0	0.0	0.0	1	1.0416414670322829	10.69526089686409	230.0	17	1.05	0.95				
	118	2	136.3059129663158	27.834240485614036	0.0	0.0	1	1.0452962382474178	10.835627740423497	230.0	17	1.05	0.95				
	119	1	74.08819893964912	15.145101440701753	0.0	0.0	1	1.0273138996578048	6.462596292591312	230.0	15	1.05	0.95				
	120	1	52.39386444350876	10.642503715087718	0.0	0.0	1	1.0240599441406328	5.917977506097072	230.0	15	1.05	0.95				
	121	2	0.0	0.0	0.0	0.0	1	1.0489691249646258	11.906805461995008	230.0	17	1.05	0.95				
	122	2	0.0	0.0	0.0	0.0	1	1.05	20.537052965838544	230.0	17	1.05	0.95				
	123	2	0.0	0.0	0.0	0.0	1	1.022690755692588	5.935442226657294	230.0	15	1.05	0.95				
	124	1	0.0	0.0	0.0	0.0	1	1.02523138850194	5.622184248121465	230.0	16	1.05	0.95				
	201	2	48.07555484210526	9.793168578947368	0.0	0.0	2	1.0258673231381654	-8.876323111055747	138.0	21	1.05	0.95				
	202	2	43.178970552631576	8.902880526315789	0.0	0.0	2	1.0268819741914494	-8.68088553513652	138.0	22	1.05	0.95				
	203	1	80.12592473684211	16.470328973684207	0.0	0.0	2	1.0167054488807967	-8.054348900089481	138.0	21	1.05	0.95				
	204	1	32.940657947368415	6.67716039473684	0.0	0.0	2	1.0177268087955735	-10.328571503552164	138.0	21	1.05	0.95				
	205	1	31.60522586842105	6.2320163684210526	0.0	0.0	2	1.0324926764699613	-10.609388294357112	138.0	21	1.05	0.95				
	206	1	60.53958757894736	12.464032736842105	0.0	-100.0	2	1.0441734007708159	-11.976059696349369	138.0	22	1.05	0.95				
	207	2	55.64300328947368	11.128600657894735	0.0	0.0	2	0.9918755983135861	-18.417968089963995	138.0	22	1.05	0.95				
	208	1	76.11962849999999	15.580040921052628	0.0	0.0	2	0.9974942325404601	-16.391970489335346	138.0	22	1.05	0.95				
	209	1	77.90020460526314	16.025184947368416	0.0	0.0	2	1.0228999378723944	-9.848949171144412	138.0	23	1.05	0.95				
	210	1	86.80308513157894	17.805761052631578	0.0	0.0	2	1.05	-10.939552435323849	138.0	23	1.05	0.95				
	211	1	0.0	0.0	0.0	0.0	2	1.005895736285727	-7.094565556203268	230.0	23	1.05	0.95				
	212	1	0.0	0.0	0.0	0.0	2	1.00877793645115	-6.205171201659967	230.0	23	1.05	0.95				
	213	2	117.96316697368418	24.03777742105263	0.0	0.0	2	1.0017202750238983	-5.804662733791477	230.0	24	1.05	0.95				
	214	2	86.35794110526315	17.36061702631579	0.0	0.0	2	1.0061077525449453	-4.81351670432782	230.0	26	1.05	0.95				
	215	2	141.11065634210524	28.489217684210523	0.0	0.0	2	1.0230739715241393	1.1148427728696275	230.0	26	1.05	0.95				
	216	2	44.51440263157894	8.902880526315789	0.0	0.0	2	1.0248265440159026	1.117993919363957	230.0	26	1.05	0.95				
	217	1	0.0	0.0	0.0	0.0	2	1.0296273441912396	3.068176386459597	230.0	27	1.05	0.95				
	218	2	148.23296076315788	30.26979378947368	0.0	0.0	2	1.0292472894916496	2.724319785900193	230.0	27	1.05	0.95				
	219	1	80.57106876315788	16.470328973684207	0.0	0.0	2	1.0257727040489046	1.082087089084726	230.0	25	1.05	0.95				
	220	1	56.978435368421046	11.573744684210526	0.0	0.0	2	1.0296772955537137	1.918447341729396	230.0	25	1.05	0.95				
	221	2	0.0	0.0	0.0	0.0	2	1.030523440427948	2.9850280658170956	230.0	27	1.05	0.95				
	222	2	0.0	0.0	0.0	0.0	2	1.05	9.51034668861037	230.0	27	1.05	0.95				
	223	2	0.0	0.0	0.0	0.0	2	1.0326850669028576	2.714064355413781	230.0	25	1.05	0.95				
	224	1	0.0	0.0	0.0	0.0	2	1.009367281414823	-2.3318878437301733	230.0	26	1.05	0.95				
	301	2	52.34292943578948	10.66244858877193	0.0	0.0	3	1.0146651611355755	-9.427240031814621	138.0	31	1.05	0.95				
	302	2	47.01170514140351	9.693135080701754	0.0	0.0	3	1.0133110930986249	-9.734024437269612	138.0	32	1.05	0.95				
	303	1	87.23821572631579	17.932299899298247	0.0	0.0	3	1.0487230965230592	3.1731430250714108	138.0	31	1.05	0.95				
	304	1	35.864599798596494	7.269851310526315	0.0	0.0	3	1.0115375144459957	-8.405685157655956	138.0	31	1.05	0.95				
	305	1	34.41062953649123	6.78519455649123	0.0	0.0	3	1.026339626820428	-10.197265250051622	138.0	31	1.05	0.95				
	306	1	65.91331854877194	13.57038911298246	0.0	-100.0	3	1.040087075857315	-11.19463632828873	138.0	32	1.05	0.95				
	307	2	60.582094254385964	12.116418850877194	0.0	0.0	3	0.990061569848121	-16.182373573612928	138.0	32	1.05	0.95				
	308	1	82.87630494	16.962986391228068	0.0	0.0	3	0.9950678533334653	-13.948911856915203	138.0	32	1.05	0.95				
	309	1	84.81493195614036	17.447643145263157	0.0	0.0	3	1.0255669641857088	-5.3306720730379515	138.0	33	1.05	0.95				
	310	1	94.5080670368421	19.38627016140351	0.0	0.0	3	1.05	-9.412382109061488	138.0	33	1.05	0.95				
	311	1	0.0	0.0	0.0	0.0	3	1.0107077133990012	-4.3999146598022305	230.0	33	1.05	0.95				
	312	1	0.0	0.0	0.0	0.0	3	1.014411992598814	-3.772057956060775	230.0	33	1.05	0.95				
	313	2	128.43403981929825	26.17146471789474	0.0	0.0	3	1.0124627040315473	-1.5156890061339852	230.0	34	1.05	0.95				
	314	2	94.02341028280702	18.901613407368423	0.0	0.0	3	1.0093389432713622	-3.8577171773899424	230.0	36	1.05	0.95				
	315	2	153.6361910291228	31.018032258245615	0.0	0.0	3	1.0401860810261059	-0.33913442610609984	230.0	36	1.05	0.95				
	316	2	48.465675403508776	9.693135080701754	0.0	0.0	3	1.03540246501443	-0.1780327161995508	230.0	36	1.05	0.95				
	317	1	0.0	0.0	0.0	0.0	3	1.0408776277740373	1.3231950293402917	230.0	37	1.05	0.95				
	318	2	161.39069909368422	32.95665927438597	0.0	0.0	3	1.0388224963696557	0.6415618659653358	230.0	37	1.05	0.95				
	319	1	87.72287248035087	17.932299899298247	0.0	0.0	3	1.0291071127151963	-0.8240026213109714	230.0	35	1.05	0.95				
	320	1	62.03606451649123	12.601075604912282	0.0	0.0	3	1.0271735790225471	-0.4493356764540061	230.0	35	1.05	0.95				
	321	2	0.0	0.0	0.0	0.0	3	1.0408139927062012	0.8620837300508696	230.0	37	1.05	0.95				
	322	2	0.0	0.0	0.0	0.0	3	1.05	5.362539201385699	230.0	37	1.05	0.95				
	323	2	0.0	0.0	0.0	0.0	3	1.0270124114879957	0.12955685653846416	230.0	35	1.05	0.95				
	324	1	0.0	0.0	0.0	0.0	3	1.04053275188073	1.0055625532510728	230.0	36	1.05	0.95				
	325	1	0.0	0.0	0.0	0.0	3	1.0259857611307535	1.1322093037121181	230.0	35	1.05	0.95				
];
