%% MATPOWER Case Format : Version 2
function mpc = RTS_GMLC
mpc.version = '2';

%%-----  Power Flow Data  -----%%
%% system MVA base
mpc.baseMVA = 100.0;
%% bus data
%    bus_i    type    Pd    Qd    Gs    Bs    area    Vm    Va    baseKV    zone    Vmax    Vmin
mpc.bus = [
	101	2	94.69371600000001	19.289460666666667	0.0	0.0	1	1.0407592384926232	-3.8120410816036254	138.0	11	1.05	0.95				
	102	2	85.04898566666667	17.535873333333335	0.0	0.0	1	1.040646971477938	-3.927655537880939	138.0	12	1.05	0.95				
	103	1	157.82286000000002	32.44136566666667	0.0	0.0	1	1.019265174382966	-4.170324534011988	138.0	11	1.05	0.95				
	104	1	64.88273133333334	13.151905	0.0	0.0	1	1.0188026992387598	-6.920302615696427	138.0	11	1.05	0.95				
	105	1	62.252350333333325	12.275111333333335	0.0	0.0	1	1.0334983654495558	-7.232984940604749	138.0	11	1.05	0.95				
	106	1	119.24393866666666	24.55022266666667	0.0	-100.0	1	1.0341111944425667	-9.949389059618806	138.0	12	1.05	0.95				
	107	2	109.59920833333334	21.919841666666667	0.0	0.0	1	1.05	-6.941526486322396	138.0	12	1.05	0.95				
	108	1	149.93171700000002	30.68777833333333	0.0	0.0	1	1.0218943412720713	-9.72942730805472	138.0	12	1.05	0.95				
	109	1	153.43889166666668	31.564572000000002	0.0	0.0	1	1.027305965814335	-6.32142404467553	138.0	13	1.05	0.95				
	110	1	170.974765	35.07174666666667	0.0	0.0	1	1.05	-7.969027786091198	138.0	13	1.05	0.95				
	111	1	0.0	0.0	0.0	0.0	1	1.0190314775706877	-2.7745288566577955	230.0	13	1.05	0.95				
	112	1	0.0	0.0	0.0	0.0	1	1.0193824439857955	-1.727818460593453	230.0	13	1.05	0.95				
	113	3	232.35032166666664	47.346858000000005	0.0	0.0	1	1.024895891675051	-3.702566404835558e-27	230.0	14	1.05	0.95				
	114	2	170.09797133333333	34.194953	0.0	0.0	1	1.0253464714645477	-0.8548958600325034	230.0	16	1.05	0.95				
	115	2	277.9435923333333	56.11479466666667	0.0	0.0	1	1.0438319623304149	7.5548780462125436	230.0	16	1.05	0.95				
	116	2	87.67936666666667	17.535873333333335	0.0	0.0	1	1.0444466010001772	7.214005560858084	230.0	16	1.05	0.95				
	117	1	0.0	0.0	0.0	0.0	1	1.047169889209751	10.771289609347432	230.0	17	1.05	0.95				
	118	2	291.972291	59.62196933333333	0.0	0.0	1	1.049999999552601	11.370031518179408	230.0	17	1.05	0.95				
	119	1	158.69965366666668	32.44136566666667	0.0	0.0	1	1.0396074609107908	5.953468975466131	230.0	15	1.05	0.95				
	120	1	112.22958933333334	22.796635333333334	0.0	0.0	1	1.0430081322395608	6.259984852983933	230.0	15	1.05	0.95				
	121	2	0.0	0.0	0.0	0.0	1	1.05	12.093961429276908	230.0	17	1.05	0.95				
	122	2	0.0	0.0	0.0	0.0	1	1.05	20.74032017469133	230.0	17	1.05	0.95				
	123	2	0.0	0.0	0.0	0.0	1	1.047565642891907	7.066876938668693	230.0	15	1.05	0.95				
	124	1	0.0	0.0	0.0	0.0	1	1.0199374162342194	3.2195814001010072	230.0	16	1.05	0.95				
	201	2	99.99307413473684	20.368959545964913	0.0	0.0	2	1.05	-11.930368350828708	138.0	21	1.05	0.95				
	202	2	89.80859436175439	18.517235950877193	0.0	0.0	2	1.05	-11.940255871134283	138.0	22	1.05	0.95				
	203	1	166.65512355789474	34.25688650912281	0.0	0.0	2	1.0240155032972833	-9.266135506108258	138.0	21	1.05	0.95				
	204	1	68.51377301824562	13.887926963157895	0.0	0.0	2	1.019026256688133	-13.377206732641675	138.0	21	1.05	0.95				
	205	1	65.73618762561402	12.962065165614037	0.0	0.0	2	1.0364962096241443	-13.811124235311038	138.0	21	1.05	0.95				
	206	1	125.91720446596493	25.924130331228074	0.0	-100.0	2	1.0330140912150536	-15.715852632620967	138.0	22	1.05	0.95				
	207	2	115.73272469298246	23.14654493859649	0.0	0.0	2	0.95	-25.382207391543222	138.0	22	1.05	0.95				
	208	1	158.32236738	32.40516291403509	0.0	0.0	2	0.9525234969473377	-22.601239812568295	138.0	22	1.05	0.95				
	209	1	162.02581457017544	33.33102471157895	0.0	0.0	2	1.0239927967706417	-10.828767773417626	138.0	23	1.05	0.95				
	210	1	180.54305052105263	37.03447190175439	0.0	0.0	2	1.0466085332853514	-12.83509287707808	138.0	23	1.05	0.95				
	211	1	0.0	0.0	0.0	0.0	2	1.0314245792136136	-5.765048642644823	230.0	23	1.05	0.95				
	212	1	0.0	0.0	0.0	0.0	2	1.0255308115213069	-1.314343935786748	230.0	23	1.05	0.95				
	213	2	245.3533763491228	49.99653706736842	0.0	0.0	2	1.05	-1.0462385424345078	230.0	24	1.05	0.95				
	214	2	179.61718872350878	36.10861010421053	0.0	0.0	2	1.05	-4.1216587888191665	230.0	26	1.05	0.95				
	215	2	293.4981898214035	59.25515504280702	0.0	0.0	2	1.045371062396858	4.111971523865315	230.0	26	1.05	0.95				
	216	2	92.58617975438597	18.517235950877193	0.0	0.0	2	1.0491158835242957	3.9344844402487342	230.0	26	1.05	0.95				
	217	1	0.0	0.0	0.0	0.0	2	1.0499745628021635	6.826950079808723	230.0	27	1.05	0.95				
	218	2	308.31197858210527	62.958602232982464	0.0	0.0	2	1.05	7.401201846769967	230.0	27	1.05	0.95				
	219	1	167.5809853554386	34.25688650912281	0.0	0.0	2	1.0422537545335062	3.628438316287656	230.0	25	1.05	0.95				
	220	1	118.51031008561404	24.072406736140355	0.0	0.0	2	1.0450238547331392	5.093280564888679	230.0	25	1.05	0.95				
	221	2	0.0	0.0	0.0	0.0	2	1.05	8.034227313831462	230.0	27	1.05	0.95				
	222	2	0.0	0.0	0.0	0.0	2	1.05	14.072525336372324	230.0	27	1.05	0.95				
	223	2	0.0	0.0	0.0	0.0	2	1.05	6.566028828930051	230.0	25	1.05	0.95				
	224	1	0.0	0.0	0.0	0.0	2	1.0203590546233383	-0.8531026021078801	230.0	26	1.05	0.95				
	301	2	95.47801328842105	19.449224929122806	0.0	0.0	3	0.980827195862199	-18.474748558024146	138.0	31	1.05	0.95				
	302	2	85.75340082385965	17.681113571929828	0.0	0.0	3	0.9817071635914393	-18.99135053565267	138.0	32	1.05	0.95				
	303	1	159.13002214736844	32.710060108070174	0.0	0.0	3	0.9833141584569185	-12.170398218195654	138.0	31	1.05	0.95				
	304	1	65.42012021614035	13.260835178947369	0.0	0.0	3	0.9646538059408972	-17.20961261059899	138.0	31	1.05	0.95				
	305	1	62.76795318035088	12.37677950035088	0.0	0.0	3	0.979280270149272	-17.423321983814404	138.0	31	1.05	0.95				
	306	1	120.23157228912282	24.75355900070176	0.0	-100.0	3	0.9835297429232994	-17.8769087667391	138.0	32	1.05	0.95				
	307	2	110.5069598245614	22.10139196491228	0.0	0.0	3	0.9565694496241652	-20.05022235004429	138.0	32	1.05	0.95				
	308	1	151.17352104	30.94194875087719	0.0	0.0	3	0.95	-18.98498978742123	138.0	32	1.05	0.95				
	309	1	154.70974375438598	31.826004429473688	0.0	0.0	3	0.9849343846975172	-11.813909857738256	138.0	33	1.05	0.95				
	310	1	172.3908573263158	35.362227143859656	0.0	0.0	3	1.0043649403781583	-13.273820445551083	138.0	33	1.05	0.95				
	311	1	0.0	0.0	0.0	0.0	3	0.9840943369659064	-4.253415233116	230.0	33	1.05	0.95				
	312	1	0.0	0.0	0.0	0.0	3	0.9845806620917603	-3.2053000990659197	230.0	33	1.05	0.95				
	313	2	234.27475482807017	47.73900664421053	0.0	0.0	3	1.0088049066593057	2.797317585497616	230.0	34	1.05	0.95				
	314	2	171.5068016477193	34.47817146526316	0.0	0.0	3	1.0012895041249004	-2.4874306557527532	230.0	36	1.05	0.95				
	315	2	280.2456501150877	56.57956343017544	0.0	0.0	3	1.0376275586175254	0.13647432823563485	230.0	36	1.05	0.95				
	316	2	88.40556785964912	17.681113571929828	0.0	0.0	3	1.0331192004197742	0.39308418612657514	230.0	36	1.05	0.95				
	317	1	0.0	0.0	0.0	0.0	3	1.0407785526948266	2.422844913212625	230.0	37	1.05	0.95				
	318	2	294.3905409726316	60.11578614456141	0.0	0.0	3	1.0418351224040865	2.1869249970344256	230.0	37	1.05	0.95				
	319	1	160.01407782596493	32.710060108070174	0.0	0.0	3	1.0253035471251348	0.8691112701425314	230.0	35	1.05	0.95				
	320	1	113.15912686035088	22.985447643508774	0.0	0.0	3	1.023619761486207	1.635489389474528	230.0	35	1.05	0.95				
	321	2	0.0	0.0	0.0	0.0	3	1.0456269956774424	3.4432065898445443	230.0	37	1.05	0.95				
	322	2	0.0	0.0	0.0	0.0	3	1.05	8.80941941961353	230.0	37	1.05	0.95				
	323	2	0.0	0.0	0.0	0.0	3	1.0241179152620914	2.1462016733684894	230.0	35	1.05	0.95				
	324	1	0.0	0.0	0.0	0.0	3	1.004400983922181	-2.4616496591728674	230.0	36	1.05	0.95				
	325	1	0.0	0.0	0.0	0.0	3	1.0242144421742272	3.002453255596282	230.0	35	1.05	0.95				
];

%% generator data
%    bus    Pg    Qg    Qmax    Qmin    Vg    mBase    status    Pmax    Pmin    Pc1    Pc2    Qc1min    Qc1max    Qc2min    Qc2max    ramp_agc    ramp_10    ramp_30    ramp_q    apf
