%% MATPOWER Case Format : Version 2
function mpc = RTS_GMLC
mpc.version = '2';

%%-----  Power Flow Data  -----%%
%% system MVA base
mpc.baseMVA = 100.0;
%% bus data
%    bus_i    type    Pd    Qd    Gs    Bs    area    Vm    Va    baseKV    zone    Vmax    Vmin
mpc.bus = [
	101	2	42.096486884210535	8.575210291228071	0.0	0.0	1	1.0231603204390445	-2.5577887884720694	138.0	11	1.05	0.95				
	102	2	37.8088817385965	7.795645719298247	0.0	0.0	1	1.0223349932904673	-2.7656329200301704	138.0	12	1.05	0.95				
	103	1	70.16081147368422	14.421944580701757	0.0	0.0	1	1.0311446021680124	-0.5534096962778671	138.0	11	1.05	0.95				
	104	1	28.843889161403514	5.846734289473685	0.0	0.0	1	1.0213355084111968	-3.358179049705532	138.0	11	1.05	0.95				
	105	1	27.674542303508776	5.456952003508773	0.0	0.0	1	1.031835663246855	-4.348542907749243	138.0	11	1.05	0.95				
	106	1	53.01039089122808	10.913904007017546	0.0	-100.0	1	1.0446817038567913	-5.799371277826881	138.0	12	1.05	0.95				
	107	2	48.72278574561404	9.744557149122809	0.0	0.0	1	1.0029246726594088	-9.270345007258404	138.0	12	1.05	0.95				
	108	1	66.65277090000001	13.642380008771932	0.0	0.0	1	1.0075178544026713	-8.33185449555168	138.0	12	1.05	0.95				
	109	1	68.21190004385966	14.032162294736844	0.0	0.0	1	1.0252464135053039	-3.4456296257666006	138.0	13	1.05	0.95				
	110	1	76.0075457631579	15.591291438596494	0.0	0.0	1	1.05	-4.905202145512373	138.0	13	1.05	0.95				
	111	1	0.0	0.0	0.0	0.0	1	1.0028311842233022	-1.4826768707823255	230.0	13	1.05	0.95				
	112	1	0.0	0.0	0.0	0.0	1	1.006749104584775	-1.6786619017604	230.0	13	1.05	0.95				
	113	3	103.29230578070177	21.048243442105267	0.0	0.0	1	0.995936311196617	-3.4755320835624095e-31	230.0	14	1.05	0.95				
	114	2	75.617763477193	15.201509152631582	0.0	0.0	1	0.9993395074194212	0.06826380614612587	230.0	16	1.05	0.95				
	115	2	123.56098465087719	24.94606630175439	0.0	0.0	1	1.0313657423818454	5.401779067441977	230.0	16	1.05	0.95				
	116	2	38.978228596491235	7.795645719298247	0.0	0.0	1	1.0270849484966802	4.548225556733545	230.0	16	1.05	0.95				
	117	1	0.0	0.0	0.0	0.0	1	1.035642520339983	7.699877668439032	230.0	17	1.05	0.95				
	118	2	129.7975012263158	26.50519544561404	0.0	0.0	1	1.0389551432336535	8.353258777866113	230.0	17	1.05	0.95				
	119	1	70.55059375964913	14.421944580701757	0.0	0.0	1	1.0181958765006702	2.8072599168152474	230.0	15	1.05	0.95				
	120	1	49.89213260350878	10.134339435087721	0.0	0.0	1	1.0123727897170611	1.4553391987845707	230.0	15	1.05	0.95				
	121	2	0.0	0.0	0.0	0.0	1	1.0410718516242021	9.321207979218139	230.0	17	1.05	0.95				
	122	2	0.0	0.0	0.0	0.0	1	1.05	15.419366794661451	230.0	17	1.05	0.95				
	123	2	0.0	0.0	0.0	0.0	1	1.009607307531733	1.0166525691449972	230.0	15	1.05	0.95				
	124	1	0.0	0.0	0.0	0.0	1	1.0231534075169921	3.1516174393588705	230.0	16	1.05	0.95				
	201	2	42.34660791157896	8.626160870877193	0.0	0.0	2	1.0159117957272907	-9.354165724631759	138.0	21	1.05	0.95				
	202	2	38.03352747614036	7.841964428070177	0.0	0.0	2	1.0151008845968248	-9.576954430757311	138.0	22	1.05	0.95				
	203	1	70.57767985263159	14.507634191929824	0.0	0.0	2	1.0146384233254409	-7.34877857206853	138.0	21	1.05	0.95				
	204	1	29.01526838385965	5.881473321052632	0.0	0.0	2	1.0136000433161954	-9.012977250108218	138.0	21	1.05	0.95				
	205	1	27.838973719649125	5.4893750996491235	0.0	0.0	2	1.0281894124072246	-9.274355569167955	138.0	21	1.05	0.95				
	206	1	53.3253581108772	10.978750199298247	0.0	-100.0	2	1.0432643975215372	-9.726023304619673	138.0	22	1.05	0.95				
	207	2	49.0122776754386	9.80245553508772	0.0	0.0	2	0.9989282608009106	-14.439991545628132	138.0	22	1.05	0.95				
	208	1	67.04879586000001	13.723437749122807	0.0	0.0	2	1.0039055957759146	-12.681461842331085	138.0	22	1.05	0.95				
	209	1	68.61718874561404	14.115535970526317	0.0	0.0	2	1.0235828704150611	-6.928306977164788	138.0	23	1.05	0.95				
	210	1	76.45915317368421	15.683928856140353	0.0	0.0	2	1.05	-7.932413086697785	138.0	23	1.05	0.95				
	211	1	0.0	0.0	0.0	0.0	2	1.001612537415967	-5.003125302328267	230.0	23	1.05	0.95				
	212	1	0.0	0.0	0.0	0.0	2	1.0086840396749335	-0.4279308905221662	230.0	23	1.05	0.95				
	213	2	103.90602867192985	21.17330395578948	0.0	0.0	2	0.99511266568819	-3.0511302864508436	230.0	24	1.05	0.95				
	214	2	76.06705495228071	15.291830634736844	0.0	0.0	2	0.9966571629372094	-4.129661719130511	230.0	26	1.05	0.95				
	215	2	124.29513618491228	25.094286169824564	0.0	0.0	2	1.0146695835064243	0.39657952277834446	230.0	26	1.05	0.95				
	216	2	39.20982214035088	7.841964428070177	0.0	0.0	2	1.0124610216916183	-0.46648956283782633	230.0	26	1.05	0.95				
	217	1	0.0	0.0	0.0	0.0	2	1.0185096479292752	0.865533633174526	230.0	27	1.05	0.95				
	218	2	130.56870772736843	26.6626790554386	0.0	0.0	2	1.0183327380013252	0.6354883042947131	230.0	27	1.05	0.95				
	219	1	70.96977807403509	14.507634191929824	0.0	0.0	2	1.0099128045980847	-0.899579359822563	230.0	25	1.05	0.95				
	220	1	50.18857233964913	10.194553756491228	0.0	0.0	2	1.0102441796529311	-0.48526852451523533	230.0	25	1.05	0.95				
	221	2	0.0	0.0	0.0	0.0	2	1.0206390119145747	1.3563311442796557	230.0	27	1.05	0.95				
	222	2	0.0	0.0	0.0	0.0	2	1.0423846503641274	7.75058589657653	230.0	27	1.05	0.95				
	223	2	0.0	0.0	0.0	0.0	2	1.010952768435075	0.05478331785623155	230.0	25	1.05	0.95				
	224	1	0.0	0.0	0.0	0.0	2	1.0049529304259985	-2.5332866689272007	230.0	26	1.05	0.95				
	301	2	64.0961721094737	13.056627651929825	0.0	0.0	3	0.9899634626621213	5.632584336068057	138.0	31	1.05	0.95				
	302	2	57.56785828350878	11.869661501754388	0.0	0.0	3	0.9899770408655983	5.619285354723683	138.0	32	1.05	0.95				
	303	1	106.82695351578948	21.958873778245618	0.0	0.0	3	1.0102520417797816	7.669288603919626	138.0	31	1.05	0.95				
	304	1	43.917747556491236	8.90224612631579	0.0	0.0	3	0.9984198666891727	7.650796959806265	138.0	31	1.05	0.95				
	305	1	42.137298331228074	8.308763051228071	0.0	0.0	3	1.010507718900808	7.81527538019621	138.0	31	1.05	0.95				
	306	1	80.71369821192984	16.617526102456143	0.0	-100.0	3	1.0305609102661473	8.355021061794696	138.0	32	1.05	0.95				
	307	2	74.18538438596491	14.837076877192985	0.0	0.0	3	0.9907127662205772	5.434757815334986	138.0	32	1.05	0.95				
	308	1	101.48560584000002	20.771907628070178	0.0	0.0	3	1.0029314619178418	8.057318030497454	138.0	32	1.05	0.95				
	309	1	103.85953814035089	21.365390703157896	0.0	0.0	3	1.0263605027783425	11.724554500123148	138.0	33	1.05	0.95				
	310	1	115.72919964210526	23.739323003508776	0.0	0.0	3	1.05	11.876106014441426	138.0	33	1.05	0.95				
	311	1	0.0	0.0	0.0	0.0	3	1.016694867912457	17.682423004401368	230.0	33	1.05	0.95				
	312	1	0.0	0.0	0.0	0.0	3	1.0224126094368684	18.917205559948105	230.0	33	1.05	0.95				
	313	2	157.27301489824563	32.04808605473685	0.0	0.0	3	1.0408379451675094	25.686262145441265	230.0	34	1.05	0.95				
	314	2	115.13571656701755	23.145839928421054	0.0	0.0	3	1.0179150211971162	16.40697200996501	230.0	36	1.05	0.95				
	315	2	188.13413480280704	37.98291680561404	0.0	0.0	3	1.0325119806384324	10.080970480792985	230.0	36	1.05	0.95				
	316	2	59.34830750877194	11.869661501754388	0.0	0.0	3	1.0347949059840538	11.612621651485066	230.0	36	1.05	0.95				
	317	1	0.0	0.0	0.0	0.0	3	1.038815045538821	11.053091580694899	230.0	37	1.05	0.95				
	318	2	197.62986400421053	40.35684910596492	0.0	0.0	3	1.0353154528520776	9.271313301320488	230.0	37	1.05	0.95				
	319	1	107.42043659087722	21.958873778245618	0.0	0.0	3	1.0352909848008498	14.368832029610878	230.0	35	1.05	0.95				
	320	1	75.96583361122808	15.430559952280703	0.0	0.0	3	1.038141272092868	16.30199918968532	230.0	35	1.05	0.95				
	321	2	0.0	0.0	0.0	0.0	3	1.0364119725463063	10.135486368381724	230.0	37	1.05	0.95				
	322	2	0.0	0.0	0.0	0.0	3	1.049999936139259	14.804912123870725	230.0	37	1.05	0.95				
	323	2	0.0	0.0	0.0	0.0	3	1.0391579240963469	16.83477386985986	230.0	35	1.05	0.95				
	324	1	0.0	0.0	0.0	0.0	3	1.0206613136719027	10.602927165992885	230.0	36	1.05	0.95				
	325	1	0.0	0.0	0.0	0.0	3	1.040795376678954	16.20182957680728	230.0	35	1.05	0.95				
];
