%% MATPOWER Case Format : Version 2
function mpc = RTS_GMLC
mpc.version = '2';

%%-----  Power Flow Data  -----%%
%% system MVA base
mpc.baseMVA = 100.0;
%% bus data
%    bus_i    type    Pd    Qd    Gs    Bs    area    Vm    Va    baseKV    zone    Vmax    Vmin
mpc.bus = [
	101	2	41.1212271031579	8.376546261754386	0.0	0.0	1	1.0118228665568316	-4.292190465804991	138.0	11	1.05	0.95				
	102	2	36.9329539722807	7.615042056140352	0.0	0.0	1	1.011812664133076	-4.500929846116202	138.0	12	1.05	0.95				
	103	1	68.53537850526315	14.087827803859648	0.0	0.0	1	1.0008922851446518	0.6093454117501261	138.0	11	1.05	0.95				
	104	1	28.175655607719296	5.7112815421052625	0.0	0.0	1	1.0029966529346694	-4.284933157674696	138.0	11	1.05	0.95				
	105	1	27.033399299298246	5.330529439298246	0.0	0.0	1	1.017329087873546	-5.277064305329539	138.0	11	1.05	0.95				
	106	1	51.78228598175439	10.661058878596492	0.0	-100.0	1	1.0284718063708889	-6.298503932541019	138.0	12	1.05	0.95				
	107	2	47.59401285087719	9.518802570175438	0.0	0.0	1	0.9866782895595284	-10.34840088212098	138.0	12	1.05	0.95				
	108	1	65.10860957999999	13.326323598245612	0.0	0.0	1	0.9891088472626881	-8.936410819910305	138.0	12	1.05	0.95				
	109	1	66.63161799122807	13.707075701052633	0.0	0.0	1	1.002967248821674	-3.1968687935897298	138.0	13	1.05	0.95				
	110	1	74.24666004736842	15.230084112280704	0.0	0.0	1	1.0317747379515176	-5.0161565768346215	138.0	13	1.05	0.95				
	111	1	0.0	0.0	0.0	0.0	1	0.9823798267337551	-0.44718432647426104	230.0	13	1.05	0.95				
	112	1	0.0	0.0	0.0	0.0	1	0.9834533439663986	-1.3686827365437668	230.0	13	1.05	0.95				
	113	3	100.89930724385965	20.56061355157895	0.0	0.0	1	0.9640688168947109	-1.9666346333843533e-30	230.0	14	1.05	0.95				
	114	2	73.8659079445614	14.849332009473684	0.0	0.0	1	0.9917987763522054	2.9617077181368345	230.0	16	1.05	0.95				
	115	2	120.69841658982456	24.368134579649123	0.0	0.0	1	0.9920347150389932	11.996919984892484	230.0	16	1.05	0.95				
	116	2	38.075210280701754	7.615042056140352	0.0	0.0	1	0.9903187464249905	10.413455318805346	230.0	16	1.05	0.95				
	117	1	0.0	0.0	0.0	0.0	1	0.9924906076146732	16.27897492254881	230.0	17	1.05	0.95				
	118	2	126.79045023473685	25.891142990877196	0.0	0.0	1	1.001917229850855	16.74133311641393	230.0	17	1.05	0.95				
	119	1	68.91613060807018	14.087827803859648	0.0	0.0	1	0.9896106600971287	6.53627698288473	230.0	15	1.05	0.95				
	120	1	48.736269159298246	9.899554672982456	0.0	0.0	1	0.9944377233204598	3.7689987300055625	230.0	15	1.05	0.95				
	121	2	0.0	0.0	0.0	0.0	1	1.0025951656989467	18.023260534210745	230.0	17	1.05	0.95				
	122	2	0.0	0.0	0.0	0.0	1	1.0065468045933015	36.622924430661925	230.0	17	1.05	0.95				
	123	2	0.0	0.0	0.0	0.0	1	0.998076177820462	2.5681307946956617	230.0	15	1.05	0.95				
	124	1	0.0	0.0	0.0	0.0	1	0.9817573758787694	7.650271041740013	230.0	16	1.05	0.95				
	201	2	42.49960647157896	8.657327244210528	0.0	0.0	2	1.0114728380736844	-12.724788519169058	138.0	21	1.05	0.95				
	202	2	38.17094284947369	7.870297494736844	0.0	0.0	2	1.010340016010523	-12.93994135410665	138.0	22	1.05	0.95				
	203	1	70.83267745263159	14.56005036526316	0.0	0.0	2	0.9977180992618032	-9.52513934377215	138.0	21	1.05	0.95				
	204	1	29.12010073052632	5.902723121052632	0.0	0.0	2	1.001556406064884	-12.17903223622176	138.0	21	1.05	0.95				
	205	1	27.939556106315795	5.509208246315791	0.0	0.0	2	1.0179611833149422	-12.56602084918501	138.0	21	1.05	0.95				
	206	1	53.51802296421053	11.018416492631582	0.0	-100.0	2	1.0296058662703202	-12.981384069318047	138.0	22	1.05	0.95				
	207	2	49.18935934210527	9.837871868421054	0.0	0.0	2	0.9720014456296009	-17.69768932304518	138.0	22	1.05	0.95				
	208	1	67.29104358000001	13.773020615789475	0.0	0.0	2	0.9808556755060959	-15.898353368601523	138.0	22	1.05	0.95				
	209	1	68.86510307894737	14.166535490526316	0.0	0.0	2	1.0059993900951203	-9.87346925774585	138.0	23	1.05	0.95				
	210	1	76.73540057368422	15.740594989473689	0.0	0.0	2	1.033999428651607	-11.105985719239696	138.0	23	1.05	0.95				
	211	1	0.0	0.0	0.0	0.0	2	0.9866850572095628	-7.365178787395789	230.0	23	1.05	0.95				
	212	1	0.0	0.0	0.0	0.0	2	0.9882643093038457	-4.064367040923528	230.0	23	1.05	0.95				
	213	2	104.28144180526317	21.24980323578948	0.0	0.0	2	0.9829947704462072	-5.280683598626984	230.0	24	1.05	0.95				
	214	2	76.34188569894738	15.347080114736844	0.0	0.0	2	0.982788292768169	-5.916118225756116	230.0	26	1.05	0.95				
	215	2	124.74421529157895	25.184951983157898	0.0	0.0	2	0.9911144330329841	-0.8524772452102993	230.0	26	1.05	0.95				
	216	2	39.351487473684216	7.870297494736844	0.0	0.0	2	0.9895487598032218	-1.274552479164933	230.0	26	1.05	0.95				
	217	1	0.0	0.0	0.0	0.0	2	0.9996657408341024	0.11131609818436612	230.0	27	1.05	0.95				
	218	2	131.04045328736845	26.759011482105265	0.0	0.0	2	1.0005779436304134	-0.37379638565715434	230.0	27	1.05	0.95				
	219	1	71.22619232736844	14.56005036526316	0.0	0.0	2	0.984271261680583	-0.750207526113735	230.0	25	1.05	0.95				
	220	1	50.369903966315796	10.231386743157897	0.0	0.0	2	0.9825818286565694	0.5451373425438281	230.0	25	1.05	0.95				
	221	2	0.0	0.0	0.0	0.0	2	1.0027793925051525	0.15891581471093671	230.0	27	1.05	0.95				
	222	2	0.0	0.0	0.0	0.0	2	1.0209139989640266	5.847350432335648	230.0	27	1.05	0.95				
	223	2	0.0	0.0	0.0	0.0	2	0.9826105862686764	1.591074677543247	230.0	25	1.05	0.95				
	224	1	0.0	0.0	0.0	0.0	2	0.9831583315981347	-4.157541600164031	230.0	26	1.05	0.95				
	301	2	60.85036379368422	12.395444476491228	0.0	0.0	3	1.0036856430789682	24.47616099784467	138.0	31	1.05	0.95				
	302	2	54.6526415554386	11.268585887719299	0.0	0.0	3	1.0044646821650773	24.06447399066878	138.0	32	1.05	0.95				
	303	1	101.4172729894737	20.8468838922807	0.0	0.0	3	1.017057910080036	41.30004966957139	138.0	31	1.05	0.95				
	304	1	41.6937677845614	8.451439415789473	0.0	0.0	3	0.9926870001313143	25.855596606899738	138.0	31	1.05	0.95				
	305	1	40.0034799014035	7.888010121403509	0.0	0.0	3	1.011413445896708	23.42342655435021	138.0	31	1.05	0.95				
	306	1	76.62638403649123	15.776020242807018	0.0	-100.0	3	1.0226777904570825	22.175620118110263	138.0	32	1.05	0.95				
	307	2	70.4286617982456	14.085732359649123	0.0	0.0	3	0.9641291410164328	17.85254201680656	138.0	32	1.05	0.95				
	308	1	96.34640934	19.72002530350877	0.0	0.0	3	0.9719658491489077	20.556555965515948	138.0	32	1.05	0.95				
	309	1	98.60012651754386	20.283454597894735	0.0	0.0	3	1.0027361592632174	29.739446744058426	138.0	33	1.05	0.95				
	310	1	109.86871240526315	22.537171775438598	0.0	0.0	3	1.0335182913303613	24.223765427835605	138.0	33	1.05	0.95				
	311	1	0.0	0.0	0.0	0.0	3	0.9954739417111812	28.675745834369245	230.0	33	1.05	0.95				
	312	1	0.0	0.0	0.0	0.0	3	1.0018590559731233	28.745581520703148	230.0	33	1.05	0.95				
	313	2	149.30876301228068	30.42518189684211	0.0	0.0	3	1.0030370409220946	30.56605790199731	230.0	34	1.05	0.95				
	314	2	109.3052831108772	21.973742481052632	0.0	0.0	3	0.9896906149322603	28.788076909803575	230.0	36	1.05	0.95				
	315	2	178.60708632035087	36.05947484070175	0.0	0.0	3	0.9934965967733715	28.407367926799708	230.0	36	1.05	0.95				
	316	2	56.34292943859649	11.268585887719299	0.0	0.0	3	0.9864540210054247	28.409619126216832	230.0	36	1.05	0.95				
	317	1	0.0	0.0	0.0	0.0	3	0.9993665098149663	30.696828739733395	230.0	37	1.05	0.95				
	318	2	187.62195503052632	38.313192018245616	0.0	0.0	3	0.9931091051805033	26.986369102274622	230.0	37	1.05	0.95				
	319	1	101.98070228385964	20.8468838922807	0.0	0.0	3	0.9932982592091764	27.749746614574125	230.0	35	1.05	0.95				
	320	1	72.1189496814035	14.649161654035087	0.0	0.0	3	1.001378384893131	27.127163660169558	230.0	35	1.05	0.95				
	321	2	0.0	0.0	0.0	0.0	3	1.0014928267213135	28.013518818308942	230.0	37	1.05	0.95				
	322	2	0.0	0.0	0.0	0.0	3	1.0187861671355778	32.54830022043128	230.0	37	1.05	0.95				
	323	2	0.0	0.0	0.0	0.0	3	1.0061312883575195	26.84111061722824	230.0	35	1.05	0.95				
	324	1	0.0	0.0	0.0	0.0	3	1.000289887932724	34.72574880047781	230.0	36	1.05	0.95				
