%% MATPOWER Case Format : Version 2
function mpc = RTS_GMLC
mpc.version = '2';

%%-----  Power Flow Data  -----%%
%% system MVA base
mpc.baseMVA = 100.0;
%% bus data
%    bus_i    type    Pd    Qd    Gs    Bs    area    Vm    Va    baseKV    zone    Vmax    Vmin
mpc.bus = [
	101	2	51.007422050526316	10.390400788070178	0.0	0.0	1	1.0352670189194204	1.5084439626793487	138.0	11	1.05	0.95				
	102	2	45.81222165649123	9.445818898245616	0.0	0.0	1	1.0348396188814857	1.369203809285425	138.0	12	1.05	0.95				
	103	1	85.01237008421053	17.47476496175439	0.0	0.0	1	1.028225947926562	-0.518287487083115	138.0	11	1.05	0.95				
	104	1	34.94952992350878	7.084364173684212	0.0	0.0	1	1.0215202957064216	-1.8354876886678333	138.0	11	1.05	0.95				
	105	1	33.532657088771934	6.612073228771931	0.0	0.0	1	1.0361938662373702	-1.6295403934675738	138.0	11	1.05	0.95				
	106	1	64.23156850807018	13.224146457543862	0.0	-100.0	1	1.0445976393251535	-3.865662754061221	138.0	12	1.05	0.95				
	107	2	59.0363681140351	11.807273622807019	0.0	0.0	1	1.0029255580301664	-7.842405910416741	138.0	12	1.05	0.95				
	108	1	80.76175158000001	16.530183071929823	0.0	0.0	1	1.0051616046080143	-7.251035902930485	138.0	12	1.05	0.95				
	109	1	82.65091535964912	17.002474016842108	0.0	0.0	1	1.0251857021540913	-2.5513826826161394	138.0	13	1.05	0.95				
	110	1	92.09673425789474	18.89163779649123	0.0	0.0	1	1.05	-3.3292009126355717	138.0	13	1.05	0.95				
	111	1	0.0	0.0	0.0	0.0	1	1.00529634237553	-0.6537355672707574	230.0	13	1.05	0.95				
	112	1	0.0	0.0	0.0	0.0	1	1.0097700590938161	-0.00026180070809859047	230.0	13	1.05	0.95				
	113	3	125.15710040175438	25.503711025263158	0.0	0.0	1	0.9987439506865385	-3.875715398448351e-29	230.0	14	1.05	0.95				
	114	2	91.62444331298246	18.41934685157895	0.0	0.0	1	1.0027611783949957	1.1803459574738175	230.0	16	1.05	0.95				
	115	2	149.716229537193	30.226620474385967	0.0	0.0	1	1.0397979617502404	6.694201561587952	230.0	16	1.05	0.95				
	116	2	47.229094491228075	9.445818898245616	0.0	0.0	1	1.0357224859222611	6.522865425714422	230.0	16	1.05	0.95				
	117	1	0.0	0.0	0.0	0.0	1	1.0430285366021783	8.166311919655032	230.0	17	1.05	0.95				
	118	2	157.27288465578948	32.11578425403509	0.0	0.0	1	1.0456058650500573	8.010272361519199	230.0	17	1.05	0.95				
	119	1	85.48466102912282	17.47476496175439	0.0	0.0	1	1.0298280427745339	5.927651082202697	230.0	15	1.05	0.95				
	120	1	60.453240948771935	12.2795645677193	0.0	0.0	1	1.0280837477722957	6.322099763341504	230.0	15	1.05	0.95				
	121	2	0.0	0.0	0.0	0.0	1	1.0499999701613425	8.940342014668015	230.0	17	1.05	0.95				
	122	2	0.0	0.0	0.0	0.0	1	1.05	15.995628853177639	230.0	17	1.05	0.95				
	123	2	0.0	0.0	0.0	0.0	1	1.0279697892130328	6.901960079837346	230.0	15	1.05	0.95				
	124	1	0.0	0.0	0.0	0.0	1	1.0260487130627705	4.002082318676787	230.0	16	1.05	0.95				
	201	2	47.87155674947369	9.751613411929824	0.0	0.0	2	1.0312360763764143	-4.642036693469818	138.0	21	1.05	0.95				
	202	2	42.99575004350877	8.865103101754386	0.0	0.0	2	1.0316190086034585	-4.589838414237763	138.0	22	1.05	0.95				
	203	1	79.78592791578947	16.400440738245614	0.0	0.0	2	1.0200787867541998	-5.366011604969926	138.0	21	1.05	0.95				
	204	1	32.80088147649123	6.648827326315788	0.0	0.0	2	1.0199683566770334	-6.961095169317691	138.0	21	1.05	0.95				
	205	1	31.471116011228066	6.205572171228071	0.0	0.0	2	1.0350119089718905	-6.992906723878873	138.0	21	1.05	0.95				
	206	1	60.28270109192982	12.411144342456142	0.0	-100.0	2	1.0450940526267942	-8.729440615220577	138.0	22	1.05	0.95				
	207	2	55.40689438596491	11.081378877192982	0.0	0.0	2	0.9895001982823342	-15.492287850575018	138.0	22	1.05	0.95				
	208	1	75.79663152	15.513930428070175	0.0	0.0	2	0.9963057201008834	-13.485878353128689	138.0	22	1.05	0.95				
	209	1	77.56965214035088	15.957185583157893	0.0	0.0	2	1.0233357051349787	-7.096248260248435	138.0	23	1.05	0.95				
	210	1	86.43475524210525	17.73020620350877	0.0	0.0	2	1.05	-7.969349963855325	138.0	23	1.05	0.95				
	211	1	0.0	0.0	0.0	0.0	2	1.0051614111262863	-4.445382145895991	230.0	23	1.05	0.95				
	212	1	0.0	0.0	0.0	0.0	2	1.0090390426140925	-3.9285069178720975	230.0	23	1.05	0.95				
	213	2	117.4626160982456	23.935778374736845	0.0	0.0	2	0.9984430592597129	-3.6099588610986344	230.0	24	1.05	0.95				
	214	2	85.99150008701754	17.286951048421052	0.0	0.0	2	1.0060311308569378	-1.9746406053259018	230.0	26	1.05	0.95				
	215	2	140.511884162807	28.368329925614034	0.0	0.0	2	1.0291846914629497	4.115506968531099	230.0	26	1.05	0.95				
	216	2	44.32551550877193	8.865103101754386	0.0	0.0	2	1.0300592227158285	4.1560435376616205	230.0	26	1.05	0.95				
	217	1	0.0	0.0	0.0	0.0	2	1.0359412224971656	6.732194967762589	230.0	27	1.05	0.95				
	218	2	147.60396664421052	30.14135054596491	0.0	0.0	2	1.037463351798838	7.209131087804582	230.0	27	1.05	0.95				
	219	1	80.2291830708772	16.400440738245614	0.0	0.0	2	1.0290236918359288	3.3005000887763014	230.0	25	1.05	0.95				
	220	1	56.73665985122807	11.524634032280701	0.0	0.0	2	1.0312215847347506	3.4173014836530724	230.0	25	1.05	0.95				
	221	2	0.0	0.0	0.0	0.0	2	1.0373448576036461	6.9368299104714435	230.0	27	1.05	0.95				
	222	2	0.0	0.0	0.0	0.0	2	1.05	13.355942030520911	230.0	27	1.05	0.95				
	223	2	0.0	0.0	0.0	0.0	2	1.0330627822545624	3.8180630795596815	230.0	25	1.05	0.95				
	224	1	0.0	0.0	0.0	0.0	2	1.0140282952225022	0.5608107945907658	230.0	26	1.05	0.95				
	301	2	47.337551393684215	9.642834543157894	0.0	0.0	3	1.0075321416587457	-22.074177749813046	138.0	31	1.05	0.95				
	302	2	42.516134122105264	8.766213221052633	0.0	0.0	3	1.0072113382663765	-22.186706878394293	138.0	32	1.05	0.95				
	303	1	78.89591898947369	16.21749445894737	0.0	0.0	3	1.0235662597535695	-16.53459748235739	138.0	31	1.05	0.95				
	304	1	32.43498891789474	6.574659915789474	0.0	0.0	3	1.0100397650228967	-20.707930485648518	138.0	31	1.05	0.95				
	305	1	31.120056934736844	6.136349254736843	0.0	0.0	3	1.0230520951847866	-21.495117874508942	138.0	31	1.05	0.95				
	306	1	59.61024990315791	12.272698509473686	0.0	-100.0	3	1.0399614601535614	-21.69278899379587	138.0	32	1.05	0.95				
	307	2	54.788832631578956	10.95776652631579	0.0	0.0	3	0.9936542149043074	-26.469167221823614	138.0	32	1.05	0.95				
	308	1	74.95112304	15.340873136842106	0.0	0.0	3	0.9995124298731737	-24.487153066926297	138.0	32	1.05	0.95				
	309	1	76.70436568421053	15.779183797894738	0.0	0.0	3	1.0262193209441544	-17.70448718754107	138.0	33	1.05	0.95				
	310	1	85.47057890526317	17.532426442105265	0.0	0.0	3	1.05	-19.505630810916255	138.0	33	1.05	0.95				
	311	1	0.0	0.0	0.0	0.0	3	1.0090115935765918	-13.661688103007352	230.0	33	1.05	0.95				
	312	1	0.0	0.0	0.0	0.0	3	1.0116738294513108	-13.162197876405973	230.0	33	1.05	0.95				
	313	2	116.15232517894738	23.668775696842108	0.0	0.0	3	1.0115682671952397	-10.141835745102215	230.0	34	1.05	0.95				
	314	2	85.03226824421053	17.094115781052633	0.0	0.0	3	1.0112479838784638	-11.71285505102809	230.0	36	1.05	0.95				
	315	2	138.9444795536842	28.051882307368427	0.0	0.0	3	1.0356780486173853	-6.928378368758377	230.0	36	1.05	0.95				
	316	2	43.83106610526316	8.766213221052633	0.0	0.0	3	1.0346711053593638	-6.349937348982477	230.0	36	1.05	0.95				
	317	1	0.0	0.0	0.0	0.0	3	1.0392170019052902	-4.724406908634451	230.0	37	1.05	0.95				
	318	2	145.95745013052633	29.805124951578954	0.0	0.0	3	1.0390117106392227	-4.462649085386044	230.0	37	1.05	0.95				
	319	1	79.33422965052632	16.21749445894737	0.0	0.0	3	1.030984587302451	-7.16477797152703	230.0	35	1.05	0.95				
	320	1	56.10376461473685	11.396077187368423	0.0	0.0	3	1.030796564615549	-7.027424039842682	230.0	35	1.05	0.95				
	321	2	0.0	0.0	0.0	0.0	3	1.04095244231098	-4.223798316862935	230.0	37	1.05	0.95				
	322	2	0.0	0.0	0.0	0.0	3	1.05	-0.10292620422749167	230.0	37	1.05	0.95				
	323	2	0.0	0.0	0.0	0.0	3	1.0313061061647577	-6.617243728394531	230.0	35	1.05	0.95				
	324	1	0.0	0.0	0.0	0.0	3	1.0191771952992181	-10.519214138481937	230.0	36	1.05	0.95				
	325	1	0.0	0.0	0.0	0.0	3	1.0281030250616978	-5.31131163611331	230.0	35	1.05	0.95				
];
