%% MATPOWER Case Format : Version 2
function mpc = RTS_GMLC
mpc.version = '2';

%%-----  Power Flow Data  -----%%
%% system MVA base
mpc.baseMVA = 100.0;
%% bus data
%    bus_i    type    Pd    Qd    Gs    Bs    area    Vm    Va    baseKV    zone    Vmax    Vmin
mpc.bus = [
	101	2	41.78921324210527	8.512617512280702	0.0	0.0	1	1.0225390311174727	-0.6053319102025203	138.0	11	1.05	0.95				
	102	2	37.53290448596491	7.738743192982457	0.0	0.0	1	1.0202243977096936	-1.2152578464620263	138.0	12	1.05	0.95				
	103	1	69.64868873684212	14.316674907017546	0.0	0.0	1	1.0297805808770568	0.8028953501272162	138.0	11	1.05	0.95				
	104	1	28.633349814035093	5.804057394736843	0.0	0.0	1	1.0167974048091244	-2.872425311065263	138.0	11	1.05	0.95				
	105	1	27.47253833508772	5.417120235087721	0.0	0.0	1	1.0313644060790657	-2.8463590103429035	138.0	11	1.05	0.95				
	106	1	52.62345371228071	10.834240470175441	0.0	-100.0	1	1.0441254439007794	-4.632965366713917	138.0	12	1.05	0.95				
	107	2	48.36714495614036	9.673428991228072	0.0	0.0	1	1.000667981157675	-9.881241546536012	138.0	12	1.05	0.95				
	108	1	66.1662543	13.542800587719297	0.0	0.0	1	1.005476914897579	-8.266913529863773	138.0	12	1.05	0.95				
	109	1	67.7140029385965	13.929737747368423	0.0	0.0	1	1.024616990742254	-2.624324276892128	138.0	13	1.05	0.95				
	110	1	75.45274613157895	15.477486385964914	0.0	0.0	1	1.05	-3.8643704934849623	138.0	13	1.05	0.95				
	111	1	0.0	0.0	0.0	0.0	1	1.0046312068627152	-0.21774399316321968	230.0	13	1.05	0.95				
	112	1	0.0	0.0	0.0	0.0	1	1.0080234974246118	-0.9960820003678448	230.0	13	1.05	0.95				
	113	3	102.53834730701755	20.894606621052635	0.0	0.0	1	0.9958171764849761	8.553313772824464e-29	230.0	14	1.05	0.95				
	114	2	75.06580897192983	15.090549226315792	0.0	0.0	1	1.0063266263528063	2.739884754879183	230.0	16	1.05	0.95				
	115	2	122.65907960877193	24.763978217543862	0.0	0.0	1	1.0425479294086168	10.650687903328679	230.0	16	1.05	0.95				
	116	2	38.693715964912286	7.738743192982457	0.0	0.0	1	1.035721681319973	9.125906854423807	230.0	16	1.05	0.95				
	117	1	0.0	0.0	0.0	0.0	1	1.041589091846049	13.99165942798452	230.0	17	1.05	0.95				
	118	2	128.8500741631579	26.311726856140353	0.0	0.0	1	1.0489201910574062	14.673306200221448	230.0	17	1.05	0.95				
	119	1	70.03562589649124	14.316674907017546	0.0	0.0	1	1.0236724976147478	5.679537812119195	230.0	15	1.05	0.95				
	120	1	49.527956435087724	10.060366150877194	0.0	0.0	1	1.0182332467085602	3.3976786744028717	230.0	15	1.05	0.95				
	121	2	0.0	0.0	0.0	0.0	1	1.05	16.228873722710752	230.0	17	1.05	0.95				
	122	2	0.0	0.0	0.0	0.0	1	1.05	28.501878395951085	230.0	17	1.05	0.95				
	123	2	0.0	0.0	0.0	0.0	1	1.0159478771254018	2.4377443331615583	230.0	15	1.05	0.95				
	124	1	0.0	0.0	0.0	0.0	1	1.0254363669584055	6.971188672147378	230.0	16	1.05	0.95				
	201	2	37.450653233684214	7.628836769824561	0.0	0.0	2	1.0137864827231637	-13.24870036165764	138.0	21	1.05	0.95				
	202	2	33.63623484877193	6.935306154385966	0.0	0.0	2	1.0128680287694918	-13.523692090858614	138.0	22	1.05	0.95				
	203	1	62.41775538947368	12.830316385614035	0.0	0.0	2	1.0163982400652574	-9.810710198696174	138.0	21	1.05	0.95				
	204	1	25.66063277122807	5.201479615789474	0.0	0.0	2	1.0131282110000195	-13.324516066021564	138.0	21	1.05	0.95				
	205	1	24.620336848070178	4.854714308070176	0.0	0.0	2	1.027828773386697	-13.701526207512172	138.0	21	1.05	0.95				
	206	1	47.160081849824564	9.709428616140352	0.0	-100.0	2	1.0439759349661182	-14.415864126918763	138.0	22	1.05	0.95				
	207	2	43.345663464912285	8.669132692982457	0.0	0.0	2	0.9962135492899293	-18.47568518646899	138.0	22	1.05	0.95				
	208	1	59.29686762000001	12.136785770175438	0.0	0.0	2	1.003902285040998	-16.9663845720718	138.0	22	1.05	0.95				
	209	1	60.68392885087719	12.483551077894736	0.0	0.0	2	1.0226597813521248	-11.717122018400007	138.0	23	1.05	0.95				
	210	1	67.61923500526315	13.870612308771932	0.0	0.0	2	1.05	-13.0350403276212	138.0	23	1.05	0.95				
	211	1	0.0	0.0	0.0	0.0	2	1.002694603601521	-9.07856963891183	230.0	23	1.05	0.95				
	212	1	0.0	0.0	0.0	0.0	2	1.0061230553854836	-8.575752474206972	230.0	23	1.05	0.95				
	213	2	91.89280654561404	18.725326616842107	0.0	0.0	2	0.9960412498747618	-7.991824175151624	230.0	24	1.05	0.95				
	214	2	67.27246969754385	13.523847001052633	0.0	0.0	2	1.0020802048234985	-6.588197538776764	230.0	26	1.05	0.95				
	215	2	109.92460254701754	22.19297969403509	0.0	0.0	2	1.0199482120306744	-0.637310744507439	230.0	26	1.05	0.95				
	216	2	34.676530771929826	6.935306154385966	0.0	0.0	2	1.020696831121411	-0.990342195884246	230.0	26	1.05	0.95				
	217	1	0.0	0.0	0.0	0.0	2	1.0255833073637943	0.6257892275515706	230.0	27	1.05	0.95				
	218	2	115.47284747052633	23.580040924912282	0.0	0.0	2	1.0251240273970552	0.27861718696348275	230.0	27	1.05	0.95				
	219	1	62.764520697192985	12.830316385614035	0.0	0.0	2	1.0210104562228786	-1.478008536299011	230.0	25	1.05	0.95				
	220	1	44.38595938807018	9.015898000701755	0.0	0.0	2	1.0232212175637891	-1.2144127258656052	230.0	25	1.05	0.95				
	221	2	0.0	0.0	0.0	0.0	2	1.026972372575315	0.771890484819037	230.0	27	1.05	0.95				
	222	2	0.0	0.0	0.0	0.0	2	1.0487920793244445	7.2197889598005	230.0	27	1.05	0.95				
	223	2	0.0	0.0	0.0	0.0	2	1.0246684649989122	-0.8000176150099817	230.0	25	1.05	0.95				
	224	1	0.0	0.0	0.0	0.0	2	1.007327233285667	-4.095732502550922	230.0	26	1.05	0.95				
	301	2	43.69882949052632	8.901613414736842	0.0	0.0	3	1.007449452976677	9.951361703627905	138.0	31	1.05	0.95				
	302	2	39.24802278315789	8.092375831578948	0.0	0.0	3	1.0074802487664138	9.612270521343223	138.0	32	1.05	0.95				
	303	1	72.83138248421052	14.970895288421051	0.0	0.0	3	1.0480701641758687	23.307910959417793	138.0	31	1.05	0.95				
	304	1	29.941790576842102	6.0692818736842105	0.0	0.0	3	1.0102744211656296	10.812522990440755	138.0	31	1.05	0.95				
	305	1	28.72793420210526	5.664663082105264	0.0	0.0	3	1.0236832145392674	8.462671049999486	138.0	31	1.05	0.95				
	306	1	55.02815565473684	11.329326164210528	0.0	-100.0	3	1.0407740767155726	7.139868531387752	138.0	32	1.05	0.95				
	307	2	50.577348947368414	10.115469789473684	0.0	0.0	3	0.9798882237751373	3.7420688472468595	138.0	32	1.05	0.95				
	308	1	69.18981336	14.161657705263156	0.0	0.0	3	0.9922294143013692	5.505738335673627	138.0	32	1.05	0.95				
	309	1	70.80828852631579	14.566276496842104	0.0	0.0	3	1.0248259685217689	13.45944268397577	138.0	33	1.05	0.95				
	310	1	78.90066435789474	16.184751663157897	0.0	0.0	3	1.05	8.2892452641001	138.0	33	1.05	0.95				
	311	1	0.0	0.0	0.0	0.0	3	1.0117163015354023	11.658758925154899	230.0	33	1.05	0.95				
	312	1	0.0	0.0	0.0	0.0	3	1.0177101889077322	12.260872334933039	230.0	33	1.05	0.95				
	313	2	107.22397976842105	21.84941474526316	0.0	0.0	3	1.0152863597706725	13.89705476633645	230.0	34	1.05	0.95				
	314	2	78.49604556631579	15.780132871578948	0.0	0.0	3	1.0051930461418492	10.56263308948065	230.0	36	1.05	0.95				
	315	2	128.2641569305263	25.89560266105263	0.0	0.0	3	1.0465074792487528	11.86043459912996	230.0	36	1.05	0.95				
	316	2	40.461879157894735	8.092375831578948	0.0	0.0	3	1.0348395374808066	11.440187863367102	230.0	36	1.05	0.95				
	317	1	0.0	0.0	0.0	0.0	3	1.0473634027760468	13.357983314644585	230.0	37	1.05	0.95				
	318	2	134.73805759578948	27.51407782736842	0.0	0.0	3	1.0468000840210188	11.483462236011297	230.0	37	1.05	0.95				
	319	1	73.23600127578948	14.970895288421051	0.0	0.0	3	1.0284779202804226	11.162521555160291	230.0	35	1.05	0.95				
	320	1	51.79120532210526	10.520088581052631	0.0	0.0	3	1.025510556179018	11.708204527945812	230.0	35	1.05	0.95				
	321	2	0.0	0.0	0.0	0.0	3	1.0472824473387776	12.206506158267512	230.0	37	1.05	0.95				
	322	2	0.0	0.0	0.0	0.0	3	1.05	16.998234474038806	230.0	37	1.05	0.95				
	323	2	0.0	0.0	0.0	0.0	3	1.0244521505854323	12.32413444941711	230.0	35	1.05	0.95				
	324	1	0.0	0.0	0.0	0.0	3	1.0434871324491934	16.23432805439951	230.0	36	1.05	0.95				
	325	1	0.0	0.0	0.0	0.0	3	1.026588936396229	12.670715955306305	230.0	35	1.05	0.95				
];
