%% MATPOWER Case Format : Version 2
function mpc = RTS_GMLC
mpc.version = '2';

%%-----  Power Flow Data  -----%%
%% system MVA base
mpc.baseMVA = 100.0;
%% bus data
%    bus_i    type    Pd    Qd    Gs    Bs    area    Vm    Va    baseKV    zone    Vmax    Vmin
mpc.bus = [
	101	2	46.74567046736842	9.52226620631579	0.0	0.0	1	1.0335026083060415	2.654718303198012	138.0	11	1.05	0.95				
	102	2	41.984537364210524	8.656605642105264	0.0	0.0	1	1.0330997904990085	2.5253534946061897	138.0	12	1.05	0.95				
	103	1	77.90945077894736	16.014720437894738	0.0	0.0	1	1.028586306329075	0.07894192741197209	138.0	11	1.05	0.95				
	104	1	32.029440875789476	6.492454231578947	0.0	0.0	1	1.0214393655485945	-0.8385092355381233	138.0	11	1.05	0.95				
	105	1	30.730950029473682	6.059623949473685	0.0	0.0	1	1.0357278661575662	-0.572144537508084	138.0	11	1.05	0.95				
	106	1	58.86491836631579	12.11924789894737	0.0	-100.0	1	1.0451963923220418	-2.8216474641941622	138.0	12	1.05	0.95				
	107	2	54.10378526315789	10.820757052631578	0.0	0.0	1	1.00772217518962	-6.342757308739286	138.0	12	1.05	0.95				
	108	1	74.01397824	15.149059873684209	0.0	0.0	1	1.0094044112950928	-5.931653837736204	138.0	12	1.05	0.95				
	109	1	75.74529936842104	15.581890155789472	0.0	0.0	1	1.025299136664488	-1.8382591882448027	138.0	13	1.05	0.95				
	110	1	84.4019050105263	17.313211284210528	0.0	0.0	1	1.05	-2.479671739686642	138.0	13	1.05	0.95				
	111	1	0.0	0.0	0.0	0.0	1	1.0036038388433468	-0.3158995219289496	230.0	13	1.05	0.95				
	112	1	0.0	0.0	0.0	0.0	1	1.009194504533521	0.29405788643983766	230.0	13	1.05	0.95				
	113	3	114.70002475789474	23.37283523368421	0.0	0.0	1	0.99587714852525	-4.002158736921191e-29	230.0	14	1.05	0.95				
	114	2	83.96907472842105	16.880381002105263	0.0	0.0	1	0.9991582921660331	1.3797623649435928	230.0	16	1.05	0.95				
	115	2	137.2071994273684	27.70113805473684	0.0	0.0	1	1.0388663414999164	6.326768984304459	230.0	16	1.05	0.95				
	116	2	43.28302821052631	8.656605642105264	0.0	0.0	1	1.0345773361160941	6.2603122667000495	230.0	16	1.05	0.95				
	117	1	0.0	0.0	0.0	0.0	1	1.042514906016228	7.713447361025349	230.0	17	1.05	0.95				
	118	2	144.1324839410526	29.432459183157896	0.0	0.0	1	1.0454244979464011	7.393224672328868	230.0	17	1.05	0.95				
	119	1	78.34228106105263	16.014720437894738	0.0	0.0	1	1.028953895310141	5.741462179975533	230.0	15	1.05	0.95				
	120	1	55.40227610947368	11.253587334736842	0.0	0.0	1	1.0269752650118538	6.12910492630691	230.0	15	1.05	0.95				
	121	2	0.0	0.0	0.0	0.0	1	1.05	8.083805835036712	230.0	17	1.05	0.95				
	122	2	0.0	0.0	0.0	0.0	1	1.05	16.00228239969498	230.0	17	1.05	0.95				
	123	2	0.0	0.0	0.0	0.0	1	1.0265455334517881	6.676913930174957	230.0	15	1.05	0.95				
	124	1	0.0	0.0	0.0	0.0	1	1.0265388574008114	3.994405141073753	230.0	16	1.05	0.95				
	201	2	51.135526534736854	10.416496145964913	0.0	0.0	2	1.0300721858046644	-7.377547110554152	138.0	21	1.05	0.95				
	202	2	45.92727846175439	9.469541950877195	0.0	0.0	2	1.030477338240741	-7.362051713193169	138.0	22	1.05	0.95				
	203	1	85.22587755789475	17.51865260912281	0.0	0.0	2	1.0203365940333546	-6.799125119983607	138.0	21	1.05	0.95				
	204	1	35.03730521824562	7.102156463157895	0.0	0.0	2	1.0187611352064958	-9.717951515023065	138.0	21	1.05	0.95				
	205	1	33.61687392561404	6.628679365614036	0.0	0.0	2	1.0339403225386667	-9.874471103681868	138.0	21	1.05	0.95				
	206	1	64.39288526596492	13.257358731228072	0.0	-100.0	2	1.0438895944489455	-11.721233418225397	138.0	22	1.05	0.95				
	207	2	59.18463719298246	11.836927438596492	0.0	0.0	2	0.988085956115117	-18.87575108696413	138.0	22	1.05	0.95				
	208	1	80.96458368	16.571698414035087	0.0	0.0	2	0.9941392323553505	-16.7052685799513	138.0	22	1.05	0.95				
	209	1	82.85849207017544	17.045175511578947	0.0	0.0	2	1.0231394863021592	-9.715142100411548	138.0	23	1.05	0.95				
	210	1	92.32803402105264	18.93908390175439	0.0	0.0	2	1.05	-10.900624735197434	138.0	23	1.05	0.95				
	211	1	0.0	0.0	0.0	0.0	2	1.0076749088945647	-7.0457572944958295	230.0	23	1.05	0.95				
	212	1	0.0	0.0	0.0	0.0	2	1.011440470276756	-6.719449748397814	230.0	23	1.05	0.95				
	213	2	125.47143084912283	25.567763267368427	0.0	0.0	2	1.0021780061286485	-6.419974452834659	230.0	24	1.05	0.95				
	214	2	91.85455692350878	18.46560680421053	0.0	0.0	2	1.0107935160553807	-4.244512711315825	230.0	26	1.05	0.95				
	215	2	150.09223992140352	30.30253424280702	0.0	0.0	2	1.030530484331118	2.8305696312427524	230.0	26	1.05	0.95				
	216	2	47.34770975438597	9.469541950877195	0.0	0.0	2	1.032945969713567	2.547296706029572	230.0	26	1.05	0.95				
	217	1	0.0	0.0	0.0	0.0	2	1.0374786281331196	5.6414935197363985	230.0	27	1.05	0.95				
	218	2	157.66787348210528	32.19644263298246	0.0	0.0	2	1.0394528230931994	6.236746234019589	230.0	27	1.05	0.95				
	219	1	85.69935465543861	17.51865260912281	0.0	0.0	2	1.0325391075254795	1.1161012865769089	230.0	25	1.05	0.95				
	220	1	60.60506848561404	12.310404536140354	0.0	0.0	2	1.0358509611666056	0.7861084113734942	230.0	25	1.05	0.95				
	221	2	0.0	0.0	0.0	0.0	2	1.0389701312883903	5.854666529357491	230.0	27	1.05	0.95				
	222	2	0.0	0.0	0.0	0.0	2	1.05	12.272055233340462	230.0	27	1.05	0.95				
	223	2	0.0	0.0	0.0	0.0	2	1.0383676969979618	0.9605935585390738	230.0	25	1.05	0.95				
	224	1	0.0	0.0	0.0	0.0	2	1.0147796159044888	-0.7759554470029002	230.0	26	1.05	0.95				
	301	2	57.07497626526315	11.62638405403509	0.0	0.0	3	1.006882321538251	-31.865314157227576	138.0	31	1.05	0.95				
	302	2	51.26178423824561	10.569440049122807	0.0	0.0	3	1.0063091424798862	-32.00640528280394	138.0	32	1.05	0.95				
	303	1	95.12496044210526	19.553464090877192	0.0	0.0	3	1.0234288393601048	-24.88305703299165	138.0	31	1.05	0.95				
	304	1	39.106928181754384	7.927080036842105	0.0	0.0	3	1.0078613214940781	-30.21357588032389	138.0	31	1.05	0.95				
	305	1	37.52151217438596	7.3986080343859655	0.0	0.0	3	1.0213027064985047	-31.14727439780004	138.0	31	1.05	0.95				
	306	1	71.87219233403509	14.797216068771931	0.0	-100.0	3	1.0370538239639715	-31.34759328292062	138.0	32	1.05	0.95				
	307	2	66.05900030701754	13.211800061403508	0.0	0.0	3	0.9914933318545551	-37.33595303186419	138.0	32	1.05	0.95				
	308	1	90.36871242	18.49652008596491	0.0	0.0	3	0.9944728223034978	-34.8635864612252	138.0	32	1.05	0.95				
	309	1	92.48260042982456	19.02499208842105	0.0	0.0	3	1.0269870573170752	-26.59293648717764	138.0	33	1.05	0.95				
	310	1	103.05204047894736	21.138880098245615	0.0	0.0	3	1.05	-28.73185441565255	138.0	33	1.05	0.95				
	311	1	0.0	0.0	0.0	0.0	3	1.01595783783687	-21.74006415805456	230.0	33	1.05	0.95				
	312	1	0.0	0.0	0.0	0.0	3	1.0165689592479974	-21.174514249611935	230.0	33	1.05	0.95				
	313	2	140.0450806508772	28.537488132631577	0.0	0.0	3	1.0223117061174622	-18.051398463826157	230.0	34	1.05	0.95				
	314	2	102.52356847649122	20.610408095789474	0.0	0.0	3	1.0255267492995135	-19.070141408868256	230.0	36	1.05	0.95				
	315	2	167.5256247785965	33.82220815719298	0.0	0.0	3	1.0474142484165896	-12.583239312943677	230.0	36	1.05	0.95				
	316	2	52.84720024561403	10.569440049122807	0.0	0.0	3	1.0472537610453336	-12.159577515417642	230.0	36	1.05	0.95				
	317	1	0.0	0.0	0.0	0.0	3	1.0490901975711047	-9.60983770006001	230.0	37	1.05	0.95				
	318	2	175.98117681789475	35.936096167017546	0.0	0.0	3	1.048493947075303	-9.195371130636893	230.0	37	1.05	0.95				
	319	1	95.6534324445614	19.553464090877192	0.0	0.0	3	1.0447270533457451	-13.221332218508692	230.0	35	1.05	0.95				
	320	1	67.64441631438596	13.74027206385965	0.0	0.0	3	1.0465646791835643	-13.152850713182165	230.0	35	1.05	0.95				
	321	2	0.0	0.0	0.0	0.0	3	1.05	-8.844053474118187	230.0	37	1.05	0.95				
	322	2	0.0	0.0	0.0	0.0	3	1.05	-4.798476741127785	230.0	37	1.05	0.95				
	323	2	0.0	0.0	0.0	0.0	3	1.0485424610584027	-12.727076300664764	230.0	35	1.05	0.95				
	324	1	0.0	0.0	0.0	0.0	3	1.0229111165270994	-17.13529881665597	230.0	36	1.05	0.95				
	325	1	0.0	0.0	0.0	0.0	3	1.0407039391990534	-11.039209019933303	230.0	35	1.05	0.95				
];
