%% MATPOWER Case Format : Version 2
function mpc = RTS_GMLC
mpc.version = '2';

%%-----  Power Flow Data  -----%%
%% system MVA base
mpc.baseMVA = 100.0;
%% bus data
%    bus_i    type    Pd    Qd    Gs    Bs    area    Vm    Va    baseKV    zone    Vmax    Vmin
mpc.bus = [
	101	2	44.661553692631585	9.097723900350879	0.0	0.0	1	1.0182526623262087	2.844369641881067	138.0	11	1.05	0.95				
	102	2	40.11269174245614	8.270658091228071	0.0	0.0	1	1.0171375713358437	2.5282440588908273	138.0	12	1.05	0.95				
	103	1	74.43592282105264	15.300717468771929	0.0	0.0	1	1.0263632064248605	2.8573156107692497	138.0	11	1.05	0.95				
	104	1	30.601434937543857	6.202993568421053	0.0	0.0	1	1.014426680075156	-0.7018768706960788	138.0	11	1.05	0.95				
	105	1	29.36083622385965	5.78946066385965	0.0	0.0	1	1.0279847125127881	-0.6311635870291074	138.0	11	1.05	0.95				
	106	1	56.24047502035088	11.5789213277193	0.0	-100.0	1	1.041723859058565	-3.027418610386088	138.0	12	1.05	0.95				
	107	2	51.691613070175435	10.338322614035087	0.0	0.0	1	0.9849101953938587	-11.283947259560737	138.0	12	1.05	0.95				
	108	1	70.71412668	14.473651659649123	0.0	0.0	1	0.994127502430613	-8.688102370957525	138.0	12	1.05	0.95				
	109	1	72.3682582982456	14.887184564210527	0.0	0.0	1	1.024904378942903	-1.616458927592252	138.0	13	1.05	0.95				
	110	1	80.63891638947368	16.541316182456143	0.0	0.0	1	1.05	-2.7915082632656922	138.0	13	1.05	0.95				
	111	1	0.0	0.0	0.0	0.0	1	1.0166775304110474	0.6597959838473133	230.0	13	1.05	0.95				
	112	1	0.0	0.0	0.0	0.0	1	1.013847184312934	-0.479257070116365	230.0	13	1.05	0.95				
	113	3	109.58621970877194	22.330776846315793	0.0	0.0	1	0.9977731339348833	-7.045959410923969e-29	230.0	14	1.05	0.95				
	114	2	80.22538348491229	16.12778327789474	0.0	0.0	1	1.0390956748077298	4.043325006846866	230.0	16	1.05	0.95				
	115	2	131.08993074596492	26.466105891929825	0.0	0.0	1	1.0398257480248587	13.365537660669364	230.0	16	1.05	0.95				
	116	2	41.35329045614035	8.270658091228071	0.0	0.0	1	1.0390448729798631	11.472563579066847	230.0	16	1.05	0.95				
	117	1	0.0	0.0	0.0	0.0	1	1.038445573580921	17.533067294434648	230.0	17	1.05	0.95				
	118	2	137.70645721894738	28.12023751017544	0.0	0.0	1	1.0473139047482796	18.137459999210517	230.0	17	1.05	0.95				
	119	1	74.84945572561404	15.300717468771929	0.0	0.0	1	1.0339187619844001	7.047142092115427	230.0	15	1.05	0.95				
	120	1	52.93221178385965	10.751855518596491	0.0	0.0	1	1.0365511560834832	3.989469559648796	230.0	15	1.05	0.95				
	121	2	0.0	0.0	0.0	0.0	1	1.0415996546452773	19.749626592630776	230.0	17	1.05	0.95				
	122	2	0.0	0.0	0.0	0.0	1	1.05	37.724597024154136	230.0	17	1.05	0.95				
	123	2	0.0	0.0	0.0	0.0	1	1.0392029160718774	2.625416815065297	230.0	15	1.05	0.95				
	124	1	0.0	0.0	0.0	0.0	1	1.0216851670380103	9.440811114470378	230.0	16	1.05	0.95				
	201	2	47.344561616842114	9.644262551578949	0.0	0.0	2	1.0072688704699546	-18.729281516898578	138.0	21	1.05	0.95				
	202	2	42.52243034105263	8.767511410526318	0.0	0.0	2	1.0065104539568597	-19.04721953426215	138.0	22	1.05	0.95				
	203	1	78.90760269473685	16.219896109473687	0.0	0.0	2	1.0102292185280035	-13.585333813996913	138.0	21	1.05	0.95				
	204	1	32.439792218947375	6.575633557894737	0.0	0.0	2	1.0082157219161916	-18.583328198298464	138.0	21	1.05	0.95				
	205	1	31.12466550736842	6.137257987368422	0.0	0.0	2	1.0231829855248662	-19.13369107965042	138.0	21	1.05	0.95				
	206	1	59.61907759157895	12.274515974736843	0.0	-100.0	2	1.03980082050679	-19.902039200304298	138.0	22	1.05	0.95				
	207	2	54.79694631578948	10.959389263157895	0.0	0.0	2	0.9901542668903821	-25.13672560818797	138.0	22	1.05	0.95				
	208	1	74.96222256	15.343144968421052	0.0	0.0	2	0.9966879207537951	-23.151664377969283	138.0	22	1.05	0.95				
	209	1	76.71572484210527	15.781520538947369	0.0	0.0	2	1.022609814737035	-16.38541328736231	138.0	23	1.05	0.95				
	210	1	85.48323625263158	17.535022821052635	0.0	0.0	2	1.05	-18.122051949934164	138.0	23	1.05	0.95				
	211	1	0.0	0.0	0.0	0.0	2	1.0102890589795503	-13.141008088593301	230.0	23	1.05	0.95				
	212	1	0.0	0.0	0.0	0.0	2	1.0143177605089408	-12.380324101645801	230.0	23	1.05	0.95				
	213	2	116.16952618947369	23.672280808421057	0.0	0.0	2	1.0117978888908161	-11.71494351297811	230.0	24	1.05	0.95				
	214	2	85.04486068210527	17.096647250526317	0.0	0.0	2	1.013035094973426	-10.216759116284315	230.0	26	1.05	0.95				
	215	2	138.9650558568421	28.056036513684212	0.0	0.0	2	1.028160003502815	-3.006220311733301	230.0	26	1.05	0.95				
	216	2	43.83755705263158	8.767511410526318	0.0	0.0	2	1.0321821182860456	-3.4595372614965267	230.0	26	1.05	0.95				
	217	1	0.0	0.0	0.0	0.0	2	1.0358495695209047	-1.489686780647798	230.0	27	1.05	0.95				
	218	2	145.97906498526316	29.809538795789475	0.0	0.0	2	1.034002120034913	-2.059031924281642	230.0	27	1.05	0.95				
	219	1	79.34597826526316	16.219896109473687	0.0	0.0	2	1.0375736160584696	-3.8111148423243577	230.0	25	1.05	0.95				
	220	1	56.112073027368425	11.397764833684212	0.0	0.0	2	1.0451575126204222	-3.279129183522575	230.0	25	1.05	0.95				
	221	2	0.0	0.0	0.0	0.0	2	1.034700966072277	-1.5721049843992692	230.0	27	1.05	0.95				
	222	2	0.0	0.0	0.0	0.0	2	1.05	4.9581338351300355	230.0	27	1.05	0.95				
	223	2	0.0	0.0	0.0	0.0	2	1.0499999962843551	-2.667784494625463	230.0	25	1.05	0.95				
	224	1	0.0	0.0	0.0	0.0	2	1.0084105374418604	-6.9393505421693975	230.0	26	1.05	0.95				
	301	2	63.87409045894737	13.011388797192982	0.0	0.0	3	1.0354330453967262	1.8325021814507942	138.0	31	1.05	0.95				
	302	2	57.36839606035088	11.82853527017544	0.0	0.0	3	1.0311291907570443	1.4770644158476376	138.0	32	1.05	0.95				
	303	1	106.45681743157895	21.882790249824563	0.0	0.0	3	1.05	18.857479175294802	138.0	31	1.05	0.95				
	304	1	43.765580499649126	8.871401452631579	0.0	0.0	3	1.008565138707823	3.49117448573537	138.0	31	1.05	0.95				
	305	1	41.99130020912281	8.279974689122808	0.0	0.0	3	1.029435189688787	0.856276940971013	138.0	31	1.05	0.95				
	306	1	80.434039837193	16.559949378245616	0.0	-100.0	3	1.031776115788207	-0.36932536492243223	138.0	32	1.05	0.95				
	307	2	73.9283454385965	14.785669087719299	0.0	0.0	3	0.95	-0.22294349241212397	138.0	32	1.05	0.95				
	308	1	101.13397656000001	20.69993672280702	0.0	0.0	3	0.9642060790162784	-0.1210162957656844	138.0	32	1.05	0.95				
	309	1	103.49968361403509	21.291363486315788	0.0	0.0	3	1.0108753410719848	7.6477175965037505	138.0	33	1.05	0.95				
	310	1	115.32821888421054	23.65707054035088	0.0	0.0	3	1.037793705325518	1.7585173940082668	138.0	33	1.05	0.95				
	311	1	0.0	0.0	0.0	0.0	3	0.9976753967118207	6.939499748499925	230.0	33	1.05	0.95				
	312	1	0.0	0.0	0.0	0.0	3	1.0014330654912096	7.509332789116127	230.0	33	1.05	0.95				
	313	2	156.72809232982456	31.937045229473686	0.0	0.0	3	0.9976821189462968	9.338574536579554	230.0	34	1.05	0.95				
	314	2	114.73679212070176	23.06564377684211	0.0	0.0	3	0.9963878764641961	7.189773613267894	230.0	36	1.05	0.95				
	315	2	187.48228403228072	37.85131286456141	0.0	0.0	3	1.05	11.339030548292563	230.0	36	1.05	0.95				
	316	2	59.142676350877196	11.82853527017544	0.0	0.0	3	1.0408247942171627	11.086548222103705	230.0	36	1.05	0.95				
	317	1	0.0	0.0	0.0	0.0	3	1.05	15.95864884775604	230.0	37	1.05	0.95				
	318	2	196.94511224842108	40.2170199185965	0.0	0.0	3	1.0433416696442532	12.694660615138654	230.0	37	1.05	0.95				
	319	1	107.04824419508773	21.882790249824563	0.0	0.0	3	1.0251347796957504	9.889503687386414	230.0	35	1.05	0.95				
	320	1	75.70262572912281	15.377095851228074	0.0	0.0	3	1.0164763768462817	9.98309071592367	230.0	35	1.05	0.95				
	321	2	0.0	0.0	0.0	0.0	3	1.0456578914523174	12.91345177629984	230.0	37	1.05	0.95				
	322	2	0.0	0.0	0.0	0.0	3	1.0499999993476585	18.451644304852046	230.0	37	1.05	0.95				
	323	2	0.0	0.0	0.0	0.0	3	1.0130986772965633	10.499874138463944	230.0	35	1.05	0.95				
	324	1	0.0	0.0	0.0	0.0	3	1.0473146448829032	14.214962280765036	230.0	36	1.05	0.95				
	325	1	0.0	0.0	0.0	0.0	3	1.0137112563142912	11.301392340462263	230.0	35	1.05	0.95				
];
