%% MATPOWER Case Format : Version 2
function mpc = RTS_GMLC
mpc.version = '2';

%%-----  Power Flow Data  -----%%
%% system MVA base
mpc.baseMVA = 100.0;
%% bus data
%    bus_i    type    Pd    Qd    Gs    Bs    area    Vm    Va    baseKV    zone    Vmax    Vmin
mpc.bus = [
	101	2	45.40969815157895	9.25012369754386	0.0	0.0	1	1.0182034544053493	-3.4983542499987825	138.0	11	1.05	0.95				
	102	2	40.784636302807016	8.40920336140351	0.0	0.0	1	1.0173472141737594	-3.7104536816599847	138.0	12	1.05	0.95				
	103	1	75.68283025263159	15.557026218596492	0.0	0.0	1	1.031200889490963	-0.3170564279151803	138.0	11	1.05	0.95				
	104	1	31.114052437192985	6.306902521052632	0.0	0.0	1	1.0184572587274376	-4.003096772817446	138.0	11	1.05	0.95				
	105	1	29.852671932982457	5.886442352982456	0.0	0.0	1	1.0289527843441206	-5.0624489989003605	138.0	11	1.05	0.95				
	106	1	57.18258285754386	11.772884705964913	0.0	-100.0	1	1.0426916169100298	-6.41376532082159	138.0	12	1.05	0.95				
	107	2	52.557521008771936	10.511504201754386	0.0	0.0	1	1.001178349813779	-10.377296966091748	138.0	12	1.05	0.95				
	108	1	71.89868874	14.71610588245614	0.0	0.0	1	1.0053414725618972	-9.174360519217654	138.0	12	1.05	0.95				
	109	1	73.5805294122807	15.136566050526316	0.0	0.0	1	1.0257450293372599	-3.6012571807702054	138.0	13	1.05	0.95				
	110	1	81.98973277368421	16.81840672280702	0.0	0.0	1	1.05	-5.283262993711532	138.0	13	1.05	0.95				
	111	1	0.0	0.0	0.0	0.0	1	1.006258920070267	-1.0802684479193214	230.0	13	1.05	0.95				
	112	1	0.0	0.0	0.0	0.0	1	1.0090750110881925	-1.6339877116058885	230.0	13	1.05	0.95				
	113	3	111.42194453859648	22.704849075789475	0.0	0.0	1	0.9995196348627429	-2.728763002168474e-30	230.0	14	1.05	0.95				
	114	2	81.56927260561403	16.39794655473684	0.0	0.0	1	1.0080530719412069	1.4583001252502763	230.0	16	1.05	0.95				
	115	2	133.28587327824562	26.909450756491225	0.0	0.0	1	1.0423282262252977	8.718009971084381	230.0	16	1.05	0.95				
	116	2	42.046016807017544	8.40920336140351	0.0	0.0	1	1.0367832269622288	7.480553491400702	230.0	16	1.05	0.95				
	117	1	0.0	0.0	0.0	0.0	1	1.0422919632041427	12.010761511094389	230.0	17	1.05	0.95				
	118	2	140.01323596736844	28.59129142877193	0.0	0.0	1	1.0487652041624573	12.60386432304546	230.0	17	1.05	0.95				
	119	1	76.10329042070175	15.557026218596492	0.0	0.0	1	1.0253754373872326	4.640447420361706	230.0	15	1.05	0.95				
	120	1	53.81890151298245	10.931964369824563	0.0	0.0	1	1.0193625390948355	2.610363179163828	230.0	15	1.05	0.95				
	121	2	0.0	0.0	0.0	0.0	1	1.0499999968797664	13.864872782796644	230.0	17	1.05	0.95				
	122	2	0.0	0.0	0.0	0.0	1	1.05	25.854036047434168	230.0	17	1.05	0.95				
	123	2	0.0	0.0	0.0	0.0	1	1.016805059385084	1.8142063612780832	230.0	15	1.05	0.95				
	124	1	0.0	0.0	0.0	0.0	1	1.0267785971232237	5.338172350548597	230.0	16	1.05	0.95				
	201	2	43.75759482947369	8.913584131929825	0.0	0.0	2	1.013645742040488	-11.336387945794808	138.0	21	1.05	0.95				
	202	2	39.30080276350878	8.103258301754387	0.0	0.0	2	1.0128054059437361	-11.576062382490543	138.0	22	1.05	0.95				
	203	1	72.92932471578948	14.991027858245614	0.0	0.0	2	1.0151573814678232	-8.777977719958532	138.0	21	1.05	0.95				
	204	1	29.982055716491228	6.07744372631579	0.0	0.0	2	1.0124532956670274	-11.01665868472062	138.0	21	1.05	0.95				
	205	1	28.766566971228073	5.672280811228071	0.0	0.0	2	1.0268581190706867	-11.332358872100983	138.0	21	1.05	0.95				
	206	1	55.102156451929844	11.344561622456142	0.0	-100.0	2	1.042324264845456	-11.838944603301039	138.0	22	1.05	0.95				
	207	2	50.64536438596492	10.129072877192984	0.0	0.0	2	0.9962740255822119	-16.69790692176904	138.0	22	1.05	0.95				
	208	1	69.28285848000002	14.180702028070177	0.0	0.0	2	1.0019084018032292	-14.879231167537489	138.0	22	1.05	0.95				
	209	1	70.90351014035089	14.585864943157894	0.0	0.0	2	1.0238869255688885	-8.88292060426369	138.0	23	1.05	0.95				
	210	1	79.00676844210527	16.206516603508774	0.0	0.0	2	1.05	-10.023813978976882	138.0	23	1.05	0.95				
	211	1	0.0	0.0	0.0	0.0	2	1.0033588873654637	-6.580585647974007	230.0	23	1.05	0.95				
	212	1	0.0	0.0	0.0	0.0	2	1.01055137915389	-2.847496940814124	230.0	23	1.05	0.95				
	213	2	107.36817249824561	21.878797414736844	0.0	0.0	2	0.9982565087478618	-4.638614759785943	230.0	24	1.05	0.95				
	214	2	78.60160552701755	15.801353688421054	0.0	0.0	2	1.0000535571194729	-5.263739498841023	230.0	26	1.05	0.95				
	215	2	128.43664408280705	25.93042656561404	0.0	0.0	2	1.0198549312612677	-0.18713690842353037	230.0	26	1.05	0.95				
	216	2	40.516291508771936	8.103258301754387	0.0	0.0	2	1.0187020371392763	-0.9268067266653953	230.0	26	1.05	0.95				
	217	1	0.0	0.0	0.0	0.0	2	1.0244892429085557	0.5679148659039481	230.0	27	1.05	0.95				
	218	2	134.91925072421054	27.551078225964922	0.0	0.0	2	1.0240506325895187	0.24314396596610283	230.0	27	1.05	0.95				
	219	1	73.33448763087719	14.991027858245614	0.0	0.0	2	1.0183568685649116	-1.0667288781409778	230.0	25	1.05	0.95				
	220	1	51.86085313122808	10.534235792280704	0.0	0.0	2	1.0206983932053648	-0.38497704648251363	230.0	25	1.05	0.95				
	221	2	0.0	0.0	0.0	0.0	2	1.0261770669129817	0.8968383297358271	230.0	27	1.05	0.95				
	222	2	0.0	0.0	0.0	0.0	2	1.0479074111822893	7.284140392190349	230.0	27	1.05	0.95				
	223	2	0.0	0.0	0.0	0.0	2	1.022625197772305	0.3036531867924528	230.0	25	1.05	0.95				
	224	1	0.0	0.0	0.0	0.0	2	1.0074474672779028	-3.4213307791283207	230.0	26	1.05	0.95				
	301	2	57.91205315368422	11.796899716491229	0.0	0.0	3	1.0024224926651575	9.760177118522154	138.0	31	1.05	0.95				
	302	2	52.01360329543859	10.724454287719299	0.0	0.0	3	1.0017689792843152	9.588508417764787	138.0	32	1.05	0.95				
	303	1	96.52008858947369	19.8402404322807	0.0	0.0	3	1.036978535764037	17.064327479744016	138.0	31	1.05	0.95				
	304	1	39.6804808645614	8.043340715789475	0.0	0.0	3	1.006565352960105	11.139679039177487	138.0	31	1.05	0.95				
	305	1	38.07181272140351	7.5071180014035095	0.0	0.0	3	1.0189251108842228	10.423783176044909	138.0	31	1.05	0.95				
	306	1	72.92628915649124	15.014236002807019	0.0	-100.0	3	1.0357107105884618	10.179441647541745	138.0	32	1.05	0.95				
	307	2	67.02783929824562	13.405567859649123	0.0	0.0	3	0.9902806626908919	6.076091930561779	138.0	32	1.05	0.95				
	308	1	91.69408416	18.767795003508773	0.0	0.0	3	0.9994742872899177	8.481529828712189	138.0	32	1.05	0.95				
	309	1	93.83897501754386	19.304017717894737	0.0	0.0	3	1.0283619841054092	14.58998478777872	138.0	33	1.05	0.95				
	310	1	104.56342930526317	21.448908575438598	0.0	0.0	3	1.05	12.810341449326668	138.0	33	1.05	0.95				
	311	1	0.0	0.0	0.0	0.0	3	1.0108139183002955	17.871754898595277	230.0	33	1.05	0.95				
	312	1	0.0	0.0	0.0	0.0	3	1.016477321939039	18.24270423287027	230.0	33	1.05	0.95				
	313	2	142.09901931228072	28.95602657684211	0.0	0.0	3	1.0162534635632943	21.98700240338449	230.0	34	1.05	0.95				
	314	2	104.02720659087719	20.912685861052633	0.0	0.0	3	1.0090563451519357	18.515623215141208	230.0	36	1.05	0.95				
	315	2	169.98260046035088	34.318253720701755	0.0	0.0	3	1.0398201096173967	16.639371707008962	230.0	36	1.05	0.95				
	316	2	53.62227143859649	10.724454287719299	0.0	0.0	3	1.0372680481433731	17.25450260751739	230.0	36	1.05	0.95				
	317	1	0.0	0.0	0.0	0.0	3	1.049999892215174	18.935314389042674	230.0	37	1.05	0.95				
	318	2	178.56216389052634	36.46314457824562	0.0	0.0	3	1.0483799507545448	16.27389963291387	230.0	37	1.05	0.95				
	319	1	97.05631130385966	19.8402404322807	0.0	0.0	3	1.0322318063101228	18.013299568153606	230.0	35	1.05	0.95				
	320	1	68.63650744140351	13.941790574035087	0.0	0.0	3	1.0287493689736296	18.326201331707647	230.0	35	1.05	0.95				
	321	2	0.0	0.0	0.0	0.0	3	1.0461151653220837	17.029380013228398	230.0	37	1.05	0.95				
	322	2	0.0	0.0	0.0	0.0	3	1.05	22.120061271041138	230.0	37	1.05	0.95				
	323	2	0.0	0.0	0.0	0.0	3	1.0264525499275847	18.315059644875078	230.0	35	1.05	0.95				
	324	1	0.0	0.0	0.0	0.0	3	1.03739520896273	18.678001095240695	230.0	36	1.05	0.95				
	325	1	0.0	0.0	0.0	0.0	3	1.0298176617225596	17.945018688910746	230.0	35	1.05	0.95				
];
