%% MATPOWER Case Format : Version 2
function mpc = RTS_GMLC
mpc.version = '2';

%%-----  Power Flow Data  -----%%
%% system MVA base
mpc.baseMVA = 100.0;
%% bus data
%    bus_i    type    Pd    Qd    Gs    Bs    area    Vm    Va    baseKV    zone    Vmax    Vmin
mpc.bus = [
	101	2	52.770905507368425	10.749628899649123	0.0	0.0	1	1.0138831938550947	0.5357185070200068	138.0	11	1.05	0.95				
	102	2	47.39609105754386	9.772389908771931	0.0	0.0	1	1.0129267904061179	0.22291586825010148	138.0	12	1.05	0.95				
	103	1	87.95150917894738	18.07892133122807	0.0	0.0	1	1.023704723878902	0.6276532824020818	138.0	11	1.05	0.95				
	104	1	36.15784266245614	7.329292431578947	0.0	0.0	1	1.0118389855205054	-2.7145393393209822	138.0	11	1.05	0.95				
	105	1	34.69198417614035	6.8406729361403515	0.0	0.0	1	1.0250048420974052	-2.673160990063885	138.0	11	1.05	0.95				
	106	1	66.45225137964913	13.681345872280703	0.0	-100.0	1	1.038809182631359	-4.978183252534214	138.0	12	1.05	0.95				
	107	2	61.07743692982457	12.215487385964913	0.0	0.0	1	0.988183029990358	-11.681263235114434	138.0	12	1.05	0.95				
	108	1	83.55393372	17.101682340350877	0.0	0.0	1	0.9947141170481334	-9.807925904652663	138.0	12	1.05	0.95				
	109	1	85.50841170175438	17.590301835789475	0.0	0.0	1	1.0259868734892215	-3.0747294938085132	138.0	13	1.05	0.95				
	110	1	95.28080161052632	19.544779817543862	0.0	0.0	1	1.05	-4.311537239575909	138.0	13	1.05	0.95				
	111	1	0.0	0.0	0.0	0.0	1	1.0208018734213176	-0.3659559786772814	230.0	13	1.05	0.95				
	112	1	0.0	0.0	0.0	0.0	1	1.0164140043320937	-0.8916009446906464	230.0	13	1.05	0.95				
	113	3	129.48416629122806	26.385452753684213	0.0	0.0	1	1.0050860305375016	-5.239420523811367e-31	230.0	14	1.05	0.95				
	114	2	94.79218211508773	19.056160322105264	0.0	0.0	1	1.044870927933253	2.569890346254677	230.0	16	1.05	0.95				
	115	2	154.8923800540351	31.271647708070176	0.0	0.0	1	1.0413853739385361	11.29752277227533	230.0	16	1.05	0.95				
	116	2	48.86194954385965	9.772389908771931	0.0	0.0	1	1.042756775335533	9.840049661164112	230.0	16	1.05	0.95				
	117	1	0.0	0.0	0.0	0.0	1	1.040449744547096	15.413031044389852	230.0	17	1.05	0.95				
	118	2	162.71029198105265	33.22612568982456	0.0	0.0	1	1.0478212892975165	15.801676962902649	230.0	17	1.05	0.95				
	119	1	88.44012867438596	18.07892133122807	0.0	0.0	1	1.0395237975606673	6.488561774086773	230.0	15	1.05	0.95				
	120	1	62.54329541614035	12.70410688140351	0.0	0.0	1	1.0425436189327857	4.503145300999271	230.0	15	1.05	0.95				
	121	2	0.0	0.0	0.0	0.0	1	1.0417685449252658	17.379329285809412	230.0	17	1.05	0.95				
	122	2	0.0	0.0	0.0	0.0	1	1.05	35.35292083759034	230.0	17	1.05	0.95				
	123	2	0.0	0.0	0.0	0.0	1	1.0451737104102814	3.777311832923077	230.0	15	1.05	0.95				
	124	1	0.0	0.0	0.0	0.0	1	1.021448522934333	7.328548855330191	230.0	16	1.05	0.95				
	201	2	46.9875649263158	9.571541003508772	0.0	0.0	2	1.0112977468249973	-14.31086465142756	138.0	21	1.05	0.95				
	202	2	42.201794424561406	8.701400912280704	0.0	0.0	2	1.0110004720128034	-14.467192964156228	138.0	22	1.05	0.95				
	203	1	78.31260821052632	16.097591687719298	0.0	0.0	2	1.0134348244532334	-11.127616178620006	138.0	21	1.05	0.95				
	204	1	32.195183375438596	6.526050684210527	0.0	0.0	2	1.0109975073656707	-14.547601305101175	138.0	21	1.05	0.95				
	205	1	30.88997323859649	6.090980638596492	0.0	0.0	2	1.0253137434856743	-14.955628659557894	138.0	21	1.05	0.95				
	206	1	59.16952620350878	12.181961277192984	0.0	-100.0	2	1.0409591405586487	-15.811515590006199	138.0	22	1.05	0.95				
	207	2	54.38375570175439	10.876751140350878	0.0	0.0	2	0.9902694846437521	-21.305768804703767	138.0	22	1.05	0.95				
	208	1	74.3969778	15.227451596491228	0.0	0.0	2	0.9971145756172861	-19.34232779106671	138.0	22	1.05	0.95				
	209	1	76.13725798245613	15.662521642105265	0.0	0.0	2	1.023519486257294	-12.808604574483915	138.0	23	1.05	0.95				
	210	1	84.83865889473685	17.402801824561408	0.0	0.0	2	1.05	-14.198421870352009	138.0	23	1.05	0.95				
	211	1	0.0	0.0	0.0	0.0	2	1.0088237558877666	-9.585675867253686	230.0	23	1.05	0.95				
	212	1	0.0	0.0	0.0	0.0	2	1.0126975887136087	-8.556101538420432	230.0	23	1.05	0.95				
	213	2	115.29356208771931	23.4937824631579	0.0	0.0	2	1.0092433231923021	-7.926496978403196	230.0	24	1.05	0.95				
	214	2	84.40358884912281	16.96773177894737	0.0	0.0	2	1.0097929841373188	-7.038365513604679	230.0	26	1.05	0.95				
	215	2	137.91720445964913	27.844482919298247	0.0	0.0	2	1.0296499843054348	-0.8208649612587207	230.0	26	1.05	0.95				
	216	2	43.50700456140351	8.701400912280704	0.0	0.0	2	1.0324334359137834	-0.858803269870367	230.0	26	1.05	0.95				
	217	1	0.0	0.0	0.0	0.0	2	1.0374524210182923	0.7343949723614467	230.0	27	1.05	0.95				
	218	2	144.8783251894737	29.58476310175439	0.0	0.0	2	1.0353013159117421	0.1637775834661086	230.0	27	1.05	0.95				
	219	1	78.74767825614036	16.097591687719298	0.0	0.0	2	1.0362392427783795	-0.5564803939828883	230.0	25	1.05	0.95				
	220	1	55.688965838596495	11.311821185964915	0.0	0.0	2	1.0425011760909755	0.5340120218089689	230.0	25	1.05	0.95				
	221	2	0.0	0.0	0.0	0.0	2	1.0359032299142388	0.6375103159708225	230.0	27	1.05	0.95				
	222	2	0.0	0.0	0.0	0.0	2	1.05	7.174847603802682	230.0	27	1.05	0.95				
	223	2	0.0	0.0	0.0	0.0	2	1.0468241376569687	1.4501255207984696	230.0	25	1.05	0.95				
	224	1	0.0	0.0	0.0	0.0	2	1.0108542434478143	-4.658812669880879	230.0	26	1.05	0.95				
	301	2	66.65865233684211	13.578614364912282	0.0	0.0	3	1.0401931639248962	-2.295941594022179	138.0	31	1.05	0.95				
	302	2	59.86934515438597	12.344194877192983	0.0	0.0	3	1.0370376909606842	-2.665839931447467	138.0	32	1.05	0.95				
	303	1	111.09775389473684	22.83676052280702	0.0	0.0	3	1.05	15.274632532574422	138.0	31	1.05	0.95				
	304	1	45.67352104561404	9.258146157894737	0.0	0.0	3	1.010369755171451	-0.40796731176203466	138.0	31	1.05	0.95				
	305	1	43.821891814035084	8.640936414035089	0.0	0.0	3	1.031414263034852	-3.2599558911510083	138.0	31	1.05	0.95				
	306	1	83.94052516491229	17.281872828070178	0.0	-100.0	3	1.0323158877733953	-4.503652195730634	138.0	32	1.05	0.95				
	307	2	77.15121798245615	15.430243596491227	0.0	0.0	3	0.95	-2.526169720675239	138.0	32	1.05	0.95				
	308	1	105.54286619999999	21.60234103508772	0.0	0.0	3	0.9636791117966524	-3.181188377550962	138.0	32	1.05	0.95				
	309	1	108.01170517543859	22.219550778947365	0.0	0.0	3	1.0107414871696625	4.0655061303164555	138.0	33	1.05	0.95				
	310	1	120.35590005263157	24.688389754385966	0.0	0.0	3	1.037595422104418	-2.2708597159667163	138.0	33	1.05	0.95				
	311	1	0.0	0.0	0.0	0.0	3	0.9971488661941089	2.823431339083849	230.0	33	1.05	0.95				
	312	1	0.0	0.0	0.0	0.0	3	1.000636030552324	3.547139264594894	230.0	33	1.05	0.95				
	313	2	163.560582122807	33.329326168421055	0.0	0.0	3	0.9963501682456305	5.235544980577217	230.0	34	1.05	0.95				
	314	2	119.73869030877194	24.071180010526316	0.0	0.0	3	0.9957012498769486	2.758947082671703	230.0	36	1.05	0.95				
	315	2	195.65548880350875	39.50142360701754	0.0	0.0	3	1.05	6.784666537426698	230.0	36	1.05	0.95				
	316	2	61.72097438596491	12.344194877192983	0.0	0.0	3	1.0407359434409253	6.395751911420895	230.0	36	1.05	0.95				
	317	1	0.0	0.0	0.0	0.0	3	1.05	10.718745319402556	230.0	37	1.05	0.95				
	318	2	205.53084470526315	41.970262582456144	0.0	0.0	3	1.0453801766313835	8.387111243079465	230.0	37	1.05	0.95				
	319	1	111.7149636385965	22.83676052280702	0.0	0.0	3	1.0240689883657756	5.439489792353796	230.0	35	1.05	0.95				
	320	1	79.00284721403509	16.047453340350877	0.0	0.0	3	1.0147982050178417	5.798910016519791	230.0	35	1.05	0.95				
	321	2	0.0	0.0	0.0	0.0	3	1.046771847991655	8.48122729801291	230.0	37	1.05	0.95				
	322	2	0.0	0.0	0.0	0.0	3	1.05	13.7032313913389	230.0	37	1.05	0.95				
	323	2	0.0	0.0	0.0	0.0	3	1.0112826190034068	6.485480469099426	230.0	35	1.05	0.95				
	324	1	0.0	0.0	0.0	0.0	3	1.0471902960259087	10.030616364252799	230.0	36	1.05	0.95				
	325	1	0.0	0.0	0.0	0.0	3	1.0113790386692185	7.427139833887633	230.0	35	1.05	0.95				
];
