%% MATPOWER Case Format : Version 2
function mpc = RTS_GMLC
mpc.version = '2';

%%-----  Power Flow Data  -----%%
%% system MVA base
mpc.baseMVA = 100.0;
%% bus data
%    bus_i    type    Pd    Qd    Gs    Bs    area    Vm    Va    baseKV    zone    Vmax    Vmin
mpc.bus = [
	101	2	36.71251855578947	7.478476002105264	0.0	0.0	1	1.0321299303434484	3.902069519851382	138.0	11	1.05	0.95				
	102	2	32.973280554736846	6.798614547368421	0.0	0.0	1	1.031245803413589	3.65491865441108	138.0	12	1.05	0.95				
	103	1	61.187530926315794	12.57743691263158	0.0	0.0	1	1.0308869947267907	1.6804874008169617	138.0	11	1.05	0.95				
	104	1	25.15487382526316	5.098960910526316	0.0	0.0	1	1.0221218890755417	0.46132900134168925	138.0	11	1.05	0.95				
	105	1	24.135081643157893	4.759030183157895	0.0	0.0	1	1.0362675500801517	0.7524557348594725	138.0	11	1.05	0.95				
	106	1	46.230578922105266	9.51806036631579	0.0	-100.0	1	1.0474001497679482	-1.410755941560806	138.0	12	1.05	0.95				
	107	2	42.49134092105263	8.498268184210527	0.0	0.0	1	0.9999174999352775	-6.847302154686786	138.0	12	1.05	0.95				
	108	1	58.12815438	11.897575457894737	0.0	0.0	1	1.0068660821080404	-5.4491497906256035	138.0	12	1.05	0.95				
	109	1	59.48787728947369	12.237506185263157	0.0	0.0	1	1.02474474180601	-0.7655537287150795	138.0	13	1.05	0.95				
	110	1	66.2864918368421	13.597229094736843	0.0	0.0	1	1.05	-1.3631176089540225	138.0	13	1.05	0.95				
	111	1	0.0	0.0	0.0	0.0	1	1.0014832552490551	0.4709723079907198	230.0	13	1.05	0.95				
	112	1	0.0	0.0	0.0	0.0	1	1.006427820191347	0.5980725689132038	230.0	13	1.05	0.95				
	113	3	90.08164275263158	18.356259277894736	0.0	0.0	1	0.9894658965935422	-8.385554618397595e-30	230.0	14	1.05	0.95				
	114	2	65.94656110947369	13.257298367368422	0.0	0.0	1	0.9984236967900902	2.549729578407118	230.0	16	1.05	0.95				
	115	2	107.75804057578948	21.755566551578948	0.0	0.0	1	1.0371762084639213	7.561611559963212	230.0	16	1.05	0.95				
	116	2	33.99307273684211	6.798614547368421	0.0	0.0	1	1.0326813023647052	7.378965967724998	230.0	16	1.05	0.95				
	117	1	0.0	0.0	0.0	0.0	1	1.0413051415806391	9.708555529323469	230.0	17	1.05	0.95				
	118	2	113.1969322136842	23.115289461052633	0.0	0.0	1	1.0456930083341776	9.580583739133516	230.0	17	1.05	0.95				
	119	1	61.52746165368421	12.57743691263158	0.0	0.0	1	1.0254146530004002	6.170869528897783	230.0	15	1.05	0.95				
	120	1	43.511133103157896	8.838198911578948	0.0	0.0	1	1.0211733144414072	5.779072465144009	230.0	15	1.05	0.95				
	121	2	0.0	0.0	0.0	0.0	1	1.05	10.246587484551053	230.0	17	1.05	0.95				
	122	2	0.0	0.0	0.0	0.0	1	1.05	20.0564008174893	230.0	17	1.05	0.95				
	123	2	0.0	0.0	0.0	0.0	1	1.0189499175452057	5.830735783261254	230.0	15	1.05	0.95				
	124	1	0.0	0.0	0.0	0.0	1	1.0266997229254087	5.356460533822141	230.0	16	1.05	0.95				
	201	2	40.83362192842106	8.317960022456141	0.0	0.0	2	1.024458060057892	-7.486751108030491	138.0	21	1.05	0.95				
	202	2	36.674641917192986	7.561781838596493	0.0	0.0	2	1.0252993135537691	-7.330194303467122	138.0	22	1.05	0.95				
	203	1	68.05603654736842	13.989296401403509	0.0	0.0	2	1.0166305096050843	-6.885831245014582	138.0	21	1.05	0.95				
	204	1	27.978592802807018	5.671336378947369	0.0	0.0	2	1.0180037568286562	-9.034017285326831	138.0	21	1.05	0.95				
	205	1	26.844325527017542	5.293247287017545	0.0	0.0	2	1.0326611311728717	-9.264580052648267	138.0	21	1.05	0.95				
	206	1	51.420116502456146	10.58649457403509	0.0	-100.0	2	1.0456546899109007	-10.612581249472841	138.0	22	1.05	0.95				
	207	2	47.26113649122807	9.452227298245615	0.0	0.0	2	0.9926039174873941	-16.047173176984835	138.0	22	1.05	0.95				
	208	1	64.65323472000001	13.23311821754386	0.0	0.0	2	1.0005403556218462	-14.382168857460533	138.0	22	1.05	0.95				
	209	1	66.1655910877193	13.611207309473686	0.0	0.0	2	1.0223430364782953	-8.867736630283561	138.0	23	1.05	0.95				
	210	1	73.7273729263158	15.123563677192987	0.0	0.0	2	1.05	-9.847979132460342	138.0	23	1.05	0.95				
	211	1	0.0	0.0	0.0	0.0	2	1.002253143915422	-6.6630948283430005	230.0	23	1.05	0.95				
	212	1	0.0	0.0	0.0	0.0	2	1.0077082494225125	-6.143231002056205	230.0	23	1.05	0.95				
	213	2	100.19360936140352	20.41681096421053	0.0	0.0	2	0.9954886940337447	-5.826100449587406	230.0	24	1.05	0.95				
	214	2	73.34928383438597	14.74547458526316	0.0	0.0	2	0.9994764911927307	-4.559336954768841	230.0	26	1.05	0.95				
	215	2	119.8542421417544	24.197701883508774	0.0	0.0	2	1.0183930869602376	0.8871370738938711	230.0	26	1.05	0.95				
	216	2	37.80890919298246	7.561781838596493	0.0	0.0	2	1.0203461223111248	0.6803917510120421	230.0	26	1.05	0.95				
	217	1	0.0	0.0	0.0	0.0	2	1.0253442837452909	2.5142692122559	230.0	27	1.05	0.95				
	218	2	125.90366761263158	25.710058251228073	0.0	0.0	2	1.0246526590196068	2.0168084313402184	230.0	27	1.05	0.95				
	219	1	68.43412563929824	13.989296401403509	0.0	0.0	2	1.0221678635533127	0.09833735477012373	230.0	25	1.05	0.95				
	220	1	48.39540376701755	9.830316390175438	0.0	0.0	2	1.026067181133702	0.3398057595410423	230.0	25	1.05	0.95				
	221	2	0.0	0.0	0.0	0.0	2	1.026203834401182	2.447605879887838	230.0	27	1.05	0.95				
	222	2	0.0	0.0	0.0	0.0	2	1.048368772516906	8.98429460997119	230.0	27	1.05	0.95				
	223	2	0.0	0.0	0.0	0.0	2	1.0285796939704221	0.7626935282988659	230.0	25	1.05	0.95				
	224	1	0.0	0.0	0.0	0.0	2	1.0079623550219403	-2.047527962572837	230.0	26	1.05	0.95				
	301	2	50.77127489684211	10.342296738245613	0.0	0.0	3	1.008301538694595	-25.53863173639453	138.0	31	1.05	0.95				
	302	2	45.6001265277193	9.40208794385965	0.0	0.0	3	1.0076742988833851	-25.702280436683665	138.0	32	1.05	0.95				
	303	1	84.61879149473684	17.393862696140353	0.0	0.0	3	1.031225147356612	-18.248518321815773	138.0	31	1.05	0.95				
	304	1	34.787725392280706	7.051565957894737	0.0	0.0	3	1.009921109259252	-24.251874678360043	138.0	31	1.05	0.95				
	305	1	33.377412200701755	6.581461560701755	0.0	0.0	3	1.0230648106270386	-25.18478984152228	138.0	31	1.05	0.95				
	306	1	63.934198018245624	13.16292312140351	0.0	-100.0	3	1.0391637892674235	-25.53833878392116	138.0	32	1.05	0.95				
	307	2	58.76304964912281	11.752609929824562	0.0	0.0	3	0.9923249800648287	-30.722511074747935	138.0	32	1.05	0.95				
	308	1	80.38785192	16.453653901754386	0.0	0.0	3	0.9975048092926302	-28.571856426322277	138.0	32	1.05	0.95				
	309	1	82.26826950877194	16.92375829894737	0.0	0.0	3	1.026837034698122	-21.14406291704947	138.0	33	1.05	0.95				
	310	1	91.67035745263158	18.8041758877193	0.0	0.0	3	1.05	-23.318388759526943	138.0	33	1.05	0.95				
	311	1	0.0	0.0	0.0	0.0	3	1.0106093594003263	-17.443068369386257	230.0	33	1.05	0.95				
	312	1	0.0	0.0	0.0	0.0	3	1.0139264049425705	-16.66271391276632	230.0	33	1.05	0.95				
	313	2	124.57766525614036	25.385637448421054	0.0	0.0	3	1.0141374600073239	-13.74958662856154	230.0	34	1.05	0.95				
	314	2	91.2002530554386	18.334071490526316	0.0	0.0	3	1.012879955939418	-15.814315748179983	230.0	36	1.05	0.95				
	315	2	149.02309391017542	30.08668142035088	0.0	0.0	3	1.0352896666510423	-11.524190722744537	230.0	36	1.05	0.95				
	316	2	47.01043971929825	9.40208794385965	0.0	0.0	3	1.035715140309575	-10.693782932893914	230.0	36	1.05	0.95				
	317	1	0.0	0.0	0.0	0.0	3	1.0393462939253983	-9.291211960846818	230.0	37	1.05	0.95				
	318	2	156.54476426526315	31.967099009122812	0.0	0.0	3	1.0377644959479724	-9.353749281700782	230.0	37	1.05	0.95				
	319	1	85.08889589192982	17.393862696140353	0.0	0.0	3	1.0347009484462386	-11.016879927915287	230.0	35	1.05	0.95				
	320	1	60.17336284070176	12.222714327017545	0.0	0.0	3	1.0371152337544374	-10.396733846436284	230.0	35	1.05	0.95				
	321	2	0.0	0.0	0.0	0.0	3	1.0388551750244492	-9.554942485615047	230.0	37	1.05	0.95				
	322	2	0.0	0.0	0.0	0.0	3	1.05	-5.137609403560119	230.0	37	1.05	0.95				
	323	2	0.0	0.0	0.0	0.0	3	1.0393181430217076	-9.704366467317847	230.0	35	1.05	0.95				
	324	1	0.0	0.0	0.0	0.0	3	1.0248811219701872	-14.054750796870232	230.0	36	1.05	0.95				
	325	1	0.0	0.0	0.0	0.0	3	1.032817982484146	-8.064634836857964	230.0	35	1.05	0.95				
];
