%% MATPOWER Case Format : Version 2
function mpc = RTS_GMLC
mpc.version = '2';

%%-----  Power Flow Data  -----%%
%% system MVA base
mpc.baseMVA = 100.0;
%% bus data
%    bus_i    type    Pd    Qd    Gs    Bs    area    Vm    Va    baseKV    zone    Vmax    Vmin
mpc.bus = [
	101	2	48.14844135157895	9.808015830877192	0.0	0.0	1	1.0310943906962196	2.8915169655447945	138.0	11	1.05	0.95				
	102	2	43.24443343614035	8.916378028070177	0.0	0.0	1	1.0306277872266056	2.735908266882935	138.0	12	1.05	0.95				
	103	1	80.24740225263159	16.495299351929823	0.0	0.0	1	1.030636892039832	1.1546764545369743	138.0	11	1.05	0.95				
	104	1	32.990598703859646	6.687283521052631	0.0	0.0	1	1.020239900043955	-0.6786705193707923	138.0	11	1.05	0.95				
	105	1	31.65314199964912	6.241464619649124	0.0	0.0	1	1.034203693600385	-0.4928699542281689	138.0	11	1.05	0.95				
	106	1	60.6313705908772	12.482929239298247	0.0	-100.0	1	1.0441193483185194	-2.841492829430967	138.0	12	1.05	0.95				
	107	2	55.7273626754386	11.14547253508772	0.0	0.0	1	1.0005751422342386	-8.14048037757402	138.0	12	1.05	0.95				
	108	1	76.23503214	15.603661549122805	0.0	0.0	1	1.004196621180329	-6.965126977597917	138.0	12	1.05	0.95				
	109	1	78.01830774561404	16.049480450526314	0.0	0.0	1	1.0256511855167154	-1.659258409629857	138.0	13	1.05	0.95				
	110	1	86.93468577368421	17.832756056140354	0.0	0.0	1	1.05	-2.5103602122984423	138.0	13	1.05	0.95				
	111	1	0.0	0.0	0.0	0.0	1	1.0069855946401371	0.14266082490408086	230.0	13	1.05	0.95				
	112	1	0.0	0.0	0.0	0.0	1	1.01120458060588	0.31721211068341276	230.0	13	1.05	0.95				
	113	3	118.14200887192983	24.074220675789476	0.0	0.0	1	0.9985085067558782	1.1878564428061041e-27	230.0	14	1.05	0.95				
	114	2	86.4888668722807	17.38693715473684	0.0	0.0	1	1.0077413878397583	2.592570414107228	230.0	16	1.05	0.95				
	115	2	141.32459174491228	28.53240968982456	0.0	0.0	1	1.0452940728114102	9.076045919471154	230.0	16	1.05	0.95				
	116	2	44.58189014035088	8.916378028070177	0.0	0.0	1	1.0423855388147951	8.588002182652396	230.0	16	1.05	0.95				
	117	1	0.0	0.0	0.0	0.0	1	1.0446848141932668	11.57789743464693	230.0	17	1.05	0.95				
	118	2	148.45769416736843	30.3156852954386	0.0	0.0	1	1.0492544070487728	11.160786042735948	230.0	17	1.05	0.95				
	119	1	80.69322115403509	16.495299351929823	0.0	0.0	1	1.0350688720323815	7.032377534294165	230.0	15	1.05	0.95				
	120	1	57.06481937964912	11.591291436491229	0.0	0.0	1	1.032127754741137	6.524406625738681	230.0	15	1.05	0.95				
	121	2	0.0	0.0	0.0	0.0	1	1.05	11.823971317104998	230.0	17	1.05	0.95				
	122	2	0.0	0.0	0.0	0.0	1	1.05	26.980988243280336	230.0	17	1.05	0.95				
	123	2	0.0	0.0	0.0	0.0	1	1.0310744650388963	6.584236707095559	230.0	15	1.05	0.95				
	124	1	0.0	0.0	0.0	0.0	1	1.0296077160734762	6.126827576004555	230.0	16	1.05	0.95				
	201	2	49.89453802105263	10.163702189473684	0.0	0.0	2	1.0250016084667284	-7.986395417795989	138.0	21	1.05	0.95				
	202	2	44.812686926315784	9.239729263157894	0.0	0.0	2	1.0251089781312637	-7.961351564021976	138.0	22	1.05	0.95				
	203	1	83.15756336842105	17.093499136842105	0.0	0.0	2	1.0198639062830046	-7.704287227110607	138.0	21	1.05	0.95				
	204	1	34.18699827368421	6.929796947368421	0.0	0.0	2	1.0168115954717973	-10.4132579519559	138.0	21	1.05	0.95				
	205	1	32.80103888421052	6.467810484210526	0.0	0.0	2	1.0314650521274853	-10.543041889915527	138.0	21	1.05	0.95				
	206	1	62.83015898947368	12.935620968421052	0.0	-100.0	2	1.0428600277748994	-12.407365700920161	138.0	22	1.05	0.95				
	207	2	57.74830789473684	11.549661578947369	0.0	0.0	2	0.9827057806040614	-19.371643931876495	138.0	22	1.05	0.95				
	208	1	78.99968519999999	16.169526210526314	0.0	0.0	2	0.9916479038681395	-17.283077233514753	138.0	22	1.05	0.95				
	209	1	80.84763105263157	16.63151267368421	0.0	0.0	2	1.0236827358259102	-10.52152831693693	138.0	23	1.05	0.95				
	210	1	90.08736031578947	18.47945852631579	0.0	0.0	2	1.05	-11.649956529050737	138.0	23	1.05	0.95				
	211	1	0.0	0.0	0.0	0.0	2	1.00893901651233	-7.866831554855263	230.0	23	1.05	0.95				
	212	1	0.0	0.0	0.0	0.0	2	1.0150756136890744	-7.7084961300911825	230.0	23	1.05	0.95				
	213	2	122.4264127368421	24.947269010526316	0.0	0.0	2	1.0043478658539307	-7.406635853229918	230.0	24	1.05	0.95				
	214	2	89.62537385263157	18.017472063157893	0.0	0.0	2	1.012184094997073	-4.975390793528763	230.0	26	1.05	0.95				
	215	2	146.4497088210526	29.567133642105265	0.0	0.0	2	1.0359238081425222	2.220292760065852	230.0	26	1.05	0.95				
	216	2	46.198646315789475	9.239729263157894	0.0	0.0	2	1.0406346495690102	1.7890996630983027	230.0	26	1.05	0.95				
	217	1	0.0	0.0	0.0	0.0	2	1.0429614613731948	5.04726475537596	230.0	27	1.05	0.95				
	218	2	153.84149223157894	31.41507949473684	0.0	0.0	2	1.0448104752520666	5.64643976068162	230.0	27	1.05	0.95				
	219	1	83.61954983157894	17.093499136842105	0.0	0.0	2	1.0419346018802895	0.029329650877517988	230.0	25	1.05	0.95				
	220	1	59.13426728421053	12.011648042105264	0.0	0.0	2	1.0467534540184573	-0.6187729340641841	230.0	25	1.05	0.95				
	221	2	0.0	0.0	0.0	0.0	2	1.0437710105148874	5.253609384952194	230.0	27	1.05	0.95				
	222	2	0.0	0.0	0.0	0.0	2	1.05	11.678805752687405	230.0	27	1.05	0.95				
	223	2	0.0	0.0	0.0	0.0	2	1.0499960700625763	-0.6338645714491477	230.0	25	1.05	0.95				
	224	1	0.0	0.0	0.0	0.0	2	1.0175678849994088	-1.475388962216176	230.0	26	1.05	0.95				
	301	2	71.37361595368422	14.53906991649123	0.0	0.0	3	1.0130031537749051	-37.41399428219816	138.0	31	1.05	0.95				
	302	2	64.1040809954386	13.2173362877193	0.0	0.0	3	1.011790693671996	-37.70728260914386	138.0	32	1.05	0.95				
	303	1	118.95602658947368	24.4520721322807	0.0	0.0	3	1.0208388697745479	-30.65942652604626	138.0	31	1.05	0.95				
	304	1	48.9041442645614	9.913002215789474	0.0	0.0	3	1.0077917039918485	-36.09272877805105	138.0	31	1.05	0.95				
	305	1	46.92154382140351	9.25213540140351	0.0	0.0	3	1.0225411364334038	-36.89727763960296	138.0	31	1.05	0.95				
	306	1	89.87788675649125	18.50427080280702	0.0	-100.0	3	1.034439874084847	-37.34225588349992	138.0	32	1.05	0.95				
	307	2	82.60835179824562	16.521670359649125	0.0	0.0	3	1.005102676281362	-39.70839689627353	138.0	32	1.05	0.95				
	308	1	113.00822526	23.13033850350877	0.0	0.0	3	1.0004362362183252	-39.020212256248946	138.0	32	1.05	0.95				
	309	1	115.65169251754386	23.791205317894736	0.0	0.0	3	1.0274495086807545	-32.074473729889924	138.0	33	1.05	0.95				
	310	1	128.86902880526316	26.4346725754386	0.0	0.0	3	1.05	-34.26114929625939	138.0	33	1.05	0.95				
	311	1	0.0	0.0	0.0	0.0	3	1.0211433248460158	-26.81793857019212	230.0	33	1.05	0.95				
	312	1	0.0	0.0	0.0	0.0	3	1.0179834025710046	-25.84580689108266	230.0	33	1.05	0.95				
	313	2	175.12970581228072	35.68680797684211	0.0	0.0	3	1.0307871435128089	-22.41391082870965	230.0	34	1.05	0.95				
	314	2	128.2081619908772	25.773805761052632	0.0	0.0	3	1.0349935587716543	-24.431913675945175	230.0	36	1.05	0.95				
	315	2	209.49478016035087	42.29547612070176	0.0	0.0	3	1.0484521736383865	-17.60825230854595	230.0	36	1.05	0.95				
	316	2	66.0866814385965	13.2173362877193	0.0	0.0	3	1.049155422818595	-17.044212203733533	230.0	36	1.05	0.95				
	317	1	0.0	0.0	0.0	0.0	3	1.05	-14.279138284417185	230.0	37	1.05	0.95				
	318	2	220.06864919052634	44.938943378245625	0.0	0.0	3	1.049933031732608	-13.772667526560758	230.0	37	1.05	0.95				
	319	1	119.61689340385966	24.4520721322807	0.0	0.0	3	1.0451483591547976	-17.720466194294577	230.0	35	1.05	0.95				
	320	1	84.59095224140351	17.18253717403509	0.0	0.0	3	1.0471473296809461	-17.074390166441802	230.0	35	1.05	0.95				
	321	2	0.0	0.0	0.0	0.0	3	1.05	-13.40040330183369	230.0	37	1.05	0.95				
	322	2	0.0	0.0	0.0	0.0	3	1.05	-7.968843954668793	230.0	37	1.05	0.95				
	323	2	0.0	0.0	0.0	0.0	3	1.05	-16.238352441547864	230.0	35	1.05	0.95				
	324	1	0.0	0.0	0.0	0.0	3	1.021535739440878	-22.423843842235996	230.0	36	1.05	0.95				
	325	1	0.0	0.0	0.0	0.0	3	1.0366133825477084	-14.012430677608823	230.0	35	1.05	0.95				
];
