%% MATPOWER Case Format : Version 2
function mpc = RTS_GMLC
mpc.version = '2';

%%-----  Power Flow Data  -----%%
%% system MVA base
mpc.baseMVA = 100.0;
%% bus data
%    bus_i    type    Pd    Qd    Gs    Bs    area    Vm    Va    baseKV    zone    Vmax    Vmin
mpc.bus = [
	101	2	73.9460662863158	15.063087576842104	0.0	0.0	1	1.0329724092514567	-0.33509533959263205	138.0	11	1.05	0.95				
	102	2	66.41452249789474	13.693715978947369	0.0	0.0	1	1.033033309424834	-0.4271645025034175	138.0	12	1.05	0.95				
	103	1	123.2434438105263	25.33337456105263	0.0	0.0	1	1.0192796006445017	0.09050659153038126	138.0	11	1.05	0.95				
	104	1	50.66674912210526	10.270286984210525	0.0	0.0	1	1.0165678932027888	-3.5293483572606092	138.0	11	1.05	0.95				
	105	1	48.612691725263154	9.585601185263158	0.0	0.0	1	1.0321445239245104	-3.6276650795074015	138.0	11	1.05	0.95				
	106	1	93.1172686568421	19.171202370526316	0.0	-100.0	1	1.0379863453772114	-6.101398386939042	138.0	12	1.05	0.95				
	107	2	85.58572486842104	17.11714497368421	0.0	0.0	1	1.0445560871330566	-6.2574513030056105	138.0	12	1.05	0.95				
	108	1	117.08127162	23.964002963157892	0.0	0.0	1	1.023864700502514	-7.443162916458139	138.0	12	1.05	0.95				
	109	1	119.82001481578945	24.648688762105262	0.0	0.0	1	1.0250296505148817	-3.295836507662593	138.0	13	1.05	0.95				
	110	1	133.51373079473683	27.387431957894737	0.0	0.0	1	1.05	-4.806051542929742	138.0	13	1.05	0.95				
	111	1	0.0	0.0	0.0	0.0	1	1.0107780959529642	-0.3698724579408875	230.0	13	1.05	0.95				
	112	1	0.0	0.0	0.0	0.0	1	1.0147589802243944	-0.4172772917336532	230.0	13	1.05	0.95				
	113	3	181.44173672105262	36.9730331431579	0.0	0.0	1	1.0115515822298575	7.78985184269585e-29	230.0	14	1.05	0.95				
	114	2	132.82904499578947	26.702746158947367	0.0	0.0	1	1.0123415557108406	3.055944506691349	230.0	16	1.05	0.95				
	115	2	217.04539826631577	43.819891132631575	0.0	0.0	1	1.040527204878157	13.100669638577338	230.0	16	1.05	0.95				
	116	2	68.46857989473683	13.693715978947369	0.0	0.0	1	1.0367113085574615	12.035044851298574	230.0	16	1.05	0.95				
	117	1	0.0	0.0	0.0	0.0	1	1.0406575757927163	17.13343402342786	230.0	17	1.05	0.95				
	118	2	228.00037104947367	46.55863432842105	0.0	0.0	1	1.049679812543065	17.435906248561434	230.0	17	1.05	0.95				
	119	1	123.92812960947369	25.33337456105263	0.0	0.0	1	1.0301897375792597	8.8640928530093	230.0	15	1.05	0.95				
	120	1	87.63978226526315	17.801830772631575	0.0	0.0	1	1.0322100701362513	7.4133569454560995	230.0	15	1.05	0.95				
	121	2	0.0	0.0	0.0	0.0	1	1.05	18.127751343881013	230.0	17	1.05	0.95				
	122	2	0.0	0.0	0.0	0.0	1	1.05	35.58548880448294	230.0	17	1.05	0.95				
	123	2	0.0	0.0	0.0	0.0	1	1.0350626994547514	7.131106887597359	230.0	15	1.05	0.95				
	124	1	0.0	0.0	0.0	0.0	1	1.016159455726163	8.272654234358793	230.0	16	1.05	0.95				
	201	2	80.47725483789475	16.393514874385964	0.0	0.0	2	1.0381464526492303	-20.724493442192813	138.0	21	1.05	0.95				
	202	2	72.28049740070175	14.903195340350878	0.0	0.0	2	1.0383995753634039	-20.890439303522104	138.0	22	1.05	0.95				
	203	1	134.1287580631579	27.57091137964912	0.0	0.0	2	1.0196965211811833	-14.895861796238771	138.0	21	1.05	0.95				
	204	1	55.14182275929824	11.177396505263157	0.0	0.0	2	1.016610265117531	-22.62626697789281	138.0	21	1.05	0.95				
	205	1	52.90634345824561	10.432236738245615	0.0	0.0	2	1.0344097615109082	-23.275143340384204	138.0	21	1.05	0.95				
	206	1	101.34172831438597	20.86447347649123	0.0	-100.0	2	1.0380215724603201	-25.41695098316046	138.0	22	1.05	0.95				
	207	2	93.14497087719297	18.628994175438596	0.0	0.0	2	0.9582340763324118	-36.52231718042777	138.0	22	1.05	0.95				
	208	1	127.42232016	26.08059184561403	0.0	0.0	2	0.9629993689271972	-32.79160323316339	138.0	22	1.05	0.95				
	209	1	130.40295922807016	26.825751612631578	0.0	0.0	2	1.0223639770236979	-21.02702504880639	138.0	23	1.05	0.95				
	210	1	145.30615456842105	29.806390680701757	0.0	0.0	2	1.05	-23.526438026144145	138.0	23	1.05	0.95				
	211	1	0.0	0.0	0.0	0.0	2	1.0301981196954557	-16.73005012974427	230.0	23	1.05	0.95				
	212	1	0.0	0.0	0.0	0.0	2	1.0219286183030882	-16.02297745208283	230.0	23	1.05	0.95				
	213	2	197.4673382596491	40.238627418947374	0.0	0.0	2	1.0418083257990902	-15.069231908675361	230.0	24	1.05	0.95				
	214	2	144.5609948014035	29.06123091368421	0.0	0.0	2	1.0499999881619726	-12.875740761280085	230.0	26	1.05	0.95				
	215	2	236.2156461445614	47.690225089122805	0.0	0.0	2	1.0421885091174472	-1.8635011782427018	230.0	26	1.05	0.95				
	216	2	74.51597670175438	14.903195340350878	0.0	0.0	2	1.0459202619819403	-2.7533141064047366	230.0	26	1.05	0.95				
	217	1	0.0	0.0	0.0	0.0	2	1.0462921709670332	1.6635508457662258	230.0	27	1.05	0.95				
	218	2	248.1382024168421	50.67086415719299	0.0	0.0	2	1.0492368691308602	2.125641938272109	230.0	27	1.05	0.95				
	219	1	134.87391783017543	27.57091137964912	0.0	0.0	2	1.0423288968779092	-4.408158188137678	230.0	25	1.05	0.95				
	220	1	95.38045017824561	19.37415394245614	0.0	0.0	2	1.0460120024773023	-4.449952553583589	230.0	25	1.05	0.95				
	221	2	0.0	0.0	0.0	0.0	2	1.05	2.257231452429038	230.0	27	1.05	0.95				
	222	2	0.0	0.0	0.0	0.0	2	1.05	8.535729647258144	230.0	27	1.05	0.95				
	223	2	0.0	0.0	0.0	0.0	2	1.05	-3.93081965835397	230.0	25	1.05	0.95				
	224	1	0.0	0.0	0.0	0.0	2	1.0173007074032518	-6.694365610967205	230.0	26	1.05	0.95				
	301	2	71.27111675368421	14.51819044982456	0.0	0.0	3	1.0385419772534867	-15.594404473341413	138.0	31	1.05	0.95				
	302	2	64.01202152877192	13.198354954385966	0.0	0.0	3	1.035281315897127	-15.976634765868852	138.0	32	1.05	0.95				
	303	1	118.78519458947368	24.416956665614034	0.0	0.0	3	1.05	1.7606019062917984	138.0	31	1.05	0.95				
	304	1	48.83391333122807	9.898766215789474	0.0	0.0	3	1.0097356107022686	-13.923622351340388	138.0	31	1.05	0.95				
	305	1	46.854160088070174	9.238848468070177	0.0	0.0	3	1.030986524393324	-16.200258198532847	138.0	31	1.05	0.95				
	306	1	89.74881368982457	18.477696936140354	0.0	-100.0	3	1.0323298047810296	-17.282376406073286	138.0	32	1.05	0.95				
	307	2	82.48971846491227	16.497943692982457	0.0	0.0	3	0.9563062442999614	-14.685677263338063	138.0	32	1.05	0.95				
	308	1	112.84593485999999	23.097121170175434	0.0	0.0	3	0.9672511878455188	-15.830718377122398	138.0	32	1.05	0.95				
	309	1	115.48560585087719	23.757038917894736	0.0	0.0	3	1.012429285235465	-9.456155811560668	138.0	33	1.05	0.95				
	310	1	128.68396080526315	26.396709908771932	0.0	0.0	3	1.0397530247688525	-14.705028794752463	138.0	33	1.05	0.95				
	311	1	0.0	0.0	0.0	0.0	3	1.0001777915378256	-9.179823018395373	230.0	33	1.05	0.95				
	312	1	0.0	0.0	0.0	0.0	3	1.0068580087895447	-7.8741967106123525	230.0	33	1.05	0.95				
	313	2	174.878203145614	35.635558376842106	0.0	0.0	3	1.0050717991787417	-5.464714663465883	230.0	34	1.05	0.95				
	314	2	128.02404305754385	25.73679216105263	0.0	0.0	3	0.9979574307607465	-9.442654959530312	230.0	36	1.05	0.95				
	315	2	209.1939260270175	42.23473585403509	0.0	0.0	3	1.05	-5.9326605203491045	230.0	36	1.05	0.95				
	316	2	65.99177477192983	13.198354954385966	0.0	0.0	3	1.0433459111237537	-5.827144195930259	230.0	36	1.05	0.95				
	317	1	0.0	0.0	0.0	0.0	3	1.0491591726457483	-3.6560983603442727	230.0	37	1.05	0.95				
	318	2	219.7526099905263	44.874406844912286	0.0	0.0	3	1.0463826336222084	-4.888257864770322	230.0	37	1.05	0.95				
	319	1	119.445112337193	24.416956665614034	0.0	0.0	3	1.0349900592309598	-5.682459113628181	230.0	35	1.05	0.95				
	320	1	84.46947170807017	17.157861440701755	0.0	0.0	3	1.033400995336618	-4.29509551633157	230.0	35	1.05	0.95				
	321	2	0.0	0.0	0.0	0.0	3	1.0473138771763395	-4.659640362815503	230.0	37	1.05	0.95				
	322	2	0.0	0.0	0.0	0.0	3	1.05	0.07663852966182695	230.0	37	1.05	0.95				
	323	2	0.0	0.0	0.0	0.0	3	1.0346833338691799	-3.0351088559226787	230.0	35	1.05	0.95				
	324	1	0.0	0.0	0.0	0.0	3	1.0472975087563794	-2.990146221986457	230.0	36	1.05	0.95				
	325	1	0.0	0.0	0.0	0.0	3	1.0277692007407968	-1.291687194812831	230.0	35	1.05	0.95				
];
