%% MATPOWER Case Format : Version 2
function mpc = RTS_GMLC
mpc.version = '2';

%%-----  Power Flow Data  -----%%
%% system MVA base
mpc.baseMVA = 100.0;
%% bus data
%    bus_i    type    Pd    Qd    Gs    Bs    area    Vm    Va    baseKV    zone    Vmax    Vmin
mpc.bus = [
	101	2	50.05888173473685	10.19717961263158	0.0	0.0	1	1.0109372515914503	-5.23549573519996	138.0	11	1.05	0.95				
	102	2	44.96029192842105	9.270163284210527	0.0	0.0	1	1.010897994630295	-5.490033286914506	138.0	12	1.05	0.95				
	103	1	83.43146955789474	17.149802075789474	0.0	0.0	1	0.9985146423111152	0.6767631917229386	138.0	11	1.05	0.95				
	104	1	34.29960415157895	6.952622463157894	0.0	0.0	1	1.0005250457959705	-5.210398393462414	138.0	11	1.05	0.95				
	105	1	32.90907965894736	6.48911429894737	0.0	0.0	1	1.0148326815775017	-6.399864237803548	138.0	11	1.05	0.95				
	106	1	63.037110332631585	12.97822859789474	0.0	-100.0	1	1.0244558090003177	-7.596831213633853	138.0	12	1.05	0.95				
	107	2	57.938520526315784	11.587704105263159	0.0	0.0	1	0.9888009585332492	-11.475677770493125	138.0	12	1.05	0.95				
	108	1	79.25989608	16.22278574736842	0.0	0.0	1	0.9870171809543907	-10.231379137895846	138.0	12	1.05	0.95				
	109	1	81.11392873684211	16.686293911578947	0.0	0.0	1	1.0015184193333275	-3.890337062304096	138.0	13	1.05	0.95				
	110	1	90.38409202105264	18.540326568421055	0.0	0.0	1	1.0300398488708733	-6.048125862148457	138.0	13	1.05	0.95				
	111	1	0.0	0.0	0.0	0.0	1	0.9849450348342798	-0.8029053646314498	230.0	13	1.05	0.95				
	112	1	0.0	0.0	0.0	0.0	1	0.9847103544128811	-1.6863494815253737	230.0	13	1.05	0.95				
	113	3	122.82966351578948	25.029440867368425	0.0	0.0	1	0.9694809835859609	-2.2382963551651724e-27	230.0	14	1.05	0.95				
	114	2	89.9205838568421	18.076818404210528	0.0	0.0	1	0.9977430081869098	2.757081914321338	230.0	16	1.05	0.95				
	115	2	146.93208805473682	29.664522509473684	0.0	0.0	1	0.9911432549321572	12.834373226900752	230.0	16	1.05	0.95				
	116	2	46.350816421052635	9.270163284210527	0.0	0.0	1	0.9909979448252555	11.040044989914586	230.0	16	1.05	0.95				
	117	1	0.0	0.0	0.0	0.0	1	0.993612573094384	17.23755069646736	230.0	17	1.05	0.95				
	118	2	154.34821868210526	31.518555166315792	0.0	0.0	1	1.0022361189337194	18.046297477707334	230.0	17	1.05	0.95				
	119	1	83.89497772210527	17.149802075789474	0.0	0.0	1	0.9909795808449313	7.046554347941689	230.0	15	1.05	0.95				
	120	1	59.32904501894737	12.051212269473686	0.0	0.0	1	0.9970801099112219	4.0582929505776715	230.0	15	1.05	0.95				
	121	2	0.0	0.0	0.0	0.0	1	1.0018194287701023	19.680105500697145	230.0	17	1.05	0.95				
	122	2	0.0	0.0	0.0	0.0	1	1.0111166379367065	36.160935195143885	230.0	17	1.05	0.95				
	123	2	0.0	0.0	0.0	0.0	1	1.0019118405137186	2.803393800170659	230.0	15	1.05	0.95				
	124	1	0.0	0.0	0.0	0.0	1	0.979335493204417	8.201459758407813	230.0	16	1.05	0.95				
	201	2	48.46655122105263	9.872815989473684	0.0	0.0	2	1.010118322903967	-11.652269542918331	138.0	21	1.05	0.95				
	202	2	43.530143226315786	8.975287263157895	0.0	0.0	2	1.0090652979762826	-11.830847528984261	138.0	22	1.05	0.95				
	203	1	80.77758536842106	16.604281436842104	0.0	0.0	2	0.9964872545730663	-8.952519173834714	138.0	21	1.05	0.95				
	204	1	33.20856287368421	6.731465447368421	0.0	0.0	2	0.999114064852752	-10.673988251572677	138.0	21	1.05	0.95				
	205	1	31.86226978421053	6.282701084210528	0.0	0.0	2	1.0152044319815792	-11.04454312833105	138.0	21	1.05	0.95				
	206	1	61.03195338947369	12.565402168421056	0.0	-100.0	2	1.0259284105912723	-11.254117338998583	138.0	22	1.05	0.95				
	207	2	56.095545394736845	11.219109078947369	0.0	0.0	2	0.9701894887077828	-16.76210659346255	138.0	22	1.05	0.95				
	208	1	76.7387061	15.706752710526315	0.0	0.0	2	0.9767824250867408	-14.64159643770086	138.0	22	1.05	0.95				
	209	1	78.53376355263158	16.155517073684212	0.0	0.0	2	1.0051480067269005	-7.807560192129105	138.0	23	1.05	0.95				
	210	1	87.50905081578948	17.95057452631579	0.0	0.0	2	1.0318174025194355	-8.943385238722035	138.0	23	1.05	0.95				
	211	1	0.0	0.0	0.0	0.0	2	0.9889348638950195	-5.12255218360965	230.0	23	1.05	0.95				
	212	1	0.0	0.0	0.0	0.0	2	0.9878741607481141	0.23253955967260784	230.0	23	1.05	0.95				
	213	2	118.92255623684211	24.233275610526317	0.0	0.0	2	0.9856737533160899	-2.1728576980514953	230.0	24	1.05	0.95				
	214	2	87.06028645263157	17.501810163157895	0.0	0.0	2	0.9891432153694365	-4.338787062710636	230.0	26	1.05	0.95				
	215	2	142.25830312105262	28.720919242105264	0.0	0.0	2	0.9936121082999452	-0.14325007020531663	230.0	26	1.05	0.95				
	216	2	44.876436315789476	8.975287263157895	0.0	0.0	2	0.9918709286213245	-0.22177702147263656	230.0	26	1.05	0.95				
	217	1	0.0	0.0	0.0	0.0	2	1.0025242137623167	0.6736234410521944	230.0	27	1.05	0.95				
	218	2	149.43853293157895	30.515976694736846	0.0	0.0	2	1.0032243068909859	0.07208247381018779	230.0	27	1.05	0.95				
	219	1	81.22634973157895	16.604281436842104	0.0	0.0	2	0.9834107152858689	1.1030245535352394	230.0	25	1.05	0.95				
	220	1	57.44183848421053	11.667873442105265	0.0	0.0	2	0.9801809846500269	3.2225055836459395	230.0	25	1.05	0.95				
	221	2	0.0	0.0	0.0	0.0	2	1.005691878007349	0.6268327641197122	230.0	27	1.05	0.95				
	222	2	0.0	0.0	0.0	0.0	2	1.0234205354901615	5.787097496929637	230.0	27	1.05	0.95				
	223	2	0.0	0.0	0.0	0.0	2	0.9801525234184313	4.772050379897949	230.0	25	1.05	0.95				
	224	1	0.0	0.0	0.0	0.0	2	0.9840855064848485	-3.4868483238549883	230.0	26	1.05	0.95				
	301	2	50.12211327157895	10.210060110877194	0.0	0.0	3	1.0081190866779872	40.310244946088055	138.0	31	1.05	0.95				
	302	2	45.01708321614035	9.281872828070176	0.0	0.0	3	1.008646844788572	39.999732194130495	138.0	32	1.05	0.95				
	303	1	83.53685545263158	17.171464731929824	0.0	0.0	3	1.0139036876229226	52.980207287279626	138.0	31	1.05	0.95				
	304	1	34.34292946385965	6.9614046210526315	0.0	0.0	3	0.9994326836606207	41.429388607978154	138.0	31	1.05	0.95				
	305	1	32.95064853964912	6.497310979649123	0.0	0.0	3	1.0167548261472437	39.66369861316544	138.0	31	1.05	0.95				
	306	1	63.1167352308772	12.994621959298247	0.0	-100.0	3	1.0292900256695348	38.73929516254952	138.0	32	1.05	0.95				
	307	2	58.0117051754386	11.60234103508772	0.0	0.0	3	0.9697302559449023	37.064281609952864	138.0	32	1.05	0.95				
	308	1	79.36001268	16.243277449122807	0.0	0.0	3	0.9847998005783996	39.1135230669657	138.0	32	1.05	0.95				
	309	1	81.21638724561404	16.707371090526316	0.0	0.0	3	1.0069595317429951	44.57741430110594	138.0	33	1.05	0.95				
	310	1	90.49826007368421	18.56374565614035	0.0	0.0	3	1.036834127046098	40.53643688646808	138.0	33	1.05	0.95				
	311	1	0.0	0.0	0.0	0.0	3	0.991540066585346	43.81861589400323	230.0	33	1.05	0.95				
	312	1	0.0	0.0	0.0	0.0	3	0.9991114103730407	44.104591149958075	230.0	33	1.05	0.95				
	313	2	122.98481497192984	25.061056635789473	0.0	0.0	3	0.9992959718961295	47.391409995749605	230.0	34	1.05	0.95				
	314	2	90.0341664322807	18.099652014736844	0.0	0.0	3	0.9783381963137011	42.0314549817457	230.0	36	1.05	0.95				
	315	2	147.1176843249123	29.701993049824566	0.0	0.0	3	0.9831893005396671	37.99209744667904	230.0	36	1.05	0.95				
	316	2	46.40936414035088	9.281872828070176	0.0	0.0	3	0.9753227123916645	38.337450206069704	230.0	36	1.05	0.95				
	317	1	0.0	0.0	0.0	0.0	3	0.9868683875889558	38.531280162727455	230.0	37	1.05	0.95				
	318	2	154.54318258736842	31.5583676154386	0.0	0.0	3	0.9814325989254311	34.900845209255976	230.0	37	1.05	0.95				
	319	1	84.0009490940351	17.171464731929824	0.0	0.0	3	0.9830899559044995	38.700319763145615	230.0	35	1.05	0.95				
	320	1	59.40398609964913	12.066434676491228	0.0	0.0	3	0.990588147168904	38.71634037637207	230.0	35	1.05	0.95				
	321	2	0.0	0.0	0.0	0.0	3	0.9909902425166476	36.348832970313595	230.0	37	1.05	0.95				
	322	2	0.0	0.0	0.0	0.0	3	1.0079254660614587	39.68049713957713	230.0	37	1.05	0.95				
	323	2	0.0	0.0	0.0	0.0	3	0.9940866474658784	38.47957245309293	230.0	35	1.05	0.95				
	324	1	0.0	0.0	0.0	0.0	3	0.9915162361878971	45.08821781673649	230.0	36	1.05	0.95				
	325	1	0.0	0.0	0.0	0.0	3	0.9945313283313921	36.893352673230176	230.0	35	1.05	0.95				
