%% MATPOWER Case Format : Version 2
function mpc = RTS_GMLC
mpc.version = '2';

%%-----  Power Flow Data  -----%%
%% system MVA base
mpc.baseMVA = 100.0;
%% bus data
%    bus_i    type    Pd    Qd    Gs    Bs    area    Vm    Va    baseKV    zone    Vmax    Vmin
mpc.bus = [
	101	2	57.72736269473684	11.759277585964911	0.0	0.0	1	1.0373562681080086	1.0069884542810974	138.0	11	1.05	0.95				
	102	2	51.847723901754385	10.690252350877193	0.0	0.0	1	1.034619681129283	0.25810377778192656	138.0	12	1.05	0.95				
	103	1	96.21227115789472	19.776966849122804	0.0	0.0	1	1.0316052230605746	1.7602430369307043	138.0	11	1.05	0.95				
	104	1	39.55393369824561	8.017689263157894	0.0	0.0	1	1.023168108826935	-2.140587755051347	138.0	11	1.05	0.95				
	105	1	37.950395845614025	7.483176645614035	0.0	0.0	1	1.0360524000319453	-2.632436692149914	138.0	11	1.05	0.95				
	106	1	72.69371598596491	14.96635329122807	0.0	-100.0	1	1.0426436220208886	-5.340745096792176	138.0	12	1.05	0.95				
	107	2	66.81407719298245	13.36281543859649	0.0	0.0	1	0.9983182492042638	-12.671279033425892	138.0	12	1.05	0.95				
	108	1	91.4016576	18.707941614035086	0.0	0.0	1	0.9984481559896928	-10.59319818307624	138.0	12	1.05	0.95				
	109	1	93.53970807017544	19.242454231578947	0.0	0.0	1	1.024838651221687	-3.0481928003018184	138.0	13	1.05	0.95				
	110	1	104.22996042105261	21.380504701754386	0.0	0.0	1	1.05	-4.656411227949471	138.0	13	1.05	0.95				
	111	1	0.0	0.0	0.0	0.0	1	1.010534469671304	-0.5607496223774069	230.0	13	1.05	0.95				
	112	1	0.0	0.0	0.0	0.0	1	1.0126005546881738	-1.2624045107079458	230.0	13	1.05	0.95				
	113	3	141.64584364912278	28.86368134736842	0.0	0.0	1	1.0052198354399207	-7.001916121942437e-31	230.0	14	1.05	0.95				
	114	2	103.69544780350877	20.845992084210526	0.0	0.0	1	1.015709632048712	2.3058677683525324	230.0	16	1.05	0.95				
	115	2	169.4404997614035	34.208807522807014	0.0	0.0	1	1.0409570334681315	11.365535391943803	230.0	16	1.05	0.95				
	116	2	53.45126175438596	10.690252350877193	0.0	0.0	1	1.0363623431964142	9.578663128380278	230.0	16	1.05	0.95				
	117	1	0.0	0.0	0.0	0.0	1	1.0428101118383226	14.826390940665958	230.0	17	1.05	0.95				
	118	2	177.99270164210526	36.34685799298246	0.0	0.0	1	1.0499999976575136	15.994898589953278	230.0	17	1.05	0.95				
	119	1	96.74678377543859	19.776966849122804	0.0	0.0	1	1.0262696118483798	5.9821336641011165	230.0	15	1.05	0.95				
	120	1	68.41761504561403	13.897328056140351	0.0	0.0	1	1.0235377859888295	3.363244063723991	230.0	15	1.05	0.95				
	121	2	0.0	0.0	0.0	0.0	1	1.05	17.875770668125103	230.0	17	1.05	0.95				
	122	2	0.0	0.0	0.0	0.0	1	1.05	27.153847817598418	230.0	17	1.05	0.95				
	123	2	0.0	0.0	0.0	0.0	1	1.023545434209276	2.329303440497935	230.0	15	1.05	0.95				
	124	1	0.0	0.0	0.0	0.0	1	1.0254292734008903	7.764744171784313	230.0	16	1.05	0.95				
	201	2	53.41350543157895	10.880528884210525	0.0	0.0	2	1.0119758197265503	-15.922141459427827	138.0	21	1.05	0.95				
	202	2	47.97324098947368	9.891389894736841	0.0	0.0	2	1.0111195904712673	-16.198208623526597	138.0	22	1.05	0.95				
	203	1	89.02250905263158	18.299071305263155	0.0	0.0	2	1.0141702922755031	-11.775510817628007	138.0	21	1.05	0.95				
	204	1	36.59814261052631	7.4185424210526305	0.0	0.0	2	1.0099928687529682	-15.346384793705978	138.0	21	1.05	0.95				
	205	1	35.114434126315786	6.923972926315789	0.0	0.0	2	1.0246766709402328	-15.830894228333703	138.0	21	1.05	0.95				
	206	1	67.26145128421052	13.847945852631579	0.0	-100.0	2	1.0393063330048629	-16.36853295641189	138.0	22	1.05	0.95				
	207	2	61.821186842105256	12.364237368421053	0.0	0.0	2	0.9936843678354736	-22.405230645008967	138.0	22	1.05	0.95				
	208	1	84.57138359999999	17.30993231578947	0.0	0.0	2	0.9967395444045538	-20.10698217148807	138.0	22	1.05	0.95				
	209	1	86.54966157894737	17.804501810526315	0.0	0.0	2	1.0244911999470123	-12.613002035396686	138.0	23	1.05	0.95				
	210	1	96.4410514736842	19.782779789473683	0.0	0.0	2	1.05	-14.15027970372811	138.0	23	1.05	0.95				
	211	1	0.0	0.0	0.0	0.0	2	1.0106554655147688	-9.330751152654928	230.0	23	1.05	0.95				
	212	1	0.0	0.0	0.0	0.0	2	1.014789111976913	-6.072142196798293	230.0	23	1.05	0.95				
	213	2	131.06091610526315	26.706752715789474	0.0	0.0	2	1.010977997232739	-7.060819493917835	230.0	24	1.05	0.95				
	214	2	95.94648197894736	19.288210294736842	0.0	0.0	2	1.0135598094430955	-7.200161315485239	230.0	26	1.05	0.95				
	215	2	156.77852983157894	31.652447663157897	0.0	0.0	2	1.0292040885062397	-0.7978741049268853	230.0	26	1.05	0.95				
	216	2	49.45694947368421	9.891389894736841	0.0	0.0	2	1.0300365369994744	-1.1616617542287522	230.0	26	1.05	0.95				
	217	1	0.0	0.0	0.0	0.0	2	1.0326763284334717	0.19088628835391386	230.0	27	1.05	0.95				
	218	2	164.6916417473684	33.63072564210526	0.0	0.0	2	1.031590943405995	-0.34735017010655783	230.0	27	1.05	0.95				
	219	1	89.51707854736843	18.299071305263155	0.0	0.0	2	1.0312188684434218	-1.0477280689765625	230.0	25	1.05	0.95				
	220	1	63.304895326315794	12.858806863157895	0.0	0.0	2	1.0359144868368542	0.002117454760368644	230.0	25	1.05	0.95				
	221	2	0.0	0.0	0.0	0.0	2	1.0336388667790222	0.3023000439692283	230.0	27	1.05	0.95				
	222	2	0.0	0.0	0.0	0.0	2	1.05	6.754386068037369	230.0	27	1.05	0.95				
	223	2	0.0	0.0	0.0	0.0	2	1.0396652695242996	0.9452421390374982	230.0	25	1.05	0.95				
	224	1	0.0	0.0	0.0	0.0	2	1.0100282425929492	-4.89186697968507	230.0	26	1.05	0.95				
	301	2	65.13824739789474	13.2689022477193	0.0	0.0	3	0.9897202077915868	13.598209498593624	138.0	31	1.05	0.95				
	302	2	58.50379627403509	12.062638407017545	0.0	0.0	3	0.9895392516254763	13.565126620708877	138.0	32	1.05	0.95				
	303	1	108.56374566315792	22.31588105298246	0.0	0.0	3	1.0160899993404657	16.443879639779436	138.0	31	1.05	0.95				
	304	1	44.63176210596492	9.046978805263159	0.0	0.0	3	0.998921400622927	15.631440812727218	138.0	31	1.05	0.95				
	305	1	42.82236634491228	8.443846884912283	0.0	0.0	3	1.0103997262459454	15.602547084454681	138.0	31	1.05	0.95				
	306	1	82.02594116771932	16.887693769824565	0.0	-100.0	3	1.0302401059799695	16.036350256882773	138.0	32	1.05	0.95				
	307	2	75.39149004385965	15.078298008771931	0.0	0.0	3	0.9868980099750863	12.19742427743534	138.0	32	1.05	0.95				
	308	1	103.13555838000002	21.109617212280703	0.0	0.0	3	0.9984967777709324	14.898479020046237	138.0	32	1.05	0.95				
	309	1	105.54808606140351	21.712749132631583	0.0	0.0	3	1.0280589197500087	19.76339736113504	138.0	33	1.05	0.95				
	310	1	117.61072446842107	24.12527681403509	0.0	0.0	3	1.05	19.51954361085517	138.0	33	1.05	0.95				
	311	1	0.0	0.0	0.0	0.0	3	1.0191169923245604	25.86503470931189	230.0	33	1.05	0.95				
	312	1	0.0	0.0	0.0	0.0	3	1.0249085249102001	27.035423810181467	230.0	33	1.05	0.95				
	313	2	159.82995889298246	32.56912369894737	0.0	0.0	3	1.0475895351780742	34.483548699566626	230.0	34	1.05	0.95				
	314	2	117.00759254807018	23.522144893684214	0.0	0.0	3	1.0210345223966613	24.336012420826567	230.0	36	1.05	0.95				
	315	2	191.1928187512281	38.600442902456145	0.0	0.0	3	1.0404247104929842	18.79458051862661	230.0	36	1.05	0.95				
	316	2	60.313192035087724	12.062638407017545	0.0	0.0	3	1.0415156673660608	20.284790010247022	230.0	36	1.05	0.95				
	317	1	0.0	0.0	0.0	0.0	3	1.05	20.27723174023682	230.0	37	1.05	0.95				
	318	2	200.84292947684213	41.01297058385966	0.0	0.0	3	1.0478463530507307	17.62658286421521	230.0	37	1.05	0.95				
	319	1	109.16687758350878	22.31588105298246	0.0	0.0	3	1.041479454137206	22.745440199159574	230.0	35	1.05	0.95				
	320	1	77.20088580491229	15.681429929122809	0.0	0.0	3	1.0438206679782502	24.514438355435708	230.0	35	1.05	0.95				
	321	2	0.0	0.0	0.0	0.0	3	1.0460059534028605	18.64532679370625	230.0	37	1.05	0.95				
	322	2	0.0	0.0	0.0	0.0	3	1.05	23.628025477790697	230.0	37	1.05	0.95				
	323	2	0.0	0.0	0.0	0.0	3	1.0449040541756625	25.11855647337749	230.0	35	1.05	0.95				
	324	1	0.0	0.0	0.0	0.0	3	1.0284262634336103	19.898277195303265	230.0	36	1.05	0.95				
	325	1	0.0	0.0	0.0	0.0	3	1.0468205238283133	24.508437261724023	230.0	35	1.05	0.95				
];
