%% MATPOWER Case Format : Version 2
function mpc = RTS_GMLC
mpc.version = '2';

%%-----  Power Flow Data  -----%%
%% system MVA base
mpc.baseMVA = 100.0;
%% bus data
%    bus_i    type    Pd    Qd    Gs    Bs    area    Vm    Va    baseKV    zone    Vmax    Vmin
mpc.bus = [
	101	2	41.60217713684211	8.474517564912281	0.0	0.0	1	1.0487368948780662	5.183209170473675	138.0	11	1.05	0.95				
	102	2	37.36491835438596	7.704106877192983	0.0	0.0	1	1.0477004005843606	4.889423747214279	138.0	12	1.05	0.95				
	103	1	69.33696189473683	14.252597722807018	0.0	0.0	1	1.0308975279364947	1.56667237360455	138.0	11	1.05	0.95				
	104	1	28.505195445614035	5.7780801578947365	0.0	0.0	1	1.029338891553641	1.0766919982661658	138.0	11	1.05	0.95				
	105	1	27.349579414035084	5.392874814035088	0.0	0.0	1	1.0433085689920238	1.1508682779663733	138.0	11	1.05	0.95				
	106	1	52.38792676491229	10.785749628070176	0.0	-100.0	1	1.0493831868783994	-1.5611240904491321	138.0	12	1.05	0.95				
	107	2	48.15066798245614	9.630133596491227	0.0	0.0	1	1.0009853627376606	-7.6647187669432455	138.0	12	1.05	0.95				
	108	1	65.8701138	13.482187035087717	0.0	0.0	1	1.005803053672951	-6.2524385555485775	138.0	12	1.05	0.95				
	109	1	67.4109351754386	13.867392378947368	0.0	0.0	1	1.0238633795272953	-1.225529294519181	138.0	13	1.05	0.95				
	110	1	75.11504205263158	15.408213754385965	0.0	0.0	1	1.05	-1.7941210619808168	138.0	13	1.05	0.95				
	111	1	0.0	0.0	0.0	0.0	1	1.0001866276563458	-0.19688617006860148	230.0	13	1.05	0.95				
	112	1	0.0	0.0	0.0	0.0	1	1.005271796085408	-0.29572478317971007	230.0	13	1.05	0.95				
	113	3	102.07941612280702	20.801088568421054	0.0	0.0	1	0.9897825073069414	-1.2243582326857826e-28	230.0	14	1.05	0.95				
	114	2	74.72983670877193	15.023008410526314	0.0	0.0	1	0.9940021346762744	1.0860593502926223	230.0	16	1.05	0.95				
	115	2	122.11009400350876	24.653142007017543	0.0	0.0	1	1.0297499158484946	6.04631213338767	230.0	16	1.05	0.95				
	116	2	38.52053438596491	7.704106877192983	0.0	0.0	1	1.0245774324464265	5.146996496879438	230.0	16	1.05	0.95				
	117	1	0.0	0.0	0.0	0.0	1	1.0340991791771403	8.030040838303334	230.0	17	1.05	0.95				
	118	2	128.27337950526316	26.193963382456143	0.0	0.0	1	1.0374482029762844	8.557694699952858	230.0	17	1.05	0.95				
	119	1	69.72216723859648	14.252597722807018	0.0	0.0	1	1.0154525187133363	3.403062728039111	230.0	15	1.05	0.95				
	120	1	49.306284014035086	10.015338940350878	0.0	0.0	1	1.0100852576541097	2.418251033260711	230.0	15	1.05	0.95				
	121	2	0.0	0.0	0.0	0.0	1	1.040620291633965	9.74679389587392	230.0	17	1.05	0.95				
	122	2	0.0	0.0	0.0	0.0	1	1.05	15.592748167752614	230.0	17	1.05	0.95				
	123	2	0.0	0.0	0.0	0.0	1	1.0075025377560645	2.1814370525691307	230.0	15	1.05	0.95				
	124	1	0.0	0.0	0.0	0.0	1	1.0233184246102611	4.353025225971257	230.0	16	1.05	0.95				
	201	2	43.48559736000001	8.85817724	0.0	0.0	2	1.014971270283868	-9.95437531951314	138.0	21	1.05	0.95				
	202	2	39.05650874	8.0528884	0.0	0.0	2	1.014147115703492	-10.203553085642188	138.0	22	1.05	0.95				
	203	1	72.4759956	14.89784354	0.0	0.0	2	1.013969267134018	-7.052126223660615	138.0	21	1.05	0.95				
	204	1	29.79568708	6.0396662999999995	0.0	0.0	2	1.0127794478262553	-9.67084680784362	138.0	21	1.05	0.95				
	205	1	28.58775382	5.637021880000001	0.0	0.0	2	1.0275874932278948	-10.014814304379199	138.0	21	1.05	0.95				
	206	1	54.759641120000005	11.274043760000001	0.0	-100.0	2	1.0427248756120233	-10.55588221975629	138.0	22	1.05	0.95				
	207	2	50.3305525	10.0661105	0.0	0.0	2	0.997663112181163	-15.387922705774418	138.0	22	1.05	0.95				
	208	1	68.85219581999999	14.092554699999999	0.0	0.0	2	1.0026714523464015	-13.575691377530918	138.0	22	1.05	0.95				
	209	1	70.4627735	14.495199119999999	0.0	0.0	2	1.023263275636127	-7.567566992998856	138.0	23	1.05	0.95				
	210	1	78.5156619	16.1057768	0.0	0.0	2	1.05	-8.779568079316432	138.0	23	1.05	0.95				
	211	1	0.0	0.0	0.0	0.0	2	1.0032691639277511	-5.0930551655544125	230.0	23	1.05	0.95				
	212	1	0.0	0.0	0.0	0.0	2	1.008810068610406	-2.0257102750063902	230.0	23	1.05	0.95				
	213	2	106.7007713	21.742798680000003	0.0	0.0	2	0.9983623260828616	-3.2206673433614514	230.0	24	1.05	0.95				
	214	2	78.11301748	15.703132380000001	0.0	0.0	2	1.0006324606807762	-3.5080188761036997	230.0	26	1.05	0.95				
	215	2	127.63828114	25.76924288	0.0	0.0	2	1.015499797372424	1.3918831784402943	230.0	26	1.05	0.95				
	216	2	40.264442	8.0528884	0.0	0.0	2	1.0157702247318214	1.220759723322963	230.0	26	1.05	0.95				
	217	1	0.0	0.0	0.0	0.0	2	1.020075994120577	2.233855117264269	230.0	27	1.05	0.95				
	218	2	134.08059186	27.379820560000002	0.0	0.0	2	1.0195355898965655	1.891298225119517	230.0	27	1.05	0.95				
	219	1	72.87864002	14.89784354	0.0	0.0	2	1.0155766532122692	1.2467764445833907	230.0	25	1.05	0.95				
	220	1	51.53848576	10.46875492	0.0	0.0	2	1.0180563278547592	2.0717661923088055	230.0	25	1.05	0.95				
	221	2	0.0	0.0	0.0	0.0	2	1.021754233589047	2.529617418811937	230.0	27	1.05	0.95				
	222	2	0.0	0.0	0.0	0.0	2	1.043567843154719	8.985281022314949	230.0	27	1.05	0.95				
	223	2	0.0	0.0	0.0	0.0	2	1.0201072247976735	2.838414972846145	230.0	25	1.05	0.95				
	224	1	0.0	0.0	0.0	0.0	2	1.004483122980219	-1.7976758884955861	230.0	26	1.05	0.95				
	301	2	62.74659918315789	12.781714648421053	0.0	0.0	3	1.0062966354350649	-9.601353897602946	138.0	31	1.05	0.95				
	302	2	56.35574185894736	11.619740589473684	0.0	0.0	3	1.00590933422505	-9.712298453314718	138.0	32	1.05	0.95				
	303	1	104.57766530526315	21.496520090526314	0.0	0.0	3	1.0226810983623318	-3.5539011084145717	138.0	31	1.05	0.95				
	304	1	42.99304018105263	8.714805442105263	0.0	0.0	3	1.0066684043709808	-7.641212456894838	138.0	31	1.05	0.95				
	305	1	41.25007909263157	8.13381841263158	0.0	0.0	3	1.019914911232214	-8.411539765677764	138.0	31	1.05	0.95				
	306	1	79.01423600842105	16.26763682526316	0.0	-100.0	3	1.0352634338126254	-8.39527014360658	138.0	32	1.05	0.95				
	307	2	72.62337868421052	14.524675736842104	0.0	0.0	3	0.9958163792613899	-13.619465134351431	138.0	32	1.05	0.95				
	308	1	99.34878203999999	20.334546031578945	0.0	0.0	3	0.9991506731831102	-10.92545773252541	138.0	32	1.05	0.95				
	309	1	101.67273015789473	20.91553306105263	0.0	0.0	3	1.0276847421702973	-3.5852084423912025	138.0	33	1.05	0.95				
	310	1	113.29247074736841	23.23948117894737	0.0	0.0	3	1.05	-5.3586623341557935	138.0	33	1.05	0.95				
	311	1	0.0	0.0	0.0	0.0	3	1.0125633410555321	0.762888403541813	230.0	33	1.05	0.95				
	312	1	0.0	0.0	0.0	0.0	3	1.016529854942182	1.7977353623850023	230.0	33	1.05	0.95				
	313	2	153.96156281052632	31.373299591578945	0.0	0.0	3	1.0260489537128783	6.683425690428999	230.0	34	1.05	0.95				
	314	2	112.71148371789472	22.658494149473686	0.0	0.0	3	1.0117863325795964	0.8199741162810376	230.0	36	1.05	0.95				
	315	2	184.1728883431579	37.18316988631579	0.0	0.0	3	1.0225518621031449	-0.7143482367257946	230.0	36	1.05	0.95				
	316	2	58.098702947368416	11.619740589473684	0.0	0.0	3	1.022614585669653	0.27149947579486966	230.0	36	1.05	0.95				
	317	1	0.0	0.0	0.0	0.0	3	1.0255019346485017	0.3688555972649563	230.0	37	1.05	0.95				
	318	2	193.46868081473684	39.507118004210525	0.0	0.0	3	1.0231902138578686	-0.258867379189231	230.0	37	1.05	0.95				
	319	1	105.15865233473684	21.496520090526314	0.0	0.0	3	1.022394141768032	1.8425056380630767	230.0	35	1.05	0.95				
	320	1	74.36633977263158	15.105662766315788	0.0	0.0	3	1.0246378098513544	3.1685824921250285	230.0	35	1.05	0.95				
	321	2	0.0	0.0	0.0	0.0	3	1.0250617321403173	0.14559227948322642	230.0	37	1.05	0.95				
	322	2	0.0	0.0	0.0	0.0	3	1.038594771934873	4.635961542166437	230.0	37	1.05	0.95				
	323	2	0.0	0.0	0.0	0.0	3	1.0264065839093914	3.8889063542516986	230.0	35	1.05	0.95				
	324	1	0.0	0.0	0.0	0.0	3	1.0191270096347669	-0.2404282982884073	230.0	36	1.05	0.95				
	325	1	0.0	0.0	0.0	0.0	3	1.0270335525477348	4.390188237912259	230.0	35	1.05	0.95				
];
