%% MATPOWER Case Format : Version 2
function mpc = RTS_GMLC
mpc.version = '2';

%%-----  Power Flow Data  -----%%
%% system MVA base
mpc.baseMVA = 100.0;
%% bus data
%    bus_i    type    Pd    Qd    Gs    Bs    area    Vm    Va    baseKV    zone    Vmax    Vmin
mpc.bus = [
	101	2	55.96387927578947	11.400049482105263	0.0	0.0	1	1.0492619520426762	2.919236641759862	138.0	11	1.05	0.95				
	102	2	50.26385453473684	10.363681347368422	0.0	0.0	1	1.0481510632829647	2.5870733635680154	138.0	12	1.05	0.95				
	103	1	93.2731321263158	19.17281049263158	0.0	0.0	1	1.0299657501899422	-0.11718399508615984	138.0	11	1.05	0.95				
	104	1	38.34562098526316	7.772761010526315	0.0	0.0	1	1.0285135572908792	-1.0537527787463383	138.0	11	1.05	0.95				
	105	1	36.79106878315789	7.254576943157895	0.0	0.0	1	1.0418342033924834	-1.220021712117635	138.0	11	1.05	0.95				
	106	1	70.47303316210527	14.50915388631579	0.0	-100.0	1	1.0457683776093485	-4.104641832284365	138.0	12	1.05	0.95				
	107	2	64.77300842105262	12.954601684210527	0.0	0.0	1	0.99964723522782	-11.17557614669943	138.0	12	1.05	0.95				
	108	1	88.60947551999999	18.136442357894737	0.0	0.0	1	1.0004156860385798	-9.501563085653423	138.0	12	1.05	0.95				
	109	1	90.68221178947368	18.654626425263157	0.0	0.0	1	1.024823255193992	-2.9775857894709965	138.0	13	1.05	0.95				
	110	1	101.0458931368421	20.727362694736843	0.0	0.0	1	1.05	-3.8625003942170064	138.0	13	1.05	0.95				
	111	1	0.0	0.0	0.0	0.0	1	1.0056857852219787	-1.0586017659180638	230.0	13	1.05	0.95				
	112	1	0.0	0.0	0.0	0.0	1	1.0100808527298992	-0.7713988186600379	230.0	13	1.05	0.95				
	113	3	137.31877785263157	27.981939637894737	0.0	0.0	1	1.0003289877787254	-3.47498547362922e-30	230.0	14	1.05	0.95				
	114	2	100.52770906947369	20.20917862736842	0.0	0.0	1	1.0028425938333208	0.4941015487796374	230.0	16	1.05	0.95				
	115	2	164.26434935578948	33.16378031157895	0.0	0.0	1	1.0355038413902644	6.199560814102126	230.0	16	1.05	0.95				
	116	2	51.81840673684211	10.363681347368422	0.0	0.0	1	1.0320553658170133	5.7795174109487295	230.0	16	1.05	0.95				
	117	1	0.0	0.0	0.0	0.0	1	1.0390304257641636	8.47517566741853	230.0	17	1.05	0.95				
	118	2	172.5552944336842	35.23651658105263	0.0	0.0	1	1.04175649595497	8.804435862990163	230.0	17	1.05	0.95				
	119	1	93.79131619368421	19.17281049263158	0.0	0.0	1	1.0246424519371007	4.343624278870273	230.0	15	1.05	0.95				
	120	1	66.3275606231579	13.472785751578947	0.0	0.0	1	1.021901075691482	3.8424322647449265	230.0	15	1.05	0.95				
	121	2	0.0	0.0	0.0	0.0	1	1.044868690241205	10.082140312415621	230.0	17	1.05	0.95				
	122	2	0.0	0.0	0.0	0.0	1	1.05	16.855835951515704	230.0	17	1.05	0.95				
	123	2	0.0	0.0	0.0	0.0	1	1.0213338145814597	3.9669599939934796	230.0	15	1.05	0.95				
	124	1	0.0	0.0	0.0	0.0	1	1.0249247235910626	3.8275474859092964	230.0	16	1.05	0.95				
	201	2	46.256571701052636	9.422634976140351	0.0	0.0	2	1.0215804667760042	-11.314080622406241	138.0	21	1.05	0.95				
	202	2	41.54525421298246	8.56603179649123	0.0	0.0	2	1.0217888904125725	-11.297874861168575	138.0	22	1.05	0.95				
	203	1	77.09428616842105	15.847158823508773	0.0	0.0	2	1.0167222536849214	-9.498106058719161	138.0	21	1.05	0.95				
	204	1	31.694317647017545	6.424523847368421	0.0	0.0	2	1.0159203155511674	-12.10883065683379	138.0	21	1.05	0.95				
	205	1	30.409412877543858	5.99622225754386	0.0	0.0	2	1.0306590166846437	-12.43117595228588	138.0	21	1.05	0.95				
	206	1	58.24901621614036	11.99244451508772	0.0	-100.0	2	1.0436713405962224	-13.495177588502346	138.0	22	1.05	0.95				
	207	2	53.53769872807017	10.707539745614035	0.0	0.0	2	0.9939774998967875	-19.292537152757017	138.0	22	1.05	0.95				
	208	1	73.23957186	14.990555643859649	0.0	0.0	2	0.9994590005233178	-17.352872902030313	138.0	22	1.05	0.95				
	209	1	74.95277821929824	15.41885723368421	0.0	0.0	2	1.0231165349881914	-11.002996489548975	138.0	23	1.05	0.95				
	210	1	83.51881001578947	17.13206359298246	0.0	0.0	2	1.05	-12.18408126350868	138.0	23	1.05	0.95				
	211	1	0.0	0.0	0.0	0.0	2	1.0053524398111742	-8.14792302955409	230.0	23	1.05	0.95				
	212	1	0.0	0.0	0.0	0.0	2	1.0078913346082095	-6.979900634800202	230.0	23	1.05	0.95				
	213	2	113.49992130350877	23.128285850526318	0.0	0.0	2	1.0001819013273632	-6.767620524384821	230.0	24	1.05	0.95				
	214	2	83.09050842596491	16.703762003157895	0.0	0.0	2	1.0062883510562304	-5.792822683027231	230.0	26	1.05	0.95				
	215	2	135.77160397438598	27.411301748771933	0.0	0.0	2	1.0244242811855773	0.5444501257458968	230.0	26	1.05	0.95				
	216	2	42.83015898245614	8.56603179649123	0.0	0.0	2	1.0243274692388584	0.14324032379773927	230.0	26	1.05	0.95				
	217	1	0.0	0.0	0.0	0.0	2	1.028953837546591	1.6922142073814195	230.0	27	1.05	0.95				
	218	2	142.62442941157894	29.12450810807018	0.0	0.0	2	1.0282676228659853	1.2284567684673529	230.0	27	1.05	0.95				
	219	1	77.52258775824562	15.847158823508773	0.0	0.0	2	1.0232914436741845	-0.10593833826109787	230.0	25	1.05	0.95				
	220	1	54.82260349754387	11.135841335438597	0.0	0.0	2	1.0252722442087365	0.5179391020626147	230.0	25	1.05	0.95				
	221	2	0.0	0.0	0.0	0.0	2	1.0302798766447179	1.8001341630974577	230.0	27	1.05	0.95				
	222	2	0.0	0.0	0.0	0.0	2	1.04999999929095	8.24997411162079	230.0	27	1.05	0.95				
	223	2	0.0	0.0	0.0	0.0	2	1.0270777318026039	1.189691201463095	230.0	25	1.05	0.95				
	224	1	0.0	0.0	0.0	0.0	2	1.0091918445058157	-3.2266776117231686	230.0	26	1.05	0.95				
	301	2	58.74913000421053	11.96741537122807	0.0	0.0	3	1.0027820241553482	-9.459750676725177	138.0	31	1.05	0.95				
	302	2	52.76542231859649	10.879468519298246	0.0	0.0	3	1.0025892046928024	-9.523398489015591	138.0	32	1.05	0.95				
	303	1	97.91521667368421	20.127016760701753	0.0	0.0	3	1.0144167818582244	-5.701917175065054	138.0	31	1.05	0.95				
	304	1	40.25403352140351	8.159601389473684	0.0	0.0	3	1.0047162787672457	-7.733279943374236	138.0	31	1.05	0.95				
	305	1	38.62211324350877	7.615627963508772	0.0	0.0	3	1.0183755809867319	-7.85008151211874	138.0	31	1.05	0.95				
	306	1	73.98038593122807	15.231255927017544	0.0	-100.0	3	1.0354278770600045	-7.573789497527684	138.0	32	1.05	0.95				
	307	2	67.99667824561404	13.599335649122807	0.0	0.0	3	0.99463322402682	-12.552149374997471	138.0	32	1.05	0.95				
	308	1	93.01945583999999	19.03906990877193	0.0	0.0	3	0.9998631440801905	-10.06171010027335	138.0	32	1.05	0.95				
	309	1	95.19534954385963	19.583043334736843	0.0	0.0	3	1.0250024035112226	-4.043563552026726	138.0	33	1.05	0.95				
	310	1	106.07481806315788	21.758937038596493	0.0	0.0	3	1.05	-4.500689858138789	138.0	33	1.05	0.95				
	311	1	0.0	0.0	0.0	0.0	3	1.0112187995657516	1.4319096117861905	230.0	33	1.05	0.95				
	312	1	0.0	0.0	0.0	0.0	3	1.0153818895257316	2.4431211065985554	230.0	33	1.05	0.95				
	313	2	144.15295788070176	29.374565002105264	0.0	0.0	3	1.0258641454916395	7.6882823037984656	230.0	34	1.05	0.95				
	314	2	105.53084463719298	21.21496361263158	0.0	0.0	3	1.0113986931475396	1.642225816298363	230.0	36	1.05	0.95				
	315	2	172.4395760308772	34.814299261754385	0.0	0.0	3	1.023678533546655	-0.7331810424429807	230.0	36	1.05	0.95				
	316	2	54.39734259649123	10.879468519298246	0.0	0.0	3	1.0240542239958537	0.3275497952153392	230.0	36	1.05	0.95				
	317	1	0.0	0.0	0.0	0.0	3	1.027837759475102	0.43618268917711206	230.0	37	1.05	0.95				
	318	2	181.1431508463158	36.990192965614035	0.0	0.0	3	1.025736312225975	-0.295373148100517	230.0	37	1.05	0.95				
	319	1	98.45919009964912	20.127016760701753	0.0	0.0	3	1.0243536050390718	2.3653892018974214	230.0	35	1.05	0.95				
	320	1	69.62859852350877	14.143309075087721	0.0	0.0	3	1.026440266158677	3.8373371150051927	230.0	35	1.05	0.95				
	321	2	0.0	0.0	0.0	0.0	3	1.027120254471846	0.11768887892604912	230.0	37	1.05	0.95				
	322	2	0.0	0.0	0.0	0.0	3	1.0407516091103353	4.627052377429618	230.0	37	1.05	0.95				
	323	2	0.0	0.0	0.0	0.0	3	1.0278808742703327	4.562837092317943	230.0	35	1.05	0.95				
	324	1	0.0	0.0	0.0	0.0	3	1.0153672862877337	-0.8090495747663815	230.0	36	1.05	0.95				
	325	1	0.0	0.0	0.0	0.0	3	1.0288416776382872	5.038333403879533	230.0	35	1.05	0.95				
];
