%% MATPOWER Case Format : Version 2
function mpc = RTS_GMLC
mpc.version = '2';

%%-----  Power Flow Data  -----%%
%% system MVA base
mpc.baseMVA = 100.0;
%% bus data
%    bus_i    type    Pd    Qd    Gs    Bs    area    Vm    Va    baseKV    zone    Vmax    Vmin
mpc.bus = [
	101	2	47.40029689263158	9.655616033684211	0.0	0.0	1	1.035848962425665	2.125456527429564	138.0	11	1.05	0.95				
	102	2	42.572488875789475	8.777832757894737	0.0	0.0	1	1.0354379095258346	1.9929033469319413	138.0	12	1.05	0.95				
	103	1	79.00049482105264	16.238990602105265	0.0	0.0	1	1.0289937281866461	-0.2681802015963265	138.0	11	1.05	0.95				
	104	1	32.47798120421053	6.583374568421052	0.0	0.0	1	1.0222765925212463	-1.3264643741904567	138.0	11	1.05	0.95				
	105	1	31.161306290526312	6.1444829305263164	0.0	0.0	1	1.0368675501230127	-1.077368647560176	138.0	11	1.05	0.95				
	106	1	59.68926275368421	12.288965861052633	0.0	-100.0	1	1.0456178121009632	-3.3218047856607518	138.0	12	1.05	0.95				
	107	2	54.861454736842106	10.972290947368421	0.0	0.0	1	1.0008019987354244	-7.96979220959513	138.0	12	1.05	0.95				
	108	1	75.05047008	15.361207326315787	0.0	0.0	1	1.0047117485516832	-7.074191706945443	138.0	12	1.05	0.95				
	109	1	76.80603663157895	15.800098964210527	0.0	0.0	1	1.025051929899102	-2.273212070380194	138.0	13	1.05	0.95				
	110	1	85.58386938947368	17.555665515789475	0.0	0.0	1	1.05	-2.9501990209721307	138.0	13	1.05	0.95				
	111	1	0.0	0.0	0.0	0.0	1	1.003946938444253	-0.5502928090835073	230.0	13	1.05	0.95				
	112	1	0.0	0.0	0.0	0.0	1	1.0088869862064305	0.047287294237439575	230.0	13	1.05	0.95				
	113	3	116.30628404210526	23.70014844631579	0.0	0.0	1	0.9964654650994239	9.516543460702685e-29	230.0	14	1.05	0.95				
	114	2	85.14497775157895	17.116773877894737	0.0	0.0	1	1.0003072545935126	1.1578546943361474	230.0	16	1.05	0.95				
	115	2	139.12864921263156	28.08906482526316	0.0	0.0	1	1.0389885807048074	6.256725989443962	230.0	16	1.05	0.95				
	116	2	43.889163789473685	8.777832757894737	0.0	0.0	1	1.0344533289456155	6.106375137598833	230.0	16	1.05	0.95				
	117	1	0.0	0.0	0.0	0.0	1	1.0426565932676795	7.526232281352937	230.0	17	1.05	0.95				
	118	2	146.1509154189474	29.844631376842106	0.0	0.0	1	1.0452989593728481	7.364247259502745	230.0	17	1.05	0.95				
	119	1	79.43938645894737	16.238990602105265	0.0	0.0	1	1.028239857826337	5.535882480704052	230.0	15	1.05	0.95				
	120	1	56.17812965052632	11.411182585263157	0.0	0.0	1	1.025832031039637	5.890788818993525	230.0	15	1.05	0.95				
	121	2	0.0	0.0	0.0	0.0	1	1.0499999971899905	8.211137123241878	230.0	17	1.05	0.95				
	122	2	0.0	0.0	0.0	0.0	1	1.05	14.489834080739387	230.0	17	1.05	0.95				
	123	2	0.0	0.0	0.0	0.0	1	1.0251900970326675	6.426106094591627	230.0	15	1.05	0.95				
	124	1	0.0	0.0	0.0	0.0	1	1.0265078914889774	3.819022305189304	230.0	16	1.05	0.95				
	201	2	46.069573414736844	9.384542732631578	0.0	0.0	2	1.0295425919674226	-4.758984666534349	138.0	21	1.05	0.95				
	202	2	41.37730204842105	8.531402484210526	0.0	0.0	2	1.0300602431059362	-4.668952529324669	138.0	22	1.05	0.95				
	203	1	76.78262235789474	15.783094595789473	0.0	0.0	2	1.019318851721433	-5.402449554833309	138.0	21	1.05	0.95				
	204	1	31.566189191578946	6.398551863157895	0.0	0.0	2	1.0195472007795368	-6.941263915910798	138.0	21	1.05	0.95				
	205	1	30.286478818947366	5.9719817389473695	0.0	0.0	2	1.0344209230885875	-7.000438753254617	138.0	21	1.05	0.95				
	206	1	58.01353689263158	11.943963477894739	0.0	-100.0	2	1.045233452055236	-8.654625269457444	138.0	22	1.05	0.95				
	207	2	53.321265526315784	10.664253105263159	0.0	0.0	2	0.9896368569613279	-15.11064186010115	138.0	22	1.05	0.95				
	208	1	72.94349124	14.92995434736842	0.0	0.0	2	0.9970557160829261	-13.195094412520051	138.0	22	1.05	0.95				
	209	1	74.64977173684211	15.356524471578947	0.0	0.0	2	1.0232104128084625	-7.058069255977145	138.0	23	1.05	0.95				
	210	1	83.18117422105263	17.06280496842105	0.0	0.0	2	1.05	-7.91341897086292	138.0	23	1.05	0.95				
	211	1	0.0	0.0	0.0	0.0	2	1.0044105703757453	-4.479406453434208	230.0	23	1.05	0.95				
	212	1	0.0	0.0	0.0	0.0	2	1.0090028650369052	-4.009219176167798	230.0	23	1.05	0.95				
	213	2	113.04108291578947	23.034786707368422	0.0	0.0	2	0.9975588056479272	-3.685782791410362	230.0	24	1.05	0.95				
	214	2	82.7546040968421	16.636234844210527	0.0	0.0	2	1.004450951448821	-2.045942714512603	230.0	26	1.05	0.95				
	215	2	135.22272937473682	27.300487949473684	0.0	0.0	2	1.0277412109264377	3.918610585987209	230.0	26	1.05	0.95				
	216	2	42.657012421052634	8.531402484210526	0.0	0.0	2	1.0288257452596887	3.924716666891482	230.0	26	1.05	0.95				
	217	1	0.0	0.0	0.0	0.0	2	1.0345136806265172	6.394494396114667	230.0	27	1.05	0.95				
	218	2	142.04785136210526	29.00676844631579	0.0	0.0	2	1.0359279302650184	6.8376539811071595	230.0	27	1.05	0.95				
	219	1	77.20919248210527	15.783094595789473	0.0	0.0	2	1.028544853356488	3.0300152235540945	230.0	25	1.05	0.95				
	220	1	54.60097589894737	11.090823229473685	0.0	0.0	2	1.0312191550227938	3.0825519288560495	230.0	25	1.05	0.95				
	221	2	0.0	0.0	0.0	0.0	2	1.0359821244526966	6.625671799230955	230.0	27	1.05	0.95				
	222	2	0.0	0.0	0.0	0.0	2	1.05	13.032939256149195	230.0	27	1.05	0.95				
	223	2	0.0	0.0	0.0	0.0	2	1.0332317045122346	3.4355384915500773	230.0	25	1.05	0.95				
	224	1	0.0	0.0	0.0	0.0	2	1.0130411341902996	0.42191525707752736	230.0	26	1.05	0.95				
	301	2	57.60455551578947	11.734261308771929	0.0	0.0	3	1.0139832547053025	-21.947411584651434	138.0	31	1.05	0.95				
	302	2	51.737424861403504	10.667510280701753	0.0	0.0	3	1.0125307149828169	-22.246715990095044	138.0	32	1.05	0.95				
	303	1	96.00759252631578	19.734894019298245	0.0	0.0	3	1.0464166761281926	-9.829532444253687	138.0	31	1.05	0.95				
	304	1	39.46978803859649	8.000632710526315	0.0	0.0	3	1.0101007735821361	-20.901629787996928	138.0	31	1.05	0.95				
	305	1	37.86966149649122	7.467257196491229	0.0	0.0	3	1.0252444528670783	-22.28545564161657	138.0	31	1.05	0.95				
	306	1	72.53906990877192	14.934514392982457	0.0	-100.0	3	1.038513836588226	-23.08812128628848	138.0	32	1.05	0.95				
	307	2	66.67193925438596	13.33438785087719	0.0	0.0	3	0.9905147270777322	-29.065363662480294	138.0	32	1.05	0.95				
	308	1	91.20721289999999	18.668142991228066	0.0	0.0	3	0.9932462836313501	-26.560056210179425	138.0	32	1.05	0.95				
	309	1	93.34071495614033	19.201518505263156	0.0	0.0	3	1.0255539472762807	-17.614376330921935	138.0	33	1.05	0.95				
	310	1	104.0082252368421	21.335020561403507	0.0	0.0	3	1.05	-20.91249041261142	138.0	33	1.05	0.95				
	311	1	0.0	0.0	0.0	0.0	3	1.0141070061773343	-14.835972686217568	230.0	33	1.05	0.95				
	312	1	0.0	0.0	0.0	0.0	3	1.0155045349876233	-14.250025153653688	230.0	33	1.05	0.95				
	313	2	141.34451121929823	28.802277757894736	0.0	0.0	3	1.0166350862175713	-11.611712159618815	230.0	34	1.05	0.95				
	314	2	103.47484972280701	20.80164504736842	0.0	0.0	3	1.0200437466206103	-13.189914953002146	230.0	36	1.05	0.95				
	315	2	169.08003794912278	34.13603289824561	0.0	0.0	3	1.0438527779536488	-7.92381747754429	230.0	36	1.05	0.95				
	316	2	53.33755140350876	10.667510280701753	0.0	0.0	3	1.0418816049056603	-7.65253895295551	230.0	36	1.05	0.95				
	317	1	0.0	0.0	0.0	0.0	3	1.0443977098208619	-6.038616184627709	230.0	37	1.05	0.95				
	318	2	177.6140461736842	36.26953495438596	0.0	0.0	3	1.0433201248873787	-5.926218252159165	230.0	37	1.05	0.95				
	319	1	96.54096804035088	19.734894019298245	0.0	0.0	3	1.0372113623978816	-8.646358311133962	230.0	35	1.05	0.95				
	320	1	68.27206579649122	13.86776336491228	0.0	0.0	3	1.0372790829584972	-8.497514318978338	230.0	35	1.05	0.95				
	321	2	0.0	0.0	0.0	0.0	3	1.0453380161052526	-5.742515955890882	230.0	37	1.05	0.95				
	322	2	0.0	0.0	0.0	0.0	3	1.05	-1.52677575818672	230.0	37	1.05	0.95				
	323	2	0.0	0.0	0.0	0.0	3	1.0383575451686664	-8.016136073337677	230.0	35	1.05	0.95				
	324	1	0.0	0.0	0.0	0.0	3	1.0396900649928535	-8.640641791393778	230.0	36	1.05	0.95				
	325	1	0.0	0.0	0.0	0.0	3	1.034193691301161	-6.668499270538765	230.0	35	1.05	0.95				
];
