%% MATPOWER Case Format : Version 2
function mpc = RTS_GMLC
mpc.version = '2';

%%-----  Power Flow Data  -----%%
%% system MVA base
mpc.baseMVA = 100.0;
%% bus data
%    bus_i    type    Pd    Qd    Gs    Bs    area    Vm    Va    baseKV    zone    Vmax    Vmin
mpc.bus = [
	101	2	86.11677386526316	17.542305787368417	0.0	0.0	1	1.0320881108619875	-4.66904564169089	138.0	11	1.05	0.95				
	102	2	77.34562097157894	15.947550715789472	0.0	0.0	1	1.032089427722813	-4.732616231971795	138.0	12	1.05	0.95				
	103	1	143.52795644210525	29.502968824210523	0.0	0.0	1	1.0173933057533517	-4.612200487416399	138.0	11	1.05	0.95				
	104	1	59.005937648421046	11.960663036842103	0.0	0.0	1	1.0150587391852506	-7.287134189010459	138.0	11	1.05	0.95				
	105	1	56.61380504105262	11.16328550105263	0.0	0.0	1	1.0305059738529567	-7.39204636336733	138.0	11	1.05	0.95				
	106	1	108.44334486736842	22.32657100210526	0.0	-100.0	1	1.0347915012765263	-9.640884176702999	138.0	12	1.05	0.95				
	107	2	99.67219197368419	19.93443839473684	0.0	0.0	1	1.05	-6.193351822874955	138.0	12	1.05	0.95				
	108	1	136.35155861999996	27.90821375263157	0.0	0.0	1	1.0242127407060497	-8.941296033084303	138.0	12	1.05	0.95				
	109	1	139.54106876315788	28.705591288421044	0.0	0.0	1	1.0268419537566011	-6.1457789786099735	138.0	13	1.05	0.95				
	110	1	155.48861947894736	31.895101431578944	0.0	0.0	1	1.05	-7.631155085437056	138.0	13	1.05	0.95				
	111	1	0.0	0.0	0.0	0.0	1	1.016423469205938	-2.5882643814009683	230.0	13	1.05	0.95				
	112	1	0.0	0.0	0.0	0.0	1	1.0177725573458074	-1.628798194977636	230.0	13	1.05	0.95				
	113	3	211.30504698421052	43.05838693263158	0.0	0.0	1	1.0211808965492692	-7.158879094033456e-28	230.0	14	1.05	0.95				
	114	2	154.69124194315788	31.09772389578947	0.0	0.0	1	1.0210036900486015	-0.5475743595997492	230.0	16	1.05	0.95				
	115	2	252.76867884526314	51.03216229052631	0.0	0.0	1	1.044396559873697	7.539189611375832	230.0	16	1.05	0.95				
	116	2	79.73775357894736	15.947550715789472	0.0	0.0	1	1.0444178201169856	7.167539565687483	230.0	16	1.05	0.95				
	117	1	0.0	0.0	0.0	0.0	1	1.0473963571806268	10.432728875822063	230.0	17	1.05	0.95				
	118	2	265.5267194178947	54.22167243368421	0.0	0.0	1	1.0496444792887938	11.054013804174609	230.0	17	1.05	0.95				
	119	1	144.3253339778947	29.502968824210523	0.0	0.0	1	1.0389763515214416	5.879624819318784	230.0	15	1.05	0.95				
	120	1	102.06432458105262	20.731815930526313	0.0	0.0	1	1.0415275585340191	6.2607911779067065	230.0	15	1.05	0.95				
	121	2	0.0	0.0	0.0	0.0	1	1.05	11.87242613091576	230.0	17	1.05	0.95				
	122	2	0.0	0.0	0.0	0.0	1	1.05	19.045126373197004	230.0	17	1.05	0.95				
	123	2	0.0	0.0	0.0	0.0	1	1.0452696572516018	7.05416568252328	230.0	15	1.05	0.95				
	124	1	0.0	0.0	0.0	0.0	1	1.0190167410224202	3.055593350322087	230.0	16	1.05	0.95				
	201	2	90.5411616631579	18.443569968421052	0.0	0.0	2	1.05	-12.520826095816021	138.0	21	1.05	0.95				
	202	2	81.31937667894736	16.766881789473686	0.0	0.0	2	1.05	-12.551004433089393	138.0	22	1.05	0.95				
	203	1	150.90193610526316	31.018731310526316	0.0	0.0	2	1.0265724663407338	-9.622840387498496	138.0	21	1.05	0.95				
	204	1	62.03746262105263	12.575161342105263	0.0	0.0	2	1.0215596730038405	-14.438432395146679	138.0	21	1.05	0.95				
	205	1	59.522430352631574	11.73681725263158	0.0	0.0	2	1.0390202398482684	-14.861223791154526	138.0	21	1.05	0.95				
	206	1	114.01479616842106	23.47363450526316	0.0	-100.0	2	1.037727964003328	-16.944107317551282	138.0	22	1.05	0.95				
	207	2	104.79301118421054	20.958602236842104	0.0	0.0	2	0.95	-28.232506329289787	138.0	22	1.05	0.95				
	208	1	143.35683930000002	29.342043131578944	0.0	0.0	2	0.9552130434123667	-24.666208681611515	138.0	22	1.05	0.95				
	209	1	146.71021565789474	30.18038722105263	0.0	0.0	2	1.0251600310549613	-12.629222384926631	138.0	23	1.05	0.95				
	210	1	163.47709744736844	33.53376357894737	0.0	0.0	2	1.0494229994915818	-14.643803821456913	138.0	23	1.05	0.95				
	211	1	0.0	0.0	0.0	0.0	2	1.031509526783593	-7.142421683229997	230.0	23	1.05	0.95				
	212	1	0.0	0.0	0.0	0.0	2	1.0227317605533612	-5.730241180285967	230.0	23	1.05	0.95				
	213	2	222.1611837105263	45.27058083157895	0.0	0.0	2	1.05	-2.5801134554716794	230.0	24	1.05	0.95				
	214	2	162.63875335789473	32.695419489473686	0.0	0.0	2	1.05	-4.933721849591927	230.0	26	1.05	0.95				
	215	2	265.7550763631579	53.65402172631579	0.0	0.0	2	1.0452171028750221	3.457287723380973	230.0	26	1.05	0.95				
	216	2	83.83440894736842	16.766881789473686	0.0	0.0	2	1.04932311065717	3.3782538191626386	230.0	26	1.05	0.95				
	217	1	0.0	0.0	0.0	0.0	2	1.0497036404879199	6.498698185333389	230.0	27	1.05	0.95				
	218	2	279.1685817947369	57.00739808421053	0.0	0.0	2	1.05	7.142055747250151	230.0	27	1.05	0.95				
	219	1	151.74028019473684	31.018731310526316	0.0	0.0	2	1.0433393578651016	2.9994703576251407	230.0	25	1.05	0.95				
	220	1	107.30804345263158	21.79694632631579	0.0	0.0	2	1.0457742370802172	4.236066944437004	230.0	25	1.05	0.95				
	221	2	0.0	0.0	0.0	0.0	2	1.05	7.641018080946773	230.0	27	1.05	0.95				
	222	2	0.0	0.0	0.0	0.0	2	1.05	13.704811607355811	230.0	27	1.05	0.95				
	223	2	0.0	0.0	0.0	0.0	2	1.05	5.52187841958493	230.0	25	1.05	0.95				
	224	1	0.0	0.0	0.0	0.0	2	1.02164253066168	-1.4088706679327792	230.0	26	1.05	0.95				
	301	2	82.99019296421054	16.90540967789474	0.0	0.0	3	1.023001788133814	-13.492361732898695	138.0	31	1.05	0.95				
	302	2	74.53748812526317	15.368554252631583	0.0	0.0	3	1.0204807887871894	-14.06263403234267	138.0	32	1.05	0.95				
	303	1	138.31698827368425	28.431825367368425	0.0	0.0	3	1.0483996516071918	-0.14560057951099253	138.0	31	1.05	0.95				
	304	1	56.86365073473685	11.526415689473685	0.0	0.0	3	1.0098531502573609	-12.863509960744077	138.0	31	1.05	0.95				
	305	1	54.5583675968421	10.757987976842108	0.0	0.0	3	1.0265430916740315	-14.418857193583348	138.0	31	1.05	0.95				
	306	1	104.50616891789475	21.515975953684215	0.0	-100.0	3	1.0334091928409723	-15.790649142187247	138.0	32	1.05	0.95				
	307	2	96.05346407894739	19.210692815789475	0.0	0.0	3	1.0065784410298166	-17.59976197513196	138.0	32	1.05	0.95				
	308	1	131.40113886000003	26.894969942105263	0.0	0.0	3	0.9977156229228862	-17.166273591838372	138.0	32	1.05	0.95				
	309	1	134.4748497105263	27.663397654736844	0.0	0.0	3	1.0278017942340008	-8.745354326422667	138.0	33	1.05	0.95				
	310	1	149.84340396315793	30.737108505263166	0.0	0.0	3	1.05	-12.903377550889802	138.0	33	1.05	0.95				
	311	1	0.0	0.0	0.0	0.0	3	1.023824323309117	-6.0495924521687225	230.0	33	1.05	0.95				
	312	1	0.0	0.0	0.0	0.0	3	1.0218440226180059	-4.558765537438912	230.0	33	1.05	0.95				
	313	2	203.63334384736845	41.49509648210527	0.0	0.0	3	1.0346534239668066	-1.8512536263938368	230.0	34	1.05	0.95				
	314	2	149.07497625052633	29.968680792631584	0.0	0.0	3	1.0333289716608898	-5.025824672196481	230.0	36	1.05	0.95				
	315	2	243.59158490421055	49.17937360842106	0.0	0.0	3	1.05	1.7097677762426973	230.0	36	1.05	0.95				
	316	2	76.8427712631579	15.368554252631583	0.0	0.0	3	1.0473404324307165	1.1227477334126028	230.0	36	1.05	0.95				
	317	1	0.0	0.0	0.0	0.0	3	1.0489789541753636	3.5816521383676396	230.0	37	1.05	0.95				
	318	2	255.88642830631585	52.25308445894738	0.0	0.0	3	1.047837052149801	3.4488857234675763	230.0	37	1.05	0.95				
	319	1	139.0854159863158	28.431825367368425	0.0	0.0	3	1.0427589749504798	1.2101330416532672	230.0	35	1.05	0.95				
	320	1	98.35874721684212	19.979120528421056	0.0	0.0	3	1.0456827331187413	2.724877118085767	230.0	35	1.05	0.95				
	321	2	0.0	0.0	0.0	0.0	3	1.05	4.802401327742776	230.0	37	1.05	0.95				
	322	2	0.0	0.0	0.0	0.0	3	1.05	10.09908444988995	230.0	37	1.05	0.95				
	323	2	0.0	0.0	0.0	0.0	3	1.05	4.112333221211458	230.0	35	1.05	0.95				
	324	1	0.0	0.0	0.0	0.0	3	1.0442620650612542	1.0197858693808928	230.0	36	1.05	0.95				
	325	1	0.0	0.0	0.0	0.0	3	1.0487925255480328	4.7567021700080785	230.0	35	1.05	0.95				
];

%% generator data
%    bus    Pg    Qg    Qmax    Qmin    Vg    mBase    status    Pmax    Pmin    Pc1    Pc2    Qc1min    Qc1max    Qc2min    Qc2max    ramp_agc    ramp_10    ramp_30    ramp_q    apf
