%% MATPOWER Case Format : Version 2
function mpc = RTS_GMLC
mpc.version = '2';

%%-----  Power Flow Data  -----%%
%% system MVA base
mpc.baseMVA = 100.0;
%% bus data
%    bus_i    type    Pd    Qd    Gs    Bs    area    Vm    Va    baseKV    zone    Vmax    Vmin
mpc.bus = [
	101	2	47.19990103578947	9.614794655438597	0.0	0.0	1	1.0321166681307834	2.6719696105264275	138.0	11	1.05	0.95				
	102	2	42.39250370807018	8.740722414035089	0.0	0.0	1	1.0317145519869382	2.5554232541148996	138.0	12	1.05	0.95				
	103	1	78.6665017263158	16.170336465964912	0.0	0.0	1	1.0276755343278294	-0.31378681674915404	138.0	11	1.05	0.95				
	104	1	32.340672931929824	6.555541810526316	0.0	0.0	1	1.020908036045034	-0.7714854195284956	138.0	11	1.05	0.95				
	105	1	31.029564569824565	6.118505689824563	0.0	0.0	1	1.0350329130659868	-0.4710823907208422	138.0	11	1.05	0.95				
	106	1	59.436912415438606	12.237011379649125	0.0	-100.0	1	1.0448036585713174	-2.673856944121551	138.0	12	1.05	0.95				
	107	2	54.629515087719305	10.92590301754386	0.0	0.0	1	1.016104668706694	-3.5569325713169073	138.0	12	1.05	0.95				
	108	1	74.73317664	15.296264224561403	0.0	0.0	1	1.0147952508376743	-4.281555845359874	138.0	12	1.05	0.95				
	109	1	76.48132112280702	15.733300345263157	0.0	0.0	1	1.0255735009992137	-1.7191907823403672	138.0	13	1.05	0.95				
	110	1	85.22204353684211	17.481444828070178	0.0	0.0	1	1.05	-2.2749880541129195	138.0	13	1.05	0.95				
	111	1	0.0	0.0	0.0	0.0	1	1.0036356834097497	-0.437619028228387	230.0	13	1.05	0.95				
	112	1	0.0	0.0	0.0	0.0	1	1.00906079356233	0.31060137770703466	230.0	13	1.05	0.95				
	113	3	115.81457198596492	23.599950517894737	0.0	0.0	1	0.9949772536115556	4.624436085085332e-30	230.0	14	1.05	0.95				
	114	2	84.78500741614036	17.044408707368422	0.0	0.0	1	0.9991131920673992	0.8646478854759656	230.0	16	1.05	0.95				
	115	2	138.54045026245615	27.970311724912282	0.0	0.0	1	1.0385834202988788	5.172901286982048	230.0	16	1.05	0.95				
	116	2	43.70361207017544	8.740722414035089	0.0	0.0	1	1.0338993720725935	5.238391470344604	230.0	16	1.05	0.95				
	117	1	0.0	0.0	0.0	0.0	1	1.0428778250516495	6.326096689995489	230.0	17	1.05	0.95				
	118	2	145.5330281936842	29.718456207719303	0.0	0.0	1	1.0457713082586355	6.01046290862071	230.0	17	1.05	0.95				
	119	1	79.10353784701755	16.170336465964912	0.0	0.0	1	1.0282213062149357	5.027291239163859	230.0	15	1.05	0.95				
	120	1	55.940623449824564	11.362939138245615	0.0	0.0	1	1.0262384176591062	5.693546475223773	230.0	15	1.05	0.95				
	121	2	0.0	0.0	0.0	0.0	1	1.05	6.219770516111625	230.0	17	1.05	0.95				
	122	2	0.0	0.0	0.0	0.0	1	1.05	13.105477264324403	230.0	17	1.05	0.95				
	123	2	0.0	0.0	0.0	0.0	1	1.025915248653264	6.398680975606335	230.0	15	1.05	0.95				
	124	1	0.0	0.0	0.0	0.0	1	1.026705229522203	3.129384117696763	230.0	16	1.05	0.95				
	201	2	48.874547444210535	9.95592633122807	0.0	0.0	2	1.0276400298502488	-5.924374635146176	138.0	21	1.05	0.95				
	202	2	43.89658427859649	9.050842119298247	0.0	0.0	2	1.027884971426595	-5.911667244591402	138.0	22	1.05	0.95				
	203	1	81.45757907368423	16.744057920701756	0.0	0.0	2	1.0224544817885954	-5.347139359538821	138.0	21	1.05	0.95				
	204	1	33.48811584140351	6.788131589473685	0.0	0.0	2	1.0181603068954275	-8.40144166753389	138.0	21	1.05	0.95				
	205	1	32.13048952350878	6.335589483508773	0.0	0.0	2	1.0328953714769464	-8.555398369509248	138.0	21	1.05	0.95				
	206	1	61.54572641122809	12.671178967017546	0.0	-100.0	2	1.0437587847173824	-10.457361396737179	138.0	22	1.05	0.95				
	207	2	56.567763245614046	11.313552649122808	0.0	0.0	2	0.9853172394300074	-17.296699867957958	138.0	22	1.05	0.95				
	208	1	77.38470012	15.838973708771931	0.0	0.0	2	0.9935272645359934	-15.25234088939206	138.0	22	1.05	0.95				
	209	1	79.19486854385967	16.291515814736844	0.0	0.0	2	1.0235366312379766	-8.586547769971196	138.0	23	1.05	0.95				
	210	1	88.24571066315791	18.101684238596494	0.0	0.0	2	1.05	-9.775697741977256	138.0	23	1.05	0.95				
	211	1	0.0	0.0	0.0	0.0	2	1.0070234349153369	-6.214441441025132	230.0	23	1.05	0.95				
	212	1	0.0	0.0	0.0	0.0	2	1.0137616469218307	-6.010683519811291	230.0	23	1.05	0.95				
	213	2	119.92365808070178	24.437273722105267	0.0	0.0	2	1.0022956108200656	-5.773168525011524	230.0	24	1.05	0.95				
	214	2	87.79316855719298	17.64914213263158	0.0	0.0	2	1.0076953711420413	-3.5354661968543053	230.0	26	1.05	0.95				
	215	2	143.45584759087723	28.96269478175439	0.0	0.0	2	1.031058192452208	3.255827702377816	230.0	26	1.05	0.95				
	216	2	45.254210596491234	9.050842119298247	0.0	0.0	2	1.0342517432242508	2.906102555836165	230.0	26	1.05	0.95				
	217	1	0.0	0.0	0.0	0.0	2	1.0381620913489062	5.937487071206519	230.0	27	1.05	0.95				
	218	2	150.6965212863158	30.772863205614044	0.0	0.0	2	1.0401075607280692	6.601544597245071	230.0	27	1.05	0.95				
	219	1	81.91012117964914	16.744057920701756	0.0	0.0	2	1.0363964337581653	1.277306553595661	230.0	25	1.05	0.95				
	220	1	57.92538956350878	11.766094755087721	0.0	0.0	2	1.0417851919928323	0.7354582217574637	230.0	25	1.05	0.95				
	221	2	0.0	0.0	0.0	0.0	2	1.0394780717481247	6.23611669003868	230.0	27	1.05	0.95				
	222	2	0.0	0.0	0.0	0.0	2	1.05	12.620524941001042	230.0	27	1.05	0.95				
	223	2	0.0	0.0	0.0	0.0	2	1.0453167067367832	0.7747479589386819	230.0	25	1.05	0.95				
	224	1	0.0	0.0	0.0	0.0	2	1.0170557609660822	0.030319161445914643	230.0	26	1.05	0.95				
	301	2	67.3590636	13.721290733333333	0.0	0.0	3	1.0081887307529533	-42.43370884815326	138.0	31	1.05	0.95				
	302	2	60.498418233333325	12.473900666666667	0.0	0.0	3	1.0075419132650596	-42.5811947328302	138.0	32	1.05	0.95				
	303	1	112.26510599999999	23.076716233333332	0.0	0.0	3	1.0181858884353592	-34.65332688168501	138.0	31	1.05	0.95				
	304	1	46.153432466666665	9.355425499999999	0.0	0.0	3	1.006004191121157	-40.37096379310402	138.0	31	1.05	0.95				
	305	1	44.28234736666666	8.731730466666669	0.0	0.0	3	1.020313283107866	-41.37315130502948	138.0	31	1.05	0.95				
	306	1	84.82252453333334	17.463460933333337	0.0	-100.0	3	1.0344023966846556	-41.466564760233844	138.0	32	1.05	0.95				
	307	2	77.96187916666666	15.592375833333334	0.0	0.0	3	1.0061666564435414	-42.98880419930694	138.0	32	1.05	0.95				
	308	1	106.65185069999998	21.829326166666664	0.0	0.0	3	1.0024613164181086	-42.48967199010156	138.0	32	1.05	0.95				
	309	1	109.14663083333333	22.4530212	0.0	0.0	3	1.0271227812789978	-36.02341514412002	138.0	33	1.05	0.95				
	310	1	121.62053149999998	24.947801333333334	0.0	0.0	3	1.05	-38.31173177737306	138.0	33	1.05	0.95				
	311	1	0.0	0.0	0.0	0.0	3	1.0201824999709397	-30.797773561588507	230.0	33	1.05	0.95				
	312	1	0.0	0.0	0.0	0.0	3	1.0176439451698513	-30.06344669453382	230.0	33	1.05	0.95				
	313	2	165.27918383333332	33.6795318	0.0	0.0	3	1.029132223333107	-27.003388475191947	230.0	34	1.05	0.95				
	314	2	120.99683646666665	24.3241063	0.0	0.0	3	1.0336566318833806	-27.849164336711965	230.0	36	1.05	0.95				
	315	2	197.71132556666666	39.91648213333333	0.0	0.0	3	1.0488392469246792	-20.307017732490266	230.0	36	1.05	0.95				
	316	2	62.369503333333334	12.473900666666667	0.0	0.0	3	1.049410964281643	-19.920914826750383	230.0	36	1.05	0.95				
	317	1	0.0	0.0	0.0	0.0	3	1.0496230757282023	-16.79097791210382	230.0	37	1.05	0.95				
	318	2	207.69044609999997	42.41126226666667	0.0	0.0	3	1.049911413711267	-15.956712575787074	230.0	37	1.05	0.95				
	319	1	112.88880103333334	23.076716233333332	0.0	0.0	3	1.0456614306442074	-20.994542985962	230.0	35	1.05	0.95				
	320	1	79.83296426666666	16.21607086666667	0.0	0.0	3	1.0475278047933565	-20.76382475299838	230.0	35	1.05	0.95				
	321	2	0.0	0.0	0.0	0.0	3	1.05	-15.76983893718361	230.0	37	1.05	0.95				
	322	2	0.0	0.0	0.0	0.0	3	1.05	-10.394433831498972	230.0	37	1.05	0.95				
	323	2	0.0	0.0	0.0	0.0	3	1.05	-20.182058389158634	230.0	35	1.05	0.95				
	324	1	0.0	0.0	0.0	0.0	3	1.0188878232891294	-25.588569371924873	230.0	36	1.05	0.95				
	325	1	0.0	0.0	0.0	0.0	3	1.037956821106167	-18.07711238591001	230.0	35	1.05	0.95				
];
