%% MATPOWER Case Format : Version 2
function mpc = RTS_GMLC
mpc.version = '2';

%%-----  Power Flow Data  -----%%
%% system MVA base
mpc.baseMVA = 100.0;
%% bus data
%    bus_i    type    Pd    Qd    Gs    Bs    area    Vm    Va    baseKV    zone    Vmax    Vmin
mpc.bus = [
	101	2	48.5225136	9.884215733333333	0.0	0.0	1	1.0470098921574638	4.427472917772688	138.0	11	1.05	0.95				
	102	2	43.580405733333336	8.985650666666666	0.0	0.0	1	1.0459506936226624	4.123546232820691	138.0	12	1.05	0.95				
	103	1	80.870856	16.623453733333335	0.0	0.0	1	1.029384012078696	1.0305697039672075	138.0	11	1.05	0.95				
	104	1	33.24690746666667	6.739238	0.0	0.0	1	1.028114168256846	0.4741281576157131	138.0	11	1.05	0.95				
	105	1	31.89905986666667	6.289955466666668	0.0	0.0	1	1.041702141977973	0.4446315447720591	138.0	11	1.05	0.95				
	106	1	61.10242453333334	12.579910933333336	0.0	-100.0	1	1.0472714276918413	-2.2898917218874133	138.0	12	1.05	0.95				
	107	2	56.16031666666667	11.232063333333334	0.0	0.0	1	0.9998760104142622	-8.37117308449577	138.0	12	1.05	0.95				
	108	1	76.8273132	15.724888666666667	0.0	0.0	1	1.003220014022512	-7.026592511994212	138.0	12	1.05	0.95				
	109	1	78.62444333333333	16.1741712	0.0	0.0	1	1.0244000348706457	-1.5488126752198486	138.0	13	1.05	0.95				
	110	1	87.610094	17.971301333333333	0.0	0.0	1	1.05	-2.241477248813295	138.0	13	1.05	0.95				
	111	1	0.0	0.0	0.0	0.0	1	1.0031477558137263	-0.14603120926302798	230.0	13	1.05	0.95				
	112	1	0.0	0.0	0.0	0.0	1	1.0079489769435692	0.18782106459402484	230.0	13	1.05	0.95				
	113	3	119.05987133333333	24.2612568	0.0	0.0	1	0.9944217905099622	-8.442370581808731e-30	230.0	14	1.05	0.95				
	114	2	87.16081146666667	17.5220188	0.0	0.0	1	0.999352069647201	1.602471513174577	230.0	16	1.05	0.95				
	115	2	142.42256306666667	28.754082133333338	0.0	0.0	1	1.0337379049869462	7.012591671739338	230.0	16	1.05	0.95				
	116	2	44.92825333333334	8.985650666666666	0.0	0.0	1	1.030077914447043	6.710901822216844	230.0	16	1.05	0.95				
	117	1	0.0	0.0	0.0	0.0	1	1.0376725512543474	9.092667858205404	230.0	17	1.05	0.95				
	118	2	149.61108360000003	30.55121226666667	0.0	0.0	1	1.0403289303732612	9.248796081753401	230.0	17	1.05	0.95				
	119	1	81.32013853333333	16.623453733333335	0.0	0.0	1	1.0233781054718363	5.547814930368037	230.0	15	1.05	0.95				
	120	1	57.508164266666675	11.681345866666668	0.0	0.0	1	1.0206971103086757	5.328702778257842	230.0	15	1.05	0.95				
	121	2	0.0	0.0	0.0	0.0	1	1.043743174513084	10.376616327325964	230.0	17	1.05	0.95				
	122	2	0.0	0.0	0.0	0.0	1	1.05	17.494893321698356	230.0	17	1.05	0.95				
	123	2	0.0	0.0	0.0	0.0	1	1.01986437129611	5.558164885269903	230.0	15	1.05	0.95				
	124	1	0.0	0.0	0.0	0.0	1	1.0239262090101409	4.763882347600161	230.0	16	1.05	0.95				
	201	2	41.51361562105264	8.456477256140351	0.0	0.0	2	1.0212175352529156	-8.075955798979171	138.0	21	1.05	0.95				
	202	2	37.28537699298246	7.687706596491228	0.0	0.0	2	1.0213584144613228	-8.068267376774903	138.0	22	1.05	0.95				
	203	1	69.18935936842105	14.222257203508773	0.0	0.0	2	1.016768387181624	-6.789397703093368	138.0	21	1.05	0.95				
	204	1	28.444514407017547	5.765779947368421	0.0	0.0	2	1.0164856421530757	-8.91813215977613	138.0	21	1.05	0.95				
	205	1	27.291358417543858	5.38139461754386	0.0	0.0	2	1.0310829152761076	-9.174704744222911	138.0	21	1.05	0.95				
	206	1	52.27640485614036	10.76278923508772	0.0	-100.0	2	1.0448162444791036	-10.19717450375562	138.0	22	1.05	0.95				
	207	2	48.04816622807018	9.609633245614035	0.0	0.0	2	0.9950075627231517	-15.364071592310646	138.0	22	1.05	0.95				
	208	1	65.7298914	13.45348654385965	0.0	0.0	2	1.001797449125793	-13.658412072958363	138.0	22	1.05	0.95				
	209	1	67.26743271929824	13.83787187368421	0.0	0.0	2	1.0228930692046576	-8.020982439600662	138.0	23	1.05	0.95				
	210	1	74.95513931578948	15.375413192982457	0.0	0.0	2	1.05	-9.047103911541297	138.0	23	1.05	0.95				
	211	1	0.0	0.0	0.0	0.0	2	1.0026286342189636	-5.4935936500881155	230.0	23	1.05	0.95				
	212	1	0.0	0.0	0.0	0.0	2	1.006439931451077	-4.381448097433655	230.0	23	1.05	0.95				
	213	2	101.86211240350877	20.75680781052632	0.0	0.0	2	0.9957853199938196	-4.239308623586635	230.0	24	1.05	0.95				
	214	2	74.57075398596491	14.991027863157896	0.0	0.0	2	1.001066371389771	-3.407023599468507	230.0	26	1.05	0.95				
	215	2	121.85014955438595	24.60066110877193	0.0	0.0	2	1.0202672669235273	1.9752221694084224	230.0	26	1.05	0.95				
	216	2	38.43853298245614	7.687706596491228	0.0	0.0	2	1.020514535359397	1.8645699573865926	230.0	26	1.05	0.95				
	217	1	0.0	0.0	0.0	0.0	2	1.0262031113022203	3.390636670988986	230.0	27	1.05	0.95				
	218	2	128.00031483157898	26.13820242807018	0.0	0.0	2	1.0255462656377095	2.9365890720869032	230.0	27	1.05	0.95				
	219	1	69.57374469824562	14.222257203508773	0.0	0.0	2	1.019862663257694	1.7033232526507935	230.0	25	1.05	0.95				
	220	1	49.20132221754386	9.994018575438597	0.0	0.0	2	1.021674867823234	2.3241734350657115	230.0	25	1.05	0.95				
	221	2	0.0	0.0	0.0	0.0	2	1.027384235708614	3.4191376224029417	230.0	27	1.05	0.95				
	222	2	0.0	0.0	0.0	0.0	2	1.0492902175658565	9.906915388325142	230.0	27	1.05	0.95				
	223	2	0.0	0.0	0.0	0.0	2	1.0231863508694266	2.963859748593692	230.0	25	1.05	0.95				
	224	1	0.0	0.0	0.0	0.0	2	1.0081157270172234	-1.3288476536025025	230.0	26	1.05	0.95				
	301	2	51.47168616	10.484973106666667	0.0	0.0	3	1.008540625512617	-13.002122166390254	138.0	31	1.05	0.95				
	302	2	46.22919960666666	9.531793733333332	0.0	0.0	3	1.008129080881073	-13.106332938762609	138.0	32	1.05	0.95				
	303	1	85.7861436	17.633818406666666	0.0	0.0	3	1.0207353916397792	-7.857244213911267	138.0	31	1.05	0.95				
	304	1	35.26763681333333	7.1488453	0.0	0.0	3	1.008876323056469	-11.584842093364353	138.0	31	1.05	0.95				
	305	1	33.83786775333333	6.672255613333333	0.0	0.0	3	1.0228156797128347	-12.058506218770871	138.0	31	1.05	0.95				
	306	1	64.81619738666666	13.344511226666667	0.0	-100.0	3	1.0390014327942694	-12.089299367679128	138.0	32	1.05	0.95				
	307	2	59.57371083333333	11.914742166666665	0.0	0.0	3	0.9956666861475277	-17.306670591185203	138.0	32	1.05	0.95				
	308	1	81.49683642	16.680639033333332	0.0	0.0	3	0.9996855338708833	-15.119848126152348	138.0	32	1.05	0.95				
	309	1	83.40319516666665	17.15722872	0.0	0.0	3	1.024927542692316	-8.385240287077977	138.0	33	1.05	0.95				
	310	1	92.9349889	19.063587466666664	0.0	0.0	3	1.05	-9.583872995614518	138.0	33	1.05	0.95				
	311	1	0.0	0.0	0.0	0.0	3	1.0072907148132029	-4.022311662491075	230.0	33	1.05	0.95				
	312	1	0.0	0.0	0.0	0.0	3	1.010803545520924	-3.5171629582216655	230.0	33	1.05	0.95				
	313	2	126.29626696666665	25.73584308	0.0	0.0	3	1.0113884338456267	-0.01827645869567318	230.0	34	1.05	0.95				
	314	2	92.45839921333332	18.58699778	0.0	0.0	3	1.0073742509841246	-2.472954104639332	230.0	36	1.05	0.95				
	315	2	151.0789306733333	30.501739946666667	0.0	0.0	3	1.0226064482153314	-1.7493864909606922	230.0	36	1.05	0.95				
	316	2	47.65896866666666	9.531793733333332	0.0	0.0	3	1.0223411411540482	-0.8427060710165907	230.0	36	1.05	0.95				
	317	1	0.0	0.0	0.0	0.0	3	1.026201121407649	-0.3468536638264592	230.0	37	1.05	0.95				
	318	2	158.70436565999998	32.40809869333333	0.0	0.0	3	1.0243918374569052	-0.8014007278282468	230.0	37	1.05	0.95				
	319	1	86.26273328666666	17.633818406666666	0.0	0.0	3	1.021713785790667	-0.08142017381641305	230.0	35	1.05	0.95				
	320	1	61.003479893333335	12.391331853333334	0.0	0.0	3	1.0220091132608604	0.36464865047662437	230.0	35	1.05	0.95				
	321	2	0.0	0.0	0.0	0.0	3	1.0258908263965334	-0.5685775980649103	230.0	37	1.05	0.95				
	322	2	0.0	0.0	0.0	0.0	3	1.0393560080644249	3.914689531926062	230.0	37	1.05	0.95				
	323	2	0.0	0.0	0.0	0.0	3	1.0225559926272316	0.7785829494222144	230.0	35	1.05	0.95				
	324	1	0.0	0.0	0.0	0.0	3	1.0156671034211986	-2.662804837240965	230.0	36	1.05	0.95				
	325	1	0.0	0.0	0.0	0.0	3	1.022416484228909	1.5998620995153292	230.0	35	1.05	0.95				
];
