%% MATPOWER Case Format : Version 2
function mpc = RTS_GMLC
mpc.version = '2';

%%-----  Power Flow Data  -----%%
%% system MVA base
mpc.baseMVA = 100.0;
%% bus data
%    bus_i    type    Pd    Qd    Gs    Bs    area    Vm    Va    baseKV    zone    Vmax    Vmin
mpc.bus = [
	101	2	37.353785256	7.609104404	0.0	0.0	1	1.0425939208198058	5.147140107203018	138.0	11	1.05	0.95				
	102	2	33.54923305399999	6.917367639999999	0.0	0.0	1	1.0416508583999138	4.884448905408483	138.0	12	1.05	0.95				
	103	1	62.25630876	12.797130133999998	0.0	0.0	1	1.0297025513812725	1.7174408171489828	138.0	11	1.05	0.95				
	104	1	25.594260267999996	5.18802573	0.0	0.0	1	1.0269516118810187	1.2635915181071242	138.0	11	1.05	0.95				
	105	1	24.556655121999995	4.842157348	0.0	0.0	1	1.0410140256635576	1.4440823913960794	138.0	11	1.05	0.95				
	106	1	47.038099952	9.684314696	0.0	-100.0	1	1.049288154390166	-1.0411714500822877	138.0	12	1.05	0.95				
	107	2	43.23354774999999	8.646709549999999	0.0	0.0	1	1.0012973292557792	-6.909597259006271	138.0	12	1.05	0.95				
	108	1	59.143493322	12.105393369999998	0.0	0.0	1	1.0072646585530205	-5.483031082732149	138.0	12	1.05	0.95				
	109	1	60.526966849999994	12.451261751999997	0.0	0.0	1	1.023896228961469	-0.771147217623002	138.0	13	1.05	0.95				
	110	1	67.44433448999999	13.834735279999999	0.0	0.0	1	1.05	-1.2583449435676093	138.0	13	1.05	0.95				
	111	1	0.0	0.0	0.0	0.0	1	0.9998092620946027	0.26087760734411736	230.0	13	1.05	0.95				
	112	1	0.0	0.0	0.0	0.0	1	1.004697054669082	0.12774640256849626	230.0	13	1.05	0.95				
	113	3	91.65512122999999	18.676892628	0.0	0.0	1	0.9876980848600695	3.044841460826941e-28	230.0	14	1.05	0.95				
	114	2	67.09846610799998	13.488866898	0.0	0.0	1	0.9947652443534881	1.904546184646268	230.0	16	1.05	0.95				
	115	2	109.640277094	22.135576448	0.0	0.0	1	1.0307750451286228	6.898140673773716	230.0	16	1.05	0.95				
	116	2	34.586838199999995	6.917367639999999	0.0	0.0	1	1.0258492094847045	6.20536706126965	230.0	16	1.05	0.95				
	117	1	0.0	0.0	0.0	0.0	1	1.035079496810385	8.91822914664929	230.0	17	1.05	0.95				
	118	2	115.174171206	23.519049976	0.0	0.0	1	1.0386463550871023	9.191723821150797	230.0	17	1.05	0.95				
	119	1	62.602177141999995	12.797130133999998	0.0	0.0	1	1.0168039124251442	4.400250442535382	230.0	15	1.05	0.95				
	120	1	44.271152896	8.992577932	0.0	0.0	1	1.0115286294970836	3.5014646332013704	230.0	15	1.05	0.95				
	121	2	0.0	0.0	0.0	0.0	1	1.0421805859063769	10.249955270822086	230.0	17	1.05	0.95				
	122	2	0.0	0.0	0.0	0.0	1	1.05	17.71498548893057	230.0	17	1.05	0.95				
	123	2	0.0	0.0	0.0	0.0	1	1.0088004126658456	3.2813107147318106	230.0	15	1.05	0.95				
	124	1	0.0	0.0	0.0	0.0	1	1.02292391994791	4.94423984291184	230.0	16	1.05	0.95				
	201	2	37.99464821052632	7.739650561403509	0.0	0.0	2	1.0138685995421197	-10.099972294984944	138.0	21	1.05	0.95				
	202	2	34.12482292982456	7.036045964912281	0.0	0.0	2	1.0129833214491961	-10.367313514672981	138.0	22	1.05	0.95				
	203	1	63.32441368421053	13.016685035087718	0.0	0.0	2	1.0155389154279166	-6.882534458706066	138.0	21	1.05	0.95				
	204	1	26.033370070175437	5.2770344736842105	0.0	0.0	2	1.0130910109432163	-10.122265503470919	138.0	21	1.05	0.95				
	205	1	24.977963175438596	4.925232175438597	0.0	0.0	2	1.0277947178335607	-10.480218057833186	138.0	21	1.05	0.95				
	206	1	47.84511256140351	9.850464350877195	0.0	-100.0	2	1.0438700735235389	-11.157810246581878	138.0	22	1.05	0.95				
	207	2	43.97528728070176	8.79505745614035	0.0	0.0	2	0.996557589186218	-15.292766123000572	138.0	22	1.05	0.95				
	208	1	60.158193000000004	12.31308043859649	0.0	0.0	2	1.0039193644835083	-13.755441512105444	138.0	22	1.05	0.95				
	209	1	61.565402192982454	12.664882736842106	0.0	0.0	2	1.0227069517840812	-8.457341979219503	138.0	23	1.05	0.95				
	210	1	68.60144815789474	14.072091929824563	0.0	0.0	2	1.05	-9.725263739320507	138.0	23	1.05	0.95				
	211	1	0.0	0.0	0.0	0.0	2	1.0026720673357647	-5.789061340748637	230.0	23	1.05	0.95				
	212	1	0.0	0.0	0.0	0.0	2	1.006160443992461	-4.994704390147279	230.0	23	1.05	0.95				
	213	2	93.22760903508772	18.99732410526316	0.0	0.0	2	0.9972877482759904	-4.40325362609516	230.0	24	1.05	0.95				
	214	2	68.24964585964912	13.720289631578947	0.0	0.0	2	1.0008498887340165	-3.5532632474919237	230.0	26	1.05	0.95				
	215	2	111.52132854385965	22.5153470877193	0.0	0.0	2	1.0167983763527892	1.812947263061463	230.0	26	1.05	0.95				
	216	2	35.1802298245614	7.036045964912281	0.0	0.0	2	1.0180791441929722	1.7344785899803474	230.0	26	1.05	0.95				
	217	1	0.0	0.0	0.0	0.0	2	1.0220565801300916	2.9212011617382414	230.0	27	1.05	0.95				
	218	2	117.15016531578948	23.922556280701755	0.0	0.0	2	1.0215389964722772	2.6047260184514576	230.0	27	1.05	0.95				
	219	1	63.67621598245614	13.016685035087718	0.0	0.0	2	1.0199336636777614	1.8824641835784959	230.0	25	1.05	0.95				
	220	1	45.0306941754386	9.146859754385964	0.0	0.0	2	1.0235623562711362	2.70731023576932	230.0	25	1.05	0.95				
	221	2	0.0	0.0	0.0	0.0	2	1.0235354941394723	3.142682983054686	230.0	27	1.05	0.95				
	222	2	0.0	0.0	0.0	0.0	2	1.0453591746210749	9.604610626914768	230.0	27	1.05	0.95				
	223	2	0.0	0.0	0.0	0.0	2	1.0259819122444727	3.431479786777484	230.0	25	1.05	0.95				
	224	1	0.0	0.0	0.0	0.0	2	1.005598646473339	-1.4727791596399682	230.0	26	1.05	0.95				
	301	2	42.62258777684211	8.682378991578949	0.0	0.0	3	1.0089015404368573	-14.194667278823612	138.0	31	1.05	0.95				
	302	2	38.28139828105264	7.893071810526317	0.0	0.0	3	1.0088396902605608	-14.296572008542608	138.0	32	1.05	0.95				
	303	1	71.03764629473685	14.602182849473685	0.0	0.0	3	1.022834063669092	-9.332216161925137	138.0	31	1.05	0.95				
	304	1	29.20436569894737	5.919803857894737	0.0	0.0	3	1.0113583163149393	-12.989243435024054	138.0	31	1.05	0.95				
	305	1	28.02040492736842	5.525150267368422	0.0	0.0	3	1.0244178304414957	-13.661216529695242	138.0	31	1.05	0.95				
	306	1	53.67288831157896	11.050300534736843	0.0	-100.0	3	1.0416372643560585	-13.846653549481646	138.0	32	1.05	0.95				
	307	2	49.33169881578948	9.866339763157896	0.0	0.0	3	0.9932128468967273	-18.070843102669574	138.0	32	1.05	0.95				
	308	1	67.48576398	13.812875668421054	0.0	0.0	3	1.0008776783497837	-16.324935519726942	138.0	32	1.05	0.95				
	309	1	69.06437834210527	14.207529258947368	0.0	0.0	3	1.0253860992207384	-10.298016824923709	138.0	33	1.05	0.95				
	310	1	76.95745015263158	15.786143621052634	0.0	0.0	3	1.05	-11.85605729983142	138.0	33	1.05	0.95				
	311	1	0.0	0.0	0.0	0.0	3	1.0057514424078402	-6.482572631829985	230.0	33	1.05	0.95				
	312	1	0.0	0.0	0.0	0.0	3	1.0092366811129407	-6.142982096959669	230.0	33	1.05	0.95				
	313	2	104.58320148947368	21.311293888421055	0.0	0.0	3	1.007971745687434	-3.152259808493298	230.0	34	1.05	0.95				
	314	2	76.56279656210528	15.391490030526317	0.0	0.0	3	1.0040008313114246	-4.6802888053405365	230.0	36	1.05	0.95				
	315	2	125.10518819684211	25.257829793684213	0.0	0.0	3	1.031104735664917	-0.35868608027313975	230.0	36	1.05	0.95				
	316	2	39.465359052631584	7.893071810526317	0.0	0.0	3	1.0299839583324653	0.18453306465394104	230.0	36	1.05	0.95				
	317	1	0.0	0.0	0.0	0.0	3	1.039732557457812	3.727284008907057	230.0	37	1.05	0.95				
	318	2	131.41964564526316	26.83644415578948	0.0	0.0	3	1.03679686474491	2.4762985277678764	230.0	37	1.05	0.95				
	319	1	71.43229988526316	14.602182849473685	0.0	0.0	3	1.0245756446383634	-0.5706608848885494	230.0	35	1.05	0.95				
	320	1	50.515659587368425	10.260993353684212	0.0	0.0	3	1.0216848670506637	-0.7834803372136394	230.0	35	1.05	0.95				
	321	2	0.0	0.0	0.0	0.0	3	1.0371955185188781	2.112042914244981	230.0	37	1.05	0.95				
	322	2	0.0	0.0	0.0	0.0	3	1.0499999982862955	7.0584931727197	230.0	37	1.05	0.95				
	323	2	0.0	0.0	0.0	0.0	3	1.0204755123885674	-0.5921603598728687	230.0	35	1.05	0.95				
	324	1	0.0	0.0	0.0	0.0	3	1.0168169944246397	-3.7250450304266445	230.0	36	1.05	0.95				
	325	1	0.0	0.0	0.0	0.0	3	1.0198615887208744	0.3330771890033657	230.0	35	1.05	0.95				
];
