%% MATPOWER Case Format : Version 2
function mpc = RTS_GMLC
mpc.version = '2';

%%-----  Power Flow Data  -----%%
%% system MVA base
mpc.baseMVA = 100.0;
%% bus data
%    bus_i    type    Pd    Qd    Gs    Bs    area    Vm    Va    baseKV    zone    Vmax    Vmin
mpc.bus = [
	101	2	75.56259277894736	15.392380010526315	0.0	0.0	1	1.05	-4.231069671489429	138.0	11	1.05	0.95				
	102	2	67.86640277368421	13.993072736842105	0.0	0.0	1	1.0457762241849626	-4.883625542007589	138.0	12	1.05	0.95				
	103	1	125.93765463157895	25.887184563157895	0.0	0.0	1	1.0182633246713468	-0.2718302613677682	138.0	11	1.05	0.95				
	104	1	51.77436912631579	10.494804552631578	0.0	0.0	1	1.0235762786210014	-6.07459820701184	138.0	11	1.05	0.95				
	105	1	49.67540821578947	9.795150915789474	0.0	0.0	1	1.0410202664289057	-6.96730296042135	138.0	11	1.05	0.95				
	106	1	95.15289461052632	19.590301831578948	0.0	-100.0	1	1.0412040373539047	-9.308472528152958	138.0	12	1.05	0.95				
	107	2	87.45670460526316	17.491340921052632	0.0	0.0	1	0.9973996868548156	-14.08177696603705	138.0	12	1.05	0.95				
	108	1	119.6407719	24.48787728947368	0.0	0.0	1	0.9928342167017771	-13.079234155839522	138.0	12	1.05	0.95				
	109	1	122.43938644736842	25.187530926315787	0.0	0.0	1	1.0214915185090467	-5.352431631298744	138.0	13	1.05	0.95				
	110	1	136.43245918421053	27.98614547368421	0.0	0.0	1	1.05	-7.5957436942817775	138.0	13	1.05	0.95				
	111	1	0.0	0.0	0.0	0.0	1	1.015298054157899	-1.562425902235145	230.0	13	1.05	0.95				
	112	1	0.0	0.0	0.0	0.0	1	1.0097335059730141	-2.1921823886479244	230.0	13	1.05	0.95				
	113	3	185.40821376315787	37.78129638947368	0.0	0.0	1	1.0054080385975601	2.2247900542626546e-28	230.0	14	1.05	0.95				
	114	2	135.73280554736843	27.286491836842103	0.0	0.0	1	1.0367846495416324	1.9388045249263886	230.0	16	1.05	0.95				
	115	2	221.79020287894735	44.777832757894735	0.0	0.0	1	1.0205622942727381	13.554549732462938	230.0	16	1.05	0.95				
	116	2	69.96536368421053	13.993072736842105	0.0	0.0	1	1.0214100103883437	11.559336435427518	230.0	16	1.05	0.95				
	117	1	0.0	0.0	0.0	0.0	1	1.023098066343017	18.730715415823706	230.0	17	1.05	0.95				
	118	2	232.98466106842108	47.57644730526316	0.0	0.0	1	1.0335754272081428	19.745811859472813	230.0	17	1.05	0.95				
	119	1	126.63730826842105	25.887184563157895	0.0	0.0	1	1.0168588036576012	7.296978835347452	230.0	15	1.05	0.95				
	120	1	89.55566551578947	18.190994557894737	0.0	0.0	1	1.0218100184722905	4.437776018255197	230.0	15	1.05	0.95				
	121	2	0.0	0.0	0.0	0.0	1	1.032144525696414	21.881257175879135	230.0	17	1.05	0.95				
	122	2	0.0	0.0	0.0	0.0	1	1.05	39.926191297777294	230.0	17	1.05	0.95				
	123	2	0.0	0.0	0.0	0.0	1	1.0269099793937095	3.410923663970627	230.0	15	1.05	0.95				
	124	1	0.0	0.0	0.0	0.0	1	1.0023831539742025	8.334741027999156	230.0	16	1.05	0.95				
	201	2	58.547457890526324	11.926334014736844	0.0	0.0	2	1.026348962226046	-10.32663741193595	138.0	21	1.05	0.95				
	202	2	52.58429088315789	10.842121831578948	0.0	0.0	2	1.02553391870011	-10.526463256398367	138.0	22	1.05	0.95				
	203	1	97.57909648421054	20.05792538842105	0.0	0.0	2	1.008971632423141	-8.012315176629341	138.0	21	1.05	0.95				
	204	1	40.1158507768421	8.131591373684211	0.0	0.0	2	1.012840354630853	-9.125716103233664	138.0	21	1.05	0.95				
	205	1	38.48953250210526	7.589485282105264	0.0	0.0	2	1.0293079883272578	-9.459834481667828	138.0	21	1.05	0.95				
	206	1	73.72642845473685	15.178970564210529	0.0	-100.0	2	1.0386789420039553	-9.596534992792778	138.0	22	1.05	0.95				
	207	2	67.76326144736842	13.552652289473684	0.0	0.0	2	1.0002280308022193	-16.427663636253367	138.0	22	1.05	0.95				
	208	1	92.70014166	18.973713205263156	0.0	0.0	2	0.9966729050292631	-13.818409015709413	138.0	22	1.05	0.95				
	209	1	94.86856602631579	19.515819296842103	0.0	0.0	2	1.0202602716053293	-5.73192338537363	138.0	23	1.05	0.95				
	210	1	105.71068785789475	21.684243663157897	0.0	0.0	2	1.046587912091244	-6.839700680606045	138.0	23	1.05	0.95				
	211	1	0.0	0.0	0.0	0.0	2	1.0083832776823929	-2.0593191777988795	230.0	23	1.05	0.95				
	212	1	0.0	0.0	0.0	0.0	2	1.0008720454323377	3.8671614845009885	230.0	23	1.05	0.95				
	213	2	143.65811426842106	29.273728945263162	0.0	0.0	2	1.0061078676620394	1.683221293183614	230.0	24	1.05	0.95				
	214	2	105.16858176631578	21.14213757157895	0.0	0.0	2	1.0162335402652856	-1.0500282821924836	230.0	26	1.05	0.95				
	215	2	171.84763103052632	34.694789861052634	0.0	0.0	2	1.0169368722675969	3.210312050693226	230.0	26	1.05	0.95				
	216	2	54.21060915789474	10.842121831578948	0.0	0.0	2	1.012850355872987	3.946758844537963	230.0	26	1.05	0.95				
	217	1	0.0	0.0	0.0	0.0	2	1.0221191479661564	4.159517600951842	230.0	27	1.05	0.95				
	218	2	180.52132849578948	36.863214227368424	0.0	0.0	2	1.0207821903794727	3.5360618535412196	230.0	27	1.05	0.95				
	219	1	98.12120257578948	20.05792538842105	0.0	0.0	2	1.0005112484552492	6.260809022778802	230.0	25	1.05	0.95				
	220	1	69.38957972210527	14.094758381052634	0.0	0.0	2	0.9961390364788177	9.418128093065192	230.0	25	1.05	0.95				
	221	2	0.0	0.0	0.0	0.0	2	1.02311791214019	4.242354057388185	230.0	27	1.05	0.95				
	222	2	0.0	0.0	0.0	0.0	2	1.0451016158204942	10.76204624749042	230.0	27	1.05	0.95				
	223	2	0.0	0.0	0.0	0.0	2	0.9968193078790091	11.60348491960138	230.0	25	1.05	0.95				
	224	1	0.0	0.0	0.0	0.0	2	1.0002533348890335	-1.003907731809197	230.0	26	1.05	0.95				
	301	2	69.10155015157895	14.076241697543859	0.0	0.0	3	1.0150923003923187	52.306348009987914	138.0	31	1.05	0.95				
	302	2	62.063429302807016	12.79658336140351	0.0	0.0	3	1.0114887825645211	51.949714973231444	138.0	32	1.05	0.95				
	303	1	115.16925025263158	23.67367921859649	0.0	0.0	3	1.0045730171638565	69.74163773692298	138.0	31	1.05	0.95				
	304	1	47.34735843719298	9.59743752105263	0.0	0.0	3	1.0001726160747042	53.86019919296565	138.0	31	1.05	0.95				
	305	1	45.42787093298245	8.957608352982458	0.0	0.0	3	1.0243188154553169	51.633553729476276	138.0	31	1.05	0.95				
	306	1	87.01676685754386	17.915216705964916	0.0	-100.0	3	1.0350797653121377	50.55231286876059	138.0	32	1.05	0.95				
	307	2	79.97864600877193	15.995729201754386	0.0	0.0	3	0.9691433506345652	47.886527973010125	138.0	32	1.05	0.95				
	308	1	109.41078773999999	22.39402088245614	0.0	0.0	3	0.9846653944667737	50.80105058587246	138.0	32	1.05	0.95				
	309	1	111.9701044122807	23.033850050526315	0.0	0.0	3	1.0136825174637598	58.108343856508185	138.0	33	1.05	0.95				
	310	1	124.7666877736842	25.59316672280702	0.0	0.0	3	1.05	53.00873585523484	138.0	33	1.05	0.95				
	311	1	0.0	0.0	0.0	0.0	3	1.0083565335448375	57.28646166626337	230.0	33	1.05	0.95				
	312	1	0.0	0.0	0.0	0.0	3	1.0306628275881518	57.659092050234456	230.0	33	1.05	0.95				
	313	2	169.55472953859646	34.550775075789474	0.0	0.0	3	1.05	62.423574285490474	230.0	34	1.05	0.95				
	314	2	124.12685860561403	24.953337554736844	0.0	0.0	3	0.9769632509143583	54.33065752379982	230.0	36	1.05	0.95				
	315	2	202.8258462782456	40.94906675649123	0.0	0.0	3	0.9758845938705835	47.06540524404504	230.0	36	1.05	0.95				
	316	2	63.982916807017546	12.79658336140351	0.0	0.0	3	0.9813504420483874	47.592470845145016	230.0	36	1.05	0.95				
	317	1	0.0	0.0	0.0	0.0	3	0.9926760086585118	46.64432693947656	230.0	37	1.05	0.95				
	318	2	213.06311296736845	43.50838342877193	0.0	0.0	3	0.991223963071029	42.53091949263279	230.0	37	1.05	0.95				
	319	1	115.80907942070175	23.67367921859649	0.0	0.0	3	1.00967776313735	48.566313029422254	230.0	35	1.05	0.95				
	320	1	81.89813351298245	16.63555836982456	0.0	0.0	3	1.0361695826591977	49.03791308720833	230.0	35	1.05	0.95				
	321	2	0.0	0.0	0.0	0.0	3	0.9977637398891136	44.14524848342783	230.0	37	1.05	0.95				
	322	2	0.0	0.0	0.0	0.0	3	0.9820147484819345	45.46098805629261	230.0	37	1.05	0.95				
	323	2	0.0	0.0	0.0	0.0	3	1.05	48.822976064537805	230.0	35	1.05	0.95				
	324	1	0.0	0.0	0.0	0.0	3	0.9775226448292826	57.99629795221071	230.0	36	1.05	0.95				
	325	1	0.0	0.0	0.0	0.0	3	1.0452083301573758	46.603458294257486	230.0	35	1.05	0.95				
];
