%% MATPOWER Case Format : Version 2
function mpc = RTS_GMLC
mpc.version = '2';

%%-----  Power Flow Data  -----%%
%% system MVA base
mpc.baseMVA = 100.0;
%% bus data
%    bus_i    type    Pd    Qd    Gs    Bs    area    Vm    Va    baseKV    zone    Vmax    Vmin
mpc.bus = [
	101	2	88.50816428210528	18.029440872280702	0.0	0.0	1	1.0484196881377188	0.17725971590945477	138.0	11	1.05	0.95				
	102	2	79.49344384596492	16.390400792982458	0.0	0.0	1	1.0482231518119738	0.030265486817705453	138.0	12	1.05	0.95				
	103	1	147.51360713684213	30.322241467017548	0.0	0.0	1	1.0245525879997126	-1.9932007672193237	138.0	11	1.05	0.95				
	104	1	60.644482934035096	12.292800594736843	0.0	0.0	1	1.0244129983374717	-3.753206391466579	138.0	11	1.05	0.95				
	105	1	58.18592281508772	11.47328055508772	0.0	0.0	1	1.0374042361430422	-4.174728126831031	138.0	11	1.05	0.95				
	106	1	111.45472539228072	22.94656111017544	0.0	-100.0	1	1.0369172350958262	-7.372394059925123	138.0	12	1.05	0.95				
	107	2	102.44000495614036	20.488000991228073	0.0	0.0	1	1.05	-5.690716182642706	138.0	12	1.05	0.95				
	108	1	140.13792678000002	28.683201387719297	0.0	0.0	1	1.0236548224430666	-8.076431171705337	138.0	12	1.05	0.95				
	109	1	143.4160069385965	29.50272142736842	0.0	0.0	1	1.0272616172043174	-4.647653395938464	138.0	13	1.05	0.95				
	110	1	159.80640773157896	32.780801585964916	0.0	0.0	1	1.05	-6.08615804606685	138.0	13	1.05	0.95				
	111	1	0.0	0.0	0.0	0.0	1	1.0142548818040644	-2.038440491085106	230.0	13	1.05	0.95				
	112	1	0.0	0.0	0.0	0.0	1	1.01747107880183	-1.2031932296706964	230.0	13	1.05	0.95				
	113	3	217.17281050701754	44.25408214105264	0.0	0.0	1	1.0167577543719601	-2.7719477601274914e-28	230.0	14	1.05	0.95				
	114	2	158.98688769192984	31.961281546315796	0.0	0.0	1	1.0149878005174413	-0.44765833081822715	230.0	16	1.05	0.95				
	115	2	259.787852568772	52.449282537543866	0.0	0.0	1	1.0439530901554537	7.5482109692813655	230.0	16	1.05	0.95				
	116	2	81.9520039649123	16.390400792982458	0.0	0.0	1	1.0420708236671643	6.77156806424119	230.0	16	1.05	0.95				
	117	1	0.0	0.0	0.0	0.0	1	1.0453888917164762	9.751351473810733	230.0	17	1.05	0.95				
	118	2	272.9001732031579	55.72736269614036	0.0	0.0	1	1.0472995983062272	10.215982270601058	230.0	17	1.05	0.95				
	119	1	148.33312717649125	30.322241467017548	0.0	0.0	1	1.035574841089066	5.38245883572701	230.0	15	1.05	0.95				
	120	1	104.89856507508773	21.307521030877197	0.0	0.0	1	1.0366529534224997	5.340529581820025	230.0	15	1.05	0.95				
	121	2	0.0	0.0	0.0	0.0	1	1.05	12.125386891523501	230.0	17	1.05	0.95				
	122	2	0.0	0.0	0.0	0.0	1	1.05	18.37118642508864	230.0	17	1.05	0.95				
	123	2	0.0	0.0	0.0	0.0	1	1.039604056816038	5.924689474227125	230.0	15	1.05	0.95				
	124	1	0.0	0.0	0.0	0.0	1	1.0247045327305881	4.007911993149118	230.0	16	1.05	0.95				
	201	2	85.49220838736842	17.415079486315786	0.0	0.0	2	1.0331638012884112	-13.007511094093054	138.0	21	1.05	0.95				
	202	2	76.78466864421051	15.831890442105262	0.0	0.0	2	1.0360996616776135	-13.12587201634148	138.0	22	1.05	0.95				
	203	1	142.48701397894735	29.288997317894733	0.0	0.0	2	1.0261330349086382	-9.79776215935562	138.0	21	1.05	0.95				
	204	1	58.577994635789466	11.873917831578945	0.0	0.0	2	1.017339652598285	-14.47291385072568	138.0	21	1.05	0.95				
	205	1	56.20321106947367	11.082323309473683	0.0	0.0	2	1.0314054560048638	-14.91607299823494	138.0	21	1.05	0.95				
	206	1	107.6568550063158	22.164646618947366	0.0	-100.0	2	1.0363382759691258	-16.727449124893383	138.0	22	1.05	0.95				
	207	2	98.94931526315787	19.789863052631578	0.0	0.0	2	0.95	-28.511037619072997	138.0	22	1.05	0.95				
	208	1	135.36266327999996	27.705808273684205	0.0	0.0	2	0.9567325505029233	-24.525386318706847	138.0	22	1.05	0.95				
	209	1	138.52904136842105	28.497402795789466	0.0	0.0	2	1.0273112707459053	-12.37343617843014	138.0	23	1.05	0.95				
	210	1	154.36093181052627	31.663780884210524	0.0	0.0	2	1.05	-14.348753735442445	138.0	23	1.05	0.95				
	211	1	0.0	0.0	0.0	0.0	2	1.0346735350463274	-8.533256629739656	230.0	23	1.05	0.95				
	212	1	0.0	0.0	0.0	0.0	2	1.0290971280496086	-3.5943705047856054	230.0	23	1.05	0.95				
	213	2	209.77254835789472	42.74610419368421	0.0	0.0	2	1.05	-5.834429247880759	230.0	24	1.05	0.95				
	214	2	153.56933728842102	30.872186362105257	0.0	0.0	2	1.05	-6.292957192347316	230.0	26	1.05	0.95				
	215	2	250.93546350736838	50.662049414736835	0.0	0.0	2	1.0465759030306543	1.8547290049088658	230.0	26	1.05	0.95				
	216	2	79.15945221052631	15.831890442105262	0.0	0.0	2	1.0499996942492305	1.7487371680502453	230.0	26	1.05	0.95				
	217	1	0.0	0.0	0.0	0.0	2	1.0495616892222617	4.473953263121057	230.0	27	1.05	0.95				
	218	2	263.6009758610526	53.8284275031579	0.0	0.0	2	1.0499999693485629	4.796591887576279	230.0	27	1.05	0.95				
	219	1	143.27860850105262	29.288997317894733	0.0	0.0	2	1.0440163630464259	1.898925058687035	230.0	25	1.05	0.95				
	220	1	101.32409882947367	20.581457574736838	0.0	0.0	2	1.0460175678916435	3.5090162959437787	230.0	25	1.05	0.95				
	221	2	0.0	0.0	0.0	0.0	2	1.05	4.893710450912919	230.0	27	1.05	0.95				
	222	2	0.0	0.0	0.0	0.0	2	1.05	11.241439139494489	230.0	27	1.05	0.95				
	223	2	0.0	0.0	0.0	0.0	2	1.05	4.966354917379212	230.0	25	1.05	0.95				
	224	1	0.0	0.0	0.0	0.0	2	1.0242756565411244	-2.47083489120047	230.0	26	1.05	0.95				
	301	2	68.04239165052633	13.860487188070175	0.0	0.0	3	0.9939610802767906	2.9242717621073884	138.0	31	1.05	0.95				
	302	2	61.11214805649122	12.600442898245614	0.0	0.0	3	0.9938256368037901	2.865103777837688	138.0	32	1.05	0.95				
	303	1	113.40398608421054	23.310819361754387	0.0	0.0	3	1.0170423545463587	6.731006446741795	138.0	31	1.05	0.95				
	304	1	46.621638723508774	9.45033217368421	0.0	0.0	3	1.0000569029259272	5.002906946348451	138.0	31	1.05	0.95				
	305	1	44.73157228877193	8.820310028771932	0.0	0.0	3	1.01217938328177	4.888801786435501	138.0	31	1.05	0.95				
	306	1	85.68301170807018	17.640620057543863	0.0	-100.0	3	1.0304786363557996	5.278824411191664	138.0	32	1.05	0.95				
	307	2	78.75276811403509	15.750553622807018	0.0	0.0	3	0.9898573686627286	0.8877168718430161	138.0	32	1.05	0.95				
	308	1	107.73378678	22.050775071929824	0.0	0.0	3	0.9985878847684955	3.7524533888503844	138.0	32	1.05	0.95				
	309	1	110.25387535964913	22.680797216842105	0.0	0.0	3	1.0278080120559225	9.30647953986166	138.0	33	1.05	0.95				
	310	1	122.85431825789472	25.200885796491228	0.0	0.0	3	1.05	8.858193439672403	138.0	33	1.05	0.95				
	311	1	0.0	0.0	0.0	0.0	3	1.019102191040005	15.458130044342562	230.0	33	1.05	0.95				
	312	1	0.0	0.0	0.0	0.0	3	1.0239608327314762	16.668039272930255	230.0	33	1.05	0.95				
	313	2	166.95586840175437	34.02119582526316	0.0	0.0	3	1.0465622009366211	23.777398518004375	230.0	34	1.05	0.95				
	314	2	122.22429611298244	24.570863651578946	0.0	0.0	3	1.0216591225620035	14.352565908551156	230.0	36	1.05	0.95				
	315	2	199.717019937193	40.321417274385965	0.0	0.0	3	1.036758747540996	9.636721324111	230.0	36	1.05	0.95				
	316	2	63.002214491228074	12.600442898245614	0.0	0.0	3	1.0384917185959763	11.149247858247495	230.0	36	1.05	0.95				
	317	1	0.0	0.0	0.0	0.0	3	1.0416070766014436	10.085811092868743	230.0	37	1.05	0.95				
	318	2	209.7973742557895	42.84150585403509	0.0	0.0	3	1.0399847212107127	8.8761492118314	230.0	37	1.05	0.95				
	319	1	114.03400822912282	23.310819361754387	0.0	0.0	3	1.0380656692173555	13.43645690040708	230.0	35	1.05	0.95				
	320	1	80.64283454877193	16.3805757677193	0.0	0.0	3	1.040522003457279	15.20422474462655	230.0	35	1.05	0.95				
	321	2	0.0	0.0	0.0	0.0	3	1.0403462837782083	9.696550403217598	230.0	37	1.05	0.95				
	322	2	0.0	0.0	0.0	0.0	3	1.05	14.168904152904727	230.0	37	1.05	0.95				
	323	2	0.0	0.0	0.0	0.0	3	1.0419376040549568	15.875540541925828	230.0	35	1.05	0.95				
	324	1	0.0	0.0	0.0	0.0	3	1.0261348201514433	10.50151723485395	230.0	36	1.05	0.95				
	325	1	0.0	0.0	0.0	0.0	3	1.0439660669460293	15.561836484667776	230.0	35	1.05	0.95				
];
