%% MATPOWER Case Format : Version 2
function mpc = RTS_GMLC
mpc.version = '2';

%%-----  Power Flow Data  -----%%
%% system MVA base
mpc.baseMVA = 100.0;
%% bus data
%    bus_i    type    Pd    Qd    Gs    Bs    area    Vm    Va    baseKV    zone    Vmax    Vmin
mpc.bus = [
	101	2	51.11429983578947	10.41217218877193	0.0	0.0	1	1.0141202785352006	0.9635753203513777	138.0	11	1.05	0.95				
	102	2	45.9082137414035	9.465611080701754	0.0	0.0	1	1.0129781163172835	0.6540225501029103	138.0	12	1.05	0.95				
	103	1	85.19049972631578	17.511380499298244	0.0	0.0	1	1.0251020012373073	0.9405633886599368	138.0	11	1.05	0.95				
	104	1	35.02276099859649	7.099208310526314	0.0	0.0	1	1.0121798093523402	-2.347636484337411	138.0	11	1.05	0.95				
	105	1	33.60291933649122	6.625927756491228	0.0	0.0	1	1.0252892020706164	-2.2927462151017384	138.0	11	1.05	0.95				
	106	1	64.36615534877193	13.251855512982456	0.0	-100.0	1	1.0392166887059067	-4.6111282058205925	138.0	12	1.05	0.95				
	107	2	59.16006925438596	11.832013850877193	0.0	0.0	1	0.9870162245004954	-12.239265819509365	138.0	12	1.05	0.95				
	108	1	80.93097474	16.564819391228067	0.0	0.0	1	0.9939912103491995	-9.955388177389425	138.0	12	1.05	0.95				
	109	1	82.82409695614035	17.038099945263156	0.0	0.0	1	1.0260819884678547	-2.822088793599753	138.0	13	1.05	0.95				
	110	1	92.2897080368421	18.931222161403507	0.0	0.0	1	1.05	-4.028115974507743	138.0	13	1.05	0.95				
	111	1	0.0	0.0	0.0	0.0	1	1.01980178278206	-0.19142909547086698	230.0	13	1.05	0.95				
	112	1	0.0	0.0	0.0	0.0	1	1.0165759325042347	-0.6332517141507729	230.0	13	1.05	0.95				
	113	3	125.41934681929823	25.557149917894733	0.0	0.0	1	1.0043748479124515	1.369051807315131e-30	230.0	14	1.05	0.95				
	114	2	91.816427482807	18.45794160736842	0.0	0.0	1	1.0423503529859934	2.8134541179402026	230.0	16	1.05	0.95				
	115	2	150.0299356291228	30.28995545824561	0.0	0.0	1	1.043268329685405	11.397529737754668	230.0	16	1.05	0.95				
	116	2	47.32805540350877	9.465611080701754	0.0	0.0	1	1.0444907956520666	10.041879046255305	230.0	16	1.05	0.95				
	117	1	0.0	0.0	0.0	0.0	1	1.0421269521828007	15.433639671640185	230.0	17	1.05	0.95				
	118	2	157.6024244936842	32.18307767438596	0.0	0.0	1	1.0493227004295251	15.752652360230542	230.0	17	1.05	0.95				
	119	1	85.66378028035088	17.511380499298244	0.0	0.0	1	1.0421025019642618	6.939550798143257	230.0	15	1.05	0.95				
	120	1	60.57991091649122	12.30529440491228	0.0	0.0	1	1.0453107776673438	5.140139016816093	230.0	15	1.05	0.95				
	121	2	0.0	0.0	0.0	0.0	1	1.0428965438154651	17.228869992827672	230.0	17	1.05	0.95				
	122	2	0.0	0.0	0.0	0.0	1	1.05	35.19313656153889	230.0	17	1.05	0.95				
	123	2	0.0	0.0	0.0	0.0	1	1.0479050826208474	4.5034265045077255	230.0	15	1.05	0.95				
	124	1	0.0	0.0	0.0	0.0	1	1.0233903690626944	7.51000205032236	230.0	16	1.05	0.95				
	201	2	54.04249959157895	11.008657324210528	0.0	0.0	2	1.017365828583392	-15.643218999752813	138.0	21	1.05	0.95				
	202	2	48.53817092947369	10.007870294736843	0.0	0.0	2	1.0180287396788594	-15.591451186226736	138.0	22	1.05	0.95				
	203	1	90.07083265263158	18.51456004526316	0.0	0.0	2	1.012285619954708	-12.933119549904008	138.0	21	1.05	0.95				
	204	1	37.02912009052632	7.505902721052632	0.0	0.0	2	1.0127425000539907	-16.553141712378306	138.0	21	1.05	0.95				
	205	1	35.52793954631579	7.005509206315791	0.0	0.0	2	1.0274663488450109	-16.988708145923905	138.0	21	1.05	0.95				
	206	1	68.05351800421053	14.011018412631582	0.0	-100.0	2	1.0406092345495064	-18.220896548148914	138.0	22	1.05	0.95				
	207	2	62.54918934210527	12.509837868421053	0.0	0.0	2	0.9888118495286069	-25.129960814464877	138.0	22	1.05	0.95				
	208	1	85.56729102	17.513773015789475	0.0	0.0	2	0.9933545931404646	-22.80693255151317	138.0	22	1.05	0.95				
	209	1	87.56886507894737	18.014166530526314	0.0	0.0	2	1.0231050269134583	-15.271705716864778	138.0	23	1.05	0.95				
	210	1	97.57673537368422	20.015740589473687	0.0	0.0	2	1.05	-16.735340782188565	138.0	23	1.05	0.95				
	211	1	0.0	0.0	0.0	0.0	2	1.0117719902368043	-11.966709834191871	230.0	23	1.05	0.95				
	212	1	0.0	0.0	0.0	0.0	2	1.0144429450151697	-10.885659022971236	230.0	23	1.05	0.95				
	213	2	132.60428140526318	27.021249795789476	0.0	0.0	2	1.0139939303278067	-10.355006813810691	230.0	24	1.05	0.95				
	214	2	97.07634185894737	19.515347074736844	0.0	0.0	2	1.0147471563385149	-9.296318545320377	230.0	26	1.05	0.95				
	215	2	158.62474417157895	32.025184943157896	0.0	0.0	2	1.0306482607421696	-2.3351179799211974	230.0	26	1.05	0.95				
	216	2	50.03935147368421	10.007870294736843	0.0	0.0	2	1.0342741408876555	-2.508354336000778	230.0	26	1.05	0.95				
	217	1	0.0	0.0	0.0	0.0	2	1.0384247206052049	-0.5541984203132081	230.0	27	1.05	0.95				
	218	2	166.63104040736843	34.026759002105265	0.0	0.0	2	1.0362525513674126	-1.2993211026240408	230.0	27	1.05	0.95				
	219	1	90.57122616736842	18.51456004526316	0.0	0.0	2	1.0380396013193365	-2.3735469338255957	230.0	25	1.05	0.95				
	220	1	64.05036988631579	13.010231383157898	0.0	0.0	2	1.0449999301958983	-1.3089570450982413	230.0	25	1.05	0.95				
	221	2	0.0	0.0	0.0	0.0	2	1.0367731627296513	-0.8351356698276433	230.0	27	1.05	0.95				
	222	2	0.0	0.0	0.0	0.0	2	1.05	5.7755420227053635	230.0	27	1.05	0.95				
	223	2	0.0	0.0	0.0	0.0	2	1.0499999856587108	-0.3629355899094552	230.0	25	1.05	0.95				
	224	1	0.0	0.0	0.0	0.0	2	1.0106826966924054	-6.2737845658501135	230.0	26	1.05	0.95				
	301	2	72.15944320421053	14.699145837894736	0.0	0.0	3	1.0438284967645357	-6.175464307643456	138.0	31	1.05	0.95				
	302	2	64.80987028526316	13.362859852631578	0.0	0.0	3	1.0421033244859834	-6.568445828670922	138.0	32	1.05	0.95				
	303	1	120.26573867368423	24.72129072736842	0.0	0.0	3	1.05	12.213754088181188	138.0	31	1.05	0.95				
	304	1	49.44258145473684	10.022144889473685	0.0	0.0	3	1.0107172329301395	-3.9724557061925827	138.0	31	1.05	0.95				
	305	1	47.438152476842106	9.354001896842107	0.0	0.0	3	1.0318018106718747	-7.05892659633959	138.0	31	1.05	0.95				
	306	1	90.86744699789475	18.708003793684213	0.0	-100.0	3	1.0308739431505598	-8.307130127790746	138.0	32	1.05	0.95				
	307	2	83.51787407894737	16.703574815789473	0.0	0.0	3	0.95	-6.924684297617382	138.0	32	1.05	0.95				
	308	1	114.25245174	23.385004742105263	0.0	0.0	3	0.96112073511087	-7.28165360364734	138.0	32	1.05	0.95				
	309	1	116.9250237105263	24.05314773473684	0.0	0.0	3	1.0099599784086655	1.0084397616467464	138.0	33	1.05	0.95				
	310	1	130.2878835631579	26.725719705263156	0.0	0.0	3	1.0360901460469685	-5.826304103485067	138.0	33	1.05	0.95				
	311	1	0.0	0.0	0.0	0.0	3	0.9962822097106584	-0.08497767274123369	230.0	33	1.05	0.95				
	312	1	0.0	0.0	0.0	0.0	3	0.9988065725984512	0.6514473155088693	230.0	33	1.05	0.95				
	313	2	177.0578930473684	36.079721602105266	0.0	0.0	3	0.9944610235043312	2.38439241532318	230.0	34	1.05	0.95				
	314	2	129.61974057052632	26.05757671263158	0.0	0.0	3	0.9972170356845698	0.20117984440267309	230.0	36	1.05	0.95				
	315	2	211.8013286642105	42.76115152842105	0.0	0.0	3	1.05	4.957630180972395	230.0	36	1.05	0.95				
	316	2	66.81429926315789	13.362859852631578	0.0	0.0	3	1.047368849594252	4.601020842858685	230.0	36	1.05	0.95				
	317	1	0.0	0.0	0.0	0.0	3	1.05	9.703266306210617	230.0	37	1.05	0.95				
	318	2	222.49161654631578	45.43372349894737	0.0	0.0	3	1.0408405140041193	7.059056686369673	230.0	37	1.05	0.95				
	319	1	120.9338816663158	24.72129072736842	0.0	0.0	3	1.0276659964810952	3.469162624652995	230.0	35	1.05	0.95				
	320	1	85.5223030568421	17.371717808421053	0.0	0.0	3	1.0163753738066608	3.7590250282087485	230.0	35	1.05	0.95				
	321	2	0.0	0.0	0.0	0.0	3	1.0438484322247479	7.0038975745128065	230.0	37	1.05	0.95				
	322	2	0.0	0.0	0.0	0.0	3	1.05	12.403839385808528	230.0	37	1.05	0.95				
	323	2	0.0	0.0	0.0	0.0	3	1.011968803504767	4.445764002896867	230.0	35	1.05	0.95				
	324	1	0.0	0.0	0.0	0.0	3	1.047336046741953	7.7336472812803025	230.0	36	1.05	0.95				
	325	1	0.0	0.0	0.0	0.0	3	1.011237122514809	5.545014155806656	230.0	35	1.05	0.95				
];
