%% MATPOWER Case Format : Version 2
function mpc = RTS_GMLC
mpc.version = '2';

%%-----  Power Flow Data  -----%%
%% system MVA base
mpc.baseMVA = 100.0;
%% bus data
%    bus_i    type    Pd    Qd    Gs    Bs    area    Vm    Va    baseKV    zone    Vmax    Vmin
mpc.bus = [
	101	2	36.05789213431579	7.345126175508773	0.0	0.0	1	1.0060093247728477	-1.2055939546018253	138.0	11	1.05	0.95				
	102	2	32.38532904656141	6.677387432280703	0.0	0.0	1	1.0044757760807146	-1.6797812261146954	138.0	12	1.05	0.95				
	103	1	60.09648689052632	12.3531667497193	0.0	0.0	1	1.027222184837697	2.4433584249324136	138.0	11	1.05	0.95				
	104	1	24.7063334994386	5.0080405742105265	0.0	0.0	1	1.0107733974355015	-2.4989395237798417	138.0	11	1.05	0.95				
	105	1	23.704725384596493	4.674171202596492	0.0	0.0	1	1.023883598061304	-2.8008737411725475	138.0	11	1.05	0.95				
	106	1	45.40623453950878	9.348342405192984	0.0	-100.0	1	1.0420166361506555	-4.158926419031392	138.0	12	1.05	0.95				
	107	2	41.73367145175439	8.346734290350879	0.0	0.0	1	0.9828746251245272	-9.632179401079911	138.0	12	1.05	0.95				
	108	1	57.09166254600001	11.685428006491229	0.0	0.0	1	0.9964386712958271	-7.638589005649031	138.0	12	1.05	0.95				
	109	1	58.42714003245615	12.019297378105264	0.0	0.0	1	1.0245951667042141	-1.7623940514210525	138.0	13	1.05	0.95				
	110	1	65.10452746473685	13.354774864561406	0.0	0.0	1	1.05	-3.3018602068145464	138.0	13	1.05	0.95				
	111	1	0.0	0.0	0.0	0.0	1	1.0126247382157432	0.7088632830650471	230.0	13	1.05	0.95				
	112	1	0.0	0.0	0.0	0.0	1	1.010099533197651	-0.5719322213579205	230.0	13	1.05	0.95				
	113	3	88.4753834777193	18.028946067157896	0.0	0.0	1	0.9881415041784558	-1.0736602363967461e-28	230.0	14	1.05	0.95				
	114	2	64.77065809312282	13.02090549294737	0.0	0.0	1	1.0375596118155477	4.525850149012548	230.0	16	1.05	0.95				
	115	2	105.83659080164914	21.367639783298248	0.0	0.0	1	1.042450983970865	13.893427958377789	230.0	16	1.05	0.95				
	116	2	33.386937161403516	6.677387432280703	0.0	0.0	1	1.0413804106724425	12.034626589796387	230.0	16	1.05	0.95				
	117	1	0.0	0.0	0.0	0.0	1	1.0409492085264818	18.031053648921336	230.0	17	1.05	0.95				
	118	2	111.1785007474737	22.70311726975439	0.0	0.0	1	1.049999937118896	18.632119195340078	230.0	17	1.05	0.95				
	119	1	60.430356262140364	12.3531667497193	0.0	0.0	1	1.036639447296722	7.6317450141956575	230.0	15	1.05	0.95				
	120	1	42.735279566596496	8.680603661964915	0.0	0.0	1	1.0387850554849485	4.439956545604679	230.0	15	1.05	0.95				
	121	2	0.0	0.0	0.0	0.0	1	1.0433486078388174	20.06129430434994	230.0	17	1.05	0.95				
	122	2	0.0	0.0	0.0	0.0	1	1.05	38.021767337940794	230.0	17	1.05	0.95				
	123	2	0.0	0.0	0.0	0.0	1	1.0409153001950082	2.9419591466950497	230.0	15	1.05	0.95				
	124	1	0.0	0.0	0.0	0.0	1	1.0224180705971124	9.622422078042616	230.0	16	1.05	0.95				
	201	2	35.597670392842105	7.251377302245614	0.0	0.0	2	1.0141324250600223	-15.602054390363522	138.0	21	1.05	0.95				
	202	2	31.971981741719297	6.59216118385965	0.0	0.0	2	1.0133046895899533	-15.89523890015844	138.0	22	1.05	0.95				
	203	1	59.329450654736846	12.19549819014035	0.0	0.0	2	1.0121109540577884	-11.605346108767923	138.0	21	1.05	0.95				
	204	1	24.3909963802807	4.944120887894736	0.0	0.0	2	1.0128375939716372	-15.810536086720482	138.0	21	1.05	0.95				
	205	1	23.402172202701756	4.614512828701755	0.0	0.0	2	1.0282507944468633	-16.226661962607636	138.0	21	1.05	0.95				
	206	1	44.826696050245616	9.22902565740351	0.0	-100.0	2	1.044542030184029	-17.02391956863386	138.0	22	1.05	0.95				
	207	2	41.20100739912281	8.240201479824561	0.0	0.0	2	0.9973884907009074	-20.865486412932885	138.0	22	1.05	0.95				
	208	1	56.36297812200001	11.536282071754385	0.0	0.0	2	1.00488538204758	-19.4371974769322	138.0	22	1.05	0.95				
	209	1	57.681410358771934	11.865890130947369	0.0	0.0	2	1.0210952121253445	-14.362609518813363	138.0	23	1.05	0.95				
	210	1	64.27357154263159	13.1843223677193	0.0	0.0	2	1.05	-15.786614888869073	138.0	23	1.05	0.95				
	211	1	0.0	0.0	0.0	0.0	2	1.0027612562498525	-12.04312243329034	230.0	23	1.05	0.95				
	212	1	0.0	0.0	0.0	0.0	2	1.0047780618345505	-11.832853212752218	230.0	23	1.05	0.95				
	213	2	87.34613568614034	17.798835196421052	0.0	0.0	2	0.9936469663680595	-11.32467826818152	230.0	24	1.05	0.95				
	214	2	63.943963483438594	12.854714308526315	0.0	0.0	2	1.0043422766450787	-9.509295822338133	230.0	26	1.05	0.95				
	215	2	104.48575476417543	21.094915788350878	0.0	0.0	2	1.0212034596194448	-2.914855792206856	230.0	26	1.05	0.95				
	216	2	32.960805919298245	6.59216118385965	0.0	0.0	2	1.0225434408774399	-3.955108498865335	230.0	26	1.05	0.95				
	217	1	0.0	0.0	0.0	0.0	2	1.0310159965518206	-1.456537617171955	230.0	27	1.05	0.95				
	218	2	109.75948371126316	22.413348025122808	0.0	0.0	2	1.030280611430808	-1.8250503361932948	230.0	27	1.05	0.95				
	219	1	59.659058713929824	12.19549819014035	0.0	0.0	2	1.019288836304977	-4.999503671218612	230.0	25	1.05	0.95				
	220	1	42.189831576701756	8.569809539017545	0.0	0.0	2	1.0183697339830857	-5.254326699895725	230.0	25	1.05	0.95				
	221	2	0.0	0.0	0.0	0.0	2	1.0304586961237188	-1.3909142209358873	230.0	27	1.05	0.95				
	222	2	0.0	0.0	0.0	0.0	2	1.05	5.076485425346081	230.0	27	1.05	0.95				
	223	2	0.0	0.0	0.0	0.0	2	1.0179454585283314	-5.134055292224456	230.0	25	1.05	0.95				
	224	1	0.0	0.0	0.0	0.0	2	1.0070258451703842	-6.1713573887545605	230.0	26	1.05	0.95				
	301	2	44.0746599031579	8.978171461754386	0.0	0.0	3	1.011438146640623	-2.772020083776306	138.0	31	1.05	0.95				
	302	2	39.5855741722807	8.161974056140352	0.0	0.0	3	1.011197517354452	-2.925418166188171	138.0	32	1.05	0.95				
	303	1	73.45776650526315	15.099652003859648	0.0	0.0	3	1.0372229201186205	4.400507840730404	138.0	31	1.05	0.95				
	304	1	30.199304007719295	6.121480542105263	0.0	0.0	3	1.0137856480858292	-1.4092732123637122	138.0	31	1.05	0.95				
	305	1	28.975007899298244	5.713381839298246	0.0	0.0	3	1.025698720736463	-2.8309303694548413	138.0	31	1.05	0.95				
	306	1	55.501423581754395	11.426763678596492	0.0	-100.0	3	1.0418422544225647	-3.3532514023332576	138.0	32	1.05	0.95				
	307	2	51.0123378508772	10.202467570175438	0.0	0.0	3	0.9894954998843423	-7.246686566504746	138.0	32	1.05	0.95				
	308	1	69.78487817999999	14.283454598245612	0.0	0.0	3	0.9987687083759064	-5.450372291506411	138.0	32	1.05	0.95				
	309	1	71.41727299122806	14.691553301052632	0.0	0.0	3	1.0285651528059183	1.4945810364463035	138.0	33	1.05	0.95				
	310	1	79.57924704736841	16.323948112280704	0.0	0.0	3	1.05	-1.574691236703474	138.0	33	1.05	0.95				
	311	1	0.0	0.0	0.0	0.0	3	1.006605298313805	3.2680714137161218	230.0	33	1.05	0.95				
	312	1	0.0	0.0	0.0	0.0	3	1.0104262011928775	3.6698725531640854	230.0	33	1.05	0.95				
	313	2	108.14615624385964	22.03732995157895	0.0	0.0	3	1.006410388924447	5.6864463863131505	230.0	34	1.05	0.95				
	314	2	79.1711483445614	15.915849409473685	0.0	0.0	3	1.0018307498244234	4.603497561248795	230.0	36	1.05	0.95				
	315	2	129.36728878982456	26.118316979649126	0.0	0.0	3	1.0368897294855686	8.522243677798697	230.0	36	1.05	0.95				
	316	2	40.80987028070175	8.161974056140352	0.0	0.0	3	1.03498627211006	8.83510707990895	230.0	36	1.05	0.95				
	317	1	0.0	0.0	0.0	0.0	3	1.05	13.569795916670804	230.0	37	1.05	0.95				
	318	2	135.89686803473683	27.750711790877197	0.0	0.0	3	1.0468171962296784	10.481466565392694	230.0	37	1.05	0.95				
	319	1	73.86586520807018	15.099652003859648	0.0	0.0	3	1.0246879529172688	8.0063148159594	230.0	35	1.05	0.95				
	320	1	52.23663395929825	10.610566272982457	0.0	0.0	3	1.0184498270290308	8.077646393007841	230.0	35	1.05	0.95				
	321	2	0.0	0.0	0.0	0.0	3	1.0446544462306095	10.491245954133289	230.0	37	1.05	0.95				
	322	2	0.0	0.0	0.0	0.0	3	1.05	16.04139442547688	230.0	37	1.05	0.95				
	323	2	0.0	0.0	0.0	0.0	3	1.0155128575035188	8.440079388859342	230.0	35	1.05	0.95				
	324	1	0.0	0.0	0.0	0.0	3	1.0303848552610233	6.96698102753012	230.0	36	1.05	0.95				
	325	1	0.0	0.0	0.0	0.0	3	1.015062423488053	9.438440408275255	230.0	35	1.05	0.95				
];
