%% MATPOWER Case Format : Version 2
function mpc = RTS_GMLC
mpc.version = '2';

%%-----  Power Flow Data  -----%%
%% system MVA base
mpc.baseMVA = 100.0;
%% bus data
%    bus_i    type    Pd    Qd    Gs    Bs    area    Vm    Va    baseKV    zone    Vmax    Vmin
mpc.bus = [
	101	2	67.25284510736842	13.699653632982455	0.0	0.0	1	1.0328335419520676	0.404103828889375	138.0	11	1.05	0.95				
	102	2	60.403018290877185	12.454230575438597	0.0	0.0	1	1.0328926735648338	0.3825438632025351	138.0	12	1.05	0.95				
	103	1	112.08807517894736	23.040326564561404	0.0	0.0	1	1.0230059334096078	-1.7728511097274362	138.0	11	1.05	0.95				
	104	1	46.08065312912281	9.340672931578947	0.0	0.0	1	1.018440711210622	-2.7900194223346393	138.0	11	1.05	0.95				
	105	1	44.21251854280702	8.717961402807019	0.0	0.0	1	1.033052578082254	-2.6487097134002937	138.0	11	1.05	0.95				
	106	1	84.68876791298247	17.435922805614037	0.0	-100.0	1	1.0398862024331645	-4.92596643967325	138.0	12	1.05	0.95				
	107	2	77.83894109649123	15.567788219298246	0.0	0.0	1	1.0469417825612262	0.14111265722938393	138.0	12	1.05	0.95				
	108	1	106.48367142	21.794903507017544	0.0	0.0	1	1.0271069690413732	-3.2454183943719794	138.0	12	1.05	0.95				
	109	1	108.97451753508771	22.417615035789474	0.0	0.0	1	1.026385290232331	-2.8669816913332298	138.0	13	1.05	0.95				
	110	1	121.42874811052631	24.908461150877194	0.0	0.0	1	1.05	-3.778659057584602	138.0	13	1.05	0.95				
	111	1	0.0	0.0	0.0	0.0	1	1.0086810899604626	-1.037775925741904	230.0	13	1.05	0.95				
	112	1	0.0	0.0	0.0	0.0	1	1.0134180789678164	-0.02908696934427137	230.0	13	1.05	0.95				
	113	3	165.0185551245614	33.62642255368421	0.0	0.0	1	1.005723353253137	1.890989908743857e-28	230.0	14	1.05	0.95				
	114	2	120.80603658175437	24.285749622105264	0.0	0.0	1	1.005749769108748	0.43564005593693855	230.0	16	1.05	0.95				
	115	2	197.39955462070176	39.85353784140351	0.0	0.0	1	1.0412984105796426	6.242207474557078	230.0	16	1.05	0.95				
	116	2	62.27115287719298	12.454230575438597	0.0	0.0	1	1.0382513232707282	6.230217687245821	230.0	16	1.05	0.95				
	117	1	0.0	0.0	0.0	0.0	1	1.0452726124686238	8.349522137901829	230.0	17	1.05	0.95				
	118	2	207.36293908105262	42.344383956491235	0.0	0.0	1	1.0480077102551997	8.572437172262577	230.0	17	1.05	0.95				
	119	1	112.71078670771931	23.040326564561404	0.0	0.0	1	1.033078244231636	5.800400456490798	230.0	15	1.05	0.95				
	120	1	79.70707568280702	16.190499748070174	0.0	0.0	1	1.0337167945999108	6.617896680668431	230.0	15	1.05	0.95				
	121	2	0.0	0.0	0.0	0.0	1	1.05	8.617542499797327	230.0	17	1.05	0.95				
	122	2	0.0	0.0	0.0	0.0	1	1.05	15.259707007456134	230.0	17	1.05	0.95				
	123	2	0.0	0.0	0.0	0.0	1	1.0357621349039483	7.5340131210542305	230.0	15	1.05	0.95				
	124	1	0.0	0.0	0.0	0.0	1	1.0241879421929139	3.269950123480657	230.0	16	1.05	0.95				
	201	2	60.179442783157896	12.258775381754386	0.0	0.0	2	1.031191152203863	-5.8353845901334775	138.0	21	1.05	0.95				
	202	2	54.0500550922807	11.14434125614035	0.0	0.0	2	1.03120774701771	-5.9156189945030535	138.0	22	1.05	0.95				
	203	1	100.29907130526317	20.61703132385965	0.0	0.0	2	1.0301689975454684	-3.901474265103185	138.0	21	1.05	0.95				
	204	1	41.2340626477193	8.358255942105263	0.0	0.0	2	1.0185250183745638	-8.308595985340622	138.0	21	1.05	0.95				
	205	1	39.56241145929825	7.801038879298246	0.0	0.0	2	1.0332651066954772	-8.58311618805495	138.0	21	1.05	0.95				
	206	1	75.78152054175439	15.602077758596492	0.0	-100.0	2	1.0415702229196981	-10.655316809973662	138.0	22	1.05	0.95				
	207	2	69.6521328508772	13.930426570175438	0.0	0.0	2	0.984956909438618	-19.051570150843517	138.0	22	1.05	0.95				
	208	1	95.28411774	19.502597198245613	0.0	0.0	2	0.9889611755470344	-16.42462979675959	138.0	22	1.05	0.95				
	209	1	97.51298599122808	20.05981426105263	0.0	0.0	2	1.0250797200533885	-8.002209023849032	138.0	23	1.05	0.95				
	210	1	108.65732724736843	22.2886825122807	0.0	0.0	2	1.05	-9.603692274507226	138.0	23	1.05	0.95				
	211	1	0.0	0.0	0.0	0.0	2	1.012730438615697	-4.980516436008897	230.0	23	1.05	0.95				
	212	1	0.0	0.0	0.0	0.0	2	1.0157615734358865	-4.601802023245479	230.0	23	1.05	0.95				
	213	2	147.66252164385963	30.089721391578948	0.0	0.0	2	1.0099388234458653	-3.9076445876399672	230.0	24	1.05	0.95				
	214	2	108.1001101845614	21.731465449473685	0.0	0.0	2	1.0194702926360497	-2.056277693689955	230.0	26	1.05	0.95				
	215	2	176.63780890982457	35.66189201964912	0.0	0.0	2	1.042477628887047	5.765547342542668	230.0	26	1.05	0.95				
	216	2	55.72170628070175	11.14434125614035	0.0	0.0	2	1.0441387535978257	5.376804354585519	230.0	26	1.05	0.95				
	217	1	0.0	0.0	0.0	0.0	2	1.0469475845826388	8.81117107160531	230.0	27	1.05	0.95				
	218	2	185.55328191473686	37.890760270877195	0.0	0.0	2	1.0499999193179534	9.931662683480814	230.0	27	1.05	0.95				
	219	1	100.85628836807017	20.61703132385965	0.0	0.0	2	1.0428191505071267	3.735454896785418	230.0	25	1.05	0.95				
	220	1	71.32378403929825	14.487643632982456	0.0	0.0	2	1.0463361309766506	3.359624939432455	230.0	25	1.05	0.95				
	221	2	0.0	0.0	0.0	0.0	2	1.05	10.247444532197845	230.0	27	1.05	0.95				
	222	2	0.0	0.0	0.0	0.0	2	1.05	16.19548318179979	230.0	27	1.05	0.95				
	223	2	0.0	0.0	0.0	0.0	2	1.0493107700767212	3.5618622153149646	230.0	25	1.05	0.95				
	224	1	0.0	0.0	0.0	0.0	2	1.0257529421512002	2.1522872395681576	230.0	26	1.05	0.95				
	301	2	62.182853545263164	12.666877574035087	0.0	0.0	3	1.0059077598129555	-32.81566704777322	138.0	31	1.05	0.95				
	302	2	55.84941475824561	11.515343249122807	0.0	0.0	3	1.0052711967506145	-32.95546042005934	138.0	32	1.05	0.95				
	303	1	103.63808924210527	21.303385010877193	0.0	0.0	3	1.0210031535088016	-25.641130836061034	138.0	31	1.05	0.95				
	304	1	42.606770021754386	8.636507436842104	0.0	0.0	3	1.0063465469852482	-30.968154439128732	138.0	31	1.05	0.95				
	305	1	40.87946853438596	8.060740274385966	0.0	0.0	3	1.0199681849037388	-31.892542217717544	138.0	31	1.05	0.95				
	306	1	78.30433409403508	16.12148054877193	0.0	-100.0	3	1.0353346274419157	-32.020921672351946	138.0	32	1.05	0.95				
	307	2	71.97089530701754	14.39417906140351	0.0	0.0	3	1.0051441087620088	-32.9259004974712	138.0	32	1.05	0.95				
	308	1	98.45618478	20.151850685964913	0.0	0.0	3	1.003756688914854	-32.68391971922607	138.0	32	1.05	0.95				
	309	1	100.75925342982457	20.72761784842105	0.0	0.0	3	1.027291886917696	-26.999312665723437	138.0	33	1.05	0.95				
	310	1	112.27459667894738	23.030686498245615	0.0	0.0	3	1.05	-29.1218025001121	138.0	33	1.05	0.95				
	311	1	0.0	0.0	0.0	0.0	3	1.0167674648105847	-22.212900757217135	230.0	33	1.05	0.95				
	312	1	0.0	0.0	0.0	0.0	3	1.017256250022118	-21.609942026829263	230.0	33	1.05	0.95				
	313	2	152.57829805087718	31.091426772631582	0.0	0.0	3	1.0231370064813916	-18.605006991206587	230.0	34	1.05	0.95				
	314	2	111.69882951649122	22.454919335789477	0.0	0.0	3	1.0266254068003875	-19.554073928853136	230.0	36	1.05	0.95				
	315	2	182.51819049859648	36.84909839719298	0.0	0.0	3	1.0482133163250085	-12.716570185971374	230.0	36	1.05	0.95				
	316	2	57.57671624561404	11.515343249122807	0.0	0.0	3	1.048277359299852	-12.367677833579428	230.0	36	1.05	0.95				
	317	1	0.0	0.0	0.0	0.0	3	1.0494772616378611	-9.605794220984352	230.0	37	1.05	0.95				
	318	2	191.73046509789472	39.15216704701754	0.0	0.0	3	1.0499999844755743	-8.955523583050713	230.0	37	1.05	0.95				
	319	1	104.2138564045614	21.303385010877193	0.0	0.0	3	1.0454624920662186	-13.541363387857032	230.0	35	1.05	0.95				
	320	1	73.69819679438596	14.969946223859651	0.0	0.0	3	1.0476275974677092	-13.484621404698455	230.0	35	1.05	0.95				
	321	2	0.0	0.0	0.0	0.0	3	1.05	-8.56514427686826	230.0	37	1.05	0.95				
	322	2	0.0	0.0	0.0	0.0	3	1.05	-3.197473059385252	230.0	37	1.05	0.95				
	323	2	0.0	0.0	0.0	0.0	3	1.0499998635160355	-13.032605403230939	230.0	35	1.05	0.95				
	324	1	0.0	0.0	0.0	0.0	3	1.0216298854487236	-17.4869236568744	230.0	36	1.05	0.95				
	325	1	0.0	0.0	0.0	0.0	3	1.0414705748139577	-11.283451441833293	230.0	35	1.05	0.95				
];
