%% MATPOWER Case Format : Version 2
function mpc = RTS_GMLC
mpc.version = '2';

%%-----  Power Flow Data  -----%%
%% system MVA base
mpc.baseMVA = 100.0;
%% bus data
%    bus_i    type    Pd    Qd    Gs    Bs    area    Vm    Va    baseKV    zone    Vmax    Vmin
mpc.bus = [
	101	2	38.52944086736842	7.84858980631579	0.0	0.0	1	1.0026447392874696	-1.438436839478963	138.0	11	1.05	0.95				
	102	2	34.60514596421053	7.135081642105264	0.0	0.0	1	1.0011787458216177	-1.93713213365904	138.0	12	1.05	0.95				
	103	1	64.21573477894738	13.199901037894737	0.0	0.0	1	1.0239048187468827	3.000732733783859	138.0	11	1.05	0.95				
	104	1	26.399802075789474	5.351311231578947	0.0	0.0	1	1.008515513112194	-2.7370016108589135	138.0	11	1.05	0.95				
	105	1	25.329539829473685	4.994557149473685	0.0	0.0	1	1.0218275069933442	-3.112397693325574	138.0	11	1.05	0.95				
	106	1	48.51855516631579	9.98911429894737	0.0	-100.0	1	1.040544109414426	-4.533416904024252	138.0	12	1.05	0.95				
	107	2	44.59426026315789	8.918852052631578	0.0	0.0	1	0.9804934619965927	-11.431289274800601	138.0	12	1.05	0.95				
	108	1	61.004948039999995	12.48639287368421	0.0	0.0	1	0.9933121583665698	-8.82153452374983	138.0	12	1.05	0.95				
	109	1	62.431964368421056	12.843146955789472	0.0	0.0	1	1.0240529394210973	-1.8869686405924626	138.0	13	1.05	0.95				
	110	1	69.56704601052631	14.270163284210527	0.0	0.0	1	1.05	-3.6115890528742964	138.0	13	1.05	0.95				
	111	1	0.0	0.0	0.0	0.0	1	1.0165368813264664	0.9115128877991515	230.0	13	1.05	0.95				
	112	1	0.0	0.0	0.0	0.0	1	1.0118914689810947	-0.6351029836533227	230.0	13	1.05	0.95				
	113	3	94.53983175789473	19.26472043368421	0.0	0.0	1	0.9892369863499864	6.624540900572274e-23	230.0	14	1.05	0.95				
	114	2	69.21029192842106	13.913409202105264	0.0	0.0	1	1.0499999998017269	5.235667369437919	230.0	16	1.05	0.95				
	115	2	113.09104402736843	22.832261254736842	0.0	0.0	1	1.04119006605444	16.000295254540713	230.0	16	1.05	0.95				
	116	2	35.675408210526314	7.135081642105264	0.0	0.0	1	1.0416414411154769	13.727095295838033	230.0	16	1.05	0.95				
	117	1	0.0	0.0	0.0	0.0	1	1.0400960261874799	20.44416449914526	230.0	17	1.05	0.95				
	118	2	118.79910934105264	24.259277583157896	0.0	0.0	1	1.05	21.350858339942153	230.0	17	1.05	0.95				
	119	1	64.57248886105263	13.199901037894737	0.0	0.0	1	1.0391761165849196	8.595038532563182	230.0	15	1.05	0.95				
	120	1	45.664522509473684	9.275606134736842	0.0	0.0	1	1.045206687659228	4.833532770404996	230.0	15	1.05	0.95				
	121	2	0.0	0.0	0.0	0.0	1	1.044536965871749	23.111366343826464	230.0	17	1.05	0.95				
	122	2	0.0	0.0	0.0	0.0	1	1.05	41.061713450868794	230.0	17	1.05	0.95				
	123	2	0.0	0.0	0.0	0.0	1	1.05	3.0475885757548533	230.0	15	1.05	0.95				
	124	1	0.0	0.0	0.0	0.0	1	1.0182990544066823	11.158464002100626	230.0	16	1.05	0.95				
	201	2	44.62458680842105	9.090193609122807	0.0	0.0	2	1.0217722320346185	-20.038277368772793	138.0	21	1.05	0.95				
	202	2	40.07949000385965	8.263812371929824	0.0	0.0	2	1.0208213557913954	-20.35283549669083	138.0	22	1.05	0.95				
	203	1	74.37431134736842	15.288052888070174	0.0	0.0	2	1.0114172809056952	-14.655572280220118	138.0	21	1.05	0.95				
	204	1	30.57610577614035	6.197859278947368	0.0	0.0	2	1.0140679158713266	-19.90972818230546	138.0	21	1.05	0.95				
	205	1	29.33653392035087	5.784668660350877	0.0	0.0	2	1.0309768695842643	-20.47089929470779	138.0	21	1.05	0.95				
	206	1	56.193924129122806	11.569337320701754	0.0	-100.0	2	1.044037397977287	-21.234287360482693	138.0	22	1.05	0.95				
	207	2	51.648827324561395	10.32976546491228	0.0	0.0	2	1.002455171642774	-26.21177065525488	138.0	22	1.05	0.95				
	208	1	70.65559577999998	14.461671650877191	0.0	0.0	2	1.004359108032425	-24.315420720387554	138.0	22	1.05	0.95				
	209	1	72.30835825438596	14.874862269473683	0.0	0.0	2	1.0204612063482135	-17.830715450323208	138.0	23	1.05	0.95				
	210	1	80.57217062631578	16.527624743859647	0.0	0.0	2	1.0499999810091698	-19.581837907025825	138.0	23	1.05	0.95				
	211	1	0.0	0.0	0.0	0.0	2	1.007967223793593	-14.891281716301235	230.0	23	1.05	0.95				
	212	1	0.0	0.0	0.0	0.0	2	0.9991767675931866	-14.29813586894815	230.0	23	1.05	0.95				
	213	2	109.49551392807015	22.312293404210525	0.0	0.0	2	0.9958223163036453	-13.68188897813139	230.0	24	1.05	0.95				
	214	2	80.1589800077193	16.11443412526316	0.0	0.0	2	1.0203247876793078	-12.06961654235492	230.0	26	1.05	0.95				
	215	2	130.98142609508773	26.444199590175437	0.0	0.0	2	1.0277845690514102	-4.52608974808833	230.0	26	1.05	0.95				
	216	2	41.31906185964912	8.263812371929824	0.0	0.0	2	1.0273508352217846	-5.465985481881817	230.0	26	1.05	0.95				
	217	1	0.0	0.0	0.0	0.0	2	1.0364384112662053	-2.8537207685949926	230.0	27	1.05	0.95				
	218	2	137.5924759926316	28.096962064561403	0.0	0.0	2	1.0365665314172257	-3.4320147939734653	230.0	27	1.05	0.95				
	219	1	74.7875019659649	15.288052888070174	0.0	0.0	2	1.0131880955046055	-5.906010177685052	230.0	25	1.05	0.95				
	220	1	52.88839918035087	10.742956083508771	0.0	0.0	2	1.0036588672848945	-5.464367576749949	230.0	25	1.05	0.95				
	221	2	0.0	0.0	0.0	0.0	2	1.0361542079509443	-2.994356968428833	230.0	27	1.05	0.95				
	222	2	0.0	0.0	0.0	0.0	2	1.05	3.5598817780261074	230.0	27	1.05	0.95				
	223	2	0.0	0.0	0.0	0.0	2	0.9990707253814298	-4.879972543787582	230.0	25	1.05	0.95				
	224	1	0.0	0.0	0.0	0.0	2	1.0091677071440097	-8.296913771321936	230.0	26	1.05	0.95				
	301	2	48.789623520000006	9.938627013333333	0.0	0.0	3	1.020225211390617	14.574037400492315	138.0	31	1.05	0.95				
	302	2	43.82031001333333	9.035115466666667	0.0	0.0	3	1.017707782070089	14.223222950637247	138.0	32	1.05	0.95				
	303	1	81.3160392	16.71496361333333	0.0	0.0	3	1.05	30.134258733196738	138.0	31	1.05	0.95				
	304	1	33.42992722666666	6.776336599999999	0.0	0.0	3	1.0087417890135728	15.756277190722443	138.0	31	1.05	0.95				
	305	1	32.07465990666666	6.324580826666668	0.0	0.0	3	1.0259838627243119	12.981938592265585	138.0	31	1.05	0.95				
	306	1	61.43878517333333	12.649161653333335	0.0	-100.0	3	1.0362836842973873	11.547884942828906	138.0	32	1.05	0.95				
	307	2	56.46947166666667	11.293894333333334	0.0	0.0	3	0.95	7.777925671348299	138.0	32	1.05	0.95				
	308	1	77.25023723999999	15.811452066666664	0.0	0.0	3	0.9691971196984722	9.780850971428867	138.0	32	1.05	0.95				
	309	1	79.05726033333333	16.26320784	0.0	0.0	3	1.0159085616027046	18.904342965247952	138.0	33	1.05	0.95				
	310	1	88.0923758	18.070230933333335	0.0	0.0	3	1.0427844352220996	12.831838966429611	138.0	33	1.05	0.95				
	311	1	0.0	0.0	0.0	0.0	3	1.0039948871251052	16.760437353114032	230.0	33	1.05	0.95				
	312	1	0.0	0.0	0.0	0.0	3	1.00906977216616	16.99644106726701	230.0	33	1.05	0.95				
	313	2	119.71527993333333	24.394811760000003	0.0	0.0	3	1.0040313106452878	17.57834233168784	230.0	34	1.05	0.95				
	314	2	87.64062002666665	17.61847516	0.0	0.0	3	1.0004656592698067	17.038072026410966	230.0	36	1.05	0.95				
	315	2	143.20658014666668	28.912369493333333	0.0	0.0	3	1.05	20.4568556846407	230.0	36	1.05	0.95				
	316	2	45.17557733333334	9.035115466666667	0.0	0.0	3	1.0360328493748487	20.101619679724976	230.0	36	1.05	0.95				
	317	1	0.0	0.0	0.0	0.0	3	1.0432911113840235	24.3859061871013	230.0	37	1.05	0.95				
	318	2	150.43467252	30.719392586666665	0.0	0.0	3	1.0343042103149858	20.679691936290627	230.0	37	1.05	0.95				
	319	1	81.76779497333334	16.71496361333333	0.0	0.0	3	1.0261083074720587	18.743832333155385	230.0	35	1.05	0.95				
	320	1	57.82473898666667	11.745650106666668	0.0	0.0	3	1.02091032752747	18.43115905994525	230.0	35	1.05	0.95				
	321	2	0.0	0.0	0.0	0.0	3	1.0496100690958379	21.23368038527602	230.0	37	1.05	0.95				
	322	2	0.0	0.0	0.0	0.0	3	1.05	26.80543515445761	230.0	37	1.05	0.95				
	323	2	0.0	0.0	0.0	0.0	3	1.018692924328759	18.611321525632935	230.0	35	1.05	0.95				
	324	1	0.0	0.0	0.0	0.0	3	1.0469418955770884	24.155010532740015	230.0	36	1.05	0.95				
	325	1	0.0	0.0	0.0	0.0	3	1.0206905991835327	19.00887459516373	230.0	35	1.05	0.95				
];
