%% MATPOWER Case Format : Version 2
function mpc = RTS_GMLC
mpc.version = '2';

%%-----  Power Flow Data  -----%%
%% system MVA base
mpc.baseMVA = 100.0;
%% bus data
%    bus_i    type    Pd    Qd    Gs    Bs    area    Vm    Va    baseKV    zone    Vmax    Vmin
mpc.bus = [
	101	2	35.56358238315789	7.244433448421052	0.0	0.0	1	1.0107873267517185	1.2341416468625395	138.0	11	1.05	0.95				
	102	2	31.94136565894737	6.5858485894736845	0.0	0.0	1	1.0088207565469736	0.65463895428128	138.0	12	1.05	0.95				
	103	1	59.27263730526315	12.183819890526316	0.0	0.0	1	1.0283604800664616	4.128217323483544	138.0	11	1.05	0.95				
	104	1	24.36763978105263	4.9393864421052625	0.0	0.0	1	1.0125930707999713	-0.7034929930993752	138.0	11	1.05	0.95				
	105	1	23.379762492631578	4.6100940126315795	0.0	0.0	1	1.0261936087843253	-0.8598877275341281	138.0	11	1.05	0.95				
	106	1	44.783770408421056	9.220188025263159	0.0	-100.0	1	1.0430124702499965	-2.5076630382391367	138.0	12	1.05	0.95				
	107	2	41.16155368421053	8.232310736842106	0.0	0.0	1	0.9837547800382607	-7.520089441304985	138.0	12	1.05	0.95				
	108	1	56.30900543999999	11.525235031578946	0.0	0.0	1	0.9973831373128804	-5.832610870103346	138.0	12	1.05	0.95				
	109	1	57.626175157894735	11.85452746105263	0.0	0.0	1	1.0242362878070101	-0.4249652649860721	138.0	13	1.05	0.95				
	110	1	64.21202374736842	13.171697178947369	0.0	0.0	1	1.05	-1.8819916435859518	138.0	13	1.05	0.95				
	111	1	0.0	0.0	0.0	0.0	1	1.0125504459088153	1.5964881924664631	230.0	13	1.05	0.95				
	112	1	0.0	0.0	0.0	0.0	1	1.008811080570188	0.30463073638754	230.0	13	1.05	0.95				
	113	3	87.26249381052631	17.781791191578947	0.0	0.0	1	0.9847224139151103	-1.5487450801229947e-27	230.0	14	1.05	0.95				
	114	2	63.88273131789474	12.842404749473685	0.0	0.0	1	1.0397179370159508	5.661304941169122	230.0	16	1.05	0.95				
	115	2	104.38570014315789	21.07471548631579	0.0	0.0	1	1.0424119415468063	15.435040863627952	230.0	16	1.05	0.95				
	116	2	32.92924294736842	6.5858485894736845	0.0	0.0	1	1.0411773632395454	13.515612234810726	230.0	16	1.05	0.95				
	117	1	0.0	0.0	0.0	0.0	1	1.0407448238379038	19.576320908356276	230.0	17	1.05	0.95				
	118	2	109.65437901473685	22.391885204210528	0.0	0.0	1	1.0498921738303917	20.205368796398204	230.0	17	1.05	0.95				
	119	1	59.60192973473685	12.183819890526316	0.0	0.0	1	1.0358333373721755	9.107660332553284	230.0	15	1.05	0.95				
	120	1	42.14943097263158	8.56160316631579	0.0	0.0	1	1.0374271355238154	5.8997252558686295	230.0	15	1.05	0.95				
	121	2	0.0	0.0	0.0	0.0	1	1.0432681847314793	21.650476878159818	230.0	17	1.05	0.95				
	122	2	0.0	0.0	0.0	0.0	1	1.05	39.61162714289056	230.0	17	1.05	0.95				
	123	2	0.0	0.0	0.0	0.0	1	1.0392485740302386	4.388989437752381	230.0	15	1.05	0.95				
	124	1	0.0	0.0	0.0	0.0	1	1.0230052751398018	11.212932126661721	230.0	16	1.05	0.95				
	201	2	36.49866204884211	7.434912639578947	0.0	0.0	2	1.015509496560223	-12.511485272084705	138.0	21	1.05	0.95				
	202	2	32.78120572905263	6.759011490526317	0.0	0.0	2	1.0146932723144757	-12.794740120669877	138.0	22	1.05	0.95				
	203	1	60.831103414736845	12.504171257473685	0.0	0.0	2	1.011970192134804	-8.762612242823751	138.0	21	1.05	0.95				
	204	1	25.00834251494737	5.069258617894736	0.0	0.0	2	1.0133497627698376	-12.636368876390284	138.0	21	1.05	0.95				
	205	1	23.99449079136842	4.731308043368421	0.0	0.0	2	1.028837445110035	-13.032692117045396	138.0	21	1.05	0.95				
	206	1	45.96127813557895	9.462616086736842	0.0	-100.0	2	1.044663052343098	-13.77872570194126	138.0	22	1.05	0.95				
	207	2	42.243821815789474	8.448764363157894	0.0	0.0	2	0.9987693174271545	-17.74655753141865	138.0	22	1.05	0.95				
	208	1	57.789548244	11.828270108421052	0.0	0.0	2	1.0053951456068209	-16.26895498037375	138.0	22	1.05	0.95				
	209	1	59.141350542105265	12.166220682947367	0.0	0.0	2	1.0212204043619675	-11.095536743239508	138.0	23	1.05	0.95				
	210	1	65.90036203263158	13.518022981052633	0.0	0.0	2	1.05	-12.464140494145642	138.0	23	1.05	0.95				
	211	1	0.0	0.0	0.0	0.0	2	1.0027493465822694	-8.596220848605842	230.0	23	1.05	0.95				
	212	1	0.0	0.0	0.0	0.0	2	1.0035502343437077	-8.260418059211903	230.0	23	1.05	0.95				
	213	2	89.55690224947368	18.249331024421053	0.0	0.0	2	0.9937182400868153	-7.711535287802208	230.0	24	1.05	0.95				
	214	2	65.56241145810526	13.180072406526316	0.0	0.0	2	1.0046367261308213	-6.054247370981369	230.0	26	1.05	0.95				
	215	2	107.13033212484208	21.62883676968421	0.0	0.0	2	1.018994215777398	-0.014767510606344594	230.0	26	1.05	0.95				
	216	2	33.795057452631575	6.759011490526317	0.0	0.0	2	1.0207272177010558	-0.41190239097498593	230.0	26	1.05	0.95				
	217	1	0.0	0.0	0.0	0.0	2	1.029636035012891	1.497928228583587	230.0	27	1.05	0.95				
	218	2	112.53754131726315	22.980639067789475	0.0	0.0	2	1.0283446529521683	1.1032707255378598	230.0	27	1.05	0.95				
	219	1	61.169053989263155	12.504171257473685	0.0	0.0	2	1.0166042795518015	-1.2044482018765519	230.0	25	1.05	0.95				
	220	1	43.25767353936842	8.786714937684211	0.0	0.0	2	1.014950656171426	-1.2206865719217854	230.0	25	1.05	0.95				
	221	2	0.0	0.0	0.0	0.0	2	1.0286771881237846	1.5307213504552812	230.0	27	1.05	0.95				
	222	2	0.0	0.0	0.0	0.0	2	1.05	8.009345406740293	230.0	27	1.05	0.95				
	223	2	0.0	0.0	0.0	0.0	2	1.0141999943189541	-0.9604607962054138	230.0	25	1.05	0.95				
	224	1	0.0	0.0	0.0	0.0	2	1.0055529896167053	-3.300093798310797	230.0	26	1.05	0.95				
	301	2	40.35052197473684	8.219550772631578	0.0	0.0	3	1.013226153579322	1.4778498939311235	138.0	31	1.05	0.95				
	302	2	36.240746588421054	7.472318884210526	0.0	0.0	3	1.0130563230992091	1.2809765336854115	138.0	32	1.05	0.95				
	303	1	67.25086995789474	13.823789935789474	0.0	0.0	3	1.0374494109994103	9.469791418814575	138.0	31	1.05	0.95				
	304	1	27.647579871578948	5.604239163157895	0.0	0.0	3	1.014023773659987	2.370003283264851	138.0	31	1.05	0.95				
	305	1	26.526732038947365	5.230623218947369	0.0	0.0	3	1.0271473252817809	1.186278638506736	138.0	31	1.05	0.95				
	306	1	50.81176841263157	10.461246437894738	0.0	-100.0	3	1.0432728278789574	0.5563359360109003	138.0	32	1.05	0.95				
	307	2	46.70199302631578	9.340398605263157	0.0	0.0	3	0.9930187515567049	-3.1306199989842227	138.0	32	1.05	0.95				
	308	1	63.88832646	13.076558047368419	0.0	0.0	3	1.0015925194267474	-1.498927791829223	138.0	32	1.05	0.95				
	309	1	65.3827902368421	13.450173991578945	0.0	0.0	3	1.0257245703121447	4.799407279151167	138.0	33	1.05	0.95				
	310	1	72.85510912105264	14.944637768421051	0.0	0.0	3	1.05	2.09948694689924	138.0	33	1.05	0.95				
	311	1	0.0	0.0	0.0	0.0	3	1.0033796487748048	6.230890314179094	230.0	33	1.05	0.95				
	312	1	0.0	0.0	0.0	0.0	3	1.0087527234020262	6.9327235180488165	230.0	33	1.05	0.95				
	313	2	99.00822521578947	20.17526098736842	0.0	0.0	3	1.0052174097268656	9.377672989432455	230.0	34	1.05	0.95				
	314	2	72.48149317684211	14.571021824210526	0.0	0.0	3	0.9938450779539999	6.4048363145737275	230.0	36	1.05	0.95				
	315	2	118.43625431473683	23.911420429473683	0.0	0.0	3	1.0212680679909858	8.339570079176307	230.0	36	1.05	0.95				
	316	2	37.36159442105263	7.472318884210526	0.0	0.0	3	1.0183136811764848	8.881953401111728	230.0	36	1.05	0.95				
	317	1	0.0	0.0	0.0	0.0	3	1.0269930658705366	9.957070051605633	230.0	37	1.05	0.95				
	318	2	124.41410942210527	25.405884206315786	0.0	0.0	3	1.0245462890959334	8.380708817513678	230.0	37	1.05	0.95				
	319	1	67.62448590210526	13.823789935789474	0.0	0.0	3	1.0127387964252748	8.877819204243842	230.0	35	1.05	0.95				
	320	1	47.822840858947366	9.714014549473685	0.0	0.0	3	1.0102029236668641	9.626276237406817	230.0	35	1.05	0.95				
	321	2	0.0	0.0	0.0	0.0	3	1.0255777819722414	8.965224098059968	230.0	37	1.05	0.95				
	322	2	0.0	0.0	0.0	0.0	3	1.039714710533074	13.747567913879884	230.0	37	1.05	0.95				
	323	2	0.0	0.0	0.0	0.0	3	1.0093477596542513	10.33925680204264	230.0	35	1.05	0.95				
	324	1	0.0	0.0	0.0	0.0	3	1.0238698256786904	8.763458172544006	230.0	36	1.05	0.95				
	325	1	0.0	0.0	0.0	0.0	3	1.0095436156787059	11.320542629610824	230.0	35	1.05	0.95				
];
