%% MATPOWER Case Format : Version 2
function mpc = RTS_GMLC
mpc.version = '2';

%%-----  Power Flow Data  -----%%
%% system MVA base
mpc.baseMVA = 100.0;
%% bus data
%    bus_i    type    Pd    Qd    Gs    Bs    area    Vm    Va    baseKV    zone    Vmax    Vmin
mpc.bus = [
	101	2	45.7837704	9.326323599999998	0.0	0.0	1	1.0293595399501232	0.6703226599791465	138.0	11	1.05	0.95				
	102	2	41.1206086	8.478476	0.0	0.0	1	1.027401953195746	0.14402301510467963	138.0	12	1.05	0.95				
	103	1	76.30628399999999	15.685180599999999	0.0	0.0	1	1.0347138360073016	1.7325971851762052	138.0	11	1.05	0.95				
	104	1	31.370361199999998	6.3588569999999995	0.0	0.0	1	1.0224132614578012	-1.6258951105881916	138.0	11	1.05	0.95				
	105	1	30.0985898	5.9349332	0.0	0.0	1	1.0339556338232803	-2.253599509317258	138.0	11	1.05	0.95				
	106	1	57.653636799999994	11.8698664	0.0	-100.0	1	1.0444200922872493	-4.423434658226022	138.0	12	1.05	0.95				
	107	2	52.99047499999999	10.598094999999999	0.0	0.0	1	0.9995734772931191	-10.592836573488997	138.0	12	1.05	0.95				
	108	1	72.49096979999999	14.837332999999997	0.0	0.0	1	1.003451622465515	-8.743487830200976	138.0	12	1.05	0.95				
	109	1	74.18666499999999	15.261256799999998	0.0	0.0	1	1.0253226089100098	-2.4094668562640713	138.0	13	1.05	0.95				
	110	1	82.66514099999999	16.956952	0.0	0.0	1	1.05	-3.8664603553740715	138.0	13	1.05	0.95				
	111	1	0.0	0.0	0.0	0.0	1	1.0054483755164185	-0.4455045248982186	230.0	13	1.05	0.95				
	112	1	0.0	0.0	0.0	0.0	1	1.0093862855825637	-1.092044232357024	230.0	13	1.05	0.95				
	113	3	112.339807	22.8918852	0.0	0.0	1	0.9979840638908605	1.3708662074778002e-29	230.0	14	1.05	0.95				
	114	2	82.2412172	16.5330282	0.0	0.0	1	1.0052066338477217	1.9804020583354545	230.0	16	1.05	0.95				
	115	2	134.3838446	27.131123199999998	0.0	0.0	1	1.0415946202825082	9.26578881399553	230.0	16	1.05	0.95				
	116	2	42.392379999999996	8.478476	0.0	0.0	1	1.0362919790724778	7.847137730852881	230.0	16	1.05	0.95				
	117	1	0.0	0.0	0.0	0.0	1	1.0429432108541608	12.152205585811837	230.0	17	1.05	0.95				
	118	2	141.1666254	28.826818399999997	0.0	0.0	1	1.0483363384370747	13.054527267060584	230.0	17	1.05	0.95				
	119	1	76.73020779999999	15.685180599999999	0.0	0.0	1	1.0248950366949696	4.894489071615638	230.0	15	1.05	0.95				
	120	1	54.262246399999995	11.0220188	0.0	0.0	1	1.0188389575758827	2.6073596628033213	230.0	15	1.05	0.95				
	121	2	0.0	0.0	0.0	0.0	1	1.05	14.415905818316581	230.0	17	1.05	0.95				
	122	2	0.0	0.0	0.0	0.0	1	1.05	22.70658540507851	230.0	17	1.05	0.95				
	123	2	0.0	0.0	0.0	0.0	1	1.0163801768432579	1.671461689746863	230.0	15	1.05	0.95				
	124	1	0.0	0.0	0.0	0.0	1	1.0292672921722865	6.437972050268556	230.0	16	1.05	0.95				
	201	2	46.05257357052632	9.381079801403509	0.0	0.0	2	1.0152255943855937	-13.908234973322138	138.0	21	1.05	0.95				
	202	2	41.36203366982456	8.528254364912282	0.0	0.0	2	1.0144143984521097	-14.16600161811796	138.0	22	1.05	0.95				
	203	1	76.75428928421053	15.777270575087721	0.0	0.0	2	1.0139532385197132	-10.61110972027321	138.0	21	1.05	0.95				
	204	1	31.554541150175442	6.39619077368421	0.0	0.0	2	1.012438341496422	-13.548320270871624	138.0	21	1.05	0.95				
	205	1	30.275302995438597	5.9697780554385975	0.0	0.0	2	1.0273673067973836	-13.934670164104489	138.0	21	1.05	0.95				
	206	1	57.99212968140351	11.939556110877195	0.0	-100.0	2	1.042105463637793	-14.477718989891526	138.0	22	1.05	0.95				
	207	2	53.301589780701754	10.660317956140352	0.0	0.0	2	0.9977370660637848	-19.624557966638594	138.0	22	1.05	0.95				
	208	1	72.91657482000001	14.92444513859649	0.0	0.0	2	1.0017641174255434	-17.6838997710158	138.0	22	1.05	0.95				
	209	1	74.62222569298245	15.350857856842106	0.0	0.0	2	1.0233899533364494	-11.279743952334849	138.0	23	1.05	0.95				
	210	1	83.15048005789474	17.056508729824564	0.0	0.0	2	1.05	-12.590212161715035	138.0	23	1.05	0.95				
	211	1	0.0	0.0	0.0	0.0	2	1.004365596491237	-9.103372288989089	230.0	23	1.05	0.95				
	212	1	0.0	0.0	0.0	0.0	2	1.0104288743549765	-5.018068668421578	230.0	23	1.05	0.95				
	213	2	112.99937033508772	23.02628678526316	0.0	0.0	2	0.9989527027466267	-7.32980897574459	230.0	24	1.05	0.95				
	214	2	82.72406733964912	16.63009601157895	0.0	0.0	2	1.0024345586711427	-7.6913026537934295	230.0	26	1.05	0.95				
	215	2	135.17283168385964	27.290413967719303	0.0	0.0	2	1.0190172191269438	-1.9505968215477594	230.0	26	1.05	0.95				
	216	2	42.64127182456141	8.528254364912282	0.0	0.0	2	1.0176069860543098	-3.052740868759604	230.0	26	1.05	0.95				
	217	1	0.0	0.0	0.0	0.0	2	1.0233928228207754	-1.1276208689576024	230.0	27	1.05	0.95				
	218	2	141.99543517578948	28.996064840701756	0.0	0.0	2	1.0231655941819795	-1.5103831936732577	230.0	27	1.05	0.95				
	219	1	77.18070200245614	15.777270575087721	0.0	0.0	2	1.014761977274266	-3.9075858370237895	230.0	25	1.05	0.95				
	220	1	54.580827935438606	11.086730674385965	0.0	0.0	2	1.0152897674533876	-3.8009056128444634	230.0	25	1.05	0.95				
	221	2	0.0	0.0	0.0	0.0	2	1.0253292388739619	-0.8560888175636542	230.0	27	1.05	0.95				
	222	2	0.0	0.0	0.0	0.0	2	1.047126978330773	5.563509199878115	230.0	27	1.05	0.95				
	223	2	0.0	0.0	0.0	0.0	2	1.0161839120631269	-3.4071496021340417	230.0	25	1.05	0.95				
	224	1	0.0	0.0	0.0	0.0	2	1.0064056299700055	-5.209824114937483	230.0	26	1.05	0.95				
	301	2	69.22113256421054	14.100601077894737	0.0	0.0	3	0.9988604627094876	-1.4449990363926193	138.0	31	1.05	0.95				
	302	2	62.17083202526316	12.818728252631582	0.0	0.0	3	0.9986025729289955	-1.5253840749784822	138.0	32	1.05	0.95				
	303	1	115.36855427368423	23.71464726736842	0.0	0.0	3	1.0195254821083752	3.265362438232687	138.0	31	1.05	0.95				
	304	1	47.42929453473684	9.614046189473683	0.0	0.0	3	1.0019954986659767	0.6638925969422655	138.0	31	1.05	0.95				
	305	1	45.5064852968421	8.973109776842106	0.0	0.0	3	1.0146417443957707	0.3859394701241408	138.0	31	1.05	0.95				
	306	1	87.16735211789475	17.946219553684212	0.0	-100.0	3	1.0313788426412882	0.6965079314919541	138.0	32	1.05	0.95				
	307	2	80.11705157894737	16.023410315789473	0.0	0.0	3	0.9941678606083604	-3.5802545607157734	138.0	32	1.05	0.95				
	308	1	109.60012656	22.432774442105263	0.0	0.0	3	1.0011546194566268	-0.6574611452475824	138.0	32	1.05	0.95				
	309	1	112.16387221052632	23.07371085473684	0.0	0.0	3	1.0279109505414112	5.0557172122993395	138.0	33	1.05	0.95				
	310	1	124.9826004631579	25.637456505263163	0.0	0.0	3	1.05	4.2633399869695126	138.0	33	1.05	0.95				
	311	1	0.0	0.0	0.0	0.0	3	1.0174556457943817	10.773338010771523	230.0	33	1.05	0.95				
	312	1	0.0	0.0	0.0	0.0	3	1.0214516911841809	12.037786695583835	230.0	33	1.05	0.95				
	313	2	169.84814934736843	34.61056628210527	0.0	0.0	3	1.0379681500006288	17.980118459323343	230.0	34	1.05	0.95				
	314	2	124.34166405052632	24.99652009263158	0.0	0.0	3	1.0207314837026447	10.464121826481646	230.0	36	1.05	0.95				
	315	2	203.17684280421054	41.019930408421054	0.0	0.0	3	1.0363920106089453	6.869081719866891	230.0	36	1.05	0.95				
	316	2	64.09364126315789	12.818728252631582	0.0	0.0	3	1.037274000378354	8.19106790246153	230.0	36	1.05	0.95				
	317	1	0.0	0.0	0.0	0.0	3	1.0439890736588178	8.861531338246825	230.0	37	1.05	0.95				
	318	2	213.4318254063158	43.583676058947376	0.0	0.0	3	1.0402430582652427	6.6608275659149365	230.0	37	1.05	0.95				
	319	1	116.00949068631579	23.71464726736842	0.0	0.0	3	1.0358433181417375	10.57350143146749	230.0	35	1.05	0.95				
	320	1	82.03986081684211	16.66434672842105	0.0	0.0	3	1.037477117276048	12.376182977252254	230.0	35	1.05	0.95				
	321	2	0.0	0.0	0.0	0.0	3	1.0404437765672334	7.345263086923969	230.0	37	1.05	0.95				
	322	2	0.0	0.0	0.0	0.0	3	1.05	12.264538336312722	230.0	37	1.05	0.95				
	323	2	0.0	0.0	0.0	0.0	3	1.0383798534827695	13.023267229573584	230.0	35	1.05	0.95				
	324	1	0.0	0.0	0.0	0.0	3	1.026431907223153	7.536425409457895	230.0	36	1.05	0.95				
	325	1	0.0	0.0	0.0	0.0	3	1.0399585935543008	13.146649782991393	230.0	35	1.05	0.95				
];
