%% MATPOWER Case Format : Version 2
function mpc = RTS_GMLC
mpc.version = '2';

%%-----  Power Flow Data  -----%%
%% system MVA base
mpc.baseMVA = 100.0;
%% bus data
%    bus_i    type    Pd    Qd    Gs    Bs    area    Vm    Va    baseKV    zone    Vmax    Vmin
mpc.bus = [
	101	2	34.57496288842105	7.043047995789474	0.0	0.0	1	1.0333457911418538	3.8240646860262872	138.0	11	1.05	0.95				
	102	2	31.053438890526312	6.402770905263158	0.0	0.0	1	1.0324852648325737	3.595136766096919	138.0	12	1.05	0.95				
	103	1	57.62493814736842	11.845126174736842	0.0	0.0	1	1.029547233685674	0.9748392532189079	138.0	11	1.05	0.95				
	104	1	23.690252349473685	4.802078178947368	0.0	0.0	1	1.022885523412875	0.3835738234240339	138.0	11	1.05	0.95				
	105	1	22.72983671368421	4.4819396336842106	0.0	0.0	1	1.037188962745883	0.7383145999567905	138.0	11	1.05	0.95				
	106	1	43.538842155789474	8.963879267368421	0.0	-100.0	1	1.0482815981965201	-1.3720727134180482	138.0	12	1.05	0.95				
	107	2	40.017318157894735	8.003463631578947	0.0	0.0	1	1.0003705902671587	-6.295905683019423	138.0	12	1.05	0.95				
	108	1	54.74369123999999	11.204849084210524	0.0	0.0	1	1.0079175069416941	-5.114405258213663	138.0	12	1.05	0.95				
	109	1	56.02424542105263	11.524987629473683	0.0	0.0	1	1.0244744970639554	-0.9415092651257152	138.0	13	1.05	0.95				
	110	1	62.42701632631579	12.805541810526316	0.0	0.0	1	1.05	-1.3785970761999822	138.0	13	1.05	0.95				
	111	1	0.0	0.0	0.0	0.0	1	1.0003440101217689	0.12273345551413409	230.0	13	1.05	0.95				
	112	1	0.0	0.0	0.0	0.0	1	1.0048541944277636	0.4593906216865688	230.0	13	1.05	0.95				
	113	3	84.83671449473682	17.287481444210524	0.0	0.0	1	0.9870504744601953	2.0215367380521652e-29	230.0	14	1.05	0.95				
	114	2	62.106877781052624	12.485403265263157	0.0	0.0	1	0.9965487539018419	1.6496965291795778	230.0	16	1.05	0.95				
	115	2	101.48391884842106	20.488866896842104	0.0	0.0	1	1.033027351339046	5.617388428023238	230.0	16	1.05	0.95				
	116	2	32.01385452631579	6.402770905263158	0.0	0.0	1	1.0280495797546647	5.620487216284173	230.0	16	1.05	0.95				
	117	1	0.0	0.0	0.0	0.0	1	1.0384277210341364	7.1724803117015545	230.0	17	1.05	0.95				
	118	2	106.60613557263157	21.769421077894737	0.0	0.0	1	1.0417209963630982	7.088693367422782	230.0	17	1.05	0.95				
	119	1	57.94507669263158	11.845126174736842	0.0	0.0	1	1.0213315152189495	4.980368318271183	230.0	15	1.05	0.95				
	120	1	40.97773379368421	8.323602176842106	0.0	0.0	1	1.0171458244734923	5.0547416379054075	230.0	15	1.05	0.95				
	121	2	0.0	0.0	0.0	0.0	1	1.046458472061628	7.744409822946177	230.0	17	1.05	0.95				
	122	2	0.0	0.0	0.0	0.0	1	1.05	14.026678763111882	230.0	17	1.05	0.95				
	123	2	0.0	0.0	0.0	0.0	1	1.0149238827725784	5.351775864242665	230.0	15	1.05	0.95				
	124	1	0.0	0.0	0.0	0.0	1	1.024697207129255	3.873783984540379	230.0	16	1.05	0.95				
	201	2	32.86069573263158	6.693845427017544	0.0	0.0	2	1.01404195632928	-8.365051752420944	138.0	21	1.05	0.95				
	202	2	29.51377301912281	6.085314024561404	0.0	0.0	2	1.0130432568648726	-8.560768169797292	138.0	22	1.05	0.95				
	203	1	54.76782622105263	11.257830945438595	0.0	0.0	2	1.0162898938595546	-6.028150100475705	138.0	21	1.05	0.95				
	204	1	22.51566189087719	4.5639855184210525	0.0	0.0	2	1.0140380349456826	-8.814848267978448	138.0	21	1.05	0.95				
	205	1	21.60286478719298	4.259719817192983	0.0	0.0	2	1.0285542249736859	-9.096088338807158	138.0	21	1.05	0.95				
	206	1	41.380135367017544	8.519439634385966	0.0	-100.0	2	1.0451585367927225	-9.90845546887874	138.0	22	1.05	0.95				
	207	2	38.03321265350878	7.6066425307017544	0.0	0.0	2	0.9951879679853535	-13.54761490513727	138.0	22	1.05	0.95				
	208	1	52.02943490999999	10.649299542982456	0.0	0.0	2	1.004873174088662	-12.267931566611697	138.0	22	1.05	0.95				
	209	1	53.24649771491228	10.953565244210525	0.0	0.0	2	1.0224456287740618	-7.7474173392042145	138.0	23	1.05	0.95				
	210	1	59.331811739473686	12.170628049122808	0.0	0.0	2	1.05	-8.842485547160953	138.0	23	1.05	0.95				
	211	1	0.0	0.0	0.0	0.0	2	1.0001710161378987	-5.533939530119722	230.0	23	1.05	0.95				
	212	1	0.0	0.0	0.0	0.0	2	1.0063066128164604	-5.217289288773515	230.0	23	1.05	0.95				
	213	2	80.63041082543859	16.43034786631579	0.0	0.0	2	0.9941428132432106	-4.745907712002693	230.0	24	1.05	0.95				
	214	2	59.02754603824562	11.866362347894738	0.0	0.0	2	0.9948715689225779	-3.2966784513704246	230.0	26	1.05	0.95				
	215	2	96.45222728929824	19.47300487859649	0.0	0.0	2	1.0153886249765123	1.8554066348871334	230.0	26	1.05	0.95				
	216	2	30.426570122807018	6.085314024561404	0.0	0.0	2	1.0165967388026627	1.6382396628709501	230.0	26	1.05	0.95				
	217	1	0.0	0.0	0.0	0.0	2	1.0221392345981308	3.355672665411822	230.0	27	1.05	0.95				
	218	2	101.32047850894736	20.690067683508772	0.0	0.0	2	1.0216583607981897	3.0255762369072903	230.0	27	1.05	0.95				
	219	1	55.072091922280705	11.257830945438595	0.0	0.0	2	1.0178036239524928	0.9201076860132817	230.0	25	1.05	0.95				
	220	1	38.94600975719298	7.910908231929826	0.0	0.0	2	1.0203576043585816	0.9062346812234225	230.0	25	1.05	0.95				
	221	2	0.0	0.0	0.0	0.0	2	1.0231985296474613	3.4398549152588256	230.0	27	1.05	0.95				
	222	2	0.0	0.0	0.0	0.0	2	1.0453007717413385	9.95633092925143	230.0	27	1.05	0.95				
	223	2	0.0	0.0	0.0	0.0	2	1.0217485835009035	1.1377336954953887	230.0	25	1.05	0.95				
	224	1	0.0	0.0	0.0	0.0	2	1.0058736761653038	-1.12994356877623	230.0	26	1.05	0.95				
	301	2	43.8696615031579	8.936412528421053	0.0	0.0	3	1.0072120039176926	-24.7417733661858	138.0	31	1.05	0.95				
	302	2	39.40145523894737	8.124011389473685	0.0	0.0	3	1.0071801585940268	-24.833425579782833	138.0	32	1.05	0.95				
	303	1	73.11610250526316	15.029421070526316	0.0	0.0	3	1.0201507152430387	-20.170023812356543	138.0	31	1.05	0.95				
	304	1	30.058842141052633	6.093008542105263	0.0	0.0	3	1.0103044050326586	-23.4624306771021	138.0	31	1.05	0.95				
	305	1	28.840240432631575	5.68680797263158	0.0	0.0	3	1.023333818157505	-24.090867846246837	138.0	31	1.05	0.95				
	306	1	55.243277448421054	11.37361594526316	0.0	-100.0	3	1.0408831004960204	-24.221036133276215	138.0	32	1.05	0.95				
	307	2	50.77507118421053	10.155014236842105	0.0	0.0	3	0.9938905367711662	-28.632519088578203	138.0	32	1.05	0.95				
	308	1	69.46029738	14.217019931578948	0.0	0.0	3	1.000801272350742	-26.82165390059045	138.0	32	1.05	0.95				
	309	1	71.08509965789473	14.62322050105263	0.0	0.0	3	1.0253571743026757	-20.673374297777215	138.0	33	1.05	0.95				
	310	1	79.20911104736842	16.24802277894737	0.0	0.0	3	1.05	-22.132113316986203	138.0	33	1.05	0.95				
	311	1	0.0	0.0	0.0	0.0	3	1.0065310356539545	-16.66992284053879	230.0	33	1.05	0.95				
	312	1	0.0	0.0	0.0	0.0	3	1.0106319534763726	-16.00506722898168	230.0	33	1.05	0.95				
	313	2	107.64315091052632	21.93483075157895	0.0	0.0	3	1.0101341728093545	-12.977286571616187	230.0	34	1.05	0.95				
	314	2	78.80291047789474	15.841822209473685	0.0	0.0	3	1.0050602885504476	-15.060676598064196	230.0	36	1.05	0.95				
	315	2	128.7655805231579	25.99683644631579	0.0	0.0	3	1.0280371127890822	-11.276866299390292	230.0	36	1.05	0.95				
	316	2	40.62005694736842	8.124011389473685	0.0	0.0	3	1.0279847298545994	-10.362591405580535	230.0	36	1.05	0.95				
	317	1	0.0	0.0	0.0	0.0	3	1.0321127370240226	-9.159327737563714	230.0	37	1.05	0.95				
	318	2	135.26478963473684	27.621638724210527	0.0	0.0	3	1.0310718219004542	-9.077258709526205	230.0	37	1.05	0.95				
	319	1	73.52230307473685	15.029421070526316	0.0	0.0	3	1.0264332394963465	-10.675668566332988	230.0	35	1.05	0.95				
	320	1	51.99367289263158	10.56121480631579	0.0	0.0	3	1.0276793730212928	-10.154519826094342	230.0	35	1.05	0.95				
	321	2	0.0	0.0	0.0	0.0	3	1.0322693191278844	-9.28984603672839	230.0	37	1.05	0.95				
	322	2	0.0	0.0	0.0	0.0	3	1.0454339518475881	-4.893788323416841	230.0	37	1.05	0.95				
	323	2	0.0	0.0	0.0	0.0	3	1.0289337048642357	-9.556230523174904	230.0	35	1.05	0.95				
	324	1	0.0	0.0	0.0	0.0	3	1.0140161213109955	-14.614195471490767	230.0	36	1.05	0.95				
	325	1	0.0	0.0	0.0	0.0	3	1.0246633086739545	-8.112411693072099	230.0	35	1.05	0.95				
];
