%% MATPOWER Case Format : Version 2
function mpc = RTS_GMLC
mpc.version = '2';

%%-----  Power Flow Data  -----%%
%% system MVA base
mpc.baseMVA = 100.0;
%% bus data
%    bus_i    type    Pd    Qd    Gs    Bs    area    Vm    Va    baseKV    zone    Vmax    Vmin
mpc.bus = [
	101	2	34.922315686736844	7.1138050472982455	0.0	0.0	1	1.011425817339271	0.3857337742993312	138.0	11	1.05	0.95				
	102	2	31.36541316308772	6.467095497543861	0.0	0.0	1	1.009454324653222	-0.1904265006778974	138.0	12	1.05	0.95				
	103	1	58.20385947789474	11.96412667045614	0.0	0.0	1	1.0288021453529357	3.1678511046609774	138.0	11	1.05	0.95				
	104	1	23.92825334091228	4.850321623157894	0.0	0.0	1	1.0129971323417575	-1.5625052889609288	138.0	11	1.05	0.95				
	105	1	22.958189016280702	4.526966848280702	0.0	0.0	1	1.0265995911789383	-1.7061469812586854	138.0	11	1.05	0.95				
	106	1	43.97624938329825	9.053933696561405	0.0	-100.0	1	1.0433319109047092	-3.347954087998899	138.0	12	1.05	0.95				
	107	2	40.419346859649124	8.083869371929826	0.0	0.0	1	0.9810477617672549	-10.363786427732188	138.0	12	1.05	0.95				
	108	1	55.29366650400001	11.317417120701755	0.0	0.0	1	0.9949031222879403	-7.79683278958466	138.0	12	1.05	0.95				
	109	1	56.58708560350878	11.640771895578947	0.0	0.0	1	1.0242399794188528	-1.320337881281223	138.0	13	1.05	0.95				
	110	1	63.054181101052635	12.934190995087722	0.0	0.0	1	1.05	-2.7464999127869762	138.0	13	1.05	0.95				
	111	1	0.0	0.0	0.0	0.0	1	1.0107292519701903	0.9918278896303431	230.0	13	1.05	0.95				
	112	1	0.0	0.0	0.0	0.0	1	1.0099936421206834	-0.38208371151766074	230.0	13	1.05	0.95				
	113	3	85.68901534245614	17.461157843368422	0.0	0.0	1	0.9866299469078011	1.5657406256718296e-29	230.0	14	1.05	0.95				
	114	2	62.73082632617544	12.610836220210528	0.0	0.0	1	1.033106011629276	4.857393601287905	230.0	16	1.05	0.95				
	115	2	102.50346363607017	20.69470559214035	0.0	0.0	1	1.0423503685762285	14.257241146441714	230.0	16	1.05	0.95				
	116	2	32.3354774877193	6.467095497543861	0.0	0.0	1	1.0406464946532832	12.330653036528004	230.0	16	1.05	0.95				
	117	1	0.0	0.0	0.0	0.0	1	1.040632886316133	18.374234634656723	230.0	17	1.05	0.95				
	118	2	107.67714003410526	21.988124691649126	0.0	0.0	1	1.0499423469366087	18.99577872631146	230.0	17	1.05	0.95				
	119	1	58.527214252771934	11.96412667045614	0.0	0.0	1	1.0363269381193596	7.752507059162046	230.0	15	1.05	0.95				
	120	1	41.3894111842807	8.40722414680702	0.0	0.0	1	1.0391233401255078	4.392750968959169	230.0	15	1.05	0.95				
	121	2	0.0	0.0	0.0	0.0	1	1.0433836315921505	20.420789431874866	230.0	17	1.05	0.95				
	122	2	0.0	0.0	0.0	0.0	1	1.05	38.38096721340067	230.0	17	1.05	0.95				
	123	2	0.0	0.0	0.0	0.0	1	1.0416879584183314	2.7964976247935973	230.0	15	1.05	0.95				
	124	1	0.0	0.0	0.0	0.0	1	1.0234128584600544	10.114655182839092	230.0	16	1.05	0.95				
	201	2	41.51361562105264	8.456477256140351	0.0	0.0	2	1.0128800333732353	-19.137117105155003	138.0	21	1.05	0.95				
	202	2	37.28537699298246	7.687706596491228	0.0	0.0	2	1.0120408027598793	-19.459281547674422	138.0	22	1.05	0.95				
	203	1	69.18935936842105	14.222257203508773	0.0	0.0	2	1.0100949887284598	-13.91930533155514	138.0	21	1.05	0.95				
	204	1	28.444514407017547	5.765779947368421	0.0	0.0	2	1.010966514722561	-19.21573739416951	138.0	21	1.05	0.95				
	205	1	27.291358417543858	5.38139461754386	0.0	0.0	2	1.0268406208007437	-19.75408634849161	138.0	21	1.05	0.95				
	206	1	52.27640485614036	10.76278923508772	0.0	-100.0	2	1.0426831699930181	-20.595559603034314	138.0	22	1.05	0.95				
	207	2	48.04816622807018	9.609633245614035	0.0	0.0	2	0.9952325640960262	-25.135781831015656	138.0	22	1.05	0.95				
	208	1	65.7298914	13.45348654385965	0.0	0.0	2	1.0014464632360462	-23.421216818306725	138.0	22	1.05	0.95				
	209	1	67.26743271929824	13.83787187368421	0.0	0.0	2	1.0208667732115417	-17.414396988062638	138.0	23	1.05	0.95				
	210	1	74.95513931578948	15.375413192982457	0.0	0.0	2	1.05	-19.131722363401582	138.0	23	1.05	0.95				
	211	1	0.0	0.0	0.0	0.0	2	1.0067832871613378	-14.714198951826074	230.0	23	1.05	0.95				
	212	1	0.0	0.0	0.0	0.0	2	1.0073603820322117	-14.525440157016336	230.0	23	1.05	0.95				
	213	2	101.86211240350877	20.75680781052632	0.0	0.0	2	0.9999015370509617	-13.960968044216553	230.0	24	1.05	0.95				
	214	2	74.57075398596491	14.991027863157896	0.0	0.0	2	1.0124098861149404	-11.729252009242574	230.0	26	1.05	0.95				
	215	2	121.85014955438595	24.60066110877193	0.0	0.0	2	1.0252438048140196	-4.171906400774423	230.0	26	1.05	0.95				
	216	2	38.43853298245614	7.687706596491228	0.0	0.0	2	1.0281159694584643	-5.177512439779893	230.0	26	1.05	0.95				
	217	1	0.0	0.0	0.0	0.0	2	1.0342312637910869	-2.5976729990266803	230.0	27	1.05	0.95				
	218	2	128.00031483157898	26.13820242807018	0.0	0.0	2	1.0334333814420325	-3.093369848061796	230.0	27	1.05	0.95				
	219	1	69.57374469824562	14.222257203508773	0.0	0.0	2	1.0248857180088489	-6.518531268215336	230.0	25	1.05	0.95				
	220	1	49.20132221754386	9.994018575438597	0.0	0.0	2	1.0247310869501038	-6.933207023686989	230.0	25	1.05	0.95				
	221	2	0.0	0.0	0.0	0.0	2	1.0335159470970776	-2.6521157119077934	230.0	27	1.05	0.95				
	222	2	0.0	0.0	0.0	0.0	2	1.05	3.8657155690768072	230.0	27	1.05	0.95				
	223	2	0.0	0.0	0.0	0.0	2	1.0249547446730372	-6.863388300900074	230.0	25	1.05	0.95				
	224	1	0.0	0.0	0.0	0.0	2	1.0075632875267175	-7.803962578046863	230.0	26	1.05	0.95				
	301	2	43.01550144000001	8.762416960000001	0.0	0.0	3	1.0110376773367495	-3.7639579227799853	138.0	31	1.05	0.95				
	302	2	38.63429296	7.965833600000001	0.0	0.0	3	1.0108268851262157	-3.902811210080559	138.0	32	1.05	0.95				
	303	1	71.69250240000001	14.73679216	0.0	0.0	3	1.0322003880697854	2.263472006936063	138.0	31	1.05	0.95				
	304	1	29.47358432	5.974375200000001	0.0	0.0	3	1.0127551083174777	-2.6686512031477077	138.0	31	1.05	0.95				
	305	1	28.27870928	5.576083520000001	0.0	0.0	3	1.0255467472059017	-3.4820461704161034	138.0	31	1.05	0.95				
	306	1	54.16766848000001	11.152167040000002	0.0	-100.0	3	1.0420343261909437	-3.8119997068825047	138.0	32	1.05	0.95				
	307	2	49.786460000000005	9.957292	0.0	0.0	3	0.9907617647777907	-8.007242616213343	138.0	32	1.05	0.95				
	308	1	68.10787728000001	13.9402088	0.0	0.0	3	0.9995073957624081	-6.253387949750155	138.0	32	1.05	0.95				
	309	1	69.70104400000001	14.338500480000002	0.0	0.0	3	1.0263426759584806	-0.024414340788105945	138.0	33	1.05	0.95				
	310	1	77.6668776	15.931667200000001	0.0	0.0	3	1.05	-1.9164950658103985	138.0	33	1.05	0.95				
	311	1	0.0	0.0	0.0	0.0	3	1.0058351277975097	3.2142328246645238	230.0	33	1.05	0.95				
	312	1	0.0	0.0	0.0	0.0	3	1.009106480581205	3.6382750942700737	230.0	33	1.05	0.95				
	313	2	105.54729520000001	21.507750720000004	0.0	0.0	3	1.0072361822869256	6.492030952349844	230.0	34	1.05	0.95				
	314	2	77.26858592	15.53337552	0.0	0.0	3	1.0029991837150074	4.661604829259096	230.0	36	1.05	0.95				
	315	2	126.25846256000001	25.490667520000006	0.0	0.0	3	1.0362403812008258	8.549115087587639	230.0	36	1.05	0.95				
	316	2	39.829168	7.965833600000001	0.0	0.0	3	1.0342836092263525	9.009166956035095	230.0	36	1.05	0.95				
	317	1	0.0	0.0	0.0	0.0	3	1.05	14.064355004462067	230.0	37	1.05	0.95				
	318	2	132.63112944000002	27.083834240000005	0.0	0.0	3	1.0465686553495104	10.688011832784245	230.0	37	1.05	0.95				
	319	1	72.09079408000001	14.73679216	0.0	0.0	3	1.0249882129175913	8.257580946455878	230.0	35	1.05	0.95				
	320	1	50.98133504000001	10.35558368	0.0	0.0	3	1.0194836423192086	8.378455014418309	230.0	35	1.05	0.95				
	321	2	0.0	0.0	0.0	0.0	3	1.044365918520016	10.651941121491271	230.0	37	1.05	0.95				
	322	2	0.0	0.0	0.0	0.0	3	1.05	16.333117545967454	230.0	37	1.05	0.95				
	323	2	0.0	0.0	0.0	0.0	3	1.016909798519441	8.759928388501576	230.0	35	1.05	0.95				
	324	1	0.0	0.0	0.0	0.0	3	1.0262480624849275	6.184533337075151	230.0	36	1.05	0.95				
	325	1	0.0	0.0	0.0	0.0	3	1.0163278041407033	9.75961643836569	230.0	35	1.05	0.95				
];
