%% MATPOWER Case Format : Version 2
function mpc = RTS_GMLC
mpc.version = '2';

%%-----  Power Flow Data  -----%%
%% system MVA base
mpc.baseMVA = 100.0;
%% bus data
%    bus_i    type    Pd    Qd    Gs    Bs    area    Vm    Va    baseKV    zone    Vmax    Vmin
mpc.bus = [
	101	2	80.87976250105262	16.47550717614035	0.0	0.0	1	1.022632197908643	-1.1997080733169485	138.0	11	1.05	0.95				
	102	2	72.64200891298245	14.977733796491227	0.0	0.0	1	1.0225794986097752	-1.2839390636008012	138.0	12	1.05	0.95				
	103	1	134.79960416842104	27.708807523508767	0.0	0.0	1	1.0152582543451214	-0.8121892532402482	138.0	11	1.05	0.95				
	104	1	55.417615047017534	11.233300347368418	0.0	0.0	1	1.0114375287942226	-4.218300355445375	138.0	11	1.05	0.95				
	105	1	53.17095497754385	10.48441365754386	0.0	0.0	1	1.0260865010203808	-4.3380562760693255	138.0	11	1.05	0.95				
	106	1	101.84858981614033	20.96882731508772	0.0	-100.0	1	1.0336414537397514	-6.766806080927302	138.0	12	1.05	0.95				
	107	2	93.61083622807016	18.72216724561403	0.0	0.0	1	1.0377239654326629	-2.2236203298185906	138.0	12	1.05	0.95				
	108	1	128.05962395999998	26.211034143859646	0.0	0.0	1	1.0182195855465253	-5.457080274960295	138.0	12	1.05	0.95				
	109	1	131.05517071929822	26.959920833684205	0.0	0.0	1	1.0265738305810146	-3.5505620600056274	138.0	13	1.05	0.95				
	110	1	146.03290451578945	29.955467592982455	0.0	0.0	1	1.05	-5.1131989360509635	138.0	13	1.05	0.95				
	111	1	0.0	0.0	0.0	0.0	1	1.0252551662876566	-0.6620750178179642	230.0	13	1.05	0.95				
	112	1	0.0	0.0	0.0	0.0	1	1.018265179897051	-0.3443460547834598	230.0	13	1.05	0.95				
	113	3	198.45497280350875	40.43988125052631	0.0	0.0	1	1.014794194309673	4.308184313629159e-28	230.0	14	1.05	0.95				
	114	2	145.2840178259649	29.206580903157892	0.0	0.0	1	1.05	2.3162355857673687	230.0	16	1.05	0.95				
	115	2	237.3970806743859	47.92874814877193	0.0	0.0	1	1.0412047525045154	12.325500506419095	230.0	16	1.05	0.95				
	116	2	74.88866898245612	14.977733796491227	0.0	0.0	1	1.0442056993517679	11.266042046322545	230.0	16	1.05	0.95				
	117	1	0.0	0.0	0.0	0.0	1	1.041437658103975	15.951289198954692	230.0	17	1.05	0.95				
	118	2	249.37926771157893	50.924294908070166	0.0	0.0	1	1.0474288364916178	15.905060145114005	230.0	17	1.05	0.95				
	119	1	135.5484908582456	27.708807523508767	0.0	0.0	1	1.0408633104385256	8.71080381093094	230.0	15	1.05	0.95				
	120	1	95.85749629754386	19.471053935438594	0.0	0.0	1	1.0455242627826173	7.899499784483679	230.0	15	1.05	0.95				
	121	2	0.0	0.0	0.0	0.0	1	1.0437996383169685	17.65377390252584	230.0	17	1.05	0.95				
	122	2	0.0	0.0	0.0	0.0	1	1.05	35.61042993906821	230.0	17	1.05	0.95				
	123	2	0.0	0.0	0.0	0.0	1	1.05	8.001080945751832	230.0	15	1.05	0.95				
	124	1	0.0	0.0	0.0	0.0	1	1.0149000845012854	7.471115897254795	230.0	16	1.05	0.95				
	201	2	65.68739177684212	13.380764991578948	0.0	0.0	2	1.0325634852358774	-7.401127287505699	138.0	21	1.05	0.95				
	202	2	58.997009281052634	12.164331810526317	0.0	0.0	2	1.0326723762109253	-7.470855202718977	138.0	22	1.05	0.95				
	203	1	109.47898629473684	22.504013849473687	0.0	0.0	2	1.0272677753142545	-5.543873938739227	138.0	21	1.05	0.95				
	204	1	45.00802769894737	9.123248857894737	0.0	0.0	2	1.018353382059282	-9.597065966330181	138.0	21	1.05	0.95				
	205	1	43.18337792736842	8.515032267368422	0.0	0.0	2	1.0334322644143659	-9.876267610356427	138.0	21	1.05	0.95				
	206	1	82.71745631157896	17.030064534736844	0.0	-100.0	2	1.0406270261970323	-11.8396864082392	138.0	22	1.05	0.95				
	207	2	76.02707381578948	15.205414763157895	0.0	0.0	2	0.987667668477635	-20.99342118678278	138.0	22	1.05	0.95				
	208	1	104.00503698000001	21.287580668421054	0.0	0.0	2	0.9881267558208611	-18.069569474814344	138.0	22	1.05	0.95				
	209	1	106.43790334210527	21.89579725894737	0.0	0.0	2	1.0252669672118768	-8.869264881080936	138.0	23	1.05	0.95				
	210	1	118.60223515263158	24.328663621052634	0.0	0.0	2	1.05	-10.46361577589876	138.0	23	1.05	0.95				
	211	1	0.0	0.0	0.0	0.0	2	1.0163759428794867	-5.4493983282418785	230.0	23	1.05	0.95				
	212	1	0.0	0.0	0.0	0.0	2	1.0144132925835225	-4.1602801859613825	230.0	23	1.05	0.95				
	213	2	161.1773964894737	32.84369588842106	0.0	0.0	2	1.0163248448423967	-3.7670588220467214	230.0	24	1.05	0.95				
	214	2	117.99401856210527	23.72044703052632	0.0	0.0	2	1.0255543808845757	-2.708030337826437	230.0	26	1.05	0.95				
	215	2	192.80465919684212	38.92586179368421	0.0	0.0	2	1.0426312206684334	4.5177309799037015	230.0	26	1.05	0.95				
	216	2	60.82165905263158	12.164331810526317	0.0	0.0	2	1.0445684833877265	4.831431485670087	230.0	26	1.05	0.95				
	217	1	0.0	0.0	0.0	0.0	2	1.0490696798644175	7.531362922467006	230.0	27	1.05	0.95				
	218	2	202.5361246452632	41.35872815578948	0.0	0.0	2	1.0499999595280498	8.020261243115275	230.0	27	1.05	0.95				
	219	1	110.08720288526317	22.504013849473687	0.0	0.0	2	1.0427855733267382	5.041721136212782	230.0	25	1.05	0.95				
	220	1	77.85172358736843	15.813631353684213	0.0	0.0	2	1.046217411735377	6.365938322364118	230.0	25	1.05	0.95				
	221	2	0.0	0.0	0.0	0.0	2	1.0493462534785898	7.860090705066256	230.0	27	1.05	0.95				
	222	2	0.0	0.0	0.0	0.0	2	1.05	14.242990166970745	230.0	27	1.05	0.95				
	223	2	0.0	0.0	0.0	0.0	2	1.0499218517816769	7.534452825783293	230.0	25	1.05	0.95				
	224	1	0.0	0.0	0.0	0.0	2	1.0242912050476782	0.7676714395759812	230.0	26	1.05	0.95				
	301	2	59.9107877431579	12.20404935508772	0.0	0.0	3	1.0127195466603267	-12.417782424650717	138.0	31	1.05	0.95				
	302	2	53.80876306561404	11.094590322807019	0.0	0.0	3	1.0118273779957874	-12.613448499488571	138.0	32	1.05	0.95				
	303	1	99.85131290526317	20.524992097192985	0.0	0.0	3	1.0283838200820457	-3.3952757908486135	138.0	31	1.05	0.95				
	304	1	41.04998419438597	8.320942742105263	0.0	0.0	3	1.0093668974645478	-10.835592432043082	138.0	31	1.05	0.95				
	305	1	39.38579564596492	7.766213225964915	0.0	0.0	3	1.0240299318330799	-11.964040068503156	138.0	31	1.05	0.95				
	306	1	75.44321419508773	15.53242645192983	0.0	-100.0	3	1.0376697941296182	-12.336108974518215	138.0	32	1.05	0.95				
	307	2	69.34118951754387	13.868237903508774	0.0	0.0	3	0.9942820508672818	-18.669523783878436	138.0	32	1.05	0.95				
	308	1	94.85874726000002	19.41553306491228	0.0	0.0	3	0.9946616550012222	-16.039388459748363	138.0	32	1.05	0.95				
	309	1	97.07766532456141	19.970262581052634	0.0	0.0	3	1.0262100900727886	-7.113452524485712	138.0	33	1.05	0.95				
	310	1	108.17225564736843	22.189180645614037	0.0	0.0	3	1.05	-9.729728791140067	138.0	33	1.05	0.95				
	311	1	0.0	0.0	0.0	0.0	3	1.0171321567896099	-2.3930934589842505	230.0	33	1.05	0.95				
	312	1	0.0	0.0	0.0	0.0	3	1.0135620095638131	-2.3994597766555725	230.0	33	1.05	0.95				
	313	2	147.003321777193	29.95539387157895	0.0	0.0	3	1.0196060007030536	0.6833712171175716	230.0	34	1.05	0.95				
	314	2	107.61752613122808	21.634451129473685	0.0	0.0	3	1.0320787438896184	0.8944849466440263	230.0	36	1.05	0.95				
	315	2	175.84925661649123	35.50268903298246	0.0	0.0	3	1.0467267223009802	8.640628211076132	230.0	36	1.05	0.95				
	316	2	55.4729516140351	11.094590322807019	0.0	0.0	3	1.0449888173524393	8.91866639975744	230.0	36	1.05	0.95				
	317	1	0.0	0.0	0.0	0.0	3	1.05	13.96223318771571	230.0	37	1.05	0.95				
	318	2	184.72492887473686	37.72160709754387	0.0	0.0	3	1.0445404902305675	12.35847146562197	230.0	37	1.05	0.95				
	319	1	100.40604242140351	20.524992097192985	0.0	0.0	3	1.0358301060977761	6.496394559768147	230.0	35	1.05	0.95				
	320	1	71.00537806596492	14.422967419649124	0.0	0.0	3	1.0332267231592638	5.429046959264533	230.0	35	1.05	0.95				
	321	2	0.0	0.0	0.0	0.0	3	1.0483393785039798	12.690924581517	230.0	37	1.05	0.95				
	322	2	0.0	0.0	0.0	0.0	3	1.05	17.535351064485845	230.0	37	1.05	0.95				
	323	2	0.0	0.0	0.0	0.0	3	1.0328778357920192	5.259176844408172	230.0	35	1.05	0.95				
	324	1	0.0	0.0	0.0	0.0	3	1.0246933962609683	4.163065155105492	230.0	36	1.05	0.95				
	325	1	0.0	0.0	0.0	0.0	3	1.0306592493479385	6.2966462225121305	230.0	35	1.05	0.95				
];
