%% MATPOWER Case Format : Version 2
function mpc = RTS_GMLC
mpc.version = '2';

%%-----  Power Flow Data  -----%%
%% system MVA base
mpc.baseMVA = 100.0;
%% bus data
%    bus_i    type    Pd    Qd    Gs    Bs    area    Vm    Va    baseKV    zone    Vmax    Vmin
mpc.bus = [
	101	2	40.45324096421052	8.24047501122807	0.0	0.0	1	1.0126486530845602	-4.353814396575285	138.0	11	1.05	0.95				
	102	2	36.33300345859649	7.491340919298245	0.0	0.0	1	1.0125987793145106	-4.563419454874405	138.0	12	1.05	0.95				
	103	1	67.4220682736842	13.858980700701753	0.0	0.0	1	1.002584995615053	0.37316558478114586	138.0	11	1.05	0.95				
	104	1	27.717961401403507	5.618505689473683	0.0	0.0	1	1.004344370099097	-4.340720286733157	138.0	11	1.05	0.95				
	105	1	26.59426026350877	5.243938643508772	0.0	0.0	1	1.0184408452539964	-5.338874231582641	138.0	11	1.05	0.95				
	106	1	50.94111825122807	10.487877287017543	0.0	-100.0	1	1.0297896570143021	-6.354970051292717	138.0	12	1.05	0.95				
	107	2	46.820880745614026	9.364176149122807	0.0	0.0	1	0.9872485364466734	-10.964808837002172	138.0	12	1.05	0.95				
	108	1	64.05096486	13.109846608771928	0.0	0.0	1	0.9899326656947709	-9.307131077146748	138.0	12	1.05	0.95				
	109	1	65.54923304385964	13.48441365473684	0.0	0.0	1	1.0043248512855807	-3.3174578967005073	138.0	13	1.05	0.95				
	110	1	73.04057396315788	14.98268183859649	0.0	0.0	1	1.0329931217574877	-5.100589129240303	138.0	13	1.05	0.95				
	111	1	0.0	0.0	0.0	0.0	1	0.9834491176404856	-0.5152335217305402	230.0	13	1.05	0.95				
	112	1	0.0	0.0	0.0	0.0	1	0.9843937959498423	-1.4514234808494297	230.0	13	1.05	0.95				
	113	3	99.26026718070175	20.22662048210526	0.0	0.0	1	0.9640383825302181	8.96087517470706e-31	230.0	14	1.05	0.95				
	114	2	72.66600691719297	14.608114792631577	0.0	0.0	1	0.9937275545089513	2.869273947285263	230.0	16	1.05	0.95				
	115	2	118.73775357087717	23.972290941754384	0.0	0.0	1	0.9954943696575681	11.851487935102845	230.0	16	1.05	0.95				
	116	2	37.45670459649123	7.491340919298245	0.0	0.0	1	0.9937993997480904	10.218789155802972	230.0	16	1.05	0.95				
	117	1	0.0	0.0	0.0	0.0	1	0.9971101847307259	15.964693813922239	230.0	17	1.05	0.95				
	118	2	124.73082630631578	25.470559125614034	0.0	0.0	1	1.0058131462342161	16.51675570038233	230.0	17	1.05	0.95				
	119	1	67.79663531964913	13.858980700701753	0.0	0.0	1	0.9925286231752211	6.315598275055152	230.0	15	1.05	0.95				
	120	1	47.94458188350877	9.73874319508772	0.0	0.0	1	0.9969320005430576	3.5690227757877215	230.0	15	1.05	0.95				
	121	2	0.0	0.0	0.0	0.0	1	1.0061603227181566	17.92173004550516	230.0	17	1.05	0.95				
	122	2	0.0	0.0	0.0	0.0	1	1.013238834999215	35.03069727001746	230.0	17	1.05	0.95				
	123	2	0.0	0.0	0.0	0.0	1	1.000292034155092	2.372237980634417	230.0	15	1.05	0.95				
	124	1	0.0	0.0	0.0	0.0	1	0.9843957527932211	7.477904735940571	230.0	16	1.05	0.95				
	201	2	38.11364708210527	7.7638910722807015	0.0	0.0	2	1.0134495960073022	-14.832195152388946	138.0	21	1.05	0.95				
	202	2	34.23170154596491	7.058082792982456	0.0	0.0	2	1.0123232647468876	-15.07838586530686	138.0	22	1.05	0.95				
	203	1	63.522745136842104	13.057453167017544	0.0	0.0	2	0.9987158130403202	-10.881009687945673	138.0	21	1.05	0.95				
	204	1	26.114906334035087	5.293562094736842	0.0	0.0	2	1.0019851353007558	-14.56841002449281	138.0	21	1.05	0.95				
	205	1	25.05619391508772	4.94065795508772	0.0	0.0	2	1.0188539336352105	-15.00792433167255	138.0	21	1.05	0.95				
	206	1	47.994962992280705	9.88131591017544	0.0	-100.0	2	1.0300366546880766	-15.579328324427662	138.0	22	1.05	0.95				
	207	2	44.113017456140355	8.82260349122807	0.0	0.0	2	0.9745491204021972	-19.76594969096722	138.0	22	1.05	0.95				
	208	1	60.34660788	12.351644887719297	0.0	0.0	2	0.9830525649322562	-18.16988422698147	138.0	22	1.05	0.95				
	209	1	61.758224438596486	12.70454902736842	0.0	0.0	2	1.0034246651644823	-12.632671904040775	138.0	23	1.05	0.95				
	210	1	68.81630723157895	14.116165585964913	0.0	0.0	2	1.032420559017427	-14.017623741561952	138.0	23	1.05	0.95				
	211	1	0.0	0.0	0.0	0.0	2	0.9843344770333382	-9.865727182222173	230.0	23	1.05	0.95				
	212	1	0.0	0.0	0.0	0.0	2	0.9799744162462366	-8.994766914580373	230.0	23	1.05	0.95				
	213	2	93.51959700701754	19.056823541052633	0.0	0.0	2	0.9778529656510423	-8.38507641968378	230.0	24	1.05	0.95				
	214	2	68.46340309192982	13.763261446315791	0.0	0.0	2	0.9836129032859852	-7.548104784582663	230.0	26	1.05	0.95				
	215	2	111.87061226877194	22.58586493754386	0.0	0.0	2	0.9916925237572952	-1.284994238597735	230.0	26	1.05	0.95				
	216	2	35.29041396491228	7.058082792982456	0.0	0.0	2	0.9889622819746658	-1.9276754817984179	230.0	26	1.05	0.95				
	217	1	0.0	0.0	0.0	0.0	2	1.0007782889796566	-0.3033625481247299	230.0	27	1.05	0.95				
	218	2	117.51707850315789	23.997481496140352	0.0	0.0	2	1.002484040223004	-0.7151054057154231	230.0	27	1.05	0.95				
	219	1	63.87564927649123	13.057453167017544	0.0	0.0	2	0.9793960252500389	-1.578107259624082	230.0	25	1.05	0.95				
	220	1	45.17172987508772	9.175507630877194	0.0	0.0	2	0.9734321510495868	-0.50842005847966	230.0	25	1.05	0.95				
	221	2	0.0	0.0	0.0	0.0	2	1.0044391636255723	-0.2121224421178455	230.0	27	1.05	0.95				
	222	2	0.0	0.0	0.0	0.0	2	1.0224956203001232	5.500701830891265	230.0	27	1.05	0.95				
	223	2	0.0	0.0	0.0	0.0	2	0.9708254734648091	0.3920660763547134	230.0	25	1.05	0.95				
	224	1	0.0	0.0	0.0	0.0	2	0.9828739977245211	-4.942893069611685	230.0	26	1.05	0.95				
	301	2	42.55425496421053	8.668459344561404	0.0	0.0	3	1.0103356893678754	32.055723922471934	138.0	31	1.05	0.95				
	302	2	38.22002529192982	7.880417585964912	0.0	0.0	3	1.0110263686058847	31.693777429600306	138.0	32	1.05	0.95				
	303	1	70.92375827368421	14.578772534035087	0.0	0.0	3	1.0176887197021232	46.42769489974167	138.0	31	1.05	0.95				
	304	1	29.157545068070174	5.910313189473683	0.0	0.0	3	1.0010177336020154	32.83300936043517	138.0	31	1.05	0.95				
	305	1	27.975482430175436	5.516292310175438	0.0	0.0	3	1.019290691693107	30.67986363787082	138.0	31	1.05	0.95				
	306	1	53.58683958456141	11.032584620350876	0.0	-100.0	3	1.03247737099402	29.407717930135885	138.0	32	1.05	0.95				
	307	2	49.2526099122807	9.85052198245614	0.0	0.0	3	0.9674732916950831	26.568655694198522	138.0	32	1.05	0.95				
	308	1	67.37757035999999	13.790730775438595	0.0	0.0	3	0.9802358524728062	28.320311502439917	138.0	32	1.05	0.95				
	309	1	68.95365387719298	14.184751654736841	0.0	0.0	3	1.00481326368185	35.456619803244905	138.0	33	1.05	0.95				
	310	1	76.83407146315788	15.760835171929823	0.0	0.0	3	1.0377779702948213	30.586286603425066	138.0	33	1.05	0.95				
	311	1	0.0	0.0	0.0	0.0	3	0.9912848247260299	33.34151467733837	230.0	33	1.05	0.95				
	312	1	0.0	0.0	0.0	0.0	3	1.0001607677682842	32.97488343462866	230.0	33	1.05	0.95				
	313	2	104.41553301403508	21.277127482105264	0.0	0.0	3	0.9959415068517035	33.55958091494161	230.0	34	1.05	0.95				
	314	2	76.44005058385964	15.366814292631577	0.0	0.0	3	0.9771592443233519	33.59718013034957	230.0	36	1.05	0.95				
	315	2	124.90461873754384	25.21733627508772	0.0	0.0	3	0.9816459136470529	33.50404942723683	230.0	36	1.05	0.95				
	316	2	39.40208792982456	7.880417585964912	0.0	0.0	3	0.9716844696957874	33.2816488166297	230.0	36	1.05	0.95				
	317	1	0.0	0.0	0.0	0.0	3	0.9846612285502055	35.73065998190783	230.0	37	1.05	0.95				
	318	2	131.20895280631578	26.793419792280705	0.0	0.0	3	0.9776525449545855	31.763791563707827	230.0	37	1.05	0.95				
	319	1	71.31777915298245	14.578772534035087	0.0	0.0	3	0.9818580846737471	32.1618884992747	230.0	35	1.05	0.95				
	320	1	50.43467255017544	10.244542861754386	0.0	0.0	3	0.9914016195768549	30.907672156186212	230.0	35	1.05	0.95				
	321	2	0.0	0.0	0.0	0.0	3	0.9879851438228936	32.83275078343755	230.0	37	1.05	0.95				
	322	2	0.0	0.0	0.0	0.0	3	1.0058270634524458	36.84118184386761	230.0	37	1.05	0.95				
	323	2	0.0	0.0	0.0	0.0	3	0.9965782429515457	30.282193176359748	230.0	35	1.05	0.95				
	324	1	0.0	0.0	0.0	0.0	3	0.9928335677801637	39.563364509362216	230.0	36	1.05	0.95				
	325	1	0.0	0.0	0.0	0.0	3	0.9984717998635814	29.23718911260129	230.0	35	1.05	0.95				
];
