%% MATPOWER Case Format : Version 2
function mpc = RTS_GMLC
mpc.version = '2';

%%-----  Power Flow Data  -----%%
%% system MVA base
mpc.baseMVA = 100.0;
%% bus data
%    bus_i    type    Pd    Qd    Gs    Bs    area    Vm    Va    baseKV    zone    Vmax    Vmin
mpc.bus = [
	101	2	35.857496288842114	7.304304799578948	0.0	0.0	1	1.009639977693093	0.3363185464593246	138.0	11	1.05	0.95				
	102	2	32.205343889052635	6.640277090526317	0.0	0.0	1	1.0077257964897235	-0.25056144639249217	138.0	12	1.05	0.95				
	103	1	59.76249381473685	12.284512617473684	0.0	0.0	1	1.0259395925309813	3.442201193447341	138.0	11	1.05	0.95				
	104	1	24.569025234947368	4.980207817894737	0.0	0.0	1	1.0117741427437028	-1.6210369224275958	138.0	11	1.05	0.95				
	105	1	23.572983671368423	4.6481939633684215	0.0	0.0	1	1.0255547285417574	-1.792730859932867	138.0	11	1.05	0.95				
	106	1	45.153884215578955	9.296387926736843	0.0	-100.0	1	1.042654602531614	-3.462079709516033	138.0	12	1.05	0.95				
	107	2	41.501731815789476	8.300346363157896	0.0	0.0	1	0.9825871550536864	-10.974656536431095	138.0	12	1.05	0.95				
	108	1	56.774369124	11.620484908421053	0.0	0.0	1	0.9950734268717214	-8.195868632991592	138.0	12	1.05	0.95				
	109	1	58.10242454210527	11.95249876294737	0.0	0.0	1	1.023755400513096	-1.3391214474697242	138.0	13	1.05	0.95				
	110	1	64.74270163263158	13.280554181052635	0.0	0.0	1	1.05	-2.838191804379622	138.0	13	1.05	0.95				
	111	1	0.0	0.0	0.0	0.0	1	1.0119529574205102	1.0934953600814354	230.0	13	1.05	0.95				
	112	1	0.0	0.0	0.0	0.0	1	1.0106857986078348	-0.3965547057960128	230.0	13	1.05	0.95				
	113	3	87.98367144947369	17.928748144421057	0.0	0.0	1	0.9912580790098409	-1.518260050432279e-30	230.0	14	1.05	0.95				
	114	2	64.41068777810527	12.948540326526317	0.0	0.0	1	1.033546641753512	5.191874988801578	230.0	16	1.05	0.95				
	115	2	105.24839188484212	21.248886689684213	0.0	0.0	1	1.038079853464694	15.1960224472929	230.0	16	1.05	0.95				
	116	2	33.201385452631584	6.640277090526317	0.0	0.0	1	1.0363141312165929	13.098044199492739	230.0	16	1.05	0.95				
	117	1	0.0	0.0	0.0	0.0	1	1.0368606563602327	19.45866379068805	230.0	17	1.05	0.95				
	118	2	110.56061355726317	22.576942107789478	0.0	0.0	1	1.046631160969107	20.201241596810036	230.0	17	1.05	0.95				
	119	1	60.094507669263166	12.284512617473684	0.0	0.0	1	1.0311235652817934	8.197175897973969	230.0	15	1.05	0.95				
	120	1	42.497773379368425	8.63236021768421	0.0	0.0	1	1.034003941808118	4.576174235204994	230.0	15	1.05	0.95				
	121	2	0.0	0.0	0.0	0.0	1	1.0406047177690354	21.76211202588204	230.0	17	1.05	0.95				
	122	2	0.0	0.0	0.0	0.0	1	1.05	39.74511386502513	230.0	17	1.05	0.95				
	123	2	0.0	0.0	0.0	0.0	1	1.0368635386899405	2.8462183222448543	230.0	15	1.05	0.95				
	124	1	0.0	0.0	0.0	0.0	1	1.0188591127662405	10.798621862254915	230.0	16	1.05	0.95				
	201	2	42.95860222736843	8.750826379649123	0.0	0.0	2	1.0072157434185431	-20.263326666427176	138.0	21	1.05	0.95				
	202	2	38.58318903754386	7.955296708771931	0.0	0.0	2	1.0064603726698726	-20.59398485045631	138.0	22	1.05	0.95				
	203	1	71.59767037894737	14.717298911228072	0.0	0.0	2	1.0089268435538616	-14.878817879867048	138.0	21	1.05	0.95				
	204	1	29.434597822456144	5.9664725315789475	0.0	0.0	2	1.0084594013169543	-20.34552557246252	138.0	21	1.05	0.95				
	205	1	28.241303316140353	5.568707696140352	0.0	0.0	2	1.023751253964095	-20.902580935444888	138.0	21	1.05	0.95				
	206	1	54.09601761964913	11.137415392280705	0.0	-100.0	2	1.0409296583218433	-21.76760821366108	138.0	22	1.05	0.95				
	207	2	49.72060442982457	9.944120885964914	0.0	0.0	2	0.9904157012658604	-26.451054229366026	138.0	22	1.05	0.95				
	208	1	68.01778686	13.921769240350878	0.0	0.0	2	0.9982482344107276	-24.682959701960915	138.0	22	1.05	0.95				
	209	1	69.60884620175439	14.319534075789475	0.0	0.0	2	1.0214247046525016	-18.484223230589173	138.0	23	1.05	0.95				
	210	1	77.56414291052633	15.910593417543861	0.0	0.0	2	1.05	-20.253435268741253	138.0	23	1.05	0.95				
	211	1	0.0	0.0	0.0	0.0	2	1.0077013419816219	-15.726254244229054	230.0	23	1.05	0.95				
	212	1	0.0	0.0	0.0	0.0	2	1.0136668660229315	-15.432689358741824	230.0	23	1.05	0.95				
	213	2	105.40768139122807	21.479301113684215	0.0	0.0	2	1.0066297401758	-14.865323973413922	230.0	24	1.05	0.95				
	214	2	77.16637807508772	15.512828582105264	0.0	0.0	2	1.0091582691597527	-12.750420212584293	230.0	26	1.05	0.95				
	215	2	126.0914528340351	25.456949468070178	0.0	0.0	2	1.0249095740643739	-5.016330016571517	230.0	26	1.05	0.95				
	216	2	39.776483543859655	7.955296708771931	0.0	0.0	2	1.02877721847423	-6.175328697311363	230.0	26	1.05	0.95				
	217	1	0.0	0.0	0.0	0.0	2	1.0329156691696357	-3.3860072202421305	230.0	27	1.05	0.95				
	218	2	132.45569020105265	27.048008809824566	0.0	0.0	2	1.0319591441030809	-3.9181285661015117	230.0	27	1.05	0.95				
	219	1	71.99543521438598	14.717298911228072	0.0	0.0	2	1.0342972929905967	-7.417812530819649	230.0	25	1.05	0.95				
	220	1	50.913898936140356	10.34188572140351	0.0	0.0	2	1.041784770442497	-7.721064890658709	230.0	25	1.05	0.95				
	221	2	0.0	0.0	0.0	0.0	2	1.0325405099348377	-3.4809356446386555	230.0	27	1.05	0.95				
	222	2	0.0	0.0	0.0	0.0	2	1.05	3.0516587017922427	230.0	27	1.05	0.95				
	223	2	0.0	0.0	0.0	0.0	2	1.046232376038465	-7.591418833078044	230.0	25	1.05	0.95				
	224	1	0.0	0.0	0.0	0.0	2	1.0067866630588618	-8.68838043822234	230.0	26	1.05	0.95				
	301	2	48.875039545263164	9.95602657403509	0.0	0.0	3	1.0261859903055743	6.726129066645673	138.0	31	1.05	0.95				
	302	2	43.89702625824562	9.050933249122808	0.0	0.0	3	1.0231277179954115	6.375779720350143	138.0	32	1.05	0.95				
	303	1	81.45839924210527	16.744226510877194	0.0	0.0	3	1.05	21.547467425111815	138.0	31	1.05	0.95				
	304	1	33.48845302175439	6.788199936842106	0.0	0.0	3	1.0106262358723008	7.500823809095997	138.0	31	1.05	0.95				
	305	1	32.130813034385966	6.335653274385966	0.0	0.0	3	1.0293710588513987	5.5195920305925625	138.0	31	1.05	0.95				
	306	1	61.5463460940351	12.671306548771932	0.0	-100.0	3	1.038136043353341	4.291355602491048	138.0	32	1.05	0.95				
	307	2	56.568332807017555	11.31366656140351	0.0	0.0	3	0.95	-0.05814450915285388	138.0	32	1.05	0.95				
	308	1	77.38547928	15.839133185964913	0.0	0.0	3	0.9692383030421827	1.9481006732222679	138.0	32	1.05	0.95				
	309	1	79.19566592982457	16.291679848421055	0.0	0.0	3	1.0144514834099232	10.322642396811034	138.0	33	1.05	0.95				
	310	1	88.24659917894738	18.101866498245617	0.0	0.0	3	1.0433283095550927	5.751141743950278	138.0	33	1.05	0.95				
	311	1	0.0	0.0	0.0	0.0	3	1.0016608875451756	9.918374821658215	230.0	33	1.05	0.95				
	312	1	0.0	0.0	0.0	0.0	3	1.0062527162917856	10.614263578783095	230.0	33	1.05	0.95				
	313	2	119.9248655508772	24.437519772631582	0.0	0.0	3	1.003507868320764	12.583781123516525	230.0	34	1.05	0.95				
	314	2	87.79405251649123	17.649319835789477	0.0	0.0	3	0.9971399131910168	9.569878191051133	230.0	36	1.05	0.95				
	315	2	143.4572919985965	28.962986397192985	0.0	0.0	3	1.0476274513346384	11.96568772578501	230.0	36	1.05	0.95				
	316	2	45.25466624561404	9.050933249122808	0.0	0.0	3	1.0313445534400782	11.805997830385524	230.0	36	1.05	0.95				
	317	1	0.0	0.0	0.0	0.0	3	1.05	14.768202342940713	230.0	37	1.05	0.95				
	318	2	150.69803859789474	30.77317304701755	0.0	0.0	3	1.05	11.782188157687179	230.0	37	1.05	0.95				
	319	1	81.91094590456142	16.744226510877194	0.0	0.0	3	1.0213103399978218	11.482393514636158	230.0	35	1.05	0.95				
	320	1	57.92597279438597	11.766213223859651	0.0	0.0	3	1.015777959470505	12.091405227597173	230.0	35	1.05	0.95				
	321	2	0.0	0.0	0.0	0.0	3	1.05	12.487922376779892	230.0	37	1.05	0.95				
	322	2	0.0	0.0	0.0	0.0	3	1.05	17.73103940412088	230.0	37	1.05	0.95				
	323	2	0.0	0.0	0.0	0.0	3	1.0135923917789698	12.78717831630483	230.0	35	1.05	0.95				
	324	1	0.0	0.0	0.0	0.0	3	1.045500981648197	15.629179473248998	230.0	36	1.05	0.95				
	325	1	0.0	0.0	0.0	0.0	3	1.0141902014598778	13.563830042997548	230.0	35	1.05	0.95				
];
