%% MATPOWER Case Format : Version 2
function mpc = RTS_GMLC
mpc.version = '2';

%%-----  Power Flow Data  -----%%
%% system MVA base
mpc.baseMVA = 100.0;
%% bus data
%    bus_i    type    Pd    Qd    Gs    Bs    area    Vm    Va    baseKV    zone    Vmax    Vmin
mpc.bus = [
	101	2	51.07422069473685	10.404007919298246	0.0	0.0	1	1.0354228519830566	1.086155840053403	138.0	11	1.05	0.95				
	102	2	45.87221673508772	9.45818901754386	0.0	0.0	1	1.0349988313583354	0.963408837694342	138.0	12	1.05	0.95				
	103	1	85.12370115789474	17.49764968245614	0.0	0.0	1	1.0276003194347707	-1.45509060843497	138.0	11	1.05	0.95				
	104	1	34.99529936491228	7.093641763157894	0.0	0.0	1	1.0216916536668652	-2.190794547568526	138.0	11	1.05	0.95				
	105	1	33.576571012280695	6.620732312280703	0.0	0.0	1	1.036348643490798	-1.939613627879793	138.0	11	1.05	0.95				
	106	1	64.31568531929825	13.241464624561406	0.0	-100.0	1	1.0446969733408804	-4.111476602968003	138.0	12	1.05	0.95				
	107	2	59.11368135964913	11.822736271929825	0.0	0.0	1	1.0030124431894663	-6.620154176275284	138.0	12	1.05	0.95				
	108	1	80.8675161	16.551830780701753	0.0	0.0	1	1.0056930784970706	-6.668280094569138	138.0	12	1.05	0.95				
	109	1	82.75915390350877	17.024740231578946	0.0	0.0	1	1.0253344346398512	-2.8631638802626154	138.0	13	1.05	0.95				
	110	1	92.21734292105263	18.91637803508772	0.0	0.0	1	1.05	-3.523512377765197	138.0	13	1.05	0.95				
	111	1	0.0	0.0	0.0	0.0	1	1.0050205076956409	-1.0690447034727275	230.0	13	1.05	0.95				
	112	1	0.0	0.0	0.0	0.0	1	1.0097776888273635	-0.1772429309622188	230.0	13	1.05	0.95				
	113	3	125.32100448245613	25.537110347368426	0.0	0.0	1	0.998822583130417	-1.1315187549910804e-28	230.0	14	1.05	0.95				
	114	2	91.74443347017544	18.443468584210525	0.0	0.0	1	1.001314866465286	0.2420004401161746	230.0	16	1.05	0.95				
	115	2	149.9122959280702	30.266204856140348	0.0	0.0	1	1.0390960657330934	4.753108983459135	230.0	16	1.05	0.95				
	116	2	47.2909450877193	9.45818901754386	0.0	0.0	1	1.0348948897943226	4.864016041983515	230.0	16	1.05	0.95				
	117	1	0.0	0.0	0.0	0.0	1	1.0427948985259121	6.005367924377611	230.0	17	1.05	0.95				
	118	2	157.47884714210528	32.15784265964913	0.0	0.0	1	1.0452441508078458	5.66090941750864	230.0	17	1.05	0.95				
	119	1	85.59661060877194	17.49764968245614	0.0	0.0	1	1.02918879351428	4.820920150049833	230.0	15	1.05	0.95				
	120	1	60.532409712280696	12.295645722807018	0.0	0.0	1	1.0276222520351825	5.700915397304059	230.0	15	1.05	0.95				
	121	2	0.0	0.0	0.0	0.0	1	1.05	6.416846385749903	230.0	17	1.05	0.95				
	122	2	0.0	0.0	0.0	0.0	1	1.05	13.225701272314003	230.0	17	1.05	0.95				
	123	2	0.0	0.0	0.0	0.0	1	1.027777730325672	6.549061486750292	230.0	15	1.05	0.95				
	124	1	0.0	0.0	0.0	0.0	1	1.026345729295616	2.4391758778381147	230.0	16	1.05	0.95				
	201	2	43.28159922947369	8.816622065263159	0.0	0.0	2	1.0226743581812396	-2.33450283392109	138.0	21	1.05	0.95				
	202	2	38.873288196842104	8.015110968421054	0.0	0.0	2	1.0229725776712635	-2.120300577678228	138.0	22	1.05	0.95				
	203	1	72.13599871578948	14.827955291578949	0.0	0.0	2	1.0196691821994461	-3.197033069739419	138.0	21	1.05	0.95				
	204	1	29.655910583157898	6.01133322631579	0.0	0.0	2	1.0174420473574843	-4.0428292926445915	138.0	21	1.05	0.95				
	205	1	28.453643937894736	5.610577677894738	0.0	0.0	2	1.031431498681808	-4.147694970145648	138.0	21	1.05	0.95				
	206	1	54.50275458526317	11.221155355789476	0.0	-100.0	2	1.0444210216074066	-5.518470351849347	138.0	22	1.05	0.95				
	207	2	50.09444355263158	10.018888710526316	0.0	0.0	2	0.9869795453308654	-11.397020680935501	138.0	22	1.05	0.95				
	208	1	68.52919878	14.026444194736843	0.0	0.0	2	0.9967861221631363	-9.635417034163426	138.0	22	1.05	0.95				
	209	1	70.13222097368421	14.427199743157896	0.0	0.0	2	1.0241261173671303	-3.9607648826291175	138.0	23	1.05	0.95				
	210	1	78.14733194210527	16.030221936842107	0.0	0.0	2	1.05	-4.691266708918952	138.0	23	1.05	0.95				
	211	1	0.0	0.0	0.0	0.0	2	1.0031575927263696	-1.642675632800247	230.0	23	1.05	0.95				
	212	1	0.0	0.0	0.0	0.0	2	1.0120187685779654	-0.29354245651513966	230.0	23	1.05	0.95				
	213	2	106.20022033157895	21.640799614736846	0.0	0.0	2	0.9988297509583081	-0.7090735072469168	230.0	24	1.05	0.95				
	214	2	77.74657639368421	15.629466388421054	0.0	0.0	2	0.9982085560164788	0.36380450092775124	230.0	26	1.05	0.95				
	215	2	127.03950884947368	25.648355098947373	0.0	0.0	2	1.0283659712712852	5.363606590334994	230.0	26	1.05	0.95				
	216	2	40.07555484210526	8.015110968421054	0.0	0.0	2	1.02884295787394	5.511879863326566	230.0	26	1.05	0.95				
	217	1	0.0	0.0	0.0	0.0	2	1.035321993639864	7.760026694400532	230.0	27	1.05	0.95				
	218	2	133.45159762421054	27.251377292631584	0.0	0.0	2	1.0368922691967968	8.3092980386321	230.0	27	1.05	0.95				
	219	1	72.53675426421053	14.827955291578949	0.0	0.0	2	1.0292866211615221	4.640078923391543	230.0	25	1.05	0.95				
	220	1	51.29671019789475	10.419644258947368	0.0	0.0	2	1.0322785253597302	4.662886367920308	230.0	25	1.05	0.95				
	221	2	0.0	0.0	0.0	0.0	2	1.0367191577088972	8.083308698258762	230.0	27	1.05	0.95				
	222	2	0.0	0.0	0.0	0.0	2	1.05	14.455186153195772	230.0	27	1.05	0.95				
	223	2	0.0	0.0	0.0	0.0	2	1.0343356752143686	4.979839451381427	230.0	25	1.05	0.95				
	224	1	0.0	0.0	0.0	0.0	2	1.0144028028362932	2.154452587082116	230.0	26	1.05	0.95				
	301	2	61.34577665684211	12.496361911578948	0.0	0.0	3	1.007486995785517	-32.183424119366	138.0	31	1.05	0.95				
	302	2	55.097595701052626	11.360329010526316	0.0	0.0	3	1.0068843888692127	-32.33414667779044	138.0	32	1.05	0.95				
	303	1	102.24296109473686	21.016608669473683	0.0	0.0	3	1.0211589812397224	-24.932128284030608	138.0	31	1.05	0.95				
	304	1	42.03321733894737	8.520246757894737	0.0	0.0	3	1.0066172891080856	-30.499534991730876	138.0	31	1.05	0.95				
	305	1	40.32916798736842	7.9522303073684215	0.0	0.0	3	1.0208940642924604	-31.254902855528336	138.0	31	1.05	0.95				
	306	1	77.25023727157895	15.904460614736843	0.0	-100.0	3	1.0359635387306696	-31.376044668494462	138.0	32	1.05	0.95				
	307	2	71.00205631578947	14.200411263157894	0.0	0.0	3	0.9916991386613188	-38.09340984014078	138.0	32	1.05	0.95				
	308	1	97.13081303999999	19.880575768421053	0.0	0.0	3	0.9925399276470771	-35.393882327170964	138.0	32	1.05	0.95				
	309	1	99.40287884210525	20.44859221894737	0.0	0.0	3	1.0259287893923184	-26.677830849479797	138.0	33	1.05	0.95				
	310	1	110.76320785263158	22.720658021052632	0.0	0.0	3	1.05	-28.503474830543897	138.0	33	1.05	0.95				
	311	1	0.0	0.0	0.0	0.0	3	1.0172721658928094	-21.281698776643065	230.0	33	1.05	0.95				
	312	1	0.0	0.0	0.0	0.0	3	1.017037585207488	-20.836987985093874	230.0	33	1.05	0.95				
	313	2	150.5243593894737	30.672888328421056	0.0	0.0	3	1.0248853551662256	-17.66488990181966	230.0	34	1.05	0.95				
	314	2	110.19519140210525	22.152641570526317	0.0	0.0	3	1.0291825033100548	-18.205026596754244	230.0	36	1.05	0.95				
	315	2	180.0612148168421	36.35305283368421	0.0	0.0	3	1.0481191696768284	-12.029832101548047	230.0	36	1.05	0.95				
	316	2	56.80164505263158	11.360329010526316	0.0	0.0	3	1.0477337332792296	-11.646903123842922	230.0	36	1.05	0.95				
	317	1	0.0	0.0	0.0	0.0	3	1.049003105978784	-9.202481549222483	230.0	37	1.05	0.95				
	318	2	189.14947802526316	38.62511863578948	0.0	0.0	3	1.0489566793324787	-8.527882389222171	230.0	37	1.05	0.95				
	319	1	102.81097754526316	21.016608669473683	0.0	0.0	3	1.0445529298435068	-12.74842815430208	230.0	35	1.05	0.95				
	320	1	72.70610566736842	14.76842771368421	0.0	0.0	3	1.0458009116299394	-12.856819378133059	230.0	35	1.05	0.95				
	321	2	0.0	0.0	0.0	0.0	3	1.05	-8.223910504254214	230.0	37	1.05	0.95				
	322	2	0.0	0.0	0.0	0.0	3	1.05	-4.262048259098842	230.0	37	1.05	0.95				
	323	2	0.0	0.0	0.0	0.0	3	1.0474662645037718	-12.55421266242045	230.0	35	1.05	0.95				
	324	1	0.0	0.0	0.0	0.0	3	1.0225375853258216	-16.228487818708462	230.0	36	1.05	0.95				
	325	1	0.0	0.0	0.0	0.0	3	1.0409088315827553	-11.006590026610573	230.0	35	1.05	0.95				
];
