%% MATPOWER Case Format : Version 2
function mpc = RTS_GMLC
mpc.version = '2';

%%-----  Power Flow Data  -----%%
%% system MVA base
mpc.baseMVA = 100.0;
%% bus data
%    bus_i    type    Pd    Qd    Gs    Bs    area    Vm    Va    baseKV    zone    Vmax    Vmin
mpc.bus = [
	101	2	51.60860958315789	10.51286491508772	0.0	0.0	1	1.0351522601742353	0.4707858113660027	138.0	11	1.05	0.95				
	102	2	46.35217712561403	9.557149922807017	0.0	0.0	1	1.0329518284316752	-0.11755348957973645	138.0	12	1.05	0.95				
	103	1	86.01434930526315	17.68072735719298	0.0	0.0	1	1.0347351948718309	1.2198636350526448	138.0	11	1.05	0.95				
	104	1	35.36145471438596	7.167862442105262	0.0	0.0	1	1.0241321019715972	-2.069017566304106	138.0	11	1.05	0.95				
	105	1	33.92788222596491	6.690004945964913	0.0	0.0	1	1.0360437490034529	-2.6935264560169405	138.0	11	1.05	0.95				
	106	1	64.98861947508772	13.380009891929825	0.0	-100.0	1	1.0441236385900243	-5.057047679070059	138.0	12	1.05	0.95				
	107	2	59.73218701754386	11.94643740350877	0.0	0.0	1	0.9995978170953261	-10.715239074920731	138.0	12	1.05	0.95				
	108	1	81.71363183999999	16.725012364912278	0.0	0.0	1	1.0020821120325616	-9.210722879653364	138.0	12	1.05	0.95				
	109	1	83.6250618245614	17.20286986105263	0.0	0.0	1	1.0253581385757788	-2.9043492430353197	138.0	13	1.05	0.95				
	110	1	93.18221174736841	19.114299845614035	0.0	0.0	1	1.05	-4.402098882890187	138.0	13	1.05	0.95				
	111	1	0.0	0.0	0.0	0.0	1	1.0067456793198877	-0.822994750528949	230.0	13	1.05	0.95				
	112	1	0.0	0.0	0.0	0.0	1	1.0097253986824812	-1.3133121232614315	230.0	13	1.05	0.95				
	113	3	126.63223647719298	25.804304791578947	0.0	0.0	1	0.9998317293473584	-3.6014399805819616e-28	230.0	14	1.05	0.95				
	114	2	92.70435425122805	18.636442349473683	0.0	0.0	1	1.0076120561489719	1.4003832337363324	230.0	16	1.05	0.95				
	115	2	151.48082627649123	30.582879752982457	0.0	0.0	1	1.0418831245069453	8.824227024303806	230.0	16	1.05	0.95				
	116	2	47.78574961403508	9.557149922807017	0.0	0.0	1	1.0367366877880344	7.348496978784709	230.0	16	1.05	0.95				
	117	1	0.0	0.0	0.0	0.0	1	1.0435221054066566	11.517696751412352	230.0	17	1.05	0.95				
	118	2	159.12654621473683	32.49430973754386	0.0	0.0	1	1.0481473924277667	12.648847439054213	230.0	17	1.05	0.95				
	119	1	86.4922068014035	17.68072735719298	0.0	0.0	1	1.0249171098506609	4.540288951763477	230.0	15	1.05	0.95				
	120	1	61.165759505964914	12.424294899649121	0.0	0.0	1	1.0188018510768169	2.459766842374651	230.0	15	1.05	0.95				
	121	2	0.0	0.0	0.0	0.0	1	1.05	14.297260732536689	230.0	17	1.05	0.95				
	122	2	0.0	0.0	0.0	0.0	1	1.05	19.801342940410354	230.0	17	1.05	0.95				
	123	2	0.0	0.0	0.0	0.0	1	1.0164674686989634	1.679526571961279	230.0	15	1.05	0.95				
	124	1	0.0	0.0	0.0	0.0	1	1.029379560353438	5.970374871494518	230.0	16	1.05	0.95				
	201	2	45.21958131789474	9.211396194385966	0.0	0.0	2	1.01514993057071	-11.660309629448573	138.0	21	1.05	0.95				
	202	2	40.61388322070176	8.373996540350879	0.0	0.0	2	1.0143417349821715	-11.896032013037287	138.0	22	1.05	0.95				
	203	1	75.36596886315789	15.491893599649122	0.0	0.0	2	1.0142480456245968	-9.12416637227645	138.0	21	1.05	0.95				
	204	1	30.983787199298245	6.280497405263158	0.0	0.0	2	1.0127541231175252	-11.253032125690364	138.0	21	1.05	0.95				
	205	1	29.727687718245615	5.861797578245615	0.0	0.0	2	1.0274113744341937	-11.569820459755917	138.0	21	1.05	0.95				
	206	1	56.94317647438597	11.72359515649123	0.0	-100.0	2	1.0423107143423216	-12.03931587593714	138.0	22	1.05	0.95				
	207	2	52.33747837719298	10.467495675438597	0.0	0.0	2	0.9978709240535706	-17.09478782824047	138.0	22	1.05	0.95				
	208	1	71.59767042	14.654493945614036	0.0	0.0	2	1.002245666090681	-15.196948857457857	138.0	22	1.05	0.95				
	209	1	73.27246972807018	15.07319377263158	0.0	0.0	2	1.0237430072217755	-8.996336340714267	138.0	23	1.05	0.95				
	210	1	81.64646626842107	16.747993080701757	0.0	0.0	2	1.05	-10.132575719315387	138.0	23	1.05	0.95				
	211	1	0.0	0.0	0.0	0.0	2	1.0036859596854575	-6.806225329853382	230.0	23	1.05	0.95				
	212	1	0.0	0.0	0.0	0.0	2	1.0101854130894679	-2.37056801747359	230.0	23	1.05	0.95				
	213	2	110.95545415964911	22.60979065894737	0.0	0.0	2	0.9983796021778347	-4.788184356078537	230.0	24	1.05	0.95				
	214	2	81.22776644140352	16.329293253684213	0.0	0.0	2	1.000639623754288	-5.674684385068645	230.0	26	1.05	0.95				
	215	2	132.7278451645614	26.796788929122812	0.0	0.0	2	1.018748501557668	-0.6341809058989996	230.0	26	1.05	0.95				
	216	2	41.86998270175439	8.373996540350879	0.0	0.0	2	1.016920745659386	-1.4866303938227872	230.0	26	1.05	0.95				
	217	1	0.0	0.0	0.0	0.0	2	1.0231108764466326	0.09595294412012449	230.0	27	1.05	0.95				
	218	2	139.42704239684213	28.471588237192986	0.0	0.0	2	1.0227435372898626	-0.2480320663589033	230.0	27	1.05	0.95				
	219	1	75.78466869017545	15.491893599649122	0.0	0.0	2	1.0144987864570152	-1.891954987531115	230.0	25	1.05	0.95				
	220	1	53.593577858245624	10.886195502456141	0.0	0.0	2	1.0152263712146372	-1.4083526442143155	230.0	25	1.05	0.95				
	221	2	0.0	0.0	0.0	0.0	2	1.0249469702956018	0.42292712830778867	230.0	27	1.05	0.95				
	222	2	0.0	0.0	0.0	0.0	2	1.0466956471061508	6.826331449539208	230.0	27	1.05	0.95				
	223	2	0.0	0.0	0.0	0.0	2	1.0162852625514238	-0.8133397628727894	230.0	25	1.05	0.95				
	224	1	0.0	0.0	0.0	0.0	2	1.006535117772045	-3.8309259187091285	230.0	26	1.05	0.95				
	301	2	56.118317002105265	11.431509018947368	0.0	0.0	3	0.9958219153334815	12.091198653089325	138.0	31	1.05	0.95				
	302	2	50.402562492631574	10.392280926315788	0.0	0.0	3	0.9956151105195564	12.091445754010342	138.0	32	1.05	0.95				
	303	1	93.5305283368421	19.225719713684207	0.0	0.0	3	1.0149863393337732	13.648705048461466	138.0	31	1.05	0.95				
	304	1	38.45143942736841	7.794210694736842	0.0	0.0	3	1.0028530299475902	13.922940368111082	138.0	31	1.05	0.95				
	305	1	36.892597288421044	7.274596648421053	0.0	0.0	3	1.0149592247569421	13.981099812826363	138.0	31	1.05	0.95				
	306	1	70.66751029894736	14.549193296842105	0.0	-100.0	3	1.034348181503776	14.432830621649982	138.0	32	1.05	0.95				
	307	2	64.95175578947368	12.990351157894736	0.0	0.0	3	0.9861342415813266	12.375655341658524	138.0	32	1.05	0.95				
	308	1	88.85400191999999	18.18649162105263	0.0	0.0	3	1.0023748349522796	14.598587259705184	138.0	32	1.05	0.95				
	309	1	90.93245810526315	18.70610566736842	0.0	0.0	3	1.0264323566654796	17.53545218550309	138.0	33	1.05	0.95				
	310	1	101.32473903157894	20.784561852631576	0.0	0.0	3	1.05	17.52258845803695	138.0	33	1.05	0.95				
	311	1	0.0	0.0	0.0	0.0	3	1.0106179625537313	22.37382073454299	230.0	33	1.05	0.95				
	312	1	0.0	0.0	0.0	0.0	3	1.0179955771282445	23.739210360492958	230.0	33	1.05	0.95				
	313	2	137.6977222736842	28.059158501052632	0.0	0.0	3	1.0271086142643926	30.109514273453645	230.0	34	1.05	0.95				
	314	2	100.80512498526315	20.26494780631579	0.0	0.0	3	1.0085744257770786	20.421480251247573	230.0	36	1.05	0.95				
	315	2	164.71765268210527	33.255298964210525	0.0	0.0	3	1.032204862919086	13.357292049621368	230.0	36	1.05	0.95				
	316	2	51.961404631578944	10.392280926315788	0.0	0.0	3	1.0337830615563075	14.739262169257241	230.0	36	1.05	0.95				
	317	1	0.0	0.0	0.0	0.0	3	1.0378169507253552	12.847078162124099	230.0	37	1.05	0.95				
	318	2	173.0314774231579	35.33375514947368	0.0	0.0	3	1.0366044850569813	11.282924635890392	230.0	37	1.05	0.95				
	319	1	94.05014238315789	19.225719713684207	0.0	0.0	3	1.03307619669227	18.099966616140332	230.0	35	1.05	0.95				
	320	1	66.51059792842105	13.509965204210525	0.0	0.0	3	1.0345830296548664	20.36407343449506	230.0	35	1.05	0.95				
	321	2	0.0	0.0	0.0	0.0	3	1.0370669295231703	12.551665317469384	230.0	37	1.05	0.95				
	322	2	0.0	0.0	0.0	0.0	3	1.0499999799878377	16.97618751480714	230.0	37	1.05	0.95				
	323	2	0.0	0.0	0.0	0.0	3	1.0347891200061894	21.054832277939564	230.0	35	1.05	0.95				
	324	1	0.0	0.0	0.0	0.0	3	1.0244119378431622	15.50475440359414	230.0	36	1.05	0.95				
	325	1	0.0	0.0	0.0	0.0	3	1.0375446531538233	20.48603077650985	230.0	35	1.05	0.95				
];
