%% MATPOWER Case Format : Version 2
function mpc = RTS_GMLC
mpc.version = '2';

%%-----  Power Flow Data  -----%%
%% system MVA base
mpc.baseMVA = 100.0;
%% bus data
%    bus_i    type    Pd    Qd    Gs    Bs    area    Vm    Va    baseKV    zone    Vmax    Vmin
mpc.bus = [
	101	2	44.04700644631579	8.972538350175437	0.0	0.0	1	1.0142549554626878	-3.4399001418070743	138.0	11	1.05	0.95				
	102	2	39.560737271228064	8.156853045614035	0.0	0.0	1	1.0140145418240902	-3.6801235860512396	138.0	12	1.05	0.95				
	103	1	73.41167741052631	15.090178134385962	0.0	0.0	1	1.0048165386904337	0.9264818820924597	138.0	11	1.05	0.95				
	104	1	30.180356268771924	6.1176397842105255	0.0	0.0	1	1.0040870986818906	-3.8599494486714856	138.0	11	1.05	0.95				
	105	1	28.956828311929822	5.709797131929824	0.0	0.0	1	1.0175926498577543	-4.9287689378203385	138.0	11	1.05	0.95				
	106	1	55.46660071017544	11.419594263859649	0.0	-100.0	1	1.0272635170903155	-6.253876292005422	138.0	12	1.05	0.95				
	107	2	50.98033153508772	10.196066307017542	0.0	0.0	1	0.9866597593107619	-10.67481923883642	138.0	12	1.05	0.95				
	108	1	69.74109354	14.27449282982456	0.0	0.0	1	0.9879008651654233	-9.23996318874438	138.0	12	1.05	0.95				
	109	1	71.37246414912279	14.68233548210526	0.0	0.0	1	1.0028348695391143	-3.2375978835488497	138.0	13	1.05	0.95				
	110	1	79.52931719473683	16.31370609122807	0.0	0.0	1	1.0307227372619383	-5.095988301954709	138.0	13	1.05	0.95				
	111	1	0.0	0.0	0.0	0.0	1	0.9821144013672377	-0.7382948997202752	230.0	13	1.05	0.95				
	112	1	0.0	0.0	0.0	0.0	1	0.9834415456105848	-1.4651499250559836	230.0	13	1.05	0.95				
	113	3	108.07830285438595	22.023503223157896	0.0	0.0	1	0.9646399735569912	-2.8429898968588293e-28	230.0	14	1.05	0.95				
	114	2	79.12147454245613	15.905863438947367	0.0	0.0	1	0.9901010372212902	2.1927718438995214	230.0	16	1.05	0.95				
	115	2	129.28612077298246	26.10192974596491	0.0	0.0	1	0.994466862502058	10.484061944157677	230.0	16	1.05	0.95				
	116	2	40.78426522807017	8.156853045614035	0.0	0.0	1	0.9924930525710681	9.107990124258238	230.0	16	1.05	0.95				
	117	1	0.0	0.0	0.0	0.0	1	0.9965596963388992	14.439512972561884	230.0	17	1.05	0.95				
	118	2	135.81160320947367	27.73330035508772	0.0	0.0	1	1.0043307650284532	14.880134829349739	230.0	17	1.05	0.95				
	119	1	73.81952006280702	15.090178134385962	0.0	0.0	1	0.9914107669508713	5.774252213052931	230.0	15	1.05	0.95				
	120	1	52.20385949192982	10.603908959298245	0.0	0.0	1	0.9948702404460175	3.2417100869776054	230.0	15	1.05	0.95				
	121	2	0.0	0.0	0.0	0.0	1	1.005501203604337	15.990177676339496	230.0	17	1.05	0.95				
	122	2	0.0	0.0	0.0	0.0	1	1.0141363073401957	32.61494369984129	230.0	17	1.05	0.95				
	123	2	0.0	0.0	0.0	0.0	1	0.9977559306343601	2.1878920536428095	230.0	15	1.05	0.95				
	124	1	0.0	0.0	0.0	0.0	1	0.9869052128618429	6.8283637524837975	230.0	16	1.05	0.95				
	201	2	47.0555643031579	9.585392728421052	0.0	0.0	2	1.0101858382402127	-12.582516494355314	138.0	21	1.05	0.95				
	202	2	42.262867938947366	8.713993389473684	0.0	0.0	2	1.0090442566524487	-12.80132253108272	138.0	22	1.05	0.95				
	203	1	78.42594050526316	16.120887770526316	0.0	0.0	2	0.9962173705986659	-9.494451224412332	138.0	21	1.05	0.95				
	204	1	32.24177554105263	6.535495042105263	0.0	0.0	2	0.9998939837889667	-11.88238679707484	138.0	21	1.05	0.95				
	205	1	30.934676532631578	6.099795372631579	0.0	0.0	2	1.0162258285713757	-12.265216204138001	138.0	21	1.05	0.95				
	206	1	59.25515504842106	12.199590745263158	0.0	-100.0	2	1.027403736918628	-12.630139248734016	138.0	22	1.05	0.95				
	207	2	54.462458684210524	10.892491736842105	0.0	0.0	2	0.9705960030238024	-17.97676871041009	138.0	22	1.05	0.95				
	208	1	74.50464348	15.249488431578948	0.0	0.0	2	0.978039155312149	-15.93805436748887	138.0	22	1.05	0.95				
	209	1	76.24744215789474	15.68518810105263	0.0	0.0	2	1.0058307657190266	-9.269304727663874	138.0	23	1.05	0.95				
	210	1	84.96143554736842	17.427986778947368	0.0	0.0	2	1.033182172586249	-10.504944575179982	138.0	23	1.05	0.95				
	211	1	0.0	0.0	0.0	0.0	2	0.9881217383836515	-6.7991100368991475	230.0	23	1.05	0.95				
	212	1	0.0	0.0	0.0	0.0	2	0.9910077086035101	-2.0716397946612677	230.0	23	1.05	0.95				
	213	2	115.46041241052632	23.52778215157895	0.0	0.0	2	0.9858425442472745	-4.3915548102488895	230.0	24	1.05	0.95				
	214	2	84.52573587789473	16.992287109473686	0.0	0.0	2	0.98490366633486	-5.690522814861844	230.0	26	1.05	0.95				
	215	2	138.1167952231579	27.88477884631579	0.0	0.0	2	0.9915449079238605	-0.6731318100693122	230.0	26	1.05	0.95				
	216	2	43.56996694736842	8.713993389473684	0.0	0.0	2	0.9904988402181193	-1.2351579384941127	230.0	26	1.05	0.95				
	217	1	0.0	0.0	0.0	0.0	2	0.9997353240277267	0.12968678838428008	230.0	27	1.05	0.95				
	218	2	145.08798993473684	29.62757752421053	0.0	0.0	2	1.0002816344720709	-0.3547840427399569	230.0	27	1.05	0.95				
	219	1	78.86164017473685	16.120887770526316	0.0	0.0	2	0.9863218740916485	-0.8970174440482033	230.0	25	1.05	0.95				
	220	1	55.76955769263158	11.328191406315788	0.0	0.0	2	0.9860489507772934	0.3179476429025584	230.0	25	1.05	0.95				
	221	2	0.0	0.0	0.0	0.0	2	1.0027064453432373	0.28042559695420555	230.0	27	1.05	0.95				
	222	2	0.0	0.0	0.0	0.0	2	1.0211332481551987	6.342245409005812	230.0	27	1.05	0.95				
	223	2	0.0	0.0	0.0	0.0	2	0.9870221424349636	1.3488840453113782	230.0	25	1.05	0.95				
	224	1	0.0	0.0	0.0	0.0	2	0.9827012228051119	-4.027803385636382	230.0	26	1.05	0.95				
	301	2	63.10534642105263	12.854792789473684	0.0	0.0	3	1.0021116731291067	11.310528655411943	138.0	31	1.05	0.95				
	302	2	56.677950026315784	11.686175263157894	0.0	0.0	3	1.0023503684273791	11.2382886259519	138.0	32	1.05	0.95				
	303	1	105.17557736842105	21.619424236842104	0.0	0.0	3	0.9930623166463723	16.233016043925016	138.0	31	1.05	0.95				
	304	1	43.23884847368421	8.764631447368421	0.0	0.0	3	0.9931711673963703	13.58106648465532	138.0	31	1.05	0.95				
	305	1	41.48592218421052	8.180322684210527	0.0	0.0	3	1.0086244783472746	13.020163224895327	138.0	31	1.05	0.95				
	306	1	79.46599178947369	16.360645368421054	0.0	-100.0	3	1.0203988952398841	13.314612126226157	138.0	32	1.05	0.95				
	307	2	73.03859539473684	14.607719078947367	0.0	0.0	3	0.9681593246331964	9.552924916233904	138.0	32	1.05	0.95				
	308	1	99.9167985	20.450806710526315	0.0	0.0	3	0.9789441838317957	12.284163115169333	138.0	32	1.05	0.95				
	309	1	102.25403355263158	21.03511547368421	0.0	0.0	3	1.007033661873741	17.982071548013586	138.0	33	1.05	0.95				
	310	1	113.94020881578946	23.37235052631579	0.0	0.0	3	1.0325192338399622	16.675612764343967	138.0	33	1.05	0.95				
	311	1	0.0	0.0	0.0	0.0	3	0.9912895391523486	23.231884621172764	230.0	33	1.05	0.95				
	312	1	0.0	0.0	0.0	0.0	3	0.997048562351354	23.668418572540194	230.0	33	1.05	0.95				
	313	2	154.8418222368421	31.552673210526315	0.0	0.0	3	1.00445319642058	29.103105126587884	230.0	34	1.05	0.95				
	314	2	113.35590005263157	22.788041763157892	0.0	0.0	3	0.9900634189449211	24.024794583411094	230.0	36	1.05	0.95				
	315	2	185.22587792105264	37.39576084210526	0.0	0.0	3	0.9896300689830196	22.059930109690857	230.0	36	1.05	0.95				
	316	2	58.43087631578947	11.686175263157894	0.0	0.0	3	0.9841404650470889	23.42322339268903	230.0	36	1.05	0.95				
	317	1	0.0	0.0	0.0	0.0	3	0.9982429775674705	26.36898620803934	230.0	37	1.05	0.95				
	318	2	194.57481813157892	39.732995894736845	0.0	0.0	3	0.9921811940577424	22.518351888523306	230.0	37	1.05	0.95				
	319	1	105.75988613157894	21.619424236842104	0.0	0.0	3	0.9935422245934356	23.964007326795212	230.0	35	1.05	0.95				
	320	1	74.79152168421052	15.192027842105263	0.0	0.0	3	1.0031321784751566	24.049944490346245	230.0	35	1.05	0.95				
	321	2	0.0	0.0	0.0	0.0	3	0.998603707689073	22.997494787374567	230.0	37	1.05	0.95				
	322	2	0.0	0.0	0.0	0.0	3	1.0167467928730474	28.29227971636748	230.0	37	1.05	0.95				
	323	2	0.0	0.0	0.0	0.0	3	1.0080274300443293	23.821742643033016	230.0	35	1.05	0.95				
	324	1	0.0	0.0	0.0	0.0	3	0.9855759893089899	21.636082159526993	230.0	36	1.05	0.95				
