%% MATPOWER Case Format : Version 2
function mpc = RTS_GMLC
mpc.version = '2';

%%-----  Power Flow Data  -----%%
%% system MVA base
mpc.baseMVA = 100.0;
%% bus data
%    bus_i    type    Pd    Qd    Gs    Bs    area    Vm    Va    baseKV    zone    Vmax    Vmin
mpc.bus = [
	101	2	91.94161304842106	18.728847102456143	0.0	0.0	1	1.0462082601225595	-0.6821435445152609	138.0	11	1.05	0.95				
	102	2	82.57718949719298	17.026224638596492	0.0	0.0	1	1.0460225808978365	-0.8397244685255345	138.0	12	1.05	0.95				
	103	1	153.23602174736843	31.49851558140351	0.0	0.0	1	1.0217809794465984	-1.8675458830003688	138.0	11	1.05	0.95				
	104	1	62.99703116280702	12.769668478947368	0.0	0.0	1	1.0226045451089751	-4.455678706471415	138.0	11	1.05	0.95				
	105	1	60.44309746701755	11.918357247017546	0.0	0.0	1	1.0359482715855488	-4.948224656049368	138.0	11	1.05	0.95				
	106	1	115.77832754245617	23.836714494035093	0.0	-100.0	1	1.035528889925947	-8.123975040897935	138.0	12	1.05	0.95				
	107	2	106.41390399122808	21.282780798245614	0.0	0.0	1	1.05	-7.623139885138465	138.0	12	1.05	0.95				
	108	1	145.57422066	29.79589311754386	0.0	0.0	1	1.0224910561261185	-9.492190424005395	138.0	12	1.05	0.95				
	109	1	148.97946558771932	30.647204349473682	0.0	0.0	1	1.0269501253025106	-5.017264880353899	138.0	13	1.05	0.95				
	110	1	166.0056902263158	34.052449277192984	0.0	0.0	1	1.05	-6.658949568106956	138.0	13	1.05	0.95				
	111	1	0.0	0.0	0.0	0.0	1	1.0168164247473404	-1.9461524609189136	230.0	13	1.05	0.95				
	112	1	0.0	0.0	0.0	0.0	1	1.018434342225262	-1.2791399490841682	230.0	13	1.05	0.95				
	113	3	225.59747646140355	45.97080652421053	0.0	0.0	1	1.020179424403102	3.0773894144422113e-30	230.0	14	1.05	0.95				
	114	2	165.15437899438595	33.201138045263164	0.0	0.0	1	1.0214217081046877	0.25318224305895554	230.0	16	1.05	0.95				
	115	2	269.86566052175436	54.483918843508775	0.0	0.0	1	1.0426043718102185	9.449810435694696	230.0	16	1.05	0.95				
	116	2	85.13112319298246	17.026224638596492	0.0	0.0	1	1.042080726461722	8.561816178905131	230.0	16	1.05	0.95				
	117	1	0.0	0.0	0.0	0.0	1	1.0464911150314389	12.526616158343026	230.0	17	1.05	0.95				
	118	2	283.4866402326316	57.889163771228084	0.0	0.0	1	1.05	13.562983896542027	230.0	17	1.05	0.95				
	119	1	154.08733297929825	31.49851558140351	0.0	0.0	1	1.0364348426016052	6.615879597317009	230.0	15	1.05	0.95				
	120	1	108.96783768701755	22.134092030175438	0.0	0.0	1	1.038982101562648	6.164975192283257	230.0	15	1.05	0.95				
	121	2	0.0	0.0	0.0	0.0	1	1.05	14.612219869349248	230.0	17	1.05	0.95				
	122	2	0.0	0.0	0.0	0.0	1	1.05	20.786548641483684	230.0	17	1.05	0.95				
	123	2	0.0	0.0	0.0	0.0	1	1.0428177063826691	6.544638402188223	230.0	15	1.05	0.95				
	124	1	0.0	0.0	0.0	0.0	1	1.020655727205288	5.251254804093279	230.0	16	1.05	0.95				
	201	2	89.9971666863158	18.332756176842103	0.0	0.0	2	1.05	-17.863103835652396	138.0	21	1.05	0.95				
	202	2	80.83078859789474	16.66614197894737	0.0	0.0	2	1.05	-17.991494773907256	138.0	22	1.05	0.95				
	203	1	149.99527781052632	30.83236266105263	0.0	0.0	2	1.0240906070979061	-12.663128279980326	138.0	21	1.05	0.95				
	204	1	61.66472532210526	12.499606484210526	0.0	0.0	2	1.0207720480542695	-19.13966484727532	138.0	21	1.05	0.95				
	205	1	59.16480402526315	11.66629938526316	0.0	0.0	2	1.0391883055685458	-19.76705835862705	138.0	21	1.05	0.95				
	206	1	113.32976545684213	23.33259877052632	0.0	-100.0	2	1.0380540353144632	-21.62952252633108	138.0	22	1.05	0.95				
	207	2	104.16338736842106	20.83267747368421	0.0	0.0	2	0.95	-32.469141609811516	138.0	22	1.05	0.95				
	208	1	142.49551392	29.165748463157893	0.0	0.0	2	0.9550789693006576	-28.911216406400186	138.0	22	1.05	0.95				
	209	1	145.8287423157895	29.999055562105266	0.0	0.0	2	1.0236791606342084	-16.724338631974966	138.0	23	1.05	0.95				
	210	1	162.49488429473683	33.33228395789474	0.0	0.0	2	1.0493957820712267	-19.113627434465894	138.0	23	1.05	0.95				
	211	1	0.0	0.0	0.0	0.0	2	1.0311790318382097	-11.292943166186777	230.0	23	1.05	0.95				
	212	1	0.0	0.0	0.0	0.0	2	1.021269179073648	-9.957117025115638	230.0	23	1.05	0.95				
	213	2	220.82638122105266	44.9985833431579	0.0	0.0	2	1.05	-7.606951491184803	230.0	24	1.05	0.95				
	214	2	161.66157719578948	32.49897685894737	0.0	0.0	2	1.05	-8.197176952493162	230.0	26	1.05	0.95				
	215	2	264.1583503663158	53.33165433263159	0.0	0.0	2	1.0439252823974403	1.685976806497651	230.0	26	1.05	0.95				
	216	2	83.33070989473684	16.66614197894737	0.0	0.0	2	1.0479014504454256	1.3590089077893592	230.0	26	1.05	0.95				
	217	1	0.0	0.0	0.0	0.0	2	1.0488636790447676	4.835748109323841	230.0	27	1.05	0.95				
	218	2	277.4912639494737	56.66488272842106	0.0	0.0	2	1.05	5.455226654326255	230.0	27	1.05	0.95				
	219	1	150.82858490947368	30.83236266105263	0.0	0.0	2	1.042616653379771	0.8044813506689898	230.0	25	1.05	0.95				
	220	1	106.66330866526317	21.66598457263158	0.0	0.0	2	1.0455879426815282	1.8805779875174493	230.0	25	1.05	0.95				
	221	2	0.0	0.0	0.0	0.0	2	1.05	5.926212124347849	230.0	27	1.05	0.95				
	222	2	0.0	0.0	0.0	0.0	2	1.05	12.010254836528219	230.0	27	1.05	0.95				
	223	2	0.0	0.0	0.0	0.0	2	1.05	3.074486000018199	230.0	25	1.05	0.95				
	224	1	0.0	0.0	0.0	0.0	2	1.0180629801060683	-3.64778780335728	230.0	26	1.05	0.95				
	301	2	72.56944004210527	14.782663712280703	0.0	0.0	3	1.005181363439652	-1.8934270984889554	138.0	31	1.05	0.95				
	302	2	65.17810818596492	13.438785192982458	0.0	0.0	3	1.0060718795913308	-1.9935446188250137	138.0	32	1.05	0.95				
	303	1	120.94906673684211	24.861752607017547	0.0	0.0	3	1.018871304213299	3.15526462563602	138.0	31	1.05	0.95				
	304	1	49.72350521403509	10.079088894736842	0.0	0.0	3	1.004099327107682	0.32548842856666	138.0	31	1.05	0.95				
	305	1	47.70768743508772	9.407149635087722	0.0	0.0	3	1.017247780042415	0.08451380272166621	138.0	31	1.05	0.95				
	306	1	91.38373931228071	18.814299270175443	0.0	-100.0	3	1.0321821232840653	0.4500390235433516	138.0	32	1.05	0.95				
	307	2	83.99240745614036	16.79848149122807	0.0	0.0	3	0.9919680706253016	-4.591324855400413	138.0	32	1.05	0.95				
	308	1	114.9016134	23.5178740877193	0.0	0.0	3	0.9975749879140108	-1.481507842031465	138.0	32	1.05	0.95				
	309	1	117.58937043859649	24.18981334736842	0.0	0.0	3	1.0270809284761349	4.958817516038488	138.0	33	1.05	0.95				
	310	1	131.02815563157895	26.877570385964916	0.0	0.0	3	1.05	4.2135328624827935	138.0	33	1.05	0.95				
	311	1	0.0	0.0	0.0	0.0	3	1.0177866467608234	11.449351782652206	230.0	33	1.05	0.95				
	312	1	0.0	0.0	0.0	0.0	3	1.021254932677406	12.54848374641919	230.0	33	1.05	0.95				
	313	2	178.06390380701754	36.284720021052635	0.0	0.0	3	1.0417455427911695	19.093789348891622	230.0	34	1.05	0.95				
	314	2	130.35621637192983	26.205631126315794	0.0	0.0	3	1.0224893213078807	11.456960691893071	230.0	36	1.05	0.95				
	315	2	213.0047453087719	43.00411261754386	0.0	0.0	3	1.0401818309226745	9.118210132323568	230.0	36	1.05	0.95				
	316	2	67.19392596491228	13.438785192982458	0.0	0.0	3	1.039670790694697	10.158379088734735	230.0	36	1.05	0.95				
	317	1	0.0	0.0	0.0	0.0	3	1.0443077017143894	9.854608333405807	230.0	37	1.05	0.95				
	318	2	223.75577346315788	45.691869656140355	0.0	0.0	3	1.0442128387416063	9.058211692884969	230.0	37	1.05	0.95				
	319	1	121.62100599649123	24.861752607017547	0.0	0.0	3	1.037550331104969	11.899964011718701	230.0	35	1.05	0.95				
	320	1	86.00822523508772	17.470420750877196	0.0	0.0	3	1.038539278329205	13.26620689889971	230.0	35	1.05	0.95				
	321	2	0.0	0.0	0.0	0.0	3	1.0460063714297558	10.6102588437106	230.0	37	1.05	0.95				
	322	2	0.0	0.0	0.0	0.0	3	1.05	14.646695553785348	230.0	37	1.05	0.95				
	323	2	0.0	0.0	0.0	0.0	3	1.039423612779733	13.849993490921193	230.0	35	1.05	0.95				
	324	1	0.0	0.0	0.0	0.0	3	1.0264146845590771	8.73473623908638	230.0	36	1.05	0.95				
	325	1	0.0	0.0	0.0	0.0	3	1.0410419393659525	13.919477017232802	230.0	35	1.05	0.95				
];

%% generator data
%    bus    Pg    Qg    Qmax    Qmin    Vg    mBase    status    Pmax    Pmin    Pc1    Pc2    Qc1min    Qc1max    Qc2min    Qc2max    ramp_agc    ramp_10    ramp_30    ramp_q    apf
