%% MATPOWER Case Format : Version 2
function mpc = RTS_GMLC
mpc.version = '2';

%%-----  Power Flow Data  -----%%
%% system MVA base
mpc.baseMVA = 100.0;
%% bus data
%    bus_i    type    Pd    Qd    Gs    Bs    area    Vm    Va    baseKV    zone    Vmax    Vmin
mpc.bus = [
	101	2	36.93963384378947	7.524740227438596	0.0	0.0	1	1.0328622366660418	2.630364275418021	138.0	11	1.05	0.95				
	102	2	33.17726373007017	6.840672934035087	0.0	0.0	1	1.031495364355592	2.221774599862003	138.0	12	1.05	0.95				
	103	1	61.56605640631578	12.65524492796491	0.0	0.0	1	1.027714736489552	2.653851135158381	138.0	11	1.05	0.95				
	104	1	25.31048985592982	5.130504700526315	0.0	0.0	1	1.0213727445516598	-0.4727068874987942	138.0	11	1.05	0.95				
	105	1	24.284388915824557	4.788471053824561	0.0	0.0	1	1.0367494934865333	-0.3495788411993768	138.0	11	1.05	0.95				
	106	1	46.5165759514386	9.576942107649122	0.0	-100.0	1	1.047593051860812	-2.461826584544867	138.0	12	1.05	0.95				
	107	2	42.7542058377193	8.550841167543858	0.0	0.0	1	0.9999829915291486	-10.185120374128912	138.0	12	1.05	0.95				
	108	1	58.48775358599999	11.971177634561402	0.0	0.0	1	1.0049978227429248	-7.665352082766127	138.0	12	1.05	0.95				
	109	1	59.85588817280701	12.313211281263156	0.0	0.0	1	1.0227499999172105	-1.2815512913727094	138.0	13	1.05	0.95				
	110	1	66.6965611068421	13.681345868070174	0.0	0.0	1	1.05	-2.28852917558933	138.0	13	1.05	0.95				
	111	1	0.0	0.0	0.0	0.0	1	1.0000854065640585	0.613398288990423	230.0	13	1.05	0.95				
	112	1	0.0	0.0	0.0	0.0	1	1.0057745726846814	-0.3894579917919443	230.0	13	1.05	0.95				
	113	3	90.6389163759649	18.469816921894736	0.0	0.0	1	0.9926707910427552	-1.0032641477726983e-27	230.0	14	1.05	0.95				
	114	2	66.35452746014035	13.339312221368422	0.0	0.0	1	0.9953900222328923	3.7064607964074154	230.0	16	1.05	0.95				
	115	2	108.42466600445613	21.890153388912278	0.0	0.0	1	1.0285112059492958	11.652102515104838	230.0	16	1.05	0.95				
	116	2	34.20336467017543	6.840672934035087	0.0	0.0	1	1.023600113268295	10.015909172157398	230.0	16	1.05	0.95				
	117	1	0.0	0.0	0.0	0.0	1	1.0306064287540868	15.048744793891998	230.0	17	1.05	0.95				
	118	2	113.8972043516842	23.2582879757193	0.0	0.0	1	1.0379201615599503	15.649567993591159	230.0	17	1.05	0.95				
	119	1	61.90809005301754	12.65524492796491	0.0	0.0	1	1.0126679405165482	6.198638498498643	230.0	15	1.05	0.95				
	120	1	43.780306777824556	8.892874814245614	0.0	0.0	1	1.0084079563681367	3.523255886060168	230.0	15	1.05	0.95				
	121	2	0.0	0.0	0.0	0.0	1	1.0403306238472432	17.03476558437752	230.0	17	1.05	0.95				
	122	2	0.0	0.0	0.0	0.0	1	1.05	30.67217902266395	230.0	17	1.05	0.95				
	123	2	0.0	0.0	0.0	0.0	1	1.0067918202242103	2.3180492410261677	230.0	15	1.05	0.95				
	124	1	0.0	0.0	0.0	0.0	1	1.0170247798058194	8.250059661372784	230.0	16	1.05	0.95				
	201	2	41.768613246315795	8.508421216842105	0.0	0.0	2	1.0100328055526033	-17.852458138757864	138.0	21	1.05	0.95				
	202	2	37.51440263789474	7.7349283789473695	0.0	0.0	2	1.009200839907548	-18.16884142857602	138.0	22	1.05	0.95				
	203	1	69.61435541052631	14.309617501052632	0.0	0.0	2	1.0128238831141747	-12.949896106126921	138.0	21	1.05	0.95				
	204	1	28.619235002105263	5.801196284210526	0.0	0.0	2	1.010272773572104	-17.920508225167573	138.0	21	1.05	0.95				
	205	1	27.45899574526316	5.414449865263158	0.0	0.0	2	1.025348313116185	-18.43600941513022	138.0	21	1.05	0.95				
	206	1	52.59751297684211	10.828899730526317	0.0	-100.0	2	1.041924044657408	-19.259949562386364	138.0	22	1.05	0.95				
	207	2	48.34330236842106	9.668660473684211	0.0	0.0	2	0.9926869847004001	-23.811275880869303	138.0	22	1.05	0.95				
	208	1	66.13363764	13.536124663157894	0.0	0.0	2	1.0001436335551248	-22.097438021477313	138.0	22	1.05	0.95				
	209	1	67.68062331578948	13.922871082105262	0.0	0.0	2	1.0220326712333752	-16.1072902546649	138.0	23	1.05	0.95				
	210	1	75.41555169473685	15.469856757894739	0.0	0.0	2	1.05	-17.76962778359824	138.0	23	1.05	0.95				
	211	1	0.0	0.0	0.0	0.0	2	1.0054468742714395	-13.351734582969213	230.0	23	1.05	0.95				
	212	1	0.0	0.0	0.0	0.0	2	1.0116886206690543	-13.026532505540402	230.0	23	1.05	0.95				
	213	2	102.48780102105263	20.884306623157897	0.0	0.0	2	1.0042460982504986	-12.453390035416971	230.0	24	1.05	0.95				
	214	2	75.02880527578948	15.08311033894737	0.0	0.0	2	1.0042503516172598	-10.43474326577489	230.0	26	1.05	0.95				
	215	2	122.5986148063158	24.751770812631584	0.0	0.0	2	1.0185258480085861	-3.2143505106874515	230.0	26	1.05	0.95				
	216	2	38.674641894736844	7.7349283789473695	0.0	0.0	2	1.02105220333422	-3.9723312671424718	230.0	26	1.05	0.95				
	217	1	0.0	0.0	0.0	0.0	2	1.0227236401286666	-1.793325867654011	230.0	27	1.05	0.95				
	218	2	128.7865575094737	26.298756488421056	0.0	0.0	2	1.0223453312148167	-2.253525894219562	230.0	27	1.05	0.95				
	219	1	70.00110182947368	14.309617501052632	0.0	0.0	2	1.0271406525109634	-5.112359022193537	230.0	25	1.05	0.95				
	220	1	49.50354162526317	10.05540689263158	0.0	0.0	2	1.0349910105827886	-5.3374170706160715	230.0	25	1.05	0.95				
	221	2	0.0	0.0	0.0	0.0	2	1.0246373783155862	-1.7662491110301846	230.0	27	1.05	0.95				
	222	2	0.0	0.0	0.0	0.0	2	1.0462991726789106	4.760007349738964	230.0	27	1.05	0.95				
	223	2	0.0	0.0	0.0	0.0	2	1.0396162390573784	-5.1695808886244565	230.0	25	1.05	0.95				
	224	1	0.0	0.0	0.0	0.0	2	1.0044726390394412	-6.877130729634394	230.0	26	1.05	0.95				
	301	2	54.68332805052633	11.139196454736842	0.0	0.0	3	1.033661901933862	2.4567929439309433	138.0	31	1.05	0.95				
	302	2	49.1137298231579	10.126542231578949	0.0	0.0	3	1.0293538816676333	2.120240061922883	138.0	32	1.05	0.95				
	303	1	91.13888008421053	18.734103128421054	0.0	0.0	3	1.05	18.62107553757823	138.0	31	1.05	0.95				
	304	1	37.46820625684211	7.5949066736842115	0.0	0.0	3	1.0123308105571716	3.849778168861551	138.0	31	1.05	0.95				
	305	1	35.94922492210526	7.088579562105264	0.0	0.0	3	1.032502032342495	1.1542620601925457	138.0	31	1.05	0.95				
	306	1	68.86048717473685	14.177159124210528	0.0	-100.0	3	1.0381780537040946	-0.1694800015980603	138.0	32	1.05	0.95				
	307	2	63.29088894736843	12.658177789473685	0.0	0.0	3	0.95	-3.1031056066355913	138.0	32	1.05	0.95				
	308	1	86.58193608	17.721448905263156	0.0	0.0	3	0.9678527903478485	-1.5415801760301182	138.0	32	1.05	0.95				
	309	1	88.60724452631578	18.227776016842107	0.0	0.0	3	1.0152430617095174	7.393410139450656	138.0	33	1.05	0.95				
	310	1	98.73378675789473	20.253084463157897	0.0	0.0	3	1.0434470376438922	1.4441735978302832	138.0	33	1.05	0.95				
	311	1	0.0	0.0	0.0	0.0	3	1.002162315670639	5.742759897599456	230.0	33	1.05	0.95				
	312	1	0.0	0.0	0.0	0.0	3	1.0068036152245512	6.510409647397236	230.0	33	1.05	0.95				
	313	2	134.17668456842105	27.341664025263164	0.0	0.0	3	1.0032497094569066	8.191711493310894	230.0	34	1.05	0.95				
	314	2	98.2274596463158	19.746757351578946	0.0	0.0	3	0.9976243281577213	5.034220825030441	230.0	36	1.05	0.95				
	315	2	160.5056943705263	32.40493514105263	0.0	0.0	3	1.0482148159052471	7.443780627074693	230.0	36	1.05	0.95				
	316	2	50.63271115789474	10.126542231578949	0.0	0.0	3	1.0338190409967865	7.111307496165793	230.0	36	1.05	0.95				
	317	1	0.0	0.0	0.0	0.0	3	1.05	9.918011127751656	230.0	37	1.05	0.95				
	318	2	168.6069281557895	34.43024358736842	0.0	0.0	3	1.05	7.561705120822424	230.0	37	1.05	0.95				
	319	1	91.64520719578948	18.734103128421054	0.0	0.0	3	1.0223432209079195	6.736738232744552	230.0	35	1.05	0.95				
	320	1	64.80987028210527	13.16450490105263	0.0	0.0	3	1.0161984925996026	7.403138085116329	230.0	35	1.05	0.95				
	321	2	0.0	0.0	0.0	0.0	3	1.05	8.14028634996351	230.0	37	1.05	0.95				
	322	2	0.0	0.0	0.0	0.0	3	1.05	13.186144555034454	230.0	37	1.05	0.95				
	323	2	0.0	0.0	0.0	0.0	3	1.0139563668128586	8.171887534917285	230.0	35	1.05	0.95				
	324	1	0.0	0.0	0.0	0.0	3	1.045374709200961	11.714968124974954	230.0	36	1.05	0.95				
	325	1	0.0	0.0	0.0	0.0	3	1.0145447976414053	8.938368832684306	230.0	35	1.05	0.95				
];
