%% MATPOWER Case Format : Version 2
function mpc = RTS_GMLC
mpc.version = '2';

%%-----  Power Flow Data  -----%%
%% system MVA base
mpc.baseMVA = 100.0;
%% bus data
%    bus_i    type    Pd    Qd    Gs    Bs    area    Vm    Va    baseKV    zone    Vmax    Vmin
mpc.bus = [
	101	2	35.884215735157895	7.309747649754386	0.0	0.0	1	1.0078447185720547	-1.2142994165641154	138.0	11	1.05	0.95				
	102	2	32.2293419102807	6.645225136140352	0.0	0.0	1	1.006130230948082	-1.689635790841136	138.0	12	1.05	0.95				
	103	1	59.80702622526316	12.29366650185965	0.0	0.0	1	1.026728460078126	2.6129177602343727	138.0	11	1.05	0.95				
	104	1	24.5873330037193	4.983918852105263	0.0	0.0	1	1.01129105659724	-2.5132095157295744	138.0	11	1.05	0.95				
	105	1	23.590549233298248	4.651657595298246	0.0	0.0	1	1.024837503219538	-2.829893080327707	138.0	11	1.05	0.95				
	106	1	45.187530925754395	9.303315190596493	0.0	-100.0	1	1.0424582221590055	-4.198871522967577	138.0	12	1.05	0.95				
	107	2	41.532657100877195	8.306531420175439	0.0	0.0	1	0.9986440468230863	-10.522021936114418	138.0	12	1.05	0.95				
	108	1	56.816674914	11.629143988245614	0.0	0.0	1	1.0050569514812988	-8.164853410333922	138.0	12	1.05	0.95				
	109	1	58.14571994122808	11.961405245052632	0.0	0.0	1	1.0241161105380965	-1.7881186345729743	138.0	13	1.05	0.95				
	110	1	64.79094507736842	13.290450272280705	0.0	0.0	1	1.05	-3.3598703768754	138.0	13	1.05	0.95				
	111	1	0.0	0.0	0.0	0.0	1	1.0064388071096548	0.7501281181327633	230.0	13	1.05	0.95				
	112	1	0.0	0.0	0.0	0.0	1	1.0102252289819489	-0.5964019124827169	230.0	13	1.05	0.95				
	113	3	88.04923305385965	17.942107867578947	0.0	0.0	1	0.9976648308894942	-2.1583652847675378e-29	230.0	14	1.05	0.95				
	114	2	64.4586838205614	12.958189015473687	0.0	0.0	1	1.012172617243844	4.814731545013773	230.0	16	1.05	0.95				
	115	2	105.32681840782456	21.264720435649124	0.0	0.0	1	1.0408299821672908	14.377440303602615	230.0	16	1.05	0.95				
	116	2	33.226125680701756	6.645225136140352	0.0	0.0	1	1.0341725999711449	12.463748279296535	230.0	16	1.05	0.95				
	117	1	0.0	0.0	0.0	0.0	1	1.0389308291933885	18.486220772963122	230.0	17	1.05	0.95				
	118	2	110.64299851673684	22.593765462877197	0.0	0.0	1	1.05	19.159077281332575	230.0	17	1.05	0.95				
	119	1	60.13928748207018	12.29366650185965	0.0	0.0	1	1.0245552175180255	7.897889184123141	230.0	15	1.05	0.95				
	120	1	42.52944087129825	8.638792676982456	0.0	0.0	1	1.0228496115035446	4.543326027452512	230.0	15	1.05	0.95				
	121	2	0.0	0.0	0.0	0.0	1	1.05	20.612792049063092	230.0	17	1.05	0.95				
	122	2	0.0	0.0	0.0	0.0	1	1.05	37.80911606081847	230.0	17	1.05	0.95				
	123	2	0.0	0.0	0.0	0.0	1	1.0230030696944412	2.953921108098031	230.0	15	1.05	0.95				
	124	1	0.0	0.0	0.0	0.0	1	1.0208252442607395	9.984051951050908	230.0	16	1.05	0.95				
	201	2	39.26963637473684	7.99937037263158	0.0	0.0	2	1.012387015080721	-17.648824958517775	138.0	21	1.05	0.95				
	202	2	35.269951188421054	7.2721548842105275	0.0	0.0	2	1.011471846108587	-17.95648787805875	138.0	22	1.05	0.95				
	203	1	65.44939395789474	13.453486535789475	0.0	0.0	2	1.0151882184103993	-13.085730851256788	138.0	21	1.05	0.95				
	204	1	26.90697307157895	5.454116163157894	0.0	0.0	2	1.011821881824464	-17.778270400462187	138.0	21	1.05	0.95				
	205	1	25.816149838947368	5.090508418947369	0.0	0.0	2	1.0268807058477007	-18.259119041963455	138.0	21	1.05	0.95				
	206	1	49.450653212631586	10.181016837894738	0.0	-100.0	2	1.0431348154333306	-19.07786897591607	138.0	22	1.05	0.95				
	207	2	45.45096802631579	9.090193605263158	0.0	0.0	2	0.9944781577120206	-23.332954217855693	138.0	22	1.05	0.95				
	208	1	62.17692426	12.72627104736842	0.0	0.0	2	1.0021042510328495	-21.737628436681845	138.0	22	1.05	0.95				
	209	1	63.63135523684211	13.089878791578947	0.0	0.0	2	1.0220652736063893	-16.11734586427469	138.0	23	1.05	0.95				
	210	1	70.90351012105263	14.544309768421055	0.0	0.0	2	1.05	-17.695337741198717	138.0	23	1.05	0.95				
	211	1	0.0	0.0	0.0	0.0	2	1.004564523578871	-13.584951706655962	230.0	23	1.05	0.95				
	212	1	0.0	0.0	0.0	0.0	2	1.008125847933963	-13.262549578088226	230.0	23	1.05	0.95				
	213	2	96.35605221578948	19.63481818736842	0.0	0.0	2	0.9985251731375121	-12.720849816269304	230.0	24	1.05	0.95				
	214	2	70.53990237684211	14.180702024210529	0.0	0.0	2	1.0057502918677483	-10.898777534458352	230.0	26	1.05	0.95				
	215	2	115.26365491473685	23.270895629473685	0.0	0.0	2	1.0234590921709432	-3.8508161665769394	230.0	26	1.05	0.95				
	216	2	36.36077442105263	7.2721548842105275	0.0	0.0	2	1.0244002362402025	-4.924112152534477	230.0	26	1.05	0.95				
	217	1	0.0	0.0	0.0	0.0	2	1.0288709714378814	-2.318162187291958	230.0	27	1.05	0.95				
	218	2	121.08137882210528	24.725326606315793	0.0	0.0	2	1.0289740379133472	-2.768137856280779	230.0	27	1.05	0.95				
	219	1	65.81300170210527	13.453486535789475	0.0	0.0	2	1.0248787067687875	-5.899615075336376	230.0	25	1.05	0.95				
	220	1	46.54179125894737	9.453801349473686	0.0	0.0	2	1.0275345267245939	-6.031303140920337	230.0	25	1.05	0.95				
	221	2	0.0	0.0	0.0	0.0	2	1.0304198058931435	-2.3286058167547883	230.0	27	1.05	0.95				
	222	2	0.0	0.0	0.0	0.0	2	1.0499999994397078	4.1677694791222955	230.0	27	1.05	0.95				
	223	2	0.0	0.0	0.0	0.0	2	1.0292244225462694	-5.823685877971445	230.0	25	1.05	0.95				
	224	1	0.0	0.0	0.0	0.0	2	1.0089614331700956	-7.315471369125803	230.0	26	1.05	0.95				
	301	2	46.158810517894736	9.402720661052632	0.0	0.0	3	1.012631070145508	4.410218357577187	138.0	31	1.05	0.95				
	302	2	41.457450187368416	8.54792787368421	0.0	0.0	3	1.0120372697258486	4.109639494520652	138.0	32	1.05	0.95				
	303	1	76.93135086315789	15.81366656631579	0.0	0.0	3	1.0499750932690595	16.543514761663054	138.0	31	1.05	0.95				
	304	1	31.62733313263158	6.410945905263158	0.0	0.0	3	1.012558238367236	5.370512511291834	138.0	31	1.05	0.95				
	305	1	30.345143951578947	5.983549511578948	0.0	0.0	3	1.0260947416020403	3.366511238704326	138.0	31	1.05	0.95				
	306	1	58.125909541052636	11.967099023157896	0.0	-100.0	3	1.0413675893233387	2.2697290942127912	138.0	32	1.05	0.95				
	307	2	53.424549210526315	10.684909842105263	0.0	0.0	3	0.9887158941210716	-1.7095103457192042	138.0	32	1.05	0.95				
	308	1	73.08478331999999	14.958873778947368	0.0	0.0	3	0.9968059590725304	0.20215467366750162	138.0	32	1.05	0.95				
	309	1	74.79436889473683	15.386270172631578	0.0	0.0	3	1.0261472427864466	8.155474806908776	138.0	33	1.05	0.95				
	310	1	83.34229676842104	17.09585574736842	0.0	0.0	3	1.05	3.699180161214206	138.0	33	1.05	0.95				
	311	1	0.0	0.0	0.0	0.0	3	1.0086426726731428	7.847587370904844	230.0	33	1.05	0.95				
	312	1	0.0	0.0	0.0	0.0	3	1.0137634437070167	8.265019825470153	230.0	33	1.05	0.95				
	313	2	113.26004432631578	23.079405258947368	0.0	0.0	3	1.008901070679046	9.467054924690743	230.0	34	1.05	0.95				
	314	2	82.91490037473683	16.66845935368421	0.0	0.0	3	1.0029206476027224	8.46884196600716	230.0	36	1.05	0.95				
	315	2	135.48465679789473	27.353369195789472	0.0	0.0	3	1.0418961732324328	11.994551751993635	230.0	36	1.05	0.95				
	316	2	42.73963936842105	8.54792787368421	0.0	0.0	3	1.0345831089068627	11.8442004724979	230.0	36	1.05	0.95				
	317	1	0.0	0.0	0.0	0.0	3	1.05	15.960788258705664	230.0	37	1.05	0.95				
	318	2	142.3229990968421	29.062954770526318	0.0	0.0	3	1.0472684948049278	12.821895908697376	230.0	37	1.05	0.95				
	319	1	77.35874725684211	15.81366656631579	0.0	0.0	3	1.0264248178856308	10.985003314103595	230.0	35	1.05	0.95				
	320	1	54.706738391578945	11.112306235789474	0.0	0.0	3	1.0222684663031667	11.06604057262715	230.0	35	1.05	0.95				
	321	2	0.0	0.0	0.0	0.0	3	1.046208504083311	13.206362348312418	230.0	37	1.05	0.95				
	322	2	0.0	0.0	0.0	0.0	3	1.05	18.63088174426313	230.0	37	1.05	0.95				
	323	2	0.0	0.0	0.0	0.0	3	1.0205589281080525	11.444805526199014	230.0	35	1.05	0.95				
	324	1	0.0	0.0	0.0	0.0	3	1.042240800653443	13.736254034949246	230.0	36	1.05	0.95				
	325	1	0.0	0.0	0.0	0.0	3	1.0212680675037047	12.240352826932071	230.0	35	1.05	0.95				
];
