%% MATPOWER Case Format : Version 2
function mpc = RTS_GMLC
mpc.version = '2';

%%-----  Power Flow Data  -----%%
%% system MVA base
mpc.baseMVA = 100.0;
%% bus data
%    bus_i    type    Pd    Qd    Gs    Bs    area    Vm    Va    baseKV    zone    Vmax    Vmin
mpc.bus = [
	101	2	38.556160332631585	7.854032660350878	0.0	0.0	1	1.0080368910172202	-0.17745951670359886	138.0	11	1.05	0.95				
	102	2	34.629144002456144	7.140029691228071	0.0	0.0	1	1.0060614970549724	-0.7810173414568301	138.0	12	1.05	0.95				
	103	1	64.26026722105263	13.209054928771929	0.0	0.0	1	1.024481697986234	2.8534920430847395	138.0	11	1.05	0.95				
	104	1	26.418109857543858	5.3550222684210524	0.0	0.0	1	1.01069619955303	-2.138106960049949	138.0	11	1.05	0.95				
	105	1	25.34710540385965	4.9980207838596495	0.0	0.0	1	1.0244072084791738	-2.297687591685558	138.0	11	1.05	0.95				
	106	1	48.55220190035088	9.996041567719299	0.0	-100.0	1	1.0415609807771176	-3.9840779322069935	138.0	12	1.05	0.95				
	107	2	44.62518557017544	8.925037114035089	0.0	0.0	1	0.9847453936872369	-10.833575442610803	138.0	12	1.05	0.95				
	108	1	61.04725386	12.495051959649123	0.0	0.0	1	0.996008620222275	-8.37768951130647	138.0	12	1.05	0.95				
	109	1	62.47525979824562	12.852053444210526	0.0	0.0	1	1.0240603046723804	-1.7414485843882697	138.0	13	1.05	0.95				
	110	1	69.61528948947368	14.280059382456143	0.0	0.0	1	1.05	-3.2510459584315767	138.0	13	1.05	0.95				
	111	1	0.0	0.0	0.0	0.0	1	1.0139325329804245	0.8041167062474879	230.0	13	1.05	0.95				
	112	1	0.0	0.0	0.0	0.0	1	1.0113896481922149	-0.5690409705748692	230.0	13	1.05	0.95				
	113	3	94.60539340877193	19.278080166315792	0.0	0.0	1	0.9936767164503154	8.064950740604102e-31	230.0	14	1.05	0.95				
	114	2	69.25828800491229	13.923057897894738	0.0	0.0	1	1.0370638411694801	4.753844046853671	230.0	16	1.05	0.95				
	115	2	113.16947060596492	22.848095011929825	0.0	0.0	1	1.037252022450366	14.681823744368403	230.0	16	1.05	0.95				
	116	2	35.700148456140354	7.140029691228071	0.0	0.0	1	1.0363007846531271	12.643924396579084	230.0	16	1.05	0.95				
	117	1	0.0	0.0	0.0	0.0	1	1.0361987280355007	18.964335566390325	230.0	17	1.05	0.95				
	118	2	118.88149435894736	24.27610095017544	0.0	0.0	1	1.0454916472625204	19.683981075507837	230.0	17	1.05	0.95				
	119	1	64.61726870561404	13.209054928771929	0.0	0.0	1	1.031248588970433	7.90410876384039	230.0	15	1.05	0.95				
	120	1	45.69619002385965	9.282038598596491	0.0	0.0	1	1.0341028929499303	4.470869075900399	230.0	15	1.05	0.95				
	121	2	0.0	0.0	0.0	0.0	1	1.0393629071000887	21.28110101332427	230.0	17	1.05	0.95				
	122	2	0.0	0.0	0.0	0.0	1	1.05	39.273907077383136	230.0	17	1.05	0.95				
	123	2	0.0	0.0	0.0	0.0	1	1.0369059695940224	2.8617855070906097	230.0	15	1.05	0.95				
	124	1	0.0	0.0	0.0	0.0	1	1.0177092693669478	10.259145086814192	230.0	16	1.05	0.95				
	201	2	39.66063275368421	8.079017783157894	0.0	0.0	2	1.0092345162642367	-18.33870454461747	138.0	21	1.05	0.95				
	202	2	35.62112386210526	7.344561621052631	0.0	0.0	2	1.0084512375987054	-18.653998184458093	138.0	22	1.05	0.95				
	203	1	66.10105458947369	13.587438998947368	0.0	0.0	2	1.0108771044621676	-13.573155203778047	138.0	21	1.05	0.95				
	204	1	27.174877997894736	5.508421215789474	0.0	0.0	2	1.0100669441225705	-18.491121640474475	138.0	21	1.05	0.95				
	205	1	26.073193754736838	5.141193134736842	0.0	0.0	2	1.0252162686411552	-18.986258403822784	138.0	21	1.05	0.95				
	206	1	49.943019023157895	10.282386269473683	0.0	-100.0	2	1.0422862333695502	-19.82907865724829	138.0	22	1.05	0.95				
	207	2	45.90351013157895	9.180702026315789	0.0	0.0	2	0.9925302384760375	-24.1227176759837	138.0	22	1.05	0.95				
	208	1	62.79600186	12.852982836842102	0.0	0.0	2	1.0007122487854418	-22.513050942820275	138.0	22	1.05	0.95				
	209	1	64.26491418421053	13.220210917894734	0.0	0.0	2	1.021503980106942	-16.824974195753306	138.0	23	1.05	0.95				
	210	1	71.60947580526314	14.689123242105262	0.0	0.0	2	1.05	-18.444650029935342	138.0	23	1.05	0.95				
	211	1	0.0	0.0	0.0	0.0	2	1.0053180395881893	-14.226442418572779	230.0	23	1.05	0.95				
	212	1	0.0	0.0	0.0	0.0	2	1.0109577104657745	-14.06992009669542	230.0	23	1.05	0.95				
	213	2	97.31544147894736	19.830316376842106	0.0	0.0	2	1.001709360480726	-13.52277832348254	230.0	24	1.05	0.95				
	214	2	71.24224772421051	14.32189516105263	0.0	0.0	2	1.0057851616221989	-11.32219078863507	230.0	26	1.05	0.95				
	215	2	116.4113016936842	23.50259718736842	0.0	0.0	2	1.0232874344196816	-3.978891501246405	230.0	26	1.05	0.95				
	216	2	36.722808105263155	7.344561621052631	0.0	0.0	2	1.025944765501749	-5.04039344134771	230.0	26	1.05	0.95				
	217	1	0.0	0.0	0.0	0.0	2	1.0315823883175885	-2.4245797405709157	230.0	27	1.05	0.95				
	218	2	122.28695099052631	24.971509511578947	0.0	0.0	2	1.0305714591955286	-2.882052720953873	230.0	27	1.05	0.95				
	219	1	66.4682826705263	13.587438998947368	0.0	0.0	2	1.029103582568237	-6.43935164757327	230.0	25	1.05	0.95				
	220	1	47.00519437473684	9.54793010736842	0.0	0.0	2	1.0343115221186676	-6.931536642090789	230.0	25	1.05	0.95				
	221	2	0.0	0.0	0.0	0.0	2	1.0312415814642553	-2.4468266282152675	230.0	27	1.05	0.95				
	222	2	0.0	0.0	0.0	0.0	2	1.05	4.055838759557432	230.0	27	1.05	0.95				
	223	2	0.0	0.0	0.0	0.0	2	1.0373758503473165	-6.922724220462023	230.0	25	1.05	0.95				
	224	1	0.0	0.0	0.0	0.0	2	1.0068318074171216	-7.563585320386452	230.0	26	1.05	0.95				
	301	2	42.98133501473684	8.755457132631578	0.0	0.0	3	1.035854273245741	9.101053912281966	138.0	31	1.05	0.95				
	302	2	38.60360644842105	7.959506484210527	0.0	0.0	3	1.0329554943756412	8.764991848240108	138.0	32	1.05	0.95				
	303	1	71.63555835789474	14.725086995789471	0.0	0.0	3	1.05	23.447251907050806	138.0	31	1.05	0.95				
	304	1	29.450173991578943	5.969629863157894	0.0	0.0	3	1.0186080430352729	9.744916050863528	138.0	31	1.05	0.95				
	305	1	28.256248018947367	5.571654538947368	0.0	0.0	3	1.0382609427317386	7.76088438340322	138.0	31	1.05	0.95				
	306	1	54.12464409263158	11.143309077894736	0.0	-100.0	3	1.047113314961454	6.5092612753006085	138.0	32	1.05	0.95				
	307	2	49.74691552631578	9.949383105263157	0.0	0.0	3	0.95	3.111440203072242	138.0	32	1.05	0.95				
	308	1	68.05378043999998	13.929136347368418	0.0	0.0	3	0.9738999822963604	4.757586406824888	138.0	32	1.05	0.95				
	309	1	69.6456817368421	14.327111671578946	0.0	0.0	3	1.0185398006738928	12.209663459877108	138.0	33	1.05	0.95				
	310	1	77.60518822105263	15.919012968421054	0.0	0.0	3	1.0498241952657614	7.661126528306495	138.0	33	1.05	0.95				
	311	1	0.0	0.0	0.0	0.0	3	1.0045713821278268	10.85749813220418	230.0	33	1.05	0.95				
	312	1	0.0	0.0	0.0	0.0	3	1.0104867544915563	11.747150502711838	230.0	33	1.05	0.95				
	313	2	105.46346091578947	21.49066750736842	0.0	0.0	3	1.0069337182524138	13.49898647025751	230.0	34	1.05	0.95				
	314	2	77.2072128968421	15.521037644210525	0.0	0.0	3	0.9955060021222735	9.57252885578306	230.0	36	1.05	0.95				
	315	2	126.15817777473683	25.470420749473682	0.0	0.0	3	1.0424341839546465	10.421025328630492	230.0	36	1.05	0.95				
	316	2	39.79753242105263	7.959506484210527	0.0	0.0	3	1.0220223079683985	10.18657661031872	230.0	36	1.05	0.95				
	317	1	0.0	0.0	0.0	0.0	3	1.0451030031773674	11.409627332715864	230.0	37	1.05	0.95				
	318	2	132.52578296210527	27.06232204631579	0.0	0.0	3	1.05	9.251093942980335	230.0	37	1.05	0.95				
	319	1	72.03353368210526	14.725086995789471	0.0	0.0	3	1.0156710536538816	10.565717801209168	230.0	35	1.05	0.95				
	320	1	50.940841498947364	10.347358429473683	0.0	0.0	3	1.012825376582828	11.693928411839485	230.0	35	1.05	0.95				
	321	2	0.0	0.0	0.0	0.0	3	1.05	10.231413599947485	230.0	37	1.05	0.95				
	322	2	0.0	0.0	0.0	0.0	3	1.05	15.034587524473338	230.0	37	1.05	0.95				
	323	2	0.0	0.0	0.0	0.0	3	1.0120668563671384	12.634080584560627	230.0	35	1.05	0.95				
	324	1	0.0	0.0	0.0	0.0	3	1.0410026968200021	15.405446955956911	230.0	36	1.05	0.95				
	325	1	0.0	0.0	0.0	0.0	3	1.0128160744653243	13.383614651545775	230.0	35	1.05	0.95				
];
