%% MATPOWER Case Format : Version 2
function mpc = RTS_GMLC
mpc.version = '2';

%%-----  Power Flow Data  -----%%
%% system MVA base
mpc.baseMVA = 100.0;
%% bus data
%    bus_i    type    Pd    Qd    Gs    Bs    area    Vm    Va    baseKV    zone    Vmax    Vmin
mpc.bus = [
	101	2	37.82137555705264	7.704354280140352	0.0	0.0	1	0.9881916401590277	-6.09205463993429	138.0	11	1.05	0.95				
	102	2	33.96919841698246	7.00395843649123	0.0	0.0	1	0.9880488127677305	-6.254862451131313	138.0	12	1.05	0.95				
	103	1	63.035625928421055	12.957323107508772	0.0	0.0	1	1.020681360436159	0.22671878973461335	138.0	11	1.05	0.95				
	104	1	25.914646215017545	5.252968827368421	0.0	0.0	1	1.0031661511184475	-5.457672469000965	138.0	11	1.05	0.95				
	105	1	24.864052449543863	4.902770905543861	0.0	0.0	1	1.0146464120558654	-6.234462405108931	138.0	11	1.05	0.95				
	106	1	47.62691736814036	9.805541811087721	0.0	-100.0	1	1.037823806640232	-6.763115937683563	138.0	12	1.05	0.95				
	107	2	43.77474022807018	8.754948045614036	0.0	0.0	1	0.9892183112689377	-9.982426618296929	138.0	12	1.05	0.95				
	108	1	59.883844632000006	12.25692726385965	0.0	0.0	1	1.000498214779124	-8.660280804547376	138.0	12	1.05	0.95				
	109	1	61.28463631929826	12.607125185684213	0.0	0.0	1	1.0254951962040662	-3.3591625056889742	138.0	13	1.05	0.95				
	110	1	68.28859475578948	14.00791687298246	0.0	0.0	1	1.05	-5.230808157767722	138.0	13	1.05	0.95				
	111	1	0.0	0.0	0.0	0.0	1	1.0175200522626897	-0.24276676341877879	230.0	13	1.05	0.95				
	112	1	0.0	0.0	0.0	0.0	1	1.0130353001011831	-1.338636921254193	230.0	13	1.05	0.95				
	113	3	92.80244928350878	18.91068777852632	0.0	0.0	1	0.9996011673183538	1.953628533211788e-28	230.0	14	1.05	0.95				
	114	2	67.93839683396492	13.657718951157896	0.0	0.0	1	1.043484666727449	3.5252944342349526	230.0	16	1.05	0.95				
	115	2	111.01274121838598	22.412666996771932	0.0	0.0	1	1.0391047137156648	12.852880308956232	230.0	16	1.05	0.95				
	116	2	35.01979218245614	7.00395843649123	0.0	0.0	1	1.0399958462546346	11.135306515626953	230.0	16	1.05	0.95				
	117	1	0.0	0.0	0.0	0.0	1	1.038412655835694	17.081191178360598	230.0	17	1.05	0.95				
	118	2	116.61590796757896	23.81345868407018	0.0	0.0	1	1.046446225018835	17.651807844085585	230.0	17	1.05	0.95				
	119	1	63.38582385024563	12.957323107508772	0.0	0.0	1	1.0357395985343623	7.067975268780437	230.0	15	1.05	0.95				
	120	1	44.825333993543865	9.105145967438597	0.0	0.0	1	1.0377638286016329	4.201252968927214	230.0	15	1.05	0.95				
	121	2	0.0	0.0	0.0	0.0	1	1.0390392725804505	19.095268512032696	230.0	17	1.05	0.95				
	122	2	0.0	0.0	0.0	0.0	1	1.05	37.090589534816694	230.0	17	1.05	0.95				
	123	2	0.0	0.0	0.0	0.0	1	1.0396851089086807	2.8934139386073046	230.0	15	1.05	0.95				
	124	1	0.0	0.0	0.0	0.0	1	1.0163464932055897	8.15572403967853	230.0	16	1.05	0.95				
	201	2	37.076656698947374	7.552652290526317	0.0	0.0	2	1.0053240456845807	-13.054839640370066	138.0	21	1.05	0.95				
	202	2	33.30033055368421	6.866047536842106	0.0	0.0	2	1.0037340008852962	-13.318949976715585	138.0	22	1.05	0.95				
	203	1	61.79442783157896	12.702187943157897	0.0	0.0	2	1.01401746929833	-9.91924661252204	138.0	21	1.05	0.95				
	204	1	25.404375886315794	5.149535652631579	0.0	0.0	2	1.0094491605418014	-13.187731298226156	138.0	21	1.05	0.95				
	205	1	24.374468755789476	4.806233275789475	0.0	0.0	2	1.0235482525275785	-13.539677737424073	138.0	21	1.05	0.95				
	206	1	46.68912325052632	9.61246655157895	0.0	-100.0	2	1.041831624801492	-14.266511147721484	138.0	22	1.05	0.95				
	207	2	42.91279710526316	8.582559421052633	0.0	0.0	2	0.9884133583420477	-18.226720332599307	138.0	22	1.05	0.95				
	208	1	58.70470644000001	12.015583189473684	0.0	0.0	2	0.9996882749034168	-16.7688922664775	138.0	22	1.05	0.95				
	209	1	60.077915947368425	12.35888556631579	0.0	0.0	2	1.0233468973722424	-11.646508186822768	138.0	23	1.05	0.95				
	210	1	66.94396348421053	13.732095073684212	0.0	0.0	2	1.05	-12.90823104917013	138.0	23	1.05	0.95				
	211	1	0.0	0.0	0.0	0.0	2	1.0041519857116132	-9.078538272932663	230.0	23	1.05	0.95				
	212	1	0.0	0.0	0.0	0.0	2	1.0136929830407007	-8.393093290158836	230.0	23	1.05	0.95				
	213	2	90.9751298631579	18.538328349473687	0.0	0.0	2	1.003511951753012	-7.829212612463255	230.0	24	1.05	0.95				
	214	2	66.60066110736842	13.388792696842106	0.0	0.0	2	0.9990143308563995	-6.837775545014841	230.0	26	1.05	0.95				
	215	2	108.82685345894738	21.97135211789474	0.0	0.0	2	1.0252379404698808	-1.1577158212933936	230.0	26	1.05	0.95				
	216	2	34.33023768421053	6.866047536842106	0.0	0.0	2	1.0280580351376347	-1.7289086009148082	230.0	26	1.05	0.95				
	217	1	0.0	0.0	0.0	0.0	2	1.0339518300091304	0.1829056299528969	230.0	27	1.05	0.95				
	218	2	114.31969148842107	23.34456162526316	0.0	0.0	2	1.032318855740237	-0.17269032605416687	230.0	27	1.05	0.95				
	219	1	62.13773020842106	12.702187943157897	0.0	0.0	2	1.0360063826821841	-1.8223141957468554	230.0	25	1.05	0.95				
	220	1	43.94270423578948	8.925861797894738	0.0	0.0	2	1.0446995836275845	-1.2438003644789397	230.0	25	1.05	0.95				
	221	2	0.0	0.0	0.0	0.0	2	1.0328178742730665	0.29356292800810524	230.0	27	1.05	0.95				
	222	2	0.0	0.0	0.0	0.0	2	1.049999999711223	6.745922424060074	230.0	27	1.05	0.95				
	223	2	0.0	0.0	0.0	0.0	2	1.0497209339889213	-0.6756869368680707	230.0	25	1.05	0.95				
	224	1	0.0	0.0	0.0	0.0	2	1.010142342963625	-4.433646875201406	230.0	26	1.05	0.95				
	301	2	42.81050300210526	8.720658018947368	0.0	0.0	3	1.0152958136701011	16.806760405924724	138.0	31	1.05	0.95				
	302	2	38.450173992631576	7.927870926315789	0.0	0.0	3	1.013749819408878	16.45279705313988	138.0	32	1.05	0.95				
	303	1	71.3508383368421	14.66656121368421	0.0	0.0	3	1.05	31.69915790871535	138.0	31	1.05	0.95				
	304	1	29.33312242736842	5.945903194736841	0.0	0.0	3	1.0081254745185488	17.746786220334133	138.0	31	1.05	0.95				
	305	1	28.14394178842105	5.549509648421052	0.0	0.0	3	1.024011192839811	15.039874254828304	138.0	31	1.05	0.95				
	306	1	53.909522298947365	11.099019296842105	0.0	-100.0	3	1.03658301906408	13.557574104843052	138.0	32	1.05	0.95				
	307	2	49.54919328947368	9.909838657894737	0.0	0.0	3	0.95	10.579358783789482	138.0	32	1.05	0.95				
	308	1	67.78329642	13.873774121052628	0.0	0.0	3	0.971444308611988	12.259912959893835	138.0	32	1.05	0.95				
	309	1	69.36887060526315	14.270167667368419	0.0	0.0	3	1.0156145916357353	20.47022070113102	138.0	33	1.05	0.95				
	310	1	77.29674153157895	15.855741852631578	0.0	0.0	3	1.0424738750323075	14.547454711493446	138.0	33	1.05	0.95				
	311	1	0.0	0.0	0.0	0.0	3	1.0033594899052685	17.888046197771644	230.0	33	1.05	0.95				
	312	1	0.0	0.0	0.0	0.0	3	1.0086241779254348	17.71518116748034	230.0	33	1.05	0.95				
	313	2	105.04428977368421	21.40525150105263	0.0	0.0	3	1.0018286596465127	17.48002776407415	230.0	34	1.05	0.95				
	314	2	76.90034798526315	15.459348306315787	0.0	0.0	3	0.9997412457771542	18.726000785119	230.0	36	1.05	0.95				
	315	2	125.65675418210525	25.36918696421052	0.0	0.0	3	1.0493211144021344	22.79015358757176	230.0	36	1.05	0.95				
	316	2	39.63935463157895	7.927870926315789	0.0	0.0	3	1.0335108760532963	22.215053804286452	230.0	36	1.05	0.95				
	317	1	0.0	0.0	0.0	0.0	3	1.05	26.940119493975423	230.0	37	1.05	0.95				
	318	2	131.99905092315788	26.954761149473683	0.0	0.0	3	1.0467620851476984	23.29786065203099	230.0	37	1.05	0.95				
	319	1	71.7472318831579	14.66656121368421	0.0	0.0	3	1.0239979701097013	20.152369717230073	230.0	35	1.05	0.95				
	320	1	50.73837392842104	10.306232204210525	0.0	0.0	3	1.0190677945699538	19.115816590215644	230.0	35	1.05	0.95				
	321	2	0.0	0.0	0.0	0.0	3	1.05	23.79696707417096	230.0	37	1.05	0.95				
	322	2	0.0	0.0	0.0	0.0	3	1.0499999448388173	29.378612030327048	230.0	37	1.05	0.95				
	323	2	0.0	0.0	0.0	0.0	3	1.0167545905426878	18.853719389568155	230.0	35	1.05	0.95				
	324	1	0.0	0.0	0.0	0.0	3	1.0466955513466987	26.196088515390873	230.0	36	1.05	0.95				
	325	1	0.0	0.0	0.0	0.0	3	1.0194337474607407	18.885769745226956	230.0	35	1.05	0.95				
];
