%% MATPOWER Case Format : Version 2
function mpc = RTS_GMLC
mpc.version = '2';

%%-----  Power Flow Data  -----%%
%% system MVA base
mpc.baseMVA = 100.0;
%% bus data
%    bus_i    type    Pd    Qd    Gs    Bs    area    Vm    Va    baseKV    zone    Vmax    Vmin
mpc.bus = [
	101	2	35.38990598778947	7.209054923438596	0.0	0.0	1	1.0031044712984876	-1.729824866502703	138.0	11	1.05	0.95				
	102	2	31.785378526070176	6.553686294035087	0.0	0.0	1	1.001865260639762	-2.1559357135512043	138.0	12	1.05	0.95				
	103	1	58.98317664631578	12.124319643964911	0.0	0.0	1	1.0256009609700318	2.7455510981344378	138.0	11	1.05	0.95				
	104	1	24.248639287929823	4.915264720526316	0.0	0.0	1	1.0094661845546897	-2.7336637776344994	138.0	11	1.05	0.95				
	105	1	23.265586343824555	4.5875804058245615	0.0	0.0	1	1.0225314721436298	-3.1504031101901333	138.0	11	1.05	0.95				
	106	1	44.5650667994386	9.175160811649123	0.0	-100.0	1	1.0416062193168343	-4.398410659069226	138.0	12	1.05	0.95				
	107	2	40.96053933771929	8.192107867543859	0.0	0.0	1	0.9809522343184349	-10.844383193593924	138.0	12	1.05	0.95				
	108	1	56.034017813999995	11.468951014561402	0.0	0.0	1	0.9947804195848843	-8.35572621093255	138.0	12	1.05	0.95				
	109	1	57.344755072807004	11.796635329263157	0.0	0.0	1	1.0241576349334935	-1.8249940618282936	138.0	13	1.05	0.95				
	110	1	63.89844136684209	13.107372588070174	0.0	0.0	1	1.05	-3.492380924614197	138.0	13	1.05	0.95				
	111	1	0.0	0.0	0.0	0.0	1	1.0128719594105848	0.8332886748722349	230.0	13	1.05	0.95				
	112	1	0.0	0.0	0.0	0.0	1	1.011201515139532	-0.6356450106082892	230.0	13	1.05	0.95				
	113	3	86.8363433959649	17.694952993894734	0.0	0.0	1	0.9895763766521816	1.285024022369418e-30	230.0	14	1.05	0.95				
	114	2	63.57075705214035	12.77968827336842	0.0	0.0	1	1.0383810826782673	4.994390622442213	230.0	16	1.05	0.95				
	115	2	103.87592776045614	20.97179614091228	0.0	0.0	1	1.041244818364524	15.039977946875648	230.0	16	1.05	0.95				
	116	2	32.768431470175436	6.553686294035087	0.0	0.0	1	1.0403881467379454	12.965419557269325	230.0	16	1.05	0.95				
	117	1	0.0	0.0	0.0	0.0	1	1.039986731360386	19.32224453271406	230.0	17	1.05	0.95				
	118	2	109.1188767956842	22.2825333997193	0.0	0.0	1	1.049660766194711	20.076549443811523	230.0	17	1.05	0.95				
	119	1	59.31086096101754	12.124319643964911	0.0	0.0	1	1.037012893676591	8.133580132306863	230.0	15	1.05	0.95				
	120	1	41.94359228182456	8.519792182245615	0.0	0.0	1	1.0412520840807524	4.569829824821613	230.0	15	1.05	0.95				
	121	2	0.0	0.0	0.0	0.0	1	1.0435221302067923	21.633773438666417	230.0	17	1.05	0.95				
	122	2	0.0	0.0	0.0	0.0	1	1.05	39.592781775526426	230.0	17	1.05	0.95				
	123	2	0.0	0.0	0.0	0.0	1	1.0447823620219785	2.867834977393392	230.0	15	1.05	0.95				
	124	1	0.0	0.0	0.0	0.0	1	1.019945124543413	10.454630312659352	230.0	16	1.05	0.95				
	201	2	42.41460728842106	8.640012595789475	0.0	0.0	2	1.0117227899840056	-19.22848287982661	138.0	21	1.05	0.95				
	202	2	38.09460099052632	7.854556905263159	0.0	0.0	2	1.0108994711938408	-19.54649133758269	138.0	22	1.05	0.95				
	203	1	70.69101214736843	14.530930274736843	0.0	0.0	2	1.0101923922285818	-14.14898903037131	138.0	21	1.05	0.95				
	204	1	29.061860549473685	5.8909176789473685	0.0	0.0	2	1.0104940276509764	-19.26162232228759	138.0	21	1.05	0.95				
	205	1	27.88367701368421	5.498189833684211	0.0	0.0	2	1.0261283266762116	-19.790873471631087	138.0	21	1.05	0.95				
	206	1	53.410986955789475	10.996379667368423	0.0	-100.0	2	1.0421729080438644	-20.608553432202395	138.0	22	1.05	0.95				
	207	2	49.09098065789474	9.818196131578947	0.0	0.0	2	0.9942053291881495	-25.254769854099326	138.0	22	1.05	0.95				
	208	1	67.15646154	13.745474584210527	0.0	0.0	2	1.0006130728956981	-23.500339711687445	138.0	22	1.05	0.95				
	209	1	68.72737292105263	14.138202429473685	0.0	0.0	2	1.021284656582835	-17.393231639809894	138.0	23	1.05	0.95				
	210	1	76.58192982631579	15.709113810526318	0.0	0.0	2	1.05	-19.086273062389584	138.0	23	1.05	0.95				
	211	1	0.0	0.0	0.0	0.0	2	1.0072790669577254	-14.64154725664228	230.0	23	1.05	0.95				
	212	1	0.0	0.0	0.0	0.0	2	1.0086393652514563	-14.201891551321062	230.0	23	1.05	0.95				
	213	2	104.07287899473685	21.20730364421053	0.0	0.0	2	1.001940306508987	-13.625374997818533	230.0	24	1.05	0.95				
	214	2	76.18920198105263	15.31638596526316	0.0	0.0	2	1.0118711511132106	-11.846720854991114	230.0	26	1.05	0.95				
	215	2	124.49472694842105	25.134582096842106	0.0	0.0	2	1.0262254600123324	-4.466071923162496	230.0	26	1.05	0.95				
	216	2	39.27278452631579	7.854556905263159	0.0	0.0	2	1.0288858109089678	-5.523863689851776	230.0	26	1.05	0.95				
	217	1	0.0	0.0	0.0	0.0	2	1.0352082975353503	-2.8647323506335067	230.0	27	1.05	0.95				
	218	2	130.7783724726316	26.705493477894738	0.0	0.0	2	1.0344123214329235	-3.3822195088859597	230.0	27	1.05	0.95				
	219	1	71.08373999263158	14.530930274736843	0.0	0.0	2	1.0278172668954715	-6.344059799450325	230.0	25	1.05	0.95				
	220	1	50.26916419368421	10.210923976842105	0.0	0.0	2	1.0293959526834076	-6.291063382605252	230.0	25	1.05	0.95				
	221	2	0.0	0.0	0.0	0.0	2	1.0343761631011306	-2.942334129293545	230.0	27	1.05	0.95				
	222	2	0.0	0.0	0.0	0.0	2	1.05	3.5855390891454397	230.0	27	1.05	0.95				
	223	2	0.0	0.0	0.0	0.0	2	1.0306515498582072	-5.961068944548764	230.0	25	1.05	0.95				
	224	1	0.0	0.0	0.0	0.0	2	1.0082775122365328	-8.070690941747776	230.0	26	1.05	0.95				
	301	2	41.546346101052634	8.463144576140351	0.0	0.0	3	1.012335183702793	6.698517860349419	138.0	31	1.05	0.95				
	302	2	37.31477381298245	7.693767796491229	0.0	0.0	3	1.0121205887938753	6.382994216151079	138.0	32	1.05	0.95				
	303	1	69.24391016842105	14.23347042350877	0.0	0.0	3	1.05	18.787517428894084	138.0	31	1.05	0.95				
	304	1	28.46694084701754	5.7703258473684205	0.0	0.0	3	1.0128411228154086	7.359435370760092	138.0	31	1.05	0.95				
	305	1	27.312875677543857	5.38563745754386	0.0	0.0	3	1.0265161652885628	5.493962277506392	138.0	31	1.05	0.95				
	306	1	52.31762101614035	10.77127491508772	0.0	-100.0	3	1.0425618295263621	4.341025723886391	138.0	32	1.05	0.95				
	307	2	48.086048728070175	9.617209745614035	0.0	0.0	3	0.98938496500029	0.8382578426488312	138.0	32	1.05	0.95				
	308	1	65.78171465999999	13.464093643859648	0.0	0.0	3	0.998643871968375	2.5236570935171323	138.0	32	1.05	0.95				
	309	1	67.32046821929825	13.84878203368421	0.0	0.0	3	1.024685302601528	9.745668118918193	138.0	33	1.05	0.95				
	310	1	75.01423601578946	15.387535592982458	0.0	0.0	3	1.05	5.531133580200026	138.0	33	1.05	0.95				
	311	1	0.0	0.0	0.0	0.0	3	1.0074333110365838	9.193851636154978	230.0	33	1.05	0.95				
	312	1	0.0	0.0	0.0	0.0	3	1.0118830901162417	9.337305429422155	230.0	33	1.05	0.95				
	313	2	101.94242330350876	20.773173050526317	0.0	0.0	3	1.0046564119749561	9.566589126121292	230.0	34	1.05	0.95				
	314	2	74.6295476259649	15.002847203157895	0.0	0.0	3	1.0027423008812013	10.546736834543601	230.0	36	1.05	0.95				
	315	2	121.94621957438596	24.62005694877193	0.0	0.0	3	1.0402845965857352	14.93462968021654	230.0	36	1.05	0.95				
	316	2	38.46883898245614	7.693767796491229	0.0	0.0	3	1.0341616454484754	14.663416503953785	230.0	36	1.05	0.95				
	317	1	0.0	0.0	0.0	0.0	3	1.05	19.38012264290268	230.0	37	1.05	0.95				
	318	2	128.10123381157894	26.158810508070175	0.0	0.0	3	1.046644959292121	15.896181597115081	230.0	37	1.05	0.95				
	319	1	69.62859855824561	14.23347042350877	0.0	0.0	3	1.0250004985564622	13.346672453636245	230.0	35	1.05	0.95				
	320	1	49.24011389754386	10.001898135438596	0.0	0.0	3	1.0196845933545733	12.94337764849517	230.0	35	1.05	0.95				
	321	2	0.0	0.0	0.0	0.0	3	1.045440177018892	16.25235063501863	230.0	37	1.05	0.95				
	322	2	0.0	0.0	0.0	0.0	3	1.05	21.82276335694373	230.0	37	1.05	0.95				
	323	2	0.0	0.0	0.0	0.0	3	1.0170837160854898	13.023423467741171	230.0	35	1.05	0.95				
	324	1	0.0	0.0	0.0	0.0	3	1.0411454113408183	16.40904993013136	230.0	36	1.05	0.95				
	325	1	0.0	0.0	0.0	0.0	3	1.017769392116085	13.768711441772085	230.0	35	1.05	0.95				
];
