%% MATPOWER Case Format : Version 2
function mpc = RTS_GMLC
mpc.version = '2';

%%-----  Power Flow Data  -----%%
%% system MVA base
mpc.baseMVA = 100.0;
%% bus data
%    bus_i    type    Pd    Qd    Gs    Bs    area    Vm    Va    baseKV    zone    Vmax    Vmin
mpc.bus = [
	101	2	42.510638311578944	8.659574470877192	0.0	0.0	1	1.0414504050269533	4.406086239750272	138.0	11	1.05	0.95				
	102	2	38.18085107614035	7.872340428070175	0.0	0.0	1	1.0404975272166277	4.137308331156718	138.0	12	1.05	0.95				
	103	1	70.85106385263158	14.563829791929821	0.0	0.0	1	1.0289372393868674	1.357934814588012	138.0	11	1.05	0.95				
	104	1	29.127659583859643	5.904255321052631	0.0	0.0	1	1.0259216260831407	0.6852467846253457	138.0	11	1.05	0.95				
	105	1	27.946808519649117	5.5106382996491226	0.0	0.0	1	1.0399449439936461	0.8064013001405068	138.0	11	1.05	0.95				
	106	1	53.53191491087719	11.021276599298245	0.0	-100.0	1	1.0478117881173303	-1.6590607258161767	138.0	12	1.05	0.95				
	107	2	49.20212767543859	9.840425535087718	0.0	0.0	1	1.0004608784738178	-7.170371204110587	138.0	12	1.05	0.95				
	108	1	67.30851066	13.776595749122805	0.0	0.0	1	1.0054697142027955	-5.922538142387655	138.0	12	1.05	0.95				
	109	1	68.88297874561403	14.170212770526314	0.0	0.0	1	1.0242144323177897	-1.031499501673728	138.0	13	1.05	0.95				
	110	1	76.7553191736842	15.74468085614035	0.0	0.0	1	1.05	-1.6360376690335574	138.0	13	1.05	0.95				
	111	1	0.0	0.0	0.0	0.0	1	1.0014857745633923	0.2222261895730176	230.0	13	1.05	0.95				
	112	1	0.0	0.0	0.0	0.0	1	1.0066419395291129	0.4897920689747323	230.0	13	1.05	0.95				
	113	3	104.30851067192981	21.255319155789472	0.0	0.0	1	0.9913035984177532	7.362316581828966e-32	230.0	14	1.05	0.95				
	114	2	76.3617021522807	15.351063834736841	0.0	0.0	1	0.9970085146402425	2.10714323494929	230.0	16	1.05	0.95				
	115	2	124.77659578491227	25.19148936982456	0.0	0.0	1	1.0327776795288315	7.300436437924141	230.0	16	1.05	0.95				
	116	2	39.36170214035087	7.872340428070175	0.0	0.0	1	1.028940428510421	7.037456537898897	230.0	16	1.05	0.95				
	117	1	0.0	0.0	0.0	0.0	1	1.0370851421425393	9.278454173936927	230.0	17	1.05	0.95				
	118	2	131.0744681273684	26.765957455438596	0.0	0.0	1	1.0398332664320917	9.370801026244562	230.0	17	1.05	0.95				
	119	1	71.24468087403508	14.563829791929821	0.0	0.0	1	1.0223765030251875	5.905557425741311	230.0	15	1.05	0.95				
	120	1	50.38297873964912	10.234042556491227	0.0	0.0	1	1.0193418967160166	5.689933763070299	230.0	15	1.05	0.95				
	121	2	0.0	0.0	0.0	0.0	1	1.043389610850483	10.365681178812245	230.0	17	1.05	0.95				
	122	2	0.0	0.0	0.0	0.0	1	1.05	17.582907674298045	230.0	17	1.05	0.95				
	123	2	0.0	0.0	0.0	0.0	1	1.0180558026840607	5.880335464093194	230.0	15	1.05	0.95				
	124	1	0.0	0.0	0.0	0.0	1	1.0232026380536678	5.065256049464221	230.0	16	1.05	0.95				
	201	2	40.00062963789474	8.1482764077193	0.0	0.0	2	1.0217527424157096	-7.122908260989591	138.0	21	1.05	0.95				
	202	2	35.92649143403509	7.407524007017545	0.0	0.0	2	1.0220131469895464	-7.090318296777905	138.0	22	1.05	0.95				
	203	1	66.6677160631579	13.703919412982458	0.0	0.0	2	1.01665667838728	-6.080424153251646	138.0	21	1.05	0.95				
	204	1	27.407838825964916	5.555643005263158	0.0	0.0	2	1.0169387099551495	-8.119149907494313	138.0	21	1.05	0.95				
	205	1	26.296710224912278	5.185266804912281	0.0	0.0	2	1.0315283509635091	-8.355120914764978	138.0	21	1.05	0.95				
	206	1	50.37116324771931	10.370533609824562	0.0	-100.0	2	1.0453225266075652	-9.43271648539106	138.0	22	1.05	0.95				
	207	2	46.297025043859655	9.25940500877193	0.0	0.0	2	0.9949575884276112	-14.469303322947235	138.0	22	1.05	0.95				
	208	1	63.33433026	12.963167012280701	0.0	0.0	2	1.0022768675198985	-12.838503162883914	138.0	22	1.05	0.95				
	209	1	64.81583506140352	13.333543212631579	0.0	0.0	2	1.0226763957652598	-7.425647803713101	138.0	23	1.05	0.95				
	210	1	72.22335906842106	14.81504801403509	0.0	0.0	2	1.05	-8.40703042512655	138.0	23	1.05	0.95				
	211	1	0.0	0.0	0.0	0.0	2	1.0020726580643247	-4.970446303257425	230.0	23	1.05	0.95				
	212	1	0.0	0.0	0.0	0.0	2	1.0059206237066431	-4.192187277075806	230.0	23	1.05	0.95				
	213	2	98.14969309298246	20.00031481894737	0.0	0.0	2	0.9954201851299245	-3.7578130137248937	230.0	24	1.05	0.95				
	214	2	71.85298286807019	14.444671813684213	0.0	0.0	2	0.9995895086332445	-2.937980089279372	230.0	26	1.05	0.95				
	215	2	117.40925551122807	23.70407682245614	0.0	0.0	2	1.0180257095636875	2.077121679026927	230.0	26	1.05	0.95				
	216	2	37.03762003508772	7.407524007017545	0.0	0.0	2	1.0190604502643936	2.1671867089980004	230.0	26	1.05	0.95				
	217	1	0.0	0.0	0.0	0.0	2	1.024535207478148	3.6679349992929717	230.0	27	1.05	0.95				
	218	2	123.33527471684211	25.185581623859655	0.0	0.0	2	1.023792134961765	3.1947483377014763	230.0	27	1.05	0.95				
	219	1	67.03809226350877	13.703919412982458	0.0	0.0	2	1.0196752049169793	2.215418160699398	230.0	25	1.05	0.95				
	220	1	47.40815364491228	9.629781209122807	0.0	0.0	2	1.022438551116747	2.9907465276627176	230.0	25	1.05	0.95				
	221	2	0.0	0.0	0.0	0.0	2	1.025502657967752	3.629430299934303	230.0	27	1.05	0.95				
	222	2	0.0	0.0	0.0	0.0	2	1.0475482435656591	10.165545273824304	230.0	27	1.05	0.95				
	223	2	0.0	0.0	0.0	0.0	2	1.024456755774892	3.7032239867132364	230.0	25	1.05	0.95				
	224	1	0.0	0.0	0.0	0.0	2	1.0073475763978326	-1.0045137734137062	230.0	26	1.05	0.95				
	301	2	43.75007909052632	8.912053148070175	0.0	0.0	3	1.0102702558425347	-12.410592698122962	138.0	31	1.05	0.95				
	302	2	39.29405251649122	8.101866498245613	0.0	0.0	3	1.0101099883086584	-12.57496114008932	138.0	32	1.05	0.95				
	303	1	72.91679848421052	14.988453021754387	0.0	0.0	3	1.0328559260386787	-5.004396285373997	138.0	31	1.05	0.95				
	304	1	29.976906043508773	6.07639987368421	0.0	0.0	3	1.0126526635370476	-11.159038638304102	138.0	31	1.05	0.95				
	305	1	28.76162606877193	5.6713065487719305	0.0	0.0	3	1.0251485239437612	-12.492205578866484	138.0	31	1.05	0.95				
	306	1	55.09269218807018	11.342613097543861	0.0	-100.0	3	1.0416612028205996	-13.027032921258813	138.0	32	1.05	0.95				
	307	2	50.63666561403508	10.127333122807016	0.0	0.0	3	0.9946183929565978	-17.01104071312983	138.0	32	1.05	0.95				
	308	1	69.27095856	14.178266371929823	0.0	0.0	3	1.0015603356596385	-15.208669110827165	138.0	32	1.05	0.95				
	309	1	70.89133185964911	14.583359696842106	0.0	0.0	3	1.0271910865638718	-8.343694206019803	138.0	33	1.05	0.95				
	310	1	78.99319835789473	16.203732996491226	0.0	0.0	3	1.05	-11.267423215373729	138.0	33	1.05	0.95				
	311	1	0.0	0.0	0.0	0.0	3	1.0054616145823296	-6.571735055377347	230.0	33	1.05	0.95				
	312	1	0.0	0.0	0.0	0.0	3	1.0108652403756948	-5.92814300366182	230.0	33	1.05	0.95				
	313	2	107.34973110175436	21.87503954526316	0.0	0.0	3	1.0079633918427768	-3.403568421320576	230.0	34	1.05	0.95				
	314	2	78.58810503298244	15.798639671578945	0.0	0.0	3	0.9980292368144433	-5.971452105619352	230.0	36	1.05	0.95				
	315	2	128.41458399719298	25.925972794385967	0.0	0.0	3	1.0206124271148347	-3.0375271099583334	230.0	36	1.05	0.95				
	316	2	40.509332491228065	8.101866498245613	0.0	0.0	3	1.018981406517408	-2.6729473526406076	230.0	36	1.05	0.95				
	317	1	0.0	0.0	0.0	0.0	3	1.024991941403138	-1.1929718895337933	230.0	37	1.05	0.95				
	318	2	134.89607719578947	27.54634609403509	0.0	0.0	3	1.0237548600096569	-1.4959479582948083	230.0	37	1.05	0.95				
	319	1	73.3218918091228	14.988453021754387	0.0	0.0	3	1.0161833474920368	-2.9807498234491097	230.0	35	1.05	0.95				
	320	1	51.85194558877193	10.532426447719297	0.0	0.0	3	1.0164041861419781	-2.441525539263294	230.0	35	1.05	0.95				
	321	2	0.0	0.0	0.0	0.0	3	1.0248288130778602	-1.4651085044821974	230.0	37	1.05	0.95				
	322	2	0.0	0.0	0.0	0.0	3	1.0383259615898095	3.0465380732921017	230.0	37	1.05	0.95				
	323	2	0.0	0.0	0.0	0.0	3	1.0171308762463291	-1.826466666308278	230.0	35	1.05	0.95				
	324	1	0.0	0.0	0.0	0.0	3	1.020190171366834	-3.7961735513585	230.0	36	1.05	0.95				
	325	1	0.0	0.0	0.0	0.0	3	1.0162871340984045	-0.7831353872887626	230.0	35	1.05	0.95				
];
