%% MATPOWER Case Format : Version 2
function mpc = RTS_GMLC
mpc.version = '2';

%%-----  Power Flow Data  -----%%
%% system MVA base
mpc.baseMVA = 100.0;
%% bus data
%    bus_i    type    Pd    Qd    Gs    Bs    area    Vm    Va    baseKV    zone    Vmax    Vmin
mpc.bus = [
	101	2	61.66848096	12.562097973333334	0.0	0.0	1	1.0482005468430147	1.9532285633108015	138.0	11	1.05	0.95				
	102	2	55.38743197333332	11.420089066666666	0.0	0.0	1	1.0470678886139078	1.5989247701622804	138.0	12	1.05	0.95				
	103	1	102.78080159999999	21.12716477333333	0.0	0.0	1	1.0308595781239402	-0.21503024590798536	138.0	11	1.05	0.95				
	104	1	42.25432954666666	8.565066799999999	0.0	0.0	1	1.0272668118974444	-1.9837386335305394	138.0	11	1.05	0.95				
	105	1	40.54131618666666	7.9940623466666665	0.0	0.0	1	1.0406062274940453	-2.218138891157071	138.0	11	1.05	0.95				
	106	1	77.65660565333333	15.988124693333333	0.0	-100.0	1	1.0440148621117995	-5.165924854100975	138.0	12	1.05	0.95				
	107	2	71.37555666666667	14.275111333333331	0.0	0.0	1	0.9984920277184098	-12.811479924458821	138.0	12	1.05	0.95				
	108	1	97.64176151999999	19.985155866666663	0.0	0.0	1	0.9976660077029577	-10.924663187782722	138.0	12	1.05	0.95				
	109	1	99.92577933333332	20.556160319999996	0.0	0.0	1	1.0252520213888858	-3.60457588398112	138.0	13	1.05	0.95				
	110	1	111.34586839999999	22.840178133333332	0.0	0.0	1	1.05	-4.723249567832674	138.0	13	1.05	0.95				
	111	1	0.0	0.0	0.0	0.0	1	1.0089445787825595	-1.2063736281144575	230.0	13	1.05	0.95				
	112	1	0.0	0.0	0.0	0.0	1	1.0125096571113295	-1.152864517981816	230.0	13	1.05	0.95				
	113	3	151.31618013333332	30.83424048	0.0	0.0	1	1.0056609945044301	-2.2157920085930977e-31	230.0	14	1.05	0.95				
	114	2	110.77486394666664	22.269173679999998	0.0	0.0	1	1.0091560182663009	0.7862603184513246	230.0	16	1.05	0.95				
	115	2	181.00841170666664	36.54428501333333	0.0	0.0	1	1.0416579405962025	7.836371183198065	230.0	16	1.05	0.95				
	116	2	57.100445333333326	11.420089066666666	0.0	0.0	1	1.0382565100290684	6.998890025316804	230.0	16	1.05	0.95				
	117	1	0.0	0.0	0.0	0.0	1	1.0438574311380702	10.399862664234039	230.0	17	1.05	0.95				
	118	2	190.14448296	38.828302826666665	0.0	0.0	1	1.0471226457855352	11.10408535285729	230.0	17	1.05	0.95				
	119	1	103.35180605333332	21.12716477333333	0.0	0.0	1	1.0291327426863195	4.816103831270128	230.0	15	1.05	0.95				
	120	1	73.08857002666666	14.846115786666667	0.0	0.0	1	1.0260644206093072	3.75380226256528	230.0	15	1.05	0.95				
	121	2	0.0	0.0	0.0	0.0	1	1.0499999429190385	12.83623155502694	230.0	17	1.05	0.95				
	122	2	0.0	0.0	0.0	0.0	1	1.05	18.85213555132846	230.0	17	1.05	0.95				
	123	2	0.0	0.0	0.0	0.0	1	1.0255620578232603	3.604428718187616	230.0	15	1.05	0.95				
	124	1	0.0	0.0	0.0	0.0	1	1.0273182744156977	4.825748521158861	230.0	16	1.05	0.95				
	201	2	62.88241774736842	12.809381392982457	0.0	0.0	2	1.0208685125275418	-12.714091372140693	138.0	21	1.05	0.95				
	202	2	56.47772705087719	11.644892175438597	0.0	0.0	2	1.0214859532075728	-12.621497537504215	138.0	22	1.05	0.95				
	203	1	104.80402957894736	21.543050524561405	0.0	0.0	2	1.0137009120399494	-10.923076689496876	138.0	21	1.05	0.95				
	204	1	43.08610104912281	8.733669131578948	0.0	0.0	2	1.013518574815174	-13.0795891946931	138.0	21	1.05	0.95				
	205	1	41.33936722280701	8.15142452280702	0.0	0.0	2	1.0281276863691757	-13.460948804913544	138.0	21	1.05	0.95				
	206	1	79.18526679298246	16.30284904561404	0.0	-100.0	2	1.039222711717779	-14.427480120496593	138.0	22	1.05	0.95				
	207	2	72.78057609649123	14.556115219298245	0.0	0.0	2	0.9924156974789929	-22.521690064836463	138.0	22	1.05	0.95				
	208	1	99.56382810000001	20.37856130701754	0.0	0.0	2	0.9920582949665846	-19.735995645640802	138.0	22	1.05	0.95				
	209	1	101.89280653508771	20.960805915789475	0.0	0.0	2	1.02482905242393	-11.064000930281948	138.0	23	1.05	0.95				
	210	1	113.53769871052633	23.289784350877195	0.0	0.0	2	1.05	-12.352476704463854	138.0	23	1.05	0.95				
	211	1	0.0	0.0	0.0	0.0	2	1.013650946168206	-7.732896530317411	230.0	23	1.05	0.95				
	212	1	0.0	0.0	0.0	0.0	2	1.0174905478235887	-3.3783351458244826	230.0	23	1.05	0.95				
	213	2	154.2948213245614	31.44120887368421	0.0	0.0	2	1.017210275660743	-5.003845477319167	230.0	24	1.05	0.95				
	214	2	112.95545410175438	22.707539742105265	0.0	0.0	2	1.0163600112564652	-6.114471124400396	230.0	26	1.05	0.95				
	215	2	184.57154098070177	37.26365496140351	0.0	0.0	2	1.0299751392305687	-0.27602936405459116	230.0	26	1.05	0.95				
	216	2	58.22446087719298	11.644892175438597	0.0	0.0	2	1.0316394973783907	-0.23578464885226177	230.0	26	1.05	0.95				
	217	1	0.0	0.0	0.0	0.0	2	1.0336321023552257	0.9031976184982252	230.0	27	1.05	0.95				
	218	2	193.88745472105265	39.59263339649123	0.0	0.0	2	1.0320984056684148	0.16060850530163548	230.0	27	1.05	0.95				
	219	1	105.38627418771931	21.543050524561405	0.0	0.0	2	1.0332447786443935	0.6742246720022164	230.0	25	1.05	0.95				
	220	1	74.52730992280702	15.138359828070177	0.0	0.0	2	1.03974427657072	2.570262439772375	230.0	25	1.05	0.95				
	221	2	0.0	0.0	0.0	0.0	2	1.0341794597781704	0.8238482140033508	230.0	27	1.05	0.95				
	222	2	0.0	0.0	0.0	0.0	2	1.05	7.351605555057264	230.0	27	1.05	0.95				
	223	2	0.0	0.0	0.0	0.0	2	1.0453871034226385	4.0311988537003	230.0	25	1.05	0.95				
	224	1	0.0	0.0	0.0	0.0	2	1.0107378014751665	-4.241255133204734	230.0	26	1.05	0.95				
	301	2	60.474533381052645	12.318886429473686	0.0	0.0	3	1.0051519026865627	12.944104583278476	138.0	31	1.05	0.95				
	302	2	54.31509016631579	11.198987663157896	0.0	0.0	3	1.004013454651312	12.645217199115788	138.0	32	1.05	0.95				
	303	1	100.79088896842106	20.718127176842106	0.0	0.0	3	1.0476624167973918	24.500872334937426	138.0	31	1.05	0.95				
	304	1	41.43625435368421	8.39924074736842	0.0	0.0	3	1.0061113864835012	13.95022721901995	138.0	31	1.05	0.95				
	305	1	39.75640620421053	7.839291364210528	0.0	0.0	3	1.0202713099075702	12.826964107807267	138.0	31	1.05	0.95				
	306	1	76.1531161094737	15.678582728421055	0.0	-100.0	3	1.0356292487876795	12.1211230495714	138.0	32	1.05	0.95				
	307	2	69.99367289473685	13.998734578947369	0.0	0.0	3	0.9850726015121639	7.485944217881924	138.0	32	1.05	0.95				
	308	1	95.75134452	19.598228410526318	0.0	0.0	3	0.9941230257750185	10.034758415185774	138.0	32	1.05	0.95				
	309	1	97.99114205263159	20.158177793684214	0.0	0.0	3	1.02636056214409	17.309669195973594	138.0	33	1.05	0.95				
	310	1	109.19012971578948	22.39797532631579	0.0	0.0	3	1.05	14.513812071450541	138.0	33	1.05	0.95				
	311	1	0.0	0.0	0.0	0.0	3	1.0131010787345591	19.00585270869986	230.0	33	1.05	0.95				
	312	1	0.0	0.0	0.0	0.0	3	1.0186816702900368	19.88799343200453	230.0	33	1.05	0.95				
	313	2	148.38658653684212	30.237266690526322	0.0	0.0	3	1.02083898547554	24.34613713046864	230.0	34	1.05	0.95				
	314	2	108.63018033263158	21.838025943157895	0.0	0.0	3	1.0117541610779024	17.46666207160556	230.0	36	1.05	0.95				
	315	2	177.50395446105264	35.836760522105266	0.0	0.0	3	1.0499998721255792	13.541667033141076	230.0	36	1.05	0.95				
	316	2	55.994938315789476	11.198987663157896	0.0	0.0	3	1.0414091329775332	13.785103429333358	230.0	36	1.05	0.95				
	317	1	0.0	0.0	0.0	0.0	3	1.0461402674392983	12.760458922090761	230.0	37	1.05	0.95				
	318	2	186.46314459157895	38.07655805473685	0.0	0.0	3	1.0462685690826676	11.636736059103436	230.0	37	1.05	0.95				
	319	1	101.35083835157897	20.718127176842106	0.0	0.0	3	1.035744969252253	15.564133393838926	230.0	35	1.05	0.95				
	320	1	71.67352104421053	14.558683962105265	0.0	0.0	3	1.0325346016107446	16.841141624831604	230.0	35	1.05	0.95				
	321	2	0.0	0.0	0.0	0.0	3	1.0481090507622344	12.830082367669595	230.0	37	1.05	0.95				
	322	2	0.0	0.0	0.0	0.0	3	1.05	17.142101806041378	230.0	37	1.05	0.95				
	323	2	0.0	0.0	0.0	0.0	3	1.0310168753905529	17.47385698010263	230.0	35	1.05	0.95				
	324	1	0.0	0.0	0.0	0.0	3	1.048110157509401	19.469887428755243	230.0	36	1.05	0.95				
	325	1	0.0	0.0	0.0	0.0	3	1.034014651200006	17.086850817678137	230.0	35	1.05	0.95				
];
