%% MATPOWER Case Format : Version 2
function mpc = RTS_GMLC
mpc.version = '2';

%%-----  Power Flow Data  -----%%
%% system MVA base
mpc.baseMVA = 100.0;
%% bus data
%    bus_i    type    Pd    Qd    Gs    Bs    area    Vm    Va    baseKV    zone    Vmax    Vmin
mpc.bus = [
	101	2	42.52399802526316	8.662295894035088	0.0	0.0	1	1.032970963831758	2.2897660305829914	138.0	11	1.05	0.95				
	102	2	38.19285007824561	7.874814449122808	0.0	0.0	1	1.0320792856515835	2.030876571989909	138.0	12	1.05	0.95				
	103	1	70.87333004210527	14.568406730877193	0.0	0.0	1	1.0284804889461372	0.7424152947014342	138.0	11	1.05	0.95				
	104	1	29.136813461754386	5.906110836842105	0.0	0.0	1	1.0214358419226575	-0.9576359252711033	138.0	11	1.05	0.95				
	105	1	27.95559129438596	5.512370114385965	0.0	0.0	1	1.0361079929309969	-0.7412752818929724	138.0	11	1.05	0.95				
	106	1	53.54873825403509	11.02474022877193	0.0	-100.0	1	1.0462256310043172	-2.885037814131394	138.0	12	1.05	0.95				
	107	2	49.217590307017545	9.843518061403508	0.0	0.0	1	1.0005713157282303	-8.527516554401508	138.0	12	1.05	0.95				
	108	1	67.32966354	13.78092528596491	0.0	0.0	1	1.0053366658718386	-7.061978145516888	138.0	12	1.05	0.95				
	109	1	68.90462642982456	14.174666008421053	0.0	0.0	1	1.0244126830918148	-1.8023533640178309	138.0	13	1.05	0.95				
	110	1	76.77944087894736	15.749628898245616	0.0	0.0	1	1.05	-2.570377523478255	138.0	13	1.05	0.95				
	111	1	0.0	0.0	0.0	0.0	1	1.0024843801893544	-0.07266813218973525	230.0	13	1.05	0.95				
	112	1	0.0	0.0	0.0	0.0	1	1.007624379825638	0.07368748686529134	230.0	13	1.05	0.95				
	113	3	104.34129145087718	21.26199901263158	0.0	0.0	1	0.9939084565078278	-1.3822555014531055e-31	230.0	14	1.05	0.95				
	114	2	76.38570015649123	15.355888175789472	0.0	0.0	1	0.9989819153985906	2.1146325117591096	230.0	16	1.05	0.95				
	115	2	124.81580901859648	25.199406237192985	0.0	0.0	1	1.034593450922817	7.84219443935657	230.0	16	1.05	0.95				
	116	2	39.37407224561403	7.874814449122808	0.0	0.0	1	1.0310732254331836	7.457810689656593	230.0	16	1.05	0.95				
	117	1	0.0	0.0	0.0	0.0	1	1.038539483765987	10.019167473247782	230.0	17	1.05	0.95				
	118	2	131.11566057789474	26.774369127017543	0.0	0.0	1	1.0415450080088924	10.203028260864112	230.0	17	1.05	0.95				
	119	1	71.2670707645614	14.568406730877193	0.0	0.0	1	1.0245562321269472	6.043704236915478	230.0	15	1.05	0.95				
	120	1	50.39881247438597	10.237258783859648	0.0	0.0	1	1.0216981449776676	5.5777977626350035	230.0	15	1.05	0.95				
	121	2	0.0	0.0	0.0	0.0	1	1.044896382601684	11.282631704607306	230.0	17	1.05	0.95				
	122	2	0.0	0.0	0.0	0.0	1	1.05	18.940770090535217	230.0	17	1.05	0.95				
	123	2	0.0	0.0	0.0	0.0	1	1.020484105490794	5.62846077255919	230.0	15	1.05	0.95				
	124	1	0.0	0.0	0.0	0.0	1	1.0230548301877882	5.175858956053519	230.0	16	1.05	0.95				
	201	2	44.9985833431579	9.166378088421052	0.0	0.0	2	1.0226590859310134	-9.267435833712666	138.0	21	1.05	0.95				
	202	2	40.41539429894737	8.333070989473685	0.0	0.0	2	1.0231960878946211	-9.183181672094571	138.0	22	1.05	0.95				
	203	1	74.99763890526316	15.416181330526316	0.0	0.0	2	1.016380394299674	-7.98705968233285	138.0	21	1.05	0.95				
	204	1	30.83236266105263	6.249803242105263	0.0	0.0	2	1.0166473721750613	-10.375095491663101	138.0	21	1.05	0.95				
	205	1	29.582402012631576	5.83314969263158	0.0	0.0	2	1.03132648817265	-10.661223778320716	138.0	21	1.05	0.95				
	206	1	56.66488272842106	11.66629938526316	0.0	-100.0	2	1.044241032348625	-11.84888057288417	138.0	22	1.05	0.95				
	207	2	52.08169368421053	10.416338736842105	0.0	0.0	2	0.9931853690854651	-17.641733890758537	138.0	22	1.05	0.95				
	208	1	71.24775696	14.582874231578947	0.0	0.0	2	0.9994291892299425	-15.767268108392974	138.0	22	1.05	0.95				
	209	1	72.91437115789475	14.999527781052633	0.0	0.0	2	1.0228605503286847	-9.629943441975103	138.0	23	1.05	0.95				
	210	1	81.24744214736842	16.66614197894737	0.0	0.0	2	1.05	-10.731753405044484	138.0	23	1.05	0.95				
	211	1	0.0	0.0	0.0	0.0	2	1.0047459678370814	-6.943244380579701	230.0	23	1.05	0.95				
	212	1	0.0	0.0	0.0	0.0	2	1.0079060230966248	-6.032419643807001	230.0	23	1.05	0.95				
	213	2	110.41319061052633	22.49929167157895	0.0	0.0	2	1.0001791012119374	-5.591737734814604	230.0	24	1.05	0.95				
	214	2	80.83078859789474	16.249488429473686	0.0	0.0	2	1.0039599311500642	-4.7654066099348995	230.0	26	1.05	0.95				
	215	2	132.0791751831579	26.665827166315793	0.0	0.0	2	1.0209296165758552	0.8041503806615778	230.0	26	1.05	0.95				
	216	2	41.66535494736842	8.333070989473685	0.0	0.0	2	1.0225954739832044	0.8428870850189889	230.0	26	1.05	0.95				
	217	1	0.0	0.0	0.0	0.0	2	1.0273421346128524	2.4638920270988516	230.0	27	1.05	0.95				
	218	2	138.74563197473685	28.33244136421053	0.0	0.0	2	1.026504238706595	1.8893826486722294	230.0	27	1.05	0.95				
	219	1	75.41429245473684	15.416181330526316	0.0	0.0	2	1.0238064311627646	0.9805312383574983	230.0	25	1.05	0.95				
	220	1	53.33165433263159	10.83299228631579	0.0	0.0	2	1.0276385908413355	1.9156470306360966	230.0	25	1.05	0.95				
	221	2	0.0	0.0	0.0	0.0	2	1.0282404693923295	2.3355027146156004	230.0	27	1.05	0.95				
	222	2	0.0	0.0	0.0	0.0	2	1.0499999306152141	8.87621906539764	230.0	27	1.05	0.95				
	223	2	0.0	0.0	0.0	0.0	2	1.0305150912057937	2.745638895296243	230.0	25	1.05	0.95				
	224	1	0.0	0.0	0.0	0.0	2	1.0083481252547306	-2.5062906578345348	230.0	26	1.05	0.95				
	301	2	47.508383406315794	9.677633656842106	0.0	0.0	3	1.0139238410158113	-6.7029064575089565	138.0	31	1.05	0.95				
	302	2	42.66956657789474	8.79784877894737	0.0	0.0	3	1.0130512974629968	-7.002248383682566	138.0	32	1.05	0.95				
	303	1	79.18063901052632	16.27602024105263	0.0	0.0	3	1.0473876488783014	5.33565006845119	138.0	31	1.05	0.95				
	304	1	32.55204048210526	6.598386584210527	0.0	0.0	3	1.0122464268481546	-5.8079018830643	138.0	31	1.05	0.95				
	305	1	31.23236316526316	6.158494145263159	0.0	0.0	3	1.0265919617559447	-7.585425378585315	138.0	31	1.05	0.95				
	306	1	59.82537169684211	12.316988290526318	0.0	-100.0	3	1.0412939406225712	-8.606022180469385	138.0	32	1.05	0.95				
	307	2	54.98655486842105	10.997310973684211	0.0	0.0	3	0.9900859851113678	-12.945171540524527	138.0	32	1.05	0.95				
	308	1	75.22160706000001	15.396235363157896	0.0	0.0	3	0.9969226301255246	-10.957801762861783	138.0	32	1.05	0.95				
	309	1	76.98117681578948	15.836127802105263	0.0	0.0	3	1.0251738102657861	-3.0222875452868476	138.0	33	1.05	0.95				
	310	1	85.77902559473685	17.59569755789474	0.0	0.0	3	1.05	-7.0540247487345	138.0	33	1.05	0.95				
	311	1	0.0	0.0	0.0	0.0	3	1.008202253984129	-2.7128606966479607	230.0	33	1.05	0.95				
	312	1	0.0	0.0	0.0	0.0	3	1.0133284389877175	-2.017783644584183	230.0	33	1.05	0.95				
	313	2	116.57149632105263	23.754191703157897	0.0	0.0	3	1.010505188237513	0.11405249872874425	230.0	34	1.05	0.95				
	314	2	85.33913315578948	17.15580511894737	0.0	0.0	3	1.0023049153234942	-2.7515373660724	230.0	36	1.05	0.95				
	315	2	139.4459031463158	28.15311609263158	0.0	0.0	3	1.036351555214489	-0.08401352026556902	230.0	36	1.05	0.95				
	316	2	43.989243894736845	8.79784877894737	0.0	0.0	3	1.0299563922488026	-0.16881977776602575	230.0	36	1.05	0.95				
	317	1	0.0	0.0	0.0	0.0	3	1.036657104147068	1.1793688385583585	230.0	37	1.05	0.95				
	318	2	146.48418216947368	29.912685848421056	0.0	0.0	3	1.0353476757933076	0.6730292012121271	230.0	37	1.05	0.95				
	319	1	79.6205314494737	16.27602024105263	0.0	0.0	3	1.0236344748506732	-0.4500701580942443	230.0	35	1.05	0.95				
	320	1	56.30623218526316	11.43720341263158	0.0	0.0	3	1.021158420839043	0.1677792348738752	230.0	35	1.05	0.95				
	321	2	0.0	0.0	0.0	0.0	3	1.0376236281276214	0.9601404142759861	230.0	37	1.05	0.95				
	322	2	0.0	0.0	0.0	0.0	3	1.0499999609249562	5.354233737883778	230.0	37	1.05	0.95				
	323	2	0.0	0.0	0.0	0.0	3	1.020578281372243	0.8521083980981652	230.0	35	1.05	0.95				
	324	1	0.0	0.0	0.0	0.0	3	1.0379198322668735	1.9903067157422147	230.0	36	1.05	0.95				
	325	1	0.0	0.0	0.0	0.0	3	1.0203524519939913	1.7466540653074991	230.0	35	1.05	0.95				
];
