%% MATPOWER Case Format : Version 2
function mpc = RTS_GMLC
mpc.version = '2';

%%-----  Power Flow Data  -----%%
%% system MVA base
mpc.baseMVA = 100.0;
%% bus data
%    bus_i    type    Pd    Qd    Gs    Bs    area    Vm    Va    baseKV    zone    Vmax    Vmin
mpc.bus = [
	101	2	40.73379514105263	8.29762493614035	0.0	0.0	1	1.031557149207732	2.4936777647134787	138.0	11	1.05	0.95				
	102	2	36.584982672982456	7.543295396491229	0.0	0.0	1	1.0306685932716768	2.250037554118158	138.0	12	1.05	0.95				
	103	1	67.88965856842105	13.95509648350877	0.0	0.0	1	1.029797439476748	0.32629723067487426	138.0	11	1.05	0.95				
	104	1	27.91019296701754	5.65747154736842	0.0	0.0	1	1.021420100918125	-0.783319112345759	138.0	11	1.05	0.95				
	105	1	26.778698657543853	5.28030677754386	0.0	0.0	1	1.0356201131150895	-0.5082252784015155	138.0	11	1.05	0.95				
	106	1	51.29440869614035	10.56061355508772	0.0	-100.0	1	1.0463543573451333	-2.618418628449338	138.0	12	1.05	0.95				
	107	2	47.145596228070175	9.429119245614034	0.0	0.0	1	1.0008794688357825	-7.442460665011556	138.0	12	1.05	0.95				
	108	1	64.49517563999999	13.200766943859646	0.0	0.0	1	1.0065558787719462	-6.329016225101561	138.0	12	1.05	0.95				
	109	1	66.00383471929824	13.577931713684208	0.0	0.0	1	1.025023053205034	-1.7271517202599829	138.0	13	1.05	0.95				
	110	1	73.54713011578946	15.086590792982458	0.0	0.0	1	1.05	-2.3548100771266145	138.0	13	1.05	0.95				
	111	1	0.0	0.0	0.0	0.0	1	1.0024381977627783	-0.25304106148953215	230.0	13	1.05	0.95				
	112	1	0.0	0.0	0.0	0.0	1	1.0074184924425753	0.19199037004304578	230.0	13	1.05	0.95				
	113	3	99.94866400350875	20.366897570526316	0.0	0.0	1	0.9926417085346643	4.367904664227054e-28	230.0	14	1.05	0.95				
	114	2	73.16996534596491	14.709426023157896	0.0	0.0	1	0.9986402856118781	1.4489551255593243	230.0	16	1.05	0.95				
	115	2	119.56123203438595	24.13854526877193	0.0	0.0	1	1.0379150596604467	6.281517017031624	230.0	16	1.05	0.95				
	116	2	37.716476982456136	7.543295396491229	0.0	0.0	1	1.0326702209946201	5.998380974260055	230.0	16	1.05	0.95				
	117	1	0.0	0.0	0.0	0.0	1	1.0419574132496956	7.4603341790999425	230.0	17	1.05	0.95				
	118	2	125.59586835157894	25.647204348070176	0.0	0.0	1	1.0450892795296973	7.329940098921027	230.0	17	1.05	0.95				
	119	1	68.26682333824562	13.95509648350877	0.0	0.0	1	1.026200437737854	5.352678829530572	230.0	15	1.05	0.95				
	120	1	48.27709053754386	9.806284015438596	0.0	0.0	1	1.0228707400791497	5.526227655386562	230.0	15	1.05	0.95				
	121	2	0.0	0.0	0.0	0.0	1	1.0499999194906005	8.066661317822861	230.0	17	1.05	0.95				
	122	2	0.0	0.0	0.0	0.0	1	1.05	14.33903565872788	230.0	17	1.05	0.95				
	123	2	0.0	0.0	0.0	0.0	1	1.0213934883821991	5.917683795826652	230.0	15	1.05	0.95				
	124	1	0.0	0.0	0.0	0.0	1	1.0266773026752918	4.053468911889603	230.0	16	1.05	0.95				
	201	2	44.08059183157895	8.97937981754386	0.0	0.0	2	1.0250155695402614	-6.870479949899716	138.0	21	1.05	0.95				
	202	2	39.59090192280702	8.16307256140351	0.0	0.0	2	1.025983427989865	-6.674189562782049	138.0	22	1.05	0.95				
	203	1	73.46765305263159	15.10168423859649	0.0	0.0	2	1.0184839533064063	-6.25652476186361	138.0	21	1.05	0.95				
	204	1	30.20336847719298	6.122304421052632	0.0	0.0	2	1.0180351086824178	-8.492022658350834	138.0	21	1.05	0.95				
	205	1	28.978907592982456	5.7141507929824575	0.0	0.0	2	1.0325075059267177	-8.745426845324317	138.0	21	1.05	0.95				
	206	1	55.50889341754387	11.428301585964915	0.0	-100.0	2	1.0449237821635247	-10.159509414704326	138.0	22	1.05	0.95				
	207	2	51.01920350877194	10.203840701754388	0.0	0.0	2	0.9907260969449951	-16.08469305566606	138.0	22	1.05	0.95				
	208	1	69.7942704	14.28537698245614	0.0	0.0	2	0.9983778786945325	-14.26520490905171	138.0	22	1.05	0.95				
	209	1	71.42688491228071	14.693530610526317	0.0	0.0	2	1.0229435354834517	-8.299813354965416	138.0	23	1.05	0.95				
	210	1	79.58995747368421	16.32614512280702	0.0	0.0	2	1.05	-9.333550078640288	138.0	23	1.05	0.95				
	211	1	0.0	0.0	0.0	0.0	2	1.004192535466224	-5.792561169555194	230.0	23	1.05	0.95				
	212	1	0.0	0.0	0.0	0.0	2	1.00887572482231	-5.42647402567084	230.0	23	1.05	0.95				
	213	2	108.1607114385965	22.040295915789475	0.0	0.0	2	0.9973332870135625	-5.067293689306646	230.0	24	1.05	0.95				
	214	2	79.18180384561404	15.917991494736844	0.0	0.0	2	1.0042554598440696	-3.2793081701777322	230.0	26	1.05	0.95				
	215	2	129.38470009824562	26.12183219649123	0.0	0.0	2	1.0255446125663747	2.957219695990563	230.0	26	1.05	0.95				
	216	2	40.81536280701755	8.16307256140351	0.0	0.0	2	1.0270463697304566	2.7006239464881765	230.0	26	1.05	0.95				
	217	1	0.0	0.0	0.0	0.0	2	1.0325778346738699	5.375905051015193	230.0	27	1.05	0.95				
	218	2	135.91515814736843	27.754446708771933	0.0	0.0	2	1.0341497324302638	5.83019636087129	230.0	27	1.05	0.95				
	219	1	73.87580668070176	15.10168423859649	0.0	0.0	2	1.0272268988283475	1.6411537588177258	230.0	25	1.05	0.95				
	220	1	52.24366439298246	10.611994329824563	0.0	0.0	2	1.0301566429771707	1.518345236391375	230.0	25	1.05	0.95				
	221	2	0.0	0.0	0.0	0.0	2	1.0342803000228973	5.634407826768813	230.0	27	1.05	0.95				
	222	2	0.0	0.0	0.0	0.0	2	1.05	12.029110331150868	230.0	27	1.05	0.95				
	223	2	0.0	0.0	0.0	0.0	2	1.032199422612611	1.762176589576514	230.0	25	1.05	0.95				
	224	1	0.0	0.0	0.0	0.0	2	1.0115009783984947	-0.5038826053507769	230.0	26	1.05	0.95				
	301	2	45.33881684210527	9.235684912280702	0.0	0.0	3	1.0065978144479468	-25.363080323753653	138.0	31	1.05	0.95				
	302	2	40.720974385964915	8.396077192982457	0.0	0.0	3	1.0065273037046776	-25.458387045221805	138.0	32	1.05	0.95				
	303	1	75.56469473684211	15.532742807017543	0.0	0.0	3	1.0217896774521034	-20.55590186131971	138.0	31	1.05	0.95				
	304	1	31.065485614035087	6.297057894736842	0.0	0.0	3	1.0100764046323596	-24.013271764053005	138.0	31	1.05	0.95				
	305	1	29.806074035087722	5.87725403508772	0.0	0.0	3	1.0228214661044381	-24.72154118515318	138.0	31	1.05	0.95				
	306	1	57.09332491228071	11.75450807017544	0.0	-100.0	3	1.0403274975225625	-24.868200989599398	138.0	32	1.05	0.95				
	307	2	52.475482456140355	10.49509649122807	0.0	0.0	3	0.992787123354589	-29.405788836597736	138.0	32	1.05	0.95				
	308	1	71.78645999999999	14.693135087719297	0.0	0.0	3	0.999761081472945	-27.52727469157157	138.0	32	1.05	0.95				
	309	1	73.46567543859649	15.11293894736842	0.0	0.0	3	1.0260865904080807	-21.112061579967087	138.0	33	1.05	0.95				
	310	1	81.86175263157894	16.792154385964913	0.0	0.0	3	1.05	-22.728840750277204	138.0	33	1.05	0.95				
	311	1	0.0	0.0	0.0	0.0	3	1.007702202142553	-17.137174775325207	230.0	33	1.05	0.95				
	312	1	0.0	0.0	0.0	0.0	3	1.011750777670911	-16.449680283820438	230.0	33	1.05	0.95				
	313	2	111.24802280701753	22.669408421052633	0.0	0.0	3	1.0115011737616821	-13.43557170825384	230.0	34	1.05	0.95				
	314	2	81.44194877192983	16.372350526315792	0.0	0.0	3	1.0070904486942576	-15.494740454593828	230.0	36	1.05	0.95				
	315	2	133.07782350877193	26.86744701754386	0.0	0.0	3	1.0323320879850693	-11.591687717936814	230.0	36	1.05	0.95				
	316	2	41.98038596491228	8.396077192982457	0.0	0.0	3	1.032109699540112	-10.687013205556779	230.0	36	1.05	0.95				
	317	1	0.0	0.0	0.0	0.0	3	1.037072138993981	-9.415032989257943	230.0	37	1.05	0.95				
	318	2	139.7946852631579	28.546662456140353	0.0	0.0	3	1.036565046021265	-9.2885994783782	230.0	37	1.05	0.95				
	319	1	75.98449859649124	15.532742807017543	0.0	0.0	3	1.0301098786347451	-10.999968222872464	230.0	35	1.05	0.95				
	320	1	53.73489403508772	10.914900350877193	0.0	0.0	3	1.031102834673241	-10.45847548742398	230.0	35	1.05	0.95				
	321	2	0.0	0.0	0.0	0.0	3	1.0372882135192918	-9.541662981282208	230.0	37	1.05	0.95				
	322	2	0.0	0.0	0.0	0.0	3	1.049999952612513	-5.184033846716283	230.0	37	1.05	0.95				
	323	2	0.0	0.0	0.0	0.0	3	1.0322779581610968	-9.840770638551597	230.0	35	1.05	0.95				
	324	1	0.0	0.0	0.0	0.0	3	1.017190170122319	-14.946552876870262	230.0	36	1.05	0.95				
	325	1	0.0	0.0	0.0	0.0	3	1.0276438940886554	-8.348377308037332	230.0	35	1.05	0.95				
];
