%% MATPOWER Case Format : Version 2
function mpc = RTS_GMLC
mpc.version = '2';

%%-----  Power Flow Data  -----%%
%% system MVA base
mpc.baseMVA = 100.0;
%% bus data
%    bus_i    type    Pd    Qd    Gs    Bs    area    Vm    Va    baseKV    zone    Vmax    Vmin
mpc.bus = [
	101	2	54.56110835368422	11.114299849824562	0.0	0.0	1	1.0427281135941582	1.33313409594376	138.0	11	1.05	0.95				
	102	2	49.003958428771924	10.103908954385965	0.0	0.0	1	1.0417035536896992	1.0245465803267813	138.0	12	1.05	0.95				
	103	1	90.93518058947369	18.692231565614033	0.0	0.0	1	1.026890459108828	-1.1394853831160452	138.0	11	1.05	0.95				
	104	1	37.38446313122807	7.577931715789473	0.0	0.0	1	1.0253394182047306	-2.2510467413153887	138.0	11	1.05	0.95				
	105	1	35.868876788070175	7.072736268070176	0.0	0.0	1	1.0391454529028252	-2.327387157729586	138.0	11	1.05	0.95				
	106	1	68.70658088982456	14.145472536140351	0.0	-100.0	1	1.0449949989216447	-4.924174886455232	138.0	12	1.05	0.95				
	107	2	63.14943096491228	12.629886192982456	0.0	0.0	1	1.0004847220865707	-11.966158614885366	138.0	12	1.05	0.95				
	108	1	86.38842156	17.68184067017544	0.0	0.0	1	1.0011614576146395	-10.180798711851915	138.0	12	1.05	0.95				
	109	1	88.40920335087719	18.187036117894735	0.0	0.0	1	1.0246449283001695	-3.611915076849722	138.0	13	1.05	0.95				
	110	1	98.51311230526316	20.20781790877193	0.0	0.0	1	1.05	-4.488190632103939	138.0	13	1.05	0.95				
	111	1	0.0	0.0	0.0	0.0	1	1.005459942329407	-1.3957408797411353	230.0	13	1.05	0.95				
	112	1	0.0	0.0	0.0	0.0	1	1.010361808684636	-1.0098653034356853	230.0	13	1.05	0.95				
	113	3	133.87679364561401	27.28055417684211	0.0	0.0	1	1.001916019234831	1.9533195335637518e-30	230.0	14	1.05	0.95				
	114	2	98.00791685754385	19.702622461052634	0.0	0.0	1	1.0017544298010952	0.1582090700212311	230.0	16	1.05	0.95				
	115	2	160.14695692701756	32.33250865403509	0.0	0.0	1	1.0323041465100289	5.7413028043779875	230.0	16	1.05	0.95				
	116	2	50.51954477192982	10.103908954385965	0.0	0.0	1	1.029600382096726	5.375470399956402	230.0	16	1.05	0.95				
	117	1	0.0	0.0	0.0	0.0	1	1.0361952581208005	7.901963681839567	230.0	17	1.05	0.95				
	118	2	168.2300840905263	34.35329044491228	0.0	0.0	1	1.0379856422059426	8.238437561299992	230.0	17	1.05	0.95				
	119	1	91.44037603719298	18.692231565614033	0.0	0.0	1	1.0239438581993536	4.118777442353436	230.0	15	1.05	0.95				
	120	1	64.66501730807018	13.135081640701754	0.0	0.0	1	1.0227492593209295	3.8783282486216155	230.0	15	1.05	0.95				
	121	2	0.0	0.0	0.0	0.0	1	1.0406172689613347	9.60952679631978	230.0	17	1.05	0.95				
	122	2	0.0	0.0	0.0	0.0	1	1.05	15.540039725779454	230.0	17	1.05	0.95				
	123	2	0.0	0.0	0.0	0.0	1	1.022990018499819	4.136010045025323	230.0	15	1.05	0.95				
	124	1	0.0	0.0	0.0	0.0	1	1.021262915720949	3.155654479471877	230.0	16	1.05	0.95				
	201	2	51.441523692631584	10.478828900350877	0.0	0.0	2	1.0269649656990965	-11.96510685751341	138.0	21	1.05	0.95				
	202	2	46.20210924245614	9.52620809122807	0.0	0.0	2	1.0279486666960194	-11.777532382439206	138.0	22	1.05	0.95				
	203	1	85.73587282105262	17.62348496877193	0.0	0.0	2	1.0168055528281683	-10.729692744175596	138.0	21	1.05	0.95				
	204	1	35.24696993754386	7.144656068421053	0.0	0.0	2	1.0176683295932158	-13.301152948554616	138.0	21	1.05	0.95				
	205	1	33.818038723859644	6.668345663859649	0.0	0.0	2	1.032651335162445	-13.62770433256919	138.0	21	1.05	0.95				
	206	1	64.77821502035088	13.336691327719299	0.0	-100.0	2	1.0435856044487803	-14.982878453360529	138.0	22	1.05	0.95				
	207	2	59.53880057017544	11.907760114035087	0.0	0.0	2	0.9925758556683959	-21.853899723893466	138.0	22	1.05	0.95				
	208	1	81.44907918	16.67086415964912	0.0	0.0	2	0.9965815681801347	-19.654300806209818	138.0	22	1.05	0.95				
	209	1	83.35432079824561	17.147174564210527	0.0	0.0	2	1.023002066954381	-12.595782710247292	138.0	23	1.05	0.95				
	210	1	92.88052888947368	19.05241618245614	0.0	0.0	2	1.05	-13.790859715654141	138.0	23	1.05	0.95				
	211	1	0.0	0.0	0.0	0.0	2	1.0077522896679605	-9.56114913450933	230.0	23	1.05	0.95				
	212	1	0.0	0.0	0.0	0.0	2	1.0085171718252923	-8.582285257657901	230.0	23	1.05	0.95				
	213	2	126.22225720877192	25.720761846315792	0.0	0.0	2	1.004421828786155	-8.112716965381965	230.0	24	1.05	0.95				
	214	2	92.40421848491228	18.576105777894735	0.0	0.0	2	1.0101608323194478	-7.106823858392173	230.0	26	1.05	0.95				
	215	2	150.99039824596488	30.483865891929824	0.0	0.0	2	1.0258551909723623	-0.40047968265482453	230.0	26	1.05	0.95				
	216	2	47.63104045614035	9.52620809122807	0.0	0.0	2	1.0264072753201092	-0.7142781566059198	230.0	26	1.05	0.95				
	217	1	0.0	0.0	0.0	0.0	2	1.0302649819305543	0.9247108493755389	230.0	27	1.05	0.95				
	218	2	158.61136471894736	32.38910751017544	0.0	0.0	2	1.0294446014271834	0.3459952732742664	230.0	27	1.05	0.95				
	219	1	86.21218322561404	17.62348496877193	0.0	0.0	2	1.0257274629167767	-0.6738197619966122	230.0	25	1.05	0.95				
	220	1	60.96773178385965	12.384070518596491	0.0	0.0	2	1.0286110115477247	0.2889098117834565	230.0	25	1.05	0.95				
	221	2	0.0	0.0	0.0	0.0	2	1.0314083519769863	0.9014726386334516	230.0	27	1.05	0.95				
	222	2	0.0	0.0	0.0	0.0	2	1.05	7.404069527680746	230.0	27	1.05	0.95				
	223	2	0.0	0.0	0.0	0.0	2	1.0312631342553946	1.1785441113688617	230.0	25	1.05	0.95				
	224	1	0.0	0.0	0.0	0.0	2	1.0097574029201137	-4.274425798737116	230.0	26	1.05	0.95				
	301	2	43.22049984	8.804175893333333	0.0	0.0	3	1.0070668302907786	-3.7352858173654733	138.0	31	1.05	0.95				
	302	2	38.81841189333334	8.003796266666669	0.0	0.0	3	1.0070092438185956	-3.7988976086862567	138.0	32	1.05	0.95				
	303	1	72.0341664	14.807023093333335	0.0	0.0	3	1.0180224338922794	-0.5164804952111246	138.0	31	1.05	0.95				
	304	1	29.61404618666667	6.0028472	0.0	0.0	3	1.0096372426256728	-2.5594076204030336	138.0	31	1.05	0.95				
	305	1	28.413476746666667	5.602657386666668	0.0	0.0	3	1.0231813113111368	-2.7380636600980917	138.0	31	1.05	0.95				
	306	1	54.425814613333344	11.205314773333336	0.0	-100.0	3	1.0409644487930696	-2.6732851170948697	138.0	32	1.05	0.95				
	307	2	50.02372666666667	10.004745333333334	0.0	0.0	3	0.9942942107078356	-6.23676720461422	138.0	32	1.05	0.95				
	308	1	68.43245808	14.006643466666665	0.0	0.0	3	1.0036031634486626	-4.496352399688513	138.0	32	1.05	0.95				
	309	1	70.03321733333334	14.40683328	0.0	0.0	3	1.023932270055978	0.10408180490109982	138.0	33	1.05	0.95				
	310	1	78.03701360000001	16.007592533333337	0.0	0.0	3	1.05	-0.45394417578931756	138.0	33	1.05	0.95				
	311	1	0.0	0.0	0.0	0.0	3	1.0019276798960979	3.872279043935446	230.0	33	1.05	0.95				
	312	1	0.0	0.0	0.0	0.0	3	1.0084776780784819	4.634405421871171	230.0	33	1.05	0.95				
	313	2	106.05030053333333	21.61024992	0.0	0.0	3	1.0078895277819169	8.828939347800986	230.0	34	1.05	0.95				
	314	2	77.63682378666668	15.607402720000001	0.0	0.0	3	0.9934868263339987	3.7049669587212275	230.0	36	1.05	0.95				
	315	2	126.86017082666667	25.612148053333332	0.0	0.0	3	1.0118131402672617	1.6374902826110111	230.0	36	1.05	0.95				
	316	2	40.018981333333336	8.003796266666669	0.0	0.0	3	1.0106804296075935	2.1784023820102045	230.0	36	1.05	0.95				
	317	1	0.0	0.0	0.0	0.0	3	1.0170422158294203	2.4126985269545633	230.0	37	1.05	0.95				
	318	2	133.26320784	27.212907306666672	0.0	0.0	3	1.0165969823370424	1.8283782849134504	230.0	37	1.05	0.95				
	319	1	72.43435621333334	14.807023093333335	0.0	0.0	3	1.010659499144021	3.9409409414909433	230.0	35	1.05	0.95				
	320	1	51.224296106666664	10.404935146666668	0.0	0.0	3	1.0112300586979688	5.1628205343401765	230.0	35	1.05	0.95				
	321	2	0.0	0.0	0.0	0.0	3	1.0169787321088766	2.3266444880639776	230.0	37	1.05	0.95				
	322	2	0.0	0.0	0.0	0.0	3	1.0306164511015685	6.831728153730236	230.0	37	1.05	0.95				
	323	2	0.0	0.0	0.0	0.0	3	1.0115306166210207	5.821986332446939	230.0	35	1.05	0.95				
	324	1	0.0	0.0	0.0	0.0	3	1.011001978070093	2.2179724986369305	230.0	36	1.05	0.95				
	325	1	0.0	0.0	0.0	0.0	3	1.0139925846064164	6.161769115507473	230.0	35	1.05	0.95				
];
