%% MATPOWER Case Format : Version 2
function mpc = RTS_GMLC
mpc.version = '2';

%%-----  Power Flow Data  -----%%
%% system MVA base
mpc.baseMVA = 100.0;
%% bus data
%    bus_i    type    Pd    Qd    Gs    Bs    area    Vm    Va    baseKV    zone    Vmax    Vmin
mpc.bus = [
	101	2	51.02078180210526	10.393122218947369	0.0	0.0	1	1.0139858566334763	1.050645670365518	138.0	11	1.05	0.95				
	102	2	45.82422069263158	9.44829292631579	0.0	0.0	1	1.0128537433329818	0.7389250010146392	138.0	12	1.05	0.95				
	103	1	85.03463633684211	17.479341913684213	0.0	0.0	1	1.024656458650562	1.0901211544451619	138.0	11	1.05	0.95				
	104	1	34.958683827368425	7.086219694736842	0.0	0.0	1	1.0120622124908827	-2.2728915402012904	138.0	11	1.05	0.95				
	105	1	33.54143988842105	6.613805048421054	0.0	0.0	1	1.0252184425637494	-2.222952137603013	138.0	11	1.05	0.95				
	106	1	64.24839189894738	13.227610096842108	0.0	-100.0	1	1.039198700576142	-4.550239889160489	138.0	12	1.05	0.95				
	107	2	59.05183078947369	11.810366157894737	0.0	0.0	1	0.9873610959686561	-11.936191311896255	138.0	12	1.05	0.95				
	108	1	80.78290452	16.534512621052635	0.0	0.0	1	0.9943522389197039	-9.756967251377517	138.0	12	1.05	0.95				
	109	1	82.67256310526317	17.00692726736842	0.0	0.0	1	1.0259510939825167	-2.7585748294324706	138.0	13	1.05	0.95				
	110	1	92.12085603157895	18.89658585263158	0.0	0.0	1	1.05	-3.977795558856404	138.0	13	1.05	0.95				
	111	1	0.0	0.0	0.0	0.0	1	1.0200588089538847	-0.13698942988628693	230.0	13	1.05	0.95				
	112	1	0.0	0.0	0.0	0.0	1	1.0163812401544394	-0.6994384255355118	230.0	13	1.05	0.95				
	113	3	125.18988127368422	25.51039090105263	0.0	0.0	1	1.004148891918636	-3.9760745751564816e-30	230.0	14	1.05	0.95				
	114	2	91.64844138526315	18.42417120631579	0.0	0.0	1	1.0433760770670812	2.906859074763475	230.0	16	1.05	0.95				
	115	2	149.75544288210529	30.234537364210528	0.0	0.0	1	1.04232048535493	11.676034323277088	230.0	16	1.05	0.95				
	116	2	47.24146463157895	9.44829292631579	0.0	0.0	1	1.0434036973204819	10.207306774618177	230.0	16	1.05	0.95				
	117	1	0.0	0.0	0.0	0.0	1	1.041229974858792	15.764676273462863	230.0	17	1.05	0.95				
	118	2	157.3140772231579	32.12419594947369	0.0	0.0	1	1.04872181824837	16.15220834967666	230.0	17	1.05	0.95				
	119	1	85.50705098315791	17.479341913684213	0.0	0.0	1	1.040423898795449	6.838089237807389	230.0	15	1.05	0.95				
	120	1	60.469074728421056	12.282780804210528	0.0	0.0	1	1.0435203761327059	4.806448816616415	230.0	15	1.05	0.95				
	121	2	0.0	0.0	0.0	0.0	1	1.0425575933388604	17.69113586478223	230.0	17	1.05	0.95				
	122	2	0.0	0.0	0.0	0.0	1	1.05	35.658225606361945	230.0	17	1.05	0.95				
	123	2	0.0	0.0	0.0	0.0	1	1.0461351159971433	4.043036369691145	230.0	15	1.05	0.95				
	124	1	0.0	0.0	0.0	0.0	1	1.0224824575476072	7.738358969887201	230.0	16	1.05	0.95				
	201	2	53.54950418526316	10.908232334035088	0.0	0.0	2	1.0168497752937733	-15.001763440218568	138.0	21	1.05	0.95				
	202	2	48.095388018245615	9.916574849122808	0.0	0.0	2	1.0174366371201724	-14.963262028503946	138.0	22	1.05	0.95				
	203	1	89.24917364210528	18.345663470877195	0.0	0.0	2	1.0124252658302966	-12.374916377459012	138.0	21	1.05	0.95				
	204	1	36.69132694175439	7.437431136842106	0.0	0.0	2	1.0126384254563219	-15.838424669138027	138.0	21	1.05	0.95				
	205	1	35.20384071438596	6.941602394385966	0.0	0.0	2	1.0272773833497446	-16.261343536335737	138.0	21	1.05	0.95				
	206	1	67.4327089740351	13.883204788771932	0.0	-100.0	2	1.0406246362874156	-17.447043393546643	138.0	22	1.05	0.95				
	207	2	61.97859280701755	12.395718561403509	0.0	0.0	2	0.9890029331625773	-24.251913295949723	138.0	22	1.05	0.95				
	208	1	84.78671496000001	17.354005985964914	0.0	0.0	2	0.9937007401315427	-21.954473875239227	138.0	22	1.05	0.95				
	209	1	86.77002992982456	17.849834728421055	0.0	0.0	2	1.023243274305066	-14.504446349776256	138.0	23	1.05	0.95				
	210	1	96.68660477894737	19.833149698245617	0.0	0.0	2	1.05	-15.935250536972122	138.0	23	1.05	0.95				
	211	1	0.0	0.0	0.0	0.0	2	1.0115499366026588	-11.192535248939924	230.0	23	1.05	0.95				
	212	1	0.0	0.0	0.0	0.0	2	1.0142291608309921	-10.019032869117224	230.0	23	1.05	0.95				
	213	2	131.3946167508772	26.77475209263158	0.0	0.0	2	1.0139481169513507	-9.476655466517618	230.0	24	1.05	0.95				
	214	2	96.19077603649123	19.337320955789476	0.0	0.0	2	1.0140268489446753	-8.6193244329527	230.0	26	1.05	0.95				
	215	2	157.1777113585965	31.733039517192985	0.0	0.0	2	1.030284050943485	-1.9191126316815583	230.0	26	1.05	0.95				
	216	2	49.582874245614036	9.916574849122808	0.0	0.0	2	1.0338857493696767	-1.9983200666709402	230.0	26	1.05	0.95				
	217	1	0.0	0.0	0.0	0.0	2	1.0380412302931241	-0.24399912361450174	230.0	27	1.05	0.95				
	218	2	165.11097123789474	33.71635448701755	0.0	0.0	2	1.0357706878850743	-0.9535542626210314	230.0	27	1.05	0.95				
	219	1	89.74500238456142	18.345663470877195	0.0	0.0	2	1.03777529275565	-1.6319496230915298	230.0	25	1.05	0.95				
	220	1	63.46607903438597	12.891547303859651	0.0	0.0	2	1.044859986851598	-0.37635662713625573	230.0	25	1.05	0.95				
	221	2	0.0	0.0	0.0	0.0	2	1.0363761733970445	-0.46752852830461894	230.0	27	1.05	0.95				
	222	2	0.0	0.0	0.0	0.0	2	1.05	6.120165707178235	230.0	27	1.05	0.95				
	223	2	0.0	0.0	0.0	0.0	2	1.05	0.6702024859944303	230.0	25	1.05	0.95				
	224	1	0.0	0.0	0.0	0.0	2	1.0106853352195433	-5.806523668268976	230.0	26	1.05	0.95				
	301	2	72.14236002947369	14.695665931929824	0.0	0.0	3	1.042840081335065	-4.185450702649943	138.0	31	1.05	0.95				
	302	2	64.79452706350878	13.359696301754386	0.0	0.0	3	1.0409539201898004	-4.576887814497201	138.0	32	1.05	0.95				
	303	1	120.23726671578949	24.715438158245615	0.0	0.0	3	1.05	14.187302541879584	138.0	31	1.05	0.95				
	304	1	49.43087631649123	10.01977222631579	0.0	0.0	3	1.0103314215805685	-1.9895499499755689	138.0	31	1.05	0.95				
	305	1	47.426921871228075	9.351787411228072	0.0	0.0	3	1.0313515143980132	-5.07496340151595	138.0	31	1.05	0.95				
	306	1	90.84593485192983	18.703574822456144	0.0	-100.0	3	1.030680709106653	-6.325807529934507	138.0	32	1.05	0.95				
	307	2	83.49810188596491	16.699620377192982	0.0	0.0	3	0.95	-4.941761488700916	138.0	32	1.05	0.95				
	308	1	114.22540338	23.379468528070174	0.0	0.0	3	0.9612021116480141	-5.3007784033708925	138.0	32	1.05	0.95				
	309	1	116.89734264035087	24.047453343157894	0.0	0.0	3	1.0101821872967336	2.9808863227201043	138.0	33	1.05	0.95				
	310	1	130.25703894210528	26.719392603508773	0.0	0.0	3	1.0362013463891189	-3.847571776586816	138.0	33	1.05	0.95				
	311	1	0.0	0.0	0.0	0.0	3	0.997006975115686	1.9370170525482777	230.0	33	1.05	0.95				
	312	1	0.0	0.0	0.0	0.0	3	0.9992317409429181	2.5791639839749116	230.0	33	1.05	0.95				
	313	2	177.0159759982456	36.071180014736846	0.0	0.0	3	0.9950280250584366	4.319486381007775	230.0	34	1.05	0.95				
	314	2	129.58905412701756	26.051407788421056	0.0	0.0	3	0.9986979533530016	2.340596959521957	230.0	36	1.05	0.95				
	315	2	211.75118638280702	42.75102816561404	0.0	0.0	3	1.05	7.265585075274086	230.0	36	1.05	0.95				
	316	2	66.79848150877193	13.359696301754386	0.0	0.0	3	1.0475566588372573	6.903120217319945	230.0	36	1.05	0.95				
	317	1	0.0	0.0	0.0	0.0	3	1.05	12.303929011594356	230.0	37	1.05	0.95				
	318	2	222.43894342421052	45.42296742596491	0.0	0.0	3	1.0402625219733033	9.456408971176971	230.0	37	1.05	0.95				
	319	1	120.90525153087721	24.715438158245615	0.0	0.0	3	1.0278728527821672	5.561705890640504	230.0	35	1.05	0.95				
	320	1	85.50205633122808	17.367605192280703	0.0	0.0	3	1.016673229947901	5.663180870056914	230.0	35	1.05	0.95				
	321	2	0.0	0.0	0.0	0.0	3	1.04347974160158	9.381089844949166	230.0	37	1.05	0.95				
	322	2	0.0	0.0	0.0	0.0	3	1.0499999565121005	14.868572605056311	230.0	37	1.05	0.95				
	323	2	0.0	0.0	0.0	0.0	3	1.0122668848589567	6.244092594965313	230.0	35	1.05	0.95				
	324	1	0.0	0.0	0.0	0.0	3	1.0473558227007733	9.91423136331429	230.0	36	1.05	0.95				
	325	1	0.0	0.0	0.0	0.0	3	1.012101449904408	7.231537708499561	230.0	35	1.05	0.95				
];
