%% MATPOWER Case Format : Version 2
function mpc = RTS_GMLC
mpc.version = '2';

%%-----  Power Flow Data  -----%%
%% system MVA base
mpc.baseMVA = 100.0;
%% bus data
%    bus_i    type    Pd    Qd    Gs    Bs    area    Vm    Va    baseKV    zone    Vmax    Vmin
mpc.bus = [
	101	2	45.34289954526316	9.236516574035088	0.0	0.0	1	1.0332586580810315	2.655909705876725	138.0	11	1.05	0.95				
	102	2	40.72464125824561	8.396833249122809	0.0	0.0	1	1.0325813597900044	2.4452336853337377	138.0	12	1.05	0.95				
	103	1	75.57149924210526	15.534141510877191	0.0	0.0	1	1.0300580603260134	1.1226477354721043	138.0	11	1.05	0.95				
	104	1	31.068283021754382	6.297624936842105	0.0	0.0	1	1.0213375114811696	-0.74354456628388	138.0	11	1.05	0.95				
	105	1	29.808758034385963	5.8777832743859655	0.0	0.0	1	1.035783993991777	-0.5518811383639213	138.0	11	1.05	0.95				
	106	1	57.098466094035096	11.755566548771931	0.0	-100.0	1	1.045475414234697	-2.8003270413791213	138.0	12	1.05	0.95				
	107	2	52.48020780701754	10.496041561403509	0.0	0.0	1	1.0001062401083778	-8.544321581616629	138.0	12	1.05	0.95				
	108	1	71.79292428000001	14.694458185964912	0.0	0.0	1	1.0043332443839676	-7.102636069763192	138.0	12	1.05	0.95				
	109	1	73.47229092982455	15.114299848421053	0.0	0.0	1	1.0249109008471031	-1.6497271148964023	138.0	13	1.05	0.95				
	110	1	81.86912417894737	16.793666498245617	0.0	0.0	1	1.05	-2.4798910298672294	138.0	13	1.05	0.95				
	111	1	0.0	0.0	0.0	0.0	1	1.0042489130465342	0.1115911843943246	230.0	13	1.05	0.95				
	112	1	0.0	0.0	0.0	0.0	1	1.0090219472419122	0.29739725055800925	230.0	13	1.05	0.95				
	113	3	111.25804055087718	22.67144977263158	0.0	0.0	1	0.9959644509037593	1.5569671309325459e-27	230.0	14	1.05	0.95				
	114	2	81.44928251649122	16.373824835789474	0.0	0.0	1	1.002297365883192	2.5078152022927442	230.0	16	1.05	0.95				
	115	2	133.0898069985965	26.869866397192983	0.0	0.0	1	1.0405022879939467	8.800530479264767	230.0	16	1.05	0.95				
	116	2	41.984166245614034	8.396833249122809	0.0	0.0	1	1.036609568601565	8.27827243654899	230.0	16	1.05	0.95				
	117	1	0.0	0.0	0.0	0.0	1	1.042501199232597	10.889907075109582	230.0	17	1.05	0.95				
	118	2	139.80727359789472	28.549233047017548	0.0	0.0	1	1.0466792475734488	10.659567873546594	230.0	17	1.05	0.95				
	119	1	75.99134090456141	15.534141510877191	0.0	0.0	1	1.029434815117651	6.847420879705272	230.0	15	1.05	0.95				
	120	1	53.739732794385965	10.91588322385965	0.0	0.0	1	1.0262816818654823	6.408525582776962	230.0	15	1.05	0.95				
	121	2	0.0	0.0	0.0	0.0	1	1.05	11.418618025638276	230.0	17	1.05	0.95				
	122	2	0.0	0.0	0.0	0.0	1	1.05	23.213359396807	230.0	17	1.05	0.95				
	123	2	0.0	0.0	0.0	0.0	1	1.0250133594986994	6.490981236561717	230.0	15	1.05	0.95				
	124	1	0.0	0.0	0.0	0.0	1	1.02669784742545	5.929504982317199	230.0	16	1.05	0.95				
	201	2	46.7155674568421	9.516134111578948	0.0	0.0	2	1.0243346445394985	-8.665931731512362	138.0	21	1.05	0.95				
	202	2	41.95750040105263	8.651031010526317	0.0	0.0	2	1.0252830450286576	-8.484569315893065	138.0	22	1.05	0.95				
	203	1	77.85927909473685	16.004407369473682	0.0	0.0	2	1.0182220739479315	-7.63320061657613	138.0	21	1.05	0.95				
	204	1	32.008814738947365	6.488273257894736	0.0	0.0	2	1.0173077387360896	-10.257671350397775	138.0	21	1.05	0.95				
	205	1	30.711160087368416	6.055721707368422	0.0	0.0	2	1.031826749959918	-10.552343651164914	138.0	21	1.05	0.95				
	206	1	58.827010871578956	12.111443414736843	0.0	-100.0	2	1.0440660619576485	-11.99456005817642	138.0	22	1.05	0.95				
	207	2	54.068943815789474	10.813788763157895	0.0	0.0	2	0.9896647816685579	-18.25138310092951	138.0	22	1.05	0.95				
	208	1	73.96631513999999	15.13930426842105	0.0	0.0	2	0.9967769337791043	-16.302105163058847	138.0	22	1.05	0.95				
	209	1	75.69652134210526	15.571855818947366	0.0	0.0	2	1.0230500590230152	-9.928706305464535	138.0	23	1.05	0.95				
	210	1	84.34755235263157	17.302062021052635	0.0	0.0	2	1.05	-11.073501222074894	138.0	23	1.05	0.95				
	211	1	0.0	0.0	0.0	0.0	2	1.0059556080509338	-7.241186705640394	230.0	23	1.05	0.95				
	212	1	0.0	0.0	0.0	0.0	2	1.0101717421563607	-6.8818118359818	230.0	23	1.05	0.95				
	213	2	114.62616088947368	23.35778372842105	0.0	0.0	2	1.0000805834793078	-6.495387207905242	230.0	24	1.05	0.95				
	214	2	83.91500080210525	16.869510470526315	0.0	0.0	2	1.0076752411922056	-4.5279470344180375	230.0	26	1.05	0.95				
	215	2	137.1188415168421	27.68329923368421	0.0	0.0	2	1.02819919785456	2.216069706922417	230.0	26	1.05	0.95				
	216	2	43.25515505263158	8.651031010526317	0.0	0.0	2	1.0300704821808115	1.8842764061174129	230.0	26	1.05	0.95				
	217	1	0.0	0.0	0.0	0.0	2	1.0349612384738935	4.824646541747512	230.0	27	1.05	0.95				
	218	2	144.03966632526314	29.413505435789478	0.0	0.0	2	1.0364844837388751	5.221507614019723	230.0	27	1.05	0.95				
	219	1	78.29183064526316	16.004407369473682	0.0	0.0	2	1.0303282643876717	0.6985379107234267	230.0	25	1.05	0.95				
	220	1	55.36659846736842	11.246340313684211	0.0	0.0	2	1.0336398306799415	0.508168403813076	230.0	25	1.05	0.95				
	221	2	0.0	0.0	0.0	0.0	2	1.0364694754107586	4.982707081781899	230.0	27	1.05	0.95				
	222	2	0.0	0.0	0.0	0.0	2	1.05	11.419172995615385	230.0	27	1.05	0.95				
	223	2	0.0	0.0	0.0	0.0	2	1.0359871879843892	0.7306650668474161	230.0	25	1.05	0.95				
	224	1	0.0	0.0	0.0	0.0	2	1.01229950020848	-1.4738049158022926	230.0	26	1.05	0.95				
	301	2	56.57956344	11.525466626666667	0.0	0.0	3	1.0068533770051684	-29.478822393177204	138.0	31	1.05	0.95				
	302	2	50.816830126666666	10.477696933333334	0.0	0.0	3	1.0062038208431445	-29.639666962223878	138.0	32	1.05	0.95				
	303	1	94.2992724	19.383739326666667	0.0	0.0	3	1.028927016761543	-21.940017971858783	138.0	31	1.05	0.95				
	304	1	38.767478653333335	7.8582727000000006	0.0	0.0	3	1.0083278243069633	-27.924644018262363	138.0	31	1.05	0.95				
	305	1	37.19582411333333	7.334387853333333	0.0	0.0	3	1.0214377046581327	-28.926280621189477	138.0	31	1.05	0.95				
	306	1	71.24833914666667	14.668775706666667	0.0	-100.0	3	1.0371904140935944	-29.21562978941161	138.0	32	1.05	0.95				
	307	2	65.48560583333334	13.097121166666668	0.0	0.0	3	0.9908154353668026	-35.10695283542952	138.0	32	1.05	0.95				
	308	1	89.58430878	18.33596963333333	0.0	0.0	3	0.9944191016571565	-32.66427434499263	138.0	32	1.05	0.95				
	309	1	91.67984816666667	18.85985448	0.0	0.0	3	1.0276225843325426	-24.38836473510244	138.0	33	1.05	0.95				
	310	1	102.1575451	20.955393866666668	0.0	0.0	3	1.05	-26.69017530092882	138.0	33	1.05	0.95				
	311	1	0.0	0.0	0.0	0.0	3	1.0152314789624446	-19.992965273056665	230.0	33	1.05	0.95				
	312	1	0.0	0.0	0.0	0.0	3	1.0170416244625071	-19.25009284248191	230.0	33	1.05	0.95				
	313	2	138.82948436666666	28.28978172	0.0	0.0	3	1.0213687572128403	-16.2260526190396	230.0	34	1.05	0.95				
	314	2	101.63366025333333	20.431509020000004	0.0	0.0	3	1.0224508398218424	-17.741446055076356	230.0	36	1.05	0.95				
	315	2	166.07149639333335	33.52863018666667	0.0	0.0	3	1.0443205311395716	-12.364106084816012	230.0	36	1.05	0.95				
	316	2	52.38848466666667	10.477696933333334	0.0	0.0	3	1.0455883065990486	-11.448276923207036	230.0	36	1.05	0.95				
	317	1	0.0	0.0	0.0	0.0	3	1.0489735979642718	-8.911601224562162	230.0	37	1.05	0.95				
	318	2	174.45365394	35.62416957333333	0.0	0.0	3	1.046420211827695	-9.369252296823195	230.0	37	1.05	0.95				
	319	1	94.82315724666667	19.383739326666667	0.0	0.0	3	1.0443742789071384	-12.090912015053892	230.0	35	1.05	0.95				
	320	1	67.05726037333334	13.621006013333334	0.0	0.0	3	1.0471963608523682	-11.665250948379915	230.0	35	1.05	0.95				
	321	2	0.0	0.0	0.0	0.0	3	1.0467743838167523	-9.827856510504636	230.0	37	1.05	0.95				
	322	2	0.0	0.0	0.0	0.0	3	1.05	-5.127052764966383	230.0	37	1.05	0.95				
	323	2	0.0	0.0	0.0	0.0	3	1.0497805296572424	-11.048109034941097	230.0	35	1.05	0.95				
	324	1	0.0	0.0	0.0	0.0	3	1.0265271454133178	-15.931968831057247	230.0	36	1.05	0.95				
	325	1	0.0	0.0	0.0	0.0	3	1.0407011639225612	-9.236391595391462	230.0	35	1.05	0.95				
];
