%% MATPOWER Case Format : Version 2
function mpc = RTS_GMLC
mpc.version = '2';

%%-----  Power Flow Data  -----%%
%% system MVA base
mpc.baseMVA = 100.0;
%% bus data
%    bus_i    type    Pd    Qd    Gs    Bs    area    Vm    Va    baseKV    zone    Vmax    Vmin
mpc.bus = [
	101	2	37.153389410526316	7.568283028070175	0.0	0.0	1	1.0254015732008468	5.070729900516587	138.0	11	1.05	0.95				
	102	2	33.369247896491224	6.880257298245613	0.0	0.0	1	1.024220686103108	4.783544410455915	138.0	12	1.05	0.95				
	103	1	61.922315684210524	12.728476001754386	0.0	0.0	1	1.0328724120568675	4.019433893339592	138.0	11	1.05	0.95				
	104	1	25.45695200350877	5.16019297368421	0.0	0.0	1	1.0189886134482509	1.409123012620753	138.0	11	1.05	0.95				
	105	1	24.424913408771925	4.81618010877193	0.0	0.0	1	1.032499651142617	1.5903299073418977	138.0	11	1.05	0.95				
	106	1	46.78574962807017	9.63236021754386	0.0	-100.0	1	1.0453299166956291	-0.7573968135221412	138.0	12	1.05	0.95				
	107	2	43.001608114035086	8.600321622807016	0.0	0.0	1	0.9847529624018908	-7.3863257833061144	138.0	12	1.05	0.95				
	108	1	58.8261999	12.040450271929823	0.0	0.0	1	0.9974261470293543	-5.462785945588716	138.0	12	1.05	0.95				
	109	1	60.20225135964912	12.384463136842104	0.0	0.0	1	1.025174201588444	0.07332822003472879	138.0	13	1.05	0.95				
	110	1	67.08250865789472	13.760514596491227	0.0	0.0	1	1.05	-0.8225606201649944	138.0	13	1.05	0.95				
	111	1	0.0	0.0	0.0	0.0	1	1.0107052913433978	1.4561927701330437	230.0	13	1.05	0.95				
	112	1	0.0	0.0	0.0	0.0	1	1.0093912971631704	0.6752736074338445	230.0	13	1.05	0.95				
	113	3	91.16340920175438	18.576694705263158	0.0	0.0	1	0.9853696567751733	1.5703218353439685e-30	230.0	14	1.05	0.95				
	114	2	66.73849579298245	13.416501731578947	0.0	0.0	1	1.0299665703178889	4.544960350530692	230.0	16	1.05	0.95				
	115	2	109.05207817719298	22.016823354385963	0.0	0.0	1	1.045145882299821	12.351982443839262	230.0	16	1.05	0.95				
	116	2	34.40128649122806	6.880257298245613	0.0	0.0	1	1.0434506137110267	11.00182954558919	230.0	16	1.05	0.95				
	117	1	0.0	0.0	0.0	0.0	1	1.042697830162337	16.039937237251028	230.0	17	1.05	0.95				
	118	2	114.55628401578946	23.392874814035086	0.0	0.0	1	1.05	16.231820050788937	230.0	17	1.05	0.95				
	119	1	62.266328549122804	12.728476001754386	0.0	0.0	1	1.0379590262965002	7.713226259433845	230.0	15	1.05	0.95				
	120	1	44.033646708771926	8.944334487719297	0.0	0.0	1	1.0374528444188058	5.500186348571271	230.0	15	1.05	0.95				
	121	2	0.0	0.0	0.0	0.0	1	1.0418612662017337	17.305076650907395	230.0	17	1.05	0.95				
	122	2	0.0	0.0	0.0	0.0	1	1.05	35.27790927800388	230.0	17	1.05	0.95				
	123	2	0.0	0.0	0.0	0.0	1	1.0376115019018963	4.542823666578753	230.0	15	1.05	0.95				
	124	1	0.0	0.0	0.0	0.0	1	1.0299161203224867	9.2402961958429	230.0	16	1.05	0.95				
	201	2	43.26459938526316	8.813159134035088	0.0	0.0	2	1.0157607866928382	-12.259036687897346	138.0	21	1.05	0.95				
	202	2	38.85801981824561	8.011962849122806	0.0	0.0	2	1.0155380865684833	-12.405302023454219	138.0	22	1.05	0.95				
	203	1	72.10766564210527	14.822131270877193	0.0	0.0	2	1.0113704990050367	-8.997202194991266	138.0	21	1.05	0.95				
	204	1	29.644262541754387	6.008972136842105	0.0	0.0	2	1.012905818318588	-12.709855428227659	138.0	21	1.05	0.95				
	205	1	28.44246811438596	5.608373994385965	0.0	0.0	2	1.0280853879464844	-13.114297007281712	138.0	21	1.05	0.95				
	206	1	54.481347374035096	11.21674798877193	0.0	-100.0	2	1.043016642997673	-14.05416466651064	138.0	22	1.05	0.95				
	207	2	50.07476780701754	10.014953561403509	0.0	0.0	2	0.9941332024311305	-19.149594190206354	138.0	22	1.05	0.95				
	208	1	68.50228236	14.020934985964912	0.0	0.0	2	1.0004021661692732	-17.35528277390194	138.0	22	1.05	0.95				
	209	1	70.10467492982457	14.421533128421052	0.0	0.0	2	1.0218814494951396	-11.293263265134144	138.0	23	1.05	0.95				
	210	1	78.11663777894736	16.023925698245613	0.0	0.0	2	1.05	-12.68270015550246	138.0	23	1.05	0.95				
	211	1	0.0	0.0	0.0	0.0	2	1.0061509424437223	-8.542245809790593	230.0	23	1.05	0.95				
	212	1	0.0	0.0	0.0	0.0	2	1.0081708459608734	-7.788058439705971	230.0	23	1.05	0.95				
	213	2	106.15850775087719	21.63229969263158	0.0	0.0	2	1.0013299379623766	-7.257100195166815	230.0	24	1.05	0.95				
	214	2	77.71603963649122	15.623327555789473	0.0	0.0	2	1.0082133447461488	-6.117579863828763	230.0	26	1.05	0.95				
	215	2	126.98961115859649	25.638281117192985	0.0	0.0	2	1.0217767372436282	-0.0849188813861961	230.0	26	1.05	0.95				
	216	2	40.059814245614035	8.011962849122806	0.0	0.0	2	1.025200481627985	-0.2562174031578954	230.0	26	1.05	0.95				
	217	1	0.0	0.0	0.0	0.0	2	1.0317768957144573	1.466841359123694	230.0	27	1.05	0.95				
	218	2	133.39918143789473	27.240673687017548	0.0	0.0	2	1.0301495074119116	0.9513199845174881	230.0	27	1.05	0.95				
	219	1	72.5082637845614	14.822131270877193	0.0	0.0	2	1.0257376747391274	-0.4040266962799806	230.0	25	1.05	0.95				
	220	1	51.27656223438597	10.415551703859649	0.0	0.0	2	1.0287388367960681	0.2507682386951552	230.0	25	1.05	0.95				
	221	2	0.0	0.0	0.0	0.0	2	1.0305723163761709	1.4096762316872773	230.0	27	1.05	0.95				
	222	2	0.0	0.0	0.0	0.0	2	1.05	7.925749212100585	230.0	27	1.05	0.95				
	223	2	0.0	0.0	0.0	0.0	2	1.030971859172612	0.9158655913145366	230.0	25	1.05	0.95				
	224	1	0.0	0.0	0.0	0.0	2	1.006857656576188	-3.420336672494926	230.0	26	1.05	0.95				
	301	2	54.2049984	11.041758933333332	0.0	0.0	3	1.0092615589128564	-21.240263267737262	138.0	31	1.05	0.95				
	302	2	48.68411893333333	10.037962666666667	0.0	0.0	3	1.0087091275722446	-21.364408964261166	138.0	32	1.05	0.95				
	303	1	90.341664	18.570230933333335	0.0	0.0	3	1.0230131178506114	-14.903430705068523	138.0	31	1.05	0.95				
	304	1	37.14046186666667	7.528472	0.0	0.0	3	1.009331629461344	-19.63190913743168	138.0	31	1.05	0.95				
	305	1	35.634767466666666	7.026573866666667	0.0	0.0	3	1.0229116524614983	-20.498654556733396	138.0	31	1.05	0.95				
	306	1	68.25814613333334	14.053147733333335	0.0	-100.0	3	1.03843234785078	-20.660783179885875	138.0	32	1.05	0.95				
	307	2	62.73726666666667	12.547453333333333	0.0	0.0	3	0.9941449767914614	-26.307621956659528	138.0	32	1.05	0.95				
	308	1	85.82458079999999	17.566434666666666	0.0	0.0	3	0.9971117046984568	-23.975060320957766	138.0	32	1.05	0.95				
	309	1	87.83217333333333	18.0683328	0.0	0.0	3	1.0265303944396633	-16.165234070272124	138.0	33	1.05	0.95				
	310	1	97.870136	20.075925333333334	0.0	0.0	3	1.05	-18.144623482514042	138.0	33	1.05	0.95				
	311	1	0.0	0.0	0.0	0.0	3	1.0138223938134008	-11.441583209759086	230.0	33	1.05	0.95				
	312	1	0.0	0.0	0.0	0.0	3	1.0126794050471757	-10.879548125767927	230.0	33	1.05	0.95				
	313	2	133.00300533333333	27.1024992	0.0	0.0	3	1.0170353522559357	-7.747146501886336	230.0	34	1.05	0.95				
	314	2	97.36823786666666	19.5740272	0.0	0.0	3	1.0233157363507024	-8.95039595307288	230.0	36	1.05	0.95				
	315	2	159.10170826666666	32.12148053333333	0.0	0.0	3	1.0437284986743995	-3.242714769242631	230.0	36	1.05	0.95				
	316	2	50.18981333333333	10.037962666666667	0.0	0.0	3	1.043449120052493	-2.4228261242479294	230.0	36	1.05	0.95				
	317	1	0.0	0.0	0.0	0.0	3	1.05	2.0727938843450455	230.0	37	1.05	0.95				
	318	2	167.13207839999998	34.12907306666667	0.0	0.0	3	1.0449087958991599	0.3061583906152416	230.0	37	1.05	0.95				
	319	1	90.84356213333334	18.570230933333335	0.0	0.0	3	1.0374825321725847	-3.3536669049497387	230.0	35	1.05	0.95				
	320	1	64.24296106666667	13.049351466666668	0.0	0.0	3	1.0360377816103394	-3.210625575049597	230.0	35	1.05	0.95				
	321	2	0.0	0.0	0.0	0.0	3	1.04612327076326	-0.2781147609095714	230.0	37	1.05	0.95				
	322	2	0.0	0.0	0.0	0.0	3	1.05	4.987616252525826	230.0	37	1.05	0.95				
	323	2	0.0	0.0	0.0	0.0	3	1.0361382502949252	-2.753428010808586	230.0	35	1.05	0.95				
	324	1	0.0	0.0	0.0	0.0	3	1.0213557792750705	-7.56998837165082	230.0	36	1.05	0.95				
	325	1	0.0	0.0	0.0	0.0	3	1.0292109658647273	-1.1150544518070051	230.0	35	1.05	0.95				
];
