%% MATPOWER Case Format : Version 2
function mpc = RTS_GMLC
mpc.version = '2';

%%-----  Power Flow Data  -----%%
%% system MVA base
mpc.baseMVA = 100.0;
%% bus data
%    bus_i    type    Pd    Qd    Gs    Bs    area    Vm    Va    baseKV    zone    Vmax    Vmin
mpc.bus = [
	101	2	38.02177140631579	7.745175656842104	0.0	0.0	1	1.0331425680655888	4.213402912278937	138.0	11	1.05	0.95				
	102	2	34.14918357789473	7.041068778947368	0.0	0.0	1	1.032189152466075	3.929557297369391	138.0	12	1.05	0.95				
	103	1	63.369619010526314	13.02597724105263	0.0	0.0	1	1.032912660344261	3.250206264721938	138.0	11	1.05	0.95				
	104	1	26.05195448210526	5.280801584210526	0.0	0.0	1	1.022060363032461	0.6951336251470963	138.0	11	1.05	0.95				
	105	1	24.995794165263156	4.928748145263158	0.0	0.0	1	1.0364645097038305	0.8683640363063253	138.0	11	1.05	0.95				
	106	1	47.879267696842106	9.857496290526315	0.0	-100.0	1	1.0471552845458993	-1.4200516301813229	138.0	12	1.05	0.95				
	107	2	44.00667986842105	8.80133597368421	0.0	0.0	1	0.9999381969445624	-7.968255481313088	138.0	12	1.05	0.95				
	108	1	60.20113805999999	12.321870363157892	0.0	0.0	1	1.005833962397339	-6.082539612777248	138.0	12	1.05	0.95				
	109	1	61.60935181578947	12.67392380210526	0.0	0.0	1	1.0243137829787916	-0.5198687476735565	138.0	13	1.05	0.95				
	110	1	68.65042059473684	14.082137557894736	0.0	0.0	1	1.05	-1.411643842483253	138.0	13	1.05	0.95				
	111	1	0.0	0.0	0.0	0.0	1	1.0025913192315876	1.0019045705217553	230.0	13	1.05	0.95				
	112	1	0.0	0.0	0.0	0.0	1	1.0067345717209792	0.1657776437955408	230.0	13	1.05	0.95				
	113	3	93.29416132105263	19.010885703157896	0.0	0.0	1	0.9903404078423841	-1.023210763605994e-32	230.0	14	1.05	0.95				
	114	2	68.29836715578946	13.730084118947369	0.0	0.0	1	1.0027770335957107	3.9637049646890374	230.0	16	1.05	0.95				
	115	2	111.60094014631579	22.531420092631578	0.0	0.0	1	1.041976333795872	11.52478513648188	230.0	16	1.05	0.95				
	116	2	35.20534389473684	7.041068778947368	0.0	0.0	1	1.034714726769592	10.110575366771958	230.0	16	1.05	0.95				
	117	1	0.0	0.0	0.0	0.0	1	1.0405101706166255	14.965823552298533	230.0	17	1.05	0.95				
	118	2	117.23379516947368	23.939633848421053	0.0	0.0	1	1.0491507883954	15.325909115847164	230.0	17	1.05	0.95				
	119	1	63.72167244947369	13.02597724105263	0.0	0.0	1	1.0225244631407246	6.6848740502431045	230.0	15	1.05	0.95				
	120	1	45.062840185263155	9.153389412631578	0.0	0.0	1	1.016574390309746	4.353420343057053	230.0	15	1.05	0.95				
	121	2	0.0	0.0	0.0	0.0	1	1.05	16.516592743092776	230.0	17	1.05	0.95				
	122	2	0.0	0.0	0.0	0.0	1	1.05	31.906953837344556	230.0	17	1.05	0.95				
	123	2	0.0	0.0	0.0	0.0	1	1.0138790912093578	3.3394959830335105	230.0	15	1.05	0.95				
	124	1	0.0	0.0	0.0	0.0	1	1.0280456252527135	8.424313176657268	230.0	16	1.05	0.95				
	201	2	39.86463088421053	8.120572957894737	0.0	0.0	2	1.0145106166902	-12.90457821399269	138.0	21	1.05	0.95				
	202	2	35.80434440526316	7.38233905263158	0.0	0.0	2	1.0136314811045657	-13.188106018027366	138.0	22	1.05	0.95				
	203	1	66.44105147368421	13.65732724736842	0.0	0.0	2	1.0147692796845316	-9.04915424411503	138.0	21	1.05	0.95				
	204	1	27.31465449473684	5.536754289473684	0.0	0.0	2	1.012811443270817	-12.904418973285214	138.0	21	1.05	0.95				
	205	1	26.207303636842106	5.167637336842105	0.0	0.0	2	1.0278813652675192	-13.32331750264814	138.0	21	1.05	0.95				
	206	1	50.199905557894745	10.33527467368421	0.0	-100.0	2	1.0435328665071193	-14.038374014046008	138.0	22	1.05	0.95				
	207	2	46.13961907894737	9.227923815789474	0.0	0.0	2	0.9969113178461799	-18.398363691764366	138.0	22	1.05	0.95				
	208	1	63.1189989	12.919093342105262	0.0	0.0	2	1.0033608997133299	-16.76554981672136	138.0	22	1.05	0.95				
	209	1	64.59546671052632	13.28821029473684	0.0	0.0	2	1.0223373005628253	-11.137125441590802	138.0	23	1.05	0.95				
	210	1	71.9778057631579	14.76467810526316	0.0	0.0	2	1.05	-12.55267621586484	138.0	23	1.05	0.95				
	211	1	0.0	0.0	0.0	0.0	2	1.0039100527773352	-8.399725391377245	230.0	23	1.05	0.95				
	212	1	0.0	0.0	0.0	0.0	2	1.0061034973079068	-7.701889616548319	230.0	23	1.05	0.95				
	213	2	97.81599244736842	19.932315442105264	0.0	0.0	2	0.9986227185482845	-7.109045510533178	230.0	24	1.05	0.95				
	214	2	71.60868881052632	14.395561152631581	0.0	0.0	2	1.00393882649662	-5.952759553096711	230.0	26	1.05	0.95				
	215	2	117.01007398421052	23.623484968421053	0.0	0.0	2	1.017884303726041	-0.043546550166847386	230.0	26	1.05	0.95				
	216	2	36.911695263157895	7.38233905263158	0.0	0.0	2	1.0192404130723693	-0.23923752467248066	230.0	26	1.05	0.95				
	217	1	0.0	0.0	0.0	0.0	2	1.0237779612984323	1.3198844937467473	230.0	27	1.05	0.95				
	218	2	122.9159452263158	25.099952778947372	0.0	0.0	2	1.0231769166742788	0.9064555784744824	230.0	27	1.05	0.95				
	219	1	66.8101684263158	13.65732724736842	0.0	0.0	2	1.019656384929731	-0.38334734689049293	230.0	25	1.05	0.95				
	220	1	47.246969936842106	9.597040768421053	0.0	0.0	2	1.0222144097574637	0.22301592492414024	230.0	25	1.05	0.95				
	221	2	0.0	0.0	0.0	0.0	2	1.0250177998081698	1.3944114948897883	230.0	27	1.05	0.95				
	222	2	0.0	0.0	0.0	0.0	2	1.046966104855117	7.893519885466469	230.0	27	1.05	0.95				
	223	2	0.0	0.0	0.0	0.0	2	1.0240564767996732	0.8423015926371726	230.0	25	1.05	0.95				
	224	1	0.0	0.0	0.0	0.0	2	1.00563645812856	-3.4400701116918677	230.0	26	1.05	0.95				
	301	2	41.99050932631579	8.553622270175438	0.0	0.0	3	1.0116279855932104	-7.2841240078319345	138.0	31	1.05	0.95				
	302	2	37.71369819122807	7.776020245614035	0.0	0.0	3	1.0114611712082566	-7.501588088297244	138.0	32	1.05	0.95				
	303	1	69.98418221052631	14.385637454385963	0.0	0.0	3	1.0380077954550908	1.2814201941043004	138.0	31	1.05	0.95				
	304	1	28.771274908771925	5.832015184210526	0.0	0.0	3	1.01282069789648	-6.461134381484542	138.0	31	1.05	0.95				
	305	1	27.60487187192982	5.443214171929825	0.0	0.0	3	1.0261167988774746	-7.611857234508513	138.0	31	1.05	0.95				
	306	1	52.87693767017544	10.88642834385965	0.0	-100.0	3	1.0424450851577727	-8.277560391278625	138.0	32	1.05	0.95				
	307	2	48.60012653508772	9.720025307017544	0.0	0.0	3	0.9909195721580398	-12.214925378718375	138.0	32	1.05	0.95				
	308	1	66.4849731	13.608035429824561	0.0	0.0	3	0.9997084231847648	-10.507494166291828	138.0	32	1.05	0.95				
	309	1	68.0401771491228	13.996836442105263	0.0	0.0	3	1.0253995434077747	-4.008742926802593	138.0	33	1.05	0.95				
	310	1	75.81619739473683	15.55204049122807	0.0	0.0	3	1.05	-6.685351568620787	138.0	33	1.05	0.95				
	311	1	0.0	0.0	0.0	0.0	3	1.0043537920577628	-2.4597207127577763	230.0	33	1.05	0.95				
	312	1	0.0	0.0	0.0	0.0	3	1.0112410316837168	-1.6036976747764544	230.0	33	1.05	0.95				
	313	2	103.03226825438597	20.995254663157894	0.0	0.0	3	1.0083296716252759	0.8431044371150163	230.0	34	1.05	0.95				
	314	2	75.42739638245614	15.163239478947368	0.0	0.0	3	0.9944986074732299	-2.332156744145851	230.0	36	1.05	0.95				
	315	2	123.24992089298246	24.88326478596491	0.0	0.0	3	1.0219134810650676	-0.0529674986331877	230.0	36	1.05	0.95				
	316	2	38.880101228070174	7.776020245614035	0.0	0.0	3	1.0190456540094164	0.17375776739881532	230.0	36	1.05	0.95				
	317	1	0.0	0.0	0.0	0.0	3	1.0258865717531414	1.4428832715214839	230.0	37	1.05	0.95				
	318	2	129.4707370894737	26.43846883508772	0.0	0.0	3	1.0243694144617568	0.7718053556490503	230.0	37	1.05	0.95				
	319	1	70.37298322280702	14.385637454385963	0.0	0.0	3	1.0170643842932725	0.44379188173393896	230.0	35	1.05	0.95				
	320	1	49.76652957192982	10.108826319298245	0.0	0.0	3	1.0178600322299847	1.4527037338655004	230.0	35	1.05	0.95				
	321	2	0.0	0.0	0.0	0.0	3	1.0256039130498442	1.0559431961000996	230.0	37	1.05	0.95				
	322	2	0.0	0.0	0.0	0.0	3	1.039163525946405	5.605468334636225	230.0	37	1.05	0.95				
	323	2	0.0	0.0	0.0	0.0	3	1.0189914418062973	2.3121107763566178	230.0	35	1.05	0.95				
	324	1	0.0	0.0	0.0	0.0	3	1.0245564984565592	0.4495105990714232	230.0	36	1.05	0.95				
	325	1	0.0	0.0	0.0	0.0	3	1.017535364764265	3.5283622548133287	230.0	35	1.05	0.95				
];
