%% MATPOWER Case Format : Version 2
function mpc = RTS_GMLC
mpc.version = '2';

%%-----  Power Flow Data  -----%%
%% system MVA base
mpc.baseMVA = 100.0;
%% bus data
%    bus_i    type    Pd    Qd    Gs    Bs    area    Vm    Va    baseKV    zone    Vmax    Vmin
mpc.bus = [
	101	2	48.99010392	9.979465613333334	0.0	0.0	1	1.0350286178215649	1.9500860536880693	138.0	11	1.05	0.95				
	102	2	44.00037111333334	9.072241466666668	0.0	0.0	1	1.0346213582320605	1.8107329706671274	138.0	12	1.05	0.95				
	103	1	81.65017320000001	16.783646713333333	0.0	0.0	1	1.028109557618527	-0.17078497312541283	138.0	11	1.05	0.95				
	104	1	33.567293426666666	6.804181100000001	0.0	0.0	1	1.0216253028761448	-1.474813038005061	138.0	11	1.05	0.95				
	105	1	32.20645720666667	6.350569026666668	0.0	0.0	1	1.0362601192157699	-1.2539141143114716	138.0	11	1.05	0.95				
	106	1	61.69124197333334	12.701138053333336	0.0	-100.0	1	1.0450130496700616	-3.511126486504978	138.0	12	1.05	0.95				
	107	2	56.701509166666675	11.340301833333335	0.0	0.0	1	1.0025159091843008	-8.336968961706473	138.0	12	1.05	0.95				
	108	1	77.56766454000001	15.876422566666667	0.0	0.0	1	1.005148402031433	-7.370241700096853	138.0	12	1.05	0.95				
	109	1	79.38211283333334	16.33003464	0.0	0.0	1	1.025005118592272	-2.3317104996559626	138.0	13	1.05	0.95				
	110	1	88.4543543	18.144482933333336	0.0	0.0	1	1.05	-3.0786354267155347	138.0	13	1.05	0.95				
	111	1	0.0	0.0	0.0	0.0	1	1.0045591334948545	-0.5030765430775128	230.0	13	1.05	0.95				
	112	1	0.0	0.0	0.0	0.0	1	1.0095208935290263	0.09975234906738242	230.0	13	1.05	0.95				
	113	3	120.20719943333333	24.49505196	0.0	0.0	1	0.9979743154357109	-5.2313609141050445e-30	230.0	14	1.05	0.95				
	114	2	88.00074222666667	17.69087086	0.0	0.0	1	1.0011923257498159	1.383295605346675	230.0	16	1.05	0.95				
	115	2	143.79502724666668	29.031172693333335	0.0	0.0	1	1.0381095828519502	6.891195064217745	230.0	16	1.05	0.95				
	116	2	45.36120733333334	9.072241466666668	0.0	0.0	1	1.03421916682161	6.679847777838225	230.0	16	1.05	0.95				
	117	1	0.0	0.0	0.0	0.0	1	1.0416083724710767	8.256150915067636	230.0	17	1.05	0.95				
	118	2	151.05282042000002	30.84562098666667	0.0	0.0	1	1.0438001824114398	8.154832935253395	230.0	17	1.05	0.95				
	119	1	82.10378527333334	16.783646713333333	0.0	0.0	1	1.0288752868594098	6.043372121610859	230.0	15	1.05	0.95				
	120	1	58.06234538666667	11.793913906666669	0.0	0.0	1	1.027402428599826	6.367999600123133	230.0	15	1.05	0.95				
	121	2	0.0	0.0	0.0	0.0	1	1.047931591926625	9.09492581600342	230.0	17	1.05	0.95				
	122	2	0.0	0.0	0.0	0.0	1	1.05	15.394189475223238	230.0	17	1.05	0.95				
	123	2	0.0	0.0	0.0	0.0	1	1.0273323243076828	6.895757089890079	230.0	15	1.05	0.95				
	124	1	0.0	0.0	0.0	0.0	1	1.0251155986714955	4.250996964064921	230.0	16	1.05	0.95				
	201	2	51.06752715789473	10.40264442105263	0.0	0.0	2	1.0313402864225183	-6.616341327023249	138.0	21	1.05	0.95				
	202	2	45.866204947368416	9.45694947368421	0.0	0.0	2	1.0317349642234308	-6.581164282110157	138.0	22	1.05	0.95				
	203	1	85.11254526315788	17.49535652631579	0.0	0.0	2	1.019482578716985	-6.648766528120799	138.0	21	1.05	0.95				
	204	1	34.99071305263158	7.092712105263158	0.0	0.0	2	1.019402646403438	-8.871049212955345	138.0	21	1.05	0.95				
	205	1	33.57217063157894	6.619864631578948	0.0	0.0	2	1.0346711179460963	-8.972301203365461	138.0	21	1.05	0.95				
	206	1	64.30725642105263	13.239729263157896	0.0	-100.0	2	1.0442939612185458	-10.738617014033935	138.0	22	1.05	0.95				
	207	2	59.105934210526314	11.821186842105263	0.0	0.0	2	0.9895050430253045	-17.9039125866445	138.0	22	1.05	0.95				
	208	1	80.856918	16.549661578947365	0.0	0.0	2	0.9950073150396783	-15.733200140521946	138.0	22	1.05	0.95				
	209	1	82.74830789473684	17.022509052631577	0.0	0.0	2	1.0232036673183231	-8.819840178415529	138.0	23	1.05	0.95				
	210	1	92.20525736842104	18.91389894736842	0.0	0.0	2	1.05	-9.861158646225404	138.0	23	1.05	0.95				
	211	1	0.0	0.0	0.0	0.0	2	1.0071300022927951	-5.97777408614859	230.0	23	1.05	0.95				
	212	1	0.0	0.0	0.0	0.0	2	1.0097035390448381	-5.48327536517228	230.0	23	1.05	0.95				
	213	2	125.30458052631576	25.533763578947365	0.0	0.0	2	1.001355219151227	-5.138866368322211	230.0	24	1.05	0.95				
	214	2	91.73240989473683	18.441051473684208	0.0	0.0	2	1.010164606574445	-3.25674750373801	230.0	26	1.05	0.95				
	215	2	149.89264915789474	30.262238315789467	0.0	0.0	2	1.0304011869867709	3.5036678052699597	230.0	26	1.05	0.95				
	216	2	47.28474736842105	9.45694947368421	0.0	0.0	2	1.0316967002148314	3.4296559651334455	230.0	26	1.05	0.95				
	217	1	0.0	0.0	0.0	0.0	2	1.0370666039383454	6.337769649866896	230.0	27	1.05	0.95				
	218	2	157.4582087368421	32.153628210526314	0.0	0.0	2	1.039051934888643	6.921658052867233	230.0	27	1.05	0.95				
	219	1	85.58539273684211	17.49535652631579	0.0	0.0	2	1.0300091381912169	2.393191749234611	230.0	25	1.05	0.95				
	220	1	60.524476631578935	12.294034315789473	0.0	0.0	2	1.0320360494610128	2.406899406602395	230.0	25	1.05	0.95				
	221	2	0.0	0.0	0.0	0.0	2	1.038710059354081	6.536160934654194	230.0	27	1.05	0.95				
	222	2	0.0	0.0	0.0	0.0	2	1.05	12.959032869969347	230.0	27	1.05	0.95				
	223	2	0.0	0.0	0.0	0.0	2	1.033900569721743	2.7723937131174625	230.0	25	1.05	0.95				
	224	1	0.0	0.0	0.0	0.0	2	1.0137621355095305	-0.2967614358174364	230.0	26	1.05	0.95				
	301	2	46.722556155789476	9.517557735438597	0.0	0.0	3	1.008343927994601	-19.218042597963915	138.0	31	1.05	0.95				
	302	2	41.963777288070176	8.65232521403509	0.0	0.0	3	1.008077988355234	-19.351070694156796	138.0	32	1.05	0.95				
	303	1	77.8709269263158	16.006801645964913	0.0	0.0	3	1.0286623702027586	-12.834385401891723	138.0	31	1.05	0.95				
	304	1	32.013603291929826	6.489243910526316	0.0	0.0	3	1.0111655160846054	-17.828868390402974	138.0	31	1.05	0.95				
	305	1	30.71575450982456	6.056627649824562	0.0	0.0	3	1.0236571664008525	-18.914560469375783	138.0	31	1.05	0.95				
	306	1	58.8358114554386	12.113255299649124	0.0	-100.0	3	1.0403631180716968	-19.258786389592103	138.0	32	1.05	0.95				
	307	2	54.0770325877193	10.81540651754386	0.0	0.0	3	0.9937661230603031	-23.759414797096284	138.0	32	1.05	0.95				
	308	1	73.97738058	15.141569124561402	0.0	0.0	3	1.0000245027863963	-21.811740796540185	138.0	32	1.05	0.95				
	309	1	75.70784562280703	15.574185385263158	0.0	0.0	3	1.0273614059630094	-14.817658337327796	138.0	33	1.05	0.95				
	310	1	84.3601708368421	17.30465042807018	0.0	0.0	3	1.05	-17.2176635426594	138.0	33	1.05	0.95				
	311	1	0.0	0.0	0.0	0.0	3	1.0079836241953557	-11.780564976559335	230.0	33	1.05	0.95				
	312	1	0.0	0.0	0.0	0.0	3	1.0118891931460172	-11.195716057163493	230.0	33	1.05	0.95				
	313	2	114.64330908596492	23.361278077894738	0.0	0.0	3	1.0105740522849231	-8.394586305745147	230.0	34	1.05	0.95				
	314	2	83.92755457614035	16.872034167368422	0.0	0.0	3	1.006102219855493	-10.393310307267711	230.0	36	1.05	0.95				
	315	2	137.13935464245614	27.687440684912286	0.0	0.0	3	1.0296848228059134	-6.574492079929936	230.0	36	1.05	0.95				
	316	2	43.26162607017544	8.65232521403509	0.0	0.0	3	1.0291235646271322	-5.841301239049662	230.0	36	1.05	0.95				
	317	1	0.0	0.0	0.0	0.0	3	1.0343640958296143	-4.631200005507503	230.0	37	1.05	0.95				
	318	2	144.06121481368422	29.4179057277193	0.0	0.0	3	1.0335281796285662	-4.702891125459433	230.0	37	1.05	0.95				
	319	1	78.30354318701755	16.006801645964913	0.0	0.0	3	1.0257712744550849	-6.424063149090379	230.0	35	1.05	0.95				
	320	1	55.37488136982457	11.248022778245614	0.0	0.0	3	1.0257948888186728	-6.086587821769731	230.0	35	1.05	0.95				
	321	2	0.0	0.0	0.0	0.0	3	1.0346254601786686	-4.6869734651860595	230.0	37	1.05	0.95				
	322	2	0.0	0.0	0.0	0.0	3	1.047736472407107	-0.33960150619939494	230.0	37	1.05	0.95				
	323	2	0.0	0.0	0.0	0.0	3	1.0264573044425451	-5.567493984712903	230.0	35	1.05	0.95				
	324	1	0.0	0.0	0.0	0.0	3	1.0209057701996476	-8.937977902081117	230.0	36	1.05	0.95				
	325	1	0.0	0.0	0.0	0.0	3	1.0239753070408875	-4.329335697261175	230.0	35	1.05	0.95				
];
