%% MATPOWER Case Format : Version 2
function mpc = RTS_GMLC
mpc.version = '2';

%%-----  Power Flow Data  -----%%
%% system MVA base
mpc.baseMVA = 100.0;
%% bus data
%    bus_i    type    Pd    Qd    Gs    Bs    area    Vm    Va    baseKV    zone    Vmax    Vmin
mpc.bus = [
	101	2	49.37753588210526	10.058386938947367	0.0	0.0	1	1.0467285151400711	4.549405891298937	138.0	11	1.05	0.95				
	102	2	44.348342412631574	9.143988126315788	0.0	0.0	1	1.045650720472674	4.241590132947483	138.0	12	1.05	0.95				
	103	1	82.2958931368421	16.91637803368421	0.0	0.0	1	1.032520661928859	1.2107162095364925	138.0	11	1.05	0.95				
	104	1	33.83275606736842	6.857991094736842	0.0	0.0	1	1.0283178770187438	0.5443686253482619	138.0	11	1.05	0.95				
	105	1	32.461157848421045	6.4007916884210525	0.0	0.0	1	1.041360892571823	0.47302948869117345	138.0	11	1.05	0.95				
	106	1	62.17911925894737	12.801583376842105	0.0	-100.0	1	1.046892127443725	-2.319602871990403	138.0	12	1.05	0.95				
	107	2	57.14992578947368	11.429985157894736	0.0	0.0	1	0.9979136445612813	-8.308064915525964	138.0	12	1.05	0.95				
	108	1	78.18109847999999	16.00197922105263	0.0	0.0	1	1.0020311024722526	-7.0232813444872	138.0	12	1.05	0.95				
	109	1	80.00989610526315	16.459178627368416	0.0	0.0	1	1.0251107797868753	-1.5415150936819932	138.0	13	1.05	0.95				
	110	1	89.15388423157894	18.287976252631577	0.0	0.0	1	1.05	-2.283386383162151	138.0	13	1.05	0.95				
	111	1	0.0	0.0	0.0	0.0	1	1.004165103320988	-0.22366117059689122	230.0	13	1.05	0.95				
	112	1	0.0	0.0	0.0	0.0	1	1.0090588603263035	0.15880973679061114	230.0	13	1.05	0.95				
	113	3	121.15784267368419	24.68876794105263	0.0	0.0	1	0.995576983446658	-3.2143200731071584e-27	230.0	14	1.05	0.95				
	114	2	88.69668482526315	17.83077684631579	0.0	0.0	1	1.000732215103906	1.3908589406690703	230.0	16	1.05	0.95				
	115	2	144.93221180210526	29.260762004210523	0.0	0.0	1	1.0385635764438457	6.371704630076296	230.0	16	1.05	0.95				
	116	2	45.71994063157894	9.143988126315788	0.0	0.0	1	1.0347372118354476	6.3294347025388715	230.0	16	1.05	0.95				
	117	1	0.0	0.0	0.0	0.0	1	1.041669591879053	8.843993431529016	230.0	17	1.05	0.95				
	118	2	152.24740230315788	31.089559629473683	0.0	0.0	1	1.046268256721768	8.549981066218976	230.0	17	1.05	0.95				
	119	1	82.75309254315789	16.91637803368421	0.0	0.0	1	1.027351881341419	5.360693977779071	230.0	15	1.05	0.95				
	120	1	58.521524008421046	11.887184564210525	0.0	0.0	1	1.0237367375365152	5.173251726555929	230.0	15	1.05	0.95				
	121	2	0.0	0.0	0.0	0.0	1	1.05	9.219652398666794	230.0	17	1.05	0.95				
	122	2	0.0	0.0	0.0	0.0	1	1.05	21.23247625887561	230.0	17	1.05	0.95				
	123	2	0.0	0.0	0.0	0.0	1	1.022419860522164	5.424484269049291	230.0	15	1.05	0.95				
	124	1	0.0	0.0	0.0	0.0	1	1.0287990455193199	4.438270846544695	230.0	16	1.05	0.95				
	201	2	46.392570454736855	9.450338425964913	0.0	0.0	2	1.0119617532925573	-8.487656469804953	138.0	21	1.05	0.95				
	202	2	41.66740124175439	8.591216750877194	0.0	0.0	2	1.0114517063704314	-8.646828196768924	138.0	22	1.05	0.95				
	203	1	77.32095075789475	15.89375098912281	0.0	0.0	2	1.0144253568353028	-6.479240967550016	138.0	21	1.05	0.95				
	204	1	31.78750197824562	6.443412563157895	0.0	0.0	2	1.0116956052695731	-8.374500398380558	138.0	21	1.05	0.95				
	205	1	30.498819465614034	6.013851725614037	0.0	0.0	2	1.0256809280706678	-8.666350573190243	138.0	21	1.05	0.95				
	206	1	58.420273905964926	12.027703451228074	0.0	-100.0	2	1.0412799247934923	-9.270388824842886	138.0	22	1.05	0.95				
	207	2	53.69510469298247	10.739020938596493	0.0	0.0	2	0.9924814313929741	-14.61418333172607	138.0	22	1.05	0.95				
	208	1	73.45490322	15.034629314035088	0.0	0.0	2	0.9988254037062559	-12.677329834843807	138.0	22	1.05	0.95				
	209	1	75.17314657017545	15.464190151578949	0.0	0.0	2	1.0243729110976363	-6.375030605730926	138.0	23	1.05	0.95				
	210	1	83.76436332105264	17.18243350175439	0.0	0.0	2	1.05	-7.461988430933888	138.0	23	1.05	0.95				
	211	1	0.0	0.0	0.0	0.0	2	1.005031012027185	-4.070451663731336	230.0	23	1.05	0.95				
	212	1	0.0	0.0	0.0	0.0	2	1.0144806701892433	0.060817930253768776	230.0	23	1.05	0.95				
	213	2	113.83362194912281	23.196285227368428	0.0	0.0	2	1.0013456412734467	-2.214909365122186	230.0	24	1.05	0.95				
	214	2	83.33480248350878	16.752872664210532	0.0	0.0	2	1.0018163231535435	-2.7187548863960576	230.0	26	1.05	0.95				
	215	2	136.17078550140354	27.49189360280702	0.0	0.0	2	1.0231286496120724	2.0359354417316835	230.0	26	1.05	0.95				
	216	2	42.95608375438597	8.591216750877194	0.0	0.0	2	1.0241516711967094	1.783433237515092	230.0	26	1.05	0.95				
	217	1	0.0	0.0	0.0	0.0	2	1.0288280933303728	3.2543604215351816	230.0	27	1.05	0.95				
	218	2	143.04375890210528	29.210136952982463	0.0	0.0	2	1.0278691526267785	2.770586024414117	230.0	27	1.05	0.95				
	219	1	77.75051159543861	15.89375098912281	0.0	0.0	2	1.0259847643557172	1.2414033169733694	230.0	25	1.05	0.95				
	220	1	54.98378720561404	11.168581776140353	0.0	0.0	2	1.0304707586425856	1.6102948140014868	230.0	25	1.05	0.95				
	221	2	0.0	0.0	0.0	0.0	2	1.0296524105563327	3.327080808209787	230.0	27	1.05	0.95				
	222	2	0.0	0.0	0.0	0.0	2	1.0499999962101993	9.790295774013623	230.0	27	1.05	0.95				
	223	2	0.0	0.0	0.0	0.0	2	1.033568028850743	2.1378561505851996	230.0	25	1.05	0.95				
	224	1	0.0	0.0	0.0	0.0	2	1.0092665850232874	-1.1559053634897354	230.0	26	1.05	0.95				
	301	2	64.40366970947369	13.119266051929825	0.0	0.0	3	1.0093624898235913	-34.19200581818955	138.0	31	1.05	0.95				
	302	2	57.84403668350877	11.926605501754386	0.0	0.0	3	1.0086824946061177	-34.36804131841595	138.0	32	1.05	0.95				
	303	1	107.33944951578948	22.064220178245613	0.0	0.0	3	1.0261658649441818	-25.786492506374344	138.0	31	1.05	0.95				
	304	1	44.128440356491225	8.944954126315789	0.0	0.0	3	1.007441074245294	-32.383874294724784	138.0	31	1.05	0.95				
	305	1	42.33944953122807	8.348623851228071	0.0	0.0	3	1.0215122032566613	-33.41392315303608	138.0	31	1.05	0.95				
	306	1	81.10091741192983	16.697247702456142	0.0	-100.0	3	1.0355861306141179	-33.64227480330972	138.0	32	1.05	0.95				
	307	2	74.54128438596491	14.908256877192983	0.0	0.0	3	0.9929092424774381	-40.55692945569904	138.0	32	1.05	0.95				
	308	1	101.97247703999999	20.871559628070173	0.0	0.0	3	0.9923066440755248	-37.70185232854426	138.0	32	1.05	0.95				
	309	1	104.35779814035087	21.467889903157893	0.0	0.0	3	1.0272948222907294	-28.33145676529577	138.0	33	1.05	0.95				
	310	1	116.28440364210526	23.853211003508772	0.0	0.0	3	1.05	-30.721906911069222	138.0	33	1.05	0.95				
	311	1	0.0	0.0	0.0	0.0	3	1.0197096091799536	-23.217210610406823	230.0	33	1.05	0.95				
	312	1	0.0	0.0	0.0	0.0	3	1.0183954650024907	-22.32621771950694	230.0	33	1.05	0.95				
	313	2	158.0275228982456	32.201834854736845	0.0	0.0	3	1.0296893121339747	-19.099933397843284	230.0	34	1.05	0.95				
	314	2	115.68807336701754	23.256880728421052	0.0	0.0	3	1.0316180689187389	-20.600758063646687	230.0	36	1.05	0.95				
	315	2	189.036697202807	38.165137605614035	0.0	0.0	3	1.0466906166491425	-14.37368757286327	230.0	36	1.05	0.95				
	316	2	59.63302750877193	11.926605501754386	0.0	0.0	3	1.0476002645691804	-13.368955552084856	230.0	36	1.05	0.95				
	317	1	0.0	0.0	0.0	0.0	3	1.05	-10.34981605009458	230.0	37	1.05	0.95				
	318	2	198.57798160421055	40.550458705964914	0.0	0.0	3	1.0466345168791074	-10.820139581497488	230.0	37	1.05	0.95				
	319	1	107.9357797908772	22.064220178245613	0.0	0.0	3	1.0459357500529185	-13.843882087518562	230.0	35	1.05	0.95				
	320	1	76.33027521122807	15.504587152280703	0.0	0.0	3	1.0478527052702467	-13.693874395330162	230.0	35	1.05	0.95				
	321	2	0.0	0.0	0.0	0.0	3	1.0477863697507428	-11.465895836455305	230.0	37	1.05	0.95				
	322	2	0.0	0.0	0.0	0.0	3	1.05	-6.6833740264953185	230.0	37	1.05	0.95				
	323	2	0.0	0.0	0.0	0.0	3	1.05	-13.252778817627446	230.0	35	1.05	0.95				
	324	1	0.0	0.0	0.0	0.0	3	1.025102203020302	-18.341902125534727	230.0	36	1.05	0.95				
	325	1	0.0	0.0	0.0	0.0	3	1.0408982222823846	-11.44109393475463	230.0	35	1.05	0.95				
];
