%% MATPOWER Case Format : Version 2
function mpc = RTS_GMLC
mpc.version = '2';

%%-----  Power Flow Data  -----%%
%% system MVA base
mpc.baseMVA = 100.0;
%% bus data
%    bus_i    type    Pd    Qd    Gs    Bs    area    Vm    Va    baseKV    zone    Vmax    Vmin
mpc.bus = [
	101	2	46.491835717894745	9.470559127719298	0.0	0.0	1	1.0241910549472169	-0.9518519497091915	138.0	11	1.05	0.95				
	102	2	41.75655615403509	8.609599207017544	0.0	0.0	1	1.0220553092127755	-1.5168314835049368	138.0	12	1.05	0.95				
	103	1	77.4863928631579	15.927758532982455	0.0	0.0	1	1.0275896554327266	0.6800799437638085	138.0	11	1.05	0.95				
	104	1	31.85551706596491	6.457199405263157	0.0	0.0	1	1.0165902358267787	-3.261567111706695	138.0	11	1.05	0.95				
	105	1	30.564077184912282	6.026719444912282	0.0	0.0	1	1.0315894744153644	-3.279329216080536	138.0	11	1.05	0.95				
	106	1	58.5452746077193	12.053438889824564	0.0	-100.0	1	1.0432972908565115	-5.136581468450282	138.0	12	1.05	0.95				
	107	2	53.80999504385965	10.76199900877193	0.0	0.0	1	0.9999430374848557	-10.15023263149762	138.0	12	1.05	0.95				
	108	1	73.61207322	15.066798612280701	0.0	0.0	1	1.0037338561661404	-8.706935463075382	138.0	12	1.05	0.95				
	109	1	75.33399306140352	15.49727857263158	0.0	0.0	1	1.024316625769699	-2.912364413103013	138.0	13	1.05	0.95				
	110	1	83.94359226842106	17.219198414035088	0.0	0.0	1	1.05	-4.251854770366316	138.0	13	1.05	0.95				
	111	1	0.0	0.0	0.0	0.0	1	1.0069985890028283	-0.27630022735274096	230.0	13	1.05	0.95				
	112	1	0.0	0.0	0.0	0.0	1	1.0088687342231917	-1.0865204161083133	230.0	13	1.05	0.95				
	113	3	114.07718949298247	23.245917858947372	0.0	0.0	1	0.9980516337026732	-1.1095407578413324e-29	230.0	14	1.05	0.95				
	114	2	83.51311230807018	16.78871845368421	0.0	0.0	1	1.012279320081169	2.878957129858518	230.0	16	1.05	0.95				
	115	2	136.46214743122806	27.55071746245614	0.0	0.0	1	1.0408495523631527	11.411346270869858	230.0	16	1.05	0.95				
	116	2	43.04799603508772	8.609599207017544	0.0	0.0	1	1.0344790290306505	9.88916930940192	230.0	16	1.05	0.95				
	117	1	0.0	0.0	0.0	0.0	1	1.0394369625476485	15.431322954128504	230.0	17	1.05	0.95				
	118	2	143.3498267968421	29.27263730385965	0.0	0.0	1	1.05	15.857853535765193	230.0	17	1.05	0.95				
	119	1	77.91687282350878	15.927758532982455	0.0	0.0	1	1.0231986728121771	6.162257366602396	230.0	15	1.05	0.95				
	120	1	55.10143492491228	11.192478969122808	0.0	0.0	1	1.0193497077432723	3.7244990891867054	230.0	15	1.05	0.95				
	121	2	0.0	0.0	0.0	0.0	1	1.05	17.306968978603532	230.0	17	1.05	0.95				
	122	2	0.0	0.0	0.0	0.0	1	1.05	34.70252705363318	230.0	17	1.05	0.95				
	123	2	0.0	0.0	0.0	0.0	1	1.0182028171537862	2.7130630808505187	230.0	15	1.05	0.95				
	124	1	0.0	0.0	0.0	0.0	1	1.0224936995016345	7.402068140393123	230.0	16	1.05	0.95				
	201	2	34.288682513684215	6.984731623157894	0.0	0.0	2	1.0142969427394584	-11.973924636528283	138.0	21	1.05	0.95				
	202	2	30.796316702105266	6.349756021052631	0.0	0.0	2	1.0133623959516898	-12.236225837612688	138.0	22	1.05	0.95				
	203	1	57.14780418947368	11.74704863894737	0.0	0.0	2	1.017189367433493	-9.079967080704119	138.0	21	1.05	0.95				
	204	1	23.49409727789474	4.762317015789474	0.0	0.0	2	1.0139673535698166	-12.130762846965153	138.0	21	1.05	0.95				
	205	1	22.541633874736842	4.444829214736842	0.0	0.0	2	1.0285028285655655	-12.451052390568352	138.0	21	1.05	0.95				
	206	1	43.1783409431579	8.889658429473684	0.0	-100.0	2	1.0449199258687507	-13.15325443482963	138.0	22	1.05	0.95				
	207	2	39.68597513157895	7.9371950263157895	0.0	0.0	2	0.9970628020408561	-16.8397952519072	138.0	22	1.05	0.95				
	208	1	54.29041398	11.112073036842105	0.0	0.0	2	1.0055040712216843	-15.482922026185099	138.0	22	1.05	0.95				
	209	1	55.560365184210525	11.429560837894737	0.0	0.0	2	1.022646053323552	-10.718439920635138	138.0	23	1.05	0.95				
	210	1	61.91012120526316	12.699512042105262	0.0	0.0	2	1.05	-11.90188701584389	138.0	23	1.05	0.95				
	211	1	0.0	0.0	0.0	0.0	2	1.0009363369679312	-8.240745740989846	230.0	23	1.05	0.95				
	212	1	0.0	0.0	0.0	0.0	2	1.0047261013833246	-7.891804276761679	230.0	23	1.05	0.95				
	213	2	84.13426727894736	17.144341256842107	0.0	0.0	2	0.992814519265809	-7.3322860495558855	230.0	24	1.05	0.95				
	214	2	61.59263340421053	12.382024241052632	0.0	0.0	2	0.9991228801891833	-5.806816890259434	230.0	26	1.05	0.95				
	215	2	100.64363293368422	20.31921926736842	0.0	0.0	2	1.0195397880080574	-0.1161909178123111	230.0	26	1.05	0.95				
	216	2	31.748780105263158	6.349756021052631	0.0	0.0	2	1.0194198476333804	-0.49161865566490154	230.0	26	1.05	0.95				
	217	1	0.0	0.0	0.0	0.0	2	1.025365551110842	1.1471297189334762	230.0	27	1.05	0.95				
	218	2	105.72343775052633	21.58917047157895	0.0	0.0	2	1.0250024410434335	0.8528943971960308	230.0	27	1.05	0.95				
	219	1	57.46529199052631	11.74704863894737	0.0	0.0	2	1.0182809260743142	-1.1851918022042036	230.0	25	1.05	0.95				
	220	1	40.63843853473684	8.254682827368422	0.0	0.0	2	1.0189424067028015	-1.1545933321158162	230.0	25	1.05	0.95				
	221	2	0.0	0.0	0.0	0.0	2	1.0267535563674146	1.3265407576092738	230.0	27	1.05	0.95				
	222	2	0.0	0.0	0.0	0.0	2	1.0485895852096554	7.76390526057047	230.0	27	1.05	0.95				
	223	2	0.0	0.0	0.0	0.0	2	1.019364761651551	-0.8871458742906483	230.0	25	1.05	0.95				
	224	1	0.0	0.0	0.0	0.0	2	1.007606929166327	-3.4996331734608854	230.0	26	1.05	0.95				
	301	2	46.63714013052632	9.500158174736843	0.0	0.0	3	1.0087792367271464	-5.769700315982392	138.0	31	1.05	0.95				
	302	2	41.88706104315789	8.636507431578949	0.0	0.0	3	1.0085368300962485	-5.945042450310911	138.0	32	1.05	0.95				
	303	1	77.72856688421052	15.977538748421052	0.0	0.0	3	1.0362449017212758	1.7410611605794846	138.0	31	1.05	0.95				
	304	1	31.955077496842105	6.4773805736842105	0.0	0.0	3	1.0116179135191576	-4.580385905265913	138.0	31	1.05	0.95				
	305	1	30.65960138210526	6.045555202105263	0.0	0.0	3	1.0239657257714077	-5.714981297246082	138.0	31	1.05	0.95				
	306	1	58.728250534736844	12.091110404210527	0.0	-100.0	3	1.040505000878504	-6.200588950919184	138.0	32	1.05	0.95				
	307	2	53.97817144736842	10.795634289473684	0.0	0.0	3	0.9904234153965307	-10.68191524437505	138.0	32	1.05	0.95				
	308	1	73.84213854	15.113888005263156	0.0	0.0	3	0.9981633233629646	-8.749943285362711	138.0	32	1.05	0.95				
	309	1	75.56944002631579	15.545713376842105	0.0	0.0	3	1.0275956097524526	-1.6999877054542094	138.0	33	1.05	0.95				
	310	1	84.20594745789474	17.273014863157897	0.0	0.0	3	1.05	-4.2685133280084555	138.0	33	1.05	0.95				
	311	1	0.0	0.0	0.0	0.0	3	1.0085059070644227	1.0363741334697019	230.0	33	1.05	0.95				
	312	1	0.0	0.0	0.0	0.0	3	1.0124457214492182	1.4345167537258425	230.0	33	1.05	0.95				
	313	2	114.43372346842105	23.31857006526316	0.0	0.0	3	1.0108168821109353	4.14714860377364	230.0	34	1.05	0.95				
	314	2	83.77412208631578	16.841189491578948	0.0	0.0	3	1.0064157139971468	2.4462339950158727	230.0	36	1.05	0.95				
	315	2	136.88864279052632	27.636823781052634	0.0	0.0	3	1.0380459901615247	6.79178093238419	230.0	36	1.05	0.95				
	316	2	43.182537157894735	8.636507431578949	0.0	0.0	3	1.0366303330037017	6.955269569084024	230.0	36	1.05	0.95				
	317	1	0.0	0.0	0.0	0.0	3	1.05	12.227019706559071	230.0	37	1.05	0.95				
	318	2	143.79784873578947	29.364125267368422	0.0	0.0	3	1.0463981408738277	9.494242175982338	230.0	37	1.05	0.95				
	319	1	78.16039225578947	15.977538748421052	0.0	0.0	3	1.0291966216610207	5.9965826923361	230.0	35	1.05	0.95				
	320	1	55.27364756210527	11.227459661052631	0.0	0.0	3	1.0257343818282936	5.9950030018322344	230.0	35	1.05	0.95				
	321	2	0.0	0.0	0.0	0.0	3	1.044799720983365	9.241917449798445	230.0	37	1.05	0.95				
	322	2	0.0	0.0	0.0	0.0	3	1.05	14.755469609862487	230.0	37	1.05	0.95				
	323	2	0.0	0.0	0.0	0.0	3	1.0244015158590971	6.328774666818269	230.0	35	1.05	0.95				
	324	1	0.0	0.0	0.0	0.0	3	1.0299777090806468	4.889077082861126	230.0	36	1.05	0.95				
	325	1	0.0	0.0	0.0	0.0	3	1.0240343178423386	7.270386346667117	230.0	35	1.05	0.95				
];
