%% MATPOWER Case Format : Version 2
function mpc = RTS_GMLC
mpc.version = '2';

%%-----  Power Flow Data  -----%%
%% system MVA base
mpc.baseMVA = 100.0;
%% bus data
%    bus_i    type    Pd    Qd    Gs    Bs    area    Vm    Va    baseKV    zone    Vmax    Vmin
mpc.bus = [
	101	2	62.47006431157895	12.725383470877194	0.0	0.0	1	1.046734776322987	0.8262534508464887	138.0	11	1.05	0.95				
	102	2	56.10737257614036	11.568530428070178	0.0	0.0	1	1.0461283721871244	0.6187661047320064	138.0	12	1.05	0.95				
	103	1	104.11677385263158	21.401781291929826	0.0	0.0	1	1.0266886590947133	-2.1771063197225415	138.0	11	1.05	0.95				
	104	1	42.80356258385965	8.676397821052632	0.0	0.0	1	1.0259775411133731	-3.009408608722179	138.0	11	1.05	0.95				
	105	1	41.06828301964912	8.097971299649124	0.0	0.0	1	1.0400582003784398	-3.058057563055473	138.0	11	1.05	0.95				
	106	1	78.6660069108772	16.19594259929825	0.0	-100.0	1	1.043781609588256	-5.815985305961287	138.0	12	1.05	0.95				
	107	2	72.3033151754386	14.46066303508772	0.0	0.0	1	1.0032013255148329	-11.84328328297142	138.0	12	1.05	0.95				
	108	1	98.91093516000001	20.244928249122808	0.0	0.0	1	1.001146113904285	-10.67020001198919	138.0	12	1.05	0.95				
	109	1	101.22464124561404	20.82335477052632	0.0	0.0	1	1.0251614728426799	-4.356881397432606	138.0	13	1.05	0.95				
	110	1	112.79317167368421	23.137060856140355	0.0	0.0	1	1.05	-5.237233280453224	138.0	13	1.05	0.95				
	111	1	0.0	0.0	0.0	0.0	1	1.0077352150303065	-1.9244533074300312	230.0	13	1.05	0.95				
	112	1	0.0	0.0	0.0	0.0	1	1.0120263263432052	-1.2785828314893068	230.0	13	1.05	0.95				
	113	3	153.28302817192983	31.235032155789476	0.0	0.0	1	1.006048038035219	-1.0622707403691795e-28	230.0	14	1.05	0.95				
	114	2	112.21474515228071	22.558634334736844	0.0	0.0	1	1.0051535119250077	-0.6345254456394327	230.0	16	1.05	0.95				
	115	2	183.3612072849123	37.019297369824564	0.0	0.0	1	1.0369263744495691	5.098031603559625	230.0	16	1.05	0.95				
	116	2	57.84265214035088	11.568530428070178	0.0	0.0	1	1.0334115769396521	4.67249830303897	230.0	16	1.05	0.95				
	117	1	0.0	0.0	0.0	0.0	1	1.0398133745617038	6.737878694604043	230.0	17	1.05	0.95				
	118	2	192.61603162736844	39.3330034554386	0.0	0.0	1	1.0416162980513832	6.851924085691953	230.0	17	1.05	0.95				
	119	1	104.6952003740351	21.401781291929826	0.0	0.0	1	1.027198545245022	3.6922584666827	230.0	15	1.05	0.95				
	120	1	74.03859473964913	15.03908955649123	0.0	0.0	1	1.0262827946729542	3.8497827885728144	230.0	15	1.05	0.95				
	121	2	0.0	0.0	0.0	0.0	1	1.045129938501241	8.183481623512682	230.0	17	1.05	0.95				
	122	2	0.0	0.0	0.0	0.0	1	1.05	14.22300280880393	230.0	17	1.05	0.95				
	123	2	0.0	0.0	0.0	0.0	1	1.0270794301367	4.378381621231588	230.0	15	1.05	0.95				
	124	1	0.0	0.0	0.0	0.0	1	1.0236420887780628	2.378246708295712	230.0	16	1.05	0.95				
	201	2	60.570439162105274	12.338422792280703	0.0	0.0	2	1.0308653953560776	-10.377205507864563	138.0	21	1.05	0.95				
	202	2	54.40122776596491	11.216747992982457	0.0	0.0	2	1.0312789665298712	-10.346268725738424	138.0	22	1.05	0.95				
	203	1	100.95073193684212	20.750983787017542	0.0	0.0	2	1.017852539164118	-9.854910517004859	138.0	21	1.05	0.95				
	204	1	41.501967574035085	8.412560994736843	0.0	0.0	2	1.0179434595708177	-12.276570535434413	138.0	21	1.05	0.95				
	205	1	39.81945537508772	7.85172359508772	0.0	0.0	2	1.033369036339345	-12.452370886133757	138.0	21	1.05	0.95				
	206	1	76.27388635228071	15.70344719017544	0.0	-100.0	2	1.0418324872631815	-14.13623268945248	138.0	22	1.05	0.95				
	207	2	70.10467495614036	14.02093499122807	0.0	0.0	2	0.9897224111805739	-22.540677983783198	138.0	22	1.05	0.95				
	208	1	95.90319534	19.6293089877193	0.0	0.0	2	0.9913076163045714	-19.878377824802463	138.0	22	1.05	0.95				
	209	1	98.14654493859649	20.190146387368422	0.0	0.0	2	1.0239071226643863	-11.57288617664453	138.0	23	1.05	0.95				
	210	1	109.36329293157895	22.433495985964914	0.0	0.0	2	1.05	-12.777418311269367	138.0	23	1.05	0.95				
	211	1	0.0	0.0	0.0	0.0	2	1.011444482101805	-8.303840748102335	230.0	23	1.05	0.95				
	212	1	0.0	0.0	0.0	0.0	2	1.0133303088008796	-6.377127044708269	230.0	23	1.05	0.95				
	213	2	148.62191090701756	30.285219581052637	0.0	0.0	2	1.0098908203364854	-6.728764747713977	230.0	24	1.05	0.95				
	214	2	108.80245553192982	21.87265858631579	0.0	0.0	2	1.0163693403070688	-5.760507246859323	230.0	26	1.05	0.95				
	215	2	177.78545568877192	35.89359357754386	0.0	0.0	2	1.033175047807276	1.5075031149838025	230.0	26	1.05	0.95				
	216	2	56.08373996491228	11.216747992982457	0.0	0.0	2	1.0340338810680663	1.259283312016018	230.0	26	1.05	0.95				
	217	1	0.0	0.0	0.0	0.0	2	1.037730416768355	3.660360515957788	230.0	27	1.05	0.95				
	218	2	186.7588540831579	38.136943176140356	0.0	0.0	2	1.0386796409345753	3.944196417236094	230.0	27	1.05	0.95				
	219	1	101.51156933649123	20.750983787017542	0.0	0.0	2	1.0329367648723426	0.8412504284793635	230.0	25	1.05	0.95				
	220	1	71.78718715508772	14.581772390877193	0.0	0.0	2	1.0363762140154746	1.55276426504067	230.0	25	1.05	0.95				
	221	2	0.0	0.0	0.0	0.0	2	1.039143824694545	3.8955725287792493	230.0	27	1.05	0.95				
	222	2	0.0	0.0	0.0	0.0	2	1.05	10.304511834214019	230.0	27	1.05	0.95				
	223	2	0.0	0.0	0.0	0.0	2	1.0396127031126638	2.360298114341486	230.0	25	1.05	0.95				
	224	1	0.0	0.0	0.0	0.0	2	1.013348243779728	-2.7297229869357875	230.0	26	1.05	0.95				
	301	2	59.12496045473684	12.04397342596491	0.0	0.0	3	1.0074116440650778	-14.516029696021281	138.0	31	1.05	0.95				
	302	2	53.102973741754376	10.949066750877193	0.0	0.0	3	1.0069334902696319	-14.637876964070143	138.0	32	1.05	0.95				
	303	1	98.54160075789473	20.255773489122806	0.0	0.0	3	1.0219874898380437	-8.669711921026236	138.0	31	1.05	0.95				
	304	1	40.51154697824561	8.211800063157893	0.0	0.0	3	1.0069559408677238	-12.929221196951604	138.0	31	1.05	0.95				
	305	1	38.86918696561403	7.664346725614035	0.0	0.0	3	1.0210197251321587	-13.349191849911092	138.0	31	1.05	0.95				
	306	1	74.45365390596491	15.32869345122807	0.0	-100.0	3	1.036533703815136	-13.320865789174348	138.0	32	1.05	0.95				
	307	2	68.43166719298245	13.68633343859649	0.0	0.0	3	0.9945542211607764	-19.114538187706692	138.0	32	1.05	0.95				
	308	1	93.61452071999999	19.160866814035085	0.0	0.0	3	0.9973796654491323	-16.564373719196766	138.0	32	1.05	0.95				
	309	1	95.80433407017543	19.708320151578945	0.0	0.0	3	1.0254994317354775	-9.29140094892991	138.0	33	1.05	0.95				
	310	1	106.75340082105262	21.898133501754387	0.0	0.0	3	1.05	-10.42617632907064	138.0	33	1.05	0.95				
	311	1	0.0	0.0	0.0	0.0	3	1.0121056934739596	-4.031454752192056	230.0	33	1.05	0.95				
	312	1	0.0	0.0	0.0	0.0	3	1.0140822470166535	-3.6066916976447443	230.0	33	1.05	0.95				
	313	2	145.0751344491228	29.56248022736842	0.0	0.0	3	1.0201246753830218	0.51671705808567	230.0	34	1.05	0.95				
	314	2	106.20594748350875	21.350680164210527	0.0	0.0	3	1.0170530163420286	-2.1733989501117477	230.0	36	1.05	0.95				
	315	2	173.5427080014035	35.037013602807015	0.0	0.0	3	1.0351352366949953	-0.6715080379227504	230.0	36	1.05	0.95				
	316	2	54.74533375438596	10.949066750877193	0.0	0.0	3	1.0344990989019118	0.16731973180987483	230.0	36	1.05	0.95				
	317	1	0.0	0.0	0.0	0.0	3	1.0424441765595875	2.604470096063826	230.0	37	1.05	0.95				
	318	2	182.30196140210526	37.22682695298246	0.0	0.0	3	1.0395182683643125	1.3064723665248503	230.0	37	1.05	0.95				
	319	1	99.08905409543858	20.255773489122806	0.0	0.0	3	1.0309231578572822	0.36928690188670815	230.0	35	1.05	0.95				
	320	1	70.07402720561403	14.23378677614035	0.0	0.0	3	1.0295687169497283	0.5531828518877059	230.0	35	1.05	0.95				
	321	2	0.0	0.0	0.0	0.0	3	1.0398289660159685	1.2270098524828617	230.0	37	1.05	0.95				
	322	2	0.0	0.0	0.0	0.0	3	1.05	6.088309558673709	230.0	37	1.05	0.95				
	323	2	0.0	0.0	0.0	0.0	3	1.0292509127245357	0.7918745309405391	230.0	35	1.05	0.95				
	324	1	0.0	0.0	0.0	0.0	3	1.021895390737885	-2.3575100279751924	230.0	36	1.05	0.95				
	325	1	0.0	0.0	0.0	0.0	3	1.0295020804547848	1.4230292378483693	230.0	35	1.05	0.95				
];
