%% MATPOWER Case Format : Version 2
function mpc = RTS_GMLC
mpc.version = '2';

%%-----  Power Flow Data  -----%%
%% system MVA base
mpc.baseMVA = 100.0;
%% bus data
%    bus_i    type    Pd    Qd    Gs    Bs    area    Vm    Va    baseKV    zone    Vmax    Vmin
mpc.bus = [
	101	2	38.66303811789474	7.875804061052633	0.0	0.0	1	0.9943621116144963	-3.627359654317915	138.0	11	1.05	0.95				
	102	2	34.725136087368426	7.159821873684212	0.0	0.0	1	0.9936215846619222	-3.9662202532475614	138.0	12	1.05	0.95				
	103	1	64.4383968631579	13.24567046631579	0.0	0.0	1	1.0203599509547003	2.104466017385836	138.0	11	1.05	0.95				
	104	1	26.49134093263158	5.369866405263158	0.0	0.0	1	1.0050965720443668	-3.964601534075577	138.0	11	1.05	0.95				
	105	1	25.41736765157895	5.011875311578948	0.0	0.0	1	1.017720357359042	-4.573428809438962	138.0	11	1.05	0.95				
	106	1	48.68678874105264	10.023750623157897	0.0	-100.0	1	1.0388584568093173	-5.570572655930649	138.0	12	1.05	0.95				
	107	2	44.74888671052632	8.949777342105264	0.0	0.0	1	0.9845909457274405	-11.015020890305967	138.0	12	1.05	0.95				
	108	1	61.216477020000006	12.529688278947368	0.0	0.0	1	0.996351152939805	-8.878257369559705	138.0	12	1.05	0.95				
	109	1	62.64844139473684	12.887679372631581	0.0	0.0	1	1.0242767781466655	-2.4633374410351707	138.0	13	1.05	0.95				
	110	1	69.80826326842106	14.319643747368424	0.0	0.0	1	1.05	-4.337193773366603	138.0	13	1.05	0.95				
	111	1	0.0	0.0	0.0	0.0	1	1.0173421125374118	0.5595477503392731	230.0	13	1.05	0.95				
	112	1	0.0	0.0	0.0	0.0	1	1.0132430146470808	-0.8902912460111431	230.0	13	1.05	0.95				
	113	3	94.8676398263158	19.33151905894737	0.0	0.0	1	0.9971727627367197	7.061098973992796e-29	230.0	14	1.05	0.95				
	114	2	69.45027217473685	13.961652653684212	0.0	0.0	1	1.0461174518802157	4.896491233818936	230.0	16	1.05	0.95				
	115	2	113.48317669789473	22.911429995789476	0.0	0.0	1	1.0379075923227092	15.584223636585886	230.0	16	1.05	0.95				
	116	2	35.79910936842106	7.159821873684212	0.0	0.0	1	1.0383555634850083	13.407049376153534	230.0	16	1.05	0.95				
	117	1	0.0	0.0	0.0	0.0	1	1.0374212445581599	20.053633973341814	230.0	17	1.05	0.95				
	118	2	119.21103419684212	24.34339437052632	0.0	0.0	1	1.047137632984787	20.91939578420608	230.0	17	1.05	0.95				
	119	1	64.79638795684211	13.24567046631579	0.0	0.0	1	1.035029137802663	8.471148467401793	230.0	15	1.05	0.95				
	120	1	45.82285999157895	9.307768435789475	0.0	0.0	1	1.0398421996033778	4.878855323026287	230.0	15	1.05	0.95				
	121	2	0.0	0.0	0.0	0.0	1	1.041472848086052	22.65014291073414	230.0	17	1.05	0.95				
	122	2	0.0	0.0	0.0	0.0	1	1.05	40.626145671942105	230.0	17	1.05	0.95				
	123	2	0.0	0.0	0.0	0.0	1	1.043840026663236	3.1855016235638796	230.0	15	1.05	0.95				
	124	1	0.0	0.0	0.0	0.0	1	1.0142844176024983	10.564479806489114	230.0	16	1.05	0.95				
	201	2	41.326617334736845	8.41838501263158	0.0	0.0	2	1.007299591347914	-17.395371016640006	138.0	21	1.05	0.95				
	202	2	37.11742482842105	7.653077284210527	0.0	0.0	2	1.006503983067229	-17.70017261756995	138.0	22	1.05	0.95				
	203	1	68.87769555789474	14.158192975789474	0.0	0.0	2	1.0117016001454064	-12.963774547793001	138.0	21	1.05	0.95				
	204	1	28.316385951578948	5.739807963157895	0.0	0.0	2	1.0093490224200574	-17.454303830865953	138.0	21	1.05	0.95				
	205	1	27.16842435894737	5.357154098947369	0.0	0.0	2	1.0240044280689424	-17.92641653984729	138.0	21	1.05	0.95				
	206	1	52.04092553263159	10.714308197894738	0.0	-100.0	2	1.041386249722242	-18.716483681324537	138.0	22	1.05	0.95				
	207	2	47.831733026315796	9.566346605263158	0.0	0.0	2	0.9904352191438863	-23.20417851245761	138.0	22	1.05	0.95				
	208	1	65.43381078	13.392885247368422	0.0	0.0	2	0.9990988281075922	-21.522143863775497	138.0	22	1.05	0.95				
	209	1	66.96442623684212	13.775539111578947	0.0	0.0	2	1.0224217148928467	-15.659468867902238	138.0	23	1.05	0.95				
	210	1	74.61750352105263	15.306154568421054	0.0	0.0	2	1.05	-17.217828635014893	138.0	23	1.05	0.95				
	211	1	0.0	0.0	0.0	0.0	2	1.0066720526482584	-12.901307231541946	230.0	23	1.05	0.95				
	212	1	0.0	0.0	0.0	0.0	2	1.0126744631817524	-12.353762489557036	230.0	23	1.05	0.95				
	213	2	101.40327401578948	20.663308667368423	0.0	0.0	2	1.004447162248255	-11.766290080024444	230.0	24	1.05	0.95				
	214	2	74.2348496568421	14.923500704210527	0.0	0.0	2	1.007111282176714	-10.254546040971052	230.0	26	1.05	0.95				
	215	2	121.30127495473684	24.489847309473685	0.0	0.0	2	1.0268704655498422	-3.3846981904540216	230.0	26	1.05	0.95				
	216	2	38.26538642105263	7.653077284210527	0.0	0.0	2	1.0300578650380585	-4.267620586934452	230.0	26	1.05	0.95				
	217	1	0.0	0.0	0.0	0.0	2	1.0354974992652137	-1.8134185049383877	230.0	27	1.05	0.95				
	218	2	127.42373678210528	26.020462766315795	0.0	0.0	2	1.034135804838868	-2.300491880327349	230.0	27	1.05	0.95				
	219	1	69.26034942210528	14.158192975789474	0.0	0.0	2	1.0352025021525701	-4.846093699302634	230.0	25	1.05	0.95				
	220	1	48.97969461894737	9.949000469473685	0.0	0.0	2	1.0419581080305342	-4.609384960621466	230.0	25	1.05	0.95				
	221	2	0.0	0.0	0.0	0.0	2	1.034390507033507	-1.8621183955656013	230.0	27	1.05	0.95				
	222	2	0.0	0.0	0.0	0.0	2	1.05	4.654522577514131	230.0	27	1.05	0.95				
	223	2	0.0	0.0	0.0	0.0	2	1.046014162503773	-4.196206208376673	230.0	25	1.05	0.95				
	224	1	0.0	0.0	0.0	0.0	2	1.0093585586531928	-6.953627345197045	230.0	26	1.05	0.95				
	301	2	43.35716546526316	8.832015187368421	0.0	0.0	3	1.018683697549109	13.837100048890576	138.0	31	1.05	0.95				
	302	2	38.941157871578945	8.029104715789474	0.0	0.0	3	1.0169061626599225	13.482974909880864	138.0	32	1.05	0.95				
	303	1	72.26194244210527	14.853843724210524	0.0	0.0	3	1.05	28.431925768857766	138.0	31	1.05	0.95				
	304	1	29.707687448421048	6.021828536842104	0.0	0.0	3	1.0097994138172977	14.601710762419138	138.0	31	1.05	0.95				
	305	1	28.503321741052627	5.620373301052632	0.0	0.0	3	1.0264421936815893	12.262030088235964	138.0	31	1.05	0.95				
	306	1	54.597912067368426	11.240746602105265	0.0	-100.0	3	1.0384013046490228	10.878625581649978	138.0	32	1.05	0.95				
	307	2	50.18190447368421	10.036380894736842	0.0	0.0	3	0.95	7.58393963734813	138.0	32	1.05	0.95				
	308	1	68.64884531999999	14.050933252631578	0.0	0.0	3	0.9717862368104333	9.284380738768371	138.0	32	1.05	0.95				
	309	1	70.2546662631579	14.452388488421054	0.0	0.0	3	1.0160706625743143	17.201480873103957	138.0	33	1.05	0.95				
	310	1	78.28377097894736	16.05820943157895	0.0	0.0	3	1.043905317147095	11.971448389063648	138.0	33	1.05	0.95				
	311	1	0.0	0.0	0.0	0.0	3	1.003691664492363	15.380327243088594	230.0	33	1.05	0.95				
	312	1	0.0	0.0	0.0	0.0	3	1.0088960715824813	15.619801450829314	230.0	33	1.05	0.95				
	313	2	106.38563748421052	21.67858273263158	0.0	0.0	3	1.003350267344822	16.010851221587156	230.0	34	1.05	0.95				
	314	2	77.88231574315789	15.656754195789475	0.0	0.0	3	0.9989413156397334	15.724793308392762	230.0	36	1.05	0.95				
	315	2	127.26130974526315	25.693135090526315	0.0	0.0	3	1.0478804593229836	18.95227983985357	230.0	36	1.05	0.95				
	316	2	40.14552357894737	8.029104715789474	0.0	0.0	3	1.030980689102385	18.579990418772407	230.0	36	1.05	0.95				
	317	1	0.0	0.0	0.0	0.0	3	1.05	22.299944511547455	230.0	37	1.05	0.95				
	318	2	133.68459351789474	27.298956033684213	0.0	0.0	3	1.0490391165362958	18.920345865170457	230.0	37	1.05	0.95				
	319	1	72.66339767789474	14.853843724210524	0.0	0.0	3	1.0227486793636664	17.428896117578837	230.0	35	1.05	0.95				
	320	1	51.38627018105263	10.437836130526316	0.0	0.0	3	1.018361915078953	17.208714915760588	230.0	35	1.05	0.95				
	321	2	0.0	0.0	0.0	0.0	3	1.05	19.59122190489868	230.0	37	1.05	0.95				
	322	2	0.0	0.0	0.0	0.0	3	1.05	25.002453912852506	230.0	37	1.05	0.95				
	323	2	0.0	0.0	0.0	0.0	3	1.0163709695325627	17.40354798504985	230.0	35	1.05	0.95				
	324	1	0.0	0.0	0.0	0.0	3	1.0456819714472316	22.576643241298562	230.0	36	1.05	0.95				
	325	1	0.0	0.0	0.0	0.0	3	1.0180906472988533	17.863819420848063	230.0	35	1.05	0.95				
];
