%% MATPOWER Case Format : Version 2
function mpc = RTS_GMLC
mpc.version = '2';

%%-----  Power Flow Data  -----%%
%% system MVA base
mpc.baseMVA = 100.0;
%% bus data
%    bus_i    type    Pd    Qd    Gs    Bs    area    Vm    Va    baseKV    zone    Vmax    Vmin
mpc.bus = [
	101	2	38.36912418947369	7.815932705263158	0.0	0.0	1	1.0117370368815388	-0.5189917408703373	138.0	11	1.05	0.95				
	102	2	34.461157836842105	7.105393368421052	0.0	0.0	1	1.0095845431611508	-1.0980709879868784	138.0	12	1.05	0.95				
	103	1	63.94854031578947	13.144977731578948	0.0	0.0	1	1.026688531498257	2.6241926829752624	138.0	11	1.05	0.95				
	104	1	26.289955463157895	5.329045026315789	0.0	0.0	1	1.012328872050897	-2.3412883654731327	138.0	11	1.05	0.95				
	105	1	25.224146457894737	4.973775357894737	0.0	0.0	1	1.0263722676265261	-2.5255172853345877	138.0	11	1.05	0.95				
	106	1	48.316674905263156	9.947550715789474	0.0	-100.0	1	1.0425167365170793	-4.147081955537363	138.0	12	1.05	0.95				
	107	2	44.40870855263157	8.881741710526315	0.0	0.0	1	0.9984046376394236	-11.02369299502629	138.0	12	1.05	0.95				
	108	1	60.75111329999999	12.43443839473684	0.0	0.0	1	1.003948175959819	-8.544774796090636	138.0	12	1.05	0.95				
	109	1	62.17219197368421	12.789708063157896	0.0	0.0	1	1.02403255928625	-1.8657794900119533	138.0	13	1.05	0.95				
	110	1	69.27758534210527	14.210786736842104	0.0	0.0	1	1.05	-3.3804925802854338	138.0	13	1.05	0.95				
	111	1	0.0	0.0	0.0	0.0	1	1.0069746336747978	0.6856878922667008	230.0	13	1.05	0.95				
	112	1	0.0	0.0	0.0	0.0	1	1.0107498142432525	-0.6108978548850158	230.0	13	1.05	0.95				
	113	3	94.14646213157894	19.184562094736844	0.0	0.0	1	0.9988622867333738	-6.350832151458685e-30	230.0	14	1.05	0.95				
	114	2	68.92231567368421	13.855517068421053	0.0	0.0	1	1.0125560215929938	4.674623140860858	230.0	16	1.05	0.95				
	115	2	112.62048488947367	22.737258778947368	0.0	0.0	1	1.040534323667724	14.356665821185054	230.0	16	1.05	0.95				
	116	2	35.52696684210526	7.105393368421052	0.0	0.0	1	1.0343344469230946	12.36685191143063	230.0	16	1.05	0.95				
	117	1	0.0	0.0	0.0	0.0	1	1.0397560334413396	18.305125678500293	230.0	17	1.05	0.95				
	118	2	118.30479958421051	24.158337452631578	0.0	0.0	1	1.05	19.139321223919183	230.0	17	1.05	0.95				
	119	1	64.30380998421053	13.144977731578948	0.0	0.0	1	1.0247919900159026	7.814860948930418	230.0	15	1.05	0.95				
	120	1	45.474517557894735	9.237011378947368	0.0	0.0	1	1.023341210892453	4.517732553945602	230.0	15	1.05	0.95				
	121	2	0.0	0.0	0.0	0.0	1	1.05	20.788311688437116	230.0	17	1.05	0.95				
	122	2	0.0	0.0	0.0	0.0	1	1.05	36.00712552618473	230.0	17	1.05	0.95				
	123	2	0.0	0.0	0.0	0.0	1	1.0236908760894208	2.9776466101338936	230.0	15	1.05	0.95				
	124	1	0.0	0.0	0.0	0.0	1	1.0206716348196017	9.974242469533607	230.0	16	1.05	0.95				
	201	2	43.162600357894746	8.792381554385965	0.0	0.0	2	1.0108748830223542	-18.600770912158843	138.0	21	1.05	0.95				
	202	2	38.766409580701755	7.9930741403508785	0.0	0.0	2	1.0099475725845655	-18.918099362902343	138.0	22	1.05	0.95				
	203	1	71.9376672631579	14.787187159649124	0.0	0.0	2	1.0146824914267663	-13.577399573201882	138.0	21	1.05	0.95				
	204	1	29.574374319298247	5.994805605263158	0.0	0.0	2	1.010550360093406	-18.61496780588337	138.0	21	1.05	0.95				
	205	1	28.375413198245614	5.595151898245615	0.0	0.0	2	1.0255951778221455	-19.147515976364183	138.0	21	1.05	0.95				
	206	1	54.352904154385975	11.19030379649123	0.0	-100.0	2	1.0417433608794222	-19.962030671030185	138.0	22	1.05	0.95				
	207	2	49.95671337719298	9.991342675438597	0.0	0.0	2	0.99248275344917	-24.680040976234036	138.0	22	1.05	0.95				
	208	1	68.3407839	13.987879745614034	0.0	0.0	2	0.9995933808789815	-22.89836238051478	138.0	22	1.05	0.95				
	209	1	69.93939872807017	14.38753345263158	0.0	0.0	2	1.0224351370790723	-16.706176836844378	138.0	23	1.05	0.95				
	210	1	77.93247286842106	15.986148280701757	0.0	0.0	2	1.05	-18.404416329008583	138.0	23	1.05	0.95				
	211	1	0.0	0.0	0.0	0.0	2	1.0072335562786363	-13.823706006030728	230.0	23	1.05	0.95				
	212	1	0.0	0.0	0.0	0.0	2	1.010387985605066	-13.46120647718078	230.0	23	1.05	0.95				
	213	2	105.90823235964912	21.581300178947373	0.0	0.0	2	1.003152578724762	-12.855899564157163	230.0	24	1.05	0.95				
	214	2	77.53281916140351	15.586494573684211	0.0	0.0	2	1.010643943402965	-10.846931763608039	230.0	26	1.05	0.95				
	215	2	126.69022512456141	25.57783724912281	0.0	0.0	2	1.0266242505109544	-3.478535501663007	230.0	26	1.05	0.95				
	216	2	39.96537070175439	7.9930741403508785	0.0	0.0	2	1.0288595523259674	-4.239467124198754	230.0	26	1.05	0.95				
	217	1	0.0	0.0	0.0	0.0	2	1.0316098359947452	-1.9156074085423556	230.0	27	1.05	0.95				
	218	2	133.0846844368421	27.176452077192987	0.0	0.0	2	1.0312420988760969	-2.434619255148618	230.0	27	1.05	0.95				
	219	1	72.33732097017544	14.787187159649124	0.0	0.0	2	1.0302939925659862	-5.296469045471217	230.0	25	1.05	0.95				
	220	1	51.15567449824562	10.39099638245614	0.0	0.0	2	1.0341944768776643	-5.436344801734901	230.0	25	1.05	0.95				
	221	2	0.0	0.0	0.0	0.0	2	1.0326944081274216	-1.9809589041016855	230.0	27	1.05	0.95				
	222	2	0.0	0.0	0.0	0.0	2	1.05	4.539534287342371	230.0	27	1.05	0.95				
	223	2	0.0	0.0	0.0	0.0	2	1.0367166484388557	-5.2107939938515475	230.0	25	1.05	0.95				
	224	1	0.0	0.0	0.0	0.0	2	1.0097127005002795	-7.254759875655155	230.0	26	1.05	0.95				
	301	2	43.68174627789474	8.898133501052632	0.0	0.0	3	1.0084081452848999	14.312755721812138	138.0	31	1.05	0.95				
	302	2	39.23267952736842	8.089212273684211	0.0	0.0	3	1.0083889306321905	13.994881283135307	138.0	32	1.05	0.95				
	303	1	72.8029104631579	14.96504270631579	0.0	0.0	3	1.0479940459622357	27.106407931133784	138.0	31	1.05	0.95				
	304	1	29.93008541263158	6.066909205263158	0.0	0.0	3	1.0111583867995002	15.292970609708147	138.0	31	1.05	0.95				
	305	1	28.71670357157895	5.662448591578948	0.0	0.0	3	1.0241982737451454	12.922314417833391	138.0	31	1.05	0.95				
	306	1	55.00664346105264	11.324897183157896	0.0	-100.0	3	1.0410305103962758	11.656325769360643	138.0	32	1.05	0.95				
	307	2	50.55757671052632	10.111515342105264	0.0	0.0	3	0.9775638290628683	8.332175065027705	138.0	32	1.05	0.95				
	308	1	69.16276494	14.156121478947368	0.0	0.0	3	0.991100087377651	10.083482622720004	138.0	32	1.05	0.95				
	309	1	70.78060739473685	14.56058209263158	0.0	0.0	3	1.0257635203840967	18.015141766459905	138.0	33	1.05	0.95				
	310	1	78.86981966842106	16.178424547368422	0.0	0.0	3	1.05	12.844136601945355	138.0	33	1.05	0.95				
	311	1	0.0	0.0	0.0	0.0	3	1.011293277068485	16.28843431987687	230.0	33	1.05	0.95				
	312	1	0.0	0.0	0.0	0.0	3	1.017504989596256	16.867581580611493	230.0	33	1.05	0.95				
	313	2	107.1820626263158	21.84087313894737	0.0	0.0	3	1.0148343375542594	18.53061731308828	230.0	34	1.05	0.95				
	314	2	78.46535905473684	15.773963933684213	0.0	0.0	3	1.0040391803888418	15.267646371366462	230.0	36	1.05	0.95				
	315	2	128.21401453789474	25.885479275789475	0.0	0.0	3	1.0443266185076638	16.44955551692722	230.0	36	1.05	0.95				
	316	2	40.446061368421056	8.089212273684211	0.0	0.0	3	1.0326452080088073	16.25064343854471	230.0	36	1.05	0.95				
	317	1	0.0	0.0	0.0	0.0	3	1.05	18.57698541400947	230.0	37	1.05	0.95				
	318	2	134.68538435684212	27.50332173052632	0.0	0.0	3	1.05	15.708279210596766	230.0	37	1.05	0.95				
	319	1	73.20737107684211	14.96504270631579	0.0	0.0	3	1.0268159716426746	15.915917461124094	230.0	35	1.05	0.95				
	320	1	51.77095855157895	10.515975955789475	0.0	0.0	3	1.02432220543378	16.41383096955722	230.0	35	1.05	0.95				
	321	2	0.0	0.0	0.0	0.0	3	1.0484537148704018	16.595988283987545	230.0	37	1.05	0.95				
	322	2	0.0	0.0	0.0	0.0	3	1.05	21.71947876511632	230.0	37	1.05	0.95				
	323	2	0.0	0.0	0.0	0.0	3	1.023513088806474	17.003501905187598	230.0	35	1.05	0.95				
	324	1	0.0	0.0	0.0	0.0	3	1.0423937298353565	20.52425075297709	230.0	36	1.05	0.95				
	325	1	0.0	0.0	0.0	0.0	3	1.0257600471877542	17.34066324455131	230.0	35	1.05	0.95				
];
