%% MATPOWER Case Format : Version 2
function mpc = RTS_GMLC
mpc.version = '2';

%%-----  Power Flow Data  -----%%
%% system MVA base
mpc.baseMVA = 100.0;
%% bus data
%    bus_i    type    Pd    Qd    Gs    Bs    area    Vm    Va    baseKV    zone    Vmax    Vmin
mpc.bus = [
	101	2	38.71647701052631	7.886689761403508	0.0	0.0	1	1.0336354950467377	3.222953853998074	138.0	11	1.05	0.95				
	102	2	34.77313212982456	7.169717964912279	0.0	0.0	1	1.0327452971174729	2.9788478542841834	138.0	12	1.05	0.95				
	103	1	64.52746168421052	13.263978235087718	0.0	0.0	1	1.0298548087260297	1.0483741246119451	138.0	11	1.05	0.95				
	104	1	26.527956470175436	5.37728847368421	0.0	0.0	1	1.0224144850163082	-0.11096095494229928	138.0	11	1.05	0.95				
	105	1	25.452498775438592	5.018802575438597	0.0	0.0	1	1.0368790617971282	0.17080323043735332	138.0	11	1.05	0.95				
	106	1	48.7540821614035	10.037605150877194	0.0	-100.0	1	1.0473329122043853	-1.9545423800963808	138.0	12	1.05	0.95				
	107	2	44.81073728070175	8.96214745614035	0.0	0.0	1	1.00064258859089	-6.703730484805724	138.0	12	1.05	0.95				
	108	1	61.3010886	12.547006438596489	0.0	0.0	1	1.006939318465813	-5.611038844479635	138.0	12	1.05	0.95				
	109	1	62.73503219298245	12.905492336842103	0.0	0.0	1	1.0245524220753475	-1.1827262731141541	138.0	13	1.05	0.95				
	110	1	69.90475015789472	14.339435929824559	0.0	0.0	1	1.05	-1.792711407177924	138.0	13	1.05	0.95				
	111	1	0.0	0.0	0.0	0.0	1	1.001223327962264	0.13478441482553885	230.0	13	1.05	0.95				
	112	1	0.0	0.0	0.0	0.0	1	1.0061971753534877	0.4033889682044058	230.0	13	1.05	0.95				
	113	3	94.9987630350877	19.358238505263156	0.0	0.0	1	0.9901065150005505	6.215548068462324e-28	230.0	14	1.05	0.95				
	114	2	69.54626425964912	13.980950031578946	0.0	0.0	1	0.9972827534368164	2.013509939652695	230.0	16	1.05	0.95				
	115	2	113.64002974385963	22.943097487719296	0.0	0.0	1	1.0354560598684293	6.951431623710512	230.0	16	1.05	0.95				
	116	2	35.8485898245614	7.169717964912279	0.0	0.0	1	1.0307384540129696	6.69487266104412	230.0	16	1.05	0.95				
	117	1	0.0	0.0	0.0	0.0	1	1.0398041955587398	8.59538626186261	230.0	17	1.05	0.95				
	118	2	119.37580411578948	24.37704108070175	0.0	0.0	1	1.043049549937601	8.569091920115735	230.0	17	1.05	0.95				
	119	1	64.88594758245614	13.263978235087718	0.0	0.0	1	1.0237992133720388	5.726063754025178	230.0	15	1.05	0.95				
	120	1	45.88619497543859	9.320633354385963	0.0	0.0	1	1.0199559047697095	5.582882338080911	230.0	15	1.05	0.95				
	121	2	0.0	0.0	0.0	0.0	1	1.047413711712108	9.366241482794528	230.0	17	1.05	0.95				
	122	2	0.0	0.0	0.0	0.0	1	1.05	16.435379304445984	230.0	17	1.05	0.95				
	123	2	0.0	0.0	0.0	0.0	1	1.0180643119982193	5.786811559228085	230.0	15	1.05	0.95				
	124	1	0.0	0.0	0.0	0.0	1	1.0252323943282966	4.736088644371074	230.0	16	1.05	0.95				
	201	2	38.606642526315795	7.864316070175439	0.0	0.0	2	1.0229516718871934	-6.1836506752680185	138.0	21	1.05	0.95				
	202	2	34.67448449122807	7.149378245614035	0.0	0.0	2	1.023384930551727	-6.082494323692154	138.0	22	1.05	0.95				
	203	1	64.34440421052632	13.226349754385966	0.0	0.0	2	1.01700329181252	-5.695049830926736	138.0	21	1.05	0.95				
	204	1	26.452699508771932	5.362033684210527	0.0	0.0	2	1.0177181235716062	-7.486235073496912	138.0	21	1.05	0.95				
	205	1	25.380292771929824	5.004564771929825	0.0	0.0	2	1.0322557469957165	-7.684913744572425	138.0	21	1.05	0.95				
	206	1	48.615772070175446	10.00912954385965	0.0	-100.0	2	1.0459013216414952	-8.881320675949157	138.0	22	1.05	0.95				
	207	2	44.68361403508772	8.936722807017544	0.0	0.0	2	0.993839843379107	-13.889376030187675	138.0	22	1.05	0.95				
	208	1	61.127184	12.511411929824561	0.0	0.0	2	1.002114982360275	-12.331774382630714	138.0	22	1.05	0.95				
	209	1	62.55705964912281	12.868880842105263	0.0	0.0	2	1.022567097764589	-7.153893747029995	138.0	23	1.05	0.95				
	210	1	69.70643789473684	14.29875649122807	0.0	0.0	2	1.05	-8.050926110219518	138.0	23	1.05	0.95				
	211	1	0.0	0.0	0.0	0.0	2	1.0011592746734415	-4.921442410387309	230.0	23	1.05	0.95				
	212	1	0.0	0.0	0.0	0.0	2	1.006467799502585	-4.303273491287963	230.0	23	1.05	0.95				
	213	2	94.72926175438596	19.303321263157898	0.0	0.0	2	0.9941222816260588	-3.9411124658567878	230.0	24	1.05	0.95				
	214	2	69.34896898245614	13.941287578947371	0.0	0.0	2	0.9973441070083262	-2.9450842693650716	230.0	26	1.05	0.95				
	215	2	113.31764519298247	22.878010385964913	0.0	0.0	2	1.0173935756907584	2.0023625276967714	230.0	26	1.05	0.95				
	216	2	35.746891228070176	7.149378245614035	0.0	0.0	2	1.0186505274796498	1.9806585637839982	230.0	26	1.05	0.95				
	217	1	0.0	0.0	0.0	0.0	2	1.0241821229556671	3.5558393015465817	230.0	27	1.05	0.95				
	218	2	119.03714778947369	24.307886035087723	0.0	0.0	2	1.0234484860064124	3.115510913782368	230.0	27	1.05	0.95				
	219	1	64.70187312280702	13.226349754385966	0.0	0.0	2	1.0199883981614724	1.7210176504937154	230.0	25	1.05	0.95				
	220	1	45.756020771929826	9.294191719298246	0.0	0.0	2	1.0232042062774582	2.204373424105795	230.0	25	1.05	0.95				
	221	2	0.0	0.0	0.0	0.0	2	1.025059706860877	3.5508544707571112	230.0	27	1.05	0.95				
	222	2	0.0	0.0	0.0	0.0	2	1.0471620667772084	10.078690910119791	230.0	27	1.05	0.95				
	223	2	0.0	0.0	0.0	0.0	2	1.0253122253747988	2.7464264890866033	230.0	25	1.05	0.95				
	224	1	0.0	0.0	0.0	0.0	2	1.0075648588967705	-0.9081532079711984	230.0	26	1.05	0.95				
	301	2	42.94716862736842	8.748497312982456	0.0	0.0	3	1.0080588301587563	-21.364438918084065	138.0	31	1.05	0.95				
	302	2	38.57291997087719	7.953179375438596	0.0	0.0	3	1.0080273343612722	-21.457689082568585	138.0	32	1.05	0.95				
	303	1	71.57861437894736	14.713381844561402	0.0	0.0	3	1.020657846901485	-16.776155861360206	138.0	31	1.05	0.95				
	304	1	29.426763689122804	5.964884531578947	0.0	0.0	3	1.0108099596749696	-20.123943228721817	138.0	31	1.05	0.95				
	305	1	28.233786782807012	5.5672255628070175	0.0	0.0	3	1.0239108489915414	-20.7535981302577	138.0	31	1.05	0.95				
	306	1	54.081619752982455	11.134451125614035	0.0	-100.0	3	1.0413436242098224	-20.898528483785466	138.0	32	1.05	0.95				
	307	2	49.70737109649123	9.941474219298245	0.0	0.0	3	0.9937365270492493	-25.190002959299594	138.0	32	1.05	0.95				
	308	1	67.99968366	13.918063907017542	0.0	0.0	3	1.0010242595337022	-23.425399114765966	138.0	32	1.05	0.95				
	309	1	69.59031953508772	14.315722875789472	0.0	0.0	3	1.025205971806197	-17.39883580874224	138.0	33	1.05	0.95				
	310	1	77.54349891052631	15.906358750877192	0.0	0.0	3	1.05	-18.861826366008817	138.0	33	1.05	0.95				
	311	1	0.0	0.0	0.0	0.0	3	1.005658528182026	-13.517991349519086	230.0	33	1.05	0.95				
	312	1	0.0	0.0	0.0	0.0	3	1.0100326106826585	-12.89570983396949	230.0	33	1.05	0.95				
	313	2	105.3796267245614	21.47358431368421	0.0	0.0	3	1.0091494815342006	-9.890858748873507	230.0	34	1.05	0.95				
	314	2	77.14583994175437	15.508699782105262	0.0	0.0	3	1.00301238280756	-11.961550422375712	230.0	36	1.05	0.95				
	315	2	126.05789310070175	25.450174001403507	0.0	0.0	3	1.026353231095595	-8.292652911364538	230.0	36	1.05	0.95				
	316	2	39.76589687719298	7.953179375438596	0.0	0.0	3	1.0261959902761115	-7.39256190044431	230.0	36	1.05	0.95				
	317	1	0.0	0.0	0.0	0.0	3	1.0307782455014196	-6.227209279190406	230.0	37	1.05	0.95				
	318	2	132.42043660105261	27.040809876491227	0.0	0.0	3	1.0298140231898383	-6.224912746515228	230.0	37	1.05	0.95				
	319	1	71.9762733477193	14.713381844561402	0.0	0.0	3	1.0242236319738478	-7.761056146412252	230.0	35	1.05	0.95				
	320	1	50.900348002807014	10.339133188070175	0.0	0.0	3	1.025019707707456	-7.30119363883132	230.0	35	1.05	0.95				
	321	2	0.0	0.0	0.0	0.0	3	1.0308443333524577	-6.388501629437484	230.0	37	1.05	0.95				
	322	2	0.0	0.0	0.0	0.0	3	1.0440798742278463	-1.9690169297536007	230.0	37	1.05	0.95				
	323	2	0.0	0.0	0.0	0.0	3	1.025975875108674	-6.740952884365255	230.0	35	1.05	0.95				
	324	1	0.0	0.0	0.0	0.0	3	1.0136201040471875	-11.482969240447133	230.0	36	1.05	0.95				
	325	1	0.0	0.0	0.0	0.0	3	1.0227102621488435	-5.385892794480527	230.0	35	1.05	0.95				
];
