%% MATPOWER Case Format : Version 2
function mpc = RTS_GMLC
mpc.version = '2';

%%-----  Power Flow Data  -----%%
%% system MVA base
mpc.baseMVA = 100.0;
%% bus data
%    bus_i    type    Pd    Qd    Gs    Bs    area    Vm    Va    baseKV    zone    Vmax    Vmin
mpc.bus = [
	101	2	37.2068283031579	7.5791687284210525	0.0	0.0	1	1.0341430379185244	3.680173740972172	138.0	11	1.05	0.95				
	102	2	33.417243938947365	6.890153389473684	0.0	0.0	1	1.033268176048506	3.432770648279284	138.0	12	1.05	0.95				
	103	1	62.01138050526316	12.746783770526315	0.0	0.0	1	1.0292692317838867	1.5627032645077563	138.0	11	1.05	0.95				
	104	1	25.49356754105263	5.167615042105264	0.0	0.0	1	1.0226591997238135	0.28207203539121145	138.0	11	1.05	0.95				
	105	1	24.460044532631578	4.82310737263158	0.0	0.0	1	1.0372635216754893	0.5641041429910393	138.0	11	1.05	0.95				
	106	1	46.85304304842106	9.64621474526316	0.0	-100.0	1	1.0477928668306695	-1.5865383435136253	138.0	12	1.05	0.95				
	107	2	43.063458684210524	8.612691736842105	0.0	0.0	1	1.0012689349171406	-6.956969766670868	138.0	12	1.05	0.95				
	108	1	58.91081148	12.057768431578946	0.0	0.0	1	1.0074065453679026	-5.58740400128213	138.0	12	1.05	0.95				
	109	1	60.28884215789474	12.402276101052632	0.0	0.0	1	1.024166895026852	-0.8977217845898382	138.0	13	1.05	0.95				
	110	1	67.17899554736843	13.780306778947368	0.0	0.0	1	1.05	-1.510100112412176	138.0	13	1.05	0.95				
	111	1	0.0	0.0	0.0	0.0	1	1.0004241435397194	0.3777198973415345	230.0	13	1.05	0.95				
	112	1	0.0	0.0	0.0	0.0	1	1.005699593074584	0.49379212506898057	230.0	13	1.05	0.95				
	113	3	91.29453241052632	18.60341415157895	0.0	0.0	1	0.989256537693346	3.5541550634625867e-31	230.0	14	1.05	0.95				
	114	2	66.83448787789473	13.435799109473685	0.0	0.0	1	0.9959268022308027	2.4315220987509867	230.0	16	1.05	0.95				
	115	2	109.20893122315789	22.04849084631579	0.0	0.0	1	1.032457448567897	7.578580378837027	230.0	16	1.05	0.95				
	116	2	34.45076694736842	6.890153389473684	0.0	0.0	1	1.0284415987128994	7.273651621945067	230.0	16	1.05	0.95				
	117	1	0.0	0.0	0.0	0.0	1	1.037071508979959	9.484559320149048	230.0	17	1.05	0.95				
	118	2	114.72105393473684	23.42652152421053	0.0	0.0	1	1.0399572682062321	9.60269624429435	230.0	17	1.05	0.95				
	119	1	62.35588817473685	12.746783770526315	0.0	0.0	1	1.0216975944760573	6.009979703712346	230.0	15	1.05	0.95				
	120	1	44.09698169263158	8.95719940631579	0.0	0.0	1	1.018012573609995	5.583934957939671	230.0	15	1.05	0.95				
	121	2	0.0	0.0	0.0	0.0	1	1.0435543330313868	10.507769559894351	230.0	17	1.05	0.95				
	122	2	0.0	0.0	0.0	0.0	1	1.05	17.46856196344203	230.0	17	1.05	0.95				
	123	2	0.0	0.0	0.0	0.0	1	1.016125051888128	5.621605122479888	230.0	15	1.05	0.95				
	124	1	0.0	0.0	0.0	0.0	1	1.0230641643490617	5.313769922793341	230.0	16	1.05	0.95				
	201	2	38.89563984000001	7.923185893333335	0.0	0.0	2	1.0194845794597742	-8.839359374450023	138.0	21	1.05	0.95				
	202	2	34.93404689333334	7.202896266666668	0.0	0.0	2	1.0193370136009514	-8.918649302239235	138.0	22	1.05	0.95				
	203	1	64.8260664	13.325358093333334	0.0	0.0	2	1.0162705918443562	-6.816547321893442	138.0	21	1.05	0.95				
	204	1	26.650716186666667	5.4021722	0.0	0.0	2	1.0157873782981515	-9.532432902167235	138.0	21	1.05	0.95				
	205	1	25.570281746666666	5.042027386666668	0.0	0.0	2	1.0305437989437036	-9.829102206935689	138.0	21	1.05	0.95				
	206	1	48.97969461333334	10.084054773333335	0.0	-100.0	2	1.0450493119644415	-10.794941983766456	138.0	22	1.05	0.95				
	207	2	45.018101666666674	9.003620333333334	0.0	0.0	2	0.9961113618573709	-15.465996697373908	138.0	22	1.05	0.95				
	208	1	61.58476308	12.605068466666665	0.0	0.0	2	1.0032821009749016	-13.884793723242025	138.0	22	1.05	0.95				
	209	1	63.02534233333334	12.965213280000002	0.0	0.0	2	1.0224246766567402	-8.537228177849306	138.0	23	1.05	0.95				
	210	1	70.2282386	14.405792533333337	0.0	0.0	2	1.05	-9.665603387586927	138.0	23	1.05	0.95				
	211	1	0.0	0.0	0.0	0.0	2	1.0020505140848253	-6.076431214541568	230.0	23	1.05	0.95				
	212	1	0.0	0.0	0.0	0.0	2	1.0055040543117617	-5.439726855188349	230.0	23	1.05	0.95				
	213	2	95.43837553333334	19.447819920000004	0.0	0.0	2	0.9951373122107172	-4.968152686144518	230.0	24	1.05	0.95				
	214	2	69.86809378666668	14.045647720000002	0.0	0.0	2	1.0001860887801466	-3.8735275094878423	230.0	26	1.05	0.95				
	215	2	114.16590582666669	23.049268053333336	0.0	0.0	2	1.0168292611662568	1.4835542660405263	230.0	26	1.05	0.95				
	216	2	36.014481333333336	7.202896266666668	0.0	0.0	2	1.0179902178606361	1.419985619550591	230.0	26	1.05	0.95				
	217	1	0.0	0.0	0.0	0.0	2	1.0232735486918596	3.075265181530955	230.0	27	1.05	0.95				
	218	2	119.92822284000002	24.48984730666667	0.0	0.0	2	1.0226585846683756	2.6197694285580844	230.0	27	1.05	0.95				
	219	1	65.18621121333335	13.325358093333334	0.0	0.0	2	1.0182566812119027	1.1861819016561375	230.0	25	1.05	0.95				
	220	1	46.09853610666667	9.363765146666667	0.0	0.0	2	1.020584310700802	1.6993981318107654	230.0	25	1.05	0.95				
	221	2	0.0	0.0	0.0	0.0	2	1.0243559494283696	3.04921182261737	230.0	27	1.05	0.95				
	222	2	0.0	0.0	0.0	0.0	2	1.0464333116560371	9.59454311336426	230.0	27	1.05	0.95				
	223	2	0.0	0.0	0.0	0.0	2	1.0222327641815452	2.2619920858448914	230.0	25	1.05	0.95				
	224	1	0.0	0.0	0.0	0.0	2	1.0063167923161802	-1.6548267715468044	230.0	26	1.05	0.95				
	301	2	42.94716862736842	8.748497312982456	0.0	0.0	3	1.009219378638248	-14.863133443761603	138.0	31	1.05	0.95				
	302	2	38.57291997087719	7.953179375438596	0.0	0.0	3	1.0091756011052508	-14.955017414054725	138.0	32	1.05	0.95				
	303	1	71.57861437894736	14.713381844561402	0.0	0.0	3	1.023907836961934	-9.602281789941106	138.0	31	1.05	0.95				
	304	1	29.426763689122804	5.964884531578947	0.0	0.0	3	1.0124110082985962	-13.315775072695486	138.0	31	1.05	0.95				
	305	1	28.233786782807012	5.5672255628070175	0.0	0.0	3	1.0246108084052052	-14.537425984103912	138.0	31	1.05	0.95				
	306	1	54.081619752982455	11.134451125614035	0.0	-100.0	3	1.0416465548397453	-14.833175023028906	138.0	32	1.05	0.95				
	307	2	49.70737109649123	9.941474219298245	0.0	0.0	3	0.9947904619261598	-18.692314466196784	138.0	32	1.05	0.95				
	308	1	67.99968366	13.918063907017542	0.0	0.0	3	1.0020570072194266	-16.93120931643291	138.0	32	1.05	0.95				
	309	1	69.59031953508772	14.315722875789472	0.0	0.0	3	1.0274790503708486	-10.352011162089768	138.0	33	1.05	0.95				
	310	1	77.54349891052631	15.906358750877192	0.0	0.0	3	1.05	-12.929754263572	138.0	33	1.05	0.95				
	311	1	0.0	0.0	0.0	0.0	3	1.004910478162037	-7.95358253561305	230.0	33	1.05	0.95				
	312	1	0.0	0.0	0.0	0.0	3	1.0102395195343754	-7.3390570495520775	230.0	33	1.05	0.95				
	313	2	105.3796267245614	21.47358431368421	0.0	0.0	3	1.0076520962908677	-4.642680462103947	230.0	34	1.05	0.95				
	314	2	77.14583994175437	15.508699782105262	0.0	0.0	3	0.997965036222038	-7.017659729085466	230.0	36	1.05	0.95				
	315	2	126.05789310070175	25.450174001403507	0.0	0.0	3	1.0204892787512454	-3.878781193378127	230.0	36	1.05	0.95				
	316	2	39.76589687719298	7.953179375438596	0.0	0.0	3	1.0197059006419533	-3.3041685749152254	230.0	36	1.05	0.95				
	317	1	0.0	0.0	0.0	0.0	3	1.0266352322429901	-1.277204164054801	230.0	37	1.05	0.95				
	318	2	132.42043660105261	27.040809876491227	0.0	0.0	3	1.0247003769126817	-1.8607120232133934	230.0	37	1.05	0.95				
	319	1	71.9762733477193	14.713381844561402	0.0	0.0	3	1.0170773246334566	-3.661582558750916	230.0	35	1.05	0.95				
	320	1	50.900348002807014	10.339133188070175	0.0	0.0	3	1.0173514672303532	-3.1814208400198933	230.0	35	1.05	0.95				
	321	2	0.0	0.0	0.0	0.0	3	1.025566787183811	-1.9752916076739893	230.0	37	1.05	0.95				
	322	2	0.0	0.0	0.0	0.0	3	1.0394770988645095	2.6938180768852384	230.0	37	1.05	0.95				
	323	2	0.0	0.0	0.0	0.0	3	1.018050853327568	-2.605077637705455	230.0	35	1.05	0.95				
	324	1	0.0	0.0	0.0	0.0	3	1.0139390937341306	-6.051128065017569	230.0	36	1.05	0.95				
	325	1	0.0	0.0	0.0	0.0	3	1.0167053861966013	-1.4870084760871136	230.0	35	1.05	0.95				
];
