%% MATPOWER Case Format : Version 2
function mpc = RTS_GMLC
mpc.version = '2';

%%-----  Power Flow Data  -----%%
%% system MVA base
mpc.baseMVA = 100.0;
%% bus data
%    bus_i    type    Pd    Qd    Gs    Bs    area    Vm    Va    baseKV    zone    Vmax    Vmin
mpc.bus = [
	101	2	39.264225612631584	7.998268180350878	0.0	0.0	1	1.0323897455982463	3.253584278659099	138.0	11	1.05	0.95				
	102	2	35.26509152245614	7.271152891228071	0.0	0.0	1	1.0314900592106373	3.0024880982933264	138.0	12	1.05	0.95				
	103	1	65.44037602105263	13.45163284877193	0.0	0.0	1	1.0307527749151617	1.2805342617348023	138.0	11	1.05	0.95				
	104	1	26.90326569754386	5.453364668421052	0.0	0.0	1	1.02189395931651	-0.10006661182527295	138.0	11	1.05	0.95				
	105	1	25.812592763859648	5.089807023859649	0.0	0.0	1	1.036147742344104	0.16130954095576613	138.0	11	1.05	0.95				
	106	1	49.44383966035088	10.179614047719298	0.0	-100.0	1	1.0468612662799122	-1.9900862279913765	138.0	12	1.05	0.95				
	107	2	45.44470557017544	9.088941114035087	0.0	0.0	1	1.0004390540269101	-7.154019096426205	138.0	12	1.05	0.95				
	108	1	62.16835721999999	12.72451755964912	0.0	0.0	1	1.0065451697507894	-5.883658110911481	138.0	12	1.05	0.95				
	109	1	63.62258779824561	13.088075204210526	0.0	0.0	1	1.0248222678308831	-1.157997772817766	138.0	13	1.05	0.95				
	110	1	70.89374068947369	14.542305782456141	0.0	0.0	1	1.05	-1.8227562467420801	138.0	13	1.05	0.95				
	111	1	0.0	0.0	0.0	0.0	1	1.0019367409962294	0.21344760604514457	230.0	13	1.05	0.95				
	112	1	0.0	0.0	0.0	0.0	1	1.0069827388673513	0.4351969719680984	230.0	13	1.05	0.95				
	113	3	96.34277580877192	19.632112806315792	0.0	0.0	1	0.9911870679108045	3.332682318769765e-28	230.0	14	1.05	0.95				
	114	2	70.53018304491228	14.178748137894736	0.0	0.0	1	0.9985233825518869	2.2383151689293452	230.0	16	1.05	0.95				
	115	2	115.2477733259649	23.267689251929824	0.0	0.0	1	1.0383650884149984	7.606599797322422	230.0	16	1.05	0.95				
	116	2	36.35576445614035	7.271152891228071	0.0	0.0	1	1.03316537957607	7.140177969416289	230.0	16	1.05	0.95				
	117	1	0.0	0.0	0.0	0.0	1	1.0420101625917855	8.96603178270069	230.0	17	1.05	0.95				
	118	2	121.06469563894737	24.72191983017544	0.0	0.0	1	1.0453934745106086	8.898891211747552	230.0	17	1.05	0.95				
	119	1	65.80393366561404	13.45163284877193	0.0	0.0	1	1.0260270392592536	6.043896877608004	230.0	15	1.05	0.95				
	120	1	46.53537850385965	9.45249875859649	0.0	0.0	1	1.0221094099282209	5.795333211369003	230.0	15	1.05	0.95				
	121	2	0.0	0.0	0.0	0.0	1	1.05	9.66583765854966	230.0	17	1.05	0.95				
	122	2	0.0	0.0	0.0	0.0	1	1.05	16.832719396750072	230.0	17	1.05	0.95				
	123	2	0.0	0.0	0.0	0.0	1	1.0201828829413444	5.9435856399621345	230.0	15	1.05	0.95				
	124	1	0.0	0.0	0.0	0.0	1	1.0269730912797082	5.237014567709007	230.0	16	1.05	0.95				
	201	2	42.56760584842106	8.671178969122808	0.0	0.0	2	1.0260366596046988	-6.913153494057255	138.0	21	1.05	0.95				
	202	2	38.23201636385965	7.882889971929825	0.0	0.0	2	1.0270452937924825	-6.711296384653967	138.0	22	1.05	0.95				
	203	1	70.94600974736844	14.583346448070175	0.0	0.0	2	1.017417677383565	-6.546545686312076	138.0	21	1.05	0.95				
	204	1	29.16669289614035	5.912167478947369	0.0	0.0	2	1.0185709688473037	-8.55900097713581	138.0	21	1.05	0.95				
	205	1	27.98425940035088	5.518022980350878	0.0	0.0	2	1.033219043670161	-8.784552484051039	138.0	21	1.05	0.95				
	206	1	53.60365180912281	11.036045960701756	0.0	-100.0	2	1.045575155221557	-10.185104488674568	138.0	22	1.05	0.95				
	207	2	49.268062324561406	9.853612464912281	0.0	0.0	2	0.9921790167957603	-15.936374541144655	138.0	22	1.05	0.95				
	208	1	67.39870926	13.795057450877193	0.0	0.0	2	0.9997022639075783	-14.186725356681412	138.0	22	1.05	0.95				
	209	1	68.97528725438598	14.189201949473684	0.0	0.0	2	1.0225607446825637	-8.449849662196746	138.0	23	1.05	0.95				
	210	1	76.85817722631579	15.76577994385965	0.0	0.0	2	1.05	-9.415638899010192	138.0	23	1.05	0.95				
	211	1	0.0	0.0	0.0	0.0	2	1.0029199254760972	-6.125679713779093	230.0	23	1.05	0.95				
	212	1	0.0	0.0	0.0	0.0	2	1.0077345534827404	-5.597310154783864	230.0	23	1.05	0.95				
	213	2	104.4482921280702	21.28380292421053	0.0	0.0	2	0.9960260761351959	-5.274074281614334	230.0	24	1.05	0.95				
	214	2	76.4640327277193	15.37163544526316	0.0	0.0	2	1.0011672670423282	-3.9281172091132865	230.0	26	1.05	0.95				
	215	2	124.94380605508772	25.22524791017544	0.0	0.0	2	1.0207880036383459	1.7131023995745935	230.0	26	1.05	0.95				
	216	2	39.414449859649125	7.882889971929825	0.0	0.0	2	1.022362308433797	1.5424090115937075	230.0	26	1.05	0.95				
	217	1	0.0	0.0	0.0	0.0	2	1.027905304010764	3.609521076293592	230.0	27	1.05	0.95				
	218	2	131.25011803263158	26.801825904561404	0.0	0.0	2	1.0278546509095687	3.417075417618741	230.0	27	1.05	0.95				
	219	1	71.34015424596491	14.583346448070175	0.0	0.0	2	1.0232384938434411	0.9136025985686662	230.0	25	1.05	0.95				
	220	1	50.45049582035088	10.247756963508772	0.0	0.0	2	1.0265072245284332	1.1434196694678225	230.0	25	1.05	0.95				
	221	2	0.0	0.0	0.0	0.0	2	1.0290258845263855	3.6409609999640122	230.0	27	1.05	0.95				
	222	2	0.0	0.0	0.0	0.0	2	1.05	10.119618443324534	230.0	27	1.05	0.95				
	223	2	0.0	0.0	0.0	0.0	2	1.0287448611516767	1.5720215633743502	230.0	25	1.05	0.95				
	224	1	0.0	0.0	0.0	0.0	2	1.009223410026543	-1.4004422118979565	230.0	26	1.05	0.95				
	301	2	45.85131288000001	9.340082253333334	0.0	0.0	3	1.0069305288509316	-23.2761914648095	138.0	31	1.05	0.95				
	302	2	41.181271753333334	8.490983866666667	0.0	0.0	3	1.006812711777137	-23.39931253419222	138.0	32	1.05	0.95				
	303	1	76.4188548	15.708320153333332	0.0	0.0	3	1.025297150124889	-17.66291060671703	138.0	31	1.05	0.95				
	304	1	31.416640306666665	6.3682379	0.0	0.0	3	1.010152281169823	-22.041978110296842	138.0	31	1.05	0.95				
	305	1	30.142992726666666	5.943688706666667	0.0	0.0	3	1.0229799720459214	-22.775538750259418	138.0	31	1.05	0.95				
	306	1	57.73869029333334	11.887377413333335	0.0	-100.0	3	1.0402730037280232	-23.006966883572332	138.0	32	1.05	0.95				
	307	2	53.068649166666674	10.613729833333334	0.0	0.0	3	0.9931050185024713	-27.63403887083869	138.0	32	1.05	0.95				
	308	1	72.59791206	14.859221766666666	0.0	0.0	3	0.9997418112282148	-25.72848628362463	138.0	32	1.05	0.95				
	309	1	74.29610883333334	15.283770960000002	0.0	0.0	3	1.0260801017842307	-19.191994364893073	138.0	33	1.05	0.95				
	310	1	82.7870927	16.981967733333335	0.0	0.0	3	1.05	-20.907827948985716	138.0	33	1.05	0.95				
	311	1	0.0	0.0	0.0	0.0	3	1.0079084158874785	-15.387197482153173	230.0	33	1.05	0.95				
	312	1	0.0	0.0	0.0	0.0	3	1.0119819436715696	-14.680539338875786	230.0	33	1.05	0.95				
	313	2	112.50553623333333	22.925656440000004	0.0	0.0	3	1.0116189513453069	-11.716411363027817	230.0	34	1.05	0.95				
	314	2	82.36254350666667	16.55741854	0.0	0.0	3	1.0071398255763653	-13.839005056604925	230.0	36	1.05	0.95				
	315	2	134.5820942866667	27.171148373333338	0.0	0.0	3	1.0306950579098015	-9.99529863122693	230.0	36	1.05	0.95				
	316	2	42.454919333333336	8.490983866666667	0.0	0.0	3	1.0307474995529236	-9.119090437274725	230.0	36	1.05	0.95				
	317	1	0.0	0.0	0.0	0.0	3	1.0351393081637954	-7.950243794534897	230.0	37	1.05	0.95				
	318	2	141.37488138	28.86934514666667	0.0	0.0	3	1.0340860888412005	-7.9395246937041355	230.0	37	1.05	0.95				
	319	1	76.84340399333334	15.708320153333332	0.0	0.0	3	1.0292150107126292	-9.410290568862148	230.0	35	1.05	0.95				
	320	1	54.342296746666676	11.038279026666666	0.0	0.0	3	1.030676629369045	-8.839465089298054	230.0	35	1.05	0.95				
	321	2	0.0	0.0	0.0	0.0	3	1.035118228581864	-8.103735043022205	230.0	37	1.05	0.95				
	322	2	0.0	0.0	0.0	0.0	3	1.0482999021722386	-3.722541753017313	230.0	37	1.05	0.95				
	323	2	0.0	0.0	0.0	0.0	3	1.0321430976736772	-8.20236752874962	230.0	35	1.05	0.95				
	324	1	0.0	0.0	0.0	0.0	3	1.0188895768630253	-12.878426769927076	230.0	36	1.05	0.95				
	325	1	0.0	0.0	0.0	0.0	3	1.027543893568483	-6.7128418958678955	230.0	35	1.05	0.95				
];
