%% MATPOWER Case Format : Version 2
function mpc = RTS_GMLC
mpc.version = '2';

%%-----  Power Flow Data  -----%%
%% system MVA base
mpc.baseMVA = 100.0;
%% bus data
%    bus_i    type    Pd    Qd    Gs    Bs    area    Vm    Va    baseKV    zone    Vmax    Vmin
mpc.bus = [
	101	2	73.74567046736841	15.022266206315788	0.0	0.0	1	1.0490139713683384	-0.647575053625172	138.0	11	1.05	0.95				
	102	2	66.23453736421052	13.656605642105262	0.0	0.0	1	1.0478824436776815	-1.006404838984712	138.0	12	1.05	0.95				
	103	1	122.90945077894735	25.264720437894734	0.0	0.0	1	1.0291967535063686	-2.1024757480226963	138.0	11	1.05	0.95				
	104	1	50.52944087578947	10.242454231578947	0.0	0.0	1	1.0264975560632736	-4.233451260463733	138.0	11	1.05	0.95				
	105	1	48.48095002947368	9.559623949473684	0.0	0.0	1	1.0398088001036543	-4.631226820635655	138.0	11	1.05	0.95				
	106	1	92.86491836631579	19.119247898947368	0.0	-100.0	1	1.0412238935470097	-7.567766036658722	138.0	12	1.05	0.95				
	107	2	85.35378526315789	17.070757052631578	0.0	0.0	1	1.0015905192607382	-13.96179736865313	138.0	12	1.05	0.95				
	108	1	116.76397823999997	23.899059873684205	0.0	0.0	1	0.9965779014280385	-12.69799005579835	138.0	12	1.05	0.95				
	109	1	119.49529936842104	24.58189015578947	0.0	0.0	1	1.0259778332218459	-5.227071838569385	138.0	13	1.05	0.95				
	110	1	133.1519050105263	27.313211284210524	0.0	0.0	1	1.05	-6.5961333318281055	138.0	13	1.05	0.95				
	111	1	0.0	0.0	0.0	0.0	1	1.013277085152252	-2.245170033977175	230.0	13	1.05	0.95				
	112	1	0.0	0.0	0.0	0.0	1	1.0152405668208146	-1.6486079383867909	230.0	13	1.05	0.95				
	113	3	180.9500247578947	36.87283523368421	0.0	0.0	1	1.0142561100350702	1.8956399897643407e-31	230.0	14	1.05	0.95				
	114	2	132.46907472842105	26.630381002105263	0.0	0.0	1	1.0161334320797373	-0.4960286983778508	230.0	16	1.05	0.95				
	115	2	216.45719942736838	43.70113805473684	0.0	0.0	1	1.0438040583902244	6.860222595714936	230.0	16	1.05	0.95				
	116	2	68.28302821052631	13.656605642105262	0.0	0.0	1	1.0407626431549761	6.106443013372719	230.0	16	1.05	0.95				
	117	1	0.0	0.0	0.0	0.0	1	1.044979446543817	9.044006900478273	230.0	17	1.05	0.95				
	118	2	227.3824839410526	46.432459183157896	0.0	0.0	1	1.0472462362248578	9.498725000946525	230.0	17	1.05	0.95				
	119	1	123.59228106105262	25.264720437894734	0.0	0.0	1	1.0337107279625828	4.748004252571768	230.0	15	1.05	0.95				
	120	1	87.40227610947368	17.75358733473684	0.0	0.0	1	1.0327915198111841	4.498913156443227	230.0	15	1.05	0.95				
	121	2	0.0	0.0	0.0	0.0	1	1.05	11.152204059519299	230.0	17	1.05	0.95				
	122	2	0.0	0.0	0.0	0.0	1	1.05	17.54787697614974	230.0	17	1.05	0.95				
	123	2	0.0	0.0	0.0	0.0	1	1.0339799782756718	4.874694206371854	230.0	15	1.05	0.95				
	124	1	0.0	0.0	0.0	0.0	1	1.0270162848816886	3.51973632434071	230.0	16	1.05	0.95				
	201	2	66.33338581894738	13.512356370526316	0.0	0.0	2	1.025485682227204	-10.679759863748506	138.0	21	1.05	0.95				
	202	2	59.57720763368422	12.283960336842107	0.0	0.0	2	1.0264813105261092	-10.463417086252669	138.0	22	1.05	0.95				
	203	1	110.55564303157897	22.725326623157898	0.0	0.0	2	1.0160483592824656	-9.722528975636536	138.0	21	1.05	0.95				
	204	1	45.450653246315795	9.212970252631578	0.0	0.0	2	1.0154659517636748	-11.326269754780729	138.0	21	1.05	0.95				
	205	1	43.60805919578947	8.598772235789474	0.0	0.0	2	1.030053625638233	-11.672241333340061	138.0	21	1.05	0.95				
	206	1	83.53093029052633	17.197544471578947	0.0	-100.0	2	1.039454710733627	-12.767177270487155	138.0	22	1.05	0.95				
	207	2	76.77475210526316	15.354950421052632	0.0	0.0	2	0.9898830302360743	-21.579834977884367	138.0	22	1.05	0.95				
	208	1	105.02786088	21.496930589473685	0.0	0.0	2	0.9891457643907087	-18.618220384571437	138.0	22	1.05	0.95				
	209	1	107.48465294736842	22.111128606315788	0.0	0.0	2	1.0252990441034369	-9.521568708084738	138.0	23	1.05	0.95				
	210	1	119.76861328421053	24.567920673684213	0.0	0.0	2	1.05	-10.718379173317132	138.0	23	1.05	0.95				
	211	1	0.0	0.0	0.0	0.0	2	1.0149758894137624	-6.0081367335673255	230.0	23	1.05	0.95				
	212	1	0.0	0.0	0.0	0.0	2	1.0177401229476082	-1.5016191289639356	230.0	23	1.05	0.95				
	213	2	162.7624744631579	33.16669290947369	0.0	0.0	2	1.0172688612277243	-3.4340504357006445	230.0	24	1.05	0.95				
	214	2	119.15441526736844	23.953722656842107	0.0	0.0	2	1.020293849202208	-4.131737059816284	230.0	26	1.05	0.95				
	215	2	194.70077133894736	39.30867307789474	0.0	0.0	2	1.037447412082398	2.270498902359536	230.0	26	1.05	0.95				
	216	2	61.419801684210526	12.283960336842107	0.0	0.0	2	1.0372433131768444	2.2809533090540004	230.0	26	1.05	0.95				
	217	1	0.0	0.0	0.0	0.0	2	1.0410392681497216	4.409092521594653	230.0	27	1.05	0.95				
	218	2	204.52793960842106	41.765465145263164	0.0	0.0	2	1.0416016765486178	4.6003078087979645	230.0	27	1.05	0.95				
	219	1	111.16984104842106	22.725326623157898	0.0	0.0	2	1.0354344406259537	2.520942237203313	230.0	25	1.05	0.95				
	220	1	78.61734615578948	15.969148437894736	0.0	0.0	2	1.0389978804587463	3.8980272433886762	230.0	25	1.05	0.95				
	221	2	0.0	0.0	0.0	0.0	2	1.0421181167838087	4.588582834391795	230.0	27	1.05	0.95				
	222	2	0.0	0.0	0.0	0.0	2	1.05	11.022555676081993	230.0	27	1.05	0.95				
	223	2	0.0	0.0	0.0	0.0	2	1.042861247596335	5.105462932925679	230.0	25	1.05	0.95				
	224	1	0.0	0.0	0.0	0.0	2	1.0144681839201681	-2.1773628116574097	230.0	26	1.05	0.95				
	301	2	64.26700412210526	13.091426765614036	0.0	0.0	3	0.9977921998165236	-1.3961058469481367	138.0	31	1.05	0.95				
	302	2	57.72129073929825	11.901297059649124	0.0	0.0	3	0.9975805592519398	-1.4700767352251412	138.0	32	1.05	0.95				
	303	1	107.1116735368421	22.017399560350878	0.0	0.0	3	1.018833517396062	2.855799276957971	138.0	31	1.05	0.95				
	304	1	44.034799120701756	8.925972794736841	0.0	0.0	3	1.0024096326250516	0.5145116542204563	138.0	31	1.05	0.95				
	305	1	42.24960456175438	8.330907941754386	0.0	0.0	3	1.0149428454010754	0.29964679820206	138.0	31	1.05	0.95				
	306	1	80.92882000561404	16.661815883508773	0.0	-100.0	3	1.0326013789700035	0.5752095456844745	138.0	32	1.05	0.95				
	307	2	74.38310662280702	14.876621324561404	0.0	0.0	3	0.9917106520245837	-3.962074209881868	138.0	32	1.05	0.95				
	308	1	101.75608986	20.827269854385964	0.0	0.0	3	0.9992824544041385	-1.2543454187905936	138.0	32	1.05	0.95				
	309	1	104.13634927192983	21.42233470736842	0.0	0.0	3	1.027292809849188	4.556463240592429	138.0	33	1.05	0.95				
	310	1	116.03764633157894	23.80259411929825	0.0	0.0	3	1.05	3.8945793766058228	138.0	33	1.05	0.95				
	311	1	0.0	0.0	0.0	0.0	3	1.015701834489666	10.115729257796593	230.0	33	1.05	0.95				
	312	1	0.0	0.0	0.0	0.0	3	1.0205394492891702	11.301370595780796	230.0	33	1.05	0.95				
	313	2	157.69218604035086	32.13350206105263	0.0	0.0	3	1.0376119441725828	17.705900329212568	230.0	34	1.05	0.95				
	314	2	115.4425814785965	23.20752926631579	0.0	0.0	3	1.0164133847413892	9.252302511509747	230.0	36	1.05	0.95				
	315	2	188.6355583954386	38.0841505908772	0.0	0.0	3	1.0304251859799651	5.2318548674721255	230.0	36	1.05	0.95				
	316	2	59.506485298245615	11.901297059649124	0.0	0.0	3	1.0309916785375273	6.292430980318564	230.0	36	1.05	0.95				
	317	1	0.0	0.0	0.0	0.0	3	1.0355383879190867	6.110966028169431	230.0	37	1.05	0.95				
	318	2	198.1565960431579	40.46441000280702	0.0	0.0	3	1.0337744144002554	5.217239303835603	230.0	37	1.05	0.95				
	319	1	107.70673838982457	22.017399560350878	0.0	0.0	3	1.0310855413878899	8.772944608404629	230.0	35	1.05	0.95				
	320	1	76.1683011817544	15.47168617754386	0.0	0.0	3	1.0336920145205366	10.603192492442503	230.0	35	1.05	0.95				
	321	2	0.0	0.0	0.0	0.0	3	1.0346527021022915	5.779715299228951	230.0	37	1.05	0.95				
	322	2	0.0	0.0	0.0	0.0	3	1.048253790630485	10.23097541054362	230.0	37	1.05	0.95				
	323	2	0.0	0.0	0.0	0.0	3	1.0352903762902896	11.361157781376356	230.0	35	1.05	0.95				
	324	1	0.0	0.0	0.0	0.0	3	1.023146785276156	6.184260788911886	230.0	36	1.05	0.95				
	325	1	0.0	0.0	0.0	0.0	3	1.0374275186704975	11.350629371532754	230.0	35	1.05	0.95				
];
