%% MATPOWER Case Format : Version 2
function mpc = RTS_GMLC
mpc.version = '2';

%%-----  Power Flow Data  -----%%
%% system MVA base
mpc.baseMVA = 100.0;
%% bus data
%    bus_i    type    Pd    Qd    Gs    Bs    area    Vm    Va    baseKV    zone    Vmax    Vmin
mpc.bus = [
	101	2	42.991588307368424	8.757545766315788	0.0	0.0	1	1.0173233749544297	-2.079181726845208	138.0	11	1.05	0.95				
	102	2	38.612815424210524	7.961405242105263	0.0	0.0	1	1.0163937984853142	-2.322549095920823	138.0	12	1.05	0.95				
	103	1	71.65264717894738	14.728599697894737	0.0	0.0	1	1.033646869834243	1.3733496161745564	138.0	11	1.05	0.95				
	104	1	29.457199395789473	5.971053931578947	0.0	0.0	1	1.018484024919471	-2.857059278591269	138.0	11	1.05	0.95				
	105	1	28.262988609473684	5.572983669473684	0.0	0.0	1	1.0287092050992341	-3.949786753766197	138.0	11	1.05	0.95				
	106	1	54.137555646315796	11.145967338947369	0.0	-100.0	1	1.0429683642039014	-5.455139617315281	138.0	12	1.05	0.95				
	107	2	49.758782763157896	9.95175655263158	0.0	0.0	1	1.000765163846304	-10.8815970437187	138.0	12	1.05	0.95				
	108	1	68.07001482	13.932459173684208	0.0	0.0	1	1.0050875511709063	-9.05201459383541	138.0	12	1.05	0.95				
	109	1	69.66229586842105	14.33052943578947	0.0	0.0	1	1.0256081159642783	-2.7806934896994195	138.0	13	1.05	0.95				
	110	1	77.62370111052631	15.922810484210526	0.0	0.0	1	1.05	-4.546939497523646	138.0	13	1.05	0.95				
	111	1	0.0	0.0	0.0	0.0	1	1.0059111464754662	-0.516160195137979	230.0	13	1.05	0.95				
	112	1	0.0	0.0	0.0	0.0	1	1.0096234297607127	-1.2827053766997316	230.0	13	1.05	0.95				
	113	3	105.48861945789474	21.495794153684212	0.0	0.0	1	0.9988581520811369	-1.0475666053938486e-29	230.0	14	1.05	0.95				
	114	2	77.22563084842105	15.524740222105263	0.0	0.0	1	1.0071922634414816	2.301754527058226	230.0	16	1.05	0.95				
	115	2	126.18827308736842	25.47649677473684	0.0	0.0	1	1.042880112542399	9.994441571329194	230.0	16	1.05	0.95				
	116	2	39.80702621052632	7.961405242105263	0.0	0.0	1	1.0371676930516167	8.553815570650427	230.0	16	1.05	0.95				
	117	1	0.0	0.0	0.0	0.0	1	1.043111164502361	13.156833880496276	230.0	17	1.05	0.95				
	118	2	132.55739728105263	27.068777823157898	0.0	0.0	1	1.0491546752294354	14.014210652638273	230.0	17	1.05	0.95				
	119	1	72.05071744105263	14.728599697894737	0.0	0.0	1	1.0261153315617992	5.423402061104934	230.0	15	1.05	0.95				
	120	1	50.95299354947368	10.349826814736842	0.0	0.0	1	1.0203808232052594	2.93810579201668	230.0	15	1.05	0.95				
	121	2	0.0	0.0	0.0	0.0	1	1.05	15.275716840267014	230.0	17	1.05	0.95				
	122	2	0.0	0.0	0.0	0.0	1	1.05	25.27330047545684	230.0	17	1.05	0.95				
	123	2	0.0	0.0	0.0	0.0	1	1.0180732346687404	1.8721722352294987	230.0	15	1.05	0.95				
	124	1	0.0	0.0	0.0	0.0	1	1.0284980396638073	6.763912287484971	230.0	16	1.05	0.95				
	201	2	39.25263656842105	7.995907449122807	0.0	0.0	2	1.0158140045898565	-14.782394508511752	138.0	21	1.05	0.95				
	202	2	35.25468284385965	7.269006771929824	0.0	0.0	2	1.0148975154125162	-15.057320715617456	138.0	22	1.05	0.95				
	203	1	65.42106094736843	13.447662528070175	0.0	0.0	2	1.0162715538356297	-11.209382007218768	138.0	21	1.05	0.95				
	204	1	26.89532505614035	5.451755078947369	0.0	0.0	2	1.0136340811759323	-14.76996963120705	138.0	21	1.05	0.95				
	205	1	25.804974040350874	5.088304740350877	0.0	0.0	2	1.028625775153708	-15.16356032702049	138.0	21	1.05	0.95				
	206	1	49.42924604912281	10.176609480701755	0.0	-100.0	2	1.0440083801284017	-15.852194244270688	138.0	22	1.05	0.95				
	207	2	45.4312923245614	9.08625846491228	0.0	0.0	2	0.9979887778403348	-20.14667972329959	138.0	22	1.05	0.95				
	208	1	62.150007900000006	12.720761850877194	0.0	0.0	2	1.0042597154214326	-18.541120119269895	138.0	22	1.05	0.95				
	209	1	63.603809254385965	13.084212189473684	0.0	0.0	2	1.0225735779694298	-13.023841013320675	138.0	23	1.05	0.95				
	210	1	70.87281602631579	14.538013543859648	0.0	0.0	2	1.05	-14.374357023788376	138.0	23	1.05	0.95				
	211	1	0.0	0.0	0.0	0.0	2	1.0017163314467326	-10.85528814985084	230.0	23	1.05	0.95				
	212	1	0.0	0.0	0.0	0.0	2	1.0064803695736828	-8.970868908960126	230.0	23	1.05	0.95				
	213	2	96.31433972807018	19.626318284210527	0.0	0.0	2	0.9927211496475685	-9.834029686433835	230.0	24	1.05	0.95				
	214	2	70.5093656877193	14.174563205263158	0.0	0.0	2	1.0007250725233356	-8.753498965860713	230.0	26	1.05	0.95				
	215	2	115.21375733508772	23.26082167017544	0.0	0.0	2	1.0201941902536982	-2.162505339625605	230.0	26	1.05	0.95				
	216	2	36.34503385964912	7.269006771929824	0.0	0.0	2	1.0182408515651704	-3.573233432802739	230.0	26	1.05	0.95				
	217	1	0.0	0.0	0.0	0.0	2	1.0245394357304964	-1.3096018649478038	230.0	27	1.05	0.95				
	218	2	121.02896275263157	24.714623024561405	0.0	0.0	2	1.0247152532590986	-1.5862256212739534	230.0	27	1.05	0.95				
	219	1	65.78451128596492	13.447662528070175	0.0	0.0	2	1.013719387883686	-5.01877504414823	230.0	25	1.05	0.95				
	220	1	46.52164334035088	9.449708803508772	0.0	0.0	2	1.012331198449644	-5.551978225032596	230.0	25	1.05	0.95				
	221	2	0.0	0.0	0.0	0.0	2	1.026737671410212	-0.9837895221666129	230.0	27	1.05	0.95				
	222	2	0.0	0.0	0.0	0.0	2	1.0484666143476031	5.397471467088845	230.0	27	1.05	0.95				
	223	2	0.0	0.0	0.0	0.0	2	1.0118123851070409	-5.556315863896072	230.0	25	1.05	0.95				
	224	1	0.0	0.0	0.0	0.0	2	1.0075725932031068	-5.571771760144366	230.0	26	1.05	0.95				
	301	2	63.49826004631579	12.934830750175438	0.0	0.0	3	0.9935705465338714	-0.24249726364677315	138.0	31	1.05	0.95				
	302	2	57.03084467122807	11.758937045614037	0.0	0.0	3	0.9934965991444289	-0.27300015382023607	138.0	32	1.05	0.95				
	303	1	105.83043341052631	21.754033534385965	0.0	0.0	3	1.0140995843015876	2.3817188486282723	138.0	31	1.05	0.95				
	304	1	43.50806706877193	8.819202784210527	0.0	0.0	3	1.000352666211842	1.7168205158843084	138.0	31	1.05	0.95				
	305	1	41.744226511929824	8.231255931929825	0.0	0.0	3	1.0125936891646636	1.7862646996185088	138.0	31	1.05	0.95				
	306	1	79.96077191017544	16.46251186385965	0.0	-100.0	3	1.0316714757490815	2.2491100221484275	138.0	32	1.05	0.95				
	307	2	73.49335653508771	14.698671307017545	0.0	0.0	3	0.9918681136270328	-1.179365437036504	138.0	32	1.05	0.95				
	308	1	100.53891174	20.57813982982456	0.0	0.0	3	1.0023961150768583	1.4406502867456552	138.0	32	1.05	0.95				
	309	1	102.89069914912281	21.166086682105263	0.0	0.0	3	1.0266613850058692	5.734814978512187	138.0	33	1.05	0.95				
	310	1	114.64963619473684	23.517874091228073	0.0	0.0	3	1.05	5.682362680841008	138.0	33	1.05	0.95				
	311	1	0.0	0.0	0.0	0.0	3	1.0156854938316973	11.389351453702309	230.0	33	1.05	0.95				
	312	1	0.0	0.0	0.0	0.0	3	1.0208187746103483	13.022530643862794	230.0	33	1.05	0.95				
	313	2	155.80591585438597	31.749130023157896	0.0	0.0	3	1.0364046694997135	19.204476317285028	230.0	34	1.05	0.95				
	314	2	114.06168934245613	22.92992723894737	0.0	0.0	3	1.0175829789752382	10.121620474709758	230.0	36	1.05	0.95				
	315	2	186.37915217298243	37.62859854596491	0.0	0.0	3	1.0332857728176617	4.347790620923909	230.0	36	1.05	0.95				
	316	2	58.79468522807018	11.758937045614037	0.0	0.0	3	1.0351918159523268	5.849637499846951	230.0	36	1.05	0.95				
	317	1	0.0	0.0	0.0	0.0	3	1.0376448316748628	4.525643465865203	230.0	37	1.05	0.95				
	318	2	195.78630180947368	39.98038595508772	0.0	0.0	3	1.034814107502509	3.0136107118732087	230.0	37	1.05	0.95				
	319	1	106.418380262807	21.754033534385965	0.0	0.0	3	1.0344856916377942	9.46681545444433	230.0	35	1.05	0.95				
	320	1	75.25719709192983	15.286618159298246	0.0	0.0	3	1.0372850700723315	12.085294336711412	230.0	35	1.05	0.95				
	321	2	0.0	0.0	0.0	0.0	3	1.0363675123330325	4.0380519471774665	230.0	37	1.05	0.95				
	322	2	0.0	0.0	0.0	0.0	3	1.0499998178490815	8.536641315171314	230.0	37	1.05	0.95				
	323	2	0.0	0.0	0.0	0.0	3	1.0388858068079307	13.062619034472942	230.0	35	1.05	0.95				
	324	1	0.0	0.0	0.0	0.0	3	1.0236079887026521	5.694810851223255	230.0	36	1.05	0.95				
	325	1	0.0	0.0	0.0	0.0	3	1.040243548548804	13.254904159215188	230.0	35	1.05	0.95				
];
