%% MATPOWER Case Format : Version 2
function mpc = RTS_GMLC
mpc.version = '2';

%%-----  Power Flow Data  -----%%
%% system MVA base
mpc.baseMVA = 100.0;
%% bus data
%    bus_i    type    Pd    Qd    Gs    Bs    area    Vm    Va    baseKV    zone    Vmax    Vmin
mpc.bus = [
	101	2	53.49233053894737	10.896585850526314	0.0	0.0	1	1.0297863150044808	1.719815782517496	138.0	11	1.05	0.95				
	102	2	48.04403761368421	9.905987136842105	0.0	0.0	1	1.027349080146894	1.0372948625963738	138.0	12	1.05	0.95				
	103	1	89.15388423157896	18.326076203157893	0.0	0.0	1	1.0306848938945934	3.561632403347228	138.0	11	1.05	0.95				
	104	1	36.652152406315786	7.429490352631578	0.0	0.0	1	1.0205889823411227	-1.1590754485558155	138.0	11	1.05	0.95				
	105	1	35.16625433578947	6.934190995789474	0.0	0.0	1	1.0327540787086276	-1.8425591888929436	138.0	11	1.05	0.95				
	106	1	67.36071253052633	13.868381991578948	0.0	-100.0	1	1.0420076599367383	-4.451745751048743	138.0	12	1.05	0.95				
	107	2	61.91241960526316	12.38248392105263	0.0	0.0	1	0.9961541927298346	-12.902890359548977	138.0	12	1.05	0.95				
	108	1	84.69619001999999	17.335477489473682	0.0	0.0	1	0.9974820480993458	-10.223888254835725	138.0	12	1.05	0.95				
	109	1	86.67738744736842	17.83077684631579	0.0	0.0	1	1.024395947351613	-2.0982839648822824	138.0	13	1.05	0.95				
	110	1	96.58337458421052	19.81197427368421	0.0	0.0	1	1.05	-3.879362247768695	138.0	13	1.05	0.95				
	111	1	0.0	0.0	0.0	0.0	1	1.0117334613965143	0.2978008697618364	230.0	13	1.05	0.95				
	112	1	0.0	0.0	0.0	0.0	1	1.0142008495948749	-0.8340758584500271	230.0	13	1.05	0.95				
	113	3	131.25432956315788	26.746165269473686	0.0	0.0	1	1.0059663983497287	-1.2583885729914752e-29	230.0	14	1.05	0.95				
	114	2	96.08807522736842	19.316674916842107	0.0	0.0	1	1.0193473815076144	3.884470612576063	230.0	16	1.05	0.95				
	115	2	157.00989611894735	31.699158837894736	0.0	0.0	1	1.039825305067325	14.03699071070131	230.0	16	1.05	0.95				
	116	2	49.52993568421052	9.905987136842105	0.0	0.0	1	1.03499104302076	11.963225978080386	230.0	16	1.05	0.95				
	117	1	0.0	0.0	0.0	0.0	1	1.040530105996842	18.03244999327069	230.0	17	1.05	0.95				
	118	2	164.93468582842107	33.680356265263164	0.0	0.0	1	1.05	19.162319009588245	230.0	17	1.05	0.95				
	119	1	89.64918358842105	18.326076203157893	0.0	0.0	1	1.0264434113887861	7.525746415476644	230.0	15	1.05	0.95				
	120	1	63.39831767578947	12.877783277894736	0.0	0.0	1	1.026324111572925	4.087658341937742	230.0	15	1.05	0.95				
	121	2	0.0	0.0	0.0	0.0	1	1.05	20.947786020490124	230.0	17	1.05	0.95				
	122	2	0.0	0.0	0.0	0.0	1	1.05	33.98151829434792	230.0	17	1.05	0.95				
	123	2	0.0	0.0	0.0	0.0	1	1.0281049980511239	2.576749557407408	230.0	15	1.05	0.95				
	124	1	0.0	0.0	0.0	0.0	1	1.0233402799584876	10.107917968748481	230.0	16	1.05	0.95				
	201	2	52.52951360842106	10.700456475789474	0.0	0.0	2	1.0123142555651092	-18.79163804236901	138.0	21	1.05	0.95				
	202	2	47.179285370526316	9.72768770526316	0.0	0.0	2	1.011475364526209	-19.08592535073763	138.0	22	1.05	0.95				
	203	1	87.54918934736843	17.996222254736843	0.0	0.0	2	1.0134572583048636	-14.07420762877854	138.0	21	1.05	0.95				
	204	1	35.992444509473685	7.295765778947369	0.0	0.0	2	1.0099922727009125	-18.317459195057047	138.0	21	1.05	0.95				
	205	1	34.533291353684206	6.8093813936842125	0.0	0.0	2	1.0250109900087556	-18.848490629867424	138.0	21	1.05	0.95				
	206	1	66.14827639578948	13.618762787368425	0.0	-100.0	2	1.039637599069113	-19.46297379728618	138.0	22	1.05	0.95				
	207	2	60.79804815789473	12.159609631578947	0.0	0.0	2	0.9941187666809869	-25.382754888475027	138.0	22	1.05	0.95				
	208	1	83.17172988	17.023453484210528	0.0	0.0	2	0.9971915176210498	-23.1258428015488	138.0	22	1.05	0.95				
	209	1	85.11726742105263	17.509837869473685	0.0	0.0	2	1.0238104690143943	-15.682623613053181	138.0	23	1.05	0.95				
	210	1	94.8449551263158	19.45537541052632	0.0	0.0	2	1.05	-17.34214852393134	138.0	23	1.05	0.95				
	211	1	0.0	0.0	0.0	0.0	2	1.009808488980973	-12.846625691969265	230.0	23	1.05	0.95				
	212	1	0.0	0.0	0.0	0.0	2	1.0147340268225828	-9.401838503505997	230.0	23	1.05	0.95				
	213	2	128.89186209473684	26.26475680421053	0.0	0.0	2	1.0080407174615416	-10.954454026445958	230.0	24	1.05	0.95				
	214	2	94.35857074105263	18.96899102526316	0.0	0.0	2	1.0126565721799958	-10.759737054149731	230.0	26	1.05	0.95				
	215	2	154.18385012842106	31.12860065684211	0.0	0.0	2	1.0290818667039097	-3.633640068574298	230.0	26	1.05	0.95				
	216	2	48.63843852631579	9.72768770526316	0.0	0.0	2	1.0289153010155077	-4.8273075837865616	230.0	26	1.05	0.95				
	217	1	0.0	0.0	0.0	0.0	2	1.032556094969164	-2.5005365207234576	230.0	27	1.05	0.95				
	218	2	161.9660002926316	33.07413819789474	0.0	0.0	2	1.032215467302115	-3.065825562070492	230.0	27	1.05	0.95				
	219	1	88.03557373263159	17.996222254736843	0.0	0.0	2	1.0281081806526648	-5.579306378573122	230.0	25	1.05	0.95				
	220	1	62.25720131368422	12.645994016842108	0.0	0.0	2	1.0309909600658789	-5.288839209447382	230.0	25	1.05	0.95				
	221	2	0.0	0.0	0.0	0.0	2	1.033965592288111	-2.4538890440538124	230.0	27	1.05	0.95				
	222	2	0.0	0.0	0.0	0.0	2	1.05	4.023792806063423	230.0	27	1.05	0.95				
	223	2	0.0	0.0	0.0	0.0	2	1.033453877113292	-4.761544072483359	230.0	25	1.05	0.95				
	224	1	0.0	0.0	0.0	0.0	2	1.0103515543899517	-7.523997203640786	230.0	26	1.05	0.95				
	301	2	64.13033849684211	13.063587471578947	0.0	0.0	3	0.9894176148290121	11.222107746760058	138.0	31	1.05	0.95				
	302	2	57.59854476105263	11.875988610526317	0.0	0.0	3	0.9891168683299021	11.20468525086926	138.0	32	1.05	0.95				
	303	1	106.88389749473683	21.97057892947368	0.0	0.0	3	1.015637968567241	13.502567311611276	138.0	31	1.05	0.95				
	304	1	43.94115785894736	8.906991457894737	0.0	0.0	3	0.9987927534436459	13.234940996495617	138.0	31	1.05	0.95				
	305	1	42.15975956736842	8.313192027368421	0.0	0.0	3	1.0103113974076015	13.314132245471221	138.0	31	1.05	0.95				
	306	1	80.75672255157895	16.626384054736842	0.0	-100.0	3	1.0303844988754947	13.80448761151295	138.0	32	1.05	0.95				
	307	2	74.22492881578947	14.844985763157895	0.0	0.0	3	0.9870062557055587	10.11524188781516	138.0	32	1.05	0.95				
	308	1	101.53970262	20.78298006842105	0.0	0.0	3	0.9990611650220493	12.762699656932712	138.0	32	1.05	0.95				
	309	1	103.91490034210527	21.376779498947368	0.0	0.0	3	1.027738198750316	17.301257125547927	138.0	33	1.05	0.95				
	310	1	115.79088895263156	23.751977221052634	0.0	0.0	3	1.05	17.28646343451065	138.0	33	1.05	0.95				
	311	1	0.0	0.0	0.0	0.0	3	1.0185778082365804	23.276964433442252	230.0	33	1.05	0.95				
	312	1	0.0	0.0	0.0	0.0	3	1.0238579950473186	24.79003012964852	230.0	33	1.05	0.95				
	313	2	157.35684908947368	32.06516924842106	0.0	0.0	3	1.0444777186217962	31.918281379603744	230.0	34	1.05	0.95				
	314	2	115.19708952210526	23.158177790526317	0.0	0.0	3	1.0216350690484612	21.515382403395748	230.0	36	1.05	0.95				
	315	2	188.2344194768421	38.00316355368421	0.0	0.0	3	1.0418482197842411	15.087646745626504	230.0	36	1.05	0.95				
	316	2	59.37994305263158	11.875988610526317	0.0	0.0	3	1.043096127877516	16.752804780163498	230.0	36	1.05	0.95				
	317	1	0.0	0.0	0.0	0.0	3	1.05	15.693268013600338	230.0	37	1.05	0.95				
	318	2	197.73521036526316	40.37836127578947	0.0	0.0	3	1.0486063201017373	13.166266303652057	230.0	37	1.05	0.95				
	319	1	107.47769692526316	21.97057892947368	0.0	0.0	3	1.0415618217752225	20.139450894491247	230.0	35	1.05	0.95				
	320	1	76.00632710736842	15.43878519368421	0.0	0.0	3	1.043350936279824	22.582862445077314	230.0	35	1.05	0.95				
	321	2	0.0	0.0	0.0	0.0	3	1.046911382541486	14.426190470009672	230.0	37	1.05	0.95				
	322	2	0.0	0.0	0.0	0.0	3	1.05	19.266720910097863	230.0	37	1.05	0.95				
	323	2	0.0	0.0	0.0	0.0	3	1.0443435709843734	23.49349106405854	230.0	35	1.05	0.95				
	324	1	0.0	0.0	0.0	0.0	3	1.029787216516127	16.66573040628075	230.0	36	1.05	0.95				
	325	1	0.0	0.0	0.0	0.0	3	1.0460561051117792	23.281073879746636	230.0	35	1.05	0.95				
];
