%% MATPOWER Case Format : Version 2
function mpc = RTS_GMLC
mpc.version = '2';

%%-----  Power Flow Data  -----%%
%% system MVA base
mpc.baseMVA = 100.0;
%% bus data
%    bus_i    type    Pd    Qd    Gs    Bs    area    Vm    Va    baseKV    zone    Vmax    Vmin
mpc.bus = [
	101	2	53.639287465263166	10.926521520701755	0.0	0.0	1	1.0156680355740064	2.26652322957635	138.0	11	1.05	0.95				
	102	2	48.176026704912275	9.933201382456142	0.0	0.0	1	1.0145360991168573	1.946198176287387	138.0	12	1.05	0.95				
	103	1	89.39881244210527	18.376422557543858	0.0	0.0	1	1.0252310056700227	1.7178475001208786	138.0	11	1.05	0.95				
	104	1	36.752845115087716	7.449901036842105	0.0	0.0	1	1.012459109926481	-1.3534568566827954	138.0	11	1.05	0.95				
	105	1	35.2628649077193	6.953240967719299	0.0	0.0	1	1.025582078536889	-1.2338824367634846	138.0	11	1.05	0.95				
	106	1	67.54576940070176	13.906481935438597	0.0	-100.0	1	1.0387579721435207	-3.70552193746524	138.0	12	1.05	0.95				
	107	2	62.08250864035087	12.416501728070175	0.0	0.0	1	0.9886123623601093	-9.495145768243928	138.0	12	1.05	0.95				
	108	1	84.92887182	17.383102419298243	0.0	0.0	1	0.9954101846164602	-8.106457713609581	138.0	12	1.05	0.95				
	109	1	86.91551209649123	17.879762488421054	0.0	0.0	1	1.0263964788450044	-1.9788680209802236	138.0	13	1.05	0.95				
	110	1	96.84871347894737	19.866402764912284	0.0	0.0	1	1.05	-3.145040545693683	138.0	13	1.05	0.95				
	111	1	0.0	0.0	0.0	0.0	1	1.0223379374045831	0.31816613031263624	230.0	13	1.05	0.95				
	112	1	0.0	0.0	0.0	0.0	1	1.016034983760737	0.16194586080101891	230.0	13	1.05	0.95				
	113	3	131.61491831754387	26.819643732631583	0.0	0.0	1	1.002741186212022	1.9490716747981075e-27	230.0	14	1.05	0.95				
	114	2	96.35205340982455	19.369742695789473	0.0	0.0	1	1.0499999958937845	3.375466136781838	230.0	16	1.05	0.95				
	115	2	157.44124191192984	31.78624442385965	0.0	0.0	1	1.0447623070392111	12.055898554544054	230.0	16	1.05	0.95				
	116	2	49.6660069122807	9.933201382456142	0.0	0.0	1	1.0470203612583668	10.863267738982193	230.0	16	1.05	0.95				
	117	1	0.0	0.0	0.0	0.0	1	1.0435530778512818	16.04760126519842	230.0	17	1.05	0.95				
	118	2	165.38780301789475	33.77288470035088	0.0	0.0	1	1.05	16.278648216700784	230.0	17	1.05	0.95				
	119	1	89.89547251122806	18.376422557543858	0.0	0.0	1	1.0447779811907516	8.312379876536195	230.0	15	1.05	0.95				
	120	1	63.5724888477193	12.913161797192982	0.0	0.0	1	1.0476305917472604	7.028781404237074	230.0	15	1.05	0.95				
	121	2	0.0	0.0	0.0	0.0	1	1.043214820961898	17.723321194410826	230.0	17	1.05	0.95				
	122	2	0.0	0.0	0.0	0.0	1	1.05	35.68492027111013	230.0	17	1.05	0.95				
	123	2	0.0	0.0	0.0	0.0	1	1.05	6.689553984750219	230.0	15	1.05	0.95				
	124	1	0.0	0.0	0.0	0.0	1	1.0245019357740752	8.21800550015631	230.0	16	1.05	0.95				
	201	2	49.622540513684214	10.108295289824563	0.0	0.0	2	1.024698111895284	-8.104981418829176	138.0	21	1.05	0.95				
	202	2	44.56839286877193	9.189359354385966	0.0	0.0	2	1.025760635586948	-7.8967671342198775	138.0	22	1.05	0.95				
	203	1	82.7042341894737	17.000314805614035	0.0	0.0	2	1.0149437685381357	-7.624544268460386	138.0	21	1.05	0.95				
	204	1	34.00062961122807	6.892019515789475	0.0	0.0	2	1.017057585071684	-9.458382581789333	138.0	21	1.05	0.95				
	205	1	32.622225708070175	6.432551548070177	0.0	0.0	2	1.0317347119507372	-9.712201470181284	138.0	21	1.05	0.95				
	206	1	62.48764360982457	12.865103096140354	0.0	-100.0	2	1.0435468551835405	-11.018627342855494	138.0	22	1.05	0.95				
	207	2	57.43349596491228	11.486699192982456	0.0	0.0	2	0.9912120541124901	-17.663164186870347	138.0	22	1.05	0.95				
	208	1	78.56902248	16.08137887017544	0.0	0.0	2	0.9965488239845519	-15.56111730568331	138.0	22	1.05	0.95				
	209	1	80.4068943508772	16.540846837894737	0.0	0.0	2	1.0231006394283244	-8.848082150487267	138.0	23	1.05	0.95				
	210	1	89.59625370526317	18.37871870877193	0.0	0.0	2	1.05	-9.867344075861894	138.0	23	1.05	0.95				
	211	1	0.0	0.0	0.0	0.0	2	1.0075442915317512	-5.882043132579534	230.0	23	1.05	0.95				
	212	1	0.0	0.0	0.0	0.0	2	1.0090085036506602	-4.687909616447542	230.0	23	1.05	0.95				
	213	2	121.75901144561404	24.811270256842107	0.0	0.0	2	1.003679618225432	-4.237571394958429	230.0	24	1.05	0.95				
	214	2	89.13678573754386	17.919250741052632	0.0	0.0	2	1.009578171816764	-3.7522069388825363	230.0	26	1.05	0.95				
	215	2	145.65134576701755	29.405949934035092	0.0	0.0	2	1.028699357872413	1.8240132146318362	230.0	26	1.05	0.95				
	216	2	45.946796771929826	9.189359354385966	0.0	0.0	2	1.0305065956399142	2.0304064330565335	230.0	26	1.05	0.95				
	217	1	0.0	0.0	0.0	0.0	2	1.0374258877227234	3.516001583324519	230.0	27	1.05	0.95				
	218	2	153.00283325052632	31.243821804912287	0.0	0.0	2	1.035344288017486	2.864917775563005	230.0	27	1.05	0.95				
	219	1	83.16370215719299	17.000314805614035	0.0	0.0	2	1.0301132021964532	2.645291526762474	230.0	25	1.05	0.95				
	220	1	58.811899868070185	11.946167160701755	0.0	0.0	2	1.0331934484563792	4.066139525423988	230.0	25	1.05	0.95				
	221	2	0.0	0.0	0.0	0.0	2	1.0356836334400399	3.323870224286685	230.0	27	1.05	0.95				
	222	2	0.0	0.0	0.0	0.0	2	1.05	9.898538799972506	230.0	27	1.05	0.95				
	223	2	0.0	0.0	0.0	0.0	2	1.0360807553003413	5.190755107512395	230.0	25	1.05	0.95				
	224	1	0.0	0.0	0.0	0.0	2	1.0118456708783357	-1.701233572531222	230.0	26	1.05	0.95				
	301	2	52.804175911578945	10.756406204210526	0.0	0.0	3	1.0107328122453083	-12.228337026419256	138.0	31	1.05	0.95				
	302	2	47.425972809473684	9.778551094736843	0.0	0.0	3	1.0100510198857668	-12.37592386624061	138.0	32	1.05	0.95				
	303	1	88.00695985263157	18.09031952526316	0.0	0.0	3	1.027712614875349	-5.168026097462847	138.0	31	1.05	0.95				
	304	1	36.18063905052632	7.333913321052631	0.0	0.0	3	1.0103633691822247	-10.752655042794329	138.0	31	1.05	0.95				
	305	1	34.71385638631578	6.844985766315789	0.0	0.0	3	1.0239675179426992	-11.714367400636018	138.0	31	1.05	0.95				
	306	1	66.49414744421053	13.689971532631578	0.0	-100.0	3	1.0391790920959203	-11.992597802448456	138.0	32	1.05	0.95				
	307	2	61.11594434210525	12.223188868421051	0.0	0.0	3	0.9945311716684896	-17.42029344580582	138.0	32	1.05	0.95				
	308	1	83.60661185999999	17.11246441578947	0.0	0.0	3	0.9979146347836195	-15.158618292431047	138.0	32	1.05	0.95				
	309	1	85.56232207894736	17.601391970526315	0.0	0.0	3	1.0266352332412312	-7.426946998688111	138.0	33	1.05	0.95				
	310	1	95.3408731736842	19.557102189473685	0.0	0.0	3	1.05	-9.628951449665678	138.0	33	1.05	0.95				
	311	1	0.0	0.0	0.0	0.0	3	1.0126122952388177	-3.1354063939853436	230.0	33	1.05	0.95				
	312	1	0.0	0.0	0.0	0.0	3	1.011277296942154	-2.8880844082036727	230.0	33	1.05	0.95				
	313	2	129.56580200526315	26.402087955789472	0.0	0.0	3	1.0128746885048274	0.16407370991091635	230.0	34	1.05	0.95				
	314	2	94.85194561894737	19.06817463473684	0.0	0.0	3	1.0220003458655726	-0.5919190945651862	230.0	36	1.05	0.95				
	315	2	154.99003485157894	31.291363503157893	0.0	0.0	3	1.0427700284632229	5.174109744532683	230.0	36	1.05	0.95				
	316	2	48.892755473684204	9.778551094736843	0.0	0.0	3	1.0424649343305579	5.929891677154875	230.0	36	1.05	0.95				
	317	1	0.0	0.0	0.0	0.0	3	1.05	10.533120824923126	230.0	37	1.05	0.95				
	318	2	162.81287572736844	33.24707372210526	0.0	0.0	3	1.044652614068698	8.417362635360309	230.0	37	1.05	0.95				
	319	1	88.49588740736843	18.09031952526316	0.0	0.0	3	1.0337077283100216	4.365400252930355	230.0	35	1.05	0.95				
	320	1	62.582727006315785	12.712116423157893	0.0	0.0	3	1.0300154746566665	3.9310421632834	230.0	35	1.05	0.95				
	321	2	0.0	0.0	0.0	0.0	3	1.0455982414408622	7.951707038521029	230.0	37	1.05	0.95				
	322	2	0.0	0.0	0.0	0.0	3	1.05	13.307424718965825	230.0	37	1.05	0.95				
	323	2	0.0	0.0	0.0	0.0	3	1.0287602175156072	4.064938625837041	230.0	35	1.05	0.95				
	324	1	0.0	0.0	0.0	0.0	3	1.0242013318621974	1.3176783191734542	230.0	36	1.05	0.95				
	325	1	0.0	0.0	0.0	0.0	3	1.0262249991836316	5.2104676290254845	230.0	35	1.05	0.95				
];
