%% MATPOWER Case Format : Version 2
function mpc = RTS_GMLC
mpc.version = '2';

%%-----  Power Flow Data  -----%%
%% system MVA base
mpc.baseMVA = 100.0;
%% bus data
%    bus_i    type    Pd    Qd    Gs    Bs    area    Vm    Va    baseKV    zone    Vmax    Vmin
mpc.bus = [
	101	2	41.37506185263158	8.428253340350878	0.0	0.0	1	1.0346994265106335	3.5891356176353355	138.0	11	1.05	0.95				
	102	2	37.16093518245614	7.662048491228071	0.0	0.0	1	1.0343136118119167	3.4623751015560718	138.0	12	1.05	0.95				
	103	1	68.95843642105264	14.174789708771932	0.0	0.0	1	1.0301325422299712	0.7083407433765624	138.0	11	1.05	0.95				
	104	1	28.349579417543865	5.746536368421053	0.0	0.0	1	1.0226332758002752	-0.08860852903385197	138.0	11	1.05	0.95				
	105	1	27.20027214385965	5.3634339438596506	0.0	0.0	1	1.0368482382902264	0.2209825887722523	138.0	11	1.05	0.95				
	106	1	52.10192974035088	10.726867887719301	0.0	-100.0	1	1.046740458708166	-2.067610955191596	138.0	12	1.05	0.95				
	107	2	47.88780307017544	9.577560614035088	0.0	0.0	1	1.0001971718437004	-7.6455030694873365	138.0	12	1.05	0.95				
	108	1	65.51051460000001	13.408584859649123	0.0	0.0	1	1.0057610944196023	-6.323564244778391	138.0	12	1.05	0.95				
	109	1	67.04292429824562	13.791687284210527	0.0	0.0	1	1.0250259983997185	-1.44642863625447	138.0	13	1.05	0.95				
	110	1	74.70497278947369	15.324096982456142	0.0	0.0	1	1.05	-1.9910706302271766	138.0	13	1.05	0.95				
	111	1	0.0	0.0	0.0	0.0	1	1.0027551679991937	-0.06483289038751562	230.0	13	1.05	0.95				
	112	1	0.0	0.0	0.0	0.0	1	1.007872743829941	0.3391775788906064	230.0	13	1.05	0.95				
	113	3	101.52214250877194	20.68753092631579	0.0	0.0	1	0.9928361822110077	2.115268286760072e-28	230.0	14	1.05	0.95				
	114	2	74.32187036491229	14.940994557894738	0.0	0.0	1	0.999064543661149	1.6614842340626321	230.0	16	1.05	0.95				
	115	2	121.44346858596491	24.518555171929826	0.0	0.0	1	1.0383347720225793	6.390306292823019	230.0	16	1.05	0.95				
	116	2	38.31024245614035	7.662048491228071	0.0	0.0	1	1.0335151916932404	6.277592637250004	230.0	16	1.05	0.95				
	117	1	0.0	0.0	0.0	0.0	1	1.0420473133101824	7.743457372769448	230.0	17	1.05	0.95				
	118	2	127.57310737894738	26.05096487017544	0.0	0.0	1	1.0453679442701154	7.373895376674368	230.0	17	1.05	0.95				
	119	1	69.34153884561404	14.174789708771932	0.0	0.0	1	1.0269729268277685	5.514940914144611	230.0	15	1.05	0.95				
	120	1	49.03711034385965	9.960663038596493	0.0	0.0	1	1.0236729929828492	5.596165563147023	230.0	15	1.05	0.95				
	121	2	0.0	0.0	0.0	0.0	1	1.05	7.908079664226194	230.0	17	1.05	0.95				
	122	2	0.0	0.0	0.0	0.0	1	1.05	16.44540533189479	230.0	17	1.05	0.95				
	123	2	0.0	0.0	0.0	0.0	1	1.0222197699672788	5.940519656901408	230.0	15	1.05	0.95				
	124	1	0.0	0.0	0.0	0.0	1	1.0273065273640858	4.265705734397861	230.0	16	1.05	0.95				
	201	2	47.58255943578947	9.692743588771929	0.0	0.0	2	1.0295219985368262	-6.8618374347909565	138.0	21	1.05	0.95				
	202	2	42.736187641403504	8.811585080701754	0.0	0.0	2	1.0299495335677176	-6.830787600940327	138.0	22	1.05	0.95				
	203	1	79.30426572631578	16.301432399298243	0.0	0.0	2	1.0187557004254721	-6.934203670764626	138.0	21	1.05	0.95				
	204	1	32.602864798596485	6.608688810526315	0.0	0.0	2	1.0189552314787083	-9.288488211989646	138.0	21	1.05	0.95				
	205	1	31.281127036491224	6.1681095564912285	0.0	0.0	2	1.0340823523576514	-9.376185220928969	138.0	21	1.05	0.95				
	206	1	59.91877854877193	12.336219112982457	0.0	-100.0	2	1.0446666888618177	-11.202740482186003	138.0	22	1.05	0.95				
	207	2	55.07240675438596	11.014481350877192	0.0	0.0	2	0.9879165815285472	-17.911607199860615	138.0	22	1.05	0.95				
	208	1	75.33905243999999	15.420273891228067	0.0	0.0	2	0.9953883828042314	-15.922927590185786	138.0	22	1.05	0.95				
	209	1	77.10136945614035	15.860853145263157	0.0	0.0	2	1.0228421012778366	-9.500753092652054	138.0	23	1.05	0.95				
	210	1	85.91295453684211	17.623170161403507	0.0	0.0	2	1.05	-10.521854774730905	138.0	23	1.05	0.95				
	211	1	0.0	0.0	0.0	0.0	2	1.0057250010395833	-7.0093873644160425	230.0	23	1.05	0.95				
	212	1	0.0	0.0	0.0	0.0	2	1.0110717623915155	-6.805543369500332	230.0	23	1.05	0.95				
	213	2	116.75350231929824	23.791279717894735	0.0	0.0	2	0.999382127339046	-6.531197744748364	230.0	24	1.05	0.95				
	214	2	85.47237528280701	17.182590907368418	0.0	0.0	2	1.0069370448960566	-4.320726934304395	230.0	26	1.05	0.95				
	215	2	139.6636235291228	28.197072258245615	0.0	0.0	2	1.0280840224836396	2.4498179415503696	230.0	26	1.05	0.95				
	216	2	44.05792540350877	8.811585080701754	0.0	0.0	2	1.030676899360925	2.095439760575593	230.0	26	1.05	0.95				
	217	1	0.0	0.0	0.0	0.0	2	1.0350097185148517	5.022414844168302	230.0	27	1.05	0.95				
	218	2	146.71289159368422	29.959389274385966	0.0	0.0	2	1.0367617423462951	5.5462478081499045	230.0	27	1.05	0.95				
	219	1	79.74484498035088	16.301432399298243	0.0	0.0	2	1.031323504732245	0.5217862644646362	230.0	25	1.05	0.95				
	220	1	56.39414451649123	11.45506060491228	0.0	0.0	2	1.0352729479019684	0.0101824298047735	230.0	25	1.05	0.95				
	221	2	0.0	0.0	0.0	0.0	2	1.036607219813953	5.271604222297951	230.0	27	1.05	0.95				
	222	2	0.0	0.0	0.0	0.0	2	1.05	11.672393404712427	230.0	27	1.05	0.95				
	223	2	0.0	0.0	0.0	0.0	2	1.0379797348095074	0.061512569434715544	230.0	25	1.05	0.95				
	224	1	0.0	0.0	0.0	0.0	2	1.0129688849999379	-1.067313315863268	230.0	26	1.05	0.95				
	301	2	58.97121165473684	12.012654225964912	0.0	0.0	3	1.007358656977737	-36.76469451115555	138.0	31	1.05	0.95				
	302	2	52.96488454175439	10.920594750877195	0.0	0.0	3	1.0068106678559738	-36.90381404011892	138.0	32	1.05	0.95				
	303	1	98.28535275789474	20.203100289122805	0.0	0.0	3	1.0213894469611096	-29.784847042996887	138.0	31	1.05	0.95				
	304	1	40.40620057824561	8.190446063157895	0.0	0.0	3	1.0074787994734078	-35.043355554107904	138.0	31	1.05	0.95				
	305	1	38.76811136561403	7.644416325614036	0.0	0.0	3	1.0212214511501356	-35.93592716549829	138.0	31	1.05	0.95				
	306	1	74.26004430596491	15.288832651228072	0.0	-100.0	3	1.0366305424180804	-36.090325532221975	138.0	32	1.05	0.95				
	307	2	68.25371719298245	13.650743438596491	0.0	0.0	3	0.9920867383259857	-42.36644541720152	138.0	32	1.05	0.95				
	308	1	93.37108512	19.111040814035086	0.0	0.0	3	0.9939485308564557	-39.792974737207395	138.0	32	1.05	0.95				
	309	1	95.55520407017544	19.657070551578943	0.0	0.0	3	1.0266868392160213	-31.294704498573537	138.0	33	1.05	0.95				
	310	1	106.47579882105262	21.84118950175439	0.0	0.0	3	1.05	-33.35417547122539	138.0	33	1.05	0.95				
	311	1	0.0	0.0	0.0	0.0	3	1.0174060110778782	-26.110650188040374	230.0	33	1.05	0.95				
	312	1	0.0	0.0	0.0	0.0	3	1.0168203921070904	-25.423421290238174	230.0	33	1.05	0.95				
	313	2	144.6978804491228	29.48560582736842	0.0	0.0	3	1.025354791243968	-22.247422040172495	230.0	34	1.05	0.95				
	314	2	105.92976908350877	21.295159764210528	0.0	0.0	3	1.0284881195678373	-23.33584556985666	230.0	36	1.05	0.95				
	315	2	173.09142680140351	34.94590320280702	0.0	0.0	3	1.048344610837046	-16.623749568102944	230.0	36	1.05	0.95				
	316	2	54.602973754385964	10.920594750877195	0.0	0.0	3	1.0482533204185613	-16.15817249270272	230.0	36	1.05	0.95				
	317	1	0.0	0.0	0.0	0.0	3	1.04950089795809	-13.615514342982886	230.0	37	1.05	0.95				
	318	2	181.82790260210527	37.130022152982455	0.0	0.0	3	1.049292108076131	-12.98280519010073	230.0	37	1.05	0.95				
	319	1	98.8313824954386	20.203100289122805	0.0	0.0	3	1.0457810647645711	-17.021468892753514	230.0	35	1.05	0.95				
	320	1	69.89180640561403	14.19677317614035	0.0	0.0	3	1.0477992471485431	-16.750029601896273	230.0	35	1.05	0.95				
	321	2	0.0	0.0	0.0	0.0	3	1.05	-12.721414845534271	230.0	37	1.05	0.95				
	322	2	0.0	0.0	0.0	0.0	3	1.05	-8.72584989094487	230.0	37	1.05	0.95				
	323	2	0.0	0.0	0.0	0.0	3	1.05	-16.201448653228102	230.0	35	1.05	0.95				
	324	1	0.0	0.0	0.0	0.0	3	1.021517571416237	-21.48309312308299	230.0	36	1.05	0.95				
	325	1	0.0	0.0	0.0	0.0	3	1.0397138239003254	-14.266437239531319	230.0	35	1.05	0.95				
];
