%% MATPOWER Case Format : Version 2
function mpc = RTS_GMLC
mpc.version = '2';

%%-----  Power Flow Data  -----%%
%% system MVA base
mpc.baseMVA = 100.0;
%% bus data
%    bus_i    type    Pd    Qd    Gs    Bs    area    Vm    Va    baseKV    zone    Vmax    Vmin
mpc.bus = [
	101	2	42.92478970105263	8.743938642807016	0.0	0.0	1	1.0195613716030338	-2.923376704794113	138.0	11	1.05	0.95				
	102	2	38.55282037964912	7.949035129824561	0.0	0.0	1	1.0186777809101841	-3.1416061121282666	138.0	12	1.05	0.95				
	103	1	71.54131616842105	14.705714990175437	0.0	0.0	1	1.0325625230151858	-0.04096725651305083	138.0	11	1.05	0.95				
	104	1	29.411429980350874	5.961776347368421	0.0	0.0	1	1.0193958705541044	-3.5471526236538713	138.0	11	1.05	0.95				
	105	1	28.21907471087719	5.564324590877193	0.0	0.0	1	1.0299431671665138	-4.551795318770149	138.0	11	1.05	0.95				
	106	1	54.053438882807015	11.128649181754387	0.0	-100.0	1	1.0436428349946592	-5.922019877372127	138.0	12	1.05	0.95				
	107	2	49.68146956140351	9.936293912280702	0.0	0.0	1	1.0018470954368908	-9.74914398897674	138.0	12	1.05	0.95				
	108	1	67.96425036	13.910811477192981	0.0	0.0	1	1.0065228643638513	-8.599927882232361	138.0	12	1.05	0.95				
	109	1	69.55405738596491	14.30826323368421	0.0	0.0	1	1.0256478400194498	-3.3070472083929063	138.0	13	1.05	0.95				
	110	1	77.50309251578946	15.898070259649122	0.0	0.0	1	1.05	-4.9128194632425455	138.0	13	1.05	0.95				
	111	1	0.0	0.0	0.0	0.0	1	1.004618883624473	-1.0537536402274623	230.0	13	1.05	0.95				
	112	1	0.0	0.0	0.0	0.0	1	1.0077813427675069	-1.5472412857806546	230.0	13	1.05	0.95				
	113	3	105.32471547017543	21.462394850526316	0.0	0.0	1	0.9968145148597055	3.4468929085862204e-31	230.0	14	1.05	0.95				
	114	2	77.10564075929824	15.500618503157895	0.0	0.0	1	1.0047128258239497	1.2191972974615937	230.0	16	1.05	0.95				
	115	2	125.9922068077193	25.436912415438595	0.0	0.0	1	1.0403545948436943	7.848203425572473	230.0	16	1.05	0.95				
	116	2	39.74517564912281	7.949035129824561	0.0	0.0	1	1.0356782995189562	6.710792646664299	230.0	16	1.05	0.95				
	117	1	0.0	0.0	0.0	0.0	1	1.04227642783559	10.793280471978631	230.0	17	1.05	0.95				
	118	2	132.35143491157893	27.026719441403507	0.0	0.0	1	1.0478171103276912	11.415904247074854	230.0	17	1.05	0.95				
	119	1	71.93876792491228	14.705714990175437	0.0	0.0	1	1.0239231869305734	4.172285555319638	230.0	15	1.05	0.95				
	120	1	50.87382483087719	10.333745668771929	0.0	0.0	1	1.0168303747147704	2.278720259923037	230.0	15	1.05	0.95				
	121	2	0.0	0.0	0.0	0.0	1	1.0499998202436338	12.528510185903517	230.0	17	1.05	0.95				
	122	2	0.0	0.0	0.0	0.0	1	1.05	22.56876573410373	230.0	17	1.05	0.95				
	123	2	0.0	0.0	0.0	0.0	1	1.0135330811101033	1.541177671979673	230.0	15	1.05	0.95				
	124	1	0.0	0.0	0.0	0.0	1	1.027327456540912	4.888950163385606	230.0	16	1.05	0.95				
	201	2	39.082638126315786	7.961278136842105	0.0	0.0	2	1.0166330457378912	-10.522369017818523	138.0	21	1.05	0.95				
	202	2	35.10199905789474	7.237525578947368	0.0	0.0	2	1.0157907672085196	-10.755362527453386	138.0	22	1.05	0.95				
	203	1	65.13773021052631	13.38942232105263	0.0	0.0	2	1.0153021439959466	-8.309492071790771	138.0	21	1.05	0.95				
	204	1	26.77884464210526	5.428144184210526	0.0	0.0	2	1.0143134830945328	-10.351353872486811	138.0	21	1.05	0.95				
	205	1	25.693215805263154	5.0662679052631585	0.0	0.0	2	1.0290307418232876	-10.622247411894898	138.0	21	1.05	0.95				
	206	1	49.215173936842106	10.132535810526317	0.0	-100.0	2	1.044294276482219	-11.149278153858868	138.0	22	1.05	0.95				
	207	2	45.23453486842105	9.04690697368421	0.0	0.0	2	0.9996782172830945	-15.460861336644626	138.0	22	1.05	0.95				
	208	1	61.8808437	12.665669763157894	0.0	0.0	2	1.005418332363013	-13.859413209427018	138.0	22	1.05	0.95				
	209	1	63.32834881578947	13.027546042105262	0.0	0.0	2	1.023070504081247	-8.518268865769421	138.0	23	1.05	0.95				
	210	1	70.56587439473684	14.475051157894736	0.0	0.0	2	1.05	-9.556509274518543	138.0	23	1.05	0.95				
	211	1	0.0	0.0	0.0	0.0	2	1.0000265326034223	-6.739850030147418	230.0	23	1.05	0.95				
	212	1	0.0	0.0	0.0	0.0	2	1.0065637524041318	-2.986165020122959	230.0	23	1.05	0.95				
	213	2	95.89721392105263	19.541319063157893	0.0	0.0	2	0.9911041285111869	-5.294653936806683	230.0	24	1.05	0.95				
	214	2	70.20399811578947	14.113174878947369	0.0	0.0	2	0.9953714562481392	-5.541298774354479	230.0	26	1.05	0.95				
	215	2	114.71478042631577	23.160081852631578	0.0	0.0	2	1.014474860907632	-0.5085759375850876	230.0	26	1.05	0.95				
	216	2	36.18762789473684	7.237525578947368	0.0	0.0	2	1.0118628857659915	-1.6221329579979586	230.0	26	1.05	0.95				
	217	1	0.0	0.0	0.0	0.0	2	1.0189041863978396	0.1501767479591551	230.0	27	1.05	0.95				
	218	2	120.50480088947369	24.607586968421053	0.0	0.0	2	1.0188345884904986	-0.07326085015108716	230.0	27	1.05	0.95				
	219	1	65.49960648947368	13.38942232105263	0.0	0.0	2	1.007260490113946	-2.7254443713193774	230.0	25	1.05	0.95				
	220	1	46.320163705263155	9.40878325263158	0.0	0.0	2	1.0056413915100275	-2.9537489951343057	230.0	25	1.05	0.95				
	221	2	0.0	0.0	0.0	0.0	2	1.0209227007423394	0.5819945813484398	230.0	27	1.05	0.95				
	222	2	0.0	0.0	0.0	0.0	2	1.0427725430631696	6.994334374153976	230.0	27	1.05	0.95				
	223	2	0.0	0.0	0.0	0.0	2	1.005026649502323	-2.787268131162539	230.0	25	1.05	0.95				
	224	1	0.0	0.0	0.0	0.0	2	1.0050257613944684	-3.4623335649477203	230.0	26	1.05	0.95				
	301	2	62.985764008421064	12.830433409122808	0.0	0.0	3	0.9995156977348691	-4.967458959214718	138.0	31	1.05	0.95				
	302	2	56.570547303859655	11.664030371929826	0.0	0.0	3	0.9993583703578088	-5.02237164036096	138.0	32	1.05	0.95				
	303	1	104.97627334736843	21.578456188070177	0.0	0.0	3	1.013183101622496	-1.4730305711933886	138.0	31	1.05	0.95				
	304	1	43.156912376140355	8.74802277894737	0.0	0.0	3	1.0024720371671378	-3.094689490161067	138.0	31	1.05	0.95				
	305	1	41.40730782035088	8.164821260350879	0.0	0.0	3	1.0158643312396336	-3.0996626692267784	138.0	31	1.05	0.95				
	306	1	79.31540652912282	16.329642520701757	0.0	-100.0	3	1.0333312082464357	-2.717997626052526	138.0	32	1.05	0.95				
	307	2	72.90018982456141	14.580037964912282	0.0	0.0	3	0.9953326723752218	-6.764071577930912	138.0	32	1.05	0.95				
	308	1	99.72745968000001	20.412053150877192	0.0	0.0	3	1.0026596583932275	-4.128367808014915	138.0	32	1.05	0.95				
	309	1	102.06026575438598	20.995254669473685	0.0	0.0	3	1.0253920909396637	0.8635965899651522	138.0	33	1.05	0.95				
	310	1	113.7242961263158	23.328060743859652	0.0	0.0	3	1.05	0.6286391957235653	138.0	33	1.05	0.95				
	311	1	0.0	0.0	0.0	0.0	3	1.0130387055900207	6.466815624437498	230.0	33	1.05	0.95				
	312	1	0.0	0.0	0.0	0.0	3	1.01773174996123	7.771498561095356	230.0	33	1.05	0.95				
	313	2	154.54840242807018	31.492882004210532	0.0	0.0	3	1.0300111435039938	13.200263563558922	230.0	34	1.05	0.95				
	314	2	113.14109460771931	22.744859225263163	0.0	0.0	3	1.013774924924228	6.2395531960437856	230.0	36	1.05	0.95				
	315	2	184.87488139508773	37.32489719017544	0.0	0.0	3	1.024773403864073	2.1690395285435917	230.0	36	1.05	0.95				
	316	2	58.32015185964913	11.664030371929826	0.0	0.0	3	1.0260864988105296	3.4199051288083773	230.0	36	1.05	0.95				
	317	1	0.0	0.0	0.0	0.0	3	1.0287355487720378	3.1526322145915713	230.0	37	1.05	0.95				
	318	2	194.20610569263158	39.65770326456141	0.0	0.0	3	1.0250600964431462	1.8164270065930574	230.0	37	1.05	0.95				
	319	1	105.55947486596493	21.578456188070177	0.0	0.0	3	1.0270634661787492	6.297120843025776	230.0	35	1.05	0.95				
	320	1	74.64979438035088	15.163239483508772	0.0	0.0	3	1.030327235745264	8.289692818937754	230.0	35	1.05	0.95				
	321	2	0.0	0.0	0.0	0.0	3	1.0271221134903992	2.518393968054413	230.0	37	1.05	0.95				
	322	2	0.0	0.0	0.0	0.0	3	1.041184380258706	7.148070882459365	230.0	37	1.05	0.95				
	323	2	0.0	0.0	0.0	0.0	3	1.0320697068969773	9.029115258268218	230.0	35	1.05	0.95				
	324	1	0.0	0.0	0.0	0.0	3	1.016939603529007	2.9265948800553407	230.0	36	1.05	0.95				
	325	1	0.0	0.0	0.0	0.0	3	1.0336803354632491	9.335083145426928	230.0	35	1.05	0.95				
];
