%% MATPOWER Case Format : Version 2
function mpc = RTS_GMLC
mpc.version = '2';

%%-----  Power Flow Data  -----%%
%% system MVA base
mpc.baseMVA = 100.0;
%% bus data
%    bus_i    type    Pd    Qd    Gs    Bs    area    Vm    Va    baseKV    zone    Vmax    Vmin
mpc.bus = [
	101	2	38.43592279578947	7.82953982877193	0.0	0.0	1	1.0309390012215296	4.150923936283833	138.0	11	1.05	0.95				
	102	2	34.5211528814035	7.117763480701754	0.0	0.0	1	1.0299998977231524	3.862763202858721	138.0	12	1.05	0.95				
	103	1	64.05987132631579	13.167862439298245	0.0	0.0	1	1.0325860457299414	3.270998553848229	138.0	11	1.05	0.95				
	104	1	26.33572487859649	5.3383226105263155	0.0	0.0	1	1.021090872641826	0.6086056205268182	138.0	11	1.05	0.95				
	105	1	25.26806035649123	4.9824344364912285	0.0	0.0	1	1.0352650780679675	0.7736238366475712	138.0	11	1.05	0.95				
	106	1	48.40079166877193	9.964868872982457	0.0	-100.0	1	1.0464951191208565	-1.5336927888145127	138.0	12	1.05	0.95				
	107	2	44.48602175438596	8.897204350877193	0.0	0.0	1	0.9991243594052698	-8.88494182715219	138.0	12	1.05	0.95				
	108	1	60.856877759999996	12.45608609122807	0.0	0.0	1	1.0048254568774262	-6.6548540043234405	138.0	12	1.05	0.95				
	109	1	62.280430456140344	12.811974265263157	0.0	0.0	1	1.0245027767660537	-0.6001209941042313	138.0	13	1.05	0.95				
	110	1	69.3981939368421	14.235526961403508	0.0	0.0	1	1.05	-1.5188071987339187	138.0	13	1.05	0.95				
	111	1	0.0	0.0	0.0	0.0	1	1.0033619572697607	1.0117166839100036	230.0	13	1.05	0.95				
	112	1	0.0	0.0	0.0	0.0	1	1.0081766681065092	0.23116046286051511	230.0	13	1.05	0.95				
	113	3	94.31036611929824	19.217961397894737	0.0	0.0	1	0.9925662286395732	9.790926096615118e-25	230.0	14	1.05	0.95				
	114	2	69.042305762807	13.879638787368421	0.0	0.0	1	1.0032986092738414	4.0833556416683905	230.0	16	1.05	0.95				
	115	2	112.81655116912279	22.776843138245614	0.0	0.0	1	1.0426527059829018	11.763973461288092	230.0	16	1.05	0.95				
	116	2	35.58881740350877	7.117763480701754	0.0	0.0	1	1.03573393535462	10.39758481266249	230.0	16	1.05	0.95				
	117	1	0.0	0.0	0.0	0.0	1	1.0407894729501022	15.302703599433661	230.0	17	1.05	0.95				
	118	2	118.51076195368422	24.200395834385965	0.0	0.0	1	1.0496320355684516	15.599086091605635	230.0	17	1.05	0.95				
	119	1	64.41575950035087	13.167862439298245	0.0	0.0	1	1.0250252004036007	7.066484578117603	230.0	15	1.05	0.95				
	120	1	45.55368627649123	9.253092524912281	0.0	0.0	1	1.0202337695286587	4.829948524248742	230.0	15	1.05	0.95				
	121	2	0.0	0.0	0.0	0.0	1	1.05	16.74432722605079	230.0	17	1.05	0.95				
	122	2	0.0	0.0	0.0	0.0	1	1.05	32.971719028815116	230.0	17	1.05	0.95				
	123	2	0.0	0.0	0.0	0.0	1	1.0181408903784845	3.8713126399485382	230.0	15	1.05	0.95				
	124	1	0.0	0.0	0.0	0.0	1	1.0281014254412906	8.58455456497798	230.0	16	1.05	0.95				
	201	2	45.62757754105264	9.294506536140352	0.0	0.0	2	1.0139656069435419	-15.05414650493682	138.0	21	1.05	0.95				
	202	2	40.98032427298246	8.449551396491229	0.0	0.0	2	1.0133286506341883	-15.295612705348736	138.0	22	1.05	0.95				
	203	1	76.04596256842106	15.631670083508773	0.0	0.0	2	1.014021671723362	-10.790649944033772	138.0	21	1.05	0.95				
	204	1	31.263340167017546	6.337163547368421	0.0	0.0	2	1.0117633663636287	-15.126712135733703	138.0	21	1.05	0.95				
	205	1	29.995907457543858	5.9146859775438605	0.0	0.0	2	1.0268552034471274	-15.610986178529052	138.0	21	1.05	0.95				
	206	1	57.45694949614035	11.829371955087721	0.0	-100.0	2	1.0419121799841442	-16.43056837360599	138.0	22	1.05	0.95				
	207	2	52.80969622807018	10.561939245614035	0.0	0.0	2	0.994074316449472	-21.614914780576758	138.0	22	1.05	0.95				
	208	1	72.24366444	14.78671494385965	0.0	0.0	2	0.9996307050016798	-19.70454542264627	138.0	22	1.05	0.95				
	209	1	73.93357471929825	15.209192513684211	0.0	0.0	2	1.0226364308351443	-13.236150689501251	138.0	23	1.05	0.95				
	210	1	82.38312611578948	16.899102792982458	0.0	0.0	2	1.05	-14.809034923086731	138.0	23	1.05	0.95				
	211	1	0.0	0.0	0.0	0.0	2	1.0075860600136657	-10.211100208158195	230.0	23	1.05	0.95				
	212	1	0.0	0.0	0.0	0.0	2	1.0093004302694009	-9.349876191399444	230.0	23	1.05	0.95				
	213	2	111.95655600350878	22.81378877052632	0.0	0.0	2	1.0052142510377546	-8.739937607206533	230.0	24	1.05	0.95				
	214	2	81.96064854596492	16.476625223157896	0.0	0.0	2	1.0098637696754504	-7.595145192235175	230.0	26	1.05	0.95				
	215	2	133.92538963438597	27.03856446877193	0.0	0.0	2	1.022460795736303	-1.1059661705115893	230.0	26	1.05	0.95				
	216	2	42.24775698245614	8.449551396491229	0.0	0.0	2	1.0249281265014303	-1.3113127112838994	230.0	26	1.05	0.95				
	217	1	0.0	0.0	0.0	0.0	2	1.0282607243542945	0.437925386205465	230.0	27	1.05	0.95				
	218	2	140.68503075157898	28.728474748070177	0.0	0.0	2	1.027516956448529	-0.11739469356696722	230.0	27	1.05	0.95				
	219	1	76.46844013824563	15.631670083508773	0.0	0.0	2	1.0267911582487512	-1.330799893843329	230.0	25	1.05	0.95				
	220	1	54.07712893754386	10.984416815438596	0.0	0.0	2	1.0312126070392615	-0.5253673590953863	230.0	25	1.05	0.95				
	221	2	0.0	0.0	0.0	0.0	2	1.029283358689657	0.35884159445722597	230.0	27	1.05	0.95				
	222	2	0.0	0.0	0.0	0.0	2	1.0499999922534953	6.88122016034919	230.0	27	1.05	0.95				
	223	2	0.0	0.0	0.0	0.0	2	1.034378658218203	0.23517689969139302	230.0	25	1.05	0.95				
	224	1	0.0	0.0	0.0	0.0	2	1.0073964204877381	-4.739436261717062	230.0	26	1.05	0.95				
	301	2	44.860487191578954	9.138247390877194	0.0	0.0	3	1.0079925617149075	-13.677363761212352	138.0	31	1.05	0.95				
	302	2	40.291363496140356	8.307497628070177	0.0	0.0	3	1.0078624372021783	-13.792119503947484	138.0	32	1.05	0.95				
	303	1	74.7674786526316	15.368870611929825	0.0	0.0	3	1.0258378464399733	-8.342394596921329	138.0	31	1.05	0.95				
	304	1	30.73774122385965	6.230623221052632	0.0	0.0	3	1.010868887109944	-12.438135313338814	138.0	31	1.05	0.95				
	305	1	29.491616579649122	5.815248339649124	0.0	0.0	3	1.0236538623473928	-13.162220628996897	138.0	31	1.05	0.95				
	306	1	56.4909838708772	11.630496679298249	0.0	-100.0	3	1.0407969448035346	-13.376574657252544	138.0	32	1.05	0.95				
	307	2	51.9218601754386	10.38437203508772	0.0	0.0	3	0.9908757153950807	-17.84915496334167	138.0	32	1.05	0.95				
	308	1	71.02910472	14.538120849122807	0.0	0.0	3	0.9988496273477387	-16.001339251161784	138.0	32	1.05	0.95				
	309	1	72.69060424561404	14.953495730526317	0.0	0.0	3	1.026151990662367	-9.628086114620174	138.0	33	1.05	0.95				
	310	1	80.99810187368422	16.614995256140354	0.0	0.0	3	1.05	-11.309375946857852	138.0	33	1.05	0.95				
	311	1	0.0	0.0	0.0	0.0	3	1.0071703361928868	-5.833940913454607	230.0	33	1.05	0.95				
	312	1	0.0	0.0	0.0	0.0	3	1.011462143101049	-5.243794670134676	230.0	33	1.05	0.95				
	313	2	110.07434357192982	22.430243595789477	0.0	0.0	3	1.0107648823014757	-2.2754174827849973	230.0	34	1.05	0.95				
	314	2	80.58272699228071	16.199620374736845	0.0	0.0	3	1.0055559474949876	-4.206009022317055	230.0	36	1.05	0.95				
	315	2	131.6738374049123	26.583992409824564	0.0	0.0	3	1.034950656636554	-0.0428043882019537	230.0	36	1.05	0.95				
	316	2	41.53748814035088	8.307497628070177	0.0	0.0	3	1.0343829394621535	0.5182257083678188	230.0	36	1.05	0.95				
	317	1	0.0	0.0	0.0	0.0	3	1.044874055038734	4.321033726135133	230.0	37	1.05	0.95				
	318	2	138.31983550736845	28.2454919354386	0.0	0.0	3	1.04186149832471	2.645775043874803	230.0	37	1.05	0.95				
	319	1	75.1828535340351	15.368870611929825	0.0	0.0	3	1.0301809392855412	0.026009345385052944	230.0	35	1.05	0.95				
	320	1	53.16798481964913	10.799746916491229	0.0	0.0	3	1.0292195659186867	0.40227814062670136	230.0	35	1.05	0.95				
	321	2	0.0	0.0	0.0	0.0	3	1.0412295877451263	2.3494441532446184	230.0	37	1.05	0.95				
	322	2	0.0	0.0	0.0	0.0	3	1.05	7.4504505232380485	230.0	37	1.05	0.95				
	323	2	0.0	0.0	0.0	0.0	3	1.029256038608295	0.9286791631168086	230.0	35	1.05	0.95				
	324	1	0.0	0.0	0.0	0.0	3	1.0210456854695218	-3.152333848186937	230.0	36	1.05	0.95				
	325	1	0.0	0.0	0.0	0.0	3	1.0260822152478888	2.2589308895138758	230.0	35	1.05	0.95				
];
