%% MATPOWER Case Format : Version 2
function mpc = RTS_GMLC
mpc.version = '2';

%%-----  Power Flow Data  -----%%
%% system MVA base
mpc.baseMVA = 100.0;
%% bus data
%    bus_i    type    Pd    Qd    Gs    Bs    area    Vm    Va    baseKV    zone    Vmax    Vmin
mpc.bus = [
	101	2	37.14002968926315	7.565561603368421	0.0	0.0	1	1.035388915558366	3.2447375602230686	138.0	11	1.05	0.95				
	102	2	33.35724888757895	6.877783275789473	0.0	0.0	1	1.0345080757292504	2.996295811269555	138.0	12	1.05	0.95				
	103	1	61.90004948210526	12.723899060210526	0.0	0.0	1	1.029085289188186	1.199839852547854	138.0	11	1.05	0.95				
	104	1	25.44779812042105	5.158337456842105	0.0	0.0	1	1.0231026420687361	-0.14582055946013672	138.0	11	1.05	0.95				
	105	1	24.416130629052628	4.8144482930526316	0.0	0.0	1	1.0379077589148	0.13024872027171924	138.0	11	1.05	0.95				
	106	1	46.76892627536842	9.628896586105263	0.0	-100.0	1	1.048112238445349	-2.0206080073255532	138.0	12	1.05	0.95				
	107	2	42.9861454736842	8.597229094736841	0.0	0.0	1	1.0017070267861725	-7.444231774025582	138.0	12	1.05	0.95				
	108	1	58.80504700799999	12.036120732631577	0.0	0.0	1	1.0076031436141992	-6.049553738052363	138.0	12	1.05	0.95				
	109	1	60.180603663157896	12.38000989642105	0.0	0.0	1	1.0239242909693522	-1.324975980921935	138.0	13	1.05	0.95				
	110	1	67.05838693894735	13.755566551578946	0.0	0.0	1	1.05	-1.9486683409580983	138.0	13	1.05	0.95				
	111	1	0.0	0.0	0.0	0.0	1	0.9999558131466147	0.09086138009778703	230.0	13	1.05	0.95				
	112	1	0.0	0.0	0.0	0.0	1	1.0050411846967442	-0.11303219647542562	230.0	13	1.05	0.95				
	113	3	91.13062840421051	18.570014844631576	0.0	0.0	1	0.9890805715852784	-3.045183974532875e-31	230.0	14	1.05	0.95				
	114	2	66.7144977751579	13.411677387789473	0.0	0.0	1	0.9951230177666619	2.0474160271662094	230.0	16	1.05	0.95				
	115	2	109.01286492126314	22.008906482526314	0.0	0.0	1	1.0312454739337893	7.3210255123634	230.0	16	1.05	0.95				
	116	2	34.388916378947364	6.877783275789473	0.0	0.0	1	1.0269828334526314	6.75892710955075	230.0	16	1.05	0.95				
	117	1	0.0	0.0	0.0	0.0	1	1.0356994276885942	9.31435856819618	230.0	17	1.05	0.95				
	118	2	114.51509154189472	23.38446313768421	0.0	0.0	1	1.0387472505055133	9.59029242363497	230.0	17	1.05	0.95				
	119	1	62.24393864589474	12.723899060210526	0.0	0.0	1	1.0179650355921184	4.79228282916886	230.0	15	1.05	0.95				
	120	1	44.01781296505263	8.941118258526314	0.0	0.0	1	1.0128267415197492	3.7471355672281677	230.0	15	1.05	0.95				
	121	2	0.0	0.0	0.0	0.0	1	1.0421157218082806	10.643584266905087	230.0	17	1.05	0.95				
	122	2	0.0	0.0	0.0	0.0	1	1.05	17.479896137087454	230.0	17	1.05	0.95				
	123	2	0.0	0.0	0.0	0.0	1	1.0101756877685377	3.4435836103047683	230.0	15	1.05	0.95				
	124	1	0.0	0.0	0.0	0.0	1	1.0221530047230467	5.013395082605815	230.0	16	1.05	0.95				
	201	2	37.92664883368422	7.725798836491229	0.0	0.0	2	1.0151482490724566	-10.211854390321689	138.0	21	1.05	0.95				
	202	2	34.0637494154386	7.023453487719299	0.0	0.0	2	1.0144474792954	-10.430779150012542	138.0	22	1.05	0.95				
	203	1	63.21108138947369	12.993388952280702	0.0	0.0	2	1.0157366506906538	-7.355311333623163	138.0	21	1.05	0.95				
	204	1	25.986777904561404	5.267590115789474	0.0	0.0	2	1.0137883199278304	-10.409175083055004	138.0	21	1.05	0.95				
	205	1	24.93325988140351	4.916417441403509	0.0	0.0	2	1.0284671951926143	-10.745407329543635	138.0	21	1.05	0.95				
	206	1	47.75948371649123	9.832834882807019	0.0	-100.0	2	1.0442217400934455	-11.492965331015904	138.0	22	1.05	0.95				
	207	2	43.896584298245614	8.779316859649123	0.0	0.0	2	0.9964579456334467	-15.726343513124977	138.0	22	1.05	0.95				
	208	1	60.05052732	12.291043603508772	0.0	0.0	2	1.0038749515350616	-14.192579074403595	138.0	22	1.05	0.95				
	209	1	61.455218017543864	12.642216277894738	0.0	0.0	2	1.0226461598141368	-8.928922622107342	138.0	23	1.05	0.95				
	210	1	68.47867150526316	14.046906975438597	0.0	0.0	2	1.05	-10.147088277129333	138.0	23	1.05	0.95				
	211	1	0.0	0.0	0.0	0.0	2	1.0022990719419378	-6.3302549551719345	230.0	23	1.05	0.95				
	212	1	0.0	0.0	0.0	0.0	2	1.0060126855787488	-5.573918740518262	230.0	23	1.05	0.95				
	213	2	93.06075871228072	18.96332441684211	0.0	0.0	2	0.9965710929086786	-5.0149092086119325	230.0	24	1.05	0.95				
	214	2	68.1274988308772	13.695734301052633	0.0	0.0	2	1.0001212438500255	-4.124513395550465	230.0	26	1.05	0.95				
	215	2	111.32173778035089	22.475051160701756	0.0	0.0	2	1.0162560716484437	1.1517575718890185	230.0	26	1.05	0.95				
	216	2	35.11726743859649	7.023453487719299	0.0	0.0	2	1.0176082987956208	1.1155042782174847	230.0	26	1.05	0.95				
	217	1	0.0	0.0	0.0	0.0	2	1.0218914100230614	2.435475096726167	230.0	27	1.05	0.95				
	218	2	116.94050057052634	23.879741858245616	0.0	0.0	2	1.0213185805234855	2.0754729661937907	230.0	27	1.05	0.95				
	219	1	63.562254063859655	12.993388952280702	0.0	0.0	2	1.0193337522557293	1.1817878342658539	230.0	25	1.05	0.95				
	220	1	44.95010232140351	9.130489534035089	0.0	0.0	2	1.022833495460822	1.9356600526746695	230.0	25	1.05	0.95				
	221	2	0.0	0.0	0.0	0.0	2	1.0232312366886704	2.572345049450356	230.0	27	1.05	0.95				
	222	2	0.0	0.0	0.0	0.0	2	1.045139147364807	9.070281518698035	230.0	27	1.05	0.95				
	223	2	0.0	0.0	0.0	0.0	2	1.0251552518132196	2.6210391070464905	230.0	25	1.05	0.95				
	224	1	0.0	0.0	0.0	0.0	2	1.0055432798812154	-2.0651759882017733	230.0	26	1.05	0.95				
	301	2	46.36380891789474	9.444479594385964	0.0	0.0	3	1.0151424678215457	-6.692670465298723	138.0	31	1.05	0.95				
	302	2	41.641569120701746	8.585890540350876	0.0	0.0	3	1.0141650796109265	-7.027749212746933	138.0	32	1.05	0.95				
	303	1	77.2730148631579	15.883897499649121	0.0	0.0	3	1.0485425449886552	6.009248124730468	138.0	31	1.05	0.95				
	304	1	31.767794999298243	6.4394179052631575	0.0	0.0	3	1.0117583150855487	-6.173285009249169	138.0	31	1.05	0.95				
	305	1	30.47991141824561	6.0101233782456145	0.0	0.0	3	1.0273611543661978	-7.654900603293101	138.0	31	1.05	0.95				
	306	1	58.38405567438597	12.020246756491229	0.0	-100.0	3	1.0418580931949728	-8.718621827999275	138.0	32	1.05	0.95				
	307	2	53.66181587719298	10.732363175438596	0.0	0.0	3	0.9894283453420503	-13.182409582150013	138.0	32	1.05	0.95				
	308	1	73.40936411999999	15.025308445614034	0.0	0.0	3	0.9964939276678464	-11.246944456253647	138.0	32	1.05	0.95				
	309	1	75.12654222807016	15.454602972631578	0.0	0.0	3	1.0226662991493973	-3.6980318094015474	138.0	33	1.05	0.95				
	310	1	83.71243276842104	17.171781080701752	0.0	0.0	3	1.05	-7.23870344809331	138.0	33	1.05	0.95				
	311	1	0.0	0.0	0.0	0.0	3	1.0076880773051227	-3.004414306661931	230.0	33	1.05	0.95				
	312	1	0.0	0.0	0.0	0.0	3	1.0124252902538007	-2.355029955053343	230.0	33	1.05	0.95				
	313	2	113.76304965964911	23.18190445894737	0.0	0.0	3	1.0099756384302299	-0.15870524677936557	230.0	34	1.05	0.95				
	314	2	83.28313824140349	16.74248655368421	0.0	0.0	3	1.0027084145253984	-2.9267400744804006	230.0	36	1.05	0.95				
	315	2	136.0863650645614	27.47484972912281	0.0	0.0	3	1.0383989302663952	-0.034628081152608806	230.0	36	1.05	0.95				
	316	2	42.929452701754386	8.585890540350876	0.0	0.0	3	1.030988416049706	-0.25079310501089797	230.0	36	1.05	0.95				
	317	1	0.0	0.0	0.0	0.0	3	1.0374764748551881	1.3209748206409413	230.0	37	1.05	0.95				
	318	2	142.9550774968421	29.192027837192985	0.0	0.0	3	1.0358810624875978	0.7869256374967969	230.0	37	1.05	0.95				
	319	1	77.70230939017544	15.883897499649121	0.0	0.0	3	1.0241115599603832	-0.5928120615301701	230.0	35	1.05	0.95				
	320	1	54.94969945824562	11.16165770245614	0.0	0.0	3	1.0210232910901098	-0.04946857004669571	230.0	35	1.05	0.95				
	321	2	0.0	0.0	0.0	0.0	3	1.0385713643815102	1.053517632561944	230.0	37	1.05	0.95				
	322	2	0.0	0.0	0.0	0.0	3	1.049999993374842	5.4693572471659655	230.0	37	1.05	0.95				
	323	2	0.0	0.0	0.0	0.0	3	1.020031265632502	0.5864628414068611	230.0	35	1.05	0.95				
	324	1	0.0	0.0	0.0	0.0	3	1.039649635509936	2.279062154787432	230.0	36	1.05	0.95				
	325	1	0.0	0.0	0.0	0.0	3	1.019781706864112	1.4471046860791565	230.0	35	1.05	0.95				
];
