%% MATPOWER Case Format : Version 2
function mpc = RTS_GMLC
mpc.version = '2';

%%-----  Power Flow Data  -----%%
%% system MVA base
mpc.baseMVA = 100.0;
%% bus data
%    bus_i    type    Pd    Qd    Gs    Bs    area    Vm    Va    baseKV    zone    Vmax    Vmin
mpc.bus = [
	101	2	49.243938631578956	10.031172684210526	0.0	0.0	1	1.0142049131326258	1.9439904821607383	138.0	11	1.05	0.95				
	102	2	44.22835228947369	9.119247894736842	0.0	0.0	1	1.011882044115412	1.2866493145758036	138.0	12	1.05	0.95				
	103	1	82.07323105263158	16.87060860526316	0.0	0.0	1	1.027006126678823	3.0598157204443224	138.0	11	1.05	0.95				
	104	1	33.74121721052632	6.839435921052632	0.0	0.0	1	1.0144459943340656	-0.9809910697242146	138.0	11	1.05	0.95				
	105	1	32.37333002631579	6.3834735263157905	0.0	0.0	1	1.025427972217446	-1.4725942535530396	138.0	11	1.05	0.95				
	106	1	62.010885684210535	12.766947052631581	0.0	-100.0	1	1.0394432557469848	-3.946187505592187	138.0	12	1.05	0.95				
	107	2	56.99529934210526	11.399059868421054	0.0	0.0	1	0.9845111135228566	-11.748147813925517	138.0	12	1.05	0.95				
	108	1	77.9695695	15.958683815789474	0.0	0.0	1	0.9927616810843559	-9.282001440907337	138.0	12	1.05	0.95				
	109	1	79.79341907894737	16.414646210526314	0.0	0.0	1	1.025707402624083	-1.867800166113417	138.0	13	1.05	0.95				
	110	1	88.91266697368422	18.238495789473685	0.0	0.0	1	1.05	-3.423277269140257	138.0	13	1.05	0.95				
	111	1	0.0	0.0	0.0	0.0	1	1.0207197646598976	0.5121413487034819	230.0	13	1.05	0.95				
	112	1	0.0	0.0	0.0	0.0	1	1.0160873461089566	-0.5968579873243143	230.0	13	1.05	0.95				
	113	3	120.83003460526317	24.621969315789478	0.0	0.0	1	0.9997333746503794	1.7473555978334282e-29	230.0	14	1.05	0.95				
	114	2	88.45670457894738	17.782533394736845	0.0	0.0	1	1.0495575486979614	4.009054572260487	230.0	16	1.05	0.95				
	115	2	144.54007913157895	29.181593263157897	0.0	0.0	1	1.042081285404692	13.864732385808797	230.0	16	1.05	0.95				
	116	2	45.596239473684214	9.119247894736842	0.0	0.0	1	1.0428542573462618	11.915519057458662	230.0	16	1.05	0.95				
	117	1	0.0	0.0	0.0	0.0	1	1.0406998506616352	18.185273157358143	230.0	17	1.05	0.95				
	118	2	151.83547744736842	31.005442842105268	0.0	0.0	1	1.0494430251381501	18.897156471842894	230.0	17	1.05	0.95				
	119	1	82.52919344736843	16.87060860526316	0.0	0.0	1	1.0399771334677028	7.504228873169586	230.0	15	1.05	0.95				
	120	1	58.36318652631579	11.855022263157895	0.0	0.0	1	1.044666245786848	4.348321574613864	230.0	15	1.05	0.95				
	121	2	0.0	0.0	0.0	0.0	1	1.0438662342679603	20.544758774300938	230.0	17	1.05	0.95				
	122	2	0.0	0.0	0.0	0.0	1	1.05	38.50084850635683	230.0	17	1.05	0.95				
	123	2	0.0	0.0	0.0	0.0	1	1.0486766663519864	2.9607021563557128	230.0	15	1.05	0.95				
	124	1	0.0	0.0	0.0	0.0	1	1.0229390602794861	9.834896731389557	230.0	16	1.05	0.95				
	201	2	50.30253424421053	10.246812531228072	0.0	0.0	2	1.0124703629330207	-18.43424347184587	138.0	21	1.05	0.95				
	202	2	45.17912797859649	9.315284119298246	0.0	0.0	2	1.0116173301733653	-18.74672044166144	138.0	22	1.05	0.95				
	203	1	83.83755707368422	17.233275620701754	0.0	0.0	2	1.0113453860353336	-13.170818015360965	138.0	21	1.05	0.95				
	204	1	34.46655124140351	6.986463089473684	0.0	0.0	2	1.0098990089510596	-18.1178087873852	138.0	21	1.05	0.95				
	205	1	33.06925862350877	6.520698883508773	0.0	0.0	2	1.0254325913377362	-18.687526495812218	138.0	21	1.05	0.95				
	206	1	63.34393201122808	13.041397767017546	0.0	-100.0	2	1.0402711261182984	-19.39511044763965	138.0	22	1.05	0.95				
	207	2	58.22052574561404	11.644105149122808	0.0	0.0	2	0.9941326337903885	-25.02828067719809	138.0	22	1.05	0.95				
	208	1	79.64567922	16.30174720877193	0.0	0.0	2	0.9978231592607695	-22.88036793593536	138.0	22	1.05	0.95				
	209	1	81.50873604385966	16.76751141473684	0.0	0.0	2	1.0226217811166896	-15.676283922833388	138.0	23	1.05	0.95				
	210	1	90.8240201631579	18.630568238596492	0.0	0.0	2	1.05	-17.443163815805708	138.0	23	1.05	0.95				
	211	1	0.0	0.0	0.0	0.0	2	1.0115115417409393	-12.243637644575516	230.0	23	1.05	0.95				
	212	1	0.0	0.0	0.0	0.0	2	1.0103667450293434	-11.036964670234088	230.0	23	1.05	0.95				
	213	2	123.42751458070175	25.151267122105263	0.0	0.0	2	1.0094149125908911	-10.595704364722744	230.0	24	1.05	0.95				
	214	2	90.35825595719298	18.164804032631583	0.0	0.0	2	1.0193456641354444	-9.331051291371772	230.0	26	1.05	0.95				
	215	2	147.6472532908772	29.80890918175439	0.0	0.0	2	1.0316055368503627	-1.806601795314418	230.0	26	1.05	0.95				
	216	2	46.57642059649123	9.315284119298246	0.0	0.0	2	1.033620087401867	-2.366423931226231	230.0	26	1.05	0.95				
	217	1	0.0	0.0	0.0	0.0	2	1.0390760496281253	-0.5518379252882714	230.0	27	1.05	0.95				
	218	2	155.0994805863158	31.67196600561404	0.0	0.0	2	1.0372350801853993	-1.1026271243659425	230.0	27	1.05	0.95				
	219	1	84.30332127964914	17.233275620701754	0.0	0.0	2	1.0316110925324553	-2.584661241636758	230.0	25	1.05	0.95				
	220	1	59.61781836350878	12.109869355087719	0.0	0.0	2	1.033135211343749	-1.876263438822409	230.0	25	1.05	0.95				
	221	2	0.0	0.0	0.0	0.0	2	1.0376129666407237	-0.538650723589201	230.0	27	1.05	0.95				
	222	2	0.0	0.0	0.0	0.0	2	1.05	5.9570998344299895	230.0	27	1.05	0.95				
	223	2	0.0	0.0	0.0	0.0	2	1.034872078525872	-1.1350937689842453	230.0	25	1.05	0.95				
	224	1	0.0	0.0	0.0	0.0	2	1.0099564870990412	-6.024070394624506	230.0	26	1.05	0.95				
	301	2	56.2549825894737	11.459348305263159	0.0	0.0	3	1.0088064106763412	2.095201731442956	138.0	31	1.05	0.95				
	302	2	50.52530843684211	10.417589368421055	0.0	0.0	3	1.0079328848127298	1.9026974402377284	138.0	32	1.05	0.95				
	303	1	93.75830431578949	19.27254033157895	0.0	0.0	3	1.0367411730351042	9.95394877563148	138.0	31	1.05	0.95				
	304	1	38.5450806631579	7.81319202631579	0.0	0.0	3	1.0086040462602142	3.257782150018805	138.0	31	1.05	0.95				
	305	1	36.98244225789474	7.292312557894738	0.0	0.0	3	1.0224751400832464	2.668394752970316	138.0	31	1.05	0.95				
	306	1	70.83960770526318	14.584625115789477	0.0	-100.0	3	1.0377002099085082	2.385650562538365	138.0	32	1.05	0.95				
	307	2	65.10993355263159	13.021986710526317	0.0	0.0	3	0.9932379118464054	-2.7511213159170023	138.0	32	1.05	0.95				
	308	1	89.07038910000001	18.230781394736844	0.0	0.0	3	0.9985432336123274	-0.36493656163479493	138.0	32	1.05	0.95				
	309	1	91.15390697368422	18.751660863157895	0.0	0.0	3	1.026144709973894	6.498887151344484	138.0	33	1.05	0.95				
	310	1	101.57149634210528	20.83517873684211	0.0	0.0	3	1.05	4.9150915317293355	138.0	33	1.05	0.95				
	311	1	0.0	0.0	0.0	0.0	3	1.0093945991361863	10.064245209191322	230.0	33	1.05	0.95				
	312	1	0.0	0.0	0.0	0.0	3	1.0132219514872094	11.075813281457144	230.0	33	1.05	0.95				
	313	2	138.03305913157897	28.12749129473685	0.0	0.0	3	1.015785719406379	15.231938828881567	230.0	34	1.05	0.95				
	314	2	101.05061687368422	20.314299268421056	0.0	0.0	3	1.0083387659421954	9.968661719194593	230.0	36	1.05	0.95				
	315	2	165.1187914894737	33.33628597894737	0.0	0.0	3	1.0305637413215516	8.150537639308418	230.0	36	1.05	0.95				
	316	2	52.08794684210527	10.417589368421055	0.0	0.0	3	1.0276117393279411	8.993281069694943	230.0	36	1.05	0.95				
	317	1	0.0	0.0	0.0	0.0	3	1.0350053318337613	8.829878968330645	230.0	37	1.05	0.95				
	318	2	173.45286298421055	35.41980385263159	0.0	0.0	3	1.0332586434903142	7.309628170333382	230.0	37	1.05	0.95				
	319	1	94.27918378421055	19.27254033157895	0.0	0.0	3	1.0240558877399322	10.88375539663717	230.0	35	1.05	0.95				
	320	1	66.67257195789475	13.54286617894737	0.0	0.0	3	1.0227170348707106	12.316565616495067	230.0	35	1.05	0.95				
	321	2	0.0	0.0	0.0	0.0	3	1.0343564445909241	8.173877888488649	230.0	37	1.05	0.95				
	322	2	0.0	0.0	0.0	0.0	3	1.0479754747620198	12.754741268822224	230.0	37	1.05	0.95				
	323	2	0.0	0.0	0.0	0.0	3	1.0224821637056531	13.131728722092037	230.0	35	1.05	0.95				
	324	1	0.0	0.0	0.0	0.0	3	1.0315785284636583	10.237978750391727	230.0	36	1.05	0.95				
	325	1	0.0	0.0	0.0	0.0	3	1.023185246756119	13.770744961459936	230.0	35	1.05	0.95				
];
