%% MATPOWER Case Format : Version 2
function mpc = RTS_GMLC
mpc.version = '2';

%%-----  Power Flow Data  -----%%
%% system MVA base
mpc.baseMVA = 100.0;
%% bus data
%    bus_i    type    Pd    Qd    Gs    Bs    area    Vm    Va    baseKV    zone    Vmax    Vmin
mpc.bus = [
	101	2	34.25432954021053	6.977733795228071	0.0	0.0	1	1.0075527812203304	-0.7118858234272603	138.0	11	1.05	0.95				
	102	2	30.765462642596493	6.343394359298246	0.0	0.0	1	1.0060163578765404	-1.184673204664556	138.0	12	1.05	0.95				
	103	1	57.09054923368421	11.735279564701754	0.0	0.0	1	1.0281458018112224	2.8587252742453493	138.0	11	1.05	0.95				
	104	1	23.470559129403508	4.757545769473684	0.0	0.0	1	1.011680990765085	-2.0642974849047353	138.0	11	1.05	0.95				
	105	1	22.51904997550877	4.440376051508772	0.0	0.0	1	1.024883582905791	-2.3544763738537804	138.0	11	1.05	0.95				
	106	1	43.13508164322808	8.880752103017544	0.0	-100.0	1	1.0428404643352749	-3.7254906833408263	138.0	12	1.05	0.95				
	107	2	39.64621474561403	7.929242949122807	0.0	0.0	1	0.9821918202170651	-9.56818837365761	138.0	12	1.05	0.95				
	108	1	54.236021772	11.100940128771928	0.0	0.0	1	0.9963431851706198	-7.4033719076671485	138.0	12	1.05	0.95				
	109	1	55.50470064385965	11.418109846736842	0.0	0.0	1	1.0243718997019475	-1.4457162577354024	138.0	13	1.05	0.95				
	110	1	61.84809500315789	12.686788718596492	0.0	0.0	1	1.05	-2.9585266863692268	138.0	13	1.05	0.95				
	111	1	0.0	0.0	0.0	0.0	1	1.0110815560773863	0.9153760610995503	230.0	13	1.05	0.95				
	112	1	0.0	0.0	0.0	0.0	1	1.0094271351193345	-0.42474089216314354	230.0	13	1.05	0.95				
	113	3	84.04997526070174	17.127164770105264	0.0	0.0	1	0.9862674777363171	1.0408054433967072e-28	230.0	14	1.05	0.95				
	114	2	61.530925285192986	12.369619000631578	0.0	0.0	1	1.034641921912482	4.800876996097485	230.0	16	1.05	0.95				
	115	2	100.54280059487719	20.29886194975439	0.0	0.0	1	1.042445341254375	14.155773196108065	230.0	16	1.05	0.95				
	116	2	31.71697179649123	6.343394359298246	0.0	0.0	1	1.0409008916192644	12.277304242249874	230.0	16	1.05	0.95				
	117	1	0.0	0.0	0.0	0.0	1	1.0408181119650635	18.267605839094408	230.0	17	1.05	0.95				
	118	2	105.6175160823158	21.56754082161404	0.0	0.0	1	1.05	18.868265645828778	230.0	17	1.05	0.95				
	119	1	57.40771895164912	11.735279564701754	0.0	0.0	1	1.0360689970878127	7.809101713886899	230.0	15	1.05	0.95				
	120	1	40.59772389950878	8.24641266708772	0.0	0.0	1	1.0381197473579566	4.529106817904046	230.0	15	1.05	0.95				
	121	2	0.0	0.0	0.0	0.0	1	1.0432334629959203	20.26040035260636	230.0	17	1.05	0.95				
	122	2	0.0	0.0	0.0	0.0	1	1.05	38.22184269549134	230.0	17	1.05	0.95				
	123	2	0.0	0.0	0.0	0.0	1	1.0401912714110353	2.9707170676265515	230.0	15	1.05	0.95				
	124	1	0.0	0.0	0.0	0.0	1	1.022958376535505	9.938332404933853	230.0	16	1.05	0.95				
	201	2	36.719660004631585	7.47993074168421	0.0	0.0	2	1.0139262839559666	-16.532565068710653	138.0	21	1.05	0.95				
	202	2	32.97969463378947	6.799937037894736	0.0	0.0	2	1.0131034125673442	-16.834230873245343	138.0	22	1.05	0.95				
	203	1	61.19943334105263	12.579883520105263	0.0	0.0	2	1.0113530998939468	-12.202408164402922	138.0	21	1.05	0.95				
	204	1	25.159767040210525	5.099952778421053	0.0	0.0	2	1.0124181940753663	-16.726629049893408	138.0	21	1.05	0.95				
	205	1	24.139776484526312	4.759955926526316	0.0	0.0	2	1.0279998814763642	-17.174516416997655	138.0	21	1.05	0.95				
	206	1	46.23957185768421	9.519911853052632	0.0	-100.0	2	1.0441972214554116	-17.990864563442926	138.0	22	1.05	0.95				
	207	2	42.4996064868421	8.49992129736842	0.0	0.0	2	0.9970347820444666	-21.96351912647391	138.0	22	1.05	0.95				
	208	1	58.13946167399999	11.899889816315788	0.0	0.0	2	1.0042389168433608	-20.4805576817612	138.0	22	1.05	0.95				
	209	1	59.499449081578945	12.239886668210525	0.0	0.0	2	1.0208971092384738	-15.217288476667935	138.0	23	1.05	0.95				
	210	1	66.29938611947368	13.599874075789472	0.0	0.0	2	1.05	-16.718760439295686	138.0	23	1.05	0.95				
	211	1	0.0	0.0	0.0	0.0	2	1.003510303262338	-12.858609676143617	230.0	23	1.05	0.95				
	212	1	0.0	0.0	0.0	0.0	2	1.005303624016366	-12.663708201983452	230.0	23	1.05	0.95				
	213	2	90.09916575210526	18.359830002315793	0.0	0.0	2	0.9949013457484466	-12.153970884470295	230.0	24	1.05	0.95				
	214	2	65.95938926757894	13.259877223894737	0.0	0.0	2	1.0057713871354081	-10.243193990207994	230.0	26	1.05	0.95				
	215	2	107.77900205063158	21.759798521263157	0.0	0.0	2	1.021455130544786	-3.3985875376777197	230.0	26	1.05	0.95				
	216	2	33.99968518947368	6.799937037894736	0.0	0.0	2	1.0231695127343954	-4.501389584244441	230.0	26	1.05	0.95				
	217	1	0.0	0.0	0.0	0.0	2	1.0311460585711278	-1.8991425946681317	230.0	27	1.05	0.95				
	218	2	113.21895168094738	23.119785928842106	0.0	0.0	2	1.030510682717033	-2.297593183131215	230.0	27	1.05	0.95				
	219	1	61.539430192947364	12.579883520105263	0.0	0.0	2	1.0200316772980909	-5.629670786906723	230.0	25	1.05	0.95				
	220	1	43.519597042526314	8.839918149263157	0.0	0.0	2	1.0193675782032665	-5.9381789420509214	230.0	25	1.05	0.95				
	221	2	0.0	0.0	0.0	0.0	2	1.0306708605175956	-1.8659266291995305	230.0	27	1.05	0.95				
	222	2	0.0	0.0	0.0	0.0	2	1.05	4.614400338247968	230.0	27	1.05	0.95				
	223	2	0.0	0.0	0.0	0.0	2	1.0191254719579963	-5.840222117684808	230.0	25	1.05	0.95				
	224	1	0.0	0.0	0.0	0.0	2	1.0067727272249236	-6.6942363670952645	230.0	26	1.05	0.95				
	301	2	47.081303393684216	9.590635876491229	0.0	0.0	3	1.0129014919914554	0.05876497710619074	138.0	31	1.05	0.95				
	302	2	42.2859854554386	8.7187598877193	0.0	0.0	3	1.012199893037982	-0.24197219474675583	138.0	32	1.05	0.95				
	303	1	78.46883898947368	16.129705792280703	0.0	0.0	3	1.05	12.512871855474643	138.0	31	1.05	0.95				
	304	1	32.259411584561406	6.539069915789473	0.0	0.0	3	1.0125439500624454	1.1430943331272274	138.0	31	1.05	0.95				
	305	1	30.951597601403506	6.103131921403509	0.0	0.0	3	1.026107918485631	-1.0466050000847018	138.0	31	1.05	0.95				
	306	1	59.287567236491235	12.206263842807019	0.0	-100.0	3	1.041147973369011	-2.1830681712087485	138.0	32	1.05	0.95				
	307	2	54.49224929824561	10.898449859649123	0.0	0.0	3	0.9906794800007157	-6.169428762237267	138.0	32	1.05	0.95				
	308	1	74.54539704000001	15.257829803508772	0.0	0.0	3	0.99759394865113	-4.204710009330617	138.0	32	1.05	0.95				
	309	1	76.28914901754386	15.693767797894736	0.0	0.0	3	1.0264495336387576	4.062178323317308	138.0	33	1.05	0.95				
	310	1	85.00790890526316	17.4375197754386	0.0	0.0	3	1.05	-0.748892955259814	138.0	33	1.05	0.95				
	311	1	0.0	0.0	0.0	0.0	3	1.010009944684157	3.426764721968798	230.0	33	1.05	0.95				
	312	1	0.0	0.0	0.0	0.0	3	1.0128086838767452	3.8178821346082987	230.0	33	1.05	0.95				
	313	2	115.52356851228069	23.540651696842108	0.0	0.0	3	1.0065431664649578	4.301086292244814	230.0	34	1.05	0.95				
	314	2	84.5719709108772	17.001581781052632	0.0	0.0	3	1.0083719789185472	4.544152400537487	230.0	36	1.05	0.95				
	315	2	138.19234422035086	27.900031640701755	0.0	0.0	3	1.0414951227157363	8.824821560706669	230.0	36	1.05	0.95				
	316	2	43.59379943859649	8.7187598877193	0.0	0.0	3	1.0375614672763032	8.680045419373222	230.0	36	1.05	0.95				
	317	1	0.0	0.0	0.0	0.0	3	1.05	12.758572354650902	230.0	37	1.05	0.95				
	318	2	145.16735213052633	29.643783618245617	0.0	0.0	3	1.046183046790665	9.90196198936343	230.0	37	1.05	0.95				
	319	1	78.90477698385965	16.129705792280703	0.0	0.0	3	1.0278092066979139	7.714559197766163	230.0	35	1.05	0.95				
	320	1	55.80006328140351	11.33438785403509	0.0	0.0	3	1.022392249277812	7.714626073414855	230.0	35	1.05	0.95				
	321	2	0.0	0.0	0.0	0.0	3	1.0455445610011391	10.190844989087848	230.0	37	1.05	0.95				
	322	2	0.0	0.0	0.0	0.0	3	1.05	15.541110694690996	230.0	37	1.05	0.95				
	323	2	0.0	0.0	0.0	0.0	3	1.0200141893890966	8.055539412021252	230.0	35	1.05	0.95				
	324	1	0.0	0.0	0.0	0.0	3	1.041861575090154	10.236822458698532	230.0	36	1.05	0.95				
	325	1	0.0	0.0	0.0	0.0	3	1.0189115308465386	9.095445913157418	230.0	35	1.05	0.95				
];
