%% MATPOWER Case Format : Version 2
function mpc = RTS_GMLC
mpc.version = '2';

%%-----  Power Flow Data  -----%%
%% system MVA base
mpc.baseMVA = 100.0;
%% bus data
%    bus_i    type    Pd    Qd    Gs    Bs    area    Vm    Va    baseKV    zone    Vmax    Vmin
mpc.bus = [
	101	2	44.91538840421053	9.149430971228071	0.0	0.0	1	1.0307311339328198	1.675707026537451	138.0	11	1.05	0.95				
	102	2	40.340672918596496	8.317664519298246	0.0	0.0	1	1.028484601945525	1.0678091592817192	138.0	12	1.05	0.95				
	103	1	74.85898067368421	15.387679360701753	0.0	0.0	1	1.0331138596405567	1.6869241296117674	138.0	11	1.05	0.95				
	104	1	30.775358721403506	6.238248389473684	0.0	0.0	1	1.0225120607040066	-1.1526702330081084	138.0	11	1.05	0.95				
	105	1	29.52770904350877	5.822365163508772	0.0	0.0	1	1.0345345520813045	-1.544567782813624	138.0	11	1.05	0.95				
	106	1	56.56011873122807	11.644730327017545	0.0	-100.0	1	1.044726319891348	-3.8898959188951148	138.0	12	1.05	0.95				
	107	2	51.98540324561404	10.397080649122808	0.0	0.0	1	0.9995291433229523	-11.040647698717173	138.0	12	1.05	0.95				
	108	1	71.11603164	14.555912908771928	0.0	0.0	1	1.0032082192460468	-8.849856711965504	138.0	12	1.05	0.95				
	109	1	72.77956454385965	14.971796134736842	0.0	0.0	1	1.0251793309169799	-2.226243549224924	138.0	13	1.05	0.95				
	110	1	81.0972290631579	16.635329038596492	0.0	0.0	1	1.05	-3.4882667643378555	138.0	13	1.05	0.95				
	111	1	0.0	0.0	0.0	0.0	1	1.0053311458169012	-0.2000409034607274	230.0	13	1.05	0.95				
	112	1	0.0	0.0	0.0	0.0	1	1.0096676019263762	-0.9493575837443442	230.0	13	1.05	0.95				
	113	3	110.20905488070176	22.457694202105266	0.0	0.0	1	0.9977952336835572	-9.740971159019702e-30	230.0	14	1.05	0.95				
	114	2	80.68134583719299	16.21944581263158	0.0	0.0	1	1.0050833273244097	2.402406975953267	230.0	16	1.05	0.95				
	115	2	131.8349826308772	26.616526461754386	0.0	0.0	1	1.042506020289842	9.8918747806127	230.0	16	1.05	0.95				
	116	2	41.58832259649123	8.317664519298246	0.0	0.0	1	1.0359350085866175	8.463930419718949	230.0	16	1.05	0.95				
	117	1	0.0	0.0	0.0	0.0	1	1.0416674538505937	13.251030858948083	230.0	17	1.05	0.95				
	118	2	138.4891142463158	28.280059365614036	0.0	0.0	1	1.0491030479994978	13.83280672556968	230.0	17	1.05	0.95				
	119	1	75.27486389964912	15.387679360701753	0.0	0.0	1	1.0245510562037659	5.131526777312149	230.0	15	1.05	0.95				
	120	1	53.23305292350877	10.81296387508772	0.0	0.0	1	1.01941724214797	2.7574500793654813	230.0	15	1.05	0.95				
	121	2	0.0	0.0	0.0	0.0	1	1.05	15.157734073051172	230.0	17	1.05	0.95				
	122	2	0.0	0.0	0.0	0.0	1	1.05	28.21422475799696	230.0	17	1.05	0.95				
	123	2	0.0	0.0	0.0	0.0	1	1.0174680261188227	1.7681919648508466	230.0	15	1.05	0.95				
	124	1	0.0	0.0	0.0	0.0	1	1.028521689989027	6.818725961258369	230.0	16	1.05	0.95				
	201	2	41.71761371368421	8.498032423157895	0.0	0.0	2	1.0156071211936188	-16.30386379379538	138.0	21	1.05	0.95				
	202	2	37.46859750210526	7.725484021052631	0.0	0.0	2	1.0146775610810002	-16.595956762108987	138.0	22	1.05	0.95				
	203	1	69.52935618947367	14.292145438947369	0.0	0.0	2	1.0155777011687206	-12.05038030489673	138.0	21	1.05	0.95				
	204	1	28.584290877894738	5.794113015789473	0.0	0.0	2	1.0129361904923841	-16.254786973560194	138.0	21	1.05	0.95				
	205	1	27.425468274736836	5.407838814736842	0.0	0.0	2	1.028199027998532	-16.715032619073906	138.0	21	1.05	0.95				
	206	1	52.5332913431579	10.815677629473685	0.0	-100.0	2	1.043301353639183	-17.441127153006814	138.0	22	1.05	0.95				
	207	2	48.284275131578944	9.656855026315789	0.0	0.0	2	0.9973071003055358	-22.02598739095939	138.0	22	1.05	0.95				
	208	1	66.05288838	13.519597036842104	0.0	0.0	2	1.0029142039369956	-20.299653262413695	138.0	22	1.05	0.95				
	209	1	67.59798518421051	13.905871237894734	0.0	0.0	2	1.02237857732328	-14.371530938040731	138.0	23	1.05	0.95				
	210	1	75.32346920526315	15.450968042105263	0.0	0.0	2	1.05	-15.883538298842305	138.0	23	1.05	0.95				
	211	1	0.0	0.0	0.0	0.0	2	1.003711201640092	-11.926231462918599	230.0	23	1.05	0.95				
	212	1	0.0	0.0	0.0	0.0	2	1.0070723720289876	-10.427550992021843	230.0	23	1.05	0.95				
	213	2	102.36266327894737	20.858806856842104	0.0	0.0	2	0.9953154212014	-11.041502724789495	230.0	24	1.05	0.95				
	214	2	74.93719500421052	15.064693841052632	0.0	0.0	2	1.0055224155733233	-9.369586061221304	230.0	26	1.05	0.95				
	215	2	122.4489217336842	24.72154886736842	0.0	0.0	2	1.022339656109837	-2.2606436620346164	230.0	26	1.05	0.95				
	216	2	38.627420105263155	7.725484021052631	0.0	0.0	2	1.0215700049101433	-3.3954668588854173	230.0	26	1.05	0.95				
	217	1	0.0	0.0	0.0	0.0	2	1.02663197068602	-1.3116804400254611	230.0	27	1.05	0.95				
	218	2	128.6293089505263	26.26664567157895	0.0	0.0	2	1.026583866757773	-1.6526937271334323	230.0	27	1.05	0.95				
	219	1	69.91563039052632	14.292145438947369	0.0	0.0	2	1.0163675782045476	-5.140975814083994	230.0	25	1.05	0.95				
	220	1	49.44309773473684	10.043129227368421	0.0	0.0	2	1.0148385721578546	-5.896518892744538	230.0	25	1.05	0.95				
	221	2	0.0	0.0	0.0	0.0	2	1.028658979048058	-1.060361513067024	230.0	27	1.05	0.95				
	222	2	0.0	0.0	0.0	0.0	2	1.049999929033859	5.331221213163589	230.0	27	1.05	0.95				
	223	2	0.0	0.0	0.0	0.0	2	1.0143438791991333	-6.007540620876942	230.0	25	1.05	0.95				
	224	1	0.0	0.0	0.0	0.0	2	1.0077818917291552	-5.939976315682654	230.0	26	1.05	0.95				
	301	2	57.75830431578947	11.765580508771931	0.0	0.0	3	1.00219102124361	-6.865224042954546	138.0	31	1.05	0.95				
	302	2	51.87551406140351	10.695982280701754	0.0	0.0	3	1.0019049904346602	-6.948414345475748	138.0	32	1.05	0.95				
	303	1	96.26384052631579	19.787567219298246	0.0	0.0	3	1.0206784092949972	-2.526289741177436	138.0	31	1.05	0.95				
	304	1	39.57513443859649	8.021986710526315	0.0	0.0	3	1.0053306619151388	-5.239785708307183	138.0	31	1.05	0.95				
	305	1	37.97073709649123	7.487187596491229	0.0	0.0	3	1.0183776682511814	-5.4677558338314585	138.0	31	1.05	0.95				
	306	1	72.73267950877194	14.974375192982459	0.0	-100.0	3	1.0356095644291465	-5.301810268192074	138.0	32	1.05	0.95				
	307	2	66.84988925438596	13.369977850877193	0.0	0.0	3	0.9925721909432509	-10.389998254731152	138.0	32	1.05	0.95				
	308	1	91.4506485	18.71796899122807	0.0	0.0	3	0.9985082136121366	-7.945299000119668	138.0	32	1.05	0.95				
	309	1	93.58984495614035	19.252768105263158	0.0	0.0	3	1.0261847101560868	-1.6590882052339282	138.0	33	1.05	0.95				
	310	1	104.2858272368421	21.39196456140351	0.0	0.0	3	1.05	-2.3586299297958995	138.0	33	1.05	0.95				
	311	1	0.0	0.0	0.0	0.0	3	1.0112058234243728	3.308888558708391	230.0	33	1.05	0.95				
	312	1	0.0	0.0	0.0	0.0	3	1.015941178605527	4.463254512908051	230.0	33	1.05	0.95				
	313	2	141.72176521929825	28.879152157894737	0.0	0.0	3	1.0237247804999658	9.404566262728583	230.0	34	1.05	0.95				
	314	2	103.75102812280701	20.857165447368423	0.0	0.0	3	1.0110710276248849	3.2977320091742524	230.0	36	1.05	0.95				
	315	2	169.5313191491228	34.227143298245615	0.0	0.0	3	1.0281288398473538	0.7341181262902178	230.0	36	1.05	0.95				
	316	2	53.47991140350877	10.695982280701754	0.0	0.0	3	1.028276001648076	1.7785767561142825	230.0	36	1.05	0.95				
	317	1	0.0	0.0	0.0	0.0	3	1.0346193291192582	2.3099861027165316	230.0	37	1.05	0.95				
	318	2	178.0881049736842	36.36633975438597	0.0	0.0	3	1.0314018544929244	0.7108062099972103	230.0	37	1.05	0.95				
	319	1	96.79863964035088	19.787567219298246	0.0	0.0	3	1.027855837987327	4.08878683436443	230.0	35	1.05	0.95				
	320	1	68.45428659649123	13.904776964912283	0.0	0.0	3	1.0296944732915727	5.8729649153930925	230.0	35	1.05	0.95				
	321	2	0.0	0.0	0.0	0.0	3	1.0324448321335344	1.3107376060614233	230.0	37	1.05	0.95				
	322	2	0.0	0.0	0.0	0.0	3	1.0467480358342458	6.03688699021656	230.0	37	1.05	0.95				
	323	2	0.0	0.0	0.0	0.0	3	1.0312069537128634	6.7982430506683595	230.0	35	1.05	0.95				
	324	1	0.0	0.0	0.0	0.0	3	1.0216195520727434	1.147946097962731	230.0	36	1.05	0.95				
	325	1	0.0	0.0	0.0	0.0	3	1.0313419811560196	7.513326198108975	230.0	35	1.05	0.95				
];
