%% MATPOWER Case Format : Version 2
function mpc = RTS_GMLC
mpc.version = '2';

%%-----  Power Flow Data  -----%%
%% system MVA base
mpc.baseMVA = 100.0;
%% bus data
%    bus_i    type    Pd    Qd    Gs    Bs    area    Vm    Va    baseKV    zone    Vmax    Vmin
mpc.bus = [
	101	2	46.78574964631579	9.530430483508773	0.0	0.0	1	1.0322252331845396	2.887229386047679	138.0	11	1.05	0.95				
	102	2	42.0205344045614	8.664027712280703	0.0	0.0	1	1.0318242014680368	2.766038923112494	138.0	12	1.05	0.95				
	103	1	77.97624941052632	16.028451267719298	0.0	0.0	1	1.0279485524624403	0.030799624238828135	138.0	11	1.05	0.95				
	104	1	32.056902535438596	6.498020784210526	0.0	0.0	1	1.0209718742254552	-0.588555660622124	138.0	11	1.05	0.95				
	105	1	30.75729837859649	6.064819398596492	0.0	0.0	1	1.035104041509036	-0.298396119558384	138.0	11	1.05	0.95				
	106	1	58.915388443508775	12.129638797192984	0.0	-100.0	1	1.0449051776805776	-2.522501960374645	138.0	12	1.05	0.95				
	107	2	54.15017320175439	10.830034640350878	0.0	0.0	1	1.0166548565884594	-3.8907176442750266	138.0	12	1.05	0.95				
	108	1	74.07743694	15.162048496491225	0.0	0.0	1	1.0151510855286567	-4.403035831219179	138.0	12	1.05	0.95				
	109	1	75.81024248245613	15.595249882105264	0.0	0.0	1	1.0255006935963684	-1.5748029679816296	138.0	13	1.05	0.95				
	110	1	84.47427019473685	17.328055424561406	0.0	0.0	1	1.05	-2.1580294212170275	138.0	13	1.05	0.95				
	111	1	0.0	0.0	0.0	0.0	1	1.0033484459525215	-0.29482370856161555	230.0	13	1.05	0.95				
	112	1	0.0	0.0	0.0	0.0	1	1.0088176022145627	0.3825548141155467	230.0	13	1.05	0.95				
	113	3	114.7983671877193	23.392874823157896	0.0	0.0	1	0.994470329204146	-8.037549584711232e-31	230.0	14	1.05	0.95				
	114	2	84.0410688091228	16.89485403894737	0.0	0.0	1	0.9988260181218069	1.146309226462936	230.0	16	1.05	0.95				
	115	2	137.32483923964912	27.72488867929825	0.0	0.0	1	1.038521086516558	5.770114028913354	230.0	16	1.05	0.95				
	116	2	43.32013856140351	8.664027712280703	0.0	0.0	1	1.0336994886774316	5.686372703994434	230.0	16	1.05	0.95				
	117	1	0.0	0.0	0.0	0.0	1	1.0423246644601785	6.778640377874774	230.0	17	1.05	0.95				
	118	2	144.2560614094737	29.457694221754387	0.0	0.0	1	1.0450707611773309	6.412660724061413	230.0	17	1.05	0.95				
	119	1	78.40945079614036	16.028451267719298	0.0	0.0	1	1.0279552020227387	5.326880408658807	230.0	15	1.05	0.95				
	120	1	55.4497773585965	11.263236025964913	0.0	0.0	1	1.0258706039820258	5.856323283549839	230.0	15	1.05	0.95				
	121	2	0.0	0.0	0.0	0.0	1	1.05	7.059167791877254	230.0	17	1.05	0.95				
	122	2	0.0	0.0	0.0	0.0	1	1.05	13.953917322769344	230.0	17	1.05	0.95				
	123	2	0.0	0.0	0.0	0.0	1	1.0254292942908447	6.483455199097099	230.0	15	1.05	0.95				
	124	1	0.0	0.0	0.0	0.0	1	1.0265476195806162	3.6303911495373824	230.0	16	1.05	0.95				
	201	2	51.93451913684212	10.579253898245614	0.0	0.0	2	1.0301525691870985	-7.282610651911944	138.0	21	1.05	0.95				
	202	2	46.6448921877193	9.617503543859652	0.0	0.0	2	1.0305409320724108	-7.281575103187043	138.0	22	1.05	0.95				
	203	1	86.55753189473685	17.792381556140352	0.0	0.0	2	1.021698656290215	-6.212194427779006	138.0	21	1.05	0.95				
	204	1	35.584763112280704	7.213127657894737	0.0	0.0	2	1.0186589592635247	-9.64605512786059	138.0	21	1.05	0.95				
	205	1	34.14213758070176	6.732252480701756	0.0	0.0	2	1.0338451013852261	-9.849558558147839	138.0	21	1.05	0.95				
	206	1	65.39902409824563	13.464504961403511	0.0	-100.0	2	1.0436578364252633	-11.743452111276486	138.0	22	1.05	0.95				
	207	2	60.10939714912281	12.021879429824562	0.0	0.0	2	0.9878272513111301	-18.989835062694233	138.0	22	1.05	0.95				
	208	1	82.2296553	16.830631201754386	0.0	0.0	2	0.9936682075091691	-16.77890010937277	138.0	22	1.05	0.95				
	209	1	84.15315600877193	17.31150637894737	0.0	0.0	2	1.023167334815165	-9.620600287306956	138.0	23	1.05	0.95				
	210	1	93.77065955263159	19.235007087719303	0.0	0.0	2	1.05	-10.923728124213746	138.0	23	1.05	0.95				
	211	1	0.0	0.0	0.0	0.0	2	1.008163300141788	-7.053681526341352	230.0	23	1.05	0.95				
	212	1	0.0	0.0	0.0	0.0	2	1.0120610547044118	-6.710848170073387	230.0	23	1.05	0.95				
	213	2	127.43192195614037	25.96725956842106	0.0	0.0	2	1.0030552711789495	-6.441042097942839	230.0	24	1.05	0.95				
	214	2	93.2897843754386	18.75413191052632	0.0	0.0	2	1.0112799810515545	-4.287982692513218	230.0	26	1.05	0.95				
	215	2	152.43743117017544	30.776011340350877	0.0	0.0	2	1.0301836830535436	2.8164554047756742	230.0	26	1.05	0.95				
	216	2	48.08751771929825	9.617503543859652	0.0	0.0	2	1.0329561051201397	2.5045632444444865	230.0	26	1.05	0.95				
	217	1	0.0	0.0	0.0	0.0	2	1.0372118012373897	5.566074914577219	230.0	27	1.05	0.95				
	218	2	160.13143400526317	32.699512049122816	0.0	0.0	2	1.0391371581325721	6.164656923974711	230.0	27	1.05	0.95				
	219	1	87.03840707192984	17.792381556140352	0.0	0.0	2	1.0330385508550408	1.076254287257057	230.0	25	1.05	0.95				
	220	1	61.552022680701754	12.502754607017547	0.0	0.0	2	1.0368542533210476	0.7627270617520778	230.0	25	1.05	0.95				
	221	2	0.0	0.0	0.0	0.0	2	1.0386613990742672	5.8019190338238635	230.0	27	1.05	0.95				
	222	2	0.0	0.0	0.0	0.0	2	1.05	12.210104527573757	230.0	27	1.05	0.95				
	223	2	0.0	0.0	0.0	0.0	2	1.0396807436321869	0.9508050403845422	230.0	25	1.05	0.95				
	224	1	0.0	0.0	0.0	0.0	2	1.0157638789145338	-0.569893488853358	230.0	26	1.05	0.95				
	301	2	63.51534325894737	12.938310663859648	0.0	0.0	3	1.0084439312048368	-34.698988273800595	138.0	31	1.05	0.95				
	302	2	57.04618792701754	11.762100603508772	0.0	0.0	3	1.007686655971999	-34.87697590010262	138.0	32	1.05	0.95				
	303	1	105.85890543157895	21.759886116491227	0.0	0.0	3	1.0255097587719382	-26.188229942580517	138.0	31	1.05	0.95				
	304	1	43.519772232982454	8.82157545263158	0.0	0.0	3	1.0071717083106624	-32.923455508703775	138.0	31	1.05	0.95				
	305	1	41.75545714245614	8.23347042245614	0.0	0.0	3	1.0212071130773268	-33.994937495406035	138.0	31	1.05	0.95				
	306	1	79.98228410385966	16.46694084491228	0.0	-100.0	3	1.0356045930108024	-34.25716231071735	138.0	32	1.05	0.95				
	307	2	73.51312877192983	14.702625754385965	0.0	0.0	3	0.995830579757698	-38.83962842670086	138.0	32	1.05	0.95				
	308	1	100.56596015999999	20.583676056140348	0.0	0.0	3	0.9959220050935317	-36.998008324598636	138.0	32	1.05	0.95				
	309	1	102.91838028070175	21.17178108631579	0.0	0.0	3	1.0272467457255614	-28.929743365800825	138.0	33	1.05	0.95				
	310	1	114.68048088421052	23.524201207017544	0.0	0.0	3	1.05	-31.402953890401218	138.0	33	1.05	0.95				
	311	1	0.0	0.0	0.0	0.0	3	1.0190125062891562	-24.018849244452987	230.0	33	1.05	0.95				
	312	1	0.0	0.0	0.0	0.0	3	1.0178960138994806	-23.491322214579775	230.0	33	1.05	0.95				
	313	2	155.8478329964912	31.757671629473684	0.0	0.0	3	1.0264730086936438	-20.433801737593445	230.0	34	1.05	0.95				
	314	2	114.09237585403508	22.936096176842106	0.0	0.0	3	1.0315467031915129	-21.081317826101422	230.0	36	1.05	0.95				
	315	2	186.42929456561404	37.63872193122807	0.0	0.0	3	1.0491766460478216	-13.699356275884567	230.0	36	1.05	0.95				
	316	2	58.81050301754386	11.762100603508772	0.0	0.0	3	1.0495078209822646	-13.40684023627999	230.0	36	1.05	0.95				
	317	1	0.0	0.0	0.0	0.0	3	1.05	-10.230154546912233	230.0	37	1.05	0.95				
	318	2	195.83897504842105	39.99114205192983	0.0	0.0	3	1.0490719213540989	-9.854961997540725	230.0	37	1.05	0.95				
	319	1	106.44701046175437	21.759886116491227	0.0	0.0	3	1.0460028756501347	-14.798654183982173	230.0	35	1.05	0.95				
	320	1	75.27744386245614	15.290730784561404	0.0	0.0	3	1.0478025586440036	-14.910866318339858	230.0	35	1.05	0.95				
	321	2	0.0	0.0	0.0	0.0	3	1.05	-9.482156387127178	230.0	37	1.05	0.95				
	322	2	0.0	0.0	0.0	0.0	3	1.05	-3.9992010324493545	230.0	37	1.05	0.95				
	323	2	0.0	0.0	0.0	0.0	3	1.05	-14.542685147767866	230.0	35	1.05	0.95				
	324	1	0.0	0.0	0.0	0.0	3	1.0245052215702146	-18.323351817636805	230.0	36	1.05	0.95				
	325	1	0.0	0.0	0.0	0.0	3	1.0415038607307046	-12.79721597096497	230.0	35	1.05	0.95				
];
