%% MATPOWER Case Format : Version 2
function mpc = RTS_GMLC
mpc.version = '2';

%%-----  Power Flow Data  -----%%
%% system MVA base
mpc.baseMVA = 100.0;
%% bus data
%    bus_i    type    Pd    Qd    Gs    Bs    area    Vm    Va    baseKV    zone    Vmax    Vmin
mpc.bus = [
	101	2	36.63236021684211	7.462147451578947	0.0	0.0	1	1.0396793609162636	4.968903619759514	138.0	11	1.05	0.95				
	102	2	32.90128649105263	6.7837704105263175	0.0	0.0	1	1.0387353635477952	4.708677866366563	138.0	12	1.05	0.95				
	103	1	61.05393369473685	12.549975259473687	0.0	0.0	1	1.0297026673481746	1.8039556754596073	138.0	11	1.05	0.95				
	104	1	25.099950518947374	5.087827807894737	0.0	0.0	1	1.025653128543163	1.2323955962456727	138.0	11	1.05	0.95				
	105	1	24.082384957368422	4.748639287368421	0.0	0.0	1	1.0398036900489744	1.4598258487827356	138.0	11	1.05	0.95				
	106	1	46.129638791578955	9.497278574736843	0.0	-100.0	1	1.0489388668722859	-0.9101098035649691	138.0	12	1.05	0.95				
	107	2	42.39856506578948	8.479713013157895	0.0	0.0	1	1.001268280501995	-6.424339709863052	138.0	12	1.05	0.95				
	108	1	58.001237010000004	11.871598218421052	0.0	0.0	1	1.0075986887500707	-5.096604704327792	138.0	12	1.05	0.95				
	109	1	59.357991092105266	12.210786738947368	0.0	0.0	1	1.0240576493188063	-0.562877479131107	138.0	13	1.05	0.95				
	110	1	66.14176150263158	13.567540821052635	0.0	0.0	1	1.05	-1.0529407485725797	138.0	13	1.05	0.95				
	111	1	0.0	0.0	0.0	0.0	1	0.9999089364771978	0.44502506394820923	230.0	13	1.05	0.95				
	112	1	0.0	0.0	0.0	0.0	1	1.0048066871991819	0.5067916436377008	230.0	13	1.05	0.95				
	113	3	89.88495793947368	18.316180108421054	0.0	0.0	1	0.9873172171808636	5.857252111897765e-29	230.0	14	1.05	0.95				
	114	2	65.80257298210526	13.228352300526316	0.0	0.0	1	0.9953307310628934	2.2244669686763934	230.0	16	1.05	0.95				
	115	2	107.5227610068421	21.708065313684212	0.0	0.0	1	1.0315442229878016	6.960807486495799	230.0	16	1.05	0.95				
	116	2	33.91885205263158	6.7837704105263175	0.0	0.0	1	1.027000022364044	6.664117857614818	230.0	16	1.05	0.95				
	117	1	0.0	0.0	0.0	0.0	1	1.0363036158199204	8.794162525115098	230.0	17	1.05	0.95				
	118	2	112.94977733526316	23.064819395789478	0.0	0.0	1	1.0394176446290055	8.859152469233948	230.0	17	1.05	0.95				
	119	1	61.39312221526316	12.549975259473687	0.0	0.0	1	1.019201848747172	5.316628507208544	230.0	15	1.05	0.95				
	120	1	43.416130627368425	8.818901533684212	0.0	0.0	1	1.0146018891933872	4.807947045240422	230.0	15	1.05	0.95				
	121	2	0.0	0.0	0.0	0.0	1	1.0432850028022445	9.703599046778605	230.0	17	1.05	0.95				
	122	2	0.0	0.0	0.0	0.0	1	1.05	16.837769100086092	230.0	17	1.05	0.95				
	123	2	0.0	0.0	0.0	0.0	1	1.012193096638868	4.797610846753704	230.0	15	1.05	0.95				
	124	1	0.0	0.0	0.0	0.0	1	1.0234177561315752	5.017977636661382	230.0	16	1.05	0.95				
	201	2	35.24067369852632	7.178655753403509	0.0	0.0	2	1.0165333574540993	-8.832619024448727	138.0	21	1.05	0.95				
	202	2	31.651345821824563	6.526050684912281	0.0	0.0	2	1.0158943400359095	-9.030525814876928	138.0	22	1.05	0.95				
	203	1	58.734456164210535	12.07319376708772	0.0	0.0	2	1.0163449522553938	-6.248901479322438	138.0	21	1.05	0.95				
	204	1	24.14638753417544	4.894538013684211	0.0	0.0	2	1.0148051179271829	-9.204340199708785	138.0	21	1.05	0.95				
	205	1	23.1674799314386	4.568235479438598	0.0	0.0	2	1.0295243035440855	-9.51346234689786	138.0	21	1.05	0.95				
	206	1	44.37714465740352	9.136470958877196	0.0	-100.0	2	1.0452487309076819	-10.31601733092484	138.0	22	1.05	0.95				
	207	2	40.78781678070176	8.15756335614035	0.0	0.0	2	0.9973966921563836	-14.273188762638007	138.0	22	1.05	0.95				
	208	1	55.797733356	11.420588698596491	0.0	0.0	2	1.0052951129675818	-12.867039073052812	138.0	22	1.05	0.95				
	209	1	57.10294349298246	11.746891232842106	0.0	0.0	2	1.0223181093547575	-7.984190746518949	138.0	23	1.05	0.95				
	210	1	63.62899417789474	13.052101369824562	0.0	0.0	2	1.05	-9.14276947411619	138.0	23	1.05	0.95				
	211	1	0.0	0.0	0.0	0.0	2	1.0007124195910528	-5.612556810150153	230.0	23	1.05	0.95				
	212	1	0.0	0.0	0.0	0.0	2	1.0046473421261803	-5.143302824925056	230.0	23	1.05	0.95				
	213	2	86.47017157508773	17.62033684926316	0.0	0.0	2	0.9927768478111971	-4.634718147213934	230.0	24	1.05	0.95				
	214	2	63.302691643649126	12.72579883557895	0.0	0.0	2	0.9982539056315154	-3.357088636937862	230.0	26	1.05	0.95				
	215	2	103.43790335585965	20.8833621917193	0.0	0.0	2	1.0156337924138412	2.0159493274222613	230.0	26	1.05	0.95				
	216	2	32.6302534245614	6.526050684912281	0.0	0.0	2	1.016359061381263	1.7887601293760456	230.0	26	1.05	0.95				
	217	1	0.0	0.0	0.0	0.0	2	1.021507209419844	3.337653958064978	230.0	27	1.05	0.95				
	218	2	108.65874390378949	22.18857232870176	0.0	0.0	2	1.0210717331976384	3.012844797046473	230.0	27	1.05	0.95				
	219	1	59.06075869845615	12.07319376708772	0.0	0.0	2	1.0165414877236634	1.3218743244135929	230.0	25	1.05	0.95				
	220	1	41.7667243834386	8.483865890385967	0.0	0.0	2	1.0184195980749178	1.5694497046670193	230.0	25	1.05	0.95				
	221	2	0.0	0.0	0.0	0.0	2	1.0228656871918065	3.484510034556023	230.0	27	1.05	0.95				
	222	2	0.0	0.0	0.0	0.0	2	1.0448268471675595	9.982462551828716	230.0	27	1.05	0.95				
	223	2	0.0	0.0	0.0	0.0	2	1.0195966070577391	1.9623073728776017	230.0	25	1.05	0.95				
	224	1	0.0	0.0	0.0	0.0	2	1.0056472010105024	-1.1133862724315406	230.0	26	1.05	0.95				
	301	2	38.12970577263158	7.767162287017544	0.0	0.0	3	1.0119913634942421	-17.289653802198	138.0	31	1.05	0.95				
	302	2	34.24612462912281	7.061056624561404	0.0	0.0	3	1.0119906669501568	-17.38893750323085	138.0	32	1.05	0.95				
	303	1	63.549509621052636	13.062954755438597	0.0	0.0	3	1.0218535013797072	-12.667632954173818	138.0	31	1.05	0.95				
	304	1	26.125909510877193	5.295792468421053	0.0	0.0	3	1.013130858526706	-16.236937381901374	138.0	31	1.05	0.95				
	305	1	25.066751017192985	4.942739637192983	0.0	0.0	3	1.0266518669082412	-16.875511872849344	138.0	31	1.05	0.95				
	306	1	48.01518504701755	9.885479274385967	0.0	-100.0	3	1.0436171400719845	-17.090993733902426	138.0	32	1.05	0.95				
	307	2	44.131603903508775	8.826320780701755	0.0	0.0	3	0.9937892811331657	-20.762985787799828	138.0	32	1.05	0.95				
	308	1	60.37203414	12.356849092982456	0.0	0.0	3	1.0026052675069874	-19.235080485697296	138.0	32	1.05	0.95				
	309	1	61.78424546491228	12.709901924210525	0.0	0.0	3	1.0242604078192767	-13.835570828369802	138.0	33	1.05	0.95				
	310	1	68.84530208947368	14.122113249122808	0.0	0.0	3	1.05	-15.321510514435504	138.0	33	1.05	0.95				
	311	1	0.0	0.0	0.0	0.0	3	1.0009546276069967	-10.746597191170459	230.0	33	1.05	0.95				
	312	1	0.0	0.0	0.0	0.0	3	1.0075447248413028	-10.03001461409822	230.0	33	1.05	0.95				
	313	2	93.55900027543859	19.06485288631579	0.0	0.0	3	1.0048917245820777	-7.17956010865391	230.0	34	1.05	0.95				
	314	2	68.49224925824562	13.769060417894737	0.0	0.0	3	0.9910195215722236	-9.875985657648526	230.0	36	1.05	0.95				
	315	2	111.91774749929823	22.595381198596492	0.0	0.0	3	1.0132944369802865	-7.08560957768785	230.0	36	1.05	0.95				
	316	2	35.30528312280702	7.061056624561404	0.0	0.0	3	1.0126065499821333	-6.537282562638397	230.0	36	1.05	0.95				
	317	1	0.0	0.0	0.0	0.0	3	1.0180454923606346	-5.258579210609612	230.0	37	1.05	0.95				
	318	2	117.56659279894737	24.007592523508777	0.0	0.0	3	1.0174494781936094	-5.275203144236369	230.0	37	1.05	0.95				
	319	1	63.90256245228071	13.062954755438597	0.0	0.0	3	1.0120152233582416	-6.481548938986629	230.0	35	1.05	0.95				
	320	1	45.190762397192984	9.179373611929826	0.0	0.0	3	1.0135705560611445	-5.722277090216298	230.0	35	1.05	0.95				
	321	2	0.0	0.0	0.0	0.0	3	1.018214107200251	-5.339590213167388	230.0	37	1.05	0.95				
	322	2	0.0	0.0	0.0	0.0	3	1.0316942155261224	-0.8457692079347738	230.0	37	1.05	0.95				
	323	2	0.0	0.0	0.0	0.0	3	1.0148604287911356	-5.025540685244574	230.0	35	1.05	0.95				
	324	1	0.0	0.0	0.0	0.0	3	1.0088593574107678	-9.218393706881981	230.0	36	1.05	0.95				
	325	1	0.0	0.0	0.0	0.0	3	1.0129427215689708	-3.7702434403967064	230.0	35	1.05	0.95				
];
