%% MATPOWER Case Format : Version 2
function mpc = RTS_GMLC
mpc.version = '2';

%%-----  Power Flow Data  -----%%
%% system MVA base
mpc.baseMVA = 100.0;
%% bus data
%    bus_i    type    Pd    Qd    Gs    Bs    area    Vm    Va    baseKV    zone    Vmax    Vmin
mpc.bus = [
	101	2	54.801583389473684	11.163285505263158	0.0	0.0	1	1.0325950826325143	1.5644177129255683	138.0	11	1.05	0.95				
	102	2	49.219940636842104	10.148441368421054	0.0	0.0	1	1.032151468866897	1.4206016212801127	138.0	12	1.05	0.95				
	103	1	91.33597231578948	18.774616531578946	0.0	0.0	1	1.0266623343951777	-0.1916738733075861	138.0	11	1.05	0.95				
	104	1	37.54923306315789	7.6113310263157885	0.0	0.0	1	1.0198828792512347	-1.6791794982554207	138.0	11	1.05	0.95				
	105	1	36.026966857894735	7.103908957894737	0.0	0.0	1	1.034422288501826	-1.5101937103006502	138.0	11	1.05	0.95				
	106	1	69.00940130526317	14.207817915789475	0.0	-100.0	1	1.0430077083261715	-3.7376304679427523	138.0	12	1.05	0.95				
	107	2	63.42775855263159	12.685551710526315	0.0	0.0	1	1.02213161552823	-4.032932224968268	138.0	12	1.05	0.95				
	108	1	86.7691737	17.759772394736842	0.0	0.0	1	1.0162386535462204	-5.023754955858267	138.0	12	1.05	0.95				
	109	1	88.79886197368421	18.267194463157892	0.0	0.0	1	1.0255329107236195	-2.1583439011791272	138.0	13	1.05	0.95				
	110	1	98.94730334210526	20.296882736842107	0.0	0.0	1	1.05	-3.02486470443686	138.0	13	1.05	0.95				
	111	1	0.0	0.0	0.0	0.0	1	1.0054459762772676	-0.4210673282077704	230.0	13	1.05	0.95				
	112	1	0.0	0.0	0.0	0.0	1	1.0103543948624323	0.14692885270596034	230.0	13	1.05	0.95				
	113	3	134.46684813157896	27.400791694736842	0.0	0.0	1	0.9990900634625746	1.8845429985647572e-27	230.0	14	1.05	0.95				
	114	2	98.43988127368421	19.789460668421054	0.0	0.0	1	1.002447601292626	1.500135825302414	230.0	16	1.05	0.95				
	115	2	160.85279568947368	32.47501237894737	0.0	0.0	1	1.0400327392816324	7.576899049517705	230.0	16	1.05	0.95				
	116	2	50.74220684210526	10.148441368421054	0.0	0.0	1	1.0359276515586215	7.182377871788722	230.0	16	1.05	0.95				
	117	1	0.0	0.0	0.0	0.0	1	1.0429919432443293	9.071048925364686	230.0	17	1.05	0.95				
	118	2	168.9715487842105	34.504700652631584	0.0	0.0	1	1.0456259785631117	9.022353625872094	230.0	17	1.05	0.95				
	119	1	91.84339438421053	18.774616531578946	0.0	0.0	1	1.0297630629396801	6.2406911387884305	230.0	15	1.05	0.95				
	120	1	64.95002475789474	13.19297377894737	0.0	0.0	1	1.028273018153347	6.398740745743601	230.0	15	1.05	0.95				
	121	2	0.0	0.0	0.0	0.0	1	1.0499999127601567	10.132060553854453	230.0	17	1.05	0.95				
	122	2	0.0	0.0	0.0	0.0	1	1.05	17.08152188796119	230.0	17	1.05	0.95				
	123	2	0.0	0.0	0.0	0.0	1	1.0284070151709488	6.87388056450631	230.0	15	1.05	0.95				
	124	1	0.0	0.0	0.0	0.0	1	1.0250400315296582	4.681174905104004	230.0	16	1.05	0.95				
	201	2	58.12246182315789	11.839760741754384	0.0	0.0	2	1.033050410117261	-7.607147957827234	138.0	21	1.05	0.95				
	202	2	52.2025814522807	10.76341885614035	0.0	0.0	2	1.0332643991990036	-7.658672314281249	138.0	22	1.05	0.95				
	203	1	96.87076970526314	19.912324883859647	0.0	0.0	2	1.0224431702171397	-6.477188829022213	138.0	21	1.05	0.95				
	204	1	39.82464976771929	8.072564142105263	0.0	0.0	2	1.0190418469647817	-10.010398644502159	138.0	21	1.05	0.95				
	205	1	38.21013693929824	7.534393199298246	0.0	0.0	2	1.0345564895823727	-10.200548125495196	138.0	21	1.05	0.95				
	206	1	73.19124822175438	15.068786398596492	0.0	-100.0	2	1.0427037855404602	-12.16865019918834	138.0	22	1.05	0.95				
	207	2	67.27136785087718	13.454273570175438	0.0	0.0	2	0.98858752991808	-20.335276140929793	138.0	22	1.05	0.95				
	208	1	92.02723121999999	18.835982998245612	0.0	0.0	2	0.9916353640071298	-17.802590406445116	138.0	22	1.05	0.95				
	209	1	94.17991499122806	19.37415394105263	0.0	0.0	2	1.023631109921084	-9.75084578899361	138.0	23	1.05	0.95				
	210	1	104.94333384736841	21.5268377122807	0.0	0.0	2	1.05	-11.130600969469151	138.0	23	1.05	0.95				
	211	1	0.0	0.0	0.0	0.0	2	1.0110129439359292	-6.812586103493304	230.0	23	1.05	0.95				
	212	1	0.0	0.0	0.0	0.0	2	1.0123312430492797	-6.018051601603247	230.0	23	1.05	0.95				
	213	2	142.61529984385965	29.061230911578946	0.0	0.0	2	1.0084217769518726	-5.707009620633386	230.0	24	1.05	0.95				
	214	2	104.4051629045614	20.98866676947368	0.0	0.0	2	1.0158058599526514	-4.096542016935472	230.0	26	1.05	0.95				
	215	2	170.60018886982454	34.44294033964912	0.0	0.0	2	1.031866160508459	3.0314746837213002	230.0	26	1.05	0.95				
	216	2	53.81709428070175	10.76341885614035	0.0	0.0	2	1.0342106358168948	3.013534131006974	230.0	26	1.05	0.95				
	217	1	0.0	0.0	0.0	0.0	2	1.0384458751139805	5.861754434461863	230.0	27	1.05	0.95				
	218	2	179.21092395473684	36.59562411087719	0.0	0.0	2	1.0399954016504291	6.337774015368117	230.0	27	1.05	0.95				
	219	1	97.40894064807017	19.912324883859647	0.0	0.0	2	1.0338024292504575	2.3692544121436034	230.0	25	1.05	0.95				
	220	1	68.88588067929824	13.992444512982456	0.0	0.0	2	1.0375788411103248	2.840521418071978	230.0	25	1.05	0.95				
	221	2	0.0	0.0	0.0	0.0	2	1.0396633807688753	5.993307900238039	230.0	27	1.05	0.95				
	222	2	0.0	0.0	0.0	0.0	2	1.05	12.443560809050183	230.0	27	1.05	0.95				
	223	2	0.0	0.0	0.0	0.0	2	1.0408060573386502	3.4989977410759856	230.0	25	1.05	0.95				
	224	1	0.0	0.0	0.0	0.0	2	1.0165290396932336	-0.5323714568045423	230.0	26	1.05	0.95				
	301	2	65.34324579789474	13.310661181052632	0.0	0.0	3	1.015134588290503	-15.454494819460091	138.0	31	1.05	0.95				
	302	2	58.68791520736843	12.100601073684212	0.0	0.0	3	1.0135807491240658	-15.84729963280829	138.0	32	1.05	0.95				
	303	1	108.90540966315791	22.38611198631579	0.0	0.0	3	1.05	0.440831733391754	138.0	31	1.05	0.95				
	304	1	44.77222397263158	9.07545080526316	0.0	0.0	3	1.0078463316572863	-14.316286399909773	138.0	31	1.05	0.95				
	305	1	42.95713381157895	8.47042075157895	0.0	0.0	3	1.024857756428923	-16.24665933153308	138.0	31	1.05	0.95				
	306	1	82.28408730105265	16.9408415031579	0.0	-100.0	3	1.0366250696328856	-17.370441802202663	138.0	32	1.05	0.95				
	307	2	75.62875671052632	15.125751342105264	0.0	0.0	3	0.9901452653445358	-24.174640000293515	138.0	32	1.05	0.95				
	308	1	103.46013918000001	21.17605187894737	0.0	0.0	3	0.9890470196173081	-21.25231689093789	138.0	32	1.05	0.95				
	309	1	105.88025939473687	21.78108193263158	0.0	0.0	3	1.0237332280059857	-10.575718002458183	138.0	33	1.05	0.95				
	310	1	117.98086046842107	24.201202147368424	0.0	0.0	3	1.05	-15.10202071854813	138.0	33	1.05	0.95				
	311	1	0.0	0.0	0.0	0.0	3	1.0198527238347899	-8.501686940676434	230.0	33	1.05	0.95				
	312	1	0.0	0.0	0.0	0.0	3	1.018838204911953	-8.178038768375727	230.0	33	1.05	0.95				
	313	2	160.3329642263158	32.67162289894737	0.0	0.0	3	1.0238644454202779	-5.768727038759137	230.0	34	1.05	0.95				
	314	2	117.37583041473685	23.596172093684213	0.0	0.0	3	1.0309640649566874	-6.584101198337277	230.0	36	1.05	0.95				
	315	2	191.79452701789475	38.72192343578948	0.0	0.0	3	1.0485219623829	0.06016186714337382	230.0	36	1.05	0.95				
	316	2	60.50300536842106	12.100601073684212	0.0	0.0	3	1.0476351490222902	-0.2082683609799614	230.0	36	1.05	0.95				
	317	1	0.0	0.0	0.0	0.0	3	1.05	2.3597102404044104	230.0	37	1.05	0.95				
	318	2	201.47500787684214	41.142043650526325	0.0	0.0	3	1.0477281008142272	2.0165313787201895	230.0	37	1.05	0.95				
	319	1	109.51043971684211	22.38611198631579	0.0	0.0	3	1.0405648401256749	-2.0683533639799303	230.0	35	1.05	0.95				
	320	1	77.44384687157896	15.730781395789476	0.0	0.0	3	1.0397923896923513	-2.5526733327891344	230.0	35	1.05	0.95				
	321	2	0.0	0.0	0.0	0.0	3	1.05	2.875566403691587	230.0	37	1.05	0.95				
	322	2	0.0	0.0	0.0	0.0	3	1.05	7.020355612474769	230.0	37	1.05	0.95				
	323	2	0.0	0.0	0.0	0.0	3	1.0406445149393961	-2.3694859558938344	230.0	35	1.05	0.95				
	324	1	0.0	0.0	0.0	0.0	3	1.0451391500211875	0.2160026236554315	230.0	36	1.05	0.95				
	325	1	0.0	0.0	0.0	0.0	3	1.0382259495548787	-1.3256744571746755	230.0	35	1.05	0.95				
];
