%% MATPOWER Case Format : Version 2
function mpc = RTS_GMLC
mpc.version = '2';

%%-----  Power Flow Data  -----%%
%% system MVA base
mpc.baseMVA = 100.0;
%% bus data
%    bus_i    type    Pd    Qd    Gs    Bs    area    Vm    Va    baseKV    zone    Vmax    Vmin
mpc.bus = [
	101	2	44.44779812210526	9.05418109894737	0.0	0.0	1	1.0299732604190655	0.561175050768427	138.0	11	1.05	0.95				
	102	2	39.92070757263158	8.23107372631579	0.0	0.0	1	1.0279089881862842	0.003284229851238982	138.0	12	1.05	0.95				
	103	1	74.0796635368421	15.227486393684211	0.0	0.0	1	1.0352269954319164	1.693356428509759	138.0	11	1.05	0.95				
	104	1	30.454972787368423	6.173305294736842	0.0	0.0	1	1.019864869484593	-2.2837970838268538	138.0	11	1.05	0.95				
	105	1	29.22031172842105	5.761751608421053	0.0	0.0	1	1.0344970415276828	-2.264293905159215	138.0	11	1.05	0.95				
	106	1	55.97130133894738	11.523503216842107	0.0	-100.0	1	1.0449627887231538	-4.379458241110368	138.0	12	1.05	0.95				
	107	2	51.444210789473686	10.288842157894736	0.0	0.0	1	0.9994535861503074	-10.03017807611033	138.0	12	1.05	0.95				
	108	1	70.37568036	14.40437902105263	0.0	0.0	1	1.0039728239239418	-8.395642672403882	138.0	12	1.05	0.95				
	109	1	72.02189510526316	14.81593270736842	0.0	0.0	1	1.0248479781164441	-2.5090490239189553	138.0	13	1.05	0.95				
	110	1	80.25296883157894	16.46214745263158	0.0	0.0	1	1.05	-3.8183055386602147	138.0	13	1.05	0.95				
	111	1	0.0	0.0	0.0	0.0	1	1.0045204411331623	-0.5271291320938535	230.0	13	1.05	0.95				
	112	1	0.0	0.0	0.0	0.0	1	1.0083013172445416	-1.1242250139474896	230.0	13	1.05	0.95				
	113	3	109.06172687368421	22.22389906105263	0.0	0.0	1	0.9964134057709751	9.360207419351334e-29	230.0	14	1.05	0.95				
	114	2	79.84141514526316	16.050593766315792	0.0	0.0	1	1.0039132879066182	1.7774345695864717	230.0	16	1.05	0.95				
	115	2	130.46251856210526	26.339435924210523	0.0	0.0	1	1.0407222527982558	8.84183664714481	230.0	16	1.05	0.95				
	116	2	41.155368631578945	8.23107372631579	0.0	0.0	1	1.035865849187152	7.392783677216202	230.0	16	1.05	0.95				
	117	1	0.0	0.0	0.0	0.0	1	1.043104041922673	11.320534606449282	230.0	17	1.05	0.95				
	118	2	137.0473775431579	27.98565066947369	0.0	0.0	1	1.0475856374995371	12.348323669276631	230.0	17	1.05	0.95				
	119	1	74.4912172231579	15.227486393684211	0.0	0.0	1	1.0240404513928492	4.623161832615896	230.0	15	1.05	0.95				
	120	1	52.678871848421046	10.700395844210526	0.0	0.0	1	1.01719531810812	2.455949669226371	230.0	15	1.05	0.95				
	121	2	0.0	0.0	0.0	0.0	1	1.05	13.905187810165396	230.0	17	1.05	0.95				
	122	2	0.0	0.0	0.0	0.0	1	1.05	19.403239951807418	230.0	17	1.05	0.95				
	123	2	0.0	0.0	0.0	0.0	1	1.0142002125664327	1.5771458385880297	230.0	15	1.05	0.95				
	124	1	0.0	0.0	0.0	0.0	1	1.0293126378736441	6.155086663155156	230.0	16	1.05	0.95				
	201	2	43.17960020210526	8.795844485614033	0.0	0.0	2	1.0154274419550795	-12.206269666124317	138.0	21	1.05	0.95				
	202	2	38.781677959298236	7.996222259649121	0.0	0.0	2	1.0146558804603556	-12.444793693883003	138.0	22	1.05	0.95				
	203	1	71.9660003368421	14.793011180350875	0.0	0.0	2	1.0132029327792793	-9.659577780560035	138.0	21	1.05	0.95				
	204	1	29.58602236070175	5.997166694736841	0.0	0.0	2	1.0130282015752816	-11.889622678958446	138.0	21	1.05	0.95				
	205	1	28.386589021754382	5.597355581754386	0.0	0.0	2	1.0278474919258822	-12.200112103149165	138.0	21	1.05	0.95				
	206	1	54.374311365614034	11.194711163508773	0.0	-100.0	2	1.0429326511837584	-12.700811634011211	138.0	22	1.05	0.95				
	207	2	49.97638912280701	9.995277824561402	0.0	0.0	2	0.9986315954473897	-17.50967269786741	138.0	22	1.05	0.95				
	208	1	68.36770032	13.993388954385964	0.0	0.0	2	1.0033352318528612	-15.70919957625164	138.0	22	1.05	0.95				
	209	1	69.96694477192982	14.39320006736842	0.0	0.0	2	1.0232027802765042	-9.779564442700268	138.0	23	1.05	0.95				
	210	1	77.96316703157893	15.992444519298243	0.0	0.0	2	1.05	-10.90736128581589	138.0	23	1.05	0.95				
	211	1	0.0	0.0	0.0	0.0	2	1.0023868417513913	-7.795256264669434	230.0	23	1.05	0.95				
	212	1	0.0	0.0	0.0	0.0	2	1.0092139929438786	-3.532176573382277	230.0	23	1.05	0.95				
	213	2	105.94994494035086	21.58980010105263	0.0	0.0	2	0.9964689001109804	-5.90948506572374	230.0	24	1.05	0.95				
	214	2	77.56335591859647	15.592633406315787	0.0	0.0	2	0.9982018958505113	-6.749710561259234	230.0	26	1.05	0.95				
	215	2	126.74012281543858	25.587911230877193	0.0	0.0	2	1.014079232442259	-2.11548203120814	230.0	26	1.05	0.95				
	216	2	39.98111129824561	7.996222259649121	0.0	0.0	2	1.0131536237240106	-2.790094074632968	230.0	26	1.05	0.95				
	217	1	0.0	0.0	0.0	0.0	2	1.019422753637318	-0.9957707263962657	230.0	27	1.05	0.95				
	218	2	133.1371006231579	27.187155682807017	0.0	0.0	2	1.0190329148105544	-1.4059458085687995	230.0	27	1.05	0.95				
	219	1	72.36581144982456	14.793011180350875	0.0	0.0	2	1.0112266027604793	-3.247584756001939	230.0	25	1.05	0.95				
	220	1	51.175822461754386	10.395088937543859	0.0	0.0	2	1.0121839026808377	-2.841141618504936	230.0	25	1.05	0.95				
	221	2	0.0	0.0	0.0	0.0	2	1.020990044826132	-0.8327850564773085	230.0	27	1.05	0.95				
	222	2	0.0	0.0	0.0	0.0	2	1.0430523258916684	5.681443866545974	230.0	27	1.05	0.95				
	223	2	0.0	0.0	0.0	0.0	2	1.0132661030946675	-2.3012245785497227	230.0	25	1.05	0.95				
	224	1	0.0	0.0	0.0	0.0	2	1.0042540978960288	-4.96629526002054	230.0	26	1.05	0.95				
	301	2	61.94368872000001	12.618158813333336	0.0	0.0	3	0.9904187964381085	7.078607167029405	138.0	31	1.05	0.95				
	302	2	55.634609313333335	11.471053466666667	0.0	0.0	3	0.9901706861903625	7.062185179856137	138.0	32	1.05	0.95				
	303	1	103.23948120000001	21.221448913333337	0.0	0.0	3	1.0136590612008525	9.14012136260236	138.0	31	1.05	0.95				
	304	1	42.44289782666667	8.6032901	0.0	0.0	3	0.9992027049550083	8.96555418188948	138.0	31	1.05	0.95				
	305	1	40.722239806666664	8.029737426666667	0.0	0.0	3	1.0111684119164646	9.150948109059462	138.0	31	1.05	0.95				
	306	1	78.00316357333334	16.059474853333334	0.0	-100.0	3	1.031276936594999	9.64790164053788	138.0	32	1.05	0.95				
	307	2	71.69408416666667	14.338816833333334	0.0	0.0	3	0.9872640615314491	6.179717335157547	138.0	32	1.05	0.95				
	308	1	98.07750714000001	20.074343566666666	0.0	0.0	3	0.9998038565839622	8.720039352387083	138.0	32	1.05	0.95				
	309	1	100.37171783333334	20.647896239999998	0.0	0.0	3	1.0266053954220262	12.85404270244672	138.0	33	1.05	0.95				
	310	1	111.8427713	22.942106933333335	0.0	0.0	3	1.05	13.039614751366036	138.0	33	1.05	0.95				
	311	1	0.0	0.0	0.0	0.0	3	1.016017427802364	18.583938630521136	230.0	33	1.05	0.95				
	312	1	0.0	0.0	0.0	0.0	3	1.0216994385879414	19.935109687849014	230.0	33	1.05	0.95				
	313	2	151.99145843333335	30.971844360000006	0.0	0.0	3	1.037988878135682	26.60490876327454	230.0	34	1.05	0.95				
	314	2	111.26921862666667	22.368554260000003	0.0	0.0	3	1.0176073860119055	17.076210764850263	230.0	36	1.05	0.95				
	315	2	181.81619744666668	36.707371093333336	0.0	0.0	3	1.0351165447755764	10.196934933659213	230.0	36	1.05	0.95				
	316	2	57.35526733333334	11.471053466666667	0.0	0.0	3	1.0370814459884208	11.648233483884225	230.0	36	1.05	0.95				
	317	1	0.0	0.0	0.0	0.0	3	1.0394986377486004	9.960014488684365	230.0	37	1.05	0.95				
	318	2	190.99304022	39.00158178666667	0.0	0.0	3	1.037275512367101	8.377251349409583	230.0	37	1.05	0.95				
	319	1	103.81303387333334	21.221448913333337	0.0	0.0	3	1.0367291625152648	15.0558653229512	230.0	35	1.05	0.95				
	320	1	73.41474218666667	14.912369506666668	0.0	0.0	3	1.038649452846893	17.246556635193528	230.0	35	1.05	0.95				
	321	2	0.0	0.0	0.0	0.0	3	1.038350531897329	9.563961101184912	230.0	37	1.05	0.95				
	322	2	0.0	0.0	0.0	0.0	3	1.0499999983667883	14.032601076314704	230.0	37	1.05	0.95				
	323	2	0.0	0.0	0.0	0.0	3	1.039632650890892	18.064985413451694	230.0	35	1.05	0.95				
	324	1	0.0	0.0	0.0	0.0	3	1.0254334923059976	12.248289320289002	230.0	36	1.05	0.95				
	325	1	0.0	0.0	0.0	0.0	3	1.041883822783545	17.7170334124356	230.0	35	1.05	0.95				
];
