%% MATPOWER Case Format : Version 2
function mpc = RTS_GMLC
mpc.version = '2';

%%-----  Power Flow Data  -----%%
%% system MVA base
mpc.baseMVA = 100.0;
%% bus data
%    bus_i    type    Pd    Qd    Gs    Bs    area    Vm    Va    baseKV    zone    Vmax    Vmin
mpc.bus = [
	101	2	90.44532409263158	18.42404750035088	0.0	0.0	1	1.048847706493645	-0.18790299277166744	138.0	11	1.05	0.95				
	102	2	81.23330034245613	16.749134091228072	0.0	0.0	1	1.0486426715880868	-0.33946466735738956	138.0	12	1.05	0.95				
	103	1	150.74220682105263	30.985898068771927	0.0	0.0	1	1.024604995038727	-2.1359264615884443	138.0	11	1.05	0.95				
	104	1	61.971796137543855	12.56185056842105	0.0	0.0	1	1.0244357975804816	-4.066562458449473	138.0	11	1.05	0.95				
	105	1	59.45942602385965	11.72439386385965	0.0	0.0	1	1.0374043020369148	-4.529584118287424	138.0	11	1.05	0.95				
	106	1	113.8941118203509	23.4487877277193	0.0	-100.0	1	1.03650618398361	-7.738239214841922	138.0	12	1.05	0.95				
	107	2	104.68208807017545	20.93641761403509	0.0	0.0	1	1.05	-6.008553568703006	138.0	12	1.05	0.95				
	108	1	143.20509647999998	29.31098465964912	0.0	0.0	1	1.0231257751784366	-8.424679529970325	138.0	12	1.05	0.95				
	109	1	146.55492329824563	30.148441364210527	0.0	0.0	1	1.0273718033058243	-4.8723190780559005	138.0	13	1.05	0.95				
	110	1	163.30405738947368	33.498268182456144	0.0	0.0	1	1.05	-6.3762114926252575	138.0	13	1.05	0.95				
	111	1	0.0	0.0	0.0	0.0	1	1.015098310113154	-2.1701133493392737	230.0	13	1.05	0.95				
	112	1	0.0	0.0	0.0	0.0	1	1.0178776503784395	-1.2957577984485862	230.0	13	1.05	0.95				
	113	3	221.92602670877193	45.22266204631579	0.0	0.0	1	1.01811843956696	-1.1543431945775461e-29	230.0	14	1.05	0.95				
	114	2	162.46660068491227	32.66081147789474	0.0	0.0	1	1.0166103629445018	-0.5782025446236521	230.0	16	1.05	0.95				
	115	2	265.4737753459649	53.59722909192983	0.0	0.0	1	1.0439717407056412	7.511414635039437	230.0	16	1.05	0.95				
	116	2	83.74567045614036	16.749134091228072	0.0	0.0	1	1.0424972234467522	6.759972639197995	230.0	16	1.05	0.95				
	117	1	0.0	0.0	0.0	0.0	1	1.0458406369752111	9.793789537529147	230.0	17	1.05	0.95				
	118	2	278.87308261894736	56.94705591017545	0.0	0.0	1	1.047722904458947	10.351072358198685	230.0	17	1.05	0.95				
	119	1	151.57966352561405	30.985898068771927	0.0	0.0	1	1.036185955713542	5.429599414923546	230.0	15	1.05	0.95				
	120	1	107.19445818385967	21.77387431859649	0.0	0.0	1	1.0374408077255761	5.402281475392891	230.0	15	1.05	0.95				
	121	2	0.0	0.0	0.0	0.0	1	1.05	12.142397441010257	230.0	17	1.05	0.95				
	122	2	0.0	0.0	0.0	0.0	1	1.05	17.936299565154865	230.0	17	1.05	0.95				
	123	2	0.0	0.0	0.0	0.0	1	1.0405732590147818	6.006426964655918	230.0	15	1.05	0.95				
	124	1	0.0	0.0	0.0	0.0	1	1.024611565476041	3.931349529956121	230.0	16	1.05	0.95				
	201	2	86.20620180631579	17.560522590175438	0.0	0.0	2	1.0343833028497236	-13.09686172488537	138.0	21	1.05	0.95				
	202	2	77.42594051122806	15.964111445614037	0.0	0.0	2	1.037277696080632	-13.215320269877607	138.0	22	1.05	0.95				
	203	1	143.67700301052633	29.533606174385962	0.0	0.0	2	1.0261429177312669	-9.817385340332853	138.0	21	1.05	0.95				
	204	1	59.067212348771925	11.973083584210526	0.0	0.0	2	1.0176982416383342	-14.523628161804886	138.0	21	1.05	0.95				
	205	1	56.67259563192982	11.174878011929826	0.0	0.0	2	1.031945879585664	-14.974618470386275	138.0	21	1.05	0.95				
	206	1	108.55595783017544	22.34975602385965	0.0	-100.0	2	1.0364418904779267	-16.77558544239889	138.0	22	1.05	0.95				
	207	2	99.77569653508772	19.955139307017543	0.0	0.0	2	0.95	-28.453823030779866	138.0	22	1.05	0.95				
	208	1	136.49315285999998	27.937195029824558	0.0	0.0	2	0.9565665081217491	-24.518162761616377	138.0	22	1.05	0.95				
	209	1	139.6859751491228	28.73540060210526	0.0	0.0	2	1.0272433090477309	-12.367908121405733	138.0	23	1.05	0.95				
	210	1	155.65008659473685	31.928222891228074	0.0	0.0	2	1.05	-14.358646172488537	138.0	23	1.05	0.95				
	211	1	0.0	0.0	0.0	0.0	2	1.0345635812872578	-8.463463903988425	230.0	23	1.05	0.95				
	212	1	0.0	0.0	0.0	0.0	2	1.0289282564307582	-3.5411774756092314	230.0	23	1.05	0.95				
	213	2	211.52447665438595	43.103100903157895	0.0	0.0	2	1.05	-5.76479242550151	230.0	24	1.05	0.95				
	214	2	154.85188102245613	31.130017318947374	0.0	0.0	2	1.05	-6.153648091524961	230.0	26	1.05	0.95				
	215	2	253.03116641298246	51.08515662596491	0.0	0.0	2	1.0464556112880814	2.1811821015731776	230.0	26	1.05	0.95				
	216	2	79.82055722807017	15.964111445614037	0.0	0.0	2	1.0498518373429258	2.0291787301368087	230.0	26	1.05	0.95				
	217	1	0.0	0.0	0.0	0.0	2	1.0495739667741142	4.833316832530754	230.0	27	1.05	0.95				
	218	2	265.8024555694737	54.27797891508772	0.0	0.0	2	1.049999995368749	5.236394787313724	230.0	27	1.05	0.95				
	219	1	144.47520858280703	29.533606174385962	0.0	0.0	2	1.0438940481303762	2.1091947537650286	230.0	25	1.05	0.95				
	220	1	102.17031325192983	20.753344879298247	0.0	0.0	2	1.045973374580783	3.6705273705157464	230.0	25	1.05	0.95				
	221	2	0.0	0.0	0.0	0.0	2	1.05	5.422735646975696	230.0	27	1.05	0.95				
	222	2	0.0	0.0	0.0	0.0	2	1.05	11.703796396863138	230.0	27	1.05	0.95				
	223	2	0.0	0.0	0.0	0.0	2	1.05	5.1057943431481565	230.0	25	1.05	0.95				
	224	1	0.0	0.0	0.0	0.0	2	1.0237431373093315	-2.274110477736848	230.0	26	1.05	0.95				
	301	2	75.95191394526317	15.47168617403509	0.0	0.0	3	0.9813744197322954	0.04803806261683779	138.0	31	1.05	0.95				
	302	2	68.21607085824563	14.065169249122809	0.0	0.0	3	0.983468152804225	-0.037851439862088214	138.0	32	1.05	0.95				
	303	1	126.58652324210529	26.020563110877198	0.0	0.0	3	0.9985789725174724	4.470179554648912	138.0	31	1.05	0.95				
	304	1	52.041126221754396	10.548876936842106	0.0	0.0	3	0.9802989627219083	2.7023921894245104	138.0	31	1.05	0.95				
	305	1	49.93135083438597	9.845618474385967	0.0	0.0	3	0.9917310061063596	2.4526094758812373	138.0	31	1.05	0.95				
	306	1	95.6431508940351	19.691236948771934	0.0	-100.0	3	1.0058839400543866	2.996045335727544	138.0	32	1.05	0.95				
	307	2	87.90730780701756	17.58146156140351	0.0	0.0	3	0.9575492626457802	-1.997150242769422	138.0	32	1.05	0.95				
	308	1	120.25719708000003	24.614046185964913	0.0	0.0	3	0.9675568852443099	1.4205054454234514	138.0	32	1.05	0.95				
	309	1	123.07023092982456	25.317304648421057	0.0	0.0	3	1.005165610447424	7.932441365051233	138.0	33	1.05	0.95				
	310	1	137.13540017894738	28.130338498245617	0.0	0.0	3	1.025266721001748	7.218526738542098	138.0	33	1.05	0.95				
	311	1	0.0	0.0	0.0	0.0	3	0.9979163072080176	15.031488796312113	230.0	33	1.05	0.95				
	312	1	0.0	0.0	0.0	0.0	3	1.0033881158340914	16.48141114246878	230.0	33	1.05	0.95				
	313	2	186.3634925508772	37.975956972631586	0.0	0.0	3	1.031218744974263	24.638348354012617	230.0	34	1.05	0.95				
	314	2	136.43214171649126	27.427080035789476	0.0	0.0	3	1.0042776830300326	13.769413602397563	230.0	36	1.05	0.95				
	315	2	222.93293259859652	45.00854159719299	0.0	0.0	3	1.033740704482663	9.323863321827577	230.0	36	1.05	0.95				
	316	2	70.32584624561404	14.065169249122809	0.0	0.0	3	1.0334964103999247	10.939270168166253	230.0	36	1.05	0.95				
	317	1	0.0	0.0	0.0	0.0	3	1.039163874532069	10.289233447187193	230.0	37	1.05	0.95				
	318	2	234.18506799789478	47.82157544701755	0.0	0.0	3	1.0379240600782678	9.006628568825908	230.0	37	1.05	0.95				
	319	1	127.28978170456142	26.020563110877198	0.0	0.0	3	1.0306296192895823	13.271319888010567	230.0	35	1.05	0.95				
	320	1	90.01708319438598	18.284720023859652	0.0	0.0	3	1.0319133819964075	15.196347868270072	230.0	35	1.05	0.95				
	321	2	0.0	0.0	0.0	0.0	3	1.0387865041915465	9.934335049820028	230.0	37	1.05	0.95				
	322	2	0.0	0.0	0.0	0.0	3	1.05	14.387136965514717	230.0	37	1.05	0.95				
	323	2	0.0	0.0	0.0	0.0	3	1.0329165277484815	15.922284518445512	230.0	35	1.05	0.95				
	324	1	0.0	0.0	0.0	0.0	3	1.0157975318741603	9.463107354899284	230.0	36	1.05	0.95				
	325	1	0.0	0.0	0.0	0.0	3	1.0356963849800846	15.6082773110652	230.0	35	1.05	0.95				
];
