%% MATPOWER Case Format : Version 2
function mpc = RTS_GMLC
mpc.version = '2';

%%-----  Power Flow Data  -----%%
%% system MVA base
mpc.baseMVA = 100.0;
%% bus data
%    bus_i    type    Pd    Qd    Gs    Bs    area    Vm    Va    baseKV    zone    Vmax    Vmin
mpc.bus = [
	101	2	48.17516081684211	9.81345868491228	0.0	0.0	1	1.0147118061839242	2.31663309557562	138.0	11	1.05	0.95				
	102	2	43.26843147438596	8.921326077192983	0.0	0.0	1	1.013638887707212	1.98668608689122	138.0	12	1.05	0.95				
	103	1	80.29193469473684	16.504453242807017	0.0	0.0	1	1.0229149956511399	2.8350346255974137	138.0	11	1.05	0.95				
	104	1	33.008906485614034	6.6909945578947365	0.0	0.0	1	1.012168691221095	-1.1757257318359127	138.0	11	1.05	0.95				
	105	1	31.670707574035085	6.244928254035089	0.0	0.0	1	1.0257655412304358	-1.1570896711101006	138.0	11	1.05	0.95				
	106	1	60.665017324912284	12.489856508070178	0.0	-100.0	1	1.0399789814666396	-3.5761723650860824	138.0	12	1.05	0.95				
	107	2	55.758287982456146	11.151657596491228	0.0	0.0	1	0.9857355919081728	-11.768589800718047	138.0	12	1.05	0.95				
	108	1	76.27733796	15.612320635087718	0.0	0.0	1	0.9934913260648203	-9.218865911116742	138.0	12	1.05	0.95				
	109	1	78.06160317543859	16.05838693894737	0.0	0.0	1	1.02473561572412	-1.8920102238097405	138.0	13	1.05	0.95				
	110	1	86.98292925263158	17.842652154385966	0.0	0.0	1	1.05	-3.1982792815610726	138.0	13	1.05	0.95				
	111	1	0.0	0.0	0.0	0.0	1	1.0199779637951727	0.6293614057730553	230.0	13	1.05	0.95				
	112	1	0.0	0.0	0.0	0.0	1	1.0157037891667788	-0.5660097706167995	230.0	13	1.05	0.95				
	113	3	118.20757052280702	24.087580408421054	0.0	0.0	1	1.001986652518501	-7.179619699292367e-29	230.0	14	1.05	0.95				
	114	2	86.53686294877193	17.396585850526318	0.0	0.0	1	1.0460800015652487	4.250869907393498	230.0	16	1.05	0.95				
	115	2	141.40301832350877	28.548243447017548	0.0	0.0	1	1.0371129812907598	14.38683010504609	230.0	16	1.05	0.95				
	116	2	44.60663038596491	8.921326077192983	0.0	0.0	1	1.0376086383711693	12.300473259178144	230.0	16	1.05	0.95				
	117	1	0.0	0.0	0.0	0.0	1	1.036216604917841	18.763061135774215	230.0	17	1.05	0.95				
	118	2	148.54007918526315	30.332508662456142	0.0	0.0	1	1.0452567286645054	19.52854995199628	230.0	17	1.05	0.95				
	119	1	80.73800099859649	16.504453242807017	0.0	0.0	1	1.0338020403397585	7.581190333629428	230.0	15	1.05	0.95				
	120	1	57.096486894035095	11.597723900350877	0.0	0.0	1	1.0385298468103479	4.341840451156616	230.0	15	1.05	0.95				
	121	2	0.0	0.0	0.0	0.0	1	1.0401898114091113	21.36502227512219	230.0	17	1.05	0.95				
	122	2	0.0	0.0	0.0	0.0	1	1.05	39.351327038060454	230.0	17	1.05	0.95				
	123	2	0.0	0.0	0.0	0.0	1	1.0425910346433116	2.905565679056134	230.0	15	1.05	0.95				
	124	1	0.0	0.0	0.0	0.0	1	1.0174051265627604	10.07378077968104	230.0	16	1.05	0.95				
	201	2	48.653549507368425	9.910908232982456	0.0	0.0	2	1.0076479616217822	-18.555880011177482	138.0	21	1.05	0.95				
	202	2	43.69809539087719	9.009916575438597	0.0	0.0	2	1.0068814281381018	-18.869470591841903	138.0	22	1.05	0.95				
	203	1	81.08924917894737	16.6683456645614	0.0	0.0	2	1.0109199078893272	-13.493929448497337	138.0	21	1.05	0.95				
	204	1	33.3366913291228	6.757437431578947	0.0	0.0	2	1.0083094792120295	-18.33795524185265	138.0	21	1.05	0.95				
	205	1	31.985203842807014	6.306941602807018	0.0	0.0	2	1.0231930979114654	-18.88573527599618	138.0	21	1.05	0.95				
	206	1	61.26743271298245	12.613883205614036	0.0	-100.0	2	1.0395463041567237	-19.622755351709525	138.0	22	1.05	0.95				
	207	2	56.311978596491215	11.262395719298244	0.0	0.0	2	0.990377207939861	-25.0246445166376	138.0	22	1.05	0.95				
	208	1	77.03478672	15.767354007017541	0.0	0.0	2	0.9963886161419054	-22.97357831983278	138.0	22	1.05	0.95				
	209	1	78.83677003508771	16.217849835789472	0.0	0.0	2	1.0229831108651166	-16.03720185436876	138.0	23	1.05	0.95				
	210	1	87.8466866105263	18.019833150877194	0.0	0.0	2	1.05	-17.76176962928504	138.0	23	1.05	0.95				
	211	1	0.0	0.0	0.0	0.0	2	1.0111319857885794	-12.649122172655334	230.0	23	1.05	0.95				
	212	1	0.0	0.0	0.0	0.0	2	1.0141559330328085	-11.736156877644978	230.0	23	1.05	0.95				
	213	2	119.38139462456138	24.326774753684212	0.0	0.0	2	1.0132110805818741	-11.042373150669288	230.0	24	1.05	0.95				
	214	2	87.39619078175438	17.569337322105262	0.0	0.0	2	1.0145139212226573	-9.755323386183171	230.0	26	1.05	0.95				
	215	2	142.80717772070173	28.831733041403506	0.0	0.0	2	1.029953009524224	-2.6519257421576	230.0	26	1.05	0.95				
	216	2	45.049582877192975	9.009916575438597	0.0	0.0	2	1.0336147210381819	-2.966902213915325	230.0	26	1.05	0.95				
	217	1	0.0	0.0	0.0	0.0	2	1.037417160808085	-1.0964273921132897	230.0	27	1.05	0.95				
	218	2	150.01511098105263	30.633716356491224	0.0	0.0	2	1.0354222735949266	-1.6956219082813688	230.0	27	1.05	0.95				
	219	1	81.53974500771929	16.6683456645614	0.0	0.0	2	1.0382284875506989	-3.0148162308510753	230.0	25	1.05	0.95				
	220	1	57.66346608280701	11.712891548070175	0.0	0.0	2	1.04528972341102	-2.200511170749601	230.0	25	1.05	0.95				
	221	2	0.0	0.0	0.0	0.0	2	1.0360687114528269	-1.211406856666348	230.0	27	1.05	0.95				
	222	2	0.0	0.0	0.0	0.0	2	1.05	5.333129357737213	230.0	27	1.05	0.95				
	223	2	0.0	0.0	0.0	0.0	2	1.05	-1.426453998752031	230.0	25	1.05	0.95				
	224	1	0.0	0.0	0.0	0.0	2	1.0094441781450767	-6.679131800934334	230.0	26	1.05	0.95				
	301	2	59.94495413052632	12.211009174736843	0.0	0.0	3	1.0338848797332982	10.329016451748005	138.0	31	1.05	0.95				
	302	2	53.83944954315789	11.100917431578948	0.0	0.0	3	1.0287851196752509	9.993458981283396	138.0	32	1.05	0.95				
	303	1	99.90825688421052	20.536697248421053	0.0	0.0	3	1.05	27.258357984278092	138.0	31	1.05	0.95				
	304	1	41.073394496842106	8.32568807368421	0.0	0.0	3	1.0096760117740333	12.0289333105974	138.0	31	1.05	0.95				
	305	1	39.408256882105256	7.770642202105265	0.0	0.0	3	1.0304222210699503	9.087656546960993	138.0	31	1.05	0.95				
	306	1	75.48623853473686	15.54128440421053	0.0	-100.0	3	1.0342337680443419	7.753746827689513	138.0	32	1.05	0.95				
	307	2	69.38073394736843	13.876146789473683	0.0	0.0	3	0.95	5.820478439108394	138.0	32	1.05	0.95				
	308	1	94.91284404	19.426605505263154	0.0	0.0	3	0.9654268704099469	6.9705498531597705	138.0	32	1.05	0.95				
	309	1	97.13302752631579	19.981651376842105	0.0	0.0	3	1.0133371647349794	16.037833797498486	138.0	33	1.05	0.95				
	310	1	108.23394495789474	22.201834863157895	0.0	0.0	3	1.0403743760270776	9.598886603502898	138.0	33	1.05	0.95				
	311	1	0.0	0.0	0.0	0.0	3	0.9999587394081016	14.486353297221623	230.0	33	1.05	0.95				
	312	1	0.0	0.0	0.0	0.0	3	1.005027048228755	14.898111714544871	230.0	33	1.05	0.95				
	313	2	147.08715596842103	29.97247706526316	0.0	0.0	3	1.0011544270403279	16.58103096514497	230.0	34	1.05	0.95				
	314	2	107.67889908631578	21.646788991578948	0.0	0.0	3	0.9962130136276713	14.435493736047379	230.0	36	1.05	0.95				
	315	2	175.94954129052633	35.52293578105263	0.0	0.0	3	1.0489608771055157	17.9939907916363	230.0	36	1.05	0.95				
	316	2	55.50458715789473	11.100917431578948	0.0	0.0	3	1.0355481576392727	17.711625762259015	230.0	36	1.05	0.95				
	317	1	0.0	0.0	0.0	0.0	3	1.05	22.342230360185614	230.0	37	1.05	0.95				
	318	2	184.8302752357895	37.74311926736843	0.0	0.0	3	1.0457245966330633	18.733491127613373	230.0	37	1.05	0.95				
	319	1	100.46330275578947	20.536697248421053	0.0	0.0	3	1.023141056196411	16.31234476752754	230.0	35	1.05	0.95				
	320	1	71.04587156210526	14.431192661052632	0.0	0.0	3	1.0170184745927493	16.164807804884138	230.0	35	1.05	0.95				
	321	2	0.0	0.0	0.0	0.0	3	1.05	19.149799667359652	230.0	37	1.05	0.95				
	322	2	0.0	0.0	0.0	0.0	3	1.0499999999753102	24.750770869988063	230.0	37	1.05	0.95				
	323	2	0.0	0.0	0.0	0.0	3	1.0148168499515864	16.51795257285614	230.0	35	1.05	0.95				
	324	1	0.0	0.0	0.0	0.0	3	1.0463987266700785	21.53555096502572	230.0	36	1.05	0.95				
	325	1	0.0	0.0	0.0	0.0	3	1.0166770329870005	16.944635467993344	230.0	35	1.05	0.95				
];
