%% MATPOWER Case Format : Version 2
function mpc = RTS_GMLC
mpc.version = '2';

%%-----  Power Flow Data  -----%%
%% system MVA base
mpc.baseMVA = 100.0;
%% bus data
%    bus_i    type    Pd    Qd    Gs    Bs    area    Vm    Va    baseKV    zone    Vmax    Vmin
mpc.bus = [
	101	2	34.922315686736844	7.1138050472982455	0.0	0.0	1	1.0406351259504039	2.765082684825081	138.0	11	1.05	0.95				
	102	2	31.36541316308772	6.467095497543861	0.0	0.0	1	1.0398076808767682	2.528650695900815	138.0	12	1.05	0.95				
	103	1	58.20385947789474	11.96412667045614	0.0	0.0	1	1.0220438548512711	0.4555378740379412	138.0	11	1.05	0.95				
	104	1	23.92825334091228	4.850321623157894	0.0	0.0	1	1.0247066678527639	-0.6002771303135566	138.0	11	1.05	0.95				
	105	1	22.958189016280702	4.526966848280702	0.0	0.0	1	1.0408911500079072	-0.2869551822454979	138.0	11	1.05	0.95				
	106	1	43.97624938329825	9.053933696561405	0.0	-100.0	1	1.049999998782999	-2.3905063253879	138.0	12	1.05	0.95				
	107	2	40.419346859649124	8.083869371929826	0.0	0.0	1	1.003732940112934	-8.614387456889208	138.0	12	1.05	0.95				
	108	1	55.29366650400001	11.317417120701755	0.0	0.0	1	1.0086060771722014	-6.862602185844807	138.0	12	1.05	0.95				
	109	1	56.58708560350878	11.640771895578947	0.0	0.0	1	1.0217945031244593	-1.8683142278426046	138.0	13	1.05	0.95				
	110	1	63.054181101052635	12.934190995087722	0.0	0.0	1	1.05	-2.384435994172526	138.0	13	1.05	0.95				
	111	1	0.0	0.0	0.0	0.0	1	0.9959956395395708	-0.44389256656335413	230.0	13	1.05	0.95				
	112	1	0.0	0.0	0.0	0.0	1	1.0023357732266551	-0.6206739544773084	230.0	13	1.05	0.95				
	113	3	85.68901534245614	17.461157843368422	0.0	0.0	1	0.9883238164950818	1.660799587769827e-28	230.0	14	1.05	0.95				
	114	2	62.73082632617544	12.610836220210528	0.0	0.0	1	0.9851522649446084	1.0292046883524932	230.0	16	1.05	0.95				
	115	2	102.50346363607017	20.69470559214035	0.0	0.0	1	1.0101134389618005	5.905632168593297	230.0	16	1.05	0.95				
	116	2	32.3354774877193	6.467095497543861	0.0	0.0	1	1.006657473856662	5.0279157973617465	230.0	16	1.05	0.95				
	117	1	0.0	0.0	0.0	0.0	1	1.0161251152697555	7.968938658030161	230.0	17	1.05	0.95				
	118	2	107.67714003410526	21.988124691649126	0.0	0.0	1	1.0178520542294625	8.378483970666199	230.0	17	1.05	0.95				
	119	1	58.527214252771934	11.96412667045614	0.0	0.0	1	1.0016296266015663	3.1641783248035433	230.0	15	1.05	0.95				
	120	1	41.3894111842807	8.40722414680702	0.0	0.0	1	0.9997131219900364	2.20054876026195	230.0	15	1.05	0.95				
	121	2	0.0	0.0	0.0	0.0	1	1.0201718496138443	9.536659855320679	230.0	17	1.05	0.95				
	122	2	0.0	0.0	0.0	0.0	1	1.0466051642933274	16.530121532669675	230.0	17	1.05	0.95				
	123	2	0.0	0.0	0.0	0.0	1	0.9987702186444937	1.9340576120999422	230.0	15	1.05	0.95				
	124	1	0.0	0.0	0.0	0.0	1	1.00708627277888	3.8139246998982212	230.0	16	1.05	0.95				
	201	2	33.99968518863158	6.9258617976842105	0.0	0.0	2	1.0158604755964542	-13.190984369657702	138.0	21	1.05	0.95				
	202	2	30.536754289789474	6.296237997894736	0.0	0.0	2	1.015005817177107	-13.47263735123883	138.0	22	1.05	0.95				
	203	1	56.66614198105263	11.648040296105263	0.0	0.0	2	1.0148182418713105	-9.629106021867187	138.0	21	1.05	0.95				
	204	1	23.296080592210526	4.722178498421052	0.0	0.0	2	1.0141382050258203	-13.414512349461393	138.0	21	1.05	0.95				
	205	1	22.351644892526316	4.407366598526316	0.0	0.0	2	1.0293416621067053	-13.790226407281853	138.0	21	1.05	0.95				
	206	1	42.81441838568421	8.814733197052632	0.0	-100.0	2	1.0453783948763922	-14.560139349114845	138.0	22	1.05	0.95				
	207	2	39.35148748684211	7.870297497368421	0.0	0.0	2	0.9992451556178334	-18.224290682891397	138.0	22	1.05	0.95				
	208	1	53.832834882	11.018416496315789	0.0	0.0	2	1.0066036040478705	-16.868382943840608	138.0	22	1.05	0.95				
	209	1	55.092082481578956	11.333228396210526	0.0	0.0	2	1.0214929425760941	-12.049999750304629	138.0	23	1.05	0.95				
	210	1	61.38832047947368	12.592475995789473	0.0	0.0	2	1.05	-13.373285671129901	138.0	23	1.05	0.95				
	211	1	0.0	0.0	0.0	0.0	2	0.9995246832028549	-9.766667336309121	230.0	23	1.05	0.95				
	212	1	0.0	0.0	0.0	0.0	2	1.0046733184825827	-9.606153080596842	230.0	23	1.05	0.95				
	213	2	83.42515347210526	16.99984259431579	0.0	0.0	2	0.9931366182838332	-9.106148942299463	230.0	24	1.05	0.95				
	214	2	61.07350857957895	12.277664095894737	0.0	0.0	2	0.9950375140891466	-7.228634521954971	230.0	26	1.05	0.95				
	215	2	99.79537226663157	20.147961593263158	0.0	0.0	2	1.0093220221913701	-1.0877040853036208	230.0	26	1.05	0.95				
	216	2	31.481189989473684	6.296237997894736	0.0	0.0	2	1.009445371130056	-1.725137168024026	230.0	26	1.05	0.95				
	217	1	0.0	0.0	0.0	0.0	2	1.013250251896941	0.09523979875478225	230.0	27	1.05	0.95				
	218	2	104.83236266494738	21.407209192842107	0.0	0.0	2	1.0131944638031398	-0.17270788147831592	230.0	27	1.05	0.95				
	219	1	56.98095388094737	11.648040296105263	0.0	0.0	2	1.0112290248624602	-2.8803373446219562	230.0	25	1.05	0.95				
	220	1	40.295923186526316	8.185109397263158	0.0	0.0	2	1.0146104211118294	-3.2429717306853556	230.0	25	1.05	0.95				
	221	2	0.0	0.0	0.0	0.0	2	1.0154855030404282	0.33479856643371747	230.0	27	1.05	0.95				
	222	2	0.0	0.0	0.0	0.0	2	1.0372936183296402	6.89374435928345	230.0	27	1.05	0.95				
	223	2	0.0	0.0	0.0	0.0	2	1.0164883558547986	-3.1923502365754124	230.0	25	1.05	0.95				
	224	1	0.0	0.0	0.0	0.0	2	1.0009005373989999	-4.338554353050103	230.0	26	1.05	0.95				
	301	2	43.92091110315789	8.946852261754385	0.0	0.0	3	1.0385555314954718	-3.7040325329213206	138.0	31	1.05	0.95				
	302	2	39.4474849722807	8.133502056140351	0.0	0.0	3	1.0351293952026785	-4.039324037151871	138.0	32	1.05	0.95				
	303	1	73.20151850526315	15.046978803859648	0.0	0.0	3	1.05	10.380171950450755	138.0	31	1.05	0.95				
	304	1	30.093957607719297	6.100126542105262	0.0	0.0	3	1.0180893222465288	-3.2224742330782554	138.0	31	1.05	0.95				
	305	1	28.873932299298243	5.693451439298245	0.0	0.0	3	1.0387563753180649	-4.823051047790486	138.0	31	1.05	0.95				
	306	1	55.307813981754386	11.38690287859649	0.0	-100.0	3	1.0461971184997332	-5.963617590295871	138.0	32	1.05	0.95				
	307	2	50.83438785087719	10.166877570175439	0.0	0.0	3	0.9522263064655909	-4.173985250208506	138.0	32	1.05	0.95				
	308	1	69.54144258	14.233628598245613	0.0	0.0	3	0.975766404689586	-4.9633909989464176	138.0	32	1.05	0.95				
	309	1	71.16814299122807	14.640303701052629	0.0	0.0	3	1.0160204928318	-0.8501099829865706	138.0	33	1.05	0.95				
	310	1	79.30164504736842	16.267004112280702	0.0	0.0	3	1.0481916208929123	-4.672742254613774	138.0	33	1.05	0.95				
	311	1	0.0	0.0	0.0	0.0	3	1.002488566212055	-1.8881200791805715	230.0	33	1.05	0.95				
	312	1	0.0	0.0	0.0	0.0	3	1.0073404408328774	-0.9452647406527744	230.0	33	1.05	0.95				
	313	2	107.76890224385964	21.960455551578946	0.0	0.0	3	1.003487514178655	0.786830791708161	230.0	34	1.05	0.95				
	314	2	78.8949699445614	15.860329009473684	0.0	0.0	3	0.9942731921298544	-3.2529504374634657	230.0	36	1.05	0.95				
	315	2	128.91600758982455	26.02720657964912	0.0	0.0	3	1.0426378196950161	-2.16700172807313	230.0	36	1.05	0.95				
	316	2	40.667510280701755	8.133502056140351	0.0	0.0	3	1.0224243299945668	-2.6845736862951366	230.0	36	1.05	0.95				
	317	1	0.0	0.0	0.0	0.0	3	1.0377263377692825	-1.9063733102558837	230.0	37	1.05	0.95				
	318	2	135.42280923473683	27.653906990877193	0.0	0.0	3	1.0418632456888226	-2.4105160063693205	230.0	37	1.05	0.95				
	319	1	73.60819360807017	15.046978803859648	0.0	0.0	3	1.0133412820539138	-2.2254375485620757	230.0	35	1.05	0.95				
	320	1	52.05441315929824	10.573552672982455	0.0	0.0	3	1.0082753959705208	-1.0032381000082329	230.0	35	1.05	0.95				
	321	2	0.0	0.0	0.0	0.0	3	1.05	-1.8404312623141064	230.0	37	1.05	0.95				
	322	2	0.0	0.0	0.0	0.0	3	1.05	2.4663959317685653	230.0	37	1.05	0.95				
	323	2	0.0	0.0	0.0	0.0	3	1.0063972594620698	0.0017163941953283817	230.0	35	1.05	0.95				
	324	1	0.0	0.0	0.0	0.0	3	1.0413612435362882	2.6340172352878417	230.0	36	1.05	0.95				
	325	1	0.0	0.0	0.0	0.0	3	1.005708234294504	0.8088339592993611	230.0	35	1.05	0.95				
];
