%% MATPOWER Case Format : Version 2
function mpc = RTS_GMLC
mpc.version = '2';

%%-----  Power Flow Data  -----%%
%% system MVA base
mpc.baseMVA = 100.0;
%% bus data
%    bus_i    type    Pd    Qd    Gs    Bs    area    Vm    Va    baseKV    zone    Vmax    Vmin
mpc.bus = [
	101	2	39.75853536	8.098960906666667	0.0	0.0	1	1.012657620760514	-3.6784171260251006	138.0	11	1.05	0.95				
	102	2	35.709054906666665	7.3626917333333335	0.0	0.0	1	1.0126293682534673	-3.897214353568298	138.0	12	1.05	0.95				
	103	1	66.2642256	13.620979706666667	0.0	0.0	1	1.0017484952738442	1.2882749056567517	138.0	11	1.05	0.95				
	104	1	27.241959413333333	5.5220188	0.0	0.0	1	1.0036618229744836	-3.7923707671784435	138.0	11	1.05	0.95				
	105	1	26.137555653333333	5.153884213333334	0.0	0.0	1	1.0180726358858092	-4.7853905530859455	138.0	11	1.05	0.95				
	106	1	50.066303786666666	10.307768426666668	0.0	-100.0	1	1.0292441159901753	-5.865110052159876	138.0	12	1.05	0.95				
	107	2	46.016823333333335	9.203364666666666	0.0	0.0	1	0.9867740692709155	-10.56343010843932	138.0	12	1.05	0.95				
	108	1	62.95101432	12.884710533333333	0.0	0.0	1	0.9893426184289623	-8.872754739277216	138.0	12	1.05	0.95				
	109	1	64.42355266666667	13.252845119999998	0.0	0.0	1	1.0029704092529153	-2.855743010188956	138.0	13	1.05	0.95				
	110	1	71.7862444	14.725383466666667	0.0	0.0	1	1.032085640382107	-4.691114626259225	138.0	13	1.05	0.95				
	111	1	0.0	0.0	0.0	0.0	1	0.981868044165668	-0.2354877486589802	230.0	13	1.05	0.95				
	112	1	0.0	0.0	0.0	0.0	1	0.9834786264660658	-1.2377632492606532	230.0	13	1.05	0.95				
	113	3	97.55566546666667	19.87926768	0.0	0.0	1	0.9633484831813091	5.223849666025978e-27	230.0	14	1.05	0.95				
	114	2	71.41810981333333	14.35724888	0.0	0.0	1	0.9905057513962552	3.2415944322329615	230.0	16	1.05	0.95				
	115	2	116.69866397333332	23.560613546666666	0.0	0.0	1	0.9903495642107464	12.366721153796387	230.0	16	1.05	0.95				
	116	2	36.81345866666666	7.3626917333333335	0.0	0.0	1	0.9887522173765506	10.70995313048009	230.0	16	1.05	0.95				
	117	1	0.0	0.0	0.0	0.0	1	0.9911208784870159	16.554333569661896	230.0	17	1.05	0.95				
	118	2	122.58881736000001	25.033151893333333	0.0	0.0	1	0.9998485038293787	17.117786640927214	230.0	17	1.05	0.95				
	119	1	66.63236018666666	13.620979706666667	0.0	0.0	1	0.9886064511527901	6.740847531954114	230.0	15	1.05	0.95				
	120	1	47.12122709333333	9.571499253333334	0.0	0.0	1	0.993866847419816	3.8004710761721885	230.0	15	1.05	0.95				
	121	2	0.0	0.0	0.0	0.0	1	1.0003251085791145	18.401146931245616	230.0	17	1.05	0.95				
	122	2	0.0	0.0	0.0	0.0	1	1.0058082155997574	35.994949076514274	230.0	17	1.05	0.95				
	123	2	0.0	0.0	0.0	0.0	1	0.997787562756941	2.4964029592264763	230.0	15	1.05	0.95				
	124	1	0.0	0.0	0.0	0.0	1	0.9814289941246539	8.127086871842309	230.0	16	1.05	0.95				
	201	2	41.768613246315795	8.508421216842105	0.0	0.0	2	1.0114446182593013	-14.378654558258068	138.0	21	1.05	0.95				
	202	2	37.51440263789474	7.7349283789473695	0.0	0.0	2	1.0103975831387297	-14.593570021291132	138.0	22	1.05	0.95				
	203	1	69.61435541052631	14.309617501052632	0.0	0.0	2	0.9975929963276537	-10.626496818861824	138.0	21	1.05	0.95				
	204	1	28.619235002105263	5.801196284210526	0.0	0.0	2	1.0011887274133962	-13.818928457462173	138.0	21	1.05	0.95				
	205	1	27.45899574526316	5.414449865263158	0.0	0.0	2	1.0177342031884313	-14.263408961388748	138.0	21	1.05	0.95				
	206	1	52.59751297684211	10.828899730526317	0.0	-100.0	2	1.0293097107665465	-14.697020452918029	138.0	22	1.05	0.95				
	207	2	48.34330236842106	9.668660473684211	0.0	0.0	2	0.9725248001442005	-19.290171600788685	138.0	22	1.05	0.95				
	208	1	66.13363764	13.536124663157894	0.0	0.0	2	0.9810757495916348	-17.521013971435583	138.0	22	1.05	0.95				
	209	1	67.68062331578948	13.922871082105262	0.0	0.0	2	1.005041278321971	-11.527361531081693	138.0	23	1.05	0.95				
	210	1	75.41555169473685	15.469856757894739	0.0	0.0	2	1.0333458311733288	-12.868153501592563	138.0	23	1.05	0.95				
	211	1	0.0	0.0	0.0	0.0	2	0.9862368743237914	-8.933040197752398	230.0	23	1.05	0.95				
	212	1	0.0	0.0	0.0	0.0	2	0.985838201944493	-6.278122127663481	230.0	23	1.05	0.95				
	213	2	102.48780102105263	20.884306623157897	0.0	0.0	2	0.9818739989016426	-6.973419141237527	230.0	24	1.05	0.95				
	214	2	75.02880527578948	15.08311033894737	0.0	0.0	2	0.9836860248330329	-7.23588409606198	230.0	26	1.05	0.95				
	215	2	122.5986148063158	24.751770812631584	0.0	0.0	2	0.9912394876872052	-1.787943399581319	230.0	26	1.05	0.95				
	216	2	38.674641894736844	7.7349283789473695	0.0	0.0	2	0.9894328803971375	-2.275779562026175	230.0	26	1.05	0.95				
	217	1	0.0	0.0	0.0	0.0	2	1.0000941976280104	-0.8411837186131433	230.0	27	1.05	0.95				
	218	2	128.7865575094737	26.298756488421056	0.0	0.0	2	1.0014465306002298	-1.3711724430146766	230.0	27	1.05	0.95				
	219	1	70.00110182947368	14.309617501052632	0.0	0.0	2	0.9825460552994356	-1.7618209119287254	230.0	25	1.05	0.95				
	220	1	49.50354162526317	10.05540689263158	0.0	0.0	2	0.979379746149934	-0.4846496128040275	230.0	25	1.05	0.95				
	221	2	0.0	0.0	0.0	0.0	2	1.0036832015084658	-0.8950706009856966	230.0	27	1.05	0.95				
	222	2	0.0	0.0	0.0	0.0	2	1.0213579532313546	4.190489955383183	230.0	27	1.05	0.95				
	223	2	0.0	0.0	0.0	0.0	2	0.9785625236156263	0.550315650226277	230.0	25	1.05	0.95				
	224	1	0.0	0.0	0.0	0.0	2	0.9830107333485322	-5.155228849364357	230.0	26	1.05	0.95				
	301	2	50.907940522105264	10.370136032280703	0.0	0.0	3	1.007496545005958	26.407416370109036	138.0	31	1.05	0.95				
	302	2	45.722872505964915	9.427396392982457	0.0	0.0	3	1.0079994485851727	26.03603090402556	138.0	32	1.05	0.95				
	303	1	84.84656753684212	17.440683327017545	0.0	0.0	3	1.0177927273059355	40.17102492748163	138.0	31	1.05	0.95				
	304	1	34.88136665403509	7.070547294736842	0.0	0.0	3	0.9973087694108675	26.981196683632554	138.0	31	1.05	0.95				
	305	1	33.46725719508772	6.5991774750877195	0.0	0.0	3	1.0159571086929746	25.731155143961043	138.0	31	1.05	0.95				
	306	1	64.1062954722807	13.198354950175439	0.0	-100.0	3	1.0283260793591147	24.770165484423462	138.0	32	1.05	0.95				
	307	2	58.92122745614036	11.78424549122807	0.0	0.0	3	0.9679128513615456	21.360141457103772	138.0	32	1.05	0.95				
	308	1	80.60423916	16.4979436877193	0.0	0.0	3	0.9799338973585449	23.507369633207343	138.0	32	1.05	0.95				
	309	1	82.4897184385965	16.969313507368422	0.0	0.0	3	1.0034579764330382	29.77490654344139	138.0	33	1.05	0.95				
	310	1	91.91711483157896	18.854792785964914	0.0	0.0	3	1.0360757274333552	26.599646808649517	138.0	33	1.05	0.95				
	311	1	0.0	0.0	0.0	0.0	3	0.9909171373577225	30.50275186889352	230.0	33	1.05	0.95				
	312	1	0.0	0.0	0.0	0.0	3	0.9992552137678373	30.56720418461987	230.0	33	1.05	0.95				
	313	2	124.91300220701756	25.453970261052632	0.0	0.0	3	0.9990678799264996	33.044520040225194	230.0	34	1.05	0.95				
	314	2	91.44574501192983	18.38342296631579	0.0	0.0	3	0.9794964988262003	30.691177951280366	230.0	36	1.05	0.95				
	315	2	149.42423282877192	30.16766845754386	0.0	0.0	3	0.9840104166103714	29.948857342346017	230.0	36	1.05	0.95				
	316	2	47.13698196491228	9.427396392982457	0.0	0.0	3	0.9736991027353203	30.17113177100462	230.0	36	1.05	0.95				
	317	1	0.0	0.0	0.0	0.0	3	0.9885540996139991	32.31183818648009	230.0	37	1.05	0.95				
	318	2	156.96614994315792	32.05314773614035	0.0	0.0	3	0.9828922507301869	28.437269405547017	230.0	37	1.05	0.95				
	319	1	85.31793735649124	17.440683327017545	0.0	0.0	3	0.9837391827620088	29.709939387150097	230.0	35	1.05	0.95				
	320	1	60.33533691508772	12.255615310877193	0.0	0.0	3	0.9936186596682328	29.12944425525584	230.0	35	1.05	0.95				
	321	2	0.0	0.0	0.0	0.0	3	0.9918720712459088	29.413237464624967	230.0	37	1.05	0.95				
	322	2	0.0	0.0	0.0	0.0	3	1.0090627933438596	33.3111954695603	230.0	37	1.05	0.95				
	323	2	0.0	0.0	0.0	0.0	3	0.9988446380473143	28.748052280566768	230.0	35	1.05	0.95				
	324	1	0.0	0.0	0.0	0.0	3	0.9955295011082046	35.0901053696492	230.0	36	1.05	0.95				
	325	1	0.0	0.0	0.0	0.0	3	1.0002629214624397	27.876012915353602	230.0	35	1.05	0.95				
];
