%% MATPOWER Case Format : Version 2
function mpc = RTS_GMLC
mpc.version = '2';

%%-----  Power Flow Data  -----%%
%% system MVA base
mpc.baseMVA = 100.0;
%% bus data
%    bus_i    type    Pd    Qd    Gs    Bs    area    Vm    Va    baseKV    zone    Vmax    Vmin
mpc.bus = [
	101	2	43.04502720000001	8.768431466666666	0.0	0.0	1	1.0145734431530182	1.7567017231305848	138.0	11	1.05	0.95				
	102	2	38.660811466666665	7.971301333333335	0.0	0.0	1	1.0129200996895005	1.2726507619830054	138.0	12	1.05	0.95				
	103	1	71.741712	14.746907466666666	0.0	0.0	1	1.0252319975441118	2.9008054268514796	138.0	11	1.05	0.95				
	104	1	29.493814933333333	5.978476	0.0	0.0	1	1.01290637484426	-1.2856790650066774	138.0	11	1.05	0.95				
	105	1	28.298119733333333	5.579910933333334	0.0	0.0	1	1.0266580623113355	-1.271995222795329	138.0	11	1.05	0.95				
	106	1	54.20484906666667	11.159821866666668	0.0	-100.0	1	1.041511648064252	-3.452809932848984	138.0	12	1.05	0.95				
	107	2	49.82063333333333	9.964126666666667	0.0	0.0	1	0.9845896054849622	-11.39476616107632	138.0	12	1.05	0.95				
	108	1	68.15462640000001	13.949777333333332	0.0	0.0	1	0.994326481560442	-8.770833054284227	138.0	12	1.05	0.95				
	109	1	69.74888666666668	14.3483424	0.0	0.0	1	1.0244917028051599	-1.7043347440234105	138.0	13	1.05	0.95				
	110	1	77.72018800000001	15.94260266666667	0.0	0.0	1	1.05	-3.018695120664755	138.0	13	1.05	0.95				
	111	1	0.0	0.0	0.0	0.0	1	1.01597818176645	0.7199149787960405	230.0	13	1.05	0.95				
	112	1	0.0	0.0	0.0	0.0	1	1.0132226458426772	-0.5209543200891182	230.0	13	1.05	0.95				
	113	3	105.61974266666667	21.522513600000003	0.0	0.0	1	0.9968593728617718	-1.5217323788434432e-28	230.0	14	1.05	0.95				
	114	2	77.32162293333333	15.544037600000001	0.0	0.0	1	1.0389710722875862	4.369386813271504	230.0	16	1.05	0.95				
	115	2	126.34512613333332	25.508164266666668	0.0	0.0	1	1.038298959766547	14.08521411617931	230.0	16	1.05	0.95				
	116	2	39.85650666666667	7.971301333333335	0.0	0.0	1	1.0376176691456211	12.096709334360817	230.0	16	1.05	0.95				
	117	1	0.0	0.0	0.0	0.0	1	1.0371187270598305	18.33608983679414	230.0	17	1.05	0.95				
	118	2	132.7221672	27.102424533333334	0.0	0.0	1	1.046212183428996	19.016097757034032	230.0	17	1.05	0.95				
	119	1	72.14027706666667	14.746907466666666	0.0	0.0	1	1.0328421994563959	7.487616956833804	230.0	15	1.05	0.95				
	120	1	51.016328533333336	10.362691733333335	0.0	0.0	1	1.03603383023403	4.24676658483732	230.0	15	1.05	0.95				
	121	2	0.0	0.0	0.0	0.0	1	1.040495292530916	20.667107021168935	230.0	17	1.05	0.95				
	122	2	0.0	0.0	0.0	0.0	1	1.05	38.65098260427533	230.0	17	1.05	0.95				
	123	2	0.0	0.0	0.0	0.0	1	1.0390545485204954	2.773083333611669	230.0	15	1.05	0.95				
	124	1	0.0	0.0	0.0	0.0	1	1.0194732328333875	9.905255503942563	230.0	16	1.05	0.95				
	201	2	47.208562901052645	9.616559109473686	0.0	0.0	2	1.0071861020687236	-19.25056033931279	138.0	21	1.05	0.95				
	202	2	42.400283346315796	8.742326463157896	0.0	0.0	2	1.006424990682383	-19.57267057146666	138.0	22	1.05	0.95				
	203	1	78.68093816842106	16.173303956842105	0.0	0.0	2	1.0099372867092975	-13.971869296343396	138.0	21	1.05	0.95				
	204	1	32.34660791368421	6.556744847368422	0.0	0.0	2	1.0081141348765599	-19.125986548148614	138.0	21	1.05	0.95				
	205	1	31.035258944210526	6.119628524210528	0.0	0.0	2	1.0231622548273132	-19.687430987068097	138.0	21	1.05	0.95				
	206	1	59.44781994947369	12.239257048421056	0.0	-100.0	2	1.03981351437755	-20.473031404432152	138.0	22	1.05	0.95				
	207	2	54.639540394736855	10.92790807894737	0.0	0.0	2	0.9900412891167267	-25.688380577164153	138.0	22	1.05	0.95				
	208	1	74.74689126	15.299071310526315	0.0	0.0	2	0.996635463299657	-23.70991410050107	138.0	22	1.05	0.95				
	209	1	76.49535655263159	15.736187633684212	0.0	0.0	2	1.0224378347745184	-16.946545891405002	138.0	23	1.05	0.95				
	210	1	85.23768301578947	17.484652926315793	0.0	0.0	2	1.05	-18.711980967134156	138.0	23	1.05	0.95				
	211	1	0.0	0.0	0.0	0.0	2	1.0102345675322542	-13.729975931678059	230.0	23	1.05	0.95				
	212	1	0.0	0.0	0.0	0.0	2	1.0144503487778713	-13.05795987190645	230.0	23	1.05	0.95				
	213	2	115.83582563684212	23.604281450526322	0.0	0.0	2	1.0115370017016578	-12.399630192704512	230.0	24	1.05	0.95				
	214	2	84.80056669263159	17.047536603157898	0.0	0.0	2	1.013174658665826	-10.735644428539	230.0	26	1.05	0.95				
	215	2	138.56587444105264	27.975444682105266	0.0	0.0	2	1.0279887960727236	-3.3452023002936673	230.0	26	1.05	0.95				
	216	2	43.71163231578948	8.742326463157896	0.0	0.0	2	1.032120747132496	-3.886105818010239	230.0	26	1.05	0.95				
	217	1	0.0	0.0	0.0	0.0	2	1.0356790468056642	-1.7829171845404657	230.0	27	1.05	0.95				
	218	2	145.55973561157896	29.723909974736845	0.0	0.0	2	1.0339288357005354	-2.3623352209389874	230.0	27	1.05	0.95				
	219	1	79.11805449157896	16.173303956842105	0.0	0.0	2	1.037560643414238	-4.4371547628766255	230.0	25	1.05	0.95				
	220	1	55.95088936421053	11.365024402105265	0.0	0.0	2	1.0451889120991154	-4.078649636237534	230.0	25	1.05	0.95				
	221	2	0.0	0.0	0.0	0.0	2	1.0346098449349048	-1.886636752361066	230.0	27	1.05	0.95				
	222	2	0.0	0.0	0.0	0.0	2	1.05	4.651851007353558	230.0	27	1.05	0.95				
	223	2	0.0	0.0	0.0	0.0	2	1.05	-3.562641899299592	230.0	25	1.05	0.95				
	224	1	0.0	0.0	0.0	0.0	2	1.0081380923863015	-7.295637161103085	230.0	26	1.05	0.95				
	301	2	59.005378042105264	12.019614045614034	0.0	0.0	3	1.0352307783606267	5.738899084534748	138.0	31	1.05	0.95				
	302	2	52.99557101929824	10.926921859649122	0.0	0.0	3	1.0301188078430816	5.402915937406903	138.0	32	1.05	0.95				
	303	1	98.34229673684209	20.214805440350876	0.0	0.0	3	1.05	22.303346485098285	138.0	31	1.05	0.95				
	304	1	40.42961088070175	8.19519139473684	0.0	0.0	3	1.0104164830536637	7.258802931059025	138.0	31	1.05	0.95				
	305	1	38.79057260175438	7.648845301754386	0.0	0.0	3	1.031393361234805	4.6000577015289	138.0	31	1.05	0.95				
	306	1	74.30306864561403	15.297690603508771	0.0	-100.0	3	1.0350782672843093	3.329164880142587	138.0	32	1.05	0.95				
	307	2	68.29326162280701	13.658652324561402	0.0	0.0	3	0.95	2.682363144518846	138.0	32	1.05	0.95				
	308	1	93.42518189999998	19.12211325438596	0.0	0.0	3	0.966505420119539	3.181748608925151	138.0	32	1.05	0.95				
	309	1	95.61056627192981	19.668459347368415	0.0	0.0	3	1.0129579304299334	11.084366894573053	138.0	33	1.05	0.95				
	310	1	106.53748813157893	21.853843719298244	0.0	0.0	3	1.0406770628624815	5.186013032636278	138.0	33	1.05	0.95				
	311	1	0.0	0.0	0.0	0.0	3	0.9995578120860124	9.812121082884993	230.0	33	1.05	0.95				
	312	1	0.0	0.0	0.0	0.0	3	1.0041646130398463	10.444081304346067	230.0	33	1.05	0.95				
	313	2	144.78171464035086	29.502689021052632	0.0	0.0	3	1.0003137423797293	12.166595670638715	230.0	34	1.05	0.95				
	314	2	105.99114203859648	21.30749762631579	0.0	0.0	3	0.9957733572377925	9.543108702658312	230.0	36	1.05	0.95				
	315	2	173.19171147543858	34.96614995087719	0.0	0.0	3	1.0485263098660467	12.721700305817802	230.0	36	1.05	0.95				
	316	2	54.63460929824561	10.926921859649122	0.0	0.0	3	1.0346482532037826	12.473696260015368	230.0	36	1.05	0.95				
	317	1	0.0	0.0	0.0	0.0	3	1.05	16.395606349885185	230.0	37	1.05	0.95				
	318	2	181.93324896315787	37.15153432280702	0.0	0.0	3	1.0473829912410189	13.27951845807578	230.0	37	1.05	0.95				
	319	1	98.88864282982455	20.214805440350876	0.0	0.0	3	1.0220113134044713	11.607331654572587	230.0	35	1.05	0.95				
	320	1	69.93229990175438	14.204998417543857	0.0	0.0	3	1.0153981252062245	11.91652894270083	230.0	35	1.05	0.95				
	321	2	0.0	0.0	0.0	0.0	3	1.05	13.738687132956645	230.0	37	1.05	0.95				
	322	2	0.0	0.0	0.0	0.0	3	1.05	19.129594874533623	230.0	37	1.05	0.95				
	323	2	0.0	0.0	0.0	0.0	3	1.0129848914931712	12.518396702433883	230.0	35	1.05	0.95				
	324	1	0.0	0.0	0.0	0.0	3	1.0460559794549578	16.38447760067871	230.0	36	1.05	0.95				
	325	1	0.0	0.0	0.0	0.0	3	1.0139367982803014	13.226279141256864	230.0	35	1.05	0.95				
];
