%% MATPOWER Case Format : Version 2
function mpc = RTS_GMLC
mpc.version = '2';

%%-----  Power Flow Data  -----%%
%% system MVA base
mpc.baseMVA = 100.0;
%% bus data
%    bus_i    type    Pd    Qd    Gs    Bs    area    Vm    Va    baseKV    zone    Vmax    Vmin
mpc.bus = [
	101	2	35.229589313684215	7.176397823157894	0.0	0.0	1	1.0070527099077509	-5.524929722868574	138.0	11	1.05	0.95				
	102	2	31.641390402105262	6.523998021052632	0.0	0.0	1	1.0064357562068242	-5.682642102623102	138.0	12	1.05	0.95				
	103	1	58.71598218947368	12.069396338947367	0.0	0.0	1	1.0230895892876526	0.9722872010233177	138.0	11	1.05	0.95				
	104	1	24.138792677894735	4.892998515789474	0.0	0.0	1	1.010686254178083	-4.879636020596846	138.0	11	1.05	0.95				
	105	1	23.16019297473684	4.566798614736842	0.0	0.0	1	1.0246428349704515	-5.660793912704161	138.0	11	1.05	0.95				
	106	1	44.363186543157894	9.133597229473684	0.0	-100.0	1	1.0430124036926305	-6.163956492219003	138.0	12	1.05	0.95				
	107	2	40.774987631578945	8.154997526315789	0.0	0.0	1	1.0023268640248466	-10.105309755878011	138.0	12	1.05	0.95				
	108	1	55.78018308	11.416996536842104	0.0	0.0	1	1.008026414610074	-8.444744907630815	138.0	12	1.05	0.95				
	109	1	57.08498268421053	11.743196437894737	0.0	0.0	1	1.0231013292896018	-2.8671663842949338	138.0	13	1.05	0.95				
	110	1	63.60898070526315	13.047996042105265	0.0	0.0	1	1.05	-4.738436314322353	138.0	13	1.05	0.95				
	111	1	0.0	0.0	0.0	0.0	1	1.0030194926554954	0.09150235367236183	230.0	13	1.05	0.95				
	112	1	0.0	0.0	0.0	0.0	1	1.006562767952641	-1.1160117080605891	230.0	13	1.05	0.95				
	113	3	86.44297377894736	17.614794656842108	0.0	0.0	1	0.9968000293559374	-4.043071546902613e-30	230.0	14	1.05	0.95				
	114	2	63.282780804210525	12.721796141052632	0.0	0.0	1	1.0052669570265769	4.2007013572051015	230.0	16	1.05	0.95				
	115	2	103.40536863368422	20.87679366736842	0.0	0.0	1	1.034359777846284	13.73027486667764	230.0	16	1.05	0.95				
	116	2	32.619990105263156	6.523998021052632	0.0	0.0	1	1.0278702515267328	11.879580343789257	230.0	16	1.05	0.95				
	117	1	0.0	0.0	0.0	0.0	1	1.0337216301887548	17.62564362313209	230.0	17	1.05	0.95				
	118	2	108.62456705052632	22.181593271578947	0.0	0.0	1	1.0424800833377643	18.464882973459154	230.0	17	1.05	0.95				
	119	1	59.04218209052632	12.069396338947367	0.0	0.0	1	1.0167063724185927	7.645178891907908	230.0	15	1.05	0.95				
	120	1	41.75358733473684	8.481197427368421	0.0	0.0	1	1.0128980281071887	4.5666391478188615	230.0	15	1.05	0.95				
	121	2	0.0	0.0	0.0	0.0	1	1.0434435319753301	20.045994217156103	230.0	17	1.05	0.95				
	122	2	0.0	0.0	0.0	0.0	1	1.05	34.39254079115982	230.0	17	1.05	0.95				
	123	2	0.0	0.0	0.0	0.0	1	1.0116949498210395	3.1249449058687007	230.0	15	1.05	0.95				
	124	1	0.0	0.0	0.0	0.0	1	1.014151148639333	8.952595748928355	230.0	16	1.05	0.95				
	201	2	36.70266016042106	7.47646781045614	0.0	0.0	2	1.0071446673819482	-14.451362004299193	138.0	21	1.05	0.95				
	202	2	32.96442625519298	6.796788918596492	0.0	0.0	2	1.0057093904735581	-14.729830230523806	138.0	22	1.05	0.95				
	203	1	61.17110026736843	12.574059499403509	0.0	0.0	2	1.015608822333895	-10.905324564002413	138.0	21	1.05	0.95				
	204	1	25.148118998807018	5.097591688947369	0.0	0.0	2	1.0102945130689764	-14.635777428868668	138.0	21	1.05	0.95				
	205	1	24.128600661017543	4.757752243017544	0.0	0.0	2	1.0245314529505953	-15.023605121043094	138.0	21	1.05	0.95				
	206	1	46.218164646456145	9.515504486035088	0.0	-100.0	2	1.0424011923417895	-15.797474367331308	138.0	22	1.05	0.95				
	207	2	42.479930741228074	8.495986148245613	0.0	0.0	2	0.9898707851318201	-19.713192823097437	138.0	22	1.05	0.95				
	208	1	58.112545254000004	11.894380607543859	0.0	0.0	2	1.0006055938658964	-18.267379977196732	138.0	22	1.05	0.95				
	209	1	59.4719030377193	12.234220053473683	0.0	0.0	2	1.0231100299893094	-13.139050078006349	138.0	23	1.05	0.95				
	210	1	66.26869195631578	13.593577837192983	0.0	0.0	2	1.05	-14.49171177078303	138.0	23	1.05	0.95				
	211	1	0.0	0.0	0.0	0.0	2	1.0028862931055778	-10.680063495122635	230.0	23	1.05	0.95				
	212	1	0.0	0.0	0.0	0.0	2	1.013091680066185	-10.212244740566343	230.0	23	1.05	0.95				
	213	2	90.05745317140351	18.35133008021053	0.0	0.0	2	1.002302698668189	-9.678901415815139	230.0	24	1.05	0.95				
	214	2	65.92885251038597	13.253738391263159	0.0	0.0	2	0.9964119863713555	-8.27130967372481	230.0	26	1.05	0.95				
	215	2	107.72910435975437	21.749724539508772	0.0	0.0	2	1.019335797744492	-2.0963303765193824	230.0	26	1.05	0.95				
	216	2	33.98394459298245	6.796788918596492	0.0	0.0	2	1.0213848795182998	-2.908830320050202	230.0	26	1.05	0.95				
	217	1	0.0	0.0	0.0	0.0	2	1.0242693204426014	-0.6704934099262647	230.0	27	1.05	0.95				
	218	2	113.16653549463157	23.109082323228073	0.0	0.0	2	1.0239015558111413	-1.0460244094295608	230.0	27	1.05	0.95				
	219	1	61.51093971329825	12.574059499403509	0.0	0.0	2	1.0306373092748815	-3.508635902220235	230.0	25	1.05	0.95				
	220	1	43.499449079017545	8.83582559417544	0.0	0.0	2	1.0404952578655795	-3.3621283571692144	230.0	25	1.05	0.95				
	221	2	0.0	0.0	0.0	0.0	2	1.0259279524475198	-0.594019799177917	230.0	27	1.05	0.95				
	222	2	0.0	0.0	0.0	0.0	2	1.0476347455877433	5.895903963694743	230.0	27	1.05	0.95				
	223	2	0.0	0.0	0.0	0.0	2	1.0460451080250195	-3.0300077287887244	230.0	25	1.05	0.95				
	224	1	0.0	0.0	0.0	0.0	2	1.0070600139373158	-5.416363499875461	230.0	26	1.05	0.95				
	301	2	43.01550144000001	8.762416960000001	0.0	0.0	3	1.0169773643402233	12.26818289180278	138.0	31	1.05	0.95				
	302	2	38.63429296	7.965833600000001	0.0	0.0	3	1.0155268032849671	11.905968755099607	138.0	32	1.05	0.95				
	303	1	71.69250240000001	14.73679216	0.0	0.0	3	1.05	26.316470209966628	138.0	31	1.05	0.95				
	304	1	29.47358432	5.974375200000001	0.0	0.0	3	1.0096730208031217	12.736109384395249	138.0	31	1.05	0.95				
	305	1	28.27870928	5.576083520000001	0.0	0.0	3	1.0262560825954676	10.872346460476527	138.0	31	1.05	0.95				
	306	1	54.16766848000001	11.152167040000002	0.0	-100.0	3	1.039161657997207	9.588293066699896	138.0	32	1.05	0.95				
	307	2	49.786460000000005	9.957292	0.0	0.0	3	0.95	6.0174625153796795	138.0	32	1.05	0.95				
	308	1	68.10787728000001	13.9402088	0.0	0.0	3	0.9724515415011175	7.690247970264687	138.0	32	1.05	0.95				
	309	1	69.70104400000001	14.338500480000002	0.0	0.0	3	1.0165983110089936	15.084354398319457	138.0	33	1.05	0.95				
	310	1	77.6668776	15.931667200000001	0.0	0.0	3	1.0451187574893046	10.755396382882314	138.0	33	1.05	0.95				
	311	1	0.0	0.0	0.0	0.0	3	1.005109457258745	14.335067231449804	230.0	33	1.05	0.95				
	312	1	0.0	0.0	0.0	0.0	3	1.0106480092316752	14.663055814469837	230.0	33	1.05	0.95				
	313	2	105.54729520000001	21.507750720000004	0.0	0.0	3	1.0074822921775628	16.06958278317159	230.0	34	1.05	0.95				
	314	2	77.26858592	15.53337552	0.0	0.0	3	0.9998920427283405	14.32105432207992	230.0	36	1.05	0.95				
	315	2	126.25846256000001	25.490667520000006	0.0	0.0	3	1.0479389748289945	17.007704455996542	230.0	36	1.05	0.95				
	316	2	39.829168	7.965833600000001	0.0	0.0	3	1.0309842586348237	16.664117847039744	230.0	36	1.05	0.95				
	317	1	0.0	0.0	0.0	0.0	3	1.05	19.94641260809824	230.0	37	1.05	0.95				
	318	2	132.63112944000002	27.083834240000005	0.0	0.0	3	1.05	16.963469221204097	230.0	37	1.05	0.95				
	319	1	72.09079408000001	14.73679216	0.0	0.0	3	1.0237734103736056	15.738356299059229	230.0	35	1.05	0.95				
	320	1	50.98133504000001	10.35558368	0.0	0.0	3	1.0201401728870034	15.709771956681639	230.0	35	1.05	0.95				
	321	2	0.0	0.0	0.0	0.0	3	1.05	17.62374569256326	230.0	37	1.05	0.95				
	322	2	0.0	0.0	0.0	0.0	3	1.05	22.883497012753818	230.0	37	1.05	0.95				
	323	2	0.0	0.0	0.0	0.0	3	1.0185683962128496	16.006972066222623	230.0	35	1.05	0.95				
	324	1	0.0	0.0	0.0	0.0	3	1.0457578076710483	20.56687391395075	230.0	36	1.05	0.95				
	325	1	0.0	0.0	0.0	0.0	3	1.0206130384562206	16.364532980882608	230.0	35	1.05	0.95				
];
