%% MATPOWER Case Format : Version 2
function mpc = RTS_GMLC
mpc.version = '2';

%%-----  Power Flow Data  -----%%
%% system MVA base
mpc.baseMVA = 100.0;
%% bus data
%    bus_i    type    Pd    Qd    Gs    Bs    area    Vm    Va    baseKV    zone    Vmax    Vmin
mpc.bus = [
	101	2	37.580900544	7.655368629333332	0.0	0.0	1	1.024951843625201	5.111799057120732	138.0	11	1.05	0.95				
	102	2	33.75321622933333	6.959426026666667	0.0	0.0	1	1.0237729464753602	4.820482670551249	138.0	12	1.05	0.95				
	103	1	62.63483424	12.874938149333332	0.0	0.0	1	1.0325202170950412	4.198694985988902	138.0	11	1.05	0.95				
	104	1	25.749876298666663	5.219569519999999	0.0	0.0	1	1.0186760990463732	1.446971470238855	138.0	11	1.05	0.95				
	105	1	24.705962394666663	4.871598218666667	0.0	0.0	1	1.032205820706807	1.6148111685332476	138.0	11	1.05	0.95				
	106	1	47.324096981333334	9.743196437333333	0.0	-100.0	1	1.0451014427065222	-0.7453126488940367	138.0	12	1.05	0.95				
	107	2	43.496412666666664	8.699282533333333	0.0	0.0	1	0.9843745627545128	-7.417927286139668	138.0	12	1.05	0.95				
	108	1	59.503092528	12.178995546666666	0.0	0.0	1	0.9970363900460694	-5.47657311694853	138.0	12	1.05	0.95				
	109	1	60.894977733333334	12.526966847999999	0.0	0.0	1	1.0251064208815703	0.12928657003170754	138.0	13	1.05	0.95				
	110	1	67.85440376	13.918852053333334	0.0	0.0	1	1.05	-0.8006055773187221	138.0	13	1.05	0.95				
	111	1	0.0	0.0	0.0	0.0	1	1.0112513350209948	1.539485965070627	230.0	13	1.05	0.95				
	112	1	0.0	0.0	0.0	0.0	1	1.0097163826262654	0.7077342030304913	230.0	13	1.05	0.95				
	113	3	92.21239485333332	18.790450272	0.0	0.0	1	0.9857900794806799	-3.1796931767146535e-31	230.0	14	1.05	0.95				
	114	2	67.50643245866667	13.570880752	0.0	0.0	1	1.0314367640092659	4.734938702374278	230.0	16	1.05	0.95				
	115	2	110.30690252266666	22.270163285333332	0.0	0.0	1	1.0449334314107475	12.805118353873276	230.0	16	1.05	0.95				
	116	2	34.79713013333333	6.959426026666667	0.0	0.0	1	1.0433832261670706	11.379361377335025	230.0	16	1.05	0.95				
	117	1	0.0	0.0	0.0	0.0	1	1.0425304524031485	16.548959385337607	230.0	17	1.05	0.95				
	118	2	115.87444334399999	23.662048490666667	0.0	0.0	1	1.05	16.796453745910874	230.0	17	1.05	0.95				
	119	1	62.982805541333335	12.874938149333332	0.0	0.0	1	1.0381437626194956	7.9540364536763635	230.0	15	1.05	0.95				
	120	1	44.540326570666664	9.047253834666666	0.0	0.0	1	1.0381187278231043	5.630725059010275	230.0	15	1.05	0.95				
	121	2	0.0	0.0	0.0	0.0	1	1.042067682868712	17.929940774417897	230.0	17	1.05	0.95				
	122	2	0.0	0.0	0.0	0.0	1	1.05	35.90107899202935	230.0	17	1.05	0.95				
	123	2	0.0	0.0	0.0	0.0	1	1.0386080043962367	4.61593217874566	230.0	15	1.05	0.95				
	124	1	0.0	0.0	0.0	0.0	1	1.0293537074707453	9.590889610098591	230.0	16	1.05	0.95				
	201	2	45.49157878736843	9.266803086315791	0.0	0.0	2	1.0197517009928	-11.494478352356754	138.0	21	1.05	0.95				
	202	2	40.85817724421053	8.424366442105265	0.0	0.0	2	1.0201111438257506	-11.501401385724197	138.0	22	1.05	0.95				
	203	1	75.81929797894739	15.585077917894738	0.0	0.0	2	1.0114059625989946	-9.027760431571476	138.0	21	1.05	0.95				
	204	1	31.170155835789476	6.318274831578948	0.0	0.0	2	1.0145513493913285	-12.391983790306783	138.0	21	1.05	0.95				
	205	1	29.906500869473685	5.8970565094736855	0.0	0.0	2	1.029798663270642	-12.763374761706515	138.0	21	1.05	0.95				
	206	1	57.285691806315796	11.794113018947371	0.0	-100.0	2	1.0434166157281457	-13.908191149569213	138.0	22	1.05	0.95				
	207	2	52.652290263157894	10.53045805263158	0.0	0.0	2	0.9934136568131752	-19.60160349689068	138.0	22	1.05	0.95				
	208	1	72.02833308000001	14.742641273684212	0.0	0.0	2	0.999120594757526	-17.697186175736636	138.0	22	1.05	0.95				
	209	1	73.71320636842107	15.163859595789475	0.0	0.0	2	1.0217644057611126	-11.374980497226586	138.0	23	1.05	0.95				
	210	1	82.13757281052632	16.84873288421053	0.0	0.0	2	1.05	-12.688240240804703	138.0	23	1.05	0.95				
	211	1	0.0	0.0	0.0	0.0	2	1.006507781606239	-8.682029211182531	230.0	23	1.05	0.95				
	212	1	0.0	0.0	0.0	0.0	2	1.00839950628445	-7.876411837059565	230.0	23	1.05	0.95				
	213	2	111.62285535789476	22.745789393684216	0.0	0.0	2	1.001812812978311	-7.4183619793742555	230.0	24	1.05	0.95				
	214	2	81.71635448842106	16.427514562105266	0.0	0.0	2	1.0085309927204817	-6.339332581421496	230.0	26	1.05	0.95				
	215	2	133.52620810736843	26.957972614736846	0.0	0.0	2	1.0218122065761392	-0.29123345862379024	230.0	26	1.05	0.95				
	216	2	42.12183221052632	8.424366442105265	0.0	0.0	2	1.0252775487933612	-0.4579812186512922	230.0	26	1.05	0.95				
	217	1	0.0	0.0	0.0	0.0	2	1.0319128469297087	1.2771538871754318	230.0	27	1.05	0.95				
	218	2	140.26570126105267	28.642845903157898	0.0	0.0	2	1.0302247848547954	0.7201232391559691	230.0	27	1.05	0.95				
	219	1	76.24051630105264	15.585077917894738	0.0	0.0	2	1.0256085768989367	-0.5747228080332953	230.0	25	1.05	0.95				
	220	1	53.91594522947369	10.951676374736845	0.0	0.0	2	1.028681841433769	0.14655372044092693	230.0	25	1.05	0.95				
	221	2	0.0	0.0	0.0	0.0	2	1.030624535445386	1.1885769698926305	230.0	27	1.05	0.95				
	222	2	0.0	0.0	0.0	0.0	2	1.05	7.717095185552849	230.0	27	1.05	0.95				
	223	2	0.0	0.0	0.0	0.0	2	1.0310769472893433	0.8631965118978044	230.0	25	1.05	0.95				
	224	1	0.0	0.0	0.0	0.0	2	1.0070855074425855	-3.560486086299734	230.0	26	1.05	0.95				
	301	2	49.86586523368421	10.157861436491228	0.0	0.0	3	1.0087728550195634	-17.76476995583706	138.0	31	1.05	0.95				
	302	2	44.786934515438595	9.234419487719297	0.0	0.0	3	1.0082855174041452	-17.867864409127257	138.0	32	1.05	0.95				
	303	1	83.10977538947368	17.0836760522807	0.0	0.0	3	1.0238373952926212	-12.238615563597467	138.0	31	1.05	0.95				
	304	1	34.1673521045614	6.9258146157894735	0.0	0.0	3	1.0102704340032767	-16.216197069676657	138.0	31	1.05	0.95				
	305	1	32.7821891814035	6.464093641403509	0.0	0.0	3	1.0232920365374125	-17.0808333382128	138.0	31	1.05	0.95				
	306	1	62.79405251649123	12.928187282807018	0.0	-100.0	3	1.0395257115345387	-17.238000773679875	138.0	32	1.05	0.95				
	307	2	57.715121798245605	11.543024359649122	0.0	0.0	3	0.9945767162558006	-22.28215697647004	138.0	32	1.05	0.95				
	308	1	78.95428661999999	16.16023410350877	0.0	0.0	3	0.9991927135644253	-20.17145630266796	138.0	32	1.05	0.95				
	309	1	80.80117051754385	16.621955077894736	0.0	0.0	3	1.0268749855199637	-12.980234196567292	138.0	33	1.05	0.95				
	310	1	90.03559000526315	18.468838975438594	0.0	0.0	3	1.05	-14.912354514833279	138.0	33	1.05	0.95				
	311	1	0.0	0.0	0.0	0.0	3	1.0108793926987891	-8.779043769149025	230.0	33	1.05	0.95				
	312	1	0.0	0.0	0.0	0.0	3	1.0110745460323036	-8.153730313434739	230.0	33	1.05	0.95				
	313	2	122.35605821228069	24.932932616842105	0.0	0.0	3	1.0118941068519345	-5.092649576426595	230.0	34	1.05	0.95				
	314	2	89.57386903087719	18.00711800105263	0.0	0.0	3	1.0169801090775614	-6.770922321743034	230.0	36	1.05	0.95				
	315	2	146.36554888035087	29.550142360701752	0.0	0.0	3	1.0409541508973346	-2.0092430550049145	230.0	36	1.05	0.95				
	316	2	46.17209743859649	9.234419487719297	0.0	0.0	3	1.0404818083062868	-1.1838284899208298	230.0	36	1.05	0.95				
	317	1	0.0	0.0	0.0	0.0	3	1.0483318566226216	2.4694517491540204	230.0	37	1.05	0.95				
	318	2	153.75308447052632	31.397026258245614	0.0	0.0	3	1.044650732260849	0.9135757569261057	230.0	37	1.05	0.95				
	319	1	83.57149636385964	17.0836760522807	0.0	0.0	3	1.034097342107024	-1.789983493267365	230.0	35	1.05	0.95				
	320	1	59.100284721403504	12.004745334035087	0.0	0.0	3	1.0317724704287206	-1.432711797503695	230.0	35	1.05	0.95				
	321	2	0.0	0.0	0.0	0.0	3	1.0449053347022124	0.5300188512636764	230.0	37	1.05	0.95				
	322	2	0.0	0.0	0.0	0.0	3	1.05	5.629389248308982	230.0	37	1.05	0.95				
	323	2	0.0	0.0	0.0	0.0	3	1.0312651735846978	-0.8831397076682312	230.0	35	1.05	0.95				
	324	1	0.0	0.0	0.0	0.0	3	1.0217758956363032	-5.815437022843684	230.0	36	1.05	0.95				
	325	1	0.0	0.0	0.0	0.0	3	1.0255485219682494	0.6679485082040495	230.0	35	1.05	0.95				
];
