%% MATPOWER Case Format : Version 2
function mpc = RTS_GMLC
mpc.version = '2';

%%-----  Power Flow Data  -----%%
%% system MVA base
mpc.baseMVA = 100.0;
%% bus data
%    bus_i    type    Pd    Qd    Gs    Bs    area    Vm    Va    baseKV    zone    Vmax    Vmin
mpc.bus = [
	101	2	36.24492825473685	7.383226125964912	0.0	0.0	1	1.03355451317542	3.731189631236776	138.0	11	1.05	0.95				
	102	2	32.553315191754386	6.712023750877193	0.0	0.0	1	1.0326917077404987	3.4908475674432125	138.0	12	1.05	0.95				
	103	1	60.408213757894735	12.417243939122807	0.0	0.0	1	1.0291041410291797	1.327279013723393	138.0	11	1.05	0.95				
	104	1	24.834487878245614	5.034017813157895	0.0	0.0	1	1.0226079084132935	0.3158093654912569	138.0	11	1.05	0.95				
	105	1	23.827684315614032	4.698416625614035	0.0	0.0	1	1.0370849722741398	0.6263497297324915	138.0	11	1.05	0.95				
	106	1	45.641761505964915	9.39683325122807	0.0	-100.0	1	1.0479013581550778	-1.5090979756897827	138.0	12	1.05	0.95				
	107	2	41.95014844298245	8.390029688596492	0.0	0.0	1	1.0010337791511246	-6.8029461030669465	138.0	12	1.05	0.95				
	108	1	57.38780307	11.746041564035087	0.0	0.0	1	1.0076146619474395	-5.465114497414559	138.0	12	1.05	0.95				
	109	1	58.73020782017544	12.081642751578947	0.0	0.0	1	1.024276037829253	-0.9179326263377169	138.0	13	1.05	0.95				
	110	1	65.44223157105263	13.424047501754385	0.0	0.0	1	1.05	-1.4622660865242287	138.0	13	1.05	0.95				
	111	1	0.0	0.0	0.0	0.0	1	1.0004159789130185	0.2797985310069154	230.0	13	1.05	0.95				
	112	1	0.0	0.0	0.0	0.0	1	1.0055186394355755	0.515391214955841	230.0	13	1.05	0.95				
	113	3	88.93431469912281	18.122464127368424	0.0	0.0	1	0.9886563783968123	1.1771852083847067e-28	230.0	14	1.05	0.95				
	114	2	65.10663038350877	13.088446314210527	0.0	0.0	1	0.9960115284426538	2.1343094521671953	230.0	16	1.05	0.95				
	115	2	106.3855764514035	21.478476002807017	0.0	0.0	1	1.0320917006531225	6.812215239942811	230.0	16	1.05	0.95				
	116	2	33.56011875438597	6.712023750877193	0.0	0.0	1	1.0278800637898586	6.650429991393105	230.0	16	1.05	0.95				
	117	1	0.0	0.0	0.0	0.0	1	1.0370942187627945	8.566885144407474	230.0	17	1.05	0.95				
	118	2	111.75519545210526	22.820880752982458	0.0	0.0	1	1.0399533259566802	8.598137210788902	230.0	17	1.05	0.95				
	119	1	60.7438149454386	12.417243939122807	0.0	0.0	1	1.0216599498421854	5.699026599342017	230.0	15	1.05	0.95				
	120	1	42.956952005614035	8.725630876140352	0.0	0.0	1	1.0181824104636892	5.530371710331669	230.0	15	1.05	0.95				
	121	2	0.0	0.0	0.0	0.0	1	1.043883590706913	9.400207520134758	230.0	17	1.05	0.95				
	122	2	0.0	0.0	0.0	0.0	1	1.05	16.018679448924438	230.0	17	1.05	0.95				
	123	2	0.0	0.0	0.0	0.0	1	1.0163863955692969	5.703680946130922	230.0	15	1.05	0.95				
	124	1	0.0	0.0	0.0	0.0	1	1.0232482721582254	4.748040317442464	230.0	16	1.05	0.95				
	201	2	38.453643966315795	7.8331496968421055	0.0	0.0	2	1.0202195957523075	-8.472634274925724	138.0	21	1.05	0.95				
	202	2	34.53706911789474	7.1210451789473685	0.0	0.0	2	1.0202179558784648	-8.516044814286788	138.0	22	1.05	0.95				
	203	1	64.08940661052631	13.173933581052633	0.0	0.0	2	1.0163741310341108	-6.709957876625339	138.0	21	1.05	0.95				
	204	1	26.347867162105267	5.340783884210526	0.0	0.0	2	1.01623075840563	-9.322069810162102	138.0	21	1.05	0.95				
	205	1	25.279710385263154	4.984731625263159	0.0	0.0	2	1.0309576281998525	-9.602585335379912	138.0	21	1.05	0.95				
	206	1	48.42310721684211	9.969463250526317	0.0	-100.0	2	1.0453322043735989	-10.632103420234586	138.0	22	1.05	0.95				
	207	2	44.506532368421055	8.90130647368421	0.0	0.0	2	0.9956940152056984	-15.32798486795642	138.0	22	1.05	0.95				
	208	1	60.884936280000005	12.461829063157893	0.0	0.0	2	1.0031842815740413	-13.770016686369807	138.0	22	1.05	0.95				
	209	1	62.30914531578947	12.817881322105261	0.0	0.0	2	1.0223455473160703	-8.501391459188971	138.0	23	1.05	0.95				
	210	1	69.43019049473685	14.242090357894737	0.0	0.0	2	1.05	-9.594147927453223	138.0	23	1.05	0.95				
	211	1	0.0	0.0	0.0	0.0	2	1.0016849375118848	-6.136259531404905	230.0	23	1.05	0.95				
	212	1	0.0	0.0	0.0	0.0	2	1.0056783778612708	-5.57675221750464	230.0	23	1.05	0.95				
	213	2	94.35384862105263	19.226821983157897	0.0	0.0	2	0.9944146192922487	-5.138951658038726	230.0	24	1.05	0.95				
	214	2	69.07413823578948	13.886038098947367	0.0	0.0	2	0.9994555993105477	-3.9477063584164744	230.0	26	1.05	0.95				
	215	2	112.8685660863158	22.78734457263158	0.0	0.0	2	1.016648343813829	1.412928963793816	230.0	26	1.05	0.95				
	216	2	35.60522589473684	7.1210451789473685	0.0	0.0	2	1.0179301806472578	1.2931311300439339	230.0	26	1.05	0.95				
	217	1	0.0	0.0	0.0	0.0	2	1.023240299424597	3.010945642262169	230.0	27	1.05	0.95				
	218	2	118.56540222947369	24.211553608421056	0.0	0.0	2	1.022637204709982	2.5611456337478136	230.0	27	1.05	0.95				
	219	1	64.44545886947368	13.173933581052633	0.0	0.0	2	1.0184110614589843	0.9011611553108454	230.0	25	1.05	0.95				
	220	1	45.57468914526316	9.257358732631578	0.0	0.0	2	1.0208826270458426	1.269194875595265	230.0	25	1.05	0.95				
	221	2	0.0	0.0	0.0	0.0	2	1.0242829968356961	2.9864877803890675	230.0	27	1.05	0.95				
	222	2	0.0	0.0	0.0	0.0	2	1.0463931658755412	9.531687617260943	230.0	27	1.05	0.95				
	223	2	0.0	0.0	0.0	0.0	2	1.0225500281280486	1.7488237311876085	230.0	25	1.05	0.95				
	224	1	0.0	0.0	0.0	0.0	2	1.006431191349209	-1.6592542792166913	230.0	26	1.05	0.95				
	301	2	40.179689962105265	8.184751658947368	0.0	0.0	3	1.0103487050096063	-18.65752068742988	138.0	31	1.05	0.95				
	302	2	36.087314132631576	7.4406833263157885	0.0	0.0	3	1.0103359814737396	-18.75348977710488	138.0	32	1.05	0.95				
	303	1	66.9661499368421	13.765264153684209	0.0	0.0	3	1.0213611343483786	-14.048261435669772	138.0	31	1.05	0.95				
	304	1	27.530528307368417	5.580512494736841	0.0	0.0	3	1.0121986278811168	-17.51179559129016	138.0	31	1.05	0.95				
	305	1	26.41442580842105	5.2084783284210525	0.0	0.0	3	1.0255065768668077	-18.165232863918728	138.0	31	1.05	0.95				
	306	1	50.596646618947375	10.416956656842105	0.0	-100.0	3	1.042661398876257	-18.35337452252521	138.0	32	1.05	0.95				
	307	2	46.50427078947368	9.300854157894737	0.0	0.0	3	0.9940005654293036	-22.275449548177132	138.0	32	1.05	0.95				
	308	1	63.61784244	13.02119582105263	0.0	0.0	3	1.002092109460025	-20.646503985554737	138.0	32	1.05	0.95				
	309	1	65.10597910526316	13.393229987368418	0.0	0.0	3	1.0247423407422893	-14.962827255020954	138.0	33	1.05	0.95				
	310	1	72.54666243157895	14.881366652631577	0.0	0.0	3	1.05	-16.472960433690968	138.0	33	1.05	0.95				
	311	1	0.0	0.0	0.0	0.0	3	1.0029299630614519	-11.566002688733906	230.0	33	1.05	0.95				
	312	1	0.0	0.0	0.0	0.0	3	1.00848139406653	-10.9152497108955	230.0	33	1.05	0.95				
	313	2	98.5890540736842	20.089844981052632	0.0	0.0	3	1.0065001223931545	-8.0038056658461	230.0	34	1.05	0.95				
	314	2	72.17462826526315	14.50933248631579	0.0	0.0	3	0.9960882232555245	-10.385305097966922	230.0	36	1.05	0.95				
	315	2	117.93483072210525	23.810186644210525	0.0	0.0	3	1.0185743412752297	-7.216448321250184	230.0	36	1.05	0.95				
	316	2	37.203416631578946	7.4406833263157885	0.0	0.0	3	1.0181573758047264	-6.492889294691148	230.0	36	1.05	0.95				
	317	1	0.0	0.0	0.0	0.0	3	1.023346203736531	-5.25040960902096	230.0	37	1.05	0.95				
	318	2	123.8873773831579	25.298323309473687	0.0	0.0	3	1.0224106094463246	-5.348607925545487	230.0	37	1.05	0.95				
	319	1	67.3381841031579	13.765264153684209	0.0	0.0	3	1.0167386131332716	-6.678198672633711	230.0	35	1.05	0.95				
	320	1	47.62037328842105	9.672888324210525	0.0	0.0	3	1.0177554259191874	-6.097624492344749	230.0	35	1.05	0.95				
	321	2	0.0	0.0	0.0	0.0	3	1.0232986872616185	-5.433580719554834	230.0	37	1.05	0.95				
	322	2	0.0	0.0	0.0	0.0	3	1.0367464433568496	-0.9432635075109261	230.0	37	1.05	0.95				
	323	2	0.0	0.0	0.0	0.0	3	1.0187686868579653	-5.486344778079061	230.0	35	1.05	0.95				
	324	1	0.0	0.0	0.0	0.0	3	1.0107839057629313	-9.80840828767966	230.0	36	1.05	0.95				
	325	1	0.0	0.0	0.0	0.0	3	1.016489326987348	-4.223769511596656	230.0	35	1.05	0.95				
];
