%% MATPOWER Case Format : Version 2
function mpc = RTS_GMLC
mpc.version = '2';

%%-----  Power Flow Data  -----%%
%% system MVA base
mpc.baseMVA = 100.0;
%% bus data
%    bus_i    type    Pd    Qd    Gs    Bs    area    Vm    Va    baseKV    zone    Vmax    Vmin
mpc.bus = [
	101	2	39.063829793684214	7.95744680982456	0.0	0.0	1	1.0146366768457478	-2.7629901853924785	138.0	11	1.05	0.95				
	102	2	35.085106388771926	7.234042554385965	0.0	0.0	1	1.0145270204749208	-2.9883585633316123	138.0	12	1.05	0.95				
	103	1	65.10638298947367	13.382978725614034	0.0	0.0	1	1.0038579027521646	1.7142074101920943	138.0	11	1.05	0.95				
	104	1	26.76595745122807	5.425531915789473	0.0	0.0	1	1.0054357532596734	-3.122585507913677	138.0	11	1.05	0.95				
	105	1	25.680851068070172	5.0638297880701755	0.0	0.0	1	1.0193225605962246	-4.158985002194435	138.0	11	1.05	0.95				
	106	1	49.19148936982456	10.127659576140351	0.0	-100.0	1	1.030117740523017	-5.391791423966965	138.0	12	1.05	0.95				
	107	2	45.21276596491228	9.042553192982455	0.0	0.0	1	0.9855407403776111	-11.046803690196242	138.0	12	1.05	0.95				
	108	1	61.851063839999995	12.659574470175436	0.0	0.0	1	0.9886105422043964	-8.999823888300538	138.0	12	1.05	0.95				
	109	1	63.297872350877185	13.021276597894735	0.0	0.0	1	1.003511021004285	-2.5866035010578234	138.0	13	1.05	0.95				
	110	1	70.53191490526315	14.46808510877193	0.0	0.0	1	1.0324941366347897	-4.383190913217287	138.0	13	1.05	0.95				
	111	1	0.0	0.0	0.0	0.0	1	0.9821913515146087	-0.11477920203050676	230.0	13	1.05	0.95				
	112	1	0.0	0.0	0.0	0.0	1	0.9837775200314558	-1.1351058240951006	230.0	13	1.05	0.95				
	113	3	95.85106384561402	19.531914896842107	0.0	0.0	1	0.9628958422361251	-1.4108699573446957e-27	230.0	14	1.05	0.95				
	114	2	70.17021277754385	14.106382981052631	0.0	0.0	1	0.9908266343470057	3.2982224413887113	230.0	16	1.05	0.95				
	115	2	114.65957448701754	23.148936174035086	0.0	0.0	1	0.9916892268615378	12.210764411683117	230.0	16	1.05	0.95				
	116	2	36.17021277192982	7.234042554385965	0.0	0.0	1	0.9898517134952961	10.6199791437268	230.0	16	1.05	0.95				
	117	1	0.0	0.0	0.0	0.0	1	0.9913588074706127	16.468455222306225	230.0	17	1.05	0.95				
	118	2	120.44680853052631	24.59574468491228	0.0	0.0	1	1.0007163576040585	16.893068039439413	230.0	17	1.05	0.95				
	119	1	65.46808511719297	13.382978725614034	0.0	0.0	1	0.9893614342236583	6.675961060625015	230.0	15	1.05	0.95				
	120	1	46.29787234807017	9.404255320701754	0.0	0.0	1	0.9941644419652034	3.704100802264488	230.0	15	1.05	0.95				
	121	2	0.0	0.0	0.0	0.0	1	1.0007632019086026	18.023252799075653	230.0	17	1.05	0.95				
	122	2	0.0	0.0	0.0	0.0	1	1.0045308250117848	37.07935789326852	230.0	17	1.05	0.95				
	123	2	0.0	0.0	0.0	0.0	1	0.9978231277714312	2.3766591501358882	230.0	15	1.05	0.95				
	124	1	0.0	0.0	0.0	0.0	1	0.9837470966064923	8.189890315165648	230.0	16	1.05	0.95				
	201	2	38.24964583578947	7.791594522105262	0.0	0.0	2	1.0128131262580689	-16.665006533841773	138.0	21	1.05	0.95				
	202	2	34.35384857473684	7.08326774736842	0.0	0.0	2	1.0117369926201352	-16.926150496964222	138.0	22	1.05	0.95				
	203	1	63.74940972631579	13.104045332631578	0.0	0.0	2	0.9978424046217523	-12.143447221646424	138.0	21	1.05	0.95				
	204	1	26.208090665263157	5.3124508105263155	0.0	0.0	2	1.001968026808958	-16.455738697374247	138.0	21	1.05	0.95				
	205	1	25.14560050315789	4.958287423157895	0.0	0.0	2	1.0190378932454747	-16.94527811605985	138.0	21	1.05	0.95				
	206	1	48.16622068210526	9.91657484631579	0.0	-100.0	2	1.030656636224446	-17.57730665670381	138.0	22	1.05	0.95				
	207	2	44.27042342105263	8.854084684210525	0.0	0.0	2	0.9739273761196003	-21.74835384609753	138.0	22	1.05	0.95				
	208	1	60.561939239999994	12.395718557894735	0.0	0.0	2	0.9829707143348843	-20.153177090514813	138.0	22	1.05	0.95				
	209	1	61.97859278947367	12.749881945263155	0.0	0.0	2	1.0038973031097607	-14.548561075335002	138.0	23	1.05	0.95				
	210	1	69.0618605368421	14.16653549473684	0.0	0.0	2	1.033460360286316	-16.058263074656644	138.0	23	1.05	0.95				
	211	1	0.0	0.0	0.0	0.0	2	0.9848196749724946	-11.857068357370368	230.0	23	1.05	0.95				
	212	1	0.0	0.0	0.0	0.0	2	0.983720766114197	-11.2580717929259	230.0	23	1.05	0.95				
	213	2	93.85329765263157	19.124822917894736	0.0	0.0	2	0.9805657301475759	-10.65479056269023	230.0	24	1.05	0.95				
	214	2	68.70769714947367	13.81237210736842	0.0	0.0	2	0.9819286717109464	-9.304243872617969	230.0	26	1.05	0.95				
	215	2	112.26979379578945	22.666456791578945	0.0	0.0	2	0.9910982278208723	-2.382276105413011	230.0	26	1.05	0.95				
	216	2	35.4163387368421	7.08326774736842	0.0	0.0	2	0.9890662441425587	-3.3674069138636837	230.0	26	1.05	0.95				
	217	1	0.0	0.0	0.0	0.0	2	0.999639138090963	-1.3937595295016778	230.0	27	1.05	0.95				
	218	2	117.93640799368418	24.08311034105263	0.0	0.0	2	1.0012809207079292	-1.8148129434991966	230.0	27	1.05	0.95				
	219	1	64.1035731136842	13.104045332631578	0.0	0.0	2	0.9833856831171376	-3.68810882783019	230.0	25	1.05	0.95				
	220	1	45.33291358315789	9.208248071578947	0.0	0.0	2	0.9807028819252588	-3.2130340492991425	230.0	25	1.05	0.95				
	221	2	0.0	0.0	0.0	0.0	2	1.0033584420935546	-1.3164847943487556	230.0	27	1.05	0.95				
	222	2	0.0	0.0	0.0	0.0	2	1.0213630968112082	4.349015221439739	230.0	27	1.05	0.95				
	223	2	0.0	0.0	0.0	0.0	2	0.9796761052674704	-2.6491878130358413	230.0	25	1.05	0.95				
	224	1	0.0	0.0	0.0	0.0	2	0.9819945579509449	-6.101944754971643	230.0	26	1.05	0.95				
	301	2	46.79088896842105	9.53147738245614	0.0	0.0	3	1.0110134042922172	14.805487762736238	138.0	31	1.05	0.95				
	302	2	42.02515027719298	8.664979438596491	0.0	0.0	3	1.0112877908196283	14.716950020306548	138.0	32	1.05	0.95				
	303	1	77.98481494736842	16.030211961403506	0.0	0.0	3	1.0006498817627918	19.076569834961017	138.0	31	1.05	0.95				
	304	1	32.06042392280701	6.498734578947368	0.0	0.0	3	1.0028305847278696	16.13266380151861	138.0	31	1.05	0.95				
	305	1	30.760677007017538	6.0654856070175445	0.0	0.0	3	1.019162775132817	15.964779950348458	138.0	31	1.05	0.95				
	306	1	58.92186018245614	12.130971214035089	0.0	-100.0	3	1.0324361267960527	16.08763880476049	138.0	32	1.05	0.95				
	307	2	54.15612149122807	10.831224298245614	0.0	0.0	3	0.9683838528833134	12.985888577099386	138.0	32	1.05	0.95				
	308	1	74.0855742	15.163714017543859	0.0	0.0	3	0.984014525857464	14.878697648575839	138.0	32	1.05	0.95				
	309	1	75.8185700877193	15.596962989473685	0.0	0.0	3	1.0096734760818602	19.130047670655323	138.0	33	1.05	0.95				
	310	1	84.48354952631578	17.329958877192983	0.0	0.0	3	1.0390009231507304	18.552611544880545	138.0	33	1.05	0.95				
	311	1	0.0	0.0	0.0	0.0	3	0.9876546699711733	23.33522830989957	230.0	33	1.05	0.95				
	312	1	0.0	0.0	0.0	0.0	3	0.9971036048584562	23.490952337000163	230.0	33	1.05	0.95				
	313	2	114.8109775614035	23.395444484210525	0.0	0.0	3	0.9967628315040155	27.195401938924412	230.0	34	1.05	0.95				
	314	2	84.05030055438596	16.896709905263158	0.0	0.0	3	0.9746104758025909	24.606018295947784	230.0	36	1.05	0.95				
	315	2	137.33992410175438	27.72793420350877	0.0	0.0	3	0.9802446892695552	23.198435522515272	230.0	36	1.05	0.95				
	316	2	43.324897192982455	8.664979438596491	0.0	0.0	3	0.9689054753209391	24.319686758621092	230.0	36	1.05	0.95				
	317	1	0.0	0.0	0.0	0.0	3	0.9868319597545822	26.814520455797837	230.0	37	1.05	0.95				
	318	2	144.27190765263157	29.46093009122807	0.0	0.0	3	0.9827331201619511	22.959995153657506	230.0	37	1.05	0.95				
	319	1	78.41806391929825	16.030211961403506	0.0	0.0	3	0.9810445670436069	24.705434474363578	230.0	35	1.05	0.95				
	320	1	55.45586840701754	11.264473270175438	0.0	0.0	3	0.9913925203687775	24.39811675111961	230.0	35	1.05	0.95				
	321	2	0.0	0.0	0.0	0.0	3	0.9902904798711109	23.62047782734528	230.0	37	1.05	0.95				
	322	2	0.0	0.0	0.0	0.0	3	1.0084704995077276	28.496508712077787	230.0	37	1.05	0.95				
	323	2	0.0	0.0	0.0	0.0	3	0.9965171445986428	24.055773211761277	230.0	35	1.05	0.95				
	324	1	0.0	0.0	0.0	0.0	3	0.9839161194035791	23.283794188509443	230.0	36	1.05	0.95				
