%% MATPOWER Case Format : Version 2
function mpc = RTS_GMLC
mpc.version = '2';

%%-----  Power Flow Data  -----%%
%% system MVA base
mpc.baseMVA = 100.0;
%% bus data
%    bus_i    type    Pd    Qd    Gs    Bs    area    Vm    Va    baseKV    zone    Vmax    Vmin
mpc.bus = [
	101	2	53.66600693052632	10.931964374736843	0.0	0.0	1	1.0332992214862935	2.0987723554018776	138.0	11	1.05	0.95				
	102	2	48.20002474315789	9.938149431578948	0.0	0.0	1	1.0329759980835511	1.9918652060462532	138.0	12	1.05	0.95				
	103	1	89.44334488421053	18.385576448421055	0.0	0.0	1	1.0268470217862486	-0.21944181258321835	138.0	11	1.05	0.95				
	104	1	36.77115289684211	7.4536120736842095	0.0	0.0	1	1.020431962817741	-1.2444800023567366	138.0	11	1.05	0.95				
	105	1	35.28043048210526	6.956704602105264	0.0	0.0	1	1.034879298327821	-1.0290826478680966	138.0	11	1.05	0.95				
	106	1	67.57941613473685	13.913409204210527	0.0	-100.0	1	1.0434512062418506	-3.2690346872190257	138.0	12	1.05	0.95				
	107	2	62.11343394736842	12.422686789473685	0.0	0.0	1	1.0241670617872138	-2.611910987959107	138.0	12	1.05	0.95				
	108	1	84.97117764	17.391761505263155	0.0	0.0	1	1.0178285105767313	-4.031670929220152	138.0	12	1.05	0.95				
	109	1	86.9588075263158	17.888668976842105	0.0	0.0	1	1.0256188289607922	-1.881142681294121	138.0	13	1.05	0.95				
	110	1	96.89695695789474	19.876298863157896	0.0	0.0	1	1.05	-2.6336374390420594	138.0	13	1.05	0.95				
	111	1	0.0	0.0	0.0	0.0	1	1.004841722926714	-0.375212178186263	230.0	13	1.05	0.95				
	112	1	0.0	0.0	0.0	0.0	1	1.0101120100461136	0.2808324436326508	230.0	13	1.05	0.95				
	113	3	131.68047996842105	26.83300346526316	0.0	0.0	1	0.9978861520023404	-1.4117196440835053e-28	230.0	14	1.05	0.95				
	114	2	96.40004948631578	19.37939139157895	0.0	0.0	1	1.0009006927682722	1.300019069517792	230.0	16	1.05	0.95				
	115	2	157.51966849052633	31.802078181052636	0.0	0.0	1	1.0397752148885755	6.723626029308513	230.0	16	1.05	0.95				
	116	2	49.69074715789474	9.938149431578948	0.0	0.0	1	1.0356099343800682	6.5666991295186286	230.0	16	1.05	0.95				
	117	1	0.0	0.0	0.0	0.0	1	1.043882055709489	8.330564391181241	230.0	17	1.05	0.95				
	118	2	165.47018803578948	33.78970806736842	0.0	0.0	1	1.046825725615374	8.391902844515622	230.0	17	1.05	0.95				
	119	1	89.94025235578947	18.385576448421055	0.0	0.0	1	1.0294624102902885	5.878633475631014	230.0	15	1.05	0.95				
	120	1	63.60415636210527	12.919594261052634	0.0	0.0	1	1.0278061884351224	6.2392285301520385	230.0	15	1.05	0.95				
	121	2	0.0	0.0	0.0	0.0	1	1.05	8.597125648275727	230.0	17	1.05	0.95				
	122	2	0.0	0.0	0.0	0.0	1	1.05	15.003092432988575	230.0	17	1.05	0.95				
	123	2	0.0	0.0	0.0	0.0	1	1.0278501690401938	6.81874478816837	230.0	15	1.05	0.95				
	124	1	0.0	0.0	0.0	0.0	1	1.0257822459723558	4.137119506705745	230.0	16	1.05	0.95				
	201	2	52.648512517894744	10.724696994385965	0.0	0.0	2	1.031119651179937	-5.779398376989196	138.0	21	1.05	0.95				
	202	2	47.28616402070176	9.74972454035088	0.0	0.0	2	1.0313484936812205	-5.810677252448355	138.0	22	1.05	0.95				
	203	1	87.7475208631579	18.036990399649124	0.0	0.0	2	1.0239930341503314	-5.067946205807042	138.0	21	1.05	0.95				
	204	1	36.07398079929825	7.312293405263158	0.0	0.0	2	1.0191586717321854	-8.315225177552797	138.0	21	1.05	0.95				
	205	1	34.61152211824562	6.824807178245615	0.0	0.0	2	1.0341838025369	-8.46514394578656	138.0	21	1.05	0.95				
	206	1	66.29812687438597	13.64961435649123	0.0	-100.0	2	1.043603067587235	-10.437168248110593	138.0	22	1.05	0.95				
	207	2	60.93577837719298	12.187155675438598	0.0	0.0	2	0.9868847461851611	-17.850012101388877	138.0	22	1.05	0.95				
	208	1	83.36014482	17.062017945614034	0.0	0.0	2	0.9929598060164514	-15.607012614856146	138.0	22	1.05	0.95				
	209	1	85.31008972807018	17.54950417263158	0.0	0.0	2	1.0237251999306751	-8.381208816278832	138.0	23	1.05	0.95				
	210	1	95.05981426842106	19.49944908070176	0.0	0.0	2	1.05	-9.642248313062225	138.0	23	1.05	0.95				
	211	1	0.0	0.0	0.0	0.0	2	1.0082540860101674	-5.847562351552211	230.0	23	1.05	0.95				
	212	1	0.0	0.0	0.0	0.0	2	1.012737175179767	-5.376050602022411	230.0	23	1.05	0.95				
	213	2	129.18385015964913	26.324256258947372	0.0	0.0	2	1.003504479082588	-5.127110840661738	230.0	24	1.05	0.95				
	214	2	94.57232804140352	19.011962853684214	0.0	0.0	2	1.0106352807505177	-3.2271671464832434	230.0	26	1.05	0.95				
	215	2	154.53313396456142	31.19911852912281	0.0	0.0	2	1.0316153684914022	3.552848090158903	230.0	26	1.05	0.95				
	216	2	48.74862270175439	9.74972454035088	0.0	0.0	2	1.0341321328462818	3.384910029412332	230.0	26	1.05	0.95				
	217	1	0.0	0.0	0.0	0.0	2	1.0384464836952767	6.289944552459577	230.0	27	1.05	0.95				
	218	2	162.33291359684213	33.149063437192986	0.0	0.0	2	1.0402122767331898	6.878387235995334	230.0	27	1.05	0.95				
	219	1	88.23500709017546	18.036990399649124	0.0	0.0	2	1.0350234012429818	2.2208499738521637	230.0	25	1.05	0.95				
	220	1	62.39823705824562	12.674641902456141	0.0	0.0	2	1.0394731041005234	2.145985783167492	230.0	25	1.05	0.95				
	221	2	0.0	0.0	0.0	0.0	2	1.0397055533665405	6.52267704293667	230.0	27	1.05	0.95				
	222	2	0.0	0.0	0.0	0.0	2	1.05	12.933218583728424	230.0	27	1.05	0.95				
	223	2	0.0	0.0	0.0	0.0	2	1.0426991187476882	2.4673955021897096	230.0	25	1.05	0.95				
	224	1	0.0	0.0	0.0	0.0	2	1.0179556115074884	0.3172195041773247	230.0	26	1.05	0.95				
	301	2	59.927870917894744	12.207529261052631	0.0	0.0	3	1.006732183937913	-33.550540231309384	138.0	31	1.05	0.95				
	302	2	53.82410628736842	11.097753873684212	0.0	0.0	3	1.0061436719979973	-33.68984197034395	138.0	32	1.05	0.95				
	303	1	99.8797848631579	20.53084466631579	0.0	0.0	3	1.0208944693447566	-26.502740265697156	138.0	31	1.05	0.95				
	304	1	41.06168933263158	8.323315405263159	0.0	0.0	3	1.0070161261977841	-31.79265459259483	138.0	31	1.05	0.95				
	305	1	39.39702625157895	7.768427711578949	0.0	0.0	3	1.0207503162559866	-32.69546155980399	138.0	31	1.05	0.95				
	306	1	75.46472634105264	15.536855423157897	0.0	-100.0	3	1.0361945842633113	-32.84314667834272	138.0	32	1.05	0.95				
	307	2	69.36096171052631	13.872192342105263	0.0	0.0	3	0.9955014897999226	-37.21618317809466	138.0	32	1.05	0.95				
	308	1	94.88579562	19.421069278947368	0.0	0.0	3	0.9969843514319906	-35.471265088485914	138.0	32	1.05	0.95				
	309	1	97.10534639473684	19.97595697263158	0.0	0.0	3	1.0268087266220667	-27.979061865523835	138.0	33	1.05	0.95				
	310	1	108.20310026842105	22.195507747368424	0.0	0.0	3	1.05	-30.05921114409963	138.0	33	1.05	0.95				
	311	1	0.0	0.0	0.0	0.0	3	1.0171142779123514	-22.919567572814476	230.0	33	1.05	0.95				
	312	1	0.0	0.0	0.0	0.0	3	1.01701286845892	-22.331810454199868	230.0	33	1.05	0.95				
	313	2	147.0452388263158	29.963935458947372	0.0	0.0	3	1.0242857829438505	-19.21069103227808	230.0	34	1.05	0.95				
	314	2	107.64821257473685	21.640620053684213	0.0	0.0	3	1.0279702328458558	-20.114450426218742	230.0	36	1.05	0.95				
	315	2	175.89939889789474	35.512812395789474	0.0	0.0	3	1.0485431504976388	-13.202701229929065	230.0	36	1.05	0.95				
	316	2	55.48876936842105	11.097753873684212	0.0	0.0	3	1.0485042869319123	-12.8463129517995	230.0	36	1.05	0.95				
	317	1	0.0	0.0	0.0	0.0	3	1.0492641360153039	-10.118090809859522	230.0	37	1.05	0.95				
	318	2	184.77760199684212	37.73236317052632	0.0	0.0	3	1.0494925268243591	-9.484656590118066	230.0	37	1.05	0.95				
	319	1	100.4346725568421	20.53084466631579	0.0	0.0	3	1.0458066339350225	-13.970122216594927	230.0	35	1.05	0.95				
	320	1	71.02562479157895	14.427080035789475	0.0	0.0	3	1.0478126135630823	-13.909080180179606	230.0	35	1.05	0.95				
	321	2	0.0	0.0	0.0	0.0	3	1.05	-9.08084246370438	230.0	37	1.05	0.95				
	322	2	0.0	0.0	0.0	0.0	3	1.05	-3.7119292355103957	230.0	37	1.05	0.95				
	323	2	0.0	0.0	0.0	0.0	3	1.05	-13.469598446317757	230.0	35	1.05	0.95				
	324	1	0.0	0.0	0.0	0.0	3	1.0212559886700228	-18.110512608092844	230.0	36	1.05	0.95				
	325	1	0.0	0.0	0.0	0.0	3	1.0411825608423184	-11.68871797714102	230.0	35	1.05	0.95				
];
