%% MATPOWER Case Format : Version 2
function mpc = RTS_GMLC
mpc.version = '2';

%%-----  Power Flow Data  -----%%
%% system MVA base
mpc.baseMVA = 100.0;
%% bus data
%    bus_i    type    Pd    Qd    Gs    Bs    area    Vm    Va    baseKV    zone    Vmax    Vmin
mpc.bus = [
	101	2	72.18258286736842	14.703859472982456	0.0	0.0	1	1.0323701749122862	-0.382927141955759	138.0	11	1.05	0.95				
	102	2	64.8306531308772	13.367144975438597	0.0	0.0	1	1.0324029669410029	-0.42312232789813226	138.0	12	1.05	0.95				
	103	1	120.30430477894738	24.729218204561406	0.0	0.0	1	1.0221787854683164	-1.7407936529038617	138.0	11	1.05	0.95				
	104	1	49.45843640912281	10.025358731578947	0.0	0.0	1	1.0174529739677554	-3.4604339175218537	138.0	11	1.05	0.95				
	105	1	47.45336466280701	9.35700148280702	0.0	0.0	1	1.0322304675183815	-3.405058026290021	138.0	11	1.05	0.95				
	106	1	90.89658583298245	18.71400296561404	0.0	-100.0	1	1.0384759163253807	-5.706131912814606	138.0	12	1.05	0.95				
	107	2	83.54465609649122	16.708931219298247	0.0	0.0	1	1.0472044427798413	-1.2080653524643847	138.0	12	1.05	0.95				
	108	1	114.28908953999999	23.392503707017543	0.0	0.0	1	1.0261380010212708	-4.365378850923075	138.0	12	1.05	0.95				
	109	1	116.96251853508772	24.060860955789472	0.0	0.0	1	1.026507796210444	-3.239989150913653	138.0	13	1.05	0.95				
	110	1	130.3296635105263	26.734289950877194	0.0	0.0	1	1.05	-4.357800869694103	138.0	13	1.05	0.95				
	111	1	0.0	0.0	0.0	0.0	1	1.0108808930963564	-1.020712454076468	230.0	13	1.05	0.95				
	112	1	0.0	0.0	0.0	0.0	1	1.0144615282494254	-0.06101047183310993	230.0	13	1.05	0.95				
	113	3	177.11467092456138	36.09129143368421	0.0	0.0	1	1.0090376910614534	-1.0086521890127244e-27	230.0	14	1.05	0.95				
	114	2	129.6613062617544	26.065932702105265	0.0	0.0	1	1.0106069951647583	0.941921512209704	230.0	16	1.05	0.95				
	115	2	211.86924786070173	42.77486392140351	0.0	0.0	1	1.0431687451309595	7.814581103769123	230.0	16	1.05	0.95				
	116	2	66.83572487719299	13.367144975438597	0.0	0.0	1	1.0409184877068731	7.708040646180478	230.0	16	1.05	0.95				
	117	1	0.0	0.0	0.0	0.0	1	1.0463463506924964	10.120526083993708	230.0	17	1.05	0.95				
	118	2	222.56296384105264	45.448292916491226	0.0	0.0	1	1.048582876450111	10.498349098714115	230.0	17	1.05	0.95				
	119	1	120.97266202771931	24.729218204561406	0.0	0.0	1	1.035918195180434	6.956335163169866	230.0	15	1.05	0.95				
	120	1	85.54972784280702	17.377288468070176	0.0	0.0	1	1.0372409437574817	7.572134338894872	230.0	15	1.05	0.95				
	121	2	0.0	0.0	0.0	0.0	1	1.05	10.79052804393323	230.0	17	1.05	0.95				
	122	2	0.0	0.0	0.0	0.0	1	1.05	17.075943464009338	230.0	17	1.05	0.95				
	123	2	0.0	0.0	0.0	0.0	1	1.0397894491915587	8.406730737810008	230.0	15	1.05	0.95				
	124	1	0.0	0.0	0.0	0.0	1	1.023318006458415	4.274923194384915	230.0	16	1.05	0.95				
	201	2	74.95230600000001	15.268062333333335	0.0	0.0	2	1.0376031386968592	-7.6289269416535	138.0	21	1.05	0.95				
	202	2	67.31827483333333	13.880056666666668	0.0	0.0	2	1.0375617955692256	-7.763927645280185	138.0	22	1.05	0.95				
	203	1	124.92051	25.678104833333332	0.0	0.0	2	1.0277505603475898	-5.267779878905449	138.0	21	1.05	0.95				
	204	1	51.356209666666665	10.4100425	0.0	0.0	2	1.019076084837985	-9.777082162729544	138.0	21	1.05	0.95				
	205	1	49.274201166666664	9.716039666666667	0.0	0.0	2	1.0348665524032423	-10.086830077274756	138.0	21	1.05	0.95				
	206	1	94.38438533333334	19.432079333333334	0.0	-100.0	2	1.039361337715329	-12.12944036636953	138.0	22	1.05	0.95				
	207	2	86.75035416666667	17.350070833333334	0.0	0.0	2	0.9723341159268187	-22.603920347147056	138.0	22	1.05	0.95				
	208	1	118.6744845	24.290099166666664	0.0	0.0	2	0.9748742005630854	-19.195832530508078	138.0	22	1.05	0.95				
	209	1	121.45049583333333	24.984102	0.0	0.0	2	1.0256226924560865	-8.62304001953718	138.0	23	1.05	0.95				
	210	1	135.33055249999998	27.760113333333337	0.0	0.0	2	1.05	-10.40289470756911	138.0	23	1.05	0.95				
	211	1	0.0	0.0	0.0	0.0	2	1.0219251059946597	-4.2401850160851255	230.0	23	1.05	0.95				
	212	1	0.0	0.0	0.0	0.0	2	1.01939231562424	-3.205919179500585	230.0	23	1.05	0.95				
	213	2	183.91075083333334	37.476153000000004	0.0	0.0	2	1.0300531742719812	-1.001519826589155	230.0	24	1.05	0.95				
	214	2	134.63654966666667	27.0661105	0.0	0.0	2	1.0335717971009857	-1.8956801718700786	230.0	26	1.05	0.95				
	215	2	219.99889816666663	44.41618133333334	0.0	0.0	2	1.0431041594406478	5.546786520825895	230.0	26	1.05	0.95				
	216	2	69.40028333333333	13.880056666666668	0.0	0.0	2	1.0459912744439241	5.659156208291094	230.0	26	1.05	0.95				
	217	1	0.0	0.0	0.0	0.0	2	1.0481239246123244	8.811332701219104	230.0	27	1.05	0.95				
	218	2	231.1029435	47.19219266666667	0.0	0.0	2	1.0499917607257288	9.642065712988472	230.0	27	1.05	0.95				
	219	1	125.61451283333334	25.678104833333332	0.0	0.0	2	1.0429806896884632	4.971119030455798	230.0	25	1.05	0.95				
	220	1	88.83236266666668	18.04407366666667	0.0	0.0	2	1.046259639538311	5.6734219431807755	230.0	25	1.05	0.95				
	221	2	0.0	0.0	0.0	0.0	2	1.05	9.994968859235481	230.0	27	1.05	0.95				
	222	2	0.0	0.0	0.0	0.0	2	1.05	16.04230830722924	230.0	27	1.05	0.95				
	223	2	0.0	0.0	0.0	0.0	2	1.05	6.563105928591716	230.0	25	1.05	0.95				
	224	1	0.0	0.0	0.0	0.0	2	1.0238325320312045	1.5143715809399119	230.0	26	1.05	0.95				
	301	2	62.76368239578948	12.785194562105263	0.0	0.0	3	1.0092939706582023	-23.70902752030098	138.0	31	1.05	0.95				
	302	2	56.37108511473684	11.622904147368422	0.0	0.0	3	1.008406547424968	-23.921332220891735	138.0	32	1.05	0.95				
	303	1	104.60613732631579	21.50237267263158	0.0	0.0	3	1.021087338648916	-17.416962080804765	138.0	31	1.05	0.95				
	304	1	43.00474534526316	8.717178110526316	0.0	0.0	3	1.0078117558025323	-22.29523000031349	138.0	31	1.05	0.95				
	305	1	41.26130972315789	8.136032903157894	0.0	0.0	3	1.021791399956269	-23.084845147189913	138.0	31	1.05	0.95				
	306	1	79.03574820210525	16.272065806315787	0.0	-100.0	3	1.0360045153142625	-23.391843444371315	138.0	32	1.05	0.95				
	307	2	72.64315092105262	14.528630184210526	0.0	0.0	3	1.0061034464576164	-24.577023726223022	138.0	32	1.05	0.95				
	308	1	99.37583045999999	20.340082257894736	0.0	0.0	3	1.0040706096448402	-24.30077226107388	138.0	32	1.05	0.95				
	309	1	101.70041128947366	20.921227465263158	0.0	0.0	3	1.0270632932617418	-18.593019337921316	138.0	33	1.05	0.95				
	310	1	113.32331543684208	23.245808294736843	0.0	0.0	3	1.05	-20.594932277590264	138.0	33	1.05	0.95				
	311	1	0.0	0.0	0.0	0.0	3	1.015880342173039	-13.784894039363257	230.0	33	1.05	0.95				
	312	1	0.0	0.0	0.0	0.0	3	1.015960717205298	-13.280647442421659	230.0	33	1.05	0.95				
	313	2	154.00347995263158	31.38184119789474	0.0	0.0	3	1.0221789577539486	-9.854454555986061	230.0	34	1.05	0.95				
	314	2	112.74217022947369	22.66466308736842	0.0	0.0	3	1.0249823902259263	-11.434691251065368	230.0	36	1.05	0.95				
	315	2	184.22303073578945	37.193293271578945	0.0	0.0	3	1.0466805960837167	-4.931923676767888	230.0	36	1.05	0.95				
	316	2	58.1145207368421	11.622904147368422	0.0	0.0	3	1.04588620597722	-4.6264384840624935	230.0	36	1.05	0.95				
	317	1	0.0	0.0	0.0	0.0	3	1.0483859622944955	-1.8547574986465885	230.0	37	1.05	0.95				
	318	2	193.5213540536842	39.51787410105263	0.0	0.0	3	1.0487634220366429	-1.4630983846797971	230.0	37	1.05	0.95				
	319	1	105.18728253368421	21.50237267263158	0.0	0.0	3	1.0405925986685096	-6.019193162074378	230.0	35	1.05	0.95				
	320	1	74.38658654315789	15.109775391578948	0.0	0.0	3	1.0408040222895691	-6.136622214834518	230.0	35	1.05	0.95				
	321	2	0.0	0.0	0.0	0.0	3	1.05	-0.7705300505495833	230.0	37	1.05	0.95				
	322	2	0.0	0.0	0.0	0.0	3	1.05	4.579539311543089	230.0	37	1.05	0.95				
	323	2	0.0	0.0	0.0	0.0	3	1.04212195755857	-5.769935610840226	230.0	35	1.05	0.95				
	324	1	0.0	0.0	0.0	0.0	3	1.0213356764692851	-9.545883801523944	230.0	36	1.05	0.95				
	325	1	0.0	0.0	0.0	0.0	3	1.0374546869610493	-4.402266094442021	230.0	35	1.05	0.95				
];
