%% MATPOWER Case Format : Version 2
function mpc = RTS_GMLC
mpc.version = '2';

%%-----  Power Flow Data  -----%%
%% system MVA base
mpc.baseMVA = 100.0;
%% bus data
%    bus_i    type    Pd    Qd    Gs    Bs    area    Vm    Va    baseKV    zone    Vmax    Vmin
mpc.bus = [
	101	2	39.07718950736842	7.960168232982456	0.0	0.0	1	1.0271997995754412	0.23030071262037202	138.0	11	1.05	0.95				
	102	2	35.09710539087719	7.236516575438596	0.0	0.0	1	1.0246631011313967	-0.43893995901009986	138.0	12	1.05	0.95				
	103	1	65.12864917894737	13.387555664561404	0.0	0.0	1	1.028797106454234	0.2546956358739983	138.0	11	1.05	0.95				
	104	1	26.775111329122808	5.427387431578947	0.0	0.0	1	1.020068299662591	-2.296663504298661	138.0	11	1.05	0.95				
	105	1	25.689633842807012	5.065561602807018	0.0	0.0	1	1.0339046346376743	-2.3170678507315836	138.0	11	1.05	0.95				
	106	1	49.20831271298246	10.131123205614037	0.0	-100.0	1	1.0457552426930736	-4.2677270726120975	138.0	12	1.05	0.95				
	107	2	45.22822859649123	9.045645719298246	0.0	0.0	1	1.0026828230745757	-10.02524729510097	138.0	12	1.05	0.95				
	108	1	61.87221672	12.663904007017543	0.0	0.0	1	1.0072441374481025	-8.259493955923688	138.0	12	1.05	0.95				
	109	1	63.31952003508772	13.025729835789473	0.0	0.0	1	1.0243113926495147	-2.7116035009839647	138.0	13	1.05	0.95				
	110	1	70.5560366105263	14.473033150877193	0.0	0.0	1	1.05	-3.736850592481203	138.0	13	1.05	0.95				
	111	1	0.0	0.0	0.0	0.0	1	1.0015515340434704	-0.689330703378794	230.0	13	1.05	0.95				
	112	1	0.0	0.0	0.0	0.0	1	1.0066006023699423	-1.19440223111946	230.0	13	1.05	0.95				
	113	3	95.8838446245614	19.53859475368421	0.0	0.0	1	0.9940344244657099	-2.7994632221545854e-30	230.0	14	1.05	0.95				
	114	2	70.19421078175438	14.111207322105262	0.0	0.0	1	0.9973297272372105	1.3983741654361563	230.0	16	1.05	0.95				
	115	2	114.69878772070174	23.156853041403508	0.0	0.0	1	1.032050546054773	7.671508262522593	230.0	16	1.05	0.95				
	116	2	36.182582877192985	7.236516575438596	0.0	0.0	1	1.028136222695931	6.412259072837034	230.0	16	1.05	0.95				
	117	1	0.0	0.0	0.0	0.0	1	1.0351171326853779	10.179198140368563	230.0	17	1.05	0.95				
	118	2	120.48800098105264	24.60415635649123	0.0	0.0	1	1.0387840464780504	10.880914723677138	230.0	17	1.05	0.95				
	119	1	65.4904750077193	13.387555664561404	0.0	0.0	1	1.0181200855652819	3.7615725255712165	230.0	15	1.05	0.95				
	120	1	46.313706082807016	9.407471548070175	0.0	0.0	1	1.0128621059061165	2.038572087740765	230.0	15	1.05	0.95				
	121	2	0.0	0.0	0.0	0.0	1	1.040663140425234	12.326675752008727	230.0	17	1.05	0.95				
	122	2	0.0	0.0	0.0	0.0	1	1.05	20.014772396582323	230.0	17	1.05	0.95				
	123	2	0.0	0.0	0.0	0.0	1	1.0103698924610987	1.37256341831218	230.0	15	1.05	0.95				
	124	1	0.0	0.0	0.0	0.0	1	1.0212932018465741	4.876385128034394	230.0	16	1.05	0.95				
	201	2	37.79065008757895	7.698095388210527	0.0	0.0	2	1.0162186778023117	-14.63980133399792	138.0	21	1.05	0.95				
	202	2	33.94160239347369	6.998268534736843	0.0	0.0	2	1.0152588647197365	-14.929417201583506	138.0	22	1.05	0.95				
	203	1	62.98441681263158	12.946796789263157	0.0	0.0	2	1.0166421871627402	-10.630857171602962	138.0	21	1.05	0.95				
	204	1	25.893593578526314	5.248701401052632	0.0	0.0	2	1.0138241675323958	-14.74115094671913	138.0	21	1.05	0.95				
	205	1	24.84385329831579	4.89878797431579	0.0	0.0	2	1.029032633150802	-15.169613014880213	138.0	21	1.05	0.95				
	206	1	47.58822603621053	9.79757594863158	0.0	-100.0	2	1.0444622579013227	-15.930921995176554	138.0	22	1.05	0.95				
	207	2	43.73917834210527	8.747835668421052	0.0	0.0	2	0.9980592849986792	-20.038194228810482	138.0	22	1.05	0.95				
	208	1	59.835195972	12.246969935789473	0.0	0.0	2	1.0047099724696569	-18.502716276533313	138.0	22	1.05	0.95				
	209	1	61.23484967894737	12.596883362526315	0.0	0.0	2	1.022069134501405	-13.12957145602993	138.0	23	1.05	0.95				
	210	1	68.23311821368421	13.996537069473685	0.0	0.0	2	1.05	-14.572585806341795	138.0	23	1.05	0.95				
	211	1	0.0	0.0	0.0	0.0	2	1.0026228412587377	-10.5307357540837	230.0	23	1.05	0.95				
	212	1	0.0	0.0	0.0	0.0	2	1.0043837030831066	-10.28406803622464	230.0	23	1.05	0.95				
	213	2	92.72705808526315	18.895325043789477	0.0	0.0	2	0.9945514112182751	-9.704277200466834	230.0	24	1.05	0.95				
	214	2	67.88320478694737	13.646623642736843	0.0	0.0	2	1.0036494802774532	-7.79450197036285	230.0	26	1.05	0.95				
	215	2	110.92255627557894	22.394459311157895	0.0	0.0	2	1.0193016537561699	-0.9440321623844348	230.0	26	1.05	0.95				
	216	2	34.99134267368421	6.998268534736843	0.0	0.0	2	1.0189034908187538	-1.7944188983680953	230.0	26	1.05	0.95				
	217	1	0.0	0.0	0.0	0.0	2	1.0233584202503412	-0.08744119481352518	230.0	27	1.05	0.95				
	218	2	116.52117110336843	23.794113018105264	0.0	0.0	2	1.023288422458811	-0.33793107663644234	230.0	27	1.05	0.95				
	219	1	63.33433023936842	12.946796789263157	0.0	0.0	2	1.0163394106062462	-2.8668456611557525	230.0	25	1.05	0.95				
	220	1	44.78891862231579	9.097749095157894	0.0	0.0	2	1.0162840700515892	-3.10162080589206	230.0	25	1.05	0.95				
	221	2	0.0	0.0	0.0	0.0	2	1.0254897441083644	0.25537937542277317	230.0	27	1.05	0.95				
	222	2	0.0	0.0	0.0	0.0	2	1.0470847754517212	6.647666712785583	230.0	27	1.05	0.95				
	223	2	0.0	0.0	0.0	0.0	2	1.01643970901016	-2.9541141583102775	230.0	25	1.05	0.95				
	224	1	0.0	0.0	0.0	0.0	2	1.0064345885353512	-4.599795977421803	230.0	26	1.05	0.95				
	301	2	42.605504602105256	8.678899085614034	0.0	0.0	3	1.0102986407496135	3.7731126376017707	138.0	31	1.05	0.95				
	302	2	38.266055059298246	7.889908259649123	0.0	0.0	3	1.0101486646910312	3.5857792000369586	138.0	32	1.05	0.95				
	303	1	71.0091743368421	14.596330280350875	0.0	0.0	3	1.0327941415210655	11.294114257063798	138.0	31	1.05	0.95				
	304	1	29.19266056070175	5.917431194736841	0.0	0.0	3	1.0117123562585697	4.668063803549013	138.0	31	1.05	0.95				
	305	1	28.009174321754383	5.522935781754386	0.0	0.0	3	1.025308557481742	3.72775262794753	138.0	31	1.05	0.95				
	306	1	53.65137616561404	11.045871563508772	0.0	-100.0	3	1.0419775676735623	3.2149681644022605	138.0	32	1.05	0.95				
	307	2	49.311926622807015	9.862385324561403	0.0	0.0	3	0.9794342029331885	-0.8196527421570837	138.0	32	1.05	0.95				
	308	1	67.45871561999999	13.807339454385964	0.0	0.0	3	0.9927378775871282	0.8802974984246132	138.0	32	1.05	0.95				
	309	1	69.03669727192981	14.201834867368419	0.0	0.0	3	1.024733092884266	7.179383591816531	138.0	33	1.05	0.95				
	310	1	76.92660553157894	15.779816519298246	0.0	0.0	3	1.05	4.9550322512471405	138.0	33	1.05	0.95				
	311	1	0.0	0.0	0.0	0.0	3	1.0037501913792437	8.454093229612996	230.0	33	1.05	0.95				
	312	1	0.0	0.0	0.0	0.0	3	1.0116739930320593	9.126432757348423	230.0	33	1.05	0.95				
	313	2	104.54128444035086	21.302752301052628	0.0	0.0	3	1.0081840629566614	11.611179131348122	230.0	34	1.05	0.95				
	314	2	76.53211011859649	15.38532110631579	0.0	0.0	3	0.9917317912680248	8.1985630073846	230.0	36	1.05	0.95				
	315	2	125.05504591543858	25.247706430877194	0.0	0.0	3	1.0144178897631266	7.928366893446747	230.0	36	1.05	0.95				
	316	2	39.44954129824561	7.889908259649123	0.0	0.0	3	1.0099530368450147	8.239490185531327	230.0	36	1.05	0.95				
	317	1	0.0	0.0	0.0	0.0	3	1.0238662463818435	9.849497598135695	230.0	37	1.05	0.95				
	318	2	131.36697252315787	26.82568808280702	0.0	0.0	3	1.023113834037476	7.98151623879699	230.0	37	1.05	0.95				
	319	1	71.40366974982456	14.596330280350875	0.0	0.0	3	1.0105183201777597	8.974470889100395	230.0	35	1.05	0.95				
	320	1	50.49541286175439	10.25688073754386	0.0	0.0	3	1.0114026929583222	9.440291793951529	230.0	35	1.05	0.95				
	321	2	0.0	0.0	0.0	0.0	3	1.022261959283612	8.578784635126596	230.0	37	1.05	0.95				
	322	2	0.0	0.0	0.0	0.0	3	1.036839121827017	13.494440960887186	230.0	37	1.05	0.95				
	323	2	0.0	0.0	0.0	0.0	3	1.012039106346903	9.853751775420605	230.0	35	1.05	0.95				
	324	1	0.0	0.0	0.0	0.0	3	1.0185420629972082	9.21018391552402	230.0	36	1.05	0.95				
	325	1	0.0	0.0	0.0	0.0	3	1.0147886107537785	10.080792264904007	230.0	35	1.05	0.95				
];
