%% MATPOWER Case Format : Version 2
function mpc = RTS_GMLC
mpc.version = '2';

%%-----  Power Flow Data  -----%%
%% system MVA base
mpc.baseMVA = 100.0;
%% bus data
%    bus_i    type    Pd    Qd    Gs    Bs    area    Vm    Va    baseKV    zone    Vmax    Vmin
mpc.bus = [
	101	2	87.42602671578949	17.809005442105263	0.0	0.0	1	1.0385470477061638	-2.9851771751511373	138.0	11	1.05	0.95				
	102	2	78.52152399473684	16.190004947368422	0.0	0.0	1	1.0384493463090345	-3.081523512453208	138.0	12	1.05	0.95				
	103	1	145.71004452631578	29.951509152631576	0.0	0.0	1	1.0203190840258025	-4.115917950862923	138.0	11	1.05	0.95				
	104	1	59.90301830526315	12.142503710526316	0.0	0.0	1	1.0190190901283527	-6.0903317475526	138.0	11	1.05	0.95				
	105	1	57.47451756315789	11.333003463157896	0.0	0.0	1	1.0333242035052221	-6.312656964590063	138.0	11	1.05	0.95				
	106	1	110.09203364210526	22.66600692631579	0.0	-100.0	1	1.035634396244031	-8.914994644330076	138.0	12	1.05	0.95				
	107	2	101.18753092105264	20.237506184210527	0.0	0.0	1	1.05	-5.941993796772621	138.0	12	1.05	0.95				
	108	1	138.4245423	28.332508657894735	0.0	0.0	1	1.0239404638064997	-8.648393639495401	138.0	12	1.05	0.95				
	109	1	141.6625432894737	29.142008905263157	0.0	0.0	1	1.0272212856232512	-5.745929018361298	138.0	13	1.05	0.95				
	110	1	157.85254823684213	32.380009894736844	0.0	0.0	1	1.05	-7.156037399682921	138.0	13	1.05	0.95				
	111	1	0.0	0.0	0.0	0.0	1	1.0154399863085486	-2.555539390878779	230.0	13	1.05	0.95				
	112	1	0.0	0.0	0.0	0.0	1	1.0175588168255956	-1.4573937031067579	230.0	13	1.05	0.95				
	113	3	214.5175655526316	43.713013357894745	0.0	0.0	1	1.019532145873237	-5.848845853707517e-30	230.0	14	1.05	0.95				
	114	2	157.04304798947368	31.57050964736842	0.0	0.0	1	1.0179942268312427	-0.8712700896185873	230.0	16	1.05	0.95				
	115	2	256.61157841578944	51.80801583157895	0.0	0.0	1	1.04471485756613	6.623569007771647	230.0	16	1.05	0.95				
	116	2	80.95002473684211	16.190004947368422	0.0	0.0	1	1.0436520236370874	6.413993124994082	230.0	16	1.05	0.95				
	117	1	0.0	0.0	0.0	0.0	1	1.0472652066755805	9.325606699632017	230.0	17	1.05	0.95				
	118	2	269.5635823736842	55.04601682105263	0.0	0.0	1	1.0492139295067087	9.892526142513539	230.0	17	1.05	0.95				
	119	1	146.51954477368423	29.951509152631576	0.0	0.0	1	1.0381773360929287	5.49028388523994	230.0	15	1.05	0.95				
	120	1	103.6160316631579	21.04700643157895	0.0	0.0	1	1.0404210168614143	6.074890086964615	230.0	15	1.05	0.95				
	121	2	0.0	0.0	0.0	0.0	1	1.05	10.540230838494459	230.0	17	1.05	0.95				
	122	2	0.0	0.0	0.0	0.0	1	1.05	16.90672602230409	230.0	17	1.05	0.95				
	123	2	0.0	0.0	0.0	0.0	1	1.0441275668153922	6.989837529680753	230.0	15	1.05	0.95				
	124	1	0.0	0.0	0.0	0.0	1	1.0221406577601109	2.6547085220057696	230.0	16	1.05	0.95				
	201	2	86.20620180631579	17.560522590175438	0.0	0.0	2	1.0437845466084394	-12.824527417335181	138.0	21	1.05	0.95				
	202	2	77.42594051122806	15.964111445614037	0.0	0.0	2	1.0447921072863535	-12.97241053687901	138.0	22	1.05	0.95				
	203	1	143.67700301052633	29.533606174385962	0.0	0.0	2	1.0266942315249918	-9.336773173271032	138.0	21	1.05	0.95				
	204	1	59.067212348771925	11.973083584210526	0.0	0.0	2	1.0202983754602835	-14.616715108518392	138.0	21	1.05	0.95				
	205	1	56.67259563192982	11.174878011929826	0.0	0.0	2	1.0366989381451237	-15.0532725264305	138.0	21	1.05	0.95				
	206	1	108.55595783017544	22.34975602385965	0.0	-100.0	2	1.0381733779105375	-17.06196687568197	138.0	22	1.05	0.95				
	207	2	99.77569653508772	19.955139307017543	0.0	0.0	2	0.95	-28.794557116450335	138.0	22	1.05	0.95				
	208	1	136.49315285999998	27.937195029824558	0.0	0.0	2	0.9563233166005218	-24.902157568424798	138.0	22	1.05	0.95				
	209	1	139.6859751491228	28.73540060210526	0.0	0.0	2	1.0256868429375214	-12.753981420400118	138.0	23	1.05	0.95				
	210	1	155.65008659473685	31.928222891228074	0.0	0.0	2	1.05	-14.826674038276277	138.0	23	1.05	0.95				
	211	1	0.0	0.0	0.0	0.0	2	1.032018997989809	-7.427785672824761	230.0	23	1.05	0.95				
	212	1	0.0	0.0	0.0	0.0	2	1.0235667199431175	-6.1985589978290765	230.0	23	1.05	0.95				
	213	2	211.52447665438595	43.103100903157895	0.0	0.0	2	1.05	-3.4638765557054527	230.0	24	1.05	0.95				
	214	2	154.85188102245613	31.130017318947374	0.0	0.0	2	1.05	-4.818393125602323	230.0	26	1.05	0.95				
	215	2	253.03116641298246	51.08515662596491	0.0	0.0	2	1.0456781871043321	4.096367322038543	230.0	26	1.05	0.95				
	216	2	79.82055722807017	15.964111445614037	0.0	0.0	2	1.0496106697508805	3.8055001610063464	230.0	26	1.05	0.95				
	217	1	0.0	0.0	0.0	0.0	2	1.0496243230410158	6.967813116889604	230.0	27	1.05	0.95				
	218	2	265.8024555694737	54.27797891508772	0.0	0.0	2	1.05	7.724715474975508	230.0	27	1.05	0.95				
	219	1	144.47520858280703	29.533606174385962	0.0	0.0	2	1.0439901173504416	3.175762111789878	230.0	25	1.05	0.95				
	220	1	102.17031325192983	20.753344879298247	0.0	0.0	2	1.046229129186054	4.1177838713003	230.0	25	1.05	0.95				
	221	2	0.0	0.0	0.0	0.0	2	1.05	8.237553306685115	230.0	27	1.05	0.95				
	222	2	0.0	0.0	0.0	0.0	2	1.05	14.251255924786888	230.0	27	1.05	0.95				
	223	2	0.0	0.0	0.0	0.0	2	1.05	5.213876301907881	230.0	25	1.05	0.95				
	224	1	0.0	0.0	0.0	0.0	2	1.0214616683206215	-0.9000364949668733	230.0	26	1.05	0.95				
	301	2	75.04650428210526	15.287250872280703	0.0	0.0	3	1.0094744815321228	-15.858653681571075	138.0	31	1.05	0.95				
	302	2	67.4028788459649	13.897500792982456	0.0	0.0	3	1.008498084905528	-16.071431138574866	138.0	32	1.05	0.95				
	303	1	125.07750713684212	25.710376467017543	0.0	0.0	3	1.0316247209044456	-6.341408110423328	138.0	31	1.05	0.95				
	304	1	51.420752934035086	10.423125594736842	0.0	0.0	3	1.0050632914702822	-13.973399413770132	138.0	31	1.05	0.95				
	305	1	49.336127815087714	9.728250555087719	0.0	0.0	3	1.0198294034685058	-14.745700167607357	138.0	31	1.05	0.95				
	306	1	94.5030053922807	19.456501110175438	0.0	-100.0	3	1.032424987881845	-14.882234557425932	138.0	32	1.05	0.95				
	307	2	86.85937995614034	17.37187599122807	0.0	0.0	3	1.0068240204862706	-16.253749854447644	138.0	32	1.05	0.95				
	308	1	118.82363178	24.320626387719297	0.0	0.0	3	1.0036243665483584	-15.433143035688214	138.0	32	1.05	0.95				
	309	1	121.60313193859649	25.01550142736842	0.0	0.0	3	1.0273928169007949	-9.42456257295663	138.0	33	1.05	0.95				
	310	1	135.50063273157892	27.79500158596491	0.0	0.0	3	1.05	-11.403466338747624	138.0	33	1.05	0.95				
	311	1	0.0	0.0	0.0	0.0	3	1.0179293218566852	-4.486502827497084	230.0	33	1.05	0.95				
	312	1	0.0	0.0	0.0	0.0	3	1.0190523979471264	-3.8809322415939733	230.0	33	1.05	0.95				
	313	2	184.14188550701752	37.52325214105263	0.0	0.0	3	1.0290391580642662	0.1192144937213051	230.0	34	1.05	0.95				
	314	2	134.8057576919298	27.10012654631579	0.0	0.0	3	1.0256564335206662	-2.64661986869046	230.0	36	1.05	0.95				
	315	2	220.27538756877192	44.47200253754386	0.0	0.0	3	1.0431930016132132	0.1694173021524346	230.0	36	1.05	0.95				
	316	2	69.48750396491228	13.897500792982456	0.0	0.0	3	1.0407190325587614	0.2559240816389253	230.0	36	1.05	0.95				
	317	1	0.0	0.0	0.0	0.0	3	1.0450945374229201	2.1592533342021425	230.0	37	1.05	0.95				
	318	2	231.39338820315788	47.25150269614035	0.0	0.0	3	1.045843683994738	2.2030752129791447	230.0	37	1.05	0.95				
	319	1	125.77238217649122	25.710376467017543	0.0	0.0	3	1.0361313395987395	0.01301591102495327	230.0	35	1.05	0.95				
	320	1	88.94400507508772	18.066751030877192	0.0	0.0	3	1.0363716319349559	0.41670192312036763	230.0	35	1.05	0.95				
	321	2	0.0	0.0	0.0	0.0	3	1.048949812299203	3.444785894544467	230.0	37	1.05	0.95				
	322	2	0.0	0.0	0.0	0.0	3	1.05	8.713118422076164	230.0	37	1.05	0.95				
	323	2	0.0	0.0	0.0	0.0	3	1.0374376071653002	0.7991088033346951	230.0	35	1.05	0.95				
	324	1	0.0	0.0	0.0	0.0	3	1.0320542534709205	-0.9002166529904931	230.0	36	1.05	0.95				
	325	1	0.0	0.0	0.0	0.0	3	1.0365098373486579	1.6212363741541327	230.0	35	1.05	0.95				
];
