%% MATPOWER Case Format : Version 2
function mpc = RTS_GMLC
mpc.version = '2';

%%-----  Power Flow Data  -----%%
%% system MVA base
mpc.baseMVA = 100.0;
%% bus data
%    bus_i    type    Pd    Qd    Gs    Bs    area    Vm    Va    baseKV    zone    Vmax    Vmin
mpc.bus = [
	101	2	54.90846117473684	11.185056905964911	0.0	0.0	1	1.040081388259994	1.5489674899394255	138.0	11	1.05	0.95				
	102	2	49.315932721754386	10.168233550877193	0.0	0.0	1	1.0373701831379358	0.814894959224173	138.0	12	1.05	0.95				
	103	1	91.51410195789474	18.81123206912281	0.0	0.0	1	1.034853255959714	1.469103578362903	138.0	11	1.05	0.95				
	104	1	37.62246413824562	7.626175163157894	0.0	0.0	1	1.025282736538393	-1.7117587280966438	138.0	11	1.05	0.95				
	105	1	36.09722910561403	7.117763485614035	0.0	0.0	1	1.0377091288197038	-2.160338376622196	138.0	11	1.05	0.95				
	106	1	69.14398814596493	14.23552697122807	0.0	-100.0	1	1.0439836362993018	-4.886486457292898	138.0	12	1.05	0.95				
	107	2	63.55145969298246	12.710291938596491	0.0	0.0	1	0.9992863379603242	-11.742419366575254	138.0	12	1.05	0.95				
	108	1	86.93839686	17.794408714035086	0.0	0.0	1	1.0003719454091164	-9.882894898281169	138.0	12	1.05	0.95				
	109	1	88.97204357017543	18.302820391578948	0.0	0.0	1	1.025329277437418	-2.9095907677324173	138.0	13	1.05	0.95				
	110	1	99.14027712105262	20.336467101754387	0.0	0.0	1	1.05	-4.349580725125522	138.0	13	1.05	0.95				
	111	1	0.0	0.0	0.0	0.0	1	1.0078541569481465	-0.7704690226941668	230.0	13	1.05	0.95				
	112	1	0.0	0.0	0.0	0.0	1	1.011064175027943	-1.2640308336671389	230.0	13	1.05	0.95				
	113	3	134.7290945491228	27.45423058736842	0.0	0.0	1	1.0020979972557331	-9.19379042144384e-30	230.0	14	1.05	0.95				
	114	2	98.63186544350877	19.828055424210525	0.0	0.0	1	1.0089243345224352	1.516101474998101	230.0	16	1.05	0.95				
	115	2	161.1665017814035	32.538347362807016	0.0	0.0	1	1.042911320758617	9.281577205523945	230.0	16	1.05	0.95				
	116	2	50.841167754385964	10.168233550877193	0.0	0.0	1	1.0373652103429412	7.748062501753641	230.0	16	1.05	0.95				
	117	1	0.0	0.0	0.0	0.0	1	1.0436582371118939	12.147589419495242	230.0	17	1.05	0.95				
	118	2	169.30108862210525	34.57199407298246	0.0	0.0	1	1.0485878764651493	13.280874121075538	230.0	17	1.05	0.95				
	119	1	92.0225136354386	18.81123206912281	0.0	0.0	1	1.0260723135479095	4.801685739229072	230.0	15	1.05	0.95				
	120	1	65.07669472561403	13.21870361614035	0.0	0.0	1	1.0209079064363595	2.6498222609077433	230.0	15	1.05	0.95				
	121	2	0.0	0.0	0.0	0.0	1	1.05	15.015087970282677	230.0	17	1.05	0.95				
	122	2	0.0	0.0	0.0	0.0	1	1.05	21.350337738898606	230.0	17	1.05	0.95				
	123	2	0.0	0.0	0.0	0.0	1	1.0192553110847915	1.8528520848635306	230.0	15	1.05	0.95				
	124	1	0.0	0.0	0.0	0.0	1	1.0298399812680668	6.352062679269617	230.0	16	1.05	0.95				
	201	2	55.60648510736842	11.327246966315789	0.0	0.0	2	1.014073645403028	-14.316099411106762	138.0	21	1.05	0.95				
	202	2	49.94286162421052	10.297497242105264	0.0	0.0	2	1.013292379830417	-14.573900796150934	138.0	22	1.05	0.95				
	203	1	92.67747517894736	19.050369897894733	0.0	0.0	2	1.0133525027549042	-10.626427226771428	138.0	21	1.05	0.95				
	204	1	38.100739795789465	7.7231229315789465	0.0	0.0	2	1.0105627272045958	-13.563509211454065	138.0	21	1.05	0.95				
	205	1	36.556115209473674	7.208248069473684	0.0	0.0	2	1.0253808996072262	-14.012667726555701	138.0	21	1.05	0.95				
	206	1	70.02298124631578	14.416496138947368	0.0	-100.0	2	1.039228621109275	-14.447976179330071	138.0	22	1.05	0.95				
	207	2	64.35935776315789	12.871871552631578	0.0	0.0	2	0.99629848327037	-20.79062147466502	138.0	22	1.05	0.95				
	208	1	88.04360142	18.020620173684208	0.0	0.0	2	0.9973936809360822	-18.373657704513125	138.0	22	1.05	0.95				
	209	1	90.10310086842105	18.53549503578947	0.0	0.0	2	1.0246753456857942	-10.619693791471494	138.0	23	1.05	0.95				
	210	1	100.4005981105263	20.594994484210527	0.0	0.0	2	1.05	-12.056268775311047	138.0	23	1.05	0.95				
	211	1	0.0	0.0	0.0	0.0	2	1.0107462035298234	-7.5872621798409075	230.0	23	1.05	0.95				
	212	1	0.0	0.0	0.0	0.0	2	1.0152810981160831	-2.7786123452901634	230.0	23	1.05	0.95				
	213	2	136.44183845789473	27.80324255368421	0.0	0.0	2	1.011402735903462	-4.973432462162978	230.0	24	1.05	0.95				
	214	2	99.88572324842104	20.080119622105265	0.0	0.0	2	1.0123962633892332	-6.054934885657853	230.0	26	1.05	0.95				
	215	2	163.2153312873684	32.95199117473684	0.0	0.0	2	1.025902649321098	-0.4283284430944415	230.0	26	1.05	0.95				
	216	2	51.48748621052631	10.297497242105264	0.0	0.0	2	1.0262290135271952	-0.6941214017981191	230.0	26	1.05	0.95				
	217	1	0.0	0.0	0.0	0.0	2	1.0296017970978566	0.4185687395905286	230.0	27	1.05	0.95				
	218	2	171.45332908105263	35.01149062315789	0.0	0.0	2	1.0285781984419444	-0.12330025846551854	230.0	27	1.05	0.95				
	219	1	93.19235004105263	19.050369897894733	0.0	0.0	2	1.0258213729184154	-0.47342004503071894	230.0	25	1.05	0.95				
	220	1	65.90398234947368	13.386746414736841	0.0	0.0	2	1.0294579539906283	0.7184811957209425	230.0	25	1.05	0.95				
	221	2	0.0	0.0	0.0	0.0	2	1.030890266653566	0.5766030728819921	230.0	27	1.05	0.95				
	222	2	0.0	0.0	0.0	0.0	2	1.05	7.007409092258686	230.0	27	1.05	0.95				
	223	2	0.0	0.0	0.0	0.0	2	1.03281496593101	1.7600787977777652	230.0	25	1.05	0.95				
	224	1	0.0	0.0	0.0	0.0	2	1.0086537503505912	-4.239465378331663	230.0	26	1.05	0.95				
	301	2	65.78740906105264	13.401138882807018	0.0	0.0	3	0.9928805241602116	10.728181048147636	138.0	31	1.05	0.95				
	302	2	59.086839619649126	12.182853529824563	0.0	0.0	3	0.9933941562549715	10.720881521214718	138.0	32	1.05	0.95				
	303	1	109.64568176842107	22.53827903017544	0.0	0.0	3	1.012953888343812	12.539371664056832	138.0	31	1.05	0.95				
	304	1	45.07655806035088	9.13714014736842	0.0	0.0	3	0.9998872908855201	12.913116845993933	138.0	31	1.05	0.95				
	305	1	43.24913003087719	8.527997470877194	0.0	0.0	3	1.0116288792219554	13.029140500541324	138.0	31	1.05	0.95				
	306	1	82.84340400280703	17.05599494175439	0.0	-100.0	3	1.0308562510419375	13.623472990106427	138.0	32	1.05	0.95				
	307	2	76.14283456140352	15.228566912280703	0.0	0.0	3	0.9812024326619387	10.501289328890953	138.0	32	1.05	0.95				
	308	1	104.16339768	21.319993677192983	0.0	0.0	3	0.9967245234563776	13.193153726389365	138.0	32	1.05	0.95				
	309	1	106.59996838596493	21.92913635368421	0.0	0.0	3	1.0270883972496132	17.177433672009464	138.0	33	1.05	0.95				
	310	1	118.78282191578948	24.365707059649125	0.0	0.0	3	1.05	17.260677141015417	138.0	33	1.05	0.95				
	311	1	0.0	0.0	0.0	0.0	3	1.0178837300561627	23.417528953329196	230.0	33	1.05	0.95				
	312	1	0.0	0.0	0.0	0.0	3	1.0247114281734653	25.00243340225798	230.0	33	1.05	0.95				
	313	2	161.42280927017543	32.89370453052632	0.0	0.0	3	1.049640329073153	33.10857641884569	230.0	34	1.05	0.95				
	314	2	118.17367923929825	23.756564383157897	0.0	0.0	3	1.0195423597431836	20.89099945837011	230.0	36	1.05	0.95				
	315	2	193.09822844771932	38.9851312954386	0.0	0.0	3	1.0394831438150534	13.661327578498113	230.0	36	1.05	0.95				
	316	2	60.91426764912281	12.182853529824563	0.0	0.0	3	1.0420936343152942	15.266879664180207	230.0	36	1.05	0.95				
	317	1	0.0	0.0	0.0	0.0	3	1.0447764503557582	13.731790179732382	230.0	37	1.05	0.95				
	318	2	202.84451127157897	41.42170200140352	0.0	0.0	3	1.0428996853718815	12.042350537133819	230.0	37	1.05	0.95				
	319	1	110.25482444491229	22.53827903017544	0.0	0.0	3	1.0421294341979124	18.708893104865812	230.0	35	1.05	0.95				
	320	1	77.9702625908772	15.837709588771931	0.0	0.0	3	1.045665338027524	21.2559001391585	230.0	35	1.05	0.95				
	321	2	0.0	0.0	0.0	0.0	3	1.0428848147039074	13.166699184858825	230.0	37	1.05	0.95				
	322	2	0.0	0.0	0.0	0.0	3	1.05	17.716942422546353	230.0	37	1.05	0.95				
	323	2	0.0	0.0	0.0	0.0	3	1.0475542425456559	22.157745192301373	230.0	35	1.05	0.95				
	324	1	0.0	0.0	0.0	0.0	3	1.0273641621845244	15.213953744139413	230.0	36	1.05	0.95				
	325	1	0.0	0.0	0.0	0.0	3	1.0492510551907792	21.556123959266973	230.0	35	1.05	0.95				
];
