%% MATPOWER Case Format : Version 2
function mpc = RTS_GMLC
mpc.version = '2';

%%-----  Power Flow Data  -----%%
%% system MVA base
mpc.baseMVA = 100.0;
%% bus data
%    bus_i    type    Pd    Qd    Gs    Bs    area    Vm    Va    baseKV    zone    Vmax    Vmin
mpc.bus = [
	101	2	49.01682334736843	9.984908459649123	0.0	0.0	1	1.0371660056954946	0.636356196489947	138.0	11	1.05	0.95				
	102	2	44.02436911754386	9.07718950877193	0.0	0.0	1	1.036808779434567	0.5004918441474016	138.0	12	1.05	0.95				
	103	1	81.69470557894736	16.792800591228072	0.0	0.0	1	1.0274550845522947	-1.558707710436533	138.0	11	1.05	0.95				
	104	1	33.585601182456145	6.807892131578948	0.0	0.0	1	1.0224398727959714	-2.746614039418745	138.0	11	1.05	0.95				
	105	1	32.22402275614035	6.354032656140351	0.0	0.0	1	1.037388118866006	-2.516768870860274	138.0	11	1.05	0.95				
	106	1	61.724888659649125	12.708065312280702	0.0	-100.0	1	1.0455769989781305	-4.7478709374468595	138.0	12	1.05	0.95				
	107	2	56.732434429824565	11.346486885964913	0.0	0.0	1	1.000351398739036	-11.32854951064451	138.0	12	1.05	0.95				
	108	1	77.6099703	15.885081640350876	0.0	0.0	1	1.0029318864114003	-9.602861588105117	138.0	12	1.05	0.95				
	109	1	79.4254082017544	16.338941115789474	0.0	0.0	1	1.024652599029551	-3.578176588895272	138.0	13	1.05	0.95				
	110	1	88.50259771052632	18.15437901754386	0.0	0.0	1	1.05	-4.296834653391771	138.0	13	1.05	0.95				
	111	1	0.0	0.0	0.0	0.0	1	1.0032093477946658	-1.3706872586902141	230.0	13	1.05	0.95				
	112	1	0.0	0.0	0.0	0.0	1	1.009114650910902	-0.9075270599089104	230.0	13	1.05	0.95				
	113	3	120.27276099122808	24.508411673684215	0.0	0.0	1	0.9994550359332226	5.308670848037088e-27	230.0	14	1.05	0.95				
	114	2	88.04873823508773	17.700519542105265	0.0	0.0	1	0.9971700829831672	0.1374554700078189	230.0	16	1.05	0.95				
	115	2	143.8734537140351	29.047006428070176	0.0	0.0	1	1.0356055182178334	5.299189817667084	230.0	16	1.05	0.95				
	116	2	45.38594754385965	9.07718950877193	0.0	0.0	1	1.03036258070753	4.916929998389505	230.0	16	1.05	0.95				
	117	1	0.0	0.0	0.0	0.0	1	1.040254811434494	6.747723496452083	230.0	17	1.05	0.95				
	118	2	151.13520532105264	30.862444329824562	0.0	0.0	1	1.043925141443663	6.700669133292184	230.0	17	1.05	0.95				
	119	1	82.14856505438597	16.792800591228072	0.0	0.0	1	1.0241131283419813	3.981220081819108	230.0	15	1.05	0.95				
	120	1	58.09401285614035	11.80034636140351	0.0	0.0	1	1.0219639659997584	4.051769894292389	230.0	15	1.05	0.95				
	121	2	0.0	0.0	0.0	0.0	1	1.0498965534522282	7.688277795523127	230.0	17	1.05	0.95				
	122	2	0.0	0.0	0.0	0.0	1	1.05	14.45717136255487	230.0	17	1.05	0.95				
	123	2	0.0	0.0	0.0	0.0	1	1.0214850013712824	4.443583121132467	230.0	15	1.05	0.95				
	124	1	0.0	0.0	0.0	0.0	1	1.0235285046103881	2.7304176630215853	230.0	16	1.05	0.95				
	201	2	51.22052571789474	10.433810794385964	0.0	0.0	2	1.0253748041992445	-12.282864058118776	138.0	21	1.05	0.95				
	202	2	46.00362032070175	9.485282540350877	0.0	0.0	2	1.0263915326448145	-12.108374002594715	138.0	22	1.05	0.95				
	203	1	85.3675428631579	17.547772699649123	0.0	0.0	2	1.0163095428509752	-10.638094035342965	138.0	21	1.05	0.95				
	204	1	35.095545399298246	7.113961905263157	0.0	0.0	2	1.0168823651250176	-13.693211798742311	138.0	21	1.05	0.95				
	205	1	33.67275301824561	6.639697778245614	0.0	0.0	2	1.0318329178112253	-14.0552422700594	138.0	21	1.05	0.95				
	206	1	64.49992127438597	13.279395556491227	0.0	-100.0	2	1.0432157075009487	-15.470321856052006	138.0	22	1.05	0.95				
	207	2	59.28301587719298	11.856603175438597	0.0	0.0	2	0.991384726591519	-22.301123046220376	138.0	22	1.05	0.95				
	208	1	81.09916572	16.599244445614033	0.0	0.0	2	0.9959331929939101	-20.115413344058258	138.0	22	1.05	0.95				
	209	1	82.99622222807017	17.073508572631578	0.0	0.0	2	1.0228038375808726	-13.042865105462987	138.0	23	1.05	0.95				
	210	1	92.48150476842105	18.970565080701753	0.0	0.0	2	1.05	-14.33216438149042	138.0	23	1.05	0.95				
	211	1	0.0	0.0	0.0	0.0	2	1.0075783564719525	-10.03024753946056	230.0	23	1.05	0.95				
	212	1	0.0	0.0	0.0	0.0	2	1.0105916187858026	-9.426790144847187	230.0	23	1.05	0.95				
	213	2	125.6799936596491	25.61026285894737	0.0	0.0	2	1.0059562943946145	-8.994344681055752	230.0	24	1.05	0.95				
	214	2	92.0072406414035	18.496300953684212	0.0	0.0	2	1.0086374551278636	-7.1885364717640625	230.0	26	1.05	0.95				
	215	2	150.3417282645614	30.352904129122805	0.0	0.0	2	1.0255890518286492	0.09162480521611183	230.0	26	1.05	0.95				
	216	2	47.42641270175439	9.485282540350877	0.0	0.0	2	1.0263485169745306	-0.2827310827626793	230.0	26	1.05	0.95				
	217	1	0.0	0.0	0.0	0.0	2	1.031449047772132	2.4494031653195734	230.0	27	1.05	0.95				
	218	2	157.92995429684208	32.249960637192984	0.0	0.0	2	1.0324769045625322	2.672566436151732	230.0	27	1.05	0.95				
	219	1	85.84180699017544	17.547772699649123	0.0	0.0	2	1.0272547202123663	-1.1160826906429044	230.0	25	1.05	0.95				
	220	1	60.70580825824561	12.33086730245614	0.0	0.0	2	1.0315090885431306	-0.9163813668359245	230.0	25	1.05	0.95				
	221	2	0.0	0.0	0.0	0.0	2	1.033224033655761	2.5843856109380323	230.0	27	1.05	0.95				
	222	2	0.0	0.0	0.0	0.0	2	1.05	9.026470940945316	230.0	27	1.05	0.95				
	223	2	0.0	0.0	0.0	0.0	2	1.0346461787285097	-0.44900851728561514	230.0	25	1.05	0.95				
	224	1	0.0	0.0	0.0	0.0	2	1.0089181109874086	-3.9321144888701216	230.0	26	1.05	0.95				
	301	2	66.18032268631579	13.481176843508772	0.0	0.0	3	1.0393150178039328	-16.412415509090426	138.0	31	1.05	0.95				
	302	2	59.439734264561395	12.255615312280701	0.0	0.0	3	1.0357649935396873	-16.782255852131183	138.0	32	1.05	0.95				
	303	1	110.30053781052631	22.672888327719296	0.0	0.0	3	1.05	0.5742494287869694	138.0	31	1.05	0.95				
	304	1	45.34577665543859	9.191711484210526	0.0	0.0	3	1.0098007706930858	-14.830956423895424	138.0	31	1.05	0.95				
	305	1	43.507434358596484	8.578930718596492	0.0	0.0	3	1.0310762181717394	-17.174958317840968	138.0	31	1.05	0.95				
	306	1	83.33818412350877	17.157861437192985	0.0	-100.0	3	1.032257011557436	-18.30419416016961	138.0	32	1.05	0.95				
	307	2	76.59759570175439	15.319519140350875	0.0	0.0	3	0.9534887708236306	-16.67818639291053	138.0	32	1.05	0.95				
	308	1	104.78551092	21.447326796491225	0.0	0.0	3	0.9659590567169258	-17.33368616966061	138.0	32	1.05	0.95				
	309	1	107.23663398245613	22.060107562105262	0.0	0.0	3	1.010072811702063	-10.631626187035199	138.0	33	1.05	0.95				
	310	1	119.49224929473684	24.511230624561403	0.0	0.0	3	1.0377194864317019	-15.989580773827933	138.0	33	1.05	0.95				
	311	1	0.0	0.0	0.0	0.0	3	0.9967486760637799	-10.791783898189502	230.0	33	1.05	0.95				
	312	1	0.0	0.0	0.0	0.0	3	0.9997445017451021	-9.807233331026127	230.0	33	1.05	0.95				
	313	2	162.3869028877193	33.090161343157895	0.0	0.0	3	0.9969632719505538	-7.422132274458011	230.0	34	1.05	0.95				
	314	2	118.87946852912279	23.89844985894737	0.0	0.0	3	0.9960542409464243	-11.106113229685016	230.0	36	1.05	0.95				
	315	2	194.2515026996491	39.21796899929824	0.0	0.0	3	1.05	-7.364949927176106	230.0	36	1.05	0.95				
	316	2	61.2780765614035	12.255615312280701	0.0	0.0	3	1.0418060399453506	-7.834920981956006	230.0	36	1.05	0.95				
	317	1	0.0	0.0	0.0	0.0	3	1.0465805051270844	-4.417071272660968	230.0	37	1.05	0.95				
	318	2	204.05599494947367	41.669092061754384	0.0	0.0	3	1.04271854105297	-5.366020234987523	230.0	37	1.05	0.95				
	319	1	110.91331857614036	22.672888327719296	0.0	0.0	3	1.02482804856097	-8.187405559938464	230.0	35	1.05	0.95				
	320	1	78.43593799859649	15.93229990596491	0.0	0.0	3	1.015170490945115	-7.300169514514878	230.0	35	1.05	0.95				
	321	2	0.0	0.0	0.0	0.0	3	1.0451057482027848	-5.467100158520151	230.0	37	1.05	0.95				
	322	2	0.0	0.0	0.0	0.0	3	1.05	-0.7198905027012855	230.0	37	1.05	0.95				
	323	2	0.0	0.0	0.0	0.0	3	1.011608763425952	-6.322608493334722	230.0	35	1.05	0.95				
	324	1	0.0	0.0	0.0	0.0	3	1.0472695077107455	-4.328765146712004	230.0	36	1.05	0.95				
	325	1	0.0	0.0	0.0	0.0	3	1.0108599486401881	-5.1104195225455795	230.0	35	1.05	0.95				
];
