%% MATPOWER Case Format : Version 2
function mpc = RTS_GMLC
mpc.version = '2';

%%-----  Power Flow Data  -----%%
%% system MVA base
mpc.baseMVA = 100.0;
%% bus data
%    bus_i    type    Pd    Qd    Gs    Bs    area    Vm    Va    baseKV    zone    Vmax    Vmin
mpc.bus = [
	101	2	39.464621469473684	8.039089558596492	0.0	0.0	1	1.0222529321838103	-2.637758439903339	138.0	11	1.05	0.95				
	102	2	35.44507669017544	7.30826323508772	0.0	0.0	1	1.0214736894737937	-2.8317710355995027	138.0	12	1.05	0.95				
	103	1	65.77436911578948	13.52028698491228	0.0	0.0	1	1.029783431850307	-0.6196365622853589	138.0	11	1.05	0.95				
	104	1	27.04057396982456	5.48119742631579	0.0	0.0	1	1.0209428130312066	-3.3258313249763702	138.0	11	1.05	0.95				
	105	1	25.944334484561406	5.1157842645614044	0.0	0.0	1	1.0317554128106163	-4.260462074659168	138.0	11	1.05	0.95				
	106	1	49.696189998596495	10.231568529122809	0.0	-100.0	1	1.0452226704747858	-5.598525284902006	138.0	12	1.05	0.95				
	107	2	45.67664521929825	9.135329043859649	0.0	0.0	1	1.0037335566880337	-8.847399723512783	138.0	12	1.05	0.95				
	108	1	62.485650660000005	12.78946066140351	0.0	0.0	1	1.0087234495292654	-7.948685672113765	138.0	12	1.05	0.95				
	109	1	63.94730330701754	13.154873823157894	0.0	0.0	1	1.024853363462631	-3.3271959899606323	138.0	13	1.05	0.95				
	110	1	71.25556654210527	14.61652647017544	0.0	0.0	1	1.05	-4.722484236167898	138.0	13	1.05	0.95				
	111	1	0.0	0.0	0.0	0.0	1	1.001568975840186	-1.4250594770675344	230.0	13	1.05	0.95				
	112	1	0.0	0.0	0.0	0.0	1	1.0056259519730373	-1.6311310155967604	230.0	13	1.05	0.95				
	113	3	96.83448786491228	19.732310734736842	0.0	0.0	1	0.9940944953370846	1.0281374492101753e-28	230.0	14	1.05	0.95				
	114	2	70.89015338035088	14.251113308421054	0.0	0.0	1	0.997228350718232	0.09250809415065887	230.0	16	1.05	0.95				
	115	2	115.83597227614035	23.386442352280703	0.0	0.0	1	1.0278739567338036	5.224020068716447	230.0	16	1.05	0.95				
	116	2	36.541316175438595	7.30826323508772	0.0	0.0	1	1.0238075438026966	4.38192102642887	230.0	16	1.05	0.95				
	117	1	0.0	0.0	0.0	0.0	1	1.0324354624542986	7.419136015606369	230.0	17	1.05	0.95				
	118	2	121.68258286421054	24.848094999298247	0.0	0.0	1	1.0352011997308757	8.035968322878597	230.0	17	1.05	0.95				
	119	1	66.13978227754387	13.52028698491228	0.0	0.0	1	1.0153270279262405	2.6558905988705708	230.0	15	1.05	0.95				
	120	1	46.772884704561406	9.500742205614037	0.0	0.0	1	1.009759391179863	1.3649384589268085	230.0	15	1.05	0.95				
	121	2	0.0	0.0	0.0	0.0	1	1.0370242243515428	9.018443947427585	230.0	17	1.05	0.95				
	122	2	0.0	0.0	0.0	0.0	1	1.05	14.935390834907807	230.0	17	1.05	0.95				
	123	2	0.0	0.0	0.0	0.0	1	1.0070183350566244	0.9429622007682557	230.0	15	1.05	0.95				
	124	1	0.0	0.0	0.0	0.0	1	1.0205916759814444	3.010241365985832	230.0	16	1.05	0.95				
	201	2	39.26963637473684	7.99937037263158	0.0	0.0	2	1.0171881210584497	-9.016604100509792	138.0	21	1.05	0.95				
	202	2	35.269951188421054	7.2721548842105275	0.0	0.0	2	1.0163654771673074	-9.238772693563714	138.0	22	1.05	0.95				
	203	1	65.44939395789474	13.453486535789475	0.0	0.0	2	1.0148363061508692	-7.132051203766894	138.0	21	1.05	0.95				
	204	1	26.90697307157895	5.454116163157894	0.0	0.0	2	1.0145433002651645	-8.792331642117441	138.0	21	1.05	0.95				
	205	1	25.816149838947368	5.090508418947369	0.0	0.0	2	1.0292745761070001	-9.03396867432382	138.0	21	1.05	0.95				
	206	1	49.450653212631586	10.181016837894738	0.0	-100.0	2	1.0443892526068237	-9.515509494321252	138.0	22	1.05	0.95				
	207	2	45.45096802631579	9.090193605263158	0.0	0.0	2	1.000416636971493	-13.862577261880304	138.0	22	1.05	0.95				
	208	1	62.17692426	12.72627104736842	0.0	0.0	2	1.0057867382549555	-12.249298522967417	138.0	22	1.05	0.95				
	209	1	63.63135523684211	13.089878791578947	0.0	0.0	2	1.023103344067907	-6.917936035571295	138.0	23	1.05	0.95				
	210	1	70.90351012105263	14.544309768421055	0.0	0.0	2	1.05	-7.88024163462098	138.0	23	1.05	0.95				
	211	1	0.0	0.0	0.0	0.0	2	0.999675652919201	-5.168900010115458	230.0	23	1.05	0.95				
	212	1	0.0	0.0	0.0	0.0	2	1.00637118063185	-1.0169347034556953	230.0	23	1.05	0.95				
	213	2	96.35605221578948	19.63481818736842	0.0	0.0	2	0.9913518510008402	-3.482941432451655	230.0	24	1.05	0.95				
	214	2	70.53990237684211	14.180702024210529	0.0	0.0	2	0.9939945914297061	-4.246314339641863	230.0	26	1.05	0.95				
	215	2	115.26365491473685	23.270895629473685	0.0	0.0	2	1.0114942532838527	0.22876765219125522	230.0	26	1.05	0.95				
	216	2	36.36077442105263	7.2721548842105275	0.0	0.0	2	1.0089201483382326	-0.6887907944329873	230.0	26	1.05	0.95				
	217	1	0.0	0.0	0.0	0.0	2	1.0153711322282044	0.7459345119038774	230.0	27	1.05	0.95				
	218	2	121.08137882210528	24.725326606315793	0.0	0.0	2	1.0153468318409105	0.5552694174746793	230.0	27	1.05	0.95				
	219	1	65.81300170210527	13.453486535789475	0.0	0.0	2	1.005228799238381	-1.3620841365829195	230.0	25	1.05	0.95				
	220	1	46.54179125894737	9.453801349473686	0.0	0.0	2	1.0042926759379418	-1.2074348256375727	230.0	25	1.05	0.95				
	221	2	0.0	0.0	0.0	0.0	2	1.0176090339761288	1.2499967052664196	230.0	27	1.05	0.95				
	222	2	0.0	0.0	0.0	0.0	2	1.0394391131483358	7.677094219085994	230.0	27	1.05	0.95				
	223	2	0.0	0.0	0.0	0.0	2	1.004123353477887	-0.8279251498938494	230.0	25	1.05	0.95				
	224	1	0.0	0.0	0.0	0.0	2	1.0034606892363185	-2.5660449539733996	230.0	26	1.05	0.95				
	301	2	55.281240113684206	11.260993356491229	0.0	0.0	3	0.9973254650339073	4.320516686808089	138.0	31	1.05	0.95				
	302	2	49.65074343543859	10.237266687719298	0.0	0.0	3	0.9971351597582822	4.2636629564551445	138.0	32	1.05	0.95				
	303	1	92.13540018947369	18.9389433722807	0.0	0.0	3	1.0173534437524152	7.6477182165534305	138.0	31	1.05	0.95				
	304	1	37.8778867445614	7.677950015789473	0.0	0.0	3	1.0036889167369294	5.913261778594847	138.0	31	1.05	0.95				
	305	1	36.34229674140351	7.16608668140351	0.0	0.0	3	1.0161828434786155	5.796426103169134	138.0	31	1.05	0.95				
	306	1	69.61341347649123	14.33217336280702	0.0	-100.0	3	1.035103993156054	6.023910480517707	138.0	32	1.05	0.95				
	307	2	63.98291679824561	12.796583359649121	0.0	0.0	3	0.9947055118419191	3.397244412365513	138.0	32	1.05	0.95				
	308	1	87.52863018	17.91521670350877	0.0	0.0	3	1.0060513494245318	5.628062337329595	138.0	32	1.05	0.95				
	309	1	89.57608351754385	18.427080037894736	0.0	0.0	3	1.0261444595225306	9.3508460006312	138.0	33	1.05	0.95				
	310	1	99.81335020526315	20.474533375438597	0.0	0.0	3	1.05	8.906258304118674	138.0	33	1.05	0.95				
	311	1	0.0	0.0	0.0	0.0	3	1.009639527848312	13.735510297295185	230.0	33	1.05	0.95				
	312	1	0.0	0.0	0.0	0.0	3	1.0157580735203058	14.850471182728914	230.0	33	1.05	0.95				
	313	2	135.64378361228069	27.640620056842103	0.0	0.0	3	1.022994838801753	20.32686232809919	230.0	34	1.05	0.95				
	314	2	99.30148687087718	19.96267004105263	0.0	0.0	3	1.00602122985785	12.585683332358913	230.0	36	1.05	0.95				
	315	2	162.26067700035088	32.75925340070175	0.0	0.0	3	1.0200172282149307	7.2456790381303104	230.0	36	1.05	0.95				
	316	2	51.186333438596485	10.237266687719298	0.0	0.0	3	1.0206340709181694	8.277788714160355	230.0	36	1.05	0.95				
	317	1	0.0	0.0	0.0	0.0	3	1.0231212031674102	7.175284184640363	230.0	37	1.05	0.95				
	318	2	170.4504903505263	34.806706738245616	0.0	0.0	3	1.0208200560010166	6.011656220399215	230.0	37	1.05	0.95				
	319	1	92.64726352385965	18.9389433722807	0.0	0.0	3	1.021290250325572	10.963193837802065	230.0	35	1.05	0.95				
	320	1	65.5185068014035	13.308446694035087	0.0	0.0	3	1.0235646283747004	12.794258464150415	230.0	35	1.05	0.95				
	321	2	0.0	0.0	0.0	0.0	3	1.0226403614998913	7.000815629497391	230.0	37	1.05	0.95				
	322	2	0.0	0.0	0.0	0.0	3	1.0364081674506818	11.490202855069468	230.0	37	1.05	0.95				
	323	2	0.0	0.0	0.0	0.0	3	1.0242808405815718	13.366739602254022	230.0	35	1.05	0.95				
	324	1	0.0	0.0	0.0	0.0	3	1.0177087501399957	9.307004826369585	230.0	36	1.05	0.95				
	325	1	0.0	0.0	0.0	0.0	3	1.0267249610754134	13.003277860216343	230.0	35	1.05	0.95				
];
