%% MATPOWER Case Format : Version 2
function mpc = RTS_GMLC
mpc.version = '2';

%%-----  Power Flow Data  -----%%
%% system MVA base
mpc.baseMVA = 100.0;
%% bus data
%    bus_i    type    Pd    Qd    Gs    Bs    area    Vm    Va    baseKV    zone    Vmax    Vmin
mpc.bus = [
	101	2	84.98119744421054	17.310984664561403	0.0	0.0	1	1.0483824863481728	0.2649021175135342	138.0	11	1.05	0.95				
	102	2	76.32570511192982	15.737258785964913	0.0	0.0	1	1.048188708175295	0.13680182902918916	138.0	12	1.05	0.95				
	103	1	141.6353290736842	29.113928754035083	0.0	0.0	1	1.0243912635700945	-2.2678964783956106	138.0	11	1.05	0.95				
	104	1	58.227857508070166	11.802944089473682	0.0	0.0	1	1.0246016015012012	-3.616601104314385	138.0	11	1.05	0.95				
	105	1	55.86726869017543	11.016081150175438	0.0	0.0	1	1.037947255929863	-3.940622554022887	138.0	11	1.05	0.95				
	106	1	107.01335974456141	22.032162300350876	0.0	-100.0	1	1.037991313848241	-7.026275975181714	138.0	12	1.05	0.95				
	107	2	98.3578674122807	19.67157348245614	0.0	0.0	1	1.04381942765745	-5.045363585122763	138.0	12	1.05	0.95				
	108	1	134.55356262	27.54020287543859	0.0	0.0	1	1.0209456766233278	-7.530075183207286	138.0	12	1.05	0.95				
	109	1	137.70101437719296	28.32706581473684	0.0	0.0	1	1.026964056293137	-4.508578730818379	138.0	13	1.05	0.95				
	110	1	153.43827316315787	31.474517571929827	0.0	0.0	1	1.05	-5.803909741370328	138.0	13	1.05	0.95				
	111	1	0.0	0.0	0.0	0.0	1	1.013261375936612	-1.984915262136707	230.0	13	1.05	0.95				
	112	1	0.0	0.0	0.0	0.0	1	1.0165807138744867	-1.1564510687004035	230.0	13	1.05	0.95				
	113	3	208.51867891403506	42.49059872210527	0.0	0.0	1	1.0145142544843548	-1.6220156321736954e-29	230.0	14	1.05	0.95				
	114	2	152.65141022385964	30.687654632631578	0.0	0.0	1	1.0137132265323585	-0.49477247618612546	230.0	16	1.05	0.95				
	115	2	249.43555175754386	50.35922811508772	0.0	0.0	1	1.0439399417954225	6.963361974905598	230.0	16	1.05	0.95				
	116	2	78.68629392982456	15.737258785964913	0.0	0.0	1	1.0413691170546324	6.38085710198505	230.0	16	1.05	0.95				
	117	1	0.0	0.0	0.0	0.0	1	1.045429365397889	9.390767874068539	230.0	17	1.05	0.95				
	118	2	262.0253587863158	53.506679872280706	0.0	0.0	1	1.0478727898195688	9.828839023096801	230.0	17	1.05	0.95				
	119	1	142.42219201298246	29.113928754035083	0.0	0.0	1	1.0346014631670415	5.044178463916907	230.0	15	1.05	0.95				
	120	1	100.71845623017543	20.458436421754385	0.0	0.0	1	1.035306807767522	5.100537400035346	230.0	15	1.05	0.95				
	121	2	0.0	0.0	0.0	0.0	1	1.05	11.073297102921448	230.0	17	1.05	0.95				
	122	2	0.0	0.0	0.0	0.0	1	1.05	18.318473739075134	230.0	17	1.05	0.95				
	123	2	0.0	0.0	0.0	0.0	1	1.037925678260743	5.716677085272462	230.0	15	1.05	0.95				
	124	1	0.0	0.0	0.0	0.0	1	1.0249944814841954	3.5396777791709386	230.0	16	1.05	0.95				
	201	2	81.22524790736843	16.545883832982458	0.0	0.0	2	1.038826683381519	-12.722479414585875	138.0	21	1.05	0.95				
	202	2	72.95230599087719	15.041712575438599	0.0	0.0	2	1.0390803133374653	-12.80977347112407	138.0	22	1.05	0.95				
	203	1	135.37541317894735	27.827168264561404	0.0	0.0	2	1.025542699432028	-9.563372057087093	138.0	21	1.05	0.95				
	204	1	55.65433652912281	11.281284431578948	0.0	0.0	2	1.0186824248387838	-14.296246286976736	138.0	21	1.05	0.95				
	205	1	53.39807964280702	10.529198802807018	0.0	0.0	2	1.0348505206647947	-14.728794855240091	138.0	21	1.05	0.95				
	206	1	102.28364551298246	21.058397605614037	0.0	-100.0	2	1.0382158649385753	-16.561852742882472	138.0	22	1.05	0.95				
	207	2	94.01070359649123	18.802140719298247	0.0	0.0	2	0.9586451704809773	-27.7734831493467	138.0	22	1.05	0.95				
	208	1	128.60664252	26.322997007017545	0.0	0.0	2	0.9636944576259149	-24.015957901513502	138.0	22	1.05	0.95				
	209	1	131.61498503508773	27.07508263578947	0.0	0.0	2	1.0257731640632497	-12.474685791379416	138.0	23	1.05	0.95				
	210	1	146.65669761052632	30.083425150877197	0.0	0.0	2	1.05	-14.403600989243362	138.0	23	1.05	0.95				
	211	1	0.0	0.0	0.0	0.0	2	1.0273722066478703	-8.886344819496918	230.0	23	1.05	0.95				
	212	1	0.0	0.0	0.0	0.0	2	1.0245479646177476	-4.486514915477853	230.0	23	1.05	0.95				
	213	2	199.3026916245614	40.61262395368421	0.0	0.0	2	1.035463003493048	-6.507480909977902	230.0	24	1.05	0.95				
	214	2	145.90461198175439	29.331339522105264	0.0	0.0	2	1.0413990839458653	-6.549336904607576	230.0	26	1.05	0.95				
	215	2	238.41114432070177	48.13348024140352	0.0	0.0	2	1.0441509873972814	1.646141445977048	230.0	26	1.05	0.95				
	216	2	75.20856287719299	15.041712575438599	0.0	0.0	2	1.045975616353574	1.39885362431469	230.0	26	1.05	0.95				
	217	1	0.0	0.0	0.0	0.0	2	1.0473439320883984	4.225637341021963	230.0	27	1.05	0.95				
	218	2	250.44451438105267	51.14182275649123	0.0	0.0	2	1.048442427812681	4.590151416018315	230.0	27	1.05	0.95				
	219	1	136.1274988077193	27.827168264561404	0.0	0.0	2	1.0422836113203153	1.1268086274334872	230.0	25	1.05	0.95				
	220	1	96.26696048280704	19.554226348070177	0.0	0.0	2	1.0456916214659078	2.299499233324192	230.0	25	1.05	0.95				
	221	2	0.0	0.0	0.0	0.0	2	1.0488027098566794	4.637209750103859	230.0	27	1.05	0.95				
	222	2	0.0	0.0	0.0	0.0	2	1.05	10.986638631813378	230.0	27	1.05	0.95				
	223	2	0.0	0.0	0.0	0.0	2	1.05	3.4877782390597583	230.0	25	1.05	0.95				
	224	1	0.0	0.0	0.0	0.0	2	1.0231469397026711	-2.5212183561647494	230.0	26	1.05	0.95				
	301	2	77.93356532210525	15.875355898947365	0.0	0.0	3	0.9949499425958531	-13.068324644768282	138.0	31	1.05	0.95				
	302	2	69.99588737263157	14.43214172631579	0.0	0.0	3	0.9951983900179312	-13.204663519253385	138.0	32	1.05	0.95				
	303	1	129.8892755368421	26.69946219368421	0.0	0.0	3	1.0093970151154599	-6.287183153147711	138.0	31	1.05	0.95				
	304	1	53.39892438736842	10.82410629473684	0.0	0.0	3	0.9897498725182272	-10.660873044931309	138.0	31	1.05	0.95				
	305	1	51.23410312842105	10.102499208421053	0.0	0.0	3	1.0033751506617106	-11.091599473494117	138.0	31	1.05	0.95				
	306	1	98.13856373894737	20.204998416842106	0.0	-100.0	3	1.0155778077254396	-10.787816930419305	138.0	32	1.05	0.95				
	307	2	90.20088578947367	18.040177157894735	0.0	0.0	3	0.9698278684060178	-17.468278497789164	138.0	32	1.05	0.95				
	308	1	123.39481175999998	25.25624802105263	0.0	0.0	3	0.9735124469308477	-13.925372085092334	138.0	32	1.05	0.95				
	309	1	126.28124010526314	25.97785510736842	0.0	0.0	3	1.012853624910578	-5.554254376148099	138.0	33	1.05	0.95				
	310	1	140.71338183157894	28.86428345263158	0.0	0.0	3	1.0343282832237113	-6.728349115825687	138.0	33	1.05	0.95				
	311	1	0.0	0.0	0.0	0.0	3	1.0080274672137424	1.4739955032922358	230.0	33	1.05	0.95				
	312	1	0.0	0.0	0.0	0.0	3	1.0097794956425492	2.5063520771006003	230.0	33	1.05	0.95				
	313	2	191.2258778736842	38.966782661052626	0.0	0.0	3	1.033838715044615	8.896587724425324	230.0	34	1.05	0.95				
	314	2	139.99177474526314	28.14267636631579	0.0	0.0	3	1.0182711957782842	2.3329740758179587	230.0	36	1.05	0.95				
	315	2	228.74944636210523	46.18285352421052	0.0	0.0	3	1.0400684858451736	1.9627567923201157	230.0	36	1.05	0.95				
	316	2	72.16070863157894	14.43214172631579	0.0	0.0	3	1.0377425943138012	2.8370148948708387	230.0	36	1.05	0.95				
	317	1	0.0	0.0	0.0	0.0	3	1.043036290815829	3.683018527938951	230.0	37	1.05	0.95				
	318	2	240.29515974315788	49.069281869473684	0.0	0.0	3	1.042502363779595	3.166179063352421	230.0	37	1.05	0.95				
	319	1	130.61088262315786	26.69946219368421	0.0	0.0	3	1.034340908692454	4.082912042333068	230.0	35	1.05	0.95				
	320	1	92.36570704842104	18.761784244210524	0.0	0.0	3	1.0348342522231597	5.233191826599886	230.0	35	1.05	0.95				
	321	2	0.0	0.0	0.0	0.0	3	1.0451355675700242	4.289587625671084	230.0	37	1.05	0.95				
	322	2	0.0	0.0	0.0	0.0	3	1.05	8.38145088946848	230.0	37	1.05	0.95				
	323	2	0.0	0.0	0.0	0.0	3	1.0357568371156223	5.793801851886191	230.0	35	1.05	0.95				
	324	1	0.0	0.0	0.0	0.0	3	1.020610561563483	0.834187669152273	230.0	36	1.05	0.95				
	325	1	0.0	0.0	0.0	0.0	3	1.0365604509753392	6.246514767716028	230.0	35	1.05	0.95				
];
