%% MATPOWER Case Format : Version 2
function mpc = RTS_GMLC
mpc.version = '2';

%%-----  Power Flow Data  -----%%
%% system MVA base
mpc.baseMVA = 100.0;
%% bus data
%    bus_i    type    Pd    Qd    Gs    Bs    area    Vm    Va    baseKV    zone    Vmax    Vmin
mpc.bus = [
	101	2	70.43245916210526	14.347352792280702	0.0	0.0	1	1.0339865215916342	-0.01019743869496627	138.0	11	1.05	0.95				
	102	2	63.2587827659649	13.043047992982457	0.0	0.0	1	1.0339739654705877	-0.06901057496609272	138.0	12	1.05	0.95				
	103	1	117.38743193684209	24.12963878701754	0.0	0.0	1	1.0235895897761043	-0.8164215759477497	138.0	11	1.05	0.95				
	104	1	48.25927757403508	9.78228599473684	0.0	0.0	1	1.0181782781204065	-3.2096568498045963	138.0	11	1.05	0.95				
	105	1	46.30282037508771	9.13013359508772	0.0	0.0	1	1.0331660033924202	-3.196715715733524	138.0	11	1.05	0.95				
	106	1	88.6927263522807	18.26026719017544	0.0	-100.0	1	1.0392223512414955	-5.580227592481886	138.0	12	1.05	0.95				
	107	2	81.51904995614035	16.303809991228068	0.0	0.0	1	1.0383026066359289	-3.309483416642773	138.0	12	1.05	0.95				
	108	1	111.51806033999998	22.825333987719297	0.0	0.0	1	1.0215608352596337	-5.531670143860916	138.0	12	1.05	0.95				
	109	1	114.12666993859648	23.47748638736842	0.0	0.0	1	1.0260328309836053	-3.1447414572083088	138.0	13	1.05	0.95				
	110	1	127.16971793157894	26.086095985964914	0.0	0.0	1	1.05	-4.374283129103416	138.0	13	1.05	0.95				
	111	1	0.0	0.0	0.0	0.0	1	1.0107225446400265	-0.7400957556370878	230.0	13	1.05	0.95				
	112	1	0.0	0.0	0.0	0.0	1	1.013704654814306	-0.3456402279986595	230.0	13	1.05	0.95				
	113	3	172.8203859070175	35.21622958105263	0.0	0.0	1	1.007256989480258	-3.713807615561858e-28	230.0	14	1.05	0.95				
	114	2	126.5175655319298	25.433943586315788	0.0	0.0	1	1.0128135233782383	1.70557947824911	230.0	16	1.05	0.95				
	115	2	206.73231068877192	41.737753577543856	0.0	0.0	1	1.044823154776037	9.775483202963319	230.0	16	1.05	0.95				
	116	2	65.21523996491227	13.043047992982457	0.0	0.0	1	1.0413889978863335	9.054359515399424	230.0	16	1.05	0.95				
	117	1	0.0	0.0	0.0	0.0	1	1.0434438659585366	12.578934425536785	230.0	17	1.05	0.95				
	118	2	217.16674908315787	44.34636317614035	0.0	0.0	1	1.0482910768823994	12.413982260849057	230.0	17	1.05	0.95				
	119	1	118.03958433649122	24.12963878701754	0.0	0.0	1	1.033899266463991	7.099633208436671	230.0	15	1.05	0.95				
	120	1	83.47550715508771	16.95596239087719	0.0	0.0	1	1.0334155887072565	6.635541050386198	230.0	15	1.05	0.95				
	121	2	0.0	0.0	0.0	0.0	1	1.05	13.778071538470275	230.0	17	1.05	0.95				
	122	2	0.0	0.0	0.0	0.0	1	1.05	28.231188758137097	230.0	17	1.05	0.95				
	123	2	0.0	0.0	0.0	0.0	1	1.034675058146873	6.869760499218586	230.0	15	1.05	0.95				
	124	1	0.0	0.0	0.0	0.0	1	1.0236125902939033	5.849288545195878	230.0	16	1.05	0.95				
	201	2	64.51440264	13.14182276	0.0	0.0	2	1.0323815491980963	-10.187121621973388	138.0	21	1.05	0.95				
	202	2	57.94349126	11.9471116	0.0	0.0	2	1.0325169930594646	-10.270844545163737	138.0	22	1.05	0.95				
	203	1	107.52400440000001	22.10215646	0.0	0.0	2	1.0251425305653106	-7.906540344029576	138.0	21	1.05	0.95				
	204	1	44.20431292	8.9603337	0.0	0.0	2	1.0179780078668907	-12.48074111327173	138.0	21	1.05	0.95				
	205	1	42.41224618	8.362978120000001	0.0	0.0	2	1.0334208709369115	-12.790777651218654	138.0	21	1.05	0.95				
	206	1	81.24035888	16.725956240000002	0.0	-100.0	2	1.0408319857139596	-14.818329921223878	138.0	22	1.05	0.95				
	207	2	74.66944749999999	14.9338895	0.0	0.0	2	0.9874633711087182	-23.81546870089281	138.0	22	1.05	0.95				
	208	1	102.14780418000001	20.9074453	0.0	0.0	2	0.9883284215703833	-20.950601356765922	138.0	22	1.05	0.95				
	209	1	104.53722649999999	21.50480088	0.0	0.0	2	1.0243644686617024	-11.863695508070766	138.0	23	1.05	0.95				
	210	1	116.4843381	23.8942232	0.0	0.0	2	1.05	-13.542465120378681	138.0	23	1.05	0.95				
	211	1	0.0	0.0	0.0	0.0	2	1.0153254115685704	-8.636845490411435	230.0	23	1.05	0.95				
	212	1	0.0	0.0	0.0	0.0	2	1.015105892536169	-7.617847216042675	230.0	23	1.05	0.95				
	213	2	158.2992287	32.25720132	0.0	0.0	2	1.015784350502582	-7.272367689845035	230.0	24	1.05	0.95				
	214	2	115.88698252	23.29686762	0.0	0.0	2	1.022967838685026	-5.757884190889924	230.0	26	1.05	0.95				
	215	2	189.36171886	38.23075712	0.0	0.0	2	1.0370649527770692	1.9571188446835623	230.0	26	1.05	0.95				
	216	2	59.735558	11.9471116	0.0	0.0	2	1.0399028370062608	1.940458405959323	230.0	26	1.05	0.95				
	217	1	0.0	0.0	0.0	0.0	2	1.0428022002892836	4.865045990191268	230.0	27	1.05	0.95				
	218	2	198.91940814	40.62017944	0.0	0.0	2	1.0439320802517025	5.210641727558876	230.0	27	1.05	0.95				
	219	1	108.12135998000001	22.10215646	0.0	0.0	2	1.0401191409073645	1.5538268268199813	230.0	25	1.05	0.95				
	220	1	76.46151424	15.53124508	0.0	0.0	2	1.0450725184651486	2.345626380177724	230.0	25	1.05	0.95				
	221	2	0.0	0.0	0.0	0.0	2	1.0435039497778689	4.8860775982076685	230.0	27	1.05	0.95				
	222	2	0.0	0.0	0.0	0.0	2	1.05	11.383848256762503	230.0	27	1.05	0.95				
	223	2	0.0	0.0	0.0	0.0	2	1.0493137582940317	3.214542291922262	230.0	25	1.05	0.95				
	224	1	0.0	0.0	0.0	0.0	2	1.020315509754813	-1.7312421700471115	230.0	26	1.05	0.95				
	301	2	65.73615946105264	13.390699149473683	0.0	0.0	3	1.0147287397285307	-17.513179182468996	138.0	31	1.05	0.95				
	302	2	59.04080988631579	12.173362863157895	0.0	0.0	3	1.0132952411039633	-17.807187342547685	138.0	32	1.05	0.95				
	303	1	109.56026576842106	22.520721296842105	0.0	0.0	3	1.0450028137621	-4.530856565569016	138.0	31	1.05	0.95				
	304	1	45.04144259368421	9.13002214736842	0.0	0.0	3	1.0096668384081724	-15.85858148985915	138.0	31	1.05	0.95				
	305	1	43.215438164210525	8.521354004210528	0.0	0.0	3	1.024507379762179	-17.765426456561077	138.0	31	1.05	0.95				
	306	1	82.7788674694737	17.042708008421055	0.0	-100.0	3	1.0364707791913514	-18.58008833918146	138.0	32	1.05	0.95				
	307	2	76.08351789473684	15.216703578947369	0.0	0.0	3	0.991504079358033	-25.274981635784023	138.0	32	1.05	0.95				
	308	1	104.08225248000001	21.303385010526316	0.0	0.0	3	0.9906617145137543	-22.34785133682315	138.0	32	1.05	0.95				
	309	1	106.51692505263158	21.912053153684212	0.0	0.0	3	1.0279595345002208	-11.785692134438222	138.0	33	1.05	0.95				
	310	1	118.69028791578948	24.34672572631579	0.0	0.0	3	1.05	-16.06766392610998	138.0	33	1.05	0.95				
	311	1	0.0	0.0	0.0	0.0	3	1.0190751066618755	-9.027083442445495	230.0	33	1.05	0.95				
	312	1	0.0	0.0	0.0	0.0	3	1.0185359811228778	-8.630233535211786	230.0	33	1.05	0.95				
	313	2	161.2970579368421	32.86807973052632	0.0	0.0	3	1.0233648903821526	-6.022941766707125	230.0	34	1.05	0.95				
	314	2	118.08161977263158	23.738057583157897	0.0	0.0	3	1.0292422639388876	-6.772569382724037	230.0	36	1.05	0.95				
	315	2	192.94780138105264	38.954761162105264	0.0	0.0	3	1.0481004672963963	0.2345749464396448	230.0	36	1.05	0.95				
	316	2	60.866814315789476	12.173362863157895	0.0	0.0	3	1.0458081069884617	0.10064895333327938	230.0	36	1.05	0.95				
	317	1	0.0	0.0	0.0	0.0	3	1.05	4.213519054722308	230.0	37	1.05	0.95				
	318	2	202.68649167157898	41.38943373473685	0.0	0.0	3	1.0462010303099563	3.30247307360015	230.0	37	1.05	0.95				
	319	1	110.16893391157896	22.520721296842105	0.0	0.0	3	1.0403001072364146	-1.6402140733069819	230.0	35	1.05	0.95				
	320	1	77.90952232421053	15.825371722105263	0.0	0.0	3	1.0408431403599523	-2.0097073097628835	230.0	35	1.05	0.95				
	321	2	0.0	0.0	0.0	0.0	3	1.0499997139903532	3.8133420925379014	230.0	37	1.05	0.95				
	322	2	0.0	0.0	0.0	0.0	3	1.05	8.318162170687044	230.0	37	1.05	0.95				
	323	2	0.0	0.0	0.0	0.0	3	1.0424409161839505	-1.7618964854311763	230.0	35	1.05	0.95				
	324	1	0.0	0.0	0.0	0.0	3	1.03971102085776	-1.556692043199521	230.0	36	1.05	0.95				
	325	1	0.0	0.0	0.0	0.0	3	1.0383175730025924	-0.4760512595957436	230.0	35	1.05	0.95				
];

%% generator data
%    bus    Pg    Qg    Qmax    Qmin    Vg    mBase    status    Pmax    Pmin    Pc1    Pc2    Qc1min    Qc1max    Qc2min    Qc2max    ramp_agc    ramp_10    ramp_30    ramp_q    apf
