%% MATPOWER Case Format : Version 2
function mpc = RTS_GMLC
mpc.version = '2';

%%-----  Power Flow Data  -----%%
%% system MVA base
mpc.baseMVA = 100.0;
%% bus data
%    bus_i    type    Pd    Qd    Gs    Bs    area    Vm    Va    baseKV    zone    Vmax    Vmin
mpc.bus = [
	101	2	35.91093518147368	7.315190499929823	0.0	0.0	1	0.9891755895944493	-5.156693931104067	138.0	11	1.05	0.95				
	102	2	32.25333993150877	6.650173181754386	0.0	0.0	1	0.989079797726132	-5.333131469228205	138.0	12	1.05	0.95				
	103	1	59.85155863578947	12.302820386245612	0.0	0.0	1	1.020288300843888	1.5163098860195459	138.0	11	1.05	0.95				
	104	1	24.605640772491224	4.987629886315789	0.0	0.0	1	1.0035778609182724	-4.644936224719323	138.0	11	1.05	0.95				
	105	1	23.608114795228065	4.6551212272280695	0.0	0.0	1	1.015423388134037	-5.445820381471426	138.0	11	1.05	0.95				
	106	1	45.22117763592982	9.310242454456139	0.0	-100.0	1	1.03856896692213	-6.040990170449213	138.0	12	1.05	0.95				
	107	2	41.56358238596491	8.312716477192982	0.0	0.0	1	0.9878775814993995	-10.50006717747126	138.0	12	1.05	0.95				
	108	1	56.858980704	11.637803068070173	0.0	0.0	1	0.9995165971439545	-8.624511490262663	138.0	12	1.05	0.95				
	109	1	58.18901534035087	11.970311727157892	0.0	0.0	1	1.0246475835200661	-2.702708349812359	138.0	13	1.05	0.95				
	110	1	64.83918852210525	13.300346363508773	0.0	0.0	1	1.05	-4.642651252250143	138.0	13	1.05	0.95				
	111	1	0.0	0.0	0.0	0.0	1	1.0165061365548587	0.358916069871181	230.0	13	1.05	0.95				
	112	1	0.0	0.0	0.0	0.0	1	1.0123699222751104	-1.0283858624895847	230.0	13	1.05	0.95				
	113	3	88.1147946582456	17.95546759073684	0.0	0.0	1	0.9972501735988273	1.6732594529796795e-28	230.0	14	1.05	0.95				
	114	2	64.50667986301754	12.96783770442105	0.0	0.0	1	1.043564900924967	4.614015417073425	230.0	16	1.05	0.95				
	115	2	105.405244930807	21.280554181614033	0.0	0.0	1	1.0382201281874863	14.845264420289881	230.0	16	1.05	0.95				
	116	2	33.25086590877193	6.650173181754386	0.0	0.0	1	1.038369900153284	12.822439424194169	230.0	16	1.05	0.95				
	117	1	0.0	0.0	0.0	0.0	1	1.0377016576632963	19.21905967054953	230.0	17	1.05	0.95				
	118	2	110.72538347621052	22.61058881796491	0.0	0.0	1	1.0470248214623052	19.982875816753	230.0	17	1.05	0.95				
	119	1	60.18406729487719	12.302820386245612	0.0	0.0	1	1.0339018557133246	8.152865328162255	230.0	15	1.05	0.95				
	120	1	42.561108363228065	8.645225136280702	0.0	0.0	1	1.0368649587242575	4.733756606300782	230.0	15	1.05	0.95				
	121	2	0.0	0.0	0.0	0.0	1	1.0406010983135405	21.564074826366678	230.0	17	1.05	0.95				
	122	2	0.0	0.0	0.0	0.0	1	1.05	39.54710559930071	230.0	17	1.05	0.95				
	123	2	0.0	0.0	0.0	0.0	1	1.039608463024287	3.1132336319717093	230.0	15	1.05	0.95				
	124	1	0.0	0.0	0.0	0.0	1	1.0146666422385335	9.88355541505493	230.0	16	1.05	0.95				
	201	2	37.450653233684214	7.628836769824561	0.0	0.0	2	1.0086315766886336	-16.091261010349758	138.0	21	1.05	0.95				
	202	2	33.63623484877193	6.935306154385966	0.0	0.0	2	1.0076943930254285	-16.386082032698503	138.0	22	1.05	0.95				
	203	1	62.41775538947368	12.830316385614035	0.0	0.0	2	1.0128471329057007	-12.085688709799756	138.0	21	1.05	0.95				
	204	1	25.66063277122807	5.201479615789474	0.0	0.0	2	1.0105330480057395	-16.27204128137125	138.0	21	1.05	0.95				
	205	1	24.620336848070178	4.854714308070176	0.0	0.0	2	1.0251953326765795	-16.69698032275944	138.0	21	1.05	0.95				
	206	1	47.160081849824564	9.709428616140352	0.0	-100.0	2	1.042686923643417	-17.49735954296127	138.0	22	1.05	0.95				
	207	2	43.345663464912285	8.669132692982457	0.0	0.0	2	0.9920561258161578	-21.52120745118663	138.0	22	1.05	0.95				
	208	1	59.29686762000001	12.136785770175438	0.0	0.0	2	1.0013920129722012	-20.02615755763066	138.0	22	1.05	0.95				
	209	1	60.68392885087719	12.483551077894736	0.0	0.0	2	1.0221803195789394	-14.729972896900032	138.0	23	1.05	0.95				
	210	1	67.61923500526315	13.870612308771932	0.0	0.0	2	1.05	-16.17795760506672	138.0	23	1.05	0.95				
	211	1	0.0	0.0	0.0	0.0	2	1.003920896773168	-12.247606894739105	230.0	23	1.05	0.95				
	212	1	0.0	0.0	0.0	0.0	2	1.0109192301922316	-11.92203204722441	230.0	23	1.05	0.95				
	213	2	91.89280654561404	18.725326616842107	0.0	0.0	2	1.0002448324628574	-11.385229120260183	230.0	24	1.05	0.95				
	214	2	67.27246969754385	13.523847001052633	0.0	0.0	2	1.0019257724441795	-9.664855593135519	230.0	26	1.05	0.95				
	215	2	109.92460254701754	22.19297969403509	0.0	0.0	2	1.0232891796010735	-3.0142649839488005	230.0	26	1.05	0.95				
	216	2	34.676530771929826	6.935306154385966	0.0	0.0	2	1.0253803267826356	-3.9959831940722186	230.0	26	1.05	0.95				
	217	1	0.0	0.0	0.0	0.0	2	1.0319540109462304	-1.5081654764093089	230.0	27	1.05	0.95				
	218	2	115.47284747052633	23.580040924912282	0.0	0.0	2	1.0307887645199192	-1.9154363798756855	230.0	27	1.05	0.95				
	219	1	62.764520697192985	12.830316385614035	0.0	0.0	2	1.029798509349109	-4.915453942766177	230.0	25	1.05	0.95				
	220	1	44.38595938807018	9.015898000701755	0.0	0.0	2	1.0356325470076442	-5.032857470485766	230.0	25	1.05	0.95				
	221	2	0.0	0.0	0.0	0.0	2	1.0313581695332203	-1.4831902943920654	230.0	27	1.05	0.95				
	222	2	0.0	0.0	0.0	0.0	2	1.05	5.001137887671831	230.0	27	1.05	0.95				
	223	2	0.0	0.0	0.0	0.0	2	1.038971095223251	-4.835092161959857	230.0	25	1.05	0.95				
	224	1	0.0	0.0	0.0	0.0	2	1.0081636549791646	-6.409513411906955	230.0	26	1.05	0.95				
	301	2	39.39386271157895	8.024675737543859	0.0	0.0	3	1.0150384918091886	9.558960211110765	138.0	31	1.05	0.95				
	302	2	35.38152484280701	7.295159761403508	0.0	0.0	3	1.0140878220996434	9.19578684781681	138.0	32	1.05	0.95				
	303	1	65.65643785263158	13.496045558596489	0.0	0.0	3	1.05	23.16101737525894	138.0	31	1.05	0.95				
	304	1	26.992091117192977	5.471369821052631	0.0	0.0	3	1.0097071444704582	9.856715858600557	138.0	31	1.05	0.95				
	305	1	25.897817152982448	5.106611832982456	0.0	0.0	3	1.0257193755072802	8.087304161400338	138.0	31	1.05	0.95				
	306	1	49.60708637754386	10.213223665964913	0.0	-100.0	3	1.0397551295235807	6.789564270958468	138.0	32	1.05	0.95				
	307	2	45.59474850877193	9.118949701754385	0.0	0.0	3	0.95	3.6563873792171786	138.0	32	1.05	0.95				
	308	1	62.373615959999995	12.766529582456137	0.0	0.0	3	0.9738096210580298	5.135162474838361	138.0	32	1.05	0.95				
	309	1	63.83264791228069	13.131287570526315	0.0	0.0	3	1.0164362570406889	11.92940637382834	138.0	33	1.05	0.95				
	310	1	71.1278076736842	14.590319522807016	0.0	0.0	3	1.0451476995531963	7.791022326427766	138.0	33	1.05	0.95				
	311	1	0.0	0.0	0.0	0.0	3	1.0051062185757365	10.849733730006417	230.0	33	1.05	0.95				
	312	1	0.0	0.0	0.0	0.0	3	1.0096999724709814	11.321611582777518	230.0	33	1.05	0.95				
	313	2	96.66086683859648	19.696931355789474	0.0	0.0	3	1.0052982996731599	12.0349059331181	230.0	34	1.05	0.95				
	314	2	70.76304968561402	14.22556153473684	0.0	0.0	3	1.000650243750903	10.891553376650545	230.0	36	1.05	0.95				
	315	2	115.62828221824559	23.344511236491226	0.0	0.0	3	1.0485010308203284	13.462035574354834	230.0	36	1.05	0.95				
	316	2	36.47579880701754	7.295159761403508	0.0	0.0	3	1.0315337461120677	13.10019912093323	230.0	36	1.05	0.95				
	317	1	0.0	0.0	0.0	0.0	3	1.0494322973718901	15.74606062757122	230.0	37	1.05	0.95				
	318	2	121.4644100273684	24.80354318877193	0.0	0.0	3	1.05	13.181182843502294	230.0	37	1.05	0.95				
	319	1	66.02119584070175	13.496045558596489	0.0	0.0	3	1.023523166937084	12.641685837852345	230.0	35	1.05	0.95				
	320	1	46.68902247298245	9.483707689824561	0.0	0.0	3	1.018694149006819	12.958681550515854	230.0	35	1.05	0.95				
	321	2	0.0	0.0	0.0	0.0	3	1.05	13.901419651815749	230.0	37	1.05	0.95				
	322	2	0.0	0.0	0.0	0.0	3	1.05	18.97261820278665	230.0	37	1.05	0.95				
	323	2	0.0	0.0	0.0	0.0	3	1.0163774332657352	13.42361908076852	230.0	35	1.05	0.95				
	324	1	0.0	0.0	0.0	0.0	3	1.0460109305429834	17.169552048611234	230.0	36	1.05	0.95				
	325	1	0.0	0.0	0.0	0.0	3	1.01705862175106	14.126948428852412	230.0	35	1.05	0.95				
];
