%% MATPOWER Case Format : Version 2
function mpc = RTS_GMLC
mpc.version = '2';

%%-----  Power Flow Data  -----%%
%% system MVA base
mpc.baseMVA = 100.0;
%% bus data
%    bus_i    type    Pd    Qd    Gs    Bs    area    Vm    Va    baseKV    zone    Vmax    Vmin
mpc.bus = [
	101	2	44.56803562105263	9.078673922807019	0.0	0.0	1	1.0117654580876876	-4.452746222378615	138.0	11	1.05	0.95				
	102	2	40.02869865964912	8.25333992982456	0.0	0.0	1	1.0116918444145022	-4.679020506895515	138.0	12	1.05	0.95				
	103	1	74.28005936842106	15.268678870175439	0.0	0.0	1	1.0002311673199016	0.5314474301095029	138.0	11	1.05	0.95				
	104	1	30.537357740350878	6.190004947368421	0.0	0.0	1	1.0018871607489006	-4.495759004949485	138.0	11	1.05	0.95				
	105	1	29.29935675087719	5.777337950877193	0.0	0.0	1	1.0159184981039098	-5.58234187502613	138.0	11	1.05	0.95				
	106	1	56.12271152280702	11.554675901754386	0.0	-100.0	1	1.0260416742433	-6.713259237490787	138.0	12	1.05	0.95				
	107	2	51.5833745614035	10.316674912280702	0.0	0.0	1	0.9862751266287644	-10.091412619361495	138.0	12	1.05	0.95				
	108	1	70.5660564	14.443344877192981	0.0	0.0	1	0.9874431689817729	-9.029950917959722	138.0	12	1.05	0.95				
	109	1	72.21672438596491	14.85601187368421	0.0	0.0	1	1.0015106483289833	-3.4473412851823495	138.0	13	1.05	0.95				
	110	1	80.47006431578947	16.50667985964912	0.0	0.0	1	1.0299195952386153	-5.362746464084252	138.0	13	1.05	0.95				
	111	1	0.0	0.0	0.0	0.0	1	0.9816944892097915	-0.7514595125736993	230.0	13	1.05	0.95				
	112	1	0.0	0.0	0.0	0.0	1	0.9826739577204311	-1.5204301764267492	230.0	13	1.05	0.95				
	113	3	109.35675407017544	22.284017810526315	0.0	0.0	1	0.9644774706384723	-1.621219511525755e-26	230.0	14	1.05	0.95				
	114	2	80.05739731929825	16.094012863157893	0.0	0.0	1	0.9908860451762326	2.3845543977054033	230.0	16	1.05	0.95				
	115	2	130.8154378877193	26.410687775438596	0.0	0.0	1	0.9894917295859327	11.196523312805503	230.0	16	1.05	0.95				
	116	2	41.266699649122806	8.25333992982456	0.0	0.0	1	0.9886450516683543	9.681679633840544	230.0	16	1.05	0.95				
	117	1	0.0	0.0	0.0	0.0	1	0.991496034136843	15.24389626030873	230.0	17	1.05	0.95				
	118	2	137.41810983157893	28.06135576140351	0.0	0.0	1	0.9989525692756914	15.816120786813206	230.0	17	1.05	0.95				
	119	1	74.69272636491229	15.268678870175439	0.0	0.0	1	0.9889182293698117	6.1446295640616375	230.0	15	1.05	0.95				
	120	1	52.82137555087719	10.72934190877193	0.0	0.0	1	0.9940404057232736	3.528306432190573	230.0	15	1.05	0.95				
	121	2	0.0	0.0	0.0	0.0	1	0.9996693868974361	17.14962500759442	230.0	17	1.05	0.95				
	122	2	0.0	0.0	0.0	0.0	1	1.0082035941331937	33.39766787597959	230.0	17	1.05	0.95				
	123	2	0.0	0.0	0.0	0.0	1	0.9979067047721093	2.435906496592021	230.0	15	1.05	0.95				
	124	1	0.0	0.0	0.0	0.0	1	0.9808409007964912	7.117039533101396	230.0	16	1.05	0.95				
	201	2	42.907602694736845	8.740437585964912	0.0	0.0	2	1.0103673819101067	-10.298423737830017	138.0	21	1.05	0.95				
	202	2	38.53738390175438	7.945852350877193	0.0	0.0	2	1.0093178469474477	-10.45458318505599	138.0	22	1.05	0.95				
	203	1	71.51267115789473	14.699826849122807	0.0	0.0	2	0.9974031573610199	-7.8914629640083085	138.0	21	1.05	0.95				
	204	1	29.399653698245615	5.959389263157894	0.0	0.0	2	1.0012179701316317	-9.449110921715215	138.0	21	1.05	0.95				
	205	1	28.20777584561403	5.5620966456140355	0.0	0.0	2	1.0171941475157507	-9.788448462862924	138.0	21	1.05	0.95				
	206	1	54.03179598596491	11.124193291228071	0.0	-100.0	2	1.0291817626439559	-10.003858698847164	138.0	22	1.05	0.95				
	207	2	49.661577192982456	9.932315438596492	0.0	0.0	2	0.9715639309040649	-14.71855167303818	138.0	22	1.05	0.95				
	208	1	67.9370376	13.905241614035086	0.0	0.0	2	0.9805688947717202	-12.901462234168925	138.0	22	1.05	0.95				
	209	1	69.52620807017543	14.302534231578948	0.0	0.0	2	1.006574121352227	-6.928321117410396	138.0	23	1.05	0.95				
	210	1	77.47206042105262	15.891704701754387	0.0	0.0	2	1.0339428935449484	-7.959753041167319	138.0	23	1.05	0.95				
	211	1	0.0	0.0	0.0	0.0	2	0.9870812133595313	-4.6042516712123795	230.0	23	1.05	0.95				
	212	1	0.0	0.0	0.0	0.0	2	0.9891352269719818	0.17342080996910952	230.0	23	1.05	0.95				
	213	2	105.2825436491228	21.453801347368422	0.0	0.0	2	0.98301650924048	-2.0376005374224424	230.0	24	1.05	0.95				
	214	2	77.07476780350876	15.494412084210527	0.0	0.0	2	0.9830061913342387	-3.8667590254817403	230.0	26	1.05	0.95				
	215	2	125.94175976140349	25.42672752280702	0.0	0.0	2	0.991676803669542	-0.03571132308105081	230.0	26	1.05	0.95				
	216	2	39.729261754385966	7.945852350877193	0.0	0.0	2	0.9897376879524509	-0.2024485097814048	230.0	26	1.05	0.95				
	217	1	0.0	0.0	0.0	0.0	2	1.0001499006323094	0.6143650748859153	230.0	27	1.05	0.95				
	218	2	132.29844164210527	27.015897992982456	0.0	0.0	2	1.000941503186848	0.10008253375245962	230.0	27	1.05	0.95				
	219	1	71.9099637754386	14.699826849122807	0.0	0.0	2	0.9834171121272874	0.8064060193652116	230.0	25	1.05	0.95				
	220	1	50.85345504561404	10.329608056140351	0.0	0.0	2	0.9811278772190969	2.5369477436352676	230.0	25	1.05	0.95				
	221	2	0.0	0.0	0.0	0.0	2	1.0032697736209337	0.6128710065901933	230.0	27	1.05	0.95				
	222	2	0.0	0.0	0.0	0.0	2	1.0205018052599621	5.213109141036957	230.0	27	1.05	0.95				
	223	2	0.0	0.0	0.0	0.0	2	0.9810891806120042	3.8277956586676334	230.0	25	1.05	0.95				
	224	1	0.0	0.0	0.0	0.0	2	0.9842317217919142	-3.026857066012877	230.0	26	1.05	0.95				
	301	2	61.414109469473686	12.510281558596493	0.0	0.0	3	1.0036594363308171	26.36872569315066	138.0	31	1.05	0.95				
	302	2	55.158968690175435	11.37298323508772	0.0	0.0	3	1.0041773561246428	26.024217521704497	138.0	32	1.05	0.95				
	303	1	102.35684911578949	21.040018984912283	0.0	0.0	3	1.0159033041531016	40.604113991889115	138.0	31	1.05	0.95				
	304	1	42.080037969824566	8.529737426315789	0.0	0.0	3	0.9942161377695659	27.84748029416538	138.0	31	1.05	0.95				
	305	1	40.37409048456141	7.961088264561404	0.0	0.0	3	1.0114577729398557	25.89636300514116	138.0	31	1.05	0.95				
	306	1	77.3362859985965	15.922176529122808	0.0	-100.0	3	1.0227906147426562	24.97121731302957	138.0	32	1.05	0.95				
	307	2	71.08114521929825	14.216229043859649	0.0	0.0	3	0.9667022193443764	21.619935352975972	138.0	32	1.05	0.95				
	308	1	97.23900665999999	19.90272066140351	0.0	0.0	3	0.9774372549929569	24.282154901888134	138.0	32	1.05	0.95				
	309	1	99.51360330701753	20.471369823157897	0.0	0.0	3	1.0059631625749894	31.763062445397694	138.0	33	1.05	0.95				
	310	1	110.88658654210526	22.74596647017544	0.0	0.0	3	1.0338757336905413	27.297044607967162	138.0	33	1.05	0.95				
	311	1	0.0	0.0	0.0	0.0	3	0.9939659605174981	31.959210862817734	230.0	33	1.05	0.95				
	312	1	0.0	0.0	0.0	0.0	3	1.0009122374838908	32.22658466540445	230.0	33	1.05	0.95				
	313	2	150.69202786491226	30.707054734736843	0.0	0.0	3	1.0033084574071085	35.311050499624656	230.0	34	1.05	0.95				
	314	2	110.31793738035087	22.177317308421053	0.0	0.0	3	0.98582201580042	31.522783297101977	230.0	36	1.05	0.95				
	315	2	180.26178427614036	36.3935463522807	0.0	0.0	3	0.9863210325326276	29.71907287862094	230.0	36	1.05	0.95				
	316	2	56.864916175438594	11.37298323508772	0.0	0.0	3	0.9780197833715005	30.13698684711776	230.0	36	1.05	0.95				
	317	1	0.0	0.0	0.0	0.0	3	0.9922071291395893	31.82529859033832	230.0	37	1.05	0.95				
	318	2	189.36017086421055	38.66814299929825	0.0	0.0	3	0.9868622415476171	28.132805724142578	230.0	37	1.05	0.95				
	319	1	102.92549827754387	21.040018984912283	0.0	0.0	3	0.9872317548077657	30.006769820957828	230.0	35	1.05	0.95				
	320	1	72.7870927045614	14.784878205614035	0.0	0.0	3	0.9968989096767873	29.648554018431845	230.0	35	1.05	0.95				
	321	2	0.0	0.0	0.0	0.0	3	0.9948412867843496	29.101782986480963	230.0	37	1.05	0.95				
	322	2	0.0	0.0	0.0	0.0	3	1.0114127271517066	32.73033325392134	230.0	37	1.05	0.95				
	323	2	0.0	0.0	0.0	0.0	3	1.0022783716240053	29.388474404016172	230.0	35	1.05	0.95				
	324	1	0.0	0.0	0.0	0.0	3	0.9963201435252498	35.35055808965616	230.0	36	1.05	0.95				
