%% MATPOWER Case Format : Version 2
function mpc = RTS_GMLC
mpc.version = '2';

%%-----  Power Flow Data  -----%%
%% system MVA base
mpc.baseMVA = 100.0;
%% bus data
%    bus_i    type    Pd    Qd    Gs    Bs    area    Vm    Va    baseKV    zone    Vmax    Vmin
mpc.bus = [
	101	2	45.556655115789475	9.280059375438597	0.0	0.0	1	1.05	7.098278397704091	138.0	11	1.05	0.95				
	102	2	40.916625428070176	8.436417614035088	0.0	0.0	1	1.0487993875236468	6.675731254660282	138.0	12	1.05	0.95				
	103	1	75.92775852631578	15.607372585964912	0.0	0.0	1	1.0364882768795478	3.9206431594778333	138.0	11	1.05	0.95				
	104	1	31.214745171929824	6.327313210526316	0.0	0.0	1	1.0303329867184785	2.566819185203638	138.0	11	1.05	0.95				
	105	1	29.94928252982456	5.905492329824562	0.0	0.0	1	1.0427137530821566	2.410608964684352	138.0	11	1.05	0.95				
	106	1	57.367639775438604	11.810984659649124	0.0	-100.0	1	1.0480221476272267	-0.7234521867585676	138.0	12	1.05	0.95				
	107	2	52.7276100877193	10.54552201754386	0.0	0.0	1	0.999285401129345	-8.807155959536376	138.0	12	1.05	0.95				
	108	1	72.1313706	14.763730824561403	0.0	0.0	1	1.0028654442164449	-6.656955522634065	138.0	12	1.05	0.95				
	109	1	73.81865412280702	15.185551705263157	0.0	0.0	1	1.0248549322700176	-0.24684238305350087	138.0	13	1.05	0.95				
	110	1	82.2550717368421	16.872835228070176	0.0	0.0	1	1.05	-1.1028714496317036	138.0	13	1.05	0.95				
	111	1	0.0	0.0	0.0	0.0	1	1.0038961910092483	0.6906203330737772	230.0	13	1.05	0.95				
	112	1	0.0	0.0	0.0	0.0	1	1.0089179419433114	0.3679486514820326	230.0	13	1.05	0.95				
	113	3	111.78253338596491	22.778327557894738	0.0	0.0	1	0.9940058004688096	7.570361093443034e-29	230.0	14	1.05	0.95				
	114	2	81.83325085614035	16.451014347368424	0.0	0.0	1	1.0010078565717708	2.7736160671572976	230.0	16	1.05	0.95				
	115	2	133.71721918245615	26.99653636491228	0.0	0.0	1	1.0398960198883023	9.185753863482482	230.0	16	1.05	0.95				
	116	2	42.18208807017544	8.436417614035088	0.0	0.0	1	1.0355264293027588	8.124714055500172	230.0	16	1.05	0.95				
	117	1	0.0	0.0	0.0	0.0	1	1.0419607549587693	11.970565330107295	230.0	17	1.05	0.95				
	118	2	140.4663532736842	28.683819887719302	0.0	0.0	1	1.0474777504629016	12.370218783488273	230.0	17	1.05	0.95				
	119	1	76.34957940701754	15.607372585964912	0.0	0.0	1	1.025498721008144	5.873237984168231	230.0	15	1.05	0.95				
	120	1	53.99307272982456	10.967342898245615	0.0	0.0	1	1.0197670040057691	4.263716144081815	230.0	15	1.05	0.95				
	121	2	0.0	0.0	0.0	0.0	1	1.05	13.383153784351792	230.0	17	1.05	0.95				
	122	2	0.0	0.0	0.0	0.0	1	1.05	24.48730649666047	230.0	17	1.05	0.95				
	123	2	0.0	0.0	0.0	0.0	1	1.0172347806591053	3.702065609240601	230.0	15	1.05	0.95				
	124	1	0.0	0.0	0.0	0.0	1	1.0310263908792343	7.205947366740253	230.0	16	1.05	0.95				
	201	2	43.45159767157895	8.851251377543859	0.0	0.0	2	1.0127955241338444	-14.025099125162484	138.0	21	1.05	0.95				
	202	2	39.025971982807015	8.04659216140351	0.0	0.0	2	1.0118758155159906	-14.32143652031988	138.0	22	1.05	0.95				
	203	1	72.41932945263157	14.886195498596491	0.0	0.0	2	1.015231142493963	-9.63272097454693	138.0	21	1.05	0.95				
	204	1	29.772390997192982	6.0349441210526305	0.0	0.0	2	1.0115639649268289	-13.937718704298687	138.0	21	1.05	0.95				
	205	1	28.565402172982452	5.632614512982456	0.0	0.0	2	1.0265287751922936	-14.415576708332202	138.0	21	1.05	0.95				
	206	1	54.716826697543866	11.265229025964912	0.0	-100.0	2	1.0421568141770439	-15.143932047500563	138.0	22	1.05	0.95				
	207	2	50.29120100877192	10.058240201754385	0.0	0.0	2	0.9944872888675373	-19.92155781374289	138.0	22	1.05	0.95				
	208	1	68.79836298	14.081536282456138	0.0	0.0	2	1.0007376774117933	-18.120049439480162	138.0	22	1.05	0.95				
	209	1	70.4076814122807	14.483865890526316	0.0	0.0	2	1.0228285447373684	-11.95464636293256	138.0	23	1.05	0.95				
	210	1	78.4542735736842	16.09318432280702	0.0	0.0	2	1.05	-13.509908296846824	138.0	23	1.05	0.95				
	211	1	0.0	0.0	0.0	0.0	2	1.0065914164205854	-8.918895015634103	230.0	23	1.05	0.95				
	212	1	0.0	0.0	0.0	0.0	2	1.0085883085471292	-8.246853401603625	230.0	23	1.05	0.95				
	213	2	106.61734613859647	21.725798835789476	0.0	0.0	2	1.0029397395617505	-7.5416070719487776	230.0	24	1.05	0.95				
	214	2	78.05194396561403	15.690854714736844	0.0	0.0	2	1.0089369716595007	-6.2077481906869965	230.0	26	1.05	0.95				
	215	2	127.5384857582456	25.749094916491227	0.0	0.0	2	1.0243352914098915	0.5963094365757676	230.0	26	1.05	0.95				
	216	2	40.23296080701754	8.04659216140351	0.0	0.0	2	1.0254327667869234	0.06797703299599187	230.0	26	1.05	0.95				
	217	1	0.0	0.0	0.0	0.0	2	1.028838657976615	1.664021644721883	230.0	27	1.05	0.95				
	218	2	133.9757594873684	27.358413348771933	0.0	0.0	2	1.0282354298133092	1.2675786535894058	230.0	27	1.05	0.95				
	219	1	72.82165906070175	14.886195498596491	0.0	0.0	2	1.0262816655016345	-0.2874118166399139	230.0	25	1.05	0.95				
	220	1	51.498189832982455	10.460569809824563	0.0	0.0	2	1.0295701964233794	0.19016375591283086	230.0	25	1.05	0.95				
	221	2	0.0	0.0	0.0	0.0	2	1.0302293999282512	1.8403884127938561	230.0	27	1.05	0.95				
	222	2	0.0	0.0	0.0	0.0	2	1.0499999984059678	8.26327009408165	230.0	27	1.05	0.95				
	223	2	0.0	0.0	0.0	0.0	2	1.0319114436943801	0.7587311212455334	230.0	25	1.05	0.95				
	224	1	0.0	0.0	0.0	0.0	2	1.008356725627789	-3.2396677040176334	230.0	26	1.05	0.95				
	301	2	66.72698514947368	13.592534011929825	0.0	0.0	3	1.0083595738641475	-15.905498857877665	138.0	31	1.05	0.95				
	302	2	59.93071814350876	12.356849101754385	0.0	0.0	3	1.007641058356013	-16.09492246329731	138.0	32	1.05	0.95				
	303	1	111.21164191578947	22.860170838245615	0.0	0.0	3	1.0300918720696182	-7.716946429087786	138.0	31	1.05	0.95				
	304	1	45.72034167649123	9.267636826315789	0.0	0.0	3	1.005995980643741	-14.31904345573387	138.0	31	1.05	0.95				
	305	1	43.86681431122807	8.649794371228072	0.0	0.0	3	1.020514386511219	-14.879294997877185	138.0	31	1.05	0.95				
	306	1	84.02657389192983	17.299588742456145	0.0	-100.0	3	1.0346092233477717	-14.99608966050591	138.0	32	1.05	0.95				
	307	2	77.23030688596491	15.446061377192983	0.0	0.0	3	0.9901875533259089	-22.537440253994113	138.0	32	1.05	0.95				
	308	1	105.65105982	21.624485928070175	0.0	0.0	3	0.9895927307799574	-19.562654082195266	138.0	32	1.05	0.95				
	309	1	108.12242964035089	22.242328383157894	0.0	0.0	3	1.0261207529877816	-10.340773920372737	138.0	33	1.05	0.95				
	310	1	120.47927874210527	24.71369820350877	0.0	0.0	3	1.05	-11.870873154532502	138.0	33	1.05	0.95				
	311	1	0.0	0.0	0.0	0.0	3	1.0156806986177758	-5.8129933725712455	230.0	33	1.05	0.95				
	312	1	0.0	0.0	0.0	0.0	3	1.0181742288157822	-4.202535032181992	230.0	33	1.05	0.95				
	313	2	163.7282505982456	33.36349257473684	0.0	0.0	3	1.0260600898813765	-0.8147653180345824	230.0	34	1.05	0.95				
	314	2	119.86143628701753	24.09585574842105	0.0	0.0	3	1.020304830516112	-4.917369027224906	230.0	36	1.05	0.95				
	315	2	195.856058262807	39.541917125614034	0.0	0.0	3	1.0382814299903511	-1.8048336533845752	230.0	36	1.05	0.95				
	316	2	61.78424550877193	12.356849101754385	0.0	0.0	3	1.038586376664868	-0.792320749172597	230.0	36	1.05	0.95				
	317	1	0.0	0.0	0.0	0.0	3	1.0439054037961784	1.1496707261778905	230.0	37	1.05	0.95				
	318	2	205.74153754421053	42.013286945964914	0.0	0.0	3	1.0400281265299176	-0.19796847373040433	230.0	37	1.05	0.95				
	319	1	111.82948437087718	22.860170838245615	0.0	0.0	3	1.0371495917706823	-0.004234137714834005	230.0	35	1.05	0.95				
	320	1	79.08383425122807	16.0639038322807	0.0	0.0	3	1.0373651964115889	0.3339953065460075	230.0	35	1.05	0.95				
	321	2	0.0	0.0	0.0	0.0	3	1.0410269078416032	-0.1532543264432207	230.0	37	1.05	0.95				
	322	2	0.0	0.0	0.0	0.0	3	1.05	4.682865308871653	230.0	37	1.05	0.95				
	323	2	0.0	0.0	0.0	0.0	3	1.038579997208564	0.8328370810120407	230.0	35	1.05	0.95				
	324	1	0.0	0.0	0.0	0.0	3	1.0286933209764928	-2.9034423433121126	230.0	36	1.05	0.95				
	325	1	0.0	0.0	0.0	0.0	3	1.0363103599433132	1.8836097946403825	230.0	35	1.05	0.95				
];
