%% MATPOWER Case Format : Version 2
function mpc = RTS_GMLC
mpc.version = '2';

%%-----  Power Flow Data  -----%%
%% system MVA base
mpc.baseMVA = 100.0;
%% bus data
%    bus_i    type    Pd    Qd    Gs    Bs    area    Vm    Va    baseKV    zone    Vmax    Vmin
mpc.bus = [
	101	2	44.207323124210525	9.005195451228069	0.0	0.0	1	1.0400750106302155	3.8822338935781184	138.0	11	1.05	0.95				
	102	2	39.70472539859649	8.186541319298247	0.0	0.0	1	1.0390611142046806	3.5929253370853265	138.0	12	1.05	0.95				
	103	1	73.6788718736842	15.145101440701753	0.0	0.0	1	1.0298153360292994	1.1856679048614058	138.0	11	1.05	0.95				
	104	1	30.290202881403506	6.139905989473683	0.0	0.0	1	1.0253128587420743	0.22029444857191127	138.0	11	1.05	0.95				
	105	1	29.06222168350877	5.730578923508772	0.0	0.0	1	1.0390532199492002	0.2871132269276615	138.0	11	1.05	0.95				
	106	1	55.66848097122807	11.461157847017544	0.0	-100.0	1	1.0470474504472986	-2.1912415062215085	138.0	12	1.05	0.95				
	107	2	51.16588324561403	10.233176649122806	0.0	0.0	1	1.00034379179602	-8.216637674547881	138.0	12	1.05	0.95				
	108	1	69.99492828	14.326447308771929	0.0	0.0	1	1.0047136550287656	-6.745147771666656	138.0	12	1.05	0.95				
	109	1	71.63223654385963	14.73577437473684	0.0	0.0	1	1.0245551392736896	-1.3969582343193978	138.0	13	1.05	0.95				
	110	1	79.81877786315789	16.373082638596493	0.0	0.0	1	1.05	-2.095865488446979	138.0	13	1.05	0.95				
	111	1	0.0	0.0	0.0	0.0	1	1.0024789781761891	0.04478171533940887	230.0	13	1.05	0.95				
	112	1	0.0	0.0	0.0	0.0	1	1.0076225704902788	0.2488480621738604	230.0	13	1.05	0.95				
	113	3	108.47167248070176	22.103661562105263	0.0	0.0	1	0.9932084518375608	2.638315166516299e-29	230.0	14	1.05	0.95				
	114	2	79.40945079719297	15.963755572631577	0.0	0.0	1	0.9986122640406118	2.007856577236706	230.0	16	1.05	0.95				
	115	2	129.75667991087718	26.19693222175438	0.0	0.0	1	1.035360947549753	7.453210055049248	230.0	16	1.05	0.95				
	116	2	40.93270659649122	8.186541319298247	0.0	0.0	1	1.0314548344420031	7.135335567271412	230.0	16	1.05	0.95				
	117	1	0.0	0.0	0.0	0.0	1	1.039393152785895	9.573120171740497	230.0	17	1.05	0.95				
	118	2	136.3059129663158	27.834240485614036	0.0	0.0	1	1.0426128078460974	9.716048665516405	230.0	17	1.05	0.95				
	119	1	74.08819893964912	15.145101440701753	0.0	0.0	1	1.0245048033956257	5.85491309590441	230.0	15	1.05	0.95				
	120	1	52.39386444350876	10.642503715087718	0.0	0.0	1	1.0211887378687867	5.44801414124015	230.0	15	1.05	0.95				
	121	2	0.0	0.0	0.0	0.0	1	1.0462673723808178	10.710331637848432	230.0	17	1.05	0.95				
	122	2	0.0	0.0	0.0	0.0	1	1.05	18.306327739331298	230.0	17	1.05	0.95				
	123	2	0.0	0.0	0.0	0.0	1	1.0198001396014036	5.543415553489157	230.0	15	1.05	0.95				
	124	1	0.0	0.0	0.0	0.0	1	1.0248258843535947	5.099831420403127	230.0	16	1.05	0.95				
	201	2	41.224618307368424	8.397607432982456	0.0	0.0	2	1.020561091982902	-9.401697641381226	138.0	21	1.05	0.95				
	202	2	37.02581459087719	7.634188575438597	0.0	0.0	2	1.020620611562749	-9.427266321146606	138.0	22	1.05	0.95				
	203	1	68.70769717894737	14.123248864561402	0.0	0.0	2	1.0170445201525564	-7.496981363957737	138.0	21	1.05	0.95				
	204	1	28.246497729122805	5.725641431578947	0.0	0.0	2	1.0160752068314498	-10.25214940800885	138.0	21	1.05	0.95				
	205	1	27.101369442807016	5.343932002807017	0.0	0.0	2	1.030775364410807	-10.559234102570985	138.0	21	1.05	0.95				
	206	1	51.912482312982455	10.687864005614035	0.0	-100.0	2	1.0446976527489913	-11.618947921867864	138.0	22	1.05	0.95				
	207	2	47.71367859649123	9.542735719298246	0.0	0.0	2	0.994703343550144	-16.698981670362315	138.0	22	1.05	0.95				
	208	1	65.27231232	13.359830007017543	0.0	0.0	2	1.0016722841203314	-15.007905636139991	138.0	22	1.05	0.95				
	209	1	66.79915003508772	13.741539435789473	0.0	0.0	2	1.022661340314531	-9.344029588522865	138.0	23	1.05	0.95				
	210	1	74.4333386105263	15.268377150877194	0.0	0.0	2	1.05	-10.498196430163778	138.0	23	1.05	0.95				
	211	1	0.0	0.0	0.0	0.0	2	1.0032973288123959	-6.760764046838061	230.0	23	1.05	0.95				
	212	1	0.0	0.0	0.0	0.0	2	1.0064128515026356	-6.1899441217870255	230.0	23	1.05	0.95				
	213	2	101.15299862456139	20.612309153684212	0.0	0.0	2	0.9965466494191134	-5.708296588626371	230.0	24	1.05	0.95				
	214	2	74.05162918175438	14.886667722105262	0.0	0.0	2	1.0028830536930162	-4.385953074685433	230.0	26	1.05	0.95				
	215	2	121.00188892070175	24.429403441403508	0.0	0.0	2	1.0213019614593164	1.614138301291517	230.0	26	1.05	0.95				
	216	2	38.170942877192985	7.634188575438597	0.0	0.0	2	1.021830113666229	1.2733749870670033	230.0	26	1.05	0.95				
	217	1	0.0	0.0	0.0	0.0	2	1.0270732867856736	2.9745388233477232	230.0	27	1.05	0.95				
	218	2	127.10923978105264	25.956241156491227	0.0	0.0	2	1.026511063448493	2.5391018980301814	230.0	27	1.05	0.95				
	219	1	69.0894066077193	14.123248864561402	0.0	0.0	2	1.0213336455401467	0.7979366099669918	230.0	25	1.05	0.95				
	220	1	48.858806882807016	9.924445148070175	0.0	0.0	2	1.0232512536521243	1.138827572339906	230.0	25	1.05	0.95				
	221	2	0.0	0.0	0.0	0.0	2	1.0283319822066324	3.031554419112075	230.0	27	1.05	0.95				
	222	2	0.0	0.0	0.0	0.0	2	1.049999902822603	9.499388802541228	230.0	27	1.05	0.95				
	223	2	0.0	0.0	0.0	0.0	2	1.0247223042371907	1.6219106743705392	230.0	25	1.05	0.95				
	224	1	0.0	0.0	0.0	0.0	2	1.0084709322178076	-1.8182211024738788	230.0	26	1.05	0.95				
	301	2	53.41917114947369	10.881683011929825	0.0	0.0	3	1.0071249099695436	-16.15587335198225	138.0	31	1.05	0.95				
	302	2	47.97832964350877	9.892439101754386	0.0	0.0	3	1.0067792425386113	-16.24825835844287	138.0	32	1.05	0.95				
	303	1	89.03195191578948	18.301012338245613	0.0	0.0	3	1.0178000027353893	-11.47465003988681	138.0	31	1.05	0.95				
	304	1	36.602024676491226	7.419329326315789	0.0	0.0	3	1.0076122024047203	-14.682538033082874	138.0	31	1.05	0.95				
	305	1	35.11815881122807	6.92470737122807	0.0	0.0	3	1.0216858368669435	-14.994371021167586	138.0	31	1.05	0.95				
	306	1	67.26858589192982	13.84941474245614	0.0	-100.0	3	1.0380828538266995	-14.921287723902127	138.0	32	1.05	0.95				
	307	2	61.82774438596491	12.365548877192982	0.0	0.0	3	0.9950631415667505	-20.33323319594026	138.0	32	1.05	0.95				
	308	1	84.58035432	17.311768428070174	0.0	0.0	3	0.9989057655916375	-18.054990913170116	138.0	32	1.05	0.95				
	309	1	86.55884214035088	17.806390383157893	0.0	0.0	3	1.0245239055137927	-11.372233361584614	138.0	33	1.05	0.95				
	310	1	96.45128124210525	19.78487820350877	0.0	0.0	3	1.05	-12.245650998800578	138.0	33	1.05	0.95				
	311	1	0.0	0.0	0.0	0.0	3	1.0086698009584885	-6.437196885336944	230.0	33	1.05	0.95				
	312	1	0.0	0.0	0.0	0.0	3	1.0120761512550378	-5.778351056620685	230.0	33	1.05	0.95				
	313	2	131.0748180982456	26.709585574736845	0.0	0.0	3	1.0152478268372849	-2.0183576761128648	230.0	34	1.05	0.95				
	314	2	95.95665928701754	19.290256248421052	0.0	0.0	3	1.0099892573201952	-4.874512481480001	230.0	36	1.05	0.95				
	315	2	156.795159762807	31.655805125614034	0.0	0.0	3	1.0256425390187138	-4.10829871943651	230.0	36	1.05	0.95				
	316	2	49.46219550877193	9.892439101754386	0.0	0.0	3	1.0256367532644481	-3.0968917939130307	230.0	36	1.05	0.95				
	317	1	0.0	0.0	0.0	0.0	3	1.0296137832842434	-2.408619035352927	230.0	37	1.05	0.95				
	318	2	164.70911104421054	33.63429294596491	0.0	0.0	3	1.0275584593256644	-2.8978785848271698	230.0	37	1.05	0.95				
	319	1	89.52657387087719	18.301012338245613	0.0	0.0	3	1.0251742057278321	-2.2790342589651664	230.0	35	1.05	0.95				
	320	1	63.31161025122807	12.860170832280701	0.0	0.0	3	1.0263595175446625	-1.5291814340889316	230.0	35	1.05	0.95				
	321	2	0.0	0.0	0.0	0.0	3	1.0290530444350303	-2.753494795397328	230.0	37	1.05	0.95				
	322	2	0.0	0.0	0.0	0.0	3	1.042552737529734	1.7510871231493519	230.0	37	1.05	0.95				
	323	2	0.0	0.0	0.0	0.0	3	1.027412810597874	-0.993142534350152	230.0	35	1.05	0.95				
	324	1	0.0	0.0	0.0	0.0	3	1.015131845380981	-5.562948118969579	230.0	36	1.05	0.95				
	325	1	0.0	0.0	0.0	0.0	3	1.026168537675284	-0.0009022803238723158	230.0	35	1.05	0.95				
];
