%% MATPOWER Case Format : Version 2
function mpc = RTS_GMLC
mpc.version = '2';

%%-----  Power Flow Data  -----%%
%% system MVA base
mpc.baseMVA = 100.0;
%% bus data
%    bus_i    type    Pd    Qd    Gs    Bs    area    Vm    Va    baseKV    zone    Vmax    Vmin
mpc.bus = [
	101	2	38.52944086736842	7.84858980631579	0.0	0.0	1	0.9875137055463816	-6.234373695954185	138.0	11	1.05	0.95				
	102	2	34.60514596421053	7.135081642105264	0.0	0.0	1	0.9873736131820243	-6.398200888635585	138.0	12	1.05	0.95				
	103	1	64.21573477894738	13.199901037894737	0.0	0.0	1	1.0203462078528664	0.1442798039143412	138.0	11	1.05	0.95				
	104	1	26.399802075789474	5.351311231578947	0.0	0.0	1	1.0027631889899564	-5.577221074496267	138.0	11	1.05	0.95				
	105	1	25.329539829473685	4.994557149473685	0.0	0.0	1	1.01420208054504	-6.361515494447156	138.0	11	1.05	0.95				
	106	1	48.51855516631579	9.98911429894737	0.0	-100.0	1	1.0374714546513606	-6.887440882601075	138.0	12	1.05	0.95				
	107	2	44.59426026315789	8.918852052631578	0.0	0.0	1	0.9897813980690466	-9.940291295415358	138.0	12	1.05	0.95				
	108	1	61.004948039999995	12.48639287368421	0.0	0.0	1	1.0007043166919591	-8.69373825687093	138.0	12	1.05	0.95				
	109	1	62.431964368421056	12.843146955789472	0.0	0.0	1	1.0255887970583115	-3.433362365336842	138.0	13	1.05	0.95				
	110	1	69.56704601052631	14.270163284210527	0.0	0.0	1	1.05	-5.321538816902312	138.0	13	1.05	0.95				
	111	1	0.0	0.0	0.0	0.0	1	1.0182241215345136	-0.28096101590598227	230.0	13	1.05	0.95				
	112	1	0.0	0.0	0.0	0.0	1	1.0133202160306256	-1.3676196923611716	230.0	13	1.05	0.95				
	113	3	94.53983175789473	19.26472043368421	0.0	0.0	1	1.0003817411480733	-1.083212154896911e-28	230.0	14	1.05	0.95				
	114	2	69.21029192842106	13.913409202105264	0.0	0.0	1	1.044924758269816	3.4893083062577532	230.0	16	1.05	0.95				
	115	2	113.09104402736843	22.832261254736842	0.0	0.0	1	1.0393757809269681	12.879916293794576	230.0	16	1.05	0.95				
	116	2	35.675408210526314	7.135081642105264	0.0	0.0	1	1.0403588043964722	11.153028172814501	230.0	16	1.05	0.95				
	117	1	0.0	0.0	0.0	0.0	1	1.038750546628964	17.126483543041537	230.0	17	1.05	0.95				
	118	2	118.79910934105264	24.259277583157896	0.0	0.0	1	1.0468795183830948	17.708719086061887	230.0	17	1.05	0.95				
	119	1	64.57248886105263	13.199901037894737	0.0	0.0	1	1.0360078913315776	7.080919848642271	230.0	15	1.05	0.95				
	120	1	45.664522509473684	9.275606134736842	0.0	0.0	1	1.0380239314338833	4.221672860011915	230.0	15	1.05	0.95				
	121	2	0.0	0.0	0.0	0.0	1	1.0396609320367503	19.176587527471888	230.0	17	1.05	0.95				
	122	2	0.0	0.0	0.0	0.0	1	1.05	37.16706296757673	230.0	17	1.05	0.95				
	123	2	0.0	0.0	0.0	0.0	1	1.039963792843788	2.922583472338066	230.0	15	1.05	0.95				
	124	1	0.0	0.0	0.0	0.0	1	1.016235788389545	8.14453035733578	230.0	16	1.05	0.95				
	201	2	35.46167165052632	7.223673854736844	0.0	0.0	2	1.0063679941503925	-12.522196008634674	138.0	21	1.05	0.95				
	202	2	31.849834723157898	6.566976231578948	0.0	0.0	2	1.0047362948119027	-12.781117732464482	138.0	22	1.05	0.95				
	203	1	59.102786084210535	12.148906028421054	0.0	0.0	2	1.0144746826005082	-9.588632293613689	138.0	21	1.05	0.95				
	204	1	24.29781205684211	4.925232173684211	0.0	0.0	2	1.0101432874518355	-12.698013559217422	138.0	21	1.05	0.95				
	205	1	23.312765622105264	4.596883362105264	0.0	0.0	2	1.024294375900563	-13.027724816757896	138.0	21	1.05	0.95				
	206	1	44.65543837473685	9.193766724210528	0.0	-100.0	2	1.0424972813729938	-13.753069695545687	138.0	22	1.05	0.95				
	207	2	41.04360144736843	8.208720289473685	0.0	0.0	2	0.9895215059786423	-17.52537852584412	138.0	22	1.05	0.95				
	208	1	56.14764678	11.492208405263158	0.0	0.0	2	1.0008675813891839	-16.143162087271097	138.0	22	1.05	0.95				
	209	1	57.4610420263158	11.820557216842106	0.0	0.0	2	1.0232038601395352	-11.25655357163482	138.0	23	1.05	0.95				
	210	1	64.02801825789474	13.133952463157897	0.0	0.0	2	1.05	-12.465260291768834	138.0	23	1.05	0.95				
	211	1	0.0	0.0	0.0	0.0	2	1.0031167401452488	-8.789991296053525	230.0	23	1.05	0.95				
	212	1	0.0	0.0	0.0	0.0	2	1.0123412671009842	-8.195083106818906	230.0	23	1.05	0.95				
	213	2	87.01243506842106	17.73083582526316	0.0	0.0	2	1.0017179167704884	-7.651310906879118	230.0	24	1.05	0.95				
	214	2	63.699669446315795	12.80560365157895	0.0	0.0	2	0.997270376348277	-6.570887115287732	230.0	26	1.05	0.95				
	215	2	104.08657327052633	21.014323941052634	0.0	0.0	2	1.0241837886451675	-0.9825985058912611	230.0	26	1.05	0.95				
	216	2	32.83488115789474	6.566976231578948	0.0	0.0	2	1.0261944605567461	-1.585652260642658	230.0	26	1.05	0.95				
	217	1	0.0	0.0	0.0	0.0	2	1.0329995948826804	0.34364166180541894	230.0	27	1.05	0.95				
	218	2	109.34015425578949	22.327719187368427	0.0	0.0	2	1.031493380962603	0.017797924487732153	230.0	27	1.05	0.95				
	219	1	59.431134895789484	12.148906028421054	0.0	0.0	2	1.0325686875326359	-1.80514634957889	230.0	25	1.05	0.95				
	220	1	42.02864788210527	8.537069101052634	0.0	0.0	2	1.0397360919141831	-1.3583278079971304	230.0	25	1.05	0.95				
	221	2	0.0	0.0	0.0	0.0	2	1.032019672864861	0.47824045160824313	230.0	27	1.05	0.95				
	222	2	0.0	0.0	0.0	0.0	2	1.049999997749789	6.920300411381356	230.0	27	1.05	0.95				
	223	2	0.0	0.0	0.0	0.0	2	1.0438227355415992	-0.8689644259477028	230.0	25	1.05	0.95				
	224	1	0.0	0.0	0.0	0.0	2	1.0098353846564545	-4.20522569636	230.0	26	1.05	0.95				
	301	2	42.38342295157895	8.633660230877192	0.0	0.0	3	1.0127636402167592	13.836595816860948	138.0	31	1.05	0.95				
	302	2	38.066592836140345	7.848782028070175	0.0	0.0	3	1.011464767433985	13.476672274553568	138.0	32	1.05	0.95				
	303	1	70.63903825263156	14.520246751929825	0.0	0.0	3	1.05	28.381649368337705	138.0	31	1.05	0.95				
	304	1	29.04049350385965	5.886586521052631	0.0	0.0	3	1.0069667104422548	14.592186399685124	138.0	31	1.05	0.95				
	305	1	27.86317619964912	5.494147419649123	0.0	0.0	3	1.0225111732285852	12.163119572539276	138.0	31	1.05	0.95				
	306	1	53.37171779087719	10.988294839298247	0.0	-100.0	3	1.035721587112355	10.733703772704501	138.0	32	1.05	0.95				
	307	2	49.05488767543859	9.81097753508772	0.0	0.0	3	0.95	7.605253283790212	138.0	32	1.05	0.95				
	308	1	67.10708634	13.735368549122807	0.0	0.0	3	0.9714617637830042	9.265334550238993	138.0	32	1.05	0.95				
	309	1	68.67684274561402	14.127807650526314	0.0	0.0	3	1.0150718682692705	17.15458314515053	138.0	33	1.05	0.95				
	310	1	76.5256247736842	15.69756405614035	0.0	0.0	3	1.0418908849208932	11.75796349624427	138.0	33	1.05	0.95				
	311	1	0.0	0.0	0.0	0.0	3	1.003010254232164	15.164527887157554	230.0	33	1.05	0.95				
	312	1	0.0	0.0	0.0	0.0	3	1.0080448414049303	15.065812723030687	230.0	33	1.05	0.95				
	313	2	103.99636187192982	21.191711475789475	0.0	0.0	3	1.001535839466399	14.956659790565544	230.0	34	1.05	0.95				
	314	2	76.13318567228069	15.30512495473684	0.0	0.0	3	0.9999597028754559	16.152537856259535	230.0	36	1.05	0.95				
	315	2	124.40319514491227	25.11610248982456	0.0	0.0	3	1.0499999754198988	20.36676839379518	230.0	36	1.05	0.95				
	316	2	39.24391014035088	7.848782028070175	0.0	0.0	3	1.0345185719725334	19.818123244344285	230.0	36	1.05	0.95				
	317	1	0.0	0.0	0.0	0.0	3	1.05	24.465201247693994	230.0	37	1.05	0.95				
	318	2	130.68222076736842	26.685858895438596	0.0	0.0	3	1.0466107126258415	21.04637073560923	230.0	37	1.05	0.95				
	319	1	71.03147735403509	14.520246751929825	0.0	0.0	3	1.0248505678234052	17.935625844640665	230.0	35	1.05	0.95				
	320	1	50.23220497964912	10.203416636491228	0.0	0.0	3	1.0195777564687971	17.048272286761943	230.0	35	1.05	0.95				
	321	2	0.0	0.0	0.0	0.0	3	1.0499999768919672	21.47901480913797	230.0	37	1.05	0.95				
	322	2	0.0	0.0	0.0	0.0	3	1.0499999843321415	26.99909289663527	230.0	37	1.05	0.95				
	323	2	0.0	0.0	0.0	0.0	3	1.0170419052114983	16.865563458680107	230.0	35	1.05	0.95				
	324	1	0.0	0.0	0.0	0.0	3	1.0472599539506013	23.43177786526593	230.0	36	1.05	0.95				
	325	1	0.0	0.0	0.0	0.0	3	1.019329227753834	17.074403738401156	230.0	35	1.05	0.95				
];
