%% MATPOWER Case Format : Version 2
function mpc = RTS_GMLC
mpc.version = '2';

%%-----  Power Flow Data  -----%%
%% system MVA base
mpc.baseMVA = 100.0;
%% bus data
%    bus_i    type    Pd    Qd    Gs    Bs    area    Vm    Va    baseKV    zone    Vmax    Vmin
mpc.bus = [
	101	2	38.943592294736845	7.932953985964912	0.0	0.0	1	1.0126304985708314	-3.8847627371384017	138.0	11	1.05	0.95				
	102	2	34.97711530175439	7.211776350877193	0.0	0.0	1	1.012563262292719	-4.0821608929319515	138.0	12	1.05	0.95				
	103	1	64.90598715789474	13.341786249122805	0.0	0.0	1	1.0027543113931938	0.49027643569891755	138.0	11	1.05	0.95				
	104	1	26.68357249824561	5.408832263157894	0.0	0.0	1	1.0037670922028539	-3.939347384044889	138.0	11	1.05	0.95				
	105	1	25.601806045614033	5.048243445614036	0.0	0.0	1	1.0177528480293332	-4.906158519676277	138.0	11	1.05	0.95				
	106	1	49.04007918596491	10.096486891228071	0.0	-100.0	1	1.0288009317310023	-5.929272277863116	138.0	12	1.05	0.95				
	107	2	45.073602192982456	9.014720438596491	0.0	0.0	1	0.98584976584153	-9.004584950581547	138.0	12	1.05	0.95				
	108	1	61.66068779999999	12.620608614035087	0.0	0.0	1	0.9895540843567039	-8.014051328786605	138.0	12	1.05	0.95				
	109	1	63.10304307017544	12.981197431578947	0.0	0.0	1	1.0027728564504537	-3.0389049355934006	138.0	13	1.05	0.95				
	110	1	70.31481942105262	14.423552701754385	0.0	0.0	1	1.0312312904454506	-4.7487384457997095	138.0	13	1.05	0.95				
	111	1	0.0	0.0	0.0	0.0	1	0.9802180333565446	-0.6932015961435121	230.0	13	1.05	0.95				
	112	1	0.0	0.0	0.0	0.0	1	0.982174478200237	-1.3603135072639911	230.0	13	1.05	0.95				
	113	3	95.5560366491228	19.471796147368423	0.0	0.0	1	0.9614460954318967	2.436490836041185e-26	230.0	14	1.05	0.95				
	114	2	69.95423060350878	14.062963884210525	0.0	0.0	1	0.9864375835864424	2.072072397838267	230.0	16	1.05	0.95				
	115	2	114.3066551614035	23.077684322807016	0.0	0.0	1	0.9885995529544278	9.737142719958184	230.0	16	1.05	0.95				
	116	2	36.058881754385965	7.211776350877193	0.0	0.0	1	0.9878786440158964	8.449602324847667	230.0	16	1.05	0.95				
	117	1	0.0	0.0	0.0	0.0	1	0.9915451590794214	13.28621951427934	230.0	17	1.05	0.95				
	118	2	120.07607624210526	24.520039592982457	0.0	0.0	1	0.9966952376724054	13.787284432986507	230.0	17	1.05	0.95				
	119	1	65.26657597543858	13.341786249122805	0.0	0.0	1	0.988570323485157	5.40828845497119	230.0	15	1.05	0.95				
	120	1	46.15536864561403	9.37530925614035	0.0	0.0	1	0.9927181615927411	3.108129356724356	230.0	15	1.05	0.95				
	121	2	0.0	0.0	0.0	0.0	1	0.9970966589561738	14.885596253739397	230.0	17	1.05	0.95				
	122	2	0.0	0.0	0.0	0.0	1	1.0105502014709535	28.961133795141443	230.0	17	1.05	0.95				
	123	2	0.0	0.0	0.0	0.0	1	0.9956651488301007	2.146048890486164	230.0	15	1.05	0.95				
	124	1	0.0	0.0	0.0	0.0	1	0.9828774885032006	6.185621654857914	230.0	16	1.05	0.95				
	201	2	40.83362192842106	8.317960022456141	0.0	0.0	2	1.0107476694057058	-9.729119613204547	138.0	21	1.05	0.95				
	202	2	36.674641917192986	7.561781838596493	0.0	0.0	2	1.0096816046937933	-9.8877011082012	138.0	22	1.05	0.95				
	203	1	68.05603654736842	13.989296401403509	0.0	0.0	2	0.9975976535632091	-7.3917023511201965	138.0	21	1.05	0.95				
	204	1	27.978592802807018	5.671336378947369	0.0	0.0	2	1.0020458066415538	-8.984921451262855	138.0	21	1.05	0.95				
	205	1	26.844325527017542	5.293247287017545	0.0	0.0	2	1.0180619964830553	-9.310205021463645	138.0	21	1.05	0.95				
	206	1	51.420116502456146	10.58649457403509	0.0	-100.0	2	1.03039958962973	-9.559807116443874	138.0	22	1.05	0.95				
	207	2	47.26113649122807	9.452227298245615	0.0	0.0	2	0.9717068198150071	-13.998237846307756	138.0	22	1.05	0.95				
	208	1	64.65323472000001	13.23311821754386	0.0	0.0	2	0.9816819681546078	-12.2932963258984	138.0	22	1.05	0.95				
	209	1	66.1655910877193	13.611207309473686	0.0	0.0	2	1.0069377959106272	-6.630024484479901	138.0	23	1.05	0.95				
	210	1	73.7273729263158	15.123563677192987	0.0	0.0	2	1.0346607737235574	-7.637838183635181	138.0	23	1.05	0.95				
	211	1	0.0	0.0	0.0	0.0	2	0.9864820365546298	-4.486566282349991	230.0	23	1.05	0.95				
	212	1	0.0	0.0	0.0	0.0	2	0.9894550319366863	0.049515933567439725	230.0	23	1.05	0.95				
	213	2	100.19360936140352	20.41681096421053	0.0	0.0	2	0.9821242316315448	-2.0943550425405677	230.0	24	1.05	0.95				
	214	2	73.34928383438597	14.74547458526316	0.0	0.0	2	0.9809180820920094	-3.7803759576728986	230.0	26	1.05	0.95				
	215	2	119.8542421417544	24.197701883508774	0.0	0.0	2	0.9900839847848695	-0.09866528113212131	230.0	26	1.05	0.95				
	216	2	37.80890919298246	7.561781838596493	0.0	0.0	2	0.988195405276627	-0.29808462378933065	230.0	26	1.05	0.95				
	217	1	0.0	0.0	0.0	0.0	2	0.9984724042095086	0.5546373896041364	230.0	27	1.05	0.95				
	218	2	125.90366761263158	25.710058251228073	0.0	0.0	2	0.9993045961331923	0.08458065627973041	230.0	27	1.05	0.95				
	219	1	68.43412563929824	13.989296401403509	0.0	0.0	2	0.9824870302349572	0.5330933792340933	230.0	25	1.05	0.95				
	220	1	48.39540376701755	9.830316390175438	0.0	0.0	2	0.9803791700660015	2.068525478129728	230.0	25	1.05	0.95				
	221	2	0.0	0.0	0.0	0.0	2	1.001546350554159	0.593930107682206	230.0	27	1.05	0.95				
	222	2	0.0	0.0	0.0	0.0	2	1.0189099237136017	5.290504736173195	230.0	27	1.05	0.95				
	223	2	0.0	0.0	0.0	0.0	2	0.9802304403108296	3.236441656077336	230.0	25	1.05	0.95				
	224	1	0.0	0.0	0.0	0.0	2	0.9838804711527569	-2.881450209572124	230.0	26	1.05	0.95				
	301	2	50.942106909473694	10.377095851929825	0.0	0.0	3	1.0092279906869444	15.847533523399356	138.0	31	1.05	0.95				
	302	2	45.753558983508775	9.433723501754388	0.0	0.0	3	1.0094587168648426	15.74041809476468	138.0	32	1.05	0.95				
	303	1	84.90351151578948	17.452388478245613	0.0	0.0	3	1.0018321002174142	21.105937923213023	138.0	31	1.05	0.95				
	304	1	34.904776956491226	7.07529262631579	0.0	0.0	3	1.000570285972639	17.37083573976846	138.0	31	1.05	0.95				
	305	1	33.48971843122807	6.603606451228071	0.0	0.0	3	1.0165518623165377	16.951257520961462	138.0	31	1.05	0.95				
	306	1	64.14931981192983	13.207212902456142	0.0	-100.0	3	1.0290513734246325	17.00829100685747	138.0	32	1.05	0.95				
	307	2	58.96077188596492	11.792154377192983	0.0	0.0	3	0.9693179586001044	14.119102522382402	138.0	32	1.05	0.95				
	308	1	80.65833594	16.509016128070176	0.0	0.0	3	0.9838875362741081	16.216499546068516	138.0	32	1.05	0.95				
	309	1	82.54508064035088	16.980702303157894	0.0	0.0	3	1.008879431430663	20.707840229084812	138.0	33	1.05	0.95				
	310	1	91.97880414210526	18.867447003508776	0.0	0.0	3	1.0366918902061533	19.614284804263324	138.0	33	1.05	0.95				
	311	1	0.0	0.0	0.0	0.0	3	0.9876330728936586	24.85349110258946	230.0	33	1.05	0.95				
	312	1	0.0	0.0	0.0	0.0	3	0.9961416157879843	24.991238256675636	230.0	33	1.05	0.95				
	313	2	124.99683639824562	25.471053454736847	0.0	0.0	3	0.9974281702730785	29.26453886924922	230.0	34	1.05	0.95				
	314	2	91.50711796701755	18.395760828421054	0.0	0.0	3	0.9766875250817912	25.819772263600424	230.0	36	1.05	0.95				
	315	2	149.52451750280702	30.187915205614036	0.0	0.0	3	0.9814822520037276	24.650020703942246	230.0	36	1.05	0.95				
	316	2	47.16861750877193	9.433723501754388	0.0	0.0	3	0.9704042375332104	25.71870538817758	230.0	36	1.05	0.95				
	317	1	0.0	0.0	0.0	0.0	3	0.9893408160853977	28.639900614141922	230.0	37	1.05	0.95				
	318	2	157.07149630421054	32.074659905964914	0.0	0.0	3	0.9855851414674283	24.900711237156344	230.0	37	1.05	0.95				
	319	1	85.3751976908772	17.452388478245613	0.0	0.0	3	0.9811034396151352	25.604507630418578	230.0	35	1.05	0.95				
	320	1	60.37583041122807	12.263840552280703	0.0	0.0	3	0.9911120536606727	25.13889104844194	230.0	35	1.05	0.95				
	321	2	0.0	0.0	0.0	0.0	3	0.9920597915502898	25.295238035334812	230.0	37	1.05	0.95				
	322	2	0.0	0.0	0.0	0.0	3	1.008898679476369	29.39182569073611	230.0	37	1.05	0.95				
	323	2	0.0	0.0	0.0	0.0	3	0.9961038852288485	24.682437411672158	230.0	35	1.05	0.95				
	324	1	0.0	0.0	0.0	0.0	3	0.9853395230492181	24.770982584363182	230.0	36	1.05	0.95				
