%% MATPOWER Case Format : Version 2
function mpc = RTS_GMLC
mpc.version = '2';

%%-----  Power Flow Data  -----%%
%% system MVA base
mpc.baseMVA = 100.0;
%% bus data
%    bus_i    type    Pd    Qd    Gs    Bs    area    Vm    Va    baseKV    zone    Vmax    Vmin
mpc.bus = [
	101	2	46.46511629052632	9.465116281403509	0.0	0.0	1	1.0050197347345193	-0.6390121646692186	138.0	11	1.05	0.95				
	102	2	41.732558149824555	8.60465116491228	0.0	0.0	1	1.0031882845138549	-1.222315337906207	138.0	12	1.05	0.95				
	103	1	77.44186048421052	15.918604655087718	0.0	0.0	1	1.0211503139806786	2.4221555087704045	138.0	11	1.05	0.95				
	104	1	31.837209310175435	6.45348837368421	0.0	0.0	1	1.0093795456451973	-2.6076221643876343	138.0	11	1.05	0.95				
	105	1	30.546511635438595	6.0232558154385964	0.0	0.0	1	1.0217472863810284	-3.045898290037585	138.0	11	1.05	0.95				
	106	1	58.51162792140351	12.046511630877193	0.0	-100.0	1	1.0386556450379363	-4.933382089165395	138.0	12	1.05	0.95				
	107	2	53.77906978070175	10.75581395614035	0.0	0.0	1	0.9840466669378453	-11.7806177245976	138.0	12	1.05	0.95				
	108	1	73.56976746	15.05813953859649	0.0	0.0	1	0.9933819935152686	-9.458136344698046	138.0	12	1.05	0.95				
	109	1	75.29069769298246	15.488372096842104	0.0	0.0	1	1.0246621660234696	-2.3536607761672226	138.0	13	1.05	0.95				
	110	1	83.89534885789473	17.20930232982456	0.0	0.0	1	1.05	-4.0424226947327755	138.0	13	1.05	0.95				
	111	1	0.0	0.0	0.0	0.0	1	1.020029354834273	0.5103989904123932	230.0	13	1.05	0.95				
	112	1	0.0	0.0	0.0	0.0	1	1.0158156303666446	-0.8394518614142987	230.0	13	1.05	0.95				
	113	3	114.0116279350877	23.23255814526316	0.0	0.0	1	1.000020389250559	1.0505853088666671e-29	230.0	14	1.05	0.95				
	114	2	83.46511629964911	16.779069771578946	0.0	0.0	1	1.05	4.535626534685336	230.0	16	1.05	0.95				
	115	2	136.38372096385964	27.5348837277193	0.0	0.0	1	1.0380390188004227	15.328254947492287	230.0	16	1.05	0.95				
	116	2	43.0232558245614	8.60465116491228	0.0	0.0	1	1.039227046573163	13.080489068644978	230.0	16	1.05	0.95				
	117	1	0.0	0.0	0.0	0.0	1	1.0374425166932777	19.853895276204213	230.0	17	1.05	0.95				
	118	2	143.26744189578946	29.255813960701754	0.0	0.0	1	1.0470925702985796	20.761572406835953	230.0	17	1.05	0.95				
	119	1	77.87209304245614	15.918604655087718	0.0	0.0	1	1.0374852283143152	8.060865289683187	230.0	15	1.05	0.95				
	120	1	55.0697674554386	11.186046514385966	0.0	0.0	1	1.044533231922102	4.536420252082293	230.0	15	1.05	0.95				
	121	2	0.0	0.0	0.0	0.0	1	1.0424273381404014	22.689689234228098	230.0	17	1.05	0.95				
	122	2	0.0	0.0	0.0	0.0	1	1.05	40.65785906609222	230.0	17	1.05	0.95				
	123	2	0.0	0.0	0.0	0.0	1	1.05	2.9350980901097636	230.0	15	1.05	0.95				
	124	1	0.0	0.0	0.0	0.0	1	1.0154769549176814	10.519811543573951	230.0	16	1.05	0.95				
	201	2	42.159609625263165	8.588068627368422	0.0	0.0	2	1.0134092493476892	-17.715777016253146	138.0	21	1.05	0.95				
	202	2	37.86557531157895	7.807335115789475	0.0	0.0	2	1.0125312337184558	-18.01557736357014	138.0	22	1.05	0.95				
	203	1	70.26601604210528	14.443569964210528	0.0	0.0	2	1.0129511288761535	-13.225876567082594	138.0	21	1.05	0.95				
	204	1	28.887139928421057	5.855501336842106	0.0	0.0	2	1.0116836248313694	-17.686446733590092	138.0	21	1.05	0.95				
	205	1	27.716039661052633	5.465134581052633	0.0	0.0	2	1.0270186625954778	-18.166218274652714	138.0	21	1.05	0.95				
	206	1	53.08987878736843	10.930269162105265	0.0	-100.0	2	1.0426538995995152	-18.918208631981262	138.0	22	1.05	0.95				
	207	2	48.79584447368421	9.759168894736844	0.0	0.0	2	0.9954825809700224	-23.545463229076027	138.0	22	1.05	0.95				
	208	1	66.75271524	13.66283645263158	0.0	0.0	2	1.0016166552751995	-21.802191667070993	138.0	22	1.05	0.95				
	209	1	68.3141822631579	14.053203208421053	0.0	0.0	2	1.0220265582017076	-15.794476153434188	138.0	23	1.05	0.95				
	210	1	76.12151737894737	15.61467023157895	0.0	0.0	2	1.05	-17.358989907215204	138.0	23	1.05	0.95				
	211	1	0.0	0.0	0.0	0.0	2	1.0068370880112967	-12.932377479872144	230.0	23	1.05	0.95				
	212	1	0.0	0.0	0.0	0.0	2	1.006660542482361	-12.325354787415675	230.0	23	1.05	0.95				
	213	2	103.44719028421052	21.079804812631583	0.0	0.0	2	1.0000179004412773	-11.712889760463655	230.0	24	1.05	0.95				
	214	2	75.7311506231579	15.224303475789474	0.0	0.0	2	1.0120071360525675	-10.261519140856784	230.0	26	1.05	0.95				
	215	2	123.74626158526316	24.983472370526318	0.0	0.0	2	1.0287256691732753	-3.255981006876617	230.0	26	1.05	0.95				
	216	2	39.036675578947374	7.807335115789475	0.0	0.0	2	1.02964886813695	-4.13069046408988	230.0	26	1.05	0.95				
	217	1	0.0	0.0	0.0	0.0	2	1.0371571096287233	-1.76123800659055	230.0	27	1.05	0.95				
	218	2	129.99212967789475	26.544939393684214	0.0	0.0	2	1.0361461895777018	-2.244749534124922	230.0	27	1.05	0.95				
	219	1	70.65638279789475	14.443569964210528	0.0	0.0	2	1.0262553343196108	-4.535741389735909	230.0	25	1.05	0.95				
	220	1	49.966944741052636	10.149535650526317	0.0	0.0	2	1.0257186091519326	-4.12501176365622	230.0	25	1.05	0.95				
	221	2	0.0	0.0	0.0	0.0	2	1.0361404978730266	-1.7839990239909662	230.0	27	1.05	0.95				
	222	2	0.0	0.0	0.0	0.0	2	1.05	4.724198539647833	230.0	27	1.05	0.95				
	223	2	0.0	0.0	0.0	0.0	2	1.0258901154647233	-3.5964636666845884	230.0	25	1.05	0.95				
	224	1	0.0	0.0	0.0	0.0	2	1.0105087386138523	-6.969309464010409	230.0	26	1.05	0.95				
	301	2	52.20626384842105	10.63460930245614	0.0	0.0	3	1.0253056177708604	16.812486960127167	138.0	31	1.05	0.95				
	302	2	46.88895919719298	9.667826638596491	0.0	0.0	3	1.0221406438492577	16.46609425122741	138.0	32	1.05	0.95				
	303	1	87.01043974736842	17.88547928140351	0.0	0.0	3	1.05	32.78566466332294	138.0	31	1.05	0.95				
	304	1	35.77095856280702	7.250869978947367	0.0	0.0	3	1.0106046602446117	18.151330801753527	138.0	31	1.05	0.95				
	305	1	34.32078456701754	6.767478647017544	0.0	0.0	3	1.0289502317854404	15.319576890560267	138.0	31	1.05	0.95				
	306	1	65.74122114245614	13.534957294035088	0.0	-100.0	3	1.0377182098995703	13.913956673016234	138.0	32	1.05	0.95				
	307	2	60.42391649122807	12.084783298245613	0.0	0.0	3	0.95	9.725962447610877	138.0	32	1.05	0.95				
	308	1	82.65991775999998	16.91869661754386	0.0	0.0	3	0.9683797436001287	11.905634838713446	138.0	32	1.05	0.95				
	309	1	84.59348308771929	17.40208794947368	0.0	0.0	3	1.0170666276741518	21.552131668364698	138.0	33	1.05	0.95				
	310	1	94.26130972631577	19.335653277192982	0.0	0.0	3	1.0443523865585156	15.358733988458097	138.0	33	1.05	0.95				
	311	1	0.0	0.0	0.0	0.0	3	1.005448904618162	19.65125406134295	230.0	33	1.05	0.95				
	312	1	0.0	0.0	0.0	0.0	3	1.0108341848560711	20.017286759401287	230.0	33	1.05	0.95				
	313	2	128.0987029614035	26.103131924210526	0.0	0.0	3	1.007911354667741	21.650540491248904	230.0	34	1.05	0.95				
	314	2	93.77791839438596	18.85226194526316	0.0	0.0	3	1.0011619315785458	19.193098401987154	230.0	36	1.05	0.95				
	315	2	153.2350522217544	30.93704524350877	0.0	0.0	3	1.05	21.735516136308984	230.0	36	1.05	0.95				
	316	2	48.33913319298245	9.667826638596491	0.0	0.0	3	1.0366325400317957	21.448791842008458	230.0	36	1.05	0.95				
	317	1	0.0	0.0	0.0	0.0	3	1.045845989955765	25.311147622011752	230.0	37	1.05	0.95				
	318	2	160.9693135326316	32.87061057122807	0.0	0.0	3	1.0384594945018795	21.61561987864506	230.0	37	1.05	0.95				
	319	1	87.49383107929825	17.88547928140351	0.0	0.0	3	1.026713804373292	20.276997207484587	230.0	35	1.05	0.95				
	320	1	61.87409048701754	12.568174630175438	0.0	0.0	3	1.0217899687567438	20.18825497447317	230.0	35	1.05	0.95				
	321	2	0.0	0.0	0.0	0.0	3	1.05	22.29611546529889	230.0	37	1.05	0.95				
	322	2	0.0	0.0	0.0	0.0	3	1.05	27.819594478175695	230.0	37	1.05	0.95				
	323	2	0.0	0.0	0.0	0.0	3	1.0198970355111354	20.515699807577207	230.0	35	1.05	0.95				
	324	1	0.0	0.0	0.0	0.0	3	1.0465225949612904	25.95634252899408	230.0	36	1.05	0.95				
	325	1	0.0	0.0	0.0	0.0	3	1.0222091781176332	20.71276250458331	230.0	35	1.05	0.95				
];
