%% MATPOWER Case Format : Version 2
function mpc = RTS_GMLC
mpc.version = '2';

%%-----  Power Flow Data  -----%%
%% system MVA base
mpc.baseMVA = 100.0;
%% bus data
%    bus_i    type    Pd    Qd    Gs    Bs    area    Vm    Va    baseKV    zone    Vmax    Vmin
mpc.bus = [
	101	2	50.60663037473685	10.308758039298246	0.0	0.0	1	1.0306953943334258	3.354761241954796	138.0	11	1.05	0.95				
	102	2	45.45225135508772	9.371598217543859	0.0	0.0	1	1.0304156253513599	3.246419375019275	138.0	12	1.05	0.95				
	103	1	84.34438395789473	17.337456702456137	0.0	0.0	1	1.0274171521168254	0.9794050031188031	138.0	11	1.05	0.95				
	104	1	34.674913404912274	7.028698663157893	0.0	0.0	1	1.019754653358477	-0.1756428204518827	138.0	11	1.05	0.95				
	105	1	33.2691736722807	6.560118752280703	0.0	0.0	1	1.0337776931027296	0.05214406353973631	138.0	11	1.05	0.95				
	106	1	63.72686787929824	13.120237504561405	0.0	-100.0	1	1.0434835942060408	-2.2579302591001116	138.0	12	1.05	0.95				
	107	2	58.57248885964912	11.714497771929825	0.0	0.0	1	1.0292657343758096	-2.2503882121230623	138.0	12	1.05	0.95				
	108	1	80.12716475999999	16.400296880701752	0.0	0.0	1	1.0216443034938902	-3.378047488142711	138.0	12	1.05	0.95				
	109	1	82.00148440350877	16.868876791578945	0.0	0.0	1	1.0257264686950323	-1.0699903843664238	138.0	13	1.05	0.95				
	110	1	91.37308262105263	18.743196435087718	0.0	0.0	1	1.05	-1.8091424801222884	138.0	13	1.05	0.95				
	111	1	0.0	0.0	0.0	0.0	1	1.0039358468259538	0.22877983582133252	230.0	13	1.05	0.95				
	112	1	0.0	0.0	0.0	0.0	1	1.0102589865190847	0.6535077101391429	230.0	13	1.05	0.95				
	113	3	124.17367638245614	25.303315187368426	0.0	0.0	1	0.9965167547141381	2.3148344095361246e-29	230.0	14	1.05	0.95				
	114	2	90.90450271017544	18.274616524210526	0.0	0.0	1	0.9990753817641984	2.2227141339598675	230.0	16	1.05	0.95				
	115	2	148.53983174807018	29.98911429614035	0.0	0.0	1	1.0399560009308664	7.9655534436365905	230.0	16	1.05	0.95				
	116	2	46.8579910877193	9.371598217543859	0.0	0.0	1	1.0360994255100942	7.725763681303956	230.0	16	1.05	0.95				
	117	1	0.0	0.0	0.0	0.0	1	1.0443510812699635	9.885923723317887	230.0	17	1.05	0.95				
	118	2	156.03711032210526	31.86343393964912	0.0	0.0	1	1.0478303206586836	10.043077444943865	230.0	17	1.05	0.95				
	119	1	84.81296386877193	17.337456702456137	0.0	0.0	1	1.030147600099741	6.627105330023686	230.0	15	1.05	0.95				
	120	1	59.9782285922807	12.183077682807019	0.0	0.0	1	1.0284434612169868	6.573209687928941	230.0	15	1.05	0.95				
	121	2	0.0	0.0	0.0	0.0	1	1.05	9.846321384509839	230.0	17	1.05	0.95				
	122	2	0.0	0.0	0.0	0.0	1	1.05	17.430552722841874	230.0	17	1.05	0.95				
	123	2	0.0	0.0	0.0	0.0	1	1.0282346696637452	6.902711249784653	230.0	15	1.05	0.95				
	124	1	0.0	0.0	0.0	0.0	1	1.0260656811097355	5.361636143875101	230.0	16	1.05	0.95				
	201	2	58.853455048421054	11.988666769122807	0.0	0.0	2	1.0307976991828485	-10.109515384188276	138.0	21	1.05	0.95				
	202	2	52.85912166385964	10.898787971929824	0.0	0.0	2	1.0309571801708726	-10.202209887510211	138.0	22	1.05	0.95				
	203	1	98.08909174736841	20.162757748070177	0.0	0.0	2	1.0228029937874419	-7.779238343252797	138.0	21	1.05	0.95				
	204	1	40.325515496140355	8.174090978947369	0.0	0.0	2	1.0175485512117093	-12.673972891213712	138.0	21	1.05	0.95				
	205	1	38.69069730035088	7.629151580350878	0.0	0.0	2	1.0331573875825222	-12.969787785749041	138.0	21	1.05	0.95				
	206	1	74.11175820912281	15.258303160701756	0.0	-100.0	2	1.0417887787256606	-15.09557985743294	138.0	22	1.05	0.95				
	207	2	68.1174248245614	13.62348496491228	0.0	0.0	2	0.9854279973899925	-23.334987406221433	138.0	22	1.05	0.95				
	208	1	93.18463716	19.072878950877193	0.0	0.0	2	0.9893653935653818	-20.768962565641164	138.0	22	1.05	0.95				
	209	1	95.36439475438596	19.617818349473684	0.0	0.0	2	1.023141990876487	-12.47864861105622	138.0	23	1.05	0.95				
	210	1	106.26318272631579	21.79757594385965	0.0	0.0	2	1.05	-14.141941675045654	138.0	23	1.05	0.95				
	211	1	0.0	0.0	0.0	0.0	2	1.0125813111487063	-9.713904096734735	230.0	23	1.05	0.95				
	212	1	0.0	0.0	0.0	0.0	2	1.015638186283344	-9.426479937405876	230.0	23	1.05	0.95				
	213	2	144.40894062807018	29.426727524210527	0.0	0.0	2	1.0098580263024792	-9.081678464504439	230.0	24	1.05	0.95				
	214	2	105.71824332771928	21.252636545263158	0.0	0.0	2	1.0194190793886175	-6.637579035977493	230.0	26	1.05	0.95				
	215	2	172.7457893550877	34.87612151017544	0.0	0.0	2	1.0355940521634204	1.5905321837754771	230.0	26	1.05	0.95				
	216	2	54.49393985964912	10.898787971929824	0.0	0.0	2	1.0395473818328358	0.984628758621459	230.0	26	1.05	0.95				
	217	1	0.0	0.0	0.0	0.0	2	1.0416442918533562	4.551448502370626	230.0	27	1.05	0.95				
	218	2	181.46481973263158	37.055879104561406	0.0	0.0	2	1.0438473695771937	5.149012782588	230.0	27	1.05	0.95				
	219	1	98.63403114596491	20.162757748070177	0.0	0.0	2	1.039883202968729	-0.8439727065138984	230.0	25	1.05	0.95				
	220	1	69.75224302035087	14.168424363508771	0.0	0.0	2	1.044850981042526	-1.3954062016807292	230.0	25	1.05	0.95				
	221	2	0.0	0.0	0.0	0.0	2	1.0435759000851084	4.942013842974159	230.0	27	1.05	0.95				
	222	2	0.0	0.0	0.0	0.0	2	1.05	11.294278718914734	230.0	27	1.05	0.95				
	223	2	0.0	0.0	0.0	0.0	2	1.0485639148992905	-1.2970948665136408	230.0	25	1.05	0.95				
	224	1	0.0	0.0	0.0	0.0	2	1.0191138377574644	-1.9089553194778195	230.0	26	1.05	0.95				
	301	2	66.16323947368421	13.477696929824562	0.0	0.0	3	1.007752721137692	-39.52483854750788	138.0	31	1.05	0.95				
	302	2	59.42439100877193	12.252451754385966	0.0	0.0	3	1.0071249643925917	-39.66765766092463	138.0	32	1.05	0.95				
	303	1	110.27206578947369	22.667035745614033	0.0	0.0	3	1.0194499028868442	-31.989512026406434	138.0	31	1.05	0.95				
	304	1	45.334071491228066	9.189338815789473	0.0	0.0	3	1.0062394209435939	-37.49719591949721	138.0	31	1.05	0.95				
	305	1	43.49620372807017	8.576716228070175	0.0	0.0	3	1.0202704020525606	-38.478894685436	138.0	31	1.05	0.95				
	306	1	83.31667192982457	17.15343245614035	0.0	-100.0	3	1.0346416898281896	-38.57053090679327	138.0	32	1.05	0.95				
	307	2	76.57782346491227	15.315564692982456	0.0	0.0	3	1.0061474604466176	-39.94781431525304	138.0	32	1.05	0.95				
	308	1	104.75846250000001	21.44179057017544	0.0	0.0	3	1.0029407965612116	-39.50774834501303	138.0	32	1.05	0.95				
	309	1	107.2089528508772	22.054413157894736	0.0	0.0	3	1.027366631896651	-33.22885187581078	138.0	33	1.05	0.95				
	310	1	119.46140460526316	24.504903508771932	0.0	0.0	3	1.05	-35.46759255408496	138.0	33	1.05	0.95				
	311	1	0.0	0.0	0.0	0.0	3	1.019322526869033	-28.142005802917616	230.0	33	1.05	0.95				
	312	1	0.0	0.0	0.0	0.0	3	1.0174323889361778	-27.31231263545637	230.0	33	1.05	0.95				
	313	2	162.34498574561403	33.08161973684211	0.0	0.0	3	1.0279465177946827	-24.272416227824145	230.0	34	1.05	0.95				
	314	2	118.84878201754385	23.89228092105263	0.0	0.0	3	1.031395551507321	-25.402051207662517	230.0	36	1.05	0.95				
	315	2	194.20136030701752	39.20784561403509	0.0	0.0	3	1.048721755127366	-18.33044535332029	230.0	36	1.05	0.95				
	316	2	61.26225877192982	12.252451754385966	0.0	0.0	3	1.0488806295188846	-17.84504155307592	230.0	36	1.05	0.95				
	317	1	0.0	0.0	0.0	0.0	3	1.0496604993807268	-15.053274383952695	230.0	37	1.05	0.95				
	318	2	204.00332171052634	41.65833596491228	0.0	0.0	3	1.049792414223585	-14.450815476043351	230.0	37	1.05	0.95				
	319	1	110.88468837719299	22.667035745614033	0.0	0.0	3	1.0454818086172284	-18.65692913351076	230.0	35	1.05	0.95				
	320	1	78.41569122807017	15.928187280701756	0.0	0.0	3	1.0474595744654387	-18.218171541064148	230.0	35	1.05	0.95				
	321	2	0.0	0.0	0.0	0.0	3	1.05	-14.097846700302524	230.0	37	1.05	0.95				
	322	2	0.0	0.0	0.0	0.0	3	1.05	-8.696595644572197	230.0	37	1.05	0.95				
	323	2	0.0	0.0	0.0	0.0	3	1.05	-17.530247019278633	230.0	35	1.05	0.95				
	324	1	0.0	0.0	0.0	0.0	3	1.0203078321308165	-23.363993429934617	230.0	36	1.05	0.95				
	325	1	0.0	0.0	0.0	0.0	3	1.03717532926277	-15.354063121510134	230.0	35	1.05	0.95				
];
