%% MATPOWER Case Format : Version 2
function mpc = RTS_GMLC
mpc.version = '2';

%%-----  Power Flow Data  -----%%
%% system MVA base
mpc.baseMVA = 100.0;
%% bus data
%    bus_i    type    Pd    Qd    Gs    Bs    area    Vm    Va    baseKV    zone    Vmax    Vmin
mpc.bus = [
	101	2	58.71598218947369	11.960663038596493	0.0	0.0	1	1.033765758167134	0.4487224645153777	138.0	11	1.05	0.95				
	102	2	52.73565067017544	10.87333003508772	0.0	0.0	1	1.033294822367791	0.2973616955629278	138.0	12	1.05	0.95				
	103	1	97.8599703157895	20.115660564912282	0.0	0.0	1	1.026105733388373	-0.8562389395380784	138.0	11	1.05	0.95				
	104	1	40.231321129824565	8.154997526315789	0.0	0.0	1	1.0197630079914726	-2.657243720747753	138.0	11	1.05	0.95				
	105	1	38.60032162456141	7.611331024561404	0.0	0.0	1	1.0346101903321534	-2.538702664868884	138.0	11	1.05	0.95				
	106	1	73.93864423859651	15.222662049122809	0.0	-100.0	1	1.042329026239407	-4.750313624246968	138.0	12	1.05	0.95				
	107	2	67.95831271929825	13.59166254385965	0.0	0.0	1	1.0165274914209235	-5.461812896219405	138.0	12	1.05	0.95				
	108	1	92.96697180000001	19.02832756140351	0.0	0.0	1	1.0117884903822643	-6.2947198361027485	138.0	12	1.05	0.95				
	109	1	95.14163780701756	19.571994063157895	0.0	0.0	1	1.0255049226297683	-2.874630580077344	138.0	13	1.05	0.95				
	110	1	106.01496784210526	21.74666007017544	0.0	0.0	1	1.05	-3.854921989597376	138.0	13	1.05	0.95				
	111	1	0.0	0.0	0.0	0.0	1	1.007403090388316	-0.7672406458392067	230.0	13	1.05	0.95				
	112	1	0.0	0.0	0.0	0.0	1	1.0111650798782958	-0.16298481420121794	230.0	13	1.05	0.95				
	113	3	144.0716229649123	29.357991094736846	0.0	0.0	1	1.0022057682395216	3.7764141046161496e-28	230.0	14	1.05	0.95				
	114	2	105.47130134035088	21.202993568421054	0.0	0.0	1	1.006560396340003	1.2632262738512274	230.0	16	1.05	0.95				
	115	2	172.34228105614037	34.794656112280705	0.0	0.0	1	1.0410310235257196	7.7071623765678225	230.0	16	1.05	0.95				
	116	2	54.3666501754386	10.87333003508772	0.0	0.0	1	1.0374998748216975	7.343796511345388	230.0	16	1.05	0.95				
	117	1	0.0	0.0	0.0	0.0	1	1.0433459621127565	9.608017622210559	230.0	17	1.05	0.95				
	118	2	181.04094508421056	36.969322119298255	0.0	0.0	1	1.0461227936378008	9.56519300377309	230.0	17	1.05	0.95				
	119	1	98.40363681754387	20.115660564912282	0.0	0.0	1	1.0311168803452364	6.3275433639973935	230.0	15	1.05	0.95				
	120	1	69.58931222456141	14.135329045614037	0.0	0.0	1	1.0298722717549722	6.4865156115498985	230.0	15	1.05	0.95				
	121	2	0.0	0.0	0.0	0.0	1	1.049999996829762	10.767030990148301	230.0	17	1.05	0.95				
	122	2	0.0	0.0	0.0	0.0	1	1.05	19.10763769957948	230.0	17	1.05	0.95				
	123	2	0.0	0.0	0.0	0.0	1	1.0303079229876857	6.987545239335499	230.0	15	1.05	0.95				
	124	1	0.0	0.0	0.0	0.0	1	1.0245973713644005	4.517857622118811	230.0	16	1.05	0.95				
	201	2	58.32645995368421	11.881315916491227	0.0	0.0	2	1.031019899707819	-6.193649470165034	138.0	21	1.05	0.95				
	202	2	52.385801995438584	10.801196287719298	0.0	0.0	2	1.0314196980070403	-6.166501966089547	138.0	22	1.05	0.95				
	203	1	97.21076658947368	19.982213132280698	0.0	0.0	2	1.02144286789891	-5.68628176428759	138.0	21	1.05	0.95				
	204	1	39.964426264561396	8.100897215789473	0.0	0.0	2	1.0186192902114148	-8.19749564835007	138.0	21	1.05	0.95				
	205	1	38.3442468214035	7.560837401403509	0.0	0.0	2	1.0336904692817228	-8.369208057638474	138.0	21	1.05	0.95				
	206	1	73.44813475649123	15.121674802807018	0.0	-100.0	2	1.0424127328095663	-10.092065190192569	138.0	22	1.05	0.95				
	207	2	67.5074767982456	13.501495359649121	0.0	0.0	2	0.9895221446624012	-18.19052135349923	138.0	22	1.05	0.95				
	208	1	92.35022826	18.90209350350877	0.0	0.0	2	0.9922489453304676	-15.647840769977034	138.0	22	1.05	0.95				
	209	1	94.51046751754384	19.442153317894732	0.0	0.0	2	1.0242993909644278	-7.661925462657279	138.0	23	1.05	0.95				
	210	1	105.31166380526314	21.602392575438596	0.0	0.0	2	1.05	-8.862192065044061	138.0	23	1.05	0.95				
	211	1	0.0	0.0	0.0	0.0	2	1.0098027643209664	-4.780458387859441	230.0	23	1.05	0.95				
	212	1	0.0	0.0	0.0	0.0	2	1.013139158955215	-2.7531513144263284	230.0	23	1.05	0.95				
	213	2	143.11585081228068	29.163229976842103	0.0	0.0	2	1.0067320782351505	-3.324535543435957	230.0	24	1.05	0.95				
	214	2	104.77160399087717	21.06233276105263	0.0	0.0	2	1.0128666271134015	-2.4979252695152554	230.0	26	1.05	0.95				
	215	2	171.19896116035085	34.56382812070175	0.0	0.0	2	1.0316942524179493	3.8492093973380186	230.0	26	1.05	0.95				
	216	2	54.005981438596486	10.801196287719298	0.0	0.0	2	1.0330320975008063	4.009301604793613	230.0	26	1.05	0.95				
	217	1	0.0	0.0	0.0	0.0	2	1.0382624510179554	6.643168852788642	230.0	27	1.05	0.95				
	218	2	179.8399181905263	36.724067378245614	0.0	0.0	2	1.039766841754203	7.125834414627969	230.0	27	1.05	0.95				
	219	1	97.75082640385963	19.982213132280698	0.0	0.0	2	1.0317390359002845	3.550646213982449	230.0	25	1.05	0.95				
	220	1	69.1276562414035	14.041555174035086	0.0	0.0	2	1.0347709268475556	4.190201618562162	230.0	25	1.05	0.95				
	221	2	0.0	0.0	0.0	0.0	2	1.039473684366452	6.790992227481226	230.0	27	1.05	0.95				
	222	2	0.0	0.0	0.0	0.0	2	1.05	13.234663943866448	230.0	27	1.05	0.95				
	223	2	0.0	0.0	0.0	0.0	2	1.0376635059646115	4.944974583196003	230.0	25	1.05	0.95				
	224	1	0.0	0.0	0.0	0.0	2	1.0160179140327565	0.27830437901532384	230.0	26	1.05	0.95				
	301	2	59.87662131789474	12.197089527719298	0.0	0.0	3	1.012672919186594	-14.938629851893253	138.0	31	1.05	0.95				
	302	2	53.77807655403508	11.088263207017544	0.0	0.0	3	1.011489560339292	-15.194656600620009	138.0	32	1.05	0.95				
	303	1	99.79436886315789	20.513286932982457	0.0	0.0	3	1.0411595389517316	-4.319631314963747	138.0	31	1.05	0.95				
	304	1	41.02657386596491	8.316197405263157	0.0	0.0	3	1.0093722410435506	-13.689784682381164	138.0	31	1.05	0.95				
	305	1	39.36333438491228	7.761784244912281	0.0	0.0	3	1.024147131916909	-14.832604018934987	138.0	31	1.05	0.95				
	306	1	75.4001898077193	15.523568489824562	0.0	-100.0	3	1.037629038916474	-15.404341889949869	138.0	32	1.05	0.95				
	307	2	69.30164504385965	13.860329008771929	0.0	0.0	3	0.9916594168459426	-21.791404647203898	138.0	32	1.05	0.95				
	308	1	94.80465041999999	19.4044606122807	0.0	0.0	3	0.9931379206610498	-19.168546123426793	138.0	32	1.05	0.95				
	309	1	97.0223030614035	19.958873772631577	0.0	0.0	3	1.026122077109137	-10.189787186084382	138.0	33	1.05	0.95				
	310	1	108.11056626842104	22.176526414035088	0.0	0.0	3	1.05	-12.94715410815233	138.0	33	1.05	0.95				
	311	1	0.0	0.0	0.0	0.0	3	1.013562972029638	-6.7918732183852235	230.0	33	1.05	0.95				
	312	1	0.0	0.0	0.0	0.0	3	1.0148422775877433	-6.421438816536457	230.0	33	1.05	0.95				
	313	2	146.91948749298246	29.93831065894737	0.0	0.0	3	1.0160317174497528	-3.6344244287180056	230.0	34	1.05	0.95				
	314	2	107.55615310807016	21.622113253684212	0.0	0.0	3	1.019848013205477	-4.739713357913315	230.0	36	1.05	0.95				
	315	2	175.74897183122806	35.48244226245614	0.0	0.0	3	1.0407970500971995	-0.5889102502564979	230.0	36	1.05	0.95				
	316	2	55.441316035087716	11.088263207017544	0.0	0.0	3	1.0394482927110646	-0.1234961792872414	230.0	36	1.05	0.95				
	317	1	0.0	0.0	0.0	0.0	3	1.0441929820932954	1.8565227379191092	230.0	37	1.05	0.95				
	318	2	184.6195823968421	37.70009490385965	0.0	0.0	3	1.0418505909978717	1.2068826329083222	230.0	37	1.05	0.95				
	319	1	100.34878202350876	20.513286932982457	0.0	0.0	3	1.03392445857271	-1.1098566717399942	230.0	35	1.05	0.95				
	320	1	70.96488452491228	14.414742169122807	0.0	0.0	3	1.032742420489083	-1.2524689171856567	230.0	35	1.05	0.95				
	321	2	0.0	0.0	0.0	0.0	3	1.0433672874544195	1.4053757099918054	230.0	37	1.05	0.95				
	322	2	0.0	0.0	0.0	0.0	3	1.05	5.910874966157712	230.0	37	1.05	0.95				
	323	2	0.0	0.0	0.0	0.0	3	1.0330000543563775	-0.9887681698596976	230.0	35	1.05	0.95				
	324	1	0.0	0.0	0.0	0.0	3	1.0356321113641265	-1.3157740273973262	230.0	36	1.05	0.95				
	325	1	0.0	0.0	0.0	0.0	3	1.0315671859043671	0.005058619415311608	230.0	35	1.05	0.95				
];
