%% MATPOWER Case Format : Version 2
function mpc = RTS_GMLC
mpc.version = '2';

%%-----  Power Flow Data  -----%%
%% system MVA base
mpc.baseMVA = 100.0;
%% bus data
%    bus_i    type    Pd    Qd    Gs    Bs    area    Vm    Va    baseKV    zone    Vmax    Vmin
mpc.bus = [
	101	2	38.89015340210527	7.922068285614037	0.0	0.0	1	1.0324256034364956	3.2537191383336945	138.0	11	1.05	0.95				
	102	2	34.92911925929825	7.201880259649124	0.0	0.0	1	1.0315349436328491	3.0047511611618534	138.0	12	1.05	0.95				
	103	1	64.81692233684213	13.323478480350879	0.0	0.0	1	1.0302976590934345	1.1997096533386393	138.0	11	1.05	0.95				
	104	1	26.646956960701758	5.401410194736843	0.0	0.0	1	1.0219255555104436	-0.10554308963292121	138.0	11	1.05	0.95				
	105	1	25.56667492175439	5.041316181754387	0.0	0.0	1	1.036212474838019	0.16465012648570806	138.0	11	1.05	0.95				
	106	1	48.97278576561405	10.082632363508774	0.0	-100.0	1	1.046968526706278	-1.9818744818371021	138.0	12	1.05	0.95				
	107	2	45.011751622807026	9.002350324561405	0.0	0.0	1	1.000716019378433	-7.198340478610835	138.0	12	1.05	0.95				
	108	1	61.57607622000001	12.603290454385965	0.0	0.0	1	1.0067768355657754	-5.904275442821287	138.0	12	1.05	0.95				
	109	1	63.016452271929836	12.96338446736842	0.0	0.0	1	1.0247349577892748	-1.1839096987011848	138.0	13	1.05	0.95				
	110	1	70.21833253157895	14.403760519298247	0.0	0.0	1	1.05	-1.8271503305352739	138.0	13	1.05	0.95				
	111	1	0.0	0.0	0.0	0.0	1	1.0017131388831897	0.16766344430129987	230.0	13	1.05	0.95				
	112	1	0.0	0.0	0.0	0.0	1	1.006806224832471	0.42143505702435236	230.0	13	1.05	0.95				
	113	3	95.42491344035089	19.445076701052635	0.0	0.0	1	0.9909928589599429	4.496839391176185e-28	230.0	14	1.05	0.95				
	114	2	69.8582385185965	14.043666506315791	0.0	0.0	1	0.9979835849805389	2.1233953893954327	230.0	16	1.05	0.95				
	115	2	114.14980211543862	23.046016830877196	0.0	0.0	1	1.0370497400849987	7.3716772423615495	230.0	16	1.05	0.95				
	116	2	36.00940129824562	7.201880259649124	0.0	0.0	1	1.031921033702565	6.914829799760338	230.0	16	1.05	0.95				
	117	1	0.0	0.0	0.0	0.0	1	1.0409602853877986	8.602633364016068	230.0	17	1.05	0.95				
	118	2	119.91130632315792	24.486392882807024	0.0	0.0	1	1.043971543130252	8.57872549400599	230.0	17	1.05	0.95				
	119	1	65.17701634982457	13.323478480350879	0.0	0.0	1	1.025156441668969	5.903728379402459	230.0	15	1.05	0.95				
	120	1	46.09203366175439	9.362444337543861	0.0	0.0	1	1.0214921593314232	5.72492340905383	230.0	15	1.05	0.95				
	121	2	0.0	0.0	0.0	0.0	1	1.0484889557289554	9.37753242527717	230.0	17	1.05	0.95				
	122	2	0.0	0.0	0.0	0.0	1	1.05	15.582554416189483	230.0	17	1.05	0.95				
	123	2	0.0	0.0	0.0	0.0	1	1.019697872678517	5.909454102971915	230.0	15	1.05	0.95				
	124	1	0.0	0.0	0.0	0.0	1	1.0261351302438508	5.057874045839757	230.0	16	1.05	0.95				
	201	2	43.82559420631579	8.927435856842106	0.0	0.0	2	1.026211547318956	-7.2210696246952235	138.0	21	1.05	0.95				
	202	2	39.36187627789474	8.11585077894737	0.0	0.0	2	1.0272193722199594	-7.022573942011629	138.0	22	1.05	0.95				
	203	1	73.04265701052633	15.014323941052632	0.0	0.0	2	1.0172945216851326	-6.688777319263055	138.0	21	1.05	0.95				
	204	1	30.028647882105265	6.086888084210526	0.0	0.0	2	1.0184434028519118	-8.827341125431687	138.0	21	1.05	0.95				
	205	1	28.811270265263154	5.681095545263159	0.0	0.0	2	1.0331603745386144	-9.070914617667546	138.0	21	1.05	0.95				
	206	1	55.18778529684211	11.362191090526318	0.0	-100.0	2	1.0453042039051368	-10.469660296528621	138.0	22	1.05	0.95				
	207	2	50.72406736842105	10.144813473684211	0.0	0.0	2	0.9922569474584345	-16.377869210014875	138.0	22	1.05	0.95				
	208	1	69.39052416	14.202738863157894	0.0	0.0	2	0.9992783213396128	-14.564676946634036	138.0	22	1.05	0.95				
	209	1	71.01369431578948	14.608531402105262	0.0	0.0	2	1.0225789295671788	-8.636236333825165	138.0	23	1.05	0.95				
	210	1	79.12954509473684	16.23170155789474	0.0	0.0	2	1.05	-9.643951231402292	138.0	23	1.05	0.95				
	211	1	0.0	0.0	0.0	0.0	2	1.0035549283438148	-6.221368410957254	230.0	23	1.05	0.95				
	212	1	0.0	0.0	0.0	0.0	2	1.0078166137504614	-5.642938933535455	230.0	23	1.05	0.95				
	213	2	107.53502282105262	21.912797103157896	0.0	0.0	2	0.9970873411408613	-5.304402660734508	230.0	24	1.05	0.95				
	214	2	78.72375255578947	15.825909018947371	0.0	0.0	2	1.002401585768138	-3.974699153519097	230.0	26	1.05	0.95				
	215	2	128.6362348463158	25.97072249263158	0.0	0.0	2	1.0211393434203089	1.7957344362001981	230.0	26	1.05	0.95				
	216	2	40.579253894736844	8.11585077894737	0.0	0.0	2	1.0227304040709149	1.6468079802863185	230.0	26	1.05	0.95				
	217	1	0.0	0.0	0.0	0.0	2	1.028204286929521	3.763327872552647	230.0	27	1.05	0.95				
	218	2	135.1289154694737	27.593892648421054	0.0	0.0	2	1.0283135118668498	3.63209935935868	230.0	27	1.05	0.95				
	219	1	73.4484495494737	15.014323941052632	0.0	0.0	2	1.0233843634371076	1.0797394220273642	230.0	25	1.05	0.95				
	220	1	51.94144498526316	10.55060601263158	0.0	0.0	2	1.0265859885768267	1.38502880108522	230.0	25	1.05	0.95				
	221	2	0.0	0.0	0.0	0.0	2	1.0294153092108391	3.8091451253620336	230.0	27	1.05	0.95				
	222	2	0.0	0.0	0.0	0.0	2	1.0499999933147508	10.282523562577621	230.0	27	1.05	0.95				
	223	2	0.0	0.0	0.0	0.0	2	1.028859521894698	1.8635980643052004	230.0	25	1.05	0.95				
	224	1	0.0	0.0	0.0	0.0	2	1.0091530567516354	-1.40123443488771	230.0	26	1.05	0.95				
	301	2	45.25340081684211	9.218285351578947	0.0	0.0	3	1.0073412795631007	-21.751019080790897	138.0	31	1.05	0.95				
	302	2	40.64425814105263	8.380259410526318	0.0	0.0	3	1.007232447592336	-21.872594323753294	138.0	32	1.05	0.95				
	303	1	75.42233469473685	15.503479909473686	0.0	0.0	3	1.0250250865241488	-16.189411860406597	138.0	31	1.05	0.95				
	304	1	31.006959818947372	6.285194557894737	0.0	0.0	3	1.0104036247466137	-20.5262199536975	138.0	31	1.05	0.95				
	305	1	29.74992090736842	5.866181587368422	0.0	0.0	3	1.0232778942580343	-21.264969391615708	138.0	31	1.05	0.95				
	306	1	56.98576399157895	11.732363174736845	0.0	-100.0	3	1.0405387377913766	-21.49939965010153	138.0	32	1.05	0.95				
	307	2	52.37662131578947	10.475324263157896	0.0	0.0	3	0.9935878726535124	-26.04682237542279	138.0	32	1.05	0.95				
	308	1	71.65121796	14.665453968421053	0.0	0.0	3	1.0002225386183636	-24.169389861520333	138.0	32	1.05	0.95				
	309	1	73.32726984210527	15.084466938947369	0.0	0.0	3	1.025963070730911	-17.70702809073862	138.0	33	1.05	0.95				
	310	1	81.70752925263159	16.760518821052635	0.0	0.0	3	1.05	-19.4294466182152	138.0	33	1.05	0.95				
	311	1	0.0	0.0	0.0	0.0	3	1.0074794439988113	-13.952106458956099	230.0	33	1.05	0.95				
	312	1	0.0	0.0	0.0	0.0	3	1.0113659576711727	-13.321500492786363	230.0	33	1.05	0.95				
	313	2	111.03843718947368	22.626700408421055	0.0	0.0	3	1.010762899069911	-10.363661727569525	230.0	34	1.05	0.95				
	314	2	81.28851628210526	16.341505850526318	0.0	0.0	3	1.0064931910494603	-12.3726544511373	230.0	36	1.05	0.95				
	315	2	132.8271116568421	26.816830113684215	0.0	0.0	3	1.0297605857729504	-8.502634693908373	230.0	36	1.05	0.95				
	316	2	41.901297052631584	8.380259410526318	0.0	0.0	3	1.0296793757601048	-7.639408164290617	230.0	36	1.05	0.95				
	317	1	0.0	0.0	0.0	0.0	3	1.0344883304155277	-6.333020584942341	230.0	37	1.05	0.95				
	318	2	139.53131918526316	28.492881995789475	0.0	0.0	3	1.0331863269156238	-6.4522454174357025	230.0	37	1.05	0.95				
	319	1	75.84134766526316	15.503479909473686	0.0	0.0	3	1.0274299293371076	-8.076280938703016	230.0	35	1.05	0.95				
	320	1	53.63366022736843	10.894337233684212	0.0	0.0	3	1.028221909803304	-7.639986496137208	230.0	35	1.05	0.95				
	321	2	0.0	0.0	0.0	0.0	3	1.0342279409347295	-6.607796934172328	230.0	37	1.05	0.95				
	322	2	0.0	0.0	0.0	0.0	3	1.0475311575555997	-2.1725740782065426	230.0	37	1.05	0.95				
	323	2	0.0	0.0	0.0	0.0	3	1.0292608978198823	-7.078758795662704	230.0	35	1.05	0.95				
	324	1	0.0	0.0	0.0	0.0	3	1.0181931101841397	-11.395129389507325	230.0	36	1.05	0.95				
	325	1	0.0	0.0	0.0	0.0	3	1.0256088808938937	-5.699527439112231	230.0	35	1.05	0.95				
];
