%% MATPOWER Case Format : Version 2
function mpc = RTS_GMLC
mpc.version = '2';

%%-----  Power Flow Data  -----%%
%% system MVA base
mpc.baseMVA = 100.0;
%% bus data
%    bus_i    type    Pd    Qd    Gs    Bs    area    Vm    Va    baseKV    zone    Vmax    Vmin
mpc.bus = [
	101	2	45.062345368421056	9.179366649122807	0.0	0.0	1	1.0025240724826714	-1.4266598621956552	138.0	11	1.05	0.95				
	102	2	40.47266204385965	8.344878771929826	0.0	0.0	1	1.0005325009276933	-2.0580658343444185	138.0	12	1.05	0.95				
	103	1	75.10390894736842	15.438025728070176	0.0	0.0	1	1.021203215709852	2.231360471100042	138.0	11	1.05	0.95				
	104	1	30.876051456140353	6.2586590789473675	0.0	0.0	1	1.0072550090130408	-3.277257977085748	138.0	11	1.05	0.95				
	105	1	29.624319640350876	5.841415140350878	0.0	0.0	1	1.0207983486355836	-3.5026261703058377	138.0	11	1.05	0.95				
	106	1	56.745175649122814	11.682830280701756	0.0	-100.0	1	1.0385423151279876	-5.213891905525029	138.0	12	1.05	0.95				
	107	2	52.1554923245614	10.431098464912282	0.0	0.0	1	0.9837705610135086	-11.79289011553563	138.0	12	1.05	0.95				
	108	1	71.34871349999999	14.60353785087719	0.0	0.0	1	0.9936793179162613	-9.493337576616291	138.0	12	1.05	0.95				
	109	1	73.01768925438597	15.020781789473684	0.0	0.0	1	1.0245306149664422	-2.515877800172083	138.0	13	1.05	0.95				
	110	1	81.36256802631578	16.689757543859653	0.0	0.0	1	1.05	-4.2062187223620695	138.0	13	1.05	0.95				
	111	1	0.0	0.0	0.0	0.0	1	1.0196508289198372	0.47445883777059183	230.0	13	1.05	0.95				
	112	1	0.0	0.0	0.0	0.0	1	1.0153382656598584	-0.8651107229679168	230.0	13	1.05	0.95				
	113	3	110.56964372807016	22.531172684210528	0.0	0.0	1	0.9994021954641066	-6.62379068618216e-31	230.0	14	1.05	0.95				
	114	2	80.9453240877193	16.272513605263157	0.0	0.0	1	1.05	4.593284547413084	230.0	16	1.05	0.95				
	115	2	132.2663285350877	26.703612070175435	0.0	0.0	1	1.0394040137358735	15.388181307247905	230.0	16	1.05	0.95				
	116	2	41.724393859649126	8.344878771929826	0.0	0.0	1	1.0404012372912586	13.175620148513058	230.0	16	1.05	0.95				
	117	1	0.0	0.0	0.0	0.0	1	1.0388576104649303	19.900956800405986	230.0	17	1.05	0.95				
	118	2	138.9422315526316	28.372587824561407	0.0	0.0	1	1.0486970369804725	20.79463053439112	230.0	17	1.05	0.95				
	119	1	75.52115288596491	15.438025728070176	0.0	0.0	1	1.0383995435337667	8.23631200131172	230.0	15	1.05	0.95				
	120	1	53.40722414035087	10.848342403508772	0.0	0.0	1	1.0449166475311231	4.758937335221147	230.0	15	1.05	0.95				
	121	2	0.0	0.0	0.0	0.0	1	1.0440299522187393	22.677907847381785	230.0	17	1.05	0.95				
	122	2	0.0	0.0	0.0	0.0	1	1.05	40.63260240953263	230.0	17	1.05	0.95				
	123	2	0.0	0.0	0.0	0.0	1	1.0499999934560746	3.172322802488976	230.0	15	1.05	0.95				
	124	1	0.0	0.0	0.0	0.0	1	1.0159778166268603	10.49186161896845	230.0	16	1.05	0.95				
	201	2	46.562568858947365	9.484967730526314	0.0	0.0	2	1.0102862176838858	-18.2690382384589	138.0	21	1.05	0.95				
	202	2	41.820084993684205	8.622697936842105	0.0	0.0	2	1.0094372112175765	-18.57830537059284	138.0	22	1.05	0.95				
	203	1	77.60428143157894	15.951991183157894	0.0	0.0	2	1.0117104400245793	-13.349712440231508	138.0	21	1.05	0.95				
	204	1	31.903982366315788	6.467023452631578	0.0	0.0	2	1.0096769767679608	-18.10989486514652	138.0	21	1.05	0.95				
	205	1	30.610577675789468	6.035888555789474	0.0	0.0	2	1.024829150811616	-18.639552088682102	138.0	21	1.05	0.95				
	206	1	58.63434597052631	12.071777111578948	0.0	-100.0	2	1.0407315270362665	-19.38233275212719	138.0	22	1.05	0.95				
	207	2	53.89186210526316	10.77837242105263	0.0	0.0	2	0.9923317175914058	-24.53378974353787	138.0	22	1.05	0.95				
	208	1	73.72406735999999	15.08972138947368	0.0	0.0	2	0.9982438500697308	-22.581439831908273	138.0	22	1.05	0.95				
	209	1	75.44860694736842	15.520856286315787	0.0	0.0	2	1.022570974200606	-15.938988811459032	138.0	23	1.05	0.95				
	210	1	84.07130488421052	17.24539587368421	0.0	0.0	2	1.05	-17.620169400832044	138.0	23	1.05	0.95				
	211	1	0.0	0.0	0.0	0.0	2	1.0099484163229444	-12.690399225833874	230.0	23	1.05	0.95				
	212	1	0.0	0.0	0.0	0.0	2	1.010762798539647	-11.958606204105545	230.0	23	1.05	0.95				
	213	2	114.25074766315788	23.281284429473683	0.0	0.0	2	1.007196516754359	-11.27916444572492	230.0	24	1.05	0.95				
	214	2	83.64016998736841	16.814260976842103	0.0	0.0	2	1.016005221584741	-9.777139837159533	230.0	26	1.05	0.95				
	215	2	136.66976229894735	27.592633397894733	0.0	0.0	2	1.030833119425408	-2.6560384550531464	230.0	26	1.05	0.95				
	216	2	43.11348968421052	8.622697936842105	0.0	0.0	2	1.0340138563909569	-3.066774152036075	230.0	26	1.05	0.95				
	217	1	0.0	0.0	0.0	0.0	2	1.0393846161533762	-1.0617791130625744	230.0	27	1.05	0.95				
	218	2	143.56792064842102	29.317172985263156	0.0	0.0	2	1.0375934948375314	-1.6380186083610235	230.0	27	1.05	0.95				
	219	1	78.03541632842105	15.951991183157894	0.0	0.0	2	1.0343529111856058	-3.401882288973377	230.0	25	1.05	0.95				
	220	1	55.18526679578947	11.209507317894737	0.0	0.0	2	1.0374832844882402	-2.864656617947033	230.0	25	1.05	0.95				
	221	2	0.0	0.0	0.0	0.0	2	1.0376130290251606	-1.1763485372010118	230.0	27	1.05	0.95				
	222	2	0.0	0.0	0.0	0.0	2	1.05	5.369792408767625	230.0	27	1.05	0.95				
	223	2	0.0	0.0	0.0	0.0	2	1.0398667460869386	-2.2468872392386765	230.0	25	1.05	0.95				
	224	1	0.0	0.0	0.0	0.0	2	1.0104634463722124	-6.627493982150706	230.0	26	1.05	0.95				
	301	2	48.755457132631584	9.931667193684211	0.0	0.0	3	1.013291532865828	15.28038115759718	138.0	31	1.05	0.95				
	302	2	43.789623535789474	9.028788357894738	0.0	0.0	3	1.012379278706043	14.968797653266469	138.0	32	1.05	0.95				
	303	1	81.25909522105263	16.703258462105264	0.0	0.0	3	1.05	28.46383547363709	138.0	31	1.05	0.95				
	304	1	33.40651692421053	6.771591268421052	0.0	0.0	3	1.0121059914917707	16.46758175787779	138.0	31	1.05	0.95				
	305	1	32.052198670526316	6.320151850526316	0.0	0.0	3	1.026079543450683	14.073352353347264	138.0	31	1.05	0.95				
	306	1	61.39576083368422	12.640303701052632	0.0	-100.0	3	1.0407229268403402	12.867825989630582	138.0	32	1.05	0.95				
	307	2	56.429927236842104	11.285985447368422	0.0	0.0	3	0.9879118571904909	8.803139106059502	138.0	32	1.05	0.95				
	308	1	77.19614046	15.800379626315788	0.0	0.0	3	0.9952222204380591	10.8467145787096	138.0	32	1.05	0.95				
	309	1	79.00189813157895	16.251819044210524	0.0	0.0	3	1.0262458725295096	19.542564612854733	138.0	33	1.05	0.95				
	310	1	88.03068648947368	18.057576715789477	0.0	0.0	3	1.05	14.317970173635185	138.0	33	1.05	0.95				
	311	1	0.0	0.0	0.0	0.0	3	1.0097588558544752	18.591816645613278	230.0	33	1.05	0.95				
	312	1	0.0	0.0	0.0	0.0	3	1.0156688048933182	18.911312073985027	230.0	33	1.05	0.95				
	313	2	119.63144574210527	24.377728566315792	0.0	0.0	3	1.0123453976730896	20.755654189399007	230.0	34	1.05	0.95				
	314	2	87.57924707157895	17.60613729789474	0.0	0.0	3	1.0030599482022013	18.46549774304134	230.0	36	1.05	0.95				
	315	2	143.1062954726316	28.89212274526316	0.0	0.0	3	1.0430075134434325	21.12970746006393	230.0	36	1.05	0.95				
	316	2	45.143941789473686	9.028788357894738	0.0	0.0	3	1.0338835238703163	20.96772931872077	230.0	36	1.05	0.95				
	317	1	0.0	0.0	0.0	0.0	3	1.05	25.02651579809032	230.0	37	1.05	0.95				
	318	2	150.3293261589474	30.69788041684211	0.0	0.0	3	1.046838639971655	21.387994096833093	230.0	37	1.05	0.95				
	319	1	81.71053463894738	16.703258462105264	0.0	0.0	3	1.0261572432235178	19.814571572160055	230.0	35	1.05	0.95				
	320	1	57.78424549052632	11.73742486526316	0.0	0.0	3	1.0227646450983854	19.684551516342513	230.0	35	1.05	0.95				
	321	2	0.0	0.0	0.0	0.0	3	1.0463391853772148	21.982667175970366	230.0	37	1.05	0.95				
	322	2	0.0	0.0	0.0	0.0	3	1.05	27.521120780489934	230.0	37	1.05	0.95				
	323	2	0.0	0.0	0.0	0.0	3	1.0215539121388293	19.963802119153517	230.0	35	1.05	0.95				
	324	1	0.0	0.0	0.0	0.0	3	1.0430120521009874	23.93706123190462	230.0	36	1.05	0.95				
	325	1	0.0	0.0	0.0	0.0	3	1.0237367735854441	20.206775924240993	230.0	35	1.05	0.95				
];
