%% MATPOWER Case Format : Version 2
function mpc = RTS_GMLC
mpc.version = '2';

%%-----  Power Flow Data  -----%%
%% system MVA base
mpc.baseMVA = 100.0;
%% bus data
%    bus_i    type    Pd    Qd    Gs    Bs    area    Vm    Va    baseKV    zone    Vmax    Vmin
mpc.bus = [
	101	2	80.7060861094737	16.440128651929825	0.0	0.0	1	1.0404546633874943	1.0987151932205546	138.0	11	1.05	0.95				
	102	2	72.48602178350878	14.945571501754387	0.0	0.0	1	1.0404224506359951	0.9918224678232617	138.0	12	1.05	0.95				
	103	1	134.51014351578948	27.649307278245615	0.0	0.0	1	1.0247534581086024	-0.2935004444679142	138.0	11	1.05	0.95				
	104	1	55.29861455649123	11.20917862631579	0.0	0.0	1	1.0209866337526683	-2.681330948078464	138.0	11	1.05	0.95				
	105	1	53.056778831228065	10.461900051228072	0.0	0.0	1	1.0345590280619368	-2.9363455605731135	138.0	11	1.05	0.95				
	106	1	101.62988621192983	20.923800102456145	0.0	-100.0	1	1.0373870113364796	-5.878741512262567	138.0	12	1.05	0.95				
	107	2	93.40982188596492	18.681964377192983	0.0	0.0	1	1.05	-4.876572848825358	138.0	12	1.05	0.95				
	108	1	127.78463634000002	26.154750128070177	0.0	0.0	1	1.0257463513015759	-6.804906477574031	138.0	12	1.05	0.95				
	109	1	130.7737506403509	26.902028703157892	0.0	0.0	1	1.0268914814778736	-3.2927517023606665	138.0	13	1.05	0.95				
	110	1	145.71932214210526	29.891143003508773	0.0	0.0	1	1.05	-4.708566948151131	138.0	13	1.05	0.95				
	111	1	0.0	0.0	0.0	0.0	1	1.0127840565430182	-0.8716555423017902	230.0	13	1.05	0.95				
	112	1	0.0	0.0	0.0	0.0	1	1.016143006732426	-0.20339918121355813	230.0	13	1.05	0.95				
	113	3	198.0288223982456	40.35304305473685	0.0	0.0	1	1.0121960158675338	-4.808591907383988e-27	230.0	14	1.05	0.95				
	114	2	144.97204356701755	29.143864428421058	0.0	0.0	1	1.0143422979355692	1.5545777152764384	230.0	16	1.05	0.95				
	115	2	236.88730830280704	47.82582880561404	0.0	0.0	1	1.0452859833146608	9.961023111160998	230.0	16	1.05	0.95				
	116	2	74.72785750877193	14.945571501754387	0.0	0.0	1	1.0438594311548772	9.455566880083559	230.0	16	1.05	0.95				
	117	1	0.0	0.0	0.0	0.0	1	1.0474589625559771	12.764027730165179	230.0	17	1.05	0.95				
	118	2	248.84376550421052	50.814943105964915	0.0	0.0	1	1.0499086099915032	13.486330386744907	230.0	17	1.05	0.95				
	119	1	135.2574220908772	27.649307278245615	0.0	0.0	1	1.0382341464586375	7.931651918391233	230.0	15	1.05	0.95				
	120	1	95.65165761122807	19.429242952280703	0.0	0.0	1	1.0393842582591166	7.674643048935728	230.0	15	1.05	0.95				
	121	2	0.0	0.0	0.0	0.0	1	1.05	13.974711746134817	230.0	17	1.05	0.95				
	122	2	0.0	0.0	0.0	0.0	1	1.05	20.77593690083184	230.0	17	1.05	0.95				
	123	2	0.0	0.0	0.0	0.0	1	1.0419833416237316	8.085487494386248	230.0	15	1.05	0.95				
	124	1	0.0	0.0	0.0	0.0	1	1.0247470999619217	6.158147641656519	230.0	16	1.05	0.95				
	201	2	88.6031796126316	18.048795847017544	0.0	0.0	2	1.047922933687989	-15.36045424448884	138.0	21	1.05	0.95				
	202	2	79.5787816891228	16.407996224561405	0.0	0.0	2	1.04907041874699	-15.511751040058162	138.0	22	1.05	0.95				
	203	1	147.67196602105267	30.354793015438595	0.0	0.0	2	1.024103794187751	-11.037381303390664	138.0	21	1.05	0.95				
	204	1	60.70958603087719	12.305997168421055	0.0	0.0	2	1.0210686923382215	-17.183104604759663	138.0	21	1.05	0.95				
	205	1	58.24838659719298	11.485597357192985	0.0	0.0	2	1.0384873534536967	-17.696344329584843	138.0	21	1.05	0.95				
	206	1	111.57437432701755	22.97119471438597	0.0	-100.0	2	1.0385217372046864	-19.78575011265789	138.0	22	1.05	0.95				
	207	2	102.54997640350878	20.509995280701755	0.0	0.0	2	0.95	-31.13132305567349	138.0	22	1.05	0.95				
	208	1	140.28836772000002	28.713993392982456	0.0	0.0	2	0.9555914356471921	-27.439717249639386	138.0	22	1.05	0.95				
	209	1	143.56996696491228	29.53439320421053	0.0	0.0	2	1.0243827546688045	-15.26002730476039	138.0	23	1.05	0.95				
	210	1	159.9779631894737	32.81599244912281	0.0	0.0	2	1.05	-17.524352082926324	138.0	23	1.05	0.95				
	211	1	0.0	0.0	0.0	0.0	2	1.0319203154926928	-10.09038504791681	230.0	23	1.05	0.95				
	212	1	0.0	0.0	0.0	0.0	2	1.0231294903405965	-8.844568769772208	230.0	23	1.05	0.95				
	213	2	217.4059499754386	44.3015898063158	0.0	0.0	2	1.05	-6.383166001095769	230.0	24	1.05	0.95				
	214	2	159.1575633782456	31.99559263789474	0.0	0.0	2	1.05	-7.319362946616393	230.0	26	1.05	0.95				
	215	2	260.06674015929826	52.5055879185965	0.0	0.0	2	1.0428373967831808	1.8415673310543865	230.0	26	1.05	0.95				
	216	2	82.03998112280702	16.407996224561405	0.0	0.0	2	1.0476098353831478	1.6967726546007456	230.0	26	1.05	0.95				
	217	1	0.0	0.0	0.0	0.0	2	1.0485687335857787	5.364192719085699	230.0	27	1.05	0.95				
	218	2	273.1931371389474	55.787187163508776	0.0	0.0	2	1.05	5.909319827682768	230.0	27	1.05	0.95				
	219	1	148.4923658322807	30.354793015438595	0.0	0.0	2	1.0426116588007666	0.9963628402076011	230.0	25	1.05	0.95				
	220	1	105.011175837193	21.330395091929827	0.0	0.0	2	1.0456741358187573	1.9216491639127002	230.0	25	1.05	0.95				
	221	2	0.0	0.0	0.0	0.0	2	1.05	6.2841926999647555	230.0	27	1.05	0.95				
	222	2	0.0	0.0	0.0	0.0	2	1.05	12.435142670255066	230.0	27	1.05	0.95				
	223	2	0.0	0.0	0.0	0.0	2	1.05	3.0237876798119854	230.0	25	1.05	0.95				
	224	1	0.0	0.0	0.0	0.0	2	1.0195526963158674	-2.9489045542899714	230.0	26	1.05	0.95				
	301	2	85.07434357894738	17.329958877192983	0.0	0.0	3	1.0195583853215684	-16.562273324292846	138.0	31	1.05	0.95				
	302	2	76.40936414035087	15.75450807017544	0.0	0.0	3	1.0196662296342704	-16.87349348933236	138.0	32	1.05	0.95				
	303	1	141.79057263157895	29.145839929824565	0.0	0.0	3	1.027941217079652	-8.496806272746596	138.0	31	1.05	0.95				
	304	1	58.29167985964913	11.815881052631578	0.0	0.0	3	1.0095466704558145	-14.577744693819321	138.0	31	1.05	0.95				
	305	1	55.92850364912281	11.028155649122809	0.0	0.0	3	1.0236999321625389	-15.63773844590457	138.0	31	1.05	0.95				
	306	1	107.130654877193	22.056311298245618	0.0	-100.0	3	1.0323532365875314	-15.967035149074247	138.0	32	1.05	0.95				
	307	2	98.4656754385965	19.6931350877193	0.0	0.0	3	1.007212948211287	-17.039057762722567	138.0	32	1.05	0.95				
	308	1	134.701044	27.570389122807015	0.0	0.0	3	1.0044598970372756	-15.795506660101848	138.0	32	1.05	0.95				
	309	1	137.8519456140351	28.35811452631579	0.0	0.0	3	1.030472615104712	-9.501381485297962	138.0	33	1.05	0.95				
	310	1	153.60645368421052	31.50901614035088	0.0	0.0	3	1.05	-12.187820683535785	138.0	33	1.05	0.95				
	311	1	0.0	0.0	0.0	0.0	3	1.022879487367526	-3.5307472695092135	230.0	33	1.05	0.95				
	312	1	0.0	0.0	0.0	0.0	3	1.0230557665509774	-2.8175945750168125	230.0	33	1.05	0.95				
	313	2	208.74723192982455	42.53717178947369	0.0	0.0	3	1.0462248911471934	3.2915486311498854	230.0	34	1.05	0.95				
	314	2	152.81872828070175	30.721290736842104	0.0	0.0	3	1.032158961216282	-2.388192250603792	230.0	36	1.05	0.95				
	315	2	249.70895291228072	50.414425824561405	0.0	0.0	3	1.0472536449686778	-0.07576189837737492	230.0	36	1.05	0.95				
	316	2	78.7725403508772	15.75450807017544	0.0	0.0	3	1.0464840077298887	0.8417379228559776	230.0	36	1.05	0.95				
	317	1	0.0	0.0	0.0	0.0	3	1.0482204293126014	1.8950139882037143	230.0	37	1.05	0.95				
	318	2	262.31255936842103	53.5653274385965	0.0	0.0	3	1.0472467233821123	1.4500545672074667	230.0	37	1.05	0.95				
	319	1	142.57829803508773	29.145839929824565	0.0	0.0	3	1.0440192780490303	1.4959034250563328	230.0	35	1.05	0.95				
	320	1	100.82885164912281	20.48086049122807	0.0	0.0	3	1.0454195045382662	2.103157865856066	230.0	35	1.05	0.95				
	321	2	0.0	0.0	0.0	0.0	3	1.0499999995288771	2.6200426570674837	230.0	37	1.05	0.95				
	322	2	0.0	0.0	0.0	0.0	3	1.05	8.111109224785299	230.0	37	1.05	0.95				
	323	2	0.0	0.0	0.0	0.0	3	1.0476637114796148	2.6900718954125034	230.0	35	1.05	0.95				
	324	1	0.0	0.0	0.0	0.0	3	1.0314494207275897	-1.64707147215073	230.0	36	1.05	0.95				
	325	1	0.0	0.0	0.0	0.0	3	1.0452219026107137	3.625252666222073	230.0	35	1.05	0.95				
];
