%% MATPOWER Case Format : Version 2
function mpc = RTS_GMLC
mpc.version = '2';

%%-----  Power Flow Data  -----%%
%% system MVA base
mpc.baseMVA = 100.0;
%% bus data
%    bus_i    type    Pd    Qd    Gs    Bs    area    Vm    Va    baseKV    zone    Vmax    Vmin
mpc.bus = [
	101	2	39.41118257684211	8.028203858245615	0.0	0.0	1	1.0334144113919521	1.2944824685006937	138.0	11	1.05	0.95				
	102	2	35.3970806477193	7.298367143859649	0.0	0.0	1	1.0312599953123687	0.7332338976159956	138.0	12	1.05	0.95				
	103	1	65.68530429473684	13.50197921614035	0.0	0.0	1	1.0301544654464707	0.2896691855229056	138.0	11	1.05	0.95				
	104	1	27.0039584322807	5.473775357894736	0.0	0.0	1	1.0241374005095156	-1.3588260951716795	138.0	11	1.05	0.95				
	105	1	25.90920336070175	5.108857000701755	0.0	0.0	1	1.0368019999301685	-1.602697125319422	138.0	11	1.05	0.95				
	106	1	49.628896578245616	10.21771400140351	0.0	-100.0	1	1.0470204836648573	-3.7252397267904325	138.0	12	1.05	0.95				
	107	2	45.6147946491228	9.122958929824561	0.0	0.0	1	1.0022801571684063	-9.072771551028518	138.0	12	1.05	0.95				
	108	1	62.40103908	12.772142501754386	0.0	0.0	1	1.0072600432598866	-7.596357504108108	138.0	12	1.05	0.95				
	109	1	63.860712508771925	13.137060858947367	0.0	0.0	1	1.024402950013089	-2.451143974034302	138.0	13	1.05	0.95				
	110	1	71.15907965263158	14.596734287719299	0.0	0.0	1	1.05	-3.3875169238041263	138.0	13	1.05	0.95				
	111	1	0.0	0.0	0.0	0.0	1	1.000679293391971	-0.8342383874899729	230.0	13	1.05	0.95				
	112	1	0.0	0.0	0.0	0.0	1	1.0055588939773745	-1.1444964538334197	230.0	13	1.05	0.95				
	113	3	96.70336465614035	19.705591288421054	0.0	0.0	1	0.9920334259551647	5.146016789629699e-28	230.0	14	1.05	0.95				
	114	2	70.7941612954386	14.231815930526315	0.0	0.0	1	0.9951671573114458	0.6798024798894271	230.0	16	1.05	0.95				
	115	2	115.67911923017542	23.354774860350876	0.0	0.0	1	1.0302192532005676	5.9585368383562844	230.0	16	1.05	0.95				
	116	2	36.491835719298244	7.298367143859649	0.0	0.0	1	1.0254323367156573	4.928786248936063	230.0	16	1.05	0.95				
	117	1	0.0	0.0	0.0	0.0	1	1.0345159803884785	8.089992938097234	230.0	17	1.05	0.95				
	118	2	121.51781294526316	24.814448289122808	0.0	0.0	1	1.0379737002948066	8.744299780103152	230.0	17	1.05	0.95				
	119	1	66.05022265192983	13.50197921614035	0.0	0.0	1	1.015693739579496	2.81427443999799	230.0	15	1.05	0.95				
	120	1	46.70954972070175	9.487877287017543	0.0	0.0	1	1.0098556066814894	1.4295881054308726	230.0	15	1.05	0.95				
	121	2	0.0	0.0	0.0	0.0	1	1.04071510638814	9.973679177202573	230.0	17	1.05	0.95				
	122	2	0.0	0.0	0.0	0.0	1	1.05	15.822191227424911	230.0	17	1.05	0.95				
	123	2	0.0	0.0	0.0	0.0	1	1.0069813114547161	0.9549510679403386	230.0	15	1.05	0.95				
	124	1	0.0	0.0	0.0	0.0	1	1.0223303265222352	3.8166267562425835	230.0	16	1.05	0.95				
	201	2	38.91263968421053	7.926648824561404	0.0	0.0	2	1.0175662149319056	-11.846434579238228	138.0	21	1.05	0.95				
	202	2	34.94931527192983	7.206044385964913	0.0	0.0	2	1.0166979671614869	-12.101410220459886	138.0	22	1.05	0.95				
	203	1	64.85439947368421	13.331182114035089	0.0	0.0	2	1.015029293832811	-8.88812332208443	138.0	21	1.05	0.95				
	204	1	26.662364228070178	5.404533289473684	0.0	0.0	2	1.014435404933283	-11.758824738603684	138.0	21	1.05	0.95				
	205	1	25.581457570175438	5.04423107017544	0.0	0.0	2	1.0295532882501877	-12.09513754209195	138.0	21	1.05	0.95				
	206	1	49.00110182456141	10.08846214035088	0.0	-100.0	2	1.0445516547323146	-12.705665987871779	138.0	22	1.05	0.95				
	207	2	45.037777412280704	9.00755548245614	0.0	0.0	2	1.0002506271612919	-16.98884742683251	138.0	22	1.05	0.95				
	208	1	61.61167950000001	12.610577675438597	0.0	0.0	2	1.0056678480419425	-15.391268177779246	138.0	22	1.05	0.95				
	209	1	63.052888377192986	12.970879894736843	0.0	0.0	2	1.0224553363417856	-9.980899932482954	138.0	23	1.05	0.95				
	210	1	70.2589327631579	14.412088771929826	0.0	0.0	2	1.05	-11.184375077248843	138.0	23	1.05	0.95				
	211	1	0.0	0.0	0.0	0.0	2	1.0002116858264172	-8.018786949520424	230.0	23	1.05	0.95				
	212	1	0.0	0.0	0.0	0.0	2	1.0054205394533553	-5.274751926402223	230.0	23	1.05	0.95				
	213	2	95.48008811403508	19.456319842105266	0.0	0.0	2	0.9907188045620274	-6.915919976821712	230.0	24	1.05	0.95				
	214	2	69.89863054385965	14.05178655263158	0.0	0.0	2	0.9973146713500606	-6.25614663928617	230.0	26	1.05	0.95				
	215	2	114.21580351754386	23.05934203508772	0.0	0.0	2	1.0130400769094479	-0.6600729485124315	230.0	26	1.05	0.95				
	216	2	36.03022192982456	7.206044385964913	0.0	0.0	2	1.011628360836591	-1.5361183532260205	230.0	26	1.05	0.95				
	217	1	0.0	0.0	0.0	0.0	2	1.0171687024501443	0.046982984609204095	230.0	27	1.05	0.95				
	218	2	119.9806390263158	24.500550912280705	0.0	0.0	2	1.0170771932674376	-0.1853852101310776	230.0	27	1.05	0.95				
	219	1	65.21470169298246	13.331182114035089	0.0	0.0	2	1.006462103766653	-3.0314648862141857	230.0	25	1.05	0.95				
	220	1	46.11868407017544	9.367857701754387	0.0	0.0	2	1.0045504121383502	-3.605469821474926	230.0	25	1.05	0.95				
	221	2	0.0	0.0	0.0	0.0	2	1.0192885142404082	0.4597795150842738	230.0	27	1.05	0.95				
	222	2	0.0	0.0	0.0	0.0	2	1.041103625222305	6.901145437074514	230.0	27	1.05	0.95				
	223	2	0.0	0.0	0.0	0.0	2	1.0037523619174293	-3.6304312411141835	230.0	25	1.05	0.95				
	224	1	0.0	0.0	0.0	0.0	2	1.0035980331634344	-3.7797968237952992	230.0	26	1.05	0.95				
	301	2	53.812084774736846	10.961720972631579	0.0	0.0	3	1.0023191837818437	-5.219963880077878	138.0	31	1.05	0.95				
	302	2	48.331224288421055	9.965200884210528	0.0	0.0	3	1.0020656315562937	-5.297879978699307	138.0	32	1.05	0.95				
	303	1	89.68680795789474	18.435621635789474	0.0	0.0	3	1.0185140845809773	-1.145295887433944	138.0	31	1.05	0.95				
	304	1	36.87124327157895	7.473900663157895	0.0	0.0	3	1.0058986678582407	-3.7173320130754757	138.0	31	1.05	0.95				
	305	1	35.376463138947365	6.975640618947369	0.0	0.0	3	1.0190948136256954	-3.9472611658240546	138.0	31	1.05	0.95				
	306	1	67.7633660126316	13.951281237894738	0.0	-100.0	3	1.0367855685425431	-3.817882745348243	138.0	32	1.05	0.95				
	307	2	62.28250552631579	12.456501105263158	0.0	0.0	3	0.9948583449358653	-7.858226056439097	138.0	32	1.05	0.95				
	308	1	85.20246756	17.43910154736842	0.0	0.0	3	1.0025581666738226	-5.629093877433068	138.0	32	1.05	0.95				
	309	1	87.1955077368421	17.93736159157895	0.0	0.0	3	1.0254587284967736	-0.38595102203319603	138.0	33	1.05	0.95				
	310	1	97.16070862105262	19.930401768421056	0.0	0.0	3	1.05	-1.0788194289318709	138.0	33	1.05	0.95				
	311	1	0.0	0.0	0.0	0.0	3	1.0083866733016846	4.004378534673433	230.0	33	1.05	0.95				
	312	1	0.0	0.0	0.0	0.0	3	1.0139906488228188	5.213107826266415	230.0	33	1.05	0.95				
	313	2	132.03891171578948	26.906042387368423	0.0	0.0	3	1.0213756383987673	10.44930493800536	230.0	34	1.05	0.95				
	314	2	96.66244857684211	19.432141724210528	0.0	0.0	3	1.0042249977659128	3.1270284298297075	230.0	36	1.05	0.95				
	315	2	157.94843401473685	31.888642829473685	0.0	0.0	3	1.0151751034448435	-0.49601050678688136	230.0	36	1.05	0.95				
	316	2	49.82600442105263	9.965200884210528	0.0	0.0	3	1.0155049138351095	0.38749628088280424	230.0	36	1.05	0.95				
	317	1	0.0	0.0	0.0	0.0	3	1.0177248665469145	-0.11616253325265467	230.0	37	1.05	0.95				
	318	2	165.92059472210528	33.8816830063158	0.0	0.0	3	1.0152608012767588	-0.9721050419602345	230.0	37	1.05	0.95				
	319	1	90.18506800210527	18.435621635789474	0.0	0.0	3	1.0166640894122378	2.8977992153852044	230.0	35	1.05	0.95				
	320	1	63.77728565894737	12.954761149473685	0.0	0.0	3	1.019864075835613	4.845375083582144	230.0	35	1.05	0.95				
	321	2	0.0	0.0	0.0	0.0	3	1.0173246136767913	-0.24143431833832096	230.0	37	1.05	0.95				
	322	2	0.0	0.0	0.0	0.0	3	1.031052374561314	4.275369239584974	230.0	37	1.05	0.95				
	323	2	0.0	0.0	0.0	0.0	3	1.0219753249843455	5.796954778865562	230.0	35	1.05	0.95				
	324	1	0.0	0.0	0.0	0.0	3	1.0143496915964008	0.8691261691538483	230.0	36	1.05	0.95				
	325	1	0.0	0.0	0.0	0.0	3	1.023472503968682	6.160976659478262	230.0	35	1.05	0.95				
];
