%% MATPOWER Case Format : Version 2
function mpc = RTS_GMLC
mpc.version = '2';

%%-----  Power Flow Data  -----%%
%% system MVA base
mpc.baseMVA = 100.0;
%% bus data
%    bus_i    type    Pd    Qd    Gs    Bs    area    Vm    Va    baseKV    zone    Vmax    Vmin
mpc.bus = [
	101	2	37.220188024421056	7.581890153122807	0.0	0.0	1	0.9877479747566713	-5.4682004481874475	138.0	11	1.05	0.95				
	102	2	33.42924294785965	6.8926274119298245	0.0	0.0	1	0.9876692402792919	-5.6468364933876645	138.0	12	1.05	0.95				
	103	1	62.033646707368426	12.751360712070175	0.0	0.0	1	1.0191609879870442	1.327788731784729	138.0	11	1.05	0.95				
	104	1	25.50272142414035	5.169470558947369	0.0	0.0	1	1.0027112840571812	-4.915844200758538	138.0	11	1.05	0.95				
	105	1	24.46882731235088	4.824839188350878	0.0	0.0	1	1.014515726148095	-5.73088187358764	138.0	11	1.05	0.95				
	106	1	46.86986640112281	9.649678376701756	0.0	-100.0	1	1.037880417487476	-6.321929764664636	138.0	12	1.05	0.95				
	107	2	43.078921324561406	8.61578426491228	0.0	0.0	1	0.9877132447704862	-10.68379659170846	138.0	12	1.05	0.95				
	108	1	58.931964372	12.062097970877192	0.0	0.0	1	0.9990897389252666	-8.856324155291608	138.0	12	1.05	0.95				
	109	1	60.31048985438596	12.406729341473683	0.0	0.0	1	1.0247284904477099	-2.8903026239430014	138.0	13	1.05	0.95				
	110	1	67.20311726631579	13.785254823859649	0.0	0.0	1	1.05	-4.862036912185986	138.0	13	1.05	0.95				
	111	1	0.0	0.0	0.0	0.0	1	1.0178048382217593	0.26371486187199805	230.0	13	1.05	0.95				
	112	1	0.0	0.0	0.0	0.0	1	1.013324630948894	-1.1009895825930096	230.0	13	1.05	0.95				
	113	3	91.32731320807017	18.610094012210528	0.0	0.0	1	0.9992766527596577	-2.342209802198576e-28	230.0	14	1.05	0.95				
	114	2	66.8584858957193	13.440623453263159	0.0	0.0	1	1.0458301267948682	4.528637376189173	230.0	16	1.05	0.95				
	115	2	109.24814447908773	22.05640771817544	0.0	0.0	1	1.0376897183768399	14.890866533921676	230.0	16	1.05	0.95				
	116	2	34.46313705964912	6.8926274119298245	0.0	0.0	1	1.0384212040769458	12.848692586044631	230.0	16	1.05	0.95				
	117	1	0.0	0.0	0.0	0.0	1	1.0373000240358594	19.30814885388565	230.0	17	1.05	0.95				
	118	2	114.76224640863157	23.434933200561407	0.0	0.0	1	1.0464826728142322	20.09637261577728	230.0	17	1.05	0.95				
	119	1	62.37827807796491	12.751360712070175	0.0	0.0	1	1.0346532488627018	8.170367228755874	230.0	15	1.05	0.95				
	120	1	44.11281543635088	8.960415635508772	0.0	0.0	1	1.03835357381033	4.770957652468616	230.0	15	1.05	0.95				
	121	2	0.0	0.0	0.0	0.0	1	1.0401023334652593	21.727820894463743	230.0	17	1.05	0.95				
	122	2	0.0	0.0	0.0	0.0	1	1.05	39.7148185663003	230.0	17	1.05	0.95				
	123	2	0.0	0.0	0.0	0.0	1	1.041535843029253	3.1710615261566164	230.0	15	1.05	0.95				
	124	1	0.0	0.0	0.0	0.0	1	1.0135852812344812	9.844557236115627	230.0	16	1.05	0.95				
	201	2	40.13662835368421	8.175979849824563	0.0	0.0	2	1.0062602694271165	-16.013134391712498	138.0	21	1.05	0.95				
	202	2	36.04863842877193	7.432708954385965	0.0	0.0	2	1.0052303800686395	-16.30582407662233	138.0	22	1.05	0.95				
	203	1	66.89438058947368	13.750511565614035	0.0	0.0	2	1.0127796706156462	-11.986466156919986	138.0	21	1.05	0.95				
	204	1	27.50102313122807	5.574531715789473	0.0	0.0	2	1.0092512295635565	-16.094206282497975	138.0	21	1.05	0.95				
	205	1	26.386116788070176	5.202896268070176	0.0	0.0	2	1.0236277874513202	-16.529772110181778	138.0	21	1.05	0.95				
	206	1	50.54242088982457	10.405792536140352	0.0	-100.0	2	1.0413896636069293	-17.301161271984153	138.0	22	1.05	0.95				
	207	2	46.45443096491228	9.290886192982455	0.0	0.0	2	0.9894581264721218	-21.637281000935833	138.0	22	1.05	0.95				
	208	1	63.54966155999999	13.007240670175438	0.0	0.0	2	0.9990724814103307	-20.020284017950093	138.0	22	1.05	0.95				
	209	1	65.03620335087719	13.378876117894736	0.0	0.0	2	1.022858251664554	-14.372415927300086	138.0	23	1.05	0.95				
	210	1	72.46891230526316	14.86541790877193	0.0	0.0	2	1.05	-15.840800721958693	138.0	23	1.05	0.95				
	211	1	0.0	0.0	0.0	0.0	2	1.0057946237153825	-11.665107085024951	230.0	23	1.05	0.95				
	212	1	0.0	0.0	0.0	0.0	2	1.013601917424337	-11.063816306933674	230.0	23	1.05	0.95				
	213	2	98.48339364561403	20.068314176842105	0.0	0.0	2	1.0043726603008027	-10.480266967237757	230.0	24	1.05	0.95				
	214	2	72.09727685754386	14.493782461052632	0.0	0.0	2	1.0040834903814582	-9.14480480104516	230.0	26	1.05	0.95				
	215	2	117.80843692701754	23.784668654035087	0.0	0.0	2	1.0262327757758487	-2.6503259837162183	230.0	26	1.05	0.95				
	216	2	37.16354477192982	7.432708954385965	0.0	0.0	2	1.0293921425381827	-3.428137004661785	230.0	26	1.05	0.95				
	217	1	0.0	0.0	0.0	0.0	2	1.034697281993019	-1.1423111785991733	230.0	27	1.05	0.95				
	218	2	123.75460409052633	25.271210444912285	0.0	0.0	2	1.0331570859274042	-1.5920276654763033	230.0	27	1.05	0.95				
	219	1	67.26601603719298	13.750511565614035	0.0	0.0	2	1.0366384900495422	-3.8483360009813175	230.0	25	1.05	0.95				
	220	1	47.569337308070175	9.662521640701755	0.0	0.0	2	1.0450603393385414	-3.4975377081529686	230.0	25	1.05	0.95				
	221	2	0.0	0.0	0.0	0.0	2	1.0336184094696357	-1.1462359420184667	230.0	27	1.05	0.95				
	222	2	0.0	0.0	0.0	0.0	2	1.05	5.351989789881815	230.0	27	1.05	0.95				
	223	2	0.0	0.0	0.0	0.0	2	1.04999999674703	-3.032931864599341	230.0	25	1.05	0.95				
	224	1	0.0	0.0	0.0	0.0	2	1.0096486046883606	-6.134338834851927	230.0	26	1.05	0.95				
	301	2	44.296741553684214	9.023410316491228	0.0	0.0	3	1.0189279726706542	14.317440584049056	138.0	31	1.05	0.95				
	302	2	39.785036395438595	8.203100287719298	0.0	0.0	3	1.0168784922779501	13.967891285702141	138.0	32	1.05	0.95				
	303	1	73.82790258947368	15.1757355322807	0.0	0.0	3	1.05	29.38817444203156	138.0	31	1.05	0.95				
	304	1	30.3514710645614	6.152325215789474	0.0	0.0	3	1.0089744460069168	15.32565372294363	138.0	31	1.05	0.95				
	305	1	29.121006021403506	5.742170201403509	0.0	0.0	3	1.0256552933629752	12.620051151187438	138.0	31	1.05	0.95				
	306	1	55.78108195649123	11.484340402807018	0.0	-100.0	3	1.0369069492026073	11.162852949114757	138.0	32	1.05	0.95				
	307	2	51.26937679824562	10.253875359649122	0.0	0.0	3	0.95	7.972245464455113	138.0	32	1.05	0.95				
	308	1	70.13650745999999	14.355425503508771	0.0	0.0	3	0.9707536376567307	9.73504539334366	138.0	32	1.05	0.95				
	309	1	71.77712751754386	14.765580517894735	0.0	0.0	3	1.0151848960226102	18.160711677719892	138.0	33	1.05	0.95				
	310	1	79.98022780526316	16.406200575438596	0.0	0.0	3	1.042372781820832	12.233558619255192	138.0	33	1.05	0.95				
	311	1	0.0	0.0	0.0	0.0	3	1.0023282440952017	15.66661539075842	230.0	33	1.05	0.95				
	312	1	0.0	0.0	0.0	0.0	3	1.007403705213252	15.726142420250708	230.0	33	1.05	0.95				
	313	2	108.69107881228071	22.148370776842107	0.0	0.0	3	1.0003667027082987	15.514735199750726	230.0	34	1.05	0.95				
	314	2	79.57007279087719	15.996045561052632	0.0	0.0	3	0.9984561540270043	16.37644282873798	230.0	36	1.05	0.95				
	315	2	130.01913956035088	26.249920920701754	0.0	0.0	3	1.0485651579154336	20.25132138617638	230.0	36	1.05	0.95				
	316	2	41.01550143859649	8.203100287719298	0.0	0.0	3	1.0323550252600688	19.782336735908363	230.0	36	1.05	0.95				
	317	1	0.0	0.0	0.0	0.0	3	1.05	24.126792243900223	230.0	37	1.05	0.95				
	318	2	136.58161979052633	27.890540978245614	0.0	0.0	3	1.0476632507274344	20.557887887063384	230.0	37	1.05	0.95				
	319	1	74.23805760385966	15.1757355322807	0.0	0.0	3	1.0229413385368906	18.181446578834713	230.0	35	1.05	0.95				
	320	1	52.49984184140351	10.664030374035088	0.0	0.0	3	1.0178835599131886	17.579990099537724	230.0	35	1.05	0.95				
	321	2	0.0	0.0	0.0	0.0	3	1.05	21.1220167138185	230.0	37	1.05	0.95				
	322	2	0.0	0.0	0.0	0.0	3	1.0499999747313884	26.649386461761967	230.0	37	1.05	0.95				
	323	2	0.0	0.0	0.0	0.0	3	1.015544585912855	17.570395274105703	230.0	35	1.05	0.95				
	324	1	0.0	0.0	0.0	0.0	3	1.046182176130647	23.744544140466385	230.0	36	1.05	0.95				
	325	1	0.0	0.0	0.0	0.0	3	1.0175307945086813	17.9378103121991	230.0	35	1.05	0.95				
];
