%% MATPOWER Case Format : Version 2
function mpc = RTS_GMLC
mpc.version = '2';

%%-----  Power Flow Data  -----%%
%% system MVA base
mpc.baseMVA = 100.0;
%% bus data
%    bus_i    type    Pd    Qd    Gs    Bs    area    Vm    Va    baseKV    zone    Vmax    Vmin
mpc.bus = [
	101	2	46.184562113684215	9.407966356491228	0.0	0.0	1	1.0371156400969364	0.750416961094797	138.0	11	1.05	0.95				
	102	2	41.480578935438594	8.552696687719298	0.0	0.0	1	1.0363110779823441	0.4820652390249962	138.0	12	1.05	0.95				
	103	1	76.97427018947369	15.822488872280701	0.0	0.0	1	1.0222353804275985	-0.17217905709140455	138.0	11	1.05	0.95				
	104	1	31.644977744561402	6.414522515789472	0.0	0.0	1	1.021858158274576	-2.336741700195858	138.0	11	1.05	0.95				
	105	1	30.362073241403504	5.986887681403509	0.0	0.0	1	1.037865441021968	-2.1785108448490607	138.0	11	1.05	0.95				
	106	1	58.158337476491226	11.973775362807018	0.0	-100.0	1	1.046397526445515	-4.299182659338188	138.0	12	1.05	0.95				
	107	2	53.45435429824561	10.690870859649122	0.0	0.0	1	1.0014899145420566	-11.317154752188307	138.0	12	1.05	0.95				
	108	1	73.12555667999999	14.967219203508769	0.0	0.0	1	1.0036239346322164	-9.267876966921365	138.0	12	1.05	0.95				
	109	1	74.83609601754385	15.394854037894737	0.0	0.0	1	1.022706831790457	-2.9175215010690554	138.0	13	1.05	0.95				
	110	1	83.38879270526314	17.105393375438595	0.0	0.0	1	1.05	-3.8116611894490022	138.0	13	1.05	0.95				
	111	1	0.0	0.0	0.0	0.0	1	1.0013534319667885	-0.6760397614318181	230.0	13	1.05	0.95				
	112	1	0.0	0.0	0.0	0.0	1	1.007142502464446	-0.6133244621013287	230.0	13	1.05	0.95				
	113	3	113.32323111228068	23.092281056842108	0.0	0.0	1	0.9977956738884098	-2.83934108767394e-29	230.0	14	1.05	0.95				
	114	2	82.96115787087719	16.677758541052633	0.0	0.0	1	0.9947224261273975	1.575490355329393	230.0	16	1.05	0.95				
	115	2	135.56024250035085	27.368629400701757	0.0	0.0	1	1.019831493385271	8.012607912803043	230.0	16	1.05	0.95				
	116	2	42.76348343859649	8.552696687719298	0.0	0.0	1	1.0175942550657566	7.326292124007085	230.0	16	1.05	0.95				
	117	1	0.0	0.0	0.0	0.0	1	1.024727579172112	10.077613220012195	230.0	17	1.05	0.95				
	118	2	142.4023998505263	29.079168738245613	0.0	0.0	1	1.0260603405054178	10.274164701212477	230.0	17	1.05	0.95				
	119	1	77.40190502385965	15.822488872280701	0.0	0.0	1	1.0137826090514928	5.51602140675252	230.0	15	1.05	0.95				
	120	1	54.73725880140351	11.118505694035088	0.0	0.0	1	1.0139924682697916	4.792935120498109	230.0	15	1.05	0.95				
	121	2	0.0	0.0	0.0	0.0	1	1.0283488779350376	11.470033322890123	230.0	17	1.05	0.95				
	122	2	0.0	0.0	0.0	0.0	1	1.05	19.550439190404692	230.0	17	1.05	0.95				
	123	2	0.0	0.0	0.0	0.0	1	1.0146513906381236	4.732034045456453	230.0	15	1.05	0.95				
	124	1	0.0	0.0	0.0	0.0	1	1.0105225493911436	4.907956086429077	230.0	16	1.05	0.95				
	201	2	47.31056192842106	9.637336689122808	0.0	0.0	2	1.0208648582110151	-14.150797039734394	138.0	21	1.05	0.95				
	202	2	42.49189358385965	8.761215171929827	0.0	0.0	2	1.0212850601636472	-14.127311546954118	138.0	22	1.05	0.95				
	203	1	78.85093654736842	16.208248068070176	0.0	0.0	2	1.0150660661406063	-11.737199720276244	138.0	21	1.05	0.95				
	204	1	32.41649613614035	6.570911378947368	0.0	0.0	2	1.0151777508876785	-15.12253276803883	138.0	21	1.05	0.95				
	205	1	31.10231386035088	6.132850620350878	0.0	0.0	2	1.0301212708702903	-15.50601176422141	138.0	21	1.05	0.95				
	206	1	59.57626316912281	12.265701240701755	0.0	-100.0	2	1.0431915688721172	-16.703233702257695	138.0	22	1.05	0.95				
	207	2	54.75759482456141	10.951518964912282	0.0	0.0	2	0.9928267916008995	-22.691280878444907	138.0	22	1.05	0.95				
	208	1	74.90838972	15.332126550877193	0.0	0.0	2	0.998251525995802	-20.699613354490385	138.0	22	1.05	0.95				
	209	1	76.66063275438597	15.770187309473686	0.0	0.0	2	1.0225409289207052	-14.125952754417085	138.0	23	1.05	0.95				
	210	1	85.42184792631579	17.522430343859654	0.0	0.0	2	1.05	-15.46661949764892	138.0	23	1.05	0.95				
	211	1	0.0	0.0	0.0	0.0	2	1.0060417111700108	-11.274607671222556	230.0	23	1.05	0.95				
	212	1	0.0	0.0	0.0	0.0	2	1.0100320999511174	-10.592365642108126	230.0	23	1.05	0.95				
	213	2	116.08610102807017	23.65528096421053	0.0	0.0	2	1.0046555543714955	-10.126671725050597	230.0	24	1.05	0.95				
	214	2	84.9837871677193	17.08436958526316	0.0	0.0	2	1.0049734608071554	-8.647840765670182	230.0	26	1.05	0.95				
	215	2	138.86526047508772	28.035888550175443	0.0	0.0	2	1.0198602334974145	-1.8849122472732716	230.0	26	1.05	0.95				
	216	2	43.80607585964913	8.761215171929827	0.0	0.0	2	1.0212707442611446	-2.2541469568020602	230.0	26	1.05	0.95				
	217	1	0.0	0.0	0.0	0.0	2	1.0243983882378913	-0.1516647250260995	230.0	27	1.05	0.95				
	218	2	145.8742326126316	29.788131584561405	0.0	0.0	2	1.0237826806890444	-0.7844616985169084	230.0	27	1.05	0.95				
	219	1	79.28899730596491	16.208248068070176	0.0	0.0	2	1.0242915572918396	-2.766471502453347	230.0	25	1.05	0.95				
	220	1	56.071777100350886	11.389579723508772	0.0	0.0	2	1.0299190693138929	-2.352545712871802	230.0	25	1.05	0.95				
	221	2	0.0	0.0	0.0	0.0	2	1.026074023133691	-0.3375376324936263	230.0	27	1.05	0.95				
	222	2	0.0	0.0	0.0	0.0	2	1.0478211082362174	6.252978680079626	230.0	27	1.05	0.95				
	223	2	0.0	0.0	0.0	0.0	2	1.0336994171720506	-1.7947709535840817	230.0	25	1.05	0.95				
	224	1	0.0	0.0	0.0	0.0	2	1.0059947228244501	-5.595190777270423	230.0	26	1.05	0.95				
	301	2	50.44669408421053	10.276178424561405	0.0	0.0	3	1.048382332621678	-3.6740895231986634	138.0	31	1.05	0.95				
	302	2	45.308604871929816	9.341980385964913	0.0	0.0	3	1.0434530019069876	-3.993294157312617	138.0	32	1.05	0.95				
	303	1	84.0778234736842	17.28266371403509	0.0	0.0	3	1.05	11.829067631297853	138.0	31	1.05	0.95				
	304	1	34.56532742807018	7.006485289473684	0.0	0.0	3	1.02070667954571	-2.5478049376071916	138.0	31	1.05	0.95				
	305	1	33.16403037017543	6.539386270175439	0.0	0.0	3	1.0431216138022925	-4.854660462761773	138.0	31	1.05	0.95				
	306	1	63.52546662456141	13.078772540350878	0.0	-100.0	3	1.0467671389609283	-6.076427158244756	138.0	32	1.05	0.95				
	307	2	58.387377412280706	11.67747548245614	0.0	0.0	3	0.95	-2.8388860766270754	138.0	32	1.05	0.95				
	308	1	79.87393229999999	16.348465675438597	0.0	0.0	3	0.9727019688593525	-4.098633118677988	138.0	32	1.05	0.95				
	309	1	81.74232837719298	16.81556469473684	0.0	0.0	3	1.016870062211709	0.5961219186388654	138.0	33	1.05	0.95				
	310	1	91.08430876315789	18.683960771929826	0.0	0.0	3	1.048531860691747	-4.595873885275353	138.0	33	1.05	0.95				
	311	1	0.0	0.0	0.0	0.0	3	1.003192602756447	-1.6500957791853663	230.0	33	1.05	0.95				
	312	1	0.0	0.0	0.0	0.0	3	1.0079787255937978	-0.5241191209240381	230.0	33	1.05	0.95				
	313	2	123.78124011403509	25.223347042105264	0.0	0.0	3	1.0033930907540805	0.9266867219632919	230.0	34	1.05	0.95				
	314	2	90.61720974385963	18.21686175263158	0.0	0.0	3	0.9954457006113209	-3.44580192315031	230.0	36	1.05	0.95				
	315	2	148.07038911754384	29.89433723508772	0.0	0.0	3	1.0440717072439254	-2.545985465364	230.0	36	1.05	0.95				
	316	2	46.70990192982456	9.341980385964913	0.0	0.0	3	1.0268011751983168	-3.0898738986252803	230.0	36	1.05	0.95				
	317	1	0.0	0.0	0.0	0.0	3	1.0396049616378413	-2.4880719311455994	230.0	37	1.05	0.95				
	318	2	155.54397342631577	31.762733312280705	0.0	0.0	3	1.0431867292186048	-2.858354970768192	230.0	37	1.05	0.95				
	319	1	84.54492249298245	17.28266371403509	0.0	0.0	3	1.0156773539949062	-2.460299622953904	230.0	35	1.05	0.95				
	320	1	59.78867447017544	12.144574501754386	0.0	0.0	3	1.0096543621999892	-0.9706065061041772	230.0	35	1.05	0.95				
	321	2	0.0	0.0	0.0	0.0	3	1.05	-2.2636063051682784	230.0	37	1.05	0.95				
	322	2	0.0	0.0	0.0	0.0	3	1.05	1.983565292859373	230.0	37	1.05	0.95				
	323	2	0.0	0.0	0.0	0.0	3	1.0076883969456003	0.229576380530573	230.0	35	1.05	0.95				
	324	1	0.0	0.0	0.0	0.0	3	1.0412644539035087	2.950871542732477	230.0	36	1.05	0.95				
	325	1	0.0	0.0	0.0	0.0	3	1.0068475247641289	1.186693063577959	230.0	35	1.05	0.95				
];
