%% MATPOWER Case Format : Version 2
function mpc = RTS_GMLC
mpc.version = '2';

%%-----  Power Flow Data  -----%%
%% system MVA base
mpc.baseMVA = 100.0;
%% bus data
%    bus_i    type    Pd    Qd    Gs    Bs    area    Vm    Va    baseKV    zone    Vmax    Vmin
mpc.bus = [
	101	2	46.37159821894737	9.446066303859649	0.0	0.0	1	1.0167271880150508	2.438643681572881	138.0	11	1.05	0.95				
	102	2	41.64856506701754	8.587333003508773	0.0	0.0	1	1.0156256932848773	2.1192280723178585	138.0	12	1.05	0.95				
	103	1	77.28599703157894	15.886566056491228	0.0	0.0	1	1.0250263407541182	2.5925242109416082	138.0	11	1.05	0.95				
	104	1	31.773132112982456	6.440499752631579	0.0	0.0	1	1.0134923469963322	-1.0673508331561412	138.0	11	1.05	0.95				
	105	1	30.48503216245614	6.0111331024561405	0.0	0.0	1	1.0270258546460793	-1.0129779800842922	138.0	11	1.05	0.95				
	106	1	58.393864423859654	12.022266204912281	0.0	-100.0	1	1.0409391504333307	-3.4074409794803584	138.0	12	1.05	0.95				
	107	2	53.67083127192982	10.734166254385965	0.0	0.0	1	0.9859381459351395	-11.711149022078986	138.0	12	1.05	0.95				
	108	1	73.42169718	15.02783275614035	0.0	0.0	1	0.9941585890589849	-9.10474279265029	138.0	12	1.05	0.95				
	109	1	75.13916378070175	15.45719940631579	0.0	0.0	1	1.0249496289346813	-1.877538022587028	138.0	13	1.05	0.95				
	110	1	83.72649678421052	17.174666007017546	0.0	0.0	1	1.05	-3.0931306459949406	138.0	13	1.05	0.95				
	111	1	0.0	0.0	0.0	0.0	1	1.0178708262117853	0.5266690434552739	230.0	13	1.05	0.95				
	112	1	0.0	0.0	0.0	0.0	1	1.0146217723779087	-0.5522829770511554	230.0	13	1.05	0.95				
	113	3	113.78216229649121	23.185799109473685	0.0	0.0	1	0.9998050075685647	-4.513506545188343e-30	230.0	14	1.05	0.95				
	114	2	83.29713013403509	16.745299356842107	0.0	0.0	1	1.041131516288634	3.930918854060808	230.0	16	1.05	0.95				
	115	2	136.10922810561402	27.479465611228072	0.0	0.0	1	1.0388822484110818	13.397941479759243	230.0	16	1.05	0.95				
	116	2	42.93666501754386	8.587333003508773	0.0	0.0	1	1.0387667423339968	11.509261405768637	230.0	16	1.05	0.95				
	117	1	0.0	0.0	0.0	0.0	1	1.0376804894818834	17.614155182396747	230.0	17	1.05	0.95				
	118	2	142.97909450842104	29.196932211929827	0.0	0.0	1	1.046304868501071	18.2330657691032	230.0	17	1.05	0.95				
	119	1	77.71536368175438	15.886566056491228	0.0	0.0	1	1.0343579290139253	7.142667548261981	230.0	15	1.05	0.95				
	120	1	54.958931222456144	11.163532904561404	0.0	0.0	1	1.0376369542897022	4.170019579723665	230.0	15	1.05	0.95				
	121	2	0.0	0.0	0.0	0.0	1	1.0405845268366967	19.895688844738793	230.0	17	1.05	0.95				
	122	2	0.0	0.0	0.0	0.0	1	1.05	37.878852047690664	230.0	17	1.05	0.95				
	123	2	0.0	0.0	0.0	0.0	1	1.0406550064682998	2.864663224479833	230.0	15	1.05	0.95				
	124	1	0.0	0.0	0.0	0.0	1	1.0202361191267626	9.363286228624268	230.0	16	1.05	0.95				
	201	2	51.560522602105266	10.50306941894737	0.0	0.0	2	1.0083859565854654	-19.17054481698568	138.0	21	1.05	0.95				
	202	2	46.30898789263158	9.54824492631579	0.0	0.0	2	1.0076466522455283	-19.488878917563834	138.0	22	1.05	0.95				
	203	1	85.93420433684211	17.66425311368421	0.0	0.0	2	1.0100311843478251	-13.794534933695532	138.0	21	1.05	0.95				
	204	1	35.32850622736842	7.161183694736842	0.0	0.0	2	1.00804086782107	-18.842183936164652	138.0	21	1.05	0.95				
	205	1	33.896269488421055	6.683771448421054	0.0	0.0	2	1.0231697496675716	-19.42461567480299	138.0	21	1.05	0.95				
	206	1	64.92806549894738	13.367542896842108	0.0	-100.0	2	1.0389551132766366	-20.143114448231362	138.0	22	1.05	0.95				
	207	2	59.67653078947368	11.935306157894738	0.0	0.0	2	0.9911168071690019	-25.917594469775718	138.0	22	1.05	0.95				
	208	1	81.63749412	16.70942862105263	0.0	0.0	2	0.9956553724776906	-23.71544887778814	138.0	22	1.05	0.95				
	209	1	83.54714310526316	17.18684086736842	0.0	0.0	2	1.0229916509103159	-16.338548944101742	138.0	23	1.05	0.95				
	210	1	93.09538803157895	19.09648985263158	0.0	0.0	2	1.05	-18.140256879797292	138.0	23	1.05	0.95				
	211	1	0.0	0.0	0.0	0.0	2	1.0129810853161814	-12.75294310055369	230.0	23	1.05	0.95				
	212	1	0.0	0.0	0.0	0.0	2	1.0142821190570788	-11.62419717721822	230.0	23	1.05	0.95				
	213	2	126.5142452736842	25.780261301052633	0.0	0.0	2	1.016950969246612	-10.902997961901542	230.0	24	1.05	0.95				
	214	2	92.61797578526316	18.61907760631579	0.0	0.0	2	1.0174206398443477	-9.861312616507867	230.0	26	1.05	0.95				
	215	2	151.33968208210527	30.55438376421053	0.0	0.0	2	1.0296957827639375	-2.688530397058307	230.0	26	1.05	0.95				
	216	2	47.74122463157895	9.54824492631579	0.0	0.0	2	1.033713063214369	-2.8820915747179217	230.0	26	1.05	0.95				
	217	1	0.0	0.0	0.0	0.0	2	1.0370252107418436	-1.120753847512243	230.0	27	1.05	0.95				
	218	2	158.97827802315788	32.46403274947369	0.0	0.0	2	1.0349447740698927	-1.7711006825418576	230.0	27	1.05	0.95				
	219	1	86.41161658315791	17.66425311368421	0.0	0.0	2	1.0378849688821943	-2.5504137438570487	230.0	25	1.05	0.95				
	220	1	61.10876752842106	12.412718404210526	0.0	0.0	2	1.0449771443753317	-1.3591942872920775	230.0	25	1.05	0.95				
	221	2	0.0	0.0	0.0	0.0	2	1.0357175993707406	-1.2714792244625184	230.0	27	1.05	0.95				
	222	2	0.0	0.0	0.0	0.0	2	1.05	5.286738682313372	230.0	27	1.05	0.95				
	223	2	0.0	0.0	0.0	0.0	2	1.05	-0.36080666927405836	230.0	25	1.05	0.95				
	224	1	0.0	0.0	0.0	0.0	2	1.008623523818988	-6.811838338431806	230.0	26	1.05	0.95				
	301	2	59.79120533052632	12.179689974736844	0.0	0.0	3	1.0343347063668307	4.605978786432069	138.0	31	1.05	0.95				
	302	2	53.7013603431579	11.072445431578949	0.0	0.0	3	1.0291983031042138	4.267841658483405	138.0	32	1.05	0.95				
	303	1	99.65200888421053	20.484024048421055	0.0	0.0	3	1.05	21.181573079959314	138.0	31	1.05	0.95				
	304	1	40.96804809684211	8.304334073684212	0.0	0.0	3	1.0096613798199845	6.114663632014989	138.0	31	1.05	0.95				
	305	1	39.30718128210526	7.750711802105265	0.0	0.0	3	1.030586640721609	3.509564035640896	138.0	31	1.05	0.95				
	306	1	75.29262893473685	15.50142360421053	0.0	-100.0	3	1.0342578709889103	2.255171588328241	138.0	32	1.05	0.95				
	307	2	69.20278394736843	13.840556789473684	0.0	0.0	3	0.95	2.96985265383926	138.0	32	1.05	0.95				
	308	1	94.66940844	19.37677950526316	0.0	0.0	3	0.9665927183213282	2.8421985262819445	138.0	32	1.05	0.95				
	309	1	96.88389752631579	19.930401776842103	0.0	0.0	3	1.0126341607934237	9.963944766755366	138.0	33	1.05	0.95				
	310	1	107.95634295789473	22.144890863157897	0.0	0.0	3	1.0401786139812272	4.164881725698746	138.0	33	1.05	0.95				
	311	1	0.0	0.0	0.0	0.0	3	0.9998267343849185	8.725255184790816	230.0	33	1.05	0.95				
	312	1	0.0	0.0	0.0	0.0	3	1.0041878749670117	9.374357866790072	230.0	33	1.05	0.95				
	313	2	146.70990196842106	29.89560266526316	0.0	0.0	3	1.0004561328661516	11.07646416800397	230.0	34	1.05	0.95				
	314	2	107.4027206863158	21.59126859157895	0.0	0.0	3	0.9967401081870004	8.43762101320348	230.0	36	1.05	0.95				
	315	2	175.49826009052632	35.43182538105263	0.0	0.0	3	1.0496311188178469	11.703958881543516	230.0	36	1.05	0.95				
	316	2	55.362227157894736	11.072445431578949	0.0	0.0	3	1.0368115010251104	11.380964079093408	230.0	36	1.05	0.95				
	317	1	0.0	0.0	0.0	0.0	3	1.05	15.217584216012492	230.0	37	1.05	0.95				
	318	2	184.35621643578946	37.64631446736843	0.0	0.0	3	1.0470272293701057	12.516351895665917	230.0	37	1.05	0.95				
	319	1	100.20563115578949	20.484024048421055	0.0	0.0	3	1.0234702860057183	10.528381890425667	230.0	35	1.05	0.95				
	320	1	70.86365076210527	14.394179061052634	0.0	0.0	3	1.0163158988407153	10.860373723669252	230.0	35	1.05	0.95				
	321	2	0.0	0.0	0.0	0.0	3	1.05	12.872957452643323	230.0	37	1.05	0.95				
	322	2	0.0	0.0	0.0	0.0	3	1.05	18.141326479495504	230.0	37	1.05	0.95				
	323	2	0.0	0.0	0.0	0.0	3	1.0136424178899655	11.480134838471495	230.0	35	1.05	0.95				
	324	1	0.0	0.0	0.0	0.0	3	1.0467633488101644	15.326297309031531	230.0	36	1.05	0.95				
	325	1	0.0	0.0	0.0	0.0	3	1.0144477493378359	12.209768177381198	230.0	35	1.05	0.95				
];
