%% MATPOWER Case Format : Version 2
function mpc = RTS_GMLC
mpc.version = '2';

%%-----  Power Flow Data  -----%%
%% system MVA base
mpc.baseMVA = 100.0;
%% bus data
%    bus_i    type    Pd    Qd    Gs    Bs    area    Vm    Va    baseKV    zone    Vmax    Vmin
mpc.bus = [
	101	2	57.794161301052625	11.772884709473683	0.0	0.0	1	1.0364665118726775	2.251720159044949	138.0	11	1.05	0.95				
	102	2	51.90771894631578	10.702622463157894	0.0	0.0	1	1.0364785693592815	2.2193541363395157	138.0	12	1.05	0.95				
	103	1	96.32360216842105	19.799851556842103	0.0	0.0	1	1.0263993534493518	-0.12937895263953803	138.0	11	1.05	0.95				
	104	1	39.59970311368421	8.02696684736842	0.0	0.0	1	1.0211219104032103	-1.2535865457074495	138.0	11	1.05	0.95				
	105	1	37.99430974421052	7.491835724210525	0.0	0.0	1	1.0358624861752659	-1.0636169425011621	138.0	11	1.05	0.95				
	106	1	72.77783274947367	14.98367144842105	0.0	-100.0	1	1.0430598454182154	-3.420748869371923	138.0	12	1.05	0.95				
	107	2	66.89139039473685	13.378278078947368	0.0	0.0	1	1.0272170794531437	-2.341389688291611	138.0	12	1.05	0.95				
	108	1	91.50742205999998	18.72958931052631	0.0	0.0	1	1.0184678330637948	-4.0304558217741135	138.0	12	1.05	0.95				
	109	1	93.64794655263157	19.264720433684207	0.0	0.0	1	1.0255450866135825	-1.9436652978255349	138.0	13	1.05	0.95				
	110	1	104.35056901578945	21.40524492631579	0.0	0.0	1	1.05	-2.751241623286918	138.0	13	1.05	0.95				
	111	1	0.0	0.0	0.0	0.0	1	1.0057867889143146	-0.3670697380959979	230.0	13	1.05	0.95				
	112	1	0.0	0.0	0.0	0.0	1	1.0104870683784424	0.2765575847915764	230.0	13	1.05	0.95				
	113	3	141.80974763684208	28.897080650526313	0.0	0.0	1	0.9990795580762273	-1.3530426893727246e-28	230.0	14	1.05	0.95				
	114	2	103.81543789263156	20.870113803157896	0.0	0.0	1	1.0028877484999392	1.4059066207434407	230.0	16	1.05	0.95				
	115	2	169.63656604105262	34.24839188210526	0.0	0.0	1	1.040278318143297	7.415448332680657	230.0	16	1.05	0.95				
	116	2	53.51311231578947	10.702622463157894	0.0	0.0	1	1.0360995195227525	7.063251438126848	230.0	16	1.05	0.95				
	117	1	0.0	0.0	0.0	0.0	1	1.043598067105495	8.978125969009193	230.0	17	1.05	0.95				
	118	2	178.19866401157893	36.38891637473684	0.0	0.0	1	1.046271992306129	9.073242807601439	230.0	17	1.05	0.95				
	119	1	96.85873329157893	19.799851556842103	0.0	0.0	1	1.029593075706854	6.179893438456887	230.0	15	1.05	0.95				
	120	1	68.49678376421052	13.913409202105262	0.0	0.0	1	1.0281156122081934	6.441873948882199	230.0	15	1.05	0.95				
	121	2	0.0	0.0	0.0	0.0	1	1.0499999982946557	9.837251860056671	230.0	17	1.05	0.95				
	122	2	0.0	0.0	0.0	0.0	1	1.05	16.011065234448623	230.0	17	1.05	0.95				
	123	2	0.0	0.0	0.0	0.0	1	1.0284137559530044	6.994911834432153	230.0	15	1.05	0.95				
	124	1	0.0	0.0	0.0	0.0	1	1.0253224983831688	4.60548937802444	230.0	16	1.05	0.95				
	201	2	55.11348970105263	11.226821976140352	0.0	0.0	2	1.033602250182974	-5.663930957458245	138.0	21	1.05	0.95				
	202	2	49.50007871298246	10.206201796491229	0.0	0.0	2	1.0337679039503835	-5.712758790648916	138.0	22	1.05	0.95				
	203	1	91.85581616842106	18.88147332350877	0.0	0.0	2	1.0243852021106128	-4.900639813891414	138.0	21	1.05	0.95				
	204	1	37.76294664701754	7.65465134736842	0.0	0.0	2	1.0198471278101389	-8.180553178166763	138.0	21	1.05	0.95				
	205	1	36.23201637754386	7.14434125754386	0.0	0.0	2	1.0351660630289914	-8.329359499009348	138.0	21	1.05	0.95				
	206	1	69.40217221614036	14.28868251508772	0.0	-100.0	2	1.0435701050680706	-10.314589323982187	138.0	22	1.05	0.95				
	207	2	63.78876122807018	12.757752245614034	0.0	0.0	2	0.9885221534311731	-18.09409414960298	138.0	22	1.05	0.95				
	208	1	87.26302535999999	17.860853143859647	0.0	0.0	2	0.9928982653136516	-15.719004346401164	138.0	22	1.05	0.95				
	209	1	89.30426571929824	18.37116323368421	0.0	0.0	2	1.0237567660463913	-8.131000745614491	138.0	23	1.05	0.95				
	210	1	99.51046751578947	20.412403592982457	0.0	0.0	2	1.05	-9.422243646894247	138.0	23	1.05	0.95				
	211	1	0.0	0.0	0.0	0.0	2	1.0090819342121766	-5.450435242550953	230.0	23	1.05	0.95				
	212	1	0.0	0.0	0.0	0.0	2	1.0115077140357422	-4.763099835968384	230.0	23	1.05	0.95				
	213	2	135.23217380350877	27.556744850526314	0.0	0.0	2	1.00476975956083	-4.49776397546275	230.0	24	1.05	0.95				
	214	2	99.00015742596491	19.902093503157893	0.0	0.0	2	1.0123667751264602	-2.8794747360166344	230.0	26	1.05	0.95				
	215	2	161.76829847438597	32.65984574877193	0.0	0.0	2	1.031241133440661	3.8455086674323504	230.0	26	1.05	0.95				
	216	2	51.031008982456136	10.206201796491229	0.0	0.0	2	1.033081881211675	3.8365490065049297	230.0	26	1.05	0.95				
	217	1	0.0	0.0	0.0	0.0	2	1.037952682606055	6.6061913075982845	230.0	27	1.05	0.95				
	218	2	169.93325991157894	34.70108610807018	0.0	0.0	2	1.0396380535364524	7.149697592730412	230.0	27	1.05	0.95				
	219	1	92.36612625824561	18.88147332350877	0.0	0.0	2	1.0323919179236756	3.074989856320906	230.0	25	1.05	0.95				
	220	1	65.31969149754386	13.268062335438596	0.0	0.0	2	1.035626468205329	3.394733412373824	230.0	25	1.05	0.95				
	221	2	0.0	0.0	0.0	0.0	2	1.0392593393975236	6.80331881201477	230.0	27	1.05	0.95				
	222	2	0.0	0.0	0.0	0.0	2	1.05	13.227371883280322	230.0	27	1.05	0.95				
	223	2	0.0	0.0	0.0	0.0	2	1.0383871964291826	3.9520012680096457	230.0	25	1.05	0.95				
	224	1	0.0	0.0	0.0	0.0	2	1.0177348977648695	0.5599447228010456	230.0	26	1.05	0.95				
	301	2	48.48212592	9.875988613333334	0.0	0.0	3	1.0077332702778121	-20.901592469131213	138.0	31	1.05	0.95				
	302	2	43.544131613333334	8.978171466666668	0.0	0.0	3	1.0072788191579891	-21.016879857996386	138.0	32	1.05	0.95				
	303	1	80.80354320000001	16.609617213333333	0.0	0.0	3	1.0231946381221608	-15.234516802926755	138.0	31	1.05	0.95				
	304	1	33.21923442666667	6.733628599999999	0.0	0.0	3	1.009712594170102	-19.53071916179018	138.0	31	1.05	0.95				
	305	1	31.872508706666665	6.284720026666666	0.0	0.0	3	1.022979005015081	-20.27998052723762	138.0	31	1.05	0.95				
	306	1	61.05156597333335	12.569440053333333	0.0	-100.0	3	1.0396622827285849	-20.463764624591676	138.0	32	1.05	0.95				
	307	2	56.11357166666666	11.222714333333334	0.0	0.0	3	0.9935235374496377	-25.424597839482892	138.0	32	1.05	0.95				
	308	1	76.76336604000001	15.711800066666665	0.0	0.0	3	0.9989458004220496	-23.384200866356867	138.0	32	1.05	0.95				
	309	1	78.55900033333334	16.16070864	0.0	0.0	3	1.0259982562648504	-16.477256590229466	138.0	33	1.05	0.95				
	310	1	87.5371718	17.956342933333335	0.0	0.0	3	1.05	-18.214393682552018	138.0	33	1.05	0.95				
	311	1	0.0	0.0	0.0	0.0	3	1.009978775433384	-12.145544841554612	230.0	33	1.05	0.95				
	312	1	0.0	0.0	0.0	0.0	3	1.011765271284404	-11.749504688300672	230.0	33	1.05	0.95				
	313	2	118.96077193333332	24.24106296	0.0	0.0	3	1.0120887820791604	-8.67161830214296	230.0	34	1.05	0.95				
	314	2	87.08826322666667	17.50743436	0.0	0.0	3	1.0146396865335012	-9.916763309305981	230.0	36	1.05	0.95				
	315	2	142.30401774666666	28.730148693333334	0.0	0.0	3	1.0398843258185324	-4.487068239140655	230.0	36	1.05	0.95				
	316	2	44.89085733333334	8.978171466666668	0.0	0.0	3	1.0382750402294891	-4.104213864507432	230.0	36	1.05	0.95				
	317	1	0.0	0.0	0.0	0.0	3	1.042571173986319	-2.2369433429806853	230.0	37	1.05	0.95				
	318	2	149.48655492	30.525782986666673	0.0	0.0	3	1.0428443721295089	-1.8931957086741256	230.0	37	1.05	0.95				
	319	1	81.25245177333333	16.609617213333333	0.0	0.0	3	1.0335419142342481	-5.194497350529781	230.0	35	1.05	0.95				
	320	1	57.46029738666667	11.671622906666668	0.0	0.0	3	1.0326427809505927	-5.282680581484993	230.0	35	1.05	0.95				
	321	2	0.0	0.0	0.0	0.0	3	1.0454669853373533	-1.2706874189446522	230.0	37	1.05	0.95				
	322	2	0.0	0.0	0.0	0.0	3	1.05	2.680141932715382	230.0	37	1.05	0.95				
	323	2	0.0	0.0	0.0	0.0	3	1.0327645836555086	-4.989726338524786	230.0	35	1.05	0.95				
	324	1	0.0	0.0	0.0	0.0	3	1.0202398573634606	-8.488881700757943	230.0	36	1.05	0.95				
	325	1	0.0	0.0	0.0	0.0	3	1.0298333350249718	-3.745235648292983	230.0	35	1.05	0.95				
];
