%% MATPOWER Case Format : Version 2
function mpc = RTS_GMLC
mpc.version = '2';

%%-----  Power Flow Data  -----%%
%% system MVA base
mpc.baseMVA = 100.0;
%% bus data
%    bus_i    type    Pd    Qd    Gs    Bs    area    Vm    Va    baseKV    zone    Vmax    Vmin
mpc.bus = [
	101	2	60.89361703578947	12.404255322105264	0.0	0.0	1	1.023702624089424	-2.2845057438172254	138.0	11	1.05	0.95				
	102	2	54.69148937473683	11.276595747368422	0.0	0.0	1	1.0201861852966818	-2.8370055321888383	138.0	12	1.05	0.95				
	103	1	101.48936172631579	20.861702132631578	0.0	0.0	1	1.0221521680753898	1.4099839523261917	138.0	11	1.05	0.95				
	104	1	41.723404265263156	8.457446810526315	0.0	0.0	1	1.0155653943655691	-4.070083491742163	138.0	11	1.05	0.95				
	105	1	40.0319149031579	7.893617023157895	0.0	0.0	1	1.0293981525011102	-4.932886544102226	138.0	11	1.05	0.95				
	106	1	76.68085108210528	15.78723404631579	0.0	-100.0	1	1.0388737942273099	-7.06616648098489	138.0	12	1.05	0.95				
	107	2	70.47872342105263	14.095744684210526	0.0	0.0	1	0.9857902589803736	-13.834372704774536	138.0	12	1.05	0.95				
	108	1	96.41489364	19.734042557894735	0.0	0.0	1	0.9898372930177111	-11.752946423224593	138.0	12	1.05	0.95				
	109	1	98.67021278947368	20.29787234526316	0.0	0.0	1	1.0238744311084218	-3.754765697828454	138.0	13	1.05	0.95				
	110	1	109.94680853684211	22.553191494736843	0.0	0.0	1	1.05	-5.806182989946174	138.0	13	1.05	0.95				
	111	1	0.0	0.0	0.0	0.0	1	1.0199583189371166	-0.39049784637009083	230.0	13	1.05	0.95				
	112	1	0.0	0.0	0.0	0.0	1	1.0150992867548254	-1.4867390060852457	230.0	13	1.05	0.95				
	113	3	149.41489365263158	30.446808517894734	0.0	0.0	1	1.0048377861219526	-2.764692332491588e-30	230.0	14	1.05	0.95				
	114	2	109.38297874947366	21.98936170736842	0.0	0.0	1	1.0479753506438976	3.5429098451671064	230.0	16	1.05	0.95				
	115	2	178.73404259578948	36.08510639157895	0.0	0.0	1	1.0379794938136857	15.074265306798752	230.0	16	1.05	0.95				
	116	2	56.382978736842105	11.276595747368422	0.0	0.0	1	1.0376762325831081	12.78733692836798	230.0	16	1.05	0.95				
	117	1	0.0	0.0	0.0	0.0	1	1.038409158722739	19.745292473268314	230.0	17	1.05	0.95				
	118	2	187.7553191936842	38.34042554105264	0.0	0.0	1	1.0486507686337176	20.933892147765278	230.0	17	1.05	0.95				
	119	1	102.05319151368421	20.861702132631578	0.0	0.0	1	1.0338451606323305	7.957964354448658	230.0	15	1.05	0.95				
	120	1	72.1702127831579	14.659574471578948	0.0	0.0	1	1.0395917143047557	4.5704976084429365	230.0	15	1.05	0.95				
	121	2	0.0	0.0	0.0	0.0	1	1.05	23.100478354568942	230.0	17	1.05	0.95				
	122	2	0.0	0.0	0.0	0.0	1	1.05	39.025009222067936	230.0	17	1.05	0.95				
	123	2	0.0	0.0	0.0	0.0	1	1.0448181763370246	3.1409540231437005	230.0	15	1.05	0.95				
	124	1	0.0	0.0	0.0	0.0	1	1.0147250624984379	9.977660369823734	230.0	16	1.05	0.95				
	201	2	58.66645680000001	11.950574533333334	0.0	0.0	2	0.9862533470947314	-16.70985291806085	138.0	21	1.05	0.95				
	202	2	52.69116953333334	10.864158666666668	0.0	0.0	2	0.9848471730272753	-16.985157788034932	138.0	22	1.05	0.95				
	203	1	97.77742800000001	20.098693533333336	0.0	0.0	2	0.9841773314804306	-12.304007088986074	138.0	21	1.05	0.95				
	204	1	40.19738706666667	8.148119000000001	0.0	0.0	2	0.9714973099135314	-15.630331475910634	138.0	21	1.05	0.95				
	205	1	38.567763266666674	7.604911066666668	0.0	0.0	2	0.986499965040283	-16.175451234535046	138.0	21	1.05	0.95				
	206	1	73.87627893333335	15.209822133333336	0.0	-100.0	2	0.9933635679746728	-16.549114950504148	138.0	22	1.05	0.95				
	207	2	67.90099166666667	13.580198333333335	0.0	0.0	2	0.9535262942584277	-24.042740483976	138.0	22	1.05	0.95				
	208	1	92.8885566	19.01227766666667	0.0	0.0	2	0.9500000113475036	-21.166754918302086	138.0	22	1.05	0.95				
	209	1	95.06138833333334	19.555485600000004	0.0	0.0	2	0.9794287846519454	-12.080337750179012	138.0	23	1.05	0.95				
	210	1	105.92554700000001	21.728317333333337	0.0	0.0	2	1.001468769846387	-13.73218336651534	138.0	23	1.05	0.95				
	211	1	0.0	0.0	0.0	0.0	2	0.9704525799365735	-8.38306231902725	230.0	23	1.05	0.95				
	212	1	0.0	0.0	0.0	0.0	2	0.9559204338490204	-2.999991085241717	230.0	23	1.05	0.95				
	213	2	143.95010233333335	29.333228400000007	0.0	0.0	2	0.9573397642643942	-4.94524729177241	230.0	24	1.05	0.95				
	214	2	105.38233906666667	21.1851094	0.0	0.0	2	0.9923586892369649	-6.841055602024651	230.0	26	1.05	0.95				
	215	2	172.19691486666667	34.76530773333334	0.0	0.0	2	1.0077682679537376	-0.7824047500497324	230.0	26	1.05	0.95				
	216	2	54.32079333333334	10.864158666666668	0.0	0.0	2	0.9974147595674734	-0.8987870066772008	230.0	26	1.05	0.95				
	217	1	0.0	0.0	0.0	0.0	2	1.0165181993364452	0.42576319935512247	230.0	27	1.05	0.95				
	218	2	180.88824180000003	36.93813946666668	0.0	0.0	2	1.0164343135630778	-0.28380196903151644	230.0	27	1.05	0.95				
	219	1	98.32063593333335	20.098693533333336	0.0	0.0	2	0.9741549119463084	0.8303979592257762	230.0	25	1.05	0.95				
	220	1	69.53061546666667	14.123406266666668	0.0	0.0	2	0.9598549518752431	3.5760480289926395	230.0	25	1.05	0.95				
	221	2	0.0	0.0	0.0	0.0	2	1.0174205761577513	0.37669731771832804	230.0	27	1.05	0.95				
	222	2	0.0	0.0	0.0	0.0	2	1.0407726387169274	7.002689744994066	230.0	27	1.05	0.95				
	223	2	0.0	0.0	0.0	0.0	2	0.9548206147418428	5.5996374282346455	230.0	25	1.05	0.95				
	224	1	0.0	0.0	0.0	0.0	2	0.9850050525053551	-5.042426627231726	230.0	26	1.05	0.95				
	301	2	52.00126541052632	10.59285036140351	0.0	0.0	3	1.0313911171304633	49.773128765546986	138.0	31	1.05	0.95				
	302	2	46.70484022982456	9.629863964912282	0.0	0.0	3	1.0276075681389334	49.43627618970371	138.0	32	1.05	0.95				
	303	1	86.66877568421053	17.81524833508772	0.0	0.0	3	1.0066479581887995	66.00653246487006	138.0	31	1.05	0.95				
	304	1	35.63049667017544	7.2223979736842105	0.0	0.0	3	1.009035120436477	50.73993421759827	138.0	31	1.05	0.95				
	305	1	34.1860170754386	6.740904775438597	0.0	0.0	3	1.0349527628807653	48.71341359162405	138.0	31	1.05	0.95				
	306	1	65.4830749614035	13.481809550877195	0.0	-100.0	3	1.0436397391254304	47.549583144040284	138.0	32	1.05	0.95				
	307	2	60.18664978070175	12.03732995614035	0.0	0.0	3	0.95	45.438959292694136	138.0	32	1.05	0.95				
	308	1	82.3353369	16.85226193859649	0.0	0.0	3	0.974816767855825	47.49421529438287	138.0	32	1.05	0.95				
	309	1	84.26130969298245	17.333755136842104	0.0	0.0	3	1.0092533514788617	53.851170946501014	138.0	33	1.05	0.95				
	310	1	93.89117365789474	19.259727929824564	0.0	0.0	3	1.05	49.16956918953386	138.0	33	1.05	0.95				
	311	1	0.0	0.0	0.0	0.0	3	0.997773779135004	51.86580424179745	230.0	33	1.05	0.95				
	312	1	0.0	0.0	0.0	0.0	3	1.0228266104195256	51.838377214471976	230.0	33	1.05	0.95				
	313	2	127.59569753508772	26.00063270526316	0.0	0.0	3	1.024095419914325	54.56165765907479	230.0	34	1.05	0.95				
	314	2	93.40968045964912	18.778234731578948	0.0	0.0	3	0.964794221835713	49.87066298687148	230.0	36	1.05	0.95				
	315	2	152.63334384385965	30.8155646877193	0.0	0.0	3	0.9641763937173634	43.91886942553492	230.0	36	1.05	0.95				
	316	2	48.1493198245614	9.629863964912282	0.0	0.0	3	0.9595680636981837	44.119542921703605	230.0	36	1.05	0.95				
	317	1	0.0	0.0	0.0	0.0	3	0.9582994935637699	43.346287164849	230.0	37	1.05	0.95				
	318	2	160.33723501578947	32.74153748070175	0.0	0.0	3	0.95	39.3694576100168	230.0	37	1.05	0.95				
	319	1	87.15026888245615	17.81524833508772	0.0	0.0	3	0.9981588479235274	44.606646445342534	230.0	35	1.05	0.95				
	320	1	61.6311293754386	12.518823154385966	0.0	0.0	3	1.0320809545119525	44.543647130982315	230.0	35	1.05	0.95				
	321	2	0.0	0.0	0.0	0.0	3	0.9532796152967344	41.0801435202615	230.0	37	1.05	0.95				
	322	2	0.0	0.0	0.0	0.0	3	0.95	42.01402730909315	230.0	37	1.05	0.95				
	323	2	0.0	0.0	0.0	0.0	3	1.05	44.24335982498398	230.0	35	1.05	0.95				
	324	1	0.0	0.0	0.0	0.0	3	0.9716940123142915	54.59809667080531	230.0	36	1.05	0.95				
	325	1	0.0	0.0	0.0	0.0	3	1.049048393991001	42.4704061747731	230.0	35	1.05	0.95				
];
