%% MATPOWER Case Format : Version 2
function mpc = RTS_GMLC
mpc.version = '2';

%%-----  Power Flow Data  -----%%
%% system MVA base
mpc.baseMVA = 100.0;
%% bus data
%    bus_i    type    Pd    Qd    Gs    Bs    area    Vm    Va    baseKV    zone    Vmax    Vmin
mpc.bus = [
	101	2	38.86343393684211	7.916625431578947	0.0	0.0	1	0.9854786967131676	-5.624179582497142	138.0	11	1.05	0.95				
	102	2	34.90512122105263	7.196932210526316	0.0	0.0	1	0.9854519991814821	-5.812361911531695	138.0	12	1.05	0.95				
	103	1	64.77238989473683	13.314324589473683	0.0	0.0	1	1.016884809301866	1.5425681694732363	138.0	11	1.05	0.95				
	104	1	26.628649178947366	5.397699157894737	0.0	0.0	1	1.0012582235148761	-5.045981728628379	138.0	11	1.05	0.95				
	105	1	25.54910934736842	5.037852547368422	0.0	0.0	1	1.0131359196422465	-5.896872227201911	138.0	11	1.05	0.95				
	106	1	48.93913903157895	10.075705094736843	0.0	-100.0	1	1.0369009758045842	-6.506938999313867	138.0	12	1.05	0.95				
	107	2	44.98082631578947	8.996165263157895	0.0	0.0	1	0.9879214018808241	-11.045497608435653	138.0	12	1.05	0.95				
	108	1	61.5337704	12.594631368421053	0.0	0.0	1	0.998567018895291	-9.146588527018702	138.0	12	1.05	0.95				
	109	1	62.97315684210526	12.954477978947368	0.0	0.0	1	1.0245292094051455	-2.92947813309479	138.0	13	1.05	0.95				
	110	1	70.17008905263158	14.393864421052632	0.0	0.0	1	1.05	-4.987269130291238	138.0	13	1.05	0.95				
	111	1	0.0	0.0	0.0	0.0	1	1.0197440203781447	0.3561062868583146	230.0	13	1.05	0.95				
	112	1	0.0	0.0	0.0	0.0	1	1.0146627742097032	-1.0923635483654952	230.0	13	1.05	0.95				
	113	3	95.35935178947368	19.431716968421053	0.0	0.0	1	1.001966627684219	5.6016447993011675e-30	230.0	14	1.05	0.95				
	114	2	69.81024244210526	14.034017810526317	0.0	0.0	1	1.0499999714718338	4.839493536746389	230.0	16	1.05	0.95				
	115	2	114.0713755368421	23.03018307368421	0.0	0.0	1	1.036498114954149	15.823036542914227	230.0	16	1.05	0.95				
	116	2	35.98466105263158	7.196932210526316	0.0	0.0	1	1.0377920847371853	13.614615747511198	230.0	16	1.05	0.95				
	117	1	0.0	0.0	0.0	0.0	1	1.03646500775232	20.37960122066972	230.0	17	1.05	0.95				
	118	2	119.82892130526315	24.469569515789473	0.0	0.0	1	1.0461112420447682	21.293900999630836	230.0	17	1.05	0.95				
	119	1	65.13223650526317	13.314324589473683	0.0	0.0	1	1.0348582622428366	8.66167539612053	230.0	15	1.05	0.95				
	120	1	46.06036614736842	9.356011873684212	0.0	0.0	1	1.0400668941649116	5.061443307266657	230.0	15	1.05	0.95				
	121	2	0.0	0.0	0.0	0.0	1	1.0404120736109437	23.075364132654958	230.0	17	1.05	0.95				
	122	2	0.0	0.0	0.0	0.0	1	1.05	41.05990293836462	230.0	17	1.05	0.95				
	123	2	0.0	0.0	0.0	0.0	1	1.0442957342306842	3.3659766126342157	230.0	15	1.05	0.95				
	124	1	0.0	0.0	0.0	0.0	1	1.010952729889474	10.51445760575754	230.0	16	1.05	0.95				
	201	2	41.0206201768421	8.356052258245613	0.0	0.0	2	1.006335218492802	-16.442299704626855	138.0	21	1.05	0.95				
	202	2	36.84259404771929	7.596411143859649	0.0	0.0	2	1.0053892183788784	-16.73792419326052	138.0	22	1.05	0.95				
	203	1	68.36770029473684	14.053360616140347	0.0	0.0	2	1.0129686299815357	-12.314455057064006	138.0	21	1.05	0.95				
	204	1	28.106721232280695	5.697308357894736	0.0	0.0	2	1.009198559413177	-16.493814718024574	138.0	21	1.05	0.95				
	205	1	26.967259560701752	5.3174878007017545	0.0	0.0	2	1.0235490517952222	-16.940652886213385	138.0	21	1.05	0.95				
	206	1	51.65559577824561	10.634975601403509	0.0	-100.0	2	1.0411976091518627	-17.70916760291753	138.0	22	1.05	0.95				
	207	2	47.477569649122806	9.49551392982456	0.0	0.0	2	0.9894542506255514	-22.15343963401151	138.0	22	1.05	0.95				
	208	1	64.94931527999998	13.293719501754383	0.0	0.0	2	0.9987665750304353	-20.492374763835134	138.0	22	1.05	0.95				
	209	1	66.46859750877192	13.673540058947367	0.0	0.0	2	1.0229559370413464	-14.712790626158833	138.0	23	1.05	0.95				
	210	1	74.06500865263158	15.192822287719299	0.0	0.0	2	1.05	-16.207595189580665	138.0	23	1.05	0.95				
	211	1	0.0	0.0	0.0	0.0	2	1.0063601504378388	-11.933536345281292	230.0	23	1.05	0.95				
	212	1	0.0	0.0	0.0	0.0	2	1.0136493679291003	-11.303548672235594	230.0	23	1.05	0.95				
	213	2	100.65244765614034	20.51031008842105	0.0	0.0	2	1.00514121099329	-10.707503856067529	230.0	24	1.05	0.95				
	214	2	73.68518809543858	14.813001730526315	0.0	0.0	2	1.0052798486735113	-9.370058506332283	230.0	26	1.05	0.95				
	215	2	120.40311663017542	24.308515660350874	0.0	0.0	2	1.0274613551568816	-2.7731160657193885	230.0	26	1.05	0.95				
	216	2	37.98205571929824	7.596411143859649	0.0	0.0	2	1.030417554316597	-3.5404970999193237	230.0	26	1.05	0.95				
	217	1	0.0	0.0	0.0	0.0	2	1.0357924429661147	-1.214318462059164	230.0	27	1.05	0.95				
	218	2	126.48024554526313	25.827797889122806	0.0	0.0	2	1.0342093315617777	-1.6910797834273483	230.0	27	1.05	0.95				
	219	1	68.74752085192982	14.053360616140347	0.0	0.0	2	1.0371470558569538	-3.928643609072955	230.0	25	1.05	0.95				
	220	1	48.61703132070175	9.875334487017543	0.0	0.0	2	1.045209511091831	-3.5359998262285437	230.0	25	1.05	0.95				
	221	2	0.0	0.0	0.0	0.0	2	1.034602335709277	-1.252634039693672	230.0	27	1.05	0.95				
	222	2	0.0	0.0	0.0	0.0	2	1.05	5.260176052684705	230.0	27	1.05	0.95				
	223	2	0.0	0.0	0.0	0.0	2	1.05	-3.0426020708935417	230.0	25	1.05	0.95				
	224	1	0.0	0.0	0.0	0.0	2	1.0102392250299075	-6.3304192023341885	230.0	26	1.05	0.95				
	301	2	44.63840557894736	9.093008543859648	0.0	0.0	3	1.0208184498364339	15.645312842132764	138.0	31	1.05	0.95				
	302	2	40.09190130701754	8.26637140350877	0.0	0.0	3	1.0186366765451347	15.296825776114815	138.0	32	1.05	0.95				
	303	1	74.39734263157895	15.292787096491226	0.0	0.0	3	1.05	30.67388257057444	138.0	31	1.05	0.95				
	304	1	30.585574192982453	6.199778552631578	0.0	0.0	3	1.0099696646505596	16.623456266985286	138.0	31	1.05	0.95				
	305	1	29.34561848245614	5.78645998245614	0.0	0.0	3	1.0270101502011473	14.003983351115467	138.0	31	1.05	0.95				
	306	1	56.211325543859644	11.57291996491228	0.0	-100.0	3	1.037920227846367	12.574654212228488	138.0	32	1.05	0.95				
	307	2	51.66482127192982	10.332964254385963	0.0	0.0	3	0.95	9.288808173626034	138.0	32	1.05	0.95				
	308	1	70.67747549999999	14.466149956140347	0.0	0.0	3	0.9709372444207106	11.064560006308641	138.0	32	1.05	0.95				
	309	1	72.33074978070174	14.879468526315787	0.0	0.0	3	1.0156278583385194	19.444900688048648	138.0	33	1.05	0.95				
	310	1	80.59712118421052	16.53274280701754	0.0	0.0	3	1.0432091266513714	13.679844745243914	138.0	33	1.05	0.95				
	311	1	0.0	0.0	0.0	0.0	3	1.0026337962437402	17.170824830753403	230.0	33	1.05	0.95				
	312	1	0.0	0.0	0.0	0.0	3	1.007975047550195	17.294906536504822	230.0	33	1.05	0.95				
	313	2	109.52942109649122	22.31920278947368	0.0	0.0	3	1.0015549285313528	17.400796908213795	230.0	34	1.05	0.95				
	314	2	80.18380261403507	16.119424236842104	0.0	0.0	3	0.9978529894106731	17.687460357420584	230.0	36	1.05	0.95				
	315	2	131.02198674561402	26.452388491228067	0.0	0.0	3	1.047491138005491	21.26517095162868	230.0	36	1.05	0.95				
	316	2	41.331857017543854	8.26637140350877	0.0	0.0	3	1.0304742098353903	20.855283250174406	230.0	36	1.05	0.95				
	317	1	0.0	0.0	0.0	0.0	3	1.05	25.019328925904414	230.0	37	1.05	0.95				
	318	2	137.63508386842105	28.105662771929822	0.0	0.0	3	1.0486638689957135	21.38817570356441	230.0	37	1.05	0.95				
	319	1	74.81066120175439	15.292787096491226	0.0	0.0	3	1.0218205432228498	19.386481869838832	230.0	35	1.05	0.95				
	320	1	52.904776982456134	10.746282824561403	0.0	0.0	3	1.0173795478211634	18.910708967214333	230.0	35	1.05	0.95				
	321	2	0.0	0.0	0.0	0.0	3	1.05	22.017303111069605	230.0	37	1.05	0.95				
	322	2	0.0	0.0	0.0	0.0	3	1.0499999908217479	27.543594122594694	230.0	37	1.05	0.95				
	323	2	0.0	0.0	0.0	0.0	3	1.0153996332773592	18.973479626143842	230.0	35	1.05	0.95				
	324	1	0.0	0.0	0.0	0.0	3	1.045458343463883	24.862760589898055	230.0	36	1.05	0.95				
	325	1	0.0	0.0	0.0	0.0	3	1.0174387435877832	19.336562747959963	230.0	35	1.05	0.95				
];
