%% MATPOWER Case Format : Version 2
function mpc = RTS_GMLC
mpc.version = '2';

%%-----  Power Flow Data  -----%%
%% system MVA base
mpc.baseMVA = 100.0;
%% bus data
%    bus_i    type    Pd    Qd    Gs    Bs    area    Vm    Va    baseKV    zone    Vmax    Vmin
mpc.bus = [
	101	2	56.511627915789475	11.51162790877193	0.0	0.0	1	1.0383413407800273	1.3047996162481457	138.0	11	1.05	0.95				
	102	2	50.755813961403504	10.465116280701753	0.0	0.0	1	1.0356740208222004	0.5753870729003495	138.0	12	1.05	0.95				
	103	1	94.18604652631579	19.360465119298244	0.0	0.0	1	1.0336906008722229	1.8756776285515444	138.0	11	1.05	0.95				
	104	1	38.72093023859649	7.848837210526314	0.0	0.0	1	1.0241293865800198	-1.8582195025342203	138.0	11	1.05	0.95				
	105	1	37.15116279649123	7.325581396491228	0.0	0.0	1	1.036659817741421	-2.376589374929272	138.0	11	1.05	0.95				
	106	1	71.16279070877192	14.651162792982456	0.0	-100.0	1	1.0431758503251973	-5.0955647991035775	138.0	12	1.05	0.95				
	107	2	65.40697675438597	13.081395350877193	0.0	0.0	1	0.998599202118366	-12.270652598007485	138.0	12	1.05	0.95				
	108	1	89.47674419999998	18.31395349122807	0.0	0.0	1	0.999169708374937	-10.259863653206507	138.0	12	1.05	0.95				
	109	1	91.56976745614035	18.837209305263155	0.0	0.0	1	1.0250919445235045	-2.904647367887223	138.0	13	1.05	0.95				
	110	1	102.0348837368421	20.930232561403507	0.0	0.0	1	1.05	-4.483082586193466	138.0	13	1.05	0.95				
	111	1	0.0	0.0	0.0	0.0	1	1.0094797434167813	-0.6053883010210986	230.0	13	1.05	0.95				
	112	1	0.0	0.0	0.0	0.0	1	1.012090640549405	-1.23961491242661	230.0	13	1.05	0.95				
	113	3	138.66279071929824	28.255813957894738	0.0	0.0	1	1.0040074138085604	-9.734693989862818e-31	230.0	14	1.05	0.95				
	114	2	101.51162792280701	20.40697674736842	0.0	0.0	1	1.0128844305096172	2.0347566235666266	230.0	16	1.05	0.95				
	115	2	165.8720930491228	33.48837209824561	0.0	0.0	1	1.0420998544332896	10.604996982674338	230.0	16	1.05	0.95				
	116	2	52.32558140350877	10.465116280701753	0.0	0.0	1	1.0371282517612468	8.887160042291871	230.0	16	1.05	0.95				
	117	1	0.0	0.0	0.0	0.0	1	1.043671051100268	13.738408974574742	230.0	17	1.05	0.95				
	118	2	174.2441860736842	35.58139535438596	0.0	0.0	1	1.0496867218814152	14.961441002208742	230.0	17	1.05	0.95				
	119	1	94.70930234035087	19.360465119298244	0.0	0.0	1	1.0264894954598616	5.551299801096187	230.0	15	1.05	0.95				
	120	1	66.97674419649123	13.60465116491228	0.0	0.0	1	1.0226281086222142	3.070774322869513	230.0	15	1.05	0.95				
	121	2	0.0	0.0	0.0	0.0	1	1.05	16.82313064491857	230.0	17	1.05	0.95				
	122	2	0.0	0.0	0.0	0.0	1	1.05	24.064825973428285	230.0	17	1.05	0.95				
	123	2	0.0	0.0	0.0	0.0	1	1.0218980096164114	2.1036653905730955	230.0	15	1.05	0.95				
	124	1	0.0	0.0	0.0	0.0	1	1.0279148873413797	7.330874003464518	230.0	16	1.05	0.95				
	201	2	55.929482147368425	11.393042659649122	0.0	0.0	2	1.0133186859654144	-15.226560176963948	138.0	21	1.05	0.95				
	202	2	50.23296081754386	10.35731150877193	0.0	0.0	2	1.0125275219648902	-15.490315624961331	138.0	22	1.05	0.95				
	203	1	93.21580357894736	19.16102629122807	0.0	0.0	2	1.013401164076319	-11.345289025507645	138.0	21	1.05	0.95				
	204	1	38.32205258245614	7.767983631578947	0.0	0.0	2	1.0101834310022497	-14.487783450199585	138.0	21	1.05	0.95				
	205	1	36.76845585614035	7.250118056140351	0.0	0.0	2	1.0249612756080173	-14.955070845375861	138.0	21	1.05	0.95				
	206	1	70.42971825964912	14.500236112280701	0.0	-100.0	2	1.038954584959226	-15.41136641954977	138.0	22	1.05	0.95				
	207	2	64.73319692982456	12.946639385964911	0.0	0.0	2	0.9954641735171876	-21.787310930898123	138.0	22	1.05	0.95				
	208	1	88.55501339999999	18.125295140350875	0.0	0.0	2	0.9967856670992822	-19.356018954537117	138.0	22	1.05	0.95				
	209	1	90.62647570175439	18.643160715789474	0.0	0.0	2	1.0247283892331267	-11.53825343034201	138.0	23	1.05	0.95				
	210	1	100.9837872105263	20.71462301754386	0.0	0.0	2	1.05	-13.020801260989462	138.0	23	1.05	0.95				
	211	1	0.0	0.0	0.0	0.0	2	1.0111418884037906	-8.505075189291984	230.0	23	1.05	0.95				
	212	1	0.0	0.0	0.0	0.0	2	1.0160913224189916	-3.7760830272135406	230.0	23	1.05	0.95				
	213	2	137.23437749122806	27.964741073684213	0.0	0.0	2	1.0117843619000801	-6.004183862393278	230.0	24	1.05	0.95				
	214	2	100.46592163508772	20.196757442105262	0.0	0.0	2	1.0132186420305078	-6.854202976831564	230.0	26	1.05	0.95				
	215	2	164.16338741403507	33.14339682807017	0.0	0.0	2	1.0274546105122848	-0.9225559921347389	230.0	26	1.05	0.95				
	216	2	51.786557543859644	10.35731150877193	0.0	0.0	2	1.0278749534204923	-1.3193796467680645	230.0	26	1.05	0.95				
	217	1	0.0	0.0	0.0	0.0	2	1.0310205837008717	-0.013054930522455196	230.0	27	1.05	0.95				
	218	2	172.44923662105262	35.21485912982456	0.0	0.0	2	1.0299708512785528	-0.5749916758826131	230.0	27	1.05	0.95				
	219	1	93.73366915438595	19.16102629122807	0.0	0.0	2	1.0277627992726472	-1.3750986033156436	230.0	25	1.05	0.95				
	220	1	66.28679365614035	13.46450496140351	0.0	0.0	2	1.031612533138438	-0.4208026699694795	230.0	25	1.05	0.95				
	221	2	0.0	0.0	0.0	0.0	2	1.0321682622675357	0.11084650210936453	230.0	27	1.05	0.95				
	222	2	0.0	0.0	0.0	0.0	2	1.05	6.556436401099737	230.0	27	1.05	0.95				
	223	2	0.0	0.0	0.0	0.0	2	1.034983515980639	0.49127826883377196	230.0	25	1.05	0.95				
	224	1	0.0	0.0	0.0	0.0	2	1.0093534445537133	-4.812266143616852	230.0	26	1.05	0.95				
	301	2	64.98449856	13.23758304	0.0	0.0	3	0.9907494224194127	15.082736873838074	138.0	31	1.05	0.95				
	302	2	58.36570703999999	12.0341664	0.0	0.0	3	0.9908067517001211	15.081982135629087	138.0	32	1.05	0.95				
	303	1	108.3074976	22.26320784	0.0	0.0	3	1.0142616622048337	16.743802542446033	138.0	31	1.05	0.95				
	304	1	44.52641568	9.0256248	0.0	0.0	3	0.9991090608509966	17.209135033732693	138.0	31	1.05	0.95				
	305	1	42.72129071999999	8.42391648	0.0	0.0	3	1.0106746570934522	17.36728133071368	138.0	31	1.05	0.95				
	306	1	81.83233152	16.84783296	0.0	-100.0	3	1.0304600342197452	17.957886741134754	138.0	32	1.05	0.95				
	307	2	75.21354	15.042708	0.0	0.0	3	0.9795552534578597	14.807583966951453	138.0	32	1.05	0.95				
	308	1	102.89212271999999	21.059791199999996	0.0	0.0	3	0.995865676959306	17.458624008865495	138.0	32	1.05	0.95				
	309	1	105.29895599999999	21.661499519999996	0.0	0.0	3	1.0273978736433185	21.38771280907005	138.0	33	1.05	0.95				
	310	1	117.33312240000001	24.0683328	0.0	0.0	3	1.05	21.555700031596793	138.0	33	1.05	0.95				
	311	1	0.0	0.0	0.0	0.0	3	1.0184150264084386	27.579302388590328	230.0	33	1.05	0.95				
	312	1	0.0	0.0	0.0	0.0	3	1.0252050883441293	29.11534271609438	230.0	33	1.05	0.95				
	313	2	159.4527048	32.49224928	0.0	0.0	3	1.049803778683898	37.245426709628504	230.0	34	1.05	0.95				
	314	2	116.73141407999998	23.46662448	0.0	0.0	3	1.0204378548662731	24.984639035572574	230.0	36	1.05	0.95				
	315	2	190.74153743999997	38.50933248	0.0	0.0	3	1.0431571679808989	17.45797311615244	230.0	36	1.05	0.95				
	316	2	60.170832	12.0341664	0.0	0.0	3	1.0454105530243942	19.099353802032372	230.0	36	1.05	0.95				
	317	1	0.0	0.0	0.0	0.0	3	1.05	17.60645584765433	230.0	37	1.05	0.95				
	318	2	200.36887056	40.91616576	0.0	0.0	3	1.0487718870227285	15.461800097803954	230.0	37	1.05	0.95				
	319	1	108.90920591999999	22.26320784	0.0	0.0	3	1.0446372979402379	22.437624270178688	230.0	35	1.05	0.95				
	320	1	77.01866496	15.644416319999998	0.0	0.0	3	1.0471668907353247	24.87298172352695	230.0	35	1.05	0.95				
	321	2	0.0	0.0	0.0	0.0	3	1.0473928302937103	16.729058569563033	230.0	37	1.05	0.95				
	322	2	0.0	0.0	0.0	0.0	3	1.05	21.417060630028466	230.0	37	1.05	0.95				
	323	2	0.0	0.0	0.0	0.0	3	1.0484168663668627	25.72234496184307	230.0	35	1.05	0.95				
	324	1	0.0	0.0	0.0	0.0	3	1.0304916116734193	19.305759868746573	230.0	36	1.05	0.95				
	325	1	0.0	0.0	0.0	0.0	3	1.049999999756202	24.97243681813376	230.0	35	1.05	0.95				
];

%% generator data
%    bus    Pg    Qg    Qmax    Qmin    Vg    mBase    status    Pmax    Pmin    Pc1    Pc2    Qc1min    Qc1max    Qc2min    Qc2max    ramp_agc    ramp_10    ramp_30    ramp_q    apf
