%% MATPOWER Case Format : Version 2
function mpc = RTS_GMLC
mpc.version = '2';

%%-----  Power Flow Data  -----%%
%% system MVA base
mpc.baseMVA = 100.0;
%% bus data
%    bus_i    type    Pd    Qd    Gs    Bs    area    Vm    Va    baseKV    zone    Vmax    Vmin
mpc.bus = [
	101	2	41.147946568421055	8.381989115789473	0.0	0.0	1	1.019048041294676	-1.1135333449741374	138.0	11	1.05	0.95				
	102	2	36.956952010526315	7.619990105263158	0.0	0.0	1	1.0172100187827282	-1.593479680712167	138.0	12	1.05	0.95				
	103	1	68.57991094736843	14.096981694736844	0.0	0.0	1	1.0299279629892877	1.12410993120259	138.0	11	1.05	0.95				
	104	1	28.193963389473687	5.714992578947369	0.0	0.0	1	1.0170014973028587	-2.7017682052012923	138.0	11	1.05	0.95				
	105	1	27.050964873684208	5.333993073684211	0.0	0.0	1	1.0297617765621203	-3.1309288121845853	138.0	11	1.05	0.95				
	106	1	51.81593271578948	10.667986147368422	0.0	-100.0	1	1.0436326426031715	-4.759311046843302	138.0	12	1.05	0.95				
	107	2	47.62493815789474	9.524987631578947	0.0	0.0	1	0.9999252513448365	-9.980933940279405	138.0	12	1.05	0.95				
	108	1	65.1509154	13.334982684210525	0.0	0.0	1	1.0051959707449878	-8.292972673191427	138.0	12	1.05	0.95				
	109	1	66.67491342105262	13.715982189473683	0.0	0.0	1	1.0248432018992235	-2.5023515490501635	138.0	13	1.05	0.95				
	110	1	74.29490352631579	15.239980210526316	0.0	0.0	1	1.05	-3.9335520548370093	138.0	13	1.05	0.95				
	111	1	0.0	0.0	0.0	0.0	1	1.0053616229705906	-0.10904121551136806	230.0	13	1.05	0.95				
	112	1	0.0	0.0	0.0	0.0	1	1.0084885548282037	-1.0119334444588273	230.0	13	1.05	0.95				
	113	3	100.96486889473684	20.573973284210528	0.0	0.0	1	0.9963002174691422	-4.4717045399363675e-29	230.0	14	1.05	0.95				
	114	2	73.91390402105263	14.858980705263159	0.0	0.0	1	1.0082811164065149	3.018084972613317	230.0	16	1.05	0.95				
	115	2	120.77684316842105	24.383968336842106	0.0	0.0	1	1.042511471342612	11.157561578839104	230.0	16	1.05	0.95				
	116	2	38.09995052631579	7.619990105263158	0.0	0.0	1	1.035672790663322	9.619771872798564	230.0	16	1.05	0.95				
	117	1	0.0	0.0	0.0	0.0	1	1.0412417452727387	14.791223949023932	230.0	17	1.05	0.95				
	118	2	126.87283525263157	25.90796635789474	0.0	0.0	1	1.0499997652728474	15.366836563187798	230.0	17	1.05	0.95				
	119	1	68.96091045263158	14.096981694736844	0.0	0.0	1	1.0238802181917894	5.964020784602041	230.0	15	1.05	0.95				
	120	1	48.76793667368421	9.905987136842105	0.0	0.0	1	1.0188417357946704	3.4060131925939623	230.0	15	1.05	0.95				
	121	2	0.0	0.0	0.0	0.0	1	1.05	16.76282121547523	230.0	17	1.05	0.95				
	122	2	0.0	0.0	0.0	0.0	1	1.05	31.374614582764462	230.0	17	1.05	0.95				
	123	2	0.0	0.0	0.0	0.0	1	1.0168824771416414	2.2887994845569213	230.0	15	1.05	0.95				
	124	1	0.0	0.0	0.0	0.0	1	1.025246415122948	7.407630528946462	230.0	16	1.05	0.95				
	201	2	38.57264283789474	7.857390207719299	0.0	0.0	2	1.0148328492270033	-13.308377694702974	138.0	21	1.05	0.95				
	202	2	34.64394773403509	7.1430820070175445	0.0	0.0	2	1.0139643978570128	-13.57141809685368	138.0	22	1.05	0.95				
	203	1	64.28773806315789	13.214701712982455	0.0	0.0	2	1.0152519701393048	-10.180457375234914	138.0	21	1.05	0.95				
	204	1	26.42940342596491	5.357311505263158	0.0	0.0	2	1.0133973868835808	-13.283415778521723	138.0	21	1.05	0.95				
	205	1	25.35794112491228	5.000157404912281	0.0	0.0	2	1.0282075787233707	-13.634528789184793	138.0	21	1.05	0.95				
	206	1	48.5729576477193	10.000314809824562	0.0	-100.0	2	1.043964206084589	-14.286214880183413	138.0	22	1.05	0.95				
	207	2	44.64426254385965	8.92885250877193	0.0	0.0	2	0.9976063877515016	-18.50302936340139	138.0	22	1.05	0.95				
	208	1	61.07335116	12.5003935122807	0.0	0.0	2	1.0043114952763683	-16.93301556239188	138.0	22	1.05	0.95				
	209	1	62.501967561403504	12.857547612631578	0.0	0.0	2	1.0226764665305115	-11.562201298578216	138.0	23	1.05	0.95				
	210	1	69.64504956842104	14.286164014035089	0.0	0.0	2	1.05	-12.809295166327068	138.0	23	1.05	0.95				
	211	1	0.0	0.0	0.0	0.0	2	1.0011919184011893	-9.452173785328851	230.0	23	1.05	0.95				
	212	1	0.0	0.0	0.0	0.0	2	1.007157888103814	-7.286407829433269	230.0	23	1.05	0.95				
	213	2	94.64583659298246	19.28632141894737	0.0	0.0	2	0.9931690049223751	-8.249369916326437	230.0	24	1.05	0.95				
	214	2	69.28789546807018	13.929009913684212	0.0	0.0	2	0.998393653763385	-7.613449850734184	230.0	26	1.05	0.95				
	215	2	113.21784981122806	22.85786242245614	0.0	0.0	2	1.0170752404966625	-1.8703612474518523	230.0	26	1.05	0.95				
	216	2	35.71541003508772	7.1430820070175445	0.0	0.0	2	1.0161864206478473	-2.84543502136294	230.0	26	1.05	0.95				
	217	1	0.0	0.0	0.0	0.0	2	1.0224367049624123	-0.7481137756634109	230.0	27	1.05	0.95				
	218	2	118.9323154168421	24.28647882385965	0.0	0.0	2	1.0223183474991893	-1.081065508982799	230.0	27	1.05	0.95				
	219	1	64.64489216350877	13.214701712982455	0.0	0.0	2	1.014399931461521	-3.724016420179603	230.0	25	1.05	0.95				
	220	1	45.71572484491228	9.286006609122808	0.0	0.0	2	1.0150417680262376	-3.772292343520551	230.0	25	1.05	0.95				
	221	2	0.0	0.0	0.0	0.0	2	1.024149382992449	-0.542480732817156	230.0	27	1.05	0.95				
	222	2	0.0	0.0	0.0	0.0	2	1.046107275630024	5.915899542785497	230.0	27	1.05	0.95				
	223	2	0.0	0.0	0.0	0.0	2	1.0156419053592738	-3.516248361259139	230.0	25	1.05	0.95				
	224	1	0.0	0.0	0.0	0.0	2	1.0060752015432262	-5.008222084526558	230.0	26	1.05	0.95				
	301	2	48.96045557052632	9.973426134736842	0.0	0.0	3	1.0064885417451446	-4.117149085954973	138.0	31	1.05	0.95				
	302	2	43.973742503157894	9.066751031578947	0.0	0.0	3	1.0062224062092653	-4.256414297867796	138.0	32	1.05	0.95				
	303	1	81.60075928421053	16.773489408421053	0.0	0.0	3	1.0322476672195202	2.208151911280895	138.0	31	1.05	0.95				
	304	1	33.546978816842106	6.800063273684209	0.0	0.0	3	1.010101612340803	-2.773764975055615	138.0	31	1.05	0.95				
	305	1	32.18696616210526	6.346725722105264	0.0	0.0	3	1.0223541286311424	-3.6851264500973078	138.0	31	1.05	0.95				
	306	1	61.653907014736845	12.693451444210528	0.0	-100.0	3	1.0392925338243761	-3.979017395116087	138.0	32	1.05	0.95				
	307	2	56.667193947368425	11.333438789473684	0.0	0.0	3	0.9904177580668315	-8.878026561059428	138.0	32	1.05	0.95				
	308	1	77.52072131999999	15.866814305263155	0.0	0.0	3	0.997325395399083	-6.829057315924365	138.0	32	1.05	0.95				
	309	1	79.33407152631578	16.320151856842106	0.0	0.0	3	1.0277280255911074	0.2876658820948364	138.0	33	1.05	0.95				
	310	1	88.40082255789473	18.133502063157895	0.0	0.0	3	1.05	-1.793883428464954	138.0	33	1.05	0.95				
	311	1	0.0	0.0	0.0	0.0	3	1.008478824395264	3.3752897826808543	230.0	33	1.05	0.95				
	312	1	0.0	0.0	0.0	0.0	3	1.0129124544219152	3.9920988296366424	230.0	33	1.05	0.95				
	313	2	120.13445116842104	24.48022778526316	0.0	0.0	3	1.0119885422513009	7.090803404330747	230.0	34	1.05	0.95				
	314	2	87.94748500631579	17.680164511578948	0.0	0.0	3	1.0059230573955882	4.356578220669922	230.0	36	1.05	0.95				
	315	2	143.70800385052632	29.013603301052633	0.0	0.0	3	1.0362871160080853	6.6688372473501545	230.0	36	1.05	0.95				
	316	2	45.333755157894736	9.066751031578947	0.0	0.0	3	1.0351027115496332	7.247105386344185	230.0	36	1.05	0.95				
	317	1	0.0	0.0	0.0	0.0	3	1.04863523593733	11.137125844001575	230.0	37	1.05	0.95				
	318	2	150.96140467578948	30.826953507368422	0.0	0.0	3	1.0456120700462845	8.457180909154898	230.0	37	1.05	0.95				
	319	1	82.05409683578947	16.773489408421053	0.0	0.0	3	1.0296756355485004	7.483490338185617	230.0	35	1.05	0.95				
	320	1	58.02720660210527	11.786776341052631	0.0	0.0	3	1.0262835896276394	7.805095188619454	230.0	35	1.05	0.95				
	321	2	0.0	0.0	0.0	0.0	3	1.043635755703241	8.505341356079615	230.0	37	1.05	0.95				
	322	2	0.0	0.0	0.0	0.0	3	1.05	13.875913370987083	230.0	37	1.05	0.95				
	323	2	0.0	0.0	0.0	0.0	3	1.0246314806082224	8.128539256670996	230.0	35	1.05	0.95				
	324	1	0.0	0.0	0.0	0.0	3	1.0278697756450526	4.995523219654625	230.0	36	1.05	0.95				
	325	1	0.0	0.0	0.0	0.0	3	1.0252094942445968	8.87435432976819	230.0	35	1.05	0.95				
];
