%% MATPOWER Case Format : Version 2
function mpc = RTS_GMLC
mpc.version = '2';

%%-----  Power Flow Data  -----%%
%% system MVA base
mpc.baseMVA = 100.0;
%% bus data
%    bus_i    type    Pd    Qd    Gs    Bs    area    Vm    Va    baseKV    zone    Vmax    Vmin
mpc.bus = [
	101	2	77.20583869894739	15.727115290526317	0.0	0.0	1	1.03245483508202	-3.407808713978466	138.0	11	1.05	0.95				
	102	2	69.34228105368422	14.297377536842108	0.0	0.0	1	1.0318215934744028	-3.6247386107961974	138.0	12	1.05	0.95				
	103	1	128.67639783157895	26.450148443157893	0.0	0.0	1	1.0201140852921322	-2.557911114656297	138.0	11	1.05	0.95				
	104	1	52.900296886315786	10.72303315263158	0.0	0.0	1	1.0160563522769823	-6.096773850147817	138.0	11	1.05	0.95				
	105	1	50.755690255789474	10.008164275789476	0.0	0.0	1	1.0317759391753598	-6.211977594615348	138.0	11	1.05	0.95				
	106	1	97.22216725052633	20.01632855157895	0.0	-100.0	1	1.0371656929783193	-8.475239696532173	138.0	12	1.05	0.95				
	107	2	89.35860960526315	17.871721921052632	0.0	0.0	1	1.0246073944210627	-8.754551464702478	138.0	12	1.05	0.95				
	108	1	122.24257793999999	25.02041068947368	0.0	0.0	1	1.0112676698856897	-9.846315579487532	138.0	12	1.05	0.95				
	109	1	125.10205344736842	25.73527956631579	0.0	0.0	1	1.0257341376911369	-5.236758965319381	138.0	13	1.05	0.95				
	110	1	139.39943098421054	28.594755073684215	0.0	0.0	1	1.05	-6.79642584806564	138.0	13	1.05	0.95				
	111	1	0.0	0.0	0.0	0.0	1	1.0155825040443758	-1.7853346341516296	230.0	13	1.05	0.95				
	112	1	0.0	0.0	0.0	0.0	1	1.0163273480948554	-1.379279167467343	230.0	13	1.05	0.95				
	113	3	189.44025236315792	38.602919349473694	0.0	0.0	1	1.0168789079327318	-6.620085179350739e-29	230.0	14	1.05	0.95				
	114	2	138.68456210736844	27.879886196842108	0.0	0.0	1	1.0226039467749635	0.8930893857256407	230.0	16	1.05	0.95				
	115	2	226.61343395894738	45.75160811789474	0.0	0.0	1	1.043015356711298	9.958678418591623	230.0	16	1.05	0.95				
	116	2	71.48688768421053	14.297377536842108	0.0	0.0	1	1.0422115888942314	9.022272610686043	230.0	16	1.05	0.95				
	117	1	0.0	0.0	0.0	0.0	1	1.0448590413795944	12.905831080212948	230.0	17	1.05	0.95				
	118	2	238.05133598842104	48.61108362526316	0.0	0.0	1	1.048924194027807	13.299535968955057	230.0	17	1.05	0.95				
	119	1	129.39126670842109	26.450148443157893	0.0	0.0	1	1.0361872882349632	6.86069998062153	230.0	15	1.05	0.95				
	120	1	91.50321623578948	18.58659079789474	0.0	0.0	1	1.037673990114429	6.26096545496431	230.0	15	1.05	0.95				
	121	2	0.0	0.0	0.0	0.0	1	1.05	15.243567281257775	230.0	17	1.05	0.95				
	122	2	0.0	0.0	0.0	0.0	1	1.05	25.741275938235955	230.0	17	1.05	0.95				
	123	2	0.0	0.0	0.0	0.0	1	1.0402842922410886	6.4619381416352075	230.0	15	1.05	0.95				
	124	1	0.0	0.0	0.0	0.0	1	1.0186836901095386	5.32163141808454	230.0	16	1.05	0.95				
	201	2	74.8843066231579	15.254210608421051	0.0	0.0	2	1.0342871669718934	-12.132852006973101	138.0	21	1.05	0.95				
	202	2	67.25720131894737	13.867464189473685	0.0	0.0	2	1.0346901815683773	-12.152943229614754	138.0	22	1.05	0.95				
	203	1	124.80717770526314	25.654808750526314	0.0	0.0	2	1.0222264260778435	-9.986950574182597	138.0	21	1.05	0.95				
	204	1	51.30961750105263	10.400598142105261	0.0	0.0	2	1.017717125115485	-13.657861254987122	138.0	21	1.05	0.95				
	205	1	49.229497872631576	9.70722493263158	0.0	0.0	2	1.0333647006292945	-14.00934729369068	138.0	21	1.05	0.95				
	206	1	94.29875648842105	19.41444986526316	0.0	-100.0	2	1.0389102203182161	-15.705308232695213	138.0	22	1.05	0.95				
	207	2	86.67165118421052	17.334330236842106	0.0	0.0	2	0.9724100384113284	-25.9795554141582	138.0	22	1.05	0.95				
	208	1	118.56681882	24.268062331578946	0.0	0.0	2	0.9749240157697673	-22.57466128054321	138.0	22	1.05	0.95				
	209	1	121.34031165789474	24.96143554105263	0.0	0.0	2	1.0254650809243027	-12.078056439559305	138.0	23	1.05	0.95				
	210	1	135.2077758473684	27.73492837894737	0.0	0.0	2	1.05	-13.72356456687588	138.0	23	1.05	0.95				
	211	1	0.0	0.0	0.0	0.0	2	1.0228041813219155	-8.225612067125294	230.0	23	1.05	0.95				
	212	1	0.0	0.0	0.0	0.0	2	1.0198249659517298	-4.903602439115811	230.0	23	1.05	0.95				
	213	2	183.74390051052632	37.44215331157895	0.0	0.0	2	1.0293227103184093	-5.818861173913024	230.0	24	1.05	0.95				
	214	2	134.51440263789473	27.041555169473686	0.0	0.0	2	1.0342465212799057	-5.744298515543683	230.0	26	1.05	0.95				
	215	2	219.79930740315788	44.37588540631579	0.0	0.0	2	1.0417387022782154	1.7629925702592488	230.0	26	1.05	0.95				
	216	2	69.33732094736843	13.867464189473685	0.0	0.0	2	1.043737207431857	2.026790866038291	230.0	26	1.05	0.95				
	217	1	0.0	0.0	0.0	0.0	2	1.0461188067640481	4.600519836432269	230.0	27	1.05	0.95				
	218	2	230.89327875473683	47.149378244210524	0.0	0.0	2	1.0466773125651931	4.793498403131478	230.0	27	1.05	0.95				
	219	1	125.50055091473683	25.654808750526314	0.0	0.0	2	1.0412801692274494	2.5079185327939983	230.0	25	1.05	0.95				
	220	1	88.75177081263158	18.02770344631579	0.0	0.0	2	1.0453092098112993	4.227837297944851	230.0	25	1.05	0.95				
	221	2	0.0	0.0	0.0	0.0	2	1.0464792149227309	4.546509633068596	230.0	27	1.05	0.95				
	222	2	0.0	0.0	0.0	0.0	2	1.05	11.076906104507172	230.0	27	1.05	0.95				
	223	2	0.0	0.0	0.0	0.0	2	1.05	5.672305084361828	230.0	25	1.05	0.95				
	224	1	0.0	0.0	0.0	0.0	2	1.0197243233911535	-2.6024447371103907	230.0	26	1.05	0.95				
	301	2	63.20784562105264	12.875672256140353	0.0	0.0	3	1.0128394370891043	8.329312298554806	138.0	31	1.05	0.95				
	302	2	56.77000949298245	11.705156596491229	0.0	0.0	3	1.0112967085770082	7.9662916999084175	138.0	32	1.05	0.95				
	303	1	105.34640936842106	21.654539703508775	0.0	0.0	3	1.05	22.551281015282957	138.0	31	1.05	0.95				
	304	1	43.30907940701755	8.778867447368421	0.0	0.0	3	1.0073484463698748	9.290575480594468	138.0	31	1.05	0.95				
	305	1	41.55330591754386	8.19360961754386	0.0	0.0	3	1.0239297414126465	7.834141824110354	138.0	31	1.05	0.95				
	306	1	79.59506485614037	16.38721923508772	0.0	-100.0	3	1.036670252053636	6.891977844255593	138.0	32	1.05	0.95				
	307	2	73.15722872807018	14.631445745614036	0.0	0.0	3	0.9890225480210236	0.3757052615567084	138.0	32	1.05	0.95				
	308	1	100.07908890000002	20.484024043859648	0.0	0.0	3	0.99026113969508	3.1661227773532694	138.0	32	1.05	0.95				
	309	1	102.42012021929825	21.06928187368421	0.0	0.0	3	1.0236564302375926	12.782050544893377	138.0	33	1.05	0.95				
	310	1	114.12527681578948	23.410313192982457	0.0	0.0	3	1.05	9.216474499806798	138.0	33	1.05	0.95				
	311	1	0.0	0.0	0.0	0.0	3	1.0145228999718028	14.673518002650956	230.0	33	1.05	0.95				
	312	1	0.0	0.0	0.0	0.0	3	1.0172061243351016	14.971365815797842	230.0	33	1.05	0.95				
	313	2	155.09332490350877	31.60392281052632	0.0	0.0	3	1.0186681251855425	18.13198322790961	230.0	34	1.05	0.95				
	314	2	113.5400189859649	22.825055363157894	0.0	0.0	3	1.018129269611177	15.359591663343842	230.0	36	1.05	0.95				
	315	2	185.52673205438597	37.45650110877193	0.0	0.0	3	1.0458918968108268	16.300076455994656	230.0	36	1.05	0.95				
	316	2	58.52578298245614	11.705156596491229	0.0	0.0	3	1.04042391261688	16.427154536804863	230.0	36	1.05	0.95				
	317	1	0.0	0.0	0.0	0.0	3	1.05	18.474967967674612	230.0	37	1.05	0.95				
	318	2	194.89085733157896	39.797532428070184	0.0	0.0	3	1.0473064907158582	16.273059019490383	230.0	37	1.05	0.95				
	319	1	105.93166719824563	21.654539703508775	0.0	0.0	3	1.0334879274988569	15.978559368489186	230.0	35	1.05	0.95				
	320	1	74.91300221754386	15.216703575438597	0.0	0.0	3	1.0301059284402145	15.839888654898084	230.0	35	1.05	0.95				
	321	2	0.0	0.0	0.0	0.0	3	1.0473952064898193	16.89588297694921	230.0	37	1.05	0.95				
	322	2	0.0	0.0	0.0	0.0	3	1.05	21.85987118133904	230.0	37	1.05	0.95				
	323	2	0.0	0.0	0.0	0.0	3	1.0288195596221734	15.936813509909154	230.0	35	1.05	0.95				
	324	1	0.0	0.0	0.0	0.0	3	1.0466034878186259	19.88356451780574	230.0	36	1.05	0.95				
	325	1	0.0	0.0	0.0	0.0	3	1.0315729738121022	15.888247725596363	230.0	35	1.05	0.95				
];
