%% MATPOWER Case Format : Version 2
function mpc = RTS_GMLC
mpc.version = '2';

%%-----  Power Flow Data  -----%%
%% system MVA base
mpc.baseMVA = 100.0;
%% bus data
%    bus_i    type    Pd    Qd    Gs    Bs    area    Vm    Va    baseKV    zone    Vmax    Vmin
mpc.bus = [
	101	2	45.556655115789475	9.280059375438597	0.0	0.0	1	1.05	6.999507930564187	138.0	11	1.05	0.95				
	102	2	40.916625428070176	8.436417614035088	0.0	0.0	1	1.049434968134397	6.523258465337327	138.0	12	1.05	0.95				
	103	1	75.92775852631578	15.607372585964912	0.0	0.0	1	1.0353399365091784	3.1283272091018555	138.0	11	1.05	0.95				
	104	1	31.214745171929824	6.327313210526316	0.0	0.0	1	1.03134412994954	2.5214917374912225	138.0	11	1.05	0.95				
	105	1	29.94928252982456	5.905492329824562	0.0	0.0	1	1.0427351899107484	2.3281307793932746	138.0	11	1.05	0.95				
	106	1	57.367639775438604	11.810984659649124	0.0	-100.0	1	1.0482256354449877	-0.8082542953734274	138.0	12	1.05	0.95				
	107	2	52.7276100877193	10.54552201754386	0.0	0.0	1	1.00051077066021	-6.592420179226943	138.0	12	1.05	0.95				
	108	1	72.1313706	14.763730824561403	0.0	0.0	1	1.0048815832265658	-5.452322845195559	138.0	12	1.05	0.95				
	109	1	73.81865412280702	15.185551705263157	0.0	0.0	1	1.0251465539392275	-0.4243511150007174	138.0	13	1.05	0.95				
	110	1	82.2550717368421	16.872835228070176	0.0	0.0	1	1.05	-1.1685226281359804	138.0	13	1.05	0.95				
	111	1	0.0	0.0	0.0	0.0	1	1.004231799163499	0.12305386650054814	230.0	13	1.05	0.95				
	112	1	0.0	0.0	0.0	0.0	1	1.0084452785251021	0.20647142215244518	230.0	13	1.05	0.95				
	113	3	111.78253338596491	22.778327557894738	0.0	0.0	1	0.9941465468650414	7.171481809907358e-29	230.0	14	1.05	0.95				
	114	2	81.83325085614035	16.451014347368424	0.0	0.0	1	1.0003121235108587	1.259544262177617	230.0	16	1.05	0.95				
	115	2	133.71721918245615	26.99653636491228	0.0	0.0	1	1.0354487657367972	6.034962589808538	230.0	16	1.05	0.95				
	116	2	42.18208807017544	8.436417614035088	0.0	0.0	1	1.0301896683305238	5.349328593008665	230.0	16	1.05	0.95				
	117	1	0.0	0.0	0.0	0.0	1	1.0395623477461728	8.024822968172815	230.0	17	1.05	0.95				
	118	2	140.4663532736842	28.683819887719302	0.0	0.0	1	1.0434577034279593	8.415180994365535	230.0	17	1.05	0.95				
	119	1	76.34957940701754	15.607372585964912	0.0	0.0	1	1.0216763607503256	4.132919728864303	230.0	15	1.05	0.95				
	120	1	53.99307272982456	10.967342898245615	0.0	0.0	1	1.0160625664524294	3.2831935046751526	230.0	15	1.05	0.95				
	121	2	0.0	0.0	0.0	0.0	1	1.0470959641724378	9.275049985632627	230.0	17	1.05	0.95				
	122	2	0.0	0.0	0.0	0.0	1	1.05	15.827965124273122	230.0	17	1.05	0.95				
	123	2	0.0	0.0	0.0	0.0	1	1.013484854433112	3.1457580663838023	230.0	15	1.05	0.95				
	124	1	0.0	0.0	0.0	0.0	1	1.029669928039587	4.942534071937067	230.0	16	1.05	0.95				
	201	2	42.601605536842115	8.678104831578947	0.0	0.0	2	1.012286424792051	-6.436857160234051	138.0	21	1.05	0.95				
	202	2	38.26255312105263	7.889186210526317	0.0	0.0	2	1.0115207927594696	-6.650815073253561	138.0	22	1.05	0.95				
	203	1	71.00267589473685	14.594994489473686	0.0	0.0	2	1.0138502781204946	-4.803476696026129	138.0	21	1.05	0.95				
	204	1	29.189988978947373	5.916889657894737	0.0	0.0	2	1.012193567450783	-6.073292290839942	138.0	21	1.05	0.95				
	205	1	28.006611047368423	5.522430347368422	0.0	0.0	2	1.0262844841361238	-6.301854152054876	138.0	21	1.05	0.95				
	206	1	53.64646623157896	11.044860694736844	0.0	-100.0	2	1.0423177446986542	-6.724638077054993	138.0	22	1.05	0.95				
	207	2	49.30741381578948	9.861482763157897	0.0	0.0	2	0.9958364586511633	-11.45523535600568	138.0	22	1.05	0.95				
	208	1	67.4525421	13.806075868421052	0.0	0.0	2	1.0021382247781276	-9.696753772969272	138.0	22	1.05	0.95				
	209	1	69.03037934210528	14.200535178947367	0.0	0.0	2	1.0240780932499938	-3.968612286113111	138.0	23	1.05	0.95				
	210	1	76.91956555263158	15.778372421052634	0.0	0.0	2	1.05	-4.895615808117596	138.0	23	1.05	0.95				
	211	1	0.0	0.0	0.0	0.0	2	1.0026070555032178	-1.9035314542249355	230.0	23	1.05	0.95				
	212	1	0.0	0.0	0.0	0.0	2	1.011569582426924	2.7196240983408817	230.0	23	1.05	0.95				
	213	2	104.5317172894737	21.300802768421057	0.0	0.0	2	0.9979117273646053	0.2838622550426193	230.0	24	1.05	0.95				
	214	2	76.52510624210527	15.383913110526318	0.0	0.0	2	0.9971920946858611	-1.1432250624468776	230.0	26	1.05	0.95				
	215	2	125.04360143684212	25.245395873684213	0.0	0.0	2	1.0166440265361552	2.1682522688050616	230.0	26	1.05	0.95				
	216	2	39.445931052631586	7.889186210526317	0.0	0.0	2	1.0170859424894383	2.337537637735714	230.0	26	1.05	0.95				
	217	1	0.0	0.0	0.0	0.0	2	1.0223099142832357	3.237908661985809	230.0	27	1.05	0.95				
	218	2	131.35495040526317	26.82323311578948	0.0	0.0	2	1.0215355895166895	2.8534172734897774	230.0	27	1.05	0.95				
	219	1	71.39713520526317	14.594994489473686	0.0	0.0	2	1.0178267736173257	2.422359982273241	230.0	25	1.05	0.95				
	220	1	50.49079174736843	10.255942073684212	0.0	0.0	2	1.0210116977212103	3.278521590014666	230.0	25	1.05	0.95				
	221	2	0.0	0.0	0.0	0.0	2	1.0234872938523987	3.4297238828787084	230.0	27	1.05	0.95				
	222	2	0.0	0.0	0.0	0.0	2	1.0454319001652606	9.902359922654542	230.0	27	1.05	0.95				
	223	2	0.0	0.0	0.0	0.0	2	1.0234135532889648	4.053530820776618	230.0	25	1.05	0.95				
	224	1	0.0	0.0	0.0	0.0	2	1.0066374289408595	-0.4596504871489785	230.0	26	1.05	0.95				
	301	2	65.61657704842105	13.366339769122806	0.0	0.0	3	1.0055021729300655	-19.823329305689956	138.0	31	1.05	0.95				
	302	2	58.93340716385964	12.151217971929825	0.0	0.0	3	1.005226032722559	-19.927597239892748	138.0	32	1.05	0.95				
	303	1	109.36096174736842	22.479753248070175	0.0	0.0	3	1.017663301546334	-14.542231826090385	138.0	31	1.05	0.95				
	304	1	44.95950649614035	9.113413478947367	0.0	0.0	3	1.0045347940109224	-17.990914327493872	138.0	31	1.05	0.95				
	305	1	43.13682380035087	8.505852580350878	0.0	0.0	3	1.0187523385577535	-18.189913213691064	138.0	31	1.05	0.95				
	306	1	82.6282822091228	17.011705160701755	0.0	-100.0	3	1.034123905687397	-17.95773218676929	138.0	32	1.05	0.95				
	307	2	75.9451123245614	15.18902246491228	0.0	0.0	3	0.9929075332554297	-25.336208465990186	138.0	32	1.05	0.95				
	308	1	103.89291365999999	21.264631450877193	0.0	0.0	3	0.9919933841884787	-22.421406266521227	138.0	32	1.05	0.95				
	309	1	106.32315725438598	21.872192349473682	0.0	0.0	3	1.0252985081231807	-13.921748533893542	138.0	33	1.05	0.95				
	310	1	118.47437522631579	24.30243594385965	0.0	0.0	3	1.05	-14.610712493231297	138.0	33	1.05	0.95				
	311	1	0.0	0.0	0.0	0.0	3	1.0155105140968832	-8.127312064842613	230.0	33	1.05	0.95				
	312	1	0.0	0.0	0.0	0.0	3	1.0182354897661192	-6.569926742496916	230.0	33	1.05	0.95				
	313	2	161.00363812807018	32.808288524210525	0.0	0.0	3	1.0310651186898128	-2.226670091565453	230.0	34	1.05	0.95				
	314	2	117.86681432771928	23.69487504526316	0.0	0.0	3	1.0201062533287637	-7.226555149095636	230.0	36	1.05	0.95				
	315	2	192.5968048550877	38.88389751017544	0.0	0.0	3	1.033314084890426	-6.761131622914766	230.0	36	1.05	0.95				
	316	2	60.75608985964912	12.151217971929825	0.0	0.0	3	1.0343095691004722	-5.287928096101314	230.0	36	1.05	0.95				
	317	1	0.0	0.0	0.0	0.0	3	1.036601409016074	-4.844402343011315	230.0	37	1.05	0.95				
	318	2	202.31777923263158	41.3141411045614	0.0	0.0	3	1.034296899445121	-5.157391579862598	230.0	37	1.05	0.95				
	319	1	109.96852264596491	22.479753248070175	0.0	0.0	3	1.035096338256769	-3.4008808586570964	230.0	35	1.05	0.95				
	320	1	77.76779502035087	15.796583363508773	0.0	0.0	3	1.0368413708713045	-2.4547936107837054	230.0	35	1.05	0.95				
	321	2	0.0	0.0	0.0	0.0	3	1.0361412255024351	-5.158682982164495	230.0	37	1.05	0.95				
	322	2	0.0	0.0	0.0	0.0	3	1.049412624243013	-0.7232968789303507	230.0	37	1.05	0.95				
	323	2	0.0	0.0	0.0	0.0	3	1.03835088502668	-1.8926578297052736	230.0	35	1.05	0.95				
	324	1	0.0	0.0	0.0	0.0	3	1.0182196088893414	-9.204173335959958	230.0	36	1.05	0.95				
	325	1	0.0	0.0	0.0	0.0	3	1.0365024840855197	-0.9583504647958386	230.0	35	1.05	0.95				
];
