%% MATPOWER Case Format : Version 2
function mpc = RTS_GMLC
mpc.version = '2';

%%-----  Power Flow Data  -----%%
%% system MVA base
mpc.baseMVA = 100.0;
%% bus data
%    bus_i    type    Pd    Qd    Gs    Bs    area    Vm    Va    baseKV    zone    Vmax    Vmin
mpc.bus = [
	101	2	89.61702127578948	18.25531914877193	0.0	0.0	1	1.0371778494444228	-4.3389982933821125	138.0	11	1.05	0.95				
	102	2	80.48936170140351	16.595744680701756	0.0	0.0	1	1.0371131128874826	-4.419933214342518	138.0	12	1.05	0.95				
	103	1	149.3617021263158	30.70212765929825	0.0	0.0	1	1.017493281019175	-5.255262045685626	138.0	11	1.05	0.95				
	104	1	61.4042553185965	12.446808510526317	0.0	0.0	1	1.0178141215254468	-7.193434692179314	138.0	11	1.05	0.95				
	105	1	58.91489361649123	11.617021276491231	0.0	0.0	1	1.032505156325367	-7.408072741085822	138.0	11	1.05	0.95				
	106	1	112.85106382877194	23.234042552982462	0.0	-100.0	1	1.0348665588936605	-9.881089418055655	138.0	12	1.05	0.95				
	107	2	103.72340425438597	20.744680850877195	0.0	0.0	1	1.05	-6.456449826885314	138.0	12	1.05	0.95				
	108	1	141.89361702	29.04255319122807	0.0	0.0	1	1.023278188084511	-9.327634438020281	138.0	12	1.05	0.95				
	109	1	145.21276595614037	29.87234042526316	0.0	0.0	1	1.0270927389620597	-6.493045392538744	138.0	13	1.05	0.95				
	110	1	161.80851063684213	33.19148936140351	0.0	0.0	1	1.05	-7.917444804047306	138.0	13	1.05	0.95				
	111	1	0.0	0.0	0.0	0.0	1	1.0167729776202272	-2.961144147058152	230.0	13	1.05	0.95				
	112	1	0.0	0.0	0.0	0.0	1	1.018245461510454	-1.829233374531772	230.0	13	1.05	0.95				
	113	3	219.89361701929826	44.80851063789474	0.0	0.0	1	1.022518947787127	-2.691667387288477e-30	230.0	14	1.05	0.95				
	114	2	160.97872340280702	32.361702127368424	0.0	0.0	1	1.0206348802294642	-1.3060022023177382	230.0	16	1.05	0.95				
	115	2	263.0425531891228	53.10638297824563	0.0	0.0	1	1.0443765913782173	6.33226426092918	230.0	16	1.05	0.95				
	116	2	82.97872340350878	16.595744680701756	0.0	0.0	1	1.0444489930845442	6.072009775181656	230.0	16	1.05	0.95				
	117	1	0.0	0.0	0.0	0.0	1	1.0474636083974016	9.102430090262501	230.0	17	1.05	0.95				
	118	2	276.31914893368423	56.42553191438597	0.0	0.0	1	1.0493063139868877	9.694343981930587	230.0	17	1.05	0.95				
	119	1	150.1914893603509	30.70212765929825	0.0	0.0	1	1.038789957552061	5.054288793503663	230.0	15	1.05	0.95				
	120	1	106.21276595649125	21.574468084912287	0.0	0.0	1	1.0414564099444918	5.727368586456536	230.0	15	1.05	0.95				
	121	2	0.0	0.0	0.0	0.0	1	1.05	10.539676727512182	230.0	17	1.05	0.95				
	122	2	0.0	0.0	0.0	0.0	1	1.05	16.987739304702384	230.0	17	1.05	0.95				
	123	2	0.0	0.0	0.0	0.0	1	1.045522010439131	6.70360079915873	230.0	15	1.05	0.95				
	124	1	0.0	0.0	0.0	0.0	1	1.0197923995365321	2.0577809891309733	230.0	16	1.05	0.95				
	201	2	89.98016684210526	18.329293245614036	0.0	0.0	2	1.05	-11.897437287464706	138.0	21	1.05	0.95				
	202	2	80.81552021929824	16.662993859649124	0.0	0.0	2	1.05	-11.923332535454234	138.0	22	1.05	0.95				
	203	1	149.96694473684212	30.826538640350876	0.0	0.0	2	1.0272287121366492	-9.175139975896307	138.0	21	1.05	0.95				
	204	1	61.65307728070175	12.497245394736842	0.0	0.0	2	1.0218898727066934	-13.822999060242745	138.0	21	1.05	0.95				
	205	1	59.15362820175438	11.664095701754388	0.0	0.0	2	1.039233473975637	-14.2296060086994	138.0	21	1.05	0.95				
	206	1	113.30835824561404	23.328191403508775	0.0	-100.0	2	1.0381071445977452	-16.302044832367237	138.0	22	1.05	0.95				
	207	2	104.14371162280702	20.828742324561404	0.0	0.0	2	0.95	-27.71395389182541	138.0	22	1.05	0.95				
	208	1	142.4685975	29.16023925438596	0.0	0.0	2	0.9554415724769412	-24.08972285779512	138.0	22	1.05	0.95				
	209	1	145.80119627192983	29.99338894736842	0.0	0.0	2	1.0255572306759964	-12.04652717559589	138.0	23	1.05	0.95				
	210	1	162.46419013157893	33.32598771929825	0.0	0.0	2	1.0497021859072213	-14.020448401635909	138.0	23	1.05	0.95				
	211	1	0.0	0.0	0.0	0.0	2	1.031671702043613	-6.5588385288098205	230.0	23	1.05	0.95				
	212	1	0.0	0.0	0.0	0.0	2	1.022777546264288	-5.12617306247691	230.0	23	1.05	0.95				
	213	2	220.78466864035087	44.99008342105263	0.0	0.0	2	1.05	-2.063980042163331	230.0	24	1.05	0.95				
	214	2	161.63104043859647	32.49283802631579	0.0	0.0	2	1.05	-4.307244800386524	230.0	26	1.05	0.95				
	215	2	264.10845267543857	53.3215803508772	0.0	0.0	2	1.0458431011129246	4.160424060355097	230.0	26	1.05	0.95				
	216	2	83.31496929824561	16.662993859649124	0.0	0.0	2	1.0497032860952618	4.027426785508237	230.0	26	1.05	0.95				
	217	1	0.0	0.0	0.0	0.0	2	1.0498811599976898	6.98873887066457	230.0	27	1.05	0.95				
	218	2	277.43884776315787	56.65417912280702	0.0	0.0	2	1.05	7.696714944123959	230.0	27	1.05	0.95				
	219	1	150.80009442982455	30.826538640350876	0.0	0.0	2	1.0435920474172606	3.7193926017056427	230.0	25	1.05	0.95				
	220	1	106.6431607017544	21.66189201754386	0.0	0.0	2	1.0458618893013698	5.007455864085832	230.0	25	1.05	0.95				
	221	2	0.0	0.0	0.0	0.0	2	1.05	8.242386285829145	230.0	27	1.05	0.95				
	222	2	0.0	0.0	0.0	0.0	2	1.05	14.262444684981258	230.0	27	1.05	0.95				
	223	2	0.0	0.0	0.0	0.0	2	1.05	6.31789298343152	230.0	25	1.05	0.95				
	224	1	0.0	0.0	0.0	0.0	2	1.0219025802042658	-0.8012602285882077	230.0	26	1.05	0.95				
	301	2	70.82695349052632	14.427712748070176	0.0	0.0	3	1.0115301069732112	-13.979302918453786	138.0	31	1.05	0.95				
	302	2	63.613097116491225	13.116102498245615	0.0	0.0	3	1.010399074624797	-14.259857033747176	138.0	32	1.05	0.95				
	303	1	118.04492248421053	24.26478962175439	0.0	0.0	3	1.0240168026057228	-7.150190365480847	138.0	31	1.05	0.95				
	304	1	48.52957924350878	9.83707687368421	0.0	0.0	3	1.0068516347822258	-12.74366116892923	138.0	31	1.05	0.95				
	305	1	46.562163868771925	9.18127174877193	0.0	0.0	3	1.02176303752147	-13.283604650358107	138.0	31	1.05	0.95				
	306	1	89.18949698807019	18.36254349754386	0.0	-100.0	3	1.034210764614491	-13.626501250286491	138.0	32	1.05	0.95				
	307	2	81.97564061403509	16.39512812280702	0.0	0.0	3	1.0052225592662911	-15.819132435398151	138.0	32	1.05	0.95				
	308	1	112.14267636	22.953179371929824	0.0	0.0	3	1.0012719259060294	-15.165930593634926	138.0	32	1.05	0.95				
	309	1	114.76589685964913	23.608984496842105	0.0	0.0	3	1.0265651591515947	-8.821218066387202	138.0	33	1.05	0.95				
	310	1	127.88199935789473	26.23220499649123	0.0	0.0	3	1.05	-10.483982265988455	138.0	33	1.05	0.95				
	311	1	0.0	0.0	0.0	0.0	3	1.0169248849115209	-3.734458580383342	230.0	33	1.05	0.95				
	312	1	0.0	0.0	0.0	0.0	3	1.0173052533623028	-3.0320882822997435	230.0	33	1.05	0.95				
	313	2	173.7883581017544	35.41347674526316	0.0	0.0	3	1.0262964041393459	0.6023076908900015	230.0	34	1.05	0.95				
	314	2	127.22619423298245	25.576399871578946	0.0	0.0	3	1.0252622785559595	-1.6581946854658156	230.0	36	1.05	0.95				
	315	2	207.89022459719297	41.971527994385966	0.0	0.0	3	1.0451931559504182	3.0770979790955777	230.0	36	1.05	0.95				
	316	2	65.58051249122808	13.116102498245615	0.0	0.0	3	1.0422953569657258	2.766913812980494	230.0	36	1.05	0.95				
	317	1	0.0	0.0	0.0	0.0	3	1.0467672226868907	5.061828960073145	230.0	37	1.05	0.95				
	318	2	218.38310659578949	44.594748494035095	0.0	0.0	3	1.047220043564514	5.012931946470002	230.0	37	1.05	0.95				
	319	1	118.70072760912281	24.26478962175439	0.0	0.0	3	1.0381031550099695	2.5440241963540657	230.0	35	1.05	0.95				
	320	1	83.94305598877193	17.0509332477193	0.0	0.0	3	1.0384127109203976	2.97377370547559	230.0	35	1.05	0.95				
	321	2	0.0	0.0	0.0	0.0	3	1.05	6.2896153613301475	230.0	37	1.05	0.95				
	322	2	0.0	0.0	0.0	0.0	3	1.05	11.582643477100602	230.0	37	1.05	0.95				
	323	2	0.0	0.0	0.0	0.0	3	1.0399043906551182	3.55905796678288	230.0	35	1.05	0.95				
	324	1	0.0	0.0	0.0	0.0	3	1.0259465745504082	0.29480729344933587	230.0	36	1.05	0.95				
	325	1	0.0	0.0	0.0	0.0	3	1.0398127137055666	4.149741943400991	230.0	35	1.05	0.95				
];

%% generator data
%    bus    Pg    Qg    Qmax    Qmin    Vg    mBase    status    Pmax    Pmin    Pc1    Pc2    Qc1min    Qc1max    Qc2min    Qc2max    ramp_agc    ramp_10    ramp_30    ramp_q    apf
