%% MATPOWER Case Format : Version 2
function mpc = RTS_GMLC
mpc.version = '2';

%%-----  Power Flow Data  -----%%
%% system MVA base
mpc.baseMVA = 100.0;
%% bus data
%    bus_i    type    Pd    Qd    Gs    Bs    area    Vm    Va    baseKV    zone    Vmax    Vmin
mpc.bus = [
	101	2	43.05838695157895	8.77115289754386	0.0	0.0	1	1.0348309975614751	1.687115282769766	138.0	11	1.05	0.95				
	102	2	38.67281050280702	7.97377536140351	0.0	0.0	1	1.0339751418097776	1.4171609954346382	138.0	12	1.05	0.95				
	103	1	71.76397825263157	14.751484418596492	0.0	0.0	1	1.0287636614208286	0.5550318366537285	138.0	11	1.05	0.95				
	104	1	29.502968837192984	5.980331521052632	0.0	0.0	1	1.0219979236699446	-1.5592557657776684	138.0	11	1.05	0.95				
	105	1	28.306902532982452	5.581642752982456	0.0	0.0	1	1.0369665033052426	-1.379970667389198	138.0	11	1.05	0.95				
	106	1	54.22167245754387	11.163285505964913	0.0	-100.0	1	1.0465276957788427	-3.551578821275653	138.0	12	1.05	0.95				
	107	2	49.83609600877193	9.967219201754386	0.0	0.0	1	0.9994901742894224	-11.15733596227652	138.0	12	1.05	0.95				
	108	1	68.17577933999999	13.954106882456141	0.0	0.0	1	1.0033568071219858	-8.839964757623745	138.0	12	1.05	0.95				
	109	1	69.77053441228071	14.352795650526314	0.0	0.0	1	1.0240320106468943	-2.379926975071672	138.0	13	1.05	0.95				
	110	1	77.74430977368421	15.94755072280702	0.0	0.0	1	1.05	-3.2368276743449957	138.0	13	1.05	0.95				
	111	1	0.0	0.0	0.0	0.0	1	1.0018070831238637	-0.2797599945816406	230.0	13	1.05	0.95				
	112	1	0.0	0.0	0.0	0.0	1	1.0074814950239026	-0.4881554098995721	230.0	13	1.05	0.95				
	113	3	105.65252353859648	21.529193475789477	0.0	0.0	1	0.9955953776161798	1.85107413302568e-30	230.0	14	1.05	0.95				
	114	2	77.34562100561403	15.548861954736843	0.0	0.0	1	0.9969515718018507	2.1548973094880637	230.0	16	1.05	0.95				
	115	2	126.38433947824561	25.51608115649123	0.0	0.0	1	1.0346095115788159	8.405985282366611	230.0	16	1.05	0.95				
	116	2	39.86887680701754	7.97377536140351	0.0	0.0	1	1.0299548881442318	7.863684475481566	230.0	16	1.05	0.95				
	117	1	0.0	0.0	0.0	0.0	1	1.038563401916854	11.256381202885338	230.0	17	1.05	0.95				
	118	2	132.76335976736843	27.110836228771934	0.0	0.0	1	1.0449719365437535	11.256744603287007	230.0	17	1.05	0.95				
	119	1	72.16266702070175	14.751484418596492	0.0	0.0	1	1.0213510030475927	5.6287404216302015	230.0	15	1.05	0.95				
	120	1	51.03216231298246	10.365907969824562	0.0	0.0	1	1.0174156627690192	4.45200086800835	230.0	15	1.05	0.95				
	121	2	0.0	0.0	0.0	0.0	1	1.05	12.185652919705296	230.0	17	1.05	0.95				
	122	2	0.0	0.0	0.0	0.0	1	1.05	24.897758493875422	230.0	17	1.05	0.95				
	123	2	0.0	0.0	0.0	0.0	1	1.0156846887157813	4.115337672843537	230.0	15	1.05	0.95				
	124	1	0.0	0.0	0.0	0.0	1	1.0224087555972452	5.454957219443842	230.0	16	1.05	0.95				
	201	2	46.34157092210527	9.439949632280701	0.0	0.0	2	1.0170586116817253	-16.37613354977745	138.0	21	1.05	0.95				
	202	2	41.62159610596491	8.581772392982456	0.0	0.0	2	1.016944806699767	-16.50288720899368	138.0	22	1.05	0.95				
	203	1	77.23595153684211	15.876278927017545	0.0	0.0	2	1.0136169812287583	-12.681658229380895	138.0	21	1.05	0.95				
	204	1	31.75255785403509	6.436329294736842	0.0	0.0	2	1.0131527070718411	-16.904078132726124	138.0	21	1.05	0.95				
	205	1	30.465291995087718	6.00724067508772	0.0	0.0	2	1.0283438050012792	-17.36572402925427	138.0	21	1.05	0.95				
	206	1	58.356052272280714	12.01448135017544	0.0	-100.0	2	1.0425153619931902	-18.394838941673132	138.0	22	1.05	0.95				
	207	2	53.63607745614035	10.72721549122807	0.0	0.0	2	0.9937715443746272	-23.944389238577966	138.0	22	1.05	0.95				
	208	1	73.37415396	15.018101687719298	0.0	0.0	2	0.9990869583749297	-21.997318891900598	138.0	22	1.05	0.95				
	209	1	75.09050843859649	15.447190307368421	0.0	0.0	2	1.0221996191537759	-15.452455288529043	138.0	23	1.05	0.95				
	210	1	83.67228083157895	17.163544785964913	0.0	0.0	2	1.05	-16.980582164011416	138.0	23	1.05	0.95				
	211	1	0.0	0.0	0.0	0.0	2	1.0065662326087126	-12.532463065979007	230.0	23	1.05	0.95				
	212	1	0.0	0.0	0.0	0.0	2	1.010037948363891	-11.95346455520779	230.0	23	1.05	0.95				
	213	2	113.70848420701753	23.170785461052635	0.0	0.0	2	1.0054420183458148	-11.42428302969211	230.0	24	1.05	0.95				
	214	2	83.24319221192982	16.734456166315788	0.0	0.0	2	1.0065829730564746	-9.715729726706357	230.0	26	1.05	0.95				
	215	2	136.02109242877194	27.461671657543864	0.0	0.0	2	1.0195770045102426	-2.586614059775906	230.0	26	1.05	0.95				
	216	2	42.90886196491228	8.581772392982456	0.0	0.0	2	1.0212696492233013	-3.0985629251925713	230.0	26	1.05	0.95				
	217	1	0.0	0.0	0.0	0.0	2	1.024527133200189	-0.8956458994359267	230.0	27	1.05	0.95				
	218	2	142.88651034315788	29.178026136140357	0.0	0.0	2	1.0239133053252811	-1.5016202006310109	230.0	27	1.05	0.95				
	219	1	77.66504015649123	15.876278927017545	0.0	0.0	2	1.0241018575233287	-3.812867505804535	230.0	25	1.05	0.95				
	220	1	54.92334331508773	11.156304110877194	0.0	0.0	2	1.029493487915268	-3.589959204896558	230.0	25	1.05	0.95				
	221	2	0.0	0.0	0.0	0.0	2	1.026064236377465	-1.0507836890186837	230.0	27	1.05	0.95				
	222	2	0.0	0.0	0.0	0.0	2	1.047893582107324	5.5267238420368585	230.0	27	1.05	0.95				
	223	2	0.0	0.0	0.0	0.0	2	1.0330547442521743	-3.142576924731442	230.0	25	1.05	0.95				
	224	1	0.0	0.0	0.0	0.0	2	1.004992192070285	-6.384055626681055	230.0	26	1.05	0.95				
	301	2	61.55077505684211	12.538120844912282	0.0	0.0	3	1.032379143250018	-15.733268943246737	138.0	31	1.05	0.95				
	302	2	55.281714634385956	11.398291677192983	0.0	0.0	3	1.0272135659945048	-16.082222696436876	138.0	32	1.05	0.95				
	303	1	102.58462509473685	21.086839602807018	0.0	0.0	3	1.05	0.2726792478285878	138.0	31	1.05	0.95				
	304	1	42.173679205614036	8.548718757894736	0.0	0.0	3	1.0077846741260976	-14.576821297545253	138.0	31	1.05	0.95				
	305	1	40.46393545403508	7.978804174035088	0.0	0.0	3	1.0289619555732386	-16.484862878547816	138.0	31	1.05	0.95				
	306	1	77.50838340491228	15.957608348070176	0.0	-100.0	3	1.0327380815885983	-17.566683106216374	138.0	32	1.05	0.95				
	307	2	71.23932298245614	14.247864596491228	0.0	0.0	3	0.9530958357604	-15.621674256376872	138.0	32	1.05	0.95				
	308	1	97.45539384	19.947010435087716	0.0	0.0	3	0.9680069929486159	-16.529938432095253	138.0	32	1.05	0.95				
	309	1	99.73505217543858	20.516925018947365	0.0	0.0	3	1.011071084880727	-10.938001895791054	138.0	33	1.05	0.95				
	310	1	111.13334385263158	22.796583354385966	0.0	0.0	3	1.039401478526194	-15.41770596624774	138.0	33	1.05	0.95				
	311	1	0.0	0.0	0.0	0.0	3	0.9994360599078206	-10.667165856456709	230.0	33	1.05	0.95				
	312	1	0.0	0.0	0.0	0.0	3	1.003620379748182	-9.615887715579786	230.0	33	1.05	0.95				
	313	2	151.027364722807	30.775387528421057	0.0	0.0	3	1.0009750752089484	-7.628559051895122	230.0	34	1.05	0.95				
	314	2	110.56342926877191	22.226668770526317	0.0	0.0	3	0.9982698844873752	-10.721342004352696	230.0	36	1.05	0.95				
	315	2	180.66292308350876	36.47453336701754	0.0	0.0	3	1.05	-7.005289298925342	230.0	36	1.05	0.95				
	316	2	56.99145838596491	11.398291677192983	0.0	0.0	3	1.041677220297918	-7.376634491991845	230.0	36	1.05	0.95				
	317	1	0.0	0.0	0.0	0.0	3	1.0473226780125549	-4.236271435217464	230.0	37	1.05	0.95				
	318	2	189.78155642526315	38.75419170245614	0.0	0.0	3	1.04386030162888	-5.325526614679454	230.0	37	1.05	0.95				
	319	1	103.15453967859649	21.086839602807018	0.0	0.0	3	1.029239649334125	-7.410700266389696	230.0	35	1.05	0.95				
	320	1	72.94906673403509	14.817779180350875	0.0	0.0	3	1.0230056783903916	-6.334555240446642	230.0	35	1.05	0.95				
	321	2	0.0	0.0	0.0	0.0	3	1.0457982917354691	-5.31409830409052	230.0	37	1.05	0.95				
	322	2	0.0	0.0	0.0	0.0	3	1.05	-0.5537505635883301	230.0	37	1.05	0.95				
	323	2	0.0	0.0	0.0	0.0	3	1.0211701688366517	-5.296028653857486	230.0	35	1.05	0.95				
	324	1	0.0	0.0	0.0	0.0	3	1.0473344616226707	-4.220951932041275	230.0	36	1.05	0.95				
	325	1	0.0	0.0	0.0	0.0	3	1.017718818289227	-3.816984868359846	230.0	35	1.05	0.95				
];
