%% MATPOWER Case Format : Version 2
function mpc = RTS_GMLC
mpc.version = '2';

%%-----  Power Flow Data  -----%%
%% system MVA base
mpc.baseMVA = 100.0;
%% bus data
%    bus_i    type    Pd    Qd    Gs    Bs    area    Vm    Va    baseKV    zone    Vmax    Vmin
mpc.bus = [
	101	2	78.47501237052631	15.985650668070175	0.0	0.0	1	1.0327672499435818	-2.089627812282661	138.0	11	1.05	0.95				
	102	2	70.48218703649123	14.532409698245615	0.0	0.0	1	1.03277026576702	-2.142253242956406	138.0	12	1.05	0.95				
	103	1	130.79168728421052	26.884957941754383	0.0	0.0	1	1.0206870562671728	-2.743342474426706	138.0	11	1.05	0.95				
	104	1	53.769915883508766	10.89930727368421	0.0	0.0	1	1.0166305604787673	-4.961906539150869	138.0	11	1.05	0.95				
	105	1	51.59005442877193	10.172686788771932	0.0	0.0	1	1.0317286149996925	-4.985508158552913	138.0	11	1.05	0.95				
	106	1	98.82038594807018	20.345373577543864	0.0	-100.0	1	1.0369509743631649	-7.268495637929266	138.0	12	1.05	0.95				
	107	2	90.82756061403508	18.16551212280702	0.0	0.0	1	1.0470996448754524	-2.9259417249980877	138.0	12	1.05	0.95				
	108	1	124.25210292	25.431716971929824	0.0	0.0	1	1.0244577425225745	-6.036234994763438	138.0	12	1.05	0.95				
	109	1	127.15858485964912	26.158337456842105	0.0	0.0	1	1.0266626828212029	-4.328013792701006	138.0	13	1.05	0.95				
	110	1	141.69099455789473	29.06481939649123	0.0	0.0	1	1.05	-5.627184880247175	138.0	13	1.05	0.95				
	111	1	0.0	0.0	0.0	0.0	1	1.0134635778147516	-1.569572732038515	230.0	13	1.05	0.95				
	112	1	0.0	0.0	0.0	0.0	1	1.0158146110977866	-0.6177269013651184	230.0	13	1.05	0.95				
	113	3	192.55442850175436	39.23750618526316	0.0	0.0	1	1.013880806571044	4.852134561726831e-27	230.0	14	1.05	0.95				
	114	2	140.96437407298245	28.33819891157895	0.0	0.0	1	1.0157269613350621	0.5147947345653268	230.0	16	1.05	0.95				
	115	2	230.338693717193	46.503711034385965	0.0	0.0	1	1.044847581879105	8.088625210190513	230.0	16	1.05	0.95				
	116	2	72.66204849122808	14.532409698245615	0.0	0.0	1	1.0429977856627388	7.829210784182557	230.0	16	1.05	0.95				
	117	1	0.0	0.0	0.0	0.0	1	1.0470479234315897	10.64675807335164	230.0	17	1.05	0.95				
	118	2	241.96462147578947	49.41019297403509	0.0	0.0	1	1.049078376967464	11.183650082056479	230.0	17	1.05	0.95				
	119	1	131.5183077691228	26.884957941754383	0.0	0.0	1	1.0376169195499108	6.815950034694785	230.0	15	1.05	0.95				
	120	1	93.00742206877193	18.8921326077193	0.0	0.0	1	1.0393268991545495	7.3082299496029695	230.0	15	1.05	0.95				
	121	2	0.0	0.0	0.0	0.0	1	1.05	11.757352038236066	230.0	17	1.05	0.95				
	122	2	0.0	0.0	0.0	0.0	1	1.05	18.065017153824535	230.0	17	1.05	0.95				
	123	2	0.0	0.0	0.0	0.0	1	1.0423149382147765	8.114744676748268	230.0	15	1.05	0.95				
	124	1	0.0	0.0	0.0	0.0	1	1.0222434140671808	4.084353144874287	230.0	16	1.05	0.95				
	201	2	77.91027862736843	15.870612312982457	0.0	0.0	2	1.039487433500037	-8.946580147491911	138.0	21	1.05	0.95				
	202	2	69.97497247087719	14.427829375438597	0.0	0.0	2	1.0394670802946648	-9.082307123378914	138.0	22	1.05	0.95				
	203	1	129.85046437894738	26.691484344561406	0.0	0.0	2	1.0276515957591987	-6.407490727215146	138.0	21	1.05	0.95				
	204	1	53.38296868912281	10.820872031578947	0.0	0.0	2	1.0194637895809318	-10.960184541523102	138.0	21	1.05	0.95				
	205	1	51.21879428280701	10.099480562807019	0.0	0.0	2	1.0355061598595636	-11.293069123253378	138.0	21	1.05	0.95				
	206	1	98.10923975298248	20.198961125614037	0.0	-100.0	2	1.0390820108037124	-13.298857600320066	138.0	22	1.05	0.95				
	207	2	90.17393359649122	18.034786719298246	0.0	0.0	2	0.9660068112121919	-24.17178643508129	138.0	22	1.05	0.95				
	208	1	123.35794116000001	25.248701407017542	0.0	0.0	2	0.9697157516559998	-20.601919900317004	138.0	22	1.05	0.95				
	209	1	126.2435070350877	25.970092875789476	0.0	0.0	2	1.0257312626253647	-9.588720150099668	138.0	23	1.05	0.95				
	210	1	140.67133641052632	28.855658750877193	0.0	0.0	2	1.05	-11.41515187892298	138.0	23	1.05	0.95				
	211	1	0.0	0.0	0.0	0.0	2	1.0248306601137125	-4.932728929229326	230.0	23	1.05	0.95				
	212	1	0.0	0.0	0.0	0.0	2	1.0199616493140882	-3.724094094387923	230.0	23	1.05	0.95				
	213	2	191.1687392245614	38.955139313684214	0.0	0.0	2	1.0351173443007602	-1.4887614085519854	230.0	24	1.05	0.95				
	214	2	139.94994494175438	28.134267282105263	0.0	0.0	2	1.0387143591382542	-2.5206130041543973	230.0	26	1.05	0.95				
	215	2	228.68109560070175	46.16905400140351	0.0	0.0	2	1.0439138945384074	5.146024536891495	230.0	26	1.05	0.95				
	216	2	72.13914687719299	14.427829375438597	0.0	0.0	2	1.0471888146700352	5.317164705849694	230.0	26	1.05	0.95				
	217	1	0.0	0.0	0.0	0.0	2	1.0487681056438873	8.413265579896283	230.0	27	1.05	0.95				
	218	2	240.22335910105267	49.05461987649124	0.0	0.0	2	1.0499999953997263	9.198882078686212	230.0	27	1.05	0.95				
	219	1	130.57185584771932	26.691484344561406	0.0	0.0	2	1.0433418981910692	4.922813498330075	230.0	25	1.05	0.95				
	220	1	92.33810800280702	18.756178188070177	0.0	0.0	2	1.0462178065587655	5.929967360758641	230.0	25	1.05	0.95				
	221	2	0.0	0.0	0.0	0.0	2	1.05	9.568556201121451	230.0	27	1.05	0.95				
	222	2	0.0	0.0	0.0	0.0	2	1.05	15.627118326800952	230.0	27	1.05	0.95				
	223	2	0.0	0.0	0.0	0.0	2	1.05	7.006314167615923	230.0	25	1.05	0.95				
	224	1	0.0	0.0	0.0	0.0	2	1.0233396974551494	0.8404248623965186	230.0	26	1.05	0.95				
	301	2	64.35242010947368	13.108826318596492	0.0	0.0	3	1.011448771215447	-17.47899486705563	138.0	31	1.05	0.95				
	302	2	57.79800695017543	11.91711483508772	0.0	0.0	3	1.010376217373797	-17.74117204621053	138.0	32	1.05	0.95				
	303	1	107.25403351578949	22.04666244491228	0.0	0.0	3	1.0249454574612569	-10.774697608595227	138.0	31	1.05	0.95				
	304	1	44.09332488982456	8.937836126315789	0.0	0.0	3	1.0086923897362465	-16.255638909761547	138.0	31	1.05	0.95				
	305	1	42.3057576645614	8.341980384561404	0.0	0.0	3	1.0227839321118088	-17.07914012407164	138.0	31	1.05	0.95				
	306	1	81.03638087859649	16.68396076912281	0.0	-100.0	3	1.0360827299405837	-17.52823040644965	138.0	32	1.05	0.95				
	307	2	74.48196771929825	14.896393543859649	0.0	0.0	3	1.006162743704949	-18.956541507533277	138.0	32	1.05	0.95				
	308	1	101.89133183999999	20.854950961403507	0.0	0.0	3	1.0036170929628447	-18.604368280317694	138.0	32	1.05	0.95				
	309	1	104.27475480701753	21.450806703157895	0.0	0.0	3	1.0274340927431336	-12.608197300640938	138.0	33	1.05	0.95				
	310	1	116.19186964210526	23.83422967017544	0.0	0.0	3	1.05	-14.766988453321828	138.0	33	1.05	0.95				
	311	1	0.0	0.0	0.0	0.0	3	1.0160585631300931	-8.10109294807574	230.0	33	1.05	0.95				
	312	1	0.0	0.0	0.0	0.0	3	1.0159897964460596	-7.33755931001838	230.0	33	1.05	0.95				
	313	2	157.90177156491228	32.17621005473684	0.0	0.0	3	1.0227767541968547	-4.00164509149782	230.0	34	1.05	0.95				
	314	2	115.59601390035085	23.23837392842105	0.0	0.0	3	1.0240104232325038	-6.114346900418098	230.0	36	1.05	0.95				
	315	2	188.88627013614035	38.1347674722807	0.0	0.0	3	1.0462152504388487	0.49657743206345883	230.0	36	1.05	0.95				
	316	2	59.585574175438595	11.91711483508772	0.0	0.0	3	1.0440362323615608	0.2924170881807001	230.0	36	1.05	0.95				
	317	1	0.0	0.0	0.0	0.0	3	1.0469010378471888	2.5138456527261455	230.0	37	1.05	0.95				
	318	2	198.41996200421053	40.518190439298245	0.0	0.0	3	1.0476162642481917	2.8350838828316913	230.0	37	1.05	0.95				
	319	1	107.84988925754386	22.04666244491228	0.0	0.0	3	1.0391921711529197	-0.5754086827328247	230.0	35	1.05	0.95				
	320	1	76.2695349445614	15.492249285614035	0.0	0.0	3	1.0397856216232986	-0.20385690849731863	230.0	35	1.05	0.95				
	321	2	0.0	0.0	0.0	0.0	3	1.05	3.964070802068016	230.0	37	1.05	0.95				
	322	2	0.0	0.0	0.0	0.0	3	1.05	9.169849629475076	230.0	37	1.05	0.95				
	323	2	0.0	0.0	0.0	0.0	3	1.041496063715666	0.44278664161506454	230.0	35	1.05	0.95				
	324	1	0.0	0.0	0.0	0.0	3	1.0241107417518003	-3.683257774760453	230.0	36	1.05	0.95				
	325	1	0.0	0.0	0.0	0.0	3	1.0395548909534933	1.3887287798715031	230.0	35	1.05	0.95				
];
