%% MATPOWER Case Format : Version 2
function mpc = RTS_GMLC
mpc.version = '2';

%%-----  Power Flow Data  -----%%
%% system MVA base
mpc.baseMVA = 100.0;
%% bus data
%    bus_i    type    Pd    Qd    Gs    Bs    area    Vm    Va    baseKV    zone    Vmax    Vmin
mpc.bus = [
	101	2	41.1212271031579	8.376546261754386	0.0	0.0	1	1.0082240498323396	-0.6925792553222333	138.0	11	1.05	0.95				
	102	2	36.9329539722807	7.615042056140352	0.0	0.0	1	1.0060748434562887	-1.3100026579369903	138.0	12	1.05	0.95				
	103	1	68.53537850526315	14.087827803859648	0.0	0.0	1	1.0264533454422597	1.8652682248264476	138.0	11	1.05	0.95				
	104	1	28.175655607719296	5.7112815421052625	0.0	0.0	1	1.0108008272202487	-2.6677488718483824	138.0	11	1.05	0.95				
	105	1	27.033399299298246	5.330529439298246	0.0	0.0	1	1.0242012911325418	-2.777361187942592	138.0	11	1.05	0.95				
	106	1	51.78228598175439	10.661058878596492	0.0	-100.0	1	1.0409190837447422	-4.466515152664603	138.0	12	1.05	0.95				
	107	2	47.59401285087719	9.518802570175438	0.0	0.0	1	0.9848170486726672	-9.873556829808342	138.0	12	1.05	0.95				
	108	1	65.10860957999999	13.326323598245612	0.0	0.0	1	0.9963560424982191	-8.088221837781228	138.0	12	1.05	0.95				
	109	1	66.63161799122807	13.707075701052633	0.0	0.0	1	1.0250874364399896	-2.17641603153841	138.0	13	1.05	0.95				
	110	1	74.24666004736842	15.230084112280704	0.0	0.0	1	1.05	-3.620599138712774	138.0	13	1.05	0.95				
	111	1	0.0	0.0	0.0	0.0	1	1.0155179761751454	0.36300768283569085	230.0	13	1.05	0.95				
	112	1	0.0	0.0	0.0	0.0	1	1.0115142901026786	-0.7150514709078679	230.0	13	1.05	0.95				
	113	3	100.89930724385965	20.56061355157895	0.0	0.0	1	0.9919903412269213	-2.6822626086633274e-30	230.0	14	1.05	0.95				
	114	2	73.8659079445614	14.849332009473684	0.0	0.0	1	1.0419554747765336	3.8832525047714097	230.0	16	1.05	0.95				
	115	2	120.69841658982456	24.368134579649123	0.0	0.0	1	1.042625659974876	13.056610288756943	230.0	16	1.05	0.95				
	116	2	38.075210280701754	7.615042056140352	0.0	0.0	1	1.0423221577670787	11.299079799881653	230.0	16	1.05	0.95				
	117	1	0.0	0.0	0.0	0.0	1	1.0412334663203626	17.18988002873923	230.0	17	1.05	0.95				
	118	2	126.79045023473685	25.891142990877196	0.0	0.0	1	1.049826462418488	17.738118720060186	230.0	17	1.05	0.95				
	119	1	68.91613060807018	14.087827803859648	0.0	0.0	1	1.0375581809665666	7.164129194411224	230.0	15	1.05	0.95				
	120	1	48.736269159298246	9.899554672982456	0.0	0.0	1	1.0395768186511378	4.291752936721519	230.0	15	1.05	0.95				
	121	2	0.0	0.0	0.0	0.0	1	1.0434076535893104	19.221776722434377	230.0	17	1.05	0.95				
	122	2	0.0	0.0	0.0	0.0	1	1.05	37.18175188604453	230.0	17	1.05	0.95				
	123	2	0.0	0.0	0.0	0.0	1	1.0416259766024991	3.002209763638512	230.0	15	1.05	0.95				
	124	1	0.0	0.0	0.0	0.0	1	1.0225743157322065	8.886330315918034	230.0	16	1.05	0.95				
	201	2	38.72564143578948	7.888556588771929	0.0	0.0	2	1.0138243897429409	-14.553953230684062	138.0	21	1.05	0.95				
	202	2	34.7813631414035	7.171415080701754	0.0	0.0	2	1.0129780314208536	-14.840499548393968	138.0	22	1.05	0.95				
	203	1	64.5427357263158	13.267117899298245	0.0	0.0	2	1.0127104217803815	-10.646961517022532	138.0	21	1.05	0.95				
	204	1	26.53423579859649	5.378561310526315	0.0	0.0	2	1.0124504607004148	-14.612888007603795	138.0	21	1.05	0.95				
	205	1	25.458523536491224	5.019990556491228	0.0	0.0	2	1.0276829457584034	-15.030877130790778	138.0	21	1.05	0.95				
	206	1	48.76562254877193	10.039981112982456	0.0	-100.0	2	1.0436653806412381	-15.769683680821172	138.0	22	1.05	0.95				
	207	2	44.82134425438596	8.964268850877193	0.0	0.0	2	0.9966074334816907	-19.989640571319708	138.0	22	1.05	0.95				
	208	1	61.315598939999994	12.549976391228068	0.0	0.0	2	1.0034792620276922	-18.412488077559278	138.0	22	1.05	0.95				
	209	1	62.74988195614035	12.908547145263158	0.0	0.0	2	1.021800668838597	-12.932443751300992	138.0	23	1.05	0.95				
	210	1	69.9212970368421	14.342830161403509	0.0	0.0	2	1.05	-14.351189065598115	138.0	23	1.05	0.95				
	211	1	0.0	0.0	0.0	0.0	2	1.004340521314894	-10.23266421428829	230.0	23	1.05	0.95				
	212	1	0.0	0.0	0.0	0.0	2	1.0055763310771593	-9.814454473839126	230.0	23	1.05	0.95				
	213	2	95.02124981929823	19.36282071789474	0.0	0.0	2	0.9966727056105918	-9.225747608826657	230.0	24	1.05	0.95				
	214	2	69.562726282807	13.984259407368421	0.0	0.0	2	1.0070885743533038	-7.585263709429183	230.0	26	1.05	0.95				
	215	2	113.66692902912281	22.948528258245613	0.0	0.0	2	1.0230010352183936	-1.2245589219373723	230.0	26	1.05	0.95				
	216	2	35.85707540350877	7.171415080701754	0.0	0.0	2	1.0247849139607852	-1.684246961937592	230.0	26	1.05	0.95				
	217	1	0.0	0.0	0.0	0.0	2	1.0325869212960146	0.18167499849197966	230.0	27	1.05	0.95				
	218	2	119.4040610936842	24.382811274385965	0.0	0.0	2	1.031164756186347	-0.22111458189405103	230.0	27	1.05	0.95				
	219	1	64.90130648035087	13.267117899298245	0.0	0.0	2	1.0220137464965464	-2.390064145219827	230.0	25	1.05	0.95				
	220	1	45.897056516491226	9.32283960491228	0.0	0.0	2	1.0217198304678576	-2.296487588876176	230.0	25	1.05	0.95				
	221	2	0.0	0.0	0.0	0.0	2	1.0315136237164508	0.24212742966607864	230.0	27	1.05	0.95				
	222	2	0.0	0.0	0.0	0.0	2	1.05	6.712861215368932	230.0	27	1.05	0.95				
	223	2	0.0	0.0	0.0	0.0	2	1.021813853616815	-1.9643500776090266	230.0	25	1.05	0.95				
	224	1	0.0	0.0	0.0	0.0	2	1.007539290404753	-4.752442273192075	230.0	26	1.05	0.95				
	301	2	44.50173995368421	9.065169249824562	0.0	0.0	3	1.0095814766756162	-4.879040116588744	138.0	31	1.05	0.95				
	302	2	39.969155328771926	8.241062954385965	0.0	0.0	3	1.0093832253143684	-5.018487942692806	138.0	32	1.05	0.95				
	303	1	74.16956658947369	15.245966465614035	0.0	0.0	3	1.0312003941226833	1.257660949927965	138.0	31	1.05	0.95				
	304	1	30.49193293122807	6.1807972157894735	0.0	0.0	3	1.011913221361933	-3.7182395517295355	138.0	31	1.05	0.95				
	305	1	29.255773488070176	5.768744068070176	0.0	0.0	3	1.0245903336826516	-4.567936087793822	138.0	31	1.05	0.95				
	306	1	56.03922808982457	11.537488136140352	0.0	-100.0	3	1.0412804505371616	-4.893448804081346	138.0	32	1.05	0.95				
	307	2	51.50664346491228	10.301328692982455	0.0	0.0	3	0.9918591366230106	-9.266640497248193	138.0	32	1.05	0.95				
	308	1	70.46108826	14.421860170175439	0.0	0.0	3	0.9996357299556026	-7.435034743289923	138.0	32	1.05	0.95				
	309	1	72.10930085087719	14.833913317894737	0.0	0.0	3	1.0266036420467552	-0.9661433992241307	138.0	33	1.05	0.95				
	310	1	80.35036380526316	16.48212590877193	0.0	0.0	3	1.05	-2.9291761745702702	138.0	33	1.05	0.95				
	311	1	0.0	0.0	0.0	0.0	3	1.0074133910612153	2.4315780295809026	230.0	33	1.05	0.95				
	312	1	0.0	0.0	0.0	0.0	3	1.0097323189463605	2.7750918525391506	230.0	33	1.05	0.95				
	313	2	109.19408414561403	22.250869976842104	0.0	0.0	3	1.0083190849701393	5.658369155024431	230.0	34	1.05	0.95				
	314	2	79.93831065754385	16.070072761052632	0.0	0.0	3	1.0071199455960305	4.102538567407661	230.0	36	1.05	0.95				
	315	2	130.62084782701754	26.371401454035087	0.0	0.0	3	1.0380188096199354	8.45156094343482	230.0	36	1.05	0.95				
	316	2	41.20531477192982	8.241062954385965	0.0	0.0	3	1.0366797897722448	8.859327415275935	230.0	36	1.05	0.95				
	317	1	0.0	0.0	0.0	0.0	3	1.05	14.045489572694258	230.0	37	1.05	0.95				
	318	2	137.21369819052632	28.019614044912284	0.0	0.0	3	1.0459107451442384	11.060171931463984	230.0	37	1.05	0.95				
	319	1	74.58161973719298	15.245966465614035	0.0	0.0	3	1.0270929826849422	7.864242282107835	230.0	35	1.05	0.95				
	320	1	52.742802908070175	10.713381840701755	0.0	0.0	3	1.021558600700701	7.793547352613636	230.0	35	1.05	0.95				
	321	2	0.0	0.0	0.0	0.0	3	1.0446591114982413	10.849373603732376	230.0	37	1.05	0.95				
	322	2	0.0	0.0	0.0	0.0	3	1.05	16.445780513937986	230.0	37	1.05	0.95				
	323	2	0.0	0.0	0.0	0.0	3	1.0189940636022026	8.077819511064556	230.0	35	1.05	0.95				
	324	1	0.0	0.0	0.0	0.0	3	1.0260908736502943	5.75177454819317	230.0	36	1.05	0.95				
	325	1	0.0	0.0	0.0	0.0	3	1.0184711103438384	9.031758586257494	230.0	35	1.05	0.95				
];
