%% MATPOWER Case Format : Version 2
function mpc = RTS_GMLC
mpc.version = '2';

%%-----  Power Flow Data  -----%%
%% system MVA base
mpc.baseMVA = 100.0;
%% bus data
%    bus_i    type    Pd    Qd    Gs    Bs    area    Vm    Va    baseKV    zone    Vmax    Vmin
mpc.bus = [
	101	2	43.01830777263158	8.762988620350876	0.0	0.0	1	1.0120058892944026	-4.089916338430354	138.0	11	1.05	0.95				
	102	2	38.63681346245614	7.966353291228071	0.0	0.0	1	1.0119640172749147	-4.315980531115409	138.0	12	1.05	0.95				
	103	1	71.69717962105263	14.737753588771929	0.0	0.0	1	1.0012329348401554	1.1247928846948847	138.0	11	1.05	0.95				
	104	1	29.475507177543857	5.974764968421052	0.0	0.0	1	1.0024045535357373	-4.177140528287354	138.0	11	1.05	0.95				
	105	1	28.280554183859646	5.576447303859649	0.0	0.0	1	1.0167055549536064	-5.230179862432877	138.0	11	1.05	0.95				
	106	1	54.17120238035088	11.152894607719299	0.0	-100.0	1	1.0272502809948012	-6.354520333720668	138.0	12	1.05	0.95				
	107	2	49.789708070175436	9.957941614035088	0.0	0.0	1	0.987125429329518	-10.419046090892248	138.0	12	1.05	0.95				
	108	1	68.11232064000001	13.941118259649121	0.0	0.0	1	0.9884202610263823	-9.036342262019492	138.0	12	1.05	0.95				
	109	1	69.70559129824561	14.339435924210525	0.0	0.0	1	1.00211523188076	-3.136507143642422	138.0	13	1.05	0.95				
	110	1	77.67194458947368	15.932706582456142	0.0	0.0	1	1.0308578580711056	-5.069477959430917	138.0	13	1.05	0.95				
	111	1	0.0	0.0	0.0	0.0	1	0.9820126963936697	-0.4584857584062227	230.0	13	1.05	0.95				
	112	1	0.0	0.0	0.0	0.0	1	0.9832322627924583	-1.3656130319492759	230.0	13	1.05	0.95				
	113	3	105.55418110877193	21.50915388631579	0.0	0.0	1	0.9644474089666808	9.975824111423528e-27	230.0	14	1.05	0.95				
	114	2	77.27362692491228	15.534388917894738	0.0	0.0	1	0.9912244603130137	2.9226642186319665	230.0	16	1.05	0.95				
	115	2	126.26669966596491	25.492330531929824	0.0	0.0	1	0.9904197654740124	12.07169851877473	230.0	16	1.05	0.95				
	116	2	39.83176645614035	7.966353291228071	0.0	0.0	1	0.9890347916286455	10.46673846904019	230.0	16	1.05	0.95				
	117	1	0.0	0.0	0.0	0.0	1	0.9917012231589096	16.267318270536805	230.0	17	1.05	0.95				
	118	2	132.63978229894738	27.08560119017544	0.0	0.0	1	1.00020631518517	16.847945962601223	230.0	17	1.05	0.95				
	119	1	72.09549728561403	14.737753588771929	0.0	0.0	1	0.9890223155733702	6.675096029456697	230.0	15	1.05	0.95				
	120	1	50.98466106385965	10.356259278596491	0.0	0.0	1	0.994191273656958	3.8051209937034303	230.0	15	1.05	0.95				
	121	2	0.0	0.0	0.0	0.0	1	1.0010118795387148	18.136045473380335	230.0	17	1.05	0.95				
	122	2	0.0	0.0	0.0	0.0	1	1.0070475509156773	35.36976640932643	230.0	17	1.05	0.95				
	123	2	0.0	0.0	0.0	0.0	1	0.9981555169239699	2.5630649933146135	230.0	15	1.05	0.95				
	124	1	0.0	0.0	0.0	0.0	1	0.9814416073424723	7.884590911019375	230.0	16	1.05	0.95				
	201	2	45.270580812631586	9.221784980350877	0.0	0.0	2	1.0100424473772895	-12.215677208237857	138.0	21	1.05	0.95				
	202	2	40.65968832245615	8.383440891228073	0.0	0.0	2	1.008998804701407	-12.397340796118886	138.0	22	1.05	0.95				
	203	1	75.45096802105265	15.509365648771931	0.0	0.0	2	0.9967673549462251	-9.230799993206155	138.0	21	1.05	0.95				
	204	1	31.018731297543862	6.287580668421053	0.0	0.0	2	1.000171479782137	-11.377717429759858	138.0	21	1.05	0.95				
	205	1	29.76121516385965	5.86840862385965	0.0	0.0	2	1.0163259021991164	-11.768680798554605	138.0	21	1.05	0.95				
	206	1	57.00739806035089	11.7368172477193	0.0	-100.0	2	1.0278329388253276	-12.041743924167733	138.0	22	1.05	0.95				
	207	2	52.39650557017544	10.479301114035088	0.0	0.0	2	0.9710274012301129	-17.08780217615903	138.0	22	1.05	0.95				
	208	1	71.67841962000001	14.671021559649123	0.0	0.0	2	0.9789848357125125	-15.141979056049646	138.0	22	1.05	0.95				
	209	1	73.35510779824563	15.090193604210528	0.0	0.0	2	1.0058147058545226	-8.751033526725374	138.0	23	1.05	0.95				
	210	1	81.73854868947369	16.766881782456146	0.0	0.0	2	1.033132588281934	-9.930597289085652	138.0	23	1.05	0.95				
	211	1	0.0	0.0	0.0	0.0	2	0.9876456041831514	-6.302038828850539	230.0	23	1.05	0.95				
	212	1	0.0	0.0	0.0	0.0	2	0.9891449844781665	-1.6241283443023113	230.0	23	1.05	0.95				
	213	2	111.08059180877194	22.635290406315793	0.0	0.0	2	0.9842949911684568	-3.7544582548761554	230.0	24	1.05	0.95				
	214	2	81.3193766449123	16.34770973789474	0.0	0.0	2	0.9848374260475291	-5.359844156389571	230.0	26	1.05	0.95				
	215	2	132.87753812596492	26.827010851929828	0.0	0.0	2	0.9917012460434486	-0.9864644624701452	230.0	26	1.05	0.95				
	216	2	41.917204456140354	8.383440891228073	0.0	0.0	2	0.990276155030825	-1.2463493913145622	230.0	26	1.05	0.95				
	217	1	0.0	0.0	0.0	0.0	2	1.0004236216661635	-0.16147459695044852	230.0	27	1.05	0.95				
	218	2	139.5842908389474	28.503699030175444	0.0	0.0	2	1.0012715062221391	-0.7362157663450504	230.0	27	1.05	0.95				
	219	1	75.87014006561404	15.509365648771931	0.0	0.0	2	0.984223176765615	-0.3957957930688898	230.0	25	1.05	0.95				
	220	1	53.654021703859655	10.898473158596493	0.0	0.0	2	0.982352657587047	1.2395089159635173	230.0	25	1.05	0.95				
	221	2	0.0	0.0	0.0	0.0	2	1.003670116124841	-0.22490162604340255	230.0	27	1.05	0.95				
	222	2	0.0	0.0	0.0	0.0	2	1.021242664234016	4.682510983040925	230.0	27	1.05	0.95				
	223	2	0.0	0.0	0.0	0.0	2	0.9825972072385349	2.4938880569409636	230.0	25	1.05	0.95				
	224	1	0.0	0.0	0.0	0.0	2	0.9836116474817013	-4.12317674723676	230.0	26	1.05	0.95				
	301	2	64.0449225094737	13.046187918596491	0.0	0.0	3	1.0024630840717135	25.629199004743306	138.0	31	1.05	0.95				
	302	2	57.521828550175435	11.86017083508772	0.0	0.0	3	1.0031047090804552	25.257740691694284	138.0	32	1.05	0.95				
	303	1	106.74153751578947	21.94131604491228	0.0	0.0	3	1.0152019443566496	41.029541375696525	138.0	31	1.05	0.95				
	304	1	43.88263208982456	8.89512812631579	0.0	0.0	3	0.9924856750175596	27.189080541755995	138.0	31	1.05	0.95				
	305	1	42.1036064645614	8.302119584561405	0.0	0.0	3	1.010169863454022	25.027778062293965	138.0	31	1.05	0.95				
	306	1	80.6491616785965	16.60423916912281	0.0	-100.0	3	1.0212580098987354	24.006905476016357	138.0	32	1.05	0.95				
	307	2	74.12606771929825	14.82521354385965	0.0	0.0	3	0.9654922162521354	20.35293778379542	138.0	32	1.05	0.95				
	308	1	101.40446064	20.755298961403508	0.0	0.0	3	0.9751279216284309	23.164751620492105	138.0	32	1.05	0.95				
	309	1	103.77649480701754	21.348307503157894	0.0	0.0	3	1.0048982705262075	31.30208118660359	138.0	33	1.05	0.95				
	310	1	115.63666564210526	23.72034167017544	0.0	0.0	3	1.0332029500051565	26.38178389932959	138.0	33	1.05	0.95				
	311	1	0.0	0.0	0.0	0.0	3	0.995617520766914	31.246988096442795	230.0	33	1.05	0.95				
	312	1	0.0	0.0	0.0	0.0	3	1.0020028596987407	31.63690187506785	230.0	33	1.05	0.95				
	313	2	157.1472635649123	32.02246125473685	0.0	0.0	3	1.0057937500179206	34.72944997222031	230.0	34	1.05	0.95				
	314	2	115.04365710035087	23.127333128421053	0.0	0.0	3	0.9895151172359639	30.65270440393752	230.0	36	1.05	0.95				
	315	2	187.98370773614036	37.952546672280704	0.0	0.0	3	0.9884233965588468	29.149343122049554	230.0	36	1.05	0.95				
	316	2	59.3008541754386	11.86017083508772	0.0	0.0	3	0.981608635077326	29.534815907426978	230.0	36	1.05	0.95				
	317	1	0.0	0.0	0.0	0.0	3	0.9942645283164319	31.384762132255677	230.0	37	1.05	0.95				
	318	2	197.47184440421054	40.32458083929825	0.0	0.0	3	0.9878547013923396	27.566342081053385	230.0	37	1.05	0.95				
	319	1	107.33454605754386	21.94131604491228	0.0	0.0	3	0.9906046583128395	29.45649437164747	230.0	35	1.05	0.95				
	320	1	75.90509334456141	15.418222085614037	0.0	0.0	3	1.000489991795701	29.263574178605808	230.0	35	1.05	0.95				
	321	2	0.0	0.0	0.0	0.0	3	0.996211849243935	28.557467624775576	230.0	37	1.05	0.95				
	322	2	0.0	0.0	0.0	0.0	3	1.0130909081629198	32.362447313209955	230.0	37	1.05	0.95				
	323	2	0.0	0.0	0.0	0.0	3	1.0060024282271387	29.0715633252419	230.0	35	1.05	0.95				
	324	1	0.0	0.0	0.0	0.0	3	0.9968468075854641	35.041999751098025	230.0	36	1.05	0.95				
