%% MATPOWER Case Format : Version 2
function mpc = RTS_GMLC
mpc.version = '2';

%%-----  Power Flow Data  -----%%
%% system MVA base
mpc.baseMVA = 100.0;
%% bus data
%    bus_i    type    Pd    Qd    Gs    Bs    area    Vm    Va    baseKV    zone    Vmax    Vmin
mpc.bus = [
	101	2	40.06580900210526	8.161553685614036	0.0	0.0	1	1.0086314670995102	-5.018734404925799	138.0	11	1.05	0.95				
	102	2	35.98503215929824	7.419594259649124	0.0	0.0	1	1.007958458035478	-5.171951053746802	138.0	12	1.05	0.95				
	103	1	66.7763483368421	13.726249380350877	0.0	0.0	1	1.0321522051520569	0.11230102259043385	138.0	11	1.05	0.95				
	104	1	27.452498760701754	5.564695694736842	0.0	0.0	1	1.0140900815716383	-4.747030881928627	138.0	11	1.05	0.95				
	105	1	26.339559621754383	5.193715981754386	0.0	0.0	1	1.0248517006913935	-5.827543977225231	138.0	11	1.05	0.95				
	106	1	50.45324096561403	10.387431963508773	0.0	-100.0	1	1.042011510150183	-6.721218591471651	138.0	12	1.05	0.95				
	107	2	46.37246412280702	9.274492824561403	0.0	0.0	1	1.0021156403344824	-10.828887662179094	138.0	12	1.05	0.95				
	108	1	63.43753091999999	12.984289954385964	0.0	0.0	1	1.0071681456470738	-9.298109204373914	138.0	12	1.05	0.95				
	109	1	64.92144977192982	13.355269667368418	0.0	0.0	1	1.0258197155911444	-3.572401533379774	138.0	13	1.05	0.95				
	110	1	72.34104403157895	14.839188519298247	0.0	0.0	1	1.05	-5.433809009967526	138.0	13	1.05	0.95				
	111	1	0.0	0.0	0.0	0.0	1	1.005595255243003	-0.9676694786382326	230.0	13	1.05	0.95				
	112	1	0.0	0.0	0.0	0.0	1	1.0091696849432643	-1.6601796489101093	230.0	13	1.05	0.95				
	113	3	98.30962394035087	20.03290450105263	0.0	0.0	1	0.9992256952202888	2.16875064291264e-28	230.0	14	1.05	0.95				
	114	2	71.97006431859649	14.468208806315792	0.0	0.0	1	1.0070627735773783	1.850778341256738	230.0	16	1.05	0.95				
	115	2	117.60056901543858	23.742701630877193	0.0	0.0	1	1.0428088644800024	9.154944740566924	230.0	16	1.05	0.95				
	116	2	37.09797129824561	7.419594259649124	0.0	0.0	1	1.037398966971526	7.927436045957952	230.0	16	1.05	0.95				
	117	1	0.0	0.0	0.0	0.0	1	1.0427002348072723	12.480607653844348	230.0	17	1.05	0.95				
	118	2	123.5362444231579	25.226620482807014	0.0	0.0	1	1.0492828403510934	13.05384698106333	230.0	17	1.05	0.95				
	119	1	67.14732804982457	13.726249380350877	0.0	0.0	1	1.0267514149074408	5.038309363432172	230.0	15	1.05	0.95				
	120	1	47.485403261754385	9.64547253754386	0.0	0.0	1	1.0208072867900002	2.777473135969856	230.0	15	1.05	0.95				
	121	2	0.0	0.0	0.0	0.0	1	1.0499999983792885	14.08503739189661	230.0	17	1.05	0.95				
	122	2	0.0	0.0	0.0	0.0	1	1.05	26.580505296718364	230.0	17	1.05	0.95				
	123	2	0.0	0.0	0.0	0.0	1	1.018156667349772	1.8149147344006118	230.0	15	1.05	0.95				
	124	1	0.0	0.0	0.0	0.0	1	1.0274217396451013	5.770583289818182	230.0	16	1.05	0.95				
	201	2	38.13064692631579	7.767354003508772	0.0	0.0	2	1.0139358540925423	-14.30648799059102	138.0	21	1.05	0.95				
	202	2	34.2469699245614	7.061230912280701	0.0	0.0	2	1.0129867790751284	-14.58417699420007	138.0	22	1.05	0.95				
	203	1	63.55107821052631	13.063277187719297	0.0	0.0	2	1.0172708082039486	-10.74952693663206	138.0	21	1.05	0.95				
	204	1	26.126554375438594	5.295923184210526	0.0	0.0	2	1.0131455576687238	-14.365447286253419	138.0	21	1.05	0.95				
	205	1	25.06736973859649	4.942861638596492	0.0	0.0	2	1.027816204679153	-14.755991511592285	138.0	21	1.05	0.95				
	206	1	48.01637020350877	9.885723277192984	0.0	-100.0	2	1.0438270578209028	-15.47398022755373	138.0	22	1.05	0.95				
	207	2	44.132693201754385	8.826538640350877	0.0	0.0	2	0.9960033047958866	-19.61218198027245	138.0	22	1.05	0.95				
	208	1	60.37352429999999	12.357154096491227	0.0	0.0	2	1.003575793656354	-18.07066078759547	138.0	22	1.05	0.95				
	209	1	61.78577048245614	12.710215642105263	0.0	0.0	2	1.0228367630670152	-12.717081443567684	138.0	23	1.05	0.95				
	210	1	68.84700139473684	14.122461824561402	0.0	0.0	2	1.05	-14.066403633374309	138.0	23	1.05	0.95				
	211	1	0.0	0.0	0.0	0.0	2	1.0024276188986334	-10.246329287241188	230.0	23	1.05	0.95				
	212	1	0.0	0.0	0.0	0.0	2	1.0069327611178247	-9.318456714441528	230.0	23	1.05	0.95				
	213	2	93.5613095877193	19.065323463157895	0.0	0.0	2	0.9950518345735766	-9.141240446856575	230.0	24	1.05	0.95				
	214	2	68.4939398491228	13.76940027894737	0.0	0.0	2	1.0015742975393702	-7.920403133465157	230.0	26	1.05	0.95				
	215	2	111.92050995964911	22.595938919298245	0.0	0.0	2	1.0222232343049604	-1.3548029201997998	230.0	26	1.05	0.95				
	216	2	35.30615456140351	7.061230912280701	0.0	0.0	2	1.021209661407816	-2.52017050419324	230.0	26	1.05	0.95				
	217	1	0.0	0.0	0.0	0.0	2	1.026718334171556	-0.5164340793504297	230.0	27	1.05	0.95				
	218	2	117.56949468947369	24.008185101754385	0.0	0.0	2	1.0266667630139774	-0.7685774239327073	230.0	27	1.05	0.95				
	219	1	63.90413975614035	13.063277187719297	0.0	0.0	2	1.0203530693437866	-3.339832960088847	230.0	25	1.05	0.95				
	220	1	45.19187783859649	9.179600185964912	0.0	0.0	2	1.0216999542816063	-3.3520494781020136	230.0	25	1.05	0.95				
	221	2	0.0	0.0	0.0	0.0	2	1.028658186987984	-0.17313871528350638	230.0	27	1.05	0.95				
	222	2	0.0	0.0	0.0	0.0	2	1.049999838404249	6.182366076171006	230.0	27	1.05	0.95				
	223	2	0.0	0.0	0.0	0.0	2	1.0226537156689472	-3.083101832211098	230.0	25	1.05	0.95				
	224	1	0.0	0.0	0.0	0.0	2	1.008800690691992	-4.89178300042522	230.0	26	1.05	0.95				
	301	2	51.67668459789474	10.526732047719298	0.0	0.0	3	1.002513783813268	8.43251086846181	138.0	31	1.05	0.95				
	302	2	46.41331857403508	9.569756407017543	0.0	0.0	3	1.002266660991201	8.387438114291898	138.0	32	1.05	0.95				
	303	1	86.1278076631579	17.704049352982455	0.0	0.0	3	1.0231774423492739	11.744777560658836	138.0	31	1.05	0.95				
	304	1	35.40809870596491	7.177317305263157	0.0	0.0	3	1.007728524368962	10.1458339281173	138.0	31	1.05	0.95				
	305	1	33.972635244912276	6.69882948491228	0.0	0.0	3	1.01952766843828	9.65980225162316	138.0	31	1.05	0.95				
	306	1	65.0743435677193	13.39765896982456	0.0	-100.0	3	1.0374418414153954	9.788069662523851	138.0	32	1.05	0.95				
	307	2	59.81097754385964	11.962195508771929	0.0	0.0	3	0.9941384205809184	7.986188735454677	138.0	32	1.05	0.95				
	308	1	81.82141727999999	16.7470737122807	0.0	0.0	3	1.0074798800557394	10.027874180859154	138.0	32	1.05	0.95				
	309	1	83.7353685614035	17.225561532631577	0.0	0.0	3	1.0280176694224972	13.52790721566409	138.0	33	1.05	0.95				
	310	1	93.30512496842105	19.139512814035086	0.0	0.0	3	1.05	12.420052655245867	138.0	33	1.05	0.95				
	311	1	0.0	0.0	0.0	0.0	3	1.0088606940626774	18.12332988283478	230.0	33	1.05	0.95				
	312	1	0.0	0.0	0.0	0.0	3	1.0144983093708018	18.509197586152887	230.0	33	1.05	0.95				
	313	2	126.79927239298246	25.83834229894737	0.0	0.0	3	1.0189075793959788	24.315523180606807	230.0	34	1.05	0.95				
	314	2	92.82663714807016	18.66102499368421	0.0	0.0	3	1.0072986664557204	17.91055202380797	230.0	36	1.05	0.95				
	315	2	151.68063905122807	30.62322050245614	0.0	0.0	3	1.036380939131296	14.524493209245849	230.0	36	1.05	0.95				
	316	2	47.848782035087716	9.569756407017543	0.0	0.0	3	1.0355909002795154	15.504217553798442	230.0	36	1.05	0.95				
	317	1	0.0	0.0	0.0	0.0	3	1.0471274494073715	15.982040954238967	230.0	37	1.05	0.95				
	318	2	159.3364441768421	32.53717178385965	0.0	0.0	3	1.0461842358006936	13.561404239608239	230.0	37	1.05	0.95				
	319	1	86.60629548350876	17.704049352982455	0.0	0.0	3	1.0328474819255506	17.344310066093986	230.0	35	1.05	0.95				
	320	1	61.24644100491228	12.440683329122807	0.0	0.0	3	1.0300815756755854	18.061625177607585	230.0	35	1.05	0.95				
	321	2	0.0	0.0	0.0	0.0	3	1.0437781494807437	14.50235357155854	230.0	37	1.05	0.95				
	322	2	0.0	0.0	0.0	0.0	3	1.05	19.41726936506844	230.0	37	1.05	0.95				
	323	2	0.0	0.0	0.0	0.0	3	1.0283358579059072	18.367220152591113	230.0	35	1.05	0.95				
	324	1	0.0	0.0	0.0	0.0	3	1.0287113000818107	15.829661998568866	230.0	36	1.05	0.95				
	325	1	0.0	0.0	0.0	0.0	3	1.0315334772116593	18.011230727228327	230.0	35	1.05	0.95				
];
