%% MATPOWER Case Format : Version 2
function mpc = RTS_GMLC
mpc.version = '2';

%%-----  Power Flow Data  -----%%
%% system MVA base
mpc.baseMVA = 100.0;
%% bus data
%    bus_i    type    Pd    Qd    Gs    Bs    area    Vm    Va    baseKV    zone    Vmax    Vmin
mpc.bus = [
	101	2	41.174665995789475	8.387431962105262	0.0	0.0	1	1.0398019301364567	3.17664280359998	138.0	11	1.05	0.95				
	102	2	36.98095001473684	7.624938147368421	0.0	0.0	1	1.0375436614341051	2.5877729561525546	138.0	12	1.05	0.95				
	103	1	68.62444332631578	14.106135572631578	0.0	0.0	1	1.0340103322963767	1.9597354176925237	138.0	11	1.05	0.95				
	104	1	28.212271145263156	5.718703610526315	0.0	0.0	1	1.0272014435675	0.15065817696681874	138.0	11	1.05	0.95				
	105	1	27.068530423157895	5.337456703157895	0.0	0.0	1	1.0394552504272299	-0.2108612976369002	138.0	11	1.05	0.95				
	106	1	51.84957940210526	10.67491340631579	0.0	-100.0	1	1.0477447875896793	-2.6267746012500752	138.0	12	1.05	0.95				
	107	2	47.65586342105263	9.531172684210526	0.0	0.0	1	1.0018610351531654	-7.551992133518581	138.0	12	1.05	0.95				
	108	1	65.19322116	13.343641757894737	0.0	0.0	1	1.0068080797896033	-6.369775555518775	138.0	12	1.05	0.95				
	109	1	66.71820878947368	13.724888665263158	0.0	0.0	1	1.0245175381883704	-1.4466946431143093	138.0	13	1.05	0.95				
	110	1	74.3431469368421	15.249876294736842	0.0	0.0	1	1.05	-2.46807250827628	138.0	13	1.05	0.95				
	111	1	0.0	0.0	0.0	0.0	1	1.0010914210773818	-0.32904895700771275	230.0	13	1.05	0.95				
	112	1	0.0	0.0	0.0	0.0	1	1.0055122260395462	-0.5560426789121401	230.0	13	1.05	0.95				
	113	3	101.03043045263158	20.587332997894737	0.0	0.0	1	0.9905967477236355	8.695691311756329e-29	230.0	14	1.05	0.95				
	114	2	73.96190002947368	14.86862938736842	0.0	0.0	1	0.9963922685920816	1.1583248279643017	230.0	16	1.05	0.95				
	115	2	120.85526963578947	24.399802071578947	0.0	0.0	1	1.031846499947163	6.39448527999775	230.0	16	1.05	0.95				
	116	2	38.124690736842105	7.624938147368421	0.0	0.0	1	1.0267681627062948	5.47644183872092	230.0	16	1.05	0.95				
	117	1	0.0	0.0	0.0	0.0	1	1.0361474155393924	8.494489439307461	230.0	17	1.05	0.95				
	118	2	126.95522015368421	25.92478970105263	0.0	0.0	1	1.0398437987117468	9.078484071430314	230.0	17	1.05	0.95				
	119	1	69.00569023368422	14.106135572631578	0.0	0.0	1	1.01708678410383	3.683417969811301	230.0	15	1.05	0.95				
	120	1	48.79960414315789	9.912419591578947	0.0	0.0	1	1.0106105042716953	2.3081026164059213	230.0	15	1.05	0.95				
	121	2	0.0	0.0	0.0	0.0	1	1.0427719123996149	10.08928021590459	230.0	17	1.05	0.95				
	122	2	0.0	0.0	0.0	0.0	1	1.05	16.188315025481163	230.0	17	1.05	0.95				
	123	2	0.0	0.0	0.0	0.0	1	1.0074560277820626	1.8504466970477906	230.0	15	1.05	0.95				
	124	1	0.0	0.0	0.0	0.0	1	1.025820212254277	4.715772716692225	230.0	16	1.05	0.95				
	201	2	38.6746419031579	7.878167795087719	0.0	0.0	2	1.0164674807156824	-8.7559894303637	138.0	21	1.05	0.95				
	202	2	34.73555800561403	7.161970722807018	0.0	0.0	2	1.0156181805001416	-8.993775247708358	138.0	22	1.05	0.95				
	203	1	64.45773650526316	13.249645837192983	0.0	0.0	2	1.0150540582391891	-6.403529530477061	138.0	21	1.05	0.95				
	204	1	26.499291674385965	5.371478042105263	0.0	0.0	2	1.014233295547827	-8.620802625448027	138.0	21	1.05	0.95				
	205	1	25.424996065964912	5.013379505964913	0.0	0.0	2	1.0290077092413406	-8.90276066762575	138.0	21	1.05	0.95				
	206	1	48.701400915087724	10.026759011929826	0.0	-100.0	2	1.0443569783373137	-9.45316075651938	138.0	22	1.05	0.95				
	207	2	44.76231701754386	8.952463403508771	0.0	0.0	2	0.9994868495358603	-13.711030206715135	138.0	22	1.05	0.95				
	208	1	61.23484967999999	12.533448764912281	0.0	0.0	2	1.0054181536748892	-12.129826592601736	138.0	22	1.05	0.95				
	209	1	62.6672438245614	12.891547301052631	0.0	0.0	2	1.022909009554604	-6.827835407266923	138.0	23	1.05	0.95				
	210	1	69.82921454736841	14.323941445614036	0.0	0.0	2	1.05	-7.895908391896289	138.0	23	1.05	0.95				
	211	1	0.0	0.0	0.0	0.0	2	0.999957491391867	-4.908370500260312	230.0	23	1.05	0.95				
	212	1	0.0	0.0	0.0	0.0	2	1.0063681183367625	-1.6689632031282369	230.0	23	1.05	0.95				
	213	2	94.89611207719297	19.33732095157895	0.0	0.0	2	0.9910654890655449	-3.552405884824294	230.0	24	1.05	0.95				
	214	2	69.47111601122806	13.965842909473682	0.0	0.0	2	0.9957192541110607	-3.4740372043020176	230.0	26	1.05	0.95				
	215	2	113.51723595649122	22.918306312982455	0.0	0.0	2	1.0134107590995216	1.443827602661889	230.0	26	1.05	0.95				
	216	2	35.809853614035084	7.161970722807018	0.0	0.0	2	1.011932160524776	0.752885268892948	230.0	26	1.05	0.95				
	217	1	0.0	0.0	0.0	0.0	2	1.0176176840765103	2.0300494437569028	230.0	27	1.05	0.95				
	218	2	119.24681253473683	24.350700457543862	0.0	0.0	2	1.0174702750174427	1.8328353900002845	230.0	27	1.05	0.95				
	219	1	64.81583504140352	13.249645837192983	0.0	0.0	2	1.0079347381582182	-0.4212828985844782	230.0	25	1.05	0.95				
	220	1	45.83661262596491	9.310561939649123	0.0	0.0	2	1.006825385372734	-0.7190867757280434	230.0	25	1.05	0.95				
	221	2	0.0	0.0	0.0	0.0	2	1.0196578238861513	2.5041067799804315	230.0	27	1.05	0.95				
	222	2	0.0	0.0	0.0	0.0	2	1.0414596510896308	8.916851204419235	230.0	27	1.05	0.95				
	223	2	0.0	0.0	0.0	0.0	2	1.0064634417641323	-0.5946830380100344	230.0	25	1.05	0.95				
	224	1	0.0	0.0	0.0	0.0	2	1.0042307889307487	-1.5302466291607837	230.0	26	1.05	0.95				
	301	2	53.043340698947375	10.805124957192982	0.0	0.0	3	1.0092604253001316	-12.625034242958366	138.0	31	1.05	0.95				
	302	2	47.640778220350875	9.822840870175439	0.0	0.0	3	1.008870063994759	-12.730703476204864	138.0	32	1.05	0.95				
	303	1	88.40556783157895	18.17225560982456	0.0	0.0	3	1.0222192995816666	-7.086417682444201	138.0	31	1.05	0.95				
	304	1	36.34451121964912	7.3671306526315785	0.0	0.0	3	1.0095254096448543	-11.02633414931879	138.0	31	1.05	0.95				
	305	1	34.87108508912281	6.875988609122807	0.0	0.0	3	1.023002949623607	-11.750381837909737	138.0	31	1.05	0.95				
	306	1	66.79531791719299	13.751977218245614	0.0	-100.0	3	1.0387670650166727	-11.829011281641016	138.0	32	1.05	0.95				
	307	2	61.39275543859649	12.278551087719299	0.0	0.0	3	0.9961838838658083	-17.156020839241926	138.0	32	1.05	0.95				
	308	1	83.98528944	17.189971522807017	0.0	0.0	3	0.999407218238557	-14.888658390642178	138.0	32	1.05	0.95				
	309	1	85.94985761403508	17.68111356631579	0.0	0.0	3	1.0262852710490693	-7.625108565498049	138.0	33	1.05	0.95				
	310	1	95.77269848421052	19.645681740350877	0.0	0.0	3	1.05	-9.297956827441894	138.0	33	1.05	0.95				
	311	1	0.0	0.0	0.0	0.0	3	1.0099736192310984	-2.887319868518163	230.0	33	1.05	0.95				
	312	1	0.0	0.0	0.0	0.0	3	1.0126709183181184	-2.4185626709920696	230.0	33	1.05	0.95				
	313	2	130.15264152982456	26.521670349473688	0.0	0.0	3	1.0185417859095622	1.936172369011785	230.0	34	1.05	0.95				
	314	2	95.28155644070175	19.154539696842107	0.0	0.0	3	1.0112750018397385	-1.4855181428545559	230.0	36	1.05	0.95				
	315	2	155.6920277922807	31.433090784561408	0.0	0.0	3	1.0244257727630066	-0.916269687245081	230.0	36	1.05	0.95				
	316	2	49.114204350877195	9.822840870175439	0.0	0.0	3	1.0246951501687531	0.0823906854893988	230.0	36	1.05	0.95				
	317	1	0.0	0.0	0.0	0.0	3	1.0289475144954594	1.2132348384289329	230.0	37	1.05	0.95				
	318	2	163.55030048842104	33.397658958596494	0.0	0.0	3	1.0251655180517123	0.12321359931603199	230.0	37	1.05	0.95				
	319	1	88.89670987508772	18.17225560982456	0.0	0.0	3	1.0253549485545819	1.4689736323464098	230.0	35	1.05	0.95				
	320	1	62.866181569122816	12.769693131228072	0.0	0.0	3	1.0267397558838354	2.311748096039321	230.0	35	1.05	0.95				
	321	2	0.0	0.0	0.0	0.0	3	1.0271664481667966	0.3534841761989306	230.0	37	1.05	0.95				
	322	2	0.0	0.0	0.0	0.0	3	1.0412567017124232	5.071371974454915	230.0	37	1.05	0.95				
	323	2	0.0	0.0	0.0	0.0	3	1.0268512248005486	2.48048018455279	230.0	35	1.05	0.95				
	324	1	0.0	0.0	0.0	0.0	3	1.0168772879555128	-2.183974493234006	230.0	36	1.05	0.95				
	325	1	0.0	0.0	0.0	0.0	3	1.0270313877606358	3.129838455464843	230.0	35	1.05	0.95				
];
