%% MATPOWER Case Format : Version 2
function mpc = RTS_GMLC
mpc.version = '2';

%%-----  Power Flow Data  -----%%
%% system MVA base
mpc.baseMVA = 100.0;
%% bus data
%    bus_i    type    Pd    Qd    Gs    Bs    area    Vm    Va    baseKV    zone    Vmax    Vmin
mpc.bus = [
	101	2	59.94507668210527	12.21103413894737	0.0	0.0	1	1.044256044646021	0.8657451858303097	138.0	11	1.05	0.95				
	102	2	53.83955961263158	11.100940126315791	0.0	0.0	1	1.0427937309033906	0.44862736661721486	138.0	12	1.05	0.95				
	103	1	99.90846113684212	20.536739233684212	0.0	0.0	1	1.029557749931751	-0.8041578788484051	138.0	11	1.05	0.95				
	104	1	41.073478467368425	8.325705094736842	0.0	0.0	1	1.0251741750301109	-2.682167375385057	138.0	11	1.05	0.95				
	105	1	39.40833744842106	7.770658088421054	0.0	0.0	1	1.0393135539404643	-2.775937259908527	138.0	11	1.05	0.95				
	106	1	75.48639285894738	15.541316176842107	0.0	-100.0	1	1.0439264824046273	-5.430274057558618	138.0	12	1.05	0.95				
	107	2	69.38087578947369	13.876175157894737	0.0	0.0	1	0.999707718558221	-11.033604720383195	138.0	12	1.05	0.95				
	108	1	94.91303808	19.42664522105263	0.0	0.0	1	0.9999257671499601	-9.888723748558432	138.0	12	1.05	0.95				
	109	1	97.13322610526316	19.981692227368423	0.0	0.0	1	1.0251425787405888	-3.681021367273568	138.0	13	1.05	0.95				
	110	1	108.23416623157895	22.201880252631582	0.0	0.0	1	1.05	-4.7677329152867785	138.0	13	1.05	0.95				
	111	1	0.0	0.0	0.0	0.0	1	1.0078938238188835	-1.3813961380534825	230.0	13	1.05	0.95				
	112	1	0.0	0.0	0.0	0.0	1	1.0111608920121826	-0.9382848086415259	230.0	13	1.05	0.95				
	113	3	147.08745667368422	29.972538341052633	0.0	0.0	1	1.0037492183475454	-5.790888350938623e-30	230.0	14	1.05	0.95				
	114	2	107.67911922526316	21.64683324631579	0.0	0.0	1	1.0074901103677916	0.3542537397695642	230.0	16	1.05	0.95				
	115	2	175.9499010021053	35.52300840421053	0.0	0.0	1	1.0385853633179463	6.782208097571083	230.0	16	1.05	0.95				
	116	2	55.50470063157895	11.100940126315791	0.0	0.0	1	1.0348599332357105	6.135130066981083	230.0	16	1.05	0.95				
	117	1	0.0	0.0	0.0	0.0	1	1.0411472570404388	8.538019032995226	230.0	17	1.05	0.95				
	118	2	184.8306531031579	37.74319642947369	0.0	0.0	1	1.0432939674933275	8.833956703113166	230.0	17	1.05	0.95				
	119	1	100.4635081431579	20.536739233684212	0.0	0.0	1	1.0278693291596355	4.891378664421775	230.0	15	1.05	0.95				
	120	1	71.04601680842106	14.431222164210528	0.0	0.0	1	1.0257685263189757	4.617929184710564	230.0	15	1.05	0.95				
	121	2	0.0	0.0	0.0	0.0	1	1.046478899270586	10.146163077629042	230.0	17	1.05	0.95				
	122	2	0.0	0.0	0.0	0.0	1	1.05	16.02312764815711	230.0	17	1.05	0.95				
	123	2	0.0	0.0	0.0	0.0	1	1.0257304237192224	4.8925980231056325	230.0	15	1.05	0.95				
	124	1	0.0	0.0	0.0	0.0	1	1.0254252858211046	3.9412106994932445	230.0	16	1.05	0.95				
	201	2	55.21548872842106	11.247599555789476	0.0	0.0	2	1.0256563818954696	-7.205878452508101	138.0	21	1.05	0.95				
	202	2	49.59168895052632	10.225090505263159	0.0	0.0	2	1.0266800927812931	-6.966763715716523	138.0	22	1.05	0.95				
	203	1	92.02581454736844	18.916417434736843	0.0	0.0	2	1.0152947536310937	-7.471678295504244	138.0	21	1.05	0.95				
	204	1	37.832834869473686	7.668817878947369	0.0	0.0	2	1.017050843088036	-8.210461089354617	138.0	21	1.05	0.95				
	205	1	36.299071293684214	7.157563353684212	0.0	0.0	2	1.0315839113485568	-8.414775709620699	138.0	21	1.05	0.95				
	206	1	69.53061543578949	14.315126707368425	0.0	-100.0	2	1.0424370208807194	-9.54003524447562	138.0	22	1.05	0.95				
	207	2	63.90681565789475	12.78136313157895	0.0	0.0	2	0.9923686372337018	-16.923552376495145	138.0	22	1.05	0.95				
	208	1	87.42452382	17.893908384210526	0.0	0.0	2	0.9951880661742004	-14.535155044506178	138.0	22	1.05	0.95				
	209	1	89.46954192105264	18.405162909473685	0.0	0.0	2	1.0241553281374338	-7.133301096585027	138.0	23	1.05	0.95				
	210	1	99.69463242631579	20.450181010526318	0.0	0.0	2	1.05	-8.005775876094512	138.0	23	1.05	0.95				
	211	1	0.0	0.0	0.0	0.0	2	1.0071501161127392	-4.443130337718394	230.0	23	1.05	0.95				
	212	1	0.0	0.0	0.0	0.0	2	1.0129729875340483	-0.4666298318062801	230.0	23	1.05	0.95				
	213	2	135.48244919473683	27.60774436421053	0.0	0.0	2	1.0046285307499878	-2.2296753522837567	230.0	24	1.05	0.95				
	214	2	99.18337790105264	19.93892648526316	0.0	0.0	2	1.006050278555318	-3.1497440507187364	230.0	26	1.05	0.95				
	215	2	162.06768450842105	32.72028961684211	0.0	0.0	2	1.0256352399358046	1.7768602271912266	230.0	26	1.05	0.95				
	216	2	51.1254525263158	10.225090505263159	0.0	0.0	2	1.0255213146012128	1.819706966748929	230.0	26	1.05	0.95				
	217	1	0.0	0.0	0.0	0.0	2	1.0303913955776045	3.0081828550227345	230.0	27	1.05	0.95				
	218	2	170.24775691263162	34.76530771789474	0.0	0.0	2	1.0292528136582393	2.4317230606124167	230.0	27	1.05	0.95				
	219	1	92.5370690726316	18.916417434736843	0.0	0.0	2	1.0248151927994735	2.2220563025185203	230.0	25	1.05	0.95				
	220	1	65.44057923368422	13.292617656842106	0.0	0.0	2	1.02821896709668	3.566664166298571	230.0	25	1.05	0.95				
	221	2	0.0	0.0	0.0	0.0	2	1.031218283075156	3.0175426431376042	230.0	27	1.05	0.95				
	222	2	0.0	0.0	0.0	0.0	2	1.05	9.507271554524182	230.0	27	1.05	0.95				
	223	2	0.0	0.0	0.0	0.0	2	1.031513113498322	4.6903166612442275	230.0	25	1.05	0.95				
	224	1	0.0	0.0	0.0	0.0	2	1.0103227664561998	-1.6855035155900218	230.0	26	1.05	0.95				
	301	2	61.67035746947369	12.562480225263158	0.0	0.0	3	1.0033558982526063	-10.955116477083621	138.0	31	1.05	0.95				
	302	2	55.38911735684211	11.420436568421053	0.0	0.0	3	1.0031407551307803	-11.027301157667171	138.0	32	1.05	0.95				
	303	1	102.78392911578949	21.127807651578948	0.0	0.0	3	1.014856446027479	-6.760239483911651	138.0	31	1.05	0.95				
	304	1	42.255615303157896	8.56532742631579	0.0	0.0	3	1.0044698343363552	-9.124945041019343	138.0	31	1.05	0.95				
	305	1	40.54254981789474	7.994305597894738	0.0	0.0	3	1.018212757187975	-9.304871317368978	138.0	31	1.05	0.95				
	306	1	77.65896866526316	15.988611195789476	0.0	-100.0	3	1.0347250887296615	-9.029560731936535	138.0	32	1.05	0.95				
	307	2	71.37772855263158	14.275545710526316	0.0	0.0	3	0.9948633031519871	-14.304988579950292	138.0	32	1.05	0.95				
	308	1	97.64473266	19.985763994736843	0.0	0.0	3	0.9990519960791124	-11.66853708669556	138.0	32	1.05	0.95				
	309	1	99.92881997368421	20.556785823157895	0.0	0.0	3	1.025355219507712	-5.235172319330963	138.0	33	1.05	0.95				
	310	1	111.34925654210525	22.840873136842106	0.0	0.0	3	1.05	-5.827922966897519	138.0	33	1.05	0.95				
	311	1	0.0	0.0	0.0	0.0	3	1.0130105516543342	0.5112152269542529	230.0	33	1.05	0.95				
	312	1	0.0	0.0	0.0	0.0	3	1.0166175776848405	1.5041425117987421	230.0	33	1.05	0.95				
	313	2	151.32078453157897	30.835178734736846	0.0	0.0	3	1.029469130621743	6.894626819863253	230.0	34	1.05	0.95				
	314	2	110.77823471368421	22.269851308421053	0.0	0.0	3	1.0146892694769079	0.916983715143891	230.0	36	1.05	0.95				
	315	2	181.01391960947367	36.54539701894737	0.0	0.0	3	1.026671919325207	-0.9430771559739776	230.0	36	1.05	0.95				
	316	2	57.102182842105265	11.420436568421053	0.0	0.0	3	1.0270340433170726	0.1517441088588691	230.0	36	1.05	0.95				
	317	1	0.0	0.0	0.0	0.0	3	1.0305690699678507	0.3503314569363934	230.0	37	1.05	0.95				
	318	2	190.15026886421055	38.82948433263158	0.0	0.0	3	1.0288057859459674	-0.14053458987601145	230.0	37	1.05	0.95				
	319	1	103.35495094421051	21.127807651578948	0.0	0.0	3	1.0272896678706014	2.085868819893988	230.0	35	1.05	0.95				
	320	1	73.09079403789474	14.846567538947369	0.0	0.0	3	1.0293740442472696	3.446674006266605	230.0	35	1.05	0.95				
	321	2	0.0	0.0	0.0	0.0	3	1.0301598200101603	0.13783071848929504	230.0	37	1.05	0.95				
	322	2	0.0	0.0	0.0	0.0	3	1.0435816111802514	4.581690472896636	230.0	37	1.05	0.95				
	323	2	0.0	0.0	0.0	0.0	3	1.0308586193144418	4.122202703899259	230.0	35	1.05	0.95				
	324	1	0.0	0.0	0.0	0.0	3	1.0165969694170034	-1.3867877789256735	230.0	36	1.05	0.95				
	325	1	0.0	0.0	0.0	0.0	3	1.0315466956595332	4.638696202555779	230.0	35	1.05	0.95				
];
