%% MATPOWER Case Format : Version 2
function mpc = RTS_GMLC
mpc.version = '2';

%%-----  Power Flow Data  -----%%
%% system MVA base
mpc.baseMVA = 100.0;
%% bus data
%    bus_i    type    Pd    Qd    Gs    Bs    area    Vm    Va    baseKV    zone    Vmax    Vmin
mpc.bus = [
	101	2	66.77189511157894	13.60168233754386	0.0	0.0	1	1.0350508124846385	0.17354197121091716	138.0	11	1.05	0.95				
	102	2	59.97105394280702	12.36516576140351	0.0	0.0	1	1.0351522253270564	0.12281847009212428	138.0	12	1.05	0.95				
	103	1	111.2864918526316	22.87555665859649	0.0	0.0	1	1.0222447415788305	-1.0607366078622094	138.0	11	1.05	0.95				
	104	1	45.75111331719298	9.27387432105263	0.0	0.0	1	1.0189662509864126	-3.119841280884032	138.0	11	1.05	0.95				
	105	1	43.896338452982455	8.655616032982458	0.0	0.0	1	1.034126105531997	-3.0550771090475304	138.0	11	1.05	0.95				
	106	1	84.08312717754387	17.311232065964916	0.0	-100.0	1	1.0404513713032084	-5.433435259611676	138.0	12	1.05	0.95				
	107	2	77.28228600877193	15.456457201754386	0.0	0.0	1	1.0402830275415427	-4.809357918582228	138.0	12	1.05	0.95				
	108	1	105.72216726	21.63904008245614	0.0	0.0	1	1.0235810200812556	-6.315987898954274	138.0	12	1.05	0.95				
	109	1	108.1952004122807	22.257298370526314	0.0	0.0	1	1.0253866782452352	-3.2795361409562998	138.0	13	1.05	0.95				
	110	1	120.56036617368422	24.73033152280702	0.0	0.0	1	1.05	-4.386794997613419	138.0	13	1.05	0.95				
	111	1	0.0	0.0	0.0	0.0	1	1.0068147134528052	-0.9149919119559705	230.0	13	1.05	0.95				
	112	1	0.0	0.0	0.0	0.0	1	1.012483293672413	-0.5025423074787309	230.0	13	1.05	0.95				
	113	3	163.8384463385965	33.38594755578947	0.0	0.0	1	1.0060134897750854	-4.38079939649084e-30	230.0	14	1.05	0.95				
	114	2	119.94210788561404	24.112073234736844	0.0	0.0	1	1.0026025495036712	1.317541404021608	230.0	16	1.05	0.95				
	115	2	195.98787731824564	39.56853043649123	0.0	0.0	1	1.0377558397347268	8.742903311846437	230.0	16	1.05	0.95				
	116	2	61.825828807017544	12.36516576140351	0.0	0.0	1	1.0339840956818367	8.160473371727415	230.0	16	1.05	0.95				
	117	1	0.0	0.0	0.0	0.0	1	1.042349243653004	11.364927400018278	230.0	17	1.05	0.95				
	118	2	205.8800099273684	42.041563588771936	0.0	0.0	1	1.046864833059595	11.89415582417887	230.0	17	1.05	0.95				
	119	1	111.90475014070176	22.87555665859649	0.0	0.0	1	1.0279406150933625	6.3634500053250775	230.0	15	1.05	0.95				
	120	1	79.13706087298246	16.074715489824563	0.0	0.0	1	1.0282657787415215	5.989628303326943	230.0	15	1.05	0.95				
	121	2	0.0	0.0	0.0	0.0	1	1.05	12.214684824362843	230.0	17	1.05	0.95				
	122	2	0.0	0.0	0.0	0.0	1	1.05	20.27765286098695	230.0	17	1.05	0.95				
	123	2	0.0	0.0	0.0	0.0	1	1.0298414578283803	6.253024504717854	230.0	15	1.05	0.95				
	124	1	0.0	0.0	0.0	0.0	1	1.0197268162797575	5.09041189456239	230.0	16	1.05	0.95				
	201	2	69.05336062736843	14.066425312982458	0.0	0.0	2	1.032807175344888	-16.17646965890088	138.0	21	1.05	0.95				
	202	2	62.020147970877204	12.787659375438597	0.0	0.0	2	1.0330096945771055	-16.30883013145142	138.0	22	1.05	0.95				
	203	1	115.08893437894739	23.657169844561405	0.0	0.0	2	1.0216422363516828	-12.068979564345115	138.0	21	1.05	0.95				
	204	1	47.31433968912281	9.590744531578949	0.0	0.0	2	1.0165346333677387	-18.462435695659334	138.0	21	1.05	0.95				
	205	1	45.396190782807025	8.95136156280702	0.0	0.0	2	1.0329929929236397	-18.938090048465632	138.0	21	1.05	0.95				
	206	1	86.95608375298247	17.90272312561404	0.0	-100.0	2	1.0396603918325953	-21.096461178755913	138.0	22	1.05	0.95				
	207	2	79.92287109649124	15.984574219298247	0.0	0.0	2	0.9829719646345015	-30.678884991857505	138.0	22	1.05	0.95				
	208	1	109.33448766000001	22.378403907017542	0.0	0.0	2	0.9832559235957501	-27.570635721419986	138.0	22	1.05	0.95				
	209	1	111.89201953508774	23.017786875789476	0.0	0.0	2	1.0228589535919994	-17.626650769451224	138.0	23	1.05	0.95				
	210	1	124.67967891052633	25.575318750877194	0.0	0.0	2	1.05	-19.71923725664523	138.0	23	1.05	0.95				
	211	1	0.0	0.0	0.0	0.0	2	1.0189748084032337	-14.240722978304786	230.0	23	1.05	0.95				
	212	1	0.0	0.0	0.0	0.0	2	1.0179571240974463	-13.665644868781104	230.0	23	1.05	0.95				
	213	2	169.4364867245614	34.52668031368422	0.0	0.0	2	1.0232167022652037	-13.330197395531929	230.0	24	1.05	0.95				
	214	2	124.04029594175441	24.93593578210527	0.0	0.0	2	1.029391373503787	-10.658067819091196	230.0	26	1.05	0.95				
	215	2	202.68440110070176	40.920510001403514	0.0	0.0	2	1.0371274822234986	-0.9283447476911463	230.0	26	1.05	0.95				
	216	2	63.93829687719299	12.787659375438597	0.0	0.0	2	1.0397249123827017	-1.6548891953014142	230.0	26	1.05	0.95				
	217	1	0.0	0.0	0.0	0.0	2	1.041357098789253	2.2056128914769095	230.0	27	1.05	0.95				
	218	2	212.91452860105267	43.47804187649123	0.0	0.0	2	1.043418046461442	2.6509187840913935	230.0	27	1.05	0.95				
	219	1	115.72831734771931	23.657169844561405	0.0	0.0	2	1.039796802724677	-3.2467591298866476	230.0	25	1.05	0.95				
	220	1	81.84102000280703	16.62395718807018	0.0	0.0	2	1.0454440999614882	-3.4180696079360384	230.0	25	1.05	0.95				
	221	2	0.0	0.0	0.0	0.0	2	1.0438931883811493	2.5154244970372255	230.0	27	1.05	0.95				
	222	2	0.0	0.0	0.0	0.0	2	1.05	8.899510227088067	230.0	27	1.05	0.95				
	223	2	0.0	0.0	0.0	0.0	2	1.0499999999221352	-3.045487203651733	230.0	25	1.05	0.95				
	224	1	0.0	0.0	0.0	0.0	2	1.0174713014374572	-5.08206531150605	230.0	26	1.05	0.95				
	301	2	68.04239165052633	13.860487188070175	0.0	0.0	3	1.0385346483312061	-17.209097820070273	138.0	31	1.05	0.95				
	302	2	61.11214805649122	12.600442898245614	0.0	0.0	3	1.0347532806513167	-17.582767690674235	138.0	32	1.05	0.95				
	303	1	113.40398608421054	23.310819361754387	0.0	0.0	3	1.05	-0.48149827490496844	138.0	31	1.05	0.95				
	304	1	46.621638723508774	9.45033217368421	0.0	0.0	3	1.0099535311061025	-15.808070900915162	138.0	31	1.05	0.95				
	305	1	44.73157228877193	8.820310028771932	0.0	0.0	3	1.0315243071549547	-17.769189048985034	138.0	31	1.05	0.95				
	306	1	85.68301170807018	17.640620057543863	0.0	-100.0	3	1.0332823044785058	-18.7998051195905	138.0	32	1.05	0.95				
	307	2	78.75276811403509	15.750553622807018	0.0	0.0	3	0.9644745275574689	-15.820369983909433	138.0	32	1.05	0.95				
	308	1	107.73378678	22.050775071929824	0.0	0.0	3	0.9731060939296953	-17.193172069701706	138.0	32	1.05	0.95				
	309	1	110.25387535964913	22.680797216842105	0.0	0.0	3	1.0115921659578075	-11.694573506072949	138.0	33	1.05	0.95				
	310	1	122.85431825789472	25.200885796491228	0.0	0.0	3	1.0399851560354252	-16.322733525584248	138.0	33	1.05	0.95				
	311	1	0.0	0.0	0.0	0.0	3	0.9984234065907648	-11.190052899847377	230.0	33	1.05	0.95				
	312	1	0.0	0.0	0.0	0.0	3	1.0038692713505457	-9.697811306146539	230.0	33	1.05	0.95				
	313	2	166.95586840175437	34.02119582526316	0.0	0.0	3	1.0017755958999879	-7.227984089776969	230.0	34	1.05	0.95				
	314	2	122.22429611298244	24.570863651578946	0.0	0.0	3	0.9959365947002533	-11.737395907320185	230.0	36	1.05	0.95				
	315	2	199.717019937193	40.321417274385965	0.0	0.0	3	1.05	-8.777908882854927	230.0	36	1.05	0.95				
	316	2	63.002214491228074	12.600442898245614	0.0	0.0	3	1.039781010944258	-8.670745411354089	230.0	36	1.05	0.95				
	317	1	0.0	0.0	0.0	0.0	3	1.0454037285110391	-7.393360357363691	230.0	37	1.05	0.95				
	318	2	209.7973742557895	42.84150585403509	0.0	0.0	3	1.0445018194417592	-7.975382598077418	230.0	37	1.05	0.95				
	319	1	114.03400822912282	23.310819361754387	0.0	0.0	3	1.029485763913227	-7.980426364210115	230.0	35	1.05	0.95				
	320	1	80.64283454877193	16.3805757677193	0.0	0.0	3	1.0261526474323288	-6.154159480637051	230.0	35	1.05	0.95				
	321	2	0.0	0.0	0.0	0.0	3	1.0480288909763278	-7.709080694088283	230.0	37	1.05	0.95				
	322	2	0.0	0.0	0.0	0.0	3	1.05	-3.2468945679979915	230.0	37	1.05	0.95				
	323	2	0.0	0.0	0.0	0.0	3	1.0266324456054716	-4.664379874703439	230.0	35	1.05	0.95				
	324	1	0.0	0.0	0.0	0.0	3	1.0472207335188333	-5.605675435064336	230.0	36	1.05	0.95				
	325	1	0.0	0.0	0.0	0.0	3	1.0230766232575403	-3.243848039946063	230.0	35	1.05	0.95				
];
