%% MATPOWER Case Format : Version 2
function mpc = RTS_GMLC
mpc.version = '2';

%%-----  Power Flow Data  -----%%
%% system MVA base
mpc.baseMVA = 100.0;
%% bus data
%    bus_i    type    Pd    Qd    Gs    Bs    area    Vm    Va    baseKV    zone    Vmax    Vmin
mpc.bus = [
	101	2	42.01632856421053	8.558881744561404	0.0	0.0	1	1.0137333542735143	-3.4879123961313154	138.0	11	1.05	0.95				
	102	2	37.73688769192983	7.780801585964914	0.0	0.0	1	1.013520117230866	-3.711734488867016	138.0	12	1.05	0.95				
	103	1	70.02721427368421	14.394482934035087	0.0	0.0	1	1.0039078177081504	0.5527166508730702	138.0	11	1.05	0.95				
	104	1	28.788965868070175	5.835601189473684	0.0	0.0	1	1.0041392882040796	-3.800410663888413	138.0	11	1.05	0.95				
	105	1	27.62184563017544	5.446561110175439	0.0	0.0	1	1.0175865707698317	-4.8342614072158465	138.0	11	1.05	0.95				
	106	1	52.90945078456141	10.893122220350879	0.0	-100.0	1	1.027680103731344	-6.063073301251126	138.0	12	1.05	0.95				
	107	2	48.630009912280705	9.726001982456141	0.0	0.0	1	0.9859568334945379	-9.785083344630209	138.0	12	1.05	0.95				
	108	1	66.52585356	13.616402775438596	0.0	0.0	1	0.9883754915865903	-8.616955339741653	138.0	12	1.05	0.95				
	109	1	68.08201387719298	14.005442854736842	0.0	0.0	1	1.0027307951262474	-3.1663870179600084	138.0	13	1.05	0.95				
	110	1	75.8628154631579	15.561603171929828	0.0	0.0	1	1.0306595120271151	-4.916464659523415	138.0	13	1.05	0.95				
	111	1	0.0	0.0	0.0	0.0	1	0.9809781220165339	-0.7727478929507422	230.0	13	1.05	0.95				
	112	1	0.0	0.0	0.0	0.0	1	0.9827419258128826	-1.4069565843422072	230.0	13	1.05	0.95				
	113	3	103.09562101403509	21.008164282105266	0.0	0.0	1	0.9637894547283703	-2.457263218548663e-28	230.0	14	1.05	0.95				
	114	2	75.47377538385966	15.17256309263158	0.0	0.0	1	0.9870725179149429	1.9824876647633463	230.0	16	1.05	0.95				
	115	2	123.32570513754386	24.898565075087724	0.0	0.0	1	0.992536803493054	9.799586194261941	230.0	16	1.05	0.95				
	116	2	38.904007929824566	7.780801585964914	0.0	0.0	1	0.9907480143460654	8.511557430267729	230.0	16	1.05	0.95				
	117	1	0.0	0.0	0.0	0.0	1	0.9952576768025165	13.483631402050866	230.0	17	1.05	0.95				
	118	2	129.5503464063158	26.454725392280704	0.0	0.0	1	1.0018355916401034	13.867562499084485	230.0	17	1.05	0.95				
	119	1	70.41625435298246	14.394482934035087	0.0	0.0	1	0.9898191095858276	5.431825378128493	230.0	15	1.05	0.95				
	120	1	49.79713015017545	10.115042061754387	0.0	0.0	1	0.9929249928424311	3.1518170287092655	230.0	15	1.05	0.95				
	121	2	0.0	0.0	0.0	0.0	1	1.0031207077067172	15.046997016547897	230.0	17	1.05	0.95				
	122	2	0.0	0.0	0.0	0.0	1	1.0149395511577215	30.575005616581613	230.0	17	1.05	0.95				
	123	2	0.0	0.0	0.0	0.0	1	0.9954198966617621	2.2218375114237294	230.0	15	1.05	0.95				
	124	1	0.0	0.0	0.0	0.0	1	0.9857279601965988	6.258507936625943	230.0	16	1.05	0.95				
	201	2	44.25059027368422	9.014009129824561	0.0	0.0	2	1.011050065560011	-10.823115670923801	138.0	21	1.05	0.95				
	202	2	39.74358570877193	8.194553754385964	0.0	0.0	2	1.0098485185559958	-11.035716844321183	138.0	22	1.05	0.95				
	203	1	73.7509837894737	15.159924445614035	0.0	0.0	2	0.9972547813254252	-8.217055190191871	138.0	21	1.05	0.95				
	204	1	30.31984889122807	6.145915315789473	0.0	0.0	2	1.0017105319887143	-10.241100934333788	138.0	21	1.05	0.95				
	205	1	29.090665828070172	5.736187628070176	0.0	0.0	2	1.0179616087802923	-10.569467702095508	138.0	21	1.05	0.95				
	206	1	55.72296552982456	11.472375256140351	0.0	-100.0	2	1.0297676332773156	-10.945739231904483	138.0	22	1.05	0.95				
	207	2	51.21596096491228	10.243192192982455	0.0	0.0	2	0.9715455790811405	-15.915534674719304	138.0	22	1.05	0.95				
	208	1	70.0634346	14.340469070175438	0.0	0.0	2	0.9804320990970908	-14.034811492918584	138.0	22	1.05	0.95				
	209	1	71.7023453508772	14.750196757894738	0.0	0.0	2	1.007328785310753	-7.844256080339569	138.0	23	1.05	0.95				
	210	1	79.89689910526316	16.38910750877193	0.0	0.0	2	1.0349762045714712	-8.962617961666565	138.0	23	1.05	0.95				
	211	1	0.0	0.0	0.0	0.0	2	0.9880721369651431	-5.462101827720058	230.0	23	1.05	0.95				
	212	1	0.0	0.0	0.0	0.0	2	0.9922635536128138	-1.1034992308094813	230.0	23	1.05	0.95				
	213	2	108.57783724561403	22.12529513684211	0.0	0.0	2	0.9858705815253845	-3.1176194657224463	230.0	24	1.05	0.95				
	214	2	79.48717141754386	15.97937982105263	0.0	0.0	2	0.9826709095632732	-4.431068377119777	230.0	26	1.05	0.95				
	215	2	129.88367700701752	26.22257201403509	0.0	0.0	2	0.99083801870764	0.08371051969657466	230.0	26	1.05	0.95				
	216	2	40.97276877192982	8.194553754385964	0.0	0.0	2	0.9899563544043385	-0.28329595780504546	230.0	26	1.05	0.95				
	217	1	0.0	0.0	0.0	0.0	2	0.9986497565026914	0.9561737926505922	230.0	27	1.05	0.95				
	218	2	136.43932001052633	27.86148276491228	0.0	0.0	2	0.999097852656445	0.5234214275228283	230.0	27	1.05	0.95				
	219	1	74.16071147719299	15.159924445614035	0.0	0.0	2	0.9873937365851754	0.2697935979900506	230.0	25	1.05	0.95				
	220	1	52.44514402807018	10.652919880701754	0.0	0.0	2	0.9882603297971503	1.6146929064078972	230.0	25	1.05	0.95				
	221	2	0.0	0.0	0.0	0.0	2	1.0014039633962888	1.1435185152530272	230.0	27	1.05	0.95				
	222	2	0.0	0.0	0.0	0.0	2	1.0198925144144786	7.404951429053889	230.0	27	1.05	0.95				
	223	2	0.0	0.0	0.0	0.0	2	0.9897847036346892	2.6928484735788354	230.0	25	1.05	0.95				
	224	1	0.0	0.0	0.0	0.0	2	0.9832055262836457	-3.0791708970668568	230.0	26	1.05	0.95				
	301	2	63.36159442105264	12.906991456140352	0.0	0.0	3	1.0108179665887795	18.444555012331048	138.0	31	1.05	0.95				
	302	2	56.908098692982456	11.73362859649123	0.0	0.0	3	1.0115002636182786	18.02836174247825	138.0	32	1.05	0.95				
	303	1	105.60265736842105	21.707212903508772	0.0	0.0	3	1.026281030839872	36.155058840519274	138.0	31	1.05	0.95				
	304	1	43.414425807017544	8.800221447368422	0.0	0.0	3	0.996049184025508	20.18812366599151	138.0	31	1.05	0.95				
	305	1	41.65438151754386	8.21354001754386	0.0	0.0	3	1.0141519769988552	17.230277521241707	138.0	31	1.05	0.95				
	306	1	79.78867445614036	16.42708003508772	0.0	-100.0	3	1.0227674120393675	15.871528428244781	138.0	32	1.05	0.95				
	307	2	73.33517872807018	14.667035745614035	0.0	0.0	3	0.9590979039093107	9.836110440781086	138.0	32	1.05	0.95				
	308	1	100.32252449999999	20.533850043859648	0.0	0.0	3	0.9631374901690984	12.759483245295046	138.0	32	1.05	0.95				
	309	1	102.66925021929825	21.12053147368421	0.0	0.0	3	1.0045274093899528	24.469347580067954	138.0	33	1.05	0.95				
	310	1	114.40287881578948	23.46725719298246	0.0	0.0	3	1.0323420142467048	17.931295609124273	138.0	33	1.05	0.95				
	311	1	0.0	0.0	0.0	0.0	3	0.9979092331226825	24.17900486265163	230.0	33	1.05	0.95				
	312	1	0.0	0.0	0.0	0.0	3	1.001434535463384	23.9915183800203	230.0	33	1.05	0.95				
	313	2	155.47057890350877	31.68079721052632	0.0	0.0	3	1.006454759344102	27.34085450911304	230.0	34	1.05	0.95				
	314	2	113.81619738596491	22.880575763157896	0.0	0.0	3	0.9979335183548491	24.43358912885396	230.0	36	1.05	0.95				
	315	2	185.97801325438596	37.54761150877193	0.0	0.0	3	1.0070289960176477	25.48601117218846	230.0	36	1.05	0.95				
	316	2	58.66814298245614	11.73362859649123	0.0	0.0	3	1.000205688370496	25.389943033384625	230.0	36	1.05	0.95				
	317	1	0.0	0.0	0.0	0.0	3	1.0127419990673152	27.99569726751881	230.0	37	1.05	0.95				
	318	2	195.36491613157895	39.89433722807018	0.0	0.0	3	1.0069071826603637	24.586831121729478	230.0	37	1.05	0.95				
	319	1	106.18933879824561	21.707212903508772	0.0	0.0	3	1.0035119474894303	24.96446054530962	230.0	35	1.05	0.95				
	320	1	75.09522301754386	15.253717175438597	0.0	0.0	3	1.0079080758256371	24.22461700625864	230.0	35	1.05	0.95				
	321	2	0.0	0.0	0.0	0.0	3	1.0142323441421293	25.495116822500783	230.0	37	1.05	0.95				
	322	2	0.0	0.0	0.0	0.0	3	1.0298957842011907	30.491538909990947	230.0	37	1.05	0.95				
	323	2	0.0	0.0	0.0	0.0	3	1.0104203688119684	23.756881798019325	230.0	35	1.05	0.95				
	324	1	0.0	0.0	0.0	0.0	3	1.0134807120038651	31.319537096666547	230.0	36	1.05	0.95				
