%% MATPOWER Case Format : Version 2
function mpc = RTS_GMLC
mpc.version = '2';

%%-----  Power Flow Data  -----%%
%% system MVA base
mpc.baseMVA = 100.0;
%% bus data
%    bus_i    type    Pd    Qd    Gs    Bs    area    Vm    Va    baseKV    zone    Vmax    Vmin
mpc.bus = [
	101	2	37.808015832	7.701632854666666	0.0	0.0	1	1.0135015778263277	1.3470645031329385	138.0	11	1.05	0.95				
	102	2	33.95719940466667	7.001484413333333	0.0	0.0	1	1.0110887901840686	0.6720511037023493	138.0	12	1.05	0.95				
	103	1	63.01335972	12.952746164666667	0.0	0.0	1	1.0288190320488	3.271017895701371	138.0	11	1.05	0.95				
	104	1	25.905492329333335	5.251113309999999	0.0	0.0	1	1.0133504595370537	-1.1008010006653504	138.0	11	1.05	0.95				
	105	1	24.85526966733333	4.9010390893333335	0.0	0.0	1	1.0271222487704443	-1.09943365046361	138.0	11	1.05	0.95				
	106	1	47.61009401066667	9.802078178666667	0.0	-100.0	1	1.0428309144274215	-2.976088939491464	138.0	12	1.05	0.95				
	107	2	43.759277583333336	8.751855516666666	0.0	0.0	1	0.983659484508094	-9.015386940018011	138.0	12	1.05	0.95				
	108	1	59.862691733999995	12.252597723333333	0.0	0.0	1	0.9963406341210388	-7.000712695835837	138.0	12	1.05	0.95				
	109	1	61.26298861666667	12.602671943999999	0.0	0.0	1	1.0246287766104243	-1.0771803597965957	138.0	13	1.05	0.95				
	110	1	68.26447302999999	14.002968826666667	0.0	0.0	1	1.05	-2.414646742030129	138.0	13	1.05	0.95				
	111	1	0.0	0.0	0.0	0.0	1	1.0128475616393684	1.0689727117271581	230.0	13	1.05	0.95				
	112	1	0.0	0.0	0.0	0.0	1	1.0099433891977974	-0.10522068600127144	230.0	13	1.05	0.95				
	113	3	92.76966847666665	18.904007916	0.0	0.0	1	0.9873225773659544	-3.666361207009235e-29	230.0	14	1.05	0.95				
	114	2	67.91439880933333	13.652894605999998	0.0	0.0	1	1.037664927682838	4.767057395873177	230.0	16	1.05	0.95				
	115	2	110.97352795133332	22.404750122666666	0.0	0.0	1	1.04293905969352	14.008514897721655	230.0	16	1.05	0.95				
	116	2	35.00742206666666	7.001484413333333	0.0	0.0	1	1.0417446838847475	12.20737822154629	230.0	16	1.05	0.95				
	117	1	0.0	0.0	0.0	0.0	1	1.0412010988980733	18.08037338069279	230.0	17	1.05	0.95				
	118	2	116.574715482	23.805047005333336	0.0	0.0	1	1.05	18.62596283015826	230.0	17	1.05	0.95				
	119	1	63.36343394066667	12.952746164666667	0.0	0.0	1	1.0366292178256915	7.9832537992964525	230.0	15	1.05	0.95				
	120	1	44.80950024533333	9.101929737333334	0.0	0.0	1	1.0382293294222893	4.974380282886356	230.0	15	1.05	0.95				
	121	2	0.0	0.0	0.0	0.0	1	1.0433380254174283	20.03953947326386	230.0	17	1.05	0.95				
	122	2	0.0	0.0	0.0	0.0	1	1.05	38.00010167756953	230.0	17	1.05	0.95				
	123	2	0.0	0.0	0.0	0.0	1	1.0400060000738391	3.5875368540882375	230.0	15	1.05	0.95				
	124	1	0.0	0.0	0.0	0.0	1	1.0242272611412282	10.00016197050585	230.0	16	1.05	0.95				
	201	2	44.777585406315794	9.121359990175439	0.0	0.0	2	1.0127228016735514	-15.337291201778877	138.0	21	1.05	0.95				
	202	2	40.21690541122807	8.292145445614036	0.0	0.0	2	1.0119214044086802	-15.63574252963521	138.0	22	1.05	0.95				
	203	1	74.62930901052633	15.340469074385965	0.0	0.0	2	1.0104524436348492	-10.779004860152204	138.0	21	1.05	0.95				
	204	1	30.68093814877193	6.219109084210526	0.0	0.0	2	1.0108436154521	-15.193416300064037	138.0	21	1.05	0.95				
	205	1	29.437116331929825	5.804501811929826	0.0	0.0	2	1.0263113040750858	-15.683825059290744	138.0	21	1.05	0.95				
	206	1	56.38658903017545	11.609003623859651	0.0	-100.0	2	1.0418194504109903	-16.39853105721306	138.0	22	1.05	0.95				
	207	2	51.825909035087726	10.365181807017544	0.0	0.0	2	0.9952600783380575	-21.355128198622218	138.0	22	1.05	0.95				
	208	1	70.89784356	14.51125452982456	0.0	0.0	2	1.000496498495008	-19.481202910125248	138.0	22	1.05	0.95				
	209	1	72.5562726491228	14.925861802105263	0.0	0.0	2	1.021994260595352	-13.110366758364526	138.0	23	1.05	0.95				
	210	1	80.84841809473684	16.584290891228072	0.0	0.0	2	1.05	-14.695245346609115	138.0	23	1.05	0.95				
	211	1	0.0	0.0	0.0	0.0	2	1.0080192526066667	-10.017655957544813	230.0	23	1.05	0.95				
	212	1	0.0	0.0	0.0	0.0	2	1.0081603047508503	-9.14379365420739	230.0	23	1.05	0.95				
	213	2	109.87092715438595	22.388792703157897	0.0	0.0	2	1.004620529511492	-8.492705444972193	230.0	24	1.05	0.95				
	214	2	80.43381082245614	16.16968361894737	0.0	0.0	2	1.0121934600216984	-7.384865751462696	230.0	26	1.05	0.95				
	215	2	131.43050531298246	26.534865425964917	0.0	0.0	2	1.023486739991067	-0.9486711985486413	230.0	26	1.05	0.95				
	216	2	41.460727228070176	8.292145445614036	0.0	0.0	2	1.0267635757435112	-1.1241419635153338	230.0	26	1.05	0.95				
	217	1	0.0	0.0	0.0	0.0	2	1.0331748145467854	0.5584880760880658	230.0	27	1.05	0.95				
	218	2	138.0642216694737	28.193294515087725	0.0	0.0	2	1.031426901955139	0.030392084206218195	230.0	27	1.05	0.95				
	219	1	75.04391628280702	15.340469074385965	0.0	0.0	2	1.0265940670296885	-1.0603682993153416	230.0	25	1.05	0.95				
	220	1	53.06973085192983	10.779789079298247	0.0	0.0	2	1.0291678946140277	-0.1966073951504668	230.0	25	1.05	0.95				
	221	2	0.0	0.0	0.0	0.0	2	1.0318211957702519	0.5071855946653696	230.0	27	1.05	0.95				
	222	2	0.0	0.0	0.0	0.0	2	1.05	7.022308595983799	230.0	27	1.05	0.95				
	223	2	0.0	0.0	0.0	0.0	2	1.0313082887935658	0.5935015428670902	230.0	25	1.05	0.95				
	224	1	0.0	0.0	0.0	0.0	2	1.0065212671691897	-4.619723342898535	230.0	26	1.05	0.95				
	301	2	52.90667511157895	10.777285670877193	0.0	0.0	3	1.0095697644879955	-7.394799678917914	138.0	31	1.05	0.95				
	302	2	47.51803227614035	9.797532428070177	0.0	0.0	3	1.009147458066101	-7.471343525792917	138.0	32	1.05	0.95				
	303	1	88.17779185263159	18.125434991929826	0.0	0.0	3	1.0237511316646986	-1.4695890388254187	138.0	31	1.05	0.95				
	304	1	36.25086998385965	7.348149321052631	0.0	0.0	3	1.0114154849832482	-5.158250479363116	138.0	31	1.05	0.95				
	305	1	34.78124011964912	6.858272699649123	0.0	0.0	3	1.0233508068433623	-6.866516272811338	138.0	31	1.05	0.95				
	306	1	66.6232205108772	13.716545399298246	0.0	-100.0	3	1.0389313240207878	-7.1216367065323425	138.0	32	1.05	0.95				
	307	2	61.234577675438594	12.24691553508772	0.0	0.0	3	0.9958035377514377	-11.911736711307329	138.0	32	1.05	0.95				
	308	1	83.76890226	17.145681749122808	0.0	0.0	3	0.9992931228070471	-9.653278017489717	138.0	32	1.05	0.95				
	309	1	85.72840874561403	17.635558370526315	0.0	0.0	3	1.0302588442852203	-1.2895314476598871	138.0	33	1.05	0.95				
	310	1	95.52594117368422	19.595064856140354	0.0	0.0	3	1.05	-4.763584364335591	138.0	33	1.05	0.95				
	311	1	0.0	0.0	0.0	0.0	3	1.012051114580568	1.541453332899534	230.0	33	1.05	0.95				
	312	1	0.0	0.0	0.0	0.0	3	1.0122453686228903	1.8693123670910021	230.0	33	1.05	0.95				
	313	2	129.81730467192983	26.453337555789474	0.0	0.0	3	1.011215271917068	4.6588592843515695	230.0	34	1.05	0.95				
	314	2	95.0360645522807	19.105188234736843	0.0	0.0	3	1.0171309531574781	3.470872100234989	230.0	36	1.05	0.95				
	315	2	155.29088898491227	31.352103769824563	0.0	0.0	3	1.0403810357497056	8.423490904114908	230.0	36	1.05	0.95				
	316	2	48.98766214035088	9.797532428070177	0.0	0.0	3	1.0393592990417397	9.13291839396784	230.0	36	1.05	0.95				
	317	1	0.0	0.0	0.0	0.0	3	1.05	14.675212857644562	230.0	37	1.05	0.95				
	318	2	163.12891492736844	33.3116102554386	0.0	0.0	3	1.044143845813628	11.587618573866445	230.0	37	1.05	0.95				
	319	1	88.6676684740351	18.125434991929826	0.0	0.0	3	1.030536080438545	7.7581563295037785	230.0	35	1.05	0.95				
	320	1	62.704207539649126	12.736792156491228	0.0	0.0	3	1.0267085237791502	7.497948310419005	230.0	35	1.05	0.95				
	321	2	0.0	0.0	0.0	0.0	3	1.0445889705335285	11.194592314969475	230.0	37	1.05	0.95				
	322	2	0.0	0.0	0.0	0.0	3	1.05	16.902838577365845	230.0	37	1.05	0.95				
	323	2	0.0	0.0	0.0	0.0	3	1.0254097777020996	7.731310895038575	230.0	35	1.05	0.95				
	324	1	0.0	0.0	0.0	0.0	3	1.0217963234624987	4.741489066822426	230.0	36	1.05	0.95				
	325	1	0.0	0.0	0.0	0.0	3	1.023817353597846	8.77194678292805	230.0	35	1.05	0.95				
];
