%% MATPOWER Case Format : Version 2
function mpc = RTS_GMLC
mpc.version = '2';

%%-----  Power Flow Data  -----%%
%% system MVA base
mpc.baseMVA = 100.0;
%% bus data
%    bus_i    type    Pd    Qd    Gs    Bs    area    Vm    Va    baseKV    zone    Vmax    Vmin
mpc.bus = [
	101	2	85.10143494315791	17.335477488421056	0.0	0.0	1	1.035900974204424	-2.637777767368921	138.0	11	1.05	0.95				
	102	2	76.43369619894737	15.759524989473686	0.0	0.0	1	1.035544583343835	-2.8113804121041457	138.0	12	1.05	0.95				
	103	1	141.83572490526316	29.155121230526316	0.0	0.0	1	1.021610614719795	-2.860595335660092	138.0	11	1.05	0.95				
	104	1	58.31024246105263	11.819643742105264	0.0	0.0	1	1.0173039816953344	-5.846377104688061	138.0	11	1.05	0.95				
	105	1	55.94631371263158	11.03166749263158	0.0	0.0	1	1.032247155445639	-5.9741666940439275	138.0	11	1.05	0.95				
	106	1	107.16476992842108	22.06333498526316	0.0	-100.0	1	1.035575940064226	-8.579204090932123	138.0	12	1.05	0.95				
	107	2	98.49703118421054	19.69940623684211	0.0	0.0	1	1.05	-6.426869825867273	138.0	12	1.05	0.95				
	108	1	134.74393866	27.579168731578946	0.0	0.0	1	1.0245499941845164	-8.720009050300463	138.0	12	1.05	0.95				
	109	1	137.89584365789474	28.367144981052633	0.0	0.0	1	1.026982680175752	-5.346996225454691	138.0	13	1.05	0.95				
	110	1	153.65536864736845	31.519049978947372	0.0	0.0	1	1.05	-6.882990140238939	138.0	13	1.05	0.95				
	111	1	0.0	0.0	0.0	0.0	1	1.0151772333963824	-2.175920125209918	230.0	13	1.05	0.95				
	112	1	0.0	0.0	0.0	0.0	1	1.0174181059987701	-1.445479359047084	230.0	13	1.05	0.95				
	113	3	208.8137061105263	42.550717471578956	0.0	0.0	1	1.018555356379996	-1.476418362701516e-28	230.0	14	1.05	0.95				
	114	2	152.86739239789475	30.73107372947369	0.0	0.0	1	1.018293725762286	-0.11328605729640052	230.0	16	1.05	0.95				
	115	2	249.7884710831579	50.4304799663158	0.0	0.0	1	1.044113106477667	8.24705556125534	230.0	16	1.05	0.95				
	116	2	78.79762494736843	15.759524989473686	0.0	0.0	1	1.042952707295892	7.574045564858742	230.0	16	1.05	0.95				
	117	1	0.0	0.0	0.0	0.0	1	1.046560609450722	11.11705728452386	230.0	17	1.05	0.95				
	118	2	262.39609107473683	53.58238496421054	0.0	0.0	1	1.049470282412713	11.816511185107778	230.0	17	1.05	0.95				
	119	1	142.62370115473686	29.155121230526316	0.0	0.0	1	1.0369089936175637	5.973900898201478	230.0	15	1.05	0.95				
	120	1	100.8609599326316	20.48738248631579	0.0	0.0	1	1.038420639605851	5.822586931022091	230.0	15	1.05	0.95				
	121	2	0.0	0.0	0.0	0.0	1	1.05	12.810230806102675	230.0	17	1.05	0.95				
	122	2	0.0	0.0	0.0	0.0	1	1.05	20.241339367664313	230.0	17	1.05	0.95				
	123	2	0.0	0.0	0.0	0.0	1	1.0414315082762833	6.321682775650957	230.0	15	1.05	0.95				
	124	1	0.0	0.0	0.0	0.0	1	1.0217875790421336	4.1334313932481415	230.0	16	1.05	0.95				
	201	2	91.15315597894737	18.568235477192978	0.0	0.0	2	1.0430331652460092	-15.586312368071345	138.0	21	1.05	0.95				
	202	2	81.86903824035086	16.880214070175438	0.0	0.0	2	1.0456985114795307	-15.72567756999609	138.0	22	1.05	0.95				
	203	1	151.92192663157894	31.228396029824555	0.0	0.0	2	1.0242938592308368	-11.14109249118982	138.0	21	1.05	0.95				
	204	1	62.45679205964911	12.660160552631577	0.0	0.0	2	1.0198127440633522	-16.81843691879285	138.0	21	1.05	0.95				
	205	1	59.924759949122794	11.816149849122807	0.0	0.0	2	1.0357669547924333	-17.378796772755503	138.0	21	1.05	0.95				
	206	1	114.78545567719299	23.632299698245614	0.0	-100.0	2	1.0371775211787146	-19.181741457350544	138.0	22	1.05	0.95				
	207	2	105.50133793859648	21.100267587719294	0.0	0.0	2	0.95	-30.05305000742519	138.0	22	1.05	0.95				
	208	1	144.32583029999998	29.540374622807015	0.0	0.0	2	0.9552730626180559	-26.49384362399351	138.0	22	1.05	0.95				
	209	1	147.70187311403507	30.384385326315783	0.0	0.0	2	1.02591521268448	-14.31225690875069	138.0	23	1.05	0.95				
	210	1	164.5820871842105	33.760428140350875	0.0	0.0	2	1.05	-16.556580284888682	138.0	23	1.05	0.95				
	211	1	0.0	0.0	0.0	0.0	2	1.0334580783344152	-9.93403671600781	230.0	23	1.05	0.95				
	212	1	0.0	0.0	0.0	0.0	2	1.027837392619726	-5.726725426202502	230.0	23	1.05	0.95				
	213	2	223.66283642982455	45.576577989473684	0.0	0.0	2	1.05	-6.975563079834584	230.0	24	1.05	0.95				
	214	2	163.73807648070172	32.9164174368421	0.0	0.0	2	1.05	-7.274701134075486	230.0	26	1.05	0.95				
	215	2	267.5513930122807	54.0166850245614	0.0	0.0	2	1.0443870398026756	2.1345531094856516	230.0	26	1.05	0.95				
	216	2	84.40107035087718	16.880214070175438	0.0	0.0	2	1.048235477163697	1.7115589316351636	230.0	26	1.05	0.95				
	217	1	0.0	0.0	0.0	0.0	2	1.0488694535473875	5.089737233894916	230.0	27	1.05	0.95				
	218	2	281.055564268421	57.39272783859649	0.0	0.0	2	1.05	5.740235412867744	230.0	27	1.05	0.95				
	219	1	152.7659373350877	31.228396029824555	0.0	0.0	2	1.042719721244995	1.0522424537204271	230.0	25	1.05	0.95				
	220	1	108.0333700491228	21.944278291228066	0.0	0.0	2	1.0456143530285054	2.0565026815013145	230.0	25	1.05	0.95				
	221	2	0.0	0.0	0.0	0.0	2	1.05	6.264254873246255	230.0	27	1.05	0.95				
	222	2	0.0	0.0	0.0	0.0	2	1.05	12.315278100636158	230.0	27	1.05	0.95				
	223	2	0.0	0.0	0.0	0.0	2	1.05	3.218843738694169	230.0	25	1.05	0.95				
	224	1	0.0	0.0	0.0	0.0	2	1.0200075734799214	-2.79796812478035	230.0	26	1.05	0.95				
	301	2	74.8756722694737	15.252451758596491	0.0	0.0	3	1.002428794656049	-11.273688470955634	138.0	31	1.05	0.95				
	302	2	67.24944639017544	13.865865235087721	0.0	0.0	3	1.0026041573233664	-11.383354615142805	138.0	32	1.05	0.95				
	303	1	124.79278711578947	25.65185068491228	0.0	0.0	3	1.0138104691534537	-5.470644681539623	138.0	31	1.05	0.95				
	304	1	51.30370136982456	10.39939892631579	0.0	0.0	3	0.9986234146879194	-8.969384966020609	138.0	31	1.05	0.95				
	305	1	49.2238215845614	9.706105664561406	0.0	0.0	3	1.0124985111266798	-9.290211024442568	138.0	31	1.05	0.95				
	306	1	94.2878835985965	19.41221132912281	0.0	-100.0	3	1.0259372521911807	-8.944537658713415	138.0	32	1.05	0.95				
	307	2	86.66165771929825	17.33233154385965	0.0	0.0	3	0.9848489447303116	-15.285299114856329	138.0	32	1.05	0.95				
	308	1	118.55314776000002	24.265264161403508	0.0	0.0	3	0.9872728380503615	-11.96570250815878	138.0	32	1.05	0.95				
	309	1	121.32632080701755	24.958557423157895	0.0	0.0	3	1.0211971930157833	-4.136689084922531	138.0	33	1.05	0.95				
	310	1	135.19218604210525	27.731730470175442	0.0	0.0	3	1.0440079630742385	-5.058341579676386	138.0	33	1.05	0.95				
	311	1	0.0	0.0	0.0	0.0	3	1.0145334388656986	2.7616067261361783	230.0	33	1.05	0.95				
	312	1	0.0	0.0	0.0	0.0	3	1.0165260970242833	3.790000359481372	230.0	33	1.05	0.95				
	313	2	183.72271436491226	37.43783613473685	0.0	0.0	3	1.0382857027620205	9.963615746224724	230.0	34	1.05	0.95				
	314	2	134.49889278035087	27.03843720842106	0.0	0.0	3	1.022947752060779	3.611053968398437	230.0	36	1.05	0.95				
	315	2	219.77396397614038	44.3707687522807	0.0	0.0	3	1.0420341572410914	2.966634985248883	230.0	36	1.05	0.95				
	316	2	69.3293261754386	13.865865235087721	0.0	0.0	3	1.040219322168828	3.8938839042715117	230.0	36	1.05	0.95				
	317	1	0.0	0.0	0.0	0.0	3	1.044558440675979	4.4916189611876165	230.0	37	1.05	0.95				
	318	2	230.86665616421053	47.14394179929825	0.0	0.0	3	1.0439669132382952	3.971211610059769	230.0	37	1.05	0.95				
	319	1	125.48608037754387	25.65185068491228	0.0	0.0	3	1.0375865765159509	5.310245040718698	230.0	35	1.05	0.95				
	320	1	88.7415375045614	18.025624805614036	0.0	0.0	3	1.0383707892170913	6.512000040178908	230.0	35	1.05	0.95				
	321	2	0.0	0.0	0.0	0.0	3	1.0465481980534999	5.157431365976486	230.0	37	1.05	0.95				
	322	2	0.0	0.0	0.0	0.0	3	1.05	9.230517293114143	230.0	37	1.05	0.95				
	323	2	0.0	0.0	0.0	0.0	3	1.039347680016559	7.087008241077262	230.0	35	1.05	0.95				
	324	1	0.0	0.0	0.0	0.0	3	1.023198793130877	1.6828107009277768	230.0	36	1.05	0.95				
	325	1	0.0	0.0	0.0	0.0	3	1.0397158605200745	7.573483655421531	230.0	35	1.05	0.95				
];
