%% MATPOWER Case Format : Version 2
function mpc = RTS_GMLC
mpc.version = '2';

%%-----  Power Flow Data  -----%%
%% system MVA base
mpc.baseMVA = 100.0;
%% bus data
%    bus_i    type    Pd    Qd    Gs    Bs    area    Vm    Va    baseKV    zone    Vmax    Vmin
mpc.bus = [
	101	2	36.258287976000005	7.385947550666666	0.0	0.0	1	1.033263638960515	3.8619157711708745	138.0	11	1.05	0.95				
	102	2	32.56531420066667	6.714497773333333	0.0	0.0	1	1.0323921181494573	3.6176742527759287	138.0	12	1.05	0.95				
	103	1	60.43047996000001	12.421820880666665	0.0	0.0	1	1.0298854375896276	1.5689385097233695	138.0	11	1.05	0.95				
	104	1	24.84364176133333	5.03587333	0.0	0.0	1	1.0225299927271316	0.42838495253281605	138.0	11	1.05	0.95				
	105	1	23.836467095333333	4.700148441333334	0.0	0.0	1	1.0369116138874752	0.728315201738077	138.0	11	1.05	0.95				
	106	1	45.658584858666664	9.400296882666668	0.0	-100.0	1	1.0478041532671967	-1.4234760505297437	138.0	12	1.05	0.95				
	107	2	41.96561108333333	8.393122216666667	0.0	0.0	1	1.0007727727377786	-6.895404069682884	138.0	12	1.05	0.95				
	108	1	57.40895596199999	11.750371103333332	0.0	0.0	1	1.0074076956707676	-5.479656717442713	138.0	12	1.05	0.95				
	109	1	58.751855516666666	12.086095991999999	0.0	0.0	1	1.0244004106402802	-0.8155981939263511	138.0	13	1.05	0.95				
	110	1	65.46635329	13.428995546666666	0.0	0.0	1	1.05	-1.3881684941304793	138.0	13	1.05	0.95				
	111	1	0.0	0.0	0.0	0.0	1	1.000673841674234	0.3956108888609176	230.0	13	1.05	0.95				
	112	1	0.0	0.0	0.0	0.0	1	1.0057141556430873	0.5550023487291106	230.0	13	1.05	0.95				
	113	3	88.96709549666666	18.129143988000003	0.0	0.0	1	0.9887326140804998	-7.0123817292746705e-31	230.0	14	1.05	0.95				
	114	2	65.13062840133334	13.093270658	0.0	0.0	1	0.9967603985507202	2.376665255565981	230.0	16	1.05	0.95				
	115	2	106.42478970733333	21.486392874666667	0.0	0.0	1	1.0339396757434	7.2806200969292405	230.0	16	1.05	0.95				
	116	2	33.57248886666667	6.714497773333333	0.0	0.0	1	1.0295294031516518	7.059543005148257	230.0	16	1.05	0.95				
	117	1	0.0	0.0	0.0	0.0	1	1.0386708056725678	9.15332196032682	230.0	17	1.05	0.95				
	118	2	111.796387926	22.829292429333332	0.0	0.0	1	1.0420274797293534	9.185087638273563	230.0	17	1.05	0.95				
	119	1	60.766204848666675	12.421820880666665	0.0	0.0	1	1.0227580464473722	5.93729389327607	230.0	15	1.05	0.95				
	120	1	42.97278574933333	8.728847105333333	0.0	0.0	1	1.0188707564753794	5.616854333369448	230.0	15	1.05	0.95				
	121	2	0.0	0.0	0.0	0.0	1	1.0461603385734934	9.986978717016065	230.0	17	1.05	0.95				
	122	2	0.0	0.0	0.0	0.0	1	1.05	17.320947046146447	230.0	17	1.05	0.95				
	123	2	0.0	0.0	0.0	0.0	1	1.0168338616099946	5.705969627354277	230.0	15	1.05	0.95				
	124	1	0.0	0.0	0.0	0.0	1	1.0244814394675008	5.133437392090794	230.0	16	1.05	0.95				
	201	2	38.198646303157894	7.781205728421052	0.0	0.0	2	1.019921656269536	-8.936853431944002	138.0	21	1.05	0.95				
	202	2	34.308043438947365	7.0738233894736835	0.0	0.0	2	1.0198712373072767	-8.995296510667956	138.0	22	1.05	0.95				
	203	1	63.664410505263156	13.086573270526314	0.0	0.0	2	1.0163135402634154	-7.006543006512329	138.0	21	1.05	0.95				
	204	1	26.173146541052628	5.305367542105262	0.0	0.0	2	1.0160753701705594	-9.762068234274247	138.0	21	1.05	0.95				
	205	1	25.112073032631578	4.951676372631579	0.0	0.0	2	1.030839597613118	-10.053980623841936	138.0	21	1.05	0.95				
	206	1	48.10199904842105	9.903352745263158	0.0	-100.0	2	1.0453200875643336	-11.078328879863868	138.0	22	1.05	0.95				
	207	2	44.21139618421052	8.842279236842105	0.0	0.0	2	0.9957955090849947	-15.714525658004343	138.0	22	1.05	0.95				
	208	1	60.481189979999996	12.379190931578945	0.0	0.0	2	1.0033153801589996	-14.168497329169716	138.0	22	1.05	0.95				
	209	1	61.89595465789473	12.732882101052631	0.0	0.0	2	1.0222645270360462	-8.91831658548173	138.0	23	1.05	0.95				
	210	1	68.96977804736841	14.147646778947367	0.0	0.0	2	1.05	-10.03961522135333	138.0	23	1.05	0.95				
	211	1	0.0	0.0	0.0	0.0	2	1.0016812264725563	-6.5678826556773515	230.0	23	1.05	0.95				
	212	1	0.0	0.0	0.0	0.0	2	1.0056471897185233	-6.07268514499029	230.0	23	1.05	0.95				
	213	2	93.7281599105263	19.099323151578947	0.0	0.0	2	0.9942335204975206	-5.634527864096365	230.0	24	1.05	0.95				
	214	2	68.61608687789473	13.793955609473683	0.0	0.0	2	0.9996597571102537	-4.324364519251753	230.0	26	1.05	0.95				
	215	2	112.12010072315788	22.636234846315787	0.0	0.0	2	1.0167733923284086	1.1627974493212219	230.0	26	1.05	0.95				
	216	2	35.36911694736842	7.0738233894736835	0.0	0.0	2	1.018051658574413	0.9788690599970968	230.0	26	1.05	0.95				
	217	1	0.0	0.0	0.0	0.0	2	1.023406187644712	2.7776059926051757	230.0	27	1.05	0.95				
	218	2	117.77915943473683	24.050999524210525	0.0	0.0	2	1.0228459555271672	2.3275656467346066	230.0	27	1.05	0.95				
	219	1	64.01810167473684	13.086573270526314	0.0	0.0	2	1.0183100749754321	0.4507737208514439	230.0	25	1.05	0.95				
	220	1	45.272469692631574	9.195970406315789	0.0	0.0	2	1.0205777397659737	0.6963067442630366	230.0	25	1.05	0.95				
	221	2	0.0	0.0	0.0	0.0	2	1.024464896911572	2.7471905909073153	230.0	27	1.05	0.95				
	222	2	0.0	0.0	0.0	0.0	2	1.0465866903594476	9.292245925839453	230.0	27	1.05	0.95				
	223	2	0.0	0.0	0.0	0.0	2	1.022093353227951	1.1072844827590822	230.0	25	1.05	0.95				
	224	1	0.0	0.0	0.0	0.0	2	1.0064365861813283	-1.9263668968253682	230.0	26	1.05	0.95				
	301	2	44.24549191578947	9.012970575438596	0.0	0.0	3	1.0103769564434095	-16.83337648585725	138.0	31	1.05	0.95				
	302	2	39.739006628070165	8.193609614035086	0.0	0.0	3	1.0101241742890796	-17.034198629460615	138.0	32	1.05	0.95				
	303	1	73.74248652631579	15.15817778596491	0.0	0.0	3	1.0352200618783518	-8.778943279695946	138.0	31	1.05	0.95				
	304	1	30.31635557192982	6.145207210526315	0.0	0.0	3	1.0118208416301395	-15.918612843906592	138.0	31	1.05	0.95				
	305	1	29.087314129824556	5.735526729824561	0.0	0.0	3	1.0251401954420782	-16.93100435191245	138.0	31	1.05	0.95				
	306	1	55.7165453754386	11.471053459649122	0.0	-100.0	3	1.0415325903378114	-17.486387423322174	138.0	32	1.05	0.95				
	307	2	51.21006008771929	10.242012017543859	0.0	0.0	3	0.9933304817985957	-21.81555184748072	138.0	32	1.05	0.95				
	308	1	70.05536219999999	14.338816824561402	0.0	0.0	3	1.0003189358071785	-19.98740371572996	138.0	32	1.05	0.95				
	309	1	71.69408412280701	14.748497305263156	0.0	0.0	3	1.025560999068278	-13.321435054831577	138.0	33	1.05	0.95				
	310	1	79.8876937368421	16.387219228070173	0.0	0.0	3	1.05	-15.707700170875489	138.0	33	1.05	0.95				
	311	1	0.0	0.0	0.0	0.0	3	1.0058427680151247	-10.959394545796643	230.0	33	1.05	0.95				
	312	1	0.0	0.0	0.0	0.0	3	1.0112847571276338	-10.184976252285663	230.0	33	1.05	0.95				
	313	2	108.56532738596489	22.122745957894736	0.0	0.0	3	1.009221979058423	-7.557356120189401	230.0	34	1.05	0.95				
	314	2	79.47801325614033	15.977538747368419	0.0	0.0	3	0.9998212038601605	-10.257451169779577	230.0	36	1.05	0.95				
	315	2	129.86871238245612	26.21955076491228	0.0	0.0	3	1.0229293660943752	-7.1484912808945555	230.0	36	1.05	0.95				
	316	2	40.968048070175435	8.193609614035086	0.0	0.0	3	1.0213502365178848	-6.789902099443888	230.0	36	1.05	0.95				
	317	1	0.0	0.0	0.0	0.0	3	1.0262210156007991	-5.5339373086362675	230.0	37	1.05	0.95				
	318	2	136.42360007368418	27.8582726877193	0.0	0.0	3	1.0250710883893983	-5.643811053998186	230.0	37	1.05	0.95				
	319	1	74.15216700701754	15.15817778596491	0.0	0.0	3	1.0198892875692853	-6.83207381933345	230.0	35	1.05	0.95				
	320	1	52.43910152982456	10.651692498245612	0.0	0.0	3	1.0213139383648067	-6.058782598901179	230.0	35	1.05	0.95				
	321	2	0.0	0.0	0.0	0.0	3	1.0264486119957137	-5.611507996259359	230.0	37	1.05	0.95				
	322	2	0.0	0.0	0.0	0.0	3	1.039726025157095	-1.188164980587684	230.0	37	1.05	0.95				
	323	2	0.0	0.0	0.0	0.0	3	1.0227885864590884	-5.315901123744961	230.0	35	1.05	0.95				
	324	1	0.0	0.0	0.0	0.0	3	1.0227145461339797	-7.778272667411213	230.0	36	1.05	0.95				
	325	1	0.0	0.0	0.0	0.0	3	1.0201316966647587	-4.022512351893507	230.0	35	1.05	0.95				
];
