%% MATPOWER Case Format : Version 2
function mpc = RTS_GMLC
mpc.version = '2';

%%-----  Power Flow Data  -----%%
%% system MVA base
mpc.baseMVA = 100.0;
%% bus data
%    bus_i    type    Pd    Qd    Gs    Bs    area    Vm    Va    baseKV    zone    Vmax    Vmin
mpc.bus = [
	101	2	55.215734778947365	11.247649677192982	0.0	0.0	1	1.0347704973808547	2.9855861382922835	138.0	11	1.05	0.95				
	102	2	49.59190994035087	10.22513607017544	0.0	0.0	1	1.0347447281737145	2.9383323847030653	138.0	12	1.05	0.95				
	103	1	92.02622463157894	18.91650172982456	0.0	0.0	1	1.026885785945825	0.6106220777638213	138.0	11	1.05	0.95				
	104	1	37.83300345964912	7.6688520526315775	0.0	0.0	1	1.020754998277496	-0.5983323836871551	138.0	11	1.05	0.95				
	105	1	36.299233049122805	7.157595249122807	0.0	0.0	1	1.0352464955432903	-0.3989032853678833	138.0	11	1.05	0.95				
	106	1	69.53092527719298	14.315190498245615	0.0	-100.0	1	1.0432569645253948	-2.776542182467583	138.0	12	1.05	0.95				
	107	2	63.90710043859649	12.781420087719297	0.0	0.0	1	1.0297320842795339	-2.163114969748627	138.0	12	1.05	0.95				
	108	1	87.4249134	17.893988122807013	0.0	0.0	1	1.0206456447022967	-3.6268697879198184	138.0	12	1.05	0.95				
	109	1	89.46994061403508	18.405244926315785	0.0	0.0	1	1.0255622079982256	-1.4306627776484384	138.0	13	1.05	0.95				
	110	1	99.69507668421052	20.45027214035088	0.0	0.0	1	1.05	-2.225278189667439	138.0	13	1.05	0.95				
	111	1	0.0	0.0	0.0	0.0	1	1.004922707904154	0.004784176324827268	230.0	13	1.05	0.95				
	112	1	0.0	0.0	0.0	0.0	1	1.0102841248114691	0.5058033834311578	230.0	13	1.05	0.95				
	113	3	135.48305292982454	27.607867389473682	0.0	0.0	1	0.9976872071095788	-3.0083389811153344e-29	230.0	14	1.05	0.95				
	114	2	99.18381988070173	19.939015336842107	0.0	0.0	1	1.001329067678349	1.9603494617914115	230.0	16	1.05	0.95				
	115	2	162.06840671228068	32.7204354245614	0.0	0.0	1	1.0402136475377863	8.113191323748232	230.0	16	1.05	0.95				
	116	2	51.12568035087719	10.22513607017544	0.0	0.0	1	1.0360986013873705	7.704295234724763	230.0	16	1.05	0.95				
	117	1	0.0	0.0	0.0	0.0	1	1.0438442774609198	9.785746789589268	230.0	17	1.05	0.95				
	118	2	170.24851556842106	34.76546263859649	0.0	0.0	1	1.0467677018649786	9.97996276374141	230.0	17	1.05	0.95				
	119	1	92.53748143508773	18.91650172982456	0.0	0.0	1	1.0296399694976437	6.595754954713826	230.0	15	1.05	0.95				
	120	1	65.4408708491228	13.29267689122807	0.0	0.0	1	1.0279968975590892	6.614976719841531	230.0	15	1.05	0.95				
	121	2	0.0	0.0	0.0	0.0	1	1.05	10.508755212105275	230.0	17	1.05	0.95				
	122	2	0.0	0.0	0.0	0.0	1	1.05	16.740273533432752	230.0	17	1.05	0.95				
	123	2	0.0	0.0	0.0	0.0	1	1.0280378937752894	7.016691538973178	230.0	15	1.05	0.95				
	124	1	0.0	0.0	0.0	0.0	1	1.0255085293168011	5.317376838927545	230.0	16	1.05	0.95				
	201	2	59.44844955789473	12.109869354385964	0.0	0.0	2	1.0326972672019374	-8.290722473905765	138.0	21	1.05	0.95				
	202	2	53.39351488070175	11.008972140350878	0.0	0.0	2	1.032876095960937	-8.364304095093857	138.0	22	1.05	0.95				
	203	1	99.0807492631579	20.366598459649122	0.0	0.0	2	1.0231175376667276	-6.5391769469446945	138.0	21	1.05	0.95				
	204	1	40.733196919298244	8.256729105263156	0.0	0.0	2	1.018562794072119	-10.738602056930082	138.0	21	1.05	0.95				
	205	1	39.081851098245615	7.706280498245614	0.0	0.0	2	1.0341566329185097	-10.985134406825669	138.0	21	1.05	0.95				
	206	1	74.86101055438597	15.412560996491228	0.0	-100.0	2	1.042203447297945	-13.022619617532863	138.0	22	1.05	0.95				
	207	2	68.80607587719298	13.761215175438595	0.0	0.0	2	0.9877251343845993	-21.358674811237577	138.0	22	1.05	0.95				
	208	1	94.1267118	19.265701245614032	0.0	0.0	2	0.9905361519639831	-18.757898049329306	138.0	22	1.05	0.95				
	209	1	96.32850622807017	19.816149852631575	0.0	0.0	2	1.0235333206690436	-10.4467420997255	138.0	23	1.05	0.95				
	210	1	107.33747836842105	22.017944280701755	0.0	0.0	2	1.05	-11.978076041947274	138.0	23	1.05	0.95				
	211	1	0.0	0.0	0.0	0.0	2	1.012055215916648	-7.576699826471545	230.0	23	1.05	0.95				
	212	1	0.0	0.0	0.0	0.0	2	1.0136150692299015	-6.831132376266472	230.0	23	1.05	0.95				
	213	2	145.8688808596491	29.724224778947367	0.0	0.0	2	1.0100218208413652	-6.546176824983928	230.0	24	1.05	0.95				
	214	2	106.7870297614035	21.467495673684212	0.0	0.0	2	1.0175173654104168	-4.7988016193179455	230.0	26	1.05	0.95				
	215	2	174.4922084245614	35.228710849122805	0.0	0.0	2	1.0324662382755125	2.5967233328240877	230.0	26	1.05	0.95				
	216	2	55.04486070175438	11.008972140350878	0.0	0.0	2	1.0355023376076544	2.4734166397895803	230.0	26	1.05	0.95				
	217	1	0.0	0.0	0.0	0.0	2	1.0389977271843354	5.451907957962555	230.0	27	1.05	0.95				
	218	2	183.2993861368421	37.430505277192985	0.0	0.0	2	1.040514381051496	5.898717503988211	230.0	27	1.05	0.95				
	219	1	99.63119787017544	20.366598459649122	0.0	0.0	2	1.0358145398049634	1.6598680768267822	230.0	25	1.05	0.95				
	220	1	70.45742169824561	14.31166378245614	0.0	0.0	2	1.0403737675909788	2.0040700864841035	230.0	25	1.05	0.95				
	221	2	0.0	0.0	0.0	0.0	2	1.0401453031631052	5.556613235980224	230.0	27	1.05	0.95				
	222	2	0.0	0.0	0.0	0.0	2	1.05	12.017929217486612	230.0	27	1.05	0.95				
	223	2	0.0	0.0	0.0	0.0	2	1.0440424970687994	2.5991615602391573	230.0	25	1.05	0.95				
	224	1	0.0	0.0	0.0	0.0	2	1.0175769641755708	-0.8270307095422923	230.0	26	1.05	0.95				
	301	2	52.0183486231579	10.59633027508772	0.0	0.0	3	1.0075622524859278	-23.50336554975782	138.0	31	1.05	0.95				
	302	2	46.72018348561403	9.633027522807017	0.0	0.0	3	1.0070220373427508	-23.629548203618604	138.0	32	1.05	0.95				
	303	1	86.69724770526315	17.821100917192982	0.0	0.0	3	1.0242679533800019	-17.242185788554764	138.0	31	1.05	0.95				
	304	1	35.642201834385965	7.2247706421052635	0.0	0.0	3	1.0091654428548986	-22.001471502236804	138.0	31	1.05	0.95				
	305	1	34.19724770596491	6.743119265964912	0.0	0.0	3	1.0223949220175854	-22.86531019454675	138.0	31	1.05	0.95				
	306	1	65.50458715508772	13.486238531929825	0.0	-100.0	3	1.0386329079547725	-23.06816090575846	138.0	32	1.05	0.95				
	307	2	60.20642201754386	12.041284403508772	0.0	0.0	3	0.992732042306489	-28.41973000606926	138.0	32	1.05	0.95				
	308	1	82.36238532	16.85779816491228	0.0	0.0	3	0.9972183600520443	-26.203755424982738	138.0	32	1.05	0.95				
	309	1	84.28899082456141	17.33944954105263	0.0	0.0	3	1.026677233128418	-18.703043951880108	138.0	33	1.05	0.95				
	310	1	93.92201834736842	19.266055045614035	0.0	0.0	3	1.05	-20.67899171794043	138.0	33	1.05	0.95				
	311	1	0.0	0.0	0.0	0.0	3	1.0123292856918422	-14.25411119616988	230.0	33	1.05	0.95				
	312	1	0.0	0.0	0.0	0.0	3	1.0135788844371376	-13.795264057642456	230.0	33	1.05	0.95				
	313	2	127.63761467719297	26.00917431157895	0.0	0.0	3	1.0154571666676813	-10.713698703636817	230.0	34	1.05	0.95				
	314	2	93.44036697122806	18.784403669473683	0.0	0.0	3	1.0191339524585756	-11.877481937824843	230.0	36	1.05	0.95				
	315	2	152.6834862364912	30.825688072982455	0.0	0.0	3	1.043904413255821	-6.05321240745537	230.0	36	1.05	0.95				
	316	2	48.16513761403509	9.633027522807017	0.0	0.0	3	1.0426224157668973	-5.663741040628666	230.0	36	1.05	0.95				
	317	1	0.0	0.0	0.0	0.0	3	1.046227375907935	-3.5411727113935214	230.0	37	1.05	0.95				
	318	2	160.38990825473684	32.75229357754386	0.0	0.0	3	1.0464973623411367	-3.2683881106246666	230.0	37	1.05	0.95				
	319	1	87.1788990814035	17.821100917192982	0.0	0.0	3	1.0383155269638407	-6.752393014363014	230.0	35	1.05	0.95				
	320	1	61.65137614596491	12.522935779649123	0.0	0.0	3	1.0381281345312452	-6.7849674752135645	230.0	35	1.05	0.95				
	321	2	0.0	0.0	0.0	0.0	3	1.0489098806464545	-2.6477938671477412	230.0	37	1.05	0.95				
	322	2	0.0	0.0	0.0	0.0	3	1.05	1.906739381724956	230.0	37	1.05	0.95				
	323	2	0.0	0.0	0.0	0.0	3	1.038784689154136	-6.441420970230168	230.0	35	1.05	0.95				
	324	1	0.0	0.0	0.0	0.0	3	1.0225465890464405	-10.208727889716588	230.0	36	1.05	0.95				
	325	1	0.0	0.0	0.0	0.0	3	1.034172069302057	-5.036937192624425	230.0	35	1.05	0.95				
];
