%% MATPOWER Case Format : Version 2
function mpc = RTS_GMLC
mpc.version = '2';

%%-----  Power Flow Data  -----%%
%% system MVA base
mpc.baseMVA = 100.0;
%% bus data
%    bus_i    type    Pd    Qd    Gs    Bs    area    Vm    Va    baseKV    zone    Vmax    Vmin
mpc.bus = [
	101	2	35.29638792757895	7.190004948210527	0.0	0.0	1	1.0341321401081605	5.185115428549211	138.0	11	1.05	0.95				
	102	2	31.70138545347368	6.536368134736842	0.0	0.0	1	1.0331831418676949	4.906658233351144	138.0	12	1.05	0.95				
	103	1	58.82731321263158	12.092281049263157	0.0	0.0	1	1.0336634600170083	3.956334344735114	138.0	11	1.05	0.95				
	104	1	24.184562098526314	4.902276101052632	0.0	0.0	1	1.0228612002083752	1.5922659195968782	138.0	11	1.05	0.95				
	105	1	23.204106878315788	4.57545769431579	0.0	0.0	1	1.037244377271357	1.7962409200454919	138.0	11	1.05	0.95				
	106	1	44.44730331621053	9.15091538863158	0.0	-100.0	1	1.0480413628095726	-0.496576475482459	138.0	12	1.05	0.95				
	107	2	40.85230084210526	8.170460168421052	0.0	0.0	1	1.0003457954320734	-6.582607826579675	138.0	12	1.05	0.95				
	108	1	55.88594755199999	11.438644235789472	0.0	0.0	1	1.0071018273453332	-4.885023753643086	138.0	12	1.05	0.95				
	109	1	57.19322117894736	11.765462642526314	0.0	0.0	1	1.0242045714959351	0.20688281096674097	138.0	13	1.05	0.95				
	110	1	63.72958931368421	13.072736269473683	0.0	0.0	1	1.05	-0.6112375027108915	138.0	13	1.05	0.95				
	111	1	0.0	0.0	0.0	0.0	1	1.0015149528587242	1.4151450808001407	230.0	13	1.05	0.95				
	112	1	0.0	0.0	0.0	0.0	1	1.0056991760923446	0.6122099024352097	230.0	13	1.05	0.95				
	113	3	86.60687778526315	17.648193963789474	0.0	0.0	1	0.9877059133779831	4.200452237878897e-31	230.0	14	1.05	0.95				
	114	2	63.40277090694736	12.74591786273684	0.0	0.0	1	1.0013504950779077	4.385980805477	230.0	16	1.05	0.95				
	115	2	103.60143493557894	20.916378031157894	0.0	0.0	1	1.0412299634287263	11.721197911606023	230.0	16	1.05	0.95				
	116	2	32.681840673684206	6.536368134736842	0.0	0.0	1	1.0344194166524572	10.373977752691104	230.0	16	1.05	0.95				
	117	1	0.0	0.0	0.0	0.0	1	1.0405144999510676	15.02021631400596	230.0	17	1.05	0.95				
	118	2	108.83052944336842	22.223651658105265	0.0	0.0	1	1.048766497232091	15.329203158242587	230.0	17	1.05	0.95				
	119	1	59.15413161936842	12.092281049263157	0.0	0.0	1	1.0222178009686729	7.134089822912896	230.0	15	1.05	0.95				
	120	1	41.83275606231579	8.497278575157894	0.0	0.0	1	1.0156987781696305	4.916767331643031	230.0	15	1.05	0.95				
	121	2	0.0	0.0	0.0	0.0	1	1.05	16.410370277017275	230.0	17	1.05	0.95				
	122	2	0.0	0.0	0.0	0.0	1	1.05	31.490336820113658	230.0	17	1.05	0.95				
	123	2	0.0	0.0	0.0	0.0	1	1.0125284113944948	3.946498620608216	230.0	15	1.05	0.95				
	124	1	0.0	0.0	0.0	0.0	1	1.0284090776785069	8.808108069825971	230.0	16	1.05	0.95				
	201	2	37.178655752842104	7.573429875578948	0.0	0.0	2	1.014787672898153	-11.007334877426883	138.0	21	1.05	0.95				
	202	2	33.39194081505263	6.884936250526316	0.0	0.0	2	1.013912314525516	-11.283128725359843	138.0	22	1.05	0.95				
	203	1	61.964426254736836	12.737132063473682	0.0	0.0	2	1.0150470666635538	-7.521480442259771	138.0	21	1.05	0.95				
	204	1	25.474264126947364	5.163702187894737	0.0	0.0	2	1.0133996245984862	-11.087325126537555	138.0	21	1.05	0.95				
	205	1	24.44152368936842	4.819455375368421	0.0	0.0	2	1.0283769772752223	-11.465982900261318	138.0	21	1.05	0.95				
	206	1	46.81756650357895	9.638910750736843	0.0	-100.0	2	1.0443023347679723	-12.181658001213993	138.0	22	1.05	0.95				
	207	2	43.030851565789476	8.606170313157895	0.0	0.0	2	0.9975733624297406	-16.22123686405261	138.0	22	1.05	0.95				
	208	1	58.866204942	12.048638438421051	0.0	0.0	2	1.0046819381507262	-14.718410595280345	138.0	22	1.05	0.95				
	209	1	60.24319219210527	12.392885250947367	0.0	0.0	2	1.0221992610563082	-9.492310060185956	138.0	23	1.05	0.95				
	210	1	67.12812844263158	13.769872501052632	0.0	0.0	2	1.05	-10.81419804397106	138.0	23	1.05	0.95				
	211	1	0.0	0.0	0.0	0.0	2	1.0022375585978356	-6.949984434958579	230.0	23	1.05	0.95				
	212	1	0.0	0.0	0.0	0.0	2	1.0052222189380913	-6.340167528426137	230.0	23	1.05	0.95				
	213	2	91.22540531947368	18.589327876421052	0.0	0.0	2	0.9957292026440704	-5.779414340901835	230.0	24	1.05	0.95				
	214	2	66.78388163010526	13.425625688526315	0.0	0.0	2	1.000920824257414	-4.623761031813511	230.0	26	1.05	0.95				
	215	2	109.1262395708421	22.031796001684214	0.0	0.0	2	1.015738860809647	0.9115022970754962	230.0	26	1.05	0.95				
	216	2	34.42468125263158	6.884936250526316	0.0	0.0	2	1.0170067618928065	0.7551132483583277	230.0	26	1.05	0.95				
	217	1	0.0	0.0	0.0	0.0	2	1.0218753432664025	2.28247553140914	230.0	27	1.05	0.95				
	218	2	114.63418857126315	23.408783251789476	0.0	0.0	2	1.0213079682727348	1.9124546154954318	230.0	27	1.05	0.95				
	219	1	62.30867306726316	12.737132063473682	0.0	0.0	2	1.0174660117801204	0.5232446158466767	230.0	25	1.05	0.95				
	220	1	44.06359200336843	8.950417125684211	0.0	0.0	2	1.019775116042409	1.00835533619218	230.0	25	1.05	0.95				
	221	2	0.0	0.0	0.0	0.0	2	1.023068060505237	2.384542134687533	230.0	27	1.05	0.95				
	222	2	0.0	0.0	0.0	0.0	2	1.0450888153632405	8.896734800866577	230.0	27	1.05	0.95				
	223	2	0.0	0.0	0.0	0.0	2	1.0213311675174919	1.5440466998427709	230.0	25	1.05	0.95				
	224	1	0.0	0.0	0.0	0.0	2	1.0050461339945496	-2.276767682351499	230.0	26	1.05	0.95				
	301	2	41.83676052631579	8.52230307017544	0.0	0.0	3	1.0096555775633957	-13.2963456003146	138.0	31	1.05	0.95				
	302	2	37.57560899122807	7.747548245614036	0.0	0.0	3	1.0095896244022204	-13.402812592711397	138.0	32	1.05	0.95				
	303	1	69.72793421052631	14.332964254385965	0.0	0.0	3	1.0235493778210365	-8.348678658018729	138.0	31	1.05	0.95				
	304	1	28.66592850877193	5.8106611842105265	0.0	0.0	3	1.0117619353955918	-12.147826557163443	138.0	31	1.05	0.95				
	305	1	27.503796271929826	5.4232837719298255	0.0	0.0	3	1.024927610083562	-12.806661959132992	138.0	31	1.05	0.95				
	306	1	52.68332807017545	10.846567543859651	0.0	-100.0	3	1.0420352771773378	-13.010594144394254	138.0	32	1.05	0.95				
	307	2	48.42217653508772	9.684435307017544	0.0	0.0	3	0.9921868244911226	-17.140013981016057	138.0	32	1.05	0.95				
	308	1	66.2415375	13.558209429824561	0.0	0.0	3	1.0005294199999728	-15.436341072337147	138.0	32	1.05	0.95				
	309	1	67.7910471491228	13.945586842105262	0.0	0.0	3	1.0251678775455657	-9.52744319822419	138.0	33	1.05	0.95				
	310	1	75.53859539473684	15.495096491228072	0.0	0.0	3	1.05	-11.068260991553604	138.0	33	1.05	0.95				
	311	1	0.0	0.0	0.0	0.0	3	1.0042505952914174	-5.991752897540548	230.0	33	1.05	0.95				
	312	1	0.0	0.0	0.0	0.0	3	1.0098047303172546	-5.3086608710210355	230.0	33	1.05	0.95				
	313	2	102.65501425438597	20.918380263157896	0.0	0.0	3	1.0082957171848024	-2.380790844638307	230.0	34	1.05	0.95				
	314	2	75.15121798245615	15.10771907894737	0.0	0.0	3	0.9986652036486764	-4.712325111646433	230.0	36	1.05	0.95				
	315	2	122.79863969298246	24.792154385964913	0.0	0.0	3	1.0239659304792423	-1.3230026396178252	230.0	36	1.05	0.95				
	316	2	38.73774122807018	7.747548245614036	0.0	0.0	3	1.0236596778500364	-0.610725184789951	230.0	36	1.05	0.95				
	317	1	0.0	0.0	0.0	0.0	3	1.031082852442912	1.5769282180299065	230.0	37	1.05	0.95				
	318	2	128.9966782894737	26.341664035087724	0.0	0.0	3	1.0283935253002303	0.6341279544849503	230.0	37	1.05	0.95				
	319	1	70.11531162280701	14.332964254385965	0.0	0.0	3	1.0219068412123542	-0.7857577764715555	230.0	35	1.05	0.95				
	320	1	49.58430877192983	10.071812719298247	0.0	0.0	3	1.0227840338591618	-0.17396143993892454	230.0	35	1.05	0.95				
	321	2	0.0	0.0	0.0	0.0	3	1.0292226207163624	0.5526987888660692	230.0	37	1.05	0.95				
	322	2	0.0	0.0	0.0	0.0	3	1.0434433389235709	5.3163653073285975	230.0	37	1.05	0.95				
	323	2	0.0	0.0	0.0	0.0	3	1.0237888106829423	0.4633172330785846	230.0	35	1.05	0.95				
	324	1	0.0	0.0	0.0	0.0	3	1.014736217992793	-3.9787306652228667	230.0	36	1.05	0.95				
	325	1	0.0	0.0	0.0	0.0	3	1.020998837213055	1.813667787992612	230.0	35	1.05	0.95				
];
