%% MATPOWER Case Format : Version 2
function mpc = RTS_GMLC
mpc.version = '2';

%%-----  Power Flow Data  -----%%
%% system MVA base
mpc.baseMVA = 100.0;
%% bus data
%    bus_i    type    Pd    Qd    Gs    Bs    area    Vm    Va    baseKV    zone    Vmax    Vmin
mpc.bus = [
	101	2	41.57545770947369	8.46907471859649	0.0	0.0	1	1.03235243700407	3.4181659303530365	138.0	11	1.05	0.95				
	102	2	37.34092035017544	7.6991588350877205	0.0	0.0	1	1.031419469882911	3.1429440032302582	138.0	12	1.05	0.95				
	103	1	69.29242951578948	14.243443844912282	0.0	0.0	1	1.0309661269292771	2.3204333421462278	138.0	11	1.05	0.95				
	104	1	28.486887689824563	5.774369126315789	0.0	0.0	1	1.0213343547647176	0.06312739486073465	138.0	11	1.05	0.95				
	105	1	27.3320138645614	5.3894111845614034	0.0	0.0	1	1.0357882065762483	0.23964551281486168	138.0	11	1.05	0.95				
	106	1	52.354280078596496	10.778822369122807	0.0	-100.0	1	1.0462003270529587	-1.9806626601407065	138.0	12	1.05	0.95				
	107	2	48.119742719298245	9.62394854385965	0.0	0.0	1	0.9997731663153263	-7.926148816335997	138.0	12	1.05	0.95				
	108	1	65.82780804000001	13.473527961403509	0.0	0.0	1	1.005034590802677	-6.320787549755721	138.0	12	1.05	0.95				
	109	1	67.36763980701754	13.858485903157893	0.0	0.0	1	1.0245653157487629	-0.8899656460343036	138.0	13	1.05	0.95				
	110	1	75.06679864210525	15.398317670175441	0.0	0.0	1	1.05	-1.764804870914747	138.0	13	1.05	0.95				
	111	1	0.0	0.0	0.0	0.0	1	1.0032979625419787	0.7305109447003189	230.0	13	1.05	0.95				
	112	1	0.0	0.0	0.0	0.0	1	1.0078802674325464	0.5377363823699681	230.0	13	1.05	0.95				
	113	3	102.01385456491228	20.787728854736844	0.0	0.0	1	0.9928951090098194	-2.5671733653209213e-29	230.0	14	1.05	0.95				
	114	2	74.68184070035088	15.013359728421053	0.0	0.0	1	1.0024922959309	3.5476731796429073	230.0	16	1.05	0.95				
	115	2	122.03166753614035	24.637308272280702	0.0	0.0	1	1.0401379284342178	10.317073875469067	230.0	16	1.05	0.95				
	116	2	38.4957941754386	7.6991588350877205	0.0	0.0	1	1.036719422396453	9.679062448981004	230.0	16	1.05	0.95				
	117	1	0.0	0.0	0.0	0.0	1	1.0424594852726576	13.027989192214807	230.0	17	1.05	0.95				
	118	2	128.19099460421052	26.177140039298248	0.0	0.0	1	1.0471287724039922	13.187627722207068	230.0	17	1.05	0.95				
	119	1	69.67738745754386	14.243443844912282	0.0	0.0	1	1.0279876202425162	7.543268697689146	230.0	15	1.05	0.95				
	120	1	49.274616544561404	10.008906485614036	0.0	0.0	1	1.0236587143726783	6.416780865860869	230.0	15	1.05	0.95				
	121	2	0.0	0.0	0.0	0.0	1	1.05	14.230433443557551	230.0	17	1.05	0.95				
	122	2	0.0	0.0	0.0	0.0	1	1.05	25.378833405980384	230.0	17	1.05	0.95				
	123	2	0.0	0.0	0.0	0.0	1	1.0216207763679892	6.093783924657164	230.0	15	1.05	0.95				
	124	1	0.0	0.0	0.0	0.0	1	1.0264817503000396	7.321792941223024	230.0	16	1.05	0.95				
	201	2	44.13159136421053	8.989768611228069	0.0	0.0	2	1.0225916705906737	-9.383479239516307	138.0	21	1.05	0.95				
	202	2	39.636707058596485	8.172516919298245	0.0	0.0	2	1.0230643856276918	-9.320847645112948	138.0	22	1.05	0.95				
	203	1	73.5526522736842	15.119156300701754	0.0	0.0	2	1.0161565472606184	-7.877606712134398	138.0	21	1.05	0.95				
	204	1	30.238312601403507	6.129387689473684	0.0	0.0	2	1.0166141133044766	-10.472826578082575	138.0	21	1.05	0.95				
	205	1	29.012435063508768	5.720761843508772	0.0	0.0	2	1.0314029779960936	-10.772183557210756	138.0	21	1.05	0.95				
	206	1	55.57311505122807	11.441523687017543	0.0	-100.0	2	1.0444413193681041	-11.956069500432921	138.0	22	1.05	0.95				
	207	2	51.07823074561403	10.215646149122806	0.0	0.0	2	0.9937506511695011	-17.60270117103652	138.0	22	1.05	0.95				
	208	1	69.87501965999999	14.30190460877193	0.0	0.0	2	1.0000287701314783	-15.769070793069435	138.0	22	1.05	0.95				
	209	1	71.50952304385964	14.710530454736839	0.0	0.0	2	1.022615605189895	-9.726865610784206	138.0	23	1.05	0.95				
	210	1	79.68203996315789	16.34503383859649	0.0	0.0	2	1.05	-10.862775412376891	138.0	23	1.05	0.95				
	211	1	0.0	0.0	0.0	0.0	2	1.0044128208727552	-7.112929481268715	230.0	23	1.05	0.95				
	212	1	0.0	0.0	0.0	0.0	2	1.007398925252742	-6.315328770313022	230.0	23	1.05	0.95				
	213	2	108.28584918070175	22.065795682105264	0.0	0.0	2	0.9991223777864554	-5.884086857077199	230.0	24	1.05	0.95				
	214	2	79.27341411719297	15.93640799263158	0.0	0.0	2	1.003882637435126	-4.881553154912459	230.0	26	1.05	0.95				
	215	2	129.5343931708772	26.152054141754384	0.0	0.0	2	1.020475168278741	0.7894492779049497	230.0	26	1.05	0.95				
	216	2	40.862584596491224	8.172516919298245	0.0	0.0	2	1.0220786439407572	0.7556263721985411	230.0	26	1.05	0.95				
	217	1	0.0	0.0	0.0	0.0	2	1.0271919560497764	2.5150665048459526	230.0	27	1.05	0.95				
	218	2	136.07240670631577	27.786557525614036	0.0	0.0	2	1.0264327405806566	1.93757858287172	230.0	27	1.05	0.95				
	219	1	73.96127811964912	15.119156300701754	0.0	0.0	2	1.0226121048298045	0.6742230086203969	230.0	25	1.05	0.95				
	220	1	52.30410828350877	10.624271995087717	0.0	0.0	2	1.025733599185885	1.4066028384598972	230.0	25	1.05	0.95				
	221	2	0.0	0.0	0.0	0.0	2	1.0280662783780479	2.3632797453809826	230.0	27	1.05	0.95				
	222	2	0.0	0.0	0.0	0.0	2	1.0499998861313358	8.91301689314896	230.0	27	1.05	0.95				
	223	2	0.0	0.0	0.0	0.0	2	1.0281080631689032	2.1217219056548235	230.0	25	1.05	0.95				
	224	1	0.0	0.0	0.0	0.0	2	1.0081206098415	-2.474874725094934	230.0	26	1.05	0.95				
	301	2	53.333755124210526	10.864283451228069	0.0	0.0	3	1.0106984146299625	-11.3306154912875	138.0	31	1.05	0.95				
	302	2	47.90161339859648	9.876621319298245	0.0	0.0	3	1.0098368979316008	-11.508783059085342	138.0	32	1.05	0.95				
	303	1	88.88959187368421	18.27174944070175	0.0	0.0	3	1.039106725837971	-2.0903606659029306	138.0	31	1.05	0.95				
	304	1	36.5434988814035	7.407465989473683	0.0	0.0	3	1.0120784273584331	-9.439463459363779	138.0	31	1.05	0.95				
	305	1	35.062005683508765	6.913634923508772	0.0	0.0	3	1.0241084992078402	-11.53945564269988	138.0	31	1.05	0.95				
	306	1	67.16102497122807	13.827269847017543	0.0	-100.0	3	1.0390133569726103	-12.213898434161456	138.0	32	1.05	0.95				
	307	2	61.72888324561403	12.345776649122806	0.0	0.0	3	0.9929703742625497	-16.90734846974566	138.0	32	1.05	0.95				
	308	1	84.44511227999999	17.284087308771927	0.0	0.0	3	0.9974439146782769	-14.634172543255104	138.0	32	1.05	0.95				
	309	1	86.42043654385964	17.77791837473684	0.0	0.0	3	1.030678132699646	-5.752300389946566	138.0	33	1.05	0.95				
	310	1	96.29705786315787	19.75324263859649	0.0	0.0	3	1.05	-10.159876123135922	138.0	33	1.05	0.95				
	311	1	0.0	0.0	0.0	0.0	3	1.0111591481097397	-4.66908019937503	230.0	33	1.05	0.95				
	312	1	0.0	0.0	0.0	0.0	3	1.015190356524082	-3.9934820933944413	230.0	33	1.05	0.95				
	313	2	130.86523248070174	26.666877562105263	0.0	0.0	3	1.012916378593995	-1.6382873829490168	230.0	34	1.05	0.95				
	314	2	95.80322679719296	19.259411572631578	0.0	0.0	3	1.00888280707141	-3.924673994572571	230.0	36	1.05	0.95				
	315	2	156.54444791087715	31.605188221754382	0.0	0.0	3	1.033638305911411	-0.34216358751187	230.0	36	1.05	0.95				
	316	2	49.383106596491224	9.876621319298245	0.0	0.0	3	1.0322589342299164	0.1098702785378772	230.0	36	1.05	0.95				
	317	1	0.0	0.0	0.0	0.0	3	1.0397657420144029	2.5522748077057553	230.0	37	1.05	0.95				
	318	2	164.44574496631577	33.58051248561404	0.0	0.0	3	1.0366596817630958	1.4085271281224045	230.0	37	1.05	0.95				
	319	1	89.38342293964911	18.27174944070175	0.0	0.0	3	1.0277389691255296	-0.4892661604932906	230.0	35	1.05	0.95				
	320	1	63.210376443508764	12.839607715087716	0.0	0.0	3	1.02746065831821	-0.052871028804011955	230.0	35	1.05	0.95				
	321	2	0.0	0.0	0.0	0.0	3	1.0376723868389306	1.3973849274016878	230.0	37	1.05	0.95				
	322	2	0.0	0.0	0.0	0.0	3	1.0499999984483972	6.163622115334192	230.0	37	1.05	0.95				
	323	2	0.0	0.0	0.0	0.0	3	1.0282712405468835	0.5651634696161595	230.0	35	1.05	0.95				
	324	1	0.0	0.0	0.0	0.0	3	1.03072009222894	-1.0043610009676414	230.0	36	1.05	0.95				
	325	1	0.0	0.0	0.0	0.0	3	1.0263151811319686	1.722412873128267	230.0	35	1.05	0.95				
];
