%% MATPOWER Case Format : Version 2
function mpc = RTS_GMLC
mpc.version = '2';

%%-----  Power Flow Data  -----%%
%% system MVA base
mpc.baseMVA = 100.0;
%% bus data
%    bus_i    type    Pd    Qd    Gs    Bs    area    Vm    Va    baseKV    zone    Vmax    Vmin
mpc.bus = [
	101	2	44.06036616000001	8.975259773333335	0.0	0.0	1	1.0158298196192168	-3.5240466811906184	138.0	11	1.05	0.95				
	102	2	39.572736273333334	8.159327066666668	0.0	0.0	1	1.0154468024399508	-3.751144232204094	138.0	12	1.05	0.95				
	103	1	73.4339436	15.094755073333335	0.0	0.0	1	1.006676536412926	-0.5612624605380325	138.0	11	1.05	0.95				
	104	1	30.18951014666667	6.1194953000000005	0.0	0.0	1	1.006017138653417	-4.079718255373735	138.0	11	1.05	0.95				
	105	1	28.965611086666666	5.711528946666668	0.0	0.0	1	1.0185522080000735	-5.128500866969178	138.0	11	1.05	0.95				
	106	1	55.483424053333344	11.423057893333336	0.0	-100.0	1	1.0278561494486695	-6.513725288519214	138.0	12	1.05	0.95				
	107	2	50.99579416666668	10.199158833333334	0.0	0.0	1	0.9863900385440815	-10.07541856452208	138.0	12	1.05	0.95				
	108	1	69.76224642000001	14.278822366666667	0.0	0.0	1	0.9885844351219847	-9.084217597302967	138.0	12	1.05	0.95				
	109	1	71.39411183333334	14.686788720000003	0.0	0.0	1	1.0041795311945492	-3.788023036892979	138.0	13	1.05	0.95				
	110	1	79.5534389	16.318654133333336	0.0	0.0	1	1.0310969105035823	-5.416676686645837	138.0	13	1.05	0.95				
	111	1	0.0	0.0	0.0	0.0	1	0.9821677201724629	-1.4880246247393822	230.0	13	1.05	0.95				
	112	1	0.0	0.0	0.0	0.0	1	0.9839545530476188	-1.8072932972072568	230.0	13	1.05	0.95				
	113	3	108.11108363333332	22.030183080000004	0.0	0.0	1	0.9666399151610646	1.7964582803927066e-27	230.0	14	1.05	0.95				
	114	2	79.14547254666667	15.910687780000002	0.0	0.0	1	0.9863802728041606	0.49833717469959266	230.0	16	1.05	0.95				
	115	2	129.32533400666668	26.10984661333334	0.0	0.0	1	0.9963122330295597	7.074227893498821	230.0	16	1.05	0.95				
	116	2	40.796635333333334	8.159327066666668	0.0	0.0	1	0.9947771392884422	6.016013133827557	230.0	16	1.05	0.95				
	117	1	0.0	0.0	0.0	0.0	1	1.0023812712376785	10.049820790468607	230.0	17	1.05	0.95				
	118	2	135.85279566000003	27.741712026666672	0.0	0.0	1	1.006099587099162	10.623669116168792	230.0	17	1.05	0.95				
	119	1	73.84190995333334	15.094755073333335	0.0	0.0	1	0.992533042591511	3.6740181564792813	230.0	15	1.05	0.95				
	120	1	52.21969322666668	10.607125186666668	0.0	0.0	1	0.9936089326790968	1.9885467813570077	230.0	15	1.05	0.95				
	121	2	0.0	0.0	0.0	0.0	1	1.0067853742765607	11.766804439204716	230.0	17	1.05	0.95				
	122	2	0.0	0.0	0.0	0.0	1	1.026732455697287	21.78793934843902	230.0	17	1.05	0.95				
	123	2	0.0	0.0	0.0	0.0	1	0.9948641104378899	1.3967996459675673	230.0	15	1.05	0.95				
	124	1	0.0	0.0	0.0	0.0	1	0.9907856065693493	4.151723867668923	230.0	16	1.05	0.95				
	201	2	44.64158665263158	9.093656540350878	0.0	0.0	2	1.0111276086673198	-10.163292955854619	138.0	21	1.05	0.95				
	202	2	40.09475838245614	8.26696049122807	0.0	0.0	2	1.0098774646906885	-10.377937460115078	138.0	22	1.05	0.95				
	203	1	74.40264442105263	15.293876908771932	0.0	0.0	2	0.9977075506496642	-7.79880540071079	138.0	21	1.05	0.95				
	204	1	30.587753817543863	6.200220368421053	0.0	0.0	2	1.0020432768802723	-9.597901388044798	138.0	21	1.05	0.95				
	205	1	29.347709743859646	5.78687234385965	0.0	0.0	2	1.0182120775665129	-9.900317131453665	138.0	21	1.05	0.95				
	206	1	56.215331340350886	11.5737446877193	0.0	-100.0	2	1.0300882122908368	-10.27473238094555	138.0	22	1.05	0.95				
	207	2	51.66850307017544	10.333700614035088	0.0	0.0	2	0.9730812514437939	-15.32123752999804	138.0	22	1.05	0.95				
	208	1	70.6825122	14.467180859649122	0.0	0.0	2	0.9814447503277953	-13.419711679632636	138.0	22	1.05	0.95				
	209	1	72.33590429824561	14.880528884210525	0.0	0.0	2	1.0080313125164673	-7.200237989614381	138.0	23	1.05	0.95				
	210	1	80.60286478947368	16.53392098245614	0.0	0.0	2	1.0355158835491682	-8.273524213790443	138.0	23	1.05	0.95				
	211	1	0.0	0.0	0.0	0.0	2	0.9886228933316369	-4.8719548002177016	230.0	23	1.05	0.95				
	212	1	0.0	0.0	0.0	0.0	2	0.9933372702974722	-0.2051611499621777	230.0	23	1.05	0.95				
	213	2	109.53722650877194	22.32079332631579	0.0	0.0	2	0.9863167784163133	-2.530371870742064	230.0	24	1.05	0.95				
	214	2	80.18951676491228	16.120572957894737	0.0	0.0	2	0.9830350706671289	-3.9153964584423893	230.0	26	1.05	0.95				
	215	2	131.0313237859649	26.454273571929825	0.0	0.0	2	0.9917320904837594	0.7164252118391777	230.0	26	1.05	0.95				
	216	2	41.33480245614035	8.26696049122807	0.0	0.0	2	0.9904268305229152	0.14779260885457515	230.0	26	1.05	0.95				
	217	1	0.0	0.0	0.0	0.0	2	0.9985533943327725	1.2881643617210994	230.0	27	1.05	0.95				
	218	2	137.64489217894737	28.107665670175443	0.0	0.0	2	0.9988174342779265	0.9585667534628297	230.0	27	1.05	0.95				
	219	1	74.81599244561404	15.293876908771932	0.0	0.0	2	0.9879168516378505	0.48559588342250204	230.0	25	1.05	0.95				
	220	1	52.90854714385965	10.747048638596493	0.0	0.0	2	0.9887931046352751	1.649633512598836	230.0	25	1.05	0.95				
	221	2	0.0	0.0	0.0	0.0	2	1.0012718098493312	1.6807200756425	230.0	27	1.05	0.95				
	222	2	0.0	0.0	0.0	0.0	2	1.019873694747776	8.200647958498838	230.0	27	1.05	0.95				
	223	2	0.0	0.0	0.0	0.0	2	0.9902518772198358	2.631051805499666	230.0	25	1.05	0.95				
	224	1	0.0	0.0	0.0	0.0	2	0.9837006416466283	-2.5264990337550337	230.0	26	1.05	0.95				
	301	2	64.47200252210527	13.133185698947369	0.0	0.0	3	1.0062513787115457	20.39482184997567	138.0	31	1.05	0.95				
	302	2	57.90540967263158	11.93925972631579	0.0	0.0	3	1.0062861949882838	20.241442938834513	138.0	32	1.05	0.95				
	303	1	107.45333753684211	22.08763049368421	0.0	0.0	3	1.0149381246474904	28.718972060843242	138.0	31	1.05	0.95				
	304	1	44.17526098736842	8.954444794736842	0.0	0.0	3	0.9994115875646262	22.735330046876776	138.0	31	1.05	0.95				
	305	1	42.384372028421055	8.357481808421054	0.0	0.0	3	1.0136227249665681	21.18284051651871	138.0	31	1.05	0.95				
	306	1	81.18696613894737	16.71496361684211	0.0	-100.0	3	1.025073490942146	20.95774712819041	138.0	32	1.05	0.95				
	307	2	74.62037328947369	14.924074657894737	0.0	0.0	3	0.9691570288708595	17.504142575086355	138.0	32	1.05	0.95				
	308	1	102.08067066	20.89370452105263	0.0	0.0	3	0.9813577379596691	20.26662420755283	138.0	32	1.05	0.95				
	309	1	104.46852260526316	21.49066750736842	0.0	0.0	3	1.0157597087191794	27.266146144956362	138.0	33	1.05	0.95				
	310	1	116.40778233157893	23.87851945263158	0.0	0.0	3	1.0373630276324628	23.932599292869497	138.0	33	1.05	0.95				
	311	1	0.0	0.0	0.0	0.0	3	0.9963987377889878	29.253658680885042	230.0	33	1.05	0.95				
	312	1	0.0	0.0	0.0	0.0	3	1.002872239973614	29.82681817128915	230.0	33	1.05	0.95				
	313	2	158.1951913736842	32.236001261052635	0.0	0.0	3	1.0062937927969928	34.615673202971394	230.0	34	1.05	0.95				
	314	2	115.81081934526316	23.281556466315788	0.0	0.0	3	0.9892063526837622	28.28930104483362	230.0	36	1.05	0.95				
	315	2	189.23726666210524	38.20563112421053	0.0	0.0	3	0.9945065687224003	23.50275793050918	230.0	36	1.05	0.95				
	316	2	59.69629863157895	11.93925972631579	0.0	0.0	3	0.9871179946523243	24.390438451295488	230.0	36	1.05	0.95				
	317	1	0.0	0.0	0.0	0.0	3	0.999760684679307	24.672058098347936	230.0	37	1.05	0.95				
	318	2	198.7886744431579	40.593483069473685	0.0	0.0	3	0.9969270010214025	21.809258556317054	230.0	37	1.05	0.95				
	319	1	108.05030052315789	22.08763049368421	0.0	0.0	3	0.99343649101081	25.59060755510324	230.0	35	1.05	0.95				
	320	1	76.41126224842105	15.521037644210528	0.0	0.0	3	1.0004714584508012	26.18661085618264	230.0	35	1.05	0.95				
	321	2	0.0	0.0	0.0	0.0	3	1.002790210396135	23.003199463540913	230.0	37	1.05	0.95				
	322	2	0.0	0.0	0.0	0.0	3	1.0195719346773346	28.056408996593976	230.0	37	1.05	0.95				
	323	2	0.0	0.0	0.0	0.0	3	1.0038360315910153	26.133999256775986	230.0	35	1.05	0.95				
	324	1	0.0	0.0	0.0	0.0	3	1.0024691067262226	27.634095931994587	230.0	36	1.05	0.95				
	325	1	0.0	0.0	0.0	0.0	3	1.0048796935262156	24.92285851991251	230.0	35	1.05	0.95				
];
