%% MATPOWER Case Format : Version 2
function mpc = RTS_GMLC
mpc.version = '2';

%%-----  Power Flow Data  -----%%
%% system MVA base
mpc.baseMVA = 100.0;
%% bus data
%    bus_i    type    Pd    Qd    Gs    Bs    area    Vm    Va    baseKV    zone    Vmax    Vmin
mpc.bus = [
	101	2	39.437902042105264	8.033646712280701	0.0	0.0	1	1.0138994694016676	-4.118810219989332	138.0	11	1.05	0.95				
	102	2	35.42107868596491	7.303315192982455	0.0	0.0	1	1.0137024565566193	-4.303673441693601	138.0	12	1.05	0.95				
	103	1	65.7298367368421	13.511133107017542	0.0	0.0	1	1.0039185396423813	-1.0133465379081965	138.0	11	1.05	0.95				
	104	1	27.022266214035085	5.477486394736842	0.0	0.0	1	1.0046928521291136	-4.324053444575476	138.0	11	1.05	0.95				
	105	1	25.92676893508772	5.11232063508772	0.0	0.0	1	1.0180077620180057	-5.238407853423402	138.0	11	1.05	0.95				
	106	1	49.662543312280704	10.22464127017544	0.0	-100.0	1	1.0284189932588608	-6.316251907904265	138.0	12	1.05	0.95				
	107	2	45.645719956140354	9.12914399122807	0.0	0.0	1	0.9847870142570648	-8.349898446853215	138.0	12	1.05	0.95				
	108	1	62.4433449	12.780801587719298	0.0	0.0	1	0.9891215917980638	-7.8836152688180645	138.0	12	1.05	0.95				
	109	1	63.904007938596486	13.14596734736842	0.0	0.0	1	1.0030354639076062	-3.6678100250044947	138.0	13	1.05	0.95				
	110	1	71.20732313157895	14.60663038596491	0.0	0.0	1	1.0305878496749319	-5.167595901755313	138.0	13	1.05	0.95				
	111	1	0.0	0.0	0.0	0.0	1	0.9795690340926024	-1.5285590037187158	230.0	13	1.05	0.95				
	112	1	0.0	0.0	0.0	0.0	1	0.9814164861284496	-1.7315332161779848	230.0	13	1.05	0.95				
	113	3	96.76892630701754	19.718951021052632	0.0	0.0	1	0.9608546817831304	1.6968660006286232e-29	230.0	14	1.05	0.95				
	114	2	70.84215737192982	14.24146462631579	0.0	0.0	1	0.9840603232038093	0.2160813835991496	230.0	16	1.05	0.95				
	115	2	115.75754580877191	23.37060861754386	0.0	0.0	1	0.9892421401752647	6.068920941537255	230.0	16	1.05	0.95				
	116	2	36.51657596491228	7.303315192982455	0.0	0.0	1	0.9892409366461727	5.149761326463511	230.0	16	1.05	0.95				
	117	1	0.0	0.0	0.0	0.0	1	0.9949589099486535	8.650888190886851	230.0	17	1.05	0.95				
	118	2	121.60019796315788	24.831271656140352	0.0	0.0	1	0.9967179428409138	9.186645014431129	230.0	17	1.05	0.95				
	119	1	66.09500249649123	13.511133107017542	0.0	0.0	1	0.9896390238734513	3.204516733494282	230.0	15	1.05	0.95				
	120	1	46.74121723508772	9.494309750877193	0.0	0.0	1	0.9922423991228135	1.8509471945792932	230.0	15	1.05	0.95				
	121	2	0.0	0.0	0.0	0.0	1	0.9966966783335071	10.311587533318141	230.0	17	1.05	0.95				
	122	2	0.0	0.0	0.0	0.0	1	1.0170770870320953	18.623265503167012	230.0	17	1.05	0.95				
	123	2	0.0	0.0	0.0	0.0	1	0.9940651755251404	1.4092630942395388	230.0	15	1.05	0.95				
	124	1	0.0	0.0	0.0	0.0	1	0.9859414193468449	3.343698599568007	230.0	16	1.05	0.95				
	201	2	39.59263341473684	8.065166065964911	0.0	0.0	2	1.011925580969165	-6.861725512819163	138.0	21	1.05	0.95				
	202	2	35.56005038175438	7.331969150877192	0.0	0.0	2	1.0107281983471523	-7.032232659532291	138.0	22	1.05	0.95				
	203	1	65.98772235789473	13.564142929122806	0.0	0.0	2	0.997761509573383	-5.335332640982536	138.0	21	1.05	0.95				
	204	1	27.12828585824561	5.498976863157894	0.0	0.0	2	1.003258262455685	-6.28839227377014	138.0	21	1.05	0.95				
	205	1	26.028490485614032	5.132378405614036	0.0	0.0	2	1.0192981932020118	-6.516262262772235	138.0	21	1.05	0.95				
	206	1	49.857390225964906	10.264756811228072	0.0	-100.0	2	1.031686118364476	-6.798660790783909	138.0	22	1.05	0.95				
	207	2	45.824807192982455	9.16496143859649	0.0	0.0	2	0.9717495278947919	-11.142575306075065	138.0	22	1.05	0.95				
	208	1	62.68833624	12.830946014035085	0.0	0.0	2	0.9825419211285235	-9.508467629487994	138.0	22	1.05	0.95				
	209	1	64.15473007017543	13.197544471578945	0.0	0.0	2	1.0077008999555643	-4.11448826634636	138.0	23	1.05	0.95				
	210	1	71.48669922105262	14.663938301754383	0.0	0.0	2	1.035549227868099	-4.957643418805574	138.0	23	1.05	0.95				
	211	1	0.0	0.0	0.0	0.0	2	0.9863146068569407	-2.064655593666052	230.0	23	1.05	0.95				
	212	1	0.0	0.0	0.0	0.0	2	0.9903001780286929	2.5949915209424197	230.0	23	1.05	0.95				
	213	2	97.1485912491228	19.79631670736842	0.0	0.0	2	0.9818457303492915	0.30643642445735136	230.0	24	1.05	0.95				
	214	2	71.12010076350876	14.297339844210525	0.0	0.0	2	0.9793856839563491	-1.511251572155049	230.0	26	1.05	0.95				
	215	2	116.21171104140349	23.462301282807015	0.0	0.0	2	0.9893513797346257	1.9071259855135816	230.0	26	1.05	0.95				
	216	2	36.65984575438596	7.331969150877192	0.0	0.0	2	0.9872391018954139	1.6685671982516774	230.0	26	1.05	0.95				
	217	1	0.0	0.0	0.0	0.0	2	0.9969417754846732	2.3358298640759045	230.0	27	1.05	0.95				
	218	2	122.07728636210527	24.928695112982453	0.0	0.0	2	0.9976158197253283	2.054512117884598	230.0	27	1.05	0.95				
	219	1	66.3543208154386	13.564142929122806	0.0	0.0	2	0.982289288882345	2.474696922379312	230.0	25	1.05	0.95				
	220	1	46.92460256561403	9.53155989614035	0.0	0.0	2	0.9806780150078127	3.963283694823584	230.0	25	1.05	0.95				
	221	2	0.0	0.0	0.0	0.0	2	0.9998051812967512	2.710773612963652	230.0	27	1.05	0.95				
	222	2	0.0	0.0	0.0	0.0	2	1.017892642016305	8.454539105015	230.0	27	1.05	0.95				
	223	2	0.0	0.0	0.0	0.0	2	0.9807167718587162	5.094976818895355	230.0	25	1.05	0.95				
	224	1	0.0	0.0	0.0	0.0	2	0.983540272129337	-0.8592888629217419	230.0	26	1.05	0.95				
	301	2	52.36001264842105	10.66592850245614	0.0	0.0	3	1.00762231535876	17.197170128000867	138.0	31	1.05	0.95				
	302	2	47.027048397192985	9.696298638596492	0.0	0.0	3	1.00791285008206	17.15453830195649	138.0	32	1.05	0.95				
	303	1	87.26668774736842	17.938152481403506	0.0	0.0	3	0.9959882797294772	20.908590722152162	138.0	31	1.05	0.95				
	304	1	35.87630496280701	7.272223978947368	0.0	0.0	3	0.999964196019214	19.207313397961897	138.0	31	1.05	0.95				
	305	1	34.42186016701754	6.787409047017544	0.0	0.0	3	1.0152811931436223	18.60680696961378	138.0	31	1.05	0.95				
	306	1	65.93483074245614	13.574818094035088	0.0	-100.0	3	1.028131157782855	18.831758530254266	138.0	32	1.05	0.95				
	307	2	60.60186649122807	12.120373298245614	0.0	0.0	3	0.9701077861276926	16.11074393071372	138.0	32	1.05	0.95				
	308	1	82.90335336	16.968522617543858	0.0	0.0	3	0.9844067287772436	18.274175189593635	138.0	32	1.05	0.95				
	309	1	84.8426130877193	17.453337549473684	0.0	0.0	3	1.0101472037870218	22.93920568831372	138.0	33	1.05	0.95				
	310	1	94.53891172631579	19.392597277192984	0.0	0.0	3	1.0366074983868452	21.62083826193256	138.0	33	1.05	0.95				
	311	1	0.0	0.0	0.0	0.0	3	0.9885276440999196	26.98486995248979	230.0	33	1.05	0.95				
	312	1	0.0	0.0	0.0	0.0	3	0.9959114797055831	27.057274733672372	230.0	33	1.05	0.95				
	313	2	128.4759569614035	26.180006324210524	0.0	0.0	3	0.9978904599109578	31.904817077646026	230.0	34	1.05	0.95				
	314	2	94.05409679438597	18.907782345263158	0.0	0.0	3	0.9789286068586542	27.510648691775913	230.0	36	1.05	0.95				
	315	2	153.68633342175437	31.02815564350877	0.0	0.0	3	0.983350587017574	24.806094165517816	230.0	36	1.05	0.95				
	316	2	48.481493192982455	9.696298638596492	0.0	0.0	3	0.9731178470907483	25.918534523788928	230.0	36	1.05	0.95				
	317	1	0.0	0.0	0.0	0.0	3	0.9912471478323166	28.043695691854698	230.0	37	1.05	0.95				
	318	2	161.44337233263158	32.96741537122807	0.0	0.0	3	0.9885683900606242	24.754228705320248	230.0	37	1.05	0.95				
	319	1	87.75150267929824	17.938152481403506	0.0	0.0	3	0.9819740077986359	26.094663807109228	230.0	35	1.05	0.95				
	320	1	62.05631128701754	12.605188230175438	0.0	0.0	3	0.9900185241255065	25.676166147128388	230.0	35	1.05	0.95				
	321	2	0.0	0.0	0.0	0.0	3	0.9943894010672605	25.354837669864704	230.0	37	1.05	0.95				
	322	2	0.0	0.0	0.0	0.0	3	1.01191380279618	30.237930835754987	230.0	37	1.05	0.95				
	323	2	0.0	0.0	0.0	0.0	3	0.9937741665563075	25.157315287566668	230.0	35	1.05	0.95				
	324	1	0.0	0.0	0.0	0.0	3	0.9843521520537356	25.108739134492257	230.0	36	1.05	0.95				
	325	1	0.0	0.0	0.0	0.0	3	0.9947229479156635	23.905983227774946	230.0	35	1.05	0.95				
];
