%% MATPOWER Case Format : Version 2
function mpc = RTS_GMLC
mpc.version = '2';

%%-----  Power Flow Data  -----%%
%% system MVA base
mpc.baseMVA = 100.0;
%% bus data
%    bus_i    type    Pd    Qd    Gs    Bs    area    Vm    Va    baseKV    zone    Vmax    Vmin
mpc.bus = [
	101	2	62.830776846315786	12.798861950175436	0.0	0.0	1	1.0329386317968843	1.8743173486021971	138.0	11	1.05	0.95				
	102	2	56.431345871228054	11.635329045614034	0.0	0.0	1	1.03298788156355	1.8365583363889229	138.0	12	1.05	0.95				
	103	1	104.7179614105263	21.52535873438596	0.0	0.0	1	1.0247710865410065	0.013434273112693013	138.0	11	1.05	0.95				
	104	1	43.05071746877192	8.726496784210525	0.0	0.0	1	1.0189463075094276	-1.5544574909075968	138.0	11	1.05	0.95				
	105	1	41.30541811192982	8.144730331929823	0.0	0.0	1	1.0334665716968932	-1.4276814695026847	138.0	11	1.05	0.95				
	106	1	79.12023751017543	16.289460663859646	0.0	-100.0	1	1.0409022191752348	-3.8115785532676782	138.0	12	1.05	0.95				
	107	2	72.72080653508772	14.544161307017541	0.0	0.0	1	1.0406466321311065	-1.3683859395834492	138.0	12	1.05	0.95				
	108	1	99.48206333999998	20.361825829824557	0.0	0.0	1	1.024988862327168	-3.637246706958337	138.0	12	1.05	0.95				
	109	1	101.8091291491228	20.943592282105257	0.0	0.0	1	1.0259970840320398	-1.9763143925198223	138.0	13	1.05	0.95				
	110	1	113.44445819473682	23.270658091228068	0.0	0.0	1	1.05	-2.9405624165162743	138.0	13	1.05	0.95				
	111	1	0.0	0.0	0.0	0.0	1	1.0074187789618239	-0.23945664614628326	230.0	13	1.05	0.95				
	112	1	0.0	0.0	0.0	0.0	1	1.0123384366298223	0.3558186728450421	230.0	13	1.05	0.95				
	113	3	154.16810985438593	31.415388423157893	0.0	0.0	1	1.0025043187733131	8.035594416009066e-30	230.0	14	1.05	0.95				
	114	2	112.86269174245611	22.688891638947368	0.0	0.0	1	1.00511648032996	1.8741341953436774	230.0	16	1.05	0.95				
	115	2	184.41996537298243	37.23305294596491	0.0	0.0	1	1.0417032940034827	8.687060623022466	230.0	16	1.05	0.95				
	116	2	58.176645228070164	11.635329045614034	0.0	0.0	1	1.0385172176978024	8.287926352972628	230.0	16	1.05	0.95				
	117	1	0.0	0.0	0.0	0.0	1	1.0453639534863421	10.899989940938003	230.0	17	1.05	0.95				
	118	2	193.72822860947366	39.560118755087714	0.0	0.0	1	1.048390896232273	11.378684982885538	230.0	17	1.05	0.95				
	119	1	105.29972786280702	21.52535873438596	0.0	0.0	1	1.0325637736314084	7.081561511956887	230.0	15	1.05	0.95				
	120	1	74.46610589192981	15.125927759298245	0.0	0.0	1	1.0321914757482595	7.144078503520843	230.0	15	1.05	0.95				
	121	2	0.0	0.0	0.0	0.0	1	1.05	11.56994755858312	230.0	17	1.05	0.95				
	122	2	0.0	0.0	0.0	0.0	1	1.05	17.868151567009434	230.0	17	1.05	0.95				
	123	2	0.0	0.0	0.0	0.0	1	1.0332584142826016	7.6175590831070075	230.0	15	1.05	0.95				
	124	1	0.0	0.0	0.0	0.0	1	1.024388978889684	5.463247249803184	230.0	16	1.05	0.95				
	201	2	65.48339368421054	13.339209824561404	0.0	0.0	2	1.0320383293141244	-9.650613266399377	138.0	21	1.05	0.95				
	202	2	58.81378877192983	12.126554385964914	0.0	0.0	2	1.0321368627646152	-9.750198539648745	138.0	22	1.05	0.95				
	203	1	109.13898947368423	22.434125614035093	0.0	0.0	2	1.0257065095801055	-6.811169607132444	138.0	21	1.05	0.95				
	204	1	44.868251228070186	9.094915789473685	0.0	0.0	2	1.017548643864869	-11.970993001658066	138.0	21	1.05	0.95				
	205	1	43.04926807017544	8.48858807017544	0.0	0.0	2	1.033083222244599	-12.333427743648484	138.0	21	1.05	0.95				
	206	1	82.46056982456142	16.97717614035088	0.0	-100.0	2	1.0404379392540897	-14.414501653604296	138.0	22	1.05	0.95				
	207	2	75.79096491228071	15.158192982456143	0.0	0.0	2	0.9867250351457977	-23.53096449013138	138.0	22	1.05	0.95				
	208	1	103.68204000000001	21.221470175438597	0.0	0.0	2	0.9874220072812355	-20.61504812368902	138.0	22	1.05	0.95				
	209	1	106.10735087719299	21.827797894736843	0.0	0.0	2	1.0242303710578418	-11.325227226613878	138.0	23	1.05	0.95				
	210	1	118.23390526315791	24.253108771929828	0.0	0.0	2	1.05	-13.136077596021694	138.0	23	1.05	0.95				
	211	1	0.0	0.0	0.0	0.0	2	1.0161658997453873	-8.030383629849444	230.0	23	1.05	0.95				
	212	1	0.0	0.0	0.0	0.0	2	1.0161011978699523	-7.338604238052147	230.0	23	1.05	0.95				
	213	2	160.6768456140351	32.74169684210527	0.0	0.0	2	1.0161251090553665	-6.761146790756506	230.0	24	1.05	0.95				
	214	2	117.62757754385966	23.64678105263158	0.0	0.0	2	1.0257175084620946	-4.948951797215211	230.0	26	1.05	0.95				
	215	2	192.2058870175439	38.804974035087724	0.0	0.0	2	1.0405768765193033	3.4114317413985367	230.0	26	1.05	0.95				
	216	2	60.63277192982457	12.126554385964914	0.0	0.0	2	1.0432681439114464	3.071244390483601	230.0	26	1.05	0.95				
	217	1	0.0	0.0	0.0	0.0	2	1.045626622515775	6.538907747529017	230.0	27	1.05	0.95				
	218	2	201.90713052631583	41.23028491228071	0.0	0.0	2	1.04822226184053	7.287053865266873	230.0	27	1.05	0.95				
	219	1	109.74531719298248	22.434125614035093	0.0	0.0	2	1.0421536830464218	1.9204188826179422	230.0	25	1.05	0.95				
	220	1	77.60994807017545	15.764520701754389	0.0	0.0	2	1.04616606636108	2.062340766547197	230.0	25	1.05	0.95				
	221	2	0.0	0.0	0.0	0.0	2	1.0486056750858186	7.364073767645641	230.0	27	1.05	0.95				
	222	2	0.0	0.0	0.0	0.0	2	1.05	13.550537449551351	230.0	27	1.05	0.95				
	223	2	0.0	0.0	0.0	0.0	2	1.049722745821123	2.582720977949859	230.0	25	1.05	0.95				
	224	1	0.0	0.0	0.0	0.0	2	1.0222511998943835	-0.4007630424991137	230.0	26	1.05	0.95				
	301	2	53.248339136842105	10.846883898245615	0.0	0.0	3	1.0073341151812367	-23.88114729902063	138.0	31	1.05	0.95				
	302	2	47.824897187719294	9.86080354385965	0.0	0.0	3	1.0067813640597547	-24.011757734256356	138.0	32	1.05	0.95				
	303	1	88.74723189473684	18.24248655614035	0.0	0.0	3	1.023928139277642	-17.459936605354745	138.0	31	1.05	0.95				
	304	1	36.4849731122807	7.395602657894735	0.0	0.0	3	1.008749953210216	-22.36379633943875	138.0	31	1.05	0.95				
	305	1	35.00585258070175	6.9025624807017545	0.0	0.0	3	1.022092521301648	-23.21207628559665	138.0	31	1.05	0.95				
	306	1	67.05346409824561	13.805124961403509	0.0	-100.0	3	1.0382319913190476	-23.40835833857473	138.0	32	1.05	0.95				
	307	2	61.63002214912281	12.326004429824561	0.0	0.0	3	0.9923122914648483	-28.938718792131354	138.0	32	1.05	0.95				
	308	1	84.30987029999999	17.256406201754384	0.0	0.0	3	0.9964608849804834	-26.66054515659804	138.0	32	1.05	0.95				
	309	1	86.28203100877192	17.74944637894737	0.0	0.0	3	1.0266018121944802	-19.002651368772327	138.0	33	1.05	0.95				
	310	1	96.14283455263157	19.7216070877193	0.0	0.0	3	1.05	-20.95854596267045	138.0	33	1.05	0.95				
	311	1	0.0	0.0	0.0	0.0	3	1.0133086342346893	-14.370565430430016	230.0	33	1.05	0.95				
	312	1	0.0	0.0	0.0	0.0	3	1.014256603219472	-13.90180412738698	230.0	33	1.05	0.95				
	313	2	130.65564695614034	26.624169568421053	0.0	0.0	3	1.017215635706909	-10.793330449076759	230.0	34	1.05	0.95				
	314	2	95.64979437543859	19.228566910526315	0.0	0.0	3	1.0211668716519873	-11.871656450691395	230.0	36	1.05	0.95				
	315	2	156.29373617017544	31.55457134035088	0.0	0.0	3	1.0455554234428557	-5.7839737451033555	230.0	36	1.05	0.95				
	316	2	49.304017719298244	9.86080354385965	0.0	0.0	3	1.0444687548691016	-5.4208149790537075	230.0	36	1.05	0.95				
	317	1	0.0	0.0	0.0	0.0	3	1.0474973677529493	-3.173863353975337	230.0	37	1.05	0.95				
	318	2	164.18237900526316	33.526732049122806	0.0	0.0	3	1.0480489143435077	-2.9015127413150994	230.0	37	1.05	0.95				
	319	1	89.24027207192982	18.24248655614035	0.0	0.0	3	1.0403351663478995	-6.5373120517911	230.0	35	1.05	0.95				
	320	1	63.10914268070176	12.819044607017544	0.0	0.0	3	1.0404251995413503	-6.576185712098169	230.0	35	1.05	0.95				
	321	2	0.0	0.0	0.0	0.0	3	1.05	-2.2127248049210113	230.0	37	1.05	0.95				
	322	2	0.0	0.0	0.0	0.0	3	1.05	3.185280379095673	230.0	37	1.05	0.95				
	323	2	0.0	0.0	0.0	0.0	3	1.0412784296534272	-6.22955840873589	230.0	35	1.05	0.95				
	324	1	0.0	0.0	0.0	0.0	3	1.02279705348885	-10.11330819747391	230.0	36	1.05	0.95				
	325	1	0.0	0.0	0.0	0.0	3	1.035956598482591	-4.762296700382243	230.0	35	1.05	0.95				
];
