%% MATPOWER Case Format : Version 2
function mpc = RTS_GMLC
mpc.version = '2';

%%-----  Power Flow Data  -----%%
%% system MVA base
mpc.baseMVA = 100.0;
%% bus data
%    bus_i    type    Pd    Qd    Gs    Bs    area    Vm    Va    baseKV    zone    Vmax    Vmin
mpc.bus = [
	101	2	59.25037111578947	12.06952004210526	0.0	0.0	1	1.0414547924448179	0.5395932347001057	138.0	11	1.05	0.95				
	102	2	53.215611094736836	10.97229094736842	0.0	0.0	1	1.0407107995665144	0.282241874315978	138.0	12	1.05	0.95				
	103	1	98.75061852631578	20.298738252631576	0.0	0.0	1	1.0310614009506462	-0.6258718566551013	138.0	11	1.05	0.95				
	104	1	40.59747650526315	8.229218210526314	0.0	0.0	1	1.023248311098863	-3.1330844458316505	138.0	11	1.05	0.95				
	105	1	38.95163286315789	7.680603663157894	0.0	0.0	1	1.0379637529495682	-3.102857078921746	138.0	11	1.05	0.95				
	106	1	74.61157844210526	15.361207326315787	0.0	-100.0	1	1.0435339366296854	-5.709650656505072	138.0	12	1.05	0.95				
	107	2	68.57681842105262	13.715363684210525	0.0	0.0	1	0.9992506042958502	-12.778004921977418	138.0	12	1.05	0.95				
	108	1	93.81308759999999	19.201509157894733	0.0	0.0	1	0.9990579645919668	-10.993535604114061	138.0	12	1.05	0.95				
	109	1	96.00754578947367	19.750123705263153	0.0	0.0	1	1.0252784682771772	-3.9708278393127707	138.0	13	1.05	0.95				
	110	1	106.97983673684209	21.94458189473684	0.0	0.0	1	1.05	-5.103415862766548	138.0	13	1.05	0.95				
	111	1	0.0	0.0	0.0	0.0	1	1.0084723905471327	-1.453411678593423	230.0	13	1.05	0.95				
	112	1	0.0	0.0	0.0	0.0	1	1.0122060118987037	-1.2809273386821687	230.0	13	1.05	0.95				
	113	3	145.38285505263156	29.625185557894735	0.0	0.0	1	1.0056058999688677	4.319633356372506e-30	230.0	14	1.05	0.95				
	114	2	106.43122218947367	21.39596734736842	0.0	0.0	1	1.0082264846619007	0.45483738541470203	230.0	16	1.05	0.95				
	115	2	173.91081151578945	35.11133103157894	0.0	0.0	1	1.0406065295539835	7.028404487385831	230.0	16	1.05	0.95				
	116	2	54.8614547368421	10.97229094736842	0.0	0.0	1	1.037340065934357	6.410716896837164	230.0	16	1.05	0.95				
	117	1	0.0	0.0	0.0	0.0	1	1.043534561833605	9.485385809490763	230.0	17	1.05	0.95				
	118	2	182.6886442736842	37.30578922105263	0.0	0.0	1	1.046602790597183	10.089894178641003	230.0	17	1.05	0.95				
	119	1	99.2992330736842	20.298738252631576	0.0	0.0	1	1.0295236691758316	4.679750444437281	230.0	15	1.05	0.95				
	120	1	70.22266206315788	14.263978231578944	0.0	0.0	1	1.026665541652483	3.831372198119666	230.0	15	1.05	0.95				
	121	2	0.0	0.0	0.0	0.0	1	1.0495430260792273	11.542843112276746	230.0	17	1.05	0.95				
	122	2	0.0	0.0	0.0	0.0	1	1.05	17.36401588124324	230.0	17	1.05	0.95				
	123	2	0.0	0.0	0.0	0.0	1	1.0261575174579696	3.783092212474345	230.0	15	1.05	0.95				
	124	1	0.0	0.0	0.0	0.0	1	1.0271631503379202	4.163394219381222	230.0	16	1.05	0.95				
	201	2	63.0014166568421	12.833621911578946	0.0	0.0	2	1.0218533406506043	-12.697588130758946	138.0	21	1.05	0.95				
	202	2	56.584605701052624	11.666929010526315	0.0	0.0	2	1.0224701709573465	-12.604112568211562	138.0	22	1.05	0.95				
	203	1	105.00236109473684	21.583818669473683	0.0	0.0	2	1.0138097467770528	-10.925940462878536	138.0	21	1.05	0.95				
	204	1	43.167637338947365	8.750196757894736	0.0	0.0	2	1.0139004089161863	-13.045299642907757	138.0	21	1.05	0.95				
	205	1	41.41759798736842	8.16685030736842	0.0	0.0	2	1.0286160293952795	-13.424997361257255	138.0	21	1.05	0.95				
	206	1	79.33511727157895	16.33370061473684	0.0	-100.0	2	1.0394361981013684	-14.381837777396832	138.0	22	1.05	0.95				
	207	2	72.91830631578947	14.583661263157893	0.0	0.0	2	0.9933577216010571	-22.496498800962428	138.0	22	1.05	0.95				
	208	1	99.75224303999998	20.417125768421048	0.0	0.0	2	0.9925354854413492	-19.702378010993208	138.0	22	1.05	0.95				
	209	1	102.08562884210525	21.000472218947365	0.0	0.0	2	1.0247561951501765	-11.012546481887018	138.0	23	1.05	0.95				
	210	1	113.75255785263157	23.33385802105263	0.0	0.0	2	1.05	-12.294965255488894	138.0	23	1.05	0.95				
	211	1	0.0	0.0	0.0	0.0	2	1.0132716295960602	-7.777189395571954	230.0	23	1.05	0.95				
	212	1	0.0	0.0	0.0	0.0	2	1.017079496492048	-3.1642823562850735	230.0	23	1.05	0.95				
	213	2	154.58680938947367	31.50070832842105	0.0	0.0	2	1.016025773177705	-5.078840852917503	230.0	24	1.05	0.95				
	214	2	113.16921140210525	22.750511570526314	0.0	0.0	2	1.0159946535697704	-6.224706861799456	230.0	26	1.05	0.95				
	215	2	184.9208248168421	37.33417283368421	0.0	0.0	2	1.029284939636914	-0.36707623657974864	230.0	26	1.05	0.95				
	216	2	58.33464505263157	11.666929010526315	0.0	0.0	2	1.0304631745136528	-0.41970298380075544	230.0	26	1.05	0.95				
	217	1	0.0	0.0	0.0	0.0	2	1.0330348164482197	0.8110959679031269	230.0	27	1.05	0.95				
	218	2	194.25436802526315	39.667558635789476	0.0	0.0	2	1.0315911963058149	0.06550335090089078	230.0	27	1.05	0.95				
	219	1	105.58570754526315	21.583818669473683	0.0	0.0	2	1.0309522566823561	0.25548505051262893	230.0	25	1.05	0.95				
	220	1	74.66834566736841	15.16700771368421	0.0	0.0	2	1.0363715144950278	1.9580240230748391	230.0	25	1.05	0.95				
	221	2	0.0	0.0	0.0	0.0	2	1.0336769188568722	0.7306000275752159	230.0	27	1.05	0.95				
	222	2	0.0	0.0	0.0	0.0	2	1.05	7.258248764124406	230.0	27	1.05	0.95				
	223	2	0.0	0.0	0.0	0.0	2	1.0413093011843768	3.3194318534838207	230.0	25	1.05	0.95				
	224	1	0.0	0.0	0.0	0.0	2	1.0104633045450266	-4.302367900229892	230.0	26	1.05	0.95				
	301	2	71.06611831578947	14.476431508771928	0.0	0.0	3	1.0003898141310383	-3.2242320391654857	138.0	31	1.05	0.95				
	302	2	63.827902561403505	13.160392280701755	0.0	0.0	3	1.0003270845050083	-3.309921290276004	138.0	32	1.05	0.95				
	303	1	118.44353052631578	24.34672571929824	0.0	0.0	3	1.017740035962227	1.6518772283156717	138.0	31	1.05	0.95				
	304	1	48.69345143859648	9.870294210526314	0.0	0.0	3	1.0020355505304364	-1.062663234825386	138.0	31	1.05	0.95				
	305	1	46.71939259649122	9.212274596491229	0.0	0.0	3	1.0150767580093853	-1.3120278144004112	138.0	31	1.05	0.95				
	306	1	89.49066750877192	18.424549192982457	0.0	-100.0	3	1.031233894024029	-0.9716918888025843	138.0	32	1.05	0.95				
	307	2	82.25245175438596	16.450490350877192	0.0	0.0	3	0.9924885783560526	-6.388173228536005	138.0	32	1.05	0.95				
	308	1	112.52135399999999	23.030686491228067	0.0	0.0	3	0.9970534946505599	-3.3291720808910217	138.0	32	1.05	0.95				
	309	1	115.15343245614034	23.688706105263154	0.0	0.0	3	1.0273770862860123	3.4502116444925974	138.0	33	1.05	0.95				
	310	1	128.3138247368421	26.32078456140351	0.0	0.0	3	1.05	2.702324047981997	138.0	33	1.05	0.95				
	311	1	0.0	0.0	0.0	0.0	3	1.0191245916143812	9.833048633439912	230.0	33	1.05	0.95				
	312	1	0.0	0.0	0.0	0.0	3	1.0224753599133258	10.857883393074918	230.0	33	1.05	0.95				
	313	2	174.37519771929823	35.53305915789473	0.0	0.0	3	1.043804115843169	17.38330702599608	230.0	34	1.05	0.95				
	314	2	127.65580512280701	25.662764947368423	0.0	0.0	3	1.0237992471062045	9.800923636119649	230.0	36	1.05	0.95				
	315	2	208.5922176491228	42.11325529824561	0.0	0.0	3	1.03791501685267	7.172318663969957	230.0	36	1.05	0.95				
	316	2	65.80196140350877	13.160392280701755	0.0	0.0	3	1.038615198601207	8.356855071309008	230.0	36	1.05	0.95				
	317	1	0.0	0.0	0.0	0.0	3	1.0458405137867892	9.867218803367813	230.0	37	1.05	0.95				
	318	2	219.1205314736842	44.74533375438596	0.0	0.0	3	1.0424010582065755	7.975355245657162	230.0	37	1.05	0.95				
	319	1	119.10155014035087	24.34672571929824	0.0	0.0	3	1.0374418762333841	10.124298707069222	230.0	35	1.05	0.95				
	320	1	84.22651059649122	17.10850996491228	0.0	0.0	3	1.0389053038345406	11.41171993107516	230.0	35	1.05	0.95				
	321	2	0.0	0.0	0.0	0.0	3	1.0421944805100574	8.311446565328708	230.0	37	1.05	0.95				
	322	2	0.0	0.0	0.0	0.0	3	1.05	13.251861914373706	230.0	37	1.05	0.95				
	323	2	0.0	0.0	0.0	0.0	3	1.0399139754333313	11.928245360433229	230.0	35	1.05	0.95				
	324	1	0.0	0.0	0.0	0.0	3	1.0250274777413462	6.995497371602096	230.0	36	1.05	0.95				
	325	1	0.0	0.0	0.0	0.0	3	1.0416581049063265	11.90018613884556	230.0	35	1.05	0.95				
];
