%% MATPOWER Case Format : Version 2
function mpc = RTS_GMLC
mpc.version = '2';

%%-----  Power Flow Data  -----%%
%% system MVA base
mpc.baseMVA = 100.0;
%% bus data
%    bus_i    type    Pd    Qd    Gs    Bs    area    Vm    Va    baseKV    zone    Vmax    Vmin
mpc.bus = [
	101	2	45.316180117894746	9.231073727719298	0.0	0.0	1	1.015633127695182	-4.358724866432328	138.0	11	1.05	0.95				
	102	2	40.70064325403509	8.391885207017545	0.0	0.0	1	1.0147979248668744	-4.558346077833145	138.0	12	1.05	0.95				
	103	1	75.5269668631579	15.524987632982457	0.0	0.0	1	1.028642215609248	-0.7951922223898805	138.0	11	1.05	0.95				
	104	1	31.049975265964914	6.2939139052631585	0.0	0.0	1	1.016693933573587	-4.60548628325635	138.0	11	1.05	0.95				
	105	1	29.791192484912283	5.874319644912282	0.0	0.0	1	1.0277153646215944	-5.606083560672418	138.0	11	1.05	0.95				
	106	1	57.064819407719305	11.748639289824563	0.0	-100.0	1	1.0421975976040763	-6.783235281197804	138.0	12	1.05	0.95				
	107	2	52.44928254385965	10.48985650877193	0.0	0.0	1	1.0012817446340136	-10.276563002059355	138.0	12	1.05	0.95				
	108	1	71.75061852	14.685799112280701	0.0	0.0	1	1.0055218503846721	-9.211220652817142	138.0	12	1.05	0.95				
	109	1	73.42899556140351	15.105393372631578	0.0	0.0	1	1.0255260853730883	-3.8236539880335516	138.0	13	1.05	0.95				
	110	1	81.82088076842106	16.78377041403509	0.0	0.0	1	1.05	-5.506980022959754	138.0	13	1.05	0.95				
	111	1	0.0	0.0	0.0	0.0	1	1.006843757921747	-1.0591469724878955	230.0	13	1.05	0.95				
	112	1	0.0	0.0	0.0	0.0	1	1.009064965635531	-1.6824216250987916	230.0	13	1.05	0.95				
	113	3	111.19247899298246	22.658090058947373	0.0	0.0	1	0.9999483314642509	-1.77048042776157e-30	230.0	14	1.05	0.95				
	114	2	81.40128650807019	16.364176153684213	0.0	0.0	1	1.0103414994948965	1.731861348575991	230.0	16	1.05	0.95				
	115	2	133.01138053122807	26.85403266245614	0.0	0.0	1	1.0426799739738986	9.46021973725002	230.0	16	1.05	0.95				
	116	2	41.95942603508772	8.391885207017545	0.0	0.0	1	1.03667425622735	8.121209917756941	230.0	16	1.05	0.95				
	117	1	0.0	0.0	0.0	0.0	1	1.0417850459855729	12.997871575278124	230.0	17	1.05	0.95				
	118	2	139.72488869684213	28.532409703859653	0.0	0.0	1	1.0494083691511753	13.54329487184958	230.0	17	1.05	0.95				
	119	1	75.94656112350879	15.524987632982457	0.0	0.0	1	1.0251287315790842	4.976971023317157	230.0	15	1.05	0.95				
	120	1	53.70806532491228	10.909450769122808	0.0	0.0	1	1.0197735623746318	2.891863593113035	230.0	15	1.05	0.95				
	121	2	0.0	0.0	0.0	0.0	1	1.05	14.972167794383315	230.0	17	1.05	0.95				
	122	2	0.0	0.0	0.0	0.0	1	1.05	28.62683654069407	230.0	17	1.05	0.95				
	123	2	0.0	0.0	0.0	0.0	1	1.017594068578754	2.065063952275295	230.0	15	1.05	0.95				
	124	1	0.0	0.0	0.0	0.0	1	1.0245996923361709	5.632434871674416	230.0	16	1.05	0.95				
	201	2	40.782622395789474	8.307571228771929	0.0	0.0	2	1.012973603902265	-10.73351914445558	138.0	21	1.05	0.95				
	202	2	36.62883678140351	7.552337480701754	0.0	0.0	2	1.012102148075763	-10.97261903432895	138.0	22	1.05	0.95				
	203	1	67.97103732631578	13.971824339298244	0.0	0.0	2	1.0159929757058814	-8.343830573557042	138.0	21	1.05	0.95				
	204	1	27.94364867859649	5.664253110526316	0.0	0.0	2	1.0127068139759274	-10.541603576348225	138.0	21	1.05	0.95				
	205	1	26.810798056491226	5.286636236491228	0.0	0.0	2	1.0269320802027213	-10.834572552314468	138.0	21	1.05	0.95				
	206	1	51.355894868771934	10.573272472982456	0.0	-100.0	2	1.0429400052440814	-11.376244767532928	138.0	22	1.05	0.95				
	207	2	47.20210925438596	9.440421850877193	0.0	0.0	2	0.9956747363129127	-15.861817170616565	138.0	22	1.05	0.95				
	208	1	64.57248546	13.21659059122807	0.0	0.0	2	1.0026490162809676	-14.193532415323109	138.0	22	1.05	0.95				
	209	1	66.08295295614035	13.594207465263155	0.0	0.0	2	1.023799814071306	-8.623433668392256	138.0	23	1.05	0.95				
	210	1	73.6352904368421	15.104674961403507	0.0	0.0	2	1.05	-9.718021844450897	138.0	23	1.05	0.95				
	211	1	0.0	0.0	0.0	0.0	2	1.0022628472160315	-6.275543732626606	230.0	23	1.05	0.95				
	212	1	0.0	0.0	0.0	0.0	2	1.0094791391010516	-3.377095012297525	230.0	23	1.05	0.95				
	213	2	100.06847161929824	20.391311197894737	0.0	0.0	2	0.9964113792158082	-4.501303514086682	230.0	24	1.05	0.95				
	214	2	73.25767356280701	14.727058087368421	0.0	0.0	2	0.998590559321957	-4.779266736128585	230.0	26	1.05	0.95				
	215	2	119.7045490691228	24.167479938245613	0.0	0.0	2	1.0202521063440235	0.2498680191805637	230.0	26	1.05	0.95				
	216	2	37.76168740350877	7.552337480701754	0.0	0.0	2	1.0192805739957953	-0.38752640281904216	230.0	26	1.05	0.95				
	217	1	0.0	0.0	0.0	0.0	2	1.0251759150033861	1.075487242714021	230.0	27	1.05	0.95				
	218	2	125.7464190536842	25.677947434385967	0.0	0.0	2	1.0247544046680959	0.7832276934081022	230.0	27	1.05	0.95				
	219	1	68.34865420035088	13.971824339298244	0.0	0.0	2	1.0198175366097508	-0.38038905087728536	230.0	25	1.05	0.95				
	220	1	48.334959876491226	9.81803872491228	0.0	0.0	2	1.0225949563588148	0.37314881025653857	230.0	25	1.05	0.95				
	221	2	0.0	0.0	0.0	0.0	2	1.0267768013775043	1.400532229057337	230.0	27	1.05	0.95				
	222	2	0.0	0.0	0.0	0.0	2	1.0485070439578532	7.781784141640815	230.0	27	1.05	0.95				
	223	2	0.0	0.0	0.0	0.0	2	1.0246475984582957	1.078985032563949	230.0	25	1.05	0.95				
	224	1	0.0	0.0	0.0	0.0	2	1.0080018107424573	-2.9869337327127043	230.0	26	1.05	0.95				
	301	2	51.386270172631576	10.467573553684211	0.0	0.0	3	1.0080022523828633	9.061012612579727	138.0	31	1.05	0.95				
	302	2	46.152483395789474	9.515975957894737	0.0	0.0	3	1.0073518190557094	8.774529666735324	138.0	32	1.05	0.95				
	303	1	85.64378362105262	17.604555522105265	0.0	0.0	3	1.0457280626390153	19.714601272151064	138.0	31	1.05	0.95				
	304	1	35.20911104421053	7.136981968421052	0.0	0.0	3	1.0087919925636402	9.767627112893926	138.0	31	1.05	0.95				
	305	1	33.78171465052631	6.661183170526316	0.0	0.0	3	1.0230052837773078	8.756053974856005	138.0	31	1.05	0.95				
	306	1	64.70863651368421	13.322366341052632	0.0	-100.0	3	1.03892663194201	8.019189878405488	138.0	32	1.05	0.95				
	307	2	59.4748497368421	11.894969947368422	0.0	0.0	3	0.9855135023124895	2.7048567862314408	138.0	32	1.05	0.95				
	308	1	81.36159443999999	16.65295792631579	0.0	0.0	3	0.9929182847394488	4.874490279159855	138.0	32	1.05	0.95				
	309	1	83.26478963157895	17.128756724210525	0.0	0.0	3	1.0248187550178767	12.537808212683201	138.0	33	1.05	0.95				
	310	1	92.78076558947367	19.031951915789474	0.0	0.0	3	1.05	9.984996107434442	138.0	33	1.05	0.95				
	311	1	0.0	0.0	0.0	0.0	3	1.0086330785615774	14.561387200523024	230.0	33	1.05	0.95				
	312	1	0.0	0.0	0.0	0.0	3	1.0149782061181576	14.315519628298357	230.0	33	1.05	0.95				
	313	2	126.08668144210526	25.693135086315788	0.0	0.0	3	1.0102412414737643	15.784564868457203	230.0	34	1.05	0.95				
	314	2	92.30496679157895	18.556153117894738	0.0	0.0	3	1.0058487314506626	16.896029352057475	230.0	36	1.05	0.95				
	315	2	150.82821893263156	30.451123065263157	0.0	0.0	3	1.0403564492809816	18.923844216407137	230.0	36	1.05	0.95				
	316	2	47.57987978947369	9.515975957894737	0.0	0.0	3	1.035115918956771	18.95926235231649	230.0	36	1.05	0.95				
	317	1	0.0	0.0	0.0	0.0	3	1.05	22.796713901048122	230.0	37	1.05	0.95				
	318	2	158.44099969894737	32.354318256842106	0.0	0.0	3	1.047029565364423	19.610807183391852	230.0	37	1.05	0.95				
	319	1	86.11958241894737	17.604555522105265	0.0	0.0	3	1.0298855624718988	18.161416964588902	230.0	35	1.05	0.95				
	320	1	60.902246130526315	12.370768745263158	0.0	0.0	3	1.0261677758684666	17.14241330148836	230.0	35	1.05	0.95				
	321	2	0.0	0.0	0.0	0.0	3	1.045599154566765	20.044144172629053	230.0	37	1.05	0.95				
	322	2	0.0	0.0	0.0	0.0	3	1.05	25.46718543523731	230.0	37	1.05	0.95				
	323	2	0.0	0.0	0.0	0.0	3	1.0240966388226058	16.615640882723262	230.0	35	1.05	0.95				
	324	1	0.0	0.0	0.0	0.0	3	1.040736543220052	20.678070221345408	230.0	36	1.05	0.95				
	325	1	0.0	0.0	0.0	0.0	3	1.0273801083883287	16.48772960190504	230.0	35	1.05	0.95				
];
