%% MATPOWER Case Format : Version 2
function mpc = RTS_GMLC
mpc.version = '2';

%%-----  Power Flow Data  -----%%
%% system MVA base
mpc.baseMVA = 100.0;
%% bus data
%    bus_i    type    Pd    Qd    Gs    Bs    area    Vm    Va    baseKV    zone    Vmax    Vmin
mpc.bus = [
	101	2	62.84413656000001	12.801583373333333	0.0	0.0	1	1.0499998915461042	1.9474681770653182	138.0	11	1.05	0.95				
	102	2	56.44334487333333	11.637803066666669	0.0	0.0	1	1.0488429508815105	1.59917869339909	138.0	12	1.05	0.95				
	103	1	104.74022760000001	21.529935673333334	0.0	0.0	1	1.031262269590859	-0.5389845847234908	138.0	11	1.05	0.95				
	104	1	43.05987134666667	8.728352300000001	0.0	0.0	1	1.0282547110081666	-1.9012063410462412	138.0	11	1.05	0.95				
	105	1	41.31420088666667	8.146462146666668	0.0	0.0	1	1.0414581708427177	-2.1583293831134527	138.0	11	1.05	0.95				
	106	1	79.13706085333334	16.292924293333336	0.0	-100.0	1	1.0442017072941459	-5.080049442344913	138.0	12	1.05	0.95				
	107	2	72.73626916666667	14.547253833333334	0.0	0.0	1	0.9987555797877812	-11.142926393773399	138.0	12	1.05	0.95				
	108	1	99.50321622	20.366155366666668	0.0	0.0	1	0.9984668222792062	-9.956684182416101	138.0	12	1.05	0.95				
	109	1	101.83077683333335	20.94804552	0.0	0.0	1	1.0254760007302834	-3.5008540602963825	138.0	13	1.05	0.95				
	110	1	113.46857990000001	23.275606133333337	0.0	0.0	1	1.05	-4.570492787962672	138.0	13	1.05	0.95				
	111	1	0.0	0.0	0.0	0.0	1	1.008654738094523	-1.3421469569569286	230.0	13	1.05	0.95				
	112	1	0.0	0.0	0.0	0.0	1	1.011817607511057	-0.8502989208437502	230.0	13	1.05	0.95				
	113	3	154.20089063333333	31.422068280000005	0.0	0.0	1	1.0043259994520068	-1.728781918015651e-29	230.0	14	1.05	0.95				
	114	2	112.88668974666666	22.693715980000004	0.0	0.0	1	1.0085485029265093	0.27227023102093734	230.0	16	1.05	0.95				
	115	2	184.45917860666668	37.240969813333336	0.0	0.0	1	1.040488512304126	6.328136742858226	230.0	16	1.05	0.95				
	116	2	58.18901533333334	11.637803066666669	0.0	0.0	1	1.0371704025333544	6.039646157344535	230.0	16	1.05	0.95				
	117	1	0.0	0.0	0.0	0.0	1	1.043110844513105	8.956869652025555	230.0	17	1.05	0.95				
	118	2	193.76942106	39.56853042666667	0.0	0.0	1	1.0467001217970353	9.15430303010558	230.0	17	1.05	0.95				
	119	1	105.32211775333336	21.529935673333334	0.0	0.0	1	1.0295921758827153	4.8678242393605204	230.0	15	1.05	0.95				
	120	1	74.48193962666667	15.129143986666667	0.0	0.0	1	1.0270340133131057	4.609854011316335	230.0	15	1.05	0.95				
	121	2	0.0	0.0	0.0	0.0	1	1.05	10.360713293733598	230.0	17	1.05	0.95				
	122	2	0.0	0.0	0.0	0.0	1	1.05	19.274103775404427	230.0	17	1.05	0.95				
	123	2	0.0	0.0	0.0	0.0	1	1.026867427802078	4.9121408507879005	230.0	15	1.05	0.95				
	124	1	0.0	0.0	0.0	0.0	1	1.027955445292777	3.75901002970844	230.0	16	1.05	0.95				
	201	2	54.39949628210526	11.0813788722807	0.0	0.0	2	1.0216723434586026	-7.62044809398019	138.0	21	1.05	0.95				
	202	2	48.85880684596491	10.073980792982457	0.0	0.0	2	1.0222269578850525	-7.492542697866988	138.0	22	1.05	0.95				
	203	1	90.6658271368421	18.636864467017542	0.0	0.0	2	1.0148564661403319	-7.332393189389311	138.0	21	1.05	0.95				
	204	1	37.273728934035084	7.555485594736841	0.0	0.0	2	1.0153190892774295	-8.193793350997764	138.0	21	1.05	0.95				
	205	1	35.762631815087715	7.051786555087719	0.0	0.0	2	1.0296638154128506	-8.418479279362415	138.0	21	1.05	0.95				
	206	1	68.50306939228071	14.103573110175438	0.0	-100.0	2	1.0416837210505423	-9.342908847672874	138.0	22	1.05	0.95				
	207	2	62.962379956140346	12.592475991228069	0.0	0.0	2	0.9927011944420658	-16.351969665822427	138.0	22	1.05	0.95				
	208	1	86.13253578	17.629466387719294	0.0	0.0	2	0.9957845626825186	-14.005972203869872	138.0	22	1.05	0.95				
	209	1	88.14733193859648	18.133165427368418	0.0	0.0	2	1.024455205195854	-6.696167151515421	138.0	23	1.05	0.95				
	210	1	98.22131273157893	20.147961585964914	0.0	0.0	2	1.05	-7.611679227643301	138.0	23	1.05	0.95				
	211	1	0.0	0.0	0.0	0.0	2	1.007527033269113	-3.9462698103900604	230.0	23	1.05	0.95				
	212	1	0.0	0.0	0.0	0.0	2	1.0137752239749156	0.36112171339808957	230.0	23	1.05	0.95				
	213	2	133.48024550701754	27.19974814105263	0.0	0.0	2	1.0056212066058379	-1.5736388640797323	230.0	24	1.05	0.95				
	214	2	97.71761369192981	19.644262546315787	0.0	0.0	2	1.0064302655262662	-2.7133253921705487	230.0	26	1.05	0.95				
	215	2	159.67259556877192	32.23673853754386	0.0	0.0	2	1.0264687808630648	2.0435711163554764	230.0	26	1.05	0.95				
	216	2	50.369903964912275	10.073980792982457	0.0	0.0	2	1.0263808834999608	2.1163691113146466	230.0	26	1.05	0.95				
	217	1	0.0	0.0	0.0	0.0	2	1.0310876498360149	3.201856861411296	230.0	27	1.05	0.95				
	218	2	167.73178020315788	34.251534696140354	0.0	0.0	2	1.0298136033264762	2.6025961402663795	230.0	27	1.05	0.95				
	219	1	91.16952617649122	18.636864467017542	0.0	0.0	2	1.026070210726234	2.586537466616965	230.0	25	1.05	0.95				
	220	1	64.47347707508771	13.096175030877191	0.0	0.0	2	1.029740415777208	3.972673593415973	230.0	25	1.05	0.95				
	221	2	0.0	0.0	0.0	0.0	2	1.031788536585223	3.2206795622958375	230.0	27	1.05	0.95				
	222	2	0.0	0.0	0.0	0.0	2	1.05	9.707333683531047	230.0	27	1.05	0.95				
	223	2	0.0	0.0	0.0	0.0	2	1.0331611435766401	5.11193644744479	230.0	25	1.05	0.95				
	224	1	0.0	0.0	0.0	0.0	2	1.0105258854291848	-1.4621385703215464	230.0	26	1.05	0.95				
	301	2	64.79658337263157	13.199304020350876	0.0	0.0	3	1.0068452122846308	-14.721663778812777	138.0	31	1.05	0.95				
	302	2	58.19693136245614	11.999367291228069	0.0	0.0	3	1.0064223986734	-14.837418350948845	138.0	32	1.05	0.95				
	303	1	107.99430562105263	22.198829488771928	0.0	0.0	3	1.0186233870494912	-8.937974878959682	138.0	31	1.05	0.95				
	304	1	44.397658977543855	8.999525468421051	0.0	0.0	3	1.0052834624174098	-12.925814914758554	138.0	31	1.05	0.95				
	305	1	42.597753883859646	8.39955710385965	0.0	0.0	3	1.0196883716739156	-13.244743851492162	138.0	31	1.05	0.95				
	306	1	81.59569758035087	16.7991142077193	0.0	-100.0	3	1.034712023157712	-13.091452157502077	138.0	32	1.05	0.95				
	307	2	74.99604557017543	14.999209114035086	0.0	0.0	3	0.9945054968714725	-19.567264382761596	138.0	32	1.05	0.95				
	308	1	102.59459033999998	20.99889275964912	0.0	0.0	3	0.9953217449375988	-16.72981111959571	138.0	32	1.05	0.95				
	309	1	104.99446379824559	21.598861124210526	0.0	0.0	3	1.0253175293207852	-8.90772440987385	138.0	33	1.05	0.95				
	310	1	116.99383108947367	23.998734582456137	0.0	0.0	3	1.05	-9.844866250729764	138.0	33	1.05	0.95				
	311	1	0.0	0.0	0.0	0.0	3	1.014475605502602	-3.0651828744368115	230.0	33	1.05	0.95				
	312	1	0.0	0.0	0.0	0.0	3	1.0165189043794889	-2.4860170654332645	230.0	33	1.05	0.95				
	313	2	158.9916166087719	32.39829168631579	0.0	0.0	3	1.025624558085446	1.6190234456611192	230.0	34	1.05	0.95				
	314	2	116.39386272491228	23.398766217894735	0.0	0.0	3	1.021235566707223	-0.8967248900787568	230.0	36	1.05	0.95				
	315	2	190.1899715659649	38.39797533192982	0.0	0.0	3	1.0346132822634448	-0.9123104056666287	230.0	36	1.05	0.95				
	316	2	59.99683645614034	11.999367291228069	0.0	0.0	3	1.0342531681450517	0.015058777432958578	230.0	36	1.05	0.95				
	317	1	0.0	0.0	0.0	0.0	3	1.0397370094760332	1.603501813549932	230.0	37	1.05	0.95				
	318	2	199.78946539894736	40.797848790175436	0.0	0.0	3	1.0368639486210822	0.7179025452441142	230.0	37	1.05	0.95				
	319	1	108.59427398561404	22.198829488771928	0.0	0.0	3	1.0331298175348644	1.1011381250766537	230.0	35	1.05	0.95				
	320	1	76.79595066385964	15.59917747859649	0.0	0.0	3	1.0335562710622044	1.677727611560666	230.0	35	1.05	0.95				
	321	2	0.0	0.0	0.0	0.0	3	1.0381010865450047	0.7340409500241106	230.0	37	1.05	0.95				
	322	2	0.0	0.0	0.0	0.0	3	1.05	5.388714564430833	230.0	37	1.05	0.95				
	323	2	0.0	0.0	0.0	0.0	3	1.0340856055463934	1.9903997920529972	230.0	35	1.05	0.95				
	324	1	0.0	0.0	0.0	0.0	3	1.0211342019700602	-1.8314168756763152	230.0	36	1.05	0.95				
	325	1	0.0	0.0	0.0	0.0	3	1.0339768921463341	2.70304124001182	230.0	35	1.05	0.95				
];
