%% MATPOWER Case Format : Version 2
function mpc = RTS_GMLC
mpc.version = '2';

%%-----  Power Flow Data  -----%%
%% system MVA base
mpc.baseMVA = 100.0;
%% bus data
%    bus_i    type    Pd    Qd    Gs    Bs    area    Vm    Va    baseKV    zone    Vmax    Vmin
mpc.bus = [
	101	2	45.062345368421056	9.179366649122807	0.0	0.0	1	1.03341252786901	1.833520736562209	138.0	11	1.05	0.95				
	102	2	40.47266204385965	8.344878771929826	0.0	0.0	1	1.0324995987439718	1.5717970905479108	138.0	12	1.05	0.95				
	103	1	75.10390894736842	15.438025728070176	0.0	0.0	1	1.0281163072995614	0.5103893532803506	138.0	11	1.05	0.95				
	104	1	30.876051456140353	6.2586590789473675	0.0	0.0	1	1.0212577733283295	-1.3210121642627335	138.0	11	1.05	0.95				
	105	1	29.624319640350876	5.841415140350878	0.0	0.0	1	1.0360813006711025	-1.1321596240200003	138.0	11	1.05	0.95				
	106	1	56.745175649122814	11.682830280701756	0.0	-100.0	1	1.0457281249433075	-3.2597159966985587	138.0	12	1.05	0.95				
	107	2	52.1554923245614	10.431098464912282	0.0	0.0	1	1.001353892238598	-8.141449011947119	138.0	12	1.05	0.95				
	108	1	71.34871349999999	14.60353785087719	0.0	0.0	1	1.005384338759319	-7.0147193788871185	138.0	12	1.05	0.95				
	109	1	73.01768925438597	15.020781789473684	0.0	0.0	1	1.0244534299913537	-1.9937024254194209	138.0	13	1.05	0.95				
	110	1	81.36256802631578	16.689757543859653	0.0	0.0	1	1.05	-2.822510782681131	138.0	13	1.05	0.95				
	111	1	0.0	0.0	0.0	0.0	1	1.0032999894888956	-0.20783186169324844	230.0	13	1.05	0.95				
	112	1	0.0	0.0	0.0	0.0	1	1.0078368012243362	0.07271348130305264	230.0	13	1.05	0.95				
	113	3	110.56964372807016	22.531172684210528	0.0	0.0	1	0.9950183564577735	-5.576054597303715e-27	230.0	14	1.05	0.95				
	114	2	80.9453240877193	16.272513605263157	0.0	0.0	1	1.0005373024008777	1.9422604185431152	230.0	16	1.05	0.95				
	115	2	132.2663285350877	26.703612070175435	0.0	0.0	1	1.0353213849685363	8.003180814070225	230.0	16	1.05	0.95				
	116	2	41.724393859649126	8.344878771929826	0.0	0.0	1	1.031278820139521	7.397203124372843	230.0	16	1.05	0.95				
	117	1	0.0	0.0	0.0	0.0	1	1.0386367413071138	9.471864198458302	230.0	17	1.05	0.95				
	118	2	138.9422315526316	28.372587824561407	0.0	0.0	1	1.0407409164450938	9.618182919615805	230.0	17	1.05	0.95				
	119	1	75.52115288596491	15.438025728070176	0.0	0.0	1	1.024958022234495	6.182778132592405	230.0	15	1.05	0.95				
	120	1	53.40722414035087	10.848342403508772	0.0	0.0	1	1.0224285879664754	5.936999749055007	230.0	15	1.05	0.95				
	121	2	0.0	0.0	0.0	0.0	1	1.0441294991557806	10.712491568690155	230.0	17	1.05	0.95				
	122	2	0.0	0.0	0.0	0.0	1	1.05	16.731094078695868	230.0	17	1.05	0.95				
	123	2	0.0	0.0	0.0	0.0	1	1.021519026739824	6.126499065162908	230.0	15	1.05	0.95				
	124	1	0.0	0.0	0.0	0.0	1	1.0229720159216096	5.191781510169605	230.0	16	1.05	0.95				
	201	2	46.18857232421053	9.408783251228071	0.0	0.0	2	1.026460302566618	-6.756586061998787	138.0	21	1.05	0.95				
	202	2	41.48418069859649	8.553439319298246	0.0	0.0	2	1.0274457888420525	-6.548857855654045	138.0	22	1.05	0.95				
	203	1	76.98095387368423	15.823862740701756	0.0	0.0	2	1.017637899508661	-6.416112628659567	138.0	21	1.05	0.95				
	204	1	31.647725481403512	6.415079489473683	0.0	0.0	2	1.0184017677607824	-8.233074996732554	138.0	21	1.05	0.95				
	205	1	30.36470958350877	5.9874075235087725	0.0	0.0	2	1.0330400359831844	-8.466710969956534	138.0	21	1.05	0.95				
	206	1	58.16338737122808	11.974815047017545	0.0	-100.0	2	1.044811613272799	-9.804948161615672	138.0	22	1.05	0.95				
	207	2	53.45899574561403	10.691799149122808	0.0	0.0	2	0.9923699080769155	-16.015142991793603	138.0	22	1.05	0.95				
	208	1	73.13190618	14.96851880877193	0.0	0.0	2	0.9985484260234975	-14.083991453869203	138.0	22	1.05	0.95				
	209	1	74.84259404385966	15.396190774736842	0.0	0.0	2	1.023045271832667	-7.855502648348559	138.0	23	1.05	0.95				
	210	1	83.3960333631579	17.10687863859649	0.0	0.0	2	1.05	-8.830074716841198	138.0	23	1.05	0.95				
	211	1	0.0	0.0	0.0	0.0	2	1.004636659676368	-5.160952008892781	230.0	23	1.05	0.95				
	212	1	0.0	0.0	0.0	0.0	2	1.0076761174385322	-4.302014457679914	230.0	23	1.05	0.95				
	213	2	113.33307098070176	23.094286162105266	0.0	0.0	2	0.9992252976074093	-3.9033034886334517	230.0	24	1.05	0.95				
	214	2	82.96836139719298	16.67920667263158	0.0	0.0	2	1.0042042136084384	-2.9565620469156966	230.0	26	1.05	0.95				
	215	2	135.5720132108772	27.37100582175439	0.0	0.0	2	1.0231977164582071	2.638924869959585	230.0	26	1.05	0.95				
	216	2	42.76719659649123	8.553439319298246	0.0	0.0	2	1.024244552127065	2.746891832221886	230.0	26	1.05	0.95				
	217	1	0.0	0.0	0.0	0.0	2	1.029800758259123	4.7062428759871135	230.0	27	1.05	0.95				
	218	2	142.4147646663158	29.08169368561404	0.0	0.0	2	1.029967211260736	4.627967762777957	230.0	27	1.05	0.95				
	219	1	77.40862583964912	15.823862740701756	0.0	0.0	2	1.0243718992229238	2.7270848108492096	230.0	25	1.05	0.95				
	220	1	54.74201164350878	11.11947111508772	0.0	0.0	2	1.0273656134092588	3.5466700777803246	230.0	25	1.05	0.95				
	221	2	0.0	0.0	0.0	0.0	2	1.0310202467959635	4.750742051471946	230.0	27	1.05	0.95				
	222	2	0.0	0.0	0.0	0.0	2	1.05	11.226300764362238	230.0	27	1.05	0.95				
	223	2	0.0	0.0	0.0	0.0	2	1.029788811952352	4.322782333811934	230.0	25	1.05	0.95				
	224	1	0.0	0.0	0.0	0.0	2	1.0099207232766063	-0.7676227539152297	230.0	26	1.05	0.95				
	301	2	45.202151216842104	9.207845618245614	0.0	0.0	3	1.0069811212968953	-13.197795559243447	138.0	31	1.05	0.95				
	302	2	40.5982284077193	8.37076874385965	0.0	0.0	3	1.0069610046045652	-13.254058601045822	138.0	32	1.05	0.95				
	303	1	75.33691869473684	15.48592217614035	0.0	0.0	3	1.0206347223412677	-8.556626117649209	138.0	31	1.05	0.95				
	304	1	30.9718443522807	6.278076557894736	0.0	0.0	3	1.0115574399987202	-11.266360726873462	138.0	31	1.05	0.95				
	305	1	29.71622904070175	5.859538120701755	0.0	0.0	3	1.0231068838178663	-12.728601225025884	138.0	31	1.05	0.95				
	306	1	56.92122745824562	11.71907624140351	0.0	-100.0	3	1.0404900164232653	-12.95654784618023	138.0	32	1.05	0.95				
	307	2	52.31730464912281	10.463460929824562	0.0	0.0	3	0.9951302093758472	-16.88410684814514	138.0	32	1.05	0.95				
	308	1	71.57007275999999	14.648845301754385	0.0	0.0	3	1.001704365029766	-15.013866497531035	138.0	32	1.05	0.95				
	309	1	73.24422650877193	15.067383738947369	0.0	0.0	3	1.0289997794308556	-7.945126267615134	138.0	33	1.05	0.95				
	310	1	81.61499525263157	16.7415374877193	0.0	0.0	3	1.05	-10.911314108128442	138.0	33	1.05	0.95				
	311	1	0.0	0.0	0.0	0.0	3	1.0072737762067694	-5.517618040822816	230.0	33	1.05	0.95				
	312	1	0.0	0.0	0.0	0.0	3	1.0113906526976917	-5.092202254874043	230.0	33	1.05	0.95				
	313	2	110.91268585614034	22.601075608421052	0.0	0.0	3	1.0091712285128687	-2.378409203121615	230.0	34	1.05	0.95				
	314	2	81.1964568154386	16.322999050526317	0.0	0.0	3	1.0033856932155671	-4.219696991142387	230.0	36	1.05	0.95				
	315	2	132.67668459017543	26.78645998035088	0.0	0.0	3	1.0275088039852571	-0.7653630598919943	230.0	36	1.05	0.95				
	316	2	41.85384371929825	8.37076874385965	0.0	0.0	3	1.0268543032348945	0.11285778133772725	230.0	36	1.05	0.95				
	317	1	0.0	0.0	0.0	0.0	3	1.0340008149260882	1.9950983913003162	230.0	37	1.05	0.95				
	318	2	139.37329958526317	28.46061372912281	0.0	0.0	3	1.0318263241980794	1.2407898251990295	230.0	37	1.05	0.95				
	319	1	75.75545713192983	15.48592217614035	0.0	0.0	3	1.0217942772884407	-0.7556832392255182	230.0	35	1.05	0.95				
	320	1	53.57291996070176	10.881999367017544	0.0	0.0	3	1.0202606038588415	-0.689697851821846	230.0	35	1.05	0.95				
	321	2	0.0	0.0	0.0	0.0	3	1.0326670795534911	1.130917565540771	230.0	37	1.05	0.95				
	322	2	0.0	0.0	0.0	0.0	3	1.0465506537600864	5.805704558656517	230.0	37	1.05	0.95				
	323	2	0.0	0.0	0.0	0.0	3	1.0199571811336599	-0.3261897818205216	230.0	35	1.05	0.95				
	324	1	0.0	0.0	0.0	0.0	3	1.0150522738934924	-3.690352584353315	230.0	36	1.05	0.95				
	325	1	0.0	0.0	0.0	0.0	3	1.019458629085664	0.6186647998119866	230.0	35	1.05	0.95				
];
