%% MATPOWER Case Format : Version 2
function mpc = RTS_GMLC
mpc.version = '2';

%%-----  Power Flow Data  -----%%
%% system MVA base
mpc.baseMVA = 100.0;
%% bus data
%    bus_i    type    Pd    Qd    Gs    Bs    area    Vm    Va    baseKV    zone    Vmax    Vmin
mpc.bus = [
	101	2	57.607125195789486	11.734784762105264	0.0	0.0	1	1.0362507731051682	2.090896430488206	138.0	11	1.05	0.95				
	102	2	51.73973281473685	10.667986147368422	0.0	0.0	1	1.0362229095863396	2.0514452326905186	138.0	12	1.05	0.95				
	103	1	96.0118753263158	19.73577437263158	0.0	0.0	1	1.0263750416046584	-0.3115561040768491	138.0	11	1.05	0.95				
	104	1	39.47154874526316	8.000989610526316	0.0	0.0	1	1.0210775985360452	-1.377808506258077	138.0	11	1.05	0.95				
	105	1	37.8713508231579	7.4675903031578965	0.0	0.0	1	1.0358066945811841	-1.1832033955701033	138.0	11	1.05	0.95				
	106	1	72.54230580210528	14.935180606315793	0.0	-100.0	1	1.0430814635457326	-3.518035751508604	138.0	12	1.05	0.95				
	107	2	66.67491342105264	13.334982684210528	0.0	0.0	1	1.0260653211431419	-2.4067872012279103	138.0	12	1.05	0.95				
	108	1	91.21128156000002	18.66897575789474	0.0	0.0	1	1.017850463404859	-4.102288363137391	138.0	12	1.05	0.95				
	109	1	93.3448787894737	19.202375065263162	0.0	0.0	1	1.0255686502863965	-2.037897997781647	138.0	13	1.05	0.95				
	110	1	104.01286493684212	21.335972294736845	0.0	0.0	1	1.05	-2.8333508504576854	138.0	13	1.05	0.95				
	111	1	0.0	0.0	0.0	0.0	1	1.0058266019724618	-0.4462315309515889	230.0	13	1.05	0.95				
	112	1	0.0	0.0	0.0	0.0	1	1.0105282722004145	0.23065831292692873	230.0	13	1.05	0.95				
	113	3	141.3508164526316	28.803562597894743	0.0	0.0	1	0.9992429247230156	1.7974499166120444e-29	230.0	14	1.05	0.95				
	114	2	103.4794656294737	20.80257298736842	0.0	0.0	1	1.0028511895634211	1.2665881345328955	230.0	16	1.05	0.95				
	115	2	169.08758043578948	34.13755567157895	0.0	0.0	1	1.0402295219076716	7.101708495694137	230.0	16	1.05	0.95				
	116	2	53.33993073684211	10.667986147368422	0.0	0.0	1	1.0361115989701468	6.82918197921755	230.0	16	1.05	0.95				
	117	1	0.0	0.0	0.0	0.0	1	1.0437515425455033	8.727177858497182	230.0	17	1.05	0.95				
	118	2	177.62196935368425	36.27115290105264	0.0	0.0	1	1.0465175036167245	8.810381906129308	230.0	17	1.05	0.95				
	119	1	96.54527463368422	19.73577437263158	0.0	0.0	1	1.0296733318444498	6.030430075878612	230.0	15	1.05	0.95				
	120	1	68.2751113431579	13.868381991578948	0.0	0.0	1	1.028214358900814	6.363080651296628	230.0	15	1.05	0.95				
	121	2	0.0	0.0	0.0	0.0	1	1.05	9.377984857457761	230.0	17	1.05	0.95				
	122	2	0.0	0.0	0.0	0.0	1	1.05	15.780917845112905	230.0	17	1.05	0.95				
	123	2	0.0	0.0	0.0	0.0	1	1.0285324436552163	6.953703265153422	230.0	15	1.05	0.95				
	124	1	0.0	0.0	0.0	0.0	1	1.0254170018850162	4.341148771277753	230.0	16	1.05	0.95				
	201	2	52.44451438736842	10.683141819649125	0.0	0.0	2	1.031378063092166	-5.385987680971916	138.0	21	1.05	0.95				
	202	2	47.10294347754386	9.71194710877193	0.0	0.0	2	1.0316855766086557	-5.386850901068155	138.0	22	1.05	0.95				
	203	1	87.40752397894738	17.96710215122807	0.0	0.0	2	1.0246060178967162	-4.588846404230928	138.0	21	1.05	0.95				
	204	1	35.93420430245614	7.283960331578947	0.0	0.0	2	1.0194574601435435	-7.748164062282332	138.0	21	1.05	0.95				
	205	1	34.477412236140346	6.798362976140352	0.0	0.0	2	1.0344251692198474	-7.925469373296454	138.0	21	1.05	0.95				
	206	1	66.04124033964914	13.596725952280703	0.0	-100.0	2	1.0438224965087874	-9.809739891025416	138.0	22	1.05	0.95				
	207	2	60.69966942982457	12.139933885964913	0.0	0.0	2	0.9882952924714931	-17.14111881689345	138.0	22	1.05	0.95				
	208	1	83.03714778	16.995907440350877	0.0	0.0	2	0.9938827550764657	-14.905187407163005	138.0	22	1.05	0.95				
	209	1	84.97953720175438	17.481504795789473	0.0	0.0	2	1.0238305360947042	-7.704853802695402	138.0	23	1.05	0.95				
	210	1	94.69148431052632	19.42389421754386	0.0	0.0	2	1.05	-8.960789147952875	138.0	23	1.05	0.95				
	211	1	0.0	0.0	0.0	0.0	2	1.0079720586290235	-5.121367008149467	230.0	23	1.05	0.95				
	212	1	0.0	0.0	0.0	0.0	2	1.0113806869845077	-4.562030838438566	230.0	23	1.05	0.95				
	213	2	128.68329919122806	26.22225719368421	0.0	0.0	2	1.0028102391693552	-4.289028693968144	230.0	24	1.05	0.95				
	214	2	94.20588695508772	18.938296862105265	0.0	0.0	2	1.0105022632530976	-2.5480767684623276	230.0	26	1.05	0.95				
	215	2	153.9343616740351	31.07823074807018	0.0	0.0	2	1.0313004577392646	4.055655218738917	230.0	26	1.05	0.95				
	216	2	48.55973554385965	9.71194710877193	0.0	0.0	2	1.0330479554918026	3.9987238531112608	230.0	26	1.05	0.95				
	217	1	0.0	0.0	0.0	0.0	2	1.0380537812473878	6.789527313989554	230.0	27	1.05	0.95				
	218	2	161.70391936105264	33.02062016982457	0.0	0.0	2	1.0398548571086064	7.38287645018099	230.0	27	1.05	0.95				
	219	1	87.89312133438597	17.96710215122807	0.0	0.0	2	1.0326171505999455	3.0523186114482335	230.0	25	1.05	0.95				
	220	1	62.15646149614036	12.62553124140351	0.0	0.0	2	1.0358342601188018	3.1650205774383746	230.0	25	1.05	0.95				
	221	2	0.0	0.0	0.0	0.0	2	1.0394036513252392	7.026579400333259	230.0	27	1.05	0.95				
	222	2	0.0	0.0	0.0	0.0	2	1.05	13.435083969542255	230.0	27	1.05	0.95				
	223	2	0.0	0.0	0.0	0.0	2	1.0384194281486843	3.5908274154637136	230.0	25	1.05	0.95				
	224	1	0.0	0.0	0.0	0.0	2	1.0179659595295218	0.807889281920789	230.0	26	1.05	0.95				
	301	2	52.6162606863158	10.718127176842104	0.0	0.0	3	1.0074917687638985	-25.470792469919527	138.0	31	1.05	0.95				
	302	2	47.25719709789473	9.743751978947369	0.0	0.0	3	1.0069581814430435	-25.595775602579717	138.0	32	1.05	0.95				
	303	1	87.69376781052631	18.025941161052632	0.0	0.0	3	1.0233418859986694	-19.2266278852418	138.0	31	1.05	0.95				
	304	1	36.051882322105264	7.307813984210526	0.0	0.0	3	1.0089351087533134	-23.94574190010335	138.0	31	1.05	0.95				
	305	1	34.590319525263155	6.820626385263158	0.0	0.0	3	1.0222580373622514	-24.79519033681323	138.0	31	1.05	0.95				
	306	1	66.2575134568421	13.641252770526316	0.0	-100.0	3	1.0384480107664495	-24.982097865225175	138.0	32	1.05	0.95				
	307	2	60.898449868421054	12.17968997368421	0.0	0.0	3	0.9926793945465526	-30.42231248113784	138.0	32	1.05	0.95				
	308	1	83.30907942	17.051565963157895	0.0	0.0	3	0.9969219879121166	-28.175427166112524	138.0	32	1.05	0.95				
	309	1	85.25782981578946	17.53875356210526	0.0	0.0	3	1.026561453961395	-20.606567714896524	138.0	33	1.05	0.95				
	310	1	95.00158179473684	19.487503957894738	0.0	0.0	3	1.05	-22.553835998884548	138.0	33	1.05	0.95				
	311	1	0.0	0.0	0.0	0.0	3	1.0128007685557239	-16.027563596679567	230.0	33	1.05	0.95				
	312	1	0.0	0.0	0.0	0.0	3	1.0138110195004975	-15.568338551107496	230.0	33	1.05	0.95				
	313	2	129.10471372105263	26.3081303431579	0.0	0.0	3	1.016372609818931	-12.46390437062398	230.0	34	1.05	0.95				
	314	2	94.51439419578946	19.00031635894737	0.0	0.0	3	1.0202214168754422	-13.565905330098543	230.0	36	1.05	0.95				
	315	2	154.4384688663158	31.180006332631578	0.0	0.0	3	1.0445929149558215	-7.562159627796803	230.0	36	1.05	0.95				
	316	2	48.71875989473684	9.743751978947369	0.0	0.0	3	1.0432508779302159	-7.1974547738272205	230.0	36	1.05	0.95				
	317	1	0.0	0.0	0.0	0.0	3	1.046269381218704	-5.0024309204680595	230.0	37	1.05	0.95				
	318	2	162.23347044947369	33.12875672842105	0.0	0.0	3	1.0466872948244381	-4.548976509552599	230.0	37	1.05	0.95				
	319	1	88.18095540947368	18.025941161052632	0.0	0.0	3	1.0390445221122282	-8.31134545600186	230.0	35	1.05	0.95				
	320	1	62.360012665263156	12.666877572631579	0.0	0.0	3	1.039012700953595	-8.356710880771782	230.0	35	1.05	0.95				
	321	2	0.0	0.0	0.0	0.0	3	1.0492874880405998	-4.015310803198636	230.0	37	1.05	0.95				
	322	2	0.0	0.0	0.0	0.0	3	1.05	0.48954689960865727	230.0	37	1.05	0.95				
	323	2	0.0	0.0	0.0	0.0	3	1.039775539829532	-8.01686609821401	230.0	35	1.05	0.95				
	324	1	0.0	0.0	0.0	0.0	3	1.0220034826050401	-11.888683901026528	230.0	36	1.05	0.95				
	325	1	0.0	0.0	0.0	0.0	3	1.0348200090763087	-6.5788695762706535	230.0	35	1.05	0.95				
];
