%% MATPOWER Case Format : Version 2
function mpc = RTS_GMLC
mpc.version = '2';

%%-----  Power Flow Data  -----%%
%% system MVA base
mpc.baseMVA = 100.0;
%% bus data
%    bus_i    type    Pd    Qd    Gs    Bs    area    Vm    Va    baseKV    zone    Vmax    Vmin
mpc.bus = [
	101	2	65.19544779789473	13.280554181052631	0.0	0.0	1	1.0499999913629634	2.7615562313074804	138.0	11	1.05	0.95				
	102	2	58.55517070736842	12.073231073684209	0.0	0.0	1	1.0489406475767729	2.3709764731499154	138.0	12	1.05	0.95				
	103	1	108.65907966315788	22.33547748631579	0.0	0.0	1	1.0318815497363225	1.7058217887859222	138.0	11	1.05	0.95				
	104	1	44.67095497263158	9.054923305263157	0.0	0.0	1	1.027734013593951	-1.3168437799303616	138.0	11	1.05	0.95				
	105	1	42.85997031157894	8.451261751578947	0.0	0.0	1	1.0406929122501893	-1.7899793646021522	138.0	11	1.05	0.95				
	106	1	82.09797130105262	16.902523503157894	0.0	-100.0	1	1.0431895884407612	-4.9843473396813085	138.0	12	1.05	0.95				
	107	2	75.4576942105263	15.091538842105262	0.0	0.0	1	0.9987905891008814	-13.202525385725014	138.0	12	1.05	0.95				
	108	1	103.22612567999998	21.128154378947368	0.0	0.0	1	0.9962608897867054	-11.12673313270638	138.0	12	1.05	0.95				
	109	1	105.64077189473684	21.731815932631577	0.0	0.0	1	1.024822138592668	-3.1347900590466313	138.0	13	1.05	0.95				
	110	1	117.71400296842106	24.146462147368418	0.0	0.0	1	1.05	-4.594011246897586	138.0	13	1.05	0.95				
	111	1	0.0	0.0	0.0	0.0	1	1.0119594628862905	-0.7558245748024548	230.0	13	1.05	0.95				
	112	1	0.0	0.0	0.0	0.0	1	1.0138468870317583	-1.2395358067246625	230.0	13	1.05	0.95				
	113	3	159.97031172631577	32.597723898947365	0.0	0.0	1	1.0079294453612249	4.5201334402114375e-30	230.0	14	1.05	0.95				
	114	2	117.11034141473684	23.54280059368421	0.0	0.0	1	1.0166810069879662	1.7461832094144556	230.0	16	1.05	0.95				
	115	2	191.36071251789474	38.63433943578947	0.0	0.0	1	1.0404603038898559	10.796443802211199	230.0	16	1.05	0.95				
	116	2	60.36615536842105	12.073231073684209	0.0	0.0	1	1.0367814069677919	8.950114628341002	230.0	16	1.05	0.95				
	117	1	0.0	0.0	0.0	0.0	1	1.0439376011686143	13.89764044784553	230.0	17	1.05	0.95				
	118	2	201.0192973768421	41.04898565052631	0.0	0.0	1	1.0499998343296868	15.347269427199887	230.0	17	1.05	0.95				
	119	1	109.2627412168421	22.33547748631579	0.0	0.0	1	1.0269258517998303	5.6001054527698635	230.0	15	1.05	0.95				
	120	1	77.26867887157894	15.695200395789474	0.0	0.0	1	1.0245833604932832	3.269659159994035	230.0	15	1.05	0.95				
	121	2	0.0	0.0	0.0	0.0	1	1.05	17.58289779173168	230.0	17	1.05	0.95				
	122	2	0.0	0.0	0.0	0.0	1	1.05	22.879577548450676	230.0	17	1.05	0.95				
	123	2	0.0	0.0	0.0	0.0	1	1.0249721789163193	2.4464761544418248	230.0	15	1.05	0.95				
	124	1	0.0	0.0	0.0	0.0	1	1.0258228858484875	7.3867713555737575	230.0	16	1.05	0.95				
	201	2	65.68739177684212	13.380764991578948	0.0	0.0	2	1.0144029882588947	-15.45234593492837	138.0	21	1.05	0.95				
	202	2	58.997009281052634	12.164331810526317	0.0	0.0	2	1.0137008182832468	-15.710641776288078	138.0	22	1.05	0.95				
	203	1	109.47898629473684	22.504013849473687	0.0	0.0	2	1.0127583834459084	-11.31051212522272	138.0	21	1.05	0.95				
	204	1	45.00802769894737	9.123248857894737	0.0	0.0	2	1.0091180807781965	-14.271836061493133	138.0	21	1.05	0.95				
	205	1	43.18337792736842	8.515032267368422	0.0	0.0	2	1.0239843769827672	-14.790788751122514	138.0	21	1.05	0.95				
	206	1	82.71745631157896	17.030064534736844	0.0	-100.0	2	1.0364832504837231	-15.107693574323816	138.0	22	1.05	0.95				
	207	2	76.02707381578948	15.205414763157895	0.0	0.0	2	0.9914466189566934	-22.727700088376828	138.0	22	1.05	0.95				
	208	1	104.00503698000001	21.287580668421054	0.0	0.0	2	0.9904700119981802	-19.799940524487873	138.0	22	1.05	0.95				
	209	1	106.43790334210527	21.89579725894737	0.0	0.0	2	1.0259156305474033	-10.60395702943247	138.0	23	1.05	0.95				
	210	1	118.60223515263158	24.328663621052634	0.0	0.0	2	1.05	-12.178198854430278	138.0	23	1.05	0.95				
	211	1	0.0	0.0	0.0	0.0	2	1.0194492507108865	-6.727446621758159	230.0	23	1.05	0.95				
	212	1	0.0	0.0	0.0	0.0	2	1.0203853674761065	-1.0647298672881431	230.0	23	1.05	0.95				
	213	2	161.1773964894737	32.84369588842106	0.0	0.0	2	1.0285779661324144	-3.1113065579105945	230.0	24	1.05	0.95				
	214	2	117.99401856210527	23.72044703052632	0.0	0.0	2	1.0254627671146304	-5.2757540029007695	230.0	26	1.05	0.95				
	215	2	192.80465919684212	38.92586179368421	0.0	0.0	2	1.0337087328797756	0.18794206315889767	230.0	26	1.05	0.95				
	216	2	60.82165905263158	12.164331810526317	0.0	0.0	2	1.0356947808867065	0.545431020798357	230.0	26	1.05	0.95				
	217	1	0.0	0.0	0.0	0.0	2	1.0361598004388726	1.1897985193142908	230.0	27	1.05	0.95				
	218	2	202.5361246452632	41.35872815578948	0.0	0.0	2	1.034393653409859	0.45089171201739614	230.0	27	1.05	0.95				
	219	1	110.08720288526317	22.504013849473687	0.0	0.0	2	1.0364527943825295	2.361529401394334	230.0	25	1.05	0.95				
	220	1	77.85172358736843	15.813631353684213	0.0	0.0	2	1.043355716477777	5.081191285034953	230.0	25	1.05	0.95				
	221	2	0.0	0.0	0.0	0.0	2	1.03663479514215	1.1694897772204826	230.0	27	1.05	0.95				
	222	2	0.0	0.0	0.0	0.0	2	1.05	7.676602813032789	230.0	27	1.05	0.95				
	223	2	0.0	0.0	0.0	0.0	2	1.05	7.003357561008168	230.0	25	1.05	0.95				
	224	1	0.0	0.0	0.0	0.0	2	1.0116002940654416	-4.076957949256114	230.0	26	1.05	0.95				
	301	2	51.300854147368426	10.450173992982455	0.0	0.0	3	1.0004940498737152	30.884434023444218	138.0	31	1.05	0.95				
	302	2	46.07576715087719	9.500158175438596	0.0	0.0	3	1.0002545039178186	30.91364366129317	138.0	32	1.05	0.95				
	303	1	85.50142357894737	17.5752926245614	0.0	0.0	3	1.0180319818032533	31.30471621328422	138.0	31	1.05	0.95				
	304	1	35.1505852491228	7.125118631578946	0.0	0.0	3	1.0057781987936283	32.631317329220785	138.0	31	1.05	0.95				
	305	1	33.72556152280701	6.6501107228070175	0.0	0.0	3	1.0180101043445757	32.823059635544325	138.0	31	1.05	0.95				
	306	1	64.60107559298245	13.300221445614035	0.0	-100.0	3	1.0368172639943425	33.346000591429245	138.0	32	1.05	0.95				
	307	2	59.375988596491226	11.875197719298244	0.0	0.0	3	0.964722885430382	32.175688170756935	138.0	32	1.05	0.95				
	308	1	81.2263524	16.625276807017542	0.0	0.0	3	0.9917799838706175	34.09260979961482	138.0	32	1.05	0.95				
	309	1	83.12638403508771	17.10028471578947	0.0	0.0	3	1.0259710193305138	35.974318459186755	138.0	33	1.05	0.95				
	310	1	92.62654221052631	19.000316350877192	0.0	0.0	3	1.05	36.274812812869556	138.0	33	1.05	0.95				
	311	1	0.0	0.0	0.0	0.0	3	1.0078525052771816	40.85046633544565	230.0	33	1.05	0.95				
	312	1	0.0	0.0	0.0	0.0	3	1.0190757298152548	42.00857356650259	230.0	33	1.05	0.95				
	313	2	125.8770958245614	25.650427073684213	0.0	0.0	3	1.0295178374465168	50.138092239333524	230.0	34	1.05	0.95				
	314	2	92.15153430175438	18.525308442105263	0.0	0.0	3	1.003385666513174	37.383343266491096	230.0	36	1.05	0.95				
	315	2	150.57750708070174	30.400506161403506	0.0	0.0	3	1.0401857155951455	28.290027405342244	230.0	36	1.05	0.95				
	316	2	47.500790877192976	9.500158175438596	0.0	0.0	3	1.042945121502652	29.663188761128858	230.0	36	1.05	0.95				
	317	1	0.0	0.0	0.0	0.0	3	1.0486703515521756	27.12805626983904	230.0	37	1.05	0.95				
	318	2	158.17763362105262	32.30053779649123	0.0	0.0	3	1.05	25.193389038804845	230.0	37	1.05	0.95				
	319	1	85.9764314877193	17.5752926245614	0.0	0.0	3	1.0445336851658544	32.77266535198168	230.0	35	1.05	0.95				
	320	1	60.80101232280701	12.350205628070174	0.0	0.0	3	1.047415360030017	34.851869511064685	230.0	35	1.05	0.95				
	321	2	0.0	0.0	0.0	0.0	3	1.0472434863509152	26.80845250105411	230.0	37	1.05	0.95				
	322	2	0.0	0.0	0.0	0.0	3	1.05	31.27499352372815	230.0	37	1.05	0.95				
	323	2	0.0	0.0	0.0	0.0	3	1.0480967580819094	35.438523632568526	230.0	35	1.05	0.95				
	324	1	0.0	0.0	0.0	0.0	3	1.0313892517313663	31.417342248159017	230.0	36	1.05	0.95				
	325	1	0.0	0.0	0.0	0.0	3	1.0483089986095167	33.93622709165465	230.0	35	1.05	0.95				
];
