%% MATPOWER Case Format : Version 2
function mpc = RTS_GMLC
mpc.version = '2';

%%-----  Power Flow Data  -----%%
%% system MVA base
mpc.baseMVA = 100.0;
%% bus data
%    bus_i    type    Pd    Qd    Gs    Bs    area    Vm    Va    baseKV    zone    Vmax    Vmin
mpc.bus = [
	101	2	57.607125195789486	11.734784762105264	0.0	0.0	1	1.0362570942656275	2.051792683005085	138.0	11	1.05	0.95				
	102	2	51.73973281473685	10.667986147368422	0.0	0.0	1	1.0362388639576903	2.0161545924062794	138.0	12	1.05	0.95				
	103	1	96.0118753263158	19.73577437263158	0.0	0.0	1	1.0263470849175844	-0.42291398515627204	138.0	11	1.05	0.95				
	104	1	39.47154874526316	8.000989610526316	0.0	0.0	1	1.0210981747059724	-1.417909078283065	138.0	11	1.05	0.95				
	105	1	37.8713508231579	7.4675903031578965	0.0	0.0	1	1.0358137334028341	-1.2173842543626707	138.0	11	1.05	0.95				
	106	1	72.54230580210528	14.935180606315793	0.0	-100.0	1	1.043087751273192	-3.5486281865145153	138.0	12	1.05	0.95				
	107	2	66.67491342105264	13.334982684210528	0.0	0.0	1	1.0255005116653608	-2.3795215408469157	138.0	12	1.05	0.95				
	108	1	91.21128156000002	18.66897575789474	0.0	0.0	1	1.0175259187547068	-4.1034062224208645	138.0	12	1.05	0.95				
	109	1	93.3448787894737	19.202375065263162	0.0	0.0	1	1.0255977101756677	-2.0820379656668555	138.0	13	1.05	0.95				
	110	1	104.01286493684212	21.335972294736845	0.0	0.0	1	1.05	-2.8625357473743667	138.0	13	1.05	0.95				
	111	1	0.0	0.0	0.0	0.0	1	1.0058853952700164	-0.4892612079040741	230.0	13	1.05	0.95				
	112	1	0.0	0.0	0.0	0.0	1	1.0106343254011052	0.20927074102488666	230.0	13	1.05	0.95				
	113	3	141.3508164526316	28.803562597894743	0.0	0.0	1	0.9994304900972414	-1.1068538658943437e-30	230.0	14	1.05	0.95				
	114	2	103.4794656294737	20.80257298736842	0.0	0.0	1	1.0028123877199073	1.1792102308822932	230.0	16	1.05	0.95				
	115	2	169.08758043578948	34.13755567157895	0.0	0.0	1	1.040245489091266	6.870751429956212	230.0	16	1.05	0.95				
	116	2	53.33993073684211	10.667986147368422	0.0	0.0	1	1.036231035371527	6.67874491385469	230.0	16	1.05	0.95				
	117	1	0.0	0.0	0.0	0.0	1	1.0441492935756531	8.614767396664982	230.0	17	1.05	0.95				
	118	2	177.62196935368425	36.27115290105264	0.0	0.0	1	1.0470642984667833	8.756395946190535	230.0	17	1.05	0.95				
	119	1	96.54527463368422	19.73577437263158	0.0	0.0	1	1.0298382165380262	5.930692539808543	230.0	15	1.05	0.95				
	120	1	68.2751113431579	13.868381991578948	0.0	0.0	1	1.028407297840705	6.3074359124869845	230.0	15	1.05	0.95				
	121	2	0.0	0.0	0.0	0.0	1	1.05	9.009739614458953	230.0	17	1.05	0.95				
	122	2	0.0	0.0	0.0	0.0	1	1.05	15.380679006893983	230.0	17	1.05	0.95				
	123	2	0.0	0.0	0.0	0.0	1	1.0287522508296456	6.922189734532209	230.0	15	1.05	0.95				
	124	1	0.0	0.0	0.0	0.0	1	1.0255367087831542	4.155308163140158	230.0	16	1.05	0.95				
	201	2	51.35652447157894	10.461514244210527	0.0	0.0	2	1.0300963617656822	-5.0714828047026455	138.0	21	1.05	0.95				
	202	2	46.125767349473676	9.510467494736842	0.0	0.0	2	1.0304327875977364	-5.060522275976252	138.0	22	1.05	0.95				
	203	1	85.59420745263158	17.594364865263156	0.0	0.0	2	1.0247654571395703	-4.370070048757858	138.0	21	1.05	0.95				
	204	1	35.18872973052631	7.13285062105263	0.0	0.0	2	1.0191554598314823	-7.4260528049461305	138.0	21	1.05	0.95				
	205	1	33.76215960631579	6.65732724631579	0.0	0.0	2	1.033908903129328	-7.599006614523485	138.0	21	1.05	0.95				
	206	1	64.67117896421053	13.31465449263158	0.0	-100.0	2	1.0438034990891436	-9.465111120289444	138.0	22	1.05	0.95				
	207	2	59.44042184210526	11.888084368421053	0.0	0.0	2	0.9874806592985245	-16.631436379773362	138.0	22	1.05	0.95				
	208	1	81.31449708	16.64331811578947	0.0	0.0	2	0.9938826604024406	-14.454485017616765	138.0	22	1.05	0.95				
	209	1	83.21659057894738	17.118841490526314	0.0	0.0	2	1.0239627944373135	-7.423610533767744	138.0	23	1.05	0.95				
	210	1	92.7270580736842	19.020934989473684	0.0	0.0	2	1.05	-8.649844128576405	138.0	23	1.05	0.95				
	211	1	0.0	0.0	0.0	0.0	2	1.0075974344676664	-4.892786680406713	230.0	23	1.05	0.95				
	212	1	0.0	0.0	0.0	0.0	2	1.0119902020137146	-4.3826824369671	230.0	23	1.05	0.95				
	213	2	126.01369430526314	25.67826223578947	0.0	0.0	2	1.002369523051254	-4.112144213823483	230.0	24	1.05	0.95				
	214	2	92.25153469894735	18.545411614736842	0.0	0.0	2	1.009532868101231	-2.337099771872593	230.0	26	1.05	0.95				
	215	2	150.74090979157896	30.433495983157894	0.0	0.0	2	1.031769023234502	4.177184674922592	230.0	26	1.05	0.95				
	216	2	47.55233747368421	9.510467494736842	0.0	0.0	2	1.033720177837398	4.104444500930586	230.0	26	1.05	0.95				
	217	1	0.0	0.0	0.0	0.0	2	1.038522494412966	6.89117995764112	230.0	27	1.05	0.95				
	218	2	158.34928378736842	32.33558948210526	0.0	0.0	2	1.040329902915775	7.506429502104907	230.0	27	1.05	0.95				
	219	1	86.06973082736842	17.594364865263156	0.0	0.0	2	1.034164461517764	3.0853106040007754	230.0	25	1.05	0.95				
	220	1	60.86699196631579	12.363607743157894	0.0	0.0	2	1.0380380192179837	3.1142313303749307	230.0	25	1.05	0.95				
	221	2	0.0	0.0	0.0	0.0	2	1.0398179436395047	7.148167269810846	230.0	27	1.05	0.95				
	222	2	0.0	0.0	0.0	0.0	2	1.05	13.549284185116818	230.0	27	1.05	0.95				
	223	2	0.0	0.0	0.0	0.0	2	1.0409132687610718	3.485002750789011	230.0	25	1.05	0.95				
	224	1	0.0	0.0	0.0	0.0	2	1.0184200063116848	0.9671703065331312	230.0	26	1.05	0.95				
	301	2	57.67288832842106	11.748180955789476	0.0	0.0	3	1.0068908405797874	-30.87904414201139	138.0	31	1.05	0.95				
	302	2	51.79879785052633	10.680164505263159	0.0	0.0	3	1.0063161180337583	-31.018083674580204	138.0	32	1.05	0.95				
	303	1	96.12148054736844	19.75830433473684	0.0	0.0	3	1.02177658436764	-23.964848705925633	138.0	31	1.05	0.95				
	304	1	39.51660866947368	8.01012337894737	0.0	0.0	3	1.0075317402907213	-29.2166176784292	138.0	31	1.05	0.95				
	305	1	37.91458399368422	7.476115153684212	0.0	0.0	3	1.0211915227399155	-30.100610748380653	138.0	31	1.05	0.95				
	306	1	72.62511863578949	14.952230307368424	0.0	-100.0	3	1.0368788243380853	-30.272650268201243	138.0	32	1.05	0.95				
	307	2	66.75102815789474	13.350205631578948	0.0	0.0	3	0.9927010232856187	-35.77404503389683	138.0	32	1.05	0.95				
	308	1	91.31540652000001	18.690287884210527	0.0	0.0	3	0.9952873750712845	-33.53123709444066	138.0	32	1.05	0.95				
	309	1	93.45143942105264	19.224296109473684	0.0	0.0	3	1.0266232980166876	-25.564656042316905	138.0	33	1.05	0.95				
	310	1	104.13160392631579	21.360329010526318	0.0	0.0	3	1.05	-27.60739950441443	138.0	33	1.05	0.95				
	311	1	0.0	0.0	0.0	0.0	3	1.0162248491838597	-20.54836692529072	230.0	33	1.05	0.95				
	312	1	0.0	0.0	0.0	0.0	3	1.0164256457903038	-20.02888327172812	230.0	33	1.05	0.95				
	313	2	141.51217969473683	28.83644416421053	0.0	0.0	3	1.0226923044928333	-16.883754057115983	230.0	34	1.05	0.95				
	314	2	103.59759570105265	20.82632078526316	0.0	0.0	3	1.0266081284836828	-17.75275014722975	230.0	36	1.05	0.95				
	315	2	169.28060740842105	34.17652641684211	0.0	0.0	3	1.0479977816943455	-10.955926369464692	230.0	36	1.05	0.95				
	316	2	53.40082252631579	10.680164505263159	0.0	0.0	3	1.0477262902973488	-10.628875510922407	230.0	36	1.05	0.95				
	317	1	0.0	0.0	0.0	0.0	3	1.0487135768412372	-7.971060679779596	230.0	37	1.05	0.95				
	318	2	177.8247390126316	36.312559317894745	0.0	0.0	3	1.048933150686642	-7.37688552951968	230.0	37	1.05	0.95				
	319	1	96.6554887726316	19.75830433473684	0.0	0.0	3	1.04481969689773	-11.81773484347381	230.0	35	1.05	0.95				
	320	1	68.35305283368422	13.884213856842106	0.0	0.0	3	1.0464396655029409	-11.850161176642034	230.0	35	1.05	0.95				
	321	2	0.0	0.0	0.0	0.0	3	1.05	-6.927790999261892	230.0	37	1.05	0.95				
	322	2	0.0	0.0	0.0	0.0	3	1.05	-1.5614885411806154	230.0	37	1.05	0.95				
	323	2	0.0	0.0	0.0	0.0	3	1.0483051296447647	-11.475604646258136	230.0	35	1.05	0.95				
	324	1	0.0	0.0	0.0	0.0	3	1.0216657262370261	-15.76199706292801	230.0	36	1.05	0.95				
	325	1	0.0	0.0	0.0	0.0	3	1.0407027953791415	-9.81230875397132	230.0	35	1.05	0.95				
];
