%% MATPOWER Case Format : Version 2
function mpc = RTS_GMLC
mpc.version = '2';

%%-----  Power Flow Data  -----%%
%% system MVA base
mpc.baseMVA = 100.0;
%% bus data
%    bus_i    type    Pd    Qd    Gs    Bs    area    Vm    Va    baseKV    zone    Vmax    Vmin
mpc.bus = [
	101	2	49.751608130526314	10.134586841403507	0.0	0.0	1	1.0157819745243808	2.2297113069104553	138.0	11	1.05	0.95				
	102	2	44.684314709824555	9.213260764912281	0.0	0.0	1	1.0146057980727607	1.9260482097519798	138.0	12	1.05	0.95				
	103	1	82.91934688421053	17.04453241508772	0.0	0.0	1	1.0272999674521233	2.0007274123517615	138.0	11	1.05	0.95				
	104	1	34.08906483017544	6.909945573684209	0.0	0.0	1	1.0132605694187744	-1.098522432258664	138.0	11	1.05	0.95				
	105	1	32.70707571543859	6.449282535438597	0.0	0.0	1	1.0263028142062227	-1.024355914799362	138.0	11	1.05	0.95				
	106	1	62.650173201403504	12.898565070877194	0.0	-100.0	1	1.0399660826531156	-3.332378666848233	138.0	12	1.05	0.95				
	107	2	57.582879780701745	11.51657595614035	0.0	0.0	1	0.9875053776340441	-9.407571034313122	138.0	12	1.05	0.95				
	108	1	78.77337954	16.12320633859649	0.0	0.0	1	0.9956920031249193	-7.792516331817046	138.0	12	1.05	0.95				
	109	1	80.61603169298245	16.583869376842102	0.0	0.0	1	1.0262820029441122	-1.647975438672248	138.0	13	1.05	0.95				
	110	1	89.82929245789472	18.426521529824562	0.0	0.0	1	1.05	-2.803938919538	138.0	13	1.05	0.95				
	111	1	0.0	0.0	0.0	0.0	1	1.0190931871288111	0.5754195603091279	230.0	13	1.05	0.95				
	112	1	0.0	0.0	0.0	0.0	1	1.0148508537315977	0.34236841200439116	230.0	13	1.05	0.95				
	113	3	122.0757051350877	24.875804065263157	0.0	0.0	1	0.999248060929555	-1.6694907437236927e-28	230.0	14	1.05	0.95				
	114	2	89.36862941964911	17.965858491578945	0.0	0.0	1	1.0437568192503677	3.8057936504159713	230.0	16	1.05	0.95				
	115	2	146.03018312385962	29.482434447719296	0.0	0.0	1	1.0464115565236007	12.020290317597226	230.0	16	1.05	0.95				
	116	2	46.0663038245614	9.213260764912281	0.0	0.0	1	1.0486797691071852	11.240189871712857	230.0	16	1.05	0.95				
	117	1	0.0	0.0	0.0	0.0	1	1.0448591417829922	15.711982508378753	230.0	17	1.05	0.95				
	118	2	153.40079173578945	31.325086600701752	0.0	0.0	1	1.05	15.646077926081423	230.0	17	1.05	0.95				
	119	1	83.38000992245614	17.04453241508772	0.0	0.0	1	1.0460319679160097	8.668374320138131	230.0	15	1.05	0.95				
	120	1	58.96486889543859	11.977238994385965	0.0	0.0	1	1.0481704662253128	7.297241264433806	230.0	15	1.05	0.95				
	121	2	0.0	0.0	0.0	0.0	1	1.041517361216396	16.736198310144008	230.0	17	1.05	0.95				
	122	2	0.0	0.0	0.0	0.0	1	1.05	34.71183898312224	230.0	17	1.05	0.95				
	123	2	0.0	0.0	0.0	0.0	1	1.05	6.883547303254452	230.0	15	1.05	0.95				
	124	1	0.0	0.0	0.0	0.0	1	1.026675083585822	8.299828456856966	230.0	16	1.05	0.95				
	201	2	49.350543044210525	10.052888397894737	0.0	0.0	2	1.0241468347696545	-9.692928665215026	138.0	21	1.05	0.95				
	202	2	44.32409884526315	9.138989452631579	0.0	0.0	2	1.0252087642557284	-9.5029598706619	138.0	22	1.05	0.95				
	203	1	82.25090507368421	16.90713048736842	0.0	0.0	2	1.014774070492902	-8.62976690236741	138.0	21	1.05	0.95				
	204	1	33.81426097473684	6.854242089473683	0.0	0.0	2	1.0166533758130643	-11.131507696238037	138.0	21	1.05	0.95				
	205	1	32.4434125568421	6.397292616842106	0.0	0.0	2	1.031448328418714	-11.435957215650788	138.0	21	1.05	0.95				
	206	1	62.145128277894734	12.794585233684211	0.0	-100.0	2	1.0434265781565195	-12.817577534506169	138.0	22	1.05	0.95				
	207	2	57.11868407894737	11.423736815789473	0.0	0.0	2	0.9904444106753743	-19.413899359408507	138.0	22	1.05	0.95				
	208	1	78.13835981999999	15.99323154210526	0.0	0.0	2	0.996130135984271	-17.326624815115007	138.0	22	1.05	0.95				
	209	1	79.9661577105263	16.450181014736838	0.0	0.0	2	1.0227527811819102	-10.584632919715858	138.0	23	1.05	0.95				
	210	1	89.10514716315788	18.277978905263158	0.0	0.0	2	1.05	-11.73494202260001	138.0	23	1.05	0.95				
	211	1	0.0	0.0	0.0	0.0	2	1.0078478641124242	-7.698518599418633	230.0	23	1.05	0.95				
	212	1	0.0	0.0	0.0	0.0	2	1.0097627931566044	-6.907493277212732	230.0	23	1.05	0.95				
	213	2	121.09161024736841	24.675271522105263	0.0	0.0	2	1.0029729745687213	-6.480620393836859	230.0	24	1.05	0.95				
	214	2	88.6481976905263	17.82102943263158	0.0	0.0	2	1.0112603276908974	-5.217041562520481	230.0	26	1.05	0.95				
	215	2	144.8529828242105	29.24476624842105	0.0	0.0	2	1.029515675174004	1.1018266555165084	230.0	26	1.05	0.95				
	216	2	45.69494726315789	9.138989452631579	0.0	0.0	2	1.0321438052469005	1.037184666894139	230.0	26	1.05	0.95				
	217	1	0.0	0.0	0.0	0.0	2	1.0390989757431244	3.344200039741364	230.0	27	1.05	0.95				
	218	2	152.16417438631578	31.072564138947367	0.0	0.0	2	1.0380709903349978	3.06227512683923	230.0	27	1.05	0.95				
	219	1	82.70785454631579	16.90713048736842	0.0	0.0	2	1.0314331288875946	0.7437234112795985	230.0	25	1.05	0.95				
	220	1	58.4895324968421	11.880686288421053	0.0	0.0	2	1.033979223031985	1.3703388469965005	230.0	25	1.05	0.95				
	221	2	0.0	0.0	0.0	0.0	2	1.037610073468484	3.199647771069826	230.0	27	1.05	0.95				
	222	2	0.0	0.0	0.0	0.0	2	1.05	9.757455287060555	230.0	27	1.05	0.95				
	223	2	0.0	0.0	0.0	0.0	2	1.0362049023939466	2.0585866641308646	230.0	25	1.05	0.95				
	224	1	0.0	0.0	0.0	0.0	2	1.0119559342804716	-2.5260570014476227	230.0	26	1.05	0.95				
	301	2	65.18949699789474	13.279341981052632	0.0	0.0	3	1.013488831609517	-23.035592540289365	138.0	31	1.05	0.95				
	302	2	58.549826007368424	12.072129073684211	0.0	0.0	3	1.0124000166985763	-23.27465818084572	138.0	32	1.05	0.95				
	303	1	108.6491616631579	22.33343878631579	0.0	0.0	3	1.0369481434295427	-12.196560851444463	138.0	31	1.05	0.95				
	304	1	44.66687757263158	9.054096805263159	0.0	0.0	3	1.0093558229694595	-21.310783869354836	138.0	31	1.05	0.95				
	305	1	42.85605821157895	8.450490351578948	0.0	0.0	3	1.023783867650993	-22.795478653487358	138.0	31	1.05	0.95				
	306	1	82.09047770105263	16.900980703157895	0.0	-100.0	3	1.0363725822929686	-23.33002516814658	138.0	32	1.05	0.95				
	307	2	75.45080671052631	15.090161342105263	0.0	0.0	3	0.9931498339922842	-30.17149483074693	138.0	32	1.05	0.95				
	308	1	103.21670357999999	21.126225878947366	0.0	0.0	3	0.9919885074760868	-27.27261093789488	138.0	32	1.05	0.95				
	309	1	105.63112939473685	21.729832332631577	0.0	0.0	3	1.0279520578314272	-17.24660302447041	138.0	33	1.05	0.95				
	310	1	117.70325846842104	24.144258147368422	0.0	0.0	3	1.05	-20.619538170405836	138.0	33	1.05	0.95				
	311	1	0.0	0.0	0.0	0.0	3	1.01983776839179	-13.220543635685361	230.0	33	1.05	0.95				
	312	1	0.0	0.0	0.0	0.0	3	1.0170128622268988	-12.674006137614006	230.0	33	1.05	0.95				
	313	2	159.95571022631577	32.59474849894737	0.0	0.0	3	1.02518902691193	-9.783693979198503	230.0	34	1.05	0.95				
	314	2	117.09965201473685	23.54065169368421	0.0	0.0	3	1.0329876583032473	-10.572162496302454	230.0	36	1.05	0.95				
	315	2	191.3432458178947	38.63081303578947	0.0	0.0	3	1.0460608978769332	-4.0176354619350345	230.0	36	1.05	0.95				
	316	2	60.36064536842105	12.072129073684211	0.0	0.0	3	1.0466021500535103	-3.157904943275756	230.0	36	1.05	0.95				
	317	1	0.0	0.0	0.0	0.0	3	1.05	0.7780551642910486	230.0	37	1.05	0.95				
	318	2	201.00094907684212	41.04523885052632	0.0	0.0	3	1.0438729839563745	-0.8089117470598167	230.0	37	1.05	0.95				
	319	1	109.2527681168421	22.33343878631579	0.0	0.0	3	1.0408468526882604	-4.547779130547957	230.0	35	1.05	0.95				
	320	1	77.26162607157895	15.693767795789473	0.0	0.0	3	1.040909849167765	-4.6219911122190815	230.0	35	1.05	0.95				
	321	2	0.0	0.0	0.0	0.0	3	1.046126809396242	-1.2900150644589798	230.0	37	1.05	0.95				
	322	2	0.0	0.0	0.0	0.0	3	1.05	3.8644677756147754	230.0	37	1.05	0.95				
	323	2	0.0	0.0	0.0	0.0	3	1.0422577720438095	-4.215348256517414	230.0	35	1.05	0.95				
	324	1	0.0	0.0	0.0	0.0	3	1.0321737768309696	-7.082003059993855	230.0	36	1.05	0.95				
	325	1	0.0	0.0	0.0	0.0	3	1.0342060416361103	-2.521120507709195	230.0	35	1.05	0.95				
];
