%% MATPOWER Case Format : Version 2
function mpc = RTS_GMLC
mpc.version = '2';

%%-----  Power Flow Data  -----%%
%% system MVA base
mpc.baseMVA = 100.0;
%% bus data
%    bus_i    type    Pd    Qd    Gs    Bs    area    Vm    Va    baseKV    zone    Vmax    Vmin
mpc.bus = [
	101	2	41.40178128000001	8.433696186666667	0.0	0.0	1	1.0352065535858974	3.425052978216036	138.0	11	1.05	0.95				
	102	2	37.18493318666667	7.666996533333334	0.0	0.0	1	1.0347627518139104	3.284875389579052	138.0	12	1.05	0.95				
	103	1	69.00296879999999	14.183943586666667	0.0	0.0	1	1.029974661513038	0.6709026683636742	138.0	11	1.05	0.95				
	104	1	28.367887173333333	5.7502474	0.0	0.0	1	1.0227973772645074	-0.1972419750508447	138.0	11	1.05	0.95				
	105	1	27.21783769333333	5.3668975733333335	0.0	0.0	1	1.037144788363674	0.10417803236460542	138.0	11	1.05	0.95				
	106	1	52.135576426666674	10.733795146666667	0.0	-100.0	1	1.04688791897415	-2.162728564171507	138.0	12	1.05	0.95				
	107	2	47.918728333333334	9.583745666666667	0.0	0.0	1	1.0005187257621366	-7.625630469255648	138.0	12	1.05	0.95				
	108	1	65.55282036	13.417243933333333	0.0	0.0	1	1.0059448352392022	-6.339802582193418	138.0	12	1.05	0.95				
	109	1	67.08621966666666	13.800593759999998	0.0	0.0	1	1.0248773248889311	-1.4989442464335712	138.0	13	1.05	0.95				
	110	1	74.7532162	15.333993066666668	0.0	0.0	1	1.05	-2.060847120537153	138.0	13	1.05	0.95				
	111	1	0.0	0.0	0.0	0.0	1	1.0023704316358333	-0.12115712236028121	230.0	13	1.05	0.95				
	112	1	0.0	0.0	0.0	0.0	1	1.0074785151611856	0.3051105457243982	230.0	13	1.05	0.95				
	113	3	101.58770406666666	20.700890640000004	0.0	0.0	1	0.9924529027006234	2.376438050660838e-30	230.0	14	1.05	0.95				
	114	2	74.36986637333334	14.95064324	0.0	0.0	1	0.9983630647850572	1.564079009823335	230.0	16	1.05	0.95				
	115	2	121.52189505333332	24.534388906666667	0.0	0.0	1	1.0375658798815943	6.450175796343529	230.0	16	1.05	0.95				
	116	2	38.33498266666667	7.666996533333334	0.0	0.0	1	1.0323412211934675	6.130813035285851	230.0	16	1.05	0.95				
	117	1	0.0	0.0	0.0	0.0	1	1.0415563631085505	7.630753708264984	230.0	17	1.05	0.95				
	118	2	127.65549227999999	26.067788213333337	0.0	0.0	1	1.044622859046942	7.516694586093839	230.0	17	1.05	0.95				
	119	1	69.38631862666666	14.183943586666667	0.0	0.0	1	1.0258668782066058	5.4161179864429485	230.0	15	1.05	0.95				
	120	1	49.068777813333334	9.967095493333334	0.0	0.0	1	1.0226235788828053	5.541521360523083	230.0	15	1.05	0.95				
	121	2	0.0	0.0	0.0	0.0	1	1.0494581775367426	8.283404604462735	230.0	17	1.05	0.95				
	122	2	0.0	0.0	0.0	0.0	1	1.05	14.537147633531488	230.0	17	1.05	0.95				
	123	2	0.0	0.0	0.0	0.0	1	1.0212144509226662	5.911058941399472	230.0	15	1.05	0.95				
	124	1	0.0	0.0	0.0	0.0	1	1.0266872307201063	4.287140514249258	230.0	16	1.05	0.95				
	201	2	45.50857863157895	9.270266017543861	0.0	0.0	2	1.025172049764777	-7.692584866223358	138.0	21	1.05	0.95				
	202	2	40.87344562280701	8.427514561403509	0.0	0.0	2	1.026145623494222	-7.502905258092877	138.0	22	1.05	0.95				
	203	1	75.84763105263158	15.590901938596492	0.0	0.0	2	1.0180715681976786	-6.798911807480811	138.0	21	1.05	0.95				
	204	1	31.181803877192984	6.320635921052631	0.0	0.0	2	1.0178121841649175	-9.279457619393241	138.0	21	1.05	0.95				
	205	1	29.917676692982454	5.899260192982457	0.0	0.0	2	1.0324122485521807	-9.561149650617148	138.0	21	1.05	0.95				
	206	1	57.30709901754386	11.798520385964913	0.0	-100.0	2	1.0445978721102345	-10.983577679588684	138.0	22	1.05	0.95				
	207	2	52.67196600877193	10.534393201754385	0.0	0.0	2	0.9908107871632947	-17.087083915645955	138.0	22	1.05	0.95				
	208	1	72.0552495	14.748150482456138	0.0	0.0	2	0.9978625212572021	-15.194685271341305	138.0	22	1.05	0.95				
	209	1	73.7407524122807	15.169526210526316	0.0	0.0	2	1.022858655113895	-9.00017358489924	138.0	23	1.05	0.95				
	210	1	82.1682669736842	16.855029122807018	0.0	0.0	2	1.05	-10.1015453094097	138.0	23	1.05	0.95				
	211	1	0.0	0.0	0.0	0.0	2	1.0049999714527302	-6.409510178058308	230.0	23	1.05	0.95				
	212	1	0.0	0.0	0.0	0.0	2	1.0090554016441156	-6.020155639266139	230.0	23	1.05	0.95				
	213	2	111.66456793859649	22.754289315789475	0.0	0.0	2	0.9986024083987226	-5.6494583869836745	230.0	24	1.05	0.95				
	214	2	81.74689124561402	16.43365339473684	0.0	0.0	2	1.0058961430287814	-3.8178070201131065	230.0	26	1.05	0.95				
	215	2	133.5761057982456	26.96804659649123	0.0	0.0	2	1.0258130414215314	2.6493112632096882	230.0	26	1.05	0.95				
	216	2	42.13757280701754	8.427514561403509	0.0	0.0	2	1.0274512173310788	2.366848572365583	230.0	26	1.05	0.95				
	217	1	0.0	0.0	0.0	0.0	2	1.0327898819232808	5.124042702924674	230.0	27	1.05	0.95				
	218	2	140.31811744736842	28.65354950877193	0.0	0.0	2	1.0344193124297658	5.578401553047175	230.0	27	1.05	0.95				
	219	1	76.26900678070176	15.590901938596492	0.0	0.0	2	1.0273739863710474	1.3011798798516279	230.0	25	1.05	0.95				
	220	1	53.93609319298246	10.955768929824561	0.0	0.0	2	1.030233941068663	1.1977205371023731	230.0	25	1.05	0.95				
	221	2	0.0	0.0	0.0	0.0	2	1.0345326574375788	5.363834750875001	230.0	27	1.05	0.95				
	222	2	0.0	0.0	0.0	0.0	2	1.05	11.766129460593344	230.0	27	1.05	0.95				
	223	2	0.0	0.0	0.0	0.0	2	1.0323027583268007	1.4618781609155176	230.0	25	1.05	0.95				
	224	1	0.0	0.0	0.0	0.0	2	1.0112442073673376	-0.8977334719267946	230.0	26	1.05	0.95				
	301	2	45.321733629473684	9.232204998596492	0.0	0.0	3	1.0069949074669209	-24.28000643342861	138.0	31	1.05	0.95				
	302	2	40.70563113017544	8.392913635087721	0.0	0.0	3	1.0069067916389054	-24.384607970879948	138.0	32	1.05	0.95				
	303	1	75.53622271578948	15.526890224912282	0.0	0.0	3	1.0233468382410826	-19.15769546547116	138.0	31	1.05	0.95				
	304	1	31.053780449824565	6.2946852263157895	0.0	0.0	3	1.0103492101961427	-22.95338254669061	138.0	31	1.05	0.95				
	305	1	29.794843404561405	5.875039544561404	0.0	0.0	3	1.0230589202240636	-23.713323060668554	138.0	31	1.05	0.95				
	306	1	57.071812718596505	11.750079089122808	0.0	-100.0	3	1.040433303842613	-23.901598472041304	138.0	32	1.05	0.95				
	307	2	52.45571021929825	10.49114204385965	0.0	0.0	3	0.9929521198032948	-28.412562670342098	138.0	32	1.05	0.95				
	308	1	71.75941158	14.687598861403508	0.0	0.0	3	0.999891525340458	-26.53485255461556	138.0	32	1.05	0.95				
	309	1	73.43799430701755	15.107244543157893	0.0	0.0	3	1.0262458264966106	-20.064438790460482	138.0	33	1.05	0.95				
	310	1	81.83090794210527	16.785827270175442	0.0	0.0	3	1.05	-21.795557903839033	138.0	33	1.05	0.95				
	311	1	0.0	0.0	0.0	0.0	3	1.0075085473654435	-16.278188770965798	230.0	33	1.05	0.95				
	312	1	0.0	0.0	0.0	0.0	3	1.011698082202199	-15.592213291769768	230.0	33	1.05	0.95				
	313	2	111.20610566491229	22.660866814736842	0.0	0.0	3	1.0111890863492399	-12.62117034338611	230.0	34	1.05	0.95				
	314	2	81.41126226035088	16.366181588421057	0.0	0.0	3	1.0062426432583913	-14.723053007584712	230.0	36	1.05	0.95				
	315	2	133.02768111614037	26.857323632280703	0.0	0.0	3	1.0309229325950553	-10.919056611127294	230.0	36	1.05	0.95				
	316	2	41.9645681754386	8.392913635087721	0.0	0.0	3	1.0307484879589754	-10.032430302118657	230.0	36	1.05	0.95				
	317	1	0.0	0.0	0.0	0.0	3	1.0356639239264618	-8.84478008170266	230.0	37	1.05	0.95				
	318	2	139.74201202421054	28.535906359298252	0.0	0.0	3	1.0350473599949102	-8.765282813870412	230.0	37	1.05	0.95				
	319	1	75.95586839754387	15.526890224912282	0.0	0.0	3	1.0287505169904012	-10.345675352560253	230.0	35	1.05	0.95				
	320	1	53.71464726456141	10.910787725614037	0.0	0.0	3	1.0297527918726552	-9.802630133216908	230.0	35	1.05	0.95				
	321	2	0.0	0.0	0.0	0.0	3	1.0358291956371715	-8.96555970469018	230.0	37	1.05	0.95				
	322	2	0.0	0.0	0.0	0.0	3	1.048941514555905	-4.6026018738305225	230.0	37	1.05	0.95				
	323	2	0.0	0.0	0.0	0.0	3	1.0309372053317578	-9.183390433689013	230.0	35	1.05	0.95				
	324	1	0.0	0.0	0.0	0.0	3	1.017700416457852	-14.010657440160456	230.0	36	1.05	0.95				
	325	1	0.0	0.0	0.0	0.0	3	1.0266357630129634	-7.7245905568213	230.0	35	1.05	0.95				
];
