%% MATPOWER Case Format : Version 2
function mpc = RTS_GMLC
mpc.version = '2';

%%-----  Power Flow Data  -----%%
%% system MVA base
mpc.baseMVA = 100.0;
%% bus data
%    bus_i    type    Pd    Qd    Gs    Bs    area    Vm    Va    baseKV    zone    Vmax    Vmin
mpc.bus = [
	101	2	38.42256308210527	7.826818405614036	0.0	0.0	1	1.0334849378581956	3.8408751589378345	138.0	11	1.05	0.95				
	102	2	34.509153879298246	7.115289459649124	0.0	0.0	1	1.0325784835291354	3.578780513645979	138.0	12	1.05	0.95				
	103	1	64.03760513684212	13.163285500350877	0.0	0.0	1	1.0308076872421459	2.218131389304423	138.0	11	1.05	0.95				
	104	1	26.326571000701755	5.336467094736842	0.0	0.0	1	1.0222512768559047	0.42576155598718934	138.0	11	1.05	0.95				
	105	1	25.259277581754386	4.980702621754387	0.0	0.0	1	1.036731706080255	0.6586393552009274	138.0	11	1.05	0.95				
	106	1	48.38396832561404	9.961405243508773	0.0	-100.0	1	1.047272255564655	-1.5393760725957009	138.0	12	1.05	0.95				
	107	2	44.47055912280702	8.894111824561405	0.0	0.0	1	1.0006537297129414	-7.289739534652987	138.0	12	1.05	0.95				
	108	1	60.83572488000001	12.451756554385964	0.0	0.0	1	1.0065531091543802	-5.757391246633419	138.0	12	1.05	0.95				
	109	1	62.25878277192983	12.807521027368422	0.0	0.0	1	1.024372240975316	-0.7085242986876431	138.0	13	1.05	0.95				
	110	1	69.37407223157895	14.230578919298248	0.0	0.0	1	1.05	-1.4453055471079608	138.0	13	1.05	0.95				
	111	1	0.0	0.0	0.0	0.0	1	1.001489315219002	0.6812408124980469	230.0	13	1.05	0.95				
	112	1	0.0	0.0	0.0	0.0	1	1.0065043291671438	0.5507692347073373	230.0	13	1.05	0.95				
	113	3	94.27758534035088	19.211281541052635	0.0	0.0	1	0.9902846613914955	1.211743920066975e-31	230.0	14	1.05	0.95				
	114	2	69.01830775859649	13.874814446315792	0.0	0.0	1	0.9987027923837216	3.168405745339189	230.0	16	1.05	0.95				
	115	2	112.77733793543861	22.768926270877195	0.0	0.0	1	1.0369372488365705	9.203292414401322	230.0	16	1.05	0.95				
	116	2	35.57644729824562	7.115289459649124	0.0	0.0	1	1.0329131509458986	8.662469001538486	230.0	16	1.05	0.95				
	117	1	0.0	0.0	0.0	0.0	1	1.0404395130098534	11.510180409495781	230.0	17	1.05	0.95				
	118	2	118.4695695031579	24.19198416280702	0.0	0.0	1	1.044392129899412	11.690116029104681	230.0	17	1.05	0.95				
	119	1	64.39336960982457	13.163285500350877	0.0	0.0	1	1.024547824477868	6.796528153581193	230.0	15	1.05	0.95				
	120	1	45.53785254175439	9.24987629754386	0.0	0.0	1	1.019986318387937	5.85628612836039	230.0	15	1.05	0.95				
	121	2	0.0	0.0	0.0	0.0	1	1.0478679773783373	12.67951947382398	230.0	17	1.05	0.95				
	122	2	0.0	0.0	0.0	0.0	1	1.05	21.625990087277952	230.0	17	1.05	0.95				
	123	2	0.0	0.0	0.0	0.0	1	1.0176752884819984	5.616434346434428	230.0	15	1.05	0.95				
	124	1	0.0	0.0	0.0	0.0	1	1.0254843863698966	6.5802844151443685	230.0	16	1.05	0.95				
	201	2	41.989611221052634	8.55343932280702	0.0	0.0	2	1.0214130723878085	-9.270734362364701	138.0	21	1.05	0.95				
	202	2	37.71289155964912	7.775853929824563	0.0	0.0	2	1.0215879453525651	-9.279041672279169	138.0	22	1.05	0.95				
	203	1	69.98268536842106	14.38532977017544	0.0	0.0	2	1.0159366511889438	-7.4245720577670475	138.0	21	1.05	0.95				
	204	1	28.77065954035088	5.831890447368422	0.0	0.0	2	1.0162428346415076	-10.154547890707338	138.0	21	1.05	0.95				
	205	1	27.604281450877195	5.443097750877194	0.0	0.0	2	1.0311088558080233	-10.46120074386223	138.0	21	1.05	0.95				
	206	1	52.87580672280703	10.886195501754388	0.0	-100.0	2	1.0447214161303044	-11.54003877298333	138.0	22	1.05	0.95				
	207	2	48.59908706140351	9.719817412280703	0.0	0.0	2	0.9952265261296552	-16.76269777530264	138.0	22	1.05	0.95				
	208	1	66.4835511	13.607744377192981	0.0	0.0	2	1.0016399418447066	-15.030654932776347	138.0	22	1.05	0.95				
	209	1	68.03872188596492	13.996537073684213	0.0	0.0	2	1.0224267320975695	-9.260049447444809	138.0	23	1.05	0.95				
	210	1	75.81457581578948	15.551707859649126	0.0	0.0	2	1.05	-10.412408941891218	138.0	23	1.05	0.95				
	211	1	0.0	0.0	0.0	0.0	2	1.0033917887535608	-6.709193834509957	230.0	23	1.05	0.95				
	212	1	0.0	0.0	0.0	0.0	2	1.006284157448158	-5.958669592095137	230.0	23	1.05	0.95				
	213	2	103.03006457017545	20.994805610526317	0.0	0.0	2	0.9974689985788859	-5.50786021626194	230.0	24	1.05	0.95				
	214	2	75.42578311929825	15.162915163157898	0.0	0.0	2	1.0023153334137478	-4.498728625368162	230.0	26	1.05	0.95				
	215	2	123.24728478771931	24.8827325754386	0.0	0.0	2	1.0179906452046719	1.0398151330019607	230.0	26	1.05	0.95				
	216	2	38.87926964912281	7.775853929824563	0.0	0.0	2	1.019398350225938	0.9955028303478071	230.0	26	1.05	0.95				
	217	1	0.0	0.0	0.0	0.0	2	1.0245030537982016	2.6663970549870344	230.0	27	1.05	0.95				
	218	2	129.46796793157895	26.437903361403514	0.0	0.0	2	1.0237979505323243	2.1498186522351928	230.0	27	1.05	0.95				
	219	1	70.37147806491228	14.38532977017544	0.0	0.0	2	1.0196872498410043	0.8943010844018536	230.0	25	1.05	0.95				
	220	1	49.7654651508772	10.10861010877193	0.0	0.0	2	1.022374876093733	1.5758221357672735	230.0	25	1.05	0.95				
	221	2	0.0	0.0	0.0	0.0	2	1.0255039465166214	2.5889859859202957	230.0	27	1.05	0.95				
	222	2	0.0	0.0	0.0	0.0	2	1.047601088596826	9.139645354854267	230.0	27	1.05	0.95				
	223	2	0.0	0.0	0.0	0.0	2	1.0244075870830662	2.250754788363265	230.0	25	1.05	0.95				
	224	1	0.0	0.0	0.0	0.0	2	1.0067301650424503	-2.155671557017002	230.0	26	1.05	0.95				
	301	2	43.34008225263158	8.828535273684212	0.0	0.0	3	1.0098164194801322	-11.98697204772492	138.0	31	1.05	0.95				
	302	2	38.92581461578947	8.025941157894739	0.0	0.0	3	1.009704038333904	-12.118034128304533	138.0	32	1.05	0.95				
	303	1	72.23347042105263	14.847991142105263	0.0	0.0	3	1.0288267206468698	-5.744216839294847	138.0	31	1.05	0.95				
	304	1	29.695982284210526	6.019455868421052	0.0	0.0	3	1.012444085880368	-10.67221867942495	138.0	31	1.05	0.95				
	305	1	28.492091110526314	5.6181588105263165	0.0	0.0	3	1.02490975208363	-11.813944271929005	138.0	31	1.05	0.95				
	306	1	54.57639987368421	11.236317621052633	0.0	-100.0	3	1.0416746525614085	-12.202662436561603	138.0	32	1.05	0.95				
	307	2	50.162132236842105	10.03242644736842	0.0	0.0	3	0.9935578729973974	-16.215563518965826	138.0	32	1.05	0.95				
	308	1	68.62179689999999	14.04539702631579	0.0	0.0	3	1.001106810221692	-14.43749568088128	138.0	32	1.05	0.95				
	309	1	70.22698513157894	14.446694084210526	0.0	0.0	3	1.0270327529492123	-7.84775411792327	138.0	33	1.05	0.95				
	310	1	78.25292628947369	16.051882315789477	0.0	0.0	3	1.05	-10.347079823742384	138.0	33	1.05	0.95				
	311	1	0.0	0.0	0.0	0.0	3	1.0051807452556525	-5.427360113045425	230.0	33	1.05	0.95				
	312	1	0.0	0.0	0.0	0.0	3	1.010614481724486	-4.824732680669481	230.0	33	1.05	0.95				
	313	2	106.34372034210526	21.67004112631579	0.0	0.0	3	1.0081273891264508	-2.14579227172395	230.0	34	1.05	0.95				
	314	2	77.85162923157894	15.65058525789474	0.0	0.0	3	0.998448879123023	-4.488677217828489	230.0	36	1.05	0.95				
	315	2	127.21116735263158	25.68301170526316	0.0	0.0	3	1.0224629814839763	-1.2957432316648743	230.0	36	1.05	0.95				
	316	2	40.12970578947368	8.025941157894739	0.0	0.0	3	1.0215572744527825	-0.7598340506338257	230.0	36	1.05	0.95				
	317	1	0.0	0.0	0.0	0.0	3	1.028968873040948	1.263848908181875	230.0	37	1.05	0.95				
	318	2	133.63192027894738	27.288199936842105	0.0	0.0	3	1.0267687739089526	0.46524988473604806	230.0	37	1.05	0.95				
	319	1	72.63476747894737	14.847991142105263	0.0	0.0	3	1.0186196405139352	-1.155440887090688	230.0	35	1.05	0.95				
	320	1	51.36602341052632	10.433723505263158	0.0	0.0	3	1.0186604881512957	-0.7038878008354855	230.0	35	1.05	0.95				
	321	2	0.0	0.0	0.0	0.0	3	1.0275654993821577	0.44379715287544014	230.0	37	1.05	0.95				
	322	2	0.0	0.0	0.0	0.0	3	1.0416005460124684	5.142774696656325	230.0	37	1.05	0.95				
	323	2	0.0	0.0	0.0	0.0	3	1.0192365597739175	-0.14110395603298978	230.0	35	1.05	0.95				
	324	1	0.0	0.0	0.0	0.0	3	1.0180730933077755	-2.9901316525993127	230.0	36	1.05	0.95				
	325	1	0.0	0.0	0.0	0.0	3	1.0182794869893042	0.957518033968107	230.0	35	1.05	0.95				
];
