%% MATPOWER Case Format : Version 2
function mpc = RTS_GMLC
mpc.version = '2';

%%-----  Power Flow Data  -----%%
%% system MVA base
mpc.baseMVA = 100.0;
%% bus data
%    bus_i    type    Pd    Qd    Gs    Bs    area    Vm    Va    baseKV    zone    Vmax    Vmin
mpc.bus = [
	101	2	39.55813954105263	8.05813953614035	0.0	0.0	1	1.0116906933942174	-4.188411198268555	138.0	11	1.05	0.95				
	102	2	35.52906977298245	7.325581396491228	0.0	0.0	1	1.0117297351054975	-4.390859329472657	138.0	12	1.05	0.95				
	103	1	65.93023256842105	13.55232558350877	0.0	0.0	1	1.000614634716494	0.8332327169198085	138.0	11	1.05	0.95				
	104	1	27.10465116701754	5.49418604736842	0.0	0.0	1	1.0031313635346553	-4.131261882379096	138.0	11	1.05	0.95				
	105	1	26.005813957543854	5.1279069775438595	0.0	0.0	1	1.0176732380659874	-5.100126668481685	138.0	11	1.05	0.95				
	106	1	49.81395349614035	10.255813955087719	0.0	-100.0	1	1.0292029780518908	-6.068709286637591	138.0	12	1.05	0.95				
	107	2	45.78488372807017	9.156976745614035	0.0	0.0	1	0.9871250018445831	-10.095714221312493	138.0	12	1.05	0.95				
	108	1	62.63372093999999	12.819767443859648	0.0	0.0	1	0.9899360528525722	-8.658737140495152	138.0	12	1.05	0.95				
	109	1	64.09883721929825	13.18604651368421	0.0	0.0	1	1.0030610333322172	-3.0057014482562945	138.0	13	1.05	0.95				
	110	1	71.42441861578946	14.651162792982456	0.0	0.0	1	1.0321838971796466	-4.812169398989079	138.0	13	1.05	0.95				
	111	1	0.0	0.0	0.0	0.0	1	0.9819600251318338	-0.31121542092738397	230.0	13	1.05	0.95				
	112	1	0.0	0.0	0.0	0.0	1	0.9834061669303162	-1.2829755179995221	230.0	13	1.05	0.95				
	113	3	97.06395350350876	19.779069770526316	0.0	0.0	1	0.96333072077069	1.3330832954424482e-27	230.0	14	1.05	0.95				
	114	2	71.0581395459649	14.284883723157893	0.0	0.0	1	0.9908589921424076	3.160049608911241	230.0	16	1.05	0.95				
	115	2	116.11046513438595	23.441860468771928	0.0	0.0	1	0.9902865316279492	12.255072480059276	230.0	16	1.05	0.95				
	116	2	36.62790698245614	7.325581396491228	0.0	0.0	1	0.98883653279774	10.61021386714389	230.0	16	1.05	0.95				
	117	1	0.0	0.0	0.0	0.0	1	0.991104298602422	16.44661058348314	230.0	17	1.05	0.95				
	118	2	121.97093025157895	24.906976748070175	0.0	0.0	1	0.9998381396799954	16.996850905944925	230.0	17	1.05	0.95				
	119	1	66.29651163824562	13.55232558350877	0.0	0.0	1	0.9886920287730788	6.657391179834452	230.0	15	1.05	0.95				
	120	1	46.883720937543856	9.523255815438596	0.0	0.0	1	0.994024818603197	3.8210751856245024	230.0	15	1.05	0.95				
	121	2	0.0	0.0	0.0	0.0	1	1.0002909894115544	18.323302453236327	230.0	17	1.05	0.95				
	122	2	0.0	0.0	0.0	0.0	1	1.005677719855561	35.9632899824047	230.0	17	1.05	0.95				
	123	2	0.0	0.0	0.0	0.0	1	0.9979158115230928	2.572255550237076	230.0	15	1.05	0.95				
	124	1	0.0	0.0	0.0	0.0	1	0.9805385765302811	7.889123737017969	230.0	16	1.05	0.95				
	201	2	42.02361090947369	8.560365185263159	0.0	0.0	2	1.0112867783098416	-12.790727816622825	138.0	21	1.05	0.95				
	202	2	37.743428316842106	7.782150168421054	0.0	0.0	2	1.010220330275664	-12.988319897847836	138.0	22	1.05	0.95				
	203	1	70.03935151578948	14.396977811578948	0.0	0.0	2	0.9977443526030885	-9.533282743299107	138.0	21	1.05	0.95				
	204	1	28.793955623157895	5.836612626315789	0.0	0.0	2	1.001347399373303	-12.155195708056496	138.0	21	1.05	0.95				
	205	1	27.626633097894736	5.447505117894737	0.0	0.0	2	1.017694709782112	-12.558309555426508	138.0	21	1.05	0.95				
	206	1	52.91862114526316	10.895010235789474	0.0	-100.0	2	1.0293660043811683	-12.926462459023178	138.0	22	1.05	0.95				
	207	2	48.63843855263158	9.727687710526316	0.0	0.0	2	0.9722761826393282	-17.55080561667859	138.0	22	1.05	0.95				
	208	1	66.53738394	13.618762794736842	0.0	0.0	2	0.9810139363448553	-15.77227546845908	138.0	22	1.05	0.95				
	209	1	68.09381397368422	14.007870303157894	0.0	0.0	2	1.0056083291913622	-9.80733090144616	138.0	23	1.05	0.95				
	210	1	75.87596414210526	15.564300336842107	0.0	0.0	2	1.033565482980653	-11.036910268624766	138.0	23	1.05	0.95				
	211	1	0.0	0.0	0.0	0.0	2	0.9864576624976239	-7.3161336387911495	230.0	23	1.05	0.95				
	212	1	0.0	0.0	0.0	0.0	2	0.9866690464743659	-3.9621523374151075	230.0	23	1.05	0.95				
	213	2	103.11348973157894	21.011805454736844	0.0	0.0	2	0.9819288770162382	-5.143518444466801	230.0	24	1.05	0.95				
	214	2	75.48685663368421	15.175192828421052	0.0	0.0	2	0.9834356804299311	-5.963738498062074	230.0	26	1.05	0.95				
	215	2	123.34708016947368	24.902880538947368	0.0	0.0	2	0.9911064175967138	-1.182632406502527	230.0	26	1.05	0.95				
	216	2	38.910750842105266	7.782150168421054	0.0	0.0	2	0.9892957256748665	-1.4766564892995817	230.0	26	1.05	0.95				
	217	1	0.0	0.0	0.0	0.0	2	1.0000130497836466	-0.24587463733005563	230.0	27	1.05	0.95				
	218	2	129.57280030421052	26.45931057263158	0.0	0.0	2	1.001199064621553	-0.780856749770265	230.0	27	1.05	0.95				
	219	1	70.42845902421053	14.396977811578948	0.0	0.0	2	0.9822768861273969	-0.6964949511155678	230.0	25	1.05	0.95				
	220	1	49.805761077894736	10.116795218947368	0.0	0.0	2	0.9791497112814966	0.8198445039047809	230.0	25	1.05	0.95				
	221	2	0.0	0.0	0.0	0.0	2	1.003418626658444	-0.30416416810575814	230.0	27	1.05	0.95				
	222	2	0.0	0.0	0.0	0.0	2	1.0210904515872123	4.7421767401794535	230.0	27	1.05	0.95				
	223	2	0.0	0.0	0.0	0.0	2	0.9784905572467854	1.9888686933139443	230.0	25	1.05	0.95				
	224	1	0.0	0.0	0.0	0.0	2	0.983502323730894	-4.365263952261573	230.0	26	1.05	0.95				
	301	2	50.788358109473684	10.345776651929825	0.0	0.0	3	1.0069190267319124	28.501867393416298	138.0	31	1.05	0.95				
	302	2	45.61546978350877	9.405251501754385	0.0	0.0	3	1.0075539813533754	28.141037044175334	138.0	32	1.05	0.95				
	303	1	84.64726351578948	17.399715278245615	0.0	0.0	3	1.0171863466636637	43.06422150861161	138.0	31	1.05	0.95				
	304	1	34.79943055649123	7.053938626315789	0.0	0.0	3	0.9977871445737932	29.577049047011023	138.0	31	1.05	0.95				
	305	1	33.38864283122807	6.583676051228071	0.0	0.0	3	1.015627621672071	27.45442652347316	138.0	31	1.05	0.95				
	306	1	63.955710211929826	13.167352102456142	0.0	-100.0	3	1.0281107484011047	26.297850627495443	138.0	32	1.05	0.95				
	307	2	58.78282188596491	11.756564377192982	0.0	0.0	3	0.9675194756771441	23.076105953784747	138.0	32	1.05	0.95				
	308	1	80.41490033999999	16.459190128070176	0.0	0.0	3	0.9787318756894279	25.23397151641385	138.0	32	1.05	0.95				
	309	1	82.29595064035088	16.929452703157892	0.0	0.0	3	1.005150504745731	32.76353261156651	138.0	33	1.05	0.95				
	310	1	91.70120214210526	18.81050300350877	0.0	0.0	3	1.0359816731176112	27.946536568122777	138.0	33	1.05	0.95				
	311	1	0.0	0.0	0.0	0.0	3	0.9923475448675022	31.58471631984288	230.0	33	1.05	0.95				
	312	1	0.0	0.0	0.0	0.0	3	1.0005245395665008	31.50525161719198	230.0	33	1.05	0.95				
	313	2	124.6195823982456	25.394179054736842	0.0	0.0	3	0.9989218318139779	33.05970323292361	230.0	34	1.05	0.95				
	314	2	91.23093956701754	18.340240428421055	0.0	0.0	3	0.9804254984216461	31.63173241400117	230.0	36	1.05	0.95				
	315	2	149.07323630280703	30.096804805614035	0.0	0.0	3	0.9841900452927008	31.168198037694644	230.0	36	1.05	0.95				
	316	2	47.02625750877193	9.405251501754385	0.0	0.0	3	0.9743115295867711	31.192446328068367	230.0	36	1.05	0.95				
	317	1	0.0	0.0	0.0	0.0	3	0.9892217991860579	33.5172126100371	230.0	37	1.05	0.95				
	318	2	156.59743750421055	31.977855105964913	0.0	0.0	3	0.9835070986825145	29.665753069498027	230.0	37	1.05	0.95				
	319	1	85.11752609087719	17.399715278245615	0.0	0.0	3	0.9837215854497662	30.328256711217275	230.0	35	1.05	0.95				
	320	1	60.19360961122807	12.226826952280701	0.0	0.0	3	0.9934674932455567	29.531379796031434	230.0	35	1.05	0.95				
	321	2	0.0	0.0	0.0	0.0	3	0.9923206563204355	30.632963691298237	230.0	37	1.05	0.95				
	322	2	0.0	0.0	0.0	0.0	3	1.0094744057405278	34.48762233984276	230.0	37	1.05	0.95				
	323	2	0.0	0.0	0.0	0.0	3	0.9988334576265137	29.121501337499836	230.0	35	1.05	0.95				
	324	1	0.0	0.0	0.0	0.0	3	0.9947644811142178	36.90103785630789	230.0	36	1.05	0.95				
