%% MATPOWER Case Format : Version 2
function mpc = RTS_GMLC
mpc.version = '2';

%%-----  Power Flow Data  -----%%
%% system MVA base
mpc.baseMVA = 100.0;
%% bus data
%    bus_i    type    Pd    Qd    Gs    Bs    area    Vm    Va    baseKV    zone    Vmax    Vmin
mpc.bus = [
	101	2	78.88916379789475	16.0700148477193	0.0	0.0	1	1.0371062154133277	-0.37268421930043977	138.0	11	1.05	0.95				
	102	2	70.8541563740351	14.609104407017545	0.0	0.0	1	1.0358682582865029	-0.7981564461335365	138.0	12	1.05	0.95				
	103	1	131.4819396631579	27.02684315298246	0.0	0.0	1	1.017158845192658	0.41757640003572005	138.0	11	1.05	0.95				
	104	1	54.05368630596492	10.95682830526316	0.0	0.0	1	1.018940357591251	-3.986186693156387	138.0	11	1.05	0.95				
	105	1	51.86232064491229	10.226373084912282	0.0	0.0	1	1.0329466331805224	-4.529662353872096	138.0	11	1.05	0.95				
	106	1	99.34190996771932	20.452746169824565	0.0	-100.0	1	1.0367895130364693	-7.5975137358109555	138.0	12	1.05	0.95				
	107	2	91.30690254385966	18.261380508771932	0.0	0.0	1	0.9943813759892982	-15.41618509864551	138.0	12	1.05	0.95				
	108	1	124.90784268000002	25.565932712280702	0.0	0.0	1	0.9891936916385344	-13.52909179241751	138.0	12	1.05	0.95				
	109	1	127.82966356140352	26.296387932631582	0.0	0.0	1	1.0242580389245954	-4.607098296679052	138.0	13	1.05	0.95				
	110	1	142.43876796842108	29.21820881403509	0.0	0.0	1	1.05	-6.462398126204189	138.0	13	1.05	0.95				
	111	1	0.0	0.0	0.0	0.0	1	1.0255955082301842	-0.9923272281583013	230.0	13	1.05	0.95				
	112	1	0.0	0.0	0.0	0.0	1	1.0205773663941315	-1.3922097743104445	230.0	13	1.05	0.95				
	113	3	193.57063339298247	39.444581898947376	0.0	0.0	1	1.0209638460448633	1.3988181093510204e-30	230.0	14	1.05	0.95				
	114	2	141.7083127480702	28.487753593684218	0.0	0.0	1	1.05	2.5297650782036873	230.0	16	1.05	0.95				
	115	2	231.55430485122807	46.749134102456146	0.0	0.0	1	1.0326052807128028	14.244161694484198	230.0	16	1.05	0.95				
	116	2	73.04552203508773	14.609104407017545	0.0	0.0	1	1.0349616987266643	12.26508371501727	230.0	16	1.05	0.95				
	117	1	0.0	0.0	0.0	0.0	1	1.0345804574437798	19.261719208876695	230.0	17	1.05	0.95				
	118	2	243.24158837684215	49.67095498385966	0.0	0.0	1	1.0452994080817226	20.218011754977237	230.0	17	1.05	0.95				
	119	1	132.2123948835088	27.02684315298246	0.0	0.0	1	1.0345270053130455	8.263379435480259	230.0	15	1.05	0.95				
	120	1	93.49826820491229	18.991835729122812	0.0	0.0	1	1.043103529410342	5.915716824412545	230.0	15	1.05	0.95				
	121	2	0.0	0.0	0.0	0.0	1	1.0452389695305055	22.56114078925571	230.0	17	1.05	0.95				
	122	2	0.0	0.0	0.0	0.0	1	1.05	40.50540164550835	230.0	17	1.05	0.95				
	123	2	0.0	0.0	0.0	0.0	1	1.05	5.173050658415466	230.0	15	1.05	0.95				
	124	1	0.0	0.0	0.0	0.0	1	1.0093450821250063	9.085505344196228	230.0	16	1.05	0.95				
	201	2	70.65134583157895	14.39194081754386	0.0	0.0	2	1.0265842596764485	-12.294256939709886	138.0	21	1.05	0.95				
	202	2	63.455375422807016	13.083582561403508	0.0	0.0	2	1.027697117991745	-12.071602361874152	138.0	22	1.05	0.95				
	203	1	117.75224305263158	24.20462773859649	0.0	0.0	2	1.014005690375194	-11.373927087098615	138.0	21	1.05	0.95				
	204	1	48.40925547719298	9.81268692105263	0.0	0.0	2	1.0151896999819634	-12.722906197839231	138.0	21	1.05	0.95				
	205	1	46.44671809298245	9.158507792982457	0.0	0.0	2	1.0300316247200416	-13.075669108305748	138.0	21	1.05	0.95				
	206	1	88.96836141754386	18.317015585964914	0.0	-100.0	2	1.0386132531059717	-14.087168548008735	138.0	22	1.05	0.95				
	207	2	81.77239100877193	16.354478201754386	0.0	0.0	2	0.9812472130967187	-23.448886911863642	138.0	22	1.05	0.95				
	208	1	111.86463089999998	22.896269482456137	0.0	0.0	2	0.9821291231503525	-20.267967350435097	138.0	22	1.05	0.95				
	209	1	114.48134741228068	23.550448610526313	0.0	0.0	2	1.0253730479883503	-10.584279264310108	138.0	23	1.05	0.95				
	210	1	127.5649299736842	26.167165122807017	0.0	0.0	2	1.05	-11.783350359548878	138.0	23	1.05	0.95				
	211	1	0.0	0.0	0.0	0.0	2	1.02001447129925	-6.756418061236323	230.0	23	1.05	0.95				
	212	1	0.0	0.0	0.0	0.0	2	1.0196013373909054	-1.581584409455427	230.0	23	1.05	0.95				
	213	2	173.35746893859647	35.325672915789475	0.0	0.0	2	1.0270549063099628	-3.409662739310575	230.0	24	1.05	0.95				
	214	2	126.91075084561403	25.51298599473684	0.0	0.0	2	1.0276136616073537	-5.307443663624667	230.0	26	1.05	0.95				
	215	2	207.3747835982456	41.86746419649123	0.0	0.0	2	1.039744651450816	0.2922061623140572	230.0	26	1.05	0.95				
	216	2	65.41791280701754	13.083582561403508	0.0	0.0	2	1.040838706859526	0.7625401547591789	230.0	26	1.05	0.95				
	217	1	0.0	0.0	0.0	0.0	2	1.0436658096194567	1.7678496410463758	230.0	27	1.05	0.95				
	218	2	217.84164964736843	44.48418070877193	0.0	0.0	2	1.0412406392019458	0.835634016564507	230.0	27	1.05	0.95				
	219	1	118.40642218070177	24.20462773859649	0.0	0.0	2	1.0388941635360536	2.569720385370502	230.0	25	1.05	0.95				
	220	1	83.73492839298245	17.008657329824562	0.0	0.0	2	1.044023939998278	5.370111451982604	230.0	25	1.05	0.95				
	221	2	0.0	0.0	0.0	0.0	2	1.0424419986775073	1.4660613418606252	230.0	27	1.05	0.95				
	222	2	0.0	0.0	0.0	0.0	2	1.05	8.090502611065265	230.0	27	1.05	0.95				
	223	2	0.0	0.0	0.0	0.0	2	1.05	7.372934984930517	230.0	25	1.05	0.95				
	224	1	0.0	0.0	0.0	0.0	2	1.015548680500185	-4.0157944816861155	230.0	26	1.05	0.95				
	301	2	76.08857957052632	15.499525468070175	0.0	0.0	3	1.0059969849426655	18.830836079426305	138.0	31	1.05	0.95				
	302	2	68.33881683649122	14.090477698245616	0.0	0.0	3	1.0046332569564742	18.554048512065386	138.0	32	1.05	0.95				
	303	1	126.81429928421053	26.067383741754384	0.0	0.0	3	1.0446283724764678	30.648408689144095	138.0	31	1.05	0.95				
	304	1	52.13476748350877	10.567858273684209	0.0	0.0	3	1.0041963317760756	20.618415565614235	138.0	31	1.05	0.95				
	305	1	50.02119582877192	9.86333438877193	0.0	0.0	3	1.018260400670016	19.36445716511088	138.0	31	1.05	0.95				
	306	1	95.81524834807018	19.72666877754386	0.0	-100.0	3	1.0313267784704427	18.895192862201498	138.0	32	1.05	0.95				
	307	2	88.06548561403508	17.613097122807016	0.0	0.0	3	0.9891658656016666	13.131985940238168	138.0	32	1.05	0.95				
	308	1	120.47358431999999	24.658335971929823	0.0	0.0	3	0.992940948625607	16.45127561924266	138.0	32	1.05	0.95				
	309	1	123.29167985964912	25.3628598568421	0.0	0.0	3	1.029332430349072	25.16675809471411	138.0	33	1.05	0.95				
	310	1	137.38215755789474	28.180955396491232	0.0	0.0	3	1.05	22.160904800292798	138.0	33	1.05	0.95				
	311	1	0.0	0.0	0.0	0.0	3	1.0197934132095354	28.668151290095754	230.0	33	1.05	0.95				
	312	1	0.0	0.0	0.0	0.0	3	1.0244521529113144	29.49650552483332	230.0	33	1.05	0.95				
	313	2	186.69882950175437	38.04428978526316	0.0	0.0	3	1.0387793595695427	35.10886913112975	230.0	34	1.05	0.95				
	314	2	136.67763367298244	27.476431511578948	0.0	0.0	3	1.0212188019799189	27.949309927803387	230.0	36	1.05	0.95				
	315	2	223.33407151719297	45.089528634385964	0.0	0.0	3	1.0453000516144937	25.379764707714703	230.0	36	1.05	0.95				
	316	2	70.45238849122806	14.090477698245616	0.0	0.0	3	1.0403766732105881	26.119834706478418	230.0	36	1.05	0.95				
	317	1	0.0	0.0	0.0	0.0	3	1.05	27.678934247713677	230.0	37	1.05	0.95				
	318	2	234.60645367578948	47.90762417403509	0.0	0.0	3	1.0460303948142462	24.600966623168237	230.0	37	1.05	0.95				
	319	1	127.5188231691228	26.067383741754384	0.0	0.0	3	1.0374901380799932	27.102023556158652	230.0	35	1.05	0.95				
	320	1	90.17905726877193	18.317621007719296	0.0	0.0	3	1.037977552982337	27.953646445309246	230.0	35	1.05	0.95				
	321	2	0.0	0.0	0.0	0.0	3	1.0465201463284275	25.51251435136255	230.0	37	1.05	0.95				
	322	2	0.0	0.0	0.0	0.0	3	1.05	30.70622025440662	230.0	37	1.05	0.95				
	323	2	0.0	0.0	0.0	0.0	3	1.0386459677288113	28.318340792650645	230.0	35	1.05	0.95				
	324	1	0.0	0.0	0.0	0.0	3	1.044818758093422	29.140814189383395	230.0	36	1.05	0.95				
	325	1	0.0	0.0	0.0	0.0	3	1.0406597548872842	27.834181358259247	230.0	35	1.05	0.95				
];
