%% MATPOWER Case Format : Version 2
function mpc = RTS_GMLC
mpc.version = '2';

%%-----  Power Flow Data  -----%%
%% system MVA base
mpc.baseMVA = 100.0;
%% bus data
%    bus_i    type    Pd    Qd    Gs    Bs    area    Vm    Va    baseKV    zone    Vmax    Vmin
mpc.bus = [
	101	2	72.1425037263158	14.695695203508771	0.0	0.0	1	1.0312786783907195	-0.08022675602963283	138.0	11	1.05	0.95				
	102	2	64.7946561245614	13.3597229122807	0.0	0.0	1	1.0312662912819854	-0.15106850927195906	138.0	12	1.05	0.95				
	103	1	120.2375062105263	24.715487387719296	0.0	0.0	1	1.0218762884560155	-0.4524440231204566	138.0	11	1.05	0.95				
	104	1	49.43097477543859	10.019792184210525	0.0	0.0	1	1.0166195183764486	-3.290850366689793	138.0	11	1.05	0.95				
	105	1	47.42701633859648	9.351806038596491	0.0	0.0	1	1.0315336775991295	-3.3198022985997127	138.0	11	1.05	0.95				
	106	1	90.84611580350877	18.703612077192982	0.0	-100.0	1	1.038067158854108	-5.744575398081083	138.0	12	1.05	0.95				
	107	2	83.49826820175437	16.699653640350874	0.0	0.0	1	1.0419176935132661	-4.078765657650441	138.0	12	1.05	0.95				
	108	1	114.2256309	23.379515096491225	0.0	0.0	1	1.023210450494051	-6.04147929227137	138.0	12	1.05	0.95				
	109	1	116.89757548245612	24.04750124210526	0.0	0.0	1	1.0260073226046142	-3.1510886035687515	138.0	13	1.05	0.95				
	110	1	130.25729839473684	26.7194458245614	0.0	0.0	1	1.05	-4.490092089225079	138.0	13	1.05	0.95				
	111	1	0.0	0.0	0.0	0.0	1	1.0119558626823588	-0.5753879426395155	230.0	13	1.05	0.95				
	112	1	0.0	0.0	0.0	0.0	1	1.0148184312200696	-0.3126458623103404	230.0	13	1.05	0.95				
	113	3	177.01632858771927	36.0712518631579	0.0	0.0	1	1.0093026194939356	5.670988962934513e-28	230.0	14	1.05	0.95				
	114	2	129.5893122491228	26.051459678947364	0.0	0.0	1	1.0154402284080213	2.2249041945878747	230.0	16	1.05	0.95				
	115	2	211.7516081596491	42.75111331929824	0.0	0.0	1	1.0441094148141603	11.044432802464966	230.0	16	1.05	0.95				
	116	2	66.7986145614035	13.3597229122807	0.0	0.0	1	1.0410284135940924	10.190789469235567	230.0	16	1.05	0.95				
	117	1	0.0	0.0	0.0	0.0	1	1.0428631319075785	14.246752937486608	230.0	17	1.05	0.95				
	118	2	222.4393864894737	45.42305790175438	0.0	0.0	1	1.0496577623188224	14.056324024871847	230.0	17	1.05	0.95				
	119	1	120.90549235614034	24.715487387719296	0.0	0.0	1	1.0346380329089186	7.846154585034098	230.0	15	1.05	0.95				
	120	1	85.50222663859648	17.36763978596491	0.0	0.0	1	1.035609232298858	7.0726208300143	230.0	15	1.05	0.95				
	121	2	0.0	0.0	0.0	0.0	1	1.05	15.454050666604077	230.0	17	1.05	0.95				
	122	2	0.0	0.0	0.0	0.0	1	1.05	32.3083777816832	230.0	17	1.05	0.95				
	123	2	0.0	0.0	0.0	0.0	1	1.0377246226179169	7.146110365328974	230.0	15	1.05	0.95				
	124	1	0.0	0.0	0.0	0.0	1	1.0213809614705591	6.78452892664469	230.0	16	1.05	0.95				
	201	2	74.06831417684211	15.087989924912282	0.0	0.0	2	1.03570481490855	-13.986539851247905	138.0	21	1.05	0.95				
	202	2	66.52431921438597	13.716354477192983	0.0	0.0	2	1.0358508888643552	-14.104333176384772	138.0	22	1.05	0.95				
	203	1	123.44719029473686	25.375255782807017	0.0	0.0	2	1.024534731949735	-10.120624335815137	138.0	21	1.05	0.95				
	204	1	50.75051156561403	10.287265857894736	0.0	0.0	2	1.0176651973476911	-15.994114494573001	138.0	21	1.05	0.95				
	205	1	48.693058394035084	9.601448134035088	0.0	0.0	2	1.0339934933922488	-16.46650772330402	138.0	21	1.05	0.95				
	206	1	93.27121044491228	19.202896268070177	0.0	-100.0	2	1.0391636743018458	-18.508521977715326	138.0	22	1.05	0.95				
	207	2	85.72721548245615	17.145443096491228	0.0	0.0	2	0.973340789222963	-28.737113073879218	138.0	22	1.05	0.95				
	208	1	117.27483078	24.003620335087717	0.0	0.0	2	0.9755418979893135	-25.37061745571112	138.0	22	1.05	0.95				
	209	1	120.0181016754386	24.689438058947367	0.0	0.0	2	1.0241745325278868	-14.762572717769123	138.0	23	1.05	0.95				
	210	1	133.73445615263157	27.432708954385966	0.0	0.0	2	1.05	-16.824428968552567	138.0	23	1.05	0.95				
	211	1	0.0	0.0	0.0	0.0	2	1.0235966516953725	-10.79880989546182	230.0	23	1.05	0.95				
	212	1	0.0	0.0	0.0	0.0	2	1.0180960215912356	-9.76785628849375	230.0	23	1.05	0.95				
	213	2	181.741696822807	37.034157088421054	0.0	0.0	2	1.0290532000984158	-8.869060204801814	230.0	24	1.05	0.95				
	214	2	133.04863842877194	26.746891230526316	0.0	0.0	2	1.0387792444412693	-7.611152593533989	230.0	26	1.05	0.95				
	215	2	217.40421846350876	43.892334327017544	0.0	0.0	2	1.0437075112669814	1.384770853239308	230.0	26	1.05	0.95				
	216	2	68.58177238596491	13.716354477192983	0.0	0.0	2	1.046557513375802	1.1090231776084363	230.0	26	1.05	0.95				
	217	1	0.0	0.0	0.0	0.0	2	1.0478387718573527	4.603751576269522	230.0	27	1.05	0.95				
	218	2	228.37730204526315	46.63560522245614	0.0	0.0	2	1.049773112862992	5.118712013673378	230.0	27	1.05	0.95				
	219	1	124.1330080185965	25.375255782807017	0.0	0.0	2	1.0433909951598717	0.43292882065326027	230.0	25	1.05	0.95				
	220	1	87.78466865403509	17.831260820350877	0.0	0.0	2	1.046432421786808	1.1294789814169892	230.0	25	1.05	0.95				
	221	2	0.0	0.0	0.0	0.0	2	1.0499999921244552	5.160583805025536	230.0	27	1.05	0.95				
	222	2	0.0	0.0	0.0	0.0	2	1.05	11.453966546516424	230.0	27	1.05	0.95				
	223	2	0.0	0.0	0.0	0.0	2	1.05	2.0103217931376447	230.0	25	1.05	0.95				
	224	1	0.0	0.0	0.0	0.0	2	1.0221143661032042	-2.890859317194729	230.0	26	1.05	0.95				
	301	2	66.19740589894737	13.484656757192981	0.0	0.0	3	1.0135942859980749	-18.659314555454237	138.0	31	1.05	0.95				
	302	2	59.455077520350876	12.258778870175439	0.0	0.0	3	1.012335638665076	-18.930652374508846	138.0	32	1.05	0.95				
	303	1	110.32900983157894	22.678740909824562	0.0	0.0	3	1.0408839954107816	-6.500361982868976	138.0	31	1.05	0.95				
	304	1	45.357481819649124	9.194084152631579	0.0	0.0	3	1.0091967576695131	-16.934309718813555	138.0	31	1.05	0.95				
	305	1	43.518664989122804	8.581145209122807	0.0	0.0	3	1.0237999925257524	-18.697492075684302	138.0	31	1.05	0.95				
	306	1	83.35969631719297	17.162290418245615	0.0	-100.0	3	1.0360991445232426	-19.395733508113615	138.0	32	1.05	0.95				
	307	2	76.61736793859649	15.323473587719297	0.0	0.0	3	0.9910945382131648	-26.2165208984216	138.0	32	1.05	0.95				
	308	1	104.81255933999998	21.452863022807016	0.0	0.0	3	0.9903042808877313	-23.267292033189836	138.0	32	1.05	0.95				
	309	1	107.26431511403507	22.06580196631579	0.0	0.0	3	1.0281462028593573	-12.806724216476335	138.0	33	1.05	0.95				
	310	1	119.5230939842105	24.517557740350878	0.0	0.0	3	1.05	-16.770520764654357	138.0	33	1.05	0.95				
	311	1	0.0	0.0	0.0	0.0	3	1.01983595569919	-9.473142557251949	230.0	33	1.05	0.95				
	312	1	0.0	0.0	0.0	0.0	3	1.0190248316977841	-9.073116675541135	230.0	33	1.05	0.95				
	313	2	162.42882002982455	33.09870294947368	0.0	0.0	3	1.0255607664056199	-6.345148177366794	230.0	34	1.05	0.95				
	314	2	118.91015504070175	23.904618796842104	0.0	0.0	3	1.0310021507574247	-6.935291143046911	230.0	36	1.05	0.95				
	315	2	194.30164509228067	39.2280923845614	0.0	0.0	3	1.0472932668279247	0.38033204173908247	230.0	36	1.05	0.95				
	316	2	61.29389435087719	12.258778870175439	0.0	0.0	3	1.045740201640041	0.3729763910604618	230.0	36	1.05	0.95				
	317	1	0.0	0.0	0.0	0.0	3	1.05	4.964437257215202	230.0	37	1.05	0.95				
	318	2	204.10866818842103	41.679848158596485	0.0	0.0	3	1.0452259585356238	3.7403585382961757	230.0	37	1.05	0.95				
	319	1	110.94194877508772	22.678740909824562	0.0	0.0	3	1.0414132314485123	-1.3980351129654762	230.0	35	1.05	0.95				
	320	1	78.4561847691228	15.93641253122807	0.0	0.0	3	1.0430410043654368	-1.7858480860177601	230.0	35	1.05	0.95				
	321	2	0.0	0.0	0.0	0.0	3	1.0493238641724978	4.169540084189089	230.0	37	1.05	0.95				
	322	2	0.0	0.0	0.0	0.0	3	1.05	8.828309937568852	230.0	37	1.05	0.95				
	323	2	0.0	0.0	0.0	0.0	3	1.0452452352941515	-1.5471670417631214	230.0	35	1.05	0.95				
	324	1	0.0	0.0	0.0	0.0	3	1.035746965347613	-2.202536836518197	230.0	36	1.05	0.95				
	325	1	0.0	0.0	0.0	0.0	3	1.0400630758323184	-0.15003096372334257	230.0	35	1.05	0.95				
];
