%% MATPOWER Case Format : Version 2
function mpc = RTS_GMLC
mpc.version = '2';

%%-----  Power Flow Data  -----%%
%% system MVA base
mpc.baseMVA = 100.0;
%% bus data
%    bus_i    type    Pd    Qd    Gs    Bs    area    Vm    Va    baseKV    zone    Vmax    Vmin
mpc.bus = [
	101	2	42.697674416842105	8.697674418245613	0.0	0.0	1	1.0360155157260365	1.8468508145750524	138.0	11	1.05	0.95				
	102	2	38.34883720771929	7.906976743859649	0.0	0.0	1	1.0351503050303816	1.572847342800679	138.0	12	1.05	0.95				
	103	1	71.16279069473683	14.627906976140348	0.0	0.0	1	1.0270208565176384	0.8913780459538826	138.0	11	1.05	0.95				
	104	1	29.255813952280697	5.930232557894736	0.0	0.0	1	1.0222238849194982	-1.4143910457683257	138.0	11	1.05	0.95				
	105	1	28.06976744070175	5.534883720701755	0.0	0.0	1	1.0375915712098884	-1.2483021834889696	138.0	11	1.05	0.95				
	106	1	53.76744185824561	11.06976744140351	0.0	-100.0	1	1.046885598408527	-3.4348012896871554	138.0	12	1.05	0.95				
	107	2	49.4186046491228	9.88372092982456	0.0	0.0	1	1.000433945002421	-10.394352612482358	138.0	12	1.05	0.95				
	108	1	67.60465115999999	13.837209301754383	0.0	0.0	1	1.0042651944325554	-8.352752464837701	138.0	12	1.05	0.95				
	109	1	69.18604650877192	14.232558138947365	0.0	0.0	1	1.023377018836355	-2.2610266251120876	138.0	13	1.05	0.95				
	110	1	77.09302325263157	15.813953487719298	0.0	0.0	1	1.05	-3.1484800636337513	138.0	13	1.05	0.95				
	111	1	0.0	0.0	0.0	0.0	1	1.001398488813094	-0.23396365622731846	230.0	13	1.05	0.95				
	112	1	0.0	0.0	0.0	0.0	1	1.00681916654611	-0.6793783271201298	230.0	13	1.05	0.95				
	113	3	104.76744185614034	21.348837208421052	0.0	0.0	1	0.9951019489861037	8.421043643424678e-28	230.0	14	1.05	0.95				
	114	2	76.69767441543858	15.418604650526316	0.0	0.0	1	0.9963669241615531	2.183671305973464	230.0	16	1.05	0.95				
	115	2	125.32558139017542	25.302325580350875	0.0	0.0	1	1.029474053701365	9.064745414987083	230.0	16	1.05	0.95				
	116	2	39.53488371929824	7.906976743859649	0.0	0.0	1	1.0253577808044358	7.8905169150539125	230.0	16	1.05	0.95				
	117	1	0.0	0.0	0.0	0.0	1	1.0326176842711599	12.120303051997366	230.0	17	1.05	0.95				
	118	2	131.65116278526315	26.883720929122806	0.0	0.0	1	1.0384149194997996	12.529516779493541	230.0	17	1.05	0.95				
	119	1	71.55813953192983	14.627906976140348	0.0	0.0	1	1.016275713516423	5.123935458235122	230.0	15	1.05	0.95				
	120	1	50.60465116070175	10.279069767017543	0.0	0.0	1	1.0125229979293442	3.4800391665047687	230.0	15	1.05	0.95				
	121	2	0.0	0.0	0.0	0.0	1	1.0415594506450336	13.846432046030525	230.0	17	1.05	0.95				
	122	2	0.0	0.0	0.0	0.0	1	1.05	25.983267522366493	230.0	17	1.05	0.95				
	123	2	0.0	0.0	0.0	0.0	1	1.0109911805604532	2.885218022457111	230.0	15	1.05	0.95				
	124	1	0.0	0.0	0.0	0.0	1	1.0182579274430579	5.980682118812149	230.0	16	1.05	0.95				
	201	2	43.36659845052632	8.833936721403509	0.0	0.0	2	1.010648641190433	-15.48284837718805	138.0	21	1.05	0.95				
	202	2	38.94963008982456	8.03085156491228	0.0	0.0	2	1.0098048920817875	-15.776544917241784	138.0	22	1.05	0.95				
	203	1	72.27766408421053	14.857075395087719	0.0	0.0	2	1.0143367313608158	-11.254489324692626	138.0	21	1.05	0.95				
	204	1	29.714150790175438	6.02313867368421	0.0	0.0	2	1.0107433905201162	-15.399104030661555	138.0	21	1.05	0.95				
	205	1	28.509523055438596	5.621596095438597	0.0	0.0	2	1.0254390647639506	-15.86145546309549	138.0	21	1.05	0.95				
	206	1	54.609790641403514	11.243192190877194	0.0	-100.0	2	1.041672252406028	-16.582269038614758	138.0	22	1.05	0.95				
	207	2	50.192822280701755	10.03856445614035	0.0	0.0	2	0.993128179907523	-21.343534628157006	138.0	22	1.05	0.95				
	208	1	68.66378087999999	14.053990238596489	0.0	0.0	2	1.0000274966005542	-19.55170396226521	138.0	22	1.05	0.95				
	209	1	70.26995119298245	14.455532816842103	0.0	0.0	2	1.02301283577959	-13.423990448941101	138.0	23	1.05	0.95				
	210	1	78.30080275789473	16.06170312982456	0.0	0.0	2	1.05	-14.944431808578802	138.0	23	1.05	0.95				
	211	1	0.0	0.0	0.0	0.0	2	1.0063225844223165	-10.401653696479235	230.0	23	1.05	0.95				
	212	1	0.0	0.0	0.0	0.0	2	1.010825129995245	-9.614351226824633	230.0	23	1.05	0.95				
	213	2	106.40878323508771	21.68329922526316	0.0	0.0	2	1.0057742267515313	-8.976662882750698	230.0	24	1.05	0.95				
	214	2	77.89926017964912	15.660160551578947	0.0	0.0	2	1.0054694663104373	-7.7562317538316945	230.0	26	1.05	0.95				
	215	2	127.28899730385963	25.698725007719297	0.0	0.0	2	1.021136316473656	-1.3318323350361096	230.0	26	1.05	0.95				
	216	2	40.1542578245614	8.03085156491228	0.0	0.0	2	1.0233695905423967	-1.593789912615463	230.0	26	1.05	0.95				
	217	1	0.0	0.0	0.0	0.0	2	1.0258045543927654	0.08166186775967131	230.0	27	1.05	0.95				
	218	2	133.71367855578947	27.304895320701757	0.0	0.0	2	1.0251397735710912	-0.4018205180428333	230.0	27	1.05	0.95				
	219	1	72.67920666245614	14.857075395087719	0.0	0.0	2	1.0282012899897839	-1.7187262318933403	230.0	25	1.05	0.95				
	220	1	51.397450015438594	10.440107034385965	0.0	0.0	2	1.0349299039704813	-1.0468587483690086	230.0	25	1.05	0.95				
	221	2	0.0	0.0	0.0	0.0	2	1.0273630759223122	0.09261401970576262	230.0	27	1.05	0.95				
	222	2	0.0	0.0	0.0	0.0	2	1.0490061852525137	6.590989730886804	230.0	27	1.05	0.95				
	223	2	0.0	0.0	0.0	0.0	2	1.0392055420984732	-0.3791422767315693	230.0	25	1.05	0.95				
	224	1	0.0	0.0	0.0	0.0	2	1.0064227345119192	-5.061108703072725	230.0	26	1.05	0.95				
	301	2	56.442897814736845	11.497627332631579	0.0	0.0	3	1.0324486576126775	-1.900496837539249	138.0	31	1.05	0.95				
	302	2	50.69408414842105	10.452388484210527	0.0	0.0	3	1.0280162498042693	-2.2389253548593664	138.0	32	1.05	0.95				
	303	1	94.07149635789473	19.336918695789475	0.0	0.0	3	1.05	14.481152019392633	138.0	31	1.05	0.95				
	304	1	38.67383739157895	7.839291363157895	0.0	0.0	3	1.0110565169808177	-0.4262943714565701	138.0	31	1.05	0.95				
	305	1	37.10597911894737	7.316671938947369	0.0	0.0	3	1.031182816766751	-3.182291654412302	138.0	31	1.05	0.95				
	306	1	71.07624169263158	14.633343877894738	0.0	-100.0	3	1.0366359731177042	-4.509001963693841	138.0	32	1.05	0.95				
	307	2	65.32742802631579	13.065485605263158	0.0	0.0	3	0.95	-6.649870948839085	138.0	32	1.05	0.95				
	308	1	89.36792154	18.29167984736842	0.0	0.0	3	0.9673654828298234	-5.436179217175222	138.0	32	1.05	0.95				
	309	1	91.4583992368421	18.814299271578946	0.0	0.0	3	1.0148103108474034	3.25501736396363	138.0	33	1.05	0.95				
	310	1	101.91078772105261	20.904776968421054	0.0	0.0	3	1.0424913094440116	-2.8157956906387502	138.0	33	1.05	0.95				
	311	1	0.0	0.0	0.0	0.0	3	1.0023410983693577	1.5442056872273335	230.0	33	1.05	0.95				
	312	1	0.0	0.0	0.0	0.0	3	1.0065370203253987	2.3567925057601085	230.0	33	1.05	0.95				
	313	2	138.49414741578948	28.221448907368423	0.0	0.0	3	1.0031272906516102	4.009093661522551	230.0	34	1.05	0.95				
	314	2	101.3881682968421	20.38215754421053	0.0	0.0	3	0.9989987429954691	0.818175671632551	230.0	36	1.05	0.95				
	315	2	165.67035747473685	33.447643149473684	0.0	0.0	3	1.05	3.4534531155454884	230.0	36	1.05	0.95				
	316	2	52.26194242105263	10.452388484210527	0.0	0.0	3	1.0373980154933198	2.964704068966387	230.0	36	1.05	0.95				
	317	1	0.0	0.0	0.0	0.0	3	1.0496995940673386	5.593495218469368	230.0	37	1.05	0.95				
	318	2	174.03226826210528	35.53812084631579	0.0	0.0	3	1.049561876691257	4.091587335175282	230.0	37	1.05	0.95				
	319	1	94.59411578210528	19.336918695789475	0.0	0.0	3	1.0245933083660448	2.628296050302762	230.0	35	1.05	0.95				
	320	1	66.89528629894737	13.588105029473684	0.0	0.0	3	1.017472135009855	3.35564168886694	230.0	35	1.05	0.95				
	321	2	0.0	0.0	0.0	0.0	3	1.05	4.460877342908674	230.0	37	1.05	0.95				
	322	2	0.0	0.0	0.0	0.0	3	1.05	9.252983748105752	230.0	37	1.05	0.95				
	323	2	0.0	0.0	0.0	0.0	3	1.0147896299954229	4.1707102764418345	230.0	35	1.05	0.95				
	324	1	0.0	0.0	0.0	0.0	3	1.0465305889366932	7.665732952613962	230.0	36	1.05	0.95				
	325	1	0.0	0.0	0.0	0.0	3	1.0150877232810422	5.005675831919392	230.0	35	1.05	0.95				
];
