%% MATPOWER Case Format : Version 2
function mpc = RTS_GMLC
mpc.version = '2';

%%-----  Power Flow Data  -----%%
%% system MVA base
mpc.baseMVA = 100.0;
%% bus data
%    bus_i    type    Pd    Qd    Gs    Bs    area    Vm    Va    baseKV    zone    Vmax    Vmin
mpc.bus = [
	101	2	47.78772885473684	9.734537359298246	0.0	0.0	1	1.0328369778383142	1.2073824299974685	138.0	11	1.05	0.95				
	102	2	42.92046017508772	8.84957941754386	0.0	0.0	1	1.031920518218851	0.9152612454807336	138.0	12	1.05	0.95				
	103	1	79.64621475789473	16.37172192245614	0.0	0.0	1	1.0287614794473272	0.9476495867472586	138.0	11	1.05	0.95				
	104	1	32.74344384491228	6.637184563157894	0.0	0.0	1	1.020427793265693	-1.9612020926170401	138.0	11	1.05	0.95				
	105	1	31.4160069322807	6.194705592280702	0.0	0.0	1	1.0353781497091126	-1.873853903734507	138.0	11	1.05	0.95				
	106	1	60.17714003929825	12.389411184561403	0.0	-100.0	1	1.0448143072796923	-4.090238106608642	138.0	12	1.05	0.95				
	107	2	55.30987135964912	11.061974271929824	0.0	0.0	1	0.9990288196522656	-11.501805770239535	138.0	12	1.05	0.95				
	108	1	75.66390401999999	15.486763980701754	0.0	0.0	1	1.0017750549481943	-9.28579277517729	138.0	12	1.05	0.95				
	109	1	77.43381990350878	15.929242951578946	0.0	0.0	1	1.0242771850794532	-2.5170224029361536	138.0	13	1.05	0.95				
	110	1	86.28339932105263	17.69915883508772	0.0	0.0	1	1.05	-3.6004458908885697	138.0	13	1.05	0.95				
	111	1	0.0	0.0	0.0	0.0	1	1.0051647018426453	-0.09555154085249434	230.0	13	1.05	0.95				
	112	1	0.0	0.0	0.0	0.0	1	1.0095179448902587	-0.562274273916608	230.0	13	1.05	0.95				
	113	3	117.25692728245613	23.89386442736842	0.0	0.0	1	0.9991152654290278	-1.983371184560132e-30	230.0	14	1.05	0.95				
	114	2	85.84092035017544	17.256679864210525	0.0	0.0	1	1.004974414639138	2.9015303650800996	230.0	16	1.05	0.95				
	115	2	140.26583376807017	28.31865413614035	0.0	0.0	1	1.0397041595990781	10.484563010184171	230.0	16	1.05	0.95				
	116	2	44.247897087719295	8.84957941754386	0.0	0.0	1	1.035342698539519	9.68619658360474	230.0	16	1.05	0.95				
	117	1	0.0	0.0	0.0	0.0	1	1.0397145179923337	14.147817989708193	230.0	17	1.05	0.95				
	118	2	147.34549730210526	30.088570019649126	0.0	0.0	1	1.048095513681892	14.116295256283813	230.0	17	1.05	0.95				
	119	1	80.08869372877193	16.37172192245614	0.0	0.0	1	1.0254678100388244	6.6768658995913555	230.0	15	1.05	0.95				
	120	1	56.6373082722807	11.504453242807017	0.0	0.0	1	1.0218150626537261	4.894913739480017	230.0	15	1.05	0.95				
	121	2	0.0	0.0	0.0	0.0	1	1.05	15.14744005868831	230.0	17	1.05	0.95				
	122	2	0.0	0.0	0.0	0.0	1	1.05	32.542982268328004	230.0	17	1.05	0.95				
	123	2	0.0	0.0	0.0	0.0	1	1.020563948625927	4.253907523158197	230.0	15	1.05	0.95				
	124	1	0.0	0.0	0.0	0.0	1	1.0236754715678005	6.915349256244355	230.0	16	1.05	0.95				
	201	2	47.5315599031579	9.68235479508772	0.0	0.0	2	1.0212191527028673	-14.665792841355557	138.0	21	1.05	0.95				
	202	2	42.69038250561404	8.80214072280702	0.0	0.0	2	1.0216832761155676	-14.63246791641692	138.0	22	1.05	0.95				
	203	1	79.21926650526316	16.283960337192983	0.0	0.0	2	1.015182900713971	-12.209546958907746	138.0	21	1.05	0.95				
	204	1	32.56792067438597	6.601605542105263	0.0	0.0	2	1.0152811910539477	-15.69457296094769	138.0	21	1.05	0.95				
	205	1	31.24759956596491	6.1614985059649126	0.0	0.0	2	1.0302618211317294	-16.085561537707573	138.0	21	1.05	0.95				
	206	1	59.854556915087734	12.322997011929825	0.0	-100.0	2	1.043206029023914	-17.316772794211087	138.0	22	1.05	0.95				
	207	2	55.01337951754386	11.002675903508772	0.0	0.0	2	0.9924932864777772	-23.359801836794848	138.0	22	1.05	0.95				
	208	1	75.25830318000001	15.40374626491228	0.0	0.0	2	0.9979575321375592	-21.35770318626829	138.0	22	1.05	0.95				
	209	1	77.0187313245614	15.843853301052633	0.0	0.0	2	1.0224763646442616	-14.74491381984718	138.0	23	1.05	0.95				
	210	1	85.82087204736843	17.60428144561404	0.0	0.0	2	1.05	-16.105400219925542	138.0	23	1.05	0.95				
	211	1	0.0	0.0	0.0	0.0	2	1.0065814226077299	-11.919493564630319	230.0	23	1.05	0.95				
	212	1	0.0	0.0	0.0	0.0	2	1.0097886997275756	-11.289462036480602	230.0	23	1.05	0.95				
	213	2	116.62836457719298	23.76577995157895	0.0	0.0	2	1.0038420073264673	-10.833009565724339	230.0	24	1.05	0.95				
	214	2	85.38076501122808	17.164174409473688	0.0	0.0	2	1.0072271551492216	-9.262837503766212	230.0	26	1.05	0.95				
	215	2	139.51393045649124	28.16685031298246	0.0	0.0	2	1.0225790880238708	-2.3713880667181013	230.0	26	1.05	0.95				
	216	2	44.01070361403509	8.80214072280702	0.0	0.0	2	1.0241073024072354	-2.822928937218666	230.0	26	1.05	0.95				
	217	1	0.0	0.0	0.0	0.0	2	1.0277900693677147	-0.6852213601548168	230.0	27	1.05	0.95				
	218	2	146.55564303473685	29.927278457543867	0.0	0.0	2	1.0271860107246453	-1.3094305286253234	230.0	27	1.05	0.95				
	219	1	79.65937354140351	16.283960337192983	0.0	0.0	2	1.0257296142514252	-3.4473593180218565	230.0	25	1.05	0.95				
	220	1	56.33370062596492	11.442782939649124	0.0	0.0	2	1.0301712400923622	-3.1291970064701875	230.0	25	1.05	0.95				
	221	2	0.0	0.0	0.0	0.0	2	1.029121116556947	-0.8540701218936092	230.0	27	1.05	0.95				
	222	2	0.0	0.0	0.0	0.0	2	1.0499999886490308	5.703255645018238	230.0	27	1.05	0.95				
	223	2	0.0	0.0	0.0	0.0	2	1.0332821792885614	-2.621398964786117	230.0	25	1.05	0.95				
	224	1	0.0	0.0	0.0	0.0	2	1.007724495965806	-6.066598135584932	230.0	26	1.05	0.95				
	301	2	65.88990826105262	13.422018349473683	0.0	0.0	3	1.0290772211282844	-16.11929830373913	138.0	31	1.05	0.95				
	302	2	59.17889908631578	12.201834863157895	0.0	0.0	3	1.0240769162582986	-16.472960771539697	138.0	32	1.05	0.95				
	303	1	109.81651376842106	22.573394496842102	0.0	0.0	3	1.05	0.7511110346298554	138.0	31	1.05	0.95				
	304	1	45.146788993684204	9.15137614736842	0.0	0.0	3	1.0072110393041933	-14.58184383461035	138.0	31	1.05	0.95				
	305	1	43.31651376421053	8.541284404210527	0.0	0.0	3	1.0276694996012092	-17.001267354124018	138.0	31	1.05	0.95				
	306	1	82.97247706947368	17.082568808421055	0.0	-100.0	3	1.0322871942955334	-18.185141992952268	138.0	32	1.05	0.95				
	307	2	76.26146789473684	15.252293578947368	0.0	0.0	3	0.9585163915927002	-19.666019655058765	138.0	32	1.05	0.95				
	308	1	104.32568808	21.353211010526312	0.0	0.0	3	0.9696645591954929	-18.93069643750348	138.0	32	1.05	0.95				
	309	1	106.76605505263157	21.963302753684207	0.0	0.0	3	1.0147614863157897	-10.47484757419687	138.0	33	1.05	0.95				
	310	1	118.96788991578946	24.40366972631579	0.0	0.0	3	1.0413611620315566	-15.937677488330525	138.0	33	1.05	0.95				
	311	1	0.0	0.0	0.0	0.0	3	1.003780570286187	-10.518401268587736	230.0	33	1.05	0.95				
	312	1	0.0	0.0	0.0	0.0	3	1.0097007734859236	-9.40059277627401	230.0	33	1.05	0.95				
	313	2	161.6743119368421	32.94495413052631	0.0	0.0	3	1.0077493745243442	-7.447736138329987	230.0	34	1.05	0.95				
	314	2	118.35779817263156	23.793577983157896	0.0	0.0	3	1.0029525162322706	-10.438711147479099	230.0	36	1.05	0.95				
	315	2	193.39908258105262	39.04587156210526	0.0	0.0	3	1.05	-6.339149710138904	230.0	36	1.05	0.95				
	316	2	61.00917431578947	12.201834863157895	0.0	0.0	3	1.045284036757565	-6.679138541223071	230.0	36	1.05	0.95				
	317	1	0.0	0.0	0.0	0.0	3	1.05	-3.2323255076956334	230.0	37	1.05	0.95				
	318	2	203.16055047157894	41.48623853473684	0.0	0.0	3	1.0457281296118726	-4.50338421866537	230.0	37	1.05	0.95				
	319	1	110.42660551157894	22.573394496842102	0.0	0.0	3	1.0376320876235732	-6.742242881764743	230.0	35	1.05	0.95				
	320	1	78.09174312421052	15.862385322105263	0.0	0.0	3	1.0359620902466649	-5.636956038259304	230.0	35	1.05	0.95				
	321	2	0.0	0.0	0.0	0.0	3	1.0468530184597404	-4.534748338616559	230.0	37	1.05	0.95				
	322	2	0.0	0.0	0.0	0.0	3	1.05	0.31959635919995205	230.0	37	1.05	0.95				
	323	2	0.0	0.0	0.0	0.0	3	1.036796361002354	-4.570566366158065	230.0	35	1.05	0.95				
	324	1	0.0	0.0	0.0	0.0	3	1.047346905955229	-3.626307417663973	230.0	36	1.05	0.95				
	325	1	0.0	0.0	0.0	0.0	3	1.030657686863773	-2.9440364129970913	230.0	35	1.05	0.95				
];
