%% MATPOWER Case Format : Version 2
function mpc = RTS_GMLC
mpc.version = '2';

%%-----  Power Flow Data  -----%%
%% system MVA base
mpc.baseMVA = 100.0;
%% bus data
%    bus_i    type    Pd    Qd    Gs    Bs    area    Vm    Va    baseKV    zone    Vmax    Vmin
mpc.bus = [
	101	2	40.96091042526316	8.343889160701755	0.0	0.0	1	1.031674680128964	3.6181806783370556	138.0	11	1.05	0.95				
	102	2	36.78896584491228	7.58535378245614	0.0	0.0	1	1.030748336209872	3.341666784531572	138.0	12	1.05	0.95				
	103	1	68.26818404210526	14.032904497543857	0.0	0.0	1	1.0310916378581882	2.510357391100232	138.0	11	1.05	0.95				
	104	1	28.065808995087714	5.689015336842105	0.0	0.0	1	1.0211366407260385	0.22701144530536174	138.0	11	1.05	0.95				
	105	1	26.928005927719294	5.309747647719298	0.0	0.0	1	1.0354872194042752	0.4061820674723996	138.0	11	1.05	0.95				
	106	1	51.58040572070176	10.619495295438597	0.0	-100.0	1	1.0461675783271007	-1.8274737637923526	138.0	12	1.05	0.95				
	107	2	47.40846114035088	9.481692228070175	0.0	0.0	1	0.9994759396893815	-8.106721259505012	138.0	12	1.05	0.95				
	108	1	64.85477483999999	13.274369119298242	0.0	0.0	1	1.0048854625889623	-6.3545964723206865	138.0	12	1.05	0.95				
	109	1	66.37184559649123	13.653636808421052	0.0	0.0	1	1.0246023482236921	-0.7754866639725361	138.0	13	1.05	0.95				
	110	1	73.95719937894737	15.17070756491228	0.0	0.0	1	1.05	-1.6476822329695247	138.0	13	1.05	0.95				
	111	1	0.0	0.0	0.0	0.0	1	1.0033091042304585	0.8174949893460576	230.0	13	1.05	0.95				
	112	1	0.0	0.0	0.0	0.0	1	1.0082031308727017	0.616943378860664	230.0	13	1.05	0.95				
	113	3	100.50593761754385	20.48045521263158	0.0	0.0	1	0.9931566972251034	-1.559785057559674e-28	230.0	14	1.05	0.95				
	114	2	73.57793168982457	14.791439875789475	0.0	0.0	1	1.0022611470732161	3.6817438556510536	230.0	16	1.05	0.95				
	115	2	120.22785745192981	24.27313210385965	0.0	0.0	1	1.0403245933954932	10.514044298789901	230.0	16	1.05	0.95				
	116	2	37.9267689122807	7.58535378245614	0.0	0.0	1	1.0370653768168732	9.834791054976236	230.0	16	1.05	0.95				
	117	1	0.0	0.0	0.0	0.0	1	1.0424268739102065	13.316491037648616	230.0	17	1.05	0.95				
	118	2	126.29614047789472	25.79020286035088	0.0	0.0	1	1.0473741805537493	13.452730083282798	230.0	17	1.05	0.95				
	119	1	68.64745173122807	14.032904497543857	0.0	0.0	1	1.028707274516269	7.702187107846774	230.0	15	1.05	0.95				
	120	1	48.5462642077193	9.860959917192982	0.0	0.0	1	1.0246336337773343	6.567626248214631	230.0	15	1.05	0.95				
	121	2	0.0	0.0	0.0	0.0	1	1.05	14.46436540422824	230.0	17	1.05	0.95				
	122	2	0.0	0.0	0.0	0.0	1	1.05	26.393738014587743	230.0	17	1.05	0.95				
	123	2	0.0	0.0	0.0	0.0	1	1.022708275347034	6.2354522804985795	230.0	15	1.05	0.95				
	124	1	0.0	0.0	0.0	0.0	1	1.026636178385684	7.51630192490362	230.0	16	1.05	0.95				
	201	2	46.34157092210527	9.439949632280701	0.0	0.0	2	1.0221903893265942	-10.234573494268194	138.0	21	1.05	0.95				
	202	2	41.62159610596491	8.581772392982456	0.0	0.0	2	1.0227441217626725	-10.162248693808255	138.0	22	1.05	0.95				
	203	1	77.23595153684211	15.876278927017545	0.0	0.0	2	1.0157266040584685	-8.508498383722111	138.0	21	1.05	0.95				
	204	1	31.75255785403509	6.436329294736842	0.0	0.0	2	1.0161042542547853	-11.336320336036339	138.0	21	1.05	0.95				
	205	1	30.465291995087718	6.00724067508772	0.0	0.0	2	1.0309081921983296	-11.665112716931564	138.0	21	1.05	0.95				
	206	1	58.356052272280714	12.01448135017544	0.0	-100.0	2	1.0437670352867683	-12.884704558399575	138.0	22	1.05	0.95				
	207	2	53.63607745614035	10.72721549122807	0.0	0.0	2	0.9926981833891907	-18.838738713746174	138.0	22	1.05	0.95				
	208	1	73.37415396	15.018101687719298	0.0	0.0	2	0.9985931183746464	-16.89730184073409	138.0	22	1.05	0.95				
	209	1	75.09050843859649	15.447190307368421	0.0	0.0	2	1.0226982343687996	-10.525147871859506	138.0	23	1.05	0.95				
	210	1	83.67228083157895	17.163544785964913	0.0	0.0	2	1.05	-11.732536046715136	138.0	23	1.05	0.95				
	211	1	0.0	0.0	0.0	0.0	2	1.0057940620341246	-7.803631130366835	230.0	23	1.05	0.95				
	212	1	0.0	0.0	0.0	0.0	2	1.0087184678846302	-6.938942703154164	230.0	23	1.05	0.95				
	213	2	113.70848420701753	23.170785461052635	0.0	0.0	2	1.0017563431080125	-6.49958718850516	230.0	24	1.05	0.95				
	214	2	83.24319221192982	16.734456166315788	0.0	0.0	2	1.0059805593476208	-5.508217832384365	230.0	26	1.05	0.95				
	215	2	136.02109242877194	27.461671657543864	0.0	0.0	2	1.0216988642012461	0.3867439225882866	230.0	26	1.05	0.95				
	216	2	42.90886196491228	8.581772392982456	0.0	0.0	2	1.0238779823279813	0.34820966076208004	230.0	26	1.05	0.95				
	217	1	0.0	0.0	0.0	0.0	2	1.0283208752986635	2.1706996329137027	230.0	27	1.05	0.95				
	218	2	142.88651034315788	29.178026136140357	0.0	0.0	2	1.027490698157526	1.541817379420302	230.0	27	1.05	0.95				
	219	1	77.66504015649123	15.876278927017545	0.0	0.0	2	1.0252544599304578	0.3220470338878704	230.0	25	1.05	0.95				
	220	1	54.92334331508773	11.156304110877194	0.0	0.0	2	1.0293434716384526	1.136913474161688	230.0	25	1.05	0.95				
	221	2	0.0	0.0	0.0	0.0	2	1.0290524279772801	1.9668232022727876	230.0	27	1.05	0.95				
	222	2	0.0	0.0	0.0	0.0	2	1.0499999922647094	8.538114154041503	230.0	27	1.05	0.95				
	223	2	0.0	0.0	0.0	0.0	2	1.032368070531687	1.9089769385565896	230.0	25	1.05	0.95				
	224	1	0.0	0.0	0.0	0.0	2	1.0084611904346996	-2.957980989971693	230.0	26	1.05	0.95				
	301	2	59.893704530526314	12.200569441403509	0.0	0.0	3	1.0114320647124069	-14.62561344892666	138.0	31	1.05	0.95				
	302	2	53.79341980982456	11.091426764912281	0.0	0.0	3	1.0104970320082276	-14.822426269224094	138.0	32	1.05	0.95				
	303	1	99.82284088421052	20.519139515087716	0.0	0.0	3	1.0407818877888433	-4.487675250839714	138.0	31	1.05	0.95				
	304	1	41.03827903017543	8.31857007368421	0.0	0.0	3	1.0112803716268481	-12.53325290842545	138.0	31	1.05	0.95				
	305	1	39.37456501543859	7.763998735438597	0.0	0.0	3	1.0235706052019475	-14.726109571998743	138.0	31	1.05	0.95				
	306	1	75.42170200140352	15.527997470877194	0.0	-100.0	3	1.037388920165733	-15.394367904491114	138.0	32	1.05	0.95				
	307	2	69.32141728070175	13.86428345614035	0.0	0.0	3	0.9927662875697219	-20.919301900637763	138.0	32	1.05	0.95				
	308	1	94.83169883999999	19.409996838596488	0.0	0.0	3	0.9947229983697133	-18.310177960742745	138.0	32	1.05	0.95				
	309	1	97.04998419298245	19.964568176842103	0.0	0.0	3	1.031475563779704	-8.425881486946754	138.0	33	1.05	0.95				
	310	1	108.14141095789473	22.182853529824563	0.0	0.0	3	1.05	-13.045593606862402	138.0	33	1.05	0.95				
	311	1	0.0	0.0	0.0	0.0	3	1.0153867289393574	-6.688586051070563	230.0	33	1.05	0.95				
	312	1	0.0	0.0	0.0	0.0	3	1.0171138075069246	-6.1268992832435565	230.0	33	1.05	0.95				
	313	2	146.96140463508772	29.946852265263157	0.0	0.0	3	1.0166242641243661	-3.6512036538225408	230.0	34	1.05	0.95				
	314	2	107.58683961964913	21.628282191578947	0.0	0.0	3	1.0198878200638315	-5.232676878800628	230.0	36	1.05	0.95				
	315	2	175.79911422385962	35.492565647719296	0.0	0.0	3	1.0429681772521295	-0.3401065891887303	230.0	36	1.05	0.95				
	316	2	55.4571338245614	11.091426764912281	0.0	0.0	3	1.042767221188589	0.15612501433887588	230.0	36	1.05	0.95				
	317	1	0.0	0.0	0.0	0.0	3	1.0499999695898317	3.9410521034683508	230.0	37	1.05	0.95				
	318	2	184.67225563578947	37.71085100070176	0.0	0.0	3	1.045839558311557	2.2489576581211668	230.0	37	1.05	0.95				
	319	1	100.37741222245613	20.519139515087716	0.0	0.0	3	1.0369208902520965	-0.9613643735634373	230.0	35	1.05	0.95				
	320	1	70.98513129543859	14.418854794385966	0.0	0.0	3	1.036256927896502	-0.8813792974010158	230.0	35	1.05	0.95				
	321	2	0.0	0.0	0.0	0.0	3	1.0459526576636824	1.9830394468074046	230.0	37	1.05	0.95				
	322	2	0.0	0.0	0.0	0.0	3	1.05	7.0939805271949545	230.0	37	1.05	0.95				
	323	2	0.0	0.0	0.0	0.0	3	1.0370217985910788	-0.42123286960855005	230.0	35	1.05	0.95				
	324	1	0.0	0.0	0.0	0.0	3	1.0354531730343748	-1.8992110377157436	230.0	36	1.05	0.95				
	325	1	0.0	0.0	0.0	0.0	3	1.0337040022877457	0.8210384231735075	230.0	35	1.05	0.95				
];
