%% MATPOWER Case Format : Version 2
function mpc = RTS_GMLC
mpc.version = '2';

%%-----  Power Flow Data  -----%%
%% system MVA base
mpc.baseMVA = 100.0;
%% bus data
%    bus_i    type    Pd    Qd    Gs    Bs    area    Vm    Va    baseKV    zone    Vmax    Vmin
mpc.bus = [
	101	2	35.51014349431579	7.2335477488421045	0.0	0.0	1	0.9902587224472386	-5.405546983451476	138.0	11	1.05	0.95				
	102	2	31.893369619894735	6.575952498947368	0.0	0.0	1	0.9901158447473045	-5.57084515738028	138.0	12	1.05	0.95				
	103	1	59.183572490526316	12.16551212305263	0.0	0.0	1	1.021786291421532	0.8986025728925684	138.0	11	1.05	0.95				
	104	1	24.33102424610526	4.931964374210526	0.0	0.0	1	1.0043497212131562	-4.866820746070394	138.0	11	1.05	0.95				
	105	1	23.344631371263155	4.603166749263158	0.0	0.0	1	1.0160244869270303	-5.635305348911061	138.0	11	1.05	0.95				
	106	1	44.71647699284211	9.206333498526316	0.0	-100.0	1	1.038934040777121	-6.193948217495525	138.0	12	1.05	0.95				
	107	2	41.09970311842105	8.219940623684211	0.0	0.0	1	0.9881119340579988	-10.154521271534811	138.0	12	1.05	0.95				
	108	1	56.224393866	11.507916873157892	0.0	0.0	1	1.0001174319032968	-8.497334692566401	138.0	12	1.05	0.95				
	109	1	57.53958436578947	11.836714498105263	0.0	0.0	1	1.0250607922013368	-2.9283515037295387	138.0	13	1.05	0.95				
	110	1	64.11553686473684	13.151904997894736	0.0	0.0	1	1.05	-4.7867932303389225	138.0	13	1.05	0.95				
	111	1	0.0	0.0	0.0	0.0	1	1.0155144905586493	0.07404016863408798	230.0	13	1.05	0.95				
	112	1	0.0	0.0	0.0	0.0	1	1.0118806486437095	-1.1513443076083614	230.0	13	1.05	0.95				
	113	3	87.13137061105263	17.755071747157896	0.0	0.0	1	0.9965361585166098	-5.320232093854627e-28	230.0	14	1.05	0.95				
	114	2	63.78673923978947	12.823107372947367	0.0	0.0	1	1.0404231832465232	4.011601741963607	230.0	16	1.05	0.95				
	115	2	104.22884710831579	21.04304799663158	0.0	0.0	1	1.039188224440124	13.509904825483597	230.0	16	1.05	0.95				
	116	2	32.879762494736845	6.575952498947368	0.0	0.0	1	1.0392735918556892	11.705717484549195	230.0	16	1.05	0.95				
	117	1	0.0	0.0	0.0	0.0	1	1.0383958320706634	17.740607693461524	230.0	17	1.05	0.95				
	118	2	109.4896091074737	22.358238496421055	0.0	0.0	1	1.0469479642489494	18.352307078687392	230.0	17	1.05	0.95				
	119	1	59.512370115473686	12.16551212305263	0.0	0.0	1	1.0345712738963795	7.434080102758486	230.0	15	1.05	0.95				
	120	1	42.08609599326316	8.54873824863158	0.0	0.0	1	1.0364215372416181	4.3486049486341996	230.0	15	1.05	0.95				
	121	2	0.0	0.0	0.0	0.0	1	1.0397281493421386	19.78543454073359	230.0	17	1.05	0.95				
	122	2	0.0	0.0	0.0	0.0	1	1.05	37.775382375629846	230.0	17	1.05	0.95				
	123	2	0.0	0.0	0.0	0.0	1	1.0382989724040887	2.905576311129441	230.0	15	1.05	0.95				
	124	1	0.0	0.0	0.0	0.0	1	1.0168291830457798	8.813816244165762	230.0	16	1.05	0.95				
	201	2	38.385644589473685	7.819297971929825	0.0	0.0	2	1.006642359749913	-14.989165971239684	138.0	21	1.05	0.95				
	202	2	34.47599560350877	7.108452701754386	0.0	0.0	2	1.005477026134336	-15.273822212248104	138.0	22	1.05	0.95				
	203	1	63.976074315789475	13.150637498245615	0.0	0.0	2	1.0129280091001918	-11.240749675339048	138.0	21	1.05	0.95				
	204	1	26.30127499649123	5.33133952631579	0.0	0.0	2	1.0096596438765308	-15.116361138138316	138.0	21	1.05	0.95				
	205	1	25.235007091228066	4.975916891228071	0.0	0.0	2	1.0240535933862183	-15.522967244654513	138.0	21	1.05	0.95				
	206	1	48.33747837192983	9.951833782456141	0.0	-100.0	2	1.0419086764948606	-16.289424746016024	138.0	22	1.05	0.95				
	207	2	44.42782938596491	8.885565877192983	0.0	0.0	2	0.9899440139444124	-20.416017366850987	138.0	22	1.05	0.95				
	208	1	60.7772706	12.439792228070175	0.0	0.0	2	0.9999691464795917	-18.884623269519583	138.0	22	1.05	0.95				
	209	1	62.19896114035088	12.795214863157895	0.0	0.0	2	1.0227618776656582	-13.504184658741277	138.0	23	1.05	0.95				
	210	1	69.30741384210528	14.216905403508772	0.0	0.0	2	1.05	-14.902917688615437	138.0	23	1.05	0.95				
	211	1	0.0	0.0	0.0	0.0	2	1.0046472271031848	-10.91823465826406	230.0	23	1.05	0.95				
	212	1	0.0	0.0	0.0	0.0	2	1.0129133129874581	-10.352249209328495	230.0	23	1.05	0.95				
	213	2	94.18699829824561	19.192822294736843	0.0	0.0	2	1.0027425429299577	-9.78969089573079	230.0	24	1.05	0.95				
	214	2	68.95199120701754	13.861482768421055	0.0	0.0	2	1.0017270214914165	-8.493064843765548	230.0	26	1.05	0.95				
	215	2	112.66897532280701	22.747048645614036	0.0	0.0	2	1.024297403123081	-2.2501254791539114	230.0	26	1.05	0.95				
	216	2	35.54226350877193	7.108452701754386	0.0	0.0	2	1.027328419256235	-3.0133841956475464	230.0	26	1.05	0.95				
	217	1	0.0	0.0	0.0	0.0	2	1.0329899177821782	-0.8284335438849014	230.0	27	1.05	0.95				
	218	2	118.35573748421054	24.168739185964917	0.0	0.0	2	1.031519240846447	-1.22782830784526	230.0	27	1.05	0.95				
	219	1	64.3314969508772	13.150637498245615	0.0	0.0	2	1.0345211706806419	-3.4381632855546442	230.0	25	1.05	0.95				
	220	1	45.49409729122807	9.240988512280703	0.0	0.0	2	1.0427202650253367	-3.118776006607987	230.0	25	1.05	0.95				
	221	2	0.0	0.0	0.0	0.0	2	1.0320790385227931	-0.7712904343044684	230.0	27	1.05	0.95				
	222	2	0.0	0.0	0.0	0.0	2	1.0499999981490227	5.701263260787498	230.0	27	1.05	0.95				
	223	2	0.0	0.0	0.0	0.0	2	1.0474606124094552	-2.681515840379277	230.0	25	1.05	0.95				
	224	1	0.0	0.0	0.0	0.0	2	1.0089033849484847	-5.611689309734398	230.0	26	1.05	0.95				
	301	2	45.42423282947368	9.253084465263157	0.0	0.0	3	1.0174709134269646	12.462549919476686	138.0	31	1.05	0.95				
	302	2	40.7976905968421	8.411894968421052	0.0	0.0	3	1.0153779429902752	12.111048819400928	138.0	32	1.05	0.95				
	303	1	75.70705471578947	15.562005691578944	0.0	0.0	3	1.05	27.671957358737806	138.0	31	1.05	0.95				
	304	1	31.12401138315789	6.308921226315789	0.0	0.0	3	1.0077526470280218	13.522640238328982	138.0	31	1.05	0.95				
	305	1	29.86222713789473	5.888326477894737	0.0	0.0	3	1.0242988478508586	10.772937154275578	138.0	31	1.05	0.95				
	306	1	57.200885785263154	11.776652955789475	0.0	-100.0	3	1.0355049201002469	9.31090956932693	138.0	32	1.05	0.95				
	307	2	52.574343552631575	10.514868710526315	0.0	0.0	3	0.95	5.975713031047095	138.0	32	1.05	0.95				
	308	1	71.92170198	14.720816194736841	0.0	0.0	3	0.9699723384948055	7.805517043208248	138.0	32	1.05	0.95				
	309	1	73.6040809736842	15.141410943157894	0.0	0.0	3	1.0146779874786132	16.446301368484693	138.0	33	1.05	0.95				
	310	1	82.01597594210526	16.823789936842104	0.0	0.0	3	1.0414208974642643	10.431321943068193	138.0	33	1.05	0.95				
	311	1	0.0	0.0	0.0	0.0	3	1.002025349456741	14.03199457041627	230.0	33	1.05	0.95				
	312	1	0.0	0.0	0.0	0.0	3	1.00692568637153	14.036681015833372	230.0	33	1.05	0.95				
	313	2	111.45760833157894	22.71211641473684	0.0	0.0	3	0.9999568549203557	13.843195768280893	230.0	34	1.05	0.95				
	314	2	81.5953811936842	16.40319518842105	0.0	0.0	3	0.9989641538064998	14.895678613176763	230.0	36	1.05	0.95				
	315	2	133.32853524947367	26.91806389894737	0.0	0.0	3	1.049704175327277	19.077623190577263	230.0	36	1.05	0.95				
	316	2	42.05947484210526	8.411894968421052	0.0	0.0	3	1.0345412073865454	18.569206131601735	230.0	36	1.05	0.95				
	317	1	0.0	0.0	0.0	0.0	3	1.05	23.20004123170381	230.0	37	1.05	0.95				
	318	2	140.05805122421052	28.600442892631577	0.0	0.0	3	1.0464329993024668	19.67924503125613	230.0	37	1.05	0.95				
	319	1	76.12764946421052	15.562005691578944	0.0	0.0	3	1.0241962190202283	16.802829425735634	230.0	35	1.05	0.95				
	320	1	53.83612779789474	10.935463458947368	0.0	0.0	3	1.0185601785867715	16.07183399456207	230.0	35	1.05	0.95				
	321	2	0.0	0.0	0.0	0.0	3	1.05	20.141198463091225	230.0	37	1.05	0.95				
	322	2	0.0	0.0	0.0	0.0	3	1.0499999754151694	25.689775364580125	230.0	37	1.05	0.95				
	323	2	0.0	0.0	0.0	0.0	3	1.0159508397252501	15.997818906502047	230.0	35	1.05	0.95				
	324	1	0.0	0.0	0.0	0.0	3	1.04699004039633	22.363473786619448	230.0	36	1.05	0.95				
	325	1	0.0	0.0	0.0	0.0	3	1.0179713535531678	16.33316329403686	230.0	35	1.05	0.95				
];
