%% MATPOWER Case Format : Version 2
function mpc = RTS_GMLC
mpc.version = '2';

%%-----  Power Flow Data  -----%%
%% system MVA base
mpc.baseMVA = 100.0;
%% bus data
%    bus_i    type    Pd    Qd    Gs    Bs    area    Vm    Va    baseKV    zone    Vmax    Vmin
mpc.bus = [
	101	2	46.99950517894737	9.573973277192982	0.0	0.0	1	1.035115095738554	2.2376936873306787	138.0	11	1.05	0.95				
	102	2	42.21251854035087	8.703612070175438	0.0	0.0	1	1.034712495630863	2.1051181454210215	138.0	12	1.05	0.95				
	103	1	78.33250863157895	16.10168232982456	0.0	0.0	1	1.0290188717399202	-0.19310861868197285	138.0	11	1.05	0.95				
	104	1	32.20336465964912	6.527709052631578	0.0	0.0	1	1.0220414379440208	-1.2385935185407653	138.0	11	1.05	0.95				
	105	1	30.897822849122804	6.092528449122807	0.0	0.0	1	1.03652431955319	-0.9849664965841977	138.0	11	1.05	0.95				
	106	1	59.18456207719298	12.185056898245614	0.0	-100.0	1	1.0455282758157034	-3.23651058796686	138.0	12	1.05	0.95				
	107	2	54.39757543859649	10.879515087719298	0.0	0.0	1	1.000877492291391	-8.202060729837994	138.0	12	1.05	0.95				
	108	1	74.4158832	15.231321122807016	0.0	0.0	1	1.0047595996212342	-7.168161822950448	138.0	12	1.05	0.95				
	109	1	76.15660561403509	15.666501726315788	0.0	0.0	1	1.0251230835516147	-2.217844319632716	138.0	13	1.05	0.95				
	110	1	84.86021768421053	17.407224140350877	0.0	0.0	1	1.05	-2.8869088571403116	138.0	13	1.05	0.95				
	111	1	0.0	0.0	0.0	0.0	1	1.0039522000085166	-0.5036216660808348	230.0	13	1.05	0.95				
	112	1	0.0	0.0	0.0	0.0	1	1.009168475556154	0.11877475384967104	230.0	13	1.05	0.95				
	113	3	115.32285992982456	23.499752589473687	0.0	0.0	1	0.9967163802194128	3.1733289723408576e-31	230.0	14	1.05	0.95				
	114	2	84.42503708070174	16.972043536842104	0.0	0.0	1	1.0000425142539286	1.23278834569928	230.0	16	1.05	0.95				
	115	2	137.95225131228068	27.851558624561402	0.0	0.0	1	1.0391304747876207	6.286216641696048	230.0	16	1.05	0.95				
	116	2	43.51806035087719	8.703612070175438	0.0	0.0	1	1.0347995236110228	6.189845654324806	230.0	16	1.05	0.95				
	117	1	0.0	0.0	0.0	0.0	1	1.042727476076238	7.615439462386409	230.0	17	1.05	0.95				
	118	2	144.91514096842104	29.59228103859649	0.0	0.0	1	1.0454193033334993	7.3732786082031225	230.0	17	1.05	0.95				
	119	1	78.76768923508773	16.10168232982456	0.0	0.0	1	1.0290378982870754	5.68809668617132	230.0	15	1.05	0.95				
	120	1	55.703117249122805	11.31469569122807	0.0	0.0	1	1.0269644245793592	6.095011544964575	230.0	15	1.05	0.95				
	121	2	0.0	0.0	0.0	0.0	1	1.05	8.139137332298493	230.0	17	1.05	0.95				
	122	2	0.0	0.0	0.0	0.0	1	1.05	15.207811759537528	230.0	17	1.05	0.95				
	123	2	0.0	0.0	0.0	0.0	1	1.0264990464541615	6.6552877271132225	230.0	15	1.05	0.95				
	124	1	0.0	0.0	0.0	0.0	1	1.0266477550578836	3.8660433947031825	230.0	16	1.05	0.95				
	201	2	48.381552037894735	9.85550134105263	0.0	0.0	2	1.030436052108287	-5.72935785460107	138.0	21	1.05	0.95				
	202	2	43.45380136736841	8.95954667368421	0.0	0.0	2	1.0308365120598768	-5.68499301306981	138.0	22	1.05	0.95				
	203	1	80.6359200631579	16.575161346315788	0.0	0.0	2	1.0192920060722819	-6.184111907575272	138.0	21	1.05	0.95				
	204	1	33.150322692631576	6.719660005263157	0.0	0.0	2	1.019432818492909	-8.065795189624763	138.0	21	1.05	0.95				
	205	1	31.806390691578944	6.271682671578947	0.0	0.0	2	1.0345185362969644	-8.122318745177804	138.0	21	1.05	0.95				
	206	1	60.92491738105264	12.543365343157895	0.0	-100.0	2	1.0447476692301711	-9.886535233232722	138.0	22	1.05	0.95				
	207	2	55.997166710526315	11.199433342105262	0.0	0.0	2	0.9887806415724469	-16.707901129070358	138.0	22	1.05	0.95				
	208	1	76.60412405999999	15.679206678947367	0.0	0.0	2	0.9956538141108173	-14.67703830309819	138.0	22	1.05	0.95				
	209	1	78.39603339473685	16.127184012631577	0.0	0.0	2	1.0231818191471196	-8.187530438115022	138.0	23	1.05	0.95				
	210	1	87.35558006842105	17.91909334736842	0.0	0.0	2	1.05	-9.124303966418198	138.0	23	1.05	0.95				
	211	1	0.0	0.0	0.0	0.0	2	1.0057094852564992	-5.530396208241294	230.0	23	1.05	0.95				
	212	1	0.0	0.0	0.0	0.0	2	1.0100037303988934	-5.105732383165867	230.0	23	1.05	0.95				
	213	2	118.7139934263158	24.190776018947368	0.0	0.0	2	0.999453558746765	-4.790704626099261	230.0	24	1.05	0.95				
	214	2	86.90760273473683	17.47111601368421	0.0	0.0	2	1.0069652215100007	-2.94438435059454	230.0	26	1.05	0.95				
	215	2	142.00881477789474	28.670549355789472	0.0	0.0	2	1.0291522906890276	3.470128074963629	230.0	26	1.05	0.95				
	216	2	44.79773336842105	8.95954667368421	0.0	0.0	2	1.0307094154043286	3.3770894569825907	230.0	26	1.05	0.95				
	217	1	0.0	0.0	0.0	0.0	2	1.0359905363685167	6.117218274062626	230.0	27	1.05	0.95				
	218	2	149.17645211684209	30.46245869052632	0.0	0.0	2	1.0376017791065957	6.61394631841573	230.0	27	1.05	0.95				
	219	1	81.0838973968421	16.575161346315788	0.0	0.0	2	1.0304217632828265	2.282561268675822	230.0	25	1.05	0.95				
	220	1	57.341098711578944	11.647410675789473	0.0	0.0	2	1.033396800597338	2.199603445209225	230.0	25	1.05	0.95				
	221	2	0.0	0.0	0.0	0.0	2	1.0374271812790934	6.324137407550732	230.0	27	1.05	0.95				
	222	2	0.0	0.0	0.0	0.0	2	1.05	12.742424641011205	230.0	27	1.05	0.95				
	223	2	0.0	0.0	0.0	0.0	2	1.0356460462519579	2.492518806483186	230.0	25	1.05	0.95				
	224	1	0.0	0.0	0.0	0.0	2	1.0135136622785819	-0.14681859835690114	230.0	26	1.05	0.95				
	301	2	59.17621005473684	12.054413159298246	0.0	0.0	3	1.0106398669528915	-27.27079776949939	138.0	31	1.05	0.95				
	302	2	53.14900347508772	10.95855741754386	0.0	0.0	3	1.0095993984182061	-27.506221618714715	138.0	32	1.05	0.95				
	303	1	98.62701675789474	20.27333122245614	0.0	0.0	3	1.037975501768748	-17.221364539536975	138.0	31	1.05	0.95				
	304	1	40.54666244491228	8.218918063157894	0.0	0.0	3	1.0090942395828548	-25.916770662949478	138.0	31	1.05	0.95				
	305	1	38.9028788322807	7.670990192280702	0.0	0.0	3	1.0231812372608957	-27.111270339280463	138.0	31	1.05	0.95				
	306	1	74.51819043929825	15.341980384561404	0.0	-100.0	3	1.0373524828739111	-27.644914765026797	138.0	32	1.05	0.95				
	307	2	68.49098385964912	13.698196771929824	0.0	0.0	3	0.9909494289843126	-33.86308929826413	138.0	32	1.05	0.95				
	308	1	93.69566592	19.17747548070175	0.0	0.0	3	0.9932106618058835	-31.281686165431164	138.0	32	1.05	0.95				
	309	1	95.88737740350876	19.725403351578947	0.0	0.0	3	1.0270166684584177	-22.37948184289773	138.0	33	1.05	0.95				
	310	1	106.84593482105262	21.91711483508772	0.0	0.0	3	1.05	-25.191683943553528	138.0	33	1.05	0.95				
	311	1	0.0	0.0	0.0	0.0	3	1.016122520614237	-18.46125234970005	230.0	33	1.05	0.95				
	312	1	0.0	0.0	0.0	0.0	3	1.0166576615735492	-17.926840274383753	230.0	33	1.05	0.95				
	313	2	145.20088578245614	29.58810502736842	0.0	0.0	3	1.020740003503412	-15.036291291462112	230.0	34	1.05	0.95				
	314	2	106.29800695017543	21.369186964210527	0.0	0.0	3	1.0249069121266847	-16.137002177240884	230.0	36	1.05	0.95				
	315	2	173.69313506807015	35.06738373614035	0.0	0.0	3	1.046589150312121	-9.743989961346896	230.0	36	1.05	0.95				
	316	2	54.7927870877193	10.95855741754386	0.0	0.0	3	1.045771721259955	-9.573804359142418	230.0	36	1.05	0.95				
	317	1	0.0	0.0	0.0	0.0	3	1.0477194037517397	-7.394359410489672	230.0	37	1.05	0.95				
	318	2	182.45998100210525	37.259095219649126	0.0	0.0	3	1.0474966080221606	-6.927383156664846	230.0	37	1.05	0.95				
	319	1	99.17494462877194	20.27333122245614	0.0	0.0	3	1.0418781770918526	-10.766421336647564	230.0	35	1.05	0.95				
	320	1	70.1347674722807	14.246124642807018	0.0	0.0	3	1.0428242176925455	-10.77190275628645	230.0	35	1.05	0.95				
	321	2	0.0	0.0	0.0	0.0	3	1.0499999894268424	-6.394020058874365	230.0	37	1.05	0.95				
	322	2	0.0	0.0	0.0	0.0	3	1.05	-2.4419849114687615	230.0	37	1.05	0.95				
	323	2	0.0	0.0	0.0	0.0	3	1.0444021817371707	-10.369548274321717	230.0	35	1.05	0.95				
	324	1	0.0	0.0	0.0	0.0	3	1.0336214640411627	-12.545397485411561	230.0	36	1.05	0.95				
	325	1	0.0	0.0	0.0	0.0	3	1.0383882386253673	-8.85229441984187	230.0	35	1.05	0.95				
];
