%% MATPOWER Case Format : Version 2
function mpc = RTS_GMLC
mpc.version = '2';

%%-----  Power Flow Data  -----%%
%% system MVA base
mpc.baseMVA = 100.0;
%% bus data
%    bus_i    type    Pd    Qd    Gs    Bs    area    Vm    Va    baseKV    zone    Vmax    Vmin
mpc.bus = [
	101	2	35.47006432294737	7.2253834731929825	0.0	0.0	1	0.9900355000844865	-5.251123270306631	138.0	11	1.05	0.95				
	102	2	31.85737258635088	6.568530430175438	0.0	0.0	1	0.9899093607293524	-5.421263794401855	138.0	12	1.05	0.95				
	103	1	59.11677387157896	12.151781295824561	0.0	0.0	1	1.021384884753482	1.2039555724143758	138.0	11	1.05	0.95				
	104	1	24.303562591649122	4.926397822631579	0.0	0.0	1	1.0041635416392194	-4.732100800900426	138.0	11	1.05	0.95				
	105	1	23.318283027122806	4.597971301122808	0.0	0.0	1	1.015919203491116	-5.5133525443171765	138.0	11	1.05	0.95				
	106	1	44.66600692519299	9.195942602245616	0.0	-100.0	1	1.0388909485176385	-6.089861573043345	138.0	12	1.05	0.95				
	107	2	41.05331518859649	8.210663037719298	0.0	0.0	1	0.987610187945062	-10.36071689148653	138.0	12	1.05	0.95				
	108	1	56.160935178	11.494928252807018	0.0	0.0	1	0.9996427013314155	-8.566588047774793	138.0	12	1.05	0.95				
	109	1	57.474641264035085	11.823354774315789	0.0	0.0	1	1.0248705072475182	-2.8064159457916245	138.0	13	1.05	0.95				
	110	1	64.04317169421053	13.137060860350877	0.0	0.0	1	1.05	-4.69760169086054	138.0	13	1.05	0.95				
	111	1	0.0	0.0	0.0	0.0	1	1.0157160335366613	0.21439605746186677	230.0	13	1.05	0.95				
	112	1	0.0	0.0	0.0	0.0	1	1.012059167324063	-1.087673518277917	230.0	13	1.05	0.95				
	113	3	87.03302819982456	17.735032161473686	0.0	0.0	1	0.9966181939851166	-5.856487892077065e-28	230.0	14	1.05	0.95				
	114	2	63.71474517270176	12.808634338842106	0.0	0.0	1	1.0413106361118796	4.298595768579124	230.0	16	1.05	0.95				
	115	2	104.11120731828069	21.019297376561404	0.0	0.0	1	1.0390397319838178	14.108319393344956	230.0	16	1.05	0.95				
	116	2	32.84265215087719	6.568530430175438	0.0	0.0	1	1.0390531221853696	12.20851326907571	230.0	16	1.05	0.95				
	117	1	0.0	0.0	0.0	0.0	1	1.0383399544355951	18.396157518565335	230.0	17	1.05	0.95				
	118	2	109.36603166242105	22.333003462596494	0.0	0.0	1	1.0472825140690403	19.07308698661284	230.0	17	1.05	0.95				
	119	1	59.445200393087724	12.151781295824561	0.0	0.0	1	1.0344666959507376	7.7583448993630695	230.0	15	1.05	0.95				
	120	1	42.03859475312281	8.53908955922807	0.0	0.0	1	1.0367964893713144	4.51897019605356	230.0	15	1.05	0.95				
	121	2	0.0	0.0	0.0	0.0	1	1.0404333781022213	20.56490605481433	230.0	17	1.05	0.95				
	122	2	0.0	0.0	0.0	0.0	1	1.05	38.54927518542006	230.0	17	1.05	0.95				
	123	2	0.0	0.0	0.0	0.0	1	1.0390420941233314	2.9922875116545624	230.0	15	1.05	0.95				
	124	1	0.0	0.0	0.0	0.0	1	1.0161796737034865	9.303860768558875	230.0	16	1.05	0.95				
	201	2	39.201637035789474	7.985518655438597	0.0	0.0	2	1.006664873055667	-15.785069234952081	138.0	21	1.05	0.95				
	202	2	35.208877708070176	7.259562414035088	0.0	0.0	2	1.005620548500573	-16.077051547326324	138.0	22	1.05	0.95				
	203	1	65.33606172631579	13.43019046596491	0.0	0.0	2	1.0125702807971966	-11.802622580625695	138.0	21	1.05	0.95				
	204	1	26.86038093192982	5.444671810526316	0.0	0.0	2	1.0095026964403684	-15.900028300733592	138.0	21	1.05	0.95				
	205	1	25.771446569824562	5.0816936898245615	0.0	0.0	2	1.0239586487675478	-16.328717907563995	138.0	21	1.05	0.95				
	206	1	49.365024415438604	10.163387379649123	0.0	-100.0	2	1.0417280335215093	-17.10773957239837	138.0	22	1.05	0.95				
	207	2	45.3722650877193	9.07445301754386	0.0	0.0	2	0.9899734700022998	-21.332738048855344	138.0	22	1.05	0.95				
	208	1	62.06925864	12.704234224561404	0.0	0.0	2	0.9996650601195158	-19.759957585896696	138.0	22	1.05	0.95				
	209	1	63.52117112280702	13.067212345263158	0.0	0.0	2	1.0226521694910369	-14.241103882847675	138.0	23	1.05	0.95				
	210	1	70.7807335368421	14.519124828070176	0.0	0.0	2	1.05	-15.694482050928492	138.0	23	1.05	0.95				
	211	1	0.0	0.0	0.0	0.0	2	1.005146451882423	-11.616886898373068	230.0	23	1.05	0.95				
	212	1	0.0	0.0	0.0	0.0	2	1.0130943976973763	-11.07522603837181	230.0	23	1.05	0.95				
	213	2	96.18920198596491	19.600818517894737	0.0	0.0	2	1.0032237554569183	-10.50772043066759	230.0	24	1.05	0.95				
	214	2	70.41775541614035	14.156146707368421	0.0	0.0	2	1.0030303452717975	-9.1149885748799	230.0	26	1.05	0.95				
	215	2	115.06406426245614	23.23059972491228	0.0	0.0	2	1.0247525432600066	-2.6538393049430997	230.0	26	1.05	0.95				
	216	2	36.29781207017544	7.259562414035088	0.0	0.0	2	1.0279131843987983	-3.47327857319967	230.0	26	1.05	0.95				
	217	1	0.0	0.0	0.0	0.0	2	1.0333644249515503	-1.1849034096423388	230.0	27	1.05	0.95				
	218	2	120.87171419368421	24.682512207719302	0.0	0.0	2	1.031918117039222	-1.6100425658888262	230.0	27	1.05	0.95				
	219	1	65.69903984701754	13.43019046596491	0.0	0.0	2	1.0350430034859643	-3.98997985644131	230.0	25	1.05	0.95				
	220	1	46.46119944982456	9.437431138245614	0.0	0.0	2	1.0432848042058673	-3.735869289639693	230.0	25	1.05	0.95				
	221	2	0.0	0.0	0.0	0.0	2	1.0324511940649788	-1.1596949276065704	230.0	27	1.05	0.95				
	222	2	0.0	0.0	0.0	0.0	2	1.0499999991890616	5.3258019772287675	230.0	27	1.05	0.95				
	223	2	0.0	0.0	0.0	0.0	2	1.048067044281784	-3.329005043427299	230.0	25	1.05	0.95				
	224	1	0.0	0.0	0.0	0.0	2	1.0088724160097815	-6.071987138696575	230.0	26	1.05	0.95				
	301	2	44.04049351578947	8.971211642105262	0.0	0.0	3	1.0150422165274882	11.102885888910508	138.0	31	1.05	0.95				
	302	2	39.554887694736834	8.155646947368421	0.0	0.0	3	1.0133054139742828	10.745185414700295	138.0	32	1.05	0.95				
	303	1	73.40082252631578	15.087946852631577	0.0	0.0	3	1.05	25.78517170341855	138.0	31	1.05	0.95				
	304	1	30.175893705263153	6.116735210526315	0.0	0.0	3	1.0069901933129322	11.900016779943197	138.0	31	1.05	0.95				
	305	1	28.95254666315789	5.7089528631578945	0.0	0.0	3	1.023152743416136	9.516894244076523	138.0	31	1.05	0.95				
	306	1	55.45839924210526	11.417905726315789	0.0	-100.0	3	1.0352333615056961	8.120697895510402	138.0	32	1.05	0.95				
	307	2	50.97279342105263	10.194558684210525	0.0	0.0	3	0.95	4.713018317110225	138.0	32	1.05	0.95				
	308	1	69.73078139999998	14.272382157894734	0.0	0.0	3	0.970503581012552	6.468060192543249	138.0	32	1.05	0.95				
	309	1	71.36191078947367	14.680164505263155	0.0	0.0	3	1.0142393274293882	14.561138209802904	138.0	33	1.05	0.95				
	310	1	79.5175577368421	16.311293894736842	0.0	0.0	3	1.0412027715798087	9.2443588012592	138.0	33	1.05	0.95				
	311	1	0.0	0.0	0.0	0.0	3	1.001736323022559	12.849092254134277	230.0	33	1.05	0.95				
	312	1	0.0	0.0	0.0	0.0	3	1.0064122951974341	12.881278243603873	230.0	33	1.05	0.95				
	313	2	108.06232205263156	22.020246757894736	0.0	0.0	3	0.9997520739506515	12.835826762749122	230.0	34	1.05	0.95				
	314	2	79.10977538947367	15.90351154736842	0.0	0.0	3	0.999064281123311	13.908921197306274	230.0	36	1.05	0.95				
	315	2	129.26700411578946	26.098070231578944	0.0	0.0	3	1.0496548507872376	18.226730397171025	230.0	36	1.05	0.95				
	316	2	40.7782347368421	8.155646947368421	0.0	0.0	3	1.0348999982603821	17.767880609723694	230.0	36	1.05	0.95				
	317	1	0.0	0.0	0.0	0.0	3	1.05	22.42068614314383	230.0	37	1.05	0.95				
	318	2	135.7915216736842	27.72919962105263	0.0	0.0	3	1.0462524972423826	18.915737392350167	230.0	37	1.05	0.95				
	319	1	73.8086048736842	15.087946852631577	0.0	0.0	3	1.024513246336939	16.112047907977367	230.0	35	1.05	0.95				
	320	1	52.19614046315789	10.602341031578947	0.0	0.0	3	1.018613187998298	15.453018230638914	230.0	35	1.05	0.95				
	321	2	0.0	0.0	0.0	0.0	3	1.0487626891818462	19.355747908954033	230.0	37	1.05	0.95				
	322	2	0.0	0.0	0.0	0.0	3	1.0499999651111935	24.90529000961481	230.0	37	1.05	0.95				
	323	2	0.0	0.0	0.0	0.0	3	1.015796893966131	15.409208310290142	230.0	35	1.05	0.95				
	324	1	0.0	0.0	0.0	0.0	3	1.0470977791746563	21.117991833816014	230.0	36	1.05	0.95				
	325	1	0.0	0.0	0.0	0.0	3	1.0175053114640387	15.86136277079717	230.0	35	1.05	0.95				
];
