%% MATPOWER Case Format : Version 2
function mpc = RTS_GMLC
mpc.version = '2';

%%-----  Power Flow Data  -----%%
%% system MVA base
mpc.baseMVA = 100.0;
%% bus data
%    bus_i    type    Pd    Qd    Gs    Bs    area    Vm    Va    baseKV    zone    Vmax    Vmin
mpc.bus = [
	101	2	38.315685296842105	7.805047004912281	0.0	0.0	1	1.0125847641254906	-3.924405739162442	138.0	11	1.05	0.95				
	102	2	34.413161794385964	7.095497277192983	0.0	0.0	1	1.012588973758626	-4.118086167516786	138.0	12	1.05	0.95				
	103	1	63.85947549473684	13.126669962807016	0.0	0.0	1	1.0006149328535259	0.4420895889836367	138.0	11	1.05	0.95				
	104	1	26.253339925614032	5.3216229578947365	0.0	0.0	1	1.0039853124145046	-3.954505484140428	138.0	11	1.05	0.95				
	105	1	25.189015334035087	4.966848094035088	0.0	0.0	1	1.0182772063521872	-4.892160311063453	138.0	11	1.05	0.95				
	106	1	48.249381484912284	9.933696188070176	0.0	-100.0	1	1.0297120268363105	-5.880031142946068	138.0	12	1.05	0.95				
	107	2	44.346857982456136	8.869371596491229	0.0	0.0	1	0.9859821796029161	-9.820643798669483	138.0	12	1.05	0.95				
	108	1	60.66650172	12.417120235087719	0.0	0.0	1	0.9897364082401964	-8.442165250389408	138.0	12	1.05	0.95				
	109	1	62.0856011754386	12.771895098947367	0.0	0.0	1	1.0031414594651105	-3.0194572875525765	138.0	13	1.05	0.95				
	110	1	69.18109845263157	14.190994554385966	0.0	0.0	1	1.0321635455182734	-4.699771156068609	138.0	13	1.05	0.95				
	111	1	0.0	0.0	0.0	0.0	1	0.9812317100648783	-0.4256421708417471	230.0	13	1.05	0.95				
	112	1	0.0	0.0	0.0	0.0	1	0.9828780176647116	-1.3110019634865322	230.0	13	1.05	0.95				
	113	3	94.01533892280702	19.157842648421052	0.0	0.0	1	0.962043856525775	1.2651303743254807e-26	230.0	14	1.05	0.95				
	114	2	68.82632358877193	13.836219690526317	0.0	0.0	1	0.9891602173800377	2.7935169635240067	230.0	16	1.05	0.95				
	115	2	112.46363184350876	22.705591287017548	0.0	0.0	1	0.9893017291188817	11.326913766573606	230.0	16	1.05	0.95				
	116	2	35.477486385964916	7.095497277192983	0.0	0.0	1	0.9880098222815948	9.799753835369193	230.0	16	1.05	0.95				
	117	1	0.0	0.0	0.0	0.0	1	0.9899232990164046	15.362047382567779	230.0	17	1.05	0.95				
	118	2	118.14002966526316	24.124690742456142	0.0	0.0	1	0.9979418120513766	15.804161346459846	230.0	17	1.05	0.95				
	119	1	64.21425035859649	13.126669962807016	0.0	0.0	1	0.9881292931594382	6.058242881245064	230.0	15	1.05	0.95				
	120	1	45.411182574035095	9.224146460350878	0.0	0.0	1	0.9932900132058357	3.454444023403875	230.0	15	1.05	0.95				
	121	2	0.0	0.0	0.0	0.0	1	0.9983623528518872	17.08810860349866	230.0	17	1.05	0.95				
	122	2	0.0	0.0	0.0	0.0	1	1.0042429534923607	34.603756796178104	230.0	17	1.05	0.95				
	123	2	0.0	0.0	0.0	0.0	1	0.9969100939209414	2.323285613626664	230.0	15	1.05	0.95				
	124	1	0.0	0.0	0.0	0.0	1	0.9806009490467577	7.161360983467666	230.0	16	1.05	0.95				
	201	2	36.51566189305264	7.438375570807018	0.0	0.0	2	1.0130810548758964	-12.614893006101711	138.0	21	1.05	0.95				
	202	2	32.796474107649125	6.762159609824563	0.0	0.0	2	1.0120065347484952	-12.81439689614667	138.0	22	1.05	0.95				
	203	1	60.85943648842106	12.50999527817544	0.0	0.0	2	0.9992960856104184	-9.322915214820492	138.0	21	1.05	0.95				
	204	1	25.01999055635088	5.071619707368421	0.0	0.0	2	1.003409971999265	-12.20493698175951	138.0	21	1.05	0.95				
	205	1	24.005666614877192	4.733511726877194	0.0	0.0	2	1.0198967045171359	-12.59846498098847	138.0	21	1.05	0.95				
	206	1	45.982685346807024	9.467023453754388	0.0	-100.0	2	1.032049262582444	-13.042656272396298	138.0	22	1.05	0.95				
	207	2	42.26349756140351	8.452699512280702	0.0	0.0	2	0.9737451257452447	-16.93572294856139	138.0	22	1.05	0.95				
	208	1	57.816464664	11.833779317192983	0.0	0.0	2	0.9841623694207547	-15.442111213601779	138.0	22	1.05	0.95				
	209	1	59.168896585964916	12.171887297684211	0.0	0.0	2	1.0057520146326095	-10.255074884564825	138.0	23	1.05	0.95				
	210	1	65.93105619578947	13.524319219649126	0.0	0.0	2	1.0345494319728303	-11.464117848899955	138.0	23	1.05	0.95				
	211	1	0.0	0.0	0.0	0.0	2	0.9848212201093149	-7.809794624153544	230.0	23	1.05	0.95				
	212	1	0.0	0.0	0.0	0.0	2	0.9842745326516014	-6.006685255589695	230.0	23	1.05	0.95				
	213	2	89.59861483017544	18.25783094652632	0.0	0.0	2	0.979027747587069	-6.128393259071834	230.0	24	1.05	0.95				
	214	2	65.59294821529825	13.186211239157897	0.0	0.0	2	0.9804618830789504	-6.06159670708258	230.0	26	1.05	0.95				
	215	2	107.18022981571931	21.638910751438598	0.0	0.0	2	0.9905978218766172	-0.9473584747137372	230.0	26	1.05	0.95				
	216	2	33.81079804912281	6.762159609824563	0.0	0.0	2	0.9880818395183679	-1.379509216255978	230.0	26	1.05	0.95				
	217	1	0.0	0.0	0.0	0.0	2	0.9992091663698531	-0.10236679055742319	230.0	27	1.05	0.95				
	218	2	112.58995750357896	22.991342673403512	0.0	0.0	2	1.0006285269102366	-0.5292205542045377	230.0	27	1.05	0.95				
	219	1	61.19754446891229	12.50999527817544	0.0	0.0	2	0.9808093326526569	-0.8303479631768634	230.0	25	1.05	0.95				
	220	1	43.277821502877195	8.79080749277193	0.0	0.0	2	0.9767050144386139	0.37932535758398506	230.0	25	1.05	0.95				
	221	2	0.0	0.0	0.0	0.0	2	1.002647289243313	-0.07667254865595516	230.0	27	1.05	0.95				
	222	2	0.0	0.0	0.0	0.0	2	1.0200664344531596	4.81414581020204	230.0	27	1.05	0.95				
	223	2	0.0	0.0	0.0	0.0	2	0.9750982440922378	1.3404481560107104	230.0	25	1.05	0.95				
	224	1	0.0	0.0	0.0	0.0	2	0.9837459659303017	-4.146671854207045	230.0	26	1.05	0.95				
	301	2	42.05884213894737	8.567541917192981	0.0	0.0	3	1.0121246428831219	25.707543473168574	138.0	31	1.05	0.95				
	302	2	37.77507118035088	7.7886744701754385	0.0	0.0	3	1.0126570525706011	25.3602839412348	138.0	32	1.05	0.95				
	303	1	70.09807023157894	14.409047769824562	0.0	0.0	3	1.0206112608285502	39.18131906728138	138.0	31	1.05	0.95				
	304	1	28.818095539649125	5.841505852631579	0.0	0.0	3	1.0022820478106433	26.368553422142803	138.0	31	1.05	0.95				
	305	1	27.649794369122805	5.452072129122808	0.0	0.0	3	1.0202769166645171	24.545547952728406	138.0	31	1.05	0.95				
	306	1	52.96298639719299	10.904144258245616	0.0	-100.0	3	1.0330206297858269	23.394543643062203	138.0	32	1.05	0.95				
	307	2	48.67921543859649	9.735843087719298	0.0	0.0	3	0.9668138428168082	19.68369957396573	138.0	32	1.05	0.95				
	308	1	66.59316672	13.630180322807018	0.0	0.0	3	0.978470637081259	21.434159545883016	138.0	32	1.05	0.95				
	309	1	68.15090161403509	14.01961404631579	0.0	0.0	3	1.0054575011079316	28.862857619878426	138.0	33	1.05	0.95				
	310	1	75.93957608421053	15.577348940350877	0.0	0.0	3	1.037714469311026	24.649758015675413	138.0	33	1.05	0.95				
	311	1	0.0	0.0	0.0	0.0	3	0.9895153381555751	27.750052679750855	230.0	33	1.05	0.95				
	312	1	0.0	0.0	0.0	0.0	3	0.9986266960337826	27.32595643378461	230.0	33	1.05	0.95				
	313	2	103.19993672982454	21.029421069473685	0.0	0.0	3	0.9932933646144254	27.76724720304876	230.0	34	1.05	0.95				
	314	2	75.55014236070176	15.187915216842104	0.0	0.0	3	0.975285922942905	28.880628121711926	230.0	36	1.05	0.95				
	315	2	123.45049035228071	24.923758304561403	0.0	0.0	3	0.981312005511943	29.873177607612032	230.0	36	1.05	0.95				
	316	2	38.94337235087719	7.7886744701754385	0.0	0.0	3	0.9682331467923775	29.760705947210756	230.0	36	1.05	0.95				
	317	1	0.0	0.0	0.0	0.0	3	0.9860422763333796	32.631716851549925	230.0	37	1.05	0.95				
	318	2	129.68142992842104	26.481493198596496	0.0	0.0	3	0.9815388521673836	28.838648957167294	230.0	37	1.05	0.95				
	319	1	70.48750395508772	14.409047769824562	0.0	0.0	3	0.9788778906926573	28.51884378904011	230.0	35	1.05	0.95				
	320	1	49.847516609122806	10.12527681122807	0.0	0.0	3	0.9887701735662349	27.087830868748902	230.0	35	1.05	0.95				
	321	2	0.0	0.0	0.0	0.0	3	0.9899911195539013	29.64602378596926	230.0	37	1.05	0.95				
	322	2	0.0	0.0	0.0	0.0	3	1.00697241509929	33.51917575849729	230.0	37	1.05	0.95				
	323	2	0.0	0.0	0.0	0.0	3	0.9941523843118729	26.35776424471038	230.0	35	1.05	0.95				
	324	1	0.0	0.0	0.0	0.0	3	0.9950731051157774	34.59223881034948	230.0	36	1.05	0.95				
