%% MATPOWER Case Format : Version 2
function mpc = RTS_GMLC
mpc.version = '2';

%%-----  Power Flow Data  -----%%
%% system MVA base
mpc.baseMVA = 100.0;
%% bus data
%    bus_i    type    Pd    Qd    Gs    Bs    area    Vm    Va    baseKV    zone    Vmax    Vmin
mpc.bus = [
	101	2	42.49727856	8.65685304	0.0	0.0	1	0.9838422265476633	-6.695267020065142	138.0	11	1.05	0.95				
	102	2	38.16885204	7.8698664	0.0	0.0	1	0.9836636458582559	-6.87819207717176	138.0	12	1.05	0.95				
	103	1	70.82879759999999	14.559252840000001	0.0	0.0	1	1.0161792625613508	0.5204287010987987	138.0	11	1.05	0.95				
	104	1	29.118505680000002	5.9023997999999995	0.0	0.0	1	1.0000533220154122	-5.956846986987096	138.0	11	1.05	0.95				
	105	1	27.93802572	5.50890648	0.0	0.0	1	1.0117882648850498	-6.824489324735707	138.0	11	1.05	0.95				
	106	1	53.51509152	11.01781296	0.0	-100.0	1	1.035503478214915	-7.384083043230621	138.0	12	1.05	0.95				
	107	2	49.186665	9.837333	0.0	0.0	1	0.990885876175272	-10.75535608268103	138.0	12	1.05	0.95				
	108	1	67.28735772	13.772266199999999	0.0	0.0	1	0.9999212877279228	-9.38212663134255	138.0	12	1.05	0.95				
	109	1	68.86133099999999	14.165759519999998	0.0	0.0	1	1.0252314467546348	-3.582149104244291	138.0	13	1.05	0.95				
	110	1	76.7311974	15.7397328	0.0	0.0	1	1.05	-5.6661582421312335	138.0	13	1.05	0.95				
	111	1	0.0	0.0	0.0	0.0	1	1.0209852754698494	-0.12294033316539495	230.0	13	1.05	0.95				
	112	1	0.0	0.0	0.0	0.0	1	1.016840005920052	-1.375601957003447	230.0	13	1.05	0.95				
	113	3	104.2757298	21.24863928	0.0	0.0	1	1.005985293998987	-1.2208884345399523e-30	230.0	14	1.05	0.95				
	114	2	76.33770408	15.346239479999998	0.0	0.0	1	1.05	4.134533907972772	230.0	16	1.05	0.95				
	115	2	124.73738243999999	25.18357248	0.0	0.0	1	1.0381199268677883	14.838613969953416	230.0	16	1.05	0.95				
	116	2	39.349332	7.8698664	0.0	0.0	1	1.0401362405096262	12.763953816385449	230.0	16	1.05	0.95				
	117	1	0.0	0.0	0.0	0.0	1	1.0382300274684202	19.383032503606973	230.0	17	1.05	0.95				
	118	2	131.03327556	26.75754576	0.0	0.0	1	1.0475339980213931	20.234828484460184	230.0	17	1.05	0.95				
	119	1	71.22229091999999	14.559252840000001	0.0	0.0	1	1.0389381714071717	8.105033538344706	230.0	15	1.05	0.95				
	120	1	50.36714496	10.23082632	0.0	0.0	1	1.0452687691413154	4.827360944490537	230.0	15	1.05	0.95				
	121	2	0.0	0.0	0.0	0.0	1	1.0420005840751592	22.03033856454099	230.0	17	1.05	0.95				
	122	2	0.0	0.0	0.0	0.0	1	1.05	40.002028317830636	230.0	17	1.05	0.95				
	123	2	0.0	0.0	0.0	0.0	1	1.04999999449518	3.3315024846049908	230.0	15	1.05	0.95				
	124	1	0.0	0.0	0.0	0.0	1	1.0116272183105603	9.527003888066833	230.0	16	1.05	0.95				
	201	2	37.569652131789475	7.653077286105263	0.0	0.0	2	1.0107322386311905	-13.376880952296704	138.0	21	1.05	0.95				
	202	2	33.74311348873684	6.957342987368421	0.0	0.0	2	1.009807667419872	-13.645474629195784	138.0	22	1.05	0.95				
	203	1	62.61608688631579	12.871084526631579	0.0	0.0	2	1.0158244429636425	-10.213384338772514	138.0	21	1.05	0.95				
	204	1	25.742169053263158	5.218007240526315	0.0	0.0	2	1.0119671102729577	-13.444498479413076	138.0	21	1.05	0.95				
	205	1	24.698567605157894	4.870140091157895	0.0	0.0	2	1.0262480769768119	-13.79758126383152	138.0	21	1.05	0.95				
	206	1	47.30993231410527	9.74028018231579	0.0	-100.0	2	1.0431988737563398	-14.494215062599533	138.0	22	1.05	0.95				
	207	2	43.48339367105263	8.696678734210526	0.0	0.0	2	0.9936093080145558	-18.55307637694301	138.0	22	1.05	0.95				
	208	1	59.48528254199999	12.175350227894736	0.0	0.0	2	1.002459794371071	-17.04965587919432	138.0	22	1.05	0.95				
	209	1	60.87675113947368	12.523217377263157	0.0	0.0	2	1.0231137477559782	-11.830834815532054	138.0	23	1.05	0.95				
	210	1	67.8340941268421	13.914685974736843	0.0	0.0	2	1.05	-13.092785774060824	138.0	23	1.05	0.95				
	211	1	0.0	0.0	0.0	0.0	2	1.0038847358340457	-9.183102671516586	230.0	23	1.05	0.95				
	212	1	0.0	0.0	0.0	0.0	2	1.0080763816518516	-8.477466198781883	230.0	23	1.05	0.95				
	213	2	92.18479458263158	18.784826065894737	0.0	0.0	2	0.9976793822650254	-7.884377246664822	230.0	24	1.05	0.95				
	214	2	67.48622697747368	13.56681882536842	0.0	0.0	2	1.0037212226149086	-6.906917734080682	230.0	26	1.05	0.95				
	215	2	110.27388634978948	22.263497559578948	0.0	0.0	2	1.0273286440609894	-1.1284269471683392	230.0	26	1.05	0.95				
	216	2	34.7867149368421	6.957342987368421	0.0	0.0	2	1.0281362051193257	-1.6624598565914872	230.0	26	1.05	0.95				
	217	1	0.0	0.0	0.0	0.0	2	1.036286422598532	0.3047581995951811	230.0	27	1.05	0.95				
	218	2	115.83976073968421	23.654966157052634	0.0	0.0	2	1.03474216863619	-0.08337482574838656	230.0	27	1.05	0.95				
	219	1	62.96395403568421	12.871084526631579	0.0	0.0	2	1.0289712855244555	-1.6814341060673923	230.0	25	1.05	0.95				
	220	1	44.526995119157895	9.044545883578948	0.0	0.0	2	1.0315865521324001	-1.0199172899530897	230.0	25	1.05	0.95				
	221	2	0.0	0.0	0.0	0.0	2	1.0348839271490515	0.3629263625268469	230.0	27	1.05	0.95				
	222	2	0.0	0.0	0.0	0.0	2	1.05	6.838163890097566	230.0	27	1.05	0.95				
	223	2	0.0	0.0	0.0	0.0	2	1.0333481631384271	-0.3909918861029998	230.0	25	1.05	0.95				
	224	1	0.0	0.0	0.0	0.0	2	1.0117457530482163	-4.525115642222288	230.0	26	1.05	0.95				
	301	2	43.476747877894745	8.856374567719298	0.0	0.0	3	1.012718139117019	18.195087366738466	138.0	31	1.05	0.95				
	302	2	39.04856059403509	8.051249607017546	0.0	0.0	3	1.0114800506382817	17.836018508354716	138.0	32	1.05	0.95				
	303	1	72.4612464631579	14.894811772982457	0.0	0.0	3	1.05	33.12583315775436	138.0	31	1.05	0.95				
	304	1	29.789623545964915	6.038437205263158	0.0	0.0	3	1.0076961044463086	19.140634696634446	138.0	31	1.05	0.95				
	305	1	28.58193610491228	5.635874724912282	0.0	0.0	3	1.0231006559791542	16.41558032893634	138.0	31	1.05	0.95				
	306	1	54.748497327719306	11.271749449824563	0.0	-100.0	3	1.0366303152119325	14.923413535885514	138.0	32	1.05	0.95				
	307	2	50.32031004385965	10.06406200877193	0.0	0.0	3	0.95	11.88333944144166	138.0	32	1.05	0.95				
	308	1	68.83818414000001	14.089686812280702	0.0	0.0	3	0.9716984206010717	13.59095162535985	138.0	32	1.05	0.95				
	309	1	70.4484340614035	14.492249292631579	0.0	0.0	3	1.0169461231404786	21.892658894958053	138.0	33	1.05	0.95				
	310	1	78.49968366842106	16.10249921403509	0.0	0.0	3	1.0434784692509032	15.935960517175719	138.0	33	1.05	0.95				
	311	1	0.0	0.0	0.0	0.0	3	1.0063345283857943	19.312809551327312	230.0	33	1.05	0.95				
	312	1	0.0	0.0	0.0	0.0	3	1.011031692038824	19.216489588833745	230.0	33	1.05	0.95				
	313	2	106.67905729298246	21.738373938947372	0.0	0.0	3	1.0048521538135016	18.981458044384514	230.0	34	1.05	0.95				
	314	2	78.09712118807018	15.699936733684211	0.0	0.0	3	1.0045374762217527	20.0904690826232	230.0	36	1.05	0.95				
	315	2	127.61230627122808	25.76399874245614	0.0	0.0	3	1.05	24.07310065038151	230.0	36	1.05	0.95				
	316	2	40.25624803508772	8.051249607017546	0.0	0.0	3	1.0407928426664266	23.508595334964365	230.0	36	1.05	0.95				
	317	1	0.0	0.0	0.0	0.0	3	1.05	28.168665944788113	230.0	37	1.05	0.95				
	318	2	134.0533059568421	27.374248663859653	0.0	0.0	3	1.0428041540830195	24.501789605977937	230.0	37	1.05	0.95				
	319	1	72.86380894350877	14.894811772982457	0.0	0.0	3	1.030209093609826	21.616901216553874	230.0	35	1.05	0.95				
	320	1	51.52799748491228	10.466624489122808	0.0	0.0	3	1.024232128600727	20.730749867175707	230.0	35	1.05	0.95				
	321	2	0.0	0.0	0.0	0.0	3	1.047283398952293	25.033834030004787	230.0	37	1.05	0.95				
	322	2	0.0	0.0	0.0	0.0	3	1.05	30.609125070615246	230.0	37	1.05	0.95				
	323	2	0.0	0.0	0.0	0.0	3	1.0213402415221875	20.553454704958554	230.0	35	1.05	0.95				
	324	1	0.0	0.0	0.0	0.0	3	1.0470857901923896	27.533374044242848	230.0	36	1.05	0.95				
	325	1	0.0	0.0	0.0	0.0	3	1.0236479647936607	20.68987791783194	230.0	35	1.05	0.95				
];

%% generator data
%    bus    Pg    Qg    Qmax    Qmin    Vg    mBase    status    Pmax    Pmin    Pc1    Pc2    Qc1min    Qc1max    Qc2min    Qc2max    ramp_agc    ramp_10    ramp_30    ramp_q    apf
