%% MATPOWER Case Format : Version 2
function mpc = RTS_GMLC
mpc.version = '2';

%%-----  Power Flow Data  -----%%
%% system MVA base
mpc.baseMVA = 100.0;
%% bus data
%    bus_i    type    Pd    Qd    Gs    Bs    area    Vm    Va    baseKV    zone    Vmax    Vmin
mpc.bus = [
	101	2	84.7674418736842	17.26744186315789	0.0	0.0	1	1.0499551673249543	0.35327809989606757	138.0	11	1.05	0.95				
	102	2	76.13372094210526	15.697674421052632	0.0	0.0	1	1.0495332439151575	0.17334651925362507	138.0	12	1.05	0.95				
	103	1	141.27906978947365	29.040697678947364	0.0	0.0	1	1.0256950846136867	-2.1303028355425417	138.0	11	1.05	0.95				
	104	1	58.08139535789473	11.77325581578947	0.0	0.0	1	1.0256431580415504	-3.489838166247976	138.0	11	1.05	0.95				
	105	1	55.72674419473683	10.988372094736842	0.0	0.0	1	1.0387595526527984	-3.870432004332975	138.0	11	1.05	0.95				
	106	1	106.7441860631579	21.976744189473685	0.0	-100.0	1	1.0383844138724447	-6.979738500713318	138.0	12	1.05	0.95				
	107	2	98.11046513157893	19.622093026315788	0.0	0.0	1	1.043296482213086	-4.467609993795605	138.0	12	1.05	0.95				
	108	1	134.21511629999998	27.4709302368421	0.0	0.0	1	1.0206878194624744	-7.171347120626282	138.0	12	1.05	0.95				
	109	1	137.3546511842105	28.25581395789473	0.0	0.0	1	1.0270158045295834	-4.444949496747913	138.0	13	1.05	0.95				
	110	1	153.05232560526315	31.395348842105264	0.0	0.0	1	1.05	-5.766999650265531	138.0	13	1.05	0.95				
	111	1	0.0	0.0	0.0	0.0	1	1.0129363150226804	-2.0836828273453345	230.0	13	1.05	0.95				
	112	1	0.0	0.0	0.0	0.0	1	1.016171883828923	-1.2168918669660482	230.0	13	1.05	0.95				
	113	3	207.99418607894734	42.3837209368421	0.0	0.0	1	1.0137476065612305	-3.176829860908358e-27	230.0	14	1.05	0.95				
	114	2	152.2674418842105	30.610465121052627	0.0	0.0	1	1.0129979372185531	-0.82408675337036	230.0	16	1.05	0.95				
	115	2	248.80813957368417	50.23255814736841	0.0	0.0	1	1.0428060597824462	6.360656926594243	230.0	16	1.05	0.95				
	116	2	78.48837210526315	15.697674421052632	0.0	0.0	1	1.0397906875560465	5.733313659496889	230.0	16	1.05	0.95				
	117	1	0.0	0.0	0.0	0.0	1	1.0443715523633839	8.327489303762885	230.0	17	1.05	0.95				
	118	2	261.3662791105263	53.37209303157895	0.0	0.0	1	1.0462514517589157	8.694463233825484	230.0	17	1.05	0.95				
	119	1	142.0639535105263	29.040697678947364	0.0	0.0	1	1.0329950735678055	4.57025341320177	230.0	15	1.05	0.95				
	120	1	100.46511629473682	20.406976747368418	0.0	0.0	1	1.0333466874905557	4.667783274825255	230.0	15	1.05	0.95				
	121	2	0.0	0.0	0.0	0.0	1	1.0494260228294203	10.399622516529615	230.0	17	1.05	0.95				
	122	2	0.0	0.0	0.0	0.0	1	1.05	16.097678660122593	230.0	17	1.05	0.95				
	123	2	0.0	0.0	0.0	0.0	1	1.0357809064396002	5.307507096840902	230.0	15	1.05	0.95				
	124	1	0.0	0.0	0.0	0.0	1	1.025613535508075	3.205902771099262	230.0	16	1.05	0.95				
	201	2	79.01526838736842	16.095702819649123	0.0	0.0	2	1.0376006499698198	-10.773647596184777	138.0	21	1.05	0.95				
	202	2	70.96741697754385	14.632457108771929	0.0	0.0	2	1.0378640800684704	-10.841102728605156	138.0	22	1.05	0.95				
	203	1	131.69211397894736	27.070045651228064	0.0	0.0	2	1.02547109392686	-8.380333191448107	138.0	21	1.05	0.95				
	204	1	54.14009130245613	10.974342831578946	0.0	0.0	2	1.0187067186094403	-12.372159632790371	138.0	21	1.05	0.95				
	205	1	51.94522273614034	10.24271997614035	0.0	0.0	2	1.0345164441702581	-12.73244506882092	138.0	21	1.05	0.95				
	206	1	99.50070833964911	20.4854399522807	0.0	-100.0	2	1.038538621777913	-14.517495423926686	138.0	22	1.05	0.95				
	207	2	91.45285692982455	18.29057138596491	0.0	0.0	2	0.9637730820051874	-25.42771611267328	138.0	22	1.05	0.95				
	208	1	125.10750827999999	25.60679994035087	0.0	0.0	2	0.9679233561660466	-21.79747379862572	138.0	22	1.05	0.95				
	209	1	128.03399970175437	26.33842279578947	0.0	0.0	2	1.0260502970942424	-10.668459539679983	138.0	23	1.05	0.95				
	210	1	142.6664568105263	29.264914217543858	0.0	0.0	2	1.05	-12.419538866681542	138.0	23	1.05	0.95				
	211	1	0.0	0.0	0.0	0.0	2	1.0245606444746422	-7.323883582582757	230.0	23	1.05	0.95				
	212	1	0.0	0.0	0.0	0.0	2	1.0242278166083658	-2.4556558305808314	230.0	23	1.05	0.95				
	213	2	193.88005669122802	39.50763419368421	0.0	0.0	2	1.0318960535170734	-4.800458077345297	230.0	24	1.05	0.95				
	214	2	141.9348339550877	28.533291362105263	0.0	0.0	2	1.0350883501420272	-5.400555423998311	230.0	26	1.05	0.95				
	215	2	231.92444517403504	46.82386274807017	0.0	0.0	2	1.0409162919175088	1.9121844895708375	230.0	26	1.05	0.95				
	216	2	73.16228554385964	14.632457108771929	0.0	0.0	2	1.0427647459486353	1.8360100832802404	230.0	26	1.05	0.95				
	217	1	0.0	0.0	0.0	0.0	2	1.0446696373397557	4.2629617358754865	230.0	27	1.05	0.95				
	218	2	243.6304108610526	49.750354169824554	0.0	0.0	2	1.0452419701087865	4.515057467685868	230.0	27	1.05	0.95				
	219	1	132.42373683438595	27.070045651228064	0.0	0.0	2	1.040550475644125	1.8240565825787032	230.0	25	1.05	0.95				
	220	1	93.64772549614034	19.022194241403508	0.0	0.0	2	1.0450710774979368	3.1883666264935204	230.0	25	1.05	0.95				
	221	2	0.0	0.0	0.0	0.0	2	1.045301183845195	4.4078730002452255	230.0	27	1.05	0.95				
	222	2	0.0	0.0	0.0	0.0	2	1.05	10.858815585960402	230.0	27	1.05	0.95				
	223	2	0.0	0.0	0.0	0.0	2	1.05	4.465448900285037	230.0	25	1.05	0.95				
	224	1	0.0	0.0	0.0	0.0	2	1.0222863636102513	-1.9240542940744976	230.0	26	1.05	0.95				
	301	2	77.09648847157895	15.704840244210525	0.0	0.0	3	0.9907510518991315	-5.906667343306994	138.0	31	1.05	0.95				
	302	2	69.24406834947368	14.277127494736842	0.0	0.0	3	0.9918115245712529	-6.030367713171629	138.0	32	1.05	0.95				
	303	1	128.49414745263158	26.412685865263157	0.0	0.0	3	1.007342024046306	0.06163387336791452	138.0	31	1.05	0.95				
	304	1	52.825371730526314	10.70784562105263	0.0	0.0	3	0.9873334863897886	-3.459317284904808	138.0	31	1.05	0.95				
	305	1	50.68380260631579	9.993989246315788	0.0	0.0	3	1.0000298493545043	-3.7930110916175344	138.0	31	1.05	0.95				
	306	1	97.08446696421052	19.987978492631576	0.0	-100.0	3	1.013056476571677	-3.411266985727788	138.0	32	1.05	0.95				
	307	2	89.23204684210526	17.84640936842105	0.0	0.0	3	0.9702396245422039	-9.18046549032404	138.0	32	1.05	0.95				
	308	1	122.06944007999998	24.98497311578947	0.0	0.0	3	0.9755403367096649	-5.710816288280105	138.0	32	1.05	0.95				
	309	1	124.92486557894735	25.698829490526315	0.0	0.0	3	1.0110294182725166	1.6462311296269982	138.0	33	1.05	0.95				
	310	1	139.2019930736842	28.554254989473684	0.0	0.0	3	1.031971697797613	0.6905066700846118	138.0	33	1.05	0.95				
	311	1	0.0	0.0	0.0	0.0	3	1.0040460561163462	8.684830391038563	230.0	33	1.05	0.95				
	312	1	0.0	0.0	0.0	0.0	3	1.0077490028724316	9.858884598658292	230.0	33	1.05	0.95				
	313	2	189.17193930526312	38.548244235789475	0.0	0.0	3	1.0332376512299082	17.185007259360088	230.0	34	1.05	0.95				
	314	2	138.48813669894736	27.840398614736838	0.0	0.0	3	1.0112887510112838	8.497449462627596	230.0	36	1.05	0.95				
	315	2	226.2924707915789	45.68680798315789	0.0	0.0	3	1.0361346223418784	6.220146275107191	230.0	36	1.05	0.95				
	316	2	71.3856374736842	14.277127494736842	0.0	0.0	3	1.034452343838829	7.303982186319258	230.0	36	1.05	0.95				
	317	1	0.0	0.0	0.0	0.0	3	1.0398489125214518	7.23291028823282	230.0	37	1.05	0.95				
	318	2	237.7141727873684	48.54223348210526	0.0	0.0	3	1.039596655795903	6.574572627372792	230.0	37	1.05	0.95				
	319	1	129.2080038273684	26.412685865263157	0.0	0.0	3	1.0314320421023808	9.004574231065135	230.0	35	1.05	0.95				
	320	1	91.37361596631578	18.560265743157895	0.0	0.0	3	1.0322069451988924	10.430296269775853	230.0	35	1.05	0.95				
	321	2	0.0	0.0	0.0	0.0	3	1.041883653912178	7.867840566231538	230.0	37	1.05	0.95				
	322	2	0.0	0.0	0.0	0.0	3	1.05	11.938534447442978	230.0	37	1.05	0.95				
	323	2	0.0	0.0	0.0	0.0	3	1.0330186744884768	11.001203008147668	230.0	35	1.05	0.95				
	324	1	0.0	0.0	0.0	0.0	3	1.0194498493728736	5.842380496893133	230.0	36	1.05	0.95				
	325	1	0.0	0.0	0.0	0.0	3	1.0353606414071803	10.958141327059204	230.0	35	1.05	0.95				
];
