%% MATPOWER Case Format : Version 2
function mpc = RTS_GMLC
mpc.version = '2';

%%-----  Power Flow Data  -----%%
%% system MVA base
mpc.baseMVA = 100.0;
%% bus data
%    bus_i    type    Pd    Qd    Gs    Bs    area    Vm    Va    baseKV    zone    Vmax    Vmin
mpc.bus = [
	101	2	74.66749135578948	15.210044535438596	0.0	0.0	1	1.0397878080719118	1.5085387443151812	138.0	11	1.05	0.95				
	102	2	67.06246908807017	13.827313214035089	0.0	0.0	1	1.0391770151049238	1.2604983467561415	138.0	12	1.05	0.95				
	103	1	124.44581892631581	25.58052944596491	0.0	0.0	1	1.027575779474895	-0.39670680661650953	138.0	11	1.05	0.95				
	104	1	51.16105889192982	10.370484910526317	0.0	0.0	1	1.0222017971655422	-2.3971664194728697	138.0	11	1.05	0.95				
	105	1	49.08696190982456	9.679119249824563	0.0	0.0	1	1.034789984005946	-2.6746715102954677	138.0	11	1.05	0.95				
	106	1	94.02572985543861	19.358238499649126	0.0	-100.0	1	1.0386235086732534	-5.6861940237731	138.0	12	1.05	0.95				
	107	2	86.4207075877193	17.284141517543862	0.0	0.0	1	1.05	-6.0755072813510305	138.0	12	1.05	0.95				
	108	1	118.22352798	24.197798124561405	0.0	0.0	1	1.027364968023886	-7.37299652911836	138.0	12	1.05	0.95				
	109	1	120.98899062280704	24.889163785263158	0.0	0.0	1	1.027109768020739	-3.4613263230410687	138.0	13	1.05	0.95				
	110	1	134.8163038368421	27.654626428070177	0.0	0.0	1	1.05	-4.771401012482466	138.0	13	1.05	0.95				
	111	1	0.0	0.0	0.0	0.0	1	1.009586123990841	-1.348975292773626	230.0	13	1.05	0.95				
	112	1	0.0	0.0	0.0	0.0	1	1.0152633208430732	-0.7647979260028258	230.0	13	1.05	0.95				
	113	3	183.2119000859649	37.33374567789474	0.0	0.0	1	1.0095530958883288	-4.002074285662603e-27	230.0	14	1.05	0.95				
	114	2	134.12493817614035	26.963260767368425	0.0	0.0	1	1.0061154622686963	0.3333678963453645	230.0	16	1.05	0.95				
	115	2	219.16291444245616	44.24740228491228	0.0	0.0	1	1.0420868555453837	7.55921719137931	230.0	16	1.05	0.95				
	116	2	69.13656607017545	13.827313214035089	0.0	0.0	1	1.038949081406311	6.84649336545607	230.0	16	1.05	0.95				
	117	1	0.0	0.0	0.0	0.0	1	1.0442036602188325	9.3999661225634	230.0	17	1.05	0.95				
	118	2	230.22476501368422	47.012864927719306	0.0	0.0	1	1.0465152950472798	9.689873056275918	230.0	17	1.05	0.95				
	119	1	125.13718458701754	25.58052944596491	0.0	0.0	1	1.033031419767538	5.453035878643211	230.0	15	1.05	0.95				
	120	1	88.49480456982457	17.975507178245614	0.0	0.0	1	1.0330773531909636	5.127051411542072	230.0	15	1.05	0.95				
	121	2	0.0	0.0	0.0	0.0	1	1.0499999714684536	11.228065163767095	230.0	17	1.05	0.95				
	122	2	0.0	0.0	0.0	0.0	1	1.05	17.573244378534064	230.0	17	1.05	0.95				
	123	2	0.0	0.0	0.0	0.0	1	1.0348267932159734	5.466133509850581	230.0	15	1.05	0.95				
	124	1	0.0	0.0	0.0	0.0	1	1.0264502779571303	4.596682973515004	230.0	16	1.05	0.95				
	201	2	88.12718401263157	17.951833780350874	0.0	0.0	2	1.037179834353254	-15.927722321209286	138.0	21	1.05	0.95				
	202	2	79.15126712245612	16.31984889122807	0.0	0.0	2	1.040117683981128	-16.063599224975903	138.0	22	1.05	0.95				
	203	1	146.87864002105263	30.191720448771925	0.0	0.0	2	1.024365807419753	-11.934052767388089	138.0	21	1.05	0.95				
	204	1	60.38344089754385	12.23988666842105	0.0	0.0	2	1.0181478465806404	-17.312649793594176	138.0	21	1.05	0.95				
	205	1	57.935463563859635	11.423894223859648	0.0	0.0	2	1.033130964941428	-17.827026165151068	138.0	21	1.05	0.95				
	206	1	110.97497246035087	22.847788447719296	0.0	-100.0	2	1.0366053678963725	-19.66007865094777	138.0	22	1.05	0.95				
	207	2	101.99905557017543	20.399811114035085	0.0	0.0	2	0.95	-31.003426187096455	138.0	22	1.05	0.95				
	208	1	139.53470801999998	28.55973555964912	0.0	0.0	2	0.9560126311333055	-27.222202885601032	138.0	22	1.05	0.95				
	209	1	142.7986777982456	29.375728004210522	0.0	0.0	2	1.0264050269522993	-15.039197020735045	138.0	23	1.05	0.95				
	210	1	159.11852668947367	32.63969778245614	0.0	0.0	2	1.05	-17.18521611138177	138.0	23	1.05	0.95				
	211	1	0.0	0.0	0.0	0.0	2	1.0344470248568542	-11.235497301498736	230.0	23	1.05	0.95				
	212	1	0.0	0.0	0.0	0.0	2	1.028955628502936	-6.232731962928713	230.0	23	1.05	0.95				
	213	2	216.2379978087719	44.06359200631579	0.0	0.0	2	1.05	-8.572113168430214	230.0	24	1.05	0.95				
	214	2	158.30253424491224	31.823705337894737	0.0	0.0	2	1.05	-8.918900392317767	230.0	26	1.05	0.95				
	215	2	258.66960492596485	52.22351645192982	0.0	0.0	2	1.0450152100910244	-0.3234934091074423	230.0	26	1.05	0.95				
	216	2	81.59924445614034	16.31984889122807	0.0	0.0	2	1.0487127336819275	-0.6022215410903311	230.0	26	1.05	0.95				
	217	1	0.0	0.0	0.0	0.0	2	1.0483319604245676	2.264992589011451	230.0	27	1.05	0.95				
	218	2	271.72548403894734	55.487486230175435	0.0	0.0	2	1.049541770785569	2.3663909885219883	230.0	27	1.05	0.95				
	219	1	147.69463246561403	30.191720448771925	0.0	0.0	2	1.043111592169656	-0.6741068291724951	230.0	25	1.05	0.95				
	220	1	104.44703290385964	21.215803558596487	0.0	0.0	2	1.0456781820202572	0.7893234065205177	230.0	25	1.05	0.95				
	221	2	0.0	0.0	0.0	0.0	2	1.05	2.317578840054872	230.0	27	1.05	0.95				
	222	2	0.0	0.0	0.0	0.0	2	1.05	8.809102505203994	230.0	27	1.05	0.95				
	223	2	0.0	0.0	0.0	0.0	2	1.05	2.1831047384740834	230.0	25	1.05	0.95				
	224	1	0.0	0.0	0.0	0.0	2	1.0227152332625882	-4.632422424933052	230.0	26	1.05	0.95				
	301	2	76.07149635789474	15.496045554385965	0.0	0.0	3	1.009069321589652	-8.999211184818108	138.0	31	1.05	0.95				
	302	2	68.32347358070176	14.087314140350879	0.0	0.0	3	1.008431696715693	-9.18399839931032	138.0	32	1.05	0.95				
	303	1	126.7858272631579	26.06153115964912	0.0	0.0	3	1.031374013655945	-0.5646006505495061	138.0	31	1.05	0.95				
	304	1	52.12306231929824	10.565485605263158	0.0	0.0	3	1.0050696893956645	-6.980673994114857	138.0	31	1.05	0.95				
	305	1	50.00996519824561	9.861119898245615	0.0	0.0	3	1.0192562855111782	-7.607656414800734	138.0	31	1.05	0.95				
	306	1	95.79373615438597	19.72223979649123	0.0	-100.0	3	1.032012913889984	-7.596845103798379	138.0	32	1.05	0.95				
	307	2	88.04571337719298	17.609142675438598	0.0	0.0	3	0.9745813510499636	-15.973356811485687	138.0	32	1.05	0.95				
	308	1	120.4465359	24.652799745614036	0.0	0.0	3	0.9775252949448571	-12.53722401309743	138.0	32	1.05	0.95				
	309	1	123.26399872807016	25.35716545263158	0.0	0.0	3	1.0280267137663712	-2.3114896046230338	138.0	33	1.05	0.95				
	310	1	137.35131286842105	28.174628280701757	0.0	0.0	3	1.05	-3.9566573796868965	138.0	33	1.05	0.95				
	311	1	0.0	0.0	0.0	0.0	3	1.0244199799562592	3.7949103011189833	230.0	33	1.05	0.95				
	312	1	0.0	0.0	0.0	0.0	3	1.0252740329019723	4.701637863848858	230.0	33	1.05	0.95				
	313	2	186.6569123596491	38.03574817894737	0.0	0.0	3	1.046313754100464	9.941932514767464	230.0	34	1.05	0.95				
	314	2	136.64694716140352	27.470262573684213	0.0	0.0	3	1.0347706265323648	5.127918164789084	230.0	36	1.05	0.95				
	315	2	223.2839291245614	45.07940524912281	0.0	0.0	3	1.045206987408604	4.513021553836078	230.0	36	1.05	0.95				
	316	2	70.43657070175439	14.087314140350879	0.0	0.0	3	1.0451394208985794	5.517915310374424	230.0	36	1.05	0.95				
	317	1	0.0	0.0	0.0	0.0	3	1.049538262563216	6.526061660954672	230.0	37	1.05	0.95				
	318	2	234.5537804368421	47.896868077192984	0.0	0.0	3	1.0470238684752988	5.220582954936869	230.0	37	1.05	0.95				
	319	1	127.49019297017546	26.06153115964912	0.0	0.0	3	1.0433126057263236	6.717612085781358	230.0	35	1.05	0.95				
	320	1	90.15881049824561	18.313508382456142	0.0	0.0	3	1.0444427276108443	7.625692951033214	230.0	35	1.05	0.95				
	321	2	0.0	0.0	0.0	0.0	3	1.047964242296231	5.985135298577344	230.0	37	1.05	0.95				
	322	2	0.0	0.0	0.0	0.0	3	1.05	10.541123239924467	230.0	37	1.05	0.95				
	323	2	0.0	0.0	0.0	0.0	3	1.0450669832577153	7.868643719920617	230.0	35	1.05	0.95				
	324	1	0.0	0.0	0.0	0.0	3	1.0351063664462776	4.52913738735041	230.0	36	1.05	0.95				
	325	1	0.0	0.0	0.0	0.0	3	1.0456333193951648	8.152651524252676	230.0	35	1.05	0.95				
];
