%% MATPOWER Case Format : Version 2
function mpc = RTS_GMLC
mpc.version = '2';

%%-----  Power Flow Data  -----%%
%% system MVA base
mpc.baseMVA = 100.0;
%% bus data
%    bus_i    type    Pd    Qd    Gs    Bs    area    Vm    Va    baseKV    zone    Vmax    Vmin
mpc.bus = [
	101	2	48.05492331789474	9.78896586105263	0.0	0.0	1	1.0154162105647206	2.065223209338025	138.0	11	1.05	0.95				
	102	2	43.16044038736842	8.89905987368421	0.0	0.0	1	1.014315765483747	1.7430131218764904	138.0	12	1.05	0.95				
	103	1	80.09153886315788	16.463260766315788	0.0	0.0	1	1.0242904746204844	2.3474036618961445	138.0	11	1.05	0.95				
	104	1	32.926521532631575	6.6742949052631575	0.0	0.0	1	1.012709394191631	-1.3980314349318061	138.0	11	1.05	0.95				
	105	1	31.591662551578942	6.229341911578947	0.0	0.0	1	1.026180564710534	-1.359499301853606	138.0	11	1.05	0.95				
	106	1	60.51360714105263	12.458683823157894	0.0	-100.0	1	1.0402102509121989	-3.7505913215241726	138.0	12	1.05	0.95				
	107	2	55.61912421052631	11.123824842105263	0.0	0.0	1	0.9863361728646887	-12.029346152278343	138.0	12	1.05	0.95				
	108	1	76.08696192	15.573354778947365	0.0	0.0	1	0.9939016657122667	-9.44289289637701	138.0	12	1.05	0.95				
	109	1	77.86677389473684	16.018307772631577	0.0	0.0	1	1.0250970524345902	-2.1039002614087656	138.0	13	1.05	0.95				
	110	1	86.76583376842105	17.79811974736842	0.0	0.0	1	1.05	-3.358093918381962	138.0	13	1.05	0.95				
	111	1	0.0	0.0	0.0	0.0	1	1.0190423986643966	0.41190764446611905	230.0	13	1.05	0.95				
	112	1	0.0	0.0	0.0	0.0	1	1.015421871765193	-0.5941927087262763	230.0	13	1.05	0.95				
	113	3	117.91254332631578	24.02746165894737	0.0	0.0	1	1.0015818220514914	-2.4015409207937497e-29	230.0	14	1.05	0.95				
	114	2	86.32088077473684	17.35316675368421	0.0	0.0	1	1.0432425737856823	3.835142158423945	230.0	16	1.05	0.95				
	115	2	141.0500989978947	28.47699159578947	0.0	0.0	1	1.0392741854792606	13.414273050344866	230.0	16	1.05	0.95				
	116	2	44.49529936842105	8.89905987368421	0.0	0.0	1	1.0396033557104258	11.54574511582238	230.0	16	1.05	0.95				
	117	1	0.0	0.0	0.0	0.0	1	1.038209963119221	17.66276104551971	230.0	17	1.05	0.95				
	118	2	148.1693468968421	30.256803570526316	0.0	0.0	1	1.0467886869232568	18.286089982159258	230.0	17	1.05	0.95				
	119	1	80.53649185684209	16.463260766315788	0.0	0.0	1	1.0357581007380603	7.274304378911866	230.0	15	1.05	0.95				
	120	1	56.95398319157894	11.568777835789474	0.0	0.0	1	1.039476081624202	4.414768949998936	230.0	15	1.05	0.95				
	121	2	0.0	0.0	0.0	0.0	1	1.0412565674013061	19.986099868716245	230.0	17	1.05	0.95				
	122	2	0.0	0.0	0.0	0.0	1	1.05	37.963857493251574	230.0	17	1.05	0.95				
	123	2	0.0	0.0	0.0	0.0	1	1.0427285022082717	3.182265095303603	230.0	15	1.05	0.95				
	124	1	0.0	0.0	0.0	0.0	1	1.0198707354759469	9.286048805989127	230.0	16	1.05	0.95				
	201	2	52.78451127157895	10.752400444210526	0.0	0.0	2	1.0088686271794616	-19.197194867833055	138.0	21	1.05	0.95				
	202	2	47.40831104947368	9.774909494736843	0.0	0.0	2	1.0081529730054652	-19.50773325093826	138.0	22	1.05	0.95				
	203	1	87.97418545263159	18.083582565263157	0.0	0.0	2	1.0102863528347974	-13.84329761422693	138.0	21	1.05	0.95				
	204	1	36.167165130526314	7.331182121052632	0.0	0.0	2	1.008123605883297	-18.837160141266065	138.0	21	1.05	0.95				
	205	1	34.700928706315786	6.84243664631579	0.0	0.0	2	1.02324731048682	-19.422901873682605	138.0	21	1.05	0.95				
	206	1	66.46938456421053	13.68487329263158	0.0	-100.0	2	1.0387492874082376	-20.13320685320021	138.0	22	1.05	0.95				
	207	2	61.09318434210527	12.218636868421052	0.0	0.0	2	0.9913314777190849	-26.07997075796029	138.0	22	1.05	0.95				
	208	1	83.57547618	17.106091615789474	0.0	0.0	2	0.9953254508354595	-23.815043661219597	138.0	22	1.05	0.95				
	209	1	85.53045807894736	17.594837090526315	0.0	0.0	2	1.0231812178949633	-16.268659633141908	138.0	23	1.05	0.95				
	210	1	95.30536757368421	19.549818989473685	0.0	0.0	2	1.05	-18.07465750935525	138.0	23	1.05	0.95				
	211	1	0.0	0.0	0.0	0.0	2	1.0137893665189388	-12.57745292321992	230.0	23	1.05	0.95				
	212	1	0.0	0.0	0.0	0.0	2	1.0142269666286612	-11.350442296827262	230.0	23	1.05	0.95				
	213	2	129.51755080526314	26.392255635789475	0.0	0.0	2	1.0183174938358177	-10.61338297092554	230.0	24	1.05	0.95				
	214	2	94.81662209894736	19.061073514736844	0.0	0.0	2	1.0188589280950964	-9.689043687910903	230.0	26	1.05	0.95				
	215	2	154.93231549157892	31.279710383157894	0.0	0.0	2	1.0307634619142745	-2.5301900880691215	230.0	26	1.05	0.95				
	216	2	48.87454747368421	9.774909494736843	0.0	0.0	2	1.0346836825558556	-2.6415983624935193	230.0	26	1.05	0.95				
	217	1	0.0	0.0	0.0	0.0	2	1.0379851453244782	-0.9092033259745951	230.0	27	1.05	0.95				
	218	2	162.7522430873684	33.234692282105264	0.0	0.0	2	1.0358225893619637	-1.5923051738410854	230.0	27	1.05	0.95				
	219	1	88.46293092736842	18.083582565263157	0.0	0.0	2	1.0382437689886774	-2.1276592304021387	230.0	25	1.05	0.95				
	220	1	62.55942076631579	12.707382343157894	0.0	0.0	2	1.045010030737981	-0.7586969996758317	230.0	25	1.05	0.95				
	221	2	0.0	0.0	0.0	0.0	2	1.036553510638123	-1.098589723314651	230.0	27	1.05	0.95				
	222	2	0.0	0.0	0.0	0.0	2	1.05	5.475747281543865	230.0	27	1.05	0.95				
	223	2	0.0	0.0	0.0	0.0	2	1.05	0.34488393066688117	230.0	25	1.05	0.95				
	224	1	0.0	0.0	0.0	0.0	2	1.009110469932875	-6.727611566268301	230.0	26	1.05	0.95				
	301	2	66.6074027368421	13.568174631578946	0.0	0.0	3	1.0376929787265308	3.869671363046394	138.0	31	1.05	0.95				
	302	2	59.82331542105263	12.334704210526315	0.0	0.0	3	1.034211094866094	3.5042367204506664	138.0	32	1.05	0.95				
	303	1	111.01233789473683	22.81920278947368	0.0	0.0	3	1.05	21.558486229792553	138.0	31	1.05	0.95				
	304	1	45.63840557894736	9.251028157894737	0.0	0.0	3	1.0093349437111931	5.826374818574149	138.0	31	1.05	0.95				
	305	1	43.78819994736842	8.634292947368422	0.0	0.0	3	1.030153541241239	2.8253045379827513	138.0	31	1.05	0.95				
	306	1	83.87598863157895	17.268585894736844	0.0	-100.0	3	1.031643470783702	1.539206220249396	138.0	32	1.05	0.95				
	307	2	77.09190131578947	15.418380263157893	0.0	0.0	3	0.95	1.5753896776058152	138.0	32	1.05	0.95				
	308	1	105.461721	21.585732368421052	0.0	0.0	3	0.9630950591382029	1.8240501863674363	138.0	32	1.05	0.95				
	309	1	107.92866184210526	22.202467578947367	0.0	0.0	3	1.0112853983338226	10.346810935935006	138.0	33	1.05	0.95				
	310	1	120.26336605263157	24.66940842105263	0.0	0.0	3	1.0376276160399187	3.7342123170921235	138.0	33	1.05	0.95				
	311	1	0.0	0.0	0.0	0.0	3	0.9977360235749105	9.127807107378972	230.0	33	1.05	0.95				
	312	1	0.0	0.0	0.0	0.0	3	1.0018295440056988	9.611539009160179	230.0	33	1.05	0.95				
	313	2	163.43483078947366	33.30370136842105	0.0	0.0	3	0.9977124170055289	11.33391136139919	230.0	34	1.05	0.95				
	314	2	119.64663084210525	24.052673210526315	0.0	0.0	3	0.9962956565613532	9.40186799869201	230.0	36	1.05	0.95				
	315	2	195.50506173684207	39.47105347368421	0.0	0.0	3	1.05	13.800649217671598	230.0	36	1.05	0.95				
	316	2	61.67352105263157	12.334704210526315	0.0	0.0	3	1.041575500871941	13.485336522269236	230.0	36	1.05	0.95				
	317	1	0.0	0.0	0.0	0.0	3	1.05	18.723093897742302	230.0	37	1.05	0.95				
	318	2	205.37282510526316	41.937994315789474	0.0	0.0	3	1.0426669889855902	15.373495541533845	230.0	37	1.05	0.95				
	319	1	111.62907310526316	22.81920278947368	0.0	0.0	3	1.0255952429268593	11.991199908034783	230.0	35	1.05	0.95				
	320	1	78.94210694736842	16.03511547368421	0.0	0.0	3	1.0171113243473433	11.868148623291386	230.0	35	1.05	0.95				
	321	2	0.0	0.0	0.0	0.0	3	1.0453370220067184	15.523647706628557	230.0	37	1.05	0.95				
	322	2	0.0	0.0	0.0	0.0	3	1.049999997319283	21.12212919902846	230.0	37	1.05	0.95				
	323	2	0.0	0.0	0.0	0.0	3	1.0139080554956248	12.28276118169221	230.0	35	1.05	0.95				
	324	1	0.0	0.0	0.0	0.0	3	1.0472905968239044	16.7677583149962	230.0	36	1.05	0.95				
	325	1	0.0	0.0	0.0	0.0	3	1.0150073138618088	12.95294492541179	230.0	35	1.05	0.95				
];
