%% MATPOWER Case Format : Version 2
function mpc = RTS_GMLC
mpc.version = '2';

%%-----  Power Flow Data  -----%%
%% system MVA base
mpc.baseMVA = 100.0;
%% bus data
%    bus_i    type    Pd    Qd    Gs    Bs    area    Vm    Va    baseKV    zone    Vmax    Vmin
mpc.bus = [
	101	2	45.66353290105264	9.301830776140353	0.0	0.0	1	1.0247428155654086	-1.8387575969468248	138.0	11	1.05	0.95				
	102	2	41.01261751298246	8.45620979649123	0.0	0.0	1	1.0237059743334742	-2.158568575802043	138.0	12	1.05	0.95				
	103	1	76.10588816842106	15.643988123508773	0.0	0.0	1	1.021623763414381	1.8615836944480526	138.0	11	1.05	0.95				
	104	1	31.287976247017546	6.342157347368421	0.0	0.0	1	1.0193279685979086	-2.8280036827213957	138.0	11	1.05	0.95				
	105	1	30.01954477754386	5.919346857543861	0.0	0.0	1	1.0321177294271582	-3.851422772431722	138.0	11	1.05	0.95				
	106	1	57.50222661614036	11.838693715087722	0.0	-100.0	1	1.044013145278512	-5.474559750886775	138.0	12	1.05	0.95				
	107	2	52.85131122807017	10.570262245614035	0.0	0.0	1	1.0015799030129782	-12.0031565207349	138.0	12	1.05	0.95				
	108	1	72.30059376	14.79836714385965	0.0	0.0	1	1.0034213029252756	-9.757615390111276	138.0	12	1.05	0.95				
	109	1	73.99183571929825	15.22117763368421	0.0	0.0	1	1.0222701147712907	-2.7149112295684237	138.0	13	1.05	0.95				
	110	1	82.44804551578949	16.91241959298246	0.0	0.0	1	1.05	-4.531805784771642	138.0	13	1.05	0.95				
	111	1	0.0	0.0	0.0	0.0	1	1.0041964720668555	-0.1089941586799543	230.0	13	1.05	0.95				
	112	1	0.0	0.0	0.0	0.0	1	1.0084365474663033	-1.1505991846363015	230.0	13	1.05	0.95				
	113	3	112.04477980350877	22.83176645052632	0.0	0.0	1	1.0016508270363993	-1.111033657427158e-28	230.0	14	1.05	0.95				
	114	2	82.02523502596492	16.489609103157896	0.0	0.0	1	1.0030819365474966	3.44038967369942	230.0	16	1.05	0.95				
	115	2	134.030925274386	27.05987134877193	0.0	0.0	1	1.0192973349190726	13.008122487553429	230.0	16	1.05	0.95				
	116	2	42.28104898245614	8.45620979649123	0.0	0.0	1	1.0165506001485247	11.076492227071288	230.0	16	1.05	0.95				
	117	1	0.0	0.0	0.0	0.0	1	1.020048279487311	16.82265006587996	230.0	17	1.05	0.95				
	118	2	140.79589311157895	28.75111330807018	0.0	0.0	1	1.0244906722637648	17.90642710780149	230.0	17	1.05	0.95				
	119	1	76.52869865824562	15.643988123508773	0.0	0.0	1	1.0093639596472828	6.9145636098211725	230.0	15	1.05	0.95				
	120	1	54.11974269754386	10.993072735438597	0.0	0.0	1	1.0094374959944483	3.840381266322852	230.0	15	1.05	0.95				
	121	2	0.0	0.0	0.0	0.0	1	1.0221150872747706	19.696236981080954	230.0	17	1.05	0.95				
	122	2	0.0	0.0	0.0	0.0	1	1.05	31.610424604937986	230.0	17	1.05	0.95				
	123	2	0.0	0.0	0.0	0.0	1	1.010797086820511	2.485874987837748	230.0	15	1.05	0.95				
	124	1	0.0	0.0	0.0	0.0	1	1.0065187876735457	8.780560462543416	230.0	16	1.05	0.95				
	201	2	41.58161499789474	8.470328981052631	0.0	0.0	2	1.0071733673151222	-17.39600389041661	138.0	21	1.05	0.95				
	202	2	37.34645050736842	7.700299073684211	0.0	0.0	2	1.0062546204276708	-17.700736796689128	138.0	22	1.05	0.95				
	203	1	69.30269166315789	14.24555328631579	0.0	0.0	2	1.015522271286879	-12.9791539968127	138.0	21	1.05	0.95				
	204	1	28.49110657263158	5.7752243052631576	0.0	0.0	2	1.0096406989222433	-17.453952198604032	138.0	21	1.05	0.95				
	205	1	27.336061711578946	5.390209351578948	0.0	0.0	2	1.023906465395718	-17.930442679216657	138.0	21	1.05	0.95				
	206	1	52.36203370105264	10.780418703157896	0.0	-100.0	2	1.041257151582545	-18.724184706206252	138.0	22	1.05	0.95				
	207	2	48.126869210526316	9.625373842105263	0.0	0.0	2	0.9894466465924002	-23.228516761518552	138.0	22	1.05	0.95				
	208	1	65.83755708	13.475523378947369	0.0	0.0	2	0.9986142373177499	-21.540240076070926	138.0	22	1.05	0.95				
	209	1	67.37761689473683	13.860538332631577	0.0	0.0	2	1.0232399407989377	-15.650740640888985	138.0	23	1.05	0.95				
	210	1	75.07791596842105	15.400598147368422	0.0	0.0	2	1.05	-17.21759443155259	138.0	23	1.05	0.95				
	211	1	0.0	0.0	0.0	0.0	2	1.0056672800281836	-12.861389911360735	230.0	23	1.05	0.95				
	212	1	0.0	0.0	0.0	0.0	2	1.0142588938995216	-12.346260279898715	230.0	23	1.05	0.95				
	213	2	102.02896272631578	20.79080749894737	0.0	0.0	2	1.0050742002909354	-11.786610640507888	230.0	24	1.05	0.95				
	214	2	74.69290101473683	15.01558319368421	0.0	0.0	2	1.003441088837585	-10.108827709347066	230.0	26	1.05	0.95				
	215	2	122.04974031789473	24.640957035789473	0.0	0.0	2	1.0249797563064684	-2.702040846611202	230.0	26	1.05	0.95				
	216	2	38.501495368421054	7.700299073684211	0.0	0.0	2	1.0263079941149698	-3.9563419786091765	230.0	26	1.05	0.95				
	217	1	0.0	0.0	0.0	0.0	2	1.0276828082848335	-1.610723829763084	230.0	27	1.05	0.95				
	218	2	128.2099795768421	26.18101685052632	0.0	0.0	2	1.0275916906245066	-1.9828381206614294	230.0	27	1.05	0.95				
	219	1	69.6877066168421	14.24555328631579	0.0	0.0	2	1.0346900754189874	-4.875995638826429	230.0	25	1.05	0.95				
	220	1	49.281914071578946	10.010388795789474	0.0	0.0	2	1.0443783352486247	-4.923739810771753	230.0	25	1.05	0.95				
	221	2	0.0	0.0	0.0	0.0	2	1.030038114439978	-1.4268391065854051	230.0	27	1.05	0.95				
	222	2	0.0	0.0	0.0	0.0	2	1.0499999870656036	4.992526513539677	230.0	27	1.05	0.95				
	223	2	0.0	0.0	0.0	0.0	2	1.05	-4.666482302982547	230.0	25	1.05	0.95				
	224	1	0.0	0.0	0.0	0.0	2	1.008803298384851	-6.554772340903339	230.0	26	1.05	0.95				
	301	2	47.66213224421053	9.708952864561404	0.0	0.0	3	1.0316294498370153	20.61236917322575	138.0	31	1.05	0.95				
	302	2	42.80765581192983	8.826320785964914	0.0	0.0	3	1.0286600330073146	20.26087944774903	138.0	32	1.05	0.95				
	303	1	79.43688707368422	16.32869345403509	0.0	0.0	3	1.0450831858226042	34.81608895150008	138.0	31	1.05	0.95				
	304	1	32.65738690807018	6.619740589473684	0.0	0.0	3	1.0146063909171992	21.008455274969723	138.0	31	1.05	0.95				
	305	1	31.33343879017544	6.17842455017544	0.0	0.0	3	1.0356407964757106	19.654298436322073	138.0	31	1.05	0.95				
	306	1	60.01898134456142	12.35684910035088	0.0	-100.0	3	1.0450744689347569	18.574184920402544	138.0	32	1.05	0.95				
	307	2	55.16450491228071	11.032900982456141	0.0	0.0	3	0.95	16.333923063266848	138.0	32	1.05	0.95				
	308	1	75.46504272000001	15.446061375438596	0.0	0.0	3	0.9773795329007787	18.140021223342323	138.0	32	1.05	0.95				
	309	1	77.23030687719299	15.887377414736841	0.0	0.0	3	1.0163062897336699	23.464399503652427	138.0	33	1.05	0.95				
	310	1	86.0566276631579	17.652641571929827	0.0	0.0	3	1.05	20.087158898779546	138.0	33	1.05	0.95				
	311	1	0.0	0.0	0.0	0.0	3	1.0042610170866115	22.183163427531397	230.0	33	1.05	0.95				
	312	1	0.0	0.0	0.0	0.0	3	1.0113817775159346	23.309617669114274	230.0	33	1.05	0.95				
	313	2	116.94875041403509	23.831066122105266	0.0	0.0	3	1.0072315765104796	24.878187099875788	230.0	34	1.05	0.95				
	314	2	85.61531162385965	17.21132553263158	0.0	0.0	3	0.9943204106210247	20.310965189466035	230.0	36	1.05	0.95				
	315	2	139.89718445754386	28.24422651508772	0.0	0.0	3	1.0392911726399743	18.62006042863177	230.0	36	1.05	0.95				
	316	2	44.131603929824564	8.826320785964914	0.0	0.0	3	1.0195488253145	18.47387877288504	230.0	36	1.05	0.95				
	317	1	0.0	0.0	0.0	0.0	3	1.0431069898463992	18.178016691741608	230.0	37	1.05	0.95				
	318	2	146.9582410863158	30.00949067228071	0.0	0.0	3	1.0493854518698713	15.862445480723796	230.0	37	1.05	0.95				
	319	1	79.87820311298246	16.32869345403509	0.0	0.0	3	1.0147334475375573	19.470353193980948	230.0	35	1.05	0.95				
	320	1	56.48845303017544	11.474217021754388	0.0	0.0	3	1.0113609004221422	20.174748564835056	230.0	35	1.05	0.95				
	321	2	0.0	0.0	0.0	0.0	3	1.05	17.36032883434859	230.0	37	1.05	0.95				
	322	2	0.0	0.0	0.0	0.0	3	1.05	22.019486226133193	230.0	37	1.05	0.95				
	323	2	0.0	0.0	0.0	0.0	3	1.0101892732424487	20.851370810832144	230.0	35	1.05	0.95				
	324	1	0.0	0.0	0.0	0.0	3	1.0370631183756338	26.05998895101767	230.0	36	1.05	0.95				
	325	1	0.0	0.0	0.0	0.0	3	1.0122156028133837	20.759315109563275	230.0	35	1.05	0.95				
];
