%% MATPOWER Case Format : Version 2
function mpc = RTS_GMLC
mpc.version = '2';

%%-----  Power Flow Data  -----%%
%% system MVA base
mpc.baseMVA = 100.0;
%% bus data
%    bus_i    type    Pd    Qd    Gs    Bs    area    Vm    Va    baseKV    zone    Vmax    Vmin
mpc.bus = [
	101	2	60.225630858947376	12.26818406385965	0.0	0.0	1	1.0355778968194793	-0.5377710475173452	138.0	11	1.05	0.95				
	102	2	54.09153882701754	11.152894603508773	0.0	0.0	1	1.0350927959510823	-0.7043319300820836	138.0	12	1.05	0.95				
	103	1	100.37605143157894	20.632855016491227	0.0	0.0	1	1.026558074861532	-1.2500789660656204	138.0	11	1.05	0.95				
	104	1	41.265710032982454	8.364670952631577	0.0	0.0	1	1.0201581193132025	-3.622478553402614	138.0	11	1.05	0.95				
	105	1	39.592775842456135	7.807026222456141	0.0	0.0	1	1.035332324332229	-3.5585732264259176	138.0	11	1.05	0.95				
	106	1	75.83968330385964	15.614052444912282	0.0	-100.0	1	1.0423543620982871	-5.804817196144982	138.0	12	1.05	0.95				
	107	2	69.70559127192982	13.941118254385964	0.0	0.0	1	1.0055081798769472	-9.606402003650254	138.0	12	1.05	0.95				
	108	1	95.35724886	19.517565556140347	0.0	0.0	1	1.0039541443663091	-9.122077018260281	138.0	12	1.05	0.95				
	109	1	97.58782778070176	20.07521028631579	0.0	0.0	1	1.0251999561815823	-3.759072512371164	138.0	13	1.05	0.95				
	110	1	108.74072238421053	22.305789207017547	0.0	0.0	1	1.05	-4.871548477721043	138.0	13	1.05	0.95				
	111	1	0.0	0.0	0.0	0.0	1	1.008945647138994	-1.1090993672093599	230.0	13	1.05	0.95				
	112	1	0.0	0.0	0.0	0.0	1	1.0115916242116068	-0.7596793494829247	230.0	13	1.05	0.95				
	113	3	147.77585349649124	30.112815429473688	0.0	0.0	1	1.0048088061871978	-9.436198781596885e-27	230.0	14	1.05	0.95				
	114	2	108.18307765403507	21.748144476842104	0.0	0.0	1	1.0107673078030308	1.2145966244340156	230.0	16	1.05	0.95				
	115	2	176.77337946561403	35.68926273122807	0.0	0.0	1	1.0426350042724182	8.392159260052427	230.0	16	1.05	0.95				
	116	2	55.76447301754386	11.152894603508773	0.0	0.0	1	1.039447229563626	7.8030323955623935	230.0	16	1.05	0.95				
	117	1	0.0	0.0	0.0	0.0	1	1.0436954619403964	10.698895627286097	230.0	17	1.05	0.95				
	118	2	185.69569514842107	37.91984165192982	0.0	0.0	1	1.0469717203841662	10.727555370583177	230.0	17	1.05	0.95				
	119	1	100.93369616175438	20.632855016491227	0.0	0.0	1	1.0315329822224846	6.158666919098862	230.0	15	1.05	0.95				
	120	1	71.37852546245614	14.498762984561402	0.0	0.0	1	1.0294164250112734	5.790931730966601	230.0	15	1.05	0.95				
	121	2	0.0	0.0	0.0	0.0	1	1.05	12.03507692206055	230.0	17	1.05	0.95				
	122	2	0.0	0.0	0.0	0.0	1	1.05	22.24660620476586	230.0	17	1.05	0.95				
	123	2	0.0	0.0	0.0	0.0	1	1.0293579811211655	6.012560707200388	230.0	15	1.05	0.95				
	124	1	0.0	0.0	0.0	0.0	1	1.0245274570910488	4.802011866240287	230.0	16	1.05	0.95				
	201	2	51.95151898105264	10.582716829473684	0.0	0.0	2	1.0318665157223317	-6.965826055793059	138.0	21	1.05	0.95				
	202	2	46.66016056631579	9.620651663157895	0.0	0.0	2	1.0322410476034605	-6.921790188276215	138.0	22	1.05	0.95				
	203	1	86.58586496842105	17.798205576842104	0.0	0.0	2	1.020204477992994	-7.242871282910778	138.0	21	1.05	0.95				
	204	1	35.59641115368421	7.215488747368422	0.0	0.0	2	1.01968469761576	-9.147986604624334	138.0	21	1.05	0.95				
	205	1	34.15331340421053	6.734456164210527	0.0	0.0	2	1.0348757018136847	-9.230815560472088	138.0	21	1.05	0.95				
	206	1	65.4204313094737	13.468912328421053	0.0	-100.0	2	1.044237073851526	-10.952551757459737	138.0	22	1.05	0.95				
	207	2	60.129072894736844	12.025814578947369	0.0	0.0	2	0.9900004285666988	-18.23685007932298	138.0	22	1.05	0.95				
	208	1	82.25657172000001	16.836140410526315	0.0	0.0	2	0.9950163321748957	-16.020644622341152	138.0	22	1.05	0.95				
	209	1	84.18070205263159	17.31717299368421	0.0	0.0	2	1.0235479503042675	-9.012919796341581	138.0	23	1.05	0.95				
	210	1	93.80135371578947	19.24130332631579	0.0	0.0	2	1.05	-10.003005341288567	138.0	23	1.05	0.95				
	211	1	0.0	0.0	0.0	0.0	2	1.0072633583668924	-6.066107495968438	230.0	23	1.05	0.95				
	212	1	0.0	0.0	0.0	0.0	2	1.0092600653929662	-5.324842095063591	230.0	23	1.05	0.95				
	213	2	127.47363453684211	25.97575949052632	0.0	0.0	2	1.0021675744771334	-4.955890332893895	230.0	24	1.05	0.95				
	214	2	93.32032113263158	18.760270743157896	0.0	0.0	2	1.0098498199723884	-3.501320111874671	230.0	26	1.05	0.95				
	215	2	152.48732886105262	30.786085322105265	0.0	0.0	2	1.030686647867038	2.949080830083634	230.0	26	1.05	0.95				
	216	2	48.103258315789475	9.620651663157895	0.0	0.0	2	1.0312590445864882	3.0211624411387668	230.0	26	1.05	0.95				
	217	1	0.0	0.0	0.0	0.0	2	1.036733046409582	5.488390030565361	230.0	27	1.05	0.95				
	218	2	160.18385019157898	32.71021565473685	0.0	0.0	2	1.0379260854576713	5.846075167521543	230.0	27	1.05	0.95				
	219	1	87.06689755157896	17.798205576842104	0.0	0.0	2	1.0296063336475274	2.512413145271109	230.0	25	1.05	0.95				
	220	1	61.57217064421053	12.506847162105265	0.0	0.0	2	1.031643255919627	3.0007588450772626	230.0	25	1.05	0.95				
	221	2	0.0	0.0	0.0	0.0	2	1.038031820019085	5.643296934323695	230.0	27	1.05	0.95				
	222	2	0.0	0.0	0.0	0.0	2	1.05	12.08268099391727	230.0	27	1.05	0.95				
	223	2	0.0	0.0	0.0	0.0	2	1.0336675414961833	3.6328612552323456	230.0	25	1.05	0.95				
	224	1	0.0	0.0	0.0	0.0	2	1.0141597113238376	-0.8678878404388106	230.0	26	1.05	0.95				
	301	2	48.19171149473684	9.816830119298245	0.0	0.0	3	1.012570617521509	-7.769946335482566	138.0	31	1.05	0.95				
	302	2	43.28329643508771	8.92439101754386	0.0	0.0	3	1.0118291093076153	-8.028071252180927	138.0	32	1.05	0.95				
	303	1	80.31951915789473	16.510123382456136	0.0	0.0	3	1.0446950172459768	3.1959401253230353	138.0	31	1.05	0.95				
	304	1	33.02024676491227	6.693293263157894	0.0	0.0	3	1.0124707009988803	-6.588224781717583	138.0	31	1.05	0.95				
	305	1	31.681588112280696	6.247073712280702	0.0	0.0	3	1.0258094201597803	-8.460571184496713	138.0	31	1.05	0.95				
	306	1	60.68585891929824	12.494147424561405	0.0	-100.0	3	1.0408425007232431	-9.373679132615447	138.0	32	1.05	0.95				
	307	2	55.777443859649125	11.155488771929823	0.0	0.0	3	0.9911273343731848	-13.669379615915943	138.0	32	1.05	0.95				
	308	1	76.3035432	15.617684280701752	0.0	0.0	3	0.99766818443386	-11.65103639490928	138.0	32	1.05	0.95				
	309	1	78.08842140350876	16.063903831578948	0.0	0.0	3	1.0270799986006134	-3.5856231727467907	138.0	33	1.05	0.95				
	310	1	87.01281242105262	17.84878203508772	0.0	0.0	3	1.05	-7.715385688399979	138.0	33	1.05	0.95				
	311	1	0.0	0.0	0.0	0.0	3	1.0083418457258315	-3.1722349124267004	230.0	33	1.05	0.95				
	312	1	0.0	0.0	0.0	0.0	3	1.0137223188091968	-2.453082092556327	230.0	33	1.05	0.95				
	313	2	118.24818098245613	24.09585574736842	0.0	0.0	3	1.0107733259789484	-0.2778113108368677	230.0	34	1.05	0.95				
	314	2	86.56659287017543	17.402562484210527	0.0	0.0	3	1.0020097087440176	-3.111273536588603	230.0	36	1.05	0.95				
	315	2	141.45159762807015	28.55805125614035	0.0	0.0	3	1.0323553538995687	-0.5154175889798283	230.0	36	1.05	0.95				
	316	2	44.62195508771929	8.92439101754386	0.0	0.0	3	1.0278251878203486	-0.3398380866843248	230.0	36	1.05	0.95				
	317	1	0.0	0.0	0.0	0.0	3	1.033555157349548	0.4964824609421974	230.0	37	1.05	0.95				
	318	2	148.59111044210525	30.34292945964912	0.0	0.0	3	1.0326635653390508	0.17352244199373118	230.0	37	1.05	0.95				
	319	1	80.76573870877193	16.510123382456136	0.0	0.0	3	1.022758171565259	-0.6057952960304167	230.0	35	1.05	0.95				
	320	1	57.1161025122807	11.601708322807017	0.0	0.0	3	1.0214554564169636	0.03904051797746782	230.0	35	1.05	0.95				
	321	2	0.0	0.0	0.0	0.0	3	1.0345299747198928	0.47751421519380044	230.0	37	1.05	0.95				
	322	2	0.0	0.0	0.0	0.0	3	1.047376022155455	4.813383665294522	230.0	37	1.05	0.95				
	323	2	0.0	0.0	0.0	0.0	3	1.0215599400461213	0.7415576694238636	230.0	35	1.05	0.95				
	324	1	0.0	0.0	0.0	0.0	3	1.0342078559320669	0.9032074029632745	230.0	36	1.05	0.95				
	325	1	0.0	0.0	0.0	0.0	3	1.021289885957058	1.713312371082977	230.0	35	1.05	0.95				
];
