%% MATPOWER Case Format : Version 2
function mpc = RTS_GMLC
mpc.version = '2';

%%-----  Power Flow Data  -----%%
%% system MVA base
mpc.baseMVA = 100.0;
%% bus data
%    bus_i    type    Pd    Qd    Gs    Bs    area    Vm    Va    baseKV    zone    Vmax    Vmin
mpc.bus = [
	101	2	76.89856505684212	15.664522511578948	0.0	0.0	1	1.048716157723157	-0.6396401870902909	138.0	11	1.05	0.95				
	102	2	69.06630380105263	14.240475010526318	0.0	0.0	1	1.047511825974173	-1.0417805609491924	138.0	12	1.05	0.95				
	103	1	128.16427509473684	26.344878769473684	0.0	0.0	1	1.030082173868093	-1.0381855109551845	138.0	11	1.05	0.95				
	104	1	52.68975753894737	10.680356257894736	0.0	0.0	1	1.0256882799979645	-4.281231851986989	138.0	11	1.05	0.95				
	105	1	50.55368628736843	9.968332507368423	0.0	0.0	1	1.0391512941712677	-4.762664622917781	138.0	11	1.05	0.95				
	106	1	96.83523007157896	19.936665014736846	0.0	-100.0	1	1.040189305677713	-7.8095160671587065	138.0	12	1.05	0.95				
	107	2	89.00296881578949	17.800593763157895	0.0	0.0	1	1.0011374737831067	-15.521524026936449	138.0	12	1.05	0.95				
	108	1	121.75606134000002	24.920831268421054	0.0	0.0	1	0.9943520866594522	-13.706043901451915	138.0	12	1.05	0.95				
	109	1	124.60415634210527	25.63285501894737	0.0	0.0	1	1.0258921753545132	-5.150167939777664	138.0	13	1.05	0.95				
	110	1	138.84463135263158	28.480950021052635	0.0	0.0	1	1.05	-6.778081770281495	138.0	13	1.05	0.95				
	111	1	0.0	0.0	0.0	0.0	1	1.0158496846035068	-1.9684257618244123	230.0	13	1.05	0.95				
	112	1	0.0	0.0	0.0	0.0	1	1.0169853408678533	-1.5786108515421136	230.0	13	1.05	0.95				
	113	3	188.6862938894737	38.44928252842106	0.0	0.0	1	1.0177842674189788	-4.96023830163181e-31	230.0	14	1.05	0.95				
	114	2	138.13260760210525	27.76892627052632	0.0	0.0	1	1.0216234444587609	0.3186887175208642	230.0	16	1.05	0.95				
	115	2	225.7115289168421	45.56952003368421	0.0	0.0	1	1.0447443097796119	8.864744100163474	230.0	16	1.05	0.95				
	116	2	71.20237505263158	14.240475010526318	0.0	0.0	1	1.0432955989229131	7.860021867112488	230.0	16	1.05	0.95				
	117	1	0.0	0.0	0.0	0.0	1	1.046308106556843	11.457198394270762	230.0	17	1.05	0.95				
	118	2	237.10390892526317	48.41761503578948	0.0	0.0	1	1.0486913456592717	12.281821265705037	230.0	17	1.05	0.95				
	119	1	128.87629884526316	26.344878769473684	0.0	0.0	1	1.0365996347006077	6.002724386847446	230.0	15	1.05	0.95				
	120	1	91.13904006736843	18.512617513684212	0.0	0.0	1	1.0362989112395633	5.211067978141591	230.0	15	1.05	0.95				
	121	2	0.0	0.0	0.0	0.0	1	1.05	14.177998217155906	230.0	17	1.05	0.95				
	122	2	0.0	0.0	0.0	0.0	1	1.05	19.866975762715313	230.0	17	1.05	0.95				
	123	2	0.0	0.0	0.0	0.0	1	1.0379148169989039	5.305999176157806	230.0	15	1.05	0.95				
	124	1	0.0	0.0	0.0	0.0	1	1.0268319979348748	5.171470638915465	230.0	16	1.05	0.95				
	201	2	73.71131748631579	15.015268376842105	0.0	0.0	2	1.0278847798569672	-13.073960953557942	138.0	21	1.05	0.95				
	202	2	66.20368329789474	13.65024397894737	0.0	0.0	2	1.0289504790120707	-12.868341733100472	138.0	22	1.05	0.95				
	203	1	122.85219581052633	25.252951361052634	0.0	0.0	2	1.0153916715252433	-11.46837528153412	138.0	21	1.05	0.95				
	204	1	50.50590272210527	10.237682984210526	0.0	0.0	2	1.01529711477738	-13.432469927447755	138.0	21	1.05	0.95				
	205	1	48.45836612526316	9.55517078526316	0.0	0.0	2	1.030290465876575	-13.855408282441617	138.0	21	1.05	0.95				
	206	1	92.82165905684212	19.11034157052632	0.0	-100.0	2	1.038080100697471	-14.89377295034903	138.0	22	1.05	0.95				
	207	2	85.31402486842106	17.062804973684212	0.0	0.0	2	0.9750316569880882	-24.63943731722222	138.0	22	1.05	0.95				
	208	1	116.70958602000002	23.887926963157895	0.0	0.0	2	0.9770878122238346	-21.298470349854476	138.0	22	1.05	0.95				
	209	1	119.43963481578947	24.570439162105266	0.0	0.0	2	1.0256467522698405	-11.109938702071952	138.0	23	1.05	0.95				
	210	1	133.08987879473685	27.30048795789474	0.0	0.0	2	1.05	-12.475546181310854	138.0	23	1.05	0.95				
	211	1	0.0	0.0	0.0	0.0	2	1.0223592248888416	-7.141737136604812	230.0	23	1.05	0.95				
	212	1	0.0	0.0	0.0	0.0	2	1.021885879372973	-1.944029727351094	230.0	23	1.05	0.95				
	213	2	180.86573272105264	36.855658743157896	0.0	0.0	2	1.0303753748582083	-4.076385200003237	230.0	24	1.05	0.95				
	214	2	132.40736659578948	26.61797575894737	0.0	0.0	2	1.0319898344149343	-5.254872670735181	230.0	26	1.05	0.95				
	215	2	216.35636706631578	43.68078073263158	0.0	0.0	2	1.0416421857650617	1.456988875677246	230.0	26	1.05	0.95				
	216	2	68.25121989473685	13.65024397894737	0.0	0.0	2	1.0425928625487741	1.6106203199437839	230.0	26	1.05	0.95				
	217	1	0.0	0.0	0.0	0.0	2	1.044643904190636	3.7164411018303776	230.0	27	1.05	0.95				
	218	2	227.27656224947373	46.41082952842106	0.0	0.0	2	1.0446701329444528	3.7037939558422237	230.0	27	1.05	0.95				
	219	1	123.5347080094737	25.252951361052634	0.0	0.0	2	1.0405633294559644	2.3599855355547588	230.0	25	1.05	0.95				
	220	1	87.36156146526316	17.74531717263158	0.0	0.0	2	1.0449932640204669	4.293425093638036	230.0	25	1.05	0.95				
	221	2	0.0	0.0	0.0	0.0	2	1.0452777667883764	3.7254138397035836	230.0	27	1.05	0.95				
	222	2	0.0	0.0	0.0	0.0	2	1.05	10.22974084102219	230.0	27	1.05	0.95				
	223	2	0.0	0.0	0.0	0.0	2	1.05	5.845974040590952	230.0	25	1.05	0.95				
	224	1	0.0	0.0	0.0	0.0	2	1.0155174751310905	-3.317192626906056	230.0	26	1.05	0.95				
	301	2	64.74533377263158	13.188864287017546	0.0	0.0	3	0.9880989944195465	10.98383985409008	138.0	31	1.05	0.95				
	302	2	58.15090162912281	11.989876624561404	0.0	0.0	3	0.9878421050045212	10.978761855877803	138.0	32	1.05	0.95				
	303	1	107.90888962105265	22.181271755438598	0.0	0.0	3	1.013108619269043	12.981327568624453	138.0	31	1.05	0.95				
	304	1	44.362543510877195	8.992407468421053	0.0	0.0	3	0.9980237028712495	13.097039450461915	138.0	31	1.05	0.95				
	305	1	42.56406201719298	8.392913637192983	0.0	0.0	3	1.009469538374602	13.15221864568436	138.0	31	1.05	0.95				
	306	1	81.53116104701755	16.785827274385966	0.0	-100.0	3	1.0298590437615789	13.679689136288522	138.0	32	1.05	0.95				
	307	2	74.93672890350878	14.987345780701755	0.0	0.0	3	0.9850719067704561	10.51130771684852	138.0	32	1.05	0.95				
	308	1	102.51344514	20.982284092982457	0.0	0.0	3	0.9990580550402635	13.16230874684636	138.0	32	1.05	0.95				
	309	1	104.91142046491228	21.581777924210527	0.0	0.0	3	1.0277679338214034	17.25566840662777	138.0	33	1.05	0.95				
	310	1	116.90129708947367	23.97975324912281	0.0	0.0	3	1.05	17.21616797908745	138.0	33	1.05	0.95				
	311	1	0.0	0.0	0.0	0.0	3	1.0191928931308638	23.29058782322922	230.0	33	1.05	0.95				
	312	1	0.0	0.0	0.0	0.0	3	1.025528826649171	24.778878545140422	230.0	33	1.05	0.95				
	313	2	158.8658652754386	32.37266688631579	0.0	0.0	3	1.05	32.721399439595054	230.0	34	1.05	0.95				
	314	2	116.30180325824561	23.380259417894738	0.0	0.0	3	1.0213740608230388	20.85319400379262	230.0	36	1.05	0.95				
	315	2	190.03954449929824	38.36760519859649	0.0	0.0	3	1.0384636929308537	13.954603897625116	230.0	36	1.05	0.95				
	316	2	59.94938312280702	11.989876624561404	0.0	0.0	3	1.0409783973394484	15.391094132392446	230.0	36	1.05	0.95				
	317	1	0.0	0.0	0.0	0.0	3	1.043718105330614	13.990352221229665	230.0	37	1.05	0.95				
	318	2	199.63144579894737	40.765580523508774	0.0	0.0	3	1.04236811787947	12.656112023096664	230.0	37	1.05	0.95				
	319	1	108.50838345228071	22.181271755438598	0.0	0.0	3	1.041564196510581	18.51687509100918	230.0	35	1.05	0.95				
	320	1	76.73521039719299	15.586839611929825	0.0	0.0	3	1.0455166901334458	20.94542165184888	230.0	35	1.05	0.95				
	321	2	0.0	0.0	0.0	0.0	3	1.04223204305996	13.658726254838134	230.0	37	1.05	0.95				
	322	2	0.0	0.0	0.0	0.0	3	1.05	18.114580652220166	230.0	37	1.05	0.95				
	323	2	0.0	0.0	0.0	0.0	3	1.0475933855556017	21.806220736461434	230.0	35	1.05	0.95				
	324	1	0.0	0.0	0.0	0.0	3	1.0268285537959851	15.518904914176861	230.0	36	1.05	0.95				
	325	1	0.0	0.0	0.0	0.0	3	1.0492829492317894	21.163572642141844	230.0	35	1.05	0.95				
];
