%% MATPOWER Case Format : Version 2
function mpc = RTS_GMLC
mpc.version = '2';

%%-----  Power Flow Data  -----%%
%% system MVA base
mpc.baseMVA = 100.0;
%% bus data
%    bus_i    type    Pd    Qd    Gs    Bs    area    Vm    Va    baseKV    zone    Vmax    Vmin
mpc.bus = [
	101	2	39.07718950736842	7.960168232982456	0.0	0.0	1	0.984905789252335	-5.5671124294313685	138.0	11	1.05	0.95				
	102	2	35.09710539087719	7.236516575438596	0.0	0.0	1	0.9849038825419701	-5.7592595799273845	138.0	12	1.05	0.95				
	103	1	65.12864917894737	13.387555664561404	0.0	0.0	1	1.0159872474351503	1.736247036846272	138.0	11	1.05	0.95				
	104	1	26.775111329122808	5.427387431578947	0.0	0.0	1	1.0008628785478029	-4.995763645318913	138.0	11	1.05	0.95				
	105	1	25.689633842807012	5.065561602807018	0.0	0.0	1	1.0128161882445674	-5.858329413635815	138.0	11	1.05	0.95				
	106	1	49.20831271298246	10.131123205614037	0.0	-100.0	1	1.0367082641022187	-6.480492706724253	138.0	12	1.05	0.95				
	107	2	45.22822859649123	9.045645719298246	0.0	0.0	1	0.9881537001697801	-11.218467710805081	138.0	12	1.05	0.95				
	108	1	61.87221672	12.663904007017543	0.0	0.0	1	0.9984841911143679	-9.232886974024208	138.0	12	1.05	0.95				
	109	1	63.31952003508772	13.025729835789473	0.0	0.0	1	1.0243391888764282	-2.872842999396394	138.0	13	1.05	0.95				
	110	1	70.5560366105263	14.473033150877193	0.0	0.0	1	1.05	-4.959935617395342	138.0	13	1.05	0.95				
	111	1	0.0	0.0	0.0	0.0	1	1.0198841069149984	0.4430854460548522	230.0	13	1.05	0.95				
	112	1	0.0	0.0	0.0	0.0	1	1.0151782415774038	-1.0570205144891576	230.0	13	1.05	0.95				
	113	3	95.8838446245614	19.53859475368421	0.0	0.0	1	1.0028863606797735	4.175290808437278e-29	230.0	14	1.05	0.95				
	114	2	70.19421078175438	14.111207322105262	0.0	0.0	1	1.0499999979390333	5.041393642451515	230.0	16	1.05	0.95				
	115	2	114.69878772070174	23.156853041403508	0.0	0.0	1	1.03559721769132	16.287752448962745	230.0	16	1.05	0.95				
	116	2	36.182582877192985	7.236516575438596	0.0	0.0	1	1.0369883230998254	14.001887770480641	230.0	16	1.05	0.95				
	117	1	0.0	0.0	0.0	0.0	1	1.0357110882530274	20.89970138750449	230.0	17	1.05	0.95				
	118	2	120.48800098105264	24.60415635649123	0.0	0.0	1	1.0455802609081533	21.868097272152827	230.0	17	1.05	0.95				
	119	1	65.4904750077193	13.387555664561404	0.0	0.0	1	1.0345874667863637	8.907615582861846	230.0	15	1.05	0.95				
	120	1	46.313706082807016	9.407471548070175	0.0	0.0	1	1.0406190405590539	5.194551184389426	230.0	15	1.05	0.95				
	121	2	0.0	0.0	0.0	0.0	1	1.040128896396643	23.704479831556654	230.0	17	1.05	0.95				
	122	2	0.0	0.0	0.0	0.0	1	1.05	41.69126722308414	230.0	17	1.05	0.95				
	123	2	0.0	0.0	0.0	0.0	1	1.0453998263376418	3.4409592404673655	230.0	15	1.05	0.95				
	124	1	0.0	0.0	0.0	0.0	1	1.0096598392676117	10.878271604248956	230.0	16	1.05	0.95				
	201	2	41.80261293473685	8.515347079298246	0.0	0.0	2	1.0063982964374418	-16.950658481292603	138.0	21	1.05	0.95				
	202	2	37.544939395087724	7.741224617543861	0.0	0.0	2	1.0055479200092372	-17.25098532893514	138.0	22	1.05	0.95				
	203	1	69.67102155789475	14.32126554245614	0.0	0.0	2	1.0129130434995903	-12.669328815605528	138.0	21	1.05	0.95				
	204	1	28.64253108491228	5.805918463157895	0.0	0.0	2	1.0091118882490473	-16.982716033099692	138.0	21	1.05	0.95				
	205	1	27.481347392280703	5.418857232280703	0.0	0.0	2	1.0234782150359636	-17.44482839682077	138.0	21	1.05	0.95				
	206	1	52.64032739929826	10.837714464561406	0.0	-100.0	2	1.0410303411932607	-18.217645228457187	138.0	22	1.05	0.95				
	207	2	48.382653859649125	9.676530771929826	0.0	0.0	2	0.9894817586211155	-22.75743341631845	138.0	22	1.05	0.95				
	208	1	66.18747048000002	13.547143080701755	0.0	0.0	2	0.9984914641099	-21.05686652032658	138.0	22	1.05	0.95				
	209	1	67.73571540350878	13.934204311578949	0.0	0.0	2	1.022954072178823	-15.152759588000487	138.0	23	1.05	0.95				
	210	1	75.47694002105264	15.482449235087723	0.0	0.0	2	1.05	-16.684670081937092	138.0	23	1.05	0.95				
	211	1	0.0	0.0	0.0	0.0	2	1.0068580547532493	-12.326398636264607	230.0	23	1.05	0.95				
	212	1	0.0	0.0	0.0	0.0	2	1.013743570617805	-11.686611591626395	230.0	23	1.05	0.95				
	213	2	102.57122618245616	20.901306467368425	0.0	0.0	2	1.0058659051812224	-11.084193275306285	230.0	24	1.05	0.95				
	214	2	75.08987879017545	15.095388004210527	0.0	0.0	2	1.0063101692650922	-9.717045741180877	230.0	26	1.05	0.95				
	215	2	122.6984101880702	24.771918776140353	0.0	0.0	2	1.028045961499523	-2.9909568432103724	230.0	26	1.05	0.95				
	216	2	38.706123087719305	7.741224617543861	0.0	0.0	2	1.0309605196593017	-3.773609538316908	230.0	26	1.05	0.95				
	217	1	0.0	0.0	0.0	0.0	2	1.0362699162032412	-1.3987942134832339	230.0	27	1.05	0.95				
	218	2	128.89138988210527	26.32016369964913	0.0	0.0	2	1.0346946974816371	-1.8969440856896398	230.0	27	1.05	0.95				
	219	1	70.05808278877194	14.32126554245614	0.0	0.0	2	1.037388163672514	-4.170574025270718	230.0	25	1.05	0.95				
	220	1	49.543837552280706	10.063592002807018	0.0	0.0	2	1.0452724207807749	-3.7724281687606807	230.0	25	1.05	0.95				
	221	2	0.0	0.0	0.0	0.0	2	1.0350628607142147	-1.4618297672152956	230.0	27	1.05	0.95				
	222	2	0.0	0.0	0.0	0.0	2	1.05	5.0611829294173285	230.0	27	1.05	0.95				
	223	2	0.0	0.0	0.0	0.0	2	1.05	-3.270767896485291	230.0	25	1.05	0.95				
	224	1	0.0	0.0	0.0	0.0	2	1.0104189393989464	-6.597333921954842	230.0	26	1.05	0.95				
	301	2	44.792154378947366	9.124327743859649	0.0	0.0	3	1.0219334681149104	17.350137858866365	138.0	31	1.05	0.95				
	302	2	40.22999050701754	8.294843403508773	0.0	0.0	3	1.0198618406453381	16.99650242972976	138.0	32	1.05	0.95				
	303	1	74.65359063157895	15.345460296491225	0.0	0.0	3	1.05	31.886198118933567	138.0	31	1.05	0.95				
	304	1	30.69092059298245	6.221132552631578	0.0	0.0	3	1.0113080430045578	18.05266780155614	138.0	31	1.05	0.95				
	305	1	29.446694082456137	5.806390382456141	0.0	0.0	3	1.028711426749583	15.921646735414443	138.0	31	1.05	0.95				
	306	1	56.404935143859646	11.612780764912282	0.0	-100.0	3	1.0399816197102894	14.606892403439232	138.0	32	1.05	0.95				
	307	2	51.84277127192982	10.368554254385964	0.0	0.0	3	0.95	10.985764709896037	138.0	32	1.05	0.95				
	308	1	70.9209111	14.515975956140348	0.0	0.0	3	0.9718033654666672	12.753679396737374	138.0	32	1.05	0.95				
	309	1	72.57987978070175	14.930718126315787	0.0	0.0	3	1.0168207552618862	20.653401449021878	138.0	33	1.05	0.95				
	310	1	80.87472318421052	16.589686807017546	0.0	0.0	3	1.045424343042014	15.814155432013353	138.0	33	1.05	0.95				
	311	1	0.0	0.0	0.0	0.0	3	1.004481656765701	19.497748453669402	230.0	33	1.05	0.95				
	312	1	0.0	0.0	0.0	0.0	3	1.0102592492229692	19.80325567325835	230.0	33	1.05	0.95				
	313	2	109.90667509649121	22.396077189473683	0.0	0.0	3	1.0067090703064205	21.214660118249633	230.0	34	1.05	0.95				
	314	2	80.45998101403508	16.174944636842106	0.0	0.0	3	0.9983725949744009	19.35736557538456	230.0	36	1.05	0.95				
	315	2	131.47326794561403	26.54349889122807	0.0	0.0	3	1.0465682322910879	21.905614647161865	230.0	36	1.05	0.95				
	316	2	41.47421701754386	8.294843403508773	0.0	0.0	3	1.0288903567161336	21.63698123508528	230.0	36	1.05	0.95				
	317	1	0.0	0.0	0.0	0.0	3	1.05	25.14340491712427	230.0	37	1.05	0.95				
	318	2	138.10914266842104	28.202467571929823	0.0	0.0	3	1.05	21.590090621801817	230.0	37	1.05	0.95				
	319	1	75.0683328017544	15.345460296491225	0.0	0.0	3	1.0216478639114865	20.590952889893906	230.0	35	1.05	0.95				
	320	1	53.08699778245614	10.783296424561403	0.0	0.0	3	1.0182366904013302	20.491921235136722	230.0	35	1.05	0.95				
	321	2	0.0	0.0	0.0	0.0	3	1.05	22.363170940328008	230.0	37	1.05	0.95				
	322	2	0.0	0.0	0.0	0.0	3	1.05	27.802458085420064	230.0	37	1.05	0.95				
	323	2	0.0	0.0	0.0	0.0	3	1.0168614094281927	20.7635969696718	230.0	35	1.05	0.95				
	324	1	0.0	0.0	0.0	0.0	3	1.0447427936122013	25.722057131844103	230.0	36	1.05	0.95				
	325	1	0.0	0.0	0.0	0.0	3	1.0190542998607186	21.026531614069714	230.0	35	1.05	0.95				
];
