%% MATPOWER Case Format : Version 2
function mpc = RTS_GMLC
mpc.version = '2';

%%-----  Power Flow Data  -----%%
%% system MVA base
mpc.baseMVA = 100.0;
%% bus data
%    bus_i    type    Pd    Qd    Gs    Bs    area    Vm    Va    baseKV    zone    Vmax    Vmin
mpc.bus = [
	101	2	51.71548736842105	10.534636315789474	0.0	0.0	1	1.032680974426883	2.1521066744114203	138.0	11	1.05	0.95				
	102	2	46.448169210526316	9.576942105263159	0.0	0.0	1	1.0322516059858777	2.018543979994509	138.0	12	1.05	0.95				
	103	1	86.19247894736843	17.71734289473684	0.0	0.0	1	1.0273314004602319	-0.07288204507644573	138.0	11	1.05	0.95				
	104	1	35.43468578947368	7.182706578947368	0.0	0.0	1	1.020428890147429	-1.1725165582856245	138.0	11	1.05	0.95				
	105	1	33.998144473684206	6.7038594736842105	0.0	0.0	1	1.0348128692878396	-0.9533215243875509	138.0	11	1.05	0.95				
	106	1	65.12320631578947	13.407718947368421	0.0	-100.0	1	1.043806360898069	-3.1728098894976022	138.0	12	1.05	0.95				
	107	2	59.85588815789473	11.971177631578946	0.0	0.0	1	1.0204292610656334	-3.4682997113938825	138.0	12	1.05	0.95				
	108	1	81.88285499999999	16.759648684210525	0.0	0.0	1	1.01611144591006	-4.45203144512238	138.0	12	1.05	0.95				
	109	1	83.79824342105263	17.23849578947368	0.0	0.0	1	1.025544929602076	-1.8421726660316484	138.0	13	1.05	0.95				
	110	1	93.37518552631579	19.153884210526318	0.0	0.0	1	1.05	-2.589576293414245	138.0	13	1.05	0.95				
	111	1	0.0	0.0	0.0	0.0	1	1.0044345703001105	-0.3286977423566344	230.0	13	1.05	0.95				
	112	1	0.0	0.0	0.0	0.0	1	1.009819959369407	0.29579531768456463	230.0	13	1.05	0.95				
	113	3	126.89448289473684	25.857743684210526	0.0	0.0	1	0.9972577520006868	-9.079403651325828e-29	230.0	14	1.05	0.95				
	114	2	92.89633842105263	18.675037105263158	0.0	0.0	1	1.000343795050085	1.3952782595021909	230.0	16	1.05	0.95				
	115	2	151.79453236842105	30.646214736842104	0.0	0.0	1	1.0396526627398042	6.819779405186878	230.0	16	1.05	0.95				
	116	2	47.884710526315786	9.576942105263159	0.0	0.0	1	1.035408569893366	6.611170422331932	230.0	16	1.05	0.95				
	117	1	0.0	0.0	0.0	0.0	1	1.0426263843278416	8.250346484176955	230.0	17	1.05	0.95				
	118	2	159.45608605263158	32.56160315789474	0.0	0.0	1	1.0455888235745383	7.9070886198573405	230.0	17	1.05	0.95				
	119	1	86.67132605263158	17.71734289473684	0.0	0.0	1	1.029351566380293	5.927638056253464	230.0	15	1.05	0.95				
	120	1	61.29242947368421	12.450024736842105	0.0	0.0	1	1.0275611038091936	6.258018551789665	230.0	15	1.05	0.95				
	121	2	0.0	0.0	0.0	0.0	1	1.05	8.683303146890223	230.0	17	1.05	0.95				
	122	2	0.0	0.0	0.0	0.0	1	1.05	17.47128479725186	230.0	17	1.05	0.95				
	123	2	0.0	0.0	0.0	0.0	1	1.027437608046454	6.807787216011027	230.0	15	1.05	0.95				
	124	1	0.0	0.0	0.0	0.0	1	1.025938131063737	4.250410591987104	230.0	16	1.05	0.95				
	201	2	51.866519759999996	10.565402173333332	0.0	0.0	2	1.030362126741667	-6.62576633056462	138.0	21	1.05	0.95				
	202	2	46.583818673333326	9.604911066666666	0.0	0.0	2	1.0307260449782085	-6.621933993425823	138.0	22	1.05	0.95				
	203	1	86.44419959999999	17.76908547333333	0.0	0.0	2	1.0230304115406286	-5.655527803519175	138.0	21	1.05	0.95				
	204	1	35.53817094666666	7.2036833	0.0	0.0	2	1.0189246904786482	-8.981103932040417	138.0	21	1.05	0.95				
	205	1	34.09743428666666	6.723437746666666	0.0	0.0	2	1.0339693801167897	-9.177079416779888	138.0	21	1.05	0.95				
	206	1	65.31339525333333	13.446875493333332	0.0	-100.0	2	1.0437297341762592	-11.061574365424208	138.0	22	1.05	0.95				
	207	2	60.03069416666666	12.006138833333333	0.0	0.0	2	0.9878664824498167	-18.297263196905224	138.0	22	1.05	0.95				
	208	1	82.12198962	16.808594366666664	0.0	0.0	2	0.9937868324488831	-16.09092677418199	138.0	22	1.05	0.95				
	209	1	84.04297183333333	17.288839919999997	0.0	0.0	2	1.0234687559173794	-8.95464286146121	138.0	23	1.05	0.95				
	210	1	93.64788289999998	19.209822133333333	0.0	0.0	2	1.05	-10.238032481838005	138.0	23	1.05	0.95				
	211	1	0.0	0.0	0.0	0.0	2	1.0080074874508957	-6.388439257755855	230.0	23	1.05	0.95				
	212	1	0.0	0.0	0.0	0.0	2	1.0118688363168038	-5.995637164509971	230.0	23	1.05	0.95				
	213	2	127.26507163333332	25.933259879999998	0.0	0.0	2	1.0027480873591406	-5.723662452363983	230.0	24	1.05	0.95				
	214	2	93.16763734666665	18.72957658	0.0	0.0	2	1.0108928296541635	-3.6755002131987147	230.0	26	1.05	0.95				
	215	2	152.23784040666666	30.73571541333333	0.0	0.0	2	1.0309991844628934	3.2648300277348916	230.0	26	1.05	0.95				
	216	2	48.02455533333333	9.604911066666666	0.0	0.0	2	1.0333235678135848	3.032007467522393	230.0	26	1.05	0.95				
	217	1	0.0	0.0	0.0	0.0	2	1.0378888482466586	6.033578686078047	230.0	27	1.05	0.95				
	218	2	159.92176926	32.65669762666666	0.0	0.0	2	1.0397656657507917	6.627301032396135	230.0	27	1.05	0.95				
	219	1	86.92444515333332	17.76908547333333	0.0	0.0	2	1.0331821746029373	1.7245114437363598	230.0	25	1.05	0.95				
	220	1	61.47143082666666	12.486384386666666	0.0	0.0	2	1.036731336400392	1.5137319879576836	230.0	25	1.05	0.95				
	221	2	0.0	0.0	0.0	0.0	2	1.0392718282164664	6.25951888701122	230.0	27	1.05	0.95				
	222	2	0.0	0.0	0.0	0.0	2	1.05	12.67224105159689	230.0	27	1.05	0.95				
	223	2	0.0	0.0	0.0	0.0	2	1.0394191135189805	1.7577591692620136	230.0	25	1.05	0.95				
	224	1	0.0	0.0	0.0	0.0	2	1.016885127064928	-0.08254507638996159	230.0	26	1.05	0.95				
	301	2	67.83739321263158	13.818728247017544	0.0	0.0	3	1.0106350288531347	-30.582583415215336	138.0	31	1.05	0.95				
	302	2	60.9280290891228	12.562480224561403	0.0	0.0	3	1.0096049041465627	-30.805197788555873	138.0	32	1.05	0.95				
	303	1	113.06232202105264	23.240588415438594	0.0	0.0	3	1.0371038884531047	-19.716727574004395	138.0	31	1.05	0.95				
	304	1	46.48117683087719	9.421860168421052	0.0	0.0	3	1.0086089567939223	-28.488533980617905	138.0	31	1.05	0.95				
	305	1	44.59680479719298	8.793736157192983	0.0	0.0	3	1.0219535712381098	-30.352182093556095	138.0	31	1.05	0.95				
	306	1	85.42486552701754	17.587472314385966	0.0	-100.0	3	1.0349453928053807	-30.90804033977757	138.0	32	1.05	0.95				
	307	2	78.51550140350876	15.703100280701754	0.0	0.0	3	0.9953689184711298	-35.5262465284854	138.0	32	1.05	0.95				
	308	1	107.40920591999998	21.984340392982453	0.0	0.0	3	0.9944073465770253	-33.47998408780272	138.0	32	1.05	0.95				
	309	1	109.92170196491227	22.612464404210524	0.0	0.0	3	1.030452447696629	-24.054382220678065	138.0	33	1.05	0.95				
	310	1	122.48418218947367	25.124960449122806	0.0	0.0	3	1.05	-28.105748005851787	138.0	33	1.05	0.95				
	311	1	0.0	0.0	0.0	0.0	3	1.0202087075954465	-20.86606537195237	230.0	33	1.05	0.95				
	312	1	0.0	0.0	0.0	0.0	3	1.0202992274501843	-20.21447337089565	230.0	33	1.05	0.95				
	313	2	166.45286297543856	33.91869660631579	0.0	0.0	3	1.0264015160638946	-17.532689583859852	230.0	34	1.05	0.95				
	314	2	121.8560581782456	24.496836437894736	0.0	0.0	3	1.0299129792570427	-18.597846544019475	230.0	36	1.05	0.95				
	315	2	199.11531155929822	40.19993671859649	0.0	0.0	3	1.0483133414667414	-11.779429397706213	230.0	36	1.05	0.95				
	316	2	62.81240112280702	12.562480224561403	0.0	0.0	3	1.04840931117609	-11.614083759645958	230.0	36	1.05	0.95				
	317	1	0.0	0.0	0.0	0.0	3	1.048900315855572	-9.039939876729807	230.0	37	1.05	0.95				
	318	2	209.16529573894738	42.71243276350877	0.0	0.0	3	1.0485162374516077	-8.593386041010062	230.0	37	1.05	0.95				
	319	1	113.69044603228072	23.240588415438594	0.0	0.0	3	1.0450101025789256	-12.873400412710499	230.0	35	1.05	0.95				
	320	1	80.39987343719298	16.331224291929825	0.0	0.0	3	1.0473054269337714	-12.794240374735418	230.0	35	1.05	0.95				
	321	2	0.0	0.0	0.0	0.0	3	1.05	-8.00848333399297	230.0	37	1.05	0.95				
	322	2	0.0	0.0	0.0	0.0	3	1.05	-2.6374566633539227	230.0	37	1.05	0.95				
	323	2	0.0	0.0	0.0	0.0	3	1.05	-12.292523297881793	230.0	35	1.05	0.95				
	324	1	0.0	0.0	0.0	0.0	3	1.0338750085722024	-14.745966854915903	230.0	36	1.05	0.95				
	325	1	0.0	0.0	0.0	0.0	3	1.041928898159902	-10.594931532004804	230.0	35	1.05	0.95				
];
