%% MATPOWER Case Format : Version 2
function mpc = RTS_GMLC
mpc.version = '2';

%%-----  Power Flow Data  -----%%
%% system MVA base
mpc.baseMVA = 100.0;
%% bus data
%    bus_i    type    Pd    Qd    Gs    Bs    area    Vm    Va    baseKV    zone    Vmax    Vmin
mpc.bus = [
	101	2	35.47006432294737	7.2253834731929825	0.0	0.0	1	1.0306193876619762	0.6373164821522053	138.0	11	1.05	0.95				
	102	2	31.85737258635088	6.568530430175438	0.0	0.0	1	1.0285328304211938	0.060722100253127104	138.0	12	1.05	0.95				
	103	1	59.11677387157896	12.151781295824561	0.0	0.0	1	1.0233422790442217	1.406122492149531	138.0	11	1.05	0.95				
	104	1	24.303562591649122	4.926397822631579	0.0	0.0	1	1.0201763402524278	-1.769540558511523	138.0	11	1.05	0.95				
	105	1	23.318283027122806	4.597971301122808	0.0	0.0	1	1.036229242689265	-1.662848346980041	138.0	11	1.05	0.95				
	106	1	44.66600692519299	9.195942602245616	0.0	-100.0	1	1.0477345160003286	-3.434700557469641	138.0	12	1.05	0.95				
	107	2	41.05331518859649	8.210663037719298	0.0	0.0	1	1.0035831013593894	-9.173307221582883	138.0	12	1.05	0.95				
	108	1	56.160935178	11.494928252807018	0.0	0.0	1	1.0082624918684873	-7.329007697188	138.0	12	1.05	0.95				
	109	1	57.474641264035085	11.823354774315789	0.0	0.0	1	1.021937510139604	-1.9138968030154784	138.0	13	1.05	0.95				
	110	1	64.04317169421053	13.137060860350877	0.0	0.0	1	1.05	-2.9465743226200733	138.0	13	1.05	0.95				
	111	1	0.0	0.0	0.0	0.0	1	0.9980237726750398	0.0690092366668754	230.0	13	1.05	0.95				
	112	1	0.0	0.0	0.0	0.0	1	1.0031997739937464	-0.7212608029678342	230.0	13	1.05	0.95				
	113	3	87.03302819982456	17.735032161473686	0.0	0.0	1	0.9904161386841747	-1.3857443936496338e-29	230.0	14	1.05	0.95				
	114	2	63.71474517270176	12.808634338842106	0.0	0.0	1	0.9917636999020577	2.807730166651248	230.0	16	1.05	0.95				
	115	2	104.11120731828069	21.019297376561404	0.0	0.0	1	1.0171237553538302	10.058152370780052	230.0	16	1.05	0.95				
	116	2	32.84265215087719	6.568530430175438	0.0	0.0	1	1.014011093846027	8.60402511500076	230.0	16	1.05	0.95				
	117	1	0.0	0.0	0.0	0.0	1	1.0210772188246364	13.11700141137594	230.0	17	1.05	0.95				
	118	2	109.36603166242105	22.333003462596494	0.0	0.0	1	1.0252206755316384	13.733925791044065	230.0	17	1.05	0.95				
	119	1	59.445200393087724	12.151781295824561	0.0	0.0	1	1.0052238564175084	5.300370626387552	230.0	15	1.05	0.95				
	120	1	42.03859475312281	8.53908955922807	0.0	0.0	1	1.0018188791887919	3.0684385791181295	230.0	15	1.05	0.95				
	121	2	0.0	0.0	0.0	0.0	1	1.0265574027377393	15.108395378501037	230.0	17	1.05	0.95				
	122	2	0.0	0.0	0.0	0.0	1	1.05	26.40665059873282	230.0	17	1.05	0.95				
	123	2	0.0	0.0	0.0	0.0	1	1.000410213200699	2.1025822451333487	230.0	15	1.05	0.95				
	124	1	0.0	0.0	0.0	0.0	1	1.008771970769735	6.762875500903409	230.0	16	1.05	0.95				
	201	2	32.588698251789474	6.63843853277193	0.0	0.0	2	1.0136290325756914	-13.984800620291047	138.0	21	1.05	0.95				
	202	2	29.26947898540351	6.034944120701755	0.0	0.0	2	1.0127477105088647	-14.271999526238902	138.0	22	1.05	0.95				
	203	1	54.31449708631578	11.164646623298244	0.0	0.0	2	1.0151416994643967	-10.363048221365297	138.0	21	1.05	0.95				
	204	1	22.32929324659649	4.526208090526315	0.0	0.0	2	1.0134366690733354	-14.30346346208479	138.0	21	1.05	0.95				
	205	1	21.424051628491224	4.224460884491228	0.0	0.0	2	1.028379700619596	-14.681452807826224	138.0	21	1.05	0.95				
	206	1	41.03762002077193	8.448921768982457	0.0	-100.0	2	1.0451742323886062	-15.494762121342074	138.0	22	1.05	0.95				
	207	2	37.71840075438596	7.543680150877193	0.0	0.0	2	0.9970461202293294	-18.965983497136	138.0	22	1.05	0.95				
	208	1	51.598772232	10.561152211228068	0.0	0.0	2	1.0058349341675794	-17.68851171170418	138.0	22	1.05	0.95				
	209	1	52.80576105614034	10.862899417263156	0.0	0.0	2	1.0215666598449011	-13.063768977832414	138.0	23	1.05	0.95				
	210	1	58.8407051768421	12.06988824140351	0.0	0.0	2	1.05	-14.400961592128512	138.0	23	1.05	0.95				
	211	1	0.0	0.0	0.0	0.0	2	0.9994794854738429	-10.89988929528068	230.0	23	1.05	0.95				
	212	1	0.0	0.0	0.0	0.0	2	1.0065139625034962	-10.994955869726216	230.0	23	1.05	0.95				
	213	2	79.96300959929825	16.294349125894737	0.0	0.0	2	0.9940523673462119	-10.526450063724965	230.0	24	1.05	0.95				
	214	2	58.53895797080702	11.768141035368421	0.0	0.0	2	0.9938275152768181	-8.22197161714145	230.0	26	1.05	0.95				
	215	2	95.6538643131228	19.311821186245616	0.0	0.0	2	1.010782146126938	-1.78261446304729	230.0	26	1.05	0.95				
	216	2	30.17472060350877	6.034944120701755	0.0	0.0	2	1.0111368871187978	-2.641303114749604	230.0	26	1.05	0.95				
	217	1	0.0	0.0	0.0	0.0	2	1.0147148558801629	-0.5367151371733972	230.0	27	1.05	0.95				
	218	2	100.48181960968421	20.518810010385966	0.0	0.0	2	1.0147419999303855	-0.7967981435360604	230.0	27	1.05	0.95				
	219	1	54.61624429235088	11.164646623298244	0.0	0.0	2	1.0138449477035676	-4.332206260333348	230.0	25	1.05	0.95				
	220	1	38.62364237249123	7.845427356912281	0.0	0.0	2	1.018201386588954	-5.184218864583792	230.0	25	1.05	0.95				
	221	2	0.0	0.0	0.0	0.0	2	1.016998677805597	-0.3153485537144198	230.0	27	1.05	0.95				
	222	2	0.0	0.0	0.0	0.0	2	1.0387568298121377	6.2316518475052085	230.0	27	1.05	0.95				
	223	2	0.0	0.0	0.0	0.0	2	1.0205496255396187	-5.413091702932194	230.0	25	1.05	0.95				
	224	1	0.0	0.0	0.0	0.0	2	1.0018771757558231	-5.044329505611553	230.0	26	1.05	0.95				
	301	2	44.416323966315794	9.047769696842105	0.0	0.0	3	1.0384275201538253	3.9455895310125397	138.0	31	1.05	0.95				
	302	2	39.89243911789473	8.225245178947368	0.0	0.0	3	1.0351133168803572	3.6150705974888964	138.0	32	1.05	0.95				
	303	1	74.0272066105263	15.216703581052633	0.0	0.0	3	1.05	18.717739340198346	138.0	31	1.05	0.95				
	304	1	30.433407162105265	6.168933884210526	0.0	0.0	3	1.0191479627888953	4.794689091852924	138.0	31	1.05	0.95				
	305	1	29.199620385263152	5.757671625263158	0.0	0.0	3	1.0392260657618484	2.5529462580904223	138.0	31	1.05	0.95				
	306	1	55.93166721684211	11.515343250526316	0.0	-100.0	3	1.0469964300319423	1.2620804714897673	138.0	32	1.05	0.95				
	307	2	51.40778236842105	10.28155647368421	0.0	0.0	3	0.95	-2.1549518303742796	138.0	32	1.05	0.95				
	308	1	70.32584628	14.394179063157894	0.0	0.0	3	0.9731749248271017	-0.4286264568871478	138.0	32	1.05	0.95				
	309	1	71.97089531578948	14.805441322105262	0.0	0.0	3	1.0184413373538543	7.480402941559535	138.0	33	1.05	0.95				
	310	1	80.19614049473684	16.450490357894736	0.0	0.0	3	1.0494998281337062	2.436436900300186	138.0	33	1.05	0.95				
	311	1	0.0	0.0	0.0	0.0	3	1.0041714459786912	5.697417525036263	230.0	33	1.05	0.95				
	312	1	0.0	0.0	0.0	0.0	3	1.0096502614868996	6.56259469761343	230.0	33	1.05	0.95				
	313	2	108.98449862105262	22.208161983157897	0.0	0.0	3	1.005746623222266	8.229327570230756	230.0	34	1.05	0.95				
	314	2	79.78487823578946	16.039228098947365	0.0	0.0	3	0.9953842114536688	4.330992617077278	230.0	36	1.05	0.95				
	315	2	130.37013608631577	26.320784572631577	0.0	0.0	3	1.0426651903276174	5.321160174008245	230.0	36	1.05	0.95				
	316	2	41.12622589473684	8.225245178947368	0.0	0.0	3	1.022840698747211	4.91863950234558	230.0	36	1.05	0.95				
	317	1	0.0	0.0	0.0	0.0	3	1.0435062850975525	6.0478855711402675	230.0	37	1.05	0.95				
	318	2	136.95033222947367	27.965833608421054	0.0	0.0	3	1.0484294926676434	4.535967015615133	230.0	37	1.05	0.95				
	319	1	74.43846886947368	15.216703581052633	0.0	0.0	3	1.0150153157482256	5.188180039385982	230.0	35	1.05	0.95				
	320	1	52.641569145263155	10.69281873263158	0.0	0.0	3	1.01102546813204	6.248576943918634	230.0	35	1.05	0.95				
	321	2	0.0	0.0	0.0	0.0	3	1.05	5.355077276891258	230.0	37	1.05	0.95				
	322	2	0.0	0.0	0.0	0.0	3	1.05	9.96592472598935	230.0	37	1.05	0.95				
	323	2	0.0	0.0	0.0	0.0	3	1.0096779768607829	7.164147176786949	230.0	35	1.05	0.95				
	324	1	0.0	0.0	0.0	0.0	3	1.040953366086158	10.446756737173848	230.0	36	1.05	0.95				
	325	1	0.0	0.0	0.0	0.0	3	1.0098366662288143	7.842854987494013	230.0	35	1.05	0.95				
];
