%% MATPOWER Case Format : Version 2
function mpc = RTS_GMLC
mpc.version = '2';

%%-----  Power Flow Data  -----%%
%% system MVA base
mpc.baseMVA = 100.0;
%% bus data
%    bus_i    type    Pd    Qd    Gs    Bs    area    Vm    Va    baseKV    zone    Vmax    Vmin
mpc.bus = [
	101	2	41.38842156631579	8.430974763508772	0.0	0.0	1	1.0452479180152168	5.384710611329353	138.0	11	1.05	0.95				
	102	2	37.1729341845614	7.664522512280703	0.0	0.0	1	1.0441994677689894	5.0963189152929305	138.0	12	1.05	0.95				
	103	1	68.98070261052631	14.179366647719297	0.0	0.0	1	1.0328070696416851	2.130058041441664	138.0	11	1.05	0.95				
	104	1	28.358733295438594	5.748391884210526	0.0	0.0	1	1.0280254535001956	1.4217968557054017	138.0	11	1.05	0.95				
	105	1	27.209054918596486	5.365165758596492	0.0	0.0	1	1.0417254029944394	1.5064932386703793	138.0	11	1.05	0.95				
	106	1	52.11875308350877	10.730331517192983	0.0	-100.0	1	1.0487402208151346	-1.113228877927614	138.0	12	1.05	0.95				
	107	2	47.903265701754385	9.580653140350877	0.0	0.0	1	0.999436490742194	-6.358432488800701	138.0	12	1.05	0.95				
	108	1	65.53166748	13.412914396491226	0.0	0.0	1	1.0054222521824852	-5.268427741039053	138.0	12	1.05	0.95				
	109	1	67.06457198245613	13.796140522105263	0.0	0.0	1	1.0244696387751755	-0.6581064674428642	138.0	13	1.05	0.95				
	110	1	74.72909449473684	15.329045024561406	0.0	0.0	1	1.05	-1.270462598304253	138.0	13	1.05	0.95				
	111	1	0.0	0.0	0.0	0.0	1	1.0014050882782408	0.37304828072210083	230.0	13	1.05	0.95				
	112	1	0.0	0.0	0.0	0.0	1	1.0059294823820288	0.23150469180591723	230.0	13	1.05	0.95				
	113	3	101.55492328771929	20.694210783157896	0.0	0.0	1	0.9893269862895488	-2.684711760348991e-28	230.0	14	1.05	0.95				
	114	2	74.3458683691228	14.945818898947369	0.0	0.0	1	0.9978626111329398	2.1663597717524556	230.0	16	1.05	0.95				
	115	2	121.48268181964912	24.526472039298245	0.0	0.0	1	1.037879769673472	7.665063356868693	230.0	16	1.05	0.95				
	116	2	38.32261256140351	7.664522512280703	0.0	0.0	1	1.0326691434950035	6.878418695504911	230.0	16	1.05	0.95				
	117	1	0.0	0.0	0.0	0.0	1	1.0401702799423114	10.443188688562206	230.0	17	1.05	0.95				
	118	2	127.61429982947368	26.059376541754386	0.0	0.0	1	1.046619793765592	10.476792387648938	230.0	17	1.05	0.95				
	119	1	69.36392873614035	14.179366647719297	0.0	0.0	1	1.0217610990216512	4.948036787004069	230.0	15	1.05	0.95				
	120	1	49.05294407859649	9.963879265964911	0.0	0.0	1	1.015262021570406	3.946333127897846	230.0	15	1.05	0.95				
	121	2	0.0	0.0	0.0	0.0	1	1.05	11.345946882829066	230.0	17	1.05	0.95				
	122	2	0.0	0.0	0.0	0.0	1	1.05	24.573325115900637	230.0	17	1.05	0.95				
	123	2	0.0	0.0	0.0	0.0	1	1.0120319542427179	3.6952371715065104	230.0	15	1.05	0.95				
	124	1	0.0	0.0	0.0	0.0	1	1.0281635215322864	5.587508444949349	230.0	16	1.05	0.95				
	201	2	38.36864474526316	7.815835040701755	0.0	0.0	2	1.0112526089844525	-7.168205940381215	138.0	21	1.05	0.95				
	202	2	34.46072722491228	7.1053045824561405	0.0	0.0	2	1.0104087719506814	-7.404850906622095	138.0	22	1.05	0.95				
	203	1	63.94774124210526	13.14481347754386	0.0	0.0	2	1.0147903683143553	-5.001687393757074	138.0	21	1.05	0.95				
	204	1	26.28962695508772	5.328978436842105	0.0	0.0	2	1.0122958057200528	-7.0763455982854895	138.0	21	1.05	0.95				
	205	1	25.223831267719294	4.973713207719299	0.0	0.0	2	1.0263828005367999	-7.341408250203648	138.0	21	1.05	0.95				
	206	1	48.31607116070175	9.947426415438597	0.0	-100.0	2	1.0431591157656035	-7.904241822702618	138.0	22	1.05	0.95				
	207	2	44.408153640350875	8.881630728070174	0.0	0.0	2	0.9945630532679196	-12.08848113475872	138.0	22	1.05	0.95				
	208	1	60.75035418	12.434283019298244	0.0	0.0	2	1.0028299022045375	-10.543490440696898	138.0	22	1.05	0.95				
	209	1	62.17141509649122	12.78954824842105	0.0	0.0	2	1.0235517520506772	-5.330749056856097	138.0	23	1.05	0.95				
	210	1	69.27671967894736	14.210609164912281	0.0	0.0	2	1.05	-6.366650334832861	138.0	23	1.05	0.95				
	211	1	0.0	0.0	0.0	0.0	2	1.001338322993705	-3.131174940619608	230.0	23	1.05	0.95				
	212	1	0.0	0.0	0.0	0.0	2	1.0101029611531485	-0.4671910871128053	230.0	23	1.05	0.95				
	213	2	94.14528571754384	19.18432237263158	0.0	0.0	2	0.9962670510224603	-1.5699871547716366	230.0	24	1.05	0.95				
	214	2	68.92145444982457	13.855343935789474	0.0	0.0	2	0.9956129124158133	-1.6208874129767803	230.0	26	1.05	0.95				
	215	2	112.61907763192983	22.736974663859648	0.0	0.0	2	1.0168201847183371	2.759218553685683	230.0	26	1.05	0.95				
	216	2	35.5265229122807	7.1053045824561405	0.0	0.0	2	1.017508412040517	2.631222744096722	230.0	26	1.05	0.95				
	217	1	0.0	0.0	0.0	0.0	2	1.0224075796116248	3.7375132113667338	230.0	27	1.05	0.95				
	218	2	118.30332129789474	24.158035580350877	0.0	0.0	2	1.021830561560099	3.4476165179020457	230.0	27	1.05	0.95				
	219	1	64.30300647122807	13.14481347754386	0.0	0.0	2	1.019347071887285	2.375372108604544	230.0	25	1.05	0.95				
	220	1	45.473949327719296	9.236895957192983	0.0	0.0	2	1.0229756432287294	2.8586487516270687	230.0	25	1.05	0.95				
	221	2	0.0	0.0	0.0	0.0	2	1.0237204961232107	4.018201365903196	230.0	27	1.05	0.95				
	222	2	0.0	0.0	0.0	0.0	2	1.0456114227756559	10.45364415692323	230.0	27	1.05	0.95				
	223	2	0.0	0.0	0.0	0.0	2	1.0253010111792473	3.398765120415427	230.0	25	1.05	0.95				
	224	1	0.0	0.0	0.0	0.0	2	1.0063164959312736	-0.16999220298281145	230.0	26	1.05	0.95				
	301	2	50.72002529684211	10.331857004912282	0.0	0.0	3	1.0065571814527905	-24.97126166409494	138.0	31	1.05	0.95				
	302	2	45.55409679438597	9.392597277192984	0.0	0.0	3	1.0061693279323969	-25.07028273624674	138.0	32	1.05	0.95				
	303	1	84.53337549473684	17.37630496280702	0.0	0.0	3	1.0213260249209022	-19.730021333092147	138.0	31	1.05	0.95				
	304	1	34.75260992561404	7.044447957894737	0.0	0.0	3	1.0089135052165266	-23.44336034365271	138.0	31	1.05	0.95				
	305	1	33.34372033403509	6.574818094035089	0.0	0.0	3	1.0219781397538374	-24.165586144221923	138.0	31	1.05	0.95				
	306	1	63.869661484912285	13.149636188070177	0.0	-100.0	3	1.0387527676955024	-24.264228151183637	138.0	32	1.05	0.95				
	307	2	58.703732982456145	11.74074659649123	0.0	0.0	3	0.9932131789448829	-29.490430496523082	138.0	32	1.05	0.95				
	308	1	80.30670672000001	16.43704523508772	0.0	0.0	3	0.9980412093239596	-27.339846512775296	138.0	32	1.05	0.95				
	309	1	82.18522617543861	16.906675098947368	0.0	0.0	3	1.0264466915329298	-20.194320313060796	138.0	33	1.05	0.95				
	310	1	91.57782345263159	18.785194554385967	0.0	0.0	3	1.05	-21.850868465938483	138.0	33	1.05	0.95				
	311	1	0.0	0.0	0.0	0.0	3	1.0109129725590995	-15.625955903573873	230.0	33	1.05	0.95				
	312	1	0.0	0.0	0.0	0.0	3	1.0140188500906322	-14.733680344539362	230.0	33	1.05	0.95				
	313	2	124.45191392280704	25.360012648421055	0.0	0.0	3	1.0180047735954911	-11.037657590195725	230.0	34	1.05	0.95				
	314	2	91.10819358877194	18.31556469052632	0.0	0.0	3	1.0134508640312199	-14.198971272010041	230.0	36	1.05	0.95				
	315	2	148.87266684350877	30.056311287017547	0.0	0.0	3	1.035728141194381	-10.17911967164028	230.0	36	1.05	0.95				
	316	2	46.96298638596492	9.392597277192984	0.0	0.0	3	1.035700533263134	-9.447557870150987	230.0	36	1.05	0.95				
	317	1	0.0	0.0	0.0	0.0	3	1.040905445342882	-7.046742016873211	230.0	37	1.05	0.95				
	318	2	156.38674466526317	31.934830742456143	0.0	0.0	3	1.0389958824484675	-7.290244342102767	230.0	37	1.05	0.95				
	319	1	85.00300535859651	17.37630496280702	0.0	0.0	3	1.0350643478934156	-9.402654538191019	230.0	35	1.05	0.95				
	320	1	60.11262257403509	12.21037646035088	0.0	0.0	3	1.0378322664118682	-8.464889511099674	230.0	35	1.05	0.95				
	321	2	0.0	0.0	0.0	0.0	3	1.0398693937414545	-7.721430490134929	230.0	37	1.05	0.95				
	322	2	0.0	0.0	0.0	0.0	3	1.05	-3.1386528650391887	230.0	37	1.05	0.95				
	323	2	0.0	0.0	0.0	0.0	3	1.0399120534949093	-7.758838235611342	230.0	35	1.05	0.95				
	324	1	0.0	0.0	0.0	0.0	3	1.0189284137481551	-13.428998722162438	230.0	36	1.05	0.95				
	325	1	0.0	0.0	0.0	0.0	3	1.033902671285899	-6.186390187859293	230.0	35	1.05	0.95				
];
