%% MATPOWER Case Format : Version 2
function mpc = RTS_GMLC
mpc.version = '2';

%%-----  Power Flow Data  -----%%
%% system MVA base
mpc.baseMVA = 100.0;
%% bus data
%    bus_i    type    Pd    Qd    Gs    Bs    area    Vm    Va    baseKV    zone    Vmax    Vmin
mpc.bus = [
	101	2	33.57298367242105	6.83894111845614	0.0	0.0	1	0.9932694693872736	-5.512162275922897	138.0	11	1.05	0.95				
	102	2	30.153513113192982	6.21721919859649	0.0	0.0	1	0.9930425652065299	-5.656678631500525	138.0	12	1.05	0.95				
	103	1	55.95497278736842	11.50185551740351	0.0	0.0	1	1.0249958781131745	0.059384342813757256	138.0	11	1.05	0.95				
	104	1	23.00371103480702	4.662914398947368	0.0	0.0	1	1.0063582967918974	-4.966970585859744	138.0	11	1.05	0.95				
	105	1	22.07112815501754	4.352053439017544	0.0	0.0	1	1.0178129910638773	-5.667033613617873	138.0	11	1.05	0.95				
	106	1	42.277090550456144	8.704106878035088	0.0	-100.0	1	1.040166751472266	-6.167800159796575	138.0	12	1.05	0.95				
	107	2	38.85761999122806	7.7715239982456135	0.0	0.0	1	0.9888306674439467	-9.339768382270567	138.0	12	1.05	0.95				
	108	1	53.15722414799999	10.880133597543859	0.0	0.0	1	1.00158836467022	-8.022872808592371	138.0	12	1.05	0.95				
	109	1	54.400667987719295	11.190994557473683	0.0	0.0	1	1.0256008338116487	-3.1144475726625584	138.0	13	1.05	0.95				
	110	1	60.61788718631579	12.43443839719298	0.0	0.0	1	1.05	-4.80442359217335	138.0	13	1.05	0.95				
	111	1	0.0	0.0	0.0	0.0	1	1.012812851952983	-0.30282545372236797	230.0	13	1.05	0.95				
	112	1	0.0	0.0	0.0	0.0	1	1.010129600449762	-1.2833833627278075	230.0	13	1.05	0.95				
	113	3	82.3781543814035	16.786491836210526	0.0	0.0	1	0.993355318759425	-1.1240612525517707e-29	230.0	14	1.05	0.95				
	114	2	60.307026226385965	12.123577437263156	0.0	0.0	1	1.0337673621019077	3.0889102399485893	230.0	16	1.05	0.95				
	115	2	98.54292429775438	19.89510143550877	0.0	0.0	1	1.041212398835447	11.255206315208484	230.0	16	1.05	0.95				
	116	2	31.086095992982454	6.21721919859649	0.0	0.0	1	1.0406055624995898	9.825262685575604	230.0	16	1.05	0.95				
	117	1	0.0	0.0	0.0	0.0	1	1.0399210980718798	15.206746291764654	230.0	17	1.05	0.95				
	118	2	103.51669965663157	21.138545275228072	0.0	0.0	1	1.047480456054019	15.54504754192089	230.0	17	1.05	0.95				
	119	1	56.265833747298245	11.50185551740351	0.0	0.0	1	1.0347635778437352	6.2157667318122325	230.0	15	1.05	0.95				
	120	1	39.79020287101754	8.082384958175439	0.0	0.0	1	1.034169690460855	3.6625344955361805	230.0	15	1.05	0.95				
	121	2	0.0	0.0	0.0	0.0	1	1.0390782768079008	16.684971768585417	230.0	17	1.05	0.95				
	122	2	0.0	0.0	0.0	0.0	1	1.05	34.67999058076868	230.0	17	1.05	0.95				
	123	2	0.0	0.0	0.0	0.0	1	1.034308786153025	2.4949522791327006	230.0	15	1.05	0.95				
	124	1	0.0	0.0	0.0	0.0	1	1.0211577992389251	7.0835155891457715	230.0	16	1.05	0.95				
	201	2	35.92066740252632	7.317172989403509	0.0	0.0	2	1.006959179618357	-13.005642746013626	138.0	21	1.05	0.95				
	202	2	32.26208090782456	6.6519754449122805	0.0	0.0	2	1.0055529517213273	-13.27393446378055	138.0	22	1.05	0.95				
	203	1	59.86777900421052	12.306154573087719	0.0	0.0	2	1.0132559970351809	-9.800335016895067	138.0	21	1.05	0.95				
	204	1	24.612309146175438	4.98898158368421	0.0	0.0	2	1.0101913291776101	-13.182580256545053	138.0	21	1.05	0.95				
	205	1	23.614512829438596	4.656382811438597	0.0	0.0	2	1.0245376560050272	-13.535341575775126	138.0	21	1.05	0.95				
	206	1	45.23343302540351	9.312765622877194	0.0	-100.0	2	1.0425739250583665	-14.278744998412597	138.0	22	1.05	0.95				
	207	2	41.574846530701755	8.31496930614035	0.0	0.0	2	0.9904006515879316	-18.1126169767405	138.0	22	1.05	0.95				
	208	1	56.87439005399999	11.640957028596489	0.0	0.0	2	1.0011189356246655	-16.70249489996403	138.0	22	1.05	0.95				
	209	1	58.20478514298245	11.973555800842105	0.0	0.0	2	1.0227825804199109	-11.716707700733249	138.0	23	1.05	0.95				
	210	1	64.85676058789474	13.303950889824561	0.0	0.0	2	1.05	-12.983962478692437	138.0	23	1.05	0.95				
	211	1	0.0	0.0	0.0	0.0	2	1.0031507605771142	-9.27855035010328	230.0	23	1.05	0.95				
	212	1	0.0	0.0	0.0	0.0	2	1.0120274202164936	-8.69031315848416	230.0	23	1.05	0.95				
	213	2	88.13867464508772	17.96033370126316	0.0	0.0	2	1.0014038710275264	-8.154746155612678	230.0	24	1.05	0.95				
	214	2	64.52416181564912	12.971352117578947	0.0	0.0	2	0.9978585830718807	-7.047650879891923	230.0	26	1.05	0.95				
	215	2	105.43381080185965	21.286321423719297	0.0	0.0	2	1.0216975383287545	-1.3327298838379518	230.0	26	1.05	0.95				
	216	2	33.2598772245614	6.6519754449122805	0.0	0.0	2	1.0243788394625186	-1.9938191957120404	230.0	26	1.05	0.95				
	217	1	0.0	0.0	0.0	0.0	2	1.0307452195668374	-0.06116061113675949	230.0	27	1.05	0.95				
	218	2	110.75539115778948	22.616716512701753	0.0	0.0	2	1.0293516968385017	-0.3820704544163615	230.0	27	1.05	0.95				
	219	1	60.200377776456136	12.306154573087719	0.0	0.0	2	1.0312357124608797	-2.254802355855808	230.0	25	1.05	0.95				
	220	1	42.572642847438594	8.647568078385964	0.0	0.0	2	1.0388819496897574	-1.833910458390534	230.0	25	1.05	0.95				
	221	2	0.0	0.0	0.0	0.0	2	1.030026500065644	0.09604956415718006	230.0	27	1.05	0.95				
	222	2	0.0	0.0	0.0	0.0	2	1.0499999873712522	6.527054473183829	230.0	27	1.05	0.95				
	223	2	0.0	0.0	0.0	0.0	2	1.0432477020729232	-1.3556056425211576	230.0	25	1.05	0.95				
	224	1	0.0	0.0	0.0	0.0	2	1.0079995545040463	-4.507498475444001	230.0	26	1.05	0.95				
	301	2	42.36633977684211	8.630180324912281	0.0	0.0	3	1.0114876715451575	12.382891500150706	138.0	31	1.05	0.95				
	302	2	38.05124961438596	7.845618477192984	0.0	0.0	3	1.0103017778086023	12.0204327644973	138.0	32	1.05	0.95				
	303	1	70.61056629473684	14.514394182807017	0.0	0.0	3	1.05	26.839286698213527	138.0	31	1.05	0.95				
	304	1	29.028788365614034	5.8842138578947365	0.0	0.0	3	1.0064041869865632	13.089028126823875	138.0	31	1.05	0.95				
	305	1	27.851945594035087	5.491932934035089	0.0	0.0	3	1.021766122128332	10.732349220855564	138.0	31	1.05	0.95				
	306	1	53.350205644912286	10.983865868070177	0.0	-100.0	3	1.0352916736492643	9.315328141589202	138.0	32	1.05	0.95				
	307	2	49.03511548245614	9.807023096491228	0.0	0.0	3	0.95	6.133540352593331	138.0	32	1.05	0.95				
	308	1	67.08003798	13.72983233508772	0.0	0.0	3	0.9714238485870628	7.793471185793795	138.0	32	1.05	0.95				
	309	1	68.64916167543859	14.122113258947369	0.0	0.0	3	1.0149614493338135	15.612611365218676	138.0	33	1.05	0.95				
	310	1	76.49478015263158	15.691236954385968	0.0	0.0	3	1.04168614221104	10.352612036080206	138.0	33	1.05	0.95				
	311	1	0.0	0.0	0.0	0.0	3	1.0031123988708681	13.852042224427803	230.0	33	1.05	0.95				
	312	1	0.0	0.0	0.0	0.0	3	1.0080939084583334	13.648492174374113	230.0	33	1.05	0.95				
	313	2	103.95444482280702	21.183169888421055	0.0	0.0	3	1.0016946925964723	13.586962991497566	230.0	34	1.05	0.95				
	314	2	76.10249922877192	15.298956030526318	0.0	0.0	3	1.0005887728434675	15.048851089733843	230.0	36	1.05	0.95				
	315	2	124.35305286350878	25.105979127017548	0.0	0.0	3	1.049999999781598	19.574899082301837	230.0	36	1.05	0.95				
	316	2	39.22809238596491	7.845618477192984	0.0	0.0	3	1.036109361798167	18.99148659115604	230.0	36	1.05	0.95				
	317	1	0.0	0.0	0.0	0.0	3	1.05	23.99983293886725	230.0	37	1.05	0.95				
	318	2	130.62954764526316	26.675102822456143	0.0	0.0	3	1.0454990785124771	20.511540175827314	230.0	37	1.05	0.95				
	319	1	71.0028472185965	14.514394182807017	0.0	0.0	3	1.025803300490084	16.873921682754062	230.0	35	1.05	0.95				
	320	1	50.211958254035096	10.199304020350878	0.0	0.0	3	1.0201825626967924	15.77606245642249	230.0	35	1.05	0.95				
	321	2	0.0	0.0	0.0	0.0	3	1.047597413516494	20.874530409172806	230.0	37	1.05	0.95				
	322	2	0.0	0.0	0.0	0.0	3	1.0499999565350786	26.44643696667337	230.0	37	1.05	0.95				
	323	2	0.0	0.0	0.0	0.0	3	1.0174739264209072	15.475910025373027	230.0	35	1.05	0.95				
	324	1	0.0	0.0	0.0	0.0	3	1.0473354451877057	22.354063697295857	230.0	36	1.05	0.95				
	325	1	0.0	0.0	0.0	0.0	3	1.019913205929187	15.590157918588009	230.0	35	1.05	0.95				
];
