%% MATPOWER Case Format : Version 2
function mpc = RTS_GMLC
mpc.version = '2';

%%-----  Power Flow Data  -----%%
%% system MVA base
mpc.baseMVA = 100.0;
%% bus data
%    bus_i    type    Pd    Qd    Gs    Bs    area    Vm    Va    baseKV    zone    Vmax    Vmin
mpc.bus = [
	101	2	47.360217713684214	9.647451756491229	0.0	0.0	1	1.037314291943867	1.3816858283535722	138.0	11	1.05	0.95				
	102	2	42.5364918354386	8.770410687719298	0.0	0.0	1	1.0347212914462127	0.7005237144672236	138.0	12	1.05	0.95				
	103	1	78.9336961894737	16.225259772280705	0.0	0.0	1	1.0328930247833377	0.4110929680203957	138.0	11	1.05	0.95				
	104	1	32.45051954456141	6.577808015789474	0.0	0.0	1	1.0246614048558471	-1.7226583378030098	138.0	11	1.05	0.95				
	105	1	31.134957941403506	6.139287481403509	0.0	0.0	1	1.037528563619283	-1.9332059558696317	138.0	11	1.05	0.95				
	106	1	59.638792676491235	12.278574962807019	0.0	-100.0	1	1.0455733279197108	-4.373164119504506	138.0	12	1.05	0.95				
	107	2	54.81506679824562	10.963013359649123	0.0	0.0	1	1.0002798482807536	-10.171121266918105	138.0	12	1.05	0.95				
	108	1	74.98701138	15.348218703508772	0.0	0.0	1	1.0037603355982874	-8.655966278181355	138.0	12	1.05	0.95				
	109	1	76.74109351754387	15.786739237894738	0.0	0.0	1	1.0251161685570631	-2.8350918707272794	138.0	13	1.05	0.95				
	110	1	85.51150420526317	17.540821375438597	0.0	0.0	1	1.05	-3.9271553270804427	138.0	13	1.05	0.95				
	111	1	0.0	0.0	0.0	0.0	1	1.0041890278403216	-0.9076291621497087	230.0	13	1.05	0.95				
	112	1	0.0	0.0	0.0	0.0	1	1.008153841028272	-1.2645241668713965	230.0	13	1.05	0.95				
	113	3	116.20794161228069	23.680108856842107	0.0	0.0	1	0.996559616680891	-9.905088885339708e-29	230.0	14	1.05	0.95				
	114	2	85.0729836708772	17.102300841052635	0.0	0.0	1	1.0020703102360298	0.9060042034837752	230.0	16	1.05	0.95				
	115	2	139.0110094003509	28.065314200701756	0.0	0.0	1	1.0393254476904918	7.154438877481151	230.0	16	1.05	0.95				
	116	2	43.85205343859649	8.770410687719298	0.0	0.0	1	1.0344667311324425	6.0150485676742145	230.0	16	1.05	0.95				
	117	1	0.0	0.0	0.0	0.0	1	1.041678596551193	9.921370150090121	230.0	17	1.05	0.95				
	118	2	146.02733795052634	29.819396338245618	0.0	0.0	1	1.0470691466444724	10.512025599974962	230.0	17	1.05	0.95				
	119	1	79.37221672385965	16.225259772280705	0.0	0.0	1	1.0226511593898775	3.5286162448957836	230.0	15	1.05	0.95				
	120	1	56.13062840140351	11.401533894035088	0.0	0.0	1	1.016105372061637	1.8972729302145546	230.0	15	1.05	0.95				
	121	2	0.0	0.0	0.0	0.0	1	1.05	11.798586072036366	230.0	17	1.05	0.95				
	122	2	0.0	0.0	0.0	0.0	1	1.05	21.20834918628295	230.0	17	1.05	0.95				
	123	2	0.0	0.0	0.0	0.0	1	1.0132186242951469	1.3378784797898322	230.0	15	1.05	0.95				
	124	1	0.0	0.0	0.0	0.0	1	1.0279732330998677	4.623694784495901	230.0	16	1.05	0.95				
	201	2	44.57358727578948	9.079804815438596	0.0	0.0	2	1.015326373025312	-12.148124819096159	138.0	21	1.05	0.95				
	202	2	40.03368486807018	8.254368014035089	0.0	0.0	2	1.0144809100248227	-12.399053074621127	138.0	22	1.05	0.95				
	203	1	74.28931212631579	15.270580825964913	0.0	0.0	2	1.0145691157620915	-9.133028879092274	138.0	21	1.05	0.95				
	204	1	30.541161651929826	6.190776010526315	0.0	0.0	2	1.012800619588285	-11.825299171340465	138.0	21	1.05	0.95				
	205	1	29.303006449824565	5.778057609824563	0.0	0.0	2	1.0276187099699827	-12.183089731513387	138.0	21	1.05	0.95				
	206	1	56.12970249543861	11.556115219649126	0.0	-100.0	2	1.0425171775324138	-12.718609676573504	138.0	22	1.05	0.95				
	207	2	51.589800087719304	10.31796001754386	0.0	0.0	2	0.9977131473247159	-17.68355905941533	138.0	22	1.05	0.95				
	208	1	70.57484652	14.445144024561404	0.0	0.0	2	1.0023274801936264	-15.817375768472127	138.0	22	1.05	0.95				
	209	1	72.22572012280702	14.857862425263157	0.0	0.0	2	1.02343691465098	-9.648302108710732	138.0	23	1.05	0.95				
	210	1	80.48008813684211	16.508736028070178	0.0	0.0	2	1.05	-10.890626412650404	138.0	23	1.05	0.95				
	211	1	0.0	0.0	0.0	0.0	2	1.0036549331483613	-7.260034378932911	230.0	23	1.05	0.95				
	212	1	0.0	0.0	0.0	0.0	2	1.0092819867943768	-3.8001562205141903	230.0	23	1.05	0.95				
	213	2	109.37037618596493	22.28679363789474	0.0	0.0	2	0.9977111231853234	-5.552797100965775	230.0	24	1.05	0.95				
	214	2	80.06736973614036	16.096017627368422	0.0	0.0	2	1.001984351239441	-5.604820927416424	230.0	26	1.05	0.95				
	215	2	130.83173302245615	26.413977644912283	0.0	0.0	2	1.0186763513060206	-0.14511612677094846	230.0	26	1.05	0.95				
	216	2	41.27184007017544	8.254368014035089	0.0	0.0	2	1.017859574713839	-0.7191413337859702	230.0	26	1.05	0.95				
	217	1	0.0	0.0	0.0	0.0	2	1.0230455494659456	0.5888945330942602	230.0	27	1.05	0.95				
	218	2	137.43522743368422	28.064851247719304	0.0	0.0	2	1.022580206399371	0.2556660222838457	230.0	27	1.05	0.95				
	219	1	74.70203052701756	15.270580825964913	0.0	0.0	2	1.0152553727669755	-1.4249631082952192	230.0	25	1.05	0.95				
	220	1	52.827955289824565	10.730678418245615	0.0	0.0	2	1.015789476810861	-1.2159560024158143	230.0	25	1.05	0.95				
	221	2	0.0	0.0	0.0	0.0	2	1.0248123320963611	0.9215273452603503	230.0	27	1.05	0.95				
	222	2	0.0	0.0	0.0	0.0	2	1.0465259469806047	7.324929738348907	230.0	27	1.05	0.95				
	223	2	0.0	0.0	0.0	0.0	2	1.016640765981889	-0.7766251019054051	230.0	25	1.05	0.95				
	224	1	0.0	0.0	0.0	0.0	2	1.0060677184468927	-3.531418299897253	230.0	26	1.05	0.95				
	301	2	72.53527365473686	14.775703892631581	0.0	0.0	3	1.00422251948609	-9.971669259201168	138.0	31	1.05	0.95				
	302	2	65.14742170842106	13.432458084210527	0.0	0.0	3	1.003799608953517	-10.10277332382078	138.0	32	1.05	0.95				
	303	1	120.89212275789475	24.850047455789475	0.0	0.0	3	1.0240121135504294	-3.271787670068479	138.0	31	1.05	0.95				
	304	1	49.70009491157895	10.074343563157896	0.0	0.0	3	1.0037818479931644	-7.837743438814807	138.0	31	1.05	0.95				
	305	1	47.685226198947376	9.40272065894737	0.0	0.0	3	1.01714765000202	-8.415404425329385	138.0	31	1.05	0.95				
	306	1	91.3407149726316	18.80544131789474	0.0	-100.0	3	1.031825074941753	-8.281903636181408	138.0	32	1.05	0.95				
	307	2	83.9528630263158	16.79057260526316	0.0	0.0	3	0.9942346526812901	-14.388918210441288	138.0	32	1.05	0.95				
	308	1	114.84751662000001	23.506801647368423	0.0	0.0	3	0.9958429248866207	-11.22120366833283	138.0	32	1.05	0.95				
	309	1	117.53400823684213	24.17842455157895	0.0	0.0	3	1.0282562959986592	-3.257622927053028	138.0	33	1.05	0.95				
	310	1	130.96646632105265	26.864916168421054	0.0	0.0	3	1.05	-4.707708592387347	138.0	33	1.05	0.95				
	311	1	0.0	0.0	0.0	0.0	3	1.0189760908909788	2.376057809812465	230.0	33	1.05	0.95				
	312	1	0.0	0.0	0.0	0.0	3	1.0220071753225306	3.5936514775588186	230.0	33	1.05	0.95				
	313	2	177.9800696157895	36.26763682736843	0.0	0.0	3	1.0406148283289056	9.329833954393804	230.0	34	1.05	0.95				
	314	2	130.29484341684213	26.19329326421053	0.0	0.0	3	1.0230711273302406	2.512836557893656	230.0	36	1.05	0.95				
	315	2	212.90446063473686	42.98386586947369	0.0	0.0	3	1.0342794195172667	0.8331920762872824	230.0	36	1.05	0.95				
	316	2	67.16229042105265	13.432458084210527	0.0	0.0	3	1.0347346013353198	1.8733336687170639	230.0	36	1.05	0.95				
	317	1	0.0	0.0	0.0	0.0	3	1.040414222597919	3.4859732140210338	230.0	37	1.05	0.95				
	318	2	223.65042710210528	45.6703574863158	0.0	0.0	3	1.035768787717086	1.7783877589337727	230.0	37	1.05	0.95				
	319	1	121.56374566210528	24.850047455789475	0.0	0.0	3	1.0341406086138496	3.6951495362411544	230.0	35	1.05	0.95				
	320	1	85.96773173894738	17.462195509473688	0.0	0.0	3	1.0368457207912054	5.239586802197422	230.0	35	1.05	0.95				
	321	2	0.0	0.0	0.0	0.0	3	1.0373156964631143	2.059753810592337	230.0	37	1.05	0.95				
	322	2	0.0	0.0	0.0	0.0	3	1.0499999976193968	6.933134968967357	230.0	37	1.05	0.95				
	323	2	0.0	0.0	0.0	0.0	3	1.038939477790861	5.983810380859338	230.0	35	1.05	0.95				
	324	1	0.0	0.0	0.0	0.0	3	1.0262124672730468	1.07126800771204	230.0	36	1.05	0.95				
	325	1	0.0	0.0	0.0	0.0	3	1.0393127935636775	6.478321500907448	230.0	35	1.05	0.95				
];
