%% MATPOWER Case Format : Version 2
function mpc = RTS_GMLC
mpc.version = '2';

%%-----  Power Flow Data  -----%%
%% system MVA base
mpc.baseMVA = 100.0;
%% bus data
%    bus_i    type    Pd    Qd    Gs    Bs    area    Vm    Va    baseKV    zone    Vmax    Vmin
mpc.bus = [
	101	2	45.9708065431579	9.36442355508772	0.0	0.0	1	1.0316922530278154	1.9253741527215447	138.0	11	1.05	0.95				
	102	2	41.288594765614036	8.51311232280702	0.0	0.0	1	1.0307323812090956	1.638281155900554	138.0	12	1.05	0.95				
	103	1	76.61801090526316	15.749257797192984	0.0	0.0	1	1.0303269359450085	1.3897122687450478	138.0	11	1.05	0.95				
	104	1	31.498515594385967	6.3848342421052635	0.0	0.0	1	1.0203967572657666	-1.3104385915299301	138.0	11	1.05	0.95				
	105	1	30.221548745964917	5.959178625964913	0.0	0.0	1	1.0349785101086098	-1.1960384967956215	138.0	11	1.05	0.95				
	106	1	57.889163795087725	11.918357251929827	0.0	-100.0	1	1.0449597984278232	-3.418867863727974	138.0	12	1.05	0.95				
	107	2	53.20695201754386	10.641390403508773	0.0	0.0	1	0.9992226993837797	-9.81343611850727	138.0	12	1.05	0.95				
	108	1	72.78711036000001	14.897946564912282	0.0	0.0	1	1.0031556385422669	-8.030991913022111	138.0	12	1.05	0.95				
	109	1	74.4897328245614	15.323602181052632	0.0	0.0	1	1.0246845344199504	-1.9899051407362576	138.0	13	1.05	0.95				
	110	1	83.00284514736843	17.02622464561404	0.0	0.0	1	1.05	-3.0121753555031976	138.0	13	1.05	0.95				
	111	1	0.0	0.0	0.0	0.0	1	1.0053011860633527	0.10236397127998158	230.0	13	1.05	0.95				
	112	1	0.0	0.0	0.0	0.0	1	1.0091940009815015	-0.2644228656443068	230.0	13	1.05	0.95				
	113	3	112.79873827719298	22.98540327157895	0.0	0.0	1	0.9966927308018836	7.384113017254146e-29	230.0	14	1.05	0.95				
	114	2	82.57718953122807	16.600569029473686	0.0	0.0	1	1.0061769177905195	2.9067339690398635	230.0	16	1.05	0.95				
	115	2	134.93283031649125	27.24195943298246	0.0	0.0	1	1.0424789918781963	10.436727253169543	230.0	16	1.05	0.95				
	116	2	42.56556161403509	8.51311232280702	0.0	0.0	1	1.0366709684676816	9.31452006255482	230.0	16	1.05	0.95				
	117	1	0.0	0.0	0.0	0.0	1	1.040975912082461	14.038244517424115	230.0	17	1.05	0.95				
	118	2	141.74332017473685	28.944581897543863	0.0	0.0	1	1.0492717583058913	14.235143191464369	230.0	17	1.05	0.95				
	119	1	77.04366652140352	15.749257797192984	0.0	0.0	1	1.027159256143631	6.61533515506745	230.0	15	1.05	0.95				
	120	1	54.48391886596492	11.067046019649124	0.0	0.0	1	1.0232249872565498	5.07154468957399	230.0	15	1.05	0.95				
	121	2	0.0	0.0	0.0	0.0	1	1.05	15.442830535184902	230.0	17	1.05	0.95				
	122	2	0.0	0.0	0.0	0.0	1	1.05	31.75655197275835	230.0	17	1.05	0.95				
	123	2	0.0	0.0	0.0	0.0	1	1.0216722288288884	4.548510330982705	230.0	15	1.05	0.95				
	124	1	0.0	0.0	0.0	0.0	1	1.0265302319146765	7.0559940766487275	230.0	16	1.05	0.95				
	201	2	46.579568703157896	9.488430661754386	0.0	0.0	2	1.0222506551708328	-11.328666010033844	138.0	21	1.05	0.95				
	202	2	41.8353533722807	8.625846056140352	0.0	0.0	2	1.022791911445437	-11.253838805621436	138.0	22	1.05	0.95				
	203	1	77.63261450526315	15.95781520385965	0.0	0.0	2	1.0159388032950585	-9.671204479938394	138.0	21	1.05	0.95				
	204	1	31.9156304077193	6.469384542105263	0.0	0.0	2	1.01614510448292	-12.411649726423684	138.0	21	1.05	0.95				
	205	1	30.621753499298244	6.038092239298246	0.0	0.0	2	1.0309139114253694	-12.735320707499215	138.0	21	1.05	0.95				
	206	1	58.65575318175439	12.076184478596492	0.0	-100.0	2	1.0437249015344745	-13.9432239799925	138.0	22	1.05	0.95				
	207	2	53.91153785087719	10.782307570175439	0.0	0.0	2	0.9926712410912756	-19.927706901148674	138.0	22	1.05	0.95				
	208	1	73.75098377999998	15.095230598245612	0.0	0.0	2	0.9985113394807728	-17.974740917130074	138.0	22	1.05	0.95				
	209	1	75.47615299122806	15.52652290105263	0.0	0.0	2	1.0228105879291178	-11.578507001587342	138.0	23	1.05	0.95				
	210	1	84.10199904736841	17.251692112280704	0.0	0.0	2	1.05	-12.771833871152992	138.0	23	1.05	0.95				
	211	1	0.0	0.0	0.0	0.0	2	1.005880095302523	-8.803248057737438	230.0	23	1.05	0.95				
	212	1	0.0	0.0	0.0	0.0	2	1.0086809258108653	-7.922930933873413	230.0	23	1.05	0.95				
	213	2	114.29246024385964	23.289784351578948	0.0	0.0	2	1.0019169427192318	-7.47121128612822	230.0	24	1.05	0.95				
	214	2	83.6707067445614	16.820399809473685	0.0	0.0	2	1.0061862031298163	-6.4861827136381	230.0	26	1.05	0.95				
	215	2	136.71965998982455	27.60270737964912	0.0	0.0	2	1.0224449386946075	-0.4745587665922715	230.0	26	1.05	0.95				
	216	2	43.129230280701755	8.625846056140352	0.0	0.0	2	1.0242059871165559	-0.5868749808131485	230.0	26	1.05	0.95				
	217	1	0.0	0.0	0.0	0.0	2	1.0284878326205273	1.1140028741595127	230.0	27	1.05	0.95				
	218	2	143.62033683473683	29.327876590877196	0.0	0.0	2	1.0276345629502313	0.5316998377620242	230.0	27	1.05	0.95				
	219	1	78.06390680807017	15.95781520385965	0.0	0.0	2	1.0254670167644646	-0.5869424477276546	230.0	25	1.05	0.95				
	220	1	55.20541475929824	11.213599872982456	0.0	0.0	2	1.0294844708335418	0.25438914017525804	230.0	25	1.05	0.95				
	221	2	0.0	0.0	0.0	0.0	2	1.0293453938739463	1.0033490986634885	230.0	27	1.05	0.95				
	222	2	0.0	0.0	0.0	0.0	2	1.0499999942630258	7.5382661391691945	230.0	27	1.05	0.95				
	223	2	0.0	0.0	0.0	0.0	2	1.0324900897175593	1.0425371913764985	230.0	25	1.05	0.95				
	224	1	0.0	0.0	0.0	0.0	2	1.0086627462842768	-3.9311374851459133	230.0	26	1.05	0.95				
	301	2	54.8541600631579	11.173995568421052	0.0	0.0	3	1.0117851116232577	-12.57200829899773	138.0	31	1.05	0.95				
	302	2	49.26716227894736	10.158177789473683	0.0	0.0	3	1.01057202897322	-12.822784624770101	138.0	32	1.05	0.95				
	303	1	91.42360010526316	18.792628910526314	0.0	0.0	3	1.0450291825787597	-1.7495655865308617	138.0	31	1.05	0.95				
	304	1	37.58525782105263	7.618633342105261	0.0	0.0	3	1.0109824688848739	-11.252593006618813	138.0	31	1.05	0.95				
	305	1	36.061531152631574	7.11072445263158	0.0	0.0	3	1.0244817562899404	-12.885584290862852	138.0	31	1.05	0.95				
	306	1	69.07560896842105	14.22144890526316	0.0	-100.0	3	1.0387792193570555	-13.64389890311247	138.0	32	1.05	0.95				
	307	2	63.48861118421052	12.697722236842104	0.0	0.0	3	0.9906974484385671	-18.98277568471967	138.0	32	1.05	0.95				
	308	1	86.85242009999999	17.776811131578945	0.0	0.0	3	0.995009798764929	-16.62867267501461	138.0	32	1.05	0.95				
	309	1	88.88405565789473	18.28472002105263	0.0	0.0	3	1.028001425575516	-7.898167913048832	138.0	33	1.05	0.95				
	310	1	99.04223344736842	20.316355578947366	0.0	0.0	3	1.05	-11.566821979739998	138.0	33	1.05	0.95				
	311	1	0.0	0.0	0.0	0.0	3	1.01263409649007	-5.8702873189838245	230.0	33	1.05	0.95				
	312	1	0.0	0.0	0.0	0.0	3	1.0154802474710751	-5.21850510064376	230.0	33	1.05	0.95				
	313	2	134.5958557105263	27.42708003157895	0.0	0.0	3	1.0145257816324167	-2.70484074992317	230.0	34	1.05	0.95				
	314	2	98.53432455789472	19.808446689473683	0.0	0.0	3	1.014630244243415	-4.700115186466086	230.0	36	1.05	0.95				
	315	2	161.00711796315787	32.50616892631579	0.0	0.0	3	1.0422800479666774	-0.11671524864741432	230.0	36	1.05	0.95				
	316	2	50.790888947368416	10.158177789473683	0.0	0.0	3	1.0404429159287618	-0.01225166239451188	230.0	36	1.05	0.95				
	317	1	0.0	0.0	0.0	0.0	3	1.049126711137042	4.0518253411950695	230.0	37	1.05	0.95				
	318	2	169.13366019473685	34.537804484210525	0.0	0.0	3	1.045556232339775	2.3725233730024695	230.0	37	1.05	0.95				
	319	1	91.93150899473684	18.792628910526314	0.0	0.0	3	1.035014483404987	-0.7258298542893653	230.0	35	1.05	0.95				
	320	1	65.01233785263157	13.20563112631579	0.0	0.0	3	1.034073572528813	-0.3765354920450389	230.0	35	1.05	0.95				
	321	2	0.0	0.0	0.0	0.0	3	1.0455367168237364	2.139518441046811	230.0	37	1.05	0.95				
	322	2	0.0	0.0	0.0	0.0	3	1.05	7.230437375891224	230.0	37	1.05	0.95				
	323	2	0.0	0.0	0.0	0.0	3	1.034537553672922	0.19974207210531836	230.0	35	1.05	0.95				
	324	1	0.0	0.0	0.0	0.0	3	1.0383597756865712	-0.7299410747346387	230.0	36	1.05	0.95				
	325	1	0.0	0.0	0.0	0.0	3	1.031235586212487	1.474898436798113	230.0	35	1.05	0.95				
];
