%% MATPOWER Case Format : Version 2
function mpc = RTS_GMLC
mpc.version = '2';

%%-----  Power Flow Data  -----%%
%% system MVA base
mpc.baseMVA = 100.0;
%% bus data
%    bus_i    type    Pd    Qd    Gs    Bs    area    Vm    Va    baseKV    zone    Vmax    Vmin
mpc.bus = [
	101	2	43.17862445052632	8.795645721403508	0.0	0.0	1	1.0265234397717202	-0.9043877180790163	138.0	11	1.05	0.95				
	102	2	38.78080158982456	7.996041564912282	0.0	0.0	1	1.0240848632754072	-1.5421386510328166	138.0	12	1.05	0.95				
	103	1	71.96437408421052	14.79267689508772	0.0	0.0	1	1.0320249539723942	0.14703894602758913	138.0	11	1.05	0.95				
	104	1	29.58535379017544	5.99703117368421	0.0	0.0	1	1.0185322517898718	-3.295668622052034	138.0	11	1.05	0.95				
	105	1	28.385947555438594	5.597229095438597	0.0	0.0	1	1.0331822964565378	-3.241411659579251	138.0	11	1.05	0.95				
	106	1	54.37308264140351	11.194458190877194	0.0	-100.0	1	1.0446665783329432	-5.099495594655497	138.0	12	1.05	0.95				
	107	2	49.975259780701755	9.995051956140351	0.0	0.0	1	1.0012540791693825	-9.744215121924265	138.0	12	1.05	0.95				
	108	1	68.36615538	13.99307273859649	0.0	0.0	1	1.0057944963343952	-8.438006509787815	138.0	12	1.05	0.95				
	109	1	69.96536369298245	14.392874816842106	0.0	0.0	1	1.0248851406226405	-3.122609492078156	138.0	13	1.05	0.95				
	110	1	77.96140525789474	15.992083129824564	0.0	0.0	1	1.05	-4.326921429110205	138.0	13	1.05	0.95				
	111	1	0.0	0.0	0.0	0.0	1	1.0038005388030873	-0.8761051768949306	230.0	13	1.05	0.95				
	112	1	0.0	0.0	0.0	0.0	1	1.0073084999342137	-1.3777685678322384	230.0	13	1.05	0.95				
	113	3	105.94755073508773	21.58931222526316	0.0	0.0	1	0.9955578574568628	7.350587837403267e-31	230.0	14	1.05	0.95				
	114	2	77.56160317964913	15.592281051578949	0.0	0.0	1	1.003138076555434	1.3447225348758198	230.0	16	1.05	0.95				
	115	2	126.73725880385965	25.587333007719298	0.0	0.0	1	1.0399684305510166	8.002625380961334	230.0	16	1.05	0.95				
	116	2	39.980207824561404	7.996041564912282	0.0	0.0	1	1.0349913730469225	6.773636505259107	230.0	16	1.05	0.95				
	117	1	0.0	0.0	0.0	0.0	1	1.0419827277019327	10.83446844777295	230.0	17	1.05	0.95				
	118	2	133.13409205578947	27.186541320701757	0.0	0.0	1	1.0474376786421613	11.514342572221365	230.0	17	1.05	0.95				
	119	1	72.36417616245615	14.79267689508772	0.0	0.0	1	1.0228753144532288	4.1031710898820535	230.0	15	1.05	0.95				
	120	1	51.174666015438596	10.394854034385965	0.0	0.0	1	1.0159311245716867	2.2563784340605753	230.0	15	1.05	0.95				
	121	2	0.0	0.0	0.0	0.0	1	1.0499999969238292	12.818197434344224	230.0	17	1.05	0.95				
	122	2	0.0	0.0	0.0	0.0	1	1.05	22.07510911281604	230.0	17	1.05	0.95				
	123	2	0.0	0.0	0.0	0.0	1	1.01271327430405	1.5473335031527438	230.0	15	1.05	0.95				
	124	1	0.0	0.0	0.0	0.0	1	1.0269233984197823	5.056545878126265	230.0	16	1.05	0.95				
	201	2	38.64064221473685	7.87124193263158	0.0	0.0	2	1.0166630145054292	-11.241767595349485	138.0	21	1.05	0.95				
	202	2	34.705021248421055	7.155674484210526	0.0	0.0	2	1.0157988869361236	-11.485697129045814	138.0	22	1.05	0.95				
	203	1	64.40107035789474	13.237997795789475	0.0	0.0	2	1.0154261558494257	-8.686525470247151	138.0	21	1.05	0.95				
	204	1	26.47599559157895	5.366755863157895	0.0	0.0	2	1.0142895949591686	-11.130567405973581	138.0	21	1.05	0.95				
	205	1	25.402644418947368	5.008972138947369	0.0	0.0	2	1.0291186768685645	-11.430834559715434	138.0	21	1.05	0.95				
	206	1	48.658586492631585	10.017944277894738	0.0	-100.0	2	1.0444074367057437	-12.005044821490507	138.0	22	1.05	0.95				
	207	2	44.7229655263158	8.94459310526316	0.0	0.0	2	0.9995138836514466	-16.254779249294113	138.0	22	1.05	0.95				
	208	1	61.181016840000005	12.522430347368422	0.0	0.0	2	1.0054292741125992	-14.674872822516106	138.0	22	1.05	0.95				
	209	1	62.612151736842115	12.88021407157895	0.0	0.0	2	1.0228411691246022	-9.353291017670813	138.0	23	1.05	0.95				
	210	1	69.76782622105263	14.311348968421052	0.0	0.0	2	1.05	-10.467537414112535	138.0	23	1.05	0.95				
	211	1	0.0	0.0	0.0	0.0	2	1.000104482831767	-7.4498001548081865	230.0	23	1.05	0.95				
	212	1	0.0	0.0	0.0	0.0	2	1.0061207722635666	-4.356404015387494	230.0	23	1.05	0.95				
	213	2	94.81268691578948	19.320321107368425	0.0	0.0	2	0.9907076189607495	-6.231564753093031	230.0	24	1.05	0.95				
	214	2	69.41004249684211	13.953565244210528	0.0	0.0	2	0.9965080259805459	-5.889687629814738	230.0	26	1.05	0.95				
	215	2	113.41744057473684	22.898158349473686	0.0	0.0	2	1.014974761705223	-0.5153536963495621	230.0	26	1.05	0.95				
	216	2	35.77837242105264	7.155674484210526	0.0	0.0	2	1.0130189441927537	-1.4910110423504386	230.0	26	1.05	0.95				
	217	1	0.0	0.0	0.0	0.0	2	1.0195174310802115	0.22431431112741462	230.0	27	1.05	0.95				
	218	2	119.14198016210527	24.329293246315792	0.0	0.0	2	1.0193945085176896	-0.011752099741763427	230.0	27	1.05	0.95				
	219	1	64.75885408210527	13.237997795789475	0.0	0.0	2	1.0081360150309258	-2.843384036327468	230.0	25	1.05	0.95				
	220	1	45.79631669894737	9.302376829473685	0.0	0.0	2	1.0063457440781014	-3.2992590746405086	230.0	25	1.05	0.95				
	221	2	0.0	0.0	0.0	0.0	2	1.0214676432037877	0.6207277319387922	230.0	27	1.05	0.95				
	222	2	0.0	0.0	0.0	0.0	2	1.0433048985004056	7.040145859058006	230.0	27	1.05	0.95				
	223	2	0.0	0.0	0.0	0.0	2	1.0055995629321	-3.2619445398084856	230.0	25	1.05	0.95				
	224	1	0.0	0.0	0.0	0.0	2	1.0049959974224443	-3.608287261415031	230.0	26	1.05	0.95				
	301	2	61.63619108210527	12.555520405614038	0.0	0.0	3	1.0003517740277699	-5.770933594488253	138.0	31	1.05	0.95				
	302	2	55.35843087929825	11.414109459649124	0.0	0.0	3	1.0001758879368523	-5.8364094303956975	138.0	32	1.05	0.95				
	303	1	102.72698513684213	21.11610250035088	0.0	0.0	3	1.0154048850289985	-1.9266312025123766	138.0	31	1.05	0.95				
	304	1	42.23220500070176	8.560582094736843	0.0	0.0	3	1.0033555331364097	-3.9597921111471064	138.0	31	1.05	0.95				
	305	1	40.520088581754386	7.989876621754388	0.0	0.0	3	1.0166268183181952	-4.059661994878458	138.0	31	1.05	0.95				
	306	1	77.61594432561405	15.979753243508776	0.0	-100.0	3	1.0339805217409086	-3.7527809380071684	138.0	32	1.05	0.95				
	307	2	71.33818412280702	14.267636824561405	0.0	0.0	3	0.9931674906682653	-8.677644737036225	138.0	32	1.05	0.95				
	308	1	97.59063588000001	19.974691554385966	0.0	0.0	3	0.999161638926462	-6.065867329475291	138.0	32	1.05	0.95				
	309	1	99.87345777192984	20.545397027368423	0.0	0.0	3	1.0257280044966723	-0.09527881746342029	138.0	33	1.05	0.95				
	310	1	111.28756723157895	22.828218919298248	0.0	0.0	3	1.05	-0.5257121596119451	138.0	33	1.05	0.95				
	311	1	0.0	0.0	0.0	0.0	3	1.0132999009909311	5.488090874445198	230.0	33	1.05	0.95				
	312	1	0.0	0.0	0.0	0.0	3	1.0179711098087494	6.757033420778753	230.0	33	1.05	0.95				
	313	2	151.2369503403509	30.818095541052635	0.0	0.0	3	1.0320259142919672	12.535218924512161	230.0	34	1.05	0.95				
	314	2	110.7168617585965	22.257513446315794	0.0	0.0	3	1.0135398078356361	5.05074394119155	230.0	36	1.05	0.95				
	315	2	180.9136349354386	36.5251502708772	0.0	0.0	3	1.0251596864912547	1.6926408368595627	230.0	36	1.05	0.95				
	316	2	57.07054729824562	11.414109459649124	0.0	0.0	3	1.0261467470678094	2.8364679287445895	230.0	36	1.05	0.95				
	317	1	0.0	0.0	0.0	0.0	3	1.0300084164261176	3.0655461656401393	230.0	37	1.05	0.95				
	318	2	190.04492250315792	38.807972162807026	0.0	0.0	3	1.0261796311519413	1.627413188204644	230.0	37	1.05	0.95				
	319	1	103.29769060982458	21.11610250035088	0.0	0.0	3	1.0269090601367084	5.335551374980325	230.0	35	1.05	0.95				
	320	1	73.0503005417544	14.838342297543864	0.0	0.0	3	1.030064786045471	7.2159790255578224	230.0	35	1.05	0.95				
	321	2	0.0	0.0	0.0	0.0	3	1.028017249762261	2.238216915774953	230.0	37	1.05	0.95				
	322	2	0.0	0.0	0.0	0.0	3	1.0422344321453003	6.934926872422045	230.0	37	1.05	0.95				
	323	2	0.0	0.0	0.0	0.0	3	1.0322204938544728	8.104984679048814	230.0	35	1.05	0.95				
	324	1	0.0	0.0	0.0	0.0	3	1.0178148169752004	2.235671787758566	230.0	36	1.05	0.95				
	325	1	0.0	0.0	0.0	0.0	3	1.0334857544625504	8.513295198983654	230.0	35	1.05	0.95				
];
