%% MATPOWER Case Format : Version 2
function mpc = RTS_GMLC
mpc.version = '2';

%%-----  Power Flow Data  -----%%
%% system MVA base
mpc.baseMVA = 100.0;
%% bus data
%    bus_i    type    Pd    Qd    Gs    Bs    area    Vm    Va    baseKV    zone    Vmax    Vmin
mpc.bus = [
	101	2	40.666996534736846	8.284017812631578	0.0	0.0	1	1.0121402022794659	-4.00668101395231	138.0	11	1.05	0.95				
	102	2	36.524987628421044	7.530925284210527	0.0	0.0	1	1.0120819102671677	-4.215357598296255	138.0	12	1.05	0.95				
	103	1	67.77832755789474	13.932211775789472	0.0	0.0	1	1.0014644653123053	0.6600769085808871	138.0	11	1.05	0.95				
	104	1	27.864423551578945	5.648193963157894	0.0	0.0	1	1.0028725417859938	-4.049458030174974	138.0	11	1.05	0.95				
	105	1	26.734784758947367	5.271647698947368	0.0	0.0	1	1.016987499600113	-5.050868925218058	138.0	11	1.05	0.95				
	106	1	51.21029193263158	10.543295397894736	0.0	-100.0	1	1.0277668457197449	-6.102003383716466	138.0	12	1.05	0.95				
	107	2	47.06828302631578	9.413656605263157	0.0	0.0	1	0.9854431638412121	-9.214137205564064	138.0	12	1.05	0.95				
	108	1	64.38941118	13.179119247368417	0.0	0.0	1	0.9885107117115989	-8.220552366813413	138.0	12	1.05	0.95				
	109	1	65.8955962368421	13.555665511578946	0.0	0.0	1	1.0020843262002257	-3.0745292577990506	138.0	13	1.05	0.95				
	110	1	73.42652152105262	15.061850568421054	0.0	0.0	1	1.0306478606667668	-4.86345570432932	138.0	13	1.05	0.95				
	111	1	0.0	0.0	0.0	0.0	1	0.9805777450644518	-0.6131465559065555	230.0	13	1.05	0.95				
	112	1	0.0	0.0	0.0	0.0	1	0.9821901311688018	-1.3547284791055543	230.0	13	1.05	0.95				
	113	3	99.78476001578946	20.333498267368423	0.0	0.0	1	0.9622831162965163	-2.0088749663733174e-26	230.0	14	1.05	0.95				
	114	2	73.04997525684209	14.685304304210526	0.0	0.0	1	0.9879466754445345	2.3644849118303064	230.0	16	1.05	0.95				
	115	2	119.36516575473684	24.098960909473682	0.0	0.0	1	0.9884129527988015	10.585179498868232	230.0	16	1.05	0.95				
	116	2	37.654626421052626	7.530925284210527	0.0	0.0	1	0.9875784960096959	9.172184756626313	230.0	16	1.05	0.95				
	117	1	0.0	0.0	0.0	0.0	1	0.9907604788759687	14.371652955236314	230.0	17	1.05	0.95				
	118	2	125.38990598210526	25.60514596631579	0.0	0.0	1	0.9970051978723117	14.90522005499861	230.0	17	1.05	0.95				
	119	1	68.15487382210526	13.932211775789472	0.0	0.0	1	0.9881037915711373	5.841805160383327	230.0	15	1.05	0.95				
	120	1	48.197921818947364	9.790202869473683	0.0	0.0	1	0.9927903194285127	3.3739958204206424	230.0	15	1.05	0.95				
	121	2	0.0	0.0	0.0	0.0	1	0.9975390214594058	16.106994544483932	230.0	17	1.05	0.95				
	122	2	0.0	0.0	0.0	0.0	1	1.008511542408341	31.30871243566097	230.0	17	1.05	0.95				
	123	2	0.0	0.0	0.0	0.0	1	0.9961827465175224	2.333890792604894	230.0	15	1.05	0.95				
	124	1	0.0	0.0	0.0	0.0	1	0.9815131037945911	6.778732519179282	230.0	16	1.05	0.95				
	201	2	39.52463403789474	8.051314341052631	0.0	0.0	2	1.0110241952639516	-9.69655853387255	138.0	21	1.05	0.95				
	202	2	35.49897686736842	7.319376673684211	0.0	0.0	2	1.00999117124859	-9.842835165909177	138.0	22	1.05	0.95				
	203	1	65.87439006315789	13.540846846315787	0.0	0.0	2	0.9980885187689079	-7.392003717094479	138.0	21	1.05	0.95				
	204	1	27.081693692631575	5.489532505263157	0.0	0.0	2	1.0026003463396804	-8.936803827731742	138.0	21	1.05	0.95				
	205	1	25.983787191578944	5.123563671578948	0.0	0.0	2	1.018571296125901	-9.263121668199101	138.0	21	1.05	0.95				
	206	1	49.771761381052634	10.247127343157896	0.0	-100.0	2	1.0311339323356465	-9.492263362905767	138.0	22	1.05	0.95				
	207	2	45.74610421052632	9.149220842105263	0.0	0.0	2	0.9720534753005697	-13.732321032386908	138.0	22	1.05	0.95				
	208	1	62.580670559999994	12.808909178947367	0.0	0.0	2	0.9825226299261096	-12.09686547078492	138.0	22	1.05	0.95				
	209	1	64.04454589473684	13.174878012631577	0.0	0.0	2	1.0072197303180872	-6.630684363102055	138.0	23	1.05	0.95				
	210	1	71.36392256842105	14.638753347368421	0.0	0.0	2	1.0350533709677083	-7.61624923271148	138.0	23	1.05	0.95				
	211	1	0.0	0.0	0.0	0.0	2	0.9863288412384472	-4.4668404296121045	230.0	23	1.05	0.95				
	212	1	0.0	0.0	0.0	0.0	2	0.988931081751612	-0.218075779765364	230.0	23	1.05	0.95				
	213	2	96.98174092631578	19.76231701894737	0.0	0.0	2	0.981568297141694	-2.1101709347037914	230.0	24	1.05	0.95				
	214	2	70.99795373473684	14.272784513684211	0.0	0.0	2	0.9806397155921692	-3.7152846773445654	230.0	26	1.05	0.95				
	215	2	116.01212027789474	23.422005355789473	0.0	0.0	2	0.9903764646606028	-0.11396641795755955	230.0	26	1.05	0.95				
	216	2	36.596883368421054	7.319376673684211	0.0	0.0	2	0.988235747205647	-0.25483189392026667	230.0	26	1.05	0.95				
	217	1	0.0	0.0	0.0	0.0	2	0.9987840109990945	0.5431749557812747	230.0	27	1.05	0.95				
	218	2	121.8676216168421	24.885880690526317	0.0	0.0	2	0.9996971815788667	0.06088782094206077	230.0	27	1.05	0.95				
	219	1	66.2403588968421	13.540846846315787	0.0	0.0	2	0.9820718136627143	0.6803844976101391	230.0	25	1.05	0.95				
	220	1	46.844010711578946	9.515189675789474	0.0	0.0	2	0.9794706892671426	2.283245417694803	230.0	25	1.05	0.95				
	221	2	0.0	0.0	0.0	0.0	2	1.0018967950306348	0.5287543938966582	230.0	27	1.05	0.95				
	222	2	0.0	0.0	0.0	0.0	2	1.0188758378028497	4.875808879801183	230.0	27	1.05	0.95				
	223	2	0.0	0.0	0.0	0.0	2	0.9790284466849604	3.4800106633544554	230.0	25	1.05	0.95				
	224	1	0.0	0.0	0.0	0.0	2	0.9842593434769855	-2.8916679930846256	230.0	26	1.05	0.95				
	301	2	54.93957608842105	11.191395129122807	0.0	0.0	3	1.006740840921242	23.751884780462383	138.0	31	1.05	0.95				
	302	2	49.343878523859644	10.173995571929824	0.0	0.0	3	1.0071815310427201	23.4324808255132	138.0	32	1.05	0.95				
	303	1	91.56596014736841	18.821891808070173	0.0	0.0	3	1.0172737083654868	36.847595381627336	138.0	31	1.05	0.95				
	304	1	37.64378361614035	7.630496678947367	0.0	0.0	3	0.9977394209680446	25.031543341881093	138.0	31	1.05	0.95				
	305	1	36.11768428035087	7.121796900350877	0.0	0.0	3	1.0146869622385684	23.218891980170103	138.0	31	1.05	0.95				
	306	1	69.18316988912281	14.243593800701754	0.0	-100.0	3	1.0265159513105402	22.31659237818816	138.0	32	1.05	0.95				
	307	2	63.5874723245614	12.71749446491228	0.0	0.0	3	0.9674451327038694	19.013530420989355	138.0	32	1.05	0.95				
	308	1	86.98766213999998	17.80449225087719	0.0	0.0	3	0.9790603472086121	21.356201457675947	138.0	32	1.05	0.95				
	309	1	89.02246125438596	18.313192029473683	0.0	0.0	3	1.007098213878323	28.505290146630326	138.0	33	1.05	0.95				
	310	1	99.19645682631578	20.347991143859648	0.0	0.0	3	1.0354092501055983	24.355376211455287	138.0	33	1.05	0.95				
	311	1	0.0	0.0	0.0	0.0	3	0.9918494102541058	28.628399255565814	230.0	33	1.05	0.95				
	312	1	0.0	0.0	0.0	0.0	3	1.0000132551458532	28.765538600362724	230.0	33	1.05	0.95				
	313	2	134.80544132807015	27.469788044210524	0.0	0.0	3	0.9997675567116152	31.229291396869485	230.0	34	1.05	0.95				
	314	2	98.68775704771929	19.839291365263158	0.0	0.0	3	0.9801799096796712	28.65441738874772	230.0	36	1.05	0.95				
	315	2	161.2578298150877	32.556785830175436	0.0	0.0	3	0.9831644903653891	27.625341592171758	230.0	36	1.05	0.95				
	316	2	50.86997785964912	10.173995571929824	0.0	0.0	3	0.9720294707786673	27.99195034833178	230.0	36	1.05	0.95				
	317	1	0.0	0.0	0.0	0.0	3	0.9892467774135224	29.88078921454584	230.0	37	1.05	0.95				
	318	2	169.39702627263156	34.591584944561404	0.0	0.0	3	0.9855664220177803	26.372760887936362	230.0	37	1.05	0.95				
	319	1	92.07465992596491	18.821891808070173	0.0	0.0	3	0.982426108204287	27.647238434861144	230.0	35	1.05	0.95				
	320	1	65.11357166035087	13.226194243508772	0.0	0.0	3	0.9929064177483865	27.183536372313096	230.0	35	1.05	0.95				
	321	2	0.0	0.0	0.0	0.0	3	0.9928439143177448	27.212997592790686	230.0	37	1.05	0.95				
	322	2	0.0	0.0	0.0	0.0	3	1.0090927290431548	30.74176155248086	230.0	37	1.05	0.95				
	323	2	0.0	0.0	0.0	0.0	3	0.9984226909975816	26.800394822546938	230.0	35	1.05	0.95				
	324	1	0.0	0.0	0.0	0.0	3	0.9951166212582128	32.42820764235519	230.0	36	1.05	0.95				
