%% MATPOWER Case Format : Version 2
function mpc = RTS_GMLC
mpc.version = '2';

%%-----  Power Flow Data  -----%%
%% system MVA base
mpc.baseMVA = 100.0;
%% bus data
%    bus_i    type    Pd    Qd    Gs    Bs    area    Vm    Va    baseKV    zone    Vmax    Vmin
mpc.bus = [
	101	2	86.1969322231579	17.558634341754388	0.0	0.0	1	1.0348966678655969	-3.1550036435313897	138.0	11	1.05	0.95				
	102	2	77.41761505228071	15.962394856140353	0.0	0.0	1	1.0346778090220208	-3.279189667888927	138.0	12	1.05	0.95				
	103	1	143.66155370526317	29.53043048385965	0.0	0.0	1	1.0199837167750836	-3.34821517695919	138.0	11	1.05	0.95				
	104	1	59.0608609677193	11.971796142105264	0.0	0.0	1	1.016238591775117	-6.116056978783482	138.0	11	1.05	0.95				
	105	1	56.66650173929825	11.173676399298248	0.0	0.0	1	1.0317971703854671	-6.159844351487125	138.0	11	1.05	0.95				
	106	1	108.54428502175439	22.347352798596496	0.0	-100.0	1	1.0352620996653117	-8.579849066403499	138.0	12	1.05	0.95				
	107	2	99.7649678508772	19.95299357017544	0.0	0.0	1	1.05	-4.130950716085912	138.0	12	1.05	0.95				
	108	1	136.47847602000002	27.93419099824561	0.0	0.0	1	1.0240986490593214	-7.35813254594641	138.0	12	1.05	0.95				
	109	1	139.6709549912281	28.73231074105263	0.0	0.0	1	1.026981215445341	-5.213537395220927	138.0	13	1.05	0.95				
	110	1	155.63334984736844	31.924789712280706	0.0	0.0	1	1.05	-6.694507771629014	138.0	13	1.05	0.95				
	111	1	0.0	0.0	0.0	0.0	1	1.016448611013579	-2.065713668989329	230.0	13	1.05	0.95				
	112	1	0.0	0.0	0.0	0.0	1	1.0176614911484247	-1.0570718076479526	230.0	13	1.05	0.95				
	113	3	211.5017318438597	43.09846611157895	0.0	0.0	1	1.0195187403513808	4.0215341685915155e-28	230.0	14	1.05	0.95				
	114	2	154.83523010456142	31.126669969473685	0.0	0.0	1	1.0208988110173096	0.02873857351886694	230.0	16	1.05	0.95				
	115	2	253.00395846982457	51.079663539649125	0.0	0.0	1	1.0452079232198577	8.100714623837366	230.0	16	1.05	0.95				
	116	2	79.81197428070176	15.962394856140353	0.0	0.0	1	1.0449599860080274	7.81556183584596	230.0	16	1.05	0.95				
	117	1	0.0	0.0	0.0	0.0	1	1.047686160186992	11.022520443028583	230.0	17	1.05	0.95				
	118	2	265.77387435473685	54.272142510877195	0.0	0.0	1	1.049861432871162	11.581724298058546	230.0	17	1.05	0.95				
	119	1	144.4596734480702	29.53043048385965	0.0	0.0	1	1.039633738547962	6.724680768846376	230.0	15	1.05	0.95				
	120	1	102.15932707929825	20.751113312982458	0.0	0.0	1	1.0419043596036068	7.1429175048530285	230.0	15	1.05	0.95				
	121	2	0.0	0.0	0.0	0.0	1	1.05	12.199437419244436	230.0	17	1.05	0.95				
	122	2	0.0	0.0	0.0	0.0	1	1.05	19.87581452706084	230.0	17	1.05	0.95				
	123	2	0.0	0.0	0.0	0.0	1	1.0455055417862138	7.9569728641644994	230.0	15	1.05	0.95				
	124	1	0.0	0.0	0.0	0.0	1	1.0214118073427192	3.8708676059230074	230.0	16	1.05	0.95				
	201	2	86.17220211789474	17.553596727719302	0.0	0.0	2	1.0353552128117272	-8.488538097122005	138.0	21	1.05	0.95				
	202	2	77.39540375403509	15.957815207017545	0.0	0.0	2	1.037302975560031	-8.618081595149762	138.0	22	1.05	0.95				
	203	1	143.62033686315792	29.521958132982455	0.0	0.0	2	1.0270385373374784	-6.292297864774614	138.0	21	1.05	0.95				
	204	1	59.04391626596491	11.968361405263158	0.0	0.0	2	1.0180219274712394	-10.090919512347577	138.0	21	1.05	0.95				
	205	1	56.65024398491229	11.170470644912282	0.0	0.0	2	1.0324404980310917	-10.419344441571617	138.0	21	1.05	0.95				
	206	1	108.51314340771931	22.340941289824563	0.0	-100.0	2	1.0364406672419872	-12.253648212332271	138.0	22	1.05	0.95				
	207	2	99.73634504385966	19.947269008771933	0.0	0.0	2	0.95	-24.091688056884813	138.0	22	1.05	0.95				
	208	1	136.43932002	27.926176612280702	0.0	0.0	2	0.9566625069382015	-20.13800505646771	138.0	22	1.05	0.95				
	209	1	139.63088306140352	28.72406737263158	0.0	0.0	2	1.0277594954996663	-8.074589265454533	138.0	23	1.05	0.95				
	210	1	155.58869826842107	31.91563041403509	0.0	0.0	2	1.05	-9.861444652294285	138.0	23	1.05	0.95				
	211	1	0.0	0.0	0.0	0.0	2	1.0335705939975492	-3.434677664757891	230.0	23	1.05	0.95				
	212	1	0.0	0.0	0.0	0.0	2	1.0288079405592185	0.38129463156601684	230.0	23	1.05	0.95				
	213	2	211.44105149298244	43.08610105894737	0.0	0.0	2	1.0499999881380442	0.6306604749717397	230.0	24	1.05	0.95				
	214	2	154.79080750807017	31.11773965368421	0.0	0.0	2	1.0499999999184066	-1.7055082670266426	230.0	26	1.05	0.95				
	215	2	252.93137103122808	51.065008662456144	0.0	0.0	2	1.045775749605552	5.534426090860196	230.0	26	1.05	0.95				
	216	2	79.78907603508773	15.957815207017545	0.0	0.0	2	1.05	5.662488762038875	230.0	26	1.05	0.95				
	217	1	0.0	0.0	0.0	0.0	2	1.0499934701298301	8.541810462419924	230.0	27	1.05	0.95				
	218	2	265.69762319684213	54.256571703859656	0.0	0.0	2	1.05	9.266635317341432	230.0	27	1.05	0.95				
	219	1	144.41822762350878	29.521958132982455	0.0	0.0	2	1.044138017085813	5.358516887355833	230.0	25	1.05	0.95				
	220	1	102.13001732491229	20.745159769122807	0.0	0.0	2	1.046189813214171	6.58365662418686	230.0	25	1.05	0.95				
	221	2	0.0	0.0	0.0	0.0	2	1.05	9.746682408942526	230.0	27	1.05	0.95				
	222	2	0.0	0.0	0.0	0.0	2	1.05	15.78592844293664	230.0	27	1.05	0.95				
	223	2	0.0	0.0	0.0	0.0	2	1.05	7.834715230850169	230.0	25	1.05	0.95				
	224	1	0.0	0.0	0.0	0.0	2	1.0238906108959784	1.1367596941536735	230.0	26	1.05	0.95				
	301	2	82.83644416421053	16.874090477894736	0.0	0.0	3	0.9997821085827907	-19.519055980025584	138.0	31	1.05	0.95				
	302	2	74.39939892526316	15.340082252631582	0.0	0.0	3	0.9997999671159223	-19.77542272051149	138.0	32	1.05	0.95				
	303	1	138.06074027368422	28.37915216736842	0.0	0.0	3	1.006053096056772	-12.436258034114141	138.0	31	1.05	0.95				
	304	1	56.75830433473684	11.505061689473683	0.0	0.0	3	0.9904582280464296	-17.538259350414865	138.0	31	1.05	0.95				
	305	1	54.4572919968421	10.738057576842106	0.0	0.0	3	1.0053453384792757	-17.99102842505158	138.0	31	1.05	0.95				
	306	1	104.31255931789474	21.476115153684212	0.0	-100.0	3	1.0151483782315216	-17.989100563306927	138.0	32	1.05	0.95				
	307	2	95.87551407894736	19.175102815789476	0.0	0.0	3	0.9860920683337444	-20.69887239299888	138.0	32	1.05	0.95				
	308	1	131.15770326	26.84514394210526	0.0	0.0	3	0.9814887251674993	-19.471761354162435	138.0	32	1.05	0.95				
	309	1	134.22571971052633	27.612148054736842	0.0	0.0	3	1.0117296064825876	-12.47749960124637	138.0	33	1.05	0.95				
	310	1	149.5658019631579	30.680164505263164	0.0	0.0	3	1.0339269295101785	-13.922431495426325	138.0	33	1.05	0.95				
	311	1	0.0	0.0	0.0	0.0	3	1.0071080595389783	-5.69292879856051	230.0	33	1.05	0.95				
	312	1	0.0	0.0	0.0	0.0	3	1.0070213147395513	-5.015215219069845	230.0	33	1.05	0.95				
	313	2	203.2560898473684	41.41822208210527	0.0	0.0	3	1.0247354309358168	-0.10367188962062067	230.0	34	1.05	0.95				
	314	2	148.7987978505263	29.913160392631582	0.0	0.0	3	1.0212267417349803	-3.285133693629645	230.0	36	1.05	0.95				
	315	2	243.14030370421054	49.088263208421054	0.0	0.0	3	1.0453306109774587	-0.43290770742242646	230.0	36	1.05	0.95				
	316	2	76.7004112631579	15.340082252631582	0.0	0.0	3	1.0424167177512214	0.36156185898922183	230.0	36	1.05	0.95				
	317	1	0.0	0.0	0.0	0.0	3	1.0468321932196785	2.3357921863062927	230.0	37	1.05	0.95				
	318	2	255.41236950631577	52.15627965894737	0.0	0.0	3	1.0468342185007973	2.1125268816371245	230.0	37	1.05	0.95				
	319	1	138.8277443863158	28.37915216736842	0.0	0.0	3	1.0367318263757876	0.3227236179205162	230.0	35	1.05	0.95				
	320	1	98.17652641684211	19.942106928421055	0.0	0.0	3	1.0358713639208565	0.6258160725013892	230.0	35	1.05	0.95				
	321	2	0.0	0.0	0.0	0.0	3	1.0497207675008047	2.933209764942602	230.0	37	1.05	0.95				
	322	2	0.0	0.0	0.0	0.0	3	1.05	8.473308719127932	230.0	37	1.05	0.95				
	323	2	0.0	0.0	0.0	0.0	3	1.036542122499868	0.9653167915659154	230.0	35	1.05	0.95				
	324	1	0.0	0.0	0.0	0.0	3	1.0178475771479607	-3.147560746311321	230.0	36	1.05	0.95				
	325	1	0.0	0.0	0.0	0.0	3	1.0350497913257468	1.9114196280940081	230.0	35	1.05	0.95				
];
