%% MATPOWER Case Format : Version 2
function mpc = RTS_GMLC
mpc.version = '2';

%%-----  Power Flow Data  -----%%
%% system MVA base
mpc.baseMVA = 100.0;
%% bus data
%    bus_i    type    Pd    Qd    Gs    Bs    area    Vm    Va    baseKV    zone    Vmax    Vmin
mpc.bus = [
	101	2	48.37555667368421	9.854280063157894	0.0	0.0	1	1.0153205142774464	1.985793404975912	138.0	11	1.05	0.95				
	102	2	43.44841664210526	8.958436421052632	0.0	0.0	1	1.0142132580722465	1.6649572254158589	138.0	12	1.05	0.95				
	103	1	80.62592778947368	16.57310737894737	0.0	0.0	1	1.0244895962578588	2.23506559686477	138.0	11	1.05	0.95				
	104	1	33.14621475789474	6.718827315789473	0.0	0.0	1	1.0126823545434547	-1.4611512227125638	138.0	11	1.05	0.95				
	105	1	31.80244929473684	6.270905494736842	0.0	0.0	1	1.0261086971604358	-1.4209138745561887	138.0	11	1.05	0.95				
	106	1	60.9173676631579	12.541810989473683	0.0	-100.0	1	1.0401162527840226	-3.804218482003235	138.0	12	1.05	0.95				
	107	2	55.990227631578946	11.19804552631579	0.0	0.0	1	0.9861760628705959	-12.068882459101017	138.0	12	1.05	0.95				
	108	1	76.5946314	15.677263736842104	0.0	0.0	1	0.9937432280159548	-9.490417318260928	138.0	12	1.05	0.95				
	109	1	78.38631868421052	16.125185557894735	0.0	0.0	1	1.025219334743431	-2.1426033119208316	138.0	13	1.05	0.95				
	110	1	87.34475510526315	17.916872842105263	0.0	0.0	1	1.05	-3.3917031720436173	138.0	13	1.05	0.95				
	111	1	0.0	0.0	0.0	0.0	1	1.0190499718275505	0.3760976735890362	230.0	13	1.05	0.95				
	112	1	0.0	0.0	0.0	0.0	1	1.015633817499235	-0.5371710820815793	230.0	13	1.05	0.95				
	113	3	118.69928257894735	24.187778336842104	0.0	0.0	1	1.001919658139751	2.8358879123453354e-26	230.0	14	1.05	0.95				
	114	2	86.89683328421052	17.468951021052632	0.0	0.0	1	1.042878310665089	3.7711253803446647	230.0	16	1.05	0.95				
	115	2	141.9912172736842	28.666996547368424	0.0	0.0	1	1.0399339673334274	13.234010510797251	230.0	16	1.05	0.95				
	116	2	44.79218210526316	8.958436421052632	0.0	0.0	1	1.0404476678943884	11.446066213714362	230.0	16	1.05	0.95				
	117	1	0.0	0.0	0.0	0.0	1	1.0388445707161231	17.45011489380289	230.0	17	1.05	0.95				
	118	2	149.1579664105263	30.45868383157895	0.0	0.0	1	1.0471709491102927	18.02667099248905	230.0	17	1.05	0.95				
	119	1	81.07384961052631	16.57310737894737	0.0	0.0	1	1.0370385031669762	7.371476779480478	230.0	15	1.05	0.95				
	120	1	57.33399309473685	11.64596734736842	0.0	0.0	1	1.040767333246931	4.687828820663506	230.0	15	1.05	0.95				
	121	2	0.0	0.0	0.0	0.0	1	1.0414419817176441	19.689390959159997	230.0	17	1.05	0.95				
	122	2	0.0	0.0	0.0	0.0	1	1.05	37.66564461598713	230.0	17	1.05	0.95				
	123	2	0.0	0.0	0.0	0.0	1	1.0439338634375799	3.5527645702163753	230.0	15	1.05	0.95				
	124	1	0.0	0.0	0.0	0.0	1	1.0204363830227037	9.13304548844561	230.0	16	1.05	0.95				
	201	2	55.35148748210526	11.275303005614036	0.0	0.0	2	1.0142624984052862	-17.867288345396087	138.0	21	1.05	0.95				
	202	2	49.713835979298246	10.250275459649123	0.0	0.0	2	1.0144249815653725	-17.958375249815898	138.0	22	1.05	0.95				
	203	1	92.25247913684211	18.963009600350876	0.0	0.0	2	1.0106343357815124	-13.831091974433406	138.0	21	1.05	0.95				
	204	1	37.92601920070175	7.6877065947368415	0.0	0.0	2	1.0106919159236685	-18.25635575529335	138.0	21	1.05	0.95				
	205	1	36.38847788175438	7.175192821754386	0.0	0.0	2	1.0257386532305015	-18.78137063883411	138.0	21	1.05	0.95				
	206	1	69.70187312561404	14.350385643508773	0.0	-100.0	2	1.039507149703516	-19.82544536257108	138.0	22	1.05	0.95				
	207	2	64.06422162280701	12.812844324561404	0.0	0.0	2	0.9902026725885205	-26.604177056577594	138.0	22	1.05	0.95				
	208	1	87.63985518	17.937982054385966	0.0	0.0	2	0.9935770560136049	-24.208970470630685	138.0	22	1.05	0.95				
	209	1	89.68991027192983	18.45049582736842	0.0	0.0	2	1.0229796812398084	-16.379877973942445	138.0	23	1.05	0.95				
	210	1	99.94018573157895	20.500550919298245	0.0	0.0	2	1.05	-18.051606426065504	138.0	23	1.05	0.95				
	211	1	0.0	0.0	0.0	0.0	2	1.0137213228058162	-12.842508799490188	230.0	23	1.05	0.95				
	212	1	0.0	0.0	0.0	0.0	2	1.0145630019212601	-11.625815441136652	230.0	23	1.05	0.95				
	213	2	135.81614984035087	27.67574374105263	0.0	0.0	2	1.0178056766661037	-11.009383472978861	230.0	24	1.05	0.95				
	214	2	99.42767195859649	19.98803714631579	0.0	0.0	2	1.0183365891288054	-10.057240761679733	230.0	26	1.05	0.95				
	215	2	162.4668660354386	32.800881470877194	0.0	0.0	2	1.030415319007554	-2.848459536475398	230.0	26	1.05	0.95				
	216	2	51.251377298245615	10.250275459649123	0.0	0.0	2	1.034411289566812	-3.004538356659537	230.0	26	1.05	0.95				
	217	1	0.0	0.0	0.0	0.0	2	1.0378237122194718	-1.1659651829701103	230.0	27	1.05	0.95				
	218	2	170.6670864031579	34.85093656280702	0.0	0.0	2	1.0356562028513252	-1.9078866291721899	230.0	27	1.05	0.95				
	219	1	92.76499290982456	18.963009600350876	0.0	0.0	2	1.037890383551794	-2.6130705491803496	230.0	25	1.05	0.95				
	220	1	65.60176294175439	13.32535809754386	0.0	0.0	2	1.0448312215839157	-1.304786624979654	230.0	25	1.05	0.95				
	221	2	0.0	0.0	0.0	0.0	2	1.036354129150339	-1.412174472989932	230.0	27	1.05	0.95				
	222	2	0.0	0.0	0.0	0.0	2	1.05	5.184327111489349	230.0	27	1.05	0.95				
	223	2	0.0	0.0	0.0	0.0	2	1.05	-0.2174860341666429	230.0	25	1.05	0.95				
	224	1	0.0	0.0	0.0	0.0	2	1.009445451804644	-6.925253964315677	230.0	26	1.05	0.95				
	301	2	68.8111357263158	14.017083203508774	0.0	0.0	3	1.0406527574632958	2.4244821052198238	138.0	31	1.05	0.95				
	302	2	61.8025941245614	12.742802912280702	0.0	0.0	3	1.0379352556908594	2.047648821279046	138.0	32	1.05	0.95				
	303	1	114.68522621052632	23.5741853877193	0.0	0.0	3	1.05	20.40550671289508	138.0	31	1.05	0.95				
	304	1	47.1483707754386	9.557102184210526	0.0	0.0	3	1.010198445345493	4.486495612215978	138.0	31	1.05	0.95				
	305	1	45.236950338596486	8.919962038596491	0.0	0.0	3	1.0311622535393532	1.4422219380635886	138.0	31	1.05	0.95				
	306	1	86.65105980350877	17.839924077192983	0.0	-100.0	3	1.0316178467643002	0.17022641655197493	138.0	32	1.05	0.95				
	307	2	79.64251820175438	15.928503640350877	0.0	0.0	3	0.95	1.973491413417739	138.0	32	1.05	0.95				
	308	1	108.9509649	22.299905096491226	0.0	0.0	3	0.9627739447502119	1.4407285210130738	138.0	32	1.05	0.95				
	309	1	111.49952548245614	22.93704524210526	0.0	0.0	3	1.0108446251044212	9.195890391000479	138.0	33	1.05	0.95				
	310	1	124.24232839473683	25.485605824561404	0.0	0.0	3	1.037184029960187	2.476153153723222	138.0	33	1.05	0.95				
	311	1	0.0	0.0	0.0	0.0	3	0.9971437354035835	7.857520951848508	230.0	33	1.05	0.95				
	312	1	0.0	0.0	0.0	0.0	3	1.0010703231472746	8.397077596637986	230.0	33	1.05	0.95				
	313	2	168.8421385877193	34.4055678631579	0.0	0.0	3	0.9966572673423104	10.064145953890288	230.0	34	1.05	0.95				
	314	2	123.6051882491228	24.84846567894737	0.0	0.0	3	0.9958474849396356	8.068107571585642	230.0	36	1.05	0.95				
	315	2	201.97342615964914	40.776969319298246	0.0	0.0	3	1.05	12.498596578680921	230.0	36	1.05	0.95				
	316	2	63.71401456140351	12.742802912280702	0.0	0.0	3	1.0421254021028359	12.193100038131938	230.0	36	1.05	0.95				
	317	1	0.0	0.0	0.0	0.0	3	1.05	17.461901334907395	230.0	37	1.05	0.95				
	318	2	212.16766848947367	43.325529901754386	0.0	0.0	3	1.0423932422293332	14.133016764928728	230.0	37	1.05	0.95				
	319	1	115.32236635614035	23.5741853877193	0.0	0.0	3	1.0253684731909658	10.739658528111493	230.0	35	1.05	0.95				
	320	1	81.55393863859649	16.565643785964912	0.0	0.0	3	1.016427300170823	10.69168949119348	230.0	35	1.05	0.95				
	321	2	0.0	0.0	0.0	0.0	3	1.0450929332711199	14.26236404212206	230.0	37	1.05	0.95				
	322	2	0.0	0.0	0.0	0.0	3	1.0499999980561603	19.86060622158052	230.0	37	1.05	0.95				
	323	2	0.0	0.0	0.0	0.0	3	1.0130861876123607	11.16452103828613	230.0	35	1.05	0.95				
	324	1	0.0	0.0	0.0	0.0	3	1.0472734427267363	15.522483390131205	230.0	36	1.05	0.95				
	325	1	0.0	0.0	0.0	0.0	3	1.0139669013301829	11.905010703247513	230.0	35	1.05	0.95				
];
