%% MATPOWER Case Format : Version 2
function mpc = RTS_GMLC
mpc.version = '2';

%%-----  Power Flow Data  -----%%
%% system MVA base
mpc.baseMVA = 100.0;
%% bus data
%    bus_i    type    Pd    Qd    Gs    Bs    area    Vm    Va    baseKV    zone    Vmax    Vmin
mpc.bus = [
	101	2	54.72142503157895	11.146956950877192	0.0	0.0	1	1.0316092229661136	-0.1704158034315677	138.0	11	1.05	0.95				
	102	2	49.14794655614035	10.133597228070174	0.0	0.0	1	1.0306242564013122	-0.4659974083126871	138.0	12	1.05	0.95				
	103	1	91.20237505263158	18.747154871929823	0.0	0.0	1	1.0279151676661638	-0.025390303897356345	138.0	11	1.05	0.95				
	104	1	37.494309743859645	7.60019792105263	0.0	0.0	1	1.0190770439474992	-3.095486185452049	138.0	11	1.05	0.95				
	105	1	35.974270159649116	7.093518059649123	0.0	0.0	1	1.034051760181216	-3.0648876773472	138.0	11	1.05	0.95				
	106	1	68.9084611508772	14.187036119298247	0.0	-100.0	1	1.0428329643466543	-5.229656477666874	138.0	12	1.05	0.95				
	107	2	63.33498267543859	12.66699653508772	0.0	0.0	1	0.9991600725903047	-11.067298104159537	138.0	12	1.05	0.95				
	108	1	86.64225629999999	17.733795149122805	0.0	0.0	1	1.0007634564641776	-9.563529086250036	138.0	12	1.05	0.95				
	109	1	88.66897574561403	18.240475010526314	0.0	0.0	1	1.024924362749475	-3.185792310266028	138.0	13	1.05	0.95				
	110	1	98.80257297368419	20.26719445614035	0.0	0.0	1	1.05	-4.395241057831346	138.0	13	1.05	0.95				
	111	1	0.0	0.0	0.0	0.0	1	1.008730649245538	-0.49511712631608296	230.0	13	1.05	0.95				
	112	1	0.0	0.0	0.0	0.0	1	1.0112259917026842	-0.5526827449626214	230.0	13	1.05	0.95				
	113	3	134.27016327192982	27.360712515789476	0.0	0.0	1	1.0028325334604888	-1.0245883507364815e-30	230.0	14	1.05	0.95				
	114	2	98.2958931122807	19.76051459473684	0.0	0.0	1	1.0125805503622844	2.448951951689807	230.0	16	1.05	0.95				
	115	2	160.61751606491225	32.42751112982456	0.0	0.0	1	1.0439302958872447	10.231188253442888	230.0	16	1.05	0.95				
	116	2	50.66798614035088	10.133597228070174	0.0	0.0	1	1.0401683345231734	9.582384200687097	230.0	16	1.05	0.95				
	117	1	0.0	0.0	0.0	0.0	1	1.0427079368641194	13.808082582090245	230.0	17	1.05	0.95				
	118	2	168.72439384736842	34.4542305754386	0.0	0.0	1	1.049190875348654	13.854398053596052	230.0	17	1.05	0.95				
	119	1	91.70905491403508	18.747154871929823	0.0	0.0	1	1.0318473902838432	7.224031687706127	230.0	15	1.05	0.95				
	120	1	64.85502225964912	13.173676396491226	0.0	0.0	1	1.029405658119921	6.1314209268356485	230.0	15	1.05	0.95				
	121	2	0.0	0.0	0.0	0.0	1	1.05	15.09593046142264	230.0	17	1.05	0.95				
	122	2	0.0	0.0	0.0	0.0	1	1.05	30.706249811591196	230.0	17	1.05	0.95				
	123	2	0.0	0.0	0.0	0.0	1	1.0289424308753323	5.915062428672725	230.0	15	1.05	0.95				
	124	1	0.0	0.0	0.0	0.0	1	1.0250940797815051	6.4104228989357095	230.0	16	1.05	0.95				
	201	2	45.372579877894744	9.242562567719299	0.0	0.0	2	1.0220108433963702	-10.208022835511946	138.0	21	1.05	0.95				
	202	2	40.75129859403509	8.402329607017545	0.0	0.0	2	1.0225120093655282	-10.116934657729939	138.0	22	1.05	0.95				
	203	1	75.6209664631579	15.544309772982457	0.0	0.0	2	1.0171485313034547	-9.133703980547507	138.0	21	1.05	0.95				
	204	1	31.088619545964914	6.301747205263158	0.0	0.0	2	1.0164942153974243	-11.284420740539511	138.0	21	1.05	0.95				
	205	1	29.82827010491228	5.881630724912282	0.0	0.0	2	1.0309566588199204	-11.554558510126816	138.0	21	1.05	0.95				
	206	1	57.135841327719305	11.763261449824563	0.0	-100.0	2	1.043991885903657	-12.717729680666663	138.0	22	1.05	0.95				
	207	2	52.51456004385966	10.502912008771931	0.0	0.0	2	0.9923201033750578	-18.552946432356375	138.0	22	1.05	0.95				
	208	1	71.83991814000001	14.704076812280704	0.0	0.0	2	0.9988785396502448	-16.664030054156903	138.0	22	1.05	0.95				
	209	1	73.5203840614035	15.12419329263158	0.0	0.0	2	1.0232667268206117	-10.504767408561902	138.0	23	1.05	0.95				
	210	1	81.92271366842105	16.80465921403509	0.0	0.0	2	1.05	-11.565280381222328	138.0	23	1.05	0.95				
	211	1	0.0	0.0	0.0	0.0	2	1.0051899008233818	-7.672246489082212	230.0	23	1.05	0.95				
	212	1	0.0	0.0	0.0	0.0	2	1.0082884660558193	-6.796012080216838	230.0	23	1.05	0.95				
	213	2	111.33086729298248	22.686289938947372	0.0	0.0	2	1.0004623860571105	-6.319672475637978	230.0	24	1.05	0.95				
	214	2	81.50259718807018	16.384542733684214	0.0	0.0	2	1.0052092846325358	-5.373786811503996	230.0	26	1.05	0.95				
	215	2	133.17692427122807	26.887454742456146	0.0	0.0	2	1.0249826857862017	0.3892090442007387	230.0	26	1.05	0.95				
	216	2	42.011648035087724	8.402329607017545	0.0	0.0	2	1.0260127220845647	0.4010431953738573	230.0	26	1.05	0.95				
	217	1	0.0	0.0	0.0	0.0	2	1.031002374844425	2.161026400027025	230.0	27	1.05	0.95				
	218	2	139.8987879568421	28.567920663859653	0.0	0.0	2	1.0300475763422237	1.554241876738583	230.0	27	1.05	0.95				
	219	1	76.04108294350878	15.544309772982457	0.0	0.0	2	1.026624537982841	0.4485142396074375	230.0	25	1.05	0.95				
	220	1	53.77490948491229	10.923028489122808	0.0	0.0	2	1.0299411851306826	1.3081829904177014	230.0	25	1.05	0.95				
	221	2	0.0	0.0	0.0	0.0	2	1.0315231801627291	1.9729431617627555	230.0	27	1.05	0.95				
	222	2	0.0	0.0	0.0	0.0	2	1.05	8.540691164736064	230.0	27	1.05	0.95				
	223	2	0.0	0.0	0.0	0.0	2	1.0325128970545348	2.098732314327621	230.0	25	1.05	0.95				
	224	1	0.0	0.0	0.0	0.0	2	1.0103027232636461	-3.185623625804119	230.0	26	1.05	0.95				
	301	2	56.71622902736843	11.553305912982456	0.0	0.0	3	1.0146683118276838	-9.814142207867775	138.0	31	1.05	0.95				
	302	2	50.93957607087719	10.503005375438597	0.0	0.0	3	1.013114645028785	-10.140495521923873	138.0	32	1.05	0.95				
	303	1	94.52704837894737	19.430559944561406	0.0	0.0	3	1.05	3.9581643329107643	138.0	31	1.05	0.95				
	304	1	38.86111988912281	7.877254031578946	0.0	0.0	3	1.0106610627791388	-8.585705315021732	138.0	31	1.05	0.95				
	305	1	37.28566908280702	7.352103762807018	0.0	0.0	3	1.0257670149390978	-10.678240515772794	138.0	31	1.05	0.95				
	306	1	71.42043655298245	14.704207525614036	0.0	-100.0	3	1.0388471965724486	-11.762167595275864	138.0	32	1.05	0.95				
	307	2	65.64378359649123	13.128756719298245	0.0	0.0	3	0.9902812787499973	-17.155997845430242	138.0	32	1.05	0.95				
	308	1	89.80069596	18.380259407017544	0.0	0.0	3	0.9933907552723041	-14.695769378481073	138.0	32	1.05	0.95				
	309	1	91.90129703508771	18.90540967578947	0.0	0.0	3	1.0260111890160966	-5.163855818431723	138.0	33	1.05	0.95				
	310	1	102.40430241052631	21.006010750877195	0.0	0.0	3	1.05	-9.858957940329812	138.0	33	1.05	0.95				
	311	1	0.0	0.0	0.0	0.0	3	1.0133667157410158	-4.568739869375255	230.0	33	1.05	0.95				
	312	1	0.0	0.0	0.0	0.0	3	1.016470339137875	-3.7841543015139383	230.0	33	1.05	0.95				
	313	2	139.1648212245614	28.358114513684214	0.0	0.0	3	1.0151066107630933	-1.6147245572636078	230.0	34	1.05	0.95				
	314	2	101.87915214175437	20.480860482105264	0.0	0.0	3	1.0146455614257546	-4.1345404719040335	230.0	36	1.05	0.95				
	315	2	166.47263520070175	33.60961720140351	0.0	0.0	3	1.0434729199570618	-0.17669720121484525	230.0	36	1.05	0.95				
	316	2	52.51502687719298	10.503005375438597	0.0	0.0	3	1.0393143992778007	-0.34449589860120283	230.0	36	1.05	0.95				
	317	1	0.0	0.0	0.0	0.0	3	1.0463913165137355	2.744134259636742	230.0	37	1.05	0.95				
	318	2	174.87503950105264	35.710218276491226	0.0	0.0	3	1.043307084622911	1.5322111939377998	230.0	37	1.05	0.95				
	319	1	95.0521986477193	19.430559944561406	0.0	0.0	3	1.033915071733052	-0.8064291374146043	230.0	35	1.05	0.95				
	320	1	67.21923440280702	13.653906988070174	0.0	0.0	3	1.0331830217132631	-0.20257134999351875	230.0	35	1.05	0.95				
	321	2	0.0	0.0	0.0	0.0	3	1.0444752689360308	1.5353842859006506	230.0	37	1.05	0.95				
	322	2	0.0	0.0	0.0	0.0	3	1.05	6.343699016584449	230.0	37	1.05	0.95				
	323	2	0.0	0.0	0.0	0.0	3	1.033925828273552	0.5269391915988145	230.0	35	1.05	0.95				
	324	1	0.0	0.0	0.0	0.0	3	1.043162985354548	1.407298147968826	230.0	36	1.05	0.95				
	325	1	0.0	0.0	0.0	0.0	3	1.0310336729461684	1.7486732356467414	230.0	35	1.05	0.95				
];
