%% MATPOWER Case Format : Version 2
function mpc = RTS_GMLC
mpc.version = '2';

%%-----  Power Flow Data  -----%%
%% system MVA base
mpc.baseMVA = 100.0;
%% bus data
%    bus_i    type    Pd    Qd    Gs    Bs    area    Vm    Va    baseKV    zone    Vmax    Vmin
mpc.bus = [
	101	2	53.78624442947368	10.95645719859649	0.0	0.0	1	1.049706477217449	2.311960093779863	138.0	11	1.05	0.95				
	102	2	48.308015830175435	9.96041563508772	0.0	0.0	1	1.0478721696995834	1.81890596515875	138.0	12	1.05	0.95				
	103	1	89.64374071578948	18.42676892491228	0.0	0.0	1	1.031678821466257	-0.36300321453903184	138.0	11	1.05	0.95				
	104	1	36.85353784982456	7.470311726315789	0.0	0.0	1	1.0294133139975767	-1.4242513943746926	138.0	11	1.05	0.95				
	105	1	35.3594755045614	6.972290944561404	0.0	0.0	1	1.0424850882013896	-1.6622203482679232	138.0	11	1.05	0.95				
	106	1	67.7308263185965	13.944581889122809	0.0	-100.0	1	1.0464912582022001	-4.4804363818238135	138.0	12	1.05	0.95				
	107	2	62.252597719298244	12.450519543859649	0.0	0.0	1	1.0002912033511202	-9.892941426683972	138.0	12	1.05	0.95				
	108	1	85.16155368	17.43072736140351	0.0	0.0	1	1.0022338730548268	-8.842826656101455	138.0	12	1.05	0.95				
	109	1	87.15363680701755	17.928748143157893	0.0	0.0	1	1.024781747266987	-3.26513082016238	138.0	13	1.05	0.95				
	110	1	97.11405244210526	19.92083127017544	0.0	0.0	1	1.05	-4.199400186694741	138.0	13	1.05	0.95				
	111	1	0.0	0.0	0.0	0.0	1	1.0043813384153728	-1.5394460147199633	230.0	13	1.05	0.95				
	112	1	0.0	0.0	0.0	0.0	1	1.0082723218314986	-1.50221136066894	230.0	13	1.05	0.95				
	113	3	131.9755071649123	26.89312221473684	0.0	0.0	1	0.9982220754645399	5.3814078793570565e-28	230.0	14	1.05	0.95				
	114	2	96.61603166035087	19.422810488421053	0.0	0.0	1	1.0005442459421634	-0.5636437198406611	230.0	16	1.05	0.95				
	115	2	157.87258781614037	31.8733300322807	0.0	0.0	1	1.0337163604513298	4.7263575396557655	230.0	16	1.05	0.95				
	116	2	49.802078175438595	9.96041563508772	0.0	0.0	1	1.0287453282248469	3.812388543785789	230.0	16	1.05	0.95				
	117	1	0.0	0.0	0.0	0.0	1	1.0374014670802965	7.000786744338506	230.0	17	1.05	0.95				
	118	2	165.84092032421054	33.86541315929825	0.0	0.0	1	1.0410450137607057	7.67010058607017	230.0	17	1.05	0.95				
	119	1	90.14176149754385	18.42676892491228	0.0	0.0	1	1.0187829490168023	2.050360973547534	230.0	15	1.05	0.95				
	120	1	63.7466600645614	12.948540325614037	0.0	0.0	1	1.0135191028748267	1.0447538910929106	230.0	15	1.05	0.95				
	121	2	0.0	0.0	0.0	0.0	1	1.0441010071931411	9.025643894594882	230.0	17	1.05	0.95				
	122	2	0.0	0.0	0.0	0.0	1	1.05	14.75659930939825	230.0	17	1.05	0.95				
	123	2	0.0	0.0	0.0	0.0	1	1.0115110696064546	0.8808723699657336	230.0	15	1.05	0.95				
	124	1	0.0	0.0	0.0	0.0	1	1.0255572915105426	2.8096312833020467	230.0	16	1.05	0.95				
	201	2	44.53958758736842	9.072878952982457	0.0	0.0	2	1.0147576893832595	-8.831300615940068	138.0	21	1.05	0.95				
	202	2	40.0031481108772	8.248071775438598	0.0	0.0	2	1.0139281494217023	-9.051248831983262	138.0	22	1.05	0.95				
	203	1	74.23264597894737	15.258932784561404	0.0	0.0	2	1.0146666713055008	-6.844061345490698	138.0	21	1.05	0.95				
	204	1	30.517865569122808	6.186053831578947	0.0	0.0	2	1.012860134875241	-8.396858786601223	138.0	21	1.05	0.95				
	205	1	29.280654802807014	5.773650242807019	0.0	0.0	2	1.027280636799688	-8.663400674412685	138.0	21	1.05	0.95				
	206	1	56.08688807298247	11.547300485614038	0.0	-100.0	2	1.0423900043646999	-9.083124617316454	138.0	22	1.05	0.95				
	207	2	51.55044859649123	10.310089719298245	0.0	0.0	2	0.9974535002581874	-14.059079203810368	138.0	22	1.05	0.95				
	208	1	70.52101368	14.434125607017542	0.0	0.0	2	1.0023336513107737	-12.197906932516666	138.0	22	1.05	0.95				
	209	1	72.17062803508773	14.846529195789474	0.0	0.0	2	1.0240414389781438	-6.157337185543443	138.0	23	1.05	0.95				
	210	1	80.41869981052632	16.496143550877196	0.0	0.0	2	1.05	-7.168362488104828	138.0	23	1.05	0.95				
	211	1	0.0	0.0	0.0	0.0	2	1.0033777898977818	-3.791119762897268	230.0	23	1.05	0.95				
	212	1	0.0	0.0	0.0	0.0	2	1.0099618039251157	0.5371089621908405	230.0	23	1.05	0.95				
	213	2	109.2869510245614	22.26979379368421	0.0	0.0	2	0.9981140570008353	-1.6535437310348144	230.0	24	1.05	0.95				
	214	2	80.0062962217544	16.083739962105266	0.0	0.0	2	1.0001996677839908	-2.6465408022175696	230.0	26	1.05	0.95				
	215	2	130.73193764070177	26.393829681403506	0.0	0.0	2	1.019451656450994	1.7720127408692734	230.0	26	1.05	0.95				
	216	2	41.24035887719298	8.248071775438598	0.0	0.0	2	1.018096051543358	1.5052834812951967	230.0	26	1.05	0.95				
	217	1	0.0	0.0	0.0	0.0	2	1.0232068530221552	2.2315181996977813	230.0	27	1.05	0.95				
	218	2	137.33039506105266	28.043444036491234	0.0	0.0	2	1.0228892523182325	1.9685177161360468	230.0	27	1.05	0.95				
	219	1	74.6450495677193	15.258932784561404	0.0	0.0	2	1.016095962628155	1.4417349038405527	230.0	25	1.05	0.95				
	220	1	52.78765936280701	10.722493308070176	0.0	0.0	2	1.0171100839837701	2.2078519428502132	230.0	25	1.05	0.95				
	221	2	0.0	0.0	0.0	0.0	2	1.0252444359957993	2.6979657667495953	230.0	27	1.05	0.95				
	222	2	0.0	0.0	0.0	0.0	2	1.046832805480736	9.04496311369316	230.0	27	1.05	0.95				
	223	2	0.0	0.0	0.0	0.0	2	1.0183829715448047	2.9518548809900134	230.0	25	1.05	0.95				
	224	1	0.0	0.0	0.0	0.0	2	1.0069883090272778	-1.4714052662933668	230.0	26	1.05	0.95				
	301	2	73.03068648	14.876621320000002	0.0	0.0	3	0.9947175024022871	-8.342097034229228	138.0	31	1.05	0.95				
	302	2	65.59237582	13.524201200000002	0.0	0.0	3	0.9959677474261075	-8.4208444735133	138.0	32	1.05	0.95				
	303	1	121.71781080000001	25.019772220000004	0.0	0.0	3	1.006051931308798	-4.110972049806973	138.0	31	1.05	0.95				
	304	1	50.03954444000001	10.1431509	0.0	0.0	3	0.9933810779865649	-5.984599999717561	138.0	31	1.05	0.95				
	305	1	48.01091426000001	9.466940840000001	0.0	0.0	3	1.0063215695453158	-6.073699577438976	138.0	31	1.05	0.95				
	306	1	91.96456816000001	18.933881680000002	0.0	-100.0	3	1.0212057259185654	-5.56353456948399	138.0	32	1.05	0.95				
	307	2	84.5262575	16.905251500000002	0.0	0.0	3	0.977981441834877	-10.617849500084168	138.0	32	1.05	0.95				
	308	1	115.63192026	23.6673521	0.0	0.0	3	0.9851973448219518	-7.425882563346094	138.0	32	1.05	0.95				
	309	1	118.33676050000001	24.34356216	0.0	0.0	3	1.0165806171822998	-1.1809784928331524	138.0	33	1.05	0.95				
	310	1	131.86096170000002	27.048402400000004	0.0	0.0	3	1.0395875457123684	-1.5982976500413342	138.0	33	1.05	0.95				
	311	1	0.0	0.0	0.0	0.0	3	1.0083927762005367	5.548591513367	230.0	33	1.05	0.95				
	312	1	0.0	0.0	0.0	0.0	3	1.013078240652181	7.146277946221137	230.0	33	1.05	0.95				
	313	2	179.1956659	36.51534324	0.0	0.0	3	1.0383615416053515	14.506377885186309	230.0	34	1.05	0.95				
	314	2	131.18475164	26.372192340000005	0.0	0.0	3	1.0120766444126386	4.408800226467944	230.0	36	1.05	0.95				
	315	2	214.35858902	43.277443840000004	0.0	0.0	3	1.0260749070646684	-0.18570632008407492	230.0	36	1.05	0.95				
	316	2	67.62100600000001	13.524201200000002	0.0	0.0	3	1.0268938867857766	1.1384214810356834	230.0	36	1.05	0.95				
	317	1	0.0	0.0	0.0	0.0	3	1.0283651703510979	0.7407548587398026	230.0	37	1.05	0.95				
	318	2	225.17794998	45.98228408000001	0.0	0.0	3	1.0255070629998093	-0.028800237064609074	230.0	37	1.05	0.95				
	319	1	122.39402086000001	25.019772220000004	0.0	0.0	3	1.0270867528540382	4.191959870808744	230.0	35	1.05	0.95				
	320	1	86.55488768000001	17.581461560000005	0.0	0.0	3	1.0311142731025005	6.519272295655307	230.0	35	1.05	0.95				
	321	2	0.0	0.0	0.0	0.0	3	1.0278105744284518	0.4780331248893309	230.0	37	1.05	0.95				
	322	2	0.0	0.0	0.0	0.0	3	1.041347371094985	4.960466117245966	230.0	37	1.05	0.95				
	323	2	0.0	0.0	0.0	0.0	3	1.0339071070822263	7.498188334901234	230.0	35	1.05	0.95				
	324	1	0.0	0.0	0.0	0.0	3	1.014909438865236	0.5620795634541318	230.0	36	1.05	0.95				
	325	1	0.0	0.0	0.0	0.0	3	1.0353357814591426	7.632080088908785	230.0	35	1.05	0.95				
];
