%% MATPOWER Case Format : Version 2
function mpc = RTS_GMLC
mpc.version = '2';

%%-----  Power Flow Data  -----%%
%% system MVA base
mpc.baseMVA = 100.0;
%% bus data
%    bus_i    type    Pd    Qd    Gs    Bs    area    Vm    Va    baseKV    zone    Vmax    Vmin
mpc.bus = [
	101	2	83.81890152	17.07422068	0.0	0.0	1	1.0331820015826805	-3.616825581127035	138.0	11	1.05	0.95				
	102	2	75.28179117999998	15.522018800000001	0.0	0.0	1	1.0331663932989068	-3.6749886005174006	138.0	12	1.05	0.95				
	103	1	139.6981692	28.715734779999995	0.0	0.0	1	1.0189157639529023	-3.827125418142248	138.0	11	1.05	0.95				
	104	1	57.43146955999999	11.641514099999998	0.0	0.0	1	1.0159480181268112	-6.2936525741834055	138.0	11	1.05	0.95				
	105	1	55.10316674	10.865413160000001	0.0	0.0	1	1.0313445919170587	-6.37040928751802	138.0	11	1.05	0.95				
	106	1	105.54972784	21.730826320000002	0.0	-100.0	1	1.0356727159636492	-8.61822808204695	138.0	12	1.05	0.95				
	107	2	97.0126175	19.402523499999997	0.0	0.0	1	1.0473547720855896	-3.9659988624996725	138.0	12	1.05	0.95				
	108	1	132.71326073999998	27.1635329	0.0	0.0	1	1.0231373611031156	-7.223884554317247	138.0	12	1.05	0.95				
	109	1	135.81766449999998	27.93963384	0.0	0.0	1	1.0268010698806342	-5.2952280694369716	138.0	13	1.05	0.95				
	110	1	151.3396833	31.044037600000003	0.0	0.0	1	1.05	-6.712285400708479	138.0	13	1.05	0.95				
	111	1	0.0	0.0	0.0	0.0	1	1.0158472859883236	-2.1197910719429593	230.0	13	1.05	0.95				
	112	1	0.0	0.0	0.0	0.0	1	1.0171509897595354	-1.090746672113745	230.0	13	1.05	0.95				
	113	3	205.66674909999998	41.90945076	0.0	0.0	1	1.0185902500435382	-4.769095846665715e-27	230.0	14	1.05	0.95				
	114	2	150.56358235999997	30.26793666	0.0	0.0	1	1.0200536111800484	-0.07142335298060158	230.0	16	1.05	0.95				
	115	2	246.02399798	49.67046016	0.0	0.0	1	1.0452022172236708	7.793201219730354	230.0	16	1.05	0.95				
	116	2	77.61009399999999	15.522018800000001	0.0	0.0	1	1.0447464255004313	7.510862751610932	230.0	16	1.05	0.95				
	117	1	0.0	0.0	0.0	0.0	1	1.04762208302585	10.541144946576846	230.0	17	1.05	0.95				
	118	2	258.44161302	52.77486392	0.0	0.0	1	1.0494637772877617	11.1095312140802	230.0	17	1.05	0.95				
	119	1	140.47427014	28.715734779999995	0.0	0.0	1	1.039248277964796	6.471019518911823	230.0	15	1.05	0.95				
	120	1	99.34092032	20.17862444	0.0	0.0	1	1.041428510905819	7.0279250834580225	230.0	15	1.05	0.95				
	121	2	0.0	0.0	0.0	0.0	1	1.05	11.826615170986939	230.0	17	1.05	0.95				
	122	2	0.0	0.0	0.0	0.0	1	1.05	18.607123725676903	230.0	17	1.05	0.95				
	123	2	0.0	0.0	0.0	0.0	1	1.044924705402375	7.90272134894065	230.0	15	1.05	0.95				
	124	1	0.0	0.0	0.0	0.0	1	1.0207858730375288	3.503955440994621	230.0	16	1.05	0.95				
	201	2	79.93325986105263	16.282701082807016	0.0	0.0	2	1.0405261900568705	-8.958885527697104	138.0	21	1.05	0.95				
	202	2	71.79190931964912	14.802455529824563	0.0	0.0	2	1.0405045546921563	-9.090694681580175	138.0	22	1.05	0.95				
	203	1	133.22209976842106	27.384542730175436	0.0	0.0	2	1.0280702332383322	-6.449015131653542	138.0	21	1.05	0.95				
	204	1	54.76908546035087	11.10184164736842	0.0	0.0	2	1.0197338060872216	-10.86760104101719	138.0	21	1.05	0.95				
	205	1	52.548717130877186	10.361718870877192	0.0	0.0	2	1.0358194370051672	-11.204128777794839	138.0	21	1.05	0.95				
	206	1	100.65669760280701	20.723437741754385	0.0	-100.0	2	1.0388310872405695	-13.169840382658057	138.0	22	1.05	0.95				
	207	2	92.5153470614035	18.503069412280702	0.0	0.0	2	0.9617181608943637	-24.321838003314976	138.0	22	1.05	0.95				
	208	1	126.56099478	25.90429717719298	0.0	0.0	2	0.9662394060819829	-20.639569916949768	138.0	22	1.05	0.95				
	209	1	129.5214858859649	26.644419953684206	0.0	0.0	2	1.0260418443754744	-9.340224511431662	138.0	23	1.05	0.95				
	210	1	144.32394141578945	29.604911059649126	0.0	0.0	2	1.05	-11.166850177458985	138.0	23	1.05	0.95				
	211	1	0.0	0.0	0.0	0.0	2	1.026512109800529	-4.3857029049601115	230.0	23	1.05	0.95				
	212	1	0.0	0.0	0.0	0.0	2	1.0208432291884213	-3.1709549567085764	230.0	23	1.05	0.95				
	213	2	196.13253577017542	39.96662993052632	0.0	0.0	2	1.0387753104037611	-0.5700611494339701	230.0	24	1.05	0.95				
	214	2	143.58381863929824	28.864788283157893	0.0	0.0	2	1.0415988357370836	-2.034577835971668	230.0	26	1.05	0.95				
	215	2	234.6189201477193	47.367857695438595	0.0	0.0	2	1.045319864182657	5.81681317590373	230.0	26	1.05	0.95				
	216	2	74.01227764912281	14.802455529824563	0.0	0.0	2	1.0485358287353026	5.834858363017622	230.0	26	1.05	0.95				
	217	1	0.0	0.0	0.0	0.0	2	1.0494389692924424	8.807959483967268	230.0	27	1.05	0.95				
	218	2	246.46088457157896	50.32834880140351	0.0	0.0	2	1.05	9.635157627472125	230.0	27	1.05	0.95				
	219	1	133.96222254491227	27.384542730175436	0.0	0.0	2	1.0439369230211992	5.391295979203186	230.0	25	1.05	0.95				
	220	1	94.73571539087719	19.24319218877193	0.0	0.0	2	1.0463742686727406	6.388722267432489	230.0	25	1.05	0.95				
	221	2	0.0	0.0	0.0	0.0	2	1.05	10.081635311552331	230.0	27	1.05	0.95				
	222	2	0.0	0.0	0.0	0.0	2	1.05	16.093769675267648	230.0	27	1.05	0.95				
	223	2	0.0	0.0	0.0	0.0	2	1.05	7.47350458128722	230.0	25	1.05	0.95				
	224	1	0.0	0.0	0.0	0.0	2	1.0234011615728702	1.2487641235146656	230.0	26	1.05	0.95				
	301	2	69.27238216421053	14.111040811228067	0.0	0.0	3	1.0135750045756993	-17.168926165578725	138.0	31	1.05	0.95				
	302	2	62.21686175859649	12.828218919298246	0.0	0.0	3	1.012211369537835	-17.52610722675252	138.0	32	1.05	0.95				
	303	1	115.4539702736842	23.73220500070175	0.0	0.0	3	1.0206931808070852	-11.894267564075596	138.0	31	1.05	0.95				
	304	1	47.4644100014035	9.621164189473683	0.0	0.0	3	1.0087134508055744	-16.381648627165063	138.0	31	1.05	0.95				
	305	1	45.540177163508766	8.979753243508771	0.0	0.0	3	1.0232842262248247	-16.985490321959414	138.0	31	1.05	0.95				
	306	1	87.23188865122806	17.959506487017542	0.0	-100.0	3	1.035185884459542	-17.607970642291548	138.0	32	1.05	0.95				
	307	2	80.17636824561403	16.035273649122807	0.0	0.0	3	1.005652931002429	-19.564139795839367	138.0	32	1.05	0.95				
	308	1	109.68127175999997	22.449383108771926	0.0	0.0	3	1.0017147128428923	-19.139537994149944	138.0	32	1.05	0.95				
	309	1	112.24691554385964	23.090794054736836	0.0	0.0	3	1.0273635971137032	-12.823491417115974	138.0	33	1.05	0.95				
	310	1	125.07513446315788	25.656437838596492	0.0	0.0	3	1.05	-14.74569855586006	138.0	33	1.05	0.95				
	311	1	0.0	0.0	0.0	0.0	3	1.0183676473207344	-7.940632201466261	230.0	33	1.05	0.95				
	312	1	0.0	0.0	0.0	0.0	3	1.0178508079776336	-6.717560974135908	230.0	33	1.05	0.95				
	313	2	169.97390068070172	34.63619108210526	0.0	0.0	3	1.0287444047915568	-3.391037487074392	230.0	34	1.05	0.95				
	314	2	124.43372351719297	25.015026892631575	0.0	0.0	3	1.0267877276423232	-6.136910200785299	230.0	36	1.05	0.95				
	315	2	203.32726987087716	41.05030054175438	0.0	0.0	3	1.047166443752744	0.31285637949147566	230.0	36	1.05	0.95				
	316	2	64.14109459649123	12.828218919298246	0.0	0.0	3	1.0456758203586836	0.29677590385021124	230.0	36	1.05	0.95				
	317	1	0.0	0.0	0.0	0.0	3	1.0477308658836992	2.5024924058895874	230.0	37	1.05	0.95				
	318	2	213.58984500631578	43.61594432561403	0.0	0.0	3	1.0479022737118213	2.754682974931846	230.0	37	1.05	0.95				
	319	1	116.09538121964911	23.73220500070175	0.0	0.0	3	1.0431067088291006	0.2628613595654589	230.0	35	1.05	0.95				
	320	1	82.10060108350876	16.676684595087718	0.0	0.0	3	1.0461866774036082	1.436109003491424	230.0	35	1.05	0.95				
	321	2	0.0	0.0	0.0	0.0	3	1.05	3.8546536657582826	230.0	37	1.05	0.95				
	322	2	0.0	0.0	0.0	0.0	3	1.05	9.099231950738943	230.0	37	1.05	0.95				
	323	2	0.0	0.0	0.0	0.0	3	1.049778005908753	2.546251930946133	230.0	35	1.05	0.95				
	324	1	0.0	0.0	0.0	0.0	3	1.0218675778082313	-4.1940277537975605	230.0	36	1.05	0.95				
	325	1	0.0	0.0	0.0	0.0	3	1.0480090895109437	3.3154655244039515	230.0	35	1.05	0.95				
];

%% generator data
%    bus    Pg    Qg    Qmax    Qmin    Vg    mBase    status    Pmax    Pmin    Pc1    Pc2    Qc1min    Qc1max    Qc2min    Qc2max    ramp_agc    ramp_10    ramp_30    ramp_q    apf
