%% MATPOWER Case Format : Version 2
function mpc = RTS_GMLC
mpc.version = '2';

%%-----  Power Flow Data  -----%%
%% system MVA base
mpc.baseMVA = 100.0;
%% bus data
%    bus_i    type    Pd    Qd    Gs    Bs    area    Vm    Va    baseKV    zone    Vmax    Vmin
mpc.bus = [
	101	2	46.81246907368421	9.535873329824561	0.0	0.0	1	1.0430781333054924	3.1289976548451914	138.0	11	1.05	0.95				
	102	2	42.04453240877193	8.668975754385965	0.0	0.0	1	1.0420439035458744	2.8317072110368895	138.0	12	1.05	0.95				
	103	1	78.02078178947369	16.037605145614034	0.0	0.0	1	1.0307455267146646	0.21605268194937668	138.0	11	1.05	0.95				
	104	1	32.07521029122807	6.501731815789473	0.0	0.0	1	1.026476027926114	-0.7084936435640137	138.0	11	1.05	0.95				
	105	1	30.77486392807017	6.0682830280701765	0.0	0.0	1	1.0400685965296976	-0.6862758232677296	138.0	11	1.05	0.95				
	106	1	58.949035129824566	12.136566056140353	0.0	-100.0	1	1.0469145879725523	-3.3095376532993352	138.0	12	1.05	0.95				
	107	2	54.18109846491228	10.836219692982455	0.0	0.0	1	0.9997451226070894	-10.179780231177267	138.0	12	1.05	0.95				
	108	1	74.1197427	15.170707570175438	0.0	0.0	1	1.0032436767412336	-8.421867673734246	138.0	12	1.05	0.95				
	109	1	75.85353785087719	15.604156357894736	0.0	0.0	1	1.0247181524800797	-2.502960592949595	138.0	13	1.05	0.95				
	110	1	84.52251360526316	17.33795150877193	0.0	0.0	1	1.05	-3.232121795751437	138.0	13	1.05	0.95				
	111	1	0.0	0.0	0.0	0.0	1	1.0033189922490824	-0.6951423796722802	230.0	13	1.05	0.95				
	112	1	0.0	0.0	0.0	0.0	1	1.0080162075360464	-0.9849820937466124	230.0	13	1.05	0.95				
	113	3	114.86392874561402	23.406234536842106	0.0	0.0	1	0.9954577538475711	1.1909419138566342e-29	230.0	14	1.05	0.95				
	114	2	84.08906481754386	16.90450272105263	0.0	0.0	1	0.9998418754144456	1.0034631886635486	230.0	16	1.05	0.95				
	115	2	137.40326570701754	27.740722414035083	0.0	0.0	1	1.0389303217361705	6.997271539989027	230.0	16	1.05	0.95				
	116	2	43.34487877192982	8.668975754385965	0.0	0.0	1	1.0339585559286597	5.90760932049341	230.0	16	1.05	0.95				
	117	1	0.0	0.0	0.0	0.0	1	1.0408719908987794	9.813083787469575	230.0	17	1.05	0.95				
	118	2	144.33844631052634	29.474517564912283	0.0	0.0	1	1.0467275045955442	10.197236478517612	230.0	17	1.05	0.95				
	119	1	78.45423057719299	16.037605145614034	0.0	0.0	1	1.0222449322668397	3.4062075037306134	230.0	15	1.05	0.95				
	120	1	55.48144482807017	11.269668480701753	0.0	0.0	1	1.0162549821353495	2.0402232944713874	230.0	15	1.05	0.95				
	121	2	0.0	0.0	0.0	0.0	1	1.0499556604179296	11.55258391881417	230.0	17	1.05	0.95				
	122	2	0.0	0.0	0.0	0.0	1	1.05	22.666168811375496	230.0	17	1.05	0.95				
	123	2	0.0	0.0	0.0	0.0	1	1.013589275147597	1.6246880377237363	230.0	15	1.05	0.95				
	124	1	0.0	0.0	0.0	0.0	1	1.026885799948509	4.457472042701635	230.0	16	1.05	0.95				
	201	2	42.34660791157896	8.626160870877193	0.0	0.0	2	1.0137053697590626	-13.533403089957828	138.0	21	1.05	0.95				
	202	2	38.03352747614036	7.841964428070177	0.0	0.0	2	1.0128036482322709	-13.809022931076345	138.0	22	1.05	0.95				
	203	1	70.57767985263159	14.507634191929824	0.0	0.0	2	1.0154087858828653	-9.850005498628065	138.0	21	1.05	0.95				
	204	1	29.01526838385965	5.881473321052632	0.0	0.0	2	1.0123226342760054	-13.408442953581584	138.0	21	1.05	0.95				
	205	1	27.838973719649125	5.4893750996491235	0.0	0.0	2	1.0271286262841872	-13.820323678332704	138.0	21	1.05	0.95				
	206	1	53.3253581108772	10.978750199298247	0.0	-100.0	2	1.0426862768014424	-14.480699843110235	138.0	22	1.05	0.95				
	207	2	49.0122776754386	9.80245553508772	0.0	0.0	2	0.9957385053858339	-19.140705534635952	138.0	22	1.05	0.95				
	208	1	67.04879586000001	13.723437749122807	0.0	0.0	2	1.0019325303634918	-17.39119364239311	138.0	22	1.05	0.95				
	209	1	68.61718874561404	14.115535970526317	0.0	0.0	2	1.0230600487093435	-11.4543347232546	138.0	23	1.05	0.95				
	210	1	76.45915317368421	15.683928856140353	0.0	0.0	2	1.05	-12.844318667420797	138.0	23	1.05	0.95				
	211	1	0.0	0.0	0.0	0.0	2	1.005009670592665	-8.545126279725102	230.0	23	1.05	0.95				
	212	1	0.0	0.0	0.0	0.0	2	1.007742490359352	-7.351336381112811	230.0	23	1.05	0.95				
	213	2	103.90602867192985	21.17330395578948	0.0	0.0	2	1.0006481253500865	-7.021623224080899	230.0	24	1.05	0.95				
	214	2	76.06705495228071	15.291830634736844	0.0	0.0	2	1.0054861908103645	-6.150875283914778	230.0	26	1.05	0.95				
	215	2	124.29513618491228	25.094286169824564	0.0	0.0	2	1.0215944898970002	-0.0638498919240769	230.0	26	1.05	0.95				
	216	2	39.20982214035088	7.841964428070177	0.0	0.0	2	1.022259313804935	-0.3810847127428365	230.0	26	1.05	0.95				
	217	1	0.0	0.0	0.0	0.0	2	1.026312828489162	0.8760753784910144	230.0	27	1.05	0.95				
	218	2	130.56870772736843	26.6626790554386	0.0	0.0	2	1.0257652402207005	0.5295386384031919	230.0	27	1.05	0.95				
	219	1	70.96977807403509	14.507634191929824	0.0	0.0	2	1.0228247239881771	-0.3705639421977771	230.0	25	1.05	0.95				
	220	1	50.18857233964913	10.194553756491228	0.0	0.0	2	1.0257825816960142	0.40938625355330216	230.0	25	1.05	0.95				
	221	2	0.0	0.0	0.0	0.0	2	1.0279086931894272	1.1278369594220934	230.0	27	1.05	0.95				
	222	2	0.0	0.0	0.0	0.0	2	1.0495485924420707	7.524787210851331	230.0	27	1.05	0.95				
	223	2	0.0	0.0	0.0	0.0	2	1.0280043173311875	1.1384725218562208	230.0	25	1.05	0.95				
	224	1	0.0	0.0	0.0	0.0	2	1.0072652918580332	-3.7439759669633843	230.0	26	1.05	0.95				
	301	2	50.24169568421053	10.234419491228069	0.0	0.0	3	1.0071248651787388	-8.438397537588497	138.0	31	1.05	0.95				
	302	2	45.124485938596486	9.304017719298246	0.0	0.0	3	1.0066502310043797	-8.566383451942178	138.0	32	1.05	0.95				
	303	1	83.73615947368421	17.212432780701754	0.0	0.0	3	1.0291472848543657	-2.160542548958187	138.0	31	1.05	0.95				
	304	1	34.42486556140351	6.978013289473683	0.0	0.0	3	1.0098413676604976	-6.955742371966641	138.0	31	1.05	0.95				
	305	1	33.02926290350877	6.5128124035087716	0.0	0.0	3	1.0224778598295932	-7.940591295483458	138.0	31	1.05	0.95				
	306	1	63.26732049122808	13.025624807017543	0.0	-100.0	3	1.0390437486344062	-8.205893214903359	138.0	32	1.05	0.95				
	307	2	58.150110745614036	11.630022149122807	0.0	0.0	3	0.9923447875166774	-13.170602041519253	138.0	32	1.05	0.95				
	308	1	79.5493515	16.282031008771927	0.0	0.0	3	0.9980280681179396	-11.052149886101546	138.0	32	1.05	0.95				
	309	1	81.41015504385965	16.747231894736842	0.0	0.0	3	1.027525809086018	-3.7421233913091987	138.0	33	1.05	0.95				
	310	1	90.71417276315789	18.60803543859649	0.0	0.0	3	1.05	-5.946238761329531	138.0	33	1.05	0.95				
	311	1	0.0	0.0	0.0	0.0	3	1.0079541721627876	-0.7647089369383128	230.0	33	1.05	0.95				
	312	1	0.0	0.0	0.0	0.0	3	1.0124791608521453	-0.34968805690856547	230.0	33	1.05	0.95				
	313	2	123.27823478070175	25.120847842105263	0.0	0.0	3	1.0106422771792176	2.5152508914188614	230.0	34	1.05	0.95				
	314	2	90.24897187719297	18.14283455263158	0.0	0.0	3	1.0052375111919163	0.557764645499667	230.0	36	1.05	0.95				
	315	2	147.46868085087718	29.772856701754385	0.0	0.0	3	1.0301758250496584	2.378448198169591	230.0	36	1.05	0.95				
	316	2	46.52008859649123	9.304017719298246	0.0	0.0	3	1.0283836573420166	2.667505947510739	230.0	36	1.05	0.95				
	317	1	0.0	0.0	0.0	0.0	3	1.0395022729304881	5.951800474905803	230.0	37	1.05	0.95				
	318	2	154.9118950263158	31.63366024561404	0.0	0.0	3	1.0365734118729788	4.31074748167591	230.0	37	1.05	0.95				
	319	1	84.20136035964913	17.212432780701754	0.0	0.0	3	1.0244033963030728	2.787169413697422	230.0	35	1.05	0.95				
	320	1	59.54571340350877	12.09522303508772	0.0	0.0	3	1.0223654005238556	3.0007991180032403	230.0	35	1.05	0.95				
	321	2	0.0	0.0	0.0	0.0	3	1.0366031792314254	4.264097744000649	230.0	37	1.05	0.95				
	322	2	0.0	0.0	0.0	0.0	3	1.049999994732136	9.237773518630204	230.0	37	1.05	0.95				
	323	2	0.0	0.0	0.0	0.0	3	1.0217043218996076	3.3525856204084326	230.0	35	1.05	0.95				
	324	1	0.0	0.0	0.0	0.0	3	1.0243477068462599	1.6596763529836907	230.0	36	1.05	0.95				
	325	1	0.0	0.0	0.0	0.0	3	1.0226866500579532	4.065356373559482	230.0	35	1.05	0.95				
];
