%% MATPOWER Case Format : Version 2
function mpc = RTS_GMLC
mpc.version = '2';

%%-----  Power Flow Data  -----%%
%% system MVA base
mpc.baseMVA = 100.0;
%% bus data
%    bus_i    type    Pd    Qd    Gs    Bs    area    Vm    Va    baseKV    zone    Vmax    Vmin
mpc.bus = [
	101	2	36.40524492884211	7.415883226245615	0.0	0.0	1	1.0335739076879356	3.392386011735927	138.0	11	1.05	0.95				
	102	2	32.6973033157193	6.74171202385965	0.0	0.0	1	1.0327083692284629	3.1617387190282713	138.0	12	1.05	0.95				
	103	1	60.67540821473685	12.472167244140351	0.0	0.0	1	1.0290209251430036	0.689239315183534	138.0	11	1.05	0.95				
	104	1	24.944334488280703	5.056284017894737	0.0	0.0	1	1.0227060990217562	0.019436769467060796	138.0	11	1.05	0.95				
	105	1	23.933077684701754	4.719198416701755	0.0	0.0	1	1.0371310287430886	0.3559923356049306	138.0	11	1.05	0.95				
	106	1	45.84364176224562	9.43839683340351	0.0	-100.0	1	1.0479145029938663	-1.7411590677983848	138.0	12	1.05	0.95				
	107	2	42.13570014912281	8.427140029824562	0.0	0.0	1	1.0005013016250013	-6.348012838230382	138.0	12	1.05	0.95				
	108	1	57.641637804	11.797996041754386	0.0	0.0	1	1.00757332356518	-5.31098704298218	138.0	12	1.05	0.95				
	109	1	58.98998020877193	12.13508164294737	0.0	0.0	1	1.0244520135361295	-1.1813517610086808	138.0	13	1.05	0.95				
	110	1	65.73169223263157	13.4834240477193	0.0	0.0	1	1.05	-1.658350629868422	138.0	13	1.05	0.95				
	111	1	0.0	0.0	0.0	0.0	1	1.0006047711811528	-0.014918394556963597	230.0	13	1.05	0.95				
	112	1	0.0	0.0	0.0	0.0	1	1.0053208116167573	0.3763644179689448	230.0	13	1.05	0.95				
	113	3	89.32768431614035	18.202622464421054	0.0	0.0	1	0.9883818086149414	1.8193903187086625e-29	230.0	14	1.05	0.95				
	114	2	65.3946066314386	13.146338446526318	0.0	0.0	1	0.9964157094646825	1.515924986590956	230.0	16	1.05	0.95				
	115	2	106.85613557817544	21.57347847635088	0.0	0.0	1	1.0327432669749061	5.587966583601243	230.0	16	1.05	0.95				
	116	2	33.70856011929825	6.74171202385965	0.0	0.0	1	1.0280680411939074	5.598600171366444	230.0	16	1.05	0.95				
	117	1	0.0	0.0	0.0	0.0	1	1.0380479049396545	7.18571505331995	230.0	17	1.05	0.95				
	118	2	112.24950519726318	22.92182088112281	0.0	0.0	1	1.041105028056643	7.115658185485994	230.0	17	1.05	0.95				
	119	1	61.01249381592982	12.472167244140351	0.0	0.0	1	1.021653402525298	5.005495171883459	230.0	15	1.05	0.95				
	120	1	43.14695695270176	8.764225631017544	0.0	0.0	1	1.0179180673735284	5.1538817674233135	230.0	15	1.05	0.95				
	121	2	0.0	0.0	0.0	0.0	1	1.045636817861529	7.823719175935833	230.0	17	1.05	0.95				
	122	2	0.0	0.0	0.0	0.0	1	1.05	14.079423299502768	230.0	17	1.05	0.95				
	123	2	0.0	0.0	0.0	0.0	1	1.0160363922155233	5.504113828851416	230.0	15	1.05	0.95				
	124	1	0.0	0.0	0.0	0.0	1	1.0241145993415905	3.7478870284221877	230.0	16	1.05	0.95				
	201	2	35.35967259663158	7.202896269684212	0.0	0.0	2	1.0171917646272652	-6.876156459463009	138.0	21	1.05	0.95				
	202	2	31.758224461789474	6.5480875178947375	0.0	0.0	2	1.0166871332070884	-6.93825423101234	138.0	22	1.05	0.95				
	203	1	58.93278766105263	12.113961908105264	0.0	0.0	2	1.0166329752204046	-5.481970903796882	138.0	21	1.05	0.95				
	204	1	24.227923816210527	4.911065638421053	0.0	0.0	2	1.0153829894025486	-7.680393722081609	138.0	21	1.05	0.95				
	205	1	23.245710688526316	4.5836612625263164	0.0	0.0	2	1.0298159307945356	-7.913685995310713	138.0	21	1.05	0.95				
	206	1	44.526995121684216	9.167322525052633	0.0	-100.0	2	1.0453028243961793	-8.876204773871406	138.0	22	1.05	0.95				
	207	2	40.92554698684211	8.185109397368421	0.0	0.0	2	0.9940428144674449	-13.102320370982069	138.0	22	1.05	0.95				
	208	1	55.986148278	11.45915315631579	0.0	0.0	2	1.0034044054540805	-11.705210286320481	138.0	22	1.05	0.95				
	209	1	57.29576578157896	11.786557532210526	0.0	0.0	2	1.0226763038071767	-6.919773176489086	138.0	23	1.05	0.95				
	210	1	63.843853299473686	13.096175035789475	0.0	0.0	2	1.05	-7.89813960372774	138.0	23	1.05	0.95				
	211	1	0.0	0.0	0.0	0.0	2	1.0006498999984514	-4.674288266377495	230.0	23	1.05	0.95				
	212	1	0.0	0.0	0.0	0.0	2	1.006852300418671	-4.151843453405059	230.0	23	1.05	0.95				
	213	2	86.76215961210528	17.67983629831579	0.0	0.0	2	0.9947138703495453	-3.719911219889555	230.0	24	1.05	0.95				
	214	2	63.51644892357895	12.768770659894738	0.0	0.0	2	0.9954956145292732	-2.613894263922282	230.0	26	1.05	0.95				
	215	2	103.78718715863158	20.95388005726316	0.0	0.0	2	1.0164909088660918	2.2705900935841816	230.0	26	1.05	0.95				
	216	2	32.740437589473686	6.5480875178947375	0.0	0.0	2	1.0178326359793188	2.219976936412499	230.0	26	1.05	0.95				
	217	1	0.0	0.0	0.0	0.0	2	1.023252631519927	3.7649719028542585	230.0	27	1.05	0.95				
	218	2	109.02565717294739	22.263497560842108	0.0	0.0	2	1.0226067503271368	3.394624002343495	230.0	27	1.05	0.95				
	219	1	59.26019203694738	12.113961908105264	0.0	0.0	2	1.019823460387048	1.869533984029652	230.0	25	1.05	0.95				
	220	1	41.90776011452632	8.512513773263159	0.0	0.0	2	1.0232534363406756	2.2166121422482683	230.0	25	1.05	0.95				
	221	2	0.0	0.0	0.0	0.0	2	1.024191724475037	3.824478413684245	230.0	27	1.05	0.95				
	222	2	0.0	0.0	0.0	0.0	2	1.0462721532213455	10.338311344801	230.0	27	1.05	0.95				
	223	2	0.0	0.0	0.0	0.0	2	1.0252992118339017	2.661413594566021	230.0	25	1.05	0.95				
	224	1	0.0	0.0	0.0	0.0	2	1.0068145416879033	-0.6625746470516526	230.0	26	1.05	0.95				
	301	2	44.194242315789474	9.002530842105262	0.0	0.0	3	1.007507131106959	-23.39643510399435	138.0	31	1.05	0.95				
	302	2	39.69297689473684	8.184118947368422	0.0	0.0	3	1.0074426579482183	-23.501532714580645	138.0	32	1.05	0.95				
	303	1	73.65707052631578	15.14062005263158	0.0	0.0	3	1.0223688954574202	-18.39836272556161	138.0	31	1.05	0.95				
	304	1	30.28124010526316	6.138089210526315	0.0	0.0	3	1.0104833452049289	-22.155737167552683	138.0	31	1.05	0.95				
	305	1	29.05362226315789	5.728883263157894	0.0	0.0	3	1.023474092420825	-22.8256331490509	138.0	31	1.05	0.95				
	306	1	55.65200884210526	11.457766526315789	0.0	-100.0	3	1.04086828055922	-23.003644250974812	138.0	32	1.05	0.95				
	307	2	51.150743421052624	10.230148684210526	0.0	0.0	3	0.9939669077820691	-27.445190849080344	138.0	32	1.05	0.95				
	308	1	69.974217	14.322208157894737	0.0	0.0	3	1.0007614322609926	-25.618407056784516	138.0	32	1.05	0.95				
	309	1	71.61104078947368	14.731414105263157	0.0	0.0	3	1.025554615662784	-19.37537253861954	138.0	33	1.05	0.95				
	310	1	79.79515973684211	16.368237894736843	0.0	0.0	3	1.05	-20.93700116727703	138.0	33	1.05	0.95				
	311	1	0.0	0.0	0.0	0.0	3	1.0067462458196623	-15.490976860433795	230.0	33	1.05	0.95				
	312	1	0.0	0.0	0.0	0.0	3	1.010631020838731	-14.869785088212064	230.0	33	1.05	0.95				
	313	2	108.43957605263157	22.097121157894737	0.0	0.0	3	1.0099884635608796	-11.873116227087865	230.0	34	1.05	0.95				
	314	2	79.38595378947367	15.959031947368421	0.0	0.0	3	1.0054323040831439	-13.88327648937269	230.0	36	1.05	0.95				
	315	2	129.71828531578947	26.189180631578946	0.0	0.0	3	1.0285962583037394	-10.02386254014526	230.0	36	1.05	0.95				
	316	2	40.920594736842105	8.184118947368422	0.0	0.0	3	1.0283532932326558	-9.16863721309326	230.0	36	1.05	0.95				
	317	1	0.0	0.0	0.0	0.0	3	1.0329321177582738	-7.922766998630274	230.0	37	1.05	0.95				
	318	2	136.2655804736842	27.82600442105263	0.0	0.0	3	1.0321590821570021	-7.815407136802497	230.0	37	1.05	0.95				
	319	1	74.06627647368421	15.14062005263158	0.0	0.0	3	1.0261105911816382	-9.587867799179465	230.0	35	1.05	0.95				
	320	1	52.37836126315789	10.639354631578946	0.0	0.0	3	1.026799716246289	-9.152924757555628	230.0	35	1.05	0.95				
	321	2	0.0	0.0	0.0	0.0	3	1.03316003005551	-8.03272657006407	230.0	37	1.05	0.95				
	322	2	0.0	0.0	0.0	0.0	3	1.0462947577322435	-3.6519935892754023	230.0	37	1.05	0.95				
	323	2	0.0	0.0	0.0	0.0	3	1.0277394779576177	-8.598756814258694	230.0	35	1.05	0.95				
	324	1	0.0	0.0	0.0	0.0	3	1.0157579699780834	-13.171246114395569	230.0	36	1.05	0.95				
	325	1	0.0	0.0	0.0	0.0	3	1.024009690365789	-7.224496308025001	230.0	35	1.05	0.95				
];
