%% MATPOWER Case Format : Version 2
function mpc = RTS_GMLC
mpc.version = '2';

%%-----  Power Flow Data  -----%%
%% system MVA base
mpc.baseMVA = 100.0;
%% bus data
%    bus_i    type    Pd    Qd    Gs    Bs    area    Vm    Va    baseKV    zone    Vmax    Vmin
mpc.bus = [
	101	2	50.967342909473686	10.382236518596493	0.0	0.0	1	1.017400479308356	2.9941084452737288	138.0	11	1.05	0.95				
	102	2	45.77622465017544	9.43839683508772	0.0	0.0	1	1.0163941773471725	2.7354351097514797	138.0	12	1.05	0.95				
	103	1	84.94557151578948	17.461034144912283	0.0	0.0	1	1.0268227876612133	2.2021209777683057	138.0	11	1.05	0.95				
	104	1	34.922068289824566	7.07879762631579	0.0	0.0	1	1.0149054345121535	-0.41858759496302045	138.0	11	1.05	0.95				
	105	1	33.5063087645614	6.606877784561405	0.0	0.0	1	1.0267394947673703	-0.5581772131145339	138.0	11	1.05	0.95				
	106	1	64.1810984785965	13.21375556912281	0.0	-100.0	1	1.0398365703222974	-3.0260960477120986	138.0	12	1.05	0.95				
	107	2	58.98998021929825	11.79799604385965	0.0	0.0	1	0.9870702002676552	-8.940418269294394	138.0	12	1.05	0.95				
	108	1	80.69829294	16.51719446140351	0.0	0.0	1	0.9952810959821832	-7.480150711002141	138.0	12	1.05	0.95				
	109	1	82.58597230701756	16.989114303157894	0.0	0.0	1	1.0264541222624484	-1.4524572263676079	138.0	13	1.05	0.95				
	110	1	92.02436914210527	18.87679367017544	0.0	0.0	1	1.05	-2.606953712930491	138.0	13	1.05	0.95				
	111	1	0.0	0.0	0.0	0.0	1	1.0205117991711714	0.5748784365840149	230.0	13	1.05	0.95				
	112	1	0.0	0.0	0.0	0.0	1	1.0153198833441412	0.37683777213059355	230.0	13	1.05	0.95				
	113	3	125.0587580649123	25.483671454736843	0.0	0.0	1	0.9996176124387558	6.634789796832388e-30	230.0	14	1.05	0.95				
	114	2	91.55244930035089	18.404873828421056	0.0	0.0	1	1.0467271638680038	3.5987754144968522	230.0	16	1.05	0.95				
	115	2	149.59858983614035	30.202869872280708	0.0	0.0	1	1.0452716546417347	12.024825848372457	230.0	16	1.05	0.95				
	116	2	47.1919841754386	9.43839683508772	0.0	0.0	1	1.0471571348382036	10.859447386623788	230.0	16	1.05	0.95				
	117	1	0.0	0.0	0.0	0.0	1	1.043739125611727	15.931577811204885	230.0	17	1.05	0.95				
	118	2	157.14930730421054	32.09054923929825	0.0	0.0	1	1.05	16.119630525691445	230.0	17	1.05	0.95				
	119	1	85.41749135754387	17.461034144912283	0.0	0.0	1	1.0450814221988425	8.316933976897358	230.0	15	1.05	0.95				
	120	1	60.405739744561416	12.269915885614036	0.0	0.0	1	1.047805876281087	6.99567947544955	230.0	15	1.05	0.95				
	121	2	0.0	0.0	0.0	0.0	1	1.0426917429098526	17.470240963534987	230.0	17	1.05	0.95				
	122	2	0.0	0.0	0.0	0.0	1	1.05	35.436215521626025	230.0	17	1.05	0.95				
	123	2	0.0	0.0	0.0	0.0	1	1.05	6.617951668879019	230.0	15	1.05	0.95				
	124	1	0.0	0.0	0.0	0.0	1	1.026032359912536	8.375648414897796	230.0	16	1.05	0.95				
	201	2	46.29057138947369	9.429560838596492	0.0	0.0	2	1.022040215339597	-8.540344114438815	138.0	21	1.05	0.95				
	202	2	41.57579097017544	8.57232803508772	0.0	0.0	2	1.0227545730800818	-8.419782554621229	138.0	22	1.05	0.95				
	203	1	77.15095231578948	15.858806864912282	0.0	0.0	2	1.0144004752996563	-7.621242996700489	138.0	21	1.05	0.95				
	204	1	31.717613729824564	6.42924602631579	0.0	0.0	2	1.016195858062089	-9.694658862850956	138.0	21	1.05	0.95				
	205	1	30.431764524561405	6.000629624561404	0.0	0.0	2	1.03084061803004	-9.957607902786215	138.0	21	1.05	0.95				
	206	1	58.2918306385965	12.001259249122809	0.0	-100.0	2	1.0437789129583748	-11.158156245962621	138.0	22	1.05	0.95				
	207	2	53.57705021929825	10.715410043859649	0.0	0.0	2	0.9919776162995385	-17.181733568068235	138.0	22	1.05	0.95				
	208	1	73.2934047	15.001574061403508	0.0	0.0	2	0.9982365595924557	-15.245897518824346	138.0	22	1.05	0.95				
	209	1	75.00787030701754	15.430190463157894	0.0	0.0	2	1.022849634104078	-8.968189388871457	138.0	23	1.05	0.95				
	210	1	83.58019834210526	17.14465607017544	0.0	0.0	2	1.05	-10.012842572393305	138.0	23	1.05	0.95				
	211	1	0.0	0.0	0.0	0.0	2	1.0062551811454923	-6.148497407706829	230.0	23	1.05	0.95				
	212	1	0.0	0.0	0.0	0.0	2	1.0084302750023315	-5.121859200626382	230.0	23	1.05	0.95				
	213	2	113.58334646491228	23.145285694736845	0.0	0.0	2	1.001332188478688	-4.661033330624344	230.0	24	1.05	0.95				
	214	2	83.15158194035088	16.716039668421054	0.0	0.0	2	1.0076142091074736	-4.002086624370006	230.0	26	1.05	0.95				
	215	2	135.87139935614033	27.431449712280703	0.0	0.0	2	1.0267369039073022	1.418030521038604	230.0	26	1.05	0.95				
	216	2	42.861640175438595	8.57232803508772	0.0	0.0	2	1.028909844506453	1.6072654098638757	230.0	26	1.05	0.95				
	217	1	0.0	0.0	0.0	0.0	2	1.036404102067156	3.2210043426058044	230.0	27	1.05	0.95				
	218	2	142.72926178421054	29.14591531929825	0.0	0.0	2	1.0344028863953885	2.595390940546921	230.0	27	1.05	0.95				
	219	1	77.57956871754386	15.858806864912282	0.0	0.0	2	1.028646883388614	1.974350045025107	230.0	25	1.05	0.95				
	220	1	54.862899424561405	11.144026445614037	0.0	0.0	2	1.031371202102075	3.1244798958961315	230.0	25	1.05	0.95				
	221	2	0.0	0.0	0.0	0.0	2	1.0345542338850788	3.0091960762522505	230.0	27	1.05	0.95				
	222	2	0.0	0.0	0.0	0.0	2	1.05	9.59049717891772	230.0	27	1.05	0.95				
	223	2	0.0	0.0	0.0	0.0	2	1.0337796332770235	4.080174200622062	230.0	25	1.05	0.95				
	224	1	0.0	0.0	0.0	0.0	2	1.0108997941240512	-1.9584769641990438	230.0	26	1.05	0.95				
	301	2	50.48086047157896	10.283138244210527	0.0	0.0	3	1.010278463120783	-13.72627240688311	138.0	31	1.05	0.95				
	302	2	45.33929134947369	9.348307494736844	0.0	0.0	3	1.0096742154255496	-13.855018016997398	138.0	32	1.05	0.95				
	303	1	84.13476745263159	17.29436886526316	0.0	0.0	3	1.0281498033971006	-7.256420940614495	138.0	31	1.05	0.95				
	304	1	34.58873773052632	7.011230621052632	0.0	0.0	3	1.0110244771262455	-12.20980341112147	138.0	31	1.05	0.95				
	305	1	33.18649160631579	6.54381524631579	0.0	0.0	3	1.0240636792507625	-13.233898940852377	138.0	31	1.05	0.95				
	306	1	63.56849096421053	13.08763049263158	0.0	-100.0	3	1.0397229953946399	-13.502797911298673	138.0	32	1.05	0.95				
	307	2	58.42692184210527	11.685384368421053	0.0	0.0	3	0.9949619391840013	-18.549179459770198	138.0	32	1.05	0.95				
	308	1	79.92802908	16.359538115789473	0.0	0.0	3	0.9992426653735664	-16.40731234982343	138.0	32	1.05	0.95				
	309	1	81.79769057894737	16.826953490526318	0.0	0.0	3	1.0273107665382244	-8.957002451379923	138.0	33	1.05	0.95				
	310	1	91.14599807368423	18.696614989473687	0.0	0.0	3	1.05	-11.238439710212285	138.0	33	1.05	0.95				
	311	1	0.0	0.0	0.0	0.0	3	1.0108075372448155	-5.150214848372228	230.0	33	1.05	0.95				
	312	1	0.0	0.0	0.0	0.0	3	1.0107657729546178	-4.683750443903324	230.0	33	1.05	0.95				
	313	2	123.86507430526316	25.24043023578948	0.0	0.0	3	1.0105860041912287	-1.7116724791233033	230.0	34	1.05	0.95				
	314	2	90.67858269894738	18.229199614736842	0.0	0.0	3	1.0168011400954111	-3.1346925908841823	230.0	36	1.05	0.95				
	315	2	148.17067379157896	29.9145839831579	0.0	0.0	3	1.0394471744995462	1.6057013004400102	230.0	36	1.05	0.95				
	316	2	46.74153747368421	9.348307494736844	0.0	0.0	3	1.0391372459312407	2.510810310786799	230.0	36	1.05	0.95				
	317	1	0.0	0.0	0.0	0.0	3	1.0463450941446009	5.4534037325350475	230.0	37	1.05	0.95				
	318	2	155.64931978736846	31.784245482105266	0.0	0.0	3	1.0428886968184188	4.055603710092093	230.0	37	1.05	0.95				
	319	1	84.60218282736844	17.29436886526316	0.0	0.0	3	1.031531157783503	1.5298646774619244	230.0	35	1.05	0.95				
	320	1	59.8291679663158	12.152799743157896	0.0	0.0	3	1.0283228235755955	1.572653363530625	230.0	35	1.05	0.95				
	321	2	0.0	0.0	0.0	0.0	3	1.0433036557389794	3.822189543210852	230.0	37	1.05	0.95				
	322	2	0.0	0.0	0.0	0.0	3	1.05	8.794755066101054	230.0	37	1.05	0.95				
	323	2	0.0	0.0	0.0	0.0	3	1.0272971318110404	1.9555780740333628	230.0	35	1.05	0.95				
	324	1	0.0	0.0	0.0	0.0	3	1.024059738299207	-1.7083550218945003	230.0	36	1.05	0.95				
	325	1	0.0	0.0	0.0	0.0	3	1.0238749759037604	3.252665738862449	230.0	35	1.05	0.95				
];
