%% MATPOWER Case Format : Version 2
function mpc = RTS_GMLC
mpc.version = '2';

%%-----  Power Flow Data  -----%%
%% system MVA base
mpc.baseMVA = 100.0;
%% bus data
%    bus_i    type    Pd    Qd    Gs    Bs    area    Vm    Va    baseKV    zone    Vmax    Vmin
mpc.bus = [
	101	2	42.16328549052633	8.588817414736843	0.0	0.0	1	1.0205805211420664	-2.0007875906604737	138.0	11	1.05	0.95				
	102	2	37.8688767831579	7.808015831578949	0.0	0.0	1	1.0197806397157654	-2.234564741019449	138.0	12	1.05	0.95				
	103	1	70.27214248421053	14.444829288421055	0.0	0.0	1	1.033558370273813	0.31701160268908546	138.0	11	1.05	0.95				
	104	1	28.88965857684211	5.856011873684211	0.0	0.0	1	1.0206275124962185	-2.9184417026432703	138.0	11	1.05	0.95				
	105	1	27.718456202105262	5.465611082105264	0.0	0.0	1	1.030404522167574	-3.985876359949904	138.0	11	1.05	0.95				
	106	1	53.09450765473686	10.931222164210528	0.0	-100.0	1	1.0439097376794235	-5.546323547930004	138.0	12	1.05	0.95				
	107	2	48.800098947368426	9.760019789473686	0.0	0.0	1	1.0006077178397388	-10.63096457755988	138.0	12	1.05	0.95				
	108	1	66.75853536000001	13.664027705263159	0.0	0.0	1	1.005522292501755	-9.006369904523492	138.0	12	1.05	0.95				
	109	1	68.3201385263158	14.054428496842105	0.0	0.0	1	1.0257064933098072	-3.1615540544825476	138.0	13	1.05	0.95				
	110	1	76.12815435789474	15.616031663157898	0.0	0.0	1	1.0499415268079129	-4.730176861424455	138.0	13	1.05	0.95				
	111	1	0.0	0.0	0.0	0.0	1	1.004144190431448	-1.1243929317942927	230.0	13	1.05	0.95				
	112	1	0.0	0.0	0.0	0.0	1	1.0086034808221713	-1.518109921720519	230.0	13	1.05	0.95				
	113	3	103.45620976842108	21.081642745263164	0.0	0.0	1	0.9975718850520655	-7.719678870535535e-27	230.0	14	1.05	0.95				
	114	2	75.7377535663158	15.225630871578948	0.0	0.0	1	1.001907541875369	0.8575502201648177	230.0	16	1.05	0.95				
	115	2	123.75705093052633	24.985650661052635	0.0	0.0	1	1.0382384495920403	7.008971921634441	230.0	16	1.05	0.95				
	116	2	39.040079157894745	7.808015831578949	0.0	0.0	1	1.0332850859048432	5.897608877855414	230.0	16	1.05	0.95				
	117	1	0.0	0.0	0.0	0.0	1	1.041770333377623	9.403729989211467	230.0	17	1.05	0.95				
	118	2	130.0034635957895	26.54725382736843	0.0	0.0	1	1.0462340010824611	10.245127912447462	230.0	17	1.05	0.95				
	119	1	70.66254327578947	14.444829288421055	0.0	0.0	1	1.0238155228791141	3.69614147097875	230.0	15	1.05	0.95				
	120	1	49.97130132210527	10.150420581052632	0.0	0.0	1	1.0179850039341762	1.9553871100805962	230.0	15	1.05	0.95				
	121	2	0.0	0.0	0.0	0.0	1	1.0492738766444845	11.402746701001195	230.0	17	1.05	0.95				
	122	2	0.0	0.0	0.0	0.0	1	1.049829580561685	17.167658618918953	230.0	17	1.05	0.95				
	123	2	0.0	0.0	0.0	0.0	1	1.0152980323789165	1.297980800170039	230.0	15	1.05	0.95				
	124	1	0.0	0.0	0.0	0.0	1	1.0276042260552045	4.492457443514034	230.0	16	1.05	0.95				
	201	2	41.24161815157895	8.401070364210526	0.0	0.0	2	1.0104079578052507	-14.338675251901499	138.0	21	1.05	0.95				
	202	2	37.041082969473685	7.637336694736842	0.0	0.0	2	1.0088983544673034	-14.615066397513917	138.0	22	1.05	0.95				
	203	1	68.73603025263158	14.129072885263156	0.0	0.0	2	1.0161158393450849	-10.545801379814996	138.0	21	1.05	0.95				
	204	1	28.258145770526312	5.728002521052631	0.0	0.0	2	1.01091493502439	-14.308226968211805	138.0	21	1.05	0.95				
	205	1	27.112545266315784	5.346135686315789	0.0	0.0	2	1.0255633403407383	-14.731297538424329	138.0	21	1.05	0.95				
	206	1	51.93388952421053	10.692271372631579	0.0	-100.0	2	1.0419573266441287	-15.441081378667327	138.0	22	1.05	0.95				
	207	2	47.73335434210526	9.546670868421051	0.0	0.0	2	0.9903879426831983	-19.919090258369483	138.0	22	1.05	0.95				
	208	1	65.29922873999999	13.36533921578947	0.0	0.0	2	0.9992853016352259	-18.24457167446517	138.0	22	1.05	0.95				
	209	1	66.82669607894736	13.747206050526314	0.0	0.0	2	1.0232842574158647	-12.470698878425509	138.0	23	1.05	0.95				
	210	1	74.46403277368421	15.274673389473683	0.0	0.0	2	1.049930801505041	-13.890346450897013	138.0	23	1.05	0.95				
	211	1	0.0	0.0	0.0	0.0	2	1.0051186966259724	-9.602813293643312	230.0	23	1.05	0.95				
	212	1	0.0	0.0	0.0	0.0	2	1.0111232802796843	-8.799067873650362	230.0	23	1.05	0.95				
	213	2	101.19471120526316	20.620809075789474	0.0	0.0	2	1.0031362106803168	-8.101824865310265	230.0	24	1.05	0.95				
	214	2	74.08216593894737	14.892806554736843	0.0	0.0	2	1.0034632205053386	-7.214426492990323	230.0	26	1.05	0.95				
	215	2	121.05178661157893	24.439477423157893	0.0	0.0	2	1.0242961813998772	-0.6731987516439574	230.0	26	1.05	0.95				
	216	2	38.186683473684205	7.637336694736842	0.0	0.0	2	1.0255421690703679	-1.5779833088560034	230.0	26	1.05	0.95				
	217	1	0.0	0.0	0.0	0.0	2	1.0284376560029531	0.026050604791986922	230.0	27	1.05	0.95				
	218	2	127.16165596736842	25.966944762105264	0.0	0.0	2	1.0279273567515896	-0.23960501680659912	230.0	27	1.05	0.95				
	219	1	69.11789708736842	14.129072885263156	0.0	0.0	2	1.0312349355240653	-1.57164897124258	230.0	25	1.05	0.95				
	220	1	48.878954846315786	9.928537703157895	0.0	0.0	2	1.0384671659038962	-0.8287473531306755	230.0	25	1.05	0.95				
	221	2	0.0	0.0	0.0	0.0	2	1.0300491336379685	0.4054241736133887	230.0	27	1.05	0.95				
	222	2	0.0	0.0	0.0	0.0	2	1.0488093783288337	6.763652114048234	230.0	27	1.05	0.95				
	223	2	0.0	0.0	0.0	0.0	2	1.0429401663932953	-0.13904426145428042	230.0	25	1.05	0.95				
	224	1	0.0	0.0	0.0	0.0	2	1.0090874333151723	-4.378483848369417	230.0	26	1.05	0.95				
	301	2	63.42992723368421	12.920911103157895	0.0	0.0	3	0.9976863679661858	28.524580129171802	138.0	31	1.05	0.95				
	302	2	56.969471682105265	11.746282821052633	0.0	0.0	3	0.9971915558483349	28.377479496468727	138.0	32	1.05	0.95				
	303	1	105.71654538947368	21.73062321894737	0.0	0.0	3	1.0365314130045145	35.47557117968758	138.0	31	1.05	0.95				
	304	1	43.46124643789474	8.809712115789473	0.0	0.0	3	1.004478423366182	30.339591203925846	138.0	31	1.05	0.95				
	305	1	41.69930401473684	8.222397974736843	0.0	0.0	3	1.0155719191447745	29.416990519359214	138.0	31	1.05	0.95				
	306	1	79.8747231831579	16.444795949473686	0.0	-100.0	3	1.032971058362478	29.25739616249686	138.0	32	1.05	0.95				
	307	2	73.41426763157895	14.682853526315789	0.0	0.0	3	0.9779862613182381	26.79191263312555	138.0	32	1.05	0.95				
	308	1	100.43071812	20.555994936842104	0.0	0.0	3	0.9959258189392847	29.352654518596538	138.0	32	1.05	0.95				
	309	1	102.77997468421052	21.143309077894738	0.0	0.0	3	1.0309606116200207	34.312501398908864	138.0	33	1.05	0.95				
	310	1	114.52625750526315	23.492565642105266	0.0	0.0	3	1.0499652800182058	32.19413874007107	138.0	33	1.05	0.95				
	311	1	0.0	0.0	0.0	0.0	3	1.0136515596194746	37.23551715657158	230.0	33	1.05	0.95				
	312	1	0.0	0.0	0.0	0.0	3	1.0236062704336755	37.69846489041072	230.0	33	1.05	0.95				
	313	2	155.63824737894737	31.714963616842105	0.0	0.0	3	1.0276726748518015	43.562692151865335	230.0	34	1.05	0.95				
	314	2	113.93894336421053	22.905251501052632	0.0	0.0	3	1.0091794832022463	35.68399509332642	230.0	36	1.05	0.95				
	315	2	186.17858271368422	37.58810502736842	0.0	0.0	3	1.0428795616581539	29.622604336080943	230.0	36	1.05	0.95				
	316	2	58.731414105263156	11.746282821052633	0.0	0.0	3	1.0400344751486617	30.59792469494342	230.0	36	1.05	0.95				
	317	1	0.0	0.0	0.0	0.0	3	1.049929135277248	30.66583403046819	230.0	37	1.05	0.95				
	318	2	195.57560897052633	39.93736159157895	0.0	0.0	3	1.047003909436885	27.168741722005773	230.0	37	1.05	0.95				
	319	1	106.30385953052632	21.73062321894737	0.0	0.0	3	1.042882656401507	31.85251894459965	230.0	35	1.05	0.95				
	320	1	75.17621005473684	15.270167667368423	0.0	0.0	3	1.0461655156865906	32.36725366242095	230.0	35	1.05	0.95				
	321	2	0.0	0.0	0.0	0.0	3	1.049382629273022	28.628685921844156	230.0	37	1.05	0.95				
	322	2	0.0	0.0	0.0	0.0	3	1.0496876936612414	33.77827040291957	230.0	37	1.05	0.95				
	323	2	0.0	0.0	0.0	0.0	3	1.04696785001292	32.16020894953232	230.0	35	1.05	0.95				
	324	1	0.0	0.0	0.0	0.0	3	1.040660853934762	33.97742448168975	230.0	36	1.05	0.95				
