%% MATPOWER Case Format : Version 2
function mpc = RTS_GMLC
mpc.version = '2';

%%-----  Power Flow Data  -----%%
%% system MVA base
mpc.baseMVA = 100.0;
%% bus data
%    bus_i    type    Pd    Qd    Gs    Bs    area    Vm    Va    baseKV    zone    Vmax    Vmin
mpc.bus = [
	101	2	106.98466104000002	21.793171693333335	0.0	0.0	1	1.0452507459656961	-4.378862787637922	138.0	11	1.05	0.95				
	102	2	96.08807519333334	19.811974266666667	0.0	0.0	1	1.0450136422715324	-4.545237060590773	138.0	12	1.05	0.95				
	103	1	178.30776840000001	36.65215239333334	0.0	0.0	1	1.0101571328589718	-3.3120962121619857	138.0	11	1.05	0.95				
	104	1	73.30430478666668	14.858980699999998	0.0	0.0	1	1.0188380585782486	-7.398160317308082	138.0	11	1.05	0.95				
	105	1	70.33250864666667	13.86838198666667	0.0	0.0	1	1.034104137673186	-8.058307680758663	138.0	11	1.05	0.95				
	106	1	134.72142501333335	27.73676397333334	0.0	-100.0	1	1.0315813900887798	-11.030282081780685	138.0	12	1.05	0.95				
	107	2	123.82483916666666	24.764967833333333	0.0	0.0	1	1.05	-8.746006089436301	138.0	12	1.05	0.95				
	108	1	169.39237998000002	34.67095496666667	0.0	0.0	1	1.0179913062377601	-11.35312776788493	138.0	12	1.05	0.95				
	109	1	173.35477483333335	35.661553680000004	0.0	0.0	1	1.0259567968260994	-6.6140894753819985	138.0	13	1.05	0.95				
	110	1	193.1667491	39.62394853333333	0.0	0.0	1	1.05	-8.720798066123477	138.0	13	1.05	0.95				
	111	1	0.0	0.0	0.0	0.0	1	1.026957778494687	-2.353125045670265	230.0	13	1.05	0.95				
	112	1	0.0	0.0	0.0	0.0	1	1.0209910702991132	-1.7043251666186159	230.0	13	1.05	0.95				
	113	3	262.50865903333334	53.49233052000001	0.0	0.0	1	1.0327299544230193	8.538339864452614e-32	230.0	14	1.05	0.95				
	114	2	192.17615038666668	38.63334982	0.0	0.0	1	1.0456246687138635	0.7399802614603629	230.0	16	1.05	0.95				
	115	2	314.0197921266667	63.398317653333336	0.0	0.0	1	1.0366853236811298	12.352859291197374	230.0	16	1.05	0.95				
	116	2	99.05987133333333	19.811974266666667	0.0	0.0	1	1.0396204664376283	11.37659334480402	230.0	16	1.05	0.95				
	117	1	0.0	0.0	0.0	0.0	1	1.041991474984038	16.97842253318714	230.0	17	1.05	0.95				
	118	2	329.86937154000003	67.36071250666667	0.0	0.0	1	1.05	17.73633378792644	230.0	17	1.05	0.95				
	119	1	179.29836711333337	36.65215239333334	0.0	0.0	1	1.0361475868972996	8.658893617031792	230.0	15	1.05	0.95				
	120	1	126.79663530666667	25.75556654666667	0.0	0.0	1	1.043118835416199	7.949496675649604	230.0	15	1.05	0.95				
	121	2	0.0	0.0	0.0	0.0	1	1.05	18.90373604443592	230.0	17	1.05	0.95				
	122	2	0.0	0.0	0.0	0.0	1	1.05	34.02427098390263	230.0	17	1.05	0.95				
	123	2	0.0	0.0	0.0	0.0	1	1.05	8.282011082351481	230.0	15	1.05	0.95				
	124	1	0.0	0.0	0.0	0.0	1	1.0064372120823075	6.564304891515074	230.0	16	1.05	0.95				
	201	2	98.87108453052632	20.140406108070174	0.0	0.0	2	1.05	-13.28985455562009	138.0	21	1.05	0.95				
	202	2	88.80088147649123	18.309460098245616	0.0	0.0	2	1.05	-13.41026811621164	138.0	22	1.05	0.95				
	203	1	164.78514088421053	33.87250118175438	0.0	0.0	2	1.0243332458921184	-10.135150245719405	138.0	21	1.05	0.95				
	204	1	67.74500236350876	13.732095073684208	0.0	0.0	2	1.0191541636780668	-14.283229658352903	138.0	21	1.05	0.95				
	205	1	64.99858334877192	12.81662206877193	0.0	0.0	2	1.0366908763563611	-14.730579104685237	138.0	21	1.05	0.95				
	206	1	124.50432866807017	25.63324413754386	0.0	-100.0	2	1.033495831246225	-16.410720283220215	138.0	22	1.05	0.95				
	207	2	114.43412561403508	22.886825122807018	0.0	0.0	2	0.95	-25.973859170068618	138.0	22	1.05	0.95				
	208	1	156.54588384	32.04155517192982	0.0	0.0	2	0.952786666473579	-23.108311057948733	138.0	22	1.05	0.95				
	209	1	160.2077758596491	32.9570281768421	0.0	0.0	2	1.0240580936638874	-11.30306717111428	138.0	23	1.05	0.95				
	210	1	178.51723595789474	36.61892019649123	0.0	0.0	2	1.0466509619063946	-13.330428926508645	138.0	23	1.05	0.95				
	211	1	0.0	0.0	0.0	0.0	2	1.0312651022919905	-6.112636390478101	230.0	23	1.05	0.95				
	212	1	0.0	0.0	0.0	0.0	2	1.0242383313776084	-1.3609735176723745	230.0	23	1.05	0.95				
	213	2	242.60034630175434	49.43554226526316	0.0	0.0	2	1.05	-1.4561450586393752	230.0	24	1.05	0.95				
	214	2	177.60176295298245	35.703447191578945	0.0	0.0	2	1.05	-4.282867975937297	230.0	26	1.05	0.95				
	215	2	290.20494255719296	58.59027231438596	0.0	0.0	2	1.0453584100711748	3.767451285638385	230.0	26	1.05	0.95				
	216	2	91.54730049122807	18.309460098245616	0.0	0.0	2	1.0489530921447765	3.9749616041097546	230.0	26	1.05	0.95				
	217	1	0.0	0.0	0.0	0.0	2	1.05	6.99566521103891	230.0	27	1.05	0.95				
	218	2	304.8525106357895	62.252164334035086	0.0	0.0	2	1.0497351218129711	7.45981545603432	230.0	27	1.05	0.95				
	219	1	165.7006138891228	33.87250118175438	0.0	0.0	2	1.0420383404588627	4.144012735581243	230.0	25	1.05	0.95				
	220	1	117.18054462877193	23.802298127719297	0.0	0.0	2	1.044806515822536	6.004896045458188	230.0	25	1.05	0.95				
	221	2	0.0	0.0	0.0	0.0	2	1.05	7.963627900832142	230.0	27	1.05	0.95				
	222	2	0.0	0.0	0.0	0.0	2	1.05	14.096004608636731	230.0	27	1.05	0.95				
	223	2	0.0	0.0	0.0	0.0	2	1.05	7.686577727017805	230.0	25	1.05	0.95				
	224	1	0.0	0.0	0.0	0.0	2	1.0197002237490156	-1.3945103951477094	230.0	26	1.05	0.95				
	301	2	90.06263840842107	18.34609300912281	0.0	0.0	3	0.9843671134886285	-7.826224454220046	138.0	31	1.05	0.95				
	302	2	80.88959190385965	16.67826637192983	0.0	0.0	3	0.9846212031515784	-8.15281980101331	138.0	32	1.05	0.95				
	303	1	150.10439734736843	30.854792788070178	0.0	0.0	3	1.0081736032882533	2.635690472471618	138.0	31	1.05	0.95				
	304	1	61.709585576140356	12.508699778947369	0.0	0.0	3	0.9721328880584417	-5.5514623829883	138.0	31	1.05	0.95				
	305	1	59.20784562035089	11.674786460350878	0.0	0.0	3	0.9857833987500624	-6.414875321264119	138.0	31	1.05	0.95				
	306	1	113.41221132912283	23.349572920701757	0.0	-100.0	3	0.9923970112868168	-6.574722586441916	138.0	32	1.05	0.95				
	307	2	104.23916482456141	20.847832964912282	0.0	0.0	3	0.95	-11.40948553535799	138.0	32	1.05	0.95				
	308	1	142.59917748	29.18696615087719	0.0	0.0	3	0.9501309740182514	-8.780975394794527	138.0	32	1.05	0.95				
	309	1	145.93483075438598	30.020879469473687	0.0	0.0	3	0.9951488206441854	0.21280700969453564	138.0	33	1.05	0.95				
	310	1	162.6130971263158	33.35653274385966	0.0	0.0	3	1.0126563065980863	-2.123520626348287	138.0	33	1.05	0.95				
	311	1	0.0	0.0	0.0	0.0	3	0.9921053515297202	6.8167883147388455	230.0	33	1.05	0.95				
	312	1	0.0	0.0	0.0	0.0	3	0.9929707259944945	7.756491911204079	230.0	33	1.05	0.95				
	313	2	220.9870294280702	45.03131920421053	0.0	0.0	3	1.0154500213323576	13.766211422341339	230.0	34	1.05	0.95				
	314	2	161.7791838077193	32.52261942526316	0.0	0.0	3	1.0073826648188993	8.209841593806791	230.0	36	1.05	0.95				
	315	2	264.3505219950877	53.37045239017545	0.0	0.0	3	1.0438958500346995	9.59670410345482	230.0	36	1.05	0.95				
	316	2	83.39133185964913	16.67826637192983	0.0	0.0	3	1.0383932836349972	10.259025522721185	230.0	36	1.05	0.95				
	317	1	0.0	0.0	0.0	0.0	3	1.047579939656407	12.808350716620902	230.0	37	1.05	0.95				
	318	2	277.6931350926316	56.70610566456141	0.0	0.0	3	1.0468621904133615	11.44590105184571	230.0	37	1.05	0.95				
	319	1	150.93831066596493	30.854792788070178	0.0	0.0	3	1.0294188347686626	10.431001753335167	230.0	35	1.05	0.95				
	320	1	106.7409047803509	21.681746283508772	0.0	0.0	3	1.0270697770546877	11.255076712753711	230.0	35	1.05	0.95				
	321	2	0.0	0.0	0.0	0.0	3	1.049214066319317	12.551389223576143	230.0	37	1.05	0.95				
	322	2	0.0	0.0	0.0	0.0	3	1.05	18.42680376500999	230.0	37	1.05	0.95				
	323	2	0.0	0.0	0.0	0.0	3	1.027038403516004	11.787482537988334	230.0	35	1.05	0.95				
	324	1	0.0	0.0	0.0	0.0	3	1.0236467474442577	8.801055933727122	230.0	36	1.05	0.95				
	325	1	0.0	0.0	0.0	0.0	3	1.0279704988831324	12.403164002135792	230.0	35	1.05	0.95				
];

%% generator data
%    bus    Pg    Qg    Qmax    Qmin    Vg    mBase    status    Pmax    Pmin    Pc1    Pc2    Qc1min    Qc1max    Qc2min    Qc2max    ramp_agc    ramp_10    ramp_30    ramp_q    apf
