%% MATPOWER Case Format : Version 2
function mpc = RTS_GMLC
mpc.version = '2';

%%-----  Power Flow Data  -----%%
%% system MVA base
mpc.baseMVA = 100.0;
%% bus data
%    bus_i    type    Pd    Qd    Gs    Bs    area    Vm    Va    baseKV    zone    Vmax    Vmin
mpc.bus = [
	101	2	38.3824839031579	7.818654128421053	0.0	0.0	1	0.9891247281377007	-4.654592261371926	138.0	11	1.05	0.95				
	102	2	34.47315683894737	7.107867389473685	0.0	0.0	1	0.9888379180292508	-4.904383336256846	138.0	12	1.05	0.95				
	103	1	63.970806505263155	13.149554670526317	0.0	0.0	1	1.018920039801771	2.195984742398253	138.0	11	1.05	0.95				
	104	1	26.299109341052635	5.330900542105263	0.0	0.0	1	1.002851800818408	-4.448756636304464	138.0	11	1.05	0.95				
	105	1	25.23292923263158	4.97550717263158	0.0	0.0	1	1.015088059634423	-5.229447447780675	138.0	11	1.05	0.95				
	106	1	48.33349824842106	9.95101434526316	0.0	-100.0	1	1.0378239892324064	-6.008357227155196	138.0	12	1.05	0.95				
	107	2	44.42417118421053	8.884834236842105	0.0	0.0	1	0.9841585165812635	-11.65654509584641	138.0	12	1.05	0.95				
	108	1	60.77226618	12.438767931578946	0.0	0.0	1	0.9959110480440799	-9.324793257763138	138.0	12	1.05	0.95				
	109	1	62.193839657894735	12.79416130105263	0.0	0.0	1	1.024262653542363	-2.595815939296598	138.0	13	1.05	0.95				
	110	1	69.30170704736842	14.21573477894737	0.0	0.0	1	1.05	-4.631831139000488	138.0	13	1.05	0.95				
	111	1	0.0	0.0	0.0	0.0	1	1.0186009846320119	0.6302329350855974	230.0	13	1.05	0.95				
	112	1	0.0	0.0	0.0	0.0	1	1.0145921744346946	-0.9353413528068197	230.0	13	1.05	0.95				
	113	3	94.17924291052631	19.19124195157895	0.0	0.0	1	0.9984001423298413	1.2523046160548609e-29	230.0	14	1.05	0.95				
	114	2	68.94631367789474	13.860341409473683	0.0	0.0	1	1.05	5.278825415733374	230.0	16	1.05	0.95				
	115	2	112.65969812315791	22.74517564631579	0.0	0.0	1	1.0396580489191491	16.56003580336113	230.0	16	1.05	0.95				
	116	2	35.53933694736842	7.107867389473685	0.0	0.0	1	1.0403722733643819	14.228435236203868	230.0	16	1.05	0.95				
	117	1	0.0	0.0	0.0	0.0	1	1.039434004938181	21.14181152511557	230.0	17	1.05	0.95				
	118	2	118.34599203473685	24.16674912421053	0.0	0.0	1	1.05	22.129354318209234	230.0	17	1.05	0.95				
	119	1	64.32619987473684	13.149554670526317	0.0	0.0	1	1.0383233957509865	9.026235286279325	230.0	15	1.05	0.95				
	120	1	45.49035129263158	9.24022760631579	0.0	0.0	1	1.044875508679016	5.20651007804442	230.0	15	1.05	0.95				
	121	2	0.0	0.0	0.0	0.0	1	1.0451581065683633	23.960622738739957	230.0	17	1.05	0.95				
	122	2	0.0	0.0	0.0	0.0	1	1.05	41.90558861765165	230.0	17	1.05	0.95				
	123	2	0.0	0.0	0.0	0.0	1	1.05	3.3894988228937395	230.0	15	1.05	0.95				
	124	1	0.0	0.0	0.0	0.0	1	1.0135143292505973	11.225428977923274	230.0	16	1.05	0.95				
	201	2	43.196600046315794	8.799307416842105	0.0	0.0	2	0.9979696181153677	-19.158026547295798	138.0	21	1.05	0.95				
	202	2	38.79694633789473	7.9993703789473685	0.0	0.0	2	0.9965820572798846	-19.476931917949972	138.0	22	1.05	0.95				
	203	1	71.99433341052631	14.798835201052633	0.0	0.0	2	0.9976413112572239	-13.961091476961174	138.0	21	1.05	0.95				
	204	1	29.597670402105265	5.999527784210526	0.0	0.0	2	0.9877551584569717	-19.01127106552286	138.0	21	1.05	0.95				
	205	1	28.397764845263158	5.599559265263158	0.0	0.0	2	1.0033363755998275	-19.572207865432578	138.0	21	1.05	0.95				
	206	1	54.395718576842114	11.199118530526317	0.0	-100.0	2	1.0138675952460476	-20.336225016428966	138.0	22	1.05	0.95				
	207	2	49.99606486842105	9.99921297368421	0.0	0.0	2	0.9747628516747351	-25.48585292734077	138.0	22	1.05	0.95				
	208	1	68.39461673999999	13.998898163157895	0.0	0.0	2	0.9756842639381338	-23.527179710874936	138.0	22	1.05	0.95				
	209	1	69.99449081578946	14.398866682105263	0.0	0.0	2	0.9924647602814936	-16.875852556427752	138.0	23	1.05	0.95				
	210	1	77.99386119473684	15.998740757894737	0.0	0.0	2	1.0183878894274743	-18.63378301436387	138.0	23	1.05	0.95				
	211	1	0.0	0.0	0.0	0.0	2	0.9790025725309558	-13.842213474201994	230.0	23	1.05	0.95				
	212	1	0.0	0.0	0.0	0.0	2	0.9623599925777916	-13.17965295900652	230.0	23	1.05	0.95				
	213	2	105.99165752105262	21.598300023157897	0.0	0.0	2	0.9573639247344249	-12.523430180250369	230.0	24	1.05	0.95				
	214	2	77.59389267578946	15.598772238947367	0.0	0.0	2	0.9999900656748539	-11.03049722705164	230.0	26	1.05	0.95				
	215	2	126.79002050631578	25.59798521263158	0.0	0.0	2	1.0203639531715254	-3.6435491177952684	230.0	26	1.05	0.95				
	216	2	39.99685189473684	7.9993703789473685	0.0	0.0	2	1.013263186453641	-4.4436644505490115	230.0	26	1.05	0.95				
	217	1	0.0	0.0	0.0	0.0	2	1.029433505649316	-1.9615314162398891	230.0	27	1.05	0.95				
	218	2	133.18951680947367	27.197859288421057	0.0	0.0	2	1.030866666650836	-2.530094340165531	230.0	27	1.05	0.95				
	219	1	72.39430192947368	14.798835201052633	0.0	0.0	2	0.9840975188044915	-4.6032845123767	230.0	25	1.05	0.95				
	220	1	51.19597042526316	10.399181492631579	0.0	0.0	2	0.9615762110677989	-3.8874731709980597	230.0	25	1.05	0.95				
	221	2	0.0	0.0	0.0	0.0	2	1.03068378367116	-2.095364260651797	230.0	27	1.05	0.95				
	222	2	0.0	0.0	0.0	0.0	2	1.05	4.449870282717458	230.0	27	1.05	0.95				
	223	2	0.0	0.0	0.0	0.0	2	0.95	-3.1160762093316756	230.0	25	1.05	0.95				
	224	1	0.0	0.0	0.0	0.0	2	0.9992381593346689	-7.459459122897945	230.0	26	1.05	0.95				
	301	2	40.40177157473684	8.229990505964912	0.0	0.0	3	1.006579490047154	18.572140782765217	138.0	31	1.05	0.95				
	302	2	36.28677632175438	7.481809550877193	0.0	0.0	3	1.0054701747611197	18.2079224641128	138.0	32	1.05	0.95				
	303	1	67.33628595789473	13.841347669122806	0.0	0.0	3	1.0424686155071732	32.94773580852039	138.0	31	1.05	0.95				
	304	1	27.682695338245612	5.611357163157893	0.0	0.0	3	1.001442600643307	19.169365532101736	138.0	31	1.05	0.95				
	305	1	26.560423905614027	5.237266685614035	0.0	0.0	3	1.0170671240694626	16.90298000937939	138.0	31	1.05	0.95				
	306	1	50.87630494596491	10.47453337122807	0.0	-100.0	3	1.0307943796657162	15.487093754306716	138.0	32	1.05	0.95				
	307	2	46.76130969298245	9.35226193859649	0.0	0.0	3	0.95	12.411483572199108	138.0	32	1.05	0.95				
	308	1	63.96947165999999	13.093166714035084	0.0	0.0	3	0.9698390061012973	14.00597191062058	138.0	32	1.05	0.95				
	309	1	65.46583357017543	13.467257191578947	0.0	0.0	3	1.00918960292326	21.548218383882844	138.0	33	1.05	0.95				
	310	1	72.94764312105262	14.963619101754386	0.0	0.0	3	1.0367676226598719	16.457881404425695	138.0	33	1.05	0.95				
	311	1	0.0	0.0	0.0	0.0	3	0.9967390758541524	19.71547755340065	230.0	33	1.05	0.95				
	312	1	0.0	0.0	0.0	0.0	3	1.0026891823076247	19.643226108693042	230.0	33	1.05	0.95				
	313	2	99.13397654912279	20.20088578736842	0.0	0.0	3	0.9960860227514674	19.56876440546146	230.0	34	1.05	0.95				
	314	2	72.57355264350876	14.589528624210523	0.0	0.0	3	0.9919583771483662	20.660094646773064	230.0	36	1.05	0.95				
	315	2	118.5866813814035	23.941790562807014	0.0	0.0	3	1.03976730009361	24.663094867746498	230.0	36	1.05	0.95				
	316	2	37.40904775438596	7.481809550877193	0.0	0.0	3	1.0237252231885798	24.193971465578986	230.0	36	1.05	0.95				
	317	1	0.0	0.0	0.0	0.0	3	1.0301211865486377	28.88474586668437	230.0	37	1.05	0.95				
	318	2	124.57212902210526	25.438152472982456	0.0	0.0	3	1.020182949614887	25.087535509673494	230.0	37	1.05	0.95				
	319	1	67.71037643543859	13.841347669122806	0.0	0.0	3	1.0166228546214426	22.411240569933682	230.0	35	1.05	0.95				
	320	1	47.88358112561403	9.726352416140351	0.0	0.0	3	1.013335148352791	21.59410155848568	230.0	35	1.05	0.95				
	321	2	0.0	0.0	0.0	0.0	3	1.0394497663983961	25.572342418509923	230.0	37	1.05	0.95				
	322	2	0.0	0.0	0.0	0.0	3	1.0395748759898373	31.289065177669563	230.0	37	1.05	0.95				
	323	2	0.0	0.0	0.0	0.0	3	1.0118224458659064	21.4403233990292	230.0	35	1.05	0.95				
	324	1	0.0	0.0	0.0	0.0	3	1.0380429484530682	27.8320587589755	230.0	36	1.05	0.95				
	325	1	0.0	0.0	0.0	0.0	3	1.0149540647343327	21.674838635624937	230.0	35	1.05	0.95				
];
