%% MATPOWER Case Format : Version 2
function mpc = RTS_GMLC
mpc.version = '2';

%%-----  Power Flow Data  -----%%
%% system MVA base
mpc.baseMVA = 100.0;
%% bus data
%    bus_i    type    Pd    Qd    Gs    Bs    area    Vm    Va    baseKV    zone    Vmax    Vmin
mpc.bus = [
	101	2	38.101929726315795	7.761504203508772	0.0	0.0	1	1.0083612812060159	-1.7026995478300395	138.0	11	1.05	0.95				
	102	2	34.221177624561406	7.055912912280703	0.0	0.0	1	1.006544636922316	-2.1807741028612817	138.0	12	1.05	0.95				
	103	1	63.50321621052631	13.053438887719299	0.0	0.0	1	1.025474396793251	2.3916619814593543	138.0	11	1.05	0.95				
	104	1	26.106877775438598	5.291934684210526	0.0	0.0	1	1.0109672263131977	-2.9199638065683584	138.0	11	1.05	0.95				
	105	1	25.04849083859649	4.939139038596492	0.0	0.0	1	1.0248387979184745	-3.2659468140406576	138.0	11	1.05	0.95				
	106	1	47.980207803508776	9.878278077192984	0.0	-100.0	1	1.0420045015544637	-4.623618073016824	138.0	12	1.05	0.95				
	107	2	44.09945570175439	8.819891140350878	0.0	0.0	1	0.9984166322852993	-10.685495696088816	138.0	12	1.05	0.95				
	108	1	60.328055400000004	12.347847596491228	0.0	0.0	1	1.0043561751913266	-8.448769341816227	138.0	12	1.05	0.95				
	109	1	61.73923798245614	12.700643242105263	0.0	0.0	1	1.0239361812092427	-2.0438117612833877	138.0	13	1.05	0.95				
	110	1	68.79515089473685	14.111825824561405	0.0	0.0	1	1.05	-3.6798231871562335	138.0	13	1.05	0.95				
	111	1	0.0	0.0	0.0	0.0	1	1.0074263874210505	0.6348276353348995	230.0	13	1.05	0.95				
	112	1	0.0	0.0	0.0	0.0	1	1.0104985114687977	-0.6972146994970969	230.0	13	1.05	0.95				
	113	3	93.49084608771929	19.050964863157898	0.0	0.0	1	0.9987952555481775	-2.5834673587768125e-27	230.0	14	1.05	0.95				
	114	2	68.44235524912281	13.759030178947368	0.0	0.0	1	1.014659444812991	4.757218085783669	230.0	16	1.05	0.95				
	115	2	111.83621965964912	22.578921319298246	0.0	0.0	1	1.0400230163936077	14.627699658508012	230.0	16	1.05	0.95				
	116	2	35.27956456140351	7.055912912280703	0.0	0.0	1	1.0338705864310254	12.648968847561335	230.0	16	1.05	0.95				
	117	1	0.0	0.0	0.0	0.0	1	1.0388180691461115	18.785318375852718	230.0	17	1.05	0.95				
	118	2	117.48094998947369	23.990103901754388	0.0	0.0	1	1.05	19.539605694405346	230.0	17	1.05	0.95				
	119	1	63.85601185614035	13.053438887719299	0.0	0.0	1	1.0244319618915738	8.020941140711644	230.0	15	1.05	0.95				
	120	1	45.15784263859649	9.172686785964913	0.0	0.0	1	1.0232173543476029	4.6540607802572165	230.0	15	1.05	0.95				
	121	2	0.0	0.0	0.0	0.0	1	1.05	21.115707816975505	230.0	17	1.05	0.95				
	122	2	0.0	0.0	0.0	0.0	1	1.05	37.930679738283544	230.0	17	1.05	0.95				
	123	2	0.0	0.0	0.0	0.0	1	1.0237372592632368	3.0743620842691963	230.0	15	1.05	0.95				
	124	1	0.0	0.0	0.0	0.0	1	1.0192287877115311	10.059594243090006	230.0	16	1.05	0.95				
	201	2	39.66063275368421	8.079017783157894	0.0	0.0	2	1.011544530070461	-17.03217526392901	138.0	21	1.05	0.95				
	202	2	35.62112386210526	7.344561621052631	0.0	0.0	2	1.0106343766547077	-17.333846515627464	138.0	22	1.05	0.95				
	203	1	66.10105458947369	13.587438998947368	0.0	0.0	2	1.0153579461675786	-12.67630936075682	138.0	21	1.05	0.95				
	204	1	27.174877997894736	5.508421215789474	0.0	0.0	2	1.0115558605931734	-17.129019640155672	138.0	21	1.05	0.95				
	205	1	26.073193754736838	5.141193134736842	0.0	0.0	2	1.026397286428177	-17.593101579054377	138.0	21	1.05	0.95				
	206	1	49.943019023157895	10.282386269473683	0.0	-100.0	2	1.0428339806179945	-18.386840964754775	138.0	22	1.05	0.95				
	207	2	45.90351013157895	9.180702026315789	0.0	0.0	2	0.9937091729827853	-22.68695458700603	138.0	22	1.05	0.95				
	208	1	62.79600186	12.852982836842102	0.0	0.0	2	1.0015989656187472	-21.07636209767873	138.0	22	1.05	0.95				
	209	1	64.26491418421053	13.220210917894734	0.0	0.0	2	1.022418841465888	-15.432233264117361	138.0	23	1.05	0.95				
	210	1	71.60947580526314	14.689123242105262	0.0	0.0	2	1.05	-16.96765982762954	138.0	23	1.05	0.95				
	211	1	0.0	0.0	0.0	0.0	2	1.004796006299277	-12.826686132362276	230.0	23	1.05	0.95				
	212	1	0.0	0.0	0.0	0.0	2	1.0088908244128683	-12.38386559587837	230.0	23	1.05	0.95				
	213	2	97.31544147894736	19.830316376842106	0.0	0.0	2	0.9995347421366724	-11.823319829968268	230.0	24	1.05	0.95				
	214	2	71.24224772421051	14.32189516105263	0.0	0.0	2	1.0054866874500052	-10.210150814123617	230.0	26	1.05	0.95				
	215	2	116.4113016936842	23.50259718736842	0.0	0.0	2	1.0239535931760873	-3.3731355014958098	230.0	26	1.05	0.95				
	216	2	36.722808105263155	7.344561621052631	0.0	0.0	2	1.0251163490845725	-4.321066814557715	230.0	26	1.05	0.95				
	217	1	0.0	0.0	0.0	0.0	2	1.0294613798863976	-1.8461044029914537	230.0	27	1.05	0.95				
	218	2	122.28695099052631	24.971509511578947	0.0	0.0	2	1.0293611453630787	-2.299854610422163	230.0	27	1.05	0.95				
	219	1	66.4682826705263	13.587438998947368	0.0	0.0	2	1.026831322243612	-5.0459292000175475	230.0	25	1.05	0.95				
	220	1	47.00519437473684	9.54793010736842	0.0	0.0	2	1.0305114809699352	-4.955270392271574	230.0	25	1.05	0.95				
	221	2	0.0	0.0	0.0	0.0	2	1.0307920943923794	-1.8573300508734316	230.0	27	1.05	0.95				
	222	2	0.0	0.0	0.0	0.0	2	1.05	4.639830885213794	230.0	27	1.05	0.95				
	223	2	0.0	0.0	0.0	0.0	2	1.0328073272039322	-4.625181488134668	230.0	25	1.05	0.95				
	224	1	0.0	0.0	0.0	0.0	2	1.009251483903756	-6.8623482417635655	230.0	26	1.05	0.95				
	301	2	42.96425180210527	8.751977218947369	0.0	0.0	3	1.0099859287245203	9.603693161526014	138.0	31	1.05	0.95				
	302	2	38.58826319263158	7.9563429263157905	0.0	0.0	3	1.009879748561556	9.279766047800234	138.0	32	1.05	0.95				
	303	1	71.6070863368421	14.719234413684209	0.0	0.0	3	1.0498658903729277	22.114674092371462	138.0	31	1.05	0.95				
	304	1	29.438468827368418	5.967257194736842	0.0	0.0	3	1.0117218612962766	10.35014986662645	138.0	31	1.05	0.95				
	305	1	28.24501738842105	5.569440048421053	0.0	0.0	3	1.0251197190603982	8.326457893247209	138.0	31	1.05	0.95				
	306	1	54.10313189894737	11.138880096842106	0.0	-100.0	3	1.041620650270151	7.123695944267193	138.0	32	1.05	0.95				
	307	2	49.72714328947369	9.945428657894736	0.0	0.0	3	0.9852092252458863	3.5737444991343974	138.0	32	1.05	0.95				
	308	1	68.02673202	13.92360012105263	0.0	0.0	3	0.9957460763965178	5.315425063135414	138.0	32	1.05	0.95				
	309	1	69.61800060526315	14.32141726736842	0.0	0.0	3	1.0250864491528868	12.864143712531467	138.0	33	1.05	0.95				
	310	1	77.57434353157893	15.912685852631581	0.0	0.0	3	1.05	8.336907382841748	138.0	33	1.05	0.95				
	311	1	0.0	0.0	0.0	0.0	3	1.0091864955809844	12.002251100402503	230.0	33	1.05	0.95				
	312	1	0.0	0.0	0.0	0.0	3	1.0147464351267679	12.29901539448638	230.0	33	1.05	0.95				
	313	2	105.4215437736842	21.482125901052633	0.0	0.0	3	1.0096696501967248	13.177495767605556	230.0	34	1.05	0.95				
	314	2	77.17652638526316	15.51486870631579	0.0	0.0	3	1.0029764621113657	12.4843345540596	230.0	36	1.05	0.95				
	315	2	126.10803538210527	25.460297364210525	0.0	0.0	3	1.0420810803010416	15.747165813749739	230.0	36	1.05	0.95				
	316	2	39.78171463157894	7.9563429263157905	0.0	0.0	3	1.0327114482519244	15.489777274866903	230.0	36	1.05	0.95				
	317	1	0.0	0.0	0.0	0.0	3	1.05	19.36041281915848	230.0	37	1.05	0.95				
	318	2	132.47310972315788	27.051565949473684	0.0	0.0	3	1.0483018767969503	16.152663688587403	230.0	37	1.05	0.95				
	319	1	72.00490348315789	14.719234413684209	0.0	0.0	3	1.0258012027156684	14.485338913145585	230.0	35	1.05	0.95				
	320	1	50.92059472842105	10.343245804210527	0.0	0.0	3	1.02243926843097	14.384096336441889	230.0	35	1.05	0.95				
	321	2	0.0	0.0	0.0	0.0	3	1.0468233701228435	16.679178802069885	230.0	37	1.05	0.95				
	322	2	0.0	0.0	0.0	0.0	3	1.05	22.075684711804982	230.0	37	1.05	0.95				
	323	2	0.0	0.0	0.0	0.0	3	1.0209964614610738	14.639251433310223	230.0	35	1.05	0.95				
	324	1	0.0	0.0	0.0	0.0	3	1.042428718651714	18.184832682147874	230.0	36	1.05	0.95				
	325	1	0.0	0.0	0.0	0.0	3	1.0226483364719463	15.20736264531825	230.0	35	1.05	0.95				
];
