%% MATPOWER Case Format : Version 2
function mpc = RTS_GMLC
mpc.version = '2';

%%-----  Power Flow Data  -----%%
%% system MVA base
mpc.baseMVA = 100.0;
%% bus data
%    bus_i    type    Pd    Qd    Gs    Bs    area    Vm    Va    baseKV    zone    Vmax    Vmin
mpc.bus = [
	101	2	44.527956442105264	9.070509645614035	0.0	0.0	1	1.023451374015053	-0.023469452007086226	138.0	11	1.05	0.95				
	102	2	39.992701619298245	8.245917859649122	0.0	0.0	1	1.0215432198306296	-0.533048519103582	138.0	12	1.05	0.95				
	103	1	74.2132607368421	15.254948040350877	0.0	0.0	1	1.0300115908846383	1.6138632910434625	138.0	11	1.05	0.95				
	104	1	30.509896080701754	6.1844383947368415	0.0	0.0	1	1.0191327289048135	-2.019799711667039	138.0	11	1.05	0.95				
	105	1	29.27300840175438	5.772142501754386	0.0	0.0	1	1.0313342727974981	-2.5655364273069674	138.0	11	1.05	0.95				
	106	1	56.07224144561403	11.544285003508772	0.0	-100.0	1	1.043548900383566	-4.510506881780873	138.0	12	1.05	0.95				
	107	2	51.536986622807014	10.307397324561403	0.0	0.0	1	0.99903116797219	-10.57927471386407	138.0	12	1.05	0.95				
	108	1	70.5025977	14.430356254385963	0.0	0.0	1	1.003343271806232	-8.672952888805769	138.0	12	1.05	0.95				
	109	1	72.15178127192982	14.84265214736842	0.0	0.0	1	1.0248081693965367	-2.3466119668040917	138.0	13	1.05	0.95				
	110	1	80.39769913157893	16.491835719298244	0.0	0.0	1	1.05	-3.8096741326113746	138.0	13	1.05	0.95				
	111	1	0.0	0.0	0.0	0.0	1	1.006530329154264	-0.016951758976424074	230.0	13	1.05	0.95				
	112	1	0.0	0.0	0.0	0.0	1	1.009741024162157	-0.9307176553107526	230.0	13	1.05	0.95				
	113	3	109.25841164035086	22.263978221052632	0.0	0.0	1	0.9983684731183964	2.536178922298333e-27	230.0	14	1.05	0.95				
	114	2	79.98540323859649	16.079539826315788	0.0	0.0	1	1.0097377398614336	3.1309761945184458	230.0	16	1.05	0.95				
	115	2	130.69779807543858	26.386937150877195	0.0	0.0	1	1.0419140283281763	11.670068587300163	230.0	16	1.05	0.95				
	116	2	41.229589298245614	8.245917859649122	0.0	0.0	1	1.0356607125018067	9.9738014845687	230.0	16	1.05	0.95				
	117	1	0.0	0.0	0.0	0.0	1	1.04177606136908	15.20090160173115	230.0	17	1.05	0.95				
	118	2	137.29453236315788	28.036120722807016	0.0	0.0	1	1.049999860976851	16.00843313243935	230.0	17	1.05	0.95				
	119	1	74.62555662982456	15.254948040350877	0.0	0.0	1	1.0243940326338548	6.184727906829537	230.0	15	1.05	0.95				
	120	1	52.77387430175439	10.71969321754386	0.0	0.0	1	1.0202910393528362	3.520680968512729	230.0	15	1.05	0.95				
	121	2	0.0	0.0	0.0	0.0	1	1.05	17.632099085853238	230.0	17	1.05	0.95				
	122	2	0.0	0.0	0.0	0.0	1	1.05	30.20857166813545	230.0	17	1.05	0.95				
	123	2	0.0	0.0	0.0	0.0	1	1.0190375293460558	2.369327413315404	230.0	15	1.05	0.95				
	124	1	0.0	0.0	0.0	0.0	1	1.0248834042956554	7.909058134095727	230.0	16	1.05	0.95				
	201	2	40.51062488842106	8.252164329122808	0.0	0.0	2	1.0130879583142347	-14.491932396364279	138.0	21	1.05	0.95				
	202	2	36.38454272385965	7.501967571929826	0.0	0.0	2	1.0121995528091832	-14.767052546156963	138.0	22	1.05	0.95				
	203	1	67.51770814736842	13.878640008070175	0.0	0.0	2	1.0154786551205772	-10.929579516253213	138.0	21	1.05	0.95				
	204	1	27.75728001614035	5.626475678947369	0.0	0.0	2	1.0123629118022113	-14.444583056271302	138.0	21	1.05	0.95				
	205	1	26.631984880350878	5.251377300350878	0.0	0.0	2	1.0270618152837518	-14.840544671601362	138.0	21	1.05	0.95				
	206	1	51.01337948912281	10.502754600701756	0.0	-100.0	2	1.0430186170035929	-15.52080998301425	138.0	22	1.05	0.95				
	207	2	46.8872973245614	9.377459464912281	0.0	0.0	2	0.9954659005424327	-19.952519164984952	138.0	22	1.05	0.95				
	208	1	64.14182274	13.128443250877192	0.0	0.0	2	1.0024281638100478	-18.295190286208495	138.0	22	1.05	0.95				
	209	1	65.64221625438597	13.503541629473684	0.0	0.0	2	1.0229452318032342	-12.622438597297986	138.0	23	1.05	0.95				
	210	1	73.1441838263158	15.003935143859652	0.0	0.0	2	1.05	-13.979560355221631	138.0	23	1.05	0.95				
	211	1	0.0	0.0	0.0	0.0	2	1.0032060734235244	-10.206885449581256	230.0	23	1.05	0.95				
	212	1	0.0	0.0	0.0	0.0	2	1.0088062862264728	-8.473093783828244	230.0	23	1.05	0.95				
	213	2	99.40107032807019	20.25531244421053	0.0	0.0	2	0.9969418381340893	-8.914019799533932	230.0	24	1.05	0.95				
	214	2	72.7690854477193	14.62883676526316	0.0	0.0	2	1.0018979216348638	-8.102743565643664	230.0	26	1.05	0.95				
	215	2	118.90618601508774	24.00629623017544	0.0	0.0	2	1.021371865580909	-1.8889852731520846	230.0	26	1.05	0.95				
	216	2	37.509837859649124	7.501967571929826	0.0	0.0	2	1.0210373610968282	-2.8666246606686516	230.0	26	1.05	0.95				
	217	1	0.0	0.0	0.0	0.0	2	1.0264971223437187	-0.7923343597484159	230.0	27	1.05	0.95				
	218	2	124.9077600726316	25.506689744561406	0.0	0.0	2	1.026323328611783	-1.1506301895270428	230.0	27	1.05	0.95				
	219	1	67.89280652596491	13.878640008070175	0.0	0.0	2	1.0209832019935252	-3.5277135604546017	230.0	25	1.05	0.95				
	220	1	48.01259246035088	9.752557843508773	0.0	0.0	2	1.0232403350195034	-3.3598861420408728	230.0	25	1.05	0.95				
	221	2	0.0	0.0	0.0	0.0	2	1.0282205271163423	-0.6001126149179322	230.0	27	1.05	0.95				
	222	2	0.0	0.0	0.0	0.0	2	1.0499974249227255	5.814362145198274	230.0	27	1.05	0.95				
	223	2	0.0	0.0	0.0	0.0	2	1.0248274708351226	-2.9769334319496803	230.0	25	1.05	0.95				
	224	1	0.0	0.0	0.0	0.0	2	1.0080060410633682	-5.288852393431403	230.0	26	1.05	0.95				
	301	2	51.24960454736842	10.439734259649121	0.0	0.0	3	1.0055351173881233	9.85701988846972	138.0	31	1.05	0.95				
	302	2	46.029737417543856	9.49066750877193	0.0	0.0	3	1.0050966742342575	9.513727329564011	138.0	32	1.05	0.95				
	303	1	85.41600757894736	17.55773489122807	0.0	0.0	3	1.049205207767903	22.10259677734718	138.0	31	1.05	0.95				
	304	1	35.11546978245614	7.118000631578947	0.0	0.0	3	1.0072102255177569	10.32290174990309	138.0	31	1.05	0.95				
	305	1	33.69186965614035	6.643467256140351	0.0	0.0	3	1.021797557342413	9.200539541417687	138.0	31	1.05	0.95				
	306	1	64.53653905964913	13.286934512280702	0.0	-100.0	3	1.0383796211914893	8.265043018552674	138.0	32	1.05	0.95				
	307	2	59.31667192982456	11.863334385964912	0.0	0.0	3	0.9819275619263361	3.9023135649142393	138.0	32	1.05	0.95				
	308	1	81.14520719999999	16.608668140350876	0.0	0.0	3	0.9929613002861044	6.018599953014846	138.0	32	1.05	0.95				
	309	1	83.04334070175439	17.083201515789472	0.0	0.0	3	1.0236075013855208	12.944367049952993	138.0	33	1.05	0.95				
	310	1	92.53400821052631	18.98133501754386	0.0	0.0	3	1.05	10.079006360577685	138.0	33	1.05	0.95				
	311	1	0.0	0.0	0.0	0.0	3	1.010929180553433	13.936536598905732	230.0	33	1.05	0.95				
	312	1	0.0	0.0	0.0	0.0	3	1.0167829019564485	14.331127915073717	230.0	33	1.05	0.95				
	313	2	125.75134449122807	25.62480227368421	0.0	0.0	3	1.0139888315485557	16.145131925208396	230.0	34	1.05	0.95				
	314	2	92.05947483508771	18.506801642105263	0.0	0.0	3	1.007335301582984	14.504380222364173	230.0	36	1.05	0.95				
	315	2	150.42708001403508	30.370136028070178	0.0	0.0	3	1.0455855002600827	14.647217219681535	230.0	36	1.05	0.95				
	316	2	47.45333754385965	9.49066750877193	0.0	0.0	3	1.036351813910796	14.696400622607307	230.0	36	1.05	0.95				
	317	1	0.0	0.0	0.0	0.0	3	1.05	16.31944201598098	230.0	37	1.05	0.95				
	318	2	158.01961402105263	32.268269529824565	0.0	0.0	3	1.0493527799238487	13.846425537900307	230.0	37	1.05	0.95				
	319	1	85.89054095438597	17.55773489122807	0.0	0.0	3	1.0315555072051197	15.151460004719688	230.0	35	1.05	0.95				
	320	1	60.740272056140356	12.337867761403508	0.0	0.0	3	1.028002190976464	15.288714618863771	230.0	35	1.05	0.95				
	321	2	0.0	0.0	0.0	0.0	3	1.0484656367645229	14.735985679544005	230.0	37	1.05	0.95				
	322	2	0.0	0.0	0.0	0.0	3	1.05	19.703288908754	230.0	37	1.05	0.95				
	323	2	0.0	0.0	0.0	0.0	3	1.0262085150313072	15.48132835078212	230.0	35	1.05	0.95				
	324	1	0.0	0.0	0.0	0.0	3	1.0459970525514488	18.640870920115518	230.0	36	1.05	0.95				
	325	1	0.0	0.0	0.0	0.0	3	1.0286339238133226	15.677185322413296	230.0	35	1.05	0.95				
];
