%% MATPOWER Case Format : Version 2
function mpc = RTS_GMLC
mpc.version = '2';

%%-----  Power Flow Data  -----%%
%% system MVA base
mpc.baseMVA = 100.0;
%% bus data
%    bus_i    type    Pd    Qd    Gs    Bs    area    Vm    Va    baseKV    zone    Vmax    Vmin
mpc.bus = [
	101	2	49.97872341473684	10.180851065964912	0.0	0.0	1	1.03566478515768	2.2140951559538857	138.0	11	1.05	0.95				
	102	2	44.88829788175438	9.255319150877193	0.0	0.0	1	1.0352234819076478	2.0573351918808283	138.0	12	1.05	0.95				
	103	1	83.29787235789473	17.122340429122808	0.0	0.0	1	1.0291537586098516	0.7084726160475385	138.0	11	1.05	0.95				
	104	1	34.244680858245616	6.941489363157895	0.0	0.0	1	1.021651561364895	-1.2317155487728604	138.0	11	1.05	0.95				
	105	1	32.85638298561403	6.478723405614035	0.0	0.0	1	1.0364048291184902	-1.0690159008916038	138.0	11	1.05	0.95				
	106	1	62.936170225964915	12.95744681122807	0.0	-100.0	1	1.044849852460187	-3.3812301520126007	138.0	12	1.05	0.95				
	107	2	57.84574469298245	11.569148938596491	0.0	0.0	1	1.0015411463583772	-8.700085750139728	138.0	12	1.05	0.95				
	108	1	79.13297874	16.196808514035084	0.0	0.0	1	1.0040210071719984	-7.519149293771846	138.0	12	1.05	0.95				
	109	1	80.98404257017545	16.659574471578946	0.0	0.0	1	1.0248735447277606	-2.056723309958182	138.0	13	1.05	0.95				
	110	1	90.23936172105263	18.510638301754387	0.0	0.0	1	1.05	-2.9480580895921027	138.0	13	1.05	0.95				
	111	1	0.0	0.0	0.0	0.0	1	1.0054646062486712	-0.1108476680137019	230.0	13	1.05	0.95				
	112	1	0.0	0.0	0.0	0.0	1	1.0095867277816102	0.14250111905994012	230.0	13	1.05	0.95				
	113	3	122.6329787491228	24.98936170736842	0.0	0.0	1	0.9980915428366748	3.0483660330124866e-30	230.0	14	1.05	0.95				
	114	2	89.77659576350877	18.047872344210525	0.0	0.0	1	1.0044992250279514	2.2975188759388674	230.0	16	1.05	0.95				
	115	2	146.6968085414035	29.617021282807016	0.0	0.0	1	1.040770072486911	8.931291033665165	230.0	16	1.05	0.95				
	116	2	46.276595754385966	9.255319150877193	0.0	0.0	1	1.0368301144368641	8.376228834575974	230.0	16	1.05	0.95				
	117	1	0.0	0.0	0.0	0.0	1	1.0431676276396	10.757385123832222	230.0	17	1.05	0.95				
	118	2	154.10106386210526	31.468085112982457	0.0	0.0	1	1.0462291510059867	10.78763160261069	230.0	17	1.05	0.95				
	119	1	83.7606383154386	17.122340429122808	0.0	0.0	1	1.0295965522895096	6.910709759723715	230.0	15	1.05	0.95				
	120	1	59.23404256561403	12.031914896140352	0.0	0.0	1	1.026898501076019	6.523325058232815	230.0	15	1.05	0.95				
	121	2	0.0	0.0	0.0	0.0	1	1.05	11.873623625749005	230.0	17	1.05	0.95				
	122	2	0.0	0.0	0.0	0.0	1	1.05	20.168175238983864	230.0	17	1.05	0.95				
	123	2	0.0	0.0	0.0	0.0	1	1.0260827011410714	6.665741965837063	230.0	15	1.05	0.95				
	124	1	0.0	0.0	0.0	0.0	1	1.0259494346831521	5.858869055761943	230.0	16	1.05	0.95				
	201	2	52.52951360842106	10.700456475789474	0.0	0.0	2	1.0311703176594922	-7.02389744518091	138.0	21	1.05	0.95				
	202	2	47.179285370526316	9.72768770526316	0.0	0.0	2	1.0315850218650775	-6.987533165320362	138.0	22	1.05	0.95				
	203	1	87.54918934736843	17.996222254736843	0.0	0.0	2	1.018590507466431	-7.030229374399569	138.0	21	1.05	0.95				
	204	1	35.992444509473685	7.295765778947369	0.0	0.0	2	1.0191018900281563	-9.217185453910401	138.0	21	1.05	0.95				
	205	1	34.533291353684206	6.8093813936842125	0.0	0.0	2	1.0344315281980452	-9.324012442513503	138.0	21	1.05	0.95				
	206	1	66.14827639578948	13.618762787368425	0.0	-100.0	2	1.0439077056718051	-11.070201769881674	138.0	22	1.05	0.95				
	207	2	60.79804815789473	12.159609631578947	0.0	0.0	2	0.9895925637544516	-18.42706982450519	138.0	22	1.05	0.95				
	208	1	83.17172988	17.023453484210528	0.0	0.0	2	0.9944715090457465	-16.180925506360158	138.0	22	1.05	0.95				
	209	1	85.11726742105263	17.509837869473685	0.0	0.0	2	1.0232259508949624	-9.061243800803403	138.0	23	1.05	0.95				
	210	1	94.8449551263158	19.45537541052632	0.0	0.0	2	1.05	-10.113030170224317	138.0	23	1.05	0.95				
	211	1	0.0	0.0	0.0	0.0	2	1.0078248227631668	-6.114706773167805	230.0	23	1.05	0.95				
	212	1	0.0	0.0	0.0	0.0	2	1.01008466502925	-5.422331187924591	230.0	23	1.05	0.95				
	213	2	128.89186209473684	26.26475680421053	0.0	0.0	2	1.0033722650719226	-5.059251928778743	230.0	24	1.05	0.95				
	214	2	94.35857074105263	18.96899102526316	0.0	0.0	2	1.0106929758545924	-3.479031827487622	230.0	26	1.05	0.95				
	215	2	154.18385012842106	31.12860065684211	0.0	0.0	2	1.0295515420023325	3.1484634222413037	230.0	26	1.05	0.95				
	216	2	48.63843852631579	9.72768770526316	0.0	0.0	2	1.0310619718576963	3.1849160753994767	230.0	26	1.05	0.95				
	217	1	0.0	0.0	0.0	0.0	2	1.0360016263934213	5.837625193097302	230.0	27	1.05	0.95				
	218	2	161.9660002926316	33.07413819789474	0.0	0.0	2	1.0374277719828573	6.240028341619732	230.0	27	1.05	0.95				
	219	1	88.03557373263159	17.996222254736843	0.0	0.0	2	1.030322267473171	2.5315468309337326	230.0	25	1.05	0.95				
	220	1	62.25720131368422	12.645994016842108	0.0	0.0	2	1.0332284105005507	2.9036038338057875	230.0	25	1.05	0.95				
	221	2	0.0	0.0	0.0	0.0	2	1.0374453790480436	5.971493667187769	230.0	27	1.05	0.95				
	222	2	0.0	0.0	0.0	0.0	2	1.05	12.418484620718033	230.0	27	1.05	0.95				
	223	2	0.0	0.0	0.0	0.0	2	1.035717487668207	3.4740322760588587	230.0	25	1.05	0.95				
	224	1	0.0	0.0	0.0	0.0	2	1.0128754207587787	-0.661641880801266	230.0	26	1.05	0.95				
	301	2	56.83581143999999	11.577665293333332	0.0	0.0	3	1.0157711766211428	-12.118454460217402	138.0	31	1.05	0.95				
	302	2	51.04697879333332	10.525150266666666	0.0	0.0	3	1.0141330682012086	-12.46048348041787	138.0	32	1.05	0.95				
	303	1	94.7263524	19.47152799333333	0.0	0.0	3	1.05	1.8182989629130721	138.0	31	1.05	0.95				
	304	1	38.94305598666666	7.893862699999998	0.0	0.0	3	1.0104213016214525	-11.105379985372045	138.0	31	1.05	0.95				
	305	1	37.364283446666654	7.367605186666666	0.0	0.0	3	1.026315674745246	-12.922152991131503	138.0	31	1.05	0.95				
	306	1	71.57102181333332	14.735210373333333	0.0	-100.0	3	1.039076153280267	-13.978585429492387	138.0	32	1.05	0.95				
	307	2	65.78218916666665	13.156437833333332	0.0	0.0	3	0.9905212173059685	-19.62028061763327	138.0	32	1.05	0.95				
	308	1	89.99003477999999	18.419012966666664	0.0	0.0	3	0.9932280836042497	-17.14877071852089	138.0	32	1.05	0.95				
	309	1	92.09506483333331	18.945270479999994	0.0	0.0	3	1.0245525537205433	-7.834506227785162	138.0	33	1.05	0.95				
	310	1	102.6202151	21.05030053333333	0.0	0.0	3	1.05	-12.040583366815786	138.0	33	1.05	0.95				
	311	1	0.0	0.0	0.0	0.0	3	1.0134163501254247	-6.538221772899415	230.0	33	1.05	0.95				
	312	1	0.0	0.0	0.0	0.0	3	1.0154340023539428	-5.9322892894347286	230.0	33	1.05	0.95				
	313	2	139.4582410333333	28.417905719999997	0.0	0.0	3	1.014524793429838	-3.6196586803256974	230.0	34	1.05	0.95				
	314	2	102.09395758666663	20.52404302	0.0	0.0	3	1.0171149990342316	-5.627256691188775	230.0	36	1.05	0.95				
	315	2	166.82363172666663	33.68048085333333	0.0	0.0	3	1.0434809756376882	-1.4871428773880417	230.0	36	1.05	0.95				
	316	2	52.625751333333326	10.525150266666666	0.0	0.0	3	1.040156286684048	-1.156761255368133	230.0	36	1.05	0.95				
	317	1	0.0	0.0	0.0	0.0	3	1.043326776935168	-0.065263705609588	230.0	37	1.05	0.95				
	318	2	175.24375193999998	35.78551090666666	0.0	0.0	3	1.0411972724835208	-0.5689254006078714	230.0	37	1.05	0.95				
	319	1	95.25260991333332	19.47152799333333	0.0	0.0	3	1.0341667341156455	-2.041877571935173	230.0	35	1.05	0.95				
	320	1	67.36096170666666	13.682695346666666	0.0	0.0	3	1.0329980968724501	-1.8067720136383094	230.0	35	1.05	0.95				
	321	2	0.0	0.0	0.0	0.0	3	1.043171719265298	-0.3365334896109143	230.0	37	1.05	0.95				
	322	2	0.0	0.0	0.0	0.0	3	1.05	4.096777499057493	230.0	37	1.05	0.95				
	323	2	0.0	0.0	0.0	0.0	3	1.0333985263513572	-1.279016811457159	230.0	35	1.05	0.95				
	324	1	0.0	0.0	0.0	0.0	3	1.0430071917462214	-0.2202343513096043	230.0	36	1.05	0.95				
	325	1	0.0	0.0	0.0	0.0	3	1.031269473066262	-0.1714923791000746	230.0	35	1.05	0.95				
];
