%% MATPOWER Case Format : Version 2
function mpc = RTS_GMLC
mpc.version = '2';

%%-----  Power Flow Data  -----%%
%% system MVA base
mpc.baseMVA = 100.0;
%% bus data
%    bus_i    type    Pd    Qd    Gs    Bs    area    Vm    Va    baseKV    zone    Vmax    Vmin
mpc.bus = [
	101	2	49.23057891789474	10.028451261052632	0.0	0.0	1	1.0425369498216952	1.6527356248721667	138.0	11	1.05	0.95				
	102	2	44.21635328736842	9.116773873684211	0.0	0.0	1	1.0417929125752365	1.4330757080925163	138.0	12	1.05	0.95				
	103	1	82.05096486315789	16.866031666315788	0.0	0.0	1	1.0287946774542653	-0.25501633198988494	138.0	11	1.05	0.95				
	104	1	33.732063332631576	6.837580405263158	0.0	0.0	1	1.0259402577730357	-1.6220206711037086	138.0	11	1.05	0.95				
	105	1	32.36454725157895	6.381741711578948	0.0	0.0	1	1.03991070297148	-1.7375514918233927	138.0	11	1.05	0.95				
	106	1	61.99406234105263	12.763483423157895	0.0	-100.0	1	1.0465777695356224	-4.126083526040005	138.0	12	1.05	0.95				
	107	2	56.97983671052632	11.395967342105264	0.0	0.0	1	1.0010666362505425	-9.157414358828168	138.0	12	1.05	0.95				
	108	1	77.94841662	15.954354278947369	0.0	0.0	1	1.0039804816815339	-8.116115948478184	138.0	12	1.05	0.95				
	109	1	79.77177139473685	16.41019297263158	0.0	0.0	1	1.0242223303514904	-2.8895032324256986	138.0	13	1.05	0.95				
	110	1	88.88854526842105	18.233547747368423	0.0	0.0	1	1.05	-3.7748539608352227	138.0	13	1.05	0.95				
	111	1	0.0	0.0	0.0	0.0	1	1.0032119101345618	-1.057132197820205	230.0	13	1.05	0.95				
	112	1	0.0	0.0	0.0	0.0	1	1.0070909482148707	-1.0635223118009463	230.0	13	1.05	0.95				
	113	3	120.79725382631578	24.61528945894737	0.0	0.0	1	0.9957306688144896	2.0232067889515706e-30	230.0	14	1.05	0.95				
	114	2	88.43270657473684	17.777709053684212	0.0	0.0	1	0.9998071172048559	0.43025833966236615	230.0	16	1.05	0.95				
	115	2	144.50086589789476	29.173676395789478	0.0	0.0	1	1.0316400636027991	6.238851432129827	230.0	16	1.05	0.95				
	116	2	45.583869368421055	9.116773873684211	0.0	0.0	1	1.027199668682701	5.253326321066147	230.0	16	1.05	0.95				
	117	1	0.0	0.0	0.0	0.0	1	1.0349666064363532	8.620374146367256	230.0	17	1.05	0.95				
	118	2	151.79428499684212	30.997031170526316	0.0	0.0	1	1.0383483644070817	9.220698095318497	230.0	17	1.05	0.95				
	119	1	82.50680355684212	16.866031666315788	0.0	0.0	1	1.0179012345990566	3.3639468090129214	230.0	15	1.05	0.95				
	120	1	58.347352791578956	11.851806035789474	0.0	0.0	1	1.0133919810630518	2.446385068906576	230.0	15	1.05	0.95				
	121	2	0.0	0.0	0.0	0.0	1	1.0410126989629445	10.729701615839383	230.0	17	1.05	0.95				
	122	2	0.0	0.0	0.0	0.0	1	1.05	17.603658368699172	230.0	17	1.05	0.95				
	123	2	0.0	0.0	0.0	0.0	1	1.0115954457377678	2.2993053896797484	230.0	15	1.05	0.95				
	124	1	0.0	0.0	0.0	0.0	1	1.0219404577959932	3.7919789788061524	230.0	16	1.05	0.95				
	201	2	40.86762157894737	8.324885877192983	0.0	0.0	2	1.0145729667226568	-8.715546057810313	138.0	21	1.05	0.95				
	202	2	36.70517864035088	7.5680780701754395	0.0	0.0	2	1.0137225473698268	-8.94308164303367	138.0	22	1.05	0.95				
	203	1	68.11270263157895	14.000944429824564	0.0	0.0	2	1.0151880790236416	-6.649470431359386	138.0	21	1.05	0.95				
	204	1	28.001888859649128	5.676058552631579	0.0	0.0	2	1.0133125113384203	-8.46446912803613	138.0	21	1.05	0.95				
	205	1	26.866677149122808	5.297654649122808	0.0	0.0	2	1.0277222577747487	-8.727769003709293	138.0	21	1.05	0.95				
	206	1	51.46293087719299	10.595309298245615	0.0	-100.0	2	1.0433180684101522	-9.219612134224828	138.0	22	1.05	0.95				
	207	2	47.30048793859649	9.460097587719298	0.0	0.0	2	0.9974434701899341	-13.736610753747016	138.0	22	1.05	0.95				
	208	1	64.70706750000001	13.244136622807018	0.0	0.0	2	1.0036025089186216	-12.057063687259339	138.0	22	1.05	0.95				
	209	1	66.2206831140351	13.62254052631579	0.0	0.0	2	1.0236228975563793	-6.5045097033907	138.0	23	1.05	0.95				
	210	1	73.78876118421053	15.136156140350879	0.0	0.0	2	1.05	-7.5207472585059225	138.0	23	1.05	0.95				
	211	1	0.0	0.0	0.0	0.0	2	1.0022295338664455	-3.90267129672336	230.0	23	1.05	0.95				
	212	1	0.0	0.0	0.0	0.0	2	1.0074382698219944	-1.1811991930742338	230.0	23	1.05	0.95				
	213	2	100.27703442982457	20.433810789473686	0.0	0.0	2	0.9968441920646762	-1.880521945336107	230.0	24	1.05	0.95				
	214	2	73.41035728070176	14.757752236842107	0.0	0.0	2	0.9989019756824723	-2.4079121068107496	230.0	26	1.05	0.95				
	215	2	119.9540374122807	24.217849824561405	0.0	0.0	2	1.0171957661967492	1.7467104253557932	230.0	26	1.05	0.95				
	216	2	37.84039035087719	7.5680780701754395	0.0	0.0	2	1.0172056815275994	2.009800278603138	230.0	26	1.05	0.95				
	217	1	0.0	0.0	0.0	0.0	2	1.0222456297184759	2.8175571661186947	230.0	27	1.05	0.95				
	218	2	126.00849986842107	25.731465438596494	0.0	0.0	2	1.0216721216189557	2.461958563500287	230.0	27	1.05	0.95				
	219	1	68.49110653508774	14.000944429824564	0.0	0.0	2	1.016947582148663	2.651884739914444	230.0	25	1.05	0.95				
	220	1	48.43569964912281	9.838501491228072	0.0	0.0	2	1.0192430999004893	3.9619813175160417	230.0	25	1.05	0.95				
	221	2	0.0	0.0	0.0	0.0	2	1.0237528479157332	3.026642327114788	230.0	27	1.05	0.95				
	222	2	0.0	0.0	0.0	0.0	2	1.0455615499292081	9.490856481485093	230.0	27	1.05	0.95				
	223	2	0.0	0.0	0.0	0.0	2	1.0212850834707081	4.975787431077972	230.0	25	1.05	0.95				
	224	1	0.0	0.0	0.0	0.0	2	1.0060337624004192	-1.4231111907983005	230.0	26	1.05	0.95				
	301	2	48.140461894736845	9.806390385964912	0.0	0.0	3	1.0091217512367614	4.1032208201466895	138.0	31	1.05	0.95				
	302	2	43.237266701754386	8.914900350877193	0.0	0.0	3	1.008634738280025	3.8460696520460473	138.0	32	1.05	0.95				
	303	1	80.23410315789474	16.492565649122806	0.0	0.0	3	1.0414016094521035	13.814738666032454	138.0	31	1.05	0.95				
	304	1	32.98513129824561	6.686175263157894	0.0	0.0	3	1.0099612261272861	4.83952657384506	138.0	31	1.05	0.95				
	305	1	31.64789624561403	6.240430245614036	0.0	0.0	3	1.0240039548231996	3.856412723706002	138.0	31	1.05	0.95				
	306	1	60.621322385964916	12.480860491228071	0.0	-100.0	3	1.0401183098059168	3.180605906962546	138.0	32	1.05	0.95				
	307	2	55.71812719298246	11.14362543859649	0.0	0.0	3	0.9912668366625148	-0.5385307053512673	138.0	32	1.05	0.95				
	308	1	76.222398	15.601075614035087	0.0	0.0	3	1.000505765177804	1.4305795909765215	138.0	32	1.05	0.95				
	309	1	78.00537807017544	16.04682063157895	0.0	0.0	3	1.0247099008951253	7.487688951856847	138.0	33	1.05	0.95				
	310	1	86.92027842105263	17.829800701754387	0.0	0.0	3	1.05	5.046577344137328	138.0	33	1.05	0.95				
	311	1	0.0	0.0	0.0	0.0	3	1.005568974302939	8.810868704242317	230.0	33	1.05	0.95				
	312	1	0.0	0.0	0.0	0.0	3	1.0128293029666047	9.638651003158278	230.0	33	1.05	0.95				
	313	2	118.12242964912281	24.070230947368422	0.0	0.0	3	1.0109981279739004	12.896654487177369	230.0	34	1.05	0.95				
	314	2	86.47453340350877	17.384055684210526	0.0	0.0	3	0.9960521746272066	7.877231351887108	230.0	36	1.05	0.95				
	315	2	141.3011705614035	28.52768112280702	0.0	0.0	3	1.0264204909931454	7.151904737441745	230.0	36	1.05	0.95				
	316	2	44.57450175438596	8.914900350877193	0.0	0.0	3	1.0196358744532976	6.98930300274073	230.0	36	1.05	0.95				
	317	1	0.0	0.0	0.0	0.0	3	1.0253028867717093	7.105893437235099	230.0	37	1.05	0.95				
	318	2	148.4330908421053	30.310661192982458	0.0	0.0	3	1.024609781203876	6.56294350463547	230.0	37	1.05	0.95				
	319	1	80.6798481754386	16.492565649122806	0.0	0.0	3	1.0174855586857237	8.156190390842337	230.0	35	1.05	0.95				
	320	1	57.05536224561404	11.589370456140351	0.0	0.0	3	1.0158991599910623	8.753275984918524	230.0	35	1.05	0.95				
	321	2	0.0	0.0	0.0	0.0	3	1.0271736956112218	7.307018935392663	230.0	37	1.05	0.95				
	322	2	0.0	0.0	0.0	0.0	3	1.039852384690644	11.619666463940424	230.0	37	1.05	0.95				
	323	2	0.0	0.0	0.0	0.0	3	1.0157075719114357	9.379423715716753	230.0	35	1.05	0.95				
	324	1	0.0	0.0	0.0	0.0	3	1.03196970030356	11.473107197448396	230.0	36	1.05	0.95				
	325	1	0.0	0.0	0.0	0.0	3	1.018426819246167	9.508086479121214	230.0	35	1.05	0.95				
];
