%% MATPOWER Case Format : Version 2
function mpc = RTS_GMLC
mpc.version = '2';

%%-----  Power Flow Data  -----%%
%% system MVA base
mpc.baseMVA = 100.0;
%% bus data
%    bus_i    type    Pd    Qd    Gs    Bs    area    Vm    Va    baseKV    zone    Vmax    Vmin
mpc.bus = [
	101	2	74.49381492631579	15.174666003508772	0.0	0.0	1	1.0456284939415896	0.781159138361267	138.0	11	1.05	0.95				
	102	2	66.9064819245614	13.795150912280704	0.0	0.0	1	1.0449449942847657	0.5367327773462721	138.0	12	1.05	0.95				
	103	1	124.15635821052634	25.5210291877193	0.0	0.0	1	1.0281200835656579	-1.3023671858219485	138.0	11	1.05	0.95				
	104	1	51.0420583754386	10.346363184210526	0.0	0.0	1	1.0249277299461386	-3.009164475205085	138.0	11	1.05	0.95				
	105	1	48.97278573859649	9.656605638596492	0.0	0.0	1	1.0378589552913884	-3.337982360388953	138.0	11	1.05	0.95				
	106	1	93.80702620350878	19.313211277192984	0.0	-100.0	1	1.0401352584686567	-6.3214011504995185	138.0	12	1.05	0.95				
	107	2	86.21969320175438	17.24393864035088	0.0	0.0	1	1.0232667244494873	-8.441561808333402	138.0	12	1.05	0.95				
	108	1	117.94854030000002	24.14151409649123	0.0	0.0	1	1.0112126190664912	-9.053955850845663	138.0	12	1.05	0.95				
	109	1	120.70757048245615	24.831271642105264	0.0	0.0	1	1.0265719173809007	-4.133716619162394	138.0	13	1.05	0.95				
	110	1	134.50272139473685	27.590301824561408	0.0	0.0	1	1.05	-5.403780795294057	138.0	13	1.05	0.95				
	111	1	0.0	0.0	0.0	0.0	1	1.0113467090505524	-1.7577046984762477	230.0	13	1.05	0.95				
	112	1	0.0	0.0	0.0	0.0	1	1.015471331197494	-1.0734504642300393	230.0	13	1.05	0.95				
	113	3	182.7857495877193	37.246907463157896	0.0	0.0	1	1.0115556627655162	7.672479538677653e-31	230.0	14	1.05	0.95				
	114	2	133.8129638491228	26.90054427894737	0.0	0.0	1	1.010450848756521	-0.2104314300431897	230.0	16	1.05	0.95				
	115	2	218.65314195964913	44.14448291929825	0.0	0.0	1	1.0419425288437445	6.6317091543767965	230.0	16	1.05	0.95				
	116	2	68.97575456140352	13.795150912280704	0.0	0.0	1	1.0392650108616666	6.131599618983951	230.0	16	1.05	0.95				
	117	1	0.0	0.0	0.0	0.0	1	1.0442431893550785	8.630109803086032	230.0	17	1.05	0.95				
	118	2	229.6892626894737	46.90351310175439	0.0	0.0	1	1.0462013181961	8.966003690838562	230.0	17	1.05	0.95				
	119	1	124.84611575614035	25.5210291877193	0.0	0.0	1	1.0335750738653278	5.017206045986714	230.0	15	1.05	0.95				
	120	1	88.2889658385965	17.933696185964916	0.0	0.0	1	1.0335293793088305	4.872312321562344	230.0	15	1.05	0.95				
	121	2	0.0	0.0	0.0	0.0	1	1.0491723332290692	10.394785519076507	230.0	17	1.05	0.95				
	122	2	0.0	0.0	0.0	0.0	1	1.05	16.241319861939605	230.0	17	1.05	0.95				
	123	2	0.0	0.0	0.0	0.0	1	1.03524357012408	5.309383408661948	230.0	15	1.05	0.95				
	124	1	0.0	0.0	0.0	0.0	1	1.0265888395442215	3.6751402247449803	230.0	16	1.05	0.95				
	201	2	79.40626476631579	16.17535023017544	0.0	0.0	2	1.0369148264547252	-13.496699771862566	138.0	21	1.05	0.95				
	202	2	71.31858965122807	14.704863845614035	0.0	0.0	2	1.0372759479826557	-13.561834354543619	138.0	22	1.05	0.95				
	203	1	132.34377461052634	27.203998114385964	0.0	0.0	2	1.0205089954182733	-11.135554846803462	138.0	21	1.05	0.95				
	204	1	54.40799622877193	11.028647884210526	0.0	0.0	2	1.017900594695249	-15.070093870373256	138.0	21	1.05	0.95				
	205	1	52.20226665192983	10.293404691929826	0.0	0.0	2	1.0341212633192	-15.422514349346988	138.0	21	1.05	0.95				
	206	1	99.99307415017546	20.586809383859652	0.0	-100.0	2	1.0382979916857134	-17.191429284022977	138.0	22	1.05	0.95				
	207	2	91.90539903508773	18.381079807017546	0.0	0.0	2	0.9624340080863363	-28.170241104074638	138.0	22	1.05	0.95				
	208	1	125.72658588	25.73351172982456	0.0	0.0	2	0.9667464348254262	-24.514391038939962	138.0	22	1.05	0.95				
	209	1	128.6675586491228	26.468754922105266	0.0	0.0	2	1.0252257869214347	-13.328637405292543	138.0	23	1.05	0.95				
	210	1	143.37242249473684	29.40972769122807	0.0	0.0	2	1.05	-15.062412728077858	138.0	23	1.05	0.95				
	211	1	0.0	0.0	0.0	0.0	2	1.0254153705335285	-9.83086973510726	230.0	23	1.05	0.95				
	212	1	0.0	0.0	0.0	0.0	2	1.024716040473619	-5.080181857206754	230.0	23	1.05	0.95				
	213	2	194.83944595438595	39.70313238315789	0.0	0.0	2	1.0329364202501725	-7.44031760313392	230.0	24	1.05	0.95				
	214	2	142.63717930245613	28.674484498947372	0.0	0.0	2	1.0375214588216621	-7.666350748431964	230.0	26	1.05	0.95				
	215	2	233.07209195298248	47.055564305964914	0.0	0.0	2	1.0409323538314932	0.2215376557622981	230.0	26	1.05	0.95				
	216	2	73.52431922807018	14.704863845614035	0.0	0.0	2	1.043432851261079	-0.058945448619717816	230.0	26	1.05	0.95				
	217	1	0.0	0.0	0.0	0.0	2	1.0447493055701846	2.766055778580754	230.0	27	1.05	0.95				
	218	2	244.83598302947368	49.99653707508773	0.0	0.0	2	1.045518893806099	2.9606426197990983	230.0	27	1.05	0.95				
	219	1	133.07901780280702	27.203998114385964	0.0	0.0	2	1.0410416619042717	-0.5358964784075594	230.0	25	1.05	0.95				
	220	1	94.11112861192983	19.116322999298248	0.0	0.0	2	1.04536821960945	0.43067867707505375	230.0	25	1.05	0.95				
	221	2	0.0	0.0	0.0	0.0	2	1.0455124536844271	2.8107425141439166	230.0	27	1.05	0.95				
	222	2	0.0	0.0	0.0	0.0	2	1.05	9.301222981598762	230.0	27	1.05	0.95				
	223	2	0.0	0.0	0.0	0.0	2	1.05	1.493477903062794	230.0	25	1.05	0.95				
	224	1	0.0	0.0	0.0	0.0	2	1.019104245778902	-3.9933523848169763	230.0	26	1.05	0.95				
	301	2	88.33723506947369	17.994621958596493	0.0	0.0	3	0.9839978249640937	-9.587468701701594	138.0	31	1.05	0.95				
	302	2	79.33992409017544	16.358747235087723	0.0	0.0	3	0.9866883356120197	-9.97669417242788	138.0	32	1.05	0.95				
	303	1	147.22872511578947	30.263682384912283	0.0	0.0	3	1.001706535533004	-5.125628021347467	138.0	31	1.05	0.95				
	304	1	60.527364769824565	12.26906042631579	0.0	0.0	3	0.9762778765635548	-7.956861119485354	138.0	31	1.05	0.95				
	305	1	58.073552684561406	11.451123064561406	0.0	0.0	3	0.9876710299587222	-8.14931633010342	138.0	31	1.05	0.95				
	306	1	111.23948119859651	22.902246129122812	0.0	-100.0	3	0.9963224377449111	-8.291302810297646	138.0	32	1.05	0.95				
	307	2	102.24217021929825	20.44843404385965	0.0	0.0	3	0.95	-14.379201008392977	138.0	32	1.05	0.95				
	308	1	139.86728886000003	28.62780766140351	0.0	0.0	3	0.9550231541667438	-10.78261567565399	138.0	32	1.05	0.95				
	309	1	143.13903830701756	29.445745023157894	0.0	0.0	3	0.9990074639807637	-2.7664029459112016	138.0	33	1.05	0.95				
	310	1	159.49778554210528	32.717494470175446	0.0	0.0	3	1.016326813993391	-3.906935386744135	138.0	33	1.05	0.95				
	311	1	0.0	0.0	0.0	0.0	3	0.993611744734076	4.534431377132469	230.0	33	1.05	0.95				
	312	1	0.0	0.0	0.0	0.0	3	0.997419983025516	6.120784785283744	230.0	33	1.05	0.95				
	313	2	216.7534008649123	44.168617534736846	0.0	0.0	3	1.0247564390690864	13.981693509967767	230.0	34	1.05	0.95				
	314	2	158.6798481803509	31.899557108421057	0.0	0.0	3	1.0058146490897584	3.798697894706635	230.0	36	1.05	0.95				
	315	2	259.28614367614034	52.347991152280706	0.0	0.0	3	1.0491053006084037	0.4915566678566317	230.0	36	1.05	0.95				
	316	2	81.7937361754386	16.358747235087723	0.0	0.0	3	1.0462597265123774	2.1279792107945847	230.0	36	1.05	0.95				
	317	1	0.0	0.0	0.0	0.0	3	1.049843725373117	2.404920464516802	230.0	37	1.05	0.95				
	318	2	272.37314146421056	55.619740599298254	0.0	0.0	3	1.0475669082146581	1.0780107230181024	230.0	37	1.05	0.95				
	319	1	148.0466624775439	30.263682384912283	0.0	0.0	3	1.0377534515645	4.30111355671496	230.0	35	1.05	0.95				
	320	1	104.69598230456141	21.266371405614038	0.0	0.0	3	1.0351693291472577	6.245081157514007	230.0	35	1.05	0.95				
	321	2	0.0	0.0	0.0	0.0	3	1.05	1.6405161532757677	230.0	37	1.05	0.95				
	322	2	0.0	0.0	0.0	0.0	3	1.05	6.288217339330889	230.0	37	1.05	0.95				
	323	2	0.0	0.0	0.0	0.0	3	1.035104698039728	7.256561776757137	230.0	35	1.05	0.95				
	324	1	0.0	0.0	0.0	0.0	3	1.0258460396110622	0.40108022522512576	230.0	36	1.05	0.95				
	325	1	0.0	0.0	0.0	0.0	3	1.0364862208042758	7.529016973014926	230.0	35	1.05	0.95				
];
