%% MATPOWER Case Format : Version 2
function mpc = RTS_GMLC
mpc.version = '2';

%%-----  Power Flow Data  -----%%
%% system MVA base
mpc.baseMVA = 100.0;
%% bus data
%    bus_i    type    Pd    Qd    Gs    Bs    area    Vm    Va    baseKV    zone    Vmax    Vmin
mpc.bus = [
	101	2	41.254824353684214	8.403760516491229	0.0	0.0	1	1.033127530382021	1.9819149089102315	138.0	11	1.05	0.95				
	102	2	37.0529440954386	7.639782287719299	0.0	0.0	1	1.0309000339478596	1.3901719468534308	138.0	12	1.05	0.95				
	103	1	68.75804058947368	14.133597232280701	0.0	0.0	1	1.0337920798119402	1.4663819806046665	138.0	11	1.05	0.95				
	104	1	28.267194464561403	5.729836715789473	0.0	0.0	1	1.0240816109475481	-0.8553836956949171	138.0	11	1.05	0.95				
	105	1	27.121227121403507	5.347847601403509	0.0	0.0	1	1.036228426546684	-1.1876458276213364	138.0	11	1.05	0.95				
	106	1	51.95051955649122	10.695695202807018	0.0	-100.0	1	1.0462800211904189	-3.4782395905301926	138.0	12	1.05	0.95				
	107	2	47.74863929824561	9.549727859649122	0.0	0.0	1	1.0005241639665436	-9.787328678458275	138.0	12	1.05	0.95				
	108	1	65.32013855999999	13.36961900350877	0.0	0.0	1	1.0053492813652511	-7.935256354835226	138.0	12	1.05	0.95				
	109	1	66.84809501754386	13.751608117894735	0.0	0.0	1	1.0249563558180521	-2.0843717341512127	138.0	13	1.05	0.95				
	110	1	74.48787730526315	15.279564575438599	0.0	0.0	1	1.05	-3.195125052869132	138.0	13	1.05	0.95				
	111	1	0.0	0.0	0.0	0.0	1	1.0025257214117567	-0.4710375580962164	230.0	13	1.05	0.95				
	112	1	0.0	0.0	0.0	0.0	1	1.0074550168964505	-0.9711435011848965	230.0	13	1.05	0.95				
	113	3	101.2271153122807	20.627412176842107	0.0	0.0	1	0.9941667770922188	5.269884588956535e-31	230.0	14	1.05	0.95				
	114	2	74.1058881908772	14.89757546105263	0.0	0.0	1	0.9986593970748415	1.4306147683847643	230.0	16	1.05	0.95				
	115	2	121.09054926035088	24.447303320701756	0.0	0.0	1	1.0367808408764139	7.502736182900295	230.0	16	1.05	0.95				
	116	2	38.19891143859649	7.639782287719299	0.0	0.0	1	1.0319691693220252	6.291635204091634	230.0	16	1.05	0.95				
	117	1	0.0	0.0	0.0	0.0	1	1.0401633306536369	9.913725519609104	230.0	17	1.05	0.95				
	118	2	127.20237509052632	25.97525977824561	0.0	0.0	1	1.0446598176844006	10.676465734210055	230.0	17	1.05	0.95				
	119	1	69.14002970385965	14.133597232280701	0.0	0.0	1	1.0210704603481953	3.783081126159618	230.0	15	1.05	0.95				
	120	1	48.89460664140351	9.931716974035087	0.0	0.0	1	1.014582795759137	1.923994017201739	230.0	15	1.05	0.95				
	121	2	0.0	0.0	0.0	0.0	1	1.0474203476556985	11.895696615314181	230.0	17	1.05	0.95				
	122	2	0.0	0.0	0.0	0.0	1	1.05	18.72571986347221	230.0	17	1.05	0.95				
	123	2	0.0	0.0	0.0	0.0	1	1.0115434396027905	1.1957258895488176	230.0	15	1.05	0.95				
	124	1	0.0	0.0	0.0	0.0	1	1.0274096786341167	5.229567540157239	230.0	16	1.05	0.95				
	201	2	42.380607600000005	8.633086733333334	0.0	0.0	2	1.0165663751898495	-13.77204588632366	138.0	21	1.05	0.95				
	202	2	38.06406423333333	7.848260666666667	0.0	0.0	2	1.015722759557968	-14.036917003752304	138.0	22	1.05	0.95				
	203	1	70.63434600000001	14.519282233333334	0.0	0.0	2	1.0142971228002908	-10.362850455243475	138.0	21	1.05	0.95				
	204	1	29.038564466666667	5.8861954999999995	0.0	0.0	2	1.0134097565607683	-13.583438924091457	138.0	21	1.05	0.95				
	205	1	27.861325366666666	5.493782466666667	0.0	0.0	2	1.0285763587806258	-13.96910733837931	138.0	21	1.05	0.95				
	206	1	53.368172533333336	10.987564933333333	0.0	-100.0	2	1.0433995361657529	-14.578874905451684	138.0	22	1.05	0.95				
	207	2	49.051629166666665	9.810325833333334	0.0	0.0	2	0.9990566853337206	-19.2753405259979	138.0	22	1.05	0.95				
	208	1	67.1026287	13.734456166666664	0.0	0.0	2	1.0037528921873775	-17.51105503749302	138.0	22	1.05	0.95				
	209	1	68.67228083333333	14.1268692	0.0	0.0	2	1.0226724815281378	-11.58500258884246	138.0	23	1.05	0.95				
	210	1	76.5205415	15.696521333333335	0.0	0.0	2	1.05	-12.904289118412732	138.0	23	1.05	0.95				
	211	1	0.0	0.0	0.0	0.0	2	1.0022634315357868	-9.597025119731619	230.0	23	1.05	0.95				
	212	1	0.0	0.0	0.0	0.0	2	1.0077102091418555	-6.2739927404814555	230.0	23	1.05	0.95				
	213	2	103.98945383333333	21.190303800000002	0.0	0.0	2	0.9941533224392154	-8.356805400926067	230.0	24	1.05	0.95				
	214	2	76.12812846666667	15.3041083	0.0	0.0	2	1.000352511814395	-7.8874133380553175	230.0	26	1.05	0.95				
	215	2	124.39493156666666	25.114434133333337	0.0	0.0	2	1.016068638854737	-1.9012417772324914	230.0	26	1.05	0.95				
	216	2	39.241303333333335	7.848260666666667	0.0	0.0	2	1.0147513891251623	-3.038160162208025	230.0	26	1.05	0.95				
	217	1	0.0	0.0	0.0	0.0	2	1.0202973707853515	-1.1255445705307943	230.0	27	1.05	0.95				
	218	2	130.6735401	26.684086266666668	0.0	0.0	2	1.0201997414406783	-1.4348319926750277	230.0	27	1.05	0.95				
	219	1	71.02675903333333	14.519282233333334	0.0	0.0	2	1.0095753933911285	-4.664504237929107	230.0	25	1.05	0.95				
	220	1	50.22886826666667	10.202738866666666	0.0	0.0	2	1.0080919888058493	-5.293445074082079	230.0	25	1.05	0.95				
	221	2	0.0	0.0	0.0	0.0	2	1.0223762903385059	-0.788112742093995	230.0	27	1.05	0.95				
	222	2	0.0	0.0	0.0	0.0	2	1.0441903436148108	5.643067939554401	230.0	27	1.05	0.95				
	223	2	0.0	0.0	0.0	0.0	2	1.007670635544451	-5.325899359275907	230.0	25	1.05	0.95				
	224	1	0.0	0.0	0.0	0.0	2	1.0049368942139734	-5.096637156032234	230.0	26	1.05	0.95				
	301	2	62.04618792000001	12.639038280000001	0.0	0.0	3	0.995012312583108	-5.489770726161436	138.0	31	1.05	0.95				
	302	2	55.72666878	11.4900348	0.0	0.0	3	0.9950165633432937	-5.5130382272303455	138.0	32	1.05	0.95				
	303	1	103.4103132	21.256564379999997	0.0	0.0	3	1.0109366983424566	-2.9849962948860025	138.0	31	1.05	0.95				
	304	1	42.513128759999994	8.6175261	0.0	0.0	3	1.0010445768046972	-3.4955440872171972	138.0	31	1.05	0.95				
	305	1	40.789623539999994	8.04302436	0.0	0.0	3	1.0135914286520395	-3.508178162208976	138.0	31	1.05	0.95				
	306	1	78.13223664	16.08604872	0.0	-100.0	3	1.0324828531732977	-3.0566518058246284	138.0	32	1.05	0.95				
	307	2	71.8127175	14.3625435	0.0	0.0	3	0.991447122019612	-7.1922082381748575	138.0	32	1.05	0.95				
	308	1	98.23979754	20.1075609	0.0	0.0	3	1.0002200948080098	-4.602687102610189	138.0	32	1.05	0.95				
	309	1	100.53780450000001	20.682062639999998	0.0	0.0	3	1.026156307597854	0.49241887933256834	138.0	33	1.05	0.95				
	310	1	112.0278393	22.9800696	0.0	0.0	3	1.05	0.29967939621980877	138.0	33	1.05	0.95				
	311	1	0.0	0.0	0.0	0.0	3	1.0154872298438533	6.309940057436918	230.0	33	1.05	0.95				
	312	1	0.0	0.0	0.0	0.0	3	1.0206922836527208	7.930466533490995	230.0	33	1.05	0.95				
	313	2	152.2429611	31.023093960000004	0.0	0.0	3	1.0400516305741014	14.598617776984208	230.0	34	1.05	0.95				
	314	2	111.45333756	22.40556786	0.0	0.0	3	1.0161030481477913	4.825187739002598	230.0	36	1.05	0.95				
	315	2	182.11705158	36.76811136	0.0	0.0	3	1.0263274041517723	-0.36468807537478604	230.0	36	1.05	0.95				
	316	2	57.450174	11.4900348	0.0	0.0	3	1.028638735137377	1.036157146857623	230.0	36	1.05	0.95				
	317	1	0.0	0.0	0.0	0.0	3	1.0293857861322488	-0.007880978566927465	230.0	37	1.05	0.95				
	318	2	191.30907942	39.06611832	0.0	0.0	3	1.0261552885903116	-1.1304840010605894	230.0	37	1.05	0.95				
	319	1	103.98481494	21.256564379999997	0.0	0.0	3	1.0297365553324258	4.433478290890205	230.0	35	1.05	0.95				
	320	1	73.53622272	14.93704524	0.0	0.0	3	1.0342054332640394	7.025873602201339	230.0	35	1.05	0.95				
	321	2	0.0	0.0	0.0	0.0	3	1.028326348038789	-0.3031242524515452	230.0	37	1.05	0.95				
	322	2	0.0	0.0	0.0	0.0	3	1.0421533101330038	4.184979857875928	230.0	37	1.05	0.95				
	323	2	0.0	0.0	0.0	0.0	3	1.0372051596913108	8.17367245026044	230.0	35	1.05	0.95				
	324	1	0.0	0.0	0.0	0.0	3	1.0173966858167942	0.4416035622721011	230.0	36	1.05	0.95				
	325	1	0.0	0.0	0.0	0.0	3	1.0381159193938125	8.49223468809389	230.0	35	1.05	0.95				
];

%% generator data
%    bus    Pg    Qg    Qmax    Qmin    Vg    mBase    status    Pmax    Pmin    Pc1    Pc2    Qc1min    Qc1max    Qc2min    Qc2max    ramp_agc    ramp_10    ramp_30    ramp_q    apf
