%% MATPOWER Case Format : Version 2
function mpc = RTS_GMLC
mpc.version = '2';

%%-----  Power Flow Data  -----%%
%% system MVA base
mpc.baseMVA = 100.0;
%% bus data
%    bus_i    type    Pd    Qd    Gs    Bs    area    Vm    Va    baseKV    zone    Vmax    Vmin
mpc.bus = [
	101	2	43.76645226947369	8.915388425263158	0.0	0.0	1	1.0296372211571898	2.76360555627076	138.0	11	1.05	0.95				
	102	2	39.3087580568421	8.104898568421055	0.0	0.0	1	1.0287158287717197	2.486942475177853	138.0	12	1.05	0.95				
	103	1	72.94408711578949	14.994062351578947	0.0	0.0	1	1.0303480827607323	1.7225037110768424	138.0	11	1.05	0.95				
	104	1	29.988124703157894	6.078673926315789	0.0	0.0	1	1.0200042332041286	-0.5406661917264904	138.0	11	1.05	0.95				
	105	1	28.772389917894735	5.673428997894738	0.0	0.0	1	1.0341767761781688	-0.3751775424004437	138.0	11	1.05	0.95				
	106	1	55.11331026526316	11.346857995789476	0.0	-100.0	1	1.0450162322726775	-2.5869528920865656	138.0	12	1.05	0.95				
	107	2	50.65561605263158	10.131123210526315	0.0	0.0	1	0.999464154581299	-8.93449259254628	138.0	12	1.05	0.95				
	108	1	69.29688276	14.18357249473684	0.0	0.0	1	1.0040785565029	-7.167925658435966	138.0	12	1.05	0.95				
	109	1	70.91786247368421	14.588817423157893	0.0	0.0	1	1.025008321426046	-1.3608261191562443	138.0	13	1.05	0.95				
	110	1	79.02276104210526	16.20979713684211	0.0	0.0	1	1.05	-2.2656302974154823	138.0	13	1.05	0.95				
	111	1	0.0	0.0	0.0	0.0	1	1.0047704226868066	0.4611720324638817	230.0	13	1.05	0.95				
	112	1	0.0	0.0	0.0	0.0	1	1.0096901081646752	0.4473828803608696	230.0	13	1.05	0.95				
	113	3	107.38990603157895	21.883226134736844	0.0	0.0	1	0.9964280186100218	-1.839123937130761e-28	230.0	14	1.05	0.95				
	114	2	78.6175161136842	15.804552208421056	0.0	0.0	1	1.0038943143369958	3.254502833923686	230.0	16	1.05	0.95				
	115	2	128.4626423094737	25.93567541894737	0.0	0.0	1	1.0416262413043405	9.87754236685607	230.0	16	1.05	0.95				
	116	2	40.52449284210526	8.104898568421055	0.0	0.0	1	1.0390070957044062	9.467250435108657	230.0	16	1.05	0.95				
	117	1	0.0	0.0	0.0	0.0	1	1.042351017904548	12.907171709905334	230.0	17	1.05	0.95				
	118	2	134.94656116421052	27.55665513263158	0.0	0.0	1	1.0484839028594453	12.537826121926173	230.0	17	1.05	0.95				
	119	1	73.34933204421054	14.994062351578947	0.0	0.0	1	1.0316565939011375	7.641465205459002	230.0	15	1.05	0.95				
	120	1	51.87135083789474	10.536368138947369	0.0	0.0	1	1.0284522301028587	6.824521427712125	230.0	15	1.05	0.95				
	121	2	0.0	0.0	0.0	0.0	1	1.05	13.159994618242393	230.0	17	1.05	0.95				
	122	2	0.0	0.0	0.0	0.0	1	1.05	29.75583848550669	230.0	17	1.05	0.95				
	123	2	0.0	0.0	0.0	0.0	1	1.027081727686903	6.6856729145451546	230.0	15	1.05	0.95				
	124	1	0.0	0.0	0.0	0.0	1	1.0269964680425219	6.829479880375256	230.0	16	1.05	0.95				
	201	2	47.93955612631579	9.765465136842105	0.0	0.0	2	1.0231351312653767	-10.685321200008723	138.0	21	1.05	0.95				
	202	2	43.05682355789473	8.87769557894737	0.0	0.0	2	1.0241055149239209	-10.514987893468346	138.0	22	1.05	0.95				
	203	1	79.89926021052631	16.423736821052632	0.0	0.0	2	1.0178413245218865	-9.055098981107461	138.0	21	1.05	0.95				
	204	1	32.847473642105264	6.658271684210526	0.0	0.0	2	1.0164744051792138	-12.271490305632382	138.0	21	1.05	0.95				
	205	1	31.515819305263154	6.214386905263158	0.0	0.0	2	1.031040119919715	-12.625907771996069	138.0	21	1.05	0.95				
	206	1	60.3683299368421	12.428773810526316	0.0	-100.0	2	1.0434343776445878	-14.107950444458716	138.0	22	1.05	0.95				
	207	2	55.48559736842105	11.09711947368421	0.0	0.0	2	0.9885433354455968	-20.4952915593666	138.0	22	1.05	0.95				
	208	1	75.90429719999999	15.535967263157893	0.0	0.0	2	0.9956156023155562	-18.48648015193227	138.0	22	1.05	0.95				
	209	1	77.67983631578946	15.97985204210526	0.0	0.0	2	1.0229093409914853	-11.880284444885737	138.0	23	1.05	0.95				
	210	1	86.55753189473683	17.75539115789474	0.0	0.0	2	1.05	-13.162993025781406	138.0	23	1.05	0.95				
	211	1	0.0	0.0	0.0	0.0	2	1.0072397398526967	-9.165929112545005	230.0	23	1.05	0.95				
	212	1	0.0	0.0	0.0	0.0	2	1.011500173002954	-8.956089028587327	230.0	23	1.05	0.95				
	213	2	117.62946642105261	23.969778063157896	0.0	0.0	2	1.0016908130237248	-8.570934181097737	230.0	24	1.05	0.95				
	214	2	86.11364711578946	17.311506378947367	0.0	0.0	2	1.0104470087211448	-6.240833130886953	230.0	26	1.05	0.95				
	215	2	140.71147492631576	28.408625852631573	0.0	0.0	2	1.0300257702320956	1.0762662653487116	230.0	26	1.05	0.95				
	216	2	44.38847789473684	8.87769557894737	0.0	0.0	2	1.0327187899823176	0.5337980775341167	230.0	26	1.05	0.95				
	217	1	0.0	0.0	0.0	0.0	2	1.0367043098156576	3.791402279559201	230.0	27	1.05	0.95				
	218	2	147.81363138947367	30.18416496842105	0.0	0.0	2	1.038276405513422	4.137037029873188	230.0	27	1.05	0.95				
	219	1	80.34314498947369	16.423736821052632	0.0	0.0	2	1.0330299446526467	-1.0437965718047528	230.0	25	1.05	0.95				
	220	1	56.817251705263146	11.541004252631579	0.0	0.0	2	1.0367170785165054	-1.555988601257433	230.0	25	1.05	0.95				
	221	2	0.0	0.0	0.0	0.0	2	1.0380759367479755	3.88103780863682	230.0	27	1.05	0.95				
	222	2	0.0	0.0	0.0	0.0	2	1.05	10.346072929152413	230.0	27	1.05	0.95				
	223	2	0.0	0.0	0.0	0.0	2	1.0392897026014538	-1.5034444627361168	230.0	25	1.05	0.95				
	224	1	0.0	0.0	0.0	0.0	2	1.0129433020735565	-2.711395077772233	230.0	26	1.05	0.95				
	301	2	60.03037011789474	12.228408727719298	0.0	0.0	3	1.007884817989132	-36.41862695537102	138.0	31	1.05	0.95				
	302	2	53.916165754035084	11.116735207017543	0.0	0.0	3	1.0073834657319336	-36.549052563949495	138.0	32	1.05	0.95				
	303	1	100.05061686315788	20.565960132982454	0.0	0.0	3	1.0212387263560387	-29.594311143704843	138.0	31	1.05	0.95				
	304	1	41.13192026596491	8.337551405263156	0.0	0.0	3	1.0077070044464045	-34.5800772559895	138.0	31	1.05	0.95				
	305	1	39.46440998491227	7.781714644912281	0.0	0.0	3	1.0213037070372577	-35.52285703513829	138.0	31	1.05	0.95				
	306	1	75.5937994077193	15.563429289824562	0.0	-100.0	3	1.0364633904894591	-35.6469414020529	138.0	32	1.05	0.95				
	307	2	69.47959504385965	13.895919008771928	0.0	0.0	3	0.9929630210502269	-42.01784773476015	138.0	32	1.05	0.95				
	308	1	95.04808601999999	19.4542866122807	0.0	0.0	3	0.9941054859922209	-39.38908199682634	138.0	32	1.05	0.95				
	309	1	97.2714330614035	20.01012337263158	0.0	0.0	3	1.0271767862661874	-30.70589961395568	138.0	33	1.05	0.95				
	310	1	108.38816826842104	22.233470414035086	0.0	0.0	3	1.05	-32.84298155651337	138.0	33	1.05	0.95				
	311	1	0.0	0.0	0.0	0.0	3	1.0179943916515186	-25.54323767461997	230.0	33	1.05	0.95				
	312	1	0.0	0.0	0.0	0.0	3	1.0167852833573992	-24.64560452739854	230.0	33	1.05	0.95				
	313	2	147.29674149298245	30.01518505894737	0.0	0.0	3	1.0268088217024092	-21.477442665378923	230.0	34	1.05	0.95				
	314	2	107.83233150807017	21.677633653684207	0.0	0.0	3	1.0288516569678823	-22.934031555687145	230.0	36	1.05	0.95				
	315	2	176.20025303122807	35.57355266245614	0.0	0.0	3	1.0475871281832467	-16.817776168002446	230.0	36	1.05	0.95				
	316	2	55.58367603508771	11.116735207017543	0.0	0.0	3	1.047480106191163	-15.915179562800848	230.0	36	1.05	0.95				
	317	1	0.0	0.0	0.0	0.0	3	1.05	-13.263233871537215	230.0	37	1.05	0.95				
	318	2	185.09364119684207	37.79689970385965	0.0	0.0	3	1.0481876241083927	-13.334458354792059	230.0	37	1.05	0.95				
	319	1	100.60645362350877	20.565960132982454	0.0	0.0	3	1.0452242216070444	-16.34385868103923	230.0	35	1.05	0.95				
	320	1	71.14710532491227	14.451755769122807	0.0	0.0	3	1.047491445965176	-15.675471706648448	230.0	35	1.05	0.95				
	321	2	0.0	0.0	0.0	0.0	3	1.049811244183596	-13.577792905534592	230.0	37	1.05	0.95				
	322	2	0.0	0.0	0.0	0.0	3	1.05	-9.106949833800234	230.0	37	1.05	0.95				
	323	2	0.0	0.0	0.0	0.0	3	1.05	-14.902329001799481	230.0	35	1.05	0.95				
	324	1	0.0	0.0	0.0	0.0	3	1.0215420602922627	-21.536887996210243	230.0	36	1.05	0.95				
	325	1	0.0	0.0	0.0	0.0	3	1.0366133822169348	-12.676407246694847	230.0	35	1.05	0.95				
];
