%% MATPOWER Case Format : Version 2
function mpc = RTS_GMLC
mpc.version = '2';

%%-----  Power Flow Data  -----%%
%% system MVA base
mpc.baseMVA = 100.0;
%% bus data
%    bus_i    type    Pd    Qd    Gs    Bs    area    Vm    Va    baseKV    zone    Vmax    Vmin
mpc.bus = [
	101	2	37.14002968926315	7.565561603368421	0.0	0.0	1	1.0065075418852385	-5.999498296617347	138.0	11	1.05	0.95				
	102	2	33.35724888757895	6.877783275789473	0.0	0.0	1	1.0058764647050114	-6.158885435691952	138.0	12	1.05	0.95				
	103	1	61.90004948210526	12.723899060210526	0.0	0.0	1	1.0218781393908236	0.660046477826275	138.0	11	1.05	0.95				
	104	1	25.44779812042105	5.158337456842105	0.0	0.0	1	1.01004854079367	-5.283161837931661	138.0	11	1.05	0.95				
	105	1	24.416130629052628	4.8144482930526316	0.0	0.0	1	1.0241026713827681	-6.083414248050591	138.0	11	1.05	0.95				
	106	1	46.76892627536842	9.628896586105263	0.0	-100.0	1	1.0423762812459523	-6.572830248317989	138.0	12	1.05	0.95				
	107	2	42.9861454736842	8.597229094736841	0.0	0.0	1	1.0022674267129115	-10.267532667670798	138.0	12	1.05	0.95				
	108	1	58.80504700799999	12.036120732631577	0.0	0.0	1	1.007542170974841	-8.720663784297296	138.0	12	1.05	0.95				
	109	1	60.180603663157896	12.38000989642105	0.0	0.0	1	1.0231313881683703	-3.14018242263305	138.0	13	1.05	0.95				
	110	1	67.05838693894735	13.755566551578946	0.0	0.0	1	1.05	-5.053000698600485	138.0	13	1.05	0.95				
	111	1	0.0	0.0	0.0	0.0	1	1.004244378443451	-0.04805984465925441	230.0	13	1.05	0.95				
	112	1	0.0	0.0	0.0	0.0	1	1.0073311538765408	-1.2244303942270485	230.0	13	1.05	0.95				
	113	3	91.13062840421051	18.570014844631576	0.0	0.0	1	0.9985469210512067	-1.4413792569505379e-28	230.0	14	1.05	0.95				
	114	2	66.7144977751579	13.411677387789473	0.0	0.0	1	1.007739940365351	4.0781675677687845	230.0	16	1.05	0.95				
	115	2	109.01286492126314	22.008906482526314	0.0	0.0	1	1.0337068079511678	13.708820051396552	230.0	16	1.05	0.95				
	116	2	34.388916378947364	6.877783275789473	0.0	0.0	1	1.0276708571553346	11.924061398020271	230.0	16	1.05	0.95				
	117	1	0.0	0.0	0.0	0.0	1	1.0329032714294568	17.904439085113527	230.0	17	1.05	0.95				
	118	2	114.51509154189472	23.38446313768421	0.0	0.0	1	1.0431590970070372	18.570578097172074	230.0	17	1.05	0.95				
	119	1	62.24393864589474	12.723899060210526	0.0	0.0	1	1.0172908616935488	7.673082753139494	230.0	15	1.05	0.95				
	120	1	44.01781296505263	8.941118258526314	0.0	0.0	1	1.0143658323814966	4.619699825445101	230.0	15	1.05	0.95				
	121	2	0.0	0.0	0.0	0.0	1	1.0428989857797437	20.052160545901867	230.0	17	1.05	0.95				
	122	2	0.0	0.0	0.0	0.0	1	1.05	36.98099966424519	230.0	17	1.05	0.95				
	123	2	0.0	0.0	0.0	0.0	1	1.0137061824673508	3.2066319557810474	230.0	15	1.05	0.95				
	124	1	0.0	0.0	0.0	0.0	1	1.0128921887119304	8.82462271626165	230.0	16	1.05	0.95				
	201	2	38.30064536842105	7.801983315789474	0.0	0.0	2	1.0069284959060054	-13.975874578858045	138.0	21	1.05	0.95				
	202	2	34.399653710526316	7.092712105263159	0.0	0.0	2	1.0055528623881353	-14.249611036598717	138.0	22	1.05	0.95				
	203	1	63.83440894736842	13.121517394736843	0.0	0.0	2	1.0161004749322673	-10.548670816807626	138.0	21	1.05	0.95				
	204	1	26.243034789473686	5.319534078947368	0.0	0.0	2	1.010148821035245	-14.07620236645565	138.0	21	1.05	0.95				
	205	1	25.179127973684214	4.964898473684211	0.0	0.0	2	1.0242089941110473	-14.45831461020565	138.0	21	1.05	0.95				
	206	1	48.23044231578948	9.929796947368422	0.0	-100.0	2	1.0419562368585262	-15.19451623962862	138.0	22	1.05	0.95				
	207	2	44.32945065789474	8.865890131578947	0.0	0.0	2	0.9895775884562205	-19.306805612250404	138.0	22	1.05	0.95				
	208	1	60.6426885	12.412246184210526	0.0	0.0	2	0.9999667231795086	-17.784034684263474	138.0	22	1.05	0.95				
	209	1	62.06123092105263	12.766881789473683	0.0	0.0	2	1.023558983319641	-12.456288242972464	138.0	23	1.05	0.95				
	210	1	69.15394302631579	14.185424210526318	0.0	0.0	2	1.05	-13.790022396281282	138.0	23	1.05	0.95				
	211	1	0.0	0.0	0.0	0.0	2	1.003782020229488	-9.835318524692886	230.0	23	1.05	0.95				
	212	1	0.0	0.0	0.0	0.0	2	1.01337324020725	-9.142123541673193	230.0	23	1.05	0.95				
	213	2	93.97843539473683	19.150322684210526	0.0	0.0	2	1.0030069120556155	-8.567352443827657	230.0	24	1.05	0.95				
	214	2	68.79930742105263	13.830788605263159	0.0	0.0	2	0.9986010032784762	-7.515880632007862	230.0	26	1.05	0.95				
	215	2	112.41948686842105	22.696678736842106	0.0	0.0	2	1.021885256442055	-1.573312720907934	230.0	26	1.05	0.95				
	216	2	35.46356052631579	7.092712105263159	0.0	0.0	2	1.0242283220734023	-2.188660628939935	230.0	26	1.05	0.95				
	217	1	0.0	0.0	0.0	0.0	2	1.0269191327108877	-0.15634608546323206	230.0	27	1.05	0.95				
	218	2	118.09365655263157	24.11522115789474	0.0	0.0	2	1.0263880085168708	-0.5556580380901487	230.0	27	1.05	0.95				
	219	1	64.18904455263159	13.121517394736843	0.0	0.0	2	1.033810428789703	-2.338846290231535	230.0	25	1.05	0.95				
	220	1	45.39335747368421	9.220525736842106	0.0	0.0	2	1.0440692064608896	-1.785119789243154	230.0	25	1.05	0.95				
	221	2	0.0	0.0	0.0	0.0	2	1.0284143732948918	-0.09543785765006722	230.0	27	1.05	0.95				
	222	2	0.0	0.0	0.0	0.0	2	1.0499989334824607	6.370870246377377	230.0	27	1.05	0.95				
	223	2	0.0	0.0	0.0	0.0	2	1.05	-1.223538733210155	230.0	25	1.05	0.95				
	224	1	0.0	0.0	0.0	0.0	2	1.0086270743134789	-4.948950886148421	230.0	26	1.05	0.95				
	301	2	41.70009490105264	8.494463776140352	0.0	0.0	3	1.0183770736177342	17.68310247196391	138.0	31	1.05	0.95				
	302	2	37.452863012982455	7.722239796491229	0.0	0.0	3	1.0167427049872264	17.333433557373784	138.0	32	1.05	0.95				
	303	1	69.50015816842105	14.28614362350877	0.0	0.0	3	1.05	32.470151970983814	138.0	31	1.05	0.95				
	304	1	28.57228724701754	5.791679847368421	0.0	0.0	3	1.0100824564748396	18.58994423109757	138.0	31	1.05	0.95				
	305	1	27.41395127754386	5.40556785754386	0.0	0.0	3	1.0263763285665661	15.9126554261189	138.0	31	1.05	0.95				
	306	1	52.51123061614036	10.81113571508772	0.0	-100.0	3	1.0386271694111548	14.437143215366829	138.0	32	1.05	0.95				
	307	2	48.26399872807018	9.652799745614034	0.0	0.0	3	0.95	11.61629264564375	138.0	32	1.05	0.95				
	308	1	66.02515026	13.513919643859648	0.0	0.0	3	0.9723108467180698	13.229451359770795	138.0	32	1.05	0.95				
	309	1	67.56959821929824	13.90003163368421	0.0	0.0	3	1.016255337263153	21.239113290255638	138.0	33	1.05	0.95				
	310	1	75.29183801578947	15.444479592982457	0.0	0.0	3	1.043790056288277	15.376534862950992	138.0	33	1.05	0.95				
	311	1	0.0	0.0	0.0	0.0	3	1.0034407640525618	18.53881420764432	230.0	33	1.05	0.95				
	312	1	0.0	0.0	0.0	0.0	3	1.0092271132692274	18.42699888154622	230.0	33	1.05	0.95				
	313	2	102.31967730350877	20.85004745052632	0.0	0.0	3	1.002222175851388	18.165815018134207	230.0	34	1.05	0.95				
	314	2	74.90572602596491	15.058367603157896	0.0	0.0	3	0.9983396883573491	19.20329975340459	230.0	36	1.05	0.95				
	315	2	122.39750077438596	24.71116734877193	0.0	0.0	3	1.0471909950998166	22.95150329157616	230.0	36	1.05	0.95				
	316	2	38.61119898245614	7.722239796491229	0.0	0.0	3	1.02954297545077	22.403610960610933	230.0	36	1.05	0.95				
	317	1	0.0	0.0	0.0	0.0	3	1.05	26.7795634565531	230.0	37	1.05	0.95				
	318	2	128.57529261157896	26.25561530807018	0.0	0.0	3	1.0491241162803175	23.17656662737715	230.0	37	1.05	0.95				
	319	1	69.88627015824561	14.28614362350877	0.0	0.0	3	1.0217973281447164	20.5132802933409	230.0	35	1.05	0.95				
	320	1	49.42233469754386	10.038911735438596	0.0	0.0	3	1.0181454333589364	19.61622713210062	230.0	35	1.05	0.95				
	321	2	0.0	0.0	0.0	0.0	3	1.05	23.771756617009792	230.0	37	1.05	0.95				
	322	2	0.0	0.0	0.0	0.0	3	1.0499997500946243	29.300317924686023	230.0	37	1.05	0.95				
	323	2	0.0	0.0	0.0	0.0	3	1.0164782740933478	19.424559121587706	230.0	35	1.05	0.95				
	324	1	0.0	0.0	0.0	0.0	3	1.0452469142200098	26.591237200936842	230.0	36	1.05	0.95				
	325	1	0.0	0.0	0.0	0.0	3	1.019433399966927	19.492000651972212	230.0	35	1.05	0.95				
];
