%% MATPOWER Case Format : Version 2
function mpc = RTS_GMLC
mpc.version = '2';

%%-----  Power Flow Data  -----%%
%% system MVA base
mpc.baseMVA = 100.0;
%% bus data
%    bus_i    type    Pd    Qd    Gs    Bs    area    Vm    Va    baseKV    zone    Vmax    Vmin
mpc.bus = [
	101	2	50.33943591157895	10.25432953754386	0.0	0.0	1	1.033147187831834	2.0575566953872872	138.0	11	1.05	0.95				
	102	2	45.21227114280701	9.32211776140351	0.0	0.0	1	1.0327289750104651	1.9349049043035107	138.0	12	1.05	0.95				
	103	1	83.89905985263158	17.245917858596492	0.0	0.0	1	1.0273033149135284	-0.5669612265584046	138.0	11	1.05	0.95				
	104	1	34.491835717192984	6.991588321052632	0.0	0.0	1	1.020870854068802	-1.2739391252789736	138.0	11	1.05	0.95				
	105	1	33.09351805298245	6.525482432982457	0.0	0.0	1	1.035239509700804	-1.0149355115752454	138.0	11	1.05	0.95				
	106	1	63.39040077754387	13.050964865964914	0.0	-100.0	1	1.0442988051249085	-3.204524930633578	138.0	12	1.05	0.95				
	107	2	58.26323600877193	11.652647201754386	0.0	0.0	1	1.018279744248296	-3.479908878683457	138.0	12	1.05	0.95				
	108	1	79.70410686	16.31370608245614	0.0	0.0	1	1.0152409065285424	-4.472433511011706	138.0	12	1.05	0.95				
	109	1	81.56853041228071	16.779811970526314	0.0	0.0	1	1.025535337126563	-2.011109900799135	138.0	13	1.05	0.95				
	110	1	90.89064817368421	18.64423552280702	0.0	0.0	1	1.05	-2.6594912340369716	138.0	13	1.05	0.95				
	111	1	0.0	0.0	0.0	0.0	1	1.0038627493397938	-0.5737197472963014	230.0	13	1.05	0.95				
	112	1	0.0	0.0	0.0	0.0	1	1.0094709456483997	0.19496970962289772	230.0	13	1.05	0.95				
	113	3	123.51806033859648	25.169717955789476	0.0	0.0	1	0.9966094855934622	-3.0715606220528e-28	230.0	14	1.05	0.95				
	114	2	90.42454228561402	18.17812963473684	0.0	0.0	1	0.9988734731563902	0.8138290582728881	230.0	16	1.05	0.95				
	115	2	147.75556651824562	29.83077683649123	0.0	0.0	1	1.038966455432867	5.553310777692293	230.0	16	1.05	0.95				
	116	2	46.61058880701754	9.32211776140351	0.0	0.0	1	1.0343702654376081	5.48352515723323	230.0	16	1.05	0.95				
	117	1	0.0	0.0	0.0	0.0	1	1.0427196187774177	6.6309148286186135	230.0	17	1.05	0.95				
	118	2	155.21326072736844	31.695200388771934	0.0	0.0	1	1.0452760652943895	6.3480737196131365	230.0	17	1.05	0.95				
	119	1	84.36516574070176	17.245917858596492	0.0	0.0	1	1.028532302798318	5.190746175763811	230.0	15	1.05	0.95				
	120	1	59.66155367298246	12.118753089824562	0.0	0.0	1	1.0267544307860093	5.840426831596431	230.0	15	1.05	0.95				
	121	2	0.0	0.0	0.0	0.0	1	1.05	7.027390169683452	230.0	17	1.05	0.95				
	122	2	0.0	0.0	0.0	0.0	1	1.05	13.40814613241235	230.0	17	1.05	0.95				
	123	2	0.0	0.0	0.0	0.0	1	1.0266767694970174	6.557409077944502	230.0	15	1.05	0.95				
	124	1	0.0	0.0	0.0	0.0	1	1.0262350051651419	3.272999806251133	230.0	16	1.05	0.95				
	201	2	49.24854397894737	10.032110810526316	0.0	0.0	2	1.0305661057731041	-5.180362383694914	138.0	21	1.05	0.95				
	202	2	44.23248857368421	9.120100736842106	0.0	0.0	2	1.0309302549394639	-5.163138686732458	138.0	22	1.05	0.95				
	203	1	82.08090663157894	16.872186363157894	0.0	0.0	2	1.0232660052461577	-4.756697092672054	138.0	21	1.05	0.95				
	204	1	33.74437272631579	6.840075552631579	0.0	0.0	2	1.0194853732793072	-7.586524787799836	138.0	21	1.05	0.95				
	205	1	32.376357615789466	6.384070515789474	0.0	0.0	2	1.034395285869236	-7.727088087974469	138.0	21	1.05	0.95				
	206	1	62.01668501052632	12.768141031578947	0.0	-100.0	2	1.044458538897136	-9.587278839472843	138.0	22	1.05	0.95				
	207	2	57.00062960526316	11.40012592105263	0.0	0.0	2	0.9881852163172915	-16.493822743484326	138.0	22	1.05	0.95				
	208	1	77.9768613	15.960176289473683	0.0	0.0	2	0.9950326438893865	-14.42149054316067	138.0	22	1.05	0.95				
	209	1	79.80088144736843	16.416181326315787	0.0	0.0	2	1.0235064580209927	-7.711443242239748	138.0	23	1.05	0.95				
	210	1	88.92098218421052	18.240201473684213	0.0	0.0	2	1.05	-8.860322518149314	138.0	23	1.05	0.95				
	211	1	0.0	0.0	0.0	0.0	2	1.0064225063082899	-5.273400042809344	230.0	23	1.05	0.95				
	212	1	0.0	0.0	0.0	0.0	2	1.0109842746882578	-4.928252495766302	230.0	23	1.05	0.95				
	213	2	120.84133476315787	24.624271989473684	0.0	0.0	2	1.000093059917705	-4.672549714342485	230.0	24	1.05	0.95				
	214	2	88.46497714736842	17.784196436842105	0.0	0.0	2	1.0079888013321727	-2.683776726897508	230.0	26	1.05	0.95				
	215	2	144.55359667894737	29.184322357894736	0.0	0.0	2	1.030097363403079	3.878798752579512	230.0	26	1.05	0.95				
	216	2	45.60050368421052	9.120100736842106	0.0	0.0	2	1.031992434946026	3.687825518568984	230.0	26	1.05	0.95				
	217	1	0.0	0.0	0.0	0.0	2	1.0371206729798346	6.558036314198211	230.0	27	1.05	0.95				
	218	2	151.84967726842103	31.00834250526316	0.0	0.0	2	1.039124800341243	7.218683049180067	230.0	27	1.05	0.95				
	219	1	82.53691166842106	16.872186363157894	0.0	0.0	2	1.031702690026797	2.3819684148376026	230.0	25	1.05	0.95				
	220	1	58.36864471578947	11.856130957894736	0.0	0.0	2	1.0348557878066171	2.129041352130182	230.0	25	1.05	0.95				
	221	2	0.0	0.0	0.0	0.0	2	1.0386173921537796	6.855961337102013	230.0	27	1.05	0.95				
	222	2	0.0	0.0	0.0	0.0	2	1.05	13.239705430944985	230.0	27	1.05	0.95				
	223	2	0.0	0.0	0.0	0.0	2	1.037214370922457	2.3336968003298395	230.0	25	1.05	0.95				
	224	1	0.0	0.0	0.0	0.0	2	1.0167340129841327	0.6349313921700951	230.0	26	1.05	0.95				
	301	2	60.91869660631579	12.409364123508771	0.0	0.0	3	1.0091217129846524	-31.243250813262677	138.0	31	1.05	0.95				
	302	2	54.714014544561394	11.281240112280702	0.0	0.0	3	1.0082515709270856	-31.446183020146407	138.0	32	1.05	0.95				
	303	1	101.53116101052633	20.870294207719297	0.0	0.0	3	1.0315189692501432	-22.116049552546425	138.0	31	1.05	0.95				
	304	1	41.740588415438594	8.460930084210526	0.0	0.0	3	1.0081206252308723	-29.682942755828304	138.0	31	1.05	0.95				
	305	1	40.04840239859649	7.8968680785964915	0.0	0.0	3	1.0220489997810034	-30.80277478345393	138.0	31	1.05	0.95				
	306	1	76.71243276350877	15.793736157192983	0.0	-100.0	3	1.0365102649575006	-31.192097654823833	138.0	32	1.05	0.95				
	307	2	70.50775070175439	14.101550140350877	0.0	0.0	3	0.9925967408112223	-36.81161987124219	138.0	32	1.05	0.95				
	308	1	96.45460295999999	19.742170196491227	0.0	0.0	3	0.9941316939423934	-34.50459273314326	138.0	32	1.05	0.95				
	309	1	98.71085098245614	20.306232202105264	0.0	0.0	3	1.0272464339621439	-25.94094786817188	138.0	33	1.05	0.95				
	310	1	109.99209109473685	22.562480224561405	0.0	0.0	3	1.05	-28.550621357806932	138.0	33	1.05	0.95				
	311	1	0.0	0.0	0.0	0.0	3	1.0174512547647254	-21.482799372555768	230.0	33	1.05	0.95				
	312	1	0.0	0.0	0.0	0.0	3	1.0174289511204717	-20.970984548212396	230.0	33	1.05	0.95				
	313	2	149.4764314877193	30.459348303157896	0.0	0.0	3	1.0235169033937885	-17.980289920741473	230.0	34	1.05	0.95				
	314	2	109.42802908912279	21.998418218947368	0.0	0.0	3	1.0279818645333423	-18.82008405848694	230.0	36	1.05	0.95				
	315	2	178.8076557796491	36.099968359298245	0.0	0.0	3	1.0477537180987098	-11.86003723519547	230.0	36	1.05	0.95				
	316	2	56.40620056140351	11.281240112280702	0.0	0.0	3	1.0476923373629767	-11.684262007910725	230.0	36	1.05	0.95				
	317	1	0.0	0.0	0.0	0.0	3	1.0484332252912771	-9.051807489889619	230.0	37	1.05	0.95				
	318	2	187.8326478694737	38.356216381754386	0.0	0.0	3	1.0484683105138504	-8.474563623607223	230.0	37	1.05	0.95				
	319	1	102.09522301614035	20.870294207719297	0.0	0.0	3	1.0443272992697252	-13.007412102996328	230.0	35	1.05	0.95				
	320	1	72.19993671859649	14.665612145964912	0.0	0.0	3	1.045955399829435	-13.10071518615973	230.0	35	1.05	0.95				
	321	2	0.0	0.0	0.0	0.0	3	1.05	-7.96249076018749	230.0	37	1.05	0.95				
	322	2	0.0	0.0	0.0	0.0	3	1.05	-2.6144005159654657	230.0	37	1.05	0.95				
	323	2	0.0	0.0	0.0	0.0	3	1.0479569750052429	-12.737763942426387	230.0	35	1.05	0.95				
	324	1	0.0	0.0	0.0	0.0	3	1.0287890420590848	-15.679979876799571	230.0	36	1.05	0.95				
	325	1	0.0	0.0	0.0	0.0	3	1.0408538341024527	-11.129409315909442	230.0	35	1.05	0.95				
];
