%% MATPOWER Case Format : Version 2
function mpc = RTS_GMLC
mpc.version = '2';

%%-----  Power Flow Data  -----%%
%% system MVA base
mpc.baseMVA = 100.0;
%% bus data
%    bus_i    type    Pd    Qd    Gs    Bs    area    Vm    Va    baseKV    zone    Vmax    Vmin
mpc.bus = [
	101	2	79.04948043789474	16.10267194105263	0.0	0.0	1	1.0488946375694934	-0.9976109540676174	138.0	11	1.05	0.95				
	102	2	70.9981444673684	14.63879267368421	0.0	0.0	1	1.047667792873988	-1.4082830148207732	138.0	12	1.05	0.95				
	103	1	131.7491340631579	27.081766446315786	0.0	0.0	1	1.0290492264274318	-1.1672120944525701	138.0	11	1.05	0.95				
	104	1	54.16353289263157	10.979094505263157	0.0	0.0	1	1.025381549153692	-4.601965030307152	138.0	11	1.05	0.95				
	105	1	51.96771399157893	10.247154871578948	0.0	0.0	1	1.0390011625752424	-5.108856375425755	138.0	11	1.05	0.95				
	106	1	99.54379018105263	20.494309743157896	0.0	-100.0	1	1.0396674807905795	-8.167802676202268	138.0	12	1.05	0.95				
	107	2	91.4924542105263	18.29849084210526	0.0	0.0	1	1.0014986589909824	-15.802362595305697	138.0	12	1.05	0.95				
	108	1	125.16167735999998	25.617887178947363	0.0	0.0	1	0.9938920448741275	-14.03564681249182	138.0	12	1.05	0.95				
	109	1	128.08943589473682	26.349826812631576	0.0	0.0	1	1.0258114533660936	-5.359197211770872	138.0	13	1.05	0.95				
	110	1	142.72822856842103	29.27758534736842	0.0	0.0	1	1.05	-7.05045115179426	138.0	13	1.05	0.95				
	111	1	0.0	0.0	0.0	0.0	1	1.016972041310041	-2.0399558308201393	230.0	13	1.05	0.95				
	112	1	0.0	0.0	0.0	0.0	1	1.017506314092384	-1.6569558033624248	230.0	13	1.05	0.95				
	113	3	193.96400292631577	39.52474021894737	0.0	0.0	1	1.019423178200881	2.0718624355664278e-30	230.0	14	1.05	0.95				
	114	2	141.9962889347368	28.54564571368421	0.0	0.0	1	1.0240767340752102	0.33738172788813553	230.0	16	1.05	0.95				
	115	2	232.0248638778947	46.84413655578947	0.0	0.0	1	1.0441121347279172	9.2186412413478	230.0	16	1.05	0.95				
	116	2	73.19396336842104	14.63879267368421	0.0	0.0	1	1.0431971875776687	8.148102523232119	230.0	16	1.05	0.95				
	117	1	0.0	0.0	0.0	0.0	1	1.0463340185015315	11.922339411570345	230.0	17	1.05	0.95				
	118	2	243.73589801684207	49.771895090526314	0.0	0.0	1	1.049068683511259	12.799379806053205	230.0	17	1.05	0.95				
	119	1	132.4810736968421	27.081766446315786	0.0	0.0	1	1.036828118931321	6.179130096369426	230.0	15	1.05	0.95				
	120	1	93.68827311157894	19.030430475789473	0.0	0.0	1	1.0371393511691327	5.336591427748502	230.0	15	1.05	0.95				
	121	2	0.0	0.0	0.0	0.0	1	1.05	14.791468164476406	230.0	17	1.05	0.95				
	122	2	0.0	0.0	0.0	0.0	1	1.05	20.647659465868575	230.0	17	1.05	0.95				
	123	2	0.0	0.0	0.0	0.0	1	1.0391814015493237	5.417223875284365	230.0	15	1.05	0.95				
	124	1	0.0	0.0	0.0	0.0	1	1.0254709310379	5.345762547837589	230.0	16	1.05	0.95				
	201	2	74.54430977684211	15.184951991578947	0.0	0.0	2	1.028546647436448	-12.884346411891022	138.0	21	1.05	0.95				
	202	2	66.95183378105263	13.804501810526315	0.0	0.0	2	1.029609662015239	-12.675798126000931	138.0	22	1.05	0.95				
	203	1	124.24051629473685	25.538328349473684	0.0	0.0	2	1.0154601475873843	-11.33902405177776	138.0	21	1.05	0.95				
	204	1	51.07665669894737	10.353376357894737	0.0	0.0	2	1.0154668817451475	-13.190982057429013	138.0	21	1.05	0.95				
	205	1	49.00598142736842	9.663151267368422	0.0	0.0	2	1.0305119203638315	-13.610969383231634	138.0	21	1.05	0.95				
	206	1	93.87061231157895	19.326302534736843	0.0	-100.0	2	1.0380202870606754	-14.625305944175048	138.0	22	1.05	0.95				
	207	2	86.27813631578947	17.255627263157894	0.0	0.0	2	0.9733191188825846	-24.481493319714772	138.0	22	1.05	0.95				
	208	1	118.02849047999999	24.15787816842105	0.0	0.0	2	0.9756989805358929	-21.09622041629183	138.0	22	1.05	0.95				
	209	1	120.78939084210525	24.848103258947365	0.0	0.0	2	1.0257263799086027	-10.798161430687797	138.0	23	1.05	0.95				
	210	1	134.59389265263158	27.60900362105263	0.0	0.0	2	1.05	-12.152154642237184	138.0	23	1.05	0.95				
	211	1	0.0	0.0	0.0	0.0	2	1.0232440311928208	-6.752401425658513	230.0	23	1.05	0.95				
	212	1	0.0	0.0	0.0	0.0	2	1.0220803972535453	-1.4142018302443442	230.0	23	1.05	0.95				
	213	2	182.90964898947365	37.272154888421056	0.0	0.0	2	1.0318862745861668	-3.584763613638221	230.0	24	1.05	0.95				
	214	2	133.90366756210526	26.918778530526318	0.0	0.0	2	1.0334777033976845	-4.896041273742242	230.0	26	1.05	0.95				
	215	2	218.8013536968421	44.17440579368421	0.0	0.0	2	1.0425000669935838	1.7672620197910147	230.0	26	1.05	0.95				
	216	2	69.02250905263158	13.804501810526315	0.0	0.0	2	1.0435089633641568	1.9732744925178374	230.0	26	1.05	0.95				
	217	1	0.0	0.0	0.0	0.0	2	1.0455197156696363	4.019293778396255	230.0	27	1.05	0.95				
	218	2	229.84495514526313	46.935306155789476	0.0	0.0	2	1.0455165588856798	4.010769975798319	230.0	27	1.05	0.95				
	219	1	124.93074138526315	25.538328349473684	0.0	0.0	2	1.040902120266186	2.864566199659662	230.0	25	1.05	0.95				
	220	1	88.34881158736842	17.94585235368421	0.0	0.0	2	1.0450232945577786	4.935527260961116	230.0	25	1.05	0.95				
	221	2	0.0	0.0	0.0	0.0	2	1.0461239988467335	4.032062952680797	230.0	27	1.05	0.95				
	222	2	0.0	0.0	0.0	0.0	2	1.05	10.535762700683307	230.0	27	1.05	0.95				
	223	2	0.0	0.0	0.0	0.0	2	1.05	6.569065622698333	230.0	25	1.05	0.95				
	224	1	0.0	0.0	0.0	0.0	2	1.0158131480553012	-3.0706676002789	230.0	26	1.05	0.95				
	301	2	65.46282821052631	13.335020561403507	0.0	0.0	3	0.9906097881964481	13.6947290005742	138.0	31	1.05	0.95				
	302	2	58.795317929824556	12.12274596491228	0.0	0.0	3	0.9906741552224175	13.681615977321162	138.0	32	1.05	0.95				
	303	1	109.10471368421054	22.42708003508772	0.0	0.0	3	1.0146007797244005	15.77932130574108	138.0	31	1.05	0.95				
	304	1	44.85416007017544	9.092059473684209	0.0	0.0	3	0.9990410675683089	15.802316368475664	138.0	31	1.05	0.95				
	305	1	43.03574817543859	8.485922175438597	0.0	0.0	3	1.0106071680219182	15.904704722678714	138.0	31	1.05	0.95				
	306	1	82.43467256140352	16.971844350877195	0.0	-100.0	3	1.0303272220824502	16.44969876713867	138.0	32	1.05	0.95				
	307	2	75.76716228070175	15.15343245614035	0.0	0.0	3	0.9811606913768643	13.315667668321627	138.0	32	1.05	0.95				
	308	1	103.64947799999999	21.21480543859649	0.0	0.0	3	0.9968114501937394	15.990911949125374	138.0	32	1.05	0.95				
	309	1	106.07402719298244	21.820942736842103	0.0	0.0	3	1.0275552219844812	19.99315927446346	138.0	33	1.05	0.95				
	310	1	118.19677315789474	24.24549192982456	0.0	0.0	3	1.05	20.034125849940633	138.0	33	1.05	0.95				
	311	1	0.0	0.0	0.0	0.0	3	1.0184786943229862	26.109930491371884	230.0	33	1.05	0.95				
	312	1	0.0	0.0	0.0	0.0	3	1.0254461593391504	27.57408923658666	230.0	33	1.05	0.95				
	313	2	160.6263840350877	32.731414105263156	0.0	0.0	3	1.0499999943158274	35.680388566272214	230.0	34	1.05	0.95				
	314	2	117.59063585964911	23.63935463157895	0.0	0.0	3	1.020016021046346	23.587984969741935	230.0	36	1.05	0.95				
	315	2	192.14552354385964	38.7927870877193	0.0	0.0	3	1.0397817577215498	16.223969090596547	230.0	36	1.05	0.95				
	316	2	60.6137298245614	12.12274596491228	0.0	0.0	3	1.04223181672433	17.689910082269826	230.0	36	1.05	0.95				
	317	1	0.0	0.0	0.0	0.0	3	1.0448396688216206	16.061820930201723	230.0	37	1.05	0.95				
	318	2	201.84372031578945	41.21733628070176	0.0	0.0	3	1.0437030609417706	14.642595623868838	230.0	37	1.05	0.95				
	319	1	109.71085098245614	22.42708003508772	0.0	0.0	3	1.0428272764451552	20.907135866046456	230.0	35	1.05	0.95				
	320	1	77.5855741754386	15.759569754385966	0.0	0.0	3	1.0465445764859587	23.27806459755266	230.0	35	1.05	0.95				
	321	2	0.0	0.0	0.0	0.0	3	1.04341073664035	15.741822488667502	230.0	37	1.05	0.95				
	322	2	0.0	0.0	0.0	0.0	3	1.05	20.196686474224087	230.0	37	1.05	0.95				
	323	2	0.0	0.0	0.0	0.0	3	1.0484393317413987	24.097478622461235	230.0	35	1.05	0.95				
	324	1	0.0	0.0	0.0	0.0	3	1.0286481370366742	18.14616853781462	230.0	36	1.05	0.95				
	325	1	0.0	0.0	0.0	0.0	3	1.0499999798930437	23.313243559685713	230.0	35	1.05	0.95				
];
