%% MATPOWER Case Format : Version 2
function mpc = RTS_GMLC
mpc.version = '2';

%%-----  Power Flow Data  -----%%
%% system MVA base
mpc.baseMVA = 100.0;
%% bus data
%    bus_i    type    Pd    Qd    Gs    Bs    area    Vm    Va    baseKV    zone    Vmax    Vmin
mpc.bus = [
	101	2	45.650173187368424	9.299109352982457	0.0	0.0	1	1.0430655301587506	4.383932659959578	138.0	11	1.05	0.95				
	102	2	41.00061851087719	8.453735775438599	0.0	0.0	1	1.0420767034050364	4.096721707279744	138.0	12	1.05	0.95				
	103	1	76.08362197894736	15.639411184561403	0.0	0.0	1	1.0291933001167635	1.3424070537168473	138.0	11	1.05	0.95				
	104	1	31.278822369122807	6.340301831578947	0.0	0.0	1	1.0264241560822243	0.5424638009779967	138.0	11	1.05	0.95				
	105	1	30.010762002807017	5.917615042807018	0.0	0.0	1	1.0402168697285552	0.5901418792195733	138.0	11	1.05	0.95				
	106	1	57.48540327298246	11.835230085614036	0.0	-100.0	1	1.0472324258239643	-2.0105145133504383	138.0	12	1.05	0.95				
	107	2	52.83584859649123	10.567169719298246	0.0	0.0	1	1.0001253285525091	-8.241449758187388	138.0	12	1.05	0.95				
	108	1	72.27944088	14.794037607017543	0.0	0.0	1	1.0040774614361885	-6.750460102616191	138.0	12	1.05	0.95				
	109	1	73.97018803508773	15.216724395789475	0.0	0.0	1	1.0243611039173732	-1.2844614007932016	138.0	13	1.05	0.95				
	110	1	82.42392381052632	16.907471550877197	0.0	0.0	1	1.05	-1.9672703296243477	138.0	13	1.05	0.95				
	111	1	0.0	0.0	0.0	0.0	1	1.0027040832988816	0.13922452849419265	230.0	13	1.05	0.95				
	112	1	0.0	0.0	0.0	0.0	1	1.0077442975461692	0.3445673419779825	230.0	13	1.05	0.95				
	113	3	112.0119990245614	22.825086593684212	0.0	0.0	1	0.9935328775106141	2.215005786255594e-30	230.0	14	1.05	0.95				
	114	2	82.00123702175438	16.484784762105264	0.0	0.0	1	0.9990359021405042	2.155102153529107	230.0	16	1.05	0.95				
	115	2	133.99171204070174	27.051954481403513	0.0	0.0	1	1.0344860543989036	7.833363578252678	230.0	16	1.05	0.95				
	116	2	42.26867887719298	8.453735775438599	0.0	0.0	1	1.0308624543249367	7.451200294725874	230.0	16	1.05	0.95				
	117	1	0.0	0.0	0.0	0.0	1	1.0382337155152241	10.01542323730972	230.0	17	1.05	0.95				
	118	2	140.75470066105265	28.74270163649123	0.0	0.0	1	1.041220988593854	10.173812910051439	230.0	17	1.05	0.95				
	119	1	76.5063087677193	15.639411184561403	0.0	0.0	1	1.024009862455046	6.05764205576485	230.0	15	1.05	0.95				
	120	1	54.103908962807026	10.989856508070176	0.0	0.0	1	1.0211628177909977	5.65725485231668	230.0	15	1.05	0.95				
	121	2	0.0	0.0	0.0	0.0	1	1.044575189897802	11.287733722072755	230.0	17	1.05	0.95				
	122	2	0.0	0.0	0.0	0.0	1	1.05	19.13881755797835	230.0	17	1.05	0.95				
	123	2	0.0	0.0	0.0	0.0	1	1.0200958744611135	5.766242979725093	230.0	15	1.05	0.95				
	124	1	0.0	0.0	0.0	0.0	1	1.0238444577165458	5.39475453036298	230.0	16	1.05	0.95				
	201	2	43.77459467368421	8.917047063157895	0.0	0.0	2	1.023584945330202	-8.672244181408459	138.0	21	1.05	0.95				
	202	2	39.316071142105265	8.106406421052633	0.0	0.0	2	1.0240574582348239	-8.598005118482263	138.0	22	1.05	0.95				
	203	1	72.9576577894737	14.996851878947371	0.0	0.0	2	1.0167158772970806	-7.388286524111144	138.0	21	1.05	0.95				
	204	1	29.993703757894743	6.0798048157894735	0.0	0.0	2	1.0171630792324042	-9.772858737694538	138.0	21	1.05	0.95				
	205	1	28.777742794736845	5.674484494736843	0.0	0.0	2	1.0319583480702461	-10.053303255999936	138.0	21	1.05	0.95				
	206	1	55.1235636631579	11.348968989473686	0.0	-100.0	2	1.044778409792289	-11.228126819618453	138.0	22	1.05	0.95				
	207	2	50.665040131578955	10.13300802631579	0.0	0.0	2	0.994346946608882	-16.850206691360583	138.0	22	1.05	0.95				
	208	1	69.3097749	14.186211236842105	0.0	0.0	2	1.0005228207027137	-15.032750545311517	138.0	22	1.05	0.95				
	209	1	70.93105618421053	14.591531557894738	0.0	0.0	2	1.0226751520521324	-9.060751571632622	138.0	23	1.05	0.95				
	210	1	79.03746260526316	16.212812842105265	0.0	0.0	2	1.05	-10.148509138948226	138.0	23	1.05	0.95				
	211	1	0.0	0.0	0.0	0.0	2	1.0038271648609782	-6.464037721164286	230.0	23	1.05	0.95				
	212	1	0.0	0.0	0.0	0.0	2	1.006682178395737	-5.6080881481926825	230.0	23	1.05	0.95				
	213	2	107.40988507894738	21.887297336842106	0.0	0.0	2	0.9977200025822087	-5.267054293975105	230.0	24	1.05	0.95				
	214	2	78.63214228421053	15.807492521052632	0.0	0.0	2	1.003262886132048	-4.240452726129537	230.0	26	1.05	0.95				
	215	2	128.48654177368422	25.940500547368423	0.0	0.0	2	1.0208299615261163	1.5452304792970462	230.0	26	1.05	0.95				
	216	2	40.53203210526316	8.106406421052633	0.0	0.0	2	1.021475369584616	1.367061222710278	230.0	26	1.05	0.95				
	217	1	0.0	0.0	0.0	0.0	2	1.026779247330819	3.001582121049642	230.0	27	1.05	0.95				
	218	2	134.97166691052632	27.56178183157895	0.0	0.0	2	1.0261039681617161	2.498861816083253	230.0	27	1.05	0.95				
	219	1	73.36297811052633	14.996851878947371	0.0	0.0	2	1.0209440851598206	1.1820798627886402	230.0	25	1.05	0.95				
	220	1	51.881001094736845	10.538328347368422	0.0	0.0	2	1.0231052636561813	1.8211073468956565	230.0	25	1.05	0.95				
	221	2	0.0	0.0	0.0	0.0	2	1.0279480077352627	2.9853514088997835	230.0	27	1.05	0.95				
	222	2	0.0	0.0	0.0	0.0	2	1.0498809790185102	9.4832147554687	230.0	27	1.05	0.95				
	223	2	0.0	0.0	0.0	0.0	2	1.024911352931942	2.485203188389493	230.0	25	1.05	0.95				
	224	1	0.0	0.0	0.0	0.0	2	1.008255728695043	-1.820521496461368	230.0	26	1.05	0.95				
	301	2	48.73837392000001	9.92818728	0.0	0.0	3	1.0103233055551801	-10.072056117774597	138.0	31	1.05	0.95				
	302	2	43.77428028	9.025624800000001	0.0	0.0	3	1.0096695000496354	-10.243021212263875	138.0	32	1.05	0.95				
	303	1	81.23062320000001	16.69740588	0.0	0.0	3	1.0326164439682832	-2.515662804401811	138.0	31	1.05	0.95				
	304	1	33.39481176	6.7692186	0.0	0.0	3	1.010955753890074	-8.844860290493548	138.0	31	1.05	0.95				
	305	1	32.04096804	6.31793736	0.0	0.0	3	1.0244310414475717	-9.871623123100349	138.0	31	1.05	0.95				
	306	1	61.374248640000005	12.63587472	0.0	-100.0	3	1.0402143764522025	-10.293457825140289	138.0	32	1.05	0.95				
	307	2	56.410155	11.282031	0.0	0.0	3	0.9939080650783062	-15.13198180842437	138.0	32	1.05	0.95				
	308	1	77.16909204	15.7948434	0.0	0.0	3	0.9991773431597055	-13.079292317470632	138.0	32	1.05	0.95				
	309	1	78.974217	16.24612464	0.0	0.0	3	1.026273011227377	-5.852962045802713	138.0	33	1.05	0.95				
	310	1	87.9998418	18.051249600000002	0.0	0.0	3	1.05	-8.218798847611103	138.0	33	1.05	0.95				
	311	1	0.0	0.0	0.0	0.0	3	1.0062639748471387	-3.3942507881168025	230.0	33	1.05	0.95				
	312	1	0.0	0.0	0.0	0.0	3	1.0112394107266929	-2.775338511984781	230.0	33	1.05	0.95				
	313	2	119.58952860000001	24.369186960000004	0.0	0.0	3	1.0088572896342702	-0.043288936744396905	230.0	34	1.05	0.95				
	314	2	87.54856056	17.599968360000002	0.0	0.0	3	1.0012231088613166	-2.5596419842638976	230.0	36	1.05	0.95				
	315	2	143.05615308	28.881999360000005	0.0	0.0	3	1.0210534641831928	-1.1860316507256425	230.0	36	1.05	0.95				
	316	2	45.128124	9.025624800000001	0.0	0.0	3	1.0195027025042178	-0.6215360746373503	230.0	36	1.05	0.95				
	317	1	0.0	0.0	0.0	0.0	3	1.0240622521495628	-0.11071408378553885	230.0	37	1.05	0.95				
	318	2	150.27665292	30.687124320000002	0.0	0.0	3	1.0227623719125878	-0.5097196977208719	230.0	37	1.05	0.95				
	319	1	81.68190444000001	16.69740588	0.0	0.0	3	1.0177473793918204	-0.2587691416083615	230.0	35	1.05	0.95				
	320	1	57.76399872000001	11.733312240000002	0.0	0.0	3	1.0179269862457925	0.30743917338679677	230.0	35	1.05	0.95				
	321	2	0.0	0.0	0.0	0.0	3	1.0242211931754495	-0.18778154923902043	230.0	37	1.05	0.95				
	322	2	0.0	0.0	0.0	0.0	3	1.037558419922086	4.253906958092009	230.0	37	1.05	0.95				
	323	2	0.0	0.0	0.0	0.0	3	1.0186023411519554	0.8735593354674184	230.0	35	1.05	0.95				
	324	1	0.0	0.0	0.0	0.0	3	1.021947113746581	-0.905302258196842	230.0	36	1.05	0.95				
	325	1	0.0	0.0	0.0	0.0	3	1.0185220158275594	1.7689713417249615	230.0	35	1.05	0.95				
];
