%% MATPOWER Case Format : Version 2
function mpc = RTS_GMLC
mpc.version = '2';

%%-----  Power Flow Data  -----%%
%% system MVA base
mpc.baseMVA = 100.0;
%% bus data
%    bus_i    type    Pd    Qd    Gs    Bs    area    Vm    Va    baseKV    zone    Vmax    Vmin
mpc.bus = [
	101	2	42.002968812631586	8.556160313684211	0.0	0.0	1	1.0115379362918375	-4.2921037789825895	138.0	11	1.05	0.95				
	102	2	37.72488865578947	7.7783275578947375	0.0	0.0	1	1.011496711851758	-4.510590118355254	138.0	12	1.05	0.95				
	103	1	70.00494802105264	14.389905982105264	0.0	0.0	1	1.0007544284227643	0.768884130007773	138.0	11	1.05	0.95				
	104	1	28.779811964210527	5.833745668421053	0.0	0.0	1	1.0021743667844887	-4.282421670306492	138.0	11	1.05	0.95				
	105	1	27.61306283052632	5.444829290526316	0.0	0.0	1	1.0164700019541215	-5.308173048309464	138.0	11	1.05	0.95				
	106	1	52.89262739368422	10.889658581052633	0.0	-100.0	1	1.0272154606011787	-6.35620220452529	138.0	12	1.05	0.95				
	107	2	48.61454723684211	9.722909447368423	0.0	0.0	1	0.986373816860226	-9.67410034712966	138.0	12	1.05	0.95				
	108	1	66.50470062	13.61207322631579	0.0	0.0	1	0.9884944000518929	-8.586743586852931	138.0	12	1.05	0.95				
	109	1	68.06036613157896	14.000989604210526	0.0	0.0	1	1.0018990774277379	-3.17891017090927	138.0	13	1.05	0.95				
	110	1	75.83869368947369	15.556655115789475	0.0	0.0	1	1.0305700914898732	-5.050836885696053	138.0	13	1.05	0.95				
	111	1	0.0	0.0	0.0	0.0	1	0.9811512311869045	-0.579712758853874	230.0	13	1.05	0.95				
	112	1	0.0	0.0	0.0	0.0	1	0.9825734049741699	-1.3894626420988787	230.0	13	1.05	0.95				
	113	3	103.06284014210527	21.001484406315793	0.0	0.0	1	0.963454209704735	-8.396999118955013e-28	230.0	14	1.05	0.95				
	114	2	75.44977731157894	15.167738737894739	0.0	0.0	1	0.9893745237039046	2.597285436659644	230.0	16	1.05	0.95				
	115	2	123.28649179263158	24.89064818526316	0.0	0.0	1	0.9887596936047983	11.301634854433798	230.0	16	1.05	0.95				
	116	2	38.89163778947369	7.7783275578947375	0.0	0.0	1	0.9879135934326254	9.782940383900863	230.0	16	1.05	0.95				
	117	1	0.0	0.0	0.0	0.0	1	0.9910965604816108	15.246853617974798	230.0	17	1.05	0.95				
	118	2	129.50915383894738	26.44631369684211	0.0	0.0	1	0.9980124731491947	15.856388523018836	230.0	17	1.05	0.95				
	119	1	70.39386439894739	14.389905982105264	0.0	0.0	1	0.9883262658418946	6.246059459623157	230.0	15	1.05	0.95				
	120	1	49.78129637052632	10.111825825263159	0.0	0.0	1	0.9933494345389067	3.6011646005686724	230.0	15	1.05	0.95				
	121	2	0.0	0.0	0.0	0.0	1	0.9984855683608455	17.135863998586466	230.0	17	1.05	0.95				
	122	2	0.0	0.0	0.0	0.0	1	1.0086613059121086	32.68302859174717	230.0	17	1.05	0.95				
	123	2	0.0	0.0	0.0	0.0	1	0.9970699074810384	2.474552121645485	230.0	15	1.05	0.95				
	124	1	0.0	0.0	0.0	0.0	1	0.9807461866070535	7.267509773470611	230.0	16	1.05	0.95				
	201	2	42.329608067368426	8.622697939649122	0.0	0.0	2	1.010366090417988	-10.32015431541107	138.0	21	1.05	0.95				
	202	2	38.01825909754386	7.83881630877193	0.0	0.0	2	1.0093307157333635	-10.473139612731675	138.0	22	1.05	0.95				
	203	1	70.54934677894738	14.501810171228069	0.0	0.0	2	0.9974548184526898	-7.883476464511997	138.0	21	1.05	0.95				
	204	1	29.003620342456138	5.879112231578947	0.0	0.0	2	1.0014131377727766	-9.47532701010624	138.0	21	1.05	0.95				
	205	1	27.82779789614035	5.487171416140351	0.0	0.0	2	1.0173857594524096	-9.81831296120182	138.0	21	1.05	0.95				
	206	1	53.303950899649124	10.974342832280701	0.0	-100.0	2	1.0295155274463428	-10.033076444883998	138.0	22	1.05	0.95				
	207	2	48.992601929824566	9.798520385964911	0.0	0.0	2	0.9716643523253059	-14.65969944233237	138.0	22	1.05	0.95				
	208	1	67.02187943999999	13.717928540350876	0.0	0.0	2	0.9809259164464312	-12.873892738536066	138.0	22	1.05	0.95				
	209	1	68.58964270175439	14.109869355789472	0.0	0.0	2	1.0067008872915324	-6.983645886457237	138.0	23	1.05	0.95				
	210	1	76.42845901052631	15.67763261754386	0.0	0.0	2	1.0341646090295245	-8.015787893292922	138.0	23	1.05	0.95				
	211	1	0.0	0.0	0.0	0.0	2	0.987022003574021	-4.7168527778422344	230.0	23	1.05	0.95				
	212	1	0.0	0.0	0.0	0.0	2	0.9892155701344809	0.01850740663311963	230.0	23	1.05	0.95				
	213	2	103.86431609122806	21.164804033684213	0.0	0.0	2	0.9828848624693662	-2.1650567111690258	230.0	24	1.05	0.95				
	214	2	76.03651819508772	15.285691802105264	0.0	0.0	2	0.9826175401215748	-4.021581278619512	230.0	26	1.05	0.95				
	215	2	124.24523849403508	25.084212188070175	0.0	0.0	2	0.991126049771425	-0.34776667259722766	230.0	26	1.05	0.95				
	216	2	39.194081543859646	7.83881630877193	0.0	0.0	2	0.9893217086857006	-0.45368248450643506	230.0	26	1.05	0.95				
	217	1	0.0	0.0	0.0	0.0	2	0.9997123640595211	0.37643638885312675	230.0	27	1.05	0.95				
	218	2	130.51629154105265	26.651975449824562	0.0	0.0	2	1.000578355359495	-0.16007153991587572	230.0	27	1.05	0.95				
	219	1	70.94128759438597	14.501810171228069	0.0	0.0	2	0.9831210470810273	0.5818370711096179	230.0	25	1.05	0.95				
	220	1	50.16842437614035	10.190461201403508	0.0	0.0	2	0.9808845319287475	2.324872545947735	230.0	25	1.05	0.95				
	221	2	0.0	0.0	0.0	0.0	2	1.0028800165101448	0.3203789786981195	230.0	27	1.05	0.95				
	222	2	0.0	0.0	0.0	0.0	2	1.0200349836674545	4.808177103011069	230.0	27	1.05	0.95				
	223	2	0.0	0.0	0.0	0.0	2	0.9808553322447269	3.618328265988697	230.0	25	1.05	0.95				
	224	1	0.0	0.0	0.0	0.0	2	0.984231005450369	-3.219105242178996	230.0	26	1.05	0.95				
	301	2	56.40873142736843	11.490667512982458	0.0	0.0	3	1.0056929819863305	26.911561000863635	138.0	31	1.05	0.95				
	302	2	50.663397670877195	10.446061375438598	0.0	0.0	3	1.0061565248466207	26.583361029294462	138.0	32	1.05	0.95				
	303	1	94.01455237894739	19.325213544561407	0.0	0.0	3	1.0160343345227223	40.21307527817942	138.0	31	1.05	0.95				
	304	1	38.650427089122815	7.834546031578949	0.0	0.0	3	0.9964397062528597	28.15961963136617	138.0	31	1.05	0.95				
	305	1	37.08351788280702	7.312242962807019	0.0	0.0	3	1.0136103147287046	26.437962316034735	138.0	31	1.05	0.95				
	306	1	71.03321735298248	14.624485925614039	0.0	-100.0	3	1.0253396376412007	25.554042864541966	138.0	32	1.05	0.95				
	307	2	65.28788359649124	13.057576719298247	0.0	0.0	3	0.9681252770635003	22.652298868417503	138.0	32	1.05	0.95				
	308	1	89.31382476	18.280607407017545	0.0	0.0	3	0.980239681149065	25.050335109488916	138.0	32	1.05	0.95				
	309	1	91.40303703508773	18.802910475789474	0.0	0.0	3	1.0061218573102173	31.676194029115788	138.0	33	1.05	0.95				
	310	1	101.84909841052632	20.892122750877196	0.0	0.0	3	1.0347377740283858	27.681323347262023	138.0	33	1.05	0.95				
	311	1	0.0	0.0	0.0	0.0	3	0.9919346977638447	32.00412613933118	230.0	33	1.05	0.95				
	312	1	0.0	0.0	0.0	0.0	3	0.9995382908660644	32.282682738683384	230.0	33	1.05	0.95				
	313	2	138.4103132245614	28.204365713684215	0.0	0.0	3	1.0008810722728732	35.47710190870567	230.0	34	1.05	0.95				
	314	2	101.32679534175439	20.369819682105266	0.0	0.0	3	0.9813474168163255	31.372210597554727	230.0	36	1.05	0.95				
	315	2	165.57007280070178	33.42739640140351	0.0	0.0	3	0.9843310879186531	29.469455496158833	230.0	36	1.05	0.95				
	316	2	52.23030687719299	10.446061375438598	0.0	0.0	3	0.9744552785812793	29.897436012259835	230.0	36	1.05	0.95				
	317	1	0.0	0.0	0.0	0.0	3	0.9900891775201215	31.344148772494712	230.0	37	1.05	0.95				
	318	2	173.92692190105265	35.51660867649124	0.0	0.0	3	0.9858672107457607	27.79489824138156	230.0	37	1.05	0.95				
	319	1	94.53685544771932	19.325213544561407	0.0	0.0	3	0.9838953379375811	29.826986007976682	230.0	35	1.05	0.95				
	320	1	66.85479280280703	13.579879788070178	0.0	0.0	3	0.9936844012292988	29.646618750868846	230.0	35	1.05	0.95				
	321	2	0.0	0.0	0.0	0.0	3	0.9935604797489561	28.778906061319756	230.0	37	1.05	0.95				
	322	2	0.0	0.0	0.0	0.0	3	1.0099385286987537	32.294095234841215	230.0	37	1.05	0.95				
	323	2	0.0	0.0	0.0	0.0	3	0.9988400316447554	29.409415206680222	230.0	35	1.05	0.95				
	324	1	0.0	0.0	0.0	0.0	3	0.9948961389462382	34.806337609933536	230.0	36	1.05	0.95				
