%% MATPOWER Case Format : Version 2
function mpc = RTS_GMLC
mpc.version = '2';

%%-----  Power Flow Data  -----%%
%% system MVA base
mpc.baseMVA = 100.0;
%% bus data
%    bus_i    type    Pd    Qd    Gs    Bs    area    Vm    Va    baseKV    zone    Vmax    Vmin
mpc.bus = [
	101	2	40.81395349894737	8.313953490526314	0.0	0.0	1	1.01534462707763	-3.2164079514715014	138.0	11	1.05	0.95				
	102	2	36.656976753684205	7.558139536842106	0.0	0.0	1	1.0150355068838224	-3.4316182842946037	138.0	12	1.05	0.95				
	103	1	68.02325583157895	13.982558143157894	0.0	0.0	1	1.0052977302097816	-0.17513052620824773	138.0	11	1.05	0.95				
	104	1	27.965116286315787	5.668604652631578	0.0	0.0	1	1.005553950495695	-3.6785750306999496	138.0	11	1.05	0.95				
	105	1	26.831395355789468	5.290697675789473	0.0	0.0	1	1.018430403867234	-4.687752003343084	138.0	11	1.05	0.95				
	106	1	51.39534885052631	10.581395351578946	0.0	-100.0	1	1.0281569112393087	-5.974288632409193	138.0	12	1.05	0.95				
	107	2	47.23837210526315	9.44767442105263	0.0	0.0	1	0.9849331394892674	-9.139611624277318	138.0	12	1.05	0.95				
	108	1	64.62209304	13.226744189473683	0.0	0.0	1	0.9884331425346081	-8.258124985187418	138.0	12	1.05	0.95				
	109	1	66.13372094736842	13.604651166315787	0.0	0.0	1	1.002999390608914	-3.3579337419654056	138.0	13	1.05	0.95				
	110	1	73.69186048421051	15.116279073684211	0.0	0.0	1	1.030444306761786	-4.936645045429782	138.0	13	1.05	0.95				
	111	1	0.0	0.0	0.0	0.0	1	0.9799426165202793	-1.2527614182837927	230.0	13	1.05	0.95				
	112	1	0.0	0.0	0.0	0.0	1	0.9819179504925244	-1.5898641709042427	230.0	13	1.05	0.95				
	113	3	100.14534886315789	20.406976749473685	0.0	0.0	1	0.9619769838275816	1.1447437200228593e-25	230.0	14	1.05	0.95				
	114	2	73.31395350736841	14.738372096842104	0.0	0.0	1	0.9842757757781225	0.7287752684829637	230.0	16	1.05	0.95				
	115	2	119.79651165894735	24.186046517894734	0.0	0.0	1	0.9913259886573376	7.075568399651327	230.0	16	1.05	0.95				
	116	2	37.79069768421052	7.558139536842106	0.0	0.0	1	0.9904486559433279	6.069591409616824	230.0	16	1.05	0.95				
	117	1	0.0	0.0	0.0	0.0	1	0.9967641164767289	9.96275067486059	230.0	17	1.05	0.95				
	118	2	125.84302328842105	25.697674425263155	0.0	0.0	1	0.999783959587987	10.483806286894932	230.0	17	1.05	0.95				
	119	1	68.40116280842105	13.982558143157894	0.0	0.0	1	0.9899664706425253	3.8271490276827245	230.0	15	1.05	0.95				
	120	1	48.37209303578947	9.825581397894737	0.0	0.0	1	0.9920781907156753	2.1375426532580253	230.0	15	1.05	0.95				
	121	2	0.0	0.0	0.0	0.0	1	1.000390425814319	11.515323257453232	230.0	17	1.05	0.95				
	122	2	0.0	0.0	0.0	0.0	1	1.0195870238606324	21.58154728609366	230.0	17	1.05	0.95				
	123	2	0.0	0.0	0.0	0.0	1	0.9937692016155857	1.5214714967834888	230.0	15	1.05	0.95				
	124	1	0.0	0.0	0.0	0.0	1	0.9875796232124927	4.288217695778304	230.0	16	1.05	0.95				
	201	2	42.074610404210524	8.570753971228068	0.0	0.0	2	1.011211915201904	-9.112602787926589	138.0	21	1.05	0.95				
	202	2	37.78923341859649	7.791594519298245	0.0	0.0	2	1.009985331298579	-9.312753269146194	138.0	22	1.05	0.95				
	203	1	70.1243506736842	14.414449860701753	0.0	0.0	2	0.9972490050848801	-7.013835522786488	138.0	21	1.05	0.95				
	204	1	28.828899721403506	5.8436958894736835	0.0	0.0	2	1.0023662379856992	-8.579313507114453	138.0	21	1.05	0.95				
	205	1	27.660160543508766	5.454116163508773	0.0	0.0	2	1.0185305260335284	-8.855940388731888	138.0	21	1.05	0.95				
	206	1	52.982842731228075	10.908232327017545	0.0	-100.0	2	1.0306911208037524	-9.211573855945584	138.0	22	1.05	0.95				
	207	2	48.69746574561403	9.739493149122806	0.0	0.0	2	0.9715566320228576	-13.899914013069417	138.0	22	1.05	0.95				
	208	1	66.61813314	13.635290408771928	0.0	0.0	2	0.9814209891922793	-12.135770830157572	138.0	22	1.05	0.95				
	209	1	68.17645204385965	14.024870134736842	0.0	0.0	2	1.0075745731427108	-6.317696220288136	138.0	23	1.05	0.95				
	210	1	75.96804656315788	15.58318903859649	0.0	0.0	2	1.0353616089214097	-7.312268252356574	138.0	23	1.05	0.95				
	211	1	0.0	0.0	0.0	0.0	2	0.9870539246381127	-4.249529803017162	230.0	23	1.05	0.95				
	212	1	0.0	0.0	0.0	0.0	2	0.9923507335821238	0.4895198605890489	230.0	23	1.05	0.95				
	213	2	103.23862738070176	21.037305202105262	0.0	0.0	2	0.9839036845003502	-2.0501863429421117	230.0	24	1.05	0.95				
	214	2	75.57846683719298	15.193609312631578	0.0	0.0	2	0.9800379095244035	-3.4588491808408315	230.0	26	1.05	0.95				
	215	2	123.49677313087719	24.933102461754384	0.0	0.0	2	0.9895295421833121	0.7783508025724755	230.0	26	1.05	0.95				
	216	2	38.957972596491224	7.791594519298245	0.0	0.0	2	0.9879350496753266	0.2078708248604414	230.0	26	1.05	0.95				
	217	1	0.0	0.0	0.0	0.0	2	0.9967745029200833	1.333709570537673	230.0	27	1.05	0.95				
	218	2	129.7300487463158	26.491421365614038	0.0	0.0	2	0.9972283957132113	1.0223265122202074	230.0	27	1.05	0.95				
	219	1	70.51393039964911	14.414449860701753	0.0	0.0	2	0.9848579089947516	0.3670122174017982	230.0	25	1.05	0.95				
	220	1	49.86620492350877	10.129072875087719	0.0	0.0	2	0.9849139890011349	1.3320704953469806	230.0	25	1.05	0.95				
	221	2	0.0	0.0	0.0	0.0	2	0.9995321055092924	1.7071126828878396	230.0	27	1.05	0.95				
	222	2	0.0	0.0	0.0	0.0	2	1.0179459627273801	7.937807254783019	230.0	27	1.05	0.95				
	223	2	0.0	0.0	0.0	0.0	2	0.9857272358161212	2.1888917037021316	230.0	25	1.05	0.95				
	224	1	0.0	0.0	0.0	0.0	2	0.9829174653535174	-2.1953356013317613	230.0	26	1.05	0.95				
	301	2	64.07908889684212	13.053147738245615	0.0	0.0	3	1.0051525299279194	17.838609184008714	138.0	31	1.05	0.95				
	302	2	57.55251502771931	11.86649794385965	0.0	0.0	3	1.005281981157484	17.581708847834253	138.0	32	1.05	0.95				
	303	1	106.79848149473685	21.953021196140355	0.0	0.0	3	1.0147736266641125	28.282397653186344	138.0	31	1.05	0.95				
	304	1	43.90604239228071	8.899873457894737	0.0	0.0	3	0.9949627300271325	19.308770108585172	138.0	31	1.05	0.95				
	305	1	42.12606770070176	8.306548560701756	0.0	0.0	3	1.011392730352506	18.444502476822414	138.0	31	1.05	0.95				
	306	1	80.69218601824562	16.613097121403513	0.0	-100.0	3	1.0220908600865126	18.098031756880275	138.0	32	1.05	0.95				
	307	2	74.16561214912282	14.833122429824563	0.0	0.0	3	0.9684196722366122	14.583971272336777	138.0	32	1.05	0.95				
	308	1	101.45855742	20.766371401754387	0.0	0.0	3	0.9799838294149987	17.34436760835309	138.0	32	1.05	0.95				
	309	1	103.83185700877195	21.35969629894737	0.0	0.0	3	1.0072653239223508	23.243501629764815	138.0	33	1.05	0.95				
	310	1	115.69835495263159	23.7329958877193	0.0	0.0	3	1.033695009941039	21.012047628213274	138.0	33	1.05	0.95				
	311	1	0.0	0.0	0.0	0.0	3	0.9920476104373327	26.196392679625163	230.0	33	1.05	0.95				
	312	1	0.0	0.0	0.0	0.0	3	0.9978896938226085	27.023356654959546	230.0	33	1.05	0.95				
	313	2	157.23109775614037	32.03954444842106	0.0	0.0	3	1.0037864865156219	32.45229649776913	230.0	34	1.05	0.95				
	314	2	115.10503005543862	23.13967099052632	0.0	0.0	3	0.9873108658065406	24.831538359590212	230.0	36	1.05	0.95				
	315	2	188.08399241017545	37.97279342035088	0.0	0.0	3	0.989151496739388	19.768346892368356	230.0	36	1.05	0.95				
	316	2	59.33248971929825	11.86649794385965	0.0	0.0	3	0.9810969324800507	20.611780142007312	230.0	36	1.05	0.95				
	317	1	0.0	0.0	0.0	0.0	3	0.9931958586113412	19.713870422186066	230.0	37	1.05	0.95				
	318	2	197.5771907652632	40.34609300912281	0.0	0.0	3	0.992411438592432	17.492136876507253	230.0	37	1.05	0.95				
	319	1	107.39180639192985	21.953021196140355	0.0	0.0	3	0.9890738882270582	22.371055876203688	230.0	35	1.05	0.95				
	320	1	75.94558684070176	15.426447327017549	0.0	0.0	3	0.9977738537639148	23.413505724122107	230.0	35	1.05	0.95				
	321	2	0.0	0.0	0.0	0.0	3	0.9981674612462068	18.822742599967494	230.0	37	1.05	0.95				
	322	2	0.0	0.0	0.0	0.0	3	1.014777466155697	23.379347109374773	230.0	37	1.05	0.95				
	323	2	0.0	0.0	0.0	0.0	3	1.0021721097000291	23.603863444276065	230.0	35	1.05	0.95				
	324	1	0.0	0.0	0.0	0.0	3	0.9987980642043656	25.011644238337517	230.0	36	1.05	0.95				
