%% MATPOWER Case Format : Version 2
function mpc = RTS_GMLC
mpc.version = '2';

%%-----  Power Flow Data  -----%%
%% system MVA base
mpc.baseMVA = 100.0;
%% bus data
%    bus_i    type    Pd    Qd    Gs    Bs    area    Vm    Va    baseKV    zone    Vmax    Vmin
mpc.bus = [
	101	2	35.84413656757896	7.301583374877193	0.0	0.0	1	1.0106252028714677	0.5023766526883359	138.0	11	1.05	0.95				
	102	2	32.19334488014035	6.637803068070176	0.0	0.0	1	1.0086560890342366	-0.0755827660796034	138.0	12	1.05	0.95				
	103	1	59.74022761263159	12.279935675929826	0.0	0.0	1	1.028300708067526	3.3527093131910926	138.0	11	1.05	0.95				
	104	1	24.559871351859652	4.978352301052632	0.0	0.0	1	1.0125170830676764	-1.4199192045409235	138.0	11	1.05	0.95				
	105	1	23.564200891649122	4.646462147649124	0.0	0.0	1	1.0260852313716071	-1.5723955821398727	138.0	11	1.05	0.95				
	106	1	45.1370608628772	9.292924295298247	0.0	-100.0	1	1.042909086792783	-3.211399303592127	138.0	12	1.05	0.95				
	107	2	41.4862691754386	8.29725383508772	0.0	0.0	1	0.982632944620115	-9.407252421536478	138.0	12	1.05	0.95				
	108	1	56.753216232	11.616155369122808	0.0	0.0	1	0.9960465833268911	-7.204362677241721	138.0	12	1.05	0.95				
	109	1	58.08077684561403	11.948045522526316	0.0	0.0	1	1.0243225161805116	-1.119555301739918	138.0	13	1.05	0.95				
	110	1	64.71857991368421	13.275606136140352	0.0	0.0	1	1.05	-2.566684559611456	138.0	13	1.05	0.95				
	111	1	0.0	0.0	0.0	0.0	1	1.0119293506114668	1.1309280366790824	230.0	13	1.05	0.95				
	112	1	0.0	0.0	0.0	0.0	1	1.009671390914495	-0.17964290842235398	230.0	13	1.05	0.95				
	113	3	87.95089065192983	17.92206828378948	0.0	0.0	1	0.9864588193199576	1.9956345735658775e-28	230.0	14	1.05	0.95				
	114	2	64.3866897602807	12.943715982736844	0.0	0.0	1	1.0366246189704293	5.04377289622398	230.0	16	1.05	0.95				
	115	2	105.20917862891228	21.240969817824563	0.0	0.0	1	1.042377067451819	14.576283095460987	230.0	16	1.05	0.95				
	116	2	33.18901534035088	6.637803068070176	0.0	0.0	1	1.0410097480312723	12.669603710692552	230.0	16	1.05	0.95				
	117	1	0.0	0.0	0.0	0.0	1	1.0407325676314438	18.708427574391862	230.0	17	1.05	0.95				
	118	2	110.51942108336843	22.5685304314386	0.0	0.0	1	1.0499186188244116	19.327099129170975	230.0	17	1.05	0.95				
	119	1	60.07211776603509	12.279935675929826	0.0	0.0	1	1.036244983102618	8.203498541907392	230.0	15	1.05	0.95				
	120	1	42.48193963564913	8.62914398849123	0.0	0.0	1	1.0384894760140808	4.953699414133821	230.0	15	1.05	0.95				
	121	2	0.0	0.0	0.0	0.0	1	1.0433660318009121	20.768262685630642	230.0	17	1.05	0.95				
	122	2	0.0	0.0	0.0	0.0	1	1.05	38.72858885784677	230.0	17	1.05	0.95				
	123	2	0.0	0.0	0.0	0.0	1	1.0407074374735317	3.422870213513305	230.0	15	1.05	0.95				
	124	1	0.0	0.0	0.0	0.0	1	1.0230694054978133	10.385491538500084	230.0	16	1.05	0.95				
	201	2	41.13961908631579	8.380292776842104	0.0	0.0	2	1.0136319955308974	-16.652931740984897	138.0	21	1.05	0.95				
	202	2	36.949472697894734	7.618447978947368	0.0	0.0	2	1.0128015633806162	-16.9608212168868	138.0	22	1.05	0.95				
	203	1	68.56603181052631	14.09412876105263	0.0	0.0	2	1.0107469757561434	-11.915456296881619	138.0	21	1.05	0.95				
	204	1	28.18825752210526	5.713835984210526	0.0	0.0	2	1.011570851293241	-16.689793808135008	138.0	21	1.05	0.95				
	205	1	27.045490325263156	5.332913585263158	0.0	0.0	2	1.0272716145823273	-17.185549744712585	138.0	21	1.05	0.95				
	206	1	51.8054462568421	10.665827170526317	0.0	-100.0	2	1.0429798196786628	-17.97606159804735	138.0	22	1.05	0.95				
	207	2	47.615299868421054	9.52305997368421	0.0	0.0	2	0.9961593770211941	-22.482680990622665	138.0	22	1.05	0.95				
	208	1	65.13773022	13.332283963157893	0.0	0.0	2	1.0022029898822904	-20.784860227616168	138.0	22	1.05	0.95				
	209	1	66.66141981578947	13.713206362105263	0.0	0.0	2	1.02121696930372	-14.881505857232439	138.0	23	1.05	0.95				
	210	1	74.27986779473683	15.236895957894736	0.0	0.0	2	1.05	-16.490638014465386	138.0	23	1.05	0.95				
	211	1	0.0	0.0	0.0	0.0	2	1.0060602348026608	-12.117570159070066	230.0	23	1.05	0.95				
	212	1	0.0	0.0	0.0	0.0	2	1.0065149356574385	-11.776063952835056	230.0	23	1.05	0.95				
	213	2	100.94443572105263	20.569809543157895	0.0	0.0	2	0.9992933566938151	-11.190724187923962	230.0	24	1.05	0.95				
	214	2	73.89894539578947	14.855973558947369	0.0	0.0	2	1.0106393237500664	-9.26343067185555	230.0	26	1.05	0.95				
	215	2	120.75240046631579	24.379033532631578	0.0	0.0	2	1.023145737707701	-2.283225900570501	230.0	26	1.05	0.95				
	216	2	38.09223989473684	7.618447978947368	0.0	0.0	2	1.0259137482284375	-2.909058293640263	230.0	26	1.05	0.95				
	217	1	0.0	0.0	0.0	0.0	2	1.0328090915485544	-0.7333791274631785	230.0	27	1.05	0.95				
	218	2	126.84715884947369	25.90272312842105	0.0	0.0	2	1.031570353729324	-1.2146314226322081	230.0	27	1.05	0.95				
	219	1	68.94695420947369	14.09412876105263	0.0	0.0	2	1.0230059020728324	-3.890949875954623	230.0	25	1.05	0.95				
	220	1	48.758067065263155	9.903982372631578	0.0	0.0	2	1.0229343096950232	-3.9962359343212	230.0	25	1.05	0.95				
	221	2	0.0	0.0	0.0	0.0	2	1.0318021990499593	-0.7694178205691642	230.0	27	1.05	0.95				
	222	2	0.0	0.0	0.0	0.0	2	1.05	5.739533637889076	230.0	27	1.05	0.95				
	223	2	0.0	0.0	0.0	0.0	2	1.0232215759395074	-3.757643684151739	230.0	25	1.05	0.95				
	224	1	0.0	0.0	0.0	0.0	2	1.0066522756618157	-5.882223513914313	230.0	26	1.05	0.95				
	301	2	43.254666227368425	8.811135712982457	0.0	0.0	3	1.0119866102263086	-1.3011330982575984	138.0	31	1.05	0.95				
	302	2	38.84909837087719	8.010123375438598	0.0	0.0	3	1.0117184320425436	-1.4929688581954772	138.0	32	1.05	0.95				
	303	1	72.09111037894738	14.818728244561404	0.0	0.0	3	1.039553790139266	6.450946245414088	138.0	31	1.05	0.95				
	304	1	29.63745648912281	6.007592531578947	0.0	0.0	3	1.013288303814395	-0.35431947827326715	138.0	31	1.05	0.95				
	305	1	28.43593798280702	5.607086362807019	0.0	0.0	3	1.026098362096482	-1.4058628911848896	138.0	31	1.05	0.95				
	306	1	54.468838952982466	11.214172725614038	0.0	-100.0	3	1.0421875982865927	-1.9556903417519023	138.0	32	1.05	0.95				
	307	2	50.063271096491235	10.012654219298247	0.0	0.0	3	0.990355002521891	-6.079516645262355	138.0	32	1.05	0.95				
	308	1	68.48655486	14.017715907017545	0.0	0.0	3	0.9991911529390793	-4.315160132626628	138.0	32	1.05	0.95				
	309	1	70.08857953508773	14.418222075789474	0.0	0.0	3	1.026567117435477	2.2211566979313395	138.0	33	1.05	0.95				
	310	1	78.09870291052631	16.020246750877195	0.0	0.0	3	1.05	-0.21981570708832296	138.0	33	1.05	0.95				
	311	1	0.0	0.0	0.0	0.0	3	1.005789870555375	4.507007155435132	230.0	33	1.05	0.95				
	312	1	0.0	0.0	0.0	0.0	3	1.0099126161414484	5.050444148651837	230.0	33	1.05	0.95				
	313	2	106.13413472456142	21.627333113684212	0.0	0.0	3	1.007359235612323	7.6730653318441835	230.0	34	1.05	0.95				
	314	2	77.69819674175439	15.619740582105266	0.0	0.0	3	1.0004942109929558	5.377134472458129	230.0	36	1.05	0.95				
	315	2	126.96045550070177	25.632394801403514	0.0	0.0	3	1.0342253183350942	8.537357991466191	230.0	36	1.05	0.95				
	316	2	40.05061687719299	8.010123375438598	0.0	0.0	3	1.031764740851402	8.939874772423376	230.0	36	1.05	0.95				
	317	1	0.0	0.0	0.0	0.0	3	1.0454280914349758	12.347170587662095	230.0	37	1.05	0.95				
	318	2	133.36855420105266	27.234419476491233	0.0	0.0	3	1.0425850100779488	9.773974494723737	230.0	37	1.05	0.95				
	319	1	72.4916165477193	14.818728244561404	0.0	0.0	3	1.0228487727097062	8.464735539076427	230.0	35	1.05	0.95				
	320	1	51.26478960280703	10.413160388070176	0.0	0.0	3	1.017663443608108	8.836947069074553	230.0	35	1.05	0.95				
	321	2	0.0	0.0	0.0	0.0	3	1.0412582701655773	9.999212031265598	230.0	37	1.05	0.95				
	322	2	0.0	0.0	0.0	0.0	3	1.05	15.249265904996346	230.0	37	1.05	0.95				
	323	2	0.0	0.0	0.0	0.0	3	1.0153398028470657	9.360409225393203	230.0	35	1.05	0.95				
	324	1	0.0	0.0	0.0	0.0	3	1.0310448254595173	7.746383684617278	230.0	36	1.05	0.95				
	325	1	0.0	0.0	0.0	0.0	3	1.0150010278615933	10.341331204309732	230.0	35	1.05	0.95				
];
