%% MATPOWER Case Format : Version 2
function mpc = RTS_GMLC
mpc.version = '2';

%%-----  Power Flow Data  -----%%
%% system MVA base
mpc.baseMVA = 100.0;
%% bus data
%    bus_i    type    Pd    Qd    Gs    Bs    area    Vm    Va    baseKV    zone    Vmax    Vmin
mpc.bus = [
	101	2	52.65066797052632	10.725136068070174	0.0	0.0	1	1.0307629815027601	-0.3645470907515721	138.0	11	1.05	0.95				
	102	2	47.28809993649123	9.750123698245615	0.0	0.0	1	1.0298277561244789	-0.6460636763722541	138.0	12	1.05	0.95				
	103	1	87.75111328421052	18.037728841754387	0.0	0.0	1	1.0276914639247339	-0.801793556845041	138.0	11	1.05	0.95				
	104	1	36.07545768350877	7.3125927736842105	0.0	0.0	1	1.019159390306853	-3.325492793722032	138.0	11	1.05	0.95				
	105	1	34.61293912877193	6.8250865887719305	0.0	0.0	1	1.0338837351952193	-3.236782997631791	138.0	11	1.05	0.95				
	106	1	66.30084114807018	13.650173177543861	0.0	-100.0	1	1.0431885089189836	-5.370283285144991	138.0	12	1.05	0.95				
	107	2	60.93827311403509	12.187654622807017	0.0	0.0	1	1.0004281521334377	-11.683652807837031	138.0	12	1.05	0.95				
	108	1	83.36355762	17.06271647192982	0.0	0.0	1	1.0019279053005183	-9.969911281490381	138.0	12	1.05	0.95				
	109	1	85.31358235964912	17.550222656842106	0.0	0.0	1	1.0250941721869926	-3.5319685019224374	138.0	13	1.05	0.95				
	110	1	95.06370605789473	19.50024739649123	0.0	0.0	1	1.05	-4.601951201247289	138.0	13	1.05	0.95				
	111	1	0.0	0.0	0.0	0.0	1	1.0072654646047505	-0.9099551663565332	230.0	13	1.05	0.95				
	112	1	0.0	0.0	0.0	0.0	1	1.0110730611074024	-0.7505170349788266	230.0	13	1.05	0.95				
	113	3	129.18913900175437	26.32533398526316	0.0	0.0	1	1.0027865380354377	-1.1098149085452767e-30	230.0	14	1.05	0.95				
	114	2	94.57619987298246	19.01274121157895	0.0	0.0	1	1.0076532487791026	1.555252848218271	230.0	16	1.05	0.95				
	115	2	154.53946061719296	31.200395834385965	0.0	0.0	1	1.041537243183036	8.38384739716987	230.0	16	1.05	0.95				
	116	2	48.75061849122807	9.750123698245615	0.0	0.0	1	1.0388041784183608	7.873988985894788	230.0	16	1.05	0.95				
	117	1	0.0	0.0	0.0	0.0	1	1.0430372621306732	11.262200936593025	230.0	17	1.05	0.95				
	118	2	162.33955957578948	33.15042057403509	0.0	0.0	1	1.0474435993580118	11.336184888429283	230.0	17	1.05	0.95				
	119	1	88.23861946912281	18.037728841754387	0.0	0.0	1	1.0312620621784108	6.0956430223117	230.0	15	1.05	0.95				
	120	1	62.40079166877193	12.6751608077193	0.0	0.0	1	1.0287727109531601	5.4778291113644455	230.0	15	1.05	0.95				
	121	2	0.0	0.0	0.0	0.0	1	1.05	12.535147884311689	230.0	17	1.05	0.95				
	122	2	0.0	0.0	0.0	0.0	1	1.05	24.464430186724382	230.0	17	1.05	0.95				
	123	2	0.0	0.0	0.0	0.0	1	1.028171683055184	5.509977082626689	230.0	15	1.05	0.95				
	124	1	0.0	0.0	0.0	0.0	1	1.024806567032179	4.957051914481999	230.0	16	1.05	0.95				
	201	2	53.804501810526325	10.960176294736844	0.0	0.0	2	1.0248713238601863	-12.110681664495	138.0	21	1.05	0.95				
	202	2	48.3244136631579	9.96379663157895	0.0	0.0	2	1.0258479946228003	-11.930991110735054	138.0	22	1.05	0.95				
	203	1	89.67416968421054	18.43302376842105	0.0	0.0	2	1.0170072087878583	-10.516486699015084	138.0	21	1.05	0.95				
	204	1	36.8660475368421	7.472847473684211	0.0	0.0	2	1.0165080173647476	-13.406833388838033	138.0	21	1.05	0.95				
	205	1	35.37147804210527	6.974657642105264	0.0	0.0	2	1.0312793554425916	-13.773053565066533	138.0	21	1.05	0.95				
	206	1	67.75381709473686	13.949315284210527	0.0	-100.0	2	1.0424488742949172	-15.146091480558276	138.0	22	1.05	0.95				
	207	2	62.273728947368426	12.454745789473685	0.0	0.0	2	0.9904562408022438	-22.303053287646645	138.0	22	1.05	0.95				
	208	1	85.19046120000002	17.43664410526316	0.0	0.0	2	0.9944816933035131	-19.989323651044465	138.0	22	1.05	0.95				
	209	1	87.1832205263158	17.934833936842107	0.0	0.0	2	1.0234128865584284	-12.569976885641411	138.0	23	1.05	0.95				
	210	1	97.14701715789474	19.9275932631579	0.0	0.0	2	1.05	-13.862095300378703	138.0	23	1.05	0.95				
	211	1	0.0	0.0	0.0	0.0	2	1.0098423214927945	-9.320981151958014	230.0	23	1.05	0.95				
	212	1	0.0	0.0	0.0	0.0	2	1.0108617868684604	-8.422812172743072	230.0	23	1.05	0.95				
	213	2	132.02030536842108	26.902250905263163	0.0	0.0	2	1.007696339060686	-7.935473651909626	230.0	24	1.05	0.95				
	214	2	96.6488273263158	19.42940343157895	0.0	0.0	2	1.0140753293733178	-6.573001662485357	230.0	26	1.05	0.95				
	215	2	157.9261766105263	31.88414922105264	0.0	0.0	2	1.0300555469668906	0.4623253205096382	230.0	26	1.05	0.95				
	216	2	49.81898315789474	9.96379663157895	0.0	0.0	2	1.0318029473790533	0.3409533258239768	230.0	26	1.05	0.95				
	217	1	0.0	0.0	0.0	0.0	2	1.0358170970458616	2.867931927811604	230.0	27	1.05	0.95				
	218	2	165.89721391578948	33.87690854736843	0.0	0.0	2	1.0362921006093406	2.87665798374294	230.0	27	1.05	0.95				
	219	1	90.17235951578948	18.43302376842105	0.0	0.0	2	1.032018564607052	0.09314890259938577	230.0	25	1.05	0.95				
	220	1	63.76829844210528	12.952935621052633	0.0	0.0	2	1.035859857378887	0.835961771868146	230.0	25	1.05	0.95				
	221	2	0.0	0.0	0.0	0.0	2	1.036826942567822	2.85012628611885	230.0	27	1.05	0.95				
	222	2	0.0	0.0	0.0	0.0	2	1.05	9.356228303746995	230.0	27	1.05	0.95				
	223	2	0.0	0.0	0.0	0.0	2	1.0390307214992178	1.6151227735576281	230.0	25	1.05	0.95				
	224	1	0.0	0.0	0.0	0.0	2	1.0116080621584354	-3.640145138250158	230.0	26	1.05	0.95				
	301	2	46.62005695578947	9.49667826877193	0.0	0.0	3	1.008772409428171	-12.141335990115255	138.0	31	1.05	0.95				
	302	2	41.8717178214035	8.633343880701755	0.0	0.0	3	1.008516066382693	-12.332633390624139	138.0	32	1.05	0.95				
	303	1	77.70009492631578	15.971686179298244	0.0	0.0	3	1.0366343834496385	-4.235808446845936	138.0	31	1.05	0.95				
	304	1	31.943372358596488	6.4750079105263145	0.0	0.0	3	1.0113133541473207	-11.059910044478789	138.0	31	1.05	0.95				
	305	1	30.648370776491223	6.043340716491228	0.0	0.0	3	1.0239794271659037	-12.146581789622585	138.0	31	1.05	0.95				
	306	1	58.70673838877193	12.086681432982456	0.0	-100.0	3	1.0405042103173425	-12.667679076022988	138.0	32	1.05	0.95				
	307	2	53.95839925438596	10.791679850877193	0.0	0.0	3	0.9917304993618965	-17.21859370781536	138.0	32	1.05	0.95				
	308	1	73.81509018	15.108351791228067	0.0	0.0	3	0.9987899704595802	-15.280968859564892	138.0	32	1.05	0.95				
	309	1	75.54175895614034	15.540018985263156	0.0	0.0	3	1.0269632663829131	-8.251889313232299	138.0	33	1.05	0.95				
	310	1	84.1751028368421	17.26668776140351	0.0	0.0	3	1.05	-10.760333032569179	138.0	33	1.05	0.95				
	311	1	0.0	0.0	0.0	0.0	3	1.0083499861152312	-5.549470556321899	230.0	33	1.05	0.95				
	312	1	0.0	0.0	0.0	0.0	3	1.0124139640203678	-5.038122643455815	230.0	33	1.05	0.95				
	313	2	114.39180641929822	23.310028477894736	0.0	0.0	3	1.0108861550904116	-2.340208865916471	230.0	34	1.05	0.95				
	314	2	83.743435642807	16.83502056736842	0.0	0.0	3	1.0060429774547535	-4.291996942537869	230.0	36	1.05	0.95				
	315	2	136.83850050912278	27.626700418245616	0.0	0.0	3	1.03432694453735	-0.2155508993244005	230.0	36	1.05	0.95				
	316	2	43.16671940350877	8.633343880701755	0.0	0.0	3	1.0327531509236165	0.03829995323524702	230.0	36	1.05	0.95				
	317	1	0.0	0.0	0.0	0.0	3	1.042899949713741	3.5043251457978664	230.0	37	1.05	0.95				
	318	2	143.7451756136842	29.353369194385966	0.0	0.0	3	1.0404001988707585	2.144011027442438	230.0	37	1.05	0.95				
	319	1	78.13176212035088	15.971686179298244	0.0	0.0	3	1.0273761097505327	-0.679526844456037	230.0	35	1.05	0.95				
	320	1	55.25340083649123	11.22334704491228	0.0	0.0	3	1.0256429892778922	-0.46557974194002266	230.0	35	1.05	0.95				
	321	2	0.0	0.0	0.0	0.0	3	1.0401106905344584	1.9419675927019449	230.0	37	1.05	0.95				
	322	2	0.0	0.0	0.0	0.0	3	1.05	6.877134580636832	230.0	37	1.05	0.95				
	323	2	0.0	0.0	0.0	0.0	3	1.0253042542407795	-0.013839846676025348	230.0	35	1.05	0.95				
	324	1	0.0	0.0	0.0	0.0	3	1.0286617989643623	-1.7369018441559843	230.0	36	1.05	0.95				
	325	1	0.0	0.0	0.0	0.0	3	1.0241424071589675	1.0563714812918557	230.0	35	1.05	0.95				
];
