%% MATPOWER Case Format : Version 2
function mpc = RTS_GMLC
mpc.version = '2';

%%-----  Power Flow Data  -----%%
%% system MVA base
mpc.baseMVA = 100.0;
%% bus data
%    bus_i    type    Pd    Qd    Gs    Bs    area    Vm    Va    baseKV    zone    Vmax    Vmin
mpc.bus = [
	101	2	45.356259258947375	9.239237997192982	0.0	0.0	1	1.032077354575591	2.4257085675288677	138.0	11	1.05	0.95				
	102	2	40.736640260350875	8.39930727017544	0.0	0.0	1	1.0311347330149032	2.1495092793039867	138.0	12	1.05	0.95				
	103	1	75.59376543157896	15.538718449824563	0.0	0.0	1	1.0299632296557903	1.5262370639698284	138.0	11	1.05	0.95				
	104	1	31.077436899649125	6.299480452631578	0.0	0.0	1	1.0207235880335226	-0.7882909602509707	138.0	11	1.05	0.95				
	105	1	29.817540809122807	5.879515089122808	0.0	0.0	1	1.0352906205145431	-0.6398110416279489	138.0	11	1.05	0.95				
	106	1	57.115289437192985	11.759030178245617	0.0	-100.0	1	1.045252830409954	-2.82574313964163	138.0	12	1.05	0.95				
	107	2	52.4956704385965	10.499134087719298	0.0	0.0	1	0.9998516192900936	-8.27974801855041	138.0	12	1.05	0.95				
	108	1	71.81407716	14.698787722807015	0.0	0.0	1	1.0042149699777974	-6.904095016011788	138.0	12	1.05	0.95				
	109	1	73.49393861403509	15.11875308631579	0.0	0.0	1	1.024740772782782	-1.4829393885003321	138.0	13	1.05	0.95				
	110	1	81.89324588421053	16.79861454035088	0.0	0.0	1	1.05	-2.4184325054091396	138.0	13	1.05	0.95				
	111	1	0.0	0.0	0.0	0.0	1	1.0046370110380691	0.3690916989133235	230.0	13	1.05	0.95				
	112	1	0.0	0.0	0.0	0.0	1	1.0087103778333704	0.367190409157689	230.0	13	1.05	0.95				
	113	3	111.29082132982455	22.678129629473688	0.0	0.0	1	0.995428750594047	-6.898429406162189e-29	230.0	14	1.05	0.95				
	114	2	81.47328052070175	16.378649176842107	0.0	0.0	1	1.0045944717863735	3.1262959376136967	230.0	16	1.05	0.95				
	115	2	133.1290202322807	26.877783264561405	0.0	0.0	1	1.0406942279242577	9.86854044969391	230.0	16	1.05	0.95				
	116	2	41.99653635087719	8.39930727017544	0.0	0.0	1	1.037815575102788	9.405586465207453	230.0	16	1.05	0.95				
	117	1	0.0	0.0	0.0	0.0	1	1.0424040126231935	12.840085434883951	230.0	17	1.05	0.95				
	118	2	139.84846604842107	28.557644718596492	0.0	0.0	1	1.0475656424654156	12.794727970034971	230.0	17	1.05	0.95				
	119	1	76.01373079508772	15.538718449824563	0.0	0.0	1	1.0297022522685306	7.547098505267743	230.0	15	1.05	0.95				
	120	1	53.75556652912281	10.919099451228071	0.0	0.0	1	1.0260367959856456	6.730751340329885	230.0	15	1.05	0.95				
	121	2	0.0	0.0	0.0	0.0	1	1.05	13.735532060159027	230.0	17	1.05	0.95				
	122	2	0.0	0.0	0.0	0.0	1	1.05	27.132667103698797	230.0	17	1.05	0.95				
	123	2	0.0	0.0	0.0	0.0	1	1.0244882901372234	6.604567201803212	230.0	15	1.05	0.95				
	124	1	0.0	0.0	0.0	0.0	1	1.0260778297952677	6.748174818085717	230.0	16	1.05	0.95				
	201	2	45.21958131789474	9.211396194385966	0.0	0.0	2	1.0257126123416234	-7.666904810959429	138.0	21	1.05	0.95				
	202	2	40.61388322070176	8.373996540350879	0.0	0.0	2	1.0267150443499629	-7.4648111236583805	138.0	22	1.05	0.95				
	203	1	75.36596886315789	15.491893599649122	0.0	0.0	2	1.0173002250093102	-7.188470879269097	138.0	21	1.05	0.95				
	204	1	30.983787199298245	6.280497405263158	0.0	0.0	2	1.0181302676697828	-9.210795341531094	138.0	21	1.05	0.95				
	205	1	29.727687718245615	5.861797578245615	0.0	0.0	2	1.0327535961807395	-9.453831947977946	138.0	21	1.05	0.95				
	206	1	56.94317647438597	11.72359515649123	0.0	-100.0	2	1.04484962564355	-10.8275263171106	138.0	22	1.05	0.95				
	207	2	52.33747837719298	10.467495675438597	0.0	0.0	2	0.9917477060805692	-16.909189738448934	138.0	22	1.05	0.95				
	208	1	71.59767042	14.654493945614036	0.0	0.0	2	0.998517930299445	-15.02839342891936	138.0	22	1.05	0.95				
	209	1	73.27246972807018	15.07319377263158	0.0	0.0	2	1.0228592981338651	-8.918457670161533	138.0	23	1.05	0.95				
	210	1	81.64646626842107	16.747993080701757	0.0	0.0	2	1.05	-9.921420012487898	138.0	23	1.05	0.95				
	211	1	0.0	0.0	0.0	0.0	2	1.0043733260424905	-6.3485546412350455	230.0	23	1.05	0.95				
	212	1	0.0	0.0	0.0	0.0	2	1.0083098098081316	-5.642190463565911	230.0	23	1.05	0.95				
	213	2	110.95545415964911	22.60979065894737	0.0	0.0	2	0.9986799921263426	-5.270802430357245	230.0	24	1.05	0.95				
	214	2	81.22776644140352	16.329293253684213	0.0	0.0	2	1.003684862716177	-4.0959485735294034	230.0	26	1.05	0.95				
	215	2	132.7278451645614	26.796788929122812	0.0	0.0	2	1.0230294326233673	1.655976846678133	230.0	26	1.05	0.95				
	216	2	41.86998270175439	8.373996540350879	0.0	0.0	2	1.0245067955041025	1.609189145729039	230.0	26	1.05	0.95				
	217	1	0.0	0.0	0.0	0.0	2	1.0298627501988606	3.673556101233172	230.0	27	1.05	0.95				
	218	2	139.42704239684213	28.471588237192986	0.0	0.0	2	1.0295916964567065	3.3767820464870733	230.0	27	1.05	0.95				
	219	1	75.78466869017545	15.491893599649122	0.0	0.0	2	1.0252726914700048	1.2766111411238004	230.0	25	1.05	0.95				
	220	1	53.593577858245624	10.886195502456141	0.0	0.0	2	1.0286904650602078	1.8067070228501523	230.0	25	1.05	0.95				
	221	2	0.0	0.0	0.0	0.0	2	1.0307180050113591	3.59851189398054	230.0	27	1.05	0.95				
	222	2	0.0	0.0	0.0	0.0	2	1.05	10.120866754459627	230.0	27	1.05	0.95				
	223	2	0.0	0.0	0.0	0.0	2	1.0311996616335413	2.4164732588492104	230.0	25	1.05	0.95				
	224	1	0.0	0.0	0.0	0.0	2	1.0099246331459324	-1.6704570283762963	230.0	26	1.05	0.95				
	301	2	57.63872194105264	11.74122113614035	0.0	0.0	3	1.0125092559077515	-18.7888412175593	138.0	31	1.05	0.95				
	302	2	51.76811137298245	10.673837396491228	0.0	0.0	3	1.0112687231177655	-19.05289419927532	138.0	32	1.05	0.95				
	303	1	96.06453656842106	19.746599183508774	0.0	0.0	3	1.0438683249979883	-7.59325691958059	138.0	31	1.05	0.95				
	304	1	39.49319836701755	8.00537804736842	0.0	0.0	3	1.010307399484443	-17.493544715702185	138.0	31	1.05	0.95				
	305	1	37.89212275754386	7.47168617754386	0.0	0.0	3	1.0244564176259703	-18.996572784073827	138.0	31	1.05	0.95				
	306	1	72.58209429614035	14.94337235508772	0.0	-100.0	3	1.0381964072424035	-19.721551821168486	138.0	32	1.05	0.95				
	307	2	66.71148372807018	13.342296745614036	0.0	0.0	3	0.9910266872971449	-25.554474113595404	138.0	32	1.05	0.95				
	308	1	91.26130974	18.679215443859647	0.0	0.0	3	0.9938872399051056	-23.052572527176537	138.0	32	1.05	0.95				
	309	1	93.39607721929825	19.21290731368421	0.0	0.0	3	1.0272262459008845	-14.039175787688812	138.0	33	1.05	0.95				
	310	1	104.06991461578947	21.347674792982456	0.0	0.0	3	1.05	-17.49072207077947	138.0	33	1.05	0.95				
	311	1	0.0	0.0	0.0	0.0	3	1.0140571393215922	-11.390135863139017	230.0	33	1.05	0.95				
	312	1	0.0	0.0	0.0	0.0	3	1.016165144582521	-10.684970765022245	230.0	33	1.05	0.95				
	313	2	141.42834550350875	28.81936097052632	0.0	0.0	3	1.0170525057880773	-8.05638700378758	230.0	34	1.05	0.95				
	314	2	103.5362227459649	20.813982923157894	0.0	0.0	3	1.0186491945777356	-9.882792219319803	230.0	36	1.05	0.95				
	315	2	169.18032273438598	34.15627966877193	0.0	0.0	3	1.0411886752085153	-5.170874331758306	230.0	36	1.05	0.95				
	316	2	53.36918698245614	10.673837396491228	0.0	0.0	3	1.0405780617668456	-4.536361583558131	230.0	36	1.05	0.95				
	317	1	0.0	0.0	0.0	0.0	3	1.043961102996245	-2.7520529724912817	230.0	37	1.05	0.95				
	318	2	177.71939265157894	36.29104714807018	0.0	0.0	3	1.0410344218974064	-3.3630380742127852	230.0	37	1.05	0.95				
	319	1	96.59822843824561	19.746599183508774	0.0	0.0	3	1.0372254639358174	-5.268871554581178	230.0	35	1.05	0.95				
	320	1	68.31255933754386	13.875988615438597	0.0	0.0	3	1.038376358185975	-4.890675863495864	230.0	35	1.05	0.95				
	321	2	0.0	0.0	0.0	0.0	3	1.0424882358937646	-3.420089859849256	230.0	37	1.05	0.95				
	322	2	0.0	0.0	0.0	0.0	3	1.05	1.168831979361423	230.0	37	1.05	0.95				
	323	2	0.0	0.0	0.0	0.0	3	1.0401062980837237	-4.28467363011925	230.0	35	1.05	0.95				
	324	1	0.0	0.0	0.0	0.0	3	1.0367563343370096	-6.084716876401859	230.0	36	1.05	0.95				
	325	1	0.0	0.0	0.0	0.0	3	1.0347496321707117	-2.797851839086738	230.0	35	1.05	0.95				
];
