%% MATPOWER Case Format : Version 2
function mpc = RTS_GMLC
mpc.version = '2';

%%-----  Power Flow Data  -----%%
%% system MVA base
mpc.baseMVA = 100.0;
%% bus data
%    bus_i    type    Pd    Qd    Gs    Bs    area    Vm    Va    baseKV    zone    Vmax    Vmin
mpc.bus = [
	101	2	35.216229588631585	7.17367639768421	0.0	0.0	1	1.0116904910711613	0.8377422754589979	138.0	11	1.05	0.95				
	102	2	31.629391389789475	6.521523997894738	0.0	0.0	1	1.009676001077404	0.25533390074758233	138.0	12	1.05	0.95				
	103	1	58.69371598105263	12.064819396105262	0.0	0.0	1	1.0290356748411014	3.4931997304371203	138.0	11	1.05	0.95				
	104	1	24.129638792210525	4.891142998421053	0.0	0.0	1	1.0131097474594	-1.1420057102347458	138.0	11	1.05	0.95				
	105	1	23.151410192526313	4.565066798526316	0.0	0.0	1	1.0266913164004876	-1.269756645173695	138.0	11	1.05	0.95				
	106	1	44.34636318568421	9.130133597052632	0.0	-100.0	1	1.043304401666421	-2.923646183546045	138.0	12	1.05	0.95				
	107	2	40.7595249868421	8.15190499736842	0.0	0.0	1	0.9831574911155884	-8.84339835313344	138.0	12	1.05	0.95				
	108	1	55.759030182000004	11.412666996315789	0.0	0.0	1	0.9967197781341346	-6.767681062836722	138.0	12	1.05	0.95				
	109	1	57.06333498157895	11.738743196210526	0.0	0.0	1	1.0243654509159374	-0.9096793007967766	138.0	13	1.05	0.95				
	110	1	63.58485897947368	13.043047995789475	0.0	0.0	1	1.05	-2.3177305708588873	138.0	13	1.05	0.95				
	111	1	0.0	0.0	0.0	0.0	1	1.0113519096281822	1.2254895068163671	230.0	13	1.05	0.95				
	112	1	0.0	0.0	0.0	0.0	1	1.0090284276842922	-0.03631968120962474	230.0	13	1.05	0.95				
	113	3	86.41019297210526	17.608114794315792	0.0	0.0	1	0.9852315658267256	-2.7264517863858973e-28	230.0	14	1.05	0.95				
	114	2	63.25878277957895	12.716971795894738	0.0	0.0	1	1.0356242557763624	5.0909249129501575	230.0	16	1.05	0.95				
	115	2	103.36615536663159	20.86887679326316	0.0	0.0	1	1.0427566521890896	14.441813868049218	230.0	16	1.05	0.95				
	116	2	32.60761998947368	6.521523997894738	0.0	0.0	1	1.0412233943414728	12.602097563464286	230.0	16	1.05	0.95				
	117	1	0.0	0.0	0.0	0.0	1	1.0410019702818736	18.519108583979264	230.0	17	1.05	0.95				
	118	2	108.58337456494738	22.173181592842106	0.0	0.0	1	1.05	19.08727414070504	230.0	17	1.05	0.95				
	119	1	59.01979218094737	12.064819396105262	0.0	0.0	1	1.0360664001076811	8.27757686836248	230.0	15	1.05	0.95				
	120	1	41.73775358652632	8.477981197263158	0.0	0.0	1	1.0376103767592626	5.136516409937472	230.0	15	1.05	0.95				
	121	2	0.0	0.0	0.0	0.0	1	1.0431853063253034	20.46900749064598	230.0	17	1.05	0.95				
	122	2	0.0	0.0	0.0	0.0	1	1.05	38.43085460329776	230.0	17	1.05	0.95				
	123	2	0.0	0.0	0.0	0.0	1	1.0393436201834947	3.659854201097116	230.0	15	1.05	0.95				
	124	1	0.0	0.0	0.0	0.0	1	1.0239291587235941	10.352703917571436	230.0	16	1.05	0.95				
	201	2	42.99260191578947	8.757752242105262	0.0	0.0	2	1.0132447372513589	-15.755265297201612	138.0	21	1.05	0.95				
	202	2	38.613725794736844	7.9615929473684215	0.0	0.0	2	1.01243369121108	-16.05853995397972	138.0	22	1.05	0.95				
	203	1	71.65433652631579	14.728946952631578	0.0	0.0	2	1.01035358841681	-11.098073515229046	138.0	21	1.05	0.95				
	204	1	29.457893905263155	5.971194710526316	0.0	0.0	2	1.0112038263684262	-15.699975967736588	138.0	21	1.05	0.95				
	205	1	28.26365496315789	5.573115063157895	0.0	0.0	2	1.0268238702560089	-16.193634385831068	138.0	21	1.05	0.95				
	206	1	54.138832042105264	11.14623012631579	0.0	-100.0	2	1.0424108318200813	-16.945829437701544	138.0	22	1.05	0.95				
	207	2	49.75995592105264	9.951991184210526	0.0	0.0	2	0.9958046434073399	-21.68222559035918	138.0	22	1.05	0.95				
	208	1	68.0716197	13.932787657894735	0.0	0.0	2	1.001384613563672	-19.894329446380357	138.0	22	1.05	0.95				
	209	1	69.66393828947368	14.330867305263157	0.0	0.0	2	1.0215492668234647	-13.751315963889592	138.0	23	1.05	0.95				
	210	1	77.62553123684211	15.923185894736843	0.0	0.0	2	1.05	-15.349740202409283	138.0	23	1.05	0.95				
	211	1	0.0	0.0	0.0	0.0	2	1.0069658675234114	-10.829220423970632	230.0	23	1.05	0.95				
	212	1	0.0	0.0	0.0	0.0	2	1.0073137373255496	-10.202166044264272	230.0	23	1.05	0.95				
	213	2	105.49110655263159	21.496300957894736	0.0	0.0	2	1.001969614006058	-9.58525983782862	230.0	24	1.05	0.95				
	214	2	77.22745158947369	15.525106247368422	0.0	0.0	2	1.0111775591402707	-8.105539841142145	230.0	26	1.05	0.95				
	215	2	126.19124821578947	25.477097431578947	0.0	0.0	2	1.022569201283559	-1.4437342643082365	230.0	26	1.05	0.95				
	216	2	39.8079647368421	7.9615929473684215	0.0	0.0	2	1.0257257466014982	-1.8190261978316635	230.0	26	1.05	0.95				
	217	1	0.0	0.0	0.0	0.0	2	1.0324111331770895	0.09404885827063143	230.0	27	1.05	0.95				
	218	2	132.5605225736842	27.069416021052632	0.0	0.0	2	1.0309110266539643	-0.41386892942743847	230.0	27	1.05	0.95				
	219	1	72.05241617368421	14.728946952631578	0.0	0.0	2	1.0244718380911937	-2.2383894613481035	230.0	25	1.05	0.95				
	220	1	50.954194863157895	10.350070831578947	0.0	0.0	2	1.0258991645578774	-1.8221547889057508	230.0	25	1.05	0.95				
	221	2	0.0	0.0	0.0	0.0	2	1.0312467916689463	0.045742219327183684	230.0	27	1.05	0.95				
	222	2	0.0	0.0	0.0	0.0	2	1.05	6.559011767991778	230.0	27	1.05	0.95				
	223	2	0.0	0.0	0.0	0.0	2	1.0271898809182534	-1.2866266470544276	230.0	25	1.05	0.95				
	224	1	0.0	0.0	0.0	0.0	2	1.0061254207457944	-5.051697515899221	230.0	26	1.05	0.95				
	301	2	46.99588736842105	9.573236315789472	0.0	0.0	3	1.0088764037418185	-7.116554791463852	138.0	31	1.05	0.95				
	302	2	42.209269210526315	8.702942105263158	0.0	0.0	3	1.0084624825410944	-7.23546278357896	138.0	32	1.05	0.95				
	303	1	78.32647894736841	16.10044289473684	0.0	0.0	3	1.0255033788014982	-1.4392165077998136	138.0	31	1.05	0.95				
	304	1	32.20088578947368	6.527206578947367	0.0	0.0	3	1.0106240528987138	-5.81541247793912	138.0	31	1.05	0.95				
	305	1	30.895444473684208	6.092059473684211	0.0	0.0	3	1.0237991052801543	-6.564496702063729	138.0	31	1.05	0.95				
	306	1	59.18000631578947	12.184118947368422	0.0	-100.0	3	1.040364030657253	-6.775050449397474	138.0	32	1.05	0.95				
	307	2	54.39338815789473	10.878677631578947	0.0	0.0	3	0.9942741024423979	-11.548515941449173	138.0	32	1.05	0.95				
	308	1	74.41015499999999	15.230148684210523	0.0	0.0	3	0.9999709659025136	-9.581265090773353	138.0	32	1.05	0.95				
	309	1	76.15074342105262	15.665295789473682	0.0	0.0	3	1.02605931670985	-2.8710978563350973	138.0	33	1.05	0.95				
	310	1	84.85368552631579	17.405884210526317	0.0	0.0	3	1.05	-4.6120387095670825	138.0	33	1.05	0.95				
	311	1	0.0	0.0	0.0	0.0	3	1.0093555265765646	1.2816419273798456	230.0	33	1.05	0.95				
	312	1	0.0	0.0	0.0	0.0	3	1.0097716396527094	1.5739357033893264	230.0	33	1.05	0.95				
	313	2	115.31398289473682	23.497943684210526	0.0	0.0	3	1.0095292885777032	4.624710278491496	230.0	34	1.05	0.95				
	314	2	84.41853842105263	16.970737105263154	0.0	0.0	3	1.0143095792923091	3.461208435902048	230.0	36	1.05	0.95				
	315	2	137.94163236842104	27.849414736842103	0.0	0.0	3	1.0397201899566415	8.419523788661078	230.0	36	1.05	0.95				
	316	2	43.51471052631579	8.702942105263158	0.0	0.0	3	1.0387361745066401	9.113826595428446	230.0	36	1.05	0.95				
	317	1	0.0	0.0	0.0	0.0	3	1.05	14.31318464510071	230.0	37	1.05	0.95				
	318	2	144.90398605263158	29.590003157894735	0.0	0.0	3	1.0446510112457763	11.263566449587772	230.0	37	1.05	0.95				
	319	1	78.76162605263157	16.10044289473684	0.0	0.0	3	1.0301089822234708	7.881944826967876	230.0	35	1.05	0.95				
	320	1	55.69882947368421	11.313824736842106	0.0	0.0	3	1.0257562871464785	7.643649349810192	230.0	35	1.05	0.95				
	321	2	0.0	0.0	0.0	0.0	3	1.0445586447340942	10.976004208409359	230.0	37	1.05	0.95				
	322	2	0.0	0.0	0.0	0.0	3	1.05	16.627793600737117	230.0	37	1.05	0.95				
	323	2	0.0	0.0	0.0	0.0	3	1.0239163144506827	7.8491907084930865	230.0	35	1.05	0.95				
	324	1	0.0	0.0	0.0	0.0	3	1.0220868346254757	4.741435850673715	230.0	36	1.05	0.95				
	325	1	0.0	0.0	0.0	0.0	3	1.0222891773184375	8.917346559754959	230.0	35	1.05	0.95				
];
