%% MATPOWER Case Format : Version 2
function mpc = RTS_GMLC
mpc.version = '2';

%%-----  Power Flow Data  -----%%
%% system MVA base
mpc.baseMVA = 100.0;
%% bus data
%    bus_i    type    Pd    Qd    Gs    Bs    area    Vm    Va    baseKV    zone    Vmax    Vmin
mpc.bus = [
	101	2	33.51954477978947	6.828055418105262	0.0	0.0	1	1.0073012509313175	-5.424172898940139	138.0	11	1.05	0.95				
	102	2	30.10551707073684	6.207323107368421	0.0	0.0	1	1.0067225110925804	-5.570344325103608	138.0	12	1.05	0.95				
	103	1	55.86590796631579	11.483547748631578	0.0	0.0	1	1.0245599089152573	0.5803942021992475	138.0	11	1.05	0.95				
	104	1	22.967095497263156	4.655492330526315	0.0	0.0	1	1.0113715016367792	-4.806425122739355	138.0	11	1.05	0.95				
	105	1	22.035997031157894	4.345126175157895	0.0	0.0	1	1.0249929048512016	-5.540239699977943	138.0	11	1.05	0.95				
	106	1	42.209797130105265	8.69025235031579	0.0	-100.0	1	1.0435324706482403	-6.0182235126327	138.0	12	1.05	0.95				
	107	2	38.795769421052626	7.7591538842105265	0.0	0.0	1	1.0028623781667745	-9.632120539169344	138.0	12	1.05	0.95				
	108	1	53.072612568	10.862815437894737	0.0	0.0	1	1.0090875390481842	-8.110362739742504	138.0	12	1.05	0.95				
	109	1	54.314077189473686	11.173181593263157	0.0	0.0	1	1.023479254867541	-2.890807617453146	138.0	13	1.05	0.95				
	110	1	60.521400296842096	12.414646214736843	0.0	0.0	1	1.05	-4.648551940145096	138.0	13	1.05	0.95				
	111	1	0.0	0.0	0.0	0.0	1	1.0019156819472104	-0.06921420069974252	230.0	13	1.05	0.95				
	112	1	0.0	0.0	0.0	0.0	1	1.0057619016515345	-1.1549445611466387	230.0	13	1.05	0.95				
	113	3	82.24703117263158	16.759772389894735	0.0	0.0	1	0.9950200862102692	-2.55235344741906e-29	230.0	14	1.05	0.95				
	114	2	60.21103414147368	12.104280059368422	0.0	0.0	1	1.0025203768739324	3.722760252044755	230.0	16	1.05	0.95				
	115	2	98.38607125178947	19.863433943578947	0.0	0.0	1	1.034492850106936	12.414551108192116	230.0	16	1.05	0.95				
	116	2	31.036615536842106	6.207323107368421	0.0	0.0	1	1.0282152697613245	10.822488977793578	230.0	16	1.05	0.95				
	117	1	0.0	0.0	0.0	0.0	1	1.0340283712636227	16.278318264703554	230.0	17	1.05	0.95				
	118	2	103.35192973768422	21.104898565052633	0.0	0.0	1	1.0431255715706285	16.831226421897	230.0	17	1.05	0.95				
	119	1	56.17627412168421	11.483547748631578	0.0	0.0	1	1.0168139480844738	6.95346825793646	230.0	15	1.05	0.95				
	120	1	39.726867887157894	8.069520039578947	0.0	0.0	1	1.0119202893070063	4.161532998786025	230.0	15	1.05	0.95				
	121	2	0.0	0.0	0.0	0.0	1	1.0445879674003433	18.110378331669096	230.0	17	1.05	0.95				
	122	2	0.0	0.0	0.0	0.0	1	1.05	34.08224117847694	230.0	17	1.05	0.95				
	123	2	0.0	0.0	0.0	0.0	1	1.0098739329871074	2.8643765847630904	230.0	15	1.05	0.95				
	124	1	0.0	0.0	0.0	0.0	1	1.0160388490500591	7.977919214677588	230.0	16	1.05	0.95				
	201	2	35.20667401389474	7.171729891719298	0.0	0.0	2	1.0080260981699767	-13.614189267454957	138.0	21	1.05	0.95				
	202	2	31.62080906803509	6.519754447017544	0.0	0.0	2	1.0065611555640084	-13.886977463776093	138.0	22	1.05	0.95				
	203	1	58.6777900231579	12.061545726982455	0.0	0.0	2	1.015657604830094	-10.28309175412695	138.0	21	1.05	0.95				
	204	1	24.12309145396491	4.889815835263158	0.0	0.0	2	1.0108779023652645	-13.834802963211398	138.0	21	1.05	0.95				
	205	1	23.145128286912282	4.563828112912281	0.0	0.0	2	1.025177331849497	-14.199186410483877	138.0	21	1.05	0.95				
	206	1	44.3343302397193	9.127656225824563	0.0	-100.0	2	1.042998783607887	-14.968100261092339	138.0	22	1.05	0.95				
	207	2	40.748465293859645	8.14969305877193	0.0	0.0	2	0.9909113812441557	-18.711433127014946	138.0	22	1.05	0.95				
	208	1	55.743900522000004	11.4095702822807	0.0	0.0	2	1.0016958809876926	-17.335247090545362	138.0	22	1.05	0.95				
	209	1	57.04785141140351	11.735558004631578	0.0	0.0	2	1.0229358438473013	-12.428255382364627	138.0	23	1.05	0.95				
	210	1	63.56760585842105	13.039508894035087	0.0	0.0	2	1.05	-13.724793532442625	138.0	23	1.05	0.95				
	211	1	0.0	0.0	0.0	0.0	2	1.0018568725358192	-10.07511851025245	230.0	23	1.05	0.95				
	212	1	0.0	0.0	0.0	0.0	2	1.0119760388275894	-9.64190877711111	230.0	23	1.05	0.95				
	213	2	86.38674642298245	17.60333700694737	0.0	0.0	2	1.0008125600344155	-9.129268449885755	230.0	24	1.05	0.95				
	214	2	63.24161813607018	12.713521171684212	0.0	0.0	2	0.9944055419996626	-7.742976653310108	230.0	26	1.05	0.95				
	215	2	103.33810798522806	20.86321423045614	0.0	0.0	2	1.0171263271177617	-1.7658045914082563	230.0	26	1.05	0.95				
	216	2	32.59877223508772	6.519754447017544	0.0	0.0	2	1.0188167240975161	-2.5705609323051446	230.0	26	1.05	0.95				
	217	1	0.0	0.0	0.0	0.0	2	1.0221167832713405	-0.41322919173009953	230.0	27	1.05	0.95				
	218	2	108.5539115428421	22.16716511985965	0.0	0.0	2	1.0217720178866279	-0.7447805853977767	230.0	27	1.05	0.95				
	219	1	59.00377774550878	12.061545726982455	0.0	0.0	2	1.027339056243277	-3.178940408214862	230.0	25	1.05	0.95				
	220	1	41.72642846091228	8.475680781122808	0.0	0.0	2	1.0364221110261664	-3.0623540549239605	230.0	25	1.05	0.95				
	221	2	0.0	0.0	0.0	0.0	2	1.0237744232461365	-0.28189390493080474	230.0	27	1.05	0.95				
	222	2	0.0	0.0	0.0	0.0	2	1.0455358311216771	6.213171401180393	230.0	27	1.05	0.95				
	223	2	0.0	0.0	0.0	0.0	2	1.0414866587641147	-2.7541709507464747	230.0	25	1.05	0.95				
	224	1	0.0	0.0	0.0	0.0	2	1.0060374873517828	-4.983331761786976	230.0	26	1.05	0.95				
	301	2	43.169250240000004	8.79373616	0.0	0.0	3	1.0150432877367224	9.24275239174258	138.0	31	1.05	0.95				
	302	2	38.77238216	7.9943056000000015	0.0	0.0	3	1.013463851612597	8.885575662947831	138.0	32	1.05	0.95				
	303	1	71.94875040000001	14.789465360000001	0.0	0.0	3	1.05	23.88644823888491	138.0	31	1.05	0.95				
	304	1	29.578930720000002	5.9957291999999995	0.0	0.0	3	1.0076572897462284	10.0371143892941	138.0	31	1.05	0.95				
	305	1	28.37978488	5.596013920000001	0.0	0.0	3	1.0236733822001463	7.606620032084177	138.0	31	1.05	0.95				
	306	1	54.361278080000005	11.192027840000002	0.0	-100.0	3	1.0361499635351143	6.190970377470958	138.0	32	1.05	0.95				
	307	2	49.96441	9.992882	0.0	0.0	3	0.95	2.955788503902783	138.0	32	1.05	0.95				
	308	1	68.35131288000001	13.990034799999998	0.0	0.0	3	0.9711805662997148	4.657865726237041	138.0	32	1.05	0.95				
	309	1	69.950174	14.389750079999999	0.0	0.0	3	1.014994794084264	12.659654502448493	138.0	33	1.05	0.95				
	310	1	77.9444796	15.988611200000003	0.0	0.0	3	1.042060253689033	7.257334460659829	138.0	33	1.05	0.95				
	311	1	0.0	0.0	0.0	0.0	3	1.0026291386101702	10.681889427965164	230.0	33	1.05	0.95				
	312	1	0.0	0.0	0.0	0.0	3	1.0076183975775714	10.762387189201933	230.0	33	1.05	0.95				
	313	2	105.9245492	21.584625120000002	0.0	0.0	3	1.0010039305991347	10.658879224677342	230.0	34	1.05	0.95				
	314	2	77.54476432	15.58889592	0.0	0.0	3	0.9992866797005487	11.526546028322013	230.0	36	1.05	0.95				
	315	2	126.70974376	25.581777919999997	0.0	0.0	3	1.0494114312744849	15.574374796967302	230.0	36	1.05	0.95				
	316	2	39.971528	7.9943056000000015	0.0	0.0	3	1.0336035614900898	15.046123378766413	230.0	36	1.05	0.95				
	317	1	0.0	0.0	0.0	0.0	3	1.05	19.24560564016764	230.0	37	1.05	0.95				
	318	2	133.10518824	27.180639040000003	0.0	0.0	3	1.0479468242857304	16.194625003221173	230.0	37	1.05	0.95				
	319	1	72.34846568	14.789465360000001	0.0	0.0	3	1.0243872308254205	13.534406265472896	230.0	35	1.05	0.95				
	320	1	51.163555839999994	10.39259728	0.0	0.0	3	1.0193147436057906	12.989371063465171	230.0	35	1.05	0.95				
	321	2	0.0	0.0	0.0	0.0	3	1.05	16.633878578286545	230.0	37	1.05	0.95				
	322	2	0.0	0.0	0.0	0.0	3	1.0499999934299946	22.007055401285633	230.0	37	1.05	0.95				
	323	2	0.0	0.0	0.0	0.0	3	1.0169145879552544	13.002307914443128	230.0	35	1.05	0.95				
	324	1	0.0	0.0	0.0	0.0	3	1.0468549265727631	18.752839250360413	230.0	36	1.05	0.95				
	325	1	0.0	0.0	0.0	0.0	3	1.0188883801828124	13.453183566224796	230.0	35	1.05	0.95				
];
