%% MATPOWER Case Format : Version 2
function mpc = RTS_GMLC
mpc.version = '2';

%%-----  Power Flow Data  -----%%
%% system MVA base
mpc.baseMVA = 100.0;
%% bus data
%    bus_i    type    Pd    Qd    Gs    Bs    area    Vm    Va    baseKV    zone    Vmax    Vmin
mpc.bus = [
	101	2	49.043542812631586	9.990351313684211	0.0	0.0	1	1.032171567393659	2.7123837801348176	138.0	11	1.05	0.95				
	102	2	44.04836715578948	9.082137557894738	0.0	0.0	1	1.0317583829282788	2.5809402409963162	138.0	12	1.05	0.95				
	103	1	81.73923802105264	16.801954482105263	0.0	0.0	1	1.0278011570342305	0.28302245729712916	138.0	11	1.05	0.95				
	104	1	33.603908964210525	6.811603168421053	0.0	0.0	1	1.0205867408839193	-0.7146083537933274	138.0	11	1.05	0.95				
	105	1	32.24158833052632	6.357496290526317	0.0	0.0	1	1.0348125492903137	-0.4692323387126052	138.0	11	1.05	0.95				
	106	1	61.75853539368422	12.714992581052634	0.0	-100.0	1	1.0443167061699683	-2.7097423734665758	138.0	12	1.05	0.95				
	107	2	56.76335973684211	11.352671947368421	0.0	0.0	1	1.0183946521169456	-3.928101627362125	138.0	12	1.05	0.95				
	108	1	77.65227612	15.893740726315789	0.0	0.0	1	1.0155518837450457	-4.509016565111317	138.0	12	1.05	0.95				
	109	1	79.46870363157895	16.34784760421053	0.0	0.0	1	1.0255008976554214	-1.5680266170268924	138.0	13	1.05	0.95				
	110	1	88.55084118947369	18.164275115789476	0.0	0.0	1	1.05	-2.258852631273706	138.0	13	1.05	0.95				
	111	1	0.0	0.0	0.0	0.0	1	1.0037337020785089	-0.1459732613250548	230.0	13	1.05	0.95				
	112	1	0.0	0.0	0.0	0.0	1	1.00957108111327	0.41586657168358127	230.0	13	1.05	0.95				
	113	3	120.33832264210527	24.521771406315793	0.0	0.0	1	0.9961431394369247	1.268630809981555e-29	230.0	14	1.05	0.95				
	114	2	88.09673431157896	17.710168237894738	0.0	0.0	1	0.9990469669208544	1.6216624503232016	230.0	16	1.05	0.95				
	115	2	143.95188029263159	29.062840185263163	0.0	0.0	1	1.0391773578305241	6.82614673390699	230.0	16	1.05	0.95				
	116	2	45.410687789473684	9.082137557894738	0.0	0.0	1	1.0351849999253904	6.730480835690473	230.0	16	1.05	0.95				
	117	1	0.0	0.0	0.0	0.0	1	1.04235440514234	8.503427873011045	230.0	17	1.05	0.95				
	118	2	151.21759033894736	30.87926769684211	0.0	0.0	1	1.0457494027738878	8.092238966804643	230.0	17	1.05	0.95				
	119	1	82.19334489894737	16.801954482105263	0.0	0.0	1	1.0292849752908804	6.010763943160075	230.0	15	1.05	0.95				
	120	1	58.125680370526325	11.806778825263159	0.0	0.0	1	1.0273475888950818	6.262475088339395	230.0	15	1.05	0.95				
	121	2	0.0	0.0	0.0	0.0	1	1.05	8.753558565937952	230.0	17	1.05	0.95				
	122	2	0.0	0.0	0.0	0.0	1	1.05	18.777004234243336	230.0	17	1.05	0.95				
	123	2	0.0	0.0	0.0	0.0	1	1.027006172118011	6.750768275954709	230.0	15	1.05	0.95				
	124	1	0.0	0.0	0.0	0.0	1	1.0261580867232043	4.385638845899796	230.0	16	1.05	0.95				
	201	2	54.67149378947368	11.136785771929825	0.0	0.0	2	1.0311834015165784	-7.653538381704208	138.0	21	1.05	0.95				
	202	2	49.10310090350877	10.124350701754386	0.0	0.0	2	1.0314186584910445	-7.702390829257929	138.0	22	1.05	0.95				
	203	1	91.11915631578947	18.730048798245612	0.0	0.0	2	1.0218659613666465	-6.62205181962097	138.0	21	1.05	0.95				
	204	1	37.460097596491224	7.593263026315789	0.0	0.0	2	1.0186074288783784	-10.193193549638737	138.0	21	1.05	0.95				
	205	1	35.94144499122807	7.0870454912280705	0.0	0.0	2	1.0339532407521723	-10.36793658729549	138.0	21	1.05	0.95				
	206	1	68.84558477192982	14.174090982456141	0.0	-100.0	2	1.0430795718982235	-12.37428055154221	138.0	22	1.05	0.95				
	207	2	63.27719188596491	12.655438377192981	0.0	0.0	2	0.9868098773425318	-20.071785959274166	138.0	22	1.05	0.95				
	208	1	86.5631985	17.717613728070173	0.0	0.0	2	0.9919902451126682	-17.72232273284007	138.0	22	1.05	0.95				
	209	1	88.58806864035087	18.223831263157894	0.0	0.0	2	1.023320962949307	-10.171916784107466	138.0	23	1.05	0.95				
	210	1	98.71241934210525	20.248701403508772	0.0	0.0	2	1.05	-11.515370480715779	138.0	23	1.05	0.95				
	211	1	0.0	0.0	0.0	0.0	2	1.0095643650803803	-7.503805004313016	230.0	23	1.05	0.95				
	212	1	0.0	0.0	0.0	0.0	2	1.013337556776605	-7.057342514323385	230.0	23	1.05	0.95				
	213	2	134.1476467982456	27.33574689473684	0.0	0.0	2	1.0056470913243911	-6.7930265903192435	230.0	24	1.05	0.95				
	214	2	98.20620180701754	19.74248386842105	0.0	0.0	2	1.013344755340333	-4.716280445490249	230.0	26	1.05	0.95				
	215	2	160.470958622807	32.39792224561403	0.0	0.0	2	1.0316119154066754	2.5458078782092177	230.0	26	1.05	0.95				
	216	2	50.621753508771924	10.124350701754386	0.0	0.0	2	1.03477381606493	2.263467624773855	230.0	26	1.05	0.95				
	217	1	0.0	0.0	0.0	0.0	2	1.038462408958379	5.359272230696203	230.0	27	1.05	0.95				
	218	2	168.57043918421053	34.42279238596491	0.0	0.0	2	1.0402119883504535	5.894852546610252	230.0	27	1.05	0.95				
	219	1	91.6253738508772	18.730048798245612	0.0	0.0	2	1.035648972680538	0.9557006196386283	230.0	25	1.05	0.95				
	220	1	64.79584449122807	13.1616559122807	0.0	0.0	2	1.0403599233383178	0.790703709111118	230.0	25	1.05	0.95				
	221	2	0.0	0.0	0.0	0.0	2	1.0397195259770755	5.533728027576775	230.0	27	1.05	0.95				
	222	2	0.0	0.0	0.0	0.0	2	1.05	11.967173017748019	230.0	27	1.05	0.95				
	223	2	0.0	0.0	0.0	0.0	2	1.043801067664962	1.0756438421100032	230.0	25	1.05	0.95				
	224	1	0.0	0.0	0.0	0.0	2	1.0165470809276118	-0.8885340721770961	230.0	26	1.05	0.95				
	301	2	63.42992723368421	12.920911103157895	0.0	0.0	3	1.0080116842130664	-35.89379837405346	138.0	31	1.05	0.95				
	302	2	56.969471682105265	11.746282821052633	0.0	0.0	3	1.0073637640169237	-36.04753775783539	138.0	32	1.05	0.95				
	303	1	105.71654538947368	21.73062321894737	0.0	0.0	3	1.0210802117388238	-28.171298185083007	138.0	31	1.05	0.95				
	304	1	43.46124643789474	8.809712115789473	0.0	0.0	3	1.0068025367388513	-34.03559761646325	138.0	31	1.05	0.95				
	305	1	41.69930401473684	8.222397974736843	0.0	0.0	3	1.0208947049457584	-35.00981565270977	138.0	31	1.05	0.95				
	306	1	79.8747231831579	16.444795949473686	0.0	-100.0	3	1.0355103690342884	-35.17018041813579	138.0	32	1.05	0.95				
	307	2	73.41426763157895	14.682853526315789	0.0	0.0	3	0.9974456840617375	-39.3398192132759	138.0	32	1.05	0.95				
	308	1	100.43071812	20.555994936842104	0.0	0.0	3	0.9971278286464592	-37.69093600457817	138.0	32	1.05	0.95				
	309	1	102.77997468421052	21.143309077894738	0.0	0.0	3	1.0269055853988411	-29.996394121277167	138.0	33	1.05	0.95				
	310	1	114.52625750526315	23.492565642105266	0.0	0.0	3	1.05	-32.24097901812449	138.0	33	1.05	0.95				
	311	1	0.0	0.0	0.0	0.0	3	1.0190551487206312	-24.80015901604373	230.0	33	1.05	0.95				
	312	1	0.0	0.0	0.0	0.0	3	1.0174523707721492	-24.192724631298653	230.0	33	1.05	0.95				
	313	2	155.63824737894737	31.714963616842105	0.0	0.0	3	1.0272321234591217	-21.07681644982042	230.0	34	1.05	0.95				
	314	2	113.93894336421053	22.905251501052632	0.0	0.0	3	1.0319275930488065	-21.82376688624062	230.0	36	1.05	0.95				
	315	2	186.17858271368422	37.58810502736842	0.0	0.0	3	1.0494027013631655	-14.478619703292635	230.0	36	1.05	0.95				
	316	2	58.731414105263156	11.746282821052633	0.0	0.0	3	1.049420976772956	-14.095413830411392	230.0	36	1.05	0.95				
	317	1	0.0	0.0	0.0	0.0	3	1.05	-10.965685558514155	230.0	37	1.05	0.95				
	318	2	195.57560897052633	39.93736159157895	0.0	0.0	3	1.049343185409281	-10.52303297990505	230.0	37	1.05	0.95				
	319	1	106.30385953052632	21.73062321894737	0.0	0.0	3	1.0460031794925386	-15.306304038906093	230.0	35	1.05	0.95				
	320	1	75.17621005473684	15.270167667368423	0.0	0.0	3	1.0477870453194302	-15.262453482784037	230.0	35	1.05	0.95				
	321	2	0.0	0.0	0.0	0.0	3	1.05	-10.188993729193605	230.0	37	1.05	0.95				
	322	2	0.0	0.0	0.0	0.0	3	1.05	-4.717318387007301	230.0	37	1.05	0.95				
	323	2	0.0	0.0	0.0	0.0	3	1.05	-14.809194781306086	230.0	35	1.05	0.95				
	324	1	0.0	0.0	0.0	0.0	3	1.0212801674682699	-19.52910443292835	230.0	36	1.05	0.95				
	325	1	0.0	0.0	0.0	0.0	3	1.0401159772969348	-12.915196676754482	230.0	35	1.05	0.95				
];
