%% MATPOWER Case Format : Version 2
function mpc = RTS_GMLC
mpc.version = '2';

%%-----  Power Flow Data  -----%%
%% system MVA base
mpc.baseMVA = 100.0;
%% bus data
%    bus_i    type    Pd    Qd    Gs    Bs    area    Vm    Va    baseKV    zone    Vmax    Vmin
mpc.bus = [
	101	2	39.29094507789474	8.003711034385965	0.0	0.0	1	1.0226048735725621	-2.6868153598974085	138.0	11	1.05	0.95				
	102	2	35.289089560701754	7.276100940350877	0.0	0.0	1	1.0218761776188667	-2.8665701674831867	138.0	12	1.05	0.95				
	103	1	65.4849084631579	13.460786739649123	0.0	0.0	1	1.0292856276846722	-0.8504594632659968	138.0	11	1.05	0.95				
	104	1	26.921573479298246	5.457075705263158	0.0	0.0	1	1.0212548059227349	-3.3449407022644326	138.0	11	1.05	0.95				
	105	1	25.830158338245614	5.093270658245614	0.0	0.0	1	1.0319619759300087	-4.293781612021489	138.0	11	1.05	0.95				
	106	1	49.47748639438597	10.186541316491228	0.0	-100.0	1	1.0453696159865757	-5.618909671708728	138.0	12	1.05	0.95				
	107	2	45.47563087719298	9.095126175438596	0.0	0.0	1	1.0039286691510696	-8.639196451183635	138.0	12	1.05	0.95				
	108	1	62.21066303999999	12.733176645614034	0.0	0.0	1	1.0089664064672548	-7.842922915057554	138.0	12	1.05	0.95				
	109	1	63.66588322807017	13.096981692631578	0.0	0.0	1	1.0248186736147402	-3.3857147497755764	138.0	13	1.05	0.95				
	110	1	70.94198416842104	14.552201880701753	0.0	0.0	1	1.05	-4.745737218266317	138.0	13	1.05	0.95				
	111	1	0.0	0.0	0.0	0.0	1	1.0013053959582001	-1.5195103275164847	230.0	13	1.05	0.95				
	112	1	0.0	0.0	0.0	0.0	1	1.0054207990001953	-1.6608303051475062	230.0	13	1.05	0.95				
	113	3	96.40833745964912	19.64547253894737	0.0	0.0	1	0.9938913036468442	-2.284181041476939e-28	230.0	14	1.05	0.95				
	114	2	70.57817912140351	14.18839683368421	0.0	0.0	1	0.9965136514107893	-0.1363692440207276	230.0	16	1.05	0.95				
	115	2	115.32619990456139	23.283523009122806	0.0	0.0	1	1.026580708725078	4.700551467360128	230.0	16	1.05	0.95				
	116	2	36.38050470175438	7.276100940350877	0.0	0.0	1	1.0226173729727115	3.9609768021267073	230.0	16	1.05	0.95				
	117	1	0.0	0.0	0.0	0.0	1	1.0313618201916626	6.875494877321236	230.0	17	1.05	0.95				
	118	2	121.14708065684209	24.738743197192985	0.0	0.0	1	1.0339727443310118	7.4108178659375215	230.0	17	1.05	0.95				
	119	1	65.84871351017544	13.460786739649123	0.0	0.0	1	1.0145474008172974	2.406918402456091	230.0	15	1.05	0.95				
	120	1	46.56704601824561	9.45893122245614	0.0	0.0	1	1.0091248768644256	1.2385264240256624	230.0	15	1.05	0.95				
	121	2	0.0	0.0	0.0	0.0	1	1.035716246447259	8.290914285818257	230.0	17	1.05	0.95				
	122	2	0.0	0.0	0.0	0.0	1	1.05	14.502839966264604	230.0	17	1.05	0.95				
	123	2	0.0	0.0	0.0	0.0	1	1.0064377946942755	0.8837835680402704	230.0	15	1.05	0.95				
	124	1	0.0	0.0	0.0	0.0	1	1.019866304004031	2.5958301131208588	230.0	16	1.05	0.95				
	201	2	39.57563357052633	8.061703134736844	0.0	0.0	2	1.0170459218369183	-8.398843632999043	138.0	21	1.05	0.95				
	202	2	35.5447820031579	7.328821031578949	0.0	0.0	2	1.0162310694572578	-8.61587643822249	138.0	22	1.05	0.95				
	203	1	65.95938928421053	13.558318908421056	0.0	0.0	2	1.0147150213643328	-6.671891362142137	138.0	21	1.05	0.95				
	204	1	27.11663781684211	5.496615773684211	0.0	0.0	2	1.0144763449447258	-8.143223440318879	138.0	21	1.05	0.95				
	205	1	26.017314662105264	5.130174722105265	0.0	0.0	2	1.029151789647768	-8.371599678253935	138.0	21	1.05	0.95				
	206	1	49.835983014736854	10.26034944421053	0.0	-100.0	2	1.0442766300196853	-8.830241515337443	138.0	22	1.05	0.95				
	207	2	45.805131447368424	9.161026289473686	0.0	0.0	2	1.0003351857912646	-13.217337281084216	138.0	22	1.05	0.95				
	208	1	62.661419820000006	12.825436805263157	0.0	0.0	2	1.0056546601259766	-11.589690211497492	138.0	22	1.05	0.95				
	209	1	64.1271840263158	13.191877856842108	0.0	0.0	2	1.023214274720617	-6.236248255715921	138.0	23	1.05	0.95				
	210	1	71.45600505789474	14.657642063157898	0.0	0.0	2	1.05	-7.164065219617673	138.0	23	1.05	0.95				
	211	1	0.0	0.0	0.0	0.0	2	0.9997969956668784	-4.4863166602511235	230.0	23	1.05	0.95				
	212	1	0.0	0.0	0.0	0.0	2	1.006646372697234	-0.11800823701616756	230.0	23	1.05	0.95				
	213	2	97.10687866842106	19.787816785263164	0.0	0.0	2	0.9918016700911627	-2.693565048089511	230.0	24	1.05	0.95				
	214	2	71.0895640063158	14.29120101157895	0.0	0.0	2	0.9938835407980918	-3.6747749200942343	230.0	26	1.05	0.95				
	215	2	116.16181335052633	23.452227301052634	0.0	0.0	2	1.0113880260143462	0.5817165265780687	230.0	26	1.05	0.95				
	216	2	36.64410515789474	7.328821031578949	0.0	0.0	2	1.0088458978076067	-0.2550227397455212	230.0	26	1.05	0.95				
	217	1	0.0	0.0	0.0	0.0	2	1.015212155236185	1.0602986454896595	230.0	27	1.05	0.95				
	218	2	122.02487017578949	24.917991507368427	0.0	0.0	2	1.015176234169335	0.8742545854064078	230.0	27	1.05	0.95				
	219	1	66.32583033578948	13.558318908421056	0.0	0.0	2	1.0054688410322163	-0.7628448391921324	230.0	25	1.05	0.95				
	220	1	46.90445460210527	9.527467341052633	0.0	0.0	2	1.00480877678123	-0.45829942669804946	230.0	25	1.05	0.95				
	221	2	0.0	0.0	0.0	0.0	2	1.0174573659234831	1.580212961675382	230.0	27	1.05	0.95				
	222	2	0.0	0.0	0.0	0.0	2	1.0392814881484111	8.003142897283698	230.0	27	1.05	0.95				
	223	2	0.0	0.0	0.0	0.0	2	1.0048362530824229	0.00553415930170373	230.0	25	1.05	0.95				
	224	1	0.0	0.0	0.0	0.0	2	1.003455445872701	-2.1723007470533413	230.0	26	1.05	0.95				
	301	2	54.03416638736843	11.006959819649124	0.0	0.0	3	0.9964759199483221	6.163573486027461	138.0	31	1.05	0.95				
	302	2	48.53068647754386	10.00632710877193	0.0	0.0	3	0.9963713995949889	6.1468157290268195	138.0	32	1.05	0.95				
	303	1	90.05694397894737	18.51170515122807	0.0	0.0	3	1.0118627714969117	8.110267123710736	138.0	31	1.05	0.95				
	304	1	37.02341030245614	7.504745331578948	0.0	0.0	3	1.0030175244934523	7.823547048300685	138.0	31	1.05	0.95				
	305	1	35.52246123614035	7.0044289761403515	0.0	0.0	3	1.0157217881467544	7.905504308058627	138.0	31	1.05	0.95				
	306	1	68.04302433964914	14.008857952280703	0.0	-100.0	3	1.0351737484562613	8.290727121576854	138.0	32	1.05	0.95				
	307	2	62.539544429824566	12.507908885964913	0.0	0.0	3	0.9928723055148906	6.018114034542408	138.0	32	1.05	0.95				
	308	1	85.55409678000001	17.511072440350876	0.0	0.0	3	1.0058244572057518	8.175057045090188	138.0	32	1.05	0.95				
	309	1	87.55536220175439	18.011388795789472	0.0	0.0	3	1.0251393290903459	11.23948813969867	138.0	33	1.05	0.95				
	310	1	97.56168931052632	20.01265421754386	0.0	0.0	3	1.05	11.2397784742818	138.0	33	1.05	0.95				
	311	1	0.0	0.0	0.0	0.0	3	1.009073525735822	16.07043945265361	230.0	33	1.05	0.95				
	312	1	0.0	0.0	0.0	0.0	3	1.015689187784692	17.16314750397573	230.0	33	1.05	0.95				
	313	2	132.58383419122808	27.017083193684215	0.0	0.0	3	1.0241035103229228	23.05262544297076	230.0	34	1.05	0.95				
	314	2	97.06137295508772	19.512337862105266	0.0	0.0	3	1.0054067438341878	14.78564295351309	230.0	36	1.05	0.95				
	315	2	158.6002846740351	32.02024674807018	0.0	0.0	3	1.0203041838466012	8.929156171348593	230.0	36	1.05	0.95				
	316	2	50.03163554385965	10.00632710877193	0.0	0.0	3	1.021629812528018	10.075629060572963	230.0	36	1.05	0.95				
	317	1	0.0	0.0	0.0	0.0	3	1.0241329119601748	8.861877892832316	230.0	37	1.05	0.95				
	318	2	166.60534636105265	34.02151216982457	0.0	0.0	3	1.0218641645307622	7.642319812534396	230.0	37	1.05	0.95				
	319	1	90.55726033438599	18.51170515122807	0.0	0.0	3	1.0228670002686995	12.848412665691932	230.0	35	1.05	0.95				
	320	1	64.04049349614036	13.00822524140351	0.0	0.0	3	1.0252415156286632	14.607352108511783	230.0	35	1.05	0.95				
	321	2	0.0	0.0	0.0	0.0	3	1.0234270019438942	8.650412415021282	230.0	37	1.05	0.95				
	322	2	0.0	0.0	0.0	0.0	3	1.0372926343561446	13.14668025048224	230.0	37	1.05	0.95				
	323	2	0.0	0.0	0.0	0.0	3	1.0258407807592327	15.10306599799643	230.0	35	1.05	0.95				
	324	1	0.0	0.0	0.0	0.0	3	1.0152868927196934	10.6011350370237	230.0	36	1.05	0.95				
	325	1	0.0	0.0	0.0	0.0	3	1.0281334434288427	14.52950674012338	230.0	35	1.05	0.95				
];
