%% MATPOWER Case Format : Version 2
function mpc = RTS_GMLC
mpc.version = '2';

%%-----  Power Flow Data  -----%%
%% system MVA base
mpc.baseMVA = 100.0;
%% bus data
%    bus_i    type    Pd    Qd    Gs    Bs    area    Vm    Va    baseKV    zone    Vmax    Vmin
mpc.bus = [
	101	2	47.77436914105263	9.73181593614035	0.0	0.0	1	1.031107064822129	-0.273310981565518	138.0	11	1.05	0.95				
	102	2	42.90846117298245	8.847105396491228	0.0	0.0	1	1.0293610892613527	-0.7359869030765541	138.0	12	1.05	0.95				
	103	1	79.62394856842104	16.36714498350877	0.0	0.0	1	1.0349177987040543	0.8857481382266532	138.0	11	1.05	0.95				
	104	1	32.73428996701754	6.63532904736842	0.0	0.0	1	1.0233214783561757	-2.3083442989238985	138.0	11	1.05	0.95				
	105	1	31.407224157543855	6.19297377754386	0.0	0.0	1	1.0347182380244877	-3.036933307018177	138.0	11	1.05	0.95				
	106	1	60.16031669614035	12.38594755508772	0.0	-100.0	1	1.0444685492172934	-5.120668534233462	138.0	12	1.05	0.95				
	107	2	55.29440872807017	11.058881745614034	0.0	0.0	1	1.0005494240694108	-10.184613283543083	138.0	12	1.05	0.95				
	108	1	75.64275113999999	15.482434443859647	0.0	0.0	1	1.0040122360552672	-8.811376045064291	138.0	12	1.05	0.95				
	109	1	77.41217221929824	15.92478971368421	0.0	0.0	1	1.0254612276435144	-2.9502487359672673	138.0	13	1.05	0.95				
	110	1	86.25927761578947	17.694210792982457	0.0	0.0	1	1.05	-4.435089854036302	138.0	13	1.05	0.95				
	111	1	0.0	0.0	0.0	0.0	1	1.0052151341878348	-0.9945879799651995	230.0	13	1.05	0.95				
	112	1	0.0	0.0	0.0	0.0	1	1.0086348835714272	-1.3940600630687425	230.0	13	1.05	0.95				
	113	3	117.22414650350876	23.887184570526315	0.0	0.0	1	0.9979444206754234	2.6894833730646528e-30	230.0	14	1.05	0.95				
	114	2	85.8169223459649	17.251855523157893	0.0	0.0	1	1.0043619169915872	0.9636824732707587	230.0	16	1.05	0.95				
	115	2	140.22662053438594	28.31073726877193	0.0	0.0	1	1.0396877406492397	7.55229711000952	230.0	16	1.05	0.95				
	116	2	44.235526982456136	8.847105396491228	0.0	0.0	1	1.034902676196844	6.310920912345752	230.0	16	1.05	0.95				
	117	1	0.0	0.0	0.0	0.0	1	1.0426410406721518	10.05808056427768	230.0	17	1.05	0.95				
	118	2	147.30430485157893	30.080158348070174	0.0	0.0	1	1.04708473312221	11.011425156351105	230.0	17	1.05	0.95				
	119	1	80.06630383824562	16.36714498350877	0.0	0.0	1	1.0235973158455716	3.916775536435605	230.0	15	1.05	0.95				
	120	1	56.62147453754386	11.501237015438596	0.0	0.0	1	1.0168811230963284	2.0549818489134344	230.0	15	1.05	0.95				
	121	2	0.0	0.0	0.0	0.0	1	1.0496331043096379	12.35334105509271	230.0	17	1.05	0.95				
	122	2	0.0	0.0	0.0	0.0	1	1.05	17.964363243371206	230.0	17	1.05	0.95				
	123	2	0.0	0.0	0.0	0.0	1	1.0139839230163277	1.3697816012709054	230.0	15	1.05	0.95				
	124	1	0.0	0.0	0.0	0.0	1	1.0290317702574432	5.045644168669799	230.0	16	1.05	0.95				
	201	2	42.074610404210524	8.570753971228068	0.0	0.0	2	1.0161018274985738	-11.087471458250777	138.0	21	1.05	0.95				
	202	2	37.78923341859649	7.791594519298245	0.0	0.0	2	1.0152811042925205	-11.321277184233775	138.0	22	1.05	0.95				
	203	1	70.1243506736842	14.414449860701753	0.0	0.0	2	1.0146356553289686	-8.728513489298798	138.0	21	1.05	0.95				
	204	1	28.828899721403506	5.8436958894736835	0.0	0.0	2	1.0136176809549562	-10.797969575176918	138.0	21	1.05	0.95				
	205	1	27.660160543508766	5.454116163508773	0.0	0.0	2	1.028342252976623	-11.08999699492604	138.0	21	1.05	0.95				
	206	1	52.982842731228075	10.908232327017545	0.0	-100.0	2	1.0433800454046867	-11.58632108852124	138.0	22	1.05	0.95				
	207	2	48.69746574561403	9.739493149122806	0.0	0.0	2	0.9990033256386719	-16.26104602938688	138.0	22	1.05	0.95				
	208	1	66.61813314	13.635290408771928	0.0	0.0	2	1.0039944216342174	-14.514843741656987	138.0	22	1.05	0.95				
	209	1	68.17645204385965	14.024870134736842	0.0	0.0	2	1.0233456118804314	-8.755971896020432	138.0	23	1.05	0.95				
	210	1	75.96804656315788	15.58318903859649	0.0	0.0	2	1.05	-9.838696439456212	138.0	23	1.05	0.95				
	211	1	0.0	0.0	0.0	0.0	2	1.0016775289755224	-6.849925078828473	230.0	23	1.05	0.95				
	212	1	0.0	0.0	0.0	0.0	2	1.0082370200004411	-2.6030578133395914	230.0	23	1.05	0.95				
	213	2	103.23862738070176	21.037305202105262	0.0	0.0	2	0.9943102370419088	-5.152319913097859	230.0	24	1.05	0.95				
	214	2	75.57846683719298	15.193609312631578	0.0	0.0	2	0.9976452298278488	-5.734133855975781	230.0	26	1.05	0.95				
	215	2	123.49677313087719	24.933102461754384	0.0	0.0	2	1.0161346633845267	-0.6633503365166035	230.0	26	1.05	0.95				
	216	2	38.957972596491224	7.791594519298245	0.0	0.0	2	1.013696334015818	-1.7496098440416068	230.0	26	1.05	0.95				
	217	1	0.0	0.0	0.0	0.0	2	1.020313941761765	-0.04878650656308374	230.0	27	1.05	0.95				
	218	2	129.7300487463158	26.491421365614038	0.0	0.0	2	1.0201604549191874	-0.3113940738803961	230.0	27	1.05	0.95				
	219	1	70.51393039964911	14.414449860701753	0.0	0.0	2	1.00967165208888	-2.6908961844037984	230.0	25	1.05	0.95				
	220	1	49.86620492350877	10.129072875087719	0.0	0.0	2	1.0088012441713854	-2.725345169489946	230.0	25	1.05	0.95				
	221	2	0.0	0.0	0.0	0.0	2	1.0223519503160599	0.3710129673491845	230.0	27	1.05	0.95				
	222	2	0.0	0.0	0.0	0.0	2	1.0441318760339382	6.770654313728234	230.0	27	1.05	0.95				
	223	2	0.0	0.0	0.0	0.0	2	1.0087458323248841	-2.4326572489841487	230.0	25	1.05	0.95				
	224	1	0.0	0.0	0.0	0.0	2	1.0055231978216732	-3.7095492473493246	230.0	26	1.05	0.95				
	301	2	68.45238848842105	13.94400506245614	0.0	0.0	3	0.9962124154647273	0.20044683986291603	138.0	31	1.05	0.95				
	302	2	61.480385957192986	12.676368238596492	0.0	0.0	3	0.9967728735738332	0.14080533713186516	138.0	32	1.05	0.95				
	303	1	114.08731414736843	23.45128124140351	0.0	0.0	3	1.0157055652843765	3.699862252506357	138.0	31	1.05	0.95				
	304	1	46.90256248280702	9.507276178947368	0.0	0.0	3	1.0008432829513383	2.2886860136269234	138.0	31	1.05	0.95				
	305	1	45.00110724701754	8.873457767017545	0.0	0.0	3	1.0131486877046902	2.2930000796559766	138.0	31	1.05	0.95				
	306	1	86.19930402245615	17.74691553403509	0.0	-100.0	3	1.031022495026316	2.7497407376176235	138.0	32	1.05	0.95				
	307	2	79.22730149122808	15.845460298245614	0.0	0.0	3	0.9902929177175341	-0.8961438780257877	138.0	32	1.05	0.95				
	308	1	108.38294844	22.183644417543857	0.0	0.0	3	1.000668487184055	1.954349543602811	138.0	32	1.05	0.95				
	309	1	110.91822208771931	22.817462829473683	0.0	0.0	3	1.0269849332183028	6.622247075134497	138.0	33	1.05	0.95				
	310	1	123.5945903263158	25.352736477192984	0.0	0.0	3	1.05	6.403236198445312	138.0	33	1.05	0.95				
	311	1	0.0	0.0	0.0	0.0	3	1.016982165752794	12.496713659491393	230.0	33	1.05	0.95				
	312	1	0.0	0.0	0.0	0.0	3	1.0223518635560065	14.138943805488944	230.0	33	1.05	0.95				
	313	2	167.96187916140352	34.226194244210525	0.0	0.0	3	1.041853069122074	20.837605487038648	230.0	34	1.05	0.95				
	314	2	122.96077191438597	24.71891806526316	0.0	0.0	3	1.0188118914686954	11.022577842092499	230.0	36	1.05	0.95				
	315	2	200.9204365817544	40.56437836350877	0.0	0.0	3	1.0315548064665814	4.8847360453787925	230.0	36	1.05	0.95				
	316	2	63.381841192982456	12.676368238596492	0.0	0.0	3	1.0336713555131598	6.356710881273372	230.0	36	1.05	0.95				
	317	1	0.0	0.0	0.0	0.0	3	1.0342810254772759	4.925217722423666	230.0	37	1.05	0.95				
	318	2	211.0615311726316	43.09965201122807	0.0	0.0	3	1.0310220667261862	3.606335088320472	230.0	37	1.05	0.95				
	319	1	114.72113255929825	23.45128124140351	0.0	0.0	3	1.0340019309142903	9.929940942519686	230.0	35	1.05	0.95				
	320	1	81.12875672701755	16.47927871017544	0.0	0.0	3	1.0379702255036471	12.507191244818397	230.0	35	1.05	0.95				
	321	2	0.0	0.0	0.0	0.0	3	1.0333248800938342	4.606904652890533	230.0	37	1.05	0.95				
	322	2	0.0	0.0	0.0	0.0	3	1.0470998944392191	9.062293959682941	230.0	37	1.05	0.95				
	323	2	0.0	0.0	0.0	0.0	3	1.040127357018914	13.3935495801209	230.0	35	1.05	0.95				
	324	1	0.0	0.0	0.0	0.0	3	1.0237638009295722	6.689331382245763	230.0	36	1.05	0.95				
	325	1	0.0	0.0	0.0	0.0	3	1.0419637081116284	13.310014246733392	230.0	35	1.05	0.95				
];
