%% MATPOWER Case Format : Version 2
function mpc = RTS_GMLC
mpc.version = '2';

%%-----  Power Flow Data  -----%%
%% system MVA base
mpc.baseMVA = 100.0;
%% bus data
%    bus_i    type    Pd    Qd    Gs    Bs    area    Vm    Va    baseKV    zone    Vmax    Vmin
mpc.bus = [
	101	2	36.044532409263155	7.3424047500350875	0.0	0.0	1	1.0210587240416304	0.11238712704670495	138.0	11	1.05	0.95				
	102	2	32.37333003424561	6.674913409122807	0.0	0.0	1	1.0186454048706668	-0.5212113176229114	138.0	12	1.05	0.95				
	103	1	60.07422068210526	12.348589806877193	0.0	0.0	1	1.0307620161049855	1.0118349422302593	138.0	11	1.05	0.95				
	104	1	24.697179613754386	5.006185056842105	0.0	0.0	1	1.0171484132308284	-2.201927857399895	138.0	11	1.05	0.95				
	105	1	23.695942602385962	4.672439386385966	0.0	0.0	1	1.0313207973140681	-2.1056650113861757	138.0	11	1.05	0.95				
	106	1	45.38941118203509	9.344878772771931	0.0	-100.0	1	1.0452363293579183	-3.843800904336739	138.0	12	1.05	0.95				
	107	2	41.71820880701754	8.343641761403509	0.0	0.0	1	1.001476235918903	-9.411128294874938	138.0	12	1.05	0.95				
	108	1	57.070509648	11.68109846596491	0.0	0.0	1	1.0074996503057008	-7.603820911588654	138.0	12	1.05	0.95				
	109	1	58.40549232982456	12.014844136421052	0.0	0.0	1	1.0246818848340453	-2.1846098043772466	138.0	13	1.05	0.95				
	110	1	65.08040573894736	13.349826818245614	0.0	0.0	1	1.05	-3.2642234700058474	138.0	13	1.05	0.95				
	111	1	0.0	0.0	0.0	0.0	1	1.0021938084445536	-0.08815484587026852	230.0	13	1.05	0.95				
	112	1	0.0	0.0	0.0	0.0	1	1.006789093650389	-0.8423600674618188	230.0	13	1.05	0.95				
	113	3	88.44260267087719	18.022266204631578	0.0	0.0	1	0.9926016842030646	1.2196534396626801e-29	230.0	14	1.05	0.95				
	114	2	64.74666006849122	13.016081147789475	0.0	0.0	1	1.0008432376480174	2.6163236393173004	230.0	16	1.05	0.95				
	115	2	105.79737753459648	21.359722909192982	0.0	0.0	1	1.0404935249852467	9.623933177830418	230.0	16	1.05	0.95				
	116	2	33.374567045614036	6.674913409122807	0.0	0.0	1	1.0345149891785086	8.271772195178153	230.0	16	1.05	0.95				
	117	1	0.0	0.0	0.0	0.0	1	1.0411649019783045	12.680290114651024	230.0	17	1.05	0.95				
	118	2	111.13730826189474	22.694705591017545	0.0	0.0	1	1.0479522165692423	13.205762348204987	230.0	17	1.05	0.95				
	119	1	60.4079663525614	12.348589806877193	0.0	0.0	1	1.0225729141474593	5.119179115954052	230.0	15	1.05	0.95				
	120	1	42.719445818385964	8.67738743185965	0.0	0.0	1	1.0162136028521855	2.9931850860176237	230.0	15	1.05	0.95				
	121	2	0.0	0.0	0.0	0.0	1	1.05	14.486515637388695	230.0	17	1.05	0.95				
	122	2	0.0	0.0	0.0	0.0	1	1.05	26.50356047945161	230.0	17	1.05	0.95				
	123	2	0.0	0.0	0.0	0.0	1	1.0131221413372316	2.0789211522453575	230.0	15	1.05	0.95				
	124	1	0.0	0.0	0.0	0.0	1	1.0259595228961074	6.398569311465371	230.0	16	1.05	0.95				
	201	2	37.90964898947369	7.722335905263159	0.0	0.0	2	1.015232854987066	-14.429636636952099	138.0	21	1.05	0.95				
	202	2	34.048481036842105	7.020305368421052	0.0	0.0	2	1.0143166480257826	-14.716914463161624	138.0	22	1.05	0.95				
	203	1	63.182748315789475	12.987564931578946	0.0	0.0	2	1.0156863866626022	-10.51979950311577	138.0	21	1.05	0.95				
	204	1	25.975129863157893	5.265229026315789	0.0	0.0	2	1.013382816922085	-14.521352653175315	138.0	21	1.05	0.95				
	205	1	24.922084057894736	4.914213757894737	0.0	0.0	2	1.028511905438303	-14.940401481598618	138.0	21	1.05	0.95				
	206	1	47.73807650526316	9.828427515789475	0.0	-100.0	2	1.0442029336737093	-15.691773411782695	138.0	22	1.05	0.95				
	207	2	43.876908552631576	8.775381710526316	0.0	0.0	2	0.9974865104840005	-19.812496433119684	138.0	22	1.05	0.95				
	208	1	60.0236109	12.28553439473684	0.0	0.0	2	1.0043425531604635	-18.27343356678971	138.0	22	1.05	0.95				
	209	1	61.427671973684205	12.636549663157895	0.0	0.0	2	1.0220891495508557	-12.898971529905275	138.0	23	1.05	0.95				
	210	1	68.44797734210526	14.040610736842105	0.0	0.0	2	1.05	-14.319837107267237	138.0	23	1.05	0.95				
	211	1	0.0	0.0	0.0	0.0	2	1.0027758308787038	-10.31832925589676	230.0	23	1.05	0.95				
	212	1	0.0	0.0	0.0	0.0	2	1.005195732416662	-9.92111002435649	230.0	23	1.05	0.95				
	213	2	93.01904613157895	18.954824494736844	0.0	0.0	2	0.9956750343277455	-9.358953843767162	230.0	24	1.05	0.95				
	214	2	68.09696207368421	13.689595468421054	0.0	0.0	2	1.0029392321988435	-7.727144932012792	230.0	26	1.05	0.95				
	215	2	111.27184008947368	22.46497717894737	0.0	0.0	2	1.0178669536415792	-1.4166266286071454	230.0	26	1.05	0.95				
	216	2	35.101526842105265	7.020305368421052	0.0	0.0	2	1.018596560306801	-1.9288783973949017	230.0	26	1.05	0.95				
	217	1	0.0	0.0	0.0	0.0	2	1.0233086535793223	-0.165458060857805	230.0	27	1.05	0.95				
	218	2	116.88808438421052	23.86903825263158	0.0	0.0	2	1.0229636380684015	-0.5181759464941963	230.0	27	1.05	0.95				
	219	1	63.533763584210526	12.987564931578946	0.0	0.0	2	1.0177093186138841	-2.6725951456272066	230.0	25	1.05	0.95				
	220	1	44.92995435789474	9.126396978947367	0.0	0.0	2	1.0189997281790806	-2.6193141555626336	230.0	25	1.05	0.95				
	221	2	0.0	0.0	0.0	0.0	2	1.0248528764185378	-0.015746595341548625	230.0	27	1.05	0.95				
	222	2	0.0	0.0	0.0	0.0	2	1.0467296031941935	6.456802142689892	230.0	27	1.05	0.95				
	223	2	0.0	0.0	0.0	0.0	2	1.0199315550695298	-2.3144855016483175	230.0	25	1.05	0.95				
	224	1	0.0	0.0	0.0	0.0	2	1.0058607157335167	-4.853399780331707	230.0	26	1.05	0.95				
	301	2	42.50300536421053	8.65801961122807	0.0	0.0	3	1.0119528800814042	-1.9455291705014863	138.0	31	1.05	0.95				
	302	2	38.17399555859649	7.870926919298246	0.0	0.0	3	1.0117665914722123	-2.1715491259311035	138.0	32	1.05	0.95				
	303	1	70.8383422736842	14.561214800701755	0.0	0.0	3	1.0418855775247085	7.344972688188319	138.0	31	1.05	0.95				
	304	1	29.12242960140351	5.903195189473684	0.0	0.0	3	1.0135296521776664	-0.9403259520120095	138.0	31	1.05	0.95				
	305	1	27.94179056350877	5.5096488435087725	0.0	0.0	3	1.0262344444129614	-2.5048652300468572	138.0	31	1.05	0.95				
	306	1	53.52230305122807	11.019297687017545	0.0	-100.0	3	1.0423560165711636	-3.29962182665508	138.0	32	1.05	0.95				
	307	2	49.193293245614036	9.838658649122808	0.0	0.0	3	0.9848716600408308	-6.959550799300245	138.0	32	1.05	0.95				
	308	1	67.29642516	13.77412210877193	0.0	0.0	3	0.9962454950435802	-5.251320840086301	138.0	32	1.05	0.95				
	309	1	68.87061054385964	14.167668454736843	0.0	0.0	3	1.026783139057513	1.681071889322908	138.0	33	1.05	0.95				
	310	1	76.7415374631579	15.741853838596493	0.0	0.0	3	1.05	-1.7948715993998952	138.0	33	1.05	0.95				
	311	1	0.0	0.0	0.0	0.0	3	1.0062800178152835	2.3204656112819606	230.0	33	1.05	0.95				
	312	1	0.0	0.0	0.0	0.0	3	1.0122448738612604	2.940710024041346	230.0	33	1.05	0.95				
	313	2	104.28978168070175	21.251502682105265	0.0	0.0	3	1.008953253649738	5.182317894674108	230.0	34	1.05	0.95				
	314	2	76.34799111719298	15.34830749263158	0.0	0.0	3	0.9973377564302771	2.3183496960149887	230.0	36	1.05	0.95				
	315	2	124.75419167087718	25.186966141754386	0.0	0.0	3	1.0280062073632954	4.766960805371422	230.0	36	1.05	0.95				
	316	2	39.35463459649123	7.870926919298246	0.0	0.0	3	1.0231683942364742	4.661775337122851	230.0	36	1.05	0.95				
	317	1	0.0	0.0	0.0	0.0	3	1.0370627949861868	7.742294466127654	230.0	37	1.05	0.95				
	318	2	131.0509332063158	26.761151525614036	0.0	0.0	3	1.0350918417234651	5.891026272574633	230.0	37	1.05	0.95				
	319	1	71.23188861964913	14.561214800701755	0.0	0.0	3	1.01803238273016	4.402218451480967	230.0	35	1.05	0.95				
	320	1	50.37393228350877	10.23220499508772	0.0	0.0	3	1.0160690310361944	4.958147328831043	230.0	35	1.05	0.95				
	321	2	0.0	0.0	0.0	0.0	3	1.0349106152347123	6.122025795315717	230.0	37	1.05	0.95				
	322	2	0.0	0.0	0.0	0.0	3	1.0496605961867804	11.06654869858795	230.0	37	1.05	0.95				
	323	2	0.0	0.0	0.0	0.0	3	1.0155435024872825	5.576008627668446	230.0	35	1.05	0.95				
	324	1	0.0	0.0	0.0	0.0	3	1.0301896101190318	5.749472296511769	230.0	36	1.05	0.95				
	325	1	0.0	0.0	0.0	0.0	3	1.0167715012926337	6.3561241563280095	230.0	35	1.05	0.95				
];
