%% MATPOWER Case Format : Version 2
function mpc = RTS_GMLC
mpc.version = '2';

%%-----  Power Flow Data  -----%%
%% system MVA base
mpc.baseMVA = 100.0;
%% bus data
%    bus_i    type    Pd    Qd    Gs    Bs    area    Vm    Va    baseKV    zone    Vmax    Vmin
mpc.bus = [
	101	2	35.323107373894736	7.195447798385965	0.0	0.0	1	1.0365965999833964	3.1080032615804027	138.0	11	1.05	0.95				
	102	2	31.72538347470175	6.5413161803508775	0.0	0.0	1	1.0357192976698608	2.871815659688423	138.0	12	1.05	0.95				
	103	1	58.871845623157895	12.101434933649122	0.0	0.0	1	1.0288047069702742	0.6338931370986604	138.0	11	1.05	0.95				
	104	1	24.202869867298244	4.905987135263158	0.0	0.0	1	1.0238688509969238	-0.29319986112231766	138.0	11	1.05	0.95				
	105	1	23.221672440245612	4.578921326245614	0.0	0.0	1	1.0387620323207631	0.026409022962024884	138.0	11	1.05	0.95				
	106	1	44.48095002638597	9.157842652491228	0.0	-100.0	1	1.04888425508545	-2.092040908523135	138.0	12	1.05	0.95				
	107	2	40.88322612719298	8.176645225438596	0.0	0.0	1	1.0023402635619996	-6.735573943056341	138.0	12	1.05	0.95				
	108	1	55.928253342	11.447303315614034	0.0	0.0	1	1.0087943767999787	-5.672300474807444	138.0	12	1.05	0.95				
	109	1	57.23651657807017	11.774369124631578	0.0	0.0	1	1.0237846886962458	-1.5625600436042093	138.0	13	1.05	0.95				
	110	1	63.77783275842105	13.082632360701755	0.0	0.0	1	1.05	-2.0758156256235507	138.0	13	1.05	0.95				
	111	1	0.0	0.0	0.0	0.0	1	0.9991989205239631	-0.29060056393697004	230.0	13	1.05	0.95				
	112	1	0.0	0.0	0.0	0.0	1	1.0036130345708465	-0.5136541888397839	230.0	13	1.05	0.95				
	113	3	86.67243938964911	17.661553686947368	0.0	0.0	1	0.9871084628124148	-5.141330581512698e-28	230.0	14	1.05	0.95				
	114	2	63.4507669494035	12.755566551684211	0.0	0.0	1	0.9940693773060988	1.1364188186213633	230.0	16	1.05	0.95				
	115	2	103.67986145856139	20.932211777122806	0.0	0.0	1	1.02934712974767	5.897852431502146	230.0	16	1.05	0.95				
	116	2	32.706580901754386	6.5413161803508775	0.0	0.0	1	1.0239588556833361	5.028920146368261	230.0	16	1.05	0.95				
	117	1	0.0	0.0	0.0	0.0	1	1.0336951610018479	7.996693234803356	230.0	17	1.05	0.95				
	118	2	108.91291440284209	22.240475013192984	0.0	0.0	1	1.0376919285971602	8.349251294218714	230.0	17	1.05	0.95				
	119	1	59.198911432175436	12.101434933649122	0.0	0.0	1	1.0139942541221623	3.1120914819545997	230.0	15	1.05	0.95				
	120	1	41.86442355424561	8.50371103445614	0.0	0.0	1	1.0078223484139477	2.079900571026665	230.0	15	1.05	0.95				
	121	2	0.0	0.0	0.0	0.0	1	1.0411560191419609	9.441265550753268	230.0	17	1.05	0.95				
	122	2	0.0	0.0	0.0	0.0	1	1.05	17.195376688224258	230.0	17	1.05	0.95				
	123	2	0.0	0.0	0.0	0.0	1	1.0045368458683843	1.7727132396983316	230.0	15	1.05	0.95				
	124	1	0.0	0.0	0.0	0.0	1	1.0216355512102397	3.9109491328715666	230.0	16	1.05	0.95				
	201	2	33.35369116926316	6.79427042336842	0.0	0.0	2	1.0149140216966286	-8.4694622520502	138.0	21	1.05	0.95				
	202	2	29.956555957578946	6.176609475789474	0.0	0.0	2	1.0140314065975984	-8.71914721502192	138.0	22	1.05	0.95				
	203	1	55.58948528210526	11.426727530210524	0.0	0.0	2	1.0161009699369712	-6.01094333019188	138.0	21	1.05	0.95				
	204	1	22.853455060421048	4.6324571068421045	0.0	0.0	2	1.0143648724447747	-8.610437733782371	138.0	21	1.05	0.95				
	205	1	21.926963639052627	4.323626633052632	0.0	0.0	2	1.0289376199751603	-8.887830330427798	138.0	21	1.05	0.95				
	206	1	42.00094443536842	8.647253266105263	0.0	-100.0	2	1.0453353032061656	-9.549103544285199	138.0	22	1.05	0.95				
	207	2	38.6038092236842	7.720761844736841	0.0	0.0	2	0.9983124807956276	-13.141950320041806	138.0	22	1.05	0.95				
	208	1	52.81001101799999	10.809066582631576	0.0	0.0	2	1.006518292552355	-11.825260698182746	138.0	22	1.05	0.95				
	209	1	54.045332913157885	11.117897056421052	0.0	0.0	2	1.0224978648209408	-7.230581017915555	138.0	23	1.05	0.95				
	210	1	60.221942388947355	12.353218951578947	0.0	0.0	2	1.05	-8.307709659993638	138.0	23	1.05	0.95				
	211	1	0.0	0.0	0.0	0.0	2	0.9997011461274137	-4.86837827797651	230.0	23	1.05	0.95				
	212	1	0.0	0.0	0.0	0.0	2	1.0041191660840048	-4.1798824741993235	230.0	23	1.05	0.95				
	213	2	81.84007555421051	16.67684558463158	0.0	0.0	2	0.9921716901685195	-3.635976490589989	230.0	24	1.05	0.95				
	214	2	59.91311191515789	12.044388477789472	0.0	0.0	2	0.9955784683669393	-2.873836460030911	230.0	26	1.05	0.95				
	215	2	97.89926019126315	19.765150322526313	0.0	0.0	2	1.0128899638115378	1.8136829770088552	230.0	26	1.05	0.95				
	216	2	30.883047378947364	6.176609475789474	0.0	0.0	2	1.0136528746665092	1.7928552834656317	230.0	26	1.05	0.95				
	217	1	0.0	0.0	0.0	0.0	2	1.0180735128845722	2.7638896093148855	230.0	27	1.05	0.95				
	218	2	102.84054777189473	21.00047221768421	0.0	0.0	2	1.0178091882911007	2.5658009343169255	230.0	27	1.05	0.95				
	219	1	55.898315755894735	11.426727530210524	0.0	0.0	2	1.0151232661327	1.9022131950712324	230.0	25	1.05	0.95				
	220	1	39.53030064505263	8.029592318526316	0.0	0.0	2	1.0179181478510977	2.6166593955545236	230.0	25	1.05	0.95				
	221	2	0.0	0.0	0.0	0.0	2	1.0197452623281509	3.117144615258812	230.0	27	1.05	0.95				
	222	2	0.0	0.0	0.0	0.0	2	1.0416432934688236	9.574959415756002	230.0	27	1.05	0.95				
	223	2	0.0	0.0	0.0	0.0	2	1.0196473037815068	3.2518761604783295	230.0	25	1.05	0.95				
	224	1	0.0	0.0	0.0	0.0	2	1.0043270118617893	-1.156935156487036	230.0	26	1.05	0.95				
	301	2	44.63840557894736	9.093008543859648	0.0	0.0	3	1.0078346593530019	-13.548143554754818	138.0	31	1.05	0.95				
	302	2	40.09190130701754	8.26637140350877	0.0	0.0	3	1.0077827939225283	-13.622314606270038	138.0	32	1.05	0.95				
	303	1	74.39734263157895	15.292787096491226	0.0	0.0	3	1.0227413045408063	-8.64792677768872	138.0	31	1.05	0.95				
	304	1	30.585574192982453	6.199778552631578	0.0	0.0	3	1.0117914216613972	-11.818335013534998	138.0	31	1.05	0.95				
	305	1	29.34561848245614	5.78645998245614	0.0	0.0	3	1.0236310766924523	-13.105643936665608	138.0	31	1.05	0.95				
	306	1	56.211325543859644	11.57291996491228	0.0	-100.0	3	1.0408448444453722	-13.347626798993094	138.0	32	1.05	0.95				
	307	2	51.66482127192982	10.332964254385963	0.0	0.0	3	0.9936982578741538	-17.342348693049843	138.0	32	1.05	0.95				
	308	1	70.67747549999999	14.466149956140347	0.0	0.0	3	1.0009670880589925	-15.503123330426424	138.0	32	1.05	0.95				
	309	1	72.33074978070174	14.879468526315787	0.0	0.0	3	1.028309249259496	-8.662532480493864	138.0	33	1.05	0.95				
	310	1	80.59712118421052	16.53274280701754	0.0	0.0	3	1.05	-11.331632323543104	138.0	33	1.05	0.95				
	311	1	0.0	0.0	0.0	0.0	3	1.006993230114765	-5.947203127447678	230.0	33	1.05	0.95				
	312	1	0.0	0.0	0.0	0.0	3	1.0108824000359384	-5.59973459131788	230.0	33	1.05	0.95				
	313	2	109.52942109649122	22.31920278947368	0.0	0.0	3	1.0087809261635372	-2.832491384672061	230.0	34	1.05	0.95				
	314	2	80.18380261403507	16.119424236842104	0.0	0.0	3	1.0036344522092047	-4.490084287926952	230.0	36	1.05	0.95				
	315	2	131.02198674561402	26.452388491228067	0.0	0.0	3	1.031443504709098	-0.30235854149067826	230.0	36	1.05	0.95				
	316	2	41.331857017543854	8.26637140350877	0.0	0.0	3	1.0300122500644027	0.005141203891149771	230.0	36	1.05	0.95				
	317	1	0.0	0.0	0.0	0.0	3	1.0409253758686061	4.503881469823252	230.0	37	1.05	0.95				
	318	2	137.63508386842105	28.105662771929822	0.0	0.0	3	1.0376330500310378	2.9696023671890632	230.0	37	1.05	0.95				
	319	1	74.81066120175439	15.292787096491226	0.0	0.0	3	1.023331744914164	-1.0075375539629925	230.0	35	1.05	0.95				
	320	1	52.904776982456134	10.746282824561403	0.0	0.0	3	1.0203681946045013	-1.0820224131303475	230.0	35	1.05	0.95				
	321	2	0.0	0.0	0.0	0.0	3	1.037903221614922	2.4736473470212754	230.0	37	1.05	0.95				
	322	2	0.0	0.0	0.0	0.0	3	1.05	7.586294336158711	230.0	37	1.05	0.95				
	323	2	0.0	0.0	0.0	0.0	3	1.0192289784353674	-0.7993536582022192	230.0	35	1.05	0.95				
	324	1	0.0	0.0	0.0	0.0	3	1.0176788396688525	-3.4305044443891997	230.0	36	1.05	0.95				
	325	1	0.0	0.0	0.0	0.0	3	1.018891856419266	0.07634721916152483	230.0	35	1.05	0.95				
];
