%% MATPOWER Case Format : Version 2
function mpc = RTS_GMLC
mpc.version = '2';

%%-----  Power Flow Data  -----%%
%% system MVA base
mpc.baseMVA = 100.0;
%% bus data
%    bus_i    type    Pd    Qd    Gs    Bs    area    Vm    Va    baseKV    zone    Vmax    Vmin
mpc.bus = [
	101	2	42.93814941473684	8.746660065964912	0.0	0.0	1	1.00691039455138	-0.9231309537986653	138.0	11	1.05	0.95				
	102	2	38.56481938175438	7.951509150877194	0.0	0.0	1	1.0047140325013562	-1.5687663702590051	138.0	12	1.05	0.95				
	103	1	71.56358235789475	14.710291929122807	0.0	0.0	1	1.0247650010345537	1.8423417935251878	138.0	11	1.05	0.95				
	104	1	29.420583858245614	5.963631863157894	0.0	0.0	1	1.0097535616791997	-2.979820955444621	138.0	11	1.05	0.95				
	105	1	28.227857485614035	5.566056405614036	0.0	0.0	1	1.0232638729067778	-3.0976938543267263	138.0	11	1.05	0.95				
	106	1	54.07026222596492	11.132112811228073	0.0	-100.0	1	1.0400786615799644	-4.8530884149032945	138.0	12	1.05	0.95				
	107	2	49.69693219298246	9.939386438596491	0.0	0.0	1	0.9839673512740801	-11.182491348208494	138.0	12	1.05	0.95				
	108	1	67.98540324	13.915141014035088	0.0	0.0	1	0.9947652001077921	-9.020266156454344	138.0	12	1.05	0.95				
	109	1	69.57570507017545	14.312716471578945	0.0	0.0	1	1.024929774562071	-2.460260308030665	138.0	13	1.05	0.95				
	110	1	77.52721422105263	15.903018301754388	0.0	0.0	1	1.05	-3.973183064646368	138.0	13	1.05	0.95				
	111	1	0.0	0.0	0.0	0.0	1	1.0170753940702535	0.29219944954395294	230.0	13	1.05	0.95				
	112	1	0.0	0.0	0.0	0.0	1	1.0131026058125252	-0.8806726208728414	230.0	13	1.05	0.95				
	113	3	105.3574962491228	21.46907470736842	0.0	0.0	1	0.9950813035037914	3.7719579373724614e-30	230.0	14	1.05	0.95				
	114	2	77.12963876350877	15.505442844210526	0.0	0.0	1	1.0446822106475269	3.976090924785847	230.0	16	1.05	0.95				
	115	2	126.0314200414035	25.444829282807017	0.0	0.0	1	1.041586435375656	13.676125128093403	230.0	16	1.05	0.95				
	116	2	39.757545754385966	7.951509150877194	0.0	0.0	1	1.041760361198693	11.756722674899285	230.0	16	1.05	0.95				
	117	1	0.0	0.0	0.0	0.0	1	1.040463186506596	17.945322357358606	230.0	17	1.05	0.95				
	118	2	132.39262736210526	27.03513111298246	0.0	0.0	1	1.0494705891111	18.616801048045186	230.0	17	1.05	0.95				
	119	1	71.9611578154386	14.710291929122807	0.0	0.0	1	1.038054933142827	7.317662074157674	230.0	15	1.05	0.95				
	120	1	50.889658565614035	10.336961896140352	0.0	0.0	1	1.0417819767907077	4.220964891843032	230.0	15	1.05	0.95				
	121	2	0.0	0.0	0.0	0.0	1	1.0436848992160477	20.248107113038383	230.0	17	1.05	0.95				
	122	2	0.0	0.0	0.0	0.0	1	1.05	38.205737212216945	230.0	17	1.05	0.95				
	123	2	0.0	0.0	0.0	0.0	1	1.0449813511136472	2.823131737326513	230.0	15	1.05	0.95				
	124	1	0.0	0.0	0.0	0.0	1	1.0204653207938155	9.268110809857694	230.0	16	1.05	0.95				
	201	2	44.9985833431579	9.166378088421052	0.0	0.0	2	1.0121838835963146	-17.384146246068735	138.0	21	1.05	0.95				
	202	2	40.41539429894737	8.333070989473685	0.0	0.0	2	1.0113462648068572	-17.687730606026665	138.0	22	1.05	0.95				
	203	1	74.99763890526316	15.416181330526316	0.0	0.0	2	1.0114608242419292	-12.666996596918201	138.0	21	1.05	0.95				
	204	1	30.83236266105263	6.249803242105263	0.0	0.0	2	1.0106462968997374	-17.256116560369037	138.0	21	1.05	0.95				
	205	1	29.582402012631576	5.83314969263158	0.0	0.0	2	1.0260097298844748	-17.762566781217576	138.0	21	1.05	0.95				
	206	1	56.66488272842106	11.66629938526316	0.0	-100.0	2	1.041616804763946	-18.49708944327064	138.0	22	1.05	0.95				
	207	2	52.08169368421053	10.416338736842105	0.0	0.0	2	0.9943926386190782	-23.470496801658815	138.0	22	1.05	0.95				
	208	1	71.24775696	14.582874231578947	0.0	0.0	2	0.999950510244303	-21.589008871402914	138.0	22	1.05	0.95				
	209	1	72.91437115789475	14.999527781052633	0.0	0.0	2	1.0221803769694506	-15.17373262319576	138.0	23	1.05	0.95				
	210	1	81.24744214736842	16.66614197894737	0.0	0.0	2	1.05	-16.798856639038576	138.0	23	1.05	0.95				
	211	1	0.0	0.0	0.0	0.0	2	1.0084732687142985	-12.04250084571482	230.0	23	1.05	0.95				
	212	1	0.0	0.0	0.0	0.0	2	1.0086778702092503	-11.332649883984596	230.0	23	1.05	0.95				
	213	2	110.41319061052633	22.49929167157895	0.0	0.0	2	1.0045506221027036	-10.674040780396036	230.0	24	1.05	0.95				
	214	2	80.83078859789474	16.249488429473686	0.0	0.0	2	1.0137307953677435	-9.220784340685878	230.0	26	1.05	0.95				
	215	2	132.0791751831579	26.665827166315793	0.0	0.0	2	1.0271733004400714	-2.307777681390743	230.0	26	1.05	0.95				
	216	2	41.66535494736842	8.333070989473685	0.0	0.0	2	1.0298645852246784	-2.7022698251664874	230.0	26	1.05	0.95				
	217	1	0.0	0.0	0.0	0.0	2	1.0360416095487555	-0.8083291691984068	230.0	27	1.05	0.95				
	218	2	138.74563197473685	28.33244136421053	0.0	0.0	2	1.0343698354773985	-1.3367525981333768	230.0	27	1.05	0.95				
	219	1	75.41429245473684	15.416181330526316	0.0	0.0	2	1.0289146815509114	-3.014999126495659	230.0	25	1.05	0.95				
	220	1	53.33165433263159	10.83299228631579	0.0	0.0	2	1.0307908821678853	-2.477376249157259	230.0	25	1.05	0.95				
	221	2	0.0	0.0	0.0	0.0	2	1.034636059754479	-0.8595042978129344	230.0	27	1.05	0.95				
	222	2	0.0	0.0	0.0	0.0	2	1.05	5.658490352212055	230.0	27	1.05	0.95				
	223	2	0.0	0.0	0.0	0.0	2	1.0324370285803484	-1.8647691905199855	230.0	25	1.05	0.95				
	224	1	0.0	0.0	0.0	0.0	2	1.008532703588061	-6.167189835935779	230.0	26	1.05	0.95				
	301	2	60.81619740631579	12.388484656842104	0.0	0.0	3	1.0168006185686855	4.030637715280134	138.0	31	1.05	0.95				
	302	2	54.621955077894725	11.262258778947368	0.0	0.0	3	1.015357419316152	3.659797364652445	138.0	32	1.05	0.95				
	303	1	101.36032901052631	20.83517874105263	0.0	0.0	3	1.05	19.97071066729189	138.0	31	1.05	0.95				
	304	1	41.67035748210526	8.446694084210526	0.0	0.0	3	1.0098267362568196	5.464096972673599	138.0	31	1.05	0.95				
	305	1	39.98101866526315	7.8835811452631575	0.0	0.0	3	1.0263153802388103	2.868022614557825	138.0	31	1.05	0.95				
	306	1	76.5833596968421	15.767162290526315	0.0	-100.0	3	1.0382377982843143	1.5837711931290206	138.0	32	1.05	0.95				
	307	2	70.38911736842104	14.077823473684209	0.0	0.0	3	0.9929910639892423	-4.108155793431193	138.0	32	1.05	0.95				
	308	1	96.29231255999998	19.70895286315789	0.0	0.0	3	0.9926699223881409	-1.418251362523379	138.0	32	1.05	0.95				
	309	1	98.54476431578946	20.27206580210526	0.0	0.0	3	1.0245273575888147	9.251772466861851	138.0	33	1.05	0.95				
	310	1	109.80702309473682	22.524517557894736	0.0	0.0	3	1.05	3.5049974440578824	138.0	33	1.05	0.95				
	311	1	0.0	0.0	0.0	0.0	3	1.0156462880454247	8.80857675766099	230.0	33	1.05	0.95				
	312	1	0.0	0.0	0.0	0.0	3	1.0160923878062826	9.328375747187142	230.0	33	1.05	0.95				
	313	2	149.2249288210526	30.408098703157894	0.0	0.0	3	1.0155261372738171	11.180885054098987	230.0	34	1.05	0.95				
	314	2	109.24391015578945	21.961404618947366	0.0	0.0	3	1.0202283405139658	9.228533254130017	230.0	36	1.05	0.95				
	315	2	178.50680164631575	36.039228092631575	0.0	0.0	3	1.0428659742144624	13.533591659736226	230.0	36	1.05	0.95				
	316	2	56.311293894736835	11.262258778947368	0.0	0.0	3	1.0387396426555884	13.2143058536266	230.0	36	1.05	0.95				
	317	1	0.0	0.0	0.0	0.0	3	1.05	18.108117574362304	230.0	37	1.05	0.95				
	318	2	187.51660866947367	38.29167984842105	0.0	0.0	3	1.0443608209809383	14.781135290097113	230.0	37	1.05	0.95				
	319	1	101.92344194947367	20.83517874105263	0.0	0.0	3	1.0296983433012552	11.889651133864948	230.0	35	1.05	0.95				
	320	1	72.07845618526315	14.640936412631579	0.0	0.0	3	1.02650309900337	11.814885760184366	230.0	35	1.05	0.95				
	321	2	0.0	0.0	0.0	0.0	3	1.0449876618108451	15.034797551195421	230.0	37	1.05	0.95				
	322	2	0.0	0.0	0.0	0.0	3	1.05	20.58327373106519	230.0	37	1.05	0.95				
	323	2	0.0	0.0	0.0	0.0	3	1.0259233135807835	12.204568533533907	230.0	35	1.05	0.95				
	324	1	0.0	0.0	0.0	0.0	3	1.0435301439468727	16.347796634906974	230.0	36	1.05	0.95				
	325	1	0.0	0.0	0.0	0.0	3	1.0260982927041127	12.892241616783277	230.0	35	1.05	0.95				
];
