%% MATPOWER Case Format : Version 2
function mpc = RTS_GMLC
mpc.version = '2';

%%-----  Power Flow Data  -----%%
%% system MVA base
mpc.baseMVA = 100.0;
%% bus data
%    bus_i    type    Pd    Qd    Gs    Bs    area    Vm    Va    baseKV    zone    Vmax    Vmin
mpc.bus = [
	101	2	54.06679860631579	11.013607123508772	0.0	0.0	1	1.0347543631478728	1.025768797413379	138.0	11	1.05	0.95				
	102	2	48.559995044561404	10.012370112280703	0.0	0.0	1	1.0343219347634998	0.889500488295369	138.0	12	1.05	0.95				
	103	1	90.11133101052631	18.522884707719296	0.0	0.0	1	1.0260760025364715	-0.9517589160209007	138.0	11	1.05	0.95				
	104	1	37.04576941543859	7.509277584210526	0.0	0.0	1	1.020806015405642	-2.192225548447202	138.0	11	1.05	0.95				
	105	1	35.54391389859649	7.008659078596493	0.0	0.0	1	1.0356494870258255	-1.9993446178624783	138.0	11	1.05	0.95				
	106	1	68.08411676350877	14.017318157192985	0.0	-100.0	1	1.0437617401773966	-4.195014688494007	138.0	12	1.05	0.95				
	107	2	62.57731320175439	12.515462640350878	0.0	0.0	1	1.0110790952612982	-5.827342098377405	138.0	12	1.05	0.95				
	108	1	85.60576446	17.52164769649123	0.0	0.0	1	1.0097022523332815	-6.255224938356194	138.0	12	1.05	0.95				
	109	1	87.60823848245613	18.022266202105264	0.0	0.0	1	1.0251697017335373	-2.690998102343956	138.0	13	1.05	0.95				
	110	1	97.62060859473684	20.024740224561405	0.0	0.0	1	1.05	-3.4930499834040316	138.0	13	1.05	0.95				
	111	1	0.0	0.0	0.0	0.0	1	1.0055646994648708	-0.8187770405821168	230.0	13	1.05	0.95				
	112	1	0.0	0.0	0.0	0.0	1	1.0100843827916741	-0.06332607026093814	230.0	13	1.05	0.95				
	113	3	132.6639039877193	27.033399303157896	0.0	0.0	1	0.9998690540989458	1.1036009184678025e-30	230.0	14	1.05	0.95				
	114	2	97.11999008912281	19.524121718947367	0.0	0.0	1	1.0024881631755607	0.8562038491084596	230.0	16	1.05	0.95				
	115	2	158.69606627964913	32.039584359298246	0.0	0.0	1	1.0371984107087113	6.33849455834475	230.0	16	1.05	0.95				
	116	2	50.06185056140351	10.012370112280703	0.0	0.0	1	1.0336303134650633	6.178229886001695	230.0	16	1.05	0.95				
	117	1	0.0	0.0	0.0	0.0	1	1.0406460452822348	7.75135758237366	230.0	17	1.05	0.95				
	118	2	166.7059623694737	34.04205838175439	0.0	0.0	1	1.0424938474307286	7.654602401286745	230.0	17	1.05	0.95				
	119	1	90.61194951614036	18.522884707719296	0.0	0.0	1	1.0283856295338412	5.687491376972551	230.0	15	1.05	0.95				
	120	1	64.07916871859649	13.016081145964915	0.0	0.0	1	1.0275424422463466	6.230112737425124	230.0	15	1.05	0.95				
	121	2	0.0	0.0	0.0	0.0	1	1.0464629821543407	8.708676670600656	230.0	17	1.05	0.95				
	122	2	0.0	0.0	0.0	0.0	1	1.05	14.84058922929611	230.0	17	1.05	0.95				
	123	2	0.0	0.0	0.0	0.0	1	1.0281069415423034	6.912120554108256	230.0	15	1.05	0.95				
	124	1	0.0	0.0	0.0	0.0	1	1.0235640492443503	3.6157700689493852	230.0	16	1.05	0.95				
	201	2	50.26853455578948	10.23988666877193	0.0	0.0	2	1.0314356119668284	-4.331558236713865	138.0	21	1.05	0.95				
	202	2	45.14859122140351	9.308987880701755	0.0	0.0	2	1.031804011088229	-4.291439634531967	138.0	22	1.05	0.95				
	203	1	83.78089092631579	17.221627579298247	0.0	0.0	2	1.0220291323682245	-4.57953597995966	138.0	21	1.05	0.95				
	204	1	34.44325515859649	6.981740910526316	0.0	0.0	2	1.019861975793795	-6.601202513178336	138.0	21	1.05	0.95				
	205	1	33.04690697649122	6.516291516491229	0.0	0.0	2	1.0348198184175121	-6.6837444566962665	138.0	21	1.05	0.95				
	206	1	63.30111758877194	13.032583032982458	0.0	-100.0	2	1.0445196588809775	-8.441211949916607	138.0	22	1.05	0.95				
	207	2	58.18117425438597	11.636234850877193	0.0	0.0	2	0.9894212582183258	-15.49970238336497	138.0	22	1.05	0.95				
	208	1	79.59184637999999	16.29072879122807	0.0	0.0	2	0.9953973175802497	-13.372331319408882	138.0	22	1.05	0.95				
	209	1	81.45364395614035	16.756178185263156	0.0	0.0	2	1.0237270340220155	-6.596966207707963	138.0	23	1.05	0.95				
	210	1	90.7626318368421	18.61797576140351	0.0	0.0	2	1.05	-7.592321672042092	138.0	23	1.05	0.95				
	211	1	0.0	0.0	0.0	0.0	2	1.0064846780272896	-3.8684041831448694	230.0	23	1.05	0.95				
	212	1	0.0	0.0	0.0	0.0	2	1.0095600741600073	-3.2284544826338832	230.0	23	1.05	0.95				
	213	2	123.34408941929824	25.13426727789474	0.0	0.0	2	1.0005508799039513	-2.9026226793721834	230.0	24	1.05	0.95				
	214	2	90.29718244280701	18.15252636736842	0.0	0.0	2	1.0082379537348987	-1.3833367986900604	230.0	26	1.05	0.95				
	215	2	147.5474579091228	29.788761218245615	0.0	0.0	2	1.0307224446775491	4.787477441607922	230.0	26	1.05	0.95				
	216	2	46.54493940350877	9.308987880701755	0.0	0.0	2	1.0315429733578687	4.911399927680047	230.0	26	1.05	0.95				
	217	1	0.0	0.0	0.0	0.0	2	1.0373224140628594	7.514096943113905	230.0	27	1.05	0.95				
	218	2	154.99464821368423	31.65055879438597	0.0	0.0	2	1.0392918232308503	8.14586556519897	230.0	27	1.05	0.95				
	219	1	84.24634032035088	17.221627579298247	0.0	0.0	2	1.0302384679961956	4.241983645327139	230.0	25	1.05	0.95				
	220	1	59.57752243649123	12.101684244912281	0.0	0.0	2	1.0324105783223854	4.560286764949759	230.0	25	1.05	0.95				
	221	2	0.0	0.0	0.0	0.0	2	1.0389188506883253	7.777777507606334	230.0	27	1.05	0.95				
	222	2	0.0	0.0	0.0	0.0	2	1.05	14.1752422437221	230.0	27	1.05	0.95				
	223	2	0.0	0.0	0.0	0.0	2	1.0343846222628157	5.087094304808237	230.0	25	1.05	0.95				
	224	1	0.0	0.0	0.0	0.0	2	1.0158347748134688	1.2743607302513882	230.0	26	1.05	0.95				
	301	2	46.82505535578947	9.538437202105262	0.0	0.0	3	1.0080527222895472	-19.12455340302434	138.0	31	1.05	0.95				
	302	2	42.05583675473684	8.67130654736842	0.0	0.0	3	1.007713055411758	-19.238819806799068	138.0	32	1.05	0.95				
	303	1	78.04175892631578	16.041917112631577	0.0	0.0	3	1.0231894952129612	-13.586780632467647	138.0	31	1.05	0.95				
	304	1	32.08383422526315	6.503479910526315	0.0	0.0	3	1.0101751361530218	-17.806151067941247	138.0	31	1.05	0.95				
	305	1	30.783138243157893	6.069914583157895	0.0	0.0	3	1.0233915725568847	-18.55099350829532	138.0	31	1.05	0.95				
	306	1	58.964884522105265	12.13982916631579	0.0	-100.0	3	1.040223961699612	-18.748143600359384	138.0	32	1.05	0.95				
	307	2	54.19566592105263	10.839133184210525	0.0	0.0	3	0.9940153749192002	-23.495782854862416	138.0	32	1.05	0.95				
	308	1	74.13967097999999	15.174786457894735	0.0	0.0	3	0.9998345501781686	-21.537084788837063	138.0	32	1.05	0.95				
	309	1	75.87393228947367	15.608351785263155	0.0	0.0	3	1.025817030051884	-14.857453223228566	138.0	33	1.05	0.95				
	310	1	84.5452388368421	17.34261309473684	0.0	0.0	3	1.05	-16.58211019643985	138.0	33	1.05	0.95				
	311	1	0.0	0.0	0.0	0.0	3	1.0088488405779696	-10.696763362112133	230.0	33	1.05	0.95				
	312	1	0.0	0.0	0.0	0.0	3	1.0108102943700399	-10.386255402098131	230.0	33	1.05	0.95				
	313	2	114.89481175263157	23.412527677894737	0.0	0.0	3	1.0105890951310506	-7.338103709207689	230.0	34	1.05	0.95				
	314	2	84.11167350947368	16.90904776736842	0.0	0.0	3	1.0120492395221505	-8.528156270049763	230.0	36	1.05	0.95				
	315	2	137.44020877578947	27.748180951578945	0.0	0.0	3	1.0373161925723606	-3.2412788629887195	230.0	36	1.05	0.95				
	316	2	43.3565327368421	8.67130654736842	0.0	0.0	3	1.035465807879898	-2.88965588750853	230.0	36	1.05	0.95				
	317	1	0.0	0.0	0.0	0.0	3	1.040263011606204	-1.0434720726921385	230.0	37	1.05	0.95				
	318	2	144.3772540136842	29.482442261052633	0.0	0.0	3	1.0405057228968906	-0.7020219624892585	230.0	37	1.05	0.95				
	319	1	78.4753242536842	16.041917112631577	0.0	0.0	3	1.029878803527947	-4.1029162239791	230.0	35	1.05	0.95				
	320	1	55.49636190315789	11.272698511578946	0.0	0.0	3	1.0281411406497551	-4.323013141822134	230.0	35	1.05	0.95				
	321	2	0.0	0.0	0.0	0.0	3	1.0432248880226855	-0.10404159974592839	230.0	37	1.05	0.95				
	322	2	0.0	0.0	0.0	0.0	3	1.05	3.8502932701196664	230.0	37	1.05	0.95				
	323	2	0.0	0.0	0.0	0.0	3	1.0277277530802975	-4.110956702665286	230.0	35	1.05	0.95				
	324	1	0.0	0.0	0.0	0.0	3	1.0191589024953769	-7.102250594961148	230.0	36	1.05	0.95				
	325	1	0.0	0.0	0.0	0.0	3	1.0259501888334754	-3.0273268187541493	230.0	35	1.05	0.95				
];
