%% MATPOWER Case Format : Version 2
function mpc = RTS_GMLC
mpc.version = '2';

%%-----  Power Flow Data  -----%%
%% system MVA base
mpc.baseMVA = 100.0;
%% bus data
%    bus_i    type    Pd    Qd    Gs    Bs    area    Vm    Va    baseKV    zone    Vmax    Vmin
mpc.bus = [
	101	2	44.80851065684211	9.127659578245614	0.0	0.0	1	1.01198392299554	-4.283729021773195	138.0	11	1.05	0.95				
	102	2	40.244680867719296	8.29787234385965	0.0	0.0	1	1.0119158169638158	-4.518021022703883	138.0	12	1.05	0.95				
	103	1	74.68085109473684	15.35106383614035	0.0	0.0	1	1.0006566716298162	0.9289795507644243	138.0	11	1.05	0.95				
	104	1	30.7021276722807	6.223404257894736	0.0	0.0	1	1.002137124410216	-4.368105665863173	138.0	11	1.05	0.95				
	105	1	29.457446820701755	5.808510640701755	0.0	0.0	1	1.0162297375867908	-5.476578254769385	138.0	11	1.05	0.95				
	106	1	56.42553193824562	11.61702128140351	0.0	-100.0	1	1.0263916889822726	-6.645003600223601	138.0	12	1.05	0.95				
	107	2	51.8617021491228	10.372340429824561	0.0	0.0	1	0.9870175851192917	-10.692649750766408	138.0	12	1.05	0.95				
	108	1	70.94680853999999	14.521276601754385	0.0	0.0	1	0.9876732804768791	-9.346041111489871	138.0	12	1.05	0.95				
	109	1	72.60638300877193	14.936170218947368	0.0	0.0	1	1.001824170023751	-3.343877946100356	138.0	13	1.05	0.95				
	110	1	80.90425535263158	16.5957446877193	0.0	0.0	1	1.0304027833519633	-5.31487260876166	138.0	13	1.05	0.95				
	111	1	0.0	0.0	0.0	0.0	1	0.9824338240099433	-0.5926951334694988	230.0	13	1.05	0.95				
	112	1	0.0	0.0	0.0	0.0	1	0.9833246357125719	-1.4655520421678983	230.0	13	1.05	0.95				
	113	3	109.94680855614034	22.404255328421055	0.0	0.0	1	0.9652708375372759	9.87651012765785e-26	230.0	14	1.05	0.95				
	114	2	80.48936173543859	16.180851070526316	0.0	0.0	1	0.9923387344249541	2.7563919931969143	230.0	16	1.05	0.95				
	115	2	131.52127665017542	26.553191500350877	0.0	0.0	1	0.9905647075216396	11.994804417452492	230.0	16	1.05	0.95				
	116	2	41.489361719298245	8.29787234385965	0.0	0.0	1	0.9894142998997969	10.37522434149196	230.0	16	1.05	0.95				
	117	1	0.0	0.0	0.0	0.0	1	0.9919637731930843	16.198673411224426	230.0	17	1.05	0.95				
	118	2	138.15957452526314	28.21276596912281	0.0	0.0	1	1.0004318169232187	16.786906614052402	230.0	17	1.05	0.95				
	119	1	75.09574471192983	15.35106383614035	0.0	0.0	1	0.9894088444757478	6.600294915279635	230.0	15	1.05	0.95				
	120	1	53.106383000701754	10.787234047017543	0.0	0.0	1	0.9946965831445402	3.758665510929095	230.0	15	1.05	0.95				
	121	2	0.0	0.0	0.0	0.0	1	1.0011781841058423	18.17550978598517	230.0	17	1.05	0.95				
	122	2	0.0	0.0	0.0	0.0	1	1.0075577559334812	35.335731383194236	230.0	17	1.05	0.95				
	123	2	0.0	0.0	0.0	0.0	1	0.998783431392272	2.545130894892175	230.0	15	1.05	0.95				
	124	1	0.0	0.0	0.0	0.0	1	0.9811689866947253	7.765383661770993	230.0	16	1.05	0.95				
	201	2	44.81158509473684	9.128285852631578	0.0	0.0	2	1.0103493940681298	-12.123681392379437	138.0	21	1.05	0.95				
	202	2	40.24744216842105	8.298441684210527	0.0	0.0	2	1.0092940746664967	-12.306346501508209	138.0	22	1.05	0.95				
	203	1	74.68597515789473	15.352117115789474	0.0	0.0	2	0.9970491864744123	-9.178681009071889	138.0	21	1.05	0.95				
	204	1	30.704234231578948	6.223831263157894	0.0	0.0	2	1.00040357753519	-11.311381774831075	138.0	21	1.05	0.95				
	205	1	29.459467978947362	5.808909178947368	0.0	0.0	2	1.0165673871172696	-11.696599267316346	138.0	21	1.05	0.95				
	206	1	56.429403452631576	11.617818357894736	0.0	-100.0	2	1.0280539087997613	-11.977138796714266	138.0	22	1.05	0.95				
	207	2	51.86526052631578	10.373052105263158	0.0	0.0	2	0.971274316070397	-16.96757985846116	138.0	22	1.05	0.95				
	208	1	70.9516764	14.52227294736842	0.0	0.0	2	0.9793117898998916	-15.045239301357956	138.0	22	1.05	0.95				
	209	1	72.6113647368421	14.937195031578945	0.0	0.0	2	1.005803164467946	-8.722758653311296	138.0	23	1.05	0.95				
	210	1	80.90980642105262	16.596883368421054	0.0	0.0	2	1.033159998754194	-9.892662727735328	138.0	23	1.05	0.95				
	211	1	0.0	0.0	0.0	0.0	2	0.9874528840448134	-6.217095439400536	230.0	23	1.05	0.95				
	212	1	0.0	0.0	0.0	0.0	2	0.9885013590190177	-1.7726601478599624	230.0	23	1.05	0.95				
	213	2	109.95435231578948	22.40579254736842	0.0	0.0	2	0.9838335957513252	-3.7000660543609087	230.0	24	1.05	0.95				
	214	2	80.4948843368421	16.181961284210526	0.0	0.0	2	0.9848130118680154	-5.193778266604427	230.0	26	1.05	0.95				
	215	2	131.53030069473684	26.55501338947368	0.0	0.0	2	0.9920404946416741	-0.7229848767561065	230.0	26	1.05	0.95				
	216	2	41.49220842105263	8.298441684210527	0.0	0.0	2	0.9903611483507407	-0.9947177546007921	230.0	26	1.05	0.95				
	217	1	0.0	0.0	0.0	0.0	2	1.0007195168629015	0.06598839157735174	230.0	27	1.05	0.95				
	218	2	138.16905404210527	28.214701726315788	0.0	0.0	2	1.0015869566276203	-0.4859264695694329	230.0	27	1.05	0.95				
	219	1	75.10089724210526	15.352117115789474	0.0	0.0	2	0.9838161194082884	-0.11035595320266157	230.0	25	1.05	0.95				
	220	1	53.11002677894736	10.787974189473685	0.0	0.0	2	0.9814851810280659	1.547437192277328	230.0	25	1.05	0.95				
	221	2	0.0	0.0	0.0	0.0	2	1.0039612484943745	0.03539865461258581	230.0	27	1.05	0.95				
	222	2	0.0	0.0	0.0	0.0	2	1.02153399321729	4.984844384021655	230.0	27	1.05	0.95				
	223	2	0.0	0.0	0.0	0.0	2	0.9814704783599852	2.8122881861327156	230.0	25	1.05	0.95				
	224	1	0.0	0.0	0.0	0.0	2	0.983705801747471	-3.939860395519448	230.0	26	1.05	0.95				
	301	2	63.037013608421056	12.840873142456138	0.0	0.0	3	1.0023116616998373	27.95583503107025	138.0	31	1.05	0.95				
	302	2	56.616577037192975	11.67352103859649	0.0	0.0	3	1.002947036494035	27.586093971336368	138.0	32	1.05	0.95				
	303	1	105.06168934736841	21.596013921403507	0.0	0.0	3	1.0148864368250001	43.201631508203086	138.0	31	1.05	0.95				
	304	1	43.192027842807015	8.755140778947368	0.0	0.0	3	0.9926773511908249	29.455175056924833	138.0	31	1.05	0.95				
	305	1	41.44099968701754	8.171464727017543	0.0	0.0	3	1.0104002887049446	27.34606316428572	138.0	31	1.05	0.95				
	306	1	79.37994306245614	16.342929454035087	0.0	-100.0	3	1.0217678446976795	26.329099496164808	138.0	32	1.05	0.95				
	307	2	72.95950649122807	14.591901298245613	0.0	0.0	3	0.9664439396893778	23.113278630435516	138.0	32	1.05	0.95				
	308	1	99.80860487999999	20.42866181754386	0.0	0.0	3	0.9770063207687867	25.855460742992193	138.0	32	1.05	0.95				
	309	1	102.14330908771929	21.012337869473683	0.0	0.0	3	1.004894264081351	33.47731160815383	138.0	33	1.05	0.95				
	310	1	113.81683012631578	23.34704207719298	0.0	0.0	3	1.033544711605112	28.660484445518644	138.0	33	1.05	0.95				
	311	1	0.0	0.0	0.0	0.0	3	0.9951759268413947	33.27510260873002	230.0	33	1.05	0.95				
	312	1	0.0	0.0	0.0	0.0	3	1.0018145423561735	33.58424260377023	230.0	33	1.05	0.95				
	313	2	154.6741537614035	31.518506804210528	0.0	0.0	3	1.0046416749498808	36.45033210167883	230.0	34	1.05	0.95				
	314	2	113.23315407438595	22.763366025263156	0.0	0.0	3	0.9882604575955567	32.75979623129517	230.0	36	1.05	0.95				
	315	2	185.02530846175438	37.35526732350877	0.0	0.0	3	0.9878342920598006	30.796985024589247	230.0	36	1.05	0.95				
	316	2	58.36760519298245	11.67352103859649	0.0	0.0	3	0.9812010022629208	31.17658871016631	230.0	36	1.05	0.95				
	317	1	0.0	0.0	0.0	0.0	3	0.9932643660902148	32.78208781131162	230.0	37	1.05	0.95				
	318	2	194.36412529263157	39.68997153122807	0.0	0.0	3	0.986690998936987	28.949734680110396	230.0	37	1.05	0.95				
	319	1	105.64536539929826	21.596013921403507	0.0	0.0	3	0.9900463866052329	31.15215197184687	230.0	35	1.05	0.95				
	320	1	74.71053464701754	15.175577350175438	0.0	0.0	3	0.999469686137812	30.883765200018317	230.0	35	1.05	0.95				
	321	2	0.0	0.0	0.0	0.0	3	0.9954252218969539	30.02846533363865	230.0	37	1.05	0.95				
	322	2	0.0	0.0	0.0	0.0	3	1.0124363151030515	33.80921214979613	230.0	37	1.05	0.95				
	323	2	0.0	0.0	0.0	0.0	3	1.0046028885895155	30.608233494012413	230.0	35	1.05	0.95				
	324	1	0.0	0.0	0.0	0.0	3	0.9962729123104704	37.00406329099415	230.0	36	1.05	0.95				
