%% MATPOWER Case Format : Version 2
function mpc = RTS_GMLC
mpc.version = '2';

%%-----  Power Flow Data  -----%%
%% system MVA base
mpc.baseMVA = 100.0;
%% bus data
%    bus_i    type    Pd    Qd    Gs    Bs    area    Vm    Va    baseKV    zone    Vmax    Vmin
mpc.bus = [
	101	2	38.93023254315789	7.93023255508772	0.0	0.0	1	0.9973503937703797	-2.861496639244467	138.0	11	1.05	0.95				
	102	2	34.965116265614036	7.209302322807018	0.0	0.0	1	0.9963300469038765	-3.2629341676646106	138.0	12	1.05	0.95				
	103	1	64.88372090526315	13.337209297192981	0.0	0.0	1	1.0214303447923418	2.3725393466634874	138.0	11	1.05	0.95				
	104	1	26.674418594385962	5.406976742105263	0.0	0.0	1	1.0062811838064125	-3.5627621128132545	138.0	11	1.05	0.95				
	105	1	25.593023245964915	5.0465116259649125	0.0	0.0	1	1.019179306091361	-4.081786401476362	138.0	11	1.05	0.95				
	106	1	49.02325579508772	10.093023251929825	0.0	-100.0	1	1.0393886564196395	-5.240675410401567	138.0	12	1.05	0.95				
	107	2	45.05813951754386	9.011627903508773	0.0	0.0	1	0.9825354377465084	-11.148266894286055	138.0	12	1.05	0.95				
	108	1	61.63953486	12.61627906491228	0.0	0.0	1	0.9948746525197859	-8.873892851695054	138.0	12	1.05	0.95				
	109	1	63.081395324561406	12.976744181052629	0.0	0.0	1	1.024194233434274	-2.293206641174504	138.0	13	1.05	0.95				
	110	1	70.29069764736842	14.418604645614035	0.0	0.0	1	1.05	-4.111664563026112	138.0	13	1.05	0.95				
	111	1	0.0	0.0	0.0	0.0	1	1.016989604531226	0.6575630754668693	230.0	13	1.05	0.95				
	112	1	0.0	0.0	0.0	0.0	1	1.0132159133661551	-0.8125999748301611	230.0	13	1.05	0.95				
	113	3	95.52325577719297	19.465116271578946	0.0	0.0	1	0.9952038734831554	2.656984625424557e-29	230.0	14	1.05	0.95				
	114	2	69.93023253122807	14.058139529473685	0.0	0.0	1	1.0465541388130146	4.978631164516766	230.0	16	1.05	0.95				
	115	2	114.26744181649123	23.06976743298246	0.0	0.0	1	1.0387507362264894	15.681776084601571	230.0	16	1.05	0.95				
	116	2	36.04651161403509	7.209302322807018	0.0	0.0	1	1.0392960861005407	13.476387067748993	230.0	16	1.05	0.95				
	117	1	0.0	0.0	0.0	0.0	1	1.0380706505171655	20.145394283951426	230.0	17	1.05	0.95				
	118	2	120.03488367473685	24.51162789754386	0.0	0.0	1	1.047773286489736	21.023179394131926	230.0	17	1.05	0.95				
	119	1	65.24418602140351	13.337209297192981	0.0	0.0	1	1.0367263479293163	8.482256749242298	230.0	15	1.05	0.95				
	120	1	46.13953486596492	9.372093019649123	0.0	0.0	1	1.0423555689017683	4.84818214952727	230.0	15	1.05	0.95				
	121	2	0.0	0.0	0.0	0.0	1	1.0421425412349228	22.769320527149222	230.0	17	1.05	0.95				
	122	2	0.0	0.0	0.0	0.0	1	1.05	40.73984259146943	230.0	17	1.05	0.95				
	123	2	0.0	0.0	0.0	0.0	1	1.046841791081138	3.134615488417014	230.0	15	1.05	0.95				
	124	1	0.0	0.0	0.0	0.0	1	1.0154439614756938	10.724606772786164	230.0	16	1.05	0.95				
	201	2	42.70360460210527	8.698882418947369	0.0	0.0	2	1.0096030640588276	-18.14543664064563	138.0	21	1.05	0.95				
	202	2	38.35416339263158	7.90807492631579	0.0	0.0	2	1.0087893578820106	-18.45402429725305	138.0	22	1.05	0.95				
	203	1	71.1726743368421	14.629938613684212	0.0	0.0	2	1.0111624951449305	-13.445164150927535	138.0	21	1.05	0.95				
	204	1	29.259877227368424	5.9310561947368425	0.0	0.0	2	1.0099058795396658	-18.146299070470246	138.0	21	1.05	0.95				
	205	1	28.073665988421055	5.535652448421054	0.0	0.0	2	1.0250013043996136	-18.644861602866637	138.0	21	1.05	0.95				
	206	1	53.77490949894737	11.071304896842108	0.0	-100.0	2	1.041586482953849	-19.42877182476543	138.0	22	1.05	0.95				
	207	2	49.42546828947369	9.885093657894737	0.0	0.0	2	0.9923060974962143	-24.09998617475307	138.0	22	1.05	0.95				
	208	1	67.61404062	13.839131121052631	0.0	0.0	2	0.9995859744454808	-22.34070313729151	138.0	22	1.05	0.95				
	209	1	69.19565560526316	14.234534867368422	0.0	0.0	2	1.0220656232854965	-16.24958738931105	138.0	23	1.05	0.95				
	210	1	77.10373053157895	15.81614985263158	0.0	0.0	2	1.05	-17.866725680327008	138.0	23	1.05	0.95				
	211	1	0.0	0.0	0.0	0.0	2	1.0074787937081264	-13.406053581235309	230.0	23	1.05	0.95				
	212	1	0.0	0.0	0.0	0.0	2	1.0106422273012474	-12.80621191113718	230.0	23	1.05	0.95				
	213	2	104.78199277368421	21.351802301052636	0.0	0.0	2	1.0039200992836812	-12.204994343330295	230.0	24	1.05	0.95				
	214	2	76.70832678526315	15.420746106315791	0.0	0.0	2	1.0104578608202868	-10.715220639163444	230.0	26	1.05	0.95				
	215	2	125.34298758210527	25.305839764210532	0.0	0.0	2	1.0275068655184023	-3.6768214540954083	230.0	26	1.05	0.95				
	216	2	39.54037463157895	7.90807492631579	0.0	0.0	2	1.0303615320199666	-4.553600221575585	230.0	26	1.05	0.95				
	217	1	0.0	0.0	0.0	0.0	2	1.0364208334176612	-2.079899966446027	230.0	27	1.05	0.95				
	218	2	131.6694475231579	26.887454749473687	0.0	0.0	2	1.0351974708687124	-2.5977058761142047	230.0	27	1.05	0.95				
	219	1	71.5680780831579	14.629938613684212	0.0	0.0	2	1.032213814278782	-5.042674046381267	230.0	25	1.05	0.95				
	220	1	50.611679528421064	10.280497404210527	0.0	0.0	2	1.0362639219257084	-4.702287770136277	230.0	25	1.05	0.95				
	221	2	0.0	0.0	0.0	0.0	2	1.0352105238166065	-2.156880024927023	230.0	27	1.05	0.95				
	222	2	0.0	0.0	0.0	0.0	2	1.05	4.3717700284922465	230.0	27	1.05	0.95				
	223	2	0.0	0.0	0.0	0.0	2	1.0389328671012492	-4.218266435369259	230.0	25	1.05	0.95				
	224	1	0.0	0.0	0.0	0.0	2	1.0093280828806572	-7.312373318112867	230.0	26	1.05	0.95				
	301	2	42.89591902736842	8.738057579649123	0.0	0.0	3	1.0102482211496715	13.486994339003113	138.0	31	1.05	0.95				
	302	2	38.52689023754386	7.94368870877193	0.0	0.0	3	1.0093018924014208	13.117935876828946	138.0	32	1.05	0.95				
	303	1	71.49319837894737	14.69582411122807	0.0	0.0	3	1.05	27.659808370966555	138.0	31	1.05	0.95				
	304	1	29.39164822245614	5.957766531578947	0.0	0.0	3	1.0065558786655897	14.0228182706072	138.0	31	1.05	0.95				
	305	1	28.20009491614035	5.560582096140351	0.0	0.0	3	1.021851655791351	11.964954022206431	138.0	31	1.05	0.95				
	306	1	54.01708321964913	11.121164192280702	0.0	-100.0	3	1.0361391991387854	10.613913274113642	138.0	32	1.05	0.95				
	307	2	49.64805442982456	9.929610885964912	0.0	0.0	3	0.95	7.168817159488954	138.0	32	1.05	0.95				
	308	1	67.91853846	13.901455240350877	0.0	0.0	3	0.9719061755961919	8.84540160854613	138.0	32	1.05	0.95				
	309	1	69.5072762017544	14.298639675789474	0.0	0.0	3	1.016098324742294	16.429273922150333	138.0	33	1.05	0.95				
	310	1	77.45096491052631	15.88737741754386	0.0	0.0	3	1.0432065579429386	11.732013257903244	138.0	33	1.05	0.95				
	311	1	0.0	0.0	0.0	0.0	3	1.0058520359148226	15.319519475923675	230.0	33	1.05	0.95				
	312	1	0.0	0.0	0.0	0.0	3	1.0101095569587348	15.40197744959957	230.0	33	1.05	0.95				
	313	2	105.25387539122806	21.44795951368421	0.0	0.0	3	1.0052509457395522	15.79015292397574	230.0	34	1.05	0.95				
	314	2	77.05378047508772	15.490192982105263	0.0	0.0	3	1.00456089046218	16.22806882960529	230.0	36	1.05	0.95				
	315	2	125.90746603403508	25.41980386807018	0.0	0.0	3	1.05	20.187133029580504	230.0	36	1.05	0.95				
	316	2	39.71844354385965	7.94368870877193	0.0	0.0	3	1.0414452618244259	19.78888498657582	230.0	36	1.05	0.95				
	317	1	0.0	0.0	0.0	0.0	3	1.05	24.30245551267009	230.0	37	1.05	0.95				
	318	2	132.26241700105263	27.008541609824565	0.0	0.0	3	1.0425014227345275	20.636811831795093	230.0	37	1.05	0.95				
	319	1	71.89038281438597	14.69582411122807	0.0	0.0	3	1.0307314877534948	18.315962028913265	230.0	35	1.05	0.95				
	320	1	50.83960773614036	10.326795321403509	0.0	0.0	3	1.0242677064369792	17.78788949612652	230.0	35	1.05	0.95				
	321	2	0.0	0.0	0.0	0.0	3	1.046926903427583	21.16318519534068	230.0	37	1.05	0.95				
	322	2	0.0	0.0	0.0	0.0	3	1.05	26.739813903322332	230.0	37	1.05	0.95				
	323	2	0.0	0.0	0.0	0.0	3	1.0210734787235602	17.8055192978584	230.0	35	1.05	0.95				
	324	1	0.0	0.0	0.0	0.0	3	1.0473187520045086	23.045630659033574	230.0	36	1.05	0.95				
	325	1	0.0	0.0	0.0	0.0	3	1.0225412705164503	18.2380824025916	230.0	35	1.05	0.95				
];
