%% MATPOWER Case Format : Version 2
function mpc = RTS_GMLC
mpc.version = '2';

%%-----  Power Flow Data  -----%%
%% system MVA base
mpc.baseMVA = 100.0;
%% bus data
%    bus_i    type    Pd    Qd    Gs    Bs    area    Vm    Va    baseKV    zone    Vmax    Vmin
mpc.bus = [
	101	2	42.711034130526315	8.700395841403509	0.0	0.0	1	1.015566058970959	-3.4370028968641133	138.0	11	1.05	0.95				
	102	2	38.360836209824555	7.909450764912281	0.0	0.0	1	1.0152826273549456	-3.6667952934958166	138.0	12	1.05	0.95				
	103	1	71.18505688421052	14.632483915087718	0.0	0.0	1	1.0073039478092254	0.4277713222923229	138.0	11	1.05	0.95				
	104	1	29.264967830175436	5.93208807368421	0.0	0.0	1	1.0063071762818956	-3.861768655333508	138.0	11	1.05	0.95				
	105	1	28.07855021543859	5.536615535438597	0.0	0.0	1	1.0192776049568646	-4.943838371638026	138.0	11	1.05	0.95				
	106	1	53.784265201403514	11.073231070877194	0.0	-100.0	1	1.0292544499747995	-6.265155822062007	138.0	12	1.05	0.95				
	107	2	49.434067280701754	9.88681345614035	0.0	0.0	1	0.9871140215286357	-11.45573762791816	138.0	12	1.05	0.95				
	108	1	67.62580403999999	13.84153883859649	0.0	0.0	1	0.9890125699906063	-9.691600988836134	138.0	12	1.05	0.95				
	109	1	69.20769419298244	14.237011376842105	0.0	0.0	1	1.0048592238495413	-3.4116579827339155	138.0	13	1.05	0.95				
	110	1	77.11714495789474	15.818901529824561	0.0	0.0	1	1.0324369011277001	-5.173133331012368	138.0	13	1.05	0.95				
	111	1	0.0	0.0	0.0	0.0	1	0.9832815391984504	-0.8774365392976091	230.0	13	1.05	0.95				
	112	1	0.0	0.0	0.0	0.0	1	0.9848457167447046	-1.5722042100986586	230.0	13	1.05	0.95				
	113	3	104.8002226350877	21.355517065263157	0.0	0.0	1	0.9658748250961123	-4.8525427489268577e-29	230.0	14	1.05	0.95				
	114	2	76.72167241964911	15.423428991578946	0.0	0.0	1	0.9904372312094775	1.928444927923094	230.0	16	1.05	0.95				
	115	2	125.36479462385964	25.3102424477193	0.0	0.0	1	0.9996838448560441	9.97429094388368	230.0	16	1.05	0.95				
	116	2	39.5472538245614	7.909450764912281	0.0	0.0	1	0.99771037560113	8.51886126332212	230.0	16	1.05	0.95				
	117	1	0.0	0.0	0.0	0.0	1	1.0054948631291312	13.368431318375054	230.0	17	1.05	0.95				
	118	2	131.69235523578945	26.892132600701757	0.0	0.0	1	1.01111191221868	14.14404208595799	230.0	17	1.05	0.95				
	119	1	71.58052942245614	14.632483915087718	0.0	0.0	1	0.9949601364392374	5.31636848760156	230.0	15	1.05	0.95				
	120	1	50.6204848954386	10.282285994385965	0.0	0.0	1	0.9967106110926498	2.916938812968105	230.0	15	1.05	0.95				
	121	2	0.0	0.0	0.0	0.0	1	1.011585809204302	15.504711993178537	230.0	17	1.05	0.95				
	122	2	0.0	0.0	0.0	0.0	1	1.0292276462295586	26.839618410625295	230.0	17	1.05	0.95				
	123	2	0.0	0.0	0.0	0.0	1	0.9985315597303734	1.9222906159760038	230.0	15	1.05	0.95				
	124	1	0.0	0.0	0.0	0.0	1	0.9910528286608683	6.333201264922695	230.0	16	1.05	0.95				
	201	2	40.44262554947369	8.238312611929825	0.0	0.0	2	1.0128310487669734	-15.54957609543438	138.0	21	1.05	0.95				
	202	2	36.32346924350877	7.489375101754386	0.0	0.0	2	1.011652671840097	-15.821690088188777	138.0	22	1.05	0.95				
	203	1	67.40437591578949	13.855343938245616	0.0	0.0	2	0.9983421303029506	-11.347077958915502	138.0	21	1.05	0.95				
	204	1	27.71068787649123	5.617031326315789	0.0	0.0	2	1.0016307276913474	-15.337121189676806	138.0	21	1.05	0.95				
	205	1	26.587281611228068	5.242562571228071	0.0	0.0	2	1.018568676814803	-15.79203709656627	138.0	21	1.05	0.95				
	206	1	50.92775069192983	10.485125142456141	0.0	-100.0	2	1.0297664927378525	-16.422523058420357	138.0	22	1.05	0.95				
	207	2	46.808594385964916	9.361718877192983	0.0	0.0	2	0.9745497676513082	-20.937955141390887	138.0	22	1.05	0.95				
	208	1	64.03415712	13.106406428070175	0.0	0.0	2	0.9824860227954628	-19.226209455412313	138.0	22	1.05	0.95				
	209	1	65.53203214035088	13.480875183157895	0.0	0.0	2	1.0041386938933685	-13.333885653535374	138.0	23	1.05	0.95				
	210	1	73.02140724210527	14.978750203508772	0.0	0.0	2	1.033092634526813	-14.80019881680144	138.0	23	1.05	0.95				
	211	1	0.0	0.0	0.0	0.0	2	0.9858182574565963	-10.407904344640766	230.0	23	1.05	0.95				
	212	1	0.0	0.0	0.0	0.0	2	0.9832601682890528	-9.58567577386271	230.0	23	1.05	0.95				
	213	2	99.23422009824561	20.221312774736845	0.0	0.0	2	0.9814087590688425	-8.920204359906954	230.0	24	1.05	0.95				
	214	2	72.64693848701754	14.604281448421052	0.0	0.0	2	0.984790287810277	-7.904662386336021	230.0	26	1.05	0.95				
	215	2	118.70659536280701	23.966000325614036	0.0	0.0	2	0.9926653885081473	-1.0109282697744182	230.0	26	1.05	0.95				
	216	2	37.44687550877193	7.489375101754386	0.0	0.0	2	0.9907127245589297	-1.8876835442965811	230.0	26	1.05	0.95				
	217	1	0.0	0.0	0.0	0.0	2	1.000732624512354	-0.1485987937209976	230.0	27	1.05	0.95				
	218	2	124.69809544421054	25.463875345964915	0.0	0.0	2	1.001970963597752	-0.4975577247830736	230.0	27	1.05	0.95				
	219	1	67.7788446708772	13.855343938245616	0.0	0.0	2	0.984674057763867	-1.7834660335785812	230.0	25	1.05	0.95				
	220	1	47.93200065122807	9.736187632280703	0.0	0.0	2	0.9819556684280545	-0.8955121452688366	230.0	25	1.05	0.95				
	221	2	0.0	0.0	0.0	0.0	2	1.0041025023979882	0.11302872788052648	230.0	27	1.05	0.95				
	222	2	0.0	0.0	0.0	0.0	2	1.0225327944063074	6.511486111779336	230.0	27	1.05	0.95				
	223	2	0.0	0.0	0.0	0.0	2	0.9811444469639707	-0.087786194152135	230.0	25	1.05	0.95				
	224	1	0.0	0.0	0.0	0.0	2	0.9824754258195925	-4.944939305300612	230.0	26	1.05	0.95				
	301	2	63.805757684210526	12.997469157894736	0.0	0.0	3	1.005262594957801	32.02773999722779	138.0	31	1.05	0.95				
	302	2	57.307023105263156	11.815881052631578	0.0	0.0	3	1.0058523262511927	31.628844103326898	138.0	32	1.05	0.95				
	303	1	106.3429294736842	21.85937994736842	0.0	0.0	3	1.018050393081692	47.310287778709785	138.0	31	1.05	0.95				
	304	1	43.71875989473684	8.861910789473683	0.0	0.0	3	0.9943981249943736	33.052880740710776	138.0	31	1.05	0.95				
	305	1	41.9463777368421	8.271116736842107	0.0	0.0	3	1.013397775605704	31.60504038852173	138.0	31	1.05	0.95				
	306	1	80.34799115789474	16.542233473684213	0.0	-100.0	3	1.0248321934963451	30.678605433819857	138.0	32	1.05	0.95				
	307	2	73.84925657894736	14.769851315789474	0.0	0.0	3	0.9654594534357557	25.772100011738377	138.0	32	1.05	0.95				
	308	1	101.025783	20.67779184210526	0.0	0.0	3	0.9742932292566853	28.587838367770782	138.0	32	1.05	0.95				
	309	1	103.38895921052631	21.26858589473684	0.0	0.0	3	1.005280621955306	36.73823707694486	138.0	33	1.05	0.95				
	310	1	115.20484026315789	23.631762105263157	0.0	0.0	3	1.036804017519765	33.11897754266343	138.0	33	1.05	0.95				
	311	1	0.0	0.0	0.0	0.0	3	0.9988735266325809	37.85834736382318	230.0	33	1.05	0.95				
	312	1	0.0	0.0	0.0	0.0	3	1.0041798585985002	38.163468959386414	230.0	33	1.05	0.95				
	313	2	156.5604239473684	31.902878842105263	0.0	0.0	3	1.0097413817454852	42.31439088138874	230.0	34	1.05	0.95				
	314	2	114.61404621052631	23.040968052631577	0.0	0.0	3	0.9955363554443193	36.90887136599344	230.0	36	1.05	0.95				
	315	2	187.2817146842105	37.81081936842105	0.0	0.0	3	0.9986890297285477	32.96292132828818	230.0	36	1.05	0.95				
	316	2	59.079405263157895	11.815881052631578	0.0	0.0	3	0.9953736099170143	33.40670372854607	230.0	36	1.05	0.95				
	317	1	0.0	0.0	0.0	0.0	3	1.0017200716721153	34.108452279505464	230.0	37	1.05	0.95				
	318	2	196.73441952631578	40.17399557894737	0.0	0.0	3	0.9933869865492887	30.293569282262304	230.0	37	1.05	0.95				
	319	1	106.93372352631579	21.85937994736842	0.0	0.0	3	1.0007660802386023	33.89981152199852	230.0	35	1.05	0.95				
	320	1	75.6216387368421	15.360645368421052	0.0	0.0	3	1.0067415282198906	33.89047350111336	230.0	35	1.05	0.95				
	321	2	0.0	0.0	0.0	0.0	3	1.003753957126167	31.82632771339991	230.0	37	1.05	0.95				
	322	2	0.0	0.0	0.0	0.0	3	1.0217959437765542	36.929379491201935	230.0	37	1.05	0.95				
	323	2	0.0	0.0	0.0	0.0	3	1.0095689001009809	33.578589688583776	230.0	35	1.05	0.95				
	324	1	0.0	0.0	0.0	0.0	3	1.002985796155308	39.73618729735353	230.0	36	1.05	0.95				
	325	1	0.0	0.0	0.0	0.0	3	1.0097321417703644	32.057960235526686	230.0	35	1.05	0.95				
];
