%% MATPOWER Case Format : Version 2
function mpc = RTS_GMLC
mpc.version = '2';

%%-----  Power Flow Data  -----%%
%% system MVA base
mpc.baseMVA = 100.0;
%% bus data
%    bus_i    type    Pd    Qd    Gs    Bs    area    Vm    Va    baseKV    zone    Vmax    Vmin
mpc.bus = [
	101	2	39.11726868631579	7.968332510175438	0.0	0.0	1	1.013354437709176	-3.527253386807478	138.0	11	1.05	0.95				
	102	2	35.13310243122806	7.243938645614034	0.0	0.0	1	1.0133202804656918	-3.734256157096894	138.0	12	1.05	0.95				
	103	1	65.1954478105263	13.401286494385964	0.0	0.0	1	1.0018227411440115	0.9473574860052185	138.0	11	1.05	0.95				
	104	1	26.802572988771928	5.432953984210526	0.0	0.0	1	1.0045367352612256	-3.677733896010786	138.0	11	1.05	0.95				
	105	1	25.71598219192982	5.070757051929824	0.0	0.0	1	1.018643661568798	-4.670577100689515	138.0	11	1.05	0.95				
	106	1	49.25878279017544	10.141514103859649	0.0	-100.0	1	1.0297862238198474	-5.762410496165061	138.0	12	1.05	0.95				
	107	2	45.274616535087716	9.054923307017543	0.0	0.0	1	0.986372546036223	-10.472076561317913	138.0	12	1.05	0.95				
	108	1	61.93567541999999	12.67689262982456	0.0	0.0	1	0.9894760450733437	-8.794152267988332	138.0	12	1.05	0.95				
	109	1	63.38446314912281	13.03908956210526	0.0	0.0	1	1.0033687706378343	-2.8872180722220255	138.0	13	1.05	0.95				
	110	1	70.62840179473683	14.487877291228068	0.0	0.0	1	1.0323627762305376	-4.633861523192139	138.0	13	1.05	0.95				
	111	1	0.0	0.0	0.0	0.0	1	0.9818253708032296	-0.29776933277441336	230.0	13	1.05	0.95				
	112	1	0.0	0.0	0.0	0.0	1	0.9834779512545048	-1.2523348918811097	230.0	13	1.05	0.95				
	113	3	95.98218705438595	19.558634343157895	0.0	0.0	1	0.9628951834836814	1.012158904849492e-28	230.0	14	1.05	0.95				
	114	2	70.26620486245612	14.125680358947367	0.0	0.0	1	0.9901131209487326	3.054889191357264	230.0	16	1.05	0.95				
	115	2	114.81642753298244	23.18060366596491	0.0	0.0	1	0.9908808312262026	11.895993982758172	230.0	16	1.05	0.95				
	116	2	36.21969322807017	7.243938645614034	0.0	0.0	1	0.9892667965946073	10.29476099364538	230.0	16	1.05	0.95				
	117	1	0.0	0.0	0.0	0.0	1	0.9915331416692492	16.015157306589007	230.0	17	1.05	0.95				
	118	2	120.61157844947368	24.62939139508772	0.0	0.0	1	1.0001073124315292	16.50534276835858	230.0	17	1.05	0.95				
	119	1	65.55764474280701	13.401286494385964	0.0	0.0	1	0.9889617103433137	6.410492049769621	230.0	15	1.05	0.95				
	120	1	46.36120733192982	9.417120239298244	0.0	0.0	1	0.9939865280715705	3.6223987233759067	230.0	15	1.05	0.95				
	121	2	0.0	0.0	0.0	0.0	1	1.0005292247241369	17.80036103301304	230.0	17	1.05	0.95				
	122	2	0.0	0.0	0.0	0.0	1	1.0061593960518445	35.52035545205441	230.0	17	1.05	0.95				
	123	2	0.0	0.0	0.0	0.0	1	0.9976626051176404	2.396046556375828	230.0	15	1.05	0.95				
	124	1	0.0	0.0	0.0	0.0	1	0.9819425598454977	7.707720178228804	230.0	16	1.05	0.95				
	201	2	38.91263968421053	7.926648824561404	0.0	0.0	2	1.0127692925126615	-14.405592153356672	138.0	21	1.05	0.95				
	202	2	34.94931527192983	7.206044385964913	0.0	0.0	2	1.0116736232459198	-14.636521284649017	138.0	22	1.05	0.95				
	203	1	64.85439947368421	13.331182114035089	0.0	0.0	2	0.9983756390600047	-10.613940263575733	138.0	21	1.05	0.95				
	204	1	26.662364228070178	5.404533289473684	0.0	0.0	2	1.0022311550495226	-14.044502643811947	138.0	21	1.05	0.95				
	205	1	25.581457570175438	5.04423107017544	0.0	0.0	2	1.0189537326042981	-14.477175047451226	138.0	21	1.05	0.95				
	206	1	49.00110182456141	10.08846214035088	0.0	-100.0	2	1.0305689859341625	-14.994172353872996	138.0	22	1.05	0.95				
	207	2	45.037777412280704	9.00755548245614	0.0	0.0	2	0.9736627721267371	-19.242229955177887	138.0	22	1.05	0.95				
	208	1	61.61167950000001	12.610577675438597	0.0	0.0	2	0.9827907136922164	-17.617400742364925	138.0	22	1.05	0.95				
	209	1	63.052888377192986	12.970879894736843	0.0	0.0	2	1.004732563977788	-12.013502608838744	138.0	23	1.05	0.95				
	210	1	70.2589327631579	14.412088771929826	0.0	0.0	2	1.0335785429832958	-13.35848980003784	138.0	23	1.05	0.95				
	211	1	0.0	0.0	0.0	0.0	2	0.9852485930607346	-9.383547623878036	230.0	23	1.05	0.95				
	212	1	0.0	0.0	0.0	0.0	2	0.9836997812073578	-7.802065138061795	230.0	23	1.05	0.95				
	213	2	95.48008811403508	19.456319842105266	0.0	0.0	2	0.9801060546487296	-7.734713304608176	230.0	24	1.05	0.95				
	214	2	69.89863054385965	14.05178655263158	0.0	0.0	2	0.982531536442254	-7.36656950231355	230.0	26	1.05	0.95				
	215	2	114.21580351754386	23.05934203508772	0.0	0.0	2	0.9909821690412342	-1.60568332968146	230.0	26	1.05	0.95				
	216	2	36.03022192982456	7.206044385964913	0.0	0.0	2	0.9889137842458338	-2.1385660611840294	230.0	26	1.05	0.95				
	217	1	0.0	0.0	0.0	0.0	2	0.9998310021261909	-0.5867768694758042	230.0	27	1.05	0.95				
	218	2	119.9806390263158	24.500550912280705	0.0	0.0	2	1.0013439348564859	-1.0481121441418815	230.0	27	1.05	0.95				
	219	1	65.21470169298246	13.331182114035089	0.0	0.0	2	0.9817460386799178	-1.7242427025888927	230.0	25	1.05	0.95				
	220	1	46.11868407017544	9.367857701754387	0.0	0.0	2	0.977964790034929	-0.5881344607063503	230.0	25	1.05	0.95				
	221	2	0.0	0.0	0.0	0.0	2	1.0034047563440613	-0.5724334859561919	230.0	27	1.05	0.95				
	222	2	0.0	0.0	0.0	0.0	2	1.0213242769587962	4.8878885867188675	230.0	27	1.05	0.95				
	223	2	0.0	0.0	0.0	0.0	2	0.9766122789749971	0.34918825842328394	230.0	25	1.05	0.95				
	224	1	0.0	0.0	0.0	0.0	2	0.9829623387790639	-5.041320710959809	230.0	26	1.05	0.95				
	301	2	42.40050616421053	8.637140144561405	0.0	0.0	3	1.010822205191273	28.1584101318505	138.0	31	1.05	0.95				
	302	2	38.08193609192983	7.8519455859649145	0.0	0.0	3	1.0114657772841906	27.79098254869681	138.0	32	1.05	0.95				
	303	1	70.66751027368421	14.52609933403509	0.0	0.0	3	1.0192953881285283	42.53188057012564	138.0	31	1.05	0.95				
	304	1	29.05219866807018	5.888959189473685	0.0	0.0	3	1.0009126994308581	28.8497681007952	138.0	31	1.05	0.95				
	305	1	27.87440683017544	5.49636191017544	0.0	0.0	3	1.0193025240587084	26.802901421847242	138.0	31	1.05	0.95				
	306	1	53.393229984561415	10.99272382035088	0.0	-100.0	3	1.0322220749777442	25.540773663703085	138.0	32	1.05	0.95				
	307	2	49.07465991228071	9.814931982456141	0.0	0.0	3	0.9667921866489922	21.891651655203066	138.0	32	1.05	0.95				
	308	1	67.13413476000001	13.740904775438597	0.0	0.0	3	0.977850831709545	23.66830156000687	138.0	32	1.05	0.95				
	309	1	68.704523877193	14.133502054736843	0.0	0.0	3	1.0041355158836314	31.40338717539345	138.0	33	1.05	0.95				
	310	1	76.55646946315791	15.703891171929829	0.0	0.0	3	1.037249616281277	26.724627779817197	138.0	33	1.05	0.95				
	311	1	0.0	0.0	0.0	0.0	3	0.990305835614678	29.63255068985898	230.0	33	1.05	0.95				
	312	1	0.0	0.0	0.0	0.0	3	0.9989938785413265	29.2164675236416	230.0	33	1.05	0.95				
	313	2	104.03827901403511	21.200253082105267	0.0	0.0	3	0.9937568935125196	29.39722267379973	230.0	34	1.05	0.95				
	314	2	76.16387218385967	15.31129389263158	0.0	0.0	3	0.9772982957376146	30.546335434628034	230.0	36	1.05	0.95				
	315	2	124.45333753754389	25.12622587508772	0.0	0.0	3	0.9834787426716733	30.98378103709531	230.0	36	1.05	0.95				
	316	2	39.259727929824564	7.8519455859649145	0.0	0.0	3	0.971655893394618	30.788709755264694	230.0	36	1.05	0.95				
	317	1	0.0	0.0	0.0	0.0	3	0.987814485753375	33.38597060845843	230.0	37	1.05	0.95				
	318	2	130.7348940063158	26.696614992280708	0.0	0.0	3	0.9826464251501779	29.571706343907803	230.0	37	1.05	0.95				
	319	1	71.06010755298246	14.52609933403509	0.0	0.0	3	0.981331066669928	29.584322366442514	230.0	35	1.05	0.95				
	320	1	50.25245175017544	10.207529261754388	0.0	0.0	3	0.9903380699212159	28.167369558821644	230.0	35	1.05	0.95				
	321	2	0.0	0.0	0.0	0.0	3	0.9917443816856327	30.55394041142213	230.0	37	1.05	0.95				
	322	2	0.0	0.0	0.0	0.0	3	1.0093124086673588	34.78202625832671	230.0	37	1.05	0.95				
	323	2	0.0	0.0	0.0	0.0	3	0.9954193935464465	27.52963001665578	230.0	35	1.05	0.95				
	324	1	0.0	0.0	0.0	0.0	3	0.9950445929903926	36.41422325203886	230.0	36	1.05	0.95				
	325	1	0.0	0.0	0.0	0.0	3	0.997182693336745	26.708930718301094	230.0	35	1.05	0.95				
