%% MATPOWER Case Format : Version 2
function mpc = RTS_GMLC
mpc.version = '2';

%%-----  Power Flow Data  -----%%
%% system MVA base
mpc.baseMVA = 100.0;
%% bus data
%    bus_i    type    Pd    Qd    Gs    Bs    area    Vm    Va    baseKV    zone    Vmax    Vmin
mpc.bus = [
	101	2	55.095497280000004	11.223156853333332	0.0	0.0	1	1.0334300836830577	3.324724977579275	138.0	11	1.05	0.95				
	102	2	49.48391885333333	10.202869866666667	0.0	0.0	1	1.0334492522586658	3.2804558788819014	138.0	12	1.05	0.95				
	103	1	91.8258288	18.875309253333334	0.0	0.0	1	1.0268468674336246	1.019529806010018	138.0	11	1.05	0.95				
	104	1	37.75061850666667	7.652152399999999	0.0	0.0	1	1.0201928056784837	-0.3311110104191664	138.0	11	1.05	0.95				
	105	1	36.22018802666666	7.142008906666667	0.0	0.0	1	1.0345097580709541	-0.13957689147248764	138.0	11	1.05	0.95				
	106	1	69.37951509333334	14.284017813333334	0.0	-100.0	1	1.0429056038511875	-2.5573532235052068	138.0	12	1.05	0.95				
	107	2	63.76793666666667	12.753587333333332	0.0	0.0	1	1.0323594188726322	-2.27833498846747	138.0	12	1.05	0.95				
	108	1	87.23453735999999	17.855022266666666	0.0	0.0	1	1.022224528307042	-3.6026735447303286	138.0	12	1.05	0.95				
	109	1	89.27511133333333	18.36516576	0.0	0.0	1	1.025656972835575	-1.2247343570923088	138.0	13	1.05	0.95				
	110	1	99.47798119999999	20.405739733333334	0.0	0.0	1	1.05	-2.04520765887026	138.0	13	1.05	0.95				
	111	1	0.0	0.0	0.0	0.0	1	1.0049597241901012	0.20240248987565423	230.0	13	1.05	0.95				
	112	1	0.0	0.0	0.0	0.0	1	1.0107756371469312	0.6130032776474535	230.0	13	1.05	0.95				
	113	3	135.18802573333332	27.547748640000002	0.0	0.0	1	0.9981321935444379	-2.916707629446497e-30	230.0	14	1.05	0.95				
	114	2	98.96783770666666	19.89559624	0.0	0.0	1	1.0011113771857763	2.3356959029277835	230.0	16	1.05	0.95				
	115	2	161.71548738666667	32.64918357333333	0.0	0.0	1	1.0405888135138854	8.781254648409488	230.0	16	1.05	0.95				
	116	2	51.01434933333333	10.202869866666667	0.0	0.0	1	1.0368107524585295	8.30709819957686	230.0	16	1.05	0.95				
	117	1	0.0	0.0	0.0	0.0	1	1.0434746344718893	10.627844102909544	230.0	17	1.05	0.95				
	118	2	169.87778328000002	34.68975754666667	0.0	0.0	1	1.04669330030683	10.63224722284063	230.0	17	1.05	0.95				
	119	1	92.33597229333334	18.875309253333334	0.0	0.0	1	1.0305171817713696	6.992828168173057	230.0	15	1.05	0.95				
	120	1	65.29836714666666	13.263730826666666	0.0	0.0	1	1.029087778634054	6.8284150982718455	230.0	15	1.05	0.95				
	121	2	0.0	0.0	0.0	0.0	1	1.05	11.311467891423463	230.0	17	1.05	0.95				
	122	2	0.0	0.0	0.0	0.0	1	1.05	19.987779419871224	230.0	17	1.05	0.95				
	123	2	0.0	0.0	0.0	0.0	1	1.0292079184073553	7.127122214140216	230.0	15	1.05	0.95				
	124	1	0.0	0.0	0.0	0.0	1	1.0254583624461246	5.889283934538155	230.0	16	1.05	0.95				
	201	2	63.98740750736843	13.034471899649125	0.0	0.0	2	1.031981717062994	-10.766631740456637	138.0	21	1.05	0.95				
	202	2	57.47017155754386	11.849519908771931	0.0	0.0	2	1.0321478676991291	-10.865533479615204	138.0	22	1.05	0.95				
	203	1	106.64567917894739	21.92161183122807	0.0	0.0	2	1.0225315148611211	-7.991279712668032	138.0	21	1.05	0.95				
	204	1	43.84322366245614	8.887139931578949	0.0	0.0	2	1.0173627171328536	-13.138689371005833	138.0	21	1.05	0.95				
	205	1	42.06579567614035	8.294663936140353	0.0	0.0	2	1.0332181714190014	-13.486854231693384	138.0	21	1.05	0.95				
	206	1	80.57673537964914	16.589327872280705	0.0	-100.0	2	1.0408157309626416	-15.576874860903859	138.0	22	1.05	0.95				
	207	2	74.05949942982457	14.811899885964912	0.0	0.0	2	0.9870393513161796	-24.503985169458527	138.0	22	1.05	0.95				
	208	1	101.31339522	20.736659840350878	0.0	0.0	2	0.9880967501256103	-21.66386377505623	138.0	22	1.05	0.95				
	209	1	103.68329920175438	21.329135835789472	0.0	0.0	2	1.0234154214949034	-12.590784706139141	138.0	23	1.05	0.95				
	210	1	115.53281911052633	23.699039817543863	0.0	0.0	2	1.05	-14.371033656604393	138.0	23	1.05	0.95				
	211	1	0.0	0.0	0.0	0.0	2	1.0154458861487223	-9.47048075381272	230.0	23	1.05	0.95				
	212	1	0.0	0.0	0.0	0.0	2	1.015524054250113	-8.760482714372914	230.0	23	1.05	0.95				
	213	2	157.00613879122807	31.993703753684215	0.0	0.0	2	1.0151170363944948	-8.442936027350456	230.0	24	1.05	0.95				
	214	2	114.94034311508771	23.106563822105265	0.0	0.0	2	1.0242861800243734	-6.360559422152294	230.0	26	1.05	0.95				
	215	2	187.8148905540351	37.91846370807018	0.0	0.0	2	1.0363645902809975	1.9772088625041209	230.0	26	1.05	0.95				
	216	2	59.24759954385965	11.849519908771931	0.0	0.0	2	1.0399744090676848	1.6419829217766608	230.0	26	1.05	0.95				
	217	1	0.0	0.0	0.0	0.0	2	1.042109912190186	5.0000727117419315	230.0	27	1.05	0.95				
	218	2	197.29450648105265	40.28836768982457	0.0	0.0	2	1.0440806090377264	5.52964401440521	230.0	27	1.05	0.95				
	219	1	107.23815517438598	21.92161183122807	0.0	0.0	2	1.03993354158005	0.5714394977818206	230.0	25	1.05	0.95				
	220	1	75.83692741614036	15.40437588140351	0.0	0.0	2	1.0447100106646123	0.7630123762776045	230.0	25	1.05	0.95				
	221	2	0.0	0.0	0.0	0.0	2	1.0440386776229538	5.366945023197532	230.0	27	1.05	0.95				
	222	2	0.0	0.0	0.0	0.0	2	1.05	11.728981266417826	230.0	27	1.05	0.95				
	223	2	0.0	0.0	0.0	0.0	2	1.0486400101284712	1.301297631827609	230.0	25	1.05	0.95				
	224	1	0.0	0.0	0.0	0.0	2	1.01878398400067	-1.743340467599913	230.0	26	1.05	0.95				
	301	2	59.77412211789475	12.176210061052632	0.0	0.0	3	1.0089646974573507	-25.75748180496018	138.0	31	1.05	0.95				
	302	2	53.68601708736842	11.069281873684211	0.0	0.0	3	1.0081526853283476	-25.949851821938665	138.0	32	1.05	0.95				
	303	1	99.62353686315791	20.478171466315793	0.0	0.0	3	1.0308419754379392	-16.96877316323359	138.0	31	1.05	0.95				
	304	1	40.956342932631586	8.301961405263159	0.0	0.0	3	1.0083962269205082	-24.176234516533302	138.0	31	1.05	0.95				
	305	1	39.29595065157895	7.748497311578949	0.0	0.0	3	1.0221249191488708	-25.311042340859537	138.0	31	1.05	0.95				
	306	1	75.27111674105265	15.496994623157898	0.0	-100.0	3	1.0368024828591225	-25.686475858135942	138.0	32	1.05	0.95				
	307	2	69.18301171052632	13.836602342105264	0.0	0.0	3	0.991656874310226	-31.800131925072005	138.0	32	1.05	0.95				
	308	1	94.64236002	19.371243278947368	0.0	0.0	3	0.9936000075478463	-29.259969311867575	138.0	32	1.05	0.95				
	309	1	96.85621639473685	19.92470737263158	0.0	0.0	3	1.0274116001536826	-20.470058655825987	138.0	33	1.05	0.95				
	310	1	107.92549826842107	22.138563747368423	0.0	0.0	3	1.05	-23.08673232513037	138.0	33	1.05	0.95				
	311	1	0.0	0.0	0.0	0.0	3	1.0170835896356423	-16.028201407524627	230.0	33	1.05	0.95				
	312	1	0.0	0.0	0.0	0.0	3	1.0170602351963776	-15.566234956325742	230.0	33	1.05	0.95				
	313	2	146.6679848263158	29.887061058947374	0.0	0.0	3	1.0226510709953454	-12.557408394093992	230.0	34	1.05	0.95				
	314	2	107.37203417473684	21.58509965368421	0.0	0.0	3	1.0275434495627138	-13.343793244683843	230.0	36	1.05	0.95				
	315	2	175.44811769789476	35.421701995789476	0.0	0.0	3	1.0477176235626844	-6.543057184488544	230.0	36	1.05	0.95				
	316	2	55.34640936842106	11.069281873684211	0.0	0.0	3	1.0478932730505082	-6.2490180050205915	230.0	36	1.05	0.95				
	317	1	0.0	0.0	0.0	0.0	3	1.0499999818177255	-3.4025484702254856	230.0	37	1.05	0.95				
	318	2	184.30354319684213	37.635558370526326	0.0	0.0	3	1.0488477870341184	-3.450439453706553	230.0	37	1.05	0.95				
	319	1	100.17700095684212	20.478171466315793	0.0	0.0	3	1.0439670755921908	-7.63476987335017	230.0	35	1.05	0.95				
	320	1	70.84340399157895	14.390066435789475	0.0	0.0	3	1.045021476554383	-7.802324653718295	230.0	35	1.05	0.95				
	321	2	0.0	0.0	0.0	0.0	3	1.05	-2.8345559750449145	230.0	37	1.05	0.95				
	322	2	0.0	0.0	0.0	0.0	3	1.05	2.519647203093581	230.0	37	1.05	0.95				
	323	2	0.0	0.0	0.0	0.0	3	1.0466504521928446	-7.486750673650649	230.0	35	1.05	0.95				
	324	1	0.0	0.0	0.0	0.0	3	1.028304793581699	-10.424137526236997	230.0	36	1.05	0.95				
	325	1	0.0	0.0	0.0	0.0	3	1.0402691982198704	-5.951066796145527	230.0	35	1.05	0.95				
];
