%% MATPOWER Case Format : Version 2
function mpc = RTS_GMLC
mpc.version = '2';

%%-----  Power Flow Data  -----%%
%% system MVA base
mpc.baseMVA = 100.0;
%% bus data
%    bus_i    type    Pd    Qd    Gs    Bs    area    Vm    Va    baseKV    zone    Vmax    Vmin
mpc.bus = [
	101	2	37.113310242947364	7.560118753192982	0.0	0.0	1	1.0108368280518096	0.6099848725633704	138.0	11	1.05	0.95				
	102	2	33.33325086635087	6.872835230175438	0.0	0.0	1	1.008746007003513	0.004699511067366722	138.0	12	1.05	0.95				
	103	1	61.855517071578944	12.71474517582456	0.0	0.0	1	1.0280908310253694	3.2364053389393423	138.0	11	1.05	0.95				
	104	1	25.42949035164912	5.154626422631579	0.0	0.0	1	1.012405529911808	-1.4331288241951134	138.0	11	1.05	0.95				
	105	1	24.398565067122803	4.8109846611228075	0.0	0.0	1	1.0259979534247716	-1.5480924301271928	138.0	11	1.05	0.95				
	106	1	46.73527956519298	9.621969322245615	0.0	-100.0	1	1.0425705021965344	-3.247081590158214	138.0	12	1.05	0.95				
	107	2	42.955220188596485	8.591044037719298	0.0	0.0	1	0.9834414504756728	-9.092680074399981	138.0	12	1.05	0.95				
	108	1	58.762741217999995	12.027461652807016	0.0	0.0	1	0.9963987885332032	-7.079763544066223	138.0	12	1.05	0.95				
	109	1	60.137308264035084	12.371103414315789	0.0	0.0	1	1.024491156980957	-1.1607972601555505	138.0	13	1.05	0.95				
	110	1	67.01014349421051	13.745670460350876	0.0	0.0	1	1.05	-2.5886876012571967	138.0	13	1.05	0.95				
	111	1	0.0	0.0	0.0	0.0	1	1.012848440581854	1.0781926698703017	230.0	13	1.05	0.95				
	112	1	0.0	0.0	0.0	0.0	1	1.009854475354054	-0.1603504858646186	230.0	13	1.05	0.95				
	113	3	91.06506679982456	18.556655121473682	0.0	0.0	1	0.9871970203483333	1.2414502078604361e-28	230.0	14	1.05	0.95				
	114	2	66.66650173270175	13.402028698842106	0.0	0.0	1	1.0383820184923314	4.916263841145554	230.0	16	1.05	0.95				
	115	2	108.93443839828069	21.993072736561402	0.0	0.0	1	1.0425292637296786	14.387114249457372	230.0	16	1.05	0.95				
	116	2	34.36417615087719	6.872835230175438	0.0	0.0	1	1.0414106079506429	12.52394318266696	230.0	16	1.05	0.95				
	117	1	0.0	0.0	0.0	0.0	1	1.0409095921861982	18.51099804788193	230.0	17	1.05	0.95				
	118	2	114.43270658242103	23.36763978259649	0.0	0.0	1	1.0499124145316208	19.106031781784843	230.0	17	1.05	0.95				
	119	1	62.19915883308772	12.71474517582456	0.0	0.0	1	1.0364688647526805	8.175762801275145	230.0	15	1.05	0.95				
	120	1	43.986145473122804	8.93468579922807	0.0	0.0	1	1.038417736807897	5.048745181254914	230.0	15	1.05	0.95				
	121	2	0.0	0.0	0.0	0.0	1	1.0433534520204095	20.55122746087445	230.0	17	1.05	0.95				
	122	2	0.0	0.0	0.0	0.0	1	1.05	38.511659668302805	230.0	17	1.05	0.95				
	123	2	0.0	0.0	0.0	0.0	1	1.0404372298113755	3.593110617464238	230.0	15	1.05	0.95				
	124	1	0.0	0.0	0.0	0.0	1	1.023178422047902	10.225090501618059	230.0	16	1.05	0.95				
	201	2	41.93861168842105	8.543050529122807	0.0	0.0	2	1.0135704759487354	-15.417080886222754	138.0	21	1.05	0.95				
	202	2	37.667086423859644	7.766409571929825	0.0	0.0	2	1.012752041313571	-15.715940909191426	138.0	22	1.05	0.95				
	203	1	69.89768614736842	14.367857708070176	0.0	0.0	2	1.0109521760954825	-10.950631867942265	138.0	21	1.05	0.95				
	204	1	28.73571541614035	5.824807178947368	0.0	0.0	2	1.0115874658634505	-15.387797906818127	138.0	21	1.05	0.95				
	205	1	27.570753980350876	5.436486700350877	0.0	0.0	2	1.027129859356763	-15.862298657254236	138.0	21	1.05	0.95				
	206	1	52.811585089122815	10.872973400701754	0.0	-100.0	2	1.0427671196426826	-16.609674288881344	138.0	22	1.05	0.95				
	207	2	48.540059824561396	9.70801196491228	0.0	0.0	2	0.9961825258580652	-21.219343874948525	138.0	22	1.05	0.95				
	208	1	66.40280184	13.59121675087719	0.0	0.0	2	1.002007985167464	-19.483036473242336	138.0	22	1.05	0.95				
	209	1	67.95608375438597	13.979537229473681	0.0	0.0	2	1.0215954360999282	-13.50390615686286	138.0	23	1.05	0.95				
	210	1	75.72249332631579	15.53281914385965	0.0	0.0	2	1.05	-15.056483956960674	138.0	23	1.05	0.95				
	211	1	0.0	0.0	0.0	0.0	2	1.0062716502021591	-10.63385070516597	230.0	23	1.05	0.95				
	212	1	0.0	0.0	0.0	0.0	2	1.0066979221836871	-10.05747165516231	230.0	23	1.05	0.95				
	213	2	102.90492682807017	20.969305844210524	0.0	0.0	2	1.0005282945932312	-9.446901700398382	230.0	24	1.05	0.95				
	214	2	75.33417284771929	15.144498665263159	0.0	0.0	2	1.010162957920194	-7.927575660036275	230.0	26	1.05	0.95				
	215	2	123.09759171508772	24.852510630175438	0.0	0.0	2	1.022640371253087	-1.3428179464146253	230.0	26	1.05	0.95				
	216	2	38.83204785964912	7.766409571929825	0.0	0.0	2	1.025357872676341	-1.7324447206794567	230.0	26	1.05	0.95				
	217	1	0.0	0.0	0.0	0.0	2	1.032469267228222	0.17564327727893841	230.0	27	1.05	0.95				
	218	2	129.31071937263155	26.405792544561407	0.0	0.0	2	1.0309802604270937	-0.3096408957822166	230.0	27	1.05	0.95				
	219	1	70.28600662596492	14.367857708070176	0.0	0.0	2	1.0234877555560338	-2.2186989140334	230.0	25	1.05	0.95				
	220	1	49.705021260350875	10.096332443508773	0.0	0.0	2	1.024277273385513	-1.87811113987944	230.0	25	1.05	0.95				
	221	2	0.0	0.0	0.0	0.0	2	1.0313060559523317	0.14779601513999452	230.0	27	1.05	0.95				
	222	2	0.0	0.0	0.0	0.0	2	1.05	6.653079799342285	230.0	27	1.05	0.95				
	223	2	0.0	0.0	0.0	0.0	2	1.0251554501895748	-1.3899525504488828	230.0	25	1.05	0.95				
	224	1	0.0	0.0	0.0	0.0	2	1.0064468754170388	-4.935262052722334	230.0	26	1.05	0.95				
	301	2	42.520088576842106	8.66149952491228	0.0	0.0	3	1.011891617616202	-2.5019692041384456	138.0	31	1.05	0.95				
	302	2	38.18933881438596	7.874090477192983	0.0	0.0	3	1.011654488491638	-2.6707139413649585	138.0	32	1.05	0.95				
	303	1	70.86681429473684	14.567067382807016	0.0	0.0	3	1.0356606775377175	4.3650763844088765	138.0	31	1.05	0.95				
	304	1	29.134134765614032	5.905567857894736	0.0	0.0	3	1.013085674069219	-1.562368718094205	138.0	31	1.05	0.95				
	305	1	27.95302119403508	5.5118633340350875	0.0	0.0	3	1.0261042502351425	-2.409674182545236	138.0	31	1.05	0.95				
	306	1	53.54381524491229	11.023726668070175	0.0	-100.0	3	1.0423724342325846	-2.8439100546694696	138.0	32	1.05	0.95				
	307	2	49.21306548245614	9.842613096491228	0.0	0.0	3	0.9909038407232567	-6.994663041152135	138.0	32	1.05	0.95				
	308	1	67.32347358	13.779658335087719	0.0	0.0	3	0.9996826639198417	-5.263698553805995	138.0	32	1.05	0.95				
	309	1	68.8982916754386	14.173362858947366	0.0	0.0	3	1.0259664866672977	0.9630175946008086	138.0	33	1.05	0.95				
	310	1	76.77238215263156	15.748180954385965	0.0	0.0	3	1.05	-1.0483325751953505	138.0	33	1.05	0.95				
	311	1	0.0	0.0	0.0	0.0	3	1.0052772226728799	3.834494600237402	230.0	33	1.05	0.95				
	312	1	0.0	0.0	0.0	0.0	3	1.0090265460825774	4.3139177010384095	230.0	33	1.05	0.95				
	313	2	104.33169882280701	21.260044288421053	0.0	0.0	3	1.0067896001942291	7.075769482088265	230.0	34	1.05	0.95				
	314	2	76.37867762877192	15.354476430526315	0.0	0.0	3	1.000941880350678	5.010751945708698	230.0	36	1.05	0.95				
	315	2	124.80433406350878	25.197089527017543	0.0	0.0	3	1.0330485456037095	8.489995294315776	230.0	36	1.05	0.95				
	316	2	39.37045238596491	7.874090477192983	0.0	0.0	3	1.031186894275022	8.964068780525883	230.0	36	1.05	0.95				
	317	1	0.0	0.0	0.0	0.0	3	1.0442661194768925	12.502979814157003	230.0	37	1.05	0.95				
	318	2	131.10360644526315	26.771907622456144	0.0	0.0	3	1.04118008250502	10.085577822206394	230.0	37	1.05	0.95				
	319	1	71.26051881859648	14.567067382807016	0.0	0.0	3	1.0225492173201052	8.358584133345888	230.0	35	1.05	0.95				
	320	1	50.394179054035085	10.236317620350876	0.0	0.0	3	1.0175463007852912	8.603383044392919	230.0	35	1.05	0.95				
	321	2	0.0	0.0	0.0	0.0	3	1.0401592298362912	10.185335453157567	230.0	37	1.05	0.95				
	322	2	0.0	0.0	0.0	0.0	3	1.05	15.419937980767466	230.0	37	1.05	0.95				
	323	2	0.0	0.0	0.0	0.0	3	1.0152594085261424	9.050956010537485	230.0	35	1.05	0.95				
	324	1	0.0	0.0	0.0	0.0	3	1.0274261470801644	6.928088790651794	230.0	36	1.05	0.95				
	325	1	0.0	0.0	0.0	0.0	3	1.0148849442011523	10.0396496489035	230.0	35	1.05	0.95				
];
