%% MATPOWER Case Format : Version 2
function mpc = RTS_GMLC
mpc.version = '2';

%%-----  Power Flow Data  -----%%
%% system MVA base
mpc.baseMVA = 100.0;
%% bus data
%    bus_i    type    Pd    Qd    Gs    Bs    area    Vm    Va    baseKV    zone    Vmax    Vmin
mpc.bus = [
	101	2	35.38990598778947	7.209054923438596	0.0	0.0	1	1.0059890381397678	-0.9633460160298908	138.0	11	1.05	0.95				
	102	2	31.785378526070176	6.553686294035087	0.0	0.0	1	1.0044851260595178	-1.4471627516173295	138.0	12	1.05	0.95				
	103	1	58.98317664631578	12.124319643964911	0.0	0.0	1	1.026507676347966	2.962696167750497	138.0	11	1.05	0.95				
	104	1	24.248639287929823	4.915264720526316	0.0	0.0	1	1.010629171304717	-2.3177983973593532	138.0	11	1.05	0.95				
	105	1	23.265586343824555	4.5875804058245615	0.0	0.0	1	1.0239305590404175	-2.640811854471991	138.0	11	1.05	0.95				
	106	1	44.5650667994386	9.175160811649123	0.0	-100.0	1	1.0421617737228404	-4.040035422949017	138.0	12	1.05	0.95				
	107	2	40.96053933771929	8.192107867543859	0.0	0.0	1	0.9805158301524318	-10.833196815356546	138.0	12	1.05	0.95				
	108	1	56.034017813999995	11.468951014561402	0.0	0.0	1	0.9943934388315504	-8.255488165133942	138.0	12	1.05	0.95				
	109	1	57.344755072807004	11.796635329263157	0.0	0.0	1	1.0241061523056851	-1.6470325466878248	138.0	13	1.05	0.95				
	110	1	63.89844136684209	13.107372588070174	0.0	0.0	1	1.05	-3.2429028823388824	138.0	13	1.05	0.95				
	111	1	0.0	0.0	0.0	0.0	1	1.012235202734742	0.9128043130491561	230.0	13	1.05	0.95				
	112	1	0.0	0.0	0.0	0.0	1	1.010993716709533	-0.5547799435785737	230.0	13	1.05	0.95				
	113	3	86.8363433959649	17.694952993894734	0.0	0.0	1	0.9888439841049503	-9.298825681757466e-29	230.0	14	1.05	0.95				
	114	2	63.57075705214035	12.77968827336842	0.0	0.0	1	1.0367716414593116	5.0179587881277214	230.0	16	1.05	0.95				
	115	2	103.87592776045614	20.97179614091228	0.0	0.0	1	1.0414033754391172	14.959709169772541	230.0	16	1.05	0.95				
	116	2	32.768431470175436	6.553686294035087	0.0	0.0	1	1.0402639590393326	12.895252948448976	230.0	16	1.05	0.95				
	117	1	0.0	0.0	0.0	0.0	1	1.0400243343900573	19.211852456941237	230.0	17	1.05	0.95				
	118	2	109.1188767956842	22.2825333997193	0.0	0.0	1	1.049703471253319	19.948561089023244	230.0	17	1.05	0.95				
	119	1	59.31086096101754	12.124319643964911	0.0	0.0	1	1.0367337822712925	8.068921632858675	230.0	15	1.05	0.95				
	120	1	41.94359228182456	8.519792182245615	0.0	0.0	1	1.0408264872941162	4.509108942548181	230.0	15	1.05	0.95				
	121	2	0.0	0.0	0.0	0.0	1	1.0435662178598093	21.48948583144963	230.0	17	1.05	0.95				
	122	2	0.0	0.0	0.0	0.0	1	1.05	39.448121274004606	230.0	17	1.05	0.95				
	123	2	0.0	0.0	0.0	0.0	1	1.044273813622146	2.8091026939512056	230.0	15	1.05	0.95				
	124	1	0.0	0.0	0.0	0.0	1	1.02078348706451	10.482514117751728	230.0	16	1.05	0.95				
	201	2	42.49960647157896	8.657327244210528	0.0	0.0	2	1.011811014158312	-19.540164254961333	138.0	21	1.05	0.95				
	202	2	38.17094284947369	7.870297494736844	0.0	0.0	2	1.010989343197847	-19.86077981606438	138.0	22	1.05	0.95				
	203	1	70.83267745263159	14.56005036526316	0.0	0.0	2	1.0099171909448583	-14.363963803432606	138.0	21	1.05	0.95				
	204	1	29.12010073052632	5.902723121052632	0.0	0.0	2	1.0104492548156037	-19.57846312043009	138.0	21	1.05	0.95				
	205	1	27.939556106315795	5.509208246315791	0.0	0.0	2	1.0261629401476182	-20.116052413308665	138.0	21	1.05	0.95				
	206	1	53.51802296421053	11.018416492631582	0.0	-100.0	2	1.0421707316727296	-20.942139129857317	138.0	22	1.05	0.95				
	207	2	49.18935934210527	9.837871868421054	0.0	0.0	2	0.9942795867740274	-25.598728472364247	138.0	22	1.05	0.95				
	208	1	67.29104358000001	13.773020615789475	0.0	0.0	2	1.0005951619845088	-23.83928384817032	138.0	22	1.05	0.95				
	209	1	68.86510307894737	14.166535490526316	0.0	0.0	2	1.0211586934184245	-17.708636473480766	138.0	23	1.05	0.95				
	210	1	76.73540057368422	15.740594989473689	0.0	0.0	2	1.05	-19.422528854714788	138.0	23	1.05	0.95				
	211	1	0.0	0.0	0.0	0.0	2	1.0073722066150352	-14.965891824855968	230.0	23	1.05	0.95				
	212	1	0.0	0.0	0.0	0.0	2	1.0085926606921367	-14.556204154371912	230.0	23	1.05	0.95				
	213	2	104.28144180526317	21.24980323578948	0.0	0.0	2	1.0019607824783652	-13.98335113493973	230.0	24	1.05	0.95				
	214	2	76.34188569894738	15.347080114736844	0.0	0.0	2	1.0122026827204376	-12.14216229711561	230.0	26	1.05	0.95				
	215	2	124.74421529157895	25.184951983157898	0.0	0.0	2	1.0261986990718375	-4.672870233730696	230.0	26	1.05	0.95				
	216	2	39.351487473684216	7.870297494736844	0.0	0.0	2	1.028891409033737	-5.7706512586589325	230.0	26	1.05	0.95				
	217	1	0.0	0.0	0.0	0.0	2	1.0350998467295336	-3.0674506540331636	230.0	27	1.05	0.95				
	218	2	131.04045328736845	26.759011482105265	0.0	0.0	2	1.0343815421158575	-3.5878678196997273	230.0	27	1.05	0.95				
	219	1	71.22619232736844	14.56005036526316	0.0	0.0	2	1.0275948629227087	-6.661118353097584	230.0	25	1.05	0.95				
	220	1	50.369903966315796	10.231386743157897	0.0	0.0	2	1.0290078208549402	-6.667545425818195	230.0	25	1.05	0.95				
	221	2	0.0	0.0	0.0	0.0	2	1.0343511283801339	-3.148215836631985	230.0	27	1.05	0.95				
	222	2	0.0	0.0	0.0	0.0	2	1.05	3.380839235622853	230.0	27	1.05	0.95				
	223	2	0.0	0.0	0.0	0.0	2	1.03016709836351	-6.369304866073942	230.0	25	1.05	0.95				
	224	1	0.0	0.0	0.0	0.0	2	1.0081486142519696	-8.279624053695896	230.0	26	1.05	0.95				
	301	2	46.38089213052632	9.447959508070177	0.0	0.0	3	1.0140743018953766	5.9720654236530795	138.0	31	1.05	0.95				
	302	2	41.65691237649123	8.589054098245615	0.0	0.0	3	1.0132215199222416	5.63482620164374	138.0	32	1.05	0.95				
	303	1	77.30148688421053	15.889750081754386	0.0	0.0	3	1.05	19.57188774931752	138.0	31	1.05	0.95				
	304	1	31.77950016350877	6.44179057368421	0.0	0.0	3	1.0119749812132375	6.846495297054642	138.0	31	1.05	0.95				
	305	1	30.49114204877193	6.01233786877193	0.0	0.0	3	1.0267679580517048	4.649845367187358	138.0	31	1.05	0.95				
	306	1	58.405567868070186	12.02467573754386	0.0	-100.0	3	1.0415286362716123	3.393538361228317	138.0	32	1.05	0.95				
	307	2	53.681588114035094	10.736317622807018	0.0	0.0	3	0.9914807169463477	-0.5760435675131911	138.0	32	1.05	0.95				
	308	1	73.43641253999999	15.030844671929824	0.0	0.0	3	0.997804116227819	1.3646633759632838	138.0	32	1.05	0.95				
	309	1	75.15422335964912	15.460297376842105	0.0	0.0	3	1.024161357076071	9.607405896751258	138.0	33	1.05	0.95				
	310	1	83.74327745789473	17.17810819649123	0.0	0.0	3	1.05	4.708139934596104	138.0	33	1.05	0.95				
	311	1	0.0	0.0	0.0	0.0	3	1.0098804611182894	8.700786427496428	230.0	33	1.05	0.95				
	312	1	0.0	0.0	0.0	0.0	3	1.0124106264639077	8.945196965057711	230.0	33	1.05	0.95				
	313	2	113.80496680175438	23.19044606526316	0.0	0.0	3	1.0062458773956169	9.357268517019724	230.0	34	1.05	0.95				
	314	2	83.31382475298246	16.748655491578948	0.0	0.0	3	1.0088288276056467	9.775991908327173	230.0	36	1.05	0.95				
	315	2	136.13650745719298	27.48497311438597	0.0	0.0	3	1.0402117639779895	14.143828732798601	230.0	36	1.05	0.95				
	316	2	42.94527049122807	8.589054098245615	0.0	0.0	3	1.035156190828126	13.83965525505576	230.0	36	1.05	0.95				
	317	1	0.0	0.0	0.0	0.0	3	1.05	18.517482824751962	230.0	37	1.05	0.95				
	318	2	143.00775073578947	29.202783934035093	0.0	0.0	3	1.0461029416640881	15.020344451978104	230.0	37	1.05	0.95				
	319	1	77.73093958912281	15.889750081754386	0.0	0.0	3	1.025632399766378	12.565410784700688	230.0	35	1.05	0.95				
	320	1	54.96994622877194	11.165770327719299	0.0	0.0	3	1.0204864019739195	12.284665823632006	230.0	35	1.05	0.95				
	321	2	0.0	0.0	0.0	0.0	3	1.0450952899799502	15.405363085987183	230.0	37	1.05	0.95				
	322	2	0.0	0.0	0.0	0.0	3	1.05	20.969224998633013	230.0	37	1.05	0.95				
	323	2	0.0	0.0	0.0	0.0	3	1.0181966026106655	12.465993443287422	230.0	35	1.05	0.95				
	324	1	0.0	0.0	0.0	0.0	3	1.041296735230156	16.221621345860868	230.0	36	1.05	0.95				
	325	1	0.0	0.0	0.0	0.0	3	1.0186339858127669	13.24458702652178	230.0	35	1.05	0.95				
];
