%% MATPOWER Case Format : Version 2
function mpc = RTS_GMLC
mpc.version = '2';

%%-----  Power Flow Data  -----%%
%% system MVA base
mpc.baseMVA = 100.0;
%% bus data
%    bus_i    type    Pd    Qd    Gs    Bs    area    Vm    Va    baseKV    zone    Vmax    Vmin
mpc.bus = [
	101	2	57.86095990736841	11.786491832982456	0.0	0.0	1	1.0171462559712008	-1.9341939010397753	138.0	11	1.05	0.95				
	102	2	51.967713990877186	10.714992575438597	0.0	0.0	1	1.0148117081983101	-2.467227159407155	138.0	12	1.05	0.95				
	103	1	96.43493317894736	19.822736264561403	0.0	0.0	1	1.0183295021312464	1.0402624021668359	138.0	11	1.05	0.95				
	104	1	39.645472529122806	8.036244431578947	0.0	0.0	1	1.0108623817695013	-4.3086569418648395	138.0	11	1.05	0.95				
	105	1	38.03822364280701	7.500494802807017	0.0	0.0	1	1.0264666978769403	-4.486241109760102	138.0	11	1.05	0.95				
	106	1	72.86194951298246	15.000989605614034	0.0	-100.0	1	1.0384094998372178	-6.532946194106716	138.0	12	1.05	0.95				
	107	2	66.96870359649122	13.393740719298245	0.0	0.0	1	0.9934798111201492	-12.470786654714939	138.0	12	1.05	0.95				
	108	1	91.61318651999999	18.75123700701754	0.0	0.0	1	0.99585961695369	-10.749183852526636	138.0	12	1.05	0.95				
	109	1	93.75618503508771	19.28698663578947	0.0	0.0	1	1.0237412314076946	-3.5931024539218415	138.0	13	1.05	0.95				
	110	1	104.47117761052631	21.429985150877194	0.0	0.0	1	1.05	-5.3298011389715265	138.0	13	1.05	0.95				
	111	1	0.0	0.0	0.0	0.0	1	1.0192769027282744	-0.19010072390067798	230.0	13	1.05	0.95				
	112	1	0.0	0.0	0.0	0.0	1	1.0150105518713493	-1.2652396570965179	230.0	13	1.05	0.95				
	113	3	141.9736516245614	28.930479953684205	0.0	0.0	1	1.0069488699380633	-7.576749290094173e-30	230.0	14	1.05	0.95				
	114	2	103.93542798175437	20.894235522105262	0.0	0.0	1	1.043866374360947	3.812541756415395	230.0	16	1.05	0.95				
	115	2	169.83263232070175	34.287976241403506	0.0	0.0	1	1.0366730209482413	15.190861944351013	230.0	16	1.05	0.95				
	116	2	53.57496287719298	10.714992575438597	0.0	0.0	1	1.0357946508690312	12.96311246460785	230.0	16	1.05	0.95				
	117	1	0.0	0.0	0.0	0.0	1	1.037771885176446	19.933490144958064	230.0	17	1.05	0.95				
	118	2	178.40462638105262	36.43097475649123	0.0	0.0	1	1.05	20.894783068630794	230.0	17	1.05	0.95				
	119	1	96.97068280771929	19.822736264561403	0.0	0.0	1	1.030558383221231	8.111793191394483	230.0	15	1.05	0.95				
	120	1	68.57595248280701	13.929490348070175	0.0	0.0	1	1.0352221740779854	4.92715067960811	230.0	15	1.05	0.95				
	121	2	0.0	0.0	0.0	0.0	1	1.0493147454015377	23.092277960850495	230.0	17	1.05	0.95				
	122	2	0.0	0.0	0.0	0.0	1	1.05	40.99967299804431	230.0	17	1.05	0.95				
	123	2	0.0	0.0	0.0	0.0	1	1.039603553230328	3.5885693721266385	230.0	15	1.05	0.95				
	124	1	0.0	0.0	0.0	0.0	1	1.0117894067096485	9.9246132568025	230.0	16	1.05	0.95				
	201	2	49.67354004631579	10.118684083508771	0.0	0.0	2	1.0129499831109743	-14.588930807597109	138.0	21	1.05	0.95				
	202	2	44.61419800456141	9.198803712280702	0.0	0.0	2	1.0120578624299499	-14.859319201668349	138.0	22	1.05	0.95				
	203	1	82.78923341052632	17.0177868677193	0.0	0.0	2	1.0144128550691645	-10.757768189963597	138.0	21	1.05	0.95				
	204	1	34.0355737354386	6.899102784210526	0.0	0.0	2	1.010956860243106	-14.143790059835691	138.0	21	1.05	0.95				
	205	1	32.65575317859649	6.439162598596491	0.0	0.0	2	1.025708160709046	-14.589463333916463	138.0	21	1.05	0.95				
	206	1	62.55186524350877	12.878325197192982	0.0	-100.0	2	1.0405529345931135	-15.147844725218858	138.0	22	1.05	0.95				
	207	2	57.49252320175439	11.498504640350877	0.0	0.0	2	0.994500866282032	-20.718201397443444	138.0	22	1.05	0.95				
	208	1	78.64977173999999	16.097906496491227	0.0	0.0	2	0.9986134363042815	-18.606907379075587	138.0	22	1.05	0.95				
	209	1	80.48953248245614	16.55784668210526	0.0	0.0	2	1.0240072532499156	-11.660627698276365	138.0	23	1.05	0.95				
	210	1	89.68833619473683	18.397607424561404	0.0	0.0	2	1.05	-13.111280396664487	138.0	23	1.05	0.95				
	211	1	0.0	0.0	0.0	0.0	2	1.0109856386042475	-7.939187019716696	230.0	23	1.05	0.95				
	212	1	0.0	0.0	0.0	0.0	2	1.0090680506026342	-6.362423341673363	230.0	23	1.05	0.95				
	213	2	121.8841491877193	24.836770023157897	0.0	0.0	2	1.0106642716518721	-5.575490066831966	230.0	24	1.05	0.95				
	214	2	89.22839600912282	17.93766723894737	0.0	0.0	2	1.0164724566119403	-5.507617747460339	230.0	26	1.05	0.95				
	215	2	145.80103883964912	29.436171879298247	0.0	0.0	2	1.0302108304193778	0.31310188369878783	230.0	26	1.05	0.95				
	216	2	45.99401856140351	9.198803712280702	0.0	0.0	2	1.0320459508294402	0.7372246805234282	230.0	26	1.05	0.95				
	217	1	0.0	0.0	0.0	0.0	2	1.0367783319383832	1.8162754769478098	230.0	27	1.05	0.95				
	218	2	153.1600818094737	31.275932621754386	0.0	0.0	2	1.0349137250685698	1.2133065886902563	230.0	27	1.05	0.95				
	219	1	83.24917359614035	17.0177868677193	0.0	0.0	2	1.0323158296679962	2.2052142303778814	230.0	25	1.05	0.95				
	220	1	58.87234375859649	11.958444825964913	0.0	0.0	2	1.0365483050986062	4.359895010483949	230.0	25	1.05	0.95				
	221	2	0.0	0.0	0.0	0.0	2	1.0359005594177877	1.7159186199002927	230.0	27	1.05	0.95				
	222	2	0.0	0.0	0.0	0.0	2	1.05	8.254324565658358	230.0	27	1.05	0.95				
	223	2	0.0	0.0	0.0	0.0	2	1.0405370680476698	5.881002319909662	230.0	25	1.05	0.95				
	224	1	0.0	0.0	0.0	0.0	2	1.0106189153290255	-3.8127969681672735	230.0	26	1.05	0.95				
	301	2	46.7567225431579	9.52451755508772	0.0	0.0	3	1.014229255376406	24.813160202729453	138.0	31	1.05	0.95				
	302	2	41.994463765614036	8.658652322807018	0.0	0.0	3	1.012781119388621	24.452451016291004	138.0	32	1.05	0.95				
	303	1	77.92787090526316	16.018506797192984	0.0	0.0	3	1.05	40.07024971109798	138.0	31	1.05	0.95				
	304	1	32.03701359438597	6.493989242105264	0.0	0.0	3	1.0087351283167032	25.869873235769756	138.0	31	1.05	0.95				
	305	1	30.738215745964915	6.0610566259649135	0.0	0.0	3	1.02455267675781	23.113735096038155	138.0	31	1.05	0.95				
	306	1	58.878835795087724	12.122113251929827	0.0	-100.0	3	1.037798643836533	21.641929435838232	138.0	32	1.05	0.95				
	307	2	54.11657701754387	10.823315403508772	0.0	0.0	3	0.95	18.202098330786114	138.0	32	1.05	0.95				
	308	1	74.03147736	15.152641564912281	0.0	0.0	3	0.97135211219664	20.070746849728295	138.0	32	1.05	0.95				
	309	1	75.7632078245614	15.58557418105263	0.0	0.0	3	1.0190506334038654	28.83139721268552	138.0	33	1.05	0.95				
	310	1	84.42186014736842	17.317304645614037	0.0	0.0	3	1.0456374879512231	22.807375781228117	138.0	33	1.05	0.95				
	311	1	0.0	0.0	0.0	0.0	3	1.009712675827399	26.606715019474954	230.0	33	1.05	0.95				
	312	1	0.0	0.0	0.0	0.0	3	1.014872940191689	26.503377122422396	230.0	33	1.05	0.95				
	313	2	114.72714327719298	23.37836127157895	0.0	0.0	3	1.0115707373418326	27.441872684944947	230.0	34	1.05	0.95				
	314	2	83.98892753122807	16.884372029473685	0.0	0.0	3	1.0071388088064674	26.74318595297392	230.0	36	1.05	0.95				
	315	2	137.23963931649124	27.707687432982457	0.0	0.0	3	1.05	30.032548708753517	230.0	36	1.05	0.95				
	316	2	43.29326161403509	8.658652322807018	0.0	0.0	3	1.042906258769881	29.466551259787185	230.0	36	1.05	0.95				
	317	1	0.0	0.0	0.0	0.0	3	1.05	34.0306267676003	230.0	37	1.05	0.95				
	318	2	144.16656117473684	29.439417897543862	0.0	0.0	3	1.0417034170289892	30.368597868795973	230.0	37	1.05	0.95				
	319	1	78.36080352140351	16.018506797192984	0.0	0.0	3	1.032731177569923	27.46042441364508	230.0	35	1.05	0.95				
	320	1	55.415374865964914	11.256248019649123	0.0	0.0	3	1.0275290381890296	26.528991966070414	230.0	35	1.05	0.95				
	321	2	0.0	0.0	0.0	0.0	3	1.0499999995208864	30.90850554448603	230.0	37	1.05	0.95				
	322	2	0.0	0.0	0.0	0.0	3	1.05	36.48190115801059	230.0	37	1.05	0.95				
	323	2	0.0	0.0	0.0	0.0	3	1.0251967647414855	26.34745696441906	230.0	35	1.05	0.95				
	324	1	0.0	0.0	0.0	0.0	3	1.0468455566337191	33.867899015531314	230.0	36	1.05	0.95				
	325	1	0.0	0.0	0.0	0.0	3	1.0285140534672779	26.08033644240043	230.0	35	1.05	0.95				
];
