%% MATPOWER Case Format : Version 2
function mpc = RTS_GMLC
mpc.version = '2';

%%-----  Power Flow Data  -----%%
%% system MVA base
mpc.baseMVA = 100.0;
%% bus data
%    bus_i    type    Pd    Qd    Gs    Bs    area    Vm    Va    baseKV    zone    Vmax    Vmin
mpc.bus = [
	101	2	41.36170213894737	8.425531917192982	0.0	0.0	1	1.0000796758145452	-2.15230451413552	138.0	11	1.05	0.95				
	102	2	37.14893618035088	7.65957447017544	0.0	0.0	1	0.9986257911666575	-2.6537442690088833	138.0	12	1.05	0.95				
	103	1	68.93617023157896	14.17021276982456	0.0	0.0	1	1.022151170008463	2.4253311037354055	138.0	11	1.05	0.95				
	104	1	28.34042553964912	5.7446808526315785	0.0	0.0	1	1.0069996564144565	-3.3587447181669368	138.0	11	1.05	0.95				
	105	1	27.191489369122806	5.361702129122808	0.0	0.0	1	1.0201789402129349	-3.753585471232754	138.0	11	1.05	0.95				
	106	1	52.08510639719298	10.723404258245615	0.0	-100.0	1	1.0392075952364335	-5.155333841050866	138.0	12	1.05	0.95				
	107	2	47.872340438596495	9.574468087719298	0.0	0.0	1	0.983103079501385	-11.438103247533501	138.0	12	1.05	0.95				
	108	1	65.48936171999999	13.404255322807016	0.0	0.0	1	0.9944029659065053	-9.113538150744306	138.0	12	1.05	0.95				
	109	1	67.02127661403509	13.787234046315788	0.0	0.0	1	1.0243730361212242	-2.323283005406129	138.0	13	1.05	0.95				
	110	1	74.68085108421052	15.31914894035088	0.0	0.0	1	1.05	-4.092072394428139	138.0	13	1.05	0.95				
	111	1	0.0	0.0	0.0	0.0	1	1.0180744961708865	0.633454525353436	230.0	13	1.05	0.95				
	112	1	0.0	0.0	0.0	0.0	1	1.0136016493728153	-0.8105380389089926	230.0	13	1.05	0.95				
	113	3	101.48936172982457	20.680851069473686	0.0	0.0	1	0.9945754131235073	1.7179090775727967e-30	230.0	14	1.05	0.95				
	114	2	74.29787236070176	14.936170216842108	0.0	0.0	1	1.05	4.896932143874719	230.0	16	1.05	0.95				
	115	2	121.4042553522807	24.510638304561404	0.0	0.0	1	1.040718635715525	15.698379101977123	230.0	16	1.05	0.95				
	116	2	38.29787235087719	7.65957447017544	0.0	0.0	1	1.0413821954251894	13.463479827297299	230.0	16	1.05	0.95				
	117	1	0.0	0.0	0.0	0.0	1	1.039989900194608	20.18320122886793	230.0	17	1.05	0.95				
	118	2	127.53191492842106	26.04255319859649	0.0	0.0	1	1.05	21.084853777922252	230.0	17	1.05	0.95				
	119	1	69.31914895508771	14.17021276982456	0.0	0.0	1	1.039057705026934	8.443486548079028	230.0	15	1.05	0.95				
	120	1	49.02127660912281	9.95744681122807	0.0	0.0	1	1.0451729844027586	4.8287825895410155	230.0	15	1.05	0.95				
	121	2	0.0	0.0	0.0	0.0	1	1.0450117560637266	22.897889063865787	230.0	17	1.05	0.95				
	122	2	0.0	0.0	0.0	0.0	1	1.05	40.84412831270585	230.0	17	1.05	0.95				
	123	2	0.0	0.0	0.0	0.0	1	1.05	3.14174372240912	230.0	15	1.05	0.95				
	124	1	0.0	0.0	0.0	0.0	1	1.016968845502615	10.760227373209247	230.0	16	1.05	0.95				
	201	2	42.97560207157895	8.754289310877192	0.0	0.0	2	1.0135785740608017	-18.368136883507738	138.0	21	1.05	0.95				
	202	2	38.59845741614035	7.958444828070175	0.0	0.0	2	1.0124961122375804	-18.67293479361263	138.0	22	1.05	0.95				
	203	1	71.62600345263156	14.723122931929822	0.0	0.0	2	1.0070550152105244	-13.485383570365096	138.0	21	1.05	0.95				
	204	1	29.446245863859644	5.968833621052631	0.0	0.0	2	1.0052294641726078	-18.237270876777874	138.0	21	1.05	0.95				
	205	1	28.252479139649118	5.570911379649123	0.0	0.0	2	1.0214752500331579	-18.757347526823086	138.0	21	1.05	0.95				
	206	1	54.11742483087719	11.141822759298247	0.0	-100.0	2	1.0337550545406167	-19.490034316190915	138.0	22	1.05	0.95				
	207	2	49.74028017543859	9.948056035087719	0.0	0.0	2	0.9932604464462012	-24.391347314931846	138.0	22	1.05	0.95				
	208	1	68.04470328	13.927278449122804	0.0	0.0	2	0.995062575339418	-22.530375019096574	138.0	22	1.05	0.95				
	209	1	69.63639224561403	14.325200690526312	0.0	0.0	2	1.010786833110497	-16.195873856792357	138.0	23	1.05	0.95				
	210	1	77.5948370736842	15.91688965614035	0.0	0.0	2	1.038842113685461	-17.84809794089932	138.0	23	1.05	0.95				
	211	1	0.0	0.0	0.0	0.0	2	0.996593420494701	-13.255061766876302	230.0	23	1.05	0.95				
	212	1	0.0	0.0	0.0	0.0	2	0.9857674394524939	-12.563769507655623	230.0	23	1.05	0.95				
	213	2	105.44939397192981	21.487801035789474	0.0	0.0	2	0.9813894099474773	-11.933605827737201	230.0	24	1.05	0.95				
	214	2	77.1969148322807	15.518967414736842	0.0	0.0	2	1.0101631356375576	-10.565679288579153	230.0	26	1.05	0.95				
	215	2	126.14135052491227	25.46702344982456	0.0	0.0	2	1.0229521438766804	-3.4430175286627933	230.0	26	1.05	0.95				
	216	2	39.792224140350875	7.958444828070175	0.0	0.0	2	1.0197341084951181	-4.214621650174257	230.0	26	1.05	0.95				
	217	1	0.0	0.0	0.0	0.0	2	1.032260482274202	-1.8287347534062737	230.0	27	1.05	0.95				
	218	2	132.5081063873684	27.058712415438595	0.0	0.0	2	1.0324648029170767	-2.367198971306327	230.0	27	1.05	0.95				
	219	1	72.02392569403509	14.723122931929822	0.0	0.0	2	1.0011252974928564	-4.356071323445189	230.0	25	1.05	0.95				
	220	1	50.93404689964912	10.345978276491227	0.0	0.0	2	0.9876299681609481	-3.658968625686676	230.0	25	1.05	0.95				
	221	2	0.0	0.0	0.0	0.0	2	1.0323356077299033	-1.9224924154653498	230.0	27	1.05	0.95				
	222	2	0.0	0.0	0.0	0.0	2	1.05	4.609231856780843	230.0	27	1.05	0.95				
	223	2	0.0	0.0	0.0	0.0	2	0.9809169874311496	-2.9289397883178765	230.0	25	1.05	0.95				
	224	1	0.0	0.0	0.0	0.0	2	1.0046730433325108	-7.182704943725903	230.0	26	1.05	0.95				
	301	2	44.22840874105264	9.009490669473685	0.0	0.0	3	1.0127389004608098	15.928661971917782	138.0	31	1.05	0.95				
	302	2	39.723663406315794	8.190446063157896	0.0	0.0	3	1.0113922059302072	15.5681542963557	138.0	32	1.05	0.95				
	303	1	73.71401456842106	15.152325216842108	0.0	0.0	3	1.05	30.811470858055095	138.0	31	1.05	0.95				
	304	1	30.304650433684216	6.142834547368421	0.0	0.0	3	1.0072486085987606	16.831260497714865	138.0	31	1.05	0.95				
	305	1	29.076083524210528	5.733312244210528	0.0	0.0	3	1.0227945042337039	14.225103461276488	138.0	31	1.05	0.95				
	306	1	55.69503322947369	11.466624488421056	0.0	-100.0	3	1.0360543780234177	12.767235880592915	138.0	32	1.05	0.95				
	307	2	51.190287894736855	10.23805757894737	0.0	0.0	3	0.95	9.52708545341897	138.0	32	1.05	0.95				
	308	1	70.02831384000001	14.333280610526316	0.0	0.0	3	0.9712314540456111	11.278327892762793	138.0	32	1.05	0.95				
	309	1	71.6664030526316	14.74280291368421	0.0	0.0	3	1.0164408874540125	19.57984530549133	138.0	33	1.05	0.95				
	310	1	79.85684911578949	16.380892126315793	0.0	0.0	3	1.0429801658241888	13.84415794056704	138.0	33	1.05	0.95				
	311	1	0.0	0.0	0.0	0.0	3	1.0056837948288058	17.3515725086696	230.0	33	1.05	0.95				
	312	1	0.0	0.0	0.0	0.0	3	1.0102663876442861	17.34549561207129	230.0	33	1.05	0.95				
	313	2	108.52341033684212	22.11420437052632	0.0	0.0	3	1.0041252477902154	17.187075409356495	230.0	34	1.05	0.95				
	314	2	79.44732681263159	15.971369823157897	0.0	0.0	3	1.0041647795002495	18.224251806737517	230.0	36	1.05	0.95				
	315	2	129.81857010105264	26.209427402105266	0.0	0.0	3	1.05	22.31693438880748	230.0	36	1.05	0.95				
	316	2	40.95223031578948	8.190446063157896	0.0	0.0	3	1.0411991270757177	21.813642316773226	230.0	36	1.05	0.95				
	317	1	0.0	0.0	0.0	0.0	3	1.0470193192165376	26.50292728255298	230.0	37	1.05	0.95				
	318	2	136.37092695157898	27.847516614736843	0.0	0.0	3	1.0375870315998315	22.82585718572859	230.0	37	1.05	0.95				
	319	1	74.12353687157895	15.152325216842108	0.0	0.0	3	1.0304964594391148	20.090937001169568	230.0	35	1.05	0.95				
	320	1	52.41885480421053	10.647579882105266	0.0	0.0	3	1.0243559984931432	19.36650056286727	230.0	35	1.05	0.95				
	321	2	0.0	0.0	0.0	0.0	3	1.0490660606181847	23.29970022197872	230.0	37	1.05	0.95				
	322	2	0.0	0.0	0.0	0.0	3	1.05	28.898051080075643	230.0	37	1.05	0.95				
	323	2	0.0	0.0	0.0	0.0	3	1.021397675281771	19.28418351296668	230.0	35	1.05	0.95				
	324	1	0.0	0.0	0.0	0.0	3	1.047189542986939	25.564624883621537	230.0	36	1.05	0.95				
	325	1	0.0	0.0	0.0	0.0	3	1.0234505725946204	19.60451735823465	230.0	35	1.05	0.95				
];
