%% MATPOWER Case Format : Version 2
function mpc = RTS_GMLC
mpc.version = '2';

%%-----  Power Flow Data  -----%%
%% system MVA base
mpc.baseMVA = 100.0;
%% bus data
%    bus_i    type    Pd    Qd    Gs    Bs    area    Vm    Va    baseKV    zone    Vmax    Vmin
mpc.bus = [
	101	2	45.930727364210526	9.356259277894736	0.0	0.0	1	1.0322759165469364	3.022796948127856	138.0	11	1.05	0.95				
	102	2	41.25259772526315	8.50569025263158	0.0	0.0	1	1.0318800007699716	2.9017804092184885	138.0	12	1.05	0.95				
	103	1	76.5512122736842	15.735526967368418	0.0	0.0	1	1.028059070507788	0.12236667893310212	138.0	11	1.05	0.95				
	104	1	31.471053934736837	6.379267689473683	0.0	0.0	1	1.0210927624195012	-0.4850189521769877	138.0	11	1.05	0.95				
	105	1	30.195200396842097	5.953983176842105	0.0	0.0	1	1.0352106924607976	-0.1881381995862713	138.0	11	1.05	0.95				
	106	1	57.83869371789474	11.90796635368421	0.0	-100.0	1	1.0451175524149874	-2.4198562539673123	138.0	12	1.05	0.95				
	107	2	53.16056407894736	10.632112815789473	0.0	0.0	1	1.0149118077493728	-4.31193480794243	138.0	12	1.05	0.95				
	108	1	72.72365165999999	14.884957942105261	0.0	0.0	1	1.014274949565442	-4.597376337632611	138.0	12	1.05	0.95				
	109	1	74.42478971052631	15.310242454736839	0.0	0.0	1	1.0254434863639135	-1.5297538577521606	138.0	13	1.05	0.95				
	110	1	82.9304799631579	17.01138050526316	0.0	0.0	1	1.05	-2.0985715441202046	138.0	13	1.05	0.95				
	111	1	0.0	0.0	0.0	0.0	1	1.0032250523662885	-0.25024905176048423	230.0	13	1.05	0.95				
	112	1	0.0	0.0	0.0	0.0	1	1.0086766267756724	0.40493098798882926	230.0	13	1.05	0.95				
	113	3	112.7003958473684	22.965363682105263	0.0	0.0	1	0.9941438068257799	1.1334433093702429e-27	230.0	14	1.05	0.95				
	114	2	82.5051954505263	16.586095992631577	0.0	0.0	1	0.9987739666110745	1.2224546805030232	230.0	16	1.05	0.95				
	115	2	134.8151905042105	27.218208808421053	0.0	0.0	1	1.0381596405475346	5.7848810857927315	230.0	16	1.05	0.95				
	116	2	42.52845126315789	8.50569025263158	0.0	0.0	1	1.0334754706673992	5.757022319850499	230.0	16	1.05	0.95				
	117	1	0.0	0.0	0.0	0.0	1	1.0422034360239103	6.940308534530322	230.0	17	1.05	0.95				
	118	2	141.61974270631578	28.91934685894737	0.0	0.0	1	1.045070513792195	6.602653970339423	230.0	17	1.05	0.95				
	119	1	76.97649678631578	15.735526967368418	0.0	0.0	1	1.0278063537563964	5.379865562065409	230.0	15	1.05	0.95				
	120	1	54.43641761684211	11.057397328421052	0.0	0.0	1	1.0256946346775868	5.878960541984947	230.0	15	1.05	0.95				
	121	2	0.0	0.0	0.0	0.0	1	1.05	7.257848962221996	230.0	17	1.05	0.95				
	122	2	0.0	0.0	0.0	0.0	1	1.05	14.266132095516152	230.0	17	1.05	0.95				
	123	2	0.0	0.0	0.0	0.0	1	1.0251916947936501	6.483596559020928	230.0	15	1.05	0.95				
	124	1	0.0	0.0	0.0	0.0	1	1.0264347575713242	3.672842289644919	230.0	16	1.05	0.95				
	201	2	51.96851882526315	10.586179760701754	0.0	0.0	2	1.0303443041585856	-7.626376057447626	138.0	21	1.05	0.95				
	202	2	46.67542894491227	9.623799782456139	0.0	0.0	2	1.0307396398929096	-7.625792953725164	138.0	22	1.05	0.95				
	203	1	86.61419804210526	17.80402959754386	0.0	0.0	2	1.0212472800219963	-6.5338661645533795	138.0	21	1.05	0.95				
	204	1	35.60805919508772	7.217849836842103	0.0	0.0	2	1.0186754997805159	-9.987262842752283	138.0	21	1.05	0.95				
	205	1	34.164489227719294	6.736659847719298	0.0	0.0	2	1.033939683490226	-10.19218610785794	138.0	21	1.05	0.95				
	206	1	65.44183852070175	13.473319695438596	0.0	-100.0	2	1.0436984150545876	-12.085959649039344	138.0	22	1.05	0.95				
	207	2	60.14874864035087	12.029749728070174	0.0	0.0	2	0.988060044816888	-19.339102733431005	138.0	22	1.05	0.95				
	208	1	82.28348813999999	16.841649619298245	0.0	0.0	2	0.9937612640634601	-17.125270847098506	138.0	22	1.05	0.95				
	209	1	84.20824809649122	17.322839608421052	0.0	0.0	2	1.0230437073195358	-9.958470000499569	138.0	23	1.05	0.95				
	210	1	93.83204787894735	19.247599564912278	0.0	0.0	2	1.05	-11.264822363234417	138.0	23	1.05	0.95				
	211	1	0.0	0.0	0.0	0.0	2	1.0081875648568088	-7.37702657986909	230.0	23	1.05	0.95				
	212	1	0.0	0.0	0.0	0.0	2	1.0118502135012135	-7.062243889645666	230.0	23	1.05	0.95				
	213	2	127.51534711754384	25.984259412631577	0.0	0.0	2	1.002962024979929	-6.790184204760817	230.0	24	1.05	0.95				
	214	2	93.35085788982454	18.76640957578947	0.0	0.0	2	1.011560576835308	-4.574085279811371	230.0	26	1.05	0.95				
	215	2	152.5372265519298	30.79615930385965	0.0	0.0	2	1.0300016150194902	2.621947786781867	230.0	26	1.05	0.95				
	216	2	48.118998912280695	9.623799782456139	0.0	0.0	2	1.0327668729047044	2.277469370078253	230.0	26	1.05	0.95				
	217	1	0.0	0.0	0.0	0.0	2	1.0370330193929027	5.389901732746097	230.0	27	1.05	0.95				
	218	2	160.2362663778947	32.720919260350875	0.0	0.0	2	1.0389951583762471	5.983377653016105	230.0	27	1.05	0.95				
	219	1	87.09538803122805	17.80402959754386	0.0	0.0	2	1.032501915931721	0.7853004968857844	230.0	25	1.05	0.95				
	220	1	61.5923186077193	12.510939717192981	0.0	0.0	2	1.0360600085447011	0.4174383460934285	230.0	25	1.05	0.95				
	221	2	0.0	0.0	0.0	0.0	2	1.0385292210295376	5.616603780364199	230.0	27	1.05	0.95				
	222	2	0.0	0.0	0.0	0.0	2	1.05	12.028227575876034	230.0	27	1.05	0.95				
	223	2	0.0	0.0	0.0	0.0	2	1.0387444957327214	0.5766042033421649	230.0	25	1.05	0.95				
	224	1	0.0	0.0	0.0	0.0	2	1.0153396777476098	-0.8113552028277562	230.0	26	1.05	0.95				
	301	2	59.67162291789474	12.155330594385964	0.0	0.0	3	1.0078209551088615	-32.73812344489692	138.0	31	1.05	0.95				
	302	2	53.59395762070175	11.050300540350877	0.0	0.0	3	1.007099301762852	-32.91249294494197	138.0	32	1.05	0.95				
	303	1	99.45270486315789	20.443055999649122	0.0	0.0	3	1.0274051516225178	-24.593077099367687	138.0	31	1.05	0.95				
	304	1	40.886111999298244	8.287725405263158	0.0	0.0	3	1.0077932208583835	-31.119317584642882	138.0	31	1.05	0.95				
	305	1	39.22856691824561	7.735210378245615	0.0	0.0	3	1.0214839669596891	-32.14522385647343	138.0	31	1.05	0.95				
	306	1	75.14204367438597	15.47042075649123	0.0	-100.0	3	1.0365498662418104	-32.43817177980715	138.0	32	1.05	0.95				
	307	2	69.06437837719298	13.812875675438596	0.0	0.0	3	0.9920338262726817	-38.2371017447156	138.0	32	1.05	0.95				
	308	1	94.48006962	19.338025945614035	0.0	0.0	3	0.9940994623173639	-35.85565028549355	138.0	32	1.05	0.95				
	309	1	96.69012972807018	19.89054097263158	0.0	0.0	3	1.0271798844855229	-27.400592591668968	138.0	33	1.05	0.95				
	310	1	107.74043026842104	22.100601080701754	0.0	0.0	3	1.05	-29.777676052343985	138.0	33	1.05	0.95				
	311	1	0.0	0.0	0.0	0.0	3	1.0171465748150867	-22.684001407346997	230.0	33	1.05	0.95				
	312	1	0.0	0.0	0.0	0.0	3	1.0174480745996939	-22.12533719537091	230.0	33	1.05	0.95				
	313	2	146.41648215964912	29.83581145894737	0.0	0.0	3	1.0238683597465577	-19.063446192013306	230.0	34	1.05	0.95				
	314	2	107.1879152414035	21.54808605368421	0.0	0.0	3	1.0274316340322074	-19.98523204316521	230.0	36	1.05	0.95				
	315	2	175.1472635645614	35.360961729122806	0.0	0.0	3	1.0478085979368332	-13.151507699926523	230.0	36	1.05	0.95				
	316	2	55.25150270175438	11.050300540350877	0.0	0.0	3	1.0478658567961765	-12.87771240558545	230.0	36	1.05	0.95				
	317	1	0.0	0.0	0.0	0.0	3	1.0485591425099314	-10.29160637846908	230.0	37	1.05	0.95				
	318	2	183.9875039968421	37.57102183719299	0.0	0.0	3	1.0485077504917146	-9.748414036926702	230.0	37	1.05	0.95				
	319	1	100.00521989017544	20.443055999649122	0.0	0.0	3	1.045355872695372	-14.05552132303606	230.0	35	1.05	0.95				
	320	1	70.72192345824561	14.365390702456141	0.0	0.0	3	1.0475226428682358	-14.044688389349828	230.0	35	1.05	0.95				
	321	2	0.0	0.0	0.0	0.0	3	1.05	-9.240416828595421	230.0	37	1.05	0.95				
	322	2	0.0	0.0	0.0	0.0	3	1.05	-3.8772942857838064	230.0	37	1.05	0.95				
	323	2	0.0	0.0	0.0	0.0	3	1.049778960149583	-13.634306199111307	230.0	35	1.05	0.95				
	324	1	0.0	0.0	0.0	0.0	3	1.0257836454858111	-17.398574555836788	230.0	36	1.05	0.95				
	325	1	0.0	0.0	0.0	0.0	3	1.041782510563105	-11.942685296063958	230.0	35	1.05	0.95				
];
