%% MATPOWER Case Format : Version 2
function mpc = RTS_GMLC
mpc.version = '2';

%%-----  Power Flow Data  -----%%
%% system MVA base
mpc.baseMVA = 100.0;
%% bus data
%    bus_i    type    Pd    Qd    Gs    Bs    area    Vm    Va    baseKV    zone    Vmax    Vmin
mpc.bus = [
	101	2	50.25927759157894	10.238000990877193	0.0	0.0	1	1.0112718913096335	-5.380932783803962	138.0	11	1.05	0.95				
	102	2	45.140277096140345	9.307273628070176	0.0	0.0	1	1.0112097302785017	-5.625486727474829	138.0	12	1.05	0.95				
	103	1	83.76546265263157	17.218456211929826	0.0	0.0	1	0.9987562715003673	0.10805667523176803	138.0	11	1.05	0.95				
	104	1	34.43691242385965	6.980455221052631	0.0	0.0	1	1.0010969853411504	-5.344582417842347	138.0	11	1.05	0.95				
	105	1	33.040821379649124	6.515091539649124	0.0	0.0	1	1.015087358010945	-6.532531280334286	138.0	11	1.05	0.95				
	106	1	63.2894606708772	13.030183079298247	0.0	-100.0	1	1.024650432616914	-7.721640321841969	138.0	12	1.05	0.95				
	107	2	58.1704601754386	11.634092035087718	0.0	0.0	1	0.9877791919587302	-11.453047886546571	138.0	12	1.05	0.95				
	108	1	79.57718951999999	16.287728849122807	0.0	0.0	1	0.9866162105517959	-10.288722593320447	138.0	12	1.05	0.95				
	109	1	81.43864424561403	16.753092530526313	0.0	0.0	1	1.0020575178472362	-4.078992247918719	138.0	13	1.05	0.95				
	110	1	90.7459178736842	18.61454725614035	0.0	0.0	1	1.0302582041673847	-6.162610650535024	138.0	13	1.05	0.95				
	111	1	0.0	0.0	0.0	0.0	1	0.9855902875828912	-0.9289657867644039	230.0	13	1.05	0.95				
	112	1	0.0	0.0	0.0	0.0	1	0.9848300907985365	-1.7697424000848048	230.0	13	1.05	0.95				
	113	3	123.32137557192982	25.12963879578947	0.0	0.0	1	0.9693090433390245	7.906536949517468e-32	230.0	14	1.05	0.95				
	114	2	90.28055419228069	18.149183574736842	0.0	0.0	1	0.9993883171123559	2.5428752889730264	230.0	16	1.05	0.95				
	115	2	147.52028700491226	29.78327560982456	0.0	0.0	1	0.9939175571906217	12.407920663681326	230.0	16	1.05	0.95				
	116	2	46.53636814035087	9.307273628070176	0.0	0.0	1	0.9931775253397767	10.699787850535088	230.0	16	1.05	0.95				
	117	1	0.0	0.0	0.0	0.0	1	0.9951687491260577	16.9534728912863	230.0	17	1.05	0.95				
	118	2	154.96610590736842	31.6447303354386	0.0	0.0	1	1.0050677211840964	17.593262510797	230.0	17	1.05	0.95				
	119	1	84.23082633403509	17.218456211929826	0.0	0.0	1	0.9924233271250915	6.7255092696713845	230.0	15	1.05	0.95				
	120	1	59.56655121964912	12.099455716491228	0.0	0.0	1	0.9980437251023879	3.8876882703224056	230.0	15	1.05	0.95				
	121	2	0.0	0.0	0.0	0.0	1	1.0054476286521947	19.13885826778794	230.0	17	1.05	0.95				
	122	2	0.0	0.0	0.0	0.0	1	1.0102899507540235	37.50269011144705	230.0	17	1.05	0.95				
	123	2	0.0	0.0	0.0	0.0	1	1.0025299557469742	2.714457474562307	230.0	15	1.05	0.95				
	124	1	0.0	0.0	0.0	0.0	1	0.980938505484342	7.732293816459232	230.0	16	1.05	0.95				
	201	2	46.12057294736842	9.394931526315789	0.0	0.0	2	1.0107430215091269	-11.356265810856831	138.0	21	1.05	0.95				
	202	2	41.42310718421052	8.540846842105264	0.0	0.0	2	1.0096230463735678	-11.546553427637042	138.0	22	1.05	0.95				
	203	1	76.86762157894736	15.800566657894736	0.0	0.0	2	0.9970452604346458	-8.73914747890867	138.0	21	1.05	0.95				
	204	1	31.601133315789472	6.405635131578948	0.0	0.0	2	1.000058981879795	-10.549027437901445	138.0	21	1.05	0.95				
	205	1	30.32000628947368	5.9785927894736846	0.0	0.0	2	1.0162163243795486	-10.898133907937085	138.0	21	1.05	0.95				
	206	1	58.07775852631579	11.957185578947369	0.0	-100.0	2	1.027206108574621	-11.173460040184578	138.0	22	1.05	0.95				
	207	2	53.3802927631579	10.676058552631579	0.0	0.0	2	0.9711176502331456	-16.38975680960015	138.0	22	1.05	0.95				
	208	1	73.02424049999999	14.94648197368421	0.0	0.0	2	0.9784524704576899	-14.394356232242433	138.0	22	1.05	0.95				
	209	1	74.73240986842104	15.373524315789473	0.0	0.0	2	1.005388262661362	-7.9059793463177925	138.0	23	1.05	0.95				
	210	1	83.27325671052631	17.081693684210528	0.0	0.0	2	1.0324314442984348	-9.021451395990777	138.0	23	1.05	0.95				
	211	1	0.0	0.0	0.0	0.0	2	0.9876173257498215	-5.25555654527869	230.0	23	1.05	0.95				
	212	1	0.0	0.0	0.0	0.0	2	0.9873973038918711	-0.6004838980141476	230.0	23	1.05	0.95				
	213	2	113.16622065789473	23.06028647368421	0.0	0.0	2	0.9836854842097332	-2.594871806179945	230.0	24	1.05	0.95				
	214	2	82.84621436842104	16.654651342105264	0.0	0.0	2	0.9863793801437675	-4.2466928222850475	230.0	26	1.05	0.95				
	215	2	135.37242244736842	27.33070989473684	0.0	0.0	2	0.9931808719979988	0.23115157201062836	230.0	26	1.05	0.95				
	216	2	42.704234210526316	8.540846842105264	0.0	0.0	2	0.9911048074904882	0.024908894742698095	230.0	26	1.05	0.95				
	217	1	0.0	0.0	0.0	0.0	2	1.0019444699678122	1.0397441305921749	230.0	27	1.05	0.95				
	218	2	142.20509992105264	29.038879263157895	0.0	0.0	2	1.0026034053083723	0.5209768095322936	230.0	27	1.05	0.95				
	219	1	77.29466392105263	15.800566657894736	0.0	0.0	2	0.9831699857611006	1.0898607590110536	230.0	25	1.05	0.95				
	220	1	54.66141978947368	11.103100894736842	0.0	0.0	2	0.9799122014615272	2.9353051907475267	230.0	25	1.05	0.95				
	221	2	0.0	0.0	0.0	0.0	2	1.0049193723566312	1.0996867777189083	230.0	27	1.05	0.95				
	222	2	0.0	0.0	0.0	0.0	2	1.0229187590162172	6.642405885666213	230.0	27	1.05	0.95				
	223	2	0.0	0.0	0.0	0.0	2	0.9795708133979708	4.316449472811895	230.0	25	1.05	0.95				
	224	1	0.0	0.0	0.0	0.0	2	0.9838558023769786	-3.177171897327234	230.0	26	1.05	0.95				
	301	2	62.49035114526317	12.729515974035088	0.0	0.0	3	1.002546516695395	32.16056394043271	138.0	31	1.05	0.95				
	302	2	56.125593158245614	11.572287249122809	0.0	0.0	3	1.003275255176705	31.75930233163852	138.0	32	1.05	0.95				
	303	1	104.15058524210528	21.408731410877195	0.0	0.0	3	1.0151529883643904	48.22639109705825	138.0	31	1.05	0.95				
	304	1	42.81746282175439	8.679215436842105	0.0	0.0	3	0.9922845348686913	33.44042903980612	138.0	31	1.05	0.95				
	305	1	41.08161973438597	8.100601074385965	0.0	0.0	3	1.0109100578472163	31.408905968995438	138.0	31	1.05	0.95				
	306	1	78.6915532940351	16.20120214877193	0.0	-100.0	3	1.022463309327149	30.313421582396284	138.0	32	1.05	0.95				
	307	2	72.32679530701756	14.46535906140351	0.0	0.0	3	0.9654772147473624	26.4411366762181	138.0	32	1.05	0.95				
	308	1	98.94305598000001	20.251502685964912	0.0	0.0	3	0.9749169936663091	29.184260730496895	138.0	32	1.05	0.95				
	309	1	101.25751342982457	20.830117048421055	0.0	0.0	3	1.0034504315404003	37.29435139088963	138.0	33	1.05	0.95				
	310	1	112.82980067894736	23.144574498245618	0.0	0.0	3	1.0341485001439346	32.56247438418862	138.0	33	1.05	0.95				
	311	1	0.0	0.0	0.0	0.0	3	0.9961249592964647	37.10363090092231	230.0	33	1.05	0.95				
	312	1	0.0	0.0	0.0	0.0	3	1.002540981073786	37.25818606659296	230.0	33	1.05	0.95				
	313	2	153.3328060508772	31.245175572631585	0.0	0.0	3	1.005850729554601	40.20125003446966	230.0	34	1.05	0.95				
	314	2	112.25118631649123	22.565960135789474	0.0	0.0	3	0.990157718384213	36.61695298696901	230.0	36	1.05	0.95				
	315	2	183.4207528985965	37.031319197192985	0.0	0.0	3	0.9903455315227928	34.662176178832624	230.0	36	1.05	0.95				
	316	2	57.86143624561404	11.572287249122809	0.0	0.0	3	0.9853727487928514	34.85965865935194	230.0	36	1.05	0.95				
	317	1	0.0	0.0	0.0	0.0	3	0.9946755452797356	36.6447216533876	230.0	37	1.05	0.95				
	318	2	192.67858269789474	39.34577664701755	0.0	0.0	3	0.9864012895158752	32.683211812689564	230.0	37	1.05	0.95				
	319	1	104.72919960456142	21.408731410877195	0.0	0.0	3	0.9932547133450607	34.56585883908813	230.0	35	1.05	0.95				
	320	1	74.06263839438597	15.043973423859649	0.0	0.0	3	1.0018309981238747	34.06268648828467	230.0	35	1.05	0.95				
	321	2	0.0	0.0	0.0	0.0	3	0.996273469914205	33.85979030063988	230.0	37	1.05	0.95				
	322	2	0.0	0.0	0.0	0.0	3	1.0140225973847197	38.04296248217954	230.0	37	1.05	0.95				
	323	2	0.0	0.0	0.0	0.0	3	1.0065891515598049	33.7083344437762	230.0	35	1.05	0.95				
	324	1	0.0	0.0	0.0	0.0	3	0.9975022454196436	41.431397038854605	230.0	36	1.05	0.95				
