%% MATPOWER Case Format : Version 2
function mpc = RTS_GMLC
mpc.version = '2';

%%-----  Power Flow Data  -----%%
%% system MVA base
mpc.baseMVA = 100.0;
%% bus data
%    bus_i    type    Pd    Qd    Gs    Bs    area    Vm    Va    baseKV    zone    Vmax    Vmin
mpc.bus = [
	101	2	36.31172686863158	7.3968332510175445	0.0	0.0	1	1.0340725388171828	3.779939441590902	138.0	11	1.05	0.95				
	102	2	32.613310243122804	6.724393864561404	0.0	0.0	1	1.0332124154069884	3.537081296033082	138.0	12	1.05	0.95				
	103	1	60.51954478105262	12.440128649438597	0.0	0.0	1	1.0287229574371894	1.477763134258305	138.0	11	1.05	0.95				
	104	1	24.880257298877194	5.043295398421052	0.0	0.0	1	1.022725565137245	0.3640961960889451	138.0	11	1.05	0.95				
	105	1	23.87159821919298	4.707075705192983	0.0	0.0	1	1.0373336514605649	0.6657960443952646	138.0	11	1.05	0.95				
	106	1	45.72587827901754	9.414151410385966	0.0	-100.0	1	1.0480045476958435	-1.4763000956856829	138.0	12	1.05	0.95				
	107	2	42.027461653508766	8.405492330701755	0.0	0.0	1	1.0014076532672045	-6.890762751135851	138.0	12	1.05	0.95				
	108	1	57.493567542	11.767689262982454	0.0	0.0	1	1.0077166907113126	-5.499764187896819	138.0	12	1.05	0.95				
	109	1	58.838446314912275	12.103908956210525	0.0	0.0	1	1.0240814364503479	-0.8671928413316192	138.0	13	1.05	0.95				
	110	1	65.56284017947368	13.448787729122808	0.0	0.0	1	1.05	-1.4321702576784572	138.0	13	1.05	0.95				
	111	1	0.0	0.0	0.0	0.0	1	1.0001125995333309	0.34312438668272627	230.0	13	1.05	0.95				
	112	1	0.0	0.0	0.0	0.0	1	1.0054057376591705	0.5327093944535676	230.0	13	1.05	0.95				
	113	3	89.0982187054386	18.15586343431579	0.0	0.0	1	0.9886868503125219	3.996179497970889e-29	230.0	14	1.05	0.95				
	114	2	65.22662048624561	13.112568035894737	0.0	0.0	1	0.9953039562877312	2.278467911120905	230.0	16	1.05	0.95				
	115	2	106.58164275329824	21.518060366596494	0.0	0.0	1	1.0307560882648334	7.144096748666402	230.0	16	1.05	0.95				
	116	2	33.62196932280702	6.724393864561404	0.0	0.0	1	1.0268246499718516	6.913268813333533	230.0	16	1.05	0.95				
	117	1	0.0	0.0	0.0	0.0	1	1.0357515798967352	8.904216728733726	230.0	17	1.05	0.95				
	118	2	111.96115784494735	22.86293913950877	0.0	0.0	1	1.0382588866980822	9.004545297593866	230.0	17	1.05	0.95				
	119	1	60.855764474280704	12.440128649438597	0.0	0.0	1	1.0207671624608963	5.849217260789624	230.0	15	1.05	0.95				
	120	1	43.03612073319299	8.741712023929825	0.0	0.0	1	1.0174899957702548	5.584347590587232	230.0	15	1.05	0.95				
	121	2	0.0	0.0	0.0	0.0	1	1.041809790534571	9.874197451255391	230.0	17	1.05	0.95				
	122	2	0.0	0.0	0.0	0.0	1	1.05	16.131925550857826	230.0	17	1.05	0.95				
	123	2	0.0	0.0	0.0	0.0	1	1.0157999457062834	5.70515069755347	230.0	15	1.05	0.95				
	124	1	0.0	0.0	0.0	0.0	1	1.0221237103841507	5.008558970946809	230.0	16	1.05	0.95				
	201	2	38.52164330526316	7.847001414035088	0.0	0.0	2	1.0203695637643282	-8.886836013824414	138.0	21	1.05	0.95				
	202	2	34.598142598245616	7.133637649122808	0.0	0.0	2	1.0202836957464223	-8.952437362098008	138.0	22	1.05	0.95				
	203	1	64.20273884210526	13.197229650877192	0.0	0.0	2	1.0162938049347794	-6.913025351617158	138.0	21	1.05	0.95				
	204	1	26.394459301754384	5.350228236842105	0.0	0.0	2	1.0161939358590373	-9.657253152811611	138.0	21	1.05	0.95				
	205	1	25.324413654385964	4.993546354385965	0.0	0.0	2	1.031035200957249	-9.951868765899764	138.0	21	1.05	0.95				
	206	1	48.508736014035094	9.98709270877193	0.0	-100.0	2	1.0453543363547495	-10.952347446504618	138.0	22	1.05	0.95				
	207	2	44.58523530701755	8.917047061403508	0.0	0.0	2	0.996462110531789	-15.614981718031123	138.0	22	1.05	0.95				
	208	1	60.9926019	12.483865885964912	0.0	0.0	2	1.0035808504021488	-14.050355940664835	138.0	22	1.05	0.95				
	209	1	62.419329429824565	12.84054776842105	0.0	0.0	2	1.022250521644983	-8.751241641766432	138.0	23	1.05	0.95				
	210	1	69.55296707894738	14.267275298245616	0.0	0.0	2	1.05	-9.876351655133995	138.0	23	1.05	0.95				
	211	1	0.0	0.0	0.0	0.0	2	1.0017027762942916	-6.356448117591172	230.0	23	1.05	0.95				
	212	1	0.0	0.0	0.0	0.0	2	1.0050945933849689	-5.800730221148695	230.0	23	1.05	0.95				
	213	2	94.5206988508772	19.26082165263158	0.0	0.0	2	0.9942888378465491	-5.350333356119831	230.0	24	1.05	0.95				
	214	2	69.19628519649123	13.910593415789474	0.0	0.0	2	0.9998141076236655	-4.130018511837659	230.0	26	1.05	0.95				
	215	2	113.06815673859649	22.827640477192983	0.0	0.0	2	1.0161611243301172	1.310563451392109	230.0	26	1.05	0.95				
	216	2	35.66818824561403	7.133637649122808	0.0	0.0	2	1.0172187504839363	1.1791285691583597	230.0	26	1.05	0.95				
	217	1	0.0	0.0	0.0	0.0	2	1.0226071468223619	2.9213647123847033	230.0	27	1.05	0.95				
	218	2	118.77506685789474	24.254368007017547	0.0	0.0	2	1.0220545803885022	2.4669117530483096	230.0	27	1.05	0.95				
	219	1	64.5594207245614	13.197229650877192	0.0	0.0	2	1.0170264554981285	0.7781868796243346	230.0	25	1.05	0.95				
	220	1	45.655280954385965	9.273728943859648	0.0	0.0	2	1.0189301628306597	1.1413563326380458	230.0	25	1.05	0.95				
	221	2	0.0	0.0	0.0	0.0	2	1.0237368701016551	2.890591282464228	230.0	27	1.05	0.95				
	222	2	0.0	0.0	0.0	0.0	2	1.0458432583105013	9.44525518146783	230.0	27	1.05	0.95				
	223	2	0.0	0.0	0.0	0.0	2	1.020292632173631	1.6202648450196733	230.0	25	1.05	0.95				
	224	1	0.0	0.0	0.0	0.0	2	1.0059957152561367	-1.801164918053556	230.0	26	1.05	0.95				
	301	2	39.59886111157895	8.066434670877191	0.0	0.0	3	1.0124802485350441	-14.024545069182967	138.0	31	1.05	0.95				
	302	2	35.56564377614034	7.333122428070175	0.0	0.0	3	1.0123761440161672	-14.191949706208252	138.0	32	1.05	0.95				
	303	1	65.99810185263158	13.566276491929823	0.0	0.0	3	1.0307570525791627	-7.24865944398966	138.0	31	1.05	0.95				
	304	1	27.132552983859647	5.49984182105263	0.0	0.0	3	1.0132539430995158	-13.176320387078308	138.0	31	1.05	0.95				
	305	1	26.032584619649118	5.133185699649123	0.0	0.0	3	1.0268158363166253	-14.01811883401325	138.0	31	1.05	0.95				
	306	1	49.86523251087719	10.266371399298245	0.0	-100.0	3	1.0433239647705086	-14.477038603917748	138.0	32	1.05	0.95				
	307	2	45.83201517543859	9.166403035087718	0.0	0.0	3	0.9939239325297771	-18.28648347680716	138.0	32	1.05	0.95				
	308	1	62.69819675999999	12.832964249122805	0.0	0.0	3	1.00219030790398	-16.685613216213326	138.0	32	1.05	0.95				
	309	1	64.16482124561402	13.199620370526313	0.0	0.0	3	1.0245662464040783	-10.831113945942048	138.0	33	1.05	0.95				
	310	1	71.4979436736842	14.66624485614035	0.0	0.0	3	1.05	-12.828578282974824	138.0	33	1.05	0.95				
	311	1	0.0	0.0	0.0	0.0	3	1.002152855580423	-8.46308219465875	230.0	33	1.05	0.95				
	312	1	0.0	0.0	0.0	0.0	3	1.008527334593842	-7.75156191681342	230.0	33	1.05	0.95				
	313	2	97.16387217192981	19.799430555789474	0.0	0.0	3	1.0055385583939254	-5.092606827146358	230.0	34	1.05	0.95				
	314	2	71.13128755228068	14.29958873473684	0.0	0.0	3	0.9922630383171699	-7.895347733349917	230.0	36	1.05	0.95				
	315	2	116.22999048491226	23.46599176982456	0.0	0.0	3	1.0146028060336996	-5.273318388257351	230.0	36	1.05	0.95				
	316	2	36.66561214035087	7.333122428070175	0.0	0.0	3	1.0131360733720702	-4.887237747092368	230.0	36	1.05	0.95				
	317	1	0.0	0.0	0.0	0.0	3	1.0181562984933499	-3.9196143857257613	230.0	37	1.05	0.95				
	318	2	122.0964884273684	24.932616255438596	0.0	0.0	3	1.0174954932118712	-3.9917227842895264	230.0	37	1.05	0.95				
	319	1	66.36475797403509	13.566276491929823	0.0	0.0	3	1.0117889564464584	-4.882981368380795	230.0	35	1.05	0.95				
	320	1	46.93198353964912	9.533059156491227	0.0	0.0	3	1.0128490056785227	-4.141106996201083	230.0	35	1.05	0.95				
	321	2	0.0	0.0	0.0	0.0	3	1.0185925101690911	-3.8791381785572385	230.0	37	1.05	0.95				
	322	2	0.0	0.0	0.0	0.0	3	1.0319485130878308	0.5647667057020036	230.0	37	1.05	0.95				
	323	2	0.0	0.0	0.0	0.0	3	1.0139286686516218	-3.442636703849383	230.0	35	1.05	0.95				
	324	1	0.0	0.0	0.0	0.0	3	1.0156851493819952	-6.042803978824838	230.0	36	1.05	0.95				
	325	1	0.0	0.0	0.0	0.0	3	1.0126877641494523	-2.3040176871137668	230.0	35	1.05	0.95				
];
