%% MATPOWER Case Format : Version 2
function mpc = RTS_GMLC
mpc.version = '2';

%%-----  Power Flow Data  -----%%
%% system MVA base
mpc.baseMVA = 100.0;
%% bus data
%    bus_i    type    Pd    Qd    Gs    Bs    area    Vm    Va    baseKV    zone    Vmax    Vmin
mpc.bus = [
	101	2	80.75952500210526	16.4510143522807	0.0	0.0	1	1.032516596572359	-2.6635749282532197	138.0	11	1.05	0.95				
	102	2	72.53401782596491	14.955467592982458	0.0	0.0	1	1.0325109455646957	-2.7227555848006255	138.0	12	1.05	0.95				
	103	1	134.5992083368421	27.667615047017545	0.0	0.0	1	1.019851455843246	-2.9986902367523602	138.0	11	1.05	0.95				
	104	1	55.33523009403509	11.216600694736842	0.0	0.0	1	1.016122701294889	-5.473493816127333	138.0	11	1.05	0.95				
	105	1	53.091909955087715	10.46882731508772	0.0	0.0	1	1.0313299666708038	-5.5308539868114215	138.0	11	1.05	0.95				
	106	1	101.69717963228071	20.93765463017544	0.0	-100.0	1	1.0362836773692936	-7.8168115118359145	138.0	12	1.05	0.95				
	107	2	93.47167245614035	18.69433449122807	0.0	0.0	1	1.048060297209896	-3.759411192617377	138.0	12	1.05	0.95				
	108	1	127.86924792	26.1720682877193	0.0	0.0	1	1.0244520612121122	-6.7526671209382885	138.0	12	1.05	0.95				
	109	1	130.8603414385965	26.91984166736842	0.0	0.0	1	1.0266880857359442	-4.696209634282338	138.0	13	1.05	0.95				
	110	1	145.81580903157897	29.910935185964917	0.0	0.0	1	1.05	-6.075495436309114	138.0	13	1.05	0.95				
	111	1	0.0	0.0	0.0	0.0	1	1.0144227236947754	-1.7218532790879013	230.0	13	1.05	0.95				
	112	1	0.0	0.0	0.0	0.0	1	1.0163433172679612	-0.8058693509892482	230.0	13	1.05	0.95				
	113	3	198.15994560701756	40.37976250105263	0.0	0.0	1	1.0157431971296673	2.8906706149491258e-27	230.0	14	1.05	0.95				
	114	2	145.06803565192982	29.16316180631579	0.0	0.0	1	1.0177211994677082	0.47258681786661977	230.0	16	1.05	0.95				
	115	2	237.04416134877192	47.85749629754386	0.0	0.0	1	1.0451910504616835	8.431689345279922	230.0	16	1.05	0.95				
	116	2	74.77733796491228	14.955467592982458	0.0	0.0	1	1.0440169113966056	8.074558368363265	230.0	16	1.05	0.95				
	117	1	0.0	0.0	0.0	0.0	1	1.0474005836638285	11.105955948529397	230.0	17	1.05	0.95				
	118	2	249.00853542315792	50.848589816140354	0.0	0.0	1	1.0493691075042548	11.728025729288	230.0	17	1.05	0.95				
	119	1	135.34698171649126	27.667615047017545	0.0	0.0	1	1.0384338697428523	6.891286506090628	230.0	15	1.05	0.95				
	120	1	95.71499259508772	19.442107870877194	0.0	0.0	1	1.0402536281598016	7.272504282374337	230.0	15	1.05	0.95				
	121	2	0.0	0.0	0.0	0.0	1	1.05	12.430142292938198	230.0	17	1.05	0.95				
	122	2	0.0	0.0	0.0	0.0	1	1.05	18.760133874313997	230.0	17	1.05	0.95				
	123	2	0.0	0.0	0.0	0.0	1	1.0433627422864755	8.032334816413867	230.0	15	1.05	0.95				
	124	1	0.0	0.0	0.0	0.0	1	1.0213763081629745	4.209223606898834	230.0	16	1.05	0.95				
	201	2	84.03022193684212	17.11726743157895	0.0	0.0	2	1.045687705175335	-9.70944084041833	138.0	21	1.05	0.95				
	202	2	75.47158822105263	15.56115221052632	0.0	0.0	2	1.0461729423313044	-9.752415422351458	138.0	22	1.05	0.95				
	203	1	140.05036989473686	28.788131589473686	0.0	0.0	2	1.027420585683914	-7.245025903826245	138.0	21	1.05	0.95				
	204	1	57.57626317894737	11.670864157894737	0.0	0.0	2	1.0212748126390452	-11.867634836211945	138.0	21	1.05	0.95				
	205	1	55.242090347368425	10.892806547368423	0.0	0.0	2	1.0378491928935167	-12.23099551715481	138.0	21	1.05	0.95				
	206	1	105.81583503157897	21.785613094736846	0.0	-100.0	2	1.0389505585815495	-14.360821201225393	138.0	22	1.05	0.95				
	207	2	97.25720131578947	19.451440263157895	0.0	0.0	2	0.9521186596723215	-26.341038338145196	138.0	22	1.05	0.95				
	208	1	133.04785139999998	27.232016368421053	0.0	0.0	2	0.9583299907818418	-22.41851721763008	138.0	22	1.05	0.95				
	209	1	136.16008184210526	28.010073978947368	0.0	0.0	2	1.0255907357244711	-10.483227497600396	138.0	23	1.05	0.95				
	210	1	151.7212340526316	31.12230442105264	0.0	0.0	2	1.05	-12.375836685895623	138.0	23	1.05	0.95				
	211	1	0.0	0.0	0.0	0.0	2	1.029659607924967	-5.429933592839397	230.0	23	1.05	0.95				
	212	1	0.0	0.0	0.0	0.0	2	1.0223999515541118	-4.17857878526071	230.0	23	1.05	0.95				
	213	2	206.1852667894737	42.01511096842106	0.0	0.0	2	1.0442135405296034	-1.4857761063300865	230.0	24	1.05	0.95				
	214	2	150.94317644210525	30.34424681052632	0.0	0.0	2	1.0467201712345136	-3.111982162720188	230.0	26	1.05	0.95				
	215	2	246.64426253684212	49.79568707368421	0.0	0.0	2	1.0450109567840173	5.018979711035502	230.0	26	1.05	0.95				
	216	2	77.80576105263158	15.56115221052632	0.0	0.0	2	1.0489860208014135	4.968727186114223	230.0	26	1.05	0.95				
	217	1	0.0	0.0	0.0	0.0	2	1.049397009662398	8.075534706005305	230.0	27	1.05	0.95				
	218	2	259.09318430526315	52.907917515789485	0.0	0.0	2	1.05	8.81913152994851	230.0	27	1.05	0.95				
	219	1	140.82842750526316	28.788131589473686	0.0	0.0	2	1.0438140341922615	4.464669314351749	230.0	25	1.05	0.95				
	220	1	99.59137414736843	20.229497873684213	0.0	0.0	2	1.046206763942593	5.479610212531394	230.0	25	1.05	0.95				
	221	2	0.0	0.0	0.0	0.0	2	1.05	9.275179458669385	230.0	27	1.05	0.95				
	222	2	0.0	0.0	0.0	0.0	2	1.05	15.316401344775207	230.0	27	1.05	0.95				
	223	2	0.0	0.0	0.0	0.0	2	1.05	6.601105958712381	230.0	25	1.05	0.95				
	224	1	0.0	0.0	0.0	0.0	2	1.0229725077179619	0.4530902765102888	230.0	26	1.05	0.95				
	301	2	77.26732048421053	15.739639357894736	0.0	0.0	3	1.01667068350295	-18.146430215076265	138.0	31	1.05	0.95				
	302	2	69.39750080526316	14.30876305263158	0.0	0.0	3	1.0151296260695164	-18.550223446119425	138.0	32	1.05	0.95				
	303	1	128.77886747368422	26.47121164736842	0.0	0.0	3	1.0262213451273927	-10.902104224946687	138.0	31	1.05	0.95				
	304	1	52.94242329473684	10.731572289473684	0.0	0.0	3	1.0088198036549678	-17.184774734946306	138.0	31	1.05	0.95				
	305	1	50.7961088368421	10.016134136842107	0.0	0.0	3	1.0237819040448346	-18.013569029270528	138.0	31	1.05	0.95				
	306	1	97.29958875789474	20.032268273684213	0.0	-100.0	3	1.0336577676178171	-18.7327897121934	138.0	32	1.05	0.95				
	307	2	89.42976907894737	17.885953815789474	0.0	0.0	3	1.010579186691246	-20.111260937896112	138.0	32	1.05	0.95				
	308	1	122.3399241	25.040335342105262	0.0	0.0	3	1.0025413688537772	-19.93798651851939	138.0	32	1.05	0.95				
	309	1	125.20167671052631	25.75577349473684	0.0	0.0	3	1.0284137771945956	-13.150187770337789	138.0	33	1.05	0.95				
	310	1	139.51043976315788	28.61752610526316	0.0	0.0	3	1.05	-15.59059638096559	138.0	33	1.05	0.95				
	311	1	0.0	0.0	0.0	0.0	3	1.0224191566642264	-8.324358030672572	230.0	33	1.05	0.95				
	312	1	0.0	0.0	0.0	0.0	3	1.0190097158109965	-6.855829982075937	230.0	33	1.05	0.95				
	313	2	189.5911104473684	38.633660242105265	0.0	0.0	3	1.0349875915472877	-3.6260328524110426	230.0	34	1.05	0.95				
	314	2	138.79500161052633	27.902087952631582	0.0	0.0	3	1.0335138353873223	-6.503309250902753	230.0	36	1.05	0.95				
	315	2	226.79389438421055	45.78804176842105	0.0	0.0	3	1.0480845829076577	0.25275017676290157	230.0	36	1.05	0.95				
	316	2	71.5438152631579	14.30876305263158	0.0	0.0	3	1.0472197226438142	0.43730198002252607	230.0	36	1.05	0.95				
	317	1	0.0	0.0	0.0	0.0	3	1.0483323359672834	2.341714813241593	230.0	37	1.05	0.95				
	318	2	238.24090482631578	48.64979437894737	0.0	0.0	3	1.0478739654326585	2.4404283823302855	230.0	37	1.05	0.95				
	319	1	129.4943056263158	26.47121164736842	0.0	0.0	3	1.043194393035633	0.6640499128223244	230.0	35	1.05	0.95				
	320	1	91.5760835368421	18.60139196842105	0.0	0.0	3	1.0459961937137374	2.2009875134750603	230.0	35	1.05	0.95				
	321	2	0.0	0.0	0.0	0.0	3	1.05	3.6325417335700263	230.0	37	1.05	0.95				
	322	2	0.0	0.0	0.0	0.0	3	1.05	8.901437424845327	230.0	37	1.05	0.95				
	323	2	0.0	0.0	0.0	0.0	3	1.05	3.562954268506401	230.0	35	1.05	0.95				
	324	1	0.0	0.0	0.0	0.0	3	1.0258838612388532	-3.8813944035176884	230.0	36	1.05	0.95				
	325	1	0.0	0.0	0.0	0.0	3	1.0483757082565885	4.298115211150137	230.0	35	1.05	0.95				
];
