%% MATPOWER Case Format : Version 2
function mpc = RTS_GMLC
mpc.version = '2';

%%-----  Power Flow Data  -----%%
%% system MVA base
mpc.baseMVA = 100.0;
%% bus data
%    bus_i    type    Pd    Qd    Gs    Bs    area    Vm    Va    baseKV    zone    Vmax    Vmin
mpc.bus = [
	101	2	40.62691735578948	8.275853535438598	0.0	0.0	1	0.9989021451309561	-2.627088972155985	138.0	11	1.05	0.95				
	102	2	36.48899058807018	7.523503214035089	0.0	0.0	1	0.997698940899008	-3.061096561887085	138.0	12	1.05	0.95				
	103	1	67.7115289263158	13.918480945964914	0.0	0.0	1	1.0222390318891523	2.1435413424218304	138.0	11	1.05	0.95				
	104	1	27.83696189192983	5.642627410526316	0.0	0.0	1	1.0067824331878126	-3.5736532292668364	138.0	11	1.05	0.95				
	105	1	26.708436409824564	5.266452249824562	0.0	0.0	1	1.0197208827416584	-4.025554428120711	138.0	11	1.05	0.95				
	106	1	51.1598218554386	10.532904499649124	0.0	-100.0	1	1.0392301257835808	-5.298625244227153	138.0	12	1.05	0.95				
	107	2	47.02189508771931	9.40437901754386	0.0	0.0	1	0.9825262119586562	-10.99396533378854	138.0	12	1.05	0.95				
	108	1	64.32595248	13.166130624561404	0.0	0.0	1	0.9946207390185048	-8.879591895025577	138.0	12	1.05	0.95				
	109	1	65.83065312280702	13.542305785263158	0.0	0.0	1	1.0245137172771221	-2.4115618002254	138.0	13	1.05	0.95				
	110	1	73.35415633684211	15.047006428070178	0.0	0.0	1	1.05	-4.183497061771259	138.0	13	1.05	0.95				
	111	1	0.0	0.0	0.0	0.0	1	1.0177846037668445	0.528772657776739	230.0	13	1.05	0.95				
	112	1	0.0	0.0	0.0	0.0	1	1.01341636857938	-0.8639013018007787	230.0	13	1.05	0.95				
	113	3	99.68641758596493	20.31345867789474	0.0	0.0	1	0.9952243847248092	9.342789243026482e-31	230.0	14	1.05	0.95				
	114	2	72.97798117614036	14.670831267368422	0.0	0.0	1	1.048353792423827	4.69969177606339	230.0	16	1.05	0.95				
	115	2	119.24752594245615	24.075210284912284	0.0	0.0	1	1.0404753417113861	15.226203572847076	230.0	16	1.05	0.95				
	116	2	37.61751607017544	7.523503214035089	0.0	0.0	1	1.0410559226478753	13.07977267913189	230.0	16	1.05	0.95				
	117	1	0.0	0.0	0.0	0.0	1	1.039721372275475	19.66542294870824	230.0	17	1.05	0.95				
	118	2	125.26632851368421	25.5799109277193	0.0	0.0	1	1.0494162001255718	20.511124412287984	230.0	17	1.05	0.95				
	119	1	68.08770408701756	13.918480945964914	0.0	0.0	1	1.0382494061852385	8.210424742483431	230.0	15	1.05	0.95				
	120	1	48.15042056982457	9.780554178245616	0.0	0.0	1	1.0435222062629108	4.709365335510196	230.0	15	1.05	0.95				
	121	2	0.0	0.0	0.0	0.0	1	1.0439755465806435	22.244929973119778	230.0	17	1.05	0.95				
	122	2	0.0	0.0	0.0	0.0	1	1.05	40.20008863873095	230.0	17	1.05	0.95				
	123	2	0.0	0.0	0.0	0.0	1	1.04777038131251	3.078061502368903	230.0	15	1.05	0.95				
	124	1	0.0	0.0	0.0	0.0	1	1.0171243847937845	10.357646170877318	230.0	16	1.05	0.95				
	201	2	40.42562570526316	8.234849680701755	0.0	0.0	2	1.0117310970682802	-17.008565790136043	138.0	21	1.05	0.95				
	202	2	36.30820086491228	7.48622698245614	0.0	0.0	2	1.0109003120841136	-17.30697935545035	138.0	22	1.05	0.95				
	203	1	67.37604284210526	13.849519917543859	0.0	0.0	2	1.0119658068460884	-12.690112648463534	138.0	21	1.05	0.95				
	204	1	27.699039835087717	5.614670236842105	0.0	0.0	2	1.0112172604106782	-17.05375451681836	138.0	21	1.05	0.95				
	205	1	26.576105787719296	5.240358887719299	0.0	0.0	2	1.0263903333926239	-17.512547908750566	138.0	21	1.05	0.95				
	206	1	50.90634348070176	10.480717775438597	0.0	-100.0	2	1.0427054300132332	-18.28050177187871	138.0	22	1.05	0.95				
	207	2	46.78891864035087	9.357783728070174	0.0	0.0	2	0.9944716790934667	-22.688929927622787	138.0	22	1.05	0.95				
	208	1	64.0072407	13.100897219298243	0.0	0.0	2	1.0016420729763	-21.035391715682263	138.0	22	1.05	0.95				
	209	1	65.50448609649122	13.475208568421051	0.0	0.0	2	1.0218796072773135	-15.28768263666913	138.0	23	1.05	0.95				
	210	1	72.99071307894737	14.97245396491228	0.0	0.0	2	1.05	-16.808015304365192	138.0	23	1.05	0.95				
	211	1	0.0	0.0	0.0	0.0	2	1.0058401838014233	-12.574584653523976	230.0	23	1.05	0.95				
	212	1	0.0	0.0	0.0	0.0	2	1.0079504634549008	-12.044659490114926	230.0	23	1.05	0.95				
	213	2	99.19250751754385	20.21281285263158	0.0	0.0	2	0.9998746485348202	-11.46127621665627	230.0	24	1.05	0.95				
	214	2	72.61640172982456	14.598142615789472	0.0	0.0	2	1.008757047613473	-9.96981997488604	230.0	26	1.05	0.95				
	215	2	118.6566976719298	23.955926343859648	0.0	0.0	2	1.026121007385127	-3.186345510628555	230.0	26	1.05	0.95				
	216	2	37.4311349122807	7.48622698245614	0.0	0.0	2	1.0280378034624476	-4.049591339311488	230.0	26	1.05	0.95				
	217	1	0.0	0.0	0.0	0.0	2	1.0354591797492878	-1.6417499111794083	230.0	27	1.05	0.95				
	218	2	124.64567925789474	25.45317174035088	0.0	0.0	2	1.0343059133340293	-2.109368918764233	230.0	27	1.05	0.95				
	219	1	67.75035419122807	13.849519917543859	0.0	0.0	2	1.0272529509874955	-4.581812696128648	230.0	25	1.05	0.95				
	220	1	47.911852687719296	9.732095077192984	0.0	0.0	2	1.0288018385413575	-4.312920801723579	230.0	25	1.05	0.95				
	221	2	0.0	0.0	0.0	0.0	2	1.034277168773846	-1.669407177860108	230.0	27	1.05	0.95				
	222	2	0.0	0.0	0.0	0.0	2	1.05	4.838873357383807	230.0	27	1.05	0.95				
	223	2	0.0	0.0	0.0	0.0	2	1.0299997928626414	-3.8776045265126884	230.0	25	1.05	0.95				
	224	1	0.0	0.0	0.0	0.0	2	1.009083785227712	-6.73072284718616	230.0	26	1.05	0.95				
	301	2	52.428345461052636	10.679848149473685	0.0	0.0	3	1.0134315190773866	11.42512101633163	138.0	31	1.05	0.95				
	302	2	47.08842138631579	9.708952863157895	0.0	0.0	3	1.0121270757466763	11.097105323709581	138.0	32	1.05	0.95				
	303	1	87.38057576842105	17.961562796842102	0.0	0.0	3	1.05	25.444977898352224	138.0	31	1.05	0.95				
	304	1	35.923125593684205	7.28171464736842	0.0	0.0	3	1.0106730526602383	12.679284216584751	138.0	31	1.05	0.95				
	305	1	34.46678266421053	6.796267004210526	0.0	0.0	3	1.0256770385518479	10.224848237979156	138.0	31	1.05	0.95				
	306	1	66.0208794694737	13.592534008421053	0.0	-100.0	3	1.039686822068933	8.992342151600393	138.0	32	1.05	0.95				
	307	2	60.68095539473685	12.136191078947368	0.0	0.0	3	0.9908420494111511	4.6311688170592324	138.0	32	1.05	0.95				
	308	1	83.01154697999999	16.990667510526315	0.0	0.0	3	0.9957752374338935	6.866106599234592	138.0	32	1.05	0.95				
	309	1	84.95333755263158	17.47611515368421	0.0	0.0	3	1.0253094637736813	15.964076555728724	138.0	33	1.05	0.95				
	310	1	94.66229041578947	19.41790572631579	0.0	0.0	3	1.05	10.583892399633546	138.0	33	1.05	0.95				
	311	1	0.0	0.0	0.0	0.0	3	1.0111158960488793	14.705338861818225	230.0	33	1.05	0.95				
	312	1	0.0	0.0	0.0	0.0	3	1.0144412844748552	14.832159260800767	230.0	33	1.05	0.95				
	313	2	128.6436254368421	26.214172730526318	0.0	0.0	3	1.0078714792895263	15.11227940242308	230.0	34	1.05	0.95				
	314	2	94.17684277263157	18.932458083157897	0.0	0.0	3	1.010334546751655	15.88277195894056	230.0	36	1.05	0.95				
	315	2	153.88690288105263	31.068649162105267	0.0	0.0	3	1.0411184717089934	18.678299213316546	230.0	36	1.05	0.95				
	316	2	48.54476431578947	9.708952863157895	0.0	0.0	3	1.0350939038696991	18.45498814555414	230.0	36	1.05	0.95				
	317	1	0.0	0.0	0.0	0.0	3	1.05	22.456239725639964	230.0	37	1.05	0.95				
	318	2	161.65406517157894	33.01043973473685	0.0	0.0	3	1.0463248620333208	18.883985652483368	230.0	37	1.05	0.95				
	319	1	87.86602341157895	17.961562796842102	0.0	0.0	3	1.0266514722286482	17.373319282939317	230.0	35	1.05	0.95				
	320	1	62.13729832421053	12.621638722105263	0.0	0.0	3	1.0221755935724826	16.990914538773126	230.0	35	1.05	0.95				
	321	2	0.0	0.0	0.0	0.0	3	1.045446253994727	19.49355773900329	230.0	37	1.05	0.95				
	322	2	0.0	0.0	0.0	0.0	3	1.05	24.9990527357198	230.0	37	1.05	0.95				
	323	2	0.0	0.0	0.0	0.0	3	1.0202634652606601	17.058840631296675	230.0	35	1.05	0.95				
	324	1	0.0	0.0	0.0	0.0	3	1.0429837080365556	21.978283075174687	230.0	36	1.05	0.95				
	325	1	0.0	0.0	0.0	0.0	3	1.021884779851871	17.51262055944055	230.0	35	1.05	0.95				
];
