%% MATPOWER Case Format : Version 2
function mpc = RTS_GMLC
mpc.version = '2';

%%-----  Power Flow Data  -----%%
%% system MVA base
mpc.baseMVA = 100.0;
%% bus data
%    bus_i    type    Pd    Qd    Gs    Bs    area    Vm    Va    baseKV    zone    Vmax    Vmin
mpc.bus = [
	101	2	49.56457198736843	10.096486886315791	0.0	0.0	1	1.0322659222516573	2.514835962047616	138.0	11	1.05	0.95				
	102	2	44.51632854421053	9.178624442105265	0.0	0.0	1	1.0318519633913465	2.388285196718921	138.0	12	1.05	0.95				
	103	1	82.60761997894738	16.98045521789474	0.0	0.0	1	1.0275032512559588	-0.04214733018078736	138.0	11	1.05	0.95				
	104	1	33.96091043578948	6.883968331578948	0.0	0.0	1	1.0205936768667025	-0.8720616347233171	138.0	11	1.05	0.95				
	105	1	32.58411676947369	6.425037109473686	0.0	0.0	1	1.034837076740052	-0.6171068117109223	138.0	11	1.05	0.95				
	106	1	62.41464620631581	12.850074218947372	0.0	-100.0	1	1.044241615749394	-2.833368604053358	138.0	12	1.05	0.95				
	107	2	57.3664027631579	11.47328055263158	0.0	0.0	1	1.020738633097929	-3.2165087239601826	138.0	12	1.05	0.95				
	108	1	78.47723898000001	16.062592773684212	0.0	0.0	1	1.0168875440564276	-4.1562062865276435	138.0	12	1.05	0.95				
	109	1	80.31296386842106	16.521523995789476	0.0	0.0	1	1.0255628439445144	-1.6774737209030959	138.0	13	1.05	0.95				
	110	1	89.49158831052632	18.35724888421053	0.0	0.0	1	1.05	-2.3414218643774976	138.0	13	1.05	0.95				
	111	1	0.0	0.0	0.0	0.0	1	1.0037065655766413	-0.30713350882096835	230.0	13	1.05	0.95				
	112	1	0.0	0.0	0.0	0.0	1	1.0094281631932769	0.3507760265882402	230.0	13	1.05	0.95				
	113	3	121.61677385789476	24.782285993684216	0.0	0.0	1	0.9959813714817366	-6.398318785664443e-31	230.0	14	1.05	0.95				
	114	2	89.03265708842106	17.898317662105264	0.0	0.0	1	0.9988529787491766	1.254282386722524	230.0	16	1.05	0.95				
	115	2	145.48119740736846	29.371598214736842	0.0	0.0	1	1.0390694879805449	6.2440835091447315	230.0	16	1.05	0.95				
	116	2	45.89312221052632	9.178624442105265	0.0	0.0	1	1.034558813218994	6.115283204305072	230.0	16	1.05	0.95				
	117	1	0.0	0.0	0.0	0.0	1	1.0427259902616541	7.4976579993113015	230.0	17	1.05	0.95				
	118	2	152.82409696105265	31.207323103157904	0.0	0.0	1	1.045558553563528	7.218677843675373	230.0	17	1.05	0.95				
	119	1	83.06655120105265	16.98045521789474	0.0	0.0	1	1.0286832625401514	5.597909155530852	230.0	15	1.05	0.95				
	120	1	58.743196429473684	11.932211774736844	0.0	0.0	1	1.0267963503351714	6.037013119044941	230.0	15	1.05	0.95				
	121	2	0.0	0.0	0.0	0.0	1	1.05	7.801923101801833	230.0	17	1.05	0.95				
	122	2	0.0	0.0	0.0	0.0	1	1.05	15.190794554231854	230.0	17	1.05	0.95				
	123	2	0.0	0.0	0.0	0.0	1	1.0265571310463855	6.632606569175791	230.0	15	1.05	0.95				
	124	1	0.0	0.0	0.0	0.0	1	1.0262205958444302	3.900945987962686	230.0	16	1.05	0.95				
	201	2	53.838501498947366	10.967102157192981	0.0	0.0	2	1.0312953177018327	-6.706058119469763	138.0	21	1.05	0.95				
	202	2	48.354950420350875	9.970092870175439	0.0	0.0	2	1.031532728669569	-6.746536894437362	138.0	22	1.05	0.95				
	203	1	89.73083583157894	18.44467180982456	0.0	0.0	2	1.0226103452201216	-5.826667173546907	138.0	21	1.05	0.95				
	204	1	36.88934361964912	7.477569652631579	0.0	0.0	2	1.0188870019295357	-9.237159626696823	138.0	21	1.05	0.95				
	205	1	35.3938296891228	6.979065009122808	0.0	0.0	2	1.0341241069473024	-9.39996811994821	138.0	21	1.05	0.95				
	206	1	67.79663151719298	13.958130018245615	0.0	-100.0	2	1.0433355868026175	-11.38731389095522	138.0	22	1.05	0.95				
	207	2	62.313080438596494	12.462616087719297	0.0	0.0	2	0.987026324764831	-18.96831331697673	138.0	22	1.05	0.95				
	208	1	85.24429403999999	17.447662522807015	0.0	0.0	2	0.9924930767125879	-16.662160237742178	138.0	22	1.05	0.95				
	209	1	87.23831261403507	17.94616716631579	0.0	0.0	2	1.0234608865846966	-9.247404448306112	138.0	23	1.05	0.95				
	210	1	97.20840548421052	19.940185740350877	0.0	0.0	2	1.05	-10.551259363514228	138.0	23	1.05	0.95				
	211	1	0.0	0.0	0.0	0.0	2	1.0089472108656017	-6.636660879786127	230.0	23	1.05	0.95				
	212	1	0.0	0.0	0.0	0.0	2	1.0129521591407147	-6.151129316559612	230.0	23	1.05	0.95				
	213	2	132.10373052982453	26.919250749473683	0.0	0.0	2	1.0047554587972038	-5.8934012274603775	230.0	24	1.05	0.95				
	214	2	96.70990084070175	19.441681096842103	0.0	0.0	2	1.0119950698865892	-3.94654534022642	230.0	26	1.05	0.95				
	215	2	158.0259719922807	31.904297184561404	0.0	0.0	2	1.031108306315428	3.057020389978417	230.0	26	1.05	0.95				
	216	2	49.85046435087719	9.970092870175439	0.0	0.0	2	1.0340017307763325	2.845703354893548	230.0	26	1.05	0.95				
	217	1	0.0	0.0	0.0	0.0	2	1.0380156127051576	5.808549460648071	230.0	27	1.05	0.95				
	218	2	166.00204628842104	33.89831575859649	0.0	0.0	2	1.039767256693948	6.374677634464303	230.0	27	1.05	0.95				
	219	1	90.22934047508771	18.44467180982456	0.0	0.0	2	1.0349486131897794	1.6616007718949153	230.0	25	1.05	0.95				
	220	1	63.80859436912281	12.961120731228071	0.0	0.0	2	1.039582168416702	1.5903316325519379	230.0	25	1.05	0.95				
	221	2	0.0	0.0	0.0	0.0	2	1.0392978878437331	6.022915461636404	230.0	27	1.05	0.95				
	222	2	0.0	0.0	0.0	0.0	2	1.05	12.44024641997916	230.0	27	1.05	0.95				
	223	2	0.0	0.0	0.0	0.0	2	1.0429610865262642	1.9215016989801383	230.0	25	1.05	0.95				
	224	1	0.0	0.0	0.0	0.0	2	1.016835590988491	-0.27467346794086706	230.0	26	1.05	0.95				
	301	2	61.36285986947369	12.499841825263157	0.0	0.0	3	1.007270603620693	-34.31652138361657	138.0	31	1.05	0.95				
	302	2	55.11293895684211	11.363492568421051	0.0	0.0	3	1.006648792392983	-34.46416634658687	138.0	32	1.05	0.95				
	303	1	102.27143311578948	21.022461251578946	0.0	0.0	3	1.0210072441209792	-26.910625736405112	138.0	31	1.05	0.95				
	304	1	42.04492250315789	8.522619426315789	0.0	0.0	3	1.006907926427411	-32.52718791727645	138.0	31	1.05	0.95				
	305	1	40.340398617894735	7.9544447978947375	0.0	0.0	3	1.0208266460899293	-33.466101820580455	138.0	31	1.05	0.95				
	306	1	77.27174946526316	15.908889595789475	0.0	-100.0	3	1.035919880205105	-33.62830276897881	138.0	32	1.05	0.95				
	307	2	71.02182855263158	14.204365710526314	0.0	0.0	3	0.9957411321587016	-38.11618386324916	138.0	32	1.05	0.95				
	308	1	97.15786145999999	19.88611199473684	0.0	0.0	3	0.9965779221406352	-36.32434168051311	138.0	32	1.05	0.95				
	309	1	99.43055997368421	20.454286623157895	0.0	0.0	3	1.0267941947214672	-28.626738425918244	138.0	33	1.05	0.95				
	310	1	110.79405254210526	22.726985136842103	0.0	0.0	3	1.05	-30.791964081202924	138.0	33	1.05	0.95				
	311	1	0.0	0.0	0.0	0.0	3	1.0180424621235291	-23.485194028217155	230.0	33	1.05	0.95				
	312	1	0.0	0.0	0.0	0.0	3	1.0172695627587158	-22.95060657844372	230.0	33	1.05	0.95				
	313	2	150.56627653157892	30.681429934736844	0.0	0.0	3	1.0255045698220557	-19.823894201280215	230.0	34	1.05	0.95				
	314	2	110.22587791368422	22.158810508421052	0.0	0.0	3	1.0301289160755356	-20.531599542944832	230.0	36	1.05	0.95				
	315	2	180.11135720947365	36.363176218947366	0.0	0.0	3	1.049228079160801	-13.313364618944384	230.0	36	1.05	0.95				
	316	2	56.81746284210526	11.363492568421051	0.0	0.0	3	1.0493434770847156	-12.966789662936785	230.0	36	1.05	0.95				
	317	1	0.0	0.0	0.0	0.0	3	1.0499999973754242	-9.89811857503545	230.0	37	1.05	0.95				
	318	2	189.20215126421053	38.63587473263158	0.0	0.0	3	1.0495314529145676	-9.423017287165258	230.0	37	1.05	0.95				
	319	1	102.83960774421053	21.022461251578946	0.0	0.0	3	1.0461254539886906	-14.26347979254416	230.0	35	1.05	0.95				
	320	1	72.72635243789473	14.772540338947367	0.0	0.0	3	1.047901239881153	-14.329550003341367	230.0	35	1.05	0.95				
	321	2	0.0	0.0	0.0	0.0	3	1.05	-9.0682791147524	230.0	37	1.05	0.95				
	322	2	0.0	0.0	0.0	0.0	3	1.05	-3.617497481634393	230.0	37	1.05	0.95				
	323	2	0.0	0.0	0.0	0.0	3	1.05	-13.950294031154737	230.0	35	1.05	0.95				
	324	1	0.0	0.0	0.0	0.0	3	1.0212860218750919	-18.328911930093728	230.0	36	1.05	0.95				
	325	1	0.0	0.0	0.0	0.0	3	1.041400463126612	-12.193357658156444	230.0	35	1.05	0.95				
];
