%% MATPOWER Case Format : Version 2
function mpc = RTS_GMLC
mpc.version = '2';

%%-----  Power Flow Data  -----%%
%% system MVA base
mpc.baseMVA = 100.0;
%% bus data
%    bus_i    type    Pd    Qd    Gs    Bs    area    Vm    Va    baseKV    zone    Vmax    Vmin
mpc.bus = [
	101	2	71.96882729684211	14.660316671578947	0.0	0.0	1	1.0499999940943965	-4.380348381267127	138.0	11	1.05	0.95				
	102	2	64.63866896105263	13.327560610526316	0.0	0.0	1	1.045022093704471	-4.94268707412536	138.0	12	1.05	0.95				
	103	1	119.94804549473683	24.65598712947368	0.0	0.0	1	1.0207750450351039	0.03482869736281464	138.0	11	1.05	0.95				
	104	1	49.31197425894736	9.995670457894736	0.0	0.0	1	1.0239025883462298	-5.874775669916062	138.0	11	1.05	0.95				
	105	1	47.312840167368414	9.329292427368422	0.0	0.0	1	1.041586015814496	-6.874267482235944	138.0	11	1.05	0.95				
	106	1	90.62741215157895	18.658584854736844	0.0	-100.0	1	1.0420917801902816	-9.03486482726644	138.0	12	1.05	0.95				
	107	2	83.29725381578946	16.659450763157892	0.0	0.0	1	0.9903113813562388	-14.075392903811004	138.0	12	1.05	0.95				
	108	1	113.95064321999999	23.323231068421048	0.0	0.0	1	0.9895384945742971	-12.860813798064287	138.0	12	1.05	0.95				
	109	1	116.61615534210526	23.989609098947366	0.0	0.0	1	1.0214031723483394	-5.08548637244699	138.0	13	1.05	0.95				
	110	1	129.94371595263158	26.65512122105263	0.0	0.0	1	1.05	-7.356460513799338	138.0	13	1.05	0.95				
	111	1	0.0	0.0	0.0	0.0	1	1.0147150117823078	-1.3674331728273659	230.0	13	1.05	0.95				
	112	1	0.0	0.0	0.0	0.0	1	1.0082264471743325	-2.101911295775154	230.0	13	1.05	0.95				
	113	3	176.59017808947365	35.984413648421054	0.0	0.0	1	1.0004377421105204	3.5791471918342135e-28	230.0	14	1.05	0.95				
	114	2	129.27733792210526	25.988743190526314	0.0	0.0	1	1.039351271919664	2.2439700772307436	230.0	16	1.05	0.95				
	115	2	211.2418356768421	42.648193953684206	0.0	0.0	1	1.0244325815294975	13.808639467437539	230.0	16	1.05	0.95				
	116	2	66.63780305263157	13.327560610526316	0.0	0.0	1	1.024663819071406	11.791382502648355	230.0	16	1.05	0.95				
	117	1	0.0	0.0	0.0	0.0	1	1.026551124890167	18.915084482299303	230.0	17	1.05	0.95				
	118	2	221.90388416526315	45.313706075789476	0.0	0.0	1	1.037452449729183	19.925685458113783	230.0	17	1.05	0.95				
	119	1	120.61442352526315	24.65598712947368	0.0	0.0	1	1.0191194982025904	7.455694803527005	230.0	15	1.05	0.95				
	120	1	85.29638790736841	17.32582879368421	0.0	0.0	1	1.0230435741392239	4.471020467933429	230.0	15	1.05	0.95				
	121	2	0.0	0.0	0.0	0.0	1	1.0360016401038903	21.992076711393175	230.0	17	1.05	0.95				
	122	2	0.0	0.0	0.0	0.0	1	1.05	40.01019115775241	230.0	17	1.05	0.95				
	123	2	0.0	0.0	0.0	0.0	1	1.0274990028827624	3.347688769336651	230.0	15	1.05	0.95				
	124	1	0.0	0.0	0.0	0.0	1	1.0057607332918237	8.614945552595456	230.0	16	1.05	0.95				
	201	2	56.67747521684211	11.545411618245614	0.0	0.0	2	1.0108859748834709	-11.668605205832721	138.0	21	1.05	0.95				
	202	2	50.9047694077193	10.49582874385965	0.0	0.0	2	1.0099438838953563	-11.887874480759026	138.0	22	1.05	0.95				
	203	1	94.46245869473685	19.41728317614035	0.0	0.0	2	0.9978988073850739	-8.954921282201427	138.0	21	1.05	0.95				
	204	1	38.8345663522807	7.871871557894737	0.0	0.0	2	0.997577862180109	-10.563909239283587	138.0	21	1.05	0.95				
	205	1	37.26019204070175	7.347080120701756	0.0	0.0	2	1.0135064435083565	-10.933795924607399	138.0	21	1.05	0.95				
	206	1	71.37163545824562	14.694160241403512	0.0	-100.0	2	1.022451631180967	-11.145923652357622	138.0	22	1.05	0.95				
	207	2	65.59892964912282	13.119785929824562	0.0	0.0	2	0.9865893883110186	-17.983477096505055	138.0	22	1.05	0.95				
	208	1	89.73933576	18.367700301754386	0.0	0.0	2	0.9823519302056534	-15.373786639837157	138.0	22	1.05	0.95				
	209	1	91.83850150877193	18.89249173894737	0.0	0.0	2	1.004862296004386	-7.238064072501737	138.0	23	1.05	0.95				
	210	1	102.33433025263159	20.9916574877193	0.0	0.0	2	1.0300465579667386	-8.449064846285689	138.0	23	1.05	0.95				
	211	1	0.0	0.0	0.0	0.0	2	0.9922499352778748	-3.683658337406797	230.0	23	1.05	0.95				
	212	1	0.0	0.0	0.0	0.0	2	0.9837705931927513	2.0300532728858287	230.0	23	1.05	0.95				
	213	2	139.06973085614035	28.338737608421056	0.0	0.0	2	0.9864803326262249	-0.23602904873019148	230.0	24	1.05	0.95				
	214	2	101.8095388154386	20.466866050526317	0.0	0.0	2	1.002090462669995	-2.470268487301277	230.0	26	1.05	0.95				
	215	2	166.35888559017545	33.58665198035088	0.0	0.0	2	1.007842929134014	2.333346992504007	230.0	26	1.05	0.95				
	216	2	52.47914371929825	10.49582874385965	0.0	0.0	2	1.0021627227631327	2.7801987073215386	230.0	26	1.05	0.95				
	217	1	0.0	0.0	0.0	0.0	2	1.0143006695885313	3.324432028346965	230.0	27	1.05	0.95				
	218	2	174.75554858526317	35.68581772912281	0.0	0.0	2	1.0130042450012202	2.714727457611206	230.0	27	1.05	0.95				
	219	1	94.98725013192984	19.41728317614035	0.0	0.0	2	0.9860810859949716	4.460089719282933	230.0	25	1.05	0.95				
	220	1	67.17330396070176	13.644577367017547	0.0	0.0	2	0.9775840672868383	7.068800567293093	230.0	25	1.05	0.95				
	221	2	0.0	0.0	0.0	0.0	2	1.014975145794366	3.414197671375188	230.0	27	1.05	0.95				
	222	2	0.0	0.0	0.0	0.0	2	1.0374937974258687	10.029219530660134	230.0	27	1.05	0.95				
	223	2	0.0	0.0	0.0	0.0	2	0.975457067888827	8.966573623509346	230.0	25	1.05	0.95				
	224	1	0.0	0.0	0.0	0.0	2	0.9904613895835721	-1.8970246145906486	230.0	26	1.05	0.95				
	301	2	67.47864601263159	13.74565011368421	0.0	0.0	3	1.0258799882080902	51.64233634881034	138.0	31	1.05	0.95				
	302	2	60.60582095578947	12.496045557894737	0.0	0.0	3	1.022496483240097	51.275545511347445	138.0	32	1.05	0.95				
	303	1	112.46441002105263	23.117684282105262	0.0	0.0	3	1.0065184335778683	69.41827594191483	138.0	31	1.05	0.95				
	304	1	46.235368564210525	9.372034168421052	0.0	0.0	3	1.0044597413852954	53.12727928488943	138.0	31	1.05	0.95				
	305	1	44.36096173052631	8.747231890526317	0.0	0.0	3	1.0300871966178544	50.921659229377504	138.0	31	1.05	0.95				
	306	1	84.97310979368422	17.494463781052634	0.0	-100.0	3	1.0382458102052228	49.822704824839185	138.0	32	1.05	0.95				
	307	2	78.10028473684211	15.620056947368422	0.0	0.0	3	0.95	47.31120173789479	138.0	32	1.05	0.95				
	308	1	106.84118951999999	21.868079726315788	0.0	0.0	3	0.9733890728939022	50.12427040750727	138.0	32	1.05	0.95				
	309	1	109.34039863157894	22.492882004210525	0.0	0.0	3	1.011670111479967	57.27911806217792	138.0	33	1.05	0.95				
	310	1	121.83644418947368	24.992091115789474	0.0	0.0	3	1.05	52.18355049687121	138.0	33	1.05	0.95				
	311	1	0.0	0.0	0.0	0.0	3	1.0059670671695324	56.2552834466617	230.0	33	1.05	0.95				
	312	1	0.0	0.0	0.0	0.0	3	1.0289811797234336	56.640401470918846	230.0	33	1.05	0.95				
	313	2	165.57260364210526	33.73932300631579	0.0	0.0	3	1.045917841675682	61.238406091731946	230.0	34	1.05	0.95				
	314	2	121.21164191157894	24.367288837894737	0.0	0.0	3	0.9739907513835154	53.25152743778403	230.0	36	1.05	0.95				
	315	2	198.06232209263158	39.98734578526316	0.0	0.0	3	0.9795665803029855	45.97774293941949	230.0	36	1.05	0.95				
	316	2	62.48022778947369	12.496045557894737	0.0	0.0	3	0.9775447443636993	46.520020252572	230.0	36	1.05	0.95				
	317	1	0.0	0.0	0.0	0.0	3	0.9762984113746974	45.44284719599622	230.0	37	1.05	0.95				
	318	2	208.05915853894737	42.48655489684211	0.0	0.0	3	0.9702667117357071	41.291290216705725	230.0	37	1.05	0.95				
	319	1	113.08921229894737	23.117684282105262	0.0	0.0	3	1.0076407256788502	47.60535046925921	230.0	35	1.05	0.95				
	320	1	79.97469157052632	16.24485922526316	0.0	0.0	3	1.0354383416020825	48.09669390273686	230.0	35	1.05	0.95				
	321	2	0.0	0.0	0.0	0.0	3	0.9734367022149418	43.035504937812306	230.0	37	1.05	0.95				
	322	2	0.0	0.0	0.0	0.0	3	0.9510905514566385	44.164849093070906	230.0	37	1.05	0.95				
	323	2	0.0	0.0	0.0	0.0	3	1.05	47.91137375212572	230.0	35	1.05	0.95				
	324	1	0.0	0.0	0.0	0.0	3	0.9795849760030312	57.17297105991405	230.0	36	1.05	0.95				
	325	1	0.0	0.0	0.0	0.0	3	1.0459944805942512	45.767698290513714	230.0	35	1.05	0.95				
];
