%% MATPOWER Case Format : Version 2
function mpc = RTS_GMLC
mpc.version = '2';

%%-----  Power Flow Data  -----%%
%% system MVA base
mpc.baseMVA = 100.0;
%% bus data
%    bus_i    type    Pd    Qd    Gs    Bs    area    Vm    Va    baseKV    zone    Vmax    Vmin
mpc.bus = [
	101	2	43.67293419789474	8.896338447719298	0.0	0.0	1	0.9929080461228577	-4.248323833599739	138.0	11	1.05	0.95				
	102	2	39.22476497403509	8.087580407017544	0.0	0.0	1	0.992595481393663	-4.473652860733498	138.0	12	1.05	0.95				
	103	1	72.7882236631579	14.962023752982457	0.0	0.0	1	1.0187963390437005	1.3271886842008533	138.0	11	1.05	0.95				
	104	1	29.924047505964914	6.065685305263157	0.0	0.0	1	1.0056444575924175	-4.319579461517691	138.0	11	1.05	0.95				
	105	1	28.71091044491228	5.661306284912281	0.0	0.0	1	1.0163120355345554	-5.319935553576669	138.0	11	1.05	0.95				
	106	1	54.995546767719304	11.322612569824562	0.0	-100.0	1	1.0372409841508772	-6.391393906283031	138.0	12	1.05	0.95				
	107	2	50.54737754385965	10.10947550877193	0.0	0.0	1	0.9872753241709006	-11.664803793684309	138.0	12	1.05	0.95				
	108	1	69.14881248	14.153265712280701	0.0	0.0	1	0.9966985835342317	-9.686742717109963	138.0	12	1.05	0.95				
	109	1	70.76632856140351	14.557644732631578	0.0	0.0	1	1.0250356187002658	-3.072093411093422	138.0	13	1.05	0.95				
	110	1	78.85390896842105	16.175160814035088	0.0	0.0	1	1.05	-5.056187325411546	138.0	13	1.05	0.95				
	111	1	0.0	0.0	0.0	0.0	1	1.0204639171138479	0.08519656658512377	230.0	13	1.05	0.95				
	112	1	0.0	0.0	0.0	0.0	1	1.0152549980100312	-1.2170869340203572	230.0	13	1.05	0.95				
	113	3	107.16044039298245	21.83646709894737	0.0	0.0	1	1.0032235882591594	-4.130624640664176e-30	230.0	14	1.05	0.95				
	114	2	78.44952994807018	15.770781793684211	0.0	0.0	1	1.0496933888673163	4.181958336586886	230.0	16	1.05	0.95				
	115	2	128.18814945122807	25.88025730245614	0.0	0.0	1	1.0369126001867393	14.796481804320385	230.0	16	1.05	0.95				
	116	2	40.43790203508772	8.087580407017544	0.0	0.0	1	1.03814651099037	12.676352835974196	230.0	16	1.05	0.95				
	117	1	0.0	0.0	0.0	0.0	1	1.0366955444856198	19.309283092276363	230.0	17	1.05	0.95				
	118	2	134.6582137768421	27.497773383859652	0.0	0.0	1	1.0460708828083154	20.159750439146737	230.0	17	1.05	0.95				
	119	1	73.19260268350878	14.962023752982457	0.0	0.0	1	1.0348961412160687	7.90007229420432	230.0	15	1.05	0.95				
	120	1	51.76051460491228	10.513854529122806	0.0	0.0	1	1.0397975036781288	4.503120915781428	230.0	15	1.05	0.95				
	121	2	0.0	0.0	0.0	0.0	1	1.0407118116017313	21.968483029184092	230.0	17	1.05	0.95				
	122	2	0.0	0.0	0.0	0.0	1	1.05	39.9506279049439	230.0	17	1.05	0.95				
	123	2	0.0	0.0	0.0	0.0	1	1.0438880245764925	2.9501918846636097	230.0	15	1.05	0.95				
	124	1	0.0	0.0	0.0	0.0	1	1.0131099086948323	9.783334228658	230.0	16	1.05	0.95				
	201	2	40.96962064421053	8.345663464561405	0.0	0.0	2	1.0062954571802933	-16.72013740126866	138.0	21	1.05	0.95				
	202	2	36.79678891192982	7.586966785964913	0.0	0.0	2	1.0053283498094854	-17.017245739337895	138.0	22	1.05	0.95				
	203	1	68.28270107368422	14.03588855403509	0.0	0.0	2	1.0132266439419004	-12.54386506728876	138.0	21	1.05	0.95				
	204	1	28.07177710807018	5.690225089473684	0.0	0.0	2	1.0091898274695696	-16.78061893152775	138.0	21	1.05	0.95				
	205	1	26.93373209017544	5.3108767501754395	0.0	0.0	2	1.0235361522189517	-17.23199394703217	138.0	21	1.05	0.95				
	206	1	51.59137414456141	10.621753500350879	0.0	-100.0	2	1.041194481758089	-18.007679456937094	138.0	22	1.05	0.95				
	207	2	47.41854241228071	9.48370848245614	0.0	0.0	2	0.9892477004985893	-22.44261291041594	138.0	22	1.05	0.95				
	208	1	64.86856602	13.277191875438596	0.0	0.0	2	0.9986682735223169	-20.784898155635613	138.0	22	1.05	0.95				
	209	1	66.38595937719299	13.656540214736843	0.0	0.0	2	1.0229685650566558	-15.00755144671642	138.0	23	1.05	0.95				
	210	1	73.9729261631579	15.173933571929826	0.0	0.0	2	1.05	-16.513804720597477	138.0	23	1.05	0.95				
	211	1	0.0	0.0	0.0	0.0	2	1.0063778072511507	-12.208614183087812	230.0	23	1.05	0.95				
	212	1	0.0	0.0	0.0	0.0	2	1.0137271471199982	-11.675857204822984	230.0	23	1.05	0.95				
	213	2	100.52730991403509	20.484810322105265	0.0	0.0	2	1.0048688425382934	-11.073319580902632	230.0	24	1.05	0.95				
	214	2	73.59357782385965	14.79458523263158	0.0	0.0	2	1.0056818742303004	-9.540901791591248	230.0	26	1.05	0.95				
	215	2	120.25342355754387	24.27829371508772	0.0	0.0	2	1.0287104752167513	-2.596665166272439	230.0	26	1.05	0.95				
	216	2	37.93483392982456	7.586966785964913	0.0	0.0	2	1.031141913105282	-3.572809128627698	230.0	26	1.05	0.95				
	217	1	0.0	0.0	0.0	0.0	2	1.036330488828745	-1.258188427498891	230.0	27	1.05	0.95				
	218	2	126.3229969863158	25.795687072280703	0.0	0.0	2	1.0348090264050496	-1.6776266015433745	230.0	27	1.05	0.95				
	219	1	68.66204941298247	14.03588855403509	0.0	0.0	2	1.037568777721818	-4.180856482376154	230.0	25	1.05	0.95				
	220	1	48.55658743017544	9.863056821754387	0.0	0.0	2	1.04539046203121	-3.978219942480017	230.0	25	1.05	0.95				
	221	2	0.0	0.0	0.0	0.0	2	1.0353097913446918	-1.1886730812634707	230.0	27	1.05	0.95				
	222	2	0.0	0.0	0.0	0.0	2	1.05	5.282385295163271	230.0	27	1.05	0.95				
	223	2	0.0	0.0	0.0	0.0	2	1.05	-3.5884438114393697	230.0	25	1.05	0.95				
	224	1	0.0	0.0	0.0	0.0	2	1.01062929258034	-6.302585667432336	230.0	26	1.05	0.95				
	301	2	51.60835178526316	10.512812400701755	0.0	0.0	3	1.0236278791995532	12.419991855470137	138.0	31	1.05	0.95				
	302	2	46.35194558491227	9.55710218245614	0.0	0.0	3	1.0204648315087717	12.067248389568249	138.0	32	1.05	0.95				
	303	1	86.01391964210526	17.68063903754386	0.0	0.0	3	1.05	27.758867515851453	138.0	31	1.05	0.95				
	304	1	35.36127807508772	7.167826636842105	0.0	0.0	3	1.0085130263266926	13.419937915735188	138.0	31	1.05	0.95				
	305	1	33.9277127477193	6.689971527719299	0.0	0.0	3	1.0271792972899456	11.157740994670787	138.0	31	1.05	0.95				
	306	1	64.98829484070176	13.379943055438599	0.0	-100.0	3	1.035916432101354	9.878354044321814	138.0	32	1.05	0.95				
	307	2	59.731888640350874	11.946377728070175	0.0	0.0	3	0.95	5.33946927200846	138.0	32	1.05	0.95				
	308	1	81.71322365999998	16.724928819298242	0.0	0.0	3	0.9677611421422135	7.501831790877438	138.0	32	1.05	0.95				
	309	1	83.62464409649122	17.20278392842105	0.0	0.0	3	1.0140608984971553	16.535509677522594	138.0	33	1.05	0.95				
	310	1	93.18174627894736	19.11420436491228	0.0	0.0	3	1.0422750025199439	11.419124826766843	138.0	33	1.05	0.95				
	311	1	0.0	0.0	0.0	0.0	3	1.0011867864923232	15.524211450658987	230.0	33	1.05	0.95				
	312	1	0.0	0.0	0.0	0.0	3	1.006470124547753	15.646481860649443	230.0	33	1.05	0.95				
	313	2	126.63160391754384	25.80417589263158	0.0	0.0	3	1.0004411414231962	16.222278580719752	230.0	34	1.05	0.95				
	314	2	92.70389116982454	18.636349255789472	0.0	0.0	3	0.9977269294550798	16.571983621017097	230.0	36	1.05	0.95				
	315	2	151.4800695919298	30.582726983859647	0.0	0.0	3	1.0472416232206272	19.27610364306006	230.0	36	1.05	0.95				
	316	2	47.7855109122807	9.55710218245614	0.0	0.0	3	1.0307867221568818	19.099009916129074	230.0	36	1.05	0.95				
	317	1	0.0	0.0	0.0	0.0	3	1.05	22.78092634955599	230.0	37	1.05	0.95				
	318	2	159.12575133789474	32.49414742035088	0.0	0.0	3	1.048891123676798	19.24646377485472	230.0	37	1.05	0.95				
	319	1	86.49177475122806	17.68063903754386	0.0	0.0	3	1.0224884234521405	18.227851662900623	230.0	35	1.05	0.95				
	320	1	61.165453967719294	12.424232837192982	0.0	0.0	3	1.0174370493810292	17.760466761969365	230.0	35	1.05	0.95				
	321	2	0.0	0.0	0.0	0.0	3	1.05	19.92187194104842	230.0	37	1.05	0.95				
	322	2	0.0	0.0	0.0	0.0	3	1.0499999987914783	25.39208012849814	230.0	37	1.05	0.95				
	323	2	0.0	0.0	0.0	0.0	3	1.0151966123578706	17.782966862640652	230.0	35	1.05	0.95				
	324	1	0.0	0.0	0.0	0.0	3	1.0461635788611783	22.939854130406143	230.0	36	1.05	0.95				
	325	1	0.0	0.0	0.0	0.0	3	1.0172547206570746	18.153586922459557	230.0	35	1.05	0.95				
];
