%% MATPOWER Case Format : Version 2
function mpc = RTS_GMLC
mpc.version = '2';

%%-----  Power Flow Data  -----%%
%% system MVA base
mpc.baseMVA = 100.0;
%% bus data
%    bus_i    type    Pd    Qd    Gs    Bs    area    Vm    Va    baseKV    zone    Vmax    Vmin
mpc.bus = [
	101	2	40.17268678736843	8.18332508631579	0.0	0.0	1	1.022532383476612	-2.838455996761667	138.0	11	1.05	0.95				
	102	2	36.08102424421053	7.439386442105264	0.0	0.0	1	1.0217522555169198	-3.0315731921888514	138.0	12	1.05	0.95				
	103	1	66.95447797894737	13.762864917894738	0.0	0.0	1	1.0286589742566368	-0.9345019948514383	138.0	11	1.05	0.95				
	104	1	27.525729835789477	5.5795398315789475	0.0	0.0	1	1.0209439085411731	-3.494310631038113	138.0	11	1.05	0.95				
	105	1	26.40982186947368	5.207570509473685	0.0	0.0	1	1.0318200031387916	-4.427658672191827	138.0	11	1.05	0.95				
	106	1	50.5878278063158	10.41514101894737	0.0	-100.0	1	1.0451210339692476	-5.752628167863414	138.0	12	1.05	0.95				
	107	2	46.4961652631579	9.29923305263158	0.0	0.0	1	1.0039954893916183	-8.867722118926324	138.0	12	1.05	0.95				
	108	1	63.60675408	13.018926273684212	0.0	0.0	1	1.0087048134462335	-8.034657886858277	138.0	12	1.05	0.95				
	109	1	65.09463136842105	13.390895595789473	0.0	0.0	1	1.0247726485513644	-3.4611248366678686	138.0	13	1.05	0.95				
	110	1	72.53401781052632	14.878772884210528	0.0	0.0	1	1.05	-4.835835053500553	138.0	13	1.05	0.95				
	111	1	0.0	0.0	0.0	0.0	1	1.001736380540937	-1.4581078583362135	230.0	13	1.05	0.95				
	112	1	0.0	0.0	0.0	0.0	1	1.0055733698080331	-1.6715045041243548	230.0	13	1.05	0.95				
	113	3	98.57187035789474	20.086343393684214	0.0	0.0	1	0.9943188142570588	-3.825492218041536e-28	230.0	14	1.05	0.95				
	114	2	72.16204848842106	14.506803562105263	0.0	0.0	1	0.997820961015071	0.11993785882604104	230.0	16	1.05	0.95				
	115	2	117.91427510736843	23.806036614736843	0.0	0.0	1	1.0277757054760046	5.432443409595096	230.0	16	1.05	0.95				
	116	2	37.19693221052632	7.439386442105264	0.0	0.0	1	1.0238046469956779	4.541492562976961	230.0	16	1.05	0.95				
	117	1	0.0	0.0	0.0	0.0	1	1.0320123315935856	7.71140684484982	230.0	17	1.05	0.95				
	118	2	123.86578426105264	25.2939139031579	0.0	0.0	1	1.0347756250259053	8.322555110497657	230.0	17	1.05	0.95				
	119	1	67.32644730105264	13.762864917894738	0.0	0.0	1	1.0150488679003817	2.695735015520784	230.0	15	1.05	0.95				
	120	1	47.61207322947369	9.671202374736843	0.0	0.0	1	1.0096230718067452	1.421679216009751	230.0	15	1.05	0.95				
	121	2	0.0	0.0	0.0	0.0	1	1.0365179712998105	9.423308465258915	230.0	17	1.05	0.95				
	122	2	0.0	0.0	0.0	0.0	1	1.05	15.800687954177874	230.0	17	1.05	0.95				
	123	2	0.0	0.0	0.0	0.0	1	1.0069878960407104	1.0143125218155395	230.0	15	1.05	0.95				
	124	1	0.0	0.0	0.0	0.0	1	1.019630320530299	3.0228011303239906	230.0	16	1.05	0.95				
	201	2	37.50165276252632	7.639225562736843	0.0	0.0	2	1.0175989101202294	-8.714072368754547	138.0	21	1.05	0.95				
	202	2	33.6820399811579	6.944750511578948	0.0	0.0	2	1.0167507905833584	-8.936239993691586	138.0	22	1.05	0.95				
	203	1	62.50275460421053	12.847788446421053	0.0	0.0	2	1.0154277571379329	-6.895584299893085	138.0	21	1.05	0.95				
	204	1	25.695576892842105	5.208562883684211	0.0	0.0	2	1.0150027291742696	-8.561468421934647	138.0	21	1.05	0.95				
	205	1	24.653864316105263	4.861325358105264	0.0	0.0	2	1.0297303642270619	-8.792636643367851	138.0	21	1.05	0.95				
	206	1	47.22430347873684	9.722650716210527	0.0	-100.0	2	1.04494747729591	-9.294442021862057	138.0	22	1.05	0.95				
	207	2	43.40469069736842	8.680938139473685	0.0	0.0	2	1.0008209790243883	-13.427595827131936	138.0	22	1.05	0.95				
	208	1	59.377616874000005	12.153313395263158	0.0	0.0	2	1.0066238161226504	-11.899311594934929	138.0	22	1.05	0.95				
	209	1	60.766566976315794	12.500550920842105	0.0	0.0	2	1.0229647665653985	-6.811574774055437	138.0	23	1.05	0.95				
	210	1	67.71131748789475	13.889501023157896	0.0	0.0	2	1.05	-7.7522855775988795	138.0	23	1.05	0.95				
	211	1	0.0	0.0	0.0	0.0	2	0.9987847108145151	-5.039878805071307	230.0	23	1.05	0.95				
	212	1	0.0	0.0	0.0	0.0	2	1.005171258217629	-1.39231835656007	230.0	23	1.05	0.95				
	213	2	92.01794427842106	18.75082638126316	0.0	0.0	2	0.9895209319218516	-3.4820665128976147	230.0	24	1.05	0.95				
	214	2	67.3640799623158	13.542263497578949	0.0	0.0	2	0.9931015522293534	-3.9856187380443195	230.0	26	1.05	0.95				
	215	2	110.07429560852631	22.223201637052632	0.0	0.0	2	1.0114185851097284	0.5665039756019484	230.0	26	1.05	0.95				
	216	2	34.72375255789474	6.944750511578948	0.0	0.0	2	1.0085479880323744	-0.3534464339310083	230.0	26	1.05	0.95				
	217	1	0.0	0.0	0.0	0.0	2	1.0152256514623306	1.064957226450982	230.0	27	1.05	0.95				
	218	2	115.63009601778948	23.61215173936842	0.0	0.0	2	1.0152948575991154	0.9092023352067984	230.0	27	1.05	0.95				
	219	1	62.84999212978948	12.847788446421053	0.0	0.0	2	1.0045252356414227	-1.0097678965877512	230.0	25	1.05	0.95				
	220	1	44.446403274105265	9.028175665052633	0.0	0.0	2	1.0031061201086378	-0.8723159638763187	230.0	25	1.05	0.95				
	221	2	0.0	0.0	0.0	0.0	2	1.0175436930042945	1.59709321930811	230.0	27	1.05	0.95				
	222	2	0.0	0.0	0.0	0.0	2	1.0393500357883723	8.014331680601792	230.0	27	1.05	0.95				
	223	2	0.0	0.0	0.0	0.0	2	1.002591784874259	-0.5140523290017355	230.0	25	1.05	0.95				
	224	1	0.0	0.0	0.0	0.0	2	1.003535808829775	-2.268941118005316	230.0	26	1.05	0.95				
	301	2	47.986713056842106	9.775071178245614	0.0	0.0	3	1.00288066753684	5.420682420210993	138.0	31	1.05	0.95				
	302	2	43.099177467719294	8.886428343859649	0.0	0.0	3	1.0027948354492808	5.379127889736648	138.0	32	1.05	0.95				
	303	1	79.97785509473685	16.43989243614035	0.0	0.0	3	1.0161070644731023	8.193665742924342	138.0	31	1.05	0.95				
	304	1	32.8797848722807	6.664821257894736	0.0	0.0	3	1.007246324376045	6.881608589883229	138.0	31	1.05	0.95				
	305	1	31.546820620701755	6.220499840701755	0.0	0.0	3	1.0202124436786428	6.6869598886305	138.0	31	1.05	0.95				
	306	1	60.42771273824562	12.44099968140351	0.0	-100.0	3	1.0385745352086202	6.863132050319053	138.0	32	1.05	0.95				
	307	2	55.540177149122805	11.108035429824561	0.0	0.0	3	0.9937704096899604	4.116375292589713	138.0	32	1.05	0.95				
	308	1	75.97896234	15.551249601754385	0.0	0.0	3	1.0051464292284311	6.032061553136561	138.0	32	1.05	0.95				
	309	1	77.75624800877193	15.995571018947368	0.0	0.0	3	1.0250688239257095	9.931360504590916	138.0	33	1.05	0.95				
	310	1	86.64267635263158	17.772856687719297	0.0	0.0	3	1.05	9.376803272214373	138.0	33	1.05	0.95				
	311	1	0.0	0.0	0.0	0.0	3	1.0040128074651695	13.549427508514967	230.0	33	1.05	0.95				
	312	1	0.0	0.0	0.0	0.0	3	1.0109722787291884	14.375276319573725	230.0	33	1.05	0.95				
	313	2	117.74517555614035	23.993356528421053	0.0	0.0	3	1.0105193251941011	18.75030411731538	230.0	34	1.05	0.95				
	314	2	86.19835493543859	17.328535270526316	0.0	0.0	3	0.9965938593113743	12.99560980422249	230.0	36	1.05	0.95				
	315	2	140.84988925017544	28.436570700350877	0.0	0.0	3	1.0134476143641928	8.374390868629003	230.0	36	1.05	0.95				
	316	2	44.432141719298244	8.886428343859649	0.0	0.0	3	1.0133450451852541	9.236138815022615	230.0	36	1.05	0.95				
	317	1	0.0	0.0	0.0	0.0	3	1.0175643276010011	8.447348947404546	230.0	37	1.05	0.95				
	318	2	147.95903192526316	30.21385636912281	0.0	0.0	3	1.0157811827499876	7.272056946795963	230.0	37	1.05	0.95				
	319	1	80.42217651192983	16.43989243614035	0.0	0.0	3	1.0138087299094256	11.553818810819116	230.0	35	1.05	0.95				
	320	1	56.873141400701755	11.552356847017546	0.0	0.0	3	1.014669103722244	12.915060270654658	230.0	35	1.05	0.95				
	321	2	0.0	0.0	0.0	0.0	3	1.0170711611313412	8.223696680279904	230.0	37	1.05	0.95				
	322	2	0.0	0.0	0.0	0.0	3	1.030961262906107	12.77959565667625	230.0	37	1.05	0.95				
	323	2	0.0	0.0	0.0	0.0	3	1.0144291659895128	13.310619168477393	230.0	35	1.05	0.95				
	324	1	0.0	0.0	0.0	0.0	3	1.0128701550798513	10.17011571450335	230.0	36	1.05	0.95				
	325	1	0.0	0.0	0.0	0.0	3	1.0176155343567892	12.988703193454276	230.0	35	1.05	0.95				
];
