%% MATPOWER Case Format : Version 2
function mpc = RTS_GMLC
mpc.version = '2';

%%-----  Power Flow Data  -----%%
%% system MVA base
mpc.baseMVA = 100.0;
%% bus data
%    bus_i    type    Pd    Qd    Gs    Bs    area    Vm    Va    baseKV    zone    Vmax    Vmin
mpc.bus = [
	101	2	49.77832755789474	10.140029687719299	0.0	0.0	1	1.0300345329494442	0.4708901509381575	138.0	11	1.05	0.95				
	102	2	44.70831271403509	9.218208807017545	0.0	0.0	1	1.026953568804236	-0.3598026256519166	138.0	12	1.05	0.95				
	103	1	82.96387926315789	17.053686292982455	0.0	0.0	1	1.0346946723944979	1.8451798711933787	138.0	11	1.05	0.95				
	104	1	34.10737258596491	6.913656605263157	0.0	0.0	1	1.0203629415687931	-2.393454939355507	138.0	11	1.05	0.95				
	105	1	32.72464126491228	6.452746164912282	0.0	0.0	1	1.0336712254494578	-2.6620717967689016	138.0	11	1.05	0.95				
	106	1	62.6838198877193	12.905492329824565	0.0	-100.0	1	1.0432384533869345	-5.047813675804603	138.0	12	1.05	0.95				
	107	2	57.61380504385964	11.52276100877193	0.0	0.0	1	0.9996035334145652	-12.225003939878821	138.0	12	1.05	0.95				
	108	1	78.8156853	16.131865412280703	0.0	0.0	1	1.0016302197567064	-9.992830287799807	138.0	12	1.05	0.95				
	109	1	80.6593270614035	16.59277585263158	0.0	0.0	1	1.0252195562501467	-2.8393893835664588	138.0	13	1.05	0.95				
	110	1	89.87753586842105	18.43641761403509	0.0	0.0	1	1.05	-4.372891717403927	138.0	13	1.05	0.95				
	111	1	0.0	0.0	0.0	0.0	1	1.007435081136097	-0.5439620417815836	230.0	13	1.05	0.95				
	112	1	0.0	0.0	0.0	0.0	1	1.0112529611688568	-1.2198730394387398	230.0	13	1.05	0.95				
	113	3	122.14126669298244	24.88916377894737	0.0	0.0	1	1.0019539002751758	1.452140372546224e-28	230.0	14	1.05	0.95				
	114	2	89.41662542807018	17.97550717368421	0.0	0.0	1	1.0086900221364912	2.1463804302715226	230.0	16	1.05	0.95				
	115	2	146.10860959122806	29.49826818245614	0.0	0.0	1	1.0435827896129979	10.248661940443903	230.0	16	1.05	0.95				
	116	2	46.09104403508772	9.218208807017545	0.0	0.0	1	1.0378708236279512	8.626245318686284	230.0	16	1.05	0.95				
	117	1	0.0	0.0	0.0	0.0	1	1.0439217257575526	13.183500434230371	230.0	17	1.05	0.95				
	118	2	153.4831766368421	31.34190994385965	0.0	0.0	1	1.0491041756701203	14.339661647930104	230.0	17	1.05	0.95				
	119	1	83.42478970350878	17.053686292982455	0.0	0.0	1	1.0271941960343107	5.451613754054602	230.0	15	1.05	0.95				
	120	1	58.99653636491228	11.983671449122808	0.0	0.0	1	1.02243847476649	3.0164121778476445	230.0	15	1.05	0.95				
	121	2	0.0	0.0	0.0	0.0	1	1.05	16.024910278117677	230.0	17	1.05	0.95				
	122	2	0.0	0.0	0.0	0.0	1	1.05	22.853953046894645	230.0	17	1.05	0.95				
	123	2	0.0	0.0	0.0	0.0	1	1.0209179686032086	2.026064462728682	230.0	15	1.05	0.95				
	124	1	0.0	0.0	0.0	0.0	1	1.0295617791934788	7.09896268686771	230.0	16	1.05	0.95				
	201	2	47.49756021473684	9.67542893263158	0.0	0.0	2	1.011792317624079	-17.51847141023396	138.0	21	1.05	0.95				
	202	2	42.659845748421056	8.795844484210527	0.0	0.0	2	1.010851757073453	-17.822411923065427	138.0	22	1.05	0.95				
	203	1	79.16260035789475	16.272312295789472	0.0	0.0	2	1.0152584515265832	-12.718008217287531	138.0	21	1.05	0.95				
	204	1	32.544624591578945	6.596883363157895	0.0	0.0	2	1.0105390709816657	-17.29885413334382	138.0	21	1.05	0.95				
	205	1	31.225247918947368	6.157091138947369	0.0	0.0	2	1.0254680067606314	-17.824938207490646	138.0	21	1.05	0.95				
	206	1	59.81174249263158	12.314182277894737	0.0	-100.0	2	1.0408333436879618	-18.539009041126857	138.0	22	1.05	0.95				
	207	2	54.97402802631579	10.994805605263158	0.0	0.0	2	0.9929768805938991	-23.807350290678908	138.0	22	1.05	0.95				
	208	1	75.20447034	15.39272784736842	0.0	0.0	2	0.998424132368353	-21.808450960501677	138.0	22	1.05	0.95				
	209	1	76.96363923684211	15.832520071578948	0.0	0.0	2	1.023330166366602	-15.050845196537225	138.0	23	1.05	0.95				
	210	1	85.75948372105263	17.591688968421053	0.0	0.0	2	1.05	-16.715569061173802	138.0	23	1.05	0.95				
	211	1	0.0	0.0	0.0	0.0	2	1.00939680685008	-11.678441310900114	230.0	23	1.05	0.95				
	212	1	0.0	0.0	0.0	0.0	2	1.0105891896700898	-10.85532251453001	230.0	23	1.05	0.95				
	213	2	116.54493941578947	23.74878010736842	0.0	0.0	2	1.007990154914958	-10.086166439742911	230.0	24	1.05	0.95				
	214	2	85.31969149684211	17.151896744210525	0.0	0.0	2	1.0137588488204503	-8.796711165420133	230.0	26	1.05	0.95				
	215	2	139.41413507473683	28.146702349473685	0.0	0.0	2	1.0286618268773386	-1.486812757240073	230.0	26	1.05	0.95				
	216	2	43.97922242105263	8.795844484210527	0.0	0.0	2	1.029966055224947	-2.051440711411502	230.0	26	1.05	0.95				
	217	1	0.0	0.0	0.0	0.0	2	1.0322048321269368	-0.43415175740222084	230.0	27	1.05	0.95				
	218	2	146.45081066210528	29.90587124631579	0.0	0.0	2	1.0314127497222831	-0.8913484213274178	230.0	27	1.05	0.95				
	219	1	79.60239258210527	16.272312295789472	0.0	0.0	2	1.0315551825114786	-2.234038264840447	230.0	25	1.05	0.95				
	220	1	56.29340469894737	11.434597829473685	0.0	0.0	2	1.035897192622842	-1.5442216306483856	230.0	25	1.05	0.95				
	221	2	0.0	0.0	0.0	0.0	2	1.033377349723752	-0.2931211396068994	230.0	27	1.05	0.95				
	222	2	0.0	0.0	0.0	0.0	2	1.05	6.146980205500252	230.0	27	1.05	0.95				
	223	2	0.0	0.0	0.0	0.0	2	1.03904481976145	-0.8369711965470791	230.0	25	1.05	0.95				
	224	1	0.0	0.0	0.0	0.0	2	1.0097804516069437	-5.682455509268173	230.0	26	1.05	0.95				
	301	2	61.49952545684212	12.527681111578948	0.0	0.0	3	0.9911846313760969	11.60309537547398	138.0	31	1.05	0.95				
	302	2	55.235684901052636	11.388801010526317	0.0	0.0	3	0.990911515192527	11.60174721808262	138.0	32	1.05	0.95				
	303	1	102.49920909473687	21.069281869473684	0.0	0.0	3	1.0147462302823835	13.285882372001375	138.0	31	1.05	0.95				
	304	1	42.13856373894737	8.541600757894738	0.0	0.0	3	0.999865969538539	13.576257053867918	138.0	31	1.05	0.95				
	305	1	40.43024358736842	7.972160707368422	0.0	0.0	3	1.0115902383482631	13.713727743788823	138.0	31	1.05	0.95				
	306	1	77.44384687157896	15.944321414736844	0.0	-100.0	3	1.031570376937041	14.238231472261859	138.0	32	1.05	0.95				
	307	2	71.18000631578948	14.236001263157897	0.0	0.0	3	0.9822699530952704	10.888609494683786	138.0	32	1.05	0.95				
	308	1	97.37424864	19.930401768421056	0.0	0.0	3	0.9971133544980921	13.394822543173957	138.0	32	1.05	0.95				
	309	1	99.65200884210527	20.49984181894737	0.0	0.0	3	1.0271239135206263	17.501915468405606	138.0	33	1.05	0.95				
	310	1	111.04080985263158	22.777602021052633	0.0	0.0	3	1.05	17.627582707507955	138.0	33	1.05	0.95				
	311	1	0.0	0.0	0.0	0.0	3	1.016480947050837	23.36065376088082	230.0	33	1.05	0.95				
	312	1	0.0	0.0	0.0	0.0	3	1.0230323738025608	24.86539742912387	230.0	33	1.05	0.95				
	313	2	150.9016133894737	30.74976272842106	0.0	0.0	3	1.0427732288544538	32.32718421149947	230.0	34	1.05	0.95				
	314	2	110.47136980210527	22.20816197052632	0.0	0.0	3	1.0178225758262498	21.139168664268638	230.0	36	1.05	0.95				
	315	2	180.5124960168421	36.444163233684215	0.0	0.0	3	1.0402198427074587	14.134155275899063	230.0	36	1.05	0.95				
	316	2	56.94400505263159	11.388801010526317	0.0	0.0	3	1.0423593104157274	15.654376425580258	230.0	36	1.05	0.95				
	317	1	0.0	0.0	0.0	0.0	3	1.0474529557577876	14.20150220058924	230.0	37	1.05	0.95				
	318	2	189.6235368252632	38.72192343578948	0.0	0.0	3	1.0466373520406254	12.299192316488584	230.0	37	1.05	0.95				
	319	1	103.06864914526317	21.069281869473684	0.0	0.0	3	1.0411330115332749	18.915359822727254	230.0	35	1.05	0.95				
	320	1	72.88832646736843	14.805441313684211	0.0	0.0	3	1.043037518869692	21.31795994400478	230.0	35	1.05	0.95				
	321	2	0.0	0.0	0.0	0.0	3	1.0452432812326589	13.502604590154853	230.0	37	1.05	0.95				
	322	2	0.0	0.0	0.0	0.0	3	1.05	18.113211849919	230.0	37	1.05	0.95				
	323	2	0.0	0.0	0.0	0.0	3	1.0439874518318564	22.2021270881686	230.0	35	1.05	0.95				
	324	1	0.0	0.0	0.0	0.0	3	1.028730396400923	15.868379635619908	230.0	36	1.05	0.95				
	325	1	0.0	0.0	0.0	0.0	3	1.0459709971893967	21.68231236114929	230.0	35	1.05	0.95				
];
