%% MATPOWER Case Format : Version 2
function mpc = RTS_GMLC
mpc.version = '2';

%%-----  Power Flow Data  -----%%
%% system MVA base
mpc.baseMVA = 100.0;
%% bus data
%    bus_i    type    Pd    Qd    Gs    Bs    area    Vm    Va    baseKV    zone    Vmax    Vmin
mpc.bus = [
	101	2	37.260267195789474	7.590054428771929	0.0	0.0	1	1.0019259631590296	-1.7344812531075362	138.0	11	1.05	0.95				
	102	2	33.465239981403506	6.900049480701755	0.0	0.0	1	1.0006291566695533	-2.190196423549255	138.0	12	1.05	0.95				
	103	1	62.10044532631579	12.765091539298245	0.0	0.0	1	1.0236005449670655	2.8334959615907134	138.0	11	1.05	0.95				
	104	1	25.53018307859649	5.175037110526316	0.0	0.0	1	1.008467888603347	-2.832080605038512	138.0	11	1.05	0.95				
	105	1	24.495175656491227	4.830034636491228	0.0	0.0	1	1.0216687433655856	-3.243757315008169	138.0	11	1.05	0.95				
	106	1	46.920336468771936	9.660069272982456	0.0	-100.0	1	1.0407925651612835	-4.55821471729692	138.0	12	1.05	0.95				
	107	2	43.12530925438596	8.625061850877193	0.0	0.0	1	0.9809760315880794	-11.123425293134622	138.0	12	1.05	0.95				
	108	1	58.99542305999999	12.07508659122807	0.0	0.0	1	0.994133606609879	-8.61431268247742	138.0	12	1.05	0.95				
	109	1	60.37543295614035	12.420089065263157	0.0	0.0	1	1.0239955485048269	-1.9027024921915534	138.0	13	1.05	0.95				
	110	1	67.27548243684211	13.80009896140351	0.0	0.0	1	1.05	-3.6161182249749464	138.0	13	1.05	0.95				
	111	1	0.0	0.0	0.0	0.0	1	1.0147064998344222	0.8549498836613862	230.0	13	1.05	0.95				
	112	1	0.0	0.0	0.0	0.0	1	1.0122798481541648	-0.6486583311292192	230.0	13	1.05	0.95				
	113	3	91.42565561929824	18.630133597894737	0.0	0.0	1	0.9919418937677636	-7.444732645488476e-33	230.0	14	1.05	0.95				
	114	2	66.93047996280701	13.45509648736842	0.0	0.0	1	1.0421741025352944	5.129417141846274	230.0	16	1.05	0.95				
	115	2	109.3657842691228	22.080158338245614	0.0	0.0	1	1.0393137660362057	15.606222756116566	230.0	16	1.05	0.95				
	116	2	34.50024740350877	6.900049480701755	0.0	0.0	1	1.0392378693698625	13.421241766777577	230.0	16	1.05	0.95				
	117	1	0.0	0.0	0.0	0.0	1	1.0383020104721636	19.997015795692263	230.0	17	1.05	0.95				
	118	2	114.88582385368422	23.460168234385968	0.0	0.0	1	1.047963668643185	20.837882868217502	230.0	17	1.05	0.95				
	119	1	62.44544780035087	12.765091539298245	0.0	0.0	1	1.036688407822886	8.418626388167556	230.0	15	1.05	0.95				
	120	1	44.16031667649123	8.970064324912281	0.0	0.0	1	1.0422118264662812	4.748002555887756	230.0	15	1.05	0.95				
	121	2	0.0	0.0	0.0	0.0	1	1.042063475451761	22.515756049009877	230.0	17	1.05	0.95				
	122	2	0.0	0.0	0.0	0.0	1	1.05	40.486928870686405	230.0	17	1.05	0.95				
	123	2	0.0	0.0	0.0	0.0	1	1.0466055460325119	3.0031450370054773	230.0	15	1.05	0.95				
	124	1	0.0	0.0	0.0	0.0	1	1.017355879597379	10.842347811458252	230.0	16	1.05	0.95				
	201	2	43.570596581052634	8.875491896140351	0.0	0.0	2	1.01090609548603	-19.3387065580902	138.0	21	1.05	0.95				
	202	2	39.13285063298246	8.068628996491228	0.0	0.0	2	1.010085772247666	-19.65658404021599	138.0	22	1.05	0.95				
	203	1	72.61766096842106	14.926963643508772	0.0	0.0	2	1.0102601227254129	-14.237771990019352	138.0	21	1.05	0.95				
	204	1	29.853927287017545	6.051471747368422	0.0	0.0	2	1.010047488810667	-19.32879007543212	138.0	21	1.05	0.95				
	205	1	28.643632937543863	5.648040297543861	0.0	0.0	2	1.0255563128626035	-19.86357930801176	138.0	21	1.05	0.95				
	206	1	54.86667717614036	11.296080595087721	0.0	-100.0	2	1.041671948249806	-20.66936918857097	138.0	22	1.05	0.95				
	207	2	50.42893122807017	10.085786245614035	0.0	0.0	2	0.9933509786664348	-25.45301956451659	138.0	22	1.05	0.95				
	208	1	68.98677792	14.120100743859648	0.0	0.0	2	0.9997502038826521	-23.644573930894445	138.0	22	1.05	0.95				
	209	1	70.60050371929825	14.523532193684211	0.0	0.0	2	1.0215730448062144	-17.38229654570744	138.0	23	1.05	0.95				
	210	1	78.66913271578947	16.137257992982455	0.0	0.0	2	1.05	-19.086711811957006	138.0	23	1.05	0.95				
	211	1	0.0	0.0	0.0	0.0	2	1.0080670362519453	-14.52751006416911	230.0	23	1.05	0.95				
	212	1	0.0	0.0	0.0	0.0	2	1.009637063598574	-13.989739394082594	230.0	23	1.05	0.95				
	213	2	106.90933420350876	21.785298290526317	0.0	0.0	2	1.0037437127543392	-13.39307719356238	230.0	24	1.05	0.95				
	214	2	78.26570126596492	15.733826543157894	0.0	0.0	2	1.0127710500564975	-11.734300504043523	230.0	26	1.05	0.95				
	215	2	127.88776959438597	25.819612788771927	0.0	0.0	2	1.0275193054980754	-4.368827731460941	230.0	26	1.05	0.95				
	216	2	40.34314498245614	8.068628996491228	0.0	0.0	2	1.0303467926374514	-5.354766952431657	230.0	26	1.05	0.95				
	217	1	0.0	0.0	0.0	0.0	2	1.036384844345434	-2.741786228606026	230.0	27	1.05	0.95				
	218	2	134.34267279157896	27.43333858807018	0.0	0.0	2	1.035441235326928	-3.2836679182132658	230.0	27	1.05	0.95				
	219	1	73.02109241824562	14.926963643508772	0.0	0.0	2	1.0302313403520216	-6.005576306973684	230.0	25	1.05	0.95				
	220	1	51.639225577543854	10.489217695438597	0.0	0.0	2	1.0327053494284746	-5.788062896164917	230.0	25	1.05	0.95				
	221	2	0.0	0.0	0.0	0.0	2	1.035363212515504	-2.8438606999809677	230.0	27	1.05	0.95				
	222	2	0.0	0.0	0.0	0.0	2	1.05	3.694732749410543	230.0	27	1.05	0.95				
	223	2	0.0	0.0	0.0	0.0	2	1.0345265936180885	-5.362340464029677	230.0	25	1.05	0.95				
	224	1	0.0	0.0	0.0	0.0	2	1.008880413687585	-8.038629577602247	230.0	26	1.05	0.95				
	301	2	47.491300231578954	9.674153750877194	0.0	0.0	3	1.0169392519712417	11.587061780361214	138.0	31	1.05	0.95				
	302	2	42.65422335614035	8.794685228070175	0.0	0.0	3	1.0148052482699481	11.232050196048892	138.0	32	1.05	0.95				
	303	1	79.15216705263158	16.270167671929826	0.0	0.0	3	1.05	26.928121052025272	138.0	31	1.05	0.95				
	304	1	32.54033534385965	6.596013921052632	0.0	0.0	3	1.007558071172012	12.674801202637004	138.0	31	1.05	0.95				
	305	1	31.221132559649124	6.156279659649123	0.0	0.0	3	1.0241495145168942	9.967097169799931	138.0	31	1.05	0.95				
	306	1	59.803859550877206	12.312559319298247	0.0	-100.0	3	1.0354200642299527	8.52782406972434	138.0	32	1.05	0.95				
	307	2	54.966782675438594	10.99335653508772	0.0	0.0	3	0.95	4.88356702534523	138.0	32	1.05	0.95				
	308	1	75.1945587	15.390699149122808	0.0	0.0	3	0.9695331837209452	6.818999971190516	138.0	32	1.05	0.95				
	309	1	76.95349574561405	15.830433410526314	0.0	0.0	3	1.0155773408082984	15.699309608252566	138.0	33	1.05	0.95				
	310	1	85.74818097368421	17.58937045614035	0.0	0.0	3	1.0421593630170387	9.758023459018382	138.0	33	1.05	0.95				
	311	1	0.0	0.0	0.0	0.0	3	1.0043368786882743	13.577173130846434	230.0	33	1.05	0.95				
	312	1	0.0	0.0	0.0	0.0	3	1.008387024540668	13.75628588750889	230.0	33	1.05	0.95				
	313	2	116.52957927192982	23.745650115789477	0.0	0.0	3	1.0024072172779963	13.814124028622926	230.0	34	1.05	0.95				
	314	2	85.3084467122807	17.149636194736846	0.0	0.0	3	1.0031237525946104	14.313217587850978	230.0	36	1.05	0.95				
	315	2	139.3957608649123	28.142992729824563	0.0	0.0	3	1.05	18.319877750511143	230.0	36	1.05	0.95				
	316	2	43.97342614035088	8.794685228070175	0.0	0.0	3	1.041691499205583	17.904588276451193	230.0	36	1.05	0.95				
	317	1	0.0	0.0	0.0	0.0	3	1.05	22.429559036428405	230.0	37	1.05	0.95				
	318	2	146.43150904736842	29.901929775438603	0.0	0.0	3	1.0423647390252044	18.76449685171022	230.0	37	1.05	0.95				
	319	1	79.5919013140351	16.270167671929826	0.0	0.0	3	1.029667072171435	16.475029737355136	230.0	35	1.05	0.95				
	320	1	56.285985459649126	11.433090796491229	0.0	0.0	3	1.0225258225979732	16.066234350540537	230.0	35	1.05	0.95				
	321	2	0.0	0.0	0.0	0.0	3	1.0473475351776156	19.28913342775245	230.0	37	1.05	0.95				
	322	2	0.0	0.0	0.0	0.0	3	1.05	24.866694772084507	230.0	37	1.05	0.95				
	323	2	0.0	0.0	0.0	0.0	3	1.0191686569494416	16.18332556665663	230.0	35	1.05	0.95				
	324	1	0.0	0.0	0.0	0.0	3	1.047170309291929	21.61087330296959	230.0	36	1.05	0.95				
	325	1	0.0	0.0	0.0	0.0	3	1.0203651699804095	16.73315150682583	230.0	35	1.05	0.95				
];
