%% MATPOWER Case Format : Version 2
function mpc = RTS_GMLC
mpc.version = '2';

%%-----  Power Flow Data  -----%%
%% system MVA base
mpc.baseMVA = 100.0;
%% bus data
%    bus_i    type    Pd    Qd    Gs    Bs    area    Vm    Va    baseKV    zone    Vmax    Vmin
mpc.bus = [
	101	2	40.94755071157895	8.34116773754386	0.0	0.0	1	1.016685659125964	-3.273788832704621	138.0	11	1.05	0.95				
	102	2	36.77696684280701	7.582879761403509	0.0	0.0	1	1.016289744807191	-3.4792741054138614	138.0	12	1.05	0.95				
	103	1	68.24591785263158	14.02832755859649	0.0	0.0	1	1.0075210746596652	-1.114182389126962	138.0	11	1.05	0.95				
	104	1	28.05665511719298	5.687159821052631	0.0	0.0	1	1.0072581590094096	-3.8753928361446603	138.0	11	1.05	0.95				
	105	1	26.919223152982454	5.308015832982456	0.0	0.0	1	1.0195353368722972	-4.859447776129605	138.0	11	1.05	0.95				
	106	1	51.56358237754386	10.616031665964911	0.0	-100.0	1	1.0291166032555297	-6.206409715162221	138.0	12	1.05	0.95				
	107	2	47.392998508771925	9.478599701754385	0.0	0.0	1	0.9859884084642954	-8.855612994402243	138.0	12	1.05	0.95				
	108	1	64.83362196	13.270039582456139	0.0	0.0	1	0.9897849924105189	-8.251647642588424	138.0	12	1.05	0.95				
	109	1	66.35019791228069	13.649183570526313	0.0	0.0	1	1.004591618090303	-3.7850936388415772	138.0	13	1.05	0.95				
	110	1	73.9330776736842	15.165759522807019	0.0	0.0	1	1.0313882006411632	-5.224060704761062	138.0	13	1.05	0.95				
	111	1	0.0	0.0	0.0	0.0	1	0.9809281416194758	-1.870945475821337	230.0	13	1.05	0.95				
	112	1	0.0	0.0	0.0	0.0	1	0.9831432024104139	-1.8815541612332827	230.0	13	1.05	0.95				
	113	3	100.47315683859648	20.473775355789474	0.0	0.0	1	0.9649662351739366	2.6480339648504346e-32	230.0	14	1.05	0.95				
	114	2	73.55393368561403	14.78661553473684	0.0	0.0	1	0.9825145372386888	-0.68061318559833	230.0	16	1.05	0.95				
	115	2	120.1886442182456	24.265215236491226	0.0	0.0	1	0.9931399243634985	4.25888679922914	230.0	16	1.05	0.95				
	116	2	37.91439880701754	7.582879761403509	0.0	0.0	1	0.992058183895092	3.517853693176729	230.0	16	1.05	0.95				
	117	1	0.0	0.0	0.0	0.0	1	0.9995545145743802	6.376937937019527	230.0	17	1.05	0.95				
	118	2	126.25494802736841	25.78179118877193	0.0	0.0	1	1.0010159620624537	6.875981805462383	230.0	17	1.05	0.95				
	119	1	68.62506184070175	14.02832755859649	0.0	0.0	1	0.9905976077943452	2.094469236146843	230.0	15	1.05	0.95				
	120	1	48.53043047298245	9.857743689824561	0.0	0.0	1	0.9910296157573809	1.062583708323134	230.0	15	1.05	0.95				
	121	2	0.0	0.0	0.0	0.0	1	1.0014013616410051	7.982021014324919	230.0	17	1.05	0.95				
	122	2	0.0	0.0	0.0	0.0	1	1.0214601597613744	14.04853853523993	230.0	17	1.05	0.95				
	123	2	0.0	0.0	0.0	0.0	1	0.9916784526581702	0.8083736215145262	230.0	15	1.05	0.95				
	124	1	0.0	0.0	0.0	0.0	1	0.9912275285113195	2.189343739009793	230.0	16	1.05	0.95				
	201	2	41.20761846315789	8.394144501754385	0.0	0.0	2	1.011922378536747	-7.669255786750632	138.0	21	1.05	0.95				
	202	2	37.0105462122807	7.631040456140351	0.0	0.0	2	1.0106353206637824	-7.8678492478541795	138.0	22	1.05	0.95				
	203	1	68.67936410526315	14.117424843859647	0.0	0.0	2	0.9984135050532718	-6.006459904555517	138.0	21	1.05	0.95				
	204	1	28.234849687719294	5.723280342105262	0.0	0.0	2	1.0037297377426286	-7.198780448499594	138.0	21	1.05	0.95				
	205	1	27.09019361929824	5.341728319298245	0.0	0.0	2	1.0197811584167085	-7.427765391342353	138.0	21	1.05	0.95				
	206	1	51.89107510175438	10.68345663859649	0.0	-100.0	2	1.0322878515131915	-7.784259287802675	138.0	22	1.05	0.95				
	207	2	47.69400285087719	9.538800570175438	0.0	0.0	2	0.9741408947205863	-12.382131993043522	138.0	22	1.05	0.95				
	208	1	65.24539589999999	13.354320798245611	0.0	0.0	2	0.9839343053787971	-10.665952529917483	138.0	22	1.05	0.95				
	209	1	66.77160399122806	13.73587282105263	0.0	0.0	2	1.0091425582142537	-5.028363787394469	138.0	23	1.05	0.95				
	210	1	74.40264444736842	15.262080912280702	0.0	0.0	2	1.0369074364333895	-5.928915041732827	138.0	23	1.05	0.95				
	211	1	0.0	0.0	0.0	0.0	2	0.9879077942847801	-3.011058581759611	230.0	23	1.05	0.95				
	212	1	0.0	0.0	0.0	0.0	2	0.9938727235642645	1.7848109109218797	230.0	23	1.05	0.95				
	213	2	101.11128604385964	20.603809231578946	0.0	0.0	2	0.9846920500232371	-0.7807440296346952	230.0	24	1.05	0.95				
	214	2	74.0210924245614	14.880528889473682	0.0	0.0	2	0.980031140168244	-2.34194543889047	230.0	26	1.05	0.95				
	215	2	120.95199122982454	24.41932945964912	0.0	0.0	2	0.990104292783062	1.6573011450357338	230.0	26	1.05	0.95				
	216	2	38.15520228070175	7.631040456140351	0.0	0.0	2	0.9882851338475847	1.0881967384100197	230.0	26	1.05	0.95				
	217	1	0.0	0.0	0.0	0.0	2	0.9961858526144517	2.025642877615018	230.0	27	1.05	0.95				
	218	2	127.05682359473683	25.94553755087719	0.0	0.0	2	0.9965129786821356	1.8140359228867642	230.0	27	1.05	0.95				
	219	1	69.06091612807018	14.117424843859647	0.0	0.0	2	0.9859668845857562	1.3121531144494474	230.0	25	1.05	0.95				
	220	1	48.83865891929824	9.920352592982455	0.0	0.0	2	0.9865869914956155	2.3146799114155288	230.0	25	1.05	0.95				
	221	2	0.0	0.0	0.0	0.0	2	0.9989354163432249	2.569893178632102	230.0	27	1.05	0.95				
	222	2	0.0	0.0	0.0	0.0	2	1.0175121215900955	9.111252314818937	230.0	27	1.05	0.95				
	223	2	0.0	0.0	0.0	0.0	2	0.9876800959440304	3.183821659760218	230.0	25	1.05	0.95				
	224	1	0.0	0.0	0.0	0.0	2	0.9838362998048635	-1.2693918753473579	230.0	26	1.05	0.95				
	301	2	56.40873142736843	11.490667512982458	0.0	0.0	3	1.009464696570359	23.630376808096102	138.0	31	1.05	0.95				
	302	2	50.663397670877195	10.446061375438598	0.0	0.0	3	1.0096826691259562	23.31931404257663	138.0	32	1.05	0.95				
	303	1	94.01455237894739	19.325213544561407	0.0	0.0	3	1.0207143991028704	35.087725852625404	138.0	31	1.05	0.95				
	304	1	38.650427089122815	7.834546031578949	0.0	0.0	3	1.0003316407906888	24.397883052340656	138.0	31	1.05	0.95				
	305	1	37.08351788280702	7.312242962807019	0.0	0.0	3	1.0181241363512266	23.713095801676346	138.0	31	1.05	0.95				
	306	1	71.03321735298248	14.624485925614039	0.0	-100.0	3	1.030476558146423	23.13553546013842	138.0	32	1.05	0.95				
	307	2	65.28788359649124	13.057576719298247	0.0	0.0	3	0.9730559650733993	20.263754224232326	138.0	32	1.05	0.95				
	308	1	89.31382476	18.280607407017545	0.0	0.0	3	0.986937915845587	22.60509714914172	138.0	32	1.05	0.95				
	309	1	91.40303703508773	18.802910475789474	0.0	0.0	3	1.0096402548868664	27.490319417402254	138.0	33	1.05	0.95				
	310	1	101.84909841052632	20.892122750877196	0.0	0.0	3	1.0401974773227547	25.500200466238223	138.0	33	1.05	0.95				
	311	1	0.0	0.0	0.0	0.0	3	0.9955225410101282	29.234002118552795	230.0	33	1.05	0.95				
	312	1	0.0	0.0	0.0	0.0	3	1.00163150154811	29.857118591347653	230.0	33	1.05	0.95				
	313	2	138.4103132245614	28.204365713684215	0.0	0.0	3	1.004175781807893	34.4236732166305	230.0	34	1.05	0.95				
	314	2	101.32679534175439	20.369819682105266	0.0	0.0	3	0.9874390248599634	27.490638458897877	230.0	36	1.05	0.95				
	315	2	165.57007280070178	33.42739640140351	0.0	0.0	3	0.9958662504485425	21.063502223292474	230.0	36	1.05	0.95				
	316	2	52.23030687719299	10.446061375438598	0.0	0.0	3	0.9896303602365804	21.306924485093514	230.0	36	1.05	0.95				
	317	1	0.0	0.0	0.0	0.0	3	0.9980836534297743	19.44663829103685	230.0	37	1.05	0.95				
	318	2	173.92692190105265	35.51660867649124	0.0	0.0	3	0.9982133251514892	17.852981306638785	230.0	37	1.05	0.95				
	319	1	94.53685544771932	19.325213544561407	0.0	0.0	3	0.9928929854128151	22.643407292387202	230.0	35	1.05	0.95				
	320	1	66.85479280280703	13.579879788070178	0.0	0.0	3	0.9976233455744061	23.70928914323431	230.0	35	1.05	0.95				
	321	2	0.0	0.0	0.0	0.0	3	1.0035944650730246	19.49232113300118	230.0	37	1.05	0.95				
	322	2	0.0	0.0	0.0	0.0	3	1.019148503837334	23.91734141385075	230.0	37	1.05	0.95				
	323	2	0.0	0.0	0.0	0.0	3	0.999814084969715	23.988775236600144	230.0	35	1.05	0.95				
	324	1	0.0	0.0	0.0	0.0	3	1.0035299003733031	28.749271269044392	230.0	36	1.05	0.95				
	325	1	0.0	0.0	0.0	0.0	3	1.0004266292073167	22.641016613406514	230.0	35	1.05	0.95				
];
