%% MATPOWER Case Format : Version 2
function mpc = RTS_GMLC
mpc.version = '2';

%%-----  Power Flow Data  -----%%
%% system MVA base
mpc.baseMVA = 100.0;
%% bus data
%    bus_i    type    Pd    Qd    Gs    Bs    area    Vm    Va    baseKV    zone    Vmax    Vmin
mpc.bus = [
	101	2	61.36120731789473	12.499505194385964	0.0	0.0	1	1.0499999826579056	2.7556165186123462	138.0	11	1.05	0.95				
	102	2	55.111454720701744	11.363186540350876	0.0	0.0	1	1.048909059250348	2.3935085245034355	138.0	12	1.05	0.95				
	103	1	102.26867886315789	21.02189509964912	0.0	0.0	1	1.0325257671130215	0.4291298735275756	138.0	11	1.05	0.95				
	104	1	42.04379019929824	8.522389905263157	0.0	0.0	1	1.028425812769953	-1.2584377303835401	138.0	11	1.05	0.95				
	105	1	40.33931221824561	7.954230578245614	0.0	0.0	1	1.0414290441207754	-1.5345717989841017	138.0	11	1.05	0.95				
	106	1	77.26966847438597	15.908461156491228	0.0	-100.0	1	1.0444281878516886	-4.550025809272771	138.0	12	1.05	0.95				
	107	2	71.01991587719297	14.203983175438594	0.0	0.0	1	0.9984653310148117	-11.50923194463739	138.0	12	1.05	0.95				
	108	1	97.15524491999999	19.88557644561403	0.0	0.0	1	0.998249618923955	-9.940949515986926	138.0	12	1.05	0.95				
	109	1	99.42788222807016	20.453735772631575	0.0	0.0	1	1.025400762587558	-3.0623793730520914	138.0	13	1.05	0.95				
	110	1	110.79106876842104	22.72637308070175	0.0	0.0	1	1.05	-4.18008093934437	138.0	13	1.05	0.95				
	111	1	0.0	0.0	0.0	0.0	1	1.0085160879361525	-1.0780869325689733	230.0	13	1.05	0.95				
	112	1	0.0	0.0	0.0	0.0	1	1.012232614579416	-0.68631205537694	230.0	13	1.05	0.95				
	113	3	150.5622216596491	30.680603658947366	0.0	0.0	1	1.0042894750464706	1.550315467672588e-28	230.0	14	1.05	0.95				
	114	2	110.22290944140349	22.15821375368421	0.0	0.0	1	1.0077797674310618	0.6175355594166939	230.0	16	1.05	0.95				
	115	2	180.10650666456138	36.3621969291228	0.0	0.0	1	1.0390818418074939	6.8431167982387535	230.0	16	1.05	0.95				
	116	2	56.81593270175438	11.363186540350876	0.0	0.0	1	1.0360662277427501	6.41344606414006	230.0	16	1.05	0.95				
	117	1	0.0	0.0	0.0	0.0	1	1.0422642079107964	9.199410915017411	230.0	17	1.05	0.95				
	118	2	189.19705589684207	38.63483423719298	0.0	0.0	1	1.044847334691892	9.681943725536032	230.0	17	1.05	0.95				
	119	1	102.83683819017544	21.02189509964912	0.0	0.0	1	1.0293720539210776	5.153953247415027	230.0	15	1.05	0.95				
	120	1	72.7243938582456	14.77214250245614	0.0	0.0	1	1.0271899199618917	4.66113695600265	230.0	15	1.05	0.95				
	121	2	0.0	0.0	0.0	0.0	1	1.0475475070966154	10.957077013715486	230.0	17	1.05	0.95				
	122	2	0.0	0.0	0.0	0.0	1	1.05	16.828683431645764	230.0	17	1.05	0.95				
	123	2	0.0	0.0	0.0	0.0	1	1.027145001690837	4.8233372637981455	230.0	15	1.05	0.95				
	124	1	0.0	0.0	0.0	0.0	1	1.0279990735061404	4.437228810236485	230.0	16	1.05	0.95				
	201	2	61.046434762105264	12.435384858947367	0.0	0.0	2	1.0242457715778137	-9.212000372474243	138.0	21	1.05	0.95				
	202	2	54.82874233263158	11.304895326315789	0.0	0.0	2	1.025277879903815	-8.995806200705067	138.0	22	1.05	0.95				
	203	1	101.74405793684211	20.91405635368421	0.0	0.0	2	1.0139212570358773	-8.85728806756766	138.0	21	1.05	0.95				
	204	1	41.82811270736842	8.478671494736842	0.0	0.0	2	1.0155445410521302	-9.966651649571986	138.0	21	1.05	0.95				
	205	1	40.13237840842105	7.9134267284210535	0.0	0.0	2	1.0301126516339287	-10.238666140359186	138.0	21	1.05	0.95				
	206	1	76.87328821894737	15.826853456842107	0.0	-100.0	2	1.0405838404382686	-11.31316232959636	138.0	22	1.05	0.95				
	207	2	70.65559578947368	14.131119157894737	0.0	0.0	2	0.9922353804156486	-19.419249880056313	138.0	22	1.05	0.95				
	208	1	96.65685504	19.78356682105263	0.0	0.0	2	0.992718292466284	-16.729512945835555	138.0	22	1.05	0.95				
	209	1	98.91783410526315	20.34881158736842	0.0	0.0	2	1.024588601602451	-8.445178148426947	138.0	23	1.05	0.95				
	210	1	110.22272943157894	22.609790652631578	0.0	0.0	2	1.05	-9.472105599274201	138.0	23	1.05	0.95				
	211	1	0.0	0.0	0.0	0.0	2	1.0107944526011565	-5.598548036929673	230.0	23	1.05	0.95				
	212	1	0.0	0.0	0.0	0.0	2	1.016701634127968	-0.6325148886907646	230.0	23	1.05	0.95				
	213	2	149.78986307368422	30.523217381052632	0.0	0.0	2	1.0115704166886461	-3.0103694637772285	230.0	24	1.05	0.95				
	214	2	109.65748466526315	22.044545886315788	0.0	0.0	2	1.0111176258953232	-4.436415455545087	230.0	26	1.05	0.95				
	215	2	179.18259092210525	36.175665044210525	0.0	0.0	2	1.0274343624219044	0.6655350280971208	230.0	26	1.05	0.95				
	216	2	56.52447663157895	11.304895326315789	0.0	0.0	2	1.0283770005913637	0.6973883695101402	230.0	26	1.05	0.95				
	217	1	0.0	0.0	0.0	0.0	2	1.031974234426036	1.9245280772518023	230.0	27	1.05	0.95				
	218	2	188.2265071831579	38.43664410947368	0.0	0.0	2	1.0305395155082613	1.1892457466690904	230.0	27	1.05	0.95				
	219	1	102.3093027031579	20.91405635368421	0.0	0.0	2	1.0288803594262694	1.1945793598829386	230.0	25	1.05	0.95				
	220	1	72.35133008842105	14.696363924210527	0.0	0.0	2	1.0340126151392857	2.713727165884867	230.0	25	1.05	0.95				
	221	2	0.0	0.0	0.0	0.0	2	1.0325120054184995	1.8246782745061791	230.0	27	1.05	0.95				
	222	2	0.0	0.0	0.0	0.0	2	1.05	8.358774593093754	230.0	27	1.05	0.95				
	223	2	0.0	0.0	0.0	0.0	2	1.0385995772110805	3.9646186687593232	230.0	25	1.05	0.95				
	224	1	0.0	0.0	0.0	0.0	2	1.0106005533149796	-2.888431570370387	230.0	26	1.05	0.95				
	301	2	79.11230623578949	16.11546978877193	0.0	0.0	3	0.965083036778656	-11.21213920323489	138.0	31	1.05	0.95				
	302	2	71.05457134140352	14.650427080701755	0.0	0.0	3	0.9673762353131519	-11.311250216073415	138.0	32	1.05	0.95				
	303	1	131.8538437263158	27.10329009929825	0.0	0.0	3	0.9914832588559902	-6.4395204813986675	138.0	31	1.05	0.95				
	304	1	54.2065801985965	10.987820310526317	0.0	0.0	3	0.9634742752939722	-8.364234057499164	138.0	31	1.05	0.95				
	305	1	52.009016136491226	10.25529895649123	0.0	0.0	3	0.9735844133555699	-8.614987948198143	138.0	31	1.05	0.95				
	306	1	99.62290414877194	20.51059791298246	0.0	-100.0	3	0.9864905559127857	-8.017869490367936	138.0	32	1.05	0.95				
	307	2	91.56516925438596	18.313033850877193	0.0	0.0	3	0.95	-13.741463106629253	138.0	32	1.05	0.95				
	308	1	125.26115154000001	25.63824739122807	0.0	0.0	3	0.9543195568980412	-10.002058877631239	138.0	32	1.05	0.95				
	309	1	128.19123695614036	26.370768745263156	0.0	0.0	3	0.9900228974067204	-2.743572644541301	138.0	33	1.05	0.95				
	310	1	142.8416640368421	29.30085416140351	0.0	0.0	3	1.0071334058008383	-3.465644545892217	138.0	33	1.05	0.95				
	311	1	0.0	0.0	0.0	0.0	3	0.983426816809363	5.12041476494521	230.0	33	1.05	0.95				
	312	1	0.0	0.0	0.0	0.0	3	0.9879531121157828	6.885779201990924	230.0	33	1.05	0.95				
	313	2	194.11815881929826	39.556153117894745	0.0	0.0	3	1.0156119549762674	15.412285662370305	230.0	34	1.05	0.95				
	314	2	142.10914268280703	28.568332807368424	0.0	0.0	3	0.9969517158263874	3.986460043006474	230.0	36	1.05	0.95				
	315	2	232.20926922912284	46.88136665824562	0.0	0.0	3	1.0484363818742586	-0.26134128575397614	230.0	36	1.05	0.95				
	316	2	73.25213540350877	14.650427080701755	0.0	0.0	3	1.0455743538187565	1.4123213547185463	230.0	36	1.05	0.95				
	317	1	0.0	0.0	0.0	0.0	3	1.0474583937566753	1.14748787018401	230.0	37	1.05	0.95				
	318	2	243.92961089368424	49.81145207438597	0.0	0.0	3	1.0456139605674608	0.25290232360985154	230.0	37	1.05	0.95				
	319	1	132.5863650803509	27.10329009929825	0.0	0.0	3	1.0362990189736605	4.331214637014259	230.0	35	1.05	0.95				
	320	1	93.76273331649124	19.045555204912283	0.0	0.0	3	1.0331548742161993	6.863041844780625	230.0	35	1.05	0.95				
	321	2	0.0	0.0	0.0	0.0	3	1.0491888789538597	0.6227815045143523	230.0	37	1.05	0.95				
	322	2	0.0	0.0	0.0	0.0	3	1.05	5.171727161551254	230.0	37	1.05	0.95				
	323	2	0.0	0.0	0.0	0.0	3	1.0322495724821124	7.949753599049896	230.0	35	1.05	0.95				
	324	1	0.0	0.0	0.0	0.0	3	1.0209880165020984	-0.6139950808258553	230.0	36	1.05	0.95				
	325	1	0.0	0.0	0.0	0.0	3	1.033765557707589	8.21211674184032	230.0	35	1.05	0.95				
];
