%% MATPOWER Case Format : Version 2
function mpc = RTS_GMLC
mpc.version = '2';

%%-----  Power Flow Data  -----%%
%% system MVA base
mpc.baseMVA = 100.0;
%% bus data
%    bus_i    type    Pd    Qd    Gs    Bs    area    Vm    Va    baseKV    zone    Vmax    Vmin
mpc.bus = [
	101	2	42.91142998736843	8.741217219649124	0.0	0.0	1	1.0133077681421725	-3.896702379807661	138.0	11	1.05	0.95				
	102	2	38.54082137754386	7.946561108771931	0.0	0.0	1	1.013120441452394	-4.117908950849448	138.0	12	1.05	0.95				
	103	1	71.51904997894736	14.701138051228071	0.0	0.0	1	1.0033948736916818	0.32333742639217633	138.0	11	1.05	0.95				
	104	1	29.402276102456142	5.959920831578947	0.0	0.0	1	1.0035592788932115	-4.122392226860486	138.0	11	1.05	0.95				
	105	1	28.21029193614035	5.5625927761403515	0.0	0.0	1	1.0171154196817151	-5.161245057826824	138.0	11	1.05	0.95				
	106	1	54.03661553964913	11.125185552280703	0.0	-100.0	1	1.0271285501145806	-6.35188633332776	138.0	12	1.05	0.95				
	107	2	49.66600692982456	9.933201385964912	0.0	0.0	1	0.9848770693380986	-9.671139702176918	138.0	12	1.05	0.95				
	108	1	67.94309748	13.906481940350876	0.0	0.0	1	0.9875045336951401	-8.667498682775772	138.0	12	1.05	0.95				
	109	1	69.53240970175439	14.303809995789473	0.0	0.0	1	1.00247394827246	-3.352508967896179	138.0	13	1.05	0.95				
	110	1	77.47897081052632	15.893122217543862	0.0	0.0	1	1.0303490561019728	-5.132142180066672	138.0	13	1.05	0.95				
	111	1	0.0	0.0	0.0	0.0	1	0.9815017405081535	-0.8887636223155704	230.0	13	1.05	0.95				
	112	1	0.0	0.0	0.0	0.0	1	0.9824342750887829	-1.5112080754813002	230.0	13	1.05	0.95				
	113	3	105.29193469122806	21.455714993684214	0.0	0.0	1	0.9627302254685492	1.4400347307162797e-26	230.0	14	1.05	0.95				
	114	2	77.08164275508771	15.495794162105264	0.0	0.0	1	0.9900259998583374	1.8405401858051869	230.0	16	1.05	0.95				
	115	2	125.95299357403509	25.428995548070176	0.0	0.0	1	0.9920077756040964	9.590792570893674	230.0	16	1.05	0.95				
	116	2	39.73280554385965	7.946561108771931	0.0	0.0	1	0.9905497929947296	8.424600523616414	230.0	16	1.05	0.95				
	117	1	0.0	0.0	0.0	0.0	1	0.992048335231724	13.645653232794292	230.0	17	1.05	0.95				
	118	2	132.31024246105264	27.018307769824563	0.0	0.0	1	1.0002254438652116	13.822332932288376	230.0	17	1.05	0.95				
	119	1	71.91637803438597	14.701138051228071	0.0	0.0	1	0.9904745270736023	5.358072203937855	230.0	15	1.05	0.95				
	120	1	50.85799109614035	10.33052944140351	0.0	0.0	1	0.9943154835542066	3.063149639267179	230.0	15	1.05	0.95				
	121	2	0.0	0.0	0.0	0.0	1	1.0009814191020943	14.722404246471083	230.0	17	1.05	0.95				
	122	2	0.0	0.0	0.0	0.0	1	1.0045633436576524	33.59917978065947	230.0	17	1.05	0.95				
	123	2	0.0	0.0	0.0	0.0	1	0.9972553359949841	2.1317813081223407	230.0	15	1.05	0.95				
	124	1	0.0	0.0	0.0	0.0	1	0.985188010300969	6.0417786534416855	230.0	16	1.05	0.95				
	201	2	41.78561309052632	8.511884148070175	0.0	0.0	2	1.0107940938440112	-9.862162340619724	138.0	21	1.05	0.95				
	202	2	37.52967101649123	7.738076498245615	0.0	0.0	2	1.0096593747013312	-10.039958727708386	138.0	22	1.05	0.95				
	203	1	69.64268848421052	14.315441521754385	0.0	0.0	2	0.9973232512254205	-7.584857901713398	138.0	21	1.05	0.95				
	204	1	28.63088304350877	5.80355737368421	0.0	0.0	2	1.0019811442766722	-9.196922009453615	138.0	21	1.05	0.95				
	205	1	27.470171568771928	5.41665354877193	0.0	0.0	2	1.018063890412897	-9.505980481724691	138.0	21	1.05	0.95				
	206	1	52.618920188070184	10.83330709754386	0.0	-100.0	2	1.0302759184329064	-9.800843727928008	138.0	22	1.05	0.95				
	207	2	48.36297811403509	9.672595622807018	0.0	0.0	2	0.9712147680457676	-14.400239256606616	138.0	22	1.05	0.95				
	208	1	66.16055406	13.541633871929823	0.0	0.0	2	0.9811181808926086	-12.648700414719999	138.0	22	1.05	0.95				
	209	1	67.70816935964912	13.928537696842106	0.0	0.0	2	1.0071303696359806	-6.854952844349517	138.0	23	1.05	0.95				
	210	1	75.44624585789474	15.47615299649123	0.0	0.0	2	1.034835737638077	-7.8689539209099015	138.0	23	1.05	0.95				
	211	1	0.0	0.0	0.0	0.0	2	0.9867201414801046	-4.699276622083108	230.0	23	1.05	0.95				
	212	1	0.0	0.0	0.0	0.0	2	0.9909768884371323	-0.07904983471621285	230.0	23	1.05	0.95				
	213	2	102.52951360175437	20.89280654526316	0.0	0.0	2	0.9831268263277023	-2.41476579365445	230.0	24	1.05	0.95				
	214	2	75.05934203298246	15.089249171578947	0.0	0.0	2	0.9805348781330464	-3.885083090929428	230.0	26	1.05	0.95				
	215	2	122.64851249719297	24.761844794385965	0.0	0.0	2	0.9903540017397492	0.21724458186065776	230.0	26	1.05	0.95				
	216	2	38.69038249122807	7.738076498245615	0.0	0.0	2	0.9885971492752113	-0.20065347109554996	230.0	26	1.05	0.95				
	217	1	0.0	0.0	0.0	0.0	2	0.9984533060692502	0.8501998800627704	230.0	27	1.05	0.95				
	218	2	128.83897369578946	26.309460094035092	0.0	0.0	2	0.9989394656507273	0.4370655889086644	230.0	27	1.05	0.95				
	219	1	70.02959230912282	14.315441521754385	0.0	0.0	2	0.9843360230316162	0.23730329875982148	230.0	25	1.05	0.95				
	220	1	49.52368958877193	10.059499447719299	0.0	0.0	2	0.9834115740992773	1.4420473631322432	230.0	25	1.05	0.95				
	221	2	0.0	0.0	0.0	0.0	2	1.0011662075340222	1.0189771509991488	230.0	27	1.05	0.95				
	222	2	0.0	0.0	0.0	0.0	2	1.0190395517484283	6.377548155472779	230.0	27	1.05	0.95				
	223	2	0.0	0.0	0.0	0.0	2	0.9837812896971128	2.4309796332241644	230.0	25	1.05	0.95				
	224	1	0.0	0.0	0.0	0.0	2	0.9834423174667589	-2.757682579540937	230.0	26	1.05	0.95				
	301	2	61.4482758568421	12.517241378245615	0.0	0.0	3	1.0068323599602902	8.453213787360154	138.0	31	1.05	0.95				
	302	2	55.18965516771929	11.379310343859649	0.0	0.0	3	1.0075849839014615	8.044482203730063	138.0	32	1.05	0.95				
	303	1	102.41379309473683	21.051724136140347	0.0	0.0	3	1.0203469029117307	25.316657574884545	138.0	31	1.05	0.95				
	304	1	42.103448272280694	8.534482757894736	0.0	0.0	3	0.9945041154212751	9.922835575752515	138.0	31	1.05	0.95				
	305	1	40.396551720701744	7.965517240701754	0.0	0.0	3	1.0130488819462817	7.4008407642273095	138.0	31	1.05	0.95				
	306	1	77.37931033824562	15.931034481403508	0.0	-100.0	3	1.0234389107073139	6.148649921202135	138.0	32	1.05	0.95				
	307	2	71.1206896491228	14.22413792982456	0.0	0.0	3	0.9611886066618613	0.141567471987733	138.0	32	1.05	0.95				
	308	1	97.29310343999998	19.913793101754383	0.0	0.0	3	0.9656996586753561	2.9527370380089217	138.0	32	1.05	0.95				
	309	1	99.56896550877192	20.482758618947365	0.0	0.0	3	1.0037946557750856	13.897953972073394	138.0	33	1.05	0.95				
	310	1	110.94827585263157	22.758620687719297	0.0	0.0	3	1.0337189706224235	8.213322030212058	138.0	33	1.05	0.95				
	311	1	0.0	0.0	0.0	0.0	3	0.9971105240082612	13.393746773582977	230.0	33	1.05	0.95				
	312	1	0.0	0.0	0.0	0.0	3	1.0021365750918803	13.450461673398207	230.0	33	1.05	0.95				
	313	2	150.77586205614034	30.72413792842105	0.0	0.0	3	1.0030085679760257	13.984584243985916	230.0	34	1.05	0.95				
	314	2	110.37931033543857	22.189655170526315	0.0	0.0	3	0.9953449388491117	15.28924015191763	230.0	36	1.05	0.95				
	315	2	180.36206895017543	36.41379310035087	0.0	0.0	3	0.9933592095785951	19.48492566374975	230.0	36	1.05	0.95				
	316	2	56.89655171929824	11.379310343859649	0.0	0.0	3	0.9846752721279091	19.528155604177453	230.0	36	1.05	0.95				
	317	1	0.0	0.0	0.0	0.0	3	1.0010943419080383	24.38319163127863	230.0	37	1.05	0.95				
	318	2	189.46551722526314	38.68965516912281	0.0	0.0	3	0.995447884031451	20.637828594618185	230.0	37	1.05	0.95				
	319	1	102.98275861192982	21.051724136140347	0.0	0.0	3	0.9941922621309531	18.250294395855487	230.0	35	1.05	0.95				
	320	1	72.82758620070175	14.793103447017542	0.0	0.0	3	1.0044919677899802	16.835033063170652	230.0	35	1.05	0.95				
	321	2	0.0	0.0	0.0	0.0	3	1.0014740277983187	20.80372935708719	230.0	37	1.05	0.95				
	322	2	0.0	0.0	0.0	0.0	3	1.0181670914526038	25.508195613158012	230.0	37	1.05	0.95				
	323	2	0.0	0.0	0.0	0.0	3	1.0104729541121675	16.065711606653498	230.0	35	1.05	0.95				
	324	1	0.0	0.0	0.0	0.0	3	1.0016423202084401	22.05327008854191	230.0	36	1.05	0.95				
