%% MATPOWER Case Format : Version 2
function mpc = RTS_GMLC
mpc.version = '2';

%%-----  Power Flow Data  -----%%
%% system MVA base
mpc.baseMVA = 100.0;
%% bus data
%    bus_i    type    Pd    Qd    Gs    Bs    area    Vm    Va    baseKV    zone    Vmax    Vmin
mpc.bus = [
	101	2	37.84809500336842	7.709797130315789	0.0	0.0	1	1.012652334255752	0.9269479378523598	138.0	11	1.05	0.95				
	102	2	33.99319643821052	7.008906482105264	0.0	0.0	1	1.010286288012573	0.24596862508366452	138.0	12	1.05	0.95				
	103	1	63.08015833894737	12.966476991894735	0.0	0.0	1	1.0266709252871946	3.0107566485559123	138.0	11	1.05	0.95				
	104	1	25.93295398378947	5.256679861578947	0.0	0.0	1	1.0127252257864603	-1.5439924746028888	138.0	11	1.05	0.95				
	105	1	24.88161801147368	4.906234537473685	0.0	0.0	1	1.0266640655936603	-1.553508190532284	138.0	11	1.05	0.95				
	106	1	47.66056407831579	9.81246907494737	0.0	-100.0	1	1.0426079002207502	-3.4491878041122774	138.0	12	1.05	0.95				
	107	2	43.80566551315789	8.761133102631579	0.0	0.0	1	0.9842544808473471	-10.951514443889609	138.0	12	1.05	0.95				
	108	1	59.92615042199999	12.265586343684209	0.0	0.0	1	0.9956919763016752	-8.298908184128367	138.0	12	1.05	0.95				
	109	1	61.32793171842105	12.616031667789473	0.0	0.0	1	1.0241786952187208	-1.5307000570454201	138.0	13	1.05	0.95				
	110	1	68.3368382005263	14.017812964210528	0.0	0.0	1	1.05	-2.898984518423226	138.0	13	1.05	0.95				
	111	1	0.0	0.0	0.0	0.0	1	1.0125150621108416	0.8432718375343236	230.0	13	1.05	0.95				
	112	1	0.0	0.0	0.0	0.0	1	1.0108584426461231	-0.480036341937736	230.0	13	1.05	0.95				
	113	3	92.86801088789473	18.92404750168421	0.0	0.0	1	0.9921093049969496	4.544078338328007e-31	230.0	14	1.05	0.95				
	114	2	67.98639287642104	13.667367640105264	0.0	0.0	1	1.0334109768789643	4.608341902088525	230.0	16	1.05	0.95				
	115	2	111.0911677413684	22.42850074273684	0.0	0.0	1	1.038640115614849	14.091910555881949	230.0	16	1.05	0.95				
	116	2	35.044532410526315	7.008906482105264	0.0	0.0	1	1.037057920660688	12.151287655087021	230.0	16	1.05	0.95				
	117	1	0.0	0.0	0.0	0.0	1	1.037275726050461	18.261275954582636	230.0	17	1.05	0.95				
	118	2	116.69829292705262	23.830282039157893	0.0	0.0	1	1.0464351947481803	18.89447120378093	230.0	17	1.05	0.95				
	119	1	63.43060366305263	12.966476991894735	0.0	0.0	1	1.0315033730233751	7.566335064847543	230.0	15	1.05	0.95				
	120	1	44.85700148547368	9.111578426736843	0.0	0.0	1	1.0335100393646854	4.250120601924814	230.0	15	1.05	0.95				
	121	2	0.0	0.0	0.0	0.0	1	1.0400830639078646	20.395778140873702	230.0	17	1.05	0.95				
	122	2	0.0	0.0	0.0	0.0	1	1.05	38.382928272412286	230.0	17	1.05	0.95				
	123	2	0.0	0.0	0.0	0.0	1	1.035733401963955	2.698522069802801	230.0	15	1.05	0.95				
	124	1	0.0	0.0	0.0	0.0	1	1.020351792900939	9.946276783333802	230.0	16	1.05	0.95				
	201	2	42.61860538105263	8.681567762807017	0.0	0.0	2	1.0092806078463123	-19.56898406244932	138.0	21	1.05	0.95				
	202	2	38.277821499649114	7.892334329824561	0.0	0.0	2	1.0085004624306289	-19.89594330319664	138.0	22	1.05	0.95				
	203	1	71.03100896842105	14.600818510175436	0.0	0.0	2	1.009805589107938	-14.267255778926142	138.0	21	1.05	0.95				
	204	1	29.201637020350873	5.91925074736842	0.0	0.0	2	1.0094142526178718	-19.64030850967856	138.0	21	1.05	0.95				
	205	1	28.017786870877188	5.524634030877193	0.0	0.0	2	1.024852905078688	-20.189661013931566	138.0	21	1.05	0.95				
	206	1	53.667873442807014	11.049268061754386	0.0	-100.0	2	1.0415226600394156	-21.041730842739607	138.0	22	1.05	0.95				
	207	2	49.327089561403504	9.865417912280702	0.0	0.0	2	0.9922334159782266	-25.69603158631527	138.0	22	1.05	0.95				
	208	1	67.47945852	13.811585077192982	0.0	0.0	2	0.999411814764877	-23.938501748835986	138.0	22	1.05	0.95				
	209	1	69.05792538596491	14.206201793684208	0.0	0.0	2	1.021359420792874	-17.786931102871552	138.0	23	1.05	0.95				
	210	1	76.95025971578947	15.784668659649123	0.0	0.0	2	1.05	-19.534440957414656	138.0	23	1.05	0.95				
	211	1	0.0	0.0	0.0	0.0	2	1.007160083256238	-14.972510246009866	230.0	23	1.05	0.95				
	212	1	0.0	0.0	0.0	0.0	2	1.0116596772888504	-14.806766244397565	230.0	23	1.05	0.95				
	213	2	104.57342987017542	21.309302690526316	0.0	0.0	2	1.004646990982727	-14.226075612915487	230.0	24	1.05	0.95				
	214	2	76.55564299929823	15.390051943157895	0.0	0.0	2	1.0095979528024648	-11.848332883869231	230.0	26	1.05	0.95				
	215	2	125.09349912771927	25.255469855438594	0.0	0.0	2	1.0242319881087392	-4.135957386382349	230.0	26	1.05	0.95				
	216	2	39.461671649122806	7.892334329824561	0.0	0.0	2	1.0275720601915497	-5.064760182084369	230.0	26	1.05	0.95				
	217	1	0.0	0.0	0.0	0.0	2	1.0322651541353192	-2.5668174353340216	230.0	27	1.05	0.95				
	218	2	131.40736659157895	26.833936721403507	0.0	0.0	2	1.0310999936572174	-3.0764030123467485	230.0	27	1.05	0.95				
	219	1	71.42562568491228	14.600818510175436	0.0	0.0	2	1.0302993328375507	-6.567617450825104	230.0	25	1.05	0.95				
	220	1	50.51093971087719	10.260034628771928	0.0	0.0	2	1.035498525659613	-7.099717868714254	230.0	25	1.05	0.95				
	221	2	0.0	0.0	0.0	0.0	2	1.0318371485423334	-2.6270093585723426	230.0	27	1.05	0.95				
	222	2	0.0	0.0	0.0	0.0	2	1.05	3.891226103300104	230.0	27	1.05	0.95				
	223	2	0.0	0.0	0.0	0.0	2	1.038679908250898	-7.093354409570846	230.0	25	1.05	0.95				
	224	1	0.0	0.0	0.0	0.0	2	1.0063818219149772	-7.914714479902081	230.0	26	1.05	0.95				
	301	2	53.59000316210526	10.916482125614035	0.0	0.0	3	1.038895808217652	4.208572105090658	138.0	31	1.05	0.95				
	302	2	48.13176209929824	9.924074659649124	0.0	0.0	3	1.0343332076141947	3.878391550000949	138.0	32	1.05	0.95				
	303	1	89.31667193684211	18.359538120350877	0.0	0.0	3	1.05	20.221724214677636	138.0	31	1.05	0.95				
	304	1	36.71907624070175	7.4430559947368415	0.0	0.0	3	1.0152528863459804	5.543899876835157	138.0	31	1.05	0.95				
	305	1	35.230465041754385	6.946852261754387	0.0	0.0	3	1.0362252656849082	2.9404149491487415	138.0	31	1.05	0.95				
	306	1	67.48370768561404	13.893704523508774	0.0	-100.0	3	1.041113740116525	1.644921630899056	138.0	32	1.05	0.95				
	307	2	62.025466622807016	12.405093324561403	0.0	0.0	3	0.95	0.013399220317552304	138.0	32	1.05	0.95				
	308	1	84.85083834	17.367130654385964	0.0	0.0	3	0.9694623368190125	0.9814729518776464	138.0	32	1.05	0.95				
	309	1	86.83565327192983	17.863334387368422	0.0	0.0	3	1.0159368631683525	8.99171554192204	138.0	33	1.05	0.95				
	310	1	96.75972793157894	19.848149319298248	0.0	0.0	3	1.0452546040370212	3.221310289921808	138.0	33	1.05	0.95				
	311	1	0.0	0.0	0.0	0.0	3	1.002369171231661	7.1571829095219215	230.0	33	1.05	0.95				
	312	1	0.0	0.0	0.0	0.0	3	1.0069948011192962	8.103012706651334	230.0	33	1.05	0.95				
	313	2	131.49398924035088	26.79500158105263	0.0	0.0	3	1.0030603201911674	9.725964780924073	230.0	34	1.05	0.95				
	314	2	96.26352419859649	19.35194558631579	0.0	0.0	3	0.9967083459584187	6.074564937157374	230.0	36	1.05	0.95				
	315	2	157.2965833554386	31.757038910877196	0.0	0.0	3	1.0466691710017662	7.826938685026396	230.0	36	1.05	0.95				
	316	2	49.62037329824561	9.924074659649124	0.0	0.0	3	1.0311797901144808	7.584375066824634	230.0	36	1.05	0.95				
	317	1	0.0	0.0	0.0	0.0	3	1.0488721044307896	9.758416218122983	230.0	37	1.05	0.95				
	318	2	165.23584308315787	33.74185384280702	0.0	0.0	3	1.05	7.381402983534809	230.0	37	1.05	0.95				
	319	1	89.81287566982456	18.359538120350877	0.0	0.0	3	1.0198597299148673	7.661252225346541	230.0	35	1.05	0.95				
	320	1	63.51407782175439	12.901297057543859	0.0	0.0	3	1.0137971354959638	8.711746984859417	230.0	35	1.05	0.95				
	321	2	0.0	0.0	0.0	0.0	3	1.05	8.143403189518029	230.0	37	1.05	0.95				
	322	2	0.0	0.0	0.0	0.0	3	1.05	13.123593789782108	230.0	37	1.05	0.95				
	323	2	0.0	0.0	0.0	0.0	3	1.0117152592546255	9.687631398563733	230.0	35	1.05	0.95				
	324	1	0.0	0.0	0.0	0.0	3	1.043919271061788	12.56415552256915	230.0	36	1.05	0.95				
	325	1	0.0	0.0	0.0	0.0	3	1.011719126207029	10.610941170166694	230.0	35	1.05	0.95				
];
