%% MATPOWER Case Format : Version 2
function mpc = RTS_GMLC
mpc.version = '2';

%%-----  Power Flow Data  -----%%
%% system MVA base
mpc.baseMVA = 100.0;
%% bus data
%    bus_i    type    Pd    Qd    Gs    Bs    area    Vm    Va    baseKV    zone    Vmax    Vmin
mpc.bus = [
	101	2	45.7837704	9.326323599999998	0.0	0.0	1	1.0352875198200755	1.704278703830621	138.0	11	1.05	0.95				
	102	2	41.1206086	8.478476	0.0	0.0	1	1.0343966900029244	1.4099882653954043	138.0	12	1.05	0.95				
	103	1	76.30628399999999	15.685180599999999	0.0	0.0	1	1.0279511310743639	1.507078329806982	138.0	11	1.05	0.95				
	104	1	31.370361199999998	6.3588569999999995	0.0	0.0	1	1.0214456794460123	-1.5222275717783393	138.0	11	1.05	0.95				
	105	1	30.0985898	5.9349332	0.0	0.0	1	1.0368235325649322	-1.43288965557972	138.0	11	1.05	0.95				
	106	1	57.653636799999994	11.8698664	0.0	-100.0	1	1.0458903404841124	-3.6683637527690127	138.0	12	1.05	0.95				
	107	2	52.99047499999999	10.598094999999999	0.0	0.0	1	0.9989500559447225	-11.398847223323157	138.0	12	1.05	0.95				
	108	1	72.49096979999999	14.837332999999997	0.0	0.0	1	1.0019780789494885	-9.032695572263195	138.0	12	1.05	0.95				
	109	1	74.18666499999999	15.261256799999998	0.0	0.0	1	1.0235051899162109	-2.206122804209492	138.0	13	1.05	0.95				
	110	1	82.66514099999999	16.956952	0.0	0.0	1	1.05	-3.283660660584174	138.0	13	1.05	0.95				
	111	1	0.0	0.0	0.0	0.0	1	1.003388813109555	0.11641941935831106	230.0	13	1.05	0.95				
	112	1	0.0	0.0	0.0	0.0	1	1.0083540661143862	-0.5649047233345103	230.0	13	1.05	0.95				
	113	3	112.339807	22.8918852	0.0	0.0	1	0.9979356883317453	1.3806005541230798e-31	230.0	14	1.05	0.95				
	114	2	82.2412172	16.5330282	0.0	0.0	1	1.0010832913640495	3.213801227831896	230.0	16	1.05	0.95				
	115	2	134.3838446	27.131123199999998	0.0	0.0	1	1.035103774339033	11.135015786700922	230.0	16	1.05	0.95				
	116	2	42.392379999999996	8.478476	0.0	0.0	1	1.0311945287991027	10.029623045907734	230.0	16	1.05	0.95				
	117	1	0.0	0.0	0.0	0.0	1	1.037543110408433	14.457638448257784	230.0	17	1.05	0.95				
	118	2	141.1666254	28.826818399999997	0.0	0.0	1	1.0444112514099304	14.826145009578198	230.0	17	1.05	0.95				
	119	1	76.73020779999999	15.685180599999999	0.0	0.0	1	1.0203028494133095	6.604179871025638	230.0	15	1.05	0.95				
	120	1	54.262246399999995	11.0220188	0.0	0.0	1	1.0162219934483079	4.424458770132453	230.0	15	1.05	0.95				
	121	2	0.0	0.0	0.0	0.0	1	1.0481301288450244	16.163913795670307	230.0	17	1.05	0.95				
	122	2	0.0	0.0	0.0	0.0	1	1.05	29.52407086078027	230.0	17	1.05	0.95				
	123	2	0.0	0.0	0.0	0.0	1	1.01481171432036	3.552393652672706	230.0	15	1.05	0.95				
	124	1	0.0	0.0	0.0	0.0	1	1.020440250364263	7.5178180231155505	230.0	16	1.05	0.95				
	201	2	49.77553911157896	10.139461670877195	0.0	0.0	2	1.0121162773280776	-16.61874468966999	138.0	21	1.05	0.95				
	202	2	44.70580827614036	9.217692428070178	0.0	0.0	2	1.0119103934089833	-16.77307314925704	138.0	22	1.05	0.95				
	203	1	82.95923185263159	17.052730991929828	0.0	0.0	2	1.013382339840085	-12.704421071315393	138.0	21	1.05	0.95				
	204	1	34.105461983859655	6.913269321052633	0.0	0.0	2	1.010747777435064	-16.9247865869214	138.0	21	1.05	0.95				
	205	1	32.72280811964913	6.452384699649125	0.0	0.0	2	1.0253704012766527	-17.410799617165498	138.0	21	1.05	0.95				
	206	1	62.680308510877204	12.90476939929825	0.0	-100.0	2	1.0404133207631714	-18.364580445876378	138.0	22	1.05	0.95				
	207	2	57.6105776754386	11.522115535087721	0.0	0.0	2	0.9899586268341632	-24.256772267221173	138.0	22	1.05	0.95				
	208	1	78.81127026000001	16.130961749122807	0.0	0.0	2	0.995773651802298	-22.150812390996958	138.0	22	1.05	0.95				
	209	1	80.65480874561405	16.591846370526316	0.0	0.0	2	1.0232616730747606	-15.1384507570884	138.0	23	1.05	0.95				
	210	1	89.87250117368421	18.435384856140356	0.0	0.0	2	1.05	-16.719751210254213	138.0	23	1.05	0.95				
	211	1	0.0	0.0	0.0	0.0	2	1.009714156913429	-11.899386611654883	230.0	23	1.05	0.95				
	212	1	0.0	0.0	0.0	0.0	2	1.0144158234471812	-10.932453331847407	230.0	23	1.05	0.95				
	213	2	122.13442467192984	24.88776955578948	0.0	0.0	2	1.012748206939394	-10.330707039797076	230.0	24	1.05	0.95				
	214	2	89.41161655228072	17.974500234736844	0.0	0.0	2	1.009865384109529	-9.171124000604165	230.0	26	1.05	0.95				
	215	2	146.10042498491228	29.496615769824565	0.0	0.0	2	1.0243733014821725	-2.2732532578573	230.0	26	1.05	0.95				
	216	2	46.088462140350885	9.217692428070178	0.0	0.0	2	1.027774673037524	-2.525352571961082	230.0	26	1.05	0.95				
	217	1	0.0	0.0	0.0	0.0	2	1.028777460481443	-0.6738117178507813	230.0	27	1.05	0.95				
	218	2	153.47457892736844	31.340154255438602	0.0	0.0	2	1.0277921822559932	-1.3098905853839822	230.0	27	1.05	0.95				
	219	1	83.4201164740351	17.052730991929828	0.0	0.0	2	1.0347368768765854	-2.5191275094271575	230.0	25	1.05	0.95				
	220	1	58.99323153964913	11.98300015649123	0.0	0.0	2	1.0439975417836875	-1.6344416547224987	230.0	25	1.05	0.95				
	221	2	0.0	0.0	0.0	0.0	2	1.0300011312139363	-0.8221913077378513	230.0	27	1.05	0.95				
	222	2	0.0	0.0	0.0	0.0	2	1.049999996984691	5.728059758105885	230.0	27	1.05	0.95				
	223	2	0.0	0.0	0.0	0.0	2	1.05	-0.8166019800000379	230.0	25	1.05	0.95				
	224	1	0.0	0.0	0.0	0.0	2	1.0074448013458153	-6.177940763276646	230.0	26	1.05	0.95				
	301	2	64.01075608421053	13.03922809122807	0.0	0.0	3	1.0377984128071098	-1.4158796793685318	138.0	31	1.05	0.95				
	302	2	57.491142038596486	11.853843719298245	0.0	0.0	3	1.0338669975740151	-1.771728377282079	138.0	32	1.05	0.95				
	303	1	106.6845934736842	21.929610880701752	0.0	0.0	3	1.05	15.925879907235286	138.0	31	1.05	0.95				
	304	1	43.859221761403504	8.890382789473684	0.0	0.0	3	1.010323047952885	0.41165238407662363	138.0	31	1.05	0.95				
	305	1	42.08114520350877	8.297690603508773	0.0	0.0	3	1.0312589233612866	-2.5018398387210223	138.0	31	1.05	0.95				
	306	1	80.60613729122808	16.595381207017546	0.0	-100.0	3	1.033385893895888	-3.787525431311107	138.0	32	1.05	0.95				
	307	2	74.08652324561403	14.817304649122805	0.0	0.0	3	0.95	-3.26966378214776	138.0	32	1.05	0.95				
	308	1	101.3503638	20.744226508771927	0.0	0.0	3	0.9646547282669302	-3.241091395083015	138.0	32	1.05	0.95				
	309	1	103.72113254385964	21.336918694736838	0.0	0.0	3	1.0121144364153078	4.710483563919266	138.0	33	1.05	0.95				
	310	1	115.5749762631579	23.70768743859649	0.0	0.0	3	1.0390601600798228	-1.7157224537285198	138.0	33	1.05	0.95				
	311	1	0.0	0.0	0.0	0.0	3	0.9986323327839208	3.2122617477943542	230.0	33	1.05	0.95				
	312	1	0.0	0.0	0.0	0.0	3	1.0029370833318352	3.9228044088776923	230.0	33	1.05	0.95				
	313	2	157.06342928070174	32.005378042105264	0.0	0.0	3	0.9988359495798239	5.577906861528639	230.0	34	1.05	0.95				
	314	2	114.98228407719297	23.11499525263158	0.0	0.0	3	0.9959553405542249	2.9737762112598847	230.0	36	1.05	0.95				
	315	2	187.8834229508772	37.932299901754384	0.0	0.0	3	1.05	6.60831922001536	230.0	36	1.05	0.95				
	316	2	59.26921859649122	11.853843719298245	0.0	0.0	3	1.0381839163469107	6.227525015053983	230.0	36	1.05	0.95				
	317	1	0.0	0.0	0.0	0.0	3	1.05	10.223069071453793	230.0	37	1.05	0.95				
	318	2	197.3664979263158	40.30306864561404	0.0	0.0	3	1.046821017720825	7.8384665469014125	230.0	37	1.05	0.95				
	319	1	107.27728565964911	21.929610880701752	0.0	0.0	3	1.0238829231391955	5.344448125575992	230.0	35	1.05	0.95				
	320	1	75.86459980350877	15.40999683508772	0.0	0.0	3	1.0163613370803986	5.723565824743637	230.0	35	1.05	0.95				
	321	2	0.0	0.0	0.0	0.0	3	1.05	8.041978655055496	230.0	37	1.05	0.95				
	322	2	0.0	0.0	0.0	0.0	3	1.05	13.24616796348763	230.0	37	1.05	0.95				
	323	2	0.0	0.0	0.0	0.0	3	1.0136884887257596	6.399445479409299	230.0	35	1.05	0.95				
	324	1	0.0	0.0	0.0	0.0	3	1.047028369888869	10.169444601212291	230.0	36	1.05	0.95				
	325	1	0.0	0.0	0.0	0.0	3	1.0145772296052349	7.251565515716549	230.0	35	1.05	0.95				
];

%% generator data
%    bus    Pg    Qg    Qmax    Qmin    Vg    mBase    status    Pmax    Pmin    Pc1    Pc2    Qc1min    Qc1max    Qc2min    Qc2max    ramp_agc    ramp_10    ramp_30    ramp_q    apf
