%% MATPOWER Case Format : Version 2
function mpc = RTS_GMLC
mpc.version = '2';

%%-----  Power Flow Data  -----%%
%% system MVA base
mpc.baseMVA = 100.0;
%% bus data
%    bus_i    type    Pd    Qd    Gs    Bs    area    Vm    Va    baseKV    zone    Vmax    Vmin
mpc.bus = [
	101	2	46.692231574736844	9.511380505964913	0.0	0.0	1	1.0353017419311614	2.7836463382768186	138.0	11	1.05	0.95				
	102	2	41.93654132175438	8.646709550877194	0.0	0.0	1	1.0348828028739183	2.6360150006878107	138.0	12	1.05	0.95				
	103	1	77.82038595789473	15.996412669122806	0.0	0.0	1	1.0298069103451086	0.8226457688430725	138.0	11	1.05	0.95				
	104	1	31.992825338245613	6.485032163157895	0.0	0.0	1	1.0220349022692543	-0.7595581691146001	138.0	11	1.05	0.95				
	105	1	30.69581890561403	6.052696685614036	0.0	0.0	1	1.0365666134871505	-0.5472038079735606	138.0	11	1.05	0.95				
	106	1	58.79762494596492	12.105393371228072	0.0	-100.0	1	1.045566967251244	-2.859157388569798	138.0	12	1.05	0.95				
	107	2	54.04193469298245	10.808386938596492	0.0	0.0	1	1.0004574193658267	-8.537759320885712	138.0	12	1.05	0.95				
	108	1	73.92936666	15.131741714035089	0.0	0.0	1	1.0042342510018958	-7.189512346131464	138.0	12	1.05	0.95				
	109	1	75.65870857017543	15.564077191578946	0.0	0.0	1	1.0249354869397114	-1.7935928426547674	138.0	13	1.05	0.95				
	110	1	84.30541812105264	17.293419101754388	0.0	0.0	1	1.05	-2.569062901396893	138.0	13	1.05	0.95				
	111	1	0.0	0.0	0.0	0.0	1	1.004327394635417	-0.039334252998724	230.0	13	1.05	0.95				
	112	1	0.0	0.0	0.0	0.0	1	1.0091620734622229	0.238605738681485	230.0	13	1.05	0.95				
	113	3	114.5689015491228	23.346115787368422	0.0	0.0	1	0.9964224389313843	3.6894539383648606e-30	230.0	14	1.05	0.95				
	114	2	83.87308264350877	16.861083624210526	0.0	0.0	1	1.0019191632144784	2.1907263785295186	230.0	16	1.05	0.95				
	115	2	137.0503463814035	27.66947056280702	0.0	0.0	1	1.0401742943123502	8.211042258843523	230.0	16	1.05	0.95				
	116	2	43.23354775438597	8.646709550877194	0.0	0.0	1	1.0361927180616268	7.812667526842806	230.0	16	1.05	0.95				
	117	1	0.0	0.0	0.0	0.0	1	1.0425374165684378	10.148508110660561	230.0	17	1.05	0.95				
	118	2	143.96771402210527	29.39881247298246	0.0	0.0	1	1.0463327302099465	9.89155034211904	230.0	17	1.05	0.95				
	119	1	78.2527214354386	15.996412669122806	0.0	0.0	1	1.029185808769384	6.539378321150669	230.0	15	1.05	0.95				
	120	1	55.33894112561404	11.240722416140352	0.0	0.0	1	1.0262349794589705	6.263301196151447	230.0	15	1.05	0.95				
	121	2	0.0	0.0	0.0	0.0	1	1.05	10.650203487344234	230.0	17	1.05	0.95				
	122	2	0.0	0.0	0.0	0.0	1	1.05	21.546290218958777	230.0	17	1.05	0.95				
	123	2	0.0	0.0	0.0	0.0	1	1.0251484827259238	6.445097135292151	230.0	15	1.05	0.95				
	124	1	0.0	0.0	0.0	0.0	1	1.0266976546636764	5.448874089303642	230.0	16	1.05	0.95				
	201	2	49.94553755368422	10.174090983157894	0.0	0.0	2	1.030214396359988	-7.204902276270397	138.0	21	1.05	0.95				
	202	2	44.85849206210526	9.249173621052632	0.0	0.0	2	1.030627393652753	-7.172082356521618	138.0	22	1.05	0.95				
	203	1	83.24256258947369	17.110971198947368	0.0	0.0	2	1.0188014298347803	-7.220005036001551	138.0	21	1.05	0.95				
	204	1	34.221942397894736	6.936880215789473	0.0	0.0	2	1.0189912985809313	-9.524544232422274	138.0	21	1.05	0.95				
	205	1	32.83456635473684	6.474421534736844	0.0	0.0	2	1.0342002910659853	-9.623816447987712	138.0	21	1.05	0.95				
	206	1	62.8943806231579	12.948843069473687	0.0	-100.0	2	1.0442783011047214	-11.415837220765424	138.0	22	1.05	0.95				
	207	2	57.80733513157895	11.56146702631579	0.0	0.0	2	0.9885318659868702	-18.431618075725343	138.0	22	1.05	0.95				
	208	1	79.08043446	16.186053836842103	0.0	0.0	2	0.9948575122892338	-16.32076424538592	138.0	22	1.05	0.95				
	209	1	80.93026918421053	16.648512517894737	0.0	0.0	2	1.0230442928324333	-9.563754301543973	138.0	23	1.05	0.95				
	210	1	90.17944280526316	18.498347242105265	0.0	0.0	2	1.05	-10.60592034782107	138.0	23	1.05	0.95				
	211	1	0.0	0.0	0.0	0.0	2	1.0067642053094235	-6.839651673443037	230.0	23	1.05	0.95				
	212	1	0.0	0.0	0.0	0.0	2	1.0106560685196389	-6.457798852912672	230.0	23	1.05	0.95				
	213	2	122.55155047894736	24.97276877684211	0.0	0.0	2	1.001067755796467	-6.137234612227453	230.0	24	1.05	0.95				
	214	2	89.71698412421053	18.035888561052634	0.0	0.0	2	1.0090870492618662	-4.113326804166876	230.0	26	1.05	0.95				
	215	2	146.59940189368422	29.597355587368423	0.0	0.0	2	1.029529923182834	2.7151717291779147	230.0	26	1.05	0.95				
	216	2	46.24586810526316	9.249173621052632	0.0	0.0	2	1.0315134520326463	2.505536129196936	230.0	26	1.05	0.95				
	217	1	0.0	0.0	0.0	0.0	2	1.0361811420270044	5.416388428216919	230.0	27	1.05	0.95				
	218	2	153.99874079052634	31.44719031157895	0.0	0.0	2	1.0379134383831028	5.915571078114871	230.0	27	1.05	0.95				
	219	1	83.70502127052633	17.110971198947368	0.0	0.0	2	1.031246179921207	1.2463692726983504	230.0	25	1.05	0.95				
	220	1	59.194711174736845	12.023925707368424	0.0	0.0	2	1.0344725201918048	1.0469232109532378	230.0	25	1.05	0.95				
	221	2	0.0	0.0	0.0	0.0	2	1.0377389057994366	5.60661164438554	230.0	27	1.05	0.95				
	222	2	0.0	0.0	0.0	0.0	2	1.05	12.031729716151693	230.0	27	1.05	0.95				
	223	2	0.0	0.0	0.0	0.0	2	1.0369088241897833	1.2858101751313937	230.0	25	1.05	0.95				
	224	1	0.0	0.0	0.0	0.0	2	1.0132318186634655	-1.004245135848744	230.0	26	1.05	0.95				
	301	2	62.404935157894734	12.71211642105263	0.0	0.0	3	1.010482608748363	-29.459316472778497	138.0	31	1.05	0.95				
	302	2	56.04887694736842	11.556469473684212	0.0	0.0	3	1.009414630718247	-29.703973859622778	138.0	32	1.05	0.95				
	303	1	104.0082252631579	21.379468526315787	0.0	0.0	3	1.0379770329865399	-18.921281736572453	138.0	31	1.05	0.95				
	304	1	42.75893705263157	8.667352105263157	0.0	0.0	3	1.008442602326596	-27.993920975851655	138.0	31	1.05	0.95				
	305	1	41.025466631578944	8.089528631578947	0.0	0.0	3	1.0226415393329815	-29.2610527382355	138.0	31	1.05	0.95				
	306	1	78.58399242105263	16.179057263157894	0.0	-100.0	3	1.0364121317289035	-29.799640709589056	138.0	32	1.05	0.95				
	307	2	72.22793421052631	14.445586842105262	0.0	0.0	3	0.9905293991646048	-36.41404695720274	138.0	32	1.05	0.95				
	308	1	98.807814	20.223821578947366	0.0	0.0	3	0.9916207681238122	-33.665356614896154	138.0	32	1.05	0.95				
	309	1	101.11910789473684	20.801645052631574	0.0	0.0	3	1.0273509720148857	-24.238647581038414	138.0	33	1.05	0.95				
	310	1	112.67557736842105	23.112938947368423	0.0	0.0	3	1.05	-27.207311563691782	138.0	33	1.05	0.95				
	311	1	0.0	0.0	0.0	0.0	3	1.018326733827497	-20.164846942910142	230.0	33	1.05	0.95				
	312	1	0.0	0.0	0.0	0.0	3	1.0184516754456574	-19.495838864363016	230.0	33	1.05	0.95				
	313	2	153.12322052631578	31.202467578947367	0.0	0.0	3	1.025028645370829	-16.598497706871846	230.0	34	1.05	0.95				
	314	2	112.09775389473684	22.53511547368421	0.0	0.0	3	1.0283701463751167	-17.765230098479822	230.0	36	1.05	0.95				
	315	2	183.17004115789473	36.98070231578947	0.0	0.0	3	1.04793677069499	-11.153589741798747	230.0	36	1.05	0.95				
	316	2	57.78234736842105	11.556469473684212	0.0	0.0	3	1.0478906825297318	-10.91136087692596	230.0	36	1.05	0.95				
	317	1	0.0	0.0	0.0	0.0	3	1.0489542071763474	-8.627612450380772	230.0	37	1.05	0.95				
	318	2	192.4152167368421	39.291996210526314	0.0	0.0	3	1.0480723857785377	-8.242749897945204	230.0	37	1.05	0.95				
	319	1	104.5860487368421	21.379468526315787	0.0	0.0	3	1.0452422242399422	-11.934261606871672	230.0	35	1.05	0.95				
	320	1	73.96140463157894	15.023410315789473	0.0	0.0	3	1.0475237789497642	-11.742044304113433	230.0	35	1.05	0.95				
	321	2	0.0	0.0	0.0	0.0	3	1.05	-7.733049975883256	230.0	37	1.05	0.95				
	322	2	0.0	0.0	0.0	0.0	3	1.05	-3.7382214263429363	230.0	37	1.05	0.95				
	323	2	0.0	0.0	0.0	0.0	3	1.05	-11.214289681859407	230.0	35	1.05	0.95				
	324	1	0.0	0.0	0.0	0.0	3	1.0341499348877454	-14.0602451769615	230.0	36	1.05	0.95				
	325	1	0.0	0.0	0.0	0.0	3	1.0413229266853588	-9.448799088683433	230.0	35	1.05	0.95				
];
