%% MATPOWER Case Format : Version 2
function mpc = RTS_GMLC
mpc.version = '2';

%%-----  Power Flow Data  -----%%
%% system MVA base
mpc.baseMVA = 100.0;
%% bus data
%    bus_i    type    Pd    Qd    Gs    Bs    area    Vm    Va    baseKV    zone    Vmax    Vmin
mpc.bus = [
	101	2	37.70113805052632	7.679861454736843	0.0	0.0	1	1.0343285903384054	2.8510197303245417	138.0	11	1.05	0.95				
	102	2	33.86120732315789	6.981692231578948	0.0	0.0	1	1.033426771987649	2.5975773063275156	138.0	12	1.05	0.95				
	103	1	62.83523008421052	12.916130628421051	0.0	0.0	1	1.030644148654112	0.9476642290750661	138.0	11	1.05	0.95				
	104	1	25.832261256842102	5.23626917368421	0.0	0.0	1	1.0227428738609294	-0.5503487371153065	138.0	11	1.05	0.95				
	105	1	24.785007422105263	4.887184562105264	0.0	0.0	1	1.037280066263747	-0.2899321827356524	138.0	11	1.05	0.95				
	106	1	47.47550717473685	9.774369124210528	0.0	-100.0	1	1.0476894612539036	-2.459256439238274	138.0	12	1.05	0.95				
	107	2	43.63557644736842	8.727115289473684	0.0	0.0	1	1.0011204411065	-8.246161081882832	138.0	12	1.05	0.95				
	108	1	59.69346858	12.217961405263157	0.0	0.0	1	1.0070183733390718	-6.696401714948829	138.0	12	1.05	0.95				
	109	1	61.08980702631579	12.567046016842104	0.0	0.0	1	1.0243377879127904	-1.7099124695273664	138.0	13	1.05	0.95				
	110	1	68.07149925789474	13.963384463157896	0.0	0.0	1	1.05	-2.3757969914186026	138.0	13	1.05	0.95				
	111	1	0.0	0.0	0.0	0.0	1	1.0008929456878215	-0.16212583829162	230.0	13	1.05	0.95				
	112	1	0.0	0.0	0.0	0.0	1	1.0055017743631118	-0.5331565716702004	230.0	13	1.05	0.95				
	113	3	92.50742206842105	18.85056902526316	0.0	0.0	1	0.9899325828434893	1.4538147144120217e-30	230.0	14	1.05	0.95				
	114	2	67.72241464631578	13.614299851578949	0.0	0.0	1	0.9972004643442749	1.7230116969540918	230.0	16	1.05	0.95				
	115	2	110.65982187052632	22.341415141052636	0.0	0.0	1	1.0358402454784084	7.371232719736634	230.0	16	1.05	0.95				
	116	2	34.908461157894735	6.981692231578948	0.0	0.0	1	1.03062554555212	6.354455502452173	230.0	16	1.05	0.95				
	117	1	0.0	0.0	0.0	0.0	1	1.0388025574465067	9.939318069196284	230.0	17	1.05	0.95				
	118	2	116.2451756557895	23.737753587368424	0.0	0.0	1	1.0442702226021756	10.277100052034013	230.0	17	1.05	0.95				
	119	1	63.18431469578948	12.916130628421051	0.0	0.0	1	1.0195138915621773	4.013205270963113	230.0	15	1.05	0.95				
	120	1	44.68283028210527	9.076199901052632	0.0	0.0	1	1.012983781318797	2.6397344649229337	230.0	15	1.05	0.95				
	121	2	0.0	0.0	0.0	0.0	1	1.0476653703942096	11.407346629591368	230.0	17	1.05	0.95				
	122	2	0.0	0.0	0.0	0.0	1	1.05	21.798409412442357	230.0	17	1.05	0.95				
	123	2	0.0	0.0	0.0	0.0	1	1.0096437953626678	2.1569662163962398	230.0	15	1.05	0.95				
	124	1	0.0	0.0	0.0	0.0	1	1.0252871653530347	4.957812012869069	230.0	16	1.05	0.95				
	201	2	38.02864789894737	7.74657642385965	0.0	0.0	2	1.0143746796598985	-11.862161314754196	138.0	21	1.05	0.95				
	202	2	34.155359687017544	7.042342203508772	0.0	0.0	2	1.0134882827961742	-12.13351425925127	138.0	22	1.05	0.95				
	203	1	63.38107983157896	13.028333076491228	0.0	0.0	2	1.015355131616328	-8.495477709479244	138.0	21	1.05	0.95				
	204	1	26.056666152982455	5.28175665263158	0.0	0.0	2	1.0132102072038078	-11.89433301722432	138.0	21	1.05	0.95				
	205	1	25.000314822456144	4.929639542456141	0.0	0.0	2	1.0280510691892366	-12.26533827412862	138.0	21	1.05	0.95				
	206	1	47.88792698385966	9.859279084912282	0.0	-100.0	2	1.043982302637081	-12.956330861198248	138.0	22	1.05	0.95				
	207	2	44.014638771929825	8.802927754385966	0.0	0.0	2	0.9970045136372149	-17.097050606476802	138.0	22	1.05	0.95				
	208	1	60.21202584	12.32409885614035	0.0	0.0	2	1.0041218915445445	-15.555614196298722	138.0	22	1.05	0.95				
	209	1	61.620494280701756	12.676215966315791	0.0	0.0	2	1.0225173789432838	-10.232660395487576	138.0	23	1.05	0.95				
	210	1	68.66283648421053	14.084684407017544	0.0	0.0	2	1.05	-11.532769343269429	138.0	23	1.05	0.95				
	211	1	0.0	0.0	0.0	0.0	2	1.0026465939232034	-7.581046975009571	230.0	23	1.05	0.95				
	212	1	0.0	0.0	0.0	0.0	2	1.005783909901809	-6.855623940785413	230.0	23	1.05	0.95				
	213	2	93.31103419649122	19.014323949473685	0.0	0.0	2	0.9969298828706503	-6.270335110752088	230.0	24	1.05	0.95				
	214	2	68.31071937403509	13.732567296842108	0.0	0.0	2	1.0011948575118919	-5.280964457385613	230.0	26	1.05	0.95				
	215	2	111.62112392561403	22.53549505122807	0.0	0.0	2	1.0163896963485632	0.25814155081263945	230.0	26	1.05	0.95				
	216	2	35.21171101754386	7.042342203508772	0.0	0.0	2	1.0176188342461787	0.10758085329909334	230.0	26	1.05	0.95				
	217	1	0.0	0.0	0.0	0.0	2	1.0218391873598696	1.4073881660579148	230.0	27	1.05	0.95				
	218	2	117.25499768842107	23.94396349192983	0.0	0.0	2	1.0213081651335716	1.0797323338950773	230.0	27	1.05	0.95				
	219	1	63.733196941754386	13.028333076491228	0.0	0.0	2	1.0188857918803804	0.09880603291658817	230.0	25	1.05	0.95				
	220	1	45.07099010245614	9.155044864561404	0.0	0.0	2	1.0219924630232102	0.7903570143361069	230.0	25	1.05	0.95				
	221	2	0.0	0.0	0.0	0.0	2	1.0232540674614992	1.6087780543976733	230.0	27	1.05	0.95				
	222	2	0.0	0.0	0.0	0.0	2	1.0451295984149935	8.081503252377201	230.0	27	1.05	0.95				
	223	2	0.0	0.0	0.0	0.0	2	1.0240832399277928	1.443177242715269	230.0	25	1.05	0.95				
	224	1	0.0	0.0	0.0	0.0	2	1.0052152292306742	-3.0503865108141084	230.0	26	1.05	0.95				
	301	2	41.17051565052631	8.386586521403508	0.0	0.0	3	1.0103855687630117	-12.757472418884188	138.0	31	1.05	0.95				
	302	2	36.977222389824554	7.624169564912281	0.0	0.0	3	1.010330046976642	-12.843394476142599	138.0	32	1.05	0.95				
	303	1	68.61752608421052	14.104713695087717	0.0	0.0	3	1.0231956683313854	-8.196673707808595	138.0	31	1.05	0.95				
	304	1	28.209427390175435	5.718127173684209	0.0	0.0	3	1.0126271850522615	-11.438328632663344	138.0	31	1.05	0.95				
	305	1	27.06580195543859	5.336918695438596	0.0	0.0	3	1.025391341395317	-12.266298586115536	138.0	31	1.05	0.95				
	306	1	51.8443530414035	10.673837390877193	0.0	-100.0	3	1.0423957753805344	-12.45965665962571	138.0	32	1.05	0.95				
	307	2	47.65105978070175	9.53021195614035	0.0	0.0	3	0.9908749117354602	-16.33497287451807	138.0	32	1.05	0.95				
	308	1	65.18664978	13.342296738596488	0.0	0.0	3	1.000192161311178	-14.67235801373254	138.0	32	1.05	0.95				
	309	1	66.71148369298245	13.723505216842103	0.0	0.0	3	1.0260329767607486	-8.72442427293389	138.0	33	1.05	0.95				
	310	1	74.33565325789473	15.248339129824561	0.0	0.0	3	1.05	-10.546025333826499	138.0	33	1.05	0.95				
	311	1	0.0	0.0	0.0	0.0	3	1.0039475591852598	-5.457252630029094	230.0	33	1.05	0.95				
	312	1	0.0	0.0	0.0	0.0	3	1.0092381959908414	-5.033430421491838	230.0	33	1.05	0.95				
	313	2	101.0202467350877	20.585257825263156	0.0	0.0	3	1.0070810452014316	-2.1489469444808758	230.0	34	1.05	0.95				
	314	2	73.95444477964911	14.867130651578947	0.0	0.0	3	0.9978499887834164	-4.027750345931997	230.0	36	1.05	0.95				
	315	2	120.84308760385963	24.397342607719295	0.0	0.0	3	1.0290931336355018	-0.08607023655468268	230.0	36	1.05	0.95				
	316	2	38.1208478245614	7.624169564912281	0.0	0.0	3	1.0275361676422992	0.19947479599552198	230.0	36	1.05	0.95				
	317	1	0.0	0.0	0.0	0.0	3	1.0397405412035956	4.569375027272879	230.0	37	1.05	0.95				
	318	2	126.94242325578946	25.92217652070175	0.0	0.0	3	1.0368913818487426	2.9591790451961004	230.0	37	1.05	0.95				
	319	1	68.99873456245614	14.104713695087717	0.0	0.0	3	1.0217859097389064	-0.508354952536039	230.0	35	1.05	0.95				
	320	1	48.79468521543859	9.911420434385965	0.0	0.0	3	1.019171213431922	-0.37465389999705767	230.0	35	1.05	0.95				
	321	2	0.0	0.0	0.0	0.0	3	1.0366795267697604	2.5433964698389784	230.0	37	1.05	0.95				
	322	2	0.0	0.0	0.0	0.0	3	1.0499999984499317	7.650604888853801	230.0	37	1.05	0.95				
	323	2	0.0	0.0	0.0	0.0	3	1.0181107198821653	-0.0005757517211057531	230.0	35	1.05	0.95				
	324	1	0.0	0.0	0.0	0.0	3	1.016654673984855	-3.1349122178038273	230.0	36	1.05	0.95				
	325	1	0.0	0.0	0.0	0.0	3	1.017888302474161	0.9823563628801882	230.0	35	1.05	0.95				
];
