%% MATPOWER Case Format : Version 2
function mpc = RTS_GMLC
mpc.version = '2';

%%-----  Power Flow Data  -----%%
%% system MVA base
mpc.baseMVA = 100.0;
%% bus data
%    bus_i    type    Pd    Qd    Gs    Bs    area    Vm    Va    baseKV    zone    Vmax    Vmin
mpc.bus = [
	101	2	37.073231075368426	7.551954478315789	0.0	0.0	1	1.0329944186507025	4.326730845173489	138.0	11	1.05	0.95				
	102	2	33.29725383621052	6.865413162105264	0.0	0.0	1	1.0320808826894332	4.061246830266573	138.0	12	1.05	0.95				
	103	1	61.788718458947365	12.701014349894734	0.0	0.0	1	1.0319853146424443	2.7293246680879464	138.0	11	1.05	0.95				
	104	1	25.40202869978947	5.149059871578947	0.0	0.0	1	1.0222783396868584	0.8400874556283384	138.0	11	1.05	0.95				
	105	1	24.37221672547368	4.805789213473685	0.0	0.0	1	1.0365790440189688	1.0735213407207875	138.0	11	1.05	0.95				
	106	1	46.68480950231579	9.61157842694737	0.0	-100.0	1	1.0474359523829158	-1.153759054135641	138.0	12	1.05	0.95				
	107	2	42.90883226315789	8.581766452631578	0.0	0.0	1	1.0002232414992838	-7.14433799785251	138.0	12	1.05	0.95				
	108	1	58.699282536	12.014473033684208	0.0	0.0	1	1.0066157936693707	-5.501415984591895	138.0	12	1.05	0.95				
	109	1	60.07236516842105	12.357743691789473	0.0	0.0	1	1.0244879047482216	-0.39882782430610636	138.0	13	1.05	0.95				
	110	1	66.93777833052631	13.730826324210527	0.0	0.0	1	1.05	-1.1400524573045734	138.0	13	1.05	0.95				
	111	1	0.0	0.0	0.0	0.0	1	1.0014479466391923	0.8918613034997964	230.0	13	1.05	0.95				
	112	1	0.0	0.0	0.0	0.0	1	1.0066280299867862	0.6478062456720082	230.0	13	1.05	0.95				
	113	3	90.96672439789472	18.536615537684213	0.0	0.0	1	0.9897753939972735	3.954060074338707e-31	230.0	14	1.05	0.95				
	114	2	66.59450767242105	13.387555666105264	0.0	0.0	1	0.9988488811820239	3.463438820111508	230.0	16	1.05	0.95				
	115	2	108.81679861936841	21.96932211873684	0.0	0.0	1	1.0390299984928473	9.79320572084333	230.0	16	1.05	0.95				
	116	2	34.327065810526314	6.865413162105264	0.0	0.0	1	1.0348353784484197	8.975109110345398	230.0	16	1.05	0.95				
	117	1	0.0	0.0	0.0	0.0	1	1.0412038105006172	12.62026199173241	230.0	17	1.05	0.95				
	118	2	114.30912914905262	23.342404751157893	0.0	0.0	1	1.0471650624195088	12.721533683929628	230.0	17	1.05	0.95				
	119	1	62.13198911705263	12.701014349894734	0.0	0.0	1	1.0256654110583046	6.9156502553379084	230.0	15	1.05	0.95				
	120	1	43.93864423747368	8.925037110736842	0.0	0.0	1	1.020438026572448	5.777268911535051	230.0	15	1.05	0.95				
	121	2	0.0	0.0	0.0	0.0	1	1.05	13.62467580866808	230.0	17	1.05	0.95				
	122	2	0.0	0.0	0.0	0.0	1	1.05	26.595916252078244	230.0	17	1.05	0.95				
	123	2	0.0	0.0	0.0	0.0	1	1.0177250687182624	5.417554158111432	230.0	15	1.05	0.95				
	124	1	0.0	0.0	0.0	0.0	1	1.0271370123144679	7.143208031981024	230.0	16	1.05	0.95				
	201	2	41.93861168842105	8.543050529122807	0.0	0.0	2	1.0218477958549945	-9.518240749161214	138.0	21	1.05	0.95				
	202	2	37.667086423859644	7.766409571929825	0.0	0.0	2	1.022166338320396	-9.497726862216414	138.0	22	1.05	0.95				
	203	1	69.89768614736842	14.367857708070176	0.0	0.0	2	1.0158388321162564	-7.7391753864489745	138.0	21	1.05	0.95				
	204	1	28.73571541614035	5.824807178947368	0.0	0.0	2	1.0164304908828934	-10.556385886775876	138.0	21	1.05	0.95				
	205	1	27.570753980350876	5.436486700350877	0.0	0.0	2	1.031308982118112	-10.864541788072154	138.0	21	1.05	0.95				
	206	1	52.811585089122815	10.872973400701754	0.0	-100.0	2	1.044816971664497	-12.01991295182337	138.0	22	1.05	0.95				
	207	2	48.540059824561396	9.70801196491228	0.0	0.0	2	0.9944936693036405	-17.307088250250708	138.0	22	1.05	0.95				
	208	1	66.40280184	13.59121675087719	0.0	0.0	2	1.0012033873348383	-15.57965135391721	138.0	22	1.05	0.95				
	209	1	67.95608375438597	13.979537229473681	0.0	0.0	2	1.022281714901335	-9.814300083039681	138.0	23	1.05	0.95				
	210	1	75.72249332631579	15.53281914385965	0.0	0.0	2	1.05	-10.975015946285335	138.0	23	1.05	0.95				
	211	1	0.0	0.0	0.0	0.0	2	1.0033583458376683	-7.359352362316046	230.0	23	1.05	0.95				
	212	1	0.0	0.0	0.0	0.0	2	1.0068628983110837	-6.713935471332054	230.0	23	1.05	0.95				
	213	2	102.90492682807017	20.969305844210524	0.0	0.0	2	0.997259889721036	-6.299188381919203	230.0	24	1.05	0.95				
	214	2	75.33417284771929	15.144498665263159	0.0	0.0	2	1.0021969967779079	-5.118203471980552	230.0	26	1.05	0.95				
	215	2	123.09759171508772	24.852510630175438	0.0	0.0	2	1.0181403805692295	0.5735635884674669	230.0	26	1.05	0.95				
	216	2	38.83204785964912	7.766409571929825	0.0	0.0	2	1.0198321619200847	0.410139521235353	230.0	26	1.05	0.95				
	217	1	0.0	0.0	0.0	0.0	2	1.024753171995387	2.186338467473649	230.0	27	1.05	0.95				
	218	2	129.31071937263155	26.405792544561407	0.0	0.0	2	1.024085402937431	1.673793739142157	230.0	27	1.05	0.95				
	219	1	70.28600662596492	14.367857708070176	0.0	0.0	2	1.020547838546631	0.06820150841837812	230.0	25	1.05	0.95				
	220	1	49.705021260350875	10.096332443508773	0.0	0.0	2	1.023591663132193	0.5390242209830878	230.0	25	1.05	0.95				
	221	2	0.0	0.0	0.0	0.0	2	1.0257435439453377	2.1156480347201456	230.0	27	1.05	0.95				
	222	2	0.0	0.0	0.0	0.0	2	1.0478679634426098	8.660255727663476	230.0	27	1.05	0.95				
	223	2	0.0	0.0	0.0	0.0	2	1.0257482708212937	1.0971361519264418	230.0	25	1.05	0.95				
	224	1	0.0	0.0	0.0	0.0	2	1.00694728608714	-2.5636755165906107	230.0	26	1.05	0.95				
	301	2	42.96425180210527	8.751977218947369	0.0	0.0	3	1.0090064980560731	-18.428076583758365	138.0	31	1.05	0.95				
	302	2	38.58826319263158	7.9563429263157905	0.0	0.0	3	1.0089246512087064	-18.541170076006278	138.0	32	1.05	0.95				
	303	1	71.6070863368421	14.719234413684209	0.0	0.0	3	1.0244571234577036	-13.180495589757152	138.0	31	1.05	0.95				
	304	1	29.438468827368418	5.967257194736842	0.0	0.0	3	1.011444312365363	-17.24094866404017	138.0	31	1.05	0.95				
	305	1	28.24501738842105	5.569440048421053	0.0	0.0	3	1.0244535152076883	-17.96986186495469	138.0	31	1.05	0.95				
	306	1	54.10313189894737	11.138880096842106	0.0	-100.0	3	1.0415721549671109	-18.200286660184457	138.0	32	1.05	0.95				
	307	2	49.72714328947369	9.945428657894736	0.0	0.0	3	0.9922554088268795	-22.43389873662269	138.0	32	1.05	0.95				
	308	1	68.02673202	13.92360012105263	0.0	0.0	3	1.000234497333156	-20.67480943900412	138.0	32	1.05	0.95				
	309	1	69.61800060526315	14.32141726736842	0.0	0.0	3	1.0255861321207307	-14.54326572695105	138.0	33	1.05	0.95				
	310	1	77.57434353157893	15.912685852631581	0.0	0.0	3	1.05	-16.229617994139474	138.0	33	1.05	0.95				
	311	1	0.0	0.0	0.0	0.0	3	1.0049668730396761	-11.128184965917262	230.0	33	1.05	0.95				
	312	1	0.0	0.0	0.0	0.0	3	1.0107613991120532	-10.318735397522884	230.0	33	1.05	0.95				
	313	2	105.4215437736842	21.482125901052633	0.0	0.0	3	1.0094303850644037	-7.423867954256426	230.0	34	1.05	0.95				
	314	2	77.17652638526316	15.51486870631579	0.0	0.0	3	0.9994594281949238	-9.984802850868526	230.0	36	1.05	0.95				
	315	2	126.10803538210527	25.460297364210525	0.0	0.0	3	1.0238042319565088	-6.65356893487383	230.0	36	1.05	0.95				
	316	2	39.78171463157894	7.9563429263157905	0.0	0.0	3	1.02355204946682	-5.998857629964628	230.0	36	1.05	0.95				
	317	1	0.0	0.0	0.0	0.0	3	1.0296652739728303	-4.201829007332189	230.0	37	1.05	0.95				
	318	2	132.47310972315788	27.051565949473684	0.0	0.0	3	1.0279435588046397	-4.5980423969804045	230.0	37	1.05	0.95				
	319	1	72.00490348315789	14.719234413684209	0.0	0.0	3	1.0231218178502142	-5.935484639656332	230.0	35	1.05	0.95				
	320	1	50.92059472842105	10.343245804210527	0.0	0.0	3	1.0252896250749317	-5.098748367232517	230.0	35	1.05	0.95				
	321	2	0.0	0.0	0.0	0.0	3	1.0287990950072057	-4.736885655079879	230.0	37	1.05	0.95				
	322	2	0.0	0.0	0.0	0.0	3	1.0425124457138994	-0.1574600935937917	230.0	37	1.05	0.95				
	323	2	0.0	0.0	0.0	0.0	3	1.0271271022561368	-4.333100199305608	230.0	35	1.05	0.95				
	324	1	0.0	0.0	0.0	0.0	3	1.0154555679604615	-9.123282624055197	230.0	36	1.05	0.95				
	325	1	0.0	0.0	0.0	0.0	3	1.022893490279324	-2.8270551720602906	230.0	35	1.05	0.95				
];
