%% MATPOWER Case Format : Version 2
function mpc = RTS_GMLC
mpc.version = '2';

%%-----  Power Flow Data  -----%%
%% system MVA base
mpc.baseMVA = 100.0;
%% bus data
%    bus_i    type    Pd    Qd    Gs    Bs    area    Vm    Va    baseKV    zone    Vmax    Vmin
mpc.bus = [
	101	2	36.084611576842114	7.350569024912282	0.0	0.0	1	1.0334829785963218	3.46175099140004	138.0	11	1.05	0.95				
	102	2	32.40932706438597	6.682335477192984	0.0	0.0	1	1.0326177660834075	3.2320348328055633	138.0	12	1.05	0.95				
	103	1	60.14101929473685	12.36232063280702	0.0	0.0	1	1.029136026693074	0.7114498740514196	138.0	11	1.05	0.95				
	104	1	24.72464126561404	5.011751607894737	0.0	0.0	1	1.0227279184699658	0.07869947001561647	138.0	11	1.05	0.95				
	105	1	23.72229094403509	4.677634834035089	0.0	0.0	1	1.0371181968050265	0.420303915117276	138.0	11	1.05	0.95				
	106	1	45.439881244912286	9.355269668070179	0.0	-100.0	1	1.0479690304092482	-1.677014560093501	138.0	12	1.05	0.95				
	107	2	41.76459673245614	8.352919346491229	0.0	0.0	1	1.0004303032228652	-6.2672674723405155	138.0	12	1.05	0.95				
	108	1	57.13396833000001	11.69408708508772	0.0	0.0	1	1.0076380595453718	-5.236410728839793	138.0	12	1.05	0.95				
	109	1	58.4704354254386	12.02820385894737	0.0	0.0	1	1.0244789797752152	-1.1427905822966418	138.0	13	1.05	0.95				
	110	1	65.15277090263159	13.364670954385968	0.0	0.0	1	1.05	-1.6081760763950992	138.0	13	1.05	0.95				
	111	1	0.0	0.0	0.0	0.0	1	1.0005982819889694	-0.001360337786374429	230.0	13	1.05	0.95				
	112	1	0.0	0.0	0.0	0.0	1	1.0052547452665697	0.3907607695893595	230.0	13	1.05	0.95				
	113	3	88.54094507280702	18.042305788421057	0.0	0.0	1	0.9881392334009043	1.700635147042037e-24	230.0	14	1.05	0.95				
	114	2	64.81865412877194	13.030554180526318	0.0	0.0	1	0.9965199136517552	1.5097964422118952	230.0	16	1.05	0.95				
	115	2	105.91501731350878	21.383473527017546	0.0	0.0	1	1.0329314644544685	5.524891440603949	230.0	16	1.05	0.95				
	116	2	33.411677385964914	6.682335477192984	0.0	0.0	1	1.0281703496463002	5.546526818982596	230.0	16	1.05	0.95				
	117	1	0.0	0.0	0.0	0.0	1	1.0382632148188085	7.107484131976017	230.0	17	1.05	0.95				
	118	2	111.26088569526318	22.719940622456143	0.0	0.0	1	1.0413914106169573	7.025855322430211	230.0	17	1.05	0.95				
	119	1	60.475136068596505	12.36232063280702	0.0	0.0	1	1.0216941429328683	4.969522895909085	230.0	15	1.05	0.95				
	120	1	42.76694705403509	8.687036120350879	0.0	0.0	1	1.0178669063004906	5.126185036390695	230.0	15	1.05	0.95				
	121	2	0.0	0.0	0.0	0.0	1	1.0460072437007002	7.715953894939285	230.0	17	1.05	0.95				
	122	2	0.0	0.0	0.0	0.0	1	1.05	13.983548543210603	230.0	17	1.05	0.95				
	123	2	0.0	0.0	0.0	0.0	1	1.0159222110064354	5.478835676362525	230.0	15	1.05	0.95				
	124	1	0.0	0.0	0.0	0.0	1	1.0243440592952098	3.717316712310935	230.0	16	1.05	0.95				
	201	2	35.68266960631579	7.268691956842105	0.0	0.0	2	1.018260867736788	-6.563724278363522	138.0	21	1.05	0.95				
	202	2	32.04832362789474	6.607901778947369	0.0	0.0	2	1.0179018670097102	-6.5838379831092295	138.0	22	1.05	0.95				
	203	1	59.471116010526316	12.224618291052632	0.0	0.0	2	1.016622668942877	-5.4272905902632615	138.0	21	1.05	0.95				
	204	1	24.449236582105264	4.955926334210526	0.0	0.0	2	1.0158424523421112	-7.513333048175415	138.0	21	1.05	0.95				
	205	1	23.458051315263155	4.625531245263159	0.0	0.0	2	1.0303003720868298	-7.73414254574639	138.0	21	1.05	0.95				
	206	1	44.93373209684211	9.251062490526317	0.0	-100.0	2	1.0454664659334418	-8.760358251788682	138.0	22	1.05	0.95				
	207	2	41.29938611842105	8.25987722368421	0.0	0.0	2	0.9936624951322193	-13.118478626885194	138.0	22	1.05	0.95				
	208	1	56.497560209999996	11.563828113157895	0.0	0.0	2	1.0030618113223202	-11.706762109794122	138.0	22	1.05	0.95				
	209	1	57.819140565789475	11.894223202105263	0.0	0.0	2	1.0226253184304739	-6.894652907517223	138.0	23	1.05	0.95				
	210	1	64.42704234473683	13.215803557894738	0.0	0.0	2	1.05	-7.844178211212019	138.0	23	1.05	0.95				
	211	1	0.0	0.0	0.0	0.0	2	1.00062296256503	-4.694832212403244	230.0	23	1.05	0.95				
	212	1	0.0	0.0	0.0	0.0	2	1.0070217169672002	-4.180525196695161	230.0	23	1.05	0.95				
	213	2	87.55469857105263	17.841334803157896	0.0	0.0	2	0.9947895920241745	-3.776518531498909	230.0	24	1.05	0.95				
	214	2	64.09664725578948	12.885408468947368	0.0	0.0	2	0.9951918147774881	-2.663728885695378	230.0	26	1.05	0.95				
	215	2	104.73524319631578	21.145285692631578	0.0	0.0	2	1.0162793276162665	2.211738901213787	230.0	26	1.05	0.95				
	216	2	33.03950889473684	6.607901778947369	0.0	0.0	2	1.0176790254807806	2.147074204251615	230.0	26	1.05	0.95				
	217	1	0.0	0.0	0.0	0.0	2	1.0230770084839038	3.699575693810473	230.0	27	1.05	0.95				
	218	2	110.02156461947368	22.466866048421053	0.0	0.0	2	1.0224164599018029	3.32541059964595	230.0	27	1.05	0.95				
	219	1	59.80151109947368	12.224618291052632	0.0	0.0	2	1.01976295029915	1.7657488110409847	230.0	25	1.05	0.95				
	220	1	42.290571385263156	8.59027231263158	0.0	0.0	2	1.0233125602384947	2.092019194717902	230.0	25	1.05	0.95				
	221	2	0.0	0.0	0.0	0.0	2	1.023995240914115	3.759153869982859	230.0	27	1.05	0.95				
	222	2	0.0	0.0	0.0	0.0	2	1.046092950054793	10.275235176056034	230.0	27	1.05	0.95				
	223	2	0.0	0.0	0.0	0.0	2	1.025433271207478	2.527535894553296	230.0	25	1.05	0.95				
	224	1	0.0	0.0	0.0	0.0	2	1.0067959942069595	-0.6790247349376552	230.0	26	1.05	0.95				
	301	2	44.09174311578948	8.981651375438597	0.0	0.0	3	1.0072020631785406	-24.152825352142326	138.0	31	1.05	0.95				
	302	2	39.600917428070176	8.165137614035089	0.0	0.0	3	1.007159789730935	-24.24604979670161	138.0	32	1.05	0.95				
	303	1	73.48623852631579	15.105504585964912	0.0	0.0	3	1.020687438118254	-19.510812183164145	138.0	31	1.05	0.95				
	304	1	30.211009171929824	6.123853210526316	0.0	0.0	3	1.0103280424365857	-22.865141781577925	138.0	31	1.05	0.95				
	305	1	28.986238529824565	5.715596329824563	0.0	0.0	3	1.0233024709937595	-23.511740236825254	138.0	31	1.05	0.95				
	306	1	55.52293577543861	11.431192659649126	0.0	-100.0	3	1.0408193452762802	-23.649064054005528	138.0	32	1.05	0.95				
	307	2	51.0321100877193	10.206422017543861	0.0	0.0	3	0.9937984448593846	-28.076857530206006	138.0	32	1.05	0.95				
	308	1	69.8119266	14.288990824561404	0.0	0.0	3	1.000695582394396	-26.255675154559444	138.0	32	1.05	0.95				
	309	1	71.44495412280702	14.697247705263159	0.0	0.0	3	1.0255062318162385	-20.06027014760833	138.0	33	1.05	0.95				
	310	1	79.61009173684211	16.330275228070178	0.0	0.0	3	1.05	-21.556212425356435	138.0	33	1.05	0.95				
	311	1	0.0	0.0	0.0	0.0	3	1.0067791459106523	-16.06164253509143	230.0	33	1.05	0.95				
	312	1	0.0	0.0	0.0	0.0	3	1.010650500800452	-15.435515759992247	230.0	33	1.05	0.95				
	313	2	108.18807338596493	22.04587155789474	0.0	0.0	3	1.010150835699382	-12.409577508278117	230.0	34	1.05	0.95				
	314	2	79.20183485614035	15.922018347368422	0.0	0.0	3	1.0057159200911812	-14.404435276718797	230.0	36	1.05	0.95				
	315	2	129.41743118245614	26.12844036491228	0.0	0.0	3	1.029480301447236	-10.517015747408404	230.0	36	1.05	0.95				
	316	2	40.825688070175445	8.165137614035089	0.0	0.0	3	1.0291958049775511	-9.632314338668136	230.0	36	1.05	0.95				
	317	1	0.0	0.0	0.0	0.0	3	1.033884574981213	-8.330583382504505	230.0	37	1.05	0.95				
	318	2	135.94954127368422	27.761467887719306	0.0	0.0	3	1.0331189459655437	-8.219364061257314	230.0	37	1.05	0.95				
	319	1	73.89449540701756	15.105504585964912	0.0	0.0	3	1.0269511883820752	-10.03735310585786	230.0	35	1.05	0.95				
	320	1	52.25688072982456	10.614678898245614	0.0	0.0	3	1.0276204969144367	-9.593153164562388	230.0	35	1.05	0.95				
	321	2	0.0	0.0	0.0	0.0	3	1.0341139053324133	-8.467367680636276	230.0	37	1.05	0.95				
	322	2	0.0	0.0	0.0	0.0	3	1.0472332643327678	-4.083930980774304	230.0	37	1.05	0.95				
	323	2	0.0	0.0	0.0	0.0	3	1.0285447389480473	-9.03506461691505	230.0	35	1.05	0.95				
	324	1	0.0	0.0	0.0	0.0	3	1.0149918544777479	-13.889117483832328	230.0	36	1.05	0.95				
	325	1	0.0	0.0	0.0	0.0	3	1.0245898500469468	-7.635261684236314	230.0	35	1.05	0.95				
];
