%% MATPOWER Case Format : Version 2
function mpc = RTS_GMLC
mpc.version = '2';

%%-----  Power Flow Data  -----%%
%% system MVA base
mpc.baseMVA = 100.0;
%% bus data
%    bus_i    type    Pd    Qd    Gs    Bs    area    Vm    Va    baseKV    zone    Vmax    Vmin
mpc.bus = [
	101	2	47.98812467368421	9.77535872982456	0.0	0.0	1	1.0327783772468053	2.8365125637877298	138.0	11	1.05	0.95				
	102	2	43.10044530877193	8.886689754385966	0.0	0.0	1	1.0323632217677747	2.6947659223882723	138.0	12	1.05	0.95				
	103	1	79.98020778947368	16.440376045614038	0.0	0.0	1	1.0288014003025254	0.6932862172157096	138.0	11	1.05	0.95				
	104	1	32.880752091228075	6.665017315789473	0.0	0.0	1	1.0209076560312749	-0.6639938528050112	138.0	11	1.05	0.95				
	105	1	31.54774862807017	6.220682828070176	0.0	0.0	1	1.0351714190543926	-0.44015823496629997	138.0	11	1.05	0.95				
	106	1	60.42949032982457	12.441365656140352	0.0	-100.0	1	1.0446641972295059	-2.7277550865111833	138.0	12	1.05	0.95				
	107	2	55.54181096491227	11.108362192982456	0.0	0.0	1	1.0091051769116022	-6.428000082351734	138.0	12	1.05	0.95				
	108	1	75.9811974	15.55170707017544	0.0	0.0	1	1.009789824245246	-5.9414499235111675	138.0	12	1.05	0.95				
	109	1	77.7585353508772	15.996041557894735	0.0	0.0	1	1.025324097685836	-1.6107467282314791	138.0	13	1.05	0.95				
	110	1	86.64522510526315	17.77337950877193	0.0	0.0	1	1.05	-2.359439660704217	138.0	13	1.05	0.95				
	111	1	0.0	0.0	0.0	0.0	1	1.0042705450456715	-0.0032154857436759686	230.0	13	1.05	0.95				
	112	1	0.0	0.0	0.0	0.0	1	1.0098455549682503	0.42621425019450954	230.0	13	1.05	0.95				
	113	3	117.74863924561403	23.994062336842106	0.0	0.0	1	0.9968783174649045	2.595451614894076e-29	230.0	14	1.05	0.95				
	114	2	86.20089061754386	17.32904502105263	0.0	0.0	1	1.000706146733849	2.1000707107451126	230.0	16	1.05	0.95				
	115	2	140.85403260701753	28.437407214035087	0.0	0.0	1	1.0400987750100994	7.786670688079511	230.0	16	1.05	0.95				
	116	2	44.433448771929825	8.886689754385966	0.0	0.0	1	1.0365588808589277	7.6081218614395425	230.0	16	1.05	0.95				
	117	1	0.0	0.0	0.0	0.0	1	1.0426111142992076	9.727367402126072	230.0	17	1.05	0.95				
	118	2	147.96338441052632	30.214745164912284	0.0	0.0	1	1.0463888878870666	9.286004523548435	230.0	17	1.05	0.95				
	119	1	80.42454227719298	16.440376045614038	0.0	0.0	1	1.0306023152889352	6.621860900388159	230.0	15	1.05	0.95				
	120	1	56.874814428070174	11.552696680701754	0.0	0.0	1	1.0285682110273124	6.619331288971332	230.0	15	1.05	0.95				
	121	2	0.0	0.0	0.0	0.0	1	1.05	9.903361886403989	230.0	17	1.05	0.95				
	122	2	0.0	0.0	0.0	0.0	1	1.05	21.653131240804925	230.0	17	1.05	0.95				
	123	2	0.0	0.0	0.0	0.0	1	1.02807109876477	6.959320759928387	230.0	15	1.05	0.95				
	124	1	0.0	0.0	0.0	0.0	1	1.026568342112083	5.13855917500749	230.0	16	1.05	0.95				
	201	2	52.93750983157894	10.783566817543859	0.0	0.0	2	1.029878198386593	-8.974436339931884	138.0	21	1.05	0.95				
	202	2	47.54572642280701	9.803242561403508	0.0	0.0	2	1.0302838673435837	-8.973249593524903	138.0	22	1.05	0.95				
	203	1	88.22918305263158	18.13599873859649	0.0	0.0	2	1.0202162362801854	-7.854872237461664	138.0	21	1.05	0.95				
	204	1	36.27199747719298	7.352431921052631	0.0	0.0	2	1.0182898212084437	-11.299280483071131	138.0	21	1.05	0.95				
	205	1	34.80151109298245	6.862269792982456	0.0	0.0	2	1.0336005257509875	-11.50835915870819	138.0	21	1.05	0.95				
	206	1	66.66204941754386	13.724539585964912	0.0	-100.0	2	1.0433540800008037	-13.391334938786823	138.0	22	1.05	0.95				
	207	2	61.27026600877193	12.254053201754385	0.0	0.0	2	0.9877532001714902	-20.77050874237304	138.0	22	1.05	0.95				
	208	1	83.81772389999999	17.15567448245614	0.0	0.0	2	0.9931829034892591	-18.5073267433725	138.0	22	1.05	0.95				
	209	1	85.77837241228069	17.645836610526313	0.0	0.0	2	1.0230160517844922	-11.203732397454802	138.0	23	1.05	0.95				
	210	1	95.5816149736842	19.606485122807015	0.0	0.0	2	1.05	-12.518897774118486	138.0	23	1.05	0.95				
	211	1	0.0	0.0	0.0	0.0	2	1.0089826049960013	-8.469589455919065	230.0	23	1.05	0.95				
	212	1	0.0	0.0	0.0	0.0	2	1.0121523923374673	-8.19866057450761	230.0	23	1.05	0.95				
	213	2	129.8929639385965	26.46875491578947	0.0	0.0	2	1.0039281764447674	-7.895315102472226	230.0	24	1.05	0.95				
	214	2	95.09145284561401	19.11632299473684	0.0	0.0	2	1.013579122719099	-5.509605770006397	230.0	26	1.05	0.95				
	215	2	155.3813945982456	31.37037619649123	0.0	0.0	2	1.0317776174797055	2.0196057898887743	230.0	26	1.05	0.95				
	216	2	49.01621280701754	9.803242561403508	0.0	0.0	2	1.0346084208274506	1.614916075030438	230.0	26	1.05	0.95				
	217	1	0.0	0.0	0.0	0.0	2	1.0385825666174497	4.9322854419408	230.0	27	1.05	0.95				
	218	2	163.2239886473684	33.33102470877193	0.0	0.0	2	1.0405454168223203	5.469319717313752	230.0	27	1.05	0.95				
	219	1	88.71934518070175	18.13599873859649	0.0	0.0	2	1.0338137916881391	-0.013059542734067963	230.0	25	1.05	0.95				
	220	1	62.74075239298246	12.74421532982456	0.0	0.0	2	1.0370892234402111	-0.48488460963200336	230.0	25	1.05	0.95				
	221	2	0.0	0.0	0.0	0.0	2	1.0399949465347684	5.074619663228339	230.0	27	1.05	0.95				
	222	2	0.0	0.0	0.0	0.0	2	1.05	11.520902066728024	230.0	27	1.05	0.95				
	223	2	0.0	0.0	0.0	0.0	2	1.0396495523126803	-0.37676823664565984	230.0	25	1.05	0.95				
	224	1	0.0	0.0	0.0	0.0	2	1.015213097776726	-1.6739475371274135	230.0	26	1.05	0.95				
	301	2	68.17905727578948	13.888326482105265	0.0	0.0	3	1.0101419595830112	-39.091559892518575	138.0	31	1.05	0.95				
	302	2	61.23489403473684	12.625751347368421	0.0	0.0	3	1.009488702621648	-39.25224098246363	138.0	32	1.05	0.95				
	303	1	113.6317621263158	23.35763999263158	0.0	0.0	3	1.0169539054436372	-30.79904249977877	138.0	31	1.05	0.95				
	304	1	46.71527998526316	9.469313510526316	0.0	0.0	3	1.006299575414987	-37.040863650732355	138.0	31	1.05	0.95				
	305	1	44.82141728315789	8.838025943157895	0.0	0.0	3	1.021226710550051	-38.072582567739026	138.0	31	1.05	0.95				
	306	1	85.85510916210526	17.67605188631579	0.0	-100.0	3	1.034662377253754	-38.19610130589636	138.0	32	1.05	0.95				
	307	2	78.91094592105263	15.782189184210527	0.0	0.0	3	0.998823167025223	-43.05268596421661	138.0	32	1.05	0.95				
	308	1	107.95017402	22.095064857894737	0.0	0.0	3	0.9958020622760863	-41.1222033408392	138.0	32	1.05	0.95				
	309	1	110.47532428947369	22.72635242526316	0.0	0.0	3	1.026377851561888	-32.655733167607934	138.0	33	1.05	0.95				
	310	1	123.1010756368421	25.251502694736843	0.0	0.0	3	1.05	-35.028133936945494	138.0	33	1.05	0.95				
	311	1	0.0	0.0	0.0	0.0	3	1.022448362451954	-26.936384084004157	230.0	33	1.05	0.95				
	312	1	0.0	0.0	0.0	0.0	3	1.017940575441088	-26.3534326989753	230.0	33	1.05	0.95				
	313	2	167.29120535263158	34.08952863789474	0.0	0.0	3	1.033135598465941	-23.163478570269476	230.0	34	1.05	0.95				
	314	2	122.46978806947368	24.62021512736842	0.0	0.0	3	1.0395292793621058	-23.49814037790395	230.0	36	1.05	0.95				
	315	2	200.1181588557895	40.40240431157895	0.0	0.0	3	1.0493638840239061	-15.32097830487266	230.0	36	1.05	0.95				
	316	2	63.12875673684211	12.625751347368421	0.0	0.0	3	1.0496838747101278	-14.793501585002792	230.0	36	1.05	0.95				
	317	1	0.0	0.0	0.0	0.0	3	1.05	-10.654637860762065	230.0	37	1.05	0.95				
	318	2	210.21875993368423	42.92755458105263	0.0	0.0	3	1.0462327839598364	-10.780177159312517	230.0	37	1.05	0.95				
	319	1	114.26304969368421	23.35763999263158	0.0	0.0	3	1.0456704999680075	-16.244653609562615	230.0	35	1.05	0.95				
	320	1	80.8048086231579	16.413476751578948	0.0	0.0	3	1.0475513557163938	-16.328853694077935	230.0	35	1.05	0.95				
	321	2	0.0	0.0	0.0	0.0	3	1.05	-10.759888336231642	230.0	37	1.05	0.95				
	322	2	0.0	0.0	0.0	0.0	3	1.05	-6.085611896877146	230.0	37	1.05	0.95				
	323	2	0.0	0.0	0.0	0.0	3	1.05	-15.91442216619682	230.0	35	1.05	0.95				
	324	1	0.0	0.0	0.0	0.0	3	1.0169944255662933	-21.012233682095985	230.0	36	1.05	0.95				
	325	1	0.0	0.0	0.0	0.0	3	1.0384152981954646	-13.85245773066524	230.0	35	1.05	0.95				
];
