%% MATPOWER Case Format : Version 2
function mpc = RTS_GMLC
mpc.version = '2';

%%-----  Power Flow Data  -----%%
%% system MVA base
mpc.baseMVA = 100.0;
%% bus data
%    bus_i    type    Pd    Qd    Gs    Bs    area    Vm    Va    baseKV    zone    Vmax    Vmin
mpc.bus = [
	101	2	47.4938149263158	9.674666003508772	0.0	0.0	1	1.0167563562201376	1.872467964017996	138.0	11	1.05	0.95				
	102	2	42.656481924561405	8.795150912280702	0.0	0.0	1	1.0156173147216665	1.5638499168901436	138.0	12	1.05	0.95				
	103	1	79.15635821052632	16.2710291877193	0.0	0.0	1	1.026431156051235	1.7295974029542733	138.0	11	1.05	0.95				
	104	1	32.5420583754386	6.596363184210527	0.0	0.0	1	1.0136990669758	-1.5514672045989384	138.0	11	1.05	0.95				
	105	1	31.222785738596492	6.156605638596492	0.0	0.0	1	1.0269941043556525	-1.4760032252261737	138.0	11	1.05	0.95				
	106	1	59.807026203508784	12.313211277192984	0.0	-100.0	1	1.0407255540903413	-3.820727088113315	138.0	12	1.05	0.95				
	107	2	54.96969320175439	10.993938640350878	0.0	0.0	1	0.9862854144411428	-11.505052182829832	138.0	12	1.05	0.95				
	108	1	75.1985403	15.39151409649123	0.0	0.0	1	0.994574601276456	-9.176366014996267	138.0	12	1.05	0.95				
	109	1	76.95757048245615	15.831271642105262	0.0	0.0	1	1.0256127612599133	-2.261993136665057	138.0	13	1.05	0.95				
	110	1	85.75272139473685	17.590301824561404	0.0	0.0	1	1.05	-3.420098529253715	138.0	13	1.05	0.95				
	111	1	0.0	0.0	0.0	0.0	1	1.0176881060342085	0.1524357470559257	230.0	13	1.05	0.95				
	112	1	0.0	0.0	0.0	0.0	1	1.0147173153595566	-0.6178914468519122	230.0	13	1.05	0.95				
	113	3	116.53574958771931	23.7469074631579	0.0	0.0	1	1.0001253857335708	-2.4921859608221877e-28	230.0	14	1.05	0.95				
	114	2	85.31296384912281	17.150544278947372	0.0	0.0	1	1.0396133087895236	3.2312289318265597	230.0	16	1.05	0.95				
	115	2	139.40314195964913	28.144482919298248	0.0	0.0	1	1.042358395329916	11.93309640154117	230.0	16	1.05	0.95				
	116	2	43.97575456140351	8.795150912280702	0.0	0.0	1	1.0422532523565768	10.36108540058999	230.0	16	1.05	0.95				
	117	1	0.0	0.0	0.0	0.0	1	1.0410109382309838	15.983876400015987	230.0	17	1.05	0.95				
	118	2	146.43926268947368	29.903513101754392	0.0	0.0	1	1.0490458727597065	16.403801045873188	230.0	17	1.05	0.95				
	119	1	79.59611575614036	16.2710291877193	0.0	0.0	1	1.037858582208019	6.670370586410739	230.0	15	1.05	0.95				
	120	1	56.288965838596496	11.433696185964912	0.0	0.0	1	1.0399441247973564	4.295990898431795	230.0	15	1.05	0.95				
	121	2	0.0	0.0	0.0	0.0	1	1.0429255836357039	17.900105598288818	230.0	17	1.05	0.95				
	122	2	0.0	0.0	0.0	0.0	1	1.05	35.86412944594158	230.0	17	1.05	0.95				
	123	2	0.0	0.0	0.0	0.0	1	1.0420150653372624	3.3221691650023937	230.0	15	1.05	0.95				
	124	1	0.0	0.0	0.0	0.0	1	1.0236390331128236	8.131984055052099	230.0	16	1.05	0.95				
	201	2	52.597512985263165	10.714308200701755	0.0	0.0	2	1.0140690969360178	-16.259337374080552	138.0	21	1.05	0.95				
	202	2	47.24035888491228	9.74028018245614	0.0	0.0	2	1.0142696966530795	-16.328143051594186	138.0	22	1.05	0.95				
	203	1	87.66252164210526	18.01951833754386	0.0	0.0	2	1.0112313277635896	-12.771878519518726	138.0	21	1.05	0.95				
	204	1	36.03903667508772	7.305210136842105	0.0	0.0	2	1.0111932116741638	-16.775815888086154	138.0	21	1.05	0.95				
	205	1	34.577994647719294	6.818196127719299	0.0	0.0	2	1.0259983798034626	-17.24837827966118	138.0	21	1.05	0.95				
	206	1	66.23390524070176	13.636392255438597	0.0	-100.0	2	1.0401885211603077	-18.307432415173867	138.0	22	1.05	0.95				
	207	2	60.87675114035087	12.175350228070176	0.0	0.0	2	0.9896511353767571	-24.760373010041985	138.0	22	1.05	0.95				
	208	1	83.27939556	17.045490319298246	0.0	0.0	2	0.9944044910639835	-22.509274482199416	138.0	22	1.05	0.95				
	209	1	85.22745159649124	17.53250432842105	0.0	0.0	2	1.023001435443425	-15.12494741545891	138.0	23	1.05	0.95				
	210	1	94.96773177894737	19.48056036491228	0.0	0.0	2	1.05	-16.674267705957526	138.0	23	1.05	0.95				
	211	1	0.0	0.0	0.0	0.0	2	1.0117221383858845	-11.787155106932687	230.0	23	1.05	0.95				
	212	1	0.0	0.0	0.0	0.0	2	1.0143039070242155	-10.65536325430237	230.0	23	1.05	0.95				
	213	2	129.05871241754386	26.298756492631583	0.0	0.0	2	1.0144961171929738	-10.0715068231966	230.0	24	1.05	0.95				
	214	2	94.48071776982457	18.993546355789473	0.0	0.0	2	1.0144935584396702	-9.132148499690512	230.0	26	1.05	0.95				
	215	2	154.3834408919298	31.168896583859652	0.0	0.0	2	1.0289306004539651	-2.2852415372839756	230.0	26	1.05	0.95				
	216	2	48.701400912280704	9.74028018245614	0.0	0.0	2	1.032926299421228	-2.4385586625147195	230.0	26	1.05	0.95				
	217	1	0.0	0.0	0.0	0.0	2	1.0367270332150564	-0.7020178805695446	230.0	27	1.05	0.95				
	218	2	162.17566503789473	33.11695262035088	0.0	0.0	2	1.0345535752218	-1.37378444612028	230.0	27	1.05	0.95				
	219	1	88.14953565122808	18.01951833754386	0.0	0.0	2	1.0373414774621084	-2.1372595334998037	230.0	25	1.05	0.95				
	220	1	62.337793167719305	12.662364237192984	0.0	0.0	2	1.0447564596932621	-0.9536800480133287	230.0	25	1.05	0.95				
	221	2	0.0	0.0	0.0	0.0	2	1.0352571430965114	-0.8707905791409776	230.0	27	1.05	0.95				
	222	2	0.0	0.0	0.0	0.0	2	1.05	5.694127217923105	230.0	27	1.05	0.95				
	223	2	0.0	0.0	0.0	0.0	2	1.05	0.047039990743004904	230.0	25	1.05	0.95				
	224	1	0.0	0.0	0.0	0.0	2	1.0093709005901284	-6.184725942539322	230.0	26	1.05	0.95				
	301	2	66.70990193684212	13.589054098245615	0.0	0.0	3	1.0362933330705075	-5.166797670236697	138.0	31	1.05	0.95				
	302	2	59.915374887719295	12.35368554385965	0.0	0.0	3	1.0318682242819064	-5.528991946614683	138.0	32	1.05	0.95				
	303	1	111.18316989473685	22.854318256140353	0.0	0.0	3	1.05	11.527441775269226	138.0	31	1.05	0.95				
	304	1	45.708636512280705	9.265264157894737	0.0	0.0	3	1.0103122096203223	-3.7486467018692293	138.0	31	1.05	0.95				
	305	1	43.855583680701756	8.647579880701755	0.0	0.0	3	1.031709748073332	-5.8501633732048335	138.0	31	1.05	0.95				
	306	1	84.00506169824563	17.29515976140351	0.0	-100.0	3	1.034732419099953	-6.933390813246488	138.0	32	1.05	0.95				
	307	2	77.2105346491228	15.442106929824561	0.0	0.0	3	0.9500414612380794	-5.463258344010632	138.0	32	1.05	0.95				
	308	1	105.6240114	21.618949701754385	0.0	0.0	3	0.9657338545543976	-6.145694745388125	138.0	32	1.05	0.95				
	309	1	108.09474850877194	22.236633978947367	0.0	0.0	3	1.0140946007873541	0.30395561958697276	138.0	33	1.05	0.95				
	310	1	120.44843405263157	24.7073710877193	0.0	0.0	3	1.042285743597369	-4.572303180871152	138.0	33	1.05	0.95				
	311	1	0.0	0.0	0.0	0.0	3	1.0070905201305358	1.0018941329816937	230.0	33	1.05	0.95				
	312	1	0.0	0.0	0.0	0.0	3	1.006342054289253	1.5405709300671604	230.0	33	1.05	0.95				
	313	2	163.68633345614035	33.35495096842106	0.0	0.0	3	1.0047607151336282	3.6053309673560543	230.0	34	1.05	0.95				
	314	2	119.83074977543859	24.089686810526317	0.0	0.0	3	1.0155832774015083	1.9168199427568524	230.0	36	1.05	0.95				
	315	2	195.80591587017545	39.53179374035088	0.0	0.0	3	1.0447615515282809	7.249432998574095	230.0	36	1.05	0.95				
	316	2	61.768427719298245	12.35368554385965	0.0	0.0	3	1.0497034837313988	6.913543547245284	230.0	36	1.05	0.95				
	317	1	0.0	0.0	0.0	0.0	3	1.05	12.571894093599111	230.0	37	1.05	0.95				
	318	2	205.6888643052632	42.00253084912281	0.0	0.0	3	1.0391779736306677	9.66301604733313	230.0	37	1.05	0.95				
	319	1	111.80085417192981	22.854318256140353	0.0	0.0	3	1.0341119706274786	5.542939644025159	230.0	35	1.05	0.95				
	320	1	79.06358748070176	16.059791207017547	0.0	0.0	3	1.025840939322597	5.512722647449892	230.0	35	1.05	0.95				
	321	2	0.0	0.0	0.0	0.0	3	1.0409703694370582	9.521070369357266	230.0	37	1.05	0.95				
	322	2	0.0	0.0	0.0	0.0	3	1.0480696658156246	15.078007960040308	230.0	37	1.05	0.95				
	323	2	0.0	0.0	0.0	0.0	3	1.022737530958942	5.971665769889448	230.0	35	1.05	0.95				
	324	1	0.0	0.0	0.0	0.0	3	1.0439812407009725	8.888747397384158	230.0	36	1.05	0.95				
	325	1	0.0	0.0	0.0	0.0	3	1.0215107675491957	6.984408481542022	230.0	35	1.05	0.95				
];
