%% MATPOWER Case Format : Version 2
function mpc = RTS_GMLC
mpc.version = '2';

%%-----  Power Flow Data  -----%%
%% system MVA base
mpc.baseMVA = 100.0;
%% bus data
%    bus_i    type    Pd    Qd    Gs    Bs    area    Vm    Va    baseKV    zone    Vmax    Vmin
mpc.bus = [
	101	2	74.8812469263158	15.253587336842106	0.0	0.0	1	1.0499999934962188	0.7133233936840887	138.0	11	1.05	0.95				
	102	2	67.25445325789472	13.866897578947368	0.0	0.0	1	1.0494250495110546	0.45564149051951264	138.0	12	1.05	0.95				
	103	1	124.80207821052632	25.653760521052632	0.0	0.0	1	1.0293645949592776	-1.3366752129750112	138.0	11	1.05	0.95				
	104	1	51.307521042105265	10.400173184210527	0.0	0.0	1	1.026752644354649	-3.2370384529800793	138.0	11	1.05	0.95				
	105	1	49.22748640526316	9.706828305263159	0.0	0.0	1	1.0398551738271709	-3.5936443976575516	138.0	11	1.05	0.95				
	106	1	94.29490353684211	19.413656610526317	0.0	-100.0	1	1.04095367719033	-6.692872486595736	138.0	12	1.05	0.95				
	107	2	86.66810986842106	17.33362197368421	0.0	0.0	1	1.0100745259750392	-11.604382219403021	138.0	12	1.05	0.95				
	108	1	118.56197429999999	24.267070763157893	0.0	0.0	1	1.0022121048652495	-11.079563818875606	138.0	12	1.05	0.95				
	109	1	121.33535381578949	24.96041564210526	0.0	0.0	1	1.0262107931938096	-4.554111913612535	138.0	13	1.05	0.95				
	110	1	135.20225139473683	27.733795157894736	0.0	0.0	1	1.05	-5.864016237857948	138.0	13	1.05	0.95				
	111	1	0.0	0.0	0.0	0.0	1	1.0126803276614937	-1.9154137629080192	230.0	13	1.05	0.95				
	112	1	0.0	0.0	0.0	0.0	1	1.0156478092290167	-1.3526831341568577	230.0	13	1.05	0.95				
	113	3	183.7363929210526	37.4406234631579	0.0	0.0	1	1.0132890889567518	5.523875057982255e-30	230.0	14	1.05	0.95				
	114	2	134.50890651578945	27.040450278947368	0.0	0.0	1	1.0138574768352895	-0.2401635175710563	230.0	16	1.05	0.95				
	115	2	219.7903266263158	44.37407225263158	0.0	0.0	1	1.0433056951616446	7.073714429936538	230.0	16	1.05	0.95				
	116	2	69.33448789473684	13.866897578947368	0.0	0.0	1	1.0403370163280776	6.31356632675323	230.0	16	1.05	0.95				
	117	1	0.0	0.0	0.0	0.0	1	1.0448374961049438	9.215577391802643	230.0	17	1.05	0.95				
	118	2	230.8838446894737	47.14745176842106	0.0	0.0	1	1.047140505336208	9.678914606022332	230.0	17	1.05	0.95				
	119	1	125.49542308947368	25.653760521052632	0.0	0.0	1	1.0334076849944736	4.859492923958887	230.0	15	1.05	0.95				
	120	1	88.74814450526316	18.026966852631578	0.0	0.0	1	1.0326887980089332	4.509810345746301	230.0	15	1.05	0.95				
	121	2	0.0	0.0	0.0	0.0	1	1.05	11.316584506248494	230.0	17	1.05	0.95				
	122	2	0.0	0.0	0.0	0.0	1	1.05	17.504803735389977	230.0	17	1.05	0.95				
	123	2	0.0	0.0	0.0	0.0	1	1.0340254983456634	4.837946146990662	230.0	15	1.05	0.95				
	124	1	0.0	0.0	0.0	0.0	1	1.0273846364238919	3.93844100713574	230.0	16	1.05	0.95				
	201	2	72.62332757052631	14.793640801403507	0.0	0.0	2	1.03168231499256	-12.538387318259767	138.0	21	1.05	0.95				
	202	2	65.22650716982456	13.44876436491228	0.0	0.0	2	1.0321567000914411	-12.526524234310553	138.0	22	1.05	0.95				
	203	1	121.03887928421054	24.880214075087718	0.0	0.0	2	1.0186514289352289	-10.902854034500011	138.0	21	1.05	0.95				
	204	1	49.760428150175436	10.08657327368421	0.0	0.0	2	1.0167792271422562	-14.019663188093414	138.0	21	1.05	0.95				
	205	1	47.74311349543859	9.414135055438596	0.0	0.0	2	1.0323369017124153	-14.32844905503164	138.0	21	1.05	0.95				
	206	1	91.45159768140351	18.82827011087719	0.0	-100.0	2	1.0389293374647828	-15.951610118740724	138.0	22	1.05	0.95				
	207	2	84.05477728070176	16.81095545614035	0.0	0.0	2	0.9769774484617602	-25.90762583671825	138.0	22	1.05	0.95				
	208	1	114.98693532	23.535337638596488	0.0	0.0	2	0.9786151045559183	-22.622189731832368	138.0	22	1.05	0.95				
	209	1	117.67668819298245	24.207775856842105	0.0	0.0	2	1.0250882371494323	-12.507922340471938	138.0	23	1.05	0.95				
	210	1	131.1254525578947	26.89752872982456	0.0	0.0	2	1.05	-14.013563625527421	138.0	23	1.05	0.95				
	211	1	0.0	0.0	0.0	0.0	2	1.0200544035024632	-8.839857121867727	230.0	23	1.05	0.95				
	212	1	0.0	0.0	0.0	0.0	2	1.0205831634166116	-5.192649901734923	230.0	23	1.05	0.95				
	213	2	178.1961278350877	36.31166378526316	0.0	0.0	2	1.0245031979904569	-6.62345228249725	230.0	24	1.05	0.95				
	214	2	130.45301433964912	26.225090511578948	0.0	0.0	2	1.0297503761237077	-6.408716387457251	230.0	26	1.05	0.95				
	215	2	213.1629151838596	43.036045967719296	0.0	0.0	2	1.0407160236531838	1.3665006560700992	230.0	26	1.05	0.95				
	216	2	67.2438218245614	13.44876436491228	0.0	0.0	2	1.042201287364109	1.1514759093321254	230.0	26	1.05	0.95				
	217	1	0.0	0.0	0.0	0.0	2	1.0442387977864722	3.7641983073224727	230.0	27	1.05	0.95				
	218	2	223.92192667578948	45.725798840701756	0.0	0.0	2	1.0452224089284192	4.106822961244374	230.0	27	1.05	0.95				
	219	1	121.71131750245614	24.880214075087718	0.0	0.0	2	1.0406607148320892	0.825898308434789	230.0	25	1.05	0.95				
	220	1	86.07209193543859	17.483393674385965	0.0	0.0	2	1.0449859155791956	1.8084825337074262	230.0	25	1.05	0.95				
	221	2	0.0	0.0	0.0	0.0	2	1.0452707237313072	3.9498888253579545	230.0	27	1.05	0.95				
	222	2	0.0	0.0	0.0	0.0	2	1.05	10.384631936170125	230.0	27	1.05	0.95				
	223	2	0.0	0.0	0.0	0.0	2	1.0493239112775852	2.8357714479765828	230.0	25	1.05	0.95				
	224	1	0.0	0.0	0.0	0.0	2	1.0170687548835746	-3.181835446719252	230.0	26	1.05	0.95				
	301	2	72.9452704926316	14.859221767017544	0.0	0.0	3	1.0036496762010336	-2.5223591667897005	138.0	31	1.05	0.95				
	302	2	65.5156596091228	13.508383424561405	0.0	0.0	3	1.004822414344743	-2.6375478638418177	138.0	32	1.05	0.95				
	303	1	121.57545082105263	24.990509335438595	0.0	0.0	3	1.0230684962200873	2.913070886405622	138.0	31	1.05	0.95				
	304	1	49.98101867087719	10.131287568421051	0.0	0.0	3	1.0041337095539131	-0.31098350902825733	138.0	31	1.05	0.95				
	305	1	47.954761157192976	9.455868397192983	0.0	0.0	3	1.0165127313740743	-0.6548610646755003	138.0	31	1.05	0.95				
	306	1	91.85700728701754	18.911736794385966	0.0	-100.0	3	1.0318182921502588	-0.35553238447716073	138.0	32	1.05	0.95				
	307	2	84.42739640350877	16.885479280701755	0.0	0.0	3	0.9890898714006381	-5.056383366986039	138.0	32	1.05	0.95				
	308	1	115.49667827999998	23.639670992982452	0.0	0.0	3	0.9968222136520736	-1.9506291487392728	138.0	32	1.05	0.95				
	309	1	118.19835496491228	24.315090164210527	0.0	0.0	3	1.0283142488292605	4.334548725424219	138.0	33	1.05	0.95				
	310	1	131.70673838947368	27.01676684912281	0.0	0.0	3	1.05	3.3741116371098103	138.0	33	1.05	0.95				
	311	1	0.0	0.0	0.0	0.0	3	1.0179080302445491	10.267060232511675	230.0	33	1.05	0.95				
	312	1	0.0	0.0	0.0	0.0	3	1.0227175099310701	11.66078646012692	230.0	33	1.05	0.95				
	313	2	178.9860803754386	36.4726352463158	0.0	0.0	3	1.0450210936005129	18.75906480033396	230.0	34	1.05	0.95				
	314	2	131.0313192182456	26.34134767789474	0.0	0.0	3	1.0199499020683658	9.067279283800849	230.0	36	1.05	0.95				
	315	2	214.10787727929824	43.22682695859649	0.0	0.0	3	1.0359086252886127	4.794970245576429	230.0	36	1.05	0.95				
	316	2	67.54191712280702	13.508383424561405	0.0	0.0	3	1.036821161391454	6.270503286894583	230.0	36	1.05	0.95				
	317	1	0.0	0.0	0.0	0.0	3	1.0398763559184	5.303838599599283	230.0	37	1.05	0.95				
	318	2	224.91458401894735	45.92850364350877	0.0	0.0	3	1.0382189523809258	4.2417140629355385	230.0	37	1.05	0.95				
	319	1	122.2508699922807	24.990509335438595	0.0	0.0	3	1.0355667392011327	8.639015081576446	230.0	35	1.05	0.95				
	320	1	86.45365391719298	17.560898451929823	0.0	0.0	3	1.0380121377846598	10.575812137929539	230.0	35	1.05	0.95				
	321	2	0.0	0.0	0.0	0.0	3	1.0390805836753478	4.987337287398794	230.0	37	1.05	0.95				
	322	2	0.0	0.0	0.0	0.0	3	1.05	9.426518124570832	230.0	37	1.05	0.95				
	323	2	0.0	0.0	0.0	0.0	3	1.040033790659392	11.478871158517354	230.0	35	1.05	0.95				
	324	1	0.0	0.0	0.0	0.0	3	1.028419141536956	5.90876816877874	230.0	36	1.05	0.95				
	325	1	0.0	0.0	0.0	0.0	3	1.0417690316783565	11.469854432606596	230.0	35	1.05	0.95				
];
