%% MATPOWER Case Format : Version 2
function mpc = RTS_GMLC
mpc.version = '2';

%%-----  Power Flow Data  -----%%
%% system MVA base
mpc.baseMVA = 100.0;
%% bus data
%    bus_i    type    Pd    Qd    Gs    Bs    area    Vm    Va    baseKV    zone    Vmax    Vmin
mpc.bus = [
	101	2	36.64571994189474	7.4648688770526315	0.0	0.0	1	1.014344653050031	-0.5446231914378399	138.0	11	1.05	0.95				
	102	2	32.91328550336842	6.786244433684212	0.0	0.0	1	1.0122333594632256	-1.1025816505421309	138.0	12	1.05	0.95				
	103	1	61.0761999031579	12.554552202315792	0.0	0.0	1	1.029329350154503	1.9942668093448785	138.0	11	1.05	0.95				
	104	1	25.109104404631584	5.089683325263158	0.0	0.0	1	1.0141040204953884	-2.3369499901552135	138.0	11	1.05	0.95				
	105	1	24.091167739578946	4.7503711035789475	0.0	0.0	1	1.0279538103786319	-2.46678166897945	138.0	11	1.05	0.95				
	106	1	46.14646214905264	9.500742207157895	0.0	-100.0	1	1.043641734075608	-4.027855278903097	138.0	12	1.05	0.95				
	107	2	42.41402771052632	8.482805542105263	0.0	0.0	1	0.9995459250937075	-9.859954816695895	138.0	12	1.05	0.95				
	108	1	58.02238990800001	11.87592775894737	0.0	0.0	1	1.0058664523877945	-7.826620963701896	138.0	12	1.05	0.95				
	109	1	59.37963879473684	12.215239980631578	0.0	0.0	1	1.0244939573926444	-1.923724156259896	138.0	13	1.05	0.95				
	110	1	66.16588322842105	13.572488867368424	0.0	0.0	1	1.05	-3.2942625901374263	138.0	13	1.05	0.95				
	111	1	0.0	0.0	0.0	0.0	1	1.0047836861948436	0.42295972286878997	230.0	13	1.05	0.95				
	112	1	0.0	0.0	0.0	0.0	1	1.0087651697551838	-0.6831425769008617	230.0	13	1.05	0.95				
	113	3	89.91773874631579	18.32285997094737	0.0	0.0	1	0.9954513653892131	-1.3079051066527465e-30	230.0	14	1.05	0.95				
	114	2	65.82657100673684	13.23317664568421	0.0	0.0	1	1.007688399081025	3.936355279132843	230.0	16	1.05	0.95				
	115	2	107.56197427389473	21.715982187789475	0.0	0.0	1	1.0424108577261113	12.499100924480265	230.0	16	1.05	0.95				
	116	2	33.93122216842105	6.786244433684212	0.0	0.0	1	1.0353745514354566	10.803628356359486	230.0	16	1.05	0.95				
	117	1	0.0	0.0	0.0	0.0	1	1.040833616595182	16.18419911890642	230.0	17	1.05	0.95				
	118	2	112.99096982084211	23.07323107452632	0.0	0.0	1	1.0499999987558444	16.819536950563922	230.0	17	1.05	0.95				
	119	1	61.41551212484211	12.554552202315792	0.0	0.0	1	1.0242537325473404	6.794297973210195	230.0	15	1.05	0.95				
	120	1	43.43196437557895	8.822117763789475	0.0	0.0	1	1.020151625781541	3.929598205711809	230.0	15	1.05	0.95				
	121	2	0.0	0.0	0.0	0.0	1	1.05	18.24232574288192	230.0	17	1.05	0.95				
	122	2	0.0	0.0	0.0	0.0	1	1.05	33.159455329266315	230.0	17	1.05	0.95				
	123	2	0.0	0.0	0.0	0.0	1	1.0186939237013477	2.6119270743388827	230.0	15	1.05	0.95				
	124	1	0.0	0.0	0.0	0.0	1	1.0243842419991782	8.57404505496213	230.0	16	1.05	0.95				
	201	2	35.80166850442106	7.292932473122808	0.0	0.0	2	1.0134503447592837	-15.388192451856352	138.0	21	1.05	0.95				
	202	2	32.15520226785965	6.629938611929825	0.0	0.0	2	1.0125380410700453	-15.67907773414711	138.0	22	1.05	0.95				
	203	1	59.66944750736843	12.265386432070176	0.0	0.0	2	1.0159505201083439	-11.51073592191759	138.0	21	1.05	0.95				
	204	1	24.530772864140353	4.972453958947369	0.0	0.0	2	1.0129805715993643	-15.592002452743085	138.0	21	1.05	0.95				
	205	1	23.53628207235088	4.640957028350878	0.0	0.0	2	1.0278754424612415	-16.00284323679847	138.0	21	1.05	0.95				
	206	1	45.08358256112282	9.281914056701757	0.0	-100.0	2	1.0443026781249347	-16.79571042011694	138.0	22	1.05	0.95				
	207	2	41.43711632456141	8.287423264912281	0.0	0.0	2	0.9960432928163209	-20.645330349130358	138.0	22	1.05	0.95				
	208	1	56.68597513200001	11.602392570877193	0.0	0.0	2	1.004248552688708	-19.21583849662659	138.0	22	1.05	0.95				
	209	1	58.01196285438597	11.933889501473685	0.0	0.0	2	1.0220512401894954	-14.136105669831021	138.0	23	1.05	0.95				
	210	1	64.6419014663158	13.25987722385965	0.0	0.0	2	1.05	-15.546151612596233	138.0	23	1.05	0.95				
	211	1	0.0	0.0	0.0	0.0	2	1.0022035427301803	-11.806263271804806	230.0	23	1.05	0.95				
	212	1	0.0	0.0	0.0	0.0	2	1.0063210273836236	-11.522880496866685	230.0	23	1.05	0.95				
	213	2	87.84668660807017	17.90083425221053	0.0	0.0	2	0.9947395222157949	-11.01107116461741	230.0	24	1.05	0.95				
	214	2	64.3104045357193	12.928380293263158	0.0	0.0	2	1.0013097600664573	-9.322743612549102	230.0	26	1.05	0.95				
	215	2	105.08452699908773	21.21580355817544	0.0	0.0	2	1.0200534787762132	-2.840617004180552	230.0	26	1.05	0.95				
	216	2	33.149693059649124	6.629938611929825	0.0	0.0	2	1.020431206819206	-3.837983514169048	230.0	26	1.05	0.95				
	217	1	0.0	0.0	0.0	0.0	2	1.0258483278736688	-1.4532144369318967	230.0	27	1.05	0.95				
	218	2	110.3884778886316	22.54179128056141	0.0	0.0	2	1.0259242253264695	-1.8079254833956924	230.0	27	1.05	0.95				
	219	1	60.00094443796492	12.265386432070176	0.0	0.0	2	1.0205294368316618	-4.753562718175907	230.0	25	1.05	0.95				
	220	1	42.43160711635088	8.618920195508775	0.0	0.0	2	1.0224861163547132	-4.890027067986563	230.0	25	1.05	0.95				
	221	2	0.0	0.0	0.0	0.0	2	1.0275597925491802	-1.3537365830065593	230.0	27	1.05	0.95				
	222	2	0.0	0.0	0.0	0.0	2	1.0495193021215834	5.103003650723458	230.0	27	1.05	0.95				
	223	2	0.0	0.0	0.0	0.0	2	1.0236545046857966	-4.70613377504071	230.0	25	1.05	0.95				
	224	1	0.0	0.0	0.0	0.0	2	1.0077808873474035	-6.106844775128112	230.0	26	1.05	0.95				
	301	2	41.81967731368422	8.518823156491228	0.0	0.0	3	1.012940852630296	0.23589892042454547	138.0	31	1.05	0.95				
	302	2	37.5602657354386	7.744384687719299	0.0	0.0	3	1.01267776519051	0.03321031803324714	138.0	32	1.05	0.95				
	303	1	69.69946218947369	14.327111672280704	0.0	0.0	3	1.0400241143822293	8.118272191793304	138.0	31	1.05	0.95				
	304	1	28.65422334456141	5.808288515789474	0.0	0.0	3	1.0135651531914414	1.0243194895529586	138.0	31	1.05	0.95				
	305	1	27.49256564140351	5.42106928140351	0.0	0.0	3	1.0267873831450773	0.07913932958996396	138.0	31	1.05	0.95				
	306	1	52.66181587649123	10.84213856280702	0.0	-100.0	3	1.0428019860473199	-0.49068872275355707	138.0	32	1.05	0.95				
	307	2	48.402404298245614	9.680480859649125	0.0	0.0	3	0.9782891190116093	-4.419515803652314	138.0	32	1.05	0.95				
	308	1	66.21448908	13.552673203508773	0.0	0.0	3	0.9925668512571899	-2.767179050505291	138.0	32	1.05	0.95				
	309	1	67.76336601754387	13.939892437894738	0.0	0.0	3	1.0256416659807976	3.429736934917344	138.0	33	1.05	0.95				
	310	1	75.50775070526316	15.488769375438599	0.0	0.0	3	1.05	1.1704365009558904	138.0	33	1.05	0.95				
	311	1	0.0	0.0	0.0	0.0	3	1.0060464557471134	5.798502404664063	230.0	33	1.05	0.95				
	312	1	0.0	0.0	0.0	0.0	3	1.0112774655027408	6.156541461033352	230.0	33	1.05	0.95				
	313	2	102.6130971122807	20.90983865684211	0.0	0.0	3	1.0089857250103107	8.777241702740328	230.0	34	1.05	0.95				
	314	2	75.1205314708772	15.101550141052634	0.0	0.0	3	1.0000708552823803	6.814754127798001	230.0	36	1.05	0.95				
	315	2	122.74849730035089	24.782031000701757	0.0	0.0	3	1.0337188854653478	10.35182345591698	230.0	36	1.05	0.95				
	316	2	38.7219234385965	7.744384687719299	0.0	0.0	3	1.0303589125280137	10.49719632618735	230.0	36	1.05	0.95				
	317	1	0.0	0.0	0.0	0.0	3	1.05	15.132499721455307	230.0	37	1.05	0.95				
	318	2	128.94400505052633	26.330907938245616	0.0	0.0	3	1.049334437913769	12.017465628427022	230.0	37	1.05	0.95				
	319	1	70.08668142385966	14.327111672280704	0.0	0.0	3	1.02342579325773	9.646264277551117	230.0	35	1.05	0.95				
	320	1	49.564062001403514	10.06770009403509	0.0	0.0	3	1.0198826131395227	9.662733312032499	230.0	35	1.05	0.95				
	321	2	0.0	0.0	0.0	0.0	3	1.0449050319589872	12.127850633754804	230.0	37	1.05	0.95				
	322	2	0.0	0.0	0.0	0.0	3	1.05	17.64921653742733	230.0	37	1.05	0.95				
	323	2	0.0	0.0	0.0	0.0	3	1.018315865239666	9.976630740410254	230.0	35	1.05	0.95				
	324	1	0.0	0.0	0.0	0.0	3	1.0308180443296706	9.502814235506413	230.0	36	1.05	0.95				
	325	1	0.0	0.0	0.0	0.0	3	1.0195593854300757	10.698977988712056	230.0	35	1.05	0.95				
];
