%% MATPOWER Case Format : Version 2
function mpc = RTS_GMLC
mpc.version = '2';

%%-----  Power Flow Data  -----%%
%% system MVA base
mpc.baseMVA = 100.0;
%% bus data
%    bus_i    type    Pd    Qd    Gs    Bs    area    Vm    Va    baseKV    zone    Vmax    Vmin
mpc.bus = [
	101	2	39.67837704000001	8.08263236	0.0	0.0	1	0.9845078748510203	-5.785605811045289	138.0	11	1.05	0.95				
	102	2	35.637060860000005	7.3478476	0.0	0.0	1	0.9844968950017994	-5.975487651508243	138.0	12	1.05	0.95				
	103	1	66.1306284	13.593518060000001	0.0	0.0	1	1.0159883370621832	1.4696666631693855	138.0	11	1.05	0.95				
	104	1	27.187036120000002	5.5108857	0.0	0.0	1	1.000662755075995	-5.183047705549194	138.0	11	1.05	0.95				
	105	1	26.084858979999996	5.14349332	0.0	0.0	1	1.0125280081966375	-6.043590265320515	138.0	11	1.05	0.95				
	106	1	49.96536368000001	10.28698664	0.0	-100.0	1	1.0364516536548662	-6.6521154389883925	138.0	12	1.05	0.95				
	107	2	45.9240475	9.1848095	0.0	0.0	1	0.9888545844538523	-11.073499092375835	138.0	12	1.05	0.95				
	108	1	62.82409698	12.858733299999999	0.0	0.0	1	0.9989249567572377	-9.229471122992317	138.0	12	1.05	0.95				
	109	1	64.2936665	13.22612568	0.0	0.0	1	1.0245453464558958	-3.0150292520674156	138.0	13	1.05	0.95				
	110	1	71.64151410000001	14.6956952	0.0	0.0	1	1.05	-5.094713075402863	138.0	13	1.05	0.95				
	111	1	0.0	0.0	0.0	0.0	1	1.0201922221618167	0.3199426464235157	230.0	13	1.05	0.95				
	112	1	0.0	0.0	0.0	0.0	1	1.015420803056864	-1.1221577879464824	230.0	13	1.05	0.95				
	113	3	97.3589807	19.839188520000004	0.0	0.0	1	1.003686362717384	-2.0309831432200292e-28	230.0	14	1.05	0.95				
	114	2	71.27412172000001	14.328302820000003	0.0	0.0	1	1.05	4.829089472402061	230.0	16	1.05	0.95				
	115	2	116.46338446	23.51311232	0.0	0.0	1	1.0358546798881036	15.921831931245404	230.0	16	1.05	0.95				
	116	2	36.739238	7.3478476	0.0	0.0	1	1.037372729907012	13.691779395367613	230.0	16	1.05	0.95				
	117	1	0.0	0.0	0.0	0.0	1	1.035959400116281	20.51186000085245	230.0	17	1.05	0.95				
	118	2	122.34166254	24.982681840000005	0.0	0.0	1	1.0456252916769386	21.446879902853468	230.0	17	1.05	0.95				
	119	1	66.49802078	13.593518060000001	0.0	0.0	1	1.0349782338214573	8.70963721058367	230.0	15	1.05	0.95				
	120	1	47.02622464	9.552201880000002	0.0	0.0	1	1.0407915518940167	5.102662601669173	230.0	15	1.05	0.95				
	121	2	0.0	0.0	0.0	0.0	1	1.0400551837560013	23.264913654976944	230.0	17	1.05	0.95				
	122	2	0.0	0.0	0.0	0.0	1	1.05	41.25228428164001	230.0	17	1.05	0.95				
	123	2	0.0	0.0	0.0	0.0	1	1.045388356625182	3.410132461701159	230.0	15	1.05	0.95				
	124	1	0.0	0.0	0.0	0.0	1	1.009968337659926	10.550570988085578	230.0	16	1.05	0.95				
	201	2	40.561624421052635	8.262553122807017	0.0	0.0	2	1.006328070831346	-16.086333469619767	138.0	21	1.05	0.95				
	202	2	36.43034785964912	7.511411929824561	0.0	0.0	2	1.0052882189026437	-16.377824765525318	138.0	22	1.05	0.95				
	203	1	67.60270736842105	13.896112070175437	0.0	0.0	2	1.0135703003161065	-12.087449794165101	138.0	21	1.05	0.95				
	204	1	27.792224140350875	5.63355894736842	0.0	0.0	2	1.0093205304525132	-16.146123855328334	138.0	21	1.05	0.95				
	205	1	26.66551235087719	5.257988350877193	0.0	0.0	2	1.02360553960018	-16.581348346106125	138.0	21	1.05	0.95				
	206	1	51.07760112280702	10.515976701754386	0.0	-100.0	2	1.0412943938282355	-17.343974549753238	138.0	22	1.05	0.95				
	207	2	46.94632456140351	9.389264912280701	0.0	0.0	2	0.989352666795828	-21.731117215711514	138.0	22	1.05	0.95				
	208	1	64.22257199999999	13.14497087719298	0.0	0.0	2	0.9989081093206734	-20.094031267662142	138.0	22	1.05	0.95				
	209	1	65.7248543859649	13.520541473684208	0.0	0.0	2	1.023092809876462	-14.392725516195332	138.0	23	1.05	0.95				
	210	1	73.23626631578946	15.022823859649122	0.0	0.0	2	1.05	-15.858472724055996	138.0	23	1.05	0.95				
	211	1	0.0	0.0	0.0	0.0	2	1.00608708029381	-11.630894196384562	230.0	23	1.05	0.95				
	212	1	0.0	0.0	0.0	0.0	2	1.0135559484834737	-11.00294893280685	230.0	23	1.05	0.95				
	213	2	99.52620807017543	20.280812210526317	0.0	0.0	2	1.0046024047570128	-10.407419529011213	230.0	24	1.05	0.95				
	214	2	72.86069571929823	14.647253263157895	0.0	0.0	2	1.0047854659890147	-9.09360267168471	230.0	26	1.05	0.95				
	215	2	119.05587908771929	24.036518175438594	0.0	0.0	2	1.027939680048179	-2.5883982265327345	230.0	26	1.05	0.95				
	216	2	37.557059649122806	7.511411929824561	0.0	0.0	2	1.030694777369367	-3.3349243308924086	230.0	26	1.05	0.95				
	217	1	0.0	0.0	0.0	0.0	2	1.0362277523270749	-1.0361050471223363	230.0	27	1.05	0.95				
	218	2	125.06500863157895	25.53880056140351	0.0	0.0	2	1.03461211143858	-1.5031620239491374	230.0	27	1.05	0.95				
	219	1	67.97827796491228	13.896112070175437	0.0	0.0	2	1.037348757002545	-3.7065939908256564	230.0	25	1.05	0.95				
	220	1	48.07303635087719	9.76483550877193	0.0	0.0	2	1.0452931248499882	-3.308029507490086	230.0	25	1.05	0.95				
	221	2	0.0	0.0	0.0	0.0	2	1.0349791966280817	-1.066508060596625	230.0	27	1.05	0.95				
	222	2	0.0	0.0	0.0	0.0	2	1.05	5.443601827455507	230.0	27	1.05	0.95				
	223	2	0.0	0.0	0.0	0.0	2	1.05	-2.8143873284036505	230.0	25	1.05	0.95				
	224	1	0.0	0.0	0.0	0.0	2	1.0108068988478152	-6.1303089137953215	230.0	26	1.05	0.95				
	301	2	44.10882632842106	8.985131289122808	0.0	0.0	3	1.0226354510610076	17.055094813786802	138.0	31	1.05	0.95				
	302	2	39.61626068385965	8.168301171929826	0.0	0.0	3	1.0204980490023983	16.70770870122598	138.0	32	1.05	0.95				
	303	1	73.51471054736842	15.111357168070175	0.0	0.0	3	1.05	31.972057501252205	138.0	31	1.05	0.95				
	304	1	30.22271433614035	6.126225878947368	0.0	0.0	3	1.0116534737307523	17.983552781020133	138.0	31	1.05	0.95				
	305	1	28.997469160350875	5.717810820350878	0.0	0.0	3	1.028907925597146	15.43110913228085	138.0	31	1.05	0.95				
	306	1	55.544447969122814	11.435621640701756	0.0	-100.0	3	1.0399320321950638	14.016385267820878	138.0	32	1.05	0.95				
	307	2	51.051882324561404	10.210376464912281	0.0	0.0	3	0.95	10.78939583658636	138.0	32	1.05	0.95				
	308	1	69.83897502	14.294527050877193	0.0	0.0	3	0.971849439392628	12.524234623198751	138.0	32	1.05	0.95				
	309	1	71.47263525438596	14.702942109473685	0.0	0.0	3	1.0168924741545535	20.73904428790653	138.0	33	1.05	0.95				
	310	1	79.64093642631579	16.336602343859653	0.0	0.0	3	1.0450214240553983	15.104302043049644	138.0	33	1.05	0.95				
	311	1	0.0	0.0	0.0	0.0	3	1.0041257761793336	18.50261002570216	230.0	33	1.05	0.95				
	312	1	0.0	0.0	0.0	0.0	3	1.00977957132133	18.711773458475026	230.0	33	1.05	0.95				
	313	2	108.22999052807019	22.05441316421053	0.0	0.0	3	1.0042131854308627	19.15884713684063	230.0	34	1.05	0.95				
	314	2	79.2325213677193	15.92818728526316	0.0	0.0	3	0.9982487369605602	18.616255852903315	230.0	36	1.05	0.95				
	315	2	129.46757357508773	26.138563750175443	0.0	0.0	3	1.0465610199944069	21.590377796912108	230.0	36	1.05	0.95				
	316	2	40.841505859649125	8.168301171929826	0.0	0.0	3	1.0289119155714725	21.2042247429057	230.0	36	1.05	0.95				
	317	1	0.0	0.0	0.0	0.0	3	1.05	24.87589693828206	230.0	37	1.05	0.95				
	318	2	136.00221451263158	27.772223984561407	0.0	0.0	3	1.05	21.383361503016673	230.0	37	1.05	0.95				
	319	1	73.92312560596491	15.111357168070175	0.0	0.0	3	1.021352705416408	19.95931969510016	230.0	35	1.05	0.95				
	320	1	52.277127500350886	10.618791523508772	0.0	0.0	3	1.0176842662140058	19.67338805028739	230.0	35	1.05	0.95				
	321	2	0.0	0.0	0.0	0.0	3	1.05	22.11787571154657	230.0	37	1.05	0.95				
	322	2	0.0	0.0	0.0	0.0	3	1.05	27.54844859997321	230.0	37	1.05	0.95				
	323	2	0.0	0.0	0.0	0.0	3	1.016117803762391	19.837259960454283	230.0	35	1.05	0.95				
	324	1	0.0	0.0	0.0	0.0	3	1.0446214804267184	25.559859463606205	230.0	36	1.05	0.95				
	325	1	0.0	0.0	0.0	0.0	3	1.0182450336034	20.142133449829966	230.0	35	1.05	0.95				
];

%% generator data
%    bus    Pg    Qg    Qmax    Qmin    Vg    mBase    status    Pmax    Pmin    Pc1    Pc2    Qc1min    Qc1max    Qc2min    Qc2max    ramp_agc    ramp_10    ramp_30    ramp_q    apf
