%% MATPOWER Case Format : Version 2
function mpc = RTS_GMLC
mpc.version = '2';

%%-----  Power Flow Data  -----%%
%% system MVA base
mpc.baseMVA = 100.0;
%% bus data
%    bus_i    type    Pd    Qd    Gs    Bs    area    Vm    Va    baseKV    zone    Vmax    Vmin
mpc.bus = [
	101	2	48.61603167157895	9.903265710877193	0.0	0.0	1	1.043210504014667	2.562904947032482	138.0	11	1.05	0.95				
	102	2	43.664398816140356	9.002968828070177	0.0	0.0	1	1.0422063863214683	2.2714181671821385	138.0	12	1.05	0.95				
	103	1	81.02671945263158	16.655492331929825	0.0	0.0	1	1.028271642775964	-0.3642038391325324	138.0	11	1.05	0.95				
	104	1	33.31098466385965	6.752226621052632	0.0	0.0	1	1.0261344190996422	-1.187426163579766	138.0	11	1.05	0.95				
	105	1	31.960539339649124	6.302078179649123	0.0	0.0	1	1.0400159741855262	-1.1648062445321148	138.0	11	1.05	0.95				
	106	1	61.220188030877196	12.604156359298246	0.0	-100.0	1	1.0465733473813705	-3.751861245368932	138.0	12	1.05	0.95				
	107	2	56.26855517543859	11.25371103508772	0.0	0.0	1	1.0001344570541009	-10.473170232737269	138.0	12	1.05	0.95				
	108	1	76.97538348	15.755195449122809	0.0	0.0	1	1.0029359601529095	-8.78931041641544	138.0	12	1.05	0.95				
	109	1	78.77597724561404	16.205343890526315	0.0	0.0	1	1.024425283377562	-2.842775157580676	138.0	13	1.05	0.95				
	110	1	87.77894607368421	18.005937656140354	0.0	0.0	1	1.05	-3.5690622411963107	138.0	13	1.05	0.95				
	111	1	0.0	0.0	0.0	0.0	1	1.0034514009031756	-0.9005410025662014	230.0	13	1.05	0.95				
	112	1	0.0	0.0	0.0	0.0	1	1.0082731116475057	-1.0036273943410565	230.0	13	1.05	0.95				
	113	3	119.28933697192983	24.308015835789476	0.0	0.0	1	0.9968602367923726	-1.2880299190499159e-30	230.0	14	1.05	0.95				
	114	2	87.32879763228071	17.555789214736844	0.0	0.0	1	0.999492141287545	0.7512221969518078	230.0	16	1.05	0.95				
	115	2	142.6970559249123	28.809500249824566	0.0	0.0	1	1.0342857050220868	6.378220511858845	230.0	16	1.05	0.95				
	116	2	45.01484414035088	9.002968828070177	0.0	0.0	1	1.0304384719054083	5.727871415042053	230.0	16	1.05	0.95				
	117	1	0.0	0.0	0.0	0.0	1	1.0376125050081668	8.734959258482935	230.0	17	1.05	0.95				
	118	2	149.89943098736842	30.610094015438598	0.0	0.0	1	1.0409613677727632	9.054152937979108	230.0	17	1.05	0.95				
	119	1	81.4768678940351	16.655492331929825	0.0	0.0	1	1.0208598243012588	3.5520444580889423	230.0	15	1.05	0.95				
	120	1	57.61900049964913	11.70385947649123	0.0	0.0	1	1.016569323414413	2.514738156640902	230.0	15	1.05	0.95				
	121	2	0.0	0.0	0.0	0.0	1	1.0440796727405717	10.385095443359843	230.0	17	1.05	0.95				
	122	2	0.0	0.0	0.0	0.0	1	1.05	18.422532825924158	230.0	17	1.05	0.95				
	123	2	0.0	0.0	0.0	0.0	1	1.0148662604596355	2.29486053192429	230.0	15	1.05	0.95				
	124	1	0.0	0.0	0.0	0.0	1	1.023135055454736	3.846663742592993	230.0	16	1.05	0.95				
	201	2	45.695576880000004	9.308358253333333	0.0	0.0	2	1.0180843296312223	-12.215523514554144	138.0	21	1.05	0.95				
	202	2	41.041397753333335	8.462143866666667	0.0	0.0	2	1.0179865233965248	-12.288048919385787	138.0	22	1.05	0.95				
	203	1	76.15929480000001	15.654966153333334	0.0	0.0	2	1.015944426405054	-9.724508662182128	138.0	21	1.05	0.95				
	204	1	31.309932306666667	6.3466078999999995	0.0	0.0	2	1.0142918263364642	-12.742306839822893	138.0	21	1.05	0.95				
	205	1	30.040610726666667	5.923500706666668	0.0	0.0	2	1.028958995402622	-13.103809014923879	138.0	21	1.05	0.95				
	206	1	57.542578293333335	11.847001413333336	0.0	-100.0	2	1.0429597176800478	-14.061567989156252	138.0	22	1.05	0.95				
	207	2	52.888399166666666	10.577679833333335	0.0	0.0	2	0.9935769315700209	-19.59107567263702	138.0	22	1.05	0.95				
	208	1	72.35133006	14.808751766666667	0.0	0.0	2	0.9994491765548642	-17.681160017779412	138.0	22	1.05	0.95				
	209	1	74.04375883333334	15.23185896	0.0	0.0	2	1.0231630399090004	-11.361604634168533	138.0	23	1.05	0.95				
	210	1	82.50590270000001	16.924287733333333	0.0	0.0	2	1.05	-12.637451765535289	138.0	23	1.05	0.95				
	211	1	0.0	0.0	0.0	0.0	2	1.006247705832042	-8.379822698030939	230.0	23	1.05	0.95				
	212	1	0.0	0.0	0.0	0.0	2	1.0085290482501668	-7.376704893500613	230.0	23	1.05	0.95				
	213	2	112.12340623333334	22.847788440000002	0.0	0.0	2	1.0031450768977448	-6.817451504051949	230.0	24	1.05	0.95				
	214	2	82.08279550666667	16.50118054	0.0	0.0	2	1.006836241893348	-6.018109352495194	230.0	26	1.05	0.95				
	215	2	134.12498028666667	27.078860373333335	0.0	0.0	2	1.0230317137628346	0.0807203401953342	230.0	26	1.05	0.95				
	216	2	42.31071933333334	8.462143866666667	0.0	0.0	2	1.0242235487206135	-0.10469019224045376	230.0	26	1.05	0.95				
	217	1	0.0	0.0	0.0	0.0	2	1.0276764886415366	1.1275677676583478	230.0	27	1.05	0.95				
	218	2	140.89469538	28.771289146666668	0.0	0.0	2	1.026935550612337	0.6987508175320432	230.0	27	1.05	0.95				
	219	1	76.58240199333333	15.654966153333334	0.0	0.0	2	1.02585706324437	0.20528224961560482	230.0	25	1.05	0.95				
	220	1	54.15772074666667	11.000787026666668	0.0	0.0	2	1.0301639549865873	1.298090482044809	230.0	25	1.05	0.95				
	221	2	0.0	0.0	0.0	0.0	2	1.0290823483418177	1.29148791526315	230.0	27	1.05	0.95				
	222	2	0.0	0.0	0.0	0.0	2	1.0499999800361224	7.718059823600651	230.0	27	1.05	0.95				
	223	2	0.0	0.0	0.0	0.0	2	1.033393516467302	2.2168567351319104	230.0	25	1.05	0.95				
	224	1	0.0	0.0	0.0	0.0	2	1.0083259444400638	-3.603250151829114	230.0	26	1.05	0.95				
	301	2	49.69503322105264	10.123062322807018	0.0	0.0	3	1.0078345055578288	-7.7425859140897	138.0	31	1.05	0.95				
	302	2	44.633502059649125	9.202783929824562	0.0	0.0	3	1.00733376411058	-7.895469119460271	138.0	32	1.05	0.95				
	303	1	82.82505536842105	17.02515027017544	0.0	0.0	3	1.031530958163579	-0.9920125825095047	138.0	31	1.05	0.95				
	304	1	34.05030054035088	6.902087947368421	0.0	0.0	3	1.009904957099478	-6.4877945150299094	138.0	31	1.05	0.95				
	305	1	32.669882950877195	6.441948750877194	0.0	0.0	3	1.0229457653208816	-7.317164177691634	138.0	31	1.05	0.95				
	306	1	62.57893072280702	12.883897501754388	0.0	-100.0	3	1.0393664744060487	-7.62257896618684	138.0	32	1.05	0.95				
	307	2	57.517399561403515	11.503479912280703	0.0	0.0	3	0.9920810037431275	-12.674248355832681	138.0	32	1.05	0.95				
	308	1	78.68380259999999	16.104871877192984	0.0	0.0	3	0.997887081175606	-10.580897409623011	138.0	32	1.05	0.95				
	309	1	80.52435938596491	16.56501107368421	0.0	0.0	3	1.0266487773327984	-3.454353578281961	138.0	33	1.05	0.95				
	310	1	89.72714331578948	18.405567859649125	0.0	0.0	3	1.05	-5.411112050516365	138.0	33	1.05	0.95				
	311	1	0.0	0.0	0.0	0.0	3	1.0080475026539968	-0.1702633666367404	230.0	33	1.05	0.95				
	312	1	0.0	0.0	0.0	0.0	3	1.0118011460485505	0.09183042881346562	230.0	33	1.05	0.95				
	313	2	121.93688707017544	24.84751661052632	0.0	0.0	3	1.0101622997113096	3.0033796019638066	230.0	34	1.05	0.95				
	314	2	89.26700411929825	17.945428663157895	0.0	0.0	3	1.0068667030153058	1.4219855923058258	230.0	36	1.05	0.95				
	315	2	145.8641252877193	29.448908575438598	0.0	0.0	3	1.0331753834516242	3.905134371126283	230.0	36	1.05	0.95				
	316	2	46.01391964912281	9.202783929824562	0.0	0.0	3	1.031243510252254	4.115665191381762	230.0	36	1.05	0.95				
	317	1	0.0	0.0	0.0	0.0	3	1.0432199380369578	7.9884307159002725	230.0	37	1.05	0.95				
	318	2	153.22635243157896	31.28946536140351	0.0	0.0	3	1.040450793982778	6.1548671297981326	230.0	37	1.05	0.95				
	319	1	83.28519456491229	17.02515027017544	0.0	0.0	3	1.0255202145462416	3.816716556359255	230.0	35	1.05	0.95				
	320	1	58.897817150877195	11.963619108771931	0.0	0.0	3	1.0220234802659554	3.6894526133487395	230.0	35	1.05	0.95				
	321	2	0.0	0.0	0.0	0.0	3	1.0397926222562912	6.011684341242692	230.0	37	1.05	0.95				
	322	2	0.0	0.0	0.0	0.0	3	1.05	11.109882940445475	230.0	37	1.05	0.95				
	323	2	0.0	0.0	0.0	0.0	3	1.0205005816061092	3.8577291845157378	230.0	35	1.05	0.95				
	324	1	0.0	0.0	0.0	0.0	3	1.0265855439693572	2.8893501791417044	230.0	36	1.05	0.95				
	325	1	0.0	0.0	0.0	0.0	3	1.021688606284925	4.4246441624893995	230.0	35	1.05	0.95				
];
