%% MATPOWER Case Format : Version 2
function mpc = RTS_GMLC
mpc.version = '2';

%%-----  Power Flow Data  -----%%
%% system MVA base
mpc.baseMVA = 100.0;
%% bus data
%    bus_i    type    Pd    Qd    Gs    Bs    area    Vm    Va    baseKV    zone    Vmax    Vmin
mpc.bus = [
	101	2	49.29737752421053	10.042058384561404	0.0	0.0	1	1.0428850908233895	1.1336193488375637	138.0	11	1.05	0.95				
	102	2	44.276348331929825	9.129143985964912	0.0	0.0	1	1.040730155849941	0.570962899509597	138.0	12	1.05	0.95				
	103	1	82.16229587368422	16.888916374035087	0.0	0.0	1	1.0294079747864404	-0.6555989293319637	138.0	11	1.05	0.95				
	104	1	33.777832748070175	6.846857989473684	0.0	0.0	1	1.0266315793349376	-2.0309181998792503	138.0	11	1.05	0.95				
	105	1	32.40846115017544	6.390400790175439	0.0	0.0	1	1.0401131875980474	-2.218443082236531	138.0	11	1.05	0.95				
	106	1	62.078179104561414	12.780801580350879	0.0	-100.0	1	1.046466220064826	-4.67067333574175	138.0	12	1.05	0.95				
	107	2	57.0571499122807	11.411429982456141	0.0	0.0	1	1.001477066121017	-9.293159983692068	138.0	12	1.05	0.95				
	108	1	78.05418107999999	15.976001975438598	0.0	0.0	1	1.0043528017349195	-8.372338051258692	138.0	12	1.05	0.95				
	109	1	79.88000987719298	16.43245917473684	0.0	0.0	1	1.024382879141953	-3.2686409759069397	138.0	13	1.05	0.95				
	110	1	89.00915386315789	18.258287971929825	0.0	0.0	1	1.05	-4.215944948153057	138.0	13	1.05	0.95				
	111	1	0.0	0.0	0.0	0.0	1	1.0030364238223541	-1.4236598673575516	230.0	13	1.05	0.95				
	112	1	0.0	0.0	0.0	0.0	1	1.0067257089034318	-1.484697747294687	230.0	13	1.05	0.95				
	113	3	120.96115781403509	24.648688762105266	0.0	0.0	1	0.9958831056893414	-3.35399114245477e-30	230.0	14	1.05	0.95				
	114	2	88.55269666385965	17.80183077263158	0.0	0.0	1	0.9992432670388941	-0.20877547958379172	230.0	16	1.05	0.95				
	115	2	144.69693217754386	29.213260755087724	0.0	0.0	1	1.0307141384589988	5.233737904592284	230.0	16	1.05	0.95				
	116	2	45.645719929824565	9.129143985964912	0.0	0.0	1	1.0260225046523677	4.248084345513464	230.0	16	1.05	0.95				
	117	1	0.0	0.0	0.0	0.0	1	1.0344812630032052	7.469843253050397	230.0	17	1.05	0.95				
	118	2	152.0002473663158	31.039089552280707	0.0	0.0	1	1.0376780378020578	8.146259114820458	230.0	17	1.05	0.95				
	119	1	82.61875307298247	16.888916374035087	0.0	0.0	1	1.0161446162463894	2.3431865680005775	230.0	15	1.05	0.95				
	120	1	58.42652151017545	11.867887181754387	0.0	0.0	1	1.0108775168490745	1.2632579888846909	230.0	15	1.05	0.95				
	121	2	0.0	0.0	0.0	0.0	1	1.0404002612803378	9.62112610690273	230.0	17	1.05	0.95				
	122	2	0.0	0.0	0.0	0.0	1	1.05	15.290056203377002	230.0	17	1.05	0.95				
	123	2	0.0	0.0	0.0	0.0	1	1.0086905608463037	1.0281261494021965	230.0	15	1.05	0.95				
	124	1	0.0	0.0	0.0	0.0	1	1.0221575932814837	3.011608751485407	230.0	16	1.05	0.95				
	201	2	40.068628976842106	8.16212812491228	0.0	0.0	2	1.0164355707620567	-8.119005456821613	138.0	21	1.05	0.95				
	202	2	35.98756491438596	7.420116477192982	0.0	0.0	2	1.0156007111993994	-8.333887142130589	138.0	22	1.05	0.95				
	203	1	66.78104829473685	13.727215482807017	0.0	0.0	2	1.0147446644952418	-6.448319931596132	138.0	21	1.05	0.95				
	204	1	27.454430965614034	5.565087357894737	0.0	0.0	2	1.014183997627637	-7.839918973662696	138.0	21	1.05	0.95				
	205	1	26.341413494035088	5.194081534035089	0.0	0.0	2	1.0287677469638858	-8.064933245876887	138.0	21	1.05	0.95				
	206	1	50.45679204491229	10.388163068070178	0.0	-100.0	2	1.0439920133414835	-8.512336835118072	138.0	22	1.05	0.95				
	207	2	46.37572798245614	9.275145596491228	0.0	0.0	2	0.9995357356143718	-12.954688456853775	138.0	22	1.05	0.95				
	208	1	63.44199588	12.985203835087718	0.0	0.0	2	1.0050529473601706	-11.306284821150701	138.0	22	1.05	0.95				
	209	1	64.9260191754386	13.356209658947368	0.0	0.0	2	1.0233874590388226	-5.897376894569559	138.0	23	1.05	0.95				
	210	1	72.34613565263159	14.840232954385964	0.0	0.0	2	1.05	-6.815765609218004	138.0	23	1.05	0.95				
	211	1	0.0	0.0	0.0	0.0	2	1.0004931035545233	-3.753400133937592	230.0	23	1.05	0.95				
	212	1	0.0	0.0	0.0	0.0	2	1.006654199483547	0.009994313494486895	230.0	23	1.05	0.95				
	213	2	98.31654332280702	20.034314488421053	0.0	0.0	2	0.992863988586663	-1.890962453621049	230.0	24	1.05	0.95				
	214	2	71.97512982877193	14.469227130526315	0.0	0.0	2	0.9959538421875045	-2.6139150839290517	230.0	26	1.05	0.95				
	215	2	117.60884616350877	23.744372727017545	0.0	0.0	2	1.0141380899566692	1.420995954405288	230.0	26	1.05	0.95				
	216	2	37.10058238596491	7.420116477192982	0.0	0.0	2	1.0125965826898407	1.2801618371151608	230.0	26	1.05	0.95				
	217	1	0.0	0.0	0.0	0.0	2	1.0184616580602057	2.1244903589785555	230.0	27	1.05	0.95				
	218	2	123.54493934526316	25.228396022456145	0.0	0.0	2	1.0182066798126708	1.874087459238846	230.0	27	1.05	0.95				
	219	1	67.1520541185965	13.727215482807017	0.0	0.0	2	1.0095493227832573	1.1211663456118806	230.0	25	1.05	0.95				
	220	1	47.48874545403509	9.646151420350877	0.0	0.0	2	1.009187253260114	1.7331402897163772	230.0	25	1.05	0.95				
	221	2	0.0	0.0	0.0	0.0	2	1.0204010562353547	2.5255234862091793	230.0	27	1.05	0.95				
	222	2	0.0	0.0	0.0	0.0	2	1.042206869698518	8.957308315499283	230.0	27	1.05	0.95				
	223	2	0.0	0.0	0.0	0.0	2	1.0094729225312689	2.3670727328212458	230.0	25	1.05	0.95				
	224	1	0.0	0.0	0.0	0.0	2	1.0045392602082286	-1.5579806970917813	230.0	26	1.05	0.95				
	301	2	53.128756724210525	10.822524517894736	0.0	0.0	3	1.0063898559295001	1.042712269934628	138.0	31	1.05	0.95				
	302	2	47.71749446526316	9.83865865263158	0.0	0.0	3	1.005716395013813	0.8815480738461596	138.0	32	1.05	0.95				
	303	1	88.5479278736842	18.201518507368423	0.0	0.0	3	1.029479869145365	7.568732322637663	138.0	31	1.05	0.95				
	304	1	36.403037014736846	7.378993989473684	0.0	0.0	3	1.0075313855265007	2.1115019452853043	138.0	31	1.05	0.95				
	305	1	34.927238216842106	6.887061056842106	0.0	0.0	3	1.0215792609435475	1.804170120000611	138.0	31	1.05	0.95				
	306	1	66.90287883789475	13.774122113684212	0.0	-100.0	3	1.0379841543746875	1.6502313382620108	138.0	32	1.05	0.95				
	307	2	61.49161657894737	12.298323315789474	0.0	0.0	3	0.9934528285231131	-3.035332522479514	138.0	32	1.05	0.95				
	308	1	84.12053148	17.217652642105264	0.0	0.0	3	1.0001416093477902	-0.8121419721247021	138.0	32	1.05	0.95				
	309	1	86.08826321052632	17.709585574736842	0.0	0.0	3	1.02475751616743	5.138821124330819	138.0	33	1.05	0.95				
	310	1	95.92692186315789	19.67731730526316	0.0	0.0	3	1.05	4.146075571165894	138.0	33	1.05	0.95				
	311	1	0.0	0.0	0.0	0.0	3	1.0067771353332273	8.793745536667437	230.0	33	1.05	0.95				
	312	1	0.0	0.0	0.0	0.0	3	1.0120654483366718	9.498915655293226	230.0	33	1.05	0.95				
	313	2	130.36222714736843	26.564378362105263	0.0	0.0	3	1.0128369954274763	13.663221287551414	230.0	34	1.05	0.95				
	314	2	95.43498893052632	19.185384372631578	0.0	0.0	3	1.0029303648652685	8.769301716567231	230.0	36	1.05	0.95				
	315	2	155.94273964421052	31.483707688421052	0.0	0.0	3	1.0183381991190918	5.581257675266069	230.0	36	1.05	0.95				
	316	2	49.1932932631579	9.83865865263158	0.0	0.0	3	1.0162234005070894	6.0526374851615525	230.0	36	1.05	0.95				
	317	1	0.0	0.0	0.0	0.0	3	1.0198312459815955	5.803324932744317	230.0	37	1.05	0.95				
	318	2	163.8136665663158	33.45143941894737	0.0	0.0	3	1.0179093493900515	5.002854125672236	230.0	37	1.05	0.95				
	319	1	89.0398608063158	18.201518507368423	0.0	0.0	3	1.0158882449517164	7.791396199874323	230.0	35	1.05	0.95				
	320	1	62.967415376842105	12.790256248421054	0.0	0.0	3	1.0163084391079311	8.793164122870147	230.0	35	1.05	0.95				
	321	2	0.0	0.0	0.0	0.0	3	1.0201033814941058	5.762065255360856	230.0	37	1.05	0.95				
	322	2	0.0	0.0	0.0	0.0	3	1.0335201421330567	10.22434776175644	230.0	37	1.05	0.95				
	323	2	0.0	0.0	0.0	0.0	3	1.0168042135537576	9.37554217681502	230.0	35	1.05	0.95				
	324	1	0.0	0.0	0.0	0.0	3	1.0219497271231117	8.30284469554055	230.0	36	1.05	0.95				
	325	1	0.0	0.0	0.0	0.0	3	1.019592671041918	9.408659717316146	230.0	35	1.05	0.95				
];
