%% MATPOWER Case Format : Version 2
function mpc = RTS_GMLC
mpc.version = '2';

%%-----  Power Flow Data  -----%%
%% system MVA base
mpc.baseMVA = 100.0;
%% bus data
%    bus_i    type    Pd    Qd    Gs    Bs    area    Vm    Va    baseKV    zone    Vmax    Vmin
mpc.bus = [
	101	2	62.12271152842105	12.65462642245614	0.0	0.0	1	1.0350237569020349	1.0967820301229125	138.0	11	1.05	0.95				
	102	2	55.795398317192976	11.50420583859649	0.0	0.0	1	1.035138464466037	1.0492908486970163	138.0	12	1.05	0.95				
	103	1	103.53785254736843	21.282780801403508	0.0	0.0	1	1.023515046152872	-0.4604637816244456	138.0	11	1.05	0.95				
	104	1	42.565561602807016	8.628154378947368	0.0	0.0	1	1.0196012074539	-2.366595308873349	138.0	11	1.05	0.95				
	105	1	40.839930727017546	8.052944087017543	0.0	0.0	1	1.034576023002148	-2.259855651268255	138.0	11	1.05	0.95				
	106	1	78.22859970245615	16.105888174035087	0.0	-100.0	1	1.0415749328067887	-4.672796113411868	138.0	12	1.05	0.95				
	107	2	71.90128649122806	14.380257298245613	0.0	0.0	1	1.0351904393232418	-5.624304363253288	138.0	12	1.05	0.95				
	108	1	98.36095991999998	20.13236021754386	0.0	0.0	1	1.0216847442854762	-6.454011216913589	138.0	12	1.05	0.95				
	109	1	100.6618010877193	20.707570509473683	0.0	0.0	1	1.0252159236519525	-2.8428012854191347	138.0	13	1.05	0.95				
	110	1	112.16600692631577	23.00841167719298	0.0	0.0	1	1.05	-3.8575457694061015	138.0	13	1.05	0.95				
	111	1	0.0	0.0	0.0	0.0	1	1.0053585384418329	-0.6602969696137682	230.0	13	1.05	0.95				
	112	1	0.0	0.0	0.0	0.0	1	1.0117804385026574	-0.3241932330014256	230.0	13	1.05	0.95				
	113	3	152.4307273614035	31.061355764210525	0.0	0.0	1	1.0037064185515134	-3.695022616539187e-30	230.0	14	1.05	0.95				
	114	2	111.59079663438595	22.433201385263157	0.0	0.0	1	0.9998519671091878	1.5795186047389367	230.0	16	1.05	0.95				
	115	2	182.34166254175437	36.81345868350877	0.0	0.0	1	1.0370746520872636	8.768019673848729	230.0	16	1.05	0.95				
	116	2	57.52102919298245	11.50420583859649	0.0	0.0	1	1.0329182757885544	8.14604526206184	230.0	16	1.05	0.95				
	117	1	0.0	0.0	0.0	0.0	1	1.0423108502060758	11.080068425958524	230.0	17	1.05	0.95				
	118	2	191.54502721263157	39.114299851228076	0.0	0.0	1	1.046597838545466	11.70668413632078	230.0	17	1.05	0.95				
	119	1	104.11306283929824	21.282780801403508	0.0	0.0	1	1.027066159004822	6.359544374246669	230.0	15	1.05	0.95				
	120	1	73.62691736701754	14.95546759017544	0.0	0.0	1	1.0270682071716024	5.914659596692934	230.0	15	1.05	0.95				
	121	2	0.0	0.0	0.0	0.0	1	1.05	12.014631251151165	230.0	17	1.05	0.95				
	122	2	0.0	0.0	0.0	0.0	1	1.05	18.158651695503664	230.0	17	1.05	0.95				
	123	2	0.0	0.0	0.0	0.0	1	1.0282628110618182	6.108199041435877	230.0	15	1.05	0.95				
	124	1	0.0	0.0	0.0	0.0	1	1.020451830678667	5.324318729883694	230.0	16	1.05	0.95				
	201	2	71.09334174315791	14.481977021754386	0.0	0.0	2	1.0335550618355194	-17.783753332766008	138.0	21	1.05	0.95				
	202	2	63.8523532322807	13.165433656140351	0.0	0.0	2	1.033821130973992	-17.92215799508821	138.0	22	1.05	0.95				
	203	1	118.48890290526315	24.35605226385965	0.0	0.0	2	1.0191157484342868	-13.356329938288596	138.0	21	1.05	0.95				
	204	1	48.7121045277193	9.874075242105263	0.0	0.0	2	1.0162524996553277	-19.99926818699052	138.0	21	1.05	0.95				
	205	1	46.73728947929824	9.215803559298246	0.0	0.0	2	1.0331460204529623	-20.503855003910672	138.0	21	1.05	0.95				
	206	1	89.5249488617544	18.431607118596492	0.0	-100.0	2	1.0393388493096003	-22.656834942703988	138.0	22	1.05	0.95				
	207	2	82.2839603508772	16.45679207017544	0.0	0.0	2	0.9785063996308803	-32.5047170246847	138.0	22	1.05	0.95				
	208	1	112.56445776	23.03950889824561	0.0	0.0	2	0.9795661918046079	-29.288864995503225	138.0	22	1.05	0.95				
	209	1	115.19754449122807	23.69778058105263	0.0	0.0	2	1.0223474215747825	-19.024512475886375	138.0	23	1.05	0.95				
	210	1	128.3629781473684	26.330867312280702	0.0	0.0	2	1.05	-21.1858295986	138.0	23	1.05	0.95				
	211	1	0.0	0.0	0.0	0.0	2	1.0211126194579643	-15.50413760263817	230.0	23	1.05	0.95				
	212	1	0.0	0.0	0.0	0.0	2	1.018571131923854	-14.828327221806639	230.0	23	1.05	0.95				
	213	2	174.44199594385964	35.546670871578954	0.0	0.0	2	1.027130333841431	-14.478759129402835	230.0	24	1.05	0.95				
	214	2	127.7047064645614	25.672595629473683	0.0	0.0	2	1.0329803858567177	-11.885762731267686	230.0	26	1.05	0.95				
	215	2	208.67212344982454	42.12938769964912	0.0	0.0	2	1.0361692805853913	-1.9737050795692674	230.0	26	1.05	0.95				
	216	2	65.82716828070176	13.165433656140351	0.0	0.0	2	1.0394336134795863	-2.6814269690971364	230.0	26	1.05	0.95				
	217	1	0.0	0.0	0.0	0.0	2	1.0403622934944596	1.1709527291711022	230.0	27	1.05	0.95				
	218	2	219.20447037473684	44.7624744308772	0.0	0.0	2	1.0421732407809312	1.4677036237484444	230.0	27	1.05	0.95				
	219	1	119.14717458807019	24.35605226385965	0.0	0.0	2	1.039488246800306	-4.120431552982021	230.0	25	1.05	0.95				
	220	1	84.25877539929824	17.115063752982458	0.0	0.0	2	1.0452586605785825	-4.123878492463801	230.0	25	1.05	0.95				
	221	2	0.0	0.0	0.0	0.0	2	1.0425365678741083	1.2367799724724164	230.0	27	1.05	0.95				
	222	2	0.0	0.0	0.0	0.0	2	1.05	7.715389060813286	230.0	27	1.05	0.95				
	223	2	0.0	0.0	0.0	0.0	2	1.05	-3.646198357754569	230.0	25	1.05	0.95				
	224	1	0.0	0.0	0.0	0.0	2	1.0156298922183684	-6.211587087227019	230.0	26	1.05	0.95				
	301	2	58.98829482947369	12.016134131929823	0.0	0.0	3	1.0373552454139259	-11.680890543749092	138.0	31	1.05	0.95				
	302	2	52.98022776350877	10.923758301754386	0.0	0.0	3	1.032265423604083	-12.023932453753487	138.0	32	1.05	0.95				
	303	1	98.31382471578947	20.208952858245613	0.0	0.0	3	1.05	4.140549501538393	138.0	31	1.05	0.95				
	304	1	40.41790571649123	8.192818726315789	0.0	0.0	3	1.0107620756050564	-10.569080476280805	138.0	31	1.05	0.95				
	305	1	38.779341971228064	7.64663081122807	0.0	0.0	3	1.0324562389205445	-12.482653082875421	138.0	31	1.05	0.95				
	306	1	74.28155645192982	15.29326162245614	0.0	-100.0	3	1.0356215126384976	-13.570788121234449	138.0	32	1.05	0.95				
	307	2	68.27348938596491	13.654697877192982	0.0	0.0	3	0.9553852714931435	-11.291757734117256	138.0	32	1.05	0.95				
	308	1	93.39813347999998	19.11657702807017	0.0	0.0	3	0.970474509457642	-12.31782909942395	138.0	32	1.05	0.95				
	309	1	95.58288514035087	19.662764943157892	0.0	0.0	3	1.0112737592576218	-7.071072125017753	138.0	33	1.05	0.95				
	310	1	106.50664344210526	21.847516603508772	0.0	0.0	3	1.0406088364709674	-11.553078138924214	138.0	33	1.05	0.95				
	311	1	0.0	0.0	0.0	0.0	3	0.9985017062717801	-7.234285403238792	230.0	33	1.05	0.95				
	312	1	0.0	0.0	0.0	0.0	3	1.0014507156864758	-6.054863218111638	230.0	33	1.05	0.95				
	313	2	144.7397974982456	29.494147414736844	0.0	0.0	3	0.9988846541696089	-3.6834988789673755	230.0	34	1.05	0.95				
	314	2	105.96045552701754	21.30132868842105	0.0	0.0	3	0.9963146294031275	-8.153651867940459	230.0	36	1.05	0.95				
	315	2	173.141569082807	34.95602656561403	0.0	0.0	3	1.05	-6.0351850979574975	230.0	36	1.05	0.95				
	316	2	54.61879150877193	10.923758301754386	0.0	0.0	3	1.0374031101276182	-6.1052935434030635	230.0	36	1.05	0.95				
	317	1	0.0	0.0	0.0	0.0	3	1.045275806009831	-5.295638725466526	230.0	37	1.05	0.95				
	318	2	181.8805757242105	37.14077822596491	0.0	0.0	3	1.0461911426756458	-5.838738901742434	230.0	37	1.05	0.95				
	319	1	98.86001263087718	20.208952858245613	0.0	0.0	3	1.0217408516705786	-5.729865785108159	230.0	35	1.05	0.95				
	320	1	69.91205313122806	14.200885792280701	0.0	0.0	3	1.0126045161592774	-4.317111997962087	230.0	35	1.05	0.95				
	321	2	0.0	0.0	0.0	0.0	3	1.05	-5.380419074279969	230.0	37	1.05	0.95				
	322	2	0.0	0.0	0.0	0.0	3	1.05	-1.0053869005439635	230.0	37	1.05	0.95				
	323	2	0.0	0.0	0.0	0.0	3	1.0092691921037582	-3.095976286598311	230.0	35	1.05	0.95				
	324	1	0.0	0.0	0.0	0.0	3	1.046806060880796	-2.1472760516065263	230.0	36	1.05	0.95				
	325	1	0.0	0.0	0.0	0.0	3	1.0081486789783503	-1.788791066111707	230.0	35	1.05	0.95				
];
