%% MATPOWER Case Format : Version 2
function mpc = RTS_GMLC
mpc.version = '2';

%%-----  Power Flow Data  -----%%
%% system MVA base
mpc.baseMVA = 100.0;
%% bus data
%    bus_i    type    Pd    Qd    Gs    Bs    area    Vm    Va    baseKV    zone    Vmax    Vmin
mpc.bus = [
	101	2	37.14002968926315	7.565561603368421	0.0	0.0	1	1.0288202530652866	2.186545516311149	138.0	11	1.05	0.95				
	102	2	33.35724888757895	6.877783275789473	0.0	0.0	1	1.027251986219065	1.7667456013055367	138.0	12	1.05	0.95				
	103	1	61.90004948210526	12.723899060210526	0.0	0.0	1	1.0317254704194625	1.7094749300949044	138.0	11	1.05	0.95				
	104	1	25.44779812042105	5.158337456842105	0.0	0.0	1	1.0204582119035048	-0.7831433096709643	138.0	11	1.05	0.95				
	105	1	24.416130629052628	4.8144482930526316	0.0	0.0	1	1.0347951654011114	-0.6155646729772457	138.0	11	1.05	0.95				
	106	1	46.76892627536842	9.628896586105263	0.0	-100.0	1	1.0466404117021388	-2.6318467748754495	138.0	12	1.05	0.95				
	107	2	42.9861454736842	8.597229094736841	0.0	0.0	1	1.0010637212519056	-8.106245084494303	138.0	12	1.05	0.95				
	108	1	58.80504700799999	12.036120732631577	0.0	0.0	1	1.007168631728997	-6.540898587583114	138.0	12	1.05	0.95				
	109	1	60.180603663157896	12.38000989642105	0.0	0.0	1	1.0245065425916717	-1.4542349817167906	138.0	13	1.05	0.95				
	110	1	67.05838693894735	13.755566551578946	0.0	0.0	1	1.05	-2.3547596894525857	138.0	13	1.05	0.95				
	111	1	0.0	0.0	0.0	0.0	1	1.001775632588034	0.2658607638382038	230.0	13	1.05	0.95				
	112	1	0.0	0.0	0.0	0.0	1	1.0060707094741568	-0.39056904848692453	230.0	13	1.05	0.95				
	113	3	91.13062840421051	18.570014844631576	0.0	0.0	1	0.9904374715976341	-2.366144293272215e-29	230.0	14	1.05	0.95				
	114	2	66.7144977751579	13.411677387789473	0.0	0.0	1	1.00031475287215	2.807431463686	230.0	16	1.05	0.95				
	115	2	109.01286492126314	22.008906482526314	0.0	0.0	1	1.0400168161858379	9.534636229069488	230.0	16	1.05	0.95				
	116	2	34.388916378947364	6.877783275789473	0.0	0.0	1	1.034043401541308	8.305342101283685	230.0	16	1.05	0.95				
	117	1	0.0	0.0	0.0	0.0	1	1.0406313811991115	12.645958055836164	230.0	17	1.05	0.95				
	118	2	114.51509154189472	23.38446313768421	0.0	0.0	1	1.047899890608389	12.98380218348832	230.0	17	1.05	0.95				
	119	1	62.24393864589474	12.723899060210526	0.0	0.0	1	1.0218257870020908	5.335723529750602	230.0	15	1.05	0.95				
	120	1	44.01781296505263	8.941118258526314	0.0	0.0	1	1.015065990508701	3.390562011187548	230.0	15	1.05	0.95				
	121	2	0.0	0.0	0.0	0.0	1	1.05	14.118608905112492	230.0	17	1.05	0.95				
	122	2	0.0	0.0	0.0	0.0	1	1.05	27.629177791591903	230.0	17	1.05	0.95				
	123	2	0.0	0.0	0.0	0.0	1	1.0117328561509455	2.5846487528927895	230.0	15	1.05	0.95				
	124	1	0.0	0.0	0.0	0.0	1	1.026872515910391	6.60116171063482	230.0	16	1.05	0.95				
	201	2	37.96064852210527	7.732724698947369	0.0	0.0	2	1.0143862935135806	-11.886043463987251	138.0	21	1.05	0.95				
	202	2	34.09428617263158	7.0297497263157895	0.0	0.0	2	1.0134974026753556	-12.159035290804862	138.0	22	1.05	0.95				
	203	1	63.2677475368421	13.005036993684211	0.0	0.0	2	1.0154833766160734	-8.469947287290603	138.0	21	1.05	0.95				
	204	1	26.010073987368422	5.2723122947368415	0.0	0.0	2	1.013218802515955	-11.927242667993703	138.0	21	1.05	0.95				
	205	1	24.955611528421052	4.920824808421053	0.0	0.0	2	1.028066862468547	-12.302571729586248	138.0	21	1.05	0.95				
	206	1	47.80229813894737	9.841649616842107	0.0	-100.0	2	1.0440008335526312	-13.00060236613949	138.0	22	1.05	0.95				
	207	2	43.93593578947368	8.787187157894737	0.0	0.0	2	0.9969920559394713	-17.131811449734805	138.0	22	1.05	0.95				
	208	1	60.10436015999999	12.302062021052631	0.0	0.0	2	1.0041343511470915	-15.59370787014597	138.0	22	1.05	0.95				
	209	1	61.51031010526316	12.65354950736842	0.0	0.0	2	1.0224984804795696	-10.274088464578062	138.0	23	1.05	0.95				
	210	1	68.54005983157894	14.059499452631579	0.0	0.0	2	1.05	-11.585367979713018	138.0	23	1.05	0.95				
	211	1	0.0	0.0	0.0	0.0	2	1.0026753252918073	-7.633986059169718	230.0	23	1.05	0.95				
	212	1	0.0	0.0	0.0	0.0	2	1.005743860570542	-6.947203364950671	230.0	23	1.05	0.95				
	213	2	93.1441838736842	18.980324261052633	0.0	0.0	2	0.9967393371828108	-6.364839965152919	230.0	24	1.05	0.95				
	214	2	68.18857234526315	13.708011966315789	0.0	0.0	2	1.0014417805181308	-5.304096756152974	230.0	26	1.05	0.95				
	215	2	111.42153316210526	22.495199124210526	0.0	0.0	2	1.01691157049331	0.2881899575658677	230.0	26	1.05	0.95				
	216	2	35.14874863157895	7.0297497263157895	0.0	0.0	2	1.0180905048510975	0.1199403208325813	230.0	26	1.05	0.95				
	217	1	0.0	0.0	0.0	0.0	2	1.0226177722258667	1.5015621027535753	230.0	27	1.05	0.95				
	218	2	117.04533294315789	23.901149069473686	0.0	0.0	2	1.0220552069179494	1.1587291224085075	230.0	27	1.05	0.95				
	219	1	63.61923502315789	13.005036993684211	0.0	0.0	2	1.0190264606906547	0.028020789077450155	230.0	25	1.05	0.95				
	220	1	44.99039824842105	9.138674644210527	0.0	0.0	2	1.0218303085881584	0.6462880586012768	230.0	25	1.05	0.95				
	221	2	0.0	0.0	0.0	0.0	2	1.0239298098718956	1.6713102061239742	230.0	27	1.05	0.95				
	222	2	0.0	0.0	0.0	0.0	2	1.045837831201118	8.14741539088085	230.0	27	1.05	0.95				
	223	2	0.0	0.0	0.0	0.0	2	1.0237276778377697	1.2588879207916641	230.0	25	1.05	0.95				
	224	1	0.0	0.0	0.0	0.0	2	1.0055790549069694	-3.020668244508213	230.0	26	1.05	0.95				
	301	2	41.97342611368421	8.550142356491227	0.0	0.0	3	1.0096984005894234	-12.929433992936147	138.0	31	1.05	0.95				
	302	2	37.698354935438594	7.772856687719298	0.0	0.0	3	1.0096342368516995	-13.019281385773967	138.0	32	1.05	0.95				
	303	1	69.95571018947369	14.379784872280702	0.0	0.0	3	1.0231534341576904	-8.298943367659504	138.0	31	1.05	0.95				
	304	1	28.759569744561404	5.829642515789474	0.0	0.0	3	1.0121077251730306	-11.630483748495996	138.0	31	1.05	0.95				
	305	1	27.59364124140351	5.440999681403509	0.0	0.0	3	1.0249182224102793	-12.406129608616316	138.0	31	1.05	0.95				
	306	1	52.855425476491234	10.881999362807019	0.0	-100.0	3	1.0420076081455942	-12.58924489260462	138.0	32	1.05	0.95				
	307	2	48.58035429824562	9.716070859649124	0.0	0.0	3	0.9909674608625657	-16.614072277365363	138.0	32	1.05	0.95				
	308	1	66.45792468	13.602499203508772	0.0	0.0	3	0.9999338680404383	-14.910559259221172	138.0	32	1.05	0.95				
	309	1	68.01249601754387	13.991142037894736	0.0	0.0	3	1.0259363828093924	-8.89951726199733	138.0	33	1.05	0.95				
	310	1	75.78535270526315	15.545713375438597	0.0	0.0	3	1.05	-10.630189919851315	138.0	33	1.05	0.95				
	311	1	0.0	0.0	0.0	0.0	3	1.004565591263593	-5.4651919030128475	230.0	33	1.05	0.95				
	312	1	0.0	0.0	0.0	0.0	3	1.009833564376214	-4.930664122340994	230.0	33	1.05	0.95				
	313	2	102.99035111228069	20.986713056842106	0.0	0.0	3	1.0081056394137569	-2.016068495939247	230.0	34	1.05	0.95				
	314	2	75.39670987087719	15.157070541052633	0.0	0.0	3	0.9992641171753104	-4.04657782630577	230.0	36	1.05	0.95				
	315	2	123.19977850035089	24.873141400701755	0.0	0.0	3	1.0293670603932112	-0.19763679419428604	230.0	36	1.05	0.95				
	316	2	38.864283438596495	7.772856687719298	0.0	0.0	3	1.028183224735857	0.21998424731555852	230.0	36	1.05	0.95				
	317	1	0.0	0.0	0.0	0.0	3	1.0394062073194867	4.141052717803625	230.0	37	1.05	0.95				
	318	2	129.41806385052632	26.427712738245617	0.0	0.0	3	1.0363864809692283	2.61492664068672	230.0	37	1.05	0.95				
	319	1	70.34435302385965	14.379784872280702	0.0	0.0	3	1.0236741076145626	-0.27759092918344697	230.0	35	1.05	0.95				
	320	1	49.74628280140351	10.104713694035087	0.0	0.0	3	1.0221744930120948	0.05243645820647787	230.0	35	1.05	0.95				
	321	2	0.0	0.0	0.0	0.0	3	1.03642158414426	2.271934591609928	230.0	37	1.05	0.95				
	322	2	0.0	0.0	0.0	0.0	3	1.0499999943464913	7.316523780537219	230.0	37	1.05	0.95				
	323	2	0.0	0.0	0.0	0.0	3	1.0217978318390317	0.5380145620805613	230.0	35	1.05	0.95				
	324	1	0.0	0.0	0.0	0.0	3	1.016817033663699	-3.2419197880948225	230.0	36	1.05	0.95				
	325	1	0.0	0.0	0.0	0.0	3	1.0204244284080068	1.6984903161961382	230.0	35	1.05	0.95				
];
