%% MATPOWER Case Format : Version 2
function mpc = RTS_GMLC
mpc.version = '2';

%%-----  Power Flow Data  -----%%
%% system MVA base
mpc.baseMVA = 100.0;
%% bus data
%    bus_i    type    Pd    Qd    Gs    Bs    area    Vm    Va    baseKV    zone    Vmax    Vmin
mpc.bus = [
	101	2	47.32013853473684	9.639287479298247	0.0	0.0	1	1.0328460692565578	1.3133979759048773	138.0	11	1.05	0.95				
	102	2	42.50049479508772	8.76298861754386	0.0	0.0	1	1.031930769200905	1.021944238389246	138.0	12	1.05	0.95				
	103	1	78.86689755789475	16.21152894245614	0.0	0.0	1	1.0288930212313854	1.0106286865371457	138.0	11	1.05	0.95				
	104	1	32.42305788491228	6.572241463157895	0.0	0.0	1	1.020502757708456	-1.8708950912349365	138.0	11	1.05	0.95				
	105	1	31.1086095922807	6.134092032280702	0.0	0.0	1	1.035430248674219	-1.7784961539145643	138.0	11	1.05	0.95				
	106	1	59.58832259929825	12.268184064561405	0.0	-100.0	1	1.0449289104440238	-3.9971592164971588	138.0	12	1.05	0.95				
	107	2	54.76867885964912	10.953735771929825	0.0	0.0	1	0.999028045492015	-11.426062147982213	138.0	12	1.05	0.95				
	108	1	74.92355268	15.335230080701754	0.0	0.0	1	1.001909285404898	-9.20055711962171	138.0	12	1.05	0.95				
	109	1	76.67615040350877	15.773379511578947	0.0	0.0	1	1.0242705478327374	-2.457665465897906	138.0	13	1.05	0.95				
	110	1	85.43913902105264	17.52597723508772	0.0	0.0	1	1.05	-3.5295680561296505	138.0	13	1.05	0.95				
	111	1	0.0	0.0	0.0	0.0	1	1.004986971884281	-0.06603649919397163	230.0	13	1.05	0.95				
	112	1	0.0	0.0	0.0	0.0	1	1.0094016037467233	-0.5515912412252383	230.0	13	1.05	0.95				
	113	3	116.10959918245614	23.66006926736842	0.0	0.0	1	0.9987846349342272	-3.137400965939661e-32	230.0	14	1.05	0.95				
	114	2	85.00098959017544	17.08782780421053	0.0	0.0	1	1.004651095146289	2.9227492082570232	230.0	16	1.05	0.95				
	115	2	138.89336958807016	28.041563576140355	0.0	0.0	1	1.03962475237443	10.46950702824446	230.0	16	1.05	0.95				
	116	2	43.8149430877193	8.76298861754386	0.0	0.0	1	1.0352211841237242	9.666627585549275	230.0	16	1.05	0.95				
	117	1	0.0	0.0	0.0	0.0	1	1.039672591864175	14.121933470636229	230.0	17	1.05	0.95				
	118	2	145.90376048210527	29.794161299649126	0.0	0.0	1	1.0480776860794585	14.087841516012226	230.0	17	1.05	0.95				
	119	1	79.30504698877193	16.21152894245614	0.0	0.0	1	1.0252318787307417	6.634603813431897	230.0	15	1.05	0.95				
	120	1	56.08312715228071	11.39188520280702	0.0	0.0	1	1.0214672744269544	4.824197814993007	230.0	15	1.05	0.95				
	121	2	0.0	0.0	0.0	0.0	1	1.05	15.106804822818466	230.0	17	1.05	0.95				
	122	2	0.0	0.0	0.0	0.0	1	1.05	32.508271232022004	230.0	17	1.05	0.95				
	123	2	0.0	0.0	0.0	0.0	1	1.0201449243380942	4.164295921872991	230.0	15	1.05	0.95				
	124	1	0.0	0.0	0.0	0.0	1	1.0237668598849665	6.928888863659103	230.0	16	1.05	0.95				
	201	2	47.42956083789475	9.661577207719299	0.0	0.0	2	1.0212196592932232	-14.699055522745846	138.0	21	1.05	0.95				
	202	2	42.598772234035096	8.783252007017545	0.0	0.0	2	1.0216774783276348	-14.668155701226306	138.0	22	1.05	0.95				
	203	1	79.04926806315791	16.249016212982458	0.0	0.0	2	1.015129464191951	-12.21584493791651	138.0	21	1.05	0.95				
	204	1	32.498032425964915	6.587439005263159	0.0	0.0	2	1.0152766719444637	-15.726291936572515	138.0	21	1.05	0.95				
	205	1	31.180544624912283	6.148276404912282	0.0	0.0	2	1.0302750509431255	-16.11886411006203	138.0	21	1.05	0.95				
	206	1	59.7261136477193	12.296552809824563	0.0	-100.0	2	1.0432318403038288	-17.349944810050566	138.0	22	1.05	0.95				
	207	2	54.89532504385966	10.979065008771931	0.0	0.0	2	0.9925648152489955	-23.376096626824076	138.0	22	1.05	0.95				
	208	1	75.09680466	15.370691012280702	0.0	0.0	2	0.9980299702369287	-21.37880444123022	138.0	22	1.05	0.95				
	209	1	76.85345506140352	15.80985361263158	0.0	0.0	2	1.0224386382028894	-14.777139002499755	138.0	23	1.05	0.95				
	210	1	85.63670706842106	17.56650401403509	0.0	0.0	2	1.05	-16.141726988626118	138.0	23	1.05	0.95				
	211	1	0.0	0.0	0.0	0.0	2	1.006528151771198	-11.963363027559817	230.0	23	1.05	0.95				
	212	1	0.0	0.0	0.0	0.0	2	1.0097358529517393	-11.341762968457639	230.0	23	1.05	0.95				
	213	2	116.37808909298246	23.714780418947374	0.0	0.0	2	1.0037330375286728	-10.887192156147389	230.0	24	1.05	0.95				
	214	2	85.19754446807019	17.127341413684213	0.0	0.0	2	1.0071575234299124	-9.30684657633806	230.0	26	1.05	0.95				
	215	2	139.21454431122808	28.106406422456143	0.0	0.0	2	1.0223926612528975	-2.4094096358196913	230.0	26	1.05	0.95				
	216	2	43.916260035087724	8.783252007017545	0.0	0.0	2	1.0239271435931576	-2.8717565826667855	230.0	26	1.05	0.95				
	217	1	0.0	0.0	0.0	0.0	2	1.0276124537402347	-0.7368906292551979	230.0	27	1.05	0.95				
	218	2	146.24114591684213	29.86305682385965	0.0	0.0	2	1.027020315347285	-1.3560638795332123	230.0	27	1.05	0.95				
	219	1	79.48843066350878	16.249016212982458	0.0	0.0	2	1.0255310405015166	-3.5113262218779773	230.0	25	1.05	0.95				
	220	1	56.212812844912285	11.418227609122807	0.0	0.0	2	1.0299495080114576	-3.207729488983143	230.0	25	1.05	0.95				
	221	2	0.0	0.0	0.0	0.0	2	1.0289679155063796	-0.8979738912158889	230.0	27	1.05	0.95				
	222	2	0.0	0.0	0.0	0.0	2	1.049999984670057	5.6561317164846425	230.0	27	1.05	0.95				
	223	2	0.0	0.0	0.0	0.0	2	1.0330403152794836	-2.708430818762068	230.0	25	1.05	0.95				
	224	1	0.0	0.0	0.0	0.0	2	1.0076271928977727	-6.093157543312281	230.0	26	1.05	0.95				
	301	2	66.16323947368421	13.477696929824562	0.0	0.0	3	1.0289993330224039	-16.471109953244515	138.0	31	1.05	0.95				
	302	2	59.42439100877193	12.252451754385966	0.0	0.0	3	1.023991480888741	-16.825131539994295	138.0	32	1.05	0.95				
	303	1	110.27206578947369	22.667035745614033	0.0	0.0	3	1.05	0.42563555958101007	138.0	31	1.05	0.95				
	304	1	45.334071491228066	9.189338815789473	0.0	0.0	3	1.0071731780423092	-14.925033015956144	138.0	31	1.05	0.95				
	305	1	43.49620372807017	8.576716228070175	0.0	0.0	3	1.027632785901359	-17.347453309094433	138.0	31	1.05	0.95				
	306	1	83.31667192982457	17.15343245614035	0.0	-100.0	3	1.0322544971336398	-18.530303597260662	138.0	32	1.05	0.95				
	307	2	76.57782346491227	15.315564692982456	0.0	0.0	3	0.9586744427176516	-19.969699343131815	138.0	32	1.05	0.95				
	308	1	104.75846250000001	21.44179057017544	0.0	0.0	3	0.9697312288621887	-19.253890673995013	138.0	32	1.05	0.95				
	309	1	107.2089528508772	22.054413157894736	0.0	0.0	3	1.0148794841858269	-10.8007473484004	138.0	33	1.05	0.95				
	310	1	119.46140460526316	24.504903508771932	0.0	0.0	3	1.041441694325018	-16.270025437455175	138.0	33	1.05	0.95				
	311	1	0.0	0.0	0.0	0.0	3	1.004047046479101	-10.830008447618862	230.0	33	1.05	0.95				
	312	1	0.0	0.0	0.0	0.0	3	1.0099481940760016	-9.70448158191548	230.0	33	1.05	0.95				
	313	2	162.34498574561403	33.08161973684211	0.0	0.0	3	1.008057224074206	-7.751050946306436	230.0	34	1.05	0.95				
	314	2	118.84878201754385	23.89228092105263	0.0	0.0	3	1.0034073176767686	-10.741645305489943	230.0	36	1.05	0.95				
	315	2	194.20136030701752	39.20784561403509	0.0	0.0	3	1.05	-6.61558905213107	230.0	36	1.05	0.95				
	316	2	61.26225877192982	12.252451754385966	0.0	0.0	3	1.0454354858652808	-6.9534256726708366	230.0	36	1.05	0.95				
	317	1	0.0	0.0	0.0	0.0	3	1.05	-3.4932182097887448	230.0	37	1.05	0.95				
	318	2	204.00332171052634	41.65833596491228	0.0	0.0	3	1.0456550080101985	-4.756719608646887	230.0	37	1.05	0.95				
	319	1	110.88468837719299	22.667035745614033	0.0	0.0	3	1.0380049044534316	-7.011015782848681	230.0	35	1.05	0.95				
	320	1	78.41569122807017	15.928187280701756	0.0	0.0	3	1.0365555859106306	-5.897130808766762	230.0	35	1.05	0.95				
	321	2	0.0	0.0	0.0	0.0	3	1.0468081974781376	-4.7960851312968025	230.0	37	1.05	0.95				
	322	2	0.0	0.0	0.0	0.0	3	1.05	0.058364497144392125	230.0	37	1.05	0.95				
	323	2	0.0	0.0	0.0	0.0	3	1.0375253809023899	-4.825012533294938	230.0	35	1.05	0.95				
	324	1	0.0	0.0	0.0	0.0	3	1.0473497202377218	-3.9214239669652384	230.0	36	1.05	0.95				
	325	1	0.0	0.0	0.0	0.0	3	1.0311876978530632	-3.183214840667328	230.0	35	1.05	0.95				
];
