%% MATPOWER Case Format : Version 2
function mpc = RTS_GMLC
mpc.version = '2';

%%-----  Power Flow Data  -----%%
%% system MVA base
mpc.baseMVA = 100.0;
%% bus data
%    bus_i    type    Pd    Qd    Gs    Bs    area    Vm    Va    baseKV    zone    Vmax    Vmin
mpc.bus = [
	101	2	47.57397328421053	9.690994557894737	0.0	0.0	1	1.0338759781882818	0.1774929178242321	138.0	11	1.05	0.95				
	102	2	42.72847600526316	8.809995052631582	0.0	0.0	1	1.0330554737855242	-0.07670902284817026	138.0	12	1.05	0.95				
	103	1	79.28995547368422	16.29849084736842	0.0	0.0	1	1.027618807517835	-1.1046260041287177	138.0	11	1.05	0.95				
	104	1	32.59698169473684	6.607496289473684	0.0	0.0	1	1.0211667790592258	-2.8996747983321	138.0	11	1.05	0.95				
	105	1	31.275482436842104	6.166996536842106	0.0	0.0	1	1.0360661527095378	-2.7215623479635833	138.0	11	1.05	0.95				
	106	1	59.90796635789475	12.333993073684212	0.0	-100.0	1	1.045263090038934	-4.829478336314728	138.0	12	1.05	0.95				
	107	2	55.06246907894737	11.012493815789474	0.0	0.0	1	1.0006775530869647	-11.500188595601534	138.0	12	1.05	0.95				
	108	1	75.32545770000002	15.417491342105263	0.0	0.0	1	1.003348047842304	-9.618860550537466	138.0	12	1.05	0.95				
	109	1	77.08745671052633	15.857991094736843	0.0	0.0	1	1.024565705151294	-3.422981961250857	138.0	13	1.05	0.95				
	110	1	85.89745176315789	17.619990105263163	0.0	0.0	1	1.05	-4.2726681471008705	138.0	13	1.05	0.95				
	111	1	0.0	0.0	0.0	0.0	1	1.003176076362467	-1.1145256205837992	230.0	13	1.05	0.95				
	112	1	0.0	0.0	0.0	0.0	1	1.0087895130818954	-0.8312830532624697	230.0	13	1.05	0.95				
	113	3	116.73243444736843	23.786986642105266	0.0	0.0	1	0.9990554409535498	-4.301249673603385e-28	230.0	14	1.05	0.95				
	114	2	85.45695201052632	17.17949035263158	0.0	0.0	1	0.9979908567098754	0.7870699883366596	230.0	16	1.05	0.95				
	115	2	139.63842158421053	28.19198416842105	0.0	0.0	1	1.0358257023522148	6.502177613789901	230.0	16	1.05	0.95				
	116	2	44.0499752631579	8.809995052631582	0.0	0.0	1	1.0307063032811237	6.0279066269581145	230.0	16	1.05	0.95				
	117	1	0.0	0.0	0.0	0.0	1	1.0399680121218249	8.310665657156097	230.0	17	1.05	0.95				
	118	2	146.6864176263158	29.953983178947375	0.0	0.0	1	1.0443620884278892	8.196557573246302	230.0	17	1.05	0.95				
	119	1	79.7304552263158	16.29849084736842	0.0	0.0	1	1.0240579730800943	4.730691658824242	230.0	15	1.05	0.95				
	120	1	56.3839683368421	11.452993568421054	0.0	0.0	1	1.0215581929581559	4.4582741826224686	230.0	15	1.05	0.95				
	121	2	0.0	0.0	0.0	0.0	1	1.05	9.098925272837985	230.0	17	1.05	0.95				
	122	2	0.0	0.0	0.0	0.0	1	1.05	18.342898569040393	230.0	17	1.05	0.95				
	123	2	0.0	0.0	0.0	0.0	1	1.0207751441814512	4.651051692343608	230.0	15	1.05	0.95				
	124	1	0.0	0.0	0.0	0.0	1	1.022978950985233	3.6509230012449816	230.0	16	1.05	0.95				
	201	2	50.829529338947374	10.35416338385965	0.0	0.0	2	1.0260659663302834	-13.203981232497796	138.0	21	1.05	0.95				
	202	2	45.652447647017546	9.412875803508774	0.0	0.0	2	1.0270897517648394	-13.035688735885392	138.0	22	1.05	0.95				
	203	1	84.71588223157896	17.41382023649123	0.0	0.0	2	1.016016781584408	-11.372318068911921	138.0	21	1.05	0.95				
	204	1	34.82764047298246	7.05965685263158	0.0	0.0	2	1.0170885428407348	-14.644241447866413	138.0	21	1.05	0.95				
	205	1	33.41570910245614	6.589013062456141	0.0	0.0	2	1.032222131468886	-15.02081999766517	138.0	21	1.05	0.95				
	206	1	64.00755546385966	13.178026124912282	0.0	-100.0	2	1.0434702105575444	-16.458817669029887	138.0	22	1.05	0.95				
	207	2	58.830473771929825	11.766094754385966	0.0	0.0	2	0.9920254359126376	-23.241746654616353	138.0	22	1.05	0.95				
	208	1	80.48008812	16.472532656140352	0.0	0.0	2	0.9963863763089693	-21.07292825325892	138.0	22	1.05	0.95				
	209	1	82.36266328070175	16.94317644631579	0.0	0.0	2	1.0224794861518733	-14.028999667750172	138.0	23	1.05	0.95				
	210	1	91.77553908421052	18.825751607017548	0.0	0.0	2	1.05	-15.355790751229216	138.0	23	1.05	0.95				
	211	1	0.0	0.0	0.0	0.0	2	1.0072320066376708	-11.091593188847797	230.0	23	1.05	0.95				
	212	1	0.0	0.0	0.0	0.0	2	1.0100941762938414	-10.58698662630633	230.0	23	1.05	0.95				
	213	2	124.72060439649123	25.414764669473687	0.0	0.0	2	1.0051060122227435	-10.17327504841107	230.0	24	1.05	0.95				
	214	2	91.30489529403509	18.355107816842107	0.0	0.0	2	1.0083900460723147	-8.20129154252897	230.0	26	1.05	0.95				
	215	2	149.19408148561405	30.12120257122807	0.0	0.0	2	1.0240589830540427	-0.7389538212824796	230.0	26	1.05	0.95				
	216	2	47.064379017543864	9.412875803508774	0.0	0.0	2	1.0247719358445666	-1.23343548859552	230.0	26	1.05	0.95				
	217	1	0.0	0.0	0.0	0.0	2	1.0298376527662592	1.5771811723312064	230.0	27	1.05	0.95				
	218	2	156.72438212842107	32.00377773192983	0.0	0.0	2	1.0306343190433291	1.6455092196071757	230.0	27	1.05	0.95				
	219	1	85.18652602175439	17.41382023649123	0.0	0.0	2	1.0252833340828191	-2.2775066412611102	230.0	25	1.05	0.95				
	220	1	60.24240514245614	12.236738544561405	0.0	0.0	2	1.029232026208283	-2.2638497703177007	230.0	25	1.05	0.95				
	221	2	0.0	0.0	0.0	0.0	2	1.0316725872365595	1.6304912630785011	230.0	27	1.05	0.95				
	222	2	0.0	0.0	0.0	0.0	2	1.05	8.103014489035004	230.0	27	1.05	0.95				
	223	2	0.0	0.0	0.0	0.0	2	1.0321545740862526	-1.899164702236681	230.0	25	1.05	0.95				
	224	1	0.0	0.0	0.0	0.0	2	1.0079888135092883	-4.731274895964755	230.0	26	1.05	0.95				
	301	2	68.19614045052631	13.891806388070174	0.0	0.0	3	1.039868298289054	-19.645268779199206	138.0	31	1.05	0.95				
	302	2	61.250237256491225	12.628914898245613	0.0	0.0	3	1.03661367818516	-20.02104533821242	138.0	32	1.05	0.95				
	303	1	113.66023408421053	23.363492561754384	0.0	0.0	3	1.05	-2.4115245806178076	138.0	31	1.05	0.95				
	304	1	46.72698512350877	9.47168617368421	0.0	0.0	3	1.0101102832367013	-17.974540499762334	138.0	31	1.05	0.95				
	305	1	44.83264788877192	8.84024042877193	0.0	0.0	3	1.0313694272117044	-20.376655786271584	138.0	31	1.05	0.95				
	306	1	85.87662130807018	17.68048085754386	0.0	-100.0	3	1.032355107651317	-21.504665593207367	138.0	32	1.05	0.95				
	307	2	78.93071811403509	15.786143622807018	0.0	0.0	3	0.9518134811020669	-20.0807557440875	138.0	32	1.05	0.95				
	308	1	107.97722237999999	22.10060107192982	0.0	0.0	3	0.9645562478003119	-20.647583220150953	138.0	32	1.05	0.95				
	309	1	110.50300535964912	22.732046816842104	0.0	0.0	3	1.0108447157657394	-13.621141276019346	138.0	33	1.05	0.95				
	310	1	123.13192025789472	25.257829796491226	0.0	0.0	3	1.038285229623039	-19.10132911540616	138.0	33	1.05	0.95				
	311	1	0.0	0.0	0.0	0.0	3	0.9978283450898187	-13.761058105515042	230.0	33	1.05	0.95				
	312	1	0.0	0.0	0.0	0.0	3	1.002102271175191	-12.584860893162647	230.0	33	1.05	0.95				
	313	2	167.33312240175437	34.09807022526316	0.0	0.0	3	0.9996698750725467	-10.207058630821647	230.0	34	1.05	0.95				
	314	2	122.50047451298245	24.62638405157895	0.0	0.0	3	0.996592260507751	-14.163613136227964	230.0	36	1.05	0.95				
	315	2	200.16830113719294	40.41252767438596	0.0	0.0	3	1.05	-10.489478237236929	230.0	36	1.05	0.95				
	316	2	63.14457449122807	12.628914898245613	0.0	0.0	3	1.042248950833306	-10.899970372822194	230.0	36	1.05	0.95				
	317	1	0.0	0.0	0.0	0.0	3	1.0461263913282297	-7.762461170822779	230.0	37	1.05	0.95				
	318	2	210.27143305578946	42.93831065403509	0.0	0.0	3	1.0423513314163515	-8.531340648599414	230.0	37	1.05	0.95				
	319	1	114.2916798291228	23.363492561754384	0.0	0.0	3	1.0283136548163059	-10.90955060011822	230.0	35	1.05	0.95				
	320	1	80.82505534877193	16.417589367719298	0.0	0.0	3	1.021548013360114	-9.691181835618432	230.0	35	1.05	0.95				
	321	2	0.0	0.0	0.0	0.0	3	1.0449118226822685	-8.62738675267819	230.0	37	1.05	0.95				
	322	2	0.0	0.0	0.0	0.0	3	1.05	-3.9539153924737653	230.0	37	1.05	0.95				
	323	2	0.0	0.0	0.0	0.0	3	1.0198003440317585	-8.525714293914625	230.0	35	1.05	0.95				
	324	1	0.0	0.0	0.0	0.0	3	1.0472517022436534	-7.400446564355008	230.0	36	1.05	0.95				
	325	1	0.0	0.0	0.0	0.0	3	1.0163787917051523	-7.032590722008361	230.0	35	1.05	0.95				
];
