%% MATPOWER Case Format : Version 2
function mpc = RTS_GMLC
mpc.version = '2';

%%-----  Power Flow Data  -----%%
%% system MVA base
mpc.baseMVA = 100.0;
%% bus data
%    bus_i    type    Pd    Qd    Gs    Bs    area    Vm    Va    baseKV    zone    Vmax    Vmin
mpc.bus = [
	101	2	39.357743684210526	8.017318157894737	0.0	0.0	1	1.0122785891657806	-3.9065522789463567	138.0	11	1.05	0.95				
	102	2	35.34908460526315	7.288471052631579	0.0	0.0	1	1.0122541362565551	-4.105709812733999	138.0	12	1.05	0.95				
	103	1	65.59623947368422	13.48367144736842	0.0	0.0	1	1.0019424659430631	0.7402391220948266	138.0	11	1.05	0.95				
	104	1	26.96734289473684	5.466353289473684	0.0	0.0	1	1.0034377269734525	-3.9237788465654084	138.0	11	1.05	0.95				
	105	1	25.874072236842103	5.101929736842106	0.0	0.0	1	1.0175902530454592	-4.906579144224543	138.0	11	1.05	0.95				
	106	1	49.56160315789474	10.203859473684211	0.0	-100.0	1	1.028729601592689	-5.921384140942582	138.0	12	1.05	0.95				
	107	2	45.55294407894736	9.110588815789473	0.0	0.0	1	0.9859090627102349	-9.265148580594007	138.0	12	1.05	0.95				
	108	1	62.316427499999996	12.75482434210526	0.0	0.0	1	0.9893561379115987	-8.149504030830194	138.0	12	1.05	0.95				
	109	1	63.77412171052631	13.11924789473684	0.0	0.0	1	1.0026789629765058	-2.9547850134470592	138.0	13	1.05	0.95				
	110	1	71.0625927631579	14.576942105263157	0.0	0.0	1	1.0313706269715186	-4.714533091370177	138.0	13	1.05	0.95				
	111	1	0.0	0.0	0.0	0.0	1	0.9807735963453215	-0.49774337954897585	230.0	13	1.05	0.95				
	112	1	0.0	0.0	0.0	0.0	1	0.9824784449067423	-1.291691150486066	230.0	13	1.05	0.95				
	113	3	96.57224144736841	19.678871842105263	0.0	0.0	1	0.9619990129535194	1.5333865018097412e-26	230.0	14	1.05	0.95				
	114	2	70.6981692105263	14.212518552631579	0.0	0.0	1	0.9881109893601312	2.563524740891218	230.0	16	1.05	0.95				
	115	2	115.52226618421054	23.323107368421052	0.0	0.0	1	0.9890588486576981	10.795205247601567	230.0	16	1.05	0.95				
	116	2	36.44235526315789	7.288471052631579	0.0	0.0	1	0.9878745282698648	9.403581299636594	230.0	16	1.05	0.95				
	117	1	0.0	0.0	0.0	0.0	1	0.9903428007639948	14.716618977167458	230.0	17	1.05	0.95				
	118	2	121.3530430263158	24.78080157894737	0.0	0.0	1	0.9974595057604188	15.157065117251971	230.0	17	1.05	0.95				
	119	1	65.96066302631579	13.48367144736842	0.0	0.0	1	0.9883294431457024	6.002668230226166	230.0	15	1.05	0.95				
	120	1	46.646214736842104	9.475012368421053	0.0	0.0	1	0.9929532072260161	3.457008288783445	230.0	15	1.05	0.95				
	121	2	0.0	0.0	0.0	0.0	1	0.9980404350024598	16.255412509379614	230.0	17	1.05	0.95				
	122	2	0.0	0.0	0.0	0.0	1	1.0058243845636397	32.90050034305916	230.0	17	1.05	0.95				
	123	2	0.0	0.0	0.0	0.0	1	0.9962932868353555	2.3645498362430057	230.0	15	1.05	0.95				
	124	1	0.0	0.0	0.0	0.0	1	0.9819379210412199	6.939868911400742	230.0	16	1.05	0.95				
	201	2	40.782622395789474	8.307571228771929	0.0	0.0	2	1.0107511128728504	-10.44143897432572	138.0	21	1.05	0.95				
	202	2	36.62883678140351	7.552337480701754	0.0	0.0	2	1.009695405118055	-10.603629986986341	138.0	22	1.05	0.95				
	203	1	67.97103732631578	13.971824339298244	0.0	0.0	2	0.9976938376905591	-7.921990456267841	138.0	21	1.05	0.95				
	204	1	27.94364867859649	5.664253110526316	0.0	0.0	2	1.0020356510807156	-9.708810196015078	138.0	21	1.05	0.95				
	205	1	26.810798056491226	5.286636236491228	0.0	0.0	2	1.018087086545954	-10.051301608668668	138.0	21	1.05	0.95				
	206	1	51.355894868771934	10.573272472982456	0.0	-100.0	2	1.0304285450619155	-10.31688066957754	138.0	22	1.05	0.95				
	207	2	47.20210925438596	9.440421850877193	0.0	0.0	2	0.9717407681534935	-14.741633234467157	138.0	22	1.05	0.95				
	208	1	64.57248546	13.21659059122807	0.0	0.0	2	0.98171028323037	-13.039049898836543	138.0	22	1.05	0.95				
	209	1	66.08295295614035	13.594207465263155	0.0	0.0	2	1.006883588127523	-7.362258798883712	138.0	23	1.05	0.95				
	210	1	73.6352904368421	15.104674961403507	0.0	0.0	2	1.0346736920188209	-8.409642137861175	138.0	23	1.05	0.95				
	211	1	0.0	0.0	0.0	0.0	2	0.9864722324216952	-5.195948063630227	230.0	23	1.05	0.95				
	212	1	0.0	0.0	0.0	0.0	2	0.9893892312142445	-0.8521921884430634	230.0	23	1.05	0.95				
	213	2	100.06847161929824	20.391311197894737	0.0	0.0	2	0.9821415270149925	-2.8810957522865275	230.0	24	1.05	0.95				
	214	2	73.25767356280701	14.727058087368421	0.0	0.0	2	0.9809751918387107	-4.378632803677777	230.0	26	1.05	0.95				
	215	2	119.7045490691228	24.167479938245613	0.0	0.0	2	0.9901952423150251	-0.5105888615856399	230.0	26	1.05	0.95				
	216	2	37.76168740350877	7.552337480701754	0.0	0.0	2	0.9883355804378204	-0.7439117542125409	230.0	26	1.05	0.95				
	217	1	0.0	0.0	0.0	0.0	2	0.9986688256754023	0.22626899877297513	230.0	27	1.05	0.95				
	218	2	125.7464190536842	25.677947434385967	0.0	0.0	2	0.9995315265654505	-0.27060441341559716	230.0	27	1.05	0.95				
	219	1	68.34865420035088	13.971824339298244	0.0	0.0	2	0.9826802552120373	-0.0062297778088394274	230.0	25	1.05	0.95				
	220	1	48.334959876491226	9.81803872491228	0.0	0.0	2	0.9805626895246295	1.4459743837368153	230.0	25	1.05	0.95				
	221	2	0.0	0.0	0.0	0.0	2	1.0017616581310462	0.21280838208221867	230.0	27	1.05	0.95				
	222	2	0.0	0.0	0.0	0.0	2	1.0190764872929063	4.8603420874047325	230.0	27	1.05	0.95				
	223	2	0.0	0.0	0.0	0.0	2	0.9803606819349387	2.5675364616288583	230.0	25	1.05	0.95				
	224	1	0.0	0.0	0.0	0.0	2	0.9838701548661264	-3.3384291919911613	230.0	26	1.05	0.95				
	301	2	53.74375196210527	10.947801325614035	0.0	0.0	3	1.0089566157318222	15.964356573474687	138.0	31	1.05	0.95				
	302	2	48.269851299298246	9.952546659649125	0.0	0.0	3	1.0091319089197999	15.779303906618477	138.0	32	1.05	0.95				
	303	1	89.57291993684211	18.412211320350877	0.0	0.0	3	1.010809208164559	24.08161448521913	138.0	31	1.05	0.95				
	304	1	36.824422640701755	7.464409994736842	0.0	0.0	3	1.0002673263741582	17.42351509912912	138.0	31	1.05	0.95				
	305	1	35.33154064175438	6.966782661754387	0.0	0.0	3	1.0160727781510333	16.520654593851265	138.0	31	1.05	0.95				
	306	1	67.67731728561404	13.933565323508773	0.0	-100.0	3	1.0279200139770732	16.244293885788903	138.0	32	1.05	0.95				
	307	2	62.20341662280702	12.440683324561403	0.0	0.0	3	0.9683005224155604	13.189955346199481	138.0	32	1.05	0.95				
	308	1	85.09427394	17.416956654385967	0.0	0.0	3	0.98221487378891	15.432264713864404	138.0	32	1.05	0.95				
	309	1	87.08478327192982	17.91458398736842	0.0	0.0	3	1.009653099144367	20.876900049590535	138.0	33	1.05	0.95				
	310	1	97.03732993157894	19.90509331929825	0.0	0.0	3	1.0362091891544474	18.71648676583198	138.0	33	1.05	0.95				
	311	1	0.0	0.0	0.0	0.0	3	0.9890970785938078	23.79595972937995	230.0	33	1.05	0.95				
	312	1	0.0	0.0	0.0	0.0	3	0.99791716783541	23.935160444764858	230.0	33	1.05	0.95				
	313	2	131.87124324035088	26.871875981052636	0.0	0.0	3	0.9982683900479964	27.496495158051562	230.0	34	1.05	0.95				
	314	2	96.53970259859649	19.407465986315792	0.0	0.0	3	0.9772666850661635	24.689893255864437	230.0	36	1.05	0.95				
	315	2	157.74786455543858	31.848149310877194	0.0	0.0	3	0.9818585880280956	24.130151998962134	230.0	36	1.05	0.95				
	316	2	49.762733298245614	9.952546659649125	0.0	0.0	3	0.9701246336502884	24.963287700442176	230.0	36	1.05	0.95				
	317	1	0.0	0.0	0.0	0.0	3	0.9890272823894096	27.947999555954414	230.0	37	1.05	0.95				
	318	2	165.7099018831579	33.83865864280702	0.0	0.0	3	0.985189213470157	24.197952231179766	230.0	37	1.05	0.95				
	319	1	90.07054726982456	18.412211320350877	0.0	0.0	3	0.981224935269242	24.654253589063877	230.0	35	1.05	0.95				
	320	1	63.69629862175439	12.93831065754386	0.0	0.0	3	0.9920620310538328	24.138513905381643	230.0	35	1.05	0.95				
	321	2	0.0	0.0	0.0	0.0	3	0.9918857630391033	24.644720996884672	230.0	37	1.05	0.95				
	322	2	0.0	0.0	0.0	0.0	3	1.0085893043046332	28.653326488348196	230.0	37	1.05	0.95				
	323	2	0.0	0.0	0.0	0.0	3	0.9978791350482451	23.785689690559074	230.0	35	1.05	0.95				
	324	1	0.0	0.0	0.0	0.0	3	0.9908747401790846	25.475273510979406	230.0	36	1.05	0.95				
