%% MATPOWER Case Format : Version 2
function mpc = RTS_GMLC
mpc.version = '2';

%%-----  Power Flow Data  -----%%
%% system MVA base
mpc.baseMVA = 100.0;
%% bus data
%    bus_i    type    Pd    Qd    Gs    Bs    area    Vm    Va    baseKV    zone    Vmax    Vmin
mpc.bus = [
	101	2	38.395843654736844	7.821375559298245	0.0	0.0	1	1.0143604261954173	-3.345961334704104	138.0	11	1.05	0.95				
	102	2	34.48515587508772	7.11034141754386	0.0	0.0	1	1.0142137102275515	-3.5414351931808037	138.0	12	1.05	0.95				
	103	1	63.993072757894744	13.15413162245614	0.0	0.0	1	1.003436975556106	0.15036458986383086	138.0	11	1.05	0.95				
	104	1	26.30826324491228	5.332756063157895	0.0	0.0	1	1.005202726664779	-3.6211136173968685	138.0	11	1.05	0.95				
	105	1	25.2417120322807	4.977238992280702	0.0	0.0	1	1.0187234704603103	-4.576134256413455	138.0	11	1.05	0.95				
	106	1	48.35032163929825	9.954477984561404	0.0	-100.0	1	1.0293596924494746	-5.708169823319666	138.0	12	1.05	0.95				
	107	2	44.43963385964912	8.887926771929825	0.0	0.0	1	0.9855577825903368	-8.97577701209608	138.0	12	1.05	0.95				
	108	1	60.79341912	12.443097480701754	0.0	0.0	1	0.9896310950696564	-7.965735225959079	138.0	12	1.05	0.95				
	109	1	62.215487403508774	12.798614551578947	0.0	0.0	1	1.0030997296871713	-3.0714711025544847	138.0	13	1.05	0.95				
	110	1	69.32582882105262	14.22068283508772	0.0	0.0	1	1.0313243188896304	-4.650562241871078	138.0	13	1.05	0.95				
	111	1	0.0	0.0	0.0	0.0	1	0.9798145787064299	-0.8835556554558095	230.0	13	1.05	0.95				
	112	1	0.0	0.0	0.0	0.0	1	0.9820205668270398	-1.4053506274862497	230.0	13	1.05	0.95				
	113	3	94.21202378245613	19.197921827368422	0.0	0.0	1	0.9610220577764049	4.435966991844074e-29	230.0	14	1.05	0.95				
	114	2	68.97031175017544	13.865165764210527	0.0	0.0	1	0.9846067315001976	1.502485308903077	230.0	16	1.05	0.95				
	115	2	112.69891146807016	22.75309253614035	0.0	0.0	1	0.9882783812319937	8.483197228826514	230.0	16	1.05	0.95				
	116	2	35.5517070877193	7.11034141754386	0.0	0.0	1	0.9879478733138657	7.289399804467765	230.0	16	1.05	0.95				
	117	1	0.0	0.0	0.0	0.0	1	0.9927161108642972	11.589058569657126	230.0	17	1.05	0.95				
	118	2	118.38718460210526	24.175160819649125	0.0	0.0	1	0.996077485227564	12.151885180523317	230.0	17	1.05	0.95				
	119	1	64.34858982877194	13.15413162245614	0.0	0.0	1	0.9885002707363227	4.599016353679238	230.0	15	1.05	0.95				
	120	1	45.5061850722807	9.243443842807016	0.0	0.0	1	0.9920445973512291	2.62803613485997	230.0	15	1.05	0.95				
	121	2	0.0	0.0	0.0	0.0	1	0.9959958110600238	13.312568563504513	230.0	17	1.05	0.95				
	122	2	0.0	0.0	0.0	0.0	1	1.0143927355828921	24.56685419165893	230.0	17	1.05	0.95				
	123	2	0.0	0.0	0.0	0.0	1	0.9945085877943556	1.8414712507709157	230.0	15	1.05	0.95				
	124	1	0.0	0.0	0.0	0.0	1	0.9839187656798549	5.277638902353876	230.0	16	1.05	0.95				
	201	2	41.05461986526316	8.362978120701756	0.0	0.0	2	1.0114468176660656	-9.960225760862276	138.0	21	1.05	0.95				
	202	2	36.87313080491228	7.602707382456142	0.0	0.0	2	1.010283657439541	-10.154493529529566	138.0	22	1.05	0.95				
	203	1	68.42436644210527	14.06500865754386	0.0	0.0	2	0.9976702037511909	-7.497312063338425	138.0	21	1.05	0.95				
	204	1	28.13001731508772	5.702030536842105	0.0	0.0	2	1.0023675283036708	-9.405312112659322	138.0	21	1.05	0.95				
	205	1	26.9896112077193	5.321895167719299	0.0	0.0	2	1.0185804138255965	-9.722589443486141	138.0	21	1.05	0.95				
	206	1	51.69841020070176	10.643790335438599	0.0	-100.0	2	1.0307030487574704	-10.079660623336489	138.0	22	1.05	0.95				
	207	2	47.51692114035088	9.503384228070177	0.0	0.0	2	0.9716758419862801	-14.60135129763027	138.0	22	1.05	0.95				
	208	1	65.00314811999999	13.304737919298246	0.0	0.0	2	0.981647736737515	-12.886139598357683	138.0	22	1.05	0.95				
	209	1	66.52368959649124	13.684873288421054	0.0	0.0	2	1.006982808218358	-7.1683679218223615	138.0	23	1.05	0.95				
	210	1	74.12639697894737	15.205414764912284	0.0	0.0	2	1.0349275910364082	-8.227943244087173	138.0	23	1.05	0.95				
	211	1	0.0	0.0	0.0	0.0	2	0.9864938271069764	-4.984373618572656	230.0	23	1.05	0.95				
	212	1	0.0	0.0	0.0	0.0	2	0.9900724278579337	-0.8871157883145769	230.0	23	1.05	0.95				
	213	2	100.73587281754386	20.52730993263158	0.0	0.0	2	0.9826009923641699	-2.8191632480660886	230.0	24	1.05	0.95				
	214	2	73.74626160982456	14.825279395789476	0.0	0.0	2	0.9804645118050321	-4.011077298837724	230.0	26	1.05	0.95				
	215	2	120.50291201192982	24.32866362385965	0.0	0.0	2	0.9897568060412029	0.2863882754756633	230.0	26	1.05	0.95				
	216	2	38.013536912280706	7.602707382456142	0.0	0.0	2	0.987981402484623	-0.14296485414185953	230.0	26	1.05	0.95				
	217	1	0.0	0.0	0.0	0.0	2	0.9976717927054891	0.9354279334169211	230.0	27	1.05	0.95				
	218	2	126.58507791789475	25.84920510035088	0.0	0.0	2	0.9984439940601915	0.5590970811565004	230.0	27	1.05	0.95				
	219	1	68.80450181122808	14.06500865754386	0.0	0.0	2	0.9833275745907856	0.3221424485843182	230.0	25	1.05	0.95				
	220	1	48.6573272477193	9.883519597192983	0.0	0.0	2	0.9819917665660796	1.5386696464806902	230.0	25	1.05	0.95				
	221	2	0.0	0.0	0.0	0.0	2	1.0006811121630865	1.1609588294549753	230.0	27	1.05	0.95				
	222	2	0.0	0.0	0.0	0.0	2	1.0187760155069467	6.824281723237229	230.0	27	1.05	0.95				
	223	2	0.0	0.0	0.0	0.0	2	0.9821105642546906	2.530179286127164	230.0	25	1.05	0.95				
	224	1	0.0	0.0	0.0	0.0	2	0.9832238754595376	-2.6847084502405916	230.0	26	1.05	0.95				
	301	2	48.909205932631586	9.962986393684211	0.0	0.0	3	1.0115898753679287	22.38980412780343	138.0	31	1.05	0.95				
	302	2	43.92771273578948	9.057260357894737	0.0	0.0	3	1.0117662162379215	22.300687890849012	138.0	32	1.05	0.95				
	303	1	81.51534322105263	16.755931662105265	0.0	0.0	3	1.0081610090000828	27.900741518359858	138.0	31	1.05	0.95				
	304	1	33.51186332421053	6.792945268421052	0.0	0.0	3	1.004751748858265	24.273234116524428	138.0	31	1.05	0.95				
	305	1	32.15327427052632	6.340082250526318	0.0	0.0	3	1.0194330244342187	23.133775600699245	138.0	31	1.05	0.95				
	306	1	61.58937043368422	12.680164501052635	0.0	-100.0	3	1.032124282013556	23.018311783184416	138.0	32	1.05	0.95				
	307	2	56.60787723684211	11.321575447368422	0.0	0.0	3	0.9684571563183526	21.11199225101406	138.0	32	1.05	0.95				
	308	1	77.43957606000001	15.85020562631579	0.0	0.0	3	0.9859725940057402	23.068683419704463	138.0	32	1.05	0.95				
	309	1	79.25102813157895	16.303068644210526	0.0	0.0	3	1.0142004441323413	27.79041438695164	138.0	33	1.05	0.95				
	310	1	88.30828848947368	18.114520715789475	0.0	0.0	3	1.0390858665575495	25.36551377100287	138.0	33	1.05	0.95				
	311	1	0.0	0.0	0.0	0.0	3	0.9891373058118226	29.502800046633013	230.0	33	1.05	0.95				
	312	1	0.0	0.0	0.0	0.0	3	0.9980761259055839	29.845998352448436	230.0	33	1.05	0.95				
	313	2	120.00869974210526	24.454602966315793	0.0	0.0	3	0.9966570193304126	33.77340159649019	230.0	34	1.05	0.95				
	314	2	87.85542547157895	17.66165769789474	0.0	0.0	3	0.9729049504871757	28.83088725014566	230.0	36	1.05	0.95				
	315	2	143.55757667263157	28.98323314526316	0.0	0.0	3	0.9795435112502633	24.4934582671934	230.0	36	1.05	0.95				
	316	2	45.28630178947369	9.057260357894737	0.0	0.0	3	0.9663775940084463	25.4342614298259	230.0	36	1.05	0.95				
	317	1	0.0	0.0	0.0	0.0	3	0.9846140255097147	25.503247506160623	230.0	37	1.05	0.95				
	318	2	150.8033849589474	30.79468521684211	0.0	0.0	3	0.9845843152282937	22.751487186101404	230.0	37	1.05	0.95				
	319	1	81.96820623894737	16.755931662105265	0.0	0.0	3	0.9763464872417329	26.388867179336014	230.0	35	1.05	0.95				
	320	1	57.96646629052632	11.77443846526316	0.0	0.0	3	0.9852036986435153	26.6419196623986	230.0	35	1.05	0.95				
	321	2	0.0	0.0	0.0	0.0	3	0.9907280842937102	23.871484934481394	230.0	37	1.05	0.95				
	322	2	0.0	0.0	0.0	0.0	3	1.007807695697802	28.270364069643538	230.0	37	1.05	0.95				
	323	2	0.0	0.0	0.0	0.0	3	0.9894404760302183	26.525569555622493	230.0	35	1.05	0.95				
	324	1	0.0	0.0	0.0	0.0	3	0.9899719230620472	27.529549116181187	230.0	36	1.05	0.95				
	325	1	0.0	0.0	0.0	0.0	3	0.9909571217851086	25.409744203154446	230.0	35	1.05	0.95				
];
