%% MATPOWER Case Format : Version 2
function mpc = RTS_GMLC
mpc.version = '2';

%%-----  Power Flow Data  -----%%
%% system MVA base
mpc.baseMVA = 100.0;
%% bus data
%    bus_i    type    Pd    Qd    Gs    Bs    area    Vm    Va    baseKV    zone    Vmax    Vmin
mpc.bus = [
	101	2	52.78426522105264	10.752350322807018	0.0	0.0	1	1.0409071971049786	3.2167267356477716	138.0	11	1.05	0.95				
	102	2	47.408090059649126	9.774863929824562	0.0	0.0	1	1.040414923333653	3.0750725534241505	138.0	12	1.05	0.95				
	103	1	87.97377536842106	18.08349827017544	0.0	0.0	1	1.027457719671259	-0.5838051895734727	138.0	11	1.05	0.95				
	104	1	36.16699654035088	7.331147947368422	0.0	0.0	1	1.0246299912562247	-0.5509241623809552	138.0	11	1.05	0.95				
	105	1	34.700766950877195	6.842404750877194	0.0	0.0	1	1.0384592237919958	-0.40470662536190555	138.0	11	1.05	0.95				
	106	1	66.46907472280704	13.684809501754389	0.0	-100.0	1	1.0451019761887292	-2.9244033475628517	138.0	12	1.05	0.95				
	107	2	61.09289956140351	12.218579912280703	0.0	0.0	1	1.013385187430992	-4.38542807494327	138.0	12	1.05	0.95				
	108	1	83.5750866	17.106011877192984	0.0	0.0	1	1.0115756443269797	-5.045367013612455	138.0	12	1.05	0.95				
	109	1	85.53005938596492	17.59475507368421	0.0	0.0	1	1.0254154890585356	-2.001668308432314	138.0	13	1.05	0.95				
	110	1	95.30492331578948	19.549727859649124	0.0	0.0	1	1.05	-2.5692384950258824	138.0	13	1.05	0.95				
	111	1	0.0	0.0	0.0	0.0	1	1.004150790357972	-0.6561330941608934	230.0	13	1.05	0.95				
	112	1	0.0	0.0	0.0	0.0	1	1.0097291988199428	0.20183472167898328	230.0	13	1.05	0.95				
	113	3	129.51694707017543	26.39213261052632	0.0	0.0	1	0.9970925324939844	1.3485715139265824e-29	230.0	14	1.05	0.95				
	114	2	94.81618011929825	19.060984663157896	0.0	0.0	1	0.9989777308857162	0.5220312969441553	230.0	16	1.05	0.95				
	115	2	154.9315932877193	31.279564575438602	0.0	0.0	1	1.038628547352211	5.020272834076285	230.0	16	1.05	0.95				
	116	2	48.87431964912281	9.774863929824562	0.0	0.0	1	1.0341270497553243	5.052001896998444	230.0	16	1.05	0.95				
	117	1	0.0	0.0	0.0	0.0	1	1.042466396869099	6.203773044249548	230.0	17	1.05	0.95				
	118	2	162.75148443157897	33.23453736140352	0.0	0.0	1	1.0450050510035662	5.913938807700761	230.0	17	1.05	0.95				
	119	1	88.46251856491229	18.08349827017544	0.0	0.0	1	1.0281756618508764	4.870517454573102	230.0	15	1.05	0.95				
	120	1	62.559129150877204	12.70732310877193	0.0	0.0	1	1.0265796519971928	5.661419851910824	230.0	15	1.05	0.95				
	121	2	0.0	0.0	0.0	0.0	1	1.05	6.755743359651067	230.0	17	1.05	0.95				
	122	2	0.0	0.0	0.0	0.0	1	1.05	13.049527349562519	230.0	17	1.05	0.95				
	123	2	0.0	0.0	0.0	0.0	1	1.0267638829981447	6.472936183150142	230.0	15	1.05	0.95				
	124	1	0.0	0.0	0.0	0.0	1	1.0265483333691094	2.933196701773164	230.0	16	1.05	0.95				
	201	2	48.43255153263157	9.865890127017543	0.0	0.0	2	1.0306555373955237	-4.422242385399475	138.0	21	1.05	0.95				
	202	2	43.499606469122796	8.968991024561403	0.0	0.0	2	1.0310297631171756	-4.392054435081451	138.0	22	1.05	0.95				
	203	1	80.72091922105263	16.592633395438593	0.0	0.0	2	1.0225351441175243	-4.445609089541682	138.0	21	1.05	0.95				
	204	1	33.185266790877186	6.726743268421051	0.0	0.0	2	1.0196960932299592	-6.810277787545588	138.0	21	1.05	0.95				
	205	1	31.83991813719298	6.278293717192983	0.0	0.0	2	1.0345744500917269	-6.9082276481384035	138.0	21	1.05	0.95				
	206	1	60.98913896701754	12.556587434385966	0.0	-100.0	2	1.0447286012335035	-8.72669110730147	138.0	22	1.05	0.95				
	207	2	56.05619390350876	11.211238780701754	0.0	0.0	2	0.9885430317772531	-15.538844588637003	138.0	22	1.05	0.95				
	208	1	76.68487325999999	15.695734292982452	0.0	0.0	2	0.9955723082273232	-13.507415930685758	138.0	22	1.05	0.95				
	209	1	78.47867146491228	16.144183844210524	0.0	0.0	2	1.0235386320703475	-6.961737985635153	138.0	23	1.05	0.95				
	210	1	87.44766248947367	17.937982049122805	0.0	0.0	2	1.05	-8.003838063907155	138.0	23	1.05	0.95				
	211	1	0.0	0.0	0.0	0.0	2	1.005836073600313	-4.483564221931422	230.0	23	1.05	0.95				
	212	1	0.0	0.0	0.0	0.0	2	1.0103532076834374	-4.0756880668968645	230.0	23	1.05	0.95				
	213	2	118.83913107543857	24.216275766315785	0.0	0.0	2	0.9992606133887223	-3.804031124557661	230.0	24	1.05	0.95				
	214	2	86.99921293824559	17.489532497894736	0.0	0.0	2	1.0069296840743391	-1.9700665893262337	230.0	26	1.05	0.95				
	215	2	142.15850773929824	28.700771278596488	0.0	0.0	2	1.029937089342074	4.333883213200448	230.0	26	1.05	0.95				
	216	2	44.844955122807015	8.968991024561403	0.0	0.0	2	1.0314384109561203	4.244720262074291	230.0	26	1.05	0.95				
	217	1	0.0	0.0	0.0	0.0	2	1.0369224995315847	6.982470135822953	230.0	27	1.05	0.95				
	218	2	149.33370055894736	30.49456948350877	0.0	0.0	2	1.0389694884768854	7.664623766682176	230.0	27	1.05	0.95				
	219	1	81.16936877228069	16.592633395438593	0.0	0.0	2	1.0309868178094563	3.1169658367222275	230.0	25	1.05	0.95				
	220	1	57.401542557192975	11.659688331929823	0.0	0.0	2	1.0338347328346618	3.004971415330894	230.0	25	1.05	0.95				
	221	2	0.0	0.0	0.0	0.0	2	1.0384793899826221	7.30402315100476	230.0	27	1.05	0.95				
	222	2	0.0	0.0	0.0	0.0	2	1.05	13.678326860215574	230.0	27	1.05	0.95				
	223	2	0.0	0.0	0.0	0.0	2	1.0360105017558408	3.2820981650445975	230.0	25	1.05	0.95				
	224	1	0.0	0.0	0.0	0.0	2	1.0162032066130142	1.0376723006890889	230.0	26	1.05	0.95				
	301	2	53.41917114947369	10.881683011929825	0.0	0.0	3	1.0078613038480937	-27.819382073493987	138.0	31	1.05	0.95				
	302	2	47.97832964350877	9.892439101754386	0.0	0.0	3	1.0072867562118393	-27.95413649561493	138.0	32	1.05	0.95				
	303	1	89.03195191578948	18.301012338245613	0.0	0.0	3	1.0248818784448936	-21.193795734460426	138.0	31	1.05	0.95				
	304	1	36.602024676491226	7.419329326315789	0.0	0.0	3	1.009048521423923	-26.284108396560157	138.0	31	1.05	0.95				
	305	1	35.11815881122807	6.92470737122807	0.0	0.0	3	1.0223611358391265	-27.196705646972774	138.0	31	1.05	0.95				
	306	1	67.26858589192982	13.84941474245614	0.0	-100.0	3	1.0383164615198908	-27.41961232832368	138.0	32	1.05	0.95				
	307	2	61.82774438596491	12.365548877192982	0.0	0.0	3	0.9926284963661285	-32.932839989222074	138.0	32	1.05	0.95				
	308	1	84.58035432	17.311768428070174	0.0	0.0	3	0.9966126920046222	-30.64570719520183	138.0	32	1.05	0.95				
	309	1	86.55884214035088	17.806390383157893	0.0	0.0	3	1.0268151596846782	-22.89943706694278	138.0	33	1.05	0.95				
	310	1	96.45128124210525	19.78487820350877	0.0	0.0	3	1.05	-24.984351332053343	138.0	33	1.05	0.95				
	311	1	0.0	0.0	0.0	0.0	3	1.013187481676192	-18.42005256378698	230.0	33	1.05	0.95				
	312	1	0.0	0.0	0.0	0.0	3	1.0140908883030766	-17.970779472244246	230.0	33	1.05	0.95				
	313	2	131.0748180982456	26.709585574736845	0.0	0.0	3	1.0167268506915943	-14.893493336022832	230.0	34	1.05	0.95				
	314	2	95.95665928701754	19.290256248421052	0.0	0.0	3	1.0207833723981534	-15.958691047149035	230.0	36	1.05	0.95				
	315	2	156.795159762807	31.655805125614034	0.0	0.0	3	1.0447801412091737	-9.8785810191928	230.0	36	1.05	0.95				
	316	2	49.46219550877193	9.892439101754386	0.0	0.0	3	1.043480859407846	-9.542434708472232	230.0	36	1.05	0.95				
	317	1	0.0	0.0	0.0	0.0	3	1.0465768931351798	-7.299406605364194	230.0	37	1.05	0.95				
	318	2	164.70911104421054	33.63429294596491	0.0	0.0	3	1.04701776102556	-6.7446327248754026	230.0	37	1.05	0.95				
	319	1	89.52657387087719	18.301012338245613	0.0	0.0	3	1.039122509244718	-10.708310236000578	230.0	35	1.05	0.95				
	320	1	63.31161025122807	12.860170832280701	0.0	0.0	3	1.0390647795700694	-10.785428446855331	230.0	35	1.05	0.95				
	321	2	0.0	0.0	0.0	0.0	3	1.0494726208080292	-6.320199716645274	230.0	37	1.05	0.95				
	322	2	0.0	0.0	0.0	0.0	3	1.05	-2.3620978357558333	230.0	37	1.05	0.95				
	323	2	0.0	0.0	0.0	0.0	3	1.0398428782293179	-10.457695596366383	230.0	35	1.05	0.95				
	324	1	0.0	0.0	0.0	0.0	3	1.023149703456296	-14.080271850606403	230.0	36	1.05	0.95				
	325	1	0.0	0.0	0.0	0.0	3	1.0349883814702772	-9.034195653447243	230.0	35	1.05	0.95				
];
