%% MATPOWER Case Format : Version 2
function mpc = RTS_GMLC
mpc.version = '2';

%%-----  Power Flow Data  -----%%
%% system MVA base
mpc.baseMVA = 100.0;
%% bus data
%    bus_i    type    Pd    Qd    Gs    Bs    area    Vm    Va    baseKV    zone    Vmax    Vmin
mpc.bus = [
	101	2	47.85452746105263	9.748144482807017	0.0	0.0	1	1.0322020977054767	1.4142788446615238	138.0	11	1.05	0.95				
	102	2	42.98045521964912	8.861949529824562	0.0	0.0	1	1.0312559367996958	1.137103722029231	138.0	12	1.05	0.95				
	103	1	79.75754576842104	16.39460663017544	0.0	0.0	1	1.029320711825201	0.6643783178483854	138.0	11	1.05	0.95				
	104	1	32.78921326035088	6.64646214736842	0.0	0.0	1	1.0204321644258756	-1.7042245147192554	138.0	11	1.05	0.95				
	105	1	31.45992083087719	6.2033646708771935	0.0	0.0	1	1.0351132706931037	-1.5756023844933222	138.0	11	1.05	0.95				
	106	1	60.26125680280702	12.406729341754387	0.0	-100.0	1	1.0446959823380677	-3.7387741381052844	138.0	12	1.05	0.95				
	107	2	55.3871845614035	11.077436912280701	0.0	0.0	1	1.0002515712328643	-9.287895364314391	138.0	12	1.05	0.95				
	108	1	75.76966847999999	15.508411677192981	0.0	0.0	1	1.0036582465964348	-7.881983562658761	138.0	12	1.05	0.95				
	109	1	77.5420583859649	15.95150915368421	0.0	0.0	1	1.024818621857971	-2.226838208038629	138.0	13	1.05	0.95				
	110	1	86.40400791578948	17.723899059649124	0.0	0.0	1	1.05	-3.205080558829934	138.0	13	1.05	0.95				
	111	1	0.0	0.0	0.0	0.0	1	1.005203716425038	-0.15903722249172297	230.0	13	1.05	0.95				
	112	1	0.0	0.0	0.0	0.0	1	1.0092205827751308	-0.05143670021139237	230.0	13	1.05	0.95				
	113	3	117.42083127017541	23.927263730526317	0.0	0.0	1	0.997517485004467	-3.833473975512128e-28	230.0	14	1.05	0.95				
	114	2	85.96091043929825	17.280801583157896	0.0	0.0	1	1.0047941493995989	2.375613796748528	230.0	16	1.05	0.95				
	115	2	140.46190004771927	28.3582384954386	0.0	0.0	1	1.0409936736709613	9.262724078461513	230.0	16	1.05	0.95				
	116	2	44.309747649122805	8.861949529824562	0.0	0.0	1	1.0369335032856244	8.505578028294044	230.0	16	1.05	0.95				
	117	1	0.0	0.0	0.0	0.0	1	1.043021415046681	11.258293016406391	230.0	17	1.05	0.95				
	118	2	147.55145967157895	30.13062840140351	0.0	0.0	1	1.0465290676925068	11.374534149610392	230.0	17	1.05	0.95				
	119	1	80.20064324491229	16.39460663017544	0.0	0.0	1	1.0292081341017503	6.796600446567292	230.0	15	1.05	0.95				
	120	1	56.7164769908772	11.52053438877193	0.0	0.0	1	1.0260245854193064	6.157612635734088	230.0	15	1.05	0.95				
	121	2	0.0	0.0	0.0	0.0	1	1.05	12.499204922675753	230.0	17	1.05	0.95				
	122	2	0.0	0.0	0.0	0.0	1	1.05	21.522018675397423	230.0	17	1.05	0.95				
	123	2	0.0	0.0	0.0	0.0	1	1.0248441756777051	6.146888435904994	230.0	15	1.05	0.95				
	124	1	0.0	0.0	0.0	0.0	1	1.0257415979206268	6.049160982742423	230.0	16	1.05	0.95				
	201	2	48.109554530526324	9.800094441403509	0.0	0.0	2	1.0255795355225	-8.658802164771252	138.0	21	1.05	0.95				
	202	2	43.209507309824566	8.909176764912281	0.0	0.0	2	1.0265753905954604	-8.459851248574255	138.0	22	1.05	0.95				
	203	1	80.18259088421054	16.481977015087722	0.0	0.0	2	1.0171641779906164	-7.94815722613218	138.0	21	1.05	0.95				
	204	1	32.963954030175444	6.68188257368421	0.0	0.0	2	1.0176922443387382	-10.101266265603366	138.0	21	1.05	0.95				
	205	1	31.6275775154386	6.236423735438597	0.0	0.0	2	1.0323467959259234	-10.373028830798031	138.0	21	1.05	0.95				
	206	1	60.582402001403516	12.472847470877195	0.0	-100.0	2	1.044097317025737	-11.728870154932185	138.0	22	1.05	0.95				
	207	2	55.68235478070176	11.136470956140352	0.0	0.0	2	0.991484414433906	-18.172964581837263	138.0	22	1.05	0.95				
	208	1	76.17346134	15.59105933859649	0.0	0.0	2	0.9972998640451659	-16.147226793729672	138.0	22	1.05	0.95				
	209	1	77.95529669298246	16.036518176842105	0.0	0.0	2	1.0230980264320548	-9.614857260901454	138.0	23	1.05	0.95				
	210	1	86.86447345789475	17.818353529824563	0.0	0.0	2	1.05	-10.682486635359004	138.0	23	1.05	0.95				
	211	1	0.0	0.0	0.0	0.0	2	1.0059977024081668	-6.802479934760498	230.0	23	1.05	0.95				
	212	1	0.0	0.0	0.0	0.0	2	1.008933113239109	-5.938520409453912	230.0	23	1.05	0.95				
	213	2	118.04659213508772	24.054777265263162	0.0	0.0	2	1.0016888947923663	-5.523011335607179	230.0	24	1.05	0.95				
	214	2	86.41901461964913	17.37289469157895	0.0	0.0	2	1.0064905763554903	-4.4664723366196775	230.0	26	1.05	0.95				
	215	2	141.21045172385965	28.5093656477193	0.0	0.0	2	1.0247302577995354	1.5150713451271363	230.0	26	1.05	0.95				
	216	2	44.54588382456141	8.909176764912281	0.0	0.0	2	1.0262270141637075	1.5324483328733667	230.0	26	1.05	0.95				
	217	1	0.0	0.0	0.0	0.0	2	1.0312113855781075	3.598550639704931	230.0	27	1.05	0.95				
	218	2	148.33779313578947	30.291201000701758	0.0	0.0	2	1.0310516717916798	3.374887428334624	230.0	27	1.05	0.95				
	219	1	80.62804972245614	16.481977015087722	0.0	0.0	2	1.0269579767656634	1.4386770090744014	230.0	25	1.05	0.95				
	220	1	57.0187312954386	11.581929794385966	0.0	0.0	2	1.030663584860948	2.2237053816610093	230.0	25	1.05	0.95				
	221	2	0.0	0.0	0.0	0.0	2	1.032096541658739	3.5461623356218754	230.0	27	1.05	0.95				
	222	2	0.0	0.0	0.0	0.0	2	1.05	10.061031931520782	230.0	27	1.05	0.95				
	223	2	0.0	0.0	0.0	0.0	2	1.0335403291197944	2.991101213696262	230.0	25	1.05	0.95				
	224	1	0.0	0.0	0.0	0.0	2	1.0102221914375928	-2.038242762538517	230.0	26	1.05	0.95				
	301	2	55.2983233263158	11.26447327017544	0.0	0.0	3	1.0154844780444212	-10.550530916403542	138.0	31	1.05	0.95				
	302	2	49.666086691228074	10.240430245614036	0.0	0.0	3	1.0138008973625399	-10.87456025497242	138.0	32	1.05	0.95				
	303	1	92.16387221052634	18.944795954385967	0.0	0.0	3	1.05	2.8398124067723653	138.0	31	1.05	0.95				
	304	1	37.88959190877193	7.680322684210526	0.0	0.0	3	1.0109680364425429	-9.493157301516197	138.0	31	1.05	0.95				
	305	1	36.35352737192983	7.168301171929826	0.0	0.0	3	1.026371050479819	-11.339522912403774	138.0	31	1.05	0.95				
	306	1	69.63492567017545	14.336602343859653	0.0	-100.0	3	1.0394105689933029	-12.372777529113172	138.0	32	1.05	0.95				
	307	2	64.00268903508773	12.800537807017545	0.0	0.0	3	0.9899962381893148	-17.751514739079607	138.0	32	1.05	0.95				
	308	1	87.55567860000001	17.920752929824562	0.0	0.0	3	0.9937286190605286	-15.364005689619166	138.0	32	1.05	0.95				
	309	1	89.60376464912282	18.432774442105266	0.0	0.0	3	1.0252757785286908	-6.262212985949072	138.0	33	1.05	0.95				
	310	1	99.84419489473684	20.48086049122807	0.0	0.0	3	1.05	-10.48798166216361	138.0	33	1.05	0.95				
	311	1	0.0	0.0	0.0	0.0	3	1.012404452447739	-5.165078390043451	230.0	33	1.05	0.95				
	312	1	0.0	0.0	0.0	0.0	3	1.0151919621686674	-4.542487627990608	230.0	33	1.05	0.95				
	313	2	135.68570075438598	27.6491616631579	0.0	0.0	3	1.0138127494436937	-2.2627834123142825	230.0	34	1.05	0.95				
	314	2	99.33217338245615	19.96883897894737	0.0	0.0	3	1.0139150512660642	-4.4158868348352325	230.0	36	1.05	0.95				
	315	2	162.31081939298247	32.769376785964916	0.0	0.0	3	1.0432711815920646	-0.4552338005262526	230.0	36	1.05	0.95				
	316	2	51.20215122807018	10.240430245614036	0.0	0.0	3	1.0389402479695096	-0.27290429848921216	230.0	36	1.05	0.95				
	317	1	0.0	0.0	0.0	0.0	3	1.0437738761420265	1.4597020805749552	230.0	37	1.05	0.95				
	318	2	170.5031635894737	34.817462835087724	0.0	0.0	3	1.0412998396746753	0.69070607500968	230.0	37	1.05	0.95				
	319	1	92.67589372280703	18.944795954385967	0.0	0.0	3	1.0326179164449827	-1.051917365985917	230.0	35	1.05	0.95				
	320	1	65.53875357192983	13.312559319298249	0.0	0.0	3	1.030980496176202	-0.74818881651065	230.0	35	1.05	0.95				
	321	2	0.0	0.0	0.0	0.0	3	1.0431981392725382	0.8598830271883083	230.0	37	1.05	0.95				
	322	2	0.0	0.0	0.0	0.0	3	1.05	5.422955867882296	230.0	37	1.05	0.95				
	323	2	0.0	0.0	0.0	0.0	3	1.031080008985745	-0.1911980589152733	230.0	35	1.05	0.95				
	324	1	0.0	0.0	0.0	0.0	3	1.0428753132024735	0.8075577758895519	230.0	36	1.05	0.95				
	325	1	0.0	0.0	0.0	0.0	3	1.0293688075479515	0.8820352918813811	230.0	35	1.05	0.95				
];
