%% MATPOWER Case Format : Version 2
function mpc = RTS_GMLC
mpc.version = '2';

%%-----  Power Flow Data  -----%%
%% system MVA base
mpc.baseMVA = 100.0;
%% bus data
%    bus_i    type    Pd    Qd    Gs    Bs    area    Vm    Va    baseKV    zone    Vmax    Vmin
mpc.bus = [
	101	2	51.15437901473685	10.420336465964914	0.0	0.0	1	1.0338838083847268	2.832380423583164	138.0	11	1.05	0.95				
	102	2	45.944210781754386	9.473033150877194	0.0	0.0	1	1.033413322262565	2.6467110021628732	138.0	12	1.05	0.95				
	103	1	85.25729835789474	17.525111329122808	0.0	0.0	1	1.0298208388835777	2.261420794630013	138.0	11	1.05	0.95				
	104	1	35.050222658245616	7.104774863157895	0.0	0.0	1	1.0205105067656646	-0.6987069432071572	138.0	11	1.05	0.95				
	105	1	33.62926768561403	6.631123205614037	0.0	0.0	1	1.0352137325042159	-0.6225518516415887	138.0	11	1.05	0.95				
	106	1	64.41662542596492	13.262246411228073	0.0	-100.0	1	1.0439790703660121	-3.041451613187405	138.0	12	1.05	0.95				
	107	2	59.20645719298246	11.841291438596492	0.0	0.0	1	0.9990762820327161	-9.992493754958314	138.0	12	1.05	0.95				
	108	1	80.99443344000001	16.57780801403509	0.0	0.0	1	1.0012968977717849	-8.105482264668098	138.0	12	1.05	0.95				
	109	1	82.88904007017544	17.051459671578947	0.0	0.0	1	1.0247265466932296	-1.5200439726262172	138.0	13	1.05	0.95				
	110	1	92.36207322105263	18.94606630175439	0.0	0.0	1	1.05	-2.6353396551318427	138.0	13	1.05	0.95				
	111	1	0.0	0.0	0.0	0.0	1	1.0078255277530497	0.6211135966214886	230.0	13	1.05	0.95				
	112	1	0.0	0.0	0.0	0.0	1	1.011197512211652	0.44422907750652596	230.0	13	1.05	0.95				
	113	3	125.51768924912281	25.577189507368423	0.0	0.0	1	1.000239312911024	-1.884877656859658e-30	230.0	14	1.05	0.95				
	114	2	91.88842156350877	18.472414644210527	0.0	0.0	1	1.0110550991097682	3.9443250343342515	230.0	16	1.05	0.95				
	115	2	150.14757544140352	30.31370608280702	0.0	0.0	1	1.0450169817701047	12.321344511329391	230.0	16	1.05	0.95				
	116	2	47.36516575438597	9.473033150877194	0.0	0.0	1	1.0408024070463933	11.371868038808072	230.0	16	1.05	0.95				
	117	1	0.0	0.0	0.0	0.0	1	1.0429999610066192	15.373114984099177	230.0	17	1.05	0.95				
	118	2	157.7260019621053	32.20831271298246	0.0	0.0	1	1.0494668121930772	15.238488067158046	230.0	17	1.05	0.95				
	119	1	85.7309500154386	17.525111329122808	0.0	0.0	1	1.033040394678244	8.868368519202889	230.0	15	1.05	0.95				
	120	1	60.62741216561404	12.314943096140352	0.0	0.0	1	1.030875119148966	7.585183348207593	230.0	15	1.05	0.95				
	121	2	0.0	0.0	0.0	0.0	1	1.05	16.239709963270588	230.0	17	1.05	0.95				
	122	2	0.0	0.0	0.0	0.0	1	1.05	32.76246343313947	230.0	17	1.05	0.95				
	123	2	0.0	0.0	0.0	0.0	1	1.0304352013601619	7.238209005371303	230.0	15	1.05	0.95				
	124	1	0.0	0.0	0.0	0.0	1	1.026712738607505	8.571155267836874	230.0	16	1.05	0.95				
	201	2	54.87549188210528	11.178340938947368	0.0	0.0	2	1.0305088217082161	-10.194727856917744	138.0	21	1.05	0.95				
	202	2	49.28632141263159	10.16212812631579	0.0	0.0	2	1.0309528174764104	-10.177390806088846	138.0	22	1.05	0.95				
	203	1	91.45915313684212	18.79993703368421	0.0	0.0	2	1.0174830231246308	-9.48627215898382	138.0	21	1.05	0.95				
	204	1	37.59987406736842	7.621596094736842	0.0	0.0	2	1.0182497570852762	-12.372203099022313	138.0	21	1.05	0.95				
	205	1	36.075554848421056	7.113489688421054	0.0	0.0	2	1.0337783394233533	-12.547427232699	138.0	21	1.05	0.95				
	206	1	69.10247125894739	14.226979376842108	0.0	-100.0	2	1.043113739716362	-14.342988867057523	138.0	22	1.05	0.95				
	207	2	63.51330078947369	12.702660157894737	0.0	0.0	2	0.9890360558906467	-21.994556588707187	138.0	22	1.05	0.95				
	208	1	86.88619548000001	17.783724221052633	0.0	0.0	2	0.9931179437547987	-19.627366432493552	138.0	22	1.05	0.95				
	209	1	88.91862110526316	18.291830627368423	0.0	0.0	2	1.0229573381843595	-12.097656457389922	138.0	23	1.05	0.95				
	210	1	99.08074923157896	20.32425625263158	0.0	0.0	2	1.05	-13.319479407791237	138.0	23	1.05	0.95				
	211	1	0.0	0.0	0.0	0.0	2	1.0096556917256945	-9.068623149481068	230.0	23	1.05	0.95				
	212	1	0.0	0.0	0.0	0.0	2	1.011335168757005	-8.449820890769846	230.0	23	1.05	0.95				
	213	2	134.64819767368422	27.43774594105264	0.0	0.0	2	1.0061087225110665	-8.083305116157755	230.0	24	1.05	0.95				
	214	2	98.57264282526317	19.816149846315792	0.0	0.0	2	1.0143291134216987	-6.226897974648604	230.0	26	1.05	0.95				
	215	2	161.06973080210528	32.51881000421053	0.0	0.0	2	1.0309920929464051	1.140239334470907	230.0	26	1.05	0.95				
	216	2	50.81064063157895	10.16212812631579	0.0	0.0	2	1.033084327178556	0.8704718847724631	230.0	26	1.05	0.95				
	217	1	0.0	0.0	0.0	0.0	2	1.0373936688236167	3.9730396806751616	230.0	27	1.05	0.95				
	218	2	169.19943330315792	34.551235629473695	0.0	0.0	2	1.038628669557552	4.175111670275073	230.0	27	1.05	0.95				
	219	1	91.96725954315791	18.79993703368421	0.0	0.0	2	1.0323905957095991	-0.047175773299200405	230.0	25	1.05	0.95				
	220	1	65.03762000842106	13.210766564210527	0.0	0.0	2	1.0356343418801048	0.1331215794554259	230.0	25	1.05	0.95				
	221	2	0.0	0.0	0.0	0.0	2	1.038573706193964	3.9335795041264574	230.0	27	1.05	0.95				
	222	2	0.0	0.0	0.0	0.0	2	1.05	10.449902381025312	230.0	27	1.05	0.95				
	223	2	0.0	0.0	0.0	0.0	2	1.0383556524601991	0.6124326805593804	230.0	25	1.05	0.95				
	224	1	0.0	0.0	0.0	0.0	2	1.0127999149392422	-2.8282482547123298	230.0	26	1.05	0.95				
	301	2	74.53400820631579	15.182853523508772	0.0	0.0	3	1.0186556466953944	-22.142528507310473	138.0	31	1.05	0.95				
	302	2	66.9425814445614	13.802594112280703	0.0	0.0	3	1.0170912188652959	-22.530823927260244	138.0	32	1.05	0.95				
	303	1	124.22334701052631	25.534799107719298	0.0	0.0	3	1.05	-5.2249038882788685	138.0	31	1.05	0.95				
	304	1	51.069598215438596	10.351945584210526	0.0	0.0	3	1.0083251305797505	-20.337079825950777	138.0	31	1.05	0.95				
	305	1	48.99920909859649	9.661815878596492	0.0	0.0	3	1.0254171064601982	-22.81698746300243	138.0	31	1.05	0.95				
	306	1	93.85763996350877	19.323631757192985	0.0	-100.0	3	1.0349553052604583	-23.94512738493754	138.0	32	1.05	0.95				
	307	2	86.26621320175438	17.253242640350877	0.0	0.0	3	0.9722933845924298	-31.55841329315923	138.0	32	1.05	0.95				
	308	1	118.01217965999999	24.154539696491227	0.0	0.0	3	0.9746765203488805	-28.166439583484674	138.0	32	1.05	0.95				
	309	1	120.77269848245614	24.844669402105264	0.0	0.0	3	1.0261835908204222	-15.718819408709537	138.0	33	1.05	0.95				
	310	1	134.57529259473685	27.605188224561406	0.0	0.0	3	1.05	-21.28897062681177	138.0	33	1.05	0.95				
	311	1	0.0	0.0	0.0	0.0	3	1.027271172330487	-13.940098366049087	230.0	33	1.05	0.95				
	312	1	0.0	0.0	0.0	0.0	3	1.024375882660246	-13.14776370702822	230.0	33	1.05	0.95				
	313	2	182.8843719877193	37.267004103157895	0.0	0.0	3	1.0372632037813645	-10.862226745126732	230.0	34	1.05	0.95				
	314	2	133.8851628891228	26.915058518947372	0.0	0.0	3	1.040742141223633	-12.178549521688465	230.0	36	1.05	0.95				
	315	2	218.7711166796491	44.168301159298245	0.0	0.0	3	1.0484048614029173	-5.943674207051046	230.0	36	1.05	0.95				
	316	2	69.0129705614035	13.802594112280703	0.0	0.0	3	1.0487348113251016	-5.456873761527644	230.0	36	1.05	0.95				
	317	1	0.0	0.0	0.0	0.0	3	1.05	-2.5123897757809632	230.0	37	1.05	0.95				
	318	2	229.8131919694737	46.92881998175439	0.0	0.0	3	1.0441716102729193	-3.7597196288912746	230.0	37	1.05	0.95				
	319	1	124.91347671614035	25.534799107719298	0.0	0.0	3	1.0446003273688582	-6.623744851317334	230.0	35	1.05	0.95				
	320	1	88.33660231859649	17.943372345964914	0.0	0.0	3	1.046940363528557	-6.349601609694329	230.0	35	1.05	0.95				
	321	2	0.0	0.0	0.0	0.0	3	1.0465779942182736	-3.914674966814957	230.0	37	1.05	0.95				
	322	2	0.0	0.0	0.0	0.0	3	1.05	0.9785339934837621	230.0	37	1.05	0.95				
	323	2	0.0	0.0	0.0	0.0	3	1.05	-5.696679039809021	230.0	35	1.05	0.95				
	324	1	0.0	0.0	0.0	0.0	3	1.045213076845908	-5.659184402677005	230.0	36	1.05	0.95				
	325	1	0.0	0.0	0.0	0.0	3	1.0412731334188903	-3.925714498946214	230.0	35	1.05	0.95				
];
