%% MATPOWER Case Format : Version 2
function mpc = RTS_GMLC
mpc.version = '2';

%%-----  Power Flow Data  -----%%
%% system MVA base
mpc.baseMVA = 100.0;
%% bus data
%    bus_i    type    Pd    Qd    Gs    Bs    area    Vm    Va    baseKV    zone    Vmax    Vmin
mpc.bus = [
	101	2	50.04552202105263	10.194458189473684	0.0	0.0	1	1.0368442480224707	0.7167687344664345	138.0	11	1.05	0.95				
	102	2	44.94829292631579	9.267689263157894	0.0	0.0	1	1.0345741145016583	0.1169973784696904	138.0	12	1.05	0.95				
	103	1	83.40920336842105	17.145225136842104	0.0	0.0	1	1.03463069836458	0.7938861802696379	138.0	11	1.05	0.95				
	104	1	34.29045027368421	6.950766947368421	0.0	0.0	1	1.0250320671548023	-1.9534201348773437	138.0	11	1.05	0.95				
	105	1	32.90029688421052	6.487382484210527	0.0	0.0	1	1.037065482024974	-2.4833015194181347	138.0	11	1.05	0.95				
	106	1	63.02028698947368	12.974764968421054	0.0	-100.0	1	1.0449017552913649	-4.859758280357591	138.0	12	1.05	0.95				
	107	2	57.92305789473684	11.584611578947367	0.0	0.0	1	1.000017414166419	-10.165888069512794	138.0	12	1.05	0.95				
	108	1	79.23874319999999	16.218456210526313	0.0	0.0	1	1.0030206753030424	-8.830938132972758	138.0	12	1.05	0.95				
	109	1	81.09228105263158	16.68184067368421	0.0	0.0	1	1.0253336268375102	-2.9306594087793885	138.0	13	1.05	0.95				
	110	1	90.35997031578947	18.53537852631579	0.0	0.0	1	1.05	-4.280199718021582	138.0	13	1.05	0.95				
	111	1	0.0	0.0	0.0	0.0	1	1.0054282190836787	-0.999163778910601	230.0	13	1.05	0.95				
	112	1	0.0	0.0	0.0	0.0	1	1.0086957783904293	-1.3597166867216908	230.0	13	1.05	0.95				
	113	3	122.79688273684211	25.022761010526317	0.0	0.0	1	0.9980303314557313	-4.072322254700593e-32	230.0	14	1.05	0.95				
	114	2	89.89658585263157	18.071994063157895	0.0	0.0	1	1.0046557761244277	0.8592198448814841	230.0	16	1.05	0.95				
	115	2	146.89287482105263	29.656605642105262	0.0	0.0	1	1.0400593973580776	7.479572095445912	230.0	16	1.05	0.95				
	116	2	46.33844631578947	9.267689263157894	0.0	0.0	1	1.0351076332823164	6.204028952742307	230.0	16	1.05	0.95				
	117	1	0.0	0.0	0.0	0.0	1	1.0427964437945259	9.990838249656468	230.0	17	1.05	0.95				
	118	2	154.30702623157896	31.51014349473684	0.0	0.0	1	1.0472993640475745	10.954522898269532	230.0	17	1.05	0.95				
	119	1	83.87258783157895	17.145225136842104	0.0	0.0	1	1.023338763745935	3.7540760912956683	230.0	15	1.05	0.95				
	120	1	59.313211284210524	12.047996042105263	0.0	0.0	1	1.016659123945141	1.9710803541295678	230.0	15	1.05	0.95				
	121	2	0.0	0.0	0.0	0.0	1	1.0499999869377714	12.421370204389818	230.0	17	1.05	0.95				
	122	2	0.0	0.0	0.0	0.0	1	1.05	17.979822055198472	230.0	17	1.05	0.95				
	123	2	0.0	0.0	0.0	0.0	1	1.0138535225947034	1.3459175603379068	230.0	15	1.05	0.95				
	124	1	0.0	0.0	0.0	0.0	1	1.0291340356813683	4.967627915668208	230.0	16	1.05	0.95				
	201	2	41.05461986526316	8.362978120701756	0.0	0.0	2	1.015871079437457	-10.500814534817797	138.0	21	1.05	0.95				
	202	2	36.87313080491228	7.602707382456142	0.0	0.0	2	1.015044738028139	-10.730131578095609	138.0	22	1.05	0.95				
	203	1	68.42436644210527	14.06500865754386	0.0	0.0	2	1.0147044536384013	-8.337061348117855	138.0	21	1.05	0.95				
	204	1	28.13001731508772	5.702030536842105	0.0	0.0	2	1.0137179234193237	-10.238497545867926	138.0	21	1.05	0.95				
	205	1	26.9896112077193	5.321895167719299	0.0	0.0	2	1.028361457474541	-10.510300928494438	138.0	21	1.05	0.95				
	206	1	51.69841020070176	10.643790335438599	0.0	-100.0	2	1.0435928271819024	-11.002145435999457	138.0	22	1.05	0.95				
	207	2	47.51692114035088	9.503384228070177	0.0	0.0	2	0.99887027842974	-15.552700945923181	138.0	22	1.05	0.95				
	208	1	65.00314811999999	13.304737919298246	0.0	0.0	2	1.004295139513588	-13.857654996238477	138.0	22	1.05	0.95				
	209	1	66.52368959649124	13.684873288421054	0.0	0.0	2	1.023344231925711	-8.260538817126353	138.0	23	1.05	0.95				
	210	1	74.12639697894737	15.205414764912284	0.0	0.0	2	1.05	-9.295738439521227	138.0	23	1.05	0.95				
	211	1	0.0	0.0	0.0	0.0	2	1.001168528149213	-6.3612513197163585	230.0	23	1.05	0.95				
	212	1	0.0	0.0	0.0	0.0	2	1.007957860658655	-2.240987420713882	230.0	23	1.05	0.95				
	213	2	100.73587281754386	20.52730993263158	0.0	0.0	2	0.9935048519717754	-4.679152257028817	230.0	24	1.05	0.95				
	214	2	73.74626160982456	14.825279395789476	0.0	0.0	2	0.9967951606205935	-5.258373253841058	230.0	26	1.05	0.95				
	215	2	120.50291201192982	24.32866362385965	0.0	0.0	2	1.0160390587150436	-0.3304925766016578	230.0	26	1.05	0.95				
	216	2	38.013536912280706	7.602707382456142	0.0	0.0	2	1.0135711720035179	-1.3589194423905748	230.0	26	1.05	0.95				
	217	1	0.0	0.0	0.0	0.0	2	1.0202609133234835	0.2668703887391912	230.0	27	1.05	0.95				
	218	2	126.58507791789475	25.84920510035088	0.0	0.0	2	1.020109493001816	0.02611444713436098	230.0	27	1.05	0.95				
	219	1	68.80450181122808	14.06500865754386	0.0	0.0	2	1.0098609203788529	-2.202598323279527	230.0	25	1.05	0.95				
	220	1	48.6573272477193	9.883519597192983	0.0	0.0	2	1.009119503821708	-2.1705512421677717	230.0	25	1.05	0.95				
	221	2	0.0	0.0	0.0	0.0	2	1.0222831902887475	0.7060888123218069	230.0	27	1.05	0.95				
	222	2	0.0	0.0	0.0	0.0	2	1.0440557126091607	7.099095910184468	230.0	27	1.05	0.95				
	223	2	0.0	0.0	0.0	0.0	2	1.00909932112115	-1.8487284159190982	230.0	25	1.05	0.95				
	224	1	0.0	0.0	0.0	0.0	2	1.0055511775124621	-3.355046577547097	230.0	26	1.05	0.95				
	301	2	70.65612147789474	14.392913634385964	0.0	0.0	3	1.0012684978068689	2.2362175551353847	138.0	31	1.05	0.95				
	302	2	63.459664660701755	13.084466940350877	0.0	0.0	3	1.0032932305176132	2.162584530475594	138.0	32	1.05	0.95				
	303	1	117.76020246315788	24.206263839649118	0.0	0.0	3	1.0172877763384334	5.775207967124067	138.0	31	1.05	0.95				
	304	1	48.412527679298236	9.813350205263156	0.0	0.0	3	1.0024840448826406	4.472773655256609	138.0	31	1.05	0.95				
	305	1	46.449857638245604	9.159126858245614	0.0	0.0	3	1.0145267809177303	4.457063485237871	138.0	31	1.05	0.95				
	306	1	88.97437519438597	18.318253716491228	0.0	-100.0	3	1.0307338204175054	4.967763900409761	138.0	32	1.05	0.95				
	307	2	81.77791837719298	16.355583675438595	0.0	0.0	3	0.9799043656712779	0.9990015025601843	138.0	32	1.05	0.95				
	308	1	111.87219233999998	22.897817145614034	0.0	0.0	3	0.9929298275234071	3.96293832765734	138.0	32	1.05	0.95				
	309	1	114.48908572807017	23.552040492631576	0.0	0.0	3	1.0257155948372736	9.032159350712481	138.0	33	1.05	0.95				
	310	1	127.57355266842103	26.168933880701754	0.0	0.0	3	1.0484878439066576	8.773963583299093	138.0	33	1.05	0.95				
	311	1	0.0	0.0	0.0	0.0	3	1.0151691634627629	15.280382799141655	230.0	33	1.05	0.95				
	312	1	0.0	0.0	0.0	0.0	3	1.0214863197297497	17.007532802981483	230.0	33	1.05	0.95				
	313	2	173.3691869596491	35.32806073894737	0.0	0.0	3	1.045257398761874	24.869753284511077	230.0	34	1.05	0.95				
	314	2	126.91932932140351	25.51471053368421	0.0	0.0	3	1.0170676979722495	13.052013560586222	230.0	36	1.05	0.95				
	315	2	207.38880100456137	41.870294209122804	0.0	0.0	3	1.0353667910630926	6.2362727136593445	230.0	36	1.05	0.95				
	316	2	65.42233470175438	13.084466940350877	0.0	0.0	3	1.0370632275427638	7.765729914501747	230.0	36	1.05	0.95				
	317	1	0.0	0.0	0.0	0.0	3	1.0374589997786399	6.1965183261625905	230.0	37	1.05	0.95				
	318	2	217.85637455684207	44.487187597192985	0.0	0.0	3	1.034140628468191	4.808563326039311	230.0	37	1.05	0.95				
	319	1	118.41442581017543	24.206263839649118	0.0	0.0	3	1.0364901639620916	11.340906209453784	230.0	35	1.05	0.95				
	320	1	83.74058841824561	17.00980702245614	0.0	0.0	3	1.040378796954113	14.103785045881477	230.0	35	1.05	0.95				
	321	2	0.0	0.0	0.0	0.0	3	1.0366358418108133	5.8587841497212985	230.0	37	1.05	0.95				
	322	2	0.0	0.0	0.0	0.0	3	1.04999992962926	10.298687327357024	230.0	37	1.05	0.95				
	323	2	0.0	0.0	0.0	0.0	3	1.0429681320660737	15.194583000713266	230.0	35	1.05	0.95				
	324	1	0.0	0.0	0.0	0.0	3	1.027030442377598	8.242962572985043	230.0	36	1.05	0.95				
	325	1	0.0	0.0	0.0	0.0	3	1.0448195565662455	14.963368305297763	230.0	35	1.05	0.95				
];
