%% MATPOWER Case Format : Version 2
function mpc = RTS_GMLC
mpc.version = '2';

%%-----  Power Flow Data  -----%%
%% system MVA base
mpc.baseMVA = 100.0;
%% bus data
%    bus_i    type    Pd    Qd    Gs    Bs    area    Vm    Va    baseKV    zone    Vmax    Vmin
mpc.bus = [
	101	2	49.36417616842106	10.055665515789475	0.0	0.0	1	1.0322885207086716	2.845162407587896	138.0	11	1.05	0.95				
	102	2	44.33634341052632	9.141514105263159	0.0	0.0	1	1.031859166765823	2.687423025758243	138.0	12	1.05	0.95				
	103	1	82.27362694736843	16.911801094736845	0.0	0.0	1	1.029082259783118	1.2601016976542234	138.0	11	1.05	0.95				
	104	1	33.82360218947369	6.856135578947368	0.0	0.0	1	1.020403383240845	-0.6683028856650517	138.0	11	1.05	0.95				
	105	1	32.452375073684216	6.3990598736842115	0.0	0.0	1	1.0347046238556712	-0.4978967799634591	138.0	11	1.05	0.95				
	106	1	62.16229591578949	12.798119747368423	0.0	-100.0	1	1.0441414514088665	-2.8346436834414876	138.0	12	1.05	0.95				
	107	2	57.13446315789474	11.426892631578948	0.0	0.0	1	1.0060352193204205	-7.677987052810431	138.0	12	1.05	0.95				
	108	1	78.1599456	15.997649684210527	0.0	0.0	1	1.0071291885062035	-6.701946933734061	138.0	12	1.05	0.95				
	109	1	79.98824842105265	16.454725389473683	0.0	0.0	1	1.0252539059725887	-1.559536766206868	138.0	13	1.05	0.95				
	110	1	89.12976252631579	18.283028210526318	0.0	0.0	1	1.05	-2.4426919037121073	138.0	13	1.05	0.95				
	111	1	0.0	0.0	0.0	0.0	1	1.005648663412949	0.246888360436211	230.0	13	1.05	0.95				
	112	1	0.0	0.0	0.0	0.0	1	1.0107856114919334	0.48886584999610316	230.0	13	1.05	0.95				
	113	3	121.12506189473685	24.68208808421053	0.0	0.0	1	0.9987472965394969	1.1806841816511196e-29	230.0	14	1.05	0.95				
	114	2	88.67268682105264	17.82595250526316	0.0	0.0	1	1.0040260860163708	2.8230409906945937	230.0	16	1.05	0.95				
	115	2	144.89299856842106	29.252845136842108	0.0	0.0	1	1.0417919627672245	9.431795890573339	230.0	16	1.05	0.95				
	116	2	45.70757052631579	9.141514105263159	0.0	0.0	1	1.039139734819744	9.065176193600086	230.0	16	1.05	0.95				
	117	1	0.0	0.0	0.0	0.0	1	1.043070292856612	11.815081914248307	230.0	17	1.05	0.95				
	118	2	152.20620985263162	31.081147957894746	0.0	0.0	1	1.0475165918962286	11.392418306098383	230.0	17	1.05	0.95				
	119	1	82.73070265263159	16.911801094736845	0.0	0.0	1	1.0328653850023704	7.58969762880702	230.0	15	1.05	0.95				
	120	1	58.505690273684216	11.883968336842107	0.0	0.0	1	1.0309199786471193	7.178958731544409	230.0	15	1.05	0.95				
	121	2	0.0	0.0	0.0	0.0	1	1.05	12.066712017799615	230.0	17	1.05	0.95				
	122	2	0.0	0.0	0.0	0.0	1	1.05	26.218325765759257	230.0	17	1.05	0.95				
	123	2	0.0	0.0	0.0	0.0	1	1.0304763337792961	7.301444503172174	230.0	15	1.05	0.95				
	124	1	0.0	0.0	0.0	0.0	1	1.0266055394821447	6.382209329733478	230.0	16	1.05	0.95				
	201	2	53.940500564210524	10.987879744561404	0.0	0.0	2	1.029160417779792	-10.277225302087105	138.0	21	1.05	0.95				
	202	2	48.446560691929825	9.988981585964913	0.0	0.0	2	1.029572146035412	-10.280378544880636	138.0	22	1.05	0.95				
	203	1	89.90083427368421	18.47961593403509	0.0	0.0	2	1.0195549434130358	-8.974919235526503	138.0	21	1.05	0.95				
	204	1	36.95923186807018	7.491736189473684	0.0	0.0	2	1.0177740105948874	-12.586364768245277	138.0	21	1.05	0.95				
	205	1	35.460884630175435	6.99228711017544	0.0	0.0	2	1.0331089122183392	-12.813865526773197	138.0	21	1.05	0.95				
	206	1	67.92507478456142	13.98457422035088	0.0	-100.0	2	1.042917581081032	-14.705986916234925	138.0	22	1.05	0.95				
	207	2	62.431134912280704	12.48622698245614	0.0	0.0	2	0.9871117185769681	-22.21108458153356	138.0	22	1.05	0.95				
	208	1	85.40579256	17.480717775438595	0.0	0.0	2	0.9923909922917442	-19.89747543357687	138.0	22	1.05	0.95				
	209	1	87.40358887719299	17.980166854736844	0.0	0.0	2	1.0229853575170307	-12.434747656167723	138.0	23	1.05	0.95				
	210	1	97.3925704631579	19.977963171929826	0.0	0.0	2	1.05	-13.79560934505583	138.0	23	1.05	0.95				
	211	1	0.0	0.0	0.0	0.0	2	1.0098891081418715	-9.603223608507168	230.0	23	1.05	0.95				
	212	1	0.0	0.0	0.0	0.0	2	1.0128872056075913	-9.391732587092742	230.0	23	1.05	0.95				
	213	2	132.3540060140351	26.970250282105262	0.0	0.0	2	1.005163974339369	-9.071016954584959	230.0	24	1.05	0.95				
	214	2	96.89312138385965	19.47851409263158	0.0	0.0	2	1.015583139024118	-6.4983478886975865	230.0	26	1.05	0.95				
	215	2	158.32535813754384	31.964741075087723	0.0	0.0	2	1.0335512887986809	1.3730328700781174	230.0	26	1.05	0.95				
	216	2	49.94490792982456	9.988981585964913	0.0	0.0	2	1.036666869878399	0.8803939537248323	230.0	26	1.05	0.95				
	217	1	0.0	0.0	0.0	0.0	2	1.0401355172597353	4.39825758562497	230.0	27	1.05	0.95				
	218	2	166.3165434063158	33.96253739228071	0.0	0.0	2	1.0421271435313728	4.886322377668652	230.0	27	1.05	0.95				
	219	1	90.40028335298246	18.47961593403509	0.0	0.0	2	1.035729697832264	-0.9217252226016953	230.0	25	1.05	0.95				
	220	1	63.929482150175446	12.985676061754386	0.0	0.0	2	1.0390946933698562	-1.5305992999413645	230.0	25	1.05	0.95				
	221	2	0.0	0.0	0.0	0.0	2	1.0414675199393217	4.471564647703173	230.0	27	1.05	0.95				
	222	2	0.0	0.0	0.0	0.0	2	1.05	10.946484911435508	230.0	27	1.05	0.95				
	223	2	0.0	0.0	0.0	0.0	2	1.0417358115246966	-1.492195447200765	230.0	25	1.05	0.95				
	224	1	0.0	0.0	0.0	0.0	2	1.0154864707266151	-2.4891635585672236	230.0	26	1.05	0.95				
	301	2	60.44036695578948	12.311926602105265	0.0	0.0	3	1.008051990813381	-36.18917456714427	138.0	31	1.05	0.95				
	302	2	54.28440365473685	11.192660547368423	0.0	0.0	3	1.0075135199621164	-36.32863773702441	138.0	32	1.05	0.95				
	303	1	100.7339449263158	20.70642201263158	0.0	0.0	3	1.0210118586300965	-29.109017781560667	138.0	31	1.05	0.95				
	304	1	41.41284402526316	8.394495410526316	0.0	0.0	3	1.0074814645308177	-34.39888215018718	138.0	31	1.05	0.95				
	305	1	39.7339449431579	7.834862383157897	0.0	0.0	3	1.0213408764879386	-35.30932722000475	138.0	31	1.05	0.95				
	306	1	76.11009172210528	15.669724766315793	0.0	-100.0	3	1.036384103125396	-35.44687162072167	138.0	32	1.05	0.95				
	307	2	69.95412842105264	13.990825684210527	0.0	0.0	3	0.9927903416181856	-41.91223065533866	138.0	32	1.05	0.95				
	308	1	95.69724768	19.58715595789474	0.0	0.0	3	0.9937371982253422	-39.26081620235186	138.0	32	1.05	0.95				
	309	1	97.9357797894737	20.146788985263157	0.0	0.0	3	1.026762431464775	-30.538645894865123	138.0	33	1.05	0.95				
	310	1	109.12844033684212	22.385321094736845	0.0	0.0	3	1.05	-32.63316742945944	138.0	33	1.05	0.95				
	311	1	0.0	0.0	0.0	0.0	3	1.0184064124993808	-25.24454767183313	230.0	33	1.05	0.95				
	312	1	0.0	0.0	0.0	0.0	3	1.0168479627776144	-24.44258612020033	230.0	33	1.05	0.95				
	313	2	148.3027522526316	30.22018347789474	0.0	0.0	3	1.0272509480008718	-21.254311001413896	230.0	34	1.05	0.95				
	314	2	108.5688073094737	21.825688067368425	0.0	0.0	3	1.0302893247867533	-22.47216955297897	230.0	36	1.05	0.95				
	315	2	177.4036696757895	35.81651375157895	0.0	0.0	3	1.048642290772819	-15.77957131049141	230.0	36	1.05	0.95				
	316	2	55.96330273684211	11.192660547368423	0.0	0.0	3	1.0486275875588762	-15.203757290523862	230.0	36	1.05	0.95				
	317	1	0.0	0.0	0.0	0.0	3	1.0499576000889104	-12.660184582081843	230.0	37	1.05	0.95				
	318	2	186.35779811368425	38.05504586105264	0.0	0.0	3	1.0491288749321965	-12.271701807134724	230.0	37	1.05	0.95				
	319	1	101.29357795368423	20.70642201263158	0.0	0.0	3	1.0458660677096772	-15.861582054596347	230.0	35	1.05	0.95				
	320	1	71.6330275031579	14.550458711578951	0.0	0.0	3	1.0477507372749166	-15.386790553998901	230.0	35	1.05	0.95				
	321	2	0.0	0.0	0.0	0.0	3	1.05	-11.95181824843325	230.0	37	1.05	0.95				
	322	2	0.0	0.0	0.0	0.0	3	1.05	-7.853632839658463	230.0	37	1.05	0.95				
	323	2	0.0	0.0	0.0	0.0	3	1.05	-14.716880725634404	230.0	35	1.05	0.95				
	324	1	0.0	0.0	0.0	0.0	3	1.0213179087170539	-20.69839066606549	230.0	36	1.05	0.95				
	325	1	0.0	0.0	0.0	0.0	3	1.0376531682871264	-12.583959278172793	230.0	35	1.05	0.95				
];
