%% MATPOWER Case Format : Version 2
function mpc = RTS_GMLC
mpc.version = '2';

%%-----  Power Flow Data  -----%%
%% system MVA base
mpc.baseMVA = 100.0;
%% bus data
%    bus_i    type    Pd    Qd    Gs    Bs    area    Vm    Va    baseKV    zone    Vmax    Vmin
mpc.bus = [
	101	2	40.867392391578946	8.324839190877194	0.0	0.0	1	1.0333391252991362	1.2321100978168782	138.0	11	1.05	0.95				
	102	2	36.70497279614035	7.5680356280701755	0.0	0.0	1	1.0314293390333618	0.7290764355909921	138.0	12	1.05	0.95				
	103	1	68.11232065263158	14.000865911929825	0.0	0.0	1	1.0314808787520624	0.7229785938073229	138.0	11	1.05	0.95				
	104	1	28.00173182385965	5.676026721052631	0.0	0.0	1	1.024683085029394	-1.2310462860624154	138.0	11	1.05	0.95				
	105	1	26.86652647964912	5.297624939649123	0.0	0.0	1	1.0365637754381132	-1.7026627926447753	138.0	11	1.05	0.95				
	106	1	51.462642270877204	10.595249879298246	0.0	-100.0	1	1.0466451504020733	-3.841824250166666	138.0	12	1.05	0.95				
	107	2	47.3002226754386	9.46004453508772	0.0	0.0	1	1.0018993302644759	-9.356351169489777	138.0	12	1.05	0.95				
	108	1	64.70670462	13.244062349122807	0.0	0.0	1	1.0065533974837715	-7.809150798601473	138.0	12	1.05	0.95				
	109	1	66.22031174561404	13.622464130526316	0.0	0.0	1	1.024594139174262	-2.3941010745856635	138.0	13	1.05	0.95				
	110	1	73.7883473736842	15.136071256140351	0.0	0.0	1	1.05	-3.4832072240528986	138.0	13	1.05	0.95				
	111	1	0.0	0.0	0.0	0.0	1	1.0014871297685572	-0.793853412844696	230.0	13	1.05	0.95				
	112	1	0.0	0.0	0.0	0.0	1	1.006195557726224	-1.1548569035530054	230.0	13	1.05	0.95				
	113	3	100.27647207192982	20.433696195789473	0.0	0.0	1	0.9931348219725611	-8.184201720000333e-30	230.0	14	1.05	0.95				
	114	2	73.4099455922807	14.757669474736842	0.0	0.0	1	0.9966185748190133	0.8106589020056283	230.0	16	1.05	0.95				
	115	2	119.95336470491227	24.21771400982456	0.0	0.0	1	1.0311280553705997	6.3574768468774625	230.0	16	1.05	0.95				
	116	2	37.84017814035088	7.5680356280701755	0.0	0.0	1	1.0265749489470026	5.2731107936918065	230.0	16	1.05	0.95				
	117	1	0.0	0.0	0.0	0.0	1	1.0352217028814126	8.554637252775814	230.0	17	1.05	0.95				
	118	2	126.00779320736844	25.731321135438602	0.0	0.0	1	1.038645848820186	9.27638385629569	230.0	17	1.05	0.95				
	119	1	68.49072243403509	14.000865911929825	0.0	0.0	1	1.016768718480559	3.0814751395733015	230.0	15	1.05	0.95				
	120	1	48.43542801964912	9.838446316491229	0.0	0.0	1	1.0108383593989725	1.506844219050561	230.0	15	1.05	0.95				
	121	2	0.0	0.0	0.0	0.0	1	1.041064876033053	10.50411291291874	230.0	17	1.05	0.95				
	122	2	0.0	0.0	0.0	0.0	1	1.05	16.274653710108815	230.0	17	1.05	0.95				
	123	2	0.0	0.0	0.0	0.0	1	1.0080165592123762	0.936507339758439	230.0	15	1.05	0.95				
	124	1	0.0	0.0	0.0	0.0	1	1.023419828397243	4.227471410398018	230.0	16	1.05	0.95				
	201	2	36.53266173347369	7.441838501263158	0.0	0.0	2	1.0179393537423846	-12.012045976426094	138.0	21	1.05	0.95				
	202	2	32.81174248284211	6.765307728421053	0.0	0.0	2	1.0170626655189015	-12.265944506067498	138.0	22	1.05	0.95				
	203	1	60.887769555789475	12.515819297578949	0.0	0.0	2	1.0154488978542913	-9.186976449024145	138.0	21	1.05	0.95				
	204	1	25.031638595157897	5.073980796315789	0.0	0.0	2	1.0149560066598826	-12.016342421257509	138.0	21	1.05	0.95				
	205	1	24.016842435894738	4.735715409894738	0.0	0.0	2	1.0300643799140632	-12.334322914588848	138.0	21	1.05	0.95				
	206	1	46.004092553263156	9.471430819789475	0.0	-100.0	2	1.045259150722027	-12.967236270139784	138.0	22	1.05	0.95				
	207	2	42.28317330263158	8.456634660526316	0.0	0.0	2	1.0008414323107464	-16.964712633306895	138.0	22	1.05	0.95				
	208	1	57.843381078	11.839288524736842	0.0	0.0	2	1.0068088752966704	-15.481097502503196	138.0	22	1.05	0.95				
	209	1	59.196442623684206	12.177553911157894	0.0	0.0	2	1.022229135678069	-10.403197405318819	138.0	23	1.05	0.95				
	210	1	65.96175035210527	13.530615456842106	0.0	0.0	2	1.05	-11.567302669852896	138.0	23	1.05	0.95				
	211	1	0.0	0.0	0.0	0.0	2	0.9989997692131368	-8.616110673016637	230.0	23	1.05	0.95				
	212	1	0.0	0.0	0.0	0.0	2	1.0043312525304633	-6.104861823608103	230.0	23	1.05	0.95				
	213	2	89.64032740157894	18.266330866736844	0.0	0.0	2	0.9887109229672487	-7.589624677343219	230.0	24	1.05	0.95				
	214	2	65.62348496568421	13.192350070421051	0.0	0.0	2	0.9951254432978959	-6.973462745112873	230.0	26	1.05	0.95				
	215	2	107.2301274954737	21.64898473094737	0.0	0.0	2	1.0125891576615318	-1.203104582741449	230.0	26	1.05	0.95				
	216	2	33.82653864210526	6.765307728421053	0.0	0.0	2	1.0099863962263016	-2.5694390364968	230.0	26	1.05	0.95				
	217	1	0.0	0.0	0.0	0.0	2	1.0163856115789758	-0.6141441511689469	230.0	27	1.05	0.95				
	218	2	112.64237367821053	23.002046276631578	0.0	0.0	2	1.0166213856101352	-0.7771967515516072	230.0	27	1.05	0.95				
	219	1	61.226034942210525	12.515819297578949	0.0	0.0	2	1.0046529984743102	-4.011214222811931	230.0	25	1.05	0.95				
	220	1	43.29796946189474	8.794900046947369	0.0	0.0	2	1.00231903291923	-4.58048525404895	230.0	25	1.05	0.95				
	221	2	0.0	0.0	0.0	0.0	2	1.0188210825238433	-0.11840303151145008	230.0	27	1.05	0.95				
	222	2	0.0	0.0	0.0	0.0	2	1.04061424258048	6.296679715473851	230.0	27	1.05	0.95				
	223	2	0.0	0.0	0.0	0.0	2	1.0011905426916639	-4.618797966284466	230.0	25	1.05	0.95				
	224	1	0.0	0.0	0.0	0.0	2	1.003733254778891	-4.233052928084815	230.0	26	1.05	0.95				
	301	2	48.140461894736845	9.806390385964912	0.0	0.0	3	1.0021114539694378	-3.354582110092114	138.0	31	1.05	0.95				
	302	2	43.237266701754386	8.914900350877193	0.0	0.0	3	1.0020617150075082	-3.3937199426092315	138.0	32	1.05	0.95				
	303	1	80.23410315789474	16.492565649122806	0.0	0.0	3	1.014166700242384	-0.6892211833762484	138.0	31	1.05	0.95				
	304	1	32.98513129824561	6.686175263157894	0.0	0.0	3	1.0066980748695133	-1.896851455577891	138.0	31	1.05	0.95				
	305	1	31.64789624561403	6.240430245614036	0.0	0.0	3	1.0197712185317025	-2.0486757850148063	138.0	31	1.05	0.95				
	306	1	60.621322385964916	12.480860491228071	0.0	-100.0	3	1.0383419589233982	-1.8526029156800718	138.0	32	1.05	0.95				
	307	2	55.71812719298246	11.14362543859649	0.0	0.0	3	0.9970748543542551	-4.874354104899626	138.0	32	1.05	0.95				
	308	1	76.222398	15.601075614035087	0.0	0.0	3	1.0064701770548599	-2.931596687489072	138.0	32	1.05	0.95				
	309	1	78.00537807017544	16.04682063157895	0.0	0.0	3	1.0247320597456795	1.1552534427569372	138.0	33	1.05	0.95				
	310	1	86.92027842105263	17.829800701754387	0.0	0.0	3	1.05	0.6844901246409014	138.0	33	1.05	0.95				
	311	1	0.0	0.0	0.0	0.0	3	1.0049735079223872	5.133600051248762	230.0	33	1.05	0.95				
	312	1	0.0	0.0	0.0	0.0	3	1.0109113514652943	6.183405178825499	230.0	33	1.05	0.95				
	313	2	118.12242964912281	24.070230947368422	0.0	0.0	3	1.0121306018321303	10.710922707598868	230.0	34	1.05	0.95				
	314	2	86.47453340350877	17.384055684210526	0.0	0.0	3	0.99962790955752	4.555770329608927	230.0	36	1.05	0.95				
	315	2	141.3011705614035	28.52768112280702	0.0	0.0	3	1.0123468932308965	0.5776311925155463	230.0	36	1.05	0.95				
	316	2	44.57450175438596	8.914900350877193	0.0	0.0	3	1.013078836941421	1.6389615088814347	230.0	36	1.05	0.95				
	317	1	0.0	0.0	0.0	0.0	3	1.0157817283841466	0.9776510149774789	230.0	37	1.05	0.95				
	318	2	148.4330908421053	30.310661192982458	0.0	0.0	3	1.013535240923834	0.02098489143420465	230.0	37	1.05	0.95				
	319	1	80.6798481754386	16.492565649122806	0.0	0.0	3	1.0144895767447102	4.438906156184455	230.0	35	1.05	0.95				
	320	1	57.05536224561404	11.589370456140351	0.0	0.0	3	1.0168761661706025	6.287517945641577	230.0	35	1.05	0.95				
	321	2	0.0	0.0	0.0	0.0	3	1.0152291484353797	0.7848694551546186	230.0	37	1.05	0.95				
	322	2	0.0	0.0	0.0	0.0	3	1.0290986942017508	5.345200684401128	230.0	37	1.05	0.95				
	323	2	0.0	0.0	0.0	0.0	3	1.0178980158857238	7.022190526508265	230.0	35	1.05	0.95				
	324	1	0.0	0.0	0.0	0.0	3	1.0097779168739145	1.022236922734218	230.0	36	1.05	0.95				
	325	1	0.0	0.0	0.0	0.0	3	1.0199474330681426	7.3310341603537905	230.0	35	1.05	0.95				
];
