%% MATPOWER Case Format : Version 2
function mpc = RTS_GMLC
mpc.version = '2';

%%-----  Power Flow Data  -----%%
%% system MVA base
mpc.baseMVA = 100.0;
%% bus data
%    bus_i    type    Pd    Qd    Gs    Bs    area    Vm    Va    baseKV    zone    Vmax    Vmin
mpc.bus = [
	101	2	45.38297872421053	9.244680851228072	0.0	0.0	1	1.0244737306971425	-3.250966084267984	138.0	11	1.05	0.95				
	102	2	40.76063829859649	8.404255319298247	0.0	0.0	1	1.0236250388207457	-3.465828026262884	138.0	12	1.05	0.95				
	103	1	75.63829787368421	15.547872340701755	0.0	0.0	1	1.029857281500533	-0.94455511089369	138.0	11	1.05	0.95				
	104	1	31.09574468140351	6.303191489473685	0.0	0.0	1	1.0213848295966965	-3.927761988288425	138.0	11	1.05	0.95				
	105	1	29.835106383508776	5.8829787235087725	0.0	0.0	1	1.0321184409693016	-4.978979583127935	138.0	11	1.05	0.95				
	106	1	57.14893617122808	11.765957447017545	0.0	-100.0	1	1.0441709091532676	-6.4217561693978364	138.0	12	1.05	0.95				
	107	2	52.52659574561404	10.505319149122808	0.0	0.0	1	1.0033012217461366	-9.308611941551444	138.0	12	1.05	0.95				
	108	1	71.85638298	14.707446808771929	0.0	0.0	1	1.0069527920291448	-8.637962782838496	138.0	12	1.05	0.95				
	109	1	73.53723404385966	15.127659574736843	0.0	0.0	1	1.0251100623325262	-3.8331865522296416	138.0	13	1.05	0.95				
	110	1	81.9414893631579	16.808510638596495	0.0	0.0	1	1.05	-5.379411763302726	138.0	13	1.05	0.95				
	111	1	0.0	0.0	0.0	0.0	1	1.0037458753243715	-1.723650257089026	230.0	13	1.05	0.95				
	112	1	0.0	0.0	0.0	0.0	1	1.0071706086641652	-1.840793578112542	230.0	13	1.05	0.95				
	113	3	111.35638298070177	22.691489362105266	0.0	0.0	1	0.9979452308441351	-1.7630376263435094e-29	230.0	14	1.05	0.95				
	114	2	81.52127659719298	16.38829787263158	0.0	0.0	1	1.0008858646981837	-0.2008307132470832	230.0	16	1.05	0.95				
	115	2	133.2074468108772	26.89361702175439	0.0	0.0	1	1.0289126200745127	5.294773109327515	230.0	16	1.05	0.95				
	116	2	42.021276596491234	8.404255319298247	0.0	0.0	1	1.0254135288251969	4.464729152423973	230.0	16	1.05	0.95				
	117	1	0.0	0.0	0.0	0.0	1	1.0326806206885217	7.737030118447536	230.0	17	1.05	0.95				
	118	2	139.9308510663158	28.57446808561404	0.0	0.0	1	1.0354217692535848	8.277952436445817	230.0	17	1.05	0.95				
	119	1	76.05851063964913	15.547872340701755	0.0	0.0	1	1.0171914900417465	2.775388654731899	230.0	15	1.05	0.95				
	120	1	53.78723404350878	10.92553191508772	0.0	0.0	1	1.012195181600413	1.5078590955850346	230.0	15	1.05	0.95				
	121	2	0.0	0.0	0.0	0.0	1	1.0369114270399333	9.381736461845987	230.0	17	1.05	0.95				
	122	2	0.0	0.0	0.0	0.0	1	1.05	16.779813141709063	230.0	17	1.05	0.95				
	123	2	0.0	0.0	0.0	0.0	1	1.0100109147858642	1.1400098411815707	230.0	15	1.05	0.95				
	124	1	0.0	0.0	0.0	0.0	1	1.02089935530011	2.93341633267752	230.0	16	1.05	0.95				
	201	2	41.615614686315794	8.477254843508772	0.0	0.0	2	1.0154375412416907	-7.745842231529074	138.0	21	1.05	0.95				
	202	2	37.3769872645614	7.706595312280702	0.0	0.0	2	1.0146193183587047	-7.953645991359687	138.0	22	1.05	0.95				
	203	1	69.35935781052632	14.257201327719299	0.0	0.0	2	1.0149971212872066	-6.271231008705705	138.0	21	1.05	0.95				
	204	1	28.514402655438598	5.779946484210527	0.0	0.0	2	1.0136716422222816	-7.382485932221911	138.0	21	1.05	0.95				
	205	1	27.35841335859649	5.394616718596492	0.0	0.0	2	1.0280261346199087	-7.594812551767334	138.0	21	1.05	0.95				
	206	1	52.40484812350877	10.789233437192983	0.0	-100.0	2	1.0433406965758651	-7.999853694306395	138.0	22	1.05	0.95				
	207	2	48.16622070175438	9.633244140350877	0.0	0.0	2	0.9985637435092696	-12.629071253286071	138.0	22	1.05	0.95				
	208	1	65.89138992	13.486541796491228	0.0	0.0	2	1.0040299025750385	-10.909257642160648	138.0	22	1.05	0.95				
	209	1	67.43270898245615	13.871871562105262	0.0	0.0	2	1.0238554038441239	-5.320120137588582	138.0	23	1.05	0.95				
	210	1	75.13930429473685	15.413190624561404	0.0	0.0	2	1.05	-6.202684590014768	138.0	23	1.05	0.95				
	211	1	0.0	0.0	0.0	0.0	2	1.00126495393764	-3.3602663612662265	230.0	23	1.05	0.95				
	212	1	0.0	0.0	0.0	0.0	2	1.0086954487780904	1.3599961690035705	230.0	23	1.05	0.95				
	213	2	102.11238788771931	20.807807343157897	0.0	0.0	2	0.9948183409708418	-1.2426004512740096	230.0	24	1.05	0.95				
	214	2	74.7539745291228	15.02786085894737	0.0	0.0	2	0.9957721027840327	-2.654947555219967	230.0	26	1.05	0.95				
	215	2	122.14953569964912	24.661104999298246	0.0	0.0	2	1.015611674167869	1.362975735057387	230.0	26	1.05	0.95				
	216	2	38.53297656140351	7.706595312280702	0.0	0.0	2	1.0131526350190094	0.7164274652376259	230.0	26	1.05	0.95				
	217	1	0.0	0.0	0.0	0.0	2	1.0193073536860953	1.8024042415796289	230.0	27	1.05	0.95				
	218	2	128.3148119494737	26.202424061754385	0.0	0.0	2	1.0191788816317529	1.592531127977252	230.0	27	1.05	0.95				
	219	1	69.74468757614035	14.257201327719299	0.0	0.0	2	1.0109880580022699	0.6692326925597465	230.0	25	1.05	0.95				
	220	1	49.32220999859649	10.018573905964914	0.0	0.0	2	1.0115660932398887	1.404519115998605	230.0	25	1.05	0.95				
	221	2	0.0	0.0	0.0	0.0	2	1.0215051461053333	2.314251704846546	230.0	27	1.05	0.95				
	222	2	0.0	0.0	0.0	0.0	2	1.0431884715867832	8.689928866749927	230.0	27	1.05	0.95				
	223	2	0.0	0.0	0.0	0.0	2	1.0124733614050658	2.1148596181969195	230.0	25	1.05	0.95				
	224	1	0.0	0.0	0.0	0.0	2	1.0057797216621058	-1.5228465667415048	230.0	26	1.05	0.95				
	301	2	51.24960454736842	10.439734259649121	0.0	0.0	3	1.0047577454532564	9.758072352003994	138.0	31	1.05	0.95				
	302	2	46.029737417543856	9.49066750877193	0.0	0.0	3	1.0044123418144497	9.516018777991802	138.0	32	1.05	0.95				
	303	1	85.41600757894736	17.55773489122807	0.0	0.0	3	1.040056101589386	18.630114359335785	138.0	31	1.05	0.95				
	304	1	35.11546978245614	7.118000631578947	0.0	0.0	3	1.0076028089197209	10.515179735675186	138.0	31	1.05	0.95				
	305	1	33.69186965614035	6.643467256140351	0.0	0.0	3	1.0212668155994549	9.85800886813365	138.0	31	1.05	0.95				
	306	1	64.53653905964913	13.286934512280702	0.0	-100.0	3	1.0382439782136805	9.347228212145533	138.0	32	1.05	0.95				
	307	2	59.31667192982456	11.863334385964912	0.0	0.0	3	0.9811928931319917	4.205383700148741	138.0	32	1.05	0.95				
	308	1	81.14520719999999	16.608668140350876	0.0	0.0	3	0.9913865844266444	6.339640230727392	138.0	32	1.05	0.95				
	309	1	83.04334070175439	17.083201515789472	0.0	0.0	3	1.0250423316438888	13.284400136694938	138.0	33	1.05	0.95				
	310	1	92.53400821052631	18.98133501754386	0.0	0.0	3	1.05	11.487723451655345	138.0	33	1.05	0.95				
	311	1	0.0	0.0	0.0	0.0	3	1.0080682240967798	15.48780101551289	230.0	33	1.05	0.95				
	312	1	0.0	0.0	0.0	0.0	3	1.0151015792693	15.6713254975964	230.0	33	1.05	0.95				
	313	2	125.75134449122807	25.62480227368421	0.0	0.0	3	1.0109733031817836	17.522861397969304	230.0	34	1.05	0.95				
	314	2	92.05947483508771	18.506801642105263	0.0	0.0	3	1.0027042342978327	16.910705327460313	230.0	36	1.05	0.95				
	315	2	150.42708001403508	30.370136028070178	0.0	0.0	3	1.0300933697248646	14.597706618616634	230.0	36	1.05	0.95				
	316	2	47.45333754385965	9.49066750877193	0.0	0.0	3	1.0245244033370229	14.794048917625387	230.0	36	1.05	0.95				
	317	1	0.0	0.0	0.0	0.0	3	1.0351281888042816	15.41980623837632	230.0	37	1.05	0.95				
	318	2	158.01961402105263	32.268269529824565	0.0	0.0	3	1.0336724389430618	13.653390465246778	230.0	37	1.05	0.95				
	319	1	85.89054095438597	17.55773489122807	0.0	0.0	3	1.0222981617759843	15.518460670061812	230.0	35	1.05	0.95				
	320	1	60.740272056140356	12.337867761403508	0.0	0.0	3	1.019662865347076	15.261032073320912	230.0	35	1.05	0.95				
	321	2	0.0	0.0	0.0	0.0	3	1.03451716767758	14.56244953534835	230.0	37	1.05	0.95				
	322	2	0.0	0.0	0.0	0.0	3	1.0483051213809347	19.219100367913803	230.0	37	1.05	0.95				
	323	2	0.0	0.0	0.0	0.0	3	1.0179154981590706	15.052672506670673	230.0	35	1.05	0.95				
	324	1	0.0	0.0	0.0	0.0	3	1.0340408782805888	18.39714886411118	230.0	36	1.05	0.95				
	325	1	0.0	0.0	0.0	0.0	3	1.0209444334348516	14.577137849640302	230.0	35	1.05	0.95				
];
