%% MATPOWER Case Format : Version 2
function mpc = RTS_GMLC
mpc.version = '2';

%%-----  Power Flow Data  -----%%
%% system MVA base
mpc.baseMVA = 100.0;
%% bus data
%    bus_i    type    Pd    Qd    Gs    Bs    area    Vm    Va    baseKV    zone    Vmax    Vmin
mpc.bus = [
	101	2	71.50123701473686	14.565066799298245	0.0	0.0	1	1.0497981920889077	0.9065259309673417	138.0	11	1.05	0.95				
	102	2	64.21870361508772	13.24096981754386	0.0	0.0	1	1.0485858781698485	0.507631805603263	138.0	12	1.05	0.95				
	103	1	119.16872835789474	24.49579416245614	0.0	0.0	1	1.0318560729666169	-0.09347256816773598	138.0	11	1.05	0.95				
	104	1	48.99158832491228	9.930727363157894	0.0	0.0	1	1.026915939182303	-2.9610531382037464	138.0	11	1.05	0.95				
	105	1	47.0054428522807	9.268678872280702	0.0	0.0	1	1.0401595157673065	-3.3856336779560694	138.0	11	1.05	0.95				
	106	1	90.03859475929825	18.537357744561405	0.0	-100.0	1	1.041721162041235	-6.48602583622993	138.0	12	1.05	0.95				
	107	2	82.75606135964912	16.551212271929824	0.0	0.0	1	0.9985639734085436	-14.354810157145218	138.0	12	1.05	0.95				
	108	1	113.21029193999999	23.171697180701752	0.0	0.0	1	0.9945032565800739	-12.460390802175908	138.0	12	1.05	0.95				
	109	1	115.85848590350878	23.833745671578946	0.0	0.0	1	1.025700870673363	-4.25313942003542	138.0	13	1.05	0.95				
	110	1	129.09945572105264	26.48193963508772	0.0	0.0	1	1.05	-5.737903152754927	138.0	13	1.05	0.95				
	111	1	0.0	0.0	0.0	0.0	1	1.013485908557091	-1.4815241621520892	230.0	13	1.05	0.95				
	112	1	0.0	0.0	0.0	0.0	1	1.0156690640348676	-1.2538551602568337	230.0	13	1.05	0.95				
	113	3	175.44285008245612	35.75061850736843	0.0	0.0	1	1.0130036508345301	3.219386166978312e-29	230.0	14	1.05	0.95				
	114	2	128.43740723017544	25.819891144210526	0.0	0.0	1	1.0174165317382244	0.7804195423930295	230.0	16	1.05	0.95				
	115	2	209.86937160807017	42.37110341614035	0.0	0.0	1	1.0440826085926684	8.83106666024664	230.0	16	1.05	0.95				
	116	2	66.2048490877193	13.24096981754386	0.0	0.0	1	1.0421423873822981	7.957417334850542	230.0	16	1.05	0.95				
	117	1	0.0	0.0	0.0	0.0	1	1.0457642430149252	11.684065539596942	230.0	17	1.05	0.95				
	118	2	220.46214746210526	45.019297379649124	0.0	0.0	1	1.0485262859841247	12.580143948736001	230.0	17	1.05	0.95				
	119	1	119.83077684877192	24.49579416245614	0.0	0.0	1	1.034775492401286	5.950789678960784	230.0	15	1.05	0.95				
	120	1	84.7422068322807	17.213260762807018	0.0	0.0	1	1.033485088491881	4.933727251433466	230.0	15	1.05	0.95				
	121	2	0.0	0.0	0.0	0.0	1	1.05	14.42512362031041	230.0	17	1.05	0.95				
	122	2	0.0	0.0	0.0	0.0	1	1.05	20.058629175645425	230.0	17	1.05	0.95				
	123	2	0.0	0.0	0.0	0.0	1	1.034347303489838	4.87060619727397	230.0	15	1.05	0.95				
	124	1	0.0	0.0	0.0	0.0	1	1.02822699113991	5.4965871903585874	230.0	16	1.05	0.95				
	201	2	68.4923658063158	13.95214859017544	0.0	0.0	2	1.0245924040739784	-12.229525291757746	138.0	21	1.05	0.95				
	202	2	61.51629151122807	12.683771445614036	0.0	0.0	2	1.0256540624355863	-12.02138259796232	138.0	22	1.05	0.95				
	203	1	114.15394301052632	23.464977174385968	0.0	0.0	2	1.0140954320668845	-11.227382824766114	138.0	21	1.05	0.95				
	204	1	46.929954348771936	9.512828584210526	0.0	0.0	2	1.014664114268127	-12.730501480869181	138.0	21	1.05	0.95				
	205	1	45.027388631929824	8.878640011929827	0.0	0.0	2	1.0293021527246538	-13.082301967650425	138.0	21	1.05	0.95				
	206	1	86.24964583017545	17.757280023859654	0.0	-100.0	2	1.038690138631123	-14.119584106932912	138.0	22	1.05	0.95				
	207	2	79.27357153508773	15.854714307017545	0.0	0.0	2	0.9856022261535642	-23.179673803139973	138.0	22	1.05	0.95				
	208	1	108.44624586	22.196600029824562	0.0	0.0	2	0.9856690833434273	-20.10944898975364	138.0	22	1.05	0.95				
	209	1	110.98300014912282	22.830788602105265	0.0	0.0	2	1.0253315652522481	-10.71707990621347	138.0	23	1.05	0.95				
	210	1	123.66677159473684	25.367542891228073	0.0	0.0	2	1.05	-11.922151225193057	138.0	23	1.05	0.95				
	211	1	0.0	0.0	0.0	0.0	2	1.0171232862220398	-7.252479691726232	230.0	23	1.05	0.95				
	212	1	0.0	0.0	0.0	0.0	2	1.0204211862039436	-1.9521239405839594	230.0	23	1.05	0.95				
	213	2	168.05997165438598	34.2461829031579	0.0	0.0	2	1.0230154896561725	-4.192451244459202	230.0	24	1.05	0.95				
	214	2	123.03258302245614	24.73335431894737	0.0	0.0	2	1.0214642993262661	-5.872316009869814	230.0	26	1.05	0.95				
	215	2	201.03777741298248	40.588068625964915	0.0	0.0	2	1.0347167822366332	-0.16410926487571043	230.0	26	1.05	0.95				
	216	2	63.41885722807018	12.683771445614036	0.0	0.0	2	1.0361255633868796	-0.015034723202696202	230.0	26	1.05	0.95				
	217	1	0.0	0.0	0.0	0.0	2	1.037830241775457	1.1945766673749556	230.0	27	1.05	0.95				
	218	2	211.18479456947372	43.12482291508773	0.0	0.0	2	1.0360284680553022	0.31887107483628324	230.0	27	1.05	0.95				
	219	1	114.78813158280703	23.464977174385968	0.0	0.0	2	1.0368498673669364	1.04752478508153	230.0	25	1.05	0.95				
	220	1	81.17613725192983	16.488902879298248	0.0	0.0	2	1.0433221107161477	3.1653177834136055	230.0	25	1.05	0.95				
	221	2	0.0	0.0	0.0	0.0	2	1.0379004755766268	0.9700822531429678	230.0	27	1.05	0.95				
	222	2	0.0	0.0	0.0	0.0	2	1.05	7.558905942344597	230.0	27	1.05	0.95				
	223	2	0.0	0.0	0.0	0.0	2	1.049354804326653	4.780758818064373	230.0	25	1.05	0.95				
	224	1	0.0	0.0	0.0	0.0	2	1.0132747227370835	-4.267970934987047	230.0	26	1.05	0.95				
	301	2	63.99367287157895	13.03574817754386	0.0	0.0	3	0.9887286231900557	12.69481437195083	138.0	31	1.05	0.95				
	302	2	57.47579878280702	11.85068016140351	0.0	0.0	3	0.9884543761273377	12.69211577798285	138.0	32	1.05	0.95				
	303	1	106.65612145263157	21.92375829859649	0.0	0.0	3	1.0135444182126783	14.54091026426494	138.0	31	1.05	0.95				
	304	1	43.84751659719298	8.88801012105263	0.0	0.0	3	0.9983673205749576	14.766602962681338	138.0	31	1.05	0.95				
	305	1	42.069914572982455	8.295476112982456	0.0	0.0	3	1.0098954613258553	14.872400720863322	138.0	31	1.05	0.95				
	306	1	80.58462509754386	16.590952225964912	0.0	-100.0	3	1.030220629004005	15.411305529397474	138.0	32	1.05	0.95				
	307	2	74.06675100877193	14.813350201754385	0.0	0.0	3	0.9818164904094191	12.366332611106643	138.0	32	1.05	0.95				
	308	1	101.32331538	20.738690282456137	0.0	0.0	3	0.9974814862698196	14.971870547980267	138.0	32	1.05	0.95				
	309	1	103.6934514122807	21.331224290526315	0.0	0.0	3	1.0275324905655139	18.86341707326705	138.0	33	1.05	0.95				
	310	1	115.5441315736842	23.70136032280702	0.0	0.0	3	1.05	18.92358401722579	138.0	33	1.05	0.95				
	311	1	0.0	0.0	0.0	0.0	3	1.0184794223439144	24.86510796074598	230.0	33	1.05	0.95				
	312	1	0.0	0.0	0.0	0.0	3	1.0254090184031943	26.307190897740043	230.0	33	1.05	0.95				
	313	2	157.02151213859648	31.996836435789476	0.0	0.0	3	1.049244667782173	34.24755692455948	230.0	34	1.05	0.95				
	314	2	114.95159756561404	23.10882631473684	0.0	0.0	3	1.0196851472039172	22.392571992459114	230.0	36	1.05	0.95				
	315	2	187.8332805582456	37.92217651649123	0.0	0.0	3	1.0388990535636289	15.047476858858504	230.0	36	1.05	0.95				
	316	2	59.25340080701754	11.85068016140351	0.0	0.0	3	1.041621443567026	16.502940845938376	230.0	36	1.05	0.95				
	317	1	0.0	0.0	0.0	0.0	3	1.044530257898876	14.837744931963385	230.0	37	1.05	0.95				
	318	2	197.31382468736842	40.29231254877193	0.0	0.0	3	1.0435271178418173	13.399156662440573	230.0	37	1.05	0.95				
	319	1	107.24865546070174	21.92375829859649	0.0	0.0	3	1.042154945127437	19.728022346105792	230.0	35	1.05	0.95				
	320	1	75.84435303298245	15.40588420982456	0.0	0.0	3	1.0457787019277174	22.12029014462568	230.0	35	1.05	0.95				
	321	2	0.0	0.0	0.0	0.0	3	1.0430389424115274	14.521094179896412	230.0	37	1.05	0.95				
	322	2	0.0	0.0	0.0	0.0	3	1.05	18.973570286943882	230.0	37	1.05	0.95				
	323	2	0.0	0.0	0.0	0.0	3	1.0476484546388407	22.968702440553844	230.0	35	1.05	0.95				
	324	1	0.0	0.0	0.0	0.0	3	1.0276949579455	16.971692788468342	230.0	36	1.05	0.95				
	325	1	0.0	0.0	0.0	0.0	3	1.0493100551080585	22.24872776076979	230.0	35	1.05	0.95				
];
