%% MATPOWER Case Format : Version 2
function mpc = RTS_GMLC
mpc.version = '2';

%%-----  Power Flow Data  -----%%
%% system MVA base
mpc.baseMVA = 100.0;
%% bus data
%    bus_i    type    Pd    Qd    Gs    Bs    area    Vm    Va    baseKV    zone    Vmax    Vmin
mpc.bus = [
	101	2	85.02127658526317	17.319148934035088	0.0	0.0	1	1.045419050713145	1.009487259482734	138.0	11	1.05	0.95				
	102	2	76.36170211824562	15.744680849122808	0.0	0.0	1	1.0452598045704604	0.885261855979504	138.0	12	1.05	0.95				
	103	1	141.70212764210527	29.127659570877196	0.0	0.0	1	1.0233158364580541	-1.259759262018171	138.0	11	1.05	0.95				
	104	1	58.25531914175439	11.808510636842104	0.0	0.0	1	1.023244877500582	-2.798192682419755	138.0	11	1.05	0.95				
	105	1	55.89361701438597	11.021276594385967	0.0	0.0	1	1.0364859307032566	-3.1332612882654263	138.0	11	1.05	0.95				
	106	1	107.0638297740351	22.042553188771933	0.0	-100.0	1	1.0373192830435962	-6.17918508323264	138.0	12	1.05	0.95				
	107	2	98.40425530701755	19.68085106140351	0.0	0.0	1	1.05	-3.387745594922692	138.0	12	1.05	0.95				
	108	1	134.61702126	27.553191485964913	0.0	0.0	1	1.0245569452485654	-6.173042618158091	138.0	12	1.05	0.95				
	109	1	137.76595742982457	28.340425528421054	0.0	0.0	1	1.0270249877140643	-3.579147316534693	138.0	13	1.05	0.95				
	110	1	153.51063827894737	31.489361698245617	0.0	0.0	1	1.05	-4.915265059885651	138.0	13	1.05	0.95				
	111	1	0.0	0.0	0.0	0.0	1	1.0139756400867428	-1.198588158837664	230.0	13	1.05	0.95				
	112	1	0.0	0.0	0.0	0.0	1	1.0165441719172548	-0.2553266837216413	230.0	13	1.05	0.95				
	113	3	208.6170212508772	42.51063829263158	0.0	0.0	1	1.0139418300929552	2.1538046550331817e-32	230.0	14	1.05	0.95				
	114	2	152.72340423649123	30.702127655789475	0.0	0.0	1	1.0158127802423198	0.8505721634850206	230.0	16	1.05	0.95				
	115	2	249.5531914585965	50.382978717192984	0.0	0.0	1	1.0452879860720234	8.828153854201178	230.0	16	1.05	0.95				
	116	2	78.72340424561403	15.744680849122808	0.0	0.0	1	1.0436444092702313	8.491170410901649	230.0	16	1.05	0.95				
	117	1	0.0	0.0	0.0	0.0	1	1.0473200609966582	11.546913216577021	230.0	17	1.05	0.95				
	118	2	262.14893613789474	53.53191488701755	0.0	0.0	1	1.0494935228020066	12.163717600980814	230.0	17	1.05	0.95				
	119	1	142.4893616845614	29.127659570877196	0.0	0.0	1	1.0379345659190018	7.369035436831109	230.0	15	1.05	0.95				
	120	1	100.76595743438597	20.46808510385965	0.0	0.0	1	1.0395096162649098	7.633426635329054	230.0	15	1.05	0.95				
	121	2	0.0	0.0	0.0	0.0	1	1.05	12.734517402989237	230.0	17	1.05	0.95				
	122	2	0.0	0.0	0.0	0.0	1	1.05	19.332555174137358	230.0	17	1.05	0.95				
	123	2	0.0	0.0	0.0	0.0	1	1.0426410788690574	8.35865050131229	230.0	15	1.05	0.95				
	124	1	0.0	0.0	0.0	0.0	1	1.0244130518126684	5.092992990455031	230.0	16	1.05	0.95				
	201	2	94.70612307789474	19.291988034385966	0.0	0.0	2	1.05	-9.396166135748713	138.0	21	1.05	0.95				
	202	2	85.06012906070175	17.538170940350877	0.0	0.0	2	1.05	-9.422250567980361	138.0	22	1.05	0.95				
	203	1	157.84353846315787	32.44561623964912	0.0	0.0	2	1.026040720174234	-6.838285027930707	138.0	21	1.05	0.95				
	204	1	64.89123247929824	13.153628205263157	0.0	0.0	2	1.021517910335368	-11.02424541610194	138.0	21	1.05	0.95				
	205	1	62.26050683824561	12.276719658245614	0.0	0.0	2	1.0388389057376162	-11.427389982859413	138.0	21	1.05	0.95				
	206	1	119.25956239438598	24.55343931649123	0.0	-100.0	2	1.0371249186863964	-13.370441931758162	138.0	22	1.05	0.95				
	207	2	109.61356837719298	21.922713675438597	0.0	0.0	2	0.95	-24.15934498138714	138.0	22	1.05	0.95				
	208	1	149.95136154	30.691799145614034	0.0	0.0	2	0.9546050919965596	-20.827646100012338	138.0	22	1.05	0.95				
	209	1	153.4589957280702	31.568707692631577	0.0	0.0	2	1.026542718434698	-8.824512929853707	138.0	23	1.05	0.95				
	210	1	170.99716666842104	35.076341880701754	0.0	0.0	2	1.0499735473762073	-10.769463562292499	138.0	23	1.05	0.95				
	211	1	0.0	0.0	0.0	0.0	2	1.0330743045606698	-4.109418287486508	230.0	23	1.05	0.95				
	212	1	0.0	0.0	0.0	0.0	2	1.0279168774925889	0.15279924431026956	230.0	23	1.05	0.95				
	213	2	232.38076495964913	47.35306153894737	0.0	0.0	2	1.05	0.20050534552665003	230.0	24	1.05	0.95				
	214	2	170.1202581214035	34.19943333368421	0.0	0.0	2	1.05	-2.448321402335885	230.0	26	1.05	0.95				
	215	2	277.9800094045614	56.122147009122806	0.0	0.0	2	1.044476172384069	5.368724808268728	230.0	26	1.05	0.95				
	216	2	87.69085470175439	17.538170940350877	0.0	0.0	2	1.0489512524992357	5.323277700207919	230.0	26	1.05	0.95				
	217	1	0.0	0.0	0.0	0.0	2	1.0494108029528417	8.244631465332661	230.0	27	1.05	0.95				
	218	2	292.0105461568421	59.62978119719299	0.0	0.0	2	1.0499999988450703	8.860356531345127	230.0	27	1.05	0.95				
	219	1	158.72044701017543	32.44561623964912	0.0	0.0	2	1.0426915884128183	5.003692260175655	230.0	25	1.05	0.95				
	220	1	112.24429401824561	22.79962222245614	0.0	0.0	2	1.0453757668961616	6.364915561950936	230.0	25	1.05	0.95				
	221	2	0.0	0.0	0.0	0.0	2	1.05	9.42374032158637	230.0	27	1.05	0.95				
	222	2	0.0	0.0	0.0	0.0	2	1.05	15.473034140959895	230.0	27	1.05	0.95				
	223	2	0.0	0.0	0.0	0.0	2	1.05	7.746159397882264	230.0	25	1.05	0.95				
	224	1	0.0	0.0	0.0	0.0	2	1.0222089222602468	0.8277840956865689	230.0	26	1.05	0.95				
	301	2	98.65548875368421	20.09648844982456	0.0	0.0	3	0.9895074782409512	-22.59317410263578	138.0	31	1.05	0.95				
	302	2	88.60724452877193	18.269534954385964	0.0	0.0	3	0.990435940107925	-23.095723354669637	138.0	32	1.05	0.95				
	303	1	164.42581458947367	33.79863966561403	0.0	0.0	3	0.9875538278658885	-14.99068300326946	138.0	31	1.05	0.95				
	304	1	67.59727933122807	13.702151215789474	0.0	0.0	3	0.9713707465799714	-21.169464057251204	138.0	31	1.05	0.95				
	305	1	64.85684908807016	12.788674468070177	0.0	0.0	3	0.9860105216000881	-21.90490546537983	138.0	31	1.05	0.95				
	306	1	124.23283768982456	25.577348936140353	0.0	-100.0	3	0.9887770406640789	-22.56862473894455	138.0	32	1.05	0.95				
	307	2	114.18459346491228	22.836918692982454	0.0	0.0	3	0.9555927795027671	-24.972088245994705	138.0	32	1.05	0.95				
	308	1	156.20452386	31.971686170175435	0.0	0.0	3	0.95	-23.80295251337932	138.0	32	1.05	0.95				
	309	1	159.8584308508772	32.88516291789473	0.0	0.0	3	0.9912609919590023	-15.574966078496447	138.0	33	1.05	0.95				
	310	1	178.12796580526316	36.53906990877193	0.0	0.0	3	1.0092713966216131	-18.05557561262398	138.0	33	1.05	0.95				
	311	1	0.0	0.0	0.0	0.0	3	0.9958127522419667	-7.745115365191142	230.0	33	1.05	0.95				
	312	1	0.0	0.0	0.0	0.0	3	0.9924314361313733	-6.947659000365189	230.0	33	1.05	0.95				
	313	2	242.07133814561402	49.327744376842105	0.0	0.0	3	1.0238962024912641	-1.0356143167044825	230.0	34	1.05	0.95				
	314	2	177.21448905754386	35.625593161052635	0.0	0.0	3	1.019923974581091	-5.058804746883317	230.0	36	1.05	0.95				
	315	2	289.5721290270175	58.462511854035085	0.0	0.0	3	1.0477237959113626	0.013687988418258922	230.0	36	1.05	0.95				
	316	2	91.34767477192982	18.269534954385964	0.0	0.0	3	1.0499999533231952	0.6199662648213168	230.0	36	1.05	0.95				
	317	1	0.0	0.0	0.0	0.0	3	1.0495415991897827	2.2292219197731864	230.0	37	1.05	0.95				
	318	2	304.1877569905263	62.11641884491228	0.0	0.0	3	1.0479559988507812	2.0941360911570346	230.0	37	1.05	0.95				
	319	1	165.33929133719298	33.79863966561403	0.0	0.0	3	1.0422464572291632	0.7132306687823013	230.0	35	1.05	0.95				
	320	1	116.92502370807017	23.750395440701755	0.0	0.0	3	1.0407738197403347	1.1994532350058644	230.0	35	1.05	0.95				
	321	2	0.0	0.0	0.0	0.0	3	1.05	3.33237518165638	230.0	37	1.05	0.95				
	322	2	0.0	0.0	0.0	0.0	3	1.05	8.675507928726871	230.0	37	1.05	0.95				
	323	2	0.0	0.0	0.0	0.0	3	1.0424122477692865	1.9631925494273366	230.0	35	1.05	0.95				
	324	1	0.0	0.0	0.0	0.0	3	1.0081768461548242	-3.6622614249515775	230.0	36	1.05	0.95				
	325	1	0.0	0.0	0.0	0.0	3	1.0406345675092874	2.8635277735762767	230.0	35	1.05	0.95				
];
