%% MATPOWER Case Format : Version 2
function mpc = RTS_GMLC
mpc.version = '2';

%%-----  Power Flow Data  -----%%
%% system MVA base
mpc.baseMVA = 100.0;
%% bus data
%    bus_i    type    Pd    Qd    Gs    Bs    area    Vm    Va    baseKV    zone    Vmax    Vmin
mpc.bus = [
	101	2	37.31370608463158	7.600940128350878	0.0	0.0	1	1.0309979839776147	4.41978448223934	138.0	11	1.05	0.95				
	102	2	33.51323602045614	6.90994557122807	0.0	0.0	1	1.030098916366031	4.1503326193217855	138.0	12	1.05	0.95				
	103	1	62.18951014105263	12.783399306771928	0.0	0.0	1	1.031775252384586	2.893175304818848	138.0	11	1.05	0.95				
	104	1	25.566798613543856	5.182459178421053	0.0	0.0	1	1.021424774910084	0.9057678439415962	138.0	11	1.05	0.95				
	105	1	24.530306777859646	4.8369618998596495	0.0	0.0	1	1.03550436589749	1.1324930829908173	138.0	11	1.05	0.95				
	106	1	46.98762988435088	9.673923799719299	0.0	-100.0	1	1.0468686251211008	-1.1136822187580604	138.0	12	1.05	0.95				
	107	2	43.18715982017544	8.637431964035088	0.0	0.0	1	0.9994287538642802	-7.785020254402537	138.0	12	1.05	0.95				
	108	1	59.080034634	12.092404749649122	0.0	0.0	1	1.00577507303107	-5.849722199147394	138.0	12	1.05	0.95				
	109	1	60.462023748245606	12.437902028210525	0.0	0.0	1	1.0246671126748275	-0.3370665126872395	138.0	13	1.05	0.95				
	110	1	67.37196931947368	13.81989114245614	0.0	0.0	1	1.05	-1.1013980804854568	138.0	13	1.05	0.95				
	111	1	0.0	0.0	0.0	0.0	1	1.0021407772794093	1.0323401158543233	230.0	13	1.05	0.95				
	112	1	0.0	0.0	0.0	0.0	1	1.007875577956126	0.799563729108802	230.0	13	1.05	0.95				
	113	3	91.55677881877192	18.65685304231579	0.0	0.0	1	0.9915271576773983	-2.8521710178585807e-27	230.0	14	1.05	0.95				
	114	2	67.02647204091228	13.474393863894738	0.0	0.0	1	0.9996172538095388	3.8136330832466543	230.0	16	1.05	0.95				
	115	2	109.5226373039649	22.111825827929824	0.0	0.0	1	1.039641793737134	10.149530461849881	230.0	16	1.05	0.95				
	116	2	34.54972785614035	6.90994557122807	0.0	0.0	1	1.0363912069436185	9.617019728425431	230.0	16	1.05	0.95				
	117	1	0.0	0.0	0.0	0.0	1	1.0421295924770617	12.871573432022222	230.0	17	1.05	0.95				
	118	2	115.05059376094738	23.49381494217544	0.0	0.0	1	1.0472584692738558	12.834171880187792	230.0	17	1.05	0.95				
	119	1	62.53500741961403	12.783399306771928	0.0	0.0	1	1.0283764086202662	7.55885321989706	230.0	15	1.05	0.95				
	120	1	44.22365165585965	8.98292924259649	0.0	0.0	1	1.0241613946754013	6.425901752923284	230.0	15	1.05	0.95				
	121	2	0.0	0.0	0.0	0.0	1	1.05	13.609867040974736	230.0	17	1.05	0.95				
	122	2	0.0	0.0	0.0	0.0	1	1.05	26.340550674097347	230.0	17	1.05	0.95				
	123	2	0.0	0.0	0.0	0.0	1	1.0220045006782732	6.069460478942097	230.0	15	1.05	0.95				
	124	1	0.0	0.0	0.0	0.0	1	1.0272427779236253	7.429372558475185	230.0	16	1.05	0.95				
	201	2	45.45757909894737	9.259877223859649	0.0	0.0	2	1.0232175298979538	-10.9370019308599	138.0	21	1.05	0.95				
	202	2	40.82764048701754	8.418070203508773	0.0	0.0	2	1.0238943830395357	-10.845704841429924	138.0	22	1.05	0.95				
	203	1	75.76263183157896	15.573429876491227	0.0	0.0	2	1.015635761308253	-9.106942770615776	138.0	21	1.05	0.95				
	204	1	31.146859752982454	6.313552652631578	0.0	0.0	2	1.0165328278559465	-12.221276325063064	138.0	21	1.05	0.95				
	205	1	29.884149222456134	5.892649142456142	0.0	0.0	2	1.0314968085613931	-12.562943124062903	138.0	21	1.05	0.95				
	206	1	57.24287738385965	11.785298284912283	0.0	-100.0	2	1.044196611510854	-13.877045740191475	138.0	22	1.05	0.95				
	207	2	52.61293877192983	10.522587754385965	0.0	0.0	2	0.9925826191076916	-19.782499950879096	138.0	22	1.05	0.95				
	208	1	71.97450024	14.73162285614035	0.0	0.0	2	0.9987675155724739	-17.884486620286616	138.0	22	1.05	0.95				
	209	1	73.65811428070175	15.152526366315788	0.0	0.0	2	1.0222638190827538	-11.609694937153396	138.0	23	1.05	0.95				
	210	1	82.07618448421053	16.836140407017545	0.0	0.0	2	1.05	-12.855370868735626	138.0	23	1.05	0.95				
	211	1	0.0	0.0	0.0	0.0	2	1.0052817620872403	-9.074624115092194	230.0	23	1.05	0.95				
	212	1	0.0	0.0	0.0	0.0	2	1.0086410646879502	-8.457916227851506	230.0	23	1.05	0.95				
	213	2	111.53943019649122	22.728789549473685	0.0	0.0	2	1.0001554108123742	-8.072975987146828	230.0	24	1.05	0.95				
	214	2	81.65528097403508	16.415236896842107	0.0	0.0	2	1.0056246586361688	-6.679684263966465	230.0	26	1.05	0.95				
	215	2	133.42641272561403	26.93782465122807	0.0	0.0	2	1.0211307913972987	-0.4496586433974831	230.0	26	1.05	0.95				
	216	2	42.09035101754386	8.418070203508773	0.0	0.0	2	1.0234416175708707	-0.7339156712845003	230.0	26	1.05	0.95				
	217	1	0.0	0.0	0.0	0.0	2	1.0278251543166919	1.3417837277454312	230.0	27	1.05	0.95				
	218	2	140.16086888842105	28.621438691929825	0.0	0.0	2	1.027239409423729	0.724023776531261	230.0	27	1.05	0.95				
	219	1	76.18353534175438	15.573429876491227	0.0	0.0	2	1.0243882174068628	-1.2882107737464565	230.0	25	1.05	0.95				
	220	1	53.87564930245614	10.943491264561404	0.0	0.0	2	1.0280142591849029	-0.9443084465003939	230.0	25	1.05	0.95				
	221	2	0.0	0.0	0.0	0.0	2	1.0287347111853795	1.142667513678668	230.0	27	1.05	0.95				
	222	2	0.0	0.0	0.0	0.0	2	1.0499999874161132	7.71167460493226	230.0	27	1.05	0.95				
	223	2	0.0	0.0	0.0	0.0	2	1.0305984919113025	-0.43460515671595157	230.0	25	1.05	0.95				
	224	1	0.0	0.0	0.0	0.0	2	1.0083388704755774	-3.706200689751727	230.0	26	1.05	0.95				
	301	2	45.62923126736843	9.29484340631579	0.0	0.0	3	1.0063178877719445	-22.54417410653956	138.0	31	1.05	0.95				
	302	2	40.98180956421053	8.449857642105265	0.0	0.0	3	1.0062506439707242	-22.633600100383727	138.0	32	1.05	0.95				
	303	1	76.04871877894738	15.632236637894739	0.0	0.0	3	1.0213400901359886	-17.856011057381497	138.0	31	1.05	0.95				
	304	1	31.264473275789477	6.337393231578947	0.0	0.0	3	1.0099916671271263	-21.13940264826208	138.0	31	1.05	0.95				
	305	1	29.996994629473683	5.914900349473686	0.0	0.0	3	1.0226264569333732	-21.87613568199009	138.0	31	1.05	0.95				
	306	1	57.4590319663158	11.829800698947372	0.0	-100.0	3	1.0401781432970967	-22.009543376244707	138.0	32	1.05	0.95				
	307	2	52.8116102631579	10.56232205263158	0.0	0.0	3	0.9919628681598283	-26.548641246113466	138.0	32	1.05	0.95				
	308	1	72.24628284	14.78725087368421	0.0	0.0	3	0.9992232012096235	-24.659016169041838	138.0	32	1.05	0.95				
	309	1	73.93625436842106	15.209743755789477	0.0	0.0	3	1.0263186543460188	-18.188733512310204	138.0	33	1.05	0.95				
	310	1	82.38611201052632	16.89971528421053	0.0	0.0	3	1.05	-19.84854503419957	138.0	33	1.05	0.95				
	311	1	0.0	0.0	0.0	0.0	3	1.007657028657269	-14.283880101037314	230.0	33	1.05	0.95				
	312	1	0.0	0.0	0.0	0.0	3	1.0125174223166216	-13.448107190674307	230.0	33	1.05	0.95				
	313	2	111.96061375789475	22.814615633684216	0.0	0.0	3	1.012358538585968	-10.44964185898513	230.0	34	1.05	0.95				
	314	2	81.96361912842106	16.477222402105266	0.0	0.0	3	1.006021903257586	-12.806059225782894	230.0	36	1.05	0.95				
	315	2	133.93024362736844	27.03954445473685	0.0	0.0	3	1.0311733687461073	-9.228689769789854	230.0	36	1.05	0.95				
	316	2	42.24928821052632	8.449857642105265	0.0	0.0	3	1.031562540537052	-8.215042839237096	230.0	36	1.05	0.95				
	317	1	0.0	0.0	0.0	0.0	3	1.03623304140759	-6.977273510509587	230.0	37	1.05	0.95				
	318	2	140.69012974105263	28.7295159831579	0.0	0.0	3	1.0344974358941157	-7.258382167734459	230.0	37	1.05	0.95				
	319	1	76.47121166105264	15.632236637894739	0.0	0.0	3	1.0311592876117055	-8.208835406455986	230.0	35	1.05	0.95				
	320	1	54.0790889094737	10.984814934736843	0.0	0.0	3	1.0335836862916785	-7.38697159164208	230.0	35	1.05	0.95				
	321	2	0.0	0.0	0.0	0.0	3	1.0355855929830744	-7.381327480385265	230.0	37	1.05	0.95				
	322	2	0.0	0.0	0.0	0.0	3	1.0490063179950575	-2.9074860584688498	230.0	37	1.05	0.95				
	323	2	0.0	0.0	0.0	0.0	3	1.0356493007350545	-6.616475751646251	230.0	35	1.05	0.95				
	324	1	0.0	0.0	0.0	0.0	3	1.016682078272071	-12.459135688434598	230.0	36	1.05	0.95				
	325	1	0.0	0.0	0.0	0.0	3	1.029276927478605	-4.947929902459681	230.0	35	1.05	0.95				
];
