%% MATPOWER Case Format : Version 2
function mpc = RTS_GMLC
mpc.version = '2';

%%-----  Power Flow Data  -----%%
%% system MVA base
mpc.baseMVA = 100.0;
%% bus data
%    bus_i    type    Pd    Qd    Gs    Bs    area    Vm    Va    baseKV    zone    Vmax    Vmin
mpc.bus = [
	101	2	43.19198416421053	8.798367144561405	0.0	0.0	1	1.0307851130403074	3.176722391941659	138.0	11	1.05	0.95				
	102	2	38.792800591929826	7.998515585964913	0.0	0.0	1	1.0298474032674212	2.8913678839031056	138.0	12	1.05	0.95				
	103	1	71.98664027368422	14.797253834035088	0.0	0.0	1	1.0307072566172615	2.4262493130066876	138.0	11	1.05	0.95				
	104	1	29.594507668070175	5.998886689473684	0.0	0.0	1	1.0204057017405501	-0.17036262845401132	138.0	11	1.05	0.95				
	105	1	28.394730330175438	5.598960910175439	0.0	0.0	1	1.0347766041677806	-0.02916528026500835	138.0	11	1.05	0.95				
	106	1	54.389905984561416	11.197921820350878	0.0	-100.0	1	1.045389609808663	-2.2765128214807007	138.0	12	1.05	0.95				
	107	2	49.990722412280704	9.99814448245614	0.0	0.0	1	0.9989706312159561	-8.890066899079844	138.0	12	1.05	0.95				
	108	1	68.38730826	13.997402275438597	0.0	0.0	1	1.0037386887696564	-7.001798090473584	138.0	12	1.05	0.95				
	109	1	69.98701137719299	14.39732805473684	0.0	0.0	1	1.0246616533342479	-1.0434620921008475	138.0	13	1.05	0.95				
	110	1	77.9855269631579	15.997031171929827	0.0	0.0	1	1.05	-2.0086354044489627	138.0	13	1.05	0.95				
	111	1	0.0	0.0	0.0	0.0	1	1.0045476054146387	0.7254914843520153	230.0	13	1.05	0.95				
	112	1	0.0	0.0	0.0	0.0	1	1.0092489876824082	0.5266966797812426	230.0	13	1.05	0.95				
	113	3	105.9803315140351	21.595992082105266	0.0	0.0	1	0.9953794691957484	-1.8073088456404918e-31	230.0	14	1.05	0.95				
	114	2	77.58560118385965	15.59710539263158	0.0	0.0	1	1.004490558884508	3.7237708839452397	230.0	16	1.05	0.95				
	115	2	126.77647203754385	25.595249875087724	0.0	0.0	1	1.0416518260749468	11.118253580884206	230.0	16	1.05	0.95				
	116	2	39.99257792982456	7.998515585964913	0.0	0.0	1	1.0376996758936057	10.206931139533594	230.0	16	1.05	0.95				
	117	1	0.0	0.0	0.0	0.0	1	1.0419732544848377	14.375097753302555	230.0	17	1.05	0.95				
	118	2	133.1752845063158	27.194952992280708	0.0	0.0	1	1.0484704701386864	14.532333652991932	230.0	17	1.05	0.95				
	119	1	72.38656605298246	14.797253834035088	0.0	0.0	1	1.0300186828001003	7.978331473667425	230.0	15	1.05	0.95				
	120	1	51.19049975017545	10.398070261754388	0.0	0.0	1	1.0268466395226326	6.799589410691507	230.0	15	1.05	0.95				
	121	2	0.0	0.0	0.0	0.0	1	1.05	15.627626750408323	230.0	17	1.05	0.95				
	122	2	0.0	0.0	0.0	0.0	1	1.05	30.121263115972805	230.0	17	1.05	0.95				
	123	2	0.0	0.0	0.0	0.0	1	1.025512072712445	6.457574558731971	230.0	15	1.05	0.95				
	124	1	0.0	0.0	0.0	0.0	1	1.0265625375495773	7.866919592693153	230.0	16	1.05	0.95				
	201	2	49.588540863157895	10.10136943508772	0.0	0.0	2	1.0230364746128358	-11.042689919209902	138.0	21	1.05	0.95				
	202	2	44.537856145614036	9.183063122807019	0.0	0.0	2	1.0238282870904172	-10.920430014759276	138.0	22	1.05	0.95				
	203	1	82.64756810526318	16.988666777192986	0.0	0.0	2	1.0154911230036343	-9.364200670158214	138.0	21	1.05	0.95				
	204	1	33.97733355438597	6.887297342105263	0.0	0.0	2	1.0160793208734615	-12.253748386573282	138.0	21	1.05	0.95				
	205	1	32.59987408596491	6.428144185964914	0.0	0.0	2	1.0309004173972067	-12.59992190630839	138.0	21	1.05	0.95				
	206	1	62.44482923508773	12.856288371929828	0.0	-100.0	2	1.0431207574734638	-13.89909372031223	138.0	22	1.05	0.95				
	207	2	57.394144517543864	11.478828903508772	0.0	0.0	2	0.9915163193858356	-20.384064932826742	138.0	22	1.05	0.95				
	208	1	78.5151897	16.07036046491228	0.0	0.0	2	0.9966769408294892	-18.28178232268687	138.0	22	1.05	0.95				
	209	1	80.3518023245614	16.529513621052633	0.0	0.0	2	1.0228673105988233	-11.453348007319033	138.0	23	1.05	0.95				
	210	1	89.53486544736843	18.366126245614037	0.0	0.0	2	1.05	-12.70194921229875	138.0	23	1.05	0.95				
	211	1	0.0	0.0	0.0	0.0	2	1.0075332474384942	-8.57708088861644	230.0	23	1.05	0.95				
	212	1	0.0	0.0	0.0	0.0	2	1.0100551130162996	-7.596840168710794	230.0	23	1.05	0.95				
	213	2	121.67558637719299	24.794270431578948	0.0	0.0	2	1.0049475438418354	-7.156052019937601	230.0	24	1.05	0.95				
	214	2	89.07571229122807	17.906973089473684	0.0	0.0	2	1.0086859384737317	-6.22666320434538	230.0	26	1.05	0.95				
	215	2	145.55155049649125	29.385801992982458	0.0	0.0	2	1.0237289506885203	-0.09004023067142929	230.0	26	1.05	0.95				
	216	2	45.91531561403509	9.183063122807019	0.0	0.0	2	1.0263092511739398	-0.1044350234857478	230.0	26	1.05	0.95				
	217	1	0.0	0.0	0.0	0.0	2	1.0301295665571162	1.7790727369281514	230.0	27	1.05	0.95				
	218	2	152.89800099473686	31.222414617543865	0.0	0.0	2	1.0291957644046024	1.0752585178196323	230.0	27	1.05	0.95				
	219	1	83.10672126140352	16.988666777192986	0.0	0.0	2	1.0281814392162931	-0.003105060799542633	230.0	25	1.05	0.95				
	220	1	58.771603985964916	11.937982059649125	0.0	0.0	2	1.0330661786507072	0.9739000964951489	230.0	25	1.05	0.95				
	221	2	0.0	0.0	0.0	0.0	2	1.0306579985203164	1.49907120502055	230.0	27	1.05	0.95				
	222	2	0.0	0.0	0.0	0.0	2	1.05	8.102033014984766	230.0	27	1.05	0.95				
	223	2	0.0	0.0	0.0	0.0	2	1.0367274186391944	1.8531850306124702	230.0	25	1.05	0.95				
	224	1	0.0	0.0	0.0	0.0	2	1.009196261447888	-3.5696132726692986	230.0	26	1.05	0.95				
	301	2	61.49952545684212	12.527681111578948	0.0	0.0	3	1.013725223232993	-13.12606107191123	138.0	31	1.05	0.95				
	302	2	55.235684901052636	11.388801010526317	0.0	0.0	3	1.0123845423897393	-13.390721661289817	138.0	32	1.05	0.95				
	303	1	102.49920909473687	21.069281869473684	0.0	0.0	3	1.0476618773117385	-0.7758929280366054	138.0	31	1.05	0.95				
	304	1	42.13856373894737	8.541600757894738	0.0	0.0	3	1.011150911688288	-11.28377974779464	138.0	31	1.05	0.95				
	305	1	40.43024358736842	7.972160707368422	0.0	0.0	3	1.0246092061935603	-13.586528424747037	138.0	31	1.05	0.95				
	306	1	77.44384687157896	15.944321414736844	0.0	-100.0	3	1.0374067631243222	-14.47466493682125	138.0	32	1.05	0.95				
	307	2	71.18000631578948	14.236001263157897	0.0	0.0	3	0.9913722460655943	-20.247168735108165	138.0	32	1.05	0.95				
	308	1	97.37424864	19.930401768421056	0.0	0.0	3	0.9928280407841557	-17.550120280761117	138.0	32	1.05	0.95				
	309	1	99.65200884210527	20.49984181894737	0.0	0.0	3	1.0300185247908873	-7.254026777984154	138.0	33	1.05	0.95				
	310	1	111.04080985263158	22.777602021052633	0.0	0.0	3	1.05	-12.221024533261783	138.0	33	1.05	0.95				
	311	1	0.0	0.0	0.0	0.0	3	1.0159499786533435	-6.055563553885144	230.0	33	1.05	0.95				
	312	1	0.0	0.0	0.0	0.0	3	1.017892352989001	-5.383937533165666	230.0	33	1.05	0.95				
	313	2	150.9016133894737	30.74976272842106	0.0	0.0	3	1.0175571492732751	-3.0607597041308585	230.0	34	1.05	0.95				
	314	2	110.47136980210527	22.20816197052632	0.0	0.0	3	1.0203050826552318	-4.933445073319094	230.0	36	1.05	0.95				
	315	2	180.5124960168421	36.444163233684215	0.0	0.0	3	1.0452637858682585	-0.2274878018752804	230.0	36	1.05	0.95				
	316	2	56.94400505263159	11.388801010526317	0.0	0.0	3	1.0434908791110966	0.08193659205782773	230.0	36	1.05	0.95				
	317	1	0.0	0.0	0.0	0.0	3	1.05	3.4630726110192818	230.0	37	1.05	0.95				
	318	2	189.6235368252632	38.72192343578948	0.0	0.0	3	1.046057472596076	1.9243342422055802	230.0	37	1.05	0.95				
	319	1	103.06864914526317	21.069281869473684	0.0	0.0	3	1.0378933782488038	-0.838799102778379	230.0	35	1.05	0.95				
	320	1	72.88832646736843	14.805441313684211	0.0	0.0	3	1.0375477774339923	-0.5606746624709815	230.0	35	1.05	0.95				
	321	2	0.0	0.0	0.0	0.0	3	1.0466857234456761	1.7953836913025802	230.0	37	1.05	0.95				
	322	2	0.0	0.0	0.0	0.0	3	1.05	6.793166498477044	230.0	37	1.05	0.95				
	323	2	0.0	0.0	0.0	0.0	3	1.0385992976660676	0.018095257054744383	230.0	35	1.05	0.95				
	324	1	0.0	0.0	0.0	0.0	3	1.041797295067324	-0.42693651817441836	230.0	36	1.05	0.95				
	325	1	0.0	0.0	0.0	0.0	3	1.0347586518373555	1.3159127571539646	230.0	35	1.05	0.95				
];
