%% MATPOWER Case Format : Version 2
function mpc = RTS_GMLC
mpc.version = '2';

%%-----  Power Flow Data  -----%%
%% system MVA base
mpc.baseMVA = 100.0;
%% bus data
%    bus_i    type    Pd    Qd    Gs    Bs    area    Vm    Va    baseKV    zone    Vmax    Vmin
mpc.bus = [
	101	2	43.55269669894737	8.871845623859649	0.0	0.0	1	1.011609576529383	0.6242489087666129	138.0	11	1.05	0.95				
	102	2	39.116773887017544	8.065314203508771	0.0	0.0	1	1.010080290556551	0.1593776222818472	138.0	12	1.05	0.95				
	103	1	72.58782783157895	14.920831276491228	0.0	0.0	1	1.0282792998087655	3.1067691687730075	138.0	11	1.05	0.95				
	104	1	29.841662552982456	6.048985652631579	0.0	0.0	1	1.0145919267770263	-1.3547366953325604	138.0	11	1.05	0.95				
	105	1	28.631865422456137	5.645719942456141	0.0	0.0	1	1.0252951510257116	-2.093682049471726	138.0	11	1.05	0.95				
	106	1	54.84413658385966	11.291439884912283	0.0	-100.0	1	1.0408860663426216	-4.104280240273597	138.0	12	1.05	0.95				
	107	2	50.40821377192982	10.081642754385966	0.0	0.0	1	0.9814308593261172	-12.034123557394597	138.0	12	1.05	0.95				
	108	1	68.95843644	14.11429985614035	0.0	0.0	1	0.9922499309954256	-9.279352431306334	138.0	12	1.05	0.95				
	109	1	70.57149928070176	14.51756556631579	0.0	0.0	1	1.0251757630237825	-1.8371291940844063	138.0	13	1.05	0.95				
	110	1	78.63681348421052	16.130628407017543	0.0	0.0	1	1.05	-3.5053543632511888	138.0	13	1.05	0.95				
	111	1	0.0	0.0	0.0	0.0	1	1.0164697768729238	0.5727214694905667	230.0	13	1.05	0.95				
	112	1	0.0	0.0	0.0	0.0	1	1.0143921759320056	-0.7302112760596632	230.0	13	1.05	0.95				
	113	3	106.86541319649123	21.776348349473686	0.0	0.0	1	0.995574064817797	6.371599956756683e-30	230.0	14	1.05	0.95				
	114	2	78.23354777403509	15.727362696842107	0.0	0.0	1	1.04168479845673	4.250014502610299	230.0	16	1.05	0.95				
	115	2	127.83523012561405	25.809005451228074	0.0	0.0	1	1.0420784901858218	14.019700476066653	230.0	16	1.05	0.95				
	116	2	40.32657101754386	8.065314203508771	0.0	0.0	1	1.0417511268473807	12.024358486356286	230.0	16	1.05	0.95				
	117	1	0.0	0.0	0.0	0.0	1	1.0405669219644327	18.31013269404819	230.0	17	1.05	0.95				
	118	2	134.28748148842107	27.42206829192983	0.0	0.0	1	1.0497573270556488	19.03805076241694	230.0	17	1.05	0.95				
	119	1	72.9910935417544	14.920831276491228	0.0	0.0	1	1.0389203795213982	7.390770618861921	230.0	15	1.05	0.95				
	120	1	51.61801090245615	10.484908464561403	0.0	0.0	1	1.0436425057085537	3.9424562865591275	230.0	15	1.05	0.95				
	121	2	0.0	0.0	0.0	0.0	1	1.0438197373315525	20.573364645416547	230.0	17	1.05	0.95				
	122	2	0.0	0.0	0.0	0.0	1	1.05	38.52984984557942	230.0	17	1.05	0.95				
	123	2	0.0	0.0	0.0	0.0	1	1.047661335483515	2.358130996143754	230.0	15	1.05	0.95				
	124	1	0.0	0.0	0.0	0.0	1	1.023276051578162	9.944321535262548	230.0	16	1.05	0.95				
	201	2	41.59861484210526	8.473791912280701	0.0	0.0	2	1.012822549109442	-20.268253710068677	138.0	21	1.05	0.95				
	202	2	37.361718885964905	7.7034471929824555	0.0	0.0	2	1.0119363844472036	-20.593368110279965	138.0	22	1.05	0.95				
	203	1	69.33102473684211	14.251377307017544	0.0	0.0	2	1.0117677423309097	-14.964242378708725	138.0	21	1.05	0.95				
	204	1	28.502754614035087	5.777585394736842	0.0	0.0	2	1.0110599687525157	-20.35827457880041	138.0	21	1.05	0.95				
	205	1	27.347237535087714	5.39241303508772	0.0	0.0	2	1.0268005021685342	-20.906644031921257	138.0	21	1.05	0.95				
	206	1	52.3834409122807	10.78482607017544	0.0	-100.0	2	1.0426319781396658	-21.760868891594342	138.0	22	1.05	0.95				
	207	2	48.146544956140346	9.629308991228068	0.0	0.0	2	0.9947566143349474	-26.303296418435036	138.0	22	1.05	0.95				
	208	1	65.8644735	13.481032587719296	0.0	0.0	2	1.0012004694593506	-24.5871991548517	138.0	22	1.05	0.95				
	209	1	67.40516293859649	13.866204947368418	0.0	0.0	2	1.021145632675908	-18.561258870974733	138.0	23	1.05	0.95				
	210	1	75.10861013157893	15.406894385964911	0.0	0.0	2	1.05	-20.3031281376544	138.0	23	1.05	0.95				
	211	1	0.0	0.0	0.0	0.0	2	1.007089776245519	-15.847302901806735	230.0	23	1.05	0.95				
	212	1	0.0	0.0	0.0	0.0	2	1.0073827044491095	-15.75605123030963	230.0	23	1.05	0.95				
	213	2	102.07067530701752	20.79930742105263	0.0	0.0	2	0.9995095688064655	-15.161952282851988	230.0	24	1.05	0.95				
	214	2	74.72343777192981	15.02172202631579	0.0	0.0	2	1.0136328974777007	-12.781329899389208	230.0	26	1.05	0.95				
	215	2	122.09963800877193	24.651031017543858	0.0	0.0	2	1.030148441958918	-4.566464105458973	230.0	26	1.05	0.95				
	216	2	38.517235964912274	7.7034471929824555	0.0	0.0	2	1.0312404333367813	-6.134023061564717	230.0	26	1.05	0.95				
	217	1	0.0	0.0	0.0	0.0	2	1.0374800144916634	-3.295863009247002	230.0	27	1.05	0.95				
	218	2	128.26239576315788	26.19172045614035	0.0	0.0	2	1.0369431611463102	-3.7149880111451865	230.0	27	1.05	0.95				
	219	1	69.71619709649123	14.251377307017544	0.0	0.0	2	1.0264372124339214	-7.681196418655133	230.0	25	1.05	0.95				
	220	1	49.302062035087715	10.014481350877192	0.0	0.0	2	1.025043395619715	-8.279436929436471	230.0	25	1.05	0.95				
	221	2	0.0	0.0	0.0	0.0	2	1.036998215225983	-3.2051564307146365	230.0	27	1.05	0.95				
	222	2	0.0	0.0	0.0	0.0	2	1.05	3.2590856589182575	230.0	27	1.05	0.95				
	223	2	0.0	0.0	0.0	0.0	2	1.0245823430697298	-8.310299433676784	230.0	25	1.05	0.95				
	224	1	0.0	0.0	0.0	0.0	2	1.010426986597471	-8.430114286019123	230.0	26	1.05	0.95				
	301	2	56.477064202105275	11.504587152280703	0.0	0.0	3	1.0103099882429132	1.351049401353404	138.0	31	1.05	0.95				
	302	2	50.72477062596492	10.458715592982458	0.0	0.0	3	1.0090159948957909	1.095439376444267	138.0	32	1.05	0.95				
	303	1	94.12844033684212	19.348623847017546	0.0	0.0	3	1.0453068363779003	11.466074297154517	138.0	31	1.05	0.95				
	304	1	38.69724769403509	7.844036694736843	0.0	0.0	3	1.0090430756036946	2.346629026457673	138.0	31	1.05	0.95				
	305	1	37.12844035508772	7.321100915087721	0.0	0.0	3	1.0234143680890364	1.4105587816616507	138.0	31	1.05	0.95				
	306	1	71.11926603228072	14.642201830175441	0.0	-100.0	3	1.0379544502728888	0.8381369555892219	138.0	32	1.05	0.95				
	307	2	65.36697245614036	13.073394491228072	0.0	0.0	3	0.9910545968147043	-4.05266733074564	138.0	32	1.05	0.95				
	308	1	89.42201832	18.302752287719297	0.0	0.0	3	0.9973918411811453	-1.6641424844226056	138.0	32	1.05	0.95				
	309	1	91.5137614385965	18.825688067368425	0.0	0.0	3	1.0260108771666097	5.512963369713502	138.0	33	1.05	0.95				
	310	1	101.97247703157895	20.917431185964915	0.0	0.0	3	1.05	3.15087664761048	138.0	33	1.05	0.95				
	311	1	0.0	0.0	0.0	0.0	3	1.0096658313180826	7.815649473033232	230.0	33	1.05	0.95				
	312	1	0.0	0.0	0.0	0.0	3	1.0133889376761984	8.599201510054135	230.0	33	1.05	0.95				
	313	2	138.57798160701756	28.238532101052638	0.0	0.0	3	1.0108692551891565	10.935579481538994	230.0	34	1.05	0.95				
	314	2	101.44954125192984	20.39449540631579	0.0	0.0	3	1.0087071837078725	8.663349732088225	230.0	36	1.05	0.95				
	315	2	165.77064214877194	33.46788989754386	0.0	0.0	3	1.04025955009538	8.293285172201818	230.0	36	1.05	0.95				
	316	2	52.29357796491229	10.458715592982458	0.0	0.0	3	1.0352948503894925	8.825071736017858	230.0	36	1.05	0.95				
	317	1	0.0	0.0	0.0	0.0	3	1.0468336007647734	10.200037789777008	230.0	37	1.05	0.95				
	318	2	174.1376146231579	35.55963301614036	0.0	0.0	3	1.0447158886357666	7.663458714449902	230.0	37	1.05	0.95				
	319	1	94.65137611649124	19.348623847017546	0.0	0.0	3	1.0287446107604064	10.19734193249919	230.0	35	1.05	0.95				
	320	1	66.93577979508773	13.596330270877194	0.0	0.0	3	1.02430167366864	11.130704187025227	230.0	35	1.05	0.95				
	321	2	0.0	0.0	0.0	0.0	3	1.044166844601346	8.501054863970019	230.0	37	1.05	0.95				
	322	2	0.0	0.0	0.0	0.0	3	1.05	13.502338380191738	230.0	37	1.05	0.95				
	323	2	0.0	0.0	0.0	0.0	3	1.022078913733304	11.64855442700471	230.0	35	1.05	0.95				
	324	1	0.0	0.0	0.0	0.0	3	1.0412336352247575	10.913360729746225	230.0	36	1.05	0.95				
	325	1	0.0	0.0	0.0	0.0	3	1.0222521199524202	12.41444143450512	230.0	35	1.05	0.95				
];
