%% MATPOWER Case Format : Version 2
function mpc = RTS_GMLC
mpc.version = '2';

%%-----  Power Flow Data  -----%%
%% system MVA base
mpc.baseMVA = 100.0;
%% bus data
%    bus_i    type    Pd    Qd    Gs    Bs    area    Vm    Va    baseKV    zone    Vmax    Vmin
mpc.bus = [
	101	2	72.34289954526317	14.736516574035086	0.0	0.0	1	1.0326725188904318	-0.2697440915199168	138.0	11	1.05	0.95				
	102	2	64.9746412582456	13.396833249122805	0.0	0.0	1	1.0326929717402058	-0.31552516281898524	138.0	12	1.05	0.95				
	103	1	120.57149924210526	24.78414151087719	0.0	0.0	1	1.0222901990995348	-1.4325640252748157	138.0	11	1.05	0.95				
	104	1	49.56828302175438	10.047624936842105	0.0	0.0	1	1.0174990423226995	-3.358832385833464	138.0	11	1.05	0.95				
	105	1	47.55875803438595	9.377783274385965	0.0	0.0	1	1.0323475821147028	-3.3209580647161125	138.0	11	1.05	0.95				
	106	1	91.09846609403509	18.75556654877193	0.0	-100.0	1	1.0384863241515672	-5.6406560133465105	138.0	12	1.05	0.95				
	107	2	83.73020780701754	16.74604156140351	0.0	0.0	1	1.0467465031893313	-1.2895131209498778	138.0	12	1.05	0.95				
	108	1	114.54292428	23.44445818596491	0.0	0.0	1	1.0258349966477387	-4.3845222234893635	138.0	12	1.05	0.95				
	109	1	117.22229092982455	24.11429984842105	0.0	0.0	1	1.0264098786429219	-3.1381852348730073	138.0	13	1.05	0.95				
	110	1	130.61912417894737	26.79366649824561	0.0	0.0	1	1.05	-4.299758246152773	138.0	13	1.05	0.95				
	111	1	0.0	0.0	0.0	0.0	1	1.0110171255168516	-0.9032628773991938	230.0	13	1.05	0.95				
	112	1	0.0	0.0	0.0	0.0	1	1.014395286346452	-0.04515103975301861	230.0	13	1.05	0.95				
	113	3	177.50804055087715	36.17144977263158	0.0	0.0	1	1.0089355521702148	4.149640877644934e-31	230.0	14	1.05	0.95				
	114	2	129.9492825164912	26.12382483578947	0.0	0.0	1	1.0112817343179716	1.197569839792845	230.0	16	1.05	0.95				
	115	2	212.33980699859646	42.86986639719298	0.0	0.0	1	1.043485041636513	8.489154438227503	230.0	16	1.05	0.95				
	116	2	66.98416624561403	13.396833249122805	0.0	0.0	1	1.0411127584881916	8.167903025210233	230.0	16	1.05	0.95				
	117	1	0.0	0.0	0.0	0.0	1	1.0461184377878958	11.046913411259865	230.0	17	1.05	0.95				
	118	2	223.05727359789472	45.549233047017545	0.0	0.0	1	1.04886577732472	11.48885413395955	230.0	17	1.05	0.95				
	119	1	121.2413409045614	24.78414151087719	0.0	0.0	1	1.03569369802735	7.179017884940741	230.0	15	1.05	0.95				
	120	1	85.73973279438596	17.415883223859648	0.0	0.0	1	1.0367156256333336	7.591021584806577	230.0	15	1.05	0.95				
	121	2	0.0	0.0	0.0	0.0	1	1.05	11.848824664771756	230.0	17	1.05	0.95				
	122	2	0.0	0.0	0.0	0.0	1	1.05	19.40428476655223	230.0	17	1.05	0.95				
	123	2	0.0	0.0	0.0	0.0	1	1.0390395056465263	8.315693677200052	230.0	15	1.05	0.95				
	124	1	0.0	0.0	0.0	0.0	1	1.0231218401335884	4.8132990832585625	230.0	16	1.05	0.95				
	201	2	70.97434283368422	14.457736503157895	0.0	0.0	2	1.0339864175555944	-8.305062148009144	138.0	21	1.05	0.95				
	202	2	63.74547458210525	13.14339682105263	0.0	0.0	2	1.0340702232213748	-8.395732346715883	138.0	22	1.05	0.95				
	203	1	118.29057138947367	24.315284118947368	0.0	0.0	2	1.0278480637690404	-5.517675073173725	138.0	21	1.05	0.95				
	204	1	48.630568237894735	9.857547615789473	0.0	0.0	2	1.0180927734001537	-10.356726376495404	138.0	21	1.05	0.95				
	205	1	46.65905871473684	9.200377774736843	0.0	0.0	2	1.0335228354708506	-10.73258794119579	138.0	21	1.05	0.95				
	206	1	89.37509838315789	18.400755549473686	0.0	-100.0	2	1.0395825021297582	-12.7153946181562	138.0	22	1.05	0.95				
	207	2	82.14623013157895	16.429246026315788	0.0	0.0	2	0.9805004593110159	-22.541996307586746	138.0	22	1.05	0.95				
	208	1	112.37604282	23.0009444368421	0.0	0.0	2	0.9815057327081367	-19.343755058844213	138.0	22	1.05	0.95				
	209	1	115.00472218421052	23.658114277894736	0.0	0.0	2	1.025370791104659	-9.298493929219811	138.0	23	1.05	0.95				
	210	1	128.14811900526314	26.28679364210526	0.0	0.0	2	1.05	-11.12169004565537	138.0	23	1.05	0.95				
	211	1	0.0	0.0	0.0	0.0	2	1.019481596928513	-5.298202538624399	230.0	23	1.05	0.95				
	212	1	0.0	0.0	0.0	0.0	2	1.0176691452062363	-4.4150852779090375	230.0	23	1.05	0.95				
	213	2	174.15000787894735	35.48717141684211	0.0	0.0	2	1.0236351884640829	-2.9307249314431782	230.0	24	1.05	0.95				
	214	2	127.4909491642105	25.62962380105263	0.0	0.0	2	1.0307129241522601	-2.512308370314185	230.0	26	1.05	0.95				
	215	2	208.3228396136842	42.05886982736842	0.0	0.0	2	1.0433136170378734	5.438641141401441	230.0	26	1.05	0.95				
	216	2	65.71698410526315	13.14339682105263	0.0	0.0	2	1.0459027821549964	5.415413923343923	230.0	26	1.05	0.95				
	217	1	0.0	0.0	0.0	0.0	2	1.04795465625511	8.701008307751462	230.0	27	1.05	0.95				
	218	2	218.83755707052632	44.687549191578945	0.0	0.0	2	1.0499999607633572	9.596207752718152	230.0	27	1.05	0.95				
	219	1	118.94774123052632	24.315284118947368	0.0	0.0	2	1.0433113763559607	4.518125239376387	230.0	25	1.05	0.95				
	220	1	84.11773965473684	17.08641586736842	0.0	0.0	2	1.046547972348452	4.970109088874306	230.0	25	1.05	0.95				
	221	2	0.0	0.0	0.0	0.0	2	1.05	9.925784343927141	230.0	27	1.05	0.95				
	222	2	0.0	0.0	0.0	0.0	2	1.05	15.956947349363558	230.0	27	1.05	0.95				
	223	2	0.0	0.0	0.0	0.0	2	1.05	5.696520560184511	230.0	25	1.05	0.95				
	224	1	0.0	0.0	0.0	0.0	2	1.02381781180077	1.3535344333966588	230.0	26	1.05	0.95				
	301	2	66.00949067368421	13.446377729824563	0.0	0.0	3	1.011716585743734	-22.370303679941408	138.0	31	1.05	0.95				
	302	2	59.286301808771924	12.223979754385967	0.0	0.0	3	1.010543719554335	-22.622650882401935	138.0	32	1.05	0.95				
	303	1	110.01581778947369	22.614362545614036	0.0	0.0	3	1.0358415705607391	-11.291676867601424	138.0	31	1.05	0.95				
	304	1	45.22872509122807	9.167984815789474	0.0	0.0	3	1.0079504344792105	-20.77465409133056	138.0	31	1.05	0.95				
	305	1	43.395128128070176	8.556785828070176	0.0	0.0	3	1.0227467434837947	-22.09913206432299	138.0	31	1.05	0.95				
	306	1	83.12306232982458	17.11357165614035	0.0	-100.0	3	1.0356809923768515	-22.62666364632706	138.0	32	1.05	0.95				
	307	2	76.39987346491228	15.279974692982456	0.0	0.0	3	0.9969617359000588	-26.72321943499417	138.0	32	1.05	0.95				
	308	1	104.51502690000001	21.391964570175436	0.0	0.0	3	0.995959992884781	-25.07566842477922	138.0	32	1.05	0.95				
	309	1	106.9598228508772	22.003163557894737	0.0	0.0	3	1.0270853690210517	-16.76943862393607	138.0	33	1.05	0.95				
	310	1	119.18380260526315	24.447959508771934	0.0	0.0	3	1.05	-19.866760150106103	138.0	33	1.05	0.95				
	311	1	0.0	0.0	0.0	0.0	3	1.0192922278149277	-12.588518325797871	230.0	33	1.05	0.95				
	312	1	0.0	0.0	0.0	0.0	3	1.017761276458279	-12.314714068906214	230.0	33	1.05	0.95				
	313	2	161.96773174561403	33.004745336842106	0.0	0.0	3	1.0245238308069702	-9.448081587330146	230.0	34	1.05	0.95				
	314	2	118.57260361754385	23.836760521052632	0.0	0.0	3	1.032347500101065	-9.66564391857057	230.0	36	1.05	0.95				
	315	2	193.75007910701754	39.11673521403509	0.0	0.0	3	1.0486211187098697	-1.9679341783407036	230.0	36	1.05	0.95				
	316	2	61.119898771929826	12.223979754385967	0.0	0.0	3	1.0482926330892253	-1.846010309350238	230.0	36	1.05	0.95				
	317	1	0.0	0.0	0.0	0.0	3	1.05	1.8948482850371409	230.0	37	1.05	0.95				
	318	2	203.5292629105263	41.56153116491229	0.0	0.0	3	1.0472977295737507	1.5365048739457867	230.0	37	1.05	0.95				
	319	1	110.627016777193	22.614362545614036	0.0	0.0	3	1.0425477180682654	-3.8886809284494475	230.0	35	1.05	0.95				
	320	1	78.23347042807018	15.891173680701757	0.0	0.0	3	1.0431214520205587	-4.522115575839822	230.0	35	1.05	0.95				
	321	2	0.0	0.0	0.0	0.0	3	1.05	2.048683035700494	230.0	37	1.05	0.95				
	322	2	0.0	0.0	0.0	0.0	3	1.05	7.765193740757996	230.0	37	1.05	0.95				
	323	2	0.0	0.0	0.0	0.0	3	1.0447238553912757	-4.419484853330164	230.0	35	1.05	0.95				
	324	1	0.0	0.0	0.0	0.0	3	1.0320516678172225	-5.45073911839875	230.0	36	1.05	0.95				
	325	1	0.0	0.0	0.0	0.0	3	1.0400050361828175	-3.079486732345705	230.0	35	1.05	0.95				
];
