%% MATPOWER Case Format : Version 2
function mpc = RTS_GMLC
mpc.version = '2';

%%-----  Power Flow Data  -----%%
%% system MVA base
mpc.baseMVA = 100.0;
%% bus data
%    bus_i    type    Pd    Qd    Gs    Bs    area    Vm    Va    baseKV    zone    Vmax    Vmin
mpc.bus = [
	101	2	36.23156852968422	7.380504700491228	0.0	0.0	1	1.0340187104965073	4.174617880588847	138.0	11	1.05	0.95				
	102	2	32.541316179438596	6.709549727719298	0.0	0.0	1	1.0331108230225672	3.914988346994203	138.0	12	1.05	0.95				
	103	1	60.385947549473684	12.412666996280702	0.0	0.0	1	1.0317119736207507	2.3878887592446185	138.0	11	1.05	0.95				
	104	1	24.825333992561404	5.032162295789474	0.0	0.0	1	1.0228026001060475	0.689031901421264	138.0	11	1.05	0.95				
	105	1	23.81890153340351	4.696684809403509	0.0	0.0	1	1.03721660052831	0.9421841732048467	138.0	11	1.05	0.95				
	106	1	45.62493814849123	9.393369618807018	0.0	-100.0	1	1.0479119113624988	-1.267589280580291	138.0	12	1.05	0.95				
	107	2	41.93468579824561	8.386937159649124	0.0	0.0	1	1.0007407056555204	-7.072158762106895	138.0	12	1.05	0.95				
	108	1	57.366650172	11.741712023508772	0.0	0.0	1	1.0072251633057632	-5.50659011144549	138.0	12	1.05	0.95				
	109	1	58.70856011754386	12.077189509894737	0.0	0.0	1	1.0243396137783074	-0.58843375288027	138.0	13	1.05	0.95				
	110	1	65.41810984526316	13.419099455438596	0.0	0.0	1	1.05	-1.2784009613755931	138.0	13	1.05	0.95				
	111	1	0.0	0.0	0.0	0.0	1	1.0007944398675461	0.6716354822402791	230.0	13	1.05	0.95				
	112	1	0.0	0.0	0.0	0.0	1	1.0057131587087011	0.39810950625854624	230.0	13	1.05	0.95				
	113	3	88.90153389228071	18.11578426484211	0.0	0.0	1	0.9886477491538453	3.312948956365076e-30	230.0	14	1.05	0.95				
	114	2	65.08263235887719	13.083621969052633	0.0	0.0	1	0.9976940579393988	2.9998463925804675	230.0	16	1.05	0.95				
	115	2	106.34636318435086	21.470559128701755	0.0	0.0	1	1.0373503647044078	9.064537208093723	230.0	16	1.05	0.95				
	116	2	33.547748638596495	6.709549727719298	0.0	0.0	1	1.0322987960738776	8.14212074685161	230.0	16	1.05	0.95				
	117	1	0.0	0.0	0.0	0.0	1	1.040410836534203	11.566957669742273	230.0	17	1.05	0.95				
	118	2	111.71400296652632	22.812469074245616	0.0	0.0	1	1.0457214394203442	11.877099436513348	230.0	17	1.05	0.95				
	119	1	60.72142503585965	12.412666996280702	0.0	0.0	1	1.0226045654900786	6.0582031558448675	230.0	15	1.05	0.95				
	120	1	42.94111825740351	8.722414646035089	0.0	0.0	1	1.016874927503986	4.885391571744728	230.0	15	1.05	0.95				
	121	2	0.0	0.0	0.0	0.0	1	1.0493402553195967	12.94576696401225	230.0	17	1.05	0.95				
	122	2	0.0	0.0	0.0	0.0	1	1.05	23.009485615055322	230.0	17	1.05	0.95				
	123	2	0.0	0.0	0.0	0.0	1	1.013865105630747	4.50219125634561	230.0	15	1.05	0.95				
	124	1	0.0	0.0	0.0	0.0	1	1.0263779295885356	6.556676385402717	230.0	16	1.05	0.95				
	201	2	40.91862111157894	8.335274670877192	0.0	0.0	2	1.0187276627373343	-9.905587735561088	138.0	21	1.05	0.95				
	202	2	36.750983776140345	7.577522428070176	0.0	0.0	2	1.0185971080768337	-9.992948868799427	138.0	22	1.05	0.95				
	203	1	68.19770185263158	14.018416491929822	0.0	0.0	2	1.0154224887690868	-7.555735024134457	138.0	21	1.05	0.95				
	204	1	28.036832983859643	5.68314182105263	0.0	0.0	2	1.0150720790946397	-10.546613296867795	138.0	21	1.05	0.95				
	205	1	26.90020461964912	5.304265699649123	0.0	0.0	2	1.0298989492348032	-10.877202142689338	138.0	21	1.05	0.95				
	206	1	51.527152510877194	10.608531399298245	0.0	-100.0	2	1.044346042261632	-11.849348147230145	138.0	22	1.05	0.95				
	207	2	47.359515175438595	9.471903035087719	0.0	0.0	2	0.9953374917392829	-16.760753579657813	138.0	22	1.05	0.95				
	208	1	64.78781676	13.260664249122806	0.0	0.0	2	1.002097325813039	-15.081757513423092	138.0	22	1.05	0.95				
	209	1	66.30332124561403	13.639540370526316	0.0	0.0	2	1.0224296047591377	-9.425603281379702	138.0	23	1.05	0.95				
	210	1	73.88084367368421	15.155044856140352	0.0	0.0	2	1.05	-10.635259344848423	138.0	23	1.05	0.95				
	211	1	0.0	0.0	0.0	0.0	2	1.0032877797135427	-6.863788208133808	230.0	23	1.05	0.95				
	212	1	0.0	0.0	0.0	0.0	2	1.006693947150862	-6.1052993300939375	230.0	23	1.05	0.95				
	213	2	100.40217217192982	20.45931055578947	0.0	0.0	2	0.9978924310213128	-5.6202252000713715	230.0	24	1.05	0.95				
	214	2	73.50196755228069	14.776168734736842	0.0	0.0	2	1.0017774651379001	-4.648482448849233	230.0	26	1.05	0.95				
	215	2	120.10373048491228	24.24807176982456	0.0	0.0	2	1.0170144619268957	0.8590689144633211	230.0	26	1.05	0.95				
	216	2	37.887612140350875	7.577522428070176	0.0	0.0	2	1.018723234508447	0.7887807273003603	230.0	26	1.05	0.95				
	217	1	0.0	0.0	0.0	0.0	2	1.023221201505967	2.3194392720911376	230.0	27	1.05	0.95				
	218	2	126.16574842736841	25.763576255438597	0.0	0.0	2	1.0225069799047866	1.863633864554143	230.0	27	1.05	0.95				
	219	1	68.57657797403508	14.018416491929822	0.0	0.0	2	1.020142564769991	0.7399836615904394	230.0	25	1.05	0.95				
	220	1	48.49614353964912	9.850779156491228	0.0	0.0	2	1.0236937278165492	1.4467754812245215	230.0	25	1.05	0.95				
	221	2	0.0	0.0	0.0	0.0	2	1.0242991967861965	2.336611976812645	230.0	27	1.05	0.95				
	222	2	0.0	0.0	0.0	0.0	2	1.0463347190671286	8.866265546865634	230.0	27	1.05	0.95				
	223	2	0.0	0.0	0.0	0.0	2	1.026158487981315	2.126495703828781	230.0	25	1.05	0.95				
	224	1	0.0	0.0	0.0	0.0	2	1.0059903868281663	-2.3192283017445066	230.0	26	1.05	0.95				
	301	2	47.371717818947374	9.649794370526315	0.0	0.0	3	1.014228236160014	-7.295307177806869	138.0	31	1.05	0.95				
	302	2	42.546820633684206	8.772540336842106	0.0	0.0	3	1.013264636156525	-7.627472451629575	138.0	32	1.05	0.95				
	303	1	78.95286303157894	16.229199623157893	0.0	0.0	3	1.048311641179377	5.236458417554413	138.0	31	1.05	0.95				
	304	1	32.458399246315786	6.579405252631579	0.0	0.0	3	1.0112940366882497	-6.766727356351538	138.0	31	1.05	0.95				
	305	1	31.14251819578947	6.140778235789474	0.0	0.0	3	1.0267660060473407	-8.169993467866744	138.0	31	1.05	0.95				
	306	1	59.65327429052631	12.281556471578948	0.0	-100.0	3	1.0413874249951656	-9.19322442657183	138.0	32	1.05	0.95				
	307	2	54.82837710526316	10.965675421052632	0.0	0.0	3	0.9889079519177008	-13.835278790720503	138.0	32	1.05	0.95				
	308	1	75.00521988	15.351945589473685	0.0	0.0	3	0.9958800292833224	-11.851434344234825	138.0	32	1.05	0.95				
	309	1	76.75972794736842	15.79057260631579	0.0	0.0	3	1.0229303821229254	-4.24913037993339	138.0	33	1.05	0.95				
	310	1	85.53226828421052	17.54508067368421	0.0	0.0	3	1.05	-7.635218205960301	138.0	33	1.05	0.95				
	311	1	0.0	0.0	0.0	0.0	3	1.0082579932122417	-3.2291259449952223	230.0	33	1.05	0.95				
	312	1	0.0	0.0	0.0	0.0	3	1.0132120015155905	-2.5094420319193826	230.0	33	1.05	0.95				
	313	2	116.23615946315789	23.685858909473687	0.0	0.0	3	1.0111553195360958	-0.2453235202992521	230.0	34	1.05	0.95				
	314	2	85.09364126736841	17.106453656842106	0.0	0.0	3	1.0038893389484134	-3.028966113136639	230.0	36	1.05	0.95				
	315	2	139.04476433894737	28.072129077894736	0.0	0.0	3	1.0385619927983647	-0.12338196314994525	230.0	36	1.05	0.95				
	316	2	43.86270168421053	8.772540336842106	0.0	0.0	3	1.0321636043814229	-0.12589826940275833	230.0	36	1.05	0.95				
	317	1	0.0	0.0	0.0	0.0	3	1.0375846574584529	0.9709960291779933	230.0	37	1.05	0.95				
	318	2	146.06279660842105	29.826637145263156	0.0	0.0	3	1.035965514258908	0.4709537577680747	230.0	37	1.05	0.95				
	319	1	79.39149004842105	16.229199623157893	0.0	0.0	3	1.0264522413531518	-0.35806933098636406	230.0	35	1.05	0.95				
	320	1	56.14425815578947	11.404302437894737	0.0	0.0	3	1.0244717422758893	0.2956657756420024	230.0	35	1.05	0.95				
	321	2	0.0	0.0	0.0	0.0	3	1.0386522104775626	0.8112701902218808	230.0	37	1.05	0.95				
	322	2	0.0	0.0	0.0	0.0	3	1.0499999939636593	5.185090227796547	230.0	37	1.05	0.95				
	323	2	0.0	0.0	0.0	0.0	3	1.0241591915164716	0.9961971863223624	230.0	35	1.05	0.95				
	324	1	0.0	0.0	0.0	0.0	3	1.0396318364729322	1.928281289548108	230.0	36	1.05	0.95				
	325	1	0.0	0.0	0.0	0.0	3	1.0233210723566575	2.017694944586855	230.0	35	1.05	0.95				
];
