%% MATPOWER Case Format : Version 2
function mpc = RTS_GMLC
mpc.version = '2';

%%-----  Power Flow Data  -----%%
%% system MVA base
mpc.baseMVA = 100.0;
%% bus data
%    bus_i    type    Pd    Qd    Gs    Bs    area    Vm    Va    baseKV    zone    Vmax    Vmin
mpc.bus = [
	101	2	36.24492825473685	7.383226125964912	0.0	0.0	1	0.9891235179136626	-5.337564384189017	138.0	11	1.05	0.95				
	102	2	32.553315191754386	6.712023750877193	0.0	0.0	1	0.989011887228612	-5.5106894361579295	138.0	12	1.05	0.95				
	103	1	60.408213757894735	12.417243939122807	0.0	0.0	1	1.0206362334753125	1.2430139485319798	138.0	11	1.05	0.95				
	104	1	24.834487878245614	5.034017813157895	0.0	0.0	1	1.003594590219147	-4.800855320690306	138.0	11	1.05	0.95				
	105	1	23.827684315614032	4.698416625614035	0.0	0.0	1	1.0153490165017098	-5.595183899635121	138.0	11	1.05	0.95				
	106	1	45.641761505964915	9.39683325122807	0.0	-100.0	1	1.0384673510278721	-6.175426774722261	138.0	12	1.05	0.95				
	107	2	41.95014844298245	8.390029688596492	0.0	0.0	1	0.9884249837387344	-10.32645792901235	138.0	12	1.05	0.95				
	108	1	57.38780307	11.746041564035087	0.0	0.0	1	0.9999379013169076	-8.587783413618661	138.0	12	1.05	0.95				
	109	1	58.73020782017544	12.081642751578947	0.0	0.0	1	1.024864633584955	-2.829421704673095	138.0	13	1.05	0.95				
	110	1	65.44223157105263	13.424047501754385	0.0	0.0	1	1.05	-4.75132161131097	138.0	13	1.05	0.95				
	111	1	0.0	0.0	0.0	0.0	1	1.0166307512555477	0.233230666834301	230.0	13	1.05	0.95				
	112	1	0.0	0.0	0.0	0.0	1	1.0123278408633718	-1.0905698560058894	230.0	13	1.05	0.95				
	113	3	88.93431469912281	18.122464127368424	0.0	0.0	1	0.9974186390511283	-5.5659140093270076e-30	230.0	14	1.05	0.95				
	114	2	65.10663038350877	13.088446314210527	0.0	0.0	1	1.0434949182367441	4.37565586235425	230.0	16	1.05	0.95				
	115	2	106.3855764514035	21.478476002807017	0.0	0.0	1	1.038811880870271	14.386962709872913	230.0	16	1.05	0.95				
	116	2	33.56011875438597	6.712023750877193	0.0	0.0	1	1.0389788605279044	12.436049834491067	230.0	16	1.05	0.95				
	117	1	0.0	0.0	0.0	0.0	1	1.0382385335569324	18.721360896231253	230.0	17	1.05	0.95				
	118	2	111.75519545210526	22.820880752982458	0.0	0.0	1	1.0473654716874723	19.43854824127321	230.0	17	1.05	0.95				
	119	1	60.7438149454386	12.417243939122807	0.0	0.0	1	1.034288986599289	7.905542386253498	230.0	15	1.05	0.95				
	120	1	42.956952005614035	8.725630876140352	0.0	0.0	1	1.0367759972547559	4.610173512779229	230.0	15	1.05	0.95				
	121	2	0.0	0.0	0.0	0.0	1	1.0407982060293919	20.983085537717116	230.0	17	1.05	0.95				
	122	2	0.0	0.0	0.0	0.0	1	1.05	38.964537762923634	230.0	17	1.05	0.95				
	123	2	0.0	0.0	0.0	0.0	1	1.0391789795986337	3.05849808822267	230.0	15	1.05	0.95				
	124	1	0.0	0.0	0.0	0.0	1	1.0154228502043317	9.495382012619226	230.0	16	1.05	0.95				
	201	2	36.20966472378947	7.376042814105263	0.0	0.0	2	1.0089609824045644	-15.265953106269196	138.0	21	1.05	0.95				
	202	2	32.52164331673684	6.705493467368422	0.0	0.0	2	1.0079076373799538	-15.553039182067662	138.0	22	1.05	0.95				
	203	1	60.34944120631579	12.405162914631578	0.0	0.0	2	1.0132842452193702	-11.520337302857275	138.0	21	1.05	0.95				
	204	1	24.810325829263157	5.029120100526315	0.0	0.0	2	1.0108961786038033	-15.472401436196543	138.0	21	1.05	0.95				
	205	1	23.804501809157895	4.693845427157895	0.0	0.0	2	1.0255253701266798	-15.87173612553003	138.0	21	1.05	0.95				
	206	1	45.597355578105265	9.38769085431579	0.0	-100.0	2	1.0430636762665813	-16.66176447730485	138.0	22	1.05	0.95				
	207	2	41.909334171052635	8.381866834210525	0.0	0.0	2	0.9924076235514666	-20.538754715934942	138.0	22	1.05	0.95				
	208	1	57.33196914599999	11.734613567894737	0.0	0.0	2	1.0020463740190644	-19.104176167290976	138.0	22	1.05	0.95				
	209	1	58.67306783947368	12.069888241263158	0.0	0.0	2	1.0222208337543082	-14.004306351836727	138.0	23	1.05	0.95				
	210	1	65.3785613068421	13.410986934736844	0.0	0.0	2	1.05	-15.389549453477807	138.0	23	1.05	0.95				
	211	1	0.0	0.0	0.0	0.0	2	1.0031700164261934	-11.589683326620019	230.0	23	1.05	0.95				
	212	1	0.0	0.0	0.0	0.0	2	1.0103168050144413	-11.278923843361717	230.0	23	1.05	0.95				
	213	2	88.84778844263157	18.104832361894736	0.0	0.0	2	0.999383601010736	-10.754491508071924	230.0	24	1.05	0.95				
	214	2	65.04328663347368	13.075712261368421	0.0	0.0	2	1.0001669183198423	-9.074365218054771	230.0	26	1.05	0.95				
	215	2	106.28207145778947	21.457579095578946	0.0	0.0	2	1.0224677407669134	-2.6288875700610834	230.0	26	1.05	0.95				
	216	2	33.5274673368421	6.705493467368422	0.0	0.0	2	1.024159458748132	-3.5782954350742573	230.0	26	1.05	0.95				
	217	1	0.0	0.0	0.0	0.0	2	1.031275670179872	-1.1649733437213161	230.0	27	1.05	0.95				
	218	2	111.64646623168422	22.798677789052633	0.0	0.0	2	1.0301223306714757	-1.5409047646423295	230.0	27	1.05	0.95				
	219	1	60.68471587968421	12.405162914631578	0.0	0.0	2	1.0280286583960723	-4.473397941218669	230.0	25	1.05	0.95				
	220	1	42.91515819115789	8.717141507578948	0.0	0.0	2	1.0332548029008781	-4.59004090242333	230.0	25	1.05	0.95				
	221	2	0.0	0.0	0.0	0.0	2	1.0307206205766932	-1.1060240967965624	230.0	27	1.05	0.95				
	222	2	0.0	0.0	0.0	0.0	2	1.049999999673299	5.3642700487302255	230.0	27	1.05	0.95				
	223	2	0.0	0.0	0.0	0.0	2	1.0362121092034897	-4.398876456074162	230.0	25	1.05	0.95				
	224	1	0.0	0.0	0.0	0.0	2	1.0080224482852442	-5.960824833876461	230.0	26	1.05	0.95				
	301	2	46.534640930526315	9.479278708070176	0.0	0.0	3	1.0227956771971078	7.477254805382412	138.0	31	1.05	0.95				
	302	2	41.795001576491224	8.617526098245614	0.0	0.0	3	1.0201744566163253	7.132023611587321	138.0	32	1.05	0.95				
	303	1	77.55773488421053	15.942423281754383	0.0	0.0	3	1.05	22.828165362545846	138.0	31	1.05	0.95				
	304	1	31.884846563508766	6.463144573684209	0.0	0.0	3	1.00986564087763	8.593560642587626	138.0	31	1.05	0.95				
	305	1	30.592217648771925	6.03226826877193	0.0	0.0	3	1.0274237822667696	5.8568810196032315	138.0	31	1.05	0.95				
	306	1	58.599177468070174	12.06453653754386	0.0	-100.0	3	1.0372297143139424	4.423566506476786	138.0	32	1.05	0.95				
	307	2	53.85953811403509	10.771907622807017	0.0	0.0	3	0.95	0.9401421867000956	138.0	32	1.05	0.95				
	308	1	73.67984813999999	15.080670671929822	0.0	0.0	3	0.9698465611090453	2.8247323047814095	138.0	32	1.05	0.95				
	309	1	75.40335335964912	15.511546976842103	0.0	0.0	3	1.0150147104891774	11.601301063891778	138.0	33	1.05	0.95				
	310	1	84.02087945789472	17.235052196491228	0.0	0.0	3	1.0424709836030692	5.605936879313932	138.0	33	1.05	0.95				
	311	1	0.0	0.0	0.0	0.0	3	1.002153399549215	9.151583667956471	230.0	33	1.05	0.95				
	312	1	0.0	0.0	0.0	0.0	3	1.006373202325907	9.574283509999486	230.0	33	1.05	0.95				
	313	2	114.18222080175437	23.267320465263158	0.0	0.0	3	0.9997716753526076	9.58806537256043	230.0	34	1.05	0.95				
	314	2	83.59000315298245	16.80417589157895	0.0	0.0	3	0.998696186932531	9.42701869894329	230.0	36	1.05	0.95				
	315	2	136.58778865719296	27.576083514385964	0.0	0.0	3	1.0489777038646058	12.811807086466928	230.0	36	1.05	0.95				
	316	2	43.08763049122807	8.617526098245614	0.0	0.0	3	1.0336505732844072	12.368286935236284	230.0	36	1.05	0.95				
	317	1	0.0	0.0	0.0	0.0	3	1.05	15.781615949386515	230.0	37	1.05	0.95				
	318	2	143.48180953578947	29.299588734035087	0.0	0.0	3	1.048852159430412	12.999574205890092	230.0	37	1.05	0.95				
	319	1	77.9886111891228	15.942423281754383	0.0	0.0	3	1.0229681527396213	11.512434781900724	230.0	35	1.05	0.95				
	320	1	55.15216702877193	11.202783927719299	0.0	0.0	3	1.0166823360844994	11.606402946999197	230.0	35	1.05	0.95				
	321	2	0.0	0.0	0.0	0.0	3	1.05	13.572002080254943	230.0	37	1.05	0.95				
	322	2	0.0	0.0	0.0	0.0	3	1.05	18.787385944253252	230.0	37	1.05	0.95				
	323	2	0.0	0.0	0.0	0.0	3	1.0138384051146174	11.999817623013099	230.0	35	1.05	0.95				
	324	1	0.0	0.0	0.0	0.0	3	1.046220394679406	16.6398840162931	230.0	36	1.05	0.95				
	325	1	0.0	0.0	0.0	0.0	3	1.0144282982114405	12.777096560243782	230.0	35	1.05	0.95				
];
