%% MATPOWER Case Format : Version 2
function mpc = RTS_GMLC
mpc.version = '2';

%%-----  Power Flow Data  -----%%
%% system MVA base
mpc.baseMVA = 100.0;
%% bus data
%    bus_i    type    Pd    Qd    Gs    Bs    area    Vm    Va    baseKV    zone    Vmax    Vmin
mpc.bus = [
	101	2	58.06135576421053	11.82731321122807	0.0	0.0	1	1.0175077865078568	-5.130914460810072	138.0	11	1.05	0.95				
	102	2	52.14769915859648	10.752102919298245	0.0	0.0	1	1.0172333075004338	-5.418516236059606	138.0	12	1.05	0.95				
	103	1	96.7689262736842	19.891390400701752	0.0	0.0	1	1.0148197727197896	0.9905394972644137	138.0	11	1.05	0.95				
	104	1	39.782780801403504	8.064077189473684	0.0	0.0	1	1.0106525025001878	-5.33452616295891	138.0	11	1.05	0.95				
	105	1	38.169965363508766	7.526472043508773	0.0	0.0	1	1.0233584354820335	-6.704110702719369	138.0	11	1.05	0.95				
	106	1	73.11429985122807	15.052944087017545	0.0	-100.0	1	1.0336055609492614	-8.177096126964027	138.0	12	1.05	0.95				
	107	2	67.20064324561403	13.440128649122807	0.0	0.0	1	0.9908993659277986	-13.373978990164392	138.0	12	1.05	0.95				
	108	1	91.93047996	18.81618010877193	0.0	0.0	1	0.9909703310546959	-11.68779657444523	138.0	12	1.05	0.95				
	109	1	94.08090054385964	19.35378525473684	0.0	0.0	1	1.015844195161309	-4.180644591145042	138.0	13	1.05	0.95				
	110	1	104.8330034631579	21.50420583859649	0.0	0.0	1	1.042685867542901	-6.554060790972156	138.0	13	1.05	0.95				
	111	1	0.0	0.0	0.0	0.0	1	1.0073667073660086	-0.7230419091487863	230.0	13	1.05	0.95				
	112	1	0.0	0.0	0.0	0.0	1	1.0018363305799038	-1.7745407752816897	230.0	13	1.05	0.95				
	113	3	142.46536368070176	29.030677882105266	0.0	0.0	1	0.9875403660528789	-1.519977355349417e-30	230.0	14	1.05	0.95				
	114	2	104.29539831719296	20.96660069263158	0.0	0.0	1	1.0352848054689203	3.231203775580849	230.0	16	1.05	0.95				
	115	2	170.4208312708772	34.406729341754385	0.0	0.0	1	1.0240520338409227	14.524940126470744	230.0	16	1.05	0.95				
	116	2	53.76051459649123	10.752102919298245	0.0	0.0	1	1.0241054802598812	12.4392851651329	230.0	16	1.05	0.95				
	117	1	0.0	0.0	0.0	0.0	1	1.026921819419708	19.30526860537406	230.0	17	1.05	0.95				
	118	2	179.02251360631578	36.557149925614034	0.0	0.0	1	1.0377160870722848	20.312586457500025	230.0	17	1.05	0.95				
	119	1	97.30653141964912	19.891390400701752	0.0	0.0	1	1.0201894959599462	7.913258794327173	230.0	15	1.05	0.95				
	120	1	68.81345868350877	13.977733795087719	0.0	0.0	1	1.0246916981634027	4.543775680174956	230.0	15	1.05	0.95				
	121	2	0.0	0.0	0.0	0.0	1	1.0360554472372627	22.190023599426617	230.0	17	1.05	0.95				
	122	2	0.0	0.0	0.0	0.0	1	1.0456772372954422	39.41495764278659	230.0	17	1.05	0.95				
	123	2	0.0	0.0	0.0	0.0	1	1.0291480331376672	3.1137959391061774	230.0	15	1.05	0.95				
	124	1	0.0	0.0	0.0	0.0	1	1.0036651874653613	9.447204485759272	230.0	16	1.05	0.95				
	201	2	54.433495970526316	11.088304734736841	0.0	0.0	2	1.0097525851159546	-14.687355461355189	138.0	21	1.05	0.95				
	202	2	48.88934360315788	10.080277031578946	0.0	0.0	2	1.0086967617300193	-14.927173732541723	138.0	22	1.05	0.95				
	203	1	90.72249328421051	18.64851250842105	0.0	0.0	2	0.9945748673955175	-11.115177427428097	138.0	21	1.05	0.95				
	204	1	37.2970250168421	7.560207773684209	0.0	0.0	2	0.9943709350155205	-13.71059042991168	138.0	21	1.05	0.95				
	205	1	35.78498346210526	7.056193922105263	0.0	0.0	2	1.0108567821433312	-14.154399511451713	138.0	21	1.05	0.95				
	206	1	68.54588381473684	14.112387844210526	0.0	-100.0	2	1.0188933379092615	-14.466294266668113	138.0	22	1.05	0.95				
	207	2	63.001731447368414	12.600346289473682	0.0	0.0	2	0.966368333963148	-20.94489052250475	138.0	22	1.05	0.95				
	208	1	86.18636861999998	17.640484805263153	0.0	0.0	2	0.9691951110485101	-18.461089155901593	138.0	22	1.05	0.95				
	209	1	88.20242402631577	18.1444986568421	0.0	0.0	2	0.9991838445607075	-10.53663777806671	138.0	23	1.05	0.95				
	210	1	98.28270105789471	20.160554063157893	0.0	0.0	2	1.0250372777782497	-11.92802000838452	138.0	23	1.05	0.95				
	211	1	0.0	0.0	0.0	0.0	2	0.9879623133349412	-7.426019847612064	230.0	23	1.05	0.95				
	212	1	0.0	0.0	0.0	0.0	2	0.9777450294873036	-2.0052777965782735	230.0	23	1.05	0.95				
	213	2	133.56367066842103	27.216747985263158	0.0	0.0	2	0.9801766647707595	-4.4309954893446015	230.0	24	1.05	0.95				
	214	2	97.77868720631577	19.656540211578946	0.0	0.0	2	0.9990689129882575	-6.17495649413164	230.0	26	1.05	0.95				
	215	2	159.7723909505263	32.25688650105263	0.0	0.0	2	0.9979535743881485	-0.5505753399725917	230.0	26	1.05	0.95				
	216	2	50.40138515789473	10.080277031578946	0.0	0.0	2	0.9940006438600145	-0.9270249865517848	230.0	26	1.05	0.95				
	217	1	0.0	0.0	0.0	0.0	2	1.0091173511081422	0.4941416966293558	230.0	27	1.05	0.95				
	218	2	167.83661257578945	34.27294190736842	0.0	0.0	2	1.0089648533800823	-0.12940710907571237	230.0	27	1.05	0.95				
	219	1	91.22650713578946	18.64851250842105	0.0	0.0	2	0.9749267600790468	0.07477308721977477	230.0	25	1.05	0.95				
	220	1	64.51377300210525	13.104360141052629	0.0	0.0	2	0.9630556954331461	2.068927532723545	230.0	25	1.05	0.95				
	221	2	0.0	0.0	0.0	0.0	2	1.0108889435377517	0.5257859010092221	230.0	27	1.05	0.95				
	222	2	0.0	0.0	0.0	0.0	2	1.0296325729070075	7.041238746091026	230.0	27	1.05	0.95				
	223	2	0.0	0.0	0.0	0.0	2	0.9585420167164961	3.629534791432017	230.0	25	1.05	0.95				
	224	1	0.0	0.0	0.0	0.0	2	0.9840411064940405	-4.534959608904034	230.0	26	1.05	0.95				
	301	2	51.95001581052632	10.582410628070177	0.0	0.0	3	1.00397606774809	52.64330867218022	138.0	31	1.05	0.95				
	302	2	46.658810496491235	9.620373298245616	0.0	0.0	3	1.0053348329322533	52.26714857680166	138.0	32	1.05	0.95				
	303	1	86.58335968421054	17.797690601754386	0.0	0.0	3	0.9911830313513544	68.01363427112727	138.0	31	1.05	0.95				
	304	1	35.59538120350877	7.21527997368421	0.0	0.0	3	0.9959872646053817	53.637173465316934	138.0	31	1.05	0.95				
	305	1	34.152325208771934	6.734261308771932	0.0	0.0	3	1.0167849900180377	51.63353604048943	138.0	31	1.05	0.95				
	306	1	65.41853842807018	13.468522617543863	0.0	-100.0	3	1.0316999828792084	50.49215781565979	138.0	32	1.05	0.95				
	307	2	60.12733311403509	12.025466622807018	0.0	0.0	3	0.9717407091336777	49.39742632043382	138.0	32	1.05	0.95				
	308	1	82.2541917	16.835653271929825	0.0	0.0	3	0.9873366734429705	51.511766694897545	138.0	32	1.05	0.95				
	309	1	84.17826635964913	17.316671936842106	0.0	0.0	3	1.0040842858871548	56.81873981591253	138.0	33	1.05	0.95				
	310	1	93.79863965789474	19.24074659649123	0.0	0.0	3	1.0416732166378069	52.19587237799087	138.0	33	1.05	0.95				
	311	1	0.0	0.0	0.0	0.0	3	0.9970454705698911	54.63689726827842	230.0	33	1.05	0.95				
	312	1	0.0	0.0	0.0	0.0	3	1.013258244426241	55.28888429746355	230.0	33	1.05	0.95				
	313	2	127.46994620175438	25.97500790526316	0.0	0.0	3	1.0183031945135488	59.229932989204734	230.0	34	1.05	0.95				
	314	2	93.31762099298247	18.759727931578947	0.0	0.0	3	0.9777360315162033	50.686477093019896	230.0	36	1.05	0.95				
	315	2	152.482916777193	30.78519455438597	0.0	0.0	3	0.9697477145689805	42.5618687577534	230.0	36	1.05	0.95				
	316	2	48.10186649122807	9.620373298245616	0.0	0.0	3	0.9767049258486044	42.90218624452616	230.0	36	1.05	0.95				
	317	1	0.0	0.0	0.0	0.0	3	0.9678942859083892	40.11420140004227	230.0	37	1.05	0.95				
	318	2	160.17921541578949	32.70926921403509	0.0	0.0	3	0.9565168897690391	36.938768100171934	230.0	37	1.05	0.95				
	319	1	87.06437834912282	17.797690601754386	0.0	0.0	3	1.0014073793167517	44.7102808586699	230.0	35	1.05	0.95				
	320	1	61.57038910877194	12.506485287719299	0.0	0.0	3	1.02339693768468	45.629249476742395	230.0	35	1.05	0.95				
	321	2	0.0	0.0	0.0	0.0	3	0.9685519077844386	39.19247349608423	230.0	37	1.05	0.95				
	322	2	0.0	0.0	0.0	0.0	3	0.9869755482413981	41.78165478004353	230.0	37	1.05	0.95				
	323	2	0.0	0.0	0.0	0.0	3	1.0346813747036732	45.75058996639512	230.0	35	1.05	0.95				
	324	1	0.0	0.0	0.0	0.0	3	0.9645247516668803	53.80486802890894	230.0	36	1.05	0.95				
	325	1	0.0	0.0	0.0	0.0	3	1.0329625243561273	43.77764494928343	230.0	35	1.05	0.95				
];
