%% MATPOWER Case Format : Version 2
function mpc = RTS_GMLC
mpc.version = '2';

%%-----  Power Flow Data  -----%%
%% system MVA base
mpc.baseMVA = 100.0;
%% bus data
%    bus_i    type    Pd    Qd    Gs    Bs    area    Vm    Va    baseKV    zone    Vmax    Vmin
mpc.bus = [
	101	2	41.37506185263158	8.428253340350878	0.0	0.0	1	1.015577590376982	1.702845468705168	138.0	11	1.05	0.95				
	102	2	37.16093518245614	7.662048491228071	0.0	0.0	1	1.0138138574141098	1.2012412567788602	138.0	12	1.05	0.95				
	103	1	68.95843642105264	14.174789708771932	0.0	0.0	1	1.0267396958525647	2.721123234583136	138.0	11	1.05	0.95				
	104	1	28.349579417543865	5.746536368421053	0.0	0.0	1	1.0137163005461698	-1.2683343335864314	138.0	11	1.05	0.95				
	105	1	27.20027214385965	5.3634339438596506	0.0	0.0	1	1.0274367333140997	-1.2342081783971242	138.0	11	1.05	0.95				
	106	1	52.10192974035088	10.726867887719301	0.0	-100.0	1	1.0422263680091772	-3.3594127149876365	138.0	12	1.05	0.95				
	107	2	47.88780307017544	9.577560614035088	0.0	0.0	1	0.9848958941471584	-11.05599174586406	138.0	12	1.05	0.95				
	108	1	65.51051460000001	13.408584859649123	0.0	0.0	1	0.995188789641474	-8.506634525760234	138.0	12	1.05	0.95				
	109	1	67.04292429824562	13.791687284210527	0.0	0.0	1	1.0246196694556848	-1.6803577783236572	138.0	13	1.05	0.95				
	110	1	74.70497278947369	15.324096982456142	0.0	0.0	1	1.05	-2.9417426142229504	138.0	13	1.05	0.95				
	111	1	0.0	0.0	0.0	0.0	1	1.0143576354504564	0.6532604772046869	230.0	13	1.05	0.95				
	112	1	0.0	0.0	0.0	0.0	1	1.0120834609746832	-0.5320456225965454	230.0	13	1.05	0.95				
	113	3	101.52214250877194	20.68753092631579	0.0	0.0	1	0.9946491869431955	-2.0007680990205185e-28	230.0	14	1.05	0.95				
	114	2	74.32187036491229	14.940994557894738	0.0	0.0	1	1.0356888015752488	4.151099182846402	230.0	16	1.05	0.95				
	115	2	121.44346858596491	24.518555171929826	0.0	0.0	1	1.0394971683891578	13.392545714158432	230.0	16	1.05	0.95				
	116	2	38.31024245614035	7.662048491228071	0.0	0.0	1	1.038270614093819	11.530051656450729	230.0	16	1.05	0.95				
	117	1	0.0	0.0	0.0	0.0	1	1.0381083619433022	17.531940950271924	230.0	17	1.05	0.95				
	118	2	127.57310737894738	26.05096487017544	0.0	0.0	1	1.0470024861930902	18.11534852088624	230.0	17	1.05	0.95				
	119	1	69.34153884561404	14.174789708771932	0.0	0.0	1	1.032732433792007	7.1289516487934055	230.0	15	1.05	0.95				
	120	1	49.03711034385965	9.960663038596493	0.0	0.0	1	1.0346641463105044	4.032875557885269	230.0	15	1.05	0.95				
	121	2	0.0	0.0	0.0	0.0	1	1.0408693488333272	19.641783857645187	230.0	17	1.05	0.95				
	122	2	0.0	0.0	0.0	0.0	1	1.05	37.62266481790387	230.0	17	1.05	0.95				
	123	2	0.0	0.0	0.0	0.0	1	1.0368297044869712	2.62508313716166	230.0	15	1.05	0.95				
	124	1	0.0	0.0	0.0	0.0	1	1.0214212468699022	9.403829914729135	230.0	16	1.05	0.95				
	201	2	45.40657956631579	9.249488430175438	0.0	0.0	2	1.0085672733237037	-18.80978245296046	138.0	21	1.05	0.95				
	202	2	40.78183535122807	8.408625845614036	0.0	0.0	2	1.0078027392197297	-19.129273980065733	138.0	22	1.05	0.95				
	203	1	75.67763261052632	15.555957814385964	0.0	0.0	2	1.010041967935313	-13.658908722262375	138.0	21	1.05	0.95				
	204	1	31.11191562877193	6.306469384210526	0.0	0.0	2	1.0089163793966494	-18.742139970367734	138.0	21	1.05	0.95				
	205	1	29.850621751929822	5.886038091929826	0.0	0.0	2	1.024112592203182	-19.286828043984112	138.0	21	1.05	0.95				
	206	1	57.178655750175444	11.772076183859651	0.0	-100.0	2	1.0406290237892013	-20.08042210703193	138.0	22	1.05	0.95				
	207	2	52.553911535087714	10.510782307017545	0.0	0.0	2	0.9914823812521073	-25.08046332925476	138.0	22	1.05	0.95				
	208	1	71.89375098	14.71509522982456	0.0	0.0	2	0.9980861895659077	-23.18754154621286	138.0	22	1.05	0.95				
	209	1	73.5754761491228	15.135526522105264	0.0	0.0	2	1.0220827605243452	-16.678578116276046	138.0	23	1.05	0.95				
	210	1	81.98410199473683	16.817251691228073	0.0	0.0	2	1.05	-18.405840936848527	138.0	23	1.05	0.95				
	211	1	0.0	0.0	0.0	0.0	2	1.0088049335680016	-13.602961706544342	230.0	23	1.05	0.95				
	212	1	0.0	0.0	0.0	0.0	2	1.012785903460777	-13.047402126633488	230.0	23	1.05	0.95				
	213	2	111.41429245438597	22.703289783157896	0.0	0.0	2	1.0085970019924775	-12.414260061863295	230.0	24	1.05	0.95				
	214	2	81.56367070245614	16.39682039894737	0.0	0.0	2	1.0112520730693761	-10.62907374045552	230.0	26	1.05	0.95				
	215	2	133.27671965298245	26.907602705964912	0.0	0.0	2	1.0257369026829721	-3.2912394724189804	230.0	26	1.05	0.95				
	216	2	42.04312922807018	8.408625845614036	0.0	0.0	2	1.0293495132191273	-3.8983233935583375	230.0	26	1.05	0.95				
	217	1	0.0	0.0	0.0	0.0	2	1.0336746755390052	-1.7698693646969663	230.0	27	1.05	0.95				
	218	2	140.00362032947368	28.589327875087722	0.0	0.0	2	1.0320911171301563	-2.3108334615810278	230.0	27	1.05	0.95				
	219	1	76.09806390280703	15.555957814385964	0.0	0.0	2	1.0334930556294424	-4.632189326394484	230.0	25	1.05	0.95				
	220	1	53.815205411929824	10.931213599298246	0.0	0.0	2	1.0398623069678923	-4.456356844530654	230.0	25	1.05	0.95				
	221	2	0.0	0.0	0.0	0.0	2	1.0328625446325075	-1.8347264507232035	230.0	27	1.05	0.95				
	222	2	0.0	0.0	0.0	0.0	2	1.05	4.686568142711781	230.0	27	1.05	0.95				
	223	2	0.0	0.0	0.0	0.0	2	1.0438760925241344	-4.04777656561881	230.0	25	1.05	0.95				
	224	1	0.0	0.0	0.0	0.0	2	1.007110507280135	-7.153801462441106	230.0	26	1.05	0.95				
	301	2	59.51787408	12.124011386666666	0.0	0.0	3	1.036051193457393	2.0689331704249376	138.0	31	1.05	0.95				
	302	2	53.45586838666666	11.021828533333334	0.0	0.0	3	1.03106514299274	1.7308449474111949	138.0	32	1.05	0.95				
	303	1	99.19645679999999	20.390382786666667	0.0	0.0	3	1.05	18.675694862180517	138.0	31	1.05	0.95				
	304	1	40.78076557333333	8.2663714	0.0	0.0	3	1.0108293743420373	3.600051417777206	138.0	31	1.05	0.95				
	305	1	39.127491293333335	7.715279973333335	0.0	0.0	3	1.031884613034444	0.9530249169009908	138.0	31	1.05	0.95				
	306	1	74.94843402666666	15.43055994666667	0.0	-100.0	3	1.0353914347810005	-0.30942803351982834	138.0	32	1.05	0.95				
	307	2	68.88642833333334	13.777285666666666	0.0	0.0	3	0.95	0.48540635852537595	138.0	32	1.05	0.95				
	308	1	94.23663395999999	19.288199933333335	0.0	0.0	3	0.9669512252444882	0.33937507716513576	138.0	32	1.05	0.95				
	309	1	96.44099966666666	19.83929136	0.0	0.0	3	1.0131349594654415	7.455989119543995	138.0	33	1.05	0.95				
	310	1	107.46282819999999	22.04365706666667	0.0	0.0	3	1.0409505989052936	1.5757770724550901	138.0	33	1.05	0.95				
	311	1	0.0	0.0	0.0	0.0	3	1.0004371493903508	5.972040849851154	230.0	33	1.05	0.95				
	312	1	0.0	0.0	0.0	0.0	3	1.004319993124851	6.807608119760839	230.0	33	1.05	0.95				
	313	2	146.03922806666668	29.75893704	0.0	0.0	3	1.0005516474393572	8.459027069924348	230.0	34	1.05	0.95				
	314	2	106.91173677333332	21.49256564	0.0	0.0	3	0.9975281523799622	5.362054087904103	230.0	36	1.05	0.95				
	315	2	174.69598225333334	35.269851306666666	0.0	0.0	3	1.05	8.12884850637984	230.0	36	1.05	0.95				
	316	2	55.10914266666666	11.021828533333334	0.0	0.0	3	1.0376627367024451	7.849644293049226	230.0	36	1.05	0.95				
	317	1	0.0	0.0	0.0	0.0	3	1.05	11.08372112616204	230.0	37	1.05	0.95				
	318	2	183.51344508	37.47421701333333	0.0	0.0	3	1.047272073101101	8.558201183624115	230.0	37	1.05	0.95				
	319	1	99.74754822666667	20.390382786666667	0.0	0.0	3	1.0235609870153273	7.4367453548499425	230.0	35	1.05	0.95				
	320	1	70.53970261333333	14.328377093333334	0.0	0.0	3	1.0156645958097588	8.153426455155563	230.0	35	1.05	0.95				
	321	2	0.0	0.0	0.0	0.0	3	1.05	9.035211883661164	230.0	37	1.05	0.95				
	322	2	0.0	0.0	0.0	0.0	3	1.05	14.18736454983124	230.0	37	1.05	0.95				
	323	2	0.0	0.0	0.0	0.0	3	1.0126978023990536	8.986507576095617	230.0	35	1.05	0.95				
	324	1	0.0	0.0	0.0	0.0	3	1.046692770415875	12.158058538057672	230.0	36	1.05	0.95				
	325	1	0.0	0.0	0.0	0.0	3	1.0127061820300591	9.905112449974627	230.0	35	1.05	0.95				
];
