%% MATPOWER Case Format : Version 2
function mpc = RTS_GMLC
mpc.version = '2';

%%-----  Power Flow Data  -----%%
%% system MVA base
mpc.baseMVA = 100.0;
%% bus data
%    bus_i    type    Pd    Qd    Gs    Bs    area    Vm    Va    baseKV    zone    Vmax    Vmin
mpc.bus = [
	101	2	51.19445819368421	10.428500743157894	0.0	0.0	1	1.0183458919309836	2.767027239496856	138.0	11	1.05	0.95				
	102	2	45.98020782210526	9.48045522105263	0.0	0.0	1	1.0175728346413522	2.594046728325672	138.0	12	1.05	0.95				
	103	1	85.32409698947367	17.538842158947364	0.0	0.0	1	1.0283125310314103	1.543242772608638	138.0	11	1.05	0.95				
	104	1	35.07768431789473	7.110341415789473	0.0	0.0	1	1.014351065334198	-0.91612059666347	138.0	11	1.05	0.95				
	105	1	33.65561603473684	6.636318654736842	0.0	0.0	1	1.0271934677968808	-0.7871292460799573	138.0	11	1.05	0.95				
	106	1	64.46709550315789	13.272637309473684	0.0	-100.0	1	1.040028148740816	-3.2385275771783553	138.0	12	1.05	0.95				
	107	2	59.25284513157894	11.850569026315789	0.0	0.0	1	0.9891929358504635	-9.435820759112879	138.0	12	1.05	0.95				
	108	1	81.05789213999999	16.590796636842104	0.0	0.0	1	0.9964225238482425	-7.894212947287184	138.0	12	1.05	0.95				
	109	1	82.95398318421053	17.064819397894734	0.0	0.0	1	1.0267699712010152	-1.8142885515028884	138.0	13	1.05	0.95				
	110	1	92.43443840526314	18.96091044210526	0.0	0.0	1	1.05	-2.8350502660438552	138.0	13	1.05	0.95				
	111	1	0.0	0.0	0.0	0.0	1	1.0188458467586936	0.29593575816515394	230.0	13	1.05	0.95				
	112	1	0.0	0.0	0.0	0.0	1	1.0157392073029103	0.2782751279979682	230.0	13	1.05	0.95				
	113	3	125.61603167894735	25.597229096842106	0.0	0.0	1	1.0013408915343023	-5.090745379545609e-28	230.0	14	1.05	0.95				
	114	2	91.96041564421051	18.48688768105263	0.0	0.0	1	1.040112947212649	3.1281420943451734	230.0	16	1.05	0.95				
	115	2	150.2652152536842	30.33745670736842	0.0	0.0	1	1.0484821202410157	10.780305595414266	230.0	16	1.05	0.95				
	116	2	47.402276105263155	9.48045522105263	0.0	0.0	1	1.0499945458029734	10.037761633152547	230.0	16	1.05	0.95				
	117	1	0.0	0.0	0.0	0.0	1	1.045906837776839	13.835978203629493	230.0	17	1.05	0.95				
	118	2	157.84957943052632	32.233547751578946	0.0	0.0	1	1.05	13.478129625651306	230.0	17	1.05	0.95				
	119	1	85.79811975052631	17.538842158947364	0.0	0.0	1	1.047006356299863	7.909528591998677	230.0	15	1.05	0.95				
	120	1	60.67491341473684	12.324591787368421	0.0	0.0	1	1.048516595091033	6.945454363764196	230.0	15	1.05	0.95				
	121	2	0.0	0.0	0.0	0.0	1	1.0408011415714067	14.32572542052936	230.0	17	1.05	0.95				
	122	2	0.0	0.0	0.0	0.0	1	1.05	32.30715409678008	230.0	17	1.05	0.95				
	123	2	0.0	0.0	0.0	0.0	1	1.05	6.764247689736441	230.0	15	1.05	0.95				
	124	1	0.0	0.0	0.0	0.0	1	1.029246877082864	7.356358688455385	230.0	16	1.05	0.95				
	201	2	50.71053046736842	10.329922872982456	0.0	0.0	2	1.0278229233564522	-8.440449072716525	138.0	21	1.05	0.95				
	202	2	45.54556903087719	9.390838975438596	0.0	0.0	2	1.0282877718960832	-8.412462593935707	138.0	22	1.05	0.95				
	203	1	84.51755077894735	17.373052104561403	0.0	0.0	2	1.0171103443190495	-8.291199442144544	138.0	21	1.05	0.95				
	204	1	34.746104209122805	7.043129231578947	0.0	0.0	2	1.0177606103017547	-10.772935832805725	138.0	21	1.05	0.95				
	205	1	33.33747836280701	6.5735872828070185	0.0	0.0	2	1.0328681028470406	-10.887894478808548	138.0	21	1.05	0.95				
	206	1	63.85770503298246	13.147174565614037	0.0	-100.0	2	1.043491596464462	-12.700096702311457	138.0	22	1.05	0.95				
	207	2	58.692743596491226	11.738548719298244	0.0	0.0	2	0.9865113390912922	-19.803499867747618	138.0	22	1.05	0.95				
	208	1	80.29167324	16.43396820701754	0.0	0.0	2	0.9933710374063184	-17.65897747015552	138.0	22	1.05	0.95				
	209	1	82.16984103508771	16.903510155789473	0.0	0.0	2	1.0229957887865067	-10.783717779576222	138.0	23	1.05	0.95				
	210	1	91.56068001052631	18.781677950877192	0.0	0.0	2	1.05	-11.869342125813606	138.0	23	1.05	0.95				
	211	1	0.0	0.0	0.0	0.0	2	1.0085508649133987	-7.999053647248981	230.0	23	1.05	0.95				
	212	1	0.0	0.0	0.0	0.0	2	1.0121337290920462	-7.673999122178549	230.0	23	1.05	0.95				
	213	2	124.42861642456138	25.35526523368421	0.0	0.0	2	1.0023846024975207	-7.340004571549884	230.0	24	1.05	0.95				
	214	2	91.09113806175438	18.312136002105262	0.0	0.0	2	1.0133958107648688	-5.174786490846507	230.0	26	1.05	0.95				
	215	2	148.84479776070174	30.05068472140351	0.0	0.0	2	1.0353387220406989	1.88241277487317	230.0	26	1.05	0.95				
	216	2	46.954194877192975	9.390838975438596	0.0	0.0	2	1.038685535311666	1.5826269607901515	230.0	26	1.05	0.95				
	217	1	0.0	0.0	0.0	0.0	2	1.0445551168627416	4.604893977413785	230.0	27	1.05	0.95				
	218	2	156.35746894105262	31.92885251649123	0.0	0.0	2	1.045049176067453	4.958609861676387	230.0	27	1.05	0.95				
	219	1	84.9870927277193	17.373052104561403	0.0	0.0	2	1.0375995346838354	0.18451289144726918	230.0	25	1.05	0.95				
	220	1	60.10136944280702	12.208090668070176	0.0	0.0	2	1.0402239407667782	-0.13407499481643825	230.0	25	1.05	0.95				
	221	2	0.0	0.0	0.0	0.0	2	1.0436077301226574	4.693868065403023	230.0	27	1.05	0.95				
	222	2	0.0	0.0	0.0	0.0	2	1.05	11.165693294303539	230.0	27	1.05	0.95				
	223	2	0.0	0.0	0.0	0.0	2	1.0423291296105457	0.04110416866380943	230.0	25	1.05	0.95				
	224	1	0.0	0.0	0.0	0.0	2	1.0158811344801126	-1.8982922261373456	230.0	26	1.05	0.95				
	301	2	68.58905411368423	13.971844356491228	0.0	0.0	3	1.010463208860559	-37.469866708996896	138.0	31	1.05	0.95				
	302	2	61.60313193543859	12.7016766877193	0.0	0.0	3	1.0097729597028586	-37.62744275354879	138.0	32	1.05	0.95				
	303	1	114.3150901894737	23.498101872280703	0.0	0.0	3	1.0179815096111802	-29.22780084572163	138.0	31	1.05	0.95				
	304	1	46.996203744561406	9.526257515789474	0.0	0.0	3	1.0065299272339072	-35.376857700423855	138.0	31	1.05	0.95				
	305	1	45.09095224140351	8.89117368140351	0.0	0.0	3	1.021320487153101	-36.43220167334799	138.0	31	1.05	0.95				
	306	1	86.37140147649124	17.78234736280702	0.0	-100.0	3	1.0346116200034854	-36.54786861048477	138.0	32	1.05	0.95				
	307	2	79.38547929824563	15.877095859649124	0.0	0.0	3	0.9998029644344555	-41.015654491732086	138.0	32	1.05	0.95				
	308	1	108.59933568	22.22793420350877	0.0	0.0	3	0.9965835328989234	-39.24632420965417	138.0	32	1.05	0.95				
	309	1	111.13967101754388	22.863018037894737	0.0	0.0	3	1.0267779756571007	-30.94647843036929	138.0	33	1.05	0.95				
	310	1	123.84134770526316	25.4033533754386	0.0	0.0	3	1.05	-33.35689024708391	138.0	33	1.05	0.95				
	311	1	0.0	0.0	0.0	0.0	3	1.0225545796676192	-25.336716731450768	230.0	33	1.05	0.95				
	312	1	0.0	0.0	0.0	0.0	3	1.0176103303451418	-24.616944253870486	230.0	33	1.05	0.95				
	313	2	168.2972161122807	34.294527056842114	0.0	0.0	3	1.0325205119295213	-21.450889783735512	230.0	34	1.05	0.95				
	314	2	123.20626387087718	24.768269541052636	0.0	0.0	3	1.0397795537871377	-22.080476450522475	230.0	36	1.05	0.95				
	315	2	201.3215755003509	40.645365400701756	0.0	0.0	3	1.0496057307394173	-14.20440997192889	230.0	36	1.05	0.95				
	316	2	63.508383438596496	12.7016766877193	0.0	0.0	3	1.0495956365589008	-13.603806744359416	230.0	36	1.05	0.95				
	317	1	0.0	0.0	0.0	0.0	3	1.05	-9.790009913112426	230.0	37	1.05	0.95				
	318	2	211.48291685052635	43.18570073824562	0.0	0.0	3	1.0464707428154196	-9.901244183488654	230.0	37	1.05	0.95				
	319	1	114.95017402385966	23.498101872280703	0.0	0.0	3	1.045645105373894	-14.757626718664222	230.0	35	1.05	0.95				
	320	1	81.29073080140351	16.51217969403509	0.0	0.0	3	1.0474953076615448	-14.575887050871426	230.0	35	1.05	0.95				
	321	2	0.0	0.0	0.0	0.0	3	1.05	-9.806604821836505	230.0	37	1.05	0.95				
	322	2	0.0	0.0	0.0	0.0	3	1.05	-5.210684662221868	230.0	37	1.05	0.95				
	323	2	0.0	0.0	0.0	0.0	3	1.05	-14.012845464351184	230.0	35	1.05	0.95				
	324	1	0.0	0.0	0.0	0.0	3	1.0182396722098335	-19.73170782747152	230.0	36	1.05	0.95				
	325	1	0.0	0.0	0.0	0.0	3	1.0357295607367478	-11.79009676413699	230.0	35	1.05	0.95				
];
