%% MATPOWER Case Format : Version 2
function mpc = RTS_GMLC
mpc.version = '2';

%%-----  Power Flow Data  -----%%
%% system MVA base
mpc.baseMVA = 100.0;
%% bus data
%    bus_i    type    Pd    Qd    Gs    Bs    area    Vm    Va    baseKV    zone    Vmax    Vmin
mpc.bus = [
	101	2	63.65907966315789	12.967590301754386	0.0	0.0	1	1.045120766050767	0.41133718545297393	138.0	11	1.05	0.95				
	102	2	57.1752845122807	11.788718456140352	0.0	0.0	1	1.0439642506576254	0.05736468900677816	138.0	12	1.05	0.95				
	103	1	106.09846610526314	21.80912914385965	0.0	0.0	1	1.0310152320278827	-0.6671347317008849	138.0	11	1.05	0.95				
	104	1	43.6182582877193	8.841538842105262	0.0	0.0	1	1.0256077647109887	-3.093909330421596	138.0	11	1.05	0.95				
	105	1	41.84995051929824	8.252102919298245	0.0	0.0	1	1.0391770101048037	-3.3869329261088503	138.0	11	1.05	0.95				
	106	1	80.16328550175439	16.50420583859649	0.0	-100.0	1	1.0430840135911252	-6.140018080277049	138.0	12	1.05	0.95				
	107	2	73.67949035087719	14.735898070175438	0.0	0.0	1	0.9995178050521354	-12.630483519771337	138.0	12	1.05	0.95				
	108	1	100.7935428	20.63025729824561	0.0	0.0	1	0.9982407206310109	-11.153084246040763	138.0	12	1.05	0.95				
	109	1	103.15128649122806	21.21969322105263	0.0	0.0	1	1.0254032007704477	-4.1465173310264865	138.0	13	1.05	0.95				
	110	1	114.94000494736841	23.577436912280703	0.0	0.0	1	1.05	-5.435646584649476	138.0	13	1.05	0.95				
	111	1	0.0	0.0	0.0	0.0	1	1.009893367438034	-1.5588518245320049	230.0	13	1.05	0.95				
	112	1	0.0	0.0	0.0	0.0	1	1.0125479971701148	-1.4822801691008585	230.0	13	1.05	0.95				
	113	3	156.20051954385963	31.829539831578945	0.0	0.0	1	1.0070901550803715	-6.077083466501063e-29	230.0	14	1.05	0.95				
	114	2	114.3505690245614	22.988000989473683	0.0	0.0	1	1.0114447597553962	0.3923067622603612	230.0	16	1.05	0.95				
	115	2	186.85118752982456	37.72389905964913	0.0	0.0	1	1.0423997980420248	7.797832661402967	230.0	16	1.05	0.95				
	116	2	58.94359228070175	11.788718456140352	0.0	0.0	1	1.0386190867246692	6.679020302348671	230.0	16	1.05	0.95				
	117	1	0.0	0.0	0.0	0.0	1	1.0440500907901664	10.515564458562661	230.0	17	1.05	0.95				
	118	2	196.28216229473682	40.081642750877194	0.0	0.0	1	1.0476633481610458	11.466693096318682	230.0	17	1.05	0.95				
	119	1	106.68790202807017	21.80912914385965	0.0	0.0	1	1.0290923883256105	4.549718162806865	230.0	15	1.05	0.95				
	120	1	75.44779811929826	15.325333992982456	0.0	0.0	1	1.0256099262004017	3.455600547124509	230.0	15	1.05	0.95				
	121	2	0.0	0.0	0.0	0.0	1	1.05	13.365535367743924	230.0	17	1.05	0.95				
	122	2	0.0	0.0	0.0	0.0	1	1.05	18.861419410625007	230.0	17	1.05	0.95				
	123	2	0.0	0.0	0.0	0.0	1	1.0249697681523537	3.30264846806039	230.0	15	1.05	0.95				
	124	1	0.0	0.0	0.0	0.0	1	1.0273874704241077	4.633429949710814	230.0	16	1.05	0.95				
	201	2	60.536439473684226	12.331496929824564	0.0	0.0	2	1.0167632021827562	-11.568179711853123	138.0	21	1.05	0.95				
	202	2	54.370691008771935	11.210451754385966	0.0	0.0	2	1.016675939000452	-11.628984858066483	138.0	22	1.05	0.95				
	203	1	100.89406578947371	20.73933574561404	0.0	0.0	2	1.0139237245530492	-9.427934773820228	138.0	21	1.05	0.95				
	204	1	41.47867149122808	8.407838815789475	0.0	0.0	2	1.0118240765583661	-11.263117381781493	138.0	21	1.05	0.95				
	205	1	39.79710372807018	7.847316228070176	0.0	0.0	2	1.0262094890342073	-11.630446686059013	138.0	21	1.05	0.95				
	206	1	76.23107192982458	15.694632456140353	0.0	-100.0	2	1.0387370732285839	-12.249766665080296	138.0	22	1.05	0.95				
	207	2	70.06532346491228	14.013064692982457	0.0	0.0	2	0.9938688963513969	-19.642399545286438	138.0	22	1.05	0.95				
	208	1	95.84936250000001	19.61829057017544	0.0	0.0	2	0.9940565924597331	-16.978862905446203	138.0	22	1.05	0.95				
	209	1	98.0914528508772	20.178813157894737	0.0	0.0	2	1.0253724622476243	-8.660978445185766	138.0	23	1.05	0.95				
	210	1	109.30190460526316	22.420903508771932	0.0	0.0	2	1.05	-9.897399191658057	138.0	23	1.05	0.95				
	211	1	0.0	0.0	0.0	0.0	2	1.0133365187113037	-5.247573856579167	230.0	23	1.05	0.95				
	212	1	0.0	0.0	0.0	0.0	2	1.0172626378509957	-0.30056453878262795	230.0	23	1.05	0.95				
	213	2	148.53848574561403	30.268219736842113	0.0	0.0	2	1.0172656936820597	-2.155765593917316	230.0	24	1.05	0.95				
	214	2	108.74138201754387	21.860380921052634	0.0	0.0	2	1.015504216516054	-3.8859663996072835	230.0	26	1.05	0.95				
	215	2	177.68566030701754	35.87344561403509	0.0	0.0	2	1.0305593320295305	1.2018199536449987	230.0	26	1.05	0.95				
	216	2	56.05225877192983	11.210451754385966	0.0	0.0	2	1.0317055452347124	1.4889838683629502	230.0	26	1.05	0.95				
	217	1	0.0	0.0	0.0	0.0	2	1.0338795347315082	2.2252746299254516	230.0	27	1.05	0.95				
	218	2	186.65402171052634	38.11553596491229	0.0	0.0	2	1.0323233459584518	1.56261835196035	230.0	27	1.05	0.95				
	219	1	101.45458837719299	20.73933574561404	0.0	0.0	2	1.032780887161674	2.867242745384462	230.0	25	1.05	0.95				
	220	1	71.74689122807018	14.573587280701755	0.0	0.0	2	1.0389199933456632	5.128534575138536	230.0	25	1.05	0.95				
	221	2	0.0	0.0	0.0	0.0	2	1.034477295756152	2.247012129607134	230.0	27	1.05	0.95				
	222	2	0.0	0.0	0.0	0.0	2	1.05	8.73533822277587	230.0	27	1.05	0.95				
	223	2	0.0	0.0	0.0	0.0	2	1.0445302172830833	6.773715198491947	230.0	25	1.05	0.95				
	224	1	0.0	0.0	0.0	0.0	2	1.0112008825225245	-2.755538797855078	230.0	26	1.05	0.95				
	301	2	52.0695982231579	10.606770008421051	0.0	0.0	3	1.002447793007392	16.221795250026148	138.0	31	1.05	0.95				
	302	2	46.766213218947364	9.642518189473684	0.0	0.0	3	1.0021324574778825	16.15797257639137	138.0	32	1.05	0.95				
	303	1	86.78266370526315	17.838658650526316	0.0	0.0	3	1.0251565158758047	19.654205642737107	138.0	31	1.05	0.95				
	304	1	35.67731730105263	7.231888642105262	0.0	0.0	3	1.0070093645701637	17.682847530150873	138.0	31	1.05	0.95				
	305	1	34.23093957263158	6.749762732631578	0.0	0.0	3	1.0193861921925398	17.527792757361485	138.0	31	1.05	0.95				
	306	1	65.56912368842104	13.499525465263156	0.0	-100.0	3	1.0372756769637104	17.690541420018018	138.0	32	1.05	0.95				
	307	2	60.265738684210525	12.053147736842105	0.0	0.0	3	0.9825214585814357	14.772196126993098	138.0	32	1.05	0.95				
	308	1	82.44353051999998	16.874406831578945	0.0	0.0	3	0.9983166547989171	16.839788653948197	138.0	32	1.05	0.95				
	309	1	84.37203415789473	17.35653274105263	0.0	0.0	3	1.0266931652322553	20.898288056495883	138.0	33	1.05	0.95				
	310	1	94.01455234736841	19.285036378947368	0.0	0.0	3	1.05	20.37764643634493	138.0	33	1.05	0.95				
	311	1	0.0	0.0	0.0	0.0	3	1.007157477006102	25.069771245700093	230.0	33	1.05	0.95				
	312	1	0.0	0.0	0.0	0.0	3	1.0155142296499184	26.00071858532076	230.0	33	1.05	0.95				
	313	2	127.7633660105263	26.03479911157895	0.0	0.0	3	1.0205818811486516	32.26385260630709	230.0	34	1.05	0.95				
	314	2	93.53242643789473	18.802910469473684	0.0	0.0	3	1.0016775750028217	23.2364974458882	230.0	36	1.05	0.95				
	315	2	152.83391330315789	30.85605820631579	0.0	0.0	3	1.030229834095214	17.396461378549187	230.0	36	1.05	0.95				
	316	2	48.21259094736842	9.642518189473684	0.0	0.0	3	1.0298760402564193	18.31240536624467	230.0	36	1.05	0.95				
	317	1	0.0	0.0	0.0	0.0	3	1.0367305246039367	17.017774797363966	230.0	37	1.05	0.95				
	318	2	160.54792785473683	32.78456184421052	0.0	0.0	3	1.036774240615667	15.765760206151171	230.0	37	1.05	0.95				
	319	1	87.26478961473684	17.838658650526316	0.0	0.0	3	1.0294740303623142	20.733670145236488	230.0	35	1.05	0.95				
	320	1	61.71211641263158	12.535273646315789	0.0	0.0	3	1.0300636663620568	22.26054257959235	230.0	35	1.05	0.95				
	321	2	0.0	0.0	0.0	0.0	3	1.0364975261666542	16.87378360880373	230.0	37	1.05	0.95				
	322	2	0.0	0.0	0.0	0.0	3	1.0499984991652782	21.236342190154076	230.0	37	1.05	0.95				
	323	2	0.0	0.0	0.0	0.0	3	1.029890265528865	22.780334285422615	230.0	35	1.05	0.95				
	324	1	0.0	0.0	0.0	0.0	3	1.027524578323564	20.02718033349107	230.0	36	1.05	0.95				
	325	1	0.0	0.0	0.0	0.0	3	1.0329846556672093	21.983635834988775	230.0	35	1.05	0.95				
];
