%% MATPOWER Case Format : Version 2
function mpc = RTS_GMLC
mpc.version = '2';

%%-----  Power Flow Data  -----%%
%% system MVA base
mpc.baseMVA = 100.0;
%% bus data
%    bus_i    type    Pd    Qd    Gs    Bs    area    Vm    Va    baseKV    zone    Vmax    Vmin
mpc.bus = [
	101	2	37.04651162905264	7.546511628140353	0.0	0.0	1	0.9873931523773424	-5.213158192723756	138.0	11	1.05	0.95				
	102	2	33.27325581498246	6.86046511649123	0.0	0.0	1	0.9873473160041193	-5.399047593901992	138.0	12	1.05	0.95				
	103	1	61.74418604842106	12.691860465508773	0.0	0.0	1	1.0182808582448852	1.806802777936986	138.0	11	1.05	0.95				
	104	1	25.383720931017546	5.145348837368421	0.0	0.0	1	1.0024070816990516	-4.694594734115224	138.0	11	1.05	0.95				
	105	1	24.35465116354386	4.802325581543861	0.0	0.0	1	1.0143627314028423	-5.527694002277183	138.0	11	1.05	0.95				
	106	1	46.65116279214036	9.604651163087722	0.0	-100.0	1	1.0378424302373892	-6.1463294996683695	138.0	12	1.05	0.95				
	107	2	42.87790697807018	8.575581395614035	0.0	0.0	1	0.9868996232679345	-11.016863809149761	138.0	12	1.05	0.95				
	108	1	58.65697674600001	12.005813953859649	0.0	0.0	1	0.9983151556433673	-8.96466056648693	138.0	12	1.05	0.95				
	109	1	60.029069769298246	12.348837209684211	0.0	0.0	1	1.0243648782627912	-2.6956147393007726	138.0	13	1.05	0.95				
	110	1	66.88953488578949	13.72093023298246	0.0	0.0	1	1.05	-4.714270142919404	138.0	13	1.05	0.95				
	111	1	0.0	0.0	0.0	0.0	1	1.0180824741411891	0.48323747352556845	230.0	13	1.05	0.95				
	112	1	0.0	0.0	0.0	0.0	1	1.0135891487884372	-1.0004808550297326	230.0	13	1.05	0.95				
	113	3	90.90116279350879	18.52325581452632	0.0	0.0	1	0.9993675700302184	-6.442016703226769e-29	230.0	14	1.05	0.95				
	114	2	66.54651162996493	13.377906977157897	0.0	0.0	1	1.0471920930295324	4.970443149434748	230.0	16	1.05	0.95				
	115	2	108.73837209638597	21.953488372771936	0.0	0.0	1	1.0369244868624385	15.810664702045665	230.0	16	1.05	0.95				
	116	2	34.30232558245614	6.86046511649123	0.0	0.0	1	1.0376511480785418	13.619473072765501	230.0	16	1.05	0.95				
	117	1	0.0	0.0	0.0	0.0	1	1.0366951951449366	20.316821878277114	230.0	17	1.05	0.95				
	118	2	114.22674418957897	23.32558139607018	0.0	0.0	1	1.0463947115560588	21.20527130430535	230.0	17	1.05	0.95				
	119	1	62.087209304245626	12.691860465508773	0.0	0.0	1	1.0342220584246238	8.66393132561923	230.0	15	1.05	0.95				
	120	1	43.90697674554387	8.918604651438597	0.0	0.0	1	1.03885380507581	5.026390853856779	230.0	15	1.05	0.95				
	121	2	0.0	0.0	0.0	0.0	1	1.0404966880759754	22.925320289948758	230.0	17	1.05	0.95				
	122	2	0.0	0.0	0.0	0.0	1	1.05	40.90918474383497	230.0	17	1.05	0.95				
	123	2	0.0	0.0	0.0	0.0	1	1.0427274668164348	3.2975188844495316	230.0	15	1.05	0.95				
	124	1	0.0	0.0	0.0	0.0	1	1.0121436156209154	10.600538794453897	230.0	16	1.05	0.95				
	201	2	41.78561309052632	8.511884148070175	0.0	0.0	2	1.0063241063550963	-17.342462131050524	138.0	21	1.05	0.95				
	202	2	37.52967101649123	7.738076498245615	0.0	0.0	2	1.005531591579262	-17.64771315429266	138.0	22	1.05	0.95				
	203	1	69.64268848421052	14.315441521754385	0.0	0.0	2	1.012044180668048	-12.910911264481847	138.0	21	1.05	0.95				
	204	1	28.63088304350877	5.80355737368421	0.0	0.0	2	1.0089591656554902	-17.390616120827154	138.0	21	1.05	0.95				
	205	1	27.470171568771928	5.41665354877193	0.0	0.0	2	1.0234441063229904	-17.864701107627784	138.0	21	1.05	0.95				
	206	1	52.618920188070184	10.83330709754386	0.0	-100.0	2	1.0410275165526002	-18.653397407807407	138.0	22	1.05	0.95				
	207	2	48.36297811403509	9.672595622807018	0.0	0.0	2	0.9895444706865224	-23.19090596781396	138.0	22	1.05	0.95				
	208	1	66.16055406	13.541633871929823	0.0	0.0	2	0.9984718705131745	-21.489923424291145	138.0	22	1.05	0.95				
	209	1	67.70816935964912	13.928537696842106	0.0	0.0	2	1.0226807554734982	-15.569582263260866	138.0	23	1.05	0.95				
	210	1	75.44624585789474	15.47615299649123	0.0	0.0	2	1.05	-17.132839613323476	138.0	23	1.05	0.95				
	211	1	0.0	0.0	0.0	0.0	2	1.0068560888896405	-12.776186139944077	230.0	23	1.05	0.95				
	212	1	0.0	0.0	0.0	0.0	2	1.013881816494947	-12.185535312054705	230.0	23	1.05	0.95				
	213	2	102.52951360175437	20.89280654526316	0.0	0.0	2	1.0059757967493137	-11.592880269980329	230.0	24	1.05	0.95				
	214	2	75.05934203298246	15.089249171578947	0.0	0.0	2	1.0062992973754552	-10.133566805271212	230.0	26	1.05	0.95				
	215	2	122.64851249719297	24.761844794385965	0.0	0.0	2	1.026872470089252	-3.286917316400854	230.0	26	1.05	0.95				
	216	2	38.69038249122807	7.738076498245615	0.0	0.0	2	1.0301406351692535	-4.136355979087663	230.0	26	1.05	0.95				
	217	1	0.0	0.0	0.0	0.0	2	1.0351899460939968	-1.7033049360624113	230.0	27	1.05	0.95				
	218	2	128.83897369578946	26.309460094035092	0.0	0.0	2	1.0337153481720591	-2.200061114148523	230.0	27	1.05	0.95				
	219	1	70.02959230912282	14.315441521754385	0.0	0.0	2	1.0369189660626705	-4.649568005181827	230.0	25	1.05	0.95				
	220	1	49.52368958877193	10.059499447719299	0.0	0.0	2	1.0451222578934634	-4.3505397876608995	230.0	25	1.05	0.95				
	221	2	0.0	0.0	0.0	0.0	2	1.0341411651634236	-1.7619351458490333	230.0	27	1.05	0.95				
	222	2	0.0	0.0	0.0	0.0	2	1.05	4.758329794019275	230.0	27	1.05	0.95				
	223	2	0.0	0.0	0.0	0.0	2	1.05	-3.90306701752657	230.0	25	1.05	0.95				
	224	1	0.0	0.0	0.0	0.0	2	1.0094361176126174	-6.873963386656496	230.0	26	1.05	0.95				
	301	2	44.792154378947366	9.124327743859649	0.0	0.0	3	1.0210498186791015	14.237258223442344	138.0	31	1.05	0.95				
	302	2	40.22999050701754	8.294843403508773	0.0	0.0	3	1.0187613933829234	13.890859777254947	138.0	32	1.05	0.95				
	303	1	74.65359063157895	15.345460296491225	0.0	0.0	3	1.05	29.423724604485262	138.0	31	1.05	0.95				
	304	1	30.69092059298245	6.221132552631578	0.0	0.0	3	1.0097014723527271	15.299639627150427	138.0	31	1.05	0.95				
	305	1	29.446694082456137	5.806390382456141	0.0	0.0	3	1.0267847018101781	12.547961768482692	138.0	31	1.05	0.95				
	306	1	56.404935143859646	11.612780764912282	0.0	-100.0	3	1.037402806190531	11.091144616491393	138.0	32	1.05	0.95				
	307	2	51.84277127192982	10.368554254385964	0.0	0.0	3	0.95	7.86724216164599	138.0	32	1.05	0.95				
	308	1	70.9209111	14.515975956140348	0.0	0.0	3	0.9705892389598608	9.656340998463135	138.0	32	1.05	0.95				
	309	1	72.57987978070175	14.930718126315787	0.0	0.0	3	1.0151870488181576	18.1962543329827	138.0	33	1.05	0.95				
	310	1	80.87472318421052	16.589686807017546	0.0	0.0	3	1.0425817461580538	12.179461130151463	138.0	33	1.05	0.95				
	311	1	0.0	0.0	0.0	0.0	3	1.0020546885894401	15.61417307303764	230.0	33	1.05	0.95				
	312	1	0.0	0.0	0.0	0.0	3	1.0070885730339005	15.752759658330497	230.0	33	1.05	0.95				
	313	2	109.90667509649121	22.396077189473683	0.0	0.0	3	0.9999186954622127	15.533532632754078	230.0	34	1.05	0.95				
	314	2	80.45998101403508	16.174944636842106	0.0	0.0	3	0.997906130793702	16.22152606449199	230.0	36	1.05	0.95				
	315	2	131.47326794561403	26.54349889122807	0.0	0.0	3	1.048045796841186	19.94976321719883	230.0	36	1.05	0.95				
	316	2	41.47421701754386	8.294843403508773	0.0	0.0	3	1.031536594091464	19.519675034911955	230.0	36	1.05	0.95				
	317	1	0.0	0.0	0.0	0.0	3	1.05	23.69838075138519	230.0	37	1.05	0.95				
	318	2	138.10914266842104	28.202467571929823	0.0	0.0	3	1.0481514921058261	20.109881522471625	230.0	37	1.05	0.95				
	319	1	75.0683328017544	15.345460296491225	0.0	0.0	3	1.0221967284133233	18.077539702415425	230.0	35	1.05	0.95				
	320	1	53.08699778245614	10.783296424561403	0.0	0.0	3	1.0171575759873341	17.626117012346185	230.0	35	1.05	0.95				
	321	2	0.0	0.0	0.0	0.0	3	1.05	20.724062209118493	230.0	37	1.05	0.95				
	322	2	0.0	0.0	0.0	0.0	3	1.0499999892133478	26.239485083722208	230.0	37	1.05	0.95				
	323	2	0.0	0.0	0.0	0.0	3	1.0148566897441282	17.703688903084934	230.0	35	1.05	0.95				
	324	1	0.0	0.0	0.0	0.0	3	1.0457854103263067	23.571841145867126	230.0	36	1.05	0.95				
	325	1	0.0	0.0	0.0	0.0	3	1.016628924385972	18.16237837203947	230.0	35	1.05	0.95				
];
