%% MATPOWER Case Format : Version 2
function mpc = RTS_GMLC
mpc.version = '2';

%%-----  Power Flow Data  -----%%
%% system MVA base
mpc.baseMVA = 100.0;
%% bus data
%    bus_i    type    Pd    Qd    Gs    Bs    area    Vm    Va    baseKV    zone    Vmax    Vmin
mpc.bus = [
	101	2	41.52201881684211	8.458189018245614	0.0	0.0	1	1.0121330755266509	-3.95137525187234	138.0	11	1.05	0.95				
	102	2	37.2929243077193	7.68926274385965	0.0	0.0	1	1.0120615256713297	-4.170607620525129	138.0	12	1.05	0.95				
	103	1	69.20336469473685	14.225136076140352	0.0	0.0	1	1.0017000660486948	0.9406091877532038	138.0	11	1.05	0.95				
	104	1	28.450272152280704	5.766947057894737	0.0	0.0	1	1.002751575954914	-4.011213035351135	138.0	11	1.05	0.95				
	105	1	27.296882740701754	5.3824839207017545	0.0	0.0	1	1.0168432755928996	-5.050851559921324	138.0	11	1.05	0.95				
	106	1	52.28698665824562	10.764967841403509	0.0	-100.0	1	1.027484225192801	-6.140742068653375	138.0	12	1.05	0.95				
	107	2	48.05789214912281	9.611578429824561	0.0	0.0	1	0.9861213059381694	-9.56588561659179	138.0	12	1.05	0.95				
	108	1	65.74319646	13.456209801754385	0.0	0.0	1	0.9884985128577436	-8.446204977850385	138.0	12	1.05	0.95				
	109	1	67.28104900877193	13.840672938947367	0.0	0.0	1	1.00202166418388	-3.039567880610161	138.0	13	1.05	0.95				
	110	1	74.97031175263157	15.3785254877193	0.0	0.0	1	1.0306013525360915	-4.893826045823484	138.0	13	1.05	0.95				
	111	1	0.0	0.0	0.0	0.0	1	0.9808847880734954	-0.5369687335274417	230.0	13	1.05	0.95				
	112	1	0.0	0.0	0.0	0.0	1	0.9824616737475587	-1.335014528517358	230.0	13	1.05	0.95				
	113	3	101.88273135614034	20.761009408421057	0.0	0.0	1	0.9629103457548743	-6.434775165667557e-27	230.0	14	1.05	0.95				
	114	2	74.5858486154386	14.994062350526317	0.0	0.0	1	0.9886492745473373	2.5755292952668656	230.0	16	1.05	0.95				
	115	2	121.87481449017542	24.60564078035088	0.0	0.0	1	0.9891604708029544	11.096783416141177	230.0	16	1.05	0.95				
	116	2	38.446313719298246	7.68926274385965	0.0	0.0	1	0.9880613706887234	9.629856381294566	230.0	16	1.05	0.95				
	117	1	0.0	0.0	0.0	0.0	1	0.9913202670015441	15.008469855813441	230.0	17	1.05	0.95				
	118	2	128.02622468526317	26.14349332912281	0.0	0.0	1	0.9982457211208449	15.567031480607351	230.0	17	1.05	0.95				
	119	1	69.58782783192983	14.225136076140352	0.0	0.0	1	0.9884162095977416	6.174942058713982	230.0	15	1.05	0.95				
	120	1	49.21128156070176	9.996041567017544	0.0	0.0	1	0.9931453772836307	3.54684409397929	230.0	15	1.05	0.95				
	121	2	0.0	0.0	0.0	0.0	1	0.9990145060455115	16.765706273653468	230.0	17	1.05	0.95				
	122	2	0.0	0.0	0.0	0.0	1	1.0085698853235723	32.491977499066	230.0	17	1.05	0.95				
	123	2	0.0	0.0	0.0	0.0	1	0.9966757707454107	2.425461410194514	230.0	15	1.05	0.95				
	124	1	0.0	0.0	0.0	0.0	1	0.9817914810853305	7.204168834302545	230.0	16	1.05	0.95				
	201	2	42.55060600421053	8.667716037894737	0.0	0.0	2	1.0101043468588713	-10.382015282120648	138.0	21	1.05	0.95				
	202	2	38.216747985263154	7.879741852631579	0.0	0.0	2	1.0090728242020575	-10.535109982937442	138.0	22	1.05	0.95				
	203	1	70.91767667368421	14.57752242736842	0.0	0.0	2	0.9972052811386336	-7.924900289054091	138.0	21	1.05	0.95				
	204	1	29.15504485473684	5.909806389473684	0.0	0.0	2	1.0012598638993684	-9.529083167701694	138.0	21	1.05	0.95				
	205	1	27.973083576842107	5.515819296842105	0.0	0.0	2	1.0172280415466204	-9.874522347285115	138.0	21	1.05	0.95				
	206	1	53.582244597894736	11.03163859368421	0.0	-100.0	2	1.0294055697928903	-10.087988497316623	138.0	22	1.05	0.95				
	207	2	49.24838657894737	9.849677315789474	0.0	0.0	2	0.9714452736812781	-14.741101734441145	138.0	22	1.05	0.95				
	208	1	67.37179284	13.789548242105262	0.0	0.0	2	0.9807232321368246	-12.944623933886842	138.0	22	1.05	0.95				
	209	1	68.94774121052632	14.183535334736842	0.0	0.0	2	1.0067223142822244	-7.022186177680582	138.0	23	1.05	0.95				
	210	1	76.82748306315789	15.759483705263158	0.0	0.0	2	1.0341825042717805	-8.059654312257118	138.0	23	1.05	0.95				
	211	1	0.0	0.0	0.0	0.0	2	0.9870551215442488	-4.806578790355723	230.0	23	1.05	0.95				
	212	1	0.0	0.0	0.0	0.0	2	0.9898306651677784	0.08003411071280607	230.0	23	1.05	0.95				
	213	2	104.40657954736841	21.275303002105264	0.0	0.0	2	0.9831717068597018	-2.2648133650276665	230.0	24	1.05	0.95				
	214	2	76.43349597052631	15.36549661263158	0.0	0.0	2	0.9823064568058553	-4.152150592664679	230.0	26	1.05	0.95				
	215	2	124.89390836421053	25.215173928421052	0.0	0.0	2	0.9908660385751329	-0.4737267673569048	230.0	26	1.05	0.95				
	216	2	39.3987092631579	7.879741852631579	0.0	0.0	2	0.9891908065556781	-0.6304538474753211	230.0	26	1.05	0.95				
	217	1	0.0	0.0	0.0	0.0	2	0.9993810626934209	0.232041551623579	230.0	27	1.05	0.95				
	218	2	131.1977018463158	26.791122298947368	0.0	0.0	2	1.0001786725640012	-0.304363125462841	230.0	27	1.05	0.95				
	219	1	71.31166376631579	14.57752242736842	0.0	0.0	2	0.98355412038507	0.288694750765141	230.0	25	1.05	0.95				
	220	1	50.430347856842104	10.243664408421052	0.0	0.0	2	0.9817590287437532	1.9322142759875973	230.0	25	1.05	0.95				
	221	2	0.0	0.0	0.0	0.0	2	1.002500583055888	0.18140603230075725	230.0	27	1.05	0.95				
	222	2	0.0	0.0	0.0	0.0	2	1.0196606144289748	4.659813256626255	230.0	27	1.05	0.95				
	223	2	0.0	0.0	0.0	0.0	2	0.981921440495019	3.171048372732436	230.0	25	1.05	0.95				
	224	1	0.0	0.0	0.0	0.0	2	0.9840602596687629	-3.312916235639526	230.0	26	1.05	0.95				
	301	2	64.54033533473684	13.147105345964913	0.0	0.0	3	1.0027799084615356	22.884971891969123	138.0	31	1.05	0.95				
	302	2	57.966782661754394	11.951913950877193	0.0	0.0	3	1.0032809667582103	22.54453319703101	138.0	32	1.05	0.95				
	303	1	107.56722555789476	22.111040809122805	0.0	0.0	3	1.0153339780472144	37.15297210937274	138.0	31	1.05	0.95				
	304	1	44.22208161824561	8.963935463157895	0.0	0.0	3	0.9929905601494501	24.525353293276282	138.0	31	1.05	0.95				
	305	1	42.42929452561404	8.366339765614036	0.0	0.0	3	1.0100065703719632	22.54684749733392	138.0	31	1.05	0.95				
	306	1	81.27301486596492	16.732679531228072	0.0	-100.0	3	1.0208392123335077	21.66999648028001	138.0	32	1.05	0.95				
	307	2	74.69946219298245	14.939892438596491	0.0	0.0	3	0.966213448810706	18.368467505920428	138.0	32	1.05	0.95				
	308	1	102.18886428	20.915849414035087	0.0	0.0	3	0.9768057589117132	21.181283960217993	138.0	32	1.05	0.95				
	309	1	104.57924707017546	21.513445111578946	0.0	0.0	3	1.0059201446622756	28.692936201135005	138.0	33	1.05	0.95				
	310	1	116.53116102105263	23.903827901754386	0.0	0.0	3	1.0327794690898622	24.18144754170298	138.0	33	1.05	0.95				
	311	1	0.0	0.0	0.0	0.0	3	0.9943554544774751	29.220017147427495	230.0	33	1.05	0.95				
	312	1	0.0	0.0	0.0	0.0	3	1.000847684649402	29.65649978548633	230.0	33	1.05	0.95				
	313	2	158.3628598491228	32.27016766736842	0.0	0.0	3	1.0047439254409483	33.145776192533994	230.0	34	1.05	0.95				
	314	2	115.93356532350879	23.306232204210527	0.0	0.0	3	0.9877668859637735	28.618798042132052	230.0	36	1.05	0.95				
	315	2	189.4378361214035	38.24612464280702	0.0	0.0	3	0.9869818684521213	26.95669340082487	230.0	36	1.05	0.95				
	316	2	59.759569754385964	11.951913950877193	0.0	0.0	3	0.9788457700339506	27.480286906269864	230.0	36	1.05	0.95				
	317	1	0.0	0.0	0.0	0.0	3	0.9934303921522725	29.23951933053071	230.0	37	1.05	0.95				
	318	2	198.99936728210528	40.63650743298246	0.0	0.0	3	0.9883642420419436	25.613328493152306	230.0	37	1.05	0.95				
	319	1	108.1648212554386	22.111040809122805	0.0	0.0	3	0.9881629229448253	27.482962970456335	230.0	35	1.05	0.95				
	320	1	76.49224928561404	15.53748813614035	0.0	0.0	3	0.9985322984249128	27.435238409022265	230.0	35	1.05	0.95				
	321	2	0.0	0.0	0.0	0.0	3	0.9958399369910779	26.495981714519164	230.0	37	1.05	0.95				
	322	2	0.0	0.0	0.0	0.0	3	1.0121907588117858	30.099635198836097	230.0	37	1.05	0.95				
	323	2	0.0	0.0	0.0	0.0	3	1.0042630799021943	27.28902767127077	230.0	35	1.05	0.95				
	324	1	0.0	0.0	0.0	0.0	3	0.9965840723625561	32.20212818254334	230.0	36	1.05	0.95				
	325	1	0.0	0.0	0.0	0.0	3	1.005106942751897	26.403910708814443	230.0	35	1.05	0.95				
];
