%% MATPOWER Case Format : Version 2
function mpc = RTS_GMLC
mpc.version = '2';

%%-----  Power Flow Data  -----%%
%% system MVA base
mpc.baseMVA = 100.0;
%% bus data
%    bus_i    type    Pd    Qd    Gs    Bs    area    Vm    Va    baseKV    zone    Vmax    Vmin
mpc.bus = [
	101	2	56.17763484631578	11.443592283508771	0.0	0.0	1	1.0474573764213655	2.421548670866646	138.0	11	1.05	0.95				
	102	2	50.455838704561394	10.403265712280701	0.0	0.0	1	1.0457485677594813	1.9380340416353015	138.0	12	1.05	0.95				
	103	1	93.62939141052631	19.246041567719296	0.0	0.0	1	1.0344292239362032	0.7534597159659496	138.0	11	1.05	0.95				
	104	1	38.49208313543859	7.802449284210525	0.0	0.0	1	1.0279573040204655	-1.3732423800814229	138.0	11	1.05	0.95				
	105	1	36.93159327859649	7.282285998596491	0.0	0.0	1	1.0409579068133519	-1.6546785688284171	138.0	11	1.05	0.95				
	106	1	70.74220684350877	14.564571997192981	0.0	-100.0	1	1.0452620702387263	-4.540625763566357	138.0	12	1.05	0.95				
	107	2	65.02041070175437	13.004082140350876	0.0	0.0	1	0.9994001613653957	-11.162316870346633	138.0	12	1.05	0.95				
	108	1	88.94792183999999	18.205714996491224	0.0	0.0	1	1.0004178301565816	-9.59325594724827	138.0	12	1.05	0.95				
	109	1	91.02857498245613	18.72587828210526	0.0	0.0	1	1.0252045666793532	-3.051321150173844	138.0	13	1.05	0.95				
	110	1	101.43184069473683	20.806531424561403	0.0	0.0	1	1.05	-4.217378051178763	138.0	13	1.05	0.95				
	111	1	0.0	0.0	0.0	0.0	1	1.0067015513929343	-1.1049357353322442	230.0	13	1.05	0.95				
	112	1	0.0	0.0	0.0	0.0	1	1.010228951359032	-1.3416397627415548	230.0	13	1.05	0.95				
	113	3	137.84327068771927	28.08881742315789	0.0	0.0	1	1.0009080595954343	4.2953757968216105e-31	230.0	14	1.05	0.95				
	114	2	100.91167740912279	20.286368138947367	0.0	0.0	1	1.0055882043080848	0.5703485167872077	230.0	16	1.05	0.95				
	115	2	164.8917615396491	33.29045027929824	0.0	0.0	1	1.0406050023942786	7.306700631678321	230.0	16	1.05	0.95				
	116	2	52.016328561403505	10.403265712280701	0.0	0.0	1	1.0358275166960795	6.022121901418446	230.0	16	1.05	0.95				
	117	1	0.0	0.0	0.0	0.0	1	1.0430045922619526	9.871829489282149	230.0	17	1.05	0.95				
	118	2	173.21437410947368	35.371103421754384	0.0	0.0	1	1.0473582398829688	10.856509063038255	230.0	17	1.05	0.95				
	119	1	94.14955469614034	19.246041567719296	0.0	0.0	1	1.024510103281067	3.619937975308692	230.0	15	1.05	0.95				
	120	1	66.58090055859648	13.524245425964912	0.0	0.0	1	1.0187324838256022	1.9744806306718592	230.0	15	1.05	0.95				
	121	2	0.0	0.0	0.0	0.0	1	1.05	12.47855362666103	230.0	17	1.05	0.95				
	122	2	0.0	0.0	0.0	0.0	1	1.05	17.96798140391563	230.0	17	1.05	0.95				
	123	2	0.0	0.0	0.0	0.0	1	1.0166367530756995	1.4682294018185782	230.0	15	1.05	0.95				
	124	1	0.0	0.0	0.0	0.0	1	1.0295207711968837	4.847032877903541	230.0	16	1.05	0.95				
	201	2	53.44750512	10.887454746666666	0.0	0.0	2	1.014191775537279	-12.244287262873518	138.0	21	1.05	0.95				
	202	2	48.003777746666664	9.897686133333334	0.0	0.0	2	1.013407934667886	-12.48681933927371	138.0	22	1.05	0.95				
	203	1	89.07917520000001	18.310719346666666	0.0	0.0	2	1.0136181654845855	-9.147658214588887	138.0	21	1.05	0.95				
	204	1	36.62143869333333	7.4232645999999995	0.0	0.0	2	1.0110730822830876	-11.524134905318416	138.0	21	1.05	0.95				
	205	1	35.13678577333333	6.928380293333333	0.0	0.0	2	1.0257275162166861	-11.91468204688589	138.0	21	1.05	0.95				
	206	1	67.30426570666667	13.856760586666667	0.0	-100.0	2	1.0398449516503845	-12.316901786475297	138.0	22	1.05	0.95				
	207	2	61.86053833333334	12.372107666666667	0.0	0.0	2	0.9965379186246931	-18.393826221338067	138.0	22	1.05	0.95				
	208	1	84.62521643999999	17.320950733333333	0.0	0.0	2	0.9984296951927212	-16.08702594836249	138.0	22	1.05	0.95				
	209	1	86.60475366666667	17.81583504	0.0	0.0	2	1.0246747307384174	-8.700633254516127	138.0	23	1.05	0.95				
	210	1	96.50243979999999	19.795372266666668	0.0	0.0	2	1.05	-9.995671093554321	138.0	23	1.05	0.95				
	211	1	0.0	0.0	0.0	0.0	2	1.0092872414009022	-5.733505055759363	230.0	23	1.05	0.95				
	212	1	0.0	0.0	0.0	0.0	2	1.014092167724188	-0.9333581806043859	230.0	23	1.05	0.95				
	213	2	131.14434126666666	26.72375256	0.0	0.0	2	1.009244345855779	-3.0413731612049086	230.0	24	1.05	0.95				
	214	2	96.00755549333333	19.30048796	0.0	0.0	2	1.0096654158257872	-4.389677999368778	230.0	26	1.05	0.95				
	215	2	156.87832521333334	31.672595626666666	0.0	0.0	2	1.0245440677506823	0.656084282639798	230.0	26	1.05	0.95				
	216	2	49.488430666666666	9.897686133333334	0.0	0.0	2	1.024614375956676	0.5762734805324619	230.0	26	1.05	0.95				
	217	1	0.0	0.0	0.0	0.0	2	1.0283192004485513	1.3683935547935735	230.0	27	1.05	0.95				
	218	2	164.79647412	33.652132853333335	0.0	0.0	2	1.0274015427809626	0.8957028599827747	230.0	27	1.05	0.95				
	219	1	89.57405950666667	18.310719346666666	0.0	0.0	2	1.024149419197152	1.149505197141973	230.0	25	1.05	0.95				
	220	1	63.34519125333333	12.866991973333333	0.0	0.0	2	1.027637448308209	2.6119083218988237	230.0	25	1.05	0.95				
	221	2	0.0	0.0	0.0	0.0	2	1.0297890342905356	1.6148239448564583	230.0	27	1.05	0.95				
	222	2	0.0	0.0	0.0	0.0	2	1.049999993118602	8.00970392603296	230.0	27	1.05	0.95				
	223	2	0.0	0.0	0.0	0.0	2	1.0309640753704763	3.788162972515214	230.0	25	1.05	0.95				
	224	1	0.0	0.0	0.0	0.0	2	1.008386021997443	-3.0129607708594586	230.0	26	1.05	0.95				
	301	2	67.11989877473684	13.672571972631578	0.0	0.0	3	0.994627362550457	5.459533023877964	138.0	31	1.05	0.95				
	302	2	60.283612788421046	12.429610884210526	0.0	0.0	3	0.9955104646899999	5.427953911520731	138.0	32	1.05	0.95				
	303	1	111.86649795789472	22.99478013578947	0.0	0.0	3	1.0130958852648586	7.991085061012651	138.0	31	1.05	0.95				
	304	1	45.98956027157894	9.322208163157892	0.0	0.0	3	1.000507581675138	7.639871652432108	138.0	31	1.05	0.95				
	305	1	44.125118638947356	8.700727618947369	0.0	0.0	3	1.0124096214853984	7.6773523476126595	138.0	31	1.05	0.95				
	306	1	84.52135401263158	17.401455237894737	0.0	-100.0	3	1.0310344152875852	8.214632392985333	138.0	32	1.05	0.95				
	307	2	77.68506802631579	15.537013605263155	0.0	0.0	3	0.9842275992066214	4.467933386782748	138.0	32	1.05	0.95				
	308	1	106.27317305999999	21.751819047368418	0.0	0.0	3	0.9968497736951212	7.2542526920025985	138.0	32	1.05	0.95				
	309	1	108.75909523684209	22.37329959157894	0.0	0.0	3	1.027010710528554	11.972650564909772	138.0	33	1.05	0.95				
	310	1	121.18870612105262	24.85922176842105	0.0	0.0	3	1.05	11.869290805315734	138.0	33	1.05	0.95				
	311	1	0.0	0.0	0.0	0.0	3	1.0180546781328508	18.284431382828085	230.0	33	1.05	0.95				
	312	1	0.0	0.0	0.0	0.0	3	1.0242326213689168	19.787977606175808	230.0	33	1.05	0.95				
	313	2	164.69234421578943	33.55994938736842	0.0	0.0	3	1.0496348479093665	27.680585887031086	230.0	34	1.05	0.95				
	314	2	120.56722557684209	24.237741224210524	0.0	0.0	3	1.0195637645323177	16.18230465709324	230.0	36	1.05	0.95				
	315	2	197.0093325147368	39.77475482947368	0.0	0.0	3	1.0347182893690594	9.641509088246357	230.0	36	1.05	0.95				
	316	2	62.14805442105262	12.429610884210526	0.0	0.0	3	1.036956192348491	11.070524630916948	230.0	36	1.05	0.95				
	317	1	0.0	0.0	0.0	0.0	3	1.0387986648583039	9.822991137882559	230.0	37	1.05	0.95				
	318	2	206.95302122210526	42.26067700631579	0.0	0.0	3	1.0363788423893472	8.607573284773606	230.0	37	1.05	0.95				
	319	1	112.48797850210525	22.99478013578947	0.0	0.0	3	1.0376080369078255	14.21953999818755	230.0	35	1.05	0.95				
	320	1	79.54950965894736	16.158494149473682	0.0	0.0	3	1.041919712433181	16.69650886820913	230.0	35	1.05	0.95				
	321	2	0.0	0.0	0.0	0.0	3	1.037675366748592	9.51911652778411	230.0	37	1.05	0.95				
	322	2	0.0	0.0	0.0	0.0	3	1.049999992852913	13.949364513265175	230.0	37	1.05	0.95				
	323	2	0.0	0.0	0.0	0.0	3	1.0444268951821123	17.628366336994738	230.0	35	1.05	0.95				
	324	1	0.0	0.0	0.0	0.0	3	1.0242889078013917	11.100038405155534	230.0	36	1.05	0.95				
	325	1	0.0	0.0	0.0	0.0	3	1.0463386924911906	17.195553916233	230.0	35	1.05	0.95				
];
