%% MATPOWER Case Format : Version 2
function mpc = RTS_GMLC
mpc.version = '2';

%%-----  Power Flow Data  -----%%
%% system MVA base
mpc.baseMVA = 100.0;
%% bus data
%    bus_i    type    Pd    Qd    Gs    Bs    area    Vm    Va    baseKV    zone    Vmax    Vmin
mpc.bus = [
	101	2	82.96387927578948	16.900049482105263	0.0	0.0	1	1.0430288503512917	-1.4062629231791228	138.0	11	1.05	0.95				
	102	2	74.51385453473684	15.363681347368422	0.0	0.0	1	1.0425029957224912	-1.627778932451152	138.0	12	1.05	0.95				
	103	1	138.2731321263158	28.422810492631577	0.0	0.0	1	1.0258924515885202	-1.3358489357082843	138.0	11	1.05	0.95				
	104	1	56.84562098526315	11.522761010526315	0.0	0.0	1	1.022398793695388	-4.684331680555948	138.0	11	1.05	0.95				
	105	1	54.54106878315789	10.754576943157895	0.0	0.0	1	1.035792040729518	-5.232297523376086	138.0	11	1.05	0.95				
	106	1	104.47303316210528	21.50915388631579	0.0	-100.0	1	1.0375150725786402	-8.109370074785494	138.0	12	1.05	0.95				
	107	2	96.02300842105262	19.204601684210527	0.0	0.0	1	1.0207658105805615	-10.81300716009381	138.0	12	1.05	0.95				
	108	1	131.35947552	26.886442357894737	0.0	0.0	1	1.0068676658285802	-11.141109871848037	138.0	12	1.05	0.95				
	109	1	134.43221178947368	27.654626425263157	0.0	0.0	1	1.0264680743038648	-5.01114058482242	138.0	13	1.05	0.95				
	110	1	149.7958931368421	30.727362694736843	0.0	0.0	1	1.05	-6.737319704419492	138.0	13	1.05	0.95				
	111	1	0.0	0.0	0.0	0.0	1	1.0167770260760192	-1.8586334647244978	230.0	13	1.05	0.95				
	112	1	0.0	0.0	0.0	0.0	1	1.0180396380043888	-1.3741889280946047	230.0	13	1.05	0.95				
	113	3	203.56877785263157	41.48193963789474	0.0	0.0	1	1.0193252539115318	1.8826313470579494e-30	230.0	14	1.05	0.95				
	114	2	149.02770906947367	29.95917862736842	0.0	0.0	1	1.0227492047415743	0.5367350853889129	230.0	16	1.05	0.95				
	115	2	243.51434935578945	49.16378031157895	0.0	0.0	1	1.0440669864064926	9.576187266420858	230.0	16	1.05	0.95				
	116	2	76.8184067368421	15.363681347368422	0.0	0.0	1	1.0434687319333034	8.586950887879016	230.0	16	1.05	0.95				
	117	1	0.0	0.0	0.0	0.0	1	1.0463980447528676	12.154561043347702	230.0	17	1.05	0.95				
	118	2	255.8052944336842	52.23651658105264	0.0	0.0	1	1.0488413009524853	12.91124160547323	230.0	17	1.05	0.95				
	119	1	139.0413161936842	28.422810492631577	0.0	0.0	1	1.037807905775663	6.6657278963958	230.0	15	1.05	0.95				
	120	1	98.3275606231579	19.972785751578947	0.0	0.0	1	1.039137345638935	5.958818742477201	230.0	15	1.05	0.95				
	121	2	0.0	0.0	0.0	0.0	1	1.05	14.891826525900631	230.0	17	1.05	0.95				
	122	2	0.0	0.0	0.0	0.0	1	1.05	20.960091692636958	230.0	17	1.05	0.95				
	123	2	0.0	0.0	0.0	0.0	1	1.0418984601315204	6.138130073373642	230.0	15	1.05	0.95				
	124	1	0.0	0.0	0.0	0.0	1	1.0236063738999759	5.518359042357918	230.0	16	1.05	0.95				
	201	2	83.96222256000001	17.103415706666667	0.0	0.0	2	1.038693955636509	-14.360491417251051	138.0	21	1.05	0.95				
	202	2	75.41051470666666	15.548559733333335	0.0	0.0	2	1.0392876081639653	-14.365929478234683	138.0	22	1.05	0.95				
	203	1	139.9370376	28.76483550666667	0.0	0.0	2	1.020413642038896	-11.670456751286274	138.0	21	1.05	0.95				
	204	1	57.52967101333334	11.661419800000001	0.0	0.0	2	1.0181854810260103	-15.377782999971785	138.0	21	1.05	0.95				
	205	1	55.19738705333334	10.883991813333335	0.0	0.0	2	1.034510724797458	-15.810426247429389	138.0	21	1.05	0.95				
	206	1	105.73020618666669	21.76798362666667	0.0	-100.0	2	1.0376771050231735	-17.34132370301068	138.0	22	1.05	0.95				
	207	2	97.17849833333334	19.435699666666668	0.0	0.0	2	0.9523996699097892	-28.840476808135445	138.0	22	1.05	0.95				
	208	1	132.94018572	27.209979533333335	0.0	0.0	2	0.9585810540246432	-24.923000534975134	138.0	22	1.05	0.95				
	209	1	136.04989766666665	27.98740752	0.0	0.0	2	1.0257655086157076	-13.05965853485893	138.0	23	1.05	0.95				
	210	1	151.5984574	31.09711946666667	0.0	0.0	2	1.05	-14.834974013588944	138.0	23	1.05	0.95				
	211	1	0.0	0.0	0.0	0.0	2	1.0312057588984918	-8.987174573087787	230.0	23	1.05	0.95				
	212	1	0.0	0.0	0.0	0.0	2	1.0257306347897792	-3.721995295493691	230.0	23	1.05	0.95				
	213	2	206.01841646666665	41.98111128000001	0.0	0.0	2	1.0431181986282614	-6.028659601877465	230.0	24	1.05	0.95				
	214	2	150.82102941333332	30.31969148	0.0	0.0	2	1.0473603244332899	-6.81385376511296	230.0	26	1.05	0.95				
	215	2	246.44467177333334	49.75539114666667	0.0	0.0	2	1.0448986175625237	1.0213786645535199	230.0	26	1.05	0.95				
	216	2	77.74279866666667	15.548559733333335	0.0	0.0	2	1.0473672409025092	1.076069733111005	230.0	26	1.05	0.95				
	217	1	0.0	0.0	0.0	0.0	2	1.048463374061067	3.6667410153583093	230.0	27	1.05	0.95				
	218	2	258.88351956	52.865103093333346	0.0	0.0	2	1.048846867942309	3.758787665411424	230.0	27	1.05	0.95				
	219	1	140.71446558666668	28.76483550666667	0.0	0.0	2	1.0425192883058447	1.4552159789288233	230.0	25	1.05	0.95				
	220	1	99.51078229333334	20.213127653333334	0.0	0.0	2	1.0454535874838085	3.2413485044044963	230.0	25	1.05	0.95				
	221	2	0.0	0.0	0.0	0.0	2	1.0488961662992153	3.6097628805305924	230.0	27	1.05	0.95				
	222	2	0.0	0.0	0.0	0.0	2	1.05	10.143719890728107	230.0	27	1.05	0.95				
	223	2	0.0	0.0	0.0	0.0	2	1.05	4.783508343463111	230.0	25	1.05	0.95				
	224	1	0.0	0.0	0.0	0.0	2	1.019706221496266	-3.674159223329028	230.0	26	1.05	0.95				
	301	2	62.91743119578948	12.816513762105263	0.0	0.0	3	0.9897018995515665	12.301088521488794	138.0	31	1.05	0.95				
	302	2	56.509174314736846	11.651376147368422	0.0	0.0	3	0.9894431889902106	12.298897765745178	138.0	32	1.05	0.95				
	303	1	104.8623853263158	21.55504587263158	0.0	0.0	3	1.0135857279685536	14.147408050836049	138.0	31	1.05	0.95				
	304	1	43.11009174526316	8.738532110526316	0.0	0.0	3	0.999034564233534	14.357758761080795	138.0	31	1.05	0.95				
	305	1	41.362385323157895	8.155963303157895	0.0	0.0	3	1.010609597983737	14.422364515985002	138.0	31	1.05	0.95				
	306	1	79.22935780210527	16.31192660631579	0.0	-100.0	3	1.0308000291182984	14.94057189871987	138.0	32	1.05	0.95				
	307	2	72.82110092105263	14.564220184210527	0.0	0.0	3	0.9830433154065619	12.066028206259132	138.0	32	1.05	0.95				
	308	1	99.61926606	20.38990825789474	0.0	0.0	3	0.9985841259579946	14.618979436703274	138.0	32	1.05	0.95				
	309	1	101.94954128947369	20.97247706526316	0.0	0.0	3	1.0274905628587536	18.401789416736676	138.0	33	1.05	0.95				
	310	1	113.60091743684211	23.302752294736845	0.0	0.0	3	1.05	18.387316510600048	138.0	33	1.05	0.95				
	311	1	0.0	0.0	0.0	0.0	3	1.0176980326284055	24.31321637674215	230.0	33	1.05	0.95				
	312	1	0.0	0.0	0.0	0.0	3	1.0246390490916364	25.762452352916792	230.0	33	1.05	0.95				
	313	2	154.3807339526316	31.45871559789474	0.0	0.0	3	1.047852582895355	33.65712144681333	230.0	34	1.05	0.95				
	314	2	113.01834862947369	22.720183487368423	0.0	0.0	3	1.0183751302328534	21.835481069000522	230.0	36	1.05	0.95				
	315	2	184.6743119357895	37.28440367157895	0.0	0.0	3	1.037853055487233	14.852110124812869	230.0	36	1.05	0.95				
	316	2	58.256880736842106	11.651376147368422	0.0	0.0	3	1.0403396265796259	16.283672491202694	230.0	36	1.05	0.95				
	317	1	0.0	0.0	0.0	0.0	3	1.0440953708833136	14.852829169447137	230.0	37	1.05	0.95				
	318	2	193.99541285368423	39.614678901052635	0.0	0.0	3	1.043061524809629	13.379292261623458	230.0	37	1.05	0.95				
	319	1	105.44495413368422	21.55504587263158	0.0	0.0	3	1.0406065549808183	19.384559773641026	230.0	35	1.05	0.95				
	320	1	74.5688073431579	15.14678899157895	0.0	0.0	3	1.0441448857992905	21.798160532685717	230.0	35	1.05	0.95				
	321	2	0.0	0.0	0.0	0.0	3	1.0424421747378085	14.445181283614799	230.0	37	1.05	0.95				
	322	2	0.0	0.0	0.0	0.0	3	1.05	18.93180711843305	230.0	37	1.05	0.95				
	323	2	0.0	0.0	0.0	0.0	3	1.045983743246561	22.667077121121448	230.0	35	1.05	0.95				
	324	1	0.0	0.0	0.0	0.0	3	1.0267675369047586	16.51022100668823	230.0	36	1.05	0.95				
	325	1	0.0	0.0	0.0	0.0	3	1.0478045708924029	22.011920481047873	230.0	35	1.05	0.95				
];
