%% MATPOWER Case Format : Version 2
function mpc = RTS_GMLC
mpc.version = '2';

%%-----  Power Flow Data  -----%%
%% system MVA base
mpc.baseMVA = 100.0;
%% bus data
%    bus_i    type    Pd    Qd    Gs    Bs    area    Vm    Va    baseKV    zone    Vmax    Vmin
mpc.bus = [
	101	2	37.28698664210526	7.595497278947367	0.0	0.0	1	1.0407389190632392	2.3248215178433407	138.0	11	1.05	0.95				
	102	2	33.48923800263158	6.90499752631579	0.0	0.0	1	1.0399881404448268	2.0802577692115487	138.0	12	1.05	0.95				
	103	1	62.1449777368421	12.77424542368421	0.0	0.0	1	1.0196524068241375	0.37734289235044766	138.0	11	1.05	0.95				
	104	1	25.54849084736842	5.178748144736842	0.0	0.0	1	1.0241809200810466	-0.9737420767698481	138.0	11	1.05	0.95				
	105	1	24.51274121842105	4.833498268421053	0.0	0.0	1	1.0406930626279645	-0.6966328566772906	138.0	11	1.05	0.95				
	106	1	46.953983178947375	9.666996536842106	0.0	-100.0	1	1.0494765665789432	-2.8021428627745584	138.0	12	1.05	0.95				
	107	2	43.15623453947368	8.631246907894736	0.0	0.0	1	1.003598111162811	-9.440866887281668	138.0	12	1.05	0.95				
	108	1	59.03772884999999	12.08374567105263	0.0	0.0	1	1.007504362372274	-7.5186806331031955	138.0	12	1.05	0.95				
	109	1	60.41872835526315	12.42899554736842	0.0	0.0	1	1.0213428946650007	-2.092305827166657	138.0	13	1.05	0.95				
	110	1	67.32372588157894	13.80999505263158	0.0	0.0	1	1.05	-2.694740853110497	138.0	13	1.05	0.95				
	111	1	0.0	0.0	0.0	0.0	1	0.9964836361827272	-0.4288770158546604	230.0	13	1.05	0.95				
	112	1	0.0	0.0	0.0	0.0	1	1.0030378380456384	-0.6365581432241009	230.0	13	1.05	0.95				
	113	3	91.4912172236842	18.64349332105263	0.0	0.0	1	0.9906197081566573	-6.108558444754395e-29	230.0	14	1.05	0.95				
	114	2	66.97847600526316	13.46474517631579	0.0	0.0	1	0.9855479693496597	1.3418523397419406	230.0	16	1.05	0.95				
	115	2	109.44421079210527	22.095992084210526	0.0	0.0	1	1.0054319077989522	6.520258876129691	230.0	16	1.05	0.95				
	116	2	34.524987631578945	6.90499752631579	0.0	0.0	1	1.0036407734169104	5.933427447816104	230.0	16	1.05	0.95				
	117	1	0.0	0.0	0.0	0.0	1	1.010469965855996	8.482894678583792	230.0	17	1.05	0.95				
	118	2	114.9682088131579	23.476991589473688	0.0	0.0	1	1.0109641649891306	8.826769380821041	230.0	17	1.05	0.95				
	119	1	62.49022761315789	12.77424542368421	0.0	0.0	1	1.0001627586882302	3.865990064716949	230.0	15	1.05	0.95				
	120	1	44.19198416842105	8.976496784210527	0.0	0.0	1	1.0000236258066628	2.7756046282031193	230.0	15	1.05	0.95				
	121	2	0.0	0.0	0.0	0.0	1	1.0127682473113484	9.984113604457418	230.0	17	1.05	0.95				
	122	2	0.0	0.0	0.0	0.0	1	1.0350242449097846	16.077214795015735	230.0	17	1.05	0.95				
	123	2	0.0	0.0	0.0	0.0	1	1.000176313880569	2.456919561971315	230.0	15	1.05	0.95				
	124	1	0.0	0.0	0.0	0.0	1	1.0026949007760044	4.156794999850372	230.0	16	1.05	0.95				
	201	2	39.847631039999996	8.117110026666666	0.0	0.0	2	1.0135744139953773	-14.627989664205144	138.0	21	1.05	0.95				
	202	2	35.78907602666666	7.379190933333334	0.0	0.0	2	1.0127333226127484	-14.918314202529066	138.0	22	1.05	0.95				
	203	1	66.41271839999999	13.651503226666664	0.0	0.0	2	1.014203373183734	-10.582775546862004	138.0	21	1.05	0.95				
	204	1	27.303006453333328	5.534393199999999	0.0	0.0	2	1.0123391917840303	-14.657779601349953	138.0	21	1.05	0.95				
	205	1	26.19612781333333	5.165433653333333	0.0	0.0	2	1.027407512862426	-15.092824294161387	138.0	21	1.05	0.95				
	206	1	50.178498346666665	10.330867306666667	0.0	-100.0	2	1.0433118543836306	-15.833951425306594	138.0	22	1.05	0.95				
	207	2	46.11994333333333	9.223988666666665	0.0	0.0	2	0.9963581125542336	-20.18585524399187	138.0	22	1.05	0.95				
	208	1	63.09208247999999	12.91358413333333	0.0	0.0	2	1.0030162919160783	-18.55540504198291	138.0	22	1.05	0.95				
	209	1	64.56792066666665	13.282543679999998	0.0	0.0	2	1.0222040040850513	-12.909209793587513	138.0	23	1.05	0.95				
	210	1	71.94711159999999	14.758381866666667	0.0	0.0	2	1.05	-14.367930699297574	138.0	23	1.05	0.95				
	211	1	0.0	0.0	0.0	0.0	2	1.003237795284007	-10.184449690164465	230.0	23	1.05	0.95				
	212	1	0.0	0.0	0.0	0.0	2	1.00783923997436	-9.627320285138474	230.0	23	1.05	0.95				
	213	2	97.77427986666666	19.923815519999998	0.0	0.0	2	1.0006251494623257	-9.047520047075375	230.0	24	1.05	0.95				
	214	2	71.57815205333333	14.389422320000001	0.0	0.0	2	1.0004032328864887	-7.584780150538527	230.0	26	1.05	0.95				
	215	2	116.96017629333333	23.613410986666665	0.0	0.0	2	1.0137648031572732	-1.244253652179031	230.0	26	1.05	0.95				
	216	2	36.89595466666666	7.379190933333334	0.0	0.0	2	1.0150135590843383	-1.6514904077498613	230.0	26	1.05	0.95				
	217	1	0.0	0.0	0.0	0.0	2	1.0173896485252183	0.0712787666780996	230.0	27	1.05	0.95				
	218	2	122.86352904	25.089249173333332	0.0	0.0	2	1.0170817031561927	-0.3296525627455288	230.0	27	1.05	0.95				
	219	1	66.78167794666666	13.651503226666664	0.0	0.0	2	1.018790589872734	-2.1560535588828573	230.0	25	1.05	0.95				
	220	1	47.22682197333333	9.592948213333333	0.0	0.0	2	1.0242904114628535	-1.8596172169091678	230.0	25	1.05	0.95				
	221	2	0.0	0.0	0.0	0.0	2	1.0195533944086537	0.17784033918193468	230.0	27	1.05	0.95				
	222	2	0.0	0.0	0.0	0.0	2	1.04120939520951	6.738183803243633	230.0	27	1.05	0.95				
	223	2	0.0	0.0	0.0	0.0	2	1.0276589546825772	-1.4136589439314597	230.0	25	1.05	0.95				
	224	1	0.0	0.0	0.0	0.0	2	1.0025204651113682	-4.7796105076576145	230.0	26	1.05	0.95				
	301	2	43.527997477894736	8.866814301052631	0.0	0.0	3	1.0412646394454244	-2.366455295275829	138.0	31	1.05	0.95				
	302	2	39.094590327368415	8.06074027368421	0.0	0.0	3	1.0377111090242448	-2.697712422783953	138.0	32	1.05	0.95				
	303	1	72.5466624631579	14.91236950631579	0.0	0.0	3	1.05	11.765680226105912	138.0	31	1.05	0.95				
	304	1	29.82473901263158	6.045555205263158	0.0	0.0	3	1.0197502654266108	-1.8488149472005484	138.0	31	1.05	0.95				
	305	1	28.615627971578945	5.642518191578947	0.0	0.0	3	1.040751890707851	-3.5098440772881756	138.0	31	1.05	0.95				
	306	1	54.81303386105264	11.285036383157895	0.0	-100.0	3	1.0478099682303383	-4.659796781528576	138.0	32	1.05	0.95				
	307	2	50.37962671052632	10.075925342105263	0.0	0.0	3	0.9557670228647914	-2.401762813834913	138.0	32	1.05	0.95				
	308	1	68.91932934	14.106295478947366	0.0	0.0	3	0.978374184115147	-3.3709158232246175	138.0	32	1.05	0.95				
	309	1	70.53147739473684	14.509332492631577	0.0	0.0	3	1.0167866402013628	0.5329870501189066	138.0	33	1.05	0.95				
	310	1	78.59221766842104	16.12148054736842	0.0	0.0	3	1.0493287663514645	-3.4013241607590805	138.0	33	1.05	0.95				
	311	1	0.0	0.0	0.0	0.0	3	1.0027162266297722	-0.7741796705577748	230.0	33	1.05	0.95				
	312	1	0.0	0.0	0.0	0.0	3	1.007576017693876	0.1839635218825256	230.0	33	1.05	0.95				
	313	2	106.80480862631579	21.763998738947368	0.0	0.0	3	1.0033624286056486	1.8526116528661052	230.0	34	1.05	0.95				
	314	2	78.18918065473683	15.718443533684212	0.0	0.0	3	0.9937649102996415	-2.3077131163794826	230.0	36	1.05	0.95				
	315	2	127.76273333789474	25.794368875789473	0.0	0.0	3	1.0417535186447475	-1.4372540279877268	230.0	36	1.05	0.95				
	316	2	40.30370136842105	8.06074027368421	0.0	0.0	3	1.021001217739641	-1.994350305780224	230.0	36	1.05	0.95				
	317	1	0.0	0.0	0.0	0.0	3	1.0368205095004903	-1.4578157190365837	230.0	37	1.05	0.95				
	318	2	134.2113255568421	27.40651693052632	0.0	0.0	3	1.0418878816453798	-1.7752182400770014	230.0	37	1.05	0.95				
	319	1	72.94969947684211	14.91236950631579	0.0	0.0	3	1.0117806592223124	-1.4783443437441115	230.0	35	1.05	0.95				
	320	1	51.58873775157895	10.478962355789474	0.0	0.0	3	1.0065829554741672	-0.21055467253952087	230.0	35	1.05	0.95				
	321	2	0.0	0.0	0.0	0.0	3	1.05	-1.1844573057781114	230.0	37	1.05	0.95				
	322	2	0.0	0.0	0.0	0.0	3	1.05	3.0403680116374923	230.0	37	1.05	0.95				
	323	2	0.0	0.0	0.0	0.0	3	1.0046418840151567	0.8181251034661245	230.0	35	1.05	0.95				
	324	1	0.0	0.0	0.0	0.0	3	1.0404925443976623	3.6157720181956825	230.0	36	1.05	0.95				
	325	1	0.0	0.0	0.0	0.0	3	1.0036385060623523	1.5877753311891682	230.0	35	1.05	0.95				
];
