%% MATPOWER Case Format : Version 2
function mpc = RTS_GMLC
mpc.version = '2';

%%-----  Power Flow Data  -----%%
%% system MVA base
mpc.baseMVA = 100.0;
%% bus data
%    bus_i    type    Pd    Qd    Gs    Bs    area    Vm    Va    baseKV    zone    Vmax    Vmin
mpc.bus = [
	101	2	42.91142998736843	8.741217219649124	0.0	0.0	1	1.014515539009036	-3.4160359455466924	138.0	11	1.05	0.95				
	102	2	38.54082137754386	7.946561108771931	0.0	0.0	1	1.0142866323407194	-3.663126594525072	138.0	12	1.05	0.95				
	103	1	71.51904997894736	14.701138051228071	0.0	0.0	1	1.0062063467201934	1.3362635641052647	138.0	11	1.05	0.95				
	104	1	29.402276102456142	5.959920831578947	0.0	0.0	1	1.0048897743504723	-3.769958962097807	138.0	11	1.05	0.95				
	105	1	28.21029193614035	5.5625927761403515	0.0	0.0	1	1.0183655356079984	-4.8895305798907085	138.0	11	1.05	0.95				
	106	1	54.03661553964913	11.125185552280703	0.0	-100.0	1	1.0284108567167787	-6.198595675513416	138.0	12	1.05	0.95				
	107	2	49.66600692982456	9.933201385964912	0.0	0.0	1	0.9869436045045604	-11.779950579422836	138.0	12	1.05	0.95				
	108	1	67.94309748	13.906481940350876	0.0	0.0	1	0.9881409581497472	-9.809422860091983	138.0	12	1.05	0.95				
	109	1	69.53240970175439	14.303809995789473	0.0	0.0	1	1.0035825100002853	-3.15433210988094	138.0	13	1.05	0.95				
	110	1	77.47897081052632	15.893122217543862	0.0	0.0	1	1.0317147599964804	-5.076349170349387	138.0	13	1.05	0.95				
	111	1	0.0	0.0	0.0	0.0	1	0.9827657241285458	-0.5907484658120477	230.0	13	1.05	0.95				
	112	1	0.0	0.0	0.0	0.0	1	0.9842120419004038	-1.448841402520881	230.0	13	1.05	0.95				
	113	3	105.29193469122806	21.455714993684214	0.0	0.0	1	0.9645150887134799	-1.0729770435729455e-29	230.0	14	1.05	0.95				
	114	2	77.08164275508771	15.495794162105264	0.0	0.0	1	0.9916741872853245	2.5624409484670156	230.0	16	1.05	0.95				
	115	2	125.95299357403509	25.428995548070176	0.0	0.0	1	0.9965094066272159	11.31680289506626	230.0	16	1.05	0.95				
	116	2	39.73280554385965	7.946561108771931	0.0	0.0	1	0.9949558622624225	9.704748518244795	230.0	16	1.05	0.95				
	117	1	0.0	0.0	0.0	0.0	1	1.0011767969582663	14.976279655928028	230.0	17	1.05	0.95				
	118	2	132.31024246105264	27.018307769824563	0.0	0.0	1	1.0075355620857063	15.779140020460703	230.0	17	1.05	0.95				
	119	1	71.91637803438597	14.701138051228071	0.0	0.0	1	0.9935932766023109	6.159832464898161	230.0	15	1.05	0.95				
	120	1	50.85799109614035	10.33052944140351	0.0	0.0	1	0.9969748057414467	3.363788739980571	230.0	15	1.05	0.95				
	121	2	0.0	0.0	0.0	0.0	1	1.0079032465775082	17.178674911773122	230.0	17	1.05	0.95				
	122	2	0.0	0.0	0.0	0.0	1	1.022897431557667	29.999094632309586	230.0	17	1.05	0.95				
	123	2	0.0	0.0	0.0	0.0	1	0.9999028557232967	2.1561259835638724	230.0	15	1.05	0.95				
	124	1	0.0	0.0	0.0	0.0	1	0.988193452812895	7.502490071087178	230.0	16	1.05	0.95				
	201	2	40.49362504421053	8.248701397894736	0.0	0.0	2	1.0126902005515512	-16.62260323608337	138.0	21	1.05	0.95				
	202	2	36.36927434526316	7.4988194526315795	0.0	0.0	2	1.0116104661567153	-16.884226545393993	138.0	22	1.05	0.95				
	203	1	67.48937507368422	13.87281598736842	0.0	0.0	2	0.9975489904532773	-12.139960856773186	138.0	21	1.05	0.95				
	204	1	27.74563197473684	5.624114589473684	0.0	0.0	2	1.000752172678831	-16.316910268604893	138.0	21	1.05	0.95				
	205	1	26.620809056842106	5.249173616842106	0.0	0.0	2	1.017793535545142	-16.808065275380972	138.0	21	1.05	0.95				
	206	1	50.99197227789474	10.498347233684212	0.0	-100.0	2	1.028664303049547	-17.40623354313673	138.0	22	1.05	0.95				
	207	2	46.867621578947364	9.373524315789474	0.0	0.0	2	0.9739129584860385	-21.906351822092134	138.0	22	1.05	0.95				
	208	1	64.11490632	13.12293404210526	0.0	0.0	2	0.9814628309162649	-20.1833165590713	138.0	22	1.05	0.95				
	209	1	65.61467021052631	13.49787501473684	0.0	0.0	2	1.0026629123303945	-14.239053410813444	138.0	23	1.05	0.95				
	210	1	73.11348966315789	14.997638905263159	0.0	0.0	2	1.031701583545906	-15.754374606878232	138.0	23	1.05	0.95				
	211	1	0.0	0.0	0.0	0.0	2	0.9850213848997085	-11.307772612747852	230.0	23	1.05	0.95				
	212	1	0.0	0.0	0.0	0.0	2	0.9801911964385746	-10.48357028841655	230.0	23	1.05	0.95				
	213	2	99.35935774736842	20.246812522105266	0.0	0.0	2	0.9794199887602988	-9.806899903211717	230.0	24	1.05	0.95				
	214	2	72.73854869052631	14.622697932631578	0.0	0.0	2	0.9857375440360708	-8.793541936480393	230.0	26	1.05	0.95				
	215	2	118.85628832421051	23.996222248421052	0.0	0.0	2	0.9921717323979868	-1.8683183207833922	230.0	26	1.05	0.95				
	216	2	37.4940972631579	7.4988194526315795	0.0	0.0	2	0.9896946571154238	-2.730065278947622	230.0	26	1.05	0.95				
	217	1	0.0	0.0	0.0	0.0	2	1.0011486824004396	-0.9672477811323154	230.0	27	1.05	0.95				
	218	2	124.85534388631578	25.49598613894737	0.0	0.0	2	1.0029216595477113	-1.3965738301887038	230.0	27	1.05	0.95				
	219	1	67.86431604631579	13.87281598736842	0.0	0.0	2	0.9804018452239122	-2.5968602855640555	230.0	25	1.05	0.95				
	220	1	47.992444496842104	9.748465288421054	0.0	0.0	2	0.9748976793008869	-1.6735188207709069	230.0	25	1.05	0.95				
	221	2	0.0	0.0	0.0	0.0	2	1.0050399242668766	-0.8561281646249597	230.0	27	1.05	0.95				
	222	2	0.0	0.0	0.0	0.0	2	1.0231066204935004	4.893300379047733	230.0	27	1.05	0.95				
	223	2	0.0	0.0	0.0	0.0	2	0.9725919750424441	-0.837647783182847	230.0	25	1.05	0.95				
	224	1	0.0	0.0	0.0	0.0	2	0.9819520389392904	-5.776654463830247	230.0	26	1.05	0.95				
	301	2	64.0961721094737	13.056627651929825	0.0	0.0	3	1.0021058573492434	34.3897059395618	138.0	31	1.05	0.95				
	302	2	57.56785828350878	11.869661501754388	0.0	0.0	3	1.0029149852110093	34.000690421241465	138.0	32	1.05	0.95				
	303	1	106.82695351578948	21.958873778245618	0.0	0.0	3	1.0094978261189014	50.18929485107604	138.0	31	1.05	0.95				
	304	1	43.917747556491236	8.90224612631579	0.0	0.0	3	0.9914076563618622	35.77712570191143	138.0	31	1.05	0.95				
	305	1	42.137298331228074	8.308763051228071	0.0	0.0	3	1.0102831201316569	33.802051049436066	138.0	31	1.05	0.95				
	306	1	80.71369821192984	16.617526102456143	0.0	-100.0	3	1.0216809570157028	32.78491892211461	138.0	32	1.05	0.95				
	307	2	74.18538438596491	14.837076877192985	0.0	0.0	3	0.9663193566396988	29.330355665965296	138.0	32	1.05	0.95				
	308	1	101.48560584000002	20.771907628070178	0.0	0.0	3	0.9762713336182403	32.13374608972371	138.0	32	1.05	0.95				
	309	1	103.85953814035089	21.365390703157896	0.0	0.0	3	1.0029180594547429	39.7755155882598	138.0	33	1.05	0.95				
	310	1	115.72919964210526	23.739323003508776	0.0	0.0	3	1.0338193147290433	35.170557531753126	138.0	33	1.05	0.95				
	311	1	0.0	0.0	0.0	0.0	3	0.9962007566683638	39.63576145659673	230.0	33	1.05	0.95				
	312	1	0.0	0.0	0.0	0.0	3	1.0020738052771134	40.2143775905605	230.0	33	1.05	0.95				
	313	2	157.27301489824563	32.04808605473685	0.0	0.0	3	1.007767089104466	44.253832765411495	230.0	34	1.05	0.95				
	314	2	115.13571656701755	23.145839928421054	0.0	0.0	3	0.9912405348927523	37.77854448393749	230.0	36	1.05	0.95				
	315	2	188.13413480280704	37.98291680561404	0.0	0.0	3	0.9888351600939574	33.409721020966344	230.0	36	1.05	0.95				
	316	2	59.34830750877194	11.869661501754388	0.0	0.0	3	0.9871790034826897	33.901418393091404	230.0	36	1.05	0.95				
	317	1	0.0	0.0	0.0	0.0	3	0.9915407599780673	34.265694461459674	230.0	37	1.05	0.95				
	318	2	197.62986400421053	40.35684910596492	0.0	0.0	3	0.9819113060882863	30.31769911869161	230.0	37	1.05	0.95				
	319	1	107.42043659087722	21.958873778245618	0.0	0.0	3	0.9947566150055644	34.59356471667742	230.0	35	1.05	0.95				
	320	1	75.96583361122808	15.430559952280703	0.0	0.0	3	1.002930886055687	34.84969163446476	230.0	35	1.05	0.95				
	321	2	0.0	0.0	0.0	0.0	3	0.9932290292792916	31.842225624157216	230.0	37	1.05	0.95				
	322	2	0.0	0.0	0.0	0.0	3	1.0111607645078236	35.73115166555485	230.0	37	1.05	0.95				
	323	2	0.0	0.0	0.0	0.0	3	1.0072178411763906	34.767849916348055	230.0	35	1.05	0.95				
	324	1	0.0	0.0	0.0	0.0	3	0.9920207295436929	41.10788639862707	230.0	36	1.05	0.95				
