%% MATPOWER Case Format : Version 2
function mpc = RTS_GMLC
mpc.version = '2';

%%-----  Power Flow Data  -----%%
%% system MVA base
mpc.baseMVA = 100.0;
%% bus data
%    bus_i    type    Pd    Qd    Gs    Bs    area    Vm    Va    baseKV    zone    Vmax    Vmin
mpc.bus = [
	101	2	36.97971301515789	7.532904503087718	0.0	0.0	1	1.0341291813030187	4.176117574731455	138.0	11	1.05	0.95				
	102	2	33.21326076361403	6.848095002807018	0.0	0.0	1	1.0332116415909962	3.91644092868999	138.0	12	1.05	0.95				
	103	1	61.632855025263154	12.668975755192982	0.0	0.0	1	1.0319494730711396	2.427046558912382	138.0	11	1.05	0.95				
	104	1	25.337951510385963	5.136071252105263	0.0	0.0	1	1.0227927140383024	0.7201359908788155	138.0	11	1.05	0.95				
	105	1	24.310737259964913	4.793666501964912	0.0	0.0	1	1.037206024705431	0.9673093830857221	138.0	11	1.05	0.95				
	106	1	46.56704601908772	9.587333003929825	0.0	-100.0	1	1.0477673574345001	-1.2350640275132971	138.0	12	1.05	0.95				
	107	2	42.80059376754386	8.560118753508771	0.0	0.0	1	1.0005333376774506	-6.692712384768876	138.0	12	1.05	0.95				
	108	1	58.551212273999994	11.98416625491228	0.0	0.0	1	1.0070599408223493	-5.280280227506688	138.0	12	1.05	0.95				
	109	1	59.9208312745614	12.32657100505263	0.0	0.0	1	1.0244354501648258	-0.5053782976574187	138.0	13	1.05	0.95				
	110	1	66.76892627736842	13.696190005614037	0.0	0.0	1	1.05	-1.207901320005844	138.0	13	1.05	0.95				
	111	1	0.0	0.0	0.0	0.0	1	1.0010517846563294	0.772192715835591	230.0	13	1.05	0.95				
	112	1	0.0	0.0	0.0	0.0	1	1.0058581628177066	0.5213551878977921	230.0	13	1.05	0.95				
	113	3	90.73725878719297	18.489856507578946	0.0	0.0	1	0.9887350087274275	8.043906060642589e-29	230.0	14	1.05	0.95				
	114	2	66.42652152722806	13.353785255473685	0.0	0.0	1	0.9984530452235785	3.2090734259449145	230.0	16	1.05	0.95				
	115	2	108.54230579449123	21.913904008982456	0.0	0.0	1	1.0384269718233887	9.1645001699324	230.0	16	1.05	0.95				
	116	2	34.240475014035084	6.848095002807018	0.0	0.0	1	1.0340088991536	8.536103307722952	230.0	16	1.05	0.95				
	117	1	0.0	0.0	0.0	0.0	1	1.0411707488341797	11.796674834744069	230.0	17	1.05	0.95				
	118	2	114.02078179673684	23.28352300954386	0.0	0.0	1	1.0466530100364504	11.828109491246508	230.0	17	1.05	0.95				
	119	1	61.975259775403515	12.668975755192982	0.0	0.0	1	1.0240610728326545	6.4744461808630795	230.0	15	1.05	0.95				
	120	1	43.82780801796491	8.902523503649123	0.0	0.0	1	1.0181591306055382	5.332164809231424	230.0	15	1.05	0.95				
	121	2	0.0	0.0	0.0	0.0	1	1.05	12.658983889687702	230.0	17	1.05	0.95				
	122	2	0.0	0.0	0.0	0.0	1	1.05	24.72429922364929	230.0	17	1.05	0.95				
	123	2	0.0	0.0	0.0	0.0	1	1.0150779402730634	4.970469935374282	230.0	15	1.05	0.95				
	124	1	0.0	0.0	0.0	0.0	1	1.0270712062188077	6.636134246701676	230.0	16	1.05	0.95				
	201	2	35.81866834484211	7.2963954035789484	0.0	0.0	2	1.0170570704835138	-8.987303198136424	138.0	21	1.05	0.95				
	202	2	32.17047064305263	6.633086730526316	0.0	0.0	2	1.016643168857789	-9.13181792647313	138.0	22	1.05	0.95				
	203	1	59.697780574736846	12.271210451473685	0.0	0.0	2	1.016267232747218	-6.71074137297832	138.0	21	1.05	0.95				
	204	1	24.54242090294737	4.9748150478947375	0.0	0.0	2	1.01507589467624	-9.555913822301758	138.0	21	1.05	0.95				
	205	1	23.547457893368424	4.643160711368422	0.0	0.0	2	1.0297077593547876	-9.851744299344825	138.0	21	1.05	0.95				
	206	1	45.10498976757896	9.286321422736844	0.0	-100.0	2	1.0452330837417587	-10.743981187084094	138.0	22	1.05	0.95				
	207	2	41.45679206578948	8.291358413157896	0.0	0.0	2	0.99620002888806	-14.886850725944475	138.0	22	1.05	0.95				
	208	1	56.712891546	11.607901778421052	0.0	0.0	2	1.0044079424459404	-13.457131981109244	138.0	22	1.05	0.95				
	209	1	58.039508892105275	11.939556114947369	0.0	0.0	2	1.022336611438707	-8.518524240555605	138.0	23	1.05	0.95				
	210	1	64.67259562263158	13.266173461052633	0.0	0.0	2	1.05	-9.648946840181743	138.0	23	1.05	0.95				
	211	1	0.0	0.0	0.0	0.0	2	1.000986945621194	-6.200498018188008	230.0	23	1.05	0.95				
	212	1	0.0	0.0	0.0	0.0	2	1.0055221979698772	-5.747336401675934	230.0	23	1.05	0.95				
	213	2	87.88839917947368	17.909334172421055	0.0	0.0	2	0.9934692929374684	-5.27470406920455	230.0	24	1.05	0.95				
	214	2	64.34094128610526	12.934519124526316	0.0	0.0	2	0.9982147588042407	-3.970545650631321	230.0	26	1.05	0.95				
	215	2	105.13442467884211	21.225877537684212	0.0	0.0	2	1.0162707213393656	1.3542459154765505	230.0	26	1.05	0.95				
	216	2	33.165433652631584	6.633086730526316	0.0	0.0	2	1.0174380384183697	1.1620328027659759	230.0	26	1.05	0.95				
	217	1	0.0	0.0	0.0	0.0	2	1.022747022135123	2.836472755412674	230.0	27	1.05	0.95				
	218	2	110.44089406326316	22.55249488378948	0.0	0.0	2	1.022212805563638	2.460895926155758	230.0	27	1.05	0.95				
	219	1	60.029434911263166	12.271210451473685	0.0	0.0	2	1.0181206471610889	0.6338791367881262	230.0	25	1.05	0.95				
	220	1	42.451755075368425	8.62301274968421	0.0	0.0	2	1.0204969910076307	0.8370249836817965	230.0	25	1.05	0.95				
	221	2	0.0	0.0	0.0	0.0	2	1.0238573267038642	2.8972007991551214	230.0	27	1.05	0.95				
	222	2	0.0	0.0	0.0	0.0	2	1.0459187853043066	9.41501408181678	230.0	27	1.05	0.95				
	223	2	0.0	0.0	0.0	0.0	2	1.0219583703889634	1.2081828844603084	230.0	25	1.05	0.95				
	224	1	0.0	0.0	0.0	0.0	2	1.0062194467670722	-1.6968975382947245	230.0	26	1.05	0.95				
	301	2	44.24549191578947	9.012970575438596	0.0	0.0	3	1.0080840670581601	-20.245270563319917	138.0	31	1.05	0.95				
	302	2	39.739006628070165	8.193609614035086	0.0	0.0	3	1.0080042050957947	-20.354412069214344	138.0	32	1.05	0.95				
	303	1	73.74248652631579	15.15817778596491	0.0	0.0	3	1.0243418973575913	-14.880847286609848	138.0	31	1.05	0.95				
	304	1	30.31635557192982	6.145207210526315	0.0	0.0	3	1.0111550091358712	-18.916116668272302	138.0	31	1.05	0.95				
	305	1	29.087314129824556	5.735526729824561	0.0	0.0	3	1.0238111770938074	-19.7994729051101	138.0	31	1.05	0.95				
	306	1	55.7165453754386	11.471053459649122	0.0	-100.0	3	1.0410033144600312	-20.044977019550192	138.0	32	1.05	0.95				
	307	2	51.21006008771929	10.242012017543859	0.0	0.0	3	0.9928776004958522	-24.330365671265863	138.0	32	1.05	0.95				
	308	1	70.05536219999999	14.338816824561402	0.0	0.0	3	1.000279309963118	-22.50752312408601	138.0	32	1.05	0.95				
	309	1	71.69408412280701	14.748497305263156	0.0	0.0	3	1.026419409859306	-16.06219104640167	138.0	33	1.05	0.95				
	310	1	79.8876937368421	16.387219228070173	0.0	0.0	3	1.05	-18.0337821856921	138.0	33	1.05	0.95				
	311	1	0.0	0.0	0.0	0.0	3	1.0059357256183157	-12.852689292517965	230.0	33	1.05	0.95				
	312	1	0.0	0.0	0.0	0.0	3	1.011628773811489	-11.997583402159682	230.0	33	1.05	0.95				
	313	2	108.56532738596489	22.122745957894736	0.0	0.0	3	1.0103512328522852	-9.147534372419356	230.0	34	1.05	0.95				
	314	2	79.47801325614033	15.977538747368419	0.0	0.0	3	1.0008745707211535	-11.777404646148469	230.0	36	1.05	0.95				
	315	2	129.86871238245612	26.21955076491228	0.0	0.0	3	1.024023575758574	-8.469240509792325	230.0	36	1.05	0.95				
	316	2	40.968048070175435	8.193609614035086	0.0	0.0	3	1.0239110357945285	-7.80297910720534	230.0	36	1.05	0.95				
	317	1	0.0	0.0	0.0	0.0	3	1.029119546699215	-6.171376126160114	230.0	37	1.05	0.95				
	318	2	136.42360007368418	27.8582726877193	0.0	0.0	3	1.0275413320751452	-6.378080797981657	230.0	37	1.05	0.95				
	319	1	74.15216700701754	15.15817778596491	0.0	0.0	3	1.023966535242179	-7.687299921342559	230.0	35	1.05	0.95				
	320	1	52.43910152982456	10.651692498245612	0.0	0.0	3	1.026704113538751	-6.784046783778083	230.0	35	1.05	0.95				
	321	2	0.0	0.0	0.0	0.0	3	1.028599019321486	-6.537530095242245	230.0	37	1.05	0.95				
	322	2	0.0	0.0	0.0	0.0	3	1.0421419825361928	-2.021276962893924	230.0	37	1.05	0.95				
	323	2	0.0	0.0	0.0	0.0	3	1.0289344030559486	-5.974691873949582	230.0	35	1.05	0.95				
	324	1	0.0	0.0	0.0	0.0	3	1.015655006224227	-10.89419149509196	230.0	36	1.05	0.95				
	325	1	0.0	0.0	0.0	0.0	3	1.0241372203774022	-4.41828313162099	230.0	35	1.05	0.95				
];
