%% MATPOWER Case Format : Version 2
function mpc = RTS_GMLC
mpc.version = '2';

%%-----  Power Flow Data  -----%%
%% system MVA base
mpc.baseMVA = 100.0;
%% bus data
%    bus_i    type    Pd    Qd    Gs    Bs    area    Vm    Va    baseKV    zone    Vmax    Vmin
mpc.bus = [
	101	2	46.99950517894737	9.573973277192982	0.0	0.0	1	1.033772963065219	2.2037630156435957	138.0	11	1.05	0.95				
	102	2	42.21251854035087	8.703612070175438	0.0	0.0	1	1.033372353380791	2.0861742578391906	138.0	12	1.05	0.95				
	103	1	78.33250863157895	16.10168232982456	0.0	0.0	1	1.0280232062533652	-0.7249130537543899	138.0	11	1.05	0.95				
	104	1	32.20336465964912	6.527709052631578	0.0	0.0	1	1.0215892168228342	-1.2318055904764624	138.0	11	1.05	0.95				
	105	1	30.897822849122804	6.092528449122807	0.0	0.0	1	1.0359058237460885	-0.934618606913628	138.0	11	1.05	0.95				
	106	1	59.18456207719298	12.185056898245614	0.0	-100.0	1	1.0452624724090371	-3.1354026772768213	138.0	12	1.05	0.95				
	107	2	54.39757543859649	10.879515087719298	0.0	0.0	1	1.0068216993892025	-5.856521023598376	138.0	12	1.05	0.95				
	108	1	74.4158832	15.231321122807016	0.0	0.0	1	1.0090543017952014	-5.795425312579861	138.0	12	1.05	0.95				
	109	1	76.15660561403509	15.666501726315788	0.0	0.0	1	1.025374317908271	-2.185282174694593	138.0	13	1.05	0.95				
	110	1	84.86021768421053	17.407224140350877	0.0	0.0	1	1.05	-2.74571639329647	138.0	13	1.05	0.95				
	111	1	0.0	0.0	0.0	0.0	1	1.0037224162148923	-0.6912795727430291	230.0	13	1.05	0.95				
	112	1	0.0	0.0	0.0	0.0	1	1.0090454143056202	0.11371067819439475	230.0	13	1.05	0.95				
	113	3	115.32285992982456	23.499752589473687	0.0	0.0	1	0.995881459448833	-8.168665372349134e-30	230.0	14	1.05	0.95				
	114	2	84.42503708070174	16.972043536842104	0.0	0.0	1	0.9992006771665193	0.6061130003251518	230.0	16	1.05	0.95				
	115	2	137.95225131228068	27.851558624561402	0.0	0.0	1	1.0383695283722076	4.826524148756994	230.0	16	1.05	0.95				
	116	2	43.51806035087719	8.703612070175438	0.0	0.0	1	1.0338989994703887	4.961532903309802	230.0	16	1.05	0.95				
	117	1	0.0	0.0	0.0	0.0	1	1.0423912104038948	5.999139594795341	230.0	17	1.05	0.95				
	118	2	144.91514096842104	29.59228103859649	0.0	0.0	1	1.045110473326268	5.579252937406647	230.0	17	1.05	0.95				
	119	1	78.76768923508773	16.10168232982456	0.0	0.0	1	1.0283571628684474	4.885420039302628	230.0	15	1.05	0.95				
	120	1	55.703117249122805	11.31469569122807	0.0	0.0	1	1.0264794365756278	5.6660465116475365	230.0	15	1.05	0.95				
	121	2	0.0	0.0	0.0	0.0	1	1.05	6.180933457017519	230.0	17	1.05	0.95				
	122	2	0.0	0.0	0.0	0.0	1	1.05	13.361697591601992	230.0	17	1.05	0.95				
	123	2	0.0	0.0	0.0	0.0	1	1.0262458071073706	6.432623766935909	230.0	15	1.05	0.95				
	124	1	0.0	0.0	0.0	0.0	1	1.0266480708252377	2.7570629317580577	230.0	16	1.05	0.95				
	201	2	46.29057138947369	9.429560838596492	0.0	0.0	2	1.028970206878901	-4.704868553726697	138.0	21	1.05	0.95				
	202	2	41.57579097017544	8.57232803508772	0.0	0.0	2	1.029219200755673	-4.666442978092066	138.0	22	1.05	0.95				
	203	1	77.15095231578948	15.858806864912282	0.0	0.0	2	1.0212411350125057	-5.038640057886574	138.0	21	1.05	0.95				
	204	1	31.717613729824564	6.42924602631579	0.0	0.0	2	1.019145673212313	-7.17116179668235	138.0	21	1.05	0.95				
	205	1	30.431764524561405	6.000629624561404	0.0	0.0	2	1.0339478816734764	-7.235490846977894	138.0	21	1.05	0.95				
	206	1	58.2918306385965	12.001259249122809	0.0	-100.0	2	1.0448092170477872	-9.059721369505345	138.0	22	1.05	0.95				
	207	2	53.57705021929825	10.715410043859649	0.0	0.0	2	0.9869805785937922	-15.594453824056668	138.0	22	1.05	0.95				
	208	1	73.2934047	15.001574061403508	0.0	0.0	2	0.9954748084447403	-13.676928078933107	138.0	22	1.05	0.95				
	209	1	75.00787030701754	15.430190463157894	0.0	0.0	2	1.0234017104964679	-7.468784756141338	138.0	23	1.05	0.95				
	210	1	83.58019834210526	17.14465607017544	0.0	0.0	2	1.05	-8.433604917315705	138.0	23	1.05	0.95				
	211	1	0.0	0.0	0.0	0.0	2	1.0052174996864935	-5.073653297409209	230.0	23	1.05	0.95				
	212	1	0.0	0.0	0.0	0.0	2	1.0113655373204775	-4.8743369988420024	230.0	23	1.05	0.95				
	213	2	113.58334646491228	23.145285694736845	0.0	0.0	2	0.9993895171132207	-4.619938271075161	230.0	24	1.05	0.95				
	214	2	83.15158194035088	16.716039668421054	0.0	0.0	2	1.0047897959448495	-2.478883322759573	230.0	26	1.05	0.95				
	215	2	135.87139935614033	27.431449712280703	0.0	0.0	2	1.0298053766877244	3.935072160485714	230.0	26	1.05	0.95				
	216	2	42.861640175438595	8.57232803508772	0.0	0.0	2	1.0316706603871848	3.6972794727487828	230.0	26	1.05	0.95				
	217	1	0.0	0.0	0.0	0.0	2	1.0369378218007286	6.60678809790367	230.0	27	1.05	0.95				
	218	2	142.72926178421054	29.14591531929825	0.0	0.0	2	1.03909090208003	7.317587966608364	230.0	27	1.05	0.95				
	219	1	77.57956871754386	15.858806864912282	0.0	0.0	2	1.0318420465369715	2.1777311115589533	230.0	25	1.05	0.95				
	220	1	54.862899424561405	11.144026445614037	0.0	0.0	2	1.0352061679511873	1.688444589179434	230.0	25	1.05	0.95				
	221	2	0.0	0.0	0.0	0.0	2	1.0385218159194978	6.938641865820374	230.0	27	1.05	0.95				
	222	2	0.0	0.0	0.0	0.0	2	1.05	13.30893470636087	230.0	27	1.05	0.95				
	223	2	0.0	0.0	0.0	0.0	2	1.0375361486540937	1.7433633903919907	230.0	25	1.05	0.95				
	224	1	0.0	0.0	0.0	0.0	2	1.015421521952509	0.5697198660607569	230.0	26	1.05	0.95				
	301	2	64.67700096000002	13.17494464	0.0	0.0	3	1.0100396547216055	-35.34861154660316	138.0	31	1.05	0.95				
	302	2	58.08952864	11.9772224	0.0	0.0	3	1.0091082175859232	-35.56386578124723	138.0	32	1.05	0.95				
	303	1	107.79500160000002	22.15786144	0.0	0.0	3	1.0328308067529859	-25.454574053174735	138.0	31	1.05	0.95				
	304	1	44.31572288	8.9829168	0.0	0.0	3	1.008027634452559	-33.60419972371024	138.0	31	1.05	0.95				
	305	1	42.519139519999996	8.384055680000001	0.0	0.0	3	1.022005387155562	-34.927870779665675	138.0	31	1.05	0.95				
	306	1	81.44511232	16.768111360000002	0.0	-100.0	3	1.035679492593942	-35.35759130713232	138.0	32	1.05	0.95				
	307	2	74.85764	14.971528000000001	0.0	0.0	3	0.9933863966537432	-41.06738900177597	138.0	32	1.05	0.95				
	308	1	102.40525152	20.9601392	0.0	0.0	3	0.9933460203314093	-38.69020258121003	138.0	32	1.05	0.95				
	309	1	104.80069599999999	21.55900032	0.0	0.0	3	1.0280615600204177	-29.565012274090307	138.0	33	1.05	0.95				
	310	1	116.7779184	23.9544448	0.0	0.0	3	1.05	-32.58460066612233	138.0	33	1.05	0.95				
	311	1	0.0	0.0	0.0	0.0	3	1.0195612007919055	-25.24849800046906	230.0	33	1.05	0.95				
	312	1	0.0	0.0	0.0	0.0	3	1.0186941260384308	-24.632876039213524	230.0	33	1.05	0.95				
	313	2	158.6981968	32.33850048000001	0.0	0.0	3	1.026778403207789	-21.698200848429558	230.0	34	1.05	0.95				
	314	2	116.17905728	23.355583680000002	0.0	0.0	3	1.0311780727853357	-22.58865522593839	230.0	36	1.05	0.95				
	315	2	189.83897504	38.32711168	0.0	0.0	3	1.0485924994004336	-15.443858527043323	230.0	36	1.05	0.95				
	316	2	59.886112000000004	11.9772224	0.0	0.0	3	1.0489443570762857	-15.23295182383024	230.0	36	1.05	0.95				
	317	1	0.0	0.0	0.0	0.0	3	1.0495998804435103	-12.493771390696615	230.0	37	1.05	0.95				
	318	2	199.42075296000002	40.72255616	0.0	0.0	3	1.0493758159378388	-11.837715304838722	230.0	37	1.05	0.95				
	319	1	108.39386272	22.15786144	0.0	0.0	3	1.0456110637440124	-16.464309731032927	230.0	35	1.05	0.95				
	320	1	76.65422336	15.57038912	0.0	0.0	3	1.047612010619404	-16.416048106502725	230.0	35	1.05	0.95				
	321	2	0.0	0.0	0.0	0.0	3	1.05	-11.495183167617201	230.0	37	1.05	0.95				
	322	2	0.0	0.0	0.0	0.0	3	1.05	-6.941515474598929	230.0	37	1.05	0.95				
	323	2	0.0	0.0	0.0	0.0	3	1.05	-15.952149679390905	230.0	35	1.05	0.95				
	324	1	0.0	0.0	0.0	0.0	3	1.0300931945718206	-19.173675036232428	230.0	36	1.05	0.95				
	325	1	0.0	0.0	0.0	0.0	3	1.0411363060336432	-14.166224306299787	230.0	35	1.05	0.95				
];

%% generator data
%    bus    Pg    Qg    Qmax    Qmin    Vg    mBase    status    Pmax    Pmin    Pc1    Pc2    Qc1min    Qc1max    Qc2min    Qc2max    ramp_agc    ramp_10    ramp_30    ramp_q    apf
