%% MATPOWER Case Format : Version 2
function mpc = RTS_GMLC
mpc.version = '2';

%%-----  Power Flow Data  -----%%
%% system MVA base
mpc.baseMVA = 100.0;
%% bus data
%    bus_i    type    Pd    Qd    Gs    Bs    area    Vm    Va    baseKV    zone    Vmax    Vmin
mpc.bus = [
	101	2	56.23107373894738	11.45447798385965	0.0	0.0	1	1.0103191242265004	-6.4251466191109055	138.0	11	1.05	0.95				
	102	2	50.50383474701755	10.413161803508773	0.0	0.0	1	1.0101936675640362	-6.692671931924067	138.0	12	1.05	0.95				
	103	1	93.71845623157895	19.26434933649123	0.0	0.0	1	0.9967937236379055	-0.637611159904841	138.0	11	1.05	0.95				
	104	1	38.52869867298246	7.809871352631579	0.0	0.0	1	0.9987733546040817	-6.342824577084181	138.0	11	1.05	0.95				
	105	1	36.966724402456144	7.289213262456141	0.0	0.0	1	1.0128227284673341	-7.5762267121901194	138.0	11	1.05	0.95				
	106	1	70.80950026385966	14.578426524912283	0.0	-100.0	1	1.0212154779960783	-8.817422631628768	138.0	12	1.05	0.95				
	107	2	65.08226127192984	13.016452254385966	0.0	0.0	1	0.9862122095450734	-11.41385988607012	138.0	12	1.05	0.95				
	108	1	89.03253342000001	18.22303315614035	0.0	0.0	1	0.9836399605350213	-10.799691145092446	138.0	12	1.05	0.95				
	109	1	91.11516578070176	18.74369124631579	0.0	0.0	1	1.000680421209359	-4.809134333498376	138.0	13	1.05	0.95				
	110	1	101.52832758421053	20.826323607017546	0.0	0.0	1	1.0282593842155998	-7.020178695410855	138.0	13	1.05	0.95				
	111	1	0.0	0.0	0.0	0.0	1	0.986748774132202	-1.4487690690076094	230.0	13	1.05	0.95				
	112	1	0.0	0.0	0.0	0.0	1	0.9848200337877612	-2.088561828359403	230.0	13	1.05	0.95				
	113	3	137.97439389649122	28.11553686947369	0.0	0.0	1	0.9727596635853238	-6.654204644490426e-28	230.0	14	1.05	0.95				
	114	2	101.0076694940351	20.305665516842105	0.0	0.0	1	1.0021733305580947	1.8163894707133763	230.0	16	1.05	0.95				
	115	2	165.04861458561405	33.32211777122807	0.0	0.0	1	0.9932361136790606	11.6745882203813	230.0	16	1.05	0.95				
	116	2	52.06580901754386	10.413161803508773	0.0	0.0	1	0.9933760642712682	10.078261243846706	230.0	16	1.05	0.95				
	117	1	0.0	0.0	0.0	0.0	1	0.994510366682715	16.33273444811768	230.0	17	1.05	0.95				
	118	2	173.37914402842108	35.40475013192983	0.0	0.0	1	1.0042272900591196	16.927195818429944	230.0	17	1.05	0.95				
	119	1	94.23911432175439	19.26434933649123	0.0	0.0	1	0.992936244266208	6.391579631325274	230.0	15	1.05	0.95				
	120	1	66.64423554245614	13.537110344561404	0.0	0.0	1	0.9987217050274575	3.798566242554413	230.0	15	1.05	0.95				
	121	2	0.0	0.0	0.0	0.0	1	1.004367492187584	18.499968168269767	230.0	17	1.05	0.95				
	122	2	0.0	0.0	0.0	0.0	1	1.009824174598222	37.27014880436171	230.0	17	1.05	0.95				
	123	2	0.0	0.0	0.0	0.0	1	1.0034182138103718	2.8019329706115683	230.0	15	1.05	0.95				
	124	1	0.0	0.0	0.0	0.0	1	0.9797739675324261	6.999956306313523	230.0	16	1.05	0.95				
	201	2	42.99260191578947	8.757752242105262	0.0	0.0	2	1.011459997724671	-7.922327210760024	138.0	21	1.05	0.95				
	202	2	38.613725794736844	7.9615929473684215	0.0	0.0	2	1.0102679334329892	-8.084354882179838	138.0	22	1.05	0.95				
	203	1	71.65433652631579	14.728946952631578	0.0	0.0	2	0.9976937232615516	-6.50068489104196	138.0	21	1.05	0.95				
	204	1	29.457893905263155	5.971194710526316	0.0	0.0	2	1.001906221872246	-7.162756726722793	138.0	21	1.05	0.95				
	205	1	28.26365496315789	5.573115063157895	0.0	0.0	2	1.017838045200493	-7.39330015719447	138.0	21	1.05	0.95				
	206	1	54.138832042105264	11.14623012631579	0.0	-100.0	2	1.02955261581331	-7.600003504849634	138.0	22	1.05	0.95				
	207	2	49.75995592105264	9.951991184210526	0.0	0.0	2	0.9718243061147205	-12.409907992160147	138.0	22	1.05	0.95				
	208	1	68.0716197	13.932787657894735	0.0	0.0	2	0.9808322516348514	-10.58999125862935	138.0	22	1.05	0.95				
	209	1	69.66393828947368	14.330867305263157	0.0	0.0	2	1.006993259736495	-4.709038479969233	138.0	23	1.05	0.95				
	210	1	77.62553123684211	15.923185894736843	0.0	0.0	2	1.0341522008753732	-5.5432955634865335	138.0	23	1.05	0.95				
	211	1	0.0	0.0	0.0	0.0	2	0.9870914195860797	-2.24897501910255	230.0	23	1.05	0.95				
	212	1	0.0	0.0	0.0	0.0	2	0.9889598068340982	2.7441573173640745	230.0	23	1.05	0.95				
	213	2	105.49110655263159	21.496300957894736	0.0	0.0	2	0.9827192980502645	0.4569993842499529	230.0	24	1.05	0.95				
	214	2	77.22745158947369	15.525106247368422	0.0	0.0	2	0.9831561955508692	-1.5940592150252808	230.0	26	1.05	0.95				
	215	2	126.19124821578947	25.477097431578947	0.0	0.0	2	0.9935607004547655	2.0214573403686287	230.0	26	1.05	0.95				
	216	2	39.8079647368421	7.9615929473684215	0.0	0.0	2	0.990861186960221	1.9518326393109906	230.0	26	1.05	0.95				
	217	1	0.0	0.0	0.0	0.0	2	1.0016537621666037	2.696874634202246	230.0	27	1.05	0.95				
	218	2	132.5605225736842	27.069416021052632	0.0	0.0	2	1.0020287309512061	2.290139845963319	230.0	27	1.05	0.95				
	219	1	72.05241617368421	14.728946952631578	0.0	0.0	2	0.9837978656672215	3.1091295609751732	230.0	25	1.05	0.95				
	220	1	50.954194863157895	10.350070831578947	0.0	0.0	2	0.980971571515905	4.972427432837847	230.0	25	1.05	0.95				
	221	2	0.0	0.0	0.0	0.0	2	1.0042283956494704	2.8992463959693495	230.0	27	1.05	0.95				
	222	2	0.0	0.0	0.0	0.0	2	1.0221642926644974	8.605962410310728	230.0	27	1.05	0.95				
	223	2	0.0	0.0	0.0	0.0	2	0.9807246833615957	6.338315091374576	230.0	25	1.05	0.95				
	224	1	0.0	0.0	0.0	0.0	2	0.9848119484615192	-1.2175696213276708	230.0	26	1.05	0.95				
	301	2	54.51249603789473	11.104397341052632	0.0	0.0	3	1.0062974836019682	24.77876602420088	138.0	31	1.05	0.95				
	302	2	48.96029736736842	10.09490667368421	0.0	0.0	3	1.0065428458303236	24.72518445939459	138.0	32	1.05	0.95				
	303	1	90.85416006315789	18.675577346315787	0.0	0.0	3	0.9961609020031587	28.437727237997482	138.0	31	1.05	0.95				
	304	1	37.351154692631575	7.571180005263158	0.0	0.0	3	0.9983474928944018	26.632576114737297	138.0	31	1.05	0.95				
	305	1	35.836918691578944	7.066434671578947	0.0	0.0	3	1.0140458882590666	26.38491295771928	138.0	31	1.05	0.95				
	306	1	68.64536538105263	14.132869343157894	0.0	-100.0	3	1.0269657243234336	26.695829687036667	138.0	32	1.05	0.95				
	307	2	63.09316671052632	12.618633342105262	0.0	0.0	3	0.9700258818297627	23.90244036877596	138.0	32	1.05	0.95				
	308	1	86.31145206	17.666086678947366	0.0	0.0	3	0.9844523360746096	26.162529239203106	138.0	32	1.05	0.95				
	309	1	88.33043339473683	18.17083201263158	0.0	0.0	3	1.0089617021282202	30.333637751808055	138.0	33	1.05	0.95				
	310	1	98.42534006842104	20.18981334736842	0.0	0.0	3	1.0364100421978613	29.66186915053908	138.0	33	1.05	0.95				
	311	1	0.0	0.0	0.0	0.0	3	0.9889579992589337	35.09033766064879	230.0	33	1.05	0.95				
	312	1	0.0	0.0	0.0	0.0	3	0.9966912653525124	35.34604857613064	230.0	33	1.05	0.95				
	313	2	133.75751342631577	27.256248018947364	0.0	0.0	3	1.00005558198262	40.67312062432737	230.0	34	1.05	0.95				
	314	2	97.92059473473684	19.68506801368421	0.0	0.0	3	0.9810576782420967	35.39327256604979	230.0	36	1.05	0.95				
	315	2	160.00427077789473	32.30370135578947	0.0	0.0	3	0.9853510803508271	31.93340355220443	230.0	36	1.05	0.95				
	316	2	50.47453336842105	10.09490667368421	0.0	0.0	3	0.9772317841785911	33.21544348016314	230.0	36	1.05	0.95				
	317	1	0.0	0.0	0.0	0.0	3	0.9916491878642357	35.25548778896497	230.0	37	1.05	0.95				
	318	2	168.08019611684207	34.322682690526314	0.0	0.0	3	0.9861368546006535	31.41032125573219	230.0	37	1.05	0.95				
	319	1	91.3589053968421	18.675577346315787	0.0	0.0	3	0.9869121725865907	33.7576742309231	230.0	35	1.05	0.95				
	320	1	64.60740271157894	13.123378675789473	0.0	0.0	3	0.9957083198268765	33.62320794473334	230.0	35	1.05	0.95				
	321	2	0.0	0.0	0.0	0.0	3	0.9939198619471408	32.1693604785009	230.0	37	1.05	0.95				
	322	2	0.0	0.0	0.0	0.0	3	1.0119712431847663	37.02682289088084	230.0	37	1.05	0.95				
	323	2	0.0	0.0	0.0	0.0	3	0.9998152399613173	33.21592714997401	230.0	35	1.05	0.95				
	324	1	0.0	0.0	0.0	0.0	3	0.9861070494159618	32.560346958807756	230.0	36	1.05	0.95				
	325	1	0.0	0.0	0.0	0.0	3	1.0009285057855222	31.974538557622353	230.0	35	1.05	0.95				
];
