%% MATPOWER Case Format : Version 2
function mpc = RTS_GMLC
mpc.version = '2';

%%-----  Power Flow Data  -----%%
%% system MVA base
mpc.baseMVA = 100.0;
%% bus data
%    bus_i    type    Pd    Qd    Gs    Bs    area    Vm    Va    baseKV    zone    Vmax    Vmin
mpc.bus = [
	101	2	58.92973776	12.00420584	0.0	0.0	1	1.0354510315890866	2.566725999568825	138.0	11	1.05	0.95				
	102	2	52.92763484	10.912914400000002	0.0	0.0	1	1.0354912039437332	2.533937125908854	138.0	12	1.05	0.95				
	103	1	98.2162296	20.18889164	0.0	0.0	1	1.0262503826064795	0.4108873134031542	138.0	11	1.05	0.95				
	104	1	40.37778328	8.184685799999999	0.0	0.0	1	1.0205172695035898	-0.9641386543771184	138.0	11	1.05	0.95				
	105	1	38.74084612	7.639040080000001	0.0	0.0	1	1.0351678062086964	-0.7997309654990087	138.0	11	1.05	0.95				
	106	1	74.20781792000001	15.278080160000002	0.0	-100.0	1	1.0424825106352835	-3.191842664745404	138.0	12	1.05	0.95				
	107	2	68.205715	13.641143	0.0	0.0	1	1.0327231824256573	-1.5829916410153446	138.0	12	1.05	0.95				
	108	1	93.30541812	19.0976002	0.0	0.0	1	1.0213867979256666	-3.4978365648628924	138.0	12	1.05	0.95				
	109	1	95.488001	19.64324592	0.0	0.0	1	1.02564928246491	-1.6289455749501038	138.0	13	1.05	0.95				
	110	1	106.4009154	21.825828800000004	0.0	0.0	1	1.05	-2.502280665321861	138.0	13	1.05	0.95				
	111	1	0.0	0.0	0.0	0.0	1	1.0061888853141538	-0.06266063800758988	230.0	13	1.05	0.95				
	112	1	0.0	0.0	0.0	0.0	1	1.0109016468392946	0.43645008341559555	230.0	13	1.05	0.95				
	113	3	144.5961158	29.46486888	0.0	0.0	1	0.9993660626471037	2.4252712528196902e-30	230.0	14	1.05	0.95				
	114	2	105.85526968	21.28018308	0.0	0.0	1	1.0039221708543473	1.9951016202485963	230.0	16	1.05	0.95				
	115	2	172.96969324	34.92132608	0.0	0.0	1	1.041104096104514	8.48271261945962	230.0	16	1.05	0.95				
	116	2	54.564572	10.912914400000002	0.0	0.0	1	1.0374635868991766	8.106426547625476	230.0	16	1.05	0.95				
	117	1	0.0	0.0	0.0	0.0	1	1.0448515935805527	10.627996438600853	230.0	17	1.05	0.95				
	118	2	181.70002476	37.103908960000005	0.0	0.0	1	1.0481470098593306	10.999102763985025	230.0	17	1.05	0.95				
	119	1	98.76187532	20.18889164	0.0	0.0	1	1.0306033005178608	6.845933598204478	230.0	15	1.05	0.95				
	120	1	69.84265216	14.186788720000001	0.0	0.0	1	1.0290644078149631	6.795316727610909	230.0	15	1.05	0.95				
	121	2	0.0	0.0	0.0	0.0	1	1.05	11.077099908662596	230.0	17	1.05	0.95				
	122	2	0.0	0.0	0.0	0.0	1	1.05	18.029758544433587	230.0	17	1.05	0.95				
	123	2	0.0	0.0	0.0	0.0	1	1.0293093037594754	7.18307987693711	230.0	15	1.05	0.95				
	124	1	0.0	0.0	0.0	0.0	1	1.0252262019507026	5.47780313231009	230.0	16	1.05	0.95				
	201	2	57.20447031157896	11.652762470877196	0.0	0.0	2	1.0325736140660964	-7.149386275941874	138.0	21	1.05	0.95				
	202	2	51.378089076140355	10.593420428070177	0.0	0.0	2	1.0327224635190522	-7.216933972556753	138.0	22	1.05	0.95				
	203	1	95.34078385263159	19.597827791929827	0.0	0.0	2	1.0246956630744792	-5.7033249414214255	138.0	21	1.05	0.95				
	204	1	39.195655583859654	7.945065321052633	0.0	0.0	2	1.0189966376832602	-9.666621422067578	138.0	21	1.05	0.95				
	205	1	37.60664251964913	7.415394299649125	0.0	0.0	2	1.034345146916733	-9.882106154413455	138.0	21	1.05	0.95				
	206	1	72.0352589108772	14.83078859929825	0.0	-100.0	2	1.0427293684817276	-11.922542730362876	138.0	22	1.05	0.95				
	207	2	66.2088776754386	13.241775535087722	0.0	0.0	2	0.9872699249723921	-19.95952067935592	138.0	22	1.05	0.95				
	208	1	90.57374466000002	18.53848574912281	0.0	0.0	2	0.9912855456888066	-17.478391828516116	138.0	22	1.05	0.95				
	209	1	92.69242874561405	19.06815677052632	0.0	0.0	2	1.0237501389323105	-9.520866513192118	138.0	23	1.05	0.95				
	210	1	103.28584917368421	21.186840856140353	0.0	0.0	2	1.05	-10.979029836029687	138.0	23	1.05	0.95				
	211	1	0.0	0.0	0.0	0.0	2	1.0106936176047188	-6.809698847124645	230.0	23	1.05	0.95				
	212	1	0.0	0.0	0.0	0.0	2	1.0133277860002832	-6.164542413048697	230.0	23	1.05	0.95				
	213	2	140.36282067192985	28.60223515578948	0.0	0.0	2	1.0074816310003307	-5.9040908432844565	230.0	24	1.05	0.95				
	214	2	102.75617815228071	20.657169834736848	0.0	0.0	2	1.015062366476306	-4.100892195592604	230.0	26	1.05	0.95				
	215	2	167.9057137849123	33.89894536982457	0.0	0.0	2	1.0327680259633776	3.0589430374109288	230.0	26	1.05	0.95				
	216	2	52.96710214035089	10.593420428070177	0.0	0.0	2	1.0354314671490008	2.924211245635672	230.0	26	1.05	0.95				
	217	1	0.0	0.0	0.0	0.0	2	1.0393173058699536	5.8916720567516165	230.0	27	1.05	0.95				
	218	2	176.38045012736845	36.0176294554386	0.0	0.0	2	1.0408930028295433	6.380131583719216	230.0	27	1.05	0.95				
	219	1	95.8704548740351	19.597827791929827	0.0	0.0	2	1.0357418517165349	1.9747832578629627	230.0	25	1.05	0.95				
	220	1	67.79789073964913	13.771446556491233	0.0	0.0	2	1.0400919242121875	2.1626931482392666	230.0	25	1.05	0.95				
	221	2	0.0	0.0	0.0	0.0	2	1.0404531796857808	6.029606133760829	230.0	27	1.05	0.95				
	222	2	0.0	0.0	0.0	0.0	2	1.05	12.478188574707122	230.0	27	1.05	0.95				
	223	2	0.0	0.0	0.0	0.0	2	1.0435090849652051	2.6577957727740587	230.0	25	1.05	0.95				
	224	1	0.0	0.0	0.0	0.0	2	1.0187717602439326	-0.2285110915589087	230.0	26	1.05	0.95				
	301	2	60.098702930526315	12.242328374736841	0.0	0.0	3	1.0069175690009258	-29.760900880191464	138.0	31	1.05	0.95				
	302	2	53.97753874315789	11.129389431578947	0.0	0.0	3	1.0063183390673487	-29.904196288123355	138.0	32	1.05	0.95				
	303	1	100.16450488421052	20.58937044842105	0.0	0.0	3	1.0212416704263343	-22.536882686095474	138.0	31	1.05	0.95				
	304	1	41.1787408968421	8.347042073684209	0.0	0.0	3	1.007094234959456	-27.99582702361458	138.0	31	1.05	0.95				
	305	1	39.50933248210526	7.790572602105263	0.0	0.0	3	1.0208414153261667	-28.941250787131466	138.0	31	1.05	0.95				
	306	1	75.67984813473684	15.581145204210525	0.0	-100.0	3	1.036197638808979	-29.109837123435355	138.0	32	1.05	0.95				
	307	2	69.55868394736842	13.911736789473682	0.0	0.0	3	0.994331454307344	-34.00009087026883	138.0	32	1.05	0.95				
	308	1	95.15627964	19.476431505263157	0.0	0.0	3	0.9959054336541813	-32.02149203923087	138.0	32	1.05	0.95				
	309	1	97.38215752631578	20.032900976842104	0.0	0.0	3	1.0268855862857826	-24.167035198314647	138.0	33	1.05	0.95				
	310	1	108.51154695789474	22.258778863157893	0.0	0.0	3	1.05	-26.33519728367727	138.0	33	1.05	0.95				
	311	1	0.0	0.0	0.0	0.0	3	1.0174660089724616	-19.101966223309482	230.0	33	1.05	0.95				
	312	1	0.0	0.0	0.0	0.0	3	1.0172174458394276	-18.59490349371891	230.0	33	1.05	0.95				
	313	2	147.46440996842102	30.049351465263157	0.0	0.0	3	1.0245549577067892	-15.46661789735477	230.0	34	1.05	0.95				
	314	2	107.95507748631579	21.702309391578947	0.0	0.0	3	1.0289210633759365	-16.188846188640646	230.0	36	1.05	0.95				
	315	2	176.4008224905263	35.61404618105263	0.0	0.0	3	1.0488807410687793	-9.147912880532596	230.0	36	1.05	0.95				
	316	2	55.64694715789473	11.129389431578947	0.0	0.0	3	1.049021167706655	-8.759057332694088	230.0	36	1.05	0.95				
	317	1	0.0	0.0	0.0	0.0	3	1.05	-5.6909134489237045	230.0	37	1.05	0.95				
	318	2	185.30433403578945	37.83992406736842	0.0	0.0	3	1.0488811009259014	-5.494048278679458	230.0	37	1.05	0.95				
	319	1	100.72097435578947	20.58937044842105	0.0	0.0	3	1.046048816104125	-10.070420742752392	230.0	35	1.05	0.95				
	320	1	71.22809236210526	14.468206261052629	0.0	0.0	3	1.047912632603841	-10.170346739266332	230.0	35	1.05	0.95				
	321	2	0.0	0.0	0.0	0.0	3	1.05	-5.050859085122743	230.0	37	1.05	0.95				
	322	2	0.0	0.0	0.0	0.0	3	1.05	0.4745303947360751	230.0	37	1.05	0.95				
	323	2	0.0	0.0	0.0	0.0	3	1.049999983223055	-9.818043615731106	230.0	35	1.05	0.95				
	324	1	0.0	0.0	0.0	0.0	3	1.02146326755694	-14.088810231917318	230.0	36	1.05	0.95				
	325	1	0.0	0.0	0.0	0.0	3	1.0419830218606614	-8.126637970148241	230.0	35	1.05	0.95				
];

%% generator data
%    bus    Pg    Qg    Qmax    Qmin    Vg    mBase    status    Pmax    Pmin    Pc1    Pc2    Qc1min    Qc1max    Qc2min    Qc2max    ramp_agc    ramp_10    ramp_30    ramp_q    apf
