%% MATPOWER Case Format : Version 2
function mpc = RTS_GMLC
mpc.version = '2';

%%-----  Power Flow Data  -----%%
%% system MVA base
mpc.baseMVA = 100.0;
%% bus data
%    bus_i    type    Pd    Qd    Gs    Bs    area    Vm    Va    baseKV    zone    Vmax    Vmin
mpc.bus = [
	101	2	44.15388423157896	8.994309750877195	0.0	0.0	1	1.0129919558435039	1.1158736832278715	138.0	11	1.05	0.95				
	102	2	39.65672935614035	8.176645228070177	0.0	0.0	1	1.0107790552424691	0.5013858522806696	138.0	12	1.05	0.95				
	103	1	73.58980705263158	15.126793671929825	0.0	0.0	1	1.0267861518833876	2.3316678638593515	138.0	11	1.05	0.95				
	104	1	30.25358734385965	6.132483921052632	0.0	0.0	1	1.0128761911641828	-1.5663710416060745	138.0	11	1.05	0.95				
	105	1	29.027090559649128	5.723651659649124	0.0	0.0	1	1.0259085702606914	-1.63342917938251	138.0	11	1.05	0.95				
	106	1	55.601187550877206	11.447303319298248	0.0	-100.0	1	1.0409269688990497	-3.702111407562338	138.0	12	1.05	0.95				
	107	2	51.1040326754386	10.22080653508772	0.0	0.0	1	0.9855415061168452	-9.096235915172613	138.0	12	1.05	0.95				
	108	1	69.91031670000001	14.309129149122807	0.0	0.0	1	0.9961478908261923	-7.523283752047138	138.0	12	1.05	0.95				
	109	1	71.54564574561404	14.717961410526318	0.0	0.0	1	1.0253591895577898	-1.7326017264474765	138.0	13	1.05	0.95				
	110	1	79.72229097368422	16.353290456140353	0.0	0.0	1	1.05	-3.063227532099718	138.0	13	1.05	0.95				
	111	1	0.0	0.0	0.0	0.0	1	1.0171601460372701	0.5617740611124634	230.0	13	1.05	0.95				
	112	1	0.0	0.0	0.0	0.0	1	1.0122238409474937	-0.4062888118765972	230.0	13	1.05	0.95				
	113	3	108.34054927192985	22.07694211578948	0.0	0.0	1	0.9931055308546309	1.170554147550669e-28	230.0	14	1.05	0.95				
	114	2	79.3134587122807	15.944458194736843	0.0	0.0	1	1.044604947917949	3.938119030556225	230.0	16	1.05	0.95				
	115	2	129.5998268649123	26.165264729824568	0.0	0.0	1	1.042780122185618	13.068424699062474	230.0	16	1.05	0.95				
	116	2	40.88322614035088	8.176645228070177	0.0	0.0	1	1.0427855865966469	11.345169548220431	230.0	16	1.05	0.95				
	117	1	0.0	0.0	0.0	0.0	1	1.041303570885227	17.181237188840374	230.0	17	1.05	0.95				
	118	2	136.14114304736844	27.800593775438603	0.0	0.0	1	1.049627582717255	17.701144950230773	230.0	17	1.05	0.95				
	119	1	73.9986393140351	15.126793671929825	0.0	0.0	1	1.0378832680575463	7.344847219297635	230.0	15	1.05	0.95				
	120	1	52.330529459649135	10.62963879649123	0.0	0.0	1	1.0397925873245302	4.640984576236299	230.0	15	1.05	0.95				
	121	2	0.0	0.0	0.0	0.0	1	1.043353215642869	19.220677522140303	230.0	17	1.05	0.95				
	122	2	0.0	0.0	0.0	0.0	1	1.05	37.181111721460304	230.0	17	1.05	0.95				
	123	2	0.0	0.0	0.0	0.0	1	1.0418030886233463	3.4639114581727144	230.0	15	1.05	0.95				
	124	1	0.0	0.0	0.0	0.0	1	1.0233715214083166	9.067703230600493	230.0	16	1.05	0.95				
	201	2	40.884621423157895	8.328348808421053	0.0	0.0	2	1.0130881599309556	-12.504994209774745	138.0	21	1.05	0.95				
	202	2	36.72044701894737	7.571226189473684	0.0	0.0	2	1.0122607527201668	-12.779179531047301	138.0	22	1.05	0.95				
	203	1	68.14103570526316	14.006768450526316	0.0	0.0	2	1.0127179862765878	-8.9333116010833	138.0	21	1.05	0.95				
	204	1	28.013536901052632	5.678419642105263	0.0	0.0	2	1.0120367597523197	-12.433283398187767	138.0	21	1.05	0.95				
	205	1	26.877852972631576	5.29985833263158	0.0	0.0	2	1.0270099088884306	-12.828014902501728	138.0	21	1.05	0.95				
	206	1	51.484338088421055	10.59971666526316	0.0	-100.0	2	1.042937211215811	-13.496997879682846	138.0	22	1.05	0.95				
	207	2	47.32016368421053	9.464032736842105	0.0	0.0	2	0.995906346363733	-17.983815093043674	138.0	22	1.05	0.95				
	208	1	64.73398392	13.249645831578945	0.0	0.0	2	1.0024362569893852	-16.304419417802514	138.0	22	1.05	0.95				
	209	1	66.24822915789473	13.62820714105263	0.0	0.0	2	1.0224502745122137	-10.576782970776486	138.0	23	1.05	0.95				
	210	1	73.81945534736842	15.142452378947368	0.0	0.0	2	1.05	-11.930478649067423	138.0	23	1.05	0.95				
	211	1	0.0	0.0	0.0	0.0	2	1.0054070216306894	-7.646452899670263	230.0	23	1.05	0.95				
	212	1	0.0	0.0	0.0	0.0	2	1.006575623510981	-6.800485487224517	230.0	23	1.05	0.95				
	213	2	100.31874701052632	20.442310711578948	0.0	0.0	2	0.9999796024089508	-6.161051921733282	230.0	24	1.05	0.95				
	214	2	73.44089403789474	14.763891069473683	0.0	0.0	2	1.0075136256269728	-5.224708904855149	230.0	26	1.05	0.95				
	215	2	120.0039351031579	24.22792380631579	0.0	0.0	2	1.0235846006814036	0.5594761930938813	230.0	26	1.05	0.95				
	216	2	37.85613094736842	7.571226189473684	0.0	0.0	2	1.0254992556751958	0.4829692066814686	230.0	26	1.05	0.95				
	217	1	0.0	0.0	0.0	0.0	2	1.0330909709789686	1.8840178183527476	230.0	27	1.05	0.95				
	218	2	126.06091605473684	25.742169044210527	0.0	0.0	2	1.0313068161770436	1.4682834235236926	230.0	27	1.05	0.95				
	219	1	68.51959701473685	14.006768450526316	0.0	0.0	2	1.0246009662015754	0.652232843827478	230.0	25	1.05	0.95				
	220	1	48.45584761263158	9.84259404631579	0.0	0.0	2	1.0261370257566023	1.542125879104612	230.0	25	1.05	0.95				
	221	2	0.0	0.0	0.0	0.0	2	1.0317654665175318	1.9630732593070688	230.0	27	1.05	0.95				
	222	2	0.0	0.0	0.0	0.0	2	1.05	8.426852109376771	230.0	27	1.05	0.95				
	223	2	0.0	0.0	0.0	0.0	2	1.0275517948071298	2.3229639343795836	230.0	25	1.05	0.95				
	224	1	0.0	0.0	0.0	0.0	2	1.0078200508495154	-2.9927926194719188	230.0	26	1.05	0.95				
	301	2	45.236317604210534	9.214805437894737	0.0	0.0	3	1.0080941592573638	-4.7704125127318635	138.0	31	1.05	0.95				
	302	2	40.628914885263164	8.37709585263158	0.0	0.0	3	1.007988832189884	-4.8431120305331605	138.0	32	1.05	0.95				
	303	1	75.39386267368423	15.497627327368422	0.0	0.0	3	1.0248544420617964	0.10944053114914348	138.0	31	1.05	0.95				
	304	1	30.995254654736843	6.282821889473684	0.0	0.0	3	1.0120433553922124	-3.0073143165529324	138.0	31	1.05	0.95				
	305	1	29.738690276842107	5.8639670968421065	0.0	0.0	3	1.0236745719925142	-4.307055785470499	138.0	31	1.05	0.95				
	306	1	56.96425179789475	11.727934193684213	0.0	-100.0	3	1.0407330425512877	-4.541756140221491	138.0	32	1.05	0.95				
	307	2	52.35684907894738	10.471369815789474	0.0	0.0	3	0.9928633259278361	-8.592548317959805	138.0	32	1.05	0.95				
	308	1	71.62416954000001	14.659917742105263	0.0	0.0	3	1.0003763089756406	-6.728022400778543	138.0	32	1.05	0.95				
	309	1	73.29958871052632	15.078772534736842	0.0	0.0	3	1.0288501673596255	0.19452034398392035	138.0	33	1.05	0.95				
	310	1	81.67668456315789	16.75419170526316	0.0	0.0	3	1.05	-2.4947058092232597	138.0	33	1.05	0.95				
	311	1	0.0	0.0	0.0	0.0	3	1.007834405370199	2.954841634971068	230.0	33	1.05	0.95				
	312	1	0.0	0.0	0.0	0.0	3	1.010583038789867	3.3322073531969942	230.0	33	1.05	0.95				
	313	2	110.99652004736842	22.618158802105267	0.0	0.0	3	1.00864239357955	6.111978719230866	230.0	34	1.05	0.95				
	314	2	81.25782977052633	16.335336912631583	0.0	0.0	3	1.0061236161525293	4.4248551010621275	230.0	36	1.05	0.95				
	315	2	132.77696926421055	26.806706728421055	0.0	0.0	3	1.0368858074190113	8.360219122013028	230.0	36	1.05	0.95				
	316	2	41.8854792631579	8.37709585263158	0.0	0.0	3	1.0356301364630733	8.944315064086924	230.0	36	1.05	0.95				
	317	1	0.0	0.0	0.0	0.0	3	1.0479759936393689	13.394801165982576	230.0	37	1.05	0.95				
	318	2	139.4786459463158	28.482125898947373	0.0	0.0	3	1.0444045424930137	10.950660596262399	230.0	37	1.05	0.95				
	319	1	75.8127174663158	15.497627327368422	0.0	0.0	3	1.026106056918959	8.002339558899303	230.0	35	1.05	0.95				
	320	1	53.61341345684211	10.890224608421054	0.0	0.0	3	1.0206924047989723	7.9931794200592945	230.0	35	1.05	0.95				
	321	2	0.0	0.0	0.0	0.0	3	1.0434435230028776	10.720987486093168	230.0	37	1.05	0.95				
	322	2	0.0	0.0	0.0	0.0	3	1.05	16.106645673920795	230.0	37	1.05	0.95				
	323	2	0.0	0.0	0.0	0.0	3	1.0182391863475313	8.317199927976052	230.0	35	1.05	0.95				
	324	1	0.0	0.0	0.0	0.0	3	1.021918589567008	5.278810608179605	230.0	36	1.05	0.95				
	325	1	0.0	0.0	0.0	0.0	3	1.017879995281606	9.252163803402897	230.0	35	1.05	0.95				
];
