%% MATPOWER Case Format : Version 2
function mpc = RTS_GMLC
mpc.version = '2';

%%-----  Power Flow Data  -----%%
%% system MVA base
mpc.baseMVA = 100.0;
%% bus data
%    bus_i    type    Pd    Qd    Gs    Bs    area    Vm    Va    baseKV    zone    Vmax    Vmin
mpc.bus = [
	101	2	37.64769915789474	7.668975754385965	0.0	0.0	1	1.0078438948542559	-0.031363237858708676	138.0	11	1.05	0.95				
	102	2	33.81321128070176	6.971796140350878	0.0	0.0	1	1.0059475086590322	-0.6240373654271983	138.0	12	1.05	0.95				
	103	1	62.746165263157906	12.897822859649125	0.0	0.0	1	1.024418496811828	3.272172331900578	138.0	11	1.05	0.95				
	104	1	25.79564571929825	5.228847105263158	0.0	0.0	1	1.0106592718973344	-1.9475649011120364	138.0	11	1.05	0.95				
	105	1	24.749876298245617	4.880257298245614	0.0	0.0	1	1.0244258501555559	-2.1405177364834582	138.0	11	1.05	0.95				
	106	1	47.40821375438597	9.760514596491229	0.0	-100.0	1	1.0417705658479122	-3.811874712059363	138.0	12	1.05	0.95				
	107	2	43.573725877192985	8.714745175438598	0.0	0.0	1	0.982997805750979	-11.240212504752733	138.0	12	1.05	0.95				
	108	1	59.608857	12.200643245614035	0.0	0.0	1	0.9948098815941376	-8.507384499352705	138.0	12	1.05	0.95				
	109	1	61.00321622807018	12.549233052631578	0.0	0.0	1	1.023778683971592	-1.5575870447332467	138.0	13	1.05	0.95				
	110	1	67.97501236842105	13.943592280701756	0.0	0.0	1	1.05	-3.1090706347225976	138.0	13	1.05	0.95				
	111	1	0.0	0.0	0.0	0.0	1	1.0135736048062416	1.0017459291674788	230.0	13	1.05	0.95				
	112	1	0.0	0.0	0.0	0.0	1	1.0116429178036088	-0.47884535531818767	230.0	13	1.05	0.95				
	113	3	92.37629885964913	18.82384957894737	0.0	0.0	1	0.9934679261524018	4.229597660554365e-30	230.0	14	1.05	0.95				
	114	2	67.62642256140352	13.595002473684211	0.0	0.0	1	1.036739073630018	5.1535864959779305	230.0	16	1.05	0.95				
	115	2	110.5029688245614	22.30974764912281	0.0	0.0	1	1.0372728548405803	15.423320260079976	230.0	16	1.05	0.95				
	116	2	34.85898070175439	6.971796140350878	0.0	0.0	1	1.036116361065399	13.27419028412092	230.0	16	1.05	0.95				
	117	1	0.0	0.0	0.0	0.0	1	1.0362653827290353	19.76108844734633	230.0	17	1.05	0.95				
	118	2	116.08040573684211	23.704106877192984	0.0	0.0	1	1.0460382571421059	20.55355678833468	230.0	17	1.05	0.95				
	119	1	63.094755070175445	12.897822859649125	0.0	0.0	1	1.031513455926246	8.313813928973886	230.0	15	1.05	0.95				
	120	1	44.61949529824562	9.06333498245614	0.0	0.0	1	1.0351983413916348	4.677521818945827	230.0	15	1.05	0.95				
	121	2	0.0	0.0	0.0	0.0	1	1.0402567614686828	22.197951674135005	230.0	17	1.05	0.95				
	122	2	0.0	0.0	0.0	0.0	1	1.05	40.18372531745814	230.0	17	1.05	0.95				
	123	2	0.0	0.0	0.0	0.0	1	1.038580172217717	2.952878483221196	230.0	15	1.05	0.95				
	124	1	0.0	0.0	0.0	0.0	1	1.0172651687125998	10.879941428038672	230.0	16	1.05	0.95				
	201	2	44.4545883663158	9.055564296842105	0.0	0.0	2	1.0064455833923165	-20.206431354950386	138.0	21	1.05	0.95				
	202	2	39.926806217894736	8.23233117894737	0.0	0.0	2	1.0056836676806151	-20.536589827221643	138.0	22	1.05	0.95				
	203	1	74.09098061052632	15.229812681052632	0.0	0.0	2	1.0092304084739399	-14.796498625323737	138.0	21	1.05	0.95				
	204	1	30.459625362105264	6.174248384210526	0.0	0.0	2	1.0080138728826047	-20.230136891831197	138.0	21	1.05	0.95				
	205	1	29.224775685263154	5.762631825263158	0.0	0.0	2	1.0231584284333024	-20.794405158982883	138.0	21	1.05	0.95				
	206	1	55.979852016842116	11.525263650526316	0.0	-100.0	2	1.0403493506462034	-21.642595052902955	138.0	22	1.05	0.95				
	207	2	51.452069868421056	10.290413973684212	0.0	0.0	2	0.9894967877467146	-26.505949621706	138.0	22	1.05	0.95				
	208	1	70.38643157999999	14.406579563157894	0.0	0.0	2	0.9972384646291327	-24.66678846975906	138.0	22	1.05	0.95				
	209	1	72.03289781578948	14.818196122105261	0.0	0.0	2	1.0218121807452059	-18.26602512395587	138.0	23	1.05	0.95				
	210	1	80.26522899473683	16.46466235789474	0.0	0.0	2	1.05	-20.049384142111734	138.0	23	1.05	0.95				
	211	1	0.0	0.0	0.0	0.0	2	1.0087358596281333	-15.354527346000797	230.0	23	1.05	0.95				
	212	1	0.0	0.0	0.0	0.0	2	1.0146525428854984	-14.972344304729727	230.0	23	1.05	0.95				
	213	2	109.07838812105264	22.2272941831579	0.0	0.0	2	1.0086165879597084	-14.374287787814376	230.0	24	1.05	0.95				
	214	2	79.85361243578947	16.05304579894737	0.0	0.0	2	1.0107481655375046	-12.333034284604581	230.0	26	1.05	0.95				
	215	2	130.4824491863158	26.34345977263158	0.0	0.0	2	1.0266785594444852	-4.624857073913418	230.0	26	1.05	0.95				
	216	2	41.161655894736846	8.23233117894737	0.0	0.0	2	1.0309088663950055	-5.615878107474901	230.0	26	1.05	0.95				
	217	1	0.0	0.0	0.0	0.0	2	1.0345606582286995	-2.9842639101877575	230.0	27	1.05	0.95				
	218	2	137.0683141294737	27.989926008421058	0.0	0.0	2	1.0333346120489417	-3.5416375133351345	230.0	27	1.05	0.95				
	219	1	74.50259716947369	15.229812681052632	0.0	0.0	2	1.037046582431517	-6.72263214406213	230.0	25	1.05	0.95				
	220	1	52.68691954526316	10.702030532631579	0.0	0.0	2	1.0451474748094391	-6.886753908501275	230.0	25	1.05	0.95				
	221	2	0.0	0.0	0.0	0.0	2	1.0338723612102527	-3.099399941339777	230.0	27	1.05	0.95				
	222	2	0.0	0.0	0.0	0.0	2	1.05	3.442650161141561	230.0	27	1.05	0.95				
	223	2	0.0	0.0	0.0	0.0	2	1.05	-6.673511225077392	230.0	25	1.05	0.95				
	224	1	0.0	0.0	0.0	0.0	2	1.0076207573491953	-8.407245133449308	230.0	26	1.05	0.95				
	301	2	54.2049984	11.041758933333332	0.0	0.0	3	1.0344308620158227	8.7816233871543	138.0	31	1.05	0.95				
	302	2	48.68411893333333	10.037962666666667	0.0	0.0	3	1.0300084276313592	8.446631012953977	138.0	32	1.05	0.95				
	303	1	90.341664	18.570230933333335	0.0	0.0	3	1.05	24.865771564076056	138.0	31	1.05	0.95				
	304	1	37.14046186666667	7.528472	0.0	0.0	3	1.0122408335999542	10.14090508950486	138.0	31	1.05	0.95				
	305	1	35.634767466666666	7.026573866666667	0.0	0.0	3	1.032576347710834	7.497514301325931	138.0	31	1.05	0.95				
	306	1	68.25814613333334	14.053147733333335	0.0	-100.0	3	1.0378666541234625	6.186455388984044	138.0	32	1.05	0.95				
	307	2	62.73726666666667	12.547453333333333	0.0	0.0	3	0.95	1.538338193838482	138.0	32	1.05	0.95				
	308	1	85.82458079999999	17.566434666666666	0.0	0.0	3	0.9666215202801705	3.8447932658864437	138.0	32	1.05	0.95				
	309	1	87.83217333333333	18.0683328	0.0	0.0	3	1.0143258150957495	13.641413854278493	138.0	33	1.05	0.95				
	310	1	97.870136	20.075925333333334	0.0	0.0	3	1.0426712783409193	7.791589500060544	138.0	33	1.05	0.95				
	311	1	0.0	0.0	0.0	0.0	3	1.000115887395507	12.3766049274479	230.0	33	1.05	0.95				
	312	1	0.0	0.0	0.0	0.0	3	1.0053092393207494	12.984177370325458	230.0	33	1.05	0.95				
	313	2	133.00300533333333	27.1024992	0.0	0.0	3	1.0015712043543075	14.784413602558566	230.0	34	1.05	0.95				
	314	2	97.36823786666666	19.5740272	0.0	0.0	3	0.9946215372524919	12.049911410053312	230.0	36	1.05	0.95				
	315	2	159.10170826666666	32.12148053333333	0.0	0.0	3	1.0460637580377794	14.810132074115666	230.0	36	1.05	0.95				
	316	2	50.18981333333333	10.037962666666667	0.0	0.0	3	1.0294536252157072	14.635722815605789	230.0	36	1.05	0.95				
	317	1	0.0	0.0	0.0	0.0	3	1.05	18.241725903092416	230.0	37	1.05	0.95				
	318	2	167.13207839999998	34.12907306666667	0.0	0.0	3	1.0498151436514584	14.802672286196374	230.0	37	1.05	0.95				
	319	1	90.84356213333334	18.570230933333335	0.0	0.0	3	1.0192224514485095	13.895530342767639	230.0	35	1.05	0.95				
	320	1	64.24296106666667	13.049351466666668	0.0	0.0	3	1.0141673456294842	14.236826506043945	230.0	35	1.05	0.95				
	321	2	0.0	0.0	0.0	0.0	3	1.05	15.467295997324062	230.0	37	1.05	0.95				
	322	2	0.0	0.0	0.0	0.0	3	1.05	20.904306166014884	230.0	37	1.05	0.95				
	323	2	0.0	0.0	0.0	0.0	3	1.0124097912778598	14.822356959461462	230.0	35	1.05	0.95				
	324	1	0.0	0.0	0.0	0.0	3	1.0444103999818208	18.6556390682262	230.0	36	1.05	0.95				
	325	1	0.0	0.0	0.0	0.0	3	1.0136676058979777	15.465505859220741	230.0	35	1.05	0.95				
];
