%% MATPOWER Case Format : Version 2
function mpc = RTS_GMLC
mpc.version = '2';

%%-----  Power Flow Data  -----%%
%% system MVA base
mpc.baseMVA = 100.0;
%% bus data
%    bus_i    type    Pd    Qd    Gs    Bs    area    Vm    Va    baseKV    zone    Vmax    Vmin
mpc.bus = [
	101	2	85.43542801263159	17.40351311368421	0.0	0.0	1	1.0385755388455544	-0.6444937899541906	138.0	11	1.05	0.95				
	102	2	76.73367145578948	15.821375557894738	0.0	0.0	1	1.038515970060807	-0.7847256230228373	138.0	12	1.05	0.95				
	103	1	142.39238002105265	29.26954478210526	0.0	0.0	1	1.016491581669573	-0.6594488826471796	138.0	11	1.05	0.95				
	104	1	58.53908956421052	11.866031668421053	0.0	0.0	1	1.0183808349027652	-4.151274253567051	138.0	11	1.05	0.95				
	105	1	56.16588323052631	11.074962890526317	0.0	0.0	1	1.033202386172405	-4.482051084360893	138.0	11	1.05	0.95				
	106	1	107.58535379368422	22.149925781052634	0.0	-100.0	1	1.0358242212073814	-7.357647757117866	138.0	12	1.05	0.95				
	107	2	98.8835972368421	19.77671944736842	0.0	0.0	1	1.05	-7.837680043728809	138.0	12	1.05	0.95				
	108	1	135.27276102	27.687407226315784	0.0	0.0	1	1.0238198840401551	-9.106234830668331	138.0	12	1.05	0.95				
	109	1	138.43703613157894	28.478476004210524	0.0	0.0	1	1.0253941414489305	-4.2317264971056785	138.0	13	1.05	0.95				
	110	1	154.25841168947366	31.642751115789476	0.0	0.0	1	1.05	-5.904722278141262	138.0	13	1.05	0.95				
	111	1	0.0	0.0	0.0	0.0	1	1.0151732495902444	-0.9648845152351636	230.0	13	1.05	0.95				
	112	1	0.0	0.0	0.0	0.0	1	1.0174079835382746	-0.8156125323772107	230.0	13	1.05	0.95				
	113	3	209.63322614210526	42.717714006315795	0.0	0.0	1	1.0184213813833625	1.8338124952412576e-30	230.0	14	1.05	0.95				
	114	2	153.46734291157895	30.851682337894736	0.0	0.0	1	1.0200484801759817	2.3093816920700454	230.0	16	1.05	0.95				
	115	2	250.76880259263157	50.62840178526316	0.0	0.0	1	1.0387412733364105	13.026487265900231	230.0	16	1.05	0.95				
	116	2	79.10687778947369	15.821375557894738	0.0	0.0	1	1.0369691019010179	11.809401299570764	230.0	16	1.05	0.95				
	117	1	0.0	0.0	0.0	0.0	1	1.0409854792177846	17.033905339479002	230.0	17	1.05	0.95				
	118	2	263.42590303894735	53.79267689684211	0.0	0.0	1	1.04999998785461	17.44568369957165	230.0	17	1.05	0.95				
	119	1	143.18344879894738	29.26954478210526	0.0	0.0	1	1.0319652213033166	8.68265543315664	230.0	15	1.05	0.95				
	120	1	101.25680357052632	20.567788225263158	0.0	0.0	1	1.0362063436513522	7.384486342785854	230.0	15	1.05	0.95				
	121	2	0.0	0.0	0.0	0.0	1	1.05	18.8045893734766	230.0	17	1.05	0.95				
	122	2	0.0	0.0	0.0	0.0	1	1.05	35.15598571103856	230.0	17	1.05	0.95				
	123	2	0.0	0.0	0.0	0.0	1	1.040725477864731	7.260469862759002	230.0	15	1.05	0.95				
	124	1	0.0	0.0	0.0	0.0	1	1.0130599946194605	7.951537924352441	230.0	16	1.05	0.95				
	201	2	102.01605540631577	20.78104832350877	0.0	0.0	2	1.05	-21.510553666039435	138.0	21	1.05	0.95				
	202	2	91.62553124456139	18.8918621122807	0.0	0.0	2	1.05	-21.655265868756445	138.0	22	1.05	0.95				
	203	1	170.02675901052632	34.94994490771929	0.0	0.0	2	1.016668144978682	-15.102605457906876	138.0	21	1.05	0.95				
	204	1	69.89988981543858	14.168896584210525	0.0	0.0	2	1.0157034131533826	-22.32926168824097	138.0	21	1.05	0.95				
	205	1	67.06611049859647	13.224303478596491	0.0	0.0	2	1.035067235575708	-23.09279022701638	138.0	21	1.05	0.95				
	206	1	128.46466236350878	26.448606957192982	0.0	-100.0	2	1.0306528207827252	-24.88636692828339	138.0	22	1.05	0.95				
	207	2	118.07413820175437	23.614827640350875	0.0	0.0	2	0.95	-33.29595906425758	138.0	22	1.05	0.95				
	208	1	161.52542105999999	33.06075869649122	0.0	0.0	2	0.9509125341544998	-30.88950562923914	138.0	22	1.05	0.95				
	209	1	165.30379348245611	34.00535180210526	0.0	0.0	2	1.0191779568062505	-19.036707106051246	138.0	23	1.05	0.95				
	210	1	184.19565559473682	37.7837242245614	0.0	0.0	2	1.044237157387424	-21.740629533415667	138.0	23	1.05	0.95				
	211	1	0.0	0.0	0.0	0.0	2	1.0300087875744552	-14.036356823213652	230.0	23	1.05	0.95				
	212	1	0.0	0.0	0.0	0.0	2	1.0214865479823083	-10.225698839891686	230.0	23	1.05	0.95				
	213	2	250.31717298771926	51.008027703157886	0.0	0.0	2	1.05	-10.596639092884418	230.0	24	1.05	0.95				
	214	2	183.25106248912277	36.839131118947364	0.0	0.0	2	1.05	-11.031624536176922	230.0	26	1.05	0.95				
	215	2	299.4360144796491	60.453958759298246	0.0	0.0	2	1.0408176077592075	-0.4652675874614236	230.0	26	1.05	0.95				
	216	2	94.4593105614035	18.8918621122807	0.0	0.0	2	1.0450897467729008	-0.8693362241566039	230.0	26	1.05	0.95				
	217	1	0.0	0.0	0.0	0.0	2	1.0474975940708025	2.9662636766760566	230.0	27	1.05	0.95				
	218	2	314.54950416947366	64.23233118175439	0.0	0.0	2	1.0499999951279906	3.3092803870041076	230.0	27	1.05	0.95				
	219	1	170.97135211614034	34.94994490771929	0.0	0.0	2	1.039817773189088	-1.4776173495718703	230.0	25	1.05	0.95				
	220	1	120.90791751859649	24.55942074596491	0.0	0.0	2	1.0441825750406337	-0.2342043363161981	230.0	25	1.05	0.95				
	221	2	0.0	0.0	0.0	0.0	2	1.05	3.7884290723535567	230.0	27	1.05	0.95				
	222	2	0.0	0.0	0.0	0.0	2	1.05	9.97757096108597	230.0	27	1.05	0.95				
	223	2	0.0	0.0	0.0	0.0	2	1.05	1.129320713101337	230.0	25	1.05	0.95				
	224	1	0.0	0.0	0.0	0.0	2	1.0129748786962633	-5.885110996885148	230.0	26	1.05	0.95				
	301	2	97.90382789052633	19.943372348070177	0.0	0.0	3	1.0306440476526373	-6.393779324923451	138.0	31	1.05	0.95				
	302	2	87.93214171649123	18.130338498245617	0.0	0.0	3	1.028766245617099	-6.845036006507904	138.0	32	1.05	0.95				
	303	1	163.17304648421054	33.54112622175439	0.0	0.0	3	1.05	13.683422882506363	138.0	31	1.05	0.95				
	304	1	67.08225244350878	13.59775387368421	0.0	0.0	3	1.0066853567597531	-3.7985378817740907	138.0	31	1.05	0.95				
	305	1	64.36270166877193	12.69123694877193	0.0	0.0	3	1.0275265560969586	-6.638246408192008	138.0	31	1.05	0.95				
	306	1	123.28630178807019	25.38247389754386	0.0	-100.0	3	1.0300201134061562	-7.730516466898452	138.0	32	1.05	0.95				
	307	2	113.31461561403509	22.66292312280702	0.0	0.0	3	0.9816825038224141	-9.163712720898245	138.0	32	1.05	0.95				
	308	1	155.01439416	31.728092371929822	0.0	0.0	3	0.9785634136020416	-8.128930811738224	138.0	32	1.05	0.95				
	309	1	158.64046185964912	32.63460929684211	0.0	0.0	3	1.0246385464266001	2.4354831572450744	138.0	33	1.05	0.95				
	310	1	176.77080035789473	36.260676996491235	0.0	0.0	3	1.0485594439690993	-3.9987084680049843	138.0	33	1.05	0.95				
	311	1	0.0	0.0	0.0	0.0	3	1.0284818913578821	3.4499139829846053	230.0	33	1.05	0.95				
	312	1	0.0	0.0	0.0	0.0	3	1.0234881215254494	4.676867982389203	230.0	33	1.05	0.95				
	313	2	240.2269851017544	48.951913945263165	0.0	0.0	3	1.033830819672854	8.063446002513011	230.0	34	1.05	0.95				
	314	2	175.86428343298246	35.35416007157895	0.0	0.0	3	1.0493459815088706	3.5535097227913948	230.0	36	1.05	0.95				
	315	2	287.365865197193	58.01708319438597	0.0	0.0	3	1.05	7.121793930844745	230.0	36	1.05	0.95				
	316	2	90.65169249122808	18.130338498245617	0.0	0.0	3	1.049266687395634	7.491449500957447	230.0	36	1.05	0.95				
	317	1	0.0	0.0	0.0	0.0	3	1.05	11.280519521931218	230.0	37	1.05	0.95				
	318	2	301.8701359957895	61.643150894035095	0.0	0.0	3	1.0398791006268542	8.38486629417974	230.0	37	1.05	0.95				
	319	1	164.0795634091228	33.54112622175439	0.0	0.0	3	1.0435987527316328	7.034891945012678	230.0	35	1.05	0.95				
	320	1	116.03416638877194	23.5694400477193	0.0	0.0	3	1.0451082315030111	7.5455509255757915	230.0	35	1.05	0.95				
	321	2	0.0	0.0	0.0	0.0	3	1.043361029222616	8.62007707791982	230.0	37	1.05	0.95				
	322	2	0.0	0.0	0.0	0.0	3	1.05	14.004081780328319	230.0	37	1.05	0.95				
	323	2	0.0	0.0	0.0	0.0	3	1.0479926423015464	8.18269823831194	230.0	35	1.05	0.95				
	324	1	0.0	0.0	0.0	0.0	3	1.0491979791356116	10.866549509795538	230.0	36	1.05	0.95				
	325	1	0.0	0.0	0.0	0.0	3	1.0458147510659208	9.0635607131867	230.0	35	1.05	0.95				
];

%% generator data
%    bus    Pg    Qg    Qmax    Qmin    Vg    mBase    status    Pmax    Pmin    Pc1    Pc2    Qc1min    Qc1max    Qc2min    Qc2max    ramp_agc    ramp_10    ramp_30    ramp_q    apf
