%% MATPOWER Case Format : Version 2
function mpc = RTS_GMLC
mpc.version = '2';

%%-----  Power Flow Data  -----%%
%% system MVA base
mpc.baseMVA = 100.0;
%% bus data
%    bus_i    type    Pd    Qd    Gs    Bs    area    Vm    Va    baseKV    zone    Vmax    Vmin
mpc.bus = [
	101	2	46.95942603789474	9.565809007719297	0.0	0.0	1	1.0185256138133916	2.506632790386201	138.0	11	1.05	0.95				
	102	2	42.17652153403508	8.696190007017544	0.0	0.0	1	1.0173257570898895	2.21651388374714	138.0	12	1.05	0.95				
	103	1	78.26571006315788	16.087951512982453	0.0	0.0	1	1.0297197308819994	1.794911223077283	138.0	11	1.05	0.95				
	104	1	32.17590302596491	6.522142505263158	0.0	0.0	1	1.0150278231126642	-0.8554343396432782	138.0	11	1.05	0.95				
	105	1	30.87147452491228	6.087333004912281	0.0	0.0	1	1.02804893471456	-0.731791411492173	138.0	11	1.05	0.95				
	106	1	59.1340920477193	12.174666009824563	0.0	-100.0	1	1.0413558706607107	-3.0114827908922717	138.0	12	1.05	0.95				
	107	2	54.351187543859645	10.870237508771929	0.0	0.0	1	0.9861718291818062	-9.173637109186068	138.0	12	1.05	0.95				
	108	1	74.35242456	15.2183325122807	0.0	0.0	1	0.9957631610210075	-7.507958117910029	138.0	12	1.05	0.95				
	109	1	76.09166256140351	15.653142012631577	0.0	0.0	1	1.0263985917858927	-1.5566057867524188	138.0	13	1.05	0.95				
	110	1	84.78785256842104	17.392380014035087	0.0	0.0	1	1.05	-2.58812135805017	138.0	13	1.05	0.95				
	111	1	0.0	0.0	0.0	0.0	1	1.0160329474298084	0.47212299933223334	230.0	13	1.05	0.95				
	112	1	0.0	0.0	0.0	0.0	1	1.0139172786138386	0.36708917708348504	230.0	13	1.05	0.95				
	113	3	115.22451759298245	23.47971301894737	0.0	0.0	1	0.996100407659291	3.661120577494064e-28	230.0	14	1.05	0.95				
	114	2	84.35304306807016	16.95757051368421	0.0	0.0	1	1.0366915240170433	3.400365631456415	230.0	16	1.05	0.95				
	115	2	137.83461161122804	27.82780802245614	0.0	0.0	1	1.048262044480564	10.842791654837667	230.0	16	1.05	0.95				
	116	2	43.480950035087716	8.696190007017544	0.0	0.0	1	1.0496562216283123	10.181324301839533	230.0	16	1.05	0.95				
	117	1	0.0	0.0	0.0	0.0	1	1.0457841762928322	14.029293274561612	230.0	17	1.05	0.95				
	118	2	144.7915636168421	29.56704602385965	0.0	0.0	1	1.05	13.700729518248487	230.0	17	1.05	0.95				
	119	1	78.70051956350878	16.087951512982453	0.0	0.0	1	1.047137990489377	8.013277310838973	230.0	15	1.05	0.95				
	120	1	55.65561604491228	11.305047009122807	0.0	0.0	1	1.0486704299150464	6.943164026417878	230.0	15	1.05	0.95				
	121	2	0.0	0.0	0.0	0.0	1	1.0403661930335855	14.48916763260517	230.0	17	1.05	0.95				
	122	2	0.0	0.0	0.0	0.0	1	1.05	32.474071629736414	230.0	17	1.05	0.95				
	123	2	0.0	0.0	0.0	0.0	1	1.05	6.675654669074269	230.0	15	1.05	0.95				
	124	1	0.0	0.0	0.0	0.0	1	1.0298549533470411	7.48392234634905	230.0	16	1.05	0.95				
	201	2	50.71053046736842	10.329922872982456	0.0	0.0	2	1.0260006345732533	-9.399472197427208	138.0	21	1.05	0.95				
	202	2	45.54556903087719	9.390838975438596	0.0	0.0	2	1.026538531755705	-9.36544356674861	138.0	22	1.05	0.95				
	203	1	84.51755077894735	17.373052104561403	0.0	0.0	2	1.0160546562204043	-8.93156499597378	138.0	21	1.05	0.95				
	204	1	34.746104209122805	7.043129231578947	0.0	0.0	2	1.016890282376884	-11.69648050851651	138.0	21	1.05	0.95				
	205	1	33.33747836280701	6.5735872828070185	0.0	0.0	2	1.03193481093986	-11.848721211083049	138.0	21	1.05	0.95				
	206	1	63.85770503298246	13.147174565614037	0.0	-100.0	2	1.0430611463036803	-13.658981344567415	138.0	22	1.05	0.95				
	207	2	58.692743596491226	11.738548719298244	0.0	0.0	2	0.9853517529688498	-20.723241180498732	138.0	22	1.05	0.95				
	208	1	80.29167324	16.43396820701754	0.0	0.0	2	0.9926637470399924	-18.58143998678149	138.0	22	1.05	0.95				
	209	1	82.16984103508771	16.903510155789473	0.0	0.0	2	1.02284305338123	-11.67820845260272	138.0	23	1.05	0.95				
	210	1	91.56068001052631	18.781677950877192	0.0	0.0	2	1.05	-12.826411036911878	138.0	23	1.05	0.95				
	211	1	0.0	0.0	0.0	0.0	2	1.0093088820989424	-8.954696586675624	230.0	23	1.05	0.95				
	212	1	0.0	0.0	0.0	0.0	2	1.0131740511901268	-8.629546981277004	230.0	23	1.05	0.95				
	213	2	124.42861642456138	25.35526523368421	0.0	0.0	2	1.0029877242756287	-8.302744143652824	230.0	24	1.05	0.95				
	214	2	91.09113806175438	18.312136002105262	0.0	0.0	2	1.0150180624649452	-6.162890525650258	230.0	26	1.05	0.95				
	215	2	148.84479776070174	30.05068472140351	0.0	0.0	2	1.0356377188952492	1.0238003669387203	230.0	26	1.05	0.95				
	216	2	46.954194877192975	9.390838975438596	0.0	0.0	2	1.0405601189540081	0.5423336409161534	230.0	26	1.05	0.95				
	217	1	0.0	0.0	0.0	0.0	2	1.0454796712374776	3.7230985270728274	230.0	27	1.05	0.95				
	218	2	156.35746894105262	31.92885251649123	0.0	0.0	2	1.0459762965068842	4.016628964372852	230.0	27	1.05	0.95				
	219	1	84.9870927277193	17.373052104561403	0.0	0.0	2	1.040442101010707	-0.8577310164740467	230.0	25	1.05	0.95				
	220	1	60.10136944280702	12.208090668070176	0.0	0.0	2	1.0438889556797162	-1.181175528577622	230.0	25	1.05	0.95				
	221	2	0.0	0.0	0.0	0.0	2	1.0442446681148443	3.781927342928117	230.0	27	1.05	0.95				
	222	2	0.0	0.0	0.0	0.0	2	1.05	10.266363953739475	230.0	27	1.05	0.95				
	223	2	0.0	0.0	0.0	0.0	2	1.046433734795552	-1.0112460708078097	230.0	25	1.05	0.95				
	224	1	0.0	0.0	0.0	0.0	2	1.0159309496314297	-2.6701168048547625	230.0	26	1.05	0.95				
	301	2	68.24739005052632	13.902246121403508	0.0	0.0	3	1.0101155050893258	-36.17610112376489	138.0	31	1.05	0.95				
	302	2	61.29626698982455	12.638405564912281	0.0	0.0	3	1.0092601804826935	-36.351244259626526	138.0	32	1.05	0.95				
	303	1	113.74565008421054	23.381050295087718	0.0	0.0	3	1.0245210790378456	-27.464175160816882	138.0	31	1.05	0.95				
	304	1	46.762100590175436	9.47880417368421	0.0	0.0	3	1.0069359935035291	-34.18534523250447	138.0	31	1.05	0.95				
	305	1	44.866339755438595	8.846883895438596	0.0	0.0	3	1.021283843676603	-35.28184550389965	138.0	31	1.05	0.95				
	306	1	85.94115784140351	17.693767790877192	0.0	-100.0	3	1.0346199980451305	-35.475833477545635	138.0	32	1.05	0.95				
	307	2	78.99003478070176	15.79800695614035	0.0	0.0	3	1.002824361566676	-38.1335411291792	138.0	32	1.05	0.95				
	308	1	108.05836758000001	22.11720973859649	0.0	0.0	3	0.9997489325414429	-37.14104403822061	138.0	32	1.05	0.95				
	309	1	110.58604869298246	22.749130016842102	0.0	0.0	3	1.0276507367008394	-29.841730583974854	138.0	33	1.05	0.95				
	310	1	123.22445425789472	25.276811129824562	0.0	0.0	3	1.05	-32.3599807601321	138.0	33	1.05	0.95				
	311	1	0.0	0.0	0.0	0.0	3	1.0210906721135653	-24.806929062619012	230.0	33	1.05	0.95				
	312	1	0.0	0.0	0.0	0.0	3	1.017400616048998	-23.970040658800976	230.0	33	1.05	0.95				
	313	2	167.4588737350877	34.12369502526316	0.0	0.0	3	1.0285611208366978	-20.938557151223918	230.0	34	1.05	0.95				
	314	2	122.5925339796491	24.64489085157895	0.0	0.0	3	1.0362410312629993	-22.001551674735644	230.0	36	1.05	0.95				
	315	2	200.31872820385965	40.4428978077193	0.0	0.0	3	1.0499999968723028	-14.700459481760603	230.0	36	1.05	0.95				
	316	2	63.1920278245614	12.638405564912281	0.0	0.0	3	1.0493847436919628	-14.199772537352919	230.0	36	1.05	0.95				
	317	1	0.0	0.0	0.0	0.0	3	1.05	-11.178493862343919	230.0	37	1.05	0.95				
	318	2	210.4294526557895	42.970578920701755	0.0	0.0	3	1.0487705939351948	-10.958836514877914	230.0	37	1.05	0.95				
	319	1	114.37757036245615	23.381050295087718	0.0	0.0	3	1.0455786373684037	-15.07060664766285	230.0	35	1.05	0.95				
	320	1	80.8857956154386	16.429927234385964	0.0	0.0	3	1.0474383650753558	-14.648081599978807	230.0	35	1.05	0.95				
	321	2	0.0	0.0	0.0	0.0	3	1.05	-10.545196579214767	230.0	37	1.05	0.95				
	322	2	0.0	0.0	0.0	0.0	3	1.05	-5.017150850773869	230.0	37	1.05	0.95				
	323	2	0.0	0.0	0.0	0.0	3	1.0499999866807948	-13.955224885016102	230.0	35	1.05	0.95				
	324	1	0.0	0.0	0.0	0.0	3	1.0242587115639037	-19.418897421180596	230.0	36	1.05	0.95				
	325	1	0.0	0.0	0.0	0.0	3	1.0356111204786689	-11.72601022778651	230.0	35	1.05	0.95				
];
