%% MATPOWER Case Format : Version 2
function mpc = RTS_GMLC
mpc.version = '2';

%%-----  Power Flow Data  -----%%
%% system MVA base
mpc.baseMVA = 100.0;
%% bus data
%    bus_i    type    Pd    Qd    Gs    Bs    area    Vm    Va    baseKV    zone    Vmax    Vmin
mpc.bus = [
	101	2	38.101929726315795	7.761504203508772	0.0	0.0	1	1.0033306298203457	-1.4565694802842173	138.0	11	1.05	0.95				
	102	2	34.221177624561406	7.055912912280703	0.0	0.0	1	1.0018466256791854	-1.9503552997419156	138.0	12	1.05	0.95				
	103	1	63.50321621052631	13.053438887719299	0.0	0.0	1	1.0247310286055389	2.8262534190858215	138.0	11	1.05	0.95				
	104	1	26.106877775438598	5.291934684210526	0.0	0.0	1	1.0089807566032167	-2.7516837173779245	138.0	11	1.05	0.95				
	105	1	25.04849083859649	4.939139038596492	0.0	0.0	1	1.0222377050623819	-3.1129359921983215	138.0	11	1.05	0.95				
	106	1	47.980207803508776	9.878278077192984	0.0	-100.0	1	1.0408243196065794	-4.520874250250742	138.0	12	1.05	0.95				
	107	2	44.09945570175439	8.819891140350878	0.0	0.0	1	0.9794176426148431	-11.22268319218819	138.0	12	1.05	0.95				
	108	1	60.328055400000004	12.347847596491228	0.0	0.0	1	0.9929828599095322	-8.69645877006689	138.0	12	1.05	0.95				
	109	1	61.73923798245614	12.700643242105263	0.0	0.0	1	1.024200911874058	-1.9200182372955685	138.0	13	1.05	0.95				
	110	1	68.79515089473685	14.111825824561405	0.0	0.0	1	1.05	-3.6087752535743602	138.0	13	1.05	0.95				
	111	1	0.0	0.0	0.0	0.0	1	1.0162860268122083	0.834021595187263	230.0	13	1.05	0.95				
	112	1	0.0	0.0	0.0	0.0	1	1.0114532371368543	-0.6624492731355182	230.0	13	1.05	0.95				
	113	3	93.49084608771929	19.050964863157898	0.0	0.0	1	0.9879250182222318	5.828342118662518e-27	230.0	14	1.05	0.95				
	114	2	68.44235524912281	13.759030178947368	0.0	0.0	1	1.0499952739662886	5.035065886935427	230.0	16	1.05	0.95				
	115	2	111.83621965964912	22.578921319298246	0.0	0.0	1	1.0418022469692132	15.51611108699995	230.0	16	1.05	0.95				
	116	2	35.27956456140351	7.055912912280703	0.0	0.0	1	1.0423913302154355	13.320628426745973	230.0	16	1.05	0.95				
	117	1	0.0	0.0	0.0	0.0	1	1.0405158794228644	19.900944521776832	230.0	17	1.05	0.95				
	118	2	117.48094998947369	23.990103901754388	0.0	0.0	1	1.05	20.75183429565167	230.0	17	1.05	0.95				
	119	1	63.85601185614035	13.053438887719299	0.0	0.0	1	1.0399070544361158	8.328495132903274	230.0	15	1.05	0.95				
	120	1	45.15784263859649	9.172686785964913	0.0	0.0	1	1.045536946108992	4.67808861470753	230.0	15	1.05	0.95				
	121	2	0.0	0.0	0.0	0.0	1	1.0440742179755513	22.45265346997299	230.0	17	1.05	0.95				
	122	2	0.0	0.0	0.0	0.0	1	1.05	40.406970083950426	230.0	17	1.05	0.95				
	123	2	0.0	0.0	0.0	0.0	1	1.05	2.948477367444036	230.0	15	1.05	0.95				
	124	1	0.0	0.0	0.0	0.0	1	1.0194168201473153	10.789023503491482	230.0	16	1.05	0.95				
	201	2	43.38359829473685	8.837399652631579	0.0	0.0	2	1.0205290215175458	-19.54099165525407	138.0	21	1.05	0.95				
	202	2	38.964898468421055	8.033999684210528	0.0	0.0	2	1.0195686957661436	-19.853061342221583	138.0	22	1.05	0.95				
	203	1	72.30599715789474	14.862899415789474	0.0	0.0	2	1.010606213596536	-14.31293390434083	138.0	21	1.05	0.95				
	204	1	29.72579883157895	6.025499763157895	0.0	0.0	2	1.0129894118043092	-19.45028842445226	138.0	21	1.05	0.95				
	205	1	28.52069887894737	5.623799778947369	0.0	0.0	2	1.0297951428914789	-19.99507933776983	138.0	21	1.05	0.95				
	206	1	54.63119785263159	11.247599557894738	0.0	-100.0	2	1.0429399434552973	-20.76144983421132	138.0	22	1.05	0.95				
	207	2	50.212498026315785	10.042499605263158	0.0	0.0	2	1.0012462809846445	-25.60275257832447	138.0	22	1.05	0.95				
	208	1	68.6906973	14.05949944736842	0.0	0.0	2	1.0035093224068414	-23.761769181446997	138.0	22	1.05	0.95				
	209	1	70.2974972368421	14.461199431578947	0.0	0.0	2	1.0190876468573258	-17.446779815532047	138.0	23	1.05	0.95				
	210	1	78.33149692105263	16.067999368421056	0.0	0.0	2	1.0485647973733	-19.16060335302349	138.0	23	1.05	0.95				
	211	1	0.0	0.0	0.0	0.0	2	1.0059642625158387	-14.587088060351656	230.0	23	1.05	0.95				
	212	1	0.0	0.0	0.0	0.0	2	0.9973032098124817	-14.047471163498093	230.0	23	1.05	0.95				
	213	2	106.45049581578947	21.691799147368425	0.0	0.0	2	0.9929317339338858	-13.44358744273872	230.0	24	1.05	0.95				
	214	2	77.92979693684211	15.666299384210527	0.0	0.0	2	1.0181180243162453	-11.799238777288473	230.0	26	1.05	0.95				
	215	2	127.33889499473685	25.708798989473685	0.0	0.0	2	1.026620149147792	-4.359359625802326	230.0	26	1.05	0.95				
	216	2	40.16999842105263	8.033999684210528	0.0	0.0	2	1.0260546042174208	-5.316654248977252	230.0	26	1.05	0.95				
	217	1	0.0	0.0	0.0	0.0	2	1.0357018343896192	-2.7227515550953045	230.0	27	1.05	0.95				
	218	2	133.76609474210528	27.315598926315793	0.0	0.0	2	1.0358070994558775	-3.271818699692187	230.0	27	1.05	0.95				
	219	1	72.70769714210526	14.862899415789474	0.0	0.0	2	1.0112758443799552	-5.827759833902197	230.0	25	1.05	0.95				
	220	1	51.41759797894737	10.444199589473685	0.0	0.0	2	1.001093913603595	-5.469370249257468	230.0	25	1.05	0.95				
	221	2	0.0	0.0	0.0	0.0	2	1.0353608521503628	-2.8326949932925842	230.0	27	1.05	0.95				
	222	2	0.0	0.0	0.0	0.0	2	1.05	3.708690076454728	230.0	27	1.05	0.95				
	223	2	0.0	0.0	0.0	0.0	2	0.9960761147120307	-4.938241442796664	230.0	25	1.05	0.95				
	224	1	0.0	0.0	0.0	0.0	2	1.0083581570040365	-8.065536989556065	230.0	26	1.05	0.95				
	301	2	47.986713056842106	9.775071178245614	0.0	0.0	3	1.0169017488849807	12.105725420272154	138.0	31	1.05	0.95				
	302	2	43.099177467719294	8.886428343859649	0.0	0.0	3	1.0147273685625453	11.751086313523958	138.0	32	1.05	0.95				
	303	1	79.97785509473685	16.43989243614035	0.0	0.0	3	1.05	27.573529589517182	138.0	31	1.05	0.95				
	304	1	32.8797848722807	6.664821257894736	0.0	0.0	3	1.0074718279964627	13.252938689914933	138.0	31	1.05	0.95				
	305	1	31.546820620701755	6.220499840701755	0.0	0.0	3	1.0240694217596162	10.46472297743411	138.0	31	1.05	0.95				
	306	1	60.42771273824562	12.44099968140351	0.0	-100.0	3	1.035274064825012	9.010575369823458	138.0	32	1.05	0.95				
	307	2	55.540177149122805	11.108035429824561	0.0	0.0	3	0.95	5.354159559085873	138.0	32	1.05	0.95				
	308	1	75.97896234	15.551249601754385	0.0	0.0	3	0.969340757207432	7.316473169650019	138.0	32	1.05	0.95				
	309	1	77.75624800877193	15.995571018947368	0.0	0.0	3	1.015733016769272	16.344195228148454	138.0	33	1.05	0.95				
	310	1	86.64267635263158	17.772856687719297	0.0	0.0	3	1.04217512157473	10.249160920230699	138.0	33	1.05	0.95				
	311	1	0.0	0.0	0.0	0.0	3	1.004617477863558	14.110960074873034	230.0	33	1.05	0.95				
	312	1	0.0	0.0	0.0	0.0	3	1.0087634245943164	14.250879868220562	230.0	33	1.05	0.95				
	313	2	117.74517555614035	23.993356528421053	0.0	0.0	3	1.0027045333695426	14.251980134022416	230.0	34	1.05	0.95				
	314	2	86.19835493543859	17.328535270526316	0.0	0.0	3	1.0035916047365827	14.896018981859982	230.0	36	1.05	0.95				
	315	2	140.84988925017544	28.436570700350877	0.0	0.0	3	1.05	19.024999308282645	230.0	36	1.05	0.95				
	316	2	44.432141719298244	8.886428343859649	0.0	0.0	3	1.0426298555182418	18.578280081534658	230.0	36	1.05	0.95				
	317	1	0.0	0.0	0.0	0.0	3	1.0484597998423995	23.252849818062227	230.0	37	1.05	0.95				
	318	2	147.95903192526316	30.21385636912281	0.0	0.0	3	1.0392245299040508	19.584873339613207	230.0	37	1.05	0.95				
	319	1	80.42217651192983	16.43989243614035	0.0	0.0	3	1.0305442923425	17.042836611327868	230.0	35	1.05	0.95				
	320	1	56.873141400701755	11.552356847017546	0.0	0.0	3	1.0234616050508991	16.54765454238596	230.0	35	1.05	0.95				
	321	2	0.0	0.0	0.0	0.0	3	1.048929477180081	20.048612848381865	230.0	37	1.05	0.95				
	322	2	0.0	0.0	0.0	0.0	3	1.05	25.650014534838114	230.0	37	1.05	0.95				
	323	2	0.0	0.0	0.0	0.0	3	1.0201507474258185	16.619506495391168	230.0	35	1.05	0.95				
	324	1	0.0	0.0	0.0	0.0	3	1.047180531109447	22.293253318443995	230.0	36	1.05	0.95				
	325	1	0.0	0.0	0.0	0.0	3	1.021591347291316	17.128197399924023	230.0	35	1.05	0.95				
];
