%% MATPOWER Case Format : Version 2
function mpc = RTS_GMLC
mpc.version = '2';

%%-----  Power Flow Data  -----%%
%% system MVA base
mpc.baseMVA = 100.0;
%% bus data
%    bus_i    type    Pd    Qd    Gs    Bs    area    Vm    Va    baseKV    zone    Vmax    Vmin
mpc.bus = [
	101	2	41.50865906526317	8.455467587368421	0.0	0.0	1	1.0123465262870286	-3.8132809560155523	138.0	11	1.05	0.95				
	102	2	37.28092527157895	7.686788715789475	0.0	0.0	1	1.01228334352335	-4.036863803663197	138.0	12	1.05	0.95				
	103	1	69.18109844210527	14.220559124210528	0.0	0.0	1	1.0019742006968693	1.2145938280210826	138.0	11	1.05	0.95				
	104	1	28.441118248421056	5.765091536842106	0.0	0.0	1	1.002918015935344	-3.9273390367247716	138.0	11	1.05	0.95				
	105	1	27.288099941052636	5.380752101052632	0.0	0.0	1	1.017165245611434	-4.9553659973876165	138.0	11	1.05	0.95				
	106	1	52.27016326736843	10.761504202105264	0.0	-100.0	1	1.0278716187180785	-6.068903904687136	138.0	12	1.05	0.95				
	107	2	48.04242947368421	9.608485894736843	0.0	0.0	1	0.9868191810145679	-10.022084873536938	138.0	12	1.05	0.95				
	108	1	65.72204352	13.451880252631579	0.0	0.0	1	0.9888334515303913	-8.676730287775188	138.0	12	1.05	0.95				
	109	1	67.2594012631579	13.836219688421053	0.0	0.0	1	1.002295733510385	-2.9619426662129245	138.0	13	1.05	0.95				
	110	1	74.94618997894737	15.37357743157895	0.0	0.0	1	1.03103971275049	-4.842776168028691	138.0	13	1.05	0.95				
	111	1	0.0	0.0	0.0	0.0	1	0.9813802768790464	-0.41270933978895713	230.0	13	1.05	0.95				
	112	1	0.0	0.0	0.0	0.0	1	0.9829397908269853	-1.2905516399514763	230.0	13	1.05	0.95				
	113	3	101.84995048421052	20.754329532631584	0.0	0.0	1	0.9634057718419089	-4.5021665962371584e-27	230.0	14	1.05	0.95				
	114	2	74.5618505431579	14.989237995789475	0.0	0.0	1	0.9895920112507868	2.86323535461912	230.0	16	1.05	0.95				
	115	2	121.83560114526317	24.597723890526318	0.0	0.0	1	0.9899091392950621	11.703525660997112	230.0	16	1.05	0.95				
	116	2	38.43394357894737	7.686788715789475	0.0	0.0	1	0.9885312316335192	10.1515628275547	230.0	16	1.05	0.95				
	117	1	0.0	0.0	0.0	0.0	1	0.9914118482077572	15.737783619486533	230.0	17	1.05	0.95				
	118	2	127.98503211789476	26.135081633684216	0.0	0.0	1	0.9992051751707118	16.28518853584353	230.0	17	1.05	0.95				
	119	1	69.56543787789474	14.220559124210528	0.0	0.0	1	0.9886785240006137	6.494770036549255	230.0	15	1.05	0.95				
	120	1	49.195447781052636	9.992825330526317	0.0	0.0	1	0.9936020525006637	3.713532589284224	230.0	15	1.05	0.95				
	121	2	0.0	0.0	0.0	0.0	1	1.000052394333774	17.551584835546088	230.0	17	1.05	0.95				
	122	2	0.0	0.0	0.0	0.0	1	1.007478008830141	34.193659806186844	230.0	17	1.05	0.95				
	123	2	0.0	0.0	0.0	0.0	1	0.997319554520434	2.508609689963451	230.0	15	1.05	0.95				
	124	1	0.0	0.0	0.0	0.0	1	0.9819598182144289	7.685885662632446	230.0	16	1.05	0.95				
	201	2	44.505587898947375	9.065953090526316	0.0	0.0	2	1.010028715041976	-11.883150412865616	138.0	21	1.05	0.95				
	202	2	39.972611353684215	8.241775536842106	0.0	0.0	2	1.0089898771365589	-12.060408447005745	138.0	22	1.05	0.95				
	203	1	74.17597983157896	15.247284743157893	0.0	0.0	2	0.9968443757400252	-8.94676853623957	138.0	21	1.05	0.95				
	204	1	30.494569486315786	6.181331652631579	0.0	0.0	2	1.0004371769228746	-11.055833450574196	138.0	21	1.05	0.95				
	205	1	29.258303155789473	5.769242875789474	0.0	0.0	2	1.0165694631116218	-11.442419259743657	138.0	21	1.05	0.95				
	206	1	56.044073650526315	11.538485751578948	0.0	-100.0	2	1.0282653220507814	-11.712116011002816	138.0	22	1.05	0.95				
	207	2	51.51109710526316	10.302219421052632	0.0	0.0	2	0.9711665761479903	-16.647129107711567	138.0	22	1.05	0.95				
	208	1	70.46718084	14.423107189473683	0.0	0.0	2	0.9794738632320066	-14.743097649327833	138.0	22	1.05	0.95				
	209	1	72.11553594736843	14.835195966315789	0.0	0.0	2	1.0060108353849448	-8.471917119930607	138.0	23	1.05	0.95				
	210	1	80.35731148421053	16.48355107368421	0.0	0.0	2	1.033421429579631	-9.634459524810184	138.0	23	1.05	0.95				
	211	1	0.0	0.0	0.0	0.0	2	0.987433856101273	-6.088649906573755	230.0	23	1.05	0.95				
	212	1	0.0	0.0	0.0	0.0	2	0.9893645186142223	-1.4402172629230172	230.0	23	1.05	0.95				
	213	2	109.20352586315789	22.252793949473688	0.0	0.0	2	0.9840020588644446	-3.5766967569250285	230.0	24	1.05	0.95				
	214	2	79.94522270736843	16.071462296842107	0.0	0.0	2	0.9840179165846885	-5.185732676171537	230.0	26	1.05	0.95				
	215	2	130.63214225894737	26.373681717894737	0.0	0.0	2	0.991330669466233	-0.9177381697712063	230.0	26	1.05	0.95				
	216	2	41.20887768421053	8.241775536842106	0.0	0.0	2	0.9898899176147373	-1.1802304009546638	230.0	26	1.05	0.95				
	217	1	0.0	0.0	0.0	0.0	2	0.9999811097246561	-0.12910710269090267	230.0	27	1.05	0.95				
	218	2	137.22556268842106	28.022036825263157	0.0	0.0	2	1.0008407820008727	-0.6914472074285984	230.0	27	1.05	0.95				
	219	1	74.58806860842105	15.247284743157893	0.0	0.0	2	0.9841093608110624	-0.35681441793456575	230.0	25	1.05	0.95				
	220	1	52.747363435789474	10.714308197894736	0.0	0.0	2	0.9823680630124612	1.2397623670216813	230.0	25	1.05	0.95				
	221	2	0.0	0.0	0.0	0.0	2	1.0032263427717436	-0.18540208966225644	230.0	27	1.05	0.95				
	222	2	0.0	0.0	0.0	0.0	2	1.02070755087176	4.613631220126547	230.0	27	1.05	0.95				
	223	2	0.0	0.0	0.0	0.0	2	0.982624664118102	2.4668413842575894	230.0	25	1.05	0.95				
	224	1	0.0	0.0	0.0	0.0	2	0.9836336768803853	-3.9741009174731143	230.0	26	1.05	0.95				
	301	2	64.21575452210526	13.080987032280703	0.0	0.0	3	1.0025508954789464	24.087321444403354	138.0	31	1.05	0.95				
	302	2	57.675261005964906	11.891806392982456	0.0	0.0	3	1.0031436444127142	23.714363973726822	138.0	32	1.05	0.95				
	303	1	107.0262575368421	21.999841827017544	0.0	0.0	3	1.0154531622420697	39.2076008265811	138.0	31	1.05	0.95				
	304	1	43.99968365403509	8.918854794736841	0.0	0.0	3	0.9922346404767823	25.51454196750238	138.0	31	1.05	0.95				
	305	1	42.21591269508772	8.32426447508772	0.0	0.0	3	1.01003403291541	23.609401869698114	138.0	31	1.05	0.95				
	306	1	80.8642834722807	16.64852895017544	0.0	-100.0	3	1.0210081130181243	22.652704115929794	138.0	32	1.05	0.95				
	307	2	74.32378995614035	14.86475799122807	0.0	0.0	3	0.9657644692901384	19.005718325613103	138.0	32	1.05	0.95				
	308	1	101.67494466	20.810661187719294	0.0	0.0	3	0.9756523374829797	21.819180079477423	138.0	32	1.05	0.95				
	309	1	104.0533059385965	21.40525150736842	0.0	0.0	3	1.004288994202984	29.529872816797386	138.0	33	1.05	0.95				
	310	1	115.94511233157894	23.783612785964912	0.0	0.0	3	1.0329250355874706	25.093366841581126	138.0	33	1.05	0.95				
	311	1	0.0	0.0	0.0	0.0	3	0.994929331224942	30.06116861102558	230.0	33	1.05	0.95				
	312	1	0.0	0.0	0.0	0.0	3	1.001230907487927	30.470180869511147	230.0	33	1.05	0.95				
	313	2	157.56643470701755	32.10787726105263	0.0	0.0	3	1.0053940286912744	33.793771175256346	230.0	34	1.05	0.95				
	314	2	115.35052201192981	23.18902246631579	0.0	0.0	3	0.9892237097015579	29.588623464131675	230.0	36	1.05	0.95				
	315	2	188.48513132877193	38.053780457543866	0.0	0.0	3	0.9882270248028027	28.13127612097232	230.0	36	1.05	0.95				
	316	2	59.45903196491228	11.891806392982456	0.0	0.0	3	0.9809158551399527	28.562356873474034	230.0	36	1.05	0.95				
	317	1	0.0	0.0	0.0	0.0	3	0.9942636421434837	30.440885661048632	230.0	37	1.05	0.95				
	318	2	197.9985764431579	40.43214173614035	0.0	0.0	3	0.9882707244818438	26.673790107010916	230.0	37	1.05	0.95				
	319	1	107.62084785649122	21.999841827017544	0.0	0.0	3	0.9899774004580022	28.49681135639649	230.0	35	1.05	0.95				
	320	1	76.10756091508773	15.459348310877195	0.0	0.0	3	0.9999975591225839	28.344573088858727	230.0	35	1.05	0.95				
	321	2	0.0	0.0	0.0	0.0	3	0.9963241199143281	27.618085359101457	230.0	37	1.05	0.95				
	322	2	0.0	0.0	0.0	0.0	3	1.0130430944370652	31.39504495953133	230.0	37	1.05	0.95				
	323	2	0.0	0.0	0.0	0.0	3	1.005548923614078	28.155973407894763	230.0	35	1.05	0.95				
	324	1	0.0	0.0	0.0	0.0	3	0.9971418719922521	33.73094712616484	230.0	36	1.05	0.95				
