%% MATPOWER Case Format : Version 2
function mpc = RTS_GMLC
mpc.version = '2';

%%-----  Power Flow Data  -----%%
%% system MVA base
mpc.baseMVA = 100.0;
%% bus data
%    bus_i    type    Pd    Qd    Gs    Bs    area    Vm    Va    baseKV    zone    Vmax    Vmin
mpc.bus = [
	101	2	48.28203860210527	9.835230085614034	0.0	0.0	1	1.0139108036168174	-3.3795625357414787	138.0	11	1.05	0.95				
	102	2	43.364423559298245	8.941118259649123	0.0	0.0	1	1.013385014230731	-3.635923746141594	138.0	12	1.05	0.95				
	103	1	80.4700643368421	16.541068780350876	0.0	0.0	1	1.0266910149015915	1.2428576840766186	138.0	11	1.05	0.95				
	104	1	33.08213756070175	6.705838694736841	0.0	0.0	1	1.0150038415512797	-3.910713838590313	138.0	11	1.05	0.95				
	105	1	31.740969821754383	6.258782781754387	0.0	0.0	1	1.0259488064779747	-5.073946581741406	138.0	11	1.05	0.95				
	106	1	60.79960416561404	12.517565563508773	0.0	-100.0	1	1.0402841662924978	-6.524288597419301	138.0	12	1.05	0.95				
	107	2	55.88198912280702	11.176397824561404	0.0	0.0	1	0.9869090553719206	-12.701962643568717	138.0	12	1.05	0.95				
	108	1	76.44656111999998	15.646956954385963	0.0	0.0	1	0.9943328321824785	-10.531886602129436	138.0	12	1.05	0.95				
	109	1	78.23478477192982	16.09401286736842	0.0	0.0	1	1.0239559228608017	-3.331049210106072	138.0	13	1.05	0.95				
	110	1	87.17590303157894	17.882236519298246	0.0	0.0	1	1.0491778329478596	-5.331193111080605	138.0	13	1.05	0.95				
	111	1	0.0	0.0	0.0	0.0	1	1.0141491244447192	-0.37062536625481035	230.0	13	1.05	0.95				
	112	1	0.0	0.0	0.0	0.0	1	1.00928748072976	-1.4485993565405961	230.0	13	1.05	0.95				
	113	3	118.46981694035085	24.141019301052633	0.0	0.0	1	0.9883673426184256	4.0214851352737425e-30	230.0	14	1.05	0.95				
	114	2	86.72884711859649	17.43518060631579	0.0	0.0	1	1.0443301311737354	3.2126568606115486	230.0	16	1.05	0.95				
	115	2	141.7167244154386	28.611578430877195	0.0	0.0	1	1.040684870055646	13.019569947499251	230.0	16	1.05	0.95				
	116	2	44.705591298245615	8.941118259649123	0.0	0.0	1	1.0405978982641384	11.182724719880381	230.0	16	1.05	0.95				
	117	1	0.0	0.0	0.0	0.0	1	1.0398170612731588	17.40824661335321	230.0	17	1.05	0.95				
	118	2	148.8696190231579	30.39980208280702	0.0	0.0	1	1.049128310447013	18.110105922594617	230.0	17	1.05	0.95				
	119	1	80.91712024982456	16.541068780350876	0.0	0.0	1	1.0372588749450649	6.9509400567684025	230.0	15	1.05	0.95				
	120	1	57.22315686175439	11.62345373754386	0.0	0.0	1	1.040947386359431	3.8245294217357784	230.0	15	1.05	0.95				
	121	2	0.0	0.0	0.0	0.0	1	1.0468938712220672	19.62390796235571	230.0	17	1.05	0.95				
	122	2	0.0	0.0	0.0	0.0	1	1.0489031658467292	37.57379913099764	230.0	17	1.05	0.95				
	123	2	0.0	0.0	0.0	0.0	1	1.0443587104724108	2.4468638418473176	230.0	15	1.05	0.95				
	124	1	0.0	0.0	0.0	0.0	1	1.0207060968412371	8.621172668936707	230.0	16	1.05	0.95				
	201	2	49.38454273263158	10.059814260350878	0.0	0.0	2	1.0028722114081423	-18.04688122077038	138.0	21	1.05	0.95				
	202	2	44.35463560245614	9.145285691228072	0.0	0.0	2	1.0015667880927388	-18.34034863519166	138.0	22	1.05	0.95				
	203	1	82.30757122105263	16.91877852877193	0.0	0.0	2	0.9946686380513073	-13.19707299148573	138.0	21	1.05	0.95				
	204	1	33.83755705754386	6.858964268421053	0.0	0.0	2	0.9895574990500349	-17.51202299631494	138.0	21	1.05	0.95				
	205	1	32.46576420385965	6.4016999838596504	0.0	0.0	2	1.005792409815779	-18.055768283445794	138.0	21	1.05	0.95				
	206	1	62.18794270035089	12.803399967719301	0.0	-100.0	2	1.0147581429549337	-18.640117221962527	138.0	22	1.05	0.95				
	207	2	57.158035570175436	11.431607114035087	0.0	0.0	2	0.9688021802842476	-24.540618980936227	138.0	22	1.05	0.95				
	208	1	78.19219265999999	16.004249959649123	0.0	0.0	2	0.9704967241202614	-22.283726232678607	138.0	22	1.05	0.95				
	209	1	80.0212497982456	16.461514244210527	0.0	0.0	2	0.994139837826981	-14.838388517584502	138.0	23	1.05	0.95				
	210	1	89.16653548947367	18.290571382456143	0.0	0.0	2	1.0201281672805098	-16.521333999631207	138.0	23	1.05	0.95				
	211	1	0.0	0.0	0.0	0.0	2	0.9824364015172871	-11.649591806209845	230.0	23	1.05	0.95				
	212	1	0.0	0.0	0.0	0.0	2	0.967493594753741	-9.007284615921986	230.0	23	1.05	0.95				
	213	2	121.17503540877192	24.69227136631579	0.0	0.0	2	0.9648338662539213	-9.571107294641108	230.0	24	1.05	0.95				
	214	2	88.70927120491228	17.83330709789474	0.0	0.0	2	1.0019658530970956	-9.381689549368145	230.0	26	1.05	0.95				
	215	2	144.9527782059649	29.264914211929828	0.0	0.0	2	1.007173139831547	-2.235214898621103	230.0	26	1.05	0.95				
	216	2	45.72642845614035	9.145285691228072	0.0	0.0	2	1.0029730462008148	-3.0476852583041714	230.0	26	1.05	0.95				
	217	1	0.0	0.0	0.0	0.0	2	1.0205360147150566	-1.1100230945353706	230.0	27	1.05	0.95				
	218	2	152.26900675894737	31.093971350175444	0.0	0.0	2	1.0215119312241254	-1.6534678718476752	230.0	27	1.05	0.95				
	219	1	82.76483550561403	16.91877852877193	0.0	0.0	2	0.9786591139372376	-2.7447016194934	230.0	25	1.05	0.95				
	220	1	58.529828423859655	11.888871398596491	0.0	0.0	2	0.9612212177545697	-1.4785054819539214	230.0	25	1.05	0.95				
	221	2	0.0	0.0	0.0	0.0	2	1.0224328050121667	-1.051303379375716	230.0	27	1.05	0.95				
	222	2	0.0	0.0	0.0	0.0	2	1.040152251565614	5.501952380137762	230.0	27	1.05	0.95				
	223	2	0.0	0.0	0.0	0.0	2	0.9529753788066144	-0.35321729609921143	230.0	25	1.05	0.95				
	224	1	0.0	0.0	0.0	0.0	2	0.9892511328320922	-6.332366466742182	230.0	26	1.05	0.95				
	301	2	58.612464416842116	11.93957608491228	0.0	0.0	3	1.0154139730611162	34.80028971973006	138.0	31	1.05	0.95				
	302	2	52.642676374385964	10.854160077192983	0.0	0.0	3	1.0162516002700372	34.39332441786768	138.0	32	1.05	0.95				
	303	1	97.68744069473685	20.080196142807015	0.0	0.0	3	1.0119741963668794	51.80642241888452	138.0	31	1.05	0.95				
	304	1	40.16039228561403	8.140620057894736	0.0	0.0	3	1.0018527662806114	36.08436573573318	138.0	31	1.05	0.95				
	305	1	38.53226827403509	7.597912054035088	0.0	0.0	3	1.0229321461184124	33.6779887657744	138.0	31	1.05	0.95				
	306	1	73.80828852491229	15.195824108070177	0.0	-100.0	3	1.0343940761635952	32.41913902364434	138.0	32	1.05	0.95				
	307	2	67.83850048245614	13.567700096491228	0.0	0.0	3	0.9601675901563225	28.740288010291536	138.0	32	1.05	0.95				
	308	1	92.80306866	18.99478013508772	0.0	0.0	3	0.9746511705669182	31.23992795037094	138.0	32	1.05	0.95				
	309	1	94.9739006754386	19.537488138947367	0.0	0.0	3	1.008552894784772	39.77323861974425	138.0	33	1.05	0.95				
	310	1	105.82806075263159	21.708320154385966	0.0	0.0	3	1.0440197496679309	34.302021641338136	138.0	33	1.05	0.95				
	311	1	0.0	0.0	0.0	0.0	3	0.9987776418438945	38.20171889942302	230.0	33	1.05	0.95				
	312	1	0.0	0.0	0.0	0.0	3	1.0187075175650013	38.07722406759236	230.0	33	1.05	0.95				
	313	2	143.81762102280703	29.306232208421058	0.0	0.0	3	1.0174376932915943	40.060784214356474	230.0	34	1.05	0.95				
	314	2	105.28535274877193	21.165612150526318	0.0	0.0	3	0.9774893415544933	37.81902285220797	230.0	36	1.05	0.95				
	315	2	172.03843722350877	34.733312247017544	0.0	0.0	3	0.9736889366947076	35.75982640142998	230.0	36	1.05	0.95				
	316	2	54.27080038596491	10.854160077192983	0.0	0.0	3	0.9753673623451503	35.73603560910469	230.0	36	1.05	0.95				
	317	1	0.0	0.0	0.0	0.0	3	0.9671027552857193	37.66262400577668	230.0	37	1.05	0.95				
	318	2	180.72176528526316	36.90414426245614	0.0	0.0	3	0.9504081796081338	33.42573704772535	230.0	37	1.05	0.95				
	319	1	98.2301486985965	20.080196142807015	0.0	0.0	3	1.0048196836751435	35.20899797532037	230.0	35	1.05	0.95				
	320	1	69.46662449403509	14.110408100350877	0.0	0.0	3	1.0317465172129265	34.47568994897176	230.0	35	1.05	0.95				
	321	2	0.0	0.0	0.0	0.0	3	0.9641610507770271	34.87047444754635	230.0	37	1.05	0.95				
	322	2	0.0	0.0	0.0	0.0	3	0.980063937203616	39.994793501927425	230.0	37	1.05	0.95				
	323	2	0.0	0.0	0.0	0.0	3	1.0464138049330634	33.99556787099527	230.0	35	1.05	0.95				
	324	1	0.0	0.0	0.0	0.0	3	0.9841779915439588	43.248780298941185	230.0	36	1.05	0.95				
