%% MATPOWER Case Format : Version 2
function mpc = RTS_GMLC
mpc.version = '2';

%%-----  Power Flow Data  -----%%
%% system MVA base
mpc.baseMVA = 100.0;
%% bus data
%    bus_i    type    Pd    Qd    Gs    Bs    area    Vm    Va    baseKV    zone    Vmax    Vmin
mpc.bus = [
	101	2	35.550222661894736	7.241712023719297	0.0	0.0	1	1.0332229135600575	3.6248537987845015	138.0	11	1.05	0.95				
	102	2	31.929366650035085	6.583374567017544	0.0	0.0	1	1.032361729258458	3.394012623179627	138.0	12	1.05	0.95				
	103	1	59.250371103157896	12.179242948982456	0.0	0.0	1	1.0292216004776313	0.877485567955731	138.0	11	1.05	0.95				
	104	1	24.35848589796491	4.937530925263157	0.0	0.0	1	1.0226809877220373	0.21394927715727083	138.0	11	1.05	0.95				
	105	1	23.37097971291228	4.608362196912281	0.0	0.0	1	1.0370269352130677	0.5569194964942303	138.0	11	1.05	0.95				
	106	1	44.7669470557193	9.216724393824562	0.0	-100.0	1	1.0480212839549177	-1.5510026915561304	138.0	12	1.05	0.95				
	107	2	41.14609104385964	8.229218208771929	0.0	0.0	1	1.0004637418137334	-6.40255406897061	138.0	12	1.05	0.95				
	108	1	56.287852548	11.5209054922807	0.0	0.0	1	1.0077127614109385	-5.256248864420925	138.0	12	1.05	0.95				
	109	1	57.60452746140351	11.850074220631578	0.0	0.0	1	1.0244692753479614	-1.04860593606478	138.0	13	1.05	0.95				
	110	1	64.18790202842105	13.166749134035088	0.0	0.0	1	1.05	-1.5131353716897227	138.0	13	1.05	0.95				
	111	1	0.0	0.0	0.0	0.0	1	1.0005413446798737	0.07522883310742934	230.0	13	1.05	0.95				
	112	1	0.0	0.0	0.0	0.0	1	1.0052412269095998	0.43483527747407963	230.0	13	1.05	0.95				
	113	3	87.22971301298244	17.775111330947368	0.0	0.0	1	0.9879576158171987	8.258739023392144e-30	230.0	14	1.05	0.95				
	114	2	63.85873330007017	12.837580405684209	0.0	0.0	1	0.9964983201331352	1.6347914120671279	230.0	16	1.05	0.95				
	115	2	104.34648688722807	21.06679861445614	0.0	0.0	1	1.0328053585493688	5.710646594328997	230.0	16	1.05	0.95				
	116	2	32.916872835087716	6.583374567017544	0.0	0.0	1	1.028072902274404	5.706823528990542	230.0	16	1.05	0.95				
	117	1	0.0	0.0	0.0	0.0	1	1.038145684268392	7.296770034195531	230.0	17	1.05	0.95				
	118	2	109.61318654084211	22.38347352785965	0.0	0.0	1	1.0412651167868394	7.229231086778866	230.0	17	1.05	0.95				
	119	1	59.579539831508775	12.179242948982456	0.0	0.0	1	1.0216830209673893	5.0758321683386765	230.0	15	1.05	0.95				
	120	1	42.13359722891228	8.558386937122807	0.0	0.0	1	1.0178842141418727	5.175575509291817	230.0	15	1.05	0.95				
	121	2	0.0	0.0	0.0	0.0	1	1.0458271118235816	7.921305021158694	230.0	17	1.05	0.95				
	122	2	0.0	0.0	0.0	0.0	1	1.05	14.182447888183573	230.0	17	1.05	0.95				
	123	2	0.0	0.0	0.0	0.0	1	1.0159207337937584	5.492931860568842	230.0	15	1.05	0.95				
	124	1	0.0	0.0	0.0	0.0	1	1.024282498605344	3.8950592283645067	230.0	16	1.05	0.95				
	201	2	36.07366598526316	7.348339367368421	0.0	0.0	2	1.0171629217923348	-7.5852410370011665	138.0	21	1.05	0.95				
	202	2	32.39949630157894	6.6803085157894735	0.0	0.0	2	1.0167461681235561	-7.6624560885305995	138.0	22	1.05	0.95				
	203	1	60.12277664210527	12.358570754210527	0.0	0.0	2	1.0164392694215991	-5.922533891334981	138.0	21	1.05	0.95				
	204	1	24.717141508421054	5.010231386842105	0.0	0.0	2	1.0152337822683188	-8.34870532349844	138.0	21	1.05	0.95				
	205	1	23.71509523105263	4.676215961052632	0.0	0.0	2	1.0297126031603399	-8.60530291880384	138.0	21	1.05	0.95				
	206	1	45.42609790736842	9.352431922105264	0.0	-100.0	2	1.0451398063204043	-9.566922386643922	138.0	22	1.05	0.95				
	207	2	41.75192822368421	8.350385644736843	0.0	0.0	2	0.9942939677510343	-13.861206807809348	138.0	22	1.05	0.95				
	208	1	57.11663781	11.690539902631578	0.0	0.0	2	1.003279914756165	-12.427490826976788	138.0	22	1.05	0.95				
	209	1	58.45269951315789	12.024555328421052	0.0	0.0	2	1.0225980855630907	-7.515768129766972	138.0	23	1.05	0.95				
	210	1	65.13300802894737	13.360617031578947	0.0	0.0	2	1.05	-8.551328487416892	138.0	23	1.05	0.95				
	211	1	0.0	0.0	0.0	0.0	2	1.0010372232269706	-5.232149298662033	230.0	23	1.05	0.95				
	212	1	0.0	0.0	0.0	0.0	2	1.0068604088913646	-4.715257765139453	230.0	23	1.05	0.95				
	213	2	88.51408783421051	18.03683299263158	0.0	0.0	2	0.9948332700173512	-4.273282692278527	230.0	24	1.05	0.95				
	214	2	64.79899260315788	13.026601605789473	0.0	0.0	2	0.9967572490825118	-3.1124844188711296	230.0	26	1.05	0.95				
	215	2	105.88288997526317	21.376987250526316	0.0	0.0	2	1.0166677441195564	1.947101175773038	230.0	26	1.05	0.95				
	216	2	33.40154257894737	6.6803085157894735	0.0	0.0	2	1.0182080924911492	1.856494941751709	230.0	26	1.05	0.95				
	217	1	0.0	0.0	0.0	0.0	2	1.0234284622773766	3.4646634894198294	230.0	27	1.05	0.95				
	218	2	111.22713678789474	22.71304895368421	0.0	0.0	2	1.0227840460014228	3.076182948791983	230.0	27	1.05	0.95				
	219	1	60.45679206789474	12.358570754210527	0.0	0.0	2	1.0202115498807356	1.4603275059277594	230.0	25	1.05	0.95				
	220	1	42.75397450105263	8.684401070526317	0.0	0.0	2	1.0237330578611168	1.7801761936659215	230.0	25	1.05	0.95				
	221	2	0.0	0.0	0.0	0.0	2	1.0243725186784436	3.504924430159268	230.0	27	1.05	0.95				
	222	2	0.0	0.0	0.0	0.0	2	1.0464619177515342	10.023887306379999	230.0	27	1.05	0.95				
	223	2	0.0	0.0	0.0	0.0	2	1.0258528017348605	2.2146929725082956	230.0	25	1.05	0.95				
	224	1	0.0	0.0	0.0	0.0	2	1.0067305271273246	-1.0292352365340711	230.0	26	1.05	0.95				
	301	2	43.63049667789474	8.8876937677193	0.0	0.0	3	1.007532533061274	-23.7054273527196	138.0	31	1.05	0.95				
	302	2	39.18664979403509	8.079721607017545	0.0	0.0	3	1.0074948506162646	-23.79814405110947	138.0	32	1.05	0.95				
	303	1	72.7174944631579	14.947484972982458	0.0	0.0	3	1.0206121452163672	-19.10594974132439	138.0	31	1.05	0.95				
	304	1	29.894969945964917	6.059791205263158	0.0	0.0	3	1.0105083866099067	-22.436797491059735	138.0	31	1.05	0.95				
	305	1	28.683011704912282	5.655805124912281	0.0	0.0	3	1.0235379038646466	-23.071176448223593	138.0	31	1.05	0.95				
	306	1	54.942106927719315	11.311610249824563	0.0	-100.0	3	1.0410266162997606	-23.208604355035842	138.0	32	1.05	0.95				
	307	2	50.49826004385965	10.099652008771931	0.0	0.0	3	0.993750046901431	-27.584488778726143	138.0	32	1.05	0.95				
	308	1	69.08161974000001	14.139512812280703	0.0	0.0	3	1.0008124794184816	-25.786158734153645	138.0	32	1.05	0.95				
	309	1	70.69756406140351	14.543498892631579	0.0	0.0	3	1.0253712692117067	-19.664465628805363	138.0	33	1.05	0.95				
	310	1	78.77728566842106	16.15944321403509	0.0	0.0	3	1.05	-21.13601396228769	138.0	33	1.05	0.95				
	311	1	0.0	0.0	0.0	0.0	3	1.0063291507349421	-15.700540909045772	230.0	33	1.05	0.95				
	312	1	0.0	0.0	0.0	0.0	3	1.0104056810405406	-15.06803056874777	230.0	33	1.05	0.95				
	313	2	107.05631129298247	21.81524833894737	0.0	0.0	3	1.009772869378617	-12.047692408860975	230.0	34	1.05	0.95				
	314	2	78.37329958807018	15.755457133684214	0.0	0.0	3	1.0046457209463455	-14.086436820051052	230.0	36	1.05	0.95				
	315	2	128.0635874712281	25.855109142456143	0.0	0.0	3	1.0283119350845202	-10.291019007694597	230.0	36	1.05	0.95				
	316	2	40.398608035087726	8.079721607017545	0.0	0.0	3	1.0280666858885326	-9.400036905749669	230.0	36	1.05	0.95				
	317	1	0.0	0.0	0.0	0.0	3	1.0326993922758094	-8.174598384127952	230.0	37	1.05	0.95				
	318	2	134.52736475684213	27.471053463859658	0.0	0.0	3	1.0319446173484064	-8.077641757896666	230.0	37	1.05	0.95				
	319	1	73.12148054350878	14.947484972982458	0.0	0.0	3	1.0259644971702788	-9.772561055322065	230.0	35	1.05	0.95				
	320	1	51.71021828491229	10.50363808912281	0.0	0.0	3	1.026711451152141	-9.306710262235702	230.0	35	1.05	0.95				
	321	2	0.0	0.0	0.0	0.0	3	1.0329255158740323	-8.295862565111184	230.0	37	1.05	0.95				
	322	2	0.0	0.0	0.0	0.0	3	1.046065108326516	-3.908768269054262	230.0	37	1.05	0.95				
	323	2	0.0	0.0	0.0	0.0	3	1.0276671433415474	-8.739419037416129	230.0	35	1.05	0.95				
	324	1	0.0	0.0	0.0	0.0	3	1.0144445818135195	-13.59951287218241	230.0	36	1.05	0.95				
	325	1	0.0	0.0	0.0	0.0	3	1.0238230807931508	-7.34559843054874	230.0	35	1.05	0.95				
];
