%% MATPOWER Case Format : Version 2
function mpc = RTS_GMLC
mpc.version = '2';

%%-----  Power Flow Data  -----%%
%% system MVA base
mpc.baseMVA = 100.0;
%% bus data
%    bus_i    type    Pd    Qd    Gs    Bs    area    Vm    Va    baseKV    zone    Vmax    Vmin
mpc.bus = [
	101	2	46.62543296842105	9.49777338245614	0.0	0.0	1	1.0363237259697116	2.567797831126928	138.0	11	1.05	0.95				
	102	2	41.876546277192986	8.634339438596491	0.0	0.0	1	1.0359175813916834	2.427108997515368	138.0	12	1.05	0.95				
	103	1	77.70905494736841	15.973527961403509	0.0	0.0	1	1.0292969987914604	0.40731504930380524	138.0	11	1.05	0.95				
	104	1	31.947055922807017	6.4757545789473685	0.0	0.0	1	1.0224728111528387	-0.9387089001824711	138.0	11	1.05	0.95				
	105	1	30.651905007017543	6.044037607017545	0.0	0.0	1	1.037141912908341	-0.7078727723367036	138.0	11	1.05	0.95				
	106	1	58.713508182456145	12.08807521403509	0.0	-100.0	1	1.045877710348577	-2.9888094939425742	138.0	12	1.05	0.95				
	107	2	53.96462149122807	10.792924298245614	0.0	0.0	1	1.0010159738315398	-8.274404458635312	138.0	12	1.05	0.95				
	108	1	73.8236022	15.11009401754386	0.0	0.0	1	1.0047419325223372	-7.096636093163514	138.0	12	1.05	0.95				
	109	1	75.5504700877193	15.541810989473683	0.0	0.0	1	1.0248247635711802	-1.9542619948783306	138.0	13	1.05	0.95				
	110	1	84.18480952631579	17.268678877192983	0.0	0.0	1	1.05	-2.6793258554540085	138.0	13	1.05	0.95				
	111	1	0.0	0.0	0.0	0.0	1	1.0035573036634713	-0.24266871088752795	230.0	13	1.05	0.95				
	112	1	0.0	0.0	0.0	0.0	1	1.0086444730207123	0.17750987119190637	230.0	13	1.05	0.95				
	113	3	114.4049975614035	23.312716484210526	0.0	0.0	1	0.9959540605929009	2.7294657331206508e-28	230.0	14	1.05	0.95				
	114	2	83.75309255438597	16.83696190526316	0.0	0.0	1	0.9998783707162511	1.7491968959235846	230.0	16	1.05	0.95				
	115	2	136.85428010175437	27.629886203508775	0.0	0.0	1	1.0385590063387449	7.3802622926632315	230.0	16	1.05	0.95				
	116	2	43.17169719298246	8.634339438596491	0.0	0.0	1	1.033902532896314	7.044490035291633	230.0	16	1.05	0.95				
	117	1	0.0	0.0	0.0	0.0	1	1.0422938219152011	8.740364402608037	230.0	17	1.05	0.95				
	118	2	143.76175165263157	29.356754091228073	0.0	0.0	1	1.0451794239426948	8.702224180073523	230.0	17	1.05	0.95				
	119	1	78.14077191929825	15.973527961403509	0.0	0.0	1	1.027451764548885	6.094995896165062	230.0	15	1.05	0.95				
	120	1	55.25977240701755	11.22464127017544	0.0	0.0	1	1.0248509530992602	6.105115063721612	230.0	15	1.05	0.95				
	121	2	0.0	0.0	0.0	0.0	1	1.049999932863584	9.647367308833653	230.0	17	1.05	0.95				
	122	2	0.0	0.0	0.0	0.0	1	1.05	15.875960387310132	230.0	17	1.05	0.95				
	123	2	0.0	0.0	0.0	0.0	1	1.0239969932626634	6.445376061880625	230.0	15	1.05	0.95				
	124	1	0.0	0.0	0.0	0.0	1	1.0259260122003735	4.771372537030537	230.0	16	1.05	0.95				
	201	2	49.60554070736842	10.10483236631579	0.0	0.0	2	1.0314941459089713	-6.199017350052383	138.0	21	1.05	0.95				
	202	2	44.553124524210524	9.186211242105264	0.0	0.0	2	1.0319193205977863	-6.1548372379600975	138.0	22	1.05	0.95				
	203	1	82.67590117894737	16.994490797894738	0.0	0.0	2	1.0185810474519053	-6.510964169564877	138.0	21	1.05	0.95				
	204	1	33.988981595789475	6.8896584315789475	0.0	0.0	2	1.0196214292576444	-8.469659953771574	138.0	21	1.05	0.95				
	205	1	32.611049909473685	6.430347869473685	0.0	0.0	2	1.0349354726019044	-8.542404866421505	138.0	21	1.05	0.95				
	206	1	62.46623644631579	12.86069573894737	0.0	-100.0	2	1.0447243314146795	-10.289338674665304	138.0	22	1.05	0.95				
	207	2	57.4138202631579	11.482764052631579	0.0	0.0	2	0.9900915448271201	-17.272462223847544	138.0	22	1.05	0.95				
	208	1	78.54210612	16.07586967368421	0.0	0.0	2	0.9958845851463152	-15.174230689842002	138.0	22	1.05	0.95				
	209	1	80.37934836842105	16.535180235789472	0.0	0.0	2	1.022988677279437	-8.493970666377244	138.0	23	1.05	0.95				
	210	1	89.56555961052631	18.372422484210528	0.0	0.0	2	1.05	-9.461519299149836	138.0	23	1.05	0.95				
	211	1	0.0	0.0	0.0	0.0	2	1.0059233182676866	-5.765257581001746	230.0	23	1.05	0.95				
	212	1	0.0	0.0	0.0	0.0	2	1.009326120735117	-5.200466591804733	230.0	23	1.05	0.95				
	213	2	121.71729895789474	24.80277035368421	0.0	0.0	2	1.0005909382964144	-4.876192516539139	230.0	24	1.05	0.95				
	214	2	89.10624904842105	17.913111922105266	0.0	0.0	2	1.0069237445352606	-3.224396169852305	230.0	26	1.05	0.95				
	215	2	145.60144818736842	29.395875974736846	0.0	0.0	2	1.0271967066910186	3.1551984762413134	230.0	26	1.05	0.95				
	216	2	45.931056210526314	9.186211242105264	0.0	0.0	2	1.0283104176526758	3.1323238254422336	230.0	26	1.05	0.95				
	217	1	0.0	0.0	0.0	0.0	2	1.0337842923542715	5.701300158734621	230.0	27	1.05	0.95				
	218	2	152.95041718105264	31.233118223157895	0.0	0.0	2	1.035120738326888	6.069715859432077	230.0	27	1.05	0.95				
	219	1	83.13521174105264	16.994490797894738	0.0	0.0	2	1.0277275375496582	2.305144397828722	230.0	25	1.05	0.95				
	220	1	58.79175194947369	11.942074614736843	0.0	0.0	2	1.0305078128320015	2.479681011685855	230.0	25	1.05	0.95				
	221	2	0.0	0.0	0.0	0.0	2	1.0353420730166214	5.863082190039111	230.0	27	1.05	0.95				
	222	2	0.0	0.0	0.0	0.0	2	1.05	12.296910075874981	230.0	27	1.05	0.95				
	223	2	0.0	0.0	0.0	0.0	2	1.0327602620611795	2.923975944459806	230.0	25	1.05	0.95				
	224	1	0.0	0.0	0.0	0.0	2	1.0120327035348036	-0.4707849551541186	230.0	26	1.05	0.95				
	301	2	65.05283137263159	13.251502687017544	0.0	0.0	3	1.0257888568507272	-14.554006261710736	138.0	31	1.05	0.95				
	302	2	58.427080029122806	12.046820624561404	0.0	0.0	3	1.021814426516057	-14.912448019471215	138.0	32	1.05	0.95				
	303	1	108.42138562105264	22.286618155438596	0.0	0.0	3	1.05	2.501528708876054	138.0	31	1.05	0.95				
	304	1	44.57323631087719	9.035115468421052	0.0	0.0	3	1.0098832186710394	-12.889589189260699	138.0	31	1.05	0.95				
	305	1	42.76621321719298	8.432774437192982	0.0	0.0	3	1.0291558643582106	-15.670644633421094	138.0	31	1.05	0.95				
	306	1	81.91838024701754	16.865548874385965	0.0	-100.0	3	1.0367569342245893	-16.9672763190613	138.0	32	1.05	0.95				
	307	2	75.29262890350876	15.058525780701753	0.0	0.0	3	0.9781673356503712	-21.884573007409777	138.0	32	1.05	0.95				
	308	1	103.00031634	21.081936092982453	0.0	0.0	3	0.9817987844174775	-19.513566906768403	138.0	32	1.05	0.95				
	309	1	105.40968046491228	21.684277124210524	0.0	0.0	3	1.0212688404547454	-8.741967458920373	138.0	33	1.05	0.95				
	310	1	117.45650108947368	24.093641249122808	0.0	0.0	3	1.0475369421364062	-14.876309547521316	138.0	33	1.05	0.95				
	311	1	0.0	0.0	0.0	0.0	3	1.0130820120926078	-9.176074771108667	230.0	33	1.05	0.95				
	312	1	0.0	0.0	0.0	0.0	3	1.0147486600946767	-8.404499912051705	230.0	33	1.05	0.95				
	313	2	159.6203732754386	32.526415686315794	0.0	0.0	3	1.0134224379488235	-6.4878941290844265	230.0	34	1.05	0.95				
	314	2	116.85416005824561	23.491300217894736	0.0	0.0	3	1.0184102349213602	-8.82950853374368	230.0	36	1.05	0.95				
	315	2	190.94210689929824	38.54982599859649	0.0	0.0	3	1.0447139867566149	-4.81678122717967	230.0	36	1.05	0.95				
	316	2	60.234103122807014	12.046820624561404	0.0	0.0	3	1.0421630847209178	-4.656206738033063	230.0	36	1.05	0.95				
	317	1	0.0	0.0	0.0	0.0	3	1.0429654737430774	-3.8861675772728934	230.0	37	1.05	0.95				
	318	2	200.57956339894739	40.95919012350877	0.0	0.0	3	1.0405910419915068	-4.118777248443273	230.0	37	1.05	0.95				
	319	1	109.0237266522807	22.286618155438596	0.0	0.0	3	1.0352168100061165	-5.471582443134263	230.0	35	1.05	0.95				
	320	1	77.09965199719298	15.660866811929825	0.0	0.0	3	1.034084298069989	-5.034742876647817	230.0	35	1.05	0.95				
	321	2	0.0	0.0	0.0	0.0	3	1.0429181896628896	-3.8243064497463997	230.0	37	1.05	0.95				
	322	2	0.0	0.0	0.0	0.0	3	1.05	0.47715544759797696	230.0	37	1.05	0.95				
	323	2	0.0	0.0	0.0	0.0	3	1.0349184443347885	-4.3411323771585355	230.0	35	1.05	0.95				
	324	1	0.0	0.0	0.0	0.0	3	1.0440670915071153	-2.015869232795211	230.0	36	1.05	0.95				
	325	1	0.0	0.0	0.0	0.0	3	1.032243862943704	-3.167993155868676	230.0	35	1.05	0.95				
];
