%% MATPOWER Case Format : Version 2
function mpc = RTS_GMLC
mpc.version = '2';

%%-----  Power Flow Data  -----%%
%% system MVA base
mpc.baseMVA = 100.0;
%% bus data
%    bus_i    type    Pd    Qd    Gs    Bs    area    Vm    Va    baseKV    zone    Vmax    Vmin
mpc.bus = [
	101	2	36.258287976000005	7.385947550666666	0.0	0.0	1	1.0103677377996811	0.1985112435547114	138.0	11	1.05	0.95				
	102	2	32.56531420066667	6.714497773333333	0.0	0.0	1	1.0083950558567385	-0.37813889453985383	138.0	12	1.05	0.95				
	103	1	60.43047996000001	12.421820880666665	0.0	0.0	1	1.028235071214055	3.01545712973178	138.0	11	1.05	0.95				
	104	1	24.84364176133333	5.03587333	0.0	0.0	1	1.0123865602251505	-1.704178756152266	138.0	11	1.05	0.95				
	105	1	23.836467095333333	4.700148441333334	0.0	0.0	1	1.0259124987430872	-1.8547608930738633	138.0	11	1.05	0.95				
	106	1	45.658584858666664	9.400296882666668	0.0	-100.0	1	1.0427487552153247	-3.484728184759723	138.0	12	1.05	0.95				
	107	2	41.96561108333333	8.393122216666667	0.0	0.0	1	0.982574785931787	-9.793191078817724	138.0	12	1.05	0.95				
	108	1	57.40895596199999	11.750371103333332	0.0	0.0	1	0.9958457837002924	-7.543682702120391	138.0	12	1.05	0.95				
	109	1	58.751855516666666	12.086095991999999	0.0	0.0	1	1.024432313200103	-1.3732090656545388	138.0	13	1.05	0.95				
	110	1	65.46635329	13.428995546666666	0.0	0.0	1	1.05	-2.814851417516899	138.0	13	1.05	0.95				
	111	1	0.0	0.0	0.0	0.0	1	1.0120012565579763	0.9467347166410828	230.0	13	1.05	0.95				
	112	1	0.0	0.0	0.0	0.0	1	1.009969788852392	-0.3421403658702191	230.0	13	1.05	0.95				
	113	3	88.96709549666666	18.129143988000003	0.0	0.0	1	0.9872590286654425	-7.534639089363302e-30	230.0	14	1.05	0.95				
	114	2	65.13062840133334	13.093270658	0.0	0.0	1	1.0361119768038922	4.773450366747249	230.0	16	1.05	0.95				
	115	2	106.42478970733333	21.486392874666667	0.0	0.0	1	1.042503592336356	14.174198820648204	230.0	16	1.05	0.95				
	116	2	33.57248886666667	6.714497773333333	0.0	0.0	1	1.0411533164554403	12.295162913432355	230.0	16	1.05	0.95				
	117	1	0.0	0.0	0.0	0.0	1	1.0408719037180363	18.2948737423101	230.0	17	1.05	0.95				
	118	2	111.796387926	22.829292429333332	0.0	0.0	1	1.0499999631168693	18.89636342130263	230.0	17	1.05	0.95				
	119	1	60.766204848666675	12.421820880666665	0.0	0.0	1	1.036450844039163	7.86358292495611	230.0	15	1.05	0.95				
	120	1	42.97278574933333	8.728847105333333	0.0	0.0	1	1.0387098880007362	4.651059401818889	230.0	15	1.05	0.95				
	121	2	0.0	0.0	0.0	0.0	1	1.0434465559314121	20.329963818488995	230.0	17	1.05	0.95				
	122	2	0.0	0.0	0.0	0.0	1	1.05	38.28961066049503	230.0	17	1.05	0.95				
	123	2	0.0	0.0	0.0	0.0	1	1.0409251333058394	3.143355182767744	230.0	15	1.05	0.95				
	124	1	0.0	0.0	0.0	0.0	1	1.0232061517208237	10.008482466474796	230.0	16	1.05	0.95				
	201	2	40.61262395368421	8.272941916491229	0.0	0.0	2	1.0134144110898018	-17.143436441165242	138.0	21	1.05	0.95				
	202	2	36.476152995438596	7.520856287719299	0.0	0.0	2	1.012574406574643	-17.453351345335363	138.0	22	1.05	0.95				
	203	1	67.68770658947368	13.913584132280702	0.0	0.0	2	1.0109624119901026	-12.369447866983526	138.0	21	1.05	0.95				
	204	1	27.827168264561404	5.640642215789474	0.0	0.0	2	1.0115517242454521	-17.21151601661312	138.0	21	1.05	0.95				
	205	1	26.69903982140351	5.264599401403509	0.0	0.0	2	1.0272304502152085	-17.709305633836795	138.0	21	1.05	0.95				
	206	1	51.14182275649123	10.529198802807018	0.0	-100.0	2	1.043058525007167	-18.514323834726675	138.0	22	1.05	0.95				
	207	2	47.00535179824561	9.401070359649124	0.0	0.0	2	0.9959093695704694	-22.952576576312854	138.0	22	1.05	0.95				
	208	1	64.30332126	13.161498503508772	0.0	0.0	2	1.0022416894620367	-21.281749763790096	138.0	22	1.05	0.95				
	209	1	65.80749251754386	13.537541317894735	0.0	0.0	2	1.0211709316297244	-15.446622900970185	138.0	23	1.05	0.95				
	210	1	73.32834880526316	15.041712575438599	0.0	0.0	2	1.05	-17.062865427899855	138.0	23	1.05	0.95				
	211	1	0.0	0.0	0.0	0.0	2	1.0059023957624176	-12.728330466722479	230.0	23	1.05	0.95				
	212	1	0.0	0.0	0.0	0.0	2	1.0065925807845864	-12.484082680096575	230.0	23	1.05	0.95				
	213	2	99.6513458122807	20.306311976842107	0.0	0.0	2	0.9987066397321965	-11.907910742696737	230.0	24	1.05	0.95				
	214	2	72.95230599087719	14.665669761052632	0.0	0.0	2	1.0106164279947054	-9.82273924396744	230.0	26	1.05	0.95				
	215	2	119.20557216035088	24.06674012070176	0.0	0.0	2	1.0237800979474916	-2.708887204639057	230.0	26	1.05	0.95				
	216	2	37.604281438596495	7.520856287719299	0.0	0.0	2	1.0265131944213945	-3.434169760604413	230.0	26	1.05	0.95				
	217	1	0.0	0.0	0.0	0.0	2	1.0332301552877934	-1.1759543297519925	230.0	27	1.05	0.95				
	218	2	125.22225719052634	25.570911378245615	0.0	0.0	2	1.0320790179813784	-1.64430802012497	230.0	27	1.05	0.95				
	219	1	68.06374940385965	13.913584132280702	0.0	0.0	2	1.0233341128061784	-4.613731107461446	230.0	25	1.05	0.95				
	220	1	48.13348024140352	9.777113174035089	0.0	0.0	2	1.0230536355497686	-4.901527291041428	230.0	25	1.05	0.95				
	221	2	0.0	0.0	0.0	0.0	2	1.0322872135199008	-1.1987561540231861	230.0	27	1.05	0.95				
	222	2	0.0	0.0	0.0	0.0	2	1.05	5.3054635674381245	230.0	27	1.05	0.95				
	223	2	0.0	0.0	0.0	0.0	2	1.0231827185112914	-4.767100653645794	230.0	25	1.05	0.95				
	224	1	0.0	0.0	0.0	0.0	2	1.0070897406597907	-6.316995995463632	230.0	26	1.05	0.95				
	301	2	50.03669724631579	10.192660550175438	0.0	0.0	3	1.0114015167254955	-2.4940743250528783	138.0	31	1.05	0.95				
	302	2	44.940366971228066	9.266055045614035	0.0	0.0	3	1.0106646968330477	-2.705556318446446	138.0	32	1.05	0.95				
	303	1	83.39449541052632	17.142201834385965	0.0	0.0	3	1.042896887398953	6.857398204899919	138.0	31	1.05	0.95				
	304	1	34.28440366877193	6.949541284210525	0.0	0.0	3	1.012372907972504	-1.1420300253701614	138.0	31	1.05	0.95				
	305	1	32.89449541192982	6.486238531929825	0.0	0.0	3	1.0249207421047923	-2.7507008688757115	138.0	31	1.05	0.95				
	306	1	63.00917431017544	12.97247706385965	0.0	-100.0	3	1.0401057937400553	-3.4346305358111064	138.0	32	1.05	0.95				
	307	2	57.912844035087716	11.582568807017543	0.0	0.0	3	0.9921240447507979	-8.089560153618857	138.0	32	1.05	0.95				
	308	1	79.22477064	16.215596329824557	0.0	0.0	3	0.9979509203862669	-5.981680702367061	138.0	32	1.05	0.95				
	309	1	81.0779816491228	16.67889908210526	0.0	0.0	3	1.028663054548733	2.0230298216672025	138.0	33	1.05	0.95				
	310	1	90.34403669473683	18.53211009122807	0.0	0.0	3	1.05	-1.5165322942392978	138.0	33	1.05	0.95				
	311	1	0.0	0.0	0.0	0.0	3	1.0101931602828533	3.749934489807593	230.0	33	1.05	0.95				
	312	1	0.0	0.0	0.0	0.0	3	1.0125695449036152	4.2675194459792305	230.0	33	1.05	0.95				
	313	2	122.77522935438596	25.018348623157895	0.0	0.0	3	1.0104737069238516	6.751666471776001	230.0	34	1.05	0.95				
	314	2	89.88073394245613	18.06880733894737	0.0	0.0	3	1.009544144981425	4.7295683233503185	230.0	36	1.05	0.95				
	315	2	146.86697247298244	29.651376145964907	0.0	0.0	3	1.0395322439864456	8.548895523750994	230.0	36	1.05	0.95				
	316	2	46.33027522807017	9.266055045614035	0.0	0.0	3	1.0370673299661546	8.86645445262762	230.0	36	1.05	0.95				
	317	1	0.0	0.0	0.0	0.0	3	1.05	13.253550112064516	230.0	37	1.05	0.95				
	318	2	154.27981650947368	31.50458715508772	0.0	0.0	3	1.045935036158285	10.219257177844606	230.0	37	1.05	0.95				
	319	1	83.85779816280701	17.142201834385965	0.0	0.0	3	1.0278056018050263	8.065662492984993	230.0	35	1.05	0.95				
	320	1	59.302752291929814	12.045871559298245	0.0	0.0	3	1.0230846669001048	8.26390143980962	230.0	35	1.05	0.95				
	321	2	0.0	0.0	0.0	0.0	3	1.0449129507599302	10.320745317104135	230.0	37	1.05	0.95				
	322	2	0.0	0.0	0.0	0.0	3	1.05	15.8138561247345	230.0	37	1.05	0.95				
	323	2	0.0	0.0	0.0	0.0	3	1.0212570775381957	8.734336678802478	230.0	35	1.05	0.95				
	324	1	0.0	0.0	0.0	0.0	3	1.0358232166149015	7.912198534133738	230.0	36	1.05	0.95				
	325	1	0.0	0.0	0.0	0.0	3	1.020347225587148	9.722502785771773	230.0	35	1.05	0.95				
];
