%% MATPOWER Case Format : Version 2
function mpc = RTS_GMLC
mpc.version = '2';

%%-----  Power Flow Data  -----%%
%% system MVA base
mpc.baseMVA = 100.0;
%% bus data
%    bus_i    type    Pd    Qd    Gs    Bs    area    Vm    Va    baseKV    zone    Vmax    Vmin
mpc.bus = [
	101	2	40.934190997894746	8.338446314385966	0.0	0.0	1	1.0125330606052185	-3.6893810781511123	138.0	11	1.05	0.95				
	102	2	36.76496784070176	7.580405740350877	0.0	0.0	1	1.0124770523295952	-3.9115398409453346	138.0	12	1.05	0.95				
	103	1	68.22365166315791	14.023750619649123	0.0	0.0	1	1.0020091180121404	1.2979698115463567	138.0	11	1.05	0.95				
	104	1	28.047501239298246	5.685304305263158	0.0	0.0	1	1.003186741093999	-3.8173846259137316	138.0	11	1.05	0.95				
	105	1	26.910440378245614	5.306284018245615	0.0	0.0	1	1.017435959525233	-4.842572465407089	138.0	11	1.05	0.95				
	106	1	51.54675903438597	10.61256803649123	0.0	-100.0	1	1.0282297682652206	-5.957408361249137	138.0	12	1.05	0.95				
	107	2	47.37753587719298	9.475507175438597	0.0	0.0	1	0.9868132722816394	-10.104946178469188	138.0	12	1.05	0.95				
	108	1	64.81246908	13.265710045614036	0.0	0.0	1	0.9889841686153379	-8.672377596054856	138.0	12	1.05	0.95				
	109	1	66.32855022807018	13.64473033263158	0.0	0.0	1	1.0024042175726855	-2.8910219952364895	138.0	13	1.05	0.95				
	110	1	73.90895596842105	15.160811480701755	0.0	0.0	1	1.0312471313958471	-4.759061637471271	138.0	13	1.05	0.95				
	111	1	0.0	0.0	0.0	0.0	1	0.9813159520963485	-0.35180668622457345	230.0	13	1.05	0.95				
	112	1	0.0	0.0	0.0	0.0	1	0.9829878359802737	-1.2634844472695708	230.0	13	1.05	0.95				
	113	3	100.44037605964913	20.467095498947373	0.0	0.0	1	0.9632314401702767	-1.9915583261622263e-30	230.0	14	1.05	0.95				
	114	2	73.52993568140351	14.78179119368421	0.0	0.0	1	0.9893852037026897	2.9620885207645706	230.0	16	1.05	0.95				
	115	2	120.1494309845614	24.257298369122807	0.0	0.0	1	0.9897468840955593	11.839949770107047	230.0	16	1.05	0.95				
	116	2	37.90202870175439	7.580405740350877	0.0	0.0	1	0.9882944490190079	10.268418809186427	230.0	16	1.05	0.95				
	117	1	0.0	0.0	0.0	0.0	1	0.9911811859613033	15.904190063891974	230.0	17	1.05	0.95				
	118	2	126.21375557684212	25.773379517192986	0.0	0.0	1	0.9991091859280177	16.4688893459964	230.0	17	1.05	0.95				
	119	1	68.60267195017545	14.023750619649123	0.0	0.0	1	0.9884168431773361	6.54143076083447	230.0	15	1.05	0.95				
	120	1	48.514596738245615	9.85452746245614	0.0	0.0	1	0.9934190004814347	3.711580928657876	230.0	15	1.05	0.95				
	121	2	0.0	0.0	0.0	0.0	1	0.999894116198919	17.70278824648248	230.0	17	1.05	0.95				
	122	2	0.0	0.0	0.0	0.0	1	1.007085753383454	34.43236451415651	230.0	17	1.05	0.95				
	123	2	0.0	0.0	0.0	0.0	1	0.9971834414723233	2.476181561696498	230.0	15	1.05	0.95				
	124	1	0.0	0.0	0.0	0.0	1	0.9818098080237574	7.801283110019023	230.0	16	1.05	0.95				
	201	2	44.42058871578948	9.048638442105265	0.0	0.0	2	1.010034712929124	-12.42481568005941	138.0	21	1.05	0.95				
	202	2	39.89626949473684	8.226034947368422	0.0	0.0	2	1.009007242577223	-12.60561556250062	138.0	22	1.05	0.95				
	203	1	74.0343145263158	15.21816465263158	0.0	0.0	2	0.9968199480696404	-9.330662858773234	138.0	21	1.05	0.95				
	204	1	30.43632930526316	6.169526210526316	0.0	0.0	2	1.0004098855714958	-11.61111498296565	138.0	21	1.05	0.95				
	205	1	29.202424063157896	5.758224463157895	0.0	0.0	2	1.0165872191337681	-12.012122683948204	138.0	21	1.05	0.95				
	206	1	55.93703764210527	11.51644892631579	0.0	-100.0	2	1.0282833264802227	-12.297141331438437	138.0	22	1.05	0.95				
	207	2	51.41271842105264	10.282543684210527	0.0	0.0	2	0.9712218996944688	-17.21651984257495	138.0	22	1.05	0.95				
	208	1	70.3325988	14.395561157894738	0.0	0.0	2	0.979511479003351	-15.31630299144514	138.0	22	1.05	0.95				
	209	1	71.97780578947368	14.806862905263158	0.0	0.0	2	1.0059079994248399	-9.038427592644682	138.0	23	1.05	0.95				
	210	1	80.2038407368421	16.452069894736844	0.0	0.0	2	1.0334064510832945	-10.235104671884582	138.0	23	1.05	0.95				
	211	1	0.0	0.0	0.0	0.0	2	0.9873992639505902	-6.640892090934567	230.0	23	1.05	0.95				
	212	1	0.0	0.0	0.0	0.0	2	0.9891963019473612	-2.161628168828143	230.0	23	1.05	0.95				
	213	2	108.99496305263159	22.21029435789474	0.0	0.0	2	0.9839639507644282	-4.185166137605945	230.0	24	1.05	0.95				
	214	2	79.79253898947368	16.04076814736842	0.0	0.0	2	0.9840746228664395	-5.6571450041722215	230.0	26	1.05	0.95				
	215	2	130.38265391578946	26.32331183157895	0.0	0.0	2	0.9912309656300855	-1.2507104484457103	230.0	26	1.05	0.95				
	216	2	41.13017473684211	8.226034947368422	0.0	0.0	2	0.9898401230009554	-1.5419590980888824	230.0	26	1.05	0.95				
	217	1	0.0	0.0	0.0	0.0	2	0.9999369521800322	-0.4327072551588967	230.0	27	1.05	0.95				
	218	2	136.9634818736842	27.968518821052633	0.0	0.0	2	1.000864292201012	-1.0062866211430779	230.0	27	1.05	0.95				
	219	1	74.44561627368421	15.21816465263158	0.0	0.0	2	0.9840576637585751	-0.7675220492350946	230.0	25	1.05	0.95				
	220	1	52.6466236631579	10.693845431578948	0.0	0.0	2	0.9822782805200434	0.7846585860003678	230.0	25	1.05	0.95				
	221	2	0.0	0.0	0.0	0.0	2	1.0032499480725043	-0.5120432252645352	230.0	27	1.05	0.95				
	222	2	0.0	0.0	0.0	0.0	2	1.020700668124465	4.245156044290064	230.0	27	1.05	0.95				
	223	2	0.0	0.0	0.0	0.0	2	0.982485036986516	1.9867893014989861	230.0	25	1.05	0.95				
	224	1	0.0	0.0	0.0	0.0	2	0.9835112658221525	-4.326705322934063	230.0	26	1.05	0.95				
	301	2	63.34451124631579	12.90351155017544	0.0	0.0	3	1.0026967977049304	24.29191354260189	138.0	31	1.05	0.95				
	302	2	56.89275547122807	11.730465045614036	0.0	0.0	3	1.0032846770833297	23.932935424812598	138.0	32	1.05	0.95				
	303	1	105.57418541052633	21.701360334385967	0.0	0.0	3	1.015293806774043	39.20857641249132	138.0	31	1.05	0.95				
	304	1	43.402720668771934	8.797848784210526	0.0	0.0	3	0.992962265805999	25.850604348206353	138.0	31	1.05	0.95				
	305	1	41.64315091192983	8.211325531929827	0.0	0.0	3	1.0103774235948961	23.757521902351428	138.0	31	1.05	0.95				
	306	1	79.76716231017545	16.422651063859654	0.0	-100.0	3	1.0215045580941304	22.780694198964827	138.0	32	1.05	0.95				
	307	2	73.31540653508772	14.663081307017546	0.0	0.0	3	0.9661390915766244	19.376479240534895	138.0	32	1.05	0.95				
	308	1	100.29547614	20.52831382982456	0.0	0.0	3	0.9763600782982383	22.141031928837045	138.0	32	1.05	0.95				
	309	1	102.64156914912282	21.114837082105264	0.0	0.0	3	1.0053169034030678	29.922601030284294	138.0	33	1.05	0.95				
	310	1	114.37203419473686	23.46093009122807	0.0	0.0	3	1.0332063264496842	25.157301523387623	138.0	33	1.05	0.95				
	311	1	0.0	0.0	0.0	0.0	3	0.9948232839494211	29.98398091244199	230.0	33	1.05	0.95				
	312	1	0.0	0.0	0.0	0.0	3	1.0014813983865294	30.376561506608763	230.0	33	1.05	0.95				
	313	2	155.42866185438598	31.672255623157895	0.0	0.0	3	1.0047739972517087	33.45992132875865	230.0	34	1.05	0.95				
	314	2	113.78551094245614	22.87440683894737	0.0	0.0	3	0.9879353437773454	29.441237585628524	230.0	36	1.05	0.95				
	315	2	185.92787097298248	37.537488145964915	0.0	0.0	3	0.987455502714443	27.926214117998544	230.0	36	1.05	0.95				
	316	2	58.65232522807018	11.730465045614036	0.0	0.0	3	0.979903371326872	28.356970146090482	230.0	36	1.05	0.95				
	317	1	0.0	0.0	0.0	0.0	3	0.9934799202989872	30.183426335324043	230.0	37	1.05	0.95				
	318	2	195.3122430094737	39.883581155087725	0.0	0.0	3	0.9876283243360154	26.41763138380999	230.0	37	1.05	0.95				
	319	1	106.16070866280702	21.701360334385967	0.0	0.0	3	0.9891305451344375	28.294907467218007	230.0	35	1.05	0.95				
	320	1	75.07497629192983	15.249604559298247	0.0	0.0	3	0.9992481181595865	28.150097273974907	230.0	35	1.05	0.95				
	321	2	0.0	0.0	0.0	0.0	3	0.9957033869939708	27.373390520057217	230.0	37	1.05	0.95				
	322	2	0.0	0.0	0.0	0.0	3	1.0124166338041996	31.105233403991402	230.0	37	1.05	0.95				
	323	2	0.0	0.0	0.0	0.0	3	1.0048761771871946	27.98416446078681	230.0	35	1.05	0.95				
	324	1	0.0	0.0	0.0	0.0	3	0.9964567248944304	33.543855379036096	230.0	36	1.05	0.95				
	325	1	0.0	0.0	0.0	0.0	3	1.005762381768225	27.11925661022806	230.0	35	1.05	0.95				
