%% MATPOWER Case Format : Version 2
function mpc = RTS_GMLC
mpc.version = '2';

%%-----  Power Flow Data  -----%%
%% system MVA base
mpc.baseMVA = 100.0;
%% bus data
%    bus_i    type    Pd    Qd    Gs    Bs    area    Vm    Va    baseKV    zone    Vmax    Vmin
mpc.bus = [
	101	2	46.50519543157895	9.473280550877194	0.0	0.0	1	1.0118361221844319	-4.766951639655815	138.0	11	1.05	0.95				
	102	2	41.768555156140344	8.612073228070177	0.0	0.0	1	1.0117465827928682	-4.992667221108158	138.0	12	1.05	0.95				
	103	1	77.50865905263157	15.932335471929823	0.0	0.0	1	0.9991647036372612	-0.04394481078095868	138.0	11	1.05	0.95				
	104	1	31.864670943859647	6.459054921052632	0.0	0.0	1	1.0015947671522771	-4.847465824573223	138.0	11	1.05	0.95				
	105	1	30.57285995964912	6.028451259649123	0.0	0.0	1	1.0154888486201288	-5.941294596489605	138.0	11	1.05	0.95				
	106	1	58.56209795087719	12.056902519298246	0.0	-100.0	1	1.0251950020376421	-7.111146012107724	138.0	12	1.05	0.95				
	107	2	53.82545767543859	10.765091535087718	0.0	0.0	1	0.9868115675060256	-10.409922411914506	138.0	12	1.05	0.95				
	108	1	73.63322609999999	15.071128149122806	0.0	0.0	1	0.9870982433845439	-9.424646917550687	138.0	12	1.05	0.95				
	109	1	75.35564074561402	15.501731810526314	0.0	0.0	1	1.0013158133851239	-3.8113734117369487	138.0	13	1.05	0.95				
	110	1	83.96771397368421	17.224146456140353	0.0	0.0	1	1.0294989790489202	-5.708366112905426	138.0	13	1.05	0.95				
	111	1	0.0	0.0	0.0	0.0	1	0.9819904478293492	-0.9999073381704132	230.0	13	1.05	0.95				
	112	1	0.0	0.0	0.0	0.0	1	0.9828210162729671	-1.6806512322846845	230.0	13	1.05	0.95				
	113	3	114.10997027192981	23.252597715789474	0.0	0.0	1	0.9657464187189782	-9.202367934412644e-27	230.0	14	1.05	0.95				
	114	2	83.53711031228069	16.793542794736844	0.0	0.0	1	0.9911918880851607	2.0235028473093988	230.0	16	1.05	0.95				
	115	2	136.50136066491228	27.55863432982456	0.0	0.0	1	0.9898354425117888	10.807115201216215	230.0	16	1.05	0.95				
	116	2	43.06036614035087	8.612073228070177	0.0	0.0	1	0.9895147128708478	9.275324308005155	230.0	16	1.05	0.95				
	117	1	0.0	0.0	0.0	0.0	1	0.9936092143550207	14.6909231124887	230.0	17	1.05	0.95				
	118	2	143.3910192473684	29.281048975438594	0.0	0.0	1	1.0000025780438246	15.397445651077417	230.0	17	1.05	0.95				
	119	1	77.93926271403508	15.932335471929823	0.0	0.0	1	0.989541906323903	5.8419038224715445	230.0	15	1.05	0.95				
	120	1	55.11726865964912	11.195695196491227	0.0	0.0	1	0.9945155887075584	3.3854605287190553	230.0	15	1.05	0.95				
	121	2	0.0	0.0	0.0	0.0	1	1.0002607773380099	16.8917393991552	230.0	17	1.05	0.95				
	122	2	0.0	0.0	0.0	0.0	1	1.0136878003631096	31.11654032265999	230.0	17	1.05	0.95				
	123	2	0.0	0.0	0.0	0.0	1	0.9983026600590896	2.393924796484693	230.0	15	1.05	0.95				
	124	1	0.0	0.0	0.0	0.0	1	0.9804279878199992	6.662548096120844	230.0	16	1.05	0.95				
	201	2	44.53958758736842	9.072878952982457	0.0	0.0	2	1.0107400565142273	-10.079336458645997	138.0	21	1.05	0.95				
	202	2	40.0031481108772	8.248071775438598	0.0	0.0	2	1.0096243011870407	-10.255218815906542	138.0	22	1.05	0.95				
	203	1	74.23264597894737	15.258932784561404	0.0	0.0	2	0.9972495605517686	-7.738044103327402	138.0	21	1.05	0.95				
	204	1	30.517865569122808	6.186053831578947	0.0	0.0	2	1.000931001882995	-9.2788016809409	138.0	21	1.05	0.95				
	205	1	29.280654802807014	5.773650242807019	0.0	0.0	2	1.0169943544758488	-9.602939287176172	138.0	21	1.05	0.95				
	206	1	56.08688807298247	11.547300485614038	0.0	-100.0	2	1.0285326685087375	-9.85304719376702	138.0	22	1.05	0.95				
	207	2	51.55044859649123	10.310089719298245	0.0	0.0	2	0.971380969888665	-14.832889366687793	138.0	22	1.05	0.95				
	208	1	70.52101368	14.434125607017542	0.0	0.0	2	0.979703665084381	-12.928436671929676	138.0	22	1.05	0.95				
	209	1	72.17062803508773	14.846529195789474	0.0	0.0	2	1.006367220064381	-6.717949023739036	138.0	23	1.05	0.95				
	210	1	80.41869981052632	16.496143550877196	0.0	0.0	2	1.0335806944104895	-7.758283601926691	138.0	23	1.05	0.95				
	211	1	0.0	0.0	0.0	0.0	2	0.9876072394534612	-4.236373997494442	230.0	23	1.05	0.95				
	212	1	0.0	0.0	0.0	0.0	2	0.9890602990826938	0.5505201189622083	230.0	23	1.05	0.95				
	213	2	109.2869510245614	22.26979379368421	0.0	0.0	2	0.9839806648522472	-1.577774818948343	230.0	24	1.05	0.95				
	214	2	80.0062962217544	16.083739962105266	0.0	0.0	2	0.9844550964777404	-3.424257846572094	230.0	26	1.05	0.95				
	215	2	130.73193764070177	26.393829681403506	0.0	0.0	2	0.9922627756572926	0.6054075923267973	230.0	26	1.05	0.95				
	216	2	41.24035887719298	8.248071775438598	0.0	0.0	2	0.9904675808649629	0.4543163043101699	230.0	26	1.05	0.95				
	217	1	0.0	0.0	0.0	0.0	2	1.0006371188849195	1.2888334123706184	230.0	27	1.05	0.95				
	218	2	137.33039506105266	28.043444036491234	0.0	0.0	2	1.0013527679916667	0.8085087084228895	230.0	27	1.05	0.95				
	219	1	74.6450495677193	15.258932784561404	0.0	0.0	2	0.984154615778675	1.5761522373652115	230.0	25	1.05	0.95				
	220	1	52.78765936280701	10.722493308070176	0.0	0.0	2	0.9821420999339875	3.4356106232472667	230.0	25	1.05	0.95				
	221	2	0.0	0.0	0.0	0.0	2	1.0037058836832828	1.3887440738125352	230.0	27	1.05	0.95				
	222	2	0.0	0.0	0.0	0.0	2	1.0215265009406096	6.703338566201401	230.0	27	1.05	0.95				
	223	2	0.0	0.0	0.0	0.0	2	0.982411049827549	4.808391343947435	230.0	25	1.05	0.95				
	224	1	0.0	0.0	0.0	0.0	2	0.9840348954401977	-2.568709219856158	230.0	26	1.05	0.95				
	301	2	60.679531781052646	12.360645362807018	0.0	0.0	3	1.0027680425826326	34.50989406160474	138.0	31	1.05	0.95				
	302	2	54.49920909964913	11.236950329824563	0.0	0.0	3	1.0035647489480737	34.11079761787941	138.0	32	1.05	0.95				
	303	1	101.13255296842105	20.78835811017544	0.0	0.0	3	1.0122945762405726	50.598519746992075	138.0	31	1.05	0.95				
	304	1	41.57671622035088	8.427712747368421	0.0	0.0	3	0.9921614338271805	35.776808611276	138.0	31	1.05	0.95				
	305	1	39.891173670877194	7.865865230877195	0.0	0.0	3	1.0111113625228485	33.67525191681862	138.0	31	1.05	0.95				
	306	1	76.41126224280703	15.73173046175439	0.0	-100.0	3	1.0227711871968268	32.54912078824972	138.0	32	1.05	0.95				
	307	2	70.23093956140352	14.046187912280702	0.0	0.0	3	0.9666945307683074	29.1717939144868	138.0	32	1.05	0.95				
	308	1	96.07592532	19.66466307719298	0.0	0.0	3	0.9765170090228271	31.81670005892039	138.0	32	1.05	0.95				
	309	1	98.32331538596492	20.22651059368421	0.0	0.0	3	1.0022917491129926	39.55287701742917	138.0	33	1.05	0.95				
	310	1	109.56026571578947	22.473900659649125	0.0	0.0	3	1.0338201370819924	34.69078925160122	138.0	33	1.05	0.95				
	311	1	0.0	0.0	0.0	0.0	3	0.9951675284641581	38.749951911720046	230.0	33	1.05	0.95				
	312	1	0.0	0.0	0.0	0.0	3	1.0004650025349053	39.03139717053371	230.0	33	1.05	0.95				
	313	2	148.88959187017545	30.339765890526323	0.0	0.0	3	1.0037128849600263	42.09896093424157	230.0	34	1.05	0.95				
	314	2	108.99841819929826	21.912053143157898	0.0	0.0	3	0.9892585348681934	37.49873393441385	230.0	36	1.05	0.95				
	315	2	178.1056627277193	35.9582410554386	0.0	0.0	3	0.9909584810897825	34.25315720221896	230.0	36	1.05	0.95				
	316	2	56.18475164912281	11.236950329824563	0.0	0.0	3	0.9860751190843767	34.447360546687136	230.0	36	1.05	0.95				
	317	1	0.0	0.0	0.0	0.0	3	0.9962538704053361	34.922361028282296	230.0	37	1.05	0.95				
	318	2	187.09522299157896	38.20563112140351	0.0	0.0	3	0.9903883405510592	31.46915961157641	230.0	37	1.05	0.95				
	319	1	101.6944004849123	20.78835811017544	0.0	0.0	3	0.9916714801190493	34.62804886094349	230.0	35	1.05	0.95				
	320	1	71.9164821108772	14.608035428771931	0.0	0.0	3	0.9977377232646238	34.37635487335479	230.0	35	1.05	0.95				
	321	2	0.0	0.0	0.0	0.0	3	0.9990586055636957	32.89050526622115	230.0	37	1.05	0.95				
	322	2	0.0	0.0	0.0	0.0	3	1.016214672437055	36.829372402749925	230.0	37	1.05	0.95				
	323	2	0.0	0.0	0.0	0.0	3	1.0009638954269862	34.10986534256556	230.0	35	1.05	0.95				
	324	1	0.0	0.0	0.0	0.0	3	0.9950794903237238	42.10250789522051	230.0	36	1.05	0.95				
	325	1	0.0	0.0	0.0	0.0	3	1.0011137067090259	32.662695414834026	230.0	35	1.05	0.95				
];
