%% MATPOWER Case Format : Version 2
function mpc = RTS_GMLC
mpc.version = '2';

%%-----  Power Flow Data  -----%%
%% system MVA base
mpc.baseMVA = 100.0;
%% bus data
%    bus_i    type    Pd    Qd    Gs    Bs    area    Vm    Va    baseKV    zone    Vmax    Vmin
mpc.bus = [
	101	2	66.25086589894737	13.495546757192981	0.0	0.0	1	1.05	2.879020829109955	138.0	11	1.05	0.95				
	102	2	59.503092520350876	12.268678870175439	0.0	0.0	1	1.05	2.3408489276887825	138.0	12	1.05	0.95				
	103	1	110.41810983157893	22.69705590982456	0.0	0.0	1	1.0191231140112091	4.048348157576654	138.0	11	1.05	0.95				
	104	1	45.39411181964912	9.201509152631578	0.0	0.0	1	1.024453679562489	-0.9786828353633522	138.0	11	1.05	0.95				
	105	1	43.553809989122804	8.588075209122808	0.0	0.0	1	1.0392098916358192	-1.5639766016006775	138.0	11	1.05	0.95				
	106	1	83.42701631719298	17.176150418245616	0.0	-100.0	1	1.0410080223621163	-4.74672319714379	138.0	12	1.05	0.95				
	107	2	76.67924293859649	15.335848587719298	0.0	0.0	1	1.0042502105183002	-15.709360184736434	138.0	12	1.05	0.95				
	108	1	104.89720433999999	21.470188022807015	0.0	0.0	1	0.9944993842004723	-12.374415039077462	138.0	12	1.05	0.95				
	109	1	107.35094011403507	22.083621966315786	0.0	0.0	1	1.0181836149648456	-2.383897020947446	138.0	13	1.05	0.95				
	110	1	119.61961898421052	24.537357740350878	0.0	0.0	1	1.0469963467579078	-4.2301218339833255	138.0	13	1.05	0.95				
	111	1	0.0	0.0	0.0	0.0	1	1.0063971428340417	0.5452788769865209	230.0	13	1.05	0.95				
	112	1	0.0	0.0	0.0	0.0	1	1.0099479831846083	-0.620746176272667	230.0	13	1.05	0.95				
	113	3	162.55999502982453	33.125432949473684	0.0	0.0	1	1.0120345215492803	-4.942035559297643e-30	230.0	14	1.05	0.95				
	114	2	119.00618504070175	23.923923796842107	0.0	0.0	1	1.0057586069340447	4.954852370929553	230.0	16	1.05	0.95				
	115	2	194.4585600922807	39.2597723845614	0.0	0.0	1	1.0219632906267566	17.331961077013762	230.0	16	1.05	0.95				
	116	2	61.34339435087719	12.268678870175439	0.0	0.0	1	1.0143563224158645	15.134592235653821	230.0	16	1.05	0.95				
	117	1	0.0	0.0	0.0	0.0	1	1.0204527929776699	22.352827723444044	230.0	17	1.05	0.95				
	118	2	204.27350318842105	41.71350815859649	0.0	0.0	1	1.0328271843194725	23.388406719081885	230.0	17	1.05	0.95				
	119	1	111.03154377508773	22.69705590982456	0.0	0.0	1	1.0038681244226895	9.873231215003244	230.0	15	1.05	0.95				
	120	1	78.5195447691228	15.949282531228071	0.0	0.0	1	1.0052958464988337	6.079147208003746	230.0	15	1.05	0.95				
	121	2	0.0	0.0	0.0	0.0	1	1.042834746334315	25.38726469819035	230.0	17	1.05	0.95				
	122	2	0.0	0.0	0.0	0.0	1	1.05	43.352047346705106	230.0	17	1.05	0.95				
	123	2	0.0	0.0	0.0	0.0	1	1.0087657869262123	4.485193398544004	230.0	15	1.05	0.95				
	124	1	0.0	0.0	0.0	0.0	1	1.004342877934147	12.319182721233549	230.0	16	1.05	0.95				
	201	2	60.961435541052644	12.41807020280702	0.0	0.0	2	1.0106315727163122	-22.463462576140824	138.0	21	1.05	0.95				
	202	2	54.75240043964913	11.289154729824563	0.0	0.0	2	1.0098965761678491	-22.783541887004443	138.0	22	1.05	0.95				
	203	1	101.60239256842105	20.88493625017544	0.0	0.0	2	1.0117682575406513	-16.57642026756199	138.0	21	1.05	0.95				
	204	1	41.76987250035088	8.466866047368422	0.0	0.0	2	1.0077433500826005	-21.736248270738674	138.0	21	1.05	0.95				
	205	1	40.076499290877194	7.9024083108771945	0.0	0.0	2	1.0229620988685246	-22.392988262692473	138.0	21	1.05	0.95				
	206	1	76.76625216280702	15.804816621754389	0.0	-100.0	2	1.0369374320884457	-23.00650412798267	138.0	22	1.05	0.95				
	207	2	70.5572170614035	14.111443412280703	0.0	0.0	2	0.9930593599531584	-29.994853253057215	138.0	22	1.05	0.95				
	208	1	96.52227294	19.75602077719298	0.0	0.0	2	0.9931342362839567	-27.306021663843957	138.0	22	1.05	0.95				
	209	1	98.78010388596492	20.32047851368421	0.0	0.0	2	1.0243709809064938	-18.55784633755579	138.0	23	1.05	0.95				
	210	1	110.06925861578947	22.578309459649127	0.0	0.0	2	1.05	-20.509571471496667	138.0	23	1.05	0.95				
	211	1	0.0	0.0	0.0	0.0	2	1.014976124291036	-14.822382654085814	230.0	23	1.05	0.95				
	212	1	0.0	0.0	0.0	0.0	2	1.0203092619678062	-11.694372004607306	230.0	23	1.05	0.95				
	213	2	149.58130017017544	30.480717770526322	0.0	0.0	2	1.0239476362699944	-12.66684536456559	230.0	24	1.05	0.95				
	214	2	109.50480087929826	22.013851723157895	0.0	0.0	2	1.017237432569671	-11.992773555072102	230.0	26	1.05	0.95				
	215	2	178.9331024677193	36.1252951354386	0.0	0.0	2	1.0275174711537622	-3.7511855037539337	230.0	26	1.05	0.95				
	216	2	56.44577364912281	11.289154729824563	0.0	0.0	2	1.028210874188939	-4.48947207988138	230.0	26	1.05	0.95				
	217	1	0.0	0.0	0.0	0.0	2	1.027062441599112	-2.1702945516493997	230.0	27	1.05	0.95				
	218	2	187.96442625157897	38.38312608140351	0.0	0.0	2	1.0265290703464043	-2.989279316264123	230.0	27	1.05	0.95				
	219	1	102.16685030491229	20.88493625017544	0.0	0.0	2	1.0340182202995398	-5.080261618037204	230.0	25	1.05	0.95				
	220	1	72.2505902708772	14.675901148771931	0.0	0.0	2	1.0434992165005097	-4.512033689944774	230.0	25	1.05	0.95				
	221	2	0.0	0.0	0.0	0.0	2	1.0302179199275368	-2.4271395933958626	230.0	27	1.05	0.95				
	222	2	0.0	0.0	0.0	0.0	2	1.0499999875020902	4.165005604342918	230.0	27	1.05	0.95				
	223	2	0.0	0.0	0.0	0.0	2	1.05	-3.791915426948394	230.0	25	1.05	0.95				
	224	1	0.0	0.0	0.0	0.0	2	1.005656382691052	-8.533741667643822	230.0	26	1.05	0.95				
	301	2	65.06991458526315	13.254982600701753	0.0	0.0	3	0.9923852199557966	15.671492144207043	138.0	31	1.05	0.95				
	302	2	58.44242328491227	12.04998418245614	0.0	0.0	3	0.9921747091879265	15.606554294083356	138.0	32	1.05	0.95				
	303	1	108.44985764210526	22.29247073754386	0.0	0.0	3	1.0224090018476595	20.165444280499052	138.0	31	1.05	0.95				
	304	1	44.58494147508772	9.037488136842105	0.0	0.0	3	1.001419440413966	17.867759761135158	138.0	31	1.05	0.95				
	305	1	42.77744384771929	8.4349889277193	0.0	0.0	3	1.012206833571245	17.177916205039068	138.0	31	1.05	0.95				
	306	1	81.93989244070175	16.8699778554386	0.0	-100.0	3	1.03111817817816	17.34561628469249	138.0	32	1.05	0.95				
	307	2	75.31240114035087	15.062480228070175	0.0	0.0	3	0.9889838317025111	13.780513209008639	138.0	32	1.05	0.95				
	308	1	103.02736475999998	21.087472319298243	0.0	0.0	3	0.9998461213830887	16.479988004659035	138.0	32	1.05	0.95				
	309	1	105.43736159649121	21.68997152842105	0.0	0.0	3	1.030655746102281	22.138984271261613	138.0	33	1.05	0.95				
	310	1	117.48734577894734	24.09996836491228	0.0	0.0	3	1.05	20.606642477297928	138.0	33	1.05	0.95				
	311	1	0.0	0.0	0.0	0.0	3	1.0162156500506592	26.404009284413924	230.0	33	1.05	0.95				
	312	1	0.0	0.0	0.0	0.0	3	1.0244443607885843	27.46191486926516	230.0	33	1.05	0.95				
	313	2	159.66229041754386	32.534957292631574	0.0	0.0	3	1.032574854448908	32.738804510560755	230.0	34	1.05	0.95				
	314	2	116.88484656982455	23.49746915578947	0.0	0.0	3	1.0152517132267869	25.851555560451782	230.0	36	1.05	0.95				
	315	2	190.9922492919298	38.559949383859646	0.0	0.0	3	1.038987056003919	21.60427205780218	230.0	36	1.05	0.95				
	316	2	60.2499209122807	12.04998418245614	0.0	0.0	3	1.0342561465453288	23.061781806405158	230.0	36	1.05	0.95				
	317	1	0.0	0.0	0.0	0.0	3	1.05	23.806416635939616	230.0	37	1.05	0.95				
	318	2	200.63223663789472	40.96994622035088	0.0	0.0	3	1.0492812928867334	20.253102597515003	230.0	37	1.05	0.95				
	319	1	109.05235685122807	22.29247073754386	0.0	0.0	3	1.0391106396420662	25.178006204216622	230.0	35	1.05	0.95				
	320	1	77.11989876771929	15.664979437192983	0.0	0.0	3	1.0454426196595072	26.664199770073715	230.0	35	1.05	0.95				
	321	2	0.0	0.0	0.0	0.0	3	1.05	21.34761086323559	230.0	37	1.05	0.95				
	322	2	0.0	0.0	0.0	0.0	3	1.0499999950579644	26.66078518440377	230.0	37	1.05	0.95				
	323	2	0.0	0.0	0.0	0.0	3	1.0486831217895338	27.14818009242591	230.0	35	1.05	0.95				
	324	1	0.0	0.0	0.0	0.0	3	1.0305389654378116	23.087416723216382	230.0	36	1.05	0.95				
	325	1	0.0	0.0	0.0	0.0	3	1.0493374890250615	26.997589500774396	230.0	35	1.05	0.95				
];
