%% MATPOWER Case Format : Version 2
function mpc = RTS_GMLC
mpc.version = '2';

%%-----  Power Flow Data  -----%%
%% system MVA base
mpc.baseMVA = 100.0;
%% bus data
%    bus_i    type    Pd    Qd    Gs    Bs    area    Vm    Va    baseKV    zone    Vmax    Vmin
mpc.bus = [
	101	2	49.01682334736843	9.984908459649123	0.0	0.0	1	1.0376140138155645	2.2426793505764797	138.0	11	1.05	0.95				
	102	2	44.02436911754386	9.07718950877193	0.0	0.0	1	1.0371934330038453	2.0957331740904275	138.0	12	1.05	0.95				
	103	1	81.69470557894736	16.792800591228072	0.0	0.0	1	1.0277557711490097	0.3129340455270662	138.0	11	1.05	0.95				
	104	1	33.585601182456145	6.807892131578948	0.0	0.0	1	1.0225328762922912	-1.2246454815973953	138.0	11	1.05	0.95				
	105	1	32.22402275614035	6.354032656140351	0.0	0.0	1	1.037521444032516	-1.030365983261129	138.0	11	1.05	0.95				
	106	1	61.724888659649125	12.708065312280702	0.0	-100.0	1	1.045580443014922	-3.329991909651753	138.0	12	1.05	0.95				
	107	2	56.732434429824565	11.346486885964913	0.0	0.0	1	1.0015184089722111	-8.300477144307735	138.0	12	1.05	0.95				
	108	1	77.6099703	15.885081640350876	0.0	0.0	1	1.0043894732254923	-7.279070282722934	138.0	12	1.05	0.95				
	109	1	79.4254082017544	16.338941115789474	0.0	0.0	1	1.0244854647380637	-2.140910543204192	138.0	13	1.05	0.95				
	110	1	88.50259771052632	18.15437901754386	0.0	0.0	1	1.05	-2.9346117761527615	138.0	13	1.05	0.95				
	111	1	0.0	0.0	0.0	0.0	1	1.0043031329664265	-0.3076179667199491	230.0	13	1.05	0.95				
	112	1	0.0	0.0	0.0	0.0	1	1.0085996219854336	0.07603633059994185	230.0	13	1.05	0.95				
	113	3	120.27276099122808	24.508411673684215	0.0	0.0	1	0.9968018809683401	-1.0549184441933861e-31	230.0	14	1.05	0.95				
	114	2	88.04873823508773	17.700519542105265	0.0	0.0	1	1.0018861278191358	1.7767073590574733	230.0	16	1.05	0.95				
	115	2	143.8734537140351	29.047006428070176	0.0	0.0	1	1.0357995409255722	7.81758617091544	230.0	16	1.05	0.95				
	116	2	45.38594754385965	9.07718950877193	0.0	0.0	1	1.0321285076378004	7.378199863386709	230.0	16	1.05	0.95				
	117	1	0.0	0.0	0.0	0.0	1	1.0389983011610726	9.307984763660466	230.0	17	1.05	0.95				
	118	2	151.13520532105264	30.862444329824562	0.0	0.0	1	1.0408444759036473	9.35606513220854	230.0	17	1.05	0.95				
	119	1	82.14856505438597	16.792800591228072	0.0	0.0	1	1.0258688089039536	6.239926365977204	230.0	15	1.05	0.95				
	120	1	58.09401285614035	11.80034636140351	0.0	0.0	1	1.0237737082937484	6.130065816723965	230.0	15	1.05	0.95				
	121	2	0.0	0.0	0.0	0.0	1	1.044232749145618	10.44285231026238	230.0	17	1.05	0.95				
	122	2	0.0	0.0	0.0	0.0	1	1.05	16.731971223356346	230.0	17	1.05	0.95				
	123	2	0.0	0.0	0.0	0.0	1	1.0232882558473646	6.421037277710203	230.0	15	1.05	0.95				
	124	1	0.0	0.0	0.0	0.0	1	1.023118571704588	5.0043598051258895	230.0	16	1.05	0.95				
	201	2	48.26255312842106	9.831260822456143	0.0	0.0	2	1.0315306375140059	-5.35032924102753	138.0	21	1.05	0.95				
	202	2	43.34692271719299	8.937509838596492	0.0	0.0	2	1.032042712209004	-5.265479763265315	138.0	22	1.05	0.95				
	203	1	80.43758854736843	16.53439320140351	0.0	0.0	2	1.0188848474083285	-5.823907016701546	138.0	21	1.05	0.95				
	204	1	33.06878640280702	6.703132378947369	0.0	0.0	2	1.0199966436434282	-7.448115535021427	138.0	21	1.05	0.95				
	205	1	31.728159927017547	6.256256887017546	0.0	0.0	2	1.0351997550445118	-7.525323988299372	138.0	21	1.05	0.95				
	206	1	60.77506690245615	12.512513774035092	0.0	-100.0	2	1.045188946910144	-9.16175599944212	138.0	22	1.05	0.95				
	207	2	55.859436491228074	11.171887298245615	0.0	0.0	2	0.9914076158862044	-15.914727301715049	138.0	22	1.05	0.95				
	208	1	76.41570912	15.64064221754386	0.0	0.0	2	0.9971912694967193	-13.881361170195884	138.0	22	1.05	0.95				
	209	1	78.20321108771931	16.087517709473687	0.0	0.0	2	1.0230524821012623	-7.413982861250815	138.0	23	1.05	0.95				
	210	1	87.1407209263158	17.875019677192984	0.0	0.0	2	1.05	-8.312483067804541	138.0	23	1.05	0.95				
	211	1	0.0	0.0	0.0	0.0	2	1.005100016964948	-4.6984597238651045	230.0	23	1.05	0.95				
	212	1	0.0	0.0	0.0	0.0	2	1.007673769248977	-4.003391895480026	230.0	23	1.05	0.95				
	213	2	118.42200536140352	24.13127656421053	0.0	0.0	2	0.9987519467585815	-3.659412643188829	230.0	24	1.05	0.95				
	214	2	86.69384543438598	17.42814418526316	0.0	0.0	2	1.005924175240092	-2.327520601492622	230.0	26	1.05	0.95				
	215	2	141.6595309417544	28.600031483508776	0.0	0.0	2	1.02657211565421	3.717144737127449	230.0	26	1.05	0.95				
	216	2	44.68754919298246	8.937509838596492	0.0	0.0	2	1.0269192364690567	3.720909968558339	230.0	26	1.05	0.95				
	217	1	0.0	0.0	0.0	0.0	2	1.0330301244895166	6.1944973591037185	230.0	27	1.05	0.95				
	218	2	148.8095388126316	30.387533451228077	0.0	0.0	2	1.0345472834206686	6.602943854389176	230.0	27	1.05	0.95				
	219	1	80.88446403929825	16.53439320140351	0.0	0.0	2	1.0252905826065595	3.2562442355454735	230.0	25	1.05	0.95				
	220	1	57.20006296701755	11.618762790175442	0.0	0.0	2	1.0269709637423743	3.7252286909158303	230.0	25	1.05	0.95				
	221	2	0.0	0.0	0.0	0.0	2	1.0348324392810067	6.404250760279906	230.0	27	1.05	0.95				
	222	2	0.0	0.0	0.0	0.0	2	1.05	12.818626640620288	230.0	27	1.05	0.95				
	223	2	0.0	0.0	0.0	0.0	2	1.0286460778468514	4.324986544988579	230.0	25	1.05	0.95				
	224	1	0.0	0.0	0.0	0.0	2	1.0119079734181515	0.1348906270856698	230.0	26	1.05	0.95				
	301	2	39.70136031157895	8.08731413754386	0.0	0.0	3	1.0112660699147007	-13.614903976769083	138.0	31	1.05	0.95				
	302	2	35.65770324280702	7.35210376140351	0.0	0.0	3	1.0112288926460928	-13.722720548159018	138.0	32	1.05	0.95				
	303	1	66.16893385263158	13.601391958596492	0.0	0.0	3	1.0236021795780217	-8.619153058637155	138.0	31	1.05	0.95				
	304	1	27.202783917192985	5.514077821052632	0.0	0.0	3	1.0127867316816497	-12.514791337323008	138.0	31	1.05	0.95				
	305	1	26.099968352982454	5.146472632982457	0.0	0.0	3	1.0260789941515556	-13.23223948304378	138.0	31	1.05	0.95				
	306	1	49.99430557754386	10.292945265964914	0.0	-100.0	3	1.043013820288503	-13.477802704593554	138.0	32	1.05	0.95				
	307	2	45.95064850877193	9.190129701754387	0.0	0.0	3	0.9939545236322056	-17.306299261400067	138.0	32	1.05	0.95				
	308	1	62.86048716	12.866181582456141	0.0	0.0	3	1.0022596859568218	-15.70169659529049	138.0	32	1.05	0.95				
	309	1	64.3309079122807	13.233786770526315	0.0	0.0	3	1.0248699261519845	-10.011243271715019	138.0	33	1.05	0.95				
	310	1	71.68301167368422	14.70420752280702	0.0	0.0	3	1.05	-11.66348840833233	138.0	33	1.05	0.95				
	311	1	0.0	0.0	0.0	0.0	3	1.0025556210663138	-6.842217007398055	230.0	33	1.05	0.95				
	312	1	0.0	0.0	0.0	0.0	3	1.007971677817179	-6.34222677910629	230.0	33	1.05	0.95				
	313	2	97.41537483859649	19.850680155789476	0.0	0.0	3	1.0055146607940841	-3.482101292659457	230.0	34	1.05	0.95				
	314	2	71.31540648561403	14.336602334736842	0.0	0.0	3	0.9951747657667265	-5.6338847240228676	230.0	36	1.05	0.95				
	315	2	116.53084461824561	23.52673203649123	0.0	0.0	3	1.0182293937652078	-2.544925344803177	230.0	36	1.05	0.95				
	316	2	36.76051880701755	7.35210376140351	0.0	0.0	3	1.0177402165294793	-1.7364490916343436	230.0	36	1.05	0.95				
	317	1	0.0	0.0	0.0	0.0	3	1.022932330612389	-0.9431543629441994	230.0	37	1.05	0.95				
	318	2	122.41252762736843	24.99715278877193	0.0	0.0	3	1.022307728554065	-1.0934302031730256	230.0	37	1.05	0.95				
	319	1	66.53653904070175	13.601391958596492	0.0	0.0	3	1.014804276607738	-2.236085759155328	230.0	35	1.05	0.95				
	320	1	47.05346407298246	9.557734889824562	0.0	0.0	3	1.014479820368719	-1.935313709908883	230.0	35	1.05	0.95				
	321	2	0.0	0.0	0.0	0.0	3	1.0230299457106737	-1.037796707289162	230.0	37	1.05	0.95				
	322	2	0.0	0.0	0.0	0.0	3	1.0364202865898107	3.420546873595334	230.0	37	1.05	0.95				
	323	2	0.0	0.0	0.0	0.0	3	1.014666404144719	-1.4783205425396984	230.0	35	1.05	0.95				
	324	1	0.0	0.0	0.0	0.0	3	1.0121202486515646	-4.856313794384438	230.0	36	1.05	0.95				
	325	1	0.0	0.0	0.0	0.0	3	1.0142212754217124	-0.45259558380789433	230.0	35	1.05	0.95				
];
