%% MATPOWER Case Format : Version 2
function mpc = RTS_GMLC
mpc.version = '2';

%%-----  Power Flow Data  -----%%
%% system MVA base
mpc.baseMVA = 100.0;
%% bus data
%    bus_i    type    Pd    Qd    Gs    Bs    area    Vm    Va    baseKV    zone    Vmax    Vmin
mpc.bus = [
	101	2	72.27610093894737	14.722909450526315	0.0	0.0	1	1.0496721450824409	-0.32082112215749226	138.0	11	1.05	0.95				
	102	2	64.91464621368421	13.384463136842104	0.0	0.0	1	1.0484748788692477	-0.6951176632281977	138.0	12	1.05	0.95				
	103	1	120.46016823157895	24.76125680315789	0.0	0.0	1	1.0298681030974315	-1.8685540963342464	138.0	11	1.05	0.95				
	104	1	49.52251360631578	10.038347352631579	0.0	0.0	1	1.0268889844870608	-3.972147808142126	138.0	11	1.05	0.95				
	105	1	47.51484413578947	9.369124195789475	0.0	0.0	1	1.0402844677170204	-4.338863818240109	138.0	11	1.05	0.95				
	106	1	91.01434933052631	18.73824839157895	0.0	-100.0	1	1.041733809955842	-7.288107372004163	138.0	12	1.05	0.95				
	107	2	83.65289460526316	16.73057892105263	0.0	0.0	1	0.999987980091819	-13.93515862424748	138.0	12	1.05	0.95				
	108	1	114.43715981999998	23.42281048947368	0.0	0.0	1	0.9959308448386253	-12.554743874033889	138.0	12	1.05	0.95				
	109	1	117.11405244736841	24.092033646315787	0.0	0.0	1	1.0258732464411655	-5.04677546461064	138.0	13	1.05	0.95				
	110	1	130.4985155842105	26.768926273684208	0.0	0.0	1	1.05	-6.3851691585398935	138.0	13	1.05	0.95				
	111	1	0.0	0.0	0.0	0.0	1	1.0127351745864521	-2.146089468062643	230.0	13	1.05	0.95				
	112	1	0.0	0.0	0.0	0.0	1	1.0147203454955223	-1.5915592291598502	230.0	13	1.05	0.95				
	113	3	177.3441365631579	36.13805046947368	0.0	0.0	1	1.0128724622215055	1.4904679028642158e-30	230.0	14	1.05	0.95				
	114	2	129.82929242736842	26.099703116842104	0.0	0.0	1	1.0154909848388667	-0.4003478314819125	230.0	16	1.05	0.95				
	115	2	212.14374071894736	42.83028203789473	0.0	0.0	1	1.0435955461553563	6.8171769864712495	230.0	16	1.05	0.95				
	116	2	66.92231568421052	13.384463136842104	0.0	0.0	1	1.0405371120210576	6.110937615450589	230.0	16	1.05	0.95				
	117	1	0.0	0.0	0.0	0.0	1	1.0446185995410926	9.091751023483068	230.0	17	1.05	0.95				
	118	2	222.85131122842103	45.50717466526316	0.0	0.0	1	1.047235701798541	9.404574556234293	230.0	17	1.05	0.95				
	119	1	121.12939138842106	24.76125680315789	0.0	0.0	1	1.0331778272140368	4.729076374826757	230.0	15	1.05	0.95				
	120	1	85.66056407578947	17.399802077894737	0.0	0.0	1	1.031816832193866	4.4168854315715365	230.0	15	1.05	0.95				
	121	2	0.0	0.0	0.0	0.0	1	1.05	10.93353686096313	230.0	17	1.05	0.95				
	122	2	0.0	0.0	0.0	0.0	1	1.05	18.84099584528209	230.0	17	1.05	0.95				
	123	2	0.0	0.0	0.0	0.0	1	1.0326944927105879	4.749031202215572	230.0	15	1.05	0.95				
	124	1	0.0	0.0	0.0	0.0	1	1.0274493938728109	3.5776897650857493	230.0	16	1.05	0.95				
	201	2	62.78041868210526	12.788603805614033	0.0	0.0	2	1.0252732747463869	-9.833207571752059	138.0	21	1.05	0.95				
	202	2	56.386116779298234	11.626003459649121	0.0	0.0	2	1.0262642573082355	-9.605268478574583	138.0	22	1.05	0.95				
	203	1	104.63403113684208	21.508106400350872	0.0	0.0	2	1.0155997719714893	-9.398409190059457	138.0	21	1.05	0.95				
	204	1	43.016212800701744	8.71950259473684	0.0	0.0	2	1.0158758481391508	-10.581595860268504	138.0	21	1.05	0.95				
	205	1	41.27231228175438	8.138202421754386	0.0	0.0	2	1.0304124648974313	-10.870687919834195	138.0	21	1.05	0.95				
	206	1	79.05682352561402	16.27640484350877	0.0	-100.0	2	1.0403539632183412	-11.961112403053532	138.0	22	1.05	0.95				
	207	2	72.662521622807	14.532504324561401	0.0	0.0	2	0.991987290395323	-20.321551317415064	138.0	22	1.05	0.95				
	208	1	99.40232957999999	20.34550605438596	0.0	0.0	2	0.9918961958490744	-17.542825649554377	138.0	22	1.05	0.95				
	209	1	101.72753027192982	20.926806227368417	0.0	0.0	2	1.0249679521039081	-9.002239850420944	138.0	23	1.05	0.95				
	210	1	113.35353373157892	23.252006919298243	0.0	0.0	2	1.05	-10.066126696494791	138.0	23	1.05	0.95				
	211	1	0.0	0.0	0.0	0.0	2	1.0120415971057746	-5.782814635094308	230.0	23	1.05	0.95				
	212	1	0.0	0.0	0.0	0.0	2	1.0163033795151166	-1.2749151167806034	230.0	23	1.05	0.95				
	213	2	154.04454584035085	31.39020934105263	0.0	0.0	2	1.0123237652727193	-3.3496311499614153	230.0	24	1.05	0.95				
	214	2	112.77223355859647	22.670706746315787	0.0	0.0	2	1.0150602442644145	-4.107444227750492	230.0	26	1.05	0.95				
	215	2	184.27215483543858	37.20321107087719	0.0	0.0	2	1.034184492626799	1.8848367512028736	230.0	26	1.05	0.95				
	216	2	58.130017298245605	11.626003459649121	0.0	0.0	2	1.0336423767822749	1.821194435801838	230.0	26	1.05	0.95				
	217	1	0.0	0.0	0.0	0.0	2	1.0379985604915762	3.716431558751968	230.0	27	1.05	0.95				
	218	2	193.57295760315787	39.52841176280701	0.0	0.0	2	1.0379887466313944	3.6760555863718642	230.0	27	1.05	0.95				
	219	1	105.21533130982455	21.508106400350872	0.0	0.0	2	1.0319175576270108	1.926341932446513	230.0	25	1.05	0.95				
	220	1	74.40642214175438	15.113804497543859	0.0	0.0	2	1.035139773519445	3.1324568199218574	230.0	25	1.05	0.95				
	221	2	0.0	0.0	0.0	0.0	2	1.0389609496873362	3.8556307290851612	230.0	27	1.05	0.95				
	222	2	0.0	0.0	0.0	0.0	2	1.05	10.302261620500696	230.0	27	1.05	0.95				
	223	2	0.0	0.0	0.0	0.0	2	1.038578817380932	4.226502707066652	230.0	25	1.05	0.95				
	224	1	0.0	0.0	0.0	0.0	2	1.0132290909091135	-2.3094616559707974	230.0	26	1.05	0.95				
	301	2	67.06864917473685	13.662132239298247	0.0	0.0	3	0.9989950015160554	-8.20780619982252	138.0	31	1.05	0.95				
	302	2	60.23758305508772	12.420120217543861	0.0	0.0	3	0.9988653552355213	-8.266958501522199	138.0	32	1.05	0.95				
	303	1	111.78108195789474	22.97722240245614	0.0	0.0	3	1.0138506493727308	-4.3996531714510985	138.0	31	1.05	0.95				
	304	1	45.95444480491228	9.315090163157896	0.0	0.0	3	1.0016674856337473	-6.167519002281238	138.0	31	1.05	0.95				
	305	1	44.0914267722807	8.694084152280702	0.0	0.0	3	1.0148905654502003	-6.227758640904674	138.0	31	1.05	0.95				
	306	1	84.45681747929825	17.388168304561404	0.0	-100.0	3	1.0319926195190234	-5.817676100688634	138.0	32	1.05	0.95				
	307	2	77.62575135964912	15.525150271929824	0.0	0.0	3	0.9924022300403976	-11.185148090950463	138.0	32	1.05	0.95				
	308	1	106.19202786	21.73521038070175	0.0	0.0	3	0.9973924733215128	-8.310678662032315	138.0	32	1.05	0.95				
	309	1	108.67605190350878	22.356216391578947	0.0	0.0	3	1.0261525376193108	-1.9198534642448895	138.0	33	1.05	0.95				
	310	1	121.09617212105263	24.840240435087722	0.0	0.0	3	1.05	-2.267061335039393	138.0	33	1.05	0.95				
	311	1	0.0	0.0	0.0	0.0	3	1.017034923177578	4.33310672912676	230.0	33	1.05	0.95				
	312	1	0.0	0.0	0.0	0.0	3	1.020950319858997	5.66776845508444	230.0	33	1.05	0.95				
	313	2	164.56659288245615	33.534324587368424	0.0	0.0	3	1.0402442122879163	11.890861930514959	230.0	34	1.05	0.95				
	314	2	120.47516611017544	24.21923442421053	0.0	0.0	3	1.0202414917042026	3.994765834248	230.0	36	1.05	0.95				
	315	2	196.85890544807017	39.74438469614035	0.0	0.0	3	1.0313217747208578	0.26878583496977104	230.0	36	1.05	0.95				
	316	2	62.1006010877193	12.420120217543861	0.0	0.0	3	1.0322855454921966	1.4337648660706028	230.0	36	1.05	0.95				
	317	1	0.0	0.0	0.0	0.0	3	1.0354364442613568	1.295698648590037	230.0	37	1.05	0.95				
	318	2	206.79500162210527	42.228408739649126	0.0	0.0	3	1.0335164145543945	0.6698124218496411	230.0	37	1.05	0.95				
	319	1	112.40208796877194	22.97722240245614	0.0	0.0	3	1.0327565300388297	4.169653926201134	230.0	35	1.05	0.95				
	320	1	79.4887693922807	16.146156282807016	0.0	0.0	3	1.0360610822185772	6.183425020396831	230.0	35	1.05	0.95				
	321	2	0.0	0.0	0.0	0.0	3	1.034809586802067	1.0825399156991167	230.0	37	1.05	0.95				
	322	2	0.0	0.0	0.0	0.0	3	1.048244038974131	5.487640026732917	230.0	37	1.05	0.95				
	323	2	0.0	0.0	0.0	0.0	3	1.0381972294498194	7.0336895171105125	230.0	35	1.05	0.95				
	324	1	0.0	0.0	0.0	0.0	3	1.0203840679534029	0.5843556854399328	230.0	36	1.05	0.95				
	325	1	0.0	0.0	0.0	0.0	3	1.0391926118230825	7.368452682061483	230.0	35	1.05	0.95				
];
