%% MATPOWER Case Format : Version 2
function mpc = RTS_GMLC
mpc.version = '2';

%%-----  Power Flow Data  -----%%
%% system MVA base
mpc.baseMVA = 100.0;
%% bus data
%    bus_i    type    Pd    Qd    Gs    Bs    area    Vm    Va    baseKV    zone    Vmax    Vmin
mpc.bus = [
	101	2	39.78525482526316	8.104403760701755	0.0	0.0	1	1.0095334771795517	-5.002526279223622	138.0	11	1.05	0.95				
	102	2	35.73305294491228	7.367639782456141	0.0	0.0	1	1.0094881757700962	-5.198077794276255	138.0	12	1.05	0.95				
	103	1	66.30875804210527	13.630133597543859	0.0	0.0	1	1.0058854870941807	0.6229794166592068	138.0	11	1.05	0.95				
	104	1	27.260267195087717	5.525729836842105	0.0	0.0	1	1.0009355138581217	-4.817435910708806	138.0	11	1.05	0.95				
	105	1	26.155121227719295	5.157347847719299	0.0	0.0	1	1.0158986029457797	-5.635068281093328	138.0	11	1.05	0.95				
	106	1	50.09995052070175	10.314695695438598	0.0	-100.0	1	1.027629676283067	-6.453736852215644	138.0	12	1.05	0.95				
	107	2	46.047748640350875	9.209549728070176	0.0	0.0	1	0.9849873163336064	-8.088415456729075	138.0	12	1.05	0.95				
	108	1	62.993320139999994	12.893369619298245	0.0	0.0	1	0.9891632015395978	-7.619629181333916	138.0	12	1.05	0.95				
	109	1	64.46684809649122	13.261751608421052	0.0	0.0	1	1.0029853389308545	-3.1943947827387777	138.0	13	1.05	0.95				
	110	1	71.83448787894736	14.735279564912283	0.0	0.0	1	1.0308700352800002	-5.0527738125542685	138.0	13	1.05	0.95				
	111	1	0.0	0.0	0.0	0.0	1	0.9812960603750982	-0.8084100421928766	230.0	13	1.05	0.95				
	112	1	0.0	0.0	0.0	0.0	1	0.9822531268067404	-1.388821283567546	230.0	13	1.05	0.95				
	113	3	97.62122711754385	19.89262741263158	0.0	0.0	1	0.9627859205577523	1.348678740279952e-27	230.0	14	1.05	0.95				
	114	2	71.46610588982456	14.366897575789475	0.0	0.0	1	0.988801818592495	1.9605371354327252	230.0	16	1.05	0.95				
	115	2	116.77709055192982	23.57644730385965	0.0	0.0	1	0.9945045759374146	9.546297925197837	230.0	16	1.05	0.95				
	116	2	36.8381989122807	7.367639782456141	0.0	0.0	1	0.9923656823926608	8.367770467716852	230.0	16	1.05	0.95				
	117	1	0.0	0.0	0.0	0.0	1	0.9963155641960851	13.305927845831464	230.0	17	1.05	0.95				
	118	2	122.67120237789473	25.049975260350877	0.0	0.0	1	1.0033831109645364	13.577796824723526	230.0	17	1.05	0.95				
	119	1	66.67714003122806	13.630133597543859	0.0	0.0	1	0.9908207250221914	5.393026269629037	230.0	15	1.05	0.95				
	120	1	47.1528946077193	9.577931717192982	0.0	0.0	1	0.9933003500193559	3.344254002050672	230.0	15	1.05	0.95				
	121	2	0.0	0.0	0.0	0.0	1	1.0042259120646206	14.487631310733025	230.0	17	1.05	0.95				
	122	2	0.0	0.0	0.0	0.0	1	1.0137151098484658	31.178937646042545	230.0	17	1.05	0.95				
	123	2	0.0	0.0	0.0	0.0	1	0.9952623132948154	2.5233472210543733	230.0	15	1.05	0.95				
	124	1	0.0	0.0	0.0	0.0	1	0.9880335340245714	6.128723736864896	230.0	16	1.05	0.95				
	201	2	38.35164490105264	7.812372109473685	0.0	0.0	2	1.0123487361697812	-6.158525168989019	138.0	21	1.05	0.95				
	202	2	34.44545884631579	7.102156463157895	0.0	0.0	2	1.0111033276444215	-6.329954152218424	138.0	22	1.05	0.95				
	203	1	63.91940816842106	13.138989456842104	0.0	0.0	2	0.9980203658604369	-5.0358400516504345	138.0	21	1.05	0.95				
	204	1	26.27797891368421	5.326617347368421	0.0	0.0	2	1.0042521778988653	-5.671996855217034	138.0	21	1.05	0.95				
	205	1	25.212655444210526	4.971509524210527	0.0	0.0	2	1.020257718794335	-5.852768274357571	138.0	21	1.05	0.95				
	206	1	48.29466394947369	9.943019048421053	0.0	-100.0	2	1.0329973253417608	-6.147414317761881	138.0	22	1.05	0.95				
	207	2	44.388477894736845	8.87769557894737	0.0	0.0	2	0.9714505355253843	-10.338649431970602	138.0	22	1.05	0.95				
	208	1	60.723437759999996	12.428773810526316	0.0	0.0	2	0.9832989205760546	-8.778118423327815	138.0	22	1.05	0.95				
	209	1	62.14386905263159	12.78388163368421	0.0	0.0	2	1.008685405272926	-3.619390115123918	138.0	23	1.05	0.95				
	210	1	69.24602551578948	14.20431292631579	0.0	0.0	2	1.0366863611111046	-4.373946086730502	138.0	23	1.05	0.95				
	211	1	0.0	0.0	0.0	0.0	2	0.9865481012756377	-1.8122010574464482	230.0	23	1.05	0.95				
	212	1	0.0	0.0	0.0	0.0	2	0.9922646593934439	3.149101787411959	230.0	23	1.05	0.95				
	213	2	94.1035731368421	19.17582245052632	0.0	0.0	2	0.9822413480253098	0.42671646668422375	230.0	24	1.05	0.95				
	214	2	68.89091769263158	13.849205103157896	0.0	0.0	2	0.9778719437700131	-1.42943484726353	230.0	26	1.05	0.95				
	215	2	112.56917994105262	22.726900682105263	0.0	0.0	2	0.9881607815752482	1.5898232063133484	230.0	26	1.05	0.95				
	216	2	35.51078231578948	7.102156463157895	0.0	0.0	2	0.986308916434876	1.4187436612425082	230.0	26	1.05	0.95				
	217	1	0.0	0.0	0.0	0.0	2	0.9957625583909512	2.441599960775804	230.0	27	1.05	0.95				
	218	2	118.25090511157894	24.147331974736844	0.0	0.0	2	0.996064402462872	2.1141301487946107	230.0	27	1.05	0.95				
	219	1	64.27451599157895	13.138989456842104	0.0	0.0	2	0.9827262808511109	1.8447976730365343	230.0	25	1.05	0.95				
	220	1	45.45380136421053	9.232803402105263	0.0	0.0	2	0.9819899693122781	2.9748865530553315	230.0	25	1.05	0.95				
	221	2	0.0	0.0	0.0	0.0	2	0.9980729288580557	2.7000923330990285	230.0	27	1.05	0.95				
	222	2	0.0	0.0	0.0	0.0	2	1.0164477887510117	8.90287233096223	230.0	27	1.05	0.95				
	223	2	0.0	0.0	0.0	0.0	2	0.9822714698372064	3.8976388056252156	230.0	25	1.05	0.95				
	224	1	0.0	0.0	0.0	0.0	2	0.98348545082295	-0.9458332150417297	230.0	26	1.05	0.95				
	301	2	54.37583045052633	11.076558054736845	0.0	0.0	3	1.0064322673826311	7.934694642964479	138.0	31	1.05	0.95				
	302	2	48.8375514231579	10.069598231578949	0.0	0.0	3	1.0066664513577464	7.840146235687385	138.0	32	1.05	0.95				
	303	1	90.62638408421054	18.628756728421056	0.0	0.0	3	0.9984970575017428	12.951913758782519	138.0	31	1.05	0.95				
	304	1	37.25751345684211	7.552198673684211	0.0	0.0	3	0.9978827861743558	9.653717300912461	138.0	31	1.05	0.95				
	305	1	35.74707372210526	7.048718762105264	0.0	0.0	3	1.0136846037661895	9.249519243503283	138.0	31	1.05	0.95				
	306	1	68.47326797473686	14.097437524210529	0.0	-100.0	3	1.02607850599681	9.395544828254131	138.0	32	1.05	0.95				
	307	2	62.93498894736843	12.586997789473687	0.0	0.0	3	0.9720713132431943	7.349218615021495	138.0	32	1.05	0.95				
	308	1	86.09506488000001	17.62179690526316	0.0	0.0	3	0.9867415603711426	9.58881133507986	138.0	32	1.05	0.95				
	309	1	88.10898452631581	18.125276816842106	0.0	0.0	3	1.0078478172093575	13.277897575786824	138.0	33	1.05	0.95				
	310	1	98.17858275789474	20.139196463157898	0.0	0.0	3	1.0350662531312984	12.233722752283377	138.0	33	1.05	0.95				
	311	1	0.0	0.0	0.0	0.0	3	0.9879510530047123	17.768821075620824	230.0	33	1.05	0.95				
	312	1	0.0	0.0	0.0	0.0	3	0.9961171543332429	18.37389565161379	230.0	33	1.05	0.95				
	313	2	133.42217656842107	27.187915225263165	0.0	0.0	3	0.9990453386082011	22.91760957506584	230.0	34	1.05	0.95				
	314	2	97.6751028463158	19.635716551578952	0.0	0.0	3	0.9794004231264268	18.37834758158863	230.0	36	1.05	0.95				
	315	2	159.60313197052633	32.22271434105264	0.0	0.0	3	0.9840656571036692	17.17057499392653	230.0	36	1.05	0.95				
	316	2	50.34799115789475	10.069598231578949	0.0	0.0	3	0.9735115332593078	17.936615258155953	230.0	36	1.05	0.95				
	317	1	0.0	0.0	0.0	0.0	3	0.9926813892746424	20.413704082326667	230.0	37	1.05	0.95				
	318	2	167.6588105557895	34.23663398736843	0.0	0.0	3	0.991417939020434	17.665777706551783	230.0	37	1.05	0.95				
	319	1	91.12986399578949	18.628756728421056	0.0	0.0	3	0.9831324798017225	17.790778038578758	230.0	35	1.05	0.95				
	320	1	64.44542868210527	13.090477701052633	0.0	0.0	3	0.9937424765300443	17.914182459313846	230.0	35	1.05	0.95				
	321	2	0.0	0.0	0.0	0.0	3	0.9958047232866284	18.10372464100841	230.0	37	1.05	0.95				
	322	2	0.0	0.0	0.0	0.0	3	1.013039442089496	23.164147730707136	230.0	37	1.05	0.95				
	323	2	0.0	0.0	0.0	0.0	3	0.9999775857382299	18.116471793825294	230.0	35	1.05	0.95				
	324	1	0.0	0.0	0.0	0.0	3	0.9860035411467606	17.863692106150395	230.0	36	1.05	0.95				
	325	1	0.0	0.0	0.0	0.0	3	1.00162049319073	17.812134394421975	230.0	35	1.05	0.95				
];
