%% MATPOWER Case Format : Version 2
function mpc = RTS_GMLC
mpc.version = '2';

%%-----  Power Flow Data  -----%%
%% system MVA base
mpc.baseMVA = 100.0;
%% bus data
%    bus_i    type    Pd    Qd    Gs    Bs    area    Vm    Va    baseKV    zone    Vmax    Vmin
mpc.bus = [
	101	2	50.39287480421053	10.265215237894736	0.0	0.0	1	1.0442845406196646	3.271037856025722	138.0	11	1.05	0.95				
	102	2	45.26026718526315	9.33201385263158	0.0	0.0	1	1.0432124745679623	2.9470653274991676	138.0	12	1.05	0.95				
	103	1	83.98812467368421	17.264225627368422	0.0	0.0	1	1.031558133920597	0.8130006670005682	138.0	11	1.05	0.95				
	104	1	34.528451254736844	6.999010389473684	0.0	0.0	1	1.0266675095641213	-0.6535434096646578	138.0	11	1.05	0.95				
	105	1	33.1286491768421	6.532409696842106	0.0	0.0	1	1.0400742992967509	-0.7370680897411893	138.0	11	1.05	0.95				
	106	1	63.457694197894746	13.064819393684212	0.0	-100.0	1	1.0461179939024339	-3.499860527701414	138.0	12	1.05	0.95				
	107	2	58.32508657894737	11.665017315789473	0.0	0.0	1	0.9990751695909631	-11.143885774427662	138.0	12	1.05	0.95				
	108	1	79.78871844	16.331024242105265	0.0	0.0	1	1.0013491710988451	-9.10516963390104	138.0	12	1.05	0.95				
	109	1	81.65512121052632	16.79762493473684	0.0	0.0	1	1.0248076985982992	-2.483278586858441	138.0	13	1.05	0.95				
	110	1	90.9871350631579	18.66402770526316	0.0	0.0	1	1.05	-3.382571838398144	138.0	13	1.05	0.95				
	111	1	0.0	0.0	0.0	0.0	1	1.0050550320217673	-0.5586998627037265	230.0	13	1.05	0.95				
	112	1	0.0	0.0	0.0	0.0	1	1.009533518109855	-0.8875822000347054	230.0	13	1.05	0.95				
	113	3	123.64918354736842	25.196437402105264	0.0	0.0	1	0.9982482054114704	1.7083450121294567e-31	230.0	14	1.05	0.95				
	114	2	90.5205343705263	18.19742701263158	0.0	0.0	1	1.0029838383228005	1.447689995286064	230.0	16	1.05	0.95				
	115	2	147.91241956421052	29.862444328421052	0.0	0.0	1	1.04034351175169	8.267282133488239	230.0	16	1.05	0.95				
	116	2	46.660069263157894	9.33201385263158	0.0	0.0	1	1.035213603340801	6.999868618072764	230.0	16	1.05	0.95				
	117	1	0.0	0.0	0.0	0.0	1	1.0416608974679975	11.149739637418808	230.0	17	1.05	0.95				
	118	2	155.37803064631578	31.728847098947373	0.0	0.0	1	1.0471828271373314	11.786711567468002	230.0	17	1.05	0.95				
	119	1	84.45472536631578	17.264225627368422	0.0	0.0	1	1.0242242701985982	4.327028852276532	230.0	15	1.05	0.95				
	120	1	59.724888656842104	12.131618008421052	0.0	0.0	1	1.0192153079875172	2.7619845632771085	230.0	15	1.05	0.95				
	121	2	0.0	0.0	0.0	0.0	1	1.0498024245572892	13.352753193035946	230.0	17	1.05	0.95				
	122	2	0.0	0.0	0.0	0.0	1	1.05	23.08539030312658	230.0	17	1.05	0.95				
	123	2	0.0	0.0	0.0	0.0	1	1.017275906066678	2.2599252939552525	230.0	15	1.05	0.95				
	124	1	0.0	0.0	0.0	0.0	1	1.027392892022821	5.475290312916721	230.0	16	1.05	0.95				
	201	2	53.345506054736845	10.866677159298247	0.0	0.0	2	1.0139168610881018	-15.178310475472014	138.0	21	1.05	0.95				
	202	2	47.91216747508772	9.878797417543861	0.0	0.0	2	1.0131081705186773	-15.452268797589785	138.0	22	1.05	0.95				
	203	1	88.90917675789474	18.27577522245614	0.0	0.0	2	1.0132046944151019	-11.05277895799248	138.0	21	1.05	0.95				
	204	1	36.55155044491228	7.409098063157894	0.0	0.0	2	1.0106653707253728	-14.582889701601768	138.0	21	1.05	0.95				
	205	1	35.0697308322807	6.915158192280703	0.0	0.0	2	1.0256742818296336	-15.063549155259873	138.0	21	1.05	0.95				
	206	1	67.17582243929824	13.830316384561407	0.0	-100.0	2	1.0398133215968681	-15.587232600638048	138.0	22	1.05	0.95				
	207	2	61.74248385964912	12.348496771929824	0.0	0.0	2	0.9959443518222795	-21.63214754289707	138.0	22	1.05	0.95				
	208	1	84.46371792000001	17.287895480701753	0.0	0.0	2	0.9979795433744567	-19.329572237393602	138.0	22	1.05	0.95				
	209	1	86.43947740350877	17.78183535157895	0.0	0.0	2	1.0240645547188556	-11.836631434507956	138.0	23	1.05	0.95				
	210	1	96.31827482105263	19.757594835087723	0.0	0.0	2	1.05	-13.362576037905805	138.0	23	1.05	0.95				
	211	1	0.0	0.0	0.0	0.0	2	1.0099840400437308	-8.699703087264902	230.0	23	1.05	0.95				
	212	1	0.0	0.0	0.0	0.0	2	1.0133208809113623	-5.106416269199806	230.0	23	1.05	0.95				
	213	2	130.89406578245615	26.672753027368422	0.0	0.0	2	1.0100256427078578	-6.364573943657657	230.0	24	1.05	0.95				
	214	2	95.82433495017544	19.263654964210527	0.0	0.0	2	1.0121468384095345	-6.769709534067449	230.0	26	1.05	0.95				
	215	2	156.57893906807016	31.612151736140355	0.0	0.0	2	1.0243070443805982	-0.7862916304913389	230.0	26	1.05	0.95				
	216	2	49.393987087719296	9.878797417543861	0.0	0.0	2	1.0253378378529387	-0.9767025648281057	230.0	26	1.05	0.95				
	217	1	0.0	0.0	0.0	0.0	2	1.0285789656477524	0.27871709508736775	230.0	27	1.05	0.95				
	218	2	164.48197700210528	33.58791121964912	0.0	0.0	2	1.027628452464048	-0.28223121979597643	230.0	27	1.05	0.95				
	219	1	89.40311662877193	18.27577522245614	0.0	0.0	2	1.025496722061676	-0.6363865261266004	230.0	25	1.05	0.95				
	220	1	63.22430347228071	12.842436642807018	0.0	0.0	2	1.0294083845327253	0.6193238089460551	230.0	25	1.05	0.95				
	221	2	0.0	0.0	0.0	0.0	2	1.0298729225271177	0.3536034526693813	230.0	27	1.05	0.95				
	222	2	0.0	0.0	0.0	0.0	2	1.0499999958141617	6.8160070068904695	230.0	27	1.05	0.95				
	223	2	0.0	0.0	0.0	0.0	2	1.0328465875048733	1.6800434430989795	230.0	25	1.05	0.95				
	224	1	0.0	0.0	0.0	0.0	2	1.007536828593402	-4.6286416113555875	230.0	26	1.05	0.95				
	301	2	52.56501108631579	10.707687443508771	0.0	0.0	3	1.0056142533120267	3.7595466237375397	138.0	31	1.05	0.95				
	302	2	47.211167364561405	9.734261312280703	0.0	0.0	3	1.0051136818955848	3.56710918581029	138.0	32	1.05	0.95				
	303	1	87.60835181052632	18.0083834277193	0.0	0.0	3	1.0372847868277757	11.569863491749544	138.0	31	1.05	0.95				
	304	1	36.0167668554386	7.300695984210526	0.0	0.0	3	1.0085337925991087	4.893596241716622	138.0	31	1.05	0.95				
	305	1	34.55662765859649	6.813982918596492	0.0	0.0	3	1.0214504525060655	4.087482610985134	138.0	31	1.05	0.95				
	306	1	66.19297692350878	13.627965837192985	0.0	-100.0	3	1.038046424310132	3.6999089574539004	138.0	32	1.05	0.95				
	307	2	60.83913320175439	12.167826640350878	0.0	0.0	3	0.9907174603713649	-0.6859812214128755	138.0	32	1.05	0.95				
	308	1	83.22793422	17.03495729649123	0.0	0.0	3	0.9988866747904113	1.499062785989618	138.0	32	1.05	0.95				
	309	1	85.17478648245614	17.52167036210526	0.0	0.0	3	1.0269484350051374	7.968317436365447	138.0	33	1.05	0.95				
	310	1	94.90904779473685	19.468522624561405	0.0	0.0	3	1.05	5.981994708398443	138.0	33	1.05	0.95				
	311	1	0.0	0.0	0.0	0.0	3	1.00808319474213	10.421442747387134	230.0	33	1.05	0.95				
	312	1	0.0	0.0	0.0	0.0	3	1.014142668639132	11.313615986865347	230.0	33	1.05	0.95				
	313	2	128.9789623877193	26.282505543157896	0.0	0.0	3	1.0140023125045403	15.305488443557772	230.0	34	1.05	0.95				
	314	2	94.42233472912281	18.98180955894737	0.0	0.0	3	1.0028346168163729	9.680454941014304	230.0	36	1.05	0.95				
	315	2	154.28804179964914	31.149636199298246	0.0	0.0	3	1.0290581427946022	7.194971987639287	230.0	36	1.05	0.95				
	316	2	48.67130656140351	9.734261312280703	0.0	0.0	3	1.0250798341461678	7.560288956340771	230.0	36	1.05	0.95				
	317	1	0.0	0.0	0.0	0.0	3	1.0319735632302103	7.454829917133246	230.0	37	1.05	0.95				
	318	2	162.0754508494737	33.09648846175439	0.0	0.0	3	1.0310906569549125	6.45323336035161	230.0	37	1.05	0.95				
	319	1	88.09506487614036	18.0083834277193	0.0	0.0	3	1.0222515616166796	9.228809353036128	230.0	35	1.05	0.95				
	320	1	62.29927239859649	12.654539705964913	0.0	0.0	3	1.021359125407353	10.552080878209747	230.0	35	1.05	0.95				
	321	2	0.0	0.0	0.0	0.0	3	1.0323702382622357	7.26289301744955	230.0	37	1.05	0.95				
	322	2	0.0	0.0	0.0	0.0	3	1.0455927044135132	11.681257977910034	230.0	37	1.05	0.95				
	323	2	0.0	0.0	0.0	0.0	3	1.0211708171361145	11.286725458901387	230.0	35	1.05	0.95				
	324	1	0.0	0.0	0.0	0.0	3	1.031594868087091	10.370705043456319	230.0	36	1.05	0.95				
	325	1	0.0	0.0	0.0	0.0	3	1.0240174525154369	11.478751335461176	230.0	35	1.05	0.95				
];
