%% MATPOWER Case Format : Version 2
function mpc = RTS_GMLC
mpc.version = '2';

%%-----  Power Flow Data  -----%%
%% system MVA base
mpc.baseMVA = 100.0;
%% bus data
%    bus_i    type    Pd    Qd    Gs    Bs    area    Vm    Va    baseKV    zone    Vmax    Vmin
mpc.bus = [
	101	2	81.28055417684212	16.55714992491228	0.0	0.0	1	1.0325433646948228	-3.166563694222085	138.0	11	1.05	0.95				
	102	2	73.00197921438597	15.051954477192986	0.0	0.0	1	1.0325493697699146	-3.221026573203982	138.0	12	1.05	0.95				
	103	1	135.46759029473685	27.84611578280702	0.0	0.0	1	1.019696071009938	-3.634387233071191	138.0	11	1.05	0.95				
	104	1	55.69223156561404	11.288965857894736	0.0	0.0	1	1.0161159853899748	-5.937186418206406	138.0	11	1.05	0.95				
	105	1	53.43443839403509	10.53636813403509	0.0	0.0	1	1.0313041414779416	-5.98437709719633	138.0	11	1.05	0.95				
	106	1	102.3532904449123	21.07273626807018	0.0	-100.0	1	1.03617879380546	-8.246326767833166	138.0	12	1.05	0.95				
	107	2	94.07471548245616	18.81494309649123	0.0	0.0	1	1.0481646628083499	-4.256429462495432	138.0	12	1.05	0.95				
	108	1	128.69421078000002	26.34092033508772	0.0	0.0	1	1.0244062760848518	-7.2240053184253545	138.0	12	1.05	0.95				
	109	1	131.7046016754386	27.093518058947367	0.0	0.0	1	1.0268010623741544	-5.112291847916752	138.0	13	1.05	0.95				
	110	1	146.7565561526316	30.10390895438597	0.0	0.0	1	1.05	-6.463564759476572	138.0	13	1.05	0.95				
	111	1	0.0	0.0	0.0	0.0	1	1.0143795142898302	-2.0491518196289076	230.0	13	1.05	0.95				
	112	1	0.0	0.0	0.0	0.0	1	1.0164676560979478	-1.0512380267003956	230.0	13	1.05	0.95				
	113	3	199.43839682280702	40.64027708842106	0.0	0.0	1	1.0165048734405124	2.030282576283385e-26	230.0	14	1.05	0.95				
	114	2	146.00395842877194	29.351311230526317	0.0	0.0	1	1.0171447952443224	-0.06608382998891166	230.0	16	1.05	0.95				
	115	2	238.5734784635088	48.16625432701755	0.0	0.0	1	1.0450169282180821	7.533008623704213	230.0	16	1.05	0.95				
	116	2	75.25977238596492	15.051954477192986	0.0	0.0	1	1.0434909147120703	7.2743108022336305	230.0	16	1.05	0.95				
	117	1	0.0	0.0	0.0	0.0	1	1.0472074821466686	10.149594346402724	230.0	17	1.05	0.95				
	118	2	250.61504204526318	51.17664522245615	0.0	0.0	1	1.049145714288138	10.709957543862657	230.0	17	1.05	0.95				
	119	1	136.2201880185965	27.84611578280702	0.0	0.0	1	1.0380555874436779	6.260706217801911	230.0	15	1.05	0.95				
	120	1	96.3325086540351	19.567540820350878	0.0	0.0	1	1.0400201317192395	6.799992026860421	230.0	15	1.05	0.95				
	121	2	0.0	0.0	0.0	0.0	1	1.05	11.364478262260047	230.0	17	1.05	0.95				
	122	2	0.0	0.0	0.0	0.0	1	1.05	17.6312249003474	230.0	17	1.05	0.95				
	123	2	0.0	0.0	0.0	0.0	1	1.043285593199586	7.649980975699337	230.0	15	1.05	0.95				
	124	1	0.0	0.0	0.0	0.0	1	1.0215513334473723	3.4083979855118147	230.0	16	1.05	0.95				
	201	2	83.36722808842106	16.98221312912281	0.0	0.0	2	1.0425111877442477	-10.897687796557243	138.0	21	1.05	0.95				
	202	2	74.87612152385965	15.438375571929827	0.0	0.0	2	1.042536469389871	-11.04351707388231	138.0	22	1.05	0.95				
	203	1	138.94538014736844	28.560994808070177	0.0	0.0	2	1.0269965825952314	-7.742296448784884	138.0	21	1.05	0.95				
	204	1	57.121989616140354	11.578781678947369	0.0	0.0	2	1.0198253909862776	-12.702298138787823	138.0	21	1.05	0.95				
	205	1	54.80623328035088	10.806862900350879	0.0	0.0	2	1.0364149296773926	-13.102237421104993	138.0	21	1.05	0.95				
	206	1	104.98095388912283	21.613725800701758	0.0	-100.0	2	1.0384096260738738	-15.076446321760907	138.0	22	1.05	0.95				
	207	2	96.48984732456141	19.29796946491228	0.0	0.0	2	0.9537106820032812	-26.714309656843685	138.0	22	1.05	0.95				
	208	1	131.99811114	27.017157250877194	0.0	0.0	2	0.9596446278898694	-22.83152431218773	138.0	22	1.05	0.95				
	209	1	135.08578625438597	27.789076029473687	0.0	0.0	2	1.0257128323404325	-10.952255008563734	138.0	23	1.05	0.95				
	210	1	150.5241618263158	30.876751143859654	0.0	0.0	2	1.05	-12.929445324038474	138.0	23	1.05	0.95				
	211	1	0.0	0.0	0.0	0.0	2	1.0300961469826668	-5.779082765641452	230.0	23	1.05	0.95				
	212	1	0.0	0.0	0.0	0.0	2	1.0222916132302085	-4.519249133355076	230.0	23	1.05	0.95				
	213	2	204.55847632807016	41.68361404421053	0.0	0.0	2	1.0451587113317689	-1.7655808730735183	230.0	24	1.05	0.95				
	214	2	149.7522430477193	30.104832365263164	0.0	0.0	2	1.0478350207246128	-3.3731504814249926	230.0	26	1.05	0.95				
	215	2	244.69825281508776	49.40280183017544	0.0	0.0	2	1.04518850456782	4.855210204480159	230.0	26	1.05	0.95				
	216	2	77.19187785964913	15.438375571929827	0.0	0.0	2	1.04926717536633	4.797888367640361	230.0	26	1.05	0.95				
	217	1	0.0	0.0	0.0	0.0	2	1.0494735956419168	7.878746126812407	230.0	27	1.05	0.95				
	218	2	257.0489532726316	52.490476944561415	0.0	0.0	2	1.05	8.64201219514035	230.0	27	1.05	0.95				
	219	1	139.7172989259649	28.560994808070177	0.0	0.0	2	1.0440306293749266	4.339948513255757	230.0	25	1.05	0.95				
	220	1	98.80560366035088	20.069888243508775	0.0	0.0	2	1.0462940683392101	5.3832067972529165	230.0	25	1.05	0.95				
	221	2	0.0	0.0	0.0	0.0	2	1.05	9.101729325347907	230.0	27	1.05	0.95				
	222	2	0.0	0.0	0.0	0.0	2	1.05	15.133789551257584	230.0	27	1.05	0.95				
	223	2	0.0	0.0	0.0	0.0	2	1.05	6.515937082444872	230.0	25	1.05	0.95				
	224	1	0.0	0.0	0.0	0.0	2	1.0224631521049559	0.16727841382890726	230.0	26	1.05	0.95				
	301	2	64.14742170947369	13.067067385263156	0.0	0.0	3	1.0115823688864405	-16.586935383389473	138.0	31	1.05	0.95				
	302	2	57.6138880168421	11.879152168421053	0.0	0.0	3	1.0105007608247976	-16.855202457239947	138.0	32	1.05	0.95				
	303	1	106.91236951578946	21.976431511578944	0.0	0.0	3	1.024021822140143	-10.465566232021997	138.0	31	1.05	0.95				
	304	1	43.95286302315789	8.909364126315788	0.0	0.0	3	1.0089677342210854	-15.41469313658794	138.0	31	1.05	0.95				
	305	1	42.17099019789473	8.315406517894736	0.0	0.0	3	1.022895747791044	-16.219955738311132	138.0	31	1.05	0.95				
	306	1	80.77823474526315	16.630813035789473	0.0	-100.0	3	1.036174975525307	-16.686478045289093	138.0	32	1.05	0.95				
	307	2	74.24470105263158	14.848940210526315	0.0	0.0	3	1.0062314997318018	-18.10899724168801	138.0	32	1.05	0.95				
	308	1	101.56675103999999	20.78851629473684	0.0	0.0	3	1.0037884482560515	-17.767233223273404	138.0	32	1.05	0.95				
	309	1	103.9425814736842	21.38247390315789	0.0	0.0	3	1.0276919888701135	-11.812637187276643	138.0	33	1.05	0.95				
	310	1	115.82173364210526	23.758304336842105	0.0	0.0	3	1.05	-13.946791865804256	138.0	33	1.05	0.95				
	311	1	0.0	0.0	0.0	0.0	3	1.0156966688631481	-7.415698266799375	230.0	33	1.05	0.95				
	312	1	0.0	0.0	0.0	0.0	3	1.0160222224039954	-6.474859575800567	230.0	33	1.05	0.95				
	313	2	157.39876623157895	32.073710854736845	0.0	0.0	3	1.0227798180168195	-3.1646100603467557	230.0	34	1.05	0.95				
	314	2	115.2277760336842	23.164346728421055	0.0	0.0	3	1.022465156347088	-5.675740681579731	230.0	36	1.05	0.95				
	315	2	188.28456186947366	38.01328693894737	0.0	0.0	3	1.045518424284914	0.6136007604421788	230.0	36	1.05	0.95				
	316	2	59.39576084210526	11.879152168421053	0.0	0.0	3	1.0430402056415415	0.37483392566315793	230.0	36	1.05	0.95				
	317	1	0.0	0.0	0.0	0.0	3	1.0466809111527835	2.711798114477268	230.0	37	1.05	0.95				
	318	2	197.78788360421052	40.389117372631574	0.0	0.0	3	1.0474697699425939	2.956807759126365	230.0	37	1.05	0.95				
	319	1	107.50632712421053	21.976431511578944	0.0	0.0	3	1.038925614399744	-0.0856476641468783	230.0	35	1.05	0.95				
	320	1	76.02657387789473	15.442897818947369	0.0	0.0	3	1.0400853459951012	0.638378628920622	230.0	35	1.05	0.95				
	321	2	0.0	0.0	0.0	0.0	3	1.05	4.086472616205113	230.0	37	1.05	0.95				
	322	2	0.0	0.0	0.0	0.0	3	1.05	9.321823026943388	230.0	37	1.05	0.95				
	323	2	0.0	0.0	0.0	0.0	3	1.042215842218385	1.476342676137783	230.0	35	1.05	0.95				
	324	1	0.0	0.0	0.0	0.0	3	1.0235859295121477	-3.493551903606011	230.0	36	1.05	0.95				
	325	1	0.0	0.0	0.0	0.0	3	1.0408294710750887	2.3045796840548305	230.0	35	1.05	0.95				
];
