%% MATPOWER Case Format : Version 2
function mpc = RTS_GMLC
mpc.version = '2';

%%-----  Power Flow Data  -----%%
%% system MVA base
mpc.baseMVA = 100.0;
%% bus data
%    bus_i    type    Pd    Qd    Gs    Bs    area    Vm    Va    baseKV    zone    Vmax    Vmin
mpc.bus = [
	101	2	38.07521029894737	7.756061357192983	0.0	0.0	1	1.0348955340572639	3.4785944138223783	138.0	11	1.05	0.95				
	102	2	34.19717962035087	7.050964870175439	0.0	0.0	1	1.0339828292879616	3.2197143476334755	138.0	12	1.05	0.95				
	103	1	63.458683831578945	13.044285009824561	0.0	0.0	1	1.0308314152704214	1.7843214760508603	138.0	11	1.05	0.95				
	104	1	26.088570019649122	5.2882236526315785	0.0	0.0	1	1.0228645463598725	0.07757263917685751	138.0	11	1.05	0.95				
	105	1	25.030925289122802	4.935675409122807	0.0	0.0	1	1.0375091775767795	0.31787796342223973	138.0	11	1.05	0.95				
	106	1	47.946561117192985	9.871350818245613	0.0	-100.0	1	1.0477165426280897	-1.8667371663078487	138.0	12	1.05	0.95				
	107	2	44.06853043859649	8.813706087719297	0.0	0.0	1	1.0012197049021407	-7.368278102604308	138.0	12	1.05	0.95				
	108	1	60.28574964	12.339188522807016	0.0	0.0	1	1.007065218008444	-5.9412503060201765	138.0	12	1.05	0.95				
	109	1	61.69594261403508	12.691736766315787	0.0	0.0	1	1.0242123033294344	-1.0651069205234804	138.0	13	1.05	0.95				
	110	1	68.74690748421052	14.101929740350878	0.0	0.0	1	1.05	-1.7792956375784346	138.0	13	1.05	0.95				
	111	1	0.0	0.0	0.0	0.0	1	1.0008326332571793	0.3448000222177849	230.0	13	1.05	0.95				
	112	1	0.0	0.0	0.0	0.0	1	1.005630019126293	0.09607481549304285	230.0	13	1.05	0.95				
	113	3	93.42528452982455	19.037605149473684	0.0	0.0	1	0.9894481263991513	-5.7622972241416694e-30	230.0	14	1.05	0.95				
	114	2	68.39435924070175	13.749381496842105	0.0	0.0	1	0.9974285352301381	2.554450073145993	230.0	16	1.05	0.95				
	115	2	111.7577931922807	22.5630875845614	0.0	0.0	1	1.036099030556389	8.593577668928877	230.0	16	1.05	0.95				
	116	2	35.254824350877186	7.050964870175439	0.0	0.0	1	1.0312007930827127	7.651929399747751	230.0	16	1.05	0.95				
	117	1	0.0	0.0	0.0	0.0	1	1.039051518484343	11.144493525133772	230.0	17	1.05	0.95				
	118	2	117.39856508842104	23.973280558596493	0.0	0.0	1	1.0441471933028381	11.476083011145906	230.0	17	1.05	0.95				
	119	1	63.81123207508772	13.044285009824561	0.0	0.0	1	1.021294816617869	5.551975613126067	230.0	15	1.05	0.95				
	120	1	45.1261751691228	9.16625433122807	0.0	0.0	1	1.0155904217311753	4.3995310988434175	230.0	15	1.05	0.95				
	121	2	0.0	0.0	0.0	0.0	1	1.0474630390510982	12.606828068008069	230.0	17	1.05	0.95				
	122	2	0.0	0.0	0.0	0.0	1	1.05	22.688393521158233	230.0	17	1.05	0.95				
	123	2	0.0	0.0	0.0	0.0	1	1.0126739687616522	4.041349080474645	230.0	15	1.05	0.95				
	124	1	0.0	0.0	0.0	0.0	1	1.025149050445731	6.034479949713017	230.0	16	1.05	0.95				
	201	2	38.47064377263158	7.836612620350877	0.0	0.0	2	1.016907915089755	-9.874949176530356	138.0	21	1.05	0.95				
	202	2	34.55233746245614	7.12419329122807	0.0	0.0	2	1.0163847954882024	-10.049401442092178	138.0	22	1.05	0.95				
	203	1	64.11773962105264	13.17975758877193	0.0	0.0	2	1.0157844858113105	-7.260448336975034	138.0	21	1.05	0.95				
	204	1	26.35951517754386	5.343144968421052	0.0	0.0	2	1.0145314908624599	-10.21812143653557	138.0	21	1.05	0.95				
	205	1	25.29088618385965	4.98693530385965	0.0	0.0	2	1.0292987497248784	-10.54428001840889	138.0	21	1.05	0.95				
	206	1	48.44451438035088	9.9738706077193	0.0	-100.0	2	1.044525479972524	-11.357803158018855	138.0	22	1.05	0.95				
	207	2	44.526208070175436	8.905241614035088	0.0	0.0	2	0.9967452897484778	-15.762622148021617	138.0	22	1.05	0.95				
	208	1	60.91185264	12.467338259649122	0.0	0.0	2	1.003819359044622	-14.200392803954447	138.0	22	1.05	0.95				
	209	1	62.33669129824562	12.823547924210526	0.0	0.0	2	1.0225212270548718	-8.873337554578223	138.0	23	1.05	0.95				
	210	1	69.46088458947368	14.24838658245614	0.0	0.0	2	1.05	-10.068030585015725	138.0	23	1.05	0.95				
	211	1	0.0	0.0	0.0	0.0	2	1.0022854443127833	-6.300106543500544	230.0	23	1.05	0.95				
	212	1	0.0	0.0	0.0	0.0	2	1.0054971235339243	-5.562100636802	230.0	23	1.05	0.95				
	213	2	94.39556110877193	19.23532188631579	0.0	0.0	2	0.9961205803110482	-5.0279669581331605	230.0	24	1.05	0.95				
	214	2	69.10467492491227	13.892176917894739	0.0	0.0	2	1.0004153685911557	-4.09489307315625	230.0	26	1.05	0.95				
	215	2	112.91846366596492	22.797418531929825	0.0	0.0	2	1.016323927404101	1.2191907150201824	230.0	26	1.05	0.95				
	216	2	35.62096645614035	7.12419329122807	0.0	0.0	2	1.0174590616955619	1.1825774832069618	230.0	26	1.05	0.95				
	217	1	0.0	0.0	0.0	0.0	2	1.0222736341211507	2.5910765668894173	230.0	27	1.05	0.95				
	218	2	118.61781829894737	24.22225719017544	0.0	0.0	2	1.021652536919205	2.1992953773725836	230.0	27	1.05	0.95				
	219	1	64.47394928561404	13.17975758877193	0.0	0.0	2	1.0182407421102142	1.1919458809207932	230.0	25	1.05	0.95				
	220	1	45.59483706385965	9.26145127859649	0.0	0.0	2	1.0209814813908014	1.9081494962513308	230.0	25	1.05	0.95				
	221	2	0.0	0.0	0.0	0.0	2	1.0234886216996217	2.6786293884775154	230.0	27	1.05	0.95				
	222	2	0.0	0.0	0.0	0.0	2	1.045462631870174	9.191779734221301	230.0	27	1.05	0.95				
	223	2	0.0	0.0	0.0	0.0	2	1.022902052702531	2.5784482477194604	230.0	25	1.05	0.95				
	224	1	0.0	0.0	0.0	0.0	2	1.0056323739710926	-1.987281408829257	230.0	26	1.05	0.95				
	301	2	42.57133817684211	8.671939258245615	0.0	0.0	3	1.012252989866647	-6.007293793246073	138.0	31	1.05	0.95				
	302	2	38.235368547719304	7.88358114385965	0.0	0.0	3	1.0119643647404388	-6.270498754673422	138.0	32	1.05	0.95				
	303	1	70.95223029473684	14.584625116140352	0.0	0.0	3	1.0421685444596165	4.219765452121173	138.0	31	1.05	0.95				
	304	1	29.169250232280703	5.912685857894736	0.0	0.0	3	1.0126552531748805	-5.266234713453266	138.0	31	1.05	0.95				
	305	1	27.986713060701753	5.518506800701755	0.0	0.0	3	1.0263823923517095	-6.687293249061551	138.0	31	1.05	0.95				
	306	1	53.60835177824562	11.03701360140351	0.0	-100.0	3	1.042369945505013	-7.555622972545306	138.0	32	1.05	0.95				
	307	2	49.272382149122805	9.854476429824562	0.0	0.0	3	0.9916355824338552	-11.452951516040613	138.0	32	1.05	0.95				
	308	1	67.40461878	13.796267001754387	0.0	0.0	3	0.9997254250707375	-9.710743402995416	138.0	32	1.05	0.95				
	309	1	68.98133500877192	14.190446058947368	0.0	0.0	3	1.0248643178547123	-2.8195174465374793	138.0	33	1.05	0.95				
	310	1	76.86491615263158	15.7671622877193	0.0	0.0	3	1.05	-6.096134896592213	138.0	33	1.05	0.95				
	311	1	0.0	0.0	0.0	0.0	3	1.0052489106363196	-2.1018313905736634	230.0	33	1.05	0.95				
	312	1	0.0	0.0	0.0	0.0	3	1.0117013163889923	-1.3426268840589588	230.0	33	1.05	0.95				
	313	2	104.45745015614034	21.285669088421056	0.0	0.0	3	1.0084855248806595	0.9010545338217989	230.0	34	1.05	0.95				
	314	2	76.47073709543861	15.372983230526316	0.0	0.0	3	0.9957352993289513	-2.250989426197126	230.0	36	1.05	0.95				
	315	2	124.95476113017543	25.227459660350878	0.0	0.0	3	1.0257025518770788	-0.122514401331535	230.0	36	1.05	0.95				
	316	2	39.41790571929825	7.88358114385965	0.0	0.0	3	1.020787283852933	-0.0982687439255918	230.0	36	1.05	0.95				
	317	1	0.0	0.0	0.0	0.0	3	1.026330195582454	0.7340289235997809	230.0	37	1.05	0.95				
	318	2	131.26162604526317	26.80417588912281	0.0	0.0	3	1.0253828148401893	0.41521708736349666	230.0	37	1.05	0.95				
	319	1	71.34640935192984	14.584625116140352	0.0	0.0	3	1.0170390830603266	-0.04871845675493234	230.0	35	1.05	0.95				
	320	1	50.454919320701755	10.248655487017544	0.0	0.0	3	1.0163197182730586	0.7797371479590594	230.0	35	1.05	0.95				
	321	2	0.0	0.0	0.0	0.0	3	1.0274755893798793	0.77600819295994	230.0	37	1.05	0.95				
	322	2	0.0	0.0	0.0	0.0	3	1.040394760534426	5.146634279085801	230.0	37	1.05	0.95				
	323	2	0.0	0.0	0.0	0.0	3	1.016575424727979	1.5467973852246517	230.0	35	1.05	0.95				
	324	1	0.0	0.0	0.0	0.0	3	1.0292470301588812	1.5362903916318227	230.0	36	1.05	0.95				
	325	1	0.0	0.0	0.0	0.0	3	1.0166191619876028	2.5026450618370393	230.0	35	1.05	0.95				
];
