%% MATPOWER Case Format : Version 2
function mpc = RTS_GMLC
mpc.version = '2';

%%-----  Power Flow Data  -----%%
%% system MVA base
mpc.baseMVA = 100.0;
%% bus data
%    bus_i    type    Pd    Qd    Gs    Bs    area    Vm    Va    baseKV    zone    Vmax    Vmin
mpc.bus = [
	101	2	52.43691243789475	10.681593274385966	0.0	0.0	1	1.0348321416450883	0.679640392214777	138.0	11	1.05	0.95				
	102	2	47.09611580070175	9.710539340350879	0.0	0.0	1	1.0324621768522966	0.04054879544658131	138.0	12	1.05	0.95				
	103	1	87.39485406315791	17.964497779649125	0.0	0.0	1	1.0345544253991652	1.4973592796797506	138.0	11	1.05	0.95				
	104	1	35.92899555929825	7.282904505263158	0.0	0.0	1	1.023452944467593	-2.0436562687609183	138.0	11	1.05	0.95				
	105	1	34.47241465824561	6.797377538245615	0.0	0.0	1	1.0356992235654792	-2.5907624108829075	138.0	11	1.05	0.95				
	106	1	66.03166751438597	13.59475507649123	0.0	-100.0	1	1.0437312009487407	-5.029849601390011	138.0	12	1.05	0.95				
	107	2	60.69087087719298	12.138174175438596	0.0	0.0	1	0.9991063973349564	-11.228665605630221	138.0	12	1.05	0.95				
	108	1	83.02511136	16.993443845614035	0.0	0.0	1	1.0012499237409698	-9.513306992741436	138.0	12	1.05	0.95				
	109	1	84.96721922807018	17.478970812631577	0.0	0.0	1	1.0253127749781954	-2.860130254482192	138.0	13	1.05	0.95				
	110	1	94.67775856842105	19.421078680701758	0.0	0.0	1	1.05	-4.382098286997949	138.0	13	1.05	0.95				
	111	1	0.0	0.0	0.0	0.0	1	1.0075473240861215	-0.68447846689032	230.0	13	1.05	0.95				
	112	1	0.0	0.0	0.0	0.0	1	1.0106068362273293	-1.2628316529829833	230.0	13	1.05	0.95				
	113	3	128.66464625964912	26.218456218947374	0.0	0.0	1	1.0011849982500105	5.043051274447417e-28	230.0	14	1.05	0.95				
	114	2	94.1922316014035	18.935551713684212	0.0	0.0	1	1.00914924570854	1.7570419358385794	230.0	16	1.05	0.95				
	115	2	153.91204854456143	31.073725889122812	0.0	0.0	1	1.0431466760926436	9.678210962950505	230.0	16	1.05	0.95				
	116	2	48.552696701754385	9.710539340350879	0.0	0.0	1	1.0374757964406276	8.059576760067888	230.0	16	1.05	0.95				
	117	1	0.0	0.0	0.0	0.0	1	1.0439092752375285	12.46079338075575	230.0	17	1.05	0.95				
	118	2	161.68048001684213	33.015833757192986	0.0	0.0	1	1.0487022004573783	13.703933271845406	230.0	17	1.05	0.95				
	119	1	87.88038103017544	17.964497779649125	0.0	0.0	1	1.0259007828546556	4.992387676643918	230.0	15	1.05	0.95				
	120	1	62.147451778245625	12.623701142456142	0.0	0.0	1	1.0205010652152966	2.7279767045835053	230.0	15	1.05	0.95				
	121	2	0.0	0.0	0.0	0.0	1	1.05	15.508347794093147	230.0	17	1.05	0.95				
	122	2	0.0	0.0	0.0	0.0	1	1.05	20.84007700542485	230.0	17	1.05	0.95				
	123	2	0.0	0.0	0.0	0.0	1	1.0186641908939644	1.8512890517517837	230.0	15	1.05	0.95				
	124	1	0.0	0.0	0.0	0.0	1	1.0294819706527172	6.611478359410881	230.0	16	1.05	0.95				
	201	2	48.94254682105264	9.969778056140353	0.0	0.0	2	1.0140200529928236	-13.1556336048562	138.0	21	1.05	0.95				
	202	2	43.95765779298246	9.063434596491229	0.0	0.0	2	1.0132148967687276	-13.403862343606534	138.0	22	1.05	0.95				
	203	1	81.57091136842106	16.76735400350877	0.0	0.0	2	1.0140801943014015	-10.07712395052714	138.0	21	1.05	0.95				
	204	1	33.53470800701754	6.797575947368421	0.0	0.0	2	1.0116705603338871	-12.6474086440299	138.0	21	1.05	0.95				
	205	1	32.17519281754386	6.344404217543861	0.0	0.0	2	1.0263189121518907	-13.02337449766447	138.0	21	1.05	0.95				
	206	1	61.63135525614037	12.688808435087722	0.0	-100.0	2	1.0410319912041408	-13.500199792874799	138.0	22	1.05	0.95				
	207	2	56.64646622807018	11.329293245614036	0.0	0.0	2	0.9964497810886522	-19.004478032047672	138.0	22	1.05	0.95				
	208	1	77.4923658	15.86101054385965	0.0	0.0	2	1.0000614487296724	-16.92496278183817	138.0	22	1.05	0.95				
	209	1	79.30505271929825	16.31418227368421	0.0	0.0	2	1.0241176856138887	-10.159266098902078	138.0	23	1.05	0.95				
	210	1	88.36848731578948	18.126869192982458	0.0	0.0	2	1.05	-11.434412373739328	138.0	23	1.05	0.95				
	211	1	0.0	0.0	0.0	0.0	2	1.0063008368528017	-7.683038847224278	230.0	23	1.05	0.95				
	212	1	0.0	0.0	0.0	0.0	2	1.0125742278287975	-3.2023167285990337	230.0	23	1.05	0.95				
	213	2	120.09050840350879	24.47127341052632	0.0	0.0	2	1.003021304586567	-5.525039340866903	230.0	24	1.05	0.95				
	214	2	87.91531558596492	17.673697463157897	0.0	0.0	2	1.0050250465514665	-6.341167027647928	230.0	26	1.05	0.95				
	215	2	143.65543835438598	29.002990708771932	0.0	0.0	2	1.0224092186365588	-0.9244559373942097	230.0	26	1.05	0.95				
	216	2	45.31717298245614	9.063434596491229	0.0	0.0	2	1.0214872136039284	-1.6475213853708293	230.0	26	1.05	0.95				
	217	1	0.0	0.0	0.0	0.0	2	1.0267691043573264	-0.11183144958171753	230.0	27	1.05	0.95				
	218	2	150.90618603157898	30.815677628070183	0.0	0.0	2	1.026219949488277	-0.5376726587336585	230.0	27	1.05	0.95				
	219	1	82.02408309824563	16.76735400350877	0.0	0.0	2	1.0201500720661623	-1.9602683249675925	230.0	25	1.05	0.95				
	220	1	58.005981417543865	11.782464975438597	0.0	0.0	2	1.0221914837440735	-1.3384818438131585	230.0	25	1.05	0.95				
	221	2	0.0	0.0	0.0	0.0	2	1.0284603778388883	0.13171223544016245	230.0	27	1.05	0.95				
	222	2	0.0	0.0	0.0	0.0	2	1.0499998298831068	6.526264580208866	230.0	27	1.05	0.95				
	223	2	0.0	0.0	0.0	0.0	2	1.0241601704338528	-0.6474716064700373	230.0	25	1.05	0.95				
	224	1	0.0	0.0	0.0	0.0	2	1.0079940395405032	-4.357874371801983	230.0	26	1.05	0.95				
	301	2	52.90667511157895	10.777285670877193	0.0	0.0	3	0.9981750728622412	17.715498783909446	138.0	31	1.05	0.95				
	302	2	47.51803227614035	9.797532428070177	0.0	0.0	3	0.9979829837243988	17.73858496807149	138.0	32	1.05	0.95				
	303	1	88.17779185263159	18.125434991929826	0.0	0.0	3	1.014975257133441	18.330171759529353	138.0	31	1.05	0.95				
	304	1	36.25086998385965	7.348149321052631	0.0	0.0	3	1.004189102804531	19.471607128814842	138.0	31	1.05	0.95				
	305	1	34.78124011964912	6.858272699649123	0.0	0.0	3	1.0165550654408868	19.69400977669462	138.0	31	1.05	0.95				
	306	1	66.6232205108772	13.716545399298246	0.0	-100.0	3	1.035794310640491	20.22290844615158	138.0	32	1.05	0.95				
	307	2	61.234577675438594	12.24691553508772	0.0	0.0	3	0.9769503958254783	18.188789111468534	138.0	32	1.05	0.95				
	308	1	83.76890226	17.145681749122808	0.0	0.0	3	0.9971091632878836	20.24322897736664	138.0	32	1.05	0.95				
	309	1	85.72840874561403	17.635558370526315	0.0	0.0	3	1.025582196635455	22.88840060121977	138.0	33	1.05	0.95				
	310	1	95.52594117368422	19.595064856140354	0.0	0.0	3	1.05	23.230036251850716	138.0	33	1.05	0.95				
	311	1	0.0	0.0	0.0	0.0	3	1.0091368596572228	28.05326874762839	230.0	33	1.05	0.95				
	312	1	0.0	0.0	0.0	0.0	3	1.0178504933023291	29.43713423491435	230.0	33	1.05	0.95				
	313	2	129.81730467192983	26.453337555789474	0.0	0.0	3	1.0291732520154604	36.80496648879937	230.0	34	1.05	0.95				
	314	2	95.0360645522807	19.105188234736843	0.0	0.0	3	1.0063425064981597	25.332195641218018	230.0	36	1.05	0.95				
	315	2	155.29088898491227	31.352103769824563	0.0	0.0	3	1.0357909846931161	17.315349851171227	230.0	36	1.05	0.95				
	316	2	48.98766214035088	9.797532428070177	0.0	0.0	3	1.0378820481195206	18.770078291415278	230.0	36	1.05	0.95				
	317	1	0.0	0.0	0.0	0.0	3	1.0428969176511944	16.50578624839743	230.0	37	1.05	0.95				
	318	2	163.12891492736844	33.3116102554386	0.0	0.0	3	1.0430231398608318	14.747573697931195	230.0	37	1.05	0.95				
	319	1	88.6676684740351	18.125434991929826	0.0	0.0	3	1.0370307061473985	22.206563380662203	230.0	35	1.05	0.95				
	320	1	62.704207539649126	12.736792156491228	0.0	0.0	3	1.038452866596717	24.591671108992404	230.0	35	1.05	0.95				
	321	2	0.0	0.0	0.0	0.0	3	1.0418599154905541	16.184473019222814	230.0	37	1.05	0.95				
	322	2	0.0	0.0	0.0	0.0	3	1.05	20.634527945691357	230.0	37	1.05	0.95				
	323	2	0.0	0.0	0.0	0.0	3	1.0386809326436506	25.38125424681471	230.0	35	1.05	0.95				
	324	1	0.0	0.0	0.0	0.0	3	1.0268072076057637	19.624522479376974	230.0	36	1.05	0.95				
	325	1	0.0	0.0	0.0	0.0	3	1.0410161934070088	24.547144221792415	230.0	35	1.05	0.95				
];
