%% MATPOWER Case Format : Version 2
function mpc = RTS_GMLC
mpc.version = '2';

%%-----  Power Flow Data  -----%%
%% system MVA base
mpc.baseMVA = 100.0;
%% bus data
%    bus_i    type    Pd    Qd    Gs    Bs    area    Vm    Va    baseKV    zone    Vmax    Vmin
mpc.bus = [
	101	2	47.30677882105264	9.636566056140351	0.0	0.0	1	1.0319807275786606	0.7173049563044482	138.0	11	1.05	0.95				
	102	2	42.488495792982455	8.760514596491229	0.0	0.0	1	1.0300192925814937	0.1919802780980206	138.0	12	1.05	0.95				
	103	1	78.84463136842105	16.20695200350877	0.0	0.0	1	1.0345894577514407	1.392314929079715	138.0	11	1.05	0.95				
	104	1	32.41390400701754	6.570385947368421	0.0	0.0	1	1.0235804601627505	-1.6685354394693095	138.0	11	1.05	0.95				
	105	1	31.099826817543857	6.13236021754386	0.0	0.0	1	1.0350333720566114	-2.3165372929234818	138.0	11	1.05	0.95				
	106	1	59.571499256140356	12.26472043508772	0.0	-100.0	1	1.0445902148876238	-4.55941621697915	138.0	12	1.05	0.95				
	107	2	54.75321622807018	10.950643245614035	0.0	0.0	1	0.9996881402408239	-10.522079756883668	138.0	12	1.05	0.95				
	108	1	74.9023998	15.330900543859649	0.0	0.0	1	1.0032350291014975	-8.816484217606861	138.0	12	1.05	0.95				
	109	1	76.65450271929825	15.768926273684208	0.0	0.0	1	1.0253546281429158	-2.58269246134396	138.0	13	1.05	0.95				
	110	1	85.41501731578947	17.521029192982457	0.0	0.0	1	1.05	-4.005850424669466	138.0	13	1.05	0.95				
	111	1	0.0	0.0	0.0	0.0	1	1.005484957611046	-0.6269787225596246	230.0	13	1.05	0.95				
	112	1	0.0	0.0	0.0	0.0	1	1.0091923608649467	-1.1877465462642478	230.0	13	1.05	0.95				
	113	3	116.07681840350877	23.65338941052632	0.0	0.0	1	0.9980443267782864	6.675925011044717e-29	230.0	14	1.05	0.95				
	114	2	84.97699158596491	17.083003463157894	0.0	0.0	1	1.0050866759789734	1.6157813886240424	230.0	16	1.05	0.95				
	115	2	138.85415635438596	28.033646708771933	0.0	0.0	1	1.0411675013943973	8.698887327352756	230.0	16	1.05	0.95				
	116	2	43.80257298245614	8.760514596491229	0.0	0.0	1	1.0360903679685447	7.3213322253589395	230.0	16	1.05	0.95				
	117	1	0.0	0.0	0.0	0.0	1	1.042939552210451	11.486003063249084	230.0	17	1.05	0.95				
	118	2	145.86256803157895	29.785749628070178	0.0	0.0	1	1.0480258343592843	12.402683674802262	230.0	17	1.05	0.95				
	119	1	79.28265709824561	16.20695200350877	0.0	0.0	1	1.0244602029548537	4.507089337774222	230.0	15	1.05	0.95				
	120	1	56.067293417543866	11.388668975438597	0.0	0.0	1	1.018147735850448	2.370814430684617	230.0	15	1.05	0.95				
	121	2	0.0	0.0	0.0	0.0	1	1.05	13.80281165222393	230.0	17	1.05	0.95				
	122	2	0.0	0.0	0.0	0.0	1	1.05	21.363023940894358	230.0	17	1.05	0.95				
	123	2	0.0	0.0	0.0	0.0	1	1.0155493448680546	1.5294876857211683	230.0	15	1.05	0.95				
	124	1	0.0	0.0	0.0	0.0	1	1.029188342858324	5.955728774038785	230.0	16	1.05	0.95				
	201	2	44.046592143157895	8.972453955087719	0.0	0.0	2	1.0156665531052358	-12.927599297613758	138.0	21	1.05	0.95				
	202	2	39.56036516561403	8.156776322807017	0.0	0.0	2	1.0148469637341044	-13.176857163400156	138.0	22	1.05	0.95				
	203	1	73.41098690526316	15.09003619719298	0.0	0.0	2	1.0142958139214011	-9.986593085498473	138.0	21	1.05	0.95				
	204	1	30.18007239438596	6.117582242105262	0.0	0.0	2	1.0130013175374712	-12.616805945615585	138.0	21	1.05	0.95				
	205	1	28.956555945964908	5.709743425964913	0.0	0.0	2	1.0278641127035222	-12.96601766828081	138.0	21	1.05	0.95				
	206	1	55.46607899508772	11.419486851929825	0.0	-100.0	2	1.0427476316619986	-13.49918295037844	138.0	22	1.05	0.95				
	207	2	50.979852017543855	10.19597040350877	0.0	0.0	2	0.9983145373095492	-18.404754502026307	138.0	22	1.05	0.95				
	208	1	69.74043755999999	14.274358564912278	0.0	0.0	2	1.002845345597697	-16.562412342743364	138.0	22	1.05	0.95				
	209	1	71.3717928245614	14.682197381052632	0.0	0.0	2	1.0233046266777954	-10.470494566707584	138.0	23	1.05	0.95				
	210	1	79.52856914736842	16.313552645614035	0.0	0.0	2	1.05	-11.692672727469562	138.0	23	1.05	0.95				
	211	1	0.0	0.0	0.0	0.0	2	1.0030593482062278	-8.420290524858581	230.0	23	1.05	0.95				
	212	1	0.0	0.0	0.0	0.0	2	1.009273549461659	-4.369997672336723	230.0	23	1.05	0.95				
	213	2	108.07728627719297	22.023296071578947	0.0	0.0	2	0.9965208285195127	-6.73674356876919	230.0	24	1.05	0.95				
	214	2	79.12073033122806	15.905713829473683	0.0	0.0	2	1.0003218899904303	-7.088893349341106	230.0	26	1.05	0.95				
	215	2	129.2849047164912	26.101684232982453	0.0	0.0	2	1.0178199458883324	-1.549857205957239	230.0	26	1.05	0.95				
	216	2	40.78388161403508	8.156776322807017	0.0	0.0	2	1.0159370798485272	-2.6835135756980297	230.0	26	1.05	0.95				
	217	1	0.0	0.0	0.0	0.0	2	1.0221260582374587	-0.8056840826335736	230.0	27	1.05	0.95				
	218	2	135.81032577473684	27.73303949754386	0.0	0.0	2	1.0219519568247064	-1.1347079934915578	230.0	27	1.05	0.95				
	219	1	73.8188257214035	15.09003619719298	0.0	0.0	2	1.0123550043399474	-3.6554126307284993	230.0	25	1.05	0.95				
	220	1	52.20336846596491	10.603809219649122	0.0	0.0	2	1.012077095494325	-3.6841243128656416	230.0	25	1.05	0.95				
	221	2	0.0	0.0	0.0	0.0	2	1.0241163421771906	-0.47278336148094025	230.0	27	1.05	0.95				
	222	2	0.0	0.0	0.0	0.0	2	1.0459082882813024	5.938239612496304	230.0	27	1.05	0.95				
	223	2	0.0	0.0	0.0	0.0	2	1.0124256366643372	-3.3765519845391427	230.0	25	1.05	0.95				
	224	1	0.0	0.0	0.0	0.0	2	1.0060393808272947	-4.729821918037991	230.0	26	1.05	0.95				
	301	2	70.38279026526317	14.337235054035089	0.0	0.0	3	0.9998511741387641	-1.275912983474487	138.0	31	1.05	0.95				
	302	2	63.21417273824562	13.033850049122808	0.0	0.0	3	1.0015142043928662	-1.3309610801042941	138.0	32	1.05	0.95				
	303	1	117.30465044210527	24.112622590877194	0.0	0.0	3	1.0127106232073373	1.9180565320291978	138.0	31	1.05	0.95				
	304	1	48.22524518175439	9.775387536842107	0.0	0.0	3	1.000717025373927	1.0429442659050236	138.0	31	1.05	0.95				
	305	1	46.27016767438597	9.123695034385966	0.0	0.0	3	1.0130771410239157	1.0145432798057898	138.0	31	1.05	0.95				
	306	1	88.6301803340351	18.24739006877193	0.0	-100.0	3	1.0292498826160714	1.5669434617385274	138.0	32	1.05	0.95				
	307	2	81.46156280701756	16.29231256140351	0.0	0.0	3	0.9823674697851403	-2.903313386456199	138.0	32	1.05	0.95				
	308	1	111.43941792000001	22.80923758596491	0.0	0.0	3	0.9924664127780792	0.08670598110431287	138.0	32	1.05	0.95				
	309	1	114.04618792982457	23.460930088421055	0.0	0.0	3	1.024016665583442	5.652046516397254	138.0	33	1.05	0.95				
	310	1	127.08003797894737	26.067700098245616	0.0	0.0	3	1.0471020335965056	5.397880178779966	138.0	33	1.05	0.95				
	311	1	0.0	0.0	0.0	0.0	3	1.014659910721715	12.288964551833223	230.0	33	1.05	0.95				
	312	1	0.0	0.0	0.0	0.0	3	1.0197890759542956	13.870785060649787	230.0	33	1.05	0.95				
	313	2	172.6985131508772	35.191395132631584	0.0	0.0	3	1.0437079934586249	21.435747297096814	230.0	34	1.05	0.95				
	314	2	126.42834547649124	25.416007595789473	0.0	0.0	3	1.0182273196242417	10.831559484512457	230.0	36	1.05	0.95				
	315	2	206.58652327859653	41.708320157192986	0.0	0.0	3	1.0365259865341743	5.2485109234077525	230.0	36	1.05	0.95				
	316	2	65.16925024561404	13.033850049122808	0.0	0.0	3	1.0378862387487797	6.8416962551125815	230.0	36	1.05	0.95				
	317	1	0.0	0.0	0.0	0.0	3	1.0406916777416861	6.213034392430992	230.0	37	1.05	0.95				
	318	2	217.01360331789473	44.31509016701755	0.0	0.0	3	1.0369422103482242	4.466217007613061	230.0	37	1.05	0.95				
	319	1	117.95634294456141	24.112622590877194	0.0	0.0	3	1.0368798262512564	10.14128619364262	230.0	35	1.05	0.95				
	320	1	83.41664031438597	16.944005063859652	0.0	0.0	3	1.0398387459424523	12.636753874580169	230.0	35	1.05	0.95				
	321	2	0.0	0.0	0.0	0.0	3	1.0385946210868413	5.31956930945828	230.0	37	1.05	0.95				
	322	2	0.0	0.0	0.0	0.0	3	1.05	9.985892307819109	230.0	37	1.05	0.95				
	323	2	0.0	0.0	0.0	0.0	3	1.0418556403952277	13.634695414703046	230.0	35	1.05	0.95				
	324	1	0.0	0.0	0.0	0.0	3	1.0241796698904475	6.083654778150677	230.0	36	1.05	0.95				
	325	1	0.0	0.0	0.0	0.0	3	1.043382056844129	13.652638542933127	230.0	35	1.05	0.95				
];
