%% MATPOWER Case Format : Version 2
function mpc = RTS_GMLC
mpc.version = '2';

%%-----  Power Flow Data  -----%%
%% system MVA base
mpc.baseMVA = 100.0;
%% bus data
%    bus_i    type    Pd    Qd    Gs    Bs    area    Vm    Va    baseKV    zone    Vmax    Vmin
mpc.bus = [
	101	2	44.795150905263164	9.12493814736842	0.0	0.0	1	1.01457132720422	-4.152722212470089	138.0	11	1.05	0.95				
	102	2	40.23268183157895	8.295398315789475	0.0	0.0	1	1.0142375216180441	-4.368892529375316	138.0	12	1.05	0.95				
	103	1	74.65858484210527	15.346486884210528	0.0	0.0	1	1.0034743600585345	-1.2928142765296167	138.0	11	1.05	0.95				
	104	1	30.692973768421055	6.221548736842105	0.0	0.0	1	1.0042125505495898	-4.562717776997696	138.0	11	1.05	0.95				
	105	1	29.44866402105263	5.806778821052632	0.0	0.0	1	1.0168371557111173	-5.614011931908659	138.0	11	1.05	0.95				
	106	1	56.40870854736843	11.613557642105263	0.0	-100.0	1	1.0258206555428102	-6.926025113924666	138.0	12	1.05	0.95				
	107	2	51.84623947368421	10.369247894736842	0.0	0.0	1	0.9845226090004547	-9.045312067941046	138.0	12	1.05	0.95				
	108	1	70.9256556	14.51694705263158	0.0	0.0	1	0.9868945728373933	-8.669163801775172	138.0	12	1.05	0.95				
	109	1	72.5847352631579	14.931716968421052	0.0	0.0	1	1.0021383916696818	-4.1333380289134665	138.0	13	1.05	0.95				
	110	1	80.88013357894737	16.59079663157895	0.0	0.0	1	1.0290481342997462	-5.730231946521323	138.0	13	1.05	0.95				
	111	1	0.0	0.0	0.0	0.0	1	0.9803780110955526	-1.9278218946656474	230.0	13	1.05	0.95				
	112	1	0.0	0.0	0.0	0.0	1	0.9817119070555932	-1.9808935153803047	230.0	13	1.05	0.95				
	113	3	109.91402768421052	22.397575452631582	0.0	0.0	1	0.9635532788307141	-3.229439742562949e-25	230.0	14	1.05	0.95				
	114	2	80.4653636631579	16.176026715789472	0.0	0.0	1	0.9856128894375819	-0.4299627289001786	230.0	16	1.05	0.95				
	115	2	131.48206330526315	26.545274610526313	0.0	0.0	1	0.9898227992206736	5.430517486247978	230.0	16	1.05	0.95				
	116	2	41.47699157894737	8.295398315789475	0.0	0.0	1	0.9904995988074832	4.497935393889727	230.0	16	1.05	0.95				
	117	1	0.0	0.0	0.0	0.0	1	0.996565790264819	7.800479769708094	230.0	17	1.05	0.95				
	118	2	138.11838195789474	28.204354273684213	0.0	0.0	1	0.9976952110836084	8.55583279831001	230.0	17	1.05	0.95				
	119	1	75.07335475789473	15.346486884210528	0.0	0.0	1	0.990585722917099	2.7795387865624672	230.0	15	1.05	0.95				
	120	1	53.090549221052626	10.784017810526317	0.0	0.0	1	0.9929919660313553	1.5674310250888186	230.0	15	1.05	0.95				
	121	2	0.0	0.0	0.0	0.0	1	0.9963081107376669	9.859597183283256	230.0	17	1.05	0.95				
	122	2	0.0	0.0	0.0	0.0	1	1.017800404337733	15.360505059614864	230.0	17	1.05	0.95				
	123	2	0.0	0.0	0.0	0.0	1	0.9949139439623584	1.2422333076946321	230.0	15	1.05	0.95				
	124	1	0.0	0.0	0.0	0.0	1	0.9864697163446461	2.8459173893408285	230.0	16	1.05	0.95				
	201	2	41.632614530526325	8.480717774736842	0.0	0.0	2	1.0116909711188462	-6.307657806451925	138.0	21	1.05	0.95				
	202	2	37.392255643157895	7.709743431578948	0.0	0.0	2	1.0104569459510524	-6.480200794723392	138.0	22	1.05	0.95				
	203	1	69.38769088421054	14.263025348421055	0.0	0.0	2	0.9972691671814872	-5.069793155953671	138.0	21	1.05	0.95				
	204	1	28.52605069684211	5.782307573684211	0.0	0.0	2	1.0028020022192556	-5.683290293289599	138.0	21	1.05	0.95				
	205	1	27.369589182105265	5.396820402105265	0.0	0.0	2	1.0188088707733198	-5.883439866724068	138.0	21	1.05	0.95				
	206	1	52.42625533473685	10.79364080421053	0.0	-100.0	2	1.0309624145734677	-6.138862718922764	138.0	22	1.05	0.95				
	207	2	48.18589644736843	9.637179289473686	0.0	0.0	2	0.9719918335331028	-10.783575413405881	138.0	22	1.05	0.95				
	208	1	65.91830634000002	13.492051005263159	0.0	0.0	2	0.9819234443567207	-9.042431751580553	138.0	22	1.05	0.95				
	209	1	67.46025502631579	13.877538176842105	0.0	0.0	2	1.0078645578296386	-3.387508389809876	138.0	23	1.05	0.95				
	210	1	75.16999845789474	15.419486863157896	0.0	0.0	2	1.0354188034162815	-4.183553880828881	138.0	23	1.05	0.95				
	211	1	0.0	0.0	0.0	0.0	2	0.9872104368561331	-1.2524744811163682	230.0	23	1.05	0.95				
	212	1	0.0	0.0	0.0	0.0	2	0.9913247731743547	3.9582556962062023	230.0	23	1.05	0.95				
	213	2	102.15410046842106	20.816307265263163	0.0	0.0	2	0.9833761260775336	1.3322604598893608	230.0	24	1.05	0.95				
	214	2	74.78451128631579	15.03399969157895	0.0	0.0	2	0.9808904836070299	-0.8331455415137163	230.0	26	1.05	0.95				
	215	2	122.19943339052632	24.671178981052634	0.0	0.0	2	0.9905733913317617	2.511116990736002	230.0	26	1.05	0.95				
	216	2	38.54871715789474	7.709743431578948	0.0	0.0	2	0.9885978293336254	2.287086265514776	230.0	26	1.05	0.95				
	217	1	0.0	0.0	0.0	0.0	2	0.9978317820517189	2.8717635342278167	230.0	27	1.05	0.95				
	218	2	128.3672281357895	26.213127667368425	0.0	0.0	2	0.9983883101302392	2.6134857573520405	230.0	27	1.05	0.95				
	219	1	69.77317805578949	14.263025348421055	0.0	0.0	2	0.9839990333299112	3.1900816355086916	230.0	25	1.05	0.95				
	220	1	49.34235796210527	10.022666461052633	0.0	0.0	2	0.982980826508587	4.799101590520552	230.0	25	1.05	0.95				
	221	2	0.0	0.0	0.0	0.0	2	1.000676014228558	3.335480889097011	230.0	27	1.05	0.95				
	222	2	0.0	0.0	0.0	0.0	2	1.0189719741392504	9.476013527185867	230.0	27	1.05	0.95				
	223	2	0.0	0.0	0.0	0.0	2	0.9835029880721512	6.009790518447155	230.0	25	1.05	0.95				
	224	1	0.0	0.0	0.0	0.0	2	0.9837768782625635	-0.3786553306058398	230.0	26	1.05	0.95				
	301	2	45.355900016842114	9.239164818245614	0.0	0.0	3	1.0139251251572055	30.460819482010372	138.0	31	1.05	0.95				
	302	2	40.7363176077193	8.39924074385965	0.0	0.0	3	1.0140201771350936	30.354539007662915	138.0	32	1.05	0.95				
	303	1	75.59316669473685	15.538595376140352	0.0	0.0	3	1.0098876161262815	35.034899326198804	138.0	31	1.05	0.95				
	304	1	31.077190752280703	6.299430557894736	0.0	0.0	3	1.0050547593542194	31.59133000823621	138.0	31	1.05	0.95				
	305	1	29.817304640701753	5.879468520701756	0.0	0.0	3	1.0212125228997897	31.50447722570647	138.0	31	1.05	0.95				
	306	1	57.11483705824561	11.758937041403511	0.0	-100.0	3	1.033980597297531	31.57328347142223	138.0	32	1.05	0.95				
	307	2	52.49525464912281	10.499050929824563	0.0	0.0	3	0.9696787532428328	28.778026657940384	138.0	32	1.05	0.95				
	308	1	71.81350836	14.698671301754384	0.0	0.0	3	0.9860814766736494	30.586648746564535	138.0	32	1.05	0.95				
	309	1	73.49335650877194	15.118633338947369	0.0	0.0	3	1.0107293552021874	34.38301452906053	138.0	33	1.05	0.95				
	310	1	81.89259725263159	16.7984814877193	0.0	0.0	3	1.0395846998373441	33.93215712667192	138.0	33	1.05	0.95				
	311	1	0.0	0.0	0.0	0.0	3	0.9867369760278458	37.666502856712846	230.0	33	1.05	0.95				
	312	1	0.0	0.0	0.0	0.0	3	0.9937714102547349	38.14318436152311	230.0	33	1.05	0.95				
	313	2	111.28993985614035	22.677950008421057	0.0	0.0	3	0.9937801605086223	43.445528260064215	230.0	34	1.05	0.95				
	314	2	81.4726352154386	16.378519450526316	0.0	0.0	3	0.9736021346412316	36.248112212017354	230.0	36	1.05	0.95				
	315	2	133.12796579017544	26.87757038035088	0.0	0.0	3	0.983295046000767	28.918503085680566	230.0	36	1.05	0.95				
	316	2	41.99620371929825	8.39924074385965	0.0	0.0	3	0.97171965294913	29.937251038900552	230.0	36	1.05	0.95				
	317	1	0.0	0.0	0.0	0.0	3	0.985403442997578	28.18098842076653	230.0	37	1.05	0.95				
	318	2	139.84735838526316	28.557418529122806	0.0	0.0	3	0.9864271836574255	26.002473054635534	230.0	37	1.05	0.95				
	319	1	76.01312873192984	15.538595376140352	0.0	0.0	3	0.9780967623072812	31.80959708796471	230.0	35	1.05	0.95				
	320	1	53.75514076070176	10.919012967017546	0.0	0.0	3	0.9828829875633069	32.39339936095346	230.0	35	1.05	0.95				
	321	2	0.0	0.0	0.0	0.0	3	0.9926303262812931	27.537767743165556	230.0	37	1.05	0.95				
	322	2	0.0	0.0	0.0	0.0	3	1.0093553898884922	31.988853720585027	230.0	37	1.05	0.95				
	323	2	0.0	0.0	0.0	0.0	3	0.9841432723998957	32.157246473305634	230.0	35	1.05	0.95				
	324	1	0.0	0.0	0.0	0.0	3	0.9932278669570147	32.9836317037697	230.0	36	1.05	0.95				
	325	1	0.0	0.0	0.0	0.0	3	0.9838588459384517	30.274912552519105	230.0	35	1.05	0.95				
];
