%% MATPOWER Case Format : Version 2
function mpc = RTS_GMLC
mpc.version = '2';

%%-----  Power Flow Data  -----%%
%% system MVA base
mpc.baseMVA = 100.0;
%% bus data
%    bus_i    type    Pd    Qd    Gs    Bs    area    Vm    Va    baseKV    zone    Vmax    Vmin
mpc.bus = [
	101	2	40.94755071157895	8.34116773754386	0.0	0.0	1	0.999871871973913	-2.017207348183849	138.0	11	1.05	0.95				
	102	2	36.77696684280701	7.582879761403509	0.0	0.0	1	0.9984536527428113	-2.518508079098599	138.0	12	1.05	0.95				
	103	1	68.24591785263158	14.02832755859649	0.0	0.0	1	1.0202780760258636	2.479628896314883	138.0	11	1.05	0.95				
	104	1	28.05665511719298	5.687159821052631	0.0	0.0	1	1.0068076273344515	-3.2423644815450428	138.0	11	1.05	0.95				
	105	1	26.919223152982454	5.308015832982456	0.0	0.0	1	1.02012323900478	-3.6252741786153964	138.0	11	1.05	0.95				
	106	1	51.56358237754386	10.616031665964911	0.0	-100.0	1	1.039271475891934	-5.027521982587181	138.0	12	1.05	0.95				
	107	2	47.392998508771925	9.478599701754385	0.0	0.0	1	0.9850514759018734	-11.098285251442167	138.0	12	1.05	0.95				
	108	1	64.83362196	13.270039582456139	0.0	0.0	1	0.9957248621997832	-8.868129098783651	138.0	12	1.05	0.95				
	109	1	66.35019791228069	13.649183570526313	0.0	0.0	1	1.0240262410888217	-2.23676426909369	138.0	13	1.05	0.95				
	110	1	73.9330776736842	15.165759522807019	0.0	0.0	1	1.05	-3.9822365516809834	138.0	13	1.05	0.95				
	111	1	0.0	0.0	0.0	0.0	1	1.0175548029796915	0.6648688260903195	230.0	13	1.05	0.95				
	112	1	0.0	0.0	0.0	0.0	1	1.013434806532584	-0.76665143334567	230.0	13	1.05	0.95				
	113	3	100.47315683859648	20.473775355789474	0.0	0.0	1	0.998396386476351	8.749558424175937e-32	230.0	14	1.05	0.95				
	114	2	73.55393368561403	14.78661553473684	0.0	0.0	1	1.0451058256793544	4.912061255184263	230.0	16	1.05	0.95				
	115	2	120.1886442182456	24.265215236491226	0.0	0.0	1	1.0356069404940127	15.657634492415138	230.0	16	1.05	0.95				
	116	2	37.91439880701754	7.582879761403509	0.0	0.0	1	1.0360159059507275	13.445844527102324	230.0	16	1.05	0.95				
	117	1	0.0	0.0	0.0	0.0	1	1.0351594711587428	20.14925294187596	230.0	17	1.05	0.95				
	118	2	126.25494802736841	25.78179118877193	0.0	0.0	1	1.044768635509644	21.02751164558068	230.0	17	1.05	0.95				
	119	1	68.62506184070175	14.02832755859649	0.0	0.0	1	1.0323821458139921	8.453070042663718	230.0	15	1.05	0.95				
	120	1	48.53043047298245	9.857743689824561	0.0	0.0	1	1.0372651270479223	4.853884516552808	230.0	15	1.05	0.95				
	121	2	0.0	0.0	0.0	0.0	1	1.0392874661407314	22.82079592521804	230.0	17	1.05	0.95				
	122	2	0.0	0.0	0.0	0.0	1	1.05	40.8141897221507	230.0	17	1.05	0.95				
	123	2	0.0	0.0	0.0	0.0	1	1.041400210326543	3.1737918881725298	230.0	15	1.05	0.95				
	124	1	0.0	0.0	0.0	0.0	1	1.0132782101113524	10.740706401539077	230.0	16	1.05	0.95				
	201	2	40.83362192842106	8.317960022456141	0.0	0.0	2	1.0060938476555192	-17.34586720314476	138.0	21	1.05	0.95				
	202	2	36.674641917192986	7.561781838596493	0.0	0.0	2	1.0052137124729021	-17.649523187990006	138.0	22	1.05	0.95				
	203	1	68.05603654736842	13.989296401403509	0.0	0.0	2	1.0116626476293167	-12.974771061409065	138.0	21	1.05	0.95				
	204	1	27.978592802807018	5.671336378947369	0.0	0.0	2	1.0089215110572556	-17.432296265628977	138.0	21	1.05	0.95				
	205	1	26.844325527017542	5.293247287017545	0.0	0.0	2	1.0234526932728565	-17.898373719108196	138.0	21	1.05	0.95				
	206	1	51.420116502456146	10.58649457403509	0.0	-100.0	2	1.041197159756417	-18.696129593648486	138.0	22	1.05	0.95				
	207	2	47.26113649122807	9.452227298245615	0.0	0.0	2	0.9894089976959982	-23.115435985600936	138.0	22	1.05	0.95				
	208	1	64.65323472000001	13.23311821754386	0.0	0.0	2	0.9987107822659571	-21.462283267173756	138.0	22	1.05	0.95				
	209	1	66.1655910877193	13.611207309473686	0.0	0.0	2	1.022522411889114	-15.67880763573173	138.0	23	1.05	0.95				
	210	1	73.7273729263158	15.123563677192987	0.0	0.0	2	1.05	-17.224334117787308	138.0	23	1.05	0.95				
	211	1	0.0	0.0	0.0	0.0	2	1.0063689383270131	-12.954509173819696	230.0	23	1.05	0.95				
	212	1	0.0	0.0	0.0	0.0	2	1.0139036641254624	-12.450214696842668	230.0	23	1.05	0.95				
	213	2	100.19360936140352	20.41681096421053	0.0	0.0	2	1.0051054763214338	-11.869812119336535	230.0	24	1.05	0.95				
	214	2	73.34928383438597	14.74547458526316	0.0	0.0	2	1.0054887821636262	-10.298893547113398	230.0	26	1.05	0.95				
	215	2	119.8542421417544	24.197701883508774	0.0	0.0	2	1.0264285865854872	-3.427320116649628	230.0	26	1.05	0.95				
	216	2	37.80890919298246	7.561781838596493	0.0	0.0	2	1.0297417982292474	-4.34308915897384	230.0	26	1.05	0.95				
	217	1	0.0	0.0	0.0	0.0	2	1.0347098240443735	-1.860355217337859	230.0	27	1.05	0.95				
	218	2	125.90366761263158	25.710058251228073	0.0	0.0	2	1.0333304888299037	-2.337630586919554	230.0	27	1.05	0.95				
	219	1	68.43412563929824	13.989296401403509	0.0	0.0	2	1.0367694981160511	-5.01616359157119	230.0	25	1.05	0.95				
	220	1	48.39540376701755	9.830316390175438	0.0	0.0	2	1.045117383991105	-4.870096789490942	230.0	25	1.05	0.95				
	221	2	0.0	0.0	0.0	0.0	2	1.0337846653141973	-1.9010715002608907	230.0	27	1.05	0.95				
	222	2	0.0	0.0	0.0	0.0	2	1.05	4.611728944757849	230.0	27	1.05	0.95				
	223	2	0.0	0.0	0.0	0.0	2	1.049999975702041	-4.51217820770456	230.0	25	1.05	0.95				
	224	1	0.0	0.0	0.0	0.0	2	1.0091090151570716	-6.985852207750572	230.0	26	1.05	0.95				
	301	2	49.71211643368421	10.126542236491227	0.0	0.0	3	1.0313611508067386	14.798418850989556	138.0	31	1.05	0.95				
	302	2	44.64884531543859	9.205947487719298	0.0	0.0	3	1.028030268403188	14.459712798500952	138.0	32	1.05	0.95				
	303	1	82.85352738947368	17.031002852280704	0.0	0.0	3	1.05	30.4283092100749	138.0	31	1.05	0.95				
	304	1	34.06200570456141	6.904460615789473	0.0	0.0	3	1.0143517861398534	16.00389578075218	138.0	31	1.05	0.95				
	305	1	32.68111358140351	6.444163241403509	0.0	0.0	3	1.03352224608501	13.333967014471947	138.0	31	1.05	0.95				
	306	1	62.600442916491225	12.888326482807019	0.0	-100.0	3	1.0416394450249902	11.963627401699151	138.0	32	1.05	0.95				
	307	2	57.53717179824561	11.507434359649123	0.0	0.0	3	0.95	8.05784253993348	138.0	32	1.05	0.95				
	308	1	78.71085101999999	16.11040810350877	0.0	0.0	3	0.9701743866095554	10.087155212677194	138.0	32	1.05	0.95				
	309	1	80.55204051754386	16.570705477894737	0.0	0.0	3	1.0179031710747015	19.19239848652415	138.0	33	1.05	0.95				
	310	1	89.75798800526316	18.411894975438596	0.0	0.0	3	1.0466675254954159	13.314240136754782	138.0	33	1.05	0.95				
	311	1	0.0	0.0	0.0	0.0	3	1.0051612177110523	17.228523858077313	230.0	33	1.05	0.95				
	312	1	0.0	0.0	0.0	0.0	3	1.0108221612544548	17.802143669856957	230.0	33	1.05	0.95				
	313	2	121.97880421228069	24.856058216842104	0.0	0.0	3	1.0074478267412132	19.424074940440278	230.0	34	1.05	0.95				
	314	2	89.29769063087718	17.951597601052633	0.0	0.0	3	0.9988041581403926	16.38612710401876	230.0	36	1.05	0.95				
	315	2	145.91426768035086	29.459031960701754	0.0	0.0	3	1.0468142704262677	18.246551481828803	230.0	36	1.05	0.95				
	316	2	46.02973743859649	9.205947487719298	0.0	0.0	3	1.0307671519948767	17.98713158223947	230.0	36	1.05	0.95				
	317	1	0.0	0.0	0.0	0.0	3	1.05	20.834395984119684	230.0	37	1.05	0.95				
	318	2	153.27902567052632	31.300221458245613	0.0	0.0	3	1.05	17.622249820758032	230.0	37	1.05	0.95				
	319	1	83.31382476385966	17.031002852280704	0.0	0.0	3	1.022286484736737	17.380586272377748	230.0	35	1.05	0.95				
	320	1	58.91806392140351	11.967731734035087	0.0	0.0	3	1.0182111208643194	17.75404716213313	230.0	35	1.05	0.95				
	321	2	0.0	0.0	0.0	0.0	3	1.05	18.481981552713233	230.0	37	1.05	0.95				
	322	2	0.0	0.0	0.0	0.0	3	1.05	23.753406638240847	230.0	37	1.05	0.95				
	323	2	0.0	0.0	0.0	0.0	3	1.0167855023836523	18.322103042804304	230.0	35	1.05	0.95				
	324	1	0.0	0.0	0.0	0.0	3	1.0441045721366429	22.9023407434609	230.0	36	1.05	0.95				
	325	1	0.0	0.0	0.0	0.0	3	1.0185064180901993	18.71667419811105	230.0	35	1.05	0.95				
];
