%% MATPOWER Case Format : Version 2
function mpc = RTS_GMLC
mpc.version = '2';

%%-----  Power Flow Data  -----%%
%% system MVA base
mpc.baseMVA = 100.0;
%% bus data
%    bus_i    type    Pd    Qd    Gs    Bs    area    Vm    Va    baseKV    zone    Vmax    Vmin
mpc.bus = [
	101	2	52.10291933052632	10.61355764140351	0.0	0.0	1	1.0422695062321476	2.3868785079976345	138.0	11	1.05	0.95				
	102	2	46.79614050982456	9.648688764912281	0.0	0.0	1	1.041565313066298	2.1733139831451584	138.0	12	1.05	0.95				
	103	1	86.83819888421053	17.85007421508772	0.0	0.0	1	1.0271516681983774	-0.40900896518038177	138.0	11	1.05	0.95				
	104	1	35.70014843017544	7.236516573684211	0.0	0.0	1	1.0249468905659986	-1.2504781249307915	138.0	11	1.05	0.95				
	105	1	34.252845115438596	6.754082135438598	0.0	0.0	1	1.039290084918048	-1.1725479930215883	138.0	11	1.05	0.95				
	106	1	65.61108360140352	13.508164270877195	0.0	-100.0	1	1.0456409843377024	-3.672514323106582	138.0	12	1.05	0.95				
	107	2	60.304304780701756	12.06086095614035	0.0	0.0	1	1.001238048620017	-8.668501480328134	138.0	12	1.05	0.95				
	108	1	82.49628894	16.88520533859649	0.0	0.0	1	1.003410800981171	-7.749036674206179	138.0	12	1.05	0.95				
	109	1	84.42602669298246	17.367639776842108	0.0	0.0	1	1.0246056855540808	-2.557545425066229	138.0	13	1.05	0.95				
	110	1	94.07471545789474	19.297377529824562	0.0	0.0	1	1.05	-3.2990212859102757	138.0	13	1.05	0.95				
	111	1	0.0	0.0	0.0	0.0	1	1.0046469533840623	-0.7431251931327056	230.0	13	1.05	0.95				
	112	1	0.0	0.0	0.0	0.0	1	1.009109888739284	-0.170984504088076	230.0	13	1.05	0.95				
	113	3	127.84512613508771	26.05145966526316	0.0	0.0	1	0.9982419855859795	2.4557450569271213e-31	230.0	14	1.05	0.95				
	114	2	93.59228101964912	18.814943091578947	0.0	0.0	1	1.0013013697999835	0.9144755324352462	230.0	16	1.05	0.95				
	115	2	152.93171692385965	30.875804047719303	0.0	0.0	1	1.0349763972149848	6.5484258897876275	230.0	16	1.05	0.95				
	116	2	48.2434438245614	9.648688764912281	0.0	0.0	1	1.0310398828458232	6.114130977529843	230.0	16	1.05	0.95				
	117	1	0.0	0.0	0.0	0.0	1	1.0382764809163108	7.995968592946453	230.0	17	1.05	0.95				
	118	2	160.65066793578947	32.80554180070176	0.0	0.0	1	1.0401471382103338	8.040101902058566	230.0	17	1.05	0.95				
	119	1	87.32063332245615	17.85007421508772	0.0	0.0	1	1.025098082853723	5.29016407653033	230.0	15	1.05	0.95				
	120	1	61.751608095438606	12.543295394385968	0.0	0.0	1	1.0235098257610928	5.511071555808018	230.0	15	1.05	0.95				
	121	2	0.0	0.0	0.0	0.0	1	1.0437418891181516	9.189627668820004	230.0	17	1.05	0.95				
	122	2	0.0	0.0	0.0	0.0	1	1.05	15.24806190462407	230.0	17	1.05	0.95				
	123	2	0.0	0.0	0.0	0.0	1	1.0235024419475156	6.005797185075294	230.0	15	1.05	0.95				
	124	1	0.0	0.0	0.0	0.0	1	1.0229305427743243	3.9410995691901527	230.0	16	1.05	0.95				
	201	2	45.848575477894734	9.339524634385963	0.0	0.0	2	1.0261128615924513	-5.78384401789634	138.0	21	1.05	0.95				
	202	2	41.17881316070175	8.490476940350877	0.0	0.0	2	1.0270340109068639	-5.573050279468069	138.0	22	1.05	0.95				
	203	1	76.41429246315788	15.70738233964912	0.0	0.0	2	1.0191084779716824	-5.551260740961111	138.0	21	1.05	0.95				
	204	1	31.41476467929824	6.367857705263156	0.0	0.0	2	1.0184697359036712	-7.270645700340178	138.0	21	1.05	0.95				
	205	1	30.141193138245608	5.943333858245614	0.0	0.0	2	1.0329042822922845	-7.495557299360904	138.0	21	1.05	0.95				
	206	1	57.735243194385966	11.886667716491228	0.0	-100.0	2	1.0447978863533536	-8.831444679883699	138.0	22	1.05	0.95				
	207	2	53.065480877192975	10.613096175438596	0.0	0.0	2	0.991539904266688	-14.990659350901327	138.0	22	1.05	0.95				
	208	1	72.59357784	14.858334645614033	0.0	0.0	2	0.9982786019304672	-13.080783682840776	138.0	22	1.05	0.95				
	209	1	74.29167322807017	15.282858492631576	0.0	0.0	2	1.0233979254368342	-6.916361891618562	138.0	23	1.05	0.95				
	210	1	82.78215016842104	16.980953880701755	0.0	0.0	2	1.05	-7.8696547334955556	138.0	23	1.05	0.95				
	211	1	0.0	0.0	0.0	0.0	2	1.0047463176796303	-4.126971850331484	230.0	23	1.05	0.95				
	212	1	0.0	0.0	0.0	0.0	2	1.0077632032980812	-3.490438638653532	230.0	23	1.05	0.95				
	213	2	112.4988194596491	22.924287738947367	0.0	0.0	2	0.9981951704614054	-3.06648043167021	230.0	24	1.05	0.95				
	214	2	82.3576263214035	16.556430033684208	0.0	0.0	2	1.0055772953518898	-1.6677557056787862	230.0	26	1.05	0.95				
	215	2	134.57405950456138	27.1695262091228	0.0	0.0	2	1.0283417395889047	4.424063617845906	230.0	26	1.05	0.95				
	216	2	42.45238470175438	8.490476940350877	0.0	0.0	2	1.028218710989076	4.342714378646713	230.0	26	1.05	0.95				
	217	1	0.0	0.0	0.0	0.0	2	1.034097694446882	6.687726507915927	230.0	27	1.05	0.95				
	218	2	141.3664410568421	28.867621597192983	0.0	0.0	2	1.0357748464770868	7.188101803051421	230.0	27	1.05	0.95				
	219	1	76.83881631017543	15.70738233964912	0.0	0.0	2	1.0268626804724192	3.8399234922023338	230.0	25	1.05	0.95				
	220	1	54.3390524182456	11.037620022456139	0.0	0.0	2	1.0285068413927432	4.230586903632611	230.0	25	1.05	0.95				
	221	2	0.0	0.0	0.0	0.0	2	1.0360464501278712	7.024313317217058	230.0	27	1.05	0.95				
	222	2	0.0	0.0	0.0	0.0	2	1.05	13.390088586718342	230.0	27	1.05	0.95				
	223	2	0.0	0.0	0.0	0.0	2	1.0300277894961831	4.769916823576777	230.0	25	1.05	0.95				
	224	1	0.0	0.0	0.0	0.0	2	1.0125694614877299	0.6839401136919838	230.0	26	1.05	0.95				
	301	2	46.005061680000004	9.371401453333334	0.0	0.0	3	1.0081815266469687	-15.321607963021371	138.0	31	1.05	0.95				
	302	2	41.31936095333333	8.519455866666666	0.0	0.0	3	1.0078594445461795	-15.418812275967825	138.0	32	1.05	0.95				
	303	1	76.67510279999999	15.760993353333333	0.0	0.0	3	1.0210854422765865	-10.428281485422668	138.0	31	1.05	0.95				
	304	1	31.521986706666667	6.389591899999999	0.0	0.0	3	1.0100998195211037	-14.003808681958779	138.0	31	1.05	0.95				
	305	1	30.244068326666664	5.963619106666667	0.0	0.0	3	1.0235165270036544	-14.62541626163933	138.0	31	1.05	0.95				
	306	1	57.93229989333334	11.927238213333334	0.0	-100.0	3	1.040467371813864	-14.747531166575719	138.0	32	1.05	0.95				
	307	2	53.24659916666666	10.649319833333333	0.0	0.0	3	0.9950494783416056	-19.45483485123215	138.0	32	1.05	0.95				
	308	1	72.84134766	14.909047766666667	0.0	0.0	3	1.0006618201173965	-17.532708340524046	138.0	32	1.05	0.95				
	309	1	74.54523883333333	15.335020559999998	0.0	0.0	3	1.0252478583591333	-11.098080856145577	138.0	33	1.05	0.95				
	310	1	83.06469469999999	17.038911733333332	0.0	0.0	3	1.05	-12.55858204134321	138.0	33	1.05	0.95				
	311	1	0.0	0.0	0.0	0.0	3	1.00619878316965	-7.184777007037142	230.0	33	1.05	0.95				
	312	1	0.0	0.0	0.0	0.0	3	1.009759837084525	-6.8020441108007645	230.0	33	1.05	0.95				
	313	2	112.88279023333332	23.002530840000002	0.0	0.0	3	1.0085418132545565	-3.7640030025788658	230.0	34	1.05	0.95				
	314	2	82.63872190666666	16.61293894	0.0	0.0	3	1.0050640018096269	-5.420031497910006	230.0	36	1.05	0.95				
	315	2	135.03337548666664	27.262258773333333	0.0	0.0	3	1.0250605318508976	-2.861626939775003	230.0	36	1.05	0.95				
	316	2	42.59727933333333	8.519455866666666	0.0	0.0	3	1.0246706773721532	-1.9190033460445748	230.0	36	1.05	0.95				
	317	1	0.0	0.0	0.0	0.0	3	1.0292145801313322	-1.200187599210629	230.0	37	1.05	0.95				
	318	2	141.84894018	28.96614994666667	0.0	0.0	3	1.0281596329198843	-1.3999235287796883	230.0	37	1.05	0.95				
	319	1	77.10107559333333	15.760993353333333	0.0	0.0	3	1.021691594806373	-2.2116634110410307	230.0	35	1.05	0.95				
	320	1	54.524517546666665	11.075292626666666	0.0	0.0	3	1.020891219572091	-2.0871896743769756	230.0	35	1.05	0.95				
	321	2	0.0	0.0	0.0	0.0	3	1.0292260304355594	-1.3519388412030735	230.0	37	1.05	0.95				
	322	2	0.0	0.0	0.0	0.0	3	1.0425069412859305	3.0770704353841216	230.0	37	1.05	0.95				
	323	2	0.0	0.0	0.0	0.0	3	1.0208424508983147	-1.762805922391545	230.0	35	1.05	0.95				
	324	1	0.0	0.0	0.0	0.0	3	1.0149257244000793	-5.069713559746298	230.0	36	1.05	0.95				
	325	1	0.0	0.0	0.0	0.0	3	1.0202764540873894	-0.8268420809273895	230.0	35	1.05	0.95				
];
