%% MATPOWER Case Format : Version 2
function mpc = RTS_GMLC
mpc.version = '2';

%%-----  Power Flow Data  -----%%
%% system MVA base
mpc.baseMVA = 100.0;
%% bus data
%    bus_i    type    Pd    Qd    Gs    Bs    area    Vm    Va    baseKV    zone    Vmax    Vmin
mpc.bus = [
	101	2	38.67639783157895	7.878525484210526	0.0	0.0	1	0.9866690219406479	-5.80519289748354	138.0	11	1.05	0.95				
	102	2	34.73713508947368	7.162295894736842	0.0	0.0	1	0.9865755068640131	-5.987386834058998	138.0	12	1.05	0.95				
	103	1	64.46066305263159	13.250247405263158	0.0	0.0	1	1.0195360577443169	1.1525672245739913	138.0	11	1.05	0.95				
	104	1	26.500494810526316	5.3717219210526315	0.0	0.0	1	1.002091791243398	-5.211459630711831	138.0	11	1.05	0.95				
	105	1	25.426150426315786	5.013607126315789	0.0	0.0	1	1.0137664482245758	-6.046358659148828	138.0	11	1.05	0.95				
	106	1	48.703612084210526	10.027214252631579	0.0	-100.0	1	1.0372286374296849	-6.637209133239626	138.0	12	1.05	0.95				
	107	2	44.76434934210526	8.952869868421052	0.0	0.0	1	0.9857725643738586	-11.039091673905979	138.0	12	1.05	0.95				
	108	1	61.2376299	12.534017815789472	0.0	0.0	1	0.9975644058624479	-9.199167362705246	138.0	12	1.05	0.95				
	109	1	62.67008907894736	12.892132610526316	0.0	0.0	1	1.0250520423582816	-3.096049933546217	138.0	13	1.05	0.95				
	110	1	69.8323849736842	14.324591789473684	0.0	0.0	1	1.05	-5.112527355089013	138.0	13	1.05	0.95				
	111	1	0.0	0.0	0.0	0.0	1	1.0190758950701755	0.17193476331044083	230.0	13	1.05	0.95				
	112	1	0.0	0.0	0.0	0.0	1	1.014679708420744	-1.1839106694566948	230.0	13	1.05	0.95				
	113	3	94.90042060526316	19.338198915789476	0.0	0.0	1	0.9990484078561226	1.883323108481173e-29	230.0	14	1.05	0.95				
	114	2	69.47427017894736	13.966476994736842	0.0	0.0	1	1.05	4.469879495735794	230.0	16	1.05	0.95				
	115	2	113.52238993157894	22.919346863157894	0.0	0.0	1	1.0410078017704234	14.994763663546395	230.0	16	1.05	0.95				
	116	2	35.81147947368421	7.162295894736842	0.0	0.0	1	1.0423091010592376	12.915553114457444	230.0	16	1.05	0.95				
	117	1	0.0	0.0	0.0	0.0	1	1.040550585094093	19.44614643939981	230.0	17	1.05	0.95				
	118	2	119.25222664736843	24.351806042105263	0.0	0.0	1	1.05	20.274314621553916	230.0	17	1.05	0.95				
	119	1	64.81877784736842	13.250247405263158	0.0	0.0	1	1.040337675717113	8.19801246485804	230.0	15	1.05	0.95				
	120	1	45.83869372631579	9.310984663157896	0.0	0.0	1	1.0458025358371796	4.795941641810133	230.0	15	1.05	0.95				
	121	2	0.0	0.0	0.0	0.0	1	1.044111923936491	21.965845654723232	230.0	17	1.05	0.95				
	122	2	0.0	0.0	0.0	0.0	1	1.05	39.91984008971845	230.0	17	1.05	0.95				
	123	2	0.0	0.0	0.0	0.0	1	1.05	3.2047114512320736	230.0	15	1.05	0.95				
	124	1	0.0	0.0	0.0	0.0	1	1.0153475777251404	9.857795636459475	230.0	16	1.05	0.95				
	201	2	40.170628042105264	8.182905712280702	0.0	0.0	2	1.0020059452851882	-16.396364103998433	138.0	21	1.05	0.95				
	202	2	36.079175185964914	7.4390051929824565	0.0	0.0	2	1.0007740595200636	-16.692844858889515	138.0	22	1.05	0.95				
	203	1	66.95104673684212	13.762159607017544	0.0	0.0	2	1.0006051368572988	-12.070953364123133	138.0	21	1.05	0.95				
	204	1	27.52431921403509	5.579253894736842	0.0	0.0	2	0.9932954202113184	-16.312795967661557	138.0	21	1.05	0.95				
	205	1	26.408468435087716	5.20730363508772	0.0	0.0	2	1.0087010634225113	-16.784002700101258	138.0	21	1.05	0.95				
	206	1	50.58523531228071	10.41460727017544	0.0	-100.0	2	1.0202732376686792	-17.50193472929874	138.0	22	1.05	0.95				
	207	2	46.49378245614035	9.29875649122807	0.0	0.0	2	0.9806515420125995	-22.209074311377947	138.0	22	1.05	0.95				
	208	1	63.6034944	13.018259087719297	0.0	0.0	2	0.9827632935858605	-20.431749048428202	138.0	22	1.05	0.95				
	209	1	65.0912954385965	13.39020934736842	0.0	0.0	2	0.9978740793047255	-14.38504564873221	138.0	23	1.05	0.95				
	210	1	72.53030063157895	14.878010385964913	0.0	0.0	2	1.0242374020123464	-15.924866753945716	138.0	23	1.05	0.95				
	211	1	0.0	0.0	0.0	0.0	2	0.9814210307132103	-11.534389932673676	230.0	23	1.05	0.95				
	212	1	0.0	0.0	0.0	0.0	2	0.9689233277862351	-10.825262153816288	230.0	23	1.05	0.95				
	213	2	98.56681880701754	20.085314021052632	0.0	0.0	2	0.9625723342702973	-10.198455958708735	230.0	24	1.05	0.95				
	214	2	72.15835037192983	14.50606012631579	0.0	0.0	2	0.9958601239909571	-8.983973346308836	230.0	26	1.05	0.95				
	215	2	117.90823230877191	23.80481661754386	0.0	0.0	2	1.015904750165015	-2.3133414972211956	230.0	26	1.05	0.95				
	216	2	37.19502596491228	7.4390051929824565	0.0	0.0	2	1.0095706104959914	-2.965525370794593	230.0	26	1.05	0.95				
	217	1	0.0	0.0	0.0	0.0	2	1.0264087287500474	-0.7760603995644947	230.0	27	1.05	0.95				
	218	2	123.85943646315789	25.292617656140354	0.0	0.0	2	1.026692317477249	-1.250922808272405	230.0	27	1.05	0.95				
	219	1	67.32299699649124	13.762159607017544	0.0	0.0	2	0.9858608179279759	-2.9484127723645126	230.0	25	1.05	0.95				
	220	1	47.60963323508772	9.670706750877194	0.0	0.0	2	0.9677334760814242	-2.135750747930737	230.0	25	1.05	0.95				
	221	2	0.0	0.0	0.0	0.0	2	1.02687205485569	-0.8004914276649548	230.0	27	1.05	0.95				
	222	2	0.0	0.0	0.0	0.0	2	1.0499987506006654	5.698163698064554	230.0	27	1.05	0.95				
	223	2	0.0	0.0	0.0	0.0	2	0.9584458916961865	-1.3429742450873374	230.0	25	1.05	0.95				
	224	1	0.0	0.0	0.0	0.0	2	0.9982654551370443	-5.948133710561019	230.0	26	1.05	0.95				
	301	2	42.57133817684211	8.671939258245615	0.0	0.0	3	1.0129658618772157	19.54042106277301	138.0	31	1.05	0.95				
	302	2	38.235368547719304	7.88358114385965	0.0	0.0	3	1.0117610030570907	19.1824255735217	138.0	32	1.05	0.95				
	303	1	70.95223029473684	14.584625116140352	0.0	0.0	3	1.05	34.37586068213178	138.0	31	1.05	0.95				
	304	1	29.169250232280703	5.912685857894736	0.0	0.0	3	1.0078595791794593	20.45283798325458	138.0	31	1.05	0.95				
	305	1	27.986713060701753	5.518506800701755	0.0	0.0	3	1.0232505330844628	17.745209294846777	138.0	31	1.05	0.95				
	306	1	53.60835177824562	11.03701360140351	0.0	-100.0	3	1.0367952563950962	16.251090600043455	138.0	32	1.05	0.95				
	307	2	49.272382149122805	9.854476429824562	0.0	0.0	3	0.95	13.322260727753966	138.0	32	1.05	0.95				
	308	1	67.40461878	13.796267001754387	0.0	0.0	3	0.9719488241142354	14.982784861352613	138.0	32	1.05	0.95				
	309	1	68.98133500877192	14.190446058947368	0.0	0.0	3	1.0166516954410492	23.14358009330959	138.0	33	1.05	0.95				
	310	1	76.86491615263158	15.7671622877193	0.0	0.0	3	1.0433055538358331	17.22244821431631	138.0	33	1.05	0.95				
	311	1	0.0	0.0	0.0	0.0	3	1.00546323351404	20.507151890969133	230.0	33	1.05	0.95				
	312	1	0.0	0.0	0.0	0.0	3	1.0106210477380542	20.366112825993394	230.0	33	1.05	0.95				
	313	2	104.45745015614034	21.285669088421056	0.0	0.0	3	1.004261420866277	20.11782659827196	230.0	34	1.05	0.95				
	314	2	76.47073709543861	15.372983230526316	0.0	0.0	3	1.0026243686302707	21.26536795934053	230.0	36	1.05	0.95				
	315	2	124.95476113017543	25.227459660350878	0.0	0.0	3	1.05	25.183245242030434	230.0	36	1.05	0.95				
	316	2	39.41790571929825	7.88358114385965	0.0	0.0	3	1.037172810712281	24.6177487942695	230.0	36	1.05	0.95				
	317	1	0.0	0.0	0.0	0.0	3	1.0435067814450263	29.320276308872415	230.0	37	1.05	0.95				
	318	2	131.26162604526317	26.80417588912281	0.0	0.0	3	1.0338873555474088	25.619200213406657	230.0	37	1.05	0.95				
	319	1	71.34640935192984	14.584625116140352	0.0	0.0	3	1.027682699115216	22.64932837470535	230.0	35	1.05	0.95				
	320	1	50.454919320701755	10.248655487017544	0.0	0.0	3	1.0226425196496494	21.686060967124646	230.0	35	1.05	0.95				
	321	2	0.0	0.0	0.0	0.0	3	1.048243080249101	26.10979619063054	230.0	37	1.05	0.95				
	322	2	0.0	0.0	0.0	0.0	3	1.05	31.70319147324152	230.0	37	1.05	0.95				
	323	2	0.0	0.0	0.0	0.0	3	1.0202394270043857	21.460823748356862	230.0	35	1.05	0.95				
	324	1	0.0	0.0	0.0	0.0	3	1.0470561160541323	28.69678934742365	230.0	36	1.05	0.95				
	325	1	0.0	0.0	0.0	0.0	3	1.0230066111279161	21.516250260331255	230.0	35	1.05	0.95				
];
