%% MATPOWER Case Format : Version 2
function mpc = RTS_GMLC
mpc.version = '2';

%%-----  Power Flow Data  -----%%
%% system MVA base
mpc.baseMVA = 100.0;
%% bus data
%    bus_i    type    Pd    Qd    Gs    Bs    area    Vm    Va    baseKV    zone    Vmax    Vmin
mpc.bus = [
	101	2	80.30529439578949	16.358485895438598	0.0	0.0	1	1.0374872167743507	-1.586347157004405	138.0	11	1.05	0.95				
	102	2	72.12605144807019	14.87135081403509	0.0	0.0	1	1.037438096478306	-1.650790461738326	138.0	12	1.05	0.95				
	103	1	133.84215732631583	27.511999005964917	0.0	0.0	1	1.020769967374632	-3.2513212398195503	138.0	11	1.05	0.95				
	104	1	55.023998011929834	11.153513110526317	0.0	0.0	1	1.0193217809446316	-4.7065534728375695	138.0	11	1.05	0.95				
	105	1	52.79329538982457	10.409945569824563	0.0	0.0	1	1.0337191199984515	-4.821537452232898	138.0	11	1.05	0.95				
	106	1	101.12518553543862	20.819891139649126	0.0	-100.0	1	1.0373827043366242	-7.310720790794125	138.0	12	1.05	0.95				
	107	2	92.94594258771932	18.58918851754386	0.0	0.0	1	1.0459467135999776	-3.207492466194822	138.0	12	1.05	0.95				
	108	1	127.15004946000002	26.0248639245614	0.0	0.0	1	1.0233073200595544	-6.335936271957743	138.0	12	1.05	0.95				
	109	1	130.12431962280704	26.76843146526316	0.0	0.0	1	1.026760402017917	-4.565545248250853	138.0	13	1.05	0.95				
	110	1	144.99567043684212	29.74270162807018	0.0	0.0	1	1.05	-5.774530964038912	138.0	13	1.05	0.95				
	111	1	0.0	0.0	0.0	0.0	1	1.0131670623401543	-1.904175225663835	230.0	13	1.05	0.95				
	112	1	0.0	0.0	0.0	0.0	1	1.016028289373619	-0.8093351502775742	230.0	13	1.05	0.95				
	113	3	197.04539828596492	40.152647197894744	0.0	0.0	1	1.014232208660301	1.6266308495423892e-28	230.0	14	1.05	0.95				
	114	2	144.25210289614037	28.99913408736842	0.0	0.0	1	1.0140606508007897	-0.25015573200834607	230.0	16	1.05	0.95				
	115	2	235.71091040245616	47.588322604912285	0.0	0.0	1	1.0439457018344553	6.835445115134102	230.0	16	1.05	0.95				
	116	2	74.35675407017544	14.87135081403509	0.0	0.0	1	1.0416905235605367	6.577096963509824	230.0	16	1.05	0.95				
	117	1	0.0	0.0	0.0	0.0	1	1.0464602793012778	9.328793627135878	230.0	17	1.05	0.95				
	118	2	247.60799105368423	50.56259276771931	0.0	0.0	1	1.048699618099104	9.850854146152848	230.0	17	1.05	0.95				
	119	1	134.58572486701757	27.511999005964917	0.0	0.0	1	1.0364085309808069	5.828044535242275	230.0	15	1.05	0.95				
	120	1	95.17664520982457	19.332756058245618	0.0	0.0	1	1.0383693605938682	6.582406304951587	230.0	15	1.05	0.95				
	121	2	0.0	0.0	0.0	0.0	1	1.05	10.440249227104863	230.0	17	1.05	0.95				
	122	2	0.0	0.0	0.0	0.0	1	1.05	16.576353340356572	230.0	17	1.05	0.95				
	123	2	0.0	0.0	0.0	0.0	1	1.041679364709224	7.545387323268291	230.0	15	1.05	0.95				
	124	1	0.0	0.0	0.0	0.0	1	1.022638409207348	3.105374830723616	230.0	16	1.05	0.95				
	201	2	75.87029751157895	15.455060604210527	0.0	0.0	2	1.0359294952232545	-9.220005301853881	138.0	21	1.05	0.95				
	202	2	68.14276720947367	14.050055094736843	0.0	0.0	2	1.03605845426105	-9.30203292465338	138.0	22	1.05	0.95				
	203	1	126.45049585263158	25.99260192526316	0.0	0.0	2	1.0275356541637504	-6.488337048983038	138.0	21	1.05	0.95				
	204	1	51.98520385052632	10.53754132105263	0.0	0.0	2	1.0184076571103542	-11.022895182359305	138.0	21	1.05	0.95				
	205	1	49.87769558631578	9.83503856631579	0.0	0.0	2	1.033994058170631	-11.406953555015413	138.0	21	1.05	0.95				
	206	1	95.54037464421053	19.67007713263158	0.0	-100.0	2	1.0388602483410398	-13.29498344679397	138.0	22	1.05	0.95				
	207	2	87.81284434210525	17.562568868421053	0.0	0.0	2	0.9705361576699699	-23.767386839458876	138.0	22	1.05	0.95				
	208	1	120.12797106	24.587596415789474	0.0	0.0	2	0.9734352864217029	-20.3106424919479	138.0	22	1.05	0.95				
	209	1	122.93798207894737	25.290099170526315	0.0	0.0	2	1.0259233268595263	-9.589344129964244	138.0	23	1.05	0.95				
	210	1	136.9880371736842	28.100110189473686	0.0	0.0	2	1.05	-11.413952030530625	138.0	23	1.05	0.95				
	211	1	0.0	0.0	0.0	0.0	2	1.0226280743252425	-5.745097814671786	230.0	23	1.05	0.95				
	212	1	0.0	0.0	0.0	0.0	2	1.0210750635173	-3.0892722300469067	230.0	23	1.05	0.95				
	213	2	186.16323000526316	37.93514875578948	0.0	0.0	2	1.0277306332559004	-3.445693545146283	230.0	24	1.05	0.95				
	214	2	136.28553441894735	27.39760743473684	0.0	0.0	2	1.0352611813920887	-3.0859379122042214	230.0	26	1.05	0.95				
	215	2	222.69337325157892	44.960176303157894	0.0	0.0	2	1.0442675468104925	5.034896565550674	230.0	26	1.05	0.95				
	216	2	70.25027547368421	14.050055094736843	0.0	0.0	2	1.0469509526051104	4.962302778695404	230.0	26	1.05	0.95				
	217	1	0.0	0.0	0.0	0.0	2	1.0485775222083547	8.123032520430412	230.0	27	1.05	0.95				
	218	2	233.93341732736843	47.770187322105265	0.0	0.0	2	1.0499999960981814	8.986621536674724	230.0	27	1.05	0.95				
	219	1	127.15299860736842	25.99260192526316	0.0	0.0	2	1.043452764948169	4.227367265345095	230.0	25	1.05	0.95				
	220	1	89.92035260631579	18.265071623157894	0.0	0.0	2	1.046408102001072	4.903287440914409	230.0	25	1.05	0.95				
	221	2	0.0	0.0	0.0	0.0	2	1.05	9.386440100228372	230.0	27	1.05	0.95				
	222	2	0.0	0.0	0.0	0.0	2	1.05	15.402508077170204	230.0	27	1.05	0.95				
	223	2	0.0	0.0	0.0	0.0	2	1.05	5.7848151381837845	230.0	25	1.05	0.95				
	224	1	0.0	0.0	0.0	0.0	2	1.0235532084863115	0.7425364541747775	230.0	26	1.05	0.95				
	301	2	59.39829166736842	12.09965200631579	0.0	0.0	3	1.0084848871336403	-17.46026537186668	138.0	31	1.05	0.95				
	302	2	53.34846566421052	10.999683642105262	0.0	0.0	3	1.0078636014237958	-17.6089208352019	138.0	32	1.05	0.95				
	303	1	98.99715277894737	20.349414737894737	0.0	0.0	3	1.0238758198478741	-10.559574854731782	138.0	31	1.05	0.95				
	304	1	40.69882947578947	8.249762731578947	0.0	0.0	3	1.0073826222007705	-15.91256682270978	138.0	31	1.05	0.95				
	305	1	39.04887692947368	7.699778549473685	0.0	0.0	3	1.021676252179172	-16.52284600018899	138.0	31	1.05	0.95				
	306	1	74.7978487663158	15.39955709894737	0.0	-100.0	3	1.036745233871152	-16.624189404875025	138.0	32	1.05	0.95				
	307	2	68.74802276315789	13.749604552631578	0.0	0.0	3	0.9929664416877501	-22.986438999796125	138.0	32	1.05	0.95				
	308	1	94.04729513999999	19.249446373684208	0.0	0.0	3	0.9946126986111147	-20.39477881794456	138.0	32	1.05	0.95				
	309	1	96.24723186842104	19.79943055578947	0.0	0.0	3	1.0255894009252169	-12.274380764587892	138.0	33	1.05	0.95				
	310	1	107.24691551052629	21.999367284210525	0.0	0.0	3	1.05	-13.820105700117088	138.0	33	1.05	0.95				
	311	1	0.0	0.0	0.0	0.0	3	1.0138334682762244	-7.1362877280543335	230.0	33	1.05	0.95				
	312	1	0.0	0.0	0.0	0.0	3	1.0144918281669668	-6.9031522329976385	230.0	33	1.05	0.95				
	313	2	145.7458082578947	29.69914583368421	0.0	0.0	3	1.0190719949962148	-3.5358241411868345	230.0	34	1.05	0.95				
	314	2	106.69693132842104	21.449383102105262	0.0	0.0	3	1.0227507883766824	-4.383150559456435	230.0	36	1.05	0.95				
	315	2	174.3449857273684	35.19898765473684	0.0	0.0	3	1.0438087469833792	0.004192629349961276	230.0	36	1.05	0.95				
	316	2	54.99841821052631	10.999683642105262	0.0	0.0	3	1.041839397342476	0.25899075294070883	230.0	36	1.05	0.95				
	317	1	0.0	0.0	0.0	0.0	3	1.04669592723897	2.5812073976617986	230.0	37	1.05	0.95				
	318	2	183.14473264105263	37.3989243831579	0.0	0.0	3	1.046902473867201	2.521007994887862	230.0	37	1.05	0.95				
	319	1	99.54713696105263	20.349414737894737	0.0	0.0	3	1.036681854393316	-0.5654232727741474	230.0	35	1.05	0.95				
	320	1	70.39797530947368	14.299588734736842	0.0	0.0	3	1.0350387878997505	-0.8729152478510982	230.0	35	1.05	0.95				
	321	2	0.0	0.0	0.0	0.0	3	1.0491577562395713	3.3037182242148595	230.0	37	1.05	0.95				
	322	2	0.0	0.0	0.0	0.0	3	1.05	8.427616720955173	230.0	37	1.05	0.95				
	323	2	0.0	0.0	0.0	0.0	3	1.034853475590289	-0.7611530257292894	230.0	35	1.05	0.95				
	324	1	0.0	0.0	0.0	0.0	3	1.024645968796109	-2.8953669444668346	230.0	36	1.05	0.95				
	325	1	0.0	0.0	0.0	0.0	3	1.0335164601670654	0.18456905425178285	230.0	35	1.05	0.95				
];
