%% MATPOWER Case Format : Version 2
function mpc = RTS_GMLC
mpc.version = '2';

%%-----  Power Flow Data  -----%%
%% system MVA base
mpc.baseMVA = 100.0;
%% bus data
%    bus_i    type    Pd    Qd    Gs    Bs    area    Vm    Va    baseKV    zone    Vmax    Vmin
mpc.bus = [
	101	2	41.48193963789474	8.450024741052632	0.0	0.0	1	1.0123974892558578	-3.784684359320641	138.0	11	1.05	0.95				
	102	2	37.25692726736842	7.681840673684211	0.0	0.0	1	1.0123318026721546	-4.007685991243467	138.0	12	1.05	0.95				
	103	1	69.1365660631579	14.211405246315788	0.0	0.0	1	1.0020031209892921	1.205600485300942	138.0	11	1.05	0.95				
	104	1	28.422810492631577	5.7613805052631575	0.0	0.0	1	1.0030293284011618	-3.8914724015123774	138.0	11	1.05	0.95				
	105	1	27.270534391578945	5.3772884715789475	0.0	0.0	1	1.0172021857606162	-4.930220101863644	138.0	11	1.05	0.95				
	106	1	52.23651658105264	10.754576943157895	0.0	-100.0	1	1.0279019222409007	-6.045292001215147	138.0	12	1.05	0.95				
	107	2	48.01150421052631	9.602300842105263	0.0	0.0	1	0.9865929139235112	-10.00464250452138	138.0	12	1.05	0.95				
	108	1	65.67973776	13.443221178947368	0.0	0.0	1	0.9887208014323156	-8.657837886874018	138.0	12	1.05	0.95				
	109	1	67.21610589473684	13.827313212631578	0.0	0.0	1	1.0023354552182802	-2.945332181230479	138.0	13	1.05	0.95				
	110	1	74.89794656842105	15.363681347368422	0.0	0.0	1	1.0310556541338103	-4.822043063333676	138.0	13	1.05	0.95				
	111	1	0.0	0.0	0.0	0.0	1	0.9814491596311844	-0.39290387731636744	230.0	13	1.05	0.95				
	112	1	0.0	0.0	0.0	0.0	1	0.9829324393451215	-1.2786486853632946	230.0	13	1.05	0.95				
	113	3	101.78438892631578	20.74096981894737	0.0	0.0	1	0.9633528679928189	-1.0706413388562958e-24	230.0	14	1.05	0.95				
	114	2	74.51385453473684	14.97958931368421	0.0	0.0	1	0.989825068906668	2.9001566211644065	230.0	16	1.05	0.95				
	115	2	121.75717467789472	24.581890155789473	0.0	0.0	1	0.990208955598857	11.727565476128445	230.0	16	1.05	0.95				
	116	2	38.40920336842105	7.681840673684211	0.0	0.0	1	0.9886820788155873	10.211666999764144	230.0	16	1.05	0.95				
	117	1	0.0	0.0	0.0	0.0	1	0.9911901337983535	15.859061232150221	230.0	17	1.05	0.95				
	118	2	127.9026472168421	26.11825829052632	0.0	0.0	1	0.999488381923247	16.360543175853284	230.0	17	1.05	0.95				
	119	1	69.5206580968421	14.211405246315788	0.0	0.0	1	0.9887823545178797	6.561408614413197	230.0	15	1.05	0.95				
	120	1	49.16378031157895	9.986392875789473	0.0	0.0	1	0.9936058435814183	3.750493546201701	230.0	15	1.05	0.95				
	121	2	0.0	0.0	0.0	0.0	1	1.0003559764850973	17.527710072353162	230.0	17	1.05	0.95				
	122	2	0.0	0.0	0.0	0.0	1	1.0059366559149154	34.96233398847365	230.0	17	1.05	0.95				
	123	2	0.0	0.0	0.0	0.0	1	0.9972837894038029	2.529006953497271	230.0	15	1.05	0.95				
	124	1	0.0	0.0	0.0	0.0	1	0.982115097932827	7.6984247464512805	230.0	16	1.05	0.95				
	201	2	44.36958918315789	9.038249648421052	0.0	0.0	2	1.009981841864087	-11.813118618737736	138.0	21	1.05	0.95				
	202	2	39.85046435894736	8.216590589473684	0.0	0.0	2	1.008931198038736	-11.991013636456623	138.0	22	1.05	0.95				
	203	1	73.94931530526316	15.200692590526312	0.0	0.0	2	0.9967889786861744	-8.94177345834376	138.0	21	1.05	0.95				
	204	1	30.401385181052625	6.162442942105263	0.0	0.0	2	1.000544150427924	-11.001112781365752	138.0	21	1.05	0.95				
	205	1	29.168896592631576	5.7516134126315785	0.0	0.0	2	1.01666752568086	-11.379893387239878	138.0	21	1.05	0.95				
	206	1	55.872816008421054	11.503226825263157	0.0	-100.0	2	1.0284468594726086	-11.652757571909277	138.0	22	1.05	0.95				
	207	2	51.353691184210525	10.270738236842105	0.0	0.0	2	0.97106598668854	-16.571646725293107	138.0	22	1.05	0.95				
	208	1	70.25184954	14.379033531578944	0.0	0.0	2	0.9795541463766408	-14.676600586395372	138.0	22	1.05	0.95				
	209	1	71.89516765789473	14.78986306105263	0.0	0.0	2	1.0061891197841797	-8.435168492794965	138.0	23	1.05	0.95				
	210	1	80.11175824736841	16.43318117894737	0.0	0.0	2	1.0336246374870313	-9.584127158389531	138.0	23	1.05	0.95				
	211	1	0.0	0.0	0.0	0.0	2	0.9874099031359637	-6.113435370098993	230.0	23	1.05	0.95				
	212	1	0.0	0.0	0.0	0.0	2	0.9899942566362486	-1.3609832429142596	230.0	23	1.05	0.95				
	213	2	108.8698253105263	22.184794591578946	0.0	0.0	2	0.9841128572162351	-3.6363749995767956	230.0	24	1.05	0.95				
	214	2	79.70092871789473	16.022351649473684	0.0	0.0	2	0.983454966767666	-5.2472289941654555	230.0	26	1.05	0.95				
	215	2	130.23296084315788	26.29308988631579	0.0	0.0	2	0.9910682878143088	-1.0181485817448477	230.0	26	1.05	0.95				
	216	2	41.08295294736842	8.216590589473684	0.0	0.0	2	0.989714407270732	-1.3067997569803707	230.0	26	1.05	0.95				
	217	1	0.0	0.0	0.0	0.0	2	0.9996739980210606	-0.19636489328721607	230.0	27	1.05	0.95				
	218	2	136.80623331473683	27.936408004210527	0.0	0.0	2	1.0004641187023833	-0.7561317838302023	230.0	27	1.05	0.95				
	219	1	74.36014483473684	15.200692590526312	0.0	0.0	2	0.9844611955020035	-0.6024488638575626	230.0	25	1.05	0.95				
	220	1	52.58617977263158	10.681567766315789	0.0	0.0	2	0.9830963359849524	0.8858319626975154	230.0	25	1.05	0.95				
	221	2	0.0	0.0	0.0	0.0	2	1.002834783950929	-0.25056038311049594	230.0	27	1.05	0.95				
	222	2	0.0	0.0	0.0	0.0	2	1.0204042263096795	4.639054649308766	230.0	27	1.05	0.95				
	223	2	0.0	0.0	0.0	0.0	2	0.9834907683592551	2.051069953573466	230.0	25	1.05	0.95				
	224	1	0.0	0.0	0.0	0.0	2	0.9835585218951062	-4.035114725099891	230.0	26	1.05	0.95				
	301	2	65.13824739789474	13.2689022477193	0.0	0.0	3	1.0032840485895758	19.634023632371914	138.0	31	1.05	0.95				
	302	2	58.50379627403509	12.062638407017545	0.0	0.0	3	1.0036727483290633	19.305982595797406	138.0	32	1.05	0.95				
	303	1	108.56374566315792	22.31588105298246	0.0	0.0	3	1.0160753136122187	33.107571396863214	138.0	31	1.05	0.95				
	304	1	44.63176210596492	9.046978805263159	0.0	0.0	3	0.9931595706048351	21.178351762187955	138.0	31	1.05	0.95				
	305	1	42.82236634491228	8.443846884912283	0.0	0.0	3	1.0100264585499679	19.551388725925825	138.0	31	1.05	0.95				
	306	1	82.02594116771932	16.887693769824565	0.0	-100.0	3	1.0206219250510855	18.80966702471488	138.0	32	1.05	0.95				
	307	2	75.39149004385965	15.078298008771931	0.0	0.0	3	0.9660029878144704	15.195520742869173	138.0	32	1.05	0.95				
	308	1	103.13555838000002	21.109617212280703	0.0	0.0	3	0.9765191765431078	18.03880822171675	138.0	32	1.05	0.95				
	309	1	105.54808606140351	21.712749132631583	0.0	0.0	3	1.005966239804322	25.28038040146475	138.0	33	1.05	0.95				
	310	1	117.61072446842107	24.12527681403509	0.0	0.0	3	1.032601840568796	21.46143816332515	138.0	33	1.05	0.95				
	311	1	0.0	0.0	0.0	0.0	3	0.9937965243251707	26.85711055641935	230.0	33	1.05	0.95				
	312	1	0.0	0.0	0.0	0.0	3	1.0004174414729181	27.337997485896818	230.0	33	1.05	0.95				
	313	2	159.82995889298246	32.56912369894737	0.0	0.0	3	1.0049236802021302	31.107811401009556	230.0	34	1.05	0.95				
	314	2	117.00759254807018	23.522144893684214	0.0	0.0	3	0.9880094689012422	26.67024815626251	230.0	36	1.05	0.95				
	315	2	191.1928187512281	38.600442902456145	0.0	0.0	3	0.9873720455338479	25.46993333991248	230.0	36	1.05	0.95				
	316	2	60.313192035087724	12.062638407017545	0.0	0.0	3	0.9789131338438973	26.112285520302624	230.0	36	1.05	0.95				
	317	1	0.0	0.0	0.0	0.0	3	0.9937177881592536	28.260161190191656	230.0	37	1.05	0.95				
	318	2	200.84292947684213	41.01297058385966	0.0	0.0	3	0.9883687183804547	24.520586206262028	230.0	37	1.05	0.95				
	319	1	109.16687758350878	22.31588105298246	0.0	0.0	3	0.9890480558186616	26.218817861406013	230.0	35	1.05	0.95				
	320	1	77.20088580491229	15.681429929122809	0.0	0.0	3	0.9998929082422233	26.138219290091637	230.0	35	1.05	0.95				
	321	2	0.0	0.0	0.0	0.0	3	0.9958585563997115	25.31710631308425	230.0	37	1.05	0.95				
	322	2	0.0	0.0	0.0	0.0	3	1.0126392157083213	29.305476035775175	230.0	37	1.05	0.95				
	323	2	0.0	0.0	0.0	0.0	3	1.0059378356666786	25.99248778831313	230.0	35	1.05	0.95				
	324	1	0.0	0.0	0.0	0.0	3	0.9976119576003033	29.7424941420605	230.0	36	1.05	0.95				
