%% MATPOWER Case Format : Version 2
function mpc = RTS_GMLC
mpc.version = '2';

%%-----  Power Flow Data  -----%%
%% system MVA base
mpc.baseMVA = 100.0;
%% bus data
%    bus_i    type    Pd    Qd    Gs    Bs    area    Vm    Va    baseKV    zone    Vmax    Vmin
mpc.bus = [
	101	2	45.59673429473685	9.28822365263158	0.0	0.0	1	1.0165433599852858	1.8201271425189125	138.0	11	1.05	0.95				
	102	2	40.952622468421055	8.443839684210527	0.0	0.0	1	1.0152020039480256	1.4503089144978063	138.0	12	1.05	0.95				
	103	1	75.99455715789473	15.621103415789475	0.0	0.0	1	1.0269630690552618	2.0883496234531544	138.0	11	1.05	0.95				
	104	1	31.24220683157895	6.332879763157894	0.0	0.0	1	1.013790330014157	-1.4687182783266337	138.0	11	1.05	0.95				
	105	1	29.975630878947367	5.910687778947369	0.0	0.0	1	1.027204907825185	-1.4112122657569826	138.0	11	1.05	0.95				
	106	1	57.41810985263158	11.821375557894738	0.0	-100.0	1	1.0412247496040214	-3.6938990667018707	138.0	12	1.05	0.95				
	107	2	52.773998026315795	10.554799605263158	0.0	0.0	1	0.9842087868207794	-11.193429197821581	138.0	12	1.05	0.95				
	108	1	72.19482930000001	14.776719447368421	0.0	0.0	1	0.9939353667055528	-8.87704822820995	138.0	12	1.05	0.95				
	109	1	73.8835972368421	15.19891143157895	0.0	0.0	1	1.0253311142709194	-2.090221000450659	138.0	13	1.05	0.95				
	110	1	82.32743692105264	16.887679368421054	0.0	0.0	1	1.05	-3.2929045693412657	138.0	13	1.05	0.95				
	111	1	0.0	0.0	0.0	0.0	1	1.0172331613409964	0.3090298178344193	230.0	13	1.05	0.95				
	112	1	0.0	0.0	0.0	0.0	1	1.0137656088936218	-0.7065499482860705	230.0	13	1.05	0.95				
	113	3	111.88087581578947	22.798367147368424	0.0	0.0	1	0.9958178494261377	-4.84441623858709e-31	230.0	14	1.05	0.95				
	114	2	81.90524493684211	16.46548738421053	0.0	0.0	1	1.0423642811031038	3.519857148552341	230.0	16	1.05	0.95				
	115	2	133.83485899473683	27.020286989473686	0.0	0.0	1	1.0425450203970952	12.52851045260408	230.0	16	1.05	0.95				
	116	2	42.21919842105263	8.443839684210527	0.0	0.0	1	1.0424271960003275	10.756693593934315	230.0	16	1.05	0.95				
	117	1	0.0	0.0	0.0	0.0	1	1.0410195724285667	16.646628529876825	230.0	17	1.05	0.95				
	118	2	140.58993074210528	28.70905492631579	0.0	0.0	1	1.0494700180045695	17.185916353823835	230.0	17	1.05	0.95				
	119	1	76.41674914210526	15.621103415789475	0.0	0.0	1	1.0382154974222384	6.587625686799875	230.0	15	1.05	0.95				
	120	1	54.04057397894737	10.976991589473686	0.0	0.0	1	1.0411833859953181	3.766969485211741	230.0	15	1.05	0.95				
	121	2	0.0	0.0	0.0	0.0	1	1.0435044607545565	18.752873899758896	230.0	17	1.05	0.95				
	122	2	0.0	0.0	0.0	0.0	1	1.05	36.71203160338904	230.0	17	1.05	0.95				
	123	2	0.0	0.0	0.0	0.0	1	1.0438978218722335	2.536740232316811	230.0	15	1.05	0.95				
	124	1	0.0	0.0	0.0	0.0	1	1.0236624840294073	8.637353699522858	230.0	16	1.05	0.95				
	201	2	48.67054935157895	9.914371164210527	0.0	0.0	2	1.0113758427230177	-17.618296900476892	138.0	21	1.05	0.95				
	202	2	43.71336376947369	9.013064694736842	0.0	0.0	2	1.0105625763287862	-17.923292279837074	138.0	22	1.05	0.95				
	203	1	81.11758225263158	16.674169685263156	0.0	0.0	2	1.0107999540993464	-12.710557873830389	138.0	21	1.05	0.95				
	204	1	33.34833937052631	6.759798521052632	0.0	0.0	2	1.0097628248620287	-17.346474365507536	138.0	21	1.05	0.95				
	205	1	31.99637966631579	6.30914528631579	0.0	0.0	2	1.025091030693175	-17.879769601499856	138.0	21	1.05	0.95				
	206	1	61.28883992421053	12.61829057263158	0.0	-100.0	2	1.0404502556362576	-18.57837492167739	138.0	22	1.05	0.95				
	207	2	56.33165434210527	11.266330868421052	0.0	0.0	2	0.9935517707682183	-24.006886033250236	138.0	22	1.05	0.95				
	208	1	77.06170313999999	15.772863215789473	0.0	0.0	2	0.9981390271942083	-21.94389445301443	138.0	22	1.05	0.95				
	209	1	78.86431607894737	16.223516450526315	0.0	0.0	2	1.0226230301525419	-15.008600678163072	138.0	23	1.05	0.95				
	210	1	87.87738077368421	18.026129389473684	0.0	0.0	2	1.05	-16.690607457033916	138.0	23	1.05	0.95				
	211	1	0.0	0.0	0.0	0.0	2	1.0108896728273296	-11.601810645609184	230.0	23	1.05	0.95				
	212	1	0.0	0.0	0.0	0.0	2	1.010371089098095	-10.537329908686871	230.0	23	1.05	0.95				
	213	2	119.42310720526315	24.335274675789474	0.0	0.0	2	1.0099792826592235	-9.832186479528163	230.0	24	1.05	0.95				
	214	2	87.42672753894738	17.575476154736844	0.0	0.0	2	1.0167655747816953	-8.853788563265502	230.0	26	1.05	0.95				
	215	2	142.85707541157896	28.841807023157894	0.0	0.0	2	1.0284325685026658	-2.0559037268315894	230.0	26	1.05	0.95				
	216	2	45.06532347368421	9.013064694736842	0.0	0.0	2	1.031697787293828	-2.219253388730916	230.0	26	1.05	0.95				
	217	1	0.0	0.0	0.0	0.0	2	1.0368973042558358	-0.5989424108488065	230.0	27	1.05	0.95				
	218	2	150.0675271673684	30.644419962105264	0.0	0.0	2	1.0349418825058914	-1.1752664936247055	230.0	27	1.05	0.95				
	219	1	81.56823548736843	16.674169685263156	0.0	0.0	2	1.0324198956248438	-1.8846962844072717	230.0	25	1.05	0.95				
	220	1	57.68361404631579	11.716984103157895	0.0	0.0	2	1.0362313080995575	-0.7282717705499725	230.0	25	1.05	0.95				
	221	2	0.0	0.0	0.0	0.0	2	1.0353482645888636	-0.666643468234862	230.0	27	1.05	0.95				
	222	2	0.0	0.0	0.0	0.0	2	1.05	5.8586446229684785	230.0	27	1.05	0.95				
	223	2	0.0	0.0	0.0	0.0	2	1.0393320722612545	0.24232245689798612	230.0	25	1.05	0.95				
	224	1	0.0	0.0	0.0	0.0	2	1.0086982401158313	-6.018501512264818	230.0	26	1.05	0.95				
	301	2	59.85953810526317	12.193609614035088	0.0	0.0	3	1.0164385987608622	-0.29911901728261925	138.0	31	1.05	0.95				
	302	2	53.762733298245614	11.085099649122808	0.0	0.0	3	1.0150656142551069	-0.6510118798361161	138.0	32	1.05	0.95				
	303	1	99.76589684210526	20.507434350877194	0.0	0.0	3	1.05	15.034850876321252	138.0	31	1.05	0.95				
	304	1	41.01486870175439	8.313824736842106	0.0	0.0	3	1.0105358783660396	1.2099891873239839	138.0	31	1.05	0.95				
	305	1	39.352103754385965	7.759569754385966	0.0	0.0	3	1.0262576142211957	-1.4144005805682351	138.0	31	1.05	0.95				
	306	1	75.3786776140351	15.519139508771932	0.0	-100.0	3	1.0384331632188815	-2.6617281350676496	138.0	32	1.05	0.95				
	307	2	69.28187280701754	13.85637456140351	0.0	0.0	3	0.9933244739461505	-8.164281954659643	138.0	32	1.05	0.95				
	308	1	94.77760199999999	19.39892438596491	0.0	0.0	3	0.9935560729313752	-5.528645211602748	138.0	32	1.05	0.95				
	309	1	96.99462192982456	19.95317936842105	0.0	0.0	3	1.0257611362231753	5.0013740224143355	138.0	33	1.05	0.95				
	310	1	108.07972157894736	22.170199298245617	0.0	0.0	3	1.05	-0.7574028906432464	138.0	33	1.05	0.95				
	311	1	0.0	0.0	0.0	0.0	3	1.0156250622100176	4.679066196718595	230.0	33	1.05	0.95				
	312	1	0.0	0.0	0.0	0.0	3	1.0160675873347373	5.23952920885077	230.0	33	1.05	0.95				
	313	2	146.8775703508772	29.929769052631585	0.0	0.0	3	1.0154711278324204	7.201007296306196	230.0	34	1.05	0.95				
	314	2	107.52546659649123	21.615944315789477	0.0	0.0	3	1.020046346023944	5.098002160664229	230.0	36	1.05	0.95				
	315	2	175.6988294385965	35.47231887719298	0.0	0.0	3	1.0429614322047662	9.386966065700461	230.0	36	1.05	0.95				
	316	2	55.42549824561404	11.085099649122808	0.0	0.0	3	1.0396029843175625	9.085598629575122	230.0	36	1.05	0.95				
	317	1	0.0	0.0	0.0	0.0	3	1.05	13.72995036934712	230.0	37	1.05	0.95				
	318	2	184.56690915789474	37.68933880701755	0.0	0.0	3	1.0451140379683672	11.02804532621015	230.0	37	1.05	0.95				
	319	1	100.32015182456139	20.507434350877194	0.0	0.0	3	1.0307843669704604	8.00872017979812	230.0	35	1.05	0.95				
	320	1	70.94463775438597	14.410629543859649	0.0	0.0	3	1.0275700197512787	8.132860370482508	230.0	35	1.05	0.95				
	321	2	0.0	0.0	0.0	0.0	3	1.045471152786523	11.122541758765466	230.0	37	1.05	0.95				
	322	2	0.0	0.0	0.0	0.0	3	1.05	16.488324405714412	230.0	37	1.05	0.95				
	323	2	0.0	0.0	0.0	0.0	3	1.026972852452284	8.625658397876958	230.0	35	1.05	0.95				
	324	1	0.0	0.0	0.0	0.0	3	1.0430074034321415	11.549381958733719	230.0	36	1.05	0.95				
	325	1	0.0	0.0	0.0	0.0	3	1.026228750523076	9.484839238177313	230.0	35	1.05	0.95				
];
