%% MATPOWER Case Format : Version 2
function mpc = RTS_GMLC
mpc.version = '2';

%%-----  Power Flow Data  -----%%
%% system MVA base
mpc.baseMVA = 100.0;
%% bus data
%    bus_i    type    Pd    Qd    Gs    Bs    area    Vm    Va    baseKV    zone    Vmax    Vmin
mpc.bus = [
	101	2	71.71499258526318	14.608609600701755	0.0	0.0	1	1.0478092420191645	1.1085739684298193	138.0	11	1.05	0.95				
	102	2	64.41068778491228	13.280554182456141	0.0	0.0	1	1.0471304959789702	0.8942291024439168	138.0	12	1.05	0.95				
	103	1	119.52498764210529	24.569025237543862	0.0	0.0	1	1.026725441405811	-1.633496756389953	138.0	11	1.05	0.95				
	104	1	49.138050475087724	9.960415636842106	0.0	0.0	1	1.0258568676970736	-2.588974349021908	138.0	11	1.05	0.95				
	105	1	47.1459673477193	9.2963879277193	0.0	0.0	1	1.0395158293538909	-2.7857425027299	138.0	11	1.05	0.95				
	106	1	90.30776844070176	18.5927758554386	0.0	-100.0	1	1.0415950889136534	-5.6210027453562885	138.0	12	1.05	0.95				
	107	2	83.00346364035089	16.600692728070175	0.0	0.0	1	1.0175681195431003	-5.780690779925882	138.0	12	1.05	0.95				
	108	1	113.54873826000001	23.240969819298247	0.0	0.0	1	1.008951021468922	-7.210219074210737	138.0	12	1.05	0.95				
	109	1	116.20484909649123	23.904997528421053	0.0	0.0	1	1.0260368109080749	-3.65280476309938	138.0	13	1.05	0.95				
	110	1	129.4854032789474	26.561108364912283	0.0	0.0	1	1.05	-4.711768695209712	138.0	13	1.05	0.95				
	111	1	0.0	0.0	0.0	0.0	1	1.010400347897972	-1.5409654489465976	230.0	13	1.05	0.95				
	112	1	0.0	0.0	0.0	0.0	1	1.0135514876655685	-0.6063423186662602	230.0	13	1.05	0.95				
	113	3	175.96734291754385	35.85749629263159	0.0	0.0	1	1.008008036374622	6.226656592131626e-31	230.0	14	1.05	0.95				
	114	2	128.82137556982457	25.897080655789477	0.0	0.0	1	1.0099258716272308	-0.16683219747033093	230.0	16	1.05	0.95				
	115	2	210.49678379192983	42.49777338385965	0.0	0.0	1	1.0409409442485789	6.037179979551942	230.0	16	1.05	0.95				
	116	2	66.4027709122807	13.280554182456141	0.0	0.0	1	1.0377555912404182	5.789424736102569	230.0	16	1.05	0.95				
	117	1	0.0	0.0	0.0	0.0	1	1.0433299584013533	7.896015008067644	230.0	17	1.05	0.95				
	118	2	221.12122713789475	45.15388422035088	0.0	0.0	1	1.0453902202451555	7.94492352498525	230.0	17	1.05	0.95				
	119	1	120.18901535122808	24.569025237543862	0.0	0.0	1	1.03166616752151	5.179472229304631	230.0	15	1.05	0.95				
	120	1	84.9955467677193	17.264720437192985	0.0	0.0	1	1.0314518451677666	5.688677058902044	230.0	15	1.05	0.95				
	121	2	0.0	0.0	0.0	0.0	1	1.0491106166567792	9.27977096192772	230.0	17	1.05	0.95				
	122	2	0.0	0.0	0.0	0.0	1	1.05	16.07206452418786	230.0	17	1.05	0.95				
	123	2	0.0	0.0	0.0	0.0	1	1.0331220302642306	6.468662713336189	230.0	15	1.05	0.95				
	124	1	0.0	0.0	0.0	0.0	1	1.0257234121571155	3.1809514779916936	230.0	16	1.05	0.95				
	201	2	62.15142452210527	12.660475365614035	0.0	0.0	2	1.0303134158699438	-4.094750609264172	138.0	21	1.05	0.95				
	202	2	55.82118683929824	11.509523059649124	0.0	0.0	2	1.030710193647383	-4.041681226753457	138.0	22	1.05	0.95				
	203	1	103.58570753684211	21.292617660350878	0.0	0.0	2	1.0218470450650572	-4.273038226423369	138.0	21	1.05	0.95				
	204	1	42.585235320701756	8.632142294736841	0.0	0.0	2	1.0182270529117614	-5.858607788994934	138.0	21	1.05	0.95				
	205	1	40.85880686175438	8.056666141754388	0.0	0.0	2	1.0329484638252981	-5.981908036564048	138.0	21	1.05	0.95				
	206	1	78.26475680561404	16.113332283508775	0.0	-100.0	2	1.041353276147535	-7.570093888039338	138.0	22	1.05	0.95				
	207	2	71.93451912280702	14.386903824561404	0.0	0.0	2	0.9895334736806649	-16.182266059466503	138.0	22	1.05	0.95				
	208	1	98.40642215999999	20.141665354385964	0.0	0.0	2	0.9908440092498245	-13.44330475127735	138.0	22	1.05	0.95				
	209	1	100.70832677192982	20.71714150736842	0.0	0.0	2	1.02537549304439	-5.003802552123574	138.0	23	1.05	0.95				
	210	1	112.21784983157895	23.01904611929825	0.0	0.0	2	1.05	-6.068299264474591	138.0	23	1.05	0.95				
	211	1	0.0	0.0	0.0	0.0	2	1.0107053373709052	-2.1894836220563336	230.0	23	1.05	0.95				
	212	1	0.0	0.0	0.0	0.0	2	1.0160767829466637	1.6116310297919545	230.0	23	1.05	0.95				
	213	2	152.50118054035087	31.075712261052637	0.0	0.0	2	1.0086307160422194	-0.23681741218326696	230.0	24	1.05	0.95				
	214	2	111.64237367859648	22.443569966315792	0.0	0.0	2	1.0128139976017148	-0.478471650337171	230.0	26	1.05	0.95				
	215	2	182.4259404954386	36.83047379087719	0.0	0.0	2	1.0350170626272979	5.295004663776318	230.0	26	1.05	0.95				
	216	2	57.54761529824562	11.509523059649124	0.0	0.0	2	1.034984216756218	5.434194422566368	230.0	26	1.05	0.95				
	217	1	0.0	0.0	0.0	0.0	2	1.0402149570394792	7.645979212413898	230.0	27	1.05	0.95				
	218	2	191.6335589431579	39.13237840280702	0.0	0.0	2	1.0416405901733392	8.175586446208724	230.0	27	1.05	0.95				
	219	1	104.16118368982457	21.292617660350878	0.0	0.0	2	1.0330618089811063	5.130850280802339	230.0	25	1.05	0.95				
	220	1	73.66094758175439	14.962379977543861	0.0	0.0	2	1.0359621188012578	5.969194317824582	230.0	25	1.05	0.95				
	221	2	0.0	0.0	0.0	0.0	2	1.0414689448791496	7.967573065733346	230.0	27	1.05	0.95				
	222	2	0.0	0.0	0.0	0.0	2	1.05	14.345009374838645	230.0	27	1.05	0.95				
	223	2	0.0	0.0	0.0	0.0	2	1.0390236229453518	6.85768780240268	230.0	25	1.05	0.95				
	224	1	0.0	0.0	0.0	0.0	2	1.018172245461894	1.7224301051487854	230.0	26	1.05	0.95				
	301	2	78.39481176000001	15.969313506666666	0.0	0.0	3	0.9987550830136999	-18.416851701028886	138.0	31	1.05	0.95				
	302	2	70.41015500666667	14.517557733333334	0.0	0.0	3	0.9984336689208748	-18.56214707383755	138.0	32	1.05	0.95				
	303	1	130.65801960000002	26.857481806666666	0.0	0.0	3	1.0109441563426511	-11.048836352380977	138.0	31	1.05	0.95				
	304	1	53.71496361333333	10.888168299999998	0.0	0.0	3	0.9922535695620639	-16.045543044702566	138.0	31	1.05	0.95				
	305	1	51.537329953333334	10.162290413333334	0.0	0.0	3	1.0066453356118332	-16.548823552930223	138.0	31	1.05	0.95				
	306	1	98.71939258666667	20.32458082666667	0.0	-100.0	3	1.0183169635387668	-16.304671895893826	138.0	32	1.05	0.95				
	307	2	90.73473583333333	18.146947166666667	0.0	0.0	3	0.966506990615169	-23.676664375686737	138.0	32	1.05	0.95				
	308	1	124.12511862	25.40572603333333	0.0	0.0	3	0.9703957898834775	-20.09130280849944	138.0	32	1.05	0.95				
	309	1	127.02863016666666	26.131603919999996	0.0	0.0	3	1.0148077758473981	-10.953790299682275	138.0	33	1.05	0.95				
	310	1	141.5461879	29.035115466666667	0.0	0.0	3	1.0368881824200455	-12.291099558842955	138.0	33	1.05	0.95				
	311	1	0.0	0.0	0.0	0.0	3	1.0126011387251386	-3.868755726652021	230.0	33	1.05	0.95				
	312	1	0.0	0.0	0.0	0.0	3	1.0125963130297329	-3.018516235636328	230.0	33	1.05	0.95				
	313	2	192.35763996666665	39.197405880000005	0.0	0.0	3	1.0366072847030774	2.67314204357825	230.0	34	1.05	0.95				
	314	2	140.82031001333334	28.30923758	0.0	0.0	3	1.0260069267793726	-2.123363056706501	230.0	36	1.05	0.95				
	315	2	230.1032900733333	46.456184746666665	0.0	0.0	3	1.0430008984171624	-1.0963690289523673	230.0	36	1.05	0.95				
	316	2	72.58778866666667	14.517557733333334	0.0	0.0	3	1.041691084198067	0.1586262806853638	230.0	36	1.05	0.95				
	317	1	0.0	0.0	0.0	0.0	3	1.0439894447526656	0.8552762749198363	230.0	37	1.05	0.95				
	318	2	241.71733625999997	49.359696293333336	0.0	0.0	3	1.0424688520212904	0.5320369439977167	230.0	37	1.05	0.95				
	319	1	131.38389748666665	26.857481806666666	0.0	0.0	3	1.0381652639072056	0.7351038300993852	230.0	35	1.05	0.95				
	320	1	92.91236949333333	18.872825053333333	0.0	0.0	3	1.0383982001975791	1.348086772140218	230.0	35	1.05	0.95				
	321	2	0.0	0.0	0.0	0.0	3	1.0451791226663303	1.1067518807806083	230.0	37	1.05	0.95				
	322	2	0.0	0.0	0.0	0.0	3	1.05	5.339240011263269	230.0	37	1.05	0.95				
	323	2	0.0	0.0	0.0	0.0	3	1.0392450135102338	1.7099818438802457	230.0	35	1.05	0.95				
	324	1	0.0	0.0	0.0	0.0	3	1.0208196651052381	-3.0924825369853757	230.0	36	1.05	0.95				
	325	1	0.0	0.0	0.0	0.0	3	1.0389282402600755	2.3493538028528542	230.0	35	1.05	0.95				
];
