%% MATPOWER Case Format : Version 2
function mpc = RTS_GMLC
mpc.version = '2';

%%-----  Power Flow Data  -----%%
%% system MVA base
mpc.baseMVA = 100.0;
%% bus data
%    bus_i    type    Pd    Qd    Gs    Bs    area    Vm    Va    baseKV    zone    Vmax    Vmin
mpc.bus = [
	101	2	35.964374074105265	7.326076200280703	0.0	0.0	1	1.0263257280244324	5.316088284025376	138.0	11	1.05	0.95				
	102	2	32.30133597396491	6.660069272982456	0.0	0.0	1	1.0251442326707871	5.031448003524227	138.0	12	1.05	0.95				
	103	1	59.94062345684211	12.321128155017544	0.0	0.0	1	1.0334339436627895	4.15665838626419	138.0	11	1.05	0.95				
	104	1	24.642256310035087	4.995051954736842	0.0	0.0	1	1.0195520528664366	1.627565339711443	138.0	11	1.05	0.95				
	105	1	23.643245919087718	4.662048491087719	0.0	0.0	1	1.0330946441596502	1.8214934458932563	138.0	11	1.05	0.95				
	106	1	45.288471056280706	9.324096982175439	0.0	-100.0	1	1.0458390736717627	-0.5260326307803459	138.0	12	1.05	0.95				
	107	2	41.62543295614035	8.32508659122807	0.0	0.0	1	0.9847170039498474	-7.078980356832447	138.0	12	1.05	0.95				
	108	1	56.943592284	11.655121227719297	0.0	0.0	1	0.9977920686364418	-5.182492679848141	138.0	12	1.05	0.95				
	109	1	58.275606138596494	11.988124691368421	0.0	0.0	1	1.0251076049244208	0.2203508845081864	138.0	13	1.05	0.95				
	110	1	64.93567541157894	13.320138545964912	0.0	0.0	1	1.05	-0.6439841062219737	138.0	13	1.05	0.95				
	111	1	0.0	0.0	0.0	0.0	1	1.0099801011650773	1.5210311726857615	230.0	13	1.05	0.95				
	112	1	0.0	0.0	0.0	0.0	1	1.0088061985230785	0.6821072337517163	230.0	13	1.05	0.95				
	113	3	88.24591786701754	17.982187037052633	0.0	0.0	1	0.9841486732380788	-3.5475080861367205e-28	230.0	14	1.05	0.95				
	114	2	64.60267194792982	12.98713508231579	0.0	0.0	1	1.0287433048189458	4.573075960622647	230.0	16	1.05	0.95				
	115	2	105.56209797677192	21.31222167354386	0.0	0.0	1	1.0451379174539404	12.269238228877226	230.0	16	1.05	0.95				
	116	2	33.30034636491228	6.660069272982456	0.0	0.0	1	1.0430726530517727	10.903705079545226	230.0	16	1.05	0.95				
	117	1	0.0	0.0	0.0	0.0	1	1.0425996402610456	15.929339157517576	230.0	17	1.05	0.95				
	118	2	110.89015339515791	22.644235528140353	0.0	0.0	1	1.05	16.117321471633037	230.0	17	1.05	0.95				
	119	1	60.27362692049123	12.321128155017544	0.0	0.0	1	1.03700267108512	7.5378850268134725	230.0	15	1.05	0.95				
	120	1	42.62444334708772	8.658090054877194	0.0	0.0	1	1.0360126616588488	5.235043034197741	230.0	15	1.05	0.95				
	121	2	0.0	0.0	0.0	0.0	1	1.041799235161184	17.16276942067739	230.0	17	1.05	0.95				
	122	2	0.0	0.0	0.0	0.0	1	1.05	35.136109924812416	230.0	17	1.05	0.95				
	123	2	0.0	0.0	0.0	0.0	1	1.0359010574129546	4.22017202359848	230.0	15	1.05	0.95				
	124	1	0.0	0.0	0.0	0.0	1	1.0303587396373999	9.238438703824043	230.0	16	1.05	0.95				
	201	2	40.782622395789474	8.307571228771929	0.0	0.0	2	1.0141610554169598	-12.274891040798588	138.0	21	1.05	0.95				
	202	2	36.62883678140351	7.552337480701754	0.0	0.0	2	1.013691026791481	-12.480441167974728	138.0	22	1.05	0.95				
	203	1	67.97103732631578	13.971824339298244	0.0	0.0	2	1.0114357310623507	-8.774467780049806	138.0	21	1.05	0.95				
	204	1	27.94364867859649	5.664253110526316	0.0	0.0	2	1.012445909859572	-12.589687620330977	138.0	21	1.05	0.95				
	205	1	26.810798056491226	5.286636236491228	0.0	0.0	2	1.0275921716565657	-12.994870417043796	138.0	21	1.05	0.95				
	206	1	51.355894868771934	10.573272472982456	0.0	-100.0	2	1.043251957832628	-13.858787577114331	138.0	22	1.05	0.95				
	207	2	47.20210925438596	9.440421850877193	0.0	0.0	2	0.9946280607354173	-18.510496274373768	138.0	22	1.05	0.95				
	208	1	64.57248546	13.21659059122807	0.0	0.0	2	1.0015854086712381	-16.838300712932412	138.0	22	1.05	0.95				
	209	1	66.08295295614035	13.594207465263155	0.0	0.0	2	1.0217771218577687	-11.10589298255362	138.0	23	1.05	0.95				
	210	1	73.6352904368421	15.104674961403507	0.0	0.0	2	1.05	-12.498448393835663	138.0	23	1.05	0.95				
	211	1	0.0	0.0	0.0	0.0	2	1.0051178053573913	-8.45492569894	230.0	23	1.05	0.95				
	212	1	0.0	0.0	0.0	0.0	2	1.0077147147159717	-7.828474913473347	230.0	23	1.05	0.95				
	213	2	100.06847161929824	20.391311197894737	0.0	0.0	2	0.9994697497979947	-7.288912497482768	230.0	24	1.05	0.95				
	214	2	73.25767356280701	14.727058087368421	0.0	0.0	2	1.0066139566381815	-6.014121001777252	230.0	26	1.05	0.95				
	215	2	119.7045490691228	24.167479938245613	0.0	0.0	2	1.020945298075248	-0.03673731659049944	230.0	26	1.05	0.95				
	216	2	37.76168740350877	7.552337480701754	0.0	0.0	2	1.024280036919763	-0.2821579697229386	230.0	26	1.05	0.95				
	217	1	0.0	0.0	0.0	0.0	2	1.0309852487782352	1.4494185082071191	230.0	27	1.05	0.95				
	218	2	125.7464190536842	25.677947434385967	0.0	0.0	2	1.0294565640760371	0.9915540963537686	230.0	27	1.05	0.95				
	219	1	68.34865420035088	13.971824339298244	0.0	0.0	2	1.0248192771575644	-0.6204222607473213	230.0	25	1.05	0.95				
	220	1	48.334959876491226	9.81803872491228	0.0	0.0	2	1.0275534368696746	-0.17316399226783472	230.0	25	1.05	0.95				
	221	2	0.0	0.0	0.0	0.0	2	1.0299149789745765	1.4503793406624816	230.0	27	1.05	0.95				
	222	2	0.0	0.0	0.0	0.0	2	1.05	7.942853554005363	230.0	27	1.05	0.95				
	223	2	0.0	0.0	0.0	0.0	2	1.0294692017394365	0.36218478709970947	230.0	25	1.05	0.95				
	224	1	0.0	0.0	0.0	0.0	2	1.0065626210629242	-3.3095652354515517	230.0	26	1.05	0.95				
	301	2	49.09712115789474	10.001265421052633	0.0	0.0	3	1.0093390070951522	-20.068709403968295	138.0	31	1.05	0.95				
	302	2	44.09648844736842	9.09205947368421	0.0	0.0	3	1.0087825024132189	-20.193144348831865	138.0	32	1.05	0.95				
	303	1	81.8285352631579	16.82031002631579	0.0	0.0	3	1.0266007727749478	-14.083636937726691	138.0	31	1.05	0.95				
	304	1	33.64062005263158	6.819044605263159	0.0	0.0	3	1.0104698393423066	-18.706740822134204	138.0	31	1.05	0.95				
	305	1	32.276811131578945	6.3644416315789485	0.0	0.0	3	1.0237342615607132	-19.48615410214535	138.0	31	1.05	0.95				
	306	1	61.82600442105264	12.728883263157897	0.0	-100.0	3	1.0398693439835989	-19.696546751188087	138.0	32	1.05	0.95				
	307	2	56.82537171052632	11.365074342105263	0.0	0.0	3	0.9945460944304627	-24.73371826581238	138.0	32	1.05	0.95				
	308	1	77.73710849999999	15.91110407894737	0.0	0.0	3	0.9993699547593837	-22.660270526643174	138.0	32	1.05	0.95				
	309	1	79.55552039473685	16.365707052631578	0.0	0.0	3	1.0263531020801873	-15.630713981421744	138.0	33	1.05	0.95				
	310	1	88.64757986842106	18.18411894736842	0.0	0.0	3	1.05	-17.44140936261594	138.0	33	1.05	0.95				
	311	1	0.0	0.0	0.0	0.0	3	1.0099710475878372	-11.53209033411918	230.0	33	1.05	0.95				
	312	1	0.0	0.0	0.0	0.0	3	1.0109202103575505	-10.759796816511681	230.0	33	1.05	0.95				
	313	2	120.46978802631578	24.54856057894737	0.0	0.0	3	1.0115298436806281	-7.729675305110511	230.0	34	1.05	0.95				
	314	2	88.19297689473684	17.72951597368421	0.0	0.0	3	1.0143641529097331	-9.779102096643289	230.0	36	1.05	0.95				
	315	2	144.10914265789475	29.094590315789475	0.0	0.0	3	1.037303012676955	-5.3399798151644795	230.0	36	1.05	0.95				
	316	2	45.46029736842105	9.09205947368421	0.0	0.0	3	1.0367470786465804	-4.574789712334952	230.0	36	1.05	0.95				
	317	1	0.0	0.0	0.0	0.0	3	1.0440163265660616	-1.5974577154505647	230.0	37	1.05	0.95				
	318	2	151.3827902368421	30.91300221052632	0.0	0.0	3	1.0410634048846592	-2.6681576271074223	230.0	37	1.05	0.95				
	319	1	82.2831382368421	16.82031002631579	0.0	0.0	3	1.0321149873638666	-4.8309214609802265	230.0	35	1.05	0.95				
	320	1	58.18918063157895	11.819677315789475	0.0	0.0	3	1.031220961281926	-4.177187933211266	230.0	35	1.05	0.95				
	321	2	0.0	0.0	0.0	0.0	3	1.0416363174240664	-2.9897978554089493	230.0	37	1.05	0.95				
	322	2	0.0	0.0	0.0	0.0	3	1.05	1.8826129625083448	230.0	37	1.05	0.95				
	323	2	0.0	0.0	0.0	0.0	3	1.0315604344395954	-3.470356121421434	230.0	35	1.05	0.95				
	324	1	0.0	0.0	0.0	0.0	3	1.0222933385694237	-8.611438044308027	230.0	36	1.05	0.95				
	325	1	0.0	0.0	0.0	0.0	3	1.0246369064727436	-1.778312962476187	230.0	35	1.05	0.95				
];
