%% MATPOWER Case Format : Version 2
function mpc = RTS_GMLC
mpc.version = '2';

%%-----  Power Flow Data  -----%%
%% system MVA base
mpc.baseMVA = 100.0;
%% bus data
%    bus_i    type    Pd    Qd    Gs    Bs    area    Vm    Va    baseKV    zone    Vmax    Vmin
mpc.bus = [
	101	2	42.711034130526315	8.700395841403509	0.0	0.0	1	1.0340672138621085	2.6622592664881064	138.0	11	1.05	0.95				
	102	2	38.360836209824555	7.909450764912281	0.0	0.0	1	1.0331486229826459	2.401228095822754	138.0	12	1.05	0.95				
	103	1	71.18505688421052	14.632483915087718	0.0	0.0	1	1.029139396164657	1.2284040153825835	138.0	11	1.05	0.95				
	104	1	29.264967830175436	5.93208807368421	0.0	0.0	1	1.0218657518687304	-0.5749151926541614	138.0	11	1.05	0.95				
	105	1	28.07855021543859	5.536615535438597	0.0	0.0	1	1.03664417317352	-0.37032075339592674	138.0	11	1.05	0.95				
	106	1	53.784265201403514	11.073231070877194	0.0	-100.0	1	1.0464376530577595	-2.5179190796712994	138.0	12	1.05	0.95				
	107	2	49.434067280701754	9.88681345614035	0.0	0.0	1	1.0009373673636823	-7.281341767713462	138.0	12	1.05	0.95				
	108	1	67.62580403999999	13.84153883859649	0.0	0.0	1	1.0058731766299427	-6.194655120260131	138.0	12	1.05	0.95				
	109	1	69.20769419298244	14.237011376842105	0.0	0.0	1	1.0243601677551661	-1.4057624605261458	138.0	13	1.05	0.95				
	110	1	77.11714495789474	15.818901529824561	0.0	0.0	1	1.05	-2.1994100400251635	138.0	13	1.05	0.95				
	111	1	0.0	0.0	0.0	0.0	1	1.002532462034055	0.16692245029240038	230.0	13	1.05	0.95				
	112	1	0.0	0.0	0.0	0.0	1	1.0070865021087605	0.33949162574825026	230.0	13	1.05	0.95				
	113	3	104.8002226350877	21.355517065263157	0.0	0.0	1	0.9927166122886726	8.027121034434918e-28	230.0	14	1.05	0.95				
	114	2	76.72167241964911	15.423428991578946	0.0	0.0	1	0.9998784246932738	2.4145018761548775	230.0	16	1.05	0.95				
	115	2	125.36479462385964	25.3102424477193	0.0	0.0	1	1.0357456550086461	8.51389370911551	230.0	16	1.05	0.95				
	116	2	39.5472538245614	7.909450764912281	0.0	0.0	1	1.0314288835049656	7.858494690731542	230.0	16	1.05	0.95				
	117	1	0.0	0.0	0.0	0.0	1	1.0390302784538747	9.986210382365439	230.0	17	1.05	0.95				
	118	2	131.69235523578945	26.892132600701757	0.0	0.0	1	1.0414254058405972	10.126355748651992	230.0	17	1.05	0.95				
	119	1	71.58052942245614	14.632483915087718	0.0	0.0	1	1.0245178663526602	6.496490091773693	230.0	15	1.05	0.95				
	120	1	50.6204848954386	10.282285994385965	0.0	0.0	1	1.0213071753387273	6.078952924186907	230.0	15	1.05	0.95				
	121	2	0.0	0.0	0.0	0.0	1	1.044928565154862	11.164546085980533	230.0	17	1.05	0.95				
	122	2	0.0	0.0	0.0	0.0	1	1.05	17.502524466685955	230.0	17	1.05	0.95				
	123	2	0.0	0.0	0.0	0.0	1	1.019910519407576	6.157951479415759	230.0	15	1.05	0.95				
	124	1	0.0	0.0	0.0	0.0	1	1.0238265353166118	5.77889483716868	230.0	16	1.05	0.95				
	201	2	42.584605692631584	8.674641900350878	0.0	0.0	2	1.027200947079127	-5.578973082564411	138.0	21	1.05	0.95				
	202	2	38.24728474245614	7.8860380912280705	0.0	0.0	2	1.0282117405541542	-5.360394688167269	138.0	22	1.05	0.95				
	203	1	70.97434282105264	14.58917046877193	0.0	0.0	2	1.017171674284447	-5.750070100738168	138.0	21	1.05	0.95				
	204	1	29.17834093754386	5.914528568421053	0.0	0.0	2	1.019183109001782	-7.147601401193379	138.0	21	1.05	0.95				
	205	1	27.995435223859648	5.520226663859649	0.0	0.0	2	1.0338575934388239	-7.3248148051866355	138.0	21	1.05	0.95				
	206	1	53.62505902035088	11.040453327719298	0.0	-100.0	2	1.0459147712756713	-8.654390418836941	138.0	22	1.05	0.95				
	207	2	49.28773807017544	9.857547614035088	0.0	0.0	2	0.9935413808760151	-14.426876758299088	138.0	22	1.05	0.95				
	208	1	67.42562568	13.800566659649121	0.0	0.0	2	1.0005146985532782	-12.672141736961859	138.0	22	1.05	0.95				
	209	1	69.00283329824562	14.194868564210525	0.0	0.0	2	1.0226883397018807	-6.990703155911253	138.0	23	1.05	0.95				
	210	1	76.88887138947368	15.772076182456141	0.0	0.0	2	1.05	-7.831033723695197	138.0	23	1.05	0.95				
	211	1	0.0	0.0	0.0	0.0	2	1.002331645343854	-4.604200264938885	230.0	23	1.05	0.95				
	212	1	0.0	0.0	0.0	0.0	2	1.006319808550258	-3.730887581244002	230.0	23	1.05	0.95				
	213	2	104.49000470877192	21.292302846315792	0.0	0.0	2	0.9957688192710569	-3.3868968628018945	230.0	24	1.05	0.95				
	214	2	76.49456948491228	15.377774277894737	0.0	0.0	2	0.9995646848988416	-2.7196233044759848	230.0	26	1.05	0.95				
	215	2	124.99370374596491	25.235321891929825	0.0	0.0	2	1.0188044862657224	2.173720442662476	230.0	26	1.05	0.95				
	216	2	39.43019045614035	7.8860380912280705	0.0	0.0	2	1.0198072476277837	2.3271595503466638	230.0	26	1.05	0.95				
	217	1	0.0	0.0	0.0	0.0	2	1.0254412844772711	3.802124213560532	230.0	27	1.05	0.95				
	218	2	131.3025342189474	26.81252951017544	0.0	0.0	2	1.0246135950236603	3.291985776567145	230.0	27	1.05	0.95				
	219	1	71.36864472561403	14.58917046877193	0.0	0.0	2	1.0203440279203946	2.4926451859598178	230.0	25	1.05	0.95				
	220	1	50.47064378385965	10.251849518596492	0.0	0.0	2	1.0233475472605758	3.4146996178616282	230.0	25	1.05	0.95				
	221	2	0.0	0.0	0.0	0.0	2	1.0263107567398688	3.7269545051348367	230.0	27	1.05	0.95				
	222	2	0.0	0.0	0.0	0.0	2	1.0483730060186847	10.267031965096955	230.0	27	1.05	0.95				
	223	2	0.0	0.0	0.0	0.0	2	1.0256676941155063	4.224554481749573	230.0	25	1.05	0.95				
	224	1	0.0	0.0	0.0	0.0	2	1.008263351855409	-0.8185003279077749	230.0	26	1.05	0.95				
	301	2	44.05757672842106	8.974691555789475	0.0	0.0	3	1.00809073676696	-13.82678068261014	138.0	31	1.05	0.95				
	302	2	39.57023095052632	8.158810505263158	0.0	0.0	3	1.0080537028372243	-13.91021991259309	138.0	32	1.05	0.95				
	303	1	73.42929454736843	15.093799434736843	0.0	0.0	3	1.0226068447996788	-8.760213154563651	138.0	31	1.05	0.95				
	304	1	30.187598869473685	6.119107878947369	0.0	0.0	3	1.011782205125603	-12.196679959397555	138.0	31	1.05	0.95				
	305	1	28.963777293684213	5.711167353684211	0.0	0.0	3	1.0238546309697214	-13.420791559681527	138.0	31	1.05	0.95				
	306	1	55.47991143578949	11.422334707368423	0.0	-100.0	3	1.0410695672073846	-13.68012775932376	138.0	32	1.05	0.95				
	307	2	50.99256565789474	10.198513131578949	0.0	0.0	3	0.995198356182385	-17.673110758992355	138.0	32	1.05	0.95				
	308	1	69.75782982000001	14.277918384210528	0.0	0.0	3	1.0019381712248718	-15.85602814356041	138.0	32	1.05	0.95				
	309	1	71.38959192105264	14.685858909473684	0.0	0.0	3	1.0277514933579266	-9.13310901482259	138.0	33	1.05	0.95				
	310	1	79.5484024263158	16.317621010526317	0.0	0.0	3	1.05	-11.700263880454512	138.0	33	1.05	0.95				
	311	1	0.0	0.0	0.0	0.0	3	1.0061498509283813	-6.472882913129641	230.0	33	1.05	0.95				
	312	1	0.0	0.0	0.0	0.0	3	1.0106271322146825	-5.971894593838011	230.0	33	1.05	0.95				
	313	2	108.10423919473683	22.02878836421053	0.0	0.0	3	1.008451245285599	-3.2186972393194986	230.0	34	1.05	0.95				
	314	2	79.14046190105265	15.909680485263161	0.0	0.0	3	1.0014745411467212	-5.239741018726144	230.0	36	1.05	0.95				
	315	2	129.31714650842105	26.108193616842108	0.0	0.0	3	1.0236704996574344	-1.923852892066761	230.0	36	1.05	0.95				
	316	2	40.794052526315795	8.158810505263158	0.0	0.0	3	1.0233482030213368	-1.0476515471821284	230.0	36	1.05	0.95				
	317	1	0.0	0.0	0.0	0.0	3	1.0289057888390132	0.27351229509946984	230.0	37	1.05	0.95				
	318	2	135.8441949126316	27.739955717894745	0.0	0.0	3	1.0271225282147143	-0.19539250700239488	230.0	37	1.05	0.95				
	319	1	73.83723507263159	15.093799434736843	0.0	0.0	3	1.0197542557222314	-1.711743367120653	230.0	35	1.05	0.95				
	320	1	52.216387233684216	10.606453656842106	0.0	0.0	3	1.0193321864850493	-1.483401772921798	230.0	35	1.05	0.95				
	321	2	0.0	0.0	0.0	0.0	3	1.0281675040432545	-0.22219692161506244	230.0	37	1.05	0.95				
	322	2	0.0	0.0	0.0	0.0	3	1.04180265106621	4.347874131311485	230.0	37	1.05	0.95				
	323	2	0.0	0.0	0.0	0.0	3	1.019626470805456	-1.0385225717412336	230.0	35	1.05	0.95				
	324	1	0.0	0.0	0.0	0.0	3	1.0143832683229395	-4.505809291601484	230.0	36	1.05	0.95				
	325	1	0.0	0.0	0.0	0.0	3	1.0186933926351434	0.004243419224825236	230.0	35	1.05	0.95				
];
