%% MATPOWER Case Format : Version 2
function mpc = RTS_GMLC
mpc.version = '2';

%%-----  Power Flow Data  -----%%
%% system MVA base
mpc.baseMVA = 100.0;
%% bus data
%    bus_i    type    Pd    Qd    Gs    Bs    area    Vm    Va    baseKV    zone    Vmax    Vmin
mpc.bus = [
	101	2	41.45522017263158	8.444581887017543	0.0	0.0	1	1.0138215629176894	-3.5696343699806223	138.0	11	1.05	0.95				
	102	2	37.23292922912281	7.676892624561404	0.0	0.0	1	1.013683469853338	-3.800946562383505	138.0	12	1.05	0.95				
	103	1	69.09203362105262	14.202251355438596	0.0	0.0	1	1.0044075309973393	1.1865612995393113	138.0	11	1.05	0.95				
	104	1	28.404502710877193	5.757669468421052	0.0	0.0	1	1.0047256132263755	-3.801427961151573	138.0	11	1.05	0.95				
	105	1	27.25296881719298	5.373824837192983	0.0	0.0	1	1.0185915069878089	-4.85272810997556	138.0	11	1.05	0.95				
	106	1	52.20286984701754	10.747649674385967	0.0	-100.0	1	1.0292685949898572	-6.043242720972888	138.0	12	1.05	0.95				
	107	2	47.98057890350877	9.596115780701755	0.0	0.0	1	0.9869781290405438	-11.168233133566831	138.0	12	1.05	0.95				
	108	1	65.63743194	13.434562092982455	0.0	0.0	1	0.9890444879940044	-9.347428149420423	138.0	12	1.05	0.95				
	109	1	67.17281046491227	13.818406724210524	0.0	0.0	1	1.0038992229465513	-3.0294471931356286	138.0	13	1.05	0.95				
	110	1	74.84970308947368	15.353785249122808	0.0	0.0	1	1.0324304152009227	-4.888685949005045	138.0	13	1.05	0.95				
	111	1	0.0	0.0	0.0	0.0	1	0.983180895686698	-0.39073871477144556	230.0	13	1.05	0.95				
	112	1	0.0	0.0	0.0	0.0	1	0.98433367669894	-1.346807912332379	230.0	13	1.05	0.95				
	113	3	101.7188272754386	20.72761008631579	0.0	0.0	1	0.9642024048402643	1.4334736876414728e-28	230.0	14	1.05	0.95				
	114	2	74.46585845824562	14.969940617894736	0.0	0.0	1	0.992914520095769	2.9745705865026744	230.0	16	1.05	0.95				
	115	2	121.67874809929825	24.56605639859649	0.0	0.0	1	0.9953272228734572	11.938524831670616	230.0	16	1.05	0.95				
	116	2	38.38446312280702	7.676892624561404	0.0	0.0	1	0.993187698368675	10.359306201931847	230.0	16	1.05	0.95				
	117	1	0.0	0.0	0.0	0.0	1	0.9960326471081578	16.16167229825414	230.0	17	1.05	0.95				
	118	2	127.82026219894738	26.10143492350877	0.0	0.0	1	1.0053890917053563	16.641320977335056	230.0	17	1.05	0.95				
	119	1	69.4758782522807	14.202251355438596	0.0	0.0	1	0.9920404306974692	6.505383275672847	230.0	15	1.05	0.95				
	120	1	49.13211279719298	9.979960411929826	0.0	0.0	1	0.9962805996129767	3.6115198348836346	230.0	15	1.05	0.95				
	121	2	0.0	0.0	0.0	0.0	1	1.0061834197348591	17.845828771330357	230.0	17	1.05	0.95				
	122	2	0.0	0.0	0.0	0.0	1	1.010518559629021	36.07612467376357	230.0	17	1.05	0.95				
	123	2	0.0	0.0	0.0	0.0	1	0.9996778684215687	2.341822714130849	230.0	15	1.05	0.95				
	124	1	0.0	0.0	0.0	0.0	1	0.9858763079089413	7.832888891581709	230.0	16	1.05	0.95				
	201	2	43.72359514105263	8.906658269473684	0.0	0.0	2	1.011208407375106	-15.329458215660797	138.0	21	1.05	0.95				
	202	2	39.27026600631579	8.096962063157894	0.0	0.0	2	1.0101204818148513	-15.571035079226746	138.0	22	1.05	0.95				
	203	1	72.87265856842104	14.979379816842103	0.0	0.0	2	0.9967790154380989	-11.336679670944406	138.0	21	1.05	0.95				
	204	1	29.958759633684206	6.07272154736842	0.0	0.0	2	1.0002027836545342	-14.824737416429949	138.0	21	1.05	0.95				
	205	1	28.744215324210526	5.667873444210526	0.0	0.0	2	1.016910102334648	-15.282794827510857	138.0	21	1.05	0.95				
	206	1	55.05934202947369	11.335746888421053	0.0	-100.0	2	1.0279954227458439	-15.774529278001465	138.0	22	1.05	0.95				
	207	2	50.60601289473684	10.121202578947369	0.0	0.0	2	0.9720198606454075	-20.674591237610414	138.0	22	1.05	0.95				
	208	1	69.22902564	14.169683610526315	0.0	0.0	2	0.9796298242448516	-18.797694869530947	138.0	22	1.05	0.95				
	209	1	70.84841805263157	14.574531713684207	0.0	0.0	2	1.004168735340994	-12.477835210620915	138.0	23	1.05	0.95				
	210	1	78.94538011578946	16.19392412631579	0.0	0.0	2	1.032424371068796	-13.89630052493813	138.0	23	1.05	0.95				
	211	1	0.0	0.0	0.0	0.0	2	0.986223557391538	-9.807243644939842	230.0	23	1.05	0.95				
	212	1	0.0	0.0	0.0	0.0	2	0.9856399904241898	-7.1015703565750945	230.0	23	1.05	0.95				
	213	2	107.2847473368421	21.861797570526313	0.0	0.0	2	0.9820305812112128	-7.914891985565773	230.0	24	1.05	0.95				
	214	2	78.54053201263157	15.789076023157895	0.0	0.0	2	0.9847502661558754	-7.944670624317869	230.0	26	1.05	0.95				
	215	2	128.33684870105262	25.910278602105265	0.0	0.0	2	0.9913541976695432	-1.906137682415814	230.0	26	1.05	0.95				
	216	2	40.484810315789474	8.096962063157894	0.0	0.0	2	0.9895685147436013	-2.6154747608114293	230.0	26	1.05	0.95				
	217	1	0.0	0.0	0.0	0.0	2	1.000298706505654	-0.947285036474214	230.0	27	1.05	0.95				
	218	2	134.81441835157895	27.529671014736845	0.0	0.0	2	1.0015678432618937	-1.4489369947132056	230.0	27	1.05	0.95				
	219	1	73.27750667157893	14.979379816842103	0.0	0.0	2	0.982451143557794	-2.442578641284802	230.0	25	1.05	0.95				
	220	1	51.82055720421053	10.526050682105263	0.0	0.0	2	0.9792121873581267	-1.426643278690818	230.0	25	1.05	0.95				
	221	2	0.0	0.0	0.0	0.0	2	1.0038029885950415	-0.9023920435706172	230.0	27	1.05	0.95				
	222	2	0.0	0.0	0.0	0.0	2	1.0220255637702769	4.850508976686869	230.0	27	1.05	0.95				
	223	2	0.0	0.0	0.0	0.0	2	0.9783294803481707	-0.5210441718498404	230.0	25	1.05	0.95				
	224	1	0.0	0.0	0.0	0.0	2	0.9821270185022654	-5.4951111748594474	230.0	26	1.05	0.95				
	301	2	63.97658969684211	13.032268271578948	0.0	0.0	3	1.0039633880956589	20.394047179436463	138.0	31	1.05	0.95				
	302	2	57.46045556105264	11.847516610526316	0.0	0.0	3	1.004369158324676	20.07906267888584	138.0	32	1.05	0.95				
	303	1	106.62764949473684	21.917905729473684	0.0	0.0	3	1.0171599728020504	33.87620698477643	138.0	31	1.05	0.95				
	304	1	43.83581145894737	8.885637457894736	0.0	0.0	3	0.9949550174299021	22.131010911421495	138.0	31	1.05	0.95				
	305	1	42.058683967368424	8.293261627368423	0.0	0.0	3	1.011387683419305	20.14848064818686	138.0	31	1.05	0.95				
	306	1	80.56311295157896	16.586523254736846	0.0	-100.0	3	1.0223983446172633	19.33273679997075	138.0	32	1.05	0.95				
	307	2	74.04697881578947	14.809395763157895	0.0	0.0	3	0.9652105019946651	15.300480398138694	138.0	32	1.05	0.95				
	308	1	101.29626702	20.733154068421054	0.0	0.0	3	0.9751188607599551	18.105745525955577	138.0	32	1.05	0.95				
	309	1	103.66577034210526	21.32552989894737	0.0	0.0	3	1.008439033407015	26.321423743404566	138.0	33	1.05	0.95				
	310	1	115.51328695263159	23.695033221052633	0.0	0.0	3	1.0342247450067088	21.85392202261591	138.0	33	1.05	0.95				
	311	1	0.0	0.0	0.0	0.0	3	0.9952453771756177	27.04242820033646	230.0	33	1.05	0.95				
	312	1	0.0	0.0	0.0	0.0	3	1.002722009336164	27.377335137619472	230.0	33	1.05	0.95				
	313	2	156.9795950894737	31.988294848421056	0.0	0.0	3	1.0052912840156383	30.403184637508243	230.0	34	1.05	0.95				
	314	2	114.92091112210528	23.102657390526318	0.0	0.0	3	0.9876831792613805	27.123834448738116	230.0	36	1.05	0.95				
	315	2	187.7831382768421	37.91205315368421	0.0	0.0	3	0.9866664306374868	26.285714731795128	230.0	36	1.05	0.95				
	316	2	59.23758305263158	11.847516610526316	0.0	0.0	3	0.9799933023658178	26.755870443457912	230.0	36	1.05	0.95				
	317	1	0.0	0.0	0.0	0.0	3	0.9908228689826011	29.43997348375528	230.0	37	1.05	0.95				
	318	2	197.2611515652632	40.28155647578948	0.0	0.0	3	0.9826930867747299	25.392489785052106	230.0	37	1.05	0.95				
	319	1	107.22002532526315	21.917905729473684	0.0	0.0	3	0.9902708709968547	26.576545191719422	230.0	35	1.05	0.95				
	320	1	75.82410630736842	15.401771593684213	0.0	0.0	3	1.0012303546676793	26.27233805390275	230.0	35	1.05	0.95				
	321	2	0.0	0.0	0.0	0.0	3	0.9919206349700124	26.263607360940092	230.0	37	1.05	0.95				
	322	2	0.0	0.0	0.0	0.0	3	1.0104099631078391	30.967975002800138	230.0	37	1.05	0.95				
	323	2	0.0	0.0	0.0	0.0	3	1.0074030837021568	26.052679024611802	230.0	35	1.05	0.95				
	324	1	0.0	0.0	0.0	0.0	3	0.997780855472315	30.701912344080856	230.0	36	1.05	0.95				
