%% MATPOWER Case Format : Version 2
function mpc = RTS_GMLC
mpc.version = '2';

%%-----  Power Flow Data  -----%%
%% system MVA base
mpc.baseMVA = 100.0;
%% bus data
%    bus_i    type    Pd    Qd    Gs    Bs    area    Vm    Va    baseKV    zone    Vmax    Vmin
mpc.bus = [
	101	2	36.378525482526314	7.410440376070175	0.0	0.0	1	1.0341621886910126	3.9934060522432	138.0	11	1.05	0.95				
	102	2	32.67330529449122	6.736763978245613	0.0	0.0	1	1.0332765689709587	3.7435288157361493	138.0	12	1.05	0.95				
	103	1	60.630875804210525	12.463013359754385	0.0	0.0	1	1.0303119484388326	1.9133922801870633	138.0	11	1.05	0.95				
	104	1	24.92602671950877	5.05257298368421	0.0	0.0	1	1.0228279613189275	0.5531020807767433	138.0	11	1.05	0.95				
	105	1	23.915512122771926	4.71573478477193	0.0	0.0	1	1.0373336312484143	0.8332613634385804	138.0	11	1.05	0.95				
	106	1	45.80999505207017	9.43146956954386	0.0	-100.0	1	1.0479695574973849	-1.336090315209562	138.0	12	1.05	0.95				
	107	2	42.104774864035086	8.420954972807017	0.0	0.0	1	1.0011011452052943	-6.783704569511075	138.0	12	1.05	0.95				
	108	1	57.59933201399999	11.789336961929822	0.0	0.0	1	1.007538152812806	-5.376172738693075	138.0	12	1.05	0.95				
	109	1	58.94668480964912	12.126175160842104	0.0	0.0	1	1.0242542676679849	-0.6901929882548103	138.0	13	1.05	0.95				
	110	1	65.68344878789473	13.473527956491226	0.0	0.0	1	1.05	-1.3099422910447216	138.0	13	1.05	0.95				
	111	1	0.0	0.0	0.0	0.0	1	1.0004485753462617	0.5419082633898301	230.0	13	1.05	0.95				
	112	1	0.0	0.0	0.0	0.0	1	1.005484961540043	0.5170010251986711	230.0	13	1.05	0.95				
	113	3	89.26212271175437	18.189262741263157	0.0	0.0	1	0.9884829682171228	-5.583416576127877e-30	230.0	14	1.05	0.95				
	114	2	65.34661058898244	13.136689757578946	0.0	0.0	1	0.9966156571427064	2.69661799431753	230.0	16	1.05	0.95				
	115	2	106.77770905519297	21.557644730385963	0.0	0.0	1	1.0342992286895085	8.012381830217159	230.0	16	1.05	0.95				
	116	2	33.68381989122807	6.736763978245613	0.0	0.0	1	1.0299155247015093	7.621619992563063	230.0	16	1.05	0.95				
	117	1	0.0	0.0	0.0	0.0	1	1.0386154828584913	10.041630590357634	230.0	17	1.05	0.95				
	118	2	112.16712023778948	22.904997526035086	0.0	0.0	1	1.0421740313626797	10.155783822527457	230.0	17	1.05	0.95				
	119	1	60.96771400312281	12.463013359754385	0.0	0.0	1	1.0220035601455193	6.080813877437127	230.0	15	1.05	0.95				
	120	1	43.115289460771926	8.757793171719298	0.0	0.0	1	1.0173868036132334	5.393815761196162	230.0	15	1.05	0.95				
	121	2	0.0	0.0	0.0	0.0	1	1.0460099236315104	11.039174623660651	230.0	17	1.05	0.95				
	122	2	0.0	0.0	0.0	0.0	1	1.05	18.90144498151764	230.0	17	1.05	0.95				
	123	2	0.0	0.0	0.0	0.0	1	1.0149499431368085	5.281377873898454	230.0	15	1.05	0.95				
	124	1	0.0	0.0	0.0	0.0	1	1.0245146532121092	5.718341679593991	230.0	16	1.05	0.95				
	201	2	38.43664412210527	7.829686765614036	0.0	0.0	2	1.0188366284036747	-9.020753904441998	138.0	21	1.05	0.95				
	202	2	34.52180073929825	7.117897059649124	0.0	0.0	2	1.0186117574972233	-9.121712479829096	138.0	22	1.05	0.95				
	203	1	64.0610735368421	13.168109560350876	0.0	0.0	2	1.0160454452734333	-6.8453871622063955	138.0	21	1.05	0.95				
	204	1	26.336219120701752	5.338422794736842	0.0	0.0	2	1.0155046182918792	-9.65950432522335	138.0	21	1.05	0.95				
	205	1	25.268534561754386	4.982527941754387	0.0	0.0	2	1.0302757980946238	-9.963621515652598	138.0	21	1.05	0.95				
	206	1	48.40170000561404	9.965055883508773	0.0	-100.0	2	1.0450073055878109	-10.906142531742308	138.0	22	1.05	0.95				
	207	2	44.48685662280702	8.897371324561403	0.0	0.0	2	0.9962214906543029	-15.474290440096258	138.0	22	1.05	0.95				
	208	1	60.85801986	12.456319854385965	0.0	0.0	2	1.0034964311955077	-13.915188062352973	138.0	22	1.05	0.95				
	209	1	62.28159927192982	12.812214707368422	0.0	0.0	2	1.0223628701893315	-8.618587257174486	138.0	23	1.05	0.95				
	210	1	69.39949633157894	14.235794119298248	0.0	0.0	2	1.05	-9.765480454691472	138.0	23	1.05	0.95				
	211	1	0.0	0.0	0.0	0.0	2	1.0019293283706858	-6.177252690618412	230.0	23	1.05	0.95				
	212	1	0.0	0.0	0.0	0.0	2	1.005551585174088	-5.559824905082923	230.0	23	1.05	0.95				
	213	2	94.31213604035088	19.218322061052636	0.0	0.0	2	0.9950516640414775	-5.084228654141002	230.0	24	1.05	0.95				
	214	2	69.0436014785965	13.87989926631579	0.0	0.0	2	0.9999149851725773	-3.970106207922355	230.0	26	1.05	0.95				
	215	2	112.81866839543859	22.777270590877194	0.0	0.0	2	1.016332403304138	1.392961474884882	230.0	26	1.05	0.95				
	216	2	35.58948529824561	7.117897059649124	0.0	0.0	2	1.0175886608714566	1.302987545821568	230.0	26	1.05	0.95				
	217	1	0.0	0.0	0.0	0.0	2	1.0227233640747289	2.933344989435946	230.0	27	1.05	0.95				
	218	2	118.5129860431579	24.20085000280702	0.0	0.0	2	1.022112835173037	2.498737948619703	230.0	27	1.05	0.95				
	219	1	64.41696838982458	13.168109560350876	0.0	0.0	2	1.0181234941257082	1.0416112075974147	230.0	25	1.05	0.95				
	220	1	45.55454118175439	9.25326617754386	0.0	0.0	2	1.0206345536415813	1.5228871614269008	230.0	25	1.05	0.95				
	221	2	0.0	0.0	0.0	0.0	2	1.0238217378323151	2.938070425734102	230.0	27	1.05	0.95				
	222	2	0.0	0.0	0.0	0.0	2	1.0458945728287057	9.478182550931217	230.0	27	1.05	0.95				
	223	2	0.0	0.0	0.0	0.0	2	1.0223541740236477	2.064589136441044	230.0	25	1.05	0.95				
	224	1	0.0	0.0	0.0	0.0	2	1.0059922298610504	-1.7229399977785214	230.0	26	1.05	0.95				
	301	2	43.13508385263158	8.786776340350876	0.0	0.0	3	1.0099714371172321	-15.19981543296429	138.0	31	1.05	0.95				
	302	2	38.74169568245614	7.987978491228071	0.0	0.0	3	1.0098277018619066	-15.36680974698421	138.0	32	1.05	0.95				
	303	1	71.89180642105264	14.777760208771932	0.0	0.0	3	1.0310728780604	-8.327533672619342	138.0	31	1.05	0.95				
	304	1	29.555520417543864	5.990983868421053	0.0	0.0	3	1.0118298675587394	-14.226556675248714	138.0	31	1.05	0.95				
	305	1	28.35732364385965	5.591584943859649	0.0	0.0	3	1.0250307686350366	-15.078466405084095	138.0	31	1.05	0.95				
	306	1	54.31825374035088	11.183169887719298	0.0	-100.0	3	1.0417600350885565	-15.501582199582057	138.0	32	1.05	0.95				
	307	2	49.92486557017544	9.984973114035087	0.0	0.0	3	0.9937256921499575	-19.7565302343901	138.0	32	1.05	0.95				
	308	1	68.2972161	13.978962359649122	0.0	0.0	3	1.0009675551553083	-17.98287228561095	138.0	32	1.05	0.95				
	309	1	69.89481179824561	14.378361284210525	0.0	0.0	3	1.0254478762169932	-11.650897352470178	138.0	33	1.05	0.95				
	310	1	77.88279028947368	15.975956982456141	0.0	0.0	3	1.05	-13.669217295128226	138.0	33	1.05	0.95				
	311	1	0.0	0.0	0.0	0.0	3	1.0052899013967977	-8.763548362888894	230.0	33	1.05	0.95				
	312	1	0.0	0.0	0.0	0.0	3	1.010280250714366	-8.126863995132691	230.0	33	1.05	0.95				
	313	2	105.84071500877192	21.56754192631579	0.0	0.0	3	1.008366892700284	-5.367155412008417	230.0	34	1.05	0.95				
	314	2	77.48339136491228	15.576558057894738	0.0	0.0	3	1.0000201144285694	-7.710233080912501	230.0	36	1.05	0.95				
	315	2	126.6094590859649	25.561531171929825	0.0	0.0	3	1.0229589073336234	-4.27327679190395	230.0	36	1.05	0.95				
	316	2	39.93989245614035	7.987978491228071	0.0	0.0	3	1.0219460428026113	-3.82090628932139	230.0	36	1.05	0.95				
	317	1	0.0	0.0	0.0	0.0	3	1.0282412313998683	-1.9376959821230424	230.0	37	1.05	0.95				
	318	2	132.99984187894736	27.15912687017544	0.0	0.0	3	1.0263319677806975	-2.422150514848509	230.0	37	1.05	0.95				
	319	1	72.29120534561405	14.777760208771932	0.0	0.0	3	1.0196844082032133	-4.142602747669846	230.0	35	1.05	0.95				
	320	1	51.12306234385965	10.384372038596492	0.0	0.0	3	1.0202789009166942	-3.631878143907861	230.0	35	1.05	0.95				
	321	2	0.0	0.0	0.0	0.0	3	1.0274174913234957	-2.4880439013075875	230.0	37	1.05	0.95				
	322	2	0.0	0.0	0.0	0.0	3	1.0411593226963405	2.1087768895053	230.0	37	1.05	0.95				
	323	2	0.0	0.0	0.0	0.0	3	1.0211625685140626	-3.039439068041078	230.0	35	1.05	0.95				
	324	1	0.0	0.0	0.0	0.0	3	1.0195321968369204	-5.821466187841634	230.0	36	1.05	0.95				
	325	1	0.0	0.0	0.0	0.0	3	1.0192720290204462	-1.8433166175101259	230.0	35	1.05	0.95				
];
