%% MATPOWER Case Format : Version 2
function mpc = RTS_GMLC
mpc.version = '2';

%%-----  Power Flow Data  -----%%
%% system MVA base
mpc.baseMVA = 100.0;
%% bus data
%    bus_i    type    Pd    Qd    Gs    Bs    area    Vm    Va    baseKV    zone    Vmax    Vmin
mpc.bus = [
	101	2	45.44977733052632	9.258287974736842	0.0	0.0	1	1.05	3.8269266948070664	138.0	11	1.05	0.95				
	102	2	40.820633343157894	8.416625431578948	0.0	0.0	1	1.0495314705766996	3.38274068335172	138.0	12	1.05	0.95				
	103	1	75.74962888421052	15.570757048421052	0.0	0.0	1	1.0138832442878083	1.3136126568266158	138.0	11	1.05	0.95				
	104	1	31.141514096842105	6.312469073684211	0.0	0.0	1	1.0282346240722469	-0.04513471839828261	138.0	11	1.05	0.95				
	105	1	29.879020282105262	5.891637802105264	0.0	0.0	1	1.043596765085165	-0.13358048407751755	138.0	11	1.05	0.95				
	106	1	57.23305293473685	11.783275604210528	0.0	-100.0	1	1.0490049438370748	-2.870012995078214	138.0	12	1.05	0.95				
	107	2	52.603908947368424	10.520781789473684	0.0	0.0	1	1.0052586721644678	-10.52453141705222	138.0	12	1.05	0.95				
	108	1	71.96214744	14.729094505263157	0.0	0.0	1	1.0054226405964304	-8.427178646101563	138.0	12	1.05	0.95				
	109	1	73.64547252631579	15.149925776842105	0.0	0.0	1	1.0201242225931484	-2.0994381205349093	138.0	13	1.05	0.95				
	110	1	82.06209795789474	16.833250863157897	0.0	0.0	1	1.05	-2.8989222749346935	138.0	13	1.05	0.95				
	111	1	0.0	0.0	0.0	0.0	1	0.9992392850782164	-0.4878330200851438	230.0	13	1.05	0.95				
	112	1	0.0	0.0	0.0	0.0	1	1.005474110753246	-0.9025207582668485	230.0	13	1.05	0.95				
	113	3	111.52028696842106	22.72488866526316	0.0	0.0	1	0.9982543111566582	-5.359754511338574e-31	230.0	14	1.05	0.95				
	114	2	81.64126668631579	16.41241959157895	0.0	0.0	1	0.9875008797150935	1.2534316815015725	230.0	16	1.05	0.95				
	115	2	133.4035130905263	26.933201381052633	0.0	0.0	1	0.9888949660754092	7.923814409980561	230.0	16	1.05	0.95				
	116	2	42.08312715789474	8.416625431578948	0.0	0.0	1	0.9899879762265329	6.454814250475908	230.0	16	1.05	0.95				
	117	1	0.0	0.0	0.0	0.0	1	0.9904620680415722	10.410452136186501	230.0	17	1.05	0.95				
	118	2	140.13681343578946	28.616526467368423	0.0	0.0	1	0.9892883769088792	11.38032345733472	230.0	17	1.05	0.95				
	119	1	76.17046015578947	15.570757048421052	0.0	0.0	1	0.9900896769543676	3.612124394194934	230.0	15	1.05	0.95				
	120	1	53.86640276210527	10.941613061052632	0.0	0.0	1	0.9944858677842351	1.8552929678322583	230.0	15	1.05	0.95				
	121	2	0.0	0.0	0.0	0.0	1	0.9925144328410735	13.184318311251884	230.0	17	1.05	0.95				
	122	2	0.0	0.0	0.0	0.0	1	1.01352999144433	19.090157230851467	230.0	17	1.05	0.95				
	123	2	0.0	0.0	0.0	0.0	1	0.9976462927187868	1.2371899267042272	230.0	15	1.05	0.95				
	124	1	0.0	0.0	0.0	0.0	1	0.9899203675727859	5.347952998288299	230.0	16	1.05	0.95				
	201	2	43.23059973473685	8.806233279298246	0.0	0.0	2	1.01044153891105	-15.175536561948912	138.0	21	1.05	0.95				
	202	2	38.827483095087715	8.005666617543861	0.0	0.0	2	1.0095594604349272	-15.466505308107289	138.0	22	1.05	0.95				
	203	1	72.05099955789474	14.81048324245614	0.0	0.0	2	1.0155249404976823	-11.05382413561867	138.0	21	1.05	0.95				
	204	1	29.62096648491228	6.0042499631578945	0.0	0.0	2	1.010831756106337	-15.0914950570139	138.0	21	1.05	0.95				
	205	1	28.4201164922807	5.603966632280702	0.0	0.0	2	1.0253500345604922	-15.545572543431174	138.0	21	1.05	0.95				
	206	1	54.43853299929825	11.207933264561404	0.0	-100.0	2	1.0416488601272214	-16.260259574707646	138.0	22	1.05	0.95				
	207	2	50.03541635964912	10.007083271929824	0.0	0.0	2	0.9926547408290007	-21.00009743610324	138.0	22	1.05	0.95				
	208	1	68.44844957999999	14.009916580701754	0.0	0.0	2	0.999875080001575	-19.217927166370192	138.0	22	1.05	0.95				
	209	1	70.04958290350876	14.410199911578946	0.0	0.0	2	1.0233238153280693	-13.124243694230177	138.0	23	1.05	0.95				
	210	1	78.05524952105263	16.011333235087722	0.0	0.0	2	1.05	-14.623806272931962	138.0	23	1.05	0.95				
	211	1	0.0	0.0	0.0	0.0	2	1.0051632733656264	-10.295372265604913	230.0	23	1.05	0.95				
	212	1	0.0	0.0	0.0	0.0	2	1.0121755598992506	-9.095715466453155	230.0	23	1.05	0.95				
	213	2	106.07508268245613	21.615299867368424	0.0	0.0	2	1.0039583076530225	-8.967459766040673	230.0	24	1.05	0.95				
	214	2	77.65496619017543	15.611049904210528	0.0	0.0	2	1.0028678309051093	-7.7533746474912695	230.0	26	1.05	0.95				
	215	2	126.88981588807017	25.61813317614035	0.0	0.0	2	1.020697365369128	-1.0764159685955597	230.0	26	1.05	0.95				
	216	2	40.0283330877193	8.005666617543861	0.0	0.0	2	1.0215968974277556	-1.748183107678766	230.0	26	1.05	0.95				
	217	1	0.0	0.0	0.0	0.0	2	1.0223246985512768	-0.2260093498215505	230.0	27	1.05	0.95				
	218	2	133.29434918210526	27.219266499649127	0.0	0.0	2	1.0223156228238863	-0.5652372938217786	230.0	27	1.05	0.95				
	219	1	72.45128288877193	14.81048324245614	0.0	0.0	2	1.0271728304891632	-2.3604069362398503	230.0	25	1.05	0.95				
	220	1	51.2362663522807	10.407366602807018	0.0	0.0	2	1.0345682366573221	-2.1076876511076987	230.0	25	1.05	0.95				
	221	2	0.0	0.0	0.0	0.0	2	1.0252705030809994	0.06411762274384157	230.0	27	1.05	0.95				
	222	2	0.0	0.0	0.0	0.0	2	1.046410959715308	6.485849288221873	230.0	27	1.05	0.95				
	223	2	0.0	0.0	0.0	0.0	2	1.0390865413695816	-1.6694968746250836	230.0	25	1.05	0.95				
	224	1	0.0	0.0	0.0	0.0	2	1.0065330700637387	-4.832504529746876	230.0	26	1.05	0.95				
	301	2	54.66624487578948	11.135716548771931	0.0	0.0	3	1.05	14.707233772624502	138.0	31	1.05	0.95				
	302	2	49.09838660140352	10.123378680701755	0.0	0.0	3	1.045752209250701	14.36901628490848	138.0	32	1.05	0.95				
	303	1	91.1104081263158	18.72825055929825	0.0	0.0	3	1.046536129047018	30.21708179960391	138.0	31	1.05	0.95				
	304	1	37.4565011185965	7.592534010526316	0.0	0.0	3	1.0204018579939111	15.694583793464577	138.0	31	1.05	0.95				
	305	1	35.93799431649123	7.08636507649123	0.0	0.0	3	1.0441584447374002	13.850320019538323	138.0	31	1.05	0.95				
	306	1	68.83897502877194	14.17273015298246	0.0	-100.0	3	1.0474325297196145	12.772927344940763	138.0	32	1.05	0.95				
	307	2	63.27111675438597	12.654223350877194	0.0	0.0	3	0.95	8.497637654308233	138.0	32	1.05	0.95				
	308	1	86.55488772000001	17.715912691228073	0.0	0.0	3	0.9710331423192771	10.746365115505993	138.0	32	1.05	0.95				
	309	1	88.57956345614036	18.222081625263158	0.0	0.0	3	1.015818953540098	18.901455019704343	138.0	33	1.05	0.95				
	310	1	98.70294213684213	20.24675736140351	0.0	0.0	3	1.05	14.561792499749934	138.0	33	1.05	0.95				
	311	1	0.0	0.0	0.0	0.0	3	1.0012824728867686	18.102000079443783	230.0	33	1.05	0.95				
	312	1	0.0	0.0	0.0	0.0	3	1.0065423308384536	18.90712336939848	230.0	33	1.05	0.95				
	313	2	134.13476751929824	27.33312243789474	0.0	0.0	3	1.0032285280157176	21.893368817968792	230.0	34	1.05	0.95				
	314	2	98.19677320280704	19.740588427368426	0.0	0.0	3	0.9927195868724034	16.275001087946716	230.0	36	1.05	0.95				
	315	2	160.45555208912282	32.39481177824562	0.0	0.0	3	1.0387398975098137	12.912536681004491	230.0	36	1.05	0.95				
	316	2	50.616893403508776	10.123378680701755	0.0	0.0	3	1.0201638750016648	12.82494413188401	230.0	36	1.05	0.95				
	317	1	0.0	0.0	0.0	0.0	3	1.0409614294842746	11.464214996031826	230.0	37	1.05	0.95				
	318	2	168.55425503368423	34.41948751438597	0.0	0.0	3	1.0490652755210639	10.124989410975433	230.0	37	1.05	0.95				
	319	1	91.61657706035089	18.72825055929825	0.0	0.0	3	1.0112127597097338	14.408132941480348	230.0	35	1.05	0.95				
	320	1	64.78962355649124	13.160392284912284	0.0	0.0	3	1.0049090950804238	15.576274965346087	230.0	35	1.05	0.95				
	321	2	0.0	0.0	0.0	0.0	3	1.05	11.585020136109549	230.0	37	1.05	0.95				
	322	2	0.0	0.0	0.0	0.0	3	1.05	15.874315800128665	230.0	37	1.05	0.95				
	323	2	0.0	0.0	0.0	0.0	3	1.0018952786196345	16.28015624334101	230.0	35	1.05	0.95				
	324	1	0.0	0.0	0.0	0.0	3	1.0365440655908007	20.890166972504108	230.0	36	1.05	0.95				
	325	1	0.0	0.0	0.0	0.0	3	1.0023455736528868	16.01670582772413	230.0	35	1.05	0.95				
];
