%% MATPOWER Case Format : Version 2
function mpc = RTS_GMLC
mpc.version = '2';

%%-----  Power Flow Data  -----%%
%% system MVA base
mpc.baseMVA = 100.0;
%% bus data
%    bus_i    type    Pd    Qd    Gs    Bs    area    Vm    Va    baseKV    zone    Vmax    Vmin
mpc.bus = [
	101	2	44.527956442105264	9.070509645614035	0.0	0.0	1	1.043166326658963	1.2123568115465146	138.0	11	1.05	0.95				
	102	2	39.992701619298245	8.245917859649122	0.0	0.0	1	1.040638035290873	0.4955286428343514	138.0	12	1.05	0.95				
	103	1	74.2132607368421	15.254948040350877	0.0	0.0	1	1.0156186522255792	1.3885201509957001	138.0	11	1.05	0.95				
	104	1	30.509896080701754	6.1844383947368415	0.0	0.0	1	1.0247971519420573	-1.6253133893065517	138.0	11	1.05	0.95				
	105	1	29.27300840175438	5.772142501754386	0.0	0.0	1	1.0410650678951368	-1.8317925784172897	138.0	11	1.05	0.95				
	106	1	56.07224144561403	11.544285003508772	0.0	-100.0	1	1.0479488024194712	-4.118618857848957	138.0	12	1.05	0.95				
	107	2	51.536986622807014	10.307397324561403	0.0	0.0	1	1.0044070288316544	-10.660467315854396	138.0	12	1.05	0.95				
	108	1	70.5025977	14.430356254385963	0.0	0.0	1	1.0053908238487925	-8.720327655739114	138.0	12	1.05	0.95				
	109	1	72.15178127192982	14.84265214736842	0.0	0.0	1	1.0199810017088475	-2.470582850054374	138.0	13	1.05	0.95				
	110	1	80.39769913157893	16.491835719298244	0.0	0.0	1	1.05	-3.652206199122143	138.0	13	1.05	0.95				
	111	1	0.0	0.0	0.0	0.0	1	0.9985780442239434	-0.478587349754102	230.0	13	1.05	0.95				
	112	1	0.0	0.0	0.0	0.0	1	1.004385015228624	-1.0845414901438803	230.0	13	1.05	0.95				
	113	3	109.25841164035086	22.263978221052632	0.0	0.0	1	0.9967287435997708	1.6624208846966647e-29	230.0	14	1.05	0.95				
	114	2	79.98540323859649	16.079539826315788	0.0	0.0	1	0.9887774977874678	1.860721679526393	230.0	16	1.05	0.95				
	115	2	130.69779807543858	26.386937150877195	0.0	0.0	1	0.992324580360875	9.503045142197955	230.0	16	1.05	0.95				
	116	2	41.229589298245614	8.245917859649122	0.0	0.0	1	0.9933311596629498	7.84238011851101	230.0	16	1.05	0.95				
	117	1	0.0	0.0	0.0	0.0	1	0.9937760019614575	12.238026638577507	230.0	17	1.05	0.95				
	118	2	137.29453236315788	28.036120722807016	0.0	0.0	1	0.9929647357833432	13.36438451029655	230.0	17	1.05	0.95				
	119	1	74.62555662982456	15.254948040350877	0.0	0.0	1	0.9918558267836174	4.653301836571133	230.0	15	1.05	0.95				
	120	1	52.77387430175439	10.71969321754386	0.0	0.0	1	0.9951047226038343	2.4654684567420064	230.0	15	1.05	0.95				
	121	2	0.0	0.0	0.0	0.0	1	0.9954491048075819	15.27816820774716	230.0	17	1.05	0.95				
	122	2	0.0	0.0	0.0	0.0	1	1.0190189540850891	21.490616809555103	230.0	17	1.05	0.95				
	123	2	0.0	0.0	0.0	0.0	1	0.9977407119248745	1.6032199312845594	230.0	15	1.05	0.95				
	124	1	0.0	0.0	0.0	0.0	1	0.9912047436464126	6.353658174090389	230.0	16	1.05	0.95				
	201	2	42.465606783157895	8.650401381754385	0.0	0.0	2	1.0099640896649644	-14.59283562737557	138.0	21	1.05	0.95				
	202	2	38.1404060922807	7.864001256140352	0.0	0.0	2	1.0091072840030153	-14.871476603540822	138.0	22	1.05	0.95				
	203	1	70.77601130526315	14.54840232385965	0.0	0.0	2	1.0148931978863462	-10.91775100594094	138.0	21	1.05	0.95				
	204	1	29.0968046477193	5.898000942105262	0.0	0.0	2	1.0108359903442663	-14.496285004980805	138.0	21	1.05	0.95				
	205	1	27.917204459298244	5.504800879298246	0.0	0.0	2	1.0252003196367416	-14.907905359820619	138.0	21	1.05	0.95				
	206	1	53.475208541754384	11.009601758596492	0.0	-100.0	2	1.0417455919265626	-15.585054689334203	138.0	22	1.05	0.95				
	207	2	49.150007850877195	9.830001570175439	0.0	0.0	2	0.9925559276751552	-20.236854895246232	138.0	22	1.05	0.95				
	208	1	67.23721074	13.762002198245613	0.0	0.0	2	1.0001335516782022	-18.493978129055833	138.0	22	1.05	0.95				
	209	1	68.81001099122807	14.15520226105263	0.0	0.0	2	1.0234349184929916	-12.55785768289247	138.0	23	1.05	0.95				
	210	1	76.67401224736842	15.728002512280703	0.0	0.0	2	1.05	-13.953396469425716	138.0	23	1.05	0.95				
	211	1	0.0	0.0	0.0	0.0	2	1.0036385256943925	-10.07339170401028	230.0	23	1.05	0.95				
	212	1	0.0	0.0	0.0	0.0	2	1.0134026198365245	-8.04681825340215	230.0	23	1.05	0.95				
	213	2	104.19801664385963	21.232803391578948	0.0	0.0	2	1.0017246660632575	-8.690370656168914	230.0	24	1.05	0.95				
	214	2	76.2808121845614	15.334802449473683	0.0	0.0	2	0.9990063815552016	-7.959935189034724	230.0	26	1.05	0.95				
	215	2	124.64441990982455	25.16480401964912	0.0	0.0	2	1.0181666348938423	-1.5657156423227216	230.0	26	1.05	0.95				
	216	2	39.320006280701755	7.864001256140352	0.0	0.0	2	1.018613148471986	-2.604636098617685	230.0	26	1.05	0.95				
	217	1	0.0	0.0	0.0	0.0	2	1.0199141844106836	-0.7362372877390332	230.0	27	1.05	0.95				
	218	2	130.93562091473683	26.737604270877192	0.0	0.0	2	1.0199965072552601	-1.0584101786862636	230.0	27	1.05	0.95				
	219	1	71.16921136807018	14.54840232385965	0.0	0.0	2	1.0250890639309251	-3.3833520076923613	230.0	25	1.05	0.95				
	220	1	50.32960803929824	10.223201632982457	0.0	0.0	2	1.0332342369321772	-3.2831447902381257	230.0	25	1.05	0.95				
	221	2	0.0	0.0	0.0	0.0	2	1.02289393950451	-0.42501407194971	230.0	27	1.05	0.95				
	222	2	0.0	0.0	0.0	0.0	2	1.044146328528714	6.017276424867937	230.0	27	1.05	0.95				
	223	2	0.0	0.0	0.0	0.0	2	1.038104529322927	-2.9328348484222184	230.0	25	1.05	0.95				
	224	1	0.0	0.0	0.0	0.0	2	1.0054672509785363	-5.092642481654971	230.0	26	1.05	0.95				
	301	2	56.49414741473685	11.508067065964912	0.0	0.0	3	1.05	20.360773097920287	138.0	31	1.05	0.95				
	302	2	50.74011388175439	10.461879150877195	0.0	0.0	3	1.0459916804077454	20.013765975606884	138.0	32	1.05	0.95				
	303	1	94.15691235789474	19.35447642912281	0.0	0.0	3	1.0447855218128255	35.79770020088062	138.0	31	1.05	0.95				
	304	1	38.70895285824562	7.846409363157895	0.0	0.0	3	1.0196345835443084	21.24289554278378	138.0	31	1.05	0.95				
	305	1	37.13967098561404	7.323315405614037	0.0	0.0	3	1.0439161326569926	19.67714643651738	138.0	31	1.05	0.95				
	306	1	71.14077822596492	14.646630811228073	0.0	-100.0	3	1.0470297864166294	18.679773547126192	138.0	32	1.05	0.95				
	307	2	65.38674469298246	13.077348938596492	0.0	0.0	3	0.95	14.670822029693324	138.0	32	1.05	0.95				
	308	1	89.44906674	18.308288514035088	0.0	0.0	3	0.9720240038287475	16.98830588757755	138.0	32	1.05	0.95				
	309	1	91.54144257017545	18.831382471578948	0.0	0.0	3	1.0147922827420701	24.441697931142947	138.0	33	1.05	0.95				
	310	1	102.00332172105264	20.92375830175439	0.0	0.0	3	1.05	20.620963154858362	138.0	33	1.05	0.95				
	311	1	0.0	0.0	0.0	0.0	3	1.0007966954025558	23.98002599692163	230.0	33	1.05	0.95				
	312	1	0.0	0.0	0.0	0.0	3	1.0060308527618667	24.870220387526988	230.0	33	1.05	0.95				
	313	2	138.61989874912283	28.247073707368425	0.0	0.0	3	1.0029117533817788	28.163762597653054	230.0	34	1.05	0.95				
	314	2	101.48022776350878	20.40066434421053	0.0	0.0	3	0.9927038895939961	21.88282915395343	230.0	36	1.05	0.95				
	315	2	165.82078454140353	33.47801328280702	0.0	0.0	3	1.0387129785669857	17.14855564041138	230.0	36	1.05	0.95				
	316	2	52.30939575438597	10.461879150877195	0.0	0.0	3	1.0219007281935921	17.202900500976586	230.0	36	1.05	0.95				
	317	1	0.0	0.0	0.0	0.0	3	1.0414221252580755	15.187806388267626	230.0	37	1.05	0.95				
	318	2	174.1902878621053	35.57038911298246	0.0	0.0	3	1.049067451600482	13.505436035666191	230.0	37	1.05	0.95				
	319	1	94.6800063154386	19.35447642912281	0.0	0.0	3	1.0121365702796596	19.16466347923369	230.0	35	1.05	0.95				
	320	1	66.95602656561404	13.600442896140352	0.0	0.0	3	1.004854902626417	20.409286882854527	230.0	35	1.05	0.95				
	321	2	0.0	0.0	0.0	0.0	3	1.05	15.26084265354824	230.0	37	1.05	0.95				
	322	2	0.0	0.0	0.0	0.0	3	1.05	19.569371653356832	230.0	37	1.05	0.95				
	323	2	0.0	0.0	0.0	0.0	3	1.0013219439665637	21.13268246971339	230.0	35	1.05	0.95				
	324	1	0.0	0.0	0.0	0.0	3	1.035204091627746	26.074458668480965	230.0	36	1.05	0.95				
	325	1	0.0	0.0	0.0	0.0	3	1.002233852843431	20.63914222379442	230.0	35	1.05	0.95				
];
