%% MATPOWER Case Format : Version 2
function mpc = RTS_GMLC
mpc.version = '2';

%%-----  Power Flow Data  -----%%
%% system MVA base
mpc.baseMVA = 100.0;
%% bus data
%    bus_i    type    Pd    Qd    Gs    Bs    area    Vm    Va    baseKV    zone    Vmax    Vmin
mpc.bus = [
	101	2	41.28154378105264	8.409203362807018	0.0	0.0	1	1.0222129424151443	0.863849548833414	138.0	11	1.05	0.95				
	102	2	37.07694209964912	7.6447303298245615	0.0	0.0	1	1.020318912445416	0.35012671719400446	138.0	12	1.05	0.95				
	103	1	68.80257296842106	14.142751110175439	0.0	0.0	1	1.0323708984358926	2.349832686137538	138.0	11	1.05	0.95				
	104	1	28.285502220350878	5.733547747368421	0.0	0.0	1	1.0192648376262967	-1.2914499165547089	138.0	11	1.05	0.95				
	105	1	27.138792670877194	5.351311230877194	0.0	0.0	1	1.0310055362820985	-1.8226485790522324	138.0	11	1.05	0.95				
	106	1	51.98416624280703	10.702622461754387	0.0	-100.0	1	1.0440011275227923	-3.8221468129106793	138.0	12	1.05	0.95				
	107	2	47.77956456140351	9.555912912280702	0.0	0.0	1	0.9987929136036497	-10.723779263904913	138.0	12	1.05	0.95				
	108	1	65.36244432000001	13.37827807719298	0.0	0.0	1	1.0037684980482766	-8.445395194612471	138.0	12	1.05	0.95				
	109	1	66.89139038596491	13.760514593684212	0.0	0.0	1	1.0250450800495217	-1.8745713754951276	138.0	13	1.05	0.95				
	110	1	74.53612071578948	15.289460659649123	0.0	0.0	1	1.05	-3.303272273614252	138.0	13	1.05	0.95				
	111	1	0.0	0.0	0.0	0.0	1	1.0056376731035657	0.22934733023977447	230.0	13	1.05	0.95				
	112	1	0.0	0.0	0.0	0.0	1	1.00996311831103	-0.7696394212459655	230.0	13	1.05	0.95				
	113	3	101.29267687017544	20.64077189052632	0.0	0.0	1	0.9975736069238696	-3.5101445631561276e-27	230.0	14	1.05	0.95				
	114	2	74.15388419929825	14.907224143157896	0.0	0.0	1	1.0070825927322815	3.360446835219887	230.0	16	1.05	0.95				
	115	2	121.1689757277193	24.463137055438597	0.0	0.0	1	1.0431257463651509	11.573026726107216	230.0	16	1.05	0.95				
	116	2	38.22365164912281	7.6447303298245615	0.0	0.0	1	1.036146098928708	9.954913901636651	230.0	16	1.05	0.95				
	117	1	0.0	0.0	0.0	0.0	1	1.0416571786957853	15.140671863039618	230.0	17	1.05	0.95				
	118	2	127.28475999157895	25.992083121403514	0.0	0.0	1	1.049999934849039	15.817815291289607	230.0	17	1.05	0.95				
	119	1	69.1848094849123	14.142751110175439	0.0	0.0	1	1.025069249187405	6.170354933256581	230.0	15	1.05	0.95				
	120	1	48.926274110877195	9.938149428771931	0.0	0.0	1	1.0206864947168481	3.353653815195711	230.0	15	1.05	0.95				
	121	2	0.0	0.0	0.0	0.0	1	1.05	17.163632357617022	230.0	17	1.05	0.95				
	122	2	0.0	0.0	0.0	0.0	1	1.05	31.00308432992884	230.0	17	1.05	0.95				
	123	2	0.0	0.0	0.0	0.0	1	1.019232597984435	2.094334010888933	230.0	15	1.05	0.95				
	124	1	0.0	0.0	0.0	0.0	1	1.027492138464315	8.12104833598391	230.0	16	1.05	0.95				
	201	2	43.50259720421054	8.861640171228071	0.0	0.0	2	1.0149598365179484	-16.524056361162128	138.0	21	1.05	0.95				
	202	2	39.07177711859649	8.056036519298248	0.0	0.0	2	1.0140975068220837	-16.810188393474707	138.0	22	1.05	0.95				
	203	1	72.50432867368421	14.903667560701756	0.0	0.0	2	1.0143353059166833	-12.408578941666406	138.0	21	1.05	0.95				
	204	1	29.80733512140351	6.0420273894736845	0.0	0.0	2	1.0124168047529614	-16.37949485048148	138.0	21	1.05	0.95				
	205	1	28.598929643508775	5.639225563508773	0.0	0.0	2	1.0276209797339857	-16.831257755081683	138.0	21	1.05	0.95				
	206	1	54.78104833122808	11.278451127017545	0.0	-100.0	2	1.0426955631664623	-17.512985653093	138.0	22	1.05	0.95				
	207	2	50.35022824561403	10.070045649122807	0.0	0.0	2	0.9971247852301321	-22.32318975415836	138.0	22	1.05	0.95				
	208	1	68.87911224000001	14.09806390877193	0.0	0.0	2	1.0021926009775406	-20.509222189828055	138.0	22	1.05	0.95				
	209	1	70.49031954385966	14.500865734736843	0.0	0.0	2	1.0225918870842903	-14.356547533523015	138.0	23	1.05	0.95				
	210	1	78.5463560631579	16.112073038596495	0.0	0.0	2	1.05	-15.842707272501919	138.0	23	1.05	0.95				
	211	1	0.0	0.0	0.0	0.0	2	1.0039820001122648	-12.128449620963698	230.0	23	1.05	0.95				
	212	1	0.0	0.0	0.0	0.0	2	1.008931144973708	-9.560558618929674	230.0	23	1.05	0.95				
	213	2	106.74248388070176	21.75129860210527	0.0	0.0	2	0.9969770961269498	-10.90146932436479	230.0	24	1.05	0.95				
	214	2	78.14355423719299	15.709271212631581	0.0	0.0	2	1.0038883358115371	-10.099084554161053	230.0	26	1.05	0.95				
	215	2	127.68817883087719	25.77931686175439	0.0	0.0	2	1.0208132912970764	-3.4486334765440088	230.0	26	1.05	0.95				
	216	2	40.28018259649123	8.056036519298248	0.0	0.0	2	1.0198553461519049	-4.7561145030647305	230.0	26	1.05	0.95				
	217	1	0.0	0.0	0.0	0.0	2	1.0255519630397407	-2.341177072978909	230.0	27	1.05	0.95				
	218	2	134.1330080463158	27.39052416561404	0.0	0.0	2	1.0257012669524284	-2.755170978486381	230.0	27	1.05	0.95				
	219	1	72.90713049964913	14.903667560701756	0.0	0.0	2	1.0162568376287224	-6.073330087505998	230.0	25	1.05	0.95				
	220	1	51.55863372350878	10.472847475087722	0.0	0.0	2	1.0160331357330656	-6.419172098575949	230.0	25	1.05	0.95				
	221	2	0.0	0.0	0.0	0.0	2	1.027636722419841	-2.1864937796078516	230.0	27	1.05	0.95				
	222	2	0.0	0.0	0.0	0.0	2	1.04951302146881	4.248592620384928	230.0	27	1.05	0.95				
	223	2	0.0	0.0	0.0	0.0	2	1.0163381173851764	-6.2925153815211905	230.0	25	1.05	0.95				
	224	1	0.0	0.0	0.0	0.0	2	1.0073240616857415	-6.815964154304822	230.0	26	1.05	0.95				
	301	2	63.01993039578948	12.837393228771928	0.0	0.0	3	1.0053554409565781	-3.3487206087205004	138.0	31	1.05	0.95				
	302	2	56.6012337814035	11.670357480701753	0.0	0.0	3	1.0046791687963263	-3.506364545769743	138.0	32	1.05	0.95				
	303	1	105.03321732631579	21.590161339298245	0.0	0.0	3	1.0339558034311127	4.107557180882277	138.0	31	1.05	0.95				
	304	1	43.18032267859649	8.752768110526315	0.0	0.0	3	1.0069710728433188	-1.5785902377524523	138.0	31	1.05	0.95				
	305	1	41.429769056491224	8.169250236491228	0.0	0.0	3	1.0196093134068418	-2.498605853746531	138.0	31	1.05	0.95				
	306	1	79.35843086877193	16.338500472982457	0.0	-100.0	3	1.0349702064176487	-2.6762650583158716	138.0	32	1.05	0.95				
	307	2	72.93973425438595	14.587946850877193	0.0	0.0	3	0.9929556452987579	-7.646721306835602	138.0	32	1.05	0.95				
	308	1	99.78155646	20.423125591228068	0.0	0.0	3	0.9982694480140326	-4.960471629209794	138.0	32	1.05	0.95				
	309	1	102.11562795614036	21.006643465263156	0.0	0.0	3	1.029114983976153	2.3645110313283806	138.0	33	1.05	0.95				
	310	1	113.78598543684211	23.340714961403506	0.0	0.0	3	1.05	0.22435673150285754	138.0	33	1.05	0.95				
	311	1	0.0	0.0	0.0	0.0	3	1.01304194734843	5.883704587414061	230.0	33	1.05	0.95				
	312	1	0.0	0.0	0.0	0.0	3	1.017511014476249	7.0118760188267055	230.0	33	1.05	0.95				
	313	2	154.63223661929823	31.50996519789474	0.0	0.0	3	1.0217050770760936	11.173564000805829	230.0	34	1.05	0.95				
	314	2	113.202467562807	22.75719708736842	0.0	0.0	3	1.013222092096014	5.8825648003765565	230.0	36	1.05	0.95				
	315	2	184.9751660691228	37.34514393824561	0.0	0.0	3	1.035170689579472	4.062655961574799	230.0	36	1.05	0.95				
	316	2	58.35178740350877	11.670357480701753	0.0	0.0	3	1.033735541934731	4.919111921637732	230.0	36	1.05	0.95				
	317	1	0.0	0.0	0.0	0.0	3	1.0422084774158533	5.911767054969159	230.0	37	1.05	0.95				
	318	2	194.3114520536842	39.679215434385966	0.0	0.0	3	1.0391479004000221	3.8377986261723707	230.0	37	1.05	0.95				
	319	1	105.61673520035089	21.590161339298245	0.0	0.0	3	1.031083665326998	6.816609072500901	230.0	35	1.05	0.95				
	320	1	74.69028787649123	15.171464724912282	0.0	0.0	3	1.031280577490939	8.373322591216658	230.0	35	1.05	0.95				
	321	2	0.0	0.0	0.0	0.0	3	1.0394284985894586	4.522034127133465	230.0	37	1.05	0.95				
	322	2	0.0	0.0	0.0	0.0	3	1.05	9.387168145477116	230.0	37	1.05	0.95				
	323	2	0.0	0.0	0.0	0.0	3	1.0319568897610798	9.197687754874199	230.0	35	1.05	0.95				
	324	1	0.0	0.0	0.0	0.0	3	1.0328975302474535	5.683608436729219	230.0	36	1.05	0.95				
	325	1	0.0	0.0	0.0	0.0	3	1.0321760138176024	9.879085745956875	230.0	35	1.05	0.95				
];
