%% MATPOWER Case Format : Version 2
function mpc = RTS_GMLC
mpc.version = '2';

%%-----  Power Flow Data  -----%%
%% system MVA base
mpc.baseMVA = 100.0;
%% bus data
%    bus_i    type    Pd    Qd    Gs    Bs    area    Vm    Va    baseKV    zone    Vmax    Vmin
mpc.bus = [
	101	2	48.99010392	9.979465613333334	0.0	0.0	1	1.04440167327948	1.4758267301135835	138.0	11	1.05	0.95				
	102	2	44.00037111333334	9.072241466666668	0.0	0.0	1	1.0435217459527613	1.2006614796590567	138.0	12	1.05	0.95				
	103	1	81.65017320000001	16.783646713333333	0.0	0.0	1	1.0214040655237528	-1.215816434447182	138.0	11	1.05	0.95				
	104	1	33.567293426666666	6.804181100000001	0.0	0.0	1	1.025709393683793	-2.006496600790031	138.0	11	1.05	0.95				
	105	1	32.20645720666667	6.350569026666668	0.0	0.0	1	1.0408626257675047	-1.9462932089416816	138.0	11	1.05	0.95				
	106	1	61.69124197333334	12.701138053333336	0.0	-100.0	1	1.0470557560776295	-4.366095630863622	138.0	12	1.05	0.95				
	107	2	56.701509166666675	11.340301833333335	0.0	0.0	1	1.0012767741430797	-11.431783850105258	138.0	12	1.05	0.95				
	108	1	77.56766454000001	15.876422566666667	0.0	0.0	1	1.002884640190038	-9.552600092457256	138.0	12	1.05	0.95				
	109	1	79.38211283333334	16.33003464	0.0	0.0	1	1.022856796796934	-3.3301774819002983	138.0	13	1.05	0.95				
	110	1	88.4543543	18.144482933333336	0.0	0.0	1	1.05	-4.030670658151887	138.0	13	1.05	0.95				
	111	1	0.0	0.0	0.0	0.0	1	1.0011541398161827	-1.2678446812522097	230.0	13	1.05	0.95				
	112	1	0.0	0.0	0.0	0.0	1	1.0073363582282355	-0.8785989762958212	230.0	13	1.05	0.95				
	113	3	120.20719943333333	24.49505196	0.0	0.0	1	0.9983146962662142	1.351567601702138e-27	230.0	14	1.05	0.95				
	114	2	88.00074222666667	17.69087086	0.0	0.0	1	0.9926813440041187	0.1858588235879006	230.0	16	1.05	0.95				
	115	2	143.79502724666668	29.031172693333335	0.0	0.0	1	1.0173362736785914	5.4114308626121375	230.0	16	1.05	0.95				
	116	2	45.36120733333334	9.072241466666668	0.0	0.0	1	1.0151453635796086	4.9978896187580535	230.0	16	1.05	0.95				
	117	1	0.0	0.0	0.0	0.0	1	1.022576014372288	7.046380878990446	230.0	17	1.05	0.95				
	118	2	151.05282042000002	30.84562098666667	0.0	0.0	1	1.0229863838760977	7.159732128708486	230.0	17	1.05	0.95				
	119	1	82.10378527333334	16.783646713333333	0.0	0.0	1	1.012172058646361	3.8444426534150926	230.0	15	1.05	0.95				
	120	1	58.06234538666667	11.793913906666669	0.0	0.0	1	1.0130267192995632	3.746665296344103	230.0	15	1.05	0.95				
	121	2	0.0	0.0	0.0	0.0	1	1.0255424123984305	8.338707035292389	230.0	17	1.05	0.95				
	122	2	0.0	0.0	0.0	0.0	1	1.0470378067983872	14.358836563180347	230.0	17	1.05	0.95				
	123	2	0.0	0.0	0.0	0.0	1	1.0142047348295526	4.050007429410063	230.0	15	1.05	0.95				
	124	1	0.0	0.0	0.0	0.0	1	1.0102327192540264	2.893368703160812	230.0	16	1.05	0.95				
	201	2	41.496615776842106	8.453014324912282	0.0	0.0	2	1.0135538803576063	-14.897736742602126	138.0	21	1.05	0.95				
	202	2	37.27010861438596	7.684558477192982	0.0	0.0	2	1.0127674654825223	-15.159694608944935	138.0	22	1.05	0.95				
	203	1	69.16102629473684	14.216433182807018	0.0	0.0	2	1.0155409532795916	-11.082909749843612	138.0	21	1.05	0.95				
	204	1	28.432866365614036	5.763418857894736	0.0	0.0	2	1.01237625198069	-14.948360245676952	138.0	21	1.05	0.95				
	205	1	27.280182594035086	5.379190934035088	0.0	0.0	2	1.0271817054328487	-15.37500896472023	138.0	21	1.05	0.95				
	206	1	52.25499764491228	10.758381868070176	0.0	-100.0	2	1.0428815359050259	-16.127749861776255	138.0	22	1.05	0.95				
	207	2	48.028490482456135	9.605698096491228	0.0	0.0	2	0.9951243397091516	-20.729435028116374	138.0	22	1.05	0.95				
	208	1	65.70297498	13.44797733508772	0.0	0.0	2	1.0018304189801397	-19.023520656339397	138.0	22	1.05	0.95				
	209	1	67.23988667543858	13.832205258947367	0.0	0.0	2	1.022788284521738	-13.179118567811798	138.0	23	1.05	0.95				
	210	1	74.92444515263156	15.369116954385964	0.0	0.0	2	1.05	-14.614197509996586	138.0	23	1.05	0.95				
	211	1	0.0	0.0	0.0	0.0	2	1.0044657225768705	-10.241601570351937	230.0	23	1.05	0.95				
	212	1	0.0	0.0	0.0	0.0	2	1.0083904635847434	-9.709744538305083	230.0	23	1.05	0.95				
	213	2	101.82039982280702	20.748307888421053	0.0	0.0	2	1.001721805034005	-9.093328868875902	230.0	24	1.05	0.95				
	214	2	74.54021722877192	14.984889030526316	0.0	0.0	2	1.0034001255177352	-7.463139037337893	230.0	26	1.05	0.95				
	215	2	121.80025186350876	24.590587127017542	0.0	0.0	2	1.0206032989955025	-0.7478699824184922	230.0	26	1.05	0.95				
	216	2	38.42279238596491	7.684558477192982	0.0	0.0	2	1.020887683282192	-1.2141367152914948	230.0	26	1.05	0.95				
	217	1	0.0	0.0	0.0	0.0	2	1.024811761623647	0.7022278431355476	230.0	27	1.05	0.95				
	218	2	127.94789864526315	26.12749882245614	0.0	0.0	2	1.0243470068214828	0.24031963356473174	230.0	27	1.05	0.95				
	219	1	69.54525421859648	14.216433182807018	0.0	0.0	2	1.0229361619901072	-1.8291961853037513	230.0	25	1.05	0.95				
	220	1	49.181174254035085	9.989926020350877	0.0	0.0	2	1.0271059476479372	-1.6054095050240988	230.0	25	1.05	0.95				
	221	2	0.0	0.0	0.0	0.0	2	1.0266496280878428	0.7156644322328092	230.0	27	1.05	0.95				
	222	2	0.0	0.0	0.0	0.0	2	1.0482252047542568	7.222907688565842	230.0	27	1.05	0.95				
	223	2	0.0	0.0	0.0	0.0	2	1.0297893728302856	-1.1884054485439266	230.0	25	1.05	0.95				
	224	1	0.0	0.0	0.0	0.0	2	1.0060539017359316	-4.639327764658581	230.0	26	1.05	0.95				
	301	2	50.12211327157895	10.210060110877194	0.0	0.0	3	1.0431446610094481	-6.623972583500902	138.0	31	1.05	0.95				
	302	2	45.01708321614035	9.281872828070176	0.0	0.0	3	1.0385666394465032	-6.951548082196245	138.0	32	1.05	0.95				
	303	1	83.53685545263158	17.171464731929824	0.0	0.0	3	1.05	8.555080664682864	138.0	31	1.05	0.95				
	304	1	34.34292946385965	6.9614046210526315	0.0	0.0	3	1.017739581895171	-5.670849952372352	138.0	31	1.05	0.95				
	305	1	32.95064853964912	6.497310979649123	0.0	0.0	3	1.0394510188387571	-7.730363048787685	138.0	31	1.05	0.95				
	306	1	63.1167352308772	12.994621959298247	0.0	-100.0	3	1.0440409860245592	-8.911220322914234	138.0	32	1.05	0.95				
	307	2	58.0117051754386	11.60234103508772	0.0	0.0	3	0.95	-5.532364299188782	138.0	32	1.05	0.95				
	308	1	79.36001268	16.243277449122807	0.0	0.0	3	0.9720803228846024	-6.933546733209954	138.0	32	1.05	0.95				
	309	1	81.21638724561404	16.707371090526316	0.0	0.0	3	1.0152269121333015	-2.672528577987074	138.0	33	1.05	0.95				
	310	1	90.49826007368421	18.56374565614035	0.0	0.0	3	1.0464366843731336	-7.392914379210868	138.0	33	1.05	0.95				
	311	1	0.0	0.0	0.0	0.0	3	1.0019110461020375	-4.315392512006193	230.0	33	1.05	0.95				
	312	1	0.0	0.0	0.0	0.0	3	1.0064631328144324	-3.303174688814491	230.0	33	1.05	0.95				
	313	2	122.98481497192984	25.061056635789473	0.0	0.0	3	1.0022294219529087	-1.726830000246817	230.0	34	1.05	0.95				
	314	2	90.0341664322807	18.099652014736844	0.0	0.0	3	0.9949371217518784	-5.755614634511658	230.0	36	1.05	0.95				
	315	2	147.1176843249123	29.701993049824566	0.0	0.0	3	1.0444334242938176	-4.341094703272721	230.0	36	1.05	0.95				
	316	2	46.40936414035088	9.281872828070176	0.0	0.0	3	1.0268446914645988	-4.927410290370911	230.0	36	1.05	0.95				
	317	1	0.0	0.0	0.0	0.0	3	1.0392489670819243	-3.908371246677881	230.0	37	1.05	0.95				
	318	2	154.54318258736842	31.5583676154386	0.0	0.0	3	1.042369443377204	-4.185136825100005	230.0	37	1.05	0.95				
	319	1	84.0009490940351	17.171464731929824	0.0	0.0	3	1.0156892047743393	-4.556781775683307	230.0	35	1.05	0.95				
	320	1	59.40398609964913	12.066434676491228	0.0	0.0	3	1.009490624703612	-3.301717233218393	230.0	35	1.05	0.95				
	321	2	0.0	0.0	0.0	0.0	3	1.05	-3.751810131269212	230.0	37	1.05	0.95				
	322	2	0.0	0.0	0.0	0.0	3	1.05	0.5214674969626915	230.0	37	1.05	0.95				
	323	2	0.0	0.0	0.0	0.0	3	1.0072878490570796	-2.2335052508912057	230.0	35	1.05	0.95				
	324	1	0.0	0.0	0.0	0.0	3	1.042301074810349	0.5906321688492919	230.0	36	1.05	0.95				
	325	1	0.0	0.0	0.0	0.0	3	1.0065392382182783	-1.3348569462670843	230.0	35	1.05	0.95				
];
