%% MATPOWER Case Format : Version 2
function mpc = RTS_GMLC
mpc.version = '2';

%%-----  Power Flow Data  -----%%
%% system MVA base
mpc.baseMVA = 100.0;
%% bus data
%    bus_i    type    Pd    Qd    Gs    Bs    area    Vm    Va    baseKV    zone    Vmax    Vmin
mpc.bus = [
	101	2	45.67689261473685	9.304552199298247	0.0	0.0	1	1.0233470897407912	-3.2130584743431148	138.0	11	1.05	0.95				
	102	2	41.02461651508772	8.45868381754386	0.0	0.0	1	1.022565494041081	-3.451160871882367	138.0	12	1.05	0.95				
	103	1	76.12815435789474	15.648565062456141	0.0	0.0	1	1.0220338195306222	0.4828774484142871	138.0	11	1.05	0.95				
	104	1	31.297130124912282	6.344012863157896	0.0	0.0	1	1.0191750733624572	-3.749700722374795	138.0	11	1.05	0.95				
	105	1	30.028327552280704	5.921078672280703	0.0	0.0	1	1.0315396924590725	-4.8242299118337195	138.0	11	1.05	0.95				
	106	1	57.51904995929825	11.842157344561405	0.0	-100.0	1	1.0438867589875283	-6.211025045671255	138.0	12	1.05	0.95				
	107	2	52.86677385964913	10.573354771929825	0.0	0.0	1	1.0027066561000713	-11.083446046877443	138.0	12	1.05	0.95				
	108	1	72.32174664	14.802696680701754	0.0	0.0	1	1.005090122040424	-9.489089199977343	138.0	12	1.05	0.95				
	109	1	74.01348340350879	15.225630871578948	0.0	0.0	1	1.0229103819545717	-3.3318798831645315	138.0	13	1.05	0.95				
	110	1	82.47216722105264	16.91736763508772	0.0	0.0	1	1.05	-5.095634250282444	138.0	13	1.05	0.95				
	111	1	0.0	0.0	0.0	0.0	1	1.0035857911140984	-0.6991509543376555	230.0	13	1.05	0.95				
	112	1	0.0	0.0	0.0	0.0	1	1.007791158129598	-1.4691507251600313	230.0	13	1.05	0.95				
	113	3	112.07756058245614	22.838446307368425	0.0	0.0	1	1.0012320126607	2.56674205996429e-29	230.0	14	1.05	0.95				
	114	2	82.04923303017544	16.49443344421053	0.0	0.0	1	1.0009819099902129	2.3462972565167903	230.0	16	1.05	0.95				
	115	2	134.0701385080702	27.067788216140354	0.0	0.0	1	1.0202762998644543	10.943240734960813	230.0	16	1.05	0.95				
	116	2	42.2934190877193	8.45868381754386	0.0	0.0	1	1.0185599261495055	9.22708568652511	230.0	16	1.05	0.95				
	117	1	0.0	0.0	0.0	0.0	1	1.0230704829820811	14.229840717425008	230.0	17	1.05	0.95				
	118	2	140.83708556210527	28.759524979649125	0.0	0.0	1	1.0259507014268083	15.332478851116107	230.0	17	1.05	0.95				
	119	1	76.55108854877194	15.648565062456141	0.0	0.0	1	1.0108286493173386	5.713946125360679	230.0	15	1.05	0.95				
	120	1	54.13557643228071	10.996288962807018	0.0	0.0	1	1.0092451481679032	3.2163342533793515	230.0	15	1.05	0.95				
	121	2	0.0	0.0	0.0	0.0	1	1.0257225446245397	17.144056075405345	230.0	17	1.05	0.95				
	122	2	0.0	0.0	0.0	0.0	1	1.05	25.93207577344433	230.0	17	1.05	0.95				
	123	2	0.0	0.0	0.0	0.0	1	1.0093681529030083	2.176069397094632	230.0	15	1.05	0.95				
	124	1	0.0	0.0	0.0	0.0	1	1.0081276238991672	6.977893934576266	230.0	16	1.05	0.95				
	201	2	44.862584589473684	9.138674638596491	0.0	0.0	2	1.0067924023213282	-13.621328667151326	138.0	21	1.05	0.95				
	202	2	40.293247270175435	8.30788603508772	0.0	0.0	2	1.0059642481184534	-13.886124694821998	138.0	22	1.05	0.95				
	203	1	74.77097431578947	15.36958916491228	0.0	0.0	2	1.0152297098799365	-10.390504545872806	138.0	21	1.05	0.95				
	204	1	30.73917832982456	6.2309145263157895	0.0	0.0	2	1.0095093237445631	-13.393358610903519	138.0	21	1.05	0.95				
	205	1	29.492995424561403	5.8155202245614035	0.0	0.0	2	1.0232317518026322	-13.77351137995417	138.0	21	1.05	0.95				
	206	1	56.4936250385965	11.631040449122807	0.0	-100.0	2	1.0403454287847056	-14.378024141338523	138.0	22	1.05	0.95				
	207	2	51.92428771929825	10.384857543859649	0.0	0.0	2	0.9895933636378599	-19.314744467211703	138.0	22	1.05	0.95				
	208	1	71.0324256	14.538800561403509	0.0	0.0	2	0.9977675049405162	-17.465300790829367	138.0	22	1.05	0.95				
	209	1	72.69400280701754	14.954194863157893	0.0	0.0	2	1.024529423876246	-11.271617399226699	138.0	23	1.05	0.95				
	210	1	81.00188884210526	16.61577207017544	0.0	0.0	2	1.05	-12.583873431004982	138.0	23	1.05	0.95				
	211	1	0.0	0.0	0.0	0.0	2	1.0053657916649226	-8.692548212916028	230.0	23	1.05	0.95				
	212	1	0.0	0.0	0.0	0.0	2	1.0170083121348068	-5.857755182059854	230.0	23	1.05	0.95				
	213	2	110.07948996491228	22.431292294736842	0.0	0.0	2	1.0055531378711107	-6.886282870074248	230.0	24	1.05	0.95				
	214	2	80.58649454035087	16.200377768421053	0.0	0.0	2	1.0002460379375535	-6.91141007933302	230.0	26	1.05	0.95				
	215	2	131.67999365614034	26.5852353122807	0.0	0.0	2	1.0234374882399357	-1.1188392781034238	230.0	26	1.05	0.95				
	216	2	41.539430175438596	8.30788603508772	0.0	0.0	2	1.024638298787394	-1.9306140867955628	230.0	26	1.05	0.95				
	217	1	0.0	0.0	0.0	0.0	2	1.0266745467916605	-0.19352660804041968	230.0	27	1.05	0.95				
	218	2	138.32630248421054	28.24681251929825	0.0	0.0	2	1.0262459235222137	-0.5778080753595001	230.0	27	1.05	0.95				
	219	1	75.18636861754386	15.36958916491228	0.0	0.0	2	1.0330884396253803	-2.1389366102423475	230.0	25	1.05	0.95				
	220	1	53.1704706245614	10.800251845614035	0.0	0.0	2	1.04308905706522	-1.520240112196305	230.0	25	1.05	0.95				
	221	2	0.0	0.0	0.0	0.0	2	1.0287770270360026	0.03859720997854539	230.0	27	1.05	0.95				
	222	2	0.0	0.0	0.0	0.0	2	1.0499997692215866	6.4378128501588305	230.0	27	1.05	0.95				
	223	2	0.0	0.0	0.0	0.0	2	1.0491879674416953	-0.8793392071249899	230.0	25	1.05	0.95				
	224	1	0.0	0.0	0.0	0.0	2	1.0089221378674589	-4.597572530119737	230.0	26	1.05	0.95				
	301	2	56.63081303999999	11.535906359999998	0.0	0.0	3	1.031722236462444	17.22662769162565	138.0	31	1.05	0.95				
	302	2	50.862859859999986	10.487187599999999	0.0	0.0	3	1.0276478563693578	16.869456141268742	138.0	32	1.05	0.95				
	303	1	94.38468839999999	19.401297059999997	0.0	0.0	3	1.05	32.065871859588654	138.0	31	1.05	0.95				
	304	1	38.802594119999995	7.865390699999998	0.0	0.0	3	1.0111617713927716	17.846365585531753	138.0	31	1.05	0.95				
	305	1	37.229515979999995	7.341031319999999	0.0	0.0	3	1.0325993418029806	16.572282835157772	138.0	31	1.05	0.95				
	306	1	71.31287568	14.682062639999998	0.0	-100.0	3	1.0394534242122466	15.58601852100355	138.0	32	1.05	0.95				
	307	2	65.54492249999998	13.108984499999998	0.0	0.0	3	0.95	10.533176604681294	138.0	32	1.05	0.95				
	308	1	89.66545397999998	18.352578299999998	0.0	0.0	3	0.9691560210509178	12.909046880416476	138.0	32	1.05	0.95				
	309	1	91.7628915	18.876937679999997	0.0	0.0	3	1.0143576804718977	20.84139522390459	138.0	33	1.05	0.95				
	310	1	102.2500791	20.974375199999997	0.0	0.0	3	1.0461244047473652	17.58242092025213	138.0	33	1.05	0.95				
	311	1	0.0	0.0	0.0	0.0	3	1.002299194561221	21.75597124312625	230.0	33	1.05	0.95				
	312	1	0.0	0.0	0.0	0.0	3	1.0082292083043798	22.021506471482425	230.0	33	1.05	0.95				
	313	2	138.95523569999997	28.315406519999996	0.0	0.0	3	1.0048857645682443	24.273266970069628	230.0	34	1.05	0.95				
	314	2	101.72571971999997	20.450015819999997	0.0	0.0	3	0.9974831335419326	22.199494817057825	230.0	36	1.05	0.95				
	315	2	166.22192345999997	33.559000319999996	0.0	0.0	3	1.0429975660443898	20.877943540092417	230.0	36	1.05	0.95				
	316	2	52.43593799999999	10.487187599999999	0.0	0.0	3	1.0247848129943573	20.93743427727891	230.0	36	1.05	0.95				
	317	1	0.0	0.0	0.0	0.0	3	1.0464767770446208	21.799794857706043	230.0	37	1.05	0.95				
	318	2	174.61167353999997	35.65643784	0.0	0.0	3	1.05	19.07292830919942	230.0	37	1.05	0.95				
	319	1	94.90904778	19.401297059999997	0.0	0.0	3	1.019238272039501	21.508773326704592	230.0	35	1.05	0.95				
	320	1	67.11800063999999	13.633343879999998	0.0	0.0	3	1.0152041839303256	21.622864002003727	230.0	35	1.05	0.95				
	321	2	0.0	0.0	0.0	0.0	3	1.05	20.289372342496634	230.0	37	1.05	0.95				
	322	2	0.0	0.0	0.0	0.0	3	1.05	25.224780869298897	230.0	37	1.05	0.95				
	323	2	0.0	0.0	0.0	0.0	3	1.0127319830089174	21.562282764851158	230.0	35	1.05	0.95				
	324	1	0.0	0.0	0.0	0.0	3	1.0445695449608303	26.889741722389772	230.0	36	1.05	0.95				
	325	1	0.0	0.0	0.0	0.0	3	1.0151860213313033	21.19294073062245	230.0	35	1.05	0.95				
];
