%% MATPOWER Case Format : Version 2
function mpc = RTS_GMLC
mpc.version = '2';

%%-----  Power Flow Data  -----%%
%% system MVA base
mpc.baseMVA = 100.0;
%% bus data
%    bus_i    type    Pd    Qd    Gs    Bs    area    Vm    Va    baseKV    zone    Vmax    Vmin
mpc.bus = [
	101	2	69.25680356210526	14.107867392280701	0.0	0.0	1	1.045139540707321	-0.45112205030369484	138.0	11	1.05	0.95				
	102	2	62.20286986596491	12.825333992982454	0.0	0.0	1	1.0437587864912174	-0.8764924594635399	138.0	12	1.05	0.95				
	103	1	115.4280059368421	23.72686788701754	0.0	0.0	1	1.0303121833289215	-1.3163747776409813	138.0	11	1.05	0.95				
	104	1	47.45373577403508	9.619000494736841	0.0	0.0	1	1.0244499990064675	-4.060581048213488	138.0	11	1.05	0.95				
	105	1	45.529935675087714	8.977733795087719	0.0	0.0	1	1.0385022594766187	-4.278588544430965	138.0	11	1.05	0.95				
	106	1	87.21227115228069	17.955467590175438	0.0	-100.0	1	1.041567776039499	-7.1065314041967325	138.0	12	1.05	0.95				
	107	2	80.15833745614034	16.03166749122807	0.0	0.0	1	0.9998817684142934	-14.115202328922999	138.0	12	1.05	0.95				
	108	1	109.65660564	22.444334487719296	0.0	0.0	1	0.9964534175910527	-12.475289278299437	138.0	12	1.05	0.95				
	109	1	112.22167243859649	23.085601187368418	0.0	0.0	1	1.0257590297591423	-4.818455675909845	138.0	13	1.05	0.95				
	110	1	125.04700643157894	25.65066798596491	0.0	0.0	1	1.05	-6.194682105704872	138.0	13	1.05	0.95				
	111	1	0.0	0.0	0.0	0.0	1	1.0124133306177656	-1.8912356425223529	230.0	13	1.05	0.95				
	112	1	0.0	0.0	0.0	0.0	1	1.0147999479820395	-1.5007952857852749	230.0	13	1.05	0.95				
	113	3	169.93567540701753	34.62840178105263	0.0	0.0	1	1.0124292052253447	-1.1464277704572526e-31	230.0	14	1.05	0.95				
	114	2	124.40573973192981	25.009401286315786	0.0	0.0	1	1.0151364037196846	0.12494791347686762	230.0	16	1.05	0.95				
	115	2	203.28154378877193	41.041068777543856	0.0	0.0	1	1.0432219554030209	7.467241922540324	230.0	16	1.05	0.95				
	116	2	64.12666996491228	12.825333992982454	0.0	0.0	1	1.0407785116965858	6.828985076176196	230.0	16	1.05	0.95				
	117	1	0.0	0.0	0.0	0.0	1	1.0451210351682116	10.199877455179239	230.0	17	1.05	0.95				
	118	2	213.5418109831579	43.606135576140346	0.0	0.0	1	1.047793229207912	10.917411497944913	230.0	17	1.05	0.95				
	119	1	116.06927263649123	23.72686788701754	0.0	0.0	1	1.0337614058716273	5.234927943331047	230.0	15	1.05	0.95				
	120	1	82.08213755508771	16.672934190877193	0.0	0.0	1	1.0323566521461964	4.610441604127186	230.0	15	1.05	0.95				
	121	2	0.0	0.0	0.0	0.0	1	1.05	12.60402541140133	230.0	17	1.05	0.95				
	122	2	0.0	0.0	0.0	0.0	1	1.05	18.46736955087832	230.0	17	1.05	0.95				
	123	2	0.0	0.0	0.0	0.0	1	1.0330547477794663	4.749444283786723	230.0	15	1.05	0.95				
	124	1	0.0	0.0	0.0	0.0	1	1.0272774785080843	4.18815965901498	230.0	16	1.05	0.95				
	201	2	69.01936093894737	14.059499450526317	0.0	0.0	2	1.025348091333843	-11.577301074998102	138.0	21	1.05	0.95				
	202	2	61.98961121368421	12.781363136842106	0.0	0.0	2	1.0264378794421107	-11.358052540101147	138.0	22	1.05	0.95				
	203	1	115.03226823157895	23.645521803157894	0.0	0.0	2	1.014531111804472	-10.613360873659454	138.0	21	1.05	0.95				
	204	1	47.29104360631579	9.586022352631579	0.0	0.0	2	1.0149569063537074	-12.100139197145731	138.0	21	1.05	0.95				
	205	1	45.373839135789474	8.946954195789475	0.0	0.0	2	1.0296219527010808	-12.452978508722824	138.0	21	1.05	0.95				
	206	1	86.91326933052632	17.89390839157895	0.0	-100.0	2	1.0387339132489333	-13.50391955485323	138.0	22	1.05	0.95				
	207	2	79.88351960526316	15.976703921052632	0.0	0.0	2	0.9845714873988325	-22.656528360739014	138.0	22	1.05	0.95				
	208	1	109.28065482	22.367385489473683	0.0	0.0	2	0.9848361623621189	-19.55963843926075	138.0	22	1.05	0.95				
	209	1	111.83692744736842	23.006453646315787	0.0	0.0	2	1.0253868209872323	-10.095435615652102	138.0	23	1.05	0.95				
	210	1	124.61829058421053	25.562726273684213	0.0	0.0	2	1.05	-11.301856020533851	138.0	23	1.05	0.95				
	211	1	0.0	0.0	0.0	0.0	2	1.0174680525984316	-6.57029168860237	230.0	23	1.05	0.95				
	212	1	0.0	0.0	0.0	0.0	2	1.0203993001007217	-1.3215096794703864	230.0	23	1.05	0.95				
	213	2	169.3530615631579	34.509680469473686	0.0	0.0	2	1.023331913849039	-3.5604419625037558	230.0	24	1.05	0.95				
	214	2	123.97922242736843	24.923658116842105	0.0	0.0	2	1.0223318406729998	-5.089487315223049	230.0	26	1.05	0.95				
	215	2	202.58460571894736	40.90036203789474	0.0	0.0	2	1.0354831580035004	0.7734320849938868	230.0	26	1.05	0.95				
	216	2	63.90681568421053	12.781363136842106	0.0	0.0	2	1.0367068191011997	0.9389482220293779	230.0	26	1.05	0.95				
	217	1	0.0	0.0	0.0	0.0	2	1.0387459911021266	2.361424652014962	230.0	27	1.05	0.95				
	218	2	212.80969622842107	43.45663466526316	0.0	0.0	2	1.037511492469631	1.833586364327449	230.0	27	1.05	0.95				
	219	1	115.67133638842107	23.645521803157894	0.0	0.0	2	1.037106305651225	1.906910711633627	230.0	25	1.05	0.95				
	220	1	81.80072407578947	16.61577207789474	0.0	0.0	2	1.0432837790149272	3.9523131949646446	230.0	25	1.05	0.95				
	221	2	0.0	0.0	0.0	0.0	2	1.0390184633134407	2.277116551550208	230.0	27	1.05	0.95				
	222	2	0.0	0.0	0.0	0.0	2	1.05	8.811900729648775	230.0	27	1.05	0.95				
	223	2	0.0	0.0	0.0	0.0	2	1.0491244927164705	5.532620639068687	230.0	25	1.05	0.95				
	224	1	0.0	0.0	0.0	0.0	2	1.013494016356824	-3.4499320551356005	230.0	26	1.05	0.95				
	301	2	66.89781716210528	13.627333125614035	0.0	0.0	3	0.9919697498380952	5.40799324400663	138.0	31	1.05	0.95				
	302	2	60.08415059929825	12.388484659649123	0.0	0.0	3	0.9918779272196124	5.3616707659616845	138.0	32	1.05	0.95				
	303	1	111.49636193684212	22.91869662035088	0.0	0.0	3	1.016373586851157	8.876653231942111	138.0	31	1.05	0.95				
	304	1	45.83739324070176	9.291363494736842	0.0	0.0	3	0.9996973446423005	7.537775380259753	138.0	31	1.05	0.95				
	305	1	43.979120541754384	8.671939261754387	0.0	0.0	3	1.0113496580490358	7.349978290093076	138.0	31	1.05	0.95				
	306	1	84.24169568561405	17.343878523508774	0.0	-100.0	3	1.0303404037014927	7.737482572134548	138.0	32	1.05	0.95				
	307	2	77.42802912280702	15.485605824561405	0.0	0.0	3	0.9890893763443219	3.8489699196386082	138.0	32	1.05	0.95				
	308	1	105.92154384000001	21.679848154385965	0.0	0.0	3	0.9993952903979892	6.638906589460001	138.0	32	1.05	0.95				
	309	1	108.39924077192984	22.299272387368422	0.0	0.0	3	1.0283780365430908	11.823684963363814	138.0	33	1.05	0.95				
	310	1	120.78772543157896	24.776969319298246	0.0	0.0	3	1.05	11.260908466111989	138.0	33	1.05	0.95				
	311	1	0.0	0.0	0.0	0.0	3	1.0189911627003019	17.635608660562344	230.0	33	1.05	0.95				
	312	1	0.0	0.0	0.0	0.0	3	1.0245815792308508	18.97380001328869	230.0	33	1.05	0.95				
	313	2	164.1474217403509	33.44890858105264	0.0	0.0	3	1.0472999193782666	26.23608441115742	230.0	34	1.05	0.95				
	314	2	120.1683011985965	24.157545086315793	0.0	0.0	3	1.0203300210511987	16.000771379465764	230.0	36	1.05	0.95				
	315	2	196.3574818554386	39.643150910877196	0.0	0.0	3	1.0361371467359997	11.060020648409845	230.0	36	1.05	0.95				
	316	2	61.94242329824562	12.388484659649123	0.0	0.0	3	1.0376087436990984	12.31369501836708	230.0	36	1.05	0.95				
	317	1	0.0	0.0	0.0	0.0	3	1.0425883060659153	12.02599127694054	230.0	37	1.05	0.95				
	318	2	206.26826958315792	42.120847842807024	0.0	0.0	3	1.0405556739879347	10.592771488785331	230.0	37	1.05	0.95				
	319	1	112.11578616982459	22.91869662035088	0.0	0.0	3	1.037890441288609	14.887422364666108	230.0	35	1.05	0.95				
	320	1	79.28630182175439	16.10503005754386	0.0	0.0	3	1.0409769268689042	16.823861031444057	230.0	35	1.05	0.95				
	321	2	0.0	0.0	0.0	0.0	3	1.0404880451179734	11.326843543717944	230.0	37	1.05	0.95				
	322	2	0.0	0.0	0.0	0.0	3	1.05	15.922653073992961	230.0	37	1.05	0.95				
	323	2	0.0	0.0	0.0	0.0	3	1.0426701102645037	17.537976286591185	230.0	35	1.05	0.95				
	324	1	0.0	0.0	0.0	0.0	3	1.0259526239189638	12.182863785459572	230.0	36	1.05	0.95				
	325	1	0.0	0.0	0.0	0.0	3	1.0447170290612158	17.123721833077894	230.0	35	1.05	0.95				
];
