%% MATPOWER Case Format : Version 2
function mpc = RTS_GMLC
mpc.version = '2';

%%-----  Power Flow Data  -----%%
%% system MVA base
mpc.baseMVA = 100.0;
%% bus data
%    bus_i    type    Pd    Qd    Gs    Bs    area    Vm    Va    baseKV    zone    Vmax    Vmin
mpc.bus = [
	101	2	42.470559132631585	8.651410193684212	0.0	0.0	1	1.014022156579928	-2.974371217282649	138.0	11	1.05	0.95				
	102	2	38.14485403578948	7.864918357894739	0.0	0.0	1	1.013908313596429	-3.228337190171748	138.0	12	1.05	0.95				
	103	1	70.78426522105265	14.550098962105265	0.0	0.0	1	1.0037975824095826	2.3795706086031747	138.0	11	1.05	0.95				
	104	1	29.10019792421053	5.898688768421053	0.0	0.0	1	1.0043142238246967	-3.3180408882383423	138.0	11	1.05	0.95				
	105	1	27.92046017052632	5.505442850526317	0.0	0.0	1	1.0182412773881826	-4.481904418007828	138.0	11	1.05	0.95				
	106	1	53.48144483368422	11.010885701052635	0.0	-100.0	1	1.0285505776288268	-5.807262689599147	138.0	12	1.05	0.95				
	107	2	49.155739736842115	9.831147947368422	0.0	0.0	1	0.9867747792093707	-12.24407208124728	138.0	12	1.05	0.95				
	108	1	67.24505196000001	13.76360712631579	0.0	0.0	1	0.9874924843802791	-9.882782516529783	138.0	12	1.05	0.95				
	109	1	68.81803563157895	14.156853044210527	0.0	0.0	1	1.002796744058928	-2.6854078914833024	138.0	13	1.05	0.95				
	110	1	76.68295398947369	15.729836715789478	0.0	0.0	1	1.031877369024038	-4.71569504386658	138.0	13	1.05	0.95				
	111	1	0.0	0.0	0.0	0.0	1	0.9831941959604711	-0.03964693684566589	230.0	13	1.05	0.95				
	112	1	0.0	0.0	0.0	0.0	1	0.9845649487927862	-1.183565180080033	230.0	13	1.05	0.95				
	113	3	104.21016824210527	21.235279566315793	0.0	0.0	1	0.9654938799119391	3.918861956438486e-31	230.0	14	1.05	0.95				
	114	2	76.28970807157896	15.33659079789474	0.0	0.0	1	0.9932758717722051	3.7093918836187783	230.0	16	1.05	0.95				
	115	2	124.65895597263159	25.16773874526316	0.0	0.0	1	0.9931233309024894	13.565101308936855	230.0	16	1.05	0.95				
	116	2	39.324591789473686	7.864918357894739	0.0	0.0	1	0.9910802337757054	11.734374598144106	230.0	16	1.05	0.95				
	117	1	0.0	0.0	0.0	0.0	1	0.99433408416252	17.893467566340753	230.0	17	1.05	0.95				
	118	2	130.95089065894737	26.74072241684211	0.0	0.0	1	1.0038864262048737	18.61006078079924	230.0	17	1.05	0.95				
	119	1	71.17751113894738	14.550098962105265	0.0	0.0	1	0.990245391370313	7.495841359496324	230.0	15	1.05	0.95				
	120	1	50.33547749052632	10.22439386526316	0.0	0.0	1	0.9953864117840796	4.113498912798649	230.0	15	1.05	0.95				
	121	2	0.0	0.0	0.0	0.0	1	1.0044525491462286	19.96344660066936	230.0	17	1.05	0.95				
	122	2	0.0	0.0	0.0	0.0	1	1.0101076340002046	37.38763207284547	230.0	17	1.05	0.95				
	123	2	0.0	0.0	0.0	0.0	1	0.9996388971953319	2.5876188041525077	230.0	15	1.05	0.95				
	124	1	0.0	0.0	0.0	0.0	1	0.9837622033585669	9.28780267554343	230.0	16	1.05	0.95				
	201	2	41.921611844210524	8.539587597894736	0.0	0.0	2	1.0119462425379875	-18.737592053195833	138.0	21	1.05	0.95				
	202	2	37.651818045263155	7.763261452631578	0.0	0.0	2	1.0109607863788856	-19.004959760880958	138.0	22	1.05	0.95				
	203	1	69.86935307368421	14.36203368736842	0.0	0.0	2	0.9966945421931475	-13.628265851887184	138.0	21	1.05	0.95				
	204	1	28.72406737473684	5.822446089473683	0.0	0.0	2	1.0001000988104274	-18.371453322779775	138.0	21	1.05	0.95				
	205	1	27.5595781568421	5.434283016842105	0.0	0.0	2	1.0172986295890003	-18.927573980841142	138.0	21	1.05	0.95				
	206	1	52.79017787789474	10.86856603368421	0.0	-100.0	2	1.0282406038248846	-19.540013954743568	138.0	22	1.05	0.95				
	207	2	48.520384078947366	9.704076815789472	0.0	0.0	2	0.9732805165327169	-24.18863486661775	138.0	22	1.05	0.95				
	208	1	66.37588541999999	13.58570754210526	0.0	0.0	2	0.9805610133913182	-22.39339485140166	138.0	22	1.05	0.95				
	209	1	67.9285377105263	13.973870614736839	0.0	0.0	2	1.0025718952502671	-16.182907679583483	138.0	23	1.05	0.95				
	210	1	75.69179916315788	15.526522905263157	0.0	0.0	2	1.031856363813504	-17.83517942270255	138.0	23	1.05	0.95				
	211	1	0.0	0.0	0.0	0.0	2	0.9859279340466994	-13.197428877670513	230.0	23	1.05	0.95				
	212	1	0.0	0.0	0.0	0.0	2	0.9818766861571407	-12.44908243126533	230.0	23	1.05	0.95				
	213	2	102.86321424736839	20.960805922105262	0.0	0.0	2	0.9817784876645202	-11.773778667689937	230.0	24	1.05	0.95				
	214	2	75.30363609052631	15.13835983263158	0.0	0.0	2	0.9867183246815924	-10.502258536176376	230.0	26	1.05	0.95				
	215	2	123.04769402421051	24.84243664842105	0.0	0.0	2	0.9925233687065815	-3.096590144317628	230.0	26	1.05	0.95				
	216	2	38.81630726315789	7.763261452631578	0.0	0.0	2	0.990565784996716	-4.095242982230561	230.0	26	1.05	0.95				
	217	1	0.0	0.0	0.0	0.0	2	1.0014414972371253	-2.0919810342921186	230.0	27	1.05	0.95				
	218	2	129.25830318631577	26.39508893894737	0.0	0.0	2	1.003356970987812	-2.613849728764426	230.0	27	1.05	0.95				
	219	1	70.25751614631578	14.36203368736842	0.0	0.0	2	0.9828396947143834	-4.214576881984726	230.0	25	1.05	0.95				
	220	1	49.6848732968421	10.092239888421052	0.0	0.0	2	0.9788121805284253	-3.490642413695863	230.0	25	1.05	0.95				
	221	2	0.0	0.0	0.0	0.0	2	1.0056298967078912	-2.126186190425572	230.0	27	1.05	0.95				
	222	2	0.0	0.0	0.0	0.0	2	1.0233911484832652	3.2441853364481408	230.0	27	1.05	0.95				
	223	2	0.0	0.0	0.0	0.0	2	0.9772999380119161	-2.758840886230777	230.0	25	1.05	0.95				
	224	1	0.0	0.0	0.0	0.0	2	0.9815399897864445	-7.0988363594675725	230.0	26	1.05	0.95				
	301	2	63.32742803368422	12.90003163649123	0.0	0.0	3	1.0018882165333016	31.28325085018955	138.0	31	1.05	0.95				
	302	2	56.8774122154386	11.727301487719298	0.0	0.0	3	1.0025792386640575	30.919884847632424	138.0	32	1.05	0.95				
	303	1	105.54571338947369	21.695507752280704	0.0	0.0	3	1.011250219437702	46.353399423476624	138.0	31	1.05	0.95				
	304	1	43.39101550456141	8.795476115789475	0.0	0.0	3	0.9922168699835022	32.80657382613966	138.0	31	1.05	0.95				
	305	1	41.63192028140351	8.20911104140351	0.0	0.0	3	1.010150748557444	30.74627418488036	138.0	31	1.05	0.95				
	306	1	79.74565011649123	16.41822208280702	0.0	-100.0	3	1.0216287536212905	29.76772829704759	138.0	32	1.05	0.95				
	307	2	73.29563429824562	14.659126859649124	0.0	0.0	3	0.9672939116093981	26.98873531948187	138.0	32	1.05	0.95				
	308	1	100.26842771999999	20.522777603508775	0.0	0.0	3	0.9785640055423509	29.72638332053719	138.0	32	1.05	0.95				
	309	1	102.61388801754387	21.109142677894738	0.0	0.0	3	1.004506943847035	36.85653409704737	138.0	33	1.05	0.95				
	310	1	114.34118950526317	23.454602975438597	0.0	0.0	3	1.0335813495425779	32.14320967814843	138.0	33	1.05	0.95				
	311	1	0.0	0.0	0.0	0.0	3	0.9950896707747056	36.50190328963153	230.0	33	1.05	0.95				
	312	1	0.0	0.0	0.0	0.0	3	1.0017602754131885	37.1844474338224	230.0	33	1.05	0.95				
	313	2	155.38674471228072	31.66371401684211	0.0	0.0	3	1.005876176189951	40.86052268379941	230.0	34	1.05	0.95				
	314	2	113.7548244308772	22.868237901052634	0.0	0.0	3	0.9883292733175341	34.72561485950515	230.0	36	1.05	0.95				
	315	2	185.8777285803509	37.52736476070176	0.0	0.0	3	0.987942398546784	30.619554856587683	230.0	36	1.05	0.95				
	316	2	58.636507438596496	11.727301487719298	0.0	0.0	3	0.9844326559108408	31.175655105351492	230.0	36	1.05	0.95				
	317	1	0.0	0.0	0.0	0.0	3	0.9914954762182397	31.365738541132558	230.0	37	1.05	0.95				
	318	2	195.25956977052635	39.87282505824562	0.0	0.0	3	0.9834712121901829	27.49275099244676	230.0	37	1.05	0.95				
	319	1	106.13207846385966	21.695507752280704	0.0	0.0	3	0.9924801637432833	32.10070424616829	230.0	35	1.05	0.95				
	320	1	75.05472952140352	15.24549193403509	0.0	0.0	3	1.0011912965203642	32.60423188181641	230.0	35	1.05	0.95				
	321	2	0.0	0.0	0.0	0.0	3	0.9940032951638881	28.99396083608059	230.0	37	1.05	0.95				
	322	2	0.0	0.0	0.0	0.0	3	1.0114783056787	32.62704186504474	230.0	37	1.05	0.95				
	323	2	0.0	0.0	0.0	0.0	3	1.0060053790463486	32.740928064947205	230.0	35	1.05	0.95				
	324	1	0.0	0.0	0.0	0.0	3	0.9931768232088797	38.17324493688087	230.0	36	1.05	0.95				
	325	1	0.0	0.0	0.0	0.0	3	1.0069180313672907	31.665502301052516	230.0	35	1.05	0.95				
