%% MATPOWER Case Format : Version 2
function mpc = RTS_GMLC
mpc.version = '2';

%%-----  Power Flow Data  -----%%
%% system MVA base
mpc.baseMVA = 100.0;
%% bus data
%    bus_i    type    Pd    Qd    Gs    Bs    area    Vm    Va    baseKV    zone    Vmax    Vmin
mpc.bus = [
	101	2	44.407718943157896	9.046016821754385	0.0	0.0	1	1.0118295617508473	-4.351814005017206	138.0	11	1.05	0.95				
	102	2	39.8847105322807	8.223651656140351	0.0	0.0	1	1.011780131629718	-4.582912270095128	138.0	12	1.05	0.95				
	103	1	74.01286490526316	15.21375556385965	0.0	0.0	1	1.0003092129037043	0.8689986905406804	138.0	11	1.05	0.95				
	104	1	30.4275111277193	6.1677387421052625	0.0	0.0	1	1.0021208543083058	-4.404535223013897	138.0	11	1.05	0.95				
	105	1	29.193963379298243	5.7565561592982455	0.0	0.0	1	1.0163147808650133	-5.4946018002503125	138.0	11	1.05	0.95				
	106	1	55.92083126175439	11.513112318596491	0.0	-100.0	1	1.0266452531207153	-6.631965180702156	138.0	12	1.05	0.95				
	107	2	51.3978228508772	10.279564570175438	0.0	0.0	1	0.9871211029630479	-10.654029115128425	138.0	12	1.05	0.95				
	108	1	70.31222165999999	14.391390398245612	0.0	0.0	1	0.9879298373963118	-9.305493892237815	138.0	12	1.05	0.95				
	109	1	71.95695199122807	14.80257298105263	0.0	0.0	1	1.0019428967417494	-3.338352762774006	138.0	13	1.05	0.95				
	110	1	80.18060364736841	16.447303312280702	0.0	0.0	1	1.0306157628936594	-5.294009964139245	138.0	13	1.05	0.95				
	111	1	0.0	0.0	0.0	0.0	1	0.9825125575881676	-0.5585862886078249	230.0	13	1.05	0.95				
	112	1	0.0	0.0	0.0	0.0	1	0.9833949666567542	-1.4544847141894768	230.0	13	1.05	0.95				
	113	3	108.96338444385964	22.203859471578948	0.0	0.0	1	0.965247313810187	1.4645331509955715e-28	230.0	14	1.05	0.95				
	114	2	79.7694210645614	16.036120729473684	0.0	0.0	1	0.9925233082055146	2.840801948419683	230.0	16	1.05	0.95				
	115	2	130.34487874982455	26.31568529964912	0.0	0.0	1	0.9905771965542952	12.145926610279231	230.0	16	1.05	0.95				
	116	2	41.11825828070175	8.223651656140351	0.0	0.0	1	0.9893790215244465	10.507920281009342	230.0	16	1.05	0.95				
	117	1	0.0	0.0	0.0	0.0	1	0.9918910334482387	16.403802116452244	230.0	17	1.05	0.95				
	118	2	136.92380007473685	27.960415630877193	0.0	0.0	1	1.0006097540597458	17.006443841517815	230.0	17	1.05	0.95				
	119	1	74.42404748807017	15.21375556385965	0.0	0.0	1	0.9892998338797344	6.659597092088208	230.0	15	1.05	0.95				
	120	1	52.63137059929824	10.690747152982457	0.0	0.0	1	0.9946894868033325	3.8006769499894277	230.0	15	1.05	0.95				
	121	2	0.0	0.0	0.0	0.0	1	1.0012954628918354	18.373086336464084	230.0	17	1.05	0.95				
	122	2	0.0	0.0	0.0	0.0	1	1.0072012418696623	35.73457202092957	230.0	17	1.05	0.95				
	123	2	0.0	0.0	0.0	0.0	1	0.9988254835049102	2.57497193833175	230.0	15	1.05	0.95				
	124	1	0.0	0.0	0.0	0.0	1	0.9807847165011019	7.837648166207212	230.0	16	1.05	0.95				
	201	2	44.777585406315794	9.121359990175439	0.0	0.0	2	1.0103821643872355	-12.162621065358909	138.0	21	1.05	0.95				
	202	2	40.21690541122807	8.292145445614036	0.0	0.0	2	1.0093257839337326	-12.346297093012243	138.0	22	1.05	0.95				
	203	1	74.62930901052633	15.340469074385965	0.0	0.0	2	0.9970811421177732	-9.198426654758377	138.0	21	1.05	0.95				
	204	1	30.68093814877193	6.219109084210526	0.0	0.0	2	1.0004159459286786	-11.35613546348048	138.0	21	1.05	0.95				
	205	1	29.437116331929825	5.804501811929826	0.0	0.0	2	1.016587522129982	-11.74273340442302	138.0	21	1.05	0.95				
	206	1	56.38658903017545	11.609003623859651	0.0	-100.0	2	1.0280652486596742	-12.027131902385385	138.0	22	1.05	0.95				
	207	2	51.825909035087726	10.365181807017544	0.0	0.0	2	0.9712995055230914	-17.013800855030166	138.0	22	1.05	0.95				
	208	1	70.89784356	14.51125452982456	0.0	0.0	2	0.9793332026950197	-15.093057294326861	138.0	22	1.05	0.95				
	209	1	72.5562726491228	14.925861802105263	0.0	0.0	2	1.0057829545991912	-8.772714162368157	138.0	23	1.05	0.95				
	210	1	80.84841809473684	16.584290891228072	0.0	0.0	2	1.0331519083622112	-9.947103150330163	138.0	23	1.05	0.95				
	211	1	0.0	0.0	0.0	0.0	2	0.9874409977220211	-6.267100928555751	230.0	23	1.05	0.95				
	212	1	0.0	0.0	0.0	0.0	2	0.9884171177203593	-1.8519820170944594	230.0	23	1.05	0.95				
	213	2	109.87092715438595	22.388792703157897	0.0	0.0	2	0.9837767856828776	-3.7624435127843507	230.0	24	1.05	0.95				
	214	2	80.43381082245614	16.16968361894737	0.0	0.0	2	0.9848432667898059	-5.2306771859290135	230.0	26	1.05	0.95				
	215	2	131.43050531298246	26.534865425964917	0.0	0.0	2	0.9920222166500383	-0.7486671464235646	230.0	26	1.05	0.95				
	216	2	41.460727228070176	8.292145445614036	0.0	0.0	2	0.9903480009281808	-1.0147615650408228	230.0	26	1.05	0.95				
	217	1	0.0	0.0	0.0	0.0	2	1.0007285486163824	0.057109231989012646	230.0	27	1.05	0.95				
	218	2	138.0642216694737	28.193294515087725	0.0	0.0	2	1.0016101507283672	-0.49741939853692624	230.0	27	1.05	0.95				
	219	1	75.04391628280702	15.340469074385965	0.0	0.0	2	0.9837536521091692	-0.12618752434258412	230.0	25	1.05	0.95				
	220	1	53.06973085192983	10.779789079298247	0.0	0.0	2	0.9813786999977056	1.534851859116752	230.0	25	1.05	0.95				
	221	2	0.0	0.0	0.0	0.0	2	1.0039777805769439	0.020829742258627593	230.0	27	1.05	0.95				
	222	2	0.0	0.0	0.0	0.0	2	1.0215653570889869	4.9849170107129535	230.0	27	1.05	0.95				
	223	2	0.0	0.0	0.0	0.0	2	0.9813404090961447	2.8013986611163704	230.0	25	1.05	0.95				
	224	1	0.0	0.0	0.0	0.0	2	0.9837127819399649	-3.9634620922282187	230.0	26	1.05	0.95				
	301	2	61.58494148210526	12.545080672280701	0.0	0.0	3	1.0030749063940223	28.03186741760478	138.0	31	1.05	0.95				
	302	2	55.312401145964905	11.404618792982456	0.0	0.0	3	1.0037062708595577	27.66301592037658	138.0	32	1.05	0.95				
	303	1	102.64156913684211	21.09854476701754	0.0	0.0	3	1.0154130324846664	43.188247144257005	138.0	31	1.05	0.95				
	304	1	42.19708953403508	8.553464094736842	0.0	0.0	3	0.9934403127463929	29.474399805086755	138.0	31	1.05	0.95				
	305	1	40.486396715087714	7.98323315508772	0.0	0.0	3	1.0111939637702771	27.3727257964531	138.0	31	1.05	0.95				
	306	1	77.5514077922807	15.96646631017544	0.0	-100.0	3	1.0226687142979896	26.34076607129131	138.0	32	1.05	0.95				
	307	2	71.27886745614033	14.25577349122807	0.0	0.0	3	0.9661680135243609	22.768304030131038	138.0	32	1.05	0.95				
	308	1	97.50949067999998	19.958082887719293	0.0	0.0	3	0.9761515896677363	25.455293684758374	138.0	32	1.05	0.95				
	309	1	99.79041443859649	20.528313827368418	0.0	0.0	3	1.005007152103776	33.39173334195507	138.0	33	1.05	0.95				
	310	1	111.19503323157893	22.80923758596491	0.0	0.0	3	1.0339440646835536	28.591402018582	138.0	33	1.05	0.95				
	311	1	0.0	0.0	0.0	0.0	3	0.9949957366471521	33.16624882109969	230.0	33	1.05	0.95				
	312	1	0.0	0.0	0.0	0.0	3	1.0017810031435155	33.42725210840956	230.0	33	1.05	0.95				
	313	2	151.11119900701752	30.79247074105263	0.0	0.0	3	1.0043733450193706	36.27172368628821	230.0	34	1.05	0.95				
	314	2	110.62480229192981	22.239006646315786	0.0	0.0	3	0.9875770678795799	32.684702742858946	230.0	36	1.05	0.95				
	315	2	180.7632078687719	36.494780137543856	0.0	0.0	3	0.9876033565184354	30.92537702750761	230.0	36	1.05	0.95				
	316	2	57.02309396491228	11.404618792982456	0.0	0.0	3	0.9805853801464505	31.26828012483948	230.0	36	1.05	0.95				
	317	1	0.0	0.0	0.0	0.0	3	0.9929508018408282	32.956362211728454	230.0	37	1.05	0.95				
	318	2	189.88690290315787	38.77570389614035	0.0	0.0	3	0.9864588456121105	29.121094196710313	230.0	37	1.05	0.95				
	319	1	103.21180007649122	21.09854476701754	0.0	0.0	3	0.9896044218571431	31.168071974749868	230.0	35	1.05	0.95				
	320	1	72.98956027508771	14.826004430877193	0.0	0.0	3	0.9990764450490401	30.827226797238794	230.0	35	1.05	0.95				
	321	2	0.0	0.0	0.0	0.0	3	0.9952027408625138	30.18580175562504	230.0	37	1.05	0.95				
	322	2	0.0	0.0	0.0	0.0	3	1.0122122271127914	33.973672209333614	230.0	37	1.05	0.95				
	323	2	0.0	0.0	0.0	0.0	3	1.0042876584035811	30.551297209611075	230.0	35	1.05	0.95				
	324	1	0.0	0.0	0.0	0.0	3	0.9963645057422775	37.05521890677111	230.0	36	1.05	0.95				
