%% MATPOWER Case Format : Version 2
function mpc = RTS_GMLC
mpc.version = '2';

%%-----  Power Flow Data  -----%%
%% system MVA base
mpc.baseMVA = 100.0;
%% bus data
%    bus_i    type    Pd    Qd    Gs    Bs    area    Vm    Va    baseKV    zone    Vmax    Vmin
mpc.bus = [
	101	2	41.642256315789474	8.482681842105263	0.0	0.0	1	1.0146895714104525	-3.6649851118337775	138.0	11	1.05	0.95				
	102	2	37.40091539473684	7.711528947368422	0.0	0.0	1	1.0144059373196488	-3.877203360055658	138.0	12	1.05	0.95				
	103	1	69.40376052631579	14.26632855263158	0.0	0.0	1	1.0031386635600834	-0.8186172759963064	138.0	11	1.05	0.95				
	104	1	28.53265710526316	5.783646710526315	0.0	0.0	1	1.005032649164459	-4.12632770479955	138.0	11	1.05	0.95				
	105	1	27.375927763157893	5.398070263157895	0.0	0.0	1	1.017948428394422	-5.121340706171008	138.0	11	1.05	0.95				
	106	1	52.43839684210527	10.79614052631579	0.0	-100.0	1	1.0277181106713564	-6.4049757979113044	138.0	12	1.05	0.95				
	107	2	48.19705592105264	9.639411184210527	0.0	0.0	1	0.9860622678065725	-9.412298342329136	138.0	12	1.05	0.95				
	108	1	65.9335725	13.495175657894737	0.0	0.0	1	0.9888512399322753	-8.615231222676865	138.0	12	1.05	0.95				
	109	1	67.47587828947368	13.880752105263158	0.0	0.0	1	1.0028059439512576	-3.7842309138011365	138.0	13	1.05	0.95				
	110	1	75.1874072368421	15.423057894736845	0.0	0.0	1	1.0303539848485193	-5.328630868055642	138.0	13	1.05	0.95				
	111	1	0.0	0.0	0.0	0.0	1	0.979995621740719	-1.643340576322416	230.0	13	1.05	0.95				
	112	1	0.0	0.0	0.0	0.0	1	0.9824318156735602	-1.829302392488733	230.0	13	1.05	0.95				
	113	3	102.17775855263159	20.821128157894737	0.0	0.0	1	0.9648684754100908	-7.724619763416127e-31	230.0	14	1.05	0.95				
	114	2	74.80183078947368	15.037481447368423	0.0	0.0	1	0.9820851262146769	0.01998153549936194	230.0	16	1.05	0.95				
	115	2	122.22773381578946	24.676892631578948	0.0	0.0	1	0.9863299971948477	5.973986063266453	230.0	16	1.05	0.95				
	116	2	38.55764473684211	7.711528947368422	0.0	0.0	1	0.98682267712204	4.977119777548225	230.0	16	1.05	0.95				
	117	1	0.0	0.0	0.0	0.0	1	0.9924335991692734	8.393268065117109	230.0	17	1.05	0.95				
	118	2	128.3969569736842	26.219198421052635	0.0	0.0	1	0.9934804697237019	9.161647593612564	230.0	17	1.05	0.95				
	119	1	69.78933697368421	14.26632855263158	0.0	0.0	1	0.9873559261230036	3.046901124464216	230.0	15	1.05	0.95				
	120	1	49.353785263157896	10.024987631578949	0.0	0.0	1	0.9901105903204067	1.641053169879289	230.0	15	1.05	0.95				
	121	2	0.0	0.0	0.0	0.0	1	0.9923515915377746	10.395052543409763	230.0	17	1.05	0.95				
	122	2	0.0	0.0	0.0	0.0	1	1.0139290521656996	16.312738698066937	230.0	17	1.05	0.95				
	123	2	0.0	0.0	0.0	0.0	1	0.9921298508510641	1.1884153615684594	230.0	15	1.05	0.95				
	124	1	0.0	0.0	0.0	0.0	1	0.9841301807747527	3.3529214092181583	230.0	16	1.05	0.95				
	201	2	44.36958918315789	9.038249648421052	0.0	0.0	2	1.0112501730413148	-9.03359509355505	138.0	21	1.05	0.95				
	202	2	39.85046435894736	8.216590589473684	0.0	0.0	2	1.0099927043218198	-9.238829899136228	138.0	22	1.05	0.95				
	203	1	73.94931530526316	15.200692590526312	0.0	0.0	2	0.998075507169368	-6.942318983332608	138.0	21	1.05	0.95				
	204	1	30.401385181052625	6.162442942105263	0.0	0.0	2	1.0028942468408946	-8.452252579395555	138.0	21	1.05	0.95				
	205	1	29.168896592631576	5.7516134126315785	0.0	0.0	2	1.0189660604393054	-8.72999164260562	138.0	21	1.05	0.95				
	206	1	55.872816008421054	11.503226825263157	0.0	-100.0	2	1.0312384623506663	-9.07785251296294	138.0	22	1.05	0.95				
	207	2	51.353691184210525	10.270738236842105	0.0	0.0	2	0.9723321490376066	-14.060958698481688	138.0	22	1.05	0.95				
	208	1	70.25184954	14.379033531578944	0.0	0.0	2	0.9817181050121475	-12.186624778328428	138.0	22	1.05	0.95				
	209	1	71.89516765789473	14.78986306105263	0.0	0.0	2	1.0093756129130778	-6.0641517311009245	138.0	23	1.05	0.95				
	210	1	80.11175824736841	16.43318117894737	0.0	0.0	2	1.036864450398099	-7.07336383308277	138.0	23	1.05	0.95				
	211	1	0.0	0.0	0.0	0.0	2	0.9897192355363497	-3.778286270552704	230.0	23	1.05	0.95				
	212	1	0.0	0.0	0.0	0.0	2	0.9960283972875418	1.0872438642526938	230.0	23	1.05	0.95				
	213	2	108.8698253105263	22.184794591578946	0.0	0.0	2	0.9886040951674704	-1.316752157527414	230.0	24	1.05	0.95				
	214	2	79.70092871789473	16.022351649473684	0.0	0.0	2	0.9827193142712906	-3.0030255486035426	230.0	26	1.05	0.95				
	215	2	130.23296084315788	26.29308988631579	0.0	0.0	2	0.9917711606500094	1.1958326606589178	230.0	26	1.05	0.95				
	216	2	41.08295294736842	8.216590589473684	0.0	0.0	2	0.9911328723380767	0.7686574834016013	230.0	26	1.05	0.95				
	217	1	0.0	0.0	0.0	0.0	2	0.9982821455012446	1.7101683486226267	230.0	27	1.05	0.95				
	218	2	136.80623331473683	27.936408004210527	0.0	0.0	2	0.9984452836707148	1.3970899375379084	230.0	27	1.05	0.95				
	219	1	74.36014483473684	15.200692590526312	0.0	0.0	2	0.9911101838455367	1.3518665684675886	230.0	25	1.05	0.95				
	220	1	52.58617977263158	10.681567766315789	0.0	0.0	2	0.9941818603737151	2.7152571123478895	230.0	25	1.05	0.95				
	221	2	0.0	0.0	0.0	0.0	2	1.0009286435457467	2.127867393764521	230.0	27	1.05	0.95				
	222	2	0.0	0.0	0.0	0.0	2	1.0193915900095825	8.600183451417344	230.0	27	1.05	0.95				
	223	2	0.0	0.0	0.0	0.0	2	0.996915421555768	3.796797330402938	230.0	25	1.05	0.95				
	224	1	0.0	0.0	0.0	0.0	2	0.9842549818999127	-1.9047491267952228	230.0	26	1.05	0.95				
	301	2	62.62701677052631	12.757355268070175	0.0	0.0	3	1.0163167686171621	32.49796558394512	138.0	31	1.05	0.95				
	302	2	56.24833913649122	11.597595698245614	0.0	0.0	3	1.0167865202826194	32.067744224381514	138.0	32	1.05	0.95				
	303	1	104.37836128421051	21.455552041754384	0.0	0.0	3	1.018140058762445	48.80327697607264	138.0	31	1.05	0.95				
	304	1	42.91110408350877	8.69819677368421	0.0	0.0	3	0.9948678825022076	33.322339052047326	138.0	31	1.05	0.95				
	305	1	41.17146472877192	8.11831698877193	0.0	0.0	3	1.0165823312879991	32.023703404440454	138.0	31	1.05	0.95				
	306	1	78.86365074807017	16.23663397754386	0.0	-100.0	3	1.023654241682776	31.064823698647697	138.0	32	1.05	0.95				
	307	2	72.48497311403509	14.496994622807016	0.0	0.0	3	0.964750455134828	27.715734923656786	138.0	32	1.05	0.95				
	308	1	99.15944321999999	20.295792471929822	0.0	0.0	3	0.975361662874715	30.447857554374608	138.0	32	1.05	0.95				
	309	1	101.4789623596491	20.875672256842105	0.0	0.0	3	0.9965495095065675	36.86369538007619	138.0	33	1.05	0.95				
	310	1	113.07655805789472	23.19519139649123	0.0	0.0	3	1.0314317033945244	33.44798959661605	138.0	33	1.05	0.95				
	311	1	0.0	0.0	0.0	0.0	3	0.9876130045384194	37.33372022879337	230.0	33	1.05	0.95				
	312	1	0.0	0.0	0.0	0.0	3	0.9895473219256156	38.17318311205711	230.0	33	1.05	0.95				
	313	2	153.66814300175437	31.313508385263155	0.0	0.0	3	0.9913972025554894	43.16498975134384	230.0	34	1.05	0.95				
	314	2	112.49667827298244	22.615311611578946	0.0	0.0	3	0.9872042657976573	34.499111942358965	230.0	36	1.05	0.95				
	315	2	183.82189181719295	37.11230623438596	0.0	0.0	3	1.0213251718459528	27.63111019547645	230.0	36	1.05	0.95				
	316	2	57.98797849122806	11.597595698245614	0.0	0.0	3	1.0182082236204344	27.777084811335765	230.0	36	1.05	0.95				
	317	1	0.0	0.0	0.0	0.0	3	1.0239487038383213	25.29363100750283	230.0	37	1.05	0.95				
	318	2	193.09996837578947	39.431825374035085	0.0	0.0	3	1.0232186408776613	23.361687673351113	230.0	37	1.05	0.95				
	319	1	104.95824106912279	21.455552041754384	0.0	0.0	3	1.0049190133639607	29.6498002567671	230.0	35	1.05	0.95				
	320	1	74.22461246877192	15.076874407719298	0.0	0.0	3	0.9948954656914831	30.789592183065032	230.0	35	1.05	0.95				
	321	2	0.0	0.0	0.0	0.0	3	1.031188067990709	25.31239157645116	230.0	37	1.05	0.95				
	322	2	0.0	0.0	0.0	0.0	3	1.0409260036938819	29.49296824114938	230.0	37	1.05	0.95				
	323	2	0.0	0.0	0.0	0.0	3	0.9888693185585808	31.00402827817026	230.0	35	1.05	0.95				
	324	1	0.0	0.0	0.0	0.0	3	1.0122078852521765	37.77520348859564	230.0	36	1.05	0.95				
	325	1	0.0	0.0	0.0	0.0	3	0.9884308706802728	29.2714287300043	230.0	35	1.05	0.95				
];
