%% MATPOWER Case Format : Version 2
function mpc = RTS_GMLC
mpc.version = '2';

%%-----  Power Flow Data  -----%%
%% system MVA base
mpc.baseMVA = 100.0;
%% bus data
%    bus_i    type    Pd    Qd    Gs    Bs    area    Vm    Va    baseKV    zone    Vmax    Vmin
mpc.bus = [
	101	2	79.98466104000002	16.293171693333335	0.0	0.0	1	1.0316281905623286	-2.400998242599899	138.0	11	1.05	0.95				
	102	2	71.83807519333334	14.811974266666668	0.0	0.0	1	1.0316316206972433	-2.462657061221067	138.0	12	1.05	0.95				
	103	1	133.30776840000001	27.402152393333335	0.0	0.0	1	1.0199537477300313	-2.709220930297728	138.0	11	1.05	0.95				
	104	1	54.80430478666667	11.1089807	0.0	0.0	1	1.0158538072053476	-5.261469374845453	138.0	11	1.05	0.95				
	105	1	52.58250864666667	10.368381986666668	0.0	0.0	1	1.0309433879185936	-5.318940856846813	138.0	11	1.05	0.95				
	106	1	100.72142501333335	20.736763973333336	0.0	-100.0	1	1.0362483961899616	-7.626196398661206	138.0	12	1.05	0.95				
	107	2	92.57483916666666	18.514967833333333	0.0	0.0	1	1.05	-4.0418608829672005	138.0	12	1.05	0.95				
	108	1	126.64237998000002	25.920954966666663	0.0	0.0	1	1.0258632982133906	-6.826826791742084	138.0	12	1.05	0.95				
	109	1	129.60477483333335	26.66155368	0.0	0.0	1	1.02669391766016	-4.549725771093065	138.0	13	1.05	0.95				
	110	1	144.4167491	29.623948533333337	0.0	0.0	1	1.05	-5.934283668935267	138.0	13	1.05	0.95				
	111	1	0.0	0.0	0.0	0.0	1	1.0139789207810799	-1.5877070377794802	230.0	13	1.05	0.95				
	112	1	0.0	0.0	0.0	0.0	1	1.016167614657859	-0.74896991942506	230.0	13	1.05	0.95				
	113	3	196.25865903333334	39.99233052000001	0.0	0.0	1	1.0150229312266512	-9.216994274897935e-30	230.0	14	1.05	0.95				
	114	2	143.67615038666668	28.883349820000003	0.0	0.0	1	1.0170519059066405	0.7192033469817602	230.0	16	1.05	0.95				
	115	2	234.76979212666666	47.398317653333336	0.0	0.0	1	1.0453326360097663	8.806002433561737	230.0	16	1.05	0.95				
	116	2	74.05987133333333	14.811974266666668	0.0	0.0	1	1.0442114232415989	8.425903830135596	230.0	16	1.05	0.95				
	117	1	0.0	0.0	0.0	0.0	1	1.0472743147944534	11.627331418102912	230.0	17	1.05	0.95				
	118	2	246.61937154000003	50.36071250666667	0.0	0.0	1	1.0495526237357908	12.189566211492625	230.0	17	1.05	0.95				
	119	1	134.04836711333334	27.402152393333335	0.0	0.0	1	1.0384419821194892	7.095933891863358	230.0	15	1.05	0.95				
	120	1	94.79663530666667	19.25556654666667	0.0	0.0	1	1.040066790221816	7.335604411125377	230.0	15	1.05	0.95				
	121	2	0.0	0.0	0.0	0.0	1	1.05	12.82340592573413	230.0	17	1.05	0.95				
	122	2	0.0	0.0	0.0	0.0	1	1.05	20.425312558928507	230.0	17	1.05	0.95				
	123	2	0.0	0.0	0.0	0.0	1	1.0429941574938397	8.013058056862912	230.0	15	1.05	0.95				
	124	1	0.0	0.0	0.0	0.0	1	1.0213905787850406	4.5521003672970535	230.0	16	1.05	0.95				
	201	2	87.27719187789474	17.778687234385966	0.0	0.0	2	1.0451343364412353	-10.77252007908936	138.0	21	1.05	0.95				
	202	2	78.38784826070174	16.16244294035088	0.0	0.0	2	1.0464332500580114	-10.818503786434405	138.0	22	1.05	0.95				
	203	1	145.4619864631579	29.90051943964912	0.0	0.0	2	1.026672602513865	-8.065626502655144	138.0	21	1.05	0.95				
	204	1	59.80103887929824	12.121832205263157	0.0	0.0	2	1.0209311002059513	-12.880392084939396	138.0	21	1.05	0.95				
	205	1	57.37667243824561	11.313710058245615	0.0	0.0	2	1.037161659675101	-13.273775560562175	138.0	21	1.05	0.95				
	206	1	109.90461199438597	22.62742011649123	0.0	-100.0	2	1.0381319403830245	-15.415890223438677	138.0	22	1.05	0.95				
	207	2	101.01526837719297	20.203053675438596	0.0	0.0	2	0.95	-27.24661551553154	138.0	22	1.05	0.95				
	208	1	138.18888714	28.28427514561403	0.0	0.0	2	0.9561218990845434	-23.421154591748618	138.0	22	1.05	0.95				
	209	1	141.42137572807016	29.092397292631578	0.0	0.0	2	1.0258568950735312	-11.331273387243911	138.0	23	1.05	0.95				
	210	1	157.58381866842103	32.32488588070176	0.0	0.0	2	1.05	-13.300987025166048	138.0	23	1.05	0.95				
	211	1	0.0	0.0	0.0	0.0	2	1.0321504303620515	-6.065676433931757	230.0	23	1.05	0.95				
	212	1	0.0	0.0	0.0	0.0	2	1.0242369489108438	-4.81260567723633	230.0	23	1.05	0.95				
	213	2	214.1523689596491	43.63859593894737	0.0	0.0	2	1.05	-1.7369106837027113	230.0	24	1.05	0.95				
	214	2	156.7756965214035	31.51676373368421	0.0	0.0	2	1.05	-3.882057019167842	230.0	26	1.05	0.95				
	215	2	256.1747206045614	51.719817409122804	0.0	0.0	2	1.044899567113713	4.308978135116913	230.0	26	1.05	0.95				
	216	2	80.81221470175439	16.16244294035088	0.0	0.0	2	1.0493735236615456	4.204620732035298	230.0	26	1.05	0.95				
	217	1	0.0	0.0	0.0	0.0	2	1.0494450134734905	7.409399339953046	230.0	27	1.05	0.95				
	218	2	269.10467495684213	54.95230599719299	0.0	0.0	2	1.05	8.089255695555055	230.0	27	1.05	0.95				
	219	1	146.27010861017544	29.90051943964912	0.0	0.0	2	1.0437456588271385	3.594048275651345	230.0	25	1.05	0.95				
	220	1	103.43963481824561	21.011175822456142	0.0	0.0	2	1.0461002042742553	4.571716199400314	230.0	25	1.05	0.95				
	221	2	0.0	0.0	0.0	0.0	2	1.05	8.554692027128187	230.0	27	1.05	0.95				
	222	2	0.0	0.0	0.0	0.0	2	1.05	14.617279675421468	230.0	27	1.05	0.95				
	223	2	0.0	0.0	0.0	0.0	2	1.05	5.694313877936857	230.0	25	1.05	0.95				
	224	1	0.0	0.0	0.0	0.0	2	1.0224741032861393	-0.2955058358933951	230.0	26	1.05	0.95				
	301	2	82.3751977263158	16.78013287017544	0.0	0.0	3	1.0199547353854934	-22.52751804701024	138.0	31	1.05	0.95				
	302	2	73.98513129122807	15.254666245614038	0.0	0.0	3	1.0183006924898872	-22.97607793612855	138.0	32	1.05	0.95				
	303	1	137.29199621052635	28.22113255438597	0.0	0.0	3	1.0166469210288842	-16.491919907846064	138.0	31	1.05	0.95				
	304	1	56.44226510877194	11.440999684210528	0.0	0.0	3	1.0086613226726944	-21.6877613869676	138.0	31	1.05	0.95				
	305	1	54.15406517192983	10.678266371929828	0.0	0.0	3	1.024732036786086	-22.343508561386273	138.0	31	1.05	0.95				
	306	1	103.73173047017545	21.356532743859656	0.0	-100.0	3	1.032975762964348	-23.083636929362623	138.0	32	1.05	0.95				
	307	2	95.34166403508773	19.068332807017548	0.0	0.0	3	1.0116412915370656	-25.317460270685693	138.0	32	1.05	0.95				
	308	1	130.42739640000002	26.695665929824564	0.0	0.0	3	1.001027880457419	-24.886879587068197	138.0	32	1.05	0.95				
	309	1	133.47832964912283	27.458399242105262	0.0	0.0	3	1.0273490756929309	-17.516708219159234	138.0	33	1.05	0.95				
	310	1	148.73299589473686	30.509332491228076	0.0	0.0	3	1.05	-19.720950240188426	138.0	33	1.05	0.95				
	311	1	0.0	0.0	0.0	0.0	3	1.0259857828767045	-11.828518067294349	230.0	33	1.05	0.95				
	312	1	0.0	0.0	0.0	0.0	3	1.0188624538211206	-10.31897786207623	230.0	33	1.05	0.95				
	313	2	202.124327754386	41.1875988631579	0.0	0.0	3	1.0415859198823394	-6.973430680549432	230.0	34	1.05	0.95				
	314	2	147.97026258245614	29.746599178947374	0.0	0.0	3	1.0417697736909892	-9.495168407803966	230.0	36	1.05	0.95				
	315	2	241.7864599929825	48.81493198596492	0.0	0.0	3	1.05	-1.8703152780596142	230.0	36	1.05	0.95				
	316	2	76.27333122807019	15.254666245614038	0.0	0.0	3	1.049726933391244	-1.5209042669647899	230.0	36	1.05	0.95				
	317	1	0.0	0.0	0.0	0.0	3	1.0492799630761727	0.4230050942025923	230.0	37	1.05	0.95				
	318	2	253.9901929894737	51.865865235087725	0.0	0.0	3	1.0479536977674824	0.4915030982452453	230.0	37	1.05	0.95				
	319	1	138.05472952280704	28.22113255438597	0.0	0.0	3	1.044179399394966	-1.3862917027198176	230.0	35	1.05	0.95				
	320	1	97.62986397192984	19.83106611929825	0.0	0.0	3	1.0461948378135553	0.15637469291812017	230.0	35	1.05	0.95				
	321	2	0.0	0.0	0.0	0.0	3	1.05	1.6297387843357165	230.0	37	1.05	0.95				
	322	2	0.0	0.0	0.0	0.0	3	1.05	6.932051623470207	230.0	37	1.05	0.95				
	323	2	0.0	0.0	0.0	0.0	3	1.05	1.5562219207086785	230.0	35	1.05	0.95				
	324	1	0.0	0.0	0.0	0.0	3	1.0186091961318224	-7.240775068021017	230.0	36	1.05	0.95				
	325	1	0.0	0.0	0.0	0.0	3	1.0473713009402863	2.4868606515698497	230.0	35	1.05	0.95				
];

%% generator data
%    bus    Pg    Qg    Qmax    Qmin    Vg    mBase    status    Pmax    Pmin    Pc1    Pc2    Qc1min    Qc1max    Qc2min    Qc2max    ramp_agc    ramp_10    ramp_30    ramp_q    apf
