%% MATPOWER Case Format : Version 2
function mpc = RTS_GMLC
mpc.version = '2';

%%-----  Power Flow Data  -----%%
%% system MVA base
mpc.baseMVA = 100.0;
%% bus data
%    bus_i    type    Pd    Qd    Gs    Bs    area    Vm    Va    baseKV    zone    Vmax    Vmin
mpc.bus = [
	101	2	42.1365660631579	8.583374568421052	0.0	0.0	1	1.05	8.365842780053361	138.0	11	1.05	0.95				
	102	2	37.84487877894737	7.803067789473685	0.0	0.0	1	1.0499554148840389	8.037754552048996	138.0	12	1.05	0.95				
	103	1	70.22761010526317	14.435675410526317	0.0	0.0	1	1.0351476136221436	4.3556010974989965	138.0	11	1.05	0.95				
	104	1	28.871350821052634	5.852300842105263	0.0	0.0	1	1.0312455077041314	3.7306899904789526	138.0	11	1.05	0.95				
	105	1	27.70089065263158	5.462147452631579	0.0	0.0	1	1.0429762578581194	3.5951848308376047	138.0	11	1.05	0.95				
	106	1	53.06086096842105	10.924294905263158	0.0	-100.0	1	1.049003744563369	0.46489479315560867	138.0	12	1.05	0.95				
	107	2	48.76917368421053	9.753834736842105	0.0	0.0	1	1.0006442531312496	-6.414780271218232	138.0	12	1.05	0.95				
	108	1	66.7162296	13.655368631578945	0.0	0.0	1	1.005412701974837	-4.8039695774604905	138.0	12	1.05	0.95				
	109	1	68.27684315789475	14.045522021052632	0.0	0.0	1	1.02477274400661	0.5703458394598385	138.0	13	1.05	0.95				
	110	1	76.07991094736842	15.60613557894737	0.0	0.0	1	1.05	-0.10289510764702328	138.0	13	1.05	0.95				
	111	1	0.0	0.0	0.0	0.0	1	1.0034240784484185	1.0277274856118623	230.0	13	1.05	0.95				
	112	1	0.0	0.0	0.0	0.0	1	1.0079016980776914	0.8627240215921709	230.0	13	1.05	0.95				
	113	3	103.39064821052632	21.06828303157895	0.0	0.0	1	0.9919516930253829	-2.7227356398471306e-30	230.0	14	1.05	0.95				
	114	2	75.68975755789474	15.215982189473683	0.0	0.0	1	1.000194463782837	2.8244502920346393	230.0	16	1.05	0.95				
	115	2	123.67862446315789	24.96981692631579	0.0	0.0	1	1.0356444416418829	8.249007103181869	230.0	16	1.05	0.95				
	116	2	39.01533894736842	7.803067789473685	0.0	0.0	1	1.0312395727237382	7.612582242389569	230.0	16	1.05	0.95				
	117	1	0.0	0.0	0.0	0.0	1	1.0396173032551561	10.136326139699602	230.0	17	1.05	0.95				
	118	2	129.92107869473685	26.530430484210527	0.0	0.0	1	1.042768570574915	10.494506094903766	230.0	17	1.05	0.95				
	119	1	70.61776349473683	14.435675410526317	0.0	0.0	1	1.0224336124140554	5.852008056245177	230.0	15	1.05	0.95				
	120	1	49.93963385263158	10.14398812631579	0.0	0.0	1	1.0169222825040791	4.6128749110233995	230.0	15	1.05	0.95				
	121	2	0.0	0.0	0.0	0.0	1	1.046155017405956	11.46602105044232	230.0	17	1.05	0.95				
	122	2	0.0	0.0	0.0	0.0	1	1.05	17.59319017796297	230.0	17	1.05	0.95				
	123	2	0.0	0.0	0.0	0.0	1	1.0142954267428523	4.234616041519648	230.0	15	1.05	0.95				
	124	1	0.0	0.0	0.0	0.0	1	1.0290085449430006	6.782452511873933	230.0	16	1.05	0.95				
	201	2	41.39461671157895	8.432236737543858	0.0	0.0	2	1.014527607594422	-8.859100874312032	138.0	21	1.05	0.95				
	202	2	37.17849834280702	7.665669761403509	0.0	0.0	2	1.0138474864020393	-9.071983325649631	138.0	22	1.05	0.95				
	203	1	68.99102785263158	14.181489058596492	0.0	0.0	2	1.01470830241356	-6.269459442614175	138.0	21	1.05	0.95				
	204	1	28.362978117192984	5.749252321052631	0.0	0.0	2	1.013112683703375	-8.830042344408826	138.0	21	1.05	0.95				
	205	1	27.213127652982454	5.365968832982457	0.0	0.0	2	1.0276758931006396	-9.149679856992352	138.0	21	1.05	0.95				
	206	1	52.12655437754387	10.731937665964914	0.0	-100.0	2	1.0431915536571856	-9.7904301442726	138.0	22	1.05	0.95				
	207	2	47.91043600877193	9.582087201754385	0.0	0.0	2	0.9962861824571374	-14.440463211115965	138.0	22	1.05	0.95				
	208	1	65.54147646	13.414922082456137	0.0	0.0	2	1.0026442368981225	-12.737245267200926	138.0	22	1.05	0.95				
	209	1	67.0746104122807	13.798205570526315	0.0	0.0	2	1.0232106271945667	-7.0414071172083865	138.0	23	1.05	0.95				
	210	1	74.7402801736842	15.331339522807019	0.0	0.0	2	1.05	-8.205914450032306	138.0	23	1.05	0.95				
	211	1	0.0	0.0	0.0	0.0	2	1.0027265083290204	-4.601359703171777	230.0	23	1.05	0.95				
	212	1	0.0	0.0	0.0	0.0	2	1.00855901954148	-2.2208589963736998	230.0	23	1.05	0.95				
	213	2	101.57012433859649	20.697308355789474	0.0	0.0	2	0.9973615055390347	-2.8612527397879113	230.0	24	1.05	0.95				
	214	2	74.35699668561404	14.948056034736842	0.0	0.0	2	0.9997697367094772	-2.9543426873610197	230.0	26	1.05	0.95				
	215	2	121.5008657182456	24.530143236491227	0.0	0.0	2	1.0168645325916261	1.6310389394528524	230.0	26	1.05	0.95				
	216	2	38.32834880701754	7.665669761403509	0.0	0.0	2	1.0177589228736148	1.7088026045132747	230.0	26	1.05	0.95				
	217	1	0.0	0.0	0.0	0.0	2	1.0228296617575574	2.971900851980223	230.0	27	1.05	0.95				
	218	2	127.63340152736842	26.063277188771934	0.0	0.0	2	1.0220758104664363	2.5388164123663612	230.0	27	1.05	0.95				
	219	1	69.37431134070175	14.181489058596492	0.0	0.0	2	1.018363494603173	1.7968415287629809	230.0	25	1.05	0.95				
	220	1	49.060286472982455	9.965370689824562	0.0	0.0	2	1.021290245297304	2.6334519898615043	230.0	25	1.05	0.95				
	221	2	0.0	0.0	0.0	0.0	2	1.0239521208407731	3.043185119487376	230.0	27	1.05	0.95				
	222	2	0.0	0.0	0.0	0.0	2	1.0459361397425258	9.556703106768627	230.0	27	1.05	0.95				
	223	2	0.0	0.0	0.0	0.0	2	1.0234873147125705	3.3895644436528207	230.0	25	1.05	0.95				
	224	1	0.0	0.0	0.0	0.0	2	1.00616980950756	-1.3506154773687593	230.0	26	1.05	0.95				
	301	2	61.875355907368416	12.604239166315786	0.0	0.0	3	1.0055741539189575	-14.324598298753518	138.0	31	1.05	0.95				
	302	2	55.57323632421052	11.458399242105262	0.0	0.0	3	1.0052521303217634	-14.418141195328966	138.0	32	1.05	0.95				
	303	1	103.12559317894735	21.198038597894733	0.0	0.0	3	1.020035612326289	-8.758260942335356	138.0	31	1.05	0.95				
	304	1	42.396077195789466	8.593799431578946	0.0	0.0	3	1.0067354569987668	-12.295131527562384	138.0	31	1.05	0.95				
	305	1	40.67731730947368	8.020879469473684	0.0	0.0	3	1.0196372801670741	-13.088988331660973	138.0	31	1.05	0.95				
	306	1	77.91711484631578	16.041758938947368	0.0	-100.0	3	1.0353340319007112	-13.03850310704201	138.0	32	1.05	0.95				
	307	2	71.6149952631579	14.322999052631577	0.0	0.0	3	0.9998760765766045	-16.530359635796422	138.0	32	1.05	0.95				
	308	1	97.96931351999999	20.052198673684206	0.0	0.0	3	1.006022874482814	-13.946538843551837	138.0	32	1.05	0.95				
	309	1	100.26099336842105	20.62511863578947	0.0	0.0	3	1.0280938026495026	-8.232968239277948	138.0	33	1.05	0.95				
	310	1	111.7193926105263	22.916798484210524	0.0	0.0	3	1.05	-10.016659746451829	138.0	33	1.05	0.95				
	311	1	0.0	0.0	0.0	0.0	3	1.014519610625615	-3.0496765934296532	230.0	33	1.05	0.95				
	312	1	0.0	0.0	0.0	0.0	3	1.0178600326532228	-2.049961675253995	230.0	33	1.05	0.95				
	313	2	151.82378995789472	30.937677953684208	0.0	0.0	3	1.0341710066440113	3.9731682773887083	230.0	34	1.05	0.95				
	314	2	111.14647264842104	22.34387852210526	0.0	0.0	3	1.015103625581626	-3.1882819876450674	230.0	36	1.05	0.95				
	315	2	181.61562798736838	36.66687757473684	0.0	0.0	3	1.0273547485118473	-3.06826980041238	230.0	36	1.05	0.95				
	316	2	57.29199621052631	11.458399242105262	0.0	0.0	3	1.0281157357376134	-1.951261590039419	230.0	36	1.05	0.95				
	317	1	0.0	0.0	0.0	0.0	3	1.0305089158649365	-1.7332753469581845	230.0	37	1.05	0.95				
	318	2	190.78234738105263	38.95855742315789	0.0	0.0	3	1.0282425723131805	-2.173560591833505	230.0	37	1.05	0.95				
	319	1	103.69851314105263	21.198038597894733	0.0	0.0	3	1.028287028338117	-0.6712302182425404	230.0	35	1.05	0.95				
	320	1	73.33375514947367	14.895919014736842	0.0	0.0	3	1.0316269748242999	0.7914425390461449	230.0	35	1.05	0.95				
	321	2	0.0	0.0	0.0	0.0	3	1.0300431393836134	-1.9280625038665846	230.0	37	1.05	0.95				
	322	2	0.0	0.0	0.0	0.0	3	1.043457649097148	2.5099806748782147	230.0	37	1.05	0.95				
	323	2	0.0	0.0	0.0	0.0	3	1.0342360056312414	1.6630140057764167	230.0	35	1.05	0.95				
	324	1	0.0	0.0	0.0	0.0	3	1.0188280370908775	-3.7041484268690006	230.0	36	1.05	0.95				
	325	1	0.0	0.0	0.0	0.0	3	1.0332365269353705	2.489491444008652	230.0	35	1.05	0.95				
];
