%% MATPOWER Case Format : Version 2
function mpc = RTS_GMLC
mpc.version = '2';

%%-----  Power Flow Data  -----%%
%% system MVA base
mpc.baseMVA = 100.0;
%% bus data
%    bus_i    type    Pd    Qd    Gs    Bs    area    Vm    Va    baseKV    zone    Vmax    Vmin
mpc.bus = [
	101	2	49.88520534315789	10.161801088421052	0.0	0.0	1	1.0355428875962533	2.2316962753082845	138.0	11	1.05	0.95				
	102	2	44.80430479894736	9.238000989473685	0.0	0.0	1	1.0351010752996166	2.068529314518497	138.0	12	1.05	0.95				
	103	1	83.14200890526315	17.090301830526315	0.0	0.0	1	1.0293908574322077	0.9212293891758383	138.0	11	1.05	0.95				
	104	1	34.18060366105263	6.928500742105262	0.0	0.0	1	1.0215544846309565	-1.2434643518587036	138.0	11	1.05	0.95				
	105	1	32.79490351263157	6.466600692631578	0.0	0.0	1	1.036315849411199	-1.0975262533317411	138.0	11	1.05	0.95				
	106	1	62.81840672842105	12.933201385263157	0.0	-100.0	1	1.0448096675174925	-3.435521669125577	138.0	12	1.05	0.95				
	107	2	57.73750618421052	11.547501236842104	0.0	0.0	1	1.000657937684787	-9.612341557346433	138.0	12	1.05	0.95				
	108	1	78.98490845999999	16.166501731578943	0.0	0.0	1	1.003081359270736	-8.058708725823813	138.0	12	1.05	0.95				
	109	1	80.83250865789473	16.62840178105263	0.0	0.0	1	1.024794067076003	-2.0904451434637705	138.0	13	1.05	0.95				
	110	1	90.07050964736841	18.47600197894737	0.0	0.0	1	1.05	-3.0258246836469063	138.0	13	1.05	0.95				
	111	1	0.0	0.0	0.0	0.0	1	1.0057023701620262	-0.06411720006521981	230.0	13	1.05	0.95				
	112	1	0.0	0.0	0.0	0.0	1	1.0097863087932857	0.08650741313444023	230.0	13	1.05	0.95				
	113	3	122.4035131105263	24.942602671578946	0.0	0.0	1	0.9984360802709868	1.3973908849339324e-27	230.0	14	1.05	0.95				
	114	2	89.60860959789473	18.014101929473682	0.0	0.0	1	1.0052763030080702	2.485028096466492	230.0	16	1.05	0.95				
	115	2	146.42231568315788	29.561603166315788	0.0	0.0	1	1.0413768574329916	9.526477362724782	230.0	16	1.05	0.95				
	116	2	46.190004947368415	9.238000989473685	0.0	0.0	1	1.0374824785043222	8.752489034986851	230.0	16	1.05	0.95				
	117	1	0.0	0.0	0.0	0.0	1	1.0432123133909568	11.55386036812486	230.0	17	1.05	0.95				
	118	2	153.81271647473685	31.409203364210526	0.0	0.0	1	1.0466501120997838	11.677623061971653	230.0	17	1.05	0.95				
	119	1	83.60390895473684	17.090301830526315	0.0	0.0	1	1.029984219336795	7.0574167339909435	230.0	15	1.05	0.95				
	120	1	59.123206332631575	12.00940128631579	0.0	0.0	1	1.0271937280735475	6.4659134813731765	230.0	15	1.05	0.95				
	121	2	0.0	0.0	0.0	0.0	1	1.0499999685095605	12.8524768426903	230.0	17	1.05	0.95				
	122	2	0.0	0.0	0.0	0.0	1	1.05	21.965391599617465	230.0	17	1.05	0.95				
	123	2	0.0	0.0	0.0	0.0	1	1.0263135797050138	6.494678412748972	230.0	15	1.05	0.95				
	124	1	0.0	0.0	0.0	0.0	1	1.0259958026384792	6.3113733585771685	230.0	16	1.05	0.95				
	201	2	54.31449709894738	11.064064223859651	0.0	0.0	2	1.0321427965449885	-8.71871357147556	138.0	21	1.05	0.95				
	202	2	48.78246498701754	10.058240203508772	0.0	0.0	2	1.0325753393215875	-8.689777149611718	138.0	22	1.05	0.95				
	203	1	90.52416183157895	18.60774437649123	0.0	0.0	2	1.0177463842495906	-8.392361442558833	138.0	21	1.05	0.95				
	204	1	37.21548875298246	7.5436801526315795	0.0	0.0	2	1.0191087375249963	-10.85663700217401	138.0	21	1.05	0.95				
	205	1	35.706752722456145	7.040768142456141	0.0	0.0	2	1.0347195673127643	-10.996451153217652	138.0	21	1.05	0.95				
	206	1	68.39603338385966	14.081536284912282	0.0	-100.0	2	1.0436974302920834	-12.745819197296651	138.0	22	1.05	0.95				
	207	2	62.86400127192982	12.572800254385966	0.0	0.0	2	0.9906189066614552	-20.33821585518085	138.0	22	1.05	0.95				
	208	1	85.99795374	17.60192035614035	0.0	0.0	2	0.994274703451502	-17.996095288917857	138.0	22	1.05	0.95				
	209	1	88.00960178070176	18.10483236631579	0.0	0.0	2	1.0229770133663136	-10.584357599756611	138.0	23	1.05	0.95				
	210	1	98.06784198421053	20.116480407017544	0.0	0.0	2	1.05	-11.713569031734258	138.0	23	1.05	0.95				
	211	1	0.0	0.0	0.0	0.0	2	1.0087367752436498	-7.545330796484311	230.0	23	1.05	0.95				
	212	1	0.0	0.0	0.0	0.0	2	1.009612162021439	-6.7690576978753265	230.0	23	1.05	0.95				
	213	2	133.27168269649124	27.15724854947369	0.0	0.0	2	1.0048325672204086	-6.395576102220788	230.0	24	1.05	0.95				
	214	2	97.56492997403508	19.61356839684211	0.0	0.0	2	1.0125986816743056	-4.872394457095728	230.0	26	1.05	0.95				
	215	2	159.42310722561405	32.18636865122807	0.0	0.0	2	1.0287490099252414	2.031531879344626	230.0	26	1.05	0.95				
	216	2	50.29120101754386	10.058240203508772	0.0	0.0	2	1.03019193647602	1.9757502955465742	230.0	26	1.05	0.95				
	217	1	0.0	0.0	0.0	0.0	2	1.0351476826921273	4.691978956412368	230.0	27	1.05	0.95				
	218	2	167.46969938842108	34.19801669192983	0.0	0.0	2	1.0363336420902178	4.951512031072965	230.0	27	1.05	0.95				
	219	1	91.02707384175439	18.60774437649123	0.0	0.0	2	1.0286836276191842	1.445337136159953	230.0	25	1.05	0.95				
	220	1	64.37273730245614	13.075712264561403	0.0	0.0	2	1.03111526928981	1.9581202310990797	230.0	25	1.05	0.95				
	221	2	0.0	0.0	0.0	0.0	2	1.0365436200274099	4.746860746487248	230.0	27	1.05	0.95				
	222	2	0.0	0.0	0.0	0.0	2	1.05	11.223965206228478	230.0	27	1.05	0.95				
	223	2	0.0	0.0	0.0	0.0	2	1.0334709956801098	2.6196455269988577	230.0	25	1.05	0.95				
	224	1	0.0	0.0	0.0	0.0	2	1.011770257503658	-1.8705584938640958	230.0	26	1.05	0.95				
	301	2	41.35843087578947	8.42486554877193	0.0	0.0	3	1.0115798932015652	-10.399081202970557	138.0	31	1.05	0.95				
	302	2	37.14599810140351	7.658968680701755	0.0	0.0	3	1.0114386925626855	-10.560636088313029	138.0	32	1.05	0.95				
	303	1	68.9307181263158	14.169092059298244	0.0	0.0	3	1.0315914251803	-3.6851518265168384	138.0	31	1.05	0.95				
	304	1	28.338184118596487	5.744226510526315	0.0	0.0	3	1.0128989521708058	-9.437798381381416	138.0	31	1.05	0.95				
	305	1	27.189338816491226	5.361278076491229	0.0	0.0	3	1.0261053607866117	-10.327678595898776	138.0	31	1.05	0.95				
	306	1	52.08098702877193	10.722556152982458	0.0	-100.0	3	1.042628582290454	-10.763205954115534	138.0	32	1.05	0.95				
	307	2	47.86855425438596	9.573710850877193	0.0	0.0	3	0.992327614033246	-14.739019908404883	138.0	32	1.05	0.95				
	308	1	65.48418222	13.403195191228068	0.0	0.0	3	1.0008063687691715	-13.059137836988274	138.0	32	1.05	0.95				
	309	1	67.01597595614035	13.786143625263156	0.0	0.0	3	1.025408743852381	-6.94253347398205	138.0	33	1.05	0.95				
	310	1	74.6749446368421	15.31793736140351	0.0	0.0	3	1.05	-9.021171415498847	138.0	33	1.05	0.95				
	311	1	0.0	0.0	0.0	0.0	3	1.003631358929572	-4.345493209471251	230.0	33	1.05	0.95				
	312	1	0.0	0.0	0.0	0.0	3	1.0095641838771008	-3.7658545677503708	230.0	33	1.05	0.95				
	313	2	101.48133501929823	20.679215437894737	0.0	0.0	3	1.0069415530252985	-1.0612903893022505	230.0	34	1.05	0.95				
	314	2	74.29199620280701	14.934988927368423	0.0	0.0	3	0.9956319765555297	-3.4385186126162637	230.0	36	1.05	0.95				
	315	2	121.3946535891228	24.508699778245617	0.0	0.0	3	1.020906705781641	-0.5631472516677156	230.0	36	1.05	0.95				
	316	2	38.29484340350877	7.658968680701755	0.0	0.0	3	1.0199294765859779	0.11992380409257289	230.0	36	1.05	0.95				
	317	1	0.0	0.0	0.0	0.0	3	1.025873902769394	0.8818486040853992	230.0	37	1.05	0.95				
	318	2	127.52182853368421	26.040493514385965	0.0	0.0	3	1.0249421650064614	0.43881913014869384	230.0	37	1.05	0.95				
	319	1	69.31366656035088	14.169092059298244	0.0	0.0	3	1.0169242042386115	-0.2465781051774684	230.0	35	1.05	0.95				
	320	1	49.017399556491235	9.95665928491228	0.0	0.0	3	1.0166959569772938	0.19716139195145613	230.0	35	1.05	0.95				
	321	2	0.0	0.0	0.0	0.0	3	1.0256245492395857	0.6540456199234611	230.0	37	1.05	0.95				
	322	2	0.0	0.0	0.0	0.0	3	1.0391218099277515	5.141535763377507	230.0	37	1.05	0.95				
	323	2	0.0	0.0	0.0	0.0	3	1.0170394332234076	0.7431833469964083	230.0	35	1.05	0.95				
	324	1	0.0	0.0	0.0	0.0	3	1.0191415551044878	-1.76088801033104	230.0	36	1.05	0.95				
	325	1	0.0	0.0	0.0	0.0	3	1.0167740242668128	1.7892759746346811	230.0	35	1.05	0.95				
];
