%% MATPOWER Case Format : Version 2
function mpc = RTS_GMLC
mpc.version = '2';

%%-----  Power Flow Data  -----%%
%% system MVA base
mpc.baseMVA = 100.0;
%% bus data
%    bus_i    type    Pd    Qd    Gs    Bs    area    Vm    Va    baseKV    zone    Vmax    Vmin
mpc.bus = [
	101	2	43.75309251789474	8.912666994385965	0.0	0.0	1	1.05	6.254623622956053	138.0	11	1.05	0.95				
	102	2	39.29675902070176	8.102424540350878	0.0	0.0	1	1.0496328671448514	5.9583617983988075	138.0	12	1.05	0.95				
	103	1	72.9218208631579	14.989485399649125	0.0	0.0	1	1.0313348415225574	2.06801032292906	138.0	11	1.05	0.95				
	104	1	29.97897079929825	6.076818405263158	0.0	0.0	1	1.0304588616117576	1.9438610684574038	138.0	11	1.05	0.95				
	105	1	28.763607118245616	5.671697178245615	0.0	0.0	1	1.0433770847004589	1.9349419455771406	138.0	11	1.05	0.95				
	106	1	55.096486874385974	11.34339435649123	0.0	-100.0	1	1.049015296588188	-0.9516634403280904	138.0	12	1.05	0.95				
	107	2	50.64015337719299	10.128030675438596	0.0	0.0	1	1.00123632649615	-5.890448075690769	138.0	12	1.05	0.95				
	108	1	69.27572982	14.179242945614035	0.0	0.0	1	1.0059838801156131	-5.077413059639524	138.0	12	1.05	0.95				
	109	1	70.89621472807018	14.584364172631577	0.0	0.0	1	1.0243367508142909	-0.6971961436006695	138.0	13	1.05	0.95				
	110	1	78.99863926842106	16.204849080701756	0.0	0.0	1	1.05	-1.2505312924948941	138.0	13	1.05	0.95				
	111	1	0.0	0.0	0.0	0.0	1	1.0021436940342767	0.048857251809334756	230.0	13	1.05	0.95				
	112	1	0.0	0.0	0.0	0.0	1	1.006548683703737	0.09439308316643354	230.0	13	1.05	0.95				
	113	3	107.35712515964913	21.87654625894737	0.0	0.0	1	0.9914981907910795	-2.1109237509618692e-33	230.0	14	1.05	0.95				
	114	2	78.59351804140351	15.799727853684212	0.0	0.0	1	0.9972371664433346	1.2364517315744261	230.0	16	1.05	0.95				
	115	2	128.4234289645614	25.92775852912281	0.0	0.0	1	1.0317104440878093	6.094745329293149	230.0	16	1.05	0.95				
	116	2	40.512122701754386	8.102424540350878	0.0	0.0	1	1.026524802560992	5.301351039876442	230.0	16	1.05	0.95				
	117	1	0.0	0.0	0.0	0.0	1	1.036137086099706	8.138087360288575	230.0	17	1.05	0.95				
	118	2	134.90536859684212	27.548243437192987	0.0	0.0	1	1.0397267679418618	8.662478268885192	230.0	17	1.05	0.95				
	119	1	73.32694209017544	14.989485399649125	0.0	0.0	1	1.0174535627564292	3.767561381803548	230.0	15	1.05	0.95				
	120	1	51.85551705824562	10.53315190245614	0.0	0.0	1	1.0122881528371228	3.057438973533477	230.0	15	1.05	0.95				
	121	2	0.0	0.0	0.0	0.0	1	1.042877421995915	9.636814190947629	230.0	17	1.05	0.95				
	122	2	0.0	0.0	0.0	0.0	1	1.05	15.552923453606319	230.0	17	1.05	0.95				
	123	2	0.0	0.0	0.0	0.0	1	1.0098859399229936	2.987132261171607	230.0	15	1.05	0.95				
	124	1	0.0	0.0	0.0	0.0	1	1.025043846178796	4.577260290184428	230.0	16	1.05	0.95				
	201	2	42.24460884631579	8.605383283508774	0.0	0.0	2	1.0132210092790415	-4.965166044798064	138.0	21	1.05	0.95				
	202	2	37.941917204561406	7.823075712280703	0.0	0.0	2	1.012435611308039	-5.17473443842159	138.0	22	1.05	0.95				
	203	1	70.40768141052632	14.472690067719299	0.0	0.0	2	1.0143074488469321	-3.464411749775741	138.0	21	1.05	0.95				
	204	1	28.945380135438597	5.867306784210527	0.0	0.0	2	1.0126699846842406	-4.595049668135936	138.0	21	1.05	0.95				
	205	1	27.771918778596493	5.4761529985964925	0.0	0.0	2	1.026805933935001	-4.811087595570505	138.0	21	1.05	0.95				
	206	1	53.19691484350878	10.952305997192985	0.0	-100.0	2	1.0426372805282185	-5.2199193353787035	138.0	22	1.05	0.95				
	207	2	48.89422320175439	9.778844640350878	0.0	0.0	2	0.996628451984786	-9.913498338288782	138.0	22	1.05	0.95				
	208	1	66.88729734	13.69038249649123	0.0	0.0	2	1.0027259560006856	-8.170019658608977	138.0	22	1.05	0.95				
	209	1	68.45191248245615	14.081536282105263	0.0	0.0	2	1.0240639048948483	-2.502221136194683	138.0	23	1.05	0.95				
	210	1	76.27498819473685	15.646151424561406	0.0	0.0	2	1.05	-3.3966239200408688	138.0	23	1.05	0.95				
	211	1	0.0	0.0	0.0	0.0	2	1.0022553090682298	-0.38921835956391043	230.0	23	1.05	0.95				
	212	1	0.0	0.0	0.0	0.0	2	1.0104933401185718	4.156278210949149	230.0	23	1.05	0.95				
	213	2	103.65575318771931	21.122304423157896	0.0	0.0	2	0.9970728951657499	1.8122039007338744	230.0	24	1.05	0.95				
	214	2	75.88383440912281	15.254997638947371	0.0	0.0	2	0.9970112629139433	0.39435340165998695	230.0	26	1.05	0.95				
	215	2	123.99575003964914	25.033842279298245	0.0	0.0	2	1.0167524806723012	3.754206759238797	230.0	26	1.05	0.95				
	216	2	39.11537856140351	7.823075712280703	0.0	0.0	2	1.0164914901176143	3.891441460748983	230.0	26	1.05	0.95				
	217	1	0.0	0.0	0.0	0.0	2	1.0214253153257802	4.492603164567599	230.0	27	1.05	0.95				
	218	2	130.25421060947372	26.59845742175439	0.0	0.0	2	1.0209686105776592	4.197313206404595	230.0	27	1.05	0.95				
	219	1	70.79883519614036	14.472690067719299	0.0	0.0	2	1.0164880018448987	4.201619785865869	230.0	25	1.05	0.95				
	220	1	50.06768455859649	10.169998425964915	0.0	0.0	2	1.019046035642733	5.249100875023488	230.0	25	1.05	0.95				
	221	2	0.0	0.0	0.0	0.0	2	1.0231041886103007	4.850017024429848	230.0	27	1.05	0.95				
	222	2	0.0	0.0	0.0	0.0	2	1.044900301299489	11.264397753842537	230.0	27	1.05	0.95				
	223	2	0.0	0.0	0.0	0.0	2	1.021171809255786	6.128335684201764	230.0	25	1.05	0.95				
	224	1	0.0	0.0	0.0	0.0	2	1.0066360677054356	1.0317093140303162	230.0	26	1.05	0.95				
	301	2	64.43783613473684	13.126225879298245	0.0	0.0	3	1.008027733828139	-13.851425068244064	138.0	31	1.05	0.95				
	302	2	57.87472319508772	11.932932617543859	0.0	0.0	3	1.0075119393982654	-14.003784595862017	138.0	32	1.05	0.95				
	303	1	107.39639355789474	22.075925342456138	0.0	0.0	3	1.024544167574671	-7.018420937001383	138.0	31	1.05	0.95				
	304	1	44.151850684912276	8.949699463157893	0.0	0.0	3	1.0060158441294773	-12.239001971795709	138.0	31	1.05	0.95				
	305	1	42.361910792280696	8.353052832280703	0.0	0.0	3	1.0205264587771423	-12.613059783055586	138.0	31	1.05	0.95				
	306	1	81.14394179929825	16.706105664561406	0.0	-100.0	3	1.0351612093233318	-12.591782990978361	138.0	32	1.05	0.95				
	307	2	74.58082885964912	14.916165771929823	0.0	0.0	3	0.9932513793614175	-19.823014621042987	138.0	32	1.05	0.95				
	308	1	102.02657387999999	20.88263208070175	0.0	0.0	3	0.9925302910993493	-16.96623269976638	138.0	32	1.05	0.95				
	309	1	104.41316040350877	21.479278711578946	0.0	0.0	3	1.0253923957830902	-8.353115237498033	138.0	33	1.05	0.95				
	310	1	116.34609302105261	23.865865235087718	0.0	0.0	3	1.05	-9.461049072641384	138.0	33	1.05	0.95				
	311	1	0.0	0.0	0.0	0.0	3	1.0134127471854364	-3.414302947882822	230.0	33	1.05	0.95				
	312	1	0.0	0.0	0.0	0.0	3	1.0166072829149075	-1.9977980187669595	230.0	33	1.05	0.95				
	313	2	158.11135718245612	32.21891806736842	0.0	0.0	3	1.0265735394742241	2.2502788697281897	230.0	34	1.05	0.95				
	314	2	115.74944639017544	23.269218604210526	0.0	0.0	3	1.015254315257779	-2.9007590035447395	230.0	36	1.05	0.95				
	315	2	189.13698198807018	38.18538437614035	0.0	0.0	3	1.0276561916745817	-2.14551773490838	230.0	36	1.05	0.95				
	316	2	59.66466308771929	11.932932617543859	0.0	0.0	3	1.0277277886110165	-1.0959396370144314	230.0	36	1.05	0.95				
	317	1	0.0	0.0	0.0	0.0	3	1.030706161105635	-0.5330987122920545	230.0	37	1.05	0.95				
	318	2	198.68332808210525	40.57197089964912	0.0	0.0	3	1.0284248614613216	-0.9485282904552474	230.0	37	1.05	0.95				
	319	1	107.99304018877191	22.075925342456138	0.0	0.0	3	1.0271079885351353	0.033374349841418606	230.0	35	1.05	0.95				
	320	1	76.3707687522807	15.512812402807016	0.0	0.0	3	1.0283749916611051	0.7964269576867774	230.0	35	1.05	0.95				
	321	2	0.0	0.0	0.0	0.0	3	1.0302992434110736	-0.8045338227903877	230.0	37	1.05	0.95				
	322	2	0.0	0.0	0.0	0.0	3	1.0436848848151092	3.661724596189081	230.0	37	1.05	0.95				
	323	2	0.0	0.0	0.0	0.0	3	1.0298545275940714	1.3746840716897515	230.0	35	1.05	0.95				
	324	1	0.0	0.0	0.0	0.0	3	1.0210437807674317	-2.785337123883058	230.0	36	1.05	0.95				
	325	1	0.0	0.0	0.0	0.0	3	1.029555233681331	2.075110754532971	230.0	35	1.05	0.95				
];
