%% MATPOWER Case Format : Version 2
function mpc = RTS_GMLC
mpc.version = '2';

%%-----  Power Flow Data  -----%%
%% system MVA base
mpc.baseMVA = 100.0;
%% bus data
%    bus_i    type    Pd    Qd    Gs    Bs    area    Vm    Va    baseKV    zone    Vmax    Vmin
mpc.bus = [
	101	2	44.006927267368425	8.964374072982457	0.0	0.0	1	1.0316475872570985	1.9014524043865728	138.0	11	1.05	0.95				
	102	2	39.5247402308772	8.149430975438598	0.0	0.0	1	1.0307062692912754	1.6202849536535529	138.0	12	1.05	0.95				
	103	1	73.34487877894738	15.076447304561405	0.0	0.0	1	1.0306105458992907	1.0810573450203331	138.0	11	1.05	0.95				
	104	1	30.15289460912281	6.112073231578948	0.0	0.0	1	1.0206997329730927	-1.3890636422918705	138.0	11	1.05	0.95				
	105	1	28.93047996280702	5.704601682807018	0.0	0.0	1	1.0351692952733267	-1.2436345030924845	138.0	11	1.05	0.95				
	106	1	55.416130632982465	11.409203365614037	0.0	-100.0	1	1.0454357550742406	-3.4637902027044207	138.0	12	1.05	0.95				
	107	2	50.93394359649124	10.186788719298248	0.0	0.0	1	0.9993557257323241	-10.184100407361	138.0	12	1.05	0.95				
	108	1	69.67763484	14.261504207017545	0.0	0.0	1	1.0036598154488539	-8.25367316579119	138.0	12	1.05	0.95				
	109	1	71.30752103508773	14.668975755789473	0.0	0.0	1	1.0246927395234595	-2.191459190051674	138.0	13	1.05	0.95				
	110	1	79.45695201052632	16.298861950877196	0.0	0.0	1	1.05	-3.140814381674718	138.0	13	1.05	0.95				
	111	1	0.0	0.0	0.0	0.0	1	1.0043695437653628	-0.1159538985323314	230.0	13	1.05	0.95				
	112	1	0.0	0.0	0.0	0.0	1	1.0087840612830583	-0.6196298184508495	230.0	13	1.05	0.95				
	113	3	107.97996042456141	22.003463633684213	0.0	0.0	1	0.9961103810708699	3.929013497186049e-31	230.0	14	1.05	0.95				
	114	2	79.0494804617544	15.891390402105266	0.0	0.0	1	1.0036924080984846	2.4562562282459974	230.0	16	1.05	0.95				
	115	2	129.16848096070177	26.07817912140351	0.0	0.0	1	1.0415299278641932	9.604173868465885	230.0	16	1.05	0.95				
	116	2	40.74715487719299	8.149430975438598	0.0	0.0	1	1.035524216506195	8.415891743955255	230.0	16	1.05	0.95				
	117	1	0.0	0.0	0.0	0.0	1	1.040719677903663	13.053758419303794	230.0	17	1.05	0.95				
	118	2	135.68802574105266	27.708065316491233	0.0	0.0	1	1.0487618482103236	13.31266389363207	230.0	17	1.05	0.95				
	119	1	73.75235032771931	15.076447304561405	0.0	0.0	1	1.0249580168030645	5.501487070490124	230.0	15	1.05	0.95				
	120	1	52.15635824280702	10.594260268070176	0.0	0.0	1	1.020208280337866	3.7324337432795733	230.0	15	1.05	0.95				
	121	2	0.0	0.0	0.0	0.0	1	1.05	14.530974248450482	230.0	17	1.05	0.95				
	122	2	0.0	0.0	0.0	0.0	1	1.05	29.905381326479908	230.0	17	1.05	0.95				
	123	2	0.0	0.0	0.0	0.0	1	1.0181957074441075	3.0720308571933197	230.0	15	1.05	0.95				
	124	1	0.0	0.0	0.0	0.0	1	1.0266374518317103	6.416335882547115	230.0	16	1.05	0.95				
	201	2	46.59656854736843	9.491893592982455	0.0	0.0	2	1.019529480209338	-13.112188186282559	138.0	21	1.05	0.95				
	202	2	41.850621750877195	8.628994175438597	0.0	0.0	2	1.0197209561911733	-13.131122922526123	138.0	22	1.05	0.95				
	203	1	77.66094757894737	15.963639224561405	0.0	0.0	2	1.0153375365445554	-10.65107206045141	138.0	21	1.05	0.95				
	204	1	31.92727844912281	6.471745631578947	0.0	0.0	2	1.0147353614242312	-13.891843064977275	138.0	21	1.05	0.95				
	205	1	30.63292932280702	6.040295922807019	0.0	0.0	2	1.0295601553148488	-14.266834607703961	138.0	21	1.05	0.95				
	206	1	58.677160392982465	12.080591845614038	0.0	-100.0	2	1.0430685952570904	-15.361189075021539	138.0	22	1.05	0.95				
	207	2	53.93121359649123	10.786242719298246	0.0	0.0	2	0.9929691146142414	-21.145770710433318	138.0	22	1.05	0.95				
	208	1	73.7779002	15.100739807017543	0.0	0.0	2	0.9986682880285108	-19.19083901273997	138.0	22	1.05	0.95				
	209	1	75.50369903508772	15.532189515789474	0.0	0.0	2	1.0227961680215134	-12.728665759794017	138.0	23	1.05	0.95				
	210	1	84.13269321052633	17.257988350877195	0.0	0.0	2	1.05	-14.044084173577371	138.0	23	1.05	0.95				
	211	1	0.0	0.0	0.0	0.0	2	1.0065370513276304	-9.864228300502086	230.0	23	1.05	0.95				
	212	1	0.0	0.0	0.0	0.0	2	1.009106201745688	-8.966713402919716	230.0	23	1.05	0.95				
	213	2	114.33417282456139	23.298284273684214	0.0	0.0	2	1.0033668218137284	-8.466071481388871	230.0	24	1.05	0.95				
	214	2	83.70124350175439	16.826538642105266	0.0	0.0	2	1.0073348401339102	-7.46128095629936	230.0	26	1.05	0.95				
	215	2	136.76955768070175	27.61278136140351	0.0	0.0	2	1.0223590322629785	-1.2417799154144977	230.0	26	1.05	0.95				
	216	2	43.14497087719298	8.628994175438597	0.0	0.0	2	1.0243030585130677	-1.4329977764080353	230.0	26	1.05	0.95				
	217	1	0.0	0.0	0.0	0.0	2	1.027979301258457	0.17228099811886888	230.0	27	1.05	0.95				
	218	2	143.67275302105264	29.338580196491232	0.0	0.0	2	1.0271617413206637	-0.3658532281532152	230.0	27	1.05	0.95				
	219	1	78.09239728771931	15.963639224561405	0.0	0.0	2	1.0261073109070211	-1.402192072073742	230.0	25	1.05	0.95				
	220	1	55.22556272280702	11.217692428070176	0.0	0.0	2	1.0305986999486572	-0.5351674685084953	230.0	25	1.05	0.95				
	221	2	0.0	0.0	0.0	0.0	2	1.0290338708250593	0.14694623988476577	230.0	27	1.05	0.95				
	222	2	0.0	0.0	0.0	0.0	2	1.049999986689393	6.647939767015198	230.0	27	1.05	0.95				
	223	2	0.0	0.0	0.0	0.0	2	1.0338723950496884	0.26587833273470735	230.0	25	1.05	0.95				
	224	1	0.0	0.0	0.0	0.0	2	1.0081435652739024	-4.776691966179397	230.0	26	1.05	0.95				
	301	2	55.12749131368422	11.229674156491228	0.0	0.0	3	1.0136741470011212	-10.52967184630919	138.0	31	1.05	0.95				
	302	2	49.512654235438596	10.208794687719298	0.0	0.0	3	1.01221272163897	-10.832473226573525	138.0	32	1.05	0.95				
	303	1	91.87915218947369	18.8862701722807	0.0	0.0	3	1.0499509267907339	2.0969341327626028	138.0	31	1.05	0.95				
	304	1	37.7725403445614	7.656596015789472	0.0	0.0	3	1.0110150811891572	-9.372286415636122	138.0	31	1.05	0.95				
	305	1	36.24122114140351	7.14615628140351	0.0	0.0	3	1.0254594531619539	-11.207739665975977	138.0	31	1.05	0.95				
	306	1	69.41980387649124	14.29231256280702	0.0	-100.0	3	1.039079619685483	-12.175027179857285	138.0	32	1.05	0.95				
	307	2	63.80496679824561	12.760993359649122	0.0	0.0	3	0.9892963939609912	-17.486881552919176	138.0	32	1.05	0.95				
	308	1	87.28519458	17.865390703508773	0.0	0.0	3	0.9937220796791877	-15.115829151059236	138.0	32	1.05	0.95				
	309	1	89.32695351754386	18.375830437894734	0.0	0.0	3	1.02668700664629	-6.090308109534195	138.0	33	1.05	0.95				
	310	1	99.53574820526315	20.417589375438595	0.0	0.0	3	1.05	-10.247548553460858	138.0	33	1.05	0.95				
	311	1	0.0	0.0	0.0	0.0	3	1.0126462895951902	-4.88559573654011	230.0	33	1.05	0.95				
	312	1	0.0	0.0	0.0	0.0	3	1.0158948758901352	-4.1895990830660566	230.0	33	1.05	0.95				
	313	2	135.2665296122807	27.56374565684211	0.0	0.0	3	1.0145682502498703	-1.8785902500654739	230.0	34	1.05	0.95				
	314	2	99.02530847087719	19.907149641052634	0.0	0.0	3	1.0135282208176382	-4.153905712890584	230.0	36	1.05	0.95				
	315	2	161.80939580035087	32.668143000701754	0.0	0.0	3	1.0452641385750852	0.12506795423998682	230.0	36	1.05	0.95				
	316	2	51.04397343859649	10.208794687719298	0.0	0.0	3	1.0410996379197506	-0.06983275931027744	230.0	36	1.05	0.95				
	317	1	0.0	0.0	0.0	0.0	3	1.0499999945338014	4.017032810427136	230.0	37	1.05	0.95				
	318	2	169.9764315505263	34.70990193824562	0.0	0.0	3	1.0466664217586934	2.3349009185380276	230.0	37	1.05	0.95				
	319	1	92.38959192385965	18.8862701722807	0.0	0.0	3	1.0347448746329015	-0.6698182928898632	230.0	35	1.05	0.95				
	320	1	65.33628600140351	13.271433094035087	0.0	0.0	3	1.0330133692072518	-0.21629688702840638	230.0	35	1.05	0.95				
	321	2	0.0	0.0	0.0	0.0	3	1.0470313797794353	2.1934436085763833	230.0	37	1.05	0.95				
	322	2	0.0	0.0	0.0	0.0	3	1.05	7.253045407497469	230.0	37	1.05	0.95				
	323	2	0.0	0.0	0.0	0.0	3	1.033087898622161	0.42073505968917274	230.0	35	1.05	0.95				
	324	1	0.0	0.0	0.0	0.0	3	1.0437226191046862	0.8840165342751951	230.0	36	1.05	0.95				
	325	1	0.0	0.0	0.0	0.0	3	1.0305037401421924	1.606635544824659	230.0	35	1.05	0.95				
];
