%% MATPOWER Case Format : Version 2
function mpc = RTS_GMLC
mpc.version = '2';

%%-----  Power Flow Data  -----%%
%% system MVA base
mpc.baseMVA = 100.0;
%% bus data
%    bus_i    type    Pd    Qd    Gs    Bs    area    Vm    Va    baseKV    zone    Vmax    Vmin
mpc.bus = [
	101	2	84.71400298105264	17.25655616280702	0.0	0.0	1	1.0437774057206302	0.12474749443897046	138.0	11	1.05	0.95				
	102	2	76.08572489964912	15.687778329824564	0.0	0.0	1	1.0437209917413581	0.012417559811756063	138.0	12	1.05	0.95				
	103	1	141.19000496842108	29.022389910175438	0.0	0.0	1	1.0244878951821885	-1.5700042966884242	138.0	11	1.05	0.95				
	104	1	58.044779820350875	11.76583374736842	0.0	0.0	1	1.0225535850853065	-3.6546651596252477	138.0	11	1.05	0.95				
	105	1	55.69161307087719	10.981444830877194	0.0	0.0	1	1.035670214428959	-4.03053648136796	138.0	11	1.05	0.95				
	106	1	106.67689264280702	21.96288966175439	0.0	-100.0	1	1.0370087655396978	-7.075423136196251	138.0	12	1.05	0.95				
	107	2	98.04861456140351	19.609722912280702	0.0	0.0	1	1.05	-6.16695897307224	138.0	12	1.05	0.95				
	108	1	134.13050472	27.45361207719298	0.0	0.0	1	1.0246598609475517	-8.131301121661643	138.0	12	1.05	0.95				
	109	1	137.26806038596493	28.23800099368421	0.0	0.0	1	1.02712686335827	-4.381866739462688	138.0	13	1.05	0.95				
	110	1	152.95583871578947	31.375556659649128	0.0	0.0	1	1.05	-5.825803485374522	138.0	13	1.05	0.95				
	111	1	0.0	0.0	0.0	0.0	1	1.013442389037745	-1.7600249265527432	230.0	13	1.05	0.95				
	112	1	0.0	0.0	0.0	0.0	1	1.0169456525640341	-1.0371162348283542	230.0	13	1.05	0.95				
	113	3	207.8630628701754	42.35700149052632	0.0	0.0	1	1.0153430046090088	1.607773452301002e-28	230.0	14	1.05	0.95				
	114	2	152.17144979929824	30.5911677431579	0.0	0.0	1	1.0139710591978006	0.0978847776661025	230.0	16	1.05	0.95				
	115	2	248.6512865277193	50.2008906554386	0.0	0.0	1	1.0441358314368538	8.289703344975589	230.0	16	1.05	0.95				
	116	2	78.43889164912281	15.687778329824564	0.0	0.0	1	1.0419861824166727	7.461565996598021	230.0	16	1.05	0.95				
	117	1	0.0	0.0	0.0	0.0	1	1.0452256718516029	10.594440560882653	230.0	17	1.05	0.95				
	118	2	261.20150919157896	53.33844632140351	0.0	0.0	1	1.0475020256631746	11.026417828250862	230.0	17	1.05	0.95				
	119	1	141.97439388491227	29.022389910175438	0.0	0.0	1	1.0354895782702018	5.875823653350866	230.0	15	1.05	0.95				
	120	1	100.4017813108772	20.394111828771933	0.0	0.0	1	1.0365395883385533	5.717956707735515	230.0	15	1.05	0.95				
	121	2	0.0	0.0	0.0	0.0	1	1.05	12.854815928128039	230.0	17	1.05	0.95				
	122	2	0.0	0.0	0.0	0.0	1	1.05	20.079612436748334	230.0	17	1.05	0.95				
	123	2	0.0	0.0	0.0	0.0	1	1.0392876848614148	6.213163497169559	230.0	15	1.05	0.95				
	124	1	0.0	0.0	0.0	0.0	1	1.0244173884748213	4.631210121290641	230.0	16	1.05	0.95				
	201	2	94.28112701052632	19.205414761403507	0.0	0.0	2	1.0499972216842022	-16.522244142636662	138.0	21	1.05	0.95				
	202	2	84.67841962982456	17.45946796491228	0.0	0.0	2	1.05	-16.631418466905075	138.0	22	1.05	0.95				
	203	1	157.13521168421053	32.30001573508772	0.0	0.0	2	1.0236459605777715	-11.77795549431185	138.0	21	1.05	0.95				
	204	1	64.60003147017544	13.094600973684209	0.0	0.0	2	1.0207796088364107	-17.560524956180497	138.0	21	1.05	0.95				
	205	1	61.98111127543859	12.221627575438598	0.0	0.0	2	1.038960784015144	-18.162499943695693	138.0	21	1.05	0.95				
	206	1	118.72438216140351	24.443255150877196	0.0	-100.0	2	1.0374033903450088	-19.90740905366647	138.0	22	1.05	0.95				
	207	2	109.12167478070177	21.82433495614035	0.0	0.0	2	0.95	-30.28225668721469	138.0	22	1.05	0.95				
	208	1	149.27845109999998	30.55406893859649	0.0	0.0	2	0.9544898324330227	-26.959150629115733	138.0	22	1.05	0.95				
	209	1	152.77034469298246	31.427042336842103	0.0	0.0	2	1.025289587245326	-14.806671519336994	138.0	23	1.05	0.95				
	210	1	170.22981265789474	34.91893592982456	0.0	0.0	2	1.05	-17.112283851736102	138.0	23	1.05	0.95				
	211	1	0.0	0.0	0.0	0.0	2	1.0334037129305265	-10.500578922470405	230.0	23	1.05	0.95				
	212	1	0.0	0.0	0.0	0.0	2	1.0268922770963032	-5.631341201389561	230.0	23	1.05	0.95				
	213	2	231.3379505350877	47.14056350526316	0.0	0.0	2	1.05	-7.4583787100768335	230.0	24	1.05	0.95				
	214	2	169.35683925964912	34.04596253157895	0.0	0.0	2	1.05	-7.956200414101724	230.0	26	1.05	0.95				
	215	2	276.73256724385965	55.8702974877193	0.0	0.0	2	1.0427427359774872	1.1714751612751606	230.0	26	1.05	0.95				
	216	2	87.2973398245614	17.45946796491228	0.0	0.0	2	1.0471661167601884	1.060197126821371	230.0	26	1.05	0.95				
	217	1	0.0	0.0	0.0	0.0	2	1.048368918824399	4.39389289429034	230.0	27	1.05	0.95				
	218	2	290.7001416157895	59.362191080701756	0.0	0.0	2	1.0499999974808625	4.921875960366098	230.0	27	1.05	0.95				
	219	1	158.00818508245615	32.30001573508772	0.0	0.0	2	1.0416443441968635	0.8822572242722196	230.0	25	1.05	0.95				
	220	1	111.7405949754386	22.697308354385967	0.0	0.0	2	1.04496877733294	2.3623616641796104	230.0	25	1.05	0.95				
	221	2	0.0	0.0	0.0	0.0	2	1.05	5.402229883092679	230.0	27	1.05	0.95				
	222	2	0.0	0.0	0.0	0.0	2	1.05	11.518448496266437	230.0	27	1.05	0.95				
	223	2	0.0	0.0	0.0	0.0	2	1.05	3.805005226041802	230.0	25	1.05	0.95				
	224	1	0.0	0.0	0.0	0.0	2	1.0192250505593534	-3.6436852044817134	230.0	26	1.05	0.95				
	301	2	77.2160708463158	15.729199616842108	0.0	0.0	3	0.9937478784095439	-1.618820070522348	138.0	31	1.05	0.95				
	302	2	69.35147103789474	14.29927237894737	0.0	0.0	3	0.9949408727008024	-1.755269726984972	138.0	32	1.05	0.95				
	303	1	128.69345141052634	26.453653901052633	0.0	0.0	3	1.012968775284168	4.64859357020202	138.0	31	1.05	0.95				
	304	1	52.907307802105265	10.724454284210527	0.0	0.0	3	0.9905214522867034	0.7700857989368005	138.0	31	1.05	0.95				
	305	1	50.762416945263155	10.00949066526316	0.0	0.0	3	1.0030351753943167	0.4057669198323286	138.0	31	1.05	0.95				
	306	1	97.23505217684212	20.01898133052632	0.0	-100.0	3	1.0160425265782582	0.7397201488704861	138.0	32	1.05	0.95				
	307	2	89.37045236842106	17.874090473684213	0.0	0.0	3	0.9716575015685119	-5.001606894674268	138.0	32	1.05	0.95				
	308	1	122.25877884	25.0237266631579	0.0	0.0	3	0.9776060548061863	-1.5491747845835775	138.0	32	1.05	0.95				
	309	1	125.11863331578948	25.738690282105264	0.0	0.0	3	1.014118619881384	5.824893979992095	138.0	33	1.05	0.95				
	310	1	139.41790569473685	28.59854475789474	0.0	0.0	3	1.0347626111142998	4.7913968165531005	138.0	33	1.05	0.95				
	311	1	0.0	0.0	0.0	0.0	3	1.0060731682966422	12.598872770943327	230.0	33	1.05	0.95				
	312	1	0.0	0.0	0.0	0.0	3	1.0101437204343902	13.770471598485376	230.0	33	1.05	0.95				
	313	2	189.46535902105265	38.6080354231579	0.0	0.0	3	1.0340447934662973	21.029431110903573	230.0	34	1.05	0.95				
	314	2	138.70294207578948	27.88358113894737	0.0	0.0	3	1.0125621738360158	12.2746761934382	230.0	36	1.05	0.95				
	315	2	226.6434672063158	45.75767161263158	0.0	0.0	3	1.0376764883056806	9.210206547282127	230.0	36	1.05	0.95				
	316	2	71.49636189473685	14.29927237894737	0.0	0.0	3	1.0367261366686409	10.545381797623879	230.0	36	1.05	0.95				
	317	1	0.0	0.0	0.0	0.0	3	1.0429351114545502	10.481647661743855	230.0	37	1.05	0.95				
	318	2	238.0828851094737	48.61752608842106	0.0	0.0	3	1.0416410878868392	9.126215449759167	230.0	37	1.05	0.95				
	319	1	129.4084150294737	26.453653901052633	0.0	0.0	3	1.0334742459342103	12.381066144564857	230.0	35	1.05	0.95				
	320	1	91.51534322526317	18.58905409263158	0.0	0.0	3	1.0339501907823316	13.851379776998794	230.0	35	1.05	0.95				
	321	2	0.0	0.0	0.0	0.0	3	1.0425785148218143	10.182809735140816	230.0	37	1.05	0.95				
	322	2	0.0	0.0	0.0	0.0	3	1.05	14.62537491805032	230.0	37	1.05	0.95				
	323	2	0.0	0.0	0.0	0.0	3	1.0345583804464884	14.425836411973918	230.0	35	1.05	0.95				
	324	1	0.0	0.0	0.0	0.0	3	1.0239537127985718	9.479267620626736	230.0	36	1.05	0.95				
	325	1	0.0	0.0	0.0	0.0	3	1.0369633247785124	14.299784621346285	230.0	35	1.05	0.95				
];
