%% MATPOWER Case Format : Version 2
function mpc = RTS_GMLC
mpc.version = '2';

%%-----  Power Flow Data  -----%%
%% system MVA base
mpc.baseMVA = 100.0;
%% bus data
%    bus_i    type    Pd    Qd    Gs    Bs    area    Vm    Va    baseKV    zone    Vmax    Vmin
mpc.bus = [
	101	2	90.60564077052632	18.45670460140351	0.0	0.0	1	1.049175871738746	-0.046874686324315455	138.0	11	1.05	0.95				
	102	2	81.37728846982456	16.778822364912283	0.0	0.0	1	1.0489436307031492	-0.21023728667868824	138.0	12	1.05	0.95				
	103	1	151.00940128421053	31.040821375087717	0.0	0.0	1	1.0250031653500775	-1.9320423177385377	138.0	11	1.05	0.95				
	104	1	62.08164275017543	12.58411677368421	0.0	0.0	1	1.0245756778830126	-3.9804454106438674	138.0	11	1.05	0.95				
	105	1	59.5648193954386	11.745175655438597	0.0	0.0	1	1.0374849119618683	-4.45662916022948	138.0	11	1.05	0.95				
	106	1	114.09599208140351	23.490351310877195	0.0	-100.0	1	1.0364769825625593	-7.707365534020851	138.0	12	1.05	0.95				
	107	2	104.86763978070175	20.97352795614035	0.0	0.0	1	1.05	-6.490233719177959	138.0	12	1.05	0.95				
	108	1	143.45893122	29.362939138596488	0.0	0.0	1	1.0230591039049157	-8.69962666654581	138.0	12	1.05	0.95				
	109	1	146.81469569298244	30.201880256842102	0.0	0.0	1	1.0273791428187689	-4.840115598811937	138.0	13	1.05	0.95				
	110	1	163.59351805789473	33.55764472982457	0.0	0.0	1	1.05	-6.370509123065495	138.0	13	1.05	0.95				
	111	1	0.0	0.0	0.0	0.0	1	1.0151442457097135	-2.12844712954172	230.0	13	1.05	0.95				
	112	1	0.0	0.0	0.0	0.0	1	1.0178895025478922	-1.2711237839770735	230.0	13	1.05	0.95				
	113	3	222.3193963350877	45.30282038526316	0.0	0.0	1	1.018161507352906	-2.899058306453064e-29	230.0	14	1.05	0.95				
	114	2	162.75457693964913	32.718703611578945	0.0	0.0	1	1.0167691314775245	-0.47782549624220216	230.0	16	1.05	0.95				
	115	2	265.9443344838596	53.6922315677193	0.0	0.0	1	1.0439611470976073	7.712390026468792	230.0	16	1.05	0.95				
	116	2	83.8941118245614	16.778822364912283	0.0	0.0	1	1.0424745744810002	6.952683073264318	230.0	16	1.05	0.95				
	117	1	0.0	0.0	0.0	0.0	1	1.0458869001081452	10.068171916082862	230.0	17	1.05	0.95				
	118	2	279.36739237578945	57.047996040701754	0.0	0.0	1	1.047933361723468	10.6478902738602	230.0	17	1.05	0.95				
	119	1	151.84834240245615	31.040821375087717	0.0	0.0	1	1.036208983283506	5.575318686059318	230.0	15	1.05	0.95				
	120	1	107.3844631354386	21.812469074385966	0.0	0.0	1	1.0375400566631106	5.508729486426146	230.0	15	1.05	0.95				
	121	2	0.0	0.0	0.0	0.0	1	1.05	12.361505642400717	230.0	17	1.05	0.95				
	122	2	0.0	0.0	0.0	0.0	1	1.05	18.369990885050555	230.0	17	1.05	0.95				
	123	2	0.0	0.0	0.0	0.0	1	1.040712892403036	6.0922518411944555	230.0	15	1.05	0.95				
	124	1	0.0	0.0	0.0	0.0	1	1.0247574783843147	4.131912947954923	230.0	16	1.05	0.95				
	201	2	90.03116637473686	18.339682039298246	0.0	0.0	2	1.0411663453455278	-14.868475951155807	138.0	21	1.05	0.95				
	202	2	80.86132535508771	16.67243821754386	0.0	0.0	2	1.0439389565123696	-15.000242095409927	138.0	22	1.05	0.95				
	203	1	150.05194395789476	30.844010702456142	0.0	0.0	2	1.0249864289331956	-10.808795421641422	138.0	21	1.05	0.95				
	204	1	61.688021404912284	12.504328663157896	0.0	0.0	2	1.0194740297042744	-16.13042728943688	138.0	21	1.05	0.95				
	205	1	59.1871556722807	11.670706752280704	0.0	0.0	2	1.0349530368610493	-16.655903932246627	138.0	21	1.05	0.95				
	206	1	113.37257987929827	23.34141350456141	0.0	-100.0	2	1.037056022928237	-18.44441447286201	138.0	22	1.05	0.95				
	207	2	104.20273885964913	20.840547771929828	0.0	0.0	2	0.95	-29.51061443894926	138.0	22	1.05	0.95				
	208	1	142.54934676000002	29.176766880701756	0.0	0.0	2	0.9555882282061295	-25.861339750071313	138.0	22	1.05	0.95				
	209	1	145.88383440350879	30.01038879157895	0.0	0.0	2	1.0263444464106768	-13.695352475269473	138.0	23	1.05	0.95				
	210	1	162.55627262105264	33.34487643508772	0.0	0.0	2	1.05	-15.855749450064623	138.0	23	1.05	0.95				
	211	1	0.0	0.0	0.0	0.0	2	1.0340386654418483	-9.613658679755682	230.0	23	1.05	0.95				
	212	1	0.0	0.0	0.0	0.0	2	1.0279463254321517	-4.765024342295218	230.0	23	1.05	0.95				
	213	2	220.90980638245617	45.01558318736843	0.0	0.0	2	1.05	-6.940693573337411	230.0	24	1.05	0.95				
	214	2	161.72265071017543	32.51125452421053	0.0	0.0	2	1.05	-7.0303356748362535	230.0	26	1.05	0.95				
	215	2	264.2581457480702	53.35180229614036	0.0	0.0	2	1.0449642696317303	2.0941223278518017	230.0	26	1.05	0.95				
	216	2	83.36219108771931	16.67243821754386	0.0	0.0	2	1.0485228825154898	1.7770846436564072	230.0	26	1.05	0.95				
	217	1	0.0	0.0	0.0	0.0	2	1.0490214461389262	4.909686638173582	230.0	27	1.05	0.95				
	218	2	277.5960963221053	56.686289939649136	0.0	0.0	2	1.05	5.456188302841667	230.0	27	1.05	0.95				
	219	1	150.88556586877195	30.844010702456142	0.0	0.0	2	1.0428444345572703	1.6265499366492933	230.0	25	1.05	0.95				
	220	1	106.70360459228073	21.67416968280702	0.0	0.0	2	1.045541222523047	3.0546774977658626	230.0	25	1.05	0.95				
	221	2	0.0	0.0	0.0	0.0	2	1.05	5.859456995795327	230.0	27	1.05	0.95				
	222	2	0.0	0.0	0.0	0.0	2	1.05	11.9987998223665	230.0	27	1.05	0.95				
	223	2	0.0	0.0	0.0	0.0	2	1.05	4.4415795046552	230.0	25	1.05	0.95				
	224	1	0.0	0.0	0.0	0.0	2	1.0211499975356417	-2.699955148450347	230.0	26	1.05	0.95				
	301	2	77.52356848421054	15.791838024561406	0.0	0.0	3	0.9736838877686703	-1.8840262470878346	138.0	31	1.05	0.95				
	302	2	69.62764947192981	14.356216385964911	0.0	0.0	3	0.9756263230969001	-1.97993356642885	138.0	32	1.05	0.95				
	303	1	129.2059474736842	26.559000314035085	0.0	0.0	3	0.9914178538982321	2.8966104999120703	138.0	31	1.05	0.95				
	304	1	53.11800062807017	10.767162289473685	0.0	0.0	3	0.9714980417362498	0.8073117566341564	138.0	31	1.05	0.95				
	305	1	50.96456817017544	10.04935147017544	0.0	0.0	3	0.983020399635559	0.6124975060909933	138.0	31	1.05	0.95				
	306	1	97.62227142456142	20.09870294035088	0.0	-100.0	3	0.9964367598407451	1.1806569076399105	138.0	32	1.05	0.95				
	307	2	89.7263524122807	17.94527048245614	0.0	0.0	3	0.9500000453135796	-4.096365467761876	138.0	32	1.05	0.95				
	308	1	122.7456501	25.123378675438595	0.0	0.0	3	0.9588959509119265	-0.5249198656503073	138.0	32	1.05	0.95				
	309	1	125.616893377193	25.841189494736845	0.0	0.0	3	0.9966099956942002	6.192442619950794	138.0	33	1.05	0.95				
	310	1	139.97310976315788	28.712432771929823	0.0	0.0	3	1.0164337106931287	5.563081325444222	138.0	33	1.05	0.95				
	311	1	0.0	0.0	0.0	0.0	3	0.9911165272137135	13.757044156147336	230.0	33	1.05	0.95				
	312	1	0.0	0.0	0.0	0.0	3	0.9960710734601084	15.189626674541607	230.0	33	1.05	0.95				
	313	2	190.21986711403508	38.76178424210527	0.0	0.0	3	1.0255599131186546	23.427709088162818	230.0	34	1.05	0.95				
	314	2	139.25529894385963	27.994621952631583	0.0	0.0	3	0.999680626281701	12.81537259772844	230.0	36	1.05	0.95				
	315	2	227.5460297175439	45.93989243508772	0.0	0.0	3	1.0329256996388405	9.190886527812236	230.0	36	1.05	0.95				
	316	2	71.78108192982457	14.356216385964911	0.0	0.0	3	1.0315526232565997	10.639713174590097	230.0	36	1.05	0.95				
	317	1	0.0	0.0	0.0	0.0	3	1.0384508669126393	10.243764602580594	230.0	37	1.05	0.95				
	318	2	239.03100282631578	48.81113571228071	0.0	0.0	3	1.0380020282939033	9.13456372642361	230.0	37	1.05	0.95				
	319	1	129.92375829298246	26.559000314035085	0.0	0.0	3	1.0278086296715458	12.787039442539632	230.0	35	1.05	0.95				
	320	1	91.87978487017544	18.663081301754385	0.0	0.0	3	1.02835680288307	14.586551521851545	230.0	35	1.05	0.95				
	321	2	0.0	0.0	0.0	0.0	3	1.0394455082519263	10.358762707716927	230.0	37	1.05	0.95				
	322	2	0.0	0.0	0.0	0.0	3	1.05	14.627252246098058	230.0	37	1.05	0.95				
	323	2	0.0	0.0	0.0	0.0	3	1.0289958546118427	15.265676357618403	230.0	35	1.05	0.95				
	324	1	0.0	0.0	0.0	0.0	3	1.011348936278227	8.810544712247433	230.0	36	1.05	0.95				
	325	1	0.0	0.0	0.0	0.0	3	1.0320210583843532	15.027740409321314	230.0	35	1.05	0.95				
];
