%% MATPOWER Case Format : Version 2
function mpc = RTS_GMLC
mpc.version = '2';

%%-----  Power Flow Data  -----%%
%% system MVA base
mpc.baseMVA = 100.0;
%% bus data
%    bus_i    type    Pd    Qd    Gs    Bs    area    Vm    Va    baseKV    zone    Vmax    Vmin
mpc.bus = [
	101	2	54.96190006736842	11.195942606315787	0.0	0.0	1	1.0343279416978497	2.2891601455290433	138.0	11	1.05	0.95				
	102	2	49.36392876421053	10.178129642105263	0.0	0.0	1	1.034110229223042	2.1996706508959645	138.0	12	1.05	0.95				
	103	1	91.60316677894737	18.829539837894735	0.0	0.0	1	1.0261171740901498	0.1200782526301006	138.0	11	1.05	0.95				
	104	1	37.65907967578947	7.633597231578946	0.0	0.0	1	1.0205431288619649	-1.1174256556008488	138.0	11	1.05	0.95				
	105	1	36.13236022947368	7.124690749473685	0.0	0.0	1	1.0351861508145832	-0.9240280691027388	138.0	11	1.05	0.95				
	106	1	69.21128156631579	14.24938149894737	0.0	-100.0	1	1.0433202622359032	-3.2165308831978843	138.0	12	1.05	0.95				
	107	2	63.613310263157885	12.722662052631579	0.0	0.0	1	1.02687873069471	-2.6416080602847427	138.0	12	1.05	0.95				
	108	1	87.02300844	17.811726873684208	0.0	0.0	1	1.0190046837975497	-4.048497049814642	138.0	12	1.05	0.95				
	109	1	89.05863436842105	18.32063335578947	0.0	0.0	1	1.0253827323255509	-1.7760629602700535	138.0	13	1.05	0.95				
	110	1	99.2367640105263	20.356259284210527	0.0	0.0	1	1.05	-2.5816078741666195	138.0	13	1.05	0.95				
	111	1	0.0	0.0	0.0	0.0	1	1.0048660679550516	-0.24947488044225186	230.0	13	1.05	0.95				
	112	1	0.0	0.0	0.0	0.0	1	1.0100120097555143	0.3420760105091839	230.0	13	1.05	0.95				
	113	3	134.86021775789473	27.48095003368421	0.0	0.0	1	0.9980351702840013	1.8051422551832821e-28	230.0	14	1.05	0.95				
	114	2	98.72785752842105	19.847352802105263	0.0	0.0	1	1.0011288302849564	1.5822852909279408	230.0	16	1.05	0.95				
	115	2	161.3233548273684	32.57001485473684	0.0	0.0	1	1.0382525377836023	7.569093826880332	230.0	16	1.05	0.95				
	116	2	50.890648210526315	10.178129642105263	0.0	0.0	1	1.0342282908659894	7.157976110755763	230.0	16	1.05	0.95				
	117	1	0.0	0.0	0.0	0.0	1	1.0414712340404422	8.922125673807423	230.0	17	1.05	0.95				
	118	2	169.46585854105263	34.605640783157895	0.0	0.0	1	1.0436665681785444	8.92168052013965	230.0	17	1.05	0.95				
	119	1	92.11207326105263	18.829539837894735	0.0	0.0	1	1.028326013603738	6.260654458083776	230.0	15	1.05	0.95				
	120	1	65.14002970947368	13.231568534736843	0.0	0.0	1	1.027079716186531	6.463295237335655	230.0	15	1.05	0.95				
	121	2	0.0	0.0	0.0	0.0	1	1.0476540285910443	9.953765429841011	230.0	17	1.05	0.95				
	122	2	0.0	0.0	0.0	0.0	1	1.05	16.057698030873627	230.0	17	1.05	0.95				
	123	2	0.0	0.0	0.0	0.0	1	1.0273695855469762	6.964820008242209	230.0	15	1.05	0.95				
	124	1	0.0	0.0	0.0	0.0	1	1.0240680315893476	4.789730166102343	230.0	16	1.05	0.95				
	201	2	58.02046275789474	11.818983154385965	0.0	0.0	2	1.033453986049924	-7.057268512574379	138.0	21	1.05	0.95				
	202	2	52.110971180701746	10.744530140350877	0.0	0.0	2	1.0336388121686644	-7.116511543478247	138.0	22	1.05	0.95				
	203	1	96.70077126315789	19.87738075964912	0.0	0.0	2	1.023287728781837	-5.826284762878974	138.0	21	1.05	0.95				
	204	1	39.75476151929824	8.058397605263156	0.0	0.0	2	1.0192305442651963	-9.498963652819594	138.0	21	1.05	0.95				
	205	1	38.143081998245606	7.521171098245614	0.0	0.0	2	1.0347506047507598	-9.695800681570502	138.0	21	1.05	0.95				
	206	1	73.06280495438597	15.042342196491228	0.0	-100.0	2	1.0427966885524982	-11.689851258068327	138.0	22	1.05	0.95				
	207	2	67.15331337719299	13.430662675438596	0.0	0.0	2	0.9885869369798009	-19.847936221966588	138.0	22	1.05	0.95				
	208	1	91.8657327	18.80292774561403	0.0	0.0	2	0.9916809253461027	-17.32062982376433	138.0	22	1.05	0.95				
	209	1	94.01463872807017	19.340154252631578	0.0	0.0	2	1.023647474849505	-9.26967636410733	138.0	23	1.05	0.95				
	210	1	104.75916886842104	21.489060280701754	0.0	0.0	2	1.05	-10.676099891242695	138.0	23	1.05	0.95				
	211	1	0.0	0.0	0.0	0.0	2	1.0108678804139881	-6.413251603101008	230.0	23	1.05	0.95				
	212	1	0.0	0.0	0.0	0.0	2	1.0123127748332252	-5.614088765383066	230.0	23	1.05	0.95				
	213	2	142.3650243596491	29.01023137894737	0.0	0.0	2	1.0081177961483856	-5.323406988238944	230.0	24	1.05	0.95				
	214	2	104.22194236140349	20.951833773684207	0.0	0.0	2	1.015409185682523	-3.7491562153019253	230.0	26	1.05	0.95				
	215	2	170.30080272456138	34.382496449122804	0.0	0.0	2	1.0314500980218637	3.28884163130391	230.0	26	1.05	0.95				
	216	2	53.72265070175438	10.744530140350877	0.0	0.0	2	1.0338173388268528	3.28354126637027	230.0	26	1.05	0.95				
	217	1	0.0	0.0	0.0	0.0	2	1.0380330911726847	6.0978198451122525	230.0	27	1.05	0.95				
	218	2	178.8964268368421	36.531402477192984	0.0	0.0	2	1.0396094295495382	6.581644256743501	230.0	27	1.05	0.95				
	219	1	97.23799777017544	19.87738075964912	0.0	0.0	2	1.033471176125676	2.6544917224854103	230.0	25	1.05	0.95				
	220	1	68.76499289824561	13.967889182456139	0.0	0.0	2	1.0372911466810724	3.1378461283518098	230.0	25	1.05	0.95				
	221	2	0.0	0.0	0.0	0.0	2	1.0393102687747278	6.241573058640506	230.0	27	1.05	0.95				
	222	2	0.0	0.0	0.0	0.0	2	1.05	12.686651617451131	230.0	27	1.05	0.95				
	223	2	0.0	0.0	0.0	0.0	2	1.0405426781702434	3.8024224591290063	230.0	25	1.05	0.95				
	224	1	0.0	0.0	0.0	0.0	2	1.0170399382798263	-0.13128487437800693	230.0	26	1.05	0.95				
	301	2	51.88168299789474	10.56849098105263	0.0	0.0	3	1.0115955083659869	-16.55988762201376	138.0	31	1.05	0.95				
	302	2	46.59743750736842	9.60771907368421	0.0	0.0	3	1.0105923044478122	-16.780871373913048	138.0	32	1.05	0.95				
	303	1	86.46947166315789	17.77428028631579	0.0	0.0	3	1.038609224444185	-7.338594174588444	138.0	31	1.05	0.95				
	304	1	35.54856057263158	7.205789305263158	0.0	0.0	3	1.010775975963645	-15.457243874003778	138.0	31	1.05	0.95				
	305	1	34.10740271157894	6.725403351578947	0.0	0.0	3	1.0247124677002637	-16.549312348754523	138.0	31	1.05	0.95				
	306	1	65.33248970105264	13.450806703157895	0.0	-100.0	3	1.0395955307864797	-17.106342508347364	138.0	32	1.05	0.95				
	307	2	60.04824421052631	12.009648842105262	0.0	0.0	3	0.9924903546175788	-22.413776271422076	138.0	32	1.05	0.95				
	308	1	82.14599808	16.81350837894737	0.0	0.0	3	0.9969883199320928	-20.20294265388396	138.0	32	1.05	0.95				
	309	1	84.06754189473685	17.293894332631577	0.0	0.0	3	1.026248473483016	-12.406733081978953	138.0	33	1.05	0.95				
	310	1	93.67526096842104	19.21543814736842	0.0	0.0	3	1.05	-14.994164048775646	138.0	33	1.05	0.95				
	311	1	0.0	0.0	0.0	0.0	3	1.011094588722239	-9.106106512512854	230.0	33	1.05	0.95				
	312	1	0.0	0.0	0.0	0.0	3	1.0127356834923809	-8.737502919682367	230.0	33	1.05	0.95				
	313	2	127.30227772631576	25.94084149894737	0.0	0.0	3	1.012258046151197	-5.930669168168227	230.0	34	1.05	0.95				
	314	2	93.19487501473684	18.73505219368421	0.0	0.0	3	1.0152918027712108	-7.217959440086659	230.0	36	1.05	0.95				
	315	2	152.2823473178947	30.744701035789472	0.0	0.0	3	1.0398678514120054	-1.8047779785810327	230.0	36	1.05	0.95				
	316	2	48.03859536842105	9.60771907368421	0.0	0.0	3	1.0379156122809674	-1.6722455931321845	230.0	36	1.05	0.95				
	317	1	0.0	0.0	0.0	0.0	3	1.042206187418383	-0.059935309433459524	230.0	37	1.05	0.95				
	318	2	159.9685225768421	32.66624485052632	0.0	0.0	3	1.0423197144643896	0.15377059524270884	230.0	37	1.05	0.95				
	319	1	86.94985761684211	17.77428028631579	0.0	0.0	3	1.03199695127819	-2.9378869659807445	230.0	35	1.05	0.95				
	320	1	61.489402071578944	12.490034795789473	0.0	0.0	3	1.0305177599295823	-3.1185782705681975	230.0	35	1.05	0.95				
	321	2	0.0	0.0	0.0	0.0	3	1.045007598761105	0.9939107601674341	230.0	37	1.05	0.95				
	322	2	0.0	0.0	0.0	0.0	3	1.05	4.909023420472038	230.0	37	1.05	0.95				
	323	2	0.0	0.0	0.0	0.0	3	1.030462973173442	-2.85181612250943	230.0	35	1.05	0.95				
	324	1	0.0	0.0	0.0	0.0	3	1.0315749269264924	-3.892200995045734	230.0	36	1.05	0.95				
	325	1	0.0	0.0	0.0	0.0	3	1.0285595846727182	-1.7716754666542278	230.0	35	1.05	0.95				
];
